collection_time_utc,collection_time_local,run_id,timestamp_utc,timestamp_local,value,unit,country,entsoe_area,variable,source,updated_at_utc
2026-09-09T21:14:49Z,2026-09-09T23:14:49+0200,10f31b98-6743-4c4d-b432-fe9eed1d7b4b,2026-09-02T22:00:00Z,2026-09-03T00:00:00+0200,12531.692,MW,NL,NL,forecast_load,Forecasted Load,2026-09-09T21:17:39Z
2026-09-09T21:14:49Z,2026-09-09T23:14:49+0200,10f31b98-6743-4c4d-b432-fe9eed1d7b4b,2026-09-02T22:15:00Z,2026-09-03T00:15:00+0200,12511.516,MW,NL,NL,forecast_load,Forecasted Load,2026-09-09T21:17:39Z
2026-09-09T21:14:49Z,2026-09-09T23:14:49+0200,10f31b98-6743-4c4d-b432-fe9eed1d7b4b,2026-09-02T22:30:00Z,2026-09-03T00:30:00+0200,12341.946,MW,NL,NL,forecast_load,Forecasted Load,2026-09-09T21:17:39Z
2026-09-09T21:14:49Z,2026-09-09T23:14:49+0200,10f31b98-6743-4c4d-b432-fe9eed1d7b4b,2026-09-02T22:45:00Z,2026-09-03T00:45:00+0200,12162.591,MW,NL,NL,forecast_load,Forecasted Load,2026-09-09T21:17:39Z
2026-09-09T21:14:49Z,2026-09-09T23:14:49+0200,10f31b98-6743-4c4d-b432-fe9eed1d7b4b,2026-09-02T23:00:00Z,2026-09-03T01:00:00+0200,12013.665,MW,NL,NL,forecast_load,Forecasted Load,2026-09-09T21:17:39Z
2026-09-09T21:14:49Z,2026-09-09T23:14:49+0200,10f31b98-6743-4c4d-b432-fe9eed1d7b4b,2026-09-02T23:15:00Z,2026-09-03T01:15:00+0200,11944.09,MW,NL,NL,forecast_load,Forecasted Load,2026-09-09T21:17:39Z
2026-09-09T21:14:49Z,2026-09-09T23:14:49+0200,10f31b98-6743-4c4d-b432-fe9eed1d7b4b,2026-09-02T23:30:00Z,2026-09-03T01:30:00+0200,11915.03,MW,NL,NL,forecast_load,Forecasted Load,2026-09-09T21:17:39Z
2026-09-09T21:14:49Z,2026-09-09T23:14:49+0200,10f31b98-6743-4c4d-b432-fe9eed1d7b4b,2026-09-02T23:45:00Z,2026-09-03T01:45:00+0200,11840.052,MW,NL,NL,forecast_load,Forecasted Load,2026-09-09T21:17:39Z
2026-09-09T21:14:49Z,2026-09-09T23:14:49+0200,10f31b98-6743-4c4d-b432-fe9eed1d7b4b,2026-09-03T00:00:00Z,2026-09-03T02:00:00+0200,11718.392,MW,NL,NL,forecast_load,Forecasted Load,2026-09-09T21:17:39Z
2026-09-09T21:14:49Z,2026-09-09T23:14:49+0200,10f31b98-6743-4c4d-b432-fe9eed1d7b4b,2026-09-03T00:15:00Z,2026-09-03T02:15:00+0200,11637.973,MW,NL,NL,forecast_load,Forecasted Load,2026-09-09T21:17:39Z
2026-09-09T21:14:49Z,2026-09-09T23:14:49+0200,10f31b98-6743-4c4d-b432-fe9eed1d7b4b,2026-09-03T00:30:00Z,2026-09-03T02:30:00+0200,11543.175,MW,NL,NL,forecast_load,Forecasted Load,2026-09-09T21:17:39Z
2026-09-09T21:14:49Z,2026-09-09T23:14:49+0200,10f31b98-6743-4c4d-b432-fe9eed1d7b4b,2026-09-03T00:45:00Z,2026-09-03T02:45:00+0200,11479.056,MW,NL,NL,forecast_load,Forecasted Load,2026-09-09T21:17:39Z
2026-09-09T21:14:49Z,2026-09-09T23:14:49+0200,10f31b98-6743-4c4d-b432-fe9eed1d7b4b,2026-09-03T01:00:00Z,2026-09-03T03:00:00+0200,11427.026,MW,NL,NL,forecast_load,Forecasted Load,2026-09-09T21:17:39Z
2026-09-09T21:14:49Z,2026-09-09T23:14:49+0200,10f31b98-6743-4c4d-b432-fe9eed1d7b4b,2026-09-03T01:15:00Z,2026-09-03T03:15:00+0200,11385.047,MW,NL,NL,forecast_load,Forecasted Load,2026-09-09T21:17:39Z
2026-09-09T21:14:49Z,2026-09-09T23:14:49+0200,10f31b98-6743-4c4d-b432-fe9eed1d7b4b,2026-09-03T01:30:00Z,2026-09-03T03:30:00+0200,11340.626,MW,NL,NL,forecast_load,Forecasted Load,2026-09-09T21:17:39Z
2026-09-09T21:14:49Z,2026-09-09T23:14:49+0200,10f31b98-6743-4c4d-b432-fe9eed1d7b4b,2026-09-03T01:45:00Z,2026-09-03T03:45:00+0200,11296.901,MW,NL,NL,forecast_load,Forecasted Load,2026-09-09T21:17:39Z
2026-09-09T21:14:49Z,2026-09-09T23:14:49+0200,10f31b98-6743-4c4d-b432-fe9eed1d7b4b,2026-09-03T02:00:00Z,2026-09-03T04:00:00+0200,11302.556,MW,NL,NL,forecast_load,Forecasted Load,2026-09-09T21:17:39Z
2026-09-09T21:14:49Z,2026-09-09T23:14:49+0200,10f31b98-6743-4c4d-b432-fe9eed1d7b4b,2026-09-03T02:15:00Z,2026-09-03T04:15:00+0200,11241.491,MW,NL,NL,forecast_load,Forecasted Load,2026-09-09T21:17:39Z
2026-09-09T21:14:49Z,2026-09-09T23:14:49+0200,10f31b98-6743-4c4d-b432-fe9eed1d7b4b,2026-09-03T02:30:00Z,2026-09-03T04:30:00+0200,11162.274,MW,NL,NL,forecast_load,Forecasted Load,2026-09-09T21:17:39Z
2026-09-09T21:14:49Z,2026-09-09T23:14:49+0200,10f31b98-6743-4c4d-b432-fe9eed1d7b4b,2026-09-03T02:45:00Z,2026-09-03T04:45:00+0200,11130.143,MW,NL,NL,forecast_load,Forecasted Load,2026-09-09T21:17:39Z
2026-09-09T21:14:49Z,2026-09-09T23:14:49+0200,10f31b98-6743-4c4d-b432-fe9eed1d7b4b,2026-09-03T03:00:00Z,2026-09-03T05:00:00+0200,11076.453,MW,NL,NL,forecast_load,Forecasted Load,2026-09-09T21:17:39Z
2026-09-09T21:14:49Z,2026-09-09T23:14:49+0200,10f31b98-6743-4c4d-b432-fe9eed1d7b4b,2026-09-03T03:15:00Z,2026-09-03T05:15:00+0200,11060.496,MW,NL,NL,forecast_load,Forecasted Load,2026-09-09T21:17:39Z
2026-09-09T21:14:49Z,2026-09-09T23:14:49+0200,10f31b98-6743-4c4d-b432-fe9eed1d7b4b,2026-09-03T03:30:00Z,2026-09-03T05:30:00+0200,11075.863,MW,NL,NL,forecast_load,Forecasted Load,2026-09-09T21:17:39Z
2026-09-09T21:14:49Z,2026-09-09T23:14:49+0200,10f31b98-6743-4c4d-b432-fe9eed1d7b4b,2026-09-03T03:45:00Z,2026-09-03T05:45:00+0200,11159.654,MW,NL,NL,forecast_load,Forecasted Load,2026-09-09T21:17:39Z
2026-09-09T21:14:49Z,2026-09-09T23:14:49+0200,10f31b98-6743-4c4d-b432-fe9eed1d7b4b,2026-09-03T04:00:00Z,2026-09-03T06:00:00+0200,11236.339,MW,NL,NL,forecast_load,Forecasted Load,2026-09-09T21:17:39Z
2026-09-09T21:14:49Z,2026-09-09T23:14:49+0200,10f31b98-6743-4c4d-b432-fe9eed1d7b4b,2026-09-03T04:15:00Z,2026-09-03T06:15:00+0200,11257.893,MW,NL,NL,forecast_load,Forecasted Load,2026-09-09T21:17:39Z
2026-09-09T21:14:49Z,2026-09-09T23:14:49+0200,10f31b98-6743-4c4d-b432-fe9eed1d7b4b,2026-09-03T04:30:00Z,2026-09-03T06:30:00+0200,11213.59,MW,NL,NL,forecast_load,Forecasted Load,2026-09-09T21:17:39Z
2026-09-09T21:14:49Z,2026-09-09T23:14:49+0200,10f31b98-6743-4c4d-b432-fe9eed1d7b4b,2026-09-03T04:45:00Z,2026-09-03T06:45:00+0200,11331.787,MW,NL,NL,forecast_load,Forecasted Load,2026-09-09T21:17:39Z
2026-09-09T21:14:49Z,2026-09-09T23:14:49+0200,10f31b98-6743-4c4d-b432-fe9eed1d7b4b,2026-09-03T05:00:00Z,2026-09-03T07:00:00+0200,11484.079,MW,NL,NL,forecast_load,Forecasted Load,2026-09-09T21:17:39Z
2026-09-09T21:14:49Z,2026-09-09T23:14:49+0200,10f31b98-6743-4c4d-b432-fe9eed1d7b4b,2026-09-03T05:15:00Z,2026-09-03T07:15:00+0200,11468.592,MW,NL,NL,forecast_load,Forecasted Load,2026-09-09T21:17:39Z
2026-09-09T21:14:49Z,2026-09-09T23:14:49+0200,10f31b98-6743-4c4d-b432-fe9eed1d7b4b,2026-09-03T05:30:00Z,2026-09-03T07:30:00+0200,11484.697,MW,NL,NL,forecast_load,Forecasted Load,2026-09-09T21:17:39Z
2026-09-09T21:14:49Z,2026-09-09T23:14:49+0200,10f31b98-6743-4c4d-b432-fe9eed1d7b4b,2026-09-03T05:45:00Z,2026-09-03T07:45:00+0200,11686.834,MW,NL,NL,forecast_load,Forecasted Load,2026-09-09T21:17:39Z
2026-09-09T21:14:49Z,2026-09-09T23:14:49+0200,10f31b98-6743-4c4d-b432-fe9eed1d7b4b,2026-09-03T06:00:00Z,2026-09-03T08:00:00+0200,11860.334,MW,NL,NL,forecast_load,Forecasted Load,2026-09-09T21:17:39Z
2026-09-09T21:14:49Z,2026-09-09T23:14:49+0200,10f31b98-6743-4c4d-b432-fe9eed1d7b4b,2026-09-03T06:15:00Z,2026-09-03T08:15:00+0200,11793.333,MW,NL,NL,forecast_load,Forecasted Load,2026-09-09T21:17:39Z
2026-09-09T21:14:49Z,2026-09-09T23:14:49+0200,10f31b98-6743-4c4d-b432-fe9eed1d7b4b,2026-09-03T06:30:00Z,2026-09-03T08:30:00+0200,11740.61,MW,NL,NL,forecast_load,Forecasted Load,2026-09-09T21:17:39Z
2026-09-09T21:14:49Z,2026-09-09T23:14:49+0200,10f31b98-6743-4c4d-b432-fe9eed1d7b4b,2026-09-03T06:45:00Z,2026-09-03T08:45:00+0200,11603.917,MW,NL,NL,forecast_load,Forecasted Load,2026-09-09T21:17:39Z
2026-09-09T21:14:49Z,2026-09-09T23:14:49+0200,10f31b98-6743-4c4d-b432-fe9eed1d7b4b,2026-09-03T07:00:00Z,2026-09-03T09:00:00+0200,11389.606,MW,NL,NL,forecast_load,Forecasted Load,2026-09-09T21:17:39Z
2026-09-09T21:14:49Z,2026-09-09T23:14:49+0200,10f31b98-6743-4c4d-b432-fe9eed1d7b4b,2026-09-03T07:15:00Z,2026-09-03T09:15:00+0200,11147.852,MW,NL,NL,forecast_load,Forecasted Load,2026-09-09T21:17:39Z
2026-09-09T21:14:49Z,2026-09-09T23:14:49+0200,10f31b98-6743-4c4d-b432-fe9eed1d7b4b,2026-09-03T07:30:00Z,2026-09-03T09:30:00+0200,10917.824,MW,NL,NL,forecast_load,Forecasted Load,2026-09-09T21:17:39Z
2026-09-09T21:14:49Z,2026-09-09T23:14:49+0200,10f31b98-6743-4c4d-b432-fe9eed1d7b4b,2026-09-03T07:45:00Z,2026-09-03T09:45:00+0200,10598.027,MW,NL,NL,forecast_load,Forecasted Load,2026-09-09T21:17:39Z
2026-09-09T21:14:49Z,2026-09-09T23:14:49+0200,10f31b98-6743-4c4d-b432-fe9eed1d7b4b,2026-09-03T08:00:00Z,2026-09-03T10:00:00+0200,10428.887,MW,NL,NL,forecast_load,Forecasted Load,2026-09-09T21:17:39Z
2026-09-09T21:14:49Z,2026-09-09T23:14:49+0200,10f31b98-6743-4c4d-b432-fe9eed1d7b4b,2026-09-03T08:15:00Z,2026-09-03T10:15:00+0200,10192.314,MW,NL,NL,forecast_load,Forecasted Load,2026-09-09T21:17:39Z
2026-09-09T21:14:49Z,2026-09-09T23:14:49+0200,10f31b98-6743-4c4d-b432-fe9eed1d7b4b,2026-09-03T08:30:00Z,2026-09-03T10:30:00+0200,9984.528,MW,NL,NL,forecast_load,Forecasted Load,2026-09-09T21:17:39Z
2026-09-09T21:14:49Z,2026-09-09T23:14:49+0200,10f31b98-6743-4c4d-b432-fe9eed1d7b4b,2026-09-03T08:45:00Z,2026-09-03T10:45:00+0200,9881.811,MW,NL,NL,forecast_load,Forecasted Load,2026-09-09T21:17:39Z
2026-09-09T21:14:49Z,2026-09-09T23:14:49+0200,10f31b98-6743-4c4d-b432-fe9eed1d7b4b,2026-09-03T09:00:00Z,2026-09-03T11:00:00+0200,9778.242,MW,NL,NL,forecast_load,Forecasted Load,2026-09-09T21:17:39Z
2026-09-09T21:14:49Z,2026-09-09T23:14:49+0200,10f31b98-6743-4c4d-b432-fe9eed1d7b4b,2026-09-03T09:15:00Z,2026-09-03T11:15:00+0200,9632.837,MW,NL,NL,forecast_load,Forecasted Load,2026-09-09T21:17:39Z
2026-09-09T21:14:49Z,2026-09-09T23:14:49+0200,10f31b98-6743-4c4d-b432-fe9eed1d7b4b,2026-09-03T09:30:00Z,2026-09-03T11:30:00+0200,9608.486,MW,NL,NL,forecast_load,Forecasted Load,2026-09-09T21:17:39Z
2026-09-09T21:14:49Z,2026-09-09T23:14:49+0200,10f31b98-6743-4c4d-b432-fe9eed1d7b4b,2026-09-03T09:45:00Z,2026-09-03T11:45:00+0200,9665.77,MW,NL,NL,forecast_load,Forecasted Load,2026-09-09T21:17:39Z
2026-09-09T21:14:49Z,2026-09-09T23:14:49+0200,10f31b98-6743-4c4d-b432-fe9eed1d7b4b,2026-09-03T10:00:00Z,2026-09-03T12:00:00+0200,9640.233,MW,NL,NL,forecast_load,Forecasted Load,2026-09-09T21:17:39Z
2026-09-09T21:14:49Z,2026-09-09T23:14:49+0200,10f31b98-6743-4c4d-b432-fe9eed1d7b4b,2026-09-03T10:15:00Z,2026-09-03T12:15:00+0200,9686.232,MW,NL,NL,forecast_load,Forecasted Load,2026-09-09T21:17:39Z
2026-09-09T21:14:49Z,2026-09-09T23:14:49+0200,10f31b98-6743-4c4d-b432-fe9eed1d7b4b,2026-09-03T10:30:00Z,2026-09-03T12:30:00+0200,9727.191,MW,NL,NL,forecast_load,Forecasted Load,2026-09-09T21:17:39Z
2026-09-09T21:14:49Z,2026-09-09T23:14:49+0200,10f31b98-6743-4c4d-b432-fe9eed1d7b4b,2026-09-03T10:45:00Z,2026-09-03T12:45:00+0200,9600.061,MW,NL,NL,forecast_load,Forecasted Load,2026-09-09T21:17:39Z
2026-09-09T21:14:49Z,2026-09-09T23:14:49+0200,10f31b98-6743-4c4d-b432-fe9eed1d7b4b,2026-09-03T11:00:00Z,2026-09-03T13:00:00+0200,9575.438,MW,NL,NL,forecast_load,Forecasted Load,2026-09-09T21:17:39Z
2026-09-09T21:14:49Z,2026-09-09T23:14:49+0200,10f31b98-6743-4c4d-b432-fe9eed1d7b4b,2026-09-03T11:15:00Z,2026-09-03T13:15:00+0200,9530.047,MW,NL,NL,forecast_load,Forecasted Load,2026-09-09T21:17:39Z
2026-09-09T21:14:49Z,2026-09-09T23:14:49+0200,10f31b98-6743-4c4d-b432-fe9eed1d7b4b,2026-09-03T11:30:00Z,2026-09-03T13:30:00+0200,9645.12,MW,NL,NL,forecast_load,Forecasted Load,2026-09-09T21:17:39Z
2026-09-09T21:14:49Z,2026-09-09T23:14:49+0200,10f31b98-6743-4c4d-b432-fe9eed1d7b4b,2026-09-03T11:45:00Z,2026-09-03T13:45:00+0200,9656.29,MW,NL,NL,forecast_load,Forecasted Load,2026-09-09T21:17:39Z
2026-09-09T21:14:49Z,2026-09-09T23:14:49+0200,10f31b98-6743-4c4d-b432-fe9eed1d7b4b,2026-09-03T12:00:00Z,2026-09-03T14:00:00+0200,9562.203,MW,NL,NL,forecast_load,Forecasted Load,2026-09-09T21:17:39Z
2026-09-09T21:14:49Z,2026-09-09T23:14:49+0200,10f31b98-6743-4c4d-b432-fe9eed1d7b4b,2026-09-03T12:15:00Z,2026-09-03T14:15:00+0200,9268.117,MW,NL,NL,forecast_load,Forecasted Load,2026-09-09T21:17:39Z
2026-09-09T21:14:49Z,2026-09-09T23:14:49+0200,10f31b98-6743-4c4d-b432-fe9eed1d7b4b,2026-09-03T12:30:00Z,2026-09-03T14:30:00+0200,9160.715,MW,NL,NL,forecast_load,Forecasted Load,2026-09-09T21:17:39Z
2026-09-09T21:14:49Z,2026-09-09T23:14:49+0200,10f31b98-6743-4c4d-b432-fe9eed1d7b4b,2026-09-03T12:45:00Z,2026-09-03T14:45:00+0200,9156.545,MW,NL,NL,forecast_load,Forecasted Load,2026-09-09T21:17:39Z
2026-09-09T21:14:49Z,2026-09-09T23:14:49+0200,10f31b98-6743-4c4d-b432-fe9eed1d7b4b,2026-09-03T13:00:00Z,2026-09-03T15:00:00+0200,9155.518,MW,NL,NL,forecast_load,Forecasted Load,2026-09-09T21:17:39Z
2026-09-09T21:14:49Z,2026-09-09T23:14:49+0200,10f31b98-6743-4c4d-b432-fe9eed1d7b4b,2026-09-03T13:15:00Z,2026-09-03T15:15:00+0200,9498.541,MW,NL,NL,forecast_load,Forecasted Load,2026-09-09T21:17:39Z
2026-09-09T21:14:49Z,2026-09-09T23:14:49+0200,10f31b98-6743-4c4d-b432-fe9eed1d7b4b,2026-09-03T13:30:00Z,2026-09-03T15:30:00+0200,9365.78,MW,NL,NL,forecast_load,Forecasted Load,2026-09-09T21:17:39Z
2026-09-09T21:14:49Z,2026-09-09T23:14:49+0200,10f31b98-6743-4c4d-b432-fe9eed1d7b4b,2026-09-03T13:45:00Z,2026-09-03T15:45:00+0200,9392.439,MW,NL,NL,forecast_load,Forecasted Load,2026-09-09T21:17:39Z
2026-09-09T21:14:49Z,2026-09-09T23:14:49+0200,10f31b98-6743-4c4d-b432-fe9eed1d7b4b,2026-09-03T14:00:00Z,2026-09-03T16:00:00+0200,9745.854,MW,NL,NL,forecast_load,Forecasted Load,2026-09-09T21:17:39Z
2026-09-09T21:14:49Z,2026-09-09T23:14:49+0200,10f31b98-6743-4c4d-b432-fe9eed1d7b4b,2026-09-03T14:15:00Z,2026-09-03T16:15:00+0200,9781.377,MW,NL,NL,forecast_load,Forecasted Load,2026-09-09T21:17:39Z
2026-09-09T21:14:49Z,2026-09-09T23:14:49+0200,10f31b98-6743-4c4d-b432-fe9eed1d7b4b,2026-09-03T14:30:00Z,2026-09-03T16:30:00+0200,9938.131,MW,NL,NL,forecast_load,Forecasted Load,2026-09-09T21:17:39Z
2026-09-09T21:14:49Z,2026-09-09T23:14:49+0200,10f31b98-6743-4c4d-b432-fe9eed1d7b4b,2026-09-03T14:45:00Z,2026-09-03T16:45:00+0200,10145.132,MW,NL,NL,forecast_load,Forecasted Load,2026-09-09T21:17:39Z
2026-09-09T21:14:49Z,2026-09-09T23:14:49+0200,10f31b98-6743-4c4d-b432-fe9eed1d7b4b,2026-09-03T15:00:00Z,2026-09-03T17:00:00+0200,10437.12,MW,NL,NL,forecast_load,Forecasted Load,2026-09-09T21:17:39Z
2026-09-09T21:14:49Z,2026-09-09T23:14:49+0200,10f31b98-6743-4c4d-b432-fe9eed1d7b4b,2026-09-03T15:15:00Z,2026-09-03T17:15:00+0200,10944.018,MW,NL,NL,forecast_load,Forecasted Load,2026-09-09T21:17:39Z
2026-09-09T21:14:49Z,2026-09-09T23:14:49+0200,10f31b98-6743-4c4d-b432-fe9eed1d7b4b,2026-09-03T15:30:00Z,2026-09-03T17:30:00+0200,11240.586,MW,NL,NL,forecast_load,Forecasted Load,2026-09-09T21:17:39Z
2026-09-09T21:14:49Z,2026-09-09T23:14:49+0200,10f31b98-6743-4c4d-b432-fe9eed1d7b4b,2026-09-03T15:45:00Z,2026-09-03T17:45:00+0200,11594.016,MW,NL,NL,forecast_load,Forecasted Load,2026-09-09T21:17:39Z
2026-09-09T21:14:49Z,2026-09-09T23:14:49+0200,10f31b98-6743-4c4d-b432-fe9eed1d7b4b,2026-09-03T16:00:00Z,2026-09-03T18:00:00+0200,11761.011,MW,NL,NL,forecast_load,Forecasted Load,2026-09-09T21:17:39Z
2026-09-09T21:14:49Z,2026-09-09T23:14:49+0200,10f31b98-6743-4c4d-b432-fe9eed1d7b4b,2026-09-03T16:15:00Z,2026-09-03T18:15:00+0200,12080.934,MW,NL,NL,forecast_load,Forecasted Load,2026-09-09T21:17:39Z
2026-09-09T21:14:49Z,2026-09-09T23:14:49+0200,10f31b98-6743-4c4d-b432-fe9eed1d7b4b,2026-09-03T16:30:00Z,2026-09-03T18:30:00+0200,12177.256,MW,NL,NL,forecast_load,Forecasted Load,2026-09-09T21:17:39Z
2026-09-09T21:14:49Z,2026-09-09T23:14:49+0200,10f31b98-6743-4c4d-b432-fe9eed1d7b4b,2026-09-03T16:45:00Z,2026-09-03T18:45:00+0200,12222.636,MW,NL,NL,forecast_load,Forecasted Load,2026-09-09T21:17:39Z
2026-09-09T21:14:49Z,2026-09-09T23:14:49+0200,10f31b98-6743-4c4d-b432-fe9eed1d7b4b,2026-09-03T17:00:00Z,2026-09-03T19:00:00+0200,12213.816,MW,NL,NL,forecast_load,Forecasted Load,2026-09-09T21:17:39Z
2026-09-09T21:14:49Z,2026-09-09T23:14:49+0200,10f31b98-6743-4c4d-b432-fe9eed1d7b4b,2026-09-03T17:15:00Z,2026-09-03T19:15:00+0200,12383.012,MW,NL,NL,forecast_load,Forecasted Load,2026-09-09T21:17:39Z
2026-09-09T21:14:49Z,2026-09-09T23:14:49+0200,10f31b98-6743-4c4d-b432-fe9eed1d7b4b,2026-09-03T17:30:00Z,2026-09-03T19:30:00+0200,12632.417,MW,NL,NL,forecast_load,Forecasted Load,2026-09-09T21:17:39Z
2026-09-09T21:14:49Z,2026-09-09T23:14:49+0200,10f31b98-6743-4c4d-b432-fe9eed1d7b4b,2026-09-03T17:45:00Z,2026-09-03T19:45:00+0200,12755.744,MW,NL,NL,forecast_load,Forecasted Load,2026-09-09T21:17:39Z
2026-09-09T21:14:49Z,2026-09-09T23:14:49+0200,10f31b98-6743-4c4d-b432-fe9eed1d7b4b,2026-09-03T18:00:00Z,2026-09-03T20:00:00+0200,12862.759,MW,NL,NL,forecast_load,Forecasted Load,2026-09-09T21:17:39Z
2026-09-09T21:14:49Z,2026-09-09T23:14:49+0200,10f31b98-6743-4c4d-b432-fe9eed1d7b4b,2026-09-03T18:15:00Z,2026-09-03T20:15:00+0200,12940.242,MW,NL,NL,forecast_load,Forecasted Load,2026-09-09T21:17:39Z
2026-09-09T21:14:49Z,2026-09-09T23:14:49+0200,10f31b98-6743-4c4d-b432-fe9eed1d7b4b,2026-09-03T18:30:00Z,2026-09-03T20:30:00+0200,13023.861,MW,NL,NL,forecast_load,Forecasted Load,2026-09-09T21:17:39Z
2026-09-09T21:14:49Z,2026-09-09T23:14:49+0200,10f31b98-6743-4c4d-b432-fe9eed1d7b4b,2026-09-03T18:45:00Z,2026-09-03T20:45:00+0200,13070.56,MW,NL,NL,forecast_load,Forecasted Load,2026-09-09T21:17:39Z
2026-09-09T21:14:49Z,2026-09-09T23:14:49+0200,10f31b98-6743-4c4d-b432-fe9eed1d7b4b,2026-09-03T19:00:00Z,2026-09-03T21:00:00+0200,13111.375,MW,NL,NL,forecast_load,Forecasted Load,2026-09-09T21:17:39Z
2026-09-09T21:14:49Z,2026-09-09T23:14:49+0200,10f31b98-6743-4c4d-b432-fe9eed1d7b4b,2026-09-03T19:15:00Z,2026-09-03T21:15:00+0200,13003.024,MW,NL,NL,forecast_load,Forecasted Load,2026-09-09T21:17:39Z
2026-09-09T21:14:49Z,2026-09-09T23:14:49+0200,10f31b98-6743-4c4d-b432-fe9eed1d7b4b,2026-09-03T19:30:00Z,2026-09-03T21:30:00+0200,12921.178,MW,NL,NL,forecast_load,Forecasted Load,2026-09-09T21:17:39Z
2026-09-09T21:14:49Z,2026-09-09T23:14:49+0200,10f31b98-6743-4c4d-b432-fe9eed1d7b4b,2026-09-03T19:45:00Z,2026-09-03T21:45:00+0200,12910.41,MW,NL,NL,forecast_load,Forecasted Load,2026-09-09T21:17:39Z
2026-09-09T21:14:49Z,2026-09-09T23:14:49+0200,10f31b98-6743-4c4d-b432-fe9eed1d7b4b,2026-09-03T20:00:00Z,2026-09-03T22:00:00+0200,12828.199,MW,NL,NL,forecast_load,Forecasted Load,2026-09-09T21:17:39Z
2026-09-09T21:14:49Z,2026-09-09T23:14:49+0200,10f31b98-6743-4c4d-b432-fe9eed1d7b4b,2026-09-03T20:15:00Z,2026-09-03T22:15:00+0200,12728.419,MW,NL,NL,forecast_load,Forecasted Load,2026-09-09T21:17:39Z
2026-09-09T21:14:49Z,2026-09-09T23:14:49+0200,10f31b98-6743-4c4d-b432-fe9eed1d7b4b,2026-09-03T20:30:00Z,2026-09-03T22:30:00+0200,12460.407,MW,NL,NL,forecast_load,Forecasted Load,2026-09-09T21:17:39Z
2026-09-09T21:14:49Z,2026-09-09T23:14:49+0200,10f31b98-6743-4c4d-b432-fe9eed1d7b4b,2026-09-03T20:45:00Z,2026-09-03T22:45:00+0200,12159.431,MW,NL,NL,forecast_load,Forecasted Load,2026-09-09T21:17:39Z
2026-09-09T21:14:49Z,2026-09-09T23:14:49+0200,10f31b98-6743-4c4d-b432-fe9eed1d7b4b,2026-09-03T21:00:00Z,2026-09-03T23:00:00+0200,12112.028,MW,NL,NL,forecast_load,Forecasted Load,2026-09-09T21:17:39Z
2026-09-09T21:14:49Z,2026-09-09T23:14:49+0200,10f31b98-6743-4c4d-b432-fe9eed1d7b4b,2026-09-03T21:15:00Z,2026-09-03T23:15:00+0200,11903.609,MW,NL,NL,forecast_load,Forecasted Load,2026-09-09T21:17:39Z
2026-09-09T21:14:49Z,2026-09-09T23:14:49+0200,10f31b98-6743-4c4d-b432-fe9eed1d7b4b,2026-09-03T21:30:00Z,2026-09-03T23:30:00+0200,12015.268,MW,NL,NL,forecast_load,Forecasted Load,2026-09-09T21:17:39Z
2026-09-09T21:14:49Z,2026-09-09T23:14:49+0200,10f31b98-6743-4c4d-b432-fe9eed1d7b4b,2026-09-03T21:45:00Z,2026-09-03T23:45:00+0200,11873.551,MW,NL,NL,forecast_load,Forecasted Load,2026-09-09T21:17:39Z
2026-09-09T21:14:49Z,2026-09-09T23:14:49+0200,10f31b98-6743-4c4d-b432-fe9eed1d7b4b,2026-09-03T22:00:00Z,2026-09-04T00:00:00+0200,11852.05,MW,NL,NL,forecast_load,Forecasted Load,2026-09-09T21:17:39Z
2026-09-09T21:14:49Z,2026-09-09T23:14:49+0200,10f31b98-6743-4c4d-b432-fe9eed1d7b4b,2026-09-03T22:15:00Z,2026-09-04T00:15:00+0200,11848.123,MW,NL,NL,forecast_load,Forecasted Load,2026-09-09T21:17:39Z
2026-09-09T21:14:49Z,2026-09-09T23:14:49+0200,10f31b98-6743-4c4d-b432-fe9eed1d7b4b,2026-09-03T22:30:00Z,2026-09-04T00:30:00+0200,11910.579,MW,NL,NL,forecast_load,Forecasted Load,2026-09-09T21:17:39Z
2026-09-09T21:14:49Z,2026-09-09T23:14:49+0200,10f31b98-6743-4c4d-b432-fe9eed1d7b4b,2026-09-03T22:45:00Z,2026-09-04T00:45:00+0200,11905.309,MW,NL,NL,forecast_load,Forecasted Load,2026-09-09T21:17:39Z
2026-09-09T21:14:49Z,2026-09-09T23:14:49+0200,10f31b98-6743-4c4d-b432-fe9eed1d7b4b,2026-09-03T23:00:00Z,2026-09-04T01:00:00+0200,11823.295,MW,NL,NL,forecast_load,Forecasted Load,2026-09-09T21:17:39Z
2026-09-09T21:14:49Z,2026-09-09T23:14:49+0200,10f31b98-6743-4c4d-b432-fe9eed1d7b4b,2026-09-03T23:15:00Z,2026-09-04T01:15:00+0200,11731.814,MW,NL,NL,forecast_load,Forecasted Load,2026-09-09T21:17:39Z
2026-09-09T21:14:49Z,2026-09-09T23:14:49+0200,10f31b98-6743-4c4d-b432-fe9eed1d7b4b,2026-09-03T23:30:00Z,2026-09-04T01:30:00+0200,11661.679,MW,NL,NL,forecast_load,Forecasted Load,2026-09-09T21:17:39Z
2026-09-09T21:14:49Z,2026-09-09T23:14:49+0200,10f31b98-6743-4c4d-b432-fe9eed1d7b4b,2026-09-03T23:45:00Z,2026-09-04T01:45:00+0200,11550.767,MW,NL,NL,forecast_load,Forecasted Load,2026-09-09T21:17:39Z
2026-09-09T21:14:49Z,2026-09-09T23:14:49+0200,10f31b98-6743-4c4d-b432-fe9eed1d7b4b,2026-09-04T00:00:00Z,2026-09-04T02:00:00+0200,11503.441,MW,NL,NL,forecast_load,Forecasted Load,2026-09-09T21:17:39Z
2026-09-09T21:14:49Z,2026-09-09T23:14:49+0200,10f31b98-6743-4c4d-b432-fe9eed1d7b4b,2026-09-04T00:15:00Z,2026-09-04T02:15:00+0200,11425.68,MW,NL,NL,forecast_load,Forecasted Load,2026-09-09T21:17:39Z
2026-09-09T21:14:49Z,2026-09-09T23:14:49+0200,10f31b98-6743-4c4d-b432-fe9eed1d7b4b,2026-09-04T00:30:00Z,2026-09-04T02:30:00+0200,11370.981,MW,NL,NL,forecast_load,Forecasted Load,2026-09-09T21:17:39Z
2026-09-09T21:14:49Z,2026-09-09T23:14:49+0200,10f31b98-6743-4c4d-b432-fe9eed1d7b4b,2026-09-04T00:45:00Z,2026-09-04T02:45:00+0200,11358.307,MW,NL,NL,forecast_load,Forecasted Load,2026-09-09T21:17:39Z
2026-09-09T21:14:49Z,2026-09-09T23:14:49+0200,10f31b98-6743-4c4d-b432-fe9eed1d7b4b,2026-09-04T01:00:00Z,2026-09-04T03:00:00+0200,11389.855,MW,NL,NL,forecast_load,Forecasted Load,2026-09-09T21:17:39Z
2026-09-09T21:14:49Z,2026-09-09T23:14:49+0200,10f31b98-6743-4c4d-b432-fe9eed1d7b4b,2026-09-04T01:15:00Z,2026-09-04T03:15:00+0200,11399.284,MW,NL,NL,forecast_load,Forecasted Load,2026-09-09T21:17:39Z
2026-09-09T21:14:49Z,2026-09-09T23:14:49+0200,10f31b98-6743-4c4d-b432-fe9eed1d7b4b,2026-09-04T01:30:00Z,2026-09-04T03:30:00+0200,11346.28,MW,NL,NL,forecast_load,Forecasted Load,2026-09-09T21:17:39Z
2026-09-09T21:14:49Z,2026-09-09T23:14:49+0200,10f31b98-6743-4c4d-b432-fe9eed1d7b4b,2026-09-04T01:45:00Z,2026-09-04T03:45:00+0200,11336.169,MW,NL,NL,forecast_load,Forecasted Load,2026-09-09T21:17:39Z
2026-09-09T21:14:49Z,2026-09-09T23:14:49+0200,10f31b98-6743-4c4d-b432-fe9eed1d7b4b,2026-09-04T02:00:00Z,2026-09-04T04:00:00+0200,11340.257,MW,NL,NL,forecast_load,Forecasted Load,2026-09-09T21:17:39Z
2026-09-09T21:14:49Z,2026-09-09T23:14:49+0200,10f31b98-6743-4c4d-b432-fe9eed1d7b4b,2026-09-04T02:15:00Z,2026-09-04T04:15:00+0200,11239.403,MW,NL,NL,forecast_load,Forecasted Load,2026-09-09T21:17:39Z
2026-09-09T21:14:49Z,2026-09-09T23:14:49+0200,10f31b98-6743-4c4d-b432-fe9eed1d7b4b,2026-09-04T02:30:00Z,2026-09-04T04:30:00+0200,11235.225,MW,NL,NL,forecast_load,Forecasted Load,2026-09-09T21:17:39Z
2026-09-09T21:14:49Z,2026-09-09T23:14:49+0200,10f31b98-6743-4c4d-b432-fe9eed1d7b4b,2026-09-04T02:45:00Z,2026-09-04T04:45:00+0200,11224.111,MW,NL,NL,forecast_load,Forecasted Load,2026-09-09T21:17:39Z
2026-09-09T21:14:49Z,2026-09-09T23:14:49+0200,10f31b98-6743-4c4d-b432-fe9eed1d7b4b,2026-09-04T03:00:00Z,2026-09-04T05:00:00+0200,11269.268,MW,NL,NL,forecast_load,Forecasted Load,2026-09-09T21:17:39Z
2026-09-09T21:14:49Z,2026-09-09T23:14:49+0200,10f31b98-6743-4c4d-b432-fe9eed1d7b4b,2026-09-04T03:15:00Z,2026-09-04T05:15:00+0200,11295.19,MW,NL,NL,forecast_load,Forecasted Load,2026-09-09T21:17:39Z
2026-09-09T21:14:49Z,2026-09-09T23:14:49+0200,10f31b98-6743-4c4d-b432-fe9eed1d7b4b,2026-09-04T03:30:00Z,2026-09-04T05:30:00+0200,11326.989,MW,NL,NL,forecast_load,Forecasted Load,2026-09-09T21:17:39Z
2026-09-09T21:14:49Z,2026-09-09T23:14:49+0200,10f31b98-6743-4c4d-b432-fe9eed1d7b4b,2026-09-04T03:45:00Z,2026-09-04T05:45:00+0200,11381.003,MW,NL,NL,forecast_load,Forecasted Load,2026-09-09T21:17:39Z
2026-09-09T21:14:49Z,2026-09-09T23:14:49+0200,10f31b98-6743-4c4d-b432-fe9eed1d7b4b,2026-09-04T04:00:00Z,2026-09-04T06:00:00+0200,11387.462,MW,NL,NL,forecast_load,Forecasted Load,2026-09-09T21:17:39Z
2026-09-09T21:14:49Z,2026-09-09T23:14:49+0200,10f31b98-6743-4c4d-b432-fe9eed1d7b4b,2026-09-04T04:15:00Z,2026-09-04T06:15:00+0200,11427.127,MW,NL,NL,forecast_load,Forecasted Load,2026-09-09T21:17:39Z
2026-09-09T21:14:49Z,2026-09-09T23:14:49+0200,10f31b98-6743-4c4d-b432-fe9eed1d7b4b,2026-09-04T04:30:00Z,2026-09-04T06:30:00+0200,11373.528,MW,NL,NL,forecast_load,Forecasted Load,2026-09-09T21:17:39Z
2026-09-09T21:14:49Z,2026-09-09T23:14:49+0200,10f31b98-6743-4c4d-b432-fe9eed1d7b4b,2026-09-04T04:45:00Z,2026-09-04T06:45:00+0200,11455.015,MW,NL,NL,forecast_load,Forecasted Load,2026-09-09T21:17:39Z
2026-09-09T21:14:49Z,2026-09-09T23:14:49+0200,10f31b98-6743-4c4d-b432-fe9eed1d7b4b,2026-09-04T05:00:00Z,2026-09-04T07:00:00+0200,11754.458,MW,NL,NL,forecast_load,Forecasted Load,2026-09-09T21:17:39Z
2026-09-09T21:14:49Z,2026-09-09T23:14:49+0200,10f31b98-6743-4c4d-b432-fe9eed1d7b4b,2026-09-04T05:15:00Z,2026-09-04T07:15:00+0200,11903.776,MW,NL,NL,forecast_load,Forecasted Load,2026-09-09T21:17:39Z
2026-09-09T21:14:49Z,2026-09-09T23:14:49+0200,10f31b98-6743-4c4d-b432-fe9eed1d7b4b,2026-09-04T05:30:00Z,2026-09-04T07:30:00+0200,12062.129,MW,NL,NL,forecast_load,Forecasted Load,2026-09-09T21:17:39Z
2026-09-09T21:14:49Z,2026-09-09T23:14:49+0200,10f31b98-6743-4c4d-b432-fe9eed1d7b4b,2026-09-04T05:45:00Z,2026-09-04T07:45:00+0200,12061.265,MW,NL,NL,forecast_load,Forecasted Load,2026-09-09T21:17:39Z
2026-09-09T21:14:49Z,2026-09-09T23:14:49+0200,10f31b98-6743-4c4d-b432-fe9eed1d7b4b,2026-09-04T06:00:00Z,2026-09-04T08:00:00+0200,12112.095,MW,NL,NL,forecast_load,Forecasted Load,2026-09-09T21:17:39Z
2026-09-09T21:14:49Z,2026-09-09T23:14:49+0200,10f31b98-6743-4c4d-b432-fe9eed1d7b4b,2026-09-04T06:15:00Z,2026-09-04T08:15:00+0200,12029.797,MW,NL,NL,forecast_load,Forecasted Load,2026-09-09T21:17:39Z
2026-09-09T21:14:49Z,2026-09-09T23:14:49+0200,10f31b98-6743-4c4d-b432-fe9eed1d7b4b,2026-09-04T06:30:00Z,2026-09-04T08:30:00+0200,11956.088,MW,NL,NL,forecast_load,Forecasted Load,2026-09-09T21:17:39Z
2026-09-09T21:14:49Z,2026-09-09T23:14:49+0200,10f31b98-6743-4c4d-b432-fe9eed1d7b4b,2026-09-04T06:45:00Z,2026-09-04T08:45:00+0200,11870.801,MW,NL,NL,forecast_load,Forecasted Load,2026-09-09T21:17:39Z
2026-09-09T21:14:49Z,2026-09-09T23:14:49+0200,10f31b98-6743-4c4d-b432-fe9eed1d7b4b,2026-09-04T07:00:00Z,2026-09-04T09:00:00+0200,11688.384,MW,NL,NL,forecast_load,Forecasted Load,2026-09-09T21:17:39Z
2026-09-09T21:14:49Z,2026-09-09T23:14:49+0200,10f31b98-6743-4c4d-b432-fe9eed1d7b4b,2026-09-04T07:15:00Z,2026-09-04T09:15:00+0200,11452.816,MW,NL,NL,forecast_load,Forecasted Load,2026-09-09T21:17:39Z
2026-09-09T21:14:49Z,2026-09-09T23:14:49+0200,10f31b98-6743-4c4d-b432-fe9eed1d7b4b,2026-09-04T07:30:00Z,2026-09-04T09:30:00+0200,11278.154,MW,NL,NL,forecast_load,Forecasted Load,2026-09-09T21:17:39Z
2026-09-09T21:14:49Z,2026-09-09T23:14:49+0200,10f31b98-6743-4c4d-b432-fe9eed1d7b4b,2026-09-04T07:45:00Z,2026-09-04T09:45:00+0200,11070.324,MW,NL,NL,forecast_load,Forecasted Load,2026-09-09T21:17:39Z
2026-09-09T21:14:49Z,2026-09-09T23:14:49+0200,10f31b98-6743-4c4d-b432-fe9eed1d7b4b,2026-09-04T08:00:00Z,2026-09-04T10:00:00+0200,10998.707,MW,NL,NL,forecast_load,Forecasted Load,2026-09-09T21:17:39Z
2026-09-09T21:14:49Z,2026-09-09T23:14:49+0200,10f31b98-6743-4c4d-b432-fe9eed1d7b4b,2026-09-04T08:15:00Z,2026-09-04T10:15:00+0200,10979.286,MW,NL,NL,forecast_load,Forecasted Load,2026-09-09T21:17:39Z
2026-09-09T21:14:49Z,2026-09-09T23:14:49+0200,10f31b98-6743-4c4d-b432-fe9eed1d7b4b,2026-09-04T08:30:00Z,2026-09-04T10:30:00+0200,10924.126,MW,NL,NL,forecast_load,Forecasted Load,2026-09-09T21:17:39Z
2026-09-09T21:14:49Z,2026-09-09T23:14:49+0200,10f31b98-6743-4c4d-b432-fe9eed1d7b4b,2026-09-04T08:45:00Z,2026-09-04T10:45:00+0200,10895.764,MW,NL,NL,forecast_load,Forecasted Load,2026-09-09T21:17:39Z
2026-09-09T21:14:49Z,2026-09-09T23:14:49+0200,10f31b98-6743-4c4d-b432-fe9eed1d7b4b,2026-09-04T09:00:00Z,2026-09-04T11:00:00+0200,10838.675,MW,NL,NL,forecast_load,Forecasted Load,2026-09-09T21:17:39Z
2026-09-09T21:14:49Z,2026-09-09T23:14:49+0200,10f31b98-6743-4c4d-b432-fe9eed1d7b4b,2026-09-04T09:15:00Z,2026-09-04T11:15:00+0200,10645.746,MW,NL,NL,forecast_load,Forecasted Load,2026-09-09T21:17:39Z
2026-09-09T21:14:49Z,2026-09-09T23:14:49+0200,10f31b98-6743-4c4d-b432-fe9eed1d7b4b,2026-09-04T09:30:00Z,2026-09-04T11:30:00+0200,10573.392,MW,NL,NL,forecast_load,Forecasted Load,2026-09-09T21:17:39Z
2026-09-09T21:14:49Z,2026-09-09T23:14:49+0200,10f31b98-6743-4c4d-b432-fe9eed1d7b4b,2026-09-04T09:45:00Z,2026-09-04T11:45:00+0200,10610.758,MW,NL,NL,forecast_load,Forecasted Load,2026-09-09T21:17:39Z
2026-09-09T21:14:49Z,2026-09-09T23:14:49+0200,10f31b98-6743-4c4d-b432-fe9eed1d7b4b,2026-09-04T10:00:00Z,2026-09-04T12:00:00+0200,10623.53,MW,NL,NL,forecast_load,Forecasted Load,2026-09-09T21:17:39Z
2026-09-09T21:14:49Z,2026-09-09T23:14:49+0200,10f31b98-6743-4c4d-b432-fe9eed1d7b4b,2026-09-04T10:15:00Z,2026-09-04T12:15:00+0200,10825.13,MW,NL,NL,forecast_load,Forecasted Load,2026-09-09T21:17:39Z
2026-09-09T21:14:49Z,2026-09-09T23:14:49+0200,10f31b98-6743-4c4d-b432-fe9eed1d7b4b,2026-09-04T10:30:00Z,2026-09-04T12:30:00+0200,10898.936,MW,NL,NL,forecast_load,Forecasted Load,2026-09-09T21:17:39Z
2026-09-09T21:14:49Z,2026-09-09T23:14:49+0200,10f31b98-6743-4c4d-b432-fe9eed1d7b4b,2026-09-04T10:45:00Z,2026-09-04T12:45:00+0200,10966.229,MW,NL,NL,forecast_load,Forecasted Load,2026-09-09T21:17:39Z
2026-09-09T21:14:49Z,2026-09-09T23:14:49+0200,10f31b98-6743-4c4d-b432-fe9eed1d7b4b,2026-09-04T11:00:00Z,2026-09-04T13:00:00+0200,10891.005,MW,NL,NL,forecast_load,Forecasted Load,2026-09-09T21:17:39Z
2026-09-09T21:14:49Z,2026-09-09T23:14:49+0200,10f31b98-6743-4c4d-b432-fe9eed1d7b4b,2026-09-04T11:15:00Z,2026-09-04T13:15:00+0200,10942.007,MW,NL,NL,forecast_load,Forecasted Load,2026-09-09T21:17:39Z
2026-09-09T21:14:49Z,2026-09-09T23:14:49+0200,10f31b98-6743-4c4d-b432-fe9eed1d7b4b,2026-09-04T11:30:00Z,2026-09-04T13:30:00+0200,11062.219,MW,NL,NL,forecast_load,Forecasted Load,2026-09-09T21:17:39Z
2026-09-09T21:14:49Z,2026-09-09T23:14:49+0200,10f31b98-6743-4c4d-b432-fe9eed1d7b4b,2026-09-04T11:45:00Z,2026-09-04T13:45:00+0200,11186.573,MW,NL,NL,forecast_load,Forecasted Load,2026-09-09T21:17:39Z
2026-09-09T21:14:49Z,2026-09-09T23:14:49+0200,10f31b98-6743-4c4d-b432-fe9eed1d7b4b,2026-09-04T12:00:00Z,2026-09-04T14:00:00+0200,11232.099,MW,NL,NL,forecast_load,Forecasted Load,2026-09-09T21:17:39Z
2026-09-09T21:14:49Z,2026-09-09T23:14:49+0200,10f31b98-6743-4c4d-b432-fe9eed1d7b4b,2026-09-04T12:15:00Z,2026-09-04T14:15:00+0200,11123.183,MW,NL,NL,forecast_load,Forecasted Load,2026-09-09T21:17:39Z
2026-09-09T21:14:49Z,2026-09-09T23:14:49+0200,10f31b98-6743-4c4d-b432-fe9eed1d7b4b,2026-09-04T12:30:00Z,2026-09-04T14:30:00+0200,10976.99,MW,NL,NL,forecast_load,Forecasted Load,2026-09-09T21:17:39Z
2026-09-09T21:14:49Z,2026-09-09T23:14:49+0200,10f31b98-6743-4c4d-b432-fe9eed1d7b4b,2026-09-04T12:45:00Z,2026-09-04T14:45:00+0200,10761.567,MW,NL,NL,forecast_load,Forecasted Load,2026-09-09T21:17:39Z
2026-09-09T21:14:49Z,2026-09-09T23:14:49+0200,10f31b98-6743-4c4d-b432-fe9eed1d7b4b,2026-09-04T13:00:00Z,2026-09-04T15:00:00+0200,10685.029,MW,NL,NL,forecast_load,Forecasted Load,2026-09-09T21:17:39Z
2026-09-09T21:14:49Z,2026-09-09T23:14:49+0200,10f31b98-6743-4c4d-b432-fe9eed1d7b4b,2026-09-04T13:15:00Z,2026-09-04T15:15:00+0200,10406.82,MW,NL,NL,forecast_load,Forecasted Load,2026-09-09T21:17:39Z
2026-09-09T21:14:49Z,2026-09-09T23:14:49+0200,10f31b98-6743-4c4d-b432-fe9eed1d7b4b,2026-09-04T13:30:00Z,2026-09-04T15:30:00+0200,10466.935,MW,NL,NL,forecast_load,Forecasted Load,2026-09-09T21:17:39Z
2026-09-09T21:14:49Z,2026-09-09T23:14:49+0200,10f31b98-6743-4c4d-b432-fe9eed1d7b4b,2026-09-04T13:45:00Z,2026-09-04T15:45:00+0200,10529.067,MW,NL,NL,forecast_load,Forecasted Load,2026-09-09T21:17:39Z
2026-09-09T21:14:49Z,2026-09-09T23:14:49+0200,10f31b98-6743-4c4d-b432-fe9eed1d7b4b,2026-09-04T14:00:00Z,2026-09-04T16:00:00+0200,10497.538,MW,NL,NL,forecast_load,Forecasted Load,2026-09-09T21:17:39Z
2026-09-09T21:14:49Z,2026-09-09T23:14:49+0200,10f31b98-6743-4c4d-b432-fe9eed1d7b4b,2026-09-04T14:15:00Z,2026-09-04T16:15:00+0200,10435.527,MW,NL,NL,forecast_load,Forecasted Load,2026-09-09T21:17:39Z
2026-09-09T21:14:49Z,2026-09-09T23:14:49+0200,10f31b98-6743-4c4d-b432-fe9eed1d7b4b,2026-09-04T14:30:00Z,2026-09-04T16:30:00+0200,10568.181,MW,NL,NL,forecast_load,Forecasted Load,2026-09-09T21:17:39Z
2026-09-09T21:14:49Z,2026-09-09T23:14:49+0200,10f31b98-6743-4c4d-b432-fe9eed1d7b4b,2026-09-04T14:45:00Z,2026-09-04T16:45:00+0200,10714.258,MW,NL,NL,forecast_load,Forecasted Load,2026-09-09T21:17:39Z
2026-09-09T21:14:49Z,2026-09-09T23:14:49+0200,10f31b98-6743-4c4d-b432-fe9eed1d7b4b,2026-09-04T15:00:00Z,2026-09-04T17:00:00+0200,10919.931,MW,NL,NL,forecast_load,Forecasted Load,2026-09-09T21:17:39Z
2026-09-09T21:14:49Z,2026-09-09T23:14:49+0200,10f31b98-6743-4c4d-b432-fe9eed1d7b4b,2026-09-04T15:15:00Z,2026-09-04T17:15:00+0200,10938.123,MW,NL,NL,forecast_load,Forecasted Load,2026-09-09T21:17:39Z
2026-09-09T21:14:49Z,2026-09-09T23:14:49+0200,10f31b98-6743-4c4d-b432-fe9eed1d7b4b,2026-09-04T15:30:00Z,2026-09-04T17:30:00+0200,11260.339,MW,NL,NL,forecast_load,Forecasted Load,2026-09-09T21:17:39Z
2026-09-09T21:14:49Z,2026-09-09T23:14:49+0200,10f31b98-6743-4c4d-b432-fe9eed1d7b4b,2026-09-04T15:45:00Z,2026-09-04T17:45:00+0200,11639.366,MW,NL,NL,forecast_load,Forecasted Load,2026-09-09T21:17:39Z
2026-09-09T21:14:49Z,2026-09-09T23:14:49+0200,10f31b98-6743-4c4d-b432-fe9eed1d7b4b,2026-09-04T16:00:00Z,2026-09-04T18:00:00+0200,11755.018,MW,NL,NL,forecast_load,Forecasted Load,2026-09-09T21:17:39Z
2026-09-09T21:14:49Z,2026-09-09T23:14:49+0200,10f31b98-6743-4c4d-b432-fe9eed1d7b4b,2026-09-04T16:15:00Z,2026-09-04T18:15:00+0200,11825.003,MW,NL,NL,forecast_load,Forecasted Load,2026-09-09T21:17:39Z
2026-09-09T21:14:49Z,2026-09-09T23:14:49+0200,10f31b98-6743-4c4d-b432-fe9eed1d7b4b,2026-09-04T16:30:00Z,2026-09-04T18:30:00+0200,11846.974,MW,NL,NL,forecast_load,Forecasted Load,2026-09-09T21:17:39Z
2026-09-09T21:14:49Z,2026-09-09T23:14:49+0200,10f31b98-6743-4c4d-b432-fe9eed1d7b4b,2026-09-04T16:45:00Z,2026-09-04T18:45:00+0200,11911.076,MW,NL,NL,forecast_load,Forecasted Load,2026-09-09T21:17:39Z
2026-09-09T21:14:49Z,2026-09-09T23:14:49+0200,10f31b98-6743-4c4d-b432-fe9eed1d7b4b,2026-09-04T17:00:00Z,2026-09-04T19:00:00+0200,11942.505,MW,NL,NL,forecast_load,Forecasted Load,2026-09-09T21:17:39Z
2026-09-09T21:14:49Z,2026-09-09T23:14:49+0200,10f31b98-6743-4c4d-b432-fe9eed1d7b4b,2026-09-04T17:15:00Z,2026-09-04T19:15:00+0200,12013.854,MW,NL,NL,forecast_load,Forecasted Load,2026-09-09T21:17:39Z
2026-09-09T21:14:49Z,2026-09-09T23:14:49+0200,10f31b98-6743-4c4d-b432-fe9eed1d7b4b,2026-09-04T17:30:00Z,2026-09-04T19:30:00+0200,12133.359,MW,NL,NL,forecast_load,Forecasted Load,2026-09-09T21:17:39Z
2026-09-09T21:14:49Z,2026-09-09T23:14:49+0200,10f31b98-6743-4c4d-b432-fe9eed1d7b4b,2026-09-04T17:45:00Z,2026-09-04T19:45:00+0200,12268.534,MW,NL,NL,forecast_load,Forecasted Load,2026-09-09T21:17:39Z
2026-09-09T21:14:49Z,2026-09-09T23:14:49+0200,10f31b98-6743-4c4d-b432-fe9eed1d7b4b,2026-09-04T18:00:00Z,2026-09-04T20:00:00+0200,12341.287,MW,NL,NL,forecast_load,Forecasted Load,2026-09-09T21:17:39Z
2026-09-09T21:14:49Z,2026-09-09T23:14:49+0200,10f31b98-6743-4c4d-b432-fe9eed1d7b4b,2026-09-04T18:15:00Z,2026-09-04T20:15:00+0200,12324.215,MW,NL,NL,forecast_load,Forecasted Load,2026-09-09T21:17:39Z
2026-09-09T21:14:49Z,2026-09-09T23:14:49+0200,10f31b98-6743-4c4d-b432-fe9eed1d7b4b,2026-09-04T18:30:00Z,2026-09-04T20:30:00+0200,12310.919,MW,NL,NL,forecast_load,Forecasted Load,2026-09-09T21:17:39Z
2026-09-09T21:14:49Z,2026-09-09T23:14:49+0200,10f31b98-6743-4c4d-b432-fe9eed1d7b4b,2026-09-04T18:45:00Z,2026-09-04T20:45:00+0200,12236.331,MW,NL,NL,forecast_load,Forecasted Load,2026-09-09T21:17:39Z
2026-09-09T21:14:49Z,2026-09-09T23:14:49+0200,10f31b98-6743-4c4d-b432-fe9eed1d7b4b,2026-09-04T19:00:00Z,2026-09-04T21:00:00+0200,12174.063,MW,NL,NL,forecast_load,Forecasted Load,2026-09-09T21:17:39Z
2026-09-09T21:14:49Z,2026-09-09T23:14:49+0200,10f31b98-6743-4c4d-b432-fe9eed1d7b4b,2026-09-04T19:15:00Z,2026-09-04T21:15:00+0200,12114.275,MW,NL,NL,forecast_load,Forecasted Load,2026-09-09T21:17:39Z
2026-09-09T21:14:49Z,2026-09-09T23:14:49+0200,10f31b98-6743-4c4d-b432-fe9eed1d7b4b,2026-09-04T19:30:00Z,2026-09-04T21:30:00+0200,12216.845,MW,NL,NL,forecast_load,Forecasted Load,2026-09-09T21:17:39Z
2026-09-09T21:14:49Z,2026-09-09T23:14:49+0200,10f31b98-6743-4c4d-b432-fe9eed1d7b4b,2026-09-04T19:45:00Z,2026-09-04T21:45:00+0200,12182.991,MW,NL,NL,forecast_load,Forecasted Load,2026-09-09T21:17:39Z
2026-09-09T21:14:49Z,2026-09-09T23:14:49+0200,10f31b98-6743-4c4d-b432-fe9eed1d7b4b,2026-09-04T20:00:00Z,2026-09-04T22:00:00+0200,12045.529,MW,NL,NL,forecast_load,Forecasted Load,2026-09-09T21:17:39Z
2026-09-09T21:14:49Z,2026-09-09T23:14:49+0200,10f31b98-6743-4c4d-b432-fe9eed1d7b4b,2026-09-04T20:15:00Z,2026-09-04T22:15:00+0200,11860.452,MW,NL,NL,forecast_load,Forecasted Load,2026-09-09T21:17:39Z
2026-09-09T21:14:49Z,2026-09-09T23:14:49+0200,10f31b98-6743-4c4d-b432-fe9eed1d7b4b,2026-09-04T20:30:00Z,2026-09-04T22:30:00+0200,11804.739,MW,NL,NL,forecast_load,Forecasted Load,2026-09-09T21:17:39Z
2026-09-09T21:14:49Z,2026-09-09T23:14:49+0200,10f31b98-6743-4c4d-b432-fe9eed1d7b4b,2026-09-04T20:45:00Z,2026-09-04T22:45:00+0200,11669.302,MW,NL,NL,forecast_load,Forecasted Load,2026-09-09T21:17:39Z
2026-09-09T21:14:49Z,2026-09-09T23:14:49+0200,10f31b98-6743-4c4d-b432-fe9eed1d7b4b,2026-09-04T21:00:00Z,2026-09-04T23:00:00+0200,11652.845,MW,NL,NL,forecast_load,Forecasted Load,2026-09-09T21:17:39Z
2026-09-09T21:14:49Z,2026-09-09T23:14:49+0200,10f31b98-6743-4c4d-b432-fe9eed1d7b4b,2026-09-04T21:15:00Z,2026-09-04T23:15:00+0200,11552.856,MW,NL,NL,forecast_load,Forecasted Load,2026-09-09T21:17:39Z
2026-09-09T21:14:49Z,2026-09-09T23:14:49+0200,10f31b98-6743-4c4d-b432-fe9eed1d7b4b,2026-09-04T21:30:00Z,2026-09-04T23:30:00+0200,11550.908,MW,NL,NL,forecast_load,Forecasted Load,2026-09-09T21:17:39Z
2026-09-09T21:14:49Z,2026-09-09T23:14:49+0200,10f31b98-6743-4c4d-b432-fe9eed1d7b4b,2026-09-04T21:45:00Z,2026-09-04T23:45:00+0200,11573.809,MW,NL,NL,forecast_load,Forecasted Load,2026-09-09T21:17:39Z
2026-09-09T21:14:49Z,2026-09-09T23:14:49+0200,10f31b98-6743-4c4d-b432-fe9eed1d7b4b,2026-09-04T22:00:00Z,2026-09-05T00:00:00+0200,11481.778,MW,NL,NL,forecast_load,Forecasted Load,2026-09-09T21:17:39Z
2026-09-09T21:14:49Z,2026-09-09T23:14:49+0200,10f31b98-6743-4c4d-b432-fe9eed1d7b4b,2026-09-04T22:15:00Z,2026-09-05T00:15:00+0200,11417.154,MW,NL,NL,forecast_load,Forecasted Load,2026-09-09T21:17:39Z
2026-09-09T21:14:49Z,2026-09-09T23:14:49+0200,10f31b98-6743-4c4d-b432-fe9eed1d7b4b,2026-09-04T22:30:00Z,2026-09-05T00:30:00+0200,11203.67,MW,NL,NL,forecast_load,Forecasted Load,2026-09-09T21:17:39Z
2026-09-09T21:14:49Z,2026-09-09T23:14:49+0200,10f31b98-6743-4c4d-b432-fe9eed1d7b4b,2026-09-04T22:45:00Z,2026-09-05T00:45:00+0200,11098.581,MW,NL,NL,forecast_load,Forecasted Load,2026-09-09T21:17:39Z
2026-09-09T21:14:49Z,2026-09-09T23:14:49+0200,10f31b98-6743-4c4d-b432-fe9eed1d7b4b,2026-09-04T23:00:00Z,2026-09-05T01:00:00+0200,11138.816,MW,NL,NL,forecast_load,Forecasted Load,2026-09-09T21:17:39Z
2026-09-09T21:14:49Z,2026-09-09T23:14:49+0200,10f31b98-6743-4c4d-b432-fe9eed1d7b4b,2026-09-04T23:15:00Z,2026-09-05T01:15:00+0200,11157.809,MW,NL,NL,forecast_load,Forecasted Load,2026-09-09T21:17:39Z
2026-09-09T21:14:49Z,2026-09-09T23:14:49+0200,10f31b98-6743-4c4d-b432-fe9eed1d7b4b,2026-09-04T23:30:00Z,2026-09-05T01:30:00+0200,11054.773,MW,NL,NL,forecast_load,Forecasted Load,2026-09-09T21:17:39Z
2026-09-09T21:14:49Z,2026-09-09T23:14:49+0200,10f31b98-6743-4c4d-b432-fe9eed1d7b4b,2026-09-04T23:45:00Z,2026-09-05T01:45:00+0200,11017.37,MW,NL,NL,forecast_load,Forecasted Load,2026-09-09T21:17:39Z
2026-09-09T21:14:49Z,2026-09-09T23:14:49+0200,10f31b98-6743-4c4d-b432-fe9eed1d7b4b,2026-09-05T00:00:00Z,2026-09-05T02:00:00+0200,10913.068,MW,NL,NL,forecast_load,Forecasted Load,2026-09-09T21:17:39Z
2026-09-09T21:14:49Z,2026-09-09T23:14:49+0200,10f31b98-6743-4c4d-b432-fe9eed1d7b4b,2026-09-05T00:15:00Z,2026-09-05T02:15:00+0200,10768.347,MW,NL,NL,forecast_load,Forecasted Load,2026-09-09T21:17:39Z
2026-09-09T21:14:49Z,2026-09-09T23:14:49+0200,10f31b98-6743-4c4d-b432-fe9eed1d7b4b,2026-09-05T00:30:00Z,2026-09-05T02:30:00+0200,10753.929,MW,NL,NL,forecast_load,Forecasted Load,2026-09-09T21:17:39Z
2026-09-09T21:14:49Z,2026-09-09T23:14:49+0200,10f31b98-6743-4c4d-b432-fe9eed1d7b4b,2026-09-05T00:45:00Z,2026-09-05T02:45:00+0200,10671.83,MW,NL,NL,forecast_load,Forecasted Load,2026-09-09T21:17:39Z
2026-09-09T21:14:49Z,2026-09-09T23:14:49+0200,10f31b98-6743-4c4d-b432-fe9eed1d7b4b,2026-09-05T01:00:00Z,2026-09-05T03:00:00+0200,10617.976,MW,NL,NL,forecast_load,Forecasted Load,2026-09-09T21:17:39Z
2026-09-09T21:14:49Z,2026-09-09T23:14:49+0200,10f31b98-6743-4c4d-b432-fe9eed1d7b4b,2026-09-05T01:15:00Z,2026-09-05T03:15:00+0200,10540.135,MW,NL,NL,forecast_load,Forecasted Load,2026-09-09T21:17:39Z
2026-09-09T21:14:49Z,2026-09-09T23:14:49+0200,10f31b98-6743-4c4d-b432-fe9eed1d7b4b,2026-09-05T01:30:00Z,2026-09-05T03:30:00+0200,10543.963,MW,NL,NL,forecast_load,Forecasted Load,2026-09-09T21:17:39Z
2026-09-09T21:14:49Z,2026-09-09T23:14:49+0200,10f31b98-6743-4c4d-b432-fe9eed1d7b4b,2026-09-05T01:45:00Z,2026-09-05T03:45:00+0200,10564.522,MW,NL,NL,forecast_load,Forecasted Load,2026-09-09T21:17:39Z
2026-09-09T21:14:49Z,2026-09-09T23:14:49+0200,10f31b98-6743-4c4d-b432-fe9eed1d7b4b,2026-09-05T02:00:00Z,2026-09-05T04:00:00+0200,10521.625,MW,NL,NL,forecast_load,Forecasted Load,2026-09-09T21:17:39Z
2026-09-09T21:14:49Z,2026-09-09T23:14:49+0200,10f31b98-6743-4c4d-b432-fe9eed1d7b4b,2026-09-05T02:15:00Z,2026-09-05T04:15:00+0200,10474.697,MW,NL,NL,forecast_load,Forecasted Load,2026-09-09T21:17:39Z
2026-09-09T21:14:49Z,2026-09-09T23:14:49+0200,10f31b98-6743-4c4d-b432-fe9eed1d7b4b,2026-09-05T02:30:00Z,2026-09-05T04:30:00+0200,10362.279,MW,NL,NL,forecast_load,Forecasted Load,2026-09-09T21:17:39Z
2026-09-09T21:14:49Z,2026-09-09T23:14:49+0200,10f31b98-6743-4c4d-b432-fe9eed1d7b4b,2026-09-05T02:45:00Z,2026-09-05T04:45:00+0200,10377.579,MW,NL,NL,forecast_load,Forecasted Load,2026-09-09T21:17:39Z
2026-09-09T21:14:49Z,2026-09-09T23:14:49+0200,10f31b98-6743-4c4d-b432-fe9eed1d7b4b,2026-09-05T03:00:00Z,2026-09-05T05:00:00+0200,10277.589,MW,NL,NL,forecast_load,Forecasted Load,2026-09-09T21:17:39Z
2026-09-09T21:14:49Z,2026-09-09T23:14:49+0200,10f31b98-6743-4c4d-b432-fe9eed1d7b4b,2026-09-05T03:15:00Z,2026-09-05T05:15:00+0200,10245.835,MW,NL,NL,forecast_load,Forecasted Load,2026-09-09T21:17:39Z
2026-09-09T21:14:49Z,2026-09-09T23:14:49+0200,10f31b98-6743-4c4d-b432-fe9eed1d7b4b,2026-09-05T03:30:00Z,2026-09-05T05:30:00+0200,10167.539,MW,NL,NL,forecast_load,Forecasted Load,2026-09-09T21:17:39Z
2026-09-09T21:14:49Z,2026-09-09T23:14:49+0200,10f31b98-6743-4c4d-b432-fe9eed1d7b4b,2026-09-05T03:45:00Z,2026-09-05T05:45:00+0200,10104.885,MW,NL,NL,forecast_load,Forecasted Load,2026-09-09T21:17:39Z
2026-09-09T21:14:49Z,2026-09-09T23:14:49+0200,10f31b98-6743-4c4d-b432-fe9eed1d7b4b,2026-09-05T04:00:00Z,2026-09-05T06:00:00+0200,10205.38,MW,NL,NL,forecast_load,Forecasted Load,2026-09-09T21:17:39Z
2026-09-09T21:14:49Z,2026-09-09T23:14:49+0200,10f31b98-6743-4c4d-b432-fe9eed1d7b4b,2026-09-05T04:15:00Z,2026-09-05T06:15:00+0200,10209.338,MW,NL,NL,forecast_load,Forecasted Load,2026-09-09T21:17:39Z
2026-09-09T21:14:49Z,2026-09-09T23:14:49+0200,10f31b98-6743-4c4d-b432-fe9eed1d7b4b,2026-09-05T04:30:00Z,2026-09-05T06:30:00+0200,10207.452,MW,NL,NL,forecast_load,Forecasted Load,2026-09-09T21:17:39Z
2026-09-09T21:14:49Z,2026-09-09T23:14:49+0200,10f31b98-6743-4c4d-b432-fe9eed1d7b4b,2026-09-05T04:45:00Z,2026-09-05T06:45:00+0200,10190.514,MW,NL,NL,forecast_load,Forecasted Load,2026-09-09T21:17:39Z
2026-09-09T21:14:49Z,2026-09-09T23:14:49+0200,10f31b98-6743-4c4d-b432-fe9eed1d7b4b,2026-09-05T05:00:00Z,2026-09-05T07:00:00+0200,10282.01,MW,NL,NL,forecast_load,Forecasted Load,2026-09-09T21:17:39Z
2026-09-09T21:14:49Z,2026-09-09T23:14:49+0200,10f31b98-6743-4c4d-b432-fe9eed1d7b4b,2026-09-05T05:15:00Z,2026-09-05T07:15:00+0200,10285.754,MW,NL,NL,forecast_load,Forecasted Load,2026-09-09T21:17:39Z
2026-09-09T21:14:49Z,2026-09-09T23:14:49+0200,10f31b98-6743-4c4d-b432-fe9eed1d7b4b,2026-09-05T05:30:00Z,2026-09-05T07:30:00+0200,10181.811,MW,NL,NL,forecast_load,Forecasted Load,2026-09-09T21:17:39Z
2026-09-09T21:14:49Z,2026-09-09T23:14:49+0200,10f31b98-6743-4c4d-b432-fe9eed1d7b4b,2026-09-05T05:45:00Z,2026-09-05T07:45:00+0200,10261.825,MW,NL,NL,forecast_load,Forecasted Load,2026-09-09T21:17:39Z
2026-09-09T21:14:49Z,2026-09-09T23:14:49+0200,10f31b98-6743-4c4d-b432-fe9eed1d7b4b,2026-09-05T06:00:00Z,2026-09-05T08:00:00+0200,10240.851,MW,NL,NL,forecast_load,Forecasted Load,2026-09-09T21:17:39Z
2026-09-09T21:14:49Z,2026-09-09T23:14:49+0200,10f31b98-6743-4c4d-b432-fe9eed1d7b4b,2026-09-05T06:15:00Z,2026-09-05T08:15:00+0200,9935.99,MW,NL,NL,forecast_load,Forecasted Load,2026-09-09T21:17:39Z
2026-09-09T21:14:49Z,2026-09-09T23:14:49+0200,10f31b98-6743-4c4d-b432-fe9eed1d7b4b,2026-09-05T06:30:00Z,2026-09-05T08:30:00+0200,9713.004,MW,NL,NL,forecast_load,Forecasted Load,2026-09-09T21:17:39Z
2026-09-09T21:14:49Z,2026-09-09T23:14:49+0200,10f31b98-6743-4c4d-b432-fe9eed1d7b4b,2026-09-05T06:45:00Z,2026-09-05T08:45:00+0200,9513.178,MW,NL,NL,forecast_load,Forecasted Load,2026-09-09T21:17:39Z
2026-09-09T21:14:49Z,2026-09-09T23:14:49+0200,10f31b98-6743-4c4d-b432-fe9eed1d7b4b,2026-09-05T07:00:00Z,2026-09-05T09:00:00+0200,9433.027,MW,NL,NL,forecast_load,Forecasted Load,2026-09-09T21:17:39Z
2026-09-09T21:14:49Z,2026-09-09T23:14:49+0200,10f31b98-6743-4c4d-b432-fe9eed1d7b4b,2026-09-05T07:15:00Z,2026-09-05T09:15:00+0200,9147.744,MW,NL,NL,forecast_load,Forecasted Load,2026-09-09T21:17:39Z
2026-09-09T21:14:49Z,2026-09-09T23:14:49+0200,10f31b98-6743-4c4d-b432-fe9eed1d7b4b,2026-09-05T07:30:00Z,2026-09-05T09:30:00+0200,8954.277,MW,NL,NL,forecast_load,Forecasted Load,2026-09-09T21:17:39Z
2026-09-09T21:14:49Z,2026-09-09T23:14:49+0200,10f31b98-6743-4c4d-b432-fe9eed1d7b4b,2026-09-05T07:45:00Z,2026-09-05T09:45:00+0200,8653.479,MW,NL,NL,forecast_load,Forecasted Load,2026-09-09T21:17:39Z
2026-09-09T21:14:49Z,2026-09-09T23:14:49+0200,10f31b98-6743-4c4d-b432-fe9eed1d7b4b,2026-09-05T08:00:00Z,2026-09-05T10:00:00+0200,8519.099,MW,NL,NL,forecast_load,Forecasted Load,2026-09-09T21:17:39Z
2026-09-09T21:14:49Z,2026-09-09T23:14:49+0200,10f31b98-6743-4c4d-b432-fe9eed1d7b4b,2026-09-05T08:15:00Z,2026-09-05T10:15:00+0200,8331.073,MW,NL,NL,forecast_load,Forecasted Load,2026-09-09T21:17:39Z
2026-09-09T21:14:49Z,2026-09-09T23:14:49+0200,10f31b98-6743-4c4d-b432-fe9eed1d7b4b,2026-09-05T08:30:00Z,2026-09-05T10:30:00+0200,7973.807,MW,NL,NL,forecast_load,Forecasted Load,2026-09-09T21:17:39Z
2026-09-09T21:14:49Z,2026-09-09T23:14:49+0200,10f31b98-6743-4c4d-b432-fe9eed1d7b4b,2026-09-05T08:45:00Z,2026-09-05T10:45:00+0200,7643.45,MW,NL,NL,forecast_load,Forecasted Load,2026-09-09T21:17:39Z
2026-09-09T21:14:49Z,2026-09-09T23:14:49+0200,10f31b98-6743-4c4d-b432-fe9eed1d7b4b,2026-09-05T09:00:00Z,2026-09-05T11:00:00+0200,7431.194,MW,NL,NL,forecast_load,Forecasted Load,2026-09-09T21:17:39Z
2026-09-09T21:14:49Z,2026-09-09T23:14:49+0200,10f31b98-6743-4c4d-b432-fe9eed1d7b4b,2026-09-05T09:15:00Z,2026-09-05T11:15:00+0200,7122.226,MW,NL,NL,forecast_load,Forecasted Load,2026-09-09T21:17:39Z
2026-09-09T21:14:49Z,2026-09-09T23:14:49+0200,10f31b98-6743-4c4d-b432-fe9eed1d7b4b,2026-09-05T09:30:00Z,2026-09-05T11:30:00+0200,6930.707,MW,NL,NL,forecast_load,Forecasted Load,2026-09-09T21:17:39Z
2026-09-09T21:14:49Z,2026-09-09T23:14:49+0200,10f31b98-6743-4c4d-b432-fe9eed1d7b4b,2026-09-05T09:45:00Z,2026-09-05T11:45:00+0200,6737.066,MW,NL,NL,forecast_load,Forecasted Load,2026-09-09T21:17:39Z
2026-09-09T21:14:49Z,2026-09-09T23:14:49+0200,10f31b98-6743-4c4d-b432-fe9eed1d7b4b,2026-09-05T10:00:00Z,2026-09-05T12:00:00+0200,7028.144,MW,NL,NL,forecast_load,Forecasted Load,2026-09-09T21:17:39Z
2026-09-09T21:14:49Z,2026-09-09T23:14:49+0200,10f31b98-6743-4c4d-b432-fe9eed1d7b4b,2026-09-05T10:15:00Z,2026-09-05T12:15:00+0200,7115.656,MW,NL,NL,forecast_load,Forecasted Load,2026-09-09T21:17:39Z
2026-09-09T21:14:49Z,2026-09-09T23:14:49+0200,10f31b98-6743-4c4d-b432-fe9eed1d7b4b,2026-09-05T10:30:00Z,2026-09-05T12:30:00+0200,7143.683,MW,NL,NL,forecast_load,Forecasted Load,2026-09-09T21:17:39Z
2026-09-09T21:14:49Z,2026-09-09T23:14:49+0200,10f31b98-6743-4c4d-b432-fe9eed1d7b4b,2026-09-05T10:45:00Z,2026-09-05T12:45:00+0200,7257.745,MW,NL,NL,forecast_load,Forecasted Load,2026-09-09T21:17:39Z
2026-09-09T21:14:49Z,2026-09-09T23:14:49+0200,10f31b98-6743-4c4d-b432-fe9eed1d7b4b,2026-09-05T11:00:00Z,2026-09-05T13:00:00+0200,7064.357,MW,NL,NL,forecast_load,Forecasted Load,2026-09-09T21:17:39Z
2026-09-09T21:14:49Z,2026-09-09T23:14:49+0200,10f31b98-6743-4c4d-b432-fe9eed1d7b4b,2026-09-05T11:15:00Z,2026-09-05T13:15:00+0200,7133.103,MW,NL,NL,forecast_load,Forecasted Load,2026-09-09T21:17:39Z
2026-09-09T21:14:49Z,2026-09-09T23:14:49+0200,10f31b98-6743-4c4d-b432-fe9eed1d7b4b,2026-09-05T11:30:00Z,2026-09-05T13:30:00+0200,7202.82,MW,NL,NL,forecast_load,Forecasted Load,2026-09-09T21:17:39Z
2026-09-09T21:14:49Z,2026-09-09T23:14:49+0200,10f31b98-6743-4c4d-b432-fe9eed1d7b4b,2026-09-05T11:45:00Z,2026-09-05T13:45:00+0200,7209.178,MW,NL,NL,forecast_load,Forecasted Load,2026-09-09T21:17:39Z
2026-09-09T21:14:49Z,2026-09-09T23:14:49+0200,10f31b98-6743-4c4d-b432-fe9eed1d7b4b,2026-09-05T12:00:00Z,2026-09-05T14:00:00+0200,7162.562,MW,NL,NL,forecast_load,Forecasted Load,2026-09-09T21:17:39Z
2026-09-09T21:14:49Z,2026-09-09T23:14:49+0200,10f31b98-6743-4c4d-b432-fe9eed1d7b4b,2026-09-05T12:15:00Z,2026-09-05T14:15:00+0200,7484.094,MW,NL,NL,forecast_load,Forecasted Load,2026-09-09T21:17:39Z
2026-09-09T21:14:49Z,2026-09-09T23:14:49+0200,10f31b98-6743-4c4d-b432-fe9eed1d7b4b,2026-09-05T12:30:00Z,2026-09-05T14:30:00+0200,7693.911,MW,NL,NL,forecast_load,Forecasted Load,2026-09-09T21:17:39Z
2026-09-09T21:14:49Z,2026-09-09T23:14:49+0200,10f31b98-6743-4c4d-b432-fe9eed1d7b4b,2026-09-05T12:45:00Z,2026-09-05T14:45:00+0200,7802.907,MW,NL,NL,forecast_load,Forecasted Load,2026-09-09T21:17:39Z
2026-09-09T21:14:49Z,2026-09-09T23:14:49+0200,10f31b98-6743-4c4d-b432-fe9eed1d7b4b,2026-09-05T13:00:00Z,2026-09-05T15:00:00+0200,7737.503,MW,NL,NL,forecast_load,Forecasted Load,2026-09-09T21:17:39Z
2026-09-09T21:14:49Z,2026-09-09T23:14:49+0200,10f31b98-6743-4c4d-b432-fe9eed1d7b4b,2026-09-05T13:15:00Z,2026-09-05T15:15:00+0200,7752.203,MW,NL,NL,forecast_load,Forecasted Load,2026-09-09T21:17:39Z
2026-09-09T21:14:49Z,2026-09-09T23:14:49+0200,10f31b98-6743-4c4d-b432-fe9eed1d7b4b,2026-09-05T13:30:00Z,2026-09-05T15:30:00+0200,7947.353,MW,NL,NL,forecast_load,Forecasted Load,2026-09-09T21:17:39Z
2026-09-09T21:14:49Z,2026-09-09T23:14:49+0200,10f31b98-6743-4c4d-b432-fe9eed1d7b4b,2026-09-05T13:45:00Z,2026-09-05T15:45:00+0200,8050.138,MW,NL,NL,forecast_load,Forecasted Load,2026-09-09T21:17:39Z
2026-09-09T21:14:49Z,2026-09-09T23:14:49+0200,10f31b98-6743-4c4d-b432-fe9eed1d7b4b,2026-09-05T14:00:00Z,2026-09-05T16:00:00+0200,8219.411,MW,NL,NL,forecast_load,Forecasted Load,2026-09-09T21:17:39Z
2026-09-09T21:14:49Z,2026-09-09T23:14:49+0200,10f31b98-6743-4c4d-b432-fe9eed1d7b4b,2026-09-05T14:15:00Z,2026-09-05T16:15:00+0200,8381.874,MW,NL,NL,forecast_load,Forecasted Load,2026-09-09T21:17:39Z
2026-09-09T21:14:49Z,2026-09-09T23:14:49+0200,10f31b98-6743-4c4d-b432-fe9eed1d7b4b,2026-09-05T14:30:00Z,2026-09-05T16:30:00+0200,8687.245,MW,NL,NL,forecast_load,Forecasted Load,2026-09-09T21:17:39Z
2026-09-09T21:14:49Z,2026-09-09T23:14:49+0200,10f31b98-6743-4c4d-b432-fe9eed1d7b4b,2026-09-05T14:45:00Z,2026-09-05T16:45:00+0200,8913.317,MW,NL,NL,forecast_load,Forecasted Load,2026-09-09T21:17:39Z
2026-09-09T21:14:49Z,2026-09-09T23:14:49+0200,10f31b98-6743-4c4d-b432-fe9eed1d7b4b,2026-09-05T15:00:00Z,2026-09-05T17:00:00+0200,9096.628,MW,NL,NL,forecast_load,Forecasted Load,2026-09-09T21:17:39Z
2026-09-09T21:14:49Z,2026-09-09T23:14:49+0200,10f31b98-6743-4c4d-b432-fe9eed1d7b4b,2026-09-05T15:15:00Z,2026-09-05T17:15:00+0200,9406.292,MW,NL,NL,forecast_load,Forecasted Load,2026-09-09T21:17:39Z
2026-09-09T21:14:49Z,2026-09-09T23:14:49+0200,10f31b98-6743-4c4d-b432-fe9eed1d7b4b,2026-09-05T15:30:00Z,2026-09-05T17:30:00+0200,9736.481,MW,NL,NL,forecast_load,Forecasted Load,2026-09-09T21:17:39Z
2026-09-09T21:14:49Z,2026-09-09T23:14:49+0200,10f31b98-6743-4c4d-b432-fe9eed1d7b4b,2026-09-05T15:45:00Z,2026-09-05T17:45:00+0200,9947.157,MW,NL,NL,forecast_load,Forecasted Load,2026-09-09T21:17:39Z
2026-09-09T21:14:49Z,2026-09-09T23:14:49+0200,10f31b98-6743-4c4d-b432-fe9eed1d7b4b,2026-09-05T16:00:00Z,2026-09-05T18:00:00+0200,10175.162,MW,NL,NL,forecast_load,Forecasted Load,2026-09-09T21:17:39Z
2026-09-09T21:14:49Z,2026-09-09T23:14:49+0200,10f31b98-6743-4c4d-b432-fe9eed1d7b4b,2026-09-05T16:15:00Z,2026-09-05T18:15:00+0200,10419.596,MW,NL,NL,forecast_load,Forecasted Load,2026-09-09T21:17:39Z
2026-09-09T21:14:49Z,2026-09-09T23:14:49+0200,10f31b98-6743-4c4d-b432-fe9eed1d7b4b,2026-09-05T16:30:00Z,2026-09-05T18:30:00+0200,10762.533,MW,NL,NL,forecast_load,Forecasted Load,2026-09-09T21:17:39Z
2026-09-09T21:14:49Z,2026-09-09T23:14:49+0200,10f31b98-6743-4c4d-b432-fe9eed1d7b4b,2026-09-05T16:45:00Z,2026-09-05T18:45:00+0200,10866.285,MW,NL,NL,forecast_load,Forecasted Load,2026-09-09T21:17:39Z
2026-09-09T21:14:49Z,2026-09-09T23:14:49+0200,10f31b98-6743-4c4d-b432-fe9eed1d7b4b,2026-09-05T17:00:00Z,2026-09-05T19:00:00+0200,10892.404,MW,NL,NL,forecast_load,Forecasted Load,2026-09-09T21:17:39Z
2026-09-09T21:14:49Z,2026-09-09T23:14:49+0200,10f31b98-6743-4c4d-b432-fe9eed1d7b4b,2026-09-05T17:15:00Z,2026-09-05T19:15:00+0200,10956.982,MW,NL,NL,forecast_load,Forecasted Load,2026-09-09T21:17:39Z
2026-09-09T21:14:49Z,2026-09-09T23:14:49+0200,10f31b98-6743-4c4d-b432-fe9eed1d7b4b,2026-09-05T17:30:00Z,2026-09-05T19:30:00+0200,11050.481,MW,NL,NL,forecast_load,Forecasted Load,2026-09-09T21:17:39Z
2026-09-09T21:14:49Z,2026-09-09T23:14:49+0200,10f31b98-6743-4c4d-b432-fe9eed1d7b4b,2026-09-05T17:45:00Z,2026-09-05T19:45:00+0200,10998.732,MW,NL,NL,forecast_load,Forecasted Load,2026-09-09T21:17:39Z
2026-09-09T21:14:49Z,2026-09-09T23:14:49+0200,10f31b98-6743-4c4d-b432-fe9eed1d7b4b,2026-09-05T18:00:00Z,2026-09-05T20:00:00+0200,11168.213,MW,NL,NL,forecast_load,Forecasted Load,2026-09-09T21:17:39Z
2026-09-09T21:14:49Z,2026-09-09T23:14:49+0200,10f31b98-6743-4c4d-b432-fe9eed1d7b4b,2026-09-05T18:15:00Z,2026-09-05T20:15:00+0200,11270.922,MW,NL,NL,forecast_load,Forecasted Load,2026-09-09T21:17:39Z
2026-09-09T21:14:49Z,2026-09-09T23:14:49+0200,10f31b98-6743-4c4d-b432-fe9eed1d7b4b,2026-09-05T18:30:00Z,2026-09-05T20:30:00+0200,11367.272,MW,NL,NL,forecast_load,Forecasted Load,2026-09-09T21:17:39Z
2026-09-09T21:14:49Z,2026-09-09T23:14:49+0200,10f31b98-6743-4c4d-b432-fe9eed1d7b4b,2026-09-05T18:45:00Z,2026-09-05T20:45:00+0200,11417.744,MW,NL,NL,forecast_load,Forecasted Load,2026-09-09T21:17:39Z
2026-09-09T21:14:49Z,2026-09-09T23:14:49+0200,10f31b98-6743-4c4d-b432-fe9eed1d7b4b,2026-09-05T19:00:00Z,2026-09-05T21:00:00+0200,11527.51,MW,NL,NL,forecast_load,Forecasted Load,2026-09-09T21:17:39Z
2026-09-09T21:14:49Z,2026-09-09T23:14:49+0200,10f31b98-6743-4c4d-b432-fe9eed1d7b4b,2026-09-05T19:15:00Z,2026-09-05T21:15:00+0200,11411.226,MW,NL,NL,forecast_load,Forecasted Load,2026-09-09T21:17:39Z
2026-09-09T21:14:49Z,2026-09-09T23:14:49+0200,10f31b98-6743-4c4d-b432-fe9eed1d7b4b,2026-09-05T19:30:00Z,2026-09-05T21:30:00+0200,11349.947,MW,NL,NL,forecast_load,Forecasted Load,2026-09-09T21:17:39Z
2026-09-09T21:14:49Z,2026-09-09T23:14:49+0200,10f31b98-6743-4c4d-b432-fe9eed1d7b4b,2026-09-05T19:45:00Z,2026-09-05T21:45:00+0200,11337.27,MW,NL,NL,forecast_load,Forecasted Load,2026-09-09T21:17:39Z
2026-09-09T21:14:49Z,2026-09-09T23:14:49+0200,10f31b98-6743-4c4d-b432-fe9eed1d7b4b,2026-09-05T20:00:00Z,2026-09-05T22:00:00+0200,11369.898,MW,NL,NL,forecast_load,Forecasted Load,2026-09-09T21:17:39Z
2026-09-09T21:14:49Z,2026-09-09T23:14:49+0200,10f31b98-6743-4c4d-b432-fe9eed1d7b4b,2026-09-05T20:15:00Z,2026-09-05T22:15:00+0200,11172.041,MW,NL,NL,forecast_load,Forecasted Load,2026-09-09T21:17:39Z
2026-09-09T21:14:49Z,2026-09-09T23:14:49+0200,10f31b98-6743-4c4d-b432-fe9eed1d7b4b,2026-09-05T20:30:00Z,2026-09-05T22:30:00+0200,11203.269,MW,NL,NL,forecast_load,Forecasted Load,2026-09-09T21:17:39Z
2026-09-09T21:14:49Z,2026-09-09T23:14:49+0200,10f31b98-6743-4c4d-b432-fe9eed1d7b4b,2026-09-05T20:45:00Z,2026-09-05T22:45:00+0200,11186.087,MW,NL,NL,forecast_load,Forecasted Load,2026-09-09T21:17:39Z
2026-09-09T21:14:49Z,2026-09-09T23:14:49+0200,10f31b98-6743-4c4d-b432-fe9eed1d7b4b,2026-09-05T21:00:00Z,2026-09-05T23:00:00+0200,11081.187,MW,NL,NL,forecast_load,Forecasted Load,2026-09-09T21:17:39Z
2026-09-09T21:14:49Z,2026-09-09T23:14:49+0200,10f31b98-6743-4c4d-b432-fe9eed1d7b4b,2026-09-05T21:15:00Z,2026-09-05T23:15:00+0200,10889.855,MW,NL,NL,forecast_load,Forecasted Load,2026-09-09T21:17:39Z
2026-09-09T21:14:49Z,2026-09-09T23:14:49+0200,10f31b98-6743-4c4d-b432-fe9eed1d7b4b,2026-09-05T21:30:00Z,2026-09-05T23:30:00+0200,10865.656,MW,NL,NL,forecast_load,Forecasted Load,2026-09-09T21:17:39Z
2026-09-09T21:14:49Z,2026-09-09T23:14:49+0200,10f31b98-6743-4c4d-b432-fe9eed1d7b4b,2026-09-05T21:45:00Z,2026-09-05T23:45:00+0200,10803.451,MW,NL,NL,forecast_load,Forecasted Load,2026-09-09T21:17:39Z
2026-09-09T21:14:49Z,2026-09-09T23:14:49+0200,10f31b98-6743-4c4d-b432-fe9eed1d7b4b,2026-09-05T22:00:00Z,2026-09-06T00:00:00+0200,11329.46,MW,NL,NL,forecast_load,Forecasted Load,2026-09-09T21:17:39Z
2026-09-09T21:14:49Z,2026-09-09T23:14:49+0200,10f31b98-6743-4c4d-b432-fe9eed1d7b4b,2026-09-05T22:15:00Z,2026-09-06T00:15:00+0200,11276.584,MW,NL,NL,forecast_load,Forecasted Load,2026-09-09T21:17:39Z
2026-09-09T21:14:49Z,2026-09-09T23:14:49+0200,10f31b98-6743-4c4d-b432-fe9eed1d7b4b,2026-09-05T22:30:00Z,2026-09-06T00:30:00+0200,11125.646,MW,NL,NL,forecast_load,Forecasted Load,2026-09-09T21:17:39Z
2026-09-09T21:14:49Z,2026-09-09T23:14:49+0200,10f31b98-6743-4c4d-b432-fe9eed1d7b4b,2026-09-05T22:45:00Z,2026-09-06T00:45:00+0200,10913.271,MW,NL,NL,forecast_load,Forecasted Load,2026-09-09T21:17:39Z
2026-09-09T21:14:49Z,2026-09-09T23:14:49+0200,10f31b98-6743-4c4d-b432-fe9eed1d7b4b,2026-09-05T23:00:00Z,2026-09-06T01:00:00+0200,10851.245,MW,NL,NL,forecast_load,Forecasted Load,2026-09-09T21:17:39Z
2026-09-09T21:14:49Z,2026-09-09T23:14:49+0200,10f31b98-6743-4c4d-b432-fe9eed1d7b4b,2026-09-05T23:15:00Z,2026-09-06T01:15:00+0200,10747.049,MW,NL,NL,forecast_load,Forecasted Load,2026-09-09T21:17:39Z
2026-09-09T21:14:49Z,2026-09-09T23:14:49+0200,10f31b98-6743-4c4d-b432-fe9eed1d7b4b,2026-09-05T23:30:00Z,2026-09-06T01:30:00+0200,10628.2,MW,NL,NL,forecast_load,Forecasted Load,2026-09-09T21:17:39Z
2026-09-09T21:14:49Z,2026-09-09T23:14:49+0200,10f31b98-6743-4c4d-b432-fe9eed1d7b4b,2026-09-05T23:45:00Z,2026-09-06T01:45:00+0200,10495.263,MW,NL,NL,forecast_load,Forecasted Load,2026-09-09T21:17:39Z
2026-09-09T21:14:49Z,2026-09-09T23:14:49+0200,10f31b98-6743-4c4d-b432-fe9eed1d7b4b,2026-09-06T00:00:00Z,2026-09-06T02:00:00+0200,10485.046,MW,NL,NL,forecast_load,Forecasted Load,2026-09-09T21:17:39Z
2026-09-09T21:14:49Z,2026-09-09T23:14:49+0200,10f31b98-6743-4c4d-b432-fe9eed1d7b4b,2026-09-06T00:15:00Z,2026-09-06T02:15:00+0200,10494.223,MW,NL,NL,forecast_load,Forecasted Load,2026-09-09T21:17:39Z
2026-09-09T21:14:49Z,2026-09-09T23:14:49+0200,10f31b98-6743-4c4d-b432-fe9eed1d7b4b,2026-09-06T00:30:00Z,2026-09-06T02:30:00+0200,10432.718,MW,NL,NL,forecast_load,Forecasted Load,2026-09-09T21:17:39Z
2026-09-09T21:14:49Z,2026-09-09T23:14:49+0200,10f31b98-6743-4c4d-b432-fe9eed1d7b4b,2026-09-06T00:45:00Z,2026-09-06T02:45:00+0200,10310.309,MW,NL,NL,forecast_load,Forecasted Load,2026-09-09T21:17:39Z
2026-09-09T21:14:49Z,2026-09-09T23:14:49+0200,10f31b98-6743-4c4d-b432-fe9eed1d7b4b,2026-09-06T01:00:00Z,2026-09-06T03:00:00+0200,10187.777,MW,NL,NL,forecast_load,Forecasted Load,2026-09-09T21:17:39Z
2026-09-09T21:14:49Z,2026-09-09T23:14:49+0200,10f31b98-6743-4c4d-b432-fe9eed1d7b4b,2026-09-06T01:15:00Z,2026-09-06T03:15:00+0200,10106.823,MW,NL,NL,forecast_load,Forecasted Load,2026-09-09T21:17:39Z
2026-09-09T21:14:49Z,2026-09-09T23:14:49+0200,10f31b98-6743-4c4d-b432-fe9eed1d7b4b,2026-09-06T01:30:00Z,2026-09-06T03:30:00+0200,10008.991,MW,NL,NL,forecast_load,Forecasted Load,2026-09-09T21:17:39Z
2026-09-09T21:14:49Z,2026-09-09T23:14:49+0200,10f31b98-6743-4c4d-b432-fe9eed1d7b4b,2026-09-06T01:45:00Z,2026-09-06T03:45:00+0200,10051.085,MW,NL,NL,forecast_load,Forecasted Load,2026-09-09T21:17:39Z
2026-09-09T21:14:49Z,2026-09-09T23:14:49+0200,10f31b98-6743-4c4d-b432-fe9eed1d7b4b,2026-09-06T02:00:00Z,2026-09-06T04:00:00+0200,10114.844,MW,NL,NL,forecast_load,Forecasted Load,2026-09-09T21:17:39Z
2026-09-09T21:14:49Z,2026-09-09T23:14:49+0200,10f31b98-6743-4c4d-b432-fe9eed1d7b4b,2026-09-06T02:15:00Z,2026-09-06T04:15:00+0200,10077.025,MW,NL,NL,forecast_load,Forecasted Load,2026-09-09T21:17:39Z
2026-09-09T21:14:49Z,2026-09-09T23:14:49+0200,10f31b98-6743-4c4d-b432-fe9eed1d7b4b,2026-09-06T02:30:00Z,2026-09-06T04:30:00+0200,10103.395,MW,NL,NL,forecast_load,Forecasted Load,2026-09-09T21:17:39Z
2026-09-09T21:14:49Z,2026-09-09T23:14:49+0200,10f31b98-6743-4c4d-b432-fe9eed1d7b4b,2026-09-06T02:45:00Z,2026-09-06T04:45:00+0200,10113.182,MW,NL,NL,forecast_load,Forecasted Load,2026-09-09T21:17:39Z
2026-09-09T21:14:49Z,2026-09-09T23:14:49+0200,10f31b98-6743-4c4d-b432-fe9eed1d7b4b,2026-09-06T03:00:00Z,2026-09-06T05:00:00+0200,10055.925,MW,NL,NL,forecast_load,Forecasted Load,2026-09-09T21:17:39Z
2026-09-09T21:14:49Z,2026-09-09T23:14:49+0200,10f31b98-6743-4c4d-b432-fe9eed1d7b4b,2026-09-06T03:15:00Z,2026-09-06T05:15:00+0200,10033.059,MW,NL,NL,forecast_load,Forecasted Load,2026-09-09T21:17:39Z
2026-09-09T21:14:49Z,2026-09-09T23:14:49+0200,10f31b98-6743-4c4d-b432-fe9eed1d7b4b,2026-09-06T03:30:00Z,2026-09-06T05:30:00+0200,10048.698,MW,NL,NL,forecast_load,Forecasted Load,2026-09-09T21:17:39Z
2026-09-09T21:14:49Z,2026-09-09T23:14:49+0200,10f31b98-6743-4c4d-b432-fe9eed1d7b4b,2026-09-06T03:45:00Z,2026-09-06T05:45:00+0200,10104.185,MW,NL,NL,forecast_load,Forecasted Load,2026-09-09T21:17:39Z
2026-09-09T21:14:49Z,2026-09-09T23:14:49+0200,10f31b98-6743-4c4d-b432-fe9eed1d7b4b,2026-09-06T04:00:00Z,2026-09-06T06:00:00+0200,10130.049,MW,NL,NL,forecast_load,Forecasted Load,2026-09-09T21:17:39Z
2026-09-09T21:14:49Z,2026-09-09T23:14:49+0200,10f31b98-6743-4c4d-b432-fe9eed1d7b4b,2026-09-06T04:15:00Z,2026-09-06T06:15:00+0200,10127.505,MW,NL,NL,forecast_load,Forecasted Load,2026-09-09T21:17:39Z
2026-09-09T21:14:49Z,2026-09-09T23:14:49+0200,10f31b98-6743-4c4d-b432-fe9eed1d7b4b,2026-09-06T04:30:00Z,2026-09-06T06:30:00+0200,10040.862,MW,NL,NL,forecast_load,Forecasted Load,2026-09-09T21:17:39Z
2026-09-09T21:14:49Z,2026-09-09T23:14:49+0200,10f31b98-6743-4c4d-b432-fe9eed1d7b4b,2026-09-06T04:45:00Z,2026-09-06T06:45:00+0200,10044.997,MW,NL,NL,forecast_load,Forecasted Load,2026-09-09T21:17:39Z
2026-09-09T21:14:49Z,2026-09-09T23:14:49+0200,10f31b98-6743-4c4d-b432-fe9eed1d7b4b,2026-09-06T05:00:00Z,2026-09-06T07:00:00+0200,10011.668,MW,NL,NL,forecast_load,Forecasted Load,2026-09-09T21:17:39Z
2026-09-09T21:14:49Z,2026-09-09T23:14:49+0200,10f31b98-6743-4c4d-b432-fe9eed1d7b4b,2026-09-06T05:15:00Z,2026-09-06T07:15:00+0200,9926.996,MW,NL,NL,forecast_load,Forecasted Load,2026-09-09T21:17:39Z
2026-09-09T21:14:49Z,2026-09-09T23:14:49+0200,10f31b98-6743-4c4d-b432-fe9eed1d7b4b,2026-09-06T05:30:00Z,2026-09-06T07:30:00+0200,9843.001,MW,NL,NL,forecast_load,Forecasted Load,2026-09-09T21:17:39Z
2026-09-09T21:14:49Z,2026-09-09T23:14:49+0200,10f31b98-6743-4c4d-b432-fe9eed1d7b4b,2026-09-06T05:45:00Z,2026-09-06T07:45:00+0200,9910.818,MW,NL,NL,forecast_load,Forecasted Load,2026-09-09T21:17:39Z
2026-09-09T21:14:49Z,2026-09-09T23:14:49+0200,10f31b98-6743-4c4d-b432-fe9eed1d7b4b,2026-09-06T06:00:00Z,2026-09-06T08:00:00+0200,10051.475,MW,NL,NL,forecast_load,Forecasted Load,2026-09-09T21:17:39Z
2026-09-09T21:14:49Z,2026-09-09T23:14:49+0200,10f31b98-6743-4c4d-b432-fe9eed1d7b4b,2026-09-06T06:15:00Z,2026-09-06T08:15:00+0200,10149.772,MW,NL,NL,forecast_load,Forecasted Load,2026-09-09T21:17:39Z
2026-09-09T21:14:49Z,2026-09-09T23:14:49+0200,10f31b98-6743-4c4d-b432-fe9eed1d7b4b,2026-09-06T06:30:00Z,2026-09-06T08:30:00+0200,10210.774,MW,NL,NL,forecast_load,Forecasted Load,2026-09-09T21:17:39Z
2026-09-09T21:14:49Z,2026-09-09T23:14:49+0200,10f31b98-6743-4c4d-b432-fe9eed1d7b4b,2026-09-06T06:45:00Z,2026-09-06T08:45:00+0200,10319.318,MW,NL,NL,forecast_load,Forecasted Load,2026-09-09T21:17:39Z
2026-09-09T21:14:49Z,2026-09-09T23:14:49+0200,10f31b98-6743-4c4d-b432-fe9eed1d7b4b,2026-09-06T07:00:00Z,2026-09-06T09:00:00+0200,10380.343,MW,NL,NL,forecast_load,Forecasted Load,2026-09-09T21:17:39Z
2026-09-09T21:14:49Z,2026-09-09T23:14:49+0200,10f31b98-6743-4c4d-b432-fe9eed1d7b4b,2026-09-06T07:15:00Z,2026-09-06T09:15:00+0200,10404.405,MW,NL,NL,forecast_load,Forecasted Load,2026-09-09T21:17:39Z
2026-09-09T21:14:49Z,2026-09-09T23:14:49+0200,10f31b98-6743-4c4d-b432-fe9eed1d7b4b,2026-09-06T07:30:00Z,2026-09-06T09:30:00+0200,10563.91,MW,NL,NL,forecast_load,Forecasted Load,2026-09-09T21:17:39Z
2026-09-09T21:14:49Z,2026-09-09T23:14:49+0200,10f31b98-6743-4c4d-b432-fe9eed1d7b4b,2026-09-06T07:45:00Z,2026-09-06T09:45:00+0200,10716.673,MW,NL,NL,forecast_load,Forecasted Load,2026-09-09T21:17:39Z
2026-09-09T21:14:49Z,2026-09-09T23:14:49+0200,10f31b98-6743-4c4d-b432-fe9eed1d7b4b,2026-09-06T08:00:00Z,2026-09-06T10:00:00+0200,11009.381,MW,NL,NL,forecast_load,Forecasted Load,2026-09-09T21:17:39Z
2026-09-09T21:14:49Z,2026-09-09T23:14:49+0200,10f31b98-6743-4c4d-b432-fe9eed1d7b4b,2026-09-06T08:15:00Z,2026-09-06T10:15:00+0200,10907.232,MW,NL,NL,forecast_load,Forecasted Load,2026-09-09T21:17:39Z
2026-09-09T21:14:49Z,2026-09-09T23:14:49+0200,10f31b98-6743-4c4d-b432-fe9eed1d7b4b,2026-09-06T08:30:00Z,2026-09-06T10:30:00+0200,10948.505,MW,NL,NL,forecast_load,Forecasted Load,2026-09-09T21:17:39Z
2026-09-09T21:14:49Z,2026-09-09T23:14:49+0200,10f31b98-6743-4c4d-b432-fe9eed1d7b4b,2026-09-06T08:45:00Z,2026-09-06T10:45:00+0200,11034.166,MW,NL,NL,forecast_load,Forecasted Load,2026-09-09T21:17:39Z
2026-09-09T21:14:49Z,2026-09-09T23:14:49+0200,10f31b98-6743-4c4d-b432-fe9eed1d7b4b,2026-09-06T09:00:00Z,2026-09-06T11:00:00+0200,11078.208,MW,NL,NL,forecast_load,Forecasted Load,2026-09-09T21:17:39Z
2026-09-09T21:14:49Z,2026-09-09T23:14:49+0200,10f31b98-6743-4c4d-b432-fe9eed1d7b4b,2026-09-06T09:15:00Z,2026-09-06T11:15:00+0200,11198.841,MW,NL,NL,forecast_load,Forecasted Load,2026-09-09T21:17:39Z
2026-09-09T21:14:49Z,2026-09-09T23:14:49+0200,10f31b98-6743-4c4d-b432-fe9eed1d7b4b,2026-09-06T09:30:00Z,2026-09-06T11:30:00+0200,11104.116,MW,NL,NL,forecast_load,Forecasted Load,2026-09-09T21:17:39Z
2026-09-09T21:14:49Z,2026-09-09T23:14:49+0200,10f31b98-6743-4c4d-b432-fe9eed1d7b4b,2026-09-06T09:45:00Z,2026-09-06T11:45:00+0200,11168.665,MW,NL,NL,forecast_load,Forecasted Load,2026-09-09T21:17:39Z
2026-09-09T21:14:49Z,2026-09-09T23:14:49+0200,10f31b98-6743-4c4d-b432-fe9eed1d7b4b,2026-09-06T10:00:00Z,2026-09-06T12:00:00+0200,11254.888,MW,NL,NL,forecast_load,Forecasted Load,2026-09-09T21:17:39Z
2026-09-09T21:14:49Z,2026-09-09T23:14:49+0200,10f31b98-6743-4c4d-b432-fe9eed1d7b4b,2026-09-06T10:15:00Z,2026-09-06T12:15:00+0200,11218.514,MW,NL,NL,forecast_load,Forecasted Load,2026-09-09T21:17:39Z
2026-09-09T21:14:49Z,2026-09-09T23:14:49+0200,10f31b98-6743-4c4d-b432-fe9eed1d7b4b,2026-09-06T10:30:00Z,2026-09-06T12:30:00+0200,11210.634,MW,NL,NL,forecast_load,Forecasted Load,2026-09-09T21:17:39Z
2026-09-09T21:14:49Z,2026-09-09T23:14:49+0200,10f31b98-6743-4c4d-b432-fe9eed1d7b4b,2026-09-06T10:45:00Z,2026-09-06T12:45:00+0200,11295.354,MW,NL,NL,forecast_load,Forecasted Load,2026-09-09T21:17:39Z
2026-09-09T21:14:49Z,2026-09-09T23:14:49+0200,10f31b98-6743-4c4d-b432-fe9eed1d7b4b,2026-09-06T11:00:00Z,2026-09-06T13:00:00+0200,11203.017,MW,NL,NL,forecast_load,Forecasted Load,2026-09-09T21:17:39Z
2026-09-09T21:14:49Z,2026-09-09T23:14:49+0200,10f31b98-6743-4c4d-b432-fe9eed1d7b4b,2026-09-06T11:15:00Z,2026-09-06T13:15:00+0200,11251.963,MW,NL,NL,forecast_load,Forecasted Load,2026-09-09T21:17:39Z
2026-09-09T21:14:49Z,2026-09-09T23:14:49+0200,10f31b98-6743-4c4d-b432-fe9eed1d7b4b,2026-09-06T11:30:00Z,2026-09-06T13:30:00+0200,11179.379,MW,NL,NL,forecast_load,Forecasted Load,2026-09-09T21:17:39Z
2026-09-09T21:14:49Z,2026-09-09T23:14:49+0200,10f31b98-6743-4c4d-b432-fe9eed1d7b4b,2026-09-06T11:45:00Z,2026-09-06T13:45:00+0200,11123.133,MW,NL,NL,forecast_load,Forecasted Load,2026-09-09T21:17:39Z
2026-09-09T21:14:49Z,2026-09-09T23:14:49+0200,10f31b98-6743-4c4d-b432-fe9eed1d7b4b,2026-09-06T12:00:00Z,2026-09-06T14:00:00+0200,11125.338,MW,NL,NL,forecast_load,Forecasted Load,2026-09-09T21:17:39Z
2026-09-09T21:14:49Z,2026-09-09T23:14:49+0200,10f31b98-6743-4c4d-b432-fe9eed1d7b4b,2026-09-06T12:15:00Z,2026-09-06T14:15:00+0200,11061.27,MW,NL,NL,forecast_load,Forecasted Load,2026-09-09T21:17:39Z
2026-09-09T21:14:49Z,2026-09-09T23:14:49+0200,10f31b98-6743-4c4d-b432-fe9eed1d7b4b,2026-09-06T12:30:00Z,2026-09-06T14:30:00+0200,11016.263,MW,NL,NL,forecast_load,Forecasted Load,2026-09-09T21:17:39Z
2026-09-09T21:14:49Z,2026-09-09T23:14:49+0200,10f31b98-6743-4c4d-b432-fe9eed1d7b4b,2026-09-06T12:45:00Z,2026-09-06T14:45:00+0200,10836.597,MW,NL,NL,forecast_load,Forecasted Load,2026-09-09T21:17:39Z
2026-09-09T21:14:49Z,2026-09-09T23:14:49+0200,10f31b98-6743-4c4d-b432-fe9eed1d7b4b,2026-09-06T13:00:00Z,2026-09-06T15:00:00+0200,10679.994,MW,NL,NL,forecast_load,Forecasted Load,2026-09-09T21:17:39Z
2026-09-09T21:14:49Z,2026-09-09T23:14:49+0200,10f31b98-6743-4c4d-b432-fe9eed1d7b4b,2026-09-06T13:15:00Z,2026-09-06T15:15:00+0200,10530.227,MW,NL,NL,forecast_load,Forecasted Load,2026-09-09T21:17:39Z
2026-09-09T21:14:49Z,2026-09-09T23:14:49+0200,10f31b98-6743-4c4d-b432-fe9eed1d7b4b,2026-09-06T13:30:00Z,2026-09-06T15:30:00+0200,10587.374,MW,NL,NL,forecast_load,Forecasted Load,2026-09-09T21:17:39Z
2026-09-09T21:14:49Z,2026-09-09T23:14:49+0200,10f31b98-6743-4c4d-b432-fe9eed1d7b4b,2026-09-06T13:45:00Z,2026-09-06T15:45:00+0200,10562.186,MW,NL,NL,forecast_load,Forecasted Load,2026-09-09T21:17:39Z
2026-09-09T21:14:49Z,2026-09-09T23:14:49+0200,10f31b98-6743-4c4d-b432-fe9eed1d7b4b,2026-09-06T14:00:00Z,2026-09-06T16:00:00+0200,10475.935,MW,NL,NL,forecast_load,Forecasted Load,2026-09-09T21:17:39Z
2026-09-09T21:14:49Z,2026-09-09T23:14:49+0200,10f31b98-6743-4c4d-b432-fe9eed1d7b4b,2026-09-06T14:15:00Z,2026-09-06T16:15:00+0200,10473.97,MW,NL,NL,forecast_load,Forecasted Load,2026-09-09T21:17:39Z
2026-09-09T21:14:49Z,2026-09-09T23:14:49+0200,10f31b98-6743-4c4d-b432-fe9eed1d7b4b,2026-09-06T14:30:00Z,2026-09-06T16:30:00+0200,10548.961,MW,NL,NL,forecast_load,Forecasted Load,2026-09-09T21:17:39Z
2026-09-09T21:14:49Z,2026-09-09T23:14:49+0200,10f31b98-6743-4c4d-b432-fe9eed1d7b4b,2026-09-06T14:45:00Z,2026-09-06T16:45:00+0200,10695.749,MW,NL,NL,forecast_load,Forecasted Load,2026-09-09T21:17:39Z
2026-09-09T21:14:49Z,2026-09-09T23:14:49+0200,10f31b98-6743-4c4d-b432-fe9eed1d7b4b,2026-09-06T15:00:00Z,2026-09-06T17:00:00+0200,10884.249,MW,NL,NL,forecast_load,Forecasted Load,2026-09-09T21:17:39Z
2026-09-09T21:14:49Z,2026-09-09T23:14:49+0200,10f31b98-6743-4c4d-b432-fe9eed1d7b4b,2026-09-06T15:15:00Z,2026-09-06T17:15:00+0200,11260.728,MW,NL,NL,forecast_load,Forecasted Load,2026-09-09T21:17:39Z
2026-09-09T21:14:49Z,2026-09-09T23:14:49+0200,10f31b98-6743-4c4d-b432-fe9eed1d7b4b,2026-09-06T15:30:00Z,2026-09-06T17:30:00+0200,11490.711,MW,NL,NL,forecast_load,Forecasted Load,2026-09-09T21:17:39Z
2026-09-09T21:14:49Z,2026-09-09T23:14:49+0200,10f31b98-6743-4c4d-b432-fe9eed1d7b4b,2026-09-06T15:45:00Z,2026-09-06T17:45:00+0200,11641.575,MW,NL,NL,forecast_load,Forecasted Load,2026-09-09T21:17:39Z
2026-09-09T21:14:49Z,2026-09-09T23:14:49+0200,10f31b98-6743-4c4d-b432-fe9eed1d7b4b,2026-09-06T16:00:00Z,2026-09-06T18:00:00+0200,11751.656,MW,NL,NL,forecast_load,Forecasted Load,2026-09-09T21:17:39Z
2026-09-09T21:14:49Z,2026-09-09T23:14:49+0200,10f31b98-6743-4c4d-b432-fe9eed1d7b4b,2026-09-06T16:15:00Z,2026-09-06T18:15:00+0200,11973.835,MW,NL,NL,forecast_load,Forecasted Load,2026-09-09T21:17:39Z
2026-09-09T21:14:49Z,2026-09-09T23:14:49+0200,10f31b98-6743-4c4d-b432-fe9eed1d7b4b,2026-09-06T16:30:00Z,2026-09-06T18:30:00+0200,12191.566,MW,NL,NL,forecast_load,Forecasted Load,2026-09-09T21:17:39Z
2026-09-09T21:14:49Z,2026-09-09T23:14:49+0200,10f31b98-6743-4c4d-b432-fe9eed1d7b4b,2026-09-06T16:45:00Z,2026-09-06T18:45:00+0200,12297.903,MW,NL,NL,forecast_load,Forecasted Load,2026-09-09T21:17:39Z
2026-09-09T21:14:49Z,2026-09-09T23:14:49+0200,10f31b98-6743-4c4d-b432-fe9eed1d7b4b,2026-09-06T17:00:00Z,2026-09-06T19:00:00+0200,12367.705,MW,NL,NL,forecast_load,Forecasted Load,2026-09-09T21:17:39Z
2026-09-09T21:14:49Z,2026-09-09T23:14:49+0200,10f31b98-6743-4c4d-b432-fe9eed1d7b4b,2026-09-06T17:15:00Z,2026-09-06T19:15:00+0200,12509.069,MW,NL,NL,forecast_load,Forecasted Load,2026-09-09T21:17:39Z
2026-09-09T21:14:49Z,2026-09-09T23:14:49+0200,10f31b98-6743-4c4d-b432-fe9eed1d7b4b,2026-09-06T17:30:00Z,2026-09-06T19:30:00+0200,12478.41,MW,NL,NL,forecast_load,Forecasted Load,2026-09-09T21:17:39Z
2026-09-09T21:14:49Z,2026-09-09T23:14:49+0200,10f31b98-6743-4c4d-b432-fe9eed1d7b4b,2026-09-06T17:45:00Z,2026-09-06T19:45:00+0200,12528.979,MW,NL,NL,forecast_load,Forecasted Load,2026-09-09T21:17:39Z
2026-09-09T21:14:49Z,2026-09-09T23:14:49+0200,10f31b98-6743-4c4d-b432-fe9eed1d7b4b,2026-09-06T18:00:00Z,2026-09-06T20:00:00+0200,12622.535,MW,NL,NL,forecast_load,Forecasted Load,2026-09-09T21:17:39Z
2026-09-09T21:14:49Z,2026-09-09T23:14:49+0200,10f31b98-6743-4c4d-b432-fe9eed1d7b4b,2026-09-06T18:15:00Z,2026-09-06T20:15:00+0200,12731.819,MW,NL,NL,forecast_load,Forecasted Load,2026-09-09T21:17:39Z
2026-09-09T21:14:49Z,2026-09-09T23:14:49+0200,10f31b98-6743-4c4d-b432-fe9eed1d7b4b,2026-09-06T18:30:00Z,2026-09-06T20:30:00+0200,12752.008,MW,NL,NL,forecast_load,Forecasted Load,2026-09-09T21:17:39Z
2026-09-09T21:14:49Z,2026-09-09T23:14:49+0200,10f31b98-6743-4c4d-b432-fe9eed1d7b4b,2026-09-06T18:45:00Z,2026-09-06T20:45:00+0200,12702.374,MW,NL,NL,forecast_load,Forecasted Load,2026-09-09T21:17:39Z
2026-09-09T21:14:49Z,2026-09-09T23:14:49+0200,10f31b98-6743-4c4d-b432-fe9eed1d7b4b,2026-09-06T19:00:00Z,2026-09-06T21:00:00+0200,12615.262,MW,NL,NL,forecast_load,Forecasted Load,2026-09-09T21:17:39Z
2026-09-09T21:14:49Z,2026-09-09T23:14:49+0200,10f31b98-6743-4c4d-b432-fe9eed1d7b4b,2026-09-06T19:15:00Z,2026-09-06T21:15:00+0200,12598.051,MW,NL,NL,forecast_load,Forecasted Load,2026-09-09T21:17:39Z
2026-09-09T21:14:49Z,2026-09-09T23:14:49+0200,10f31b98-6743-4c4d-b432-fe9eed1d7b4b,2026-09-06T19:30:00Z,2026-09-06T21:30:00+0200,12497.167,MW,NL,NL,forecast_load,Forecasted Load,2026-09-09T21:17:39Z
2026-09-09T21:14:49Z,2026-09-09T23:14:49+0200,10f31b98-6743-4c4d-b432-fe9eed1d7b4b,2026-09-06T19:45:00Z,2026-09-06T21:45:00+0200,12448.27,MW,NL,NL,forecast_load,Forecasted Load,2026-09-09T21:17:39Z
2026-09-09T21:14:49Z,2026-09-09T23:14:49+0200,10f31b98-6743-4c4d-b432-fe9eed1d7b4b,2026-09-06T20:00:00Z,2026-09-06T22:00:00+0200,12426.737,MW,NL,NL,forecast_load,Forecasted Load,2026-09-09T21:17:39Z
2026-09-09T21:14:49Z,2026-09-09T23:14:49+0200,10f31b98-6743-4c4d-b432-fe9eed1d7b4b,2026-09-06T20:15:00Z,2026-09-06T22:15:00+0200,12383.066,MW,NL,NL,forecast_load,Forecasted Load,2026-09-09T21:17:39Z
2026-09-09T21:14:49Z,2026-09-09T23:14:49+0200,10f31b98-6743-4c4d-b432-fe9eed1d7b4b,2026-09-06T20:30:00Z,2026-09-06T22:30:00+0200,12329.372,MW,NL,NL,forecast_load,Forecasted Load,2026-09-09T21:17:39Z
2026-09-09T21:14:49Z,2026-09-09T23:14:49+0200,10f31b98-6743-4c4d-b432-fe9eed1d7b4b,2026-09-06T20:45:00Z,2026-09-06T22:45:00+0200,12233.008,MW,NL,NL,forecast_load,Forecasted Load,2026-09-09T21:17:39Z
2026-09-09T21:14:49Z,2026-09-09T23:14:49+0200,10f31b98-6743-4c4d-b432-fe9eed1d7b4b,2026-09-06T21:00:00Z,2026-09-06T23:00:00+0200,12140.178,MW,NL,NL,forecast_load,Forecasted Load,2026-09-09T21:17:39Z
2026-09-09T21:14:49Z,2026-09-09T23:14:49+0200,10f31b98-6743-4c4d-b432-fe9eed1d7b4b,2026-09-06T21:15:00Z,2026-09-06T23:15:00+0200,11940.139,MW,NL,NL,forecast_load,Forecasted Load,2026-09-09T21:17:39Z
2026-09-09T21:14:49Z,2026-09-09T23:14:49+0200,10f31b98-6743-4c4d-b432-fe9eed1d7b4b,2026-09-06T21:30:00Z,2026-09-06T23:30:00+0200,11859.295,MW,NL,NL,forecast_load,Forecasted Load,2026-09-09T21:17:39Z
2026-09-09T21:14:49Z,2026-09-09T23:14:49+0200,10f31b98-6743-4c4d-b432-fe9eed1d7b4b,2026-09-06T21:45:00Z,2026-09-06T23:45:00+0200,11738.608,MW,NL,NL,forecast_load,Forecasted Load,2026-09-09T21:17:39Z
2026-09-09T21:14:49Z,2026-09-09T23:14:49+0200,10f31b98-6743-4c4d-b432-fe9eed1d7b4b,2026-09-06T22:00:00Z,2026-09-07T00:00:00+0200,10838.347,MW,NL,NL,forecast_load,Forecasted Load,2026-09-09T21:17:39Z
2026-09-09T21:14:49Z,2026-09-09T23:14:49+0200,10f31b98-6743-4c4d-b432-fe9eed1d7b4b,2026-09-06T22:15:00Z,2026-09-07T00:15:00+0200,10770.89,MW,NL,NL,forecast_load,Forecasted Load,2026-09-09T21:17:39Z
2026-09-09T21:14:49Z,2026-09-09T23:14:49+0200,10f31b98-6743-4c4d-b432-fe9eed1d7b4b,2026-09-06T22:30:00Z,2026-09-07T00:30:00+0200,10762.292,MW,NL,NL,forecast_load,Forecasted Load,2026-09-09T21:17:39Z
2026-09-09T21:14:49Z,2026-09-09T23:14:49+0200,10f31b98-6743-4c4d-b432-fe9eed1d7b4b,2026-09-06T22:45:00Z,2026-09-07T00:45:00+0200,10753.964,MW,NL,NL,forecast_load,Forecasted Load,2026-09-09T21:17:39Z
2026-09-09T21:14:49Z,2026-09-09T23:14:49+0200,10f31b98-6743-4c4d-b432-fe9eed1d7b4b,2026-09-06T23:00:00Z,2026-09-07T01:00:00+0200,10757.202,MW,NL,NL,forecast_load,Forecasted Load,2026-09-09T21:17:39Z
2026-09-09T21:14:49Z,2026-09-09T23:14:49+0200,10f31b98-6743-4c4d-b432-fe9eed1d7b4b,2026-09-06T23:15:00Z,2026-09-07T01:15:00+0200,10673.215,MW,NL,NL,forecast_load,Forecasted Load,2026-09-09T21:17:39Z
2026-09-09T21:14:49Z,2026-09-09T23:14:49+0200,10f31b98-6743-4c4d-b432-fe9eed1d7b4b,2026-09-06T23:30:00Z,2026-09-07T01:30:00+0200,10623.888,MW,NL,NL,forecast_load,Forecasted Load,2026-09-09T21:17:39Z
2026-09-09T21:14:49Z,2026-09-09T23:14:49+0200,10f31b98-6743-4c4d-b432-fe9eed1d7b4b,2026-09-06T23:45:00Z,2026-09-07T01:45:00+0200,10623.886,MW,NL,NL,forecast_load,Forecasted Load,2026-09-09T21:17:39Z
2026-09-09T21:14:49Z,2026-09-09T23:14:49+0200,10f31b98-6743-4c4d-b432-fe9eed1d7b4b,2026-09-07T00:00:00Z,2026-09-07T02:00:00+0200,10612.802,MW,NL,NL,forecast_load,Forecasted Load,2026-09-09T21:17:39Z
2026-09-09T21:14:49Z,2026-09-09T23:14:49+0200,10f31b98-6743-4c4d-b432-fe9eed1d7b4b,2026-09-07T00:15:00Z,2026-09-07T02:15:00+0200,10558.57,MW,NL,NL,forecast_load,Forecasted Load,2026-09-09T21:17:39Z
2026-09-09T21:14:49Z,2026-09-09T23:14:49+0200,10f31b98-6743-4c4d-b432-fe9eed1d7b4b,2026-09-07T00:30:00Z,2026-09-07T02:30:00+0200,10471.48,MW,NL,NL,forecast_load,Forecasted Load,2026-09-09T21:17:39Z
2026-09-09T21:14:49Z,2026-09-09T23:14:49+0200,10f31b98-6743-4c4d-b432-fe9eed1d7b4b,2026-09-07T00:45:00Z,2026-09-07T02:45:00+0200,10482.73,MW,NL,NL,forecast_load,Forecasted Load,2026-09-09T21:17:39Z
2026-09-09T21:14:49Z,2026-09-09T23:14:49+0200,10f31b98-6743-4c4d-b432-fe9eed1d7b4b,2026-09-07T01:00:00Z,2026-09-07T03:00:00+0200,10578.592,MW,NL,NL,forecast_load,Forecasted Load,2026-09-09T21:17:39Z
2026-09-09T21:14:49Z,2026-09-09T23:14:49+0200,10f31b98-6743-4c4d-b432-fe9eed1d7b4b,2026-09-07T01:15:00Z,2026-09-07T03:15:00+0200,10650.754,MW,NL,NL,forecast_load,Forecasted Load,2026-09-09T21:17:39Z
2026-09-09T21:14:49Z,2026-09-09T23:14:49+0200,10f31b98-6743-4c4d-b432-fe9eed1d7b4b,2026-09-07T01:30:00Z,2026-09-07T03:30:00+0200,10616.742,MW,NL,NL,forecast_load,Forecasted Load,2026-09-09T21:17:39Z
2026-09-09T21:14:49Z,2026-09-09T23:14:49+0200,10f31b98-6743-4c4d-b432-fe9eed1d7b4b,2026-09-07T01:45:00Z,2026-09-07T03:45:00+0200,10712.572,MW,NL,NL,forecast_load,Forecasted Load,2026-09-09T21:17:39Z
2026-09-09T21:14:49Z,2026-09-09T23:14:49+0200,10f31b98-6743-4c4d-b432-fe9eed1d7b4b,2026-09-07T02:00:00Z,2026-09-07T04:00:00+0200,10649.231,MW,NL,NL,forecast_load,Forecasted Load,2026-09-09T21:17:39Z
2026-09-09T21:14:49Z,2026-09-09T23:14:49+0200,10f31b98-6743-4c4d-b432-fe9eed1d7b4b,2026-09-07T02:15:00Z,2026-09-07T04:15:00+0200,10724.991,MW,NL,NL,forecast_load,Forecasted Load,2026-09-09T21:17:39Z
2026-09-09T21:14:49Z,2026-09-09T23:14:49+0200,10f31b98-6743-4c4d-b432-fe9eed1d7b4b,2026-09-07T02:30:00Z,2026-09-07T04:30:00+0200,10705.444,MW,NL,NL,forecast_load,Forecasted Load,2026-09-09T21:17:39Z
2026-09-09T21:14:49Z,2026-09-09T23:14:49+0200,10f31b98-6743-4c4d-b432-fe9eed1d7b4b,2026-09-07T02:45:00Z,2026-09-07T04:45:00+0200,10728.932,MW,NL,NL,forecast_load,Forecasted Load,2026-09-09T21:17:39Z
2026-09-09T21:14:49Z,2026-09-09T23:14:49+0200,10f31b98-6743-4c4d-b432-fe9eed1d7b4b,2026-09-07T03:00:00Z,2026-09-07T05:00:00+0200,10781.17,MW,NL,NL,forecast_load,Forecasted Load,2026-09-09T21:17:39Z
2026-09-09T21:14:49Z,2026-09-09T23:14:49+0200,10f31b98-6743-4c4d-b432-fe9eed1d7b4b,2026-09-07T03:15:00Z,2026-09-07T05:15:00+0200,10951.931,MW,NL,NL,forecast_load,Forecasted Load,2026-09-09T21:17:39Z
2026-09-09T21:14:49Z,2026-09-09T23:14:49+0200,10f31b98-6743-4c4d-b432-fe9eed1d7b4b,2026-09-07T03:30:00Z,2026-09-07T05:30:00+0200,10956.341,MW,NL,NL,forecast_load,Forecasted Load,2026-09-09T21:17:39Z
2026-09-09T21:14:49Z,2026-09-09T23:14:49+0200,10f31b98-6743-4c4d-b432-fe9eed1d7b4b,2026-09-07T03:45:00Z,2026-09-07T05:45:00+0200,10907.926,MW,NL,NL,forecast_load,Forecasted Load,2026-09-09T21:17:39Z
2026-09-09T21:14:49Z,2026-09-09T23:14:49+0200,10f31b98-6743-4c4d-b432-fe9eed1d7b4b,2026-09-07T04:00:00Z,2026-09-07T06:00:00+0200,10967.983,MW,NL,NL,forecast_load,Forecasted Load,2026-09-09T21:17:39Z
2026-09-09T21:14:49Z,2026-09-09T23:14:49+0200,10f31b98-6743-4c4d-b432-fe9eed1d7b4b,2026-09-07T04:15:00Z,2026-09-07T06:15:00+0200,11021.322,MW,NL,NL,forecast_load,Forecasted Load,2026-09-09T21:17:39Z
2026-09-09T21:14:49Z,2026-09-09T23:14:49+0200,10f31b98-6743-4c4d-b432-fe9eed1d7b4b,2026-09-07T04:30:00Z,2026-09-07T06:30:00+0200,11042.126,MW,NL,NL,forecast_load,Forecasted Load,2026-09-09T21:17:39Z
2026-09-09T21:14:49Z,2026-09-09T23:14:49+0200,10f31b98-6743-4c4d-b432-fe9eed1d7b4b,2026-09-07T04:45:00Z,2026-09-07T06:45:00+0200,11247.423,MW,NL,NL,forecast_load,Forecasted Load,2026-09-09T21:17:39Z
2026-09-09T21:14:49Z,2026-09-09T23:14:49+0200,10f31b98-6743-4c4d-b432-fe9eed1d7b4b,2026-09-07T05:00:00Z,2026-09-07T07:00:00+0200,11456.303,MW,NL,NL,forecast_load,Forecasted Load,2026-09-09T21:17:39Z
2026-09-09T21:14:49Z,2026-09-09T23:14:49+0200,10f31b98-6743-4c4d-b432-fe9eed1d7b4b,2026-09-07T05:15:00Z,2026-09-07T07:15:00+0200,11594.977,MW,NL,NL,forecast_load,Forecasted Load,2026-09-09T21:17:39Z
2026-09-09T21:14:49Z,2026-09-09T23:14:49+0200,10f31b98-6743-4c4d-b432-fe9eed1d7b4b,2026-09-07T05:30:00Z,2026-09-07T07:30:00+0200,11604.928,MW,NL,NL,forecast_load,Forecasted Load,2026-09-09T21:17:39Z
2026-09-09T21:14:49Z,2026-09-09T23:14:49+0200,10f31b98-6743-4c4d-b432-fe9eed1d7b4b,2026-09-07T05:45:00Z,2026-09-07T07:45:00+0200,11604.819,MW,NL,NL,forecast_load,Forecasted Load,2026-09-09T21:17:39Z
2026-09-09T21:14:49Z,2026-09-09T23:14:49+0200,10f31b98-6743-4c4d-b432-fe9eed1d7b4b,2026-09-07T06:00:00Z,2026-09-07T08:00:00+0200,11540.746,MW,NL,NL,forecast_load,Forecasted Load,2026-09-09T21:17:39Z
2026-09-09T21:14:49Z,2026-09-09T23:14:49+0200,10f31b98-6743-4c4d-b432-fe9eed1d7b4b,2026-09-07T06:15:00Z,2026-09-07T08:15:00+0200,11314.58,MW,NL,NL,forecast_load,Forecasted Load,2026-09-09T21:17:39Z
2026-09-09T21:14:49Z,2026-09-09T23:14:49+0200,10f31b98-6743-4c4d-b432-fe9eed1d7b4b,2026-09-07T06:30:00Z,2026-09-07T08:30:00+0200,11167.539,MW,NL,NL,forecast_load,Forecasted Load,2026-09-09T21:17:39Z
2026-09-09T21:14:49Z,2026-09-09T23:14:49+0200,10f31b98-6743-4c4d-b432-fe9eed1d7b4b,2026-09-07T06:45:00Z,2026-09-07T08:45:00+0200,11111.736,MW,NL,NL,forecast_load,Forecasted Load,2026-09-09T21:17:39Z
2026-09-09T21:14:49Z,2026-09-09T23:14:49+0200,10f31b98-6743-4c4d-b432-fe9eed1d7b4b,2026-09-07T07:00:00Z,2026-09-07T09:00:00+0200,11052.545,MW,NL,NL,forecast_load,Forecasted Load,2026-09-09T21:17:39Z
2026-09-09T21:14:49Z,2026-09-09T23:14:49+0200,10f31b98-6743-4c4d-b432-fe9eed1d7b4b,2026-09-07T07:15:00Z,2026-09-07T09:15:00+0200,10840.043,MW,NL,NL,forecast_load,Forecasted Load,2026-09-09T21:17:39Z
2026-09-09T21:14:49Z,2026-09-09T23:14:49+0200,10f31b98-6743-4c4d-b432-fe9eed1d7b4b,2026-09-07T07:30:00Z,2026-09-07T09:30:00+0200,10502.833,MW,NL,NL,forecast_load,Forecasted Load,2026-09-09T21:17:39Z
2026-09-09T21:14:49Z,2026-09-09T23:14:49+0200,10f31b98-6743-4c4d-b432-fe9eed1d7b4b,2026-09-07T07:45:00Z,2026-09-07T09:45:00+0200,10335.05,MW,NL,NL,forecast_load,Forecasted Load,2026-09-09T21:17:39Z
2026-09-09T21:14:49Z,2026-09-09T23:14:49+0200,10f31b98-6743-4c4d-b432-fe9eed1d7b4b,2026-09-07T08:00:00Z,2026-09-07T10:00:00+0200,10171.823,MW,NL,NL,forecast_load,Forecasted Load,2026-09-09T21:17:39Z
2026-09-09T21:14:49Z,2026-09-09T23:14:49+0200,10f31b98-6743-4c4d-b432-fe9eed1d7b4b,2026-09-07T08:15:00Z,2026-09-07T10:15:00+0200,10020.466,MW,NL,NL,forecast_load,Forecasted Load,2026-09-09T21:17:39Z
2026-09-09T21:14:49Z,2026-09-09T23:14:49+0200,10f31b98-6743-4c4d-b432-fe9eed1d7b4b,2026-09-07T08:30:00Z,2026-09-07T10:30:00+0200,9874.96,MW,NL,NL,forecast_load,Forecasted Load,2026-09-09T21:17:39Z
2026-09-09T21:14:49Z,2026-09-09T23:14:49+0200,10f31b98-6743-4c4d-b432-fe9eed1d7b4b,2026-09-07T08:45:00Z,2026-09-07T10:45:00+0200,9754.642,MW,NL,NL,forecast_load,Forecasted Load,2026-09-09T21:17:39Z
2026-09-09T21:14:49Z,2026-09-09T23:14:49+0200,10f31b98-6743-4c4d-b432-fe9eed1d7b4b,2026-09-07T09:00:00Z,2026-09-07T11:00:00+0200,9527.603,MW,NL,NL,forecast_load,Forecasted Load,2026-09-09T21:17:39Z
2026-09-09T21:14:49Z,2026-09-09T23:14:49+0200,10f31b98-6743-4c4d-b432-fe9eed1d7b4b,2026-09-07T09:15:00Z,2026-09-07T11:15:00+0200,9480.565,MW,NL,NL,forecast_load,Forecasted Load,2026-09-09T21:17:39Z
2026-09-09T21:14:49Z,2026-09-09T23:14:49+0200,10f31b98-6743-4c4d-b432-fe9eed1d7b4b,2026-09-07T09:30:00Z,2026-09-07T11:30:00+0200,9404.874,MW,NL,NL,forecast_load,Forecasted Load,2026-09-09T21:17:39Z
2026-09-09T21:14:49Z,2026-09-09T23:14:49+0200,10f31b98-6743-4c4d-b432-fe9eed1d7b4b,2026-09-07T09:45:00Z,2026-09-07T11:45:00+0200,9220.564,MW,NL,NL,forecast_load,Forecasted Load,2026-09-09T21:17:39Z
2026-09-09T21:14:49Z,2026-09-09T23:14:49+0200,10f31b98-6743-4c4d-b432-fe9eed1d7b4b,2026-09-07T10:00:00Z,2026-09-07T12:00:00+0200,9160.911,MW,NL,NL,forecast_load,Forecasted Load,2026-09-09T21:17:39Z
2026-09-09T21:14:49Z,2026-09-09T23:14:49+0200,10f31b98-6743-4c4d-b432-fe9eed1d7b4b,2026-09-07T10:15:00Z,2026-09-07T12:15:00+0200,9052.618,MW,NL,NL,forecast_load,Forecasted Load,2026-09-09T21:17:39Z
2026-09-09T21:14:49Z,2026-09-09T23:14:49+0200,10f31b98-6743-4c4d-b432-fe9eed1d7b4b,2026-09-07T10:30:00Z,2026-09-07T12:30:00+0200,9092.285,MW,NL,NL,forecast_load,Forecasted Load,2026-09-09T21:17:39Z
2026-09-09T21:14:49Z,2026-09-09T23:14:49+0200,10f31b98-6743-4c4d-b432-fe9eed1d7b4b,2026-09-07T10:45:00Z,2026-09-07T12:45:00+0200,9052.702,MW,NL,NL,forecast_load,Forecasted Load,2026-09-09T21:17:39Z
2026-09-09T21:14:49Z,2026-09-09T23:14:49+0200,10f31b98-6743-4c4d-b432-fe9eed1d7b4b,2026-09-07T11:00:00Z,2026-09-07T13:00:00+0200,8947.865,MW,NL,NL,forecast_load,Forecasted Load,2026-09-09T21:17:39Z
2026-09-09T21:14:49Z,2026-09-09T23:14:49+0200,10f31b98-6743-4c4d-b432-fe9eed1d7b4b,2026-09-07T11:15:00Z,2026-09-07T13:15:00+0200,8703.973,MW,NL,NL,forecast_load,Forecasted Load,2026-09-09T21:17:39Z
2026-09-09T21:14:49Z,2026-09-09T23:14:49+0200,10f31b98-6743-4c4d-b432-fe9eed1d7b4b,2026-09-07T11:30:00Z,2026-09-07T13:30:00+0200,8659.389,MW,NL,NL,forecast_load,Forecasted Load,2026-09-09T21:17:39Z
2026-09-09T21:14:49Z,2026-09-09T23:14:49+0200,10f31b98-6743-4c4d-b432-fe9eed1d7b4b,2026-09-07T11:45:00Z,2026-09-07T13:45:00+0200,8517.989,MW,NL,NL,forecast_load,Forecasted Load,2026-09-09T21:17:39Z
2026-09-09T21:14:49Z,2026-09-09T23:14:49+0200,10f31b98-6743-4c4d-b432-fe9eed1d7b4b,2026-09-07T12:00:00Z,2026-09-07T14:00:00+0200,8555.28,MW,NL,NL,forecast_load,Forecasted Load,2026-09-09T21:17:39Z
2026-09-09T21:14:49Z,2026-09-09T23:14:49+0200,10f31b98-6743-4c4d-b432-fe9eed1d7b4b,2026-09-07T12:15:00Z,2026-09-07T14:15:00+0200,8422.941,MW,NL,NL,forecast_load,Forecasted Load,2026-09-09T21:17:39Z
2026-09-09T21:14:49Z,2026-09-09T23:14:49+0200,10f31b98-6743-4c4d-b432-fe9eed1d7b4b,2026-09-07T12:30:00Z,2026-09-07T14:30:00+0200,8292.735,MW,NL,NL,forecast_load,Forecasted Load,2026-09-09T21:17:39Z
2026-09-09T21:14:49Z,2026-09-09T23:14:49+0200,10f31b98-6743-4c4d-b432-fe9eed1d7b4b,2026-09-07T12:45:00Z,2026-09-07T14:45:00+0200,8150.797,MW,NL,NL,forecast_load,Forecasted Load,2026-09-09T21:17:39Z
2026-09-09T21:14:49Z,2026-09-09T23:14:49+0200,10f31b98-6743-4c4d-b432-fe9eed1d7b4b,2026-09-07T13:00:00Z,2026-09-07T15:00:00+0200,8291.903,MW,NL,NL,forecast_load,Forecasted Load,2026-09-09T21:17:39Z
2026-09-09T21:14:49Z,2026-09-09T23:14:49+0200,10f31b98-6743-4c4d-b432-fe9eed1d7b4b,2026-09-07T13:15:00Z,2026-09-07T15:15:00+0200,8192.196,MW,NL,NL,forecast_load,Forecasted Load,2026-09-09T21:17:39Z
2026-09-09T21:14:49Z,2026-09-09T23:14:49+0200,10f31b98-6743-4c4d-b432-fe9eed1d7b4b,2026-09-07T13:30:00Z,2026-09-07T15:30:00+0200,8215.501,MW,NL,NL,forecast_load,Forecasted Load,2026-09-09T21:17:39Z
2026-09-09T21:14:49Z,2026-09-09T23:14:49+0200,10f31b98-6743-4c4d-b432-fe9eed1d7b4b,2026-09-07T13:45:00Z,2026-09-07T15:45:00+0200,8201.541,MW,NL,NL,forecast_load,Forecasted Load,2026-09-09T21:17:39Z
2026-09-09T21:14:49Z,2026-09-09T23:14:49+0200,10f31b98-6743-4c4d-b432-fe9eed1d7b4b,2026-09-07T14:00:00Z,2026-09-07T16:00:00+0200,8219.073,MW,NL,NL,forecast_load,Forecasted Load,2026-09-09T21:17:39Z
2026-09-09T21:14:49Z,2026-09-09T23:14:49+0200,10f31b98-6743-4c4d-b432-fe9eed1d7b4b,2026-09-07T14:15:00Z,2026-09-07T16:15:00+0200,8558.2,MW,NL,NL,forecast_load,Forecasted Load,2026-09-09T21:17:39Z
2026-09-09T21:14:49Z,2026-09-09T23:14:49+0200,10f31b98-6743-4c4d-b432-fe9eed1d7b4b,2026-09-07T14:30:00Z,2026-09-07T16:30:00+0200,8774.756,MW,NL,NL,forecast_load,Forecasted Load,2026-09-09T21:17:39Z
2026-09-09T21:14:49Z,2026-09-09T23:14:49+0200,10f31b98-6743-4c4d-b432-fe9eed1d7b4b,2026-09-07T14:45:00Z,2026-09-07T16:45:00+0200,8827.147,MW,NL,NL,forecast_load,Forecasted Load,2026-09-09T21:17:39Z
2026-09-09T21:14:49Z,2026-09-09T23:14:49+0200,10f31b98-6743-4c4d-b432-fe9eed1d7b4b,2026-09-07T15:00:00Z,2026-09-07T17:00:00+0200,9220.809,MW,NL,NL,forecast_load,Forecasted Load,2026-09-09T21:17:39Z
2026-09-09T21:14:49Z,2026-09-09T23:14:49+0200,10f31b98-6743-4c4d-b432-fe9eed1d7b4b,2026-09-07T15:15:00Z,2026-09-07T17:15:00+0200,9555.441,MW,NL,NL,forecast_load,Forecasted Load,2026-09-09T21:17:39Z
2026-09-09T21:14:49Z,2026-09-09T23:14:49+0200,10f31b98-6743-4c4d-b432-fe9eed1d7b4b,2026-09-07T15:30:00Z,2026-09-07T17:30:00+0200,9889.855,MW,NL,NL,forecast_load,Forecasted Load,2026-09-09T21:17:39Z
2026-09-09T21:14:49Z,2026-09-09T23:14:49+0200,10f31b98-6743-4c4d-b432-fe9eed1d7b4b,2026-09-07T15:45:00Z,2026-09-07T17:45:00+0200,10132.013,MW,NL,NL,forecast_load,Forecasted Load,2026-09-09T21:17:39Z
2026-09-09T21:14:49Z,2026-09-09T23:14:49+0200,10f31b98-6743-4c4d-b432-fe9eed1d7b4b,2026-09-07T16:00:00Z,2026-09-07T18:00:00+0200,10170.527,MW,NL,NL,forecast_load,Forecasted Load,2026-09-09T21:17:39Z
2026-09-09T21:14:49Z,2026-09-09T23:14:49+0200,10f31b98-6743-4c4d-b432-fe9eed1d7b4b,2026-09-07T16:15:00Z,2026-09-07T18:15:00+0200,10188.409,MW,NL,NL,forecast_load,Forecasted Load,2026-09-09T21:17:39Z
2026-09-09T21:14:49Z,2026-09-09T23:14:49+0200,10f31b98-6743-4c4d-b432-fe9eed1d7b4b,2026-09-07T16:30:00Z,2026-09-07T18:30:00+0200,10355.636,MW,NL,NL,forecast_load,Forecasted Load,2026-09-09T21:17:39Z
2026-09-09T21:14:49Z,2026-09-09T23:14:49+0200,10f31b98-6743-4c4d-b432-fe9eed1d7b4b,2026-09-07T16:45:00Z,2026-09-07T18:45:00+0200,10602.433,MW,NL,NL,forecast_load,Forecasted Load,2026-09-09T21:17:39Z
2026-09-09T21:14:49Z,2026-09-09T23:14:49+0200,10f31b98-6743-4c4d-b432-fe9eed1d7b4b,2026-09-07T17:00:00Z,2026-09-07T19:00:00+0200,10845.824,MW,NL,NL,forecast_load,Forecasted Load,2026-09-09T21:17:39Z
2026-09-09T21:14:49Z,2026-09-09T23:14:49+0200,10f31b98-6743-4c4d-b432-fe9eed1d7b4b,2026-09-07T17:15:00Z,2026-09-07T19:15:00+0200,11091.289,MW,NL,NL,forecast_load,Forecasted Load,2026-09-09T21:17:39Z
2026-09-09T21:14:49Z,2026-09-09T23:14:49+0200,10f31b98-6743-4c4d-b432-fe9eed1d7b4b,2026-09-07T17:30:00Z,2026-09-07T19:30:00+0200,11401.177,MW,NL,NL,forecast_load,Forecasted Load,2026-09-09T21:17:39Z
2026-09-09T21:14:49Z,2026-09-09T23:14:49+0200,10f31b98-6743-4c4d-b432-fe9eed1d7b4b,2026-09-07T17:45:00Z,2026-09-07T19:45:00+0200,11539.186,MW,NL,NL,forecast_load,Forecasted Load,2026-09-09T21:17:39Z
2026-09-09T21:14:49Z,2026-09-09T23:14:49+0200,10f31b98-6743-4c4d-b432-fe9eed1d7b4b,2026-09-07T18:00:00Z,2026-09-07T20:00:00+0200,11718.887,MW,NL,NL,forecast_load,Forecasted Load,2026-09-09T21:17:39Z
2026-09-09T21:14:49Z,2026-09-09T23:14:49+0200,10f31b98-6743-4c4d-b432-fe9eed1d7b4b,2026-09-07T18:15:00Z,2026-09-07T20:15:00+0200,11999.296,MW,NL,NL,forecast_load,Forecasted Load,2026-09-09T21:17:39Z
2026-09-09T21:14:49Z,2026-09-09T23:14:49+0200,10f31b98-6743-4c4d-b432-fe9eed1d7b4b,2026-09-07T18:30:00Z,2026-09-07T20:30:00+0200,12091.364,MW,NL,NL,forecast_load,Forecasted Load,2026-09-09T21:17:39Z
2026-09-09T21:14:49Z,2026-09-09T23:14:49+0200,10f31b98-6743-4c4d-b432-fe9eed1d7b4b,2026-09-07T18:45:00Z,2026-09-07T20:45:00+0200,12103.765,MW,NL,NL,forecast_load,Forecasted Load,2026-09-09T21:17:39Z
2026-09-09T21:14:49Z,2026-09-09T23:14:49+0200,10f31b98-6743-4c4d-b432-fe9eed1d7b4b,2026-09-07T19:00:00Z,2026-09-07T21:00:00+0200,12113.28,MW,NL,NL,forecast_load,Forecasted Load,2026-09-09T21:17:39Z
2026-09-09T21:14:49Z,2026-09-09T23:14:49+0200,10f31b98-6743-4c4d-b432-fe9eed1d7b4b,2026-09-07T19:15:00Z,2026-09-07T21:15:00+0200,11975.586,MW,NL,NL,forecast_load,Forecasted Load,2026-09-09T21:17:39Z
2026-09-09T21:14:49Z,2026-09-09T23:14:49+0200,10f31b98-6743-4c4d-b432-fe9eed1d7b4b,2026-09-07T19:30:00Z,2026-09-07T21:30:00+0200,11925.542,MW,NL,NL,forecast_load,Forecasted Load,2026-09-09T21:17:39Z
2026-09-09T21:14:49Z,2026-09-09T23:14:49+0200,10f31b98-6743-4c4d-b432-fe9eed1d7b4b,2026-09-07T19:45:00Z,2026-09-07T21:45:00+0200,11807.546,MW,NL,NL,forecast_load,Forecasted Load,2026-09-09T21:17:39Z
2026-09-09T21:14:49Z,2026-09-09T23:14:49+0200,10f31b98-6743-4c4d-b432-fe9eed1d7b4b,2026-09-07T20:00:00Z,2026-09-07T22:00:00+0200,11748.71,MW,NL,NL,forecast_load,Forecasted Load,2026-09-09T21:17:39Z
2026-09-09T21:14:49Z,2026-09-09T23:14:49+0200,10f31b98-6743-4c4d-b432-fe9eed1d7b4b,2026-09-07T20:15:00Z,2026-09-07T22:15:00+0200,11582.239,MW,NL,NL,forecast_load,Forecasted Load,2026-09-09T21:17:39Z
2026-09-09T21:14:49Z,2026-09-09T23:14:49+0200,10f31b98-6743-4c4d-b432-fe9eed1d7b4b,2026-09-07T20:30:00Z,2026-09-07T22:30:00+0200,11559.996,MW,NL,NL,forecast_load,Forecasted Load,2026-09-09T21:17:39Z
2026-09-09T21:14:49Z,2026-09-09T23:14:49+0200,10f31b98-6743-4c4d-b432-fe9eed1d7b4b,2026-09-07T20:45:00Z,2026-09-07T22:45:00+0200,11496.556,MW,NL,NL,forecast_load,Forecasted Load,2026-09-09T21:17:39Z
2026-09-09T21:14:49Z,2026-09-09T23:14:49+0200,10f31b98-6743-4c4d-b432-fe9eed1d7b4b,2026-09-07T21:00:00Z,2026-09-07T23:00:00+0200,11458.368,MW,NL,NL,forecast_load,Forecasted Load,2026-09-09T21:17:39Z
2026-09-09T21:14:49Z,2026-09-09T23:14:49+0200,10f31b98-6743-4c4d-b432-fe9eed1d7b4b,2026-09-07T21:15:00Z,2026-09-07T23:15:00+0200,11417.434,MW,NL,NL,forecast_load,Forecasted Load,2026-09-09T21:17:39Z
2026-09-09T21:14:49Z,2026-09-09T23:14:49+0200,10f31b98-6743-4c4d-b432-fe9eed1d7b4b,2026-09-07T21:30:00Z,2026-09-07T23:30:00+0200,11262.081,MW,NL,NL,forecast_load,Forecasted Load,2026-09-09T21:17:39Z
2026-09-09T21:14:49Z,2026-09-09T23:14:49+0200,10f31b98-6743-4c4d-b432-fe9eed1d7b4b,2026-09-07T21:45:00Z,2026-09-07T23:45:00+0200,11212.706,MW,NL,NL,forecast_load,Forecasted Load,2026-09-09T21:17:39Z
2026-09-09T21:14:49Z,2026-09-09T23:14:49+0200,10f31b98-6743-4c4d-b432-fe9eed1d7b4b,2026-09-07T22:00:00Z,2026-09-08T00:00:00+0200,11097.922,MW,NL,NL,forecast_load,Forecasted Load,2026-09-09T21:17:39Z
2026-09-09T21:14:49Z,2026-09-09T23:14:49+0200,10f31b98-6743-4c4d-b432-fe9eed1d7b4b,2026-09-07T22:15:00Z,2026-09-08T00:15:00+0200,11122.822,MW,NL,NL,forecast_load,Forecasted Load,2026-09-09T21:17:39Z
2026-09-09T21:14:49Z,2026-09-09T23:14:49+0200,10f31b98-6743-4c4d-b432-fe9eed1d7b4b,2026-09-07T22:30:00Z,2026-09-08T00:30:00+0200,11172.946,MW,NL,NL,forecast_load,Forecasted Load,2026-09-09T21:17:39Z
2026-09-09T21:14:49Z,2026-09-09T23:14:49+0200,10f31b98-6743-4c4d-b432-fe9eed1d7b4b,2026-09-07T22:45:00Z,2026-09-08T00:45:00+0200,11159.712,MW,NL,NL,forecast_load,Forecasted Load,2026-09-09T21:17:39Z
2026-09-09T21:14:49Z,2026-09-09T23:14:49+0200,10f31b98-6743-4c4d-b432-fe9eed1d7b4b,2026-09-07T23:00:00Z,2026-09-08T01:00:00+0200,11165.938,MW,NL,NL,forecast_load,Forecasted Load,2026-09-09T21:17:39Z
2026-09-09T21:14:49Z,2026-09-09T23:14:49+0200,10f31b98-6743-4c4d-b432-fe9eed1d7b4b,2026-09-07T23:15:00Z,2026-09-08T01:15:00+0200,11075.908,MW,NL,NL,forecast_load,Forecasted Load,2026-09-09T21:17:39Z
2026-09-09T21:14:49Z,2026-09-09T23:14:49+0200,10f31b98-6743-4c4d-b432-fe9eed1d7b4b,2026-09-07T23:30:00Z,2026-09-08T01:30:00+0200,10998.624,MW,NL,NL,forecast_load,Forecasted Load,2026-09-09T21:17:39Z
2026-09-09T21:14:49Z,2026-09-09T23:14:49+0200,10f31b98-6743-4c4d-b432-fe9eed1d7b4b,2026-09-07T23:45:00Z,2026-09-08T01:45:00+0200,10938.901,MW,NL,NL,forecast_load,Forecasted Load,2026-09-09T21:17:39Z
2026-09-09T21:14:49Z,2026-09-09T23:14:49+0200,10f31b98-6743-4c4d-b432-fe9eed1d7b4b,2026-09-08T00:00:00Z,2026-09-08T02:00:00+0200,10898.648,MW,NL,NL,forecast_load,Forecasted Load,2026-09-09T21:17:39Z
2026-09-09T21:14:49Z,2026-09-09T23:14:49+0200,10f31b98-6743-4c4d-b432-fe9eed1d7b4b,2026-09-08T00:15:00Z,2026-09-08T02:15:00+0200,10913.555,MW,NL,NL,forecast_load,Forecasted Load,2026-09-09T21:17:39Z
2026-09-09T21:14:49Z,2026-09-09T23:14:49+0200,10f31b98-6743-4c4d-b432-fe9eed1d7b4b,2026-09-08T00:30:00Z,2026-09-08T02:30:00+0200,10836.607,MW,NL,NL,forecast_load,Forecasted Load,2026-09-09T21:17:39Z
2026-09-09T21:14:49Z,2026-09-09T23:14:49+0200,10f31b98-6743-4c4d-b432-fe9eed1d7b4b,2026-09-08T00:45:00Z,2026-09-08T02:45:00+0200,10759.285,MW,NL,NL,forecast_load,Forecasted Load,2026-09-09T21:17:39Z
2026-09-09T21:14:49Z,2026-09-09T23:14:49+0200,10f31b98-6743-4c4d-b432-fe9eed1d7b4b,2026-09-08T01:00:00Z,2026-09-08T03:00:00+0200,10765.111,MW,NL,NL,forecast_load,Forecasted Load,2026-09-09T21:17:39Z
2026-09-09T21:14:49Z,2026-09-09T23:14:49+0200,10f31b98-6743-4c4d-b432-fe9eed1d7b4b,2026-09-08T01:15:00Z,2026-09-08T03:15:00+0200,10829.496,MW,NL,NL,forecast_load,Forecasted Load,2026-09-09T21:17:39Z
2026-09-09T21:14:49Z,2026-09-09T23:14:49+0200,10f31b98-6743-4c4d-b432-fe9eed1d7b4b,2026-09-08T01:30:00Z,2026-09-08T03:30:00+0200,10842.643,MW,NL,NL,forecast_load,Forecasted Load,2026-09-09T21:17:39Z
2026-09-09T21:14:49Z,2026-09-09T23:14:49+0200,10f31b98-6743-4c4d-b432-fe9eed1d7b4b,2026-09-08T01:45:00Z,2026-09-08T03:45:00+0200,10869.077,MW,NL,NL,forecast_load,Forecasted Load,2026-09-09T21:17:39Z
2026-09-09T21:14:49Z,2026-09-09T23:14:49+0200,10f31b98-6743-4c4d-b432-fe9eed1d7b4b,2026-09-08T02:00:00Z,2026-09-08T04:00:00+0200,10892.696,MW,NL,NL,forecast_load,Forecasted Load,2026-09-09T21:17:39Z
2026-09-09T21:14:49Z,2026-09-09T23:14:49+0200,10f31b98-6743-4c4d-b432-fe9eed1d7b4b,2026-09-08T02:15:00Z,2026-09-08T04:15:00+0200,10992.01,MW,NL,NL,forecast_load,Forecasted Load,2026-09-09T21:17:39Z
2026-09-09T21:14:49Z,2026-09-09T23:14:49+0200,10f31b98-6743-4c4d-b432-fe9eed1d7b4b,2026-09-08T02:30:00Z,2026-09-08T04:30:00+0200,10994.873,MW,NL,NL,forecast_load,Forecasted Load,2026-09-09T21:17:39Z
2026-09-09T21:14:49Z,2026-09-09T23:14:49+0200,10f31b98-6743-4c4d-b432-fe9eed1d7b4b,2026-09-08T02:45:00Z,2026-09-08T04:45:00+0200,10946.44,MW,NL,NL,forecast_load,Forecasted Load,2026-09-09T21:17:39Z
2026-09-09T21:14:49Z,2026-09-09T23:14:49+0200,10f31b98-6743-4c4d-b432-fe9eed1d7b4b,2026-09-08T03:00:00Z,2026-09-08T05:00:00+0200,10980.676,MW,NL,NL,forecast_load,Forecasted Load,2026-09-09T21:17:39Z
2026-09-09T21:14:49Z,2026-09-09T23:14:49+0200,10f31b98-6743-4c4d-b432-fe9eed1d7b4b,2026-09-08T03:15:00Z,2026-09-08T05:15:00+0200,11043.683,MW,NL,NL,forecast_load,Forecasted Load,2026-09-09T21:17:39Z
2026-09-09T21:14:49Z,2026-09-09T23:14:49+0200,10f31b98-6743-4c4d-b432-fe9eed1d7b4b,2026-09-08T03:30:00Z,2026-09-08T05:30:00+0200,11069.354,MW,NL,NL,forecast_load,Forecasted Load,2026-09-09T21:17:39Z
2026-09-09T21:14:49Z,2026-09-09T23:14:49+0200,10f31b98-6743-4c4d-b432-fe9eed1d7b4b,2026-09-08T03:45:00Z,2026-09-08T05:45:00+0200,11216.478,MW,NL,NL,forecast_load,Forecasted Load,2026-09-09T21:17:39Z
2026-09-09T21:14:49Z,2026-09-09T23:14:49+0200,10f31b98-6743-4c4d-b432-fe9eed1d7b4b,2026-09-08T04:00:00Z,2026-09-08T06:00:00+0200,11263.854,MW,NL,NL,forecast_load,Forecasted Load,2026-09-09T21:17:39Z
2026-09-09T21:14:49Z,2026-09-09T23:14:49+0200,10f31b98-6743-4c4d-b432-fe9eed1d7b4b,2026-09-08T04:15:00Z,2026-09-08T06:15:00+0200,11319.503,MW,NL,NL,forecast_load,Forecasted Load,2026-09-09T21:17:39Z
2026-09-09T21:14:49Z,2026-09-09T23:14:49+0200,10f31b98-6743-4c4d-b432-fe9eed1d7b4b,2026-09-08T04:30:00Z,2026-09-08T06:30:00+0200,11271.286,MW,NL,NL,forecast_load,Forecasted Load,2026-09-09T21:17:39Z
2026-09-09T21:14:49Z,2026-09-09T23:14:49+0200,10f31b98-6743-4c4d-b432-fe9eed1d7b4b,2026-09-08T04:45:00Z,2026-09-08T06:45:00+0200,11550.079,MW,NL,NL,forecast_load,Forecasted Load,2026-09-09T21:17:39Z
2026-09-09T21:14:49Z,2026-09-09T23:14:49+0200,10f31b98-6743-4c4d-b432-fe9eed1d7b4b,2026-09-08T05:00:00Z,2026-09-08T07:00:00+0200,11789.267,MW,NL,NL,forecast_load,Forecasted Load,2026-09-09T21:17:39Z
2026-09-09T21:14:49Z,2026-09-09T23:14:49+0200,10f31b98-6743-4c4d-b432-fe9eed1d7b4b,2026-09-08T05:15:00Z,2026-09-08T07:15:00+0200,12064.138,MW,NL,NL,forecast_load,Forecasted Load,2026-09-09T21:17:39Z
2026-09-09T21:14:49Z,2026-09-09T23:14:49+0200,10f31b98-6743-4c4d-b432-fe9eed1d7b4b,2026-09-08T05:30:00Z,2026-09-08T07:30:00+0200,12106.889,MW,NL,NL,forecast_load,Forecasted Load,2026-09-09T21:17:39Z
2026-09-09T21:14:49Z,2026-09-09T23:14:49+0200,10f31b98-6743-4c4d-b432-fe9eed1d7b4b,2026-09-08T05:45:00Z,2026-09-08T07:45:00+0200,12231.482,MW,NL,NL,forecast_load,Forecasted Load,2026-09-09T21:17:39Z
2026-09-09T21:14:49Z,2026-09-09T23:14:49+0200,10f31b98-6743-4c4d-b432-fe9eed1d7b4b,2026-09-08T06:00:00Z,2026-09-08T08:00:00+0200,12384.655,MW,NL,NL,forecast_load,Forecasted Load,2026-09-09T21:17:39Z
2026-09-09T21:14:49Z,2026-09-09T23:14:49+0200,10f31b98-6743-4c4d-b432-fe9eed1d7b4b,2026-09-08T06:15:00Z,2026-09-08T08:15:00+0200,12176.635,MW,NL,NL,forecast_load,Forecasted Load,2026-09-09T21:17:39Z
2026-09-09T21:14:49Z,2026-09-09T23:14:49+0200,10f31b98-6743-4c4d-b432-fe9eed1d7b4b,2026-09-08T06:30:00Z,2026-09-08T08:30:00+0200,11954.886,MW,NL,NL,forecast_load,Forecasted Load,2026-09-09T21:17:39Z
2026-09-09T21:14:49Z,2026-09-09T23:14:49+0200,10f31b98-6743-4c4d-b432-fe9eed1d7b4b,2026-09-08T06:45:00Z,2026-09-08T08:45:00+0200,11908.504,MW,NL,NL,forecast_load,Forecasted Load,2026-09-09T21:17:39Z
2026-09-09T21:14:49Z,2026-09-09T23:14:49+0200,10f31b98-6743-4c4d-b432-fe9eed1d7b4b,2026-09-08T07:00:00Z,2026-09-08T09:00:00+0200,11835.567,MW,NL,NL,forecast_load,Forecasted Load,2026-09-09T21:17:39Z
2026-09-09T21:14:49Z,2026-09-09T23:14:49+0200,10f31b98-6743-4c4d-b432-fe9eed1d7b4b,2026-09-08T07:15:00Z,2026-09-08T09:15:00+0200,11650.28,MW,NL,NL,forecast_load,Forecasted Load,2026-09-09T21:17:39Z
2026-09-09T21:14:49Z,2026-09-09T23:14:49+0200,10f31b98-6743-4c4d-b432-fe9eed1d7b4b,2026-09-08T07:30:00Z,2026-09-08T09:30:00+0200,11207.104,MW,NL,NL,forecast_load,Forecasted Load,2026-09-09T21:17:39Z
2026-09-09T21:14:49Z,2026-09-09T23:14:49+0200,10f31b98-6743-4c4d-b432-fe9eed1d7b4b,2026-09-08T07:45:00Z,2026-09-08T09:45:00+0200,10809.86,MW,NL,NL,forecast_load,Forecasted Load,2026-09-09T21:17:39Z
2026-09-09T21:14:49Z,2026-09-09T23:14:49+0200,10f31b98-6743-4c4d-b432-fe9eed1d7b4b,2026-09-08T08:00:00Z,2026-09-08T10:00:00+0200,10532.909,MW,NL,NL,forecast_load,Forecasted Load,2026-09-09T21:17:39Z
2026-09-09T21:14:49Z,2026-09-09T23:14:49+0200,10f31b98-6743-4c4d-b432-fe9eed1d7b4b,2026-09-08T08:15:00Z,2026-09-08T10:15:00+0200,10208.831,MW,NL,NL,forecast_load,Forecasted Load,2026-09-09T21:17:39Z
2026-09-09T21:14:49Z,2026-09-09T23:14:49+0200,10f31b98-6743-4c4d-b432-fe9eed1d7b4b,2026-09-08T08:30:00Z,2026-09-08T10:30:00+0200,9779.038,MW,NL,NL,forecast_load,Forecasted Load,2026-09-09T21:17:39Z
2026-09-09T21:14:49Z,2026-09-09T23:14:49+0200,10f31b98-6743-4c4d-b432-fe9eed1d7b4b,2026-09-08T08:45:00Z,2026-09-08T10:45:00+0200,9506.956,MW,NL,NL,forecast_load,Forecasted Load,2026-09-09T21:17:39Z
2026-09-09T21:14:49Z,2026-09-09T23:14:49+0200,10f31b98-6743-4c4d-b432-fe9eed1d7b4b,2026-09-08T09:00:00Z,2026-09-08T11:00:00+0200,9212.456,MW,NL,NL,forecast_load,Forecasted Load,2026-09-09T21:17:39Z
2026-09-09T21:14:49Z,2026-09-09T23:14:49+0200,10f31b98-6743-4c4d-b432-fe9eed1d7b4b,2026-09-08T09:15:00Z,2026-09-08T11:15:00+0200,8865.622,MW,NL,NL,forecast_load,Forecasted Load,2026-09-09T21:17:39Z
2026-09-09T21:14:49Z,2026-09-09T23:14:49+0200,10f31b98-6743-4c4d-b432-fe9eed1d7b4b,2026-09-08T09:30:00Z,2026-09-08T11:30:00+0200,8591.657,MW,NL,NL,forecast_load,Forecasted Load,2026-09-09T21:17:39Z
2026-09-09T21:14:49Z,2026-09-09T23:14:49+0200,10f31b98-6743-4c4d-b432-fe9eed1d7b4b,2026-09-08T09:45:00Z,2026-09-08T11:45:00+0200,8375.728,MW,NL,NL,forecast_load,Forecasted Load,2026-09-09T21:17:39Z
2026-09-09T21:14:49Z,2026-09-09T23:14:49+0200,10f31b98-6743-4c4d-b432-fe9eed1d7b4b,2026-09-08T10:00:00Z,2026-09-08T12:00:00+0200,8180.495,MW,NL,NL,forecast_load,Forecasted Load,2026-09-09T21:17:39Z
2026-09-09T21:14:49Z,2026-09-09T23:14:49+0200,10f31b98-6743-4c4d-b432-fe9eed1d7b4b,2026-09-08T10:15:00Z,2026-09-08T12:15:00+0200,8050.509,MW,NL,NL,forecast_load,Forecasted Load,2026-09-09T21:17:39Z
2026-09-09T21:14:49Z,2026-09-09T23:14:49+0200,10f31b98-6743-4c4d-b432-fe9eed1d7b4b,2026-09-08T10:30:00Z,2026-09-08T12:30:00+0200,7786.472,MW,NL,NL,forecast_load,Forecasted Load,2026-09-09T21:17:39Z
2026-09-09T21:14:49Z,2026-09-09T23:14:49+0200,10f31b98-6743-4c4d-b432-fe9eed1d7b4b,2026-09-08T10:45:00Z,2026-09-08T12:45:00+0200,7695.849,MW,NL,NL,forecast_load,Forecasted Load,2026-09-09T21:17:39Z
2026-09-09T21:14:49Z,2026-09-09T23:14:49+0200,10f31b98-6743-4c4d-b432-fe9eed1d7b4b,2026-09-08T11:00:00Z,2026-09-08T13:00:00+0200,7525.71,MW,NL,NL,forecast_load,Forecasted Load,2026-09-09T21:17:39Z
2026-09-09T21:14:49Z,2026-09-09T23:14:49+0200,10f31b98-6743-4c4d-b432-fe9eed1d7b4b,2026-09-08T11:15:00Z,2026-09-08T13:15:00+0200,7430.962,MW,NL,NL,forecast_load,Forecasted Load,2026-09-09T21:17:39Z
2026-09-09T21:14:49Z,2026-09-09T23:14:49+0200,10f31b98-6743-4c4d-b432-fe9eed1d7b4b,2026-09-08T11:30:00Z,2026-09-08T13:30:00+0200,7418.935,MW,NL,NL,forecast_load,Forecasted Load,2026-09-09T21:17:39Z
2026-09-09T21:14:49Z,2026-09-09T23:14:49+0200,10f31b98-6743-4c4d-b432-fe9eed1d7b4b,2026-09-08T11:45:00Z,2026-09-08T13:45:00+0200,7404.011,MW,NL,NL,forecast_load,Forecasted Load,2026-09-09T21:17:39Z
2026-09-09T21:14:49Z,2026-09-09T23:14:49+0200,10f31b98-6743-4c4d-b432-fe9eed1d7b4b,2026-09-08T12:00:00Z,2026-09-08T14:00:00+0200,7689.136,MW,NL,NL,forecast_load,Forecasted Load,2026-09-09T21:17:39Z
2026-09-09T21:14:49Z,2026-09-09T23:14:49+0200,10f31b98-6743-4c4d-b432-fe9eed1d7b4b,2026-09-08T12:15:00Z,2026-09-08T14:15:00+0200,7527.445,MW,NL,NL,forecast_load,Forecasted Load,2026-09-09T21:17:39Z
2026-09-09T21:14:49Z,2026-09-09T23:14:49+0200,10f31b98-6743-4c4d-b432-fe9eed1d7b4b,2026-09-08T12:30:00Z,2026-09-08T14:30:00+0200,7541.396,MW,NL,NL,forecast_load,Forecasted Load,2026-09-09T21:17:39Z
2026-09-09T21:14:49Z,2026-09-09T23:14:49+0200,10f31b98-6743-4c4d-b432-fe9eed1d7b4b,2026-09-08T12:45:00Z,2026-09-08T14:45:00+0200,7548.049,MW,NL,NL,forecast_load,Forecasted Load,2026-09-09T21:17:39Z
2026-09-09T21:14:49Z,2026-09-09T23:14:49+0200,10f31b98-6743-4c4d-b432-fe9eed1d7b4b,2026-09-08T13:00:00Z,2026-09-08T15:00:00+0200,7639.278,MW,NL,NL,forecast_load,Forecasted Load,2026-09-09T21:17:39Z
2026-09-09T21:14:49Z,2026-09-09T23:14:49+0200,10f31b98-6743-4c4d-b432-fe9eed1d7b4b,2026-09-08T13:15:00Z,2026-09-08T15:15:00+0200,7798.638,MW,NL,NL,forecast_load,Forecasted Load,2026-09-09T21:17:39Z
2026-09-09T21:14:49Z,2026-09-09T23:14:49+0200,10f31b98-6743-4c4d-b432-fe9eed1d7b4b,2026-09-08T13:30:00Z,2026-09-08T15:30:00+0200,7823.003,MW,NL,NL,forecast_load,Forecasted Load,2026-09-09T21:17:39Z
2026-09-09T21:14:49Z,2026-09-09T23:14:49+0200,10f31b98-6743-4c4d-b432-fe9eed1d7b4b,2026-09-08T13:45:00Z,2026-09-08T15:45:00+0200,8068.748,MW,NL,NL,forecast_load,Forecasted Load,2026-09-09T21:17:39Z
2026-09-09T21:14:49Z,2026-09-09T23:14:49+0200,10f31b98-6743-4c4d-b432-fe9eed1d7b4b,2026-09-08T14:00:00Z,2026-09-08T16:00:00+0200,8233.615,MW,NL,NL,forecast_load,Forecasted Load,2026-09-09T21:17:39Z
2026-09-09T21:14:49Z,2026-09-09T23:14:49+0200,10f31b98-6743-4c4d-b432-fe9eed1d7b4b,2026-09-08T14:15:00Z,2026-09-08T16:15:00+0200,8662.915,MW,NL,NL,forecast_load,Forecasted Load,2026-09-09T21:17:39Z
2026-09-09T21:14:49Z,2026-09-09T23:14:49+0200,10f31b98-6743-4c4d-b432-fe9eed1d7b4b,2026-09-08T14:30:00Z,2026-09-08T16:30:00+0200,8777.217,MW,NL,NL,forecast_load,Forecasted Load,2026-09-09T21:17:39Z
2026-09-09T21:14:49Z,2026-09-09T23:14:49+0200,10f31b98-6743-4c4d-b432-fe9eed1d7b4b,2026-09-08T14:45:00Z,2026-09-08T16:45:00+0200,9071.486,MW,NL,NL,forecast_load,Forecasted Load,2026-09-09T21:17:39Z
2026-09-09T21:14:49Z,2026-09-09T23:14:49+0200,10f31b98-6743-4c4d-b432-fe9eed1d7b4b,2026-09-08T15:00:00Z,2026-09-08T17:00:00+0200,9480.447,MW,NL,NL,forecast_load,Forecasted Load,2026-09-09T21:17:39Z
2026-09-09T21:14:49Z,2026-09-09T23:14:49+0200,10f31b98-6743-4c4d-b432-fe9eed1d7b4b,2026-09-08T15:15:00Z,2026-09-08T17:15:00+0200,10038.501,MW,NL,NL,forecast_load,Forecasted Load,2026-09-09T21:17:39Z
2026-09-09T21:14:49Z,2026-09-09T23:14:49+0200,10f31b98-6743-4c4d-b432-fe9eed1d7b4b,2026-09-08T15:30:00Z,2026-09-08T17:30:00+0200,10416.974,MW,NL,NL,forecast_load,Forecasted Load,2026-09-09T21:17:39Z
2026-09-09T21:14:49Z,2026-09-09T23:14:49+0200,10f31b98-6743-4c4d-b432-fe9eed1d7b4b,2026-09-08T15:45:00Z,2026-09-08T17:45:00+0200,10738.938,MW,NL,NL,forecast_load,Forecasted Load,2026-09-09T21:17:39Z
2026-09-09T21:14:49Z,2026-09-09T23:14:49+0200,10f31b98-6743-4c4d-b432-fe9eed1d7b4b,2026-09-08T16:00:00Z,2026-09-08T18:00:00+0200,10979.548,MW,NL,NL,forecast_load,Forecasted Load,2026-09-09T21:17:39Z
2026-09-09T21:14:49Z,2026-09-09T23:14:49+0200,10f31b98-6743-4c4d-b432-fe9eed1d7b4b,2026-09-08T16:15:00Z,2026-09-08T18:15:00+0200,11384.559,MW,NL,NL,forecast_load,Forecasted Load,2026-09-09T21:17:39Z
2026-09-09T21:14:49Z,2026-09-09T23:14:49+0200,10f31b98-6743-4c4d-b432-fe9eed1d7b4b,2026-09-08T16:30:00Z,2026-09-08T18:30:00+0200,11650.954,MW,NL,NL,forecast_load,Forecasted Load,2026-09-09T21:17:39Z
2026-09-09T21:14:49Z,2026-09-09T23:14:49+0200,10f31b98-6743-4c4d-b432-fe9eed1d7b4b,2026-09-08T16:45:00Z,2026-09-08T18:45:00+0200,11780.869,MW,NL,NL,forecast_load,Forecasted Load,2026-09-09T21:17:39Z
2026-09-09T21:14:49Z,2026-09-09T23:14:49+0200,10f31b98-6743-4c4d-b432-fe9eed1d7b4b,2026-09-08T17:00:00Z,2026-09-08T19:00:00+0200,11985.732,MW,NL,NL,forecast_load,Forecasted Load,2026-09-09T21:17:39Z
2026-09-09T21:14:49Z,2026-09-09T23:14:49+0200,10f31b98-6743-4c4d-b432-fe9eed1d7b4b,2026-09-08T17:15:00Z,2026-09-08T19:15:00+0200,12373.65,MW,NL,NL,forecast_load,Forecasted Load,2026-09-09T21:17:39Z
2026-09-09T21:14:49Z,2026-09-09T23:14:49+0200,10f31b98-6743-4c4d-b432-fe9eed1d7b4b,2026-09-08T17:30:00Z,2026-09-08T19:30:00+0200,12521.657,MW,NL,NL,forecast_load,Forecasted Load,2026-09-09T21:17:39Z
2026-09-09T21:14:49Z,2026-09-09T23:14:49+0200,10f31b98-6743-4c4d-b432-fe9eed1d7b4b,2026-09-08T17:45:00Z,2026-09-08T19:45:00+0200,12677.211,MW,NL,NL,forecast_load,Forecasted Load,2026-09-09T21:17:39Z
2026-09-09T21:14:49Z,2026-09-09T23:14:49+0200,10f31b98-6743-4c4d-b432-fe9eed1d7b4b,2026-09-08T18:00:00Z,2026-09-08T20:00:00+0200,12738.958,MW,NL,NL,forecast_load,Forecasted Load,2026-09-09T21:17:39Z
2026-09-09T21:14:49Z,2026-09-09T23:14:49+0200,10f31b98-6743-4c4d-b432-fe9eed1d7b4b,2026-09-08T18:15:00Z,2026-09-08T20:15:00+0200,12705.08,MW,NL,NL,forecast_load,Forecasted Load,2026-09-09T21:17:39Z
2026-09-09T21:14:49Z,2026-09-09T23:14:49+0200,10f31b98-6743-4c4d-b432-fe9eed1d7b4b,2026-09-08T18:30:00Z,2026-09-08T20:30:00+0200,12775.095,MW,NL,NL,forecast_load,Forecasted Load,2026-09-09T21:17:39Z
2026-09-09T21:14:49Z,2026-09-09T23:14:49+0200,10f31b98-6743-4c4d-b432-fe9eed1d7b4b,2026-09-08T18:45:00Z,2026-09-08T20:45:00+0200,12895.699,MW,NL,NL,forecast_load,Forecasted Load,2026-09-09T21:17:39Z
2026-09-09T21:14:49Z,2026-09-09T23:14:49+0200,10f31b98-6743-4c4d-b432-fe9eed1d7b4b,2026-09-08T19:00:00Z,2026-09-08T21:00:00+0200,13071.909,MW,NL,NL,forecast_load,Forecasted Load,2026-09-09T21:17:39Z
2026-09-09T21:14:49Z,2026-09-09T23:14:49+0200,10f31b98-6743-4c4d-b432-fe9eed1d7b4b,2026-09-08T19:15:00Z,2026-09-08T21:15:00+0200,13149.332,MW,NL,NL,forecast_load,Forecasted Load,2026-09-09T21:17:39Z
2026-09-09T21:14:49Z,2026-09-09T23:14:49+0200,10f31b98-6743-4c4d-b432-fe9eed1d7b4b,2026-09-08T19:30:00Z,2026-09-08T21:30:00+0200,13193.892,MW,NL,NL,forecast_load,Forecasted Load,2026-09-09T21:17:39Z
2026-09-09T21:14:49Z,2026-09-09T23:14:49+0200,10f31b98-6743-4c4d-b432-fe9eed1d7b4b,2026-09-08T19:45:00Z,2026-09-08T21:45:00+0200,13121.29,MW,NL,NL,forecast_load,Forecasted Load,2026-09-09T21:17:39Z
2026-09-09T21:14:49Z,2026-09-09T23:14:49+0200,10f31b98-6743-4c4d-b432-fe9eed1d7b4b,2026-09-08T20:00:00Z,2026-09-08T22:00:00+0200,13073.165,MW,NL,NL,forecast_load,Forecasted Load,2026-09-09T21:17:39Z
2026-09-09T21:14:49Z,2026-09-09T23:14:49+0200,10f31b98-6743-4c4d-b432-fe9eed1d7b4b,2026-09-08T20:15:00Z,2026-09-08T22:15:00+0200,12952.715,MW,NL,NL,forecast_load,Forecasted Load,2026-09-09T21:17:39Z
2026-09-09T21:14:49Z,2026-09-09T23:14:49+0200,10f31b98-6743-4c4d-b432-fe9eed1d7b4b,2026-09-08T20:30:00Z,2026-09-08T22:30:00+0200,12773.098,MW,NL,NL,forecast_load,Forecasted Load,2026-09-09T21:17:39Z
2026-09-09T21:14:49Z,2026-09-09T23:14:49+0200,10f31b98-6743-4c4d-b432-fe9eed1d7b4b,2026-09-08T20:45:00Z,2026-09-08T22:45:00+0200,12584.749,MW,NL,NL,forecast_load,Forecasted Load,2026-09-09T21:17:39Z
2026-09-09T21:14:49Z,2026-09-09T23:14:49+0200,10f31b98-6743-4c4d-b432-fe9eed1d7b4b,2026-09-08T21:00:00Z,2026-09-08T23:00:00+0200,12587.221,MW,NL,NL,forecast_load,Forecasted Load,2026-09-09T21:17:39Z
2026-09-09T21:14:49Z,2026-09-09T23:14:49+0200,10f31b98-6743-4c4d-b432-fe9eed1d7b4b,2026-09-08T21:15:00Z,2026-09-08T23:15:00+0200,12522.775,MW,NL,NL,forecast_load,Forecasted Load,2026-09-09T21:17:39Z
2026-09-09T21:14:49Z,2026-09-09T23:14:49+0200,10f31b98-6743-4c4d-b432-fe9eed1d7b4b,2026-09-08T21:30:00Z,2026-09-08T23:30:00+0200,12419.589,MW,NL,NL,forecast_load,Forecasted Load,2026-09-09T21:17:39Z
2026-09-09T21:14:49Z,2026-09-09T23:14:49+0200,10f31b98-6743-4c4d-b432-fe9eed1d7b4b,2026-09-08T21:45:00Z,2026-09-08T23:45:00+0200,12326.308,MW,NL,NL,forecast_load,Forecasted Load,2026-09-09T21:17:39Z
2026-09-09T21:14:49Z,2026-09-09T23:14:49+0200,10f31b98-6743-4c4d-b432-fe9eed1d7b4b,2026-09-08T22:00:00Z,2026-09-09T00:00:00+0200,12160.126,MW,NL,NL,forecast_load,Forecasted Load,2026-09-09T21:17:39Z
2026-09-09T21:14:49Z,2026-09-09T23:14:49+0200,10f31b98-6743-4c4d-b432-fe9eed1d7b4b,2026-09-08T22:15:00Z,2026-09-09T00:15:00+0200,12002.216,MW,NL,NL,forecast_load,Forecasted Load,2026-09-09T21:17:39Z
2026-09-09T21:14:49Z,2026-09-09T23:14:49+0200,10f31b98-6743-4c4d-b432-fe9eed1d7b4b,2026-09-08T22:30:00Z,2026-09-09T00:30:00+0200,11879.416,MW,NL,NL,forecast_load,Forecasted Load,2026-09-09T21:17:39Z
2026-09-09T21:14:49Z,2026-09-09T23:14:49+0200,10f31b98-6743-4c4d-b432-fe9eed1d7b4b,2026-09-08T22:45:00Z,2026-09-09T00:45:00+0200,11754.875,MW,NL,NL,forecast_load,Forecasted Load,2026-09-09T21:17:39Z
2026-09-09T21:14:49Z,2026-09-09T23:14:49+0200,10f31b98-6743-4c4d-b432-fe9eed1d7b4b,2026-09-08T23:00:00Z,2026-09-09T01:00:00+0200,11711.203,MW,NL,NL,forecast_load,Forecasted Load,2026-09-09T21:17:39Z
2026-09-09T21:14:49Z,2026-09-09T23:14:49+0200,10f31b98-6743-4c4d-b432-fe9eed1d7b4b,2026-09-08T23:15:00Z,2026-09-09T01:15:00+0200,11431.672,MW,NL,NL,forecast_load,Forecasted Load,2026-09-09T21:17:39Z
2026-09-09T21:14:49Z,2026-09-09T23:14:49+0200,10f31b98-6743-4c4d-b432-fe9eed1d7b4b,2026-09-08T23:30:00Z,2026-09-09T01:30:00+0200,11259.662,MW,NL,NL,forecast_load,Forecasted Load,2026-09-09T21:17:39Z
2026-09-09T21:14:49Z,2026-09-09T23:14:49+0200,10f31b98-6743-4c4d-b432-fe9eed1d7b4b,2026-09-08T23:45:00Z,2026-09-09T01:45:00+0200,11094.62,MW,NL,NL,forecast_load,Forecasted Load,2026-09-09T21:17:39Z
2026-09-09T21:14:49Z,2026-09-09T23:14:49+0200,10f31b98-6743-4c4d-b432-fe9eed1d7b4b,2026-09-09T00:00:00Z,2026-09-09T02:00:00+0200,11078.231,MW,NL,NL,forecast_load,Forecasted Load,2026-09-09T21:17:39Z
2026-09-09T21:14:49Z,2026-09-09T23:14:49+0200,10f31b98-6743-4c4d-b432-fe9eed1d7b4b,2026-09-09T00:15:00Z,2026-09-09T02:15:00+0200,10967.549,MW,NL,NL,forecast_load,Forecasted Load,2026-09-09T21:17:39Z
2026-09-09T21:14:49Z,2026-09-09T23:14:49+0200,10f31b98-6743-4c4d-b432-fe9eed1d7b4b,2026-09-09T00:30:00Z,2026-09-09T02:30:00+0200,10945.216,MW,NL,NL,forecast_load,Forecasted Load,2026-09-09T21:17:39Z
2026-09-09T21:14:49Z,2026-09-09T23:14:49+0200,10f31b98-6743-4c4d-b432-fe9eed1d7b4b,2026-09-09T00:45:00Z,2026-09-09T02:45:00+0200,10846.61,MW,NL,NL,forecast_load,Forecasted Load,2026-09-09T21:17:39Z
2026-09-09T21:14:49Z,2026-09-09T23:14:49+0200,10f31b98-6743-4c4d-b432-fe9eed1d7b4b,2026-09-09T01:00:00Z,2026-09-09T03:00:00+0200,10657.691,MW,NL,NL,forecast_load,Forecasted Load,2026-09-09T21:17:39Z
2026-09-09T21:14:49Z,2026-09-09T23:14:49+0200,10f31b98-6743-4c4d-b432-fe9eed1d7b4b,2026-09-09T01:15:00Z,2026-09-09T03:15:00+0200,10684.026,MW,NL,NL,forecast_load,Forecasted Load,2026-09-09T21:17:39Z
2026-09-09T21:14:49Z,2026-09-09T23:14:49+0200,10f31b98-6743-4c4d-b432-fe9eed1d7b4b,2026-09-09T01:30:00Z,2026-09-09T03:30:00+0200,10613.308,MW,NL,NL,forecast_load,Forecasted Load,2026-09-09T21:17:39Z
2026-09-09T21:14:49Z,2026-09-09T23:14:49+0200,10f31b98-6743-4c4d-b432-fe9eed1d7b4b,2026-09-09T01:45:00Z,2026-09-09T03:45:00+0200,10582.777,MW,NL,NL,forecast_load,Forecasted Load,2026-09-09T21:17:39Z
2026-09-09T21:14:49Z,2026-09-09T23:14:49+0200,10f31b98-6743-4c4d-b432-fe9eed1d7b4b,2026-09-09T02:00:00Z,2026-09-09T04:00:00+0200,10557.554,MW,NL,NL,forecast_load,Forecasted Load,2026-09-09T21:17:39Z
2026-09-09T21:14:49Z,2026-09-09T23:14:49+0200,10f31b98-6743-4c4d-b432-fe9eed1d7b4b,2026-09-09T02:15:00Z,2026-09-09T04:15:00+0200,10708.7,MW,NL,NL,forecast_load,Forecasted Load,2026-09-09T21:17:39Z
2026-09-09T21:14:49Z,2026-09-09T23:14:49+0200,10f31b98-6743-4c4d-b432-fe9eed1d7b4b,2026-09-09T02:30:00Z,2026-09-09T04:30:00+0200,10640.5,MW,NL,NL,forecast_load,Forecasted Load,2026-09-09T21:17:39Z
2026-09-09T21:14:49Z,2026-09-09T23:14:49+0200,10f31b98-6743-4c4d-b432-fe9eed1d7b4b,2026-09-09T02:45:00Z,2026-09-09T04:45:00+0200,10602.203,MW,NL,NL,forecast_load,Forecasted Load,2026-09-09T21:17:39Z
2026-09-09T21:14:49Z,2026-09-09T23:14:49+0200,10f31b98-6743-4c4d-b432-fe9eed1d7b4b,2026-09-09T03:00:00Z,2026-09-09T05:00:00+0200,10642.825,MW,NL,NL,forecast_load,Forecasted Load,2026-09-09T21:17:39Z
2026-09-09T21:14:49Z,2026-09-09T23:14:49+0200,10f31b98-6743-4c4d-b432-fe9eed1d7b4b,2026-09-09T03:15:00Z,2026-09-09T05:15:00+0200,10603.95,MW,NL,NL,forecast_load,Forecasted Load,2026-09-09T21:17:39Z
2026-09-09T21:14:49Z,2026-09-09T23:14:49+0200,10f31b98-6743-4c4d-b432-fe9eed1d7b4b,2026-09-09T03:30:00Z,2026-09-09T05:30:00+0200,10533.647,MW,NL,NL,forecast_load,Forecasted Load,2026-09-09T21:17:39Z
2026-09-09T21:14:49Z,2026-09-09T23:14:49+0200,10f31b98-6743-4c4d-b432-fe9eed1d7b4b,2026-09-09T03:45:00Z,2026-09-09T05:45:00+0200,10479.248,MW,NL,NL,forecast_load,Forecasted Load,2026-09-09T21:17:39Z
2026-09-09T21:14:49Z,2026-09-09T23:14:49+0200,10f31b98-6743-4c4d-b432-fe9eed1d7b4b,2026-09-09T04:00:00Z,2026-09-09T06:00:00+0200,10509.062,MW,NL,NL,forecast_load,Forecasted Load,2026-09-09T21:17:39Z
2026-09-09T21:14:49Z,2026-09-09T23:14:49+0200,10f31b98-6743-4c4d-b432-fe9eed1d7b4b,2026-09-09T04:15:00Z,2026-09-09T06:15:00+0200,10677.082,MW,NL,NL,forecast_load,Forecasted Load,2026-09-09T21:17:39Z
2026-09-09T21:14:49Z,2026-09-09T23:14:49+0200,10f31b98-6743-4c4d-b432-fe9eed1d7b4b,2026-09-09T04:30:00Z,2026-09-09T06:30:00+0200,10745.126,MW,NL,NL,forecast_load,Forecasted Load,2026-09-09T21:17:39Z
2026-09-09T21:14:49Z,2026-09-09T23:14:49+0200,10f31b98-6743-4c4d-b432-fe9eed1d7b4b,2026-09-09T04:45:00Z,2026-09-09T06:45:00+0200,10889.23,MW,NL,NL,forecast_load,Forecasted Load,2026-09-09T21:17:39Z
2026-09-09T21:14:49Z,2026-09-09T23:14:49+0200,10f31b98-6743-4c4d-b432-fe9eed1d7b4b,2026-09-09T05:00:00Z,2026-09-09T07:00:00+0200,11139.543,MW,NL,NL,forecast_load,Forecasted Load,2026-09-09T21:17:39Z
2026-09-09T21:14:49Z,2026-09-09T23:14:49+0200,10f31b98-6743-4c4d-b432-fe9eed1d7b4b,2026-09-09T05:15:00Z,2026-09-09T07:15:00+0200,11319.446,MW,NL,NL,forecast_load,Forecasted Load,2026-09-09T21:17:39Z
2026-09-09T21:14:49Z,2026-09-09T23:14:49+0200,10f31b98-6743-4c4d-b432-fe9eed1d7b4b,2026-09-09T05:30:00Z,2026-09-09T07:30:00+0200,11446.524,MW,NL,NL,forecast_load,Forecasted Load,2026-09-09T21:17:39Z
2026-09-09T21:14:49Z,2026-09-09T23:14:49+0200,10f31b98-6743-4c4d-b432-fe9eed1d7b4b,2026-09-09T05:45:00Z,2026-09-09T07:45:00+0200,11709.275,MW,NL,NL,forecast_load,Forecasted Load,2026-09-09T21:17:39Z
2026-09-09T21:14:49Z,2026-09-09T23:14:49+0200,10f31b98-6743-4c4d-b432-fe9eed1d7b4b,2026-09-09T06:00:00Z,2026-09-09T08:00:00+0200,11885.191,MW,NL,NL,forecast_load,Forecasted Load,2026-09-09T21:17:39Z
2026-09-09T21:14:49Z,2026-09-09T23:14:49+0200,10f31b98-6743-4c4d-b432-fe9eed1d7b4b,2026-09-09T06:15:00Z,2026-09-09T08:15:00+0200,11779.91,MW,NL,NL,forecast_load,Forecasted Load,2026-09-09T21:17:39Z
2026-09-09T21:14:49Z,2026-09-09T23:14:49+0200,10f31b98-6743-4c4d-b432-fe9eed1d7b4b,2026-09-09T06:30:00Z,2026-09-09T08:30:00+0200,11560.919,MW,NL,NL,forecast_load,Forecasted Load,2026-09-09T21:17:39Z
2026-09-09T21:14:49Z,2026-09-09T23:14:49+0200,10f31b98-6743-4c4d-b432-fe9eed1d7b4b,2026-09-09T06:45:00Z,2026-09-09T08:45:00+0200,11384.801,MW,NL,NL,forecast_load,Forecasted Load,2026-09-09T21:17:39Z
2026-09-09T21:14:49Z,2026-09-09T23:14:49+0200,10f31b98-6743-4c4d-b432-fe9eed1d7b4b,2026-09-09T07:00:00Z,2026-09-09T09:00:00+0200,11281.014,MW,NL,NL,forecast_load,Forecasted Load,2026-09-09T21:17:39Z
2026-09-09T21:14:49Z,2026-09-09T23:14:49+0200,10f31b98-6743-4c4d-b432-fe9eed1d7b4b,2026-09-09T07:15:00Z,2026-09-09T09:15:00+0200,11001.83,MW,NL,NL,forecast_load,Forecasted Load,2026-09-09T21:17:39Z
2026-09-09T21:14:49Z,2026-09-09T23:14:49+0200,10f31b98-6743-4c4d-b432-fe9eed1d7b4b,2026-09-09T07:30:00Z,2026-09-09T09:30:00+0200,10642.423,MW,NL,NL,forecast_load,Forecasted Load,2026-09-09T21:17:39Z
2026-09-09T21:14:49Z,2026-09-09T23:14:49+0200,10f31b98-6743-4c4d-b432-fe9eed1d7b4b,2026-09-09T07:45:00Z,2026-09-09T09:45:00+0200,10264.615,MW,NL,NL,forecast_load,Forecasted Load,2026-09-09T21:17:39Z
2026-09-09T21:14:49Z,2026-09-09T23:14:49+0200,10f31b98-6743-4c4d-b432-fe9eed1d7b4b,2026-09-09T08:00:00Z,2026-09-09T10:00:00+0200,10143.785,MW,NL,NL,forecast_load,Forecasted Load,2026-09-09T21:17:39Z
2026-09-09T21:14:49Z,2026-09-09T23:14:49+0200,10f31b98-6743-4c4d-b432-fe9eed1d7b4b,2026-09-09T08:15:00Z,2026-09-09T10:15:00+0200,10054.283,MW,NL,NL,forecast_load,Forecasted Load,2026-09-09T21:17:39Z
2026-09-09T21:14:49Z,2026-09-09T23:14:49+0200,10f31b98-6743-4c4d-b432-fe9eed1d7b4b,2026-09-09T08:30:00Z,2026-09-09T10:30:00+0200,9851.172,MW,NL,NL,forecast_load,Forecasted Load,2026-09-09T21:17:39Z
2026-09-09T21:14:49Z,2026-09-09T23:14:49+0200,10f31b98-6743-4c4d-b432-fe9eed1d7b4b,2026-09-09T08:45:00Z,2026-09-09T10:45:00+0200,9620.455,MW,NL,NL,forecast_load,Forecasted Load,2026-09-09T21:17:39Z
2026-09-09T21:14:49Z,2026-09-09T23:14:49+0200,10f31b98-6743-4c4d-b432-fe9eed1d7b4b,2026-09-09T09:00:00Z,2026-09-09T11:00:00+0200,9369.04,MW,NL,NL,forecast_load,Forecasted Load,2026-09-09T21:17:39Z
2026-09-09T21:14:49Z,2026-09-09T23:14:49+0200,10f31b98-6743-4c4d-b432-fe9eed1d7b4b,2026-09-09T09:15:00Z,2026-09-09T11:15:00+0200,9056.212,MW,NL,NL,forecast_load,Forecasted Load,2026-09-09T21:17:39Z
2026-09-09T21:14:49Z,2026-09-09T23:14:49+0200,10f31b98-6743-4c4d-b432-fe9eed1d7b4b,2026-09-09T09:30:00Z,2026-09-09T11:30:00+0200,8929.184,MW,NL,NL,forecast_load,Forecasted Load,2026-09-09T21:17:39Z
2026-09-09T21:14:49Z,2026-09-09T23:14:49+0200,10f31b98-6743-4c4d-b432-fe9eed1d7b4b,2026-09-09T09:45:00Z,2026-09-09T11:45:00+0200,8774.077,MW,NL,NL,forecast_load,Forecasted Load,2026-09-09T21:17:39Z
2026-09-09T21:14:49Z,2026-09-09T23:14:49+0200,10f31b98-6743-4c4d-b432-fe9eed1d7b4b,2026-09-09T10:00:00Z,2026-09-09T12:00:00+0200,8733.895,MW,NL,NL,forecast_load,Forecasted Load,2026-09-09T21:17:39Z
2026-09-09T21:14:49Z,2026-09-09T23:14:49+0200,10f31b98-6743-4c4d-b432-fe9eed1d7b4b,2026-09-09T10:15:00Z,2026-09-09T12:15:00+0200,8568.445,MW,NL,NL,forecast_load,Forecasted Load,2026-09-09T21:17:39Z
2026-09-09T21:14:49Z,2026-09-09T23:14:49+0200,10f31b98-6743-4c4d-b432-fe9eed1d7b4b,2026-09-09T10:30:00Z,2026-09-09T12:30:00+0200,8579.557,MW,NL,NL,forecast_load,Forecasted Load,2026-09-09T21:17:39Z
2026-09-09T21:14:49Z,2026-09-09T23:14:49+0200,10f31b98-6743-4c4d-b432-fe9eed1d7b4b,2026-09-09T10:45:00Z,2026-09-09T12:45:00+0200,8545.731,MW,NL,NL,forecast_load,Forecasted Load,2026-09-09T21:17:39Z
2026-09-09T21:14:49Z,2026-09-09T23:14:49+0200,10f31b98-6743-4c4d-b432-fe9eed1d7b4b,2026-09-09T11:00:00Z,2026-09-09T13:00:00+0200,8590.283,MW,NL,NL,forecast_load,Forecasted Load,2026-09-09T21:17:39Z
2026-09-09T21:14:49Z,2026-09-09T23:14:49+0200,10f31b98-6743-4c4d-b432-fe9eed1d7b4b,2026-09-09T11:15:00Z,2026-09-09T13:15:00+0200,8520.636,MW,NL,NL,forecast_load,Forecasted Load,2026-09-09T21:17:39Z
2026-09-09T21:14:49Z,2026-09-09T23:14:49+0200,10f31b98-6743-4c4d-b432-fe9eed1d7b4b,2026-09-09T11:30:00Z,2026-09-09T13:30:00+0200,8720.385,MW,NL,NL,forecast_load,Forecasted Load,2026-09-09T21:17:39Z
2026-09-09T21:14:49Z,2026-09-09T23:14:49+0200,10f31b98-6743-4c4d-b432-fe9eed1d7b4b,2026-09-09T11:45:00Z,2026-09-09T13:45:00+0200,8558.667,MW,NL,NL,forecast_load,Forecasted Load,2026-09-09T21:17:39Z
2026-09-09T21:14:49Z,2026-09-09T23:14:49+0200,10f31b98-6743-4c4d-b432-fe9eed1d7b4b,2026-09-09T12:00:00Z,2026-09-09T14:00:00+0200,8596.0,MW,NL,NL,forecast_load,Forecasted Load,2026-09-09T21:17:39Z
2026-09-09T21:14:49Z,2026-09-09T23:14:49+0200,10f31b98-6743-4c4d-b432-fe9eed1d7b4b,2026-09-09T12:15:00Z,2026-09-09T14:15:00+0200,8540.761,MW,NL,NL,forecast_load,Forecasted Load,2026-09-09T21:17:39Z
2026-09-09T21:14:49Z,2026-09-09T23:14:49+0200,10f31b98-6743-4c4d-b432-fe9eed1d7b4b,2026-09-09T12:30:00Z,2026-09-09T14:30:00+0200,8461.689,MW,NL,NL,forecast_load,Forecasted Load,2026-09-09T21:17:39Z
2026-09-09T21:14:49Z,2026-09-09T23:14:49+0200,10f31b98-6743-4c4d-b432-fe9eed1d7b4b,2026-09-09T12:45:00Z,2026-09-09T14:45:00+0200,8529.249,MW,NL,NL,forecast_load,Forecasted Load,2026-09-09T21:17:39Z
2026-09-09T21:14:49Z,2026-09-09T23:14:49+0200,10f31b98-6743-4c4d-b432-fe9eed1d7b4b,2026-09-09T13:00:00Z,2026-09-09T15:00:00+0200,8739.518,MW,NL,NL,forecast_load,Forecasted Load,2026-09-09T21:17:39Z
2026-09-09T21:14:49Z,2026-09-09T23:14:49+0200,10f31b98-6743-4c4d-b432-fe9eed1d7b4b,2026-09-09T13:15:00Z,2026-09-09T15:15:00+0200,9028.733,MW,NL,NL,forecast_load,Forecasted Load,2026-09-09T21:17:39Z
2026-09-09T21:14:49Z,2026-09-09T23:14:49+0200,10f31b98-6743-4c4d-b432-fe9eed1d7b4b,2026-09-09T13:30:00Z,2026-09-09T15:30:00+0200,8980.29,MW,NL,NL,forecast_load,Forecasted Load,2026-09-09T21:17:39Z
2026-09-09T21:14:49Z,2026-09-09T23:14:49+0200,10f31b98-6743-4c4d-b432-fe9eed1d7b4b,2026-09-09T13:45:00Z,2026-09-09T15:45:00+0200,9089.034,MW,NL,NL,forecast_load,Forecasted Load,2026-09-09T21:17:39Z
2026-09-09T21:14:49Z,2026-09-09T23:14:49+0200,10f31b98-6743-4c4d-b432-fe9eed1d7b4b,2026-09-09T14:00:00Z,2026-09-09T16:00:00+0200,9164.921,MW,NL,NL,forecast_load,Forecasted Load,2026-09-09T21:17:39Z
2026-09-09T21:14:49Z,2026-09-09T23:14:49+0200,10f31b98-6743-4c4d-b432-fe9eed1d7b4b,2026-09-09T14:15:00Z,2026-09-09T16:15:00+0200,9425.452,MW,NL,NL,forecast_load,Forecasted Load,2026-09-09T21:17:39Z
2026-09-09T21:14:49Z,2026-09-09T23:14:49+0200,10f31b98-6743-4c4d-b432-fe9eed1d7b4b,2026-09-09T14:30:00Z,2026-09-09T16:30:00+0200,9673.581,MW,NL,NL,forecast_load,Forecasted Load,2026-09-09T21:17:39Z
2026-09-09T21:14:49Z,2026-09-09T23:14:49+0200,10f31b98-6743-4c4d-b432-fe9eed1d7b4b,2026-09-09T14:45:00Z,2026-09-09T16:45:00+0200,9964.768,MW,NL,NL,forecast_load,Forecasted Load,2026-09-09T21:17:39Z
2026-09-09T21:14:49Z,2026-09-09T23:14:49+0200,10f31b98-6743-4c4d-b432-fe9eed1d7b4b,2026-09-09T15:00:00Z,2026-09-09T17:00:00+0200,10271.149,MW,NL,NL,forecast_load,Forecasted Load,2026-09-09T21:17:39Z
2026-09-09T21:14:49Z,2026-09-09T23:14:49+0200,10f31b98-6743-4c4d-b432-fe9eed1d7b4b,2026-09-09T15:15:00Z,2026-09-09T17:15:00+0200,10828.65,MW,NL,NL,forecast_load,Forecasted Load,2026-09-09T21:17:39Z
2026-09-09T21:14:49Z,2026-09-09T23:14:49+0200,10f31b98-6743-4c4d-b432-fe9eed1d7b4b,2026-09-09T15:30:00Z,2026-09-09T17:30:00+0200,11228.586,MW,NL,NL,forecast_load,Forecasted Load,2026-09-09T21:17:39Z
2026-09-09T21:14:49Z,2026-09-09T23:14:49+0200,10f31b98-6743-4c4d-b432-fe9eed1d7b4b,2026-09-09T15:45:00Z,2026-09-09T17:45:00+0200,11512.096,MW,NL,NL,forecast_load,Forecasted Load,2026-09-09T21:17:39Z
2026-09-09T21:14:49Z,2026-09-09T23:14:49+0200,10f31b98-6743-4c4d-b432-fe9eed1d7b4b,2026-09-09T16:00:00Z,2026-09-09T18:00:00+0200,11659.956,MW,NL,NL,forecast_load,Forecasted Load,2026-09-09T21:17:39Z
2026-09-09T21:14:49Z,2026-09-09T23:14:49+0200,10f31b98-6743-4c4d-b432-fe9eed1d7b4b,2026-09-09T16:15:00Z,2026-09-09T18:15:00+0200,11663.386,MW,NL,NL,forecast_load,Forecasted Load,2026-09-09T21:17:39Z
2026-09-09T21:14:49Z,2026-09-09T23:14:49+0200,10f31b98-6743-4c4d-b432-fe9eed1d7b4b,2026-09-09T16:30:00Z,2026-09-09T18:30:00+0200,11884.41,MW,NL,NL,forecast_load,Forecasted Load,2026-09-09T21:17:39Z
2026-09-09T21:14:49Z,2026-09-09T23:14:49+0200,10f31b98-6743-4c4d-b432-fe9eed1d7b4b,2026-09-09T16:45:00Z,2026-09-09T18:45:00+0200,12065.561,MW,NL,NL,forecast_load,Forecasted Load,2026-09-09T21:17:39Z
2026-09-09T21:14:49Z,2026-09-09T23:14:49+0200,10f31b98-6743-4c4d-b432-fe9eed1d7b4b,2026-09-09T17:00:00Z,2026-09-09T19:00:00+0200,12047.963,MW,NL,NL,forecast_load,Forecasted Load,2026-09-09T21:17:39Z
2026-09-09T21:14:49Z,2026-09-09T23:14:49+0200,10f31b98-6743-4c4d-b432-fe9eed1d7b4b,2026-09-09T17:15:00Z,2026-09-09T19:15:00+0200,12365.993,MW,NL,NL,forecast_load,Forecasted Load,2026-09-09T21:17:39Z
2026-09-09T21:14:49Z,2026-09-09T23:14:49+0200,10f31b98-6743-4c4d-b432-fe9eed1d7b4b,2026-09-09T17:30:00Z,2026-09-09T19:30:00+0200,12374.22,MW,NL,NL,forecast_load,Forecasted Load,2026-09-09T21:17:39Z
2026-09-09T21:14:49Z,2026-09-09T23:14:49+0200,10f31b98-6743-4c4d-b432-fe9eed1d7b4b,2026-09-09T17:45:00Z,2026-09-09T19:45:00+0200,12342.304,MW,NL,NL,forecast_load,Forecasted Load,2026-09-09T21:17:39Z
2026-09-09T21:14:49Z,2026-09-09T23:14:49+0200,10f31b98-6743-4c4d-b432-fe9eed1d7b4b,2026-09-09T18:00:00Z,2026-09-09T20:00:00+0200,12317.631,MW,NL,NL,forecast_load,Forecasted Load,2026-09-09T21:17:39Z
2026-09-09T21:14:49Z,2026-09-09T23:14:49+0200,10f31b98-6743-4c4d-b432-fe9eed1d7b4b,2026-09-09T18:15:00Z,2026-09-09T20:15:00+0200,12578.338,MW,NL,NL,forecast_load,Forecasted Load,2026-09-09T21:17:39Z
2026-09-09T21:14:49Z,2026-09-09T23:14:49+0200,10f31b98-6743-4c4d-b432-fe9eed1d7b4b,2026-09-09T18:30:00Z,2026-09-09T20:30:00+0200,12566.589,MW,NL,NL,forecast_load,Forecasted Load,2026-09-09T21:17:39Z
2026-09-09T21:14:49Z,2026-09-09T23:14:49+0200,10f31b98-6743-4c4d-b432-fe9eed1d7b4b,2026-09-09T18:45:00Z,2026-09-09T20:45:00+0200,12559.861,MW,NL,NL,forecast_load,Forecasted Load,2026-09-09T21:17:39Z
2026-09-09T21:14:49Z,2026-09-09T23:14:49+0200,10f31b98-6743-4c4d-b432-fe9eed1d7b4b,2026-09-09T19:00:00Z,2026-09-09T21:00:00+0200,12645.253,MW,NL,NL,forecast_load,Forecasted Load,2026-09-09T21:17:39Z
2026-09-09T21:14:49Z,2026-09-09T23:14:49+0200,10f31b98-6743-4c4d-b432-fe9eed1d7b4b,2026-09-09T19:15:00Z,2026-09-09T21:15:00+0200,12682.633,MW,NL,NL,forecast_load,Forecasted Load,2026-09-09T21:17:39Z
2026-09-09T21:14:49Z,2026-09-09T23:14:49+0200,10f31b98-6743-4c4d-b432-fe9eed1d7b4b,2026-09-09T19:30:00Z,2026-09-09T21:30:00+0200,12715.665,MW,NL,NL,forecast_load,Forecasted Load,2026-09-09T21:17:39Z
2026-09-09T21:14:49Z,2026-09-09T23:14:49+0200,10f31b98-6743-4c4d-b432-fe9eed1d7b4b,2026-09-09T19:45:00Z,2026-09-09T21:45:00+0200,12695.949,MW,NL,NL,forecast_load,Forecasted Load,2026-09-09T21:17:39Z
2026-09-09T21:14:49Z,2026-09-09T23:14:49+0200,10f31b98-6743-4c4d-b432-fe9eed1d7b4b,2026-09-09T20:00:00Z,2026-09-09T22:00:00+0200,12657.701,MW,NL,NL,forecast_load,Forecasted Load,2026-09-09T21:17:39Z
2026-09-09T21:14:49Z,2026-09-09T23:14:49+0200,10f31b98-6743-4c4d-b432-fe9eed1d7b4b,2026-09-09T20:15:00Z,2026-09-09T22:15:00+0200,12541.481,MW,NL,NL,forecast_load,Forecasted Load,2026-09-09T21:17:39Z
2026-09-09T21:14:49Z,2026-09-09T23:14:49+0200,10f31b98-6743-4c4d-b432-fe9eed1d7b4b,2026-09-09T20:30:00Z,2026-09-09T22:30:00+0200,12482.644,MW,NL,NL,forecast_load,Forecasted Load,2026-09-09T21:17:39Z
2026-09-09T21:14:49Z,2026-09-09T23:14:49+0200,10f31b98-6743-4c4d-b432-fe9eed1d7b4b,2026-09-09T20:45:00Z,2026-09-09T22:45:00+0200,12267.862,MW,NL,NL,forecast_load,Forecasted Load,2026-09-09T21:17:39Z
2026-09-09T21:14:49Z,2026-09-09T23:14:49+0200,10f31b98-6743-4c4d-b432-fe9eed1d7b4b,2026-09-09T21:00:00Z,2026-09-09T23:00:00+0200,12211.409,MW,NL,NL,forecast_load,Forecasted Load,2026-09-09T21:17:39Z
2026-09-09T21:14:49Z,2026-09-09T23:14:49+0200,10f31b98-6743-4c4d-b432-fe9eed1d7b4b,2026-09-09T21:15:00Z,2026-09-09T23:15:00+0200,12248.169,MW,NL,NL,forecast_load,Forecasted Load,2026-09-09T21:17:39Z
2026-09-09T21:14:49Z,2026-09-09T23:14:49+0200,10f31b98-6743-4c4d-b432-fe9eed1d7b4b,2026-09-09T21:30:00Z,2026-09-09T23:30:00+0200,12257.323,MW,NL,NL,forecast_load,Forecasted Load,2026-09-09T21:17:39Z
2026-09-09T21:14:49Z,2026-09-09T23:14:49+0200,10f31b98-6743-4c4d-b432-fe9eed1d7b4b,2026-09-09T22:00:00Z,2026-09-10T00:00:00+0200,12081.881,MW,NL,NL,forecast_load,Forecasted Load,2026-09-09T21:18:05Z
2026-09-09T21:14:49Z,2026-09-09T23:14:49+0200,10f31b98-6743-4c4d-b432-fe9eed1d7b4b,2026-09-09T22:15:00Z,2026-09-10T00:15:00+0200,11964.087,MW,NL,NL,forecast_load,Forecasted Load,2026-09-09T21:18:05Z
2026-09-09T21:14:49Z,2026-09-09T23:14:49+0200,10f31b98-6743-4c4d-b432-fe9eed1d7b4b,2026-09-09T22:30:00Z,2026-09-10T00:30:00+0200,11757.774,MW,NL,NL,forecast_load,Forecasted Load,2026-09-09T21:18:05Z
2026-09-09T21:14:49Z,2026-09-09T23:14:49+0200,10f31b98-6743-4c4d-b432-fe9eed1d7b4b,2026-09-09T22:45:00Z,2026-09-10T00:45:00+0200,11621.904,MW,NL,NL,forecast_load,Forecasted Load,2026-09-09T21:18:05Z
2026-09-09T21:14:49Z,2026-09-09T23:14:49+0200,10f31b98-6743-4c4d-b432-fe9eed1d7b4b,2026-09-09T23:00:00Z,2026-09-10T01:00:00+0200,11454.965,MW,NL,NL,forecast_load,Forecasted Load,2026-09-09T21:18:05Z
2026-09-09T21:14:49Z,2026-09-09T23:14:49+0200,10f31b98-6743-4c4d-b432-fe9eed1d7b4b,2026-09-09T23:15:00Z,2026-09-10T01:15:00+0200,11245.787,MW,NL,NL,forecast_load,Forecasted Load,2026-09-09T21:18:05Z
2026-09-09T21:14:49Z,2026-09-09T23:14:49+0200,10f31b98-6743-4c4d-b432-fe9eed1d7b4b,2026-09-09T23:30:00Z,2026-09-10T01:30:00+0200,11163.874,MW,NL,NL,forecast_load,Forecasted Load,2026-09-09T21:18:05Z
2026-09-09T21:14:49Z,2026-09-09T23:14:49+0200,10f31b98-6743-4c4d-b432-fe9eed1d7b4b,2026-09-09T23:45:00Z,2026-09-10T01:45:00+0200,11038.439,MW,NL,NL,forecast_load,Forecasted Load,2026-09-09T21:18:05Z
2026-09-09T21:14:49Z,2026-09-09T23:14:49+0200,10f31b98-6743-4c4d-b432-fe9eed1d7b4b,2026-09-10T00:00:00Z,2026-09-10T02:00:00+0200,10915.257,MW,NL,NL,forecast_load,Forecasted Load,2026-09-09T21:18:05Z
2026-09-09T21:14:49Z,2026-09-09T23:14:49+0200,10f31b98-6743-4c4d-b432-fe9eed1d7b4b,2026-09-10T00:15:00Z,2026-09-10T02:15:00+0200,10808.473,MW,NL,NL,forecast_load,Forecasted Load,2026-09-09T21:18:05Z
2026-09-09T21:14:49Z,2026-09-09T23:14:49+0200,10f31b98-6743-4c4d-b432-fe9eed1d7b4b,2026-09-10T00:30:00Z,2026-09-10T02:30:00+0200,10767.03,MW,NL,NL,forecast_load,Forecasted Load,2026-09-09T21:18:05Z
2026-09-09T21:14:49Z,2026-09-09T23:14:49+0200,10f31b98-6743-4c4d-b432-fe9eed1d7b4b,2026-09-10T00:45:00Z,2026-09-10T02:45:00+0200,10812.631,MW,NL,NL,forecast_load,Forecasted Load,2026-09-09T21:18:05Z
2026-09-09T21:14:49Z,2026-09-09T23:14:49+0200,10f31b98-6743-4c4d-b432-fe9eed1d7b4b,2026-09-10T01:00:00Z,2026-09-10T03:00:00+0200,10863.103,MW,NL,NL,forecast_load,Forecasted Load,2026-09-09T21:18:05Z
2026-09-09T21:14:49Z,2026-09-09T23:14:49+0200,10f31b98-6743-4c4d-b432-fe9eed1d7b4b,2026-09-10T01:15:00Z,2026-09-10T03:15:00+0200,10788.994,MW,NL,NL,forecast_load,Forecasted Load,2026-09-09T21:18:05Z
2026-09-09T21:14:49Z,2026-09-09T23:14:49+0200,10f31b98-6743-4c4d-b432-fe9eed1d7b4b,2026-09-10T01:30:00Z,2026-09-10T03:30:00+0200,10778.162,MW,NL,NL,forecast_load,Forecasted Load,2026-09-09T21:18:05Z
2026-09-09T21:14:49Z,2026-09-09T23:14:49+0200,10f31b98-6743-4c4d-b432-fe9eed1d7b4b,2026-09-10T01:45:00Z,2026-09-10T03:45:00+0200,10785.835,MW,NL,NL,forecast_load,Forecasted Load,2026-09-09T21:18:05Z
2026-09-09T21:14:49Z,2026-09-09T23:14:49+0200,10f31b98-6743-4c4d-b432-fe9eed1d7b4b,2026-09-10T02:00:00Z,2026-09-10T04:00:00+0200,10754.644,MW,NL,NL,forecast_load,Forecasted Load,2026-09-09T21:18:05Z
2026-09-09T21:14:49Z,2026-09-09T23:14:49+0200,10f31b98-6743-4c4d-b432-fe9eed1d7b4b,2026-09-10T02:15:00Z,2026-09-10T04:15:00+0200,10750.876,MW,NL,NL,forecast_load,Forecasted Load,2026-09-09T21:18:05Z
2026-09-09T21:14:49Z,2026-09-09T23:14:49+0200,10f31b98-6743-4c4d-b432-fe9eed1d7b4b,2026-09-10T02:30:00Z,2026-09-10T04:30:00+0200,10756.525,MW,NL,NL,forecast_load,Forecasted Load,2026-09-09T21:18:05Z
2026-09-09T21:14:49Z,2026-09-09T23:14:49+0200,10f31b98-6743-4c4d-b432-fe9eed1d7b4b,2026-09-10T02:45:00Z,2026-09-10T04:45:00+0200,10792.959,MW,NL,NL,forecast_load,Forecasted Load,2026-09-09T21:18:05Z
2026-09-09T21:14:49Z,2026-09-09T23:14:49+0200,10f31b98-6743-4c4d-b432-fe9eed1d7b4b,2026-09-10T03:00:00Z,2026-09-10T05:00:00+0200,10835.28,MW,NL,NL,forecast_load,Forecasted Load,2026-09-09T21:18:05Z
2026-09-09T21:14:49Z,2026-09-09T23:14:49+0200,10f31b98-6743-4c4d-b432-fe9eed1d7b4b,2026-09-10T03:15:00Z,2026-09-10T05:15:00+0200,10880.012,MW,NL,NL,forecast_load,Forecasted Load,2026-09-09T21:18:05Z
2026-09-09T21:14:49Z,2026-09-09T23:14:49+0200,10f31b98-6743-4c4d-b432-fe9eed1d7b4b,2026-09-10T03:30:00Z,2026-09-10T05:30:00+0200,10953.392,MW,NL,NL,forecast_load,Forecasted Load,2026-09-09T21:18:05Z
2026-09-09T21:14:49Z,2026-09-09T23:14:49+0200,10f31b98-6743-4c4d-b432-fe9eed1d7b4b,2026-09-10T03:45:00Z,2026-09-10T05:45:00+0200,11079.782,MW,NL,NL,forecast_load,Forecasted Load,2026-09-09T21:18:05Z
2026-09-09T21:14:49Z,2026-09-09T23:14:49+0200,10f31b98-6743-4c4d-b432-fe9eed1d7b4b,2026-09-10T04:00:00Z,2026-09-10T06:00:00+0200,11155.682,MW,NL,NL,forecast_load,Forecasted Load,2026-09-09T21:18:05Z
2026-09-09T21:14:49Z,2026-09-09T23:14:49+0200,10f31b98-6743-4c4d-b432-fe9eed1d7b4b,2026-09-10T04:15:00Z,2026-09-10T06:15:00+0200,11127.016,MW,NL,NL,forecast_load,Forecasted Load,2026-09-09T21:18:05Z
2026-09-09T21:14:49Z,2026-09-09T23:14:49+0200,10f31b98-6743-4c4d-b432-fe9eed1d7b4b,2026-09-10T04:30:00Z,2026-09-10T06:30:00+0200,11109.317,MW,NL,NL,forecast_load,Forecasted Load,2026-09-09T21:18:05Z
2026-09-09T21:14:49Z,2026-09-09T23:14:49+0200,10f31b98-6743-4c4d-b432-fe9eed1d7b4b,2026-09-10T04:45:00Z,2026-09-10T06:45:00+0200,11240.815,MW,NL,NL,forecast_load,Forecasted Load,2026-09-09T21:18:05Z
2026-09-09T21:14:49Z,2026-09-09T23:14:49+0200,10f31b98-6743-4c4d-b432-fe9eed1d7b4b,2026-09-10T05:00:00Z,2026-09-10T07:00:00+0200,11458.09,MW,NL,NL,forecast_load,Forecasted Load,2026-09-09T21:18:05Z
2026-09-09T21:14:49Z,2026-09-09T23:14:49+0200,10f31b98-6743-4c4d-b432-fe9eed1d7b4b,2026-09-10T05:15:00Z,2026-09-10T07:15:00+0200,11625.845,MW,NL,NL,forecast_load,Forecasted Load,2026-09-09T21:18:05Z
2026-09-09T21:14:49Z,2026-09-09T23:14:49+0200,10f31b98-6743-4c4d-b432-fe9eed1d7b4b,2026-09-10T05:30:00Z,2026-09-10T07:30:00+0200,11749.654,MW,NL,NL,forecast_load,Forecasted Load,2026-09-09T21:18:05Z
2026-09-09T21:14:49Z,2026-09-09T23:14:49+0200,10f31b98-6743-4c4d-b432-fe9eed1d7b4b,2026-09-10T05:45:00Z,2026-09-10T07:45:00+0200,11989.014,MW,NL,NL,forecast_load,Forecasted Load,2026-09-09T21:18:05Z
2026-09-09T21:14:49Z,2026-09-09T23:14:49+0200,10f31b98-6743-4c4d-b432-fe9eed1d7b4b,2026-09-10T06:00:00Z,2026-09-10T08:00:00+0200,12244.636,MW,NL,NL,forecast_load,Forecasted Load,2026-09-09T21:18:05Z
2026-09-09T21:14:49Z,2026-09-09T23:14:49+0200,10f31b98-6743-4c4d-b432-fe9eed1d7b4b,2026-09-10T06:15:00Z,2026-09-10T08:15:00+0200,12171.531,MW,NL,NL,forecast_load,Forecasted Load,2026-09-09T21:18:05Z
2026-09-09T21:14:49Z,2026-09-09T23:14:49+0200,10f31b98-6743-4c4d-b432-fe9eed1d7b4b,2026-09-10T06:30:00Z,2026-09-10T08:30:00+0200,12295.573,MW,NL,NL,forecast_load,Forecasted Load,2026-09-09T21:18:05Z
2026-09-09T21:14:49Z,2026-09-09T23:14:49+0200,10f31b98-6743-4c4d-b432-fe9eed1d7b4b,2026-09-10T06:45:00Z,2026-09-10T08:45:00+0200,12400.188,MW,NL,NL,forecast_load,Forecasted Load,2026-09-09T21:18:05Z
2026-09-09T21:14:49Z,2026-09-09T23:14:49+0200,10f31b98-6743-4c4d-b432-fe9eed1d7b4b,2026-09-10T07:00:00Z,2026-09-10T09:00:00+0200,12454.176,MW,NL,NL,forecast_load,Forecasted Load,2026-09-09T21:18:05Z
2026-09-09T21:14:49Z,2026-09-09T23:14:49+0200,10f31b98-6743-4c4d-b432-fe9eed1d7b4b,2026-09-10T07:15:00Z,2026-09-10T09:15:00+0200,12389.212,MW,NL,NL,forecast_load,Forecasted Load,2026-09-09T21:18:05Z
2026-09-09T21:14:49Z,2026-09-09T23:14:49+0200,10f31b98-6743-4c4d-b432-fe9eed1d7b4b,2026-09-10T07:30:00Z,2026-09-10T09:30:00+0200,12438.989,MW,NL,NL,forecast_load,Forecasted Load,2026-09-09T21:18:05Z
2026-09-09T21:14:49Z,2026-09-09T23:14:49+0200,10f31b98-6743-4c4d-b432-fe9eed1d7b4b,2026-09-10T07:45:00Z,2026-09-10T09:45:00+0200,12259.328,MW,NL,NL,forecast_load,Forecasted Load,2026-09-09T21:18:05Z
2026-09-09T21:14:49Z,2026-09-09T23:14:49+0200,10f31b98-6743-4c4d-b432-fe9eed1d7b4b,2026-09-10T08:00:00Z,2026-09-10T10:00:00+0200,11861.059,MW,NL,NL,forecast_load,Forecasted Load,2026-09-09T21:18:05Z
2026-09-09T21:14:49Z,2026-09-09T23:14:49+0200,10f31b98-6743-4c4d-b432-fe9eed1d7b4b,2026-09-10T08:15:00Z,2026-09-10T10:15:00+0200,11593.725,MW,NL,NL,forecast_load,Forecasted Load,2026-09-09T21:18:05Z
2026-09-09T21:14:49Z,2026-09-09T23:14:49+0200,10f31b98-6743-4c4d-b432-fe9eed1d7b4b,2026-09-10T08:30:00Z,2026-09-10T10:30:00+0200,11482.91,MW,NL,NL,forecast_load,Forecasted Load,2026-09-09T21:18:05Z
2026-09-09T21:14:49Z,2026-09-09T23:14:49+0200,10f31b98-6743-4c4d-b432-fe9eed1d7b4b,2026-09-10T08:45:00Z,2026-09-10T10:45:00+0200,11469.973,MW,NL,NL,forecast_load,Forecasted Load,2026-09-09T21:18:05Z
2026-09-09T21:14:49Z,2026-09-09T23:14:49+0200,10f31b98-6743-4c4d-b432-fe9eed1d7b4b,2026-09-10T09:00:00Z,2026-09-10T11:00:00+0200,11461.787,MW,NL,NL,forecast_load,Forecasted Load,2026-09-09T21:18:05Z
2026-09-09T21:14:49Z,2026-09-09T23:14:49+0200,10f31b98-6743-4c4d-b432-fe9eed1d7b4b,2026-09-10T09:15:00Z,2026-09-10T11:15:00+0200,11342.361,MW,NL,NL,forecast_load,Forecasted Load,2026-09-09T21:18:05Z
2026-09-09T21:14:49Z,2026-09-09T23:14:49+0200,10f31b98-6743-4c4d-b432-fe9eed1d7b4b,2026-09-10T09:30:00Z,2026-09-10T11:30:00+0200,11263.744,MW,NL,NL,forecast_load,Forecasted Load,2026-09-09T21:18:05Z
2026-09-09T21:14:49Z,2026-09-09T23:14:49+0200,10f31b98-6743-4c4d-b432-fe9eed1d7b4b,2026-09-10T09:45:00Z,2026-09-10T11:45:00+0200,11164.62,MW,NL,NL,forecast_load,Forecasted Load,2026-09-09T21:18:05Z
2026-09-09T21:14:49Z,2026-09-09T23:14:49+0200,10f31b98-6743-4c4d-b432-fe9eed1d7b4b,2026-09-10T10:00:00Z,2026-09-10T12:00:00+0200,10930.638,MW,NL,NL,forecast_load,Forecasted Load,2026-09-09T21:18:05Z
2026-09-09T21:14:49Z,2026-09-09T23:14:49+0200,10f31b98-6743-4c4d-b432-fe9eed1d7b4b,2026-09-10T10:15:00Z,2026-09-10T12:15:00+0200,10702.166,MW,NL,NL,forecast_load,Forecasted Load,2026-09-09T21:18:05Z
2026-09-09T21:14:49Z,2026-09-09T23:14:49+0200,10f31b98-6743-4c4d-b432-fe9eed1d7b4b,2026-09-10T10:30:00Z,2026-09-10T12:30:00+0200,10560.543,MW,NL,NL,forecast_load,Forecasted Load,2026-09-09T21:18:05Z
2026-09-09T21:14:49Z,2026-09-09T23:14:49+0200,10f31b98-6743-4c4d-b432-fe9eed1d7b4b,2026-09-10T10:45:00Z,2026-09-10T12:45:00+0200,10474.768,MW,NL,NL,forecast_load,Forecasted Load,2026-09-09T21:18:05Z
2026-09-09T21:14:49Z,2026-09-09T23:14:49+0200,10f31b98-6743-4c4d-b432-fe9eed1d7b4b,2026-09-10T11:00:00Z,2026-09-10T13:00:00+0200,10493.658,MW,NL,NL,forecast_load,Forecasted Load,2026-09-09T21:18:05Z
2026-09-09T21:14:49Z,2026-09-09T23:14:49+0200,10f31b98-6743-4c4d-b432-fe9eed1d7b4b,2026-09-10T11:15:00Z,2026-09-10T13:15:00+0200,10215.394,MW,NL,NL,forecast_load,Forecasted Load,2026-09-09T21:18:05Z
2026-09-09T21:14:49Z,2026-09-09T23:14:49+0200,10f31b98-6743-4c4d-b432-fe9eed1d7b4b,2026-09-10T11:30:00Z,2026-09-10T13:30:00+0200,10048.452,MW,NL,NL,forecast_load,Forecasted Load,2026-09-09T21:18:05Z
2026-09-09T21:14:49Z,2026-09-09T23:14:49+0200,10f31b98-6743-4c4d-b432-fe9eed1d7b4b,2026-09-10T11:45:00Z,2026-09-10T13:45:00+0200,9991.349,MW,NL,NL,forecast_load,Forecasted Load,2026-09-09T21:18:05Z
2026-09-09T21:14:49Z,2026-09-09T23:14:49+0200,10f31b98-6743-4c4d-b432-fe9eed1d7b4b,2026-09-10T12:00:00Z,2026-09-10T14:00:00+0200,9836.193,MW,NL,NL,forecast_load,Forecasted Load,2026-09-09T21:18:05Z
2026-09-09T21:14:49Z,2026-09-09T23:14:49+0200,10f31b98-6743-4c4d-b432-fe9eed1d7b4b,2026-09-10T12:15:00Z,2026-09-10T14:15:00+0200,9660.569,MW,NL,NL,forecast_load,Forecasted Load,2026-09-09T21:18:05Z
2026-09-09T21:14:49Z,2026-09-09T23:14:49+0200,10f31b98-6743-4c4d-b432-fe9eed1d7b4b,2026-09-10T12:30:00Z,2026-09-10T14:30:00+0200,9584.711,MW,NL,NL,forecast_load,Forecasted Load,2026-09-09T21:18:05Z
2026-09-09T21:14:49Z,2026-09-09T23:14:49+0200,10f31b98-6743-4c4d-b432-fe9eed1d7b4b,2026-09-10T12:45:00Z,2026-09-10T14:45:00+0200,9423.071,MW,NL,NL,forecast_load,Forecasted Load,2026-09-09T21:18:05Z
2026-09-09T21:14:49Z,2026-09-09T23:14:49+0200,10f31b98-6743-4c4d-b432-fe9eed1d7b4b,2026-09-10T13:00:00Z,2026-09-10T15:00:00+0200,9275.683,MW,NL,NL,forecast_load,Forecasted Load,2026-09-09T21:18:05Z
2026-09-09T21:14:49Z,2026-09-09T23:14:49+0200,10f31b98-6743-4c4d-b432-fe9eed1d7b4b,2026-09-10T13:15:00Z,2026-09-10T15:15:00+0200,9609.096,MW,NL,NL,forecast_load,Forecasted Load,2026-09-09T21:18:05Z
2026-09-09T21:14:49Z,2026-09-09T23:14:49+0200,10f31b98-6743-4c4d-b432-fe9eed1d7b4b,2026-09-10T13:30:00Z,2026-09-10T15:30:00+0200,9527.209,MW,NL,NL,forecast_load,Forecasted Load,2026-09-09T21:18:05Z
2026-09-09T21:14:49Z,2026-09-09T23:14:49+0200,10f31b98-6743-4c4d-b432-fe9eed1d7b4b,2026-09-10T13:45:00Z,2026-09-10T15:45:00+0200,9664.276,MW,NL,NL,forecast_load,Forecasted Load,2026-09-09T21:18:05Z
2026-09-09T21:14:49Z,2026-09-09T23:14:49+0200,10f31b98-6743-4c4d-b432-fe9eed1d7b4b,2026-09-10T14:00:00Z,2026-09-10T16:00:00+0200,10005.04,MW,NL,NL,forecast_load,Forecasted Load,2026-09-09T21:18:05Z
2026-09-09T21:14:49Z,2026-09-09T23:14:49+0200,10f31b98-6743-4c4d-b432-fe9eed1d7b4b,2026-09-10T14:15:00Z,2026-09-10T16:15:00+0200,9978.425,MW,NL,NL,forecast_load,Forecasted Load,2026-09-09T21:18:05Z
2026-09-09T21:14:49Z,2026-09-09T23:14:49+0200,10f31b98-6743-4c4d-b432-fe9eed1d7b4b,2026-09-10T14:30:00Z,2026-09-10T16:30:00+0200,9986.303,MW,NL,NL,forecast_load,Forecasted Load,2026-09-09T21:18:05Z
2026-09-09T21:14:49Z,2026-09-09T23:14:49+0200,10f31b98-6743-4c4d-b432-fe9eed1d7b4b,2026-09-10T14:45:00Z,2026-09-10T16:45:00+0200,10284.539,MW,NL,NL,forecast_load,Forecasted Load,2026-09-09T21:18:05Z
2026-09-09T21:14:49Z,2026-09-09T23:14:49+0200,10f31b98-6743-4c4d-b432-fe9eed1d7b4b,2026-09-10T15:00:00Z,2026-09-10T17:00:00+0200,10868.862,MW,NL,NL,forecast_load,Forecasted Load,2026-09-09T21:18:05Z
2026-09-09T21:14:49Z,2026-09-09T23:14:49+0200,10f31b98-6743-4c4d-b432-fe9eed1d7b4b,2026-09-10T15:15:00Z,2026-09-10T17:15:00+0200,11451.515,MW,NL,NL,forecast_load,Forecasted Load,2026-09-09T21:18:05Z
2026-09-09T21:14:49Z,2026-09-09T23:14:49+0200,10f31b98-6743-4c4d-b432-fe9eed1d7b4b,2026-09-10T15:30:00Z,2026-09-10T17:30:00+0200,11781.43,MW,NL,NL,forecast_load,Forecasted Load,2026-09-09T21:18:05Z
2026-09-09T21:14:49Z,2026-09-09T23:14:49+0200,10f31b98-6743-4c4d-b432-fe9eed1d7b4b,2026-09-10T15:45:00Z,2026-09-10T17:45:00+0200,12216.871,MW,NL,NL,forecast_load,Forecasted Load,2026-09-09T21:18:05Z
2026-09-09T21:14:49Z,2026-09-09T23:14:49+0200,10f31b98-6743-4c4d-b432-fe9eed1d7b4b,2026-09-10T16:00:00Z,2026-09-10T18:00:00+0200,12298.422,MW,NL,NL,forecast_load,Forecasted Load,2026-09-09T21:18:05Z
2026-09-09T21:14:49Z,2026-09-09T23:14:49+0200,10f31b98-6743-4c4d-b432-fe9eed1d7b4b,2026-09-10T16:15:00Z,2026-09-10T18:15:00+0200,12477.515,MW,NL,NL,forecast_load,Forecasted Load,2026-09-09T21:18:05Z
2026-09-09T21:14:49Z,2026-09-09T23:14:49+0200,10f31b98-6743-4c4d-b432-fe9eed1d7b4b,2026-09-10T16:30:00Z,2026-09-10T18:30:00+0200,12637.076,MW,NL,NL,forecast_load,Forecasted Load,2026-09-09T21:18:05Z
2026-09-09T21:14:49Z,2026-09-09T23:14:49+0200,10f31b98-6743-4c4d-b432-fe9eed1d7b4b,2026-09-10T16:45:00Z,2026-09-10T18:45:00+0200,12692.984,MW,NL,NL,forecast_load,Forecasted Load,2026-09-09T21:18:05Z
2026-09-09T21:14:49Z,2026-09-09T23:14:49+0200,10f31b98-6743-4c4d-b432-fe9eed1d7b4b,2026-09-10T17:00:00Z,2026-09-10T19:00:00+0200,12850.361,MW,NL,NL,forecast_load,Forecasted Load,2026-09-09T21:18:05Z
2026-09-09T21:14:49Z,2026-09-09T23:14:49+0200,10f31b98-6743-4c4d-b432-fe9eed1d7b4b,2026-09-10T17:15:00Z,2026-09-10T19:15:00+0200,13033.654,MW,NL,NL,forecast_load,Forecasted Load,2026-09-09T21:18:05Z
2026-09-09T21:14:49Z,2026-09-09T23:14:49+0200,10f31b98-6743-4c4d-b432-fe9eed1d7b4b,2026-09-10T17:30:00Z,2026-09-10T19:30:00+0200,13180.575,MW,NL,NL,forecast_load,Forecasted Load,2026-09-09T21:18:05Z
2026-09-09T21:14:49Z,2026-09-09T23:14:49+0200,10f31b98-6743-4c4d-b432-fe9eed1d7b4b,2026-09-10T17:45:00Z,2026-09-10T19:45:00+0200,13271.731,MW,NL,NL,forecast_load,Forecasted Load,2026-09-09T21:18:05Z
2026-09-09T21:14:49Z,2026-09-09T23:14:49+0200,10f31b98-6743-4c4d-b432-fe9eed1d7b4b,2026-09-10T18:00:00Z,2026-09-10T20:00:00+0200,13227.167,MW,NL,NL,forecast_load,Forecasted Load,2026-09-09T21:18:05Z
2026-09-09T21:14:49Z,2026-09-09T23:14:49+0200,10f31b98-6743-4c4d-b432-fe9eed1d7b4b,2026-09-10T18:15:00Z,2026-09-10T20:15:00+0200,13269.8,MW,NL,NL,forecast_load,Forecasted Load,2026-09-09T21:18:05Z
2026-09-09T21:14:49Z,2026-09-09T23:14:49+0200,10f31b98-6743-4c4d-b432-fe9eed1d7b4b,2026-09-10T18:30:00Z,2026-09-10T20:30:00+0200,13438.554,MW,NL,NL,forecast_load,Forecasted Load,2026-09-09T21:18:05Z
2026-09-09T21:14:49Z,2026-09-09T23:14:49+0200,10f31b98-6743-4c4d-b432-fe9eed1d7b4b,2026-09-10T18:45:00Z,2026-09-10T20:45:00+0200,13626.058,MW,NL,NL,forecast_load,Forecasted Load,2026-09-09T21:18:05Z
2026-09-09T21:14:49Z,2026-09-09T23:14:49+0200,10f31b98-6743-4c4d-b432-fe9eed1d7b4b,2026-09-10T19:00:00Z,2026-09-10T21:00:00+0200,13691.397,MW,NL,NL,forecast_load,Forecasted Load,2026-09-09T21:18:05Z
2026-09-09T21:14:49Z,2026-09-09T23:14:49+0200,10f31b98-6743-4c4d-b432-fe9eed1d7b4b,2026-09-10T19:15:00Z,2026-09-10T21:15:00+0200,13542.008,MW,NL,NL,forecast_load,Forecasted Load,2026-09-09T21:18:05Z
2026-09-09T21:14:49Z,2026-09-09T23:14:49+0200,10f31b98-6743-4c4d-b432-fe9eed1d7b4b,2026-09-10T19:30:00Z,2026-09-10T21:30:00+0200,13440.398,MW,NL,NL,forecast_load,Forecasted Load,2026-09-09T21:18:05Z
2026-09-09T21:14:49Z,2026-09-09T23:14:49+0200,10f31b98-6743-4c4d-b432-fe9eed1d7b4b,2026-09-10T19:45:00Z,2026-09-10T21:45:00+0200,13311.703,MW,NL,NL,forecast_load,Forecasted Load,2026-09-09T21:18:05Z
2026-09-09T21:14:49Z,2026-09-09T23:14:49+0200,10f31b98-6743-4c4d-b432-fe9eed1d7b4b,2026-09-10T20:00:00Z,2026-09-10T22:00:00+0200,13102.452,MW,NL,NL,forecast_load,Forecasted Load,2026-09-09T21:18:05Z
2026-09-09T21:14:49Z,2026-09-09T23:14:49+0200,10f31b98-6743-4c4d-b432-fe9eed1d7b4b,2026-09-10T20:15:00Z,2026-09-10T22:15:00+0200,12899.843,MW,NL,NL,forecast_load,Forecasted Load,2026-09-09T21:18:05Z
2026-09-09T21:14:49Z,2026-09-09T23:14:49+0200,10f31b98-6743-4c4d-b432-fe9eed1d7b4b,2026-09-10T20:30:00Z,2026-09-10T22:30:00+0200,12781.119,MW,NL,NL,forecast_load,Forecasted Load,2026-09-09T21:18:05Z
2026-09-09T21:14:49Z,2026-09-09T23:14:49+0200,10f31b98-6743-4c4d-b432-fe9eed1d7b4b,2026-09-10T20:45:00Z,2026-09-10T22:45:00+0200,12463.419,MW,NL,NL,forecast_load,Forecasted Load,2026-09-09T21:18:05Z
2026-09-09T21:14:49Z,2026-09-09T23:14:49+0200,10f31b98-6743-4c4d-b432-fe9eed1d7b4b,2026-09-10T21:00:00Z,2026-09-10T23:00:00+0200,12341.04,MW,NL,NL,forecast_load,Forecasted Load,2026-09-09T21:18:05Z
2026-09-09T21:14:49Z,2026-09-09T23:14:49+0200,10f31b98-6743-4c4d-b432-fe9eed1d7b4b,2026-09-10T21:15:00Z,2026-09-10T23:15:00+0200,12304.66,MW,NL,NL,forecast_load,Forecasted Load,2026-09-09T21:18:05Z
2026-09-09T21:14:49Z,2026-09-09T23:14:49+0200,10f31b98-6743-4c4d-b432-fe9eed1d7b4b,2026-09-10T21:30:00Z,2026-09-10T23:30:00+0200,12258.554,MW,NL,NL,forecast_load,Forecasted Load,2026-09-09T21:18:05Z
2026-09-09T21:14:49Z,2026-09-09T23:14:49+0200,10f31b98-6743-4c4d-b432-fe9eed1d7b4b,2026-09-10T21:45:00Z,2026-09-10T23:45:00+0200,12085.826,MW,NL,NL,forecast_load,Forecasted Load,2026-09-09T21:18:05Z
