collection_time_utc,collection_time_local,run_id,timestamp_utc,timestamp_local,value,unit,country,entsoe_area,variable,source,updated_at_utc
2026-09-21T07:02:55Z,2026-09-21T09:02:55+0200,3fc58b34-4d81-4d7c-85bd-e7844bf0203b,2026-09-14T07:15:00Z,2026-09-14T09:15:00+0200,10911.534,MW,NL,NL,forecast_load,Forecasted Load,2026-09-21T07:03:08Z
2026-09-21T07:02:55Z,2026-09-21T09:02:55+0200,3fc58b34-4d81-4d7c-85bd-e7844bf0203b,2026-09-14T07:30:00Z,2026-09-14T09:30:00+0200,10620.935,MW,NL,NL,forecast_load,Forecasted Load,2026-09-21T07:03:08Z
2026-09-21T07:02:55Z,2026-09-21T09:02:55+0200,3fc58b34-4d81-4d7c-85bd-e7844bf0203b,2026-09-14T07:45:00Z,2026-09-14T09:45:00+0200,10433.605,MW,NL,NL,forecast_load,Forecasted Load,2026-09-21T07:03:08Z
2026-09-21T07:02:55Z,2026-09-21T09:02:55+0200,3fc58b34-4d81-4d7c-85bd-e7844bf0203b,2026-09-14T08:00:00Z,2026-09-14T10:00:00+0200,10129.576,MW,NL,NL,forecast_load,Forecasted Load,2026-09-21T07:03:08Z
2026-09-21T07:02:55Z,2026-09-21T09:02:55+0200,3fc58b34-4d81-4d7c-85bd-e7844bf0203b,2026-09-14T08:15:00Z,2026-09-14T10:15:00+0200,9775.144,MW,NL,NL,forecast_load,Forecasted Load,2026-09-21T07:03:08Z
2026-09-21T07:02:55Z,2026-09-21T09:02:55+0200,3fc58b34-4d81-4d7c-85bd-e7844bf0203b,2026-09-14T08:30:00Z,2026-09-14T10:30:00+0200,9588.213,MW,NL,NL,forecast_load,Forecasted Load,2026-09-21T07:03:08Z
2026-09-21T07:02:55Z,2026-09-21T09:02:55+0200,3fc58b34-4d81-4d7c-85bd-e7844bf0203b,2026-09-14T08:45:00Z,2026-09-14T10:45:00+0200,9439.348,MW,NL,NL,forecast_load,Forecasted Load,2026-09-21T07:03:08Z
2026-09-21T07:02:55Z,2026-09-21T09:02:55+0200,3fc58b34-4d81-4d7c-85bd-e7844bf0203b,2026-09-14T09:00:00Z,2026-09-14T11:00:00+0200,9201.798,MW,NL,NL,forecast_load,Forecasted Load,2026-09-21T07:03:08Z
2026-09-21T07:02:55Z,2026-09-21T09:02:55+0200,3fc58b34-4d81-4d7c-85bd-e7844bf0203b,2026-09-14T09:15:00Z,2026-09-14T11:15:00+0200,8992.365,MW,NL,NL,forecast_load,Forecasted Load,2026-09-21T07:03:08Z
2026-09-21T07:02:55Z,2026-09-21T09:02:55+0200,3fc58b34-4d81-4d7c-85bd-e7844bf0203b,2026-09-14T09:30:00Z,2026-09-14T11:30:00+0200,8850.882,MW,NL,NL,forecast_load,Forecasted Load,2026-09-21T07:03:08Z
2026-09-21T07:02:55Z,2026-09-21T09:02:55+0200,3fc58b34-4d81-4d7c-85bd-e7844bf0203b,2026-09-14T09:45:00Z,2026-09-14T11:45:00+0200,8708.594,MW,NL,NL,forecast_load,Forecasted Load,2026-09-21T07:03:08Z
2026-09-21T07:02:55Z,2026-09-21T09:02:55+0200,3fc58b34-4d81-4d7c-85bd-e7844bf0203b,2026-09-14T10:00:00Z,2026-09-14T12:00:00+0200,8649.333,MW,NL,NL,forecast_load,Forecasted Load,2026-09-21T07:03:08Z
2026-09-21T07:02:55Z,2026-09-21T09:02:55+0200,3fc58b34-4d81-4d7c-85bd-e7844bf0203b,2026-09-14T10:15:00Z,2026-09-14T12:15:00+0200,8493.89,MW,NL,NL,forecast_load,Forecasted Load,2026-09-21T07:03:08Z
2026-09-21T07:02:55Z,2026-09-21T09:02:55+0200,3fc58b34-4d81-4d7c-85bd-e7844bf0203b,2026-09-14T10:30:00Z,2026-09-14T12:30:00+0200,8587.137,MW,NL,NL,forecast_load,Forecasted Load,2026-09-21T07:03:08Z
2026-09-21T07:02:55Z,2026-09-21T09:02:55+0200,3fc58b34-4d81-4d7c-85bd-e7844bf0203b,2026-09-14T10:45:00Z,2026-09-14T12:45:00+0200,8586.403,MW,NL,NL,forecast_load,Forecasted Load,2026-09-21T07:03:08Z
2026-09-21T07:02:55Z,2026-09-21T09:02:55+0200,3fc58b34-4d81-4d7c-85bd-e7844bf0203b,2026-09-14T11:00:00Z,2026-09-14T13:00:00+0200,8493.131,MW,NL,NL,forecast_load,Forecasted Load,2026-09-21T07:03:08Z
2026-09-21T07:02:55Z,2026-09-21T09:02:55+0200,3fc58b34-4d81-4d7c-85bd-e7844bf0203b,2026-09-14T11:15:00Z,2026-09-14T13:15:00+0200,8326.541,MW,NL,NL,forecast_load,Forecasted Load,2026-09-21T07:03:08Z
2026-09-21T07:02:55Z,2026-09-21T09:02:55+0200,3fc58b34-4d81-4d7c-85bd-e7844bf0203b,2026-09-14T11:30:00Z,2026-09-14T13:30:00+0200,8400.745,MW,NL,NL,forecast_load,Forecasted Load,2026-09-21T07:03:08Z
2026-09-21T07:02:55Z,2026-09-21T09:02:55+0200,3fc58b34-4d81-4d7c-85bd-e7844bf0203b,2026-09-14T11:45:00Z,2026-09-14T13:45:00+0200,8422.191,MW,NL,NL,forecast_load,Forecasted Load,2026-09-21T07:03:08Z
2026-09-21T07:02:55Z,2026-09-21T09:02:55+0200,3fc58b34-4d81-4d7c-85bd-e7844bf0203b,2026-09-14T12:00:00Z,2026-09-14T14:00:00+0200,8533.98,MW,NL,NL,forecast_load,Forecasted Load,2026-09-21T07:03:08Z
2026-09-21T07:02:55Z,2026-09-21T09:02:55+0200,3fc58b34-4d81-4d7c-85bd-e7844bf0203b,2026-09-14T12:15:00Z,2026-09-14T14:15:00+0200,8560.327,MW,NL,NL,forecast_load,Forecasted Load,2026-09-21T07:03:08Z
2026-09-21T07:02:55Z,2026-09-21T09:02:55+0200,3fc58b34-4d81-4d7c-85bd-e7844bf0203b,2026-09-14T12:30:00Z,2026-09-14T14:30:00+0200,8590.643,MW,NL,NL,forecast_load,Forecasted Load,2026-09-21T07:03:08Z
2026-09-21T07:02:55Z,2026-09-21T09:02:55+0200,3fc58b34-4d81-4d7c-85bd-e7844bf0203b,2026-09-14T12:45:00Z,2026-09-14T14:45:00+0200,8556.378,MW,NL,NL,forecast_load,Forecasted Load,2026-09-21T07:03:08Z
2026-09-21T07:02:55Z,2026-09-21T09:02:55+0200,3fc58b34-4d81-4d7c-85bd-e7844bf0203b,2026-09-14T13:00:00Z,2026-09-14T15:00:00+0200,8831.96,MW,NL,NL,forecast_load,Forecasted Load,2026-09-21T07:03:08Z
2026-09-21T07:02:55Z,2026-09-21T09:02:55+0200,3fc58b34-4d81-4d7c-85bd-e7844bf0203b,2026-09-14T13:15:00Z,2026-09-14T15:15:00+0200,8782.541,MW,NL,NL,forecast_load,Forecasted Load,2026-09-21T07:03:08Z
2026-09-21T07:02:55Z,2026-09-21T09:02:55+0200,3fc58b34-4d81-4d7c-85bd-e7844bf0203b,2026-09-14T13:30:00Z,2026-09-14T15:30:00+0200,9076.506,MW,NL,NL,forecast_load,Forecasted Load,2026-09-21T07:03:08Z
2026-09-21T07:02:55Z,2026-09-21T09:02:55+0200,3fc58b34-4d81-4d7c-85bd-e7844bf0203b,2026-09-14T13:45:00Z,2026-09-14T15:45:00+0200,9077.452,MW,NL,NL,forecast_load,Forecasted Load,2026-09-21T07:03:08Z
2026-09-21T07:02:55Z,2026-09-21T09:02:55+0200,3fc58b34-4d81-4d7c-85bd-e7844bf0203b,2026-09-14T14:00:00Z,2026-09-14T16:00:00+0200,9203.959,MW,NL,NL,forecast_load,Forecasted Load,2026-09-21T07:03:08Z
2026-09-21T07:02:55Z,2026-09-21T09:02:55+0200,3fc58b34-4d81-4d7c-85bd-e7844bf0203b,2026-09-14T14:15:00Z,2026-09-14T16:15:00+0200,9458.872,MW,NL,NL,forecast_load,Forecasted Load,2026-09-21T07:03:08Z
2026-09-21T07:02:55Z,2026-09-21T09:02:55+0200,3fc58b34-4d81-4d7c-85bd-e7844bf0203b,2026-09-14T14:30:00Z,2026-09-14T16:30:00+0200,9777.952,MW,NL,NL,forecast_load,Forecasted Load,2026-09-21T07:03:08Z
2026-09-21T07:02:55Z,2026-09-21T09:02:55+0200,3fc58b34-4d81-4d7c-85bd-e7844bf0203b,2026-09-14T14:45:00Z,2026-09-14T16:45:00+0200,10032.378,MW,NL,NL,forecast_load,Forecasted Load,2026-09-21T07:03:08Z
2026-09-21T07:02:55Z,2026-09-21T09:02:55+0200,3fc58b34-4d81-4d7c-85bd-e7844bf0203b,2026-09-14T15:00:00Z,2026-09-14T17:00:00+0200,10505.216,MW,NL,NL,forecast_load,Forecasted Load,2026-09-21T07:03:08Z
2026-09-21T07:02:55Z,2026-09-21T09:02:55+0200,3fc58b34-4d81-4d7c-85bd-e7844bf0203b,2026-09-14T15:15:00Z,2026-09-14T17:15:00+0200,10910.966,MW,NL,NL,forecast_load,Forecasted Load,2026-09-21T07:03:08Z
2026-09-21T07:02:55Z,2026-09-21T09:02:55+0200,3fc58b34-4d81-4d7c-85bd-e7844bf0203b,2026-09-14T15:30:00Z,2026-09-14T17:30:00+0200,11414.217,MW,NL,NL,forecast_load,Forecasted Load,2026-09-21T07:03:08Z
2026-09-21T07:02:55Z,2026-09-21T09:02:55+0200,3fc58b34-4d81-4d7c-85bd-e7844bf0203b,2026-09-14T15:45:00Z,2026-09-14T17:45:00+0200,11858.515,MW,NL,NL,forecast_load,Forecasted Load,2026-09-21T07:03:08Z
2026-09-21T07:02:55Z,2026-09-21T09:02:55+0200,3fc58b34-4d81-4d7c-85bd-e7844bf0203b,2026-09-14T16:00:00Z,2026-09-14T18:00:00+0200,11976.237,MW,NL,NL,forecast_load,Forecasted Load,2026-09-21T07:03:08Z
2026-09-21T07:02:55Z,2026-09-21T09:02:55+0200,3fc58b34-4d81-4d7c-85bd-e7844bf0203b,2026-09-14T16:15:00Z,2026-09-14T18:15:00+0200,11931.495,MW,NL,NL,forecast_load,Forecasted Load,2026-09-21T07:03:08Z
2026-09-21T07:02:55Z,2026-09-21T09:02:55+0200,3fc58b34-4d81-4d7c-85bd-e7844bf0203b,2026-09-14T16:30:00Z,2026-09-14T18:30:00+0200,11912.795,MW,NL,NL,forecast_load,Forecasted Load,2026-09-21T07:03:08Z
2026-09-21T07:02:55Z,2026-09-21T09:02:55+0200,3fc58b34-4d81-4d7c-85bd-e7844bf0203b,2026-09-14T16:45:00Z,2026-09-14T18:45:00+0200,12049.845,MW,NL,NL,forecast_load,Forecasted Load,2026-09-21T07:03:08Z
2026-09-21T07:02:55Z,2026-09-21T09:02:55+0200,3fc58b34-4d81-4d7c-85bd-e7844bf0203b,2026-09-14T17:00:00Z,2026-09-14T19:00:00+0200,12068.261,MW,NL,NL,forecast_load,Forecasted Load,2026-09-21T07:03:08Z
2026-09-21T07:02:55Z,2026-09-21T09:02:55+0200,3fc58b34-4d81-4d7c-85bd-e7844bf0203b,2026-09-14T17:15:00Z,2026-09-14T19:15:00+0200,12188.096,MW,NL,NL,forecast_load,Forecasted Load,2026-09-21T07:03:08Z
2026-09-21T07:02:55Z,2026-09-21T09:02:55+0200,3fc58b34-4d81-4d7c-85bd-e7844bf0203b,2026-09-14T17:30:00Z,2026-09-14T19:30:00+0200,12428.907,MW,NL,NL,forecast_load,Forecasted Load,2026-09-21T07:03:08Z
2026-09-21T07:02:55Z,2026-09-21T09:02:55+0200,3fc58b34-4d81-4d7c-85bd-e7844bf0203b,2026-09-14T17:45:00Z,2026-09-14T19:45:00+0200,12616.477,MW,NL,NL,forecast_load,Forecasted Load,2026-09-21T07:03:08Z
2026-09-21T07:02:55Z,2026-09-21T09:02:55+0200,3fc58b34-4d81-4d7c-85bd-e7844bf0203b,2026-09-14T18:00:00Z,2026-09-14T20:00:00+0200,12675.363,MW,NL,NL,forecast_load,Forecasted Load,2026-09-21T07:03:08Z
2026-09-21T07:02:55Z,2026-09-21T09:02:55+0200,3fc58b34-4d81-4d7c-85bd-e7844bf0203b,2026-09-14T18:15:00Z,2026-09-14T20:15:00+0200,12866.646,MW,NL,NL,forecast_load,Forecasted Load,2026-09-21T07:03:08Z
2026-09-21T07:02:55Z,2026-09-21T09:02:55+0200,3fc58b34-4d81-4d7c-85bd-e7844bf0203b,2026-09-14T18:30:00Z,2026-09-14T20:30:00+0200,13085.564,MW,NL,NL,forecast_load,Forecasted Load,2026-09-21T07:03:08Z
2026-09-21T07:02:55Z,2026-09-21T09:02:55+0200,3fc58b34-4d81-4d7c-85bd-e7844bf0203b,2026-09-14T18:45:00Z,2026-09-14T20:45:00+0200,13173.179,MW,NL,NL,forecast_load,Forecasted Load,2026-09-21T07:03:08Z
2026-09-21T07:02:55Z,2026-09-21T09:02:55+0200,3fc58b34-4d81-4d7c-85bd-e7844bf0203b,2026-09-14T19:00:00Z,2026-09-14T21:00:00+0200,13255.912,MW,NL,NL,forecast_load,Forecasted Load,2026-09-21T07:03:08Z
2026-09-21T07:02:55Z,2026-09-21T09:02:55+0200,3fc58b34-4d81-4d7c-85bd-e7844bf0203b,2026-09-14T19:15:00Z,2026-09-14T21:15:00+0200,13119.233,MW,NL,NL,forecast_load,Forecasted Load,2026-09-21T07:03:08Z
2026-09-21T07:02:55Z,2026-09-21T09:02:55+0200,3fc58b34-4d81-4d7c-85bd-e7844bf0203b,2026-09-14T19:30:00Z,2026-09-14T21:30:00+0200,12973.606,MW,NL,NL,forecast_load,Forecasted Load,2026-09-21T07:03:08Z
2026-09-21T07:02:55Z,2026-09-21T09:02:55+0200,3fc58b34-4d81-4d7c-85bd-e7844bf0203b,2026-09-14T19:45:00Z,2026-09-14T21:45:00+0200,12905.168,MW,NL,NL,forecast_load,Forecasted Load,2026-09-21T07:03:08Z
2026-09-21T07:02:55Z,2026-09-21T09:02:55+0200,3fc58b34-4d81-4d7c-85bd-e7844bf0203b,2026-09-14T20:00:00Z,2026-09-14T22:00:00+0200,12902.557,MW,NL,NL,forecast_load,Forecasted Load,2026-09-21T07:03:08Z
2026-09-21T07:02:55Z,2026-09-21T09:02:55+0200,3fc58b34-4d81-4d7c-85bd-e7844bf0203b,2026-09-14T20:15:00Z,2026-09-14T22:15:00+0200,12676.669,MW,NL,NL,forecast_load,Forecasted Load,2026-09-21T07:03:08Z
2026-09-21T07:02:55Z,2026-09-21T09:02:55+0200,3fc58b34-4d81-4d7c-85bd-e7844bf0203b,2026-09-14T20:30:00Z,2026-09-14T22:30:00+0200,12602.303,MW,NL,NL,forecast_load,Forecasted Load,2026-09-21T07:03:08Z
2026-09-21T07:02:55Z,2026-09-21T09:02:55+0200,3fc58b34-4d81-4d7c-85bd-e7844bf0203b,2026-09-14T20:45:00Z,2026-09-14T22:45:00+0200,12484.753,MW,NL,NL,forecast_load,Forecasted Load,2026-09-21T07:03:08Z
2026-09-21T07:02:55Z,2026-09-21T09:02:55+0200,3fc58b34-4d81-4d7c-85bd-e7844bf0203b,2026-09-14T21:00:00Z,2026-09-14T23:00:00+0200,12447.526,MW,NL,NL,forecast_load,Forecasted Load,2026-09-21T07:03:08Z
2026-09-21T07:02:55Z,2026-09-21T09:02:55+0200,3fc58b34-4d81-4d7c-85bd-e7844bf0203b,2026-09-14T21:15:00Z,2026-09-14T23:15:00+0200,12517.043,MW,NL,NL,forecast_load,Forecasted Load,2026-09-21T07:03:08Z
2026-09-21T07:02:55Z,2026-09-21T09:02:55+0200,3fc58b34-4d81-4d7c-85bd-e7844bf0203b,2026-09-14T21:30:00Z,2026-09-14T23:30:00+0200,12397.597,MW,NL,NL,forecast_load,Forecasted Load,2026-09-21T07:03:08Z
2026-09-21T07:02:55Z,2026-09-21T09:02:55+0200,3fc58b34-4d81-4d7c-85bd-e7844bf0203b,2026-09-14T21:45:00Z,2026-09-14T23:45:00+0200,12221.668,MW,NL,NL,forecast_load,Forecasted Load,2026-09-21T07:03:08Z
2026-09-21T07:02:55Z,2026-09-21T09:02:55+0200,3fc58b34-4d81-4d7c-85bd-e7844bf0203b,2026-09-14T22:00:00Z,2026-09-15T00:00:00+0200,12037.103,MW,NL,NL,forecast_load,Forecasted Load,2026-09-21T07:03:08Z
2026-09-21T07:02:55Z,2026-09-21T09:02:55+0200,3fc58b34-4d81-4d7c-85bd-e7844bf0203b,2026-09-14T22:15:00Z,2026-09-15T00:15:00+0200,11939.493,MW,NL,NL,forecast_load,Forecasted Load,2026-09-21T07:03:08Z
2026-09-21T07:02:55Z,2026-09-21T09:02:55+0200,3fc58b34-4d81-4d7c-85bd-e7844bf0203b,2026-09-14T22:30:00Z,2026-09-15T00:30:00+0200,11823.598,MW,NL,NL,forecast_load,Forecasted Load,2026-09-21T07:03:08Z
2026-09-21T07:02:55Z,2026-09-21T09:02:55+0200,3fc58b34-4d81-4d7c-85bd-e7844bf0203b,2026-09-14T22:45:00Z,2026-09-15T00:45:00+0200,11701.805,MW,NL,NL,forecast_load,Forecasted Load,2026-09-21T07:03:08Z
2026-09-21T07:02:55Z,2026-09-21T09:02:55+0200,3fc58b34-4d81-4d7c-85bd-e7844bf0203b,2026-09-14T23:00:00Z,2026-09-15T01:00:00+0200,11564.717,MW,NL,NL,forecast_load,Forecasted Load,2026-09-21T07:03:08Z
2026-09-21T07:02:55Z,2026-09-21T09:02:55+0200,3fc58b34-4d81-4d7c-85bd-e7844bf0203b,2026-09-14T23:15:00Z,2026-09-15T01:15:00+0200,11420.065,MW,NL,NL,forecast_load,Forecasted Load,2026-09-21T07:03:08Z
2026-09-21T07:02:55Z,2026-09-21T09:02:55+0200,3fc58b34-4d81-4d7c-85bd-e7844bf0203b,2026-09-14T23:30:00Z,2026-09-15T01:30:00+0200,11340.619,MW,NL,NL,forecast_load,Forecasted Load,2026-09-21T07:03:08Z
2026-09-21T07:02:55Z,2026-09-21T09:02:55+0200,3fc58b34-4d81-4d7c-85bd-e7844bf0203b,2026-09-14T23:45:00Z,2026-09-15T01:45:00+0200,11255.139,MW,NL,NL,forecast_load,Forecasted Load,2026-09-21T07:03:08Z
2026-09-21T07:02:55Z,2026-09-21T09:02:55+0200,3fc58b34-4d81-4d7c-85bd-e7844bf0203b,2026-09-15T00:00:00Z,2026-09-15T02:00:00+0200,11176.177,MW,NL,NL,forecast_load,Forecasted Load,2026-09-21T07:03:08Z
2026-09-21T07:02:55Z,2026-09-21T09:02:55+0200,3fc58b34-4d81-4d7c-85bd-e7844bf0203b,2026-09-15T00:15:00Z,2026-09-15T02:15:00+0200,11165.297,MW,NL,NL,forecast_load,Forecasted Load,2026-09-21T07:03:08Z
2026-09-21T07:02:55Z,2026-09-21T09:02:55+0200,3fc58b34-4d81-4d7c-85bd-e7844bf0203b,2026-09-15T00:30:00Z,2026-09-15T02:30:00+0200,11121.277,MW,NL,NL,forecast_load,Forecasted Load,2026-09-21T07:03:08Z
2026-09-21T07:02:55Z,2026-09-21T09:02:55+0200,3fc58b34-4d81-4d7c-85bd-e7844bf0203b,2026-09-15T00:45:00Z,2026-09-15T02:45:00+0200,11039.471,MW,NL,NL,forecast_load,Forecasted Load,2026-09-21T07:03:08Z
2026-09-21T07:02:55Z,2026-09-21T09:02:55+0200,3fc58b34-4d81-4d7c-85bd-e7844bf0203b,2026-09-15T01:00:00Z,2026-09-15T03:00:00+0200,10936.464,MW,NL,NL,forecast_load,Forecasted Load,2026-09-21T07:03:08Z
2026-09-21T07:02:55Z,2026-09-21T09:02:55+0200,3fc58b34-4d81-4d7c-85bd-e7844bf0203b,2026-09-15T01:15:00Z,2026-09-15T03:15:00+0200,11040.209,MW,NL,NL,forecast_load,Forecasted Load,2026-09-21T07:03:08Z
2026-09-21T07:02:55Z,2026-09-21T09:02:55+0200,3fc58b34-4d81-4d7c-85bd-e7844bf0203b,2026-09-15T01:30:00Z,2026-09-15T03:30:00+0200,10966.602,MW,NL,NL,forecast_load,Forecasted Load,2026-09-21T07:03:08Z
2026-09-21T07:02:55Z,2026-09-21T09:02:55+0200,3fc58b34-4d81-4d7c-85bd-e7844bf0203b,2026-09-15T01:45:00Z,2026-09-15T03:45:00+0200,10955.692,MW,NL,NL,forecast_load,Forecasted Load,2026-09-21T07:03:08Z
2026-09-21T07:02:55Z,2026-09-21T09:02:55+0200,3fc58b34-4d81-4d7c-85bd-e7844bf0203b,2026-09-15T02:00:00Z,2026-09-15T04:00:00+0200,10885.822,MW,NL,NL,forecast_load,Forecasted Load,2026-09-21T07:03:08Z
2026-09-21T07:02:55Z,2026-09-21T09:02:55+0200,3fc58b34-4d81-4d7c-85bd-e7844bf0203b,2026-09-15T02:15:00Z,2026-09-15T04:15:00+0200,10900.98,MW,NL,NL,forecast_load,Forecasted Load,2026-09-21T07:03:08Z
2026-09-21T07:02:55Z,2026-09-21T09:02:55+0200,3fc58b34-4d81-4d7c-85bd-e7844bf0203b,2026-09-15T02:30:00Z,2026-09-15T04:30:00+0200,10807.824,MW,NL,NL,forecast_load,Forecasted Load,2026-09-21T07:03:08Z
2026-09-21T07:02:55Z,2026-09-21T09:02:55+0200,3fc58b34-4d81-4d7c-85bd-e7844bf0203b,2026-09-15T02:45:00Z,2026-09-15T04:45:00+0200,10810.251,MW,NL,NL,forecast_load,Forecasted Load,2026-09-21T07:03:08Z
2026-09-21T07:02:55Z,2026-09-21T09:02:55+0200,3fc58b34-4d81-4d7c-85bd-e7844bf0203b,2026-09-15T03:00:00Z,2026-09-15T05:00:00+0200,10855.24,MW,NL,NL,forecast_load,Forecasted Load,2026-09-21T07:03:08Z
2026-09-21T07:02:55Z,2026-09-21T09:02:55+0200,3fc58b34-4d81-4d7c-85bd-e7844bf0203b,2026-09-15T03:15:00Z,2026-09-15T05:15:00+0200,10922.692,MW,NL,NL,forecast_load,Forecasted Load,2026-09-21T07:03:08Z
2026-09-21T07:02:55Z,2026-09-21T09:02:55+0200,3fc58b34-4d81-4d7c-85bd-e7844bf0203b,2026-09-15T03:30:00Z,2026-09-15T05:30:00+0200,10925.389,MW,NL,NL,forecast_load,Forecasted Load,2026-09-21T07:03:08Z
2026-09-21T07:02:55Z,2026-09-21T09:02:55+0200,3fc58b34-4d81-4d7c-85bd-e7844bf0203b,2026-09-15T03:45:00Z,2026-09-15T05:45:00+0200,11101.473,MW,NL,NL,forecast_load,Forecasted Load,2026-09-21T07:03:08Z
2026-09-21T07:02:55Z,2026-09-21T09:02:55+0200,3fc58b34-4d81-4d7c-85bd-e7844bf0203b,2026-09-15T04:00:00Z,2026-09-15T06:00:00+0200,11226.213,MW,NL,NL,forecast_load,Forecasted Load,2026-09-21T07:03:08Z
2026-09-21T07:02:55Z,2026-09-21T09:02:55+0200,3fc58b34-4d81-4d7c-85bd-e7844bf0203b,2026-09-15T04:15:00Z,2026-09-15T06:15:00+0200,11335.871,MW,NL,NL,forecast_load,Forecasted Load,2026-09-21T07:03:08Z
2026-09-21T07:02:55Z,2026-09-21T09:02:55+0200,3fc58b34-4d81-4d7c-85bd-e7844bf0203b,2026-09-15T04:30:00Z,2026-09-15T06:30:00+0200,11356.545,MW,NL,NL,forecast_load,Forecasted Load,2026-09-21T07:03:08Z
2026-09-21T07:02:55Z,2026-09-21T09:02:55+0200,3fc58b34-4d81-4d7c-85bd-e7844bf0203b,2026-09-15T04:45:00Z,2026-09-15T06:45:00+0200,11485.225,MW,NL,NL,forecast_load,Forecasted Load,2026-09-21T07:03:08Z
2026-09-21T07:02:55Z,2026-09-21T09:02:55+0200,3fc58b34-4d81-4d7c-85bd-e7844bf0203b,2026-09-15T05:00:00Z,2026-09-15T07:00:00+0200,11705.449,MW,NL,NL,forecast_load,Forecasted Load,2026-09-21T07:03:08Z
2026-09-21T07:02:55Z,2026-09-21T09:02:55+0200,3fc58b34-4d81-4d7c-85bd-e7844bf0203b,2026-09-15T05:15:00Z,2026-09-15T07:15:00+0200,12110.422,MW,NL,NL,forecast_load,Forecasted Load,2026-09-21T07:03:08Z
2026-09-21T07:02:55Z,2026-09-21T09:02:55+0200,3fc58b34-4d81-4d7c-85bd-e7844bf0203b,2026-09-15T05:30:00Z,2026-09-15T07:30:00+0200,12171.792,MW,NL,NL,forecast_load,Forecasted Load,2026-09-21T07:03:08Z
2026-09-21T07:02:55Z,2026-09-21T09:02:55+0200,3fc58b34-4d81-4d7c-85bd-e7844bf0203b,2026-09-15T05:45:00Z,2026-09-15T07:45:00+0200,12500.005,MW,NL,NL,forecast_load,Forecasted Load,2026-09-21T07:03:08Z
2026-09-21T07:02:55Z,2026-09-21T09:02:55+0200,3fc58b34-4d81-4d7c-85bd-e7844bf0203b,2026-09-15T06:00:00Z,2026-09-15T08:00:00+0200,12579.643,MW,NL,NL,forecast_load,Forecasted Load,2026-09-21T07:03:08Z
2026-09-21T07:02:55Z,2026-09-21T09:02:55+0200,3fc58b34-4d81-4d7c-85bd-e7844bf0203b,2026-09-15T06:15:00Z,2026-09-15T08:15:00+0200,12590.503,MW,NL,NL,forecast_load,Forecasted Load,2026-09-21T07:03:08Z
2026-09-21T07:02:55Z,2026-09-21T09:02:55+0200,3fc58b34-4d81-4d7c-85bd-e7844bf0203b,2026-09-15T06:30:00Z,2026-09-15T08:30:00+0200,12482.363,MW,NL,NL,forecast_load,Forecasted Load,2026-09-21T07:03:08Z
2026-09-21T07:02:55Z,2026-09-21T09:02:55+0200,3fc58b34-4d81-4d7c-85bd-e7844bf0203b,2026-09-15T06:45:00Z,2026-09-15T08:45:00+0200,12473.039,MW,NL,NL,forecast_load,Forecasted Load,2026-09-21T07:03:08Z
2026-09-21T07:02:55Z,2026-09-21T09:02:55+0200,3fc58b34-4d81-4d7c-85bd-e7844bf0203b,2026-09-15T07:00:00Z,2026-09-15T09:00:00+0200,12577.502,MW,NL,NL,forecast_load,Forecasted Load,2026-09-21T07:03:08Z
2026-09-21T07:02:55Z,2026-09-21T09:02:55+0200,3fc58b34-4d81-4d7c-85bd-e7844bf0203b,2026-09-15T07:15:00Z,2026-09-15T09:15:00+0200,12614.38,MW,NL,NL,forecast_load,Forecasted Load,2026-09-21T07:03:08Z
2026-09-21T07:02:55Z,2026-09-21T09:02:55+0200,3fc58b34-4d81-4d7c-85bd-e7844bf0203b,2026-09-15T07:30:00Z,2026-09-15T09:30:00+0200,12479.849,MW,NL,NL,forecast_load,Forecasted Load,2026-09-21T07:03:08Z
2026-09-21T07:02:55Z,2026-09-21T09:02:55+0200,3fc58b34-4d81-4d7c-85bd-e7844bf0203b,2026-09-15T07:45:00Z,2026-09-15T09:45:00+0200,12271.534,MW,NL,NL,forecast_load,Forecasted Load,2026-09-21T07:03:08Z
2026-09-21T07:02:55Z,2026-09-21T09:02:55+0200,3fc58b34-4d81-4d7c-85bd-e7844bf0203b,2026-09-15T08:00:00Z,2026-09-15T10:00:00+0200,12178.262,MW,NL,NL,forecast_load,Forecasted Load,2026-09-21T07:03:08Z
2026-09-21T07:02:55Z,2026-09-21T09:02:55+0200,3fc58b34-4d81-4d7c-85bd-e7844bf0203b,2026-09-15T08:15:00Z,2026-09-15T10:15:00+0200,11973.865,MW,NL,NL,forecast_load,Forecasted Load,2026-09-21T07:03:08Z
2026-09-21T07:02:55Z,2026-09-21T09:02:55+0200,3fc58b34-4d81-4d7c-85bd-e7844bf0203b,2026-09-15T08:30:00Z,2026-09-15T10:30:00+0200,11830.378,MW,NL,NL,forecast_load,Forecasted Load,2026-09-21T07:03:08Z
2026-09-21T07:02:55Z,2026-09-21T09:02:55+0200,3fc58b34-4d81-4d7c-85bd-e7844bf0203b,2026-09-15T08:45:00Z,2026-09-15T10:45:00+0200,11853.181,MW,NL,NL,forecast_load,Forecasted Load,2026-09-21T07:03:08Z
2026-09-21T07:02:55Z,2026-09-21T09:02:55+0200,3fc58b34-4d81-4d7c-85bd-e7844bf0203b,2026-09-15T09:00:00Z,2026-09-15T11:00:00+0200,11745.246,MW,NL,NL,forecast_load,Forecasted Load,2026-09-21T07:03:08Z
2026-09-21T07:02:55Z,2026-09-21T09:02:55+0200,3fc58b34-4d81-4d7c-85bd-e7844bf0203b,2026-09-15T09:15:00Z,2026-09-15T11:15:00+0200,11708.455,MW,NL,NL,forecast_load,Forecasted Load,2026-09-21T07:03:08Z
2026-09-21T07:02:55Z,2026-09-21T09:02:55+0200,3fc58b34-4d81-4d7c-85bd-e7844bf0203b,2026-09-15T09:30:00Z,2026-09-15T11:30:00+0200,11512.949,MW,NL,NL,forecast_load,Forecasted Load,2026-09-21T07:03:08Z
2026-09-21T07:02:55Z,2026-09-21T09:02:55+0200,3fc58b34-4d81-4d7c-85bd-e7844bf0203b,2026-09-15T09:45:00Z,2026-09-15T11:45:00+0200,11360.405,MW,NL,NL,forecast_load,Forecasted Load,2026-09-21T07:03:08Z
2026-09-21T07:02:55Z,2026-09-21T09:02:55+0200,3fc58b34-4d81-4d7c-85bd-e7844bf0203b,2026-09-15T10:00:00Z,2026-09-15T12:00:00+0200,11268.789,MW,NL,NL,forecast_load,Forecasted Load,2026-09-21T07:03:08Z
2026-09-21T07:02:55Z,2026-09-21T09:02:55+0200,3fc58b34-4d81-4d7c-85bd-e7844bf0203b,2026-09-15T10:15:00Z,2026-09-15T12:15:00+0200,11192.845,MW,NL,NL,forecast_load,Forecasted Load,2026-09-21T07:03:08Z
2026-09-21T07:02:55Z,2026-09-21T09:02:55+0200,3fc58b34-4d81-4d7c-85bd-e7844bf0203b,2026-09-15T10:30:00Z,2026-09-15T12:30:00+0200,10859.76,MW,NL,NL,forecast_load,Forecasted Load,2026-09-21T07:03:08Z
2026-09-21T07:02:55Z,2026-09-21T09:02:55+0200,3fc58b34-4d81-4d7c-85bd-e7844bf0203b,2026-09-15T10:45:00Z,2026-09-15T12:45:00+0200,10762.66,MW,NL,NL,forecast_load,Forecasted Load,2026-09-21T07:03:08Z
2026-09-21T07:02:55Z,2026-09-21T09:02:55+0200,3fc58b34-4d81-4d7c-85bd-e7844bf0203b,2026-09-15T11:00:00Z,2026-09-15T13:00:00+0200,10537.706,MW,NL,NL,forecast_load,Forecasted Load,2026-09-21T07:03:08Z
2026-09-21T07:02:55Z,2026-09-21T09:02:55+0200,3fc58b34-4d81-4d7c-85bd-e7844bf0203b,2026-09-15T11:15:00Z,2026-09-15T13:15:00+0200,10473.664,MW,NL,NL,forecast_load,Forecasted Load,2026-09-21T07:03:08Z
2026-09-21T07:02:55Z,2026-09-21T09:02:55+0200,3fc58b34-4d81-4d7c-85bd-e7844bf0203b,2026-09-15T11:30:00Z,2026-09-15T13:30:00+0200,10530.05,MW,NL,NL,forecast_load,Forecasted Load,2026-09-21T07:03:08Z
2026-09-21T07:02:55Z,2026-09-21T09:02:55+0200,3fc58b34-4d81-4d7c-85bd-e7844bf0203b,2026-09-15T11:45:00Z,2026-09-15T13:45:00+0200,10379.498,MW,NL,NL,forecast_load,Forecasted Load,2026-09-21T07:03:08Z
2026-09-21T07:02:55Z,2026-09-21T09:02:55+0200,3fc58b34-4d81-4d7c-85bd-e7844bf0203b,2026-09-15T12:00:00Z,2026-09-15T14:00:00+0200,10452.859,MW,NL,NL,forecast_load,Forecasted Load,2026-09-21T07:03:08Z
2026-09-21T07:02:55Z,2026-09-21T09:02:55+0200,3fc58b34-4d81-4d7c-85bd-e7844bf0203b,2026-09-15T12:15:00Z,2026-09-15T14:15:00+0200,10379.916,MW,NL,NL,forecast_load,Forecasted Load,2026-09-21T07:03:08Z
2026-09-21T07:02:55Z,2026-09-21T09:02:55+0200,3fc58b34-4d81-4d7c-85bd-e7844bf0203b,2026-09-15T12:30:00Z,2026-09-15T14:30:00+0200,10161.922,MW,NL,NL,forecast_load,Forecasted Load,2026-09-21T07:03:08Z
2026-09-21T07:02:55Z,2026-09-21T09:02:55+0200,3fc58b34-4d81-4d7c-85bd-e7844bf0203b,2026-09-15T12:45:00Z,2026-09-15T14:45:00+0200,10024.578,MW,NL,NL,forecast_load,Forecasted Load,2026-09-21T07:03:08Z
2026-09-21T07:02:55Z,2026-09-21T09:02:55+0200,3fc58b34-4d81-4d7c-85bd-e7844bf0203b,2026-09-15T13:00:00Z,2026-09-15T15:00:00+0200,10078.156,MW,NL,NL,forecast_load,Forecasted Load,2026-09-21T07:03:08Z
2026-09-21T07:02:55Z,2026-09-21T09:02:55+0200,3fc58b34-4d81-4d7c-85bd-e7844bf0203b,2026-09-15T13:15:00Z,2026-09-15T15:15:00+0200,10107.601,MW,NL,NL,forecast_load,Forecasted Load,2026-09-21T07:03:08Z
2026-09-21T07:02:55Z,2026-09-21T09:02:55+0200,3fc58b34-4d81-4d7c-85bd-e7844bf0203b,2026-09-15T13:30:00Z,2026-09-15T15:30:00+0200,10061.592,MW,NL,NL,forecast_load,Forecasted Load,2026-09-21T07:03:08Z
2026-09-21T07:02:55Z,2026-09-21T09:02:55+0200,3fc58b34-4d81-4d7c-85bd-e7844bf0203b,2026-09-15T13:45:00Z,2026-09-15T15:45:00+0200,10215.254,MW,NL,NL,forecast_load,Forecasted Load,2026-09-21T07:03:08Z
2026-09-21T07:02:55Z,2026-09-21T09:02:55+0200,3fc58b34-4d81-4d7c-85bd-e7844bf0203b,2026-09-15T14:00:00Z,2026-09-15T16:00:00+0200,10394.228,MW,NL,NL,forecast_load,Forecasted Load,2026-09-21T07:03:08Z
2026-09-21T07:02:55Z,2026-09-21T09:02:55+0200,3fc58b34-4d81-4d7c-85bd-e7844bf0203b,2026-09-15T14:15:00Z,2026-09-15T16:15:00+0200,10789.758,MW,NL,NL,forecast_load,Forecasted Load,2026-09-21T07:03:08Z
2026-09-21T07:02:55Z,2026-09-21T09:02:55+0200,3fc58b34-4d81-4d7c-85bd-e7844bf0203b,2026-09-15T14:30:00Z,2026-09-15T16:30:00+0200,10958.022,MW,NL,NL,forecast_load,Forecasted Load,2026-09-21T07:03:08Z
2026-09-21T07:02:55Z,2026-09-21T09:02:55+0200,3fc58b34-4d81-4d7c-85bd-e7844bf0203b,2026-09-15T14:45:00Z,2026-09-15T16:45:00+0200,11213.42,MW,NL,NL,forecast_load,Forecasted Load,2026-09-21T07:03:08Z
2026-09-21T07:02:55Z,2026-09-21T09:02:55+0200,3fc58b34-4d81-4d7c-85bd-e7844bf0203b,2026-09-15T15:00:00Z,2026-09-15T17:00:00+0200,11495.318,MW,NL,NL,forecast_load,Forecasted Load,2026-09-21T07:03:08Z
2026-09-21T07:02:55Z,2026-09-21T09:02:55+0200,3fc58b34-4d81-4d7c-85bd-e7844bf0203b,2026-09-15T15:15:00Z,2026-09-15T17:15:00+0200,11872.035,MW,NL,NL,forecast_load,Forecasted Load,2026-09-21T07:03:08Z
2026-09-21T07:02:55Z,2026-09-21T09:02:55+0200,3fc58b34-4d81-4d7c-85bd-e7844bf0203b,2026-09-15T15:30:00Z,2026-09-15T17:30:00+0200,12171.433,MW,NL,NL,forecast_load,Forecasted Load,2026-09-21T07:03:08Z
2026-09-21T07:02:55Z,2026-09-21T09:02:55+0200,3fc58b34-4d81-4d7c-85bd-e7844bf0203b,2026-09-15T15:45:00Z,2026-09-15T17:45:00+0200,12335.189,MW,NL,NL,forecast_load,Forecasted Load,2026-09-21T07:03:08Z
2026-09-21T07:02:55Z,2026-09-21T09:02:55+0200,3fc58b34-4d81-4d7c-85bd-e7844bf0203b,2026-09-15T16:00:00Z,2026-09-15T18:00:00+0200,12325.594,MW,NL,NL,forecast_load,Forecasted Load,2026-09-21T07:03:08Z
2026-09-21T07:02:55Z,2026-09-21T09:02:55+0200,3fc58b34-4d81-4d7c-85bd-e7844bf0203b,2026-09-15T16:15:00Z,2026-09-15T18:15:00+0200,12338.658,MW,NL,NL,forecast_load,Forecasted Load,2026-09-21T07:03:08Z
2026-09-21T07:02:55Z,2026-09-21T09:02:55+0200,3fc58b34-4d81-4d7c-85bd-e7844bf0203b,2026-09-15T16:30:00Z,2026-09-15T18:30:00+0200,12337.997,MW,NL,NL,forecast_load,Forecasted Load,2026-09-21T07:03:08Z
2026-09-21T07:02:55Z,2026-09-21T09:02:55+0200,3fc58b34-4d81-4d7c-85bd-e7844bf0203b,2026-09-15T16:45:00Z,2026-09-15T18:45:00+0200,12413.453,MW,NL,NL,forecast_load,Forecasted Load,2026-09-21T07:03:08Z
2026-09-21T07:02:55Z,2026-09-21T09:02:55+0200,3fc58b34-4d81-4d7c-85bd-e7844bf0203b,2026-09-15T17:00:00Z,2026-09-15T19:00:00+0200,12336.692,MW,NL,NL,forecast_load,Forecasted Load,2026-09-21T07:03:08Z
2026-09-21T07:02:55Z,2026-09-21T09:02:55+0200,3fc58b34-4d81-4d7c-85bd-e7844bf0203b,2026-09-15T17:15:00Z,2026-09-15T19:15:00+0200,12463.806,MW,NL,NL,forecast_load,Forecasted Load,2026-09-21T07:03:08Z
2026-09-21T07:02:55Z,2026-09-21T09:02:55+0200,3fc58b34-4d81-4d7c-85bd-e7844bf0203b,2026-09-15T17:30:00Z,2026-09-15T19:30:00+0200,12535.98,MW,NL,NL,forecast_load,Forecasted Load,2026-09-21T07:03:08Z
2026-09-21T07:02:55Z,2026-09-21T09:02:55+0200,3fc58b34-4d81-4d7c-85bd-e7844bf0203b,2026-09-15T17:45:00Z,2026-09-15T19:45:00+0200,12778.405,MW,NL,NL,forecast_load,Forecasted Load,2026-09-21T07:03:08Z
2026-09-21T07:02:55Z,2026-09-21T09:02:55+0200,3fc58b34-4d81-4d7c-85bd-e7844bf0203b,2026-09-15T18:00:00Z,2026-09-15T20:00:00+0200,12918.067,MW,NL,NL,forecast_load,Forecasted Load,2026-09-21T07:03:08Z
2026-09-21T07:02:55Z,2026-09-21T09:02:55+0200,3fc58b34-4d81-4d7c-85bd-e7844bf0203b,2026-09-15T18:15:00Z,2026-09-15T20:15:00+0200,12808.162,MW,NL,NL,forecast_load,Forecasted Load,2026-09-21T07:03:08Z
2026-09-21T07:02:55Z,2026-09-21T09:02:55+0200,3fc58b34-4d81-4d7c-85bd-e7844bf0203b,2026-09-15T18:30:00Z,2026-09-15T20:30:00+0200,12755.401,MW,NL,NL,forecast_load,Forecasted Load,2026-09-21T07:03:08Z
2026-09-21T07:02:55Z,2026-09-21T09:02:55+0200,3fc58b34-4d81-4d7c-85bd-e7844bf0203b,2026-09-15T18:45:00Z,2026-09-15T20:45:00+0200,12733.232,MW,NL,NL,forecast_load,Forecasted Load,2026-09-21T07:03:08Z
2026-09-21T07:02:55Z,2026-09-21T09:02:55+0200,3fc58b34-4d81-4d7c-85bd-e7844bf0203b,2026-09-15T19:00:00Z,2026-09-15T21:00:00+0200,12777.645,MW,NL,NL,forecast_load,Forecasted Load,2026-09-21T07:03:08Z
2026-09-21T07:02:55Z,2026-09-21T09:02:55+0200,3fc58b34-4d81-4d7c-85bd-e7844bf0203b,2026-09-15T19:15:00Z,2026-09-15T21:15:00+0200,12778.603,MW,NL,NL,forecast_load,Forecasted Load,2026-09-21T07:03:08Z
2026-09-21T07:02:55Z,2026-09-21T09:02:55+0200,3fc58b34-4d81-4d7c-85bd-e7844bf0203b,2026-09-15T19:30:00Z,2026-09-15T21:30:00+0200,12828.905,MW,NL,NL,forecast_load,Forecasted Load,2026-09-21T07:03:08Z
2026-09-21T07:02:55Z,2026-09-21T09:02:55+0200,3fc58b34-4d81-4d7c-85bd-e7844bf0203b,2026-09-15T19:45:00Z,2026-09-15T21:45:00+0200,12801.991,MW,NL,NL,forecast_load,Forecasted Load,2026-09-21T07:03:08Z
2026-09-21T07:02:55Z,2026-09-21T09:02:55+0200,3fc58b34-4d81-4d7c-85bd-e7844bf0203b,2026-09-15T20:00:00Z,2026-09-15T22:00:00+0200,12673.774,MW,NL,NL,forecast_load,Forecasted Load,2026-09-21T07:03:08Z
2026-09-21T07:02:55Z,2026-09-21T09:02:55+0200,3fc58b34-4d81-4d7c-85bd-e7844bf0203b,2026-09-15T20:15:00Z,2026-09-15T22:15:00+0200,12411.654,MW,NL,NL,forecast_load,Forecasted Load,2026-09-21T07:03:08Z
2026-09-21T07:02:55Z,2026-09-21T09:02:55+0200,3fc58b34-4d81-4d7c-85bd-e7844bf0203b,2026-09-15T20:30:00Z,2026-09-15T22:30:00+0200,12129.771,MW,NL,NL,forecast_load,Forecasted Load,2026-09-21T07:03:08Z
2026-09-21T07:02:55Z,2026-09-21T09:02:55+0200,3fc58b34-4d81-4d7c-85bd-e7844bf0203b,2026-09-15T20:45:00Z,2026-09-15T22:45:00+0200,12053.969,MW,NL,NL,forecast_load,Forecasted Load,2026-09-21T07:03:08Z
2026-09-21T07:02:55Z,2026-09-21T09:02:55+0200,3fc58b34-4d81-4d7c-85bd-e7844bf0203b,2026-09-15T21:00:00Z,2026-09-15T23:00:00+0200,12089.294,MW,NL,NL,forecast_load,Forecasted Load,2026-09-21T07:03:08Z
2026-09-21T07:02:55Z,2026-09-21T09:02:55+0200,3fc58b34-4d81-4d7c-85bd-e7844bf0203b,2026-09-15T21:15:00Z,2026-09-15T23:15:00+0200,12058.916,MW,NL,NL,forecast_load,Forecasted Load,2026-09-21T07:03:08Z
2026-09-21T07:02:55Z,2026-09-21T09:02:55+0200,3fc58b34-4d81-4d7c-85bd-e7844bf0203b,2026-09-15T21:30:00Z,2026-09-15T23:30:00+0200,12004.787,MW,NL,NL,forecast_load,Forecasted Load,2026-09-21T07:03:08Z
2026-09-21T07:02:55Z,2026-09-21T09:02:55+0200,3fc58b34-4d81-4d7c-85bd-e7844bf0203b,2026-09-15T21:45:00Z,2026-09-15T23:45:00+0200,11933.069,MW,NL,NL,forecast_load,Forecasted Load,2026-09-21T07:03:08Z
2026-09-21T07:02:55Z,2026-09-21T09:02:55+0200,3fc58b34-4d81-4d7c-85bd-e7844bf0203b,2026-09-15T22:00:00Z,2026-09-16T00:00:00+0200,11887.917,MW,NL,NL,forecast_load,Forecasted Load,2026-09-21T07:03:08Z
2026-09-21T07:02:55Z,2026-09-21T09:02:55+0200,3fc58b34-4d81-4d7c-85bd-e7844bf0203b,2026-09-15T22:15:00Z,2026-09-16T00:15:00+0200,11956.243,MW,NL,NL,forecast_load,Forecasted Load,2026-09-21T07:03:08Z
2026-09-21T07:02:55Z,2026-09-21T09:02:55+0200,3fc58b34-4d81-4d7c-85bd-e7844bf0203b,2026-09-15T22:30:00Z,2026-09-16T00:30:00+0200,11792.856,MW,NL,NL,forecast_load,Forecasted Load,2026-09-21T07:03:08Z
2026-09-21T07:02:55Z,2026-09-21T09:02:55+0200,3fc58b34-4d81-4d7c-85bd-e7844bf0203b,2026-09-15T22:45:00Z,2026-09-16T00:45:00+0200,11679.728,MW,NL,NL,forecast_load,Forecasted Load,2026-09-21T07:03:08Z
2026-09-21T07:02:55Z,2026-09-21T09:02:55+0200,3fc58b34-4d81-4d7c-85bd-e7844bf0203b,2026-09-15T23:00:00Z,2026-09-16T01:00:00+0200,11497.247,MW,NL,NL,forecast_load,Forecasted Load,2026-09-21T07:03:08Z
2026-09-21T07:02:55Z,2026-09-21T09:02:55+0200,3fc58b34-4d81-4d7c-85bd-e7844bf0203b,2026-09-15T23:15:00Z,2026-09-16T01:15:00+0200,11245.935,MW,NL,NL,forecast_load,Forecasted Load,2026-09-21T07:03:08Z
2026-09-21T07:02:55Z,2026-09-21T09:02:55+0200,3fc58b34-4d81-4d7c-85bd-e7844bf0203b,2026-09-15T23:30:00Z,2026-09-16T01:30:00+0200,11213.16,MW,NL,NL,forecast_load,Forecasted Load,2026-09-21T07:03:08Z
2026-09-21T07:02:55Z,2026-09-21T09:02:55+0200,3fc58b34-4d81-4d7c-85bd-e7844bf0203b,2026-09-15T23:45:00Z,2026-09-16T01:45:00+0200,11124.842,MW,NL,NL,forecast_load,Forecasted Load,2026-09-21T07:03:08Z
2026-09-21T07:02:55Z,2026-09-21T09:02:55+0200,3fc58b34-4d81-4d7c-85bd-e7844bf0203b,2026-09-16T00:00:00Z,2026-09-16T02:00:00+0200,11106.379,MW,NL,NL,forecast_load,Forecasted Load,2026-09-21T07:03:08Z
2026-09-21T07:02:55Z,2026-09-21T09:02:55+0200,3fc58b34-4d81-4d7c-85bd-e7844bf0203b,2026-09-16T00:15:00Z,2026-09-16T02:15:00+0200,10966.573,MW,NL,NL,forecast_load,Forecasted Load,2026-09-21T07:03:08Z
2026-09-21T07:02:55Z,2026-09-21T09:02:55+0200,3fc58b34-4d81-4d7c-85bd-e7844bf0203b,2026-09-16T00:30:00Z,2026-09-16T02:30:00+0200,10889.005,MW,NL,NL,forecast_load,Forecasted Load,2026-09-21T07:03:08Z
2026-09-21T07:02:55Z,2026-09-21T09:02:55+0200,3fc58b34-4d81-4d7c-85bd-e7844bf0203b,2026-09-16T00:45:00Z,2026-09-16T02:45:00+0200,10759.739,MW,NL,NL,forecast_load,Forecasted Load,2026-09-21T07:03:08Z
2026-09-21T07:02:55Z,2026-09-21T09:02:55+0200,3fc58b34-4d81-4d7c-85bd-e7844bf0203b,2026-09-16T01:00:00Z,2026-09-16T03:00:00+0200,10596.11,MW,NL,NL,forecast_load,Forecasted Load,2026-09-21T07:03:08Z
2026-09-21T07:02:55Z,2026-09-21T09:02:55+0200,3fc58b34-4d81-4d7c-85bd-e7844bf0203b,2026-09-16T01:15:00Z,2026-09-16T03:15:00+0200,10568.43,MW,NL,NL,forecast_load,Forecasted Load,2026-09-21T07:03:08Z
2026-09-21T07:02:55Z,2026-09-21T09:02:55+0200,3fc58b34-4d81-4d7c-85bd-e7844bf0203b,2026-09-16T01:30:00Z,2026-09-16T03:30:00+0200,10485.718,MW,NL,NL,forecast_load,Forecasted Load,2026-09-21T07:03:08Z
2026-09-21T07:02:55Z,2026-09-21T09:02:55+0200,3fc58b34-4d81-4d7c-85bd-e7844bf0203b,2026-09-16T01:45:00Z,2026-09-16T03:45:00+0200,10512.596,MW,NL,NL,forecast_load,Forecasted Load,2026-09-21T07:03:08Z
2026-09-21T07:02:55Z,2026-09-21T09:02:55+0200,3fc58b34-4d81-4d7c-85bd-e7844bf0203b,2026-09-16T02:00:00Z,2026-09-16T04:00:00+0200,10485.915,MW,NL,NL,forecast_load,Forecasted Load,2026-09-21T07:03:08Z
2026-09-21T07:02:55Z,2026-09-21T09:02:55+0200,3fc58b34-4d81-4d7c-85bd-e7844bf0203b,2026-09-16T02:15:00Z,2026-09-16T04:15:00+0200,10546.262,MW,NL,NL,forecast_load,Forecasted Load,2026-09-21T07:03:08Z
2026-09-21T07:02:55Z,2026-09-21T09:02:55+0200,3fc58b34-4d81-4d7c-85bd-e7844bf0203b,2026-09-16T02:30:00Z,2026-09-16T04:30:00+0200,10491.789,MW,NL,NL,forecast_load,Forecasted Load,2026-09-21T07:03:08Z
2026-09-21T07:02:55Z,2026-09-21T09:02:55+0200,3fc58b34-4d81-4d7c-85bd-e7844bf0203b,2026-09-16T02:45:00Z,2026-09-16T04:45:00+0200,10475.413,MW,NL,NL,forecast_load,Forecasted Load,2026-09-21T07:03:08Z
2026-09-21T07:02:55Z,2026-09-21T09:02:55+0200,3fc58b34-4d81-4d7c-85bd-e7844bf0203b,2026-09-16T03:00:00Z,2026-09-16T05:00:00+0200,10544.231,MW,NL,NL,forecast_load,Forecasted Load,2026-09-21T07:03:08Z
2026-09-21T07:02:55Z,2026-09-21T09:02:55+0200,3fc58b34-4d81-4d7c-85bd-e7844bf0203b,2026-09-16T03:15:00Z,2026-09-16T05:15:00+0200,10509.468,MW,NL,NL,forecast_load,Forecasted Load,2026-09-21T07:03:08Z
2026-09-21T07:02:55Z,2026-09-21T09:02:55+0200,3fc58b34-4d81-4d7c-85bd-e7844bf0203b,2026-09-16T03:30:00Z,2026-09-16T05:30:00+0200,10508.521,MW,NL,NL,forecast_load,Forecasted Load,2026-09-21T07:03:08Z
2026-09-21T07:02:55Z,2026-09-21T09:02:55+0200,3fc58b34-4d81-4d7c-85bd-e7844bf0203b,2026-09-16T03:45:00Z,2026-09-16T05:45:00+0200,10566.319,MW,NL,NL,forecast_load,Forecasted Load,2026-09-21T07:03:08Z
2026-09-21T07:02:55Z,2026-09-21T09:02:55+0200,3fc58b34-4d81-4d7c-85bd-e7844bf0203b,2026-09-16T04:00:00Z,2026-09-16T06:00:00+0200,10585.227,MW,NL,NL,forecast_load,Forecasted Load,2026-09-21T07:03:08Z
2026-09-21T07:02:55Z,2026-09-21T09:02:55+0200,3fc58b34-4d81-4d7c-85bd-e7844bf0203b,2026-09-16T04:15:00Z,2026-09-16T06:15:00+0200,10784.251,MW,NL,NL,forecast_load,Forecasted Load,2026-09-21T07:03:08Z
2026-09-21T07:02:55Z,2026-09-21T09:02:55+0200,3fc58b34-4d81-4d7c-85bd-e7844bf0203b,2026-09-16T04:30:00Z,2026-09-16T06:30:00+0200,10881.696,MW,NL,NL,forecast_load,Forecasted Load,2026-09-21T07:03:08Z
2026-09-21T07:02:55Z,2026-09-21T09:02:55+0200,3fc58b34-4d81-4d7c-85bd-e7844bf0203b,2026-09-16T04:45:00Z,2026-09-16T06:45:00+0200,11098.496,MW,NL,NL,forecast_load,Forecasted Load,2026-09-21T07:03:08Z
2026-09-21T07:02:55Z,2026-09-21T09:02:55+0200,3fc58b34-4d81-4d7c-85bd-e7844bf0203b,2026-09-16T05:00:00Z,2026-09-16T07:00:00+0200,11268.32,MW,NL,NL,forecast_load,Forecasted Load,2026-09-21T07:03:08Z
2026-09-21T07:02:55Z,2026-09-21T09:02:55+0200,3fc58b34-4d81-4d7c-85bd-e7844bf0203b,2026-09-16T05:15:00Z,2026-09-16T07:15:00+0200,11424.623,MW,NL,NL,forecast_load,Forecasted Load,2026-09-21T07:03:08Z
2026-09-21T07:02:55Z,2026-09-21T09:02:55+0200,3fc58b34-4d81-4d7c-85bd-e7844bf0203b,2026-09-16T05:30:00Z,2026-09-16T07:30:00+0200,11667.441,MW,NL,NL,forecast_load,Forecasted Load,2026-09-21T07:03:08Z
2026-09-21T07:02:55Z,2026-09-21T09:02:55+0200,3fc58b34-4d81-4d7c-85bd-e7844bf0203b,2026-09-16T05:45:00Z,2026-09-16T07:45:00+0200,11914.112,MW,NL,NL,forecast_load,Forecasted Load,2026-09-21T07:03:08Z
2026-09-21T07:02:55Z,2026-09-21T09:02:55+0200,3fc58b34-4d81-4d7c-85bd-e7844bf0203b,2026-09-16T06:00:00Z,2026-09-16T08:00:00+0200,12024.014,MW,NL,NL,forecast_load,Forecasted Load,2026-09-21T07:03:08Z
2026-09-21T07:02:55Z,2026-09-21T09:02:55+0200,3fc58b34-4d81-4d7c-85bd-e7844bf0203b,2026-09-16T06:15:00Z,2026-09-16T08:15:00+0200,11898.397,MW,NL,NL,forecast_load,Forecasted Load,2026-09-21T07:03:08Z
2026-09-21T07:02:55Z,2026-09-21T09:02:55+0200,3fc58b34-4d81-4d7c-85bd-e7844bf0203b,2026-09-16T06:30:00Z,2026-09-16T08:30:00+0200,11765.624,MW,NL,NL,forecast_load,Forecasted Load,2026-09-21T07:03:08Z
2026-09-21T07:02:55Z,2026-09-21T09:02:55+0200,3fc58b34-4d81-4d7c-85bd-e7844bf0203b,2026-09-16T06:45:00Z,2026-09-16T08:45:00+0200,11487.173,MW,NL,NL,forecast_load,Forecasted Load,2026-09-21T07:03:08Z
2026-09-21T07:02:55Z,2026-09-21T09:02:55+0200,3fc58b34-4d81-4d7c-85bd-e7844bf0203b,2026-09-16T07:00:00Z,2026-09-16T09:00:00+0200,11390.548,MW,NL,NL,forecast_load,Forecasted Load,2026-09-21T07:03:08Z
2026-09-21T07:02:55Z,2026-09-21T09:02:55+0200,3fc58b34-4d81-4d7c-85bd-e7844bf0203b,2026-09-16T07:15:00Z,2026-09-16T09:15:00+0200,11116.692,MW,NL,NL,forecast_load,Forecasted Load,2026-09-21T07:03:08Z
2026-09-21T07:02:55Z,2026-09-21T09:02:55+0200,3fc58b34-4d81-4d7c-85bd-e7844bf0203b,2026-09-16T07:30:00Z,2026-09-16T09:30:00+0200,10796.422,MW,NL,NL,forecast_load,Forecasted Load,2026-09-21T07:03:08Z
2026-09-21T07:02:55Z,2026-09-21T09:02:55+0200,3fc58b34-4d81-4d7c-85bd-e7844bf0203b,2026-09-16T07:45:00Z,2026-09-16T09:45:00+0200,10552.991,MW,NL,NL,forecast_load,Forecasted Load,2026-09-21T07:03:08Z
2026-09-21T07:02:55Z,2026-09-21T09:02:55+0200,3fc58b34-4d81-4d7c-85bd-e7844bf0203b,2026-09-16T08:00:00Z,2026-09-16T10:00:00+0200,10346.458,MW,NL,NL,forecast_load,Forecasted Load,2026-09-21T07:03:08Z
2026-09-21T07:02:55Z,2026-09-21T09:02:55+0200,3fc58b34-4d81-4d7c-85bd-e7844bf0203b,2026-09-16T08:15:00Z,2026-09-16T10:15:00+0200,10122.804,MW,NL,NL,forecast_load,Forecasted Load,2026-09-21T07:03:08Z
2026-09-21T07:02:55Z,2026-09-21T09:02:55+0200,3fc58b34-4d81-4d7c-85bd-e7844bf0203b,2026-09-16T08:30:00Z,2026-09-16T10:30:00+0200,9878.878,MW,NL,NL,forecast_load,Forecasted Load,2026-09-21T07:03:08Z
2026-09-21T07:02:55Z,2026-09-21T09:02:55+0200,3fc58b34-4d81-4d7c-85bd-e7844bf0203b,2026-09-16T08:45:00Z,2026-09-16T10:45:00+0200,9812.739,MW,NL,NL,forecast_load,Forecasted Load,2026-09-21T07:03:08Z
2026-09-21T07:02:55Z,2026-09-21T09:02:55+0200,3fc58b34-4d81-4d7c-85bd-e7844bf0203b,2026-09-16T09:00:00Z,2026-09-16T11:00:00+0200,9766.496,MW,NL,NL,forecast_load,Forecasted Load,2026-09-21T07:03:08Z
2026-09-21T07:02:55Z,2026-09-21T09:02:55+0200,3fc58b34-4d81-4d7c-85bd-e7844bf0203b,2026-09-16T09:15:00Z,2026-09-16T11:15:00+0200,9829.733,MW,NL,NL,forecast_load,Forecasted Load,2026-09-21T07:03:08Z
2026-09-21T07:02:55Z,2026-09-21T09:02:55+0200,3fc58b34-4d81-4d7c-85bd-e7844bf0203b,2026-09-16T09:30:00Z,2026-09-16T11:30:00+0200,9866.839,MW,NL,NL,forecast_load,Forecasted Load,2026-09-21T07:03:08Z
2026-09-21T07:02:55Z,2026-09-21T09:02:55+0200,3fc58b34-4d81-4d7c-85bd-e7844bf0203b,2026-09-16T09:45:00Z,2026-09-16T11:45:00+0200,9812.011,MW,NL,NL,forecast_load,Forecasted Load,2026-09-21T07:03:08Z
2026-09-21T07:02:55Z,2026-09-21T09:02:55+0200,3fc58b34-4d81-4d7c-85bd-e7844bf0203b,2026-09-16T10:00:00Z,2026-09-16T12:00:00+0200,9855.46,MW,NL,NL,forecast_load,Forecasted Load,2026-09-21T07:03:08Z
2026-09-21T07:02:55Z,2026-09-21T09:02:55+0200,3fc58b34-4d81-4d7c-85bd-e7844bf0203b,2026-09-16T10:15:00Z,2026-09-16T12:15:00+0200,9843.573,MW,NL,NL,forecast_load,Forecasted Load,2026-09-21T07:03:08Z
2026-09-21T07:02:55Z,2026-09-21T09:02:55+0200,3fc58b34-4d81-4d7c-85bd-e7844bf0203b,2026-09-16T10:30:00Z,2026-09-16T12:30:00+0200,9987.069,MW,NL,NL,forecast_load,Forecasted Load,2026-09-21T07:03:08Z
2026-09-21T07:02:55Z,2026-09-21T09:02:55+0200,3fc58b34-4d81-4d7c-85bd-e7844bf0203b,2026-09-16T10:45:00Z,2026-09-16T12:45:00+0200,10010.491,MW,NL,NL,forecast_load,Forecasted Load,2026-09-21T07:03:08Z
2026-09-21T07:02:55Z,2026-09-21T09:02:55+0200,3fc58b34-4d81-4d7c-85bd-e7844bf0203b,2026-09-16T11:00:00Z,2026-09-16T13:00:00+0200,10137.695,MW,NL,NL,forecast_load,Forecasted Load,2026-09-21T07:03:08Z
2026-09-21T07:02:55Z,2026-09-21T09:02:55+0200,3fc58b34-4d81-4d7c-85bd-e7844bf0203b,2026-09-16T11:15:00Z,2026-09-16T13:15:00+0200,10246.676,MW,NL,NL,forecast_load,Forecasted Load,2026-09-21T07:03:08Z
2026-09-21T07:02:55Z,2026-09-21T09:02:55+0200,3fc58b34-4d81-4d7c-85bd-e7844bf0203b,2026-09-16T11:30:00Z,2026-09-16T13:30:00+0200,10147.289,MW,NL,NL,forecast_load,Forecasted Load,2026-09-21T07:03:08Z
2026-09-21T07:02:55Z,2026-09-21T09:02:55+0200,3fc58b34-4d81-4d7c-85bd-e7844bf0203b,2026-09-16T11:45:00Z,2026-09-16T13:45:00+0200,10051.352,MW,NL,NL,forecast_load,Forecasted Load,2026-09-21T07:03:08Z
2026-09-21T07:02:55Z,2026-09-21T09:02:55+0200,3fc58b34-4d81-4d7c-85bd-e7844bf0203b,2026-09-16T12:00:00Z,2026-09-16T14:00:00+0200,9890.03,MW,NL,NL,forecast_load,Forecasted Load,2026-09-21T07:03:08Z
2026-09-21T07:02:55Z,2026-09-21T09:02:55+0200,3fc58b34-4d81-4d7c-85bd-e7844bf0203b,2026-09-16T12:15:00Z,2026-09-16T14:15:00+0200,9854.484,MW,NL,NL,forecast_load,Forecasted Load,2026-09-21T07:03:08Z
2026-09-21T07:02:55Z,2026-09-21T09:02:55+0200,3fc58b34-4d81-4d7c-85bd-e7844bf0203b,2026-09-16T12:30:00Z,2026-09-16T14:30:00+0200,9927.806,MW,NL,NL,forecast_load,Forecasted Load,2026-09-21T07:03:08Z
2026-09-21T07:02:55Z,2026-09-21T09:02:55+0200,3fc58b34-4d81-4d7c-85bd-e7844bf0203b,2026-09-16T12:45:00Z,2026-09-16T14:45:00+0200,9876.516,MW,NL,NL,forecast_load,Forecasted Load,2026-09-21T07:03:08Z
2026-09-21T07:02:55Z,2026-09-21T09:02:55+0200,3fc58b34-4d81-4d7c-85bd-e7844bf0203b,2026-09-16T13:00:00Z,2026-09-16T15:00:00+0200,9832.263,MW,NL,NL,forecast_load,Forecasted Load,2026-09-21T07:03:08Z
2026-09-21T07:02:55Z,2026-09-21T09:02:55+0200,3fc58b34-4d81-4d7c-85bd-e7844bf0203b,2026-09-16T13:15:00Z,2026-09-16T15:15:00+0200,9845.522,MW,NL,NL,forecast_load,Forecasted Load,2026-09-21T07:03:08Z
2026-09-21T07:02:55Z,2026-09-21T09:02:55+0200,3fc58b34-4d81-4d7c-85bd-e7844bf0203b,2026-09-16T13:30:00Z,2026-09-16T15:30:00+0200,9961.632,MW,NL,NL,forecast_load,Forecasted Load,2026-09-21T07:03:08Z
2026-09-21T07:02:55Z,2026-09-21T09:02:55+0200,3fc58b34-4d81-4d7c-85bd-e7844bf0203b,2026-09-16T13:45:00Z,2026-09-16T15:45:00+0200,10136.697,MW,NL,NL,forecast_load,Forecasted Load,2026-09-21T07:03:08Z
2026-09-21T07:02:55Z,2026-09-21T09:02:55+0200,3fc58b34-4d81-4d7c-85bd-e7844bf0203b,2026-09-16T14:00:00Z,2026-09-16T16:00:00+0200,10035.457,MW,NL,NL,forecast_load,Forecasted Load,2026-09-21T07:03:08Z
2026-09-21T07:02:55Z,2026-09-21T09:02:55+0200,3fc58b34-4d81-4d7c-85bd-e7844bf0203b,2026-09-16T14:15:00Z,2026-09-16T16:15:00+0200,10185.587,MW,NL,NL,forecast_load,Forecasted Load,2026-09-21T07:03:08Z
2026-09-21T07:02:55Z,2026-09-21T09:02:55+0200,3fc58b34-4d81-4d7c-85bd-e7844bf0203b,2026-09-16T14:30:00Z,2026-09-16T16:30:00+0200,10509.791,MW,NL,NL,forecast_load,Forecasted Load,2026-09-21T07:03:08Z
2026-09-21T07:02:55Z,2026-09-21T09:02:55+0200,3fc58b34-4d81-4d7c-85bd-e7844bf0203b,2026-09-16T14:45:00Z,2026-09-16T16:45:00+0200,10842.641,MW,NL,NL,forecast_load,Forecasted Load,2026-09-21T07:03:08Z
2026-09-21T07:02:55Z,2026-09-21T09:02:55+0200,3fc58b34-4d81-4d7c-85bd-e7844bf0203b,2026-09-16T15:00:00Z,2026-09-16T17:00:00+0200,11097.649,MW,NL,NL,forecast_load,Forecasted Load,2026-09-21T07:03:08Z
2026-09-21T07:02:55Z,2026-09-21T09:02:55+0200,3fc58b34-4d81-4d7c-85bd-e7844bf0203b,2026-09-16T15:15:00Z,2026-09-16T17:15:00+0200,11591.4,MW,NL,NL,forecast_load,Forecasted Load,2026-09-21T07:03:08Z
2026-09-21T07:02:55Z,2026-09-21T09:02:55+0200,3fc58b34-4d81-4d7c-85bd-e7844bf0203b,2026-09-16T15:30:00Z,2026-09-16T17:30:00+0200,12059.984,MW,NL,NL,forecast_load,Forecasted Load,2026-09-21T07:03:08Z
2026-09-21T07:02:55Z,2026-09-21T09:02:55+0200,3fc58b34-4d81-4d7c-85bd-e7844bf0203b,2026-09-16T15:45:00Z,2026-09-16T17:45:00+0200,12326.598,MW,NL,NL,forecast_load,Forecasted Load,2026-09-21T07:03:08Z
2026-09-21T07:02:55Z,2026-09-21T09:02:55+0200,3fc58b34-4d81-4d7c-85bd-e7844bf0203b,2026-09-16T16:00:00Z,2026-09-16T18:00:00+0200,12298.859,MW,NL,NL,forecast_load,Forecasted Load,2026-09-21T07:03:08Z
2026-09-21T07:02:55Z,2026-09-21T09:02:55+0200,3fc58b34-4d81-4d7c-85bd-e7844bf0203b,2026-09-16T16:15:00Z,2026-09-16T18:15:00+0200,12268.416,MW,NL,NL,forecast_load,Forecasted Load,2026-09-21T07:03:08Z
2026-09-21T07:02:55Z,2026-09-21T09:02:55+0200,3fc58b34-4d81-4d7c-85bd-e7844bf0203b,2026-09-16T16:30:00Z,2026-09-16T18:30:00+0200,12370.948,MW,NL,NL,forecast_load,Forecasted Load,2026-09-21T07:03:08Z
2026-09-21T07:02:55Z,2026-09-21T09:02:55+0200,3fc58b34-4d81-4d7c-85bd-e7844bf0203b,2026-09-16T16:45:00Z,2026-09-16T18:45:00+0200,12558.948,MW,NL,NL,forecast_load,Forecasted Load,2026-09-21T07:03:08Z
2026-09-21T07:02:55Z,2026-09-21T09:02:55+0200,3fc58b34-4d81-4d7c-85bd-e7844bf0203b,2026-09-16T17:00:00Z,2026-09-16T19:00:00+0200,12465.696,MW,NL,NL,forecast_load,Forecasted Load,2026-09-21T07:03:08Z
2026-09-21T07:02:55Z,2026-09-21T09:02:55+0200,3fc58b34-4d81-4d7c-85bd-e7844bf0203b,2026-09-16T17:15:00Z,2026-09-16T19:15:00+0200,12760.216,MW,NL,NL,forecast_load,Forecasted Load,2026-09-21T07:03:08Z
2026-09-21T07:02:55Z,2026-09-21T09:02:55+0200,3fc58b34-4d81-4d7c-85bd-e7844bf0203b,2026-09-16T17:30:00Z,2026-09-16T19:30:00+0200,12902.22,MW,NL,NL,forecast_load,Forecasted Load,2026-09-21T07:03:08Z
2026-09-21T07:02:55Z,2026-09-21T09:02:55+0200,3fc58b34-4d81-4d7c-85bd-e7844bf0203b,2026-09-16T17:45:00Z,2026-09-16T19:45:00+0200,13000.696,MW,NL,NL,forecast_load,Forecasted Load,2026-09-21T07:03:08Z
2026-09-21T07:02:55Z,2026-09-21T09:02:55+0200,3fc58b34-4d81-4d7c-85bd-e7844bf0203b,2026-09-16T18:00:00Z,2026-09-16T20:00:00+0200,12966.401,MW,NL,NL,forecast_load,Forecasted Load,2026-09-21T07:03:08Z
2026-09-21T07:02:55Z,2026-09-21T09:02:55+0200,3fc58b34-4d81-4d7c-85bd-e7844bf0203b,2026-09-16T18:15:00Z,2026-09-16T20:15:00+0200,13139.407,MW,NL,NL,forecast_load,Forecasted Load,2026-09-21T07:03:08Z
2026-09-21T07:02:55Z,2026-09-21T09:02:55+0200,3fc58b34-4d81-4d7c-85bd-e7844bf0203b,2026-09-16T18:30:00Z,2026-09-16T20:30:00+0200,13095.25,MW,NL,NL,forecast_load,Forecasted Load,2026-09-21T07:03:08Z
2026-09-21T07:02:55Z,2026-09-21T09:02:55+0200,3fc58b34-4d81-4d7c-85bd-e7844bf0203b,2026-09-16T18:45:00Z,2026-09-16T20:45:00+0200,13044.082,MW,NL,NL,forecast_load,Forecasted Load,2026-09-21T07:03:08Z
2026-09-21T07:02:55Z,2026-09-21T09:02:55+0200,3fc58b34-4d81-4d7c-85bd-e7844bf0203b,2026-09-16T19:00:00Z,2026-09-16T21:00:00+0200,13058.011,MW,NL,NL,forecast_load,Forecasted Load,2026-09-21T07:03:08Z
2026-09-21T07:02:55Z,2026-09-21T09:02:55+0200,3fc58b34-4d81-4d7c-85bd-e7844bf0203b,2026-09-16T19:15:00Z,2026-09-16T21:15:00+0200,13015.772,MW,NL,NL,forecast_load,Forecasted Load,2026-09-21T07:03:08Z
2026-09-21T07:02:55Z,2026-09-21T09:02:55+0200,3fc58b34-4d81-4d7c-85bd-e7844bf0203b,2026-09-16T19:30:00Z,2026-09-16T21:30:00+0200,12894.447,MW,NL,NL,forecast_load,Forecasted Load,2026-09-21T07:03:08Z
2026-09-21T07:02:55Z,2026-09-21T09:02:55+0200,3fc58b34-4d81-4d7c-85bd-e7844bf0203b,2026-09-16T19:45:00Z,2026-09-16T21:45:00+0200,12783.302,MW,NL,NL,forecast_load,Forecasted Load,2026-09-21T07:03:08Z
2026-09-21T07:02:55Z,2026-09-21T09:02:55+0200,3fc58b34-4d81-4d7c-85bd-e7844bf0203b,2026-09-16T20:00:00Z,2026-09-16T22:00:00+0200,12682.978,MW,NL,NL,forecast_load,Forecasted Load,2026-09-21T07:03:08Z
2026-09-21T07:02:55Z,2026-09-21T09:02:55+0200,3fc58b34-4d81-4d7c-85bd-e7844bf0203b,2026-09-16T20:15:00Z,2026-09-16T22:15:00+0200,12252.645,MW,NL,NL,forecast_load,Forecasted Load,2026-09-21T07:03:08Z
2026-09-21T07:02:55Z,2026-09-21T09:02:55+0200,3fc58b34-4d81-4d7c-85bd-e7844bf0203b,2026-09-16T20:30:00Z,2026-09-16T22:30:00+0200,12138.092,MW,NL,NL,forecast_load,Forecasted Load,2026-09-21T07:03:08Z
2026-09-21T07:02:55Z,2026-09-21T09:02:55+0200,3fc58b34-4d81-4d7c-85bd-e7844bf0203b,2026-09-16T20:45:00Z,2026-09-16T22:45:00+0200,11888.837,MW,NL,NL,forecast_load,Forecasted Load,2026-09-21T07:03:08Z
2026-09-21T07:02:55Z,2026-09-21T09:02:55+0200,3fc58b34-4d81-4d7c-85bd-e7844bf0203b,2026-09-16T21:00:00Z,2026-09-16T23:00:00+0200,11787.65,MW,NL,NL,forecast_load,Forecasted Load,2026-09-21T07:03:08Z
2026-09-21T07:02:55Z,2026-09-21T09:02:55+0200,3fc58b34-4d81-4d7c-85bd-e7844bf0203b,2026-09-16T21:15:00Z,2026-09-16T23:15:00+0200,11802.804,MW,NL,NL,forecast_load,Forecasted Load,2026-09-21T07:03:08Z
2026-09-21T07:02:55Z,2026-09-21T09:02:55+0200,3fc58b34-4d81-4d7c-85bd-e7844bf0203b,2026-09-16T21:30:00Z,2026-09-16T23:30:00+0200,11847.628,MW,NL,NL,forecast_load,Forecasted Load,2026-09-21T07:03:08Z
2026-09-21T07:02:55Z,2026-09-21T09:02:55+0200,3fc58b34-4d81-4d7c-85bd-e7844bf0203b,2026-09-16T21:45:00Z,2026-09-16T23:45:00+0200,11791.495,MW,NL,NL,forecast_load,Forecasted Load,2026-09-21T07:03:08Z
2026-09-21T07:02:55Z,2026-09-21T09:02:55+0200,3fc58b34-4d81-4d7c-85bd-e7844bf0203b,2026-09-16T22:00:00Z,2026-09-17T00:00:00+0200,11631.175,MW,NL,NL,forecast_load,Forecasted Load,2026-09-21T07:03:08Z
2026-09-21T07:02:55Z,2026-09-21T09:02:55+0200,3fc58b34-4d81-4d7c-85bd-e7844bf0203b,2026-09-16T22:15:00Z,2026-09-17T00:15:00+0200,11410.753,MW,NL,NL,forecast_load,Forecasted Load,2026-09-21T07:03:08Z
2026-09-21T07:02:55Z,2026-09-21T09:02:55+0200,3fc58b34-4d81-4d7c-85bd-e7844bf0203b,2026-09-16T22:30:00Z,2026-09-17T00:30:00+0200,11262.299,MW,NL,NL,forecast_load,Forecasted Load,2026-09-21T07:03:08Z
2026-09-21T07:02:55Z,2026-09-21T09:02:55+0200,3fc58b34-4d81-4d7c-85bd-e7844bf0203b,2026-09-16T22:45:00Z,2026-09-17T00:45:00+0200,11116.557,MW,NL,NL,forecast_load,Forecasted Load,2026-09-21T07:03:08Z
2026-09-21T07:02:55Z,2026-09-21T09:02:55+0200,3fc58b34-4d81-4d7c-85bd-e7844bf0203b,2026-09-16T23:00:00Z,2026-09-17T01:00:00+0200,10954.574,MW,NL,NL,forecast_load,Forecasted Load,2026-09-21T07:03:08Z
2026-09-21T07:02:55Z,2026-09-21T09:02:55+0200,3fc58b34-4d81-4d7c-85bd-e7844bf0203b,2026-09-16T23:15:00Z,2026-09-17T01:15:00+0200,10728.962,MW,NL,NL,forecast_load,Forecasted Load,2026-09-21T07:03:08Z
2026-09-21T07:02:55Z,2026-09-21T09:02:55+0200,3fc58b34-4d81-4d7c-85bd-e7844bf0203b,2026-09-16T23:30:00Z,2026-09-17T01:30:00+0200,10702.221,MW,NL,NL,forecast_load,Forecasted Load,2026-09-21T07:03:08Z
2026-09-21T07:02:55Z,2026-09-21T09:02:55+0200,3fc58b34-4d81-4d7c-85bd-e7844bf0203b,2026-09-16T23:45:00Z,2026-09-17T01:45:00+0200,10704.211,MW,NL,NL,forecast_load,Forecasted Load,2026-09-21T07:03:08Z
2026-09-21T07:02:55Z,2026-09-21T09:02:55+0200,3fc58b34-4d81-4d7c-85bd-e7844bf0203b,2026-09-17T00:00:00Z,2026-09-17T02:00:00+0200,10650.807,MW,NL,NL,forecast_load,Forecasted Load,2026-09-21T07:03:08Z
2026-09-21T07:02:55Z,2026-09-21T09:02:55+0200,3fc58b34-4d81-4d7c-85bd-e7844bf0203b,2026-09-17T00:15:00Z,2026-09-17T02:15:00+0200,10553.0,MW,NL,NL,forecast_load,Forecasted Load,2026-09-21T07:03:08Z
2026-09-21T07:02:55Z,2026-09-21T09:02:55+0200,3fc58b34-4d81-4d7c-85bd-e7844bf0203b,2026-09-17T00:30:00Z,2026-09-17T02:30:00+0200,10509.385,MW,NL,NL,forecast_load,Forecasted Load,2026-09-21T07:03:08Z
2026-09-21T07:02:55Z,2026-09-21T09:02:55+0200,3fc58b34-4d81-4d7c-85bd-e7844bf0203b,2026-09-17T00:45:00Z,2026-09-17T02:45:00+0200,10511.184,MW,NL,NL,forecast_load,Forecasted Load,2026-09-21T07:03:08Z
2026-09-21T07:02:55Z,2026-09-21T09:02:55+0200,3fc58b34-4d81-4d7c-85bd-e7844bf0203b,2026-09-17T01:00:00Z,2026-09-17T03:00:00+0200,10472.65,MW,NL,NL,forecast_load,Forecasted Load,2026-09-21T07:03:08Z
2026-09-21T07:02:55Z,2026-09-21T09:02:55+0200,3fc58b34-4d81-4d7c-85bd-e7844bf0203b,2026-09-17T01:15:00Z,2026-09-17T03:15:00+0200,10387.288,MW,NL,NL,forecast_load,Forecasted Load,2026-09-21T07:03:08Z
2026-09-21T07:02:55Z,2026-09-21T09:02:55+0200,3fc58b34-4d81-4d7c-85bd-e7844bf0203b,2026-09-17T01:30:00Z,2026-09-17T03:30:00+0200,10339.929,MW,NL,NL,forecast_load,Forecasted Load,2026-09-21T07:03:08Z
2026-09-21T07:02:55Z,2026-09-21T09:02:55+0200,3fc58b34-4d81-4d7c-85bd-e7844bf0203b,2026-09-17T01:45:00Z,2026-09-17T03:45:00+0200,10346.245,MW,NL,NL,forecast_load,Forecasted Load,2026-09-21T07:03:08Z
2026-09-21T07:02:55Z,2026-09-21T09:02:55+0200,3fc58b34-4d81-4d7c-85bd-e7844bf0203b,2026-09-17T02:00:00Z,2026-09-17T04:00:00+0200,10263.273,MW,NL,NL,forecast_load,Forecasted Load,2026-09-21T07:03:08Z
2026-09-21T07:02:55Z,2026-09-21T09:02:55+0200,3fc58b34-4d81-4d7c-85bd-e7844bf0203b,2026-09-17T02:15:00Z,2026-09-17T04:15:00+0200,10209.445,MW,NL,NL,forecast_load,Forecasted Load,2026-09-21T07:03:08Z
2026-09-21T07:02:55Z,2026-09-21T09:02:55+0200,3fc58b34-4d81-4d7c-85bd-e7844bf0203b,2026-09-17T02:30:00Z,2026-09-17T04:30:00+0200,10252.888,MW,NL,NL,forecast_load,Forecasted Load,2026-09-21T07:03:08Z
2026-09-21T07:02:55Z,2026-09-21T09:02:55+0200,3fc58b34-4d81-4d7c-85bd-e7844bf0203b,2026-09-17T02:45:00Z,2026-09-17T04:45:00+0200,10228.925,MW,NL,NL,forecast_load,Forecasted Load,2026-09-21T07:03:08Z
2026-09-21T07:02:55Z,2026-09-21T09:02:55+0200,3fc58b34-4d81-4d7c-85bd-e7844bf0203b,2026-09-17T03:00:00Z,2026-09-17T05:00:00+0200,10288.675,MW,NL,NL,forecast_load,Forecasted Load,2026-09-21T07:03:08Z
2026-09-21T07:02:55Z,2026-09-21T09:02:55+0200,3fc58b34-4d81-4d7c-85bd-e7844bf0203b,2026-09-17T03:15:00Z,2026-09-17T05:15:00+0200,10309.867,MW,NL,NL,forecast_load,Forecasted Load,2026-09-21T07:03:08Z
2026-09-21T07:02:55Z,2026-09-21T09:02:55+0200,3fc58b34-4d81-4d7c-85bd-e7844bf0203b,2026-09-17T03:30:00Z,2026-09-17T05:30:00+0200,10359.485,MW,NL,NL,forecast_load,Forecasted Load,2026-09-21T07:03:08Z
2026-09-21T07:02:55Z,2026-09-21T09:02:55+0200,3fc58b34-4d81-4d7c-85bd-e7844bf0203b,2026-09-17T03:45:00Z,2026-09-17T05:45:00+0200,10582.486,MW,NL,NL,forecast_load,Forecasted Load,2026-09-21T07:03:08Z
2026-09-21T07:02:55Z,2026-09-21T09:02:55+0200,3fc58b34-4d81-4d7c-85bd-e7844bf0203b,2026-09-17T04:00:00Z,2026-09-17T06:00:00+0200,10695.995,MW,NL,NL,forecast_load,Forecasted Load,2026-09-21T07:03:08Z
2026-09-21T07:02:55Z,2026-09-21T09:02:55+0200,3fc58b34-4d81-4d7c-85bd-e7844bf0203b,2026-09-17T04:15:00Z,2026-09-17T06:15:00+0200,10789.972,MW,NL,NL,forecast_load,Forecasted Load,2026-09-21T07:03:08Z
2026-09-21T07:02:55Z,2026-09-21T09:02:55+0200,3fc58b34-4d81-4d7c-85bd-e7844bf0203b,2026-09-17T04:30:00Z,2026-09-17T06:30:00+0200,10813.501,MW,NL,NL,forecast_load,Forecasted Load,2026-09-21T07:03:08Z
2026-09-21T07:02:55Z,2026-09-21T09:02:55+0200,3fc58b34-4d81-4d7c-85bd-e7844bf0203b,2026-09-17T04:45:00Z,2026-09-17T06:45:00+0200,11052.379,MW,NL,NL,forecast_load,Forecasted Load,2026-09-21T07:03:08Z
2026-09-21T07:02:55Z,2026-09-21T09:02:55+0200,3fc58b34-4d81-4d7c-85bd-e7844bf0203b,2026-09-17T05:00:00Z,2026-09-17T07:00:00+0200,11298.999,MW,NL,NL,forecast_load,Forecasted Load,2026-09-21T07:03:08Z
2026-09-21T07:02:55Z,2026-09-21T09:02:55+0200,3fc58b34-4d81-4d7c-85bd-e7844bf0203b,2026-09-17T05:15:00Z,2026-09-17T07:15:00+0200,11478.512,MW,NL,NL,forecast_load,Forecasted Load,2026-09-21T07:03:08Z
2026-09-21T07:02:55Z,2026-09-21T09:02:55+0200,3fc58b34-4d81-4d7c-85bd-e7844bf0203b,2026-09-17T05:30:00Z,2026-09-17T07:30:00+0200,11634.985,MW,NL,NL,forecast_load,Forecasted Load,2026-09-21T07:03:08Z
2026-09-21T07:02:55Z,2026-09-21T09:02:55+0200,3fc58b34-4d81-4d7c-85bd-e7844bf0203b,2026-09-17T05:45:00Z,2026-09-17T07:45:00+0200,11780.094,MW,NL,NL,forecast_load,Forecasted Load,2026-09-21T07:03:08Z
2026-09-21T07:02:55Z,2026-09-21T09:02:55+0200,3fc58b34-4d81-4d7c-85bd-e7844bf0203b,2026-09-17T06:00:00Z,2026-09-17T08:00:00+0200,12068.938,MW,NL,NL,forecast_load,Forecasted Load,2026-09-21T07:03:08Z
2026-09-21T07:02:55Z,2026-09-21T09:02:55+0200,3fc58b34-4d81-4d7c-85bd-e7844bf0203b,2026-09-17T06:15:00Z,2026-09-17T08:15:00+0200,11950.903,MW,NL,NL,forecast_load,Forecasted Load,2026-09-21T07:03:08Z
2026-09-21T07:02:55Z,2026-09-21T09:02:55+0200,3fc58b34-4d81-4d7c-85bd-e7844bf0203b,2026-09-17T06:30:00Z,2026-09-17T08:30:00+0200,12007.477,MW,NL,NL,forecast_load,Forecasted Load,2026-09-21T07:03:08Z
2026-09-21T07:02:55Z,2026-09-21T09:02:55+0200,3fc58b34-4d81-4d7c-85bd-e7844bf0203b,2026-09-17T06:45:00Z,2026-09-17T08:45:00+0200,11985.226,MW,NL,NL,forecast_load,Forecasted Load,2026-09-21T07:03:08Z
2026-09-21T07:02:55Z,2026-09-21T09:02:55+0200,3fc58b34-4d81-4d7c-85bd-e7844bf0203b,2026-09-17T07:00:00Z,2026-09-17T09:00:00+0200,11962.771,MW,NL,NL,forecast_load,Forecasted Load,2026-09-21T07:03:08Z
2026-09-21T07:02:55Z,2026-09-21T09:02:55+0200,3fc58b34-4d81-4d7c-85bd-e7844bf0203b,2026-09-17T07:15:00Z,2026-09-17T09:15:00+0200,11793.636,MW,NL,NL,forecast_load,Forecasted Load,2026-09-21T07:03:08Z
2026-09-21T07:02:55Z,2026-09-21T09:02:55+0200,3fc58b34-4d81-4d7c-85bd-e7844bf0203b,2026-09-17T07:30:00Z,2026-09-17T09:30:00+0200,11597.533,MW,NL,NL,forecast_load,Forecasted Load,2026-09-21T07:03:08Z
2026-09-21T07:02:55Z,2026-09-21T09:02:55+0200,3fc58b34-4d81-4d7c-85bd-e7844bf0203b,2026-09-17T07:45:00Z,2026-09-17T09:45:00+0200,11488.511,MW,NL,NL,forecast_load,Forecasted Load,2026-09-21T07:03:08Z
2026-09-21T07:02:55Z,2026-09-21T09:02:55+0200,3fc58b34-4d81-4d7c-85bd-e7844bf0203b,2026-09-17T08:00:00Z,2026-09-17T10:00:00+0200,11194.656,MW,NL,NL,forecast_load,Forecasted Load,2026-09-21T07:03:08Z
2026-09-21T07:02:55Z,2026-09-21T09:02:55+0200,3fc58b34-4d81-4d7c-85bd-e7844bf0203b,2026-09-17T08:15:00Z,2026-09-17T10:15:00+0200,11024.067,MW,NL,NL,forecast_load,Forecasted Load,2026-09-21T07:03:08Z
2026-09-21T07:02:55Z,2026-09-21T09:02:55+0200,3fc58b34-4d81-4d7c-85bd-e7844bf0203b,2026-09-17T08:30:00Z,2026-09-17T10:30:00+0200,10842.257,MW,NL,NL,forecast_load,Forecasted Load,2026-09-21T07:03:08Z
2026-09-21T07:02:55Z,2026-09-21T09:02:55+0200,3fc58b34-4d81-4d7c-85bd-e7844bf0203b,2026-09-17T08:45:00Z,2026-09-17T10:45:00+0200,10664.793,MW,NL,NL,forecast_load,Forecasted Load,2026-09-21T07:03:08Z
2026-09-21T07:02:55Z,2026-09-21T09:02:55+0200,3fc58b34-4d81-4d7c-85bd-e7844bf0203b,2026-09-17T09:00:00Z,2026-09-17T11:00:00+0200,10594.336,MW,NL,NL,forecast_load,Forecasted Load,2026-09-21T07:03:08Z
2026-09-21T07:02:55Z,2026-09-21T09:02:55+0200,3fc58b34-4d81-4d7c-85bd-e7844bf0203b,2026-09-17T09:15:00Z,2026-09-17T11:15:00+0200,10192.539,MW,NL,NL,forecast_load,Forecasted Load,2026-09-21T07:03:08Z
2026-09-21T07:02:55Z,2026-09-21T09:02:55+0200,3fc58b34-4d81-4d7c-85bd-e7844bf0203b,2026-09-17T09:30:00Z,2026-09-17T11:30:00+0200,9954.587,MW,NL,NL,forecast_load,Forecasted Load,2026-09-21T07:03:08Z
2026-09-21T07:02:55Z,2026-09-21T09:02:55+0200,3fc58b34-4d81-4d7c-85bd-e7844bf0203b,2026-09-17T09:45:00Z,2026-09-17T11:45:00+0200,9890.439,MW,NL,NL,forecast_load,Forecasted Load,2026-09-21T07:03:08Z
2026-09-21T07:02:55Z,2026-09-21T09:02:55+0200,3fc58b34-4d81-4d7c-85bd-e7844bf0203b,2026-09-17T10:00:00Z,2026-09-17T12:00:00+0200,9721.531,MW,NL,NL,forecast_load,Forecasted Load,2026-09-21T07:03:08Z
2026-09-21T07:02:55Z,2026-09-21T09:02:55+0200,3fc58b34-4d81-4d7c-85bd-e7844bf0203b,2026-09-17T10:15:00Z,2026-09-17T12:15:00+0200,9601.995,MW,NL,NL,forecast_load,Forecasted Load,2026-09-21T07:03:08Z
2026-09-21T07:02:55Z,2026-09-21T09:02:55+0200,3fc58b34-4d81-4d7c-85bd-e7844bf0203b,2026-09-17T10:30:00Z,2026-09-17T12:30:00+0200,9324.366,MW,NL,NL,forecast_load,Forecasted Load,2026-09-21T07:03:08Z
2026-09-21T07:02:55Z,2026-09-21T09:02:55+0200,3fc58b34-4d81-4d7c-85bd-e7844bf0203b,2026-09-17T10:45:00Z,2026-09-17T12:45:00+0200,9273.459,MW,NL,NL,forecast_load,Forecasted Load,2026-09-21T07:03:08Z
2026-09-21T07:02:55Z,2026-09-21T09:02:55+0200,3fc58b34-4d81-4d7c-85bd-e7844bf0203b,2026-09-17T11:00:00Z,2026-09-17T13:00:00+0200,9240.208,MW,NL,NL,forecast_load,Forecasted Load,2026-09-21T07:03:08Z
2026-09-21T07:02:55Z,2026-09-21T09:02:55+0200,3fc58b34-4d81-4d7c-85bd-e7844bf0203b,2026-09-17T11:15:00Z,2026-09-17T13:15:00+0200,9187.34,MW,NL,NL,forecast_load,Forecasted Load,2026-09-21T07:03:08Z
2026-09-21T07:02:55Z,2026-09-21T09:02:55+0200,3fc58b34-4d81-4d7c-85bd-e7844bf0203b,2026-09-17T11:30:00Z,2026-09-17T13:30:00+0200,9085.46,MW,NL,NL,forecast_load,Forecasted Load,2026-09-21T07:03:08Z
2026-09-21T07:02:55Z,2026-09-21T09:02:55+0200,3fc58b34-4d81-4d7c-85bd-e7844bf0203b,2026-09-17T11:45:00Z,2026-09-17T13:45:00+0200,9036.93,MW,NL,NL,forecast_load,Forecasted Load,2026-09-21T07:03:08Z
2026-09-21T07:02:55Z,2026-09-21T09:02:55+0200,3fc58b34-4d81-4d7c-85bd-e7844bf0203b,2026-09-17T12:00:00Z,2026-09-17T14:00:00+0200,9019.667,MW,NL,NL,forecast_load,Forecasted Load,2026-09-21T07:03:08Z
2026-09-21T07:02:55Z,2026-09-21T09:02:55+0200,3fc58b34-4d81-4d7c-85bd-e7844bf0203b,2026-09-17T12:15:00Z,2026-09-17T14:15:00+0200,9097.213,MW,NL,NL,forecast_load,Forecasted Load,2026-09-21T07:03:08Z
2026-09-21T07:02:55Z,2026-09-21T09:02:55+0200,3fc58b34-4d81-4d7c-85bd-e7844bf0203b,2026-09-17T12:30:00Z,2026-09-17T14:30:00+0200,9218.973,MW,NL,NL,forecast_load,Forecasted Load,2026-09-21T07:03:08Z
2026-09-21T07:02:55Z,2026-09-21T09:02:55+0200,3fc58b34-4d81-4d7c-85bd-e7844bf0203b,2026-09-17T12:45:00Z,2026-09-17T14:45:00+0200,9352.363,MW,NL,NL,forecast_load,Forecasted Load,2026-09-21T07:03:08Z
2026-09-21T07:02:55Z,2026-09-21T09:02:55+0200,3fc58b34-4d81-4d7c-85bd-e7844bf0203b,2026-09-17T13:00:00Z,2026-09-17T15:00:00+0200,9414.349,MW,NL,NL,forecast_load,Forecasted Load,2026-09-21T07:03:08Z
2026-09-21T07:02:55Z,2026-09-21T09:02:55+0200,3fc58b34-4d81-4d7c-85bd-e7844bf0203b,2026-09-17T13:15:00Z,2026-09-17T15:15:00+0200,9527.679,MW,NL,NL,forecast_load,Forecasted Load,2026-09-21T07:03:08Z
2026-09-21T07:02:55Z,2026-09-21T09:02:55+0200,3fc58b34-4d81-4d7c-85bd-e7844bf0203b,2026-09-17T13:30:00Z,2026-09-17T15:30:00+0200,9625.793,MW,NL,NL,forecast_load,Forecasted Load,2026-09-21T07:03:08Z
2026-09-21T07:02:55Z,2026-09-21T09:02:55+0200,3fc58b34-4d81-4d7c-85bd-e7844bf0203b,2026-09-17T13:45:00Z,2026-09-17T15:45:00+0200,9752.997,MW,NL,NL,forecast_load,Forecasted Load,2026-09-21T07:03:08Z
2026-09-21T07:02:55Z,2026-09-21T09:02:55+0200,3fc58b34-4d81-4d7c-85bd-e7844bf0203b,2026-09-17T14:00:00Z,2026-09-17T16:00:00+0200,10055.52,MW,NL,NL,forecast_load,Forecasted Load,2026-09-21T07:03:08Z
2026-09-21T07:02:55Z,2026-09-21T09:02:55+0200,3fc58b34-4d81-4d7c-85bd-e7844bf0203b,2026-09-17T14:15:00Z,2026-09-17T16:15:00+0200,10130.947,MW,NL,NL,forecast_load,Forecasted Load,2026-09-21T07:03:08Z
2026-09-21T07:02:55Z,2026-09-21T09:02:55+0200,3fc58b34-4d81-4d7c-85bd-e7844bf0203b,2026-09-17T14:30:00Z,2026-09-17T16:30:00+0200,10138.229,MW,NL,NL,forecast_load,Forecasted Load,2026-09-21T07:03:08Z
2026-09-21T07:02:55Z,2026-09-21T09:02:55+0200,3fc58b34-4d81-4d7c-85bd-e7844bf0203b,2026-09-17T14:45:00Z,2026-09-17T16:45:00+0200,10349.049,MW,NL,NL,forecast_load,Forecasted Load,2026-09-21T07:03:08Z
2026-09-21T07:02:55Z,2026-09-21T09:02:55+0200,3fc58b34-4d81-4d7c-85bd-e7844bf0203b,2026-09-17T15:00:00Z,2026-09-17T17:00:00+0200,10466.166,MW,NL,NL,forecast_load,Forecasted Load,2026-09-21T07:03:08Z
2026-09-21T07:02:55Z,2026-09-21T09:02:55+0200,3fc58b34-4d81-4d7c-85bd-e7844bf0203b,2026-09-17T15:15:00Z,2026-09-17T17:15:00+0200,10771.352,MW,NL,NL,forecast_load,Forecasted Load,2026-09-21T07:03:08Z
2026-09-21T07:02:55Z,2026-09-21T09:02:55+0200,3fc58b34-4d81-4d7c-85bd-e7844bf0203b,2026-09-17T15:30:00Z,2026-09-17T17:30:00+0200,11151.286,MW,NL,NL,forecast_load,Forecasted Load,2026-09-21T07:03:08Z
2026-09-21T07:02:55Z,2026-09-21T09:02:55+0200,3fc58b34-4d81-4d7c-85bd-e7844bf0203b,2026-09-17T15:45:00Z,2026-09-17T17:45:00+0200,11551.232,MW,NL,NL,forecast_load,Forecasted Load,2026-09-21T07:03:08Z
2026-09-21T07:02:55Z,2026-09-21T09:02:55+0200,3fc58b34-4d81-4d7c-85bd-e7844bf0203b,2026-09-17T16:00:00Z,2026-09-17T18:00:00+0200,11683.914,MW,NL,NL,forecast_load,Forecasted Load,2026-09-21T07:03:08Z
2026-09-21T07:02:55Z,2026-09-21T09:02:55+0200,3fc58b34-4d81-4d7c-85bd-e7844bf0203b,2026-09-17T16:15:00Z,2026-09-17T18:15:00+0200,11733.409,MW,NL,NL,forecast_load,Forecasted Load,2026-09-21T07:03:08Z
2026-09-21T07:02:55Z,2026-09-21T09:02:55+0200,3fc58b34-4d81-4d7c-85bd-e7844bf0203b,2026-09-17T16:30:00Z,2026-09-17T18:30:00+0200,11813.32,MW,NL,NL,forecast_load,Forecasted Load,2026-09-21T07:03:08Z
2026-09-21T07:02:55Z,2026-09-21T09:02:55+0200,3fc58b34-4d81-4d7c-85bd-e7844bf0203b,2026-09-17T16:45:00Z,2026-09-17T18:45:00+0200,11957.863,MW,NL,NL,forecast_load,Forecasted Load,2026-09-21T07:03:08Z
2026-09-21T07:02:55Z,2026-09-21T09:02:55+0200,3fc58b34-4d81-4d7c-85bd-e7844bf0203b,2026-09-17T17:00:00Z,2026-09-17T19:00:00+0200,12180.467,MW,NL,NL,forecast_load,Forecasted Load,2026-09-21T07:03:08Z
2026-09-21T07:02:55Z,2026-09-21T09:02:55+0200,3fc58b34-4d81-4d7c-85bd-e7844bf0203b,2026-09-17T17:15:00Z,2026-09-17T19:15:00+0200,12379.44,MW,NL,NL,forecast_load,Forecasted Load,2026-09-21T07:03:08Z
2026-09-21T07:02:55Z,2026-09-21T09:02:55+0200,3fc58b34-4d81-4d7c-85bd-e7844bf0203b,2026-09-17T17:30:00Z,2026-09-17T19:30:00+0200,12474.427,MW,NL,NL,forecast_load,Forecasted Load,2026-09-21T07:03:08Z
2026-09-21T07:02:55Z,2026-09-21T09:02:55+0200,3fc58b34-4d81-4d7c-85bd-e7844bf0203b,2026-09-17T17:45:00Z,2026-09-17T19:45:00+0200,12511.035,MW,NL,NL,forecast_load,Forecasted Load,2026-09-21T07:03:08Z
2026-09-21T07:02:55Z,2026-09-21T09:02:55+0200,3fc58b34-4d81-4d7c-85bd-e7844bf0203b,2026-09-17T18:00:00Z,2026-09-17T20:00:00+0200,12540.255,MW,NL,NL,forecast_load,Forecasted Load,2026-09-21T07:03:08Z
2026-09-21T07:02:55Z,2026-09-21T09:02:55+0200,3fc58b34-4d81-4d7c-85bd-e7844bf0203b,2026-09-17T18:15:00Z,2026-09-17T20:15:00+0200,12563.023,MW,NL,NL,forecast_load,Forecasted Load,2026-09-21T07:03:08Z
2026-09-21T07:02:55Z,2026-09-21T09:02:55+0200,3fc58b34-4d81-4d7c-85bd-e7844bf0203b,2026-09-17T18:30:00Z,2026-09-17T20:30:00+0200,12713.48,MW,NL,NL,forecast_load,Forecasted Load,2026-09-21T07:03:08Z
2026-09-21T07:02:55Z,2026-09-21T09:02:55+0200,3fc58b34-4d81-4d7c-85bd-e7844bf0203b,2026-09-17T18:45:00Z,2026-09-17T20:45:00+0200,12737.828,MW,NL,NL,forecast_load,Forecasted Load,2026-09-21T07:03:08Z
2026-09-21T07:02:55Z,2026-09-21T09:02:55+0200,3fc58b34-4d81-4d7c-85bd-e7844bf0203b,2026-09-17T19:00:00Z,2026-09-17T21:00:00+0200,12846.213,MW,NL,NL,forecast_load,Forecasted Load,2026-09-21T07:03:08Z
2026-09-21T07:02:55Z,2026-09-21T09:02:55+0200,3fc58b34-4d81-4d7c-85bd-e7844bf0203b,2026-09-17T19:15:00Z,2026-09-17T21:15:00+0200,12786.268,MW,NL,NL,forecast_load,Forecasted Load,2026-09-21T07:03:08Z
2026-09-21T07:02:55Z,2026-09-21T09:02:55+0200,3fc58b34-4d81-4d7c-85bd-e7844bf0203b,2026-09-17T19:30:00Z,2026-09-17T21:30:00+0200,12691.289,MW,NL,NL,forecast_load,Forecasted Load,2026-09-21T07:03:08Z
2026-09-21T07:02:55Z,2026-09-21T09:02:55+0200,3fc58b34-4d81-4d7c-85bd-e7844bf0203b,2026-09-17T19:45:00Z,2026-09-17T21:45:00+0200,12572.021,MW,NL,NL,forecast_load,Forecasted Load,2026-09-21T07:03:08Z
2026-09-21T07:02:55Z,2026-09-21T09:02:55+0200,3fc58b34-4d81-4d7c-85bd-e7844bf0203b,2026-09-17T20:00:00Z,2026-09-17T22:00:00+0200,12422.134,MW,NL,NL,forecast_load,Forecasted Load,2026-09-21T07:03:08Z
2026-09-21T07:02:55Z,2026-09-21T09:02:55+0200,3fc58b34-4d81-4d7c-85bd-e7844bf0203b,2026-09-17T20:15:00Z,2026-09-17T22:15:00+0200,12146.288,MW,NL,NL,forecast_load,Forecasted Load,2026-09-21T07:03:08Z
2026-09-21T07:02:55Z,2026-09-21T09:02:55+0200,3fc58b34-4d81-4d7c-85bd-e7844bf0203b,2026-09-17T20:30:00Z,2026-09-17T22:30:00+0200,12128.016,MW,NL,NL,forecast_load,Forecasted Load,2026-09-21T07:03:08Z
2026-09-21T07:02:55Z,2026-09-21T09:02:55+0200,3fc58b34-4d81-4d7c-85bd-e7844bf0203b,2026-09-17T20:45:00Z,2026-09-17T22:45:00+0200,11935.005,MW,NL,NL,forecast_load,Forecasted Load,2026-09-21T07:03:08Z
2026-09-21T07:02:55Z,2026-09-21T09:02:55+0200,3fc58b34-4d81-4d7c-85bd-e7844bf0203b,2026-09-17T21:00:00Z,2026-09-17T23:00:00+0200,11784.707,MW,NL,NL,forecast_load,Forecasted Load,2026-09-21T07:03:08Z
2026-09-21T07:02:55Z,2026-09-21T09:02:55+0200,3fc58b34-4d81-4d7c-85bd-e7844bf0203b,2026-09-17T21:15:00Z,2026-09-17T23:15:00+0200,11755.466,MW,NL,NL,forecast_load,Forecasted Load,2026-09-21T07:03:08Z
2026-09-21T07:02:55Z,2026-09-21T09:02:55+0200,3fc58b34-4d81-4d7c-85bd-e7844bf0203b,2026-09-17T21:30:00Z,2026-09-17T23:30:00+0200,11518.457,MW,NL,NL,forecast_load,Forecasted Load,2026-09-21T07:03:08Z
2026-09-21T07:02:55Z,2026-09-21T09:02:55+0200,3fc58b34-4d81-4d7c-85bd-e7844bf0203b,2026-09-17T21:45:00Z,2026-09-17T23:45:00+0200,11300.163,MW,NL,NL,forecast_load,Forecasted Load,2026-09-21T07:03:08Z
2026-09-21T07:02:55Z,2026-09-21T09:02:55+0200,3fc58b34-4d81-4d7c-85bd-e7844bf0203b,2026-09-17T22:00:00Z,2026-09-18T00:00:00+0200,11197.328,MW,NL,NL,forecast_load,Forecasted Load,2026-09-21T07:03:08Z
2026-09-21T07:02:55Z,2026-09-21T09:02:55+0200,3fc58b34-4d81-4d7c-85bd-e7844bf0203b,2026-09-17T22:15:00Z,2026-09-18T00:15:00+0200,11217.486,MW,NL,NL,forecast_load,Forecasted Load,2026-09-21T07:03:08Z
2026-09-21T07:02:55Z,2026-09-21T09:02:55+0200,3fc58b34-4d81-4d7c-85bd-e7844bf0203b,2026-09-17T22:30:00Z,2026-09-18T00:30:00+0200,11070.773,MW,NL,NL,forecast_load,Forecasted Load,2026-09-21T07:03:08Z
2026-09-21T07:02:55Z,2026-09-21T09:02:55+0200,3fc58b34-4d81-4d7c-85bd-e7844bf0203b,2026-09-17T22:45:00Z,2026-09-18T00:45:00+0200,10952.047,MW,NL,NL,forecast_load,Forecasted Load,2026-09-21T07:03:08Z
2026-09-21T07:02:55Z,2026-09-21T09:02:55+0200,3fc58b34-4d81-4d7c-85bd-e7844bf0203b,2026-09-17T23:00:00Z,2026-09-18T01:00:00+0200,11026.392,MW,NL,NL,forecast_load,Forecasted Load,2026-09-21T07:03:08Z
2026-09-21T07:02:55Z,2026-09-21T09:02:55+0200,3fc58b34-4d81-4d7c-85bd-e7844bf0203b,2026-09-17T23:15:00Z,2026-09-18T01:15:00+0200,10969.433,MW,NL,NL,forecast_load,Forecasted Load,2026-09-21T07:03:08Z
2026-09-21T07:02:55Z,2026-09-21T09:02:55+0200,3fc58b34-4d81-4d7c-85bd-e7844bf0203b,2026-09-17T23:30:00Z,2026-09-18T01:30:00+0200,10892.57,MW,NL,NL,forecast_load,Forecasted Load,2026-09-21T07:03:08Z
2026-09-21T07:02:55Z,2026-09-21T09:02:55+0200,3fc58b34-4d81-4d7c-85bd-e7844bf0203b,2026-09-17T23:45:00Z,2026-09-18T01:45:00+0200,10813.373,MW,NL,NL,forecast_load,Forecasted Load,2026-09-21T07:03:08Z
2026-09-21T07:02:55Z,2026-09-21T09:02:55+0200,3fc58b34-4d81-4d7c-85bd-e7844bf0203b,2026-09-18T00:00:00Z,2026-09-18T02:00:00+0200,10752.057,MW,NL,NL,forecast_load,Forecasted Load,2026-09-21T07:03:08Z
2026-09-21T07:02:55Z,2026-09-21T09:02:55+0200,3fc58b34-4d81-4d7c-85bd-e7844bf0203b,2026-09-18T00:15:00Z,2026-09-18T02:15:00+0200,10622.809,MW,NL,NL,forecast_load,Forecasted Load,2026-09-21T07:03:08Z
2026-09-21T07:02:55Z,2026-09-21T09:02:55+0200,3fc58b34-4d81-4d7c-85bd-e7844bf0203b,2026-09-18T00:30:00Z,2026-09-18T02:30:00+0200,10553.791,MW,NL,NL,forecast_load,Forecasted Load,2026-09-21T07:03:08Z
2026-09-21T07:02:55Z,2026-09-21T09:02:55+0200,3fc58b34-4d81-4d7c-85bd-e7844bf0203b,2026-09-18T00:45:00Z,2026-09-18T02:45:00+0200,10478.627,MW,NL,NL,forecast_load,Forecasted Load,2026-09-21T07:03:08Z
2026-09-21T07:02:55Z,2026-09-21T09:02:55+0200,3fc58b34-4d81-4d7c-85bd-e7844bf0203b,2026-09-18T01:00:00Z,2026-09-18T03:00:00+0200,10388.549,MW,NL,NL,forecast_load,Forecasted Load,2026-09-21T07:03:08Z
2026-09-21T07:02:55Z,2026-09-21T09:02:55+0200,3fc58b34-4d81-4d7c-85bd-e7844bf0203b,2026-09-18T01:15:00Z,2026-09-18T03:15:00+0200,10460.202,MW,NL,NL,forecast_load,Forecasted Load,2026-09-21T07:03:08Z
2026-09-21T07:02:55Z,2026-09-21T09:02:55+0200,3fc58b34-4d81-4d7c-85bd-e7844bf0203b,2026-09-18T01:30:00Z,2026-09-18T03:30:00+0200,10439.909,MW,NL,NL,forecast_load,Forecasted Load,2026-09-21T07:03:08Z
2026-09-21T07:02:55Z,2026-09-21T09:02:55+0200,3fc58b34-4d81-4d7c-85bd-e7844bf0203b,2026-09-18T01:45:00Z,2026-09-18T03:45:00+0200,10388.536,MW,NL,NL,forecast_load,Forecasted Load,2026-09-21T07:03:08Z
2026-09-21T07:02:55Z,2026-09-21T09:02:55+0200,3fc58b34-4d81-4d7c-85bd-e7844bf0203b,2026-09-18T02:00:00Z,2026-09-18T04:00:00+0200,10388.921,MW,NL,NL,forecast_load,Forecasted Load,2026-09-21T07:03:08Z
2026-09-21T07:02:55Z,2026-09-21T09:02:55+0200,3fc58b34-4d81-4d7c-85bd-e7844bf0203b,2026-09-18T02:15:00Z,2026-09-18T04:15:00+0200,10445.626,MW,NL,NL,forecast_load,Forecasted Load,2026-09-21T07:03:08Z
2026-09-21T07:02:55Z,2026-09-21T09:02:55+0200,3fc58b34-4d81-4d7c-85bd-e7844bf0203b,2026-09-18T02:30:00Z,2026-09-18T04:30:00+0200,10471.84,MW,NL,NL,forecast_load,Forecasted Load,2026-09-21T07:03:08Z
2026-09-21T07:02:55Z,2026-09-21T09:02:55+0200,3fc58b34-4d81-4d7c-85bd-e7844bf0203b,2026-09-18T02:45:00Z,2026-09-18T04:45:00+0200,10434.011,MW,NL,NL,forecast_load,Forecasted Load,2026-09-21T07:03:08Z
2026-09-21T07:02:55Z,2026-09-21T09:02:55+0200,3fc58b34-4d81-4d7c-85bd-e7844bf0203b,2026-09-18T03:00:00Z,2026-09-18T05:00:00+0200,10487.554,MW,NL,NL,forecast_load,Forecasted Load,2026-09-21T07:03:08Z
2026-09-21T07:02:55Z,2026-09-21T09:02:55+0200,3fc58b34-4d81-4d7c-85bd-e7844bf0203b,2026-09-18T03:15:00Z,2026-09-18T05:15:00+0200,10453.223,MW,NL,NL,forecast_load,Forecasted Load,2026-09-21T07:03:08Z
2026-09-21T07:02:55Z,2026-09-21T09:02:55+0200,3fc58b34-4d81-4d7c-85bd-e7844bf0203b,2026-09-18T03:30:00Z,2026-09-18T05:30:00+0200,10454.133,MW,NL,NL,forecast_load,Forecasted Load,2026-09-21T07:03:08Z
2026-09-21T07:02:55Z,2026-09-21T09:02:55+0200,3fc58b34-4d81-4d7c-85bd-e7844bf0203b,2026-09-18T03:45:00Z,2026-09-18T05:45:00+0200,10560.572,MW,NL,NL,forecast_load,Forecasted Load,2026-09-21T07:03:08Z
2026-09-21T07:02:55Z,2026-09-21T09:02:55+0200,3fc58b34-4d81-4d7c-85bd-e7844bf0203b,2026-09-18T04:00:00Z,2026-09-18T06:00:00+0200,10687.865,MW,NL,NL,forecast_load,Forecasted Load,2026-09-21T07:03:08Z
2026-09-21T07:02:55Z,2026-09-21T09:02:55+0200,3fc58b34-4d81-4d7c-85bd-e7844bf0203b,2026-09-18T04:15:00Z,2026-09-18T06:15:00+0200,10919.81,MW,NL,NL,forecast_load,Forecasted Load,2026-09-21T07:03:08Z
2026-09-21T07:02:55Z,2026-09-21T09:02:55+0200,3fc58b34-4d81-4d7c-85bd-e7844bf0203b,2026-09-18T04:30:00Z,2026-09-18T06:30:00+0200,11072.956,MW,NL,NL,forecast_load,Forecasted Load,2026-09-21T07:03:08Z
2026-09-21T07:02:55Z,2026-09-21T09:02:55+0200,3fc58b34-4d81-4d7c-85bd-e7844bf0203b,2026-09-18T04:45:00Z,2026-09-18T06:45:00+0200,11271.701,MW,NL,NL,forecast_load,Forecasted Load,2026-09-21T07:03:08Z
2026-09-21T07:02:55Z,2026-09-21T09:02:55+0200,3fc58b34-4d81-4d7c-85bd-e7844bf0203b,2026-09-18T05:00:00Z,2026-09-18T07:00:00+0200,11478.634,MW,NL,NL,forecast_load,Forecasted Load,2026-09-21T07:03:08Z
2026-09-21T07:02:55Z,2026-09-21T09:02:55+0200,3fc58b34-4d81-4d7c-85bd-e7844bf0203b,2026-09-18T05:15:00Z,2026-09-18T07:15:00+0200,11506.697,MW,NL,NL,forecast_load,Forecasted Load,2026-09-21T07:03:08Z
2026-09-21T07:02:55Z,2026-09-21T09:02:55+0200,3fc58b34-4d81-4d7c-85bd-e7844bf0203b,2026-09-18T05:30:00Z,2026-09-18T07:30:00+0200,11673.382,MW,NL,NL,forecast_load,Forecasted Load,2026-09-21T07:03:08Z
2026-09-21T07:02:55Z,2026-09-21T09:02:55+0200,3fc58b34-4d81-4d7c-85bd-e7844bf0203b,2026-09-18T05:45:00Z,2026-09-18T07:45:00+0200,11729.228,MW,NL,NL,forecast_load,Forecasted Load,2026-09-21T07:03:08Z
2026-09-21T07:02:55Z,2026-09-21T09:02:55+0200,3fc58b34-4d81-4d7c-85bd-e7844bf0203b,2026-09-18T06:00:00Z,2026-09-18T08:00:00+0200,11916.718,MW,NL,NL,forecast_load,Forecasted Load,2026-09-21T07:03:08Z
2026-09-21T07:02:55Z,2026-09-21T09:02:55+0200,3fc58b34-4d81-4d7c-85bd-e7844bf0203b,2026-09-18T06:15:00Z,2026-09-18T08:15:00+0200,12055.079,MW,NL,NL,forecast_load,Forecasted Load,2026-09-21T07:03:08Z
2026-09-21T07:02:55Z,2026-09-21T09:02:55+0200,3fc58b34-4d81-4d7c-85bd-e7844bf0203b,2026-09-18T06:30:00Z,2026-09-18T08:30:00+0200,12130.621,MW,NL,NL,forecast_load,Forecasted Load,2026-09-21T07:03:08Z
2026-09-21T07:02:55Z,2026-09-21T09:02:55+0200,3fc58b34-4d81-4d7c-85bd-e7844bf0203b,2026-09-18T06:45:00Z,2026-09-18T08:45:00+0200,12187.443,MW,NL,NL,forecast_load,Forecasted Load,2026-09-21T07:03:08Z
2026-09-21T07:02:55Z,2026-09-21T09:02:55+0200,3fc58b34-4d81-4d7c-85bd-e7844bf0203b,2026-09-18T07:00:00Z,2026-09-18T09:00:00+0200,12283.524,MW,NL,NL,forecast_load,Forecasted Load,2026-09-21T07:03:08Z
2026-09-21T07:02:55Z,2026-09-21T09:02:55+0200,3fc58b34-4d81-4d7c-85bd-e7844bf0203b,2026-09-18T07:15:00Z,2026-09-18T09:15:00+0200,12204.62,MW,NL,NL,forecast_load,Forecasted Load,2026-09-21T07:03:08Z
2026-09-21T07:02:55Z,2026-09-21T09:02:55+0200,3fc58b34-4d81-4d7c-85bd-e7844bf0203b,2026-09-18T07:30:00Z,2026-09-18T09:30:00+0200,12213.225,MW,NL,NL,forecast_load,Forecasted Load,2026-09-21T07:03:08Z
2026-09-21T07:02:55Z,2026-09-21T09:02:55+0200,3fc58b34-4d81-4d7c-85bd-e7844bf0203b,2026-09-18T07:45:00Z,2026-09-18T09:45:00+0200,12063.078,MW,NL,NL,forecast_load,Forecasted Load,2026-09-21T07:03:08Z
2026-09-21T07:02:55Z,2026-09-21T09:02:55+0200,3fc58b34-4d81-4d7c-85bd-e7844bf0203b,2026-09-18T08:00:00Z,2026-09-18T10:00:00+0200,11935.391,MW,NL,NL,forecast_load,Forecasted Load,2026-09-21T07:03:08Z
2026-09-21T07:02:55Z,2026-09-21T09:02:55+0200,3fc58b34-4d81-4d7c-85bd-e7844bf0203b,2026-09-18T08:15:00Z,2026-09-18T10:15:00+0200,11879.461,MW,NL,NL,forecast_load,Forecasted Load,2026-09-21T07:03:08Z
2026-09-21T07:02:55Z,2026-09-21T09:02:55+0200,3fc58b34-4d81-4d7c-85bd-e7844bf0203b,2026-09-18T08:30:00Z,2026-09-18T10:30:00+0200,12119.172,MW,NL,NL,forecast_load,Forecasted Load,2026-09-21T07:03:08Z
2026-09-21T07:02:55Z,2026-09-21T09:02:55+0200,3fc58b34-4d81-4d7c-85bd-e7844bf0203b,2026-09-18T08:45:00Z,2026-09-18T10:45:00+0200,12243.038,MW,NL,NL,forecast_load,Forecasted Load,2026-09-21T07:03:08Z
2026-09-21T07:02:55Z,2026-09-21T09:02:55+0200,3fc58b34-4d81-4d7c-85bd-e7844bf0203b,2026-09-18T09:00:00Z,2026-09-18T11:00:00+0200,12347.348,MW,NL,NL,forecast_load,Forecasted Load,2026-09-21T07:03:08Z
2026-09-21T07:02:55Z,2026-09-21T09:02:55+0200,3fc58b34-4d81-4d7c-85bd-e7844bf0203b,2026-09-18T09:15:00Z,2026-09-18T11:15:00+0200,12485.736,MW,NL,NL,forecast_load,Forecasted Load,2026-09-21T07:03:08Z
2026-09-21T07:02:55Z,2026-09-21T09:02:55+0200,3fc58b34-4d81-4d7c-85bd-e7844bf0203b,2026-09-18T09:30:00Z,2026-09-18T11:30:00+0200,12405.772,MW,NL,NL,forecast_load,Forecasted Load,2026-09-21T07:03:08Z
2026-09-21T07:02:55Z,2026-09-21T09:02:55+0200,3fc58b34-4d81-4d7c-85bd-e7844bf0203b,2026-09-18T09:45:00Z,2026-09-18T11:45:00+0200,12227.825,MW,NL,NL,forecast_load,Forecasted Load,2026-09-21T07:03:08Z
2026-09-21T07:02:55Z,2026-09-21T09:02:55+0200,3fc58b34-4d81-4d7c-85bd-e7844bf0203b,2026-09-18T10:00:00Z,2026-09-18T12:00:00+0200,12037.687,MW,NL,NL,forecast_load,Forecasted Load,2026-09-21T07:03:08Z
2026-09-21T07:02:55Z,2026-09-21T09:02:55+0200,3fc58b34-4d81-4d7c-85bd-e7844bf0203b,2026-09-18T10:15:00Z,2026-09-18T12:15:00+0200,12124.99,MW,NL,NL,forecast_load,Forecasted Load,2026-09-21T07:03:08Z
2026-09-21T07:02:55Z,2026-09-21T09:02:55+0200,3fc58b34-4d81-4d7c-85bd-e7844bf0203b,2026-09-18T10:30:00Z,2026-09-18T12:30:00+0200,12216.907,MW,NL,NL,forecast_load,Forecasted Load,2026-09-21T07:03:08Z
2026-09-21T07:02:55Z,2026-09-21T09:02:55+0200,3fc58b34-4d81-4d7c-85bd-e7844bf0203b,2026-09-18T10:45:00Z,2026-09-18T12:45:00+0200,12183.808,MW,NL,NL,forecast_load,Forecasted Load,2026-09-21T07:03:08Z
2026-09-21T07:02:55Z,2026-09-21T09:02:55+0200,3fc58b34-4d81-4d7c-85bd-e7844bf0203b,2026-09-18T11:00:00Z,2026-09-18T13:00:00+0200,12215.431,MW,NL,NL,forecast_load,Forecasted Load,2026-09-21T07:03:08Z
2026-09-21T07:02:55Z,2026-09-21T09:02:55+0200,3fc58b34-4d81-4d7c-85bd-e7844bf0203b,2026-09-18T11:15:00Z,2026-09-18T13:15:00+0200,12304.849,MW,NL,NL,forecast_load,Forecasted Load,2026-09-21T07:03:08Z
2026-09-21T07:02:55Z,2026-09-21T09:02:55+0200,3fc58b34-4d81-4d7c-85bd-e7844bf0203b,2026-09-18T11:30:00Z,2026-09-18T13:30:00+0200,12251.364,MW,NL,NL,forecast_load,Forecasted Load,2026-09-21T07:03:08Z
2026-09-21T07:02:55Z,2026-09-21T09:02:55+0200,3fc58b34-4d81-4d7c-85bd-e7844bf0203b,2026-09-18T11:45:00Z,2026-09-18T13:45:00+0200,12142.214,MW,NL,NL,forecast_load,Forecasted Load,2026-09-21T07:03:08Z
2026-09-21T07:02:55Z,2026-09-21T09:02:55+0200,3fc58b34-4d81-4d7c-85bd-e7844bf0203b,2026-09-18T12:00:00Z,2026-09-18T14:00:00+0200,12210.92,MW,NL,NL,forecast_load,Forecasted Load,2026-09-21T07:03:08Z
2026-09-21T07:02:55Z,2026-09-21T09:02:55+0200,3fc58b34-4d81-4d7c-85bd-e7844bf0203b,2026-09-18T12:15:00Z,2026-09-18T14:15:00+0200,11957.073,MW,NL,NL,forecast_load,Forecasted Load,2026-09-21T07:03:08Z
2026-09-21T07:02:55Z,2026-09-21T09:02:55+0200,3fc58b34-4d81-4d7c-85bd-e7844bf0203b,2026-09-18T12:30:00Z,2026-09-18T14:30:00+0200,12164.024,MW,NL,NL,forecast_load,Forecasted Load,2026-09-21T07:03:08Z
2026-09-21T07:02:55Z,2026-09-21T09:02:55+0200,3fc58b34-4d81-4d7c-85bd-e7844bf0203b,2026-09-18T12:45:00Z,2026-09-18T14:45:00+0200,12200.318,MW,NL,NL,forecast_load,Forecasted Load,2026-09-21T07:03:08Z
2026-09-21T07:02:55Z,2026-09-21T09:02:55+0200,3fc58b34-4d81-4d7c-85bd-e7844bf0203b,2026-09-18T13:00:00Z,2026-09-18T15:00:00+0200,12048.777,MW,NL,NL,forecast_load,Forecasted Load,2026-09-21T07:03:08Z
2026-09-21T07:02:55Z,2026-09-21T09:02:55+0200,3fc58b34-4d81-4d7c-85bd-e7844bf0203b,2026-09-18T13:15:00Z,2026-09-18T15:15:00+0200,12016.772,MW,NL,NL,forecast_load,Forecasted Load,2026-09-21T07:03:08Z
2026-09-21T07:02:55Z,2026-09-21T09:02:55+0200,3fc58b34-4d81-4d7c-85bd-e7844bf0203b,2026-09-18T13:30:00Z,2026-09-18T15:30:00+0200,12014.94,MW,NL,NL,forecast_load,Forecasted Load,2026-09-21T07:03:08Z
2026-09-21T07:02:55Z,2026-09-21T09:02:55+0200,3fc58b34-4d81-4d7c-85bd-e7844bf0203b,2026-09-18T13:45:00Z,2026-09-18T15:45:00+0200,12031.769,MW,NL,NL,forecast_load,Forecasted Load,2026-09-21T07:03:08Z
2026-09-21T07:02:55Z,2026-09-21T09:02:55+0200,3fc58b34-4d81-4d7c-85bd-e7844bf0203b,2026-09-18T14:00:00Z,2026-09-18T16:00:00+0200,12083.392,MW,NL,NL,forecast_load,Forecasted Load,2026-09-21T07:03:08Z
2026-09-21T07:02:55Z,2026-09-21T09:02:55+0200,3fc58b34-4d81-4d7c-85bd-e7844bf0203b,2026-09-18T14:15:00Z,2026-09-18T16:15:00+0200,11947.046,MW,NL,NL,forecast_load,Forecasted Load,2026-09-21T07:03:08Z
2026-09-21T07:02:55Z,2026-09-21T09:02:55+0200,3fc58b34-4d81-4d7c-85bd-e7844bf0203b,2026-09-18T14:30:00Z,2026-09-18T16:30:00+0200,11982.668,MW,NL,NL,forecast_load,Forecasted Load,2026-09-21T07:03:08Z
2026-09-21T07:02:55Z,2026-09-21T09:02:55+0200,3fc58b34-4d81-4d7c-85bd-e7844bf0203b,2026-09-18T14:45:00Z,2026-09-18T16:45:00+0200,11861.123,MW,NL,NL,forecast_load,Forecasted Load,2026-09-21T07:03:08Z
2026-09-21T07:02:55Z,2026-09-21T09:02:55+0200,3fc58b34-4d81-4d7c-85bd-e7844bf0203b,2026-09-18T15:00:00Z,2026-09-18T17:00:00+0200,12032.064,MW,NL,NL,forecast_load,Forecasted Load,2026-09-21T07:03:08Z
2026-09-21T07:02:55Z,2026-09-21T09:02:55+0200,3fc58b34-4d81-4d7c-85bd-e7844bf0203b,2026-09-18T15:15:00Z,2026-09-18T17:15:00+0200,12114.634,MW,NL,NL,forecast_load,Forecasted Load,2026-09-21T07:03:08Z
2026-09-21T07:02:55Z,2026-09-21T09:02:55+0200,3fc58b34-4d81-4d7c-85bd-e7844bf0203b,2026-09-18T15:30:00Z,2026-09-18T17:30:00+0200,12283.776,MW,NL,NL,forecast_load,Forecasted Load,2026-09-21T07:03:08Z
2026-09-21T07:02:55Z,2026-09-21T09:02:55+0200,3fc58b34-4d81-4d7c-85bd-e7844bf0203b,2026-09-18T15:45:00Z,2026-09-18T17:45:00+0200,12462.099,MW,NL,NL,forecast_load,Forecasted Load,2026-09-21T07:03:08Z
2026-09-21T07:02:55Z,2026-09-21T09:02:55+0200,3fc58b34-4d81-4d7c-85bd-e7844bf0203b,2026-09-18T16:00:00Z,2026-09-18T18:00:00+0200,12460.145,MW,NL,NL,forecast_load,Forecasted Load,2026-09-21T07:03:08Z
2026-09-21T07:02:55Z,2026-09-21T09:02:55+0200,3fc58b34-4d81-4d7c-85bd-e7844bf0203b,2026-09-18T16:15:00Z,2026-09-18T18:15:00+0200,12300.201,MW,NL,NL,forecast_load,Forecasted Load,2026-09-21T07:03:08Z
2026-09-21T07:02:55Z,2026-09-21T09:02:55+0200,3fc58b34-4d81-4d7c-85bd-e7844bf0203b,2026-09-18T16:30:00Z,2026-09-18T18:30:00+0200,12463.142,MW,NL,NL,forecast_load,Forecasted Load,2026-09-21T07:03:08Z
2026-09-21T07:02:55Z,2026-09-21T09:02:55+0200,3fc58b34-4d81-4d7c-85bd-e7844bf0203b,2026-09-18T16:45:00Z,2026-09-18T18:45:00+0200,12498.749,MW,NL,NL,forecast_load,Forecasted Load,2026-09-21T07:03:08Z
2026-09-21T07:02:55Z,2026-09-21T09:02:55+0200,3fc58b34-4d81-4d7c-85bd-e7844bf0203b,2026-09-18T17:00:00Z,2026-09-18T19:00:00+0200,12565.064,MW,NL,NL,forecast_load,Forecasted Load,2026-09-21T07:03:08Z
2026-09-21T07:02:55Z,2026-09-21T09:02:55+0200,3fc58b34-4d81-4d7c-85bd-e7844bf0203b,2026-09-18T17:15:00Z,2026-09-18T19:15:00+0200,12767.626,MW,NL,NL,forecast_load,Forecasted Load,2026-09-21T07:03:08Z
2026-09-21T07:02:55Z,2026-09-21T09:02:55+0200,3fc58b34-4d81-4d7c-85bd-e7844bf0203b,2026-09-18T17:30:00Z,2026-09-18T19:30:00+0200,12822.151,MW,NL,NL,forecast_load,Forecasted Load,2026-09-21T07:03:08Z
2026-09-21T07:02:55Z,2026-09-21T09:02:55+0200,3fc58b34-4d81-4d7c-85bd-e7844bf0203b,2026-09-18T17:45:00Z,2026-09-18T19:45:00+0200,12909.681,MW,NL,NL,forecast_load,Forecasted Load,2026-09-21T07:03:08Z
2026-09-21T07:02:55Z,2026-09-21T09:02:55+0200,3fc58b34-4d81-4d7c-85bd-e7844bf0203b,2026-09-18T18:00:00Z,2026-09-18T20:00:00+0200,12984.094,MW,NL,NL,forecast_load,Forecasted Load,2026-09-21T07:03:08Z
2026-09-21T07:02:55Z,2026-09-21T09:02:55+0200,3fc58b34-4d81-4d7c-85bd-e7844bf0203b,2026-09-18T18:15:00Z,2026-09-18T20:15:00+0200,13024.227,MW,NL,NL,forecast_load,Forecasted Load,2026-09-21T07:03:08Z
2026-09-21T07:02:55Z,2026-09-21T09:02:55+0200,3fc58b34-4d81-4d7c-85bd-e7844bf0203b,2026-09-18T18:30:00Z,2026-09-18T20:30:00+0200,13114.297,MW,NL,NL,forecast_load,Forecasted Load,2026-09-21T07:03:08Z
2026-09-21T07:02:55Z,2026-09-21T09:02:55+0200,3fc58b34-4d81-4d7c-85bd-e7844bf0203b,2026-09-18T18:45:00Z,2026-09-18T20:45:00+0200,13146.697,MW,NL,NL,forecast_load,Forecasted Load,2026-09-21T07:03:08Z
2026-09-21T07:02:55Z,2026-09-21T09:02:55+0200,3fc58b34-4d81-4d7c-85bd-e7844bf0203b,2026-09-18T19:00:00Z,2026-09-18T21:00:00+0200,13078.832,MW,NL,NL,forecast_load,Forecasted Load,2026-09-21T07:03:08Z
2026-09-21T07:02:55Z,2026-09-21T09:02:55+0200,3fc58b34-4d81-4d7c-85bd-e7844bf0203b,2026-09-18T19:15:00Z,2026-09-18T21:15:00+0200,12969.301,MW,NL,NL,forecast_load,Forecasted Load,2026-09-21T07:03:08Z
2026-09-21T07:02:55Z,2026-09-21T09:02:55+0200,3fc58b34-4d81-4d7c-85bd-e7844bf0203b,2026-09-18T19:30:00Z,2026-09-18T21:30:00+0200,12890.604,MW,NL,NL,forecast_load,Forecasted Load,2026-09-21T07:03:08Z
2026-09-21T07:02:55Z,2026-09-21T09:02:55+0200,3fc58b34-4d81-4d7c-85bd-e7844bf0203b,2026-09-18T19:45:00Z,2026-09-18T21:45:00+0200,12743.63,MW,NL,NL,forecast_load,Forecasted Load,2026-09-21T07:03:08Z
2026-09-21T07:02:55Z,2026-09-21T09:02:55+0200,3fc58b34-4d81-4d7c-85bd-e7844bf0203b,2026-09-18T20:00:00Z,2026-09-18T22:00:00+0200,12764.517,MW,NL,NL,forecast_load,Forecasted Load,2026-09-21T07:03:08Z
2026-09-21T07:02:55Z,2026-09-21T09:02:55+0200,3fc58b34-4d81-4d7c-85bd-e7844bf0203b,2026-09-18T20:15:00Z,2026-09-18T22:15:00+0200,12614.888,MW,NL,NL,forecast_load,Forecasted Load,2026-09-21T07:03:08Z
2026-09-21T07:02:55Z,2026-09-21T09:02:55+0200,3fc58b34-4d81-4d7c-85bd-e7844bf0203b,2026-09-18T20:30:00Z,2026-09-18T22:30:00+0200,12525.084,MW,NL,NL,forecast_load,Forecasted Load,2026-09-21T07:03:08Z
2026-09-21T07:02:55Z,2026-09-21T09:02:55+0200,3fc58b34-4d81-4d7c-85bd-e7844bf0203b,2026-09-18T20:45:00Z,2026-09-18T22:45:00+0200,12302.056,MW,NL,NL,forecast_load,Forecasted Load,2026-09-21T07:03:08Z
2026-09-21T07:02:55Z,2026-09-21T09:02:55+0200,3fc58b34-4d81-4d7c-85bd-e7844bf0203b,2026-09-18T21:00:00Z,2026-09-18T23:00:00+0200,12265.856,MW,NL,NL,forecast_load,Forecasted Load,2026-09-21T07:03:08Z
2026-09-21T07:02:55Z,2026-09-21T09:02:55+0200,3fc58b34-4d81-4d7c-85bd-e7844bf0203b,2026-09-18T21:15:00Z,2026-09-18T23:15:00+0200,12180.61,MW,NL,NL,forecast_load,Forecasted Load,2026-09-21T07:03:08Z
2026-09-21T07:02:55Z,2026-09-21T09:02:55+0200,3fc58b34-4d81-4d7c-85bd-e7844bf0203b,2026-09-18T21:30:00Z,2026-09-18T23:30:00+0200,12031.481,MW,NL,NL,forecast_load,Forecasted Load,2026-09-21T07:03:08Z
2026-09-21T07:02:55Z,2026-09-21T09:02:55+0200,3fc58b34-4d81-4d7c-85bd-e7844bf0203b,2026-09-18T21:45:00Z,2026-09-18T23:45:00+0200,11870.471,MW,NL,NL,forecast_load,Forecasted Load,2026-09-21T07:03:08Z
2026-09-21T07:02:55Z,2026-09-21T09:02:55+0200,3fc58b34-4d81-4d7c-85bd-e7844bf0203b,2026-09-18T22:00:00Z,2026-09-19T00:00:00+0200,11747.043,MW,NL,NL,forecast_load,Forecasted Load,2026-09-21T07:03:08Z
2026-09-21T07:02:55Z,2026-09-21T09:02:55+0200,3fc58b34-4d81-4d7c-85bd-e7844bf0203b,2026-09-18T22:15:00Z,2026-09-19T00:15:00+0200,11803.032,MW,NL,NL,forecast_load,Forecasted Load,2026-09-21T07:03:08Z
2026-09-21T07:02:55Z,2026-09-21T09:02:55+0200,3fc58b34-4d81-4d7c-85bd-e7844bf0203b,2026-09-18T22:30:00Z,2026-09-19T00:30:00+0200,11666.155,MW,NL,NL,forecast_load,Forecasted Load,2026-09-21T07:03:08Z
2026-09-21T07:02:55Z,2026-09-21T09:02:55+0200,3fc58b34-4d81-4d7c-85bd-e7844bf0203b,2026-09-18T22:45:00Z,2026-09-19T00:45:00+0200,11458.101,MW,NL,NL,forecast_load,Forecasted Load,2026-09-21T07:03:08Z
2026-09-21T07:02:55Z,2026-09-21T09:02:55+0200,3fc58b34-4d81-4d7c-85bd-e7844bf0203b,2026-09-18T23:00:00Z,2026-09-19T01:00:00+0200,11136.822,MW,NL,NL,forecast_load,Forecasted Load,2026-09-21T07:03:08Z
2026-09-21T07:02:55Z,2026-09-21T09:02:55+0200,3fc58b34-4d81-4d7c-85bd-e7844bf0203b,2026-09-18T23:15:00Z,2026-09-19T01:15:00+0200,11043.252,MW,NL,NL,forecast_load,Forecasted Load,2026-09-21T07:03:08Z
2026-09-21T07:02:55Z,2026-09-21T09:02:55+0200,3fc58b34-4d81-4d7c-85bd-e7844bf0203b,2026-09-18T23:30:00Z,2026-09-19T01:30:00+0200,10919.206,MW,NL,NL,forecast_load,Forecasted Load,2026-09-21T07:03:08Z
2026-09-21T07:02:55Z,2026-09-21T09:02:55+0200,3fc58b34-4d81-4d7c-85bd-e7844bf0203b,2026-09-18T23:45:00Z,2026-09-19T01:45:00+0200,10691.218,MW,NL,NL,forecast_load,Forecasted Load,2026-09-21T07:03:08Z
2026-09-21T07:02:55Z,2026-09-21T09:02:55+0200,3fc58b34-4d81-4d7c-85bd-e7844bf0203b,2026-09-19T00:00:00Z,2026-09-19T02:00:00+0200,10499.528,MW,NL,NL,forecast_load,Forecasted Load,2026-09-21T07:03:08Z
2026-09-21T07:02:55Z,2026-09-21T09:02:55+0200,3fc58b34-4d81-4d7c-85bd-e7844bf0203b,2026-09-19T00:15:00Z,2026-09-19T02:15:00+0200,10505.597,MW,NL,NL,forecast_load,Forecasted Load,2026-09-21T07:03:08Z
2026-09-21T07:02:55Z,2026-09-21T09:02:55+0200,3fc58b34-4d81-4d7c-85bd-e7844bf0203b,2026-09-19T00:30:00Z,2026-09-19T02:30:00+0200,10464.764,MW,NL,NL,forecast_load,Forecasted Load,2026-09-21T07:03:08Z
2026-09-21T07:02:55Z,2026-09-21T09:02:55+0200,3fc58b34-4d81-4d7c-85bd-e7844bf0203b,2026-09-19T00:45:00Z,2026-09-19T02:45:00+0200,10408.909,MW,NL,NL,forecast_load,Forecasted Load,2026-09-21T07:03:08Z
2026-09-21T07:02:55Z,2026-09-21T09:02:55+0200,3fc58b34-4d81-4d7c-85bd-e7844bf0203b,2026-09-19T01:00:00Z,2026-09-19T03:00:00+0200,10291.939,MW,NL,NL,forecast_load,Forecasted Load,2026-09-21T07:03:08Z
2026-09-21T07:02:55Z,2026-09-21T09:02:55+0200,3fc58b34-4d81-4d7c-85bd-e7844bf0203b,2026-09-19T01:15:00Z,2026-09-19T03:15:00+0200,10350.582,MW,NL,NL,forecast_load,Forecasted Load,2026-09-21T07:03:08Z
2026-09-21T07:02:55Z,2026-09-21T09:02:55+0200,3fc58b34-4d81-4d7c-85bd-e7844bf0203b,2026-09-19T01:30:00Z,2026-09-19T03:30:00+0200,10344.676,MW,NL,NL,forecast_load,Forecasted Load,2026-09-21T07:03:08Z
2026-09-21T07:02:55Z,2026-09-21T09:02:55+0200,3fc58b34-4d81-4d7c-85bd-e7844bf0203b,2026-09-19T01:45:00Z,2026-09-19T03:45:00+0200,10443.137,MW,NL,NL,forecast_load,Forecasted Load,2026-09-21T07:03:08Z
2026-09-21T07:02:55Z,2026-09-21T09:02:55+0200,3fc58b34-4d81-4d7c-85bd-e7844bf0203b,2026-09-19T02:00:00Z,2026-09-19T04:00:00+0200,10418.335,MW,NL,NL,forecast_load,Forecasted Load,2026-09-21T07:03:08Z
2026-09-21T07:02:55Z,2026-09-21T09:02:55+0200,3fc58b34-4d81-4d7c-85bd-e7844bf0203b,2026-09-19T02:15:00Z,2026-09-19T04:15:00+0200,10488.728,MW,NL,NL,forecast_load,Forecasted Load,2026-09-21T07:03:08Z
2026-09-21T07:02:55Z,2026-09-21T09:02:55+0200,3fc58b34-4d81-4d7c-85bd-e7844bf0203b,2026-09-19T02:30:00Z,2026-09-19T04:30:00+0200,10505.119,MW,NL,NL,forecast_load,Forecasted Load,2026-09-21T07:03:08Z
2026-09-21T07:02:55Z,2026-09-21T09:02:55+0200,3fc58b34-4d81-4d7c-85bd-e7844bf0203b,2026-09-19T02:45:00Z,2026-09-19T04:45:00+0200,10475.089,MW,NL,NL,forecast_load,Forecasted Load,2026-09-21T07:03:08Z
2026-09-21T07:02:55Z,2026-09-21T09:02:55+0200,3fc58b34-4d81-4d7c-85bd-e7844bf0203b,2026-09-19T03:00:00Z,2026-09-19T05:00:00+0200,10448.249,MW,NL,NL,forecast_load,Forecasted Load,2026-09-21T07:03:08Z
2026-09-21T07:02:55Z,2026-09-21T09:02:55+0200,3fc58b34-4d81-4d7c-85bd-e7844bf0203b,2026-09-19T03:15:00Z,2026-09-19T05:15:00+0200,10452.706,MW,NL,NL,forecast_load,Forecasted Load,2026-09-21T07:03:08Z
2026-09-21T07:02:55Z,2026-09-21T09:02:55+0200,3fc58b34-4d81-4d7c-85bd-e7844bf0203b,2026-09-19T03:30:00Z,2026-09-19T05:30:00+0200,10407.225,MW,NL,NL,forecast_load,Forecasted Load,2026-09-21T07:03:08Z
2026-09-21T07:02:55Z,2026-09-21T09:02:55+0200,3fc58b34-4d81-4d7c-85bd-e7844bf0203b,2026-09-19T03:45:00Z,2026-09-19T05:45:00+0200,10358.379,MW,NL,NL,forecast_load,Forecasted Load,2026-09-21T07:03:08Z
2026-09-21T07:02:55Z,2026-09-21T09:02:55+0200,3fc58b34-4d81-4d7c-85bd-e7844bf0203b,2026-09-19T04:00:00Z,2026-09-19T06:00:00+0200,10295.625,MW,NL,NL,forecast_load,Forecasted Load,2026-09-21T07:03:08Z
2026-09-21T07:02:55Z,2026-09-21T09:02:55+0200,3fc58b34-4d81-4d7c-85bd-e7844bf0203b,2026-09-19T04:15:00Z,2026-09-19T06:15:00+0200,10281.359,MW,NL,NL,forecast_load,Forecasted Load,2026-09-21T07:03:08Z
2026-09-21T07:02:55Z,2026-09-21T09:02:55+0200,3fc58b34-4d81-4d7c-85bd-e7844bf0203b,2026-09-19T04:30:00Z,2026-09-19T06:30:00+0200,10318.244,MW,NL,NL,forecast_load,Forecasted Load,2026-09-21T07:03:08Z
2026-09-21T07:02:55Z,2026-09-21T09:02:55+0200,3fc58b34-4d81-4d7c-85bd-e7844bf0203b,2026-09-19T04:45:00Z,2026-09-19T06:45:00+0200,10368.433,MW,NL,NL,forecast_load,Forecasted Load,2026-09-21T07:03:08Z
2026-09-21T07:02:55Z,2026-09-21T09:02:55+0200,3fc58b34-4d81-4d7c-85bd-e7844bf0203b,2026-09-19T05:00:00Z,2026-09-19T07:00:00+0200,10483.205,MW,NL,NL,forecast_load,Forecasted Load,2026-09-21T07:03:08Z
2026-09-21T07:02:55Z,2026-09-21T09:02:55+0200,3fc58b34-4d81-4d7c-85bd-e7844bf0203b,2026-09-19T05:15:00Z,2026-09-19T07:15:00+0200,10471.543,MW,NL,NL,forecast_load,Forecasted Load,2026-09-21T07:03:08Z
2026-09-21T07:02:55Z,2026-09-21T09:02:55+0200,3fc58b34-4d81-4d7c-85bd-e7844bf0203b,2026-09-19T05:30:00Z,2026-09-19T07:30:00+0200,10331.66,MW,NL,NL,forecast_load,Forecasted Load,2026-09-21T07:03:08Z
2026-09-21T07:02:55Z,2026-09-21T09:02:55+0200,3fc58b34-4d81-4d7c-85bd-e7844bf0203b,2026-09-19T05:45:00Z,2026-09-19T07:45:00+0200,10326.286,MW,NL,NL,forecast_load,Forecasted Load,2026-09-21T07:03:08Z
2026-09-21T07:02:55Z,2026-09-21T09:02:55+0200,3fc58b34-4d81-4d7c-85bd-e7844bf0203b,2026-09-19T06:00:00Z,2026-09-19T08:00:00+0200,10336.328,MW,NL,NL,forecast_load,Forecasted Load,2026-09-21T07:03:08Z
2026-09-21T07:02:55Z,2026-09-21T09:02:55+0200,3fc58b34-4d81-4d7c-85bd-e7844bf0203b,2026-09-19T06:15:00Z,2026-09-19T08:15:00+0200,10288.275,MW,NL,NL,forecast_load,Forecasted Load,2026-09-21T07:03:08Z
2026-09-21T07:02:55Z,2026-09-21T09:02:55+0200,3fc58b34-4d81-4d7c-85bd-e7844bf0203b,2026-09-19T06:30:00Z,2026-09-19T08:30:00+0200,10131.384,MW,NL,NL,forecast_load,Forecasted Load,2026-09-21T07:03:08Z
2026-09-21T07:02:55Z,2026-09-21T09:02:55+0200,3fc58b34-4d81-4d7c-85bd-e7844bf0203b,2026-09-19T06:45:00Z,2026-09-19T08:45:00+0200,10015.973,MW,NL,NL,forecast_load,Forecasted Load,2026-09-21T07:03:08Z
2026-09-21T07:02:55Z,2026-09-21T09:02:55+0200,3fc58b34-4d81-4d7c-85bd-e7844bf0203b,2026-09-19T07:00:00Z,2026-09-19T09:00:00+0200,9925.851,MW,NL,NL,forecast_load,Forecasted Load,2026-09-21T07:03:08Z
2026-09-21T07:02:55Z,2026-09-21T09:02:55+0200,3fc58b34-4d81-4d7c-85bd-e7844bf0203b,2026-09-19T07:15:00Z,2026-09-19T09:15:00+0200,9698.506,MW,NL,NL,forecast_load,Forecasted Load,2026-09-21T07:03:08Z
2026-09-21T07:02:55Z,2026-09-21T09:02:55+0200,3fc58b34-4d81-4d7c-85bd-e7844bf0203b,2026-09-19T07:30:00Z,2026-09-19T09:30:00+0200,9367.442,MW,NL,NL,forecast_load,Forecasted Load,2026-09-21T07:03:08Z
2026-09-21T07:02:55Z,2026-09-21T09:02:55+0200,3fc58b34-4d81-4d7c-85bd-e7844bf0203b,2026-09-19T07:45:00Z,2026-09-19T09:45:00+0200,9304.386,MW,NL,NL,forecast_load,Forecasted Load,2026-09-21T07:03:08Z
2026-09-21T07:02:55Z,2026-09-21T09:02:55+0200,3fc58b34-4d81-4d7c-85bd-e7844bf0203b,2026-09-19T08:00:00Z,2026-09-19T10:00:00+0200,9205.692,MW,NL,NL,forecast_load,Forecasted Load,2026-09-21T07:03:08Z
2026-09-21T07:02:55Z,2026-09-21T09:02:55+0200,3fc58b34-4d81-4d7c-85bd-e7844bf0203b,2026-09-19T08:15:00Z,2026-09-19T10:15:00+0200,8850.841,MW,NL,NL,forecast_load,Forecasted Load,2026-09-21T07:03:08Z
2026-09-21T07:02:55Z,2026-09-21T09:02:55+0200,3fc58b34-4d81-4d7c-85bd-e7844bf0203b,2026-09-19T08:30:00Z,2026-09-19T10:30:00+0200,8824.589,MW,NL,NL,forecast_load,Forecasted Load,2026-09-21T07:03:08Z
2026-09-21T07:02:55Z,2026-09-21T09:02:55+0200,3fc58b34-4d81-4d7c-85bd-e7844bf0203b,2026-09-19T08:45:00Z,2026-09-19T10:45:00+0200,8884.009,MW,NL,NL,forecast_load,Forecasted Load,2026-09-21T07:03:08Z
2026-09-21T07:02:55Z,2026-09-21T09:02:55+0200,3fc58b34-4d81-4d7c-85bd-e7844bf0203b,2026-09-19T09:00:00Z,2026-09-19T11:00:00+0200,8852.543,MW,NL,NL,forecast_load,Forecasted Load,2026-09-21T07:03:08Z
2026-09-21T07:02:55Z,2026-09-21T09:02:55+0200,3fc58b34-4d81-4d7c-85bd-e7844bf0203b,2026-09-19T09:15:00Z,2026-09-19T11:15:00+0200,8491.512,MW,NL,NL,forecast_load,Forecasted Load,2026-09-21T07:03:08Z
2026-09-21T07:02:55Z,2026-09-21T09:02:55+0200,3fc58b34-4d81-4d7c-85bd-e7844bf0203b,2026-09-19T09:30:00Z,2026-09-19T11:30:00+0200,8381.282,MW,NL,NL,forecast_load,Forecasted Load,2026-09-21T07:03:08Z
2026-09-21T07:02:55Z,2026-09-21T09:02:55+0200,3fc58b34-4d81-4d7c-85bd-e7844bf0203b,2026-09-19T09:45:00Z,2026-09-19T11:45:00+0200,8363.124,MW,NL,NL,forecast_load,Forecasted Load,2026-09-21T07:03:08Z
2026-09-21T07:02:55Z,2026-09-21T09:02:55+0200,3fc58b34-4d81-4d7c-85bd-e7844bf0203b,2026-09-19T10:00:00Z,2026-09-19T12:00:00+0200,8338.654,MW,NL,NL,forecast_load,Forecasted Load,2026-09-21T07:03:08Z
2026-09-21T07:02:55Z,2026-09-21T09:02:55+0200,3fc58b34-4d81-4d7c-85bd-e7844bf0203b,2026-09-19T10:15:00Z,2026-09-19T12:15:00+0200,8340.631,MW,NL,NL,forecast_load,Forecasted Load,2026-09-21T07:03:08Z
2026-09-21T07:02:55Z,2026-09-21T09:02:55+0200,3fc58b34-4d81-4d7c-85bd-e7844bf0203b,2026-09-19T10:30:00Z,2026-09-19T12:30:00+0200,8234.906,MW,NL,NL,forecast_load,Forecasted Load,2026-09-21T07:03:08Z
2026-09-21T07:02:55Z,2026-09-21T09:02:55+0200,3fc58b34-4d81-4d7c-85bd-e7844bf0203b,2026-09-19T10:45:00Z,2026-09-19T12:45:00+0200,8115.484,MW,NL,NL,forecast_load,Forecasted Load,2026-09-21T07:03:08Z
2026-09-21T07:02:55Z,2026-09-21T09:02:55+0200,3fc58b34-4d81-4d7c-85bd-e7844bf0203b,2026-09-19T11:00:00Z,2026-09-19T13:00:00+0200,8169.006,MW,NL,NL,forecast_load,Forecasted Load,2026-09-21T07:03:08Z
2026-09-21T07:02:55Z,2026-09-21T09:02:55+0200,3fc58b34-4d81-4d7c-85bd-e7844bf0203b,2026-09-19T11:15:00Z,2026-09-19T13:15:00+0200,8342.448,MW,NL,NL,forecast_load,Forecasted Load,2026-09-21T07:03:08Z
2026-09-21T07:02:55Z,2026-09-21T09:02:55+0200,3fc58b34-4d81-4d7c-85bd-e7844bf0203b,2026-09-19T11:30:00Z,2026-09-19T13:30:00+0200,8426.195,MW,NL,NL,forecast_load,Forecasted Load,2026-09-21T07:03:08Z
2026-09-21T07:02:55Z,2026-09-21T09:02:55+0200,3fc58b34-4d81-4d7c-85bd-e7844bf0203b,2026-09-19T11:45:00Z,2026-09-19T13:45:00+0200,8339.711,MW,NL,NL,forecast_load,Forecasted Load,2026-09-21T07:03:08Z
2026-09-21T07:02:55Z,2026-09-21T09:02:55+0200,3fc58b34-4d81-4d7c-85bd-e7844bf0203b,2026-09-19T12:00:00Z,2026-09-19T14:00:00+0200,8197.456,MW,NL,NL,forecast_load,Forecasted Load,2026-09-21T07:03:08Z
2026-09-21T07:02:55Z,2026-09-21T09:02:55+0200,3fc58b34-4d81-4d7c-85bd-e7844bf0203b,2026-09-19T12:15:00Z,2026-09-19T14:15:00+0200,8276.306,MW,NL,NL,forecast_load,Forecasted Load,2026-09-21T07:03:08Z
2026-09-21T07:02:55Z,2026-09-21T09:02:55+0200,3fc58b34-4d81-4d7c-85bd-e7844bf0203b,2026-09-19T12:30:00Z,2026-09-19T14:30:00+0200,8061.866,MW,NL,NL,forecast_load,Forecasted Load,2026-09-21T07:03:08Z
2026-09-21T07:02:55Z,2026-09-21T09:02:55+0200,3fc58b34-4d81-4d7c-85bd-e7844bf0203b,2026-09-19T12:45:00Z,2026-09-19T14:45:00+0200,7891.501,MW,NL,NL,forecast_load,Forecasted Load,2026-09-21T07:03:08Z
2026-09-21T07:02:55Z,2026-09-21T09:02:55+0200,3fc58b34-4d81-4d7c-85bd-e7844bf0203b,2026-09-19T13:00:00Z,2026-09-19T15:00:00+0200,7847.87,MW,NL,NL,forecast_load,Forecasted Load,2026-09-21T07:03:08Z
2026-09-21T07:02:55Z,2026-09-21T09:02:55+0200,3fc58b34-4d81-4d7c-85bd-e7844bf0203b,2026-09-19T13:15:00Z,2026-09-19T15:15:00+0200,7864.109,MW,NL,NL,forecast_load,Forecasted Load,2026-09-21T07:03:08Z
2026-09-21T07:02:55Z,2026-09-21T09:02:55+0200,3fc58b34-4d81-4d7c-85bd-e7844bf0203b,2026-09-19T13:30:00Z,2026-09-19T15:30:00+0200,7563.19,MW,NL,NL,forecast_load,Forecasted Load,2026-09-21T07:03:08Z
2026-09-21T07:02:55Z,2026-09-21T09:02:55+0200,3fc58b34-4d81-4d7c-85bd-e7844bf0203b,2026-09-19T13:45:00Z,2026-09-19T15:45:00+0200,7797.282,MW,NL,NL,forecast_load,Forecasted Load,2026-09-21T07:03:08Z
2026-09-21T07:02:55Z,2026-09-21T09:02:55+0200,3fc58b34-4d81-4d7c-85bd-e7844bf0203b,2026-09-19T14:00:00Z,2026-09-19T16:00:00+0200,7999.229,MW,NL,NL,forecast_load,Forecasted Load,2026-09-21T07:03:08Z
2026-09-21T07:02:55Z,2026-09-21T09:02:55+0200,3fc58b34-4d81-4d7c-85bd-e7844bf0203b,2026-09-19T14:15:00Z,2026-09-19T16:15:00+0200,8163.627,MW,NL,NL,forecast_load,Forecasted Load,2026-09-21T07:03:08Z
2026-09-21T07:02:55Z,2026-09-21T09:02:55+0200,3fc58b34-4d81-4d7c-85bd-e7844bf0203b,2026-09-19T14:30:00Z,2026-09-19T16:30:00+0200,8355.597,MW,NL,NL,forecast_load,Forecasted Load,2026-09-21T07:03:08Z
2026-09-21T07:02:55Z,2026-09-21T09:02:55+0200,3fc58b34-4d81-4d7c-85bd-e7844bf0203b,2026-09-19T14:45:00Z,2026-09-19T16:45:00+0200,8565.206,MW,NL,NL,forecast_load,Forecasted Load,2026-09-21T07:03:08Z
2026-09-21T07:02:55Z,2026-09-21T09:02:55+0200,3fc58b34-4d81-4d7c-85bd-e7844bf0203b,2026-09-19T15:00:00Z,2026-09-19T17:00:00+0200,9047.979,MW,NL,NL,forecast_load,Forecasted Load,2026-09-21T07:03:08Z
2026-09-21T07:02:55Z,2026-09-21T09:02:55+0200,3fc58b34-4d81-4d7c-85bd-e7844bf0203b,2026-09-19T15:15:00Z,2026-09-19T17:15:00+0200,9340.635,MW,NL,NL,forecast_load,Forecasted Load,2026-09-21T07:03:08Z
2026-09-21T07:02:55Z,2026-09-21T09:02:55+0200,3fc58b34-4d81-4d7c-85bd-e7844bf0203b,2026-09-19T15:30:00Z,2026-09-19T17:30:00+0200,9487.252,MW,NL,NL,forecast_load,Forecasted Load,2026-09-21T07:03:08Z
2026-09-21T07:02:55Z,2026-09-21T09:02:55+0200,3fc58b34-4d81-4d7c-85bd-e7844bf0203b,2026-09-19T15:45:00Z,2026-09-19T17:45:00+0200,9840.279,MW,NL,NL,forecast_load,Forecasted Load,2026-09-21T07:03:08Z
2026-09-21T07:02:55Z,2026-09-21T09:02:55+0200,3fc58b34-4d81-4d7c-85bd-e7844bf0203b,2026-09-19T16:00:00Z,2026-09-19T18:00:00+0200,10078.104,MW,NL,NL,forecast_load,Forecasted Load,2026-09-21T07:03:08Z
2026-09-21T07:02:55Z,2026-09-21T09:02:55+0200,3fc58b34-4d81-4d7c-85bd-e7844bf0203b,2026-09-19T16:15:00Z,2026-09-19T18:15:00+0200,10321.856,MW,NL,NL,forecast_load,Forecasted Load,2026-09-21T07:03:08Z
2026-09-21T07:02:55Z,2026-09-21T09:02:55+0200,3fc58b34-4d81-4d7c-85bd-e7844bf0203b,2026-09-19T16:30:00Z,2026-09-19T18:30:00+0200,10532.491,MW,NL,NL,forecast_load,Forecasted Load,2026-09-21T07:03:08Z
2026-09-21T07:02:55Z,2026-09-21T09:02:55+0200,3fc58b34-4d81-4d7c-85bd-e7844bf0203b,2026-09-19T16:45:00Z,2026-09-19T18:45:00+0200,10736.338,MW,NL,NL,forecast_load,Forecasted Load,2026-09-21T07:03:08Z
2026-09-21T07:02:55Z,2026-09-21T09:02:55+0200,3fc58b34-4d81-4d7c-85bd-e7844bf0203b,2026-09-19T17:00:00Z,2026-09-19T19:00:00+0200,11000.108,MW,NL,NL,forecast_load,Forecasted Load,2026-09-21T07:03:08Z
2026-09-21T07:02:55Z,2026-09-21T09:02:55+0200,3fc58b34-4d81-4d7c-85bd-e7844bf0203b,2026-09-19T17:15:00Z,2026-09-19T19:15:00+0200,11147.297,MW,NL,NL,forecast_load,Forecasted Load,2026-09-21T07:03:08Z
2026-09-21T07:02:55Z,2026-09-21T09:02:55+0200,3fc58b34-4d81-4d7c-85bd-e7844bf0203b,2026-09-19T17:30:00Z,2026-09-19T19:30:00+0200,11380.409,MW,NL,NL,forecast_load,Forecasted Load,2026-09-21T07:03:08Z
2026-09-21T07:02:55Z,2026-09-21T09:02:55+0200,3fc58b34-4d81-4d7c-85bd-e7844bf0203b,2026-09-19T17:45:00Z,2026-09-19T19:45:00+0200,11599.208,MW,NL,NL,forecast_load,Forecasted Load,2026-09-21T07:03:08Z
2026-09-21T07:02:55Z,2026-09-21T09:02:55+0200,3fc58b34-4d81-4d7c-85bd-e7844bf0203b,2026-09-19T18:00:00Z,2026-09-19T20:00:00+0200,11728.683,MW,NL,NL,forecast_load,Forecasted Load,2026-09-21T07:03:08Z
2026-09-21T07:02:55Z,2026-09-21T09:02:55+0200,3fc58b34-4d81-4d7c-85bd-e7844bf0203b,2026-09-19T18:15:00Z,2026-09-19T20:15:00+0200,11702.282,MW,NL,NL,forecast_load,Forecasted Load,2026-09-21T07:03:08Z
2026-09-21T07:02:55Z,2026-09-21T09:02:55+0200,3fc58b34-4d81-4d7c-85bd-e7844bf0203b,2026-09-19T18:30:00Z,2026-09-19T20:30:00+0200,11660.219,MW,NL,NL,forecast_load,Forecasted Load,2026-09-21T07:03:08Z
2026-09-21T07:02:55Z,2026-09-21T09:02:55+0200,3fc58b34-4d81-4d7c-85bd-e7844bf0203b,2026-09-19T18:45:00Z,2026-09-19T20:45:00+0200,11600.889,MW,NL,NL,forecast_load,Forecasted Load,2026-09-21T07:03:08Z
2026-09-21T07:02:55Z,2026-09-21T09:02:55+0200,3fc58b34-4d81-4d7c-85bd-e7844bf0203b,2026-09-19T19:00:00Z,2026-09-19T21:00:00+0200,11684.805,MW,NL,NL,forecast_load,Forecasted Load,2026-09-21T07:03:08Z
2026-09-21T07:02:55Z,2026-09-21T09:02:55+0200,3fc58b34-4d81-4d7c-85bd-e7844bf0203b,2026-09-19T19:15:00Z,2026-09-19T21:15:00+0200,11773.165,MW,NL,NL,forecast_load,Forecasted Load,2026-09-21T07:03:08Z
2026-09-21T07:02:55Z,2026-09-21T09:02:55+0200,3fc58b34-4d81-4d7c-85bd-e7844bf0203b,2026-09-19T19:30:00Z,2026-09-19T21:30:00+0200,11766.72,MW,NL,NL,forecast_load,Forecasted Load,2026-09-21T07:03:08Z
2026-09-21T07:02:55Z,2026-09-21T09:02:55+0200,3fc58b34-4d81-4d7c-85bd-e7844bf0203b,2026-09-19T19:45:00Z,2026-09-19T21:45:00+0200,11681.63,MW,NL,NL,forecast_load,Forecasted Load,2026-09-21T07:03:08Z
2026-09-21T07:02:55Z,2026-09-21T09:02:55+0200,3fc58b34-4d81-4d7c-85bd-e7844bf0203b,2026-09-19T20:00:00Z,2026-09-19T22:00:00+0200,11664.963,MW,NL,NL,forecast_load,Forecasted Load,2026-09-21T07:03:08Z
2026-09-21T07:02:55Z,2026-09-21T09:02:55+0200,3fc58b34-4d81-4d7c-85bd-e7844bf0203b,2026-09-19T20:15:00Z,2026-09-19T22:15:00+0200,11411.178,MW,NL,NL,forecast_load,Forecasted Load,2026-09-21T07:03:08Z
2026-09-21T07:02:55Z,2026-09-21T09:02:55+0200,3fc58b34-4d81-4d7c-85bd-e7844bf0203b,2026-09-19T20:30:00Z,2026-09-19T22:30:00+0200,11280.392,MW,NL,NL,forecast_load,Forecasted Load,2026-09-21T07:03:08Z
2026-09-21T07:02:55Z,2026-09-21T09:02:55+0200,3fc58b34-4d81-4d7c-85bd-e7844bf0203b,2026-09-19T20:45:00Z,2026-09-19T22:45:00+0200,11152.906,MW,NL,NL,forecast_load,Forecasted Load,2026-09-21T07:03:08Z
2026-09-21T07:02:55Z,2026-09-21T09:02:55+0200,3fc58b34-4d81-4d7c-85bd-e7844bf0203b,2026-09-19T21:00:00Z,2026-09-19T23:00:00+0200,11088.308,MW,NL,NL,forecast_load,Forecasted Load,2026-09-21T07:03:08Z
2026-09-21T07:02:55Z,2026-09-21T09:02:55+0200,3fc58b34-4d81-4d7c-85bd-e7844bf0203b,2026-09-19T21:15:00Z,2026-09-19T23:15:00+0200,10991.639,MW,NL,NL,forecast_load,Forecasted Load,2026-09-21T07:03:08Z
2026-09-21T07:02:55Z,2026-09-21T09:02:55+0200,3fc58b34-4d81-4d7c-85bd-e7844bf0203b,2026-09-19T21:30:00Z,2026-09-19T23:30:00+0200,10885.576,MW,NL,NL,forecast_load,Forecasted Load,2026-09-21T07:03:08Z
2026-09-21T07:02:55Z,2026-09-21T09:02:55+0200,3fc58b34-4d81-4d7c-85bd-e7844bf0203b,2026-09-19T21:45:00Z,2026-09-19T23:45:00+0200,10820.088,MW,NL,NL,forecast_load,Forecasted Load,2026-09-21T07:03:08Z
2026-09-21T07:02:55Z,2026-09-21T09:02:55+0200,3fc58b34-4d81-4d7c-85bd-e7844bf0203b,2026-09-19T22:00:00Z,2026-09-20T00:00:00+0200,11759.335,MW,NL,NL,forecast_load,Forecasted Load,2026-09-21T07:03:08Z
2026-09-21T07:02:55Z,2026-09-21T09:02:55+0200,3fc58b34-4d81-4d7c-85bd-e7844bf0203b,2026-09-19T22:15:00Z,2026-09-20T00:15:00+0200,11733.378,MW,NL,NL,forecast_load,Forecasted Load,2026-09-21T07:03:08Z
2026-09-21T07:02:55Z,2026-09-21T09:02:55+0200,3fc58b34-4d81-4d7c-85bd-e7844bf0203b,2026-09-19T22:30:00Z,2026-09-20T00:30:00+0200,11633.904,MW,NL,NL,forecast_load,Forecasted Load,2026-09-21T07:03:08Z
2026-09-21T07:02:55Z,2026-09-21T09:02:55+0200,3fc58b34-4d81-4d7c-85bd-e7844bf0203b,2026-09-19T22:45:00Z,2026-09-20T00:45:00+0200,11557.697,MW,NL,NL,forecast_load,Forecasted Load,2026-09-21T07:03:08Z
2026-09-21T07:02:55Z,2026-09-21T09:02:55+0200,3fc58b34-4d81-4d7c-85bd-e7844bf0203b,2026-09-19T23:00:00Z,2026-09-20T01:00:00+0200,11548.942,MW,NL,NL,forecast_load,Forecasted Load,2026-09-21T07:03:08Z
2026-09-21T07:02:55Z,2026-09-21T09:02:55+0200,3fc58b34-4d81-4d7c-85bd-e7844bf0203b,2026-09-19T23:15:00Z,2026-09-20T01:15:00+0200,11415.339,MW,NL,NL,forecast_load,Forecasted Load,2026-09-21T07:03:08Z
2026-09-21T07:02:55Z,2026-09-21T09:02:55+0200,3fc58b34-4d81-4d7c-85bd-e7844bf0203b,2026-09-19T23:30:00Z,2026-09-20T01:30:00+0200,11349.037,MW,NL,NL,forecast_load,Forecasted Load,2026-09-21T07:03:08Z
2026-09-21T07:02:55Z,2026-09-21T09:02:55+0200,3fc58b34-4d81-4d7c-85bd-e7844bf0203b,2026-09-19T23:45:00Z,2026-09-20T01:45:00+0200,11236.263,MW,NL,NL,forecast_load,Forecasted Load,2026-09-21T07:03:08Z
2026-09-21T07:02:55Z,2026-09-21T09:02:55+0200,3fc58b34-4d81-4d7c-85bd-e7844bf0203b,2026-09-20T00:00:00Z,2026-09-20T02:00:00+0200,11101.987,MW,NL,NL,forecast_load,Forecasted Load,2026-09-21T07:03:08Z
2026-09-21T07:02:55Z,2026-09-21T09:02:55+0200,3fc58b34-4d81-4d7c-85bd-e7844bf0203b,2026-09-20T00:15:00Z,2026-09-20T02:15:00+0200,11030.795,MW,NL,NL,forecast_load,Forecasted Load,2026-09-21T07:03:08Z
2026-09-21T07:02:55Z,2026-09-21T09:02:55+0200,3fc58b34-4d81-4d7c-85bd-e7844bf0203b,2026-09-20T00:30:00Z,2026-09-20T02:30:00+0200,10945.971,MW,NL,NL,forecast_load,Forecasted Load,2026-09-21T07:03:08Z
2026-09-21T07:02:55Z,2026-09-21T09:02:55+0200,3fc58b34-4d81-4d7c-85bd-e7844bf0203b,2026-09-20T00:45:00Z,2026-09-20T02:45:00+0200,10846.989,MW,NL,NL,forecast_load,Forecasted Load,2026-09-21T07:03:08Z
2026-09-21T07:02:55Z,2026-09-21T09:02:55+0200,3fc58b34-4d81-4d7c-85bd-e7844bf0203b,2026-09-20T01:00:00Z,2026-09-20T03:00:00+0200,10787.14,MW,NL,NL,forecast_load,Forecasted Load,2026-09-21T07:03:08Z
2026-09-21T07:02:55Z,2026-09-21T09:02:55+0200,3fc58b34-4d81-4d7c-85bd-e7844bf0203b,2026-09-20T01:15:00Z,2026-09-20T03:15:00+0200,10680.809,MW,NL,NL,forecast_load,Forecasted Load,2026-09-21T07:03:08Z
2026-09-21T07:02:55Z,2026-09-21T09:02:55+0200,3fc58b34-4d81-4d7c-85bd-e7844bf0203b,2026-09-20T01:30:00Z,2026-09-20T03:30:00+0200,10555.783,MW,NL,NL,forecast_load,Forecasted Load,2026-09-21T07:03:08Z
2026-09-21T07:02:55Z,2026-09-21T09:02:55+0200,3fc58b34-4d81-4d7c-85bd-e7844bf0203b,2026-09-20T01:45:00Z,2026-09-20T03:45:00+0200,10468.021,MW,NL,NL,forecast_load,Forecasted Load,2026-09-21T07:03:08Z
2026-09-21T07:02:55Z,2026-09-21T09:02:55+0200,3fc58b34-4d81-4d7c-85bd-e7844bf0203b,2026-09-20T02:00:00Z,2026-09-20T04:00:00+0200,10371.134,MW,NL,NL,forecast_load,Forecasted Load,2026-09-21T07:03:08Z
2026-09-21T07:02:55Z,2026-09-21T09:02:55+0200,3fc58b34-4d81-4d7c-85bd-e7844bf0203b,2026-09-20T02:15:00Z,2026-09-20T04:15:00+0200,10345.092,MW,NL,NL,forecast_load,Forecasted Load,2026-09-21T07:03:08Z
2026-09-21T07:02:55Z,2026-09-21T09:02:55+0200,3fc58b34-4d81-4d7c-85bd-e7844bf0203b,2026-09-20T02:30:00Z,2026-09-20T04:30:00+0200,10281.391,MW,NL,NL,forecast_load,Forecasted Load,2026-09-21T07:03:08Z
2026-09-21T07:02:55Z,2026-09-21T09:02:55+0200,3fc58b34-4d81-4d7c-85bd-e7844bf0203b,2026-09-20T02:45:00Z,2026-09-20T04:45:00+0200,10213.325,MW,NL,NL,forecast_load,Forecasted Load,2026-09-21T07:03:08Z
2026-09-21T07:02:55Z,2026-09-21T09:02:55+0200,3fc58b34-4d81-4d7c-85bd-e7844bf0203b,2026-09-20T03:00:00Z,2026-09-20T05:00:00+0200,10228.785,MW,NL,NL,forecast_load,Forecasted Load,2026-09-21T07:03:08Z
2026-09-21T07:02:55Z,2026-09-21T09:02:55+0200,3fc58b34-4d81-4d7c-85bd-e7844bf0203b,2026-09-20T03:15:00Z,2026-09-20T05:15:00+0200,10220.097,MW,NL,NL,forecast_load,Forecasted Load,2026-09-21T07:03:08Z
2026-09-21T07:02:55Z,2026-09-21T09:02:55+0200,3fc58b34-4d81-4d7c-85bd-e7844bf0203b,2026-09-20T03:30:00Z,2026-09-20T05:30:00+0200,10209.91,MW,NL,NL,forecast_load,Forecasted Load,2026-09-21T07:03:08Z
2026-09-21T07:02:55Z,2026-09-21T09:02:55+0200,3fc58b34-4d81-4d7c-85bd-e7844bf0203b,2026-09-20T03:45:00Z,2026-09-20T05:45:00+0200,10228.985,MW,NL,NL,forecast_load,Forecasted Load,2026-09-21T07:03:08Z
2026-09-21T07:02:55Z,2026-09-21T09:02:55+0200,3fc58b34-4d81-4d7c-85bd-e7844bf0203b,2026-09-20T04:00:00Z,2026-09-20T06:00:00+0200,10194.634,MW,NL,NL,forecast_load,Forecasted Load,2026-09-21T07:03:08Z
2026-09-21T07:02:55Z,2026-09-21T09:02:55+0200,3fc58b34-4d81-4d7c-85bd-e7844bf0203b,2026-09-20T04:15:00Z,2026-09-20T06:15:00+0200,10138.786,MW,NL,NL,forecast_load,Forecasted Load,2026-09-21T07:03:08Z
2026-09-21T07:02:55Z,2026-09-21T09:02:55+0200,3fc58b34-4d81-4d7c-85bd-e7844bf0203b,2026-09-20T04:30:00Z,2026-09-20T06:30:00+0200,10140.752,MW,NL,NL,forecast_load,Forecasted Load,2026-09-21T07:03:08Z
2026-09-21T07:02:55Z,2026-09-21T09:02:55+0200,3fc58b34-4d81-4d7c-85bd-e7844bf0203b,2026-09-20T04:45:00Z,2026-09-20T06:45:00+0200,10157.256,MW,NL,NL,forecast_load,Forecasted Load,2026-09-21T07:03:08Z
2026-09-21T07:02:55Z,2026-09-21T09:02:55+0200,3fc58b34-4d81-4d7c-85bd-e7844bf0203b,2026-09-20T05:00:00Z,2026-09-20T07:00:00+0200,10241.201,MW,NL,NL,forecast_load,Forecasted Load,2026-09-21T07:03:08Z
2026-09-21T07:02:55Z,2026-09-21T09:02:55+0200,3fc58b34-4d81-4d7c-85bd-e7844bf0203b,2026-09-20T05:15:00Z,2026-09-20T07:15:00+0200,10315.758,MW,NL,NL,forecast_load,Forecasted Load,2026-09-21T07:03:08Z
2026-09-21T07:02:55Z,2026-09-21T09:02:55+0200,3fc58b34-4d81-4d7c-85bd-e7844bf0203b,2026-09-20T05:30:00Z,2026-09-20T07:30:00+0200,10379.081,MW,NL,NL,forecast_load,Forecasted Load,2026-09-21T07:03:08Z
2026-09-21T07:02:55Z,2026-09-21T09:02:55+0200,3fc58b34-4d81-4d7c-85bd-e7844bf0203b,2026-09-20T05:45:00Z,2026-09-20T07:45:00+0200,10452.05,MW,NL,NL,forecast_load,Forecasted Load,2026-09-21T07:03:08Z
2026-09-21T07:02:55Z,2026-09-21T09:02:55+0200,3fc58b34-4d81-4d7c-85bd-e7844bf0203b,2026-09-20T06:00:00Z,2026-09-20T08:00:00+0200,10586.784,MW,NL,NL,forecast_load,Forecasted Load,2026-09-21T07:03:08Z
2026-09-21T07:02:55Z,2026-09-21T09:02:55+0200,3fc58b34-4d81-4d7c-85bd-e7844bf0203b,2026-09-20T06:15:00Z,2026-09-20T08:15:00+0200,10738.553,MW,NL,NL,forecast_load,Forecasted Load,2026-09-21T07:03:08Z
2026-09-21T07:02:55Z,2026-09-21T09:02:55+0200,3fc58b34-4d81-4d7c-85bd-e7844bf0203b,2026-09-20T06:30:00Z,2026-09-20T08:30:00+0200,10813.643,MW,NL,NL,forecast_load,Forecasted Load,2026-09-21T07:03:08Z
2026-09-21T07:02:55Z,2026-09-21T09:02:55+0200,3fc58b34-4d81-4d7c-85bd-e7844bf0203b,2026-09-20T06:45:00Z,2026-09-20T08:45:00+0200,10999.074,MW,NL,NL,forecast_load,Forecasted Load,2026-09-21T07:03:08Z
2026-09-21T07:02:55Z,2026-09-21T09:02:55+0200,3fc58b34-4d81-4d7c-85bd-e7844bf0203b,2026-09-20T07:00:00Z,2026-09-20T09:00:00+0200,11152.977,MW,NL,NL,forecast_load,Forecasted Load,2026-09-21T07:03:08Z
2026-09-21T07:02:55Z,2026-09-21T09:02:55+0200,3fc58b34-4d81-4d7c-85bd-e7844bf0203b,2026-09-20T07:15:00Z,2026-09-20T09:15:00+0200,11224.117,MW,NL,NL,forecast_load,Forecasted Load,2026-09-21T07:03:08Z
2026-09-21T07:02:55Z,2026-09-21T09:02:55+0200,3fc58b34-4d81-4d7c-85bd-e7844bf0203b,2026-09-20T07:30:00Z,2026-09-20T09:30:00+0200,11420.045,MW,NL,NL,forecast_load,Forecasted Load,2026-09-21T07:03:08Z
2026-09-21T07:02:55Z,2026-09-21T09:02:55+0200,3fc58b34-4d81-4d7c-85bd-e7844bf0203b,2026-09-20T07:45:00Z,2026-09-20T09:45:00+0200,11393.013,MW,NL,NL,forecast_load,Forecasted Load,2026-09-21T07:03:08Z
2026-09-21T07:02:55Z,2026-09-21T09:02:55+0200,3fc58b34-4d81-4d7c-85bd-e7844bf0203b,2026-09-20T08:00:00Z,2026-09-20T10:00:00+0200,11328.677,MW,NL,NL,forecast_load,Forecasted Load,2026-09-21T07:03:08Z
2026-09-21T07:02:55Z,2026-09-21T09:02:55+0200,3fc58b34-4d81-4d7c-85bd-e7844bf0203b,2026-09-20T08:15:00Z,2026-09-20T10:15:00+0200,11519.946,MW,NL,NL,forecast_load,Forecasted Load,2026-09-21T07:03:08Z
2026-09-21T07:02:55Z,2026-09-21T09:02:55+0200,3fc58b34-4d81-4d7c-85bd-e7844bf0203b,2026-09-20T08:30:00Z,2026-09-20T10:30:00+0200,11695.936,MW,NL,NL,forecast_load,Forecasted Load,2026-09-21T07:03:08Z
2026-09-21T07:02:55Z,2026-09-21T09:02:55+0200,3fc58b34-4d81-4d7c-85bd-e7844bf0203b,2026-09-20T08:45:00Z,2026-09-20T10:45:00+0200,11778.63,MW,NL,NL,forecast_load,Forecasted Load,2026-09-21T07:03:08Z
2026-09-21T07:02:55Z,2026-09-21T09:02:55+0200,3fc58b34-4d81-4d7c-85bd-e7844bf0203b,2026-09-20T09:00:00Z,2026-09-20T11:00:00+0200,11854.697,MW,NL,NL,forecast_load,Forecasted Load,2026-09-21T07:03:08Z
2026-09-21T07:02:55Z,2026-09-21T09:02:55+0200,3fc58b34-4d81-4d7c-85bd-e7844bf0203b,2026-09-20T09:15:00Z,2026-09-20T11:15:00+0200,11957.391,MW,NL,NL,forecast_load,Forecasted Load,2026-09-21T07:03:08Z
2026-09-21T07:02:55Z,2026-09-21T09:02:55+0200,3fc58b34-4d81-4d7c-85bd-e7844bf0203b,2026-09-20T09:30:00Z,2026-09-20T11:30:00+0200,11949.421,MW,NL,NL,forecast_load,Forecasted Load,2026-09-21T07:03:08Z
2026-09-21T07:02:55Z,2026-09-21T09:02:55+0200,3fc58b34-4d81-4d7c-85bd-e7844bf0203b,2026-09-20T09:45:00Z,2026-09-20T11:45:00+0200,11969.547,MW,NL,NL,forecast_load,Forecasted Load,2026-09-21T07:03:08Z
2026-09-21T07:02:55Z,2026-09-21T09:02:55+0200,3fc58b34-4d81-4d7c-85bd-e7844bf0203b,2026-09-20T10:00:00Z,2026-09-20T12:00:00+0200,12157.693,MW,NL,NL,forecast_load,Forecasted Load,2026-09-21T07:03:08Z
2026-09-21T07:02:55Z,2026-09-21T09:02:55+0200,3fc58b34-4d81-4d7c-85bd-e7844bf0203b,2026-09-20T10:15:00Z,2026-09-20T12:15:00+0200,12099.919,MW,NL,NL,forecast_load,Forecasted Load,2026-09-21T07:03:08Z
2026-09-21T07:02:55Z,2026-09-21T09:02:55+0200,3fc58b34-4d81-4d7c-85bd-e7844bf0203b,2026-09-20T10:30:00Z,2026-09-20T12:30:00+0200,12181.315,MW,NL,NL,forecast_load,Forecasted Load,2026-09-21T07:03:08Z
2026-09-21T07:02:55Z,2026-09-21T09:02:55+0200,3fc58b34-4d81-4d7c-85bd-e7844bf0203b,2026-09-20T10:45:00Z,2026-09-20T12:45:00+0200,12302.841,MW,NL,NL,forecast_load,Forecasted Load,2026-09-21T07:03:08Z
2026-09-21T07:02:55Z,2026-09-21T09:02:55+0200,3fc58b34-4d81-4d7c-85bd-e7844bf0203b,2026-09-20T11:00:00Z,2026-09-20T13:00:00+0200,12158.18,MW,NL,NL,forecast_load,Forecasted Load,2026-09-21T07:03:08Z
2026-09-21T07:02:55Z,2026-09-21T09:02:55+0200,3fc58b34-4d81-4d7c-85bd-e7844bf0203b,2026-09-20T11:15:00Z,2026-09-20T13:15:00+0200,12078.593,MW,NL,NL,forecast_load,Forecasted Load,2026-09-21T07:03:08Z
2026-09-21T07:02:55Z,2026-09-21T09:02:55+0200,3fc58b34-4d81-4d7c-85bd-e7844bf0203b,2026-09-20T11:30:00Z,2026-09-20T13:30:00+0200,12024.131,MW,NL,NL,forecast_load,Forecasted Load,2026-09-21T07:03:08Z
2026-09-21T07:02:55Z,2026-09-21T09:02:55+0200,3fc58b34-4d81-4d7c-85bd-e7844bf0203b,2026-09-20T11:45:00Z,2026-09-20T13:45:00+0200,11937.136,MW,NL,NL,forecast_load,Forecasted Load,2026-09-21T07:03:08Z
2026-09-21T07:02:55Z,2026-09-21T09:02:55+0200,3fc58b34-4d81-4d7c-85bd-e7844bf0203b,2026-09-20T12:00:00Z,2026-09-20T14:00:00+0200,11706.637,MW,NL,NL,forecast_load,Forecasted Load,2026-09-21T07:03:08Z
2026-09-21T07:02:55Z,2026-09-21T09:02:55+0200,3fc58b34-4d81-4d7c-85bd-e7844bf0203b,2026-09-20T12:15:00Z,2026-09-20T14:15:00+0200,11489.317,MW,NL,NL,forecast_load,Forecasted Load,2026-09-21T07:03:08Z
2026-09-21T07:02:55Z,2026-09-21T09:02:55+0200,3fc58b34-4d81-4d7c-85bd-e7844bf0203b,2026-09-20T12:30:00Z,2026-09-20T14:30:00+0200,11320.535,MW,NL,NL,forecast_load,Forecasted Load,2026-09-21T07:03:08Z
2026-09-21T07:02:55Z,2026-09-21T09:02:55+0200,3fc58b34-4d81-4d7c-85bd-e7844bf0203b,2026-09-20T12:45:00Z,2026-09-20T14:45:00+0200,11249.771,MW,NL,NL,forecast_load,Forecasted Load,2026-09-21T07:03:08Z
2026-09-21T07:02:55Z,2026-09-21T09:02:55+0200,3fc58b34-4d81-4d7c-85bd-e7844bf0203b,2026-09-20T13:00:00Z,2026-09-20T15:00:00+0200,11155.64,MW,NL,NL,forecast_load,Forecasted Load,2026-09-21T07:03:08Z
2026-09-21T07:02:55Z,2026-09-21T09:02:55+0200,3fc58b34-4d81-4d7c-85bd-e7844bf0203b,2026-09-20T13:15:00Z,2026-09-20T15:15:00+0200,11012.139,MW,NL,NL,forecast_load,Forecasted Load,2026-09-21T07:03:08Z
2026-09-21T07:02:55Z,2026-09-21T09:02:55+0200,3fc58b34-4d81-4d7c-85bd-e7844bf0203b,2026-09-20T13:30:00Z,2026-09-20T15:30:00+0200,10884.535,MW,NL,NL,forecast_load,Forecasted Load,2026-09-21T07:03:08Z
2026-09-21T07:02:55Z,2026-09-21T09:02:55+0200,3fc58b34-4d81-4d7c-85bd-e7844bf0203b,2026-09-20T13:45:00Z,2026-09-20T15:45:00+0200,10738.384,MW,NL,NL,forecast_load,Forecasted Load,2026-09-21T07:03:08Z
2026-09-21T07:02:55Z,2026-09-21T09:02:55+0200,3fc58b34-4d81-4d7c-85bd-e7844bf0203b,2026-09-20T14:00:00Z,2026-09-20T16:00:00+0200,10605.336,MW,NL,NL,forecast_load,Forecasted Load,2026-09-21T07:03:08Z
2026-09-21T07:02:55Z,2026-09-21T09:02:55+0200,3fc58b34-4d81-4d7c-85bd-e7844bf0203b,2026-09-20T14:15:00Z,2026-09-20T16:15:00+0200,10822.097,MW,NL,NL,forecast_load,Forecasted Load,2026-09-21T07:03:08Z
2026-09-21T07:02:55Z,2026-09-21T09:02:55+0200,3fc58b34-4d81-4d7c-85bd-e7844bf0203b,2026-09-20T14:30:00Z,2026-09-20T16:30:00+0200,10730.835,MW,NL,NL,forecast_load,Forecasted Load,2026-09-21T07:03:08Z
2026-09-21T07:02:55Z,2026-09-21T09:02:55+0200,3fc58b34-4d81-4d7c-85bd-e7844bf0203b,2026-09-20T14:45:00Z,2026-09-20T16:45:00+0200,10806.055,MW,NL,NL,forecast_load,Forecasted Load,2026-09-21T07:03:08Z
2026-09-21T07:02:55Z,2026-09-21T09:02:55+0200,3fc58b34-4d81-4d7c-85bd-e7844bf0203b,2026-09-20T15:00:00Z,2026-09-20T17:00:00+0200,10920.055,MW,NL,NL,forecast_load,Forecasted Load,2026-09-21T07:03:08Z
2026-09-21T07:02:55Z,2026-09-21T09:02:55+0200,3fc58b34-4d81-4d7c-85bd-e7844bf0203b,2026-09-20T15:15:00Z,2026-09-20T17:15:00+0200,10962.879,MW,NL,NL,forecast_load,Forecasted Load,2026-09-21T07:03:08Z
2026-09-21T07:02:55Z,2026-09-21T09:02:55+0200,3fc58b34-4d81-4d7c-85bd-e7844bf0203b,2026-09-20T15:30:00Z,2026-09-20T17:30:00+0200,11288.22,MW,NL,NL,forecast_load,Forecasted Load,2026-09-21T07:03:08Z
2026-09-21T07:02:55Z,2026-09-21T09:02:55+0200,3fc58b34-4d81-4d7c-85bd-e7844bf0203b,2026-09-20T15:45:00Z,2026-09-20T17:45:00+0200,11877.029,MW,NL,NL,forecast_load,Forecasted Load,2026-09-21T07:03:08Z
2026-09-21T07:02:55Z,2026-09-21T09:02:55+0200,3fc58b34-4d81-4d7c-85bd-e7844bf0203b,2026-09-20T16:00:00Z,2026-09-20T18:00:00+0200,12040.441,MW,NL,NL,forecast_load,Forecasted Load,2026-09-21T07:03:08Z
2026-09-21T07:02:55Z,2026-09-21T09:02:55+0200,3fc58b34-4d81-4d7c-85bd-e7844bf0203b,2026-09-20T16:15:00Z,2026-09-20T18:15:00+0200,12094.741,MW,NL,NL,forecast_load,Forecasted Load,2026-09-21T07:03:08Z
2026-09-21T07:02:55Z,2026-09-21T09:02:55+0200,3fc58b34-4d81-4d7c-85bd-e7844bf0203b,2026-09-20T16:30:00Z,2026-09-20T18:30:00+0200,12187.216,MW,NL,NL,forecast_load,Forecasted Load,2026-09-21T07:03:08Z
2026-09-21T07:02:55Z,2026-09-21T09:02:55+0200,3fc58b34-4d81-4d7c-85bd-e7844bf0203b,2026-09-20T16:45:00Z,2026-09-20T18:45:00+0200,12434.977,MW,NL,NL,forecast_load,Forecasted Load,2026-09-21T07:03:08Z
2026-09-21T07:02:55Z,2026-09-21T09:02:55+0200,3fc58b34-4d81-4d7c-85bd-e7844bf0203b,2026-09-20T17:00:00Z,2026-09-20T19:00:00+0200,12498.62,MW,NL,NL,forecast_load,Forecasted Load,2026-09-21T07:03:08Z
2026-09-21T07:02:55Z,2026-09-21T09:02:55+0200,3fc58b34-4d81-4d7c-85bd-e7844bf0203b,2026-09-20T17:15:00Z,2026-09-20T19:15:00+0200,12560.516,MW,NL,NL,forecast_load,Forecasted Load,2026-09-21T07:03:08Z
2026-09-21T07:02:55Z,2026-09-21T09:02:55+0200,3fc58b34-4d81-4d7c-85bd-e7844bf0203b,2026-09-20T17:30:00Z,2026-09-20T19:30:00+0200,12640.516,MW,NL,NL,forecast_load,Forecasted Load,2026-09-21T07:03:08Z
2026-09-21T07:02:55Z,2026-09-21T09:02:55+0200,3fc58b34-4d81-4d7c-85bd-e7844bf0203b,2026-09-20T17:45:00Z,2026-09-20T19:45:00+0200,12708.124,MW,NL,NL,forecast_load,Forecasted Load,2026-09-21T07:03:08Z
2026-09-21T07:02:55Z,2026-09-21T09:02:55+0200,3fc58b34-4d81-4d7c-85bd-e7844bf0203b,2026-09-20T18:00:00Z,2026-09-20T20:00:00+0200,12662.68,MW,NL,NL,forecast_load,Forecasted Load,2026-09-21T07:03:08Z
2026-09-21T07:02:55Z,2026-09-21T09:02:55+0200,3fc58b34-4d81-4d7c-85bd-e7844bf0203b,2026-09-20T18:15:00Z,2026-09-20T20:15:00+0200,12778.507,MW,NL,NL,forecast_load,Forecasted Load,2026-09-21T07:03:08Z
2026-09-21T07:02:55Z,2026-09-21T09:02:55+0200,3fc58b34-4d81-4d7c-85bd-e7844bf0203b,2026-09-20T18:30:00Z,2026-09-20T20:30:00+0200,12874.934,MW,NL,NL,forecast_load,Forecasted Load,2026-09-21T07:03:08Z
2026-09-21T07:02:55Z,2026-09-21T09:02:55+0200,3fc58b34-4d81-4d7c-85bd-e7844bf0203b,2026-09-20T18:45:00Z,2026-09-20T20:45:00+0200,12903.462,MW,NL,NL,forecast_load,Forecasted Load,2026-09-21T07:03:08Z
2026-09-21T07:02:55Z,2026-09-21T09:02:55+0200,3fc58b34-4d81-4d7c-85bd-e7844bf0203b,2026-09-20T19:00:00Z,2026-09-20T21:00:00+0200,12908.658,MW,NL,NL,forecast_load,Forecasted Load,2026-09-21T07:03:08Z
2026-09-21T07:02:55Z,2026-09-21T09:02:55+0200,3fc58b34-4d81-4d7c-85bd-e7844bf0203b,2026-09-20T19:15:00Z,2026-09-20T21:15:00+0200,12876.534,MW,NL,NL,forecast_load,Forecasted Load,2026-09-21T07:03:08Z
2026-09-21T07:02:55Z,2026-09-21T09:02:55+0200,3fc58b34-4d81-4d7c-85bd-e7844bf0203b,2026-09-20T19:30:00Z,2026-09-20T21:30:00+0200,12843.831,MW,NL,NL,forecast_load,Forecasted Load,2026-09-21T07:03:08Z
2026-09-21T07:02:55Z,2026-09-21T09:02:55+0200,3fc58b34-4d81-4d7c-85bd-e7844bf0203b,2026-09-20T19:45:00Z,2026-09-20T21:45:00+0200,12903.034,MW,NL,NL,forecast_load,Forecasted Load,2026-09-21T07:03:08Z
2026-09-21T07:02:55Z,2026-09-21T09:02:55+0200,3fc58b34-4d81-4d7c-85bd-e7844bf0203b,2026-09-20T20:00:00Z,2026-09-20T22:00:00+0200,12889.21,MW,NL,NL,forecast_load,Forecasted Load,2026-09-21T07:03:08Z
2026-09-21T07:02:55Z,2026-09-21T09:02:55+0200,3fc58b34-4d81-4d7c-85bd-e7844bf0203b,2026-09-20T20:15:00Z,2026-09-20T22:15:00+0200,12807.86,MW,NL,NL,forecast_load,Forecasted Load,2026-09-21T07:03:08Z
2026-09-21T07:02:55Z,2026-09-21T09:02:55+0200,3fc58b34-4d81-4d7c-85bd-e7844bf0203b,2026-09-20T20:30:00Z,2026-09-20T22:30:00+0200,12799.841,MW,NL,NL,forecast_load,Forecasted Load,2026-09-21T07:03:08Z
2026-09-21T07:02:55Z,2026-09-21T09:02:55+0200,3fc58b34-4d81-4d7c-85bd-e7844bf0203b,2026-09-20T20:45:00Z,2026-09-20T22:45:00+0200,12717.471,MW,NL,NL,forecast_load,Forecasted Load,2026-09-21T07:03:08Z
2026-09-21T07:02:55Z,2026-09-21T09:02:55+0200,3fc58b34-4d81-4d7c-85bd-e7844bf0203b,2026-09-20T21:00:00Z,2026-09-20T23:00:00+0200,12627.279,MW,NL,NL,forecast_load,Forecasted Load,2026-09-21T07:03:08Z
2026-09-21T07:02:55Z,2026-09-21T09:02:55+0200,3fc58b34-4d81-4d7c-85bd-e7844bf0203b,2026-09-20T21:15:00Z,2026-09-20T23:15:00+0200,12481.934,MW,NL,NL,forecast_load,Forecasted Load,2026-09-21T07:03:08Z
2026-09-21T07:02:55Z,2026-09-21T09:02:55+0200,3fc58b34-4d81-4d7c-85bd-e7844bf0203b,2026-09-20T21:30:00Z,2026-09-20T23:30:00+0200,12407.591,MW,NL,NL,forecast_load,Forecasted Load,2026-09-21T07:03:08Z
2026-09-21T07:02:55Z,2026-09-21T09:02:55+0200,3fc58b34-4d81-4d7c-85bd-e7844bf0203b,2026-09-20T21:45:00Z,2026-09-20T23:45:00+0200,12194.413,MW,NL,NL,forecast_load,Forecasted Load,2026-09-21T07:03:08Z
2026-09-21T07:02:55Z,2026-09-21T09:02:55+0200,3fc58b34-4d81-4d7c-85bd-e7844bf0203b,2026-09-20T22:00:00Z,2026-09-21T00:00:00+0200,11113.939,MW,NL,NL,forecast_load,Forecasted Load,2026-09-21T07:03:08Z
2026-09-21T07:02:55Z,2026-09-21T09:02:55+0200,3fc58b34-4d81-4d7c-85bd-e7844bf0203b,2026-09-20T22:15:00Z,2026-09-21T00:15:00+0200,11254.636,MW,NL,NL,forecast_load,Forecasted Load,2026-09-21T07:03:08Z
2026-09-21T07:02:55Z,2026-09-21T09:02:55+0200,3fc58b34-4d81-4d7c-85bd-e7844bf0203b,2026-09-20T22:30:00Z,2026-09-21T00:30:00+0200,11227.394,MW,NL,NL,forecast_load,Forecasted Load,2026-09-21T07:03:08Z
2026-09-21T07:02:55Z,2026-09-21T09:02:55+0200,3fc58b34-4d81-4d7c-85bd-e7844bf0203b,2026-09-20T22:45:00Z,2026-09-21T00:45:00+0200,11146.039,MW,NL,NL,forecast_load,Forecasted Load,2026-09-21T07:03:08Z
2026-09-21T07:02:55Z,2026-09-21T09:02:55+0200,3fc58b34-4d81-4d7c-85bd-e7844bf0203b,2026-09-20T23:00:00Z,2026-09-21T01:00:00+0200,11217.548,MW,NL,NL,forecast_load,Forecasted Load,2026-09-21T07:03:08Z
2026-09-21T07:02:55Z,2026-09-21T09:02:55+0200,3fc58b34-4d81-4d7c-85bd-e7844bf0203b,2026-09-20T23:15:00Z,2026-09-21T01:15:00+0200,11194.033,MW,NL,NL,forecast_load,Forecasted Load,2026-09-21T07:03:08Z
2026-09-21T07:02:55Z,2026-09-21T09:02:55+0200,3fc58b34-4d81-4d7c-85bd-e7844bf0203b,2026-09-20T23:30:00Z,2026-09-21T01:30:00+0200,11130.832,MW,NL,NL,forecast_load,Forecasted Load,2026-09-21T07:03:08Z
2026-09-21T07:02:55Z,2026-09-21T09:02:55+0200,3fc58b34-4d81-4d7c-85bd-e7844bf0203b,2026-09-20T23:45:00Z,2026-09-21T01:45:00+0200,11149.282,MW,NL,NL,forecast_load,Forecasted Load,2026-09-21T07:03:08Z
2026-09-21T07:02:55Z,2026-09-21T09:02:55+0200,3fc58b34-4d81-4d7c-85bd-e7844bf0203b,2026-09-21T00:00:00Z,2026-09-21T02:00:00+0200,11233.424,MW,NL,NL,forecast_load,Forecasted Load,2026-09-21T07:03:08Z
2026-09-21T07:02:55Z,2026-09-21T09:02:55+0200,3fc58b34-4d81-4d7c-85bd-e7844bf0203b,2026-09-21T00:15:00Z,2026-09-21T02:15:00+0200,11204.776,MW,NL,NL,forecast_load,Forecasted Load,2026-09-21T07:03:08Z
2026-09-21T07:02:55Z,2026-09-21T09:02:55+0200,3fc58b34-4d81-4d7c-85bd-e7844bf0203b,2026-09-21T00:30:00Z,2026-09-21T02:30:00+0200,11220.937,MW,NL,NL,forecast_load,Forecasted Load,2026-09-21T07:03:08Z
2026-09-21T07:02:55Z,2026-09-21T09:02:55+0200,3fc58b34-4d81-4d7c-85bd-e7844bf0203b,2026-09-21T00:45:00Z,2026-09-21T02:45:00+0200,11332.127,MW,NL,NL,forecast_load,Forecasted Load,2026-09-21T07:03:08Z
2026-09-21T07:02:55Z,2026-09-21T09:02:55+0200,3fc58b34-4d81-4d7c-85bd-e7844bf0203b,2026-09-21T01:00:00Z,2026-09-21T03:00:00+0200,11368.085,MW,NL,NL,forecast_load,Forecasted Load,2026-09-21T07:03:08Z
2026-09-21T07:02:55Z,2026-09-21T09:02:55+0200,3fc58b34-4d81-4d7c-85bd-e7844bf0203b,2026-09-21T01:15:00Z,2026-09-21T03:15:00+0200,11211.012,MW,NL,NL,forecast_load,Forecasted Load,2026-09-21T07:03:08Z
2026-09-21T07:02:55Z,2026-09-21T09:02:55+0200,3fc58b34-4d81-4d7c-85bd-e7844bf0203b,2026-09-21T01:30:00Z,2026-09-21T03:30:00+0200,11177.587,MW,NL,NL,forecast_load,Forecasted Load,2026-09-21T07:03:08Z
2026-09-21T07:02:55Z,2026-09-21T09:02:55+0200,3fc58b34-4d81-4d7c-85bd-e7844bf0203b,2026-09-21T01:45:00Z,2026-09-21T03:45:00+0200,11166.521,MW,NL,NL,forecast_load,Forecasted Load,2026-09-21T07:03:08Z
2026-09-21T07:02:55Z,2026-09-21T09:02:55+0200,3fc58b34-4d81-4d7c-85bd-e7844bf0203b,2026-09-21T02:00:00Z,2026-09-21T04:00:00+0200,11230.858,MW,NL,NL,forecast_load,Forecasted Load,2026-09-21T07:03:08Z
2026-09-21T07:02:55Z,2026-09-21T09:02:55+0200,3fc58b34-4d81-4d7c-85bd-e7844bf0203b,2026-09-21T02:15:00Z,2026-09-21T04:15:00+0200,11289.329,MW,NL,NL,forecast_load,Forecasted Load,2026-09-21T07:03:08Z
2026-09-21T07:02:55Z,2026-09-21T09:02:55+0200,3fc58b34-4d81-4d7c-85bd-e7844bf0203b,2026-09-21T02:30:00Z,2026-09-21T04:30:00+0200,11276.912,MW,NL,NL,forecast_load,Forecasted Load,2026-09-21T07:03:08Z
2026-09-21T07:02:55Z,2026-09-21T09:02:55+0200,3fc58b34-4d81-4d7c-85bd-e7844bf0203b,2026-09-21T02:45:00Z,2026-09-21T04:45:00+0200,11260.893,MW,NL,NL,forecast_load,Forecasted Load,2026-09-21T07:03:08Z
2026-09-21T07:02:55Z,2026-09-21T09:02:55+0200,3fc58b34-4d81-4d7c-85bd-e7844bf0203b,2026-09-21T03:00:00Z,2026-09-21T05:00:00+0200,11157.882,MW,NL,NL,forecast_load,Forecasted Load,2026-09-21T07:03:08Z
2026-09-21T07:02:55Z,2026-09-21T09:02:55+0200,3fc58b34-4d81-4d7c-85bd-e7844bf0203b,2026-09-21T03:15:00Z,2026-09-21T05:15:00+0200,11185.575,MW,NL,NL,forecast_load,Forecasted Load,2026-09-21T07:03:08Z
2026-09-21T07:02:55Z,2026-09-21T09:02:55+0200,3fc58b34-4d81-4d7c-85bd-e7844bf0203b,2026-09-21T03:30:00Z,2026-09-21T05:30:00+0200,11158.635,MW,NL,NL,forecast_load,Forecasted Load,2026-09-21T07:03:08Z
2026-09-21T07:02:55Z,2026-09-21T09:02:55+0200,3fc58b34-4d81-4d7c-85bd-e7844bf0203b,2026-09-21T03:45:00Z,2026-09-21T05:45:00+0200,11193.857,MW,NL,NL,forecast_load,Forecasted Load,2026-09-21T07:03:08Z
2026-09-21T07:02:55Z,2026-09-21T09:02:55+0200,3fc58b34-4d81-4d7c-85bd-e7844bf0203b,2026-09-21T04:00:00Z,2026-09-21T06:00:00+0200,11267.042,MW,NL,NL,forecast_load,Forecasted Load,2026-09-21T07:03:08Z
2026-09-21T07:02:55Z,2026-09-21T09:02:55+0200,3fc58b34-4d81-4d7c-85bd-e7844bf0203b,2026-09-21T04:15:00Z,2026-09-21T06:15:00+0200,11493.147,MW,NL,NL,forecast_load,Forecasted Load,2026-09-21T07:03:08Z
2026-09-21T07:02:55Z,2026-09-21T09:02:55+0200,3fc58b34-4d81-4d7c-85bd-e7844bf0203b,2026-09-21T04:30:00Z,2026-09-21T06:30:00+0200,11621.135,MW,NL,NL,forecast_load,Forecasted Load,2026-09-21T07:03:08Z
2026-09-21T07:02:55Z,2026-09-21T09:02:55+0200,3fc58b34-4d81-4d7c-85bd-e7844bf0203b,2026-09-21T04:45:00Z,2026-09-21T06:45:00+0200,11772.292,MW,NL,NL,forecast_load,Forecasted Load,2026-09-21T07:03:08Z
2026-09-21T07:02:55Z,2026-09-21T09:02:55+0200,3fc58b34-4d81-4d7c-85bd-e7844bf0203b,2026-09-21T05:00:00Z,2026-09-21T07:00:00+0200,11994.331,MW,NL,NL,forecast_load,Forecasted Load,2026-09-21T07:03:08Z
2026-09-21T07:02:55Z,2026-09-21T09:02:55+0200,3fc58b34-4d81-4d7c-85bd-e7844bf0203b,2026-09-21T05:15:00Z,2026-09-21T07:15:00+0200,12103.588,MW,NL,NL,forecast_load,Forecasted Load,2026-09-21T07:03:08Z
2026-09-21T07:02:55Z,2026-09-21T09:02:55+0200,3fc58b34-4d81-4d7c-85bd-e7844bf0203b,2026-09-21T05:30:00Z,2026-09-21T07:30:00+0200,12223.734,MW,NL,NL,forecast_load,Forecasted Load,2026-09-21T07:03:08Z
2026-09-21T07:02:55Z,2026-09-21T09:02:55+0200,3fc58b34-4d81-4d7c-85bd-e7844bf0203b,2026-09-21T05:45:00Z,2026-09-21T07:45:00+0200,12432.508,MW,NL,NL,forecast_load,Forecasted Load,2026-09-21T07:03:08Z
2026-09-21T07:02:55Z,2026-09-21T09:02:55+0200,3fc58b34-4d81-4d7c-85bd-e7844bf0203b,2026-09-21T06:00:00Z,2026-09-21T08:00:00+0200,12679.177,MW,NL,NL,forecast_load,Forecasted Load,2026-09-21T07:03:08Z
2026-09-21T07:02:55Z,2026-09-21T09:02:55+0200,3fc58b34-4d81-4d7c-85bd-e7844bf0203b,2026-09-21T06:15:00Z,2026-09-21T08:15:00+0200,12699.199,MW,NL,NL,forecast_load,Forecasted Load,2026-09-21T07:03:08Z
2026-09-21T07:02:55Z,2026-09-21T09:02:55+0200,3fc58b34-4d81-4d7c-85bd-e7844bf0203b,2026-09-21T06:30:00Z,2026-09-21T08:30:00+0200,12664.683,MW,NL,NL,forecast_load,Forecasted Load,2026-09-21T07:03:08Z
2026-09-21T07:02:55Z,2026-09-21T09:02:55+0200,3fc58b34-4d81-4d7c-85bd-e7844bf0203b,2026-09-21T06:45:00Z,2026-09-21T08:45:00+0200,12511.204,MW,NL,NL,forecast_load,Forecasted Load,2026-09-21T07:03:08Z
2026-09-21T07:02:55Z,2026-09-21T09:02:55+0200,3fc58b34-4d81-4d7c-85bd-e7844bf0203b,2026-09-21T07:15:00Z,2026-09-21T09:15:00+0200,12101.956,MW,NL,NL,forecast_load,Forecasted Load,2026-09-21T07:03:12Z
2026-09-21T07:02:55Z,2026-09-21T09:02:55+0200,3fc58b34-4d81-4d7c-85bd-e7844bf0203b,2026-09-21T07:30:00Z,2026-09-21T09:30:00+0200,11846.338,MW,NL,NL,forecast_load,Forecasted Load,2026-09-21T07:03:12Z
2026-09-21T07:02:55Z,2026-09-21T09:02:55+0200,3fc58b34-4d81-4d7c-85bd-e7844bf0203b,2026-09-21T07:45:00Z,2026-09-21T09:45:00+0200,11607.622,MW,NL,NL,forecast_load,Forecasted Load,2026-09-21T07:03:12Z
2026-09-21T07:02:55Z,2026-09-21T09:02:55+0200,3fc58b34-4d81-4d7c-85bd-e7844bf0203b,2026-09-21T08:00:00Z,2026-09-21T10:00:00+0200,11256.691,MW,NL,NL,forecast_load,Forecasted Load,2026-09-21T07:03:12Z
2026-09-21T07:02:55Z,2026-09-21T09:02:55+0200,3fc58b34-4d81-4d7c-85bd-e7844bf0203b,2026-09-21T08:15:00Z,2026-09-21T10:15:00+0200,10785.952,MW,NL,NL,forecast_load,Forecasted Load,2026-09-21T07:03:12Z
2026-09-21T07:02:55Z,2026-09-21T09:02:55+0200,3fc58b34-4d81-4d7c-85bd-e7844bf0203b,2026-09-21T08:30:00Z,2026-09-21T10:30:00+0200,10439.495,MW,NL,NL,forecast_load,Forecasted Load,2026-09-21T07:03:12Z
2026-09-21T07:02:55Z,2026-09-21T09:02:55+0200,3fc58b34-4d81-4d7c-85bd-e7844bf0203b,2026-09-21T08:45:00Z,2026-09-21T10:45:00+0200,10245.591,MW,NL,NL,forecast_load,Forecasted Load,2026-09-21T07:03:12Z
2026-09-21T07:02:55Z,2026-09-21T09:02:55+0200,3fc58b34-4d81-4d7c-85bd-e7844bf0203b,2026-09-21T09:00:00Z,2026-09-21T11:00:00+0200,10143.995,MW,NL,NL,forecast_load,Forecasted Load,2026-09-21T07:03:12Z
2026-09-21T07:02:55Z,2026-09-21T09:02:55+0200,3fc58b34-4d81-4d7c-85bd-e7844bf0203b,2026-09-21T09:15:00Z,2026-09-21T11:15:00+0200,9873.392,MW,NL,NL,forecast_load,Forecasted Load,2026-09-21T07:03:12Z
2026-09-21T07:02:55Z,2026-09-21T09:02:55+0200,3fc58b34-4d81-4d7c-85bd-e7844bf0203b,2026-09-21T09:30:00Z,2026-09-21T11:30:00+0200,9690.189,MW,NL,NL,forecast_load,Forecasted Load,2026-09-21T07:03:12Z
2026-09-21T07:02:55Z,2026-09-21T09:02:55+0200,3fc58b34-4d81-4d7c-85bd-e7844bf0203b,2026-09-21T09:45:00Z,2026-09-21T11:45:00+0200,9617.147,MW,NL,NL,forecast_load,Forecasted Load,2026-09-21T07:03:12Z
2026-09-21T07:02:55Z,2026-09-21T09:02:55+0200,3fc58b34-4d81-4d7c-85bd-e7844bf0203b,2026-09-21T10:00:00Z,2026-09-21T12:00:00+0200,9466.629,MW,NL,NL,forecast_load,Forecasted Load,2026-09-21T07:03:12Z
2026-09-21T07:02:55Z,2026-09-21T09:02:55+0200,3fc58b34-4d81-4d7c-85bd-e7844bf0203b,2026-09-21T10:15:00Z,2026-09-21T12:15:00+0200,9236.869,MW,NL,NL,forecast_load,Forecasted Load,2026-09-21T07:03:12Z
2026-09-21T07:02:55Z,2026-09-21T09:02:55+0200,3fc58b34-4d81-4d7c-85bd-e7844bf0203b,2026-09-21T10:30:00Z,2026-09-21T12:30:00+0200,9146.393,MW,NL,NL,forecast_load,Forecasted Load,2026-09-21T07:03:12Z
2026-09-21T07:02:55Z,2026-09-21T09:02:55+0200,3fc58b34-4d81-4d7c-85bd-e7844bf0203b,2026-09-21T10:45:00Z,2026-09-21T12:45:00+0200,8993.083,MW,NL,NL,forecast_load,Forecasted Load,2026-09-21T07:03:12Z
2026-09-21T07:02:55Z,2026-09-21T09:02:55+0200,3fc58b34-4d81-4d7c-85bd-e7844bf0203b,2026-09-21T11:00:00Z,2026-09-21T13:00:00+0200,8912.95,MW,NL,NL,forecast_load,Forecasted Load,2026-09-21T07:03:12Z
2026-09-21T07:02:55Z,2026-09-21T09:02:55+0200,3fc58b34-4d81-4d7c-85bd-e7844bf0203b,2026-09-21T11:15:00Z,2026-09-21T13:15:00+0200,8880.648,MW,NL,NL,forecast_load,Forecasted Load,2026-09-21T07:03:12Z
2026-09-21T07:02:55Z,2026-09-21T09:02:55+0200,3fc58b34-4d81-4d7c-85bd-e7844bf0203b,2026-09-21T11:30:00Z,2026-09-21T13:30:00+0200,8901.348,MW,NL,NL,forecast_load,Forecasted Load,2026-09-21T07:03:12Z
2026-09-21T07:02:55Z,2026-09-21T09:02:55+0200,3fc58b34-4d81-4d7c-85bd-e7844bf0203b,2026-09-21T11:45:00Z,2026-09-21T13:45:00+0200,8814.433,MW,NL,NL,forecast_load,Forecasted Load,2026-09-21T07:03:12Z
2026-09-21T07:02:55Z,2026-09-21T09:02:55+0200,3fc58b34-4d81-4d7c-85bd-e7844bf0203b,2026-09-21T12:00:00Z,2026-09-21T14:00:00+0200,8900.047,MW,NL,NL,forecast_load,Forecasted Load,2026-09-21T07:03:12Z
2026-09-21T07:02:55Z,2026-09-21T09:02:55+0200,3fc58b34-4d81-4d7c-85bd-e7844bf0203b,2026-09-21T12:15:00Z,2026-09-21T14:15:00+0200,8983.853,MW,NL,NL,forecast_load,Forecasted Load,2026-09-21T07:03:12Z
2026-09-21T07:02:55Z,2026-09-21T09:02:55+0200,3fc58b34-4d81-4d7c-85bd-e7844bf0203b,2026-09-21T12:30:00Z,2026-09-21T14:30:00+0200,9082.392,MW,NL,NL,forecast_load,Forecasted Load,2026-09-21T07:03:12Z
2026-09-21T07:02:55Z,2026-09-21T09:02:55+0200,3fc58b34-4d81-4d7c-85bd-e7844bf0203b,2026-09-21T12:45:00Z,2026-09-21T14:45:00+0200,9197.764,MW,NL,NL,forecast_load,Forecasted Load,2026-09-21T07:03:12Z
2026-09-21T07:02:55Z,2026-09-21T09:02:55+0200,3fc58b34-4d81-4d7c-85bd-e7844bf0203b,2026-09-21T13:00:00Z,2026-09-21T15:00:00+0200,9296.559,MW,NL,NL,forecast_load,Forecasted Load,2026-09-21T07:03:12Z
2026-09-21T07:02:55Z,2026-09-21T09:02:55+0200,3fc58b34-4d81-4d7c-85bd-e7844bf0203b,2026-09-21T13:15:00Z,2026-09-21T15:15:00+0200,9333.49,MW,NL,NL,forecast_load,Forecasted Load,2026-09-21T07:03:12Z
2026-09-21T07:02:55Z,2026-09-21T09:02:55+0200,3fc58b34-4d81-4d7c-85bd-e7844bf0203b,2026-09-21T13:30:00Z,2026-09-21T15:30:00+0200,9511.642,MW,NL,NL,forecast_load,Forecasted Load,2026-09-21T07:03:12Z
2026-09-21T07:02:55Z,2026-09-21T09:02:55+0200,3fc58b34-4d81-4d7c-85bd-e7844bf0203b,2026-09-21T13:45:00Z,2026-09-21T15:45:00+0200,9741.287,MW,NL,NL,forecast_load,Forecasted Load,2026-09-21T07:03:12Z
2026-09-21T07:02:55Z,2026-09-21T09:02:55+0200,3fc58b34-4d81-4d7c-85bd-e7844bf0203b,2026-09-21T14:00:00Z,2026-09-21T16:00:00+0200,9951.0,MW,NL,NL,forecast_load,Forecasted Load,2026-09-21T07:03:12Z
2026-09-21T07:02:55Z,2026-09-21T09:02:55+0200,3fc58b34-4d81-4d7c-85bd-e7844bf0203b,2026-09-21T14:15:00Z,2026-09-21T16:15:00+0200,10176.409,MW,NL,NL,forecast_load,Forecasted Load,2026-09-21T07:03:12Z
2026-09-21T07:02:55Z,2026-09-21T09:02:55+0200,3fc58b34-4d81-4d7c-85bd-e7844bf0203b,2026-09-21T14:30:00Z,2026-09-21T16:30:00+0200,10532.057,MW,NL,NL,forecast_load,Forecasted Load,2026-09-21T07:03:12Z
2026-09-21T07:02:55Z,2026-09-21T09:02:55+0200,3fc58b34-4d81-4d7c-85bd-e7844bf0203b,2026-09-21T14:45:00Z,2026-09-21T16:45:00+0200,10921.255,MW,NL,NL,forecast_load,Forecasted Load,2026-09-21T07:03:12Z
2026-09-21T07:02:55Z,2026-09-21T09:02:55+0200,3fc58b34-4d81-4d7c-85bd-e7844bf0203b,2026-09-21T15:00:00Z,2026-09-21T17:00:00+0200,11191.887,MW,NL,NL,forecast_load,Forecasted Load,2026-09-21T07:03:12Z
2026-09-21T07:02:55Z,2026-09-21T09:02:55+0200,3fc58b34-4d81-4d7c-85bd-e7844bf0203b,2026-09-21T15:15:00Z,2026-09-21T17:15:00+0200,11611.926,MW,NL,NL,forecast_load,Forecasted Load,2026-09-21T07:03:12Z
2026-09-21T07:02:55Z,2026-09-21T09:02:55+0200,3fc58b34-4d81-4d7c-85bd-e7844bf0203b,2026-09-21T15:30:00Z,2026-09-21T17:30:00+0200,12038.166,MW,NL,NL,forecast_load,Forecasted Load,2026-09-21T07:03:12Z
2026-09-21T07:02:55Z,2026-09-21T09:02:55+0200,3fc58b34-4d81-4d7c-85bd-e7844bf0203b,2026-09-21T15:45:00Z,2026-09-21T17:45:00+0200,12326.802,MW,NL,NL,forecast_load,Forecasted Load,2026-09-21T07:03:12Z
2026-09-21T07:02:55Z,2026-09-21T09:02:55+0200,3fc58b34-4d81-4d7c-85bd-e7844bf0203b,2026-09-21T16:00:00Z,2026-09-21T18:00:00+0200,12480.827,MW,NL,NL,forecast_load,Forecasted Load,2026-09-21T07:03:12Z
2026-09-21T07:02:55Z,2026-09-21T09:02:55+0200,3fc58b34-4d81-4d7c-85bd-e7844bf0203b,2026-09-21T16:15:00Z,2026-09-21T18:15:00+0200,12486.55,MW,NL,NL,forecast_load,Forecasted Load,2026-09-21T07:03:12Z
2026-09-21T07:02:55Z,2026-09-21T09:02:55+0200,3fc58b34-4d81-4d7c-85bd-e7844bf0203b,2026-09-21T16:30:00Z,2026-09-21T18:30:00+0200,12617.826,MW,NL,NL,forecast_load,Forecasted Load,2026-09-21T07:03:12Z
2026-09-21T07:02:55Z,2026-09-21T09:02:55+0200,3fc58b34-4d81-4d7c-85bd-e7844bf0203b,2026-09-21T16:45:00Z,2026-09-21T18:45:00+0200,12701.679,MW,NL,NL,forecast_load,Forecasted Load,2026-09-21T07:03:12Z
2026-09-21T07:02:55Z,2026-09-21T09:02:55+0200,3fc58b34-4d81-4d7c-85bd-e7844bf0203b,2026-09-21T17:00:00Z,2026-09-21T19:00:00+0200,12655.582,MW,NL,NL,forecast_load,Forecasted Load,2026-09-21T07:03:12Z
2026-09-21T07:02:55Z,2026-09-21T09:02:55+0200,3fc58b34-4d81-4d7c-85bd-e7844bf0203b,2026-09-21T17:15:00Z,2026-09-21T19:15:00+0200,12770.573,MW,NL,NL,forecast_load,Forecasted Load,2026-09-21T07:03:12Z
2026-09-21T07:02:55Z,2026-09-21T09:02:55+0200,3fc58b34-4d81-4d7c-85bd-e7844bf0203b,2026-09-21T17:30:00Z,2026-09-21T19:30:00+0200,12825.827,MW,NL,NL,forecast_load,Forecasted Load,2026-09-21T07:03:12Z
2026-09-21T07:02:55Z,2026-09-21T09:02:55+0200,3fc58b34-4d81-4d7c-85bd-e7844bf0203b,2026-09-21T17:45:00Z,2026-09-21T19:45:00+0200,12831.809,MW,NL,NL,forecast_load,Forecasted Load,2026-09-21T07:03:12Z
2026-09-21T07:02:55Z,2026-09-21T09:02:55+0200,3fc58b34-4d81-4d7c-85bd-e7844bf0203b,2026-09-21T18:00:00Z,2026-09-21T20:00:00+0200,12788.545,MW,NL,NL,forecast_load,Forecasted Load,2026-09-21T07:03:12Z
2026-09-21T07:02:55Z,2026-09-21T09:02:55+0200,3fc58b34-4d81-4d7c-85bd-e7844bf0203b,2026-09-21T18:15:00Z,2026-09-21T20:15:00+0200,12846.996,MW,NL,NL,forecast_load,Forecasted Load,2026-09-21T07:03:12Z
2026-09-21T07:02:55Z,2026-09-21T09:02:55+0200,3fc58b34-4d81-4d7c-85bd-e7844bf0203b,2026-09-21T18:30:00Z,2026-09-21T20:30:00+0200,12961.07,MW,NL,NL,forecast_load,Forecasted Load,2026-09-21T07:03:12Z
2026-09-21T07:02:55Z,2026-09-21T09:02:55+0200,3fc58b34-4d81-4d7c-85bd-e7844bf0203b,2026-09-21T18:45:00Z,2026-09-21T20:45:00+0200,12958.326,MW,NL,NL,forecast_load,Forecasted Load,2026-09-21T07:03:12Z
2026-09-21T07:02:55Z,2026-09-21T09:02:55+0200,3fc58b34-4d81-4d7c-85bd-e7844bf0203b,2026-09-21T19:00:00Z,2026-09-21T21:00:00+0200,12928.073,MW,NL,NL,forecast_load,Forecasted Load,2026-09-21T07:03:12Z
2026-09-21T07:02:55Z,2026-09-21T09:02:55+0200,3fc58b34-4d81-4d7c-85bd-e7844bf0203b,2026-09-21T19:15:00Z,2026-09-21T21:15:00+0200,12756.673,MW,NL,NL,forecast_load,Forecasted Load,2026-09-21T07:03:12Z
2026-09-21T07:02:55Z,2026-09-21T09:02:55+0200,3fc58b34-4d81-4d7c-85bd-e7844bf0203b,2026-09-21T19:30:00Z,2026-09-21T21:30:00+0200,12567.073,MW,NL,NL,forecast_load,Forecasted Load,2026-09-21T07:03:12Z
2026-09-21T07:02:55Z,2026-09-21T09:02:55+0200,3fc58b34-4d81-4d7c-85bd-e7844bf0203b,2026-09-21T19:45:00Z,2026-09-21T21:45:00+0200,12524.259,MW,NL,NL,forecast_load,Forecasted Load,2026-09-21T07:03:12Z
2026-09-21T07:02:55Z,2026-09-21T09:02:55+0200,3fc58b34-4d81-4d7c-85bd-e7844bf0203b,2026-09-21T20:00:00Z,2026-09-21T22:00:00+0200,12463.906,MW,NL,NL,forecast_load,Forecasted Load,2026-09-21T07:03:12Z
2026-09-21T07:02:55Z,2026-09-21T09:02:55+0200,3fc58b34-4d81-4d7c-85bd-e7844bf0203b,2026-09-21T20:15:00Z,2026-09-21T22:15:00+0200,12237.261,MW,NL,NL,forecast_load,Forecasted Load,2026-09-21T07:03:12Z
2026-09-21T07:02:55Z,2026-09-21T09:02:55+0200,3fc58b34-4d81-4d7c-85bd-e7844bf0203b,2026-09-21T20:30:00Z,2026-09-21T22:30:00+0200,12108.151,MW,NL,NL,forecast_load,Forecasted Load,2026-09-21T07:03:12Z
2026-09-21T07:02:55Z,2026-09-21T09:02:55+0200,3fc58b34-4d81-4d7c-85bd-e7844bf0203b,2026-09-21T20:45:00Z,2026-09-21T22:45:00+0200,11933.909,MW,NL,NL,forecast_load,Forecasted Load,2026-09-21T07:03:12Z
2026-09-21T07:02:55Z,2026-09-21T09:02:55+0200,3fc58b34-4d81-4d7c-85bd-e7844bf0203b,2026-09-21T21:00:00Z,2026-09-21T23:00:00+0200,11780.532,MW,NL,NL,forecast_load,Forecasted Load,2026-09-21T07:03:12Z
2026-09-21T07:02:55Z,2026-09-21T09:02:55+0200,3fc58b34-4d81-4d7c-85bd-e7844bf0203b,2026-09-21T21:15:00Z,2026-09-21T23:15:00+0200,11802.574,MW,NL,NL,forecast_load,Forecasted Load,2026-09-21T07:03:12Z
2026-09-21T07:02:55Z,2026-09-21T09:02:55+0200,3fc58b34-4d81-4d7c-85bd-e7844bf0203b,2026-09-21T21:30:00Z,2026-09-21T23:30:00+0200,11733.192,MW,NL,NL,forecast_load,Forecasted Load,2026-09-21T07:03:12Z
2026-09-21T07:02:55Z,2026-09-21T09:02:55+0200,3fc58b34-4d81-4d7c-85bd-e7844bf0203b,2026-09-21T21:45:00Z,2026-09-21T23:45:00+0200,11606.204,MW,NL,NL,forecast_load,Forecasted Load,2026-09-21T07:03:12Z
