collection_time_utc,collection_time_local,run_id,timestamp_utc,timestamp_local,value,unit,country,entsoe_area,variable,source,updated_at_utc
2026-06-27T15:46:33Z,2026-06-27T17:46:33+0200,4e541c53-98a3-4782-9d6d-b4c701b81d28,2026-05-27T16:00:00Z,2026-05-27T18:00:00+0200,426.73,MW,FR,FR,actual_offshore_wind_generation,Wind Offshore | Actual Aggregated,2026-06-27T15:47:42Z
2026-06-27T15:46:33Z,2026-06-27T17:46:33+0200,4e541c53-98a3-4782-9d6d-b4c701b81d28,2026-05-27T16:15:00Z,2026-05-27T18:15:00+0200,411.78,MW,FR,FR,actual_offshore_wind_generation,Wind Offshore | Actual Aggregated,2026-06-27T15:47:42Z
2026-06-27T15:46:33Z,2026-06-27T17:46:33+0200,4e541c53-98a3-4782-9d6d-b4c701b81d28,2026-05-27T16:30:00Z,2026-05-27T18:30:00+0200,386.51,MW,FR,FR,actual_offshore_wind_generation,Wind Offshore | Actual Aggregated,2026-06-27T15:47:42Z
2026-06-27T15:46:33Z,2026-06-27T17:46:33+0200,4e541c53-98a3-4782-9d6d-b4c701b81d28,2026-05-27T16:45:00Z,2026-05-27T18:45:00+0200,370.23,MW,FR,FR,actual_offshore_wind_generation,Wind Offshore | Actual Aggregated,2026-06-27T15:47:42Z
2026-06-27T15:46:33Z,2026-06-27T17:46:33+0200,4e541c53-98a3-4782-9d6d-b4c701b81d28,2026-05-27T17:00:00Z,2026-05-27T19:00:00+0200,384.5,MW,FR,FR,actual_offshore_wind_generation,Wind Offshore | Actual Aggregated,2026-06-27T15:47:42Z
2026-06-27T15:46:33Z,2026-06-27T17:46:33+0200,4e541c53-98a3-4782-9d6d-b4c701b81d28,2026-05-27T17:15:00Z,2026-05-27T19:15:00+0200,385.63,MW,FR,FR,actual_offshore_wind_generation,Wind Offshore | Actual Aggregated,2026-06-27T15:47:42Z
2026-06-27T15:46:33Z,2026-06-27T17:46:33+0200,4e541c53-98a3-4782-9d6d-b4c701b81d28,2026-05-27T17:30:00Z,2026-05-27T19:30:00+0200,366.95,MW,FR,FR,actual_offshore_wind_generation,Wind Offshore | Actual Aggregated,2026-06-27T15:47:42Z
2026-06-27T15:46:33Z,2026-06-27T17:46:33+0200,4e541c53-98a3-4782-9d6d-b4c701b81d28,2026-05-27T17:45:00Z,2026-05-27T19:45:00+0200,344.11,MW,FR,FR,actual_offshore_wind_generation,Wind Offshore | Actual Aggregated,2026-06-27T15:47:42Z
2026-06-27T15:46:33Z,2026-06-27T17:46:33+0200,4e541c53-98a3-4782-9d6d-b4c701b81d28,2026-05-27T18:00:00Z,2026-05-27T20:00:00+0200,352.49,MW,FR,FR,actual_offshore_wind_generation,Wind Offshore | Actual Aggregated,2026-06-27T15:47:42Z
2026-06-27T15:46:33Z,2026-06-27T17:46:33+0200,4e541c53-98a3-4782-9d6d-b4c701b81d28,2026-05-27T18:15:00Z,2026-05-27T20:15:00+0200,395.6,MW,FR,FR,actual_offshore_wind_generation,Wind Offshore | Actual Aggregated,2026-06-27T15:47:42Z
2026-06-27T15:46:33Z,2026-06-27T17:46:33+0200,4e541c53-98a3-4782-9d6d-b4c701b81d28,2026-05-27T18:30:00Z,2026-05-27T20:30:00+0200,394.29,MW,FR,FR,actual_offshore_wind_generation,Wind Offshore | Actual Aggregated,2026-06-27T15:47:42Z
2026-06-27T15:46:33Z,2026-06-27T17:46:33+0200,4e541c53-98a3-4782-9d6d-b4c701b81d28,2026-05-27T18:45:00Z,2026-05-27T20:45:00+0200,339.24,MW,FR,FR,actual_offshore_wind_generation,Wind Offshore | Actual Aggregated,2026-06-27T15:47:42Z
2026-06-27T15:46:33Z,2026-06-27T17:46:33+0200,4e541c53-98a3-4782-9d6d-b4c701b81d28,2026-05-27T19:00:00Z,2026-05-27T21:00:00+0200,265.1,MW,FR,FR,actual_offshore_wind_generation,Wind Offshore | Actual Aggregated,2026-06-27T15:47:42Z
2026-06-27T15:46:33Z,2026-06-27T17:46:33+0200,4e541c53-98a3-4782-9d6d-b4c701b81d28,2026-05-27T19:15:00Z,2026-05-27T21:15:00+0200,224.62,MW,FR,FR,actual_offshore_wind_generation,Wind Offshore | Actual Aggregated,2026-06-27T15:47:42Z
2026-06-27T15:46:33Z,2026-06-27T17:46:33+0200,4e541c53-98a3-4782-9d6d-b4c701b81d28,2026-05-27T19:30:00Z,2026-05-27T21:30:00+0200,194.98,MW,FR,FR,actual_offshore_wind_generation,Wind Offshore | Actual Aggregated,2026-06-27T15:47:42Z
2026-06-27T15:46:33Z,2026-06-27T17:46:33+0200,4e541c53-98a3-4782-9d6d-b4c701b81d28,2026-05-27T19:45:00Z,2026-05-27T21:45:00+0200,202.27,MW,FR,FR,actual_offshore_wind_generation,Wind Offshore | Actual Aggregated,2026-06-27T15:47:42Z
2026-06-27T15:46:33Z,2026-06-27T17:46:33+0200,4e541c53-98a3-4782-9d6d-b4c701b81d28,2026-05-27T20:00:00Z,2026-05-27T22:00:00+0200,216.34,MW,FR,FR,actual_offshore_wind_generation,Wind Offshore | Actual Aggregated,2026-06-27T15:47:42Z
2026-06-27T15:46:33Z,2026-06-27T17:46:33+0200,4e541c53-98a3-4782-9d6d-b4c701b81d28,2026-05-27T20:15:00Z,2026-05-27T22:15:00+0200,223.09,MW,FR,FR,actual_offshore_wind_generation,Wind Offshore | Actual Aggregated,2026-06-27T15:47:42Z
2026-06-27T15:46:33Z,2026-06-27T17:46:33+0200,4e541c53-98a3-4782-9d6d-b4c701b81d28,2026-05-27T20:30:00Z,2026-05-27T22:30:00+0200,218.96,MW,FR,FR,actual_offshore_wind_generation,Wind Offshore | Actual Aggregated,2026-06-27T15:47:42Z
2026-06-27T15:46:33Z,2026-06-27T17:46:33+0200,4e541c53-98a3-4782-9d6d-b4c701b81d28,2026-05-27T20:45:00Z,2026-05-27T22:45:00+0200,220.77,MW,FR,FR,actual_offshore_wind_generation,Wind Offshore | Actual Aggregated,2026-06-27T15:47:42Z
2026-06-27T15:46:33Z,2026-06-27T17:46:33+0200,4e541c53-98a3-4782-9d6d-b4c701b81d28,2026-05-27T21:00:00Z,2026-05-27T23:00:00+0200,172.1,MW,FR,FR,actual_offshore_wind_generation,Wind Offshore | Actual Aggregated,2026-06-27T15:47:42Z
2026-06-27T15:46:33Z,2026-06-27T17:46:33+0200,4e541c53-98a3-4782-9d6d-b4c701b81d28,2026-05-27T21:15:00Z,2026-05-27T23:15:00+0200,128.77,MW,FR,FR,actual_offshore_wind_generation,Wind Offshore | Actual Aggregated,2026-06-27T15:47:42Z
2026-06-27T15:46:33Z,2026-06-27T17:46:33+0200,4e541c53-98a3-4782-9d6d-b4c701b81d28,2026-05-27T21:30:00Z,2026-05-27T23:30:00+0200,117.82,MW,FR,FR,actual_offshore_wind_generation,Wind Offshore | Actual Aggregated,2026-06-27T15:47:42Z
2026-06-27T15:46:33Z,2026-06-27T17:46:33+0200,4e541c53-98a3-4782-9d6d-b4c701b81d28,2026-05-27T21:45:00Z,2026-05-27T23:45:00+0200,110.95,MW,FR,FR,actual_offshore_wind_generation,Wind Offshore | Actual Aggregated,2026-06-27T15:47:42Z
2026-06-27T15:46:33Z,2026-06-27T17:46:33+0200,4e541c53-98a3-4782-9d6d-b4c701b81d28,2026-05-27T22:00:00Z,2026-05-28T00:00:00+0200,114.24,MW,FR,FR,actual_offshore_wind_generation,Wind Offshore | Actual Aggregated,2026-06-27T15:47:42Z
2026-06-27T15:46:33Z,2026-06-27T17:46:33+0200,4e541c53-98a3-4782-9d6d-b4c701b81d28,2026-05-27T22:15:00Z,2026-05-28T00:15:00+0200,142.65,MW,FR,FR,actual_offshore_wind_generation,Wind Offshore | Actual Aggregated,2026-06-27T15:47:42Z
2026-06-27T15:46:33Z,2026-06-27T17:46:33+0200,4e541c53-98a3-4782-9d6d-b4c701b81d28,2026-05-27T22:30:00Z,2026-05-28T00:30:00+0200,160.62,MW,FR,FR,actual_offshore_wind_generation,Wind Offshore | Actual Aggregated,2026-06-27T15:47:42Z
2026-06-27T15:46:33Z,2026-06-27T17:46:33+0200,4e541c53-98a3-4782-9d6d-b4c701b81d28,2026-05-27T22:45:00Z,2026-05-28T00:45:00+0200,171.54,MW,FR,FR,actual_offshore_wind_generation,Wind Offshore | Actual Aggregated,2026-06-27T15:47:42Z
2026-06-27T15:46:33Z,2026-06-27T17:46:33+0200,4e541c53-98a3-4782-9d6d-b4c701b81d28,2026-05-27T23:00:00Z,2026-05-28T01:00:00+0200,182.87,MW,FR,FR,actual_offshore_wind_generation,Wind Offshore | Actual Aggregated,2026-06-27T15:47:42Z
2026-06-27T15:46:33Z,2026-06-27T17:46:33+0200,4e541c53-98a3-4782-9d6d-b4c701b81d28,2026-05-27T23:15:00Z,2026-05-28T01:15:00+0200,196.94,MW,FR,FR,actual_offshore_wind_generation,Wind Offshore | Actual Aggregated,2026-06-27T15:47:42Z
2026-06-27T15:46:33Z,2026-06-27T17:46:33+0200,4e541c53-98a3-4782-9d6d-b4c701b81d28,2026-05-27T23:30:00Z,2026-05-28T01:30:00+0200,209.58,MW,FR,FR,actual_offshore_wind_generation,Wind Offshore | Actual Aggregated,2026-06-27T15:47:42Z
2026-06-27T15:46:33Z,2026-06-27T17:46:33+0200,4e541c53-98a3-4782-9d6d-b4c701b81d28,2026-05-27T23:45:00Z,2026-05-28T01:45:00+0200,203.34,MW,FR,FR,actual_offshore_wind_generation,Wind Offshore | Actual Aggregated,2026-06-27T15:47:42Z
2026-06-27T15:46:33Z,2026-06-27T17:46:33+0200,4e541c53-98a3-4782-9d6d-b4c701b81d28,2026-05-28T00:00:00Z,2026-05-28T02:00:00+0200,180.43,MW,FR,FR,actual_offshore_wind_generation,Wind Offshore | Actual Aggregated,2026-06-27T15:47:42Z
2026-06-27T15:46:33Z,2026-06-27T17:46:33+0200,4e541c53-98a3-4782-9d6d-b4c701b81d28,2026-05-28T00:15:00Z,2026-05-28T02:15:00+0200,168.27,MW,FR,FR,actual_offshore_wind_generation,Wind Offshore | Actual Aggregated,2026-06-27T15:47:42Z
2026-06-27T15:46:33Z,2026-06-27T17:46:33+0200,4e541c53-98a3-4782-9d6d-b4c701b81d28,2026-05-28T00:30:00Z,2026-05-28T02:30:00+0200,179.18,MW,FR,FR,actual_offshore_wind_generation,Wind Offshore | Actual Aggregated,2026-06-27T15:47:42Z
2026-06-27T15:46:33Z,2026-06-27T17:46:33+0200,4e541c53-98a3-4782-9d6d-b4c701b81d28,2026-05-28T00:45:00Z,2026-05-28T02:45:00+0200,165.25,MW,FR,FR,actual_offshore_wind_generation,Wind Offshore | Actual Aggregated,2026-06-27T15:47:42Z
2026-06-27T15:46:33Z,2026-06-27T17:46:33+0200,4e541c53-98a3-4782-9d6d-b4c701b81d28,2026-05-28T01:00:00Z,2026-05-28T03:00:00+0200,167.24,MW,FR,FR,actual_offshore_wind_generation,Wind Offshore | Actual Aggregated,2026-06-27T15:47:42Z
2026-06-27T15:46:33Z,2026-06-27T17:46:33+0200,4e541c53-98a3-4782-9d6d-b4c701b81d28,2026-05-28T01:15:00Z,2026-05-28T03:15:00+0200,178.95,MW,FR,FR,actual_offshore_wind_generation,Wind Offshore | Actual Aggregated,2026-06-27T15:47:42Z
2026-06-27T15:46:33Z,2026-06-27T17:46:33+0200,4e541c53-98a3-4782-9d6d-b4c701b81d28,2026-05-28T01:30:00Z,2026-05-28T03:30:00+0200,185.19,MW,FR,FR,actual_offshore_wind_generation,Wind Offshore | Actual Aggregated,2026-06-27T15:47:42Z
2026-06-27T15:46:33Z,2026-06-27T17:46:33+0200,4e541c53-98a3-4782-9d6d-b4c701b81d28,2026-05-28T01:45:00Z,2026-05-28T03:45:00+0200,179.71,MW,FR,FR,actual_offshore_wind_generation,Wind Offshore | Actual Aggregated,2026-06-27T15:47:42Z
2026-06-27T15:46:33Z,2026-06-27T17:46:33+0200,4e541c53-98a3-4782-9d6d-b4c701b81d28,2026-05-28T02:00:00Z,2026-05-28T04:00:00+0200,176.32,MW,FR,FR,actual_offshore_wind_generation,Wind Offshore | Actual Aggregated,2026-06-27T15:47:42Z
2026-06-27T15:46:33Z,2026-06-27T17:46:33+0200,4e541c53-98a3-4782-9d6d-b4c701b81d28,2026-05-28T02:15:00Z,2026-05-28T04:15:00+0200,165.22,MW,FR,FR,actual_offshore_wind_generation,Wind Offshore | Actual Aggregated,2026-06-27T15:47:42Z
2026-06-27T15:46:33Z,2026-06-27T17:46:33+0200,4e541c53-98a3-4782-9d6d-b4c701b81d28,2026-05-28T02:30:00Z,2026-05-28T04:30:00+0200,164.05,MW,FR,FR,actual_offshore_wind_generation,Wind Offshore | Actual Aggregated,2026-06-27T15:47:42Z
2026-06-27T15:46:33Z,2026-06-27T17:46:33+0200,4e541c53-98a3-4782-9d6d-b4c701b81d28,2026-05-28T02:45:00Z,2026-05-28T04:45:00+0200,171.42,MW,FR,FR,actual_offshore_wind_generation,Wind Offshore | Actual Aggregated,2026-06-27T15:47:42Z
2026-06-27T15:46:33Z,2026-06-27T17:46:33+0200,4e541c53-98a3-4782-9d6d-b4c701b81d28,2026-05-28T03:00:00Z,2026-05-28T05:00:00+0200,168.15,MW,FR,FR,actual_offshore_wind_generation,Wind Offshore | Actual Aggregated,2026-06-27T15:47:42Z
2026-06-27T15:46:33Z,2026-06-27T17:46:33+0200,4e541c53-98a3-4782-9d6d-b4c701b81d28,2026-05-28T03:15:00Z,2026-05-28T05:15:00+0200,176.76,MW,FR,FR,actual_offshore_wind_generation,Wind Offshore | Actual Aggregated,2026-06-27T15:47:42Z
2026-06-27T15:46:33Z,2026-06-27T17:46:33+0200,4e541c53-98a3-4782-9d6d-b4c701b81d28,2026-05-28T03:30:00Z,2026-05-28T05:30:00+0200,189.73,MW,FR,FR,actual_offshore_wind_generation,Wind Offshore | Actual Aggregated,2026-06-27T15:47:42Z
2026-06-27T15:46:33Z,2026-06-27T17:46:33+0200,4e541c53-98a3-4782-9d6d-b4c701b81d28,2026-05-28T03:45:00Z,2026-05-28T05:45:00+0200,197.28,MW,FR,FR,actual_offshore_wind_generation,Wind Offshore | Actual Aggregated,2026-06-27T15:47:42Z
2026-06-27T15:46:33Z,2026-06-27T17:46:33+0200,4e541c53-98a3-4782-9d6d-b4c701b81d28,2026-05-28T04:00:00Z,2026-05-28T06:00:00+0200,188.21,MW,FR,FR,actual_offshore_wind_generation,Wind Offshore | Actual Aggregated,2026-06-27T15:47:42Z
2026-06-27T15:46:33Z,2026-06-27T17:46:33+0200,4e541c53-98a3-4782-9d6d-b4c701b81d28,2026-05-28T04:15:00Z,2026-05-28T06:15:00+0200,190.48,MW,FR,FR,actual_offshore_wind_generation,Wind Offshore | Actual Aggregated,2026-06-27T15:47:42Z
2026-06-27T15:46:33Z,2026-06-27T17:46:33+0200,4e541c53-98a3-4782-9d6d-b4c701b81d28,2026-05-28T04:30:00Z,2026-05-28T06:30:00+0200,189.55,MW,FR,FR,actual_offshore_wind_generation,Wind Offshore | Actual Aggregated,2026-06-27T15:47:42Z
2026-06-27T15:46:33Z,2026-06-27T17:46:33+0200,4e541c53-98a3-4782-9d6d-b4c701b81d28,2026-05-28T04:45:00Z,2026-05-28T06:45:00+0200,201.02,MW,FR,FR,actual_offshore_wind_generation,Wind Offshore | Actual Aggregated,2026-06-27T15:47:42Z
2026-06-27T15:46:33Z,2026-06-27T17:46:33+0200,4e541c53-98a3-4782-9d6d-b4c701b81d28,2026-05-28T05:00:00Z,2026-05-28T07:00:00+0200,230.25,MW,FR,FR,actual_offshore_wind_generation,Wind Offshore | Actual Aggregated,2026-06-27T15:47:42Z
2026-06-27T15:46:33Z,2026-06-27T17:46:33+0200,4e541c53-98a3-4782-9d6d-b4c701b81d28,2026-05-28T05:15:00Z,2026-05-28T07:15:00+0200,233.35,MW,FR,FR,actual_offshore_wind_generation,Wind Offshore | Actual Aggregated,2026-06-27T15:47:42Z
2026-06-27T15:46:33Z,2026-06-27T17:46:33+0200,4e541c53-98a3-4782-9d6d-b4c701b81d28,2026-05-28T05:30:00Z,2026-05-28T07:30:00+0200,235.52,MW,FR,FR,actual_offshore_wind_generation,Wind Offshore | Actual Aggregated,2026-06-27T15:47:42Z
2026-06-27T15:46:33Z,2026-06-27T17:46:33+0200,4e541c53-98a3-4782-9d6d-b4c701b81d28,2026-05-28T05:45:00Z,2026-05-28T07:45:00+0200,247.48,MW,FR,FR,actual_offshore_wind_generation,Wind Offshore | Actual Aggregated,2026-06-27T15:47:42Z
2026-06-27T15:46:33Z,2026-06-27T17:46:33+0200,4e541c53-98a3-4782-9d6d-b4c701b81d28,2026-05-28T06:00:00Z,2026-05-28T08:00:00+0200,256.59,MW,FR,FR,actual_offshore_wind_generation,Wind Offshore | Actual Aggregated,2026-06-27T15:47:42Z
2026-06-27T15:46:33Z,2026-06-27T17:46:33+0200,4e541c53-98a3-4782-9d6d-b4c701b81d28,2026-05-28T06:15:00Z,2026-05-28T08:15:00+0200,253.16,MW,FR,FR,actual_offshore_wind_generation,Wind Offshore | Actual Aggregated,2026-06-27T15:47:42Z
2026-06-27T15:46:33Z,2026-06-27T17:46:33+0200,4e541c53-98a3-4782-9d6d-b4c701b81d28,2026-05-28T06:30:00Z,2026-05-28T08:30:00+0200,219.37,MW,FR,FR,actual_offshore_wind_generation,Wind Offshore | Actual Aggregated,2026-06-27T15:47:42Z
2026-06-27T15:46:33Z,2026-06-27T17:46:33+0200,4e541c53-98a3-4782-9d6d-b4c701b81d28,2026-05-28T06:45:00Z,2026-05-28T08:45:00+0200,201.45,MW,FR,FR,actual_offshore_wind_generation,Wind Offshore | Actual Aggregated,2026-06-27T15:47:42Z
2026-06-27T15:46:33Z,2026-06-27T17:46:33+0200,4e541c53-98a3-4782-9d6d-b4c701b81d28,2026-05-28T07:00:00Z,2026-05-28T09:00:00+0200,184.04,MW,FR,FR,actual_offshore_wind_generation,Wind Offshore | Actual Aggregated,2026-06-27T15:47:42Z
2026-06-27T15:46:33Z,2026-06-27T17:46:33+0200,4e541c53-98a3-4782-9d6d-b4c701b81d28,2026-05-28T07:15:00Z,2026-05-28T09:15:00+0200,214.58,MW,FR,FR,actual_offshore_wind_generation,Wind Offshore | Actual Aggregated,2026-06-27T15:47:42Z
2026-06-27T15:46:33Z,2026-06-27T17:46:33+0200,4e541c53-98a3-4782-9d6d-b4c701b81d28,2026-05-28T07:30:00Z,2026-05-28T09:30:00+0200,257.46,MW,FR,FR,actual_offshore_wind_generation,Wind Offshore | Actual Aggregated,2026-06-27T15:47:42Z
2026-06-27T15:46:33Z,2026-06-27T17:46:33+0200,4e541c53-98a3-4782-9d6d-b4c701b81d28,2026-05-28T07:45:00Z,2026-05-28T09:45:00+0200,144.51,MW,FR,FR,actual_offshore_wind_generation,Wind Offshore | Actual Aggregated,2026-06-27T15:47:42Z
2026-06-27T15:46:33Z,2026-06-27T17:46:33+0200,4e541c53-98a3-4782-9d6d-b4c701b81d28,2026-05-28T08:00:00Z,2026-05-28T10:00:00+0200,106.63,MW,FR,FR,actual_offshore_wind_generation,Wind Offshore | Actual Aggregated,2026-06-27T15:47:42Z
2026-06-27T15:46:33Z,2026-06-27T17:46:33+0200,4e541c53-98a3-4782-9d6d-b4c701b81d28,2026-05-28T08:15:00Z,2026-05-28T10:15:00+0200,107.87,MW,FR,FR,actual_offshore_wind_generation,Wind Offshore | Actual Aggregated,2026-06-27T15:47:42Z
2026-06-27T15:46:33Z,2026-06-27T17:46:33+0200,4e541c53-98a3-4782-9d6d-b4c701b81d28,2026-05-28T08:30:00Z,2026-05-28T10:30:00+0200,91.56,MW,FR,FR,actual_offshore_wind_generation,Wind Offshore | Actual Aggregated,2026-06-27T15:47:42Z
2026-06-27T15:46:33Z,2026-06-27T17:46:33+0200,4e541c53-98a3-4782-9d6d-b4c701b81d28,2026-05-28T08:45:00Z,2026-05-28T10:45:00+0200,89.42,MW,FR,FR,actual_offshore_wind_generation,Wind Offshore | Actual Aggregated,2026-06-27T15:47:42Z
2026-06-27T15:46:33Z,2026-06-27T17:46:33+0200,4e541c53-98a3-4782-9d6d-b4c701b81d28,2026-05-28T09:00:00Z,2026-05-28T11:00:00+0200,95.09,MW,FR,FR,actual_offshore_wind_generation,Wind Offshore | Actual Aggregated,2026-06-27T15:47:42Z
2026-06-27T15:46:33Z,2026-06-27T17:46:33+0200,4e541c53-98a3-4782-9d6d-b4c701b81d28,2026-05-28T09:15:00Z,2026-05-28T11:15:00+0200,113.25,MW,FR,FR,actual_offshore_wind_generation,Wind Offshore | Actual Aggregated,2026-06-27T15:47:42Z
2026-06-27T15:46:33Z,2026-06-27T17:46:33+0200,4e541c53-98a3-4782-9d6d-b4c701b81d28,2026-05-28T09:30:00Z,2026-05-28T11:30:00+0200,124.32,MW,FR,FR,actual_offshore_wind_generation,Wind Offshore | Actual Aggregated,2026-06-27T15:47:42Z
2026-06-27T15:46:33Z,2026-06-27T17:46:33+0200,4e541c53-98a3-4782-9d6d-b4c701b81d28,2026-05-28T09:45:00Z,2026-05-28T11:45:00+0200,95.22,MW,FR,FR,actual_offshore_wind_generation,Wind Offshore | Actual Aggregated,2026-06-27T15:47:42Z
2026-06-27T15:46:33Z,2026-06-27T17:46:33+0200,4e541c53-98a3-4782-9d6d-b4c701b81d28,2026-05-28T10:00:00Z,2026-05-28T12:00:00+0200,59.02,MW,FR,FR,actual_offshore_wind_generation,Wind Offshore | Actual Aggregated,2026-06-27T15:47:42Z
2026-06-27T15:46:33Z,2026-06-27T17:46:33+0200,4e541c53-98a3-4782-9d6d-b4c701b81d28,2026-05-28T10:15:00Z,2026-05-28T12:15:00+0200,31.36,MW,FR,FR,actual_offshore_wind_generation,Wind Offshore | Actual Aggregated,2026-06-27T15:47:42Z
2026-06-27T15:46:33Z,2026-06-27T17:46:33+0200,4e541c53-98a3-4782-9d6d-b4c701b81d28,2026-05-28T10:30:00Z,2026-05-28T12:30:00+0200,17.51,MW,FR,FR,actual_offshore_wind_generation,Wind Offshore | Actual Aggregated,2026-06-27T15:47:42Z
2026-06-27T15:46:33Z,2026-06-27T17:46:33+0200,4e541c53-98a3-4782-9d6d-b4c701b81d28,2026-05-28T10:45:00Z,2026-05-28T12:45:00+0200,0.32,MW,FR,FR,actual_offshore_wind_generation,Wind Offshore | Actual Aggregated,2026-06-27T15:47:42Z
2026-06-27T15:46:33Z,2026-06-27T17:46:33+0200,4e541c53-98a3-4782-9d6d-b4c701b81d28,2026-05-28T11:00:00Z,2026-05-28T13:00:00+0200,8.23,MW,FR,FR,actual_offshore_wind_generation,Wind Offshore | Actual Consumption,2026-06-27T15:47:42Z
2026-06-27T15:46:33Z,2026-06-27T17:46:33+0200,4e541c53-98a3-4782-9d6d-b4c701b81d28,2026-05-28T11:15:00Z,2026-05-28T13:15:00+0200,3.93,MW,FR,FR,actual_offshore_wind_generation,Wind Offshore | Actual Consumption,2026-06-27T15:47:42Z
2026-06-27T15:46:33Z,2026-06-27T17:46:33+0200,4e541c53-98a3-4782-9d6d-b4c701b81d28,2026-05-28T11:30:00Z,2026-05-28T13:30:00+0200,6.33,MW,FR,FR,actual_offshore_wind_generation,Wind Offshore | Actual Aggregated,2026-06-27T15:47:42Z
2026-06-27T15:46:33Z,2026-06-27T17:46:33+0200,4e541c53-98a3-4782-9d6d-b4c701b81d28,2026-05-28T11:45:00Z,2026-05-28T13:45:00+0200,23.87,MW,FR,FR,actual_offshore_wind_generation,Wind Offshore | Actual Aggregated,2026-06-27T15:47:42Z
2026-06-27T15:46:33Z,2026-06-27T17:46:33+0200,4e541c53-98a3-4782-9d6d-b4c701b81d28,2026-05-28T12:00:00Z,2026-05-28T14:00:00+0200,45.26,MW,FR,FR,actual_offshore_wind_generation,Wind Offshore | Actual Aggregated,2026-06-27T15:47:42Z
2026-06-27T15:46:33Z,2026-06-27T17:46:33+0200,4e541c53-98a3-4782-9d6d-b4c701b81d28,2026-05-28T12:15:00Z,2026-05-28T14:15:00+0200,47.38,MW,FR,FR,actual_offshore_wind_generation,Wind Offshore | Actual Aggregated,2026-06-27T15:47:42Z
2026-06-27T15:46:33Z,2026-06-27T17:46:33+0200,4e541c53-98a3-4782-9d6d-b4c701b81d28,2026-05-28T12:30:00Z,2026-05-28T14:30:00+0200,36.54,MW,FR,FR,actual_offshore_wind_generation,Wind Offshore | Actual Aggregated,2026-06-27T15:47:42Z
2026-06-27T15:46:33Z,2026-06-27T17:46:33+0200,4e541c53-98a3-4782-9d6d-b4c701b81d28,2026-05-28T12:45:00Z,2026-05-28T14:45:00+0200,30.69,MW,FR,FR,actual_offshore_wind_generation,Wind Offshore | Actual Aggregated,2026-06-27T15:47:42Z
2026-06-27T15:46:33Z,2026-06-27T17:46:33+0200,4e541c53-98a3-4782-9d6d-b4c701b81d28,2026-05-28T13:00:00Z,2026-05-28T15:00:00+0200,9.14,MW,FR,FR,actual_offshore_wind_generation,Wind Offshore | Actual Aggregated,2026-06-27T15:47:42Z
2026-06-27T15:46:33Z,2026-06-27T17:46:33+0200,4e541c53-98a3-4782-9d6d-b4c701b81d28,2026-05-28T13:15:00Z,2026-05-28T15:15:00+0200,0.75,MW,FR,FR,actual_offshore_wind_generation,Wind Offshore | Actual Aggregated,2026-06-27T15:47:42Z
2026-06-27T15:46:33Z,2026-06-27T17:46:33+0200,4e541c53-98a3-4782-9d6d-b4c701b81d28,2026-05-28T13:30:00Z,2026-05-28T15:30:00+0200,5.48,MW,FR,FR,actual_offshore_wind_generation,Wind Offshore | Actual Aggregated,2026-06-27T15:47:42Z
2026-06-27T15:46:33Z,2026-06-27T17:46:33+0200,4e541c53-98a3-4782-9d6d-b4c701b81d28,2026-05-28T13:45:00Z,2026-05-28T15:45:00+0200,18.02,MW,FR,FR,actual_offshore_wind_generation,Wind Offshore | Actual Aggregated,2026-06-27T15:47:42Z
2026-06-27T15:46:33Z,2026-06-27T17:46:33+0200,4e541c53-98a3-4782-9d6d-b4c701b81d28,2026-05-28T14:00:00Z,2026-05-28T16:00:00+0200,24.11,MW,FR,FR,actual_offshore_wind_generation,Wind Offshore | Actual Aggregated,2026-06-27T15:47:42Z
2026-06-27T15:46:33Z,2026-06-27T17:46:33+0200,4e541c53-98a3-4782-9d6d-b4c701b81d28,2026-05-28T14:15:00Z,2026-05-28T16:15:00+0200,25.71,MW,FR,FR,actual_offshore_wind_generation,Wind Offshore | Actual Aggregated,2026-06-27T15:47:42Z
2026-06-27T15:46:33Z,2026-06-27T17:46:33+0200,4e541c53-98a3-4782-9d6d-b4c701b81d28,2026-05-28T14:30:00Z,2026-05-28T16:30:00+0200,14.26,MW,FR,FR,actual_offshore_wind_generation,Wind Offshore | Actual Aggregated,2026-06-27T15:47:42Z
2026-06-27T15:46:33Z,2026-06-27T17:46:33+0200,4e541c53-98a3-4782-9d6d-b4c701b81d28,2026-05-28T14:45:00Z,2026-05-28T16:45:00+0200,5.74,MW,FR,FR,actual_offshore_wind_generation,Wind Offshore | Actual Consumption,2026-06-27T15:47:42Z
2026-06-27T15:46:33Z,2026-06-27T17:46:33+0200,4e541c53-98a3-4782-9d6d-b4c701b81d28,2026-05-28T15:00:00Z,2026-05-28T17:00:00+0200,10.05,MW,FR,FR,actual_offshore_wind_generation,Wind Offshore | Actual Consumption,2026-06-27T15:47:42Z
2026-06-27T15:46:33Z,2026-06-27T17:46:33+0200,4e541c53-98a3-4782-9d6d-b4c701b81d28,2026-05-28T15:15:00Z,2026-05-28T17:15:00+0200,9.92,MW,FR,FR,actual_offshore_wind_generation,Wind Offshore | Actual Consumption,2026-06-27T15:47:42Z
2026-06-27T15:46:33Z,2026-06-27T17:46:33+0200,4e541c53-98a3-4782-9d6d-b4c701b81d28,2026-05-28T15:30:00Z,2026-05-28T17:30:00+0200,8.33,MW,FR,FR,actual_offshore_wind_generation,Wind Offshore | Actual Consumption,2026-06-27T15:47:42Z
2026-06-27T15:46:33Z,2026-06-27T17:46:33+0200,4e541c53-98a3-4782-9d6d-b4c701b81d28,2026-05-28T15:45:00Z,2026-05-28T17:45:00+0200,9.39,MW,FR,FR,actual_offshore_wind_generation,Wind Offshore | Actual Consumption,2026-06-27T15:47:42Z
2026-06-27T15:46:33Z,2026-06-27T17:46:33+0200,4e541c53-98a3-4782-9d6d-b4c701b81d28,2026-05-28T16:00:00Z,2026-05-28T18:00:00+0200,12.81,MW,FR,FR,actual_offshore_wind_generation,Wind Offshore | Actual Consumption,2026-06-27T15:47:42Z
2026-06-27T15:46:33Z,2026-06-27T17:46:33+0200,4e541c53-98a3-4782-9d6d-b4c701b81d28,2026-05-28T16:15:00Z,2026-05-28T18:15:00+0200,12.66,MW,FR,FR,actual_offshore_wind_generation,Wind Offshore | Actual Consumption,2026-06-27T15:47:42Z
2026-06-27T15:46:33Z,2026-06-27T17:46:33+0200,4e541c53-98a3-4782-9d6d-b4c701b81d28,2026-05-28T16:30:00Z,2026-05-28T18:30:00+0200,7.88,MW,FR,FR,actual_offshore_wind_generation,Wind Offshore | Actual Consumption,2026-06-27T15:47:42Z
2026-06-27T15:46:33Z,2026-06-27T17:46:33+0200,4e541c53-98a3-4782-9d6d-b4c701b81d28,2026-05-28T16:45:00Z,2026-05-28T18:45:00+0200,6.59,MW,FR,FR,actual_offshore_wind_generation,Wind Offshore | Actual Aggregated,2026-06-27T15:47:42Z
2026-06-27T15:46:33Z,2026-06-27T17:46:33+0200,4e541c53-98a3-4782-9d6d-b4c701b81d28,2026-05-28T17:00:00Z,2026-05-28T19:00:00+0200,111.61,MW,FR,FR,actual_offshore_wind_generation,Wind Offshore | Actual Aggregated,2026-06-27T15:47:42Z
2026-06-27T15:46:33Z,2026-06-27T17:46:33+0200,4e541c53-98a3-4782-9d6d-b4c701b81d28,2026-05-28T17:15:00Z,2026-05-28T19:15:00+0200,152.55,MW,FR,FR,actual_offshore_wind_generation,Wind Offshore | Actual Aggregated,2026-06-27T15:47:42Z
2026-06-27T15:46:33Z,2026-06-27T17:46:33+0200,4e541c53-98a3-4782-9d6d-b4c701b81d28,2026-05-28T17:30:00Z,2026-05-28T19:30:00+0200,156.48,MW,FR,FR,actual_offshore_wind_generation,Wind Offshore | Actual Aggregated,2026-06-27T15:47:42Z
2026-06-27T15:46:33Z,2026-06-27T17:46:33+0200,4e541c53-98a3-4782-9d6d-b4c701b81d28,2026-05-28T17:45:00Z,2026-05-28T19:45:00+0200,166.97,MW,FR,FR,actual_offshore_wind_generation,Wind Offshore | Actual Aggregated,2026-06-27T15:47:42Z
2026-06-27T15:46:33Z,2026-06-27T17:46:33+0200,4e541c53-98a3-4782-9d6d-b4c701b81d28,2026-05-28T18:00:00Z,2026-05-28T20:00:00+0200,201.99,MW,FR,FR,actual_offshore_wind_generation,Wind Offshore | Actual Aggregated,2026-06-27T15:47:42Z
2026-06-27T15:46:33Z,2026-06-27T17:46:33+0200,4e541c53-98a3-4782-9d6d-b4c701b81d28,2026-05-28T18:15:00Z,2026-05-28T20:15:00+0200,199.49,MW,FR,FR,actual_offshore_wind_generation,Wind Offshore | Actual Aggregated,2026-06-27T15:47:42Z
2026-06-27T15:46:33Z,2026-06-27T17:46:33+0200,4e541c53-98a3-4782-9d6d-b4c701b81d28,2026-05-28T18:30:00Z,2026-05-28T20:30:00+0200,187.0,MW,FR,FR,actual_offshore_wind_generation,Wind Offshore | Actual Aggregated,2026-06-27T15:47:42Z
2026-06-27T15:46:33Z,2026-06-27T17:46:33+0200,4e541c53-98a3-4782-9d6d-b4c701b81d28,2026-05-28T18:45:00Z,2026-05-28T20:45:00+0200,171.45,MW,FR,FR,actual_offshore_wind_generation,Wind Offshore | Actual Aggregated,2026-06-27T15:47:42Z
2026-06-27T15:46:33Z,2026-06-27T17:46:33+0200,4e541c53-98a3-4782-9d6d-b4c701b81d28,2026-05-28T19:00:00Z,2026-05-28T21:00:00+0200,140.27,MW,FR,FR,actual_offshore_wind_generation,Wind Offshore | Actual Aggregated,2026-06-27T15:47:42Z
2026-06-27T15:46:33Z,2026-06-27T17:46:33+0200,4e541c53-98a3-4782-9d6d-b4c701b81d28,2026-05-28T19:15:00Z,2026-05-28T21:15:00+0200,137.51,MW,FR,FR,actual_offshore_wind_generation,Wind Offshore | Actual Aggregated,2026-06-27T15:47:42Z
2026-06-27T15:46:33Z,2026-06-27T17:46:33+0200,4e541c53-98a3-4782-9d6d-b4c701b81d28,2026-05-28T19:30:00Z,2026-05-28T21:30:00+0200,119.54,MW,FR,FR,actual_offshore_wind_generation,Wind Offshore | Actual Aggregated,2026-06-27T15:47:42Z
2026-06-27T15:46:33Z,2026-06-27T17:46:33+0200,4e541c53-98a3-4782-9d6d-b4c701b81d28,2026-05-28T19:45:00Z,2026-05-28T21:45:00+0200,105.76,MW,FR,FR,actual_offshore_wind_generation,Wind Offshore | Actual Aggregated,2026-06-27T15:47:42Z
2026-06-27T15:46:33Z,2026-06-27T17:46:33+0200,4e541c53-98a3-4782-9d6d-b4c701b81d28,2026-05-28T20:00:00Z,2026-05-28T22:00:00+0200,170.23,MW,FR,FR,actual_offshore_wind_generation,Wind Offshore | Actual Aggregated,2026-06-27T15:47:42Z
2026-06-27T15:46:33Z,2026-06-27T17:46:33+0200,4e541c53-98a3-4782-9d6d-b4c701b81d28,2026-05-28T20:15:00Z,2026-05-28T22:15:00+0200,278.07,MW,FR,FR,actual_offshore_wind_generation,Wind Offshore | Actual Aggregated,2026-06-27T15:47:42Z
2026-06-27T15:46:33Z,2026-06-27T17:46:33+0200,4e541c53-98a3-4782-9d6d-b4c701b81d28,2026-05-28T20:30:00Z,2026-05-28T22:30:00+0200,257.1,MW,FR,FR,actual_offshore_wind_generation,Wind Offshore | Actual Aggregated,2026-06-27T15:47:42Z
2026-06-27T15:46:33Z,2026-06-27T17:46:33+0200,4e541c53-98a3-4782-9d6d-b4c701b81d28,2026-05-28T20:45:00Z,2026-05-28T22:45:00+0200,223.9,MW,FR,FR,actual_offshore_wind_generation,Wind Offshore | Actual Aggregated,2026-06-27T15:47:42Z
2026-06-27T15:46:33Z,2026-06-27T17:46:33+0200,4e541c53-98a3-4782-9d6d-b4c701b81d28,2026-05-28T21:00:00Z,2026-05-28T23:00:00+0200,252.69,MW,FR,FR,actual_offshore_wind_generation,Wind Offshore | Actual Aggregated,2026-06-27T15:47:42Z
2026-06-27T15:46:33Z,2026-06-27T17:46:33+0200,4e541c53-98a3-4782-9d6d-b4c701b81d28,2026-05-28T21:15:00Z,2026-05-28T23:15:00+0200,214.71,MW,FR,FR,actual_offshore_wind_generation,Wind Offshore | Actual Aggregated,2026-06-27T15:47:42Z
2026-06-27T15:46:33Z,2026-06-27T17:46:33+0200,4e541c53-98a3-4782-9d6d-b4c701b81d28,2026-05-28T21:30:00Z,2026-05-28T23:30:00+0200,131.4,MW,FR,FR,actual_offshore_wind_generation,Wind Offshore | Actual Aggregated,2026-06-27T15:47:42Z
2026-06-27T15:46:33Z,2026-06-27T17:46:33+0200,4e541c53-98a3-4782-9d6d-b4c701b81d28,2026-05-28T21:45:00Z,2026-05-28T23:45:00+0200,69.85,MW,FR,FR,actual_offshore_wind_generation,Wind Offshore | Actual Aggregated,2026-06-27T15:47:42Z
2026-06-27T15:46:33Z,2026-06-27T17:46:33+0200,4e541c53-98a3-4782-9d6d-b4c701b81d28,2026-05-28T22:00:00Z,2026-05-29T00:00:00+0200,75.46,MW,FR,FR,actual_offshore_wind_generation,Wind Offshore | Actual Aggregated,2026-06-27T15:47:42Z
2026-06-27T15:46:33Z,2026-06-27T17:46:33+0200,4e541c53-98a3-4782-9d6d-b4c701b81d28,2026-05-28T22:15:00Z,2026-05-29T00:15:00+0200,105.29,MW,FR,FR,actual_offshore_wind_generation,Wind Offshore | Actual Aggregated,2026-06-27T15:47:42Z
2026-06-27T15:46:33Z,2026-06-27T17:46:33+0200,4e541c53-98a3-4782-9d6d-b4c701b81d28,2026-05-28T22:30:00Z,2026-05-29T00:30:00+0200,152.07,MW,FR,FR,actual_offshore_wind_generation,Wind Offshore | Actual Aggregated,2026-06-27T15:47:42Z
2026-06-27T15:46:33Z,2026-06-27T17:46:33+0200,4e541c53-98a3-4782-9d6d-b4c701b81d28,2026-05-28T22:45:00Z,2026-05-29T00:45:00+0200,210.2,MW,FR,FR,actual_offshore_wind_generation,Wind Offshore | Actual Aggregated,2026-06-27T15:47:42Z
2026-06-27T15:46:33Z,2026-06-27T17:46:33+0200,4e541c53-98a3-4782-9d6d-b4c701b81d28,2026-05-28T23:00:00Z,2026-05-29T01:00:00+0200,213.56,MW,FR,FR,actual_offshore_wind_generation,Wind Offshore | Actual Aggregated,2026-06-27T15:47:42Z
2026-06-27T15:46:33Z,2026-06-27T17:46:33+0200,4e541c53-98a3-4782-9d6d-b4c701b81d28,2026-05-28T23:15:00Z,2026-05-29T01:15:00+0200,253.57,MW,FR,FR,actual_offshore_wind_generation,Wind Offshore | Actual Aggregated,2026-06-27T15:47:42Z
2026-06-27T15:46:33Z,2026-06-27T17:46:33+0200,4e541c53-98a3-4782-9d6d-b4c701b81d28,2026-05-28T23:30:00Z,2026-05-29T01:30:00+0200,280.12,MW,FR,FR,actual_offshore_wind_generation,Wind Offshore | Actual Aggregated,2026-06-27T15:47:42Z
2026-06-27T15:46:33Z,2026-06-27T17:46:33+0200,4e541c53-98a3-4782-9d6d-b4c701b81d28,2026-05-28T23:45:00Z,2026-05-29T01:45:00+0200,314.35,MW,FR,FR,actual_offshore_wind_generation,Wind Offshore | Actual Aggregated,2026-06-27T15:47:42Z
2026-06-27T15:46:33Z,2026-06-27T17:46:33+0200,4e541c53-98a3-4782-9d6d-b4c701b81d28,2026-05-29T00:00:00Z,2026-05-29T02:00:00+0200,322.05,MW,FR,FR,actual_offshore_wind_generation,Wind Offshore | Actual Aggregated,2026-06-27T15:47:42Z
2026-06-27T15:46:33Z,2026-06-27T17:46:33+0200,4e541c53-98a3-4782-9d6d-b4c701b81d28,2026-05-29T00:15:00Z,2026-05-29T02:15:00+0200,267.72,MW,FR,FR,actual_offshore_wind_generation,Wind Offshore | Actual Aggregated,2026-06-27T15:47:42Z
2026-06-27T15:46:33Z,2026-06-27T17:46:33+0200,4e541c53-98a3-4782-9d6d-b4c701b81d28,2026-05-29T00:30:00Z,2026-05-29T02:30:00+0200,253.38,MW,FR,FR,actual_offshore_wind_generation,Wind Offshore | Actual Aggregated,2026-06-27T15:47:42Z
2026-06-27T15:46:33Z,2026-06-27T17:46:33+0200,4e541c53-98a3-4782-9d6d-b4c701b81d28,2026-05-29T00:45:00Z,2026-05-29T02:45:00+0200,268.45,MW,FR,FR,actual_offshore_wind_generation,Wind Offshore | Actual Aggregated,2026-06-27T15:47:42Z
2026-06-27T15:46:33Z,2026-06-27T17:46:33+0200,4e541c53-98a3-4782-9d6d-b4c701b81d28,2026-05-29T01:00:00Z,2026-05-29T03:00:00+0200,273.11,MW,FR,FR,actual_offshore_wind_generation,Wind Offshore | Actual Aggregated,2026-06-27T15:47:42Z
2026-06-27T15:46:33Z,2026-06-27T17:46:33+0200,4e541c53-98a3-4782-9d6d-b4c701b81d28,2026-05-29T01:15:00Z,2026-05-29T03:15:00+0200,287.28,MW,FR,FR,actual_offshore_wind_generation,Wind Offshore | Actual Aggregated,2026-06-27T15:47:42Z
2026-06-27T15:46:33Z,2026-06-27T17:46:33+0200,4e541c53-98a3-4782-9d6d-b4c701b81d28,2026-05-29T01:30:00Z,2026-05-29T03:30:00+0200,268.73,MW,FR,FR,actual_offshore_wind_generation,Wind Offshore | Actual Aggregated,2026-06-27T15:47:42Z
2026-06-27T15:46:33Z,2026-06-27T17:46:33+0200,4e541c53-98a3-4782-9d6d-b4c701b81d28,2026-05-29T01:45:00Z,2026-05-29T03:45:00+0200,368.44,MW,FR,FR,actual_offshore_wind_generation,Wind Offshore | Actual Aggregated,2026-06-27T15:47:42Z
2026-06-27T15:46:33Z,2026-06-27T17:46:33+0200,4e541c53-98a3-4782-9d6d-b4c701b81d28,2026-05-29T02:00:00Z,2026-05-29T04:00:00+0200,349.45,MW,FR,FR,actual_offshore_wind_generation,Wind Offshore | Actual Aggregated,2026-06-27T15:47:42Z
2026-06-27T15:46:33Z,2026-06-27T17:46:33+0200,4e541c53-98a3-4782-9d6d-b4c701b81d28,2026-05-29T02:15:00Z,2026-05-29T04:15:00+0200,301.4,MW,FR,FR,actual_offshore_wind_generation,Wind Offshore | Actual Aggregated,2026-06-27T15:47:42Z
2026-06-27T15:46:33Z,2026-06-27T17:46:33+0200,4e541c53-98a3-4782-9d6d-b4c701b81d28,2026-05-29T02:30:00Z,2026-05-29T04:30:00+0200,297.05,MW,FR,FR,actual_offshore_wind_generation,Wind Offshore | Actual Aggregated,2026-06-27T15:47:42Z
2026-06-27T15:46:33Z,2026-06-27T17:46:33+0200,4e541c53-98a3-4782-9d6d-b4c701b81d28,2026-05-29T02:45:00Z,2026-05-29T04:45:00+0200,268.55,MW,FR,FR,actual_offshore_wind_generation,Wind Offshore | Actual Aggregated,2026-06-27T15:47:42Z
2026-06-27T15:46:33Z,2026-06-27T17:46:33+0200,4e541c53-98a3-4782-9d6d-b4c701b81d28,2026-05-29T03:00:00Z,2026-05-29T05:00:00+0200,183.19,MW,FR,FR,actual_offshore_wind_generation,Wind Offshore | Actual Aggregated,2026-06-27T15:47:42Z
2026-06-27T15:46:33Z,2026-06-27T17:46:33+0200,4e541c53-98a3-4782-9d6d-b4c701b81d28,2026-05-29T03:15:00Z,2026-05-29T05:15:00+0200,153.17,MW,FR,FR,actual_offshore_wind_generation,Wind Offshore | Actual Aggregated,2026-06-27T15:47:42Z
2026-06-27T15:46:33Z,2026-06-27T17:46:33+0200,4e541c53-98a3-4782-9d6d-b4c701b81d28,2026-05-29T03:30:00Z,2026-05-29T05:30:00+0200,168.05,MW,FR,FR,actual_offshore_wind_generation,Wind Offshore | Actual Aggregated,2026-06-27T15:47:42Z
2026-06-27T15:46:33Z,2026-06-27T17:46:33+0200,4e541c53-98a3-4782-9d6d-b4c701b81d28,2026-05-29T03:45:00Z,2026-05-29T05:45:00+0200,137.1,MW,FR,FR,actual_offshore_wind_generation,Wind Offshore | Actual Aggregated,2026-06-27T15:47:42Z
2026-06-27T15:46:33Z,2026-06-27T17:46:33+0200,4e541c53-98a3-4782-9d6d-b4c701b81d28,2026-05-29T04:00:00Z,2026-05-29T06:00:00+0200,162.24,MW,FR,FR,actual_offshore_wind_generation,Wind Offshore | Actual Aggregated,2026-06-27T15:47:42Z
2026-06-27T15:46:33Z,2026-06-27T17:46:33+0200,4e541c53-98a3-4782-9d6d-b4c701b81d28,2026-05-29T04:15:00Z,2026-05-29T06:15:00+0200,118.84,MW,FR,FR,actual_offshore_wind_generation,Wind Offshore | Actual Aggregated,2026-06-27T15:47:42Z
2026-06-27T15:46:33Z,2026-06-27T17:46:33+0200,4e541c53-98a3-4782-9d6d-b4c701b81d28,2026-05-29T04:30:00Z,2026-05-29T06:30:00+0200,122.17,MW,FR,FR,actual_offshore_wind_generation,Wind Offshore | Actual Aggregated,2026-06-27T15:47:42Z
2026-06-27T15:46:33Z,2026-06-27T17:46:33+0200,4e541c53-98a3-4782-9d6d-b4c701b81d28,2026-05-29T04:45:00Z,2026-05-29T06:45:00+0200,119.19,MW,FR,FR,actual_offshore_wind_generation,Wind Offshore | Actual Aggregated,2026-06-27T15:47:42Z
2026-06-27T15:46:33Z,2026-06-27T17:46:33+0200,4e541c53-98a3-4782-9d6d-b4c701b81d28,2026-05-29T05:00:00Z,2026-05-29T07:00:00+0200,131.36,MW,FR,FR,actual_offshore_wind_generation,Wind Offshore | Actual Aggregated,2026-06-27T15:47:42Z
2026-06-27T15:46:33Z,2026-06-27T17:46:33+0200,4e541c53-98a3-4782-9d6d-b4c701b81d28,2026-05-29T05:15:00Z,2026-05-29T07:15:00+0200,147.52,MW,FR,FR,actual_offshore_wind_generation,Wind Offshore | Actual Aggregated,2026-06-27T15:47:42Z
2026-06-27T15:46:33Z,2026-06-27T17:46:33+0200,4e541c53-98a3-4782-9d6d-b4c701b81d28,2026-05-29T05:30:00Z,2026-05-29T07:30:00+0200,137.11,MW,FR,FR,actual_offshore_wind_generation,Wind Offshore | Actual Aggregated,2026-06-27T15:47:42Z
2026-06-27T15:46:33Z,2026-06-27T17:46:33+0200,4e541c53-98a3-4782-9d6d-b4c701b81d28,2026-05-29T05:45:00Z,2026-05-29T07:45:00+0200,133.75,MW,FR,FR,actual_offshore_wind_generation,Wind Offshore | Actual Aggregated,2026-06-27T15:47:42Z
2026-06-27T15:46:33Z,2026-06-27T17:46:33+0200,4e541c53-98a3-4782-9d6d-b4c701b81d28,2026-05-29T06:00:00Z,2026-05-29T08:00:00+0200,115.06,MW,FR,FR,actual_offshore_wind_generation,Wind Offshore | Actual Aggregated,2026-06-27T15:47:42Z
2026-06-27T15:46:33Z,2026-06-27T17:46:33+0200,4e541c53-98a3-4782-9d6d-b4c701b81d28,2026-05-29T06:15:00Z,2026-05-29T08:15:00+0200,104.14,MW,FR,FR,actual_offshore_wind_generation,Wind Offshore | Actual Aggregated,2026-06-27T15:47:42Z
2026-06-27T15:46:33Z,2026-06-27T17:46:33+0200,4e541c53-98a3-4782-9d6d-b4c701b81d28,2026-05-29T06:30:00Z,2026-05-29T08:30:00+0200,78.19,MW,FR,FR,actual_offshore_wind_generation,Wind Offshore | Actual Aggregated,2026-06-27T15:47:42Z
2026-06-27T15:46:33Z,2026-06-27T17:46:33+0200,4e541c53-98a3-4782-9d6d-b4c701b81d28,2026-05-29T06:45:00Z,2026-05-29T08:45:00+0200,70.71,MW,FR,FR,actual_offshore_wind_generation,Wind Offshore | Actual Aggregated,2026-06-27T15:47:42Z
2026-06-27T15:46:33Z,2026-06-27T17:46:33+0200,4e541c53-98a3-4782-9d6d-b4c701b81d28,2026-05-29T07:00:00Z,2026-05-29T09:00:00+0200,64.06,MW,FR,FR,actual_offshore_wind_generation,Wind Offshore | Actual Aggregated,2026-06-27T15:47:42Z
2026-06-27T15:46:33Z,2026-06-27T17:46:33+0200,4e541c53-98a3-4782-9d6d-b4c701b81d28,2026-05-29T07:15:00Z,2026-05-29T09:15:00+0200,64.37,MW,FR,FR,actual_offshore_wind_generation,Wind Offshore | Actual Aggregated,2026-06-27T15:47:42Z
2026-06-27T15:46:33Z,2026-06-27T17:46:33+0200,4e541c53-98a3-4782-9d6d-b4c701b81d28,2026-05-29T07:30:00Z,2026-05-29T09:30:00+0200,69.63,MW,FR,FR,actual_offshore_wind_generation,Wind Offshore | Actual Aggregated,2026-06-27T15:47:42Z
2026-06-27T15:46:33Z,2026-06-27T17:46:33+0200,4e541c53-98a3-4782-9d6d-b4c701b81d28,2026-05-29T07:45:00Z,2026-05-29T09:45:00+0200,79.63,MW,FR,FR,actual_offshore_wind_generation,Wind Offshore | Actual Aggregated,2026-06-27T15:47:42Z
2026-06-27T15:46:33Z,2026-06-27T17:46:33+0200,4e541c53-98a3-4782-9d6d-b4c701b81d28,2026-05-29T08:00:00Z,2026-05-29T10:00:00+0200,66.75,MW,FR,FR,actual_offshore_wind_generation,Wind Offshore | Actual Aggregated,2026-06-27T15:47:42Z
2026-06-27T15:46:33Z,2026-06-27T17:46:33+0200,4e541c53-98a3-4782-9d6d-b4c701b81d28,2026-05-29T08:15:00Z,2026-05-29T10:15:00+0200,58.01,MW,FR,FR,actual_offshore_wind_generation,Wind Offshore | Actual Aggregated,2026-06-27T15:47:42Z
2026-06-27T15:46:33Z,2026-06-27T17:46:33+0200,4e541c53-98a3-4782-9d6d-b4c701b81d28,2026-05-29T08:30:00Z,2026-05-29T10:30:00+0200,51.65,MW,FR,FR,actual_offshore_wind_generation,Wind Offshore | Actual Aggregated,2026-06-27T15:47:42Z
2026-06-27T15:46:33Z,2026-06-27T17:46:33+0200,4e541c53-98a3-4782-9d6d-b4c701b81d28,2026-05-29T08:45:00Z,2026-05-29T10:45:00+0200,46.64,MW,FR,FR,actual_offshore_wind_generation,Wind Offshore | Actual Aggregated,2026-06-27T15:47:42Z
2026-06-27T15:46:33Z,2026-06-27T17:46:33+0200,4e541c53-98a3-4782-9d6d-b4c701b81d28,2026-05-29T09:00:00Z,2026-05-29T11:00:00+0200,49.36,MW,FR,FR,actual_offshore_wind_generation,Wind Offshore | Actual Aggregated,2026-06-27T15:47:42Z
2026-06-27T15:46:33Z,2026-06-27T17:46:33+0200,4e541c53-98a3-4782-9d6d-b4c701b81d28,2026-05-29T09:15:00Z,2026-05-29T11:15:00+0200,42.0,MW,FR,FR,actual_offshore_wind_generation,Wind Offshore | Actual Aggregated,2026-06-27T15:47:42Z
2026-06-27T15:46:33Z,2026-06-27T17:46:33+0200,4e541c53-98a3-4782-9d6d-b4c701b81d28,2026-05-29T09:30:00Z,2026-05-29T11:30:00+0200,42.86,MW,FR,FR,actual_offshore_wind_generation,Wind Offshore | Actual Aggregated,2026-06-27T15:47:42Z
2026-06-27T15:46:33Z,2026-06-27T17:46:33+0200,4e541c53-98a3-4782-9d6d-b4c701b81d28,2026-05-29T09:45:00Z,2026-05-29T11:45:00+0200,36.3,MW,FR,FR,actual_offshore_wind_generation,Wind Offshore | Actual Aggregated,2026-06-27T15:47:42Z
2026-06-27T15:46:33Z,2026-06-27T17:46:33+0200,4e541c53-98a3-4782-9d6d-b4c701b81d28,2026-05-29T10:00:00Z,2026-05-29T12:00:00+0200,36.77,MW,FR,FR,actual_offshore_wind_generation,Wind Offshore | Actual Aggregated,2026-06-27T15:47:42Z
2026-06-27T15:46:33Z,2026-06-27T17:46:33+0200,4e541c53-98a3-4782-9d6d-b4c701b81d28,2026-05-29T10:15:00Z,2026-05-29T12:15:00+0200,42.42,MW,FR,FR,actual_offshore_wind_generation,Wind Offshore | Actual Aggregated,2026-06-27T15:47:42Z
2026-06-27T15:46:33Z,2026-06-27T17:46:33+0200,4e541c53-98a3-4782-9d6d-b4c701b81d28,2026-05-29T10:30:00Z,2026-05-29T12:30:00+0200,54.59,MW,FR,FR,actual_offshore_wind_generation,Wind Offshore | Actual Aggregated,2026-06-27T15:47:42Z
2026-06-27T15:46:33Z,2026-06-27T17:46:33+0200,4e541c53-98a3-4782-9d6d-b4c701b81d28,2026-05-29T10:45:00Z,2026-05-29T12:45:00+0200,72.98,MW,FR,FR,actual_offshore_wind_generation,Wind Offshore | Actual Aggregated,2026-06-27T15:47:42Z
2026-06-27T15:46:33Z,2026-06-27T17:46:33+0200,4e541c53-98a3-4782-9d6d-b4c701b81d28,2026-05-29T11:00:00Z,2026-05-29T13:00:00+0200,92.69,MW,FR,FR,actual_offshore_wind_generation,Wind Offshore | Actual Aggregated,2026-06-27T15:47:42Z
2026-06-27T15:46:33Z,2026-06-27T17:46:33+0200,4e541c53-98a3-4782-9d6d-b4c701b81d28,2026-05-29T11:15:00Z,2026-05-29T13:15:00+0200,95.24,MW,FR,FR,actual_offshore_wind_generation,Wind Offshore | Actual Aggregated,2026-06-27T15:47:42Z
2026-06-27T15:46:33Z,2026-06-27T17:46:33+0200,4e541c53-98a3-4782-9d6d-b4c701b81d28,2026-05-29T11:30:00Z,2026-05-29T13:30:00+0200,138.38,MW,FR,FR,actual_offshore_wind_generation,Wind Offshore | Actual Aggregated,2026-06-27T15:47:42Z
2026-06-27T15:46:33Z,2026-06-27T17:46:33+0200,4e541c53-98a3-4782-9d6d-b4c701b81d28,2026-05-29T11:45:00Z,2026-05-29T13:45:00+0200,167.88,MW,FR,FR,actual_offshore_wind_generation,Wind Offshore | Actual Aggregated,2026-06-27T15:47:42Z
2026-06-27T15:46:33Z,2026-06-27T17:46:33+0200,4e541c53-98a3-4782-9d6d-b4c701b81d28,2026-05-29T12:00:00Z,2026-05-29T14:00:00+0200,132.38,MW,FR,FR,actual_offshore_wind_generation,Wind Offshore | Actual Aggregated,2026-06-27T15:47:42Z
2026-06-27T15:46:33Z,2026-06-27T17:46:33+0200,4e541c53-98a3-4782-9d6d-b4c701b81d28,2026-05-29T12:15:00Z,2026-05-29T14:15:00+0200,151.45,MW,FR,FR,actual_offshore_wind_generation,Wind Offshore | Actual Aggregated,2026-06-27T15:47:42Z
2026-06-27T15:46:33Z,2026-06-27T17:46:33+0200,4e541c53-98a3-4782-9d6d-b4c701b81d28,2026-05-29T12:30:00Z,2026-05-29T14:30:00+0200,146.22,MW,FR,FR,actual_offshore_wind_generation,Wind Offshore | Actual Aggregated,2026-06-27T15:47:42Z
2026-06-27T15:46:33Z,2026-06-27T17:46:33+0200,4e541c53-98a3-4782-9d6d-b4c701b81d28,2026-05-29T12:45:00Z,2026-05-29T14:45:00+0200,136.31,MW,FR,FR,actual_offshore_wind_generation,Wind Offshore | Actual Aggregated,2026-06-27T15:47:42Z
2026-06-27T15:46:33Z,2026-06-27T17:46:33+0200,4e541c53-98a3-4782-9d6d-b4c701b81d28,2026-05-29T13:00:00Z,2026-05-29T15:00:00+0200,123.83,MW,FR,FR,actual_offshore_wind_generation,Wind Offshore | Actual Aggregated,2026-06-27T15:47:42Z
2026-06-27T15:46:33Z,2026-06-27T17:46:33+0200,4e541c53-98a3-4782-9d6d-b4c701b81d28,2026-05-29T13:15:00Z,2026-05-29T15:15:00+0200,92.42,MW,FR,FR,actual_offshore_wind_generation,Wind Offshore | Actual Aggregated,2026-06-27T15:47:42Z
2026-06-27T15:46:33Z,2026-06-27T17:46:33+0200,4e541c53-98a3-4782-9d6d-b4c701b81d28,2026-05-29T13:30:00Z,2026-05-29T15:30:00+0200,34.94,MW,FR,FR,actual_offshore_wind_generation,Wind Offshore | Actual Aggregated,2026-06-27T15:47:42Z
2026-06-27T15:46:33Z,2026-06-27T17:46:33+0200,4e541c53-98a3-4782-9d6d-b4c701b81d28,2026-05-29T13:45:00Z,2026-05-29T15:45:00+0200,20.77,MW,FR,FR,actual_offshore_wind_generation,Wind Offshore | Actual Aggregated,2026-06-27T15:47:42Z
2026-06-27T15:46:33Z,2026-06-27T17:46:33+0200,4e541c53-98a3-4782-9d6d-b4c701b81d28,2026-05-29T14:00:00Z,2026-05-29T16:00:00+0200,15.34,MW,FR,FR,actual_offshore_wind_generation,Wind Offshore | Actual Aggregated,2026-06-27T15:47:42Z
2026-06-27T15:46:33Z,2026-06-27T17:46:33+0200,4e541c53-98a3-4782-9d6d-b4c701b81d28,2026-05-29T14:15:00Z,2026-05-29T16:15:00+0200,45.81,MW,FR,FR,actual_offshore_wind_generation,Wind Offshore | Actual Aggregated,2026-06-27T15:47:42Z
2026-06-27T15:46:33Z,2026-06-27T17:46:33+0200,4e541c53-98a3-4782-9d6d-b4c701b81d28,2026-05-29T14:30:00Z,2026-05-29T16:30:00+0200,53.09,MW,FR,FR,actual_offshore_wind_generation,Wind Offshore | Actual Aggregated,2026-06-27T15:47:42Z
2026-06-27T15:46:33Z,2026-06-27T17:46:33+0200,4e541c53-98a3-4782-9d6d-b4c701b81d28,2026-05-29T14:45:00Z,2026-05-29T16:45:00+0200,99.92,MW,FR,FR,actual_offshore_wind_generation,Wind Offshore | Actual Aggregated,2026-06-27T15:47:42Z
2026-06-27T15:46:33Z,2026-06-27T17:46:33+0200,4e541c53-98a3-4782-9d6d-b4c701b81d28,2026-05-29T15:00:00Z,2026-05-29T17:00:00+0200,159.22,MW,FR,FR,actual_offshore_wind_generation,Wind Offshore | Actual Aggregated,2026-06-27T15:47:42Z
2026-06-27T15:46:33Z,2026-06-27T17:46:33+0200,4e541c53-98a3-4782-9d6d-b4c701b81d28,2026-05-29T15:15:00Z,2026-05-29T17:15:00+0200,131.8,MW,FR,FR,actual_offshore_wind_generation,Wind Offshore | Actual Aggregated,2026-06-27T15:47:42Z
2026-06-27T15:46:33Z,2026-06-27T17:46:33+0200,4e541c53-98a3-4782-9d6d-b4c701b81d28,2026-05-29T15:30:00Z,2026-05-29T17:30:00+0200,163.95,MW,FR,FR,actual_offshore_wind_generation,Wind Offshore | Actual Aggregated,2026-06-27T15:47:42Z
2026-06-27T15:46:33Z,2026-06-27T17:46:33+0200,4e541c53-98a3-4782-9d6d-b4c701b81d28,2026-05-29T15:45:00Z,2026-05-29T17:45:00+0200,158.92,MW,FR,FR,actual_offshore_wind_generation,Wind Offshore | Actual Aggregated,2026-06-27T15:47:42Z
2026-06-27T15:46:33Z,2026-06-27T17:46:33+0200,4e541c53-98a3-4782-9d6d-b4c701b81d28,2026-05-29T16:00:00Z,2026-05-29T18:00:00+0200,143.29,MW,FR,FR,actual_offshore_wind_generation,Wind Offshore | Actual Aggregated,2026-06-27T15:47:42Z
2026-06-27T15:46:33Z,2026-06-27T17:46:33+0200,4e541c53-98a3-4782-9d6d-b4c701b81d28,2026-05-29T16:15:00Z,2026-05-29T18:15:00+0200,219.37,MW,FR,FR,actual_offshore_wind_generation,Wind Offshore | Actual Aggregated,2026-06-27T15:47:42Z
2026-06-27T15:46:33Z,2026-06-27T17:46:33+0200,4e541c53-98a3-4782-9d6d-b4c701b81d28,2026-05-29T16:30:00Z,2026-05-29T18:30:00+0200,220.54,MW,FR,FR,actual_offshore_wind_generation,Wind Offshore | Actual Aggregated,2026-06-27T15:47:42Z
2026-06-27T15:46:33Z,2026-06-27T17:46:33+0200,4e541c53-98a3-4782-9d6d-b4c701b81d28,2026-05-29T16:45:00Z,2026-05-29T18:45:00+0200,163.42,MW,FR,FR,actual_offshore_wind_generation,Wind Offshore | Actual Aggregated,2026-06-27T15:47:42Z
2026-06-27T15:46:33Z,2026-06-27T17:46:33+0200,4e541c53-98a3-4782-9d6d-b4c701b81d28,2026-05-29T17:00:00Z,2026-05-29T19:00:00+0200,185.72,MW,FR,FR,actual_offshore_wind_generation,Wind Offshore | Actual Aggregated,2026-06-27T15:47:42Z
2026-06-27T15:46:33Z,2026-06-27T17:46:33+0200,4e541c53-98a3-4782-9d6d-b4c701b81d28,2026-05-29T17:15:00Z,2026-05-29T19:15:00+0200,217.71,MW,FR,FR,actual_offshore_wind_generation,Wind Offshore | Actual Aggregated,2026-06-27T15:47:42Z
2026-06-27T15:46:33Z,2026-06-27T17:46:33+0200,4e541c53-98a3-4782-9d6d-b4c701b81d28,2026-05-29T17:30:00Z,2026-05-29T19:30:00+0200,202.49,MW,FR,FR,actual_offshore_wind_generation,Wind Offshore | Actual Aggregated,2026-06-27T15:47:42Z
2026-06-27T15:46:33Z,2026-06-27T17:46:33+0200,4e541c53-98a3-4782-9d6d-b4c701b81d28,2026-05-29T17:45:00Z,2026-05-29T19:45:00+0200,206.61,MW,FR,FR,actual_offshore_wind_generation,Wind Offshore | Actual Aggregated,2026-06-27T15:47:42Z
2026-06-27T15:46:33Z,2026-06-27T17:46:33+0200,4e541c53-98a3-4782-9d6d-b4c701b81d28,2026-05-29T18:00:00Z,2026-05-29T20:00:00+0200,243.99,MW,FR,FR,actual_offshore_wind_generation,Wind Offshore | Actual Aggregated,2026-06-27T15:47:42Z
2026-06-27T15:46:33Z,2026-06-27T17:46:33+0200,4e541c53-98a3-4782-9d6d-b4c701b81d28,2026-05-29T18:15:00Z,2026-05-29T20:15:00+0200,277.36,MW,FR,FR,actual_offshore_wind_generation,Wind Offshore | Actual Aggregated,2026-06-27T15:47:42Z
2026-06-27T15:46:33Z,2026-06-27T17:46:33+0200,4e541c53-98a3-4782-9d6d-b4c701b81d28,2026-05-29T18:30:00Z,2026-05-29T20:30:00+0200,193.86,MW,FR,FR,actual_offshore_wind_generation,Wind Offshore | Actual Aggregated,2026-06-27T15:47:42Z
2026-06-27T15:46:33Z,2026-06-27T17:46:33+0200,4e541c53-98a3-4782-9d6d-b4c701b81d28,2026-05-29T18:45:00Z,2026-05-29T20:45:00+0200,90.86,MW,FR,FR,actual_offshore_wind_generation,Wind Offshore | Actual Aggregated,2026-06-27T15:47:42Z
2026-06-27T15:46:33Z,2026-06-27T17:46:33+0200,4e541c53-98a3-4782-9d6d-b4c701b81d28,2026-05-29T19:00:00Z,2026-05-29T21:00:00+0200,61.68,MW,FR,FR,actual_offshore_wind_generation,Wind Offshore | Actual Aggregated,2026-06-27T15:47:42Z
2026-06-27T15:46:33Z,2026-06-27T17:46:33+0200,4e541c53-98a3-4782-9d6d-b4c701b81d28,2026-05-29T19:15:00Z,2026-05-29T21:15:00+0200,63.0,MW,FR,FR,actual_offshore_wind_generation,Wind Offshore | Actual Aggregated,2026-06-27T15:47:42Z
2026-06-27T15:46:33Z,2026-06-27T17:46:33+0200,4e541c53-98a3-4782-9d6d-b4c701b81d28,2026-05-29T19:30:00Z,2026-05-29T21:30:00+0200,49.82,MW,FR,FR,actual_offshore_wind_generation,Wind Offshore | Actual Aggregated,2026-06-27T15:47:42Z
2026-06-27T15:46:33Z,2026-06-27T17:46:33+0200,4e541c53-98a3-4782-9d6d-b4c701b81d28,2026-05-29T19:45:00Z,2026-05-29T21:45:00+0200,82.26,MW,FR,FR,actual_offshore_wind_generation,Wind Offshore | Actual Aggregated,2026-06-27T15:47:42Z
2026-06-27T15:46:33Z,2026-06-27T17:46:33+0200,4e541c53-98a3-4782-9d6d-b4c701b81d28,2026-05-29T20:00:00Z,2026-05-29T22:00:00+0200,88.19,MW,FR,FR,actual_offshore_wind_generation,Wind Offshore | Actual Aggregated,2026-06-27T15:47:42Z
2026-06-27T15:46:33Z,2026-06-27T17:46:33+0200,4e541c53-98a3-4782-9d6d-b4c701b81d28,2026-05-29T20:15:00Z,2026-05-29T22:15:00+0200,50.61,MW,FR,FR,actual_offshore_wind_generation,Wind Offshore | Actual Aggregated,2026-06-27T15:47:42Z
2026-06-27T15:46:33Z,2026-06-27T17:46:33+0200,4e541c53-98a3-4782-9d6d-b4c701b81d28,2026-05-29T20:30:00Z,2026-05-29T22:30:00+0200,74.71,MW,FR,FR,actual_offshore_wind_generation,Wind Offshore | Actual Aggregated,2026-06-27T15:47:42Z
2026-06-27T15:46:33Z,2026-06-27T17:46:33+0200,4e541c53-98a3-4782-9d6d-b4c701b81d28,2026-05-29T20:45:00Z,2026-05-29T22:45:00+0200,75.44,MW,FR,FR,actual_offshore_wind_generation,Wind Offshore | Actual Aggregated,2026-06-27T15:47:42Z
2026-06-27T15:46:33Z,2026-06-27T17:46:33+0200,4e541c53-98a3-4782-9d6d-b4c701b81d28,2026-05-29T21:00:00Z,2026-05-29T23:00:00+0200,79.61,MW,FR,FR,actual_offshore_wind_generation,Wind Offshore | Actual Aggregated,2026-06-27T15:47:42Z
2026-06-27T15:46:33Z,2026-06-27T17:46:33+0200,4e541c53-98a3-4782-9d6d-b4c701b81d28,2026-05-29T21:15:00Z,2026-05-29T23:15:00+0200,74.36,MW,FR,FR,actual_offshore_wind_generation,Wind Offshore | Actual Aggregated,2026-06-27T15:47:42Z
2026-06-27T15:46:33Z,2026-06-27T17:46:33+0200,4e541c53-98a3-4782-9d6d-b4c701b81d28,2026-05-29T21:30:00Z,2026-05-29T23:30:00+0200,83.06,MW,FR,FR,actual_offshore_wind_generation,Wind Offshore | Actual Aggregated,2026-06-27T15:47:42Z
2026-06-27T15:46:33Z,2026-06-27T17:46:33+0200,4e541c53-98a3-4782-9d6d-b4c701b81d28,2026-05-29T21:45:00Z,2026-05-29T23:45:00+0200,59.92,MW,FR,FR,actual_offshore_wind_generation,Wind Offshore | Actual Aggregated,2026-06-27T15:47:42Z
2026-06-27T15:46:33Z,2026-06-27T17:46:33+0200,4e541c53-98a3-4782-9d6d-b4c701b81d28,2026-05-29T22:00:00Z,2026-05-30T00:00:00+0200,37.36,MW,FR,FR,actual_offshore_wind_generation,Wind Offshore | Actual Aggregated,2026-06-27T15:47:42Z
2026-06-27T15:46:33Z,2026-06-27T17:46:33+0200,4e541c53-98a3-4782-9d6d-b4c701b81d28,2026-05-29T22:15:00Z,2026-05-30T00:15:00+0200,77.43,MW,FR,FR,actual_offshore_wind_generation,Wind Offshore | Actual Aggregated,2026-06-27T15:47:42Z
2026-06-27T15:46:33Z,2026-06-27T17:46:33+0200,4e541c53-98a3-4782-9d6d-b4c701b81d28,2026-05-29T22:30:00Z,2026-05-30T00:30:00+0200,71.55,MW,FR,FR,actual_offshore_wind_generation,Wind Offshore | Actual Aggregated,2026-06-27T15:47:42Z
2026-06-27T15:46:33Z,2026-06-27T17:46:33+0200,4e541c53-98a3-4782-9d6d-b4c701b81d28,2026-05-29T22:45:00Z,2026-05-30T00:45:00+0200,65.77,MW,FR,FR,actual_offshore_wind_generation,Wind Offshore | Actual Aggregated,2026-06-27T15:47:42Z
2026-06-27T15:46:33Z,2026-06-27T17:46:33+0200,4e541c53-98a3-4782-9d6d-b4c701b81d28,2026-05-29T23:00:00Z,2026-05-30T01:00:00+0200,53.99,MW,FR,FR,actual_offshore_wind_generation,Wind Offshore | Actual Aggregated,2026-06-27T15:47:42Z
2026-06-27T15:46:33Z,2026-06-27T17:46:33+0200,4e541c53-98a3-4782-9d6d-b4c701b81d28,2026-05-29T23:15:00Z,2026-05-30T01:15:00+0200,36.23,MW,FR,FR,actual_offshore_wind_generation,Wind Offshore | Actual Aggregated,2026-06-27T15:47:42Z
2026-06-27T15:46:33Z,2026-06-27T17:46:33+0200,4e541c53-98a3-4782-9d6d-b4c701b81d28,2026-05-29T23:30:00Z,2026-05-30T01:30:00+0200,35.8,MW,FR,FR,actual_offshore_wind_generation,Wind Offshore | Actual Aggregated,2026-06-27T15:47:42Z
2026-06-27T15:46:33Z,2026-06-27T17:46:33+0200,4e541c53-98a3-4782-9d6d-b4c701b81d28,2026-05-29T23:45:00Z,2026-05-30T01:45:00+0200,39.67,MW,FR,FR,actual_offshore_wind_generation,Wind Offshore | Actual Aggregated,2026-06-27T15:47:42Z
2026-06-27T15:46:33Z,2026-06-27T17:46:33+0200,4e541c53-98a3-4782-9d6d-b4c701b81d28,2026-05-30T00:00:00Z,2026-05-30T02:00:00+0200,38.61,MW,FR,FR,actual_offshore_wind_generation,Wind Offshore | Actual Aggregated,2026-06-27T15:47:42Z
2026-06-27T15:46:33Z,2026-06-27T17:46:33+0200,4e541c53-98a3-4782-9d6d-b4c701b81d28,2026-05-30T00:15:00Z,2026-05-30T02:15:00+0200,44.31,MW,FR,FR,actual_offshore_wind_generation,Wind Offshore | Actual Aggregated,2026-06-27T15:47:42Z
2026-06-27T15:46:33Z,2026-06-27T17:46:33+0200,4e541c53-98a3-4782-9d6d-b4c701b81d28,2026-05-30T00:30:00Z,2026-05-30T02:30:00+0200,54.39,MW,FR,FR,actual_offshore_wind_generation,Wind Offshore | Actual Aggregated,2026-06-27T15:47:42Z
2026-06-27T15:46:33Z,2026-06-27T17:46:33+0200,4e541c53-98a3-4782-9d6d-b4c701b81d28,2026-05-30T00:45:00Z,2026-05-30T02:45:00+0200,72.02,MW,FR,FR,actual_offshore_wind_generation,Wind Offshore | Actual Aggregated,2026-06-27T15:47:42Z
2026-06-27T15:46:33Z,2026-06-27T17:46:33+0200,4e541c53-98a3-4782-9d6d-b4c701b81d28,2026-05-30T01:00:00Z,2026-05-30T03:00:00+0200,71.71,MW,FR,FR,actual_offshore_wind_generation,Wind Offshore | Actual Aggregated,2026-06-27T15:47:42Z
2026-06-27T15:46:33Z,2026-06-27T17:46:33+0200,4e541c53-98a3-4782-9d6d-b4c701b81d28,2026-05-30T01:15:00Z,2026-05-30T03:15:00+0200,72.32,MW,FR,FR,actual_offshore_wind_generation,Wind Offshore | Actual Aggregated,2026-06-27T15:47:42Z
2026-06-27T15:46:33Z,2026-06-27T17:46:33+0200,4e541c53-98a3-4782-9d6d-b4c701b81d28,2026-05-30T01:30:00Z,2026-05-30T03:30:00+0200,80.67,MW,FR,FR,actual_offshore_wind_generation,Wind Offshore | Actual Aggregated,2026-06-27T15:47:42Z
2026-06-27T15:46:33Z,2026-06-27T17:46:33+0200,4e541c53-98a3-4782-9d6d-b4c701b81d28,2026-05-30T01:45:00Z,2026-05-30T03:45:00+0200,81.54,MW,FR,FR,actual_offshore_wind_generation,Wind Offshore | Actual Aggregated,2026-06-27T15:47:42Z
2026-06-27T15:46:33Z,2026-06-27T17:46:33+0200,4e541c53-98a3-4782-9d6d-b4c701b81d28,2026-05-30T02:00:00Z,2026-05-30T04:00:00+0200,85.46,MW,FR,FR,actual_offshore_wind_generation,Wind Offshore | Actual Aggregated,2026-06-27T15:47:42Z
2026-06-27T15:46:33Z,2026-06-27T17:46:33+0200,4e541c53-98a3-4782-9d6d-b4c701b81d28,2026-05-30T02:15:00Z,2026-05-30T04:15:00+0200,90.61,MW,FR,FR,actual_offshore_wind_generation,Wind Offshore | Actual Aggregated,2026-06-27T15:47:42Z
2026-06-27T15:46:33Z,2026-06-27T17:46:33+0200,4e541c53-98a3-4782-9d6d-b4c701b81d28,2026-05-30T02:30:00Z,2026-05-30T04:30:00+0200,92.81,MW,FR,FR,actual_offshore_wind_generation,Wind Offshore | Actual Aggregated,2026-06-27T15:47:42Z
2026-06-27T15:46:33Z,2026-06-27T17:46:33+0200,4e541c53-98a3-4782-9d6d-b4c701b81d28,2026-05-30T02:45:00Z,2026-05-30T04:45:00+0200,108.03,MW,FR,FR,actual_offshore_wind_generation,Wind Offshore | Actual Aggregated,2026-06-27T15:47:42Z
2026-06-27T15:46:33Z,2026-06-27T17:46:33+0200,4e541c53-98a3-4782-9d6d-b4c701b81d28,2026-05-30T03:00:00Z,2026-05-30T05:00:00+0200,118.95,MW,FR,FR,actual_offshore_wind_generation,Wind Offshore | Actual Aggregated,2026-06-27T15:47:42Z
2026-06-27T15:46:33Z,2026-06-27T17:46:33+0200,4e541c53-98a3-4782-9d6d-b4c701b81d28,2026-05-30T03:15:00Z,2026-05-30T05:15:00+0200,142.31,MW,FR,FR,actual_offshore_wind_generation,Wind Offshore | Actual Aggregated,2026-06-27T15:47:42Z
2026-06-27T15:46:33Z,2026-06-27T17:46:33+0200,4e541c53-98a3-4782-9d6d-b4c701b81d28,2026-05-30T03:30:00Z,2026-05-30T05:30:00+0200,148.63,MW,FR,FR,actual_offshore_wind_generation,Wind Offshore | Actual Aggregated,2026-06-27T15:47:42Z
2026-06-27T15:46:33Z,2026-06-27T17:46:33+0200,4e541c53-98a3-4782-9d6d-b4c701b81d28,2026-05-30T03:45:00Z,2026-05-30T05:45:00+0200,138.44,MW,FR,FR,actual_offshore_wind_generation,Wind Offshore | Actual Aggregated,2026-06-27T15:47:42Z
2026-06-27T15:46:33Z,2026-06-27T17:46:33+0200,4e541c53-98a3-4782-9d6d-b4c701b81d28,2026-05-30T04:00:00Z,2026-05-30T06:00:00+0200,122.23,MW,FR,FR,actual_offshore_wind_generation,Wind Offshore | Actual Aggregated,2026-06-27T15:47:42Z
2026-06-27T15:46:33Z,2026-06-27T17:46:33+0200,4e541c53-98a3-4782-9d6d-b4c701b81d28,2026-05-30T04:15:00Z,2026-05-30T06:15:00+0200,115.93,MW,FR,FR,actual_offshore_wind_generation,Wind Offshore | Actual Aggregated,2026-06-27T15:47:42Z
2026-06-27T15:46:33Z,2026-06-27T17:46:33+0200,4e541c53-98a3-4782-9d6d-b4c701b81d28,2026-05-30T04:30:00Z,2026-05-30T06:30:00+0200,101.01,MW,FR,FR,actual_offshore_wind_generation,Wind Offshore | Actual Aggregated,2026-06-27T15:47:42Z
2026-06-27T15:46:33Z,2026-06-27T17:46:33+0200,4e541c53-98a3-4782-9d6d-b4c701b81d28,2026-05-30T04:45:00Z,2026-05-30T06:45:00+0200,80.47,MW,FR,FR,actual_offshore_wind_generation,Wind Offshore | Actual Aggregated,2026-06-27T15:47:42Z
2026-06-27T15:46:33Z,2026-06-27T17:46:33+0200,4e541c53-98a3-4782-9d6d-b4c701b81d28,2026-05-30T05:00:00Z,2026-05-30T07:00:00+0200,74.03,MW,FR,FR,actual_offshore_wind_generation,Wind Offshore | Actual Aggregated,2026-06-27T15:47:42Z
2026-06-27T15:46:33Z,2026-06-27T17:46:33+0200,4e541c53-98a3-4782-9d6d-b4c701b81d28,2026-05-30T05:15:00Z,2026-05-30T07:15:00+0200,88.56,MW,FR,FR,actual_offshore_wind_generation,Wind Offshore | Actual Aggregated,2026-06-27T15:47:42Z
2026-06-27T15:46:33Z,2026-06-27T17:46:33+0200,4e541c53-98a3-4782-9d6d-b4c701b81d28,2026-05-30T05:30:00Z,2026-05-30T07:30:00+0200,90.21,MW,FR,FR,actual_offshore_wind_generation,Wind Offshore | Actual Aggregated,2026-06-27T15:47:42Z
2026-06-27T15:46:33Z,2026-06-27T17:46:33+0200,4e541c53-98a3-4782-9d6d-b4c701b81d28,2026-05-30T05:45:00Z,2026-05-30T07:45:00+0200,80.6,MW,FR,FR,actual_offshore_wind_generation,Wind Offshore | Actual Aggregated,2026-06-27T15:47:42Z
2026-06-27T15:46:33Z,2026-06-27T17:46:33+0200,4e541c53-98a3-4782-9d6d-b4c701b81d28,2026-05-30T06:00:00Z,2026-05-30T08:00:00+0200,61.47,MW,FR,FR,actual_offshore_wind_generation,Wind Offshore | Actual Aggregated,2026-06-27T15:47:42Z
2026-06-27T15:46:33Z,2026-06-27T17:46:33+0200,4e541c53-98a3-4782-9d6d-b4c701b81d28,2026-05-30T06:15:00Z,2026-05-30T08:15:00+0200,55.09,MW,FR,FR,actual_offshore_wind_generation,Wind Offshore | Actual Aggregated,2026-06-27T15:47:42Z
2026-06-27T15:46:33Z,2026-06-27T17:46:33+0200,4e541c53-98a3-4782-9d6d-b4c701b81d28,2026-05-30T06:30:00Z,2026-05-30T08:30:00+0200,53.06,MW,FR,FR,actual_offshore_wind_generation,Wind Offshore | Actual Aggregated,2026-06-27T15:47:42Z
2026-06-27T15:46:33Z,2026-06-27T17:46:33+0200,4e541c53-98a3-4782-9d6d-b4c701b81d28,2026-05-30T06:45:00Z,2026-05-30T08:45:00+0200,38.12,MW,FR,FR,actual_offshore_wind_generation,Wind Offshore | Actual Aggregated,2026-06-27T15:47:42Z
2026-06-27T15:46:33Z,2026-06-27T17:46:33+0200,4e541c53-98a3-4782-9d6d-b4c701b81d28,2026-05-30T07:00:00Z,2026-05-30T09:00:00+0200,35.4,MW,FR,FR,actual_offshore_wind_generation,Wind Offshore | Actual Aggregated,2026-06-27T15:47:42Z
2026-06-27T15:46:33Z,2026-06-27T17:46:33+0200,4e541c53-98a3-4782-9d6d-b4c701b81d28,2026-05-30T07:15:00Z,2026-05-30T09:15:00+0200,41.0,MW,FR,FR,actual_offshore_wind_generation,Wind Offshore | Actual Aggregated,2026-06-27T15:47:42Z
2026-06-27T15:46:33Z,2026-06-27T17:46:33+0200,4e541c53-98a3-4782-9d6d-b4c701b81d28,2026-05-30T07:30:00Z,2026-05-30T09:30:00+0200,43.87,MW,FR,FR,actual_offshore_wind_generation,Wind Offshore | Actual Aggregated,2026-06-27T15:47:42Z
2026-06-27T15:46:33Z,2026-06-27T17:46:33+0200,4e541c53-98a3-4782-9d6d-b4c701b81d28,2026-05-30T07:45:00Z,2026-05-30T09:45:00+0200,33.92,MW,FR,FR,actual_offshore_wind_generation,Wind Offshore | Actual Aggregated,2026-06-27T15:47:42Z
2026-06-27T15:46:33Z,2026-06-27T17:46:33+0200,4e541c53-98a3-4782-9d6d-b4c701b81d28,2026-05-30T08:00:00Z,2026-05-30T10:00:00+0200,25.99,MW,FR,FR,actual_offshore_wind_generation,Wind Offshore | Actual Aggregated,2026-06-27T15:47:42Z
2026-06-27T15:46:33Z,2026-06-27T17:46:33+0200,4e541c53-98a3-4782-9d6d-b4c701b81d28,2026-05-30T08:15:00Z,2026-05-30T10:15:00+0200,29.49,MW,FR,FR,actual_offshore_wind_generation,Wind Offshore | Actual Aggregated,2026-06-27T15:47:42Z
2026-06-27T15:46:33Z,2026-06-27T17:46:33+0200,4e541c53-98a3-4782-9d6d-b4c701b81d28,2026-05-30T08:30:00Z,2026-05-30T10:30:00+0200,36.57,MW,FR,FR,actual_offshore_wind_generation,Wind Offshore | Actual Aggregated,2026-06-27T15:47:42Z
2026-06-27T15:46:33Z,2026-06-27T17:46:33+0200,4e541c53-98a3-4782-9d6d-b4c701b81d28,2026-05-30T08:45:00Z,2026-05-30T10:45:00+0200,47.17,MW,FR,FR,actual_offshore_wind_generation,Wind Offshore | Actual Aggregated,2026-06-27T15:47:42Z
2026-06-27T15:46:33Z,2026-06-27T17:46:33+0200,4e541c53-98a3-4782-9d6d-b4c701b81d28,2026-05-30T09:00:00Z,2026-05-30T11:00:00+0200,46.82,MW,FR,FR,actual_offshore_wind_generation,Wind Offshore | Actual Aggregated,2026-06-27T15:47:42Z
2026-06-27T15:46:33Z,2026-06-27T17:46:33+0200,4e541c53-98a3-4782-9d6d-b4c701b81d28,2026-05-30T09:15:00Z,2026-05-30T11:15:00+0200,24.55,MW,FR,FR,actual_offshore_wind_generation,Wind Offshore | Actual Aggregated,2026-06-27T15:47:42Z
2026-06-27T15:46:33Z,2026-06-27T17:46:33+0200,4e541c53-98a3-4782-9d6d-b4c701b81d28,2026-05-30T09:30:00Z,2026-05-30T11:30:00+0200,38.89,MW,FR,FR,actual_offshore_wind_generation,Wind Offshore | Actual Aggregated,2026-06-27T15:47:42Z
2026-06-27T15:46:33Z,2026-06-27T17:46:33+0200,4e541c53-98a3-4782-9d6d-b4c701b81d28,2026-05-30T09:45:00Z,2026-05-30T11:45:00+0200,47.66,MW,FR,FR,actual_offshore_wind_generation,Wind Offshore | Actual Aggregated,2026-06-27T15:47:42Z
2026-06-27T15:46:33Z,2026-06-27T17:46:33+0200,4e541c53-98a3-4782-9d6d-b4c701b81d28,2026-05-30T10:00:00Z,2026-05-30T12:00:00+0200,44.09,MW,FR,FR,actual_offshore_wind_generation,Wind Offshore | Actual Aggregated,2026-06-27T15:47:42Z
2026-06-27T15:46:33Z,2026-06-27T17:46:33+0200,4e541c53-98a3-4782-9d6d-b4c701b81d28,2026-05-30T10:15:00Z,2026-05-30T12:15:00+0200,37.94,MW,FR,FR,actual_offshore_wind_generation,Wind Offshore | Actual Aggregated,2026-06-27T15:47:42Z
2026-06-27T15:46:33Z,2026-06-27T17:46:33+0200,4e541c53-98a3-4782-9d6d-b4c701b81d28,2026-05-30T10:30:00Z,2026-05-30T12:30:00+0200,40.56,MW,FR,FR,actual_offshore_wind_generation,Wind Offshore | Actual Aggregated,2026-06-27T15:47:42Z
2026-06-27T15:46:33Z,2026-06-27T17:46:33+0200,4e541c53-98a3-4782-9d6d-b4c701b81d28,2026-05-30T10:45:00Z,2026-05-30T12:45:00+0200,39.94,MW,FR,FR,actual_offshore_wind_generation,Wind Offshore | Actual Aggregated,2026-06-27T15:47:42Z
2026-06-27T15:46:33Z,2026-06-27T17:46:33+0200,4e541c53-98a3-4782-9d6d-b4c701b81d28,2026-05-30T11:00:00Z,2026-05-30T13:00:00+0200,29.11,MW,FR,FR,actual_offshore_wind_generation,Wind Offshore | Actual Aggregated,2026-06-27T15:47:42Z
2026-06-27T15:46:33Z,2026-06-27T17:46:33+0200,4e541c53-98a3-4782-9d6d-b4c701b81d28,2026-05-30T11:15:00Z,2026-05-30T13:15:00+0200,25.28,MW,FR,FR,actual_offshore_wind_generation,Wind Offshore | Actual Aggregated,2026-06-27T15:47:42Z
2026-06-27T15:46:33Z,2026-06-27T17:46:33+0200,4e541c53-98a3-4782-9d6d-b4c701b81d28,2026-05-30T11:30:00Z,2026-05-30T13:30:00+0200,20.92,MW,FR,FR,actual_offshore_wind_generation,Wind Offshore | Actual Aggregated,2026-06-27T15:47:42Z
2026-06-27T15:46:33Z,2026-06-27T17:46:33+0200,4e541c53-98a3-4782-9d6d-b4c701b81d28,2026-05-30T11:45:00Z,2026-05-30T13:45:00+0200,25.89,MW,FR,FR,actual_offshore_wind_generation,Wind Offshore | Actual Aggregated,2026-06-27T15:47:42Z
2026-06-27T15:46:33Z,2026-06-27T17:46:33+0200,4e541c53-98a3-4782-9d6d-b4c701b81d28,2026-05-30T12:00:00Z,2026-05-30T14:00:00+0200,31.4,MW,FR,FR,actual_offshore_wind_generation,Wind Offshore | Actual Aggregated,2026-06-27T15:47:42Z
2026-06-27T15:46:33Z,2026-06-27T17:46:33+0200,4e541c53-98a3-4782-9d6d-b4c701b81d28,2026-05-30T12:15:00Z,2026-05-30T14:15:00+0200,34.4,MW,FR,FR,actual_offshore_wind_generation,Wind Offshore | Actual Aggregated,2026-06-27T15:47:42Z
2026-06-27T15:46:33Z,2026-06-27T17:46:33+0200,4e541c53-98a3-4782-9d6d-b4c701b81d28,2026-05-30T12:30:00Z,2026-05-30T14:30:00+0200,54.67,MW,FR,FR,actual_offshore_wind_generation,Wind Offshore | Actual Aggregated,2026-06-27T15:47:42Z
2026-06-27T15:46:33Z,2026-06-27T17:46:33+0200,4e541c53-98a3-4782-9d6d-b4c701b81d28,2026-05-30T12:45:00Z,2026-05-30T14:45:00+0200,48.81,MW,FR,FR,actual_offshore_wind_generation,Wind Offshore | Actual Aggregated,2026-06-27T15:47:42Z
2026-06-27T15:46:33Z,2026-06-27T17:46:33+0200,4e541c53-98a3-4782-9d6d-b4c701b81d28,2026-05-30T13:00:00Z,2026-05-30T15:00:00+0200,55.11,MW,FR,FR,actual_offshore_wind_generation,Wind Offshore | Actual Aggregated,2026-06-27T15:47:42Z
2026-06-27T15:46:33Z,2026-06-27T17:46:33+0200,4e541c53-98a3-4782-9d6d-b4c701b81d28,2026-05-30T13:15:00Z,2026-05-30T15:15:00+0200,91.06,MW,FR,FR,actual_offshore_wind_generation,Wind Offshore | Actual Aggregated,2026-06-27T15:47:42Z
2026-06-27T15:46:33Z,2026-06-27T17:46:33+0200,4e541c53-98a3-4782-9d6d-b4c701b81d28,2026-05-30T13:30:00Z,2026-05-30T15:30:00+0200,126.53,MW,FR,FR,actual_offshore_wind_generation,Wind Offshore | Actual Aggregated,2026-06-27T15:47:42Z
2026-06-27T15:46:33Z,2026-06-27T17:46:33+0200,4e541c53-98a3-4782-9d6d-b4c701b81d28,2026-05-30T13:45:00Z,2026-05-30T15:45:00+0200,127.65,MW,FR,FR,actual_offshore_wind_generation,Wind Offshore | Actual Aggregated,2026-06-27T15:47:42Z
2026-06-27T15:46:33Z,2026-06-27T17:46:33+0200,4e541c53-98a3-4782-9d6d-b4c701b81d28,2026-05-30T14:00:00Z,2026-05-30T16:00:00+0200,126.21,MW,FR,FR,actual_offshore_wind_generation,Wind Offshore | Actual Aggregated,2026-06-27T15:47:42Z
2026-06-27T15:46:33Z,2026-06-27T17:46:33+0200,4e541c53-98a3-4782-9d6d-b4c701b81d28,2026-05-30T14:15:00Z,2026-05-30T16:15:00+0200,124.53,MW,FR,FR,actual_offshore_wind_generation,Wind Offshore | Actual Aggregated,2026-06-27T15:47:42Z
2026-06-27T15:46:33Z,2026-06-27T17:46:33+0200,4e541c53-98a3-4782-9d6d-b4c701b81d28,2026-05-30T14:30:00Z,2026-05-30T16:30:00+0200,130.41,MW,FR,FR,actual_offshore_wind_generation,Wind Offshore | Actual Aggregated,2026-06-27T15:47:42Z
2026-06-27T15:46:33Z,2026-06-27T17:46:33+0200,4e541c53-98a3-4782-9d6d-b4c701b81d28,2026-05-30T14:45:00Z,2026-05-30T16:45:00+0200,136.81,MW,FR,FR,actual_offshore_wind_generation,Wind Offshore | Actual Aggregated,2026-06-27T15:47:42Z
2026-06-27T15:46:33Z,2026-06-27T17:46:33+0200,4e541c53-98a3-4782-9d6d-b4c701b81d28,2026-05-30T15:00:00Z,2026-05-30T17:00:00+0200,124.99,MW,FR,FR,actual_offshore_wind_generation,Wind Offshore | Actual Aggregated,2026-06-27T15:47:42Z
2026-06-27T15:46:33Z,2026-06-27T17:46:33+0200,4e541c53-98a3-4782-9d6d-b4c701b81d28,2026-05-30T15:15:00Z,2026-05-30T17:15:00+0200,125.37,MW,FR,FR,actual_offshore_wind_generation,Wind Offshore | Actual Aggregated,2026-06-27T15:47:42Z
2026-06-27T15:46:33Z,2026-06-27T17:46:33+0200,4e541c53-98a3-4782-9d6d-b4c701b81d28,2026-05-30T15:30:00Z,2026-05-30T17:30:00+0200,139.78,MW,FR,FR,actual_offshore_wind_generation,Wind Offshore | Actual Aggregated,2026-06-27T15:47:42Z
2026-06-27T15:46:33Z,2026-06-27T17:46:33+0200,4e541c53-98a3-4782-9d6d-b4c701b81d28,2026-05-30T15:45:00Z,2026-05-30T17:45:00+0200,119.96,MW,FR,FR,actual_offshore_wind_generation,Wind Offshore | Actual Aggregated,2026-06-27T15:47:42Z
2026-06-27T15:46:33Z,2026-06-27T17:46:33+0200,4e541c53-98a3-4782-9d6d-b4c701b81d28,2026-05-30T16:00:00Z,2026-05-30T18:00:00+0200,125.97,MW,FR,FR,actual_offshore_wind_generation,Wind Offshore | Actual Aggregated,2026-06-27T15:47:42Z
2026-06-27T15:46:33Z,2026-06-27T17:46:33+0200,4e541c53-98a3-4782-9d6d-b4c701b81d28,2026-05-30T16:15:00Z,2026-05-30T18:15:00+0200,138.28,MW,FR,FR,actual_offshore_wind_generation,Wind Offshore | Actual Aggregated,2026-06-27T15:47:42Z
2026-06-27T15:46:33Z,2026-06-27T17:46:33+0200,4e541c53-98a3-4782-9d6d-b4c701b81d28,2026-05-30T16:30:00Z,2026-05-30T18:30:00+0200,226.39,MW,FR,FR,actual_offshore_wind_generation,Wind Offshore | Actual Aggregated,2026-06-27T15:47:42Z
2026-06-27T15:46:33Z,2026-06-27T17:46:33+0200,4e541c53-98a3-4782-9d6d-b4c701b81d28,2026-05-30T16:45:00Z,2026-05-30T18:45:00+0200,238.71,MW,FR,FR,actual_offshore_wind_generation,Wind Offshore | Actual Aggregated,2026-06-27T15:47:42Z
2026-06-27T15:46:33Z,2026-06-27T17:46:33+0200,4e541c53-98a3-4782-9d6d-b4c701b81d28,2026-05-30T17:00:00Z,2026-05-30T19:00:00+0200,283.39,MW,FR,FR,actual_offshore_wind_generation,Wind Offshore | Actual Aggregated,2026-06-27T15:47:42Z
2026-06-27T15:46:33Z,2026-06-27T17:46:33+0200,4e541c53-98a3-4782-9d6d-b4c701b81d28,2026-05-30T17:15:00Z,2026-05-30T19:15:00+0200,364.18,MW,FR,FR,actual_offshore_wind_generation,Wind Offshore | Actual Aggregated,2026-06-27T15:47:42Z
2026-06-27T15:46:33Z,2026-06-27T17:46:33+0200,4e541c53-98a3-4782-9d6d-b4c701b81d28,2026-05-30T17:30:00Z,2026-05-30T19:30:00+0200,425.31,MW,FR,FR,actual_offshore_wind_generation,Wind Offshore | Actual Aggregated,2026-06-27T15:47:42Z
2026-06-27T15:46:33Z,2026-06-27T17:46:33+0200,4e541c53-98a3-4782-9d6d-b4c701b81d28,2026-05-30T17:45:00Z,2026-05-30T19:45:00+0200,526.98,MW,FR,FR,actual_offshore_wind_generation,Wind Offshore | Actual Aggregated,2026-06-27T15:47:42Z
2026-06-27T15:46:33Z,2026-06-27T17:46:33+0200,4e541c53-98a3-4782-9d6d-b4c701b81d28,2026-05-30T18:00:00Z,2026-05-30T20:00:00+0200,565.32,MW,FR,FR,actual_offshore_wind_generation,Wind Offshore | Actual Aggregated,2026-06-27T15:47:42Z
2026-06-27T15:46:33Z,2026-06-27T17:46:33+0200,4e541c53-98a3-4782-9d6d-b4c701b81d28,2026-05-30T18:15:00Z,2026-05-30T20:15:00+0200,535.89,MW,FR,FR,actual_offshore_wind_generation,Wind Offshore | Actual Aggregated,2026-06-27T15:47:42Z
2026-06-27T15:46:33Z,2026-06-27T17:46:33+0200,4e541c53-98a3-4782-9d6d-b4c701b81d28,2026-05-30T18:30:00Z,2026-05-30T20:30:00+0200,573.34,MW,FR,FR,actual_offshore_wind_generation,Wind Offshore | Actual Aggregated,2026-06-27T15:47:42Z
2026-06-27T15:46:33Z,2026-06-27T17:46:33+0200,4e541c53-98a3-4782-9d6d-b4c701b81d28,2026-05-30T18:45:00Z,2026-05-30T20:45:00+0200,750.84,MW,FR,FR,actual_offshore_wind_generation,Wind Offshore | Actual Aggregated,2026-06-27T15:47:42Z
2026-06-27T15:46:33Z,2026-06-27T17:46:33+0200,4e541c53-98a3-4782-9d6d-b4c701b81d28,2026-05-30T19:00:00Z,2026-05-30T21:00:00+0200,960.78,MW,FR,FR,actual_offshore_wind_generation,Wind Offshore | Actual Aggregated,2026-06-27T15:47:42Z
2026-06-27T15:46:33Z,2026-06-27T17:46:33+0200,4e541c53-98a3-4782-9d6d-b4c701b81d28,2026-05-30T19:15:00Z,2026-05-30T21:15:00+0200,1021.29,MW,FR,FR,actual_offshore_wind_generation,Wind Offshore | Actual Aggregated,2026-06-27T15:47:42Z
2026-06-27T15:46:33Z,2026-06-27T17:46:33+0200,4e541c53-98a3-4782-9d6d-b4c701b81d28,2026-05-30T19:30:00Z,2026-05-30T21:30:00+0200,1129.73,MW,FR,FR,actual_offshore_wind_generation,Wind Offshore | Actual Aggregated,2026-06-27T15:47:42Z
2026-06-27T15:46:33Z,2026-06-27T17:46:33+0200,4e541c53-98a3-4782-9d6d-b4c701b81d28,2026-05-30T19:45:00Z,2026-05-30T21:45:00+0200,1145.18,MW,FR,FR,actual_offshore_wind_generation,Wind Offshore | Actual Aggregated,2026-06-27T15:47:42Z
2026-06-27T15:46:33Z,2026-06-27T17:46:33+0200,4e541c53-98a3-4782-9d6d-b4c701b81d28,2026-05-30T20:00:00Z,2026-05-30T22:00:00+0200,1055.34,MW,FR,FR,actual_offshore_wind_generation,Wind Offshore | Actual Aggregated,2026-06-27T15:47:42Z
2026-06-27T15:46:33Z,2026-06-27T17:46:33+0200,4e541c53-98a3-4782-9d6d-b4c701b81d28,2026-05-30T20:15:00Z,2026-05-30T22:15:00+0200,1094.64,MW,FR,FR,actual_offshore_wind_generation,Wind Offshore | Actual Aggregated,2026-06-27T15:47:42Z
2026-06-27T15:46:33Z,2026-06-27T17:46:33+0200,4e541c53-98a3-4782-9d6d-b4c701b81d28,2026-05-30T20:30:00Z,2026-05-30T22:30:00+0200,1180.48,MW,FR,FR,actual_offshore_wind_generation,Wind Offshore | Actual Aggregated,2026-06-27T15:47:42Z
2026-06-27T15:46:33Z,2026-06-27T17:46:33+0200,4e541c53-98a3-4782-9d6d-b4c701b81d28,2026-05-30T20:45:00Z,2026-05-30T22:45:00+0200,1311.15,MW,FR,FR,actual_offshore_wind_generation,Wind Offshore | Actual Aggregated,2026-06-27T15:47:42Z
2026-06-27T15:46:33Z,2026-06-27T17:46:33+0200,4e541c53-98a3-4782-9d6d-b4c701b81d28,2026-05-30T21:00:00Z,2026-05-30T23:00:00+0200,1381.76,MW,FR,FR,actual_offshore_wind_generation,Wind Offshore | Actual Aggregated,2026-06-27T15:47:42Z
2026-06-27T15:46:33Z,2026-06-27T17:46:33+0200,4e541c53-98a3-4782-9d6d-b4c701b81d28,2026-05-30T21:15:00Z,2026-05-30T23:15:00+0200,1416.19,MW,FR,FR,actual_offshore_wind_generation,Wind Offshore | Actual Aggregated,2026-06-27T15:47:42Z
2026-06-27T15:46:33Z,2026-06-27T17:46:33+0200,4e541c53-98a3-4782-9d6d-b4c701b81d28,2026-05-30T21:30:00Z,2026-05-30T23:30:00+0200,1321.71,MW,FR,FR,actual_offshore_wind_generation,Wind Offshore | Actual Aggregated,2026-06-27T15:47:42Z
2026-06-27T15:46:33Z,2026-06-27T17:46:33+0200,4e541c53-98a3-4782-9d6d-b4c701b81d28,2026-05-30T21:45:00Z,2026-05-30T23:45:00+0200,1173.99,MW,FR,FR,actual_offshore_wind_generation,Wind Offshore | Actual Aggregated,2026-06-27T15:47:42Z
2026-06-27T15:46:33Z,2026-06-27T17:46:33+0200,4e541c53-98a3-4782-9d6d-b4c701b81d28,2026-05-30T22:00:00Z,2026-05-31T00:00:00+0200,1173.94,MW,FR,FR,actual_offshore_wind_generation,Wind Offshore | Actual Aggregated,2026-06-27T15:47:42Z
2026-06-27T15:46:33Z,2026-06-27T17:46:33+0200,4e541c53-98a3-4782-9d6d-b4c701b81d28,2026-05-30T22:15:00Z,2026-05-31T00:15:00+0200,1151.14,MW,FR,FR,actual_offshore_wind_generation,Wind Offshore | Actual Aggregated,2026-06-27T15:47:42Z
2026-06-27T15:46:33Z,2026-06-27T17:46:33+0200,4e541c53-98a3-4782-9d6d-b4c701b81d28,2026-05-30T22:30:00Z,2026-05-31T00:30:00+0200,1040.19,MW,FR,FR,actual_offshore_wind_generation,Wind Offshore | Actual Aggregated,2026-06-27T15:47:42Z
2026-06-27T15:46:33Z,2026-06-27T17:46:33+0200,4e541c53-98a3-4782-9d6d-b4c701b81d28,2026-05-30T22:45:00Z,2026-05-31T00:45:00+0200,930.0,MW,FR,FR,actual_offshore_wind_generation,Wind Offshore | Actual Aggregated,2026-06-27T15:47:42Z
2026-06-27T15:46:33Z,2026-06-27T17:46:33+0200,4e541c53-98a3-4782-9d6d-b4c701b81d28,2026-05-30T23:00:00Z,2026-05-31T01:00:00+0200,835.43,MW,FR,FR,actual_offshore_wind_generation,Wind Offshore | Actual Aggregated,2026-06-27T15:47:42Z
2026-06-27T15:46:33Z,2026-06-27T17:46:33+0200,4e541c53-98a3-4782-9d6d-b4c701b81d28,2026-05-30T23:15:00Z,2026-05-31T01:15:00+0200,766.31,MW,FR,FR,actual_offshore_wind_generation,Wind Offshore | Actual Aggregated,2026-06-27T15:47:42Z
2026-06-27T15:46:33Z,2026-06-27T17:46:33+0200,4e541c53-98a3-4782-9d6d-b4c701b81d28,2026-05-30T23:30:00Z,2026-05-31T01:30:00+0200,782.5,MW,FR,FR,actual_offshore_wind_generation,Wind Offshore | Actual Aggregated,2026-06-27T15:47:42Z
2026-06-27T15:46:33Z,2026-06-27T17:46:33+0200,4e541c53-98a3-4782-9d6d-b4c701b81d28,2026-05-30T23:45:00Z,2026-05-31T01:45:00+0200,832.35,MW,FR,FR,actual_offshore_wind_generation,Wind Offshore | Actual Aggregated,2026-06-27T15:47:42Z
2026-06-27T15:46:33Z,2026-06-27T17:46:33+0200,4e541c53-98a3-4782-9d6d-b4c701b81d28,2026-05-31T00:00:00Z,2026-05-31T02:00:00+0200,745.73,MW,FR,FR,actual_offshore_wind_generation,Wind Offshore | Actual Aggregated,2026-06-27T15:47:42Z
2026-06-27T15:46:33Z,2026-06-27T17:46:33+0200,4e541c53-98a3-4782-9d6d-b4c701b81d28,2026-05-31T00:15:00Z,2026-05-31T02:15:00+0200,705.0,MW,FR,FR,actual_offshore_wind_generation,Wind Offshore | Actual Aggregated,2026-06-27T15:47:42Z
2026-06-27T15:46:33Z,2026-06-27T17:46:33+0200,4e541c53-98a3-4782-9d6d-b4c701b81d28,2026-05-31T00:30:00Z,2026-05-31T02:30:00+0200,741.71,MW,FR,FR,actual_offshore_wind_generation,Wind Offshore | Actual Aggregated,2026-06-27T15:47:42Z
2026-06-27T15:46:33Z,2026-06-27T17:46:33+0200,4e541c53-98a3-4782-9d6d-b4c701b81d28,2026-05-31T00:45:00Z,2026-05-31T02:45:00+0200,760.81,MW,FR,FR,actual_offshore_wind_generation,Wind Offshore | Actual Aggregated,2026-06-27T15:47:42Z
2026-06-27T15:46:33Z,2026-06-27T17:46:33+0200,4e541c53-98a3-4782-9d6d-b4c701b81d28,2026-05-31T01:00:00Z,2026-05-31T03:00:00+0200,709.83,MW,FR,FR,actual_offshore_wind_generation,Wind Offshore | Actual Aggregated,2026-06-27T15:47:42Z
2026-06-27T15:46:33Z,2026-06-27T17:46:33+0200,4e541c53-98a3-4782-9d6d-b4c701b81d28,2026-05-31T01:15:00Z,2026-05-31T03:15:00+0200,717.08,MW,FR,FR,actual_offshore_wind_generation,Wind Offshore | Actual Aggregated,2026-06-27T15:47:42Z
2026-06-27T15:46:33Z,2026-06-27T17:46:33+0200,4e541c53-98a3-4782-9d6d-b4c701b81d28,2026-05-31T01:30:00Z,2026-05-31T03:30:00+0200,637.36,MW,FR,FR,actual_offshore_wind_generation,Wind Offshore | Actual Aggregated,2026-06-27T15:47:42Z
2026-06-27T15:46:33Z,2026-06-27T17:46:33+0200,4e541c53-98a3-4782-9d6d-b4c701b81d28,2026-05-31T01:45:00Z,2026-05-31T03:45:00+0200,611.57,MW,FR,FR,actual_offshore_wind_generation,Wind Offshore | Actual Aggregated,2026-06-27T15:47:42Z
2026-06-27T15:46:33Z,2026-06-27T17:46:33+0200,4e541c53-98a3-4782-9d6d-b4c701b81d28,2026-05-31T02:00:00Z,2026-05-31T04:00:00+0200,551.51,MW,FR,FR,actual_offshore_wind_generation,Wind Offshore | Actual Aggregated,2026-06-27T15:47:42Z
2026-06-27T15:46:33Z,2026-06-27T17:46:33+0200,4e541c53-98a3-4782-9d6d-b4c701b81d28,2026-05-31T02:15:00Z,2026-05-31T04:15:00+0200,524.61,MW,FR,FR,actual_offshore_wind_generation,Wind Offshore | Actual Aggregated,2026-06-27T15:47:42Z
2026-06-27T15:46:33Z,2026-06-27T17:46:33+0200,4e541c53-98a3-4782-9d6d-b4c701b81d28,2026-05-31T02:30:00Z,2026-05-31T04:30:00+0200,539.74,MW,FR,FR,actual_offshore_wind_generation,Wind Offshore | Actual Aggregated,2026-06-27T15:47:42Z
2026-06-27T15:46:33Z,2026-06-27T17:46:33+0200,4e541c53-98a3-4782-9d6d-b4c701b81d28,2026-05-31T02:45:00Z,2026-05-31T04:45:00+0200,517.91,MW,FR,FR,actual_offshore_wind_generation,Wind Offshore | Actual Aggregated,2026-06-27T15:47:42Z
2026-06-27T15:46:33Z,2026-06-27T17:46:33+0200,4e541c53-98a3-4782-9d6d-b4c701b81d28,2026-05-31T03:00:00Z,2026-05-31T05:00:00+0200,522.58,MW,FR,FR,actual_offshore_wind_generation,Wind Offshore | Actual Aggregated,2026-06-27T15:47:42Z
2026-06-27T15:46:33Z,2026-06-27T17:46:33+0200,4e541c53-98a3-4782-9d6d-b4c701b81d28,2026-05-31T03:15:00Z,2026-05-31T05:15:00+0200,506.19,MW,FR,FR,actual_offshore_wind_generation,Wind Offshore | Actual Aggregated,2026-06-27T15:47:42Z
2026-06-27T15:46:33Z,2026-06-27T17:46:33+0200,4e541c53-98a3-4782-9d6d-b4c701b81d28,2026-05-31T03:30:00Z,2026-05-31T05:30:00+0200,483.7,MW,FR,FR,actual_offshore_wind_generation,Wind Offshore | Actual Aggregated,2026-06-27T15:47:42Z
2026-06-27T15:46:33Z,2026-06-27T17:46:33+0200,4e541c53-98a3-4782-9d6d-b4c701b81d28,2026-05-31T03:45:00Z,2026-05-31T05:45:00+0200,485.4,MW,FR,FR,actual_offshore_wind_generation,Wind Offshore | Actual Aggregated,2026-06-27T15:47:42Z
2026-06-27T15:46:33Z,2026-06-27T17:46:33+0200,4e541c53-98a3-4782-9d6d-b4c701b81d28,2026-05-31T04:00:00Z,2026-05-31T06:00:00+0200,503.09,MW,FR,FR,actual_offshore_wind_generation,Wind Offshore | Actual Aggregated,2026-06-27T15:47:42Z
2026-06-27T15:46:33Z,2026-06-27T17:46:33+0200,4e541c53-98a3-4782-9d6d-b4c701b81d28,2026-05-31T04:15:00Z,2026-05-31T06:15:00+0200,486.9,MW,FR,FR,actual_offshore_wind_generation,Wind Offshore | Actual Aggregated,2026-06-27T15:47:42Z
2026-06-27T15:46:33Z,2026-06-27T17:46:33+0200,4e541c53-98a3-4782-9d6d-b4c701b81d28,2026-05-31T04:30:00Z,2026-05-31T06:30:00+0200,460.37,MW,FR,FR,actual_offshore_wind_generation,Wind Offshore | Actual Aggregated,2026-06-27T15:47:42Z
2026-06-27T15:46:33Z,2026-06-27T17:46:33+0200,4e541c53-98a3-4782-9d6d-b4c701b81d28,2026-05-31T04:45:00Z,2026-05-31T06:45:00+0200,425.25,MW,FR,FR,actual_offshore_wind_generation,Wind Offshore | Actual Aggregated,2026-06-27T15:47:42Z
2026-06-27T15:46:33Z,2026-06-27T17:46:33+0200,4e541c53-98a3-4782-9d6d-b4c701b81d28,2026-05-31T05:00:00Z,2026-05-31T07:00:00+0200,382.56,MW,FR,FR,actual_offshore_wind_generation,Wind Offshore | Actual Aggregated,2026-06-27T15:47:42Z
2026-06-27T15:46:33Z,2026-06-27T17:46:33+0200,4e541c53-98a3-4782-9d6d-b4c701b81d28,2026-05-31T05:15:00Z,2026-05-31T07:15:00+0200,415.32,MW,FR,FR,actual_offshore_wind_generation,Wind Offshore | Actual Aggregated,2026-06-27T15:47:42Z
2026-06-27T15:46:33Z,2026-06-27T17:46:33+0200,4e541c53-98a3-4782-9d6d-b4c701b81d28,2026-05-31T05:30:00Z,2026-05-31T07:30:00+0200,444.49,MW,FR,FR,actual_offshore_wind_generation,Wind Offshore | Actual Aggregated,2026-06-27T15:47:42Z
2026-06-27T15:46:33Z,2026-06-27T17:46:33+0200,4e541c53-98a3-4782-9d6d-b4c701b81d28,2026-05-31T05:45:00Z,2026-05-31T07:45:00+0200,496.36,MW,FR,FR,actual_offshore_wind_generation,Wind Offshore | Actual Aggregated,2026-06-27T15:47:42Z
2026-06-27T15:46:33Z,2026-06-27T17:46:33+0200,4e541c53-98a3-4782-9d6d-b4c701b81d28,2026-05-31T06:00:00Z,2026-05-31T08:00:00+0200,525.11,MW,FR,FR,actual_offshore_wind_generation,Wind Offshore | Actual Aggregated,2026-06-27T15:47:42Z
2026-06-27T15:46:33Z,2026-06-27T17:46:33+0200,4e541c53-98a3-4782-9d6d-b4c701b81d28,2026-05-31T06:15:00Z,2026-05-31T08:15:00+0200,484.95,MW,FR,FR,actual_offshore_wind_generation,Wind Offshore | Actual Aggregated,2026-06-27T15:47:42Z
2026-06-27T15:46:33Z,2026-06-27T17:46:33+0200,4e541c53-98a3-4782-9d6d-b4c701b81d28,2026-05-31T06:30:00Z,2026-05-31T08:30:00+0200,479.04,MW,FR,FR,actual_offshore_wind_generation,Wind Offshore | Actual Aggregated,2026-06-27T15:47:42Z
2026-06-27T15:46:33Z,2026-06-27T17:46:33+0200,4e541c53-98a3-4782-9d6d-b4c701b81d28,2026-05-31T06:45:00Z,2026-05-31T08:45:00+0200,512.13,MW,FR,FR,actual_offshore_wind_generation,Wind Offshore | Actual Aggregated,2026-06-27T15:47:42Z
2026-06-27T15:46:33Z,2026-06-27T17:46:33+0200,4e541c53-98a3-4782-9d6d-b4c701b81d28,2026-05-31T07:00:00Z,2026-05-31T09:00:00+0200,464.99,MW,FR,FR,actual_offshore_wind_generation,Wind Offshore | Actual Aggregated,2026-06-27T15:47:42Z
2026-06-27T15:46:33Z,2026-06-27T17:46:33+0200,4e541c53-98a3-4782-9d6d-b4c701b81d28,2026-05-31T07:15:00Z,2026-05-31T09:15:00+0200,456.41,MW,FR,FR,actual_offshore_wind_generation,Wind Offshore | Actual Aggregated,2026-06-27T15:47:42Z
2026-06-27T15:46:33Z,2026-06-27T17:46:33+0200,4e541c53-98a3-4782-9d6d-b4c701b81d28,2026-05-31T07:30:00Z,2026-05-31T09:30:00+0200,386.14,MW,FR,FR,actual_offshore_wind_generation,Wind Offshore | Actual Aggregated,2026-06-27T15:47:42Z
2026-06-27T15:46:33Z,2026-06-27T17:46:33+0200,4e541c53-98a3-4782-9d6d-b4c701b81d28,2026-05-31T07:45:00Z,2026-05-31T09:45:00+0200,395.3,MW,FR,FR,actual_offshore_wind_generation,Wind Offshore | Actual Aggregated,2026-06-27T15:47:42Z
2026-06-27T15:46:33Z,2026-06-27T17:46:33+0200,4e541c53-98a3-4782-9d6d-b4c701b81d28,2026-05-31T08:00:00Z,2026-05-31T10:00:00+0200,397.57,MW,FR,FR,actual_offshore_wind_generation,Wind Offshore | Actual Aggregated,2026-06-27T15:47:42Z
2026-06-27T15:46:33Z,2026-06-27T17:46:33+0200,4e541c53-98a3-4782-9d6d-b4c701b81d28,2026-05-31T08:15:00Z,2026-05-31T10:15:00+0200,385.1,MW,FR,FR,actual_offshore_wind_generation,Wind Offshore | Actual Aggregated,2026-06-27T15:47:42Z
2026-06-27T15:46:33Z,2026-06-27T17:46:33+0200,4e541c53-98a3-4782-9d6d-b4c701b81d28,2026-05-31T08:30:00Z,2026-05-31T10:30:00+0200,336.09,MW,FR,FR,actual_offshore_wind_generation,Wind Offshore | Actual Aggregated,2026-06-27T15:47:42Z
2026-06-27T15:46:33Z,2026-06-27T17:46:33+0200,4e541c53-98a3-4782-9d6d-b4c701b81d28,2026-05-31T08:45:00Z,2026-05-31T10:45:00+0200,364.93,MW,FR,FR,actual_offshore_wind_generation,Wind Offshore | Actual Aggregated,2026-06-27T15:47:42Z
2026-06-27T15:46:33Z,2026-06-27T17:46:33+0200,4e541c53-98a3-4782-9d6d-b4c701b81d28,2026-05-31T09:00:00Z,2026-05-31T11:00:00+0200,355.97,MW,FR,FR,actual_offshore_wind_generation,Wind Offshore | Actual Aggregated,2026-06-27T15:47:42Z
2026-06-27T15:46:33Z,2026-06-27T17:46:33+0200,4e541c53-98a3-4782-9d6d-b4c701b81d28,2026-05-31T09:15:00Z,2026-05-31T11:15:00+0200,373.31,MW,FR,FR,actual_offshore_wind_generation,Wind Offshore | Actual Aggregated,2026-06-27T15:47:42Z
2026-06-27T15:46:33Z,2026-06-27T17:46:33+0200,4e541c53-98a3-4782-9d6d-b4c701b81d28,2026-05-31T09:30:00Z,2026-05-31T11:30:00+0200,453.52,MW,FR,FR,actual_offshore_wind_generation,Wind Offshore | Actual Aggregated,2026-06-27T15:47:42Z
2026-06-27T15:46:33Z,2026-06-27T17:46:33+0200,4e541c53-98a3-4782-9d6d-b4c701b81d28,2026-05-31T09:45:00Z,2026-05-31T11:45:00+0200,510.87,MW,FR,FR,actual_offshore_wind_generation,Wind Offshore | Actual Aggregated,2026-06-27T15:47:42Z
2026-06-27T15:46:33Z,2026-06-27T17:46:33+0200,4e541c53-98a3-4782-9d6d-b4c701b81d28,2026-05-31T10:00:00Z,2026-05-31T12:00:00+0200,481.5,MW,FR,FR,actual_offshore_wind_generation,Wind Offshore | Actual Aggregated,2026-06-27T15:47:42Z
2026-06-27T15:46:33Z,2026-06-27T17:46:33+0200,4e541c53-98a3-4782-9d6d-b4c701b81d28,2026-05-31T10:15:00Z,2026-05-31T12:15:00+0200,552.57,MW,FR,FR,actual_offshore_wind_generation,Wind Offshore | Actual Aggregated,2026-06-27T15:47:42Z
2026-06-27T15:46:33Z,2026-06-27T17:46:33+0200,4e541c53-98a3-4782-9d6d-b4c701b81d28,2026-05-31T10:30:00Z,2026-05-31T12:30:00+0200,577.73,MW,FR,FR,actual_offshore_wind_generation,Wind Offshore | Actual Aggregated,2026-06-27T15:47:42Z
2026-06-27T15:46:33Z,2026-06-27T17:46:33+0200,4e541c53-98a3-4782-9d6d-b4c701b81d28,2026-05-31T10:45:00Z,2026-05-31T12:45:00+0200,539.32,MW,FR,FR,actual_offshore_wind_generation,Wind Offshore | Actual Aggregated,2026-06-27T15:47:42Z
2026-06-27T15:46:33Z,2026-06-27T17:46:33+0200,4e541c53-98a3-4782-9d6d-b4c701b81d28,2026-05-31T11:00:00Z,2026-05-31T13:00:00+0200,577.25,MW,FR,FR,actual_offshore_wind_generation,Wind Offshore | Actual Aggregated,2026-06-27T15:47:42Z
2026-06-27T15:46:33Z,2026-06-27T17:46:33+0200,4e541c53-98a3-4782-9d6d-b4c701b81d28,2026-05-31T11:15:00Z,2026-05-31T13:15:00+0200,536.12,MW,FR,FR,actual_offshore_wind_generation,Wind Offshore | Actual Aggregated,2026-06-27T15:47:42Z
2026-06-27T15:46:33Z,2026-06-27T17:46:33+0200,4e541c53-98a3-4782-9d6d-b4c701b81d28,2026-05-31T11:30:00Z,2026-05-31T13:30:00+0200,544.18,MW,FR,FR,actual_offshore_wind_generation,Wind Offshore | Actual Aggregated,2026-06-27T15:47:42Z
2026-06-27T15:46:33Z,2026-06-27T17:46:33+0200,4e541c53-98a3-4782-9d6d-b4c701b81d28,2026-05-31T11:45:00Z,2026-05-31T13:45:00+0200,560.54,MW,FR,FR,actual_offshore_wind_generation,Wind Offshore | Actual Aggregated,2026-06-27T15:47:42Z
2026-06-27T15:46:33Z,2026-06-27T17:46:33+0200,4e541c53-98a3-4782-9d6d-b4c701b81d28,2026-05-31T12:00:00Z,2026-05-31T14:00:00+0200,549.04,MW,FR,FR,actual_offshore_wind_generation,Wind Offshore | Actual Aggregated,2026-06-27T15:47:42Z
2026-06-27T15:46:33Z,2026-06-27T17:46:33+0200,4e541c53-98a3-4782-9d6d-b4c701b81d28,2026-05-31T12:15:00Z,2026-05-31T14:15:00+0200,615.19,MW,FR,FR,actual_offshore_wind_generation,Wind Offshore | Actual Aggregated,2026-06-27T15:47:42Z
2026-06-27T15:46:33Z,2026-06-27T17:46:33+0200,4e541c53-98a3-4782-9d6d-b4c701b81d28,2026-05-31T12:30:00Z,2026-05-31T14:30:00+0200,650.8,MW,FR,FR,actual_offshore_wind_generation,Wind Offshore | Actual Aggregated,2026-06-27T15:47:42Z
2026-06-27T15:46:33Z,2026-06-27T17:46:33+0200,4e541c53-98a3-4782-9d6d-b4c701b81d28,2026-05-31T12:45:00Z,2026-05-31T14:45:00+0200,670.04,MW,FR,FR,actual_offshore_wind_generation,Wind Offshore | Actual Aggregated,2026-06-27T15:47:42Z
2026-06-27T15:46:33Z,2026-06-27T17:46:33+0200,4e541c53-98a3-4782-9d6d-b4c701b81d28,2026-05-31T13:00:00Z,2026-05-31T15:00:00+0200,718.58,MW,FR,FR,actual_offshore_wind_generation,Wind Offshore | Actual Aggregated,2026-06-27T15:47:42Z
2026-06-27T15:46:33Z,2026-06-27T17:46:33+0200,4e541c53-98a3-4782-9d6d-b4c701b81d28,2026-05-31T13:15:00Z,2026-05-31T15:15:00+0200,674.37,MW,FR,FR,actual_offshore_wind_generation,Wind Offshore | Actual Aggregated,2026-06-27T15:47:42Z
2026-06-27T15:46:33Z,2026-06-27T17:46:33+0200,4e541c53-98a3-4782-9d6d-b4c701b81d28,2026-05-31T13:30:00Z,2026-05-31T15:30:00+0200,672.2,MW,FR,FR,actual_offshore_wind_generation,Wind Offshore | Actual Aggregated,2026-06-27T15:47:42Z
2026-06-27T15:46:33Z,2026-06-27T17:46:33+0200,4e541c53-98a3-4782-9d6d-b4c701b81d28,2026-05-31T13:45:00Z,2026-05-31T15:45:00+0200,673.97,MW,FR,FR,actual_offshore_wind_generation,Wind Offshore | Actual Aggregated,2026-06-27T15:47:42Z
2026-06-27T15:46:33Z,2026-06-27T17:46:33+0200,4e541c53-98a3-4782-9d6d-b4c701b81d28,2026-05-31T14:00:00Z,2026-05-31T16:00:00+0200,652.77,MW,FR,FR,actual_offshore_wind_generation,Wind Offshore | Actual Aggregated,2026-06-27T15:47:42Z
2026-06-27T15:46:33Z,2026-06-27T17:46:33+0200,4e541c53-98a3-4782-9d6d-b4c701b81d28,2026-05-31T14:15:00Z,2026-05-31T16:15:00+0200,632.32,MW,FR,FR,actual_offshore_wind_generation,Wind Offshore | Actual Aggregated,2026-06-27T15:47:42Z
2026-06-27T15:46:33Z,2026-06-27T17:46:33+0200,4e541c53-98a3-4782-9d6d-b4c701b81d28,2026-05-31T14:30:00Z,2026-05-31T16:30:00+0200,641.01,MW,FR,FR,actual_offshore_wind_generation,Wind Offshore | Actual Aggregated,2026-06-27T15:47:42Z
2026-06-27T15:46:33Z,2026-06-27T17:46:33+0200,4e541c53-98a3-4782-9d6d-b4c701b81d28,2026-05-31T14:45:00Z,2026-05-31T16:45:00+0200,600.08,MW,FR,FR,actual_offshore_wind_generation,Wind Offshore | Actual Aggregated,2026-06-27T15:47:42Z
2026-06-27T15:46:33Z,2026-06-27T17:46:33+0200,4e541c53-98a3-4782-9d6d-b4c701b81d28,2026-05-31T15:00:00Z,2026-05-31T17:00:00+0200,662.05,MW,FR,FR,actual_offshore_wind_generation,Wind Offshore | Actual Aggregated,2026-06-27T15:47:42Z
2026-06-27T15:46:33Z,2026-06-27T17:46:33+0200,4e541c53-98a3-4782-9d6d-b4c701b81d28,2026-05-31T15:15:00Z,2026-05-31T17:15:00+0200,753.37,MW,FR,FR,actual_offshore_wind_generation,Wind Offshore | Actual Aggregated,2026-06-27T15:47:42Z
2026-06-27T15:46:33Z,2026-06-27T17:46:33+0200,4e541c53-98a3-4782-9d6d-b4c701b81d28,2026-05-31T15:30:00Z,2026-05-31T17:30:00+0200,770.64,MW,FR,FR,actual_offshore_wind_generation,Wind Offshore | Actual Aggregated,2026-06-27T15:47:42Z
2026-06-27T15:46:33Z,2026-06-27T17:46:33+0200,4e541c53-98a3-4782-9d6d-b4c701b81d28,2026-05-31T15:45:00Z,2026-05-31T17:45:00+0200,733.98,MW,FR,FR,actual_offshore_wind_generation,Wind Offshore | Actual Aggregated,2026-06-27T15:47:42Z
2026-06-27T15:46:33Z,2026-06-27T17:46:33+0200,4e541c53-98a3-4782-9d6d-b4c701b81d28,2026-05-31T16:00:00Z,2026-05-31T18:00:00+0200,707.53,MW,FR,FR,actual_offshore_wind_generation,Wind Offshore | Actual Aggregated,2026-06-27T15:47:42Z
2026-06-27T15:46:33Z,2026-06-27T17:46:33+0200,4e541c53-98a3-4782-9d6d-b4c701b81d28,2026-05-31T16:15:00Z,2026-05-31T18:15:00+0200,678.57,MW,FR,FR,actual_offshore_wind_generation,Wind Offshore | Actual Aggregated,2026-06-27T15:47:42Z
2026-06-27T15:46:33Z,2026-06-27T17:46:33+0200,4e541c53-98a3-4782-9d6d-b4c701b81d28,2026-05-31T16:30:00Z,2026-05-31T18:30:00+0200,626.85,MW,FR,FR,actual_offshore_wind_generation,Wind Offshore | Actual Aggregated,2026-06-27T15:47:42Z
2026-06-27T15:46:33Z,2026-06-27T17:46:33+0200,4e541c53-98a3-4782-9d6d-b4c701b81d28,2026-05-31T16:45:00Z,2026-05-31T18:45:00+0200,621.59,MW,FR,FR,actual_offshore_wind_generation,Wind Offshore | Actual Aggregated,2026-06-27T15:47:42Z
2026-06-27T15:46:33Z,2026-06-27T17:46:33+0200,4e541c53-98a3-4782-9d6d-b4c701b81d28,2026-05-31T17:00:00Z,2026-05-31T19:00:00+0200,689.32,MW,FR,FR,actual_offshore_wind_generation,Wind Offshore | Actual Aggregated,2026-06-27T15:47:42Z
2026-06-27T15:46:33Z,2026-06-27T17:46:33+0200,4e541c53-98a3-4782-9d6d-b4c701b81d28,2026-05-31T17:15:00Z,2026-05-31T19:15:00+0200,680.6,MW,FR,FR,actual_offshore_wind_generation,Wind Offshore | Actual Aggregated,2026-06-27T15:47:42Z
2026-06-27T15:46:33Z,2026-06-27T17:46:33+0200,4e541c53-98a3-4782-9d6d-b4c701b81d28,2026-05-31T17:30:00Z,2026-05-31T19:30:00+0200,679.77,MW,FR,FR,actual_offshore_wind_generation,Wind Offshore | Actual Aggregated,2026-06-27T15:47:42Z
2026-06-27T15:46:33Z,2026-06-27T17:46:33+0200,4e541c53-98a3-4782-9d6d-b4c701b81d28,2026-05-31T17:45:00Z,2026-05-31T19:45:00+0200,707.82,MW,FR,FR,actual_offshore_wind_generation,Wind Offshore | Actual Aggregated,2026-06-27T15:47:42Z
2026-06-27T15:46:33Z,2026-06-27T17:46:33+0200,4e541c53-98a3-4782-9d6d-b4c701b81d28,2026-05-31T18:00:00Z,2026-05-31T20:00:00+0200,795.48,MW,FR,FR,actual_offshore_wind_generation,Wind Offshore | Actual Aggregated,2026-06-27T15:47:42Z
2026-06-27T15:46:33Z,2026-06-27T17:46:33+0200,4e541c53-98a3-4782-9d6d-b4c701b81d28,2026-05-31T18:15:00Z,2026-05-31T20:15:00+0200,857.22,MW,FR,FR,actual_offshore_wind_generation,Wind Offshore | Actual Aggregated,2026-06-27T15:47:42Z
2026-06-27T15:46:33Z,2026-06-27T17:46:33+0200,4e541c53-98a3-4782-9d6d-b4c701b81d28,2026-05-31T18:30:00Z,2026-05-31T20:30:00+0200,874.84,MW,FR,FR,actual_offshore_wind_generation,Wind Offshore | Actual Aggregated,2026-06-27T15:47:42Z
2026-06-27T15:46:33Z,2026-06-27T17:46:33+0200,4e541c53-98a3-4782-9d6d-b4c701b81d28,2026-05-31T18:45:00Z,2026-05-31T20:45:00+0200,864.47,MW,FR,FR,actual_offshore_wind_generation,Wind Offshore | Actual Aggregated,2026-06-27T15:47:42Z
2026-06-27T15:46:33Z,2026-06-27T17:46:33+0200,4e541c53-98a3-4782-9d6d-b4c701b81d28,2026-05-31T19:00:00Z,2026-05-31T21:00:00+0200,860.31,MW,FR,FR,actual_offshore_wind_generation,Wind Offshore | Actual Aggregated,2026-06-27T15:47:42Z
2026-06-27T15:46:33Z,2026-06-27T17:46:33+0200,4e541c53-98a3-4782-9d6d-b4c701b81d28,2026-05-31T19:15:00Z,2026-05-31T21:15:00+0200,812.05,MW,FR,FR,actual_offshore_wind_generation,Wind Offshore | Actual Aggregated,2026-06-27T15:47:42Z
2026-06-27T15:46:33Z,2026-06-27T17:46:33+0200,4e541c53-98a3-4782-9d6d-b4c701b81d28,2026-05-31T19:30:00Z,2026-05-31T21:30:00+0200,768.52,MW,FR,FR,actual_offshore_wind_generation,Wind Offshore | Actual Aggregated,2026-06-27T15:47:42Z
2026-06-27T15:46:33Z,2026-06-27T17:46:33+0200,4e541c53-98a3-4782-9d6d-b4c701b81d28,2026-05-31T19:45:00Z,2026-05-31T21:45:00+0200,761.3,MW,FR,FR,actual_offshore_wind_generation,Wind Offshore | Actual Aggregated,2026-06-27T15:47:42Z
2026-06-27T15:46:33Z,2026-06-27T17:46:33+0200,4e541c53-98a3-4782-9d6d-b4c701b81d28,2026-05-31T20:00:00Z,2026-05-31T22:00:00+0200,740.32,MW,FR,FR,actual_offshore_wind_generation,Wind Offshore | Actual Aggregated,2026-06-27T15:47:42Z
2026-06-27T15:46:33Z,2026-06-27T17:46:33+0200,4e541c53-98a3-4782-9d6d-b4c701b81d28,2026-05-31T20:15:00Z,2026-05-31T22:15:00+0200,764.15,MW,FR,FR,actual_offshore_wind_generation,Wind Offshore | Actual Aggregated,2026-06-27T15:47:42Z
2026-06-27T15:46:33Z,2026-06-27T17:46:33+0200,4e541c53-98a3-4782-9d6d-b4c701b81d28,2026-05-31T20:30:00Z,2026-05-31T22:30:00+0200,754.03,MW,FR,FR,actual_offshore_wind_generation,Wind Offshore | Actual Aggregated,2026-06-27T15:47:42Z
2026-06-27T15:46:33Z,2026-06-27T17:46:33+0200,4e541c53-98a3-4782-9d6d-b4c701b81d28,2026-05-31T20:45:00Z,2026-05-31T22:45:00+0200,747.31,MW,FR,FR,actual_offshore_wind_generation,Wind Offshore | Actual Aggregated,2026-06-27T15:47:42Z
2026-06-27T15:46:33Z,2026-06-27T17:46:33+0200,4e541c53-98a3-4782-9d6d-b4c701b81d28,2026-05-31T21:00:00Z,2026-05-31T23:00:00+0200,725.46,MW,FR,FR,actual_offshore_wind_generation,Wind Offshore | Actual Aggregated,2026-06-27T15:47:42Z
2026-06-27T15:46:33Z,2026-06-27T17:46:33+0200,4e541c53-98a3-4782-9d6d-b4c701b81d28,2026-05-31T21:15:00Z,2026-05-31T23:15:00+0200,684.99,MW,FR,FR,actual_offshore_wind_generation,Wind Offshore | Actual Aggregated,2026-06-27T15:47:42Z
2026-06-27T15:46:33Z,2026-06-27T17:46:33+0200,4e541c53-98a3-4782-9d6d-b4c701b81d28,2026-05-31T21:30:00Z,2026-05-31T23:30:00+0200,620.35,MW,FR,FR,actual_offshore_wind_generation,Wind Offshore | Actual Aggregated,2026-06-27T15:47:42Z
2026-06-27T15:46:33Z,2026-06-27T17:46:33+0200,4e541c53-98a3-4782-9d6d-b4c701b81d28,2026-05-31T21:45:00Z,2026-05-31T23:45:00+0200,560.57,MW,FR,FR,actual_offshore_wind_generation,Wind Offshore | Actual Aggregated,2026-06-27T15:47:42Z
2026-06-27T15:46:33Z,2026-06-27T17:46:33+0200,4e541c53-98a3-4782-9d6d-b4c701b81d28,2026-05-31T22:00:00Z,2026-06-01T00:00:00+0200,514.16,MW,FR,FR,actual_offshore_wind_generation,Wind Offshore | Actual Aggregated,2026-06-27T15:47:42Z
2026-06-27T15:46:33Z,2026-06-27T17:46:33+0200,4e541c53-98a3-4782-9d6d-b4c701b81d28,2026-05-31T22:15:00Z,2026-06-01T00:15:00+0200,489.83,MW,FR,FR,actual_offshore_wind_generation,Wind Offshore | Actual Aggregated,2026-06-27T15:47:42Z
2026-06-27T15:46:33Z,2026-06-27T17:46:33+0200,4e541c53-98a3-4782-9d6d-b4c701b81d28,2026-05-31T22:30:00Z,2026-06-01T00:30:00+0200,459.35,MW,FR,FR,actual_offshore_wind_generation,Wind Offshore | Actual Aggregated,2026-06-27T15:47:42Z
2026-06-27T15:46:33Z,2026-06-27T17:46:33+0200,4e541c53-98a3-4782-9d6d-b4c701b81d28,2026-05-31T22:45:00Z,2026-06-01T00:45:00+0200,451.62,MW,FR,FR,actual_offshore_wind_generation,Wind Offshore | Actual Aggregated,2026-06-27T15:47:42Z
2026-06-27T15:46:33Z,2026-06-27T17:46:33+0200,4e541c53-98a3-4782-9d6d-b4c701b81d28,2026-05-31T23:00:00Z,2026-06-01T01:00:00+0200,429.82,MW,FR,FR,actual_offshore_wind_generation,Wind Offshore | Actual Aggregated,2026-06-27T15:47:42Z
2026-06-27T15:46:33Z,2026-06-27T17:46:33+0200,4e541c53-98a3-4782-9d6d-b4c701b81d28,2026-05-31T23:15:00Z,2026-06-01T01:15:00+0200,409.44,MW,FR,FR,actual_offshore_wind_generation,Wind Offshore | Actual Aggregated,2026-06-27T15:47:42Z
2026-06-27T15:46:33Z,2026-06-27T17:46:33+0200,4e541c53-98a3-4782-9d6d-b4c701b81d28,2026-05-31T23:30:00Z,2026-06-01T01:30:00+0200,399.17,MW,FR,FR,actual_offshore_wind_generation,Wind Offshore | Actual Aggregated,2026-06-27T15:47:42Z
2026-06-27T15:46:33Z,2026-06-27T17:46:33+0200,4e541c53-98a3-4782-9d6d-b4c701b81d28,2026-05-31T23:45:00Z,2026-06-01T01:45:00+0200,374.31,MW,FR,FR,actual_offshore_wind_generation,Wind Offshore | Actual Aggregated,2026-06-27T15:47:42Z
2026-06-27T15:46:33Z,2026-06-27T17:46:33+0200,4e541c53-98a3-4782-9d6d-b4c701b81d28,2026-06-01T00:00:00Z,2026-06-01T02:00:00+0200,349.3,MW,FR,FR,actual_offshore_wind_generation,Wind Offshore | Actual Aggregated,2026-06-27T15:47:42Z
2026-06-27T15:46:33Z,2026-06-27T17:46:33+0200,4e541c53-98a3-4782-9d6d-b4c701b81d28,2026-06-01T00:15:00Z,2026-06-01T02:15:00+0200,358.53,MW,FR,FR,actual_offshore_wind_generation,Wind Offshore | Actual Aggregated,2026-06-27T15:47:42Z
2026-06-27T15:46:33Z,2026-06-27T17:46:33+0200,4e541c53-98a3-4782-9d6d-b4c701b81d28,2026-06-01T00:30:00Z,2026-06-01T02:30:00+0200,333.99,MW,FR,FR,actual_offshore_wind_generation,Wind Offshore | Actual Aggregated,2026-06-27T15:47:42Z
2026-06-27T15:46:33Z,2026-06-27T17:46:33+0200,4e541c53-98a3-4782-9d6d-b4c701b81d28,2026-06-01T00:45:00Z,2026-06-01T02:45:00+0200,304.7,MW,FR,FR,actual_offshore_wind_generation,Wind Offshore | Actual Aggregated,2026-06-27T15:47:42Z
2026-06-27T15:46:33Z,2026-06-27T17:46:33+0200,4e541c53-98a3-4782-9d6d-b4c701b81d28,2026-06-01T01:00:00Z,2026-06-01T03:00:00+0200,281.5,MW,FR,FR,actual_offshore_wind_generation,Wind Offshore | Actual Aggregated,2026-06-27T15:47:42Z
2026-06-27T15:46:33Z,2026-06-27T17:46:33+0200,4e541c53-98a3-4782-9d6d-b4c701b81d28,2026-06-01T01:15:00Z,2026-06-01T03:15:00+0200,265.14,MW,FR,FR,actual_offshore_wind_generation,Wind Offshore | Actual Aggregated,2026-06-27T15:47:42Z
2026-06-27T15:46:33Z,2026-06-27T17:46:33+0200,4e541c53-98a3-4782-9d6d-b4c701b81d28,2026-06-01T01:30:00Z,2026-06-01T03:30:00+0200,245.0,MW,FR,FR,actual_offshore_wind_generation,Wind Offshore | Actual Aggregated,2026-06-27T15:47:42Z
2026-06-27T15:46:33Z,2026-06-27T17:46:33+0200,4e541c53-98a3-4782-9d6d-b4c701b81d28,2026-06-01T01:45:00Z,2026-06-01T03:45:00+0200,268.82,MW,FR,FR,actual_offshore_wind_generation,Wind Offshore | Actual Aggregated,2026-06-27T15:47:42Z
2026-06-27T15:46:33Z,2026-06-27T17:46:33+0200,4e541c53-98a3-4782-9d6d-b4c701b81d28,2026-06-01T02:00:00Z,2026-06-01T04:00:00+0200,297.29,MW,FR,FR,actual_offshore_wind_generation,Wind Offshore | Actual Aggregated,2026-06-27T15:47:42Z
2026-06-27T15:46:33Z,2026-06-27T17:46:33+0200,4e541c53-98a3-4782-9d6d-b4c701b81d28,2026-06-01T02:15:00Z,2026-06-01T04:15:00+0200,271.17,MW,FR,FR,actual_offshore_wind_generation,Wind Offshore | Actual Aggregated,2026-06-27T15:47:42Z
2026-06-27T15:46:33Z,2026-06-27T17:46:33+0200,4e541c53-98a3-4782-9d6d-b4c701b81d28,2026-06-01T02:30:00Z,2026-06-01T04:30:00+0200,281.55,MW,FR,FR,actual_offshore_wind_generation,Wind Offshore | Actual Aggregated,2026-06-27T15:47:42Z
2026-06-27T15:46:33Z,2026-06-27T17:46:33+0200,4e541c53-98a3-4782-9d6d-b4c701b81d28,2026-06-01T02:45:00Z,2026-06-01T04:45:00+0200,243.19,MW,FR,FR,actual_offshore_wind_generation,Wind Offshore | Actual Aggregated,2026-06-27T15:47:42Z
2026-06-27T15:46:33Z,2026-06-27T17:46:33+0200,4e541c53-98a3-4782-9d6d-b4c701b81d28,2026-06-01T03:00:00Z,2026-06-01T05:00:00+0200,197.89,MW,FR,FR,actual_offshore_wind_generation,Wind Offshore | Actual Aggregated,2026-06-27T15:47:42Z
2026-06-27T15:46:33Z,2026-06-27T17:46:33+0200,4e541c53-98a3-4782-9d6d-b4c701b81d28,2026-06-01T03:15:00Z,2026-06-01T05:15:00+0200,197.93,MW,FR,FR,actual_offshore_wind_generation,Wind Offshore | Actual Aggregated,2026-06-27T15:47:42Z
2026-06-27T15:46:33Z,2026-06-27T17:46:33+0200,4e541c53-98a3-4782-9d6d-b4c701b81d28,2026-06-01T03:30:00Z,2026-06-01T05:30:00+0200,222.66,MW,FR,FR,actual_offshore_wind_generation,Wind Offshore | Actual Aggregated,2026-06-27T15:47:42Z
2026-06-27T15:46:33Z,2026-06-27T17:46:33+0200,4e541c53-98a3-4782-9d6d-b4c701b81d28,2026-06-01T03:45:00Z,2026-06-01T05:45:00+0200,203.81,MW,FR,FR,actual_offshore_wind_generation,Wind Offshore | Actual Aggregated,2026-06-27T15:47:42Z
2026-06-27T15:46:33Z,2026-06-27T17:46:33+0200,4e541c53-98a3-4782-9d6d-b4c701b81d28,2026-06-01T04:00:00Z,2026-06-01T06:00:00+0200,180.76,MW,FR,FR,actual_offshore_wind_generation,Wind Offshore | Actual Aggregated,2026-06-27T15:47:42Z
2026-06-27T15:46:33Z,2026-06-27T17:46:33+0200,4e541c53-98a3-4782-9d6d-b4c701b81d28,2026-06-01T04:15:00Z,2026-06-01T06:15:00+0200,190.31,MW,FR,FR,actual_offshore_wind_generation,Wind Offshore | Actual Aggregated,2026-06-27T15:47:42Z
2026-06-27T15:46:33Z,2026-06-27T17:46:33+0200,4e541c53-98a3-4782-9d6d-b4c701b81d28,2026-06-01T04:30:00Z,2026-06-01T06:30:00+0200,212.02,MW,FR,FR,actual_offshore_wind_generation,Wind Offshore | Actual Aggregated,2026-06-27T15:47:42Z
2026-06-27T15:46:33Z,2026-06-27T17:46:33+0200,4e541c53-98a3-4782-9d6d-b4c701b81d28,2026-06-01T04:45:00Z,2026-06-01T06:45:00+0200,200.21,MW,FR,FR,actual_offshore_wind_generation,Wind Offshore | Actual Aggregated,2026-06-27T15:47:42Z
2026-06-27T15:46:33Z,2026-06-27T17:46:33+0200,4e541c53-98a3-4782-9d6d-b4c701b81d28,2026-06-01T05:00:00Z,2026-06-01T07:00:00+0200,177.17,MW,FR,FR,actual_offshore_wind_generation,Wind Offshore | Actual Aggregated,2026-06-27T15:47:42Z
2026-06-27T15:46:33Z,2026-06-27T17:46:33+0200,4e541c53-98a3-4782-9d6d-b4c701b81d28,2026-06-01T05:15:00Z,2026-06-01T07:15:00+0200,179.64,MW,FR,FR,actual_offshore_wind_generation,Wind Offshore | Actual Aggregated,2026-06-27T15:47:42Z
2026-06-27T15:46:33Z,2026-06-27T17:46:33+0200,4e541c53-98a3-4782-9d6d-b4c701b81d28,2026-06-01T05:30:00Z,2026-06-01T07:30:00+0200,188.47,MW,FR,FR,actual_offshore_wind_generation,Wind Offshore | Actual Aggregated,2026-06-27T15:47:42Z
2026-06-27T15:46:33Z,2026-06-27T17:46:33+0200,4e541c53-98a3-4782-9d6d-b4c701b81d28,2026-06-01T05:45:00Z,2026-06-01T07:45:00+0200,166.85,MW,FR,FR,actual_offshore_wind_generation,Wind Offshore | Actual Aggregated,2026-06-27T15:47:42Z
2026-06-27T15:46:33Z,2026-06-27T17:46:33+0200,4e541c53-98a3-4782-9d6d-b4c701b81d28,2026-06-01T06:00:00Z,2026-06-01T08:00:00+0200,162.17,MW,FR,FR,actual_offshore_wind_generation,Wind Offshore | Actual Aggregated,2026-06-27T15:47:42Z
2026-06-27T15:46:33Z,2026-06-27T17:46:33+0200,4e541c53-98a3-4782-9d6d-b4c701b81d28,2026-06-01T06:15:00Z,2026-06-01T08:15:00+0200,175.63,MW,FR,FR,actual_offshore_wind_generation,Wind Offshore | Actual Aggregated,2026-06-27T15:47:42Z
2026-06-27T15:46:33Z,2026-06-27T17:46:33+0200,4e541c53-98a3-4782-9d6d-b4c701b81d28,2026-06-01T06:30:00Z,2026-06-01T08:30:00+0200,157.14,MW,FR,FR,actual_offshore_wind_generation,Wind Offshore | Actual Aggregated,2026-06-27T15:47:42Z
2026-06-27T15:46:33Z,2026-06-27T17:46:33+0200,4e541c53-98a3-4782-9d6d-b4c701b81d28,2026-06-01T06:45:00Z,2026-06-01T08:45:00+0200,133.32,MW,FR,FR,actual_offshore_wind_generation,Wind Offshore | Actual Aggregated,2026-06-27T15:47:42Z
2026-06-27T15:46:33Z,2026-06-27T17:46:33+0200,4e541c53-98a3-4782-9d6d-b4c701b81d28,2026-06-01T07:00:00Z,2026-06-01T09:00:00+0200,136.51,MW,FR,FR,actual_offshore_wind_generation,Wind Offshore | Actual Aggregated,2026-06-27T15:47:42Z
2026-06-27T15:46:33Z,2026-06-27T17:46:33+0200,4e541c53-98a3-4782-9d6d-b4c701b81d28,2026-06-01T07:15:00Z,2026-06-01T09:15:00+0200,124.82,MW,FR,FR,actual_offshore_wind_generation,Wind Offshore | Actual Aggregated,2026-06-27T15:47:42Z
2026-06-27T15:46:33Z,2026-06-27T17:46:33+0200,4e541c53-98a3-4782-9d6d-b4c701b81d28,2026-06-01T07:30:00Z,2026-06-01T09:30:00+0200,112.19,MW,FR,FR,actual_offshore_wind_generation,Wind Offshore | Actual Aggregated,2026-06-27T15:47:42Z
2026-06-27T15:46:33Z,2026-06-27T17:46:33+0200,4e541c53-98a3-4782-9d6d-b4c701b81d28,2026-06-01T07:45:00Z,2026-06-01T09:45:00+0200,107.05,MW,FR,FR,actual_offshore_wind_generation,Wind Offshore | Actual Aggregated,2026-06-27T15:47:42Z
2026-06-27T15:46:33Z,2026-06-27T17:46:33+0200,4e541c53-98a3-4782-9d6d-b4c701b81d28,2026-06-01T08:00:00Z,2026-06-01T10:00:00+0200,108.06,MW,FR,FR,actual_offshore_wind_generation,Wind Offshore | Actual Aggregated,2026-06-27T15:47:42Z
2026-06-27T15:46:33Z,2026-06-27T17:46:33+0200,4e541c53-98a3-4782-9d6d-b4c701b81d28,2026-06-01T08:15:00Z,2026-06-01T10:15:00+0200,125.74,MW,FR,FR,actual_offshore_wind_generation,Wind Offshore | Actual Aggregated,2026-06-27T15:47:42Z
2026-06-27T15:46:33Z,2026-06-27T17:46:33+0200,4e541c53-98a3-4782-9d6d-b4c701b81d28,2026-06-01T08:30:00Z,2026-06-01T10:30:00+0200,132.56,MW,FR,FR,actual_offshore_wind_generation,Wind Offshore | Actual Aggregated,2026-06-27T15:47:42Z
2026-06-27T15:46:33Z,2026-06-27T17:46:33+0200,4e541c53-98a3-4782-9d6d-b4c701b81d28,2026-06-01T08:45:00Z,2026-06-01T10:45:00+0200,125.37,MW,FR,FR,actual_offshore_wind_generation,Wind Offshore | Actual Aggregated,2026-06-27T15:47:42Z
2026-06-27T15:46:33Z,2026-06-27T17:46:33+0200,4e541c53-98a3-4782-9d6d-b4c701b81d28,2026-06-01T09:00:00Z,2026-06-01T11:00:00+0200,122.74,MW,FR,FR,actual_offshore_wind_generation,Wind Offshore | Actual Aggregated,2026-06-27T15:47:42Z
2026-06-27T15:46:33Z,2026-06-27T17:46:33+0200,4e541c53-98a3-4782-9d6d-b4c701b81d28,2026-06-01T09:15:00Z,2026-06-01T11:15:00+0200,125.31,MW,FR,FR,actual_offshore_wind_generation,Wind Offshore | Actual Aggregated,2026-06-27T15:47:42Z
2026-06-27T15:46:33Z,2026-06-27T17:46:33+0200,4e541c53-98a3-4782-9d6d-b4c701b81d28,2026-06-01T09:30:00Z,2026-06-01T11:30:00+0200,133.36,MW,FR,FR,actual_offshore_wind_generation,Wind Offshore | Actual Aggregated,2026-06-27T15:47:42Z
2026-06-27T15:46:33Z,2026-06-27T17:46:33+0200,4e541c53-98a3-4782-9d6d-b4c701b81d28,2026-06-01T09:45:00Z,2026-06-01T11:45:00+0200,130.62,MW,FR,FR,actual_offshore_wind_generation,Wind Offshore | Actual Aggregated,2026-06-27T15:47:42Z
2026-06-27T15:46:33Z,2026-06-27T17:46:33+0200,4e541c53-98a3-4782-9d6d-b4c701b81d28,2026-06-01T10:00:00Z,2026-06-01T12:00:00+0200,117.8,MW,FR,FR,actual_offshore_wind_generation,Wind Offshore | Actual Aggregated,2026-06-27T15:47:42Z
2026-06-27T15:46:33Z,2026-06-27T17:46:33+0200,4e541c53-98a3-4782-9d6d-b4c701b81d28,2026-06-01T10:15:00Z,2026-06-01T12:15:00+0200,124.38,MW,FR,FR,actual_offshore_wind_generation,Wind Offshore | Actual Aggregated,2026-06-27T15:47:42Z
2026-06-27T15:46:33Z,2026-06-27T17:46:33+0200,4e541c53-98a3-4782-9d6d-b4c701b81d28,2026-06-01T10:30:00Z,2026-06-01T12:30:00+0200,121.36,MW,FR,FR,actual_offshore_wind_generation,Wind Offshore | Actual Aggregated,2026-06-27T15:47:42Z
2026-06-27T15:46:33Z,2026-06-27T17:46:33+0200,4e541c53-98a3-4782-9d6d-b4c701b81d28,2026-06-01T10:45:00Z,2026-06-01T12:45:00+0200,124.38,MW,FR,FR,actual_offshore_wind_generation,Wind Offshore | Actual Aggregated,2026-06-27T15:47:42Z
2026-06-27T15:46:33Z,2026-06-27T17:46:33+0200,4e541c53-98a3-4782-9d6d-b4c701b81d28,2026-06-01T11:00:00Z,2026-06-01T13:00:00+0200,123.49,MW,FR,FR,actual_offshore_wind_generation,Wind Offshore | Actual Aggregated,2026-06-27T15:47:42Z
2026-06-27T15:46:33Z,2026-06-27T17:46:33+0200,4e541c53-98a3-4782-9d6d-b4c701b81d28,2026-06-01T11:15:00Z,2026-06-01T13:15:00+0200,105.57,MW,FR,FR,actual_offshore_wind_generation,Wind Offshore | Actual Aggregated,2026-06-27T15:47:42Z
2026-06-27T15:46:33Z,2026-06-27T17:46:33+0200,4e541c53-98a3-4782-9d6d-b4c701b81d28,2026-06-01T11:30:00Z,2026-06-01T13:30:00+0200,102.23,MW,FR,FR,actual_offshore_wind_generation,Wind Offshore | Actual Aggregated,2026-06-27T15:47:42Z
2026-06-27T15:46:33Z,2026-06-27T17:46:33+0200,4e541c53-98a3-4782-9d6d-b4c701b81d28,2026-06-01T11:45:00Z,2026-06-01T13:45:00+0200,102.95,MW,FR,FR,actual_offshore_wind_generation,Wind Offshore | Actual Aggregated,2026-06-27T15:47:42Z
2026-06-27T15:46:33Z,2026-06-27T17:46:33+0200,4e541c53-98a3-4782-9d6d-b4c701b81d28,2026-06-01T12:00:00Z,2026-06-01T14:00:00+0200,106.86,MW,FR,FR,actual_offshore_wind_generation,Wind Offshore | Actual Aggregated,2026-06-27T15:47:42Z
2026-06-27T15:46:33Z,2026-06-27T17:46:33+0200,4e541c53-98a3-4782-9d6d-b4c701b81d28,2026-06-01T12:15:00Z,2026-06-01T14:15:00+0200,106.54,MW,FR,FR,actual_offshore_wind_generation,Wind Offshore | Actual Aggregated,2026-06-27T15:47:42Z
2026-06-27T15:46:33Z,2026-06-27T17:46:33+0200,4e541c53-98a3-4782-9d6d-b4c701b81d28,2026-06-01T12:30:00Z,2026-06-01T14:30:00+0200,97.28,MW,FR,FR,actual_offshore_wind_generation,Wind Offshore | Actual Aggregated,2026-06-27T15:47:42Z
2026-06-27T15:46:33Z,2026-06-27T17:46:33+0200,4e541c53-98a3-4782-9d6d-b4c701b81d28,2026-06-01T12:45:00Z,2026-06-01T14:45:00+0200,112.69,MW,FR,FR,actual_offshore_wind_generation,Wind Offshore | Actual Aggregated,2026-06-27T15:47:42Z
2026-06-27T15:46:33Z,2026-06-27T17:46:33+0200,4e541c53-98a3-4782-9d6d-b4c701b81d28,2026-06-01T13:00:00Z,2026-06-01T15:00:00+0200,157.61,MW,FR,FR,actual_offshore_wind_generation,Wind Offshore | Actual Aggregated,2026-06-27T15:47:42Z
2026-06-27T15:46:33Z,2026-06-27T17:46:33+0200,4e541c53-98a3-4782-9d6d-b4c701b81d28,2026-06-01T13:15:00Z,2026-06-01T15:15:00+0200,181.55,MW,FR,FR,actual_offshore_wind_generation,Wind Offshore | Actual Aggregated,2026-06-27T15:47:42Z
2026-06-27T15:46:33Z,2026-06-27T17:46:33+0200,4e541c53-98a3-4782-9d6d-b4c701b81d28,2026-06-01T13:30:00Z,2026-06-01T15:30:00+0200,185.35,MW,FR,FR,actual_offshore_wind_generation,Wind Offshore | Actual Aggregated,2026-06-27T15:47:42Z
2026-06-27T15:46:33Z,2026-06-27T17:46:33+0200,4e541c53-98a3-4782-9d6d-b4c701b81d28,2026-06-01T13:45:00Z,2026-06-01T15:45:00+0200,196.34,MW,FR,FR,actual_offshore_wind_generation,Wind Offshore | Actual Aggregated,2026-06-27T15:47:42Z
2026-06-27T15:46:33Z,2026-06-27T17:46:33+0200,4e541c53-98a3-4782-9d6d-b4c701b81d28,2026-06-01T14:00:00Z,2026-06-01T16:00:00+0200,215.93,MW,FR,FR,actual_offshore_wind_generation,Wind Offshore | Actual Aggregated,2026-06-27T15:47:42Z
2026-06-27T15:46:33Z,2026-06-27T17:46:33+0200,4e541c53-98a3-4782-9d6d-b4c701b81d28,2026-06-01T14:15:00Z,2026-06-01T16:15:00+0200,217.32,MW,FR,FR,actual_offshore_wind_generation,Wind Offshore | Actual Aggregated,2026-06-27T15:47:42Z
2026-06-27T15:46:33Z,2026-06-27T17:46:33+0200,4e541c53-98a3-4782-9d6d-b4c701b81d28,2026-06-01T14:30:00Z,2026-06-01T16:30:00+0200,194.13,MW,FR,FR,actual_offshore_wind_generation,Wind Offshore | Actual Aggregated,2026-06-27T15:47:42Z
2026-06-27T15:46:33Z,2026-06-27T17:46:33+0200,4e541c53-98a3-4782-9d6d-b4c701b81d28,2026-06-01T14:45:00Z,2026-06-01T16:45:00+0200,191.01,MW,FR,FR,actual_offshore_wind_generation,Wind Offshore | Actual Aggregated,2026-06-27T15:47:42Z
2026-06-27T15:46:33Z,2026-06-27T17:46:33+0200,4e541c53-98a3-4782-9d6d-b4c701b81d28,2026-06-01T15:00:00Z,2026-06-01T17:00:00+0200,218.29,MW,FR,FR,actual_offshore_wind_generation,Wind Offshore | Actual Aggregated,2026-06-27T15:47:42Z
2026-06-27T15:46:33Z,2026-06-27T17:46:33+0200,4e541c53-98a3-4782-9d6d-b4c701b81d28,2026-06-01T15:15:00Z,2026-06-01T17:15:00+0200,213.71,MW,FR,FR,actual_offshore_wind_generation,Wind Offshore | Actual Aggregated,2026-06-27T15:47:42Z
2026-06-27T15:46:33Z,2026-06-27T17:46:33+0200,4e541c53-98a3-4782-9d6d-b4c701b81d28,2026-06-01T15:30:00Z,2026-06-01T17:30:00+0200,169.15,MW,FR,FR,actual_offshore_wind_generation,Wind Offshore | Actual Aggregated,2026-06-27T15:47:42Z
2026-06-27T15:46:33Z,2026-06-27T17:46:33+0200,4e541c53-98a3-4782-9d6d-b4c701b81d28,2026-06-01T15:45:00Z,2026-06-01T17:45:00+0200,199.14,MW,FR,FR,actual_offshore_wind_generation,Wind Offshore | Actual Aggregated,2026-06-27T15:47:42Z
2026-06-27T15:46:33Z,2026-06-27T17:46:33+0200,4e541c53-98a3-4782-9d6d-b4c701b81d28,2026-06-01T16:00:00Z,2026-06-01T18:00:00+0200,208.35,MW,FR,FR,actual_offshore_wind_generation,Wind Offshore | Actual Aggregated,2026-06-27T15:47:42Z
2026-06-27T15:46:33Z,2026-06-27T17:46:33+0200,4e541c53-98a3-4782-9d6d-b4c701b81d28,2026-06-01T16:15:00Z,2026-06-01T18:15:00+0200,215.74,MW,FR,FR,actual_offshore_wind_generation,Wind Offshore | Actual Aggregated,2026-06-27T15:47:42Z
2026-06-27T15:46:33Z,2026-06-27T17:46:33+0200,4e541c53-98a3-4782-9d6d-b4c701b81d28,2026-06-01T16:30:00Z,2026-06-01T18:30:00+0200,192.09,MW,FR,FR,actual_offshore_wind_generation,Wind Offshore | Actual Aggregated,2026-06-27T15:47:42Z
2026-06-27T15:46:33Z,2026-06-27T17:46:33+0200,4e541c53-98a3-4782-9d6d-b4c701b81d28,2026-06-01T16:45:00Z,2026-06-01T18:45:00+0200,236.14,MW,FR,FR,actual_offshore_wind_generation,Wind Offshore | Actual Aggregated,2026-06-27T15:47:42Z
2026-06-27T15:46:33Z,2026-06-27T17:46:33+0200,4e541c53-98a3-4782-9d6d-b4c701b81d28,2026-06-01T17:00:00Z,2026-06-01T19:00:00+0200,240.14,MW,FR,FR,actual_offshore_wind_generation,Wind Offshore | Actual Aggregated,2026-06-27T15:47:42Z
2026-06-27T15:46:33Z,2026-06-27T17:46:33+0200,4e541c53-98a3-4782-9d6d-b4c701b81d28,2026-06-01T17:15:00Z,2026-06-01T19:15:00+0200,339.21,MW,FR,FR,actual_offshore_wind_generation,Wind Offshore | Actual Aggregated,2026-06-27T15:47:42Z
2026-06-27T15:46:33Z,2026-06-27T17:46:33+0200,4e541c53-98a3-4782-9d6d-b4c701b81d28,2026-06-01T17:30:00Z,2026-06-01T19:30:00+0200,438.74,MW,FR,FR,actual_offshore_wind_generation,Wind Offshore | Actual Aggregated,2026-06-27T15:47:42Z
2026-06-27T15:46:33Z,2026-06-27T17:46:33+0200,4e541c53-98a3-4782-9d6d-b4c701b81d28,2026-06-01T17:45:00Z,2026-06-01T19:45:00+0200,399.67,MW,FR,FR,actual_offshore_wind_generation,Wind Offshore | Actual Aggregated,2026-06-27T15:47:42Z
2026-06-27T15:46:33Z,2026-06-27T17:46:33+0200,4e541c53-98a3-4782-9d6d-b4c701b81d28,2026-06-01T18:00:00Z,2026-06-01T20:00:00+0200,320.14,MW,FR,FR,actual_offshore_wind_generation,Wind Offshore | Actual Aggregated,2026-06-27T15:47:42Z
2026-06-27T15:46:33Z,2026-06-27T17:46:33+0200,4e541c53-98a3-4782-9d6d-b4c701b81d28,2026-06-01T18:15:00Z,2026-06-01T20:15:00+0200,211.12,MW,FR,FR,actual_offshore_wind_generation,Wind Offshore | Actual Aggregated,2026-06-27T15:47:42Z
2026-06-27T15:46:33Z,2026-06-27T17:46:33+0200,4e541c53-98a3-4782-9d6d-b4c701b81d28,2026-06-01T18:30:00Z,2026-06-01T20:30:00+0200,105.74,MW,FR,FR,actual_offshore_wind_generation,Wind Offshore | Actual Aggregated,2026-06-27T15:47:42Z
2026-06-27T15:46:33Z,2026-06-27T17:46:33+0200,4e541c53-98a3-4782-9d6d-b4c701b81d28,2026-06-01T18:45:00Z,2026-06-01T20:45:00+0200,162.14,MW,FR,FR,actual_offshore_wind_generation,Wind Offshore | Actual Aggregated,2026-06-27T15:47:42Z
2026-06-27T15:46:33Z,2026-06-27T17:46:33+0200,4e541c53-98a3-4782-9d6d-b4c701b81d28,2026-06-01T19:00:00Z,2026-06-01T21:00:00+0200,549.76,MW,FR,FR,actual_offshore_wind_generation,Wind Offshore | Actual Aggregated,2026-06-27T15:47:42Z
2026-06-27T15:46:33Z,2026-06-27T17:46:33+0200,4e541c53-98a3-4782-9d6d-b4c701b81d28,2026-06-01T19:15:00Z,2026-06-01T21:15:00+0200,631.36,MW,FR,FR,actual_offshore_wind_generation,Wind Offshore | Actual Aggregated,2026-06-27T15:47:42Z
2026-06-27T15:46:33Z,2026-06-27T17:46:33+0200,4e541c53-98a3-4782-9d6d-b4c701b81d28,2026-06-01T19:30:00Z,2026-06-01T21:30:00+0200,664.84,MW,FR,FR,actual_offshore_wind_generation,Wind Offshore | Actual Aggregated,2026-06-27T15:47:42Z
2026-06-27T15:46:33Z,2026-06-27T17:46:33+0200,4e541c53-98a3-4782-9d6d-b4c701b81d28,2026-06-01T19:45:00Z,2026-06-01T21:45:00+0200,658.21,MW,FR,FR,actual_offshore_wind_generation,Wind Offshore | Actual Aggregated,2026-06-27T15:47:42Z
2026-06-27T15:46:33Z,2026-06-27T17:46:33+0200,4e541c53-98a3-4782-9d6d-b4c701b81d28,2026-06-01T20:00:00Z,2026-06-01T22:00:00+0200,710.36,MW,FR,FR,actual_offshore_wind_generation,Wind Offshore | Actual Aggregated,2026-06-27T15:47:42Z
2026-06-27T15:46:33Z,2026-06-27T17:46:33+0200,4e541c53-98a3-4782-9d6d-b4c701b81d28,2026-06-01T20:15:00Z,2026-06-01T22:15:00+0200,702.51,MW,FR,FR,actual_offshore_wind_generation,Wind Offshore | Actual Aggregated,2026-06-27T15:47:42Z
2026-06-27T15:46:33Z,2026-06-27T17:46:33+0200,4e541c53-98a3-4782-9d6d-b4c701b81d28,2026-06-01T20:30:00Z,2026-06-01T22:30:00+0200,580.72,MW,FR,FR,actual_offshore_wind_generation,Wind Offshore | Actual Aggregated,2026-06-27T15:47:42Z
2026-06-27T15:46:33Z,2026-06-27T17:46:33+0200,4e541c53-98a3-4782-9d6d-b4c701b81d28,2026-06-01T20:45:00Z,2026-06-01T22:45:00+0200,506.27,MW,FR,FR,actual_offshore_wind_generation,Wind Offshore | Actual Aggregated,2026-06-27T15:47:42Z
2026-06-27T15:46:33Z,2026-06-27T17:46:33+0200,4e541c53-98a3-4782-9d6d-b4c701b81d28,2026-06-01T21:00:00Z,2026-06-01T23:00:00+0200,510.88,MW,FR,FR,actual_offshore_wind_generation,Wind Offshore | Actual Aggregated,2026-06-27T15:47:42Z
2026-06-27T15:46:33Z,2026-06-27T17:46:33+0200,4e541c53-98a3-4782-9d6d-b4c701b81d28,2026-06-01T21:15:00Z,2026-06-01T23:15:00+0200,529.27,MW,FR,FR,actual_offshore_wind_generation,Wind Offshore | Actual Aggregated,2026-06-27T15:47:42Z
2026-06-27T15:46:33Z,2026-06-27T17:46:33+0200,4e541c53-98a3-4782-9d6d-b4c701b81d28,2026-06-01T21:30:00Z,2026-06-01T23:30:00+0200,592.16,MW,FR,FR,actual_offshore_wind_generation,Wind Offshore | Actual Aggregated,2026-06-27T15:47:42Z
2026-06-27T15:46:33Z,2026-06-27T17:46:33+0200,4e541c53-98a3-4782-9d6d-b4c701b81d28,2026-06-01T21:45:00Z,2026-06-01T23:45:00+0200,593.11,MW,FR,FR,actual_offshore_wind_generation,Wind Offshore | Actual Aggregated,2026-06-27T15:47:42Z
2026-06-27T15:46:33Z,2026-06-27T17:46:33+0200,4e541c53-98a3-4782-9d6d-b4c701b81d28,2026-06-01T22:00:00Z,2026-06-02T00:00:00+0200,566.17,MW,FR,FR,actual_offshore_wind_generation,Wind Offshore | Actual Aggregated,2026-06-27T15:47:42Z
2026-06-27T15:46:33Z,2026-06-27T17:46:33+0200,4e541c53-98a3-4782-9d6d-b4c701b81d28,2026-06-01T22:15:00Z,2026-06-02T00:15:00+0200,540.37,MW,FR,FR,actual_offshore_wind_generation,Wind Offshore | Actual Aggregated,2026-06-27T15:47:42Z
2026-06-27T15:46:33Z,2026-06-27T17:46:33+0200,4e541c53-98a3-4782-9d6d-b4c701b81d28,2026-06-01T22:30:00Z,2026-06-02T00:30:00+0200,587.61,MW,FR,FR,actual_offshore_wind_generation,Wind Offshore | Actual Aggregated,2026-06-27T15:47:42Z
2026-06-27T15:46:33Z,2026-06-27T17:46:33+0200,4e541c53-98a3-4782-9d6d-b4c701b81d28,2026-06-01T22:45:00Z,2026-06-02T00:45:00+0200,634.85,MW,FR,FR,actual_offshore_wind_generation,Wind Offshore | Actual Aggregated,2026-06-27T15:47:42Z
2026-06-27T15:46:33Z,2026-06-27T17:46:33+0200,4e541c53-98a3-4782-9d6d-b4c701b81d28,2026-06-01T23:00:00Z,2026-06-02T01:00:00+0200,601.52,MW,FR,FR,actual_offshore_wind_generation,Wind Offshore | Actual Aggregated,2026-06-27T15:47:42Z
2026-06-27T15:46:33Z,2026-06-27T17:46:33+0200,4e541c53-98a3-4782-9d6d-b4c701b81d28,2026-06-01T23:15:00Z,2026-06-02T01:15:00+0200,677.86,MW,FR,FR,actual_offshore_wind_generation,Wind Offshore | Actual Aggregated,2026-06-27T15:47:42Z
2026-06-27T15:46:33Z,2026-06-27T17:46:33+0200,4e541c53-98a3-4782-9d6d-b4c701b81d28,2026-06-01T23:30:00Z,2026-06-02T01:30:00+0200,802.27,MW,FR,FR,actual_offshore_wind_generation,Wind Offshore | Actual Aggregated,2026-06-27T15:47:42Z
2026-06-27T15:46:33Z,2026-06-27T17:46:33+0200,4e541c53-98a3-4782-9d6d-b4c701b81d28,2026-06-01T23:45:00Z,2026-06-02T01:45:00+0200,1002.11,MW,FR,FR,actual_offshore_wind_generation,Wind Offshore | Actual Aggregated,2026-06-27T15:47:42Z
2026-06-27T15:46:33Z,2026-06-27T17:46:33+0200,4e541c53-98a3-4782-9d6d-b4c701b81d28,2026-06-02T00:00:00Z,2026-06-02T02:00:00+0200,1119.1,MW,FR,FR,actual_offshore_wind_generation,Wind Offshore | Actual Aggregated,2026-06-27T15:47:42Z
2026-06-27T15:46:33Z,2026-06-27T17:46:33+0200,4e541c53-98a3-4782-9d6d-b4c701b81d28,2026-06-02T00:15:00Z,2026-06-02T02:15:00+0200,1112.67,MW,FR,FR,actual_offshore_wind_generation,Wind Offshore | Actual Aggregated,2026-06-27T15:47:42Z
2026-06-27T15:46:33Z,2026-06-27T17:46:33+0200,4e541c53-98a3-4782-9d6d-b4c701b81d28,2026-06-02T00:30:00Z,2026-06-02T02:30:00+0200,1054.14,MW,FR,FR,actual_offshore_wind_generation,Wind Offshore | Actual Aggregated,2026-06-27T15:47:42Z
2026-06-27T15:46:33Z,2026-06-27T17:46:33+0200,4e541c53-98a3-4782-9d6d-b4c701b81d28,2026-06-02T00:45:00Z,2026-06-02T02:45:00+0200,1058.93,MW,FR,FR,actual_offshore_wind_generation,Wind Offshore | Actual Aggregated,2026-06-27T15:47:42Z
2026-06-27T15:46:33Z,2026-06-27T17:46:33+0200,4e541c53-98a3-4782-9d6d-b4c701b81d28,2026-06-02T01:00:00Z,2026-06-02T03:00:00+0200,1046.1,MW,FR,FR,actual_offshore_wind_generation,Wind Offshore | Actual Aggregated,2026-06-27T15:47:42Z
2026-06-27T15:46:33Z,2026-06-27T17:46:33+0200,4e541c53-98a3-4782-9d6d-b4c701b81d28,2026-06-02T01:15:00Z,2026-06-02T03:15:00+0200,1128.87,MW,FR,FR,actual_offshore_wind_generation,Wind Offshore | Actual Aggregated,2026-06-27T15:47:42Z
2026-06-27T15:46:33Z,2026-06-27T17:46:33+0200,4e541c53-98a3-4782-9d6d-b4c701b81d28,2026-06-02T01:30:00Z,2026-06-02T03:30:00+0200,1260.11,MW,FR,FR,actual_offshore_wind_generation,Wind Offshore | Actual Aggregated,2026-06-27T15:47:42Z
2026-06-27T15:46:33Z,2026-06-27T17:46:33+0200,4e541c53-98a3-4782-9d6d-b4c701b81d28,2026-06-02T01:45:00Z,2026-06-02T03:45:00+0200,1368.33,MW,FR,FR,actual_offshore_wind_generation,Wind Offshore | Actual Aggregated,2026-06-27T15:47:42Z
2026-06-27T15:46:33Z,2026-06-27T17:46:33+0200,4e541c53-98a3-4782-9d6d-b4c701b81d28,2026-06-02T02:00:00Z,2026-06-02T04:00:00+0200,1389.72,MW,FR,FR,actual_offshore_wind_generation,Wind Offshore | Actual Aggregated,2026-06-27T15:47:42Z
2026-06-27T15:46:33Z,2026-06-27T17:46:33+0200,4e541c53-98a3-4782-9d6d-b4c701b81d28,2026-06-02T02:15:00Z,2026-06-02T04:15:00+0200,1376.95,MW,FR,FR,actual_offshore_wind_generation,Wind Offshore | Actual Aggregated,2026-06-27T15:47:42Z
2026-06-27T15:46:33Z,2026-06-27T17:46:33+0200,4e541c53-98a3-4782-9d6d-b4c701b81d28,2026-06-02T02:30:00Z,2026-06-02T04:30:00+0200,1393.62,MW,FR,FR,actual_offshore_wind_generation,Wind Offshore | Actual Aggregated,2026-06-27T15:47:42Z
2026-06-27T15:46:33Z,2026-06-27T17:46:33+0200,4e541c53-98a3-4782-9d6d-b4c701b81d28,2026-06-02T02:45:00Z,2026-06-02T04:45:00+0200,1379.94,MW,FR,FR,actual_offshore_wind_generation,Wind Offshore | Actual Aggregated,2026-06-27T15:47:42Z
2026-06-27T15:46:33Z,2026-06-27T17:46:33+0200,4e541c53-98a3-4782-9d6d-b4c701b81d28,2026-06-02T03:00:00Z,2026-06-02T05:00:00+0200,1370.26,MW,FR,FR,actual_offshore_wind_generation,Wind Offshore | Actual Aggregated,2026-06-27T15:47:42Z
2026-06-27T15:46:33Z,2026-06-27T17:46:33+0200,4e541c53-98a3-4782-9d6d-b4c701b81d28,2026-06-02T03:15:00Z,2026-06-02T05:15:00+0200,1372.75,MW,FR,FR,actual_offshore_wind_generation,Wind Offshore | Actual Aggregated,2026-06-27T15:47:42Z
2026-06-27T15:46:33Z,2026-06-27T17:46:33+0200,4e541c53-98a3-4782-9d6d-b4c701b81d28,2026-06-02T03:30:00Z,2026-06-02T05:30:00+0200,1303.69,MW,FR,FR,actual_offshore_wind_generation,Wind Offshore | Actual Aggregated,2026-06-27T15:47:42Z
2026-06-27T15:46:33Z,2026-06-27T17:46:33+0200,4e541c53-98a3-4782-9d6d-b4c701b81d28,2026-06-02T03:45:00Z,2026-06-02T05:45:00+0200,1252.09,MW,FR,FR,actual_offshore_wind_generation,Wind Offshore | Actual Aggregated,2026-06-27T15:47:42Z
2026-06-27T15:46:33Z,2026-06-27T17:46:33+0200,4e541c53-98a3-4782-9d6d-b4c701b81d28,2026-06-02T04:00:00Z,2026-06-02T06:00:00+0200,1198.23,MW,FR,FR,actual_offshore_wind_generation,Wind Offshore | Actual Aggregated,2026-06-27T15:47:42Z
2026-06-27T15:46:33Z,2026-06-27T17:46:33+0200,4e541c53-98a3-4782-9d6d-b4c701b81d28,2026-06-02T04:15:00Z,2026-06-02T06:15:00+0200,1191.29,MW,FR,FR,actual_offshore_wind_generation,Wind Offshore | Actual Aggregated,2026-06-27T15:47:42Z
2026-06-27T15:46:33Z,2026-06-27T17:46:33+0200,4e541c53-98a3-4782-9d6d-b4c701b81d28,2026-06-02T04:30:00Z,2026-06-02T06:30:00+0200,1333.58,MW,FR,FR,actual_offshore_wind_generation,Wind Offshore | Actual Aggregated,2026-06-27T15:47:42Z
2026-06-27T15:46:33Z,2026-06-27T17:46:33+0200,4e541c53-98a3-4782-9d6d-b4c701b81d28,2026-06-02T04:45:00Z,2026-06-02T06:45:00+0200,1360.7,MW,FR,FR,actual_offshore_wind_generation,Wind Offshore | Actual Aggregated,2026-06-27T15:47:42Z
2026-06-27T15:46:33Z,2026-06-27T17:46:33+0200,4e541c53-98a3-4782-9d6d-b4c701b81d28,2026-06-02T05:00:00Z,2026-06-02T07:00:00+0200,1363.72,MW,FR,FR,actual_offshore_wind_generation,Wind Offshore | Actual Aggregated,2026-06-27T15:47:42Z
2026-06-27T15:46:33Z,2026-06-27T17:46:33+0200,4e541c53-98a3-4782-9d6d-b4c701b81d28,2026-06-02T05:15:00Z,2026-06-02T07:15:00+0200,1395.4,MW,FR,FR,actual_offshore_wind_generation,Wind Offshore | Actual Aggregated,2026-06-27T15:47:42Z
2026-06-27T15:46:33Z,2026-06-27T17:46:33+0200,4e541c53-98a3-4782-9d6d-b4c701b81d28,2026-06-02T05:30:00Z,2026-06-02T07:30:00+0200,1472.35,MW,FR,FR,actual_offshore_wind_generation,Wind Offshore | Actual Aggregated,2026-06-27T15:47:42Z
2026-06-27T15:46:33Z,2026-06-27T17:46:33+0200,4e541c53-98a3-4782-9d6d-b4c701b81d28,2026-06-02T05:45:00Z,2026-06-02T07:45:00+0200,1485.54,MW,FR,FR,actual_offshore_wind_generation,Wind Offshore | Actual Aggregated,2026-06-27T15:47:42Z
2026-06-27T15:46:33Z,2026-06-27T17:46:33+0200,4e541c53-98a3-4782-9d6d-b4c701b81d28,2026-06-02T06:00:00Z,2026-06-02T08:00:00+0200,1390.92,MW,FR,FR,actual_offshore_wind_generation,Wind Offshore | Actual Aggregated,2026-06-27T15:47:42Z
2026-06-27T15:46:33Z,2026-06-27T17:46:33+0200,4e541c53-98a3-4782-9d6d-b4c701b81d28,2026-06-02T06:15:00Z,2026-06-02T08:15:00+0200,1297.15,MW,FR,FR,actual_offshore_wind_generation,Wind Offshore | Actual Aggregated,2026-06-27T15:47:42Z
2026-06-27T15:46:33Z,2026-06-27T17:46:33+0200,4e541c53-98a3-4782-9d6d-b4c701b81d28,2026-06-02T06:30:00Z,2026-06-02T08:30:00+0200,1445.02,MW,FR,FR,actual_offshore_wind_generation,Wind Offshore | Actual Aggregated,2026-06-27T15:47:42Z
2026-06-27T15:46:33Z,2026-06-27T17:46:33+0200,4e541c53-98a3-4782-9d6d-b4c701b81d28,2026-06-02T06:45:00Z,2026-06-02T08:45:00+0200,1417.51,MW,FR,FR,actual_offshore_wind_generation,Wind Offshore | Actual Aggregated,2026-06-27T15:47:42Z
2026-06-27T15:46:33Z,2026-06-27T17:46:33+0200,4e541c53-98a3-4782-9d6d-b4c701b81d28,2026-06-02T07:00:00Z,2026-06-02T09:00:00+0200,1374.6,MW,FR,FR,actual_offshore_wind_generation,Wind Offshore | Actual Aggregated,2026-06-27T15:47:42Z
2026-06-27T15:46:33Z,2026-06-27T17:46:33+0200,4e541c53-98a3-4782-9d6d-b4c701b81d28,2026-06-02T07:15:00Z,2026-06-02T09:15:00+0200,1258.47,MW,FR,FR,actual_offshore_wind_generation,Wind Offshore | Actual Aggregated,2026-06-27T15:47:42Z
2026-06-27T15:46:33Z,2026-06-27T17:46:33+0200,4e541c53-98a3-4782-9d6d-b4c701b81d28,2026-06-02T07:30:00Z,2026-06-02T09:30:00+0200,1324.1,MW,FR,FR,actual_offshore_wind_generation,Wind Offshore | Actual Aggregated,2026-06-27T15:47:42Z
2026-06-27T15:46:33Z,2026-06-27T17:46:33+0200,4e541c53-98a3-4782-9d6d-b4c701b81d28,2026-06-02T07:45:00Z,2026-06-02T09:45:00+0200,1230.32,MW,FR,FR,actual_offshore_wind_generation,Wind Offshore | Actual Aggregated,2026-06-27T15:47:42Z
2026-06-27T15:46:33Z,2026-06-27T17:46:33+0200,4e541c53-98a3-4782-9d6d-b4c701b81d28,2026-06-02T08:00:00Z,2026-06-02T10:00:00+0200,1286.13,MW,FR,FR,actual_offshore_wind_generation,Wind Offshore | Actual Aggregated,2026-06-27T15:47:42Z
2026-06-27T15:46:33Z,2026-06-27T17:46:33+0200,4e541c53-98a3-4782-9d6d-b4c701b81d28,2026-06-02T08:15:00Z,2026-06-02T10:15:00+0200,1443.0,MW,FR,FR,actual_offshore_wind_generation,Wind Offshore | Actual Aggregated,2026-06-27T15:47:42Z
2026-06-27T15:46:33Z,2026-06-27T17:46:33+0200,4e541c53-98a3-4782-9d6d-b4c701b81d28,2026-06-02T08:30:00Z,2026-06-02T10:30:00+0200,1387.2,MW,FR,FR,actual_offshore_wind_generation,Wind Offshore | Actual Aggregated,2026-06-27T15:47:42Z
2026-06-27T15:46:33Z,2026-06-27T17:46:33+0200,4e541c53-98a3-4782-9d6d-b4c701b81d28,2026-06-02T08:45:00Z,2026-06-02T10:45:00+0200,1496.8,MW,FR,FR,actual_offshore_wind_generation,Wind Offshore | Actual Aggregated,2026-06-27T15:47:42Z
2026-06-27T15:46:33Z,2026-06-27T17:46:33+0200,4e541c53-98a3-4782-9d6d-b4c701b81d28,2026-06-02T09:00:00Z,2026-06-02T11:00:00+0200,1602.37,MW,FR,FR,actual_offshore_wind_generation,Wind Offshore | Actual Aggregated,2026-06-27T15:47:42Z
2026-06-27T15:46:33Z,2026-06-27T17:46:33+0200,4e541c53-98a3-4782-9d6d-b4c701b81d28,2026-06-02T09:15:00Z,2026-06-02T11:15:00+0200,1665.94,MW,FR,FR,actual_offshore_wind_generation,Wind Offshore | Actual Aggregated,2026-06-27T15:47:42Z
2026-06-27T15:46:33Z,2026-06-27T17:46:33+0200,4e541c53-98a3-4782-9d6d-b4c701b81d28,2026-06-02T09:30:00Z,2026-06-02T11:30:00+0200,1693.43,MW,FR,FR,actual_offshore_wind_generation,Wind Offshore | Actual Aggregated,2026-06-27T15:47:42Z
2026-06-27T15:46:33Z,2026-06-27T17:46:33+0200,4e541c53-98a3-4782-9d6d-b4c701b81d28,2026-06-02T09:45:00Z,2026-06-02T11:45:00+0200,1665.39,MW,FR,FR,actual_offshore_wind_generation,Wind Offshore | Actual Aggregated,2026-06-27T15:47:42Z
2026-06-27T15:46:33Z,2026-06-27T17:46:33+0200,4e541c53-98a3-4782-9d6d-b4c701b81d28,2026-06-02T10:00:00Z,2026-06-02T12:00:00+0200,1624.17,MW,FR,FR,actual_offshore_wind_generation,Wind Offshore | Actual Aggregated,2026-06-27T15:47:42Z
2026-06-27T15:46:33Z,2026-06-27T17:46:33+0200,4e541c53-98a3-4782-9d6d-b4c701b81d28,2026-06-02T10:15:00Z,2026-06-02T12:15:00+0200,1719.52,MW,FR,FR,actual_offshore_wind_generation,Wind Offshore | Actual Aggregated,2026-06-27T15:47:42Z
2026-06-27T15:46:33Z,2026-06-27T17:46:33+0200,4e541c53-98a3-4782-9d6d-b4c701b81d28,2026-06-02T10:30:00Z,2026-06-02T12:30:00+0200,1737.89,MW,FR,FR,actual_offshore_wind_generation,Wind Offshore | Actual Aggregated,2026-06-27T15:47:42Z
2026-06-27T15:46:33Z,2026-06-27T17:46:33+0200,4e541c53-98a3-4782-9d6d-b4c701b81d28,2026-06-02T10:45:00Z,2026-06-02T12:45:00+0200,1783.38,MW,FR,FR,actual_offshore_wind_generation,Wind Offshore | Actual Aggregated,2026-06-27T15:47:42Z
2026-06-27T15:46:33Z,2026-06-27T17:46:33+0200,4e541c53-98a3-4782-9d6d-b4c701b81d28,2026-06-02T11:00:00Z,2026-06-02T13:00:00+0200,1813.82,MW,FR,FR,actual_offshore_wind_generation,Wind Offshore | Actual Aggregated,2026-06-27T15:47:42Z
2026-06-27T15:46:33Z,2026-06-27T17:46:33+0200,4e541c53-98a3-4782-9d6d-b4c701b81d28,2026-06-02T11:15:00Z,2026-06-02T13:15:00+0200,1773.85,MW,FR,FR,actual_offshore_wind_generation,Wind Offshore | Actual Aggregated,2026-06-27T15:47:42Z
2026-06-27T15:46:33Z,2026-06-27T17:46:33+0200,4e541c53-98a3-4782-9d6d-b4c701b81d28,2026-06-02T11:30:00Z,2026-06-02T13:30:00+0200,1737.63,MW,FR,FR,actual_offshore_wind_generation,Wind Offshore | Actual Aggregated,2026-06-27T15:47:42Z
2026-06-27T15:46:33Z,2026-06-27T17:46:33+0200,4e541c53-98a3-4782-9d6d-b4c701b81d28,2026-06-02T11:45:00Z,2026-06-02T13:45:00+0200,1684.48,MW,FR,FR,actual_offshore_wind_generation,Wind Offshore | Actual Aggregated,2026-06-27T15:47:42Z
2026-06-27T15:46:33Z,2026-06-27T17:46:33+0200,4e541c53-98a3-4782-9d6d-b4c701b81d28,2026-06-02T12:00:00Z,2026-06-02T14:00:00+0200,1727.08,MW,FR,FR,actual_offshore_wind_generation,Wind Offshore | Actual Aggregated,2026-06-27T15:47:42Z
2026-06-27T15:46:33Z,2026-06-27T17:46:33+0200,4e541c53-98a3-4782-9d6d-b4c701b81d28,2026-06-02T12:15:00Z,2026-06-02T14:15:00+0200,1782.93,MW,FR,FR,actual_offshore_wind_generation,Wind Offshore | Actual Aggregated,2026-06-27T15:47:42Z
2026-06-27T15:46:33Z,2026-06-27T17:46:33+0200,4e541c53-98a3-4782-9d6d-b4c701b81d28,2026-06-02T12:30:00Z,2026-06-02T14:30:00+0200,1793.18,MW,FR,FR,actual_offshore_wind_generation,Wind Offshore | Actual Aggregated,2026-06-27T15:47:42Z
2026-06-27T15:46:33Z,2026-06-27T17:46:33+0200,4e541c53-98a3-4782-9d6d-b4c701b81d28,2026-06-02T12:45:00Z,2026-06-02T14:45:00+0200,1789.24,MW,FR,FR,actual_offshore_wind_generation,Wind Offshore | Actual Aggregated,2026-06-27T15:47:42Z
2026-06-27T15:46:33Z,2026-06-27T17:46:33+0200,4e541c53-98a3-4782-9d6d-b4c701b81d28,2026-06-02T13:00:00Z,2026-06-02T15:00:00+0200,1832.83,MW,FR,FR,actual_offshore_wind_generation,Wind Offshore | Actual Aggregated,2026-06-27T15:47:42Z
2026-06-27T15:46:33Z,2026-06-27T17:46:33+0200,4e541c53-98a3-4782-9d6d-b4c701b81d28,2026-06-02T13:15:00Z,2026-06-02T15:15:00+0200,1751.0,MW,FR,FR,actual_offshore_wind_generation,Wind Offshore | Actual Aggregated,2026-06-27T15:47:42Z
2026-06-27T15:46:33Z,2026-06-27T17:46:33+0200,4e541c53-98a3-4782-9d6d-b4c701b81d28,2026-06-02T13:30:00Z,2026-06-02T15:30:00+0200,1718.26,MW,FR,FR,actual_offshore_wind_generation,Wind Offshore | Actual Aggregated,2026-06-27T15:47:42Z
2026-06-27T15:46:33Z,2026-06-27T17:46:33+0200,4e541c53-98a3-4782-9d6d-b4c701b81d28,2026-06-02T13:45:00Z,2026-06-02T15:45:00+0200,1742.35,MW,FR,FR,actual_offshore_wind_generation,Wind Offshore | Actual Aggregated,2026-06-27T15:47:42Z
2026-06-27T15:46:33Z,2026-06-27T17:46:33+0200,4e541c53-98a3-4782-9d6d-b4c701b81d28,2026-06-02T14:00:00Z,2026-06-02T16:00:00+0200,1828.46,MW,FR,FR,actual_offshore_wind_generation,Wind Offshore | Actual Aggregated,2026-06-27T15:47:42Z
2026-06-27T15:46:33Z,2026-06-27T17:46:33+0200,4e541c53-98a3-4782-9d6d-b4c701b81d28,2026-06-02T14:15:00Z,2026-06-02T16:15:00+0200,1855.98,MW,FR,FR,actual_offshore_wind_generation,Wind Offshore | Actual Aggregated,2026-06-27T15:47:42Z
2026-06-27T15:46:33Z,2026-06-27T17:46:33+0200,4e541c53-98a3-4782-9d6d-b4c701b81d28,2026-06-02T14:30:00Z,2026-06-02T16:30:00+0200,1859.6,MW,FR,FR,actual_offshore_wind_generation,Wind Offshore | Actual Aggregated,2026-06-27T15:47:42Z
2026-06-27T15:46:33Z,2026-06-27T17:46:33+0200,4e541c53-98a3-4782-9d6d-b4c701b81d28,2026-06-02T14:45:00Z,2026-06-02T16:45:00+0200,1894.85,MW,FR,FR,actual_offshore_wind_generation,Wind Offshore | Actual Aggregated,2026-06-27T15:47:42Z
2026-06-27T15:46:33Z,2026-06-27T17:46:33+0200,4e541c53-98a3-4782-9d6d-b4c701b81d28,2026-06-02T15:00:00Z,2026-06-02T17:00:00+0200,1894.11,MW,FR,FR,actual_offshore_wind_generation,Wind Offshore | Actual Aggregated,2026-06-27T15:47:42Z
2026-06-27T15:46:33Z,2026-06-27T17:46:33+0200,4e541c53-98a3-4782-9d6d-b4c701b81d28,2026-06-02T15:15:00Z,2026-06-02T17:15:00+0200,1872.74,MW,FR,FR,actual_offshore_wind_generation,Wind Offshore | Actual Aggregated,2026-06-27T15:47:42Z
2026-06-27T15:46:33Z,2026-06-27T17:46:33+0200,4e541c53-98a3-4782-9d6d-b4c701b81d28,2026-06-02T15:30:00Z,2026-06-02T17:30:00+0200,1583.94,MW,FR,FR,actual_offshore_wind_generation,Wind Offshore | Actual Aggregated,2026-06-27T15:47:42Z
2026-06-27T15:46:33Z,2026-06-27T17:46:33+0200,4e541c53-98a3-4782-9d6d-b4c701b81d28,2026-06-02T15:45:00Z,2026-06-02T17:45:00+0200,1451.86,MW,FR,FR,actual_offshore_wind_generation,Wind Offshore | Actual Aggregated,2026-06-27T15:47:42Z
2026-06-27T15:46:33Z,2026-06-27T17:46:33+0200,4e541c53-98a3-4782-9d6d-b4c701b81d28,2026-06-02T16:00:00Z,2026-06-02T18:00:00+0200,1437.24,MW,FR,FR,actual_offshore_wind_generation,Wind Offshore | Actual Aggregated,2026-06-27T15:47:42Z
2026-06-27T15:46:33Z,2026-06-27T17:46:33+0200,4e541c53-98a3-4782-9d6d-b4c701b81d28,2026-06-02T16:15:00Z,2026-06-02T18:15:00+0200,1435.21,MW,FR,FR,actual_offshore_wind_generation,Wind Offshore | Actual Aggregated,2026-06-27T15:47:42Z
2026-06-27T15:46:33Z,2026-06-27T17:46:33+0200,4e541c53-98a3-4782-9d6d-b4c701b81d28,2026-06-02T16:30:00Z,2026-06-02T18:30:00+0200,1431.08,MW,FR,FR,actual_offshore_wind_generation,Wind Offshore | Actual Aggregated,2026-06-27T15:47:42Z
2026-06-27T15:46:33Z,2026-06-27T17:46:33+0200,4e541c53-98a3-4782-9d6d-b4c701b81d28,2026-06-02T16:45:00Z,2026-06-02T18:45:00+0200,1439.33,MW,FR,FR,actual_offshore_wind_generation,Wind Offshore | Actual Aggregated,2026-06-27T15:47:42Z
2026-06-27T15:46:33Z,2026-06-27T17:46:33+0200,4e541c53-98a3-4782-9d6d-b4c701b81d28,2026-06-02T17:00:00Z,2026-06-02T19:00:00+0200,1436.47,MW,FR,FR,actual_offshore_wind_generation,Wind Offshore | Actual Aggregated,2026-06-27T15:47:42Z
2026-06-27T15:46:33Z,2026-06-27T17:46:33+0200,4e541c53-98a3-4782-9d6d-b4c701b81d28,2026-06-02T17:15:00Z,2026-06-02T19:15:00+0200,1431.37,MW,FR,FR,actual_offshore_wind_generation,Wind Offshore | Actual Aggregated,2026-06-27T15:47:42Z
2026-06-27T15:46:33Z,2026-06-27T17:46:33+0200,4e541c53-98a3-4782-9d6d-b4c701b81d28,2026-06-02T17:30:00Z,2026-06-02T19:30:00+0200,1438.87,MW,FR,FR,actual_offshore_wind_generation,Wind Offshore | Actual Aggregated,2026-06-27T15:47:42Z
2026-06-27T15:46:33Z,2026-06-27T17:46:33+0200,4e541c53-98a3-4782-9d6d-b4c701b81d28,2026-06-02T17:45:00Z,2026-06-02T19:45:00+0200,1421.25,MW,FR,FR,actual_offshore_wind_generation,Wind Offshore | Actual Aggregated,2026-06-27T15:47:42Z
2026-06-27T15:46:33Z,2026-06-27T17:46:33+0200,4e541c53-98a3-4782-9d6d-b4c701b81d28,2026-06-02T18:00:00Z,2026-06-02T20:00:00+0200,1430.2,MW,FR,FR,actual_offshore_wind_generation,Wind Offshore | Actual Aggregated,2026-06-27T15:47:42Z
2026-06-27T15:46:33Z,2026-06-27T17:46:33+0200,4e541c53-98a3-4782-9d6d-b4c701b81d28,2026-06-02T18:15:00Z,2026-06-02T20:15:00+0200,1449.61,MW,FR,FR,actual_offshore_wind_generation,Wind Offshore | Actual Aggregated,2026-06-27T15:47:42Z
2026-06-27T15:46:33Z,2026-06-27T17:46:33+0200,4e541c53-98a3-4782-9d6d-b4c701b81d28,2026-06-02T18:30:00Z,2026-06-02T20:30:00+0200,1407.35,MW,FR,FR,actual_offshore_wind_generation,Wind Offshore | Actual Aggregated,2026-06-27T15:47:42Z
2026-06-27T15:46:33Z,2026-06-27T17:46:33+0200,4e541c53-98a3-4782-9d6d-b4c701b81d28,2026-06-02T18:45:00Z,2026-06-02T20:45:00+0200,1036.96,MW,FR,FR,actual_offshore_wind_generation,Wind Offshore | Actual Aggregated,2026-06-27T15:47:42Z
2026-06-27T15:46:33Z,2026-06-27T17:46:33+0200,4e541c53-98a3-4782-9d6d-b4c701b81d28,2026-06-02T19:00:00Z,2026-06-02T21:00:00+0200,1037.1,MW,FR,FR,actual_offshore_wind_generation,Wind Offshore | Actual Aggregated,2026-06-27T15:47:42Z
2026-06-27T15:46:33Z,2026-06-27T17:46:33+0200,4e541c53-98a3-4782-9d6d-b4c701b81d28,2026-06-02T19:15:00Z,2026-06-02T21:15:00+0200,1039.37,MW,FR,FR,actual_offshore_wind_generation,Wind Offshore | Actual Aggregated,2026-06-27T15:47:42Z
2026-06-27T15:46:33Z,2026-06-27T17:46:33+0200,4e541c53-98a3-4782-9d6d-b4c701b81d28,2026-06-02T19:30:00Z,2026-06-02T21:30:00+0200,1011.94,MW,FR,FR,actual_offshore_wind_generation,Wind Offshore | Actual Aggregated,2026-06-27T15:47:42Z
2026-06-27T15:46:33Z,2026-06-27T17:46:33+0200,4e541c53-98a3-4782-9d6d-b4c701b81d28,2026-06-02T19:45:00Z,2026-06-02T21:45:00+0200,1703.34,MW,FR,FR,actual_offshore_wind_generation,Wind Offshore | Actual Aggregated,2026-06-27T15:47:42Z
2026-06-27T15:46:33Z,2026-06-27T17:46:33+0200,4e541c53-98a3-4782-9d6d-b4c701b81d28,2026-06-02T20:00:00Z,2026-06-02T22:00:00+0200,1768.3,MW,FR,FR,actual_offshore_wind_generation,Wind Offshore | Actual Aggregated,2026-06-27T15:47:42Z
2026-06-27T15:46:33Z,2026-06-27T17:46:33+0200,4e541c53-98a3-4782-9d6d-b4c701b81d28,2026-06-02T20:15:00Z,2026-06-02T22:15:00+0200,1701.81,MW,FR,FR,actual_offshore_wind_generation,Wind Offshore | Actual Aggregated,2026-06-27T15:47:42Z
2026-06-27T15:46:33Z,2026-06-27T17:46:33+0200,4e541c53-98a3-4782-9d6d-b4c701b81d28,2026-06-02T20:30:00Z,2026-06-02T22:30:00+0200,1732.96,MW,FR,FR,actual_offshore_wind_generation,Wind Offshore | Actual Aggregated,2026-06-27T15:47:42Z
2026-06-27T15:46:33Z,2026-06-27T17:46:33+0200,4e541c53-98a3-4782-9d6d-b4c701b81d28,2026-06-02T20:45:00Z,2026-06-02T22:45:00+0200,1708.19,MW,FR,FR,actual_offshore_wind_generation,Wind Offshore | Actual Aggregated,2026-06-27T15:47:42Z
2026-06-27T15:46:33Z,2026-06-27T17:46:33+0200,4e541c53-98a3-4782-9d6d-b4c701b81d28,2026-06-02T21:00:00Z,2026-06-02T23:00:00+0200,1650.71,MW,FR,FR,actual_offshore_wind_generation,Wind Offshore | Actual Aggregated,2026-06-27T15:47:42Z
2026-06-27T15:46:33Z,2026-06-27T17:46:33+0200,4e541c53-98a3-4782-9d6d-b4c701b81d28,2026-06-02T21:15:00Z,2026-06-02T23:15:00+0200,1709.83,MW,FR,FR,actual_offshore_wind_generation,Wind Offshore | Actual Aggregated,2026-06-27T15:47:42Z
2026-06-27T15:46:33Z,2026-06-27T17:46:33+0200,4e541c53-98a3-4782-9d6d-b4c701b81d28,2026-06-02T21:30:00Z,2026-06-02T23:30:00+0200,1717.86,MW,FR,FR,actual_offshore_wind_generation,Wind Offshore | Actual Aggregated,2026-06-27T15:47:42Z
2026-06-27T15:46:33Z,2026-06-27T17:46:33+0200,4e541c53-98a3-4782-9d6d-b4c701b81d28,2026-06-02T21:45:00Z,2026-06-02T23:45:00+0200,1658.75,MW,FR,FR,actual_offshore_wind_generation,Wind Offshore | Actual Aggregated,2026-06-27T15:47:42Z
2026-06-27T15:46:33Z,2026-06-27T17:46:33+0200,4e541c53-98a3-4782-9d6d-b4c701b81d28,2026-06-02T22:00:00Z,2026-06-03T00:00:00+0200,1599.13,MW,FR,FR,actual_offshore_wind_generation,Wind Offshore | Actual Aggregated,2026-06-27T15:47:42Z
2026-06-27T15:46:33Z,2026-06-27T17:46:33+0200,4e541c53-98a3-4782-9d6d-b4c701b81d28,2026-06-02T22:15:00Z,2026-06-03T00:15:00+0200,1433.78,MW,FR,FR,actual_offshore_wind_generation,Wind Offshore | Actual Aggregated,2026-06-27T15:47:42Z
2026-06-27T15:46:33Z,2026-06-27T17:46:33+0200,4e541c53-98a3-4782-9d6d-b4c701b81d28,2026-06-02T22:30:00Z,2026-06-03T00:30:00+0200,1463.72,MW,FR,FR,actual_offshore_wind_generation,Wind Offshore | Actual Aggregated,2026-06-27T15:47:42Z
2026-06-27T15:46:33Z,2026-06-27T17:46:33+0200,4e541c53-98a3-4782-9d6d-b4c701b81d28,2026-06-02T22:45:00Z,2026-06-03T00:45:00+0200,1459.71,MW,FR,FR,actual_offshore_wind_generation,Wind Offshore | Actual Aggregated,2026-06-27T15:47:42Z
2026-06-27T15:46:33Z,2026-06-27T17:46:33+0200,4e541c53-98a3-4782-9d6d-b4c701b81d28,2026-06-02T23:00:00Z,2026-06-03T01:00:00+0200,1522.27,MW,FR,FR,actual_offshore_wind_generation,Wind Offshore | Actual Aggregated,2026-06-27T15:47:42Z
2026-06-27T15:46:33Z,2026-06-27T17:46:33+0200,4e541c53-98a3-4782-9d6d-b4c701b81d28,2026-06-02T23:15:00Z,2026-06-03T01:15:00+0200,1401.05,MW,FR,FR,actual_offshore_wind_generation,Wind Offshore | Actual Aggregated,2026-06-27T15:47:42Z
2026-06-27T15:46:33Z,2026-06-27T17:46:33+0200,4e541c53-98a3-4782-9d6d-b4c701b81d28,2026-06-02T23:30:00Z,2026-06-03T01:30:00+0200,1443.26,MW,FR,FR,actual_offshore_wind_generation,Wind Offshore | Actual Aggregated,2026-06-27T15:47:42Z
2026-06-27T15:46:33Z,2026-06-27T17:46:33+0200,4e541c53-98a3-4782-9d6d-b4c701b81d28,2026-06-02T23:45:00Z,2026-06-03T01:45:00+0200,1455.17,MW,FR,FR,actual_offshore_wind_generation,Wind Offshore | Actual Aggregated,2026-06-27T15:47:42Z
2026-06-27T15:46:33Z,2026-06-27T17:46:33+0200,4e541c53-98a3-4782-9d6d-b4c701b81d28,2026-06-03T00:00:00Z,2026-06-03T02:00:00+0200,1466.45,MW,FR,FR,actual_offshore_wind_generation,Wind Offshore | Actual Aggregated,2026-06-27T15:47:42Z
2026-06-27T15:46:33Z,2026-06-27T17:46:33+0200,4e541c53-98a3-4782-9d6d-b4c701b81d28,2026-06-03T00:15:00Z,2026-06-03T02:15:00+0200,1475.76,MW,FR,FR,actual_offshore_wind_generation,Wind Offshore | Actual Aggregated,2026-06-27T15:47:42Z
2026-06-27T15:46:33Z,2026-06-27T17:46:33+0200,4e541c53-98a3-4782-9d6d-b4c701b81d28,2026-06-03T00:30:00Z,2026-06-03T02:30:00+0200,889.3,MW,FR,FR,actual_offshore_wind_generation,Wind Offshore | Actual Aggregated,2026-06-27T15:47:42Z
2026-06-27T15:46:33Z,2026-06-27T17:46:33+0200,4e541c53-98a3-4782-9d6d-b4c701b81d28,2026-06-03T00:45:00Z,2026-06-03T02:45:00+0200,543.33,MW,FR,FR,actual_offshore_wind_generation,Wind Offshore | Actual Aggregated,2026-06-27T15:47:42Z
2026-06-27T15:46:33Z,2026-06-27T17:46:33+0200,4e541c53-98a3-4782-9d6d-b4c701b81d28,2026-06-03T01:00:00Z,2026-06-03T03:00:00+0200,433.39,MW,FR,FR,actual_offshore_wind_generation,Wind Offshore | Actual Aggregated,2026-06-27T15:47:42Z
2026-06-27T15:46:33Z,2026-06-27T17:46:33+0200,4e541c53-98a3-4782-9d6d-b4c701b81d28,2026-06-03T01:15:00Z,2026-06-03T03:15:00+0200,455.71,MW,FR,FR,actual_offshore_wind_generation,Wind Offshore | Actual Aggregated,2026-06-27T15:47:42Z
2026-06-27T15:46:33Z,2026-06-27T17:46:33+0200,4e541c53-98a3-4782-9d6d-b4c701b81d28,2026-06-03T01:30:00Z,2026-06-03T03:30:00+0200,493.89,MW,FR,FR,actual_offshore_wind_generation,Wind Offshore | Actual Aggregated,2026-06-27T15:47:42Z
2026-06-27T15:46:33Z,2026-06-27T17:46:33+0200,4e541c53-98a3-4782-9d6d-b4c701b81d28,2026-06-03T01:45:00Z,2026-06-03T03:45:00+0200,503.83,MW,FR,FR,actual_offshore_wind_generation,Wind Offshore | Actual Aggregated,2026-06-27T15:47:42Z
2026-06-27T15:46:33Z,2026-06-27T17:46:33+0200,4e541c53-98a3-4782-9d6d-b4c701b81d28,2026-06-03T02:00:00Z,2026-06-03T04:00:00+0200,505.78,MW,FR,FR,actual_offshore_wind_generation,Wind Offshore | Actual Aggregated,2026-06-27T15:47:42Z
2026-06-27T15:46:33Z,2026-06-27T17:46:33+0200,4e541c53-98a3-4782-9d6d-b4c701b81d28,2026-06-03T02:15:00Z,2026-06-03T04:15:00+0200,437.78,MW,FR,FR,actual_offshore_wind_generation,Wind Offshore | Actual Aggregated,2026-06-27T15:47:42Z
2026-06-27T15:46:33Z,2026-06-27T17:46:33+0200,4e541c53-98a3-4782-9d6d-b4c701b81d28,2026-06-03T02:30:00Z,2026-06-03T04:30:00+0200,1052.09,MW,FR,FR,actual_offshore_wind_generation,Wind Offshore | Actual Aggregated,2026-06-27T15:47:42Z
2026-06-27T15:46:33Z,2026-06-27T17:46:33+0200,4e541c53-98a3-4782-9d6d-b4c701b81d28,2026-06-03T02:45:00Z,2026-06-03T04:45:00+0200,1239.1,MW,FR,FR,actual_offshore_wind_generation,Wind Offshore | Actual Aggregated,2026-06-27T15:47:42Z
2026-06-27T15:46:33Z,2026-06-27T17:46:33+0200,4e541c53-98a3-4782-9d6d-b4c701b81d28,2026-06-03T03:00:00Z,2026-06-03T05:00:00+0200,1127.05,MW,FR,FR,actual_offshore_wind_generation,Wind Offshore | Actual Aggregated,2026-06-27T15:47:42Z
2026-06-27T15:46:33Z,2026-06-27T17:46:33+0200,4e541c53-98a3-4782-9d6d-b4c701b81d28,2026-06-03T03:15:00Z,2026-06-03T05:15:00+0200,1054.22,MW,FR,FR,actual_offshore_wind_generation,Wind Offshore | Actual Aggregated,2026-06-27T15:47:42Z
2026-06-27T15:46:33Z,2026-06-27T17:46:33+0200,4e541c53-98a3-4782-9d6d-b4c701b81d28,2026-06-03T03:30:00Z,2026-06-03T05:30:00+0200,1074.94,MW,FR,FR,actual_offshore_wind_generation,Wind Offshore | Actual Aggregated,2026-06-27T15:47:42Z
2026-06-27T15:46:33Z,2026-06-27T17:46:33+0200,4e541c53-98a3-4782-9d6d-b4c701b81d28,2026-06-03T03:45:00Z,2026-06-03T05:45:00+0200,1134.6,MW,FR,FR,actual_offshore_wind_generation,Wind Offshore | Actual Aggregated,2026-06-27T15:47:42Z
2026-06-27T15:46:33Z,2026-06-27T17:46:33+0200,4e541c53-98a3-4782-9d6d-b4c701b81d28,2026-06-03T04:00:00Z,2026-06-03T06:00:00+0200,1089.88,MW,FR,FR,actual_offshore_wind_generation,Wind Offshore | Actual Aggregated,2026-06-27T15:47:42Z
2026-06-27T15:46:33Z,2026-06-27T17:46:33+0200,4e541c53-98a3-4782-9d6d-b4c701b81d28,2026-06-03T04:15:00Z,2026-06-03T06:15:00+0200,1034.85,MW,FR,FR,actual_offshore_wind_generation,Wind Offshore | Actual Aggregated,2026-06-27T15:47:42Z
2026-06-27T15:46:33Z,2026-06-27T17:46:33+0200,4e541c53-98a3-4782-9d6d-b4c701b81d28,2026-06-03T04:30:00Z,2026-06-03T06:30:00+0200,1129.65,MW,FR,FR,actual_offshore_wind_generation,Wind Offshore | Actual Aggregated,2026-06-27T15:47:42Z
2026-06-27T15:46:33Z,2026-06-27T17:46:33+0200,4e541c53-98a3-4782-9d6d-b4c701b81d28,2026-06-03T04:45:00Z,2026-06-03T06:45:00+0200,1229.72,MW,FR,FR,actual_offshore_wind_generation,Wind Offshore | Actual Aggregated,2026-06-27T15:47:42Z
2026-06-27T15:46:33Z,2026-06-27T17:46:33+0200,4e541c53-98a3-4782-9d6d-b4c701b81d28,2026-06-03T05:00:00Z,2026-06-03T07:00:00+0200,1267.69,MW,FR,FR,actual_offshore_wind_generation,Wind Offshore | Actual Aggregated,2026-06-27T15:47:42Z
2026-06-27T15:46:33Z,2026-06-27T17:46:33+0200,4e541c53-98a3-4782-9d6d-b4c701b81d28,2026-06-03T05:15:00Z,2026-06-03T07:15:00+0200,1240.37,MW,FR,FR,actual_offshore_wind_generation,Wind Offshore | Actual Aggregated,2026-06-27T15:47:42Z
2026-06-27T15:46:33Z,2026-06-27T17:46:33+0200,4e541c53-98a3-4782-9d6d-b4c701b81d28,2026-06-03T05:30:00Z,2026-06-03T07:30:00+0200,1333.37,MW,FR,FR,actual_offshore_wind_generation,Wind Offshore | Actual Aggregated,2026-06-27T15:47:42Z
2026-06-27T15:46:33Z,2026-06-27T17:46:33+0200,4e541c53-98a3-4782-9d6d-b4c701b81d28,2026-06-03T05:45:00Z,2026-06-03T07:45:00+0200,1513.55,MW,FR,FR,actual_offshore_wind_generation,Wind Offshore | Actual Aggregated,2026-06-27T15:47:42Z
2026-06-27T15:46:33Z,2026-06-27T17:46:33+0200,4e541c53-98a3-4782-9d6d-b4c701b81d28,2026-06-03T06:00:00Z,2026-06-03T08:00:00+0200,1638.56,MW,FR,FR,actual_offshore_wind_generation,Wind Offshore | Actual Aggregated,2026-06-27T15:47:42Z
2026-06-27T15:46:33Z,2026-06-27T17:46:33+0200,4e541c53-98a3-4782-9d6d-b4c701b81d28,2026-06-03T06:15:00Z,2026-06-03T08:15:00+0200,1640.24,MW,FR,FR,actual_offshore_wind_generation,Wind Offshore | Actual Aggregated,2026-06-27T15:47:42Z
2026-06-27T15:46:33Z,2026-06-27T17:46:33+0200,4e541c53-98a3-4782-9d6d-b4c701b81d28,2026-06-03T06:30:00Z,2026-06-03T08:30:00+0200,1597.98,MW,FR,FR,actual_offshore_wind_generation,Wind Offshore | Actual Aggregated,2026-06-27T15:47:42Z
2026-06-27T15:46:33Z,2026-06-27T17:46:33+0200,4e541c53-98a3-4782-9d6d-b4c701b81d28,2026-06-03T06:45:00Z,2026-06-03T08:45:00+0200,1514.17,MW,FR,FR,actual_offshore_wind_generation,Wind Offshore | Actual Aggregated,2026-06-27T15:47:42Z
2026-06-27T15:46:33Z,2026-06-27T17:46:33+0200,4e541c53-98a3-4782-9d6d-b4c701b81d28,2026-06-03T07:00:00Z,2026-06-03T09:00:00+0200,1426.03,MW,FR,FR,actual_offshore_wind_generation,Wind Offshore | Actual Aggregated,2026-06-27T15:47:42Z
2026-06-27T15:46:33Z,2026-06-27T17:46:33+0200,4e541c53-98a3-4782-9d6d-b4c701b81d28,2026-06-03T07:15:00Z,2026-06-03T09:15:00+0200,1541.2,MW,FR,FR,actual_offshore_wind_generation,Wind Offshore | Actual Aggregated,2026-06-27T15:47:42Z
2026-06-27T15:46:33Z,2026-06-27T17:46:33+0200,4e541c53-98a3-4782-9d6d-b4c701b81d28,2026-06-03T07:30:00Z,2026-06-03T09:30:00+0200,1552.48,MW,FR,FR,actual_offshore_wind_generation,Wind Offshore | Actual Aggregated,2026-06-27T15:47:42Z
2026-06-27T15:46:33Z,2026-06-27T17:46:33+0200,4e541c53-98a3-4782-9d6d-b4c701b81d28,2026-06-03T07:45:00Z,2026-06-03T09:45:00+0200,1675.64,MW,FR,FR,actual_offshore_wind_generation,Wind Offshore | Actual Aggregated,2026-06-27T15:47:42Z
2026-06-27T15:46:33Z,2026-06-27T17:46:33+0200,4e541c53-98a3-4782-9d6d-b4c701b81d28,2026-06-03T08:00:00Z,2026-06-03T10:00:00+0200,1718.18,MW,FR,FR,actual_offshore_wind_generation,Wind Offshore | Actual Aggregated,2026-06-27T15:47:42Z
2026-06-27T15:46:33Z,2026-06-27T17:46:33+0200,4e541c53-98a3-4782-9d6d-b4c701b81d28,2026-06-03T08:15:00Z,2026-06-03T10:15:00+0200,1500.68,MW,FR,FR,actual_offshore_wind_generation,Wind Offshore | Actual Aggregated,2026-06-27T15:47:42Z
2026-06-27T15:46:33Z,2026-06-27T17:46:33+0200,4e541c53-98a3-4782-9d6d-b4c701b81d28,2026-06-03T08:30:00Z,2026-06-03T10:30:00+0200,840.22,MW,FR,FR,actual_offshore_wind_generation,Wind Offshore | Actual Aggregated,2026-06-27T15:47:42Z
2026-06-27T15:46:33Z,2026-06-27T17:46:33+0200,4e541c53-98a3-4782-9d6d-b4c701b81d28,2026-06-03T08:45:00Z,2026-06-03T10:45:00+0200,602.77,MW,FR,FR,actual_offshore_wind_generation,Wind Offshore | Actual Aggregated,2026-06-27T15:47:42Z
2026-06-27T15:46:33Z,2026-06-27T17:46:33+0200,4e541c53-98a3-4782-9d6d-b4c701b81d28,2026-06-03T09:00:00Z,2026-06-03T11:00:00+0200,590.3,MW,FR,FR,actual_offshore_wind_generation,Wind Offshore | Actual Aggregated,2026-06-27T15:47:42Z
2026-06-27T15:46:33Z,2026-06-27T17:46:33+0200,4e541c53-98a3-4782-9d6d-b4c701b81d28,2026-06-03T09:15:00Z,2026-06-03T11:15:00+0200,601.48,MW,FR,FR,actual_offshore_wind_generation,Wind Offshore | Actual Aggregated,2026-06-27T15:47:42Z
2026-06-27T15:46:33Z,2026-06-27T17:46:33+0200,4e541c53-98a3-4782-9d6d-b4c701b81d28,2026-06-03T09:30:00Z,2026-06-03T11:30:00+0200,598.43,MW,FR,FR,actual_offshore_wind_generation,Wind Offshore | Actual Aggregated,2026-06-27T15:47:42Z
2026-06-27T15:46:33Z,2026-06-27T17:46:33+0200,4e541c53-98a3-4782-9d6d-b4c701b81d28,2026-06-03T09:45:00Z,2026-06-03T11:45:00+0200,601.07,MW,FR,FR,actual_offshore_wind_generation,Wind Offshore | Actual Aggregated,2026-06-27T15:47:42Z
2026-06-27T15:46:33Z,2026-06-27T17:46:33+0200,4e541c53-98a3-4782-9d6d-b4c701b81d28,2026-06-03T10:00:00Z,2026-06-03T12:00:00+0200,1182.73,MW,FR,FR,actual_offshore_wind_generation,Wind Offshore | Actual Aggregated,2026-06-27T15:47:42Z
2026-06-27T15:46:33Z,2026-06-27T17:46:33+0200,4e541c53-98a3-4782-9d6d-b4c701b81d28,2026-06-03T10:15:00Z,2026-06-03T12:15:00+0200,1436.61,MW,FR,FR,actual_offshore_wind_generation,Wind Offshore | Actual Aggregated,2026-06-27T15:47:42Z
2026-06-27T15:46:33Z,2026-06-27T17:46:33+0200,4e541c53-98a3-4782-9d6d-b4c701b81d28,2026-06-03T10:30:00Z,2026-06-03T12:30:00+0200,1433.19,MW,FR,FR,actual_offshore_wind_generation,Wind Offshore | Actual Aggregated,2026-06-27T15:47:42Z
2026-06-27T15:46:33Z,2026-06-27T17:46:33+0200,4e541c53-98a3-4782-9d6d-b4c701b81d28,2026-06-03T10:45:00Z,2026-06-03T12:45:00+0200,1434.47,MW,FR,FR,actual_offshore_wind_generation,Wind Offshore | Actual Aggregated,2026-06-27T15:47:42Z
2026-06-27T15:46:33Z,2026-06-27T17:46:33+0200,4e541c53-98a3-4782-9d6d-b4c701b81d28,2026-06-03T11:00:00Z,2026-06-03T13:00:00+0200,1434.71,MW,FR,FR,actual_offshore_wind_generation,Wind Offshore | Actual Aggregated,2026-06-27T15:47:42Z
2026-06-27T15:46:33Z,2026-06-27T17:46:33+0200,4e541c53-98a3-4782-9d6d-b4c701b81d28,2026-06-03T11:15:00Z,2026-06-03T13:15:00+0200,1434.66,MW,FR,FR,actual_offshore_wind_generation,Wind Offshore | Actual Aggregated,2026-06-27T15:47:42Z
2026-06-27T15:46:33Z,2026-06-27T17:46:33+0200,4e541c53-98a3-4782-9d6d-b4c701b81d28,2026-06-03T11:30:00Z,2026-06-03T13:30:00+0200,1444.45,MW,FR,FR,actual_offshore_wind_generation,Wind Offshore | Actual Aggregated,2026-06-27T15:47:42Z
2026-06-27T15:46:33Z,2026-06-27T17:46:33+0200,4e541c53-98a3-4782-9d6d-b4c701b81d28,2026-06-03T11:45:00Z,2026-06-03T13:45:00+0200,1449.44,MW,FR,FR,actual_offshore_wind_generation,Wind Offshore | Actual Aggregated,2026-06-27T15:47:42Z
2026-06-27T15:46:33Z,2026-06-27T17:46:33+0200,4e541c53-98a3-4782-9d6d-b4c701b81d28,2026-06-03T12:00:00Z,2026-06-03T14:00:00+0200,1443.56,MW,FR,FR,actual_offshore_wind_generation,Wind Offshore | Actual Aggregated,2026-06-27T15:47:42Z
2026-06-27T15:46:33Z,2026-06-27T17:46:33+0200,4e541c53-98a3-4782-9d6d-b4c701b81d28,2026-06-03T12:15:00Z,2026-06-03T14:15:00+0200,1446.4,MW,FR,FR,actual_offshore_wind_generation,Wind Offshore | Actual Aggregated,2026-06-27T15:47:42Z
2026-06-27T15:46:33Z,2026-06-27T17:46:33+0200,4e541c53-98a3-4782-9d6d-b4c701b81d28,2026-06-03T12:30:00Z,2026-06-03T14:30:00+0200,1446.65,MW,FR,FR,actual_offshore_wind_generation,Wind Offshore | Actual Aggregated,2026-06-27T15:47:42Z
2026-06-27T15:46:33Z,2026-06-27T17:46:33+0200,4e541c53-98a3-4782-9d6d-b4c701b81d28,2026-06-03T12:45:00Z,2026-06-03T14:45:00+0200,1446.6,MW,FR,FR,actual_offshore_wind_generation,Wind Offshore | Actual Aggregated,2026-06-27T15:47:42Z
2026-06-27T15:46:33Z,2026-06-27T17:46:33+0200,4e541c53-98a3-4782-9d6d-b4c701b81d28,2026-06-03T13:00:00Z,2026-06-03T15:00:00+0200,1751.08,MW,FR,FR,actual_offshore_wind_generation,Wind Offshore | Actual Aggregated,2026-06-27T15:47:42Z
2026-06-27T15:46:33Z,2026-06-27T17:46:33+0200,4e541c53-98a3-4782-9d6d-b4c701b81d28,2026-06-03T13:15:00Z,2026-06-03T15:15:00+0200,1841.04,MW,FR,FR,actual_offshore_wind_generation,Wind Offshore | Actual Aggregated,2026-06-27T15:47:42Z
2026-06-27T15:46:33Z,2026-06-27T17:46:33+0200,4e541c53-98a3-4782-9d6d-b4c701b81d28,2026-06-03T13:30:00Z,2026-06-03T15:30:00+0200,1784.16,MW,FR,FR,actual_offshore_wind_generation,Wind Offshore | Actual Aggregated,2026-06-27T15:47:42Z
2026-06-27T15:46:33Z,2026-06-27T17:46:33+0200,4e541c53-98a3-4782-9d6d-b4c701b81d28,2026-06-03T13:45:00Z,2026-06-03T15:45:00+0200,1721.51,MW,FR,FR,actual_offshore_wind_generation,Wind Offshore | Actual Aggregated,2026-06-27T15:47:42Z
2026-06-27T15:46:33Z,2026-06-27T17:46:33+0200,4e541c53-98a3-4782-9d6d-b4c701b81d28,2026-06-03T14:00:00Z,2026-06-03T16:00:00+0200,1522.42,MW,FR,FR,actual_offshore_wind_generation,Wind Offshore | Actual Aggregated,2026-06-27T15:47:42Z
2026-06-27T15:46:33Z,2026-06-27T17:46:33+0200,4e541c53-98a3-4782-9d6d-b4c701b81d28,2026-06-03T14:15:00Z,2026-06-03T16:15:00+0200,1740.59,MW,FR,FR,actual_offshore_wind_generation,Wind Offshore | Actual Aggregated,2026-06-27T15:47:42Z
2026-06-27T15:46:33Z,2026-06-27T17:46:33+0200,4e541c53-98a3-4782-9d6d-b4c701b81d28,2026-06-03T14:30:00Z,2026-06-03T16:30:00+0200,1898.19,MW,FR,FR,actual_offshore_wind_generation,Wind Offshore | Actual Aggregated,2026-06-27T15:47:42Z
2026-06-27T15:46:33Z,2026-06-27T17:46:33+0200,4e541c53-98a3-4782-9d6d-b4c701b81d28,2026-06-03T14:45:00Z,2026-06-03T16:45:00+0200,1896.41,MW,FR,FR,actual_offshore_wind_generation,Wind Offshore | Actual Aggregated,2026-06-27T15:47:42Z
2026-06-27T15:46:33Z,2026-06-27T17:46:33+0200,4e541c53-98a3-4782-9d6d-b4c701b81d28,2026-06-03T15:00:00Z,2026-06-03T17:00:00+0200,1875.06,MW,FR,FR,actual_offshore_wind_generation,Wind Offshore | Actual Aggregated,2026-06-27T15:47:42Z
2026-06-27T15:46:33Z,2026-06-27T17:46:33+0200,4e541c53-98a3-4782-9d6d-b4c701b81d28,2026-06-03T15:15:00Z,2026-06-03T17:15:00+0200,1858.29,MW,FR,FR,actual_offshore_wind_generation,Wind Offshore | Actual Aggregated,2026-06-27T15:47:42Z
2026-06-27T15:46:33Z,2026-06-27T17:46:33+0200,4e541c53-98a3-4782-9d6d-b4c701b81d28,2026-06-03T15:30:00Z,2026-06-03T17:30:00+0200,1832.97,MW,FR,FR,actual_offshore_wind_generation,Wind Offshore | Actual Aggregated,2026-06-27T15:47:42Z
2026-06-27T15:46:33Z,2026-06-27T17:46:33+0200,4e541c53-98a3-4782-9d6d-b4c701b81d28,2026-06-03T15:45:00Z,2026-06-03T17:45:00+0200,1829.05,MW,FR,FR,actual_offshore_wind_generation,Wind Offshore | Actual Aggregated,2026-06-27T15:47:42Z
2026-06-27T15:46:33Z,2026-06-27T17:46:33+0200,4e541c53-98a3-4782-9d6d-b4c701b81d28,2026-06-03T16:00:00Z,2026-06-03T18:00:00+0200,1764.03,MW,FR,FR,actual_offshore_wind_generation,Wind Offshore | Actual Aggregated,2026-06-27T15:47:42Z
2026-06-27T15:46:33Z,2026-06-27T17:46:33+0200,4e541c53-98a3-4782-9d6d-b4c701b81d28,2026-06-03T16:15:00Z,2026-06-03T18:15:00+0200,1748.25,MW,FR,FR,actual_offshore_wind_generation,Wind Offshore | Actual Aggregated,2026-06-27T15:47:42Z
2026-06-27T15:46:33Z,2026-06-27T17:46:33+0200,4e541c53-98a3-4782-9d6d-b4c701b81d28,2026-06-03T16:30:00Z,2026-06-03T18:30:00+0200,1413.33,MW,FR,FR,actual_offshore_wind_generation,Wind Offshore | Actual Aggregated,2026-06-27T15:47:42Z
2026-06-27T15:46:33Z,2026-06-27T17:46:33+0200,4e541c53-98a3-4782-9d6d-b4c701b81d28,2026-06-03T16:45:00Z,2026-06-03T18:45:00+0200,1368.63,MW,FR,FR,actual_offshore_wind_generation,Wind Offshore | Actual Aggregated,2026-06-27T15:47:42Z
2026-06-27T15:46:33Z,2026-06-27T17:46:33+0200,4e541c53-98a3-4782-9d6d-b4c701b81d28,2026-06-03T17:00:00Z,2026-06-03T19:00:00+0200,1286.59,MW,FR,FR,actual_offshore_wind_generation,Wind Offshore | Actual Aggregated,2026-06-27T15:47:42Z
2026-06-27T15:46:33Z,2026-06-27T17:46:33+0200,4e541c53-98a3-4782-9d6d-b4c701b81d28,2026-06-03T17:15:00Z,2026-06-03T19:15:00+0200,1218.36,MW,FR,FR,actual_offshore_wind_generation,Wind Offshore | Actual Aggregated,2026-06-27T15:47:42Z
2026-06-27T15:46:33Z,2026-06-27T17:46:33+0200,4e541c53-98a3-4782-9d6d-b4c701b81d28,2026-06-03T17:30:00Z,2026-06-03T19:30:00+0200,1439.47,MW,FR,FR,actual_offshore_wind_generation,Wind Offshore | Actual Aggregated,2026-06-27T15:47:42Z
2026-06-27T15:46:33Z,2026-06-27T17:46:33+0200,4e541c53-98a3-4782-9d6d-b4c701b81d28,2026-06-03T17:45:00Z,2026-06-03T19:45:00+0200,1808.64,MW,FR,FR,actual_offshore_wind_generation,Wind Offshore | Actual Aggregated,2026-06-27T15:47:42Z
2026-06-27T15:46:33Z,2026-06-27T17:46:33+0200,4e541c53-98a3-4782-9d6d-b4c701b81d28,2026-06-03T18:00:00Z,2026-06-03T20:00:00+0200,1838.11,MW,FR,FR,actual_offshore_wind_generation,Wind Offshore | Actual Aggregated,2026-06-27T15:47:42Z
2026-06-27T15:46:33Z,2026-06-27T17:46:33+0200,4e541c53-98a3-4782-9d6d-b4c701b81d28,2026-06-03T18:15:00Z,2026-06-03T20:15:00+0200,1845.64,MW,FR,FR,actual_offshore_wind_generation,Wind Offshore | Actual Aggregated,2026-06-27T15:47:42Z
2026-06-27T15:46:33Z,2026-06-27T17:46:33+0200,4e541c53-98a3-4782-9d6d-b4c701b81d28,2026-06-03T18:30:00Z,2026-06-03T20:30:00+0200,1861.77,MW,FR,FR,actual_offshore_wind_generation,Wind Offshore | Actual Aggregated,2026-06-27T15:47:42Z
2026-06-27T15:46:33Z,2026-06-27T17:46:33+0200,4e541c53-98a3-4782-9d6d-b4c701b81d28,2026-06-03T18:45:00Z,2026-06-03T20:45:00+0200,1855.95,MW,FR,FR,actual_offshore_wind_generation,Wind Offshore | Actual Aggregated,2026-06-27T15:47:42Z
2026-06-27T15:46:33Z,2026-06-27T17:46:33+0200,4e541c53-98a3-4782-9d6d-b4c701b81d28,2026-06-03T19:00:00Z,2026-06-03T21:00:00+0200,1883.87,MW,FR,FR,actual_offshore_wind_generation,Wind Offshore | Actual Aggregated,2026-06-27T15:47:42Z
2026-06-27T15:46:33Z,2026-06-27T17:46:33+0200,4e541c53-98a3-4782-9d6d-b4c701b81d28,2026-06-03T19:15:00Z,2026-06-03T21:15:00+0200,1874.57,MW,FR,FR,actual_offshore_wind_generation,Wind Offshore | Actual Aggregated,2026-06-27T15:47:42Z
2026-06-27T15:46:33Z,2026-06-27T17:46:33+0200,4e541c53-98a3-4782-9d6d-b4c701b81d28,2026-06-03T19:30:00Z,2026-06-03T21:30:00+0200,1856.94,MW,FR,FR,actual_offshore_wind_generation,Wind Offshore | Actual Aggregated,2026-06-27T15:47:42Z
2026-06-27T15:46:33Z,2026-06-27T17:46:33+0200,4e541c53-98a3-4782-9d6d-b4c701b81d28,2026-06-03T19:45:00Z,2026-06-03T21:45:00+0200,1830.73,MW,FR,FR,actual_offshore_wind_generation,Wind Offshore | Actual Aggregated,2026-06-27T15:47:42Z
2026-06-27T15:46:33Z,2026-06-27T17:46:33+0200,4e541c53-98a3-4782-9d6d-b4c701b81d28,2026-06-03T20:00:00Z,2026-06-03T22:00:00+0200,1776.53,MW,FR,FR,actual_offshore_wind_generation,Wind Offshore | Actual Aggregated,2026-06-27T15:47:42Z
2026-06-27T15:46:33Z,2026-06-27T17:46:33+0200,4e541c53-98a3-4782-9d6d-b4c701b81d28,2026-06-03T20:15:00Z,2026-06-03T22:15:00+0200,1749.4,MW,FR,FR,actual_offshore_wind_generation,Wind Offshore | Actual Aggregated,2026-06-27T15:47:42Z
2026-06-27T15:46:33Z,2026-06-27T17:46:33+0200,4e541c53-98a3-4782-9d6d-b4c701b81d28,2026-06-03T20:30:00Z,2026-06-03T22:30:00+0200,1713.72,MW,FR,FR,actual_offshore_wind_generation,Wind Offshore | Actual Aggregated,2026-06-27T15:47:42Z
2026-06-27T15:46:33Z,2026-06-27T17:46:33+0200,4e541c53-98a3-4782-9d6d-b4c701b81d28,2026-06-03T20:45:00Z,2026-06-03T22:45:00+0200,1817.54,MW,FR,FR,actual_offshore_wind_generation,Wind Offshore | Actual Aggregated,2026-06-27T15:47:42Z
2026-06-27T15:46:33Z,2026-06-27T17:46:33+0200,4e541c53-98a3-4782-9d6d-b4c701b81d28,2026-06-03T21:00:00Z,2026-06-03T23:00:00+0200,1774.91,MW,FR,FR,actual_offshore_wind_generation,Wind Offshore | Actual Aggregated,2026-06-27T15:47:42Z
2026-06-27T15:46:33Z,2026-06-27T17:46:33+0200,4e541c53-98a3-4782-9d6d-b4c701b81d28,2026-06-03T21:15:00Z,2026-06-03T23:15:00+0200,1688.22,MW,FR,FR,actual_offshore_wind_generation,Wind Offshore | Actual Aggregated,2026-06-27T15:47:42Z
2026-06-27T15:46:33Z,2026-06-27T17:46:33+0200,4e541c53-98a3-4782-9d6d-b4c701b81d28,2026-06-03T21:30:00Z,2026-06-03T23:30:00+0200,1778.71,MW,FR,FR,actual_offshore_wind_generation,Wind Offshore | Actual Aggregated,2026-06-27T15:47:42Z
2026-06-27T15:46:33Z,2026-06-27T17:46:33+0200,4e541c53-98a3-4782-9d6d-b4c701b81d28,2026-06-03T21:45:00Z,2026-06-03T23:45:00+0200,1855.23,MW,FR,FR,actual_offshore_wind_generation,Wind Offshore | Actual Aggregated,2026-06-27T15:47:42Z
2026-06-27T15:46:33Z,2026-06-27T17:46:33+0200,4e541c53-98a3-4782-9d6d-b4c701b81d28,2026-06-03T22:00:00Z,2026-06-04T00:00:00+0200,1868.76,MW,FR,FR,actual_offshore_wind_generation,Wind Offshore | Actual Aggregated,2026-06-27T15:47:42Z
2026-06-27T15:46:33Z,2026-06-27T17:46:33+0200,4e541c53-98a3-4782-9d6d-b4c701b81d28,2026-06-03T22:15:00Z,2026-06-04T00:15:00+0200,1855.23,MW,FR,FR,actual_offshore_wind_generation,Wind Offshore | Actual Aggregated,2026-06-27T15:47:42Z
2026-06-27T15:46:33Z,2026-06-27T17:46:33+0200,4e541c53-98a3-4782-9d6d-b4c701b81d28,2026-06-03T22:30:00Z,2026-06-04T00:30:00+0200,1837.61,MW,FR,FR,actual_offshore_wind_generation,Wind Offshore | Actual Aggregated,2026-06-27T15:47:42Z
2026-06-27T15:46:33Z,2026-06-27T17:46:33+0200,4e541c53-98a3-4782-9d6d-b4c701b81d28,2026-06-03T22:45:00Z,2026-06-04T00:45:00+0200,1845.97,MW,FR,FR,actual_offshore_wind_generation,Wind Offshore | Actual Aggregated,2026-06-27T15:47:42Z
2026-06-27T15:46:33Z,2026-06-27T17:46:33+0200,4e541c53-98a3-4782-9d6d-b4c701b81d28,2026-06-03T23:00:00Z,2026-06-04T01:00:00+0200,1850.65,MW,FR,FR,actual_offshore_wind_generation,Wind Offshore | Actual Aggregated,2026-06-27T15:47:42Z
2026-06-27T15:46:33Z,2026-06-27T17:46:33+0200,4e541c53-98a3-4782-9d6d-b4c701b81d28,2026-06-03T23:15:00Z,2026-06-04T01:15:00+0200,1798.48,MW,FR,FR,actual_offshore_wind_generation,Wind Offshore | Actual Aggregated,2026-06-27T15:47:42Z
2026-06-27T15:46:33Z,2026-06-27T17:46:33+0200,4e541c53-98a3-4782-9d6d-b4c701b81d28,2026-06-03T23:30:00Z,2026-06-04T01:30:00+0200,1828.55,MW,FR,FR,actual_offshore_wind_generation,Wind Offshore | Actual Aggregated,2026-06-27T15:47:42Z
2026-06-27T15:46:33Z,2026-06-27T17:46:33+0200,4e541c53-98a3-4782-9d6d-b4c701b81d28,2026-06-03T23:45:00Z,2026-06-04T01:45:00+0200,1845.72,MW,FR,FR,actual_offshore_wind_generation,Wind Offshore | Actual Aggregated,2026-06-27T15:47:42Z
2026-06-27T15:46:33Z,2026-06-27T17:46:33+0200,4e541c53-98a3-4782-9d6d-b4c701b81d28,2026-06-04T00:00:00Z,2026-06-04T02:00:00+0200,1835.73,MW,FR,FR,actual_offshore_wind_generation,Wind Offshore | Actual Aggregated,2026-06-27T15:47:42Z
2026-06-27T15:46:33Z,2026-06-27T17:46:33+0200,4e541c53-98a3-4782-9d6d-b4c701b81d28,2026-06-04T00:15:00Z,2026-06-04T02:15:00+0200,1808.43,MW,FR,FR,actual_offshore_wind_generation,Wind Offshore | Actual Aggregated,2026-06-27T15:47:42Z
2026-06-27T15:46:33Z,2026-06-27T17:46:33+0200,4e541c53-98a3-4782-9d6d-b4c701b81d28,2026-06-04T00:30:00Z,2026-06-04T02:30:00+0200,1845.22,MW,FR,FR,actual_offshore_wind_generation,Wind Offshore | Actual Aggregated,2026-06-27T15:47:42Z
2026-06-27T15:46:33Z,2026-06-27T17:46:33+0200,4e541c53-98a3-4782-9d6d-b4c701b81d28,2026-06-04T00:45:00Z,2026-06-04T02:45:00+0200,1597.57,MW,FR,FR,actual_offshore_wind_generation,Wind Offshore | Actual Aggregated,2026-06-27T15:47:42Z
2026-06-27T15:46:33Z,2026-06-27T17:46:33+0200,4e541c53-98a3-4782-9d6d-b4c701b81d28,2026-06-04T01:00:00Z,2026-06-04T03:00:00+0200,1419.65,MW,FR,FR,actual_offshore_wind_generation,Wind Offshore | Actual Aggregated,2026-06-27T15:47:42Z
2026-06-27T15:46:33Z,2026-06-27T17:46:33+0200,4e541c53-98a3-4782-9d6d-b4c701b81d28,2026-06-04T01:15:00Z,2026-06-04T03:15:00+0200,1419.86,MW,FR,FR,actual_offshore_wind_generation,Wind Offshore | Actual Aggregated,2026-06-27T15:47:42Z
2026-06-27T15:46:33Z,2026-06-27T17:46:33+0200,4e541c53-98a3-4782-9d6d-b4c701b81d28,2026-06-04T01:30:00Z,2026-06-04T03:30:00+0200,1419.91,MW,FR,FR,actual_offshore_wind_generation,Wind Offshore | Actual Aggregated,2026-06-27T15:47:42Z
2026-06-27T15:46:33Z,2026-06-27T17:46:33+0200,4e541c53-98a3-4782-9d6d-b4c701b81d28,2026-06-04T01:45:00Z,2026-06-04T03:45:00+0200,1417.57,MW,FR,FR,actual_offshore_wind_generation,Wind Offshore | Actual Aggregated,2026-06-27T15:47:42Z
2026-06-27T15:46:33Z,2026-06-27T17:46:33+0200,4e541c53-98a3-4782-9d6d-b4c701b81d28,2026-06-04T02:00:00Z,2026-06-04T04:00:00+0200,1408.66,MW,FR,FR,actual_offshore_wind_generation,Wind Offshore | Actual Aggregated,2026-06-27T15:47:42Z
2026-06-27T15:46:33Z,2026-06-27T17:46:33+0200,4e541c53-98a3-4782-9d6d-b4c701b81d28,2026-06-04T02:15:00Z,2026-06-04T04:15:00+0200,1414.62,MW,FR,FR,actual_offshore_wind_generation,Wind Offshore | Actual Aggregated,2026-06-27T15:47:42Z
2026-06-27T15:46:33Z,2026-06-27T17:46:33+0200,4e541c53-98a3-4782-9d6d-b4c701b81d28,2026-06-04T02:30:00Z,2026-06-04T04:30:00+0200,1420.12,MW,FR,FR,actual_offshore_wind_generation,Wind Offshore | Actual Aggregated,2026-06-27T15:47:42Z
2026-06-27T15:46:33Z,2026-06-27T17:46:33+0200,4e541c53-98a3-4782-9d6d-b4c701b81d28,2026-06-04T02:45:00Z,2026-06-04T04:45:00+0200,1416.46,MW,FR,FR,actual_offshore_wind_generation,Wind Offshore | Actual Aggregated,2026-06-27T15:47:42Z
2026-06-27T15:46:33Z,2026-06-27T17:46:33+0200,4e541c53-98a3-4782-9d6d-b4c701b81d28,2026-06-04T03:00:00Z,2026-06-04T05:00:00+0200,1412.1,MW,FR,FR,actual_offshore_wind_generation,Wind Offshore | Actual Aggregated,2026-06-27T15:47:42Z
2026-06-27T15:46:33Z,2026-06-27T17:46:33+0200,4e541c53-98a3-4782-9d6d-b4c701b81d28,2026-06-04T03:15:00Z,2026-06-04T05:15:00+0200,1693.46,MW,FR,FR,actual_offshore_wind_generation,Wind Offshore | Actual Aggregated,2026-06-27T15:47:42Z
2026-06-27T15:46:33Z,2026-06-27T17:46:33+0200,4e541c53-98a3-4782-9d6d-b4c701b81d28,2026-06-04T03:30:00Z,2026-06-04T05:30:00+0200,1813.44,MW,FR,FR,actual_offshore_wind_generation,Wind Offshore | Actual Aggregated,2026-06-27T15:47:42Z
2026-06-27T15:46:33Z,2026-06-27T17:46:33+0200,4e541c53-98a3-4782-9d6d-b4c701b81d28,2026-06-04T03:45:00Z,2026-06-04T05:45:00+0200,1853.92,MW,FR,FR,actual_offshore_wind_generation,Wind Offshore | Actual Aggregated,2026-06-27T15:47:42Z
2026-06-27T15:46:33Z,2026-06-27T17:46:33+0200,4e541c53-98a3-4782-9d6d-b4c701b81d28,2026-06-04T04:00:00Z,2026-06-04T06:00:00+0200,1852.77,MW,FR,FR,actual_offshore_wind_generation,Wind Offshore | Actual Aggregated,2026-06-27T15:47:42Z
2026-06-27T15:46:33Z,2026-06-27T17:46:33+0200,4e541c53-98a3-4782-9d6d-b4c701b81d28,2026-06-04T04:15:00Z,2026-06-04T06:15:00+0200,1851.3,MW,FR,FR,actual_offshore_wind_generation,Wind Offshore | Actual Aggregated,2026-06-27T15:47:42Z
2026-06-27T15:46:33Z,2026-06-27T17:46:33+0200,4e541c53-98a3-4782-9d6d-b4c701b81d28,2026-06-04T04:30:00Z,2026-06-04T06:30:00+0200,1856.4,MW,FR,FR,actual_offshore_wind_generation,Wind Offshore | Actual Aggregated,2026-06-27T15:47:42Z
2026-06-27T15:46:33Z,2026-06-27T17:46:33+0200,4e541c53-98a3-4782-9d6d-b4c701b81d28,2026-06-04T04:45:00Z,2026-06-04T06:45:00+0200,1842.35,MW,FR,FR,actual_offshore_wind_generation,Wind Offshore | Actual Aggregated,2026-06-27T15:47:42Z
2026-06-27T15:46:33Z,2026-06-27T17:46:33+0200,4e541c53-98a3-4782-9d6d-b4c701b81d28,2026-06-04T05:00:00Z,2026-06-04T07:00:00+0200,1841.92,MW,FR,FR,actual_offshore_wind_generation,Wind Offshore | Actual Aggregated,2026-06-27T15:47:42Z
2026-06-27T15:46:33Z,2026-06-27T17:46:33+0200,4e541c53-98a3-4782-9d6d-b4c701b81d28,2026-06-04T05:15:00Z,2026-06-04T07:15:00+0200,1840.57,MW,FR,FR,actual_offshore_wind_generation,Wind Offshore | Actual Aggregated,2026-06-27T15:47:42Z
2026-06-27T15:46:33Z,2026-06-27T17:46:33+0200,4e541c53-98a3-4782-9d6d-b4c701b81d28,2026-06-04T05:30:00Z,2026-06-04T07:30:00+0200,1839.74,MW,FR,FR,actual_offshore_wind_generation,Wind Offshore | Actual Aggregated,2026-06-27T15:47:42Z
2026-06-27T15:46:33Z,2026-06-27T17:46:33+0200,4e541c53-98a3-4782-9d6d-b4c701b81d28,2026-06-04T05:45:00Z,2026-06-04T07:45:00+0200,1840.21,MW,FR,FR,actual_offshore_wind_generation,Wind Offshore | Actual Aggregated,2026-06-27T15:47:42Z
2026-06-27T15:46:33Z,2026-06-27T17:46:33+0200,4e541c53-98a3-4782-9d6d-b4c701b81d28,2026-06-04T06:00:00Z,2026-06-04T08:00:00+0200,1839.23,MW,FR,FR,actual_offshore_wind_generation,Wind Offshore | Actual Aggregated,2026-06-27T15:47:42Z
2026-06-27T15:46:33Z,2026-06-27T17:46:33+0200,4e541c53-98a3-4782-9d6d-b4c701b81d28,2026-06-04T06:15:00Z,2026-06-04T08:15:00+0200,1840.91,MW,FR,FR,actual_offshore_wind_generation,Wind Offshore | Actual Aggregated,2026-06-27T15:47:42Z
2026-06-27T15:46:33Z,2026-06-27T17:46:33+0200,4e541c53-98a3-4782-9d6d-b4c701b81d28,2026-06-04T06:30:00Z,2026-06-04T08:30:00+0200,1840.54,MW,FR,FR,actual_offshore_wind_generation,Wind Offshore | Actual Aggregated,2026-06-27T15:47:42Z
2026-06-27T15:46:33Z,2026-06-27T17:46:33+0200,4e541c53-98a3-4782-9d6d-b4c701b81d28,2026-06-04T06:45:00Z,2026-06-04T08:45:00+0200,1843.81,MW,FR,FR,actual_offshore_wind_generation,Wind Offshore | Actual Aggregated,2026-06-27T15:47:42Z
2026-06-27T15:46:33Z,2026-06-27T17:46:33+0200,4e541c53-98a3-4782-9d6d-b4c701b81d28,2026-06-04T07:00:00Z,2026-06-04T09:00:00+0200,1839.65,MW,FR,FR,actual_offshore_wind_generation,Wind Offshore | Actual Aggregated,2026-06-27T15:47:42Z
2026-06-27T15:46:33Z,2026-06-27T17:46:33+0200,4e541c53-98a3-4782-9d6d-b4c701b81d28,2026-06-04T07:15:00Z,2026-06-04T09:15:00+0200,1828.54,MW,FR,FR,actual_offshore_wind_generation,Wind Offshore | Actual Aggregated,2026-06-27T15:47:42Z
2026-06-27T15:46:33Z,2026-06-27T17:46:33+0200,4e541c53-98a3-4782-9d6d-b4c701b81d28,2026-06-04T07:30:00Z,2026-06-04T09:30:00+0200,1810.45,MW,FR,FR,actual_offshore_wind_generation,Wind Offshore | Actual Aggregated,2026-06-27T15:47:42Z
2026-06-27T15:46:33Z,2026-06-27T17:46:33+0200,4e541c53-98a3-4782-9d6d-b4c701b81d28,2026-06-04T07:45:00Z,2026-06-04T09:45:00+0200,1712.17,MW,FR,FR,actual_offshore_wind_generation,Wind Offshore | Actual Aggregated,2026-06-27T15:47:42Z
2026-06-27T15:46:33Z,2026-06-27T17:46:33+0200,4e541c53-98a3-4782-9d6d-b4c701b81d28,2026-06-04T08:00:00Z,2026-06-04T10:00:00+0200,1783.75,MW,FR,FR,actual_offshore_wind_generation,Wind Offshore | Actual Aggregated,2026-06-27T15:47:42Z
2026-06-27T15:46:33Z,2026-06-27T17:46:33+0200,4e541c53-98a3-4782-9d6d-b4c701b81d28,2026-06-04T08:15:00Z,2026-06-04T10:15:00+0200,1846.62,MW,FR,FR,actual_offshore_wind_generation,Wind Offshore | Actual Aggregated,2026-06-27T15:47:42Z
2026-06-27T15:46:33Z,2026-06-27T17:46:33+0200,4e541c53-98a3-4782-9d6d-b4c701b81d28,2026-06-04T08:30:00Z,2026-06-04T10:30:00+0200,1845.62,MW,FR,FR,actual_offshore_wind_generation,Wind Offshore | Actual Aggregated,2026-06-27T15:47:42Z
2026-06-27T15:46:33Z,2026-06-27T17:46:33+0200,4e541c53-98a3-4782-9d6d-b4c701b81d28,2026-06-04T08:45:00Z,2026-06-04T10:45:00+0200,1819.58,MW,FR,FR,actual_offshore_wind_generation,Wind Offshore | Actual Aggregated,2026-06-27T15:47:42Z
2026-06-27T15:46:33Z,2026-06-27T17:46:33+0200,4e541c53-98a3-4782-9d6d-b4c701b81d28,2026-06-04T09:00:00Z,2026-06-04T11:00:00+0200,1769.25,MW,FR,FR,actual_offshore_wind_generation,Wind Offshore | Actual Aggregated,2026-06-27T15:47:42Z
2026-06-27T15:46:33Z,2026-06-27T17:46:33+0200,4e541c53-98a3-4782-9d6d-b4c701b81d28,2026-06-04T09:15:00Z,2026-06-04T11:15:00+0200,1830.41,MW,FR,FR,actual_offshore_wind_generation,Wind Offshore | Actual Aggregated,2026-06-27T15:47:42Z
2026-06-27T15:46:33Z,2026-06-27T17:46:33+0200,4e541c53-98a3-4782-9d6d-b4c701b81d28,2026-06-04T09:30:00Z,2026-06-04T11:30:00+0200,1846.7,MW,FR,FR,actual_offshore_wind_generation,Wind Offshore | Actual Aggregated,2026-06-27T15:47:42Z
2026-06-27T15:46:33Z,2026-06-27T17:46:33+0200,4e541c53-98a3-4782-9d6d-b4c701b81d28,2026-06-04T09:45:00Z,2026-06-04T11:45:00+0200,1845.35,MW,FR,FR,actual_offshore_wind_generation,Wind Offshore | Actual Aggregated,2026-06-27T15:47:42Z
2026-06-27T15:46:33Z,2026-06-27T17:46:33+0200,4e541c53-98a3-4782-9d6d-b4c701b81d28,2026-06-04T10:00:00Z,2026-06-04T12:00:00+0200,1832.74,MW,FR,FR,actual_offshore_wind_generation,Wind Offshore | Actual Aggregated,2026-06-27T15:47:42Z
2026-06-27T15:46:33Z,2026-06-27T17:46:33+0200,4e541c53-98a3-4782-9d6d-b4c701b81d28,2026-06-04T10:15:00Z,2026-06-04T12:15:00+0200,1847.25,MW,FR,FR,actual_offshore_wind_generation,Wind Offshore | Actual Aggregated,2026-06-27T15:47:42Z
2026-06-27T15:46:33Z,2026-06-27T17:46:33+0200,4e541c53-98a3-4782-9d6d-b4c701b81d28,2026-06-04T10:30:00Z,2026-06-04T12:30:00+0200,1844.27,MW,FR,FR,actual_offshore_wind_generation,Wind Offshore | Actual Aggregated,2026-06-27T15:47:42Z
2026-06-27T15:46:33Z,2026-06-27T17:46:33+0200,4e541c53-98a3-4782-9d6d-b4c701b81d28,2026-06-04T10:45:00Z,2026-06-04T12:45:00+0200,1848.49,MW,FR,FR,actual_offshore_wind_generation,Wind Offshore | Actual Aggregated,2026-06-27T15:47:42Z
2026-06-27T15:46:33Z,2026-06-27T17:46:33+0200,4e541c53-98a3-4782-9d6d-b4c701b81d28,2026-06-04T11:00:00Z,2026-06-04T13:00:00+0200,1847.72,MW,FR,FR,actual_offshore_wind_generation,Wind Offshore | Actual Aggregated,2026-06-27T15:47:42Z
2026-06-27T15:46:33Z,2026-06-27T17:46:33+0200,4e541c53-98a3-4782-9d6d-b4c701b81d28,2026-06-04T11:15:00Z,2026-06-04T13:15:00+0200,1826.9,MW,FR,FR,actual_offshore_wind_generation,Wind Offshore | Actual Aggregated,2026-06-27T15:47:42Z
2026-06-27T15:46:33Z,2026-06-27T17:46:33+0200,4e541c53-98a3-4782-9d6d-b4c701b81d28,2026-06-04T11:30:00Z,2026-06-04T13:30:00+0200,1796.27,MW,FR,FR,actual_offshore_wind_generation,Wind Offshore | Actual Aggregated,2026-06-27T15:47:42Z
2026-06-27T15:46:33Z,2026-06-27T17:46:33+0200,4e541c53-98a3-4782-9d6d-b4c701b81d28,2026-06-04T11:45:00Z,2026-06-04T13:45:00+0200,1599.85,MW,FR,FR,actual_offshore_wind_generation,Wind Offshore | Actual Aggregated,2026-06-27T15:47:42Z
2026-06-27T15:46:33Z,2026-06-27T17:46:33+0200,4e541c53-98a3-4782-9d6d-b4c701b81d28,2026-06-04T12:00:00Z,2026-06-04T14:00:00+0200,1480.29,MW,FR,FR,actual_offshore_wind_generation,Wind Offshore | Actual Aggregated,2026-06-27T15:47:42Z
2026-06-27T15:46:33Z,2026-06-27T17:46:33+0200,4e541c53-98a3-4782-9d6d-b4c701b81d28,2026-06-04T12:15:00Z,2026-06-04T14:15:00+0200,1482.25,MW,FR,FR,actual_offshore_wind_generation,Wind Offshore | Actual Aggregated,2026-06-27T15:47:42Z
2026-06-27T15:46:33Z,2026-06-27T17:46:33+0200,4e541c53-98a3-4782-9d6d-b4c701b81d28,2026-06-04T12:30:00Z,2026-06-04T14:30:00+0200,1481.29,MW,FR,FR,actual_offshore_wind_generation,Wind Offshore | Actual Aggregated,2026-06-27T15:47:42Z
2026-06-27T15:46:33Z,2026-06-27T17:46:33+0200,4e541c53-98a3-4782-9d6d-b4c701b81d28,2026-06-04T12:45:00Z,2026-06-04T14:45:00+0200,1470.92,MW,FR,FR,actual_offshore_wind_generation,Wind Offshore | Actual Aggregated,2026-06-27T15:47:42Z
2026-06-27T15:46:33Z,2026-06-27T17:46:33+0200,4e541c53-98a3-4782-9d6d-b4c701b81d28,2026-06-04T13:00:00Z,2026-06-04T15:00:00+0200,1528.02,MW,FR,FR,actual_offshore_wind_generation,Wind Offshore | Actual Aggregated,2026-06-27T15:47:42Z
2026-06-27T15:46:33Z,2026-06-27T17:46:33+0200,4e541c53-98a3-4782-9d6d-b4c701b81d28,2026-06-04T13:15:00Z,2026-06-04T15:15:00+0200,1835.09,MW,FR,FR,actual_offshore_wind_generation,Wind Offshore | Actual Aggregated,2026-06-27T15:47:42Z
2026-06-27T15:46:33Z,2026-06-27T17:46:33+0200,4e541c53-98a3-4782-9d6d-b4c701b81d28,2026-06-04T13:30:00Z,2026-06-04T15:30:00+0200,1839.08,MW,FR,FR,actual_offshore_wind_generation,Wind Offshore | Actual Aggregated,2026-06-27T15:47:42Z
2026-06-27T15:46:33Z,2026-06-27T17:46:33+0200,4e541c53-98a3-4782-9d6d-b4c701b81d28,2026-06-04T13:45:00Z,2026-06-04T15:45:00+0200,1822.33,MW,FR,FR,actual_offshore_wind_generation,Wind Offshore | Actual Aggregated,2026-06-27T15:47:42Z
2026-06-27T15:46:33Z,2026-06-27T17:46:33+0200,4e541c53-98a3-4782-9d6d-b4c701b81d28,2026-06-04T14:00:00Z,2026-06-04T16:00:00+0200,1786.86,MW,FR,FR,actual_offshore_wind_generation,Wind Offshore | Actual Aggregated,2026-06-27T15:47:42Z
2026-06-27T15:46:33Z,2026-06-27T17:46:33+0200,4e541c53-98a3-4782-9d6d-b4c701b81d28,2026-06-04T14:15:00Z,2026-06-04T16:15:00+0200,1837.76,MW,FR,FR,actual_offshore_wind_generation,Wind Offshore | Actual Aggregated,2026-06-27T15:47:42Z
2026-06-27T15:46:33Z,2026-06-27T17:46:33+0200,4e541c53-98a3-4782-9d6d-b4c701b81d28,2026-06-04T14:30:00Z,2026-06-04T16:30:00+0200,1819.22,MW,FR,FR,actual_offshore_wind_generation,Wind Offshore | Actual Aggregated,2026-06-27T15:47:42Z
2026-06-27T15:46:33Z,2026-06-27T17:46:33+0200,4e541c53-98a3-4782-9d6d-b4c701b81d28,2026-06-04T14:45:00Z,2026-06-04T16:45:00+0200,1736.92,MW,FR,FR,actual_offshore_wind_generation,Wind Offshore | Actual Aggregated,2026-06-27T15:47:42Z
2026-06-27T15:46:33Z,2026-06-27T17:46:33+0200,4e541c53-98a3-4782-9d6d-b4c701b81d28,2026-06-04T15:00:00Z,2026-06-04T17:00:00+0200,1776.1,MW,FR,FR,actual_offshore_wind_generation,Wind Offshore | Actual Aggregated,2026-06-27T15:47:42Z
2026-06-27T15:46:33Z,2026-06-27T17:46:33+0200,4e541c53-98a3-4782-9d6d-b4c701b81d28,2026-06-04T15:15:00Z,2026-06-04T17:15:00+0200,1826.29,MW,FR,FR,actual_offshore_wind_generation,Wind Offshore | Actual Aggregated,2026-06-27T15:47:42Z
2026-06-27T15:46:33Z,2026-06-27T17:46:33+0200,4e541c53-98a3-4782-9d6d-b4c701b81d28,2026-06-04T15:30:00Z,2026-06-04T17:30:00+0200,1805.25,MW,FR,FR,actual_offshore_wind_generation,Wind Offshore | Actual Aggregated,2026-06-27T15:47:42Z
2026-06-27T15:46:33Z,2026-06-27T17:46:33+0200,4e541c53-98a3-4782-9d6d-b4c701b81d28,2026-06-04T15:45:00Z,2026-06-04T17:45:00+0200,1804.71,MW,FR,FR,actual_offshore_wind_generation,Wind Offshore | Actual Aggregated,2026-06-27T15:47:42Z
2026-06-27T15:46:33Z,2026-06-27T17:46:33+0200,4e541c53-98a3-4782-9d6d-b4c701b81d28,2026-06-04T16:00:00Z,2026-06-04T18:00:00+0200,1852.28,MW,FR,FR,actual_offshore_wind_generation,Wind Offshore | Actual Aggregated,2026-06-27T15:47:42Z
2026-06-27T15:46:33Z,2026-06-27T17:46:33+0200,4e541c53-98a3-4782-9d6d-b4c701b81d28,2026-06-04T16:15:00Z,2026-06-04T18:15:00+0200,1885.62,MW,FR,FR,actual_offshore_wind_generation,Wind Offshore | Actual Aggregated,2026-06-27T15:47:42Z
2026-06-27T15:46:33Z,2026-06-27T17:46:33+0200,4e541c53-98a3-4782-9d6d-b4c701b81d28,2026-06-04T16:30:00Z,2026-06-04T18:30:00+0200,1877.41,MW,FR,FR,actual_offshore_wind_generation,Wind Offshore | Actual Aggregated,2026-06-27T15:47:42Z
2026-06-27T15:46:33Z,2026-06-27T17:46:33+0200,4e541c53-98a3-4782-9d6d-b4c701b81d28,2026-06-04T16:45:00Z,2026-06-04T18:45:00+0200,1870.71,MW,FR,FR,actual_offshore_wind_generation,Wind Offshore | Actual Aggregated,2026-06-27T15:47:42Z
2026-06-27T15:46:33Z,2026-06-27T17:46:33+0200,4e541c53-98a3-4782-9d6d-b4c701b81d28,2026-06-04T17:00:00Z,2026-06-04T19:00:00+0200,1856.78,MW,FR,FR,actual_offshore_wind_generation,Wind Offshore | Actual Aggregated,2026-06-27T15:47:42Z
2026-06-27T15:46:33Z,2026-06-27T17:46:33+0200,4e541c53-98a3-4782-9d6d-b4c701b81d28,2026-06-04T17:15:00Z,2026-06-04T19:15:00+0200,1863.86,MW,FR,FR,actual_offshore_wind_generation,Wind Offshore | Actual Aggregated,2026-06-27T15:47:42Z
2026-06-27T15:46:33Z,2026-06-27T17:46:33+0200,4e541c53-98a3-4782-9d6d-b4c701b81d28,2026-06-04T17:30:00Z,2026-06-04T19:30:00+0200,1845.63,MW,FR,FR,actual_offshore_wind_generation,Wind Offshore | Actual Aggregated,2026-06-27T15:47:42Z
2026-06-27T15:46:33Z,2026-06-27T17:46:33+0200,4e541c53-98a3-4782-9d6d-b4c701b81d28,2026-06-04T17:45:00Z,2026-06-04T19:45:00+0200,1787.41,MW,FR,FR,actual_offshore_wind_generation,Wind Offshore | Actual Aggregated,2026-06-27T15:47:42Z
2026-06-27T15:46:33Z,2026-06-27T17:46:33+0200,4e541c53-98a3-4782-9d6d-b4c701b81d28,2026-06-04T18:00:00Z,2026-06-04T20:00:00+0200,1781.53,MW,FR,FR,actual_offshore_wind_generation,Wind Offshore | Actual Aggregated,2026-06-27T15:47:42Z
2026-06-27T15:46:33Z,2026-06-27T17:46:33+0200,4e541c53-98a3-4782-9d6d-b4c701b81d28,2026-06-04T18:15:00Z,2026-06-04T20:15:00+0200,1826.87,MW,FR,FR,actual_offshore_wind_generation,Wind Offshore | Actual Aggregated,2026-06-27T15:47:42Z
2026-06-27T15:46:33Z,2026-06-27T17:46:33+0200,4e541c53-98a3-4782-9d6d-b4c701b81d28,2026-06-04T18:30:00Z,2026-06-04T20:30:00+0200,1840.84,MW,FR,FR,actual_offshore_wind_generation,Wind Offshore | Actual Aggregated,2026-06-27T15:47:42Z
2026-06-27T15:46:33Z,2026-06-27T17:46:33+0200,4e541c53-98a3-4782-9d6d-b4c701b81d28,2026-06-04T18:45:00Z,2026-06-04T20:45:00+0200,1828.09,MW,FR,FR,actual_offshore_wind_generation,Wind Offshore | Actual Aggregated,2026-06-27T15:47:42Z
2026-06-27T15:46:33Z,2026-06-27T17:46:33+0200,4e541c53-98a3-4782-9d6d-b4c701b81d28,2026-06-04T19:00:00Z,2026-06-04T21:00:00+0200,1852.6,MW,FR,FR,actual_offshore_wind_generation,Wind Offshore | Actual Aggregated,2026-06-27T15:47:42Z
2026-06-27T15:46:33Z,2026-06-27T17:46:33+0200,4e541c53-98a3-4782-9d6d-b4c701b81d28,2026-06-04T19:15:00Z,2026-06-04T21:15:00+0200,1867.52,MW,FR,FR,actual_offshore_wind_generation,Wind Offshore | Actual Aggregated,2026-06-27T15:47:42Z
2026-06-27T15:46:33Z,2026-06-27T17:46:33+0200,4e541c53-98a3-4782-9d6d-b4c701b81d28,2026-06-04T19:30:00Z,2026-06-04T21:30:00+0200,1841.67,MW,FR,FR,actual_offshore_wind_generation,Wind Offshore | Actual Aggregated,2026-06-27T15:47:42Z
2026-06-27T15:46:33Z,2026-06-27T17:46:33+0200,4e541c53-98a3-4782-9d6d-b4c701b81d28,2026-06-04T19:45:00Z,2026-06-04T21:45:00+0200,1722.32,MW,FR,FR,actual_offshore_wind_generation,Wind Offshore | Actual Aggregated,2026-06-27T15:47:42Z
2026-06-27T15:46:33Z,2026-06-27T17:46:33+0200,4e541c53-98a3-4782-9d6d-b4c701b81d28,2026-06-04T20:00:00Z,2026-06-04T22:00:00+0200,1411.06,MW,FR,FR,actual_offshore_wind_generation,Wind Offshore | Actual Aggregated,2026-06-27T15:47:42Z
2026-06-27T15:46:33Z,2026-06-27T17:46:33+0200,4e541c53-98a3-4782-9d6d-b4c701b81d28,2026-06-04T20:15:00Z,2026-06-04T22:15:00+0200,1052.32,MW,FR,FR,actual_offshore_wind_generation,Wind Offshore | Actual Aggregated,2026-06-27T15:47:42Z
2026-06-27T15:46:33Z,2026-06-27T17:46:33+0200,4e541c53-98a3-4782-9d6d-b4c701b81d28,2026-06-04T20:30:00Z,2026-06-04T22:30:00+0200,1007.71,MW,FR,FR,actual_offshore_wind_generation,Wind Offshore | Actual Aggregated,2026-06-27T15:47:42Z
2026-06-27T15:46:33Z,2026-06-27T17:46:33+0200,4e541c53-98a3-4782-9d6d-b4c701b81d28,2026-06-04T20:45:00Z,2026-06-04T22:45:00+0200,1140.02,MW,FR,FR,actual_offshore_wind_generation,Wind Offshore | Actual Aggregated,2026-06-27T15:47:42Z
2026-06-27T15:46:33Z,2026-06-27T17:46:33+0200,4e541c53-98a3-4782-9d6d-b4c701b81d28,2026-06-04T21:00:00Z,2026-06-04T23:00:00+0200,1156.88,MW,FR,FR,actual_offshore_wind_generation,Wind Offshore | Actual Aggregated,2026-06-27T15:47:42Z
2026-06-27T15:46:33Z,2026-06-27T17:46:33+0200,4e541c53-98a3-4782-9d6d-b4c701b81d28,2026-06-04T21:15:00Z,2026-06-04T23:15:00+0200,1030.58,MW,FR,FR,actual_offshore_wind_generation,Wind Offshore | Actual Aggregated,2026-06-27T15:47:42Z
2026-06-27T15:46:33Z,2026-06-27T17:46:33+0200,4e541c53-98a3-4782-9d6d-b4c701b81d28,2026-06-04T21:30:00Z,2026-06-04T23:30:00+0200,1338.96,MW,FR,FR,actual_offshore_wind_generation,Wind Offshore | Actual Aggregated,2026-06-27T15:47:42Z
2026-06-27T15:46:33Z,2026-06-27T17:46:33+0200,4e541c53-98a3-4782-9d6d-b4c701b81d28,2026-06-04T21:45:00Z,2026-06-04T23:45:00+0200,1530.85,MW,FR,FR,actual_offshore_wind_generation,Wind Offshore | Actual Aggregated,2026-06-27T15:47:42Z
2026-06-27T15:46:33Z,2026-06-27T17:46:33+0200,4e541c53-98a3-4782-9d6d-b4c701b81d28,2026-06-04T22:00:00Z,2026-06-05T00:00:00+0200,1557.64,MW,FR,FR,actual_offshore_wind_generation,Wind Offshore | Actual Aggregated,2026-06-27T15:47:42Z
2026-06-27T15:46:33Z,2026-06-27T17:46:33+0200,4e541c53-98a3-4782-9d6d-b4c701b81d28,2026-06-04T22:15:00Z,2026-06-05T00:15:00+0200,1533.92,MW,FR,FR,actual_offshore_wind_generation,Wind Offshore | Actual Aggregated,2026-06-27T15:47:42Z
2026-06-27T15:46:33Z,2026-06-27T17:46:33+0200,4e541c53-98a3-4782-9d6d-b4c701b81d28,2026-06-04T22:30:00Z,2026-06-05T00:30:00+0200,1552.59,MW,FR,FR,actual_offshore_wind_generation,Wind Offshore | Actual Aggregated,2026-06-27T15:47:42Z
2026-06-27T15:46:33Z,2026-06-27T17:46:33+0200,4e541c53-98a3-4782-9d6d-b4c701b81d28,2026-06-04T22:45:00Z,2026-06-05T00:45:00+0200,1532.25,MW,FR,FR,actual_offshore_wind_generation,Wind Offshore | Actual Aggregated,2026-06-27T15:47:42Z
2026-06-27T15:46:33Z,2026-06-27T17:46:33+0200,4e541c53-98a3-4782-9d6d-b4c701b81d28,2026-06-04T23:00:00Z,2026-06-05T01:00:00+0200,1423.63,MW,FR,FR,actual_offshore_wind_generation,Wind Offshore | Actual Aggregated,2026-06-27T15:47:42Z
2026-06-27T15:46:33Z,2026-06-27T17:46:33+0200,4e541c53-98a3-4782-9d6d-b4c701b81d28,2026-06-04T23:15:00Z,2026-06-05T01:15:00+0200,1353.78,MW,FR,FR,actual_offshore_wind_generation,Wind Offshore | Actual Aggregated,2026-06-27T15:47:42Z
2026-06-27T15:46:33Z,2026-06-27T17:46:33+0200,4e541c53-98a3-4782-9d6d-b4c701b81d28,2026-06-04T23:30:00Z,2026-06-05T01:30:00+0200,1339.3,MW,FR,FR,actual_offshore_wind_generation,Wind Offshore | Actual Aggregated,2026-06-27T15:47:42Z
2026-06-27T15:46:33Z,2026-06-27T17:46:33+0200,4e541c53-98a3-4782-9d6d-b4c701b81d28,2026-06-04T23:45:00Z,2026-06-05T01:45:00+0200,1241.76,MW,FR,FR,actual_offshore_wind_generation,Wind Offshore | Actual Aggregated,2026-06-27T15:47:42Z
2026-06-27T15:46:33Z,2026-06-27T17:46:33+0200,4e541c53-98a3-4782-9d6d-b4c701b81d28,2026-06-05T00:00:00Z,2026-06-05T02:00:00+0200,1261.37,MW,FR,FR,actual_offshore_wind_generation,Wind Offshore | Actual Aggregated,2026-06-27T15:47:42Z
2026-06-27T15:46:33Z,2026-06-27T17:46:33+0200,4e541c53-98a3-4782-9d6d-b4c701b81d28,2026-06-05T00:15:00Z,2026-06-05T02:15:00+0200,1262.42,MW,FR,FR,actual_offshore_wind_generation,Wind Offshore | Actual Aggregated,2026-06-27T15:47:42Z
2026-06-27T15:46:33Z,2026-06-27T17:46:33+0200,4e541c53-98a3-4782-9d6d-b4c701b81d28,2026-06-05T00:30:00Z,2026-06-05T02:30:00+0200,1241.73,MW,FR,FR,actual_offshore_wind_generation,Wind Offshore | Actual Aggregated,2026-06-27T15:47:42Z
2026-06-27T15:46:33Z,2026-06-27T17:46:33+0200,4e541c53-98a3-4782-9d6d-b4c701b81d28,2026-06-05T00:45:00Z,2026-06-05T02:45:00+0200,1234.82,MW,FR,FR,actual_offshore_wind_generation,Wind Offshore | Actual Aggregated,2026-06-27T15:47:42Z
2026-06-27T15:46:33Z,2026-06-27T17:46:33+0200,4e541c53-98a3-4782-9d6d-b4c701b81d28,2026-06-05T01:00:00Z,2026-06-05T03:00:00+0200,1195.25,MW,FR,FR,actual_offshore_wind_generation,Wind Offshore | Actual Aggregated,2026-06-27T15:47:42Z
2026-06-27T15:46:33Z,2026-06-27T17:46:33+0200,4e541c53-98a3-4782-9d6d-b4c701b81d28,2026-06-05T01:15:00Z,2026-06-05T03:15:00+0200,1304.31,MW,FR,FR,actual_offshore_wind_generation,Wind Offshore | Actual Aggregated,2026-06-27T15:47:42Z
2026-06-27T15:46:33Z,2026-06-27T17:46:33+0200,4e541c53-98a3-4782-9d6d-b4c701b81d28,2026-06-05T01:30:00Z,2026-06-05T03:30:00+0200,1387.91,MW,FR,FR,actual_offshore_wind_generation,Wind Offshore | Actual Aggregated,2026-06-27T15:47:42Z
2026-06-27T15:46:33Z,2026-06-27T17:46:33+0200,4e541c53-98a3-4782-9d6d-b4c701b81d28,2026-06-05T01:45:00Z,2026-06-05T03:45:00+0200,1277.41,MW,FR,FR,actual_offshore_wind_generation,Wind Offshore | Actual Aggregated,2026-06-27T15:47:42Z
2026-06-27T15:46:33Z,2026-06-27T17:46:33+0200,4e541c53-98a3-4782-9d6d-b4c701b81d28,2026-06-05T02:00:00Z,2026-06-05T04:00:00+0200,984.02,MW,FR,FR,actual_offshore_wind_generation,Wind Offshore | Actual Aggregated,2026-06-27T15:47:42Z
2026-06-27T15:46:33Z,2026-06-27T17:46:33+0200,4e541c53-98a3-4782-9d6d-b4c701b81d28,2026-06-05T02:15:00Z,2026-06-05T04:15:00+0200,893.07,MW,FR,FR,actual_offshore_wind_generation,Wind Offshore | Actual Aggregated,2026-06-27T15:47:42Z
2026-06-27T15:46:33Z,2026-06-27T17:46:33+0200,4e541c53-98a3-4782-9d6d-b4c701b81d28,2026-06-05T02:30:00Z,2026-06-05T04:30:00+0200,839.31,MW,FR,FR,actual_offshore_wind_generation,Wind Offshore | Actual Aggregated,2026-06-27T15:47:42Z
2026-06-27T15:46:33Z,2026-06-27T17:46:33+0200,4e541c53-98a3-4782-9d6d-b4c701b81d28,2026-06-05T02:45:00Z,2026-06-05T04:45:00+0200,827.92,MW,FR,FR,actual_offshore_wind_generation,Wind Offshore | Actual Aggregated,2026-06-27T15:47:42Z
2026-06-27T15:46:33Z,2026-06-27T17:46:33+0200,4e541c53-98a3-4782-9d6d-b4c701b81d28,2026-06-05T03:00:00Z,2026-06-05T05:00:00+0200,853.29,MW,FR,FR,actual_offshore_wind_generation,Wind Offshore | Actual Aggregated,2026-06-27T15:47:42Z
2026-06-27T15:46:33Z,2026-06-27T17:46:33+0200,4e541c53-98a3-4782-9d6d-b4c701b81d28,2026-06-05T03:15:00Z,2026-06-05T05:15:00+0200,912.08,MW,FR,FR,actual_offshore_wind_generation,Wind Offshore | Actual Aggregated,2026-06-27T15:47:42Z
2026-06-27T15:46:33Z,2026-06-27T17:46:33+0200,4e541c53-98a3-4782-9d6d-b4c701b81d28,2026-06-05T03:30:00Z,2026-06-05T05:30:00+0200,927.88,MW,FR,FR,actual_offshore_wind_generation,Wind Offshore | Actual Aggregated,2026-06-27T15:47:42Z
2026-06-27T15:46:33Z,2026-06-27T17:46:33+0200,4e541c53-98a3-4782-9d6d-b4c701b81d28,2026-06-05T03:45:00Z,2026-06-05T05:45:00+0200,866.61,MW,FR,FR,actual_offshore_wind_generation,Wind Offshore | Actual Aggregated,2026-06-27T15:47:42Z
2026-06-27T15:46:33Z,2026-06-27T17:46:33+0200,4e541c53-98a3-4782-9d6d-b4c701b81d28,2026-06-05T04:00:00Z,2026-06-05T06:00:00+0200,912.99,MW,FR,FR,actual_offshore_wind_generation,Wind Offshore | Actual Aggregated,2026-06-27T15:47:42Z
2026-06-27T15:46:33Z,2026-06-27T17:46:33+0200,4e541c53-98a3-4782-9d6d-b4c701b81d28,2026-06-05T04:15:00Z,2026-06-05T06:15:00+0200,1021.21,MW,FR,FR,actual_offshore_wind_generation,Wind Offshore | Actual Aggregated,2026-06-27T15:47:42Z
2026-06-27T15:46:33Z,2026-06-27T17:46:33+0200,4e541c53-98a3-4782-9d6d-b4c701b81d28,2026-06-05T04:30:00Z,2026-06-05T06:30:00+0200,966.9,MW,FR,FR,actual_offshore_wind_generation,Wind Offshore | Actual Aggregated,2026-06-27T15:47:42Z
2026-06-27T15:46:33Z,2026-06-27T17:46:33+0200,4e541c53-98a3-4782-9d6d-b4c701b81d28,2026-06-05T04:45:00Z,2026-06-05T06:45:00+0200,874.12,MW,FR,FR,actual_offshore_wind_generation,Wind Offshore | Actual Aggregated,2026-06-27T15:47:42Z
2026-06-27T15:46:33Z,2026-06-27T17:46:33+0200,4e541c53-98a3-4782-9d6d-b4c701b81d28,2026-06-05T05:00:00Z,2026-06-05T07:00:00+0200,817.6,MW,FR,FR,actual_offshore_wind_generation,Wind Offshore | Actual Aggregated,2026-06-27T15:47:42Z
2026-06-27T15:46:33Z,2026-06-27T17:46:33+0200,4e541c53-98a3-4782-9d6d-b4c701b81d28,2026-06-05T05:15:00Z,2026-06-05T07:15:00+0200,767.98,MW,FR,FR,actual_offshore_wind_generation,Wind Offshore | Actual Aggregated,2026-06-27T15:47:42Z
2026-06-27T15:46:33Z,2026-06-27T17:46:33+0200,4e541c53-98a3-4782-9d6d-b4c701b81d28,2026-06-05T05:30:00Z,2026-06-05T07:30:00+0200,725.1,MW,FR,FR,actual_offshore_wind_generation,Wind Offshore | Actual Aggregated,2026-06-27T15:47:42Z
2026-06-27T15:46:33Z,2026-06-27T17:46:33+0200,4e541c53-98a3-4782-9d6d-b4c701b81d28,2026-06-05T05:45:00Z,2026-06-05T07:45:00+0200,661.64,MW,FR,FR,actual_offshore_wind_generation,Wind Offshore | Actual Aggregated,2026-06-27T15:47:42Z
2026-06-27T15:46:33Z,2026-06-27T17:46:33+0200,4e541c53-98a3-4782-9d6d-b4c701b81d28,2026-06-05T06:00:00Z,2026-06-05T08:00:00+0200,611.69,MW,FR,FR,actual_offshore_wind_generation,Wind Offshore | Actual Aggregated,2026-06-27T15:47:42Z
2026-06-27T15:46:33Z,2026-06-27T17:46:33+0200,4e541c53-98a3-4782-9d6d-b4c701b81d28,2026-06-05T06:15:00Z,2026-06-05T08:15:00+0200,552.16,MW,FR,FR,actual_offshore_wind_generation,Wind Offshore | Actual Aggregated,2026-06-27T15:47:42Z
2026-06-27T15:46:33Z,2026-06-27T17:46:33+0200,4e541c53-98a3-4782-9d6d-b4c701b81d28,2026-06-05T06:30:00Z,2026-06-05T08:30:00+0200,493.23,MW,FR,FR,actual_offshore_wind_generation,Wind Offshore | Actual Aggregated,2026-06-27T15:47:42Z
2026-06-27T15:46:33Z,2026-06-27T17:46:33+0200,4e541c53-98a3-4782-9d6d-b4c701b81d28,2026-06-05T06:45:00Z,2026-06-05T08:45:00+0200,430.07,MW,FR,FR,actual_offshore_wind_generation,Wind Offshore | Actual Aggregated,2026-06-27T15:47:42Z
2026-06-27T15:46:33Z,2026-06-27T17:46:33+0200,4e541c53-98a3-4782-9d6d-b4c701b81d28,2026-06-05T07:00:00Z,2026-06-05T09:00:00+0200,348.23,MW,FR,FR,actual_offshore_wind_generation,Wind Offshore | Actual Aggregated,2026-06-27T15:47:42Z
2026-06-27T15:46:33Z,2026-06-27T17:46:33+0200,4e541c53-98a3-4782-9d6d-b4c701b81d28,2026-06-05T07:15:00Z,2026-06-05T09:15:00+0200,353.06,MW,FR,FR,actual_offshore_wind_generation,Wind Offshore | Actual Aggregated,2026-06-27T15:47:42Z
2026-06-27T15:46:33Z,2026-06-27T17:46:33+0200,4e541c53-98a3-4782-9d6d-b4c701b81d28,2026-06-05T07:30:00Z,2026-06-05T09:30:00+0200,333.42,MW,FR,FR,actual_offshore_wind_generation,Wind Offshore | Actual Aggregated,2026-06-27T15:47:42Z
2026-06-27T15:46:33Z,2026-06-27T17:46:33+0200,4e541c53-98a3-4782-9d6d-b4c701b81d28,2026-06-05T07:45:00Z,2026-06-05T09:45:00+0200,344.41,MW,FR,FR,actual_offshore_wind_generation,Wind Offshore | Actual Aggregated,2026-06-27T15:47:42Z
2026-06-27T15:46:33Z,2026-06-27T17:46:33+0200,4e541c53-98a3-4782-9d6d-b4c701b81d28,2026-06-05T08:00:00Z,2026-06-05T10:00:00+0200,400.39,MW,FR,FR,actual_offshore_wind_generation,Wind Offshore | Actual Aggregated,2026-06-27T15:47:42Z
2026-06-27T15:46:33Z,2026-06-27T17:46:33+0200,4e541c53-98a3-4782-9d6d-b4c701b81d28,2026-06-05T08:15:00Z,2026-06-05T10:15:00+0200,433.18,MW,FR,FR,actual_offshore_wind_generation,Wind Offshore | Actual Aggregated,2026-06-27T15:47:42Z
2026-06-27T15:46:33Z,2026-06-27T17:46:33+0200,4e541c53-98a3-4782-9d6d-b4c701b81d28,2026-06-05T08:30:00Z,2026-06-05T10:30:00+0200,363.54,MW,FR,FR,actual_offshore_wind_generation,Wind Offshore | Actual Aggregated,2026-06-27T15:47:42Z
2026-06-27T15:46:33Z,2026-06-27T17:46:33+0200,4e541c53-98a3-4782-9d6d-b4c701b81d28,2026-06-05T08:45:00Z,2026-06-05T10:45:00+0200,306.42,MW,FR,FR,actual_offshore_wind_generation,Wind Offshore | Actual Aggregated,2026-06-27T15:47:42Z
2026-06-27T15:46:33Z,2026-06-27T17:46:33+0200,4e541c53-98a3-4782-9d6d-b4c701b81d28,2026-06-05T09:00:00Z,2026-06-05T11:00:00+0200,276.96,MW,FR,FR,actual_offshore_wind_generation,Wind Offshore | Actual Aggregated,2026-06-27T15:47:42Z
2026-06-27T15:46:33Z,2026-06-27T17:46:33+0200,4e541c53-98a3-4782-9d6d-b4c701b81d28,2026-06-05T09:15:00Z,2026-06-05T11:15:00+0200,337.03,MW,FR,FR,actual_offshore_wind_generation,Wind Offshore | Actual Aggregated,2026-06-27T15:47:42Z
2026-06-27T15:46:33Z,2026-06-27T17:46:33+0200,4e541c53-98a3-4782-9d6d-b4c701b81d28,2026-06-05T09:30:00Z,2026-06-05T11:30:00+0200,372.29,MW,FR,FR,actual_offshore_wind_generation,Wind Offshore | Actual Aggregated,2026-06-27T15:47:42Z
2026-06-27T15:46:33Z,2026-06-27T17:46:33+0200,4e541c53-98a3-4782-9d6d-b4c701b81d28,2026-06-05T09:45:00Z,2026-06-05T11:45:00+0200,340.79,MW,FR,FR,actual_offshore_wind_generation,Wind Offshore | Actual Aggregated,2026-06-27T15:47:42Z
2026-06-27T15:46:33Z,2026-06-27T17:46:33+0200,4e541c53-98a3-4782-9d6d-b4c701b81d28,2026-06-05T10:00:00Z,2026-06-05T12:00:00+0200,420.56,MW,FR,FR,actual_offshore_wind_generation,Wind Offshore | Actual Aggregated,2026-06-27T15:47:42Z
2026-06-27T15:46:33Z,2026-06-27T17:46:33+0200,4e541c53-98a3-4782-9d6d-b4c701b81d28,2026-06-05T10:15:00Z,2026-06-05T12:15:00+0200,400.61,MW,FR,FR,actual_offshore_wind_generation,Wind Offshore | Actual Aggregated,2026-06-27T15:47:42Z
2026-06-27T15:46:33Z,2026-06-27T17:46:33+0200,4e541c53-98a3-4782-9d6d-b4c701b81d28,2026-06-05T10:30:00Z,2026-06-05T12:30:00+0200,358.59,MW,FR,FR,actual_offshore_wind_generation,Wind Offshore | Actual Aggregated,2026-06-27T15:47:42Z
2026-06-27T15:46:33Z,2026-06-27T17:46:33+0200,4e541c53-98a3-4782-9d6d-b4c701b81d28,2026-06-05T10:45:00Z,2026-06-05T12:45:00+0200,271.15,MW,FR,FR,actual_offshore_wind_generation,Wind Offshore | Actual Aggregated,2026-06-27T15:47:42Z
2026-06-27T15:46:33Z,2026-06-27T17:46:33+0200,4e541c53-98a3-4782-9d6d-b4c701b81d28,2026-06-05T11:00:00Z,2026-06-05T13:00:00+0200,205.41,MW,FR,FR,actual_offshore_wind_generation,Wind Offshore | Actual Aggregated,2026-06-27T15:47:42Z
2026-06-27T15:46:33Z,2026-06-27T17:46:33+0200,4e541c53-98a3-4782-9d6d-b4c701b81d28,2026-06-05T11:15:00Z,2026-06-05T13:15:00+0200,176.17,MW,FR,FR,actual_offshore_wind_generation,Wind Offshore | Actual Aggregated,2026-06-27T15:47:42Z
2026-06-27T15:46:33Z,2026-06-27T17:46:33+0200,4e541c53-98a3-4782-9d6d-b4c701b81d28,2026-06-05T11:30:00Z,2026-06-05T13:30:00+0200,166.63,MW,FR,FR,actual_offshore_wind_generation,Wind Offshore | Actual Aggregated,2026-06-27T15:47:42Z
2026-06-27T15:46:33Z,2026-06-27T17:46:33+0200,4e541c53-98a3-4782-9d6d-b4c701b81d28,2026-06-05T11:45:00Z,2026-06-05T13:45:00+0200,124.25,MW,FR,FR,actual_offshore_wind_generation,Wind Offshore | Actual Aggregated,2026-06-27T15:47:42Z
2026-06-27T15:46:33Z,2026-06-27T17:46:33+0200,4e541c53-98a3-4782-9d6d-b4c701b81d28,2026-06-05T12:00:00Z,2026-06-05T14:00:00+0200,120.34,MW,FR,FR,actual_offshore_wind_generation,Wind Offshore | Actual Aggregated,2026-06-27T15:47:42Z
2026-06-27T15:46:33Z,2026-06-27T17:46:33+0200,4e541c53-98a3-4782-9d6d-b4c701b81d28,2026-06-05T12:15:00Z,2026-06-05T14:15:00+0200,127.33,MW,FR,FR,actual_offshore_wind_generation,Wind Offshore | Actual Aggregated,2026-06-27T15:47:42Z
2026-06-27T15:46:33Z,2026-06-27T17:46:33+0200,4e541c53-98a3-4782-9d6d-b4c701b81d28,2026-06-05T12:30:00Z,2026-06-05T14:30:00+0200,119.79,MW,FR,FR,actual_offshore_wind_generation,Wind Offshore | Actual Aggregated,2026-06-27T15:47:42Z
2026-06-27T15:46:33Z,2026-06-27T17:46:33+0200,4e541c53-98a3-4782-9d6d-b4c701b81d28,2026-06-05T12:45:00Z,2026-06-05T14:45:00+0200,133.08,MW,FR,FR,actual_offshore_wind_generation,Wind Offshore | Actual Aggregated,2026-06-27T15:47:42Z
2026-06-27T15:46:33Z,2026-06-27T17:46:33+0200,4e541c53-98a3-4782-9d6d-b4c701b81d28,2026-06-05T13:00:00Z,2026-06-05T15:00:00+0200,134.31,MW,FR,FR,actual_offshore_wind_generation,Wind Offshore | Actual Aggregated,2026-06-27T15:47:42Z
2026-06-27T15:46:33Z,2026-06-27T17:46:33+0200,4e541c53-98a3-4782-9d6d-b4c701b81d28,2026-06-05T13:15:00Z,2026-06-05T15:15:00+0200,123.15,MW,FR,FR,actual_offshore_wind_generation,Wind Offshore | Actual Aggregated,2026-06-27T15:47:42Z
2026-06-27T15:46:33Z,2026-06-27T17:46:33+0200,4e541c53-98a3-4782-9d6d-b4c701b81d28,2026-06-05T13:30:00Z,2026-06-05T15:30:00+0200,124.41,MW,FR,FR,actual_offshore_wind_generation,Wind Offshore | Actual Aggregated,2026-06-27T15:47:42Z
2026-06-27T15:46:33Z,2026-06-27T17:46:33+0200,4e541c53-98a3-4782-9d6d-b4c701b81d28,2026-06-05T13:45:00Z,2026-06-05T15:45:00+0200,136.38,MW,FR,FR,actual_offshore_wind_generation,Wind Offshore | Actual Aggregated,2026-06-27T15:47:42Z
2026-06-27T15:46:33Z,2026-06-27T17:46:33+0200,4e541c53-98a3-4782-9d6d-b4c701b81d28,2026-06-05T14:00:00Z,2026-06-05T16:00:00+0200,139.04,MW,FR,FR,actual_offshore_wind_generation,Wind Offshore | Actual Aggregated,2026-06-27T15:47:42Z
2026-06-27T15:46:33Z,2026-06-27T17:46:33+0200,4e541c53-98a3-4782-9d6d-b4c701b81d28,2026-06-05T14:15:00Z,2026-06-05T16:15:00+0200,130.57,MW,FR,FR,actual_offshore_wind_generation,Wind Offshore | Actual Aggregated,2026-06-27T15:47:42Z
2026-06-27T15:46:33Z,2026-06-27T17:46:33+0200,4e541c53-98a3-4782-9d6d-b4c701b81d28,2026-06-05T14:30:00Z,2026-06-05T16:30:00+0200,134.96,MW,FR,FR,actual_offshore_wind_generation,Wind Offshore | Actual Aggregated,2026-06-27T15:47:42Z
2026-06-27T15:46:33Z,2026-06-27T17:46:33+0200,4e541c53-98a3-4782-9d6d-b4c701b81d28,2026-06-05T14:45:00Z,2026-06-05T16:45:00+0200,148.18,MW,FR,FR,actual_offshore_wind_generation,Wind Offshore | Actual Aggregated,2026-06-27T15:47:42Z
2026-06-27T15:46:33Z,2026-06-27T17:46:33+0200,4e541c53-98a3-4782-9d6d-b4c701b81d28,2026-06-05T15:00:00Z,2026-06-05T17:00:00+0200,161.96,MW,FR,FR,actual_offshore_wind_generation,Wind Offshore | Actual Aggregated,2026-06-27T15:47:42Z
2026-06-27T15:46:33Z,2026-06-27T17:46:33+0200,4e541c53-98a3-4782-9d6d-b4c701b81d28,2026-06-05T15:15:00Z,2026-06-05T17:15:00+0200,181.05,MW,FR,FR,actual_offshore_wind_generation,Wind Offshore | Actual Aggregated,2026-06-27T15:47:42Z
2026-06-27T15:46:33Z,2026-06-27T17:46:33+0200,4e541c53-98a3-4782-9d6d-b4c701b81d28,2026-06-05T15:30:00Z,2026-06-05T17:30:00+0200,211.17,MW,FR,FR,actual_offshore_wind_generation,Wind Offshore | Actual Aggregated,2026-06-27T15:47:42Z
2026-06-27T15:46:33Z,2026-06-27T17:46:33+0200,4e541c53-98a3-4782-9d6d-b4c701b81d28,2026-06-05T15:45:00Z,2026-06-05T17:45:00+0200,207.23,MW,FR,FR,actual_offshore_wind_generation,Wind Offshore | Actual Aggregated,2026-06-27T15:47:42Z
2026-06-27T15:46:33Z,2026-06-27T17:46:33+0200,4e541c53-98a3-4782-9d6d-b4c701b81d28,2026-06-05T16:00:00Z,2026-06-05T18:00:00+0200,198.19,MW,FR,FR,actual_offshore_wind_generation,Wind Offshore | Actual Aggregated,2026-06-27T15:47:42Z
2026-06-27T15:46:33Z,2026-06-27T17:46:33+0200,4e541c53-98a3-4782-9d6d-b4c701b81d28,2026-06-05T16:15:00Z,2026-06-05T18:15:00+0200,202.5,MW,FR,FR,actual_offshore_wind_generation,Wind Offshore | Actual Aggregated,2026-06-27T15:47:42Z
2026-06-27T15:46:33Z,2026-06-27T17:46:33+0200,4e541c53-98a3-4782-9d6d-b4c701b81d28,2026-06-05T16:30:00Z,2026-06-05T18:30:00+0200,239.96,MW,FR,FR,actual_offshore_wind_generation,Wind Offshore | Actual Aggregated,2026-06-27T15:47:42Z
2026-06-27T15:46:33Z,2026-06-27T17:46:33+0200,4e541c53-98a3-4782-9d6d-b4c701b81d28,2026-06-05T16:45:00Z,2026-06-05T18:45:00+0200,300.84,MW,FR,FR,actual_offshore_wind_generation,Wind Offshore | Actual Aggregated,2026-06-27T15:47:42Z
2026-06-27T15:46:33Z,2026-06-27T17:46:33+0200,4e541c53-98a3-4782-9d6d-b4c701b81d28,2026-06-05T17:00:00Z,2026-06-05T19:00:00+0200,337.69,MW,FR,FR,actual_offshore_wind_generation,Wind Offshore | Actual Aggregated,2026-06-27T15:47:42Z
2026-06-27T15:46:33Z,2026-06-27T17:46:33+0200,4e541c53-98a3-4782-9d6d-b4c701b81d28,2026-06-05T17:15:00Z,2026-06-05T19:15:00+0200,321.2,MW,FR,FR,actual_offshore_wind_generation,Wind Offshore | Actual Aggregated,2026-06-27T15:47:42Z
2026-06-27T15:46:33Z,2026-06-27T17:46:33+0200,4e541c53-98a3-4782-9d6d-b4c701b81d28,2026-06-05T17:30:00Z,2026-06-05T19:30:00+0200,380.46,MW,FR,FR,actual_offshore_wind_generation,Wind Offshore | Actual Aggregated,2026-06-27T15:47:42Z
2026-06-27T15:46:33Z,2026-06-27T17:46:33+0200,4e541c53-98a3-4782-9d6d-b4c701b81d28,2026-06-05T17:45:00Z,2026-06-05T19:45:00+0200,493.34,MW,FR,FR,actual_offshore_wind_generation,Wind Offshore | Actual Aggregated,2026-06-27T15:47:42Z
2026-06-27T15:46:33Z,2026-06-27T17:46:33+0200,4e541c53-98a3-4782-9d6d-b4c701b81d28,2026-06-05T18:00:00Z,2026-06-05T20:00:00+0200,523.84,MW,FR,FR,actual_offshore_wind_generation,Wind Offshore | Actual Aggregated,2026-06-27T15:47:42Z
2026-06-27T15:46:33Z,2026-06-27T17:46:33+0200,4e541c53-98a3-4782-9d6d-b4c701b81d28,2026-06-05T18:15:00Z,2026-06-05T20:15:00+0200,476.84,MW,FR,FR,actual_offshore_wind_generation,Wind Offshore | Actual Aggregated,2026-06-27T15:47:42Z
2026-06-27T15:46:33Z,2026-06-27T17:46:33+0200,4e541c53-98a3-4782-9d6d-b4c701b81d28,2026-06-05T18:30:00Z,2026-06-05T20:30:00+0200,509.5,MW,FR,FR,actual_offshore_wind_generation,Wind Offshore | Actual Aggregated,2026-06-27T15:47:42Z
2026-06-27T15:46:33Z,2026-06-27T17:46:33+0200,4e541c53-98a3-4782-9d6d-b4c701b81d28,2026-06-05T18:45:00Z,2026-06-05T20:45:00+0200,605.48,MW,FR,FR,actual_offshore_wind_generation,Wind Offshore | Actual Aggregated,2026-06-27T15:47:42Z
2026-06-27T15:46:33Z,2026-06-27T17:46:33+0200,4e541c53-98a3-4782-9d6d-b4c701b81d28,2026-06-05T19:00:00Z,2026-06-05T21:00:00+0200,611.99,MW,FR,FR,actual_offshore_wind_generation,Wind Offshore | Actual Aggregated,2026-06-27T15:47:42Z
2026-06-27T15:46:33Z,2026-06-27T17:46:33+0200,4e541c53-98a3-4782-9d6d-b4c701b81d28,2026-06-05T19:15:00Z,2026-06-05T21:15:00+0200,577.32,MW,FR,FR,actual_offshore_wind_generation,Wind Offshore | Actual Aggregated,2026-06-27T15:47:42Z
2026-06-27T15:46:33Z,2026-06-27T17:46:33+0200,4e541c53-98a3-4782-9d6d-b4c701b81d28,2026-06-05T19:30:00Z,2026-06-05T21:30:00+0200,569.62,MW,FR,FR,actual_offshore_wind_generation,Wind Offshore | Actual Aggregated,2026-06-27T15:47:42Z
2026-06-27T15:46:33Z,2026-06-27T17:46:33+0200,4e541c53-98a3-4782-9d6d-b4c701b81d28,2026-06-05T19:45:00Z,2026-06-05T21:45:00+0200,571.97,MW,FR,FR,actual_offshore_wind_generation,Wind Offshore | Actual Aggregated,2026-06-27T15:47:42Z
2026-06-27T15:46:33Z,2026-06-27T17:46:33+0200,4e541c53-98a3-4782-9d6d-b4c701b81d28,2026-06-05T20:00:00Z,2026-06-05T22:00:00+0200,573.9,MW,FR,FR,actual_offshore_wind_generation,Wind Offshore | Actual Aggregated,2026-06-27T15:47:42Z
2026-06-27T15:46:33Z,2026-06-27T17:46:33+0200,4e541c53-98a3-4782-9d6d-b4c701b81d28,2026-06-05T20:15:00Z,2026-06-05T22:15:00+0200,593.14,MW,FR,FR,actual_offshore_wind_generation,Wind Offshore | Actual Aggregated,2026-06-27T15:47:42Z
2026-06-27T15:46:33Z,2026-06-27T17:46:33+0200,4e541c53-98a3-4782-9d6d-b4c701b81d28,2026-06-05T20:30:00Z,2026-06-05T22:30:00+0200,653.38,MW,FR,FR,actual_offshore_wind_generation,Wind Offshore | Actual Aggregated,2026-06-27T15:47:42Z
2026-06-27T15:46:33Z,2026-06-27T17:46:33+0200,4e541c53-98a3-4782-9d6d-b4c701b81d28,2026-06-05T20:45:00Z,2026-06-05T22:45:00+0200,702.22,MW,FR,FR,actual_offshore_wind_generation,Wind Offshore | Actual Aggregated,2026-06-27T15:47:42Z
2026-06-27T15:46:33Z,2026-06-27T17:46:33+0200,4e541c53-98a3-4782-9d6d-b4c701b81d28,2026-06-05T21:00:00Z,2026-06-05T23:00:00+0200,812.39,MW,FR,FR,actual_offshore_wind_generation,Wind Offshore | Actual Aggregated,2026-06-27T15:47:42Z
2026-06-27T15:46:33Z,2026-06-27T17:46:33+0200,4e541c53-98a3-4782-9d6d-b4c701b81d28,2026-06-05T21:15:00Z,2026-06-05T23:15:00+0200,932.07,MW,FR,FR,actual_offshore_wind_generation,Wind Offshore | Actual Aggregated,2026-06-27T15:47:42Z
2026-06-27T15:46:33Z,2026-06-27T17:46:33+0200,4e541c53-98a3-4782-9d6d-b4c701b81d28,2026-06-05T21:30:00Z,2026-06-05T23:30:00+0200,1019.01,MW,FR,FR,actual_offshore_wind_generation,Wind Offshore | Actual Aggregated,2026-06-27T15:47:42Z
2026-06-27T15:46:33Z,2026-06-27T17:46:33+0200,4e541c53-98a3-4782-9d6d-b4c701b81d28,2026-06-05T21:45:00Z,2026-06-05T23:45:00+0200,1109.36,MW,FR,FR,actual_offshore_wind_generation,Wind Offshore | Actual Aggregated,2026-06-27T15:47:42Z
2026-06-27T15:46:33Z,2026-06-27T17:46:33+0200,4e541c53-98a3-4782-9d6d-b4c701b81d28,2026-06-05T22:00:00Z,2026-06-06T00:00:00+0200,1175.28,MW,FR,FR,actual_offshore_wind_generation,Wind Offshore | Actual Aggregated,2026-06-27T15:47:42Z
2026-06-27T15:46:33Z,2026-06-27T17:46:33+0200,4e541c53-98a3-4782-9d6d-b4c701b81d28,2026-06-05T22:15:00Z,2026-06-06T00:15:00+0200,1204.18,MW,FR,FR,actual_offshore_wind_generation,Wind Offshore | Actual Aggregated,2026-06-27T15:47:42Z
2026-06-27T15:46:33Z,2026-06-27T17:46:33+0200,4e541c53-98a3-4782-9d6d-b4c701b81d28,2026-06-05T22:30:00Z,2026-06-06T00:30:00+0200,1273.55,MW,FR,FR,actual_offshore_wind_generation,Wind Offshore | Actual Aggregated,2026-06-27T15:47:42Z
2026-06-27T15:46:33Z,2026-06-27T17:46:33+0200,4e541c53-98a3-4782-9d6d-b4c701b81d28,2026-06-05T22:45:00Z,2026-06-06T00:45:00+0200,1285.61,MW,FR,FR,actual_offshore_wind_generation,Wind Offshore | Actual Aggregated,2026-06-27T15:47:42Z
2026-06-27T15:46:33Z,2026-06-27T17:46:33+0200,4e541c53-98a3-4782-9d6d-b4c701b81d28,2026-06-05T23:00:00Z,2026-06-06T01:00:00+0200,1348.03,MW,FR,FR,actual_offshore_wind_generation,Wind Offshore | Actual Aggregated,2026-06-27T15:47:42Z
2026-06-27T15:46:33Z,2026-06-27T17:46:33+0200,4e541c53-98a3-4782-9d6d-b4c701b81d28,2026-06-05T23:15:00Z,2026-06-06T01:15:00+0200,1402.52,MW,FR,FR,actual_offshore_wind_generation,Wind Offshore | Actual Aggregated,2026-06-27T15:47:42Z
2026-06-27T15:46:33Z,2026-06-27T17:46:33+0200,4e541c53-98a3-4782-9d6d-b4c701b81d28,2026-06-05T23:30:00Z,2026-06-06T01:30:00+0200,1366.85,MW,FR,FR,actual_offshore_wind_generation,Wind Offshore | Actual Aggregated,2026-06-27T15:47:42Z
2026-06-27T15:46:33Z,2026-06-27T17:46:33+0200,4e541c53-98a3-4782-9d6d-b4c701b81d28,2026-06-05T23:45:00Z,2026-06-06T01:45:00+0200,1430.94,MW,FR,FR,actual_offshore_wind_generation,Wind Offshore | Actual Aggregated,2026-06-27T15:47:42Z
2026-06-27T15:46:33Z,2026-06-27T17:46:33+0200,4e541c53-98a3-4782-9d6d-b4c701b81d28,2026-06-06T00:00:00Z,2026-06-06T02:00:00+0200,1458.1,MW,FR,FR,actual_offshore_wind_generation,Wind Offshore | Actual Aggregated,2026-06-27T15:47:42Z
2026-06-27T15:46:33Z,2026-06-27T17:46:33+0200,4e541c53-98a3-4782-9d6d-b4c701b81d28,2026-06-06T00:15:00Z,2026-06-06T02:15:00+0200,1489.45,MW,FR,FR,actual_offshore_wind_generation,Wind Offshore | Actual Aggregated,2026-06-27T15:47:42Z
2026-06-27T15:46:33Z,2026-06-27T17:46:33+0200,4e541c53-98a3-4782-9d6d-b4c701b81d28,2026-06-06T00:30:00Z,2026-06-06T02:30:00+0200,1529.32,MW,FR,FR,actual_offshore_wind_generation,Wind Offshore | Actual Aggregated,2026-06-27T15:47:42Z
2026-06-27T15:46:33Z,2026-06-27T17:46:33+0200,4e541c53-98a3-4782-9d6d-b4c701b81d28,2026-06-06T00:45:00Z,2026-06-06T02:45:00+0200,1529.32,MW,FR,FR,actual_offshore_wind_generation,Wind Offshore | Actual Aggregated,2026-06-27T15:47:42Z
2026-06-27T15:46:33Z,2026-06-27T17:46:33+0200,4e541c53-98a3-4782-9d6d-b4c701b81d28,2026-06-06T01:00:00Z,2026-06-06T03:00:00+0200,1554.39,MW,FR,FR,actual_offshore_wind_generation,Wind Offshore | Actual Aggregated,2026-06-27T15:47:42Z
2026-06-27T15:46:33Z,2026-06-27T17:46:33+0200,4e541c53-98a3-4782-9d6d-b4c701b81d28,2026-06-06T01:15:00Z,2026-06-06T03:15:00+0200,1591.05,MW,FR,FR,actual_offshore_wind_generation,Wind Offshore | Actual Aggregated,2026-06-27T15:47:42Z
2026-06-27T15:46:33Z,2026-06-27T17:46:33+0200,4e541c53-98a3-4782-9d6d-b4c701b81d28,2026-06-06T01:30:00Z,2026-06-06T03:30:00+0200,1565.84,MW,FR,FR,actual_offshore_wind_generation,Wind Offshore | Actual Aggregated,2026-06-27T15:47:42Z
2026-06-27T15:46:33Z,2026-06-27T17:46:33+0200,4e541c53-98a3-4782-9d6d-b4c701b81d28,2026-06-06T01:45:00Z,2026-06-06T03:45:00+0200,1556.58,MW,FR,FR,actual_offshore_wind_generation,Wind Offshore | Actual Aggregated,2026-06-27T15:47:42Z
2026-06-27T15:46:33Z,2026-06-27T17:46:33+0200,4e541c53-98a3-4782-9d6d-b4c701b81d28,2026-06-06T02:00:00Z,2026-06-06T04:00:00+0200,1547.44,MW,FR,FR,actual_offshore_wind_generation,Wind Offshore | Actual Aggregated,2026-06-27T15:47:42Z
2026-06-27T15:46:33Z,2026-06-27T17:46:33+0200,4e541c53-98a3-4782-9d6d-b4c701b81d28,2026-06-06T02:15:00Z,2026-06-06T04:15:00+0200,1539.36,MW,FR,FR,actual_offshore_wind_generation,Wind Offshore | Actual Aggregated,2026-06-27T15:47:42Z
2026-06-27T15:46:33Z,2026-06-27T17:46:33+0200,4e541c53-98a3-4782-9d6d-b4c701b81d28,2026-06-06T02:30:00Z,2026-06-06T04:30:00+0200,1529.81,MW,FR,FR,actual_offshore_wind_generation,Wind Offshore | Actual Aggregated,2026-06-27T15:47:42Z
2026-06-27T15:46:33Z,2026-06-27T17:46:33+0200,4e541c53-98a3-4782-9d6d-b4c701b81d28,2026-06-06T02:45:00Z,2026-06-06T04:45:00+0200,1547.33,MW,FR,FR,actual_offshore_wind_generation,Wind Offshore | Actual Aggregated,2026-06-27T15:47:42Z
2026-06-27T15:46:33Z,2026-06-27T17:46:33+0200,4e541c53-98a3-4782-9d6d-b4c701b81d28,2026-06-06T03:00:00Z,2026-06-06T05:00:00+0200,1491.66,MW,FR,FR,actual_offshore_wind_generation,Wind Offshore | Actual Aggregated,2026-06-27T15:47:42Z
2026-06-27T15:46:33Z,2026-06-27T17:46:33+0200,4e541c53-98a3-4782-9d6d-b4c701b81d28,2026-06-06T03:15:00Z,2026-06-06T05:15:00+0200,1503.32,MW,FR,FR,actual_offshore_wind_generation,Wind Offshore | Actual Aggregated,2026-06-27T15:47:42Z
2026-06-27T15:46:33Z,2026-06-27T17:46:33+0200,4e541c53-98a3-4782-9d6d-b4c701b81d28,2026-06-06T03:30:00Z,2026-06-06T05:30:00+0200,1489.88,MW,FR,FR,actual_offshore_wind_generation,Wind Offshore | Actual Aggregated,2026-06-27T15:47:42Z
2026-06-27T15:46:33Z,2026-06-27T17:46:33+0200,4e541c53-98a3-4782-9d6d-b4c701b81d28,2026-06-06T03:45:00Z,2026-06-06T05:45:00+0200,1513.11,MW,FR,FR,actual_offshore_wind_generation,Wind Offshore | Actual Aggregated,2026-06-27T15:47:42Z
2026-06-27T15:46:33Z,2026-06-27T17:46:33+0200,4e541c53-98a3-4782-9d6d-b4c701b81d28,2026-06-06T04:00:00Z,2026-06-06T06:00:00+0200,1472.89,MW,FR,FR,actual_offshore_wind_generation,Wind Offshore | Actual Aggregated,2026-06-27T15:47:42Z
2026-06-27T15:46:33Z,2026-06-27T17:46:33+0200,4e541c53-98a3-4782-9d6d-b4c701b81d28,2026-06-06T04:15:00Z,2026-06-06T06:15:00+0200,1617.59,MW,FR,FR,actual_offshore_wind_generation,Wind Offshore | Actual Aggregated,2026-06-27T15:47:42Z
2026-06-27T15:46:33Z,2026-06-27T17:46:33+0200,4e541c53-98a3-4782-9d6d-b4c701b81d28,2026-06-06T04:30:00Z,2026-06-06T06:30:00+0200,1682.46,MW,FR,FR,actual_offshore_wind_generation,Wind Offshore | Actual Aggregated,2026-06-27T15:47:42Z
2026-06-27T15:46:33Z,2026-06-27T17:46:33+0200,4e541c53-98a3-4782-9d6d-b4c701b81d28,2026-06-06T04:45:00Z,2026-06-06T06:45:00+0200,1601.97,MW,FR,FR,actual_offshore_wind_generation,Wind Offshore | Actual Aggregated,2026-06-27T15:47:42Z
2026-06-27T15:46:33Z,2026-06-27T17:46:33+0200,4e541c53-98a3-4782-9d6d-b4c701b81d28,2026-06-06T05:00:00Z,2026-06-06T07:00:00+0200,1658.05,MW,FR,FR,actual_offshore_wind_generation,Wind Offshore | Actual Aggregated,2026-06-27T15:47:42Z
2026-06-27T15:46:33Z,2026-06-27T17:46:33+0200,4e541c53-98a3-4782-9d6d-b4c701b81d28,2026-06-06T05:15:00Z,2026-06-06T07:15:00+0200,1755.45,MW,FR,FR,actual_offshore_wind_generation,Wind Offshore | Actual Aggregated,2026-06-27T15:47:42Z
2026-06-27T15:46:33Z,2026-06-27T17:46:33+0200,4e541c53-98a3-4782-9d6d-b4c701b81d28,2026-06-06T05:30:00Z,2026-06-06T07:30:00+0200,1698.27,MW,FR,FR,actual_offshore_wind_generation,Wind Offshore | Actual Aggregated,2026-06-27T15:47:42Z
2026-06-27T15:46:33Z,2026-06-27T17:46:33+0200,4e541c53-98a3-4782-9d6d-b4c701b81d28,2026-06-06T05:45:00Z,2026-06-06T07:45:00+0200,1695.61,MW,FR,FR,actual_offshore_wind_generation,Wind Offshore | Actual Aggregated,2026-06-27T15:47:42Z
2026-06-27T15:46:33Z,2026-06-27T17:46:33+0200,4e541c53-98a3-4782-9d6d-b4c701b81d28,2026-06-06T06:00:00Z,2026-06-06T08:00:00+0200,1764.95,MW,FR,FR,actual_offshore_wind_generation,Wind Offshore | Actual Aggregated,2026-06-27T15:47:42Z
2026-06-27T15:46:33Z,2026-06-27T17:46:33+0200,4e541c53-98a3-4782-9d6d-b4c701b81d28,2026-06-06T06:15:00Z,2026-06-06T08:15:00+0200,1787.04,MW,FR,FR,actual_offshore_wind_generation,Wind Offshore | Actual Aggregated,2026-06-27T15:47:42Z
2026-06-27T15:46:33Z,2026-06-27T17:46:33+0200,4e541c53-98a3-4782-9d6d-b4c701b81d28,2026-06-06T06:30:00Z,2026-06-06T08:30:00+0200,1738.0,MW,FR,FR,actual_offshore_wind_generation,Wind Offshore | Actual Aggregated,2026-06-27T15:47:42Z
2026-06-27T15:46:33Z,2026-06-27T17:46:33+0200,4e541c53-98a3-4782-9d6d-b4c701b81d28,2026-06-06T06:45:00Z,2026-06-06T08:45:00+0200,1725.96,MW,FR,FR,actual_offshore_wind_generation,Wind Offshore | Actual Aggregated,2026-06-27T15:47:42Z
2026-06-27T15:46:33Z,2026-06-27T17:46:33+0200,4e541c53-98a3-4782-9d6d-b4c701b81d28,2026-06-06T07:00:00Z,2026-06-06T09:00:00+0200,1576.68,MW,FR,FR,actual_offshore_wind_generation,Wind Offshore | Actual Aggregated,2026-06-27T15:47:42Z
2026-06-27T15:46:33Z,2026-06-27T17:46:33+0200,4e541c53-98a3-4782-9d6d-b4c701b81d28,2026-06-06T07:15:00Z,2026-06-06T09:15:00+0200,1466.87,MW,FR,FR,actual_offshore_wind_generation,Wind Offshore | Actual Aggregated,2026-06-27T15:47:42Z
2026-06-27T15:46:33Z,2026-06-27T17:46:33+0200,4e541c53-98a3-4782-9d6d-b4c701b81d28,2026-06-06T07:30:00Z,2026-06-06T09:30:00+0200,1135.63,MW,FR,FR,actual_offshore_wind_generation,Wind Offshore | Actual Aggregated,2026-06-27T15:47:42Z
2026-06-27T15:46:33Z,2026-06-27T17:46:33+0200,4e541c53-98a3-4782-9d6d-b4c701b81d28,2026-06-06T07:45:00Z,2026-06-06T09:45:00+0200,1129.71,MW,FR,FR,actual_offshore_wind_generation,Wind Offshore | Actual Aggregated,2026-06-27T15:47:42Z
2026-06-27T15:46:33Z,2026-06-27T17:46:33+0200,4e541c53-98a3-4782-9d6d-b4c701b81d28,2026-06-06T08:00:00Z,2026-06-06T10:00:00+0200,1356.51,MW,FR,FR,actual_offshore_wind_generation,Wind Offshore | Actual Aggregated,2026-06-27T15:47:42Z
2026-06-27T15:46:33Z,2026-06-27T17:46:33+0200,4e541c53-98a3-4782-9d6d-b4c701b81d28,2026-06-06T08:15:00Z,2026-06-06T10:15:00+0200,1327.21,MW,FR,FR,actual_offshore_wind_generation,Wind Offshore | Actual Aggregated,2026-06-27T15:47:42Z
2026-06-27T15:46:33Z,2026-06-27T17:46:33+0200,4e541c53-98a3-4782-9d6d-b4c701b81d28,2026-06-06T08:30:00Z,2026-06-06T10:30:00+0200,1339.77,MW,FR,FR,actual_offshore_wind_generation,Wind Offshore | Actual Aggregated,2026-06-27T15:47:42Z
2026-06-27T15:46:33Z,2026-06-27T17:46:33+0200,4e541c53-98a3-4782-9d6d-b4c701b81d28,2026-06-06T08:45:00Z,2026-06-06T10:45:00+0200,1298.9,MW,FR,FR,actual_offshore_wind_generation,Wind Offshore | Actual Aggregated,2026-06-27T15:47:42Z
2026-06-27T15:46:33Z,2026-06-27T17:46:33+0200,4e541c53-98a3-4782-9d6d-b4c701b81d28,2026-06-06T09:00:00Z,2026-06-06T11:00:00+0200,1048.13,MW,FR,FR,actual_offshore_wind_generation,Wind Offshore | Actual Aggregated,2026-06-27T15:47:42Z
2026-06-27T15:46:33Z,2026-06-27T17:46:33+0200,4e541c53-98a3-4782-9d6d-b4c701b81d28,2026-06-06T09:15:00Z,2026-06-06T11:15:00+0200,954.49,MW,FR,FR,actual_offshore_wind_generation,Wind Offshore | Actual Aggregated,2026-06-27T15:47:42Z
2026-06-27T15:46:33Z,2026-06-27T17:46:33+0200,4e541c53-98a3-4782-9d6d-b4c701b81d28,2026-06-06T09:30:00Z,2026-06-06T11:30:00+0200,952.55,MW,FR,FR,actual_offshore_wind_generation,Wind Offshore | Actual Aggregated,2026-06-27T15:47:42Z
2026-06-27T15:46:33Z,2026-06-27T17:46:33+0200,4e541c53-98a3-4782-9d6d-b4c701b81d28,2026-06-06T09:45:00Z,2026-06-06T11:45:00+0200,959.95,MW,FR,FR,actual_offshore_wind_generation,Wind Offshore | Actual Aggregated,2026-06-27T15:47:42Z
2026-06-27T15:46:33Z,2026-06-27T17:46:33+0200,4e541c53-98a3-4782-9d6d-b4c701b81d28,2026-06-06T10:00:00Z,2026-06-06T12:00:00+0200,963.78,MW,FR,FR,actual_offshore_wind_generation,Wind Offshore | Actual Aggregated,2026-06-27T15:47:42Z
2026-06-27T15:46:33Z,2026-06-27T17:46:33+0200,4e541c53-98a3-4782-9d6d-b4c701b81d28,2026-06-06T10:15:00Z,2026-06-06T12:15:00+0200,933.44,MW,FR,FR,actual_offshore_wind_generation,Wind Offshore | Actual Aggregated,2026-06-27T15:47:42Z
2026-06-27T15:46:33Z,2026-06-27T17:46:33+0200,4e541c53-98a3-4782-9d6d-b4c701b81d28,2026-06-06T10:30:00Z,2026-06-06T12:30:00+0200,943.85,MW,FR,FR,actual_offshore_wind_generation,Wind Offshore | Actual Aggregated,2026-06-27T15:47:42Z
2026-06-27T15:46:33Z,2026-06-27T17:46:33+0200,4e541c53-98a3-4782-9d6d-b4c701b81d28,2026-06-06T10:45:00Z,2026-06-06T12:45:00+0200,931.68,MW,FR,FR,actual_offshore_wind_generation,Wind Offshore | Actual Aggregated,2026-06-27T15:47:42Z
2026-06-27T15:46:33Z,2026-06-27T17:46:33+0200,4e541c53-98a3-4782-9d6d-b4c701b81d28,2026-06-06T11:00:00Z,2026-06-06T13:00:00+0200,949.2,MW,FR,FR,actual_offshore_wind_generation,Wind Offshore | Actual Aggregated,2026-06-27T15:47:42Z
2026-06-27T15:46:33Z,2026-06-27T17:46:33+0200,4e541c53-98a3-4782-9d6d-b4c701b81d28,2026-06-06T11:15:00Z,2026-06-06T13:15:00+0200,967.29,MW,FR,FR,actual_offshore_wind_generation,Wind Offshore | Actual Aggregated,2026-06-27T15:47:42Z
2026-06-27T15:46:33Z,2026-06-27T17:46:33+0200,4e541c53-98a3-4782-9d6d-b4c701b81d28,2026-06-06T11:30:00Z,2026-06-06T13:30:00+0200,1186.39,MW,FR,FR,actual_offshore_wind_generation,Wind Offshore | Actual Aggregated,2026-06-27T15:47:42Z
2026-06-27T15:46:33Z,2026-06-27T17:46:33+0200,4e541c53-98a3-4782-9d6d-b4c701b81d28,2026-06-06T11:45:00Z,2026-06-06T13:45:00+0200,1255.67,MW,FR,FR,actual_offshore_wind_generation,Wind Offshore | Actual Aggregated,2026-06-27T15:47:42Z
2026-06-27T15:46:33Z,2026-06-27T17:46:33+0200,4e541c53-98a3-4782-9d6d-b4c701b81d28,2026-06-06T12:00:00Z,2026-06-06T14:00:00+0200,1298.9,MW,FR,FR,actual_offshore_wind_generation,Wind Offshore | Actual Aggregated,2026-06-27T15:47:42Z
2026-06-27T15:46:33Z,2026-06-27T17:46:33+0200,4e541c53-98a3-4782-9d6d-b4c701b81d28,2026-06-06T12:15:00Z,2026-06-06T14:15:00+0200,1313.35,MW,FR,FR,actual_offshore_wind_generation,Wind Offshore | Actual Aggregated,2026-06-27T15:47:42Z
2026-06-27T15:46:33Z,2026-06-27T17:46:33+0200,4e541c53-98a3-4782-9d6d-b4c701b81d28,2026-06-06T12:30:00Z,2026-06-06T14:30:00+0200,1272.34,MW,FR,FR,actual_offshore_wind_generation,Wind Offshore | Actual Aggregated,2026-06-27T15:47:42Z
2026-06-27T15:46:33Z,2026-06-27T17:46:33+0200,4e541c53-98a3-4782-9d6d-b4c701b81d28,2026-06-06T12:45:00Z,2026-06-06T14:45:00+0200,1310.63,MW,FR,FR,actual_offshore_wind_generation,Wind Offshore | Actual Aggregated,2026-06-27T15:47:42Z
2026-06-27T15:46:33Z,2026-06-27T17:46:33+0200,4e541c53-98a3-4782-9d6d-b4c701b81d28,2026-06-06T13:00:00Z,2026-06-06T15:00:00+0200,1256.04,MW,FR,FR,actual_offshore_wind_generation,Wind Offshore | Actual Aggregated,2026-06-27T15:47:42Z
2026-06-27T15:46:33Z,2026-06-27T17:46:33+0200,4e541c53-98a3-4782-9d6d-b4c701b81d28,2026-06-06T13:15:00Z,2026-06-06T15:15:00+0200,1178.24,MW,FR,FR,actual_offshore_wind_generation,Wind Offshore | Actual Aggregated,2026-06-27T15:47:42Z
2026-06-27T15:46:33Z,2026-06-27T17:46:33+0200,4e541c53-98a3-4782-9d6d-b4c701b81d28,2026-06-06T13:30:00Z,2026-06-06T15:30:00+0200,1095.97,MW,FR,FR,actual_offshore_wind_generation,Wind Offshore | Actual Aggregated,2026-06-27T15:47:42Z
2026-06-27T15:46:33Z,2026-06-27T17:46:33+0200,4e541c53-98a3-4782-9d6d-b4c701b81d28,2026-06-06T13:45:00Z,2026-06-06T15:45:00+0200,1087.76,MW,FR,FR,actual_offshore_wind_generation,Wind Offshore | Actual Aggregated,2026-06-27T15:47:42Z
2026-06-27T15:46:33Z,2026-06-27T17:46:33+0200,4e541c53-98a3-4782-9d6d-b4c701b81d28,2026-06-06T14:00:00Z,2026-06-06T16:00:00+0200,1377.34,MW,FR,FR,actual_offshore_wind_generation,Wind Offshore | Actual Aggregated,2026-06-27T15:47:42Z
2026-06-27T15:46:33Z,2026-06-27T17:46:33+0200,4e541c53-98a3-4782-9d6d-b4c701b81d28,2026-06-06T14:15:00Z,2026-06-06T16:15:00+0200,1469.76,MW,FR,FR,actual_offshore_wind_generation,Wind Offshore | Actual Aggregated,2026-06-27T15:47:42Z
2026-06-27T15:46:33Z,2026-06-27T17:46:33+0200,4e541c53-98a3-4782-9d6d-b4c701b81d28,2026-06-06T14:30:00Z,2026-06-06T16:30:00+0200,1560.55,MW,FR,FR,actual_offshore_wind_generation,Wind Offshore | Actual Aggregated,2026-06-27T15:47:42Z
2026-06-27T15:46:33Z,2026-06-27T17:46:33+0200,4e541c53-98a3-4782-9d6d-b4c701b81d28,2026-06-06T14:45:00Z,2026-06-06T16:45:00+0200,1581.38,MW,FR,FR,actual_offshore_wind_generation,Wind Offshore | Actual Aggregated,2026-06-27T15:47:42Z
2026-06-27T15:46:33Z,2026-06-27T17:46:33+0200,4e541c53-98a3-4782-9d6d-b4c701b81d28,2026-06-06T15:00:00Z,2026-06-06T17:00:00+0200,1630.88,MW,FR,FR,actual_offshore_wind_generation,Wind Offshore | Actual Aggregated,2026-06-27T15:47:42Z
2026-06-27T15:46:33Z,2026-06-27T17:46:33+0200,4e541c53-98a3-4782-9d6d-b4c701b81d28,2026-06-06T15:15:00Z,2026-06-06T17:15:00+0200,1639.06,MW,FR,FR,actual_offshore_wind_generation,Wind Offshore | Actual Aggregated,2026-06-27T15:47:42Z
2026-06-27T15:46:33Z,2026-06-27T17:46:33+0200,4e541c53-98a3-4782-9d6d-b4c701b81d28,2026-06-06T15:30:00Z,2026-06-06T17:30:00+0200,1552.01,MW,FR,FR,actual_offshore_wind_generation,Wind Offshore | Actual Aggregated,2026-06-27T15:47:42Z
2026-06-27T15:46:33Z,2026-06-27T17:46:33+0200,4e541c53-98a3-4782-9d6d-b4c701b81d28,2026-06-06T15:45:00Z,2026-06-06T17:45:00+0200,1280.83,MW,FR,FR,actual_offshore_wind_generation,Wind Offshore | Actual Aggregated,2026-06-27T15:47:42Z
2026-06-27T15:46:33Z,2026-06-27T17:46:33+0200,4e541c53-98a3-4782-9d6d-b4c701b81d28,2026-06-06T16:00:00Z,2026-06-06T18:00:00+0200,1280.79,MW,FR,FR,actual_offshore_wind_generation,Wind Offshore | Actual Aggregated,2026-06-27T15:47:42Z
2026-06-27T15:46:33Z,2026-06-27T17:46:33+0200,4e541c53-98a3-4782-9d6d-b4c701b81d28,2026-06-06T16:15:00Z,2026-06-06T18:15:00+0200,1259.38,MW,FR,FR,actual_offshore_wind_generation,Wind Offshore | Actual Aggregated,2026-06-27T15:47:42Z
2026-06-27T15:46:33Z,2026-06-27T17:46:33+0200,4e541c53-98a3-4782-9d6d-b4c701b81d28,2026-06-06T16:30:00Z,2026-06-06T18:30:00+0200,1247.43,MW,FR,FR,actual_offshore_wind_generation,Wind Offshore | Actual Aggregated,2026-06-27T15:47:42Z
2026-06-27T15:46:33Z,2026-06-27T17:46:33+0200,4e541c53-98a3-4782-9d6d-b4c701b81d28,2026-06-06T16:45:00Z,2026-06-06T18:45:00+0200,1441.22,MW,FR,FR,actual_offshore_wind_generation,Wind Offshore | Actual Aggregated,2026-06-27T15:47:42Z
2026-06-27T15:46:33Z,2026-06-27T17:46:33+0200,4e541c53-98a3-4782-9d6d-b4c701b81d28,2026-06-06T17:00:00Z,2026-06-06T19:00:00+0200,1395.43,MW,FR,FR,actual_offshore_wind_generation,Wind Offshore | Actual Aggregated,2026-06-27T15:47:42Z
2026-06-27T15:46:33Z,2026-06-27T17:46:33+0200,4e541c53-98a3-4782-9d6d-b4c701b81d28,2026-06-06T17:15:00Z,2026-06-06T19:15:00+0200,1360.69,MW,FR,FR,actual_offshore_wind_generation,Wind Offshore | Actual Aggregated,2026-06-27T15:47:42Z
2026-06-27T15:46:33Z,2026-06-27T17:46:33+0200,4e541c53-98a3-4782-9d6d-b4c701b81d28,2026-06-06T17:30:00Z,2026-06-06T19:30:00+0200,1364.88,MW,FR,FR,actual_offshore_wind_generation,Wind Offshore | Actual Aggregated,2026-06-27T15:47:42Z
2026-06-27T15:46:33Z,2026-06-27T17:46:33+0200,4e541c53-98a3-4782-9d6d-b4c701b81d28,2026-06-06T17:45:00Z,2026-06-06T19:45:00+0200,1388.03,MW,FR,FR,actual_offshore_wind_generation,Wind Offshore | Actual Aggregated,2026-06-27T15:47:42Z
2026-06-27T15:46:33Z,2026-06-27T17:46:33+0200,4e541c53-98a3-4782-9d6d-b4c701b81d28,2026-06-06T18:00:00Z,2026-06-06T20:00:00+0200,1381.36,MW,FR,FR,actual_offshore_wind_generation,Wind Offshore | Actual Aggregated,2026-06-27T15:47:42Z
2026-06-27T15:46:33Z,2026-06-27T17:46:33+0200,4e541c53-98a3-4782-9d6d-b4c701b81d28,2026-06-06T18:15:00Z,2026-06-06T20:15:00+0200,1407.52,MW,FR,FR,actual_offshore_wind_generation,Wind Offshore | Actual Aggregated,2026-06-27T15:47:42Z
2026-06-27T15:46:33Z,2026-06-27T17:46:33+0200,4e541c53-98a3-4782-9d6d-b4c701b81d28,2026-06-06T18:30:00Z,2026-06-06T20:30:00+0200,1409.16,MW,FR,FR,actual_offshore_wind_generation,Wind Offshore | Actual Aggregated,2026-06-27T15:47:42Z
2026-06-27T15:46:33Z,2026-06-27T17:46:33+0200,4e541c53-98a3-4782-9d6d-b4c701b81d28,2026-06-06T18:45:00Z,2026-06-06T20:45:00+0200,1412.29,MW,FR,FR,actual_offshore_wind_generation,Wind Offshore | Actual Aggregated,2026-06-27T15:47:42Z
2026-06-27T15:46:33Z,2026-06-27T17:46:33+0200,4e541c53-98a3-4782-9d6d-b4c701b81d28,2026-06-06T19:00:00Z,2026-06-06T21:00:00+0200,1387.16,MW,FR,FR,actual_offshore_wind_generation,Wind Offshore | Actual Aggregated,2026-06-27T15:47:42Z
2026-06-27T15:46:33Z,2026-06-27T17:46:33+0200,4e541c53-98a3-4782-9d6d-b4c701b81d28,2026-06-06T19:15:00Z,2026-06-06T21:15:00+0200,1396.0,MW,FR,FR,actual_offshore_wind_generation,Wind Offshore | Actual Aggregated,2026-06-27T15:47:42Z
2026-06-27T15:46:33Z,2026-06-27T17:46:33+0200,4e541c53-98a3-4782-9d6d-b4c701b81d28,2026-06-06T19:30:00Z,2026-06-06T21:30:00+0200,1399.66,MW,FR,FR,actual_offshore_wind_generation,Wind Offshore | Actual Aggregated,2026-06-27T15:47:42Z
2026-06-27T15:46:33Z,2026-06-27T17:46:33+0200,4e541c53-98a3-4782-9d6d-b4c701b81d28,2026-06-06T19:45:00Z,2026-06-06T21:45:00+0200,1388.98,MW,FR,FR,actual_offshore_wind_generation,Wind Offshore | Actual Aggregated,2026-06-27T15:47:42Z
2026-06-27T15:46:33Z,2026-06-27T17:46:33+0200,4e541c53-98a3-4782-9d6d-b4c701b81d28,2026-06-06T20:00:00Z,2026-06-06T22:00:00+0200,1326.82,MW,FR,FR,actual_offshore_wind_generation,Wind Offshore | Actual Aggregated,2026-06-27T15:47:42Z
2026-06-27T15:46:33Z,2026-06-27T17:46:33+0200,4e541c53-98a3-4782-9d6d-b4c701b81d28,2026-06-06T20:15:00Z,2026-06-06T22:15:00+0200,1265.81,MW,FR,FR,actual_offshore_wind_generation,Wind Offshore | Actual Aggregated,2026-06-27T15:47:42Z
2026-06-27T15:46:33Z,2026-06-27T17:46:33+0200,4e541c53-98a3-4782-9d6d-b4c701b81d28,2026-06-06T20:30:00Z,2026-06-06T22:30:00+0200,1269.71,MW,FR,FR,actual_offshore_wind_generation,Wind Offshore | Actual Aggregated,2026-06-27T15:47:42Z
2026-06-27T15:46:33Z,2026-06-27T17:46:33+0200,4e541c53-98a3-4782-9d6d-b4c701b81d28,2026-06-06T20:45:00Z,2026-06-06T22:45:00+0200,1191.23,MW,FR,FR,actual_offshore_wind_generation,Wind Offshore | Actual Aggregated,2026-06-27T15:47:42Z
2026-06-27T15:46:33Z,2026-06-27T17:46:33+0200,4e541c53-98a3-4782-9d6d-b4c701b81d28,2026-06-06T21:00:00Z,2026-06-06T23:00:00+0200,1109.61,MW,FR,FR,actual_offshore_wind_generation,Wind Offshore | Actual Aggregated,2026-06-27T15:47:42Z
2026-06-27T15:46:33Z,2026-06-27T17:46:33+0200,4e541c53-98a3-4782-9d6d-b4c701b81d28,2026-06-06T21:15:00Z,2026-06-06T23:15:00+0200,1051.41,MW,FR,FR,actual_offshore_wind_generation,Wind Offshore | Actual Aggregated,2026-06-27T15:47:42Z
2026-06-27T15:46:33Z,2026-06-27T17:46:33+0200,4e541c53-98a3-4782-9d6d-b4c701b81d28,2026-06-06T21:30:00Z,2026-06-06T23:30:00+0200,973.53,MW,FR,FR,actual_offshore_wind_generation,Wind Offshore | Actual Aggregated,2026-06-27T15:47:42Z
2026-06-27T15:46:33Z,2026-06-27T17:46:33+0200,4e541c53-98a3-4782-9d6d-b4c701b81d28,2026-06-06T21:45:00Z,2026-06-06T23:45:00+0200,879.89,MW,FR,FR,actual_offshore_wind_generation,Wind Offshore | Actual Aggregated,2026-06-27T15:47:42Z
2026-06-27T15:46:33Z,2026-06-27T17:46:33+0200,4e541c53-98a3-4782-9d6d-b4c701b81d28,2026-06-06T22:00:00Z,2026-06-07T00:00:00+0200,849.64,MW,FR,FR,actual_offshore_wind_generation,Wind Offshore | Actual Aggregated,2026-06-27T15:47:42Z
2026-06-27T15:46:33Z,2026-06-27T17:46:33+0200,4e541c53-98a3-4782-9d6d-b4c701b81d28,2026-06-06T22:15:00Z,2026-06-07T00:15:00+0200,920.55,MW,FR,FR,actual_offshore_wind_generation,Wind Offshore | Actual Aggregated,2026-06-27T15:47:42Z
2026-06-27T15:46:33Z,2026-06-27T17:46:33+0200,4e541c53-98a3-4782-9d6d-b4c701b81d28,2026-06-06T22:30:00Z,2026-06-07T00:30:00+0200,942.71,MW,FR,FR,actual_offshore_wind_generation,Wind Offshore | Actual Aggregated,2026-06-27T15:47:42Z
2026-06-27T15:46:33Z,2026-06-27T17:46:33+0200,4e541c53-98a3-4782-9d6d-b4c701b81d28,2026-06-06T22:45:00Z,2026-06-07T00:45:00+0200,896.6,MW,FR,FR,actual_offshore_wind_generation,Wind Offshore | Actual Aggregated,2026-06-27T15:47:42Z
2026-06-27T15:46:33Z,2026-06-27T17:46:33+0200,4e541c53-98a3-4782-9d6d-b4c701b81d28,2026-06-06T23:00:00Z,2026-06-07T01:00:00+0200,870.95,MW,FR,FR,actual_offshore_wind_generation,Wind Offshore | Actual Aggregated,2026-06-27T15:47:42Z
2026-06-27T15:46:33Z,2026-06-27T17:46:33+0200,4e541c53-98a3-4782-9d6d-b4c701b81d28,2026-06-06T23:15:00Z,2026-06-07T01:15:00+0200,881.14,MW,FR,FR,actual_offshore_wind_generation,Wind Offshore | Actual Aggregated,2026-06-27T15:47:42Z
2026-06-27T15:46:33Z,2026-06-27T17:46:33+0200,4e541c53-98a3-4782-9d6d-b4c701b81d28,2026-06-06T23:30:00Z,2026-06-07T01:30:00+0200,869.74,MW,FR,FR,actual_offshore_wind_generation,Wind Offshore | Actual Aggregated,2026-06-27T15:47:42Z
2026-06-27T15:46:33Z,2026-06-27T17:46:33+0200,4e541c53-98a3-4782-9d6d-b4c701b81d28,2026-06-06T23:45:00Z,2026-06-07T01:45:00+0200,810.76,MW,FR,FR,actual_offshore_wind_generation,Wind Offshore | Actual Aggregated,2026-06-27T15:47:42Z
2026-06-27T15:46:33Z,2026-06-27T17:46:33+0200,4e541c53-98a3-4782-9d6d-b4c701b81d28,2026-06-07T00:00:00Z,2026-06-07T02:00:00+0200,749.64,MW,FR,FR,actual_offshore_wind_generation,Wind Offshore | Actual Aggregated,2026-06-27T15:47:42Z
2026-06-27T15:46:33Z,2026-06-27T17:46:33+0200,4e541c53-98a3-4782-9d6d-b4c701b81d28,2026-06-07T00:15:00Z,2026-06-07T02:15:00+0200,731.55,MW,FR,FR,actual_offshore_wind_generation,Wind Offshore | Actual Aggregated,2026-06-27T15:47:42Z
2026-06-27T15:46:33Z,2026-06-27T17:46:33+0200,4e541c53-98a3-4782-9d6d-b4c701b81d28,2026-06-07T00:30:00Z,2026-06-07T02:30:00+0200,702.5,MW,FR,FR,actual_offshore_wind_generation,Wind Offshore | Actual Aggregated,2026-06-27T15:47:42Z
2026-06-27T15:46:33Z,2026-06-27T17:46:33+0200,4e541c53-98a3-4782-9d6d-b4c701b81d28,2026-06-07T00:45:00Z,2026-06-07T02:45:00+0200,675.49,MW,FR,FR,actual_offshore_wind_generation,Wind Offshore | Actual Aggregated,2026-06-27T15:47:42Z
2026-06-27T15:46:33Z,2026-06-27T17:46:33+0200,4e541c53-98a3-4782-9d6d-b4c701b81d28,2026-06-07T01:00:00Z,2026-06-07T03:00:00+0200,675.6,MW,FR,FR,actual_offshore_wind_generation,Wind Offshore | Actual Aggregated,2026-06-27T15:47:42Z
2026-06-27T15:46:33Z,2026-06-27T17:46:33+0200,4e541c53-98a3-4782-9d6d-b4c701b81d28,2026-06-07T01:15:00Z,2026-06-07T03:15:00+0200,629.36,MW,FR,FR,actual_offshore_wind_generation,Wind Offshore | Actual Aggregated,2026-06-27T15:47:42Z
2026-06-27T15:46:33Z,2026-06-27T17:46:33+0200,4e541c53-98a3-4782-9d6d-b4c701b81d28,2026-06-07T01:30:00Z,2026-06-07T03:30:00+0200,665.77,MW,FR,FR,actual_offshore_wind_generation,Wind Offshore | Actual Aggregated,2026-06-27T15:47:42Z
2026-06-27T15:46:33Z,2026-06-27T17:46:33+0200,4e541c53-98a3-4782-9d6d-b4c701b81d28,2026-06-07T01:45:00Z,2026-06-07T03:45:00+0200,684.41,MW,FR,FR,actual_offshore_wind_generation,Wind Offshore | Actual Aggregated,2026-06-27T15:47:42Z
2026-06-27T15:46:33Z,2026-06-27T17:46:33+0200,4e541c53-98a3-4782-9d6d-b4c701b81d28,2026-06-07T02:00:00Z,2026-06-07T04:00:00+0200,630.97,MW,FR,FR,actual_offshore_wind_generation,Wind Offshore | Actual Aggregated,2026-06-27T15:47:42Z
2026-06-27T15:46:33Z,2026-06-27T17:46:33+0200,4e541c53-98a3-4782-9d6d-b4c701b81d28,2026-06-07T02:15:00Z,2026-06-07T04:15:00+0200,573.56,MW,FR,FR,actual_offshore_wind_generation,Wind Offshore | Actual Aggregated,2026-06-27T15:47:42Z
2026-06-27T15:46:33Z,2026-06-27T17:46:33+0200,4e541c53-98a3-4782-9d6d-b4c701b81d28,2026-06-07T02:30:00Z,2026-06-07T04:30:00+0200,507.35,MW,FR,FR,actual_offshore_wind_generation,Wind Offshore | Actual Aggregated,2026-06-27T15:47:42Z
2026-06-27T15:46:33Z,2026-06-27T17:46:33+0200,4e541c53-98a3-4782-9d6d-b4c701b81d28,2026-06-07T02:45:00Z,2026-06-07T04:45:00+0200,516.97,MW,FR,FR,actual_offshore_wind_generation,Wind Offshore | Actual Aggregated,2026-06-27T15:47:42Z
2026-06-27T15:46:33Z,2026-06-27T17:46:33+0200,4e541c53-98a3-4782-9d6d-b4c701b81d28,2026-06-07T03:00:00Z,2026-06-07T05:00:00+0200,538.25,MW,FR,FR,actual_offshore_wind_generation,Wind Offshore | Actual Aggregated,2026-06-27T15:47:42Z
2026-06-27T15:46:33Z,2026-06-27T17:46:33+0200,4e541c53-98a3-4782-9d6d-b4c701b81d28,2026-06-07T03:15:00Z,2026-06-07T05:15:00+0200,502.39,MW,FR,FR,actual_offshore_wind_generation,Wind Offshore | Actual Aggregated,2026-06-27T15:47:42Z
2026-06-27T15:46:33Z,2026-06-27T17:46:33+0200,4e541c53-98a3-4782-9d6d-b4c701b81d28,2026-06-07T03:30:00Z,2026-06-07T05:30:00+0200,494.86,MW,FR,FR,actual_offshore_wind_generation,Wind Offshore | Actual Aggregated,2026-06-27T15:47:42Z
2026-06-27T15:46:33Z,2026-06-27T17:46:33+0200,4e541c53-98a3-4782-9d6d-b4c701b81d28,2026-06-07T03:45:00Z,2026-06-07T05:45:00+0200,411.95,MW,FR,FR,actual_offshore_wind_generation,Wind Offshore | Actual Aggregated,2026-06-27T15:47:42Z
2026-06-27T15:46:33Z,2026-06-27T17:46:33+0200,4e541c53-98a3-4782-9d6d-b4c701b81d28,2026-06-07T04:00:00Z,2026-06-07T06:00:00+0200,384.61,MW,FR,FR,actual_offshore_wind_generation,Wind Offshore | Actual Aggregated,2026-06-27T15:47:42Z
2026-06-27T15:46:33Z,2026-06-27T17:46:33+0200,4e541c53-98a3-4782-9d6d-b4c701b81d28,2026-06-07T04:15:00Z,2026-06-07T06:15:00+0200,353.31,MW,FR,FR,actual_offshore_wind_generation,Wind Offshore | Actual Aggregated,2026-06-27T15:47:42Z
2026-06-27T15:46:33Z,2026-06-27T17:46:33+0200,4e541c53-98a3-4782-9d6d-b4c701b81d28,2026-06-07T04:30:00Z,2026-06-07T06:30:00+0200,340.89,MW,FR,FR,actual_offshore_wind_generation,Wind Offshore | Actual Aggregated,2026-06-27T15:47:42Z
2026-06-27T15:46:33Z,2026-06-27T17:46:33+0200,4e541c53-98a3-4782-9d6d-b4c701b81d28,2026-06-07T04:45:00Z,2026-06-07T06:45:00+0200,323.11,MW,FR,FR,actual_offshore_wind_generation,Wind Offshore | Actual Aggregated,2026-06-27T15:47:42Z
2026-06-27T15:46:33Z,2026-06-27T17:46:33+0200,4e541c53-98a3-4782-9d6d-b4c701b81d28,2026-06-07T05:00:00Z,2026-06-07T07:00:00+0200,304.89,MW,FR,FR,actual_offshore_wind_generation,Wind Offshore | Actual Aggregated,2026-06-27T15:47:42Z
2026-06-27T15:46:33Z,2026-06-27T17:46:33+0200,4e541c53-98a3-4782-9d6d-b4c701b81d28,2026-06-07T05:15:00Z,2026-06-07T07:15:00+0200,339.32,MW,FR,FR,actual_offshore_wind_generation,Wind Offshore | Actual Aggregated,2026-06-27T15:47:42Z
2026-06-27T15:46:33Z,2026-06-27T17:46:33+0200,4e541c53-98a3-4782-9d6d-b4c701b81d28,2026-06-07T05:30:00Z,2026-06-07T07:30:00+0200,339.7,MW,FR,FR,actual_offshore_wind_generation,Wind Offshore | Actual Aggregated,2026-06-27T15:47:42Z
2026-06-27T15:46:33Z,2026-06-27T17:46:33+0200,4e541c53-98a3-4782-9d6d-b4c701b81d28,2026-06-07T05:45:00Z,2026-06-07T07:45:00+0200,377.02,MW,FR,FR,actual_offshore_wind_generation,Wind Offshore | Actual Aggregated,2026-06-27T15:47:42Z
2026-06-27T15:46:33Z,2026-06-27T17:46:33+0200,4e541c53-98a3-4782-9d6d-b4c701b81d28,2026-06-07T06:00:00Z,2026-06-07T08:00:00+0200,398.07,MW,FR,FR,actual_offshore_wind_generation,Wind Offshore | Actual Aggregated,2026-06-27T15:47:42Z
2026-06-27T15:46:33Z,2026-06-27T17:46:33+0200,4e541c53-98a3-4782-9d6d-b4c701b81d28,2026-06-07T06:15:00Z,2026-06-07T08:15:00+0200,313.22,MW,FR,FR,actual_offshore_wind_generation,Wind Offshore | Actual Aggregated,2026-06-27T15:47:42Z
2026-06-27T15:46:33Z,2026-06-27T17:46:33+0200,4e541c53-98a3-4782-9d6d-b4c701b81d28,2026-06-07T06:30:00Z,2026-06-07T08:30:00+0200,140.2,MW,FR,FR,actual_offshore_wind_generation,Wind Offshore | Actual Aggregated,2026-06-27T15:47:42Z
2026-06-27T15:46:33Z,2026-06-27T17:46:33+0200,4e541c53-98a3-4782-9d6d-b4c701b81d28,2026-06-07T06:45:00Z,2026-06-07T08:45:00+0200,66.66,MW,FR,FR,actual_offshore_wind_generation,Wind Offshore | Actual Aggregated,2026-06-27T15:47:42Z
2026-06-27T15:46:33Z,2026-06-27T17:46:33+0200,4e541c53-98a3-4782-9d6d-b4c701b81d28,2026-06-07T07:00:00Z,2026-06-07T09:00:00+0200,65.38,MW,FR,FR,actual_offshore_wind_generation,Wind Offshore | Actual Aggregated,2026-06-27T15:47:42Z
2026-06-27T15:46:33Z,2026-06-27T17:46:33+0200,4e541c53-98a3-4782-9d6d-b4c701b81d28,2026-06-07T07:15:00Z,2026-06-07T09:15:00+0200,62.48,MW,FR,FR,actual_offshore_wind_generation,Wind Offshore | Actual Aggregated,2026-06-27T15:47:42Z
2026-06-27T15:46:33Z,2026-06-27T17:46:33+0200,4e541c53-98a3-4782-9d6d-b4c701b81d28,2026-06-07T07:30:00Z,2026-06-07T09:30:00+0200,59.64,MW,FR,FR,actual_offshore_wind_generation,Wind Offshore | Actual Aggregated,2026-06-27T15:47:42Z
2026-06-27T15:46:33Z,2026-06-27T17:46:33+0200,4e541c53-98a3-4782-9d6d-b4c701b81d28,2026-06-07T07:45:00Z,2026-06-07T09:45:00+0200,58.52,MW,FR,FR,actual_offshore_wind_generation,Wind Offshore | Actual Aggregated,2026-06-27T15:47:42Z
2026-06-27T15:46:33Z,2026-06-27T17:46:33+0200,4e541c53-98a3-4782-9d6d-b4c701b81d28,2026-06-07T08:00:00Z,2026-06-07T10:00:00+0200,57.3,MW,FR,FR,actual_offshore_wind_generation,Wind Offshore | Actual Aggregated,2026-06-27T15:47:42Z
2026-06-27T15:46:33Z,2026-06-27T17:46:33+0200,4e541c53-98a3-4782-9d6d-b4c701b81d28,2026-06-07T08:15:00Z,2026-06-07T10:15:00+0200,55.51,MW,FR,FR,actual_offshore_wind_generation,Wind Offshore | Actual Aggregated,2026-06-27T15:47:42Z
2026-06-27T15:46:33Z,2026-06-27T17:46:33+0200,4e541c53-98a3-4782-9d6d-b4c701b81d28,2026-06-07T08:30:00Z,2026-06-07T10:30:00+0200,54.41,MW,FR,FR,actual_offshore_wind_generation,Wind Offshore | Actual Aggregated,2026-06-27T15:47:42Z
2026-06-27T15:46:33Z,2026-06-27T17:46:33+0200,4e541c53-98a3-4782-9d6d-b4c701b81d28,2026-06-07T08:45:00Z,2026-06-07T10:45:00+0200,55.77,MW,FR,FR,actual_offshore_wind_generation,Wind Offshore | Actual Aggregated,2026-06-27T15:47:42Z
2026-06-27T15:46:33Z,2026-06-27T17:46:33+0200,4e541c53-98a3-4782-9d6d-b4c701b81d28,2026-06-07T09:00:00Z,2026-06-07T11:00:00+0200,58.03,MW,FR,FR,actual_offshore_wind_generation,Wind Offshore | Actual Aggregated,2026-06-27T15:47:42Z
2026-06-27T15:46:33Z,2026-06-27T17:46:33+0200,4e541c53-98a3-4782-9d6d-b4c701b81d28,2026-06-07T09:15:00Z,2026-06-07T11:15:00+0200,58.51,MW,FR,FR,actual_offshore_wind_generation,Wind Offshore | Actual Aggregated,2026-06-27T15:47:42Z
2026-06-27T15:46:33Z,2026-06-27T17:46:33+0200,4e541c53-98a3-4782-9d6d-b4c701b81d28,2026-06-07T09:30:00Z,2026-06-07T11:30:00+0200,62.74,MW,FR,FR,actual_offshore_wind_generation,Wind Offshore | Actual Aggregated,2026-06-27T15:47:42Z
2026-06-27T15:46:33Z,2026-06-27T17:46:33+0200,4e541c53-98a3-4782-9d6d-b4c701b81d28,2026-06-07T09:45:00Z,2026-06-07T11:45:00+0200,65.49,MW,FR,FR,actual_offshore_wind_generation,Wind Offshore | Actual Aggregated,2026-06-27T15:47:42Z
2026-06-27T15:46:33Z,2026-06-27T17:46:33+0200,4e541c53-98a3-4782-9d6d-b4c701b81d28,2026-06-07T10:00:00Z,2026-06-07T12:00:00+0200,63.66,MW,FR,FR,actual_offshore_wind_generation,Wind Offshore | Actual Aggregated,2026-06-27T15:47:42Z
2026-06-27T15:46:33Z,2026-06-27T17:46:33+0200,4e541c53-98a3-4782-9d6d-b4c701b81d28,2026-06-07T10:15:00Z,2026-06-07T12:15:00+0200,56.78,MW,FR,FR,actual_offshore_wind_generation,Wind Offshore | Actual Aggregated,2026-06-27T15:47:42Z
2026-06-27T15:46:33Z,2026-06-27T17:46:33+0200,4e541c53-98a3-4782-9d6d-b4c701b81d28,2026-06-07T10:30:00Z,2026-06-07T12:30:00+0200,49.09,MW,FR,FR,actual_offshore_wind_generation,Wind Offshore | Actual Aggregated,2026-06-27T15:47:42Z
2026-06-27T15:46:33Z,2026-06-27T17:46:33+0200,4e541c53-98a3-4782-9d6d-b4c701b81d28,2026-06-07T10:45:00Z,2026-06-07T12:45:00+0200,40.69,MW,FR,FR,actual_offshore_wind_generation,Wind Offshore | Actual Aggregated,2026-06-27T15:47:42Z
2026-06-27T15:46:33Z,2026-06-27T17:46:33+0200,4e541c53-98a3-4782-9d6d-b4c701b81d28,2026-06-07T11:00:00Z,2026-06-07T13:00:00+0200,29.48,MW,FR,FR,actual_offshore_wind_generation,Wind Offshore | Actual Aggregated,2026-06-27T15:47:42Z
2026-06-27T15:46:33Z,2026-06-27T17:46:33+0200,4e541c53-98a3-4782-9d6d-b4c701b81d28,2026-06-07T11:15:00Z,2026-06-07T13:15:00+0200,24.32,MW,FR,FR,actual_offshore_wind_generation,Wind Offshore | Actual Aggregated,2026-06-27T15:47:42Z
2026-06-27T15:46:33Z,2026-06-27T17:46:33+0200,4e541c53-98a3-4782-9d6d-b4c701b81d28,2026-06-07T11:30:00Z,2026-06-07T13:30:00+0200,22.62,MW,FR,FR,actual_offshore_wind_generation,Wind Offshore | Actual Aggregated,2026-06-27T15:47:42Z
2026-06-27T15:46:33Z,2026-06-27T17:46:33+0200,4e541c53-98a3-4782-9d6d-b4c701b81d28,2026-06-07T11:45:00Z,2026-06-07T13:45:00+0200,24.28,MW,FR,FR,actual_offshore_wind_generation,Wind Offshore | Actual Aggregated,2026-06-27T15:47:42Z
2026-06-27T15:46:33Z,2026-06-27T17:46:33+0200,4e541c53-98a3-4782-9d6d-b4c701b81d28,2026-06-07T12:00:00Z,2026-06-07T14:00:00+0200,23.71,MW,FR,FR,actual_offshore_wind_generation,Wind Offshore | Actual Aggregated,2026-06-27T15:47:42Z
2026-06-27T15:46:33Z,2026-06-27T17:46:33+0200,4e541c53-98a3-4782-9d6d-b4c701b81d28,2026-06-07T12:15:00Z,2026-06-07T14:15:00+0200,22.81,MW,FR,FR,actual_offshore_wind_generation,Wind Offshore | Actual Aggregated,2026-06-27T15:47:42Z
2026-06-27T15:46:33Z,2026-06-27T17:46:33+0200,4e541c53-98a3-4782-9d6d-b4c701b81d28,2026-06-07T12:30:00Z,2026-06-07T14:30:00+0200,23.43,MW,FR,FR,actual_offshore_wind_generation,Wind Offshore | Actual Aggregated,2026-06-27T15:47:42Z
2026-06-27T15:46:33Z,2026-06-27T17:46:33+0200,4e541c53-98a3-4782-9d6d-b4c701b81d28,2026-06-07T12:45:00Z,2026-06-07T14:45:00+0200,21.52,MW,FR,FR,actual_offshore_wind_generation,Wind Offshore | Actual Aggregated,2026-06-27T15:47:42Z
2026-06-27T15:46:33Z,2026-06-27T17:46:33+0200,4e541c53-98a3-4782-9d6d-b4c701b81d28,2026-06-07T13:00:00Z,2026-06-07T15:00:00+0200,21.41,MW,FR,FR,actual_offshore_wind_generation,Wind Offshore | Actual Aggregated,2026-06-27T15:47:42Z
2026-06-27T15:46:33Z,2026-06-27T17:46:33+0200,4e541c53-98a3-4782-9d6d-b4c701b81d28,2026-06-07T13:15:00Z,2026-06-07T15:15:00+0200,29.49,MW,FR,FR,actual_offshore_wind_generation,Wind Offshore | Actual Aggregated,2026-06-27T15:47:42Z
2026-06-27T15:46:33Z,2026-06-27T17:46:33+0200,4e541c53-98a3-4782-9d6d-b4c701b81d28,2026-06-07T13:30:00Z,2026-06-07T15:30:00+0200,41.18,MW,FR,FR,actual_offshore_wind_generation,Wind Offshore | Actual Aggregated,2026-06-27T15:47:42Z
2026-06-27T15:46:33Z,2026-06-27T17:46:33+0200,4e541c53-98a3-4782-9d6d-b4c701b81d28,2026-06-07T13:45:00Z,2026-06-07T15:45:00+0200,51.14,MW,FR,FR,actual_offshore_wind_generation,Wind Offshore | Actual Aggregated,2026-06-27T15:47:42Z
2026-06-27T15:46:33Z,2026-06-27T17:46:33+0200,4e541c53-98a3-4782-9d6d-b4c701b81d28,2026-06-07T14:00:00Z,2026-06-07T16:00:00+0200,49.32,MW,FR,FR,actual_offshore_wind_generation,Wind Offshore | Actual Aggregated,2026-06-27T15:47:42Z
2026-06-27T15:46:33Z,2026-06-27T17:46:33+0200,4e541c53-98a3-4782-9d6d-b4c701b81d28,2026-06-07T14:15:00Z,2026-06-07T16:15:00+0200,52.89,MW,FR,FR,actual_offshore_wind_generation,Wind Offshore | Actual Aggregated,2026-06-27T15:47:42Z
2026-06-27T15:46:33Z,2026-06-27T17:46:33+0200,4e541c53-98a3-4782-9d6d-b4c701b81d28,2026-06-07T14:30:00Z,2026-06-07T16:30:00+0200,63.91,MW,FR,FR,actual_offshore_wind_generation,Wind Offshore | Actual Aggregated,2026-06-27T15:47:42Z
2026-06-27T15:46:33Z,2026-06-27T17:46:33+0200,4e541c53-98a3-4782-9d6d-b4c701b81d28,2026-06-07T14:45:00Z,2026-06-07T16:45:00+0200,78.96,MW,FR,FR,actual_offshore_wind_generation,Wind Offshore | Actual Aggregated,2026-06-27T15:47:42Z
2026-06-27T15:46:33Z,2026-06-27T17:46:33+0200,4e541c53-98a3-4782-9d6d-b4c701b81d28,2026-06-07T15:00:00Z,2026-06-07T17:00:00+0200,59.92,MW,FR,FR,actual_offshore_wind_generation,Wind Offshore | Actual Aggregated,2026-06-27T15:47:42Z
2026-06-27T15:46:33Z,2026-06-27T17:46:33+0200,4e541c53-98a3-4782-9d6d-b4c701b81d28,2026-06-07T15:15:00Z,2026-06-07T17:15:00+0200,34.23,MW,FR,FR,actual_offshore_wind_generation,Wind Offshore | Actual Aggregated,2026-06-27T15:47:42Z
2026-06-27T15:46:33Z,2026-06-27T17:46:33+0200,4e541c53-98a3-4782-9d6d-b4c701b81d28,2026-06-07T15:30:00Z,2026-06-07T17:30:00+0200,19.63,MW,FR,FR,actual_offshore_wind_generation,Wind Offshore | Actual Aggregated,2026-06-27T15:47:42Z
2026-06-27T15:46:33Z,2026-06-27T17:46:33+0200,4e541c53-98a3-4782-9d6d-b4c701b81d28,2026-06-07T15:45:00Z,2026-06-07T17:45:00+0200,14.97,MW,FR,FR,actual_offshore_wind_generation,Wind Offshore | Actual Aggregated,2026-06-27T15:47:42Z
2026-06-27T15:46:33Z,2026-06-27T17:46:33+0200,4e541c53-98a3-4782-9d6d-b4c701b81d28,2026-06-07T16:00:00Z,2026-06-07T18:00:00+0200,12.19,MW,FR,FR,actual_offshore_wind_generation,Wind Offshore | Actual Aggregated,2026-06-27T15:47:42Z
2026-06-27T15:46:33Z,2026-06-27T17:46:33+0200,4e541c53-98a3-4782-9d6d-b4c701b81d28,2026-06-07T16:15:00Z,2026-06-07T18:15:00+0200,11.82,MW,FR,FR,actual_offshore_wind_generation,Wind Offshore | Actual Aggregated,2026-06-27T15:47:42Z
2026-06-27T15:46:33Z,2026-06-27T17:46:33+0200,4e541c53-98a3-4782-9d6d-b4c701b81d28,2026-06-07T16:30:00Z,2026-06-07T18:30:00+0200,17.41,MW,FR,FR,actual_offshore_wind_generation,Wind Offshore | Actual Aggregated,2026-06-27T15:47:42Z
2026-06-27T15:46:33Z,2026-06-27T17:46:33+0200,4e541c53-98a3-4782-9d6d-b4c701b81d28,2026-06-07T16:45:00Z,2026-06-07T18:45:00+0200,37.59,MW,FR,FR,actual_offshore_wind_generation,Wind Offshore | Actual Aggregated,2026-06-27T15:47:42Z
2026-06-27T15:46:33Z,2026-06-27T17:46:33+0200,4e541c53-98a3-4782-9d6d-b4c701b81d28,2026-06-07T17:00:00Z,2026-06-07T19:00:00+0200,74.03,MW,FR,FR,actual_offshore_wind_generation,Wind Offshore | Actual Aggregated,2026-06-27T15:47:42Z
2026-06-27T15:46:33Z,2026-06-27T17:46:33+0200,4e541c53-98a3-4782-9d6d-b4c701b81d28,2026-06-07T17:15:00Z,2026-06-07T19:15:00+0200,86.47,MW,FR,FR,actual_offshore_wind_generation,Wind Offshore | Actual Aggregated,2026-06-27T15:47:42Z
2026-06-27T15:46:33Z,2026-06-27T17:46:33+0200,4e541c53-98a3-4782-9d6d-b4c701b81d28,2026-06-07T17:30:00Z,2026-06-07T19:30:00+0200,101.34,MW,FR,FR,actual_offshore_wind_generation,Wind Offshore | Actual Aggregated,2026-06-27T15:47:42Z
2026-06-27T15:46:33Z,2026-06-27T17:46:33+0200,4e541c53-98a3-4782-9d6d-b4c701b81d28,2026-06-07T17:45:00Z,2026-06-07T19:45:00+0200,112.1,MW,FR,FR,actual_offshore_wind_generation,Wind Offshore | Actual Aggregated,2026-06-27T15:47:42Z
2026-06-27T15:46:33Z,2026-06-27T17:46:33+0200,4e541c53-98a3-4782-9d6d-b4c701b81d28,2026-06-07T18:00:00Z,2026-06-07T20:00:00+0200,133.24,MW,FR,FR,actual_offshore_wind_generation,Wind Offshore | Actual Aggregated,2026-06-27T15:47:42Z
2026-06-27T15:46:33Z,2026-06-27T17:46:33+0200,4e541c53-98a3-4782-9d6d-b4c701b81d28,2026-06-07T18:15:00Z,2026-06-07T20:15:00+0200,130.19,MW,FR,FR,actual_offshore_wind_generation,Wind Offshore | Actual Aggregated,2026-06-27T15:47:42Z
2026-06-27T15:46:33Z,2026-06-27T17:46:33+0200,4e541c53-98a3-4782-9d6d-b4c701b81d28,2026-06-07T18:30:00Z,2026-06-07T20:30:00+0200,122.38,MW,FR,FR,actual_offshore_wind_generation,Wind Offshore | Actual Aggregated,2026-06-27T15:47:42Z
2026-06-27T15:46:33Z,2026-06-27T17:46:33+0200,4e541c53-98a3-4782-9d6d-b4c701b81d28,2026-06-07T18:45:00Z,2026-06-07T20:45:00+0200,102.13,MW,FR,FR,actual_offshore_wind_generation,Wind Offshore | Actual Aggregated,2026-06-27T15:47:42Z
2026-06-27T15:46:33Z,2026-06-27T17:46:33+0200,4e541c53-98a3-4782-9d6d-b4c701b81d28,2026-06-07T19:00:00Z,2026-06-07T21:00:00+0200,116.61,MW,FR,FR,actual_offshore_wind_generation,Wind Offshore | Actual Aggregated,2026-06-27T15:47:42Z
2026-06-27T15:46:33Z,2026-06-27T17:46:33+0200,4e541c53-98a3-4782-9d6d-b4c701b81d28,2026-06-07T19:15:00Z,2026-06-07T21:15:00+0200,125.12,MW,FR,FR,actual_offshore_wind_generation,Wind Offshore | Actual Aggregated,2026-06-27T15:47:42Z
2026-06-27T15:46:33Z,2026-06-27T17:46:33+0200,4e541c53-98a3-4782-9d6d-b4c701b81d28,2026-06-07T19:30:00Z,2026-06-07T21:30:00+0200,71.92,MW,FR,FR,actual_offshore_wind_generation,Wind Offshore | Actual Aggregated,2026-06-27T15:47:42Z
2026-06-27T15:46:33Z,2026-06-27T17:46:33+0200,4e541c53-98a3-4782-9d6d-b4c701b81d28,2026-06-07T19:45:00Z,2026-06-07T21:45:00+0200,49.67,MW,FR,FR,actual_offshore_wind_generation,Wind Offshore | Actual Aggregated,2026-06-27T15:47:42Z
2026-06-27T15:46:33Z,2026-06-27T17:46:33+0200,4e541c53-98a3-4782-9d6d-b4c701b81d28,2026-06-07T20:00:00Z,2026-06-07T22:00:00+0200,49.67,MW,FR,FR,actual_offshore_wind_generation,Wind Offshore | Actual Aggregated,2026-06-27T15:47:42Z
2026-06-27T15:46:33Z,2026-06-27T17:46:33+0200,4e541c53-98a3-4782-9d6d-b4c701b81d28,2026-06-07T20:15:00Z,2026-06-07T22:15:00+0200,49.53,MW,FR,FR,actual_offshore_wind_generation,Wind Offshore | Actual Aggregated,2026-06-27T15:47:42Z
2026-06-27T15:46:33Z,2026-06-27T17:46:33+0200,4e541c53-98a3-4782-9d6d-b4c701b81d28,2026-06-07T20:30:00Z,2026-06-07T22:30:00+0200,77.03,MW,FR,FR,actual_offshore_wind_generation,Wind Offshore | Actual Aggregated,2026-06-27T15:47:42Z
2026-06-27T15:46:33Z,2026-06-27T17:46:33+0200,4e541c53-98a3-4782-9d6d-b4c701b81d28,2026-06-07T20:45:00Z,2026-06-07T22:45:00+0200,106.65,MW,FR,FR,actual_offshore_wind_generation,Wind Offshore | Actual Aggregated,2026-06-27T15:47:42Z
2026-06-27T15:46:33Z,2026-06-27T17:46:33+0200,4e541c53-98a3-4782-9d6d-b4c701b81d28,2026-06-07T21:00:00Z,2026-06-07T23:00:00+0200,124.23,MW,FR,FR,actual_offshore_wind_generation,Wind Offshore | Actual Aggregated,2026-06-27T15:47:42Z
2026-06-27T15:46:33Z,2026-06-27T17:46:33+0200,4e541c53-98a3-4782-9d6d-b4c701b81d28,2026-06-07T21:15:00Z,2026-06-07T23:15:00+0200,118.78,MW,FR,FR,actual_offshore_wind_generation,Wind Offshore | Actual Aggregated,2026-06-27T15:47:42Z
2026-06-27T15:46:33Z,2026-06-27T17:46:33+0200,4e541c53-98a3-4782-9d6d-b4c701b81d28,2026-06-07T21:30:00Z,2026-06-07T23:30:00+0200,109.13,MW,FR,FR,actual_offshore_wind_generation,Wind Offshore | Actual Aggregated,2026-06-27T15:47:42Z
2026-06-27T15:46:33Z,2026-06-27T17:46:33+0200,4e541c53-98a3-4782-9d6d-b4c701b81d28,2026-06-07T21:45:00Z,2026-06-07T23:45:00+0200,98.06,MW,FR,FR,actual_offshore_wind_generation,Wind Offshore | Actual Aggregated,2026-06-27T15:47:42Z
2026-06-27T15:46:33Z,2026-06-27T17:46:33+0200,4e541c53-98a3-4782-9d6d-b4c701b81d28,2026-06-07T22:00:00Z,2026-06-08T00:00:00+0200,114.52,MW,FR,FR,actual_offshore_wind_generation,Wind Offshore | Actual Aggregated,2026-06-27T15:47:42Z
2026-06-27T15:46:33Z,2026-06-27T17:46:33+0200,4e541c53-98a3-4782-9d6d-b4c701b81d28,2026-06-07T22:15:00Z,2026-06-08T00:15:00+0200,120.12,MW,FR,FR,actual_offshore_wind_generation,Wind Offshore | Actual Aggregated,2026-06-27T15:47:42Z
2026-06-27T15:46:33Z,2026-06-27T17:46:33+0200,4e541c53-98a3-4782-9d6d-b4c701b81d28,2026-06-07T22:30:00Z,2026-06-08T00:30:00+0200,117.46,MW,FR,FR,actual_offshore_wind_generation,Wind Offshore | Actual Aggregated,2026-06-27T15:47:42Z
2026-06-27T15:46:33Z,2026-06-27T17:46:33+0200,4e541c53-98a3-4782-9d6d-b4c701b81d28,2026-06-07T22:45:00Z,2026-06-08T00:45:00+0200,126.29,MW,FR,FR,actual_offshore_wind_generation,Wind Offshore | Actual Aggregated,2026-06-27T15:47:42Z
2026-06-27T15:46:33Z,2026-06-27T17:46:33+0200,4e541c53-98a3-4782-9d6d-b4c701b81d28,2026-06-07T23:00:00Z,2026-06-08T01:00:00+0200,132.61,MW,FR,FR,actual_offshore_wind_generation,Wind Offshore | Actual Aggregated,2026-06-27T15:47:42Z
2026-06-27T15:46:33Z,2026-06-27T17:46:33+0200,4e541c53-98a3-4782-9d6d-b4c701b81d28,2026-06-07T23:15:00Z,2026-06-08T01:15:00+0200,138.43,MW,FR,FR,actual_offshore_wind_generation,Wind Offshore | Actual Aggregated,2026-06-27T15:47:42Z
2026-06-27T15:46:33Z,2026-06-27T17:46:33+0200,4e541c53-98a3-4782-9d6d-b4c701b81d28,2026-06-07T23:30:00Z,2026-06-08T01:30:00+0200,160.93,MW,FR,FR,actual_offshore_wind_generation,Wind Offshore | Actual Aggregated,2026-06-27T15:47:42Z
2026-06-27T15:46:33Z,2026-06-27T17:46:33+0200,4e541c53-98a3-4782-9d6d-b4c701b81d28,2026-06-07T23:45:00Z,2026-06-08T01:45:00+0200,158.28,MW,FR,FR,actual_offshore_wind_generation,Wind Offshore | Actual Aggregated,2026-06-27T15:47:42Z
2026-06-27T15:46:33Z,2026-06-27T17:46:33+0200,4e541c53-98a3-4782-9d6d-b4c701b81d28,2026-06-08T00:00:00Z,2026-06-08T02:00:00+0200,168.18,MW,FR,FR,actual_offshore_wind_generation,Wind Offshore | Actual Aggregated,2026-06-27T15:47:42Z
2026-06-27T15:46:33Z,2026-06-27T17:46:33+0200,4e541c53-98a3-4782-9d6d-b4c701b81d28,2026-06-08T00:15:00Z,2026-06-08T02:15:00+0200,236.75,MW,FR,FR,actual_offshore_wind_generation,Wind Offshore | Actual Aggregated,2026-06-27T15:47:42Z
2026-06-27T15:46:33Z,2026-06-27T17:46:33+0200,4e541c53-98a3-4782-9d6d-b4c701b81d28,2026-06-08T00:30:00Z,2026-06-08T02:30:00+0200,284.5,MW,FR,FR,actual_offshore_wind_generation,Wind Offshore | Actual Aggregated,2026-06-27T15:47:42Z
2026-06-27T15:46:33Z,2026-06-27T17:46:33+0200,4e541c53-98a3-4782-9d6d-b4c701b81d28,2026-06-08T00:45:00Z,2026-06-08T02:45:00+0200,324.48,MW,FR,FR,actual_offshore_wind_generation,Wind Offshore | Actual Aggregated,2026-06-27T15:47:42Z
2026-06-27T15:46:33Z,2026-06-27T17:46:33+0200,4e541c53-98a3-4782-9d6d-b4c701b81d28,2026-06-08T01:00:00Z,2026-06-08T03:00:00+0200,277.8,MW,FR,FR,actual_offshore_wind_generation,Wind Offshore | Actual Aggregated,2026-06-27T15:47:42Z
2026-06-27T15:46:33Z,2026-06-27T17:46:33+0200,4e541c53-98a3-4782-9d6d-b4c701b81d28,2026-06-08T01:15:00Z,2026-06-08T03:15:00+0200,242.04,MW,FR,FR,actual_offshore_wind_generation,Wind Offshore | Actual Aggregated,2026-06-27T15:47:42Z
2026-06-27T15:46:33Z,2026-06-27T17:46:33+0200,4e541c53-98a3-4782-9d6d-b4c701b81d28,2026-06-08T01:30:00Z,2026-06-08T03:30:00+0200,216.42,MW,FR,FR,actual_offshore_wind_generation,Wind Offshore | Actual Aggregated,2026-06-27T15:47:42Z
2026-06-27T15:46:33Z,2026-06-27T17:46:33+0200,4e541c53-98a3-4782-9d6d-b4c701b81d28,2026-06-08T01:45:00Z,2026-06-08T03:45:00+0200,184.19,MW,FR,FR,actual_offshore_wind_generation,Wind Offshore | Actual Aggregated,2026-06-27T15:47:42Z
2026-06-27T15:46:33Z,2026-06-27T17:46:33+0200,4e541c53-98a3-4782-9d6d-b4c701b81d28,2026-06-08T02:00:00Z,2026-06-08T04:00:00+0200,172.92,MW,FR,FR,actual_offshore_wind_generation,Wind Offshore | Actual Aggregated,2026-06-27T15:47:42Z
2026-06-27T15:46:33Z,2026-06-27T17:46:33+0200,4e541c53-98a3-4782-9d6d-b4c701b81d28,2026-06-08T02:15:00Z,2026-06-08T04:15:00+0200,192.99,MW,FR,FR,actual_offshore_wind_generation,Wind Offshore | Actual Aggregated,2026-06-27T15:47:42Z
2026-06-27T15:46:33Z,2026-06-27T17:46:33+0200,4e541c53-98a3-4782-9d6d-b4c701b81d28,2026-06-08T02:30:00Z,2026-06-08T04:30:00+0200,209.59,MW,FR,FR,actual_offshore_wind_generation,Wind Offshore | Actual Aggregated,2026-06-27T15:47:42Z
2026-06-27T15:46:33Z,2026-06-27T17:46:33+0200,4e541c53-98a3-4782-9d6d-b4c701b81d28,2026-06-08T02:45:00Z,2026-06-08T04:45:00+0200,218.86,MW,FR,FR,actual_offshore_wind_generation,Wind Offshore | Actual Aggregated,2026-06-27T15:47:42Z
2026-06-27T15:46:33Z,2026-06-27T17:46:33+0200,4e541c53-98a3-4782-9d6d-b4c701b81d28,2026-06-08T03:00:00Z,2026-06-08T05:00:00+0200,195.81,MW,FR,FR,actual_offshore_wind_generation,Wind Offshore | Actual Aggregated,2026-06-27T15:47:42Z
2026-06-27T15:46:33Z,2026-06-27T17:46:33+0200,4e541c53-98a3-4782-9d6d-b4c701b81d28,2026-06-08T03:15:00Z,2026-06-08T05:15:00+0200,264.96,MW,FR,FR,actual_offshore_wind_generation,Wind Offshore | Actual Aggregated,2026-06-27T15:47:42Z
2026-06-27T15:46:33Z,2026-06-27T17:46:33+0200,4e541c53-98a3-4782-9d6d-b4c701b81d28,2026-06-08T03:30:00Z,2026-06-08T05:30:00+0200,269.31,MW,FR,FR,actual_offshore_wind_generation,Wind Offshore | Actual Aggregated,2026-06-27T15:47:42Z
2026-06-27T15:46:33Z,2026-06-27T17:46:33+0200,4e541c53-98a3-4782-9d6d-b4c701b81d28,2026-06-08T03:45:00Z,2026-06-08T05:45:00+0200,223.38,MW,FR,FR,actual_offshore_wind_generation,Wind Offshore | Actual Aggregated,2026-06-27T15:47:42Z
2026-06-27T15:46:33Z,2026-06-27T17:46:33+0200,4e541c53-98a3-4782-9d6d-b4c701b81d28,2026-06-08T04:00:00Z,2026-06-08T06:00:00+0200,226.93,MW,FR,FR,actual_offshore_wind_generation,Wind Offshore | Actual Aggregated,2026-06-27T15:47:42Z
2026-06-27T15:46:33Z,2026-06-27T17:46:33+0200,4e541c53-98a3-4782-9d6d-b4c701b81d28,2026-06-08T04:15:00Z,2026-06-08T06:15:00+0200,266.42,MW,FR,FR,actual_offshore_wind_generation,Wind Offshore | Actual Aggregated,2026-06-27T15:47:42Z
2026-06-27T15:46:33Z,2026-06-27T17:46:33+0200,4e541c53-98a3-4782-9d6d-b4c701b81d28,2026-06-08T04:30:00Z,2026-06-08T06:30:00+0200,301.92,MW,FR,FR,actual_offshore_wind_generation,Wind Offshore | Actual Aggregated,2026-06-27T15:47:42Z
2026-06-27T15:46:33Z,2026-06-27T17:46:33+0200,4e541c53-98a3-4782-9d6d-b4c701b81d28,2026-06-08T04:45:00Z,2026-06-08T06:45:00+0200,319.14,MW,FR,FR,actual_offshore_wind_generation,Wind Offshore | Actual Aggregated,2026-06-27T15:47:42Z
2026-06-27T15:46:33Z,2026-06-27T17:46:33+0200,4e541c53-98a3-4782-9d6d-b4c701b81d28,2026-06-08T05:00:00Z,2026-06-08T07:00:00+0200,332.33,MW,FR,FR,actual_offshore_wind_generation,Wind Offshore | Actual Aggregated,2026-06-27T15:47:42Z
2026-06-27T15:46:33Z,2026-06-27T17:46:33+0200,4e541c53-98a3-4782-9d6d-b4c701b81d28,2026-06-08T05:15:00Z,2026-06-08T07:15:00+0200,301.01,MW,FR,FR,actual_offshore_wind_generation,Wind Offshore | Actual Aggregated,2026-06-27T15:47:42Z
2026-06-27T15:46:33Z,2026-06-27T17:46:33+0200,4e541c53-98a3-4782-9d6d-b4c701b81d28,2026-06-08T05:30:00Z,2026-06-08T07:30:00+0200,318.32,MW,FR,FR,actual_offshore_wind_generation,Wind Offshore | Actual Aggregated,2026-06-27T15:47:42Z
2026-06-27T15:46:33Z,2026-06-27T17:46:33+0200,4e541c53-98a3-4782-9d6d-b4c701b81d28,2026-06-08T05:45:00Z,2026-06-08T07:45:00+0200,317.31,MW,FR,FR,actual_offshore_wind_generation,Wind Offshore | Actual Aggregated,2026-06-27T15:47:42Z
2026-06-27T15:46:33Z,2026-06-27T17:46:33+0200,4e541c53-98a3-4782-9d6d-b4c701b81d28,2026-06-08T06:00:00Z,2026-06-08T08:00:00+0200,342.11,MW,FR,FR,actual_offshore_wind_generation,Wind Offshore | Actual Aggregated,2026-06-27T15:47:42Z
2026-06-27T15:46:33Z,2026-06-27T17:46:33+0200,4e541c53-98a3-4782-9d6d-b4c701b81d28,2026-06-08T06:15:00Z,2026-06-08T08:15:00+0200,350.76,MW,FR,FR,actual_offshore_wind_generation,Wind Offshore | Actual Aggregated,2026-06-27T15:47:42Z
2026-06-27T15:46:33Z,2026-06-27T17:46:33+0200,4e541c53-98a3-4782-9d6d-b4c701b81d28,2026-06-08T06:30:00Z,2026-06-08T08:30:00+0200,351.1,MW,FR,FR,actual_offshore_wind_generation,Wind Offshore | Actual Aggregated,2026-06-27T15:47:42Z
2026-06-27T15:46:33Z,2026-06-27T17:46:33+0200,4e541c53-98a3-4782-9d6d-b4c701b81d28,2026-06-08T06:45:00Z,2026-06-08T08:45:00+0200,363.47,MW,FR,FR,actual_offshore_wind_generation,Wind Offshore | Actual Aggregated,2026-06-27T15:47:42Z
2026-06-27T15:46:33Z,2026-06-27T17:46:33+0200,4e541c53-98a3-4782-9d6d-b4c701b81d28,2026-06-08T07:00:00Z,2026-06-08T09:00:00+0200,443.11,MW,FR,FR,actual_offshore_wind_generation,Wind Offshore | Actual Aggregated,2026-06-27T15:47:42Z
2026-06-27T15:46:33Z,2026-06-27T17:46:33+0200,4e541c53-98a3-4782-9d6d-b4c701b81d28,2026-06-08T07:15:00Z,2026-06-08T09:15:00+0200,545.65,MW,FR,FR,actual_offshore_wind_generation,Wind Offshore | Actual Aggregated,2026-06-27T15:47:42Z
2026-06-27T15:46:33Z,2026-06-27T17:46:33+0200,4e541c53-98a3-4782-9d6d-b4c701b81d28,2026-06-08T07:30:00Z,2026-06-08T09:30:00+0200,596.78,MW,FR,FR,actual_offshore_wind_generation,Wind Offshore | Actual Aggregated,2026-06-27T15:47:42Z
2026-06-27T15:46:33Z,2026-06-27T17:46:33+0200,4e541c53-98a3-4782-9d6d-b4c701b81d28,2026-06-08T07:45:00Z,2026-06-08T09:45:00+0200,563.64,MW,FR,FR,actual_offshore_wind_generation,Wind Offshore | Actual Aggregated,2026-06-27T15:47:42Z
2026-06-27T15:46:33Z,2026-06-27T17:46:33+0200,4e541c53-98a3-4782-9d6d-b4c701b81d28,2026-06-08T08:00:00Z,2026-06-08T10:00:00+0200,566.3,MW,FR,FR,actual_offshore_wind_generation,Wind Offshore | Actual Aggregated,2026-06-27T15:47:42Z
2026-06-27T15:46:33Z,2026-06-27T17:46:33+0200,4e541c53-98a3-4782-9d6d-b4c701b81d28,2026-06-08T08:15:00Z,2026-06-08T10:15:00+0200,590.16,MW,FR,FR,actual_offshore_wind_generation,Wind Offshore | Actual Aggregated,2026-06-27T15:47:42Z
2026-06-27T15:46:33Z,2026-06-27T17:46:33+0200,4e541c53-98a3-4782-9d6d-b4c701b81d28,2026-06-08T08:30:00Z,2026-06-08T10:30:00+0200,681.36,MW,FR,FR,actual_offshore_wind_generation,Wind Offshore | Actual Aggregated,2026-06-27T15:47:42Z
2026-06-27T15:46:33Z,2026-06-27T17:46:33+0200,4e541c53-98a3-4782-9d6d-b4c701b81d28,2026-06-08T08:45:00Z,2026-06-08T10:45:00+0200,760.01,MW,FR,FR,actual_offshore_wind_generation,Wind Offshore | Actual Aggregated,2026-06-27T15:47:42Z
2026-06-27T15:46:33Z,2026-06-27T17:46:33+0200,4e541c53-98a3-4782-9d6d-b4c701b81d28,2026-06-08T09:00:00Z,2026-06-08T11:00:00+0200,807.38,MW,FR,FR,actual_offshore_wind_generation,Wind Offshore | Actual Aggregated,2026-06-27T15:47:42Z
2026-06-27T15:46:33Z,2026-06-27T17:46:33+0200,4e541c53-98a3-4782-9d6d-b4c701b81d28,2026-06-08T09:15:00Z,2026-06-08T11:15:00+0200,896.36,MW,FR,FR,actual_offshore_wind_generation,Wind Offshore | Actual Aggregated,2026-06-27T15:47:42Z
2026-06-27T15:46:33Z,2026-06-27T17:46:33+0200,4e541c53-98a3-4782-9d6d-b4c701b81d28,2026-06-08T09:30:00Z,2026-06-08T11:30:00+0200,996.73,MW,FR,FR,actual_offshore_wind_generation,Wind Offshore | Actual Aggregated,2026-06-27T15:47:42Z
2026-06-27T15:46:33Z,2026-06-27T17:46:33+0200,4e541c53-98a3-4782-9d6d-b4c701b81d28,2026-06-08T09:45:00Z,2026-06-08T11:45:00+0200,947.75,MW,FR,FR,actual_offshore_wind_generation,Wind Offshore | Actual Aggregated,2026-06-27T15:47:42Z
2026-06-27T15:46:33Z,2026-06-27T17:46:33+0200,4e541c53-98a3-4782-9d6d-b4c701b81d28,2026-06-08T10:00:00Z,2026-06-08T12:00:00+0200,947.71,MW,FR,FR,actual_offshore_wind_generation,Wind Offshore | Actual Aggregated,2026-06-27T15:47:42Z
2026-06-27T15:46:33Z,2026-06-27T17:46:33+0200,4e541c53-98a3-4782-9d6d-b4c701b81d28,2026-06-08T10:15:00Z,2026-06-08T12:15:00+0200,888.88,MW,FR,FR,actual_offshore_wind_generation,Wind Offshore | Actual Aggregated,2026-06-27T15:47:42Z
2026-06-27T15:46:33Z,2026-06-27T17:46:33+0200,4e541c53-98a3-4782-9d6d-b4c701b81d28,2026-06-08T10:30:00Z,2026-06-08T12:30:00+0200,736.07,MW,FR,FR,actual_offshore_wind_generation,Wind Offshore | Actual Aggregated,2026-06-27T15:47:42Z
2026-06-27T15:46:33Z,2026-06-27T17:46:33+0200,4e541c53-98a3-4782-9d6d-b4c701b81d28,2026-06-08T10:45:00Z,2026-06-08T12:45:00+0200,669.14,MW,FR,FR,actual_offshore_wind_generation,Wind Offshore | Actual Aggregated,2026-06-27T15:47:42Z
2026-06-27T15:46:33Z,2026-06-27T17:46:33+0200,4e541c53-98a3-4782-9d6d-b4c701b81d28,2026-06-08T11:00:00Z,2026-06-08T13:00:00+0200,724.53,MW,FR,FR,actual_offshore_wind_generation,Wind Offshore | Actual Aggregated,2026-06-27T15:47:42Z
2026-06-27T15:46:33Z,2026-06-27T17:46:33+0200,4e541c53-98a3-4782-9d6d-b4c701b81d28,2026-06-08T11:15:00Z,2026-06-08T13:15:00+0200,793.35,MW,FR,FR,actual_offshore_wind_generation,Wind Offshore | Actual Aggregated,2026-06-27T15:47:42Z
2026-06-27T15:46:33Z,2026-06-27T17:46:33+0200,4e541c53-98a3-4782-9d6d-b4c701b81d28,2026-06-08T11:30:00Z,2026-06-08T13:30:00+0200,839.51,MW,FR,FR,actual_offshore_wind_generation,Wind Offshore | Actual Aggregated,2026-06-27T15:47:42Z
2026-06-27T15:46:33Z,2026-06-27T17:46:33+0200,4e541c53-98a3-4782-9d6d-b4c701b81d28,2026-06-08T11:45:00Z,2026-06-08T13:45:00+0200,912.84,MW,FR,FR,actual_offshore_wind_generation,Wind Offshore | Actual Aggregated,2026-06-27T15:47:42Z
2026-06-27T15:46:33Z,2026-06-27T17:46:33+0200,4e541c53-98a3-4782-9d6d-b4c701b81d28,2026-06-08T12:00:00Z,2026-06-08T14:00:00+0200,1082.58,MW,FR,FR,actual_offshore_wind_generation,Wind Offshore | Actual Aggregated,2026-06-27T15:47:42Z
2026-06-27T15:46:33Z,2026-06-27T17:46:33+0200,4e541c53-98a3-4782-9d6d-b4c701b81d28,2026-06-08T12:15:00Z,2026-06-08T14:15:00+0200,1178.35,MW,FR,FR,actual_offshore_wind_generation,Wind Offshore | Actual Aggregated,2026-06-27T15:47:42Z
2026-06-27T15:46:33Z,2026-06-27T17:46:33+0200,4e541c53-98a3-4782-9d6d-b4c701b81d28,2026-06-08T12:30:00Z,2026-06-08T14:30:00+0200,1212.09,MW,FR,FR,actual_offshore_wind_generation,Wind Offshore | Actual Aggregated,2026-06-27T15:47:42Z
2026-06-27T15:46:33Z,2026-06-27T17:46:33+0200,4e541c53-98a3-4782-9d6d-b4c701b81d28,2026-06-08T12:45:00Z,2026-06-08T14:45:00+0200,1307.58,MW,FR,FR,actual_offshore_wind_generation,Wind Offshore | Actual Aggregated,2026-06-27T15:47:42Z
2026-06-27T15:46:33Z,2026-06-27T17:46:33+0200,4e541c53-98a3-4782-9d6d-b4c701b81d28,2026-06-08T13:00:00Z,2026-06-08T15:00:00+0200,1358.14,MW,FR,FR,actual_offshore_wind_generation,Wind Offshore | Actual Aggregated,2026-06-27T15:47:42Z
2026-06-27T15:46:33Z,2026-06-27T17:46:33+0200,4e541c53-98a3-4782-9d6d-b4c701b81d28,2026-06-08T13:15:00Z,2026-06-08T15:15:00+0200,1275.54,MW,FR,FR,actual_offshore_wind_generation,Wind Offshore | Actual Aggregated,2026-06-27T15:47:42Z
2026-06-27T15:46:33Z,2026-06-27T17:46:33+0200,4e541c53-98a3-4782-9d6d-b4c701b81d28,2026-06-08T13:30:00Z,2026-06-08T15:30:00+0200,1310.32,MW,FR,FR,actual_offshore_wind_generation,Wind Offshore | Actual Aggregated,2026-06-27T15:47:42Z
2026-06-27T15:46:33Z,2026-06-27T17:46:33+0200,4e541c53-98a3-4782-9d6d-b4c701b81d28,2026-06-08T13:45:00Z,2026-06-08T15:45:00+0200,1179.66,MW,FR,FR,actual_offshore_wind_generation,Wind Offshore | Actual Aggregated,2026-06-27T15:47:42Z
2026-06-27T15:46:33Z,2026-06-27T17:46:33+0200,4e541c53-98a3-4782-9d6d-b4c701b81d28,2026-06-08T14:00:00Z,2026-06-08T16:00:00+0200,1300.95,MW,FR,FR,actual_offshore_wind_generation,Wind Offshore | Actual Aggregated,2026-06-27T15:47:42Z
2026-06-27T15:46:33Z,2026-06-27T17:46:33+0200,4e541c53-98a3-4782-9d6d-b4c701b81d28,2026-06-08T14:15:00Z,2026-06-08T16:15:00+0200,1335.67,MW,FR,FR,actual_offshore_wind_generation,Wind Offshore | Actual Aggregated,2026-06-27T15:47:42Z
2026-06-27T15:46:33Z,2026-06-27T17:46:33+0200,4e541c53-98a3-4782-9d6d-b4c701b81d28,2026-06-08T14:30:00Z,2026-06-08T16:30:00+0200,1437.27,MW,FR,FR,actual_offshore_wind_generation,Wind Offshore | Actual Aggregated,2026-06-27T15:47:42Z
2026-06-27T15:46:33Z,2026-06-27T17:46:33+0200,4e541c53-98a3-4782-9d6d-b4c701b81d28,2026-06-08T14:45:00Z,2026-06-08T16:45:00+0200,1454.38,MW,FR,FR,actual_offshore_wind_generation,Wind Offshore | Actual Aggregated,2026-06-27T15:47:42Z
2026-06-27T15:46:33Z,2026-06-27T17:46:33+0200,4e541c53-98a3-4782-9d6d-b4c701b81d28,2026-06-08T15:00:00Z,2026-06-08T17:00:00+0200,1379.38,MW,FR,FR,actual_offshore_wind_generation,Wind Offshore | Actual Aggregated,2026-06-27T15:47:42Z
2026-06-27T15:46:33Z,2026-06-27T17:46:33+0200,4e541c53-98a3-4782-9d6d-b4c701b81d28,2026-06-08T15:15:00Z,2026-06-08T17:15:00+0200,1350.59,MW,FR,FR,actual_offshore_wind_generation,Wind Offshore | Actual Aggregated,2026-06-27T15:47:42Z
2026-06-27T15:46:33Z,2026-06-27T17:46:33+0200,4e541c53-98a3-4782-9d6d-b4c701b81d28,2026-06-08T15:30:00Z,2026-06-08T17:30:00+0200,1205.66,MW,FR,FR,actual_offshore_wind_generation,Wind Offshore | Actual Aggregated,2026-06-27T15:47:42Z
2026-06-27T15:46:33Z,2026-06-27T17:46:33+0200,4e541c53-98a3-4782-9d6d-b4c701b81d28,2026-06-08T15:45:00Z,2026-06-08T17:45:00+0200,1253.51,MW,FR,FR,actual_offshore_wind_generation,Wind Offshore | Actual Aggregated,2026-06-27T15:47:42Z
2026-06-27T15:46:33Z,2026-06-27T17:46:33+0200,4e541c53-98a3-4782-9d6d-b4c701b81d28,2026-06-08T16:00:00Z,2026-06-08T18:00:00+0200,1321.33,MW,FR,FR,actual_offshore_wind_generation,Wind Offshore | Actual Aggregated,2026-06-27T15:47:42Z
2026-06-27T15:46:33Z,2026-06-27T17:46:33+0200,4e541c53-98a3-4782-9d6d-b4c701b81d28,2026-06-08T16:15:00Z,2026-06-08T18:15:00+0200,1463.18,MW,FR,FR,actual_offshore_wind_generation,Wind Offshore | Actual Aggregated,2026-06-27T15:47:42Z
2026-06-27T15:46:33Z,2026-06-27T17:46:33+0200,4e541c53-98a3-4782-9d6d-b4c701b81d28,2026-06-08T16:30:00Z,2026-06-08T18:30:00+0200,1505.82,MW,FR,FR,actual_offshore_wind_generation,Wind Offshore | Actual Aggregated,2026-06-27T15:47:42Z
2026-06-27T15:46:33Z,2026-06-27T17:46:33+0200,4e541c53-98a3-4782-9d6d-b4c701b81d28,2026-06-08T16:45:00Z,2026-06-08T18:45:00+0200,1538.82,MW,FR,FR,actual_offshore_wind_generation,Wind Offshore | Actual Aggregated,2026-06-27T15:47:42Z
2026-06-27T15:46:33Z,2026-06-27T17:46:33+0200,4e541c53-98a3-4782-9d6d-b4c701b81d28,2026-06-08T17:00:00Z,2026-06-08T19:00:00+0200,1549.58,MW,FR,FR,actual_offshore_wind_generation,Wind Offshore | Actual Aggregated,2026-06-27T15:47:42Z
2026-06-27T15:46:33Z,2026-06-27T17:46:33+0200,4e541c53-98a3-4782-9d6d-b4c701b81d28,2026-06-08T17:15:00Z,2026-06-08T19:15:00+0200,1649.06,MW,FR,FR,actual_offshore_wind_generation,Wind Offshore | Actual Aggregated,2026-06-27T15:47:42Z
2026-06-27T15:46:33Z,2026-06-27T17:46:33+0200,4e541c53-98a3-4782-9d6d-b4c701b81d28,2026-06-08T17:30:00Z,2026-06-08T19:30:00+0200,1679.27,MW,FR,FR,actual_offshore_wind_generation,Wind Offshore | Actual Aggregated,2026-06-27T15:47:42Z
2026-06-27T15:46:33Z,2026-06-27T17:46:33+0200,4e541c53-98a3-4782-9d6d-b4c701b81d28,2026-06-08T17:45:00Z,2026-06-08T19:45:00+0200,1712.7,MW,FR,FR,actual_offshore_wind_generation,Wind Offshore | Actual Aggregated,2026-06-27T15:47:42Z
2026-06-27T15:46:33Z,2026-06-27T17:46:33+0200,4e541c53-98a3-4782-9d6d-b4c701b81d28,2026-06-08T18:00:00Z,2026-06-08T20:00:00+0200,1698.11,MW,FR,FR,actual_offshore_wind_generation,Wind Offshore | Actual Aggregated,2026-06-27T15:47:42Z
2026-06-27T15:46:33Z,2026-06-27T17:46:33+0200,4e541c53-98a3-4782-9d6d-b4c701b81d28,2026-06-08T18:15:00Z,2026-06-08T20:15:00+0200,1725.71,MW,FR,FR,actual_offshore_wind_generation,Wind Offshore | Actual Aggregated,2026-06-27T15:47:42Z
2026-06-27T15:46:33Z,2026-06-27T17:46:33+0200,4e541c53-98a3-4782-9d6d-b4c701b81d28,2026-06-08T18:30:00Z,2026-06-08T20:30:00+0200,1703.61,MW,FR,FR,actual_offshore_wind_generation,Wind Offshore | Actual Aggregated,2026-06-27T15:47:42Z
2026-06-27T15:46:33Z,2026-06-27T17:46:33+0200,4e541c53-98a3-4782-9d6d-b4c701b81d28,2026-06-08T18:45:00Z,2026-06-08T20:45:00+0200,1739.86,MW,FR,FR,actual_offshore_wind_generation,Wind Offshore | Actual Aggregated,2026-06-27T15:47:42Z
2026-06-27T15:46:33Z,2026-06-27T17:46:33+0200,4e541c53-98a3-4782-9d6d-b4c701b81d28,2026-06-08T19:00:00Z,2026-06-08T21:00:00+0200,1665.73,MW,FR,FR,actual_offshore_wind_generation,Wind Offshore | Actual Aggregated,2026-06-27T15:47:42Z
2026-06-27T15:46:33Z,2026-06-27T17:46:33+0200,4e541c53-98a3-4782-9d6d-b4c701b81d28,2026-06-08T19:15:00Z,2026-06-08T21:15:00+0200,1683.29,MW,FR,FR,actual_offshore_wind_generation,Wind Offshore | Actual Aggregated,2026-06-27T15:47:42Z
2026-06-27T15:46:33Z,2026-06-27T17:46:33+0200,4e541c53-98a3-4782-9d6d-b4c701b81d28,2026-06-08T19:30:00Z,2026-06-08T21:30:00+0200,1731.06,MW,FR,FR,actual_offshore_wind_generation,Wind Offshore | Actual Aggregated,2026-06-27T15:47:42Z
2026-06-27T15:46:33Z,2026-06-27T17:46:33+0200,4e541c53-98a3-4782-9d6d-b4c701b81d28,2026-06-08T19:45:00Z,2026-06-08T21:45:00+0200,1487.45,MW,FR,FR,actual_offshore_wind_generation,Wind Offshore | Actual Aggregated,2026-06-27T15:47:42Z
2026-06-27T15:46:33Z,2026-06-27T17:46:33+0200,4e541c53-98a3-4782-9d6d-b4c701b81d28,2026-06-08T20:00:00Z,2026-06-08T22:00:00+0200,1817.74,MW,FR,FR,actual_offshore_wind_generation,Wind Offshore | Actual Aggregated,2026-06-27T15:47:42Z
2026-06-27T15:46:33Z,2026-06-27T17:46:33+0200,4e541c53-98a3-4782-9d6d-b4c701b81d28,2026-06-08T20:15:00Z,2026-06-08T22:15:00+0200,1378.06,MW,FR,FR,actual_offshore_wind_generation,Wind Offshore | Actual Aggregated,2026-06-27T15:47:42Z
2026-06-27T15:46:33Z,2026-06-27T17:46:33+0200,4e541c53-98a3-4782-9d6d-b4c701b81d28,2026-06-08T20:30:00Z,2026-06-08T22:30:00+0200,1745.13,MW,FR,FR,actual_offshore_wind_generation,Wind Offshore | Actual Aggregated,2026-06-27T15:47:42Z
2026-06-27T15:46:33Z,2026-06-27T17:46:33+0200,4e541c53-98a3-4782-9d6d-b4c701b81d28,2026-06-08T20:45:00Z,2026-06-08T22:45:00+0200,1761.32,MW,FR,FR,actual_offshore_wind_generation,Wind Offshore | Actual Aggregated,2026-06-27T15:47:42Z
2026-06-27T15:46:33Z,2026-06-27T17:46:33+0200,4e541c53-98a3-4782-9d6d-b4c701b81d28,2026-06-08T21:00:00Z,2026-06-08T23:00:00+0200,1751.4,MW,FR,FR,actual_offshore_wind_generation,Wind Offshore | Actual Aggregated,2026-06-27T15:47:42Z
2026-06-27T15:46:33Z,2026-06-27T17:46:33+0200,4e541c53-98a3-4782-9d6d-b4c701b81d28,2026-06-08T21:15:00Z,2026-06-08T23:15:00+0200,1775.72,MW,FR,FR,actual_offshore_wind_generation,Wind Offshore | Actual Aggregated,2026-06-27T15:47:42Z
2026-06-27T15:46:33Z,2026-06-27T17:46:33+0200,4e541c53-98a3-4782-9d6d-b4c701b81d28,2026-06-08T21:30:00Z,2026-06-08T23:30:00+0200,1734.87,MW,FR,FR,actual_offshore_wind_generation,Wind Offshore | Actual Aggregated,2026-06-27T15:47:42Z
2026-06-27T15:46:33Z,2026-06-27T17:46:33+0200,4e541c53-98a3-4782-9d6d-b4c701b81d28,2026-06-08T21:45:00Z,2026-06-08T23:45:00+0200,1738.03,MW,FR,FR,actual_offshore_wind_generation,Wind Offshore | Actual Aggregated,2026-06-27T15:47:42Z
2026-06-27T15:46:33Z,2026-06-27T17:46:33+0200,4e541c53-98a3-4782-9d6d-b4c701b81d28,2026-06-08T22:00:00Z,2026-06-09T00:00:00+0200,1731.39,MW,FR,FR,actual_offshore_wind_generation,Wind Offshore | Actual Aggregated,2026-06-27T15:47:42Z
2026-06-27T15:46:33Z,2026-06-27T17:46:33+0200,4e541c53-98a3-4782-9d6d-b4c701b81d28,2026-06-08T22:15:00Z,2026-06-09T00:15:00+0200,1726.25,MW,FR,FR,actual_offshore_wind_generation,Wind Offshore | Actual Aggregated,2026-06-27T15:47:42Z
2026-06-27T15:46:33Z,2026-06-27T17:46:33+0200,4e541c53-98a3-4782-9d6d-b4c701b81d28,2026-06-08T22:30:00Z,2026-06-09T00:30:00+0200,1682.17,MW,FR,FR,actual_offshore_wind_generation,Wind Offshore | Actual Aggregated,2026-06-27T15:47:42Z
2026-06-27T15:46:33Z,2026-06-27T17:46:33+0200,4e541c53-98a3-4782-9d6d-b4c701b81d28,2026-06-08T22:45:00Z,2026-06-09T00:45:00+0200,1607.02,MW,FR,FR,actual_offshore_wind_generation,Wind Offshore | Actual Aggregated,2026-06-27T15:47:42Z
2026-06-27T15:46:33Z,2026-06-27T17:46:33+0200,4e541c53-98a3-4782-9d6d-b4c701b81d28,2026-06-08T23:00:00Z,2026-06-09T01:00:00+0200,1454.45,MW,FR,FR,actual_offshore_wind_generation,Wind Offshore | Actual Aggregated,2026-06-27T15:47:42Z
2026-06-27T15:46:33Z,2026-06-27T17:46:33+0200,4e541c53-98a3-4782-9d6d-b4c701b81d28,2026-06-08T23:15:00Z,2026-06-09T01:15:00+0200,1343.38,MW,FR,FR,actual_offshore_wind_generation,Wind Offshore | Actual Aggregated,2026-06-27T15:47:42Z
2026-06-27T15:46:33Z,2026-06-27T17:46:33+0200,4e541c53-98a3-4782-9d6d-b4c701b81d28,2026-06-08T23:30:00Z,2026-06-09T01:30:00+0200,1299.9,MW,FR,FR,actual_offshore_wind_generation,Wind Offshore | Actual Aggregated,2026-06-27T15:47:42Z
2026-06-27T15:46:33Z,2026-06-27T17:46:33+0200,4e541c53-98a3-4782-9d6d-b4c701b81d28,2026-06-08T23:45:00Z,2026-06-09T01:45:00+0200,1319.2,MW,FR,FR,actual_offshore_wind_generation,Wind Offshore | Actual Aggregated,2026-06-27T15:47:42Z
2026-06-27T15:46:33Z,2026-06-27T17:46:33+0200,4e541c53-98a3-4782-9d6d-b4c701b81d28,2026-06-09T00:00:00Z,2026-06-09T02:00:00+0200,1249.48,MW,FR,FR,actual_offshore_wind_generation,Wind Offshore | Actual Aggregated,2026-06-27T15:47:42Z
2026-06-27T15:46:33Z,2026-06-27T17:46:33+0200,4e541c53-98a3-4782-9d6d-b4c701b81d28,2026-06-09T00:15:00Z,2026-06-09T02:15:00+0200,1259.89,MW,FR,FR,actual_offshore_wind_generation,Wind Offshore | Actual Aggregated,2026-06-27T15:47:42Z
2026-06-27T15:46:33Z,2026-06-27T17:46:33+0200,4e541c53-98a3-4782-9d6d-b4c701b81d28,2026-06-09T00:30:00Z,2026-06-09T02:30:00+0200,1252.55,MW,FR,FR,actual_offshore_wind_generation,Wind Offshore | Actual Aggregated,2026-06-27T15:47:42Z
2026-06-27T15:46:33Z,2026-06-27T17:46:33+0200,4e541c53-98a3-4782-9d6d-b4c701b81d28,2026-06-09T00:45:00Z,2026-06-09T02:45:00+0200,1193.75,MW,FR,FR,actual_offshore_wind_generation,Wind Offshore | Actual Aggregated,2026-06-27T15:47:42Z
2026-06-27T15:46:33Z,2026-06-27T17:46:33+0200,4e541c53-98a3-4782-9d6d-b4c701b81d28,2026-06-09T01:00:00Z,2026-06-09T03:00:00+0200,1108.1,MW,FR,FR,actual_offshore_wind_generation,Wind Offshore | Actual Aggregated,2026-06-27T15:47:42Z
2026-06-27T15:46:33Z,2026-06-27T17:46:33+0200,4e541c53-98a3-4782-9d6d-b4c701b81d28,2026-06-09T01:15:00Z,2026-06-09T03:15:00+0200,1037.61,MW,FR,FR,actual_offshore_wind_generation,Wind Offshore | Actual Aggregated,2026-06-27T15:47:42Z
2026-06-27T15:46:33Z,2026-06-27T17:46:33+0200,4e541c53-98a3-4782-9d6d-b4c701b81d28,2026-06-09T01:30:00Z,2026-06-09T03:30:00+0200,1039.99,MW,FR,FR,actual_offshore_wind_generation,Wind Offshore | Actual Aggregated,2026-06-27T15:47:42Z
2026-06-27T15:46:33Z,2026-06-27T17:46:33+0200,4e541c53-98a3-4782-9d6d-b4c701b81d28,2026-06-09T01:45:00Z,2026-06-09T03:45:00+0200,1070.84,MW,FR,FR,actual_offshore_wind_generation,Wind Offshore | Actual Aggregated,2026-06-27T15:47:42Z
2026-06-27T15:46:33Z,2026-06-27T17:46:33+0200,4e541c53-98a3-4782-9d6d-b4c701b81d28,2026-06-09T02:00:00Z,2026-06-09T04:00:00+0200,1092.54,MW,FR,FR,actual_offshore_wind_generation,Wind Offshore | Actual Aggregated,2026-06-27T15:47:42Z
2026-06-27T15:46:33Z,2026-06-27T17:46:33+0200,4e541c53-98a3-4782-9d6d-b4c701b81d28,2026-06-09T02:15:00Z,2026-06-09T04:15:00+0200,1136.82,MW,FR,FR,actual_offshore_wind_generation,Wind Offshore | Actual Aggregated,2026-06-27T15:47:42Z
2026-06-27T15:46:33Z,2026-06-27T17:46:33+0200,4e541c53-98a3-4782-9d6d-b4c701b81d28,2026-06-09T02:30:00Z,2026-06-09T04:30:00+0200,1136.05,MW,FR,FR,actual_offshore_wind_generation,Wind Offshore | Actual Aggregated,2026-06-27T15:47:42Z
2026-06-27T15:46:33Z,2026-06-27T17:46:33+0200,4e541c53-98a3-4782-9d6d-b4c701b81d28,2026-06-09T02:45:00Z,2026-06-09T04:45:00+0200,1088.1,MW,FR,FR,actual_offshore_wind_generation,Wind Offshore | Actual Aggregated,2026-06-27T15:47:42Z
2026-06-27T15:46:33Z,2026-06-27T17:46:33+0200,4e541c53-98a3-4782-9d6d-b4c701b81d28,2026-06-09T03:00:00Z,2026-06-09T05:00:00+0200,1007.03,MW,FR,FR,actual_offshore_wind_generation,Wind Offshore | Actual Aggregated,2026-06-27T15:47:42Z
2026-06-27T15:46:33Z,2026-06-27T17:46:33+0200,4e541c53-98a3-4782-9d6d-b4c701b81d28,2026-06-09T03:15:00Z,2026-06-09T05:15:00+0200,986.58,MW,FR,FR,actual_offshore_wind_generation,Wind Offshore | Actual Aggregated,2026-06-27T15:47:42Z
2026-06-27T15:46:33Z,2026-06-27T17:46:33+0200,4e541c53-98a3-4782-9d6d-b4c701b81d28,2026-06-09T03:30:00Z,2026-06-09T05:30:00+0200,1009.17,MW,FR,FR,actual_offshore_wind_generation,Wind Offshore | Actual Aggregated,2026-06-27T15:47:42Z
2026-06-27T15:46:33Z,2026-06-27T17:46:33+0200,4e541c53-98a3-4782-9d6d-b4c701b81d28,2026-06-09T03:45:00Z,2026-06-09T05:45:00+0200,987.88,MW,FR,FR,actual_offshore_wind_generation,Wind Offshore | Actual Aggregated,2026-06-27T15:47:42Z
2026-06-27T15:46:33Z,2026-06-27T17:46:33+0200,4e541c53-98a3-4782-9d6d-b4c701b81d28,2026-06-09T04:00:00Z,2026-06-09T06:00:00+0200,912.28,MW,FR,FR,actual_offshore_wind_generation,Wind Offshore | Actual Aggregated,2026-06-27T15:47:42Z
2026-06-27T15:46:33Z,2026-06-27T17:46:33+0200,4e541c53-98a3-4782-9d6d-b4c701b81d28,2026-06-09T04:15:00Z,2026-06-09T06:15:00+0200,854.31,MW,FR,FR,actual_offshore_wind_generation,Wind Offshore | Actual Aggregated,2026-06-27T15:47:42Z
2026-06-27T15:46:33Z,2026-06-27T17:46:33+0200,4e541c53-98a3-4782-9d6d-b4c701b81d28,2026-06-09T04:30:00Z,2026-06-09T06:30:00+0200,820.84,MW,FR,FR,actual_offshore_wind_generation,Wind Offshore | Actual Aggregated,2026-06-27T15:47:42Z
2026-06-27T15:46:33Z,2026-06-27T17:46:33+0200,4e541c53-98a3-4782-9d6d-b4c701b81d28,2026-06-09T04:45:00Z,2026-06-09T06:45:00+0200,846.7,MW,FR,FR,actual_offshore_wind_generation,Wind Offshore | Actual Aggregated,2026-06-27T15:47:42Z
2026-06-27T15:46:33Z,2026-06-27T17:46:33+0200,4e541c53-98a3-4782-9d6d-b4c701b81d28,2026-06-09T05:00:00Z,2026-06-09T07:00:00+0200,906.9,MW,FR,FR,actual_offshore_wind_generation,Wind Offshore | Actual Aggregated,2026-06-27T15:47:42Z
2026-06-27T15:46:33Z,2026-06-27T17:46:33+0200,4e541c53-98a3-4782-9d6d-b4c701b81d28,2026-06-09T05:15:00Z,2026-06-09T07:15:00+0200,877.89,MW,FR,FR,actual_offshore_wind_generation,Wind Offshore | Actual Aggregated,2026-06-27T15:47:42Z
2026-06-27T15:46:33Z,2026-06-27T17:46:33+0200,4e541c53-98a3-4782-9d6d-b4c701b81d28,2026-06-09T05:30:00Z,2026-06-09T07:30:00+0200,957.14,MW,FR,FR,actual_offshore_wind_generation,Wind Offshore | Actual Aggregated,2026-06-27T15:47:42Z
2026-06-27T15:46:33Z,2026-06-27T17:46:33+0200,4e541c53-98a3-4782-9d6d-b4c701b81d28,2026-06-09T05:45:00Z,2026-06-09T07:45:00+0200,923.58,MW,FR,FR,actual_offshore_wind_generation,Wind Offshore | Actual Aggregated,2026-06-27T15:47:42Z
2026-06-27T15:46:33Z,2026-06-27T17:46:33+0200,4e541c53-98a3-4782-9d6d-b4c701b81d28,2026-06-09T06:00:00Z,2026-06-09T08:00:00+0200,949.57,MW,FR,FR,actual_offshore_wind_generation,Wind Offshore | Actual Aggregated,2026-06-27T15:47:42Z
2026-06-27T15:46:33Z,2026-06-27T17:46:33+0200,4e541c53-98a3-4782-9d6d-b4c701b81d28,2026-06-09T06:15:00Z,2026-06-09T08:15:00+0200,864.95,MW,FR,FR,actual_offshore_wind_generation,Wind Offshore | Actual Aggregated,2026-06-27T15:47:42Z
2026-06-27T15:46:33Z,2026-06-27T17:46:33+0200,4e541c53-98a3-4782-9d6d-b4c701b81d28,2026-06-09T06:30:00Z,2026-06-09T08:30:00+0200,821.16,MW,FR,FR,actual_offshore_wind_generation,Wind Offshore | Actual Aggregated,2026-06-27T15:47:42Z
2026-06-27T15:46:33Z,2026-06-27T17:46:33+0200,4e541c53-98a3-4782-9d6d-b4c701b81d28,2026-06-09T06:45:00Z,2026-06-09T08:45:00+0200,867.85,MW,FR,FR,actual_offshore_wind_generation,Wind Offshore | Actual Aggregated,2026-06-27T15:47:42Z
2026-06-27T15:46:33Z,2026-06-27T17:46:33+0200,4e541c53-98a3-4782-9d6d-b4c701b81d28,2026-06-09T07:00:00Z,2026-06-09T09:00:00+0200,884.46,MW,FR,FR,actual_offshore_wind_generation,Wind Offshore | Actual Aggregated,2026-06-27T15:47:42Z
2026-06-27T15:46:33Z,2026-06-27T17:46:33+0200,4e541c53-98a3-4782-9d6d-b4c701b81d28,2026-06-09T07:15:00Z,2026-06-09T09:15:00+0200,978.62,MW,FR,FR,actual_offshore_wind_generation,Wind Offshore | Actual Aggregated,2026-06-27T15:47:42Z
2026-06-27T15:46:33Z,2026-06-27T17:46:33+0200,4e541c53-98a3-4782-9d6d-b4c701b81d28,2026-06-09T07:30:00Z,2026-06-09T09:30:00+0200,1049.43,MW,FR,FR,actual_offshore_wind_generation,Wind Offshore | Actual Aggregated,2026-06-27T15:47:42Z
2026-06-27T15:46:33Z,2026-06-27T17:46:33+0200,4e541c53-98a3-4782-9d6d-b4c701b81d28,2026-06-09T07:45:00Z,2026-06-09T09:45:00+0200,1067.99,MW,FR,FR,actual_offshore_wind_generation,Wind Offshore | Actual Aggregated,2026-06-27T15:47:42Z
2026-06-27T15:46:33Z,2026-06-27T17:46:33+0200,4e541c53-98a3-4782-9d6d-b4c701b81d28,2026-06-09T08:00:00Z,2026-06-09T10:00:00+0200,982.6,MW,FR,FR,actual_offshore_wind_generation,Wind Offshore | Actual Aggregated,2026-06-27T15:47:42Z
2026-06-27T15:46:33Z,2026-06-27T17:46:33+0200,4e541c53-98a3-4782-9d6d-b4c701b81d28,2026-06-09T08:15:00Z,2026-06-09T10:15:00+0200,868.38,MW,FR,FR,actual_offshore_wind_generation,Wind Offshore | Actual Aggregated,2026-06-27T15:47:42Z
2026-06-27T15:46:33Z,2026-06-27T17:46:33+0200,4e541c53-98a3-4782-9d6d-b4c701b81d28,2026-06-09T08:30:00Z,2026-06-09T10:30:00+0200,891.26,MW,FR,FR,actual_offshore_wind_generation,Wind Offshore | Actual Aggregated,2026-06-27T15:47:42Z
2026-06-27T15:46:33Z,2026-06-27T17:46:33+0200,4e541c53-98a3-4782-9d6d-b4c701b81d28,2026-06-09T08:45:00Z,2026-06-09T10:45:00+0200,884.84,MW,FR,FR,actual_offshore_wind_generation,Wind Offshore | Actual Aggregated,2026-06-27T15:47:42Z
2026-06-27T15:46:33Z,2026-06-27T17:46:33+0200,4e541c53-98a3-4782-9d6d-b4c701b81d28,2026-06-09T09:00:00Z,2026-06-09T11:00:00+0200,928.89,MW,FR,FR,actual_offshore_wind_generation,Wind Offshore | Actual Aggregated,2026-06-27T15:47:42Z
2026-06-27T15:46:33Z,2026-06-27T17:46:33+0200,4e541c53-98a3-4782-9d6d-b4c701b81d28,2026-06-09T09:15:00Z,2026-06-09T11:15:00+0200,893.16,MW,FR,FR,actual_offshore_wind_generation,Wind Offshore | Actual Aggregated,2026-06-27T15:47:42Z
2026-06-27T15:46:33Z,2026-06-27T17:46:33+0200,4e541c53-98a3-4782-9d6d-b4c701b81d28,2026-06-09T09:30:00Z,2026-06-09T11:30:00+0200,891.72,MW,FR,FR,actual_offshore_wind_generation,Wind Offshore | Actual Aggregated,2026-06-27T15:47:42Z
2026-06-27T15:46:33Z,2026-06-27T17:46:33+0200,4e541c53-98a3-4782-9d6d-b4c701b81d28,2026-06-09T09:45:00Z,2026-06-09T11:45:00+0200,990.73,MW,FR,FR,actual_offshore_wind_generation,Wind Offshore | Actual Aggregated,2026-06-27T15:47:42Z
2026-06-27T15:46:33Z,2026-06-27T17:46:33+0200,4e541c53-98a3-4782-9d6d-b4c701b81d28,2026-06-09T10:00:00Z,2026-06-09T12:00:00+0200,802.73,MW,FR,FR,actual_offshore_wind_generation,Wind Offshore | Actual Aggregated,2026-06-27T15:47:42Z
2026-06-27T15:46:33Z,2026-06-27T17:46:33+0200,4e541c53-98a3-4782-9d6d-b4c701b81d28,2026-06-09T10:15:00Z,2026-06-09T12:15:00+0200,830.46,MW,FR,FR,actual_offshore_wind_generation,Wind Offshore | Actual Aggregated,2026-06-27T15:47:42Z
2026-06-27T15:46:33Z,2026-06-27T17:46:33+0200,4e541c53-98a3-4782-9d6d-b4c701b81d28,2026-06-09T10:30:00Z,2026-06-09T12:30:00+0200,836.15,MW,FR,FR,actual_offshore_wind_generation,Wind Offshore | Actual Aggregated,2026-06-27T15:47:42Z
2026-06-27T15:46:33Z,2026-06-27T17:46:33+0200,4e541c53-98a3-4782-9d6d-b4c701b81d28,2026-06-09T10:45:00Z,2026-06-09T12:45:00+0200,857.79,MW,FR,FR,actual_offshore_wind_generation,Wind Offshore | Actual Aggregated,2026-06-27T15:47:42Z
2026-06-27T15:46:33Z,2026-06-27T17:46:33+0200,4e541c53-98a3-4782-9d6d-b4c701b81d28,2026-06-09T11:00:00Z,2026-06-09T13:00:00+0200,931.05,MW,FR,FR,actual_offshore_wind_generation,Wind Offshore | Actual Aggregated,2026-06-27T15:47:42Z
2026-06-27T15:46:33Z,2026-06-27T17:46:33+0200,4e541c53-98a3-4782-9d6d-b4c701b81d28,2026-06-09T11:15:00Z,2026-06-09T13:15:00+0200,954.3,MW,FR,FR,actual_offshore_wind_generation,Wind Offshore | Actual Aggregated,2026-06-27T15:47:42Z
2026-06-27T15:46:33Z,2026-06-27T17:46:33+0200,4e541c53-98a3-4782-9d6d-b4c701b81d28,2026-06-09T11:30:00Z,2026-06-09T13:30:00+0200,927.12,MW,FR,FR,actual_offshore_wind_generation,Wind Offshore | Actual Aggregated,2026-06-27T15:47:42Z
2026-06-27T15:46:33Z,2026-06-27T17:46:33+0200,4e541c53-98a3-4782-9d6d-b4c701b81d28,2026-06-09T11:45:00Z,2026-06-09T13:45:00+0200,944.03,MW,FR,FR,actual_offshore_wind_generation,Wind Offshore | Actual Aggregated,2026-06-27T15:47:42Z
2026-06-27T15:46:33Z,2026-06-27T17:46:33+0200,4e541c53-98a3-4782-9d6d-b4c701b81d28,2026-06-09T12:00:00Z,2026-06-09T14:00:00+0200,940.54,MW,FR,FR,actual_offshore_wind_generation,Wind Offshore | Actual Aggregated,2026-06-27T15:47:42Z
2026-06-27T15:46:33Z,2026-06-27T17:46:33+0200,4e541c53-98a3-4782-9d6d-b4c701b81d28,2026-06-09T12:15:00Z,2026-06-09T14:15:00+0200,958.94,MW,FR,FR,actual_offshore_wind_generation,Wind Offshore | Actual Aggregated,2026-06-27T15:47:42Z
2026-06-27T15:46:33Z,2026-06-27T17:46:33+0200,4e541c53-98a3-4782-9d6d-b4c701b81d28,2026-06-09T12:30:00Z,2026-06-09T14:30:00+0200,928.36,MW,FR,FR,actual_offshore_wind_generation,Wind Offshore | Actual Aggregated,2026-06-27T15:47:42Z
2026-06-27T15:46:33Z,2026-06-27T17:46:33+0200,4e541c53-98a3-4782-9d6d-b4c701b81d28,2026-06-09T12:45:00Z,2026-06-09T14:45:00+0200,1024.24,MW,FR,FR,actual_offshore_wind_generation,Wind Offshore | Actual Aggregated,2026-06-27T15:47:42Z
2026-06-27T15:46:33Z,2026-06-27T17:46:33+0200,4e541c53-98a3-4782-9d6d-b4c701b81d28,2026-06-09T13:00:00Z,2026-06-09T15:00:00+0200,970.75,MW,FR,FR,actual_offshore_wind_generation,Wind Offshore | Actual Aggregated,2026-06-27T15:47:42Z
2026-06-27T15:46:33Z,2026-06-27T17:46:33+0200,4e541c53-98a3-4782-9d6d-b4c701b81d28,2026-06-09T13:15:00Z,2026-06-09T15:15:00+0200,1014.74,MW,FR,FR,actual_offshore_wind_generation,Wind Offshore | Actual Aggregated,2026-06-27T15:47:42Z
2026-06-27T15:46:33Z,2026-06-27T17:46:33+0200,4e541c53-98a3-4782-9d6d-b4c701b81d28,2026-06-09T13:30:00Z,2026-06-09T15:30:00+0200,1074.59,MW,FR,FR,actual_offshore_wind_generation,Wind Offshore | Actual Aggregated,2026-06-27T15:47:42Z
2026-06-27T15:46:33Z,2026-06-27T17:46:33+0200,4e541c53-98a3-4782-9d6d-b4c701b81d28,2026-06-09T13:45:00Z,2026-06-09T15:45:00+0200,1176.56,MW,FR,FR,actual_offshore_wind_generation,Wind Offshore | Actual Aggregated,2026-06-27T15:47:42Z
2026-06-27T15:46:33Z,2026-06-27T17:46:33+0200,4e541c53-98a3-4782-9d6d-b4c701b81d28,2026-06-09T14:00:00Z,2026-06-09T16:00:00+0200,1243.31,MW,FR,FR,actual_offshore_wind_generation,Wind Offshore | Actual Aggregated,2026-06-27T15:47:42Z
2026-06-27T15:46:33Z,2026-06-27T17:46:33+0200,4e541c53-98a3-4782-9d6d-b4c701b81d28,2026-06-09T14:15:00Z,2026-06-09T16:15:00+0200,1216.17,MW,FR,FR,actual_offshore_wind_generation,Wind Offshore | Actual Aggregated,2026-06-27T15:47:42Z
2026-06-27T15:46:33Z,2026-06-27T17:46:33+0200,4e541c53-98a3-4782-9d6d-b4c701b81d28,2026-06-09T14:30:00Z,2026-06-09T16:30:00+0200,1166.95,MW,FR,FR,actual_offshore_wind_generation,Wind Offshore | Actual Aggregated,2026-06-27T15:47:42Z
2026-06-27T15:46:33Z,2026-06-27T17:46:33+0200,4e541c53-98a3-4782-9d6d-b4c701b81d28,2026-06-09T14:45:00Z,2026-06-09T16:45:00+0200,1114.32,MW,FR,FR,actual_offshore_wind_generation,Wind Offshore | Actual Aggregated,2026-06-27T15:47:42Z
2026-06-27T15:46:33Z,2026-06-27T17:46:33+0200,4e541c53-98a3-4782-9d6d-b4c701b81d28,2026-06-09T15:00:00Z,2026-06-09T17:00:00+0200,1095.02,MW,FR,FR,actual_offshore_wind_generation,Wind Offshore | Actual Aggregated,2026-06-27T15:47:42Z
2026-06-27T15:46:33Z,2026-06-27T17:46:33+0200,4e541c53-98a3-4782-9d6d-b4c701b81d28,2026-06-09T15:15:00Z,2026-06-09T17:15:00+0200,1132.54,MW,FR,FR,actual_offshore_wind_generation,Wind Offshore | Actual Aggregated,2026-06-27T15:47:42Z
2026-06-27T15:46:33Z,2026-06-27T17:46:33+0200,4e541c53-98a3-4782-9d6d-b4c701b81d28,2026-06-09T15:30:00Z,2026-06-09T17:30:00+0200,1158.65,MW,FR,FR,actual_offshore_wind_generation,Wind Offshore | Actual Aggregated,2026-06-27T15:47:42Z
2026-06-27T15:46:33Z,2026-06-27T17:46:33+0200,4e541c53-98a3-4782-9d6d-b4c701b81d28,2026-06-09T15:45:00Z,2026-06-09T17:45:00+0200,1172.72,MW,FR,FR,actual_offshore_wind_generation,Wind Offshore | Actual Aggregated,2026-06-27T15:47:42Z
2026-06-27T15:46:33Z,2026-06-27T17:46:33+0200,4e541c53-98a3-4782-9d6d-b4c701b81d28,2026-06-09T16:00:00Z,2026-06-09T18:00:00+0200,1175.57,MW,FR,FR,actual_offshore_wind_generation,Wind Offshore | Actual Aggregated,2026-06-27T15:47:42Z
2026-06-27T15:46:33Z,2026-06-27T17:46:33+0200,4e541c53-98a3-4782-9d6d-b4c701b81d28,2026-06-09T16:15:00Z,2026-06-09T18:15:00+0200,1137.01,MW,FR,FR,actual_offshore_wind_generation,Wind Offshore | Actual Aggregated,2026-06-27T15:47:42Z
2026-06-27T15:46:33Z,2026-06-27T17:46:33+0200,4e541c53-98a3-4782-9d6d-b4c701b81d28,2026-06-09T16:30:00Z,2026-06-09T18:30:00+0200,1136.14,MW,FR,FR,actual_offshore_wind_generation,Wind Offshore | Actual Aggregated,2026-06-27T15:47:42Z
2026-06-27T15:46:33Z,2026-06-27T17:46:33+0200,4e541c53-98a3-4782-9d6d-b4c701b81d28,2026-06-09T16:45:00Z,2026-06-09T18:45:00+0200,1175.22,MW,FR,FR,actual_offshore_wind_generation,Wind Offshore | Actual Aggregated,2026-06-27T15:47:42Z
2026-06-27T15:46:33Z,2026-06-27T17:46:33+0200,4e541c53-98a3-4782-9d6d-b4c701b81d28,2026-06-09T17:00:00Z,2026-06-09T19:00:00+0200,1169.17,MW,FR,FR,actual_offshore_wind_generation,Wind Offshore | Actual Aggregated,2026-06-27T15:47:42Z
2026-06-27T15:46:33Z,2026-06-27T17:46:33+0200,4e541c53-98a3-4782-9d6d-b4c701b81d28,2026-06-09T17:15:00Z,2026-06-09T19:15:00+0200,1141.72,MW,FR,FR,actual_offshore_wind_generation,Wind Offshore | Actual Aggregated,2026-06-27T15:47:42Z
2026-06-27T15:46:33Z,2026-06-27T17:46:33+0200,4e541c53-98a3-4782-9d6d-b4c701b81d28,2026-06-09T17:30:00Z,2026-06-09T19:30:00+0200,1111.58,MW,FR,FR,actual_offshore_wind_generation,Wind Offshore | Actual Aggregated,2026-06-27T15:47:42Z
2026-06-27T15:46:33Z,2026-06-27T17:46:33+0200,4e541c53-98a3-4782-9d6d-b4c701b81d28,2026-06-09T17:45:00Z,2026-06-09T19:45:00+0200,1114.21,MW,FR,FR,actual_offshore_wind_generation,Wind Offshore | Actual Aggregated,2026-06-27T15:47:42Z
2026-06-27T15:46:33Z,2026-06-27T17:46:33+0200,4e541c53-98a3-4782-9d6d-b4c701b81d28,2026-06-09T18:00:00Z,2026-06-09T20:00:00+0200,1099.05,MW,FR,FR,actual_offshore_wind_generation,Wind Offshore | Actual Aggregated,2026-06-27T15:47:42Z
2026-06-27T15:46:33Z,2026-06-27T17:46:33+0200,4e541c53-98a3-4782-9d6d-b4c701b81d28,2026-06-09T18:15:00Z,2026-06-09T20:15:00+0200,1064.85,MW,FR,FR,actual_offshore_wind_generation,Wind Offshore | Actual Aggregated,2026-06-27T15:47:42Z
2026-06-27T15:46:33Z,2026-06-27T17:46:33+0200,4e541c53-98a3-4782-9d6d-b4c701b81d28,2026-06-09T18:30:00Z,2026-06-09T20:30:00+0200,1069.42,MW,FR,FR,actual_offshore_wind_generation,Wind Offshore | Actual Aggregated,2026-06-27T15:47:42Z
2026-06-27T15:46:33Z,2026-06-27T17:46:33+0200,4e541c53-98a3-4782-9d6d-b4c701b81d28,2026-06-09T18:45:00Z,2026-06-09T20:45:00+0200,1030.82,MW,FR,FR,actual_offshore_wind_generation,Wind Offshore | Actual Aggregated,2026-06-27T15:47:42Z
2026-06-27T15:46:33Z,2026-06-27T17:46:33+0200,4e541c53-98a3-4782-9d6d-b4c701b81d28,2026-06-09T19:00:00Z,2026-06-09T21:00:00+0200,964.22,MW,FR,FR,actual_offshore_wind_generation,Wind Offshore | Actual Aggregated,2026-06-27T15:47:42Z
2026-06-27T15:46:33Z,2026-06-27T17:46:33+0200,4e541c53-98a3-4782-9d6d-b4c701b81d28,2026-06-09T19:15:00Z,2026-06-09T21:15:00+0200,1044.32,MW,FR,FR,actual_offshore_wind_generation,Wind Offshore | Actual Aggregated,2026-06-27T15:47:42Z
2026-06-27T15:46:33Z,2026-06-27T17:46:33+0200,4e541c53-98a3-4782-9d6d-b4c701b81d28,2026-06-09T19:30:00Z,2026-06-09T21:30:00+0200,1058.92,MW,FR,FR,actual_offshore_wind_generation,Wind Offshore | Actual Aggregated,2026-06-27T15:47:42Z
2026-06-27T15:46:33Z,2026-06-27T17:46:33+0200,4e541c53-98a3-4782-9d6d-b4c701b81d28,2026-06-09T19:45:00Z,2026-06-09T21:45:00+0200,1070.77,MW,FR,FR,actual_offshore_wind_generation,Wind Offshore | Actual Aggregated,2026-06-27T15:47:42Z
2026-06-27T15:46:33Z,2026-06-27T17:46:33+0200,4e541c53-98a3-4782-9d6d-b4c701b81d28,2026-06-09T20:00:00Z,2026-06-09T22:00:00+0200,1034.17,MW,FR,FR,actual_offshore_wind_generation,Wind Offshore | Actual Aggregated,2026-06-27T15:47:42Z
2026-06-27T15:46:33Z,2026-06-27T17:46:33+0200,4e541c53-98a3-4782-9d6d-b4c701b81d28,2026-06-09T20:15:00Z,2026-06-09T22:15:00+0200,945.22,MW,FR,FR,actual_offshore_wind_generation,Wind Offshore | Actual Aggregated,2026-06-27T15:47:42Z
2026-06-27T15:46:33Z,2026-06-27T17:46:33+0200,4e541c53-98a3-4782-9d6d-b4c701b81d28,2026-06-09T20:30:00Z,2026-06-09T22:30:00+0200,893.11,MW,FR,FR,actual_offshore_wind_generation,Wind Offshore | Actual Aggregated,2026-06-27T15:47:42Z
2026-06-27T15:46:33Z,2026-06-27T17:46:33+0200,4e541c53-98a3-4782-9d6d-b4c701b81d28,2026-06-09T20:45:00Z,2026-06-09T22:45:00+0200,852.8,MW,FR,FR,actual_offshore_wind_generation,Wind Offshore | Actual Aggregated,2026-06-27T15:47:42Z
2026-06-27T15:46:33Z,2026-06-27T17:46:33+0200,4e541c53-98a3-4782-9d6d-b4c701b81d28,2026-06-09T21:00:00Z,2026-06-09T23:00:00+0200,799.06,MW,FR,FR,actual_offshore_wind_generation,Wind Offshore | Actual Aggregated,2026-06-27T15:47:42Z
2026-06-27T15:46:33Z,2026-06-27T17:46:33+0200,4e541c53-98a3-4782-9d6d-b4c701b81d28,2026-06-09T21:15:00Z,2026-06-09T23:15:00+0200,847.01,MW,FR,FR,actual_offshore_wind_generation,Wind Offshore | Actual Aggregated,2026-06-27T15:47:42Z
2026-06-27T15:46:33Z,2026-06-27T17:46:33+0200,4e541c53-98a3-4782-9d6d-b4c701b81d28,2026-06-09T21:30:00Z,2026-06-09T23:30:00+0200,801.77,MW,FR,FR,actual_offshore_wind_generation,Wind Offshore | Actual Aggregated,2026-06-27T15:47:42Z
2026-06-27T15:46:33Z,2026-06-27T17:46:33+0200,4e541c53-98a3-4782-9d6d-b4c701b81d28,2026-06-09T21:45:00Z,2026-06-09T23:45:00+0200,724.11,MW,FR,FR,actual_offshore_wind_generation,Wind Offshore | Actual Aggregated,2026-06-27T15:47:42Z
2026-06-27T15:46:33Z,2026-06-27T17:46:33+0200,4e541c53-98a3-4782-9d6d-b4c701b81d28,2026-06-09T22:00:00Z,2026-06-10T00:00:00+0200,742.42,MW,FR,FR,actual_offshore_wind_generation,Wind Offshore | Actual Aggregated,2026-06-27T15:47:42Z
2026-06-27T15:46:33Z,2026-06-27T17:46:33+0200,4e541c53-98a3-4782-9d6d-b4c701b81d28,2026-06-09T22:15:00Z,2026-06-10T00:15:00+0200,771.08,MW,FR,FR,actual_offshore_wind_generation,Wind Offshore | Actual Aggregated,2026-06-27T15:47:42Z
2026-06-27T15:46:33Z,2026-06-27T17:46:33+0200,4e541c53-98a3-4782-9d6d-b4c701b81d28,2026-06-09T22:30:00Z,2026-06-10T00:30:00+0200,713.63,MW,FR,FR,actual_offshore_wind_generation,Wind Offshore | Actual Aggregated,2026-06-27T15:47:42Z
2026-06-27T15:46:33Z,2026-06-27T17:46:33+0200,4e541c53-98a3-4782-9d6d-b4c701b81d28,2026-06-09T22:45:00Z,2026-06-10T00:45:00+0200,666.0,MW,FR,FR,actual_offshore_wind_generation,Wind Offshore | Actual Aggregated,2026-06-27T15:47:42Z
2026-06-27T15:46:33Z,2026-06-27T17:46:33+0200,4e541c53-98a3-4782-9d6d-b4c701b81d28,2026-06-09T23:00:00Z,2026-06-10T01:00:00+0200,610.69,MW,FR,FR,actual_offshore_wind_generation,Wind Offshore | Actual Aggregated,2026-06-27T15:47:42Z
2026-06-27T15:46:33Z,2026-06-27T17:46:33+0200,4e541c53-98a3-4782-9d6d-b4c701b81d28,2026-06-09T23:15:00Z,2026-06-10T01:15:00+0200,608.32,MW,FR,FR,actual_offshore_wind_generation,Wind Offshore | Actual Aggregated,2026-06-27T15:47:42Z
2026-06-27T15:46:33Z,2026-06-27T17:46:33+0200,4e541c53-98a3-4782-9d6d-b4c701b81d28,2026-06-09T23:30:00Z,2026-06-10T01:30:00+0200,704.4,MW,FR,FR,actual_offshore_wind_generation,Wind Offshore | Actual Aggregated,2026-06-27T15:47:42Z
2026-06-27T15:46:33Z,2026-06-27T17:46:33+0200,4e541c53-98a3-4782-9d6d-b4c701b81d28,2026-06-09T23:45:00Z,2026-06-10T01:45:00+0200,765.28,MW,FR,FR,actual_offshore_wind_generation,Wind Offshore | Actual Aggregated,2026-06-27T15:47:42Z
2026-06-27T15:46:33Z,2026-06-27T17:46:33+0200,4e541c53-98a3-4782-9d6d-b4c701b81d28,2026-06-10T00:00:00Z,2026-06-10T02:00:00+0200,576.36,MW,FR,FR,actual_offshore_wind_generation,Wind Offshore | Actual Aggregated,2026-06-27T15:47:42Z
2026-06-27T15:46:33Z,2026-06-27T17:46:33+0200,4e541c53-98a3-4782-9d6d-b4c701b81d28,2026-06-10T00:15:00Z,2026-06-10T02:15:00+0200,526.77,MW,FR,FR,actual_offshore_wind_generation,Wind Offshore | Actual Aggregated,2026-06-27T15:47:42Z
2026-06-27T15:46:33Z,2026-06-27T17:46:33+0200,4e541c53-98a3-4782-9d6d-b4c701b81d28,2026-06-10T00:30:00Z,2026-06-10T02:30:00+0200,550.93,MW,FR,FR,actual_offshore_wind_generation,Wind Offshore | Actual Aggregated,2026-06-27T15:47:42Z
2026-06-27T15:46:33Z,2026-06-27T17:46:33+0200,4e541c53-98a3-4782-9d6d-b4c701b81d28,2026-06-10T00:45:00Z,2026-06-10T02:45:00+0200,557.57,MW,FR,FR,actual_offshore_wind_generation,Wind Offshore | Actual Aggregated,2026-06-27T15:47:42Z
2026-06-27T15:46:33Z,2026-06-27T17:46:33+0200,4e541c53-98a3-4782-9d6d-b4c701b81d28,2026-06-10T01:00:00Z,2026-06-10T03:00:00+0200,587.78,MW,FR,FR,actual_offshore_wind_generation,Wind Offshore | Actual Aggregated,2026-06-27T15:47:42Z
2026-06-27T15:46:33Z,2026-06-27T17:46:33+0200,4e541c53-98a3-4782-9d6d-b4c701b81d28,2026-06-10T01:15:00Z,2026-06-10T03:15:00+0200,543.72,MW,FR,FR,actual_offshore_wind_generation,Wind Offshore | Actual Aggregated,2026-06-27T15:47:42Z
2026-06-27T15:46:33Z,2026-06-27T17:46:33+0200,4e541c53-98a3-4782-9d6d-b4c701b81d28,2026-06-10T01:30:00Z,2026-06-10T03:30:00+0200,507.34,MW,FR,FR,actual_offshore_wind_generation,Wind Offshore | Actual Aggregated,2026-06-27T15:47:42Z
2026-06-27T15:46:33Z,2026-06-27T17:46:33+0200,4e541c53-98a3-4782-9d6d-b4c701b81d28,2026-06-10T01:45:00Z,2026-06-10T03:45:00+0200,540.53,MW,FR,FR,actual_offshore_wind_generation,Wind Offshore | Actual Aggregated,2026-06-27T15:47:42Z
2026-06-27T15:46:33Z,2026-06-27T17:46:33+0200,4e541c53-98a3-4782-9d6d-b4c701b81d28,2026-06-10T02:00:00Z,2026-06-10T04:00:00+0200,465.7,MW,FR,FR,actual_offshore_wind_generation,Wind Offshore | Actual Aggregated,2026-06-27T15:47:42Z
2026-06-27T15:46:33Z,2026-06-27T17:46:33+0200,4e541c53-98a3-4782-9d6d-b4c701b81d28,2026-06-10T02:15:00Z,2026-06-10T04:15:00+0200,475.43,MW,FR,FR,actual_offshore_wind_generation,Wind Offshore | Actual Aggregated,2026-06-27T15:47:42Z
2026-06-27T15:46:33Z,2026-06-27T17:46:33+0200,4e541c53-98a3-4782-9d6d-b4c701b81d28,2026-06-10T02:30:00Z,2026-06-10T04:30:00+0200,523.15,MW,FR,FR,actual_offshore_wind_generation,Wind Offshore | Actual Aggregated,2026-06-27T15:47:42Z
2026-06-27T15:46:33Z,2026-06-27T17:46:33+0200,4e541c53-98a3-4782-9d6d-b4c701b81d28,2026-06-10T02:45:00Z,2026-06-10T04:45:00+0200,529.77,MW,FR,FR,actual_offshore_wind_generation,Wind Offshore | Actual Aggregated,2026-06-27T15:47:42Z
2026-06-27T15:46:33Z,2026-06-27T17:46:33+0200,4e541c53-98a3-4782-9d6d-b4c701b81d28,2026-06-10T03:00:00Z,2026-06-10T05:00:00+0200,473.88,MW,FR,FR,actual_offshore_wind_generation,Wind Offshore | Actual Aggregated,2026-06-27T15:47:42Z
2026-06-27T15:46:33Z,2026-06-27T17:46:33+0200,4e541c53-98a3-4782-9d6d-b4c701b81d28,2026-06-10T03:15:00Z,2026-06-10T05:15:00+0200,464.85,MW,FR,FR,actual_offshore_wind_generation,Wind Offshore | Actual Aggregated,2026-06-27T15:47:42Z
2026-06-27T15:46:33Z,2026-06-27T17:46:33+0200,4e541c53-98a3-4782-9d6d-b4c701b81d28,2026-06-10T03:30:00Z,2026-06-10T05:30:00+0200,474.96,MW,FR,FR,actual_offshore_wind_generation,Wind Offshore | Actual Aggregated,2026-06-27T15:47:42Z
2026-06-27T15:46:33Z,2026-06-27T17:46:33+0200,4e541c53-98a3-4782-9d6d-b4c701b81d28,2026-06-10T03:45:00Z,2026-06-10T05:45:00+0200,494.46,MW,FR,FR,actual_offshore_wind_generation,Wind Offshore | Actual Aggregated,2026-06-27T15:47:42Z
2026-06-27T15:46:33Z,2026-06-27T17:46:33+0200,4e541c53-98a3-4782-9d6d-b4c701b81d28,2026-06-10T04:00:00Z,2026-06-10T06:00:00+0200,468.37,MW,FR,FR,actual_offshore_wind_generation,Wind Offshore | Actual Aggregated,2026-06-27T15:47:42Z
2026-06-27T15:46:33Z,2026-06-27T17:46:33+0200,4e541c53-98a3-4782-9d6d-b4c701b81d28,2026-06-10T04:15:00Z,2026-06-10T06:15:00+0200,513.39,MW,FR,FR,actual_offshore_wind_generation,Wind Offshore | Actual Aggregated,2026-06-27T15:47:42Z
2026-06-27T15:46:33Z,2026-06-27T17:46:33+0200,4e541c53-98a3-4782-9d6d-b4c701b81d28,2026-06-10T04:30:00Z,2026-06-10T06:30:00+0200,485.03,MW,FR,FR,actual_offshore_wind_generation,Wind Offshore | Actual Aggregated,2026-06-27T15:47:42Z
2026-06-27T15:46:33Z,2026-06-27T17:46:33+0200,4e541c53-98a3-4782-9d6d-b4c701b81d28,2026-06-10T04:45:00Z,2026-06-10T06:45:00+0200,379.02,MW,FR,FR,actual_offshore_wind_generation,Wind Offshore | Actual Aggregated,2026-06-27T15:47:42Z
2026-06-27T15:46:33Z,2026-06-27T17:46:33+0200,4e541c53-98a3-4782-9d6d-b4c701b81d28,2026-06-10T05:00:00Z,2026-06-10T07:00:00+0200,439.45,MW,FR,FR,actual_offshore_wind_generation,Wind Offshore | Actual Aggregated,2026-06-27T15:47:42Z
2026-06-27T15:46:33Z,2026-06-27T17:46:33+0200,4e541c53-98a3-4782-9d6d-b4c701b81d28,2026-06-10T05:15:00Z,2026-06-10T07:15:00+0200,464.11,MW,FR,FR,actual_offshore_wind_generation,Wind Offshore | Actual Aggregated,2026-06-27T15:47:42Z
2026-06-27T15:46:33Z,2026-06-27T17:46:33+0200,4e541c53-98a3-4782-9d6d-b4c701b81d28,2026-06-10T05:30:00Z,2026-06-10T07:30:00+0200,431.38,MW,FR,FR,actual_offshore_wind_generation,Wind Offshore | Actual Aggregated,2026-06-27T15:47:42Z
2026-06-27T15:46:33Z,2026-06-27T17:46:33+0200,4e541c53-98a3-4782-9d6d-b4c701b81d28,2026-06-10T05:45:00Z,2026-06-10T07:45:00+0200,351.34,MW,FR,FR,actual_offshore_wind_generation,Wind Offshore | Actual Aggregated,2026-06-27T15:47:42Z
2026-06-27T15:46:33Z,2026-06-27T17:46:33+0200,4e541c53-98a3-4782-9d6d-b4c701b81d28,2026-06-10T06:00:00Z,2026-06-10T08:00:00+0200,383.1,MW,FR,FR,actual_offshore_wind_generation,Wind Offshore | Actual Aggregated,2026-06-27T15:47:42Z
2026-06-27T15:46:33Z,2026-06-27T17:46:33+0200,4e541c53-98a3-4782-9d6d-b4c701b81d28,2026-06-10T06:15:00Z,2026-06-10T08:15:00+0200,423.14,MW,FR,FR,actual_offshore_wind_generation,Wind Offshore | Actual Aggregated,2026-06-27T15:47:42Z
2026-06-27T15:46:33Z,2026-06-27T17:46:33+0200,4e541c53-98a3-4782-9d6d-b4c701b81d28,2026-06-10T06:30:00Z,2026-06-10T08:30:00+0200,478.06,MW,FR,FR,actual_offshore_wind_generation,Wind Offshore | Actual Aggregated,2026-06-27T15:47:42Z
2026-06-27T15:46:33Z,2026-06-27T17:46:33+0200,4e541c53-98a3-4782-9d6d-b4c701b81d28,2026-06-10T06:45:00Z,2026-06-10T08:45:00+0200,485.36,MW,FR,FR,actual_offshore_wind_generation,Wind Offshore | Actual Aggregated,2026-06-27T15:47:42Z
2026-06-27T15:46:33Z,2026-06-27T17:46:33+0200,4e541c53-98a3-4782-9d6d-b4c701b81d28,2026-06-10T07:00:00Z,2026-06-10T09:00:00+0200,472.48,MW,FR,FR,actual_offshore_wind_generation,Wind Offshore | Actual Aggregated,2026-06-27T15:47:42Z
2026-06-27T15:46:33Z,2026-06-27T17:46:33+0200,4e541c53-98a3-4782-9d6d-b4c701b81d28,2026-06-10T07:15:00Z,2026-06-10T09:15:00+0200,438.2,MW,FR,FR,actual_offshore_wind_generation,Wind Offshore | Actual Aggregated,2026-06-27T15:47:42Z
2026-06-27T15:46:33Z,2026-06-27T17:46:33+0200,4e541c53-98a3-4782-9d6d-b4c701b81d28,2026-06-10T07:30:00Z,2026-06-10T09:30:00+0200,448.77,MW,FR,FR,actual_offshore_wind_generation,Wind Offshore | Actual Aggregated,2026-06-27T15:47:42Z
2026-06-27T15:46:33Z,2026-06-27T17:46:33+0200,4e541c53-98a3-4782-9d6d-b4c701b81d28,2026-06-10T07:45:00Z,2026-06-10T09:45:00+0200,465.46,MW,FR,FR,actual_offshore_wind_generation,Wind Offshore | Actual Aggregated,2026-06-27T15:47:42Z
2026-06-27T15:46:33Z,2026-06-27T17:46:33+0200,4e541c53-98a3-4782-9d6d-b4c701b81d28,2026-06-10T08:00:00Z,2026-06-10T10:00:00+0200,435.86,MW,FR,FR,actual_offshore_wind_generation,Wind Offshore | Actual Aggregated,2026-06-27T15:47:42Z
2026-06-27T15:46:33Z,2026-06-27T17:46:33+0200,4e541c53-98a3-4782-9d6d-b4c701b81d28,2026-06-10T08:15:00Z,2026-06-10T10:15:00+0200,392.6,MW,FR,FR,actual_offshore_wind_generation,Wind Offshore | Actual Aggregated,2026-06-27T15:47:42Z
2026-06-27T15:46:33Z,2026-06-27T17:46:33+0200,4e541c53-98a3-4782-9d6d-b4c701b81d28,2026-06-10T08:30:00Z,2026-06-10T10:30:00+0200,437.88,MW,FR,FR,actual_offshore_wind_generation,Wind Offshore | Actual Aggregated,2026-06-27T15:47:42Z
2026-06-27T15:46:33Z,2026-06-27T17:46:33+0200,4e541c53-98a3-4782-9d6d-b4c701b81d28,2026-06-10T08:45:00Z,2026-06-10T10:45:00+0200,418.5,MW,FR,FR,actual_offshore_wind_generation,Wind Offshore | Actual Aggregated,2026-06-27T15:47:42Z
2026-06-27T15:46:33Z,2026-06-27T17:46:33+0200,4e541c53-98a3-4782-9d6d-b4c701b81d28,2026-06-10T09:00:00Z,2026-06-10T11:00:00+0200,453.34,MW,FR,FR,actual_offshore_wind_generation,Wind Offshore | Actual Aggregated,2026-06-27T15:47:42Z
2026-06-27T15:46:33Z,2026-06-27T17:46:33+0200,4e541c53-98a3-4782-9d6d-b4c701b81d28,2026-06-10T09:15:00Z,2026-06-10T11:15:00+0200,484.63,MW,FR,FR,actual_offshore_wind_generation,Wind Offshore | Actual Aggregated,2026-06-27T15:47:42Z
2026-06-27T15:46:33Z,2026-06-27T17:46:33+0200,4e541c53-98a3-4782-9d6d-b4c701b81d28,2026-06-10T09:30:00Z,2026-06-10T11:30:00+0200,474.6,MW,FR,FR,actual_offshore_wind_generation,Wind Offshore | Actual Aggregated,2026-06-27T15:47:42Z
2026-06-27T15:46:33Z,2026-06-27T17:46:33+0200,4e541c53-98a3-4782-9d6d-b4c701b81d28,2026-06-10T09:45:00Z,2026-06-10T11:45:00+0200,482.08,MW,FR,FR,actual_offshore_wind_generation,Wind Offshore | Actual Aggregated,2026-06-27T15:47:42Z
2026-06-27T15:46:33Z,2026-06-27T17:46:33+0200,4e541c53-98a3-4782-9d6d-b4c701b81d28,2026-06-10T10:00:00Z,2026-06-10T12:00:00+0200,607.92,MW,FR,FR,actual_offshore_wind_generation,Wind Offshore | Actual Aggregated,2026-06-27T15:47:42Z
2026-06-27T15:46:33Z,2026-06-27T17:46:33+0200,4e541c53-98a3-4782-9d6d-b4c701b81d28,2026-06-10T10:15:00Z,2026-06-10T12:15:00+0200,618.03,MW,FR,FR,actual_offshore_wind_generation,Wind Offshore | Actual Aggregated,2026-06-27T15:47:42Z
2026-06-27T15:46:33Z,2026-06-27T17:46:33+0200,4e541c53-98a3-4782-9d6d-b4c701b81d28,2026-06-10T10:30:00Z,2026-06-10T12:30:00+0200,567.32,MW,FR,FR,actual_offshore_wind_generation,Wind Offshore | Actual Aggregated,2026-06-27T15:47:42Z
2026-06-27T15:46:33Z,2026-06-27T17:46:33+0200,4e541c53-98a3-4782-9d6d-b4c701b81d28,2026-06-10T10:45:00Z,2026-06-10T12:45:00+0200,504.27,MW,FR,FR,actual_offshore_wind_generation,Wind Offshore | Actual Aggregated,2026-06-27T15:47:42Z
2026-06-27T15:46:33Z,2026-06-27T17:46:33+0200,4e541c53-98a3-4782-9d6d-b4c701b81d28,2026-06-10T11:00:00Z,2026-06-10T13:00:00+0200,422.67,MW,FR,FR,actual_offshore_wind_generation,Wind Offshore | Actual Aggregated,2026-06-27T15:47:42Z
2026-06-27T15:46:33Z,2026-06-27T17:46:33+0200,4e541c53-98a3-4782-9d6d-b4c701b81d28,2026-06-10T11:15:00Z,2026-06-10T13:15:00+0200,413.31,MW,FR,FR,actual_offshore_wind_generation,Wind Offshore | Actual Aggregated,2026-06-27T15:47:42Z
2026-06-27T15:46:33Z,2026-06-27T17:46:33+0200,4e541c53-98a3-4782-9d6d-b4c701b81d28,2026-06-10T11:30:00Z,2026-06-10T13:30:00+0200,344.43,MW,FR,FR,actual_offshore_wind_generation,Wind Offshore | Actual Aggregated,2026-06-27T15:47:42Z
2026-06-27T15:46:33Z,2026-06-27T17:46:33+0200,4e541c53-98a3-4782-9d6d-b4c701b81d28,2026-06-10T11:45:00Z,2026-06-10T13:45:00+0200,341.23,MW,FR,FR,actual_offshore_wind_generation,Wind Offshore | Actual Aggregated,2026-06-27T15:47:42Z
2026-06-27T15:46:33Z,2026-06-27T17:46:33+0200,4e541c53-98a3-4782-9d6d-b4c701b81d28,2026-06-10T12:00:00Z,2026-06-10T14:00:00+0200,345.43,MW,FR,FR,actual_offshore_wind_generation,Wind Offshore | Actual Aggregated,2026-06-27T15:47:42Z
2026-06-27T15:46:33Z,2026-06-27T17:46:33+0200,4e541c53-98a3-4782-9d6d-b4c701b81d28,2026-06-10T12:15:00Z,2026-06-10T14:15:00+0200,335.56,MW,FR,FR,actual_offshore_wind_generation,Wind Offshore | Actual Aggregated,2026-06-27T15:47:42Z
2026-06-27T15:46:33Z,2026-06-27T17:46:33+0200,4e541c53-98a3-4782-9d6d-b4c701b81d28,2026-06-10T12:30:00Z,2026-06-10T14:30:00+0200,331.74,MW,FR,FR,actual_offshore_wind_generation,Wind Offshore | Actual Aggregated,2026-06-27T15:47:42Z
2026-06-27T15:46:33Z,2026-06-27T17:46:33+0200,4e541c53-98a3-4782-9d6d-b4c701b81d28,2026-06-10T12:45:00Z,2026-06-10T14:45:00+0200,365.96,MW,FR,FR,actual_offshore_wind_generation,Wind Offshore | Actual Aggregated,2026-06-27T15:47:42Z
2026-06-27T15:46:33Z,2026-06-27T17:46:33+0200,4e541c53-98a3-4782-9d6d-b4c701b81d28,2026-06-10T13:00:00Z,2026-06-10T15:00:00+0200,408.57,MW,FR,FR,actual_offshore_wind_generation,Wind Offshore | Actual Aggregated,2026-06-27T15:47:42Z
2026-06-27T15:46:33Z,2026-06-27T17:46:33+0200,4e541c53-98a3-4782-9d6d-b4c701b81d28,2026-06-10T13:15:00Z,2026-06-10T15:15:00+0200,442.97,MW,FR,FR,actual_offshore_wind_generation,Wind Offshore | Actual Aggregated,2026-06-27T15:47:42Z
2026-06-27T15:46:33Z,2026-06-27T17:46:33+0200,4e541c53-98a3-4782-9d6d-b4c701b81d28,2026-06-10T13:30:00Z,2026-06-10T15:30:00+0200,442.89,MW,FR,FR,actual_offshore_wind_generation,Wind Offshore | Actual Aggregated,2026-06-27T15:47:42Z
2026-06-27T15:46:33Z,2026-06-27T17:46:33+0200,4e541c53-98a3-4782-9d6d-b4c701b81d28,2026-06-10T13:45:00Z,2026-06-10T15:45:00+0200,428.68,MW,FR,FR,actual_offshore_wind_generation,Wind Offshore | Actual Aggregated,2026-06-27T15:47:42Z
2026-06-27T15:46:33Z,2026-06-27T17:46:33+0200,4e541c53-98a3-4782-9d6d-b4c701b81d28,2026-06-10T14:00:00Z,2026-06-10T16:00:00+0200,381.88,MW,FR,FR,actual_offshore_wind_generation,Wind Offshore | Actual Aggregated,2026-06-27T15:47:42Z
2026-06-27T15:46:33Z,2026-06-27T17:46:33+0200,4e541c53-98a3-4782-9d6d-b4c701b81d28,2026-06-10T14:15:00Z,2026-06-10T16:15:00+0200,427.03,MW,FR,FR,actual_offshore_wind_generation,Wind Offshore | Actual Aggregated,2026-06-27T15:47:42Z
2026-06-27T15:46:33Z,2026-06-27T17:46:33+0200,4e541c53-98a3-4782-9d6d-b4c701b81d28,2026-06-10T14:30:00Z,2026-06-10T16:30:00+0200,494.82,MW,FR,FR,actual_offshore_wind_generation,Wind Offshore | Actual Aggregated,2026-06-27T15:47:42Z
2026-06-27T15:46:33Z,2026-06-27T17:46:33+0200,4e541c53-98a3-4782-9d6d-b4c701b81d28,2026-06-10T14:45:00Z,2026-06-10T16:45:00+0200,591.24,MW,FR,FR,actual_offshore_wind_generation,Wind Offshore | Actual Aggregated,2026-06-27T15:47:42Z
2026-06-27T15:46:33Z,2026-06-27T17:46:33+0200,4e541c53-98a3-4782-9d6d-b4c701b81d28,2026-06-10T15:00:00Z,2026-06-10T17:00:00+0200,677.37,MW,FR,FR,actual_offshore_wind_generation,Wind Offshore | Actual Aggregated,2026-06-27T15:47:42Z
2026-06-27T15:46:33Z,2026-06-27T17:46:33+0200,4e541c53-98a3-4782-9d6d-b4c701b81d28,2026-06-10T15:15:00Z,2026-06-10T17:15:00+0200,1031.88,MW,FR,FR,actual_offshore_wind_generation,Wind Offshore | Actual Aggregated,2026-06-27T15:47:42Z
2026-06-27T15:46:33Z,2026-06-27T17:46:33+0200,4e541c53-98a3-4782-9d6d-b4c701b81d28,2026-06-10T15:30:00Z,2026-06-10T17:30:00+0200,1233.35,MW,FR,FR,actual_offshore_wind_generation,Wind Offshore | Actual Aggregated,2026-06-27T15:47:42Z
2026-06-27T15:46:33Z,2026-06-27T17:46:33+0200,4e541c53-98a3-4782-9d6d-b4c701b81d28,2026-06-10T15:45:00Z,2026-06-10T17:45:00+0200,1242.53,MW,FR,FR,actual_offshore_wind_generation,Wind Offshore | Actual Aggregated,2026-06-27T15:47:42Z
2026-06-27T15:46:33Z,2026-06-27T17:46:33+0200,4e541c53-98a3-4782-9d6d-b4c701b81d28,2026-06-10T16:00:00Z,2026-06-10T18:00:00+0200,1178.09,MW,FR,FR,actual_offshore_wind_generation,Wind Offshore | Actual Aggregated,2026-06-27T15:47:42Z
2026-06-27T15:46:33Z,2026-06-27T17:46:33+0200,4e541c53-98a3-4782-9d6d-b4c701b81d28,2026-06-10T16:15:00Z,2026-06-10T18:15:00+0200,1252.5,MW,FR,FR,actual_offshore_wind_generation,Wind Offshore | Actual Aggregated,2026-06-27T15:47:42Z
2026-06-27T15:46:33Z,2026-06-27T17:46:33+0200,4e541c53-98a3-4782-9d6d-b4c701b81d28,2026-06-10T16:30:00Z,2026-06-10T18:30:00+0200,764.39,MW,FR,FR,actual_offshore_wind_generation,Wind Offshore | Actual Aggregated,2026-06-27T15:47:42Z
2026-06-27T15:46:33Z,2026-06-27T17:46:33+0200,4e541c53-98a3-4782-9d6d-b4c701b81d28,2026-06-10T16:45:00Z,2026-06-10T18:45:00+0200,356.22,MW,FR,FR,actual_offshore_wind_generation,Wind Offshore | Actual Aggregated,2026-06-27T15:47:42Z
2026-06-27T15:46:33Z,2026-06-27T17:46:33+0200,4e541c53-98a3-4782-9d6d-b4c701b81d28,2026-06-10T17:00:00Z,2026-06-10T19:00:00+0200,299.63,MW,FR,FR,actual_offshore_wind_generation,Wind Offshore | Actual Aggregated,2026-06-27T15:47:42Z
2026-06-27T15:46:33Z,2026-06-27T17:46:33+0200,4e541c53-98a3-4782-9d6d-b4c701b81d28,2026-06-10T17:15:00Z,2026-06-10T19:15:00+0200,488.8,MW,FR,FR,actual_offshore_wind_generation,Wind Offshore | Actual Aggregated,2026-06-27T15:47:42Z
2026-06-27T15:46:33Z,2026-06-27T17:46:33+0200,4e541c53-98a3-4782-9d6d-b4c701b81d28,2026-06-10T17:30:00Z,2026-06-10T19:30:00+0200,896.46,MW,FR,FR,actual_offshore_wind_generation,Wind Offshore | Actual Aggregated,2026-06-27T15:47:42Z
2026-06-27T15:46:33Z,2026-06-27T17:46:33+0200,4e541c53-98a3-4782-9d6d-b4c701b81d28,2026-06-10T17:45:00Z,2026-06-10T19:45:00+0200,951.59,MW,FR,FR,actual_offshore_wind_generation,Wind Offshore | Actual Aggregated,2026-06-27T15:47:42Z
2026-06-27T15:46:33Z,2026-06-27T17:46:33+0200,4e541c53-98a3-4782-9d6d-b4c701b81d28,2026-06-10T18:00:00Z,2026-06-10T20:00:00+0200,1275.63,MW,FR,FR,actual_offshore_wind_generation,Wind Offshore | Actual Aggregated,2026-06-27T15:47:42Z
2026-06-27T15:46:33Z,2026-06-27T17:46:33+0200,4e541c53-98a3-4782-9d6d-b4c701b81d28,2026-06-10T18:15:00Z,2026-06-10T20:15:00+0200,1240.8,MW,FR,FR,actual_offshore_wind_generation,Wind Offshore | Actual Aggregated,2026-06-27T15:47:42Z
2026-06-27T15:46:33Z,2026-06-27T17:46:33+0200,4e541c53-98a3-4782-9d6d-b4c701b81d28,2026-06-10T18:30:00Z,2026-06-10T20:30:00+0200,1251.66,MW,FR,FR,actual_offshore_wind_generation,Wind Offshore | Actual Aggregated,2026-06-27T15:47:42Z
2026-06-27T15:46:33Z,2026-06-27T17:46:33+0200,4e541c53-98a3-4782-9d6d-b4c701b81d28,2026-06-10T18:45:00Z,2026-06-10T20:45:00+0200,1264.1,MW,FR,FR,actual_offshore_wind_generation,Wind Offshore | Actual Aggregated,2026-06-27T15:47:42Z
2026-06-27T15:46:33Z,2026-06-27T17:46:33+0200,4e541c53-98a3-4782-9d6d-b4c701b81d28,2026-06-10T19:00:00Z,2026-06-10T21:00:00+0200,1284.62,MW,FR,FR,actual_offshore_wind_generation,Wind Offshore | Actual Aggregated,2026-06-27T15:47:42Z
2026-06-27T15:46:33Z,2026-06-27T17:46:33+0200,4e541c53-98a3-4782-9d6d-b4c701b81d28,2026-06-10T19:15:00Z,2026-06-10T21:15:00+0200,1294.05,MW,FR,FR,actual_offshore_wind_generation,Wind Offshore | Actual Aggregated,2026-06-27T15:47:42Z
2026-06-27T15:46:33Z,2026-06-27T17:46:33+0200,4e541c53-98a3-4782-9d6d-b4c701b81d28,2026-06-10T19:30:00Z,2026-06-10T21:30:00+0200,1293.26,MW,FR,FR,actual_offshore_wind_generation,Wind Offshore | Actual Aggregated,2026-06-27T15:47:42Z
2026-06-27T15:46:33Z,2026-06-27T17:46:33+0200,4e541c53-98a3-4782-9d6d-b4c701b81d28,2026-06-10T19:45:00Z,2026-06-10T21:45:00+0200,1273.14,MW,FR,FR,actual_offshore_wind_generation,Wind Offshore | Actual Aggregated,2026-06-27T15:47:42Z
2026-06-27T15:46:33Z,2026-06-27T17:46:33+0200,4e541c53-98a3-4782-9d6d-b4c701b81d28,2026-06-10T20:00:00Z,2026-06-10T22:00:00+0200,1241.58,MW,FR,FR,actual_offshore_wind_generation,Wind Offshore | Actual Aggregated,2026-06-27T15:47:42Z
2026-06-27T15:46:33Z,2026-06-27T17:46:33+0200,4e541c53-98a3-4782-9d6d-b4c701b81d28,2026-06-10T20:15:00Z,2026-06-10T22:15:00+0200,1251.84,MW,FR,FR,actual_offshore_wind_generation,Wind Offshore | Actual Aggregated,2026-06-27T15:47:42Z
2026-06-27T15:46:33Z,2026-06-27T17:46:33+0200,4e541c53-98a3-4782-9d6d-b4c701b81d28,2026-06-10T20:30:00Z,2026-06-10T22:30:00+0200,1239.21,MW,FR,FR,actual_offshore_wind_generation,Wind Offshore | Actual Aggregated,2026-06-27T15:47:42Z
2026-06-27T15:46:33Z,2026-06-27T17:46:33+0200,4e541c53-98a3-4782-9d6d-b4c701b81d28,2026-06-10T20:45:00Z,2026-06-10T22:45:00+0200,1217.22,MW,FR,FR,actual_offshore_wind_generation,Wind Offshore | Actual Aggregated,2026-06-27T15:47:42Z
2026-06-27T15:46:33Z,2026-06-27T17:46:33+0200,4e541c53-98a3-4782-9d6d-b4c701b81d28,2026-06-10T21:00:00Z,2026-06-10T23:00:00+0200,1206.44,MW,FR,FR,actual_offshore_wind_generation,Wind Offshore | Actual Aggregated,2026-06-27T15:47:42Z
2026-06-27T15:46:33Z,2026-06-27T17:46:33+0200,4e541c53-98a3-4782-9d6d-b4c701b81d28,2026-06-10T21:15:00Z,2026-06-10T23:15:00+0200,1174.29,MW,FR,FR,actual_offshore_wind_generation,Wind Offshore | Actual Aggregated,2026-06-27T15:47:42Z
2026-06-27T15:46:33Z,2026-06-27T17:46:33+0200,4e541c53-98a3-4782-9d6d-b4c701b81d28,2026-06-10T21:30:00Z,2026-06-10T23:30:00+0200,1139.64,MW,FR,FR,actual_offshore_wind_generation,Wind Offshore | Actual Aggregated,2026-06-27T15:47:42Z
2026-06-27T15:46:33Z,2026-06-27T17:46:33+0200,4e541c53-98a3-4782-9d6d-b4c701b81d28,2026-06-10T21:45:00Z,2026-06-10T23:45:00+0200,1107.74,MW,FR,FR,actual_offshore_wind_generation,Wind Offshore | Actual Aggregated,2026-06-27T15:47:42Z
2026-06-27T15:46:33Z,2026-06-27T17:46:33+0200,4e541c53-98a3-4782-9d6d-b4c701b81d28,2026-06-10T22:00:00Z,2026-06-11T00:00:00+0200,1085.34,MW,FR,FR,actual_offshore_wind_generation,Wind Offshore | Actual Aggregated,2026-06-27T15:47:42Z
2026-06-27T15:46:33Z,2026-06-27T17:46:33+0200,4e541c53-98a3-4782-9d6d-b4c701b81d28,2026-06-10T22:15:00Z,2026-06-11T00:15:00+0200,1035.37,MW,FR,FR,actual_offshore_wind_generation,Wind Offshore | Actual Aggregated,2026-06-27T15:47:42Z
2026-06-27T15:46:33Z,2026-06-27T17:46:33+0200,4e541c53-98a3-4782-9d6d-b4c701b81d28,2026-06-10T22:30:00Z,2026-06-11T00:30:00+0200,987.32,MW,FR,FR,actual_offshore_wind_generation,Wind Offshore | Actual Aggregated,2026-06-27T15:47:42Z
2026-06-27T15:46:33Z,2026-06-27T17:46:33+0200,4e541c53-98a3-4782-9d6d-b4c701b81d28,2026-06-10T22:45:00Z,2026-06-11T00:45:00+0200,958.7,MW,FR,FR,actual_offshore_wind_generation,Wind Offshore | Actual Aggregated,2026-06-27T15:47:42Z
2026-06-27T15:46:33Z,2026-06-27T17:46:33+0200,4e541c53-98a3-4782-9d6d-b4c701b81d28,2026-06-10T23:00:00Z,2026-06-11T01:00:00+0200,938.86,MW,FR,FR,actual_offshore_wind_generation,Wind Offshore | Actual Aggregated,2026-06-27T15:47:42Z
2026-06-27T15:46:33Z,2026-06-27T17:46:33+0200,4e541c53-98a3-4782-9d6d-b4c701b81d28,2026-06-10T23:15:00Z,2026-06-11T01:15:00+0200,917.96,MW,FR,FR,actual_offshore_wind_generation,Wind Offshore | Actual Aggregated,2026-06-27T15:47:42Z
2026-06-27T15:46:33Z,2026-06-27T17:46:33+0200,4e541c53-98a3-4782-9d6d-b4c701b81d28,2026-06-10T23:30:00Z,2026-06-11T01:30:00+0200,889.32,MW,FR,FR,actual_offshore_wind_generation,Wind Offshore | Actual Aggregated,2026-06-27T15:47:42Z
2026-06-27T15:46:33Z,2026-06-27T17:46:33+0200,4e541c53-98a3-4782-9d6d-b4c701b81d28,2026-06-10T23:45:00Z,2026-06-11T01:45:00+0200,848.29,MW,FR,FR,actual_offshore_wind_generation,Wind Offshore | Actual Aggregated,2026-06-27T15:47:42Z
2026-06-27T15:46:33Z,2026-06-27T17:46:33+0200,4e541c53-98a3-4782-9d6d-b4c701b81d28,2026-06-11T00:00:00Z,2026-06-11T02:00:00+0200,861.44,MW,FR,FR,actual_offshore_wind_generation,Wind Offshore | Actual Aggregated,2026-06-27T15:47:42Z
2026-06-27T15:46:33Z,2026-06-27T17:46:33+0200,4e541c53-98a3-4782-9d6d-b4c701b81d28,2026-06-11T00:15:00Z,2026-06-11T02:15:00+0200,826.33,MW,FR,FR,actual_offshore_wind_generation,Wind Offshore | Actual Aggregated,2026-06-27T15:47:42Z
2026-06-27T15:46:33Z,2026-06-27T17:46:33+0200,4e541c53-98a3-4782-9d6d-b4c701b81d28,2026-06-11T00:30:00Z,2026-06-11T02:30:00+0200,709.04,MW,FR,FR,actual_offshore_wind_generation,Wind Offshore | Actual Aggregated,2026-06-27T15:47:42Z
2026-06-27T15:46:33Z,2026-06-27T17:46:33+0200,4e541c53-98a3-4782-9d6d-b4c701b81d28,2026-06-11T00:45:00Z,2026-06-11T02:45:00+0200,572.54,MW,FR,FR,actual_offshore_wind_generation,Wind Offshore | Actual Aggregated,2026-06-27T15:47:42Z
2026-06-27T15:46:33Z,2026-06-27T17:46:33+0200,4e541c53-98a3-4782-9d6d-b4c701b81d28,2026-06-11T01:00:00Z,2026-06-11T03:00:00+0200,571.22,MW,FR,FR,actual_offshore_wind_generation,Wind Offshore | Actual Aggregated,2026-06-27T15:47:42Z
2026-06-27T15:46:33Z,2026-06-27T17:46:33+0200,4e541c53-98a3-4782-9d6d-b4c701b81d28,2026-06-11T01:15:00Z,2026-06-11T03:15:00+0200,570.08,MW,FR,FR,actual_offshore_wind_generation,Wind Offshore | Actual Aggregated,2026-06-27T15:47:42Z
2026-06-27T15:46:33Z,2026-06-27T17:46:33+0200,4e541c53-98a3-4782-9d6d-b4c701b81d28,2026-06-11T01:30:00Z,2026-06-11T03:30:00+0200,508.99,MW,FR,FR,actual_offshore_wind_generation,Wind Offshore | Actual Aggregated,2026-06-27T15:47:42Z
2026-06-27T15:46:33Z,2026-06-27T17:46:33+0200,4e541c53-98a3-4782-9d6d-b4c701b81d28,2026-06-11T01:45:00Z,2026-06-11T03:45:00+0200,496.49,MW,FR,FR,actual_offshore_wind_generation,Wind Offshore | Actual Aggregated,2026-06-27T15:47:42Z
2026-06-27T15:46:33Z,2026-06-27T17:46:33+0200,4e541c53-98a3-4782-9d6d-b4c701b81d28,2026-06-11T02:00:00Z,2026-06-11T04:00:00+0200,491.59,MW,FR,FR,actual_offshore_wind_generation,Wind Offshore | Actual Aggregated,2026-06-27T15:47:42Z
2026-06-27T15:46:33Z,2026-06-27T17:46:33+0200,4e541c53-98a3-4782-9d6d-b4c701b81d28,2026-06-11T02:15:00Z,2026-06-11T04:15:00+0200,462.28,MW,FR,FR,actual_offshore_wind_generation,Wind Offshore | Actual Aggregated,2026-06-27T15:47:42Z
2026-06-27T15:46:33Z,2026-06-27T17:46:33+0200,4e541c53-98a3-4782-9d6d-b4c701b81d28,2026-06-11T02:30:00Z,2026-06-11T04:30:00+0200,420.51,MW,FR,FR,actual_offshore_wind_generation,Wind Offshore | Actual Aggregated,2026-06-27T15:47:42Z
2026-06-27T15:46:33Z,2026-06-27T17:46:33+0200,4e541c53-98a3-4782-9d6d-b4c701b81d28,2026-06-11T02:45:00Z,2026-06-11T04:45:00+0200,390.04,MW,FR,FR,actual_offshore_wind_generation,Wind Offshore | Actual Aggregated,2026-06-27T15:47:42Z
2026-06-27T15:46:33Z,2026-06-27T17:46:33+0200,4e541c53-98a3-4782-9d6d-b4c701b81d28,2026-06-11T03:00:00Z,2026-06-11T05:00:00+0200,348.75,MW,FR,FR,actual_offshore_wind_generation,Wind Offshore | Actual Aggregated,2026-06-27T15:47:42Z
2026-06-27T15:46:33Z,2026-06-27T17:46:33+0200,4e541c53-98a3-4782-9d6d-b4c701b81d28,2026-06-11T03:15:00Z,2026-06-11T05:15:00+0200,313.6,MW,FR,FR,actual_offshore_wind_generation,Wind Offshore | Actual Aggregated,2026-06-27T15:47:42Z
2026-06-27T15:46:33Z,2026-06-27T17:46:33+0200,4e541c53-98a3-4782-9d6d-b4c701b81d28,2026-06-11T03:30:00Z,2026-06-11T05:30:00+0200,406.65,MW,FR,FR,actual_offshore_wind_generation,Wind Offshore | Actual Aggregated,2026-06-27T15:47:42Z
2026-06-27T15:46:33Z,2026-06-27T17:46:33+0200,4e541c53-98a3-4782-9d6d-b4c701b81d28,2026-06-11T03:45:00Z,2026-06-11T05:45:00+0200,333.94,MW,FR,FR,actual_offshore_wind_generation,Wind Offshore | Actual Aggregated,2026-06-27T15:47:42Z
2026-06-27T15:46:33Z,2026-06-27T17:46:33+0200,4e541c53-98a3-4782-9d6d-b4c701b81d28,2026-06-11T04:00:00Z,2026-06-11T06:00:00+0200,340.1,MW,FR,FR,actual_offshore_wind_generation,Wind Offshore | Actual Aggregated,2026-06-27T15:47:42Z
2026-06-27T15:46:33Z,2026-06-27T17:46:33+0200,4e541c53-98a3-4782-9d6d-b4c701b81d28,2026-06-11T04:15:00Z,2026-06-11T06:15:00+0200,311.37,MW,FR,FR,actual_offshore_wind_generation,Wind Offshore | Actual Aggregated,2026-06-27T15:47:42Z
2026-06-27T15:46:33Z,2026-06-27T17:46:33+0200,4e541c53-98a3-4782-9d6d-b4c701b81d28,2026-06-11T04:30:00Z,2026-06-11T06:30:00+0200,279.34,MW,FR,FR,actual_offshore_wind_generation,Wind Offshore | Actual Aggregated,2026-06-27T15:47:42Z
2026-06-27T15:46:33Z,2026-06-27T17:46:33+0200,4e541c53-98a3-4782-9d6d-b4c701b81d28,2026-06-11T04:45:00Z,2026-06-11T06:45:00+0200,270.48,MW,FR,FR,actual_offshore_wind_generation,Wind Offshore | Actual Aggregated,2026-06-27T15:47:42Z
2026-06-27T15:46:33Z,2026-06-27T17:46:33+0200,4e541c53-98a3-4782-9d6d-b4c701b81d28,2026-06-11T05:00:00Z,2026-06-11T07:00:00+0200,267.35,MW,FR,FR,actual_offshore_wind_generation,Wind Offshore | Actual Aggregated,2026-06-27T15:47:42Z
2026-06-27T15:46:33Z,2026-06-27T17:46:33+0200,4e541c53-98a3-4782-9d6d-b4c701b81d28,2026-06-11T05:15:00Z,2026-06-11T07:15:00+0200,291.53,MW,FR,FR,actual_offshore_wind_generation,Wind Offshore | Actual Aggregated,2026-06-27T15:47:42Z
2026-06-27T15:46:33Z,2026-06-27T17:46:33+0200,4e541c53-98a3-4782-9d6d-b4c701b81d28,2026-06-11T05:30:00Z,2026-06-11T07:30:00+0200,348.71,MW,FR,FR,actual_offshore_wind_generation,Wind Offshore | Actual Aggregated,2026-06-27T15:47:42Z
2026-06-27T15:46:33Z,2026-06-27T17:46:33+0200,4e541c53-98a3-4782-9d6d-b4c701b81d28,2026-06-11T05:45:00Z,2026-06-11T07:45:00+0200,329.92,MW,FR,FR,actual_offshore_wind_generation,Wind Offshore | Actual Aggregated,2026-06-27T15:47:42Z
2026-06-27T15:46:33Z,2026-06-27T17:46:33+0200,4e541c53-98a3-4782-9d6d-b4c701b81d28,2026-06-11T06:00:00Z,2026-06-11T08:00:00+0200,343.12,MW,FR,FR,actual_offshore_wind_generation,Wind Offshore | Actual Aggregated,2026-06-27T15:47:42Z
2026-06-27T15:46:33Z,2026-06-27T17:46:33+0200,4e541c53-98a3-4782-9d6d-b4c701b81d28,2026-06-11T06:15:00Z,2026-06-11T08:15:00+0200,372.27,MW,FR,FR,actual_offshore_wind_generation,Wind Offshore | Actual Aggregated,2026-06-27T15:47:42Z
2026-06-27T15:46:33Z,2026-06-27T17:46:33+0200,4e541c53-98a3-4782-9d6d-b4c701b81d28,2026-06-11T06:30:00Z,2026-06-11T08:30:00+0200,415.8,MW,FR,FR,actual_offshore_wind_generation,Wind Offshore | Actual Aggregated,2026-06-27T15:47:42Z
2026-06-27T15:46:33Z,2026-06-27T17:46:33+0200,4e541c53-98a3-4782-9d6d-b4c701b81d28,2026-06-11T06:45:00Z,2026-06-11T08:45:00+0200,478.61,MW,FR,FR,actual_offshore_wind_generation,Wind Offshore | Actual Aggregated,2026-06-27T15:47:42Z
2026-06-27T15:46:33Z,2026-06-27T17:46:33+0200,4e541c53-98a3-4782-9d6d-b4c701b81d28,2026-06-11T07:00:00Z,2026-06-11T09:00:00+0200,434.26,MW,FR,FR,actual_offshore_wind_generation,Wind Offshore | Actual Aggregated,2026-06-27T15:47:42Z
2026-06-27T15:46:33Z,2026-06-27T17:46:33+0200,4e541c53-98a3-4782-9d6d-b4c701b81d28,2026-06-11T07:15:00Z,2026-06-11T09:15:00+0200,423.39,MW,FR,FR,actual_offshore_wind_generation,Wind Offshore | Actual Aggregated,2026-06-27T15:47:42Z
2026-06-27T15:46:33Z,2026-06-27T17:46:33+0200,4e541c53-98a3-4782-9d6d-b4c701b81d28,2026-06-11T07:30:00Z,2026-06-11T09:30:00+0200,418.59,MW,FR,FR,actual_offshore_wind_generation,Wind Offshore | Actual Aggregated,2026-06-27T15:47:42Z
2026-06-27T15:46:33Z,2026-06-27T17:46:33+0200,4e541c53-98a3-4782-9d6d-b4c701b81d28,2026-06-11T07:45:00Z,2026-06-11T09:45:00+0200,412.32,MW,FR,FR,actual_offshore_wind_generation,Wind Offshore | Actual Aggregated,2026-06-27T15:47:42Z
2026-06-27T15:46:33Z,2026-06-27T17:46:33+0200,4e541c53-98a3-4782-9d6d-b4c701b81d28,2026-06-11T08:00:00Z,2026-06-11T10:00:00+0200,386.2,MW,FR,FR,actual_offshore_wind_generation,Wind Offshore | Actual Aggregated,2026-06-27T15:47:42Z
2026-06-27T15:46:33Z,2026-06-27T17:46:33+0200,4e541c53-98a3-4782-9d6d-b4c701b81d28,2026-06-11T08:15:00Z,2026-06-11T10:15:00+0200,373.64,MW,FR,FR,actual_offshore_wind_generation,Wind Offshore | Actual Aggregated,2026-06-27T15:47:42Z
2026-06-27T15:46:33Z,2026-06-27T17:46:33+0200,4e541c53-98a3-4782-9d6d-b4c701b81d28,2026-06-11T08:30:00Z,2026-06-11T10:30:00+0200,357.68,MW,FR,FR,actual_offshore_wind_generation,Wind Offshore | Actual Aggregated,2026-06-27T15:47:42Z
2026-06-27T15:46:33Z,2026-06-27T17:46:33+0200,4e541c53-98a3-4782-9d6d-b4c701b81d28,2026-06-11T08:45:00Z,2026-06-11T10:45:00+0200,367.96,MW,FR,FR,actual_offshore_wind_generation,Wind Offshore | Actual Aggregated,2026-06-27T15:47:42Z
2026-06-27T15:46:33Z,2026-06-27T17:46:33+0200,4e541c53-98a3-4782-9d6d-b4c701b81d28,2026-06-11T09:00:00Z,2026-06-11T11:00:00+0200,404.44,MW,FR,FR,actual_offshore_wind_generation,Wind Offshore | Actual Aggregated,2026-06-27T15:47:42Z
2026-06-27T15:46:33Z,2026-06-27T17:46:33+0200,4e541c53-98a3-4782-9d6d-b4c701b81d28,2026-06-11T09:15:00Z,2026-06-11T11:15:00+0200,418.99,MW,FR,FR,actual_offshore_wind_generation,Wind Offshore | Actual Aggregated,2026-06-27T15:47:42Z
2026-06-27T15:46:33Z,2026-06-27T17:46:33+0200,4e541c53-98a3-4782-9d6d-b4c701b81d28,2026-06-11T09:30:00Z,2026-06-11T11:30:00+0200,463.12,MW,FR,FR,actual_offshore_wind_generation,Wind Offshore | Actual Aggregated,2026-06-27T15:47:42Z
2026-06-27T15:46:33Z,2026-06-27T17:46:33+0200,4e541c53-98a3-4782-9d6d-b4c701b81d28,2026-06-11T09:45:00Z,2026-06-11T11:45:00+0200,496.78,MW,FR,FR,actual_offshore_wind_generation,Wind Offshore | Actual Aggregated,2026-06-27T15:47:42Z
2026-06-27T15:46:33Z,2026-06-27T17:46:33+0200,4e541c53-98a3-4782-9d6d-b4c701b81d28,2026-06-11T10:00:00Z,2026-06-11T12:00:00+0200,477.14,MW,FR,FR,actual_offshore_wind_generation,Wind Offshore | Actual Aggregated,2026-06-27T15:47:42Z
2026-06-27T15:46:33Z,2026-06-27T17:46:33+0200,4e541c53-98a3-4782-9d6d-b4c701b81d28,2026-06-11T10:15:00Z,2026-06-11T12:15:00+0200,479.43,MW,FR,FR,actual_offshore_wind_generation,Wind Offshore | Actual Aggregated,2026-06-27T15:47:42Z
2026-06-27T15:46:33Z,2026-06-27T17:46:33+0200,4e541c53-98a3-4782-9d6d-b4c701b81d28,2026-06-11T10:30:00Z,2026-06-11T12:30:00+0200,513.57,MW,FR,FR,actual_offshore_wind_generation,Wind Offshore | Actual Aggregated,2026-06-27T15:47:42Z
2026-06-27T15:46:33Z,2026-06-27T17:46:33+0200,4e541c53-98a3-4782-9d6d-b4c701b81d28,2026-06-11T10:45:00Z,2026-06-11T12:45:00+0200,478.26,MW,FR,FR,actual_offshore_wind_generation,Wind Offshore | Actual Aggregated,2026-06-27T15:47:42Z
2026-06-27T15:46:33Z,2026-06-27T17:46:33+0200,4e541c53-98a3-4782-9d6d-b4c701b81d28,2026-06-11T11:00:00Z,2026-06-11T13:00:00+0200,516.39,MW,FR,FR,actual_offshore_wind_generation,Wind Offshore | Actual Aggregated,2026-06-27T15:47:42Z
2026-06-27T15:46:33Z,2026-06-27T17:46:33+0200,4e541c53-98a3-4782-9d6d-b4c701b81d28,2026-06-11T11:15:00Z,2026-06-11T13:15:00+0200,566.74,MW,FR,FR,actual_offshore_wind_generation,Wind Offshore | Actual Aggregated,2026-06-27T15:47:42Z
2026-06-27T15:46:33Z,2026-06-27T17:46:33+0200,4e541c53-98a3-4782-9d6d-b4c701b81d28,2026-06-11T11:30:00Z,2026-06-11T13:30:00+0200,519.63,MW,FR,FR,actual_offshore_wind_generation,Wind Offshore | Actual Aggregated,2026-06-27T15:47:42Z
2026-06-27T15:46:33Z,2026-06-27T17:46:33+0200,4e541c53-98a3-4782-9d6d-b4c701b81d28,2026-06-11T11:45:00Z,2026-06-11T13:45:00+0200,597.77,MW,FR,FR,actual_offshore_wind_generation,Wind Offshore | Actual Aggregated,2026-06-27T15:47:42Z
2026-06-27T15:46:33Z,2026-06-27T17:46:33+0200,4e541c53-98a3-4782-9d6d-b4c701b81d28,2026-06-11T12:00:00Z,2026-06-11T14:00:00+0200,740.5,MW,FR,FR,actual_offshore_wind_generation,Wind Offshore | Actual Aggregated,2026-06-27T15:47:42Z
2026-06-27T15:46:33Z,2026-06-27T17:46:33+0200,4e541c53-98a3-4782-9d6d-b4c701b81d28,2026-06-11T12:15:00Z,2026-06-11T14:15:00+0200,768.45,MW,FR,FR,actual_offshore_wind_generation,Wind Offshore | Actual Aggregated,2026-06-27T15:47:42Z
2026-06-27T15:46:33Z,2026-06-27T17:46:33+0200,4e541c53-98a3-4782-9d6d-b4c701b81d28,2026-06-11T12:30:00Z,2026-06-11T14:30:00+0200,772.27,MW,FR,FR,actual_offshore_wind_generation,Wind Offshore | Actual Aggregated,2026-06-27T15:47:42Z
2026-06-27T15:46:33Z,2026-06-27T17:46:33+0200,4e541c53-98a3-4782-9d6d-b4c701b81d28,2026-06-11T12:45:00Z,2026-06-11T14:45:00+0200,797.28,MW,FR,FR,actual_offshore_wind_generation,Wind Offshore | Actual Aggregated,2026-06-27T15:47:42Z
2026-06-27T15:46:33Z,2026-06-27T17:46:33+0200,4e541c53-98a3-4782-9d6d-b4c701b81d28,2026-06-11T13:00:00Z,2026-06-11T15:00:00+0200,821.5,MW,FR,FR,actual_offshore_wind_generation,Wind Offshore | Actual Aggregated,2026-06-27T15:47:42Z
2026-06-27T15:46:33Z,2026-06-27T17:46:33+0200,4e541c53-98a3-4782-9d6d-b4c701b81d28,2026-06-11T13:15:00Z,2026-06-11T15:15:00+0200,906.6,MW,FR,FR,actual_offshore_wind_generation,Wind Offshore | Actual Aggregated,2026-06-27T15:47:42Z
2026-06-27T15:46:33Z,2026-06-27T17:46:33+0200,4e541c53-98a3-4782-9d6d-b4c701b81d28,2026-06-11T13:30:00Z,2026-06-11T15:30:00+0200,972.13,MW,FR,FR,actual_offshore_wind_generation,Wind Offshore | Actual Aggregated,2026-06-27T15:47:42Z
2026-06-27T15:46:33Z,2026-06-27T17:46:33+0200,4e541c53-98a3-4782-9d6d-b4c701b81d28,2026-06-11T13:45:00Z,2026-06-11T15:45:00+0200,1052.61,MW,FR,FR,actual_offshore_wind_generation,Wind Offshore | Actual Aggregated,2026-06-27T15:47:42Z
2026-06-27T15:46:33Z,2026-06-27T17:46:33+0200,4e541c53-98a3-4782-9d6d-b4c701b81d28,2026-06-11T14:00:00Z,2026-06-11T16:00:00+0200,1081.49,MW,FR,FR,actual_offshore_wind_generation,Wind Offshore | Actual Aggregated,2026-06-27T15:47:42Z
2026-06-27T15:46:33Z,2026-06-27T17:46:33+0200,4e541c53-98a3-4782-9d6d-b4c701b81d28,2026-06-11T14:15:00Z,2026-06-11T16:15:00+0200,1118.56,MW,FR,FR,actual_offshore_wind_generation,Wind Offshore | Actual Aggregated,2026-06-27T15:47:42Z
2026-06-27T15:46:33Z,2026-06-27T17:46:33+0200,4e541c53-98a3-4782-9d6d-b4c701b81d28,2026-06-11T14:30:00Z,2026-06-11T16:30:00+0200,1114.05,MW,FR,FR,actual_offshore_wind_generation,Wind Offshore | Actual Aggregated,2026-06-27T15:47:42Z
2026-06-27T15:46:33Z,2026-06-27T17:46:33+0200,4e541c53-98a3-4782-9d6d-b4c701b81d28,2026-06-11T14:45:00Z,2026-06-11T16:45:00+0200,1102.25,MW,FR,FR,actual_offshore_wind_generation,Wind Offshore | Actual Aggregated,2026-06-27T15:47:42Z
2026-06-27T15:46:33Z,2026-06-27T17:46:33+0200,4e541c53-98a3-4782-9d6d-b4c701b81d28,2026-06-11T15:00:00Z,2026-06-11T17:00:00+0200,1098.38,MW,FR,FR,actual_offshore_wind_generation,Wind Offshore | Actual Aggregated,2026-06-27T15:47:42Z
2026-06-27T15:46:33Z,2026-06-27T17:46:33+0200,4e541c53-98a3-4782-9d6d-b4c701b81d28,2026-06-11T15:15:00Z,2026-06-11T17:15:00+0200,1129.32,MW,FR,FR,actual_offshore_wind_generation,Wind Offshore | Actual Aggregated,2026-06-27T15:47:42Z
2026-06-27T15:46:33Z,2026-06-27T17:46:33+0200,4e541c53-98a3-4782-9d6d-b4c701b81d28,2026-06-11T15:30:00Z,2026-06-11T17:30:00+0200,1166.47,MW,FR,FR,actual_offshore_wind_generation,Wind Offshore | Actual Aggregated,2026-06-27T15:47:42Z
2026-06-27T15:46:33Z,2026-06-27T17:46:33+0200,4e541c53-98a3-4782-9d6d-b4c701b81d28,2026-06-11T15:45:00Z,2026-06-11T17:45:00+0200,1157.0,MW,FR,FR,actual_offshore_wind_generation,Wind Offshore | Actual Aggregated,2026-06-27T15:47:42Z
2026-06-27T15:46:33Z,2026-06-27T17:46:33+0200,4e541c53-98a3-4782-9d6d-b4c701b81d28,2026-06-11T16:00:00Z,2026-06-11T18:00:00+0200,1146.01,MW,FR,FR,actual_offshore_wind_generation,Wind Offshore | Actual Aggregated,2026-06-27T15:47:42Z
2026-06-27T15:46:33Z,2026-06-27T17:46:33+0200,4e541c53-98a3-4782-9d6d-b4c701b81d28,2026-06-11T16:15:00Z,2026-06-11T18:15:00+0200,1184.98,MW,FR,FR,actual_offshore_wind_generation,Wind Offshore | Actual Aggregated,2026-06-27T15:47:42Z
2026-06-27T15:46:33Z,2026-06-27T17:46:33+0200,4e541c53-98a3-4782-9d6d-b4c701b81d28,2026-06-11T16:30:00Z,2026-06-11T18:30:00+0200,1222.99,MW,FR,FR,actual_offshore_wind_generation,Wind Offshore | Actual Aggregated,2026-06-27T15:47:42Z
2026-06-27T15:46:33Z,2026-06-27T17:46:33+0200,4e541c53-98a3-4782-9d6d-b4c701b81d28,2026-06-11T16:45:00Z,2026-06-11T18:45:00+0200,1274.86,MW,FR,FR,actual_offshore_wind_generation,Wind Offshore | Actual Aggregated,2026-06-27T15:47:42Z
2026-06-27T15:46:33Z,2026-06-27T17:46:33+0200,4e541c53-98a3-4782-9d6d-b4c701b81d28,2026-06-11T17:00:00Z,2026-06-11T19:00:00+0200,1307.84,MW,FR,FR,actual_offshore_wind_generation,Wind Offshore | Actual Aggregated,2026-06-27T15:47:42Z
2026-06-27T15:46:33Z,2026-06-27T17:46:33+0200,4e541c53-98a3-4782-9d6d-b4c701b81d28,2026-06-11T17:15:00Z,2026-06-11T19:15:00+0200,1298.04,MW,FR,FR,actual_offshore_wind_generation,Wind Offshore | Actual Aggregated,2026-06-27T15:47:42Z
2026-06-27T15:46:33Z,2026-06-27T17:46:33+0200,4e541c53-98a3-4782-9d6d-b4c701b81d28,2026-06-11T17:30:00Z,2026-06-11T19:30:00+0200,1305.41,MW,FR,FR,actual_offshore_wind_generation,Wind Offshore | Actual Aggregated,2026-06-27T15:47:42Z
2026-06-27T15:46:33Z,2026-06-27T17:46:33+0200,4e541c53-98a3-4782-9d6d-b4c701b81d28,2026-06-11T17:45:00Z,2026-06-11T19:45:00+0200,1290.61,MW,FR,FR,actual_offshore_wind_generation,Wind Offshore | Actual Aggregated,2026-06-27T15:47:42Z
2026-06-27T15:46:33Z,2026-06-27T17:46:33+0200,4e541c53-98a3-4782-9d6d-b4c701b81d28,2026-06-11T18:00:00Z,2026-06-11T20:00:00+0200,1273.24,MW,FR,FR,actual_offshore_wind_generation,Wind Offshore | Actual Aggregated,2026-06-27T15:47:42Z
2026-06-27T15:46:33Z,2026-06-27T17:46:33+0200,4e541c53-98a3-4782-9d6d-b4c701b81d28,2026-06-11T18:15:00Z,2026-06-11T20:15:00+0200,1284.32,MW,FR,FR,actual_offshore_wind_generation,Wind Offshore | Actual Aggregated,2026-06-27T15:47:42Z
2026-06-27T15:46:33Z,2026-06-27T17:46:33+0200,4e541c53-98a3-4782-9d6d-b4c701b81d28,2026-06-11T18:30:00Z,2026-06-11T20:30:00+0200,1299.46,MW,FR,FR,actual_offshore_wind_generation,Wind Offshore | Actual Aggregated,2026-06-27T15:47:42Z
2026-06-27T15:46:33Z,2026-06-27T17:46:33+0200,4e541c53-98a3-4782-9d6d-b4c701b81d28,2026-06-11T18:45:00Z,2026-06-11T20:45:00+0200,1274.64,MW,FR,FR,actual_offshore_wind_generation,Wind Offshore | Actual Aggregated,2026-06-27T15:47:42Z
2026-06-27T15:46:33Z,2026-06-27T17:46:33+0200,4e541c53-98a3-4782-9d6d-b4c701b81d28,2026-06-11T19:00:00Z,2026-06-11T21:00:00+0200,1220.4,MW,FR,FR,actual_offshore_wind_generation,Wind Offshore | Actual Aggregated,2026-06-27T15:47:42Z
2026-06-27T15:46:33Z,2026-06-27T17:46:33+0200,4e541c53-98a3-4782-9d6d-b4c701b81d28,2026-06-11T19:15:00Z,2026-06-11T21:15:00+0200,1171.15,MW,FR,FR,actual_offshore_wind_generation,Wind Offshore | Actual Aggregated,2026-06-27T15:47:42Z
2026-06-27T15:46:33Z,2026-06-27T17:46:33+0200,4e541c53-98a3-4782-9d6d-b4c701b81d28,2026-06-11T19:30:00Z,2026-06-11T21:30:00+0200,1183.37,MW,FR,FR,actual_offshore_wind_generation,Wind Offshore | Actual Aggregated,2026-06-27T15:47:42Z
2026-06-27T15:46:33Z,2026-06-27T17:46:33+0200,4e541c53-98a3-4782-9d6d-b4c701b81d28,2026-06-11T19:45:00Z,2026-06-11T21:45:00+0200,1169.67,MW,FR,FR,actual_offshore_wind_generation,Wind Offshore | Actual Aggregated,2026-06-27T15:47:42Z
2026-06-27T15:46:33Z,2026-06-27T17:46:33+0200,4e541c53-98a3-4782-9d6d-b4c701b81d28,2026-06-11T20:00:00Z,2026-06-11T22:00:00+0200,1120.96,MW,FR,FR,actual_offshore_wind_generation,Wind Offshore | Actual Aggregated,2026-06-27T15:47:42Z
2026-06-27T15:46:33Z,2026-06-27T17:46:33+0200,4e541c53-98a3-4782-9d6d-b4c701b81d28,2026-06-11T20:15:00Z,2026-06-11T22:15:00+0200,1075.25,MW,FR,FR,actual_offshore_wind_generation,Wind Offshore | Actual Aggregated,2026-06-27T15:47:42Z
2026-06-27T15:46:33Z,2026-06-27T17:46:33+0200,4e541c53-98a3-4782-9d6d-b4c701b81d28,2026-06-11T20:30:00Z,2026-06-11T22:30:00+0200,1067.32,MW,FR,FR,actual_offshore_wind_generation,Wind Offshore | Actual Aggregated,2026-06-27T15:47:42Z
2026-06-27T15:46:33Z,2026-06-27T17:46:33+0200,4e541c53-98a3-4782-9d6d-b4c701b81d28,2026-06-11T20:45:00Z,2026-06-11T22:45:00+0200,1098.14,MW,FR,FR,actual_offshore_wind_generation,Wind Offshore | Actual Aggregated,2026-06-27T15:47:42Z
2026-06-27T15:46:33Z,2026-06-27T17:46:33+0200,4e541c53-98a3-4782-9d6d-b4c701b81d28,2026-06-11T21:00:00Z,2026-06-11T23:00:00+0200,1085.69,MW,FR,FR,actual_offshore_wind_generation,Wind Offshore | Actual Aggregated,2026-06-27T15:47:42Z
2026-06-27T15:46:33Z,2026-06-27T17:46:33+0200,4e541c53-98a3-4782-9d6d-b4c701b81d28,2026-06-11T21:15:00Z,2026-06-11T23:15:00+0200,1079.06,MW,FR,FR,actual_offshore_wind_generation,Wind Offshore | Actual Aggregated,2026-06-27T15:47:42Z
2026-06-27T15:46:33Z,2026-06-27T17:46:33+0200,4e541c53-98a3-4782-9d6d-b4c701b81d28,2026-06-11T21:30:00Z,2026-06-11T23:30:00+0200,1036.32,MW,FR,FR,actual_offshore_wind_generation,Wind Offshore | Actual Aggregated,2026-06-27T15:47:42Z
2026-06-27T15:46:33Z,2026-06-27T17:46:33+0200,4e541c53-98a3-4782-9d6d-b4c701b81d28,2026-06-11T21:45:00Z,2026-06-11T23:45:00+0200,1053.49,MW,FR,FR,actual_offshore_wind_generation,Wind Offshore | Actual Aggregated,2026-06-27T15:47:42Z
2026-06-27T15:46:33Z,2026-06-27T17:46:33+0200,4e541c53-98a3-4782-9d6d-b4c701b81d28,2026-06-11T22:00:00Z,2026-06-12T00:00:00+0200,1068.19,MW,FR,FR,actual_offshore_wind_generation,Wind Offshore | Actual Aggregated,2026-06-27T15:47:42Z
2026-06-27T15:46:33Z,2026-06-27T17:46:33+0200,4e541c53-98a3-4782-9d6d-b4c701b81d28,2026-06-11T22:15:00Z,2026-06-12T00:15:00+0200,1064.6,MW,FR,FR,actual_offshore_wind_generation,Wind Offshore | Actual Aggregated,2026-06-27T15:47:42Z
2026-06-27T15:46:33Z,2026-06-27T17:46:33+0200,4e541c53-98a3-4782-9d6d-b4c701b81d28,2026-06-11T22:30:00Z,2026-06-12T00:30:00+0200,1088.6,MW,FR,FR,actual_offshore_wind_generation,Wind Offshore | Actual Aggregated,2026-06-27T15:47:42Z
2026-06-27T15:46:33Z,2026-06-27T17:46:33+0200,4e541c53-98a3-4782-9d6d-b4c701b81d28,2026-06-11T22:45:00Z,2026-06-12T00:45:00+0200,1079.68,MW,FR,FR,actual_offshore_wind_generation,Wind Offshore | Actual Aggregated,2026-06-27T15:47:42Z
2026-06-27T15:46:33Z,2026-06-27T17:46:33+0200,4e541c53-98a3-4782-9d6d-b4c701b81d28,2026-06-11T23:00:00Z,2026-06-12T01:00:00+0200,1054.41,MW,FR,FR,actual_offshore_wind_generation,Wind Offshore | Actual Aggregated,2026-06-27T15:47:42Z
2026-06-27T15:46:33Z,2026-06-27T17:46:33+0200,4e541c53-98a3-4782-9d6d-b4c701b81d28,2026-06-11T23:15:00Z,2026-06-12T01:15:00+0200,1047.53,MW,FR,FR,actual_offshore_wind_generation,Wind Offshore | Actual Aggregated,2026-06-27T15:47:42Z
2026-06-27T15:46:33Z,2026-06-27T17:46:33+0200,4e541c53-98a3-4782-9d6d-b4c701b81d28,2026-06-11T23:30:00Z,2026-06-12T01:30:00+0200,1016.18,MW,FR,FR,actual_offshore_wind_generation,Wind Offshore | Actual Aggregated,2026-06-27T15:47:42Z
2026-06-27T15:46:33Z,2026-06-27T17:46:33+0200,4e541c53-98a3-4782-9d6d-b4c701b81d28,2026-06-11T23:45:00Z,2026-06-12T01:45:00+0200,996.56,MW,FR,FR,actual_offshore_wind_generation,Wind Offshore | Actual Aggregated,2026-06-27T15:47:42Z
2026-06-27T15:46:33Z,2026-06-27T17:46:33+0200,4e541c53-98a3-4782-9d6d-b4c701b81d28,2026-06-12T00:00:00Z,2026-06-12T02:00:00+0200,1004.76,MW,FR,FR,actual_offshore_wind_generation,Wind Offshore | Actual Aggregated,2026-06-27T15:47:42Z
2026-06-27T15:46:33Z,2026-06-27T17:46:33+0200,4e541c53-98a3-4782-9d6d-b4c701b81d28,2026-06-12T00:15:00Z,2026-06-12T02:15:00+0200,1020.15,MW,FR,FR,actual_offshore_wind_generation,Wind Offshore | Actual Aggregated,2026-06-27T15:47:42Z
2026-06-27T15:46:33Z,2026-06-27T17:46:33+0200,4e541c53-98a3-4782-9d6d-b4c701b81d28,2026-06-12T00:30:00Z,2026-06-12T02:30:00+0200,1042.08,MW,FR,FR,actual_offshore_wind_generation,Wind Offshore | Actual Aggregated,2026-06-27T15:47:42Z
2026-06-27T15:46:33Z,2026-06-27T17:46:33+0200,4e541c53-98a3-4782-9d6d-b4c701b81d28,2026-06-12T00:45:00Z,2026-06-12T02:45:00+0200,1079.18,MW,FR,FR,actual_offshore_wind_generation,Wind Offshore | Actual Aggregated,2026-06-27T15:47:42Z
2026-06-27T15:46:33Z,2026-06-27T17:46:33+0200,4e541c53-98a3-4782-9d6d-b4c701b81d28,2026-06-12T01:00:00Z,2026-06-12T03:00:00+0200,1082.87,MW,FR,FR,actual_offshore_wind_generation,Wind Offshore | Actual Aggregated,2026-06-27T15:47:42Z
2026-06-27T15:46:33Z,2026-06-27T17:46:33+0200,4e541c53-98a3-4782-9d6d-b4c701b81d28,2026-06-12T01:15:00Z,2026-06-12T03:15:00+0200,1091.36,MW,FR,FR,actual_offshore_wind_generation,Wind Offshore | Actual Aggregated,2026-06-27T15:47:42Z
2026-06-27T15:46:33Z,2026-06-27T17:46:33+0200,4e541c53-98a3-4782-9d6d-b4c701b81d28,2026-06-12T01:30:00Z,2026-06-12T03:30:00+0200,1034.36,MW,FR,FR,actual_offshore_wind_generation,Wind Offshore | Actual Aggregated,2026-06-27T15:47:42Z
2026-06-27T15:46:33Z,2026-06-27T17:46:33+0200,4e541c53-98a3-4782-9d6d-b4c701b81d28,2026-06-12T01:45:00Z,2026-06-12T03:45:00+0200,1064.16,MW,FR,FR,actual_offshore_wind_generation,Wind Offshore | Actual Aggregated,2026-06-27T15:47:42Z
2026-06-27T15:46:33Z,2026-06-27T17:46:33+0200,4e541c53-98a3-4782-9d6d-b4c701b81d28,2026-06-12T02:00:00Z,2026-06-12T04:00:00+0200,1076.36,MW,FR,FR,actual_offshore_wind_generation,Wind Offshore | Actual Aggregated,2026-06-27T15:47:42Z
2026-06-27T15:46:33Z,2026-06-27T17:46:33+0200,4e541c53-98a3-4782-9d6d-b4c701b81d28,2026-06-12T02:15:00Z,2026-06-12T04:15:00+0200,1018.94,MW,FR,FR,actual_offshore_wind_generation,Wind Offshore | Actual Aggregated,2026-06-27T15:47:42Z
2026-06-27T15:46:33Z,2026-06-27T17:46:33+0200,4e541c53-98a3-4782-9d6d-b4c701b81d28,2026-06-12T02:30:00Z,2026-06-12T04:30:00+0200,976.13,MW,FR,FR,actual_offshore_wind_generation,Wind Offshore | Actual Aggregated,2026-06-27T15:47:42Z
2026-06-27T15:46:33Z,2026-06-27T17:46:33+0200,4e541c53-98a3-4782-9d6d-b4c701b81d28,2026-06-12T02:45:00Z,2026-06-12T04:45:00+0200,1027.23,MW,FR,FR,actual_offshore_wind_generation,Wind Offshore | Actual Aggregated,2026-06-27T15:47:42Z
2026-06-27T15:46:33Z,2026-06-27T17:46:33+0200,4e541c53-98a3-4782-9d6d-b4c701b81d28,2026-06-12T03:00:00Z,2026-06-12T05:00:00+0200,1082.14,MW,FR,FR,actual_offshore_wind_generation,Wind Offshore | Actual Aggregated,2026-06-27T15:47:42Z
2026-06-27T15:46:33Z,2026-06-27T17:46:33+0200,4e541c53-98a3-4782-9d6d-b4c701b81d28,2026-06-12T03:15:00Z,2026-06-12T05:15:00+0200,1092.23,MW,FR,FR,actual_offshore_wind_generation,Wind Offshore | Actual Aggregated,2026-06-27T15:47:42Z
2026-06-27T15:46:33Z,2026-06-27T17:46:33+0200,4e541c53-98a3-4782-9d6d-b4c701b81d28,2026-06-12T03:30:00Z,2026-06-12T05:30:00+0200,1025.47,MW,FR,FR,actual_offshore_wind_generation,Wind Offshore | Actual Aggregated,2026-06-27T15:47:42Z
2026-06-27T15:46:33Z,2026-06-27T17:46:33+0200,4e541c53-98a3-4782-9d6d-b4c701b81d28,2026-06-12T03:45:00Z,2026-06-12T05:45:00+0200,995.53,MW,FR,FR,actual_offshore_wind_generation,Wind Offshore | Actual Aggregated,2026-06-27T15:47:42Z
2026-06-27T15:46:33Z,2026-06-27T17:46:33+0200,4e541c53-98a3-4782-9d6d-b4c701b81d28,2026-06-12T04:00:00Z,2026-06-12T06:00:00+0200,987.82,MW,FR,FR,actual_offshore_wind_generation,Wind Offshore | Actual Aggregated,2026-06-27T15:47:42Z
2026-06-27T15:46:33Z,2026-06-27T17:46:33+0200,4e541c53-98a3-4782-9d6d-b4c701b81d28,2026-06-12T04:15:00Z,2026-06-12T06:15:00+0200,991.97,MW,FR,FR,actual_offshore_wind_generation,Wind Offshore | Actual Aggregated,2026-06-27T15:47:42Z
2026-06-27T15:46:33Z,2026-06-27T17:46:33+0200,4e541c53-98a3-4782-9d6d-b4c701b81d28,2026-06-12T04:30:00Z,2026-06-12T06:30:00+0200,988.83,MW,FR,FR,actual_offshore_wind_generation,Wind Offshore | Actual Aggregated,2026-06-27T15:47:42Z
2026-06-27T15:46:33Z,2026-06-27T17:46:33+0200,4e541c53-98a3-4782-9d6d-b4c701b81d28,2026-06-12T04:45:00Z,2026-06-12T06:45:00+0200,964.27,MW,FR,FR,actual_offshore_wind_generation,Wind Offshore | Actual Aggregated,2026-06-27T15:47:42Z
2026-06-27T15:46:33Z,2026-06-27T17:46:33+0200,4e541c53-98a3-4782-9d6d-b4c701b81d28,2026-06-12T05:00:00Z,2026-06-12T07:00:00+0200,959.23,MW,FR,FR,actual_offshore_wind_generation,Wind Offshore | Actual Aggregated,2026-06-27T15:47:42Z
2026-06-27T15:46:33Z,2026-06-27T17:46:33+0200,4e541c53-98a3-4782-9d6d-b4c701b81d28,2026-06-12T05:15:00Z,2026-06-12T07:15:00+0200,918.6,MW,FR,FR,actual_offshore_wind_generation,Wind Offshore | Actual Aggregated,2026-06-27T15:47:42Z
2026-06-27T15:46:33Z,2026-06-27T17:46:33+0200,4e541c53-98a3-4782-9d6d-b4c701b81d28,2026-06-12T05:30:00Z,2026-06-12T07:30:00+0200,921.71,MW,FR,FR,actual_offshore_wind_generation,Wind Offshore | Actual Aggregated,2026-06-27T15:47:42Z
2026-06-27T15:46:33Z,2026-06-27T17:46:33+0200,4e541c53-98a3-4782-9d6d-b4c701b81d28,2026-06-12T05:45:00Z,2026-06-12T07:45:00+0200,924.4,MW,FR,FR,actual_offshore_wind_generation,Wind Offshore | Actual Aggregated,2026-06-27T15:47:42Z
2026-06-27T15:46:33Z,2026-06-27T17:46:33+0200,4e541c53-98a3-4782-9d6d-b4c701b81d28,2026-06-12T06:00:00Z,2026-06-12T08:00:00+0200,883.52,MW,FR,FR,actual_offshore_wind_generation,Wind Offshore | Actual Aggregated,2026-06-27T15:47:42Z
2026-06-27T15:46:33Z,2026-06-27T17:46:33+0200,4e541c53-98a3-4782-9d6d-b4c701b81d28,2026-06-12T06:15:00Z,2026-06-12T08:15:00+0200,854.72,MW,FR,FR,actual_offshore_wind_generation,Wind Offshore | Actual Aggregated,2026-06-27T15:47:42Z
2026-06-27T15:46:33Z,2026-06-27T17:46:33+0200,4e541c53-98a3-4782-9d6d-b4c701b81d28,2026-06-12T06:30:00Z,2026-06-12T08:30:00+0200,825.56,MW,FR,FR,actual_offshore_wind_generation,Wind Offshore | Actual Aggregated,2026-06-27T15:47:42Z
2026-06-27T15:46:33Z,2026-06-27T17:46:33+0200,4e541c53-98a3-4782-9d6d-b4c701b81d28,2026-06-12T06:45:00Z,2026-06-12T08:45:00+0200,807.22,MW,FR,FR,actual_offshore_wind_generation,Wind Offshore | Actual Aggregated,2026-06-27T15:47:42Z
2026-06-27T15:46:33Z,2026-06-27T17:46:33+0200,4e541c53-98a3-4782-9d6d-b4c701b81d28,2026-06-12T07:00:00Z,2026-06-12T09:00:00+0200,780.7,MW,FR,FR,actual_offshore_wind_generation,Wind Offshore | Actual Aggregated,2026-06-27T15:47:42Z
2026-06-27T15:46:33Z,2026-06-27T17:46:33+0200,4e541c53-98a3-4782-9d6d-b4c701b81d28,2026-06-12T07:15:00Z,2026-06-12T09:15:00+0200,748.07,MW,FR,FR,actual_offshore_wind_generation,Wind Offshore | Actual Aggregated,2026-06-27T15:47:42Z
2026-06-27T15:46:33Z,2026-06-27T17:46:33+0200,4e541c53-98a3-4782-9d6d-b4c701b81d28,2026-06-12T07:30:00Z,2026-06-12T09:30:00+0200,738.96,MW,FR,FR,actual_offshore_wind_generation,Wind Offshore | Actual Aggregated,2026-06-27T15:47:42Z
2026-06-27T15:46:33Z,2026-06-27T17:46:33+0200,4e541c53-98a3-4782-9d6d-b4c701b81d28,2026-06-12T07:45:00Z,2026-06-12T09:45:00+0200,738.8,MW,FR,FR,actual_offshore_wind_generation,Wind Offshore | Actual Aggregated,2026-06-27T15:47:42Z
2026-06-27T15:46:33Z,2026-06-27T17:46:33+0200,4e541c53-98a3-4782-9d6d-b4c701b81d28,2026-06-12T08:00:00Z,2026-06-12T10:00:00+0200,736.54,MW,FR,FR,actual_offshore_wind_generation,Wind Offshore | Actual Aggregated,2026-06-27T15:47:42Z
2026-06-27T15:46:33Z,2026-06-27T17:46:33+0200,4e541c53-98a3-4782-9d6d-b4c701b81d28,2026-06-12T08:15:00Z,2026-06-12T10:15:00+0200,713.6,MW,FR,FR,actual_offshore_wind_generation,Wind Offshore | Actual Aggregated,2026-06-27T15:47:42Z
2026-06-27T15:46:33Z,2026-06-27T17:46:33+0200,4e541c53-98a3-4782-9d6d-b4c701b81d28,2026-06-12T08:30:00Z,2026-06-12T10:30:00+0200,684.11,MW,FR,FR,actual_offshore_wind_generation,Wind Offshore | Actual Aggregated,2026-06-27T15:47:42Z
2026-06-27T15:46:33Z,2026-06-27T17:46:33+0200,4e541c53-98a3-4782-9d6d-b4c701b81d28,2026-06-12T08:45:00Z,2026-06-12T10:45:00+0200,675.44,MW,FR,FR,actual_offshore_wind_generation,Wind Offshore | Actual Aggregated,2026-06-27T15:47:42Z
2026-06-27T15:46:33Z,2026-06-27T17:46:33+0200,4e541c53-98a3-4782-9d6d-b4c701b81d28,2026-06-12T09:00:00Z,2026-06-12T11:00:00+0200,659.78,MW,FR,FR,actual_offshore_wind_generation,Wind Offshore | Actual Aggregated,2026-06-27T15:47:42Z
2026-06-27T15:46:33Z,2026-06-27T17:46:33+0200,4e541c53-98a3-4782-9d6d-b4c701b81d28,2026-06-12T09:15:00Z,2026-06-12T11:15:00+0200,653.27,MW,FR,FR,actual_offshore_wind_generation,Wind Offshore | Actual Aggregated,2026-06-27T15:47:42Z
2026-06-27T15:46:33Z,2026-06-27T17:46:33+0200,4e541c53-98a3-4782-9d6d-b4c701b81d28,2026-06-12T09:30:00Z,2026-06-12T11:30:00+0200,597.45,MW,FR,FR,actual_offshore_wind_generation,Wind Offshore | Actual Aggregated,2026-06-27T15:47:42Z
2026-06-27T15:46:33Z,2026-06-27T17:46:33+0200,4e541c53-98a3-4782-9d6d-b4c701b81d28,2026-06-12T09:45:00Z,2026-06-12T11:45:00+0200,580.38,MW,FR,FR,actual_offshore_wind_generation,Wind Offshore | Actual Aggregated,2026-06-27T15:47:42Z
2026-06-27T15:46:33Z,2026-06-27T17:46:33+0200,4e541c53-98a3-4782-9d6d-b4c701b81d28,2026-06-12T10:00:00Z,2026-06-12T12:00:00+0200,569.61,MW,FR,FR,actual_offshore_wind_generation,Wind Offshore | Actual Aggregated,2026-06-27T15:47:42Z
2026-06-27T15:46:33Z,2026-06-27T17:46:33+0200,4e541c53-98a3-4782-9d6d-b4c701b81d28,2026-06-12T10:15:00Z,2026-06-12T12:15:00+0200,567.55,MW,FR,FR,actual_offshore_wind_generation,Wind Offshore | Actual Aggregated,2026-06-27T15:47:42Z
2026-06-27T15:46:33Z,2026-06-27T17:46:33+0200,4e541c53-98a3-4782-9d6d-b4c701b81d28,2026-06-12T10:30:00Z,2026-06-12T12:30:00+0200,582.9,MW,FR,FR,actual_offshore_wind_generation,Wind Offshore | Actual Aggregated,2026-06-27T15:47:42Z
2026-06-27T15:46:33Z,2026-06-27T17:46:33+0200,4e541c53-98a3-4782-9d6d-b4c701b81d28,2026-06-12T10:45:00Z,2026-06-12T12:45:00+0200,599.44,MW,FR,FR,actual_offshore_wind_generation,Wind Offshore | Actual Aggregated,2026-06-27T15:47:42Z
2026-06-27T15:46:33Z,2026-06-27T17:46:33+0200,4e541c53-98a3-4782-9d6d-b4c701b81d28,2026-06-12T11:00:00Z,2026-06-12T13:00:00+0200,613.62,MW,FR,FR,actual_offshore_wind_generation,Wind Offshore | Actual Aggregated,2026-06-27T15:47:42Z
2026-06-27T15:46:33Z,2026-06-27T17:46:33+0200,4e541c53-98a3-4782-9d6d-b4c701b81d28,2026-06-12T11:15:00Z,2026-06-12T13:15:00+0200,623.55,MW,FR,FR,actual_offshore_wind_generation,Wind Offshore | Actual Aggregated,2026-06-27T15:47:42Z
2026-06-27T15:46:33Z,2026-06-27T17:46:33+0200,4e541c53-98a3-4782-9d6d-b4c701b81d28,2026-06-12T11:30:00Z,2026-06-12T13:30:00+0200,640.34,MW,FR,FR,actual_offshore_wind_generation,Wind Offshore | Actual Aggregated,2026-06-27T15:47:42Z
2026-06-27T15:46:33Z,2026-06-27T17:46:33+0200,4e541c53-98a3-4782-9d6d-b4c701b81d28,2026-06-12T11:45:00Z,2026-06-12T13:45:00+0200,692.95,MW,FR,FR,actual_offshore_wind_generation,Wind Offshore | Actual Aggregated,2026-06-27T15:47:42Z
2026-06-27T15:46:33Z,2026-06-27T17:46:33+0200,4e541c53-98a3-4782-9d6d-b4c701b81d28,2026-06-12T12:00:00Z,2026-06-12T14:00:00+0200,701.41,MW,FR,FR,actual_offshore_wind_generation,Wind Offshore | Actual Aggregated,2026-06-27T15:47:42Z
2026-06-27T15:46:33Z,2026-06-27T17:46:33+0200,4e541c53-98a3-4782-9d6d-b4c701b81d28,2026-06-12T12:15:00Z,2026-06-12T14:15:00+0200,743.59,MW,FR,FR,actual_offshore_wind_generation,Wind Offshore | Actual Aggregated,2026-06-27T15:47:42Z
2026-06-27T15:46:33Z,2026-06-27T17:46:33+0200,4e541c53-98a3-4782-9d6d-b4c701b81d28,2026-06-12T12:30:00Z,2026-06-12T14:30:00+0200,773.16,MW,FR,FR,actual_offshore_wind_generation,Wind Offshore | Actual Aggregated,2026-06-27T15:47:42Z
2026-06-27T15:46:33Z,2026-06-27T17:46:33+0200,4e541c53-98a3-4782-9d6d-b4c701b81d28,2026-06-12T12:45:00Z,2026-06-12T14:45:00+0200,769.82,MW,FR,FR,actual_offshore_wind_generation,Wind Offshore | Actual Aggregated,2026-06-27T15:47:42Z
2026-06-27T15:46:33Z,2026-06-27T17:46:33+0200,4e541c53-98a3-4782-9d6d-b4c701b81d28,2026-06-12T13:00:00Z,2026-06-12T15:00:00+0200,761.21,MW,FR,FR,actual_offshore_wind_generation,Wind Offshore | Actual Aggregated,2026-06-27T15:47:42Z
2026-06-27T15:46:33Z,2026-06-27T17:46:33+0200,4e541c53-98a3-4782-9d6d-b4c701b81d28,2026-06-12T13:15:00Z,2026-06-12T15:15:00+0200,773.64,MW,FR,FR,actual_offshore_wind_generation,Wind Offshore | Actual Aggregated,2026-06-27T15:47:42Z
2026-06-27T15:46:33Z,2026-06-27T17:46:33+0200,4e541c53-98a3-4782-9d6d-b4c701b81d28,2026-06-12T13:30:00Z,2026-06-12T15:30:00+0200,722.58,MW,FR,FR,actual_offshore_wind_generation,Wind Offshore | Actual Aggregated,2026-06-27T15:47:42Z
2026-06-27T15:46:33Z,2026-06-27T17:46:33+0200,4e541c53-98a3-4782-9d6d-b4c701b81d28,2026-06-12T13:45:00Z,2026-06-12T15:45:00+0200,700.78,MW,FR,FR,actual_offshore_wind_generation,Wind Offshore | Actual Aggregated,2026-06-27T15:47:42Z
2026-06-27T15:46:33Z,2026-06-27T17:46:33+0200,4e541c53-98a3-4782-9d6d-b4c701b81d28,2026-06-12T14:00:00Z,2026-06-12T16:00:00+0200,693.27,MW,FR,FR,actual_offshore_wind_generation,Wind Offshore | Actual Aggregated,2026-06-27T15:47:42Z
2026-06-27T15:46:33Z,2026-06-27T17:46:33+0200,4e541c53-98a3-4782-9d6d-b4c701b81d28,2026-06-12T14:15:00Z,2026-06-12T16:15:00+0200,711.18,MW,FR,FR,actual_offshore_wind_generation,Wind Offshore | Actual Aggregated,2026-06-27T15:47:42Z
2026-06-27T15:46:33Z,2026-06-27T17:46:33+0200,4e541c53-98a3-4782-9d6d-b4c701b81d28,2026-06-12T14:30:00Z,2026-06-12T16:30:00+0200,617.54,MW,FR,FR,actual_offshore_wind_generation,Wind Offshore | Actual Aggregated,2026-06-27T15:47:42Z
2026-06-27T15:46:33Z,2026-06-27T17:46:33+0200,4e541c53-98a3-4782-9d6d-b4c701b81d28,2026-06-12T14:45:00Z,2026-06-12T16:45:00+0200,553.74,MW,FR,FR,actual_offshore_wind_generation,Wind Offshore | Actual Aggregated,2026-06-27T15:47:42Z
2026-06-27T15:46:33Z,2026-06-27T17:46:33+0200,4e541c53-98a3-4782-9d6d-b4c701b81d28,2026-06-12T15:00:00Z,2026-06-12T17:00:00+0200,562.48,MW,FR,FR,actual_offshore_wind_generation,Wind Offshore | Actual Aggregated,2026-06-27T15:47:42Z
2026-06-27T15:46:33Z,2026-06-27T17:46:33+0200,4e541c53-98a3-4782-9d6d-b4c701b81d28,2026-06-12T15:15:00Z,2026-06-12T17:15:00+0200,583.8,MW,FR,FR,actual_offshore_wind_generation,Wind Offshore | Actual Aggregated,2026-06-27T15:47:42Z
2026-06-27T15:46:33Z,2026-06-27T17:46:33+0200,4e541c53-98a3-4782-9d6d-b4c701b81d28,2026-06-12T15:30:00Z,2026-06-12T17:30:00+0200,593.65,MW,FR,FR,actual_offshore_wind_generation,Wind Offshore | Actual Aggregated,2026-06-27T15:47:42Z
2026-06-27T15:46:33Z,2026-06-27T17:46:33+0200,4e541c53-98a3-4782-9d6d-b4c701b81d28,2026-06-12T15:45:00Z,2026-06-12T17:45:00+0200,647.27,MW,FR,FR,actual_offshore_wind_generation,Wind Offshore | Actual Aggregated,2026-06-27T15:47:42Z
2026-06-27T15:46:33Z,2026-06-27T17:46:33+0200,4e541c53-98a3-4782-9d6d-b4c701b81d28,2026-06-12T16:00:00Z,2026-06-12T18:00:00+0200,687.5,MW,FR,FR,actual_offshore_wind_generation,Wind Offshore | Actual Aggregated,2026-06-27T15:47:42Z
2026-06-27T15:46:33Z,2026-06-27T17:46:33+0200,4e541c53-98a3-4782-9d6d-b4c701b81d28,2026-06-12T16:15:00Z,2026-06-12T18:15:00+0200,750.24,MW,FR,FR,actual_offshore_wind_generation,Wind Offshore | Actual Aggregated,2026-06-27T15:47:42Z
2026-06-27T15:46:33Z,2026-06-27T17:46:33+0200,4e541c53-98a3-4782-9d6d-b4c701b81d28,2026-06-12T16:30:00Z,2026-06-12T18:30:00+0200,803.68,MW,FR,FR,actual_offshore_wind_generation,Wind Offshore | Actual Aggregated,2026-06-27T15:47:42Z
2026-06-27T15:46:33Z,2026-06-27T17:46:33+0200,4e541c53-98a3-4782-9d6d-b4c701b81d28,2026-06-12T16:45:00Z,2026-06-12T18:45:00+0200,807.89,MW,FR,FR,actual_offshore_wind_generation,Wind Offshore | Actual Aggregated,2026-06-27T15:47:42Z
2026-06-27T15:46:33Z,2026-06-27T17:46:33+0200,4e541c53-98a3-4782-9d6d-b4c701b81d28,2026-06-12T17:00:00Z,2026-06-12T19:00:00+0200,811.64,MW,FR,FR,actual_offshore_wind_generation,Wind Offshore | Actual Aggregated,2026-06-27T15:47:42Z
2026-06-27T15:46:33Z,2026-06-27T17:46:33+0200,4e541c53-98a3-4782-9d6d-b4c701b81d28,2026-06-12T17:15:00Z,2026-06-12T19:15:00+0200,844.1,MW,FR,FR,actual_offshore_wind_generation,Wind Offshore | Actual Aggregated,2026-06-27T15:47:42Z
2026-06-27T15:46:33Z,2026-06-27T17:46:33+0200,4e541c53-98a3-4782-9d6d-b4c701b81d28,2026-06-12T17:30:00Z,2026-06-12T19:30:00+0200,816.16,MW,FR,FR,actual_offshore_wind_generation,Wind Offshore | Actual Aggregated,2026-06-27T15:47:42Z
2026-06-27T15:46:33Z,2026-06-27T17:46:33+0200,4e541c53-98a3-4782-9d6d-b4c701b81d28,2026-06-12T17:45:00Z,2026-06-12T19:45:00+0200,750.37,MW,FR,FR,actual_offshore_wind_generation,Wind Offshore | Actual Aggregated,2026-06-27T15:47:42Z
2026-06-27T15:46:33Z,2026-06-27T17:46:33+0200,4e541c53-98a3-4782-9d6d-b4c701b81d28,2026-06-12T18:00:00Z,2026-06-12T20:00:00+0200,690.22,MW,FR,FR,actual_offshore_wind_generation,Wind Offshore | Actual Aggregated,2026-06-27T15:47:42Z
2026-06-27T15:46:33Z,2026-06-27T17:46:33+0200,4e541c53-98a3-4782-9d6d-b4c701b81d28,2026-06-12T18:15:00Z,2026-06-12T20:15:00+0200,666.53,MW,FR,FR,actual_offshore_wind_generation,Wind Offshore | Actual Aggregated,2026-06-27T15:47:42Z
2026-06-27T15:46:33Z,2026-06-27T17:46:33+0200,4e541c53-98a3-4782-9d6d-b4c701b81d28,2026-06-12T18:30:00Z,2026-06-12T20:30:00+0200,630.32,MW,FR,FR,actual_offshore_wind_generation,Wind Offshore | Actual Aggregated,2026-06-27T15:47:42Z
2026-06-27T15:46:33Z,2026-06-27T17:46:33+0200,4e541c53-98a3-4782-9d6d-b4c701b81d28,2026-06-12T18:45:00Z,2026-06-12T20:45:00+0200,598.64,MW,FR,FR,actual_offshore_wind_generation,Wind Offshore | Actual Aggregated,2026-06-27T15:47:42Z
2026-06-27T15:46:33Z,2026-06-27T17:46:33+0200,4e541c53-98a3-4782-9d6d-b4c701b81d28,2026-06-12T19:00:00Z,2026-06-12T21:00:00+0200,580.43,MW,FR,FR,actual_offshore_wind_generation,Wind Offshore | Actual Aggregated,2026-06-27T15:47:42Z
2026-06-27T15:46:33Z,2026-06-27T17:46:33+0200,4e541c53-98a3-4782-9d6d-b4c701b81d28,2026-06-12T19:15:00Z,2026-06-12T21:15:00+0200,567.41,MW,FR,FR,actual_offshore_wind_generation,Wind Offshore | Actual Aggregated,2026-06-27T15:47:42Z
2026-06-27T15:46:33Z,2026-06-27T17:46:33+0200,4e541c53-98a3-4782-9d6d-b4c701b81d28,2026-06-12T19:30:00Z,2026-06-12T21:30:00+0200,540.05,MW,FR,FR,actual_offshore_wind_generation,Wind Offshore | Actual Aggregated,2026-06-27T15:47:42Z
2026-06-27T15:46:33Z,2026-06-27T17:46:33+0200,4e541c53-98a3-4782-9d6d-b4c701b81d28,2026-06-12T19:45:00Z,2026-06-12T21:45:00+0200,539.31,MW,FR,FR,actual_offshore_wind_generation,Wind Offshore | Actual Aggregated,2026-06-27T15:47:42Z
2026-06-27T15:46:33Z,2026-06-27T17:46:33+0200,4e541c53-98a3-4782-9d6d-b4c701b81d28,2026-06-12T20:00:00Z,2026-06-12T22:00:00+0200,524.53,MW,FR,FR,actual_offshore_wind_generation,Wind Offshore | Actual Aggregated,2026-06-27T15:47:42Z
2026-06-27T15:46:33Z,2026-06-27T17:46:33+0200,4e541c53-98a3-4782-9d6d-b4c701b81d28,2026-06-12T20:15:00Z,2026-06-12T22:15:00+0200,529.72,MW,FR,FR,actual_offshore_wind_generation,Wind Offshore | Actual Aggregated,2026-06-27T15:47:42Z
2026-06-27T15:46:33Z,2026-06-27T17:46:33+0200,4e541c53-98a3-4782-9d6d-b4c701b81d28,2026-06-12T20:30:00Z,2026-06-12T22:30:00+0200,519.94,MW,FR,FR,actual_offshore_wind_generation,Wind Offshore | Actual Aggregated,2026-06-27T15:47:42Z
2026-06-27T15:46:33Z,2026-06-27T17:46:33+0200,4e541c53-98a3-4782-9d6d-b4c701b81d28,2026-06-12T20:45:00Z,2026-06-12T22:45:00+0200,511.57,MW,FR,FR,actual_offshore_wind_generation,Wind Offshore | Actual Aggregated,2026-06-27T15:47:42Z
2026-06-27T15:46:33Z,2026-06-27T17:46:33+0200,4e541c53-98a3-4782-9d6d-b4c701b81d28,2026-06-12T21:00:00Z,2026-06-12T23:00:00+0200,538.76,MW,FR,FR,actual_offshore_wind_generation,Wind Offshore | Actual Aggregated,2026-06-27T15:47:42Z
2026-06-27T15:46:33Z,2026-06-27T17:46:33+0200,4e541c53-98a3-4782-9d6d-b4c701b81d28,2026-06-12T21:15:00Z,2026-06-12T23:15:00+0200,563.82,MW,FR,FR,actual_offshore_wind_generation,Wind Offshore | Actual Aggregated,2026-06-27T15:47:42Z
2026-06-27T15:46:33Z,2026-06-27T17:46:33+0200,4e541c53-98a3-4782-9d6d-b4c701b81d28,2026-06-12T21:30:00Z,2026-06-12T23:30:00+0200,591.61,MW,FR,FR,actual_offshore_wind_generation,Wind Offshore | Actual Aggregated,2026-06-27T15:47:42Z
2026-06-27T15:46:33Z,2026-06-27T17:46:33+0200,4e541c53-98a3-4782-9d6d-b4c701b81d28,2026-06-12T21:45:00Z,2026-06-12T23:45:00+0200,590.16,MW,FR,FR,actual_offshore_wind_generation,Wind Offshore | Actual Aggregated,2026-06-27T15:47:42Z
2026-06-27T15:46:33Z,2026-06-27T17:46:33+0200,4e541c53-98a3-4782-9d6d-b4c701b81d28,2026-06-12T22:00:00Z,2026-06-13T00:00:00+0200,595.56,MW,FR,FR,actual_offshore_wind_generation,Wind Offshore | Actual Aggregated,2026-06-27T15:47:42Z
2026-06-27T15:46:33Z,2026-06-27T17:46:33+0200,4e541c53-98a3-4782-9d6d-b4c701b81d28,2026-06-12T22:15:00Z,2026-06-13T00:15:00+0200,613.99,MW,FR,FR,actual_offshore_wind_generation,Wind Offshore | Actual Aggregated,2026-06-27T15:47:42Z
2026-06-27T15:46:33Z,2026-06-27T17:46:33+0200,4e541c53-98a3-4782-9d6d-b4c701b81d28,2026-06-12T22:30:00Z,2026-06-13T00:30:00+0200,619.16,MW,FR,FR,actual_offshore_wind_generation,Wind Offshore | Actual Aggregated,2026-06-27T15:47:42Z
2026-06-27T15:46:33Z,2026-06-27T17:46:33+0200,4e541c53-98a3-4782-9d6d-b4c701b81d28,2026-06-12T22:45:00Z,2026-06-13T00:45:00+0200,629.18,MW,FR,FR,actual_offshore_wind_generation,Wind Offshore | Actual Aggregated,2026-06-27T15:47:42Z
2026-06-27T15:46:33Z,2026-06-27T17:46:33+0200,4e541c53-98a3-4782-9d6d-b4c701b81d28,2026-06-12T23:00:00Z,2026-06-13T01:00:00+0200,635.55,MW,FR,FR,actual_offshore_wind_generation,Wind Offshore | Actual Aggregated,2026-06-27T15:47:42Z
2026-06-27T15:46:33Z,2026-06-27T17:46:33+0200,4e541c53-98a3-4782-9d6d-b4c701b81d28,2026-06-12T23:15:00Z,2026-06-13T01:15:00+0200,624.54,MW,FR,FR,actual_offshore_wind_generation,Wind Offshore | Actual Aggregated,2026-06-27T15:47:42Z
2026-06-27T15:46:33Z,2026-06-27T17:46:33+0200,4e541c53-98a3-4782-9d6d-b4c701b81d28,2026-06-12T23:30:00Z,2026-06-13T01:30:00+0200,630.41,MW,FR,FR,actual_offshore_wind_generation,Wind Offshore | Actual Aggregated,2026-06-27T15:47:42Z
2026-06-27T15:46:33Z,2026-06-27T17:46:33+0200,4e541c53-98a3-4782-9d6d-b4c701b81d28,2026-06-12T23:45:00Z,2026-06-13T01:45:00+0200,626.36,MW,FR,FR,actual_offshore_wind_generation,Wind Offshore | Actual Aggregated,2026-06-27T15:47:42Z
2026-06-27T15:46:33Z,2026-06-27T17:46:33+0200,4e541c53-98a3-4782-9d6d-b4c701b81d28,2026-06-13T00:00:00Z,2026-06-13T02:00:00+0200,605.3,MW,FR,FR,actual_offshore_wind_generation,Wind Offshore | Actual Aggregated,2026-06-27T15:47:42Z
2026-06-27T15:46:33Z,2026-06-27T17:46:33+0200,4e541c53-98a3-4782-9d6d-b4c701b81d28,2026-06-13T00:15:00Z,2026-06-13T02:15:00+0200,577.72,MW,FR,FR,actual_offshore_wind_generation,Wind Offshore | Actual Aggregated,2026-06-27T15:47:42Z
2026-06-27T15:46:33Z,2026-06-27T17:46:33+0200,4e541c53-98a3-4782-9d6d-b4c701b81d28,2026-06-13T00:30:00Z,2026-06-13T02:30:00+0200,547.13,MW,FR,FR,actual_offshore_wind_generation,Wind Offshore | Actual Aggregated,2026-06-27T15:47:42Z
2026-06-27T15:46:33Z,2026-06-27T17:46:33+0200,4e541c53-98a3-4782-9d6d-b4c701b81d28,2026-06-13T00:45:00Z,2026-06-13T02:45:00+0200,546.57,MW,FR,FR,actual_offshore_wind_generation,Wind Offshore | Actual Aggregated,2026-06-27T15:47:42Z
2026-06-27T15:46:33Z,2026-06-27T17:46:33+0200,4e541c53-98a3-4782-9d6d-b4c701b81d28,2026-06-13T01:00:00Z,2026-06-13T03:00:00+0200,550.31,MW,FR,FR,actual_offshore_wind_generation,Wind Offshore | Actual Aggregated,2026-06-27T15:47:42Z
2026-06-27T15:46:33Z,2026-06-27T17:46:33+0200,4e541c53-98a3-4782-9d6d-b4c701b81d28,2026-06-13T01:15:00Z,2026-06-13T03:15:00+0200,536.86,MW,FR,FR,actual_offshore_wind_generation,Wind Offshore | Actual Aggregated,2026-06-27T15:47:42Z
2026-06-27T15:46:33Z,2026-06-27T17:46:33+0200,4e541c53-98a3-4782-9d6d-b4c701b81d28,2026-06-13T01:30:00Z,2026-06-13T03:30:00+0200,528.31,MW,FR,FR,actual_offshore_wind_generation,Wind Offshore | Actual Aggregated,2026-06-27T15:47:42Z
2026-06-27T15:46:33Z,2026-06-27T17:46:33+0200,4e541c53-98a3-4782-9d6d-b4c701b81d28,2026-06-13T01:45:00Z,2026-06-13T03:45:00+0200,530.28,MW,FR,FR,actual_offshore_wind_generation,Wind Offshore | Actual Aggregated,2026-06-27T15:47:42Z
2026-06-27T15:46:33Z,2026-06-27T17:46:33+0200,4e541c53-98a3-4782-9d6d-b4c701b81d28,2026-06-13T02:00:00Z,2026-06-13T04:00:00+0200,514.85,MW,FR,FR,actual_offshore_wind_generation,Wind Offshore | Actual Aggregated,2026-06-27T15:47:42Z
2026-06-27T15:46:33Z,2026-06-27T17:46:33+0200,4e541c53-98a3-4782-9d6d-b4c701b81d28,2026-06-13T02:15:00Z,2026-06-13T04:15:00+0200,489.37,MW,FR,FR,actual_offshore_wind_generation,Wind Offshore | Actual Aggregated,2026-06-27T15:47:42Z
2026-06-27T15:46:33Z,2026-06-27T17:46:33+0200,4e541c53-98a3-4782-9d6d-b4c701b81d28,2026-06-13T02:30:00Z,2026-06-13T04:30:00+0200,492.57,MW,FR,FR,actual_offshore_wind_generation,Wind Offshore | Actual Aggregated,2026-06-27T15:47:42Z
2026-06-27T15:46:33Z,2026-06-27T17:46:33+0200,4e541c53-98a3-4782-9d6d-b4c701b81d28,2026-06-13T02:45:00Z,2026-06-13T04:45:00+0200,486.99,MW,FR,FR,actual_offshore_wind_generation,Wind Offshore | Actual Aggregated,2026-06-27T15:47:42Z
2026-06-27T15:46:33Z,2026-06-27T17:46:33+0200,4e541c53-98a3-4782-9d6d-b4c701b81d28,2026-06-13T03:00:00Z,2026-06-13T05:00:00+0200,460.63,MW,FR,FR,actual_offshore_wind_generation,Wind Offshore | Actual Aggregated,2026-06-27T15:47:42Z
2026-06-27T15:46:33Z,2026-06-27T17:46:33+0200,4e541c53-98a3-4782-9d6d-b4c701b81d28,2026-06-13T03:15:00Z,2026-06-13T05:15:00+0200,425.6,MW,FR,FR,actual_offshore_wind_generation,Wind Offshore | Actual Aggregated,2026-06-27T15:47:42Z
2026-06-27T15:46:33Z,2026-06-27T17:46:33+0200,4e541c53-98a3-4782-9d6d-b4c701b81d28,2026-06-13T03:30:00Z,2026-06-13T05:30:00+0200,417.65,MW,FR,FR,actual_offshore_wind_generation,Wind Offshore | Actual Aggregated,2026-06-27T15:47:42Z
2026-06-27T15:46:33Z,2026-06-27T17:46:33+0200,4e541c53-98a3-4782-9d6d-b4c701b81d28,2026-06-13T03:45:00Z,2026-06-13T05:45:00+0200,411.98,MW,FR,FR,actual_offshore_wind_generation,Wind Offshore | Actual Aggregated,2026-06-27T15:47:42Z
2026-06-27T15:46:33Z,2026-06-27T17:46:33+0200,4e541c53-98a3-4782-9d6d-b4c701b81d28,2026-06-13T04:00:00Z,2026-06-13T06:00:00+0200,410.17,MW,FR,FR,actual_offshore_wind_generation,Wind Offshore | Actual Aggregated,2026-06-27T15:47:42Z
2026-06-27T15:46:33Z,2026-06-27T17:46:33+0200,4e541c53-98a3-4782-9d6d-b4c701b81d28,2026-06-13T04:15:00Z,2026-06-13T06:15:00+0200,380.66,MW,FR,FR,actual_offshore_wind_generation,Wind Offshore | Actual Aggregated,2026-06-27T15:47:42Z
2026-06-27T15:46:33Z,2026-06-27T17:46:33+0200,4e541c53-98a3-4782-9d6d-b4c701b81d28,2026-06-13T04:30:00Z,2026-06-13T06:30:00+0200,399.32,MW,FR,FR,actual_offshore_wind_generation,Wind Offshore | Actual Aggregated,2026-06-27T15:47:42Z
2026-06-27T15:46:33Z,2026-06-27T17:46:33+0200,4e541c53-98a3-4782-9d6d-b4c701b81d28,2026-06-13T04:45:00Z,2026-06-13T06:45:00+0200,402.21,MW,FR,FR,actual_offshore_wind_generation,Wind Offshore | Actual Aggregated,2026-06-27T15:47:42Z
2026-06-27T15:46:33Z,2026-06-27T17:46:33+0200,4e541c53-98a3-4782-9d6d-b4c701b81d28,2026-06-13T05:00:00Z,2026-06-13T07:00:00+0200,405.49,MW,FR,FR,actual_offshore_wind_generation,Wind Offshore | Actual Aggregated,2026-06-27T15:47:42Z
2026-06-27T15:46:33Z,2026-06-27T17:46:33+0200,4e541c53-98a3-4782-9d6d-b4c701b81d28,2026-06-13T05:15:00Z,2026-06-13T07:15:00+0200,342.79,MW,FR,FR,actual_offshore_wind_generation,Wind Offshore | Actual Aggregated,2026-06-27T15:47:42Z
2026-06-27T15:46:33Z,2026-06-27T17:46:33+0200,4e541c53-98a3-4782-9d6d-b4c701b81d28,2026-06-13T05:30:00Z,2026-06-13T07:30:00+0200,355.75,MW,FR,FR,actual_offshore_wind_generation,Wind Offshore | Actual Aggregated,2026-06-27T15:47:42Z
2026-06-27T15:46:33Z,2026-06-27T17:46:33+0200,4e541c53-98a3-4782-9d6d-b4c701b81d28,2026-06-13T05:45:00Z,2026-06-13T07:45:00+0200,374.28,MW,FR,FR,actual_offshore_wind_generation,Wind Offshore | Actual Aggregated,2026-06-27T15:47:42Z
2026-06-27T15:46:33Z,2026-06-27T17:46:33+0200,4e541c53-98a3-4782-9d6d-b4c701b81d28,2026-06-13T06:00:00Z,2026-06-13T08:00:00+0200,389.7,MW,FR,FR,actual_offshore_wind_generation,Wind Offshore | Actual Aggregated,2026-06-27T15:47:42Z
2026-06-27T15:46:33Z,2026-06-27T17:46:33+0200,4e541c53-98a3-4782-9d6d-b4c701b81d28,2026-06-13T06:15:00Z,2026-06-13T08:15:00+0200,358.56,MW,FR,FR,actual_offshore_wind_generation,Wind Offshore | Actual Aggregated,2026-06-27T15:47:42Z
2026-06-27T15:46:33Z,2026-06-27T17:46:33+0200,4e541c53-98a3-4782-9d6d-b4c701b81d28,2026-06-13T06:30:00Z,2026-06-13T08:30:00+0200,362.0,MW,FR,FR,actual_offshore_wind_generation,Wind Offshore | Actual Aggregated,2026-06-27T15:47:42Z
2026-06-27T15:46:33Z,2026-06-27T17:46:33+0200,4e541c53-98a3-4782-9d6d-b4c701b81d28,2026-06-13T06:45:00Z,2026-06-13T08:45:00+0200,373.52,MW,FR,FR,actual_offshore_wind_generation,Wind Offshore | Actual Aggregated,2026-06-27T15:47:42Z
2026-06-27T15:46:33Z,2026-06-27T17:46:33+0200,4e541c53-98a3-4782-9d6d-b4c701b81d28,2026-06-13T07:00:00Z,2026-06-13T09:00:00+0200,305.77,MW,FR,FR,actual_offshore_wind_generation,Wind Offshore | Actual Aggregated,2026-06-27T15:47:42Z
2026-06-27T15:46:33Z,2026-06-27T17:46:33+0200,4e541c53-98a3-4782-9d6d-b4c701b81d28,2026-06-13T07:15:00Z,2026-06-13T09:15:00+0200,84.96,MW,FR,FR,actual_offshore_wind_generation,Wind Offshore | Actual Aggregated,2026-06-27T15:47:42Z
2026-06-27T15:46:33Z,2026-06-27T17:46:33+0200,4e541c53-98a3-4782-9d6d-b4c701b81d28,2026-06-13T07:30:00Z,2026-06-13T09:30:00+0200,80.71,MW,FR,FR,actual_offshore_wind_generation,Wind Offshore | Actual Aggregated,2026-06-27T15:47:42Z
2026-06-27T15:46:33Z,2026-06-27T17:46:33+0200,4e541c53-98a3-4782-9d6d-b4c701b81d28,2026-06-13T07:45:00Z,2026-06-13T09:45:00+0200,75.4,MW,FR,FR,actual_offshore_wind_generation,Wind Offshore | Actual Aggregated,2026-06-27T15:47:42Z
2026-06-27T15:46:33Z,2026-06-27T17:46:33+0200,4e541c53-98a3-4782-9d6d-b4c701b81d28,2026-06-13T08:00:00Z,2026-06-13T10:00:00+0200,72.22,MW,FR,FR,actual_offshore_wind_generation,Wind Offshore | Actual Aggregated,2026-06-27T15:47:42Z
2026-06-27T15:46:33Z,2026-06-27T17:46:33+0200,4e541c53-98a3-4782-9d6d-b4c701b81d28,2026-06-13T08:15:00Z,2026-06-13T10:15:00+0200,71.79,MW,FR,FR,actual_offshore_wind_generation,Wind Offshore | Actual Aggregated,2026-06-27T15:47:42Z
2026-06-27T15:46:33Z,2026-06-27T17:46:33+0200,4e541c53-98a3-4782-9d6d-b4c701b81d28,2026-06-13T08:30:00Z,2026-06-13T10:30:00+0200,69.71,MW,FR,FR,actual_offshore_wind_generation,Wind Offshore | Actual Aggregated,2026-06-27T15:47:42Z
2026-06-27T15:46:33Z,2026-06-27T17:46:33+0200,4e541c53-98a3-4782-9d6d-b4c701b81d28,2026-06-13T08:45:00Z,2026-06-13T10:45:00+0200,68.21,MW,FR,FR,actual_offshore_wind_generation,Wind Offshore | Actual Aggregated,2026-06-27T15:47:42Z
2026-06-27T15:46:33Z,2026-06-27T17:46:33+0200,4e541c53-98a3-4782-9d6d-b4c701b81d28,2026-06-13T09:00:00Z,2026-06-13T11:00:00+0200,64.77,MW,FR,FR,actual_offshore_wind_generation,Wind Offshore | Actual Aggregated,2026-06-27T15:47:42Z
2026-06-27T15:46:33Z,2026-06-27T17:46:33+0200,4e541c53-98a3-4782-9d6d-b4c701b81d28,2026-06-13T09:15:00Z,2026-06-13T11:15:00+0200,58.71,MW,FR,FR,actual_offshore_wind_generation,Wind Offshore | Actual Aggregated,2026-06-27T15:47:42Z
2026-06-27T15:46:33Z,2026-06-27T17:46:33+0200,4e541c53-98a3-4782-9d6d-b4c701b81d28,2026-06-13T09:30:00Z,2026-06-13T11:30:00+0200,57.68,MW,FR,FR,actual_offshore_wind_generation,Wind Offshore | Actual Aggregated,2026-06-27T15:47:42Z
2026-06-27T15:46:33Z,2026-06-27T17:46:33+0200,4e541c53-98a3-4782-9d6d-b4c701b81d28,2026-06-13T09:45:00Z,2026-06-13T11:45:00+0200,60.51,MW,FR,FR,actual_offshore_wind_generation,Wind Offshore | Actual Aggregated,2026-06-27T15:47:42Z
2026-06-27T15:46:33Z,2026-06-27T17:46:33+0200,4e541c53-98a3-4782-9d6d-b4c701b81d28,2026-06-13T10:00:00Z,2026-06-13T12:00:00+0200,60.46,MW,FR,FR,actual_offshore_wind_generation,Wind Offshore | Actual Aggregated,2026-06-27T15:47:42Z
2026-06-27T15:46:33Z,2026-06-27T17:46:33+0200,4e541c53-98a3-4782-9d6d-b4c701b81d28,2026-06-13T10:15:00Z,2026-06-13T12:15:00+0200,62.5,MW,FR,FR,actual_offshore_wind_generation,Wind Offshore | Actual Aggregated,2026-06-27T15:47:42Z
2026-06-27T15:46:33Z,2026-06-27T17:46:33+0200,4e541c53-98a3-4782-9d6d-b4c701b81d28,2026-06-13T10:30:00Z,2026-06-13T12:30:00+0200,65.14,MW,FR,FR,actual_offshore_wind_generation,Wind Offshore | Actual Aggregated,2026-06-27T15:47:42Z
2026-06-27T15:46:33Z,2026-06-27T17:46:33+0200,4e541c53-98a3-4782-9d6d-b4c701b81d28,2026-06-13T10:45:00Z,2026-06-13T12:45:00+0200,63.59,MW,FR,FR,actual_offshore_wind_generation,Wind Offshore | Actual Aggregated,2026-06-27T15:47:42Z
2026-06-27T15:46:33Z,2026-06-27T17:46:33+0200,4e541c53-98a3-4782-9d6d-b4c701b81d28,2026-06-13T11:00:00Z,2026-06-13T13:00:00+0200,62.68,MW,FR,FR,actual_offshore_wind_generation,Wind Offshore | Actual Aggregated,2026-06-27T15:47:42Z
2026-06-27T15:46:33Z,2026-06-27T17:46:33+0200,4e541c53-98a3-4782-9d6d-b4c701b81d28,2026-06-13T11:15:00Z,2026-06-13T13:15:00+0200,54.46,MW,FR,FR,actual_offshore_wind_generation,Wind Offshore | Actual Aggregated,2026-06-27T15:47:42Z
2026-06-27T15:46:33Z,2026-06-27T17:46:33+0200,4e541c53-98a3-4782-9d6d-b4c701b81d28,2026-06-13T11:30:00Z,2026-06-13T13:30:00+0200,48.93,MW,FR,FR,actual_offshore_wind_generation,Wind Offshore | Actual Aggregated,2026-06-27T15:47:42Z
2026-06-27T15:46:33Z,2026-06-27T17:46:33+0200,4e541c53-98a3-4782-9d6d-b4c701b81d28,2026-06-13T11:45:00Z,2026-06-13T13:45:00+0200,41.79,MW,FR,FR,actual_offshore_wind_generation,Wind Offshore | Actual Aggregated,2026-06-27T15:47:42Z
2026-06-27T15:46:33Z,2026-06-27T17:46:33+0200,4e541c53-98a3-4782-9d6d-b4c701b81d28,2026-06-13T12:00:00Z,2026-06-13T14:00:00+0200,36.9,MW,FR,FR,actual_offshore_wind_generation,Wind Offshore | Actual Aggregated,2026-06-27T15:47:42Z
2026-06-27T15:46:33Z,2026-06-27T17:46:33+0200,4e541c53-98a3-4782-9d6d-b4c701b81d28,2026-06-13T12:15:00Z,2026-06-13T14:15:00+0200,36.14,MW,FR,FR,actual_offshore_wind_generation,Wind Offshore | Actual Aggregated,2026-06-27T15:47:42Z
2026-06-27T15:46:33Z,2026-06-27T17:46:33+0200,4e541c53-98a3-4782-9d6d-b4c701b81d28,2026-06-13T12:30:00Z,2026-06-13T14:30:00+0200,34.04,MW,FR,FR,actual_offshore_wind_generation,Wind Offshore | Actual Aggregated,2026-06-27T15:47:42Z
2026-06-27T15:46:33Z,2026-06-27T17:46:33+0200,4e541c53-98a3-4782-9d6d-b4c701b81d28,2026-06-13T12:45:00Z,2026-06-13T14:45:00+0200,31.78,MW,FR,FR,actual_offshore_wind_generation,Wind Offshore | Actual Aggregated,2026-06-27T15:47:42Z
2026-06-27T15:46:33Z,2026-06-27T17:46:33+0200,4e541c53-98a3-4782-9d6d-b4c701b81d28,2026-06-13T13:00:00Z,2026-06-13T15:00:00+0200,26.4,MW,FR,FR,actual_offshore_wind_generation,Wind Offshore | Actual Aggregated,2026-06-27T15:47:42Z
2026-06-27T15:46:33Z,2026-06-27T17:46:33+0200,4e541c53-98a3-4782-9d6d-b4c701b81d28,2026-06-13T13:15:00Z,2026-06-13T15:15:00+0200,23.2,MW,FR,FR,actual_offshore_wind_generation,Wind Offshore | Actual Aggregated,2026-06-27T15:47:42Z
2026-06-27T15:46:33Z,2026-06-27T17:46:33+0200,4e541c53-98a3-4782-9d6d-b4c701b81d28,2026-06-13T13:30:00Z,2026-06-13T15:30:00+0200,22.9,MW,FR,FR,actual_offshore_wind_generation,Wind Offshore | Actual Aggregated,2026-06-27T15:47:42Z
2026-06-27T15:46:33Z,2026-06-27T17:46:33+0200,4e541c53-98a3-4782-9d6d-b4c701b81d28,2026-06-13T13:45:00Z,2026-06-13T15:45:00+0200,23.22,MW,FR,FR,actual_offshore_wind_generation,Wind Offshore | Actual Aggregated,2026-06-27T15:47:42Z
2026-06-27T15:46:33Z,2026-06-27T17:46:33+0200,4e541c53-98a3-4782-9d6d-b4c701b81d28,2026-06-13T14:00:00Z,2026-06-13T16:00:00+0200,24.54,MW,FR,FR,actual_offshore_wind_generation,Wind Offshore | Actual Aggregated,2026-06-27T15:47:42Z
2026-06-27T15:46:33Z,2026-06-27T17:46:33+0200,4e541c53-98a3-4782-9d6d-b4c701b81d28,2026-06-13T14:15:00Z,2026-06-13T16:15:00+0200,27.73,MW,FR,FR,actual_offshore_wind_generation,Wind Offshore | Actual Aggregated,2026-06-27T15:47:42Z
2026-06-27T15:46:33Z,2026-06-27T17:46:33+0200,4e541c53-98a3-4782-9d6d-b4c701b81d28,2026-06-13T14:30:00Z,2026-06-13T16:30:00+0200,33.42,MW,FR,FR,actual_offshore_wind_generation,Wind Offshore | Actual Aggregated,2026-06-27T15:47:42Z
2026-06-27T15:46:33Z,2026-06-27T17:46:33+0200,4e541c53-98a3-4782-9d6d-b4c701b81d28,2026-06-13T14:45:00Z,2026-06-13T16:45:00+0200,39.62,MW,FR,FR,actual_offshore_wind_generation,Wind Offshore | Actual Aggregated,2026-06-27T15:47:42Z
2026-06-27T15:46:33Z,2026-06-27T17:46:33+0200,4e541c53-98a3-4782-9d6d-b4c701b81d28,2026-06-13T15:00:00Z,2026-06-13T17:00:00+0200,40.04,MW,FR,FR,actual_offshore_wind_generation,Wind Offshore | Actual Aggregated,2026-06-27T15:47:42Z
2026-06-27T15:46:33Z,2026-06-27T17:46:33+0200,4e541c53-98a3-4782-9d6d-b4c701b81d28,2026-06-13T15:15:00Z,2026-06-13T17:15:00+0200,41.06,MW,FR,FR,actual_offshore_wind_generation,Wind Offshore | Actual Aggregated,2026-06-27T15:47:42Z
2026-06-27T15:46:33Z,2026-06-27T17:46:33+0200,4e541c53-98a3-4782-9d6d-b4c701b81d28,2026-06-13T15:30:00Z,2026-06-13T17:30:00+0200,41.85,MW,FR,FR,actual_offshore_wind_generation,Wind Offshore | Actual Aggregated,2026-06-27T15:47:42Z
2026-06-27T15:46:33Z,2026-06-27T17:46:33+0200,4e541c53-98a3-4782-9d6d-b4c701b81d28,2026-06-13T15:45:00Z,2026-06-13T17:45:00+0200,84.19,MW,FR,FR,actual_offshore_wind_generation,Wind Offshore | Actual Aggregated,2026-06-27T15:47:42Z
2026-06-27T15:46:33Z,2026-06-27T17:46:33+0200,4e541c53-98a3-4782-9d6d-b4c701b81d28,2026-06-13T16:00:00Z,2026-06-13T18:00:00+0200,184.96,MW,FR,FR,actual_offshore_wind_generation,Wind Offshore | Actual Aggregated,2026-06-27T15:47:42Z
2026-06-27T15:46:33Z,2026-06-27T17:46:33+0200,4e541c53-98a3-4782-9d6d-b4c701b81d28,2026-06-13T16:15:00Z,2026-06-13T18:15:00+0200,176.79,MW,FR,FR,actual_offshore_wind_generation,Wind Offshore | Actual Aggregated,2026-06-27T15:47:42Z
2026-06-27T15:46:33Z,2026-06-27T17:46:33+0200,4e541c53-98a3-4782-9d6d-b4c701b81d28,2026-06-13T16:30:00Z,2026-06-13T18:30:00+0200,156.94,MW,FR,FR,actual_offshore_wind_generation,Wind Offshore | Actual Aggregated,2026-06-27T15:47:42Z
2026-06-27T15:46:33Z,2026-06-27T17:46:33+0200,4e541c53-98a3-4782-9d6d-b4c701b81d28,2026-06-13T16:45:00Z,2026-06-13T18:45:00+0200,147.86,MW,FR,FR,actual_offshore_wind_generation,Wind Offshore | Actual Aggregated,2026-06-27T15:47:42Z
2026-06-27T15:46:33Z,2026-06-27T17:46:33+0200,4e541c53-98a3-4782-9d6d-b4c701b81d28,2026-06-13T17:00:00Z,2026-06-13T19:00:00+0200,148.41,MW,FR,FR,actual_offshore_wind_generation,Wind Offshore | Actual Aggregated,2026-06-27T15:47:42Z
2026-06-27T15:46:33Z,2026-06-27T17:46:33+0200,4e541c53-98a3-4782-9d6d-b4c701b81d28,2026-06-13T17:15:00Z,2026-06-13T19:15:00+0200,178.87,MW,FR,FR,actual_offshore_wind_generation,Wind Offshore | Actual Aggregated,2026-06-27T15:47:42Z
2026-06-27T15:46:33Z,2026-06-27T17:46:33+0200,4e541c53-98a3-4782-9d6d-b4c701b81d28,2026-06-13T17:30:00Z,2026-06-13T19:30:00+0200,196.44,MW,FR,FR,actual_offshore_wind_generation,Wind Offshore | Actual Aggregated,2026-06-27T15:47:42Z
2026-06-27T15:46:33Z,2026-06-27T17:46:33+0200,4e541c53-98a3-4782-9d6d-b4c701b81d28,2026-06-13T17:45:00Z,2026-06-13T19:45:00+0200,191.29,MW,FR,FR,actual_offshore_wind_generation,Wind Offshore | Actual Aggregated,2026-06-27T15:47:42Z
2026-06-27T15:46:33Z,2026-06-27T17:46:33+0200,4e541c53-98a3-4782-9d6d-b4c701b81d28,2026-06-13T18:00:00Z,2026-06-13T20:00:00+0200,187.73,MW,FR,FR,actual_offshore_wind_generation,Wind Offshore | Actual Aggregated,2026-06-27T15:47:42Z
2026-06-27T15:46:33Z,2026-06-27T17:46:33+0200,4e541c53-98a3-4782-9d6d-b4c701b81d28,2026-06-13T18:15:00Z,2026-06-13T20:15:00+0200,188.22,MW,FR,FR,actual_offshore_wind_generation,Wind Offshore | Actual Aggregated,2026-06-27T15:47:42Z
2026-06-27T15:46:33Z,2026-06-27T17:46:33+0200,4e541c53-98a3-4782-9d6d-b4c701b81d28,2026-06-13T18:30:00Z,2026-06-13T20:30:00+0200,199.74,MW,FR,FR,actual_offshore_wind_generation,Wind Offshore | Actual Aggregated,2026-06-27T15:47:42Z
2026-06-27T15:46:33Z,2026-06-27T17:46:33+0200,4e541c53-98a3-4782-9d6d-b4c701b81d28,2026-06-13T18:45:00Z,2026-06-13T20:45:00+0200,221.54,MW,FR,FR,actual_offshore_wind_generation,Wind Offshore | Actual Aggregated,2026-06-27T15:47:42Z
2026-06-27T15:46:33Z,2026-06-27T17:46:33+0200,4e541c53-98a3-4782-9d6d-b4c701b81d28,2026-06-13T19:00:00Z,2026-06-13T21:00:00+0200,234.86,MW,FR,FR,actual_offshore_wind_generation,Wind Offshore | Actual Aggregated,2026-06-27T15:47:42Z
2026-06-27T15:46:33Z,2026-06-27T17:46:33+0200,4e541c53-98a3-4782-9d6d-b4c701b81d28,2026-06-13T19:15:00Z,2026-06-13T21:15:00+0200,274.45,MW,FR,FR,actual_offshore_wind_generation,Wind Offshore | Actual Aggregated,2026-06-27T15:47:42Z
2026-06-27T15:46:33Z,2026-06-27T17:46:33+0200,4e541c53-98a3-4782-9d6d-b4c701b81d28,2026-06-13T19:30:00Z,2026-06-13T21:30:00+0200,298.34,MW,FR,FR,actual_offshore_wind_generation,Wind Offshore | Actual Aggregated,2026-06-27T15:47:42Z
2026-06-27T15:46:33Z,2026-06-27T17:46:33+0200,4e541c53-98a3-4782-9d6d-b4c701b81d28,2026-06-13T19:45:00Z,2026-06-13T21:45:00+0200,343.81,MW,FR,FR,actual_offshore_wind_generation,Wind Offshore | Actual Aggregated,2026-06-27T15:47:42Z
2026-06-27T15:46:33Z,2026-06-27T17:46:33+0200,4e541c53-98a3-4782-9d6d-b4c701b81d28,2026-06-13T20:00:00Z,2026-06-13T22:00:00+0200,378.25,MW,FR,FR,actual_offshore_wind_generation,Wind Offshore | Actual Aggregated,2026-06-27T15:47:42Z
2026-06-27T15:46:33Z,2026-06-27T17:46:33+0200,4e541c53-98a3-4782-9d6d-b4c701b81d28,2026-06-13T20:15:00Z,2026-06-13T22:15:00+0200,410.67,MW,FR,FR,actual_offshore_wind_generation,Wind Offshore | Actual Aggregated,2026-06-27T15:47:42Z
2026-06-27T15:46:33Z,2026-06-27T17:46:33+0200,4e541c53-98a3-4782-9d6d-b4c701b81d28,2026-06-13T20:30:00Z,2026-06-13T22:30:00+0200,441.25,MW,FR,FR,actual_offshore_wind_generation,Wind Offshore | Actual Aggregated,2026-06-27T15:47:42Z
2026-06-27T15:46:33Z,2026-06-27T17:46:33+0200,4e541c53-98a3-4782-9d6d-b4c701b81d28,2026-06-13T20:45:00Z,2026-06-13T22:45:00+0200,523.17,MW,FR,FR,actual_offshore_wind_generation,Wind Offshore | Actual Aggregated,2026-06-27T15:47:42Z
2026-06-27T15:46:33Z,2026-06-27T17:46:33+0200,4e541c53-98a3-4782-9d6d-b4c701b81d28,2026-06-13T21:00:00Z,2026-06-13T23:00:00+0200,671.34,MW,FR,FR,actual_offshore_wind_generation,Wind Offshore | Actual Aggregated,2026-06-27T15:47:42Z
2026-06-27T15:46:33Z,2026-06-27T17:46:33+0200,4e541c53-98a3-4782-9d6d-b4c701b81d28,2026-06-13T21:15:00Z,2026-06-13T23:15:00+0200,783.07,MW,FR,FR,actual_offshore_wind_generation,Wind Offshore | Actual Aggregated,2026-06-27T15:47:42Z
2026-06-27T15:46:33Z,2026-06-27T17:46:33+0200,4e541c53-98a3-4782-9d6d-b4c701b81d28,2026-06-13T21:30:00Z,2026-06-13T23:30:00+0200,856.1,MW,FR,FR,actual_offshore_wind_generation,Wind Offshore | Actual Aggregated,2026-06-27T15:47:42Z
2026-06-27T15:46:33Z,2026-06-27T17:46:33+0200,4e541c53-98a3-4782-9d6d-b4c701b81d28,2026-06-13T21:45:00Z,2026-06-13T23:45:00+0200,898.09,MW,FR,FR,actual_offshore_wind_generation,Wind Offshore | Actual Aggregated,2026-06-27T15:47:42Z
2026-06-27T15:46:33Z,2026-06-27T17:46:33+0200,4e541c53-98a3-4782-9d6d-b4c701b81d28,2026-06-13T22:00:00Z,2026-06-14T00:00:00+0200,923.72,MW,FR,FR,actual_offshore_wind_generation,Wind Offshore | Actual Aggregated,2026-06-27T15:47:42Z
2026-06-27T15:46:33Z,2026-06-27T17:46:33+0200,4e541c53-98a3-4782-9d6d-b4c701b81d28,2026-06-13T22:15:00Z,2026-06-14T00:15:00+0200,965.6,MW,FR,FR,actual_offshore_wind_generation,Wind Offshore | Actual Aggregated,2026-06-27T15:47:42Z
2026-06-27T15:46:33Z,2026-06-27T17:46:33+0200,4e541c53-98a3-4782-9d6d-b4c701b81d28,2026-06-13T22:30:00Z,2026-06-14T00:30:00+0200,971.33,MW,FR,FR,actual_offshore_wind_generation,Wind Offshore | Actual Aggregated,2026-06-27T15:47:42Z
2026-06-27T15:46:33Z,2026-06-27T17:46:33+0200,4e541c53-98a3-4782-9d6d-b4c701b81d28,2026-06-13T22:45:00Z,2026-06-14T00:45:00+0200,988.49,MW,FR,FR,actual_offshore_wind_generation,Wind Offshore | Actual Aggregated,2026-06-27T15:47:42Z
2026-06-27T15:46:33Z,2026-06-27T17:46:33+0200,4e541c53-98a3-4782-9d6d-b4c701b81d28,2026-06-13T23:00:00Z,2026-06-14T01:00:00+0200,1013.37,MW,FR,FR,actual_offshore_wind_generation,Wind Offshore | Actual Aggregated,2026-06-27T15:47:42Z
2026-06-27T15:46:33Z,2026-06-27T17:46:33+0200,4e541c53-98a3-4782-9d6d-b4c701b81d28,2026-06-13T23:15:00Z,2026-06-14T01:15:00+0200,990.41,MW,FR,FR,actual_offshore_wind_generation,Wind Offshore | Actual Aggregated,2026-06-27T15:47:42Z
2026-06-27T15:46:33Z,2026-06-27T17:46:33+0200,4e541c53-98a3-4782-9d6d-b4c701b81d28,2026-06-13T23:30:00Z,2026-06-14T01:30:00+0200,938.32,MW,FR,FR,actual_offshore_wind_generation,Wind Offshore | Actual Aggregated,2026-06-27T15:47:42Z
2026-06-27T15:46:33Z,2026-06-27T17:46:33+0200,4e541c53-98a3-4782-9d6d-b4c701b81d28,2026-06-13T23:45:00Z,2026-06-14T01:45:00+0200,924.52,MW,FR,FR,actual_offshore_wind_generation,Wind Offshore | Actual Aggregated,2026-06-27T15:47:42Z
2026-06-27T15:46:33Z,2026-06-27T17:46:33+0200,4e541c53-98a3-4782-9d6d-b4c701b81d28,2026-06-14T00:00:00Z,2026-06-14T02:00:00+0200,924.47,MW,FR,FR,actual_offshore_wind_generation,Wind Offshore | Actual Aggregated,2026-06-27T15:47:42Z
2026-06-27T15:46:33Z,2026-06-27T17:46:33+0200,4e541c53-98a3-4782-9d6d-b4c701b81d28,2026-06-14T00:15:00Z,2026-06-14T02:15:00+0200,877.76,MW,FR,FR,actual_offshore_wind_generation,Wind Offshore | Actual Aggregated,2026-06-27T15:47:42Z
2026-06-27T15:46:33Z,2026-06-27T17:46:33+0200,4e541c53-98a3-4782-9d6d-b4c701b81d28,2026-06-14T00:30:00Z,2026-06-14T02:30:00+0200,871.92,MW,FR,FR,actual_offshore_wind_generation,Wind Offshore | Actual Aggregated,2026-06-27T15:47:42Z
2026-06-27T15:46:33Z,2026-06-27T17:46:33+0200,4e541c53-98a3-4782-9d6d-b4c701b81d28,2026-06-14T00:45:00Z,2026-06-14T02:45:00+0200,848.22,MW,FR,FR,actual_offshore_wind_generation,Wind Offshore | Actual Aggregated,2026-06-27T15:47:42Z
2026-06-27T15:46:33Z,2026-06-27T17:46:33+0200,4e541c53-98a3-4782-9d6d-b4c701b81d28,2026-06-14T01:00:00Z,2026-06-14T03:00:00+0200,831.37,MW,FR,FR,actual_offshore_wind_generation,Wind Offshore | Actual Aggregated,2026-06-27T15:47:42Z
2026-06-27T15:46:33Z,2026-06-27T17:46:33+0200,4e541c53-98a3-4782-9d6d-b4c701b81d28,2026-06-14T01:15:00Z,2026-06-14T03:15:00+0200,813.97,MW,FR,FR,actual_offshore_wind_generation,Wind Offshore | Actual Aggregated,2026-06-27T15:47:42Z
2026-06-27T15:46:33Z,2026-06-27T17:46:33+0200,4e541c53-98a3-4782-9d6d-b4c701b81d28,2026-06-14T01:30:00Z,2026-06-14T03:30:00+0200,801.71,MW,FR,FR,actual_offshore_wind_generation,Wind Offshore | Actual Aggregated,2026-06-27T15:47:42Z
2026-06-27T15:46:33Z,2026-06-27T17:46:33+0200,4e541c53-98a3-4782-9d6d-b4c701b81d28,2026-06-14T01:45:00Z,2026-06-14T03:45:00+0200,801.16,MW,FR,FR,actual_offshore_wind_generation,Wind Offshore | Actual Aggregated,2026-06-27T15:47:42Z
2026-06-27T15:46:33Z,2026-06-27T17:46:33+0200,4e541c53-98a3-4782-9d6d-b4c701b81d28,2026-06-14T02:00:00Z,2026-06-14T04:00:00+0200,793.64,MW,FR,FR,actual_offshore_wind_generation,Wind Offshore | Actual Aggregated,2026-06-27T15:47:42Z
2026-06-27T15:46:33Z,2026-06-27T17:46:33+0200,4e541c53-98a3-4782-9d6d-b4c701b81d28,2026-06-14T02:15:00Z,2026-06-14T04:15:00+0200,803.39,MW,FR,FR,actual_offshore_wind_generation,Wind Offshore | Actual Aggregated,2026-06-27T15:47:42Z
2026-06-27T15:46:33Z,2026-06-27T17:46:33+0200,4e541c53-98a3-4782-9d6d-b4c701b81d28,2026-06-14T02:30:00Z,2026-06-14T04:30:00+0200,796.89,MW,FR,FR,actual_offshore_wind_generation,Wind Offshore | Actual Aggregated,2026-06-27T15:47:42Z
2026-06-27T15:46:33Z,2026-06-27T17:46:33+0200,4e541c53-98a3-4782-9d6d-b4c701b81d28,2026-06-14T02:45:00Z,2026-06-14T04:45:00+0200,771.25,MW,FR,FR,actual_offshore_wind_generation,Wind Offshore | Actual Aggregated,2026-06-27T15:47:42Z
2026-06-27T15:46:33Z,2026-06-27T17:46:33+0200,4e541c53-98a3-4782-9d6d-b4c701b81d28,2026-06-14T03:00:00Z,2026-06-14T05:00:00+0200,752.37,MW,FR,FR,actual_offshore_wind_generation,Wind Offshore | Actual Aggregated,2026-06-27T15:47:42Z
2026-06-27T15:46:33Z,2026-06-27T17:46:33+0200,4e541c53-98a3-4782-9d6d-b4c701b81d28,2026-06-14T03:15:00Z,2026-06-14T05:15:00+0200,764.58,MW,FR,FR,actual_offshore_wind_generation,Wind Offshore | Actual Aggregated,2026-06-27T15:47:42Z
2026-06-27T15:46:33Z,2026-06-27T17:46:33+0200,4e541c53-98a3-4782-9d6d-b4c701b81d28,2026-06-14T03:30:00Z,2026-06-14T05:30:00+0200,790.22,MW,FR,FR,actual_offshore_wind_generation,Wind Offshore | Actual Aggregated,2026-06-27T15:47:42Z
2026-06-27T15:46:33Z,2026-06-27T17:46:33+0200,4e541c53-98a3-4782-9d6d-b4c701b81d28,2026-06-14T03:45:00Z,2026-06-14T05:45:00+0200,782.83,MW,FR,FR,actual_offshore_wind_generation,Wind Offshore | Actual Aggregated,2026-06-27T15:47:42Z
2026-06-27T15:46:33Z,2026-06-27T17:46:33+0200,4e541c53-98a3-4782-9d6d-b4c701b81d28,2026-06-14T04:00:00Z,2026-06-14T06:00:00+0200,790.21,MW,FR,FR,actual_offshore_wind_generation,Wind Offshore | Actual Aggregated,2026-06-27T15:47:42Z
2026-06-27T15:46:33Z,2026-06-27T17:46:33+0200,4e541c53-98a3-4782-9d6d-b4c701b81d28,2026-06-14T04:15:00Z,2026-06-14T06:15:00+0200,803.33,MW,FR,FR,actual_offshore_wind_generation,Wind Offshore | Actual Aggregated,2026-06-27T15:47:42Z
2026-06-27T15:46:33Z,2026-06-27T17:46:33+0200,4e541c53-98a3-4782-9d6d-b4c701b81d28,2026-06-14T04:30:00Z,2026-06-14T06:30:00+0200,804.5,MW,FR,FR,actual_offshore_wind_generation,Wind Offshore | Actual Aggregated,2026-06-27T15:47:42Z
2026-06-27T15:46:33Z,2026-06-27T17:46:33+0200,4e541c53-98a3-4782-9d6d-b4c701b81d28,2026-06-14T04:45:00Z,2026-06-14T06:45:00+0200,813.44,MW,FR,FR,actual_offshore_wind_generation,Wind Offshore | Actual Aggregated,2026-06-27T15:47:42Z
2026-06-27T15:46:33Z,2026-06-27T17:46:33+0200,4e541c53-98a3-4782-9d6d-b4c701b81d28,2026-06-14T05:00:00Z,2026-06-14T07:00:00+0200,799.23,MW,FR,FR,actual_offshore_wind_generation,Wind Offshore | Actual Aggregated,2026-06-27T15:47:42Z
2026-06-27T15:46:33Z,2026-06-27T17:46:33+0200,4e541c53-98a3-4782-9d6d-b4c701b81d28,2026-06-14T05:15:00Z,2026-06-14T07:15:00+0200,804.51,MW,FR,FR,actual_offshore_wind_generation,Wind Offshore | Actual Aggregated,2026-06-27T15:47:42Z
2026-06-27T15:46:33Z,2026-06-27T17:46:33+0200,4e541c53-98a3-4782-9d6d-b4c701b81d28,2026-06-14T05:30:00Z,2026-06-14T07:30:00+0200,789.16,MW,FR,FR,actual_offshore_wind_generation,Wind Offshore | Actual Aggregated,2026-06-27T15:47:42Z
2026-06-27T15:46:33Z,2026-06-27T17:46:33+0200,4e541c53-98a3-4782-9d6d-b4c701b81d28,2026-06-14T05:45:00Z,2026-06-14T07:45:00+0200,793.08,MW,FR,FR,actual_offshore_wind_generation,Wind Offshore | Actual Aggregated,2026-06-27T15:47:42Z
2026-06-27T15:46:33Z,2026-06-27T17:46:33+0200,4e541c53-98a3-4782-9d6d-b4c701b81d28,2026-06-14T06:00:00Z,2026-06-14T08:00:00+0200,803.48,MW,FR,FR,actual_offshore_wind_generation,Wind Offshore | Actual Aggregated,2026-06-27T15:47:42Z
2026-06-27T15:46:33Z,2026-06-27T17:46:33+0200,4e541c53-98a3-4782-9d6d-b4c701b81d28,2026-06-14T06:15:00Z,2026-06-14T08:15:00+0200,704.09,MW,FR,FR,actual_offshore_wind_generation,Wind Offshore | Actual Aggregated,2026-06-27T15:47:42Z
2026-06-27T15:46:33Z,2026-06-27T17:46:33+0200,4e541c53-98a3-4782-9d6d-b4c701b81d28,2026-06-14T06:30:00Z,2026-06-14T08:30:00+0200,75.2,MW,FR,FR,actual_offshore_wind_generation,Wind Offshore | Actual Aggregated,2026-06-27T15:47:42Z
2026-06-27T15:46:33Z,2026-06-27T17:46:33+0200,4e541c53-98a3-4782-9d6d-b4c701b81d28,2026-06-14T06:45:00Z,2026-06-14T08:45:00+0200,72.48,MW,FR,FR,actual_offshore_wind_generation,Wind Offshore | Actual Aggregated,2026-06-27T15:47:42Z
2026-06-27T15:46:33Z,2026-06-27T17:46:33+0200,4e541c53-98a3-4782-9d6d-b4c701b81d28,2026-06-14T07:00:00Z,2026-06-14T09:00:00+0200,69.18,MW,FR,FR,actual_offshore_wind_generation,Wind Offshore | Actual Aggregated,2026-06-27T15:47:42Z
2026-06-27T15:46:33Z,2026-06-27T17:46:33+0200,4e541c53-98a3-4782-9d6d-b4c701b81d28,2026-06-14T07:15:00Z,2026-06-14T09:15:00+0200,67.0,MW,FR,FR,actual_offshore_wind_generation,Wind Offshore | Actual Aggregated,2026-06-27T15:47:42Z
2026-06-27T15:46:33Z,2026-06-27T17:46:33+0200,4e541c53-98a3-4782-9d6d-b4c701b81d28,2026-06-14T07:30:00Z,2026-06-14T09:30:00+0200,65.92,MW,FR,FR,actual_offshore_wind_generation,Wind Offshore | Actual Aggregated,2026-06-27T15:47:42Z
2026-06-27T15:46:33Z,2026-06-27T17:46:33+0200,4e541c53-98a3-4782-9d6d-b4c701b81d28,2026-06-14T07:45:00Z,2026-06-14T09:45:00+0200,65.82,MW,FR,FR,actual_offshore_wind_generation,Wind Offshore | Actual Aggregated,2026-06-27T15:47:42Z
2026-06-27T15:46:33Z,2026-06-27T17:46:33+0200,4e541c53-98a3-4782-9d6d-b4c701b81d28,2026-06-14T08:00:00Z,2026-06-14T10:00:00+0200,65.92,MW,FR,FR,actual_offshore_wind_generation,Wind Offshore | Actual Aggregated,2026-06-27T15:47:42Z
2026-06-27T15:46:33Z,2026-06-27T17:46:33+0200,4e541c53-98a3-4782-9d6d-b4c701b81d28,2026-06-14T08:15:00Z,2026-06-14T10:15:00+0200,64.41,MW,FR,FR,actual_offshore_wind_generation,Wind Offshore | Actual Aggregated,2026-06-27T15:47:42Z
2026-06-27T15:46:33Z,2026-06-27T17:46:33+0200,4e541c53-98a3-4782-9d6d-b4c701b81d28,2026-06-14T08:30:00Z,2026-06-14T10:30:00+0200,65.25,MW,FR,FR,actual_offshore_wind_generation,Wind Offshore | Actual Aggregated,2026-06-27T15:47:42Z
2026-06-27T15:46:33Z,2026-06-27T17:46:33+0200,4e541c53-98a3-4782-9d6d-b4c701b81d28,2026-06-14T08:45:00Z,2026-06-14T10:45:00+0200,64.51,MW,FR,FR,actual_offshore_wind_generation,Wind Offshore | Actual Aggregated,2026-06-27T15:47:42Z
2026-06-27T15:46:33Z,2026-06-27T17:46:33+0200,4e541c53-98a3-4782-9d6d-b4c701b81d28,2026-06-14T09:00:00Z,2026-06-14T11:00:00+0200,63.85,MW,FR,FR,actual_offshore_wind_generation,Wind Offshore | Actual Aggregated,2026-06-27T15:47:42Z
2026-06-27T15:46:33Z,2026-06-27T17:46:33+0200,4e541c53-98a3-4782-9d6d-b4c701b81d28,2026-06-14T09:15:00Z,2026-06-14T11:15:00+0200,62.93,MW,FR,FR,actual_offshore_wind_generation,Wind Offshore | Actual Aggregated,2026-06-27T15:47:42Z
2026-06-27T15:46:33Z,2026-06-27T17:46:33+0200,4e541c53-98a3-4782-9d6d-b4c701b81d28,2026-06-14T09:30:00Z,2026-06-14T11:30:00+0200,64.01,MW,FR,FR,actual_offshore_wind_generation,Wind Offshore | Actual Aggregated,2026-06-27T15:47:42Z
2026-06-27T15:46:33Z,2026-06-27T17:46:33+0200,4e541c53-98a3-4782-9d6d-b4c701b81d28,2026-06-14T09:45:00Z,2026-06-14T11:45:00+0200,63.07,MW,FR,FR,actual_offshore_wind_generation,Wind Offshore | Actual Aggregated,2026-06-27T15:47:42Z
2026-06-27T15:46:33Z,2026-06-27T17:46:33+0200,4e541c53-98a3-4782-9d6d-b4c701b81d28,2026-06-14T10:00:00Z,2026-06-14T12:00:00+0200,57.72,MW,FR,FR,actual_offshore_wind_generation,Wind Offshore | Actual Aggregated,2026-06-27T15:47:42Z
2026-06-27T15:46:33Z,2026-06-27T17:46:33+0200,4e541c53-98a3-4782-9d6d-b4c701b81d28,2026-06-14T10:15:00Z,2026-06-14T12:15:00+0200,58.67,MW,FR,FR,actual_offshore_wind_generation,Wind Offshore | Actual Aggregated,2026-06-27T15:47:42Z
2026-06-27T15:46:33Z,2026-06-27T17:46:33+0200,4e541c53-98a3-4782-9d6d-b4c701b81d28,2026-06-14T10:30:00Z,2026-06-14T12:30:00+0200,59.08,MW,FR,FR,actual_offshore_wind_generation,Wind Offshore | Actual Aggregated,2026-06-27T15:47:42Z
2026-06-27T15:46:33Z,2026-06-27T17:46:33+0200,4e541c53-98a3-4782-9d6d-b4c701b81d28,2026-06-14T10:45:00Z,2026-06-14T12:45:00+0200,64.4,MW,FR,FR,actual_offshore_wind_generation,Wind Offshore | Actual Aggregated,2026-06-27T15:47:42Z
2026-06-27T15:46:33Z,2026-06-27T17:46:33+0200,4e541c53-98a3-4782-9d6d-b4c701b81d28,2026-06-14T11:00:00Z,2026-06-14T13:00:00+0200,77.01,MW,FR,FR,actual_offshore_wind_generation,Wind Offshore | Actual Aggregated,2026-06-27T15:47:42Z
2026-06-27T15:46:33Z,2026-06-27T17:46:33+0200,4e541c53-98a3-4782-9d6d-b4c701b81d28,2026-06-14T11:15:00Z,2026-06-14T13:15:00+0200,87.0,MW,FR,FR,actual_offshore_wind_generation,Wind Offshore | Actual Aggregated,2026-06-27T15:47:42Z
2026-06-27T15:46:33Z,2026-06-27T17:46:33+0200,4e541c53-98a3-4782-9d6d-b4c701b81d28,2026-06-14T11:30:00Z,2026-06-14T13:30:00+0200,88.65,MW,FR,FR,actual_offshore_wind_generation,Wind Offshore | Actual Aggregated,2026-06-27T15:47:42Z
2026-06-27T15:46:33Z,2026-06-27T17:46:33+0200,4e541c53-98a3-4782-9d6d-b4c701b81d28,2026-06-14T11:45:00Z,2026-06-14T13:45:00+0200,74.74,MW,FR,FR,actual_offshore_wind_generation,Wind Offshore | Actual Aggregated,2026-06-27T15:47:42Z
2026-06-27T15:46:33Z,2026-06-27T17:46:33+0200,4e541c53-98a3-4782-9d6d-b4c701b81d28,2026-06-14T12:00:00Z,2026-06-14T14:00:00+0200,64.06,MW,FR,FR,actual_offshore_wind_generation,Wind Offshore | Actual Aggregated,2026-06-27T15:47:42Z
2026-06-27T15:46:33Z,2026-06-27T17:46:33+0200,4e541c53-98a3-4782-9d6d-b4c701b81d28,2026-06-14T12:15:00Z,2026-06-14T14:15:00+0200,55.89,MW,FR,FR,actual_offshore_wind_generation,Wind Offshore | Actual Aggregated,2026-06-27T15:47:42Z
2026-06-27T15:46:33Z,2026-06-27T17:46:33+0200,4e541c53-98a3-4782-9d6d-b4c701b81d28,2026-06-14T12:30:00Z,2026-06-14T14:30:00+0200,55.8,MW,FR,FR,actual_offshore_wind_generation,Wind Offshore | Actual Aggregated,2026-06-27T15:47:42Z
2026-06-27T15:46:33Z,2026-06-27T17:46:33+0200,4e541c53-98a3-4782-9d6d-b4c701b81d28,2026-06-14T12:45:00Z,2026-06-14T14:45:00+0200,56.76,MW,FR,FR,actual_offshore_wind_generation,Wind Offshore | Actual Aggregated,2026-06-27T15:47:42Z
2026-06-27T15:46:33Z,2026-06-27T17:46:33+0200,4e541c53-98a3-4782-9d6d-b4c701b81d28,2026-06-14T13:00:00Z,2026-06-14T15:00:00+0200,47.69,MW,FR,FR,actual_offshore_wind_generation,Wind Offshore | Actual Aggregated,2026-06-27T15:47:42Z
2026-06-27T15:46:33Z,2026-06-27T17:46:33+0200,4e541c53-98a3-4782-9d6d-b4c701b81d28,2026-06-14T13:15:00Z,2026-06-14T15:15:00+0200,42.38,MW,FR,FR,actual_offshore_wind_generation,Wind Offshore | Actual Aggregated,2026-06-27T15:47:42Z
2026-06-27T15:46:33Z,2026-06-27T17:46:33+0200,4e541c53-98a3-4782-9d6d-b4c701b81d28,2026-06-14T13:30:00Z,2026-06-14T15:30:00+0200,32.98,MW,FR,FR,actual_offshore_wind_generation,Wind Offshore | Actual Aggregated,2026-06-27T15:47:42Z
2026-06-27T15:46:33Z,2026-06-27T17:46:33+0200,4e541c53-98a3-4782-9d6d-b4c701b81d28,2026-06-14T13:45:00Z,2026-06-14T15:45:00+0200,29.14,MW,FR,FR,actual_offshore_wind_generation,Wind Offshore | Actual Aggregated,2026-06-27T15:47:42Z
2026-06-27T15:46:33Z,2026-06-27T17:46:33+0200,4e541c53-98a3-4782-9d6d-b4c701b81d28,2026-06-14T14:00:00Z,2026-06-14T16:00:00+0200,21.64,MW,FR,FR,actual_offshore_wind_generation,Wind Offshore | Actual Aggregated,2026-06-27T15:47:42Z
2026-06-27T15:46:33Z,2026-06-27T17:46:33+0200,4e541c53-98a3-4782-9d6d-b4c701b81d28,2026-06-14T14:15:00Z,2026-06-14T16:15:00+0200,17.86,MW,FR,FR,actual_offshore_wind_generation,Wind Offshore | Actual Aggregated,2026-06-27T15:47:42Z
2026-06-27T15:46:33Z,2026-06-27T17:46:33+0200,4e541c53-98a3-4782-9d6d-b4c701b81d28,2026-06-14T14:30:00Z,2026-06-14T16:30:00+0200,17.79,MW,FR,FR,actual_offshore_wind_generation,Wind Offshore | Actual Aggregated,2026-06-27T15:47:42Z
2026-06-27T15:46:33Z,2026-06-27T17:46:33+0200,4e541c53-98a3-4782-9d6d-b4c701b81d28,2026-06-14T14:45:00Z,2026-06-14T16:45:00+0200,21.96,MW,FR,FR,actual_offshore_wind_generation,Wind Offshore | Actual Aggregated,2026-06-27T15:47:42Z
2026-06-27T15:46:33Z,2026-06-27T17:46:33+0200,4e541c53-98a3-4782-9d6d-b4c701b81d28,2026-06-14T15:00:00Z,2026-06-14T17:00:00+0200,22.22,MW,FR,FR,actual_offshore_wind_generation,Wind Offshore | Actual Aggregated,2026-06-27T15:47:42Z
2026-06-27T15:46:33Z,2026-06-27T17:46:33+0200,4e541c53-98a3-4782-9d6d-b4c701b81d28,2026-06-14T15:15:00Z,2026-06-14T17:15:00+0200,41.97,MW,FR,FR,actual_offshore_wind_generation,Wind Offshore | Actual Aggregated,2026-06-27T15:47:42Z
2026-06-27T15:46:33Z,2026-06-27T17:46:33+0200,4e541c53-98a3-4782-9d6d-b4c701b81d28,2026-06-14T15:30:00Z,2026-06-14T17:30:00+0200,96.58,MW,FR,FR,actual_offshore_wind_generation,Wind Offshore | Actual Aggregated,2026-06-27T15:47:42Z
2026-06-27T15:46:33Z,2026-06-27T17:46:33+0200,4e541c53-98a3-4782-9d6d-b4c701b81d28,2026-06-14T15:45:00Z,2026-06-14T17:45:00+0200,109.81,MW,FR,FR,actual_offshore_wind_generation,Wind Offshore | Actual Aggregated,2026-06-27T15:47:42Z
2026-06-27T15:46:33Z,2026-06-27T17:46:33+0200,4e541c53-98a3-4782-9d6d-b4c701b81d28,2026-06-14T16:00:00Z,2026-06-14T18:00:00+0200,119.95,MW,FR,FR,actual_offshore_wind_generation,Wind Offshore | Actual Aggregated,2026-06-27T15:47:42Z
2026-06-27T15:46:33Z,2026-06-27T17:46:33+0200,4e541c53-98a3-4782-9d6d-b4c701b81d28,2026-06-14T16:15:00Z,2026-06-14T18:15:00+0200,136.25,MW,FR,FR,actual_offshore_wind_generation,Wind Offshore | Actual Aggregated,2026-06-27T15:47:42Z
2026-06-27T15:46:33Z,2026-06-27T17:46:33+0200,4e541c53-98a3-4782-9d6d-b4c701b81d28,2026-06-14T16:30:00Z,2026-06-14T18:30:00+0200,173.31,MW,FR,FR,actual_offshore_wind_generation,Wind Offshore | Actual Aggregated,2026-06-27T15:47:42Z
2026-06-27T15:46:33Z,2026-06-27T17:46:33+0200,4e541c53-98a3-4782-9d6d-b4c701b81d28,2026-06-14T16:45:00Z,2026-06-14T18:45:00+0200,231.14,MW,FR,FR,actual_offshore_wind_generation,Wind Offshore | Actual Aggregated,2026-06-27T15:47:42Z
2026-06-27T15:46:33Z,2026-06-27T17:46:33+0200,4e541c53-98a3-4782-9d6d-b4c701b81d28,2026-06-14T17:00:00Z,2026-06-14T19:00:00+0200,268.79,MW,FR,FR,actual_offshore_wind_generation,Wind Offshore | Actual Aggregated,2026-06-27T15:47:42Z
2026-06-27T15:46:33Z,2026-06-27T17:46:33+0200,4e541c53-98a3-4782-9d6d-b4c701b81d28,2026-06-14T17:15:00Z,2026-06-14T19:15:00+0200,289.85,MW,FR,FR,actual_offshore_wind_generation,Wind Offshore | Actual Aggregated,2026-06-27T15:47:42Z
2026-06-27T15:46:33Z,2026-06-27T17:46:33+0200,4e541c53-98a3-4782-9d6d-b4c701b81d28,2026-06-14T17:30:00Z,2026-06-14T19:30:00+0200,306.51,MW,FR,FR,actual_offshore_wind_generation,Wind Offshore | Actual Aggregated,2026-06-27T15:47:42Z
2026-06-27T15:46:33Z,2026-06-27T17:46:33+0200,4e541c53-98a3-4782-9d6d-b4c701b81d28,2026-06-14T17:45:00Z,2026-06-14T19:45:00+0200,309.99,MW,FR,FR,actual_offshore_wind_generation,Wind Offshore | Actual Aggregated,2026-06-27T15:47:42Z
2026-06-27T15:46:33Z,2026-06-27T17:46:33+0200,4e541c53-98a3-4782-9d6d-b4c701b81d28,2026-06-14T18:00:00Z,2026-06-14T20:00:00+0200,310.17,MW,FR,FR,actual_offshore_wind_generation,Wind Offshore | Actual Aggregated,2026-06-27T15:47:42Z
2026-06-27T15:46:33Z,2026-06-27T17:46:33+0200,4e541c53-98a3-4782-9d6d-b4c701b81d28,2026-06-14T18:15:00Z,2026-06-14T20:15:00+0200,345.11,MW,FR,FR,actual_offshore_wind_generation,Wind Offshore | Actual Aggregated,2026-06-27T15:47:42Z
2026-06-27T15:46:33Z,2026-06-27T17:46:33+0200,4e541c53-98a3-4782-9d6d-b4c701b81d28,2026-06-14T18:30:00Z,2026-06-14T20:30:00+0200,391.9,MW,FR,FR,actual_offshore_wind_generation,Wind Offshore | Actual Aggregated,2026-06-27T15:47:42Z
2026-06-27T15:46:33Z,2026-06-27T17:46:33+0200,4e541c53-98a3-4782-9d6d-b4c701b81d28,2026-06-14T18:45:00Z,2026-06-14T20:45:00+0200,432.96,MW,FR,FR,actual_offshore_wind_generation,Wind Offshore | Actual Aggregated,2026-06-27T15:47:42Z
2026-06-27T15:46:33Z,2026-06-27T17:46:33+0200,4e541c53-98a3-4782-9d6d-b4c701b81d28,2026-06-14T19:00:00Z,2026-06-14T21:00:00+0200,460.26,MW,FR,FR,actual_offshore_wind_generation,Wind Offshore | Actual Aggregated,2026-06-27T15:47:42Z
2026-06-27T15:46:33Z,2026-06-27T17:46:33+0200,4e541c53-98a3-4782-9d6d-b4c701b81d28,2026-06-14T19:15:00Z,2026-06-14T21:15:00+0200,450.5,MW,FR,FR,actual_offshore_wind_generation,Wind Offshore | Actual Aggregated,2026-06-27T15:47:42Z
2026-06-27T15:46:33Z,2026-06-27T17:46:33+0200,4e541c53-98a3-4782-9d6d-b4c701b81d28,2026-06-14T19:30:00Z,2026-06-14T21:30:00+0200,381.79,MW,FR,FR,actual_offshore_wind_generation,Wind Offshore | Actual Aggregated,2026-06-27T15:47:42Z
2026-06-27T15:46:33Z,2026-06-27T17:46:33+0200,4e541c53-98a3-4782-9d6d-b4c701b81d28,2026-06-14T19:45:00Z,2026-06-14T21:45:00+0200,356.91,MW,FR,FR,actual_offshore_wind_generation,Wind Offshore | Actual Aggregated,2026-06-27T15:47:42Z
2026-06-27T15:46:33Z,2026-06-27T17:46:33+0200,4e541c53-98a3-4782-9d6d-b4c701b81d28,2026-06-14T20:00:00Z,2026-06-14T22:00:00+0200,368.04,MW,FR,FR,actual_offshore_wind_generation,Wind Offshore | Actual Aggregated,2026-06-27T15:47:42Z
2026-06-27T15:46:33Z,2026-06-27T17:46:33+0200,4e541c53-98a3-4782-9d6d-b4c701b81d28,2026-06-14T20:15:00Z,2026-06-14T22:15:00+0200,408.77,MW,FR,FR,actual_offshore_wind_generation,Wind Offshore | Actual Aggregated,2026-06-27T15:47:42Z
2026-06-27T15:46:33Z,2026-06-27T17:46:33+0200,4e541c53-98a3-4782-9d6d-b4c701b81d28,2026-06-14T20:30:00Z,2026-06-14T22:30:00+0200,440.24,MW,FR,FR,actual_offshore_wind_generation,Wind Offshore | Actual Aggregated,2026-06-27T15:47:42Z
2026-06-27T15:46:33Z,2026-06-27T17:46:33+0200,4e541c53-98a3-4782-9d6d-b4c701b81d28,2026-06-14T20:45:00Z,2026-06-14T22:45:00+0200,453.21,MW,FR,FR,actual_offshore_wind_generation,Wind Offshore | Actual Aggregated,2026-06-27T15:47:42Z
2026-06-27T15:46:33Z,2026-06-27T17:46:33+0200,4e541c53-98a3-4782-9d6d-b4c701b81d28,2026-06-14T21:00:00Z,2026-06-14T23:00:00+0200,483.36,MW,FR,FR,actual_offshore_wind_generation,Wind Offshore | Actual Aggregated,2026-06-27T15:47:42Z
2026-06-27T15:46:33Z,2026-06-27T17:46:33+0200,4e541c53-98a3-4782-9d6d-b4c701b81d28,2026-06-14T21:15:00Z,2026-06-14T23:15:00+0200,525.73,MW,FR,FR,actual_offshore_wind_generation,Wind Offshore | Actual Aggregated,2026-06-27T15:47:42Z
2026-06-27T15:46:33Z,2026-06-27T17:46:33+0200,4e541c53-98a3-4782-9d6d-b4c701b81d28,2026-06-14T21:30:00Z,2026-06-14T23:30:00+0200,589.23,MW,FR,FR,actual_offshore_wind_generation,Wind Offshore | Actual Aggregated,2026-06-27T15:47:42Z
2026-06-27T15:46:33Z,2026-06-27T17:46:33+0200,4e541c53-98a3-4782-9d6d-b4c701b81d28,2026-06-14T21:45:00Z,2026-06-14T23:45:00+0200,684.56,MW,FR,FR,actual_offshore_wind_generation,Wind Offshore | Actual Aggregated,2026-06-27T15:47:42Z
2026-06-27T15:46:33Z,2026-06-27T17:46:33+0200,4e541c53-98a3-4782-9d6d-b4c701b81d28,2026-06-14T22:00:00Z,2026-06-15T00:00:00+0200,777.05,MW,FR,FR,actual_offshore_wind_generation,Wind Offshore | Actual Aggregated,2026-06-27T15:47:42Z
2026-06-27T15:46:33Z,2026-06-27T17:46:33+0200,4e541c53-98a3-4782-9d6d-b4c701b81d28,2026-06-14T22:15:00Z,2026-06-15T00:15:00+0200,824.72,MW,FR,FR,actual_offshore_wind_generation,Wind Offshore | Actual Aggregated,2026-06-27T15:47:42Z
2026-06-27T15:46:33Z,2026-06-27T17:46:33+0200,4e541c53-98a3-4782-9d6d-b4c701b81d28,2026-06-14T22:30:00Z,2026-06-15T00:30:00+0200,816.14,MW,FR,FR,actual_offshore_wind_generation,Wind Offshore | Actual Aggregated,2026-06-27T15:47:42Z
2026-06-27T15:46:33Z,2026-06-27T17:46:33+0200,4e541c53-98a3-4782-9d6d-b4c701b81d28,2026-06-14T22:45:00Z,2026-06-15T00:45:00+0200,759.05,MW,FR,FR,actual_offshore_wind_generation,Wind Offshore | Actual Aggregated,2026-06-27T15:47:42Z
2026-06-27T15:46:33Z,2026-06-27T17:46:33+0200,4e541c53-98a3-4782-9d6d-b4c701b81d28,2026-06-14T23:00:00Z,2026-06-15T01:00:00+0200,658.5,MW,FR,FR,actual_offshore_wind_generation,Wind Offshore | Actual Aggregated,2026-06-27T15:47:42Z
2026-06-27T15:46:33Z,2026-06-27T17:46:33+0200,4e541c53-98a3-4782-9d6d-b4c701b81d28,2026-06-14T23:15:00Z,2026-06-15T01:15:00+0200,581.95,MW,FR,FR,actual_offshore_wind_generation,Wind Offshore | Actual Aggregated,2026-06-27T15:47:42Z
2026-06-27T15:46:33Z,2026-06-27T17:46:33+0200,4e541c53-98a3-4782-9d6d-b4c701b81d28,2026-06-14T23:30:00Z,2026-06-15T01:30:00+0200,578.4,MW,FR,FR,actual_offshore_wind_generation,Wind Offshore | Actual Aggregated,2026-06-27T15:47:42Z
2026-06-27T15:46:33Z,2026-06-27T17:46:33+0200,4e541c53-98a3-4782-9d6d-b4c701b81d28,2026-06-14T23:45:00Z,2026-06-15T01:45:00+0200,614.03,MW,FR,FR,actual_offshore_wind_generation,Wind Offshore | Actual Aggregated,2026-06-27T15:47:42Z
2026-06-27T15:46:33Z,2026-06-27T17:46:33+0200,4e541c53-98a3-4782-9d6d-b4c701b81d28,2026-06-15T00:00:00Z,2026-06-15T02:00:00+0200,670.85,MW,FR,FR,actual_offshore_wind_generation,Wind Offshore | Actual Aggregated,2026-06-27T15:47:42Z
2026-06-27T15:46:33Z,2026-06-27T17:46:33+0200,4e541c53-98a3-4782-9d6d-b4c701b81d28,2026-06-15T00:15:00Z,2026-06-15T02:15:00+0200,710.62,MW,FR,FR,actual_offshore_wind_generation,Wind Offshore | Actual Aggregated,2026-06-27T15:47:42Z
2026-06-27T15:46:33Z,2026-06-27T17:46:33+0200,4e541c53-98a3-4782-9d6d-b4c701b81d28,2026-06-15T00:30:00Z,2026-06-15T02:30:00+0200,680.93,MW,FR,FR,actual_offshore_wind_generation,Wind Offshore | Actual Aggregated,2026-06-27T15:47:42Z
2026-06-27T15:46:33Z,2026-06-27T17:46:33+0200,4e541c53-98a3-4782-9d6d-b4c701b81d28,2026-06-15T00:45:00Z,2026-06-15T02:45:00+0200,732.08,MW,FR,FR,actual_offshore_wind_generation,Wind Offshore | Actual Aggregated,2026-06-27T15:47:42Z
2026-06-27T15:46:33Z,2026-06-27T17:46:33+0200,4e541c53-98a3-4782-9d6d-b4c701b81d28,2026-06-15T01:00:00Z,2026-06-15T03:00:00+0200,806.29,MW,FR,FR,actual_offshore_wind_generation,Wind Offshore | Actual Aggregated,2026-06-27T15:47:42Z
2026-06-27T15:46:33Z,2026-06-27T17:46:33+0200,4e541c53-98a3-4782-9d6d-b4c701b81d28,2026-06-15T01:15:00Z,2026-06-15T03:15:00+0200,793.85,MW,FR,FR,actual_offshore_wind_generation,Wind Offshore | Actual Aggregated,2026-06-27T15:47:42Z
2026-06-27T15:46:33Z,2026-06-27T17:46:33+0200,4e541c53-98a3-4782-9d6d-b4c701b81d28,2026-06-15T01:30:00Z,2026-06-15T03:30:00+0200,753.66,MW,FR,FR,actual_offshore_wind_generation,Wind Offshore | Actual Aggregated,2026-06-27T15:47:42Z
2026-06-27T15:46:33Z,2026-06-27T17:46:33+0200,4e541c53-98a3-4782-9d6d-b4c701b81d28,2026-06-15T01:45:00Z,2026-06-15T03:45:00+0200,726.57,MW,FR,FR,actual_offshore_wind_generation,Wind Offshore | Actual Aggregated,2026-06-27T15:47:42Z
2026-06-27T15:46:33Z,2026-06-27T17:46:33+0200,4e541c53-98a3-4782-9d6d-b4c701b81d28,2026-06-15T02:00:00Z,2026-06-15T04:00:00+0200,706.19,MW,FR,FR,actual_offshore_wind_generation,Wind Offshore | Actual Aggregated,2026-06-27T15:47:42Z
2026-06-27T15:46:33Z,2026-06-27T17:46:33+0200,4e541c53-98a3-4782-9d6d-b4c701b81d28,2026-06-15T02:15:00Z,2026-06-15T04:15:00+0200,705.12,MW,FR,FR,actual_offshore_wind_generation,Wind Offshore | Actual Aggregated,2026-06-27T15:47:42Z
2026-06-27T15:46:33Z,2026-06-27T17:46:33+0200,4e541c53-98a3-4782-9d6d-b4c701b81d28,2026-06-15T02:30:00Z,2026-06-15T04:30:00+0200,664.4,MW,FR,FR,actual_offshore_wind_generation,Wind Offshore | Actual Aggregated,2026-06-27T15:47:42Z
2026-06-27T15:46:33Z,2026-06-27T17:46:33+0200,4e541c53-98a3-4782-9d6d-b4c701b81d28,2026-06-15T02:45:00Z,2026-06-15T04:45:00+0200,609.17,MW,FR,FR,actual_offshore_wind_generation,Wind Offshore | Actual Aggregated,2026-06-27T15:47:42Z
2026-06-27T15:46:33Z,2026-06-27T17:46:33+0200,4e541c53-98a3-4782-9d6d-b4c701b81d28,2026-06-15T03:00:00Z,2026-06-15T05:00:00+0200,535.25,MW,FR,FR,actual_offshore_wind_generation,Wind Offshore | Actual Aggregated,2026-06-27T15:47:42Z
2026-06-27T15:46:33Z,2026-06-27T17:46:33+0200,4e541c53-98a3-4782-9d6d-b4c701b81d28,2026-06-15T03:15:00Z,2026-06-15T05:15:00+0200,554.01,MW,FR,FR,actual_offshore_wind_generation,Wind Offshore | Actual Aggregated,2026-06-27T15:47:42Z
2026-06-27T15:46:33Z,2026-06-27T17:46:33+0200,4e541c53-98a3-4782-9d6d-b4c701b81d28,2026-06-15T03:30:00Z,2026-06-15T05:30:00+0200,493.84,MW,FR,FR,actual_offshore_wind_generation,Wind Offshore | Actual Aggregated,2026-06-27T15:47:42Z
2026-06-27T15:46:33Z,2026-06-27T17:46:33+0200,4e541c53-98a3-4782-9d6d-b4c701b81d28,2026-06-15T03:45:00Z,2026-06-15T05:45:00+0200,479.96,MW,FR,FR,actual_offshore_wind_generation,Wind Offshore | Actual Aggregated,2026-06-27T15:47:42Z
2026-06-27T15:46:33Z,2026-06-27T17:46:33+0200,4e541c53-98a3-4782-9d6d-b4c701b81d28,2026-06-15T04:00:00Z,2026-06-15T06:00:00+0200,548.09,MW,FR,FR,actual_offshore_wind_generation,Wind Offshore | Actual Aggregated,2026-06-27T15:47:42Z
2026-06-27T15:46:33Z,2026-06-27T17:46:33+0200,4e541c53-98a3-4782-9d6d-b4c701b81d28,2026-06-15T04:15:00Z,2026-06-15T06:15:00+0200,657.78,MW,FR,FR,actual_offshore_wind_generation,Wind Offshore | Actual Aggregated,2026-06-27T15:47:42Z
2026-06-27T15:46:33Z,2026-06-27T17:46:33+0200,4e541c53-98a3-4782-9d6d-b4c701b81d28,2026-06-15T04:30:00Z,2026-06-15T06:30:00+0200,771.24,MW,FR,FR,actual_offshore_wind_generation,Wind Offshore | Actual Aggregated,2026-06-27T15:47:42Z
2026-06-27T15:46:33Z,2026-06-27T17:46:33+0200,4e541c53-98a3-4782-9d6d-b4c701b81d28,2026-06-15T04:45:00Z,2026-06-15T06:45:00+0200,754.27,MW,FR,FR,actual_offshore_wind_generation,Wind Offshore | Actual Aggregated,2026-06-27T15:47:42Z
2026-06-27T15:46:33Z,2026-06-27T17:46:33+0200,4e541c53-98a3-4782-9d6d-b4c701b81d28,2026-06-15T05:00:00Z,2026-06-15T07:00:00+0200,784.54,MW,FR,FR,actual_offshore_wind_generation,Wind Offshore | Actual Aggregated,2026-06-27T15:47:42Z
2026-06-27T15:46:33Z,2026-06-27T17:46:33+0200,4e541c53-98a3-4782-9d6d-b4c701b81d28,2026-06-15T05:15:00Z,2026-06-15T07:15:00+0200,487.38,MW,FR,FR,actual_offshore_wind_generation,Wind Offshore | Actual Aggregated,2026-06-27T15:47:42Z
2026-06-27T15:46:33Z,2026-06-27T17:46:33+0200,4e541c53-98a3-4782-9d6d-b4c701b81d28,2026-06-15T05:30:00Z,2026-06-15T07:30:00+0200,334.62,MW,FR,FR,actual_offshore_wind_generation,Wind Offshore | Actual Aggregated,2026-06-27T15:47:42Z
2026-06-27T15:46:33Z,2026-06-27T17:46:33+0200,4e541c53-98a3-4782-9d6d-b4c701b81d28,2026-06-15T05:45:00Z,2026-06-15T07:45:00+0200,318.04,MW,FR,FR,actual_offshore_wind_generation,Wind Offshore | Actual Aggregated,2026-06-27T15:47:42Z
2026-06-27T15:46:33Z,2026-06-27T17:46:33+0200,4e541c53-98a3-4782-9d6d-b4c701b81d28,2026-06-15T06:00:00Z,2026-06-15T08:00:00+0200,427.07,MW,FR,FR,actual_offshore_wind_generation,Wind Offshore | Actual Aggregated,2026-06-27T15:47:42Z
2026-06-27T15:46:33Z,2026-06-27T17:46:33+0200,4e541c53-98a3-4782-9d6d-b4c701b81d28,2026-06-15T06:15:00Z,2026-06-15T08:15:00+0200,552.67,MW,FR,FR,actual_offshore_wind_generation,Wind Offshore | Actual Aggregated,2026-06-27T15:47:42Z
2026-06-27T15:46:33Z,2026-06-27T17:46:33+0200,4e541c53-98a3-4782-9d6d-b4c701b81d28,2026-06-15T06:30:00Z,2026-06-15T08:30:00+0200,520.1,MW,FR,FR,actual_offshore_wind_generation,Wind Offshore | Actual Aggregated,2026-06-27T15:47:42Z
2026-06-27T15:46:33Z,2026-06-27T17:46:33+0200,4e541c53-98a3-4782-9d6d-b4c701b81d28,2026-06-15T06:45:00Z,2026-06-15T08:45:00+0200,530.1,MW,FR,FR,actual_offshore_wind_generation,Wind Offshore | Actual Aggregated,2026-06-27T15:47:42Z
2026-06-27T15:46:33Z,2026-06-27T17:46:33+0200,4e541c53-98a3-4782-9d6d-b4c701b81d28,2026-06-15T07:00:00Z,2026-06-15T09:00:00+0200,526.59,MW,FR,FR,actual_offshore_wind_generation,Wind Offshore | Actual Aggregated,2026-06-27T15:47:42Z
2026-06-27T15:46:33Z,2026-06-27T17:46:33+0200,4e541c53-98a3-4782-9d6d-b4c701b81d28,2026-06-15T07:15:00Z,2026-06-15T09:15:00+0200,461.13,MW,FR,FR,actual_offshore_wind_generation,Wind Offshore | Actual Aggregated,2026-06-27T15:47:42Z
2026-06-27T15:46:33Z,2026-06-27T17:46:33+0200,4e541c53-98a3-4782-9d6d-b4c701b81d28,2026-06-15T07:30:00Z,2026-06-15T09:30:00+0200,216.75,MW,FR,FR,actual_offshore_wind_generation,Wind Offshore | Actual Aggregated,2026-06-27T15:47:42Z
2026-06-27T15:46:33Z,2026-06-27T17:46:33+0200,4e541c53-98a3-4782-9d6d-b4c701b81d28,2026-06-15T07:45:00Z,2026-06-15T09:45:00+0200,239.4,MW,FR,FR,actual_offshore_wind_generation,Wind Offshore | Actual Aggregated,2026-06-27T15:47:42Z
2026-06-27T15:46:33Z,2026-06-27T17:46:33+0200,4e541c53-98a3-4782-9d6d-b4c701b81d28,2026-06-15T08:00:00Z,2026-06-15T10:00:00+0200,241.51,MW,FR,FR,actual_offshore_wind_generation,Wind Offshore | Actual Aggregated,2026-06-27T15:47:42Z
2026-06-27T15:46:33Z,2026-06-27T17:46:33+0200,4e541c53-98a3-4782-9d6d-b4c701b81d28,2026-06-15T08:15:00Z,2026-06-15T10:15:00+0200,230.68,MW,FR,FR,actual_offshore_wind_generation,Wind Offshore | Actual Aggregated,2026-06-27T15:47:42Z
2026-06-27T15:46:33Z,2026-06-27T17:46:33+0200,4e541c53-98a3-4782-9d6d-b4c701b81d28,2026-06-15T08:30:00Z,2026-06-15T10:30:00+0200,260.32,MW,FR,FR,actual_offshore_wind_generation,Wind Offshore | Actual Aggregated,2026-06-27T15:47:42Z
2026-06-27T15:46:33Z,2026-06-27T17:46:33+0200,4e541c53-98a3-4782-9d6d-b4c701b81d28,2026-06-15T08:45:00Z,2026-06-15T10:45:00+0200,243.73,MW,FR,FR,actual_offshore_wind_generation,Wind Offshore | Actual Aggregated,2026-06-27T15:47:42Z
2026-06-27T15:46:33Z,2026-06-27T17:46:33+0200,4e541c53-98a3-4782-9d6d-b4c701b81d28,2026-06-15T09:00:00Z,2026-06-15T11:00:00+0200,212.49,MW,FR,FR,actual_offshore_wind_generation,Wind Offshore | Actual Aggregated,2026-06-27T15:47:42Z
2026-06-27T15:46:33Z,2026-06-27T17:46:33+0200,4e541c53-98a3-4782-9d6d-b4c701b81d28,2026-06-15T09:15:00Z,2026-06-15T11:15:00+0200,355.3,MW,FR,FR,actual_offshore_wind_generation,Wind Offshore | Actual Aggregated,2026-06-27T15:47:42Z
2026-06-27T15:46:33Z,2026-06-27T17:46:33+0200,4e541c53-98a3-4782-9d6d-b4c701b81d28,2026-06-15T09:30:00Z,2026-06-15T11:30:00+0200,457.48,MW,FR,FR,actual_offshore_wind_generation,Wind Offshore | Actual Aggregated,2026-06-27T15:47:42Z
2026-06-27T15:46:33Z,2026-06-27T17:46:33+0200,4e541c53-98a3-4782-9d6d-b4c701b81d28,2026-06-15T09:45:00Z,2026-06-15T11:45:00+0200,497.72,MW,FR,FR,actual_offshore_wind_generation,Wind Offshore | Actual Aggregated,2026-06-27T15:47:42Z
2026-06-27T15:46:33Z,2026-06-27T17:46:33+0200,4e541c53-98a3-4782-9d6d-b4c701b81d28,2026-06-15T10:00:00Z,2026-06-15T12:00:00+0200,511.0,MW,FR,FR,actual_offshore_wind_generation,Wind Offshore | Actual Aggregated,2026-06-27T15:47:42Z
2026-06-27T15:46:33Z,2026-06-27T17:46:33+0200,4e541c53-98a3-4782-9d6d-b4c701b81d28,2026-06-15T10:15:00Z,2026-06-15T12:15:00+0200,432.95,MW,FR,FR,actual_offshore_wind_generation,Wind Offshore | Actual Aggregated,2026-06-27T15:47:42Z
2026-06-27T15:46:33Z,2026-06-27T17:46:33+0200,4e541c53-98a3-4782-9d6d-b4c701b81d28,2026-06-15T10:30:00Z,2026-06-15T12:30:00+0200,380.78,MW,FR,FR,actual_offshore_wind_generation,Wind Offshore | Actual Aggregated,2026-06-27T15:47:42Z
2026-06-27T15:46:33Z,2026-06-27T17:46:33+0200,4e541c53-98a3-4782-9d6d-b4c701b81d28,2026-06-15T10:45:00Z,2026-06-15T12:45:00+0200,391.31,MW,FR,FR,actual_offshore_wind_generation,Wind Offshore | Actual Aggregated,2026-06-27T15:47:42Z
2026-06-27T15:46:33Z,2026-06-27T17:46:33+0200,4e541c53-98a3-4782-9d6d-b4c701b81d28,2026-06-15T11:00:00Z,2026-06-15T13:00:00+0200,356.55,MW,FR,FR,actual_offshore_wind_generation,Wind Offshore | Actual Aggregated,2026-06-27T15:47:42Z
2026-06-27T15:46:33Z,2026-06-27T17:46:33+0200,4e541c53-98a3-4782-9d6d-b4c701b81d28,2026-06-15T11:15:00Z,2026-06-15T13:15:00+0200,314.38,MW,FR,FR,actual_offshore_wind_generation,Wind Offshore | Actual Aggregated,2026-06-27T15:47:42Z
2026-06-27T15:46:33Z,2026-06-27T17:46:33+0200,4e541c53-98a3-4782-9d6d-b4c701b81d28,2026-06-15T11:30:00Z,2026-06-15T13:30:00+0200,272.77,MW,FR,FR,actual_offshore_wind_generation,Wind Offshore | Actual Aggregated,2026-06-27T15:47:42Z
2026-06-27T15:46:33Z,2026-06-27T17:46:33+0200,4e541c53-98a3-4782-9d6d-b4c701b81d28,2026-06-15T11:45:00Z,2026-06-15T13:45:00+0200,233.28,MW,FR,FR,actual_offshore_wind_generation,Wind Offshore | Actual Aggregated,2026-06-27T15:47:42Z
2026-06-27T15:46:33Z,2026-06-27T17:46:33+0200,4e541c53-98a3-4782-9d6d-b4c701b81d28,2026-06-15T12:00:00Z,2026-06-15T14:00:00+0200,178.74,MW,FR,FR,actual_offshore_wind_generation,Wind Offshore | Actual Aggregated,2026-06-27T15:47:42Z
2026-06-27T15:46:33Z,2026-06-27T17:46:33+0200,4e541c53-98a3-4782-9d6d-b4c701b81d28,2026-06-15T12:15:00Z,2026-06-15T14:15:00+0200,170.91,MW,FR,FR,actual_offshore_wind_generation,Wind Offshore | Actual Aggregated,2026-06-27T15:47:42Z
2026-06-27T15:46:33Z,2026-06-27T17:46:33+0200,4e541c53-98a3-4782-9d6d-b4c701b81d28,2026-06-15T12:30:00Z,2026-06-15T14:30:00+0200,184.91,MW,FR,FR,actual_offshore_wind_generation,Wind Offshore | Actual Aggregated,2026-06-27T15:47:42Z
2026-06-27T15:46:33Z,2026-06-27T17:46:33+0200,4e541c53-98a3-4782-9d6d-b4c701b81d28,2026-06-15T12:45:00Z,2026-06-15T14:45:00+0200,225.42,MW,FR,FR,actual_offshore_wind_generation,Wind Offshore | Actual Aggregated,2026-06-27T15:47:42Z
2026-06-27T15:46:33Z,2026-06-27T17:46:33+0200,4e541c53-98a3-4782-9d6d-b4c701b81d28,2026-06-15T13:00:00Z,2026-06-15T15:00:00+0200,244.68,MW,FR,FR,actual_offshore_wind_generation,Wind Offshore | Actual Aggregated,2026-06-27T15:47:42Z
2026-06-27T15:46:33Z,2026-06-27T17:46:33+0200,4e541c53-98a3-4782-9d6d-b4c701b81d28,2026-06-15T13:15:00Z,2026-06-15T15:15:00+0200,273.96,MW,FR,FR,actual_offshore_wind_generation,Wind Offshore | Actual Aggregated,2026-06-27T15:47:42Z
2026-06-27T15:46:33Z,2026-06-27T17:46:33+0200,4e541c53-98a3-4782-9d6d-b4c701b81d28,2026-06-15T13:30:00Z,2026-06-15T15:30:00+0200,270.89,MW,FR,FR,actual_offshore_wind_generation,Wind Offshore | Actual Aggregated,2026-06-27T15:47:42Z
2026-06-27T15:46:33Z,2026-06-27T17:46:33+0200,4e541c53-98a3-4782-9d6d-b4c701b81d28,2026-06-15T13:45:00Z,2026-06-15T15:45:00+0200,240.57,MW,FR,FR,actual_offshore_wind_generation,Wind Offshore | Actual Aggregated,2026-06-27T15:47:42Z
2026-06-27T15:46:33Z,2026-06-27T17:46:33+0200,4e541c53-98a3-4782-9d6d-b4c701b81d28,2026-06-15T14:00:00Z,2026-06-15T16:00:00+0200,222.65,MW,FR,FR,actual_offshore_wind_generation,Wind Offshore | Actual Aggregated,2026-06-27T15:47:42Z
2026-06-27T15:46:33Z,2026-06-27T17:46:33+0200,4e541c53-98a3-4782-9d6d-b4c701b81d28,2026-06-15T14:15:00Z,2026-06-15T16:15:00+0200,211.04,MW,FR,FR,actual_offshore_wind_generation,Wind Offshore | Actual Aggregated,2026-06-27T15:47:42Z
2026-06-27T15:46:33Z,2026-06-27T17:46:33+0200,4e541c53-98a3-4782-9d6d-b4c701b81d28,2026-06-15T14:30:00Z,2026-06-15T16:30:00+0200,255.72,MW,FR,FR,actual_offshore_wind_generation,Wind Offshore | Actual Aggregated,2026-06-27T15:47:42Z
2026-06-27T15:46:33Z,2026-06-27T17:46:33+0200,4e541c53-98a3-4782-9d6d-b4c701b81d28,2026-06-15T14:45:00Z,2026-06-15T16:45:00+0200,318.19,MW,FR,FR,actual_offshore_wind_generation,Wind Offshore | Actual Aggregated,2026-06-27T15:47:42Z
2026-06-27T15:46:33Z,2026-06-27T17:46:33+0200,4e541c53-98a3-4782-9d6d-b4c701b81d28,2026-06-15T15:00:00Z,2026-06-15T17:00:00+0200,357.34,MW,FR,FR,actual_offshore_wind_generation,Wind Offshore | Actual Aggregated,2026-06-27T15:47:42Z
2026-06-27T15:46:33Z,2026-06-27T17:46:33+0200,4e541c53-98a3-4782-9d6d-b4c701b81d28,2026-06-15T15:15:00Z,2026-06-15T17:15:00+0200,391.31,MW,FR,FR,actual_offshore_wind_generation,Wind Offshore | Actual Aggregated,2026-06-27T15:47:42Z
2026-06-27T15:46:33Z,2026-06-27T17:46:33+0200,4e541c53-98a3-4782-9d6d-b4c701b81d28,2026-06-15T15:30:00Z,2026-06-15T17:30:00+0200,415.07,MW,FR,FR,actual_offshore_wind_generation,Wind Offshore | Actual Aggregated,2026-06-27T15:47:42Z
2026-06-27T15:46:33Z,2026-06-27T17:46:33+0200,4e541c53-98a3-4782-9d6d-b4c701b81d28,2026-06-15T15:45:00Z,2026-06-15T17:45:00+0200,309.18,MW,FR,FR,actual_offshore_wind_generation,Wind Offshore | Actual Aggregated,2026-06-27T15:47:42Z
2026-06-27T15:46:33Z,2026-06-27T17:46:33+0200,4e541c53-98a3-4782-9d6d-b4c701b81d28,2026-06-15T16:00:00Z,2026-06-15T18:00:00+0200,218.71,MW,FR,FR,actual_offshore_wind_generation,Wind Offshore | Actual Aggregated,2026-06-27T15:47:42Z
2026-06-27T15:46:33Z,2026-06-27T17:46:33+0200,4e541c53-98a3-4782-9d6d-b4c701b81d28,2026-06-15T16:15:00Z,2026-06-15T18:15:00+0200,238.78,MW,FR,FR,actual_offshore_wind_generation,Wind Offshore | Actual Aggregated,2026-06-27T15:47:42Z
2026-06-27T15:46:33Z,2026-06-27T17:46:33+0200,4e541c53-98a3-4782-9d6d-b4c701b81d28,2026-06-15T16:30:00Z,2026-06-15T18:30:00+0200,240.24,MW,FR,FR,actual_offshore_wind_generation,Wind Offshore | Actual Aggregated,2026-06-27T15:47:42Z
2026-06-27T15:46:33Z,2026-06-27T17:46:33+0200,4e541c53-98a3-4782-9d6d-b4c701b81d28,2026-06-15T16:45:00Z,2026-06-15T18:45:00+0200,215.82,MW,FR,FR,actual_offshore_wind_generation,Wind Offshore | Actual Aggregated,2026-06-27T15:47:42Z
2026-06-27T15:46:33Z,2026-06-27T17:46:33+0200,4e541c53-98a3-4782-9d6d-b4c701b81d28,2026-06-15T17:00:00Z,2026-06-15T19:00:00+0200,167.1,MW,FR,FR,actual_offshore_wind_generation,Wind Offshore | Actual Aggregated,2026-06-27T15:47:42Z
2026-06-27T15:46:33Z,2026-06-27T17:46:33+0200,4e541c53-98a3-4782-9d6d-b4c701b81d28,2026-06-15T17:15:00Z,2026-06-15T19:15:00+0200,158.56,MW,FR,FR,actual_offshore_wind_generation,Wind Offshore | Actual Aggregated,2026-06-27T15:47:42Z
2026-06-27T15:46:33Z,2026-06-27T17:46:33+0200,4e541c53-98a3-4782-9d6d-b4c701b81d28,2026-06-15T17:30:00Z,2026-06-15T19:30:00+0200,157.04,MW,FR,FR,actual_offshore_wind_generation,Wind Offshore | Actual Aggregated,2026-06-27T15:47:42Z
2026-06-27T15:46:33Z,2026-06-27T17:46:33+0200,4e541c53-98a3-4782-9d6d-b4c701b81d28,2026-06-15T17:45:00Z,2026-06-15T19:45:00+0200,170.7,MW,FR,FR,actual_offshore_wind_generation,Wind Offshore | Actual Aggregated,2026-06-27T15:47:42Z
2026-06-27T15:46:33Z,2026-06-27T17:46:33+0200,4e541c53-98a3-4782-9d6d-b4c701b81d28,2026-06-15T18:00:00Z,2026-06-15T20:00:00+0200,197.97,MW,FR,FR,actual_offshore_wind_generation,Wind Offshore | Actual Aggregated,2026-06-27T15:47:42Z
2026-06-27T15:46:33Z,2026-06-27T17:46:33+0200,4e541c53-98a3-4782-9d6d-b4c701b81d28,2026-06-15T18:15:00Z,2026-06-15T20:15:00+0200,207.43,MW,FR,FR,actual_offshore_wind_generation,Wind Offshore | Actual Aggregated,2026-06-27T15:47:42Z
2026-06-27T15:46:33Z,2026-06-27T17:46:33+0200,4e541c53-98a3-4782-9d6d-b4c701b81d28,2026-06-15T18:30:00Z,2026-06-15T20:30:00+0200,221.85,MW,FR,FR,actual_offshore_wind_generation,Wind Offshore | Actual Aggregated,2026-06-27T15:47:42Z
2026-06-27T15:46:33Z,2026-06-27T17:46:33+0200,4e541c53-98a3-4782-9d6d-b4c701b81d28,2026-06-15T18:45:00Z,2026-06-15T20:45:00+0200,214.08,MW,FR,FR,actual_offshore_wind_generation,Wind Offshore | Actual Aggregated,2026-06-27T15:47:42Z
2026-06-27T15:46:33Z,2026-06-27T17:46:33+0200,4e541c53-98a3-4782-9d6d-b4c701b81d28,2026-06-15T19:00:00Z,2026-06-15T21:00:00+0200,172.8,MW,FR,FR,actual_offshore_wind_generation,Wind Offshore | Actual Aggregated,2026-06-27T15:47:42Z
2026-06-27T15:46:33Z,2026-06-27T17:46:33+0200,4e541c53-98a3-4782-9d6d-b4c701b81d28,2026-06-15T19:15:00Z,2026-06-15T21:15:00+0200,179.89,MW,FR,FR,actual_offshore_wind_generation,Wind Offshore | Actual Aggregated,2026-06-27T15:47:42Z
2026-06-27T15:46:33Z,2026-06-27T17:46:33+0200,4e541c53-98a3-4782-9d6d-b4c701b81d28,2026-06-15T19:30:00Z,2026-06-15T21:30:00+0200,217.81,MW,FR,FR,actual_offshore_wind_generation,Wind Offshore | Actual Aggregated,2026-06-27T15:47:42Z
2026-06-27T15:46:33Z,2026-06-27T17:46:33+0200,4e541c53-98a3-4782-9d6d-b4c701b81d28,2026-06-15T19:45:00Z,2026-06-15T21:45:00+0200,282.56,MW,FR,FR,actual_offshore_wind_generation,Wind Offshore | Actual Aggregated,2026-06-27T15:47:42Z
2026-06-27T15:46:33Z,2026-06-27T17:46:33+0200,4e541c53-98a3-4782-9d6d-b4c701b81d28,2026-06-15T20:00:00Z,2026-06-15T22:00:00+0200,238.53,MW,FR,FR,actual_offshore_wind_generation,Wind Offshore | Actual Aggregated,2026-06-27T15:47:42Z
2026-06-27T15:46:33Z,2026-06-27T17:46:33+0200,4e541c53-98a3-4782-9d6d-b4c701b81d28,2026-06-15T20:15:00Z,2026-06-15T22:15:00+0200,190.13,MW,FR,FR,actual_offshore_wind_generation,Wind Offshore | Actual Aggregated,2026-06-27T15:47:42Z
2026-06-27T15:46:33Z,2026-06-27T17:46:33+0200,4e541c53-98a3-4782-9d6d-b4c701b81d28,2026-06-15T20:30:00Z,2026-06-15T22:30:00+0200,220.59,MW,FR,FR,actual_offshore_wind_generation,Wind Offshore | Actual Aggregated,2026-06-27T15:47:42Z
2026-06-27T15:46:33Z,2026-06-27T17:46:33+0200,4e541c53-98a3-4782-9d6d-b4c701b81d28,2026-06-15T20:45:00Z,2026-06-15T22:45:00+0200,247.11,MW,FR,FR,actual_offshore_wind_generation,Wind Offshore | Actual Aggregated,2026-06-27T15:47:42Z
2026-06-27T15:46:33Z,2026-06-27T17:46:33+0200,4e541c53-98a3-4782-9d6d-b4c701b81d28,2026-06-15T21:00:00Z,2026-06-15T23:00:00+0200,304.49,MW,FR,FR,actual_offshore_wind_generation,Wind Offshore | Actual Aggregated,2026-06-27T15:47:42Z
2026-06-27T15:46:33Z,2026-06-27T17:46:33+0200,4e541c53-98a3-4782-9d6d-b4c701b81d28,2026-06-15T21:15:00Z,2026-06-15T23:15:00+0200,300.21,MW,FR,FR,actual_offshore_wind_generation,Wind Offshore | Actual Aggregated,2026-06-27T15:47:42Z
2026-06-27T15:46:33Z,2026-06-27T17:46:33+0200,4e541c53-98a3-4782-9d6d-b4c701b81d28,2026-06-15T21:30:00Z,2026-06-15T23:30:00+0200,297.23,MW,FR,FR,actual_offshore_wind_generation,Wind Offshore | Actual Aggregated,2026-06-27T15:47:42Z
2026-06-27T15:46:33Z,2026-06-27T17:46:33+0200,4e541c53-98a3-4782-9d6d-b4c701b81d28,2026-06-15T21:45:00Z,2026-06-15T23:45:00+0200,322.99,MW,FR,FR,actual_offshore_wind_generation,Wind Offshore | Actual Aggregated,2026-06-27T15:47:42Z
2026-06-27T15:46:33Z,2026-06-27T17:46:33+0200,4e541c53-98a3-4782-9d6d-b4c701b81d28,2026-06-15T22:00:00Z,2026-06-16T00:00:00+0200,296.54,MW,FR,FR,actual_offshore_wind_generation,Wind Offshore | Actual Aggregated,2026-06-27T15:47:42Z
2026-06-27T15:46:33Z,2026-06-27T17:46:33+0200,4e541c53-98a3-4782-9d6d-b4c701b81d28,2026-06-15T22:15:00Z,2026-06-16T00:15:00+0200,383.8,MW,FR,FR,actual_offshore_wind_generation,Wind Offshore | Actual Aggregated,2026-06-27T15:47:42Z
2026-06-27T15:46:33Z,2026-06-27T17:46:33+0200,4e541c53-98a3-4782-9d6d-b4c701b81d28,2026-06-15T22:30:00Z,2026-06-16T00:30:00+0200,359.71,MW,FR,FR,actual_offshore_wind_generation,Wind Offshore | Actual Aggregated,2026-06-27T15:47:42Z
2026-06-27T15:46:33Z,2026-06-27T17:46:33+0200,4e541c53-98a3-4782-9d6d-b4c701b81d28,2026-06-15T22:45:00Z,2026-06-16T00:45:00+0200,298.79,MW,FR,FR,actual_offshore_wind_generation,Wind Offshore | Actual Aggregated,2026-06-27T15:47:42Z
2026-06-27T15:46:33Z,2026-06-27T17:46:33+0200,4e541c53-98a3-4782-9d6d-b4c701b81d28,2026-06-15T23:00:00Z,2026-06-16T01:00:00+0200,304.27,MW,FR,FR,actual_offshore_wind_generation,Wind Offshore | Actual Aggregated,2026-06-27T15:47:42Z
2026-06-27T15:46:33Z,2026-06-27T17:46:33+0200,4e541c53-98a3-4782-9d6d-b4c701b81d28,2026-06-15T23:15:00Z,2026-06-16T01:15:00+0200,272.09,MW,FR,FR,actual_offshore_wind_generation,Wind Offshore | Actual Aggregated,2026-06-27T15:47:42Z
2026-06-27T15:46:33Z,2026-06-27T17:46:33+0200,4e541c53-98a3-4782-9d6d-b4c701b81d28,2026-06-15T23:30:00Z,2026-06-16T01:30:00+0200,281.73,MW,FR,FR,actual_offshore_wind_generation,Wind Offshore | Actual Aggregated,2026-06-27T15:47:42Z
2026-06-27T15:46:33Z,2026-06-27T17:46:33+0200,4e541c53-98a3-4782-9d6d-b4c701b81d28,2026-06-15T23:45:00Z,2026-06-16T01:45:00+0200,337.54,MW,FR,FR,actual_offshore_wind_generation,Wind Offshore | Actual Aggregated,2026-06-27T15:47:42Z
2026-06-27T15:46:33Z,2026-06-27T17:46:33+0200,4e541c53-98a3-4782-9d6d-b4c701b81d28,2026-06-16T00:00:00Z,2026-06-16T02:00:00+0200,345.78,MW,FR,FR,actual_offshore_wind_generation,Wind Offshore | Actual Aggregated,2026-06-27T15:47:42Z
2026-06-27T15:46:33Z,2026-06-27T17:46:33+0200,4e541c53-98a3-4782-9d6d-b4c701b81d28,2026-06-16T00:15:00Z,2026-06-16T02:15:00+0200,280.71,MW,FR,FR,actual_offshore_wind_generation,Wind Offshore | Actual Aggregated,2026-06-27T15:47:42Z
2026-06-27T15:46:33Z,2026-06-27T17:46:33+0200,4e541c53-98a3-4782-9d6d-b4c701b81d28,2026-06-16T00:30:00Z,2026-06-16T02:30:00+0200,237.88,MW,FR,FR,actual_offshore_wind_generation,Wind Offshore | Actual Aggregated,2026-06-27T15:47:42Z
2026-06-27T15:46:33Z,2026-06-27T17:46:33+0200,4e541c53-98a3-4782-9d6d-b4c701b81d28,2026-06-16T00:45:00Z,2026-06-16T02:45:00+0200,181.02,MW,FR,FR,actual_offshore_wind_generation,Wind Offshore | Actual Aggregated,2026-06-27T15:47:42Z
2026-06-27T15:46:33Z,2026-06-27T17:46:33+0200,4e541c53-98a3-4782-9d6d-b4c701b81d28,2026-06-16T01:00:00Z,2026-06-16T03:00:00+0200,147.54,MW,FR,FR,actual_offshore_wind_generation,Wind Offshore | Actual Aggregated,2026-06-27T15:47:42Z
2026-06-27T15:46:33Z,2026-06-27T17:46:33+0200,4e541c53-98a3-4782-9d6d-b4c701b81d28,2026-06-16T01:15:00Z,2026-06-16T03:15:00+0200,199.5,MW,FR,FR,actual_offshore_wind_generation,Wind Offshore | Actual Aggregated,2026-06-27T15:47:42Z
2026-06-27T15:46:33Z,2026-06-27T17:46:33+0200,4e541c53-98a3-4782-9d6d-b4c701b81d28,2026-06-16T01:30:00Z,2026-06-16T03:30:00+0200,242.35,MW,FR,FR,actual_offshore_wind_generation,Wind Offshore | Actual Aggregated,2026-06-27T15:47:42Z
2026-06-27T15:46:33Z,2026-06-27T17:46:33+0200,4e541c53-98a3-4782-9d6d-b4c701b81d28,2026-06-16T01:45:00Z,2026-06-16T03:45:00+0200,282.51,MW,FR,FR,actual_offshore_wind_generation,Wind Offshore | Actual Aggregated,2026-06-27T15:47:42Z
2026-06-27T15:46:33Z,2026-06-27T17:46:33+0200,4e541c53-98a3-4782-9d6d-b4c701b81d28,2026-06-16T02:00:00Z,2026-06-16T04:00:00+0200,291.47,MW,FR,FR,actual_offshore_wind_generation,Wind Offshore | Actual Aggregated,2026-06-27T15:47:42Z
2026-06-27T15:46:33Z,2026-06-27T17:46:33+0200,4e541c53-98a3-4782-9d6d-b4c701b81d28,2026-06-16T02:15:00Z,2026-06-16T04:15:00+0200,307.46,MW,FR,FR,actual_offshore_wind_generation,Wind Offshore | Actual Aggregated,2026-06-27T15:47:42Z
2026-06-27T15:46:33Z,2026-06-27T17:46:33+0200,4e541c53-98a3-4782-9d6d-b4c701b81d28,2026-06-16T02:30:00Z,2026-06-16T04:30:00+0200,325.85,MW,FR,FR,actual_offshore_wind_generation,Wind Offshore | Actual Aggregated,2026-06-27T15:47:42Z
2026-06-27T15:46:33Z,2026-06-27T17:46:33+0200,4e541c53-98a3-4782-9d6d-b4c701b81d28,2026-06-16T02:45:00Z,2026-06-16T04:45:00+0200,307.61,MW,FR,FR,actual_offshore_wind_generation,Wind Offshore | Actual Aggregated,2026-06-27T15:47:42Z
2026-06-27T15:46:33Z,2026-06-27T17:46:33+0200,4e541c53-98a3-4782-9d6d-b4c701b81d28,2026-06-16T03:00:00Z,2026-06-16T05:00:00+0200,252.38,MW,FR,FR,actual_offshore_wind_generation,Wind Offshore | Actual Aggregated,2026-06-27T15:47:42Z
2026-06-27T15:46:33Z,2026-06-27T17:46:33+0200,4e541c53-98a3-4782-9d6d-b4c701b81d28,2026-06-16T03:15:00Z,2026-06-16T05:15:00+0200,203.65,MW,FR,FR,actual_offshore_wind_generation,Wind Offshore | Actual Aggregated,2026-06-27T15:47:42Z
2026-06-27T15:46:33Z,2026-06-27T17:46:33+0200,4e541c53-98a3-4782-9d6d-b4c701b81d28,2026-06-16T03:30:00Z,2026-06-16T05:30:00+0200,209.87,MW,FR,FR,actual_offshore_wind_generation,Wind Offshore | Actual Aggregated,2026-06-27T15:47:42Z
2026-06-27T15:46:33Z,2026-06-27T17:46:33+0200,4e541c53-98a3-4782-9d6d-b4c701b81d28,2026-06-16T03:45:00Z,2026-06-16T05:45:00+0200,225.07,MW,FR,FR,actual_offshore_wind_generation,Wind Offshore | Actual Aggregated,2026-06-27T15:47:42Z
2026-06-27T15:46:33Z,2026-06-27T17:46:33+0200,4e541c53-98a3-4782-9d6d-b4c701b81d28,2026-06-16T04:00:00Z,2026-06-16T06:00:00+0200,243.94,MW,FR,FR,actual_offshore_wind_generation,Wind Offshore | Actual Aggregated,2026-06-27T15:47:42Z
2026-06-27T15:46:33Z,2026-06-27T17:46:33+0200,4e541c53-98a3-4782-9d6d-b4c701b81d28,2026-06-16T04:15:00Z,2026-06-16T06:15:00+0200,256.31,MW,FR,FR,actual_offshore_wind_generation,Wind Offshore | Actual Aggregated,2026-06-27T15:47:42Z
2026-06-27T15:46:33Z,2026-06-27T17:46:33+0200,4e541c53-98a3-4782-9d6d-b4c701b81d28,2026-06-16T04:30:00Z,2026-06-16T06:30:00+0200,240.23,MW,FR,FR,actual_offshore_wind_generation,Wind Offshore | Actual Aggregated,2026-06-27T15:47:42Z
2026-06-27T15:46:33Z,2026-06-27T17:46:33+0200,4e541c53-98a3-4782-9d6d-b4c701b81d28,2026-06-16T04:45:00Z,2026-06-16T06:45:00+0200,252.41,MW,FR,FR,actual_offshore_wind_generation,Wind Offshore | Actual Aggregated,2026-06-27T15:47:42Z
2026-06-27T15:46:33Z,2026-06-27T17:46:33+0200,4e541c53-98a3-4782-9d6d-b4c701b81d28,2026-06-16T05:00:00Z,2026-06-16T07:00:00+0200,269.94,MW,FR,FR,actual_offshore_wind_generation,Wind Offshore | Actual Aggregated,2026-06-27T15:47:42Z
2026-06-27T15:46:33Z,2026-06-27T17:46:33+0200,4e541c53-98a3-4782-9d6d-b4c701b81d28,2026-06-16T05:15:00Z,2026-06-16T07:15:00+0200,298.31,MW,FR,FR,actual_offshore_wind_generation,Wind Offshore | Actual Aggregated,2026-06-27T15:47:42Z
2026-06-27T15:46:33Z,2026-06-27T17:46:33+0200,4e541c53-98a3-4782-9d6d-b4c701b81d28,2026-06-16T05:30:00Z,2026-06-16T07:30:00+0200,329.25,MW,FR,FR,actual_offshore_wind_generation,Wind Offshore | Actual Aggregated,2026-06-27T15:47:42Z
2026-06-27T15:46:33Z,2026-06-27T17:46:33+0200,4e541c53-98a3-4782-9d6d-b4c701b81d28,2026-06-16T05:45:00Z,2026-06-16T07:45:00+0200,295.28,MW,FR,FR,actual_offshore_wind_generation,Wind Offshore | Actual Aggregated,2026-06-27T15:47:42Z
2026-06-27T15:46:33Z,2026-06-27T17:46:33+0200,4e541c53-98a3-4782-9d6d-b4c701b81d28,2026-06-16T06:00:00Z,2026-06-16T08:00:00+0200,298.25,MW,FR,FR,actual_offshore_wind_generation,Wind Offshore | Actual Aggregated,2026-06-27T15:47:42Z
2026-06-27T15:46:33Z,2026-06-27T17:46:33+0200,4e541c53-98a3-4782-9d6d-b4c701b81d28,2026-06-16T06:15:00Z,2026-06-16T08:15:00+0200,302.85,MW,FR,FR,actual_offshore_wind_generation,Wind Offshore | Actual Aggregated,2026-06-27T15:47:42Z
2026-06-27T15:46:33Z,2026-06-27T17:46:33+0200,4e541c53-98a3-4782-9d6d-b4c701b81d28,2026-06-16T06:30:00Z,2026-06-16T08:30:00+0200,249.91,MW,FR,FR,actual_offshore_wind_generation,Wind Offshore | Actual Aggregated,2026-06-27T15:47:42Z
2026-06-27T15:46:33Z,2026-06-27T17:46:33+0200,4e541c53-98a3-4782-9d6d-b4c701b81d28,2026-06-16T06:45:00Z,2026-06-16T08:45:00+0200,202.48,MW,FR,FR,actual_offshore_wind_generation,Wind Offshore | Actual Aggregated,2026-06-27T15:47:42Z
2026-06-27T15:46:33Z,2026-06-27T17:46:33+0200,4e541c53-98a3-4782-9d6d-b4c701b81d28,2026-06-16T07:00:00Z,2026-06-16T09:00:00+0200,200.69,MW,FR,FR,actual_offshore_wind_generation,Wind Offshore | Actual Aggregated,2026-06-27T15:47:42Z
2026-06-27T15:46:33Z,2026-06-27T17:46:33+0200,4e541c53-98a3-4782-9d6d-b4c701b81d28,2026-06-16T07:15:00Z,2026-06-16T09:15:00+0200,212.91,MW,FR,FR,actual_offshore_wind_generation,Wind Offshore | Actual Aggregated,2026-06-27T15:47:42Z
2026-06-27T15:46:33Z,2026-06-27T17:46:33+0200,4e541c53-98a3-4782-9d6d-b4c701b81d28,2026-06-16T07:30:00Z,2026-06-16T09:30:00+0200,234.81,MW,FR,FR,actual_offshore_wind_generation,Wind Offshore | Actual Aggregated,2026-06-27T15:47:42Z
2026-06-27T15:46:33Z,2026-06-27T17:46:33+0200,4e541c53-98a3-4782-9d6d-b4c701b81d28,2026-06-16T07:45:00Z,2026-06-16T09:45:00+0200,209.65,MW,FR,FR,actual_offshore_wind_generation,Wind Offshore | Actual Aggregated,2026-06-27T15:47:42Z
2026-06-27T15:46:33Z,2026-06-27T17:46:33+0200,4e541c53-98a3-4782-9d6d-b4c701b81d28,2026-06-16T08:00:00Z,2026-06-16T10:00:00+0200,169.76,MW,FR,FR,actual_offshore_wind_generation,Wind Offshore | Actual Aggregated,2026-06-27T15:47:42Z
2026-06-27T15:46:33Z,2026-06-27T17:46:33+0200,4e541c53-98a3-4782-9d6d-b4c701b81d28,2026-06-16T08:15:00Z,2026-06-16T10:15:00+0200,159.0,MW,FR,FR,actual_offshore_wind_generation,Wind Offshore | Actual Aggregated,2026-06-27T15:47:42Z
2026-06-27T15:46:33Z,2026-06-27T17:46:33+0200,4e541c53-98a3-4782-9d6d-b4c701b81d28,2026-06-16T08:30:00Z,2026-06-16T10:30:00+0200,177.28,MW,FR,FR,actual_offshore_wind_generation,Wind Offshore | Actual Aggregated,2026-06-27T15:47:42Z
2026-06-27T15:46:33Z,2026-06-27T17:46:33+0200,4e541c53-98a3-4782-9d6d-b4c701b81d28,2026-06-16T08:45:00Z,2026-06-16T10:45:00+0200,123.32,MW,FR,FR,actual_offshore_wind_generation,Wind Offshore | Actual Aggregated,2026-06-27T15:47:42Z
2026-06-27T15:46:33Z,2026-06-27T17:46:33+0200,4e541c53-98a3-4782-9d6d-b4c701b81d28,2026-06-16T09:00:00Z,2026-06-16T11:00:00+0200,96.04,MW,FR,FR,actual_offshore_wind_generation,Wind Offshore | Actual Aggregated,2026-06-27T15:47:42Z
2026-06-27T15:46:33Z,2026-06-27T17:46:33+0200,4e541c53-98a3-4782-9d6d-b4c701b81d28,2026-06-16T09:15:00Z,2026-06-16T11:15:00+0200,90.62,MW,FR,FR,actual_offshore_wind_generation,Wind Offshore | Actual Aggregated,2026-06-27T15:47:42Z
2026-06-27T15:46:33Z,2026-06-27T17:46:33+0200,4e541c53-98a3-4782-9d6d-b4c701b81d28,2026-06-16T09:30:00Z,2026-06-16T11:30:00+0200,79.78,MW,FR,FR,actual_offshore_wind_generation,Wind Offshore | Actual Aggregated,2026-06-27T15:47:42Z
2026-06-27T15:46:33Z,2026-06-27T17:46:33+0200,4e541c53-98a3-4782-9d6d-b4c701b81d28,2026-06-16T09:45:00Z,2026-06-16T11:45:00+0200,79.73,MW,FR,FR,actual_offshore_wind_generation,Wind Offshore | Actual Aggregated,2026-06-27T15:47:42Z
2026-06-27T15:46:33Z,2026-06-27T17:46:33+0200,4e541c53-98a3-4782-9d6d-b4c701b81d28,2026-06-16T10:00:00Z,2026-06-16T12:00:00+0200,106.17,MW,FR,FR,actual_offshore_wind_generation,Wind Offshore | Actual Aggregated,2026-06-27T15:47:42Z
2026-06-27T15:46:33Z,2026-06-27T17:46:33+0200,4e541c53-98a3-4782-9d6d-b4c701b81d28,2026-06-16T10:15:00Z,2026-06-16T12:15:00+0200,160.11,MW,FR,FR,actual_offshore_wind_generation,Wind Offshore | Actual Aggregated,2026-06-27T15:47:42Z
2026-06-27T15:46:33Z,2026-06-27T17:46:33+0200,4e541c53-98a3-4782-9d6d-b4c701b81d28,2026-06-16T10:30:00Z,2026-06-16T12:30:00+0200,186.53,MW,FR,FR,actual_offshore_wind_generation,Wind Offshore | Actual Aggregated,2026-06-27T15:47:42Z
2026-06-27T15:46:33Z,2026-06-27T17:46:33+0200,4e541c53-98a3-4782-9d6d-b4c701b81d28,2026-06-16T10:45:00Z,2026-06-16T12:45:00+0200,171.9,MW,FR,FR,actual_offshore_wind_generation,Wind Offshore | Actual Aggregated,2026-06-27T15:47:42Z
2026-06-27T15:46:33Z,2026-06-27T17:46:33+0200,4e541c53-98a3-4782-9d6d-b4c701b81d28,2026-06-16T11:00:00Z,2026-06-16T13:00:00+0200,158.25,MW,FR,FR,actual_offshore_wind_generation,Wind Offshore | Actual Aggregated,2026-06-27T15:47:42Z
2026-06-27T15:46:33Z,2026-06-27T17:46:33+0200,4e541c53-98a3-4782-9d6d-b4c701b81d28,2026-06-16T11:15:00Z,2026-06-16T13:15:00+0200,159.73,MW,FR,FR,actual_offshore_wind_generation,Wind Offshore | Actual Aggregated,2026-06-27T15:47:42Z
2026-06-27T15:46:33Z,2026-06-27T17:46:33+0200,4e541c53-98a3-4782-9d6d-b4c701b81d28,2026-06-16T11:30:00Z,2026-06-16T13:30:00+0200,130.86,MW,FR,FR,actual_offshore_wind_generation,Wind Offshore | Actual Aggregated,2026-06-27T15:47:42Z
2026-06-27T15:46:33Z,2026-06-27T17:46:33+0200,4e541c53-98a3-4782-9d6d-b4c701b81d28,2026-06-16T11:45:00Z,2026-06-16T13:45:00+0200,163.24,MW,FR,FR,actual_offshore_wind_generation,Wind Offshore | Actual Aggregated,2026-06-27T15:47:42Z
2026-06-27T15:46:33Z,2026-06-27T17:46:33+0200,4e541c53-98a3-4782-9d6d-b4c701b81d28,2026-06-16T12:00:00Z,2026-06-16T14:00:00+0200,161.42,MW,FR,FR,actual_offshore_wind_generation,Wind Offshore | Actual Aggregated,2026-06-27T15:47:42Z
2026-06-27T15:46:33Z,2026-06-27T17:46:33+0200,4e541c53-98a3-4782-9d6d-b4c701b81d28,2026-06-16T12:15:00Z,2026-06-16T14:15:00+0200,186.96,MW,FR,FR,actual_offshore_wind_generation,Wind Offshore | Actual Aggregated,2026-06-27T15:47:42Z
2026-06-27T15:46:33Z,2026-06-27T17:46:33+0200,4e541c53-98a3-4782-9d6d-b4c701b81d28,2026-06-16T12:30:00Z,2026-06-16T14:30:00+0200,177.03,MW,FR,FR,actual_offshore_wind_generation,Wind Offshore | Actual Aggregated,2026-06-27T15:47:42Z
2026-06-27T15:46:33Z,2026-06-27T17:46:33+0200,4e541c53-98a3-4782-9d6d-b4c701b81d28,2026-06-16T12:45:00Z,2026-06-16T14:45:00+0200,158.01,MW,FR,FR,actual_offshore_wind_generation,Wind Offshore | Actual Aggregated,2026-06-27T15:47:42Z
2026-06-27T15:46:33Z,2026-06-27T17:46:33+0200,4e541c53-98a3-4782-9d6d-b4c701b81d28,2026-06-16T13:00:00Z,2026-06-16T15:00:00+0200,122.94,MW,FR,FR,actual_offshore_wind_generation,Wind Offshore | Actual Aggregated,2026-06-27T15:47:42Z
2026-06-27T15:46:33Z,2026-06-27T17:46:33+0200,4e541c53-98a3-4782-9d6d-b4c701b81d28,2026-06-16T13:15:00Z,2026-06-16T15:15:00+0200,130.61,MW,FR,FR,actual_offshore_wind_generation,Wind Offshore | Actual Aggregated,2026-06-27T15:47:42Z
2026-06-27T15:46:33Z,2026-06-27T17:46:33+0200,4e541c53-98a3-4782-9d6d-b4c701b81d28,2026-06-16T13:30:00Z,2026-06-16T15:30:00+0200,159.07,MW,FR,FR,actual_offshore_wind_generation,Wind Offshore | Actual Aggregated,2026-06-27T15:47:42Z
2026-06-27T15:46:33Z,2026-06-27T17:46:33+0200,4e541c53-98a3-4782-9d6d-b4c701b81d28,2026-06-16T13:45:00Z,2026-06-16T15:45:00+0200,170.94,MW,FR,FR,actual_offshore_wind_generation,Wind Offshore | Actual Aggregated,2026-06-27T15:47:42Z
2026-06-27T15:46:33Z,2026-06-27T17:46:33+0200,4e541c53-98a3-4782-9d6d-b4c701b81d28,2026-06-16T14:00:00Z,2026-06-16T16:00:00+0200,180.79,MW,FR,FR,actual_offshore_wind_generation,Wind Offshore | Actual Aggregated,2026-06-27T15:47:42Z
2026-06-27T15:46:33Z,2026-06-27T17:46:33+0200,4e541c53-98a3-4782-9d6d-b4c701b81d28,2026-06-16T14:15:00Z,2026-06-16T16:15:00+0200,168.33,MW,FR,FR,actual_offshore_wind_generation,Wind Offshore | Actual Aggregated,2026-06-27T15:47:42Z
2026-06-27T15:46:33Z,2026-06-27T17:46:33+0200,4e541c53-98a3-4782-9d6d-b4c701b81d28,2026-06-16T14:30:00Z,2026-06-16T16:30:00+0200,194.51,MW,FR,FR,actual_offshore_wind_generation,Wind Offshore | Actual Aggregated,2026-06-27T15:47:42Z
2026-06-27T15:46:33Z,2026-06-27T17:46:33+0200,4e541c53-98a3-4782-9d6d-b4c701b81d28,2026-06-16T14:45:00Z,2026-06-16T16:45:00+0200,186.03,MW,FR,FR,actual_offshore_wind_generation,Wind Offshore | Actual Aggregated,2026-06-27T15:47:42Z
2026-06-27T15:46:33Z,2026-06-27T17:46:33+0200,4e541c53-98a3-4782-9d6d-b4c701b81d28,2026-06-16T15:00:00Z,2026-06-16T17:00:00+0200,155.99,MW,FR,FR,actual_offshore_wind_generation,Wind Offshore | Actual Aggregated,2026-06-27T15:47:42Z
2026-06-27T15:46:33Z,2026-06-27T17:46:33+0200,4e541c53-98a3-4782-9d6d-b4c701b81d28,2026-06-16T15:15:00Z,2026-06-16T17:15:00+0200,120.62,MW,FR,FR,actual_offshore_wind_generation,Wind Offshore | Actual Aggregated,2026-06-27T15:47:42Z
2026-06-27T15:46:33Z,2026-06-27T17:46:33+0200,4e541c53-98a3-4782-9d6d-b4c701b81d28,2026-06-16T15:30:00Z,2026-06-16T17:30:00+0200,108.52,MW,FR,FR,actual_offshore_wind_generation,Wind Offshore | Actual Aggregated,2026-06-27T15:47:42Z
2026-06-27T15:46:33Z,2026-06-27T17:46:33+0200,4e541c53-98a3-4782-9d6d-b4c701b81d28,2026-06-16T15:45:00Z,2026-06-16T17:45:00+0200,113.17,MW,FR,FR,actual_offshore_wind_generation,Wind Offshore | Actual Aggregated,2026-06-27T15:47:42Z
2026-06-27T15:46:33Z,2026-06-27T17:46:33+0200,4e541c53-98a3-4782-9d6d-b4c701b81d28,2026-06-16T16:00:00Z,2026-06-16T18:00:00+0200,93.43,MW,FR,FR,actual_offshore_wind_generation,Wind Offshore | Actual Aggregated,2026-06-27T15:47:42Z
2026-06-27T15:46:33Z,2026-06-27T17:46:33+0200,4e541c53-98a3-4782-9d6d-b4c701b81d28,2026-06-16T16:15:00Z,2026-06-16T18:15:00+0200,84.95,MW,FR,FR,actual_offshore_wind_generation,Wind Offshore | Actual Aggregated,2026-06-27T15:47:42Z
2026-06-27T15:46:33Z,2026-06-27T17:46:33+0200,4e541c53-98a3-4782-9d6d-b4c701b81d28,2026-06-16T16:30:00Z,2026-06-16T18:30:00+0200,79.33,MW,FR,FR,actual_offshore_wind_generation,Wind Offshore | Actual Aggregated,2026-06-27T15:47:42Z
2026-06-27T15:46:33Z,2026-06-27T17:46:33+0200,4e541c53-98a3-4782-9d6d-b4c701b81d28,2026-06-16T16:45:00Z,2026-06-16T18:45:00+0200,76.28,MW,FR,FR,actual_offshore_wind_generation,Wind Offshore | Actual Aggregated,2026-06-27T15:47:42Z
2026-06-27T15:46:33Z,2026-06-27T17:46:33+0200,4e541c53-98a3-4782-9d6d-b4c701b81d28,2026-06-16T17:00:00Z,2026-06-16T19:00:00+0200,68.4,MW,FR,FR,actual_offshore_wind_generation,Wind Offshore | Actual Aggregated,2026-06-27T15:47:42Z
2026-06-27T15:46:33Z,2026-06-27T17:46:33+0200,4e541c53-98a3-4782-9d6d-b4c701b81d28,2026-06-16T17:15:00Z,2026-06-16T19:15:00+0200,63.18,MW,FR,FR,actual_offshore_wind_generation,Wind Offshore | Actual Aggregated,2026-06-27T15:47:42Z
2026-06-27T15:46:33Z,2026-06-27T17:46:33+0200,4e541c53-98a3-4782-9d6d-b4c701b81d28,2026-06-16T17:30:00Z,2026-06-16T19:30:00+0200,65.95,MW,FR,FR,actual_offshore_wind_generation,Wind Offshore | Actual Aggregated,2026-06-27T15:47:42Z
2026-06-27T15:46:33Z,2026-06-27T17:46:33+0200,4e541c53-98a3-4782-9d6d-b4c701b81d28,2026-06-16T17:45:00Z,2026-06-16T19:45:00+0200,64.39,MW,FR,FR,actual_offshore_wind_generation,Wind Offshore | Actual Aggregated,2026-06-27T15:47:42Z
2026-06-27T15:46:33Z,2026-06-27T17:46:33+0200,4e541c53-98a3-4782-9d6d-b4c701b81d28,2026-06-16T18:00:00Z,2026-06-16T20:00:00+0200,64.66,MW,FR,FR,actual_offshore_wind_generation,Wind Offshore | Actual Aggregated,2026-06-27T15:47:42Z
2026-06-27T15:46:33Z,2026-06-27T17:46:33+0200,4e541c53-98a3-4782-9d6d-b4c701b81d28,2026-06-16T18:15:00Z,2026-06-16T20:15:00+0200,64.21,MW,FR,FR,actual_offshore_wind_generation,Wind Offshore | Actual Aggregated,2026-06-27T15:47:42Z
2026-06-27T15:46:33Z,2026-06-27T17:46:33+0200,4e541c53-98a3-4782-9d6d-b4c701b81d28,2026-06-16T18:30:00Z,2026-06-16T20:30:00+0200,70.67,MW,FR,FR,actual_offshore_wind_generation,Wind Offshore | Actual Aggregated,2026-06-27T15:47:42Z
2026-06-27T15:46:33Z,2026-06-27T17:46:33+0200,4e541c53-98a3-4782-9d6d-b4c701b81d28,2026-06-16T18:45:00Z,2026-06-16T20:45:00+0200,75.54,MW,FR,FR,actual_offshore_wind_generation,Wind Offshore | Actual Aggregated,2026-06-27T15:47:42Z
2026-06-27T15:46:33Z,2026-06-27T17:46:33+0200,4e541c53-98a3-4782-9d6d-b4c701b81d28,2026-06-16T19:00:00Z,2026-06-16T21:00:00+0200,66.36,MW,FR,FR,actual_offshore_wind_generation,Wind Offshore | Actual Aggregated,2026-06-27T15:47:42Z
2026-06-27T15:46:33Z,2026-06-27T17:46:33+0200,4e541c53-98a3-4782-9d6d-b4c701b81d28,2026-06-16T19:15:00Z,2026-06-16T21:15:00+0200,59.33,MW,FR,FR,actual_offshore_wind_generation,Wind Offshore | Actual Aggregated,2026-06-27T15:47:42Z
2026-06-27T15:46:33Z,2026-06-27T17:46:33+0200,4e541c53-98a3-4782-9d6d-b4c701b81d28,2026-06-16T19:30:00Z,2026-06-16T21:30:00+0200,47.95,MW,FR,FR,actual_offshore_wind_generation,Wind Offshore | Actual Aggregated,2026-06-27T15:47:42Z
2026-06-27T15:46:33Z,2026-06-27T17:46:33+0200,4e541c53-98a3-4782-9d6d-b4c701b81d28,2026-06-16T19:45:00Z,2026-06-16T21:45:00+0200,37.64,MW,FR,FR,actual_offshore_wind_generation,Wind Offshore | Actual Aggregated,2026-06-27T15:47:42Z
2026-06-27T15:46:33Z,2026-06-27T17:46:33+0200,4e541c53-98a3-4782-9d6d-b4c701b81d28,2026-06-16T20:00:00Z,2026-06-16T22:00:00+0200,42.58,MW,FR,FR,actual_offshore_wind_generation,Wind Offshore | Actual Aggregated,2026-06-27T15:47:42Z
2026-06-27T15:46:33Z,2026-06-27T17:46:33+0200,4e541c53-98a3-4782-9d6d-b4c701b81d28,2026-06-16T20:15:00Z,2026-06-16T22:15:00+0200,53.09,MW,FR,FR,actual_offshore_wind_generation,Wind Offshore | Actual Aggregated,2026-06-27T15:47:42Z
2026-06-27T15:46:33Z,2026-06-27T17:46:33+0200,4e541c53-98a3-4782-9d6d-b4c701b81d28,2026-06-16T20:30:00Z,2026-06-16T22:30:00+0200,56.14,MW,FR,FR,actual_offshore_wind_generation,Wind Offshore | Actual Aggregated,2026-06-27T15:47:42Z
2026-06-27T15:46:33Z,2026-06-27T17:46:33+0200,4e541c53-98a3-4782-9d6d-b4c701b81d28,2026-06-16T20:45:00Z,2026-06-16T22:45:00+0200,47.32,MW,FR,FR,actual_offshore_wind_generation,Wind Offshore | Actual Aggregated,2026-06-27T15:47:42Z
2026-06-27T15:46:33Z,2026-06-27T17:46:33+0200,4e541c53-98a3-4782-9d6d-b4c701b81d28,2026-06-16T21:00:00Z,2026-06-16T23:00:00+0200,46.86,MW,FR,FR,actual_offshore_wind_generation,Wind Offshore | Actual Aggregated,2026-06-27T15:47:42Z
2026-06-27T15:46:33Z,2026-06-27T17:46:33+0200,4e541c53-98a3-4782-9d6d-b4c701b81d28,2026-06-16T21:15:00Z,2026-06-16T23:15:00+0200,35.63,MW,FR,FR,actual_offshore_wind_generation,Wind Offshore | Actual Aggregated,2026-06-27T15:47:42Z
2026-06-27T15:46:33Z,2026-06-27T17:46:33+0200,4e541c53-98a3-4782-9d6d-b4c701b81d28,2026-06-16T21:30:00Z,2026-06-16T23:30:00+0200,27.01,MW,FR,FR,actual_offshore_wind_generation,Wind Offshore | Actual Aggregated,2026-06-27T15:47:42Z
2026-06-27T15:46:33Z,2026-06-27T17:46:33+0200,4e541c53-98a3-4782-9d6d-b4c701b81d28,2026-06-16T21:45:00Z,2026-06-16T23:45:00+0200,22.2,MW,FR,FR,actual_offshore_wind_generation,Wind Offshore | Actual Aggregated,2026-06-27T15:47:42Z
2026-06-27T15:46:33Z,2026-06-27T17:46:33+0200,4e541c53-98a3-4782-9d6d-b4c701b81d28,2026-06-16T22:00:00Z,2026-06-17T00:00:00+0200,22.89,MW,FR,FR,actual_offshore_wind_generation,Wind Offshore | Actual Aggregated,2026-06-27T15:47:42Z
2026-06-27T15:46:33Z,2026-06-27T17:46:33+0200,4e541c53-98a3-4782-9d6d-b4c701b81d28,2026-06-16T22:15:00Z,2026-06-17T00:15:00+0200,40.98,MW,FR,FR,actual_offshore_wind_generation,Wind Offshore | Actual Aggregated,2026-06-27T15:47:42Z
2026-06-27T15:46:33Z,2026-06-27T17:46:33+0200,4e541c53-98a3-4782-9d6d-b4c701b81d28,2026-06-16T22:30:00Z,2026-06-17T00:30:00+0200,55.69,MW,FR,FR,actual_offshore_wind_generation,Wind Offshore | Actual Aggregated,2026-06-27T15:47:42Z
2026-06-27T15:46:33Z,2026-06-27T17:46:33+0200,4e541c53-98a3-4782-9d6d-b4c701b81d28,2026-06-16T22:45:00Z,2026-06-17T00:45:00+0200,42.54,MW,FR,FR,actual_offshore_wind_generation,Wind Offshore | Actual Aggregated,2026-06-27T15:47:42Z
2026-06-27T15:46:33Z,2026-06-27T17:46:33+0200,4e541c53-98a3-4782-9d6d-b4c701b81d28,2026-06-16T23:00:00Z,2026-06-17T01:00:00+0200,45.84,MW,FR,FR,actual_offshore_wind_generation,Wind Offshore | Actual Aggregated,2026-06-27T15:47:42Z
2026-06-27T15:46:33Z,2026-06-27T17:46:33+0200,4e541c53-98a3-4782-9d6d-b4c701b81d28,2026-06-16T23:15:00Z,2026-06-17T01:15:00+0200,50.96,MW,FR,FR,actual_offshore_wind_generation,Wind Offshore | Actual Aggregated,2026-06-27T15:47:42Z
2026-06-27T15:46:33Z,2026-06-27T17:46:33+0200,4e541c53-98a3-4782-9d6d-b4c701b81d28,2026-06-16T23:30:00Z,2026-06-17T01:30:00+0200,48.84,MW,FR,FR,actual_offshore_wind_generation,Wind Offshore | Actual Aggregated,2026-06-27T15:47:42Z
2026-06-27T15:46:33Z,2026-06-27T17:46:33+0200,4e541c53-98a3-4782-9d6d-b4c701b81d28,2026-06-16T23:45:00Z,2026-06-17T01:45:00+0200,51.19,MW,FR,FR,actual_offshore_wind_generation,Wind Offshore | Actual Aggregated,2026-06-27T15:47:42Z
2026-06-27T15:46:33Z,2026-06-27T17:46:33+0200,4e541c53-98a3-4782-9d6d-b4c701b81d28,2026-06-17T00:00:00Z,2026-06-17T02:00:00+0200,51.32,MW,FR,FR,actual_offshore_wind_generation,Wind Offshore | Actual Aggregated,2026-06-27T15:47:42Z
2026-06-27T15:46:33Z,2026-06-27T17:46:33+0200,4e541c53-98a3-4782-9d6d-b4c701b81d28,2026-06-17T00:15:00Z,2026-06-17T02:15:00+0200,55.68,MW,FR,FR,actual_offshore_wind_generation,Wind Offshore | Actual Aggregated,2026-06-27T15:47:42Z
2026-06-27T15:46:33Z,2026-06-27T17:46:33+0200,4e541c53-98a3-4782-9d6d-b4c701b81d28,2026-06-17T00:30:00Z,2026-06-17T02:30:00+0200,54.7,MW,FR,FR,actual_offshore_wind_generation,Wind Offshore | Actual Aggregated,2026-06-27T15:47:42Z
2026-06-27T15:46:33Z,2026-06-27T17:46:33+0200,4e541c53-98a3-4782-9d6d-b4c701b81d28,2026-06-17T00:45:00Z,2026-06-17T02:45:00+0200,43.1,MW,FR,FR,actual_offshore_wind_generation,Wind Offshore | Actual Aggregated,2026-06-27T15:47:42Z
2026-06-27T15:46:33Z,2026-06-27T17:46:33+0200,4e541c53-98a3-4782-9d6d-b4c701b81d28,2026-06-17T01:00:00Z,2026-06-17T03:00:00+0200,40.24,MW,FR,FR,actual_offshore_wind_generation,Wind Offshore | Actual Aggregated,2026-06-27T15:47:42Z
2026-06-27T15:46:33Z,2026-06-27T17:46:33+0200,4e541c53-98a3-4782-9d6d-b4c701b81d28,2026-06-17T01:15:00Z,2026-06-17T03:15:00+0200,48.9,MW,FR,FR,actual_offshore_wind_generation,Wind Offshore | Actual Aggregated,2026-06-27T15:47:42Z
2026-06-27T15:46:33Z,2026-06-27T17:46:33+0200,4e541c53-98a3-4782-9d6d-b4c701b81d28,2026-06-17T01:30:00Z,2026-06-17T03:30:00+0200,51.94,MW,FR,FR,actual_offshore_wind_generation,Wind Offshore | Actual Aggregated,2026-06-27T15:47:42Z
2026-06-27T15:46:33Z,2026-06-27T17:46:33+0200,4e541c53-98a3-4782-9d6d-b4c701b81d28,2026-06-17T01:45:00Z,2026-06-17T03:45:00+0200,62.66,MW,FR,FR,actual_offshore_wind_generation,Wind Offshore | Actual Aggregated,2026-06-27T15:47:42Z
2026-06-27T15:46:33Z,2026-06-27T17:46:33+0200,4e541c53-98a3-4782-9d6d-b4c701b81d28,2026-06-17T02:00:00Z,2026-06-17T04:00:00+0200,49.41,MW,FR,FR,actual_offshore_wind_generation,Wind Offshore | Actual Aggregated,2026-06-27T15:47:42Z
2026-06-27T15:46:33Z,2026-06-27T17:46:33+0200,4e541c53-98a3-4782-9d6d-b4c701b81d28,2026-06-17T02:15:00Z,2026-06-17T04:15:00+0200,45.85,MW,FR,FR,actual_offshore_wind_generation,Wind Offshore | Actual Aggregated,2026-06-27T15:47:42Z
2026-06-27T15:46:33Z,2026-06-27T17:46:33+0200,4e541c53-98a3-4782-9d6d-b4c701b81d28,2026-06-17T02:30:00Z,2026-06-17T04:30:00+0200,56.5,MW,FR,FR,actual_offshore_wind_generation,Wind Offshore | Actual Aggregated,2026-06-27T15:47:42Z
2026-06-27T15:46:33Z,2026-06-27T17:46:33+0200,4e541c53-98a3-4782-9d6d-b4c701b81d28,2026-06-17T02:45:00Z,2026-06-17T04:45:00+0200,64.42,MW,FR,FR,actual_offshore_wind_generation,Wind Offshore | Actual Aggregated,2026-06-27T15:47:42Z
2026-06-27T15:46:33Z,2026-06-27T17:46:33+0200,4e541c53-98a3-4782-9d6d-b4c701b81d28,2026-06-17T03:00:00Z,2026-06-17T05:00:00+0200,61.03,MW,FR,FR,actual_offshore_wind_generation,Wind Offshore | Actual Aggregated,2026-06-27T15:47:42Z
2026-06-27T15:46:33Z,2026-06-27T17:46:33+0200,4e541c53-98a3-4782-9d6d-b4c701b81d28,2026-06-17T03:15:00Z,2026-06-17T05:15:00+0200,70.69,MW,FR,FR,actual_offshore_wind_generation,Wind Offshore | Actual Aggregated,2026-06-27T15:47:42Z
2026-06-27T15:46:33Z,2026-06-27T17:46:33+0200,4e541c53-98a3-4782-9d6d-b4c701b81d28,2026-06-17T03:30:00Z,2026-06-17T05:30:00+0200,75.42,MW,FR,FR,actual_offshore_wind_generation,Wind Offshore | Actual Aggregated,2026-06-27T15:47:42Z
2026-06-27T15:46:33Z,2026-06-27T17:46:33+0200,4e541c53-98a3-4782-9d6d-b4c701b81d28,2026-06-17T03:45:00Z,2026-06-17T05:45:00+0200,82.75,MW,FR,FR,actual_offshore_wind_generation,Wind Offshore | Actual Aggregated,2026-06-27T15:47:42Z
2026-06-27T15:46:33Z,2026-06-27T17:46:33+0200,4e541c53-98a3-4782-9d6d-b4c701b81d28,2026-06-17T04:00:00Z,2026-06-17T06:00:00+0200,100.55,MW,FR,FR,actual_offshore_wind_generation,Wind Offshore | Actual Aggregated,2026-06-27T15:47:42Z
2026-06-27T15:46:33Z,2026-06-27T17:46:33+0200,4e541c53-98a3-4782-9d6d-b4c701b81d28,2026-06-17T04:15:00Z,2026-06-17T06:15:00+0200,103.46,MW,FR,FR,actual_offshore_wind_generation,Wind Offshore | Actual Aggregated,2026-06-27T15:47:42Z
2026-06-27T15:46:33Z,2026-06-27T17:46:33+0200,4e541c53-98a3-4782-9d6d-b4c701b81d28,2026-06-17T04:30:00Z,2026-06-17T06:30:00+0200,101.32,MW,FR,FR,actual_offshore_wind_generation,Wind Offshore | Actual Aggregated,2026-06-27T15:47:42Z
2026-06-27T15:46:33Z,2026-06-27T17:46:33+0200,4e541c53-98a3-4782-9d6d-b4c701b81d28,2026-06-17T04:45:00Z,2026-06-17T06:45:00+0200,92.28,MW,FR,FR,actual_offshore_wind_generation,Wind Offshore | Actual Aggregated,2026-06-27T15:47:42Z
2026-06-27T15:46:33Z,2026-06-27T17:46:33+0200,4e541c53-98a3-4782-9d6d-b4c701b81d28,2026-06-17T05:00:00Z,2026-06-17T07:00:00+0200,78.48,MW,FR,FR,actual_offshore_wind_generation,Wind Offshore | Actual Aggregated,2026-06-27T15:47:42Z
2026-06-27T15:46:33Z,2026-06-27T17:46:33+0200,4e541c53-98a3-4782-9d6d-b4c701b81d28,2026-06-17T05:15:00Z,2026-06-17T07:15:00+0200,64.01,MW,FR,FR,actual_offshore_wind_generation,Wind Offshore | Actual Aggregated,2026-06-27T15:47:42Z
2026-06-27T15:46:33Z,2026-06-27T17:46:33+0200,4e541c53-98a3-4782-9d6d-b4c701b81d28,2026-06-17T05:30:00Z,2026-06-17T07:30:00+0200,37.53,MW,FR,FR,actual_offshore_wind_generation,Wind Offshore | Actual Aggregated,2026-06-27T15:47:42Z
2026-06-27T15:46:33Z,2026-06-27T17:46:33+0200,4e541c53-98a3-4782-9d6d-b4c701b81d28,2026-06-17T05:45:00Z,2026-06-17T07:45:00+0200,28.7,MW,FR,FR,actual_offshore_wind_generation,Wind Offshore | Actual Aggregated,2026-06-27T15:47:42Z
2026-06-27T15:46:33Z,2026-06-27T17:46:33+0200,4e541c53-98a3-4782-9d6d-b4c701b81d28,2026-06-17T06:00:00Z,2026-06-17T08:00:00+0200,38.58,MW,FR,FR,actual_offshore_wind_generation,Wind Offshore | Actual Aggregated,2026-06-27T15:47:42Z
2026-06-27T15:46:33Z,2026-06-27T17:46:33+0200,4e541c53-98a3-4782-9d6d-b4c701b81d28,2026-06-17T06:15:00Z,2026-06-17T08:15:00+0200,47.2,MW,FR,FR,actual_offshore_wind_generation,Wind Offshore | Actual Aggregated,2026-06-27T15:47:42Z
2026-06-27T15:46:33Z,2026-06-27T17:46:33+0200,4e541c53-98a3-4782-9d6d-b4c701b81d28,2026-06-17T06:30:00Z,2026-06-17T08:30:00+0200,60.38,MW,FR,FR,actual_offshore_wind_generation,Wind Offshore | Actual Aggregated,2026-06-27T15:47:42Z
2026-06-27T15:46:33Z,2026-06-27T17:46:33+0200,4e541c53-98a3-4782-9d6d-b4c701b81d28,2026-06-17T06:45:00Z,2026-06-17T08:45:00+0200,67.67,MW,FR,FR,actual_offshore_wind_generation,Wind Offshore | Actual Aggregated,2026-06-27T15:47:42Z
2026-06-27T15:46:33Z,2026-06-27T17:46:33+0200,4e541c53-98a3-4782-9d6d-b4c701b81d28,2026-06-17T07:00:00Z,2026-06-17T09:00:00+0200,67.38,MW,FR,FR,actual_offshore_wind_generation,Wind Offshore | Actual Aggregated,2026-06-27T15:47:42Z
2026-06-27T15:46:33Z,2026-06-27T17:46:33+0200,4e541c53-98a3-4782-9d6d-b4c701b81d28,2026-06-17T07:15:00Z,2026-06-17T09:15:00+0200,64.5,MW,FR,FR,actual_offshore_wind_generation,Wind Offshore | Actual Aggregated,2026-06-27T15:47:42Z
2026-06-27T15:46:33Z,2026-06-27T17:46:33+0200,4e541c53-98a3-4782-9d6d-b4c701b81d28,2026-06-17T07:30:00Z,2026-06-17T09:30:00+0200,51.84,MW,FR,FR,actual_offshore_wind_generation,Wind Offshore | Actual Aggregated,2026-06-27T15:47:42Z
2026-06-27T15:46:33Z,2026-06-27T17:46:33+0200,4e541c53-98a3-4782-9d6d-b4c701b81d28,2026-06-17T07:45:00Z,2026-06-17T09:45:00+0200,37.19,MW,FR,FR,actual_offshore_wind_generation,Wind Offshore | Actual Aggregated,2026-06-27T15:47:42Z
2026-06-27T15:46:33Z,2026-06-27T17:46:33+0200,4e541c53-98a3-4782-9d6d-b4c701b81d28,2026-06-17T08:00:00Z,2026-06-17T10:00:00+0200,21.49,MW,FR,FR,actual_offshore_wind_generation,Wind Offshore | Actual Aggregated,2026-06-27T15:47:42Z
2026-06-27T15:46:33Z,2026-06-27T17:46:33+0200,4e541c53-98a3-4782-9d6d-b4c701b81d28,2026-06-17T08:15:00Z,2026-06-17T10:15:00+0200,4.35,MW,FR,FR,actual_offshore_wind_generation,Wind Offshore | Actual Aggregated,2026-06-27T15:47:42Z
2026-06-27T15:46:33Z,2026-06-27T17:46:33+0200,4e541c53-98a3-4782-9d6d-b4c701b81d28,2026-06-17T08:30:00Z,2026-06-17T10:30:00+0200,3.7,MW,FR,FR,actual_offshore_wind_generation,Wind Offshore | Actual Consumption,2026-06-27T15:47:42Z
2026-06-27T15:46:33Z,2026-06-27T17:46:33+0200,4e541c53-98a3-4782-9d6d-b4c701b81d28,2026-06-17T08:45:00Z,2026-06-17T10:45:00+0200,3.92,MW,FR,FR,actual_offshore_wind_generation,Wind Offshore | Actual Consumption,2026-06-27T15:47:42Z
2026-06-27T15:46:33Z,2026-06-27T17:46:33+0200,4e541c53-98a3-4782-9d6d-b4c701b81d28,2026-06-17T09:00:00Z,2026-06-17T11:00:00+0200,0.97,MW,FR,FR,actual_offshore_wind_generation,Wind Offshore | Actual Consumption,2026-06-27T15:47:42Z
2026-06-27T15:46:33Z,2026-06-27T17:46:33+0200,4e541c53-98a3-4782-9d6d-b4c701b81d28,2026-06-17T09:15:00Z,2026-06-17T11:15:00+0200,11.73,MW,FR,FR,actual_offshore_wind_generation,Wind Offshore | Actual Aggregated,2026-06-27T15:47:42Z
2026-06-27T15:46:33Z,2026-06-27T17:46:33+0200,4e541c53-98a3-4782-9d6d-b4c701b81d28,2026-06-17T09:30:00Z,2026-06-17T11:30:00+0200,23.52,MW,FR,FR,actual_offshore_wind_generation,Wind Offshore | Actual Aggregated,2026-06-27T15:47:42Z
2026-06-27T15:46:33Z,2026-06-27T17:46:33+0200,4e541c53-98a3-4782-9d6d-b4c701b81d28,2026-06-17T09:45:00Z,2026-06-17T11:45:00+0200,25.88,MW,FR,FR,actual_offshore_wind_generation,Wind Offshore | Actual Aggregated,2026-06-27T15:47:42Z
2026-06-27T15:46:33Z,2026-06-27T17:46:33+0200,4e541c53-98a3-4782-9d6d-b4c701b81d28,2026-06-17T10:00:00Z,2026-06-17T12:00:00+0200,30.34,MW,FR,FR,actual_offshore_wind_generation,Wind Offshore | Actual Aggregated,2026-06-27T15:47:42Z
2026-06-27T15:46:33Z,2026-06-27T17:46:33+0200,4e541c53-98a3-4782-9d6d-b4c701b81d28,2026-06-17T10:15:00Z,2026-06-17T12:15:00+0200,28.64,MW,FR,FR,actual_offshore_wind_generation,Wind Offshore | Actual Aggregated,2026-06-27T15:47:42Z
2026-06-27T15:46:33Z,2026-06-27T17:46:33+0200,4e541c53-98a3-4782-9d6d-b4c701b81d28,2026-06-17T10:30:00Z,2026-06-17T12:30:00+0200,18.84,MW,FR,FR,actual_offshore_wind_generation,Wind Offshore | Actual Aggregated,2026-06-27T15:47:42Z
2026-06-27T15:46:33Z,2026-06-27T17:46:33+0200,4e541c53-98a3-4782-9d6d-b4c701b81d28,2026-06-17T10:45:00Z,2026-06-17T12:45:00+0200,28.14,MW,FR,FR,actual_offshore_wind_generation,Wind Offshore | Actual Aggregated,2026-06-27T15:47:42Z
2026-06-27T15:46:33Z,2026-06-27T17:46:33+0200,4e541c53-98a3-4782-9d6d-b4c701b81d28,2026-06-17T11:00:00Z,2026-06-17T13:00:00+0200,34.58,MW,FR,FR,actual_offshore_wind_generation,Wind Offshore | Actual Aggregated,2026-06-27T15:47:42Z
2026-06-27T15:46:33Z,2026-06-27T17:46:33+0200,4e541c53-98a3-4782-9d6d-b4c701b81d28,2026-06-17T11:15:00Z,2026-06-17T13:15:00+0200,24.32,MW,FR,FR,actual_offshore_wind_generation,Wind Offshore | Actual Aggregated,2026-06-27T15:47:42Z
2026-06-27T15:46:33Z,2026-06-27T17:46:33+0200,4e541c53-98a3-4782-9d6d-b4c701b81d28,2026-06-17T11:30:00Z,2026-06-17T13:30:00+0200,20.01,MW,FR,FR,actual_offshore_wind_generation,Wind Offshore | Actual Aggregated,2026-06-27T15:47:42Z
2026-06-27T15:46:33Z,2026-06-27T17:46:33+0200,4e541c53-98a3-4782-9d6d-b4c701b81d28,2026-06-17T11:45:00Z,2026-06-17T13:45:00+0200,20.6,MW,FR,FR,actual_offshore_wind_generation,Wind Offshore | Actual Aggregated,2026-06-27T15:47:42Z
2026-06-27T15:46:33Z,2026-06-27T17:46:33+0200,4e541c53-98a3-4782-9d6d-b4c701b81d28,2026-06-17T12:00:00Z,2026-06-17T14:00:00+0200,34.53,MW,FR,FR,actual_offshore_wind_generation,Wind Offshore | Actual Aggregated,2026-06-27T15:47:42Z
2026-06-27T15:46:33Z,2026-06-27T17:46:33+0200,4e541c53-98a3-4782-9d6d-b4c701b81d28,2026-06-17T12:15:00Z,2026-06-17T14:15:00+0200,62.33,MW,FR,FR,actual_offshore_wind_generation,Wind Offshore | Actual Aggregated,2026-06-27T15:47:42Z
2026-06-27T15:46:33Z,2026-06-27T17:46:33+0200,4e541c53-98a3-4782-9d6d-b4c701b81d28,2026-06-17T12:30:00Z,2026-06-17T14:30:00+0200,61.66,MW,FR,FR,actual_offshore_wind_generation,Wind Offshore | Actual Aggregated,2026-06-27T15:47:42Z
2026-06-27T15:46:33Z,2026-06-27T17:46:33+0200,4e541c53-98a3-4782-9d6d-b4c701b81d28,2026-06-17T12:45:00Z,2026-06-17T14:45:00+0200,53.49,MW,FR,FR,actual_offshore_wind_generation,Wind Offshore | Actual Aggregated,2026-06-27T15:47:42Z
2026-06-27T15:46:33Z,2026-06-27T17:46:33+0200,4e541c53-98a3-4782-9d6d-b4c701b81d28,2026-06-17T13:00:00Z,2026-06-17T15:00:00+0200,63.86,MW,FR,FR,actual_offshore_wind_generation,Wind Offshore | Actual Aggregated,2026-06-27T15:47:42Z
2026-06-27T15:46:33Z,2026-06-27T17:46:33+0200,4e541c53-98a3-4782-9d6d-b4c701b81d28,2026-06-17T13:15:00Z,2026-06-17T15:15:00+0200,76.46,MW,FR,FR,actual_offshore_wind_generation,Wind Offshore | Actual Aggregated,2026-06-27T15:47:42Z
2026-06-27T15:46:33Z,2026-06-27T17:46:33+0200,4e541c53-98a3-4782-9d6d-b4c701b81d28,2026-06-17T13:30:00Z,2026-06-17T15:30:00+0200,84.11,MW,FR,FR,actual_offshore_wind_generation,Wind Offshore | Actual Aggregated,2026-06-27T15:47:42Z
2026-06-27T15:46:33Z,2026-06-27T17:46:33+0200,4e541c53-98a3-4782-9d6d-b4c701b81d28,2026-06-17T13:45:00Z,2026-06-17T15:45:00+0200,57.91,MW,FR,FR,actual_offshore_wind_generation,Wind Offshore | Actual Aggregated,2026-06-27T15:47:42Z
2026-06-27T15:46:33Z,2026-06-27T17:46:33+0200,4e541c53-98a3-4782-9d6d-b4c701b81d28,2026-06-17T14:00:00Z,2026-06-17T16:00:00+0200,72.07,MW,FR,FR,actual_offshore_wind_generation,Wind Offshore | Actual Aggregated,2026-06-27T15:47:42Z
2026-06-27T15:46:33Z,2026-06-27T17:46:33+0200,4e541c53-98a3-4782-9d6d-b4c701b81d28,2026-06-17T14:15:00Z,2026-06-17T16:15:00+0200,91.45,MW,FR,FR,actual_offshore_wind_generation,Wind Offshore | Actual Aggregated,2026-06-27T15:47:42Z
2026-06-27T15:46:33Z,2026-06-27T17:46:33+0200,4e541c53-98a3-4782-9d6d-b4c701b81d28,2026-06-17T14:30:00Z,2026-06-17T16:30:00+0200,97.09,MW,FR,FR,actual_offshore_wind_generation,Wind Offshore | Actual Aggregated,2026-06-27T15:47:42Z
2026-06-27T15:46:33Z,2026-06-27T17:46:33+0200,4e541c53-98a3-4782-9d6d-b4c701b81d28,2026-06-17T14:45:00Z,2026-06-17T16:45:00+0200,136.8,MW,FR,FR,actual_offshore_wind_generation,Wind Offshore | Actual Aggregated,2026-06-27T15:47:42Z
2026-06-27T15:46:33Z,2026-06-27T17:46:33+0200,4e541c53-98a3-4782-9d6d-b4c701b81d28,2026-06-17T15:00:00Z,2026-06-17T17:00:00+0200,155.83,MW,FR,FR,actual_offshore_wind_generation,Wind Offshore | Actual Aggregated,2026-06-27T15:47:42Z
2026-06-27T15:46:33Z,2026-06-27T17:46:33+0200,4e541c53-98a3-4782-9d6d-b4c701b81d28,2026-06-17T15:15:00Z,2026-06-17T17:15:00+0200,152.02,MW,FR,FR,actual_offshore_wind_generation,Wind Offshore | Actual Aggregated,2026-06-27T15:47:42Z
2026-06-27T15:46:33Z,2026-06-27T17:46:33+0200,4e541c53-98a3-4782-9d6d-b4c701b81d28,2026-06-17T15:30:00Z,2026-06-17T17:30:00+0200,195.9,MW,FR,FR,actual_offshore_wind_generation,Wind Offshore | Actual Aggregated,2026-06-27T15:47:42Z
2026-06-27T15:46:33Z,2026-06-27T17:46:33+0200,4e541c53-98a3-4782-9d6d-b4c701b81d28,2026-06-17T15:45:00Z,2026-06-17T17:45:00+0200,213.64,MW,FR,FR,actual_offshore_wind_generation,Wind Offshore | Actual Aggregated,2026-06-27T15:47:42Z
2026-06-27T15:46:33Z,2026-06-27T17:46:33+0200,4e541c53-98a3-4782-9d6d-b4c701b81d28,2026-06-17T16:00:00Z,2026-06-17T18:00:00+0200,217.91,MW,FR,FR,actual_offshore_wind_generation,Wind Offshore | Actual Aggregated,2026-06-27T15:47:42Z
2026-06-27T15:46:33Z,2026-06-27T17:46:33+0200,4e541c53-98a3-4782-9d6d-b4c701b81d28,2026-06-17T16:15:00Z,2026-06-17T18:15:00+0200,227.32,MW,FR,FR,actual_offshore_wind_generation,Wind Offshore | Actual Aggregated,2026-06-27T15:47:42Z
2026-06-27T15:46:33Z,2026-06-27T17:46:33+0200,4e541c53-98a3-4782-9d6d-b4c701b81d28,2026-06-17T16:30:00Z,2026-06-17T18:30:00+0200,213.17,MW,FR,FR,actual_offshore_wind_generation,Wind Offshore | Actual Aggregated,2026-06-27T15:47:42Z
2026-06-27T15:46:33Z,2026-06-27T17:46:33+0200,4e541c53-98a3-4782-9d6d-b4c701b81d28,2026-06-17T16:45:00Z,2026-06-17T18:45:00+0200,172.85,MW,FR,FR,actual_offshore_wind_generation,Wind Offshore | Actual Aggregated,2026-06-27T15:47:42Z
2026-06-27T15:46:33Z,2026-06-27T17:46:33+0200,4e541c53-98a3-4782-9d6d-b4c701b81d28,2026-06-17T17:00:00Z,2026-06-17T19:00:00+0200,158.27,MW,FR,FR,actual_offshore_wind_generation,Wind Offshore | Actual Aggregated,2026-06-27T15:47:42Z
2026-06-27T15:46:33Z,2026-06-27T17:46:33+0200,4e541c53-98a3-4782-9d6d-b4c701b81d28,2026-06-17T17:15:00Z,2026-06-17T19:15:00+0200,132.08,MW,FR,FR,actual_offshore_wind_generation,Wind Offshore | Actual Aggregated,2026-06-27T15:47:42Z
2026-06-27T15:46:33Z,2026-06-27T17:46:33+0200,4e541c53-98a3-4782-9d6d-b4c701b81d28,2026-06-17T17:30:00Z,2026-06-17T19:30:00+0200,109.5,MW,FR,FR,actual_offshore_wind_generation,Wind Offshore | Actual Aggregated,2026-06-27T15:47:42Z
2026-06-27T15:46:33Z,2026-06-27T17:46:33+0200,4e541c53-98a3-4782-9d6d-b4c701b81d28,2026-06-17T17:45:00Z,2026-06-17T19:45:00+0200,125.01,MW,FR,FR,actual_offshore_wind_generation,Wind Offshore | Actual Aggregated,2026-06-27T15:47:42Z
2026-06-27T15:46:33Z,2026-06-27T17:46:33+0200,4e541c53-98a3-4782-9d6d-b4c701b81d28,2026-06-17T18:00:00Z,2026-06-17T20:00:00+0200,155.81,MW,FR,FR,actual_offshore_wind_generation,Wind Offshore | Actual Aggregated,2026-06-27T15:47:42Z
2026-06-27T15:46:33Z,2026-06-27T17:46:33+0200,4e541c53-98a3-4782-9d6d-b4c701b81d28,2026-06-17T18:15:00Z,2026-06-17T20:15:00+0200,134.77,MW,FR,FR,actual_offshore_wind_generation,Wind Offshore | Actual Aggregated,2026-06-27T15:47:42Z
2026-06-27T15:46:33Z,2026-06-27T17:46:33+0200,4e541c53-98a3-4782-9d6d-b4c701b81d28,2026-06-17T18:30:00Z,2026-06-17T20:30:00+0200,133.08,MW,FR,FR,actual_offshore_wind_generation,Wind Offshore | Actual Aggregated,2026-06-27T15:47:42Z
2026-06-27T15:46:33Z,2026-06-27T17:46:33+0200,4e541c53-98a3-4782-9d6d-b4c701b81d28,2026-06-17T18:45:00Z,2026-06-17T20:45:00+0200,131.68,MW,FR,FR,actual_offshore_wind_generation,Wind Offshore | Actual Aggregated,2026-06-27T15:47:42Z
2026-06-27T15:46:33Z,2026-06-27T17:46:33+0200,4e541c53-98a3-4782-9d6d-b4c701b81d28,2026-06-17T19:00:00Z,2026-06-17T21:00:00+0200,122.75,MW,FR,FR,actual_offshore_wind_generation,Wind Offshore | Actual Aggregated,2026-06-27T15:47:42Z
2026-06-27T15:46:33Z,2026-06-27T17:46:33+0200,4e541c53-98a3-4782-9d6d-b4c701b81d28,2026-06-17T19:15:00Z,2026-06-17T21:15:00+0200,98.27,MW,FR,FR,actual_offshore_wind_generation,Wind Offshore | Actual Aggregated,2026-06-27T15:47:42Z
2026-06-27T15:46:33Z,2026-06-27T17:46:33+0200,4e541c53-98a3-4782-9d6d-b4c701b81d28,2026-06-17T19:30:00Z,2026-06-17T21:30:00+0200,88.65,MW,FR,FR,actual_offshore_wind_generation,Wind Offshore | Actual Aggregated,2026-06-27T15:47:42Z
2026-06-27T15:46:33Z,2026-06-27T17:46:33+0200,4e541c53-98a3-4782-9d6d-b4c701b81d28,2026-06-17T19:45:00Z,2026-06-17T21:45:00+0200,92.85,MW,FR,FR,actual_offshore_wind_generation,Wind Offshore | Actual Aggregated,2026-06-27T15:47:42Z
2026-06-27T15:46:33Z,2026-06-27T17:46:33+0200,4e541c53-98a3-4782-9d6d-b4c701b81d28,2026-06-17T20:00:00Z,2026-06-17T22:00:00+0200,109.03,MW,FR,FR,actual_offshore_wind_generation,Wind Offshore | Actual Aggregated,2026-06-27T15:47:42Z
2026-06-27T15:46:33Z,2026-06-27T17:46:33+0200,4e541c53-98a3-4782-9d6d-b4c701b81d28,2026-06-17T20:15:00Z,2026-06-17T22:15:00+0200,129.2,MW,FR,FR,actual_offshore_wind_generation,Wind Offshore | Actual Aggregated,2026-06-27T15:47:42Z
2026-06-27T15:46:33Z,2026-06-27T17:46:33+0200,4e541c53-98a3-4782-9d6d-b4c701b81d28,2026-06-17T20:30:00Z,2026-06-17T22:30:00+0200,142.75,MW,FR,FR,actual_offshore_wind_generation,Wind Offshore | Actual Aggregated,2026-06-27T15:47:42Z
2026-06-27T15:46:33Z,2026-06-27T17:46:33+0200,4e541c53-98a3-4782-9d6d-b4c701b81d28,2026-06-17T20:45:00Z,2026-06-17T22:45:00+0200,134.72,MW,FR,FR,actual_offshore_wind_generation,Wind Offshore | Actual Aggregated,2026-06-27T15:47:42Z
2026-06-27T15:46:33Z,2026-06-27T17:46:33+0200,4e541c53-98a3-4782-9d6d-b4c701b81d28,2026-06-17T21:00:00Z,2026-06-17T23:00:00+0200,104.68,MW,FR,FR,actual_offshore_wind_generation,Wind Offshore | Actual Aggregated,2026-06-27T15:47:42Z
2026-06-27T15:46:33Z,2026-06-27T17:46:33+0200,4e541c53-98a3-4782-9d6d-b4c701b81d28,2026-06-17T21:15:00Z,2026-06-17T23:15:00+0200,93.33,MW,FR,FR,actual_offshore_wind_generation,Wind Offshore | Actual Aggregated,2026-06-27T15:47:42Z
2026-06-27T15:46:33Z,2026-06-27T17:46:33+0200,4e541c53-98a3-4782-9d6d-b4c701b81d28,2026-06-17T21:30:00Z,2026-06-17T23:30:00+0200,90.33,MW,FR,FR,actual_offshore_wind_generation,Wind Offshore | Actual Aggregated,2026-06-27T15:47:42Z
2026-06-27T15:46:33Z,2026-06-27T17:46:33+0200,4e541c53-98a3-4782-9d6d-b4c701b81d28,2026-06-17T21:45:00Z,2026-06-17T23:45:00+0200,62.18,MW,FR,FR,actual_offshore_wind_generation,Wind Offshore | Actual Aggregated,2026-06-27T15:47:42Z
2026-06-27T15:46:33Z,2026-06-27T17:46:33+0200,4e541c53-98a3-4782-9d6d-b4c701b81d28,2026-06-17T22:00:00Z,2026-06-18T00:00:00+0200,57.86,MW,FR,FR,actual_offshore_wind_generation,Wind Offshore | Actual Aggregated,2026-06-27T15:47:42Z
2026-06-27T15:46:33Z,2026-06-27T17:46:33+0200,4e541c53-98a3-4782-9d6d-b4c701b81d28,2026-06-17T22:15:00Z,2026-06-18T00:15:00+0200,52.35,MW,FR,FR,actual_offshore_wind_generation,Wind Offshore | Actual Aggregated,2026-06-27T15:47:42Z
2026-06-27T15:46:33Z,2026-06-27T17:46:33+0200,4e541c53-98a3-4782-9d6d-b4c701b81d28,2026-06-17T22:30:00Z,2026-06-18T00:30:00+0200,41.79,MW,FR,FR,actual_offshore_wind_generation,Wind Offshore | Actual Aggregated,2026-06-27T15:47:42Z
2026-06-27T15:46:33Z,2026-06-27T17:46:33+0200,4e541c53-98a3-4782-9d6d-b4c701b81d28,2026-06-17T22:45:00Z,2026-06-18T00:45:00+0200,55.82,MW,FR,FR,actual_offshore_wind_generation,Wind Offshore | Actual Aggregated,2026-06-27T15:47:42Z
2026-06-27T15:46:33Z,2026-06-27T17:46:33+0200,4e541c53-98a3-4782-9d6d-b4c701b81d28,2026-06-17T23:00:00Z,2026-06-18T01:00:00+0200,48.57,MW,FR,FR,actual_offshore_wind_generation,Wind Offshore | Actual Aggregated,2026-06-27T15:47:42Z
2026-06-27T15:46:33Z,2026-06-27T17:46:33+0200,4e541c53-98a3-4782-9d6d-b4c701b81d28,2026-06-17T23:15:00Z,2026-06-18T01:15:00+0200,35.94,MW,FR,FR,actual_offshore_wind_generation,Wind Offshore | Actual Aggregated,2026-06-27T15:47:42Z
2026-06-27T15:46:33Z,2026-06-27T17:46:33+0200,4e541c53-98a3-4782-9d6d-b4c701b81d28,2026-06-17T23:30:00Z,2026-06-18T01:30:00+0200,33.03,MW,FR,FR,actual_offshore_wind_generation,Wind Offshore | Actual Aggregated,2026-06-27T15:47:42Z
2026-06-27T15:46:33Z,2026-06-27T17:46:33+0200,4e541c53-98a3-4782-9d6d-b4c701b81d28,2026-06-17T23:45:00Z,2026-06-18T01:45:00+0200,36.06,MW,FR,FR,actual_offshore_wind_generation,Wind Offshore | Actual Aggregated,2026-06-27T15:47:42Z
2026-06-27T15:46:33Z,2026-06-27T17:46:33+0200,4e541c53-98a3-4782-9d6d-b4c701b81d28,2026-06-18T00:00:00Z,2026-06-18T02:00:00+0200,26.91,MW,FR,FR,actual_offshore_wind_generation,Wind Offshore | Actual Aggregated,2026-06-27T15:47:42Z
2026-06-27T15:46:33Z,2026-06-27T17:46:33+0200,4e541c53-98a3-4782-9d6d-b4c701b81d28,2026-06-18T00:15:00Z,2026-06-18T02:15:00+0200,19.11,MW,FR,FR,actual_offshore_wind_generation,Wind Offshore | Actual Aggregated,2026-06-27T15:47:42Z
2026-06-27T15:46:33Z,2026-06-27T17:46:33+0200,4e541c53-98a3-4782-9d6d-b4c701b81d28,2026-06-18T00:30:00Z,2026-06-18T02:30:00+0200,2.26,MW,FR,FR,actual_offshore_wind_generation,Wind Offshore | Actual Consumption,2026-06-27T15:47:42Z
2026-06-27T15:46:33Z,2026-06-27T17:46:33+0200,4e541c53-98a3-4782-9d6d-b4c701b81d28,2026-06-18T00:45:00Z,2026-06-18T02:45:00+0200,5.66,MW,FR,FR,actual_offshore_wind_generation,Wind Offshore | Actual Consumption,2026-06-27T15:47:42Z
2026-06-27T15:46:33Z,2026-06-27T17:46:33+0200,4e541c53-98a3-4782-9d6d-b4c701b81d28,2026-06-18T01:00:00Z,2026-06-18T03:00:00+0200,8.49,MW,FR,FR,actual_offshore_wind_generation,Wind Offshore | Actual Consumption,2026-06-27T15:47:42Z
2026-06-27T15:46:33Z,2026-06-27T17:46:33+0200,4e541c53-98a3-4782-9d6d-b4c701b81d28,2026-06-18T01:15:00Z,2026-06-18T03:15:00+0200,13.33,MW,FR,FR,actual_offshore_wind_generation,Wind Offshore | Actual Aggregated,2026-06-27T15:47:42Z
2026-06-27T15:46:33Z,2026-06-27T17:46:33+0200,4e541c53-98a3-4782-9d6d-b4c701b81d28,2026-06-18T01:30:00Z,2026-06-18T03:30:00+0200,21.11,MW,FR,FR,actual_offshore_wind_generation,Wind Offshore | Actual Aggregated,2026-06-27T15:47:42Z
2026-06-27T15:46:33Z,2026-06-27T17:46:33+0200,4e541c53-98a3-4782-9d6d-b4c701b81d28,2026-06-18T01:45:00Z,2026-06-18T03:45:00+0200,19.76,MW,FR,FR,actual_offshore_wind_generation,Wind Offshore | Actual Aggregated,2026-06-27T15:47:42Z
2026-06-27T15:46:33Z,2026-06-27T17:46:33+0200,4e541c53-98a3-4782-9d6d-b4c701b81d28,2026-06-18T02:00:00Z,2026-06-18T04:00:00+0200,12.15,MW,FR,FR,actual_offshore_wind_generation,Wind Offshore | Actual Aggregated,2026-06-27T15:47:42Z
2026-06-27T15:46:33Z,2026-06-27T17:46:33+0200,4e541c53-98a3-4782-9d6d-b4c701b81d28,2026-06-18T02:15:00Z,2026-06-18T04:15:00+0200,1.95,MW,FR,FR,actual_offshore_wind_generation,Wind Offshore | Actual Aggregated,2026-06-27T15:47:42Z
2026-06-27T15:46:33Z,2026-06-27T17:46:33+0200,4e541c53-98a3-4782-9d6d-b4c701b81d28,2026-06-18T02:30:00Z,2026-06-18T04:30:00+0200,3.77,MW,FR,FR,actual_offshore_wind_generation,Wind Offshore | Actual Consumption,2026-06-27T15:47:42Z
2026-06-27T15:46:33Z,2026-06-27T17:46:33+0200,4e541c53-98a3-4782-9d6d-b4c701b81d28,2026-06-18T02:45:00Z,2026-06-18T04:45:00+0200,3.48,MW,FR,FR,actual_offshore_wind_generation,Wind Offshore | Actual Consumption,2026-06-27T15:47:42Z
2026-06-27T15:46:33Z,2026-06-27T17:46:33+0200,4e541c53-98a3-4782-9d6d-b4c701b81d28,2026-06-18T03:00:00Z,2026-06-18T05:00:00+0200,14.65,MW,FR,FR,actual_offshore_wind_generation,Wind Offshore | Actual Aggregated,2026-06-27T15:47:42Z
2026-06-27T15:46:33Z,2026-06-27T17:46:33+0200,4e541c53-98a3-4782-9d6d-b4c701b81d28,2026-06-18T03:15:00Z,2026-06-18T05:15:00+0200,10.6,MW,FR,FR,actual_offshore_wind_generation,Wind Offshore | Actual Aggregated,2026-06-27T15:47:42Z
2026-06-27T15:46:33Z,2026-06-27T17:46:33+0200,4e541c53-98a3-4782-9d6d-b4c701b81d28,2026-06-18T03:30:00Z,2026-06-18T05:30:00+0200,0.47,MW,FR,FR,actual_offshore_wind_generation,Wind Offshore | Actual Aggregated,2026-06-27T15:47:42Z
2026-06-27T15:46:33Z,2026-06-27T17:46:33+0200,4e541c53-98a3-4782-9d6d-b4c701b81d28,2026-06-18T03:45:00Z,2026-06-18T05:45:00+0200,0.7,MW,FR,FR,actual_offshore_wind_generation,Wind Offshore | Actual Aggregated,2026-06-27T15:47:42Z
2026-06-27T15:46:33Z,2026-06-27T17:46:33+0200,4e541c53-98a3-4782-9d6d-b4c701b81d28,2026-06-18T04:00:00Z,2026-06-18T06:00:00+0200,0.42,MW,FR,FR,actual_offshore_wind_generation,Wind Offshore | Actual Aggregated,2026-06-27T15:47:42Z
2026-06-27T15:46:33Z,2026-06-27T17:46:33+0200,4e541c53-98a3-4782-9d6d-b4c701b81d28,2026-06-18T04:15:00Z,2026-06-18T06:15:00+0200,23.7,MW,FR,FR,actual_offshore_wind_generation,Wind Offshore | Actual Aggregated,2026-06-27T15:47:42Z
2026-06-27T15:46:33Z,2026-06-27T17:46:33+0200,4e541c53-98a3-4782-9d6d-b4c701b81d28,2026-06-18T04:30:00Z,2026-06-18T06:30:00+0200,22.15,MW,FR,FR,actual_offshore_wind_generation,Wind Offshore | Actual Aggregated,2026-06-27T15:47:42Z
2026-06-27T15:46:33Z,2026-06-27T17:46:33+0200,4e541c53-98a3-4782-9d6d-b4c701b81d28,2026-06-18T04:45:00Z,2026-06-18T06:45:00+0200,17.59,MW,FR,FR,actual_offshore_wind_generation,Wind Offshore | Actual Aggregated,2026-06-27T15:47:42Z
2026-06-27T15:46:33Z,2026-06-27T17:46:33+0200,4e541c53-98a3-4782-9d6d-b4c701b81d28,2026-06-18T05:00:00Z,2026-06-18T07:00:00+0200,5.13,MW,FR,FR,actual_offshore_wind_generation,Wind Offshore | Actual Consumption,2026-06-27T15:47:42Z
2026-06-27T15:46:33Z,2026-06-27T17:46:33+0200,4e541c53-98a3-4782-9d6d-b4c701b81d28,2026-06-18T05:15:00Z,2026-06-18T07:15:00+0200,9.28,MW,FR,FR,actual_offshore_wind_generation,Wind Offshore | Actual Consumption,2026-06-27T15:47:42Z
2026-06-27T15:46:33Z,2026-06-27T17:46:33+0200,4e541c53-98a3-4782-9d6d-b4c701b81d28,2026-06-18T05:30:00Z,2026-06-18T07:30:00+0200,1.13,MW,FR,FR,actual_offshore_wind_generation,Wind Offshore | Actual Aggregated,2026-06-27T15:47:42Z
2026-06-27T15:46:33Z,2026-06-27T17:46:33+0200,4e541c53-98a3-4782-9d6d-b4c701b81d28,2026-06-18T05:45:00Z,2026-06-18T07:45:00+0200,13.3,MW,FR,FR,actual_offshore_wind_generation,Wind Offshore | Actual Aggregated,2026-06-27T15:47:42Z
2026-06-27T15:46:33Z,2026-06-27T17:46:33+0200,4e541c53-98a3-4782-9d6d-b4c701b81d28,2026-06-18T06:00:00Z,2026-06-18T08:00:00+0200,12.84,MW,FR,FR,actual_offshore_wind_generation,Wind Offshore | Actual Aggregated,2026-06-27T15:47:42Z
2026-06-27T15:46:33Z,2026-06-27T17:46:33+0200,4e541c53-98a3-4782-9d6d-b4c701b81d28,2026-06-18T06:15:00Z,2026-06-18T08:15:00+0200,18.66,MW,FR,FR,actual_offshore_wind_generation,Wind Offshore | Actual Aggregated,2026-06-27T15:47:42Z
2026-06-27T15:46:33Z,2026-06-27T17:46:33+0200,4e541c53-98a3-4782-9d6d-b4c701b81d28,2026-06-18T06:30:00Z,2026-06-18T08:30:00+0200,13.78,MW,FR,FR,actual_offshore_wind_generation,Wind Offshore | Actual Aggregated,2026-06-27T15:47:42Z
2026-06-27T15:46:33Z,2026-06-27T17:46:33+0200,4e541c53-98a3-4782-9d6d-b4c701b81d28,2026-06-18T06:45:00Z,2026-06-18T08:45:00+0200,6.82,MW,FR,FR,actual_offshore_wind_generation,Wind Offshore | Actual Aggregated,2026-06-27T15:47:42Z
2026-06-27T15:46:33Z,2026-06-27T17:46:33+0200,4e541c53-98a3-4782-9d6d-b4c701b81d28,2026-06-18T07:00:00Z,2026-06-18T09:00:00+0200,6.38,MW,FR,FR,actual_offshore_wind_generation,Wind Offshore | Actual Consumption,2026-06-27T15:47:42Z
2026-06-27T15:46:33Z,2026-06-27T17:46:33+0200,4e541c53-98a3-4782-9d6d-b4c701b81d28,2026-06-18T07:15:00Z,2026-06-18T09:15:00+0200,7.0,MW,FR,FR,actual_offshore_wind_generation,Wind Offshore | Actual Consumption,2026-06-27T15:47:42Z
2026-06-27T15:46:33Z,2026-06-27T17:46:33+0200,4e541c53-98a3-4782-9d6d-b4c701b81d28,2026-06-18T07:30:00Z,2026-06-18T09:30:00+0200,5.83,MW,FR,FR,actual_offshore_wind_generation,Wind Offshore | Actual Consumption,2026-06-27T15:47:42Z
2026-06-27T15:46:33Z,2026-06-27T17:46:33+0200,4e541c53-98a3-4782-9d6d-b4c701b81d28,2026-06-18T07:45:00Z,2026-06-18T09:45:00+0200,0.06,MW,FR,FR,actual_offshore_wind_generation,Wind Offshore | Actual Consumption,2026-06-27T15:47:42Z
2026-06-27T15:46:33Z,2026-06-27T17:46:33+0200,4e541c53-98a3-4782-9d6d-b4c701b81d28,2026-06-18T08:00:00Z,2026-06-18T10:00:00+0200,4.24,MW,FR,FR,actual_offshore_wind_generation,Wind Offshore | Actual Aggregated,2026-06-27T15:47:42Z
2026-06-27T15:46:33Z,2026-06-27T17:46:33+0200,4e541c53-98a3-4782-9d6d-b4c701b81d28,2026-06-18T08:15:00Z,2026-06-18T10:15:00+0200,4.27,MW,FR,FR,actual_offshore_wind_generation,Wind Offshore | Actual Aggregated,2026-06-27T15:47:42Z
2026-06-27T15:46:33Z,2026-06-27T17:46:33+0200,4e541c53-98a3-4782-9d6d-b4c701b81d28,2026-06-18T08:30:00Z,2026-06-18T10:30:00+0200,7.82,MW,FR,FR,actual_offshore_wind_generation,Wind Offshore | Actual Aggregated,2026-06-27T15:47:42Z
2026-06-27T15:46:33Z,2026-06-27T17:46:33+0200,4e541c53-98a3-4782-9d6d-b4c701b81d28,2026-06-18T08:45:00Z,2026-06-18T10:45:00+0200,18.3,MW,FR,FR,actual_offshore_wind_generation,Wind Offshore | Actual Aggregated,2026-06-27T15:47:42Z
2026-06-27T15:46:33Z,2026-06-27T17:46:33+0200,4e541c53-98a3-4782-9d6d-b4c701b81d28,2026-06-18T09:00:00Z,2026-06-18T11:00:00+0200,22.79,MW,FR,FR,actual_offshore_wind_generation,Wind Offshore | Actual Aggregated,2026-06-27T15:47:42Z
2026-06-27T15:46:33Z,2026-06-27T17:46:33+0200,4e541c53-98a3-4782-9d6d-b4c701b81d28,2026-06-18T09:15:00Z,2026-06-18T11:15:00+0200,33.81,MW,FR,FR,actual_offshore_wind_generation,Wind Offshore | Actual Aggregated,2026-06-27T15:47:42Z
2026-06-27T15:46:33Z,2026-06-27T17:46:33+0200,4e541c53-98a3-4782-9d6d-b4c701b81d28,2026-06-18T09:30:00Z,2026-06-18T11:30:00+0200,57.81,MW,FR,FR,actual_offshore_wind_generation,Wind Offshore | Actual Aggregated,2026-06-27T15:47:42Z
2026-06-27T15:46:33Z,2026-06-27T17:46:33+0200,4e541c53-98a3-4782-9d6d-b4c701b81d28,2026-06-18T09:45:00Z,2026-06-18T11:45:00+0200,46.0,MW,FR,FR,actual_offshore_wind_generation,Wind Offshore | Actual Aggregated,2026-06-27T15:47:42Z
2026-06-27T15:46:33Z,2026-06-27T17:46:33+0200,4e541c53-98a3-4782-9d6d-b4c701b81d28,2026-06-18T10:00:00Z,2026-06-18T12:00:00+0200,58.34,MW,FR,FR,actual_offshore_wind_generation,Wind Offshore | Actual Aggregated,2026-06-27T15:47:42Z
2026-06-27T15:46:33Z,2026-06-27T17:46:33+0200,4e541c53-98a3-4782-9d6d-b4c701b81d28,2026-06-18T10:15:00Z,2026-06-18T12:15:00+0200,59.6,MW,FR,FR,actual_offshore_wind_generation,Wind Offshore | Actual Aggregated,2026-06-27T15:47:42Z
2026-06-27T15:46:33Z,2026-06-27T17:46:33+0200,4e541c53-98a3-4782-9d6d-b4c701b81d28,2026-06-18T10:30:00Z,2026-06-18T12:30:00+0200,45.37,MW,FR,FR,actual_offshore_wind_generation,Wind Offshore | Actual Aggregated,2026-06-27T15:47:42Z
2026-06-27T15:46:33Z,2026-06-27T17:46:33+0200,4e541c53-98a3-4782-9d6d-b4c701b81d28,2026-06-18T10:45:00Z,2026-06-18T12:45:00+0200,40.92,MW,FR,FR,actual_offshore_wind_generation,Wind Offshore | Actual Aggregated,2026-06-27T15:47:42Z
2026-06-27T15:46:33Z,2026-06-27T17:46:33+0200,4e541c53-98a3-4782-9d6d-b4c701b81d28,2026-06-18T11:00:00Z,2026-06-18T13:00:00+0200,50.14,MW,FR,FR,actual_offshore_wind_generation,Wind Offshore | Actual Aggregated,2026-06-27T15:47:42Z
2026-06-27T15:46:33Z,2026-06-27T17:46:33+0200,4e541c53-98a3-4782-9d6d-b4c701b81d28,2026-06-18T11:15:00Z,2026-06-18T13:15:00+0200,44.1,MW,FR,FR,actual_offshore_wind_generation,Wind Offshore | Actual Aggregated,2026-06-27T15:47:42Z
2026-06-27T15:46:33Z,2026-06-27T17:46:33+0200,4e541c53-98a3-4782-9d6d-b4c701b81d28,2026-06-18T11:30:00Z,2026-06-18T13:30:00+0200,34.43,MW,FR,FR,actual_offshore_wind_generation,Wind Offshore | Actual Aggregated,2026-06-27T15:47:42Z
2026-06-27T15:46:33Z,2026-06-27T17:46:33+0200,4e541c53-98a3-4782-9d6d-b4c701b81d28,2026-06-18T11:45:00Z,2026-06-18T13:45:00+0200,32.05,MW,FR,FR,actual_offshore_wind_generation,Wind Offshore | Actual Aggregated,2026-06-27T15:47:42Z
2026-06-27T15:46:33Z,2026-06-27T17:46:33+0200,4e541c53-98a3-4782-9d6d-b4c701b81d28,2026-06-18T12:00:00Z,2026-06-18T14:00:00+0200,35.17,MW,FR,FR,actual_offshore_wind_generation,Wind Offshore | Actual Aggregated,2026-06-27T15:47:42Z
2026-06-27T15:46:33Z,2026-06-27T17:46:33+0200,4e541c53-98a3-4782-9d6d-b4c701b81d28,2026-06-18T12:15:00Z,2026-06-18T14:15:00+0200,8.85,MW,FR,FR,actual_offshore_wind_generation,Wind Offshore | Actual Aggregated,2026-06-27T15:47:42Z
2026-06-27T15:46:33Z,2026-06-27T17:46:33+0200,4e541c53-98a3-4782-9d6d-b4c701b81d28,2026-06-18T12:30:00Z,2026-06-18T14:30:00+0200,7.09,MW,FR,FR,actual_offshore_wind_generation,Wind Offshore | Actual Aggregated,2026-06-27T15:47:42Z
2026-06-27T15:46:33Z,2026-06-27T17:46:33+0200,4e541c53-98a3-4782-9d6d-b4c701b81d28,2026-06-18T12:45:00Z,2026-06-18T14:45:00+0200,19.16,MW,FR,FR,actual_offshore_wind_generation,Wind Offshore | Actual Aggregated,2026-06-27T15:47:42Z
2026-06-27T15:46:33Z,2026-06-27T17:46:33+0200,4e541c53-98a3-4782-9d6d-b4c701b81d28,2026-06-18T13:00:00Z,2026-06-18T15:00:00+0200,31.04,MW,FR,FR,actual_offshore_wind_generation,Wind Offshore | Actual Aggregated,2026-06-27T15:47:42Z
2026-06-27T15:46:33Z,2026-06-27T17:46:33+0200,4e541c53-98a3-4782-9d6d-b4c701b81d28,2026-06-18T13:15:00Z,2026-06-18T15:15:00+0200,41.85,MW,FR,FR,actual_offshore_wind_generation,Wind Offshore | Actual Aggregated,2026-06-27T15:47:42Z
2026-06-27T15:46:33Z,2026-06-27T17:46:33+0200,4e541c53-98a3-4782-9d6d-b4c701b81d28,2026-06-18T13:30:00Z,2026-06-18T15:30:00+0200,46.19,MW,FR,FR,actual_offshore_wind_generation,Wind Offshore | Actual Aggregated,2026-06-27T15:47:42Z
2026-06-27T15:46:33Z,2026-06-27T17:46:33+0200,4e541c53-98a3-4782-9d6d-b4c701b81d28,2026-06-18T13:45:00Z,2026-06-18T15:45:00+0200,52.92,MW,FR,FR,actual_offshore_wind_generation,Wind Offshore | Actual Aggregated,2026-06-27T15:47:42Z
2026-06-27T15:46:33Z,2026-06-27T17:46:33+0200,4e541c53-98a3-4782-9d6d-b4c701b81d28,2026-06-18T14:00:00Z,2026-06-18T16:00:00+0200,48.88,MW,FR,FR,actual_offshore_wind_generation,Wind Offshore | Actual Aggregated,2026-06-27T15:47:42Z
2026-06-27T15:46:33Z,2026-06-27T17:46:33+0200,4e541c53-98a3-4782-9d6d-b4c701b81d28,2026-06-18T14:15:00Z,2026-06-18T16:15:00+0200,54.63,MW,FR,FR,actual_offshore_wind_generation,Wind Offshore | Actual Aggregated,2026-06-27T15:47:42Z
2026-06-27T15:46:33Z,2026-06-27T17:46:33+0200,4e541c53-98a3-4782-9d6d-b4c701b81d28,2026-06-18T14:30:00Z,2026-06-18T16:30:00+0200,50.77,MW,FR,FR,actual_offshore_wind_generation,Wind Offshore | Actual Aggregated,2026-06-27T15:47:42Z
2026-06-27T15:46:33Z,2026-06-27T17:46:33+0200,4e541c53-98a3-4782-9d6d-b4c701b81d28,2026-06-18T14:45:00Z,2026-06-18T16:45:00+0200,62.72,MW,FR,FR,actual_offshore_wind_generation,Wind Offshore | Actual Aggregated,2026-06-27T15:47:42Z
2026-06-27T15:46:33Z,2026-06-27T17:46:33+0200,4e541c53-98a3-4782-9d6d-b4c701b81d28,2026-06-18T15:00:00Z,2026-06-18T17:00:00+0200,100.34,MW,FR,FR,actual_offshore_wind_generation,Wind Offshore | Actual Aggregated,2026-06-27T15:47:42Z
2026-06-27T15:46:33Z,2026-06-27T17:46:33+0200,4e541c53-98a3-4782-9d6d-b4c701b81d28,2026-06-18T15:15:00Z,2026-06-18T17:15:00+0200,128.36,MW,FR,FR,actual_offshore_wind_generation,Wind Offshore | Actual Aggregated,2026-06-27T15:47:42Z
2026-06-27T15:46:33Z,2026-06-27T17:46:33+0200,4e541c53-98a3-4782-9d6d-b4c701b81d28,2026-06-18T15:30:00Z,2026-06-18T17:30:00+0200,139.55,MW,FR,FR,actual_offshore_wind_generation,Wind Offshore | Actual Aggregated,2026-06-27T15:47:42Z
2026-06-27T15:46:33Z,2026-06-27T17:46:33+0200,4e541c53-98a3-4782-9d6d-b4c701b81d28,2026-06-18T15:45:00Z,2026-06-18T17:45:00+0200,122.68,MW,FR,FR,actual_offshore_wind_generation,Wind Offshore | Actual Aggregated,2026-06-27T15:47:42Z
2026-06-27T15:46:33Z,2026-06-27T17:46:33+0200,4e541c53-98a3-4782-9d6d-b4c701b81d28,2026-06-18T16:00:00Z,2026-06-18T18:00:00+0200,104.5,MW,FR,FR,actual_offshore_wind_generation,Wind Offshore | Actual Aggregated,2026-06-27T15:47:42Z
2026-06-27T15:46:33Z,2026-06-27T17:46:33+0200,4e541c53-98a3-4782-9d6d-b4c701b81d28,2026-06-18T16:15:00Z,2026-06-18T18:15:00+0200,86.97,MW,FR,FR,actual_offshore_wind_generation,Wind Offshore | Actual Aggregated,2026-06-27T15:47:42Z
2026-06-27T15:46:33Z,2026-06-27T17:46:33+0200,4e541c53-98a3-4782-9d6d-b4c701b81d28,2026-06-18T16:30:00Z,2026-06-18T18:30:00+0200,104.14,MW,FR,FR,actual_offshore_wind_generation,Wind Offshore | Actual Aggregated,2026-06-27T15:47:42Z
2026-06-27T15:46:33Z,2026-06-27T17:46:33+0200,4e541c53-98a3-4782-9d6d-b4c701b81d28,2026-06-18T16:45:00Z,2026-06-18T18:45:00+0200,123.25,MW,FR,FR,actual_offshore_wind_generation,Wind Offshore | Actual Aggregated,2026-06-27T15:47:42Z
2026-06-27T15:46:33Z,2026-06-27T17:46:33+0200,4e541c53-98a3-4782-9d6d-b4c701b81d28,2026-06-18T17:00:00Z,2026-06-18T19:00:00+0200,152.94,MW,FR,FR,actual_offshore_wind_generation,Wind Offshore | Actual Aggregated,2026-06-27T15:47:42Z
2026-06-27T15:46:33Z,2026-06-27T17:46:33+0200,4e541c53-98a3-4782-9d6d-b4c701b81d28,2026-06-18T17:15:00Z,2026-06-18T19:15:00+0200,139.72,MW,FR,FR,actual_offshore_wind_generation,Wind Offshore | Actual Aggregated,2026-06-27T15:47:42Z
2026-06-27T15:46:33Z,2026-06-27T17:46:33+0200,4e541c53-98a3-4782-9d6d-b4c701b81d28,2026-06-18T17:30:00Z,2026-06-18T19:30:00+0200,139.87,MW,FR,FR,actual_offshore_wind_generation,Wind Offshore | Actual Aggregated,2026-06-27T15:47:42Z
2026-06-27T15:46:33Z,2026-06-27T17:46:33+0200,4e541c53-98a3-4782-9d6d-b4c701b81d28,2026-06-18T17:45:00Z,2026-06-18T19:45:00+0200,121.68,MW,FR,FR,actual_offshore_wind_generation,Wind Offshore | Actual Aggregated,2026-06-27T15:47:42Z
2026-06-27T15:46:33Z,2026-06-27T17:46:33+0200,4e541c53-98a3-4782-9d6d-b4c701b81d28,2026-06-18T18:00:00Z,2026-06-18T20:00:00+0200,126.67,MW,FR,FR,actual_offshore_wind_generation,Wind Offshore | Actual Aggregated,2026-06-27T15:47:42Z
2026-06-27T15:46:33Z,2026-06-27T17:46:33+0200,4e541c53-98a3-4782-9d6d-b4c701b81d28,2026-06-18T18:15:00Z,2026-06-18T20:15:00+0200,118.35,MW,FR,FR,actual_offshore_wind_generation,Wind Offshore | Actual Aggregated,2026-06-27T15:47:42Z
2026-06-27T15:46:33Z,2026-06-27T17:46:33+0200,4e541c53-98a3-4782-9d6d-b4c701b81d28,2026-06-18T18:30:00Z,2026-06-18T20:30:00+0200,127.19,MW,FR,FR,actual_offshore_wind_generation,Wind Offshore | Actual Aggregated,2026-06-27T15:47:42Z
2026-06-27T15:46:33Z,2026-06-27T17:46:33+0200,4e541c53-98a3-4782-9d6d-b4c701b81d28,2026-06-18T18:45:00Z,2026-06-18T20:45:00+0200,137.16,MW,FR,FR,actual_offshore_wind_generation,Wind Offshore | Actual Aggregated,2026-06-27T15:47:42Z
2026-06-27T15:46:33Z,2026-06-27T17:46:33+0200,4e541c53-98a3-4782-9d6d-b4c701b81d28,2026-06-18T19:00:00Z,2026-06-18T21:00:00+0200,120.62,MW,FR,FR,actual_offshore_wind_generation,Wind Offshore | Actual Aggregated,2026-06-27T15:47:42Z
2026-06-27T15:46:33Z,2026-06-27T17:46:33+0200,4e541c53-98a3-4782-9d6d-b4c701b81d28,2026-06-18T19:15:00Z,2026-06-18T21:15:00+0200,138.98,MW,FR,FR,actual_offshore_wind_generation,Wind Offshore | Actual Aggregated,2026-06-27T15:47:42Z
2026-06-27T15:46:33Z,2026-06-27T17:46:33+0200,4e541c53-98a3-4782-9d6d-b4c701b81d28,2026-06-18T19:30:00Z,2026-06-18T21:30:00+0200,124.72,MW,FR,FR,actual_offshore_wind_generation,Wind Offshore | Actual Aggregated,2026-06-27T15:47:42Z
2026-06-27T15:46:33Z,2026-06-27T17:46:33+0200,4e541c53-98a3-4782-9d6d-b4c701b81d28,2026-06-18T19:45:00Z,2026-06-18T21:45:00+0200,110.6,MW,FR,FR,actual_offshore_wind_generation,Wind Offshore | Actual Aggregated,2026-06-27T15:47:42Z
2026-06-27T15:46:33Z,2026-06-27T17:46:33+0200,4e541c53-98a3-4782-9d6d-b4c701b81d28,2026-06-18T20:00:00Z,2026-06-18T22:00:00+0200,99.03,MW,FR,FR,actual_offshore_wind_generation,Wind Offshore | Actual Aggregated,2026-06-27T15:47:42Z
2026-06-27T15:46:33Z,2026-06-27T17:46:33+0200,4e541c53-98a3-4782-9d6d-b4c701b81d28,2026-06-18T20:15:00Z,2026-06-18T22:15:00+0200,103.3,MW,FR,FR,actual_offshore_wind_generation,Wind Offshore | Actual Aggregated,2026-06-27T15:47:42Z
2026-06-27T15:46:33Z,2026-06-27T17:46:33+0200,4e541c53-98a3-4782-9d6d-b4c701b81d28,2026-06-18T20:30:00Z,2026-06-18T22:30:00+0200,109.18,MW,FR,FR,actual_offshore_wind_generation,Wind Offshore | Actual Aggregated,2026-06-27T15:47:42Z
2026-06-27T15:46:33Z,2026-06-27T17:46:33+0200,4e541c53-98a3-4782-9d6d-b4c701b81d28,2026-06-18T20:45:00Z,2026-06-18T22:45:00+0200,108.43,MW,FR,FR,actual_offshore_wind_generation,Wind Offshore | Actual Aggregated,2026-06-27T15:47:42Z
2026-06-27T15:46:33Z,2026-06-27T17:46:33+0200,4e541c53-98a3-4782-9d6d-b4c701b81d28,2026-06-18T21:00:00Z,2026-06-18T23:00:00+0200,126.82,MW,FR,FR,actual_offshore_wind_generation,Wind Offshore | Actual Aggregated,2026-06-27T15:47:42Z
2026-06-27T15:46:33Z,2026-06-27T17:46:33+0200,4e541c53-98a3-4782-9d6d-b4c701b81d28,2026-06-18T21:15:00Z,2026-06-18T23:15:00+0200,145.35,MW,FR,FR,actual_offshore_wind_generation,Wind Offshore | Actual Aggregated,2026-06-27T15:47:42Z
2026-06-27T15:46:33Z,2026-06-27T17:46:33+0200,4e541c53-98a3-4782-9d6d-b4c701b81d28,2026-06-18T21:30:00Z,2026-06-18T23:30:00+0200,205.56,MW,FR,FR,actual_offshore_wind_generation,Wind Offshore | Actual Aggregated,2026-06-27T15:47:42Z
2026-06-27T15:46:33Z,2026-06-27T17:46:33+0200,4e541c53-98a3-4782-9d6d-b4c701b81d28,2026-06-18T21:45:00Z,2026-06-18T23:45:00+0200,228.79,MW,FR,FR,actual_offshore_wind_generation,Wind Offshore | Actual Aggregated,2026-06-27T15:47:42Z
2026-06-27T15:46:33Z,2026-06-27T17:46:33+0200,4e541c53-98a3-4782-9d6d-b4c701b81d28,2026-06-18T22:00:00Z,2026-06-19T00:00:00+0200,212.25,MW,FR,FR,actual_offshore_wind_generation,Wind Offshore | Actual Aggregated,2026-06-27T15:47:42Z
2026-06-27T15:46:33Z,2026-06-27T17:46:33+0200,4e541c53-98a3-4782-9d6d-b4c701b81d28,2026-06-18T22:15:00Z,2026-06-19T00:15:00+0200,217.59,MW,FR,FR,actual_offshore_wind_generation,Wind Offshore | Actual Aggregated,2026-06-27T15:47:42Z
2026-06-27T15:46:33Z,2026-06-27T17:46:33+0200,4e541c53-98a3-4782-9d6d-b4c701b81d28,2026-06-18T22:30:00Z,2026-06-19T00:30:00+0200,166.99,MW,FR,FR,actual_offshore_wind_generation,Wind Offshore | Actual Aggregated,2026-06-27T15:47:42Z
2026-06-27T15:46:33Z,2026-06-27T17:46:33+0200,4e541c53-98a3-4782-9d6d-b4c701b81d28,2026-06-18T22:45:00Z,2026-06-19T00:45:00+0200,153.04,MW,FR,FR,actual_offshore_wind_generation,Wind Offshore | Actual Aggregated,2026-06-27T15:47:42Z
2026-06-27T15:46:33Z,2026-06-27T17:46:33+0200,4e541c53-98a3-4782-9d6d-b4c701b81d28,2026-06-18T23:00:00Z,2026-06-19T01:00:00+0200,172.3,MW,FR,FR,actual_offshore_wind_generation,Wind Offshore | Actual Aggregated,2026-06-27T15:47:42Z
2026-06-27T15:46:33Z,2026-06-27T17:46:33+0200,4e541c53-98a3-4782-9d6d-b4c701b81d28,2026-06-18T23:15:00Z,2026-06-19T01:15:00+0200,178.12,MW,FR,FR,actual_offshore_wind_generation,Wind Offshore | Actual Aggregated,2026-06-27T15:47:42Z
2026-06-27T15:46:33Z,2026-06-27T17:46:33+0200,4e541c53-98a3-4782-9d6d-b4c701b81d28,2026-06-18T23:30:00Z,2026-06-19T01:30:00+0200,193.89,MW,FR,FR,actual_offshore_wind_generation,Wind Offshore | Actual Aggregated,2026-06-27T15:47:42Z
2026-06-27T15:46:33Z,2026-06-27T17:46:33+0200,4e541c53-98a3-4782-9d6d-b4c701b81d28,2026-06-18T23:45:00Z,2026-06-19T01:45:00+0200,172.03,MW,FR,FR,actual_offshore_wind_generation,Wind Offshore | Actual Aggregated,2026-06-27T15:47:42Z
2026-06-27T15:46:33Z,2026-06-27T17:46:33+0200,4e541c53-98a3-4782-9d6d-b4c701b81d28,2026-06-19T00:00:00Z,2026-06-19T02:00:00+0200,161.62,MW,FR,FR,actual_offshore_wind_generation,Wind Offshore | Actual Aggregated,2026-06-27T15:47:42Z
2026-06-27T15:46:33Z,2026-06-27T17:46:33+0200,4e541c53-98a3-4782-9d6d-b4c701b81d28,2026-06-19T00:15:00Z,2026-06-19T02:15:00+0200,159.65,MW,FR,FR,actual_offshore_wind_generation,Wind Offshore | Actual Aggregated,2026-06-27T15:47:42Z
2026-06-27T15:46:33Z,2026-06-27T17:46:33+0200,4e541c53-98a3-4782-9d6d-b4c701b81d28,2026-06-19T00:30:00Z,2026-06-19T02:30:00+0200,158.84,MW,FR,FR,actual_offshore_wind_generation,Wind Offshore | Actual Aggregated,2026-06-27T15:47:42Z
2026-06-27T15:46:33Z,2026-06-27T17:46:33+0200,4e541c53-98a3-4782-9d6d-b4c701b81d28,2026-06-19T00:45:00Z,2026-06-19T02:45:00+0200,165.41,MW,FR,FR,actual_offshore_wind_generation,Wind Offshore | Actual Aggregated,2026-06-27T15:47:42Z
2026-06-27T15:46:33Z,2026-06-27T17:46:33+0200,4e541c53-98a3-4782-9d6d-b4c701b81d28,2026-06-19T01:00:00Z,2026-06-19T03:00:00+0200,157.74,MW,FR,FR,actual_offshore_wind_generation,Wind Offshore | Actual Aggregated,2026-06-27T15:47:42Z
2026-06-27T15:46:33Z,2026-06-27T17:46:33+0200,4e541c53-98a3-4782-9d6d-b4c701b81d28,2026-06-19T01:15:00Z,2026-06-19T03:15:00+0200,146.44,MW,FR,FR,actual_offshore_wind_generation,Wind Offshore | Actual Aggregated,2026-06-27T15:47:42Z
2026-06-27T15:46:33Z,2026-06-27T17:46:33+0200,4e541c53-98a3-4782-9d6d-b4c701b81d28,2026-06-19T01:30:00Z,2026-06-19T03:30:00+0200,131.17,MW,FR,FR,actual_offshore_wind_generation,Wind Offshore | Actual Aggregated,2026-06-27T15:47:42Z
2026-06-27T15:46:33Z,2026-06-27T17:46:33+0200,4e541c53-98a3-4782-9d6d-b4c701b81d28,2026-06-19T01:45:00Z,2026-06-19T03:45:00+0200,103.66,MW,FR,FR,actual_offshore_wind_generation,Wind Offshore | Actual Aggregated,2026-06-27T15:47:42Z
2026-06-27T15:46:33Z,2026-06-27T17:46:33+0200,4e541c53-98a3-4782-9d6d-b4c701b81d28,2026-06-19T02:00:00Z,2026-06-19T04:00:00+0200,93.99,MW,FR,FR,actual_offshore_wind_generation,Wind Offshore | Actual Aggregated,2026-06-27T15:47:42Z
2026-06-27T15:46:33Z,2026-06-27T17:46:33+0200,4e541c53-98a3-4782-9d6d-b4c701b81d28,2026-06-19T02:15:00Z,2026-06-19T04:15:00+0200,77.38,MW,FR,FR,actual_offshore_wind_generation,Wind Offshore | Actual Aggregated,2026-06-27T15:47:42Z
2026-06-27T15:46:33Z,2026-06-27T17:46:33+0200,4e541c53-98a3-4782-9d6d-b4c701b81d28,2026-06-19T02:30:00Z,2026-06-19T04:30:00+0200,58.66,MW,FR,FR,actual_offshore_wind_generation,Wind Offshore | Actual Aggregated,2026-06-27T15:47:42Z
2026-06-27T15:46:33Z,2026-06-27T17:46:33+0200,4e541c53-98a3-4782-9d6d-b4c701b81d28,2026-06-19T02:45:00Z,2026-06-19T04:45:00+0200,48.6,MW,FR,FR,actual_offshore_wind_generation,Wind Offshore | Actual Aggregated,2026-06-27T15:47:42Z
2026-06-27T15:46:33Z,2026-06-27T17:46:33+0200,4e541c53-98a3-4782-9d6d-b4c701b81d28,2026-06-19T03:00:00Z,2026-06-19T05:00:00+0200,44.04,MW,FR,FR,actual_offshore_wind_generation,Wind Offshore | Actual Aggregated,2026-06-27T15:47:42Z
2026-06-27T15:46:33Z,2026-06-27T17:46:33+0200,4e541c53-98a3-4782-9d6d-b4c701b81d28,2026-06-19T03:15:00Z,2026-06-19T05:15:00+0200,33.71,MW,FR,FR,actual_offshore_wind_generation,Wind Offshore | Actual Aggregated,2026-06-27T15:47:42Z
2026-06-27T15:46:33Z,2026-06-27T17:46:33+0200,4e541c53-98a3-4782-9d6d-b4c701b81d28,2026-06-19T03:30:00Z,2026-06-19T05:30:00+0200,26.83,MW,FR,FR,actual_offshore_wind_generation,Wind Offshore | Actual Aggregated,2026-06-27T15:47:42Z
2026-06-27T15:46:33Z,2026-06-27T17:46:33+0200,4e541c53-98a3-4782-9d6d-b4c701b81d28,2026-06-19T03:45:00Z,2026-06-19T05:45:00+0200,29.66,MW,FR,FR,actual_offshore_wind_generation,Wind Offshore | Actual Aggregated,2026-06-27T15:47:42Z
2026-06-27T15:46:33Z,2026-06-27T17:46:33+0200,4e541c53-98a3-4782-9d6d-b4c701b81d28,2026-06-19T04:00:00Z,2026-06-19T06:00:00+0200,34.19,MW,FR,FR,actual_offshore_wind_generation,Wind Offshore | Actual Aggregated,2026-06-27T15:47:42Z
2026-06-27T15:46:33Z,2026-06-27T17:46:33+0200,4e541c53-98a3-4782-9d6d-b4c701b81d28,2026-06-19T04:15:00Z,2026-06-19T06:15:00+0200,47.44,MW,FR,FR,actual_offshore_wind_generation,Wind Offshore | Actual Aggregated,2026-06-27T15:47:42Z
2026-06-27T15:46:33Z,2026-06-27T17:46:33+0200,4e541c53-98a3-4782-9d6d-b4c701b81d28,2026-06-19T04:30:00Z,2026-06-19T06:30:00+0200,57.17,MW,FR,FR,actual_offshore_wind_generation,Wind Offshore | Actual Aggregated,2026-06-27T15:47:42Z
2026-06-27T15:46:33Z,2026-06-27T17:46:33+0200,4e541c53-98a3-4782-9d6d-b4c701b81d28,2026-06-19T04:45:00Z,2026-06-19T06:45:00+0200,71.2,MW,FR,FR,actual_offshore_wind_generation,Wind Offshore | Actual Aggregated,2026-06-27T15:47:42Z
2026-06-27T15:46:33Z,2026-06-27T17:46:33+0200,4e541c53-98a3-4782-9d6d-b4c701b81d28,2026-06-19T05:00:00Z,2026-06-19T07:00:00+0200,96.11,MW,FR,FR,actual_offshore_wind_generation,Wind Offshore | Actual Aggregated,2026-06-27T15:47:42Z
2026-06-27T15:46:33Z,2026-06-27T17:46:33+0200,4e541c53-98a3-4782-9d6d-b4c701b81d28,2026-06-19T05:15:00Z,2026-06-19T07:15:00+0200,100.47,MW,FR,FR,actual_offshore_wind_generation,Wind Offshore | Actual Aggregated,2026-06-27T15:47:42Z
2026-06-27T15:46:33Z,2026-06-27T17:46:33+0200,4e541c53-98a3-4782-9d6d-b4c701b81d28,2026-06-19T05:30:00Z,2026-06-19T07:30:00+0200,119.39,MW,FR,FR,actual_offshore_wind_generation,Wind Offshore | Actual Aggregated,2026-06-27T15:47:42Z
2026-06-27T15:46:33Z,2026-06-27T17:46:33+0200,4e541c53-98a3-4782-9d6d-b4c701b81d28,2026-06-19T05:45:00Z,2026-06-19T07:45:00+0200,187.62,MW,FR,FR,actual_offshore_wind_generation,Wind Offshore | Actual Aggregated,2026-06-27T15:47:42Z
2026-06-27T15:46:33Z,2026-06-27T17:46:33+0200,4e541c53-98a3-4782-9d6d-b4c701b81d28,2026-06-19T06:00:00Z,2026-06-19T08:00:00+0200,239.83,MW,FR,FR,actual_offshore_wind_generation,Wind Offshore | Actual Aggregated,2026-06-27T15:47:42Z
2026-06-27T15:46:33Z,2026-06-27T17:46:33+0200,4e541c53-98a3-4782-9d6d-b4c701b81d28,2026-06-19T06:15:00Z,2026-06-19T08:15:00+0200,202.36,MW,FR,FR,actual_offshore_wind_generation,Wind Offshore | Actual Aggregated,2026-06-27T15:47:42Z
2026-06-27T15:46:33Z,2026-06-27T17:46:33+0200,4e541c53-98a3-4782-9d6d-b4c701b81d28,2026-06-19T06:30:00Z,2026-06-19T08:30:00+0200,195.74,MW,FR,FR,actual_offshore_wind_generation,Wind Offshore | Actual Aggregated,2026-06-27T15:47:42Z
2026-06-27T15:46:33Z,2026-06-27T17:46:33+0200,4e541c53-98a3-4782-9d6d-b4c701b81d28,2026-06-19T06:45:00Z,2026-06-19T08:45:00+0200,177.97,MW,FR,FR,actual_offshore_wind_generation,Wind Offshore | Actual Aggregated,2026-06-27T15:47:42Z
2026-06-27T15:46:33Z,2026-06-27T17:46:33+0200,4e541c53-98a3-4782-9d6d-b4c701b81d28,2026-06-19T07:00:00Z,2026-06-19T09:00:00+0200,158.83,MW,FR,FR,actual_offshore_wind_generation,Wind Offshore | Actual Aggregated,2026-06-27T15:47:42Z
2026-06-27T15:46:33Z,2026-06-27T17:46:33+0200,4e541c53-98a3-4782-9d6d-b4c701b81d28,2026-06-19T07:15:00Z,2026-06-19T09:15:00+0200,125.34,MW,FR,FR,actual_offshore_wind_generation,Wind Offshore | Actual Aggregated,2026-06-27T15:47:42Z
2026-06-27T15:46:33Z,2026-06-27T17:46:33+0200,4e541c53-98a3-4782-9d6d-b4c701b81d28,2026-06-19T07:30:00Z,2026-06-19T09:30:00+0200,132.0,MW,FR,FR,actual_offshore_wind_generation,Wind Offshore | Actual Aggregated,2026-06-27T15:47:42Z
2026-06-27T15:46:33Z,2026-06-27T17:46:33+0200,4e541c53-98a3-4782-9d6d-b4c701b81d28,2026-06-19T07:45:00Z,2026-06-19T09:45:00+0200,85.07,MW,FR,FR,actual_offshore_wind_generation,Wind Offshore | Actual Aggregated,2026-06-27T15:47:42Z
2026-06-27T15:46:33Z,2026-06-27T17:46:33+0200,4e541c53-98a3-4782-9d6d-b4c701b81d28,2026-06-19T08:00:00Z,2026-06-19T10:00:00+0200,64.91,MW,FR,FR,actual_offshore_wind_generation,Wind Offshore | Actual Aggregated,2026-06-27T15:47:42Z
2026-06-27T15:46:33Z,2026-06-27T17:46:33+0200,4e541c53-98a3-4782-9d6d-b4c701b81d28,2026-06-19T08:15:00Z,2026-06-19T10:15:00+0200,60.51,MW,FR,FR,actual_offshore_wind_generation,Wind Offshore | Actual Aggregated,2026-06-27T15:47:42Z
2026-06-27T15:46:33Z,2026-06-27T17:46:33+0200,4e541c53-98a3-4782-9d6d-b4c701b81d28,2026-06-19T08:30:00Z,2026-06-19T10:30:00+0200,38.79,MW,FR,FR,actual_offshore_wind_generation,Wind Offshore | Actual Aggregated,2026-06-27T15:47:42Z
2026-06-27T15:46:33Z,2026-06-27T17:46:33+0200,4e541c53-98a3-4782-9d6d-b4c701b81d28,2026-06-19T08:45:00Z,2026-06-19T10:45:00+0200,47.6,MW,FR,FR,actual_offshore_wind_generation,Wind Offshore | Actual Aggregated,2026-06-27T15:47:42Z
2026-06-27T15:46:33Z,2026-06-27T17:46:33+0200,4e541c53-98a3-4782-9d6d-b4c701b81d28,2026-06-19T09:00:00Z,2026-06-19T11:00:00+0200,44.82,MW,FR,FR,actual_offshore_wind_generation,Wind Offshore | Actual Aggregated,2026-06-27T15:47:42Z
2026-06-27T15:46:33Z,2026-06-27T17:46:33+0200,4e541c53-98a3-4782-9d6d-b4c701b81d28,2026-06-19T09:15:00Z,2026-06-19T11:15:00+0200,45.13,MW,FR,FR,actual_offshore_wind_generation,Wind Offshore | Actual Aggregated,2026-06-27T15:47:42Z
2026-06-27T15:46:33Z,2026-06-27T17:46:33+0200,4e541c53-98a3-4782-9d6d-b4c701b81d28,2026-06-19T09:30:00Z,2026-06-19T11:30:00+0200,32.55,MW,FR,FR,actual_offshore_wind_generation,Wind Offshore | Actual Aggregated,2026-06-27T15:47:42Z
2026-06-27T15:46:33Z,2026-06-27T17:46:33+0200,4e541c53-98a3-4782-9d6d-b4c701b81d28,2026-06-19T09:45:00Z,2026-06-19T11:45:00+0200,31.32,MW,FR,FR,actual_offshore_wind_generation,Wind Offshore | Actual Aggregated,2026-06-27T15:47:42Z
2026-06-27T15:46:33Z,2026-06-27T17:46:33+0200,4e541c53-98a3-4782-9d6d-b4c701b81d28,2026-06-19T10:00:00Z,2026-06-19T12:00:00+0200,25.34,MW,FR,FR,actual_offshore_wind_generation,Wind Offshore | Actual Aggregated,2026-06-27T15:47:42Z
2026-06-27T15:46:33Z,2026-06-27T17:46:33+0200,4e541c53-98a3-4782-9d6d-b4c701b81d28,2026-06-19T10:15:00Z,2026-06-19T12:15:00+0200,28.04,MW,FR,FR,actual_offshore_wind_generation,Wind Offshore | Actual Aggregated,2026-06-27T15:47:42Z
2026-06-27T15:46:33Z,2026-06-27T17:46:33+0200,4e541c53-98a3-4782-9d6d-b4c701b81d28,2026-06-19T10:30:00Z,2026-06-19T12:30:00+0200,46.45,MW,FR,FR,actual_offshore_wind_generation,Wind Offshore | Actual Aggregated,2026-06-27T15:47:42Z
2026-06-27T15:46:33Z,2026-06-27T17:46:33+0200,4e541c53-98a3-4782-9d6d-b4c701b81d28,2026-06-19T10:45:00Z,2026-06-19T12:45:00+0200,65.57,MW,FR,FR,actual_offshore_wind_generation,Wind Offshore | Actual Aggregated,2026-06-27T15:47:42Z
2026-06-27T15:46:33Z,2026-06-27T17:46:33+0200,4e541c53-98a3-4782-9d6d-b4c701b81d28,2026-06-19T11:00:00Z,2026-06-19T13:00:00+0200,65.83,MW,FR,FR,actual_offshore_wind_generation,Wind Offshore | Actual Aggregated,2026-06-27T15:47:42Z
2026-06-27T15:46:33Z,2026-06-27T17:46:33+0200,4e541c53-98a3-4782-9d6d-b4c701b81d28,2026-06-19T11:15:00Z,2026-06-19T13:15:00+0200,56.99,MW,FR,FR,actual_offshore_wind_generation,Wind Offshore | Actual Aggregated,2026-06-27T15:47:42Z
2026-06-27T15:46:33Z,2026-06-27T17:46:33+0200,4e541c53-98a3-4782-9d6d-b4c701b81d28,2026-06-19T11:30:00Z,2026-06-19T13:30:00+0200,52.05,MW,FR,FR,actual_offshore_wind_generation,Wind Offshore | Actual Aggregated,2026-06-27T15:47:42Z
2026-06-27T15:46:33Z,2026-06-27T17:46:33+0200,4e541c53-98a3-4782-9d6d-b4c701b81d28,2026-06-19T11:45:00Z,2026-06-19T13:45:00+0200,57.53,MW,FR,FR,actual_offshore_wind_generation,Wind Offshore | Actual Aggregated,2026-06-27T15:47:42Z
2026-06-27T15:46:33Z,2026-06-27T17:46:33+0200,4e541c53-98a3-4782-9d6d-b4c701b81d28,2026-06-19T12:00:00Z,2026-06-19T14:00:00+0200,62.7,MW,FR,FR,actual_offshore_wind_generation,Wind Offshore | Actual Aggregated,2026-06-27T15:47:42Z
2026-06-27T15:46:33Z,2026-06-27T17:46:33+0200,4e541c53-98a3-4782-9d6d-b4c701b81d28,2026-06-19T12:15:00Z,2026-06-19T14:15:00+0200,88.34,MW,FR,FR,actual_offshore_wind_generation,Wind Offshore | Actual Aggregated,2026-06-27T15:47:42Z
2026-06-27T15:46:33Z,2026-06-27T17:46:33+0200,4e541c53-98a3-4782-9d6d-b4c701b81d28,2026-06-19T12:30:00Z,2026-06-19T14:30:00+0200,56.48,MW,FR,FR,actual_offshore_wind_generation,Wind Offshore | Actual Aggregated,2026-06-27T15:47:42Z
2026-06-27T15:46:33Z,2026-06-27T17:46:33+0200,4e541c53-98a3-4782-9d6d-b4c701b81d28,2026-06-19T12:45:00Z,2026-06-19T14:45:00+0200,77.23,MW,FR,FR,actual_offshore_wind_generation,Wind Offshore | Actual Aggregated,2026-06-27T15:47:42Z
2026-06-27T15:46:33Z,2026-06-27T17:46:33+0200,4e541c53-98a3-4782-9d6d-b4c701b81d28,2026-06-19T13:00:00Z,2026-06-19T15:00:00+0200,80.79,MW,FR,FR,actual_offshore_wind_generation,Wind Offshore | Actual Aggregated,2026-06-27T15:47:42Z
2026-06-27T15:46:33Z,2026-06-27T17:46:33+0200,4e541c53-98a3-4782-9d6d-b4c701b81d28,2026-06-19T13:15:00Z,2026-06-19T15:15:00+0200,57.39,MW,FR,FR,actual_offshore_wind_generation,Wind Offshore | Actual Aggregated,2026-06-27T15:47:42Z
2026-06-27T15:46:33Z,2026-06-27T17:46:33+0200,4e541c53-98a3-4782-9d6d-b4c701b81d28,2026-06-19T13:30:00Z,2026-06-19T15:30:00+0200,67.03,MW,FR,FR,actual_offshore_wind_generation,Wind Offshore | Actual Aggregated,2026-06-27T15:47:42Z
2026-06-27T15:46:33Z,2026-06-27T17:46:33+0200,4e541c53-98a3-4782-9d6d-b4c701b81d28,2026-06-19T13:45:00Z,2026-06-19T15:45:00+0200,81.01,MW,FR,FR,actual_offshore_wind_generation,Wind Offshore | Actual Aggregated,2026-06-27T15:47:42Z
2026-06-27T15:46:33Z,2026-06-27T17:46:33+0200,4e541c53-98a3-4782-9d6d-b4c701b81d28,2026-06-19T14:00:00Z,2026-06-19T16:00:00+0200,86.52,MW,FR,FR,actual_offshore_wind_generation,Wind Offshore | Actual Aggregated,2026-06-27T15:47:42Z
2026-06-27T15:46:33Z,2026-06-27T17:46:33+0200,4e541c53-98a3-4782-9d6d-b4c701b81d28,2026-06-19T14:15:00Z,2026-06-19T16:15:00+0200,110.94,MW,FR,FR,actual_offshore_wind_generation,Wind Offshore | Actual Aggregated,2026-06-27T15:47:42Z
2026-06-27T15:46:33Z,2026-06-27T17:46:33+0200,4e541c53-98a3-4782-9d6d-b4c701b81d28,2026-06-19T14:30:00Z,2026-06-19T16:30:00+0200,141.88,MW,FR,FR,actual_offshore_wind_generation,Wind Offshore | Actual Aggregated,2026-06-27T15:47:42Z
2026-06-27T15:46:33Z,2026-06-27T17:46:33+0200,4e541c53-98a3-4782-9d6d-b4c701b81d28,2026-06-19T14:45:00Z,2026-06-19T16:45:00+0200,129.54,MW,FR,FR,actual_offshore_wind_generation,Wind Offshore | Actual Aggregated,2026-06-27T15:47:42Z
2026-06-27T15:46:33Z,2026-06-27T17:46:33+0200,4e541c53-98a3-4782-9d6d-b4c701b81d28,2026-06-19T15:00:00Z,2026-06-19T17:00:00+0200,125.42,MW,FR,FR,actual_offshore_wind_generation,Wind Offshore | Actual Aggregated,2026-06-27T15:47:42Z
2026-06-27T15:46:33Z,2026-06-27T17:46:33+0200,4e541c53-98a3-4782-9d6d-b4c701b81d28,2026-06-19T15:15:00Z,2026-06-19T17:15:00+0200,148.01,MW,FR,FR,actual_offshore_wind_generation,Wind Offshore | Actual Aggregated,2026-06-27T15:47:42Z
2026-06-27T15:46:33Z,2026-06-27T17:46:33+0200,4e541c53-98a3-4782-9d6d-b4c701b81d28,2026-06-19T15:30:00Z,2026-06-19T17:30:00+0200,170.79,MW,FR,FR,actual_offshore_wind_generation,Wind Offshore | Actual Aggregated,2026-06-27T15:47:42Z
2026-06-27T15:46:33Z,2026-06-27T17:46:33+0200,4e541c53-98a3-4782-9d6d-b4c701b81d28,2026-06-19T15:45:00Z,2026-06-19T17:45:00+0200,208.95,MW,FR,FR,actual_offshore_wind_generation,Wind Offshore | Actual Aggregated,2026-06-27T15:47:42Z
2026-06-27T15:46:33Z,2026-06-27T17:46:33+0200,4e541c53-98a3-4782-9d6d-b4c701b81d28,2026-06-19T16:00:00Z,2026-06-19T18:00:00+0200,216.32,MW,FR,FR,actual_offshore_wind_generation,Wind Offshore | Actual Aggregated,2026-06-27T15:47:42Z
2026-06-27T15:46:33Z,2026-06-27T17:46:33+0200,4e541c53-98a3-4782-9d6d-b4c701b81d28,2026-06-19T16:15:00Z,2026-06-19T18:15:00+0200,151.67,MW,FR,FR,actual_offshore_wind_generation,Wind Offshore | Actual Aggregated,2026-06-27T15:47:42Z
2026-06-27T15:46:33Z,2026-06-27T17:46:33+0200,4e541c53-98a3-4782-9d6d-b4c701b81d28,2026-06-19T16:30:00Z,2026-06-19T18:30:00+0200,118.45,MW,FR,FR,actual_offshore_wind_generation,Wind Offshore | Actual Aggregated,2026-06-27T15:47:42Z
2026-06-27T15:46:33Z,2026-06-27T17:46:33+0200,4e541c53-98a3-4782-9d6d-b4c701b81d28,2026-06-19T16:45:00Z,2026-06-19T18:45:00+0200,96.63,MW,FR,FR,actual_offshore_wind_generation,Wind Offshore | Actual Aggregated,2026-06-27T15:47:42Z
2026-06-27T15:46:33Z,2026-06-27T17:46:33+0200,4e541c53-98a3-4782-9d6d-b4c701b81d28,2026-06-19T17:00:00Z,2026-06-19T19:00:00+0200,180.62,MW,FR,FR,actual_offshore_wind_generation,Wind Offshore | Actual Aggregated,2026-06-27T15:47:42Z
2026-06-27T15:46:33Z,2026-06-27T17:46:33+0200,4e541c53-98a3-4782-9d6d-b4c701b81d28,2026-06-19T17:15:00Z,2026-06-19T19:15:00+0200,226.35,MW,FR,FR,actual_offshore_wind_generation,Wind Offshore | Actual Aggregated,2026-06-27T15:47:42Z
2026-06-27T15:46:33Z,2026-06-27T17:46:33+0200,4e541c53-98a3-4782-9d6d-b4c701b81d28,2026-06-19T17:30:00Z,2026-06-19T19:30:00+0200,148.16,MW,FR,FR,actual_offshore_wind_generation,Wind Offshore | Actual Aggregated,2026-06-27T15:47:42Z
2026-06-27T15:46:33Z,2026-06-27T17:46:33+0200,4e541c53-98a3-4782-9d6d-b4c701b81d28,2026-06-19T17:45:00Z,2026-06-19T19:45:00+0200,134.41,MW,FR,FR,actual_offshore_wind_generation,Wind Offshore | Actual Aggregated,2026-06-27T15:47:42Z
2026-06-27T15:46:33Z,2026-06-27T17:46:33+0200,4e541c53-98a3-4782-9d6d-b4c701b81d28,2026-06-19T18:00:00Z,2026-06-19T20:00:00+0200,105.37,MW,FR,FR,actual_offshore_wind_generation,Wind Offshore | Actual Aggregated,2026-06-27T15:47:42Z
2026-06-27T15:46:33Z,2026-06-27T17:46:33+0200,4e541c53-98a3-4782-9d6d-b4c701b81d28,2026-06-19T18:15:00Z,2026-06-19T20:15:00+0200,104.63,MW,FR,FR,actual_offshore_wind_generation,Wind Offshore | Actual Aggregated,2026-06-27T15:47:42Z
2026-06-27T15:46:33Z,2026-06-27T17:46:33+0200,4e541c53-98a3-4782-9d6d-b4c701b81d28,2026-06-19T18:30:00Z,2026-06-19T20:30:00+0200,106.19,MW,FR,FR,actual_offshore_wind_generation,Wind Offshore | Actual Aggregated,2026-06-27T15:47:42Z
2026-06-27T15:46:33Z,2026-06-27T17:46:33+0200,4e541c53-98a3-4782-9d6d-b4c701b81d28,2026-06-19T18:45:00Z,2026-06-19T20:45:00+0200,93.75,MW,FR,FR,actual_offshore_wind_generation,Wind Offshore | Actual Aggregated,2026-06-27T15:47:42Z
2026-06-27T15:46:33Z,2026-06-27T17:46:33+0200,4e541c53-98a3-4782-9d6d-b4c701b81d28,2026-06-19T19:00:00Z,2026-06-19T21:00:00+0200,97.04,MW,FR,FR,actual_offshore_wind_generation,Wind Offshore | Actual Aggregated,2026-06-27T15:47:42Z
2026-06-27T15:46:33Z,2026-06-27T17:46:33+0200,4e541c53-98a3-4782-9d6d-b4c701b81d28,2026-06-19T19:15:00Z,2026-06-19T21:15:00+0200,89.54,MW,FR,FR,actual_offshore_wind_generation,Wind Offshore | Actual Aggregated,2026-06-27T15:47:42Z
2026-06-27T15:46:33Z,2026-06-27T17:46:33+0200,4e541c53-98a3-4782-9d6d-b4c701b81d28,2026-06-19T19:30:00Z,2026-06-19T21:30:00+0200,77.15,MW,FR,FR,actual_offshore_wind_generation,Wind Offshore | Actual Aggregated,2026-06-27T15:47:42Z
2026-06-27T15:46:33Z,2026-06-27T17:46:33+0200,4e541c53-98a3-4782-9d6d-b4c701b81d28,2026-06-19T19:45:00Z,2026-06-19T21:45:00+0200,71.92,MW,FR,FR,actual_offshore_wind_generation,Wind Offshore | Actual Aggregated,2026-06-27T15:47:42Z
2026-06-27T15:46:33Z,2026-06-27T17:46:33+0200,4e541c53-98a3-4782-9d6d-b4c701b81d28,2026-06-19T20:00:00Z,2026-06-19T22:00:00+0200,66.72,MW,FR,FR,actual_offshore_wind_generation,Wind Offshore | Actual Aggregated,2026-06-27T15:47:42Z
2026-06-27T15:46:33Z,2026-06-27T17:46:33+0200,4e541c53-98a3-4782-9d6d-b4c701b81d28,2026-06-19T20:15:00Z,2026-06-19T22:15:00+0200,59.45,MW,FR,FR,actual_offshore_wind_generation,Wind Offshore | Actual Aggregated,2026-06-27T15:47:42Z
2026-06-27T15:46:33Z,2026-06-27T17:46:33+0200,4e541c53-98a3-4782-9d6d-b4c701b81d28,2026-06-19T20:30:00Z,2026-06-19T22:30:00+0200,68.54,MW,FR,FR,actual_offshore_wind_generation,Wind Offshore | Actual Aggregated,2026-06-27T15:47:42Z
2026-06-27T15:46:33Z,2026-06-27T17:46:33+0200,4e541c53-98a3-4782-9d6d-b4c701b81d28,2026-06-19T20:45:00Z,2026-06-19T22:45:00+0200,59.32,MW,FR,FR,actual_offshore_wind_generation,Wind Offshore | Actual Aggregated,2026-06-27T15:47:42Z
2026-06-27T15:46:33Z,2026-06-27T17:46:33+0200,4e541c53-98a3-4782-9d6d-b4c701b81d28,2026-06-19T21:00:00Z,2026-06-19T23:00:00+0200,59.42,MW,FR,FR,actual_offshore_wind_generation,Wind Offshore | Actual Aggregated,2026-06-27T15:47:42Z
2026-06-27T15:46:33Z,2026-06-27T17:46:33+0200,4e541c53-98a3-4782-9d6d-b4c701b81d28,2026-06-19T21:15:00Z,2026-06-19T23:15:00+0200,65.14,MW,FR,FR,actual_offshore_wind_generation,Wind Offshore | Actual Aggregated,2026-06-27T15:47:42Z
2026-06-27T15:46:33Z,2026-06-27T17:46:33+0200,4e541c53-98a3-4782-9d6d-b4c701b81d28,2026-06-19T21:30:00Z,2026-06-19T23:30:00+0200,66.97,MW,FR,FR,actual_offshore_wind_generation,Wind Offshore | Actual Aggregated,2026-06-27T15:47:42Z
2026-06-27T15:46:33Z,2026-06-27T17:46:33+0200,4e541c53-98a3-4782-9d6d-b4c701b81d28,2026-06-19T21:45:00Z,2026-06-19T23:45:00+0200,60.36,MW,FR,FR,actual_offshore_wind_generation,Wind Offshore | Actual Aggregated,2026-06-27T15:47:42Z
2026-06-27T15:46:33Z,2026-06-27T17:46:33+0200,4e541c53-98a3-4782-9d6d-b4c701b81d28,2026-06-19T22:00:00Z,2026-06-20T00:00:00+0200,83.36,MW,FR,FR,actual_offshore_wind_generation,Wind Offshore | Actual Aggregated,2026-06-27T15:47:42Z
2026-06-27T15:46:33Z,2026-06-27T17:46:33+0200,4e541c53-98a3-4782-9d6d-b4c701b81d28,2026-06-19T22:15:00Z,2026-06-20T00:15:00+0200,98.67,MW,FR,FR,actual_offshore_wind_generation,Wind Offshore | Actual Aggregated,2026-06-27T15:47:42Z
2026-06-27T15:46:33Z,2026-06-27T17:46:33+0200,4e541c53-98a3-4782-9d6d-b4c701b81d28,2026-06-19T22:30:00Z,2026-06-20T00:30:00+0200,97.74,MW,FR,FR,actual_offshore_wind_generation,Wind Offshore | Actual Aggregated,2026-06-27T15:47:42Z
2026-06-27T15:46:33Z,2026-06-27T17:46:33+0200,4e541c53-98a3-4782-9d6d-b4c701b81d28,2026-06-19T22:45:00Z,2026-06-20T00:45:00+0200,89.74,MW,FR,FR,actual_offshore_wind_generation,Wind Offshore | Actual Aggregated,2026-06-27T15:47:42Z
2026-06-27T15:46:33Z,2026-06-27T17:46:33+0200,4e541c53-98a3-4782-9d6d-b4c701b81d28,2026-06-19T23:00:00Z,2026-06-20T01:00:00+0200,106.77,MW,FR,FR,actual_offshore_wind_generation,Wind Offshore | Actual Aggregated,2026-06-27T15:47:42Z
2026-06-27T15:46:33Z,2026-06-27T17:46:33+0200,4e541c53-98a3-4782-9d6d-b4c701b81d28,2026-06-19T23:15:00Z,2026-06-20T01:15:00+0200,102.03,MW,FR,FR,actual_offshore_wind_generation,Wind Offshore | Actual Aggregated,2026-06-27T15:47:42Z
2026-06-27T15:46:33Z,2026-06-27T17:46:33+0200,4e541c53-98a3-4782-9d6d-b4c701b81d28,2026-06-19T23:30:00Z,2026-06-20T01:30:00+0200,90.93,MW,FR,FR,actual_offshore_wind_generation,Wind Offshore | Actual Aggregated,2026-06-27T15:47:42Z
2026-06-27T15:46:33Z,2026-06-27T17:46:33+0200,4e541c53-98a3-4782-9d6d-b4c701b81d28,2026-06-19T23:45:00Z,2026-06-20T01:45:00+0200,75.9,MW,FR,FR,actual_offshore_wind_generation,Wind Offshore | Actual Aggregated,2026-06-27T15:47:42Z
2026-06-27T15:46:33Z,2026-06-27T17:46:33+0200,4e541c53-98a3-4782-9d6d-b4c701b81d28,2026-06-20T00:00:00Z,2026-06-20T02:00:00+0200,68.43,MW,FR,FR,actual_offshore_wind_generation,Wind Offshore | Actual Aggregated,2026-06-27T15:47:42Z
2026-06-27T15:46:33Z,2026-06-27T17:46:33+0200,4e541c53-98a3-4782-9d6d-b4c701b81d28,2026-06-20T00:15:00Z,2026-06-20T02:15:00+0200,60.08,MW,FR,FR,actual_offshore_wind_generation,Wind Offshore | Actual Aggregated,2026-06-27T15:47:42Z
2026-06-27T15:46:33Z,2026-06-27T17:46:33+0200,4e541c53-98a3-4782-9d6d-b4c701b81d28,2026-06-20T00:30:00Z,2026-06-20T02:30:00+0200,57.04,MW,FR,FR,actual_offshore_wind_generation,Wind Offshore | Actual Aggregated,2026-06-27T15:47:42Z
2026-06-27T15:46:33Z,2026-06-27T17:46:33+0200,4e541c53-98a3-4782-9d6d-b4c701b81d28,2026-06-20T00:45:00Z,2026-06-20T02:45:00+0200,30.28,MW,FR,FR,actual_offshore_wind_generation,Wind Offshore | Actual Aggregated,2026-06-27T15:47:42Z
2026-06-27T15:46:33Z,2026-06-27T17:46:33+0200,4e541c53-98a3-4782-9d6d-b4c701b81d28,2026-06-20T01:00:00Z,2026-06-20T03:00:00+0200,27.82,MW,FR,FR,actual_offshore_wind_generation,Wind Offshore | Actual Aggregated,2026-06-27T15:47:42Z
2026-06-27T15:46:33Z,2026-06-27T17:46:33+0200,4e541c53-98a3-4782-9d6d-b4c701b81d28,2026-06-20T01:15:00Z,2026-06-20T03:15:00+0200,34.79,MW,FR,FR,actual_offshore_wind_generation,Wind Offshore | Actual Aggregated,2026-06-27T15:47:42Z
2026-06-27T15:46:33Z,2026-06-27T17:46:33+0200,4e541c53-98a3-4782-9d6d-b4c701b81d28,2026-06-20T01:30:00Z,2026-06-20T03:30:00+0200,32.46,MW,FR,FR,actual_offshore_wind_generation,Wind Offshore | Actual Aggregated,2026-06-27T15:47:42Z
2026-06-27T15:46:33Z,2026-06-27T17:46:33+0200,4e541c53-98a3-4782-9d6d-b4c701b81d28,2026-06-20T01:45:00Z,2026-06-20T03:45:00+0200,36.59,MW,FR,FR,actual_offshore_wind_generation,Wind Offshore | Actual Aggregated,2026-06-27T15:47:42Z
2026-06-27T15:46:33Z,2026-06-27T17:46:33+0200,4e541c53-98a3-4782-9d6d-b4c701b81d28,2026-06-20T02:00:00Z,2026-06-20T04:00:00+0200,58.25,MW,FR,FR,actual_offshore_wind_generation,Wind Offshore | Actual Aggregated,2026-06-27T15:47:42Z
2026-06-27T15:46:33Z,2026-06-27T17:46:33+0200,4e541c53-98a3-4782-9d6d-b4c701b81d28,2026-06-20T02:15:00Z,2026-06-20T04:15:00+0200,58.78,MW,FR,FR,actual_offshore_wind_generation,Wind Offshore | Actual Aggregated,2026-06-27T15:47:42Z
2026-06-27T15:46:33Z,2026-06-27T17:46:33+0200,4e541c53-98a3-4782-9d6d-b4c701b81d28,2026-06-20T02:30:00Z,2026-06-20T04:30:00+0200,79.86,MW,FR,FR,actual_offshore_wind_generation,Wind Offshore | Actual Aggregated,2026-06-27T15:47:42Z
2026-06-27T15:46:33Z,2026-06-27T17:46:33+0200,4e541c53-98a3-4782-9d6d-b4c701b81d28,2026-06-20T02:45:00Z,2026-06-20T04:45:00+0200,54.15,MW,FR,FR,actual_offshore_wind_generation,Wind Offshore | Actual Aggregated,2026-06-27T15:47:42Z
2026-06-27T15:46:33Z,2026-06-27T17:46:33+0200,4e541c53-98a3-4782-9d6d-b4c701b81d28,2026-06-20T03:00:00Z,2026-06-20T05:00:00+0200,38.37,MW,FR,FR,actual_offshore_wind_generation,Wind Offshore | Actual Aggregated,2026-06-27T15:47:42Z
2026-06-27T15:46:33Z,2026-06-27T17:46:33+0200,4e541c53-98a3-4782-9d6d-b4c701b81d28,2026-06-20T03:15:00Z,2026-06-20T05:15:00+0200,45.55,MW,FR,FR,actual_offshore_wind_generation,Wind Offshore | Actual Aggregated,2026-06-27T15:47:42Z
2026-06-27T15:46:33Z,2026-06-27T17:46:33+0200,4e541c53-98a3-4782-9d6d-b4c701b81d28,2026-06-20T03:30:00Z,2026-06-20T05:30:00+0200,57.54,MW,FR,FR,actual_offshore_wind_generation,Wind Offshore | Actual Aggregated,2026-06-27T15:47:42Z
2026-06-27T15:46:33Z,2026-06-27T17:46:33+0200,4e541c53-98a3-4782-9d6d-b4c701b81d28,2026-06-20T03:45:00Z,2026-06-20T05:45:00+0200,51.34,MW,FR,FR,actual_offshore_wind_generation,Wind Offshore | Actual Aggregated,2026-06-27T15:47:42Z
2026-06-27T15:46:33Z,2026-06-27T17:46:33+0200,4e541c53-98a3-4782-9d6d-b4c701b81d28,2026-06-20T04:00:00Z,2026-06-20T06:00:00+0200,37.67,MW,FR,FR,actual_offshore_wind_generation,Wind Offshore | Actual Aggregated,2026-06-27T15:47:42Z
2026-06-27T15:46:33Z,2026-06-27T17:46:33+0200,4e541c53-98a3-4782-9d6d-b4c701b81d28,2026-06-20T04:15:00Z,2026-06-20T06:15:00+0200,21.57,MW,FR,FR,actual_offshore_wind_generation,Wind Offshore | Actual Aggregated,2026-06-27T15:47:42Z
2026-06-27T15:46:33Z,2026-06-27T17:46:33+0200,4e541c53-98a3-4782-9d6d-b4c701b81d28,2026-06-20T04:30:00Z,2026-06-20T06:30:00+0200,9.71,MW,FR,FR,actual_offshore_wind_generation,Wind Offshore | Actual Aggregated,2026-06-27T15:47:42Z
2026-06-27T15:46:33Z,2026-06-27T17:46:33+0200,4e541c53-98a3-4782-9d6d-b4c701b81d28,2026-06-20T04:45:00Z,2026-06-20T06:45:00+0200,9.47,MW,FR,FR,actual_offshore_wind_generation,Wind Offshore | Actual Aggregated,2026-06-27T15:47:42Z
2026-06-27T15:46:33Z,2026-06-27T17:46:33+0200,4e541c53-98a3-4782-9d6d-b4c701b81d28,2026-06-20T05:00:00Z,2026-06-20T07:00:00+0200,2.46,MW,FR,FR,actual_offshore_wind_generation,Wind Offshore | Actual Consumption,2026-06-27T15:47:42Z
2026-06-27T15:46:33Z,2026-06-27T17:46:33+0200,4e541c53-98a3-4782-9d6d-b4c701b81d28,2026-06-20T05:15:00Z,2026-06-20T07:15:00+0200,7.3,MW,FR,FR,actual_offshore_wind_generation,Wind Offshore | Actual Consumption,2026-06-27T15:47:42Z
2026-06-27T15:46:33Z,2026-06-27T17:46:33+0200,4e541c53-98a3-4782-9d6d-b4c701b81d28,2026-06-20T05:30:00Z,2026-06-20T07:30:00+0200,10.91,MW,FR,FR,actual_offshore_wind_generation,Wind Offshore | Actual Consumption,2026-06-27T15:47:42Z
2026-06-27T15:46:33Z,2026-06-27T17:46:33+0200,4e541c53-98a3-4782-9d6d-b4c701b81d28,2026-06-20T05:45:00Z,2026-06-20T07:45:00+0200,10.3,MW,FR,FR,actual_offshore_wind_generation,Wind Offshore | Actual Consumption,2026-06-27T15:47:42Z
2026-06-27T15:46:33Z,2026-06-27T17:46:33+0200,4e541c53-98a3-4782-9d6d-b4c701b81d28,2026-06-20T06:00:00Z,2026-06-20T08:00:00+0200,11.39,MW,FR,FR,actual_offshore_wind_generation,Wind Offshore | Actual Consumption,2026-06-27T15:47:42Z
2026-06-27T15:46:33Z,2026-06-27T17:46:33+0200,4e541c53-98a3-4782-9d6d-b4c701b81d28,2026-06-20T06:15:00Z,2026-06-20T08:15:00+0200,9.82,MW,FR,FR,actual_offshore_wind_generation,Wind Offshore | Actual Consumption,2026-06-27T15:47:42Z
2026-06-27T15:46:33Z,2026-06-27T17:46:33+0200,4e541c53-98a3-4782-9d6d-b4c701b81d28,2026-06-20T06:30:00Z,2026-06-20T08:30:00+0200,6.72,MW,FR,FR,actual_offshore_wind_generation,Wind Offshore | Actual Consumption,2026-06-27T15:47:42Z
2026-06-27T15:46:33Z,2026-06-27T17:46:33+0200,4e541c53-98a3-4782-9d6d-b4c701b81d28,2026-06-20T06:45:00Z,2026-06-20T08:45:00+0200,4.81,MW,FR,FR,actual_offshore_wind_generation,Wind Offshore | Actual Consumption,2026-06-27T15:47:42Z
2026-06-27T15:46:33Z,2026-06-27T17:46:33+0200,4e541c53-98a3-4782-9d6d-b4c701b81d28,2026-06-20T07:00:00Z,2026-06-20T09:00:00+0200,3.58,MW,FR,FR,actual_offshore_wind_generation,Wind Offshore | Actual Consumption,2026-06-27T15:47:42Z
2026-06-27T15:46:33Z,2026-06-27T17:46:33+0200,4e541c53-98a3-4782-9d6d-b4c701b81d28,2026-06-20T07:15:00Z,2026-06-20T09:15:00+0200,3.4,MW,FR,FR,actual_offshore_wind_generation,Wind Offshore | Actual Consumption,2026-06-27T15:47:42Z
2026-06-27T15:46:33Z,2026-06-27T17:46:33+0200,4e541c53-98a3-4782-9d6d-b4c701b81d28,2026-06-20T07:30:00Z,2026-06-20T09:30:00+0200,1.67,MW,FR,FR,actual_offshore_wind_generation,Wind Offshore | Actual Consumption,2026-06-27T15:47:42Z
2026-06-27T15:46:33Z,2026-06-27T17:46:33+0200,4e541c53-98a3-4782-9d6d-b4c701b81d28,2026-06-20T07:45:00Z,2026-06-20T09:45:00+0200,0.18,MW,FR,FR,actual_offshore_wind_generation,Wind Offshore | Actual Consumption,2026-06-27T15:47:42Z
2026-06-27T15:46:33Z,2026-06-27T17:46:33+0200,4e541c53-98a3-4782-9d6d-b4c701b81d28,2026-06-20T08:00:00Z,2026-06-20T10:00:00+0200,2.72,MW,FR,FR,actual_offshore_wind_generation,Wind Offshore | Actual Consumption,2026-06-27T15:47:42Z
2026-06-27T15:46:33Z,2026-06-27T17:46:33+0200,4e541c53-98a3-4782-9d6d-b4c701b81d28,2026-06-20T08:15:00Z,2026-06-20T10:15:00+0200,3.39,MW,FR,FR,actual_offshore_wind_generation,Wind Offshore | Actual Consumption,2026-06-27T15:47:42Z
2026-06-27T15:46:33Z,2026-06-27T17:46:33+0200,4e541c53-98a3-4782-9d6d-b4c701b81d28,2026-06-20T08:30:00Z,2026-06-20T10:30:00+0200,5.06,MW,FR,FR,actual_offshore_wind_generation,Wind Offshore | Actual Consumption,2026-06-27T15:47:42Z
2026-06-27T15:46:33Z,2026-06-27T17:46:33+0200,4e541c53-98a3-4782-9d6d-b4c701b81d28,2026-06-20T08:45:00Z,2026-06-20T10:45:00+0200,6.13,MW,FR,FR,actual_offshore_wind_generation,Wind Offshore | Actual Consumption,2026-06-27T15:47:42Z
2026-06-27T15:46:33Z,2026-06-27T17:46:33+0200,4e541c53-98a3-4782-9d6d-b4c701b81d28,2026-06-20T09:00:00Z,2026-06-20T11:00:00+0200,7.93,MW,FR,FR,actual_offshore_wind_generation,Wind Offshore | Actual Consumption,2026-06-27T15:47:42Z
2026-06-27T15:46:33Z,2026-06-27T17:46:33+0200,4e541c53-98a3-4782-9d6d-b4c701b81d28,2026-06-20T09:15:00Z,2026-06-20T11:15:00+0200,4.6,MW,FR,FR,actual_offshore_wind_generation,Wind Offshore | Actual Consumption,2026-06-27T15:47:42Z
2026-06-27T15:46:33Z,2026-06-27T17:46:33+0200,4e541c53-98a3-4782-9d6d-b4c701b81d28,2026-06-20T09:30:00Z,2026-06-20T11:30:00+0200,2.48,MW,FR,FR,actual_offshore_wind_generation,Wind Offshore | Actual Consumption,2026-06-27T15:47:42Z
2026-06-27T15:46:33Z,2026-06-27T17:46:33+0200,4e541c53-98a3-4782-9d6d-b4c701b81d28,2026-06-20T09:45:00Z,2026-06-20T11:45:00+0200,0.39,MW,FR,FR,actual_offshore_wind_generation,Wind Offshore | Actual Aggregated,2026-06-27T15:47:42Z
2026-06-27T15:46:33Z,2026-06-27T17:46:33+0200,4e541c53-98a3-4782-9d6d-b4c701b81d28,2026-06-20T10:00:00Z,2026-06-20T12:00:00+0200,1.87,MW,FR,FR,actual_offshore_wind_generation,Wind Offshore | Actual Aggregated,2026-06-27T15:47:42Z
2026-06-27T15:46:33Z,2026-06-27T17:46:33+0200,4e541c53-98a3-4782-9d6d-b4c701b81d28,2026-06-20T10:15:00Z,2026-06-20T12:15:00+0200,1.09,MW,FR,FR,actual_offshore_wind_generation,Wind Offshore | Actual Aggregated,2026-06-27T15:47:42Z
2026-06-27T15:46:33Z,2026-06-27T17:46:33+0200,4e541c53-98a3-4782-9d6d-b4c701b81d28,2026-06-20T10:30:00Z,2026-06-20T12:30:00+0200,7.94,MW,FR,FR,actual_offshore_wind_generation,Wind Offshore | Actual Aggregated,2026-06-27T15:47:42Z
2026-06-27T15:46:33Z,2026-06-27T17:46:33+0200,4e541c53-98a3-4782-9d6d-b4c701b81d28,2026-06-20T10:45:00Z,2026-06-20T12:45:00+0200,11.67,MW,FR,FR,actual_offshore_wind_generation,Wind Offshore | Actual Aggregated,2026-06-27T15:47:42Z
2026-06-27T15:46:33Z,2026-06-27T17:46:33+0200,4e541c53-98a3-4782-9d6d-b4c701b81d28,2026-06-20T11:00:00Z,2026-06-20T13:00:00+0200,12.36,MW,FR,FR,actual_offshore_wind_generation,Wind Offshore | Actual Aggregated,2026-06-27T15:47:42Z
2026-06-27T15:46:33Z,2026-06-27T17:46:33+0200,4e541c53-98a3-4782-9d6d-b4c701b81d28,2026-06-20T11:15:00Z,2026-06-20T13:15:00+0200,7.68,MW,FR,FR,actual_offshore_wind_generation,Wind Offshore | Actual Aggregated,2026-06-27T15:47:42Z
2026-06-27T15:46:33Z,2026-06-27T17:46:33+0200,4e541c53-98a3-4782-9d6d-b4c701b81d28,2026-06-20T11:30:00Z,2026-06-20T13:30:00+0200,4.82,MW,FR,FR,actual_offshore_wind_generation,Wind Offshore | Actual Aggregated,2026-06-27T15:47:42Z
2026-06-27T15:46:33Z,2026-06-27T17:46:33+0200,4e541c53-98a3-4782-9d6d-b4c701b81d28,2026-06-20T11:45:00Z,2026-06-20T13:45:00+0200,0.07,MW,FR,FR,actual_offshore_wind_generation,Wind Offshore | Actual Aggregated,2026-06-27T15:47:42Z
2026-06-27T15:46:33Z,2026-06-27T17:46:33+0200,4e541c53-98a3-4782-9d6d-b4c701b81d28,2026-06-20T12:00:00Z,2026-06-20T14:00:00+0200,2.45,MW,FR,FR,actual_offshore_wind_generation,Wind Offshore | Actual Aggregated,2026-06-27T15:47:42Z
2026-06-27T15:46:33Z,2026-06-27T17:46:33+0200,4e541c53-98a3-4782-9d6d-b4c701b81d28,2026-06-20T12:15:00Z,2026-06-20T14:15:00+0200,2.17,MW,FR,FR,actual_offshore_wind_generation,Wind Offshore | Actual Aggregated,2026-06-27T15:47:42Z
2026-06-27T15:46:33Z,2026-06-27T17:46:33+0200,4e541c53-98a3-4782-9d6d-b4c701b81d28,2026-06-20T12:30:00Z,2026-06-20T14:30:00+0200,0.2,MW,FR,FR,actual_offshore_wind_generation,Wind Offshore | Actual Consumption,2026-06-27T15:47:42Z
2026-06-27T15:46:33Z,2026-06-27T17:46:33+0200,4e541c53-98a3-4782-9d6d-b4c701b81d28,2026-06-20T12:45:00Z,2026-06-20T14:45:00+0200,2.22,MW,FR,FR,actual_offshore_wind_generation,Wind Offshore | Actual Aggregated,2026-06-27T15:47:42Z
2026-06-27T15:46:33Z,2026-06-27T17:46:33+0200,4e541c53-98a3-4782-9d6d-b4c701b81d28,2026-06-20T13:00:00Z,2026-06-20T15:00:00+0200,9.88,MW,FR,FR,actual_offshore_wind_generation,Wind Offshore | Actual Aggregated,2026-06-27T15:47:42Z
2026-06-27T15:46:33Z,2026-06-27T17:46:33+0200,4e541c53-98a3-4782-9d6d-b4c701b81d28,2026-06-20T13:15:00Z,2026-06-20T15:15:00+0200,26.11,MW,FR,FR,actual_offshore_wind_generation,Wind Offshore | Actual Aggregated,2026-06-27T15:47:42Z
2026-06-27T15:46:33Z,2026-06-27T17:46:33+0200,4e541c53-98a3-4782-9d6d-b4c701b81d28,2026-06-20T13:30:00Z,2026-06-20T15:30:00+0200,43.11,MW,FR,FR,actual_offshore_wind_generation,Wind Offshore | Actual Aggregated,2026-06-27T15:47:42Z
2026-06-27T15:46:33Z,2026-06-27T17:46:33+0200,4e541c53-98a3-4782-9d6d-b4c701b81d28,2026-06-20T13:45:00Z,2026-06-20T15:45:00+0200,45.9,MW,FR,FR,actual_offshore_wind_generation,Wind Offshore | Actual Aggregated,2026-06-27T15:47:42Z
2026-06-27T15:46:33Z,2026-06-27T17:46:33+0200,4e541c53-98a3-4782-9d6d-b4c701b81d28,2026-06-20T14:00:00Z,2026-06-20T16:00:00+0200,47.94,MW,FR,FR,actual_offshore_wind_generation,Wind Offshore | Actual Aggregated,2026-06-27T15:47:42Z
2026-06-27T15:46:33Z,2026-06-27T17:46:33+0200,4e541c53-98a3-4782-9d6d-b4c701b81d28,2026-06-20T14:15:00Z,2026-06-20T16:15:00+0200,58.83,MW,FR,FR,actual_offshore_wind_generation,Wind Offshore | Actual Aggregated,2026-06-27T15:47:42Z
2026-06-27T15:46:33Z,2026-06-27T17:46:33+0200,4e541c53-98a3-4782-9d6d-b4c701b81d28,2026-06-20T14:30:00Z,2026-06-20T16:30:00+0200,65.16,MW,FR,FR,actual_offshore_wind_generation,Wind Offshore | Actual Aggregated,2026-06-27T15:47:42Z
2026-06-27T15:46:33Z,2026-06-27T17:46:33+0200,4e541c53-98a3-4782-9d6d-b4c701b81d28,2026-06-20T14:45:00Z,2026-06-20T16:45:00+0200,71.69,MW,FR,FR,actual_offshore_wind_generation,Wind Offshore | Actual Aggregated,2026-06-27T15:47:42Z
2026-06-27T15:46:33Z,2026-06-27T17:46:33+0200,4e541c53-98a3-4782-9d6d-b4c701b81d28,2026-06-20T15:00:00Z,2026-06-20T17:00:00+0200,74.43,MW,FR,FR,actual_offshore_wind_generation,Wind Offshore | Actual Aggregated,2026-06-27T15:47:42Z
2026-06-27T15:46:33Z,2026-06-27T17:46:33+0200,4e541c53-98a3-4782-9d6d-b4c701b81d28,2026-06-20T15:15:00Z,2026-06-20T17:15:00+0200,98.61,MW,FR,FR,actual_offshore_wind_generation,Wind Offshore | Actual Aggregated,2026-06-27T15:47:42Z
2026-06-27T15:46:33Z,2026-06-27T17:46:33+0200,4e541c53-98a3-4782-9d6d-b4c701b81d28,2026-06-20T15:30:00Z,2026-06-20T17:30:00+0200,118.12,MW,FR,FR,actual_offshore_wind_generation,Wind Offshore | Actual Aggregated,2026-06-27T15:47:42Z
2026-06-27T15:46:33Z,2026-06-27T17:46:33+0200,4e541c53-98a3-4782-9d6d-b4c701b81d28,2026-06-20T15:45:00Z,2026-06-20T17:45:00+0200,120.03,MW,FR,FR,actual_offshore_wind_generation,Wind Offshore | Actual Aggregated,2026-06-27T15:47:42Z
2026-06-27T15:46:33Z,2026-06-27T17:46:33+0200,4e541c53-98a3-4782-9d6d-b4c701b81d28,2026-06-20T16:00:00Z,2026-06-20T18:00:00+0200,201.79,MW,FR,FR,actual_offshore_wind_generation,Wind Offshore | Actual Aggregated,2026-06-27T15:47:42Z
2026-06-27T15:46:33Z,2026-06-27T17:46:33+0200,4e541c53-98a3-4782-9d6d-b4c701b81d28,2026-06-20T16:15:00Z,2026-06-20T18:15:00+0200,147.41,MW,FR,FR,actual_offshore_wind_generation,Wind Offshore | Actual Aggregated,2026-06-27T15:47:42Z
2026-06-27T15:46:33Z,2026-06-27T17:46:33+0200,4e541c53-98a3-4782-9d6d-b4c701b81d28,2026-06-20T16:30:00Z,2026-06-20T18:30:00+0200,192.63,MW,FR,FR,actual_offshore_wind_generation,Wind Offshore | Actual Aggregated,2026-06-27T15:47:42Z
2026-06-27T15:46:33Z,2026-06-27T17:46:33+0200,4e541c53-98a3-4782-9d6d-b4c701b81d28,2026-06-20T16:45:00Z,2026-06-20T18:45:00+0200,193.15,MW,FR,FR,actual_offshore_wind_generation,Wind Offshore | Actual Aggregated,2026-06-27T15:47:42Z
2026-06-27T15:46:33Z,2026-06-27T17:46:33+0200,4e541c53-98a3-4782-9d6d-b4c701b81d28,2026-06-20T17:00:00Z,2026-06-20T19:00:00+0200,173.87,MW,FR,FR,actual_offshore_wind_generation,Wind Offshore | Actual Aggregated,2026-06-27T15:47:42Z
2026-06-27T15:46:33Z,2026-06-27T17:46:33+0200,4e541c53-98a3-4782-9d6d-b4c701b81d28,2026-06-20T17:15:00Z,2026-06-20T19:15:00+0200,150.97,MW,FR,FR,actual_offshore_wind_generation,Wind Offshore | Actual Aggregated,2026-06-27T15:47:42Z
2026-06-27T15:46:33Z,2026-06-27T17:46:33+0200,4e541c53-98a3-4782-9d6d-b4c701b81d28,2026-06-20T17:30:00Z,2026-06-20T19:30:00+0200,165.8,MW,FR,FR,actual_offshore_wind_generation,Wind Offshore | Actual Aggregated,2026-06-27T15:47:42Z
2026-06-27T15:46:33Z,2026-06-27T17:46:33+0200,4e541c53-98a3-4782-9d6d-b4c701b81d28,2026-06-20T17:45:00Z,2026-06-20T19:45:00+0200,150.44,MW,FR,FR,actual_offshore_wind_generation,Wind Offshore | Actual Aggregated,2026-06-27T15:47:42Z
2026-06-27T15:46:33Z,2026-06-27T17:46:33+0200,4e541c53-98a3-4782-9d6d-b4c701b81d28,2026-06-20T18:00:00Z,2026-06-20T20:00:00+0200,146.47,MW,FR,FR,actual_offshore_wind_generation,Wind Offshore | Actual Aggregated,2026-06-27T15:47:42Z
2026-06-27T15:46:33Z,2026-06-27T17:46:33+0200,4e541c53-98a3-4782-9d6d-b4c701b81d28,2026-06-20T18:15:00Z,2026-06-20T20:15:00+0200,139.27,MW,FR,FR,actual_offshore_wind_generation,Wind Offshore | Actual Aggregated,2026-06-27T15:47:42Z
2026-06-27T15:46:33Z,2026-06-27T17:46:33+0200,4e541c53-98a3-4782-9d6d-b4c701b81d28,2026-06-20T18:30:00Z,2026-06-20T20:30:00+0200,153.81,MW,FR,FR,actual_offshore_wind_generation,Wind Offshore | Actual Aggregated,2026-06-27T15:47:42Z
2026-06-27T15:46:33Z,2026-06-27T17:46:33+0200,4e541c53-98a3-4782-9d6d-b4c701b81d28,2026-06-20T18:45:00Z,2026-06-20T20:45:00+0200,172.94,MW,FR,FR,actual_offshore_wind_generation,Wind Offshore | Actual Aggregated,2026-06-27T15:47:42Z
2026-06-27T15:46:33Z,2026-06-27T17:46:33+0200,4e541c53-98a3-4782-9d6d-b4c701b81d28,2026-06-20T19:00:00Z,2026-06-20T21:00:00+0200,189.85,MW,FR,FR,actual_offshore_wind_generation,Wind Offshore | Actual Aggregated,2026-06-27T15:47:42Z
2026-06-27T15:46:33Z,2026-06-27T17:46:33+0200,4e541c53-98a3-4782-9d6d-b4c701b81d28,2026-06-20T19:15:00Z,2026-06-20T21:15:00+0200,226.81,MW,FR,FR,actual_offshore_wind_generation,Wind Offshore | Actual Aggregated,2026-06-27T15:47:42Z
2026-06-27T15:46:33Z,2026-06-27T17:46:33+0200,4e541c53-98a3-4782-9d6d-b4c701b81d28,2026-06-20T19:30:00Z,2026-06-20T21:30:00+0200,280.91,MW,FR,FR,actual_offshore_wind_generation,Wind Offshore | Actual Aggregated,2026-06-27T15:47:42Z
2026-06-27T15:46:33Z,2026-06-27T17:46:33+0200,4e541c53-98a3-4782-9d6d-b4c701b81d28,2026-06-20T19:45:00Z,2026-06-20T21:45:00+0200,260.23,MW,FR,FR,actual_offshore_wind_generation,Wind Offshore | Actual Aggregated,2026-06-27T15:47:42Z
2026-06-27T15:46:33Z,2026-06-27T17:46:33+0200,4e541c53-98a3-4782-9d6d-b4c701b81d28,2026-06-20T20:00:00Z,2026-06-20T22:00:00+0200,236.14,MW,FR,FR,actual_offshore_wind_generation,Wind Offshore | Actual Aggregated,2026-06-27T15:47:42Z
2026-06-27T15:46:33Z,2026-06-27T17:46:33+0200,4e541c53-98a3-4782-9d6d-b4c701b81d28,2026-06-20T20:15:00Z,2026-06-20T22:15:00+0200,212.03,MW,FR,FR,actual_offshore_wind_generation,Wind Offshore | Actual Aggregated,2026-06-27T15:47:42Z
2026-06-27T15:46:33Z,2026-06-27T17:46:33+0200,4e541c53-98a3-4782-9d6d-b4c701b81d28,2026-06-20T20:30:00Z,2026-06-20T22:30:00+0200,221.18,MW,FR,FR,actual_offshore_wind_generation,Wind Offshore | Actual Aggregated,2026-06-27T15:47:42Z
2026-06-27T15:46:33Z,2026-06-27T17:46:33+0200,4e541c53-98a3-4782-9d6d-b4c701b81d28,2026-06-20T20:45:00Z,2026-06-20T22:45:00+0200,206.97,MW,FR,FR,actual_offshore_wind_generation,Wind Offshore | Actual Aggregated,2026-06-27T15:47:42Z
2026-06-27T15:46:33Z,2026-06-27T17:46:33+0200,4e541c53-98a3-4782-9d6d-b4c701b81d28,2026-06-20T21:00:00Z,2026-06-20T23:00:00+0200,199.04,MW,FR,FR,actual_offshore_wind_generation,Wind Offshore | Actual Aggregated,2026-06-27T15:47:42Z
2026-06-27T15:46:33Z,2026-06-27T17:46:33+0200,4e541c53-98a3-4782-9d6d-b4c701b81d28,2026-06-20T21:15:00Z,2026-06-20T23:15:00+0200,250.97,MW,FR,FR,actual_offshore_wind_generation,Wind Offshore | Actual Aggregated,2026-06-27T15:47:42Z
2026-06-27T15:46:33Z,2026-06-27T17:46:33+0200,4e541c53-98a3-4782-9d6d-b4c701b81d28,2026-06-20T21:30:00Z,2026-06-20T23:30:00+0200,230.79,MW,FR,FR,actual_offshore_wind_generation,Wind Offshore | Actual Aggregated,2026-06-27T15:47:42Z
2026-06-27T15:46:33Z,2026-06-27T17:46:33+0200,4e541c53-98a3-4782-9d6d-b4c701b81d28,2026-06-20T21:45:00Z,2026-06-20T23:45:00+0200,189.07,MW,FR,FR,actual_offshore_wind_generation,Wind Offshore | Actual Aggregated,2026-06-27T15:47:42Z
2026-06-27T15:46:33Z,2026-06-27T17:46:33+0200,4e541c53-98a3-4782-9d6d-b4c701b81d28,2026-06-20T22:00:00Z,2026-06-21T00:00:00+0200,156.17,MW,FR,FR,actual_offshore_wind_generation,Wind Offshore | Actual Aggregated,2026-06-27T15:47:42Z
2026-06-27T15:46:33Z,2026-06-27T17:46:33+0200,4e541c53-98a3-4782-9d6d-b4c701b81d28,2026-06-20T22:15:00Z,2026-06-21T00:15:00+0200,114.93,MW,FR,FR,actual_offshore_wind_generation,Wind Offshore | Actual Aggregated,2026-06-27T15:47:42Z
2026-06-27T15:46:33Z,2026-06-27T17:46:33+0200,4e541c53-98a3-4782-9d6d-b4c701b81d28,2026-06-20T22:30:00Z,2026-06-21T00:30:00+0200,119.47,MW,FR,FR,actual_offshore_wind_generation,Wind Offshore | Actual Aggregated,2026-06-27T15:47:42Z
2026-06-27T15:46:33Z,2026-06-27T17:46:33+0200,4e541c53-98a3-4782-9d6d-b4c701b81d28,2026-06-20T22:45:00Z,2026-06-21T00:45:00+0200,137.0,MW,FR,FR,actual_offshore_wind_generation,Wind Offshore | Actual Aggregated,2026-06-27T15:47:42Z
2026-06-27T15:46:33Z,2026-06-27T17:46:33+0200,4e541c53-98a3-4782-9d6d-b4c701b81d28,2026-06-20T23:00:00Z,2026-06-21T01:00:00+0200,194.08,MW,FR,FR,actual_offshore_wind_generation,Wind Offshore | Actual Aggregated,2026-06-27T15:47:42Z
2026-06-27T15:46:33Z,2026-06-27T17:46:33+0200,4e541c53-98a3-4782-9d6d-b4c701b81d28,2026-06-20T23:15:00Z,2026-06-21T01:15:00+0200,237.79,MW,FR,FR,actual_offshore_wind_generation,Wind Offshore | Actual Aggregated,2026-06-27T15:47:42Z
2026-06-27T15:46:33Z,2026-06-27T17:46:33+0200,4e541c53-98a3-4782-9d6d-b4c701b81d28,2026-06-20T23:30:00Z,2026-06-21T01:30:00+0200,256.9,MW,FR,FR,actual_offshore_wind_generation,Wind Offshore | Actual Aggregated,2026-06-27T15:47:42Z
2026-06-27T15:46:33Z,2026-06-27T17:46:33+0200,4e541c53-98a3-4782-9d6d-b4c701b81d28,2026-06-20T23:45:00Z,2026-06-21T01:45:00+0200,283.26,MW,FR,FR,actual_offshore_wind_generation,Wind Offshore | Actual Aggregated,2026-06-27T15:47:42Z
2026-06-27T15:46:33Z,2026-06-27T17:46:33+0200,4e541c53-98a3-4782-9d6d-b4c701b81d28,2026-06-21T00:00:00Z,2026-06-21T02:00:00+0200,282.01,MW,FR,FR,actual_offshore_wind_generation,Wind Offshore | Actual Aggregated,2026-06-27T15:47:42Z
2026-06-27T15:46:33Z,2026-06-27T17:46:33+0200,4e541c53-98a3-4782-9d6d-b4c701b81d28,2026-06-21T00:15:00Z,2026-06-21T02:15:00+0200,257.35,MW,FR,FR,actual_offshore_wind_generation,Wind Offshore | Actual Aggregated,2026-06-27T15:47:42Z
2026-06-27T15:46:33Z,2026-06-27T17:46:33+0200,4e541c53-98a3-4782-9d6d-b4c701b81d28,2026-06-21T00:30:00Z,2026-06-21T02:30:00+0200,232.58,MW,FR,FR,actual_offshore_wind_generation,Wind Offshore | Actual Aggregated,2026-06-27T15:47:42Z
2026-06-27T15:46:33Z,2026-06-27T17:46:33+0200,4e541c53-98a3-4782-9d6d-b4c701b81d28,2026-06-21T00:45:00Z,2026-06-21T02:45:00+0200,197.17,MW,FR,FR,actual_offshore_wind_generation,Wind Offshore | Actual Aggregated,2026-06-27T15:47:42Z
2026-06-27T15:46:33Z,2026-06-27T17:46:33+0200,4e541c53-98a3-4782-9d6d-b4c701b81d28,2026-06-21T01:00:00Z,2026-06-21T03:00:00+0200,163.92,MW,FR,FR,actual_offshore_wind_generation,Wind Offshore | Actual Aggregated,2026-06-27T15:47:42Z
2026-06-27T15:46:33Z,2026-06-27T17:46:33+0200,4e541c53-98a3-4782-9d6d-b4c701b81d28,2026-06-21T01:15:00Z,2026-06-21T03:15:00+0200,173.74,MW,FR,FR,actual_offshore_wind_generation,Wind Offshore | Actual Aggregated,2026-06-27T15:47:42Z
2026-06-27T15:46:33Z,2026-06-27T17:46:33+0200,4e541c53-98a3-4782-9d6d-b4c701b81d28,2026-06-21T01:30:00Z,2026-06-21T03:30:00+0200,167.92,MW,FR,FR,actual_offshore_wind_generation,Wind Offshore | Actual Aggregated,2026-06-27T15:47:42Z
2026-06-27T15:46:33Z,2026-06-27T17:46:33+0200,4e541c53-98a3-4782-9d6d-b4c701b81d28,2026-06-21T01:45:00Z,2026-06-21T03:45:00+0200,164.59,MW,FR,FR,actual_offshore_wind_generation,Wind Offshore | Actual Aggregated,2026-06-27T15:47:42Z
2026-06-27T15:46:33Z,2026-06-27T17:46:33+0200,4e541c53-98a3-4782-9d6d-b4c701b81d28,2026-06-21T02:00:00Z,2026-06-21T04:00:00+0200,164.92,MW,FR,FR,actual_offshore_wind_generation,Wind Offshore | Actual Aggregated,2026-06-27T15:47:42Z
2026-06-27T15:46:33Z,2026-06-27T17:46:33+0200,4e541c53-98a3-4782-9d6d-b4c701b81d28,2026-06-21T02:15:00Z,2026-06-21T04:15:00+0200,177.2,MW,FR,FR,actual_offshore_wind_generation,Wind Offshore | Actual Aggregated,2026-06-27T15:47:42Z
2026-06-27T15:46:33Z,2026-06-27T17:46:33+0200,4e541c53-98a3-4782-9d6d-b4c701b81d28,2026-06-21T02:30:00Z,2026-06-21T04:30:00+0200,203.2,MW,FR,FR,actual_offshore_wind_generation,Wind Offshore | Actual Aggregated,2026-06-27T15:47:42Z
2026-06-27T15:46:33Z,2026-06-27T17:46:33+0200,4e541c53-98a3-4782-9d6d-b4c701b81d28,2026-06-21T02:45:00Z,2026-06-21T04:45:00+0200,249.23,MW,FR,FR,actual_offshore_wind_generation,Wind Offshore | Actual Aggregated,2026-06-27T15:47:42Z
2026-06-27T15:46:33Z,2026-06-27T17:46:33+0200,4e541c53-98a3-4782-9d6d-b4c701b81d28,2026-06-21T03:00:00Z,2026-06-21T05:00:00+0200,277.07,MW,FR,FR,actual_offshore_wind_generation,Wind Offshore | Actual Aggregated,2026-06-27T15:47:42Z
2026-06-27T15:46:33Z,2026-06-27T17:46:33+0200,4e541c53-98a3-4782-9d6d-b4c701b81d28,2026-06-21T03:15:00Z,2026-06-21T05:15:00+0200,300.22,MW,FR,FR,actual_offshore_wind_generation,Wind Offshore | Actual Aggregated,2026-06-27T15:47:42Z
2026-06-27T15:46:33Z,2026-06-27T17:46:33+0200,4e541c53-98a3-4782-9d6d-b4c701b81d28,2026-06-21T03:30:00Z,2026-06-21T05:30:00+0200,340.7,MW,FR,FR,actual_offshore_wind_generation,Wind Offshore | Actual Aggregated,2026-06-27T15:47:42Z
2026-06-27T15:46:33Z,2026-06-27T17:46:33+0200,4e541c53-98a3-4782-9d6d-b4c701b81d28,2026-06-21T03:45:00Z,2026-06-21T05:45:00+0200,371.15,MW,FR,FR,actual_offshore_wind_generation,Wind Offshore | Actual Aggregated,2026-06-27T15:47:42Z
2026-06-27T15:46:33Z,2026-06-27T17:46:33+0200,4e541c53-98a3-4782-9d6d-b4c701b81d28,2026-06-21T04:00:00Z,2026-06-21T06:00:00+0200,401.89,MW,FR,FR,actual_offshore_wind_generation,Wind Offshore | Actual Aggregated,2026-06-27T15:47:42Z
2026-06-27T15:46:33Z,2026-06-27T17:46:33+0200,4e541c53-98a3-4782-9d6d-b4c701b81d28,2026-06-21T04:15:00Z,2026-06-21T06:15:00+0200,440.34,MW,FR,FR,actual_offshore_wind_generation,Wind Offshore | Actual Aggregated,2026-06-27T15:47:42Z
2026-06-27T15:46:33Z,2026-06-27T17:46:33+0200,4e541c53-98a3-4782-9d6d-b4c701b81d28,2026-06-21T04:30:00Z,2026-06-21T06:30:00+0200,409.55,MW,FR,FR,actual_offshore_wind_generation,Wind Offshore | Actual Aggregated,2026-06-27T15:47:42Z
2026-06-27T15:46:33Z,2026-06-27T17:46:33+0200,4e541c53-98a3-4782-9d6d-b4c701b81d28,2026-06-21T04:45:00Z,2026-06-21T06:45:00+0200,414.25,MW,FR,FR,actual_offshore_wind_generation,Wind Offshore | Actual Aggregated,2026-06-27T15:47:42Z
2026-06-27T15:46:33Z,2026-06-27T17:46:33+0200,4e541c53-98a3-4782-9d6d-b4c701b81d28,2026-06-21T05:00:00Z,2026-06-21T07:00:00+0200,429.67,MW,FR,FR,actual_offshore_wind_generation,Wind Offshore | Actual Aggregated,2026-06-27T15:47:42Z
2026-06-27T15:46:33Z,2026-06-27T17:46:33+0200,4e541c53-98a3-4782-9d6d-b4c701b81d28,2026-06-21T05:15:00Z,2026-06-21T07:15:00+0200,424.62,MW,FR,FR,actual_offshore_wind_generation,Wind Offshore | Actual Aggregated,2026-06-27T15:47:42Z
2026-06-27T15:46:33Z,2026-06-27T17:46:33+0200,4e541c53-98a3-4782-9d6d-b4c701b81d28,2026-06-21T05:30:00Z,2026-06-21T07:30:00+0200,382.06,MW,FR,FR,actual_offshore_wind_generation,Wind Offshore | Actual Aggregated,2026-06-27T15:47:42Z
2026-06-27T15:46:33Z,2026-06-27T17:46:33+0200,4e541c53-98a3-4782-9d6d-b4c701b81d28,2026-06-21T05:45:00Z,2026-06-21T07:45:00+0200,366.79,MW,FR,FR,actual_offshore_wind_generation,Wind Offshore | Actual Aggregated,2026-06-27T15:47:42Z
2026-06-27T15:46:33Z,2026-06-27T17:46:33+0200,4e541c53-98a3-4782-9d6d-b4c701b81d28,2026-06-21T06:00:00Z,2026-06-21T08:00:00+0200,361.23,MW,FR,FR,actual_offshore_wind_generation,Wind Offshore | Actual Aggregated,2026-06-27T15:47:42Z
2026-06-27T15:46:33Z,2026-06-27T17:46:33+0200,4e541c53-98a3-4782-9d6d-b4c701b81d28,2026-06-21T06:15:00Z,2026-06-21T08:15:00+0200,331.53,MW,FR,FR,actual_offshore_wind_generation,Wind Offshore | Actual Aggregated,2026-06-27T15:47:42Z
2026-06-27T15:46:33Z,2026-06-27T17:46:33+0200,4e541c53-98a3-4782-9d6d-b4c701b81d28,2026-06-21T06:30:00Z,2026-06-21T08:30:00+0200,338.17,MW,FR,FR,actual_offshore_wind_generation,Wind Offshore | Actual Aggregated,2026-06-27T15:47:42Z
2026-06-27T15:46:33Z,2026-06-27T17:46:33+0200,4e541c53-98a3-4782-9d6d-b4c701b81d28,2026-06-21T06:45:00Z,2026-06-21T08:45:00+0200,324.33,MW,FR,FR,actual_offshore_wind_generation,Wind Offshore | Actual Aggregated,2026-06-27T15:47:42Z
2026-06-27T15:46:33Z,2026-06-27T17:46:33+0200,4e541c53-98a3-4782-9d6d-b4c701b81d28,2026-06-21T07:00:00Z,2026-06-21T09:00:00+0200,295.02,MW,FR,FR,actual_offshore_wind_generation,Wind Offshore | Actual Aggregated,2026-06-27T15:47:42Z
2026-06-27T15:46:33Z,2026-06-27T17:46:33+0200,4e541c53-98a3-4782-9d6d-b4c701b81d28,2026-06-21T07:15:00Z,2026-06-21T09:15:00+0200,280.38,MW,FR,FR,actual_offshore_wind_generation,Wind Offshore | Actual Aggregated,2026-06-27T15:47:42Z
2026-06-27T15:46:33Z,2026-06-27T17:46:33+0200,4e541c53-98a3-4782-9d6d-b4c701b81d28,2026-06-21T07:30:00Z,2026-06-21T09:30:00+0200,213.45,MW,FR,FR,actual_offshore_wind_generation,Wind Offshore | Actual Aggregated,2026-06-27T15:47:42Z
2026-06-27T15:46:33Z,2026-06-27T17:46:33+0200,4e541c53-98a3-4782-9d6d-b4c701b81d28,2026-06-21T07:45:00Z,2026-06-21T09:45:00+0200,175.75,MW,FR,FR,actual_offshore_wind_generation,Wind Offshore | Actual Aggregated,2026-06-27T15:47:42Z
2026-06-27T15:46:33Z,2026-06-27T17:46:33+0200,4e541c53-98a3-4782-9d6d-b4c701b81d28,2026-06-21T08:00:00Z,2026-06-21T10:00:00+0200,140.53,MW,FR,FR,actual_offshore_wind_generation,Wind Offshore | Actual Aggregated,2026-06-27T15:47:42Z
2026-06-27T15:46:33Z,2026-06-27T17:46:33+0200,4e541c53-98a3-4782-9d6d-b4c701b81d28,2026-06-21T08:15:00Z,2026-06-21T10:15:00+0200,124.84,MW,FR,FR,actual_offshore_wind_generation,Wind Offshore | Actual Aggregated,2026-06-27T15:47:42Z
2026-06-27T15:46:33Z,2026-06-27T17:46:33+0200,4e541c53-98a3-4782-9d6d-b4c701b81d28,2026-06-21T08:30:00Z,2026-06-21T10:30:00+0200,146.13,MW,FR,FR,actual_offshore_wind_generation,Wind Offshore | Actual Aggregated,2026-06-27T15:47:42Z
2026-06-27T15:46:33Z,2026-06-27T17:46:33+0200,4e541c53-98a3-4782-9d6d-b4c701b81d28,2026-06-21T08:45:00Z,2026-06-21T10:45:00+0200,154.65,MW,FR,FR,actual_offshore_wind_generation,Wind Offshore | Actual Aggregated,2026-06-27T15:47:42Z
2026-06-27T15:46:33Z,2026-06-27T17:46:33+0200,4e541c53-98a3-4782-9d6d-b4c701b81d28,2026-06-21T09:00:00Z,2026-06-21T11:00:00+0200,140.63,MW,FR,FR,actual_offshore_wind_generation,Wind Offshore | Actual Aggregated,2026-06-27T15:47:42Z
2026-06-27T15:46:33Z,2026-06-27T17:46:33+0200,4e541c53-98a3-4782-9d6d-b4c701b81d28,2026-06-21T09:15:00Z,2026-06-21T11:15:00+0200,150.14,MW,FR,FR,actual_offshore_wind_generation,Wind Offshore | Actual Aggregated,2026-06-27T15:47:42Z
2026-06-27T15:46:33Z,2026-06-27T17:46:33+0200,4e541c53-98a3-4782-9d6d-b4c701b81d28,2026-06-21T09:30:00Z,2026-06-21T11:30:00+0200,149.17,MW,FR,FR,actual_offshore_wind_generation,Wind Offshore | Actual Aggregated,2026-06-27T15:47:42Z
2026-06-27T15:46:33Z,2026-06-27T17:46:33+0200,4e541c53-98a3-4782-9d6d-b4c701b81d28,2026-06-21T09:45:00Z,2026-06-21T11:45:00+0200,173.9,MW,FR,FR,actual_offshore_wind_generation,Wind Offshore | Actual Aggregated,2026-06-27T15:47:42Z
2026-06-27T15:46:33Z,2026-06-27T17:46:33+0200,4e541c53-98a3-4782-9d6d-b4c701b81d28,2026-06-21T10:00:00Z,2026-06-21T12:00:00+0200,169.24,MW,FR,FR,actual_offshore_wind_generation,Wind Offshore | Actual Aggregated,2026-06-27T15:47:42Z
2026-06-27T15:46:33Z,2026-06-27T17:46:33+0200,4e541c53-98a3-4782-9d6d-b4c701b81d28,2026-06-21T10:15:00Z,2026-06-21T12:15:00+0200,191.93,MW,FR,FR,actual_offshore_wind_generation,Wind Offshore | Actual Aggregated,2026-06-27T15:47:42Z
2026-06-27T15:46:33Z,2026-06-27T17:46:33+0200,4e541c53-98a3-4782-9d6d-b4c701b81d28,2026-06-21T10:30:00Z,2026-06-21T12:30:00+0200,233.84,MW,FR,FR,actual_offshore_wind_generation,Wind Offshore | Actual Aggregated,2026-06-27T15:47:42Z
2026-06-27T15:46:33Z,2026-06-27T17:46:33+0200,4e541c53-98a3-4782-9d6d-b4c701b81d28,2026-06-21T10:45:00Z,2026-06-21T12:45:00+0200,224.32,MW,FR,FR,actual_offshore_wind_generation,Wind Offshore | Actual Aggregated,2026-06-27T15:47:42Z
2026-06-27T15:46:33Z,2026-06-27T17:46:33+0200,4e541c53-98a3-4782-9d6d-b4c701b81d28,2026-06-21T11:00:00Z,2026-06-21T13:00:00+0200,214.69,MW,FR,FR,actual_offshore_wind_generation,Wind Offshore | Actual Aggregated,2026-06-27T15:47:42Z
2026-06-27T15:46:33Z,2026-06-27T17:46:33+0200,4e541c53-98a3-4782-9d6d-b4c701b81d28,2026-06-21T11:15:00Z,2026-06-21T13:15:00+0200,262.85,MW,FR,FR,actual_offshore_wind_generation,Wind Offshore | Actual Aggregated,2026-06-27T15:47:42Z
2026-06-27T15:46:33Z,2026-06-27T17:46:33+0200,4e541c53-98a3-4782-9d6d-b4c701b81d28,2026-06-21T11:30:00Z,2026-06-21T13:30:00+0200,277.45,MW,FR,FR,actual_offshore_wind_generation,Wind Offshore | Actual Aggregated,2026-06-27T15:47:42Z
2026-06-27T15:46:33Z,2026-06-27T17:46:33+0200,4e541c53-98a3-4782-9d6d-b4c701b81d28,2026-06-21T11:45:00Z,2026-06-21T13:45:00+0200,262.78,MW,FR,FR,actual_offshore_wind_generation,Wind Offshore | Actual Aggregated,2026-06-27T15:47:42Z
2026-06-27T15:46:33Z,2026-06-27T17:46:33+0200,4e541c53-98a3-4782-9d6d-b4c701b81d28,2026-06-21T12:00:00Z,2026-06-21T14:00:00+0200,251.75,MW,FR,FR,actual_offshore_wind_generation,Wind Offshore | Actual Aggregated,2026-06-27T15:47:42Z
2026-06-27T15:46:33Z,2026-06-27T17:46:33+0200,4e541c53-98a3-4782-9d6d-b4c701b81d28,2026-06-21T12:15:00Z,2026-06-21T14:15:00+0200,218.22,MW,FR,FR,actual_offshore_wind_generation,Wind Offshore | Actual Aggregated,2026-06-27T15:47:42Z
2026-06-27T15:46:33Z,2026-06-27T17:46:33+0200,4e541c53-98a3-4782-9d6d-b4c701b81d28,2026-06-21T12:30:00Z,2026-06-21T14:30:00+0200,211.96,MW,FR,FR,actual_offshore_wind_generation,Wind Offshore | Actual Aggregated,2026-06-27T15:47:42Z
2026-06-27T15:46:33Z,2026-06-27T17:46:33+0200,4e541c53-98a3-4782-9d6d-b4c701b81d28,2026-06-21T12:45:00Z,2026-06-21T14:45:00+0200,200.18,MW,FR,FR,actual_offshore_wind_generation,Wind Offshore | Actual Aggregated,2026-06-27T15:47:42Z
2026-06-27T15:46:33Z,2026-06-27T17:46:33+0200,4e541c53-98a3-4782-9d6d-b4c701b81d28,2026-06-21T13:00:00Z,2026-06-21T15:00:00+0200,166.53,MW,FR,FR,actual_offshore_wind_generation,Wind Offshore | Actual Aggregated,2026-06-27T15:47:42Z
2026-06-27T15:46:33Z,2026-06-27T17:46:33+0200,4e541c53-98a3-4782-9d6d-b4c701b81d28,2026-06-21T13:15:00Z,2026-06-21T15:15:00+0200,166.61,MW,FR,FR,actual_offshore_wind_generation,Wind Offshore | Actual Aggregated,2026-06-27T15:47:42Z
2026-06-27T15:46:33Z,2026-06-27T17:46:33+0200,4e541c53-98a3-4782-9d6d-b4c701b81d28,2026-06-21T13:30:00Z,2026-06-21T15:30:00+0200,168.77,MW,FR,FR,actual_offshore_wind_generation,Wind Offshore | Actual Aggregated,2026-06-27T15:47:42Z
2026-06-27T15:46:33Z,2026-06-27T17:46:33+0200,4e541c53-98a3-4782-9d6d-b4c701b81d28,2026-06-21T13:45:00Z,2026-06-21T15:45:00+0200,172.46,MW,FR,FR,actual_offshore_wind_generation,Wind Offshore | Actual Aggregated,2026-06-27T15:47:42Z
2026-06-27T15:46:33Z,2026-06-27T17:46:33+0200,4e541c53-98a3-4782-9d6d-b4c701b81d28,2026-06-21T14:00:00Z,2026-06-21T16:00:00+0200,189.76,MW,FR,FR,actual_offshore_wind_generation,Wind Offshore | Actual Aggregated,2026-06-27T15:47:42Z
2026-06-27T15:46:33Z,2026-06-27T17:46:33+0200,4e541c53-98a3-4782-9d6d-b4c701b81d28,2026-06-21T14:15:00Z,2026-06-21T16:15:00+0200,211.95,MW,FR,FR,actual_offshore_wind_generation,Wind Offshore | Actual Aggregated,2026-06-27T15:47:42Z
2026-06-27T15:46:33Z,2026-06-27T17:46:33+0200,4e541c53-98a3-4782-9d6d-b4c701b81d28,2026-06-21T14:30:00Z,2026-06-21T16:30:00+0200,247.38,MW,FR,FR,actual_offshore_wind_generation,Wind Offshore | Actual Aggregated,2026-06-27T15:47:42Z
2026-06-27T15:46:33Z,2026-06-27T17:46:33+0200,4e541c53-98a3-4782-9d6d-b4c701b81d28,2026-06-21T14:45:00Z,2026-06-21T16:45:00+0200,283.24,MW,FR,FR,actual_offshore_wind_generation,Wind Offshore | Actual Aggregated,2026-06-27T15:47:42Z
2026-06-27T15:46:33Z,2026-06-27T17:46:33+0200,4e541c53-98a3-4782-9d6d-b4c701b81d28,2026-06-21T15:00:00Z,2026-06-21T17:00:00+0200,319.22,MW,FR,FR,actual_offshore_wind_generation,Wind Offshore | Actual Aggregated,2026-06-27T15:47:42Z
2026-06-27T15:46:33Z,2026-06-27T17:46:33+0200,4e541c53-98a3-4782-9d6d-b4c701b81d28,2026-06-21T15:15:00Z,2026-06-21T17:15:00+0200,365.24,MW,FR,FR,actual_offshore_wind_generation,Wind Offshore | Actual Aggregated,2026-06-27T15:47:42Z
2026-06-27T15:46:33Z,2026-06-27T17:46:33+0200,4e541c53-98a3-4782-9d6d-b4c701b81d28,2026-06-21T15:30:00Z,2026-06-21T17:30:00+0200,428.59,MW,FR,FR,actual_offshore_wind_generation,Wind Offshore | Actual Aggregated,2026-06-27T15:47:42Z
2026-06-27T15:46:33Z,2026-06-27T17:46:33+0200,4e541c53-98a3-4782-9d6d-b4c701b81d28,2026-06-21T15:45:00Z,2026-06-21T17:45:00+0200,516.48,MW,FR,FR,actual_offshore_wind_generation,Wind Offshore | Actual Aggregated,2026-06-27T15:47:42Z
2026-06-27T15:46:33Z,2026-06-27T17:46:33+0200,4e541c53-98a3-4782-9d6d-b4c701b81d28,2026-06-21T16:00:00Z,2026-06-21T18:00:00+0200,554.99,MW,FR,FR,actual_offshore_wind_generation,Wind Offshore | Actual Aggregated,2026-06-27T15:47:42Z
2026-06-27T15:46:33Z,2026-06-27T17:46:33+0200,4e541c53-98a3-4782-9d6d-b4c701b81d28,2026-06-21T16:15:00Z,2026-06-21T18:15:00+0200,550.4,MW,FR,FR,actual_offshore_wind_generation,Wind Offshore | Actual Aggregated,2026-06-27T15:47:42Z
2026-06-27T15:46:33Z,2026-06-27T17:46:33+0200,4e541c53-98a3-4782-9d6d-b4c701b81d28,2026-06-21T16:30:00Z,2026-06-21T18:30:00+0200,594.24,MW,FR,FR,actual_offshore_wind_generation,Wind Offshore | Actual Aggregated,2026-06-27T15:47:42Z
2026-06-27T15:46:33Z,2026-06-27T17:46:33+0200,4e541c53-98a3-4782-9d6d-b4c701b81d28,2026-06-21T16:45:00Z,2026-06-21T18:45:00+0200,605.88,MW,FR,FR,actual_offshore_wind_generation,Wind Offshore | Actual Aggregated,2026-06-27T15:47:42Z
2026-06-27T15:46:33Z,2026-06-27T17:46:33+0200,4e541c53-98a3-4782-9d6d-b4c701b81d28,2026-06-21T17:00:00Z,2026-06-21T19:00:00+0200,629.42,MW,FR,FR,actual_offshore_wind_generation,Wind Offshore | Actual Aggregated,2026-06-27T15:47:42Z
2026-06-27T15:46:33Z,2026-06-27T17:46:33+0200,4e541c53-98a3-4782-9d6d-b4c701b81d28,2026-06-21T17:15:00Z,2026-06-21T19:15:00+0200,671.18,MW,FR,FR,actual_offshore_wind_generation,Wind Offshore | Actual Aggregated,2026-06-27T15:47:42Z
2026-06-27T15:46:33Z,2026-06-27T17:46:33+0200,4e541c53-98a3-4782-9d6d-b4c701b81d28,2026-06-21T17:30:00Z,2026-06-21T19:30:00+0200,719.29,MW,FR,FR,actual_offshore_wind_generation,Wind Offshore | Actual Aggregated,2026-06-27T15:47:42Z
2026-06-27T15:46:33Z,2026-06-27T17:46:33+0200,4e541c53-98a3-4782-9d6d-b4c701b81d28,2026-06-21T17:45:00Z,2026-06-21T19:45:00+0200,761.22,MW,FR,FR,actual_offshore_wind_generation,Wind Offshore | Actual Aggregated,2026-06-27T15:47:42Z
2026-06-27T15:46:33Z,2026-06-27T17:46:33+0200,4e541c53-98a3-4782-9d6d-b4c701b81d28,2026-06-21T18:00:00Z,2026-06-21T20:00:00+0200,810.7,MW,FR,FR,actual_offshore_wind_generation,Wind Offshore | Actual Aggregated,2026-06-27T15:47:42Z
2026-06-27T15:46:33Z,2026-06-27T17:46:33+0200,4e541c53-98a3-4782-9d6d-b4c701b81d28,2026-06-21T18:15:00Z,2026-06-21T20:15:00+0200,850.37,MW,FR,FR,actual_offshore_wind_generation,Wind Offshore | Actual Aggregated,2026-06-27T15:47:42Z
2026-06-27T15:46:33Z,2026-06-27T17:46:33+0200,4e541c53-98a3-4782-9d6d-b4c701b81d28,2026-06-21T18:30:00Z,2026-06-21T20:30:00+0200,867.63,MW,FR,FR,actual_offshore_wind_generation,Wind Offshore | Actual Aggregated,2026-06-27T15:47:42Z
2026-06-27T15:46:33Z,2026-06-27T17:46:33+0200,4e541c53-98a3-4782-9d6d-b4c701b81d28,2026-06-21T18:45:00Z,2026-06-21T20:45:00+0200,864.77,MW,FR,FR,actual_offshore_wind_generation,Wind Offshore | Actual Aggregated,2026-06-27T15:47:42Z
2026-06-27T15:46:33Z,2026-06-27T17:46:33+0200,4e541c53-98a3-4782-9d6d-b4c701b81d28,2026-06-21T19:00:00Z,2026-06-21T21:00:00+0200,850.84,MW,FR,FR,actual_offshore_wind_generation,Wind Offshore | Actual Aggregated,2026-06-27T15:47:42Z
2026-06-27T15:46:33Z,2026-06-27T17:46:33+0200,4e541c53-98a3-4782-9d6d-b4c701b81d28,2026-06-21T19:15:00Z,2026-06-21T21:15:00+0200,840.29,MW,FR,FR,actual_offshore_wind_generation,Wind Offshore | Actual Aggregated,2026-06-27T15:47:42Z
2026-06-27T15:46:33Z,2026-06-27T17:46:33+0200,4e541c53-98a3-4782-9d6d-b4c701b81d28,2026-06-21T19:30:00Z,2026-06-21T21:30:00+0200,852.68,MW,FR,FR,actual_offshore_wind_generation,Wind Offshore | Actual Aggregated,2026-06-27T15:47:42Z
2026-06-27T15:46:33Z,2026-06-27T17:46:33+0200,4e541c53-98a3-4782-9d6d-b4c701b81d28,2026-06-21T19:45:00Z,2026-06-21T21:45:00+0200,858.92,MW,FR,FR,actual_offshore_wind_generation,Wind Offshore | Actual Aggregated,2026-06-27T15:47:42Z
2026-06-27T15:46:33Z,2026-06-27T17:46:33+0200,4e541c53-98a3-4782-9d6d-b4c701b81d28,2026-06-21T20:00:00Z,2026-06-21T22:00:00+0200,863.5,MW,FR,FR,actual_offshore_wind_generation,Wind Offshore | Actual Aggregated,2026-06-27T15:47:42Z
2026-06-27T15:46:33Z,2026-06-27T17:46:33+0200,4e541c53-98a3-4782-9d6d-b4c701b81d28,2026-06-21T20:15:00Z,2026-06-21T22:15:00+0200,873.21,MW,FR,FR,actual_offshore_wind_generation,Wind Offshore | Actual Aggregated,2026-06-27T15:47:42Z
2026-06-27T15:46:33Z,2026-06-27T17:46:33+0200,4e541c53-98a3-4782-9d6d-b4c701b81d28,2026-06-21T20:30:00Z,2026-06-21T22:30:00+0200,884.21,MW,FR,FR,actual_offshore_wind_generation,Wind Offshore | Actual Aggregated,2026-06-27T15:47:42Z
2026-06-27T15:46:33Z,2026-06-27T17:46:33+0200,4e541c53-98a3-4782-9d6d-b4c701b81d28,2026-06-21T20:45:00Z,2026-06-21T22:45:00+0200,917.63,MW,FR,FR,actual_offshore_wind_generation,Wind Offshore | Actual Aggregated,2026-06-27T15:47:42Z
2026-06-27T15:46:33Z,2026-06-27T17:46:33+0200,4e541c53-98a3-4782-9d6d-b4c701b81d28,2026-06-21T21:00:00Z,2026-06-21T23:00:00+0200,968.88,MW,FR,FR,actual_offshore_wind_generation,Wind Offshore | Actual Aggregated,2026-06-27T15:47:42Z
2026-06-27T15:46:33Z,2026-06-27T17:46:33+0200,4e541c53-98a3-4782-9d6d-b4c701b81d28,2026-06-21T21:15:00Z,2026-06-21T23:15:00+0200,1003.29,MW,FR,FR,actual_offshore_wind_generation,Wind Offshore | Actual Aggregated,2026-06-27T15:47:42Z
2026-06-27T15:46:33Z,2026-06-27T17:46:33+0200,4e541c53-98a3-4782-9d6d-b4c701b81d28,2026-06-21T21:30:00Z,2026-06-21T23:30:00+0200,1068.3,MW,FR,FR,actual_offshore_wind_generation,Wind Offshore | Actual Aggregated,2026-06-27T15:47:42Z
2026-06-27T15:46:33Z,2026-06-27T17:46:33+0200,4e541c53-98a3-4782-9d6d-b4c701b81d28,2026-06-21T21:45:00Z,2026-06-21T23:45:00+0200,1126.58,MW,FR,FR,actual_offshore_wind_generation,Wind Offshore | Actual Aggregated,2026-06-27T15:47:42Z
2026-06-27T15:46:33Z,2026-06-27T17:46:33+0200,4e541c53-98a3-4782-9d6d-b4c701b81d28,2026-06-21T22:00:00Z,2026-06-22T00:00:00+0200,1171.12,MW,FR,FR,actual_offshore_wind_generation,Wind Offshore | Actual Aggregated,2026-06-27T15:47:42Z
2026-06-27T15:46:33Z,2026-06-27T17:46:33+0200,4e541c53-98a3-4782-9d6d-b4c701b81d28,2026-06-21T22:15:00Z,2026-06-22T00:15:00+0200,1165.19,MW,FR,FR,actual_offshore_wind_generation,Wind Offshore | Actual Aggregated,2026-06-27T15:47:42Z
2026-06-27T15:46:33Z,2026-06-27T17:46:33+0200,4e541c53-98a3-4782-9d6d-b4c701b81d28,2026-06-21T22:30:00Z,2026-06-22T00:30:00+0200,1182.28,MW,FR,FR,actual_offshore_wind_generation,Wind Offshore | Actual Aggregated,2026-06-27T15:47:42Z
2026-06-27T15:46:33Z,2026-06-27T17:46:33+0200,4e541c53-98a3-4782-9d6d-b4c701b81d28,2026-06-21T22:45:00Z,2026-06-22T00:45:00+0200,1216.7,MW,FR,FR,actual_offshore_wind_generation,Wind Offshore | Actual Aggregated,2026-06-27T15:47:42Z
2026-06-27T15:46:33Z,2026-06-27T17:46:33+0200,4e541c53-98a3-4782-9d6d-b4c701b81d28,2026-06-21T23:00:00Z,2026-06-22T01:00:00+0200,1178.04,MW,FR,FR,actual_offshore_wind_generation,Wind Offshore | Actual Aggregated,2026-06-27T15:47:42Z
2026-06-27T15:46:33Z,2026-06-27T17:46:33+0200,4e541c53-98a3-4782-9d6d-b4c701b81d28,2026-06-21T23:15:00Z,2026-06-22T01:15:00+0200,1105.38,MW,FR,FR,actual_offshore_wind_generation,Wind Offshore | Actual Aggregated,2026-06-27T15:47:42Z
2026-06-27T15:46:33Z,2026-06-27T17:46:33+0200,4e541c53-98a3-4782-9d6d-b4c701b81d28,2026-06-21T23:30:00Z,2026-06-22T01:30:00+0200,1008.65,MW,FR,FR,actual_offshore_wind_generation,Wind Offshore | Actual Aggregated,2026-06-27T15:47:42Z
2026-06-27T15:46:33Z,2026-06-27T17:46:33+0200,4e541c53-98a3-4782-9d6d-b4c701b81d28,2026-06-21T23:45:00Z,2026-06-22T01:45:00+0200,944.62,MW,FR,FR,actual_offshore_wind_generation,Wind Offshore | Actual Aggregated,2026-06-27T15:47:42Z
2026-06-27T15:46:33Z,2026-06-27T17:46:33+0200,4e541c53-98a3-4782-9d6d-b4c701b81d28,2026-06-22T00:00:00Z,2026-06-22T02:00:00+0200,1008.74,MW,FR,FR,actual_offshore_wind_generation,Wind Offshore | Actual Aggregated,2026-06-27T15:47:42Z
2026-06-27T15:46:33Z,2026-06-27T17:46:33+0200,4e541c53-98a3-4782-9d6d-b4c701b81d28,2026-06-22T00:15:00Z,2026-06-22T02:15:00+0200,1116.05,MW,FR,FR,actual_offshore_wind_generation,Wind Offshore | Actual Aggregated,2026-06-27T15:47:42Z
2026-06-27T15:46:33Z,2026-06-27T17:46:33+0200,4e541c53-98a3-4782-9d6d-b4c701b81d28,2026-06-22T00:30:00Z,2026-06-22T02:30:00+0200,1125.54,MW,FR,FR,actual_offshore_wind_generation,Wind Offshore | Actual Aggregated,2026-06-27T15:47:42Z
2026-06-27T15:46:33Z,2026-06-27T17:46:33+0200,4e541c53-98a3-4782-9d6d-b4c701b81d28,2026-06-22T00:45:00Z,2026-06-22T02:45:00+0200,1057.65,MW,FR,FR,actual_offshore_wind_generation,Wind Offshore | Actual Aggregated,2026-06-27T15:47:42Z
2026-06-27T15:46:33Z,2026-06-27T17:46:33+0200,4e541c53-98a3-4782-9d6d-b4c701b81d28,2026-06-22T01:00:00Z,2026-06-22T03:00:00+0200,987.94,MW,FR,FR,actual_offshore_wind_generation,Wind Offshore | Actual Aggregated,2026-06-27T15:47:42Z
2026-06-27T15:46:33Z,2026-06-27T17:46:33+0200,4e541c53-98a3-4782-9d6d-b4c701b81d28,2026-06-22T01:15:00Z,2026-06-22T03:15:00+0200,952.24,MW,FR,FR,actual_offshore_wind_generation,Wind Offshore | Actual Aggregated,2026-06-27T15:47:42Z
2026-06-27T15:46:33Z,2026-06-27T17:46:33+0200,4e541c53-98a3-4782-9d6d-b4c701b81d28,2026-06-22T01:30:00Z,2026-06-22T03:30:00+0200,920.0,MW,FR,FR,actual_offshore_wind_generation,Wind Offshore | Actual Aggregated,2026-06-27T15:47:42Z
2026-06-27T15:46:33Z,2026-06-27T17:46:33+0200,4e541c53-98a3-4782-9d6d-b4c701b81d28,2026-06-22T01:45:00Z,2026-06-22T03:45:00+0200,885.84,MW,FR,FR,actual_offshore_wind_generation,Wind Offshore | Actual Aggregated,2026-06-27T15:47:42Z
2026-06-27T15:46:33Z,2026-06-27T17:46:33+0200,4e541c53-98a3-4782-9d6d-b4c701b81d28,2026-06-22T02:00:00Z,2026-06-22T04:00:00+0200,864.74,MW,FR,FR,actual_offshore_wind_generation,Wind Offshore | Actual Aggregated,2026-06-27T15:47:42Z
2026-06-27T15:46:33Z,2026-06-27T17:46:33+0200,4e541c53-98a3-4782-9d6d-b4c701b81d28,2026-06-22T02:15:00Z,2026-06-22T04:15:00+0200,825.97,MW,FR,FR,actual_offshore_wind_generation,Wind Offshore | Actual Aggregated,2026-06-27T15:47:42Z
2026-06-27T15:46:33Z,2026-06-27T17:46:33+0200,4e541c53-98a3-4782-9d6d-b4c701b81d28,2026-06-22T02:30:00Z,2026-06-22T04:30:00+0200,804.36,MW,FR,FR,actual_offshore_wind_generation,Wind Offshore | Actual Aggregated,2026-06-27T15:47:42Z
2026-06-27T15:46:33Z,2026-06-27T17:46:33+0200,4e541c53-98a3-4782-9d6d-b4c701b81d28,2026-06-22T02:45:00Z,2026-06-22T04:45:00+0200,738.62,MW,FR,FR,actual_offshore_wind_generation,Wind Offshore | Actual Aggregated,2026-06-27T15:47:42Z
2026-06-27T15:46:33Z,2026-06-27T17:46:33+0200,4e541c53-98a3-4782-9d6d-b4c701b81d28,2026-06-22T03:00:00Z,2026-06-22T05:00:00+0200,698.23,MW,FR,FR,actual_offshore_wind_generation,Wind Offshore | Actual Aggregated,2026-06-27T15:47:42Z
2026-06-27T15:46:33Z,2026-06-27T17:46:33+0200,4e541c53-98a3-4782-9d6d-b4c701b81d28,2026-06-22T03:15:00Z,2026-06-22T05:15:00+0200,731.65,MW,FR,FR,actual_offshore_wind_generation,Wind Offshore | Actual Aggregated,2026-06-27T15:47:42Z
2026-06-27T15:46:33Z,2026-06-27T17:46:33+0200,4e541c53-98a3-4782-9d6d-b4c701b81d28,2026-06-22T03:30:00Z,2026-06-22T05:30:00+0200,737.35,MW,FR,FR,actual_offshore_wind_generation,Wind Offshore | Actual Aggregated,2026-06-27T15:47:42Z
2026-06-27T15:46:33Z,2026-06-27T17:46:33+0200,4e541c53-98a3-4782-9d6d-b4c701b81d28,2026-06-22T03:45:00Z,2026-06-22T05:45:00+0200,711.37,MW,FR,FR,actual_offshore_wind_generation,Wind Offshore | Actual Aggregated,2026-06-27T15:47:42Z
2026-06-27T15:46:33Z,2026-06-27T17:46:33+0200,4e541c53-98a3-4782-9d6d-b4c701b81d28,2026-06-22T04:00:00Z,2026-06-22T06:00:00+0200,649.83,MW,FR,FR,actual_offshore_wind_generation,Wind Offshore | Actual Aggregated,2026-06-27T15:47:42Z
2026-06-27T15:46:33Z,2026-06-27T17:46:33+0200,4e541c53-98a3-4782-9d6d-b4c701b81d28,2026-06-22T04:15:00Z,2026-06-22T06:15:00+0200,673.71,MW,FR,FR,actual_offshore_wind_generation,Wind Offshore | Actual Aggregated,2026-06-27T15:47:42Z
2026-06-27T15:46:33Z,2026-06-27T17:46:33+0200,4e541c53-98a3-4782-9d6d-b4c701b81d28,2026-06-22T04:30:00Z,2026-06-22T06:30:00+0200,448.02,MW,FR,FR,actual_offshore_wind_generation,Wind Offshore | Actual Aggregated,2026-06-27T15:47:42Z
2026-06-27T15:46:33Z,2026-06-27T17:46:33+0200,4e541c53-98a3-4782-9d6d-b4c701b81d28,2026-06-22T04:45:00Z,2026-06-22T06:45:00+0200,423.27,MW,FR,FR,actual_offshore_wind_generation,Wind Offshore | Actual Aggregated,2026-06-27T15:47:42Z
2026-06-27T15:46:33Z,2026-06-27T17:46:33+0200,4e541c53-98a3-4782-9d6d-b4c701b81d28,2026-06-22T05:00:00Z,2026-06-22T07:00:00+0200,519.85,MW,FR,FR,actual_offshore_wind_generation,Wind Offshore | Actual Aggregated,2026-06-27T15:47:42Z
2026-06-27T15:46:33Z,2026-06-27T17:46:33+0200,4e541c53-98a3-4782-9d6d-b4c701b81d28,2026-06-22T05:15:00Z,2026-06-22T07:15:00+0200,472.19,MW,FR,FR,actual_offshore_wind_generation,Wind Offshore | Actual Aggregated,2026-06-27T15:47:42Z
2026-06-27T15:46:33Z,2026-06-27T17:46:33+0200,4e541c53-98a3-4782-9d6d-b4c701b81d28,2026-06-22T05:30:00Z,2026-06-22T07:30:00+0200,457.4,MW,FR,FR,actual_offshore_wind_generation,Wind Offshore | Actual Aggregated,2026-06-27T15:47:42Z
2026-06-27T15:46:33Z,2026-06-27T17:46:33+0200,4e541c53-98a3-4782-9d6d-b4c701b81d28,2026-06-22T05:45:00Z,2026-06-22T07:45:00+0200,559.39,MW,FR,FR,actual_offshore_wind_generation,Wind Offshore | Actual Aggregated,2026-06-27T15:47:42Z
2026-06-27T15:46:33Z,2026-06-27T17:46:33+0200,4e541c53-98a3-4782-9d6d-b4c701b81d28,2026-06-22T06:00:00Z,2026-06-22T08:00:00+0200,569.48,MW,FR,FR,actual_offshore_wind_generation,Wind Offshore | Actual Aggregated,2026-06-27T15:47:42Z
2026-06-27T15:46:33Z,2026-06-27T17:46:33+0200,4e541c53-98a3-4782-9d6d-b4c701b81d28,2026-06-22T06:15:00Z,2026-06-22T08:15:00+0200,539.57,MW,FR,FR,actual_offshore_wind_generation,Wind Offshore | Actual Aggregated,2026-06-27T15:47:42Z
2026-06-27T15:46:33Z,2026-06-27T17:46:33+0200,4e541c53-98a3-4782-9d6d-b4c701b81d28,2026-06-22T06:30:00Z,2026-06-22T08:30:00+0200,548.78,MW,FR,FR,actual_offshore_wind_generation,Wind Offshore | Actual Aggregated,2026-06-27T15:47:42Z
2026-06-27T15:46:33Z,2026-06-27T17:46:33+0200,4e541c53-98a3-4782-9d6d-b4c701b81d28,2026-06-22T06:45:00Z,2026-06-22T08:45:00+0200,516.62,MW,FR,FR,actual_offshore_wind_generation,Wind Offshore | Actual Aggregated,2026-06-27T15:47:42Z
2026-06-27T15:46:33Z,2026-06-27T17:46:33+0200,4e541c53-98a3-4782-9d6d-b4c701b81d28,2026-06-22T07:00:00Z,2026-06-22T09:00:00+0200,478.93,MW,FR,FR,actual_offshore_wind_generation,Wind Offshore | Actual Aggregated,2026-06-27T15:47:42Z
2026-06-27T15:46:33Z,2026-06-27T17:46:33+0200,4e541c53-98a3-4782-9d6d-b4c701b81d28,2026-06-22T07:15:00Z,2026-06-22T09:15:00+0200,488.84,MW,FR,FR,actual_offshore_wind_generation,Wind Offshore | Actual Aggregated,2026-06-27T15:47:42Z
2026-06-27T15:46:33Z,2026-06-27T17:46:33+0200,4e541c53-98a3-4782-9d6d-b4c701b81d28,2026-06-22T07:30:00Z,2026-06-22T09:30:00+0200,463.49,MW,FR,FR,actual_offshore_wind_generation,Wind Offshore | Actual Aggregated,2026-06-27T15:47:42Z
2026-06-27T15:46:33Z,2026-06-27T17:46:33+0200,4e541c53-98a3-4782-9d6d-b4c701b81d28,2026-06-22T07:45:00Z,2026-06-22T09:45:00+0200,362.07,MW,FR,FR,actual_offshore_wind_generation,Wind Offshore | Actual Aggregated,2026-06-27T15:47:42Z
2026-06-27T15:46:33Z,2026-06-27T17:46:33+0200,4e541c53-98a3-4782-9d6d-b4c701b81d28,2026-06-22T08:00:00Z,2026-06-22T10:00:00+0200,315.03,MW,FR,FR,actual_offshore_wind_generation,Wind Offshore | Actual Aggregated,2026-06-27T15:47:42Z
2026-06-27T15:46:33Z,2026-06-27T17:46:33+0200,4e541c53-98a3-4782-9d6d-b4c701b81d28,2026-06-22T08:15:00Z,2026-06-22T10:15:00+0200,290.88,MW,FR,FR,actual_offshore_wind_generation,Wind Offshore | Actual Aggregated,2026-06-27T15:47:42Z
2026-06-27T15:46:33Z,2026-06-27T17:46:33+0200,4e541c53-98a3-4782-9d6d-b4c701b81d28,2026-06-22T08:30:00Z,2026-06-22T10:30:00+0200,221.38,MW,FR,FR,actual_offshore_wind_generation,Wind Offshore | Actual Aggregated,2026-06-27T15:47:42Z
2026-06-27T15:46:33Z,2026-06-27T17:46:33+0200,4e541c53-98a3-4782-9d6d-b4c701b81d28,2026-06-22T08:45:00Z,2026-06-22T10:45:00+0200,259.8,MW,FR,FR,actual_offshore_wind_generation,Wind Offshore | Actual Aggregated,2026-06-27T15:47:42Z
2026-06-27T15:46:33Z,2026-06-27T17:46:33+0200,4e541c53-98a3-4782-9d6d-b4c701b81d28,2026-06-22T09:00:00Z,2026-06-22T11:00:00+0200,228.28,MW,FR,FR,actual_offshore_wind_generation,Wind Offshore | Actual Aggregated,2026-06-27T15:47:42Z
2026-06-27T15:46:33Z,2026-06-27T17:46:33+0200,4e541c53-98a3-4782-9d6d-b4c701b81d28,2026-06-22T09:15:00Z,2026-06-22T11:15:00+0200,221.48,MW,FR,FR,actual_offshore_wind_generation,Wind Offshore | Actual Aggregated,2026-06-27T15:47:42Z
2026-06-27T15:46:33Z,2026-06-27T17:46:33+0200,4e541c53-98a3-4782-9d6d-b4c701b81d28,2026-06-22T09:30:00Z,2026-06-22T11:30:00+0200,212.5,MW,FR,FR,actual_offshore_wind_generation,Wind Offshore | Actual Aggregated,2026-06-27T15:47:42Z
2026-06-27T15:46:33Z,2026-06-27T17:46:33+0200,4e541c53-98a3-4782-9d6d-b4c701b81d28,2026-06-22T09:45:00Z,2026-06-22T11:45:00+0200,229.71,MW,FR,FR,actual_offshore_wind_generation,Wind Offshore | Actual Aggregated,2026-06-27T15:47:42Z
2026-06-27T15:46:33Z,2026-06-27T17:46:33+0200,4e541c53-98a3-4782-9d6d-b4c701b81d28,2026-06-22T10:00:00Z,2026-06-22T12:00:00+0200,255.43,MW,FR,FR,actual_offshore_wind_generation,Wind Offshore | Actual Aggregated,2026-06-27T15:47:42Z
2026-06-27T15:46:33Z,2026-06-27T17:46:33+0200,4e541c53-98a3-4782-9d6d-b4c701b81d28,2026-06-22T10:15:00Z,2026-06-22T12:15:00+0200,251.81,MW,FR,FR,actual_offshore_wind_generation,Wind Offshore | Actual Aggregated,2026-06-27T15:47:42Z
2026-06-27T15:46:33Z,2026-06-27T17:46:33+0200,4e541c53-98a3-4782-9d6d-b4c701b81d28,2026-06-22T10:30:00Z,2026-06-22T12:30:00+0200,287.57,MW,FR,FR,actual_offshore_wind_generation,Wind Offshore | Actual Aggregated,2026-06-27T15:47:42Z
2026-06-27T15:46:33Z,2026-06-27T17:46:33+0200,4e541c53-98a3-4782-9d6d-b4c701b81d28,2026-06-22T10:45:00Z,2026-06-22T12:45:00+0200,326.2,MW,FR,FR,actual_offshore_wind_generation,Wind Offshore | Actual Aggregated,2026-06-27T15:47:42Z
2026-06-27T15:46:33Z,2026-06-27T17:46:33+0200,4e541c53-98a3-4782-9d6d-b4c701b81d28,2026-06-22T11:00:00Z,2026-06-22T13:00:00+0200,368.52,MW,FR,FR,actual_offshore_wind_generation,Wind Offshore | Actual Aggregated,2026-06-27T15:47:42Z
2026-06-27T15:46:33Z,2026-06-27T17:46:33+0200,4e541c53-98a3-4782-9d6d-b4c701b81d28,2026-06-22T11:15:00Z,2026-06-22T13:15:00+0200,340.11,MW,FR,FR,actual_offshore_wind_generation,Wind Offshore | Actual Aggregated,2026-06-27T15:47:42Z
2026-06-27T15:46:33Z,2026-06-27T17:46:33+0200,4e541c53-98a3-4782-9d6d-b4c701b81d28,2026-06-22T11:30:00Z,2026-06-22T13:30:00+0200,330.42,MW,FR,FR,actual_offshore_wind_generation,Wind Offshore | Actual Aggregated,2026-06-27T15:47:42Z
2026-06-27T15:46:33Z,2026-06-27T17:46:33+0200,4e541c53-98a3-4782-9d6d-b4c701b81d28,2026-06-22T11:45:00Z,2026-06-22T13:45:00+0200,277.03,MW,FR,FR,actual_offshore_wind_generation,Wind Offshore | Actual Aggregated,2026-06-27T15:47:42Z
2026-06-27T15:46:33Z,2026-06-27T17:46:33+0200,4e541c53-98a3-4782-9d6d-b4c701b81d28,2026-06-22T12:00:00Z,2026-06-22T14:00:00+0200,237.69,MW,FR,FR,actual_offshore_wind_generation,Wind Offshore | Actual Aggregated,2026-06-27T15:47:42Z
2026-06-27T15:46:33Z,2026-06-27T17:46:33+0200,4e541c53-98a3-4782-9d6d-b4c701b81d28,2026-06-22T12:15:00Z,2026-06-22T14:15:00+0200,231.98,MW,FR,FR,actual_offshore_wind_generation,Wind Offshore | Actual Aggregated,2026-06-27T15:47:42Z
2026-06-27T15:46:33Z,2026-06-27T17:46:33+0200,4e541c53-98a3-4782-9d6d-b4c701b81d28,2026-06-22T12:30:00Z,2026-06-22T14:30:00+0200,245.23,MW,FR,FR,actual_offshore_wind_generation,Wind Offshore | Actual Aggregated,2026-06-27T15:47:42Z
2026-06-27T15:46:33Z,2026-06-27T17:46:33+0200,4e541c53-98a3-4782-9d6d-b4c701b81d28,2026-06-22T12:45:00Z,2026-06-22T14:45:00+0200,265.9,MW,FR,FR,actual_offshore_wind_generation,Wind Offshore | Actual Aggregated,2026-06-27T15:47:42Z
2026-06-27T15:46:33Z,2026-06-27T17:46:33+0200,4e541c53-98a3-4782-9d6d-b4c701b81d28,2026-06-22T13:00:00Z,2026-06-22T15:00:00+0200,278.02,MW,FR,FR,actual_offshore_wind_generation,Wind Offshore | Actual Aggregated,2026-06-27T15:47:42Z
2026-06-27T15:46:33Z,2026-06-27T17:46:33+0200,4e541c53-98a3-4782-9d6d-b4c701b81d28,2026-06-22T13:15:00Z,2026-06-22T15:15:00+0200,304.79,MW,FR,FR,actual_offshore_wind_generation,Wind Offshore | Actual Aggregated,2026-06-27T15:47:42Z
2026-06-27T15:46:33Z,2026-06-27T17:46:33+0200,4e541c53-98a3-4782-9d6d-b4c701b81d28,2026-06-22T13:30:00Z,2026-06-22T15:30:00+0200,341.46,MW,FR,FR,actual_offshore_wind_generation,Wind Offshore | Actual Aggregated,2026-06-27T15:47:42Z
2026-06-27T15:46:33Z,2026-06-27T17:46:33+0200,4e541c53-98a3-4782-9d6d-b4c701b81d28,2026-06-22T13:45:00Z,2026-06-22T15:45:00+0200,361.22,MW,FR,FR,actual_offshore_wind_generation,Wind Offshore | Actual Aggregated,2026-06-27T15:47:42Z
2026-06-27T15:46:33Z,2026-06-27T17:46:33+0200,4e541c53-98a3-4782-9d6d-b4c701b81d28,2026-06-22T14:00:00Z,2026-06-22T16:00:00+0200,394.7,MW,FR,FR,actual_offshore_wind_generation,Wind Offshore | Actual Aggregated,2026-06-27T15:47:42Z
2026-06-27T15:46:33Z,2026-06-27T17:46:33+0200,4e541c53-98a3-4782-9d6d-b4c701b81d28,2026-06-22T14:15:00Z,2026-06-22T16:15:00+0200,429.84,MW,FR,FR,actual_offshore_wind_generation,Wind Offshore | Actual Aggregated,2026-06-27T15:47:42Z
2026-06-27T15:46:33Z,2026-06-27T17:46:33+0200,4e541c53-98a3-4782-9d6d-b4c701b81d28,2026-06-22T14:30:00Z,2026-06-22T16:30:00+0200,463.04,MW,FR,FR,actual_offshore_wind_generation,Wind Offshore | Actual Aggregated,2026-06-27T15:47:42Z
2026-06-27T15:46:33Z,2026-06-27T17:46:33+0200,4e541c53-98a3-4782-9d6d-b4c701b81d28,2026-06-22T14:45:00Z,2026-06-22T16:45:00+0200,455.37,MW,FR,FR,actual_offshore_wind_generation,Wind Offshore | Actual Aggregated,2026-06-27T15:47:42Z
2026-06-27T15:46:33Z,2026-06-27T17:46:33+0200,4e541c53-98a3-4782-9d6d-b4c701b81d28,2026-06-22T15:00:00Z,2026-06-22T17:00:00+0200,488.17,MW,FR,FR,actual_offshore_wind_generation,Wind Offshore | Actual Aggregated,2026-06-27T15:47:42Z
2026-06-27T15:46:33Z,2026-06-27T17:46:33+0200,4e541c53-98a3-4782-9d6d-b4c701b81d28,2026-06-22T15:15:00Z,2026-06-22T17:15:00+0200,493.98,MW,FR,FR,actual_offshore_wind_generation,Wind Offshore | Actual Aggregated,2026-06-27T15:47:42Z
2026-06-27T15:46:33Z,2026-06-27T17:46:33+0200,4e541c53-98a3-4782-9d6d-b4c701b81d28,2026-06-22T15:30:00Z,2026-06-22T17:30:00+0200,505.01,MW,FR,FR,actual_offshore_wind_generation,Wind Offshore | Actual Aggregated,2026-06-27T15:47:42Z
2026-06-27T15:46:33Z,2026-06-27T17:46:33+0200,4e541c53-98a3-4782-9d6d-b4c701b81d28,2026-06-22T15:45:00Z,2026-06-22T17:45:00+0200,508.96,MW,FR,FR,actual_offshore_wind_generation,Wind Offshore | Actual Aggregated,2026-06-27T15:47:42Z
2026-06-27T15:46:33Z,2026-06-27T17:46:33+0200,4e541c53-98a3-4782-9d6d-b4c701b81d28,2026-06-22T16:00:00Z,2026-06-22T18:00:00+0200,507.1,MW,FR,FR,actual_offshore_wind_generation,Wind Offshore | Actual Aggregated,2026-06-27T15:47:42Z
2026-06-27T15:46:33Z,2026-06-27T17:46:33+0200,4e541c53-98a3-4782-9d6d-b4c701b81d28,2026-06-22T16:15:00Z,2026-06-22T18:15:00+0200,497.57,MW,FR,FR,actual_offshore_wind_generation,Wind Offshore | Actual Aggregated,2026-06-27T15:47:42Z
2026-06-27T15:46:33Z,2026-06-27T17:46:33+0200,4e541c53-98a3-4782-9d6d-b4c701b81d28,2026-06-22T16:30:00Z,2026-06-22T18:30:00+0200,504.27,MW,FR,FR,actual_offshore_wind_generation,Wind Offshore | Actual Aggregated,2026-06-27T15:47:42Z
2026-06-27T15:46:33Z,2026-06-27T17:46:33+0200,4e541c53-98a3-4782-9d6d-b4c701b81d28,2026-06-22T16:45:00Z,2026-06-22T18:45:00+0200,497.21,MW,FR,FR,actual_offshore_wind_generation,Wind Offshore | Actual Aggregated,2026-06-27T15:47:42Z
2026-06-27T15:46:33Z,2026-06-27T17:46:33+0200,4e541c53-98a3-4782-9d6d-b4c701b81d28,2026-06-22T17:00:00Z,2026-06-22T19:00:00+0200,485.7,MW,FR,FR,actual_offshore_wind_generation,Wind Offshore | Actual Aggregated,2026-06-27T15:47:42Z
2026-06-27T15:46:33Z,2026-06-27T17:46:33+0200,4e541c53-98a3-4782-9d6d-b4c701b81d28,2026-06-22T17:15:00Z,2026-06-22T19:15:00+0200,447.89,MW,FR,FR,actual_offshore_wind_generation,Wind Offshore | Actual Aggregated,2026-06-27T15:47:42Z
2026-06-27T15:46:33Z,2026-06-27T17:46:33+0200,4e541c53-98a3-4782-9d6d-b4c701b81d28,2026-06-22T17:30:00Z,2026-06-22T19:30:00+0200,404.19,MW,FR,FR,actual_offshore_wind_generation,Wind Offshore | Actual Aggregated,2026-06-27T15:47:42Z
2026-06-27T15:46:33Z,2026-06-27T17:46:33+0200,4e541c53-98a3-4782-9d6d-b4c701b81d28,2026-06-22T17:45:00Z,2026-06-22T19:45:00+0200,405.1,MW,FR,FR,actual_offshore_wind_generation,Wind Offshore | Actual Aggregated,2026-06-27T15:47:42Z
2026-06-27T15:46:33Z,2026-06-27T17:46:33+0200,4e541c53-98a3-4782-9d6d-b4c701b81d28,2026-06-22T18:00:00Z,2026-06-22T20:00:00+0200,433.46,MW,FR,FR,actual_offshore_wind_generation,Wind Offshore | Actual Aggregated,2026-06-27T15:47:42Z
2026-06-27T15:46:33Z,2026-06-27T17:46:33+0200,4e541c53-98a3-4782-9d6d-b4c701b81d28,2026-06-22T18:15:00Z,2026-06-22T20:15:00+0200,445.65,MW,FR,FR,actual_offshore_wind_generation,Wind Offshore | Actual Aggregated,2026-06-27T15:47:42Z
2026-06-27T15:46:33Z,2026-06-27T17:46:33+0200,4e541c53-98a3-4782-9d6d-b4c701b81d28,2026-06-22T18:30:00Z,2026-06-22T20:30:00+0200,485.87,MW,FR,FR,actual_offshore_wind_generation,Wind Offshore | Actual Aggregated,2026-06-27T15:47:42Z
2026-06-27T15:46:33Z,2026-06-27T17:46:33+0200,4e541c53-98a3-4782-9d6d-b4c701b81d28,2026-06-22T18:45:00Z,2026-06-22T20:45:00+0200,490.68,MW,FR,FR,actual_offshore_wind_generation,Wind Offshore | Actual Aggregated,2026-06-27T15:47:42Z
2026-06-27T15:46:33Z,2026-06-27T17:46:33+0200,4e541c53-98a3-4782-9d6d-b4c701b81d28,2026-06-22T19:00:00Z,2026-06-22T21:00:00+0200,488.99,MW,FR,FR,actual_offshore_wind_generation,Wind Offshore | Actual Aggregated,2026-06-27T15:47:42Z
2026-06-27T15:46:33Z,2026-06-27T17:46:33+0200,4e541c53-98a3-4782-9d6d-b4c701b81d28,2026-06-22T19:15:00Z,2026-06-22T21:15:00+0200,398.16,MW,FR,FR,actual_offshore_wind_generation,Wind Offshore | Actual Aggregated,2026-06-27T15:47:42Z
2026-06-27T15:46:33Z,2026-06-27T17:46:33+0200,4e541c53-98a3-4782-9d6d-b4c701b81d28,2026-06-22T19:30:00Z,2026-06-22T21:30:00+0200,270.34,MW,FR,FR,actual_offshore_wind_generation,Wind Offshore | Actual Aggregated,2026-06-27T15:47:42Z
2026-06-27T15:46:33Z,2026-06-27T17:46:33+0200,4e541c53-98a3-4782-9d6d-b4c701b81d28,2026-06-22T19:45:00Z,2026-06-22T21:45:00+0200,272.58,MW,FR,FR,actual_offshore_wind_generation,Wind Offshore | Actual Aggregated,2026-06-27T15:47:42Z
2026-06-27T15:46:33Z,2026-06-27T17:46:33+0200,4e541c53-98a3-4782-9d6d-b4c701b81d28,2026-06-22T20:00:00Z,2026-06-22T22:00:00+0200,290.63,MW,FR,FR,actual_offshore_wind_generation,Wind Offshore | Actual Aggregated,2026-06-27T15:47:42Z
2026-06-27T15:46:33Z,2026-06-27T17:46:33+0200,4e541c53-98a3-4782-9d6d-b4c701b81d28,2026-06-22T20:15:00Z,2026-06-22T22:15:00+0200,299.81,MW,FR,FR,actual_offshore_wind_generation,Wind Offshore | Actual Aggregated,2026-06-27T15:47:42Z
2026-06-27T15:46:33Z,2026-06-27T17:46:33+0200,4e541c53-98a3-4782-9d6d-b4c701b81d28,2026-06-22T20:30:00Z,2026-06-22T22:30:00+0200,299.21,MW,FR,FR,actual_offshore_wind_generation,Wind Offshore | Actual Aggregated,2026-06-27T15:47:42Z
2026-06-27T15:46:33Z,2026-06-27T17:46:33+0200,4e541c53-98a3-4782-9d6d-b4c701b81d28,2026-06-22T20:45:00Z,2026-06-22T22:45:00+0200,308.55,MW,FR,FR,actual_offshore_wind_generation,Wind Offshore | Actual Aggregated,2026-06-27T15:47:42Z
2026-06-27T15:46:33Z,2026-06-27T17:46:33+0200,4e541c53-98a3-4782-9d6d-b4c701b81d28,2026-06-22T21:00:00Z,2026-06-22T23:00:00+0200,347.92,MW,FR,FR,actual_offshore_wind_generation,Wind Offshore | Actual Aggregated,2026-06-27T15:47:42Z
2026-06-27T15:46:33Z,2026-06-27T17:46:33+0200,4e541c53-98a3-4782-9d6d-b4c701b81d28,2026-06-22T21:15:00Z,2026-06-22T23:15:00+0200,351.92,MW,FR,FR,actual_offshore_wind_generation,Wind Offshore | Actual Aggregated,2026-06-27T15:47:42Z
2026-06-27T15:46:33Z,2026-06-27T17:46:33+0200,4e541c53-98a3-4782-9d6d-b4c701b81d28,2026-06-22T21:30:00Z,2026-06-22T23:30:00+0200,353.17,MW,FR,FR,actual_offshore_wind_generation,Wind Offshore | Actual Aggregated,2026-06-27T15:47:42Z
2026-06-27T15:46:33Z,2026-06-27T17:46:33+0200,4e541c53-98a3-4782-9d6d-b4c701b81d28,2026-06-22T21:45:00Z,2026-06-22T23:45:00+0200,340.66,MW,FR,FR,actual_offshore_wind_generation,Wind Offshore | Actual Aggregated,2026-06-27T15:47:42Z
2026-06-27T15:46:33Z,2026-06-27T17:46:33+0200,4e541c53-98a3-4782-9d6d-b4c701b81d28,2026-06-22T22:00:00Z,2026-06-23T00:00:00+0200,314.74,MW,FR,FR,actual_offshore_wind_generation,Wind Offshore | Actual Aggregated,2026-06-27T15:47:42Z
2026-06-27T15:46:33Z,2026-06-27T17:46:33+0200,4e541c53-98a3-4782-9d6d-b4c701b81d28,2026-06-22T22:15:00Z,2026-06-23T00:15:00+0200,302.0,MW,FR,FR,actual_offshore_wind_generation,Wind Offshore | Actual Aggregated,2026-06-27T15:47:42Z
2026-06-27T15:46:33Z,2026-06-27T17:46:33+0200,4e541c53-98a3-4782-9d6d-b4c701b81d28,2026-06-22T22:30:00Z,2026-06-23T00:30:00+0200,311.81,MW,FR,FR,actual_offshore_wind_generation,Wind Offshore | Actual Aggregated,2026-06-27T15:47:42Z
2026-06-27T15:46:33Z,2026-06-27T17:46:33+0200,4e541c53-98a3-4782-9d6d-b4c701b81d28,2026-06-22T22:45:00Z,2026-06-23T00:45:00+0200,318.62,MW,FR,FR,actual_offshore_wind_generation,Wind Offshore | Actual Aggregated,2026-06-27T15:47:42Z
2026-06-27T15:46:33Z,2026-06-27T17:46:33+0200,4e541c53-98a3-4782-9d6d-b4c701b81d28,2026-06-22T23:00:00Z,2026-06-23T01:00:00+0200,297.43,MW,FR,FR,actual_offshore_wind_generation,Wind Offshore | Actual Aggregated,2026-06-27T15:47:42Z
2026-06-27T15:46:33Z,2026-06-27T17:46:33+0200,4e541c53-98a3-4782-9d6d-b4c701b81d28,2026-06-22T23:15:00Z,2026-06-23T01:15:00+0200,261.23,MW,FR,FR,actual_offshore_wind_generation,Wind Offshore | Actual Aggregated,2026-06-27T15:47:42Z
2026-06-27T15:46:33Z,2026-06-27T17:46:33+0200,4e541c53-98a3-4782-9d6d-b4c701b81d28,2026-06-22T23:30:00Z,2026-06-23T01:30:00+0200,253.99,MW,FR,FR,actual_offshore_wind_generation,Wind Offshore | Actual Aggregated,2026-06-27T15:47:42Z
2026-06-27T15:46:33Z,2026-06-27T17:46:33+0200,4e541c53-98a3-4782-9d6d-b4c701b81d28,2026-06-22T23:45:00Z,2026-06-23T01:45:00+0200,253.27,MW,FR,FR,actual_offshore_wind_generation,Wind Offshore | Actual Aggregated,2026-06-27T15:47:42Z
2026-06-27T15:46:33Z,2026-06-27T17:46:33+0200,4e541c53-98a3-4782-9d6d-b4c701b81d28,2026-06-23T00:00:00Z,2026-06-23T02:00:00+0200,244.62,MW,FR,FR,actual_offshore_wind_generation,Wind Offshore | Actual Aggregated,2026-06-27T15:47:42Z
2026-06-27T15:46:33Z,2026-06-27T17:46:33+0200,4e541c53-98a3-4782-9d6d-b4c701b81d28,2026-06-23T00:15:00Z,2026-06-23T02:15:00+0200,227.83,MW,FR,FR,actual_offshore_wind_generation,Wind Offshore | Actual Aggregated,2026-06-27T15:47:42Z
2026-06-27T15:46:33Z,2026-06-27T17:46:33+0200,4e541c53-98a3-4782-9d6d-b4c701b81d28,2026-06-23T00:30:00Z,2026-06-23T02:30:00+0200,197.06,MW,FR,FR,actual_offshore_wind_generation,Wind Offshore | Actual Aggregated,2026-06-27T15:47:42Z
2026-06-27T15:46:33Z,2026-06-27T17:46:33+0200,4e541c53-98a3-4782-9d6d-b4c701b81d28,2026-06-23T00:45:00Z,2026-06-23T02:45:00+0200,186.38,MW,FR,FR,actual_offshore_wind_generation,Wind Offshore | Actual Aggregated,2026-06-27T15:47:42Z
2026-06-27T15:46:33Z,2026-06-27T17:46:33+0200,4e541c53-98a3-4782-9d6d-b4c701b81d28,2026-06-23T01:00:00Z,2026-06-23T03:00:00+0200,204.87,MW,FR,FR,actual_offshore_wind_generation,Wind Offshore | Actual Aggregated,2026-06-27T15:47:42Z
2026-06-27T15:46:33Z,2026-06-27T17:46:33+0200,4e541c53-98a3-4782-9d6d-b4c701b81d28,2026-06-23T01:15:00Z,2026-06-23T03:15:00+0200,205.51,MW,FR,FR,actual_offshore_wind_generation,Wind Offshore | Actual Aggregated,2026-06-27T15:47:42Z
2026-06-27T15:46:33Z,2026-06-27T17:46:33+0200,4e541c53-98a3-4782-9d6d-b4c701b81d28,2026-06-23T01:30:00Z,2026-06-23T03:30:00+0200,192.11,MW,FR,FR,actual_offshore_wind_generation,Wind Offshore | Actual Aggregated,2026-06-27T15:47:42Z
2026-06-27T15:46:33Z,2026-06-27T17:46:33+0200,4e541c53-98a3-4782-9d6d-b4c701b81d28,2026-06-23T01:45:00Z,2026-06-23T03:45:00+0200,183.61,MW,FR,FR,actual_offshore_wind_generation,Wind Offshore | Actual Aggregated,2026-06-27T15:47:42Z
2026-06-27T15:46:33Z,2026-06-27T17:46:33+0200,4e541c53-98a3-4782-9d6d-b4c701b81d28,2026-06-23T02:00:00Z,2026-06-23T04:00:00+0200,189.57,MW,FR,FR,actual_offshore_wind_generation,Wind Offshore | Actual Aggregated,2026-06-27T15:47:42Z
2026-06-27T15:46:33Z,2026-06-27T17:46:33+0200,4e541c53-98a3-4782-9d6d-b4c701b81d28,2026-06-23T02:15:00Z,2026-06-23T04:15:00+0200,193.62,MW,FR,FR,actual_offshore_wind_generation,Wind Offshore | Actual Aggregated,2026-06-27T15:47:42Z
2026-06-27T15:46:33Z,2026-06-27T17:46:33+0200,4e541c53-98a3-4782-9d6d-b4c701b81d28,2026-06-23T02:30:00Z,2026-06-23T04:30:00+0200,212.56,MW,FR,FR,actual_offshore_wind_generation,Wind Offshore | Actual Aggregated,2026-06-27T15:47:42Z
2026-06-27T15:46:33Z,2026-06-27T17:46:33+0200,4e541c53-98a3-4782-9d6d-b4c701b81d28,2026-06-23T02:45:00Z,2026-06-23T04:45:00+0200,203.4,MW,FR,FR,actual_offshore_wind_generation,Wind Offshore | Actual Aggregated,2026-06-27T15:47:42Z
2026-06-27T15:46:33Z,2026-06-27T17:46:33+0200,4e541c53-98a3-4782-9d6d-b4c701b81d28,2026-06-23T03:00:00Z,2026-06-23T05:00:00+0200,180.1,MW,FR,FR,actual_offshore_wind_generation,Wind Offshore | Actual Aggregated,2026-06-27T15:47:42Z
2026-06-27T15:46:33Z,2026-06-27T17:46:33+0200,4e541c53-98a3-4782-9d6d-b4c701b81d28,2026-06-23T03:15:00Z,2026-06-23T05:15:00+0200,160.64,MW,FR,FR,actual_offshore_wind_generation,Wind Offshore | Actual Aggregated,2026-06-27T15:47:42Z
2026-06-27T15:46:33Z,2026-06-27T17:46:33+0200,4e541c53-98a3-4782-9d6d-b4c701b81d28,2026-06-23T03:30:00Z,2026-06-23T05:30:00+0200,177.6,MW,FR,FR,actual_offshore_wind_generation,Wind Offshore | Actual Aggregated,2026-06-27T15:47:42Z
2026-06-27T15:46:33Z,2026-06-27T17:46:33+0200,4e541c53-98a3-4782-9d6d-b4c701b81d28,2026-06-23T03:45:00Z,2026-06-23T05:45:00+0200,220.32,MW,FR,FR,actual_offshore_wind_generation,Wind Offshore | Actual Aggregated,2026-06-27T15:47:42Z
2026-06-27T15:46:33Z,2026-06-27T17:46:33+0200,4e541c53-98a3-4782-9d6d-b4c701b81d28,2026-06-23T04:00:00Z,2026-06-23T06:00:00+0200,255.09,MW,FR,FR,actual_offshore_wind_generation,Wind Offshore | Actual Aggregated,2026-06-27T15:47:42Z
2026-06-27T15:46:33Z,2026-06-27T17:46:33+0200,4e541c53-98a3-4782-9d6d-b4c701b81d28,2026-06-23T04:15:00Z,2026-06-23T06:15:00+0200,253.99,MW,FR,FR,actual_offshore_wind_generation,Wind Offshore | Actual Aggregated,2026-06-27T15:47:42Z
2026-06-27T15:46:33Z,2026-06-27T17:46:33+0200,4e541c53-98a3-4782-9d6d-b4c701b81d28,2026-06-23T04:30:00Z,2026-06-23T06:30:00+0200,241.75,MW,FR,FR,actual_offshore_wind_generation,Wind Offshore | Actual Aggregated,2026-06-27T15:47:42Z
2026-06-27T15:46:33Z,2026-06-27T17:46:33+0200,4e541c53-98a3-4782-9d6d-b4c701b81d28,2026-06-23T04:45:00Z,2026-06-23T06:45:00+0200,250.9,MW,FR,FR,actual_offshore_wind_generation,Wind Offshore | Actual Aggregated,2026-06-27T15:47:42Z
2026-06-27T15:46:33Z,2026-06-27T17:46:33+0200,4e541c53-98a3-4782-9d6d-b4c701b81d28,2026-06-23T05:00:00Z,2026-06-23T07:00:00+0200,249.53,MW,FR,FR,actual_offshore_wind_generation,Wind Offshore | Actual Aggregated,2026-06-27T15:47:42Z
2026-06-27T15:46:33Z,2026-06-27T17:46:33+0200,4e541c53-98a3-4782-9d6d-b4c701b81d28,2026-06-23T05:15:00Z,2026-06-23T07:15:00+0200,242.62,MW,FR,FR,actual_offshore_wind_generation,Wind Offshore | Actual Aggregated,2026-06-27T15:47:42Z
2026-06-27T15:46:33Z,2026-06-27T17:46:33+0200,4e541c53-98a3-4782-9d6d-b4c701b81d28,2026-06-23T05:30:00Z,2026-06-23T07:30:00+0200,319.81,MW,FR,FR,actual_offshore_wind_generation,Wind Offshore | Actual Aggregated,2026-06-27T15:47:42Z
2026-06-27T15:46:33Z,2026-06-27T17:46:33+0200,4e541c53-98a3-4782-9d6d-b4c701b81d28,2026-06-23T05:45:00Z,2026-06-23T07:45:00+0200,393.82,MW,FR,FR,actual_offshore_wind_generation,Wind Offshore | Actual Aggregated,2026-06-27T15:47:42Z
2026-06-27T15:46:33Z,2026-06-27T17:46:33+0200,4e541c53-98a3-4782-9d6d-b4c701b81d28,2026-06-23T06:00:00Z,2026-06-23T08:00:00+0200,368.86,MW,FR,FR,actual_offshore_wind_generation,Wind Offshore | Actual Aggregated,2026-06-27T15:47:42Z
2026-06-27T15:46:33Z,2026-06-27T17:46:33+0200,4e541c53-98a3-4782-9d6d-b4c701b81d28,2026-06-23T06:15:00Z,2026-06-23T08:15:00+0200,383.19,MW,FR,FR,actual_offshore_wind_generation,Wind Offshore | Actual Aggregated,2026-06-27T15:47:42Z
2026-06-27T15:46:33Z,2026-06-27T17:46:33+0200,4e541c53-98a3-4782-9d6d-b4c701b81d28,2026-06-23T06:30:00Z,2026-06-23T08:30:00+0200,371.9,MW,FR,FR,actual_offshore_wind_generation,Wind Offshore | Actual Aggregated,2026-06-27T15:47:42Z
2026-06-27T15:46:33Z,2026-06-27T17:46:33+0200,4e541c53-98a3-4782-9d6d-b4c701b81d28,2026-06-23T06:45:00Z,2026-06-23T08:45:00+0200,378.39,MW,FR,FR,actual_offshore_wind_generation,Wind Offshore | Actual Aggregated,2026-06-27T15:47:42Z
2026-06-27T15:46:33Z,2026-06-27T17:46:33+0200,4e541c53-98a3-4782-9d6d-b4c701b81d28,2026-06-23T07:00:00Z,2026-06-23T09:00:00+0200,375.71,MW,FR,FR,actual_offshore_wind_generation,Wind Offshore | Actual Aggregated,2026-06-27T15:47:42Z
2026-06-27T15:46:33Z,2026-06-27T17:46:33+0200,4e541c53-98a3-4782-9d6d-b4c701b81d28,2026-06-23T07:15:00Z,2026-06-23T09:15:00+0200,396.06,MW,FR,FR,actual_offshore_wind_generation,Wind Offshore | Actual Aggregated,2026-06-27T15:47:42Z
2026-06-27T15:46:33Z,2026-06-27T17:46:33+0200,4e541c53-98a3-4782-9d6d-b4c701b81d28,2026-06-23T07:30:00Z,2026-06-23T09:30:00+0200,408.23,MW,FR,FR,actual_offshore_wind_generation,Wind Offshore | Actual Aggregated,2026-06-27T15:47:42Z
2026-06-27T15:46:33Z,2026-06-27T17:46:33+0200,4e541c53-98a3-4782-9d6d-b4c701b81d28,2026-06-23T07:45:00Z,2026-06-23T09:45:00+0200,401.67,MW,FR,FR,actual_offshore_wind_generation,Wind Offshore | Actual Aggregated,2026-06-27T15:47:42Z
2026-06-27T15:46:33Z,2026-06-27T17:46:33+0200,4e541c53-98a3-4782-9d6d-b4c701b81d28,2026-06-23T08:00:00Z,2026-06-23T10:00:00+0200,382.29,MW,FR,FR,actual_offshore_wind_generation,Wind Offshore | Actual Aggregated,2026-06-27T15:47:42Z
2026-06-27T15:46:33Z,2026-06-27T17:46:33+0200,4e541c53-98a3-4782-9d6d-b4c701b81d28,2026-06-23T08:15:00Z,2026-06-23T10:15:00+0200,349.47,MW,FR,FR,actual_offshore_wind_generation,Wind Offshore | Actual Aggregated,2026-06-27T15:47:42Z
2026-06-27T15:46:33Z,2026-06-27T17:46:33+0200,4e541c53-98a3-4782-9d6d-b4c701b81d28,2026-06-23T08:30:00Z,2026-06-23T10:30:00+0200,328.79,MW,FR,FR,actual_offshore_wind_generation,Wind Offshore | Actual Aggregated,2026-06-27T15:47:42Z
2026-06-27T15:46:33Z,2026-06-27T17:46:33+0200,4e541c53-98a3-4782-9d6d-b4c701b81d28,2026-06-23T08:45:00Z,2026-06-23T10:45:00+0200,298.7,MW,FR,FR,actual_offshore_wind_generation,Wind Offshore | Actual Aggregated,2026-06-27T15:47:42Z
2026-06-27T15:46:33Z,2026-06-27T17:46:33+0200,4e541c53-98a3-4782-9d6d-b4c701b81d28,2026-06-23T09:00:00Z,2026-06-23T11:00:00+0200,284.29,MW,FR,FR,actual_offshore_wind_generation,Wind Offshore | Actual Aggregated,2026-06-27T15:47:42Z
2026-06-27T15:46:33Z,2026-06-27T17:46:33+0200,4e541c53-98a3-4782-9d6d-b4c701b81d28,2026-06-23T09:15:00Z,2026-06-23T11:15:00+0200,285.95,MW,FR,FR,actual_offshore_wind_generation,Wind Offshore | Actual Aggregated,2026-06-27T15:47:42Z
2026-06-27T15:46:33Z,2026-06-27T17:46:33+0200,4e541c53-98a3-4782-9d6d-b4c701b81d28,2026-06-23T09:30:00Z,2026-06-23T11:30:00+0200,285.85,MW,FR,FR,actual_offshore_wind_generation,Wind Offshore | Actual Aggregated,2026-06-27T15:47:42Z
2026-06-27T15:46:33Z,2026-06-27T17:46:33+0200,4e541c53-98a3-4782-9d6d-b4c701b81d28,2026-06-23T09:45:00Z,2026-06-23T11:45:00+0200,274.92,MW,FR,FR,actual_offshore_wind_generation,Wind Offshore | Actual Aggregated,2026-06-27T15:47:42Z
2026-06-27T15:46:33Z,2026-06-27T17:46:33+0200,4e541c53-98a3-4782-9d6d-b4c701b81d28,2026-06-23T10:00:00Z,2026-06-23T12:00:00+0200,258.7,MW,FR,FR,actual_offshore_wind_generation,Wind Offshore | Actual Aggregated,2026-06-27T15:47:42Z
2026-06-27T15:46:33Z,2026-06-27T17:46:33+0200,4e541c53-98a3-4782-9d6d-b4c701b81d28,2026-06-23T10:15:00Z,2026-06-23T12:15:00+0200,190.68,MW,FR,FR,actual_offshore_wind_generation,Wind Offshore | Actual Aggregated,2026-06-27T15:47:42Z
2026-06-27T15:46:33Z,2026-06-27T17:46:33+0200,4e541c53-98a3-4782-9d6d-b4c701b81d28,2026-06-23T10:30:00Z,2026-06-23T12:30:00+0200,12.62,MW,FR,FR,actual_offshore_wind_generation,Wind Offshore | Actual Consumption,2026-06-27T15:47:42Z
2026-06-27T15:46:33Z,2026-06-27T17:46:33+0200,4e541c53-98a3-4782-9d6d-b4c701b81d28,2026-06-23T10:45:00Z,2026-06-23T12:45:00+0200,103.34,MW,FR,FR,actual_offshore_wind_generation,Wind Offshore | Actual Aggregated,2026-06-27T15:47:42Z
2026-06-27T15:46:33Z,2026-06-27T17:46:33+0200,4e541c53-98a3-4782-9d6d-b4c701b81d28,2026-06-23T11:00:00Z,2026-06-23T13:00:00+0200,147.22,MW,FR,FR,actual_offshore_wind_generation,Wind Offshore | Actual Aggregated,2026-06-27T15:47:42Z
2026-06-27T15:46:33Z,2026-06-27T17:46:33+0200,4e541c53-98a3-4782-9d6d-b4c701b81d28,2026-06-23T11:15:00Z,2026-06-23T13:15:00+0200,140.24,MW,FR,FR,actual_offshore_wind_generation,Wind Offshore | Actual Aggregated,2026-06-27T15:47:42Z
2026-06-27T15:46:33Z,2026-06-27T17:46:33+0200,4e541c53-98a3-4782-9d6d-b4c701b81d28,2026-06-23T11:30:00Z,2026-06-23T13:30:00+0200,128.37,MW,FR,FR,actual_offshore_wind_generation,Wind Offshore | Actual Aggregated,2026-06-27T15:47:42Z
2026-06-27T15:46:33Z,2026-06-27T17:46:33+0200,4e541c53-98a3-4782-9d6d-b4c701b81d28,2026-06-23T11:45:00Z,2026-06-23T13:45:00+0200,101.54,MW,FR,FR,actual_offshore_wind_generation,Wind Offshore | Actual Aggregated,2026-06-27T15:47:42Z
2026-06-27T15:46:33Z,2026-06-27T17:46:33+0200,4e541c53-98a3-4782-9d6d-b4c701b81d28,2026-06-23T12:00:00Z,2026-06-23T14:00:00+0200,78.91,MW,FR,FR,actual_offshore_wind_generation,Wind Offshore | Actual Aggregated,2026-06-27T15:47:42Z
2026-06-27T15:46:33Z,2026-06-27T17:46:33+0200,4e541c53-98a3-4782-9d6d-b4c701b81d28,2026-06-23T12:15:00Z,2026-06-23T14:15:00+0200,65.85,MW,FR,FR,actual_offshore_wind_generation,Wind Offshore | Actual Aggregated,2026-06-27T15:47:42Z
2026-06-27T15:46:33Z,2026-06-27T17:46:33+0200,4e541c53-98a3-4782-9d6d-b4c701b81d28,2026-06-23T12:30:00Z,2026-06-23T14:30:00+0200,78.64,MW,FR,FR,actual_offshore_wind_generation,Wind Offshore | Actual Aggregated,2026-06-27T15:47:42Z
2026-06-27T15:46:33Z,2026-06-27T17:46:33+0200,4e541c53-98a3-4782-9d6d-b4c701b81d28,2026-06-23T12:45:00Z,2026-06-23T14:45:00+0200,94.57,MW,FR,FR,actual_offshore_wind_generation,Wind Offshore | Actual Aggregated,2026-06-27T15:47:42Z
2026-06-27T15:46:33Z,2026-06-27T17:46:33+0200,4e541c53-98a3-4782-9d6d-b4c701b81d28,2026-06-23T13:00:00Z,2026-06-23T15:00:00+0200,92.61,MW,FR,FR,actual_offshore_wind_generation,Wind Offshore | Actual Aggregated,2026-06-27T15:47:42Z
2026-06-27T15:46:33Z,2026-06-27T17:46:33+0200,4e541c53-98a3-4782-9d6d-b4c701b81d28,2026-06-23T13:15:00Z,2026-06-23T15:15:00+0200,85.01,MW,FR,FR,actual_offshore_wind_generation,Wind Offshore | Actual Aggregated,2026-06-27T15:47:42Z
2026-06-27T15:46:33Z,2026-06-27T17:46:33+0200,4e541c53-98a3-4782-9d6d-b4c701b81d28,2026-06-23T13:30:00Z,2026-06-23T15:30:00+0200,77.31,MW,FR,FR,actual_offshore_wind_generation,Wind Offshore | Actual Aggregated,2026-06-27T15:47:42Z
2026-06-27T15:46:33Z,2026-06-27T17:46:33+0200,4e541c53-98a3-4782-9d6d-b4c701b81d28,2026-06-23T13:45:00Z,2026-06-23T15:45:00+0200,80.25,MW,FR,FR,actual_offshore_wind_generation,Wind Offshore | Actual Aggregated,2026-06-27T15:47:42Z
2026-06-27T15:46:33Z,2026-06-27T17:46:33+0200,4e541c53-98a3-4782-9d6d-b4c701b81d28,2026-06-23T14:00:00Z,2026-06-23T16:00:00+0200,81.82,MW,FR,FR,actual_offshore_wind_generation,Wind Offshore | Actual Aggregated,2026-06-27T15:47:42Z
2026-06-27T15:46:33Z,2026-06-27T17:46:33+0200,4e541c53-98a3-4782-9d6d-b4c701b81d28,2026-06-23T14:15:00Z,2026-06-23T16:15:00+0200,78.15,MW,FR,FR,actual_offshore_wind_generation,Wind Offshore | Actual Aggregated,2026-06-27T15:47:42Z
2026-06-27T15:46:33Z,2026-06-27T17:46:33+0200,4e541c53-98a3-4782-9d6d-b4c701b81d28,2026-06-23T14:30:00Z,2026-06-23T16:30:00+0200,73.64,MW,FR,FR,actual_offshore_wind_generation,Wind Offshore | Actual Aggregated,2026-06-27T15:47:42Z
2026-06-27T15:46:33Z,2026-06-27T17:46:33+0200,4e541c53-98a3-4782-9d6d-b4c701b81d28,2026-06-23T14:45:00Z,2026-06-23T16:45:00+0200,74.12,MW,FR,FR,actual_offshore_wind_generation,Wind Offshore | Actual Aggregated,2026-06-27T15:47:42Z
2026-06-27T15:46:33Z,2026-06-27T17:46:33+0200,4e541c53-98a3-4782-9d6d-b4c701b81d28,2026-06-23T15:00:00Z,2026-06-23T17:00:00+0200,83.27,MW,FR,FR,actual_offshore_wind_generation,Wind Offshore | Actual Aggregated,2026-06-27T15:47:42Z
2026-06-27T15:46:33Z,2026-06-27T17:46:33+0200,4e541c53-98a3-4782-9d6d-b4c701b81d28,2026-06-23T15:15:00Z,2026-06-23T17:15:00+0200,94.77,MW,FR,FR,actual_offshore_wind_generation,Wind Offshore | Actual Aggregated,2026-06-27T15:47:42Z
2026-06-27T15:46:33Z,2026-06-27T17:46:33+0200,4e541c53-98a3-4782-9d6d-b4c701b81d28,2026-06-23T15:30:00Z,2026-06-23T17:30:00+0200,109.77,MW,FR,FR,actual_offshore_wind_generation,Wind Offshore | Actual Aggregated,2026-06-27T15:47:42Z
2026-06-27T15:46:33Z,2026-06-27T17:46:33+0200,4e541c53-98a3-4782-9d6d-b4c701b81d28,2026-06-23T15:45:00Z,2026-06-23T17:45:00+0200,98.98,MW,FR,FR,actual_offshore_wind_generation,Wind Offshore | Actual Aggregated,2026-06-27T15:47:42Z
2026-06-27T15:46:33Z,2026-06-27T17:46:33+0200,4e541c53-98a3-4782-9d6d-b4c701b81d28,2026-06-23T16:00:00Z,2026-06-23T18:00:00+0200,95.42,MW,FR,FR,actual_offshore_wind_generation,Wind Offshore | Actual Aggregated,2026-06-27T15:47:42Z
2026-06-27T15:46:33Z,2026-06-27T17:46:33+0200,4e541c53-98a3-4782-9d6d-b4c701b81d28,2026-06-23T16:15:00Z,2026-06-23T18:15:00+0200,85.06,MW,FR,FR,actual_offshore_wind_generation,Wind Offshore | Actual Aggregated,2026-06-27T15:47:42Z
2026-06-27T15:46:33Z,2026-06-27T17:46:33+0200,4e541c53-98a3-4782-9d6d-b4c701b81d28,2026-06-23T16:30:00Z,2026-06-23T18:30:00+0200,80.04,MW,FR,FR,actual_offshore_wind_generation,Wind Offshore | Actual Aggregated,2026-06-27T15:47:42Z
2026-06-27T15:46:33Z,2026-06-27T17:46:33+0200,4e541c53-98a3-4782-9d6d-b4c701b81d28,2026-06-23T16:45:00Z,2026-06-23T18:45:00+0200,58.48,MW,FR,FR,actual_offshore_wind_generation,Wind Offshore | Actual Aggregated,2026-06-27T15:47:42Z
2026-06-27T15:46:33Z,2026-06-27T17:46:33+0200,4e541c53-98a3-4782-9d6d-b4c701b81d28,2026-06-23T17:00:00Z,2026-06-23T19:00:00+0200,36.58,MW,FR,FR,actual_offshore_wind_generation,Wind Offshore | Actual Aggregated,2026-06-27T15:47:42Z
2026-06-27T15:46:33Z,2026-06-27T17:46:33+0200,4e541c53-98a3-4782-9d6d-b4c701b81d28,2026-06-23T17:15:00Z,2026-06-23T19:15:00+0200,30.25,MW,FR,FR,actual_offshore_wind_generation,Wind Offshore | Actual Aggregated,2026-06-27T15:47:42Z
2026-06-27T15:46:33Z,2026-06-27T17:46:33+0200,4e541c53-98a3-4782-9d6d-b4c701b81d28,2026-06-23T17:30:00Z,2026-06-23T19:30:00+0200,35.4,MW,FR,FR,actual_offshore_wind_generation,Wind Offshore | Actual Aggregated,2026-06-27T15:47:42Z
2026-06-27T15:46:33Z,2026-06-27T17:46:33+0200,4e541c53-98a3-4782-9d6d-b4c701b81d28,2026-06-23T17:45:00Z,2026-06-23T19:45:00+0200,39.53,MW,FR,FR,actual_offshore_wind_generation,Wind Offshore | Actual Aggregated,2026-06-27T15:47:42Z
2026-06-27T15:46:33Z,2026-06-27T17:46:33+0200,4e541c53-98a3-4782-9d6d-b4c701b81d28,2026-06-23T18:00:00Z,2026-06-23T20:00:00+0200,38.98,MW,FR,FR,actual_offshore_wind_generation,Wind Offshore | Actual Aggregated,2026-06-27T15:47:42Z
2026-06-27T15:46:33Z,2026-06-27T17:46:33+0200,4e541c53-98a3-4782-9d6d-b4c701b81d28,2026-06-23T18:15:00Z,2026-06-23T20:15:00+0200,38.69,MW,FR,FR,actual_offshore_wind_generation,Wind Offshore | Actual Aggregated,2026-06-27T15:47:42Z
2026-06-27T15:46:33Z,2026-06-27T17:46:33+0200,4e541c53-98a3-4782-9d6d-b4c701b81d28,2026-06-23T18:30:00Z,2026-06-23T20:30:00+0200,45.29,MW,FR,FR,actual_offshore_wind_generation,Wind Offshore | Actual Aggregated,2026-06-27T15:47:42Z
2026-06-27T15:46:33Z,2026-06-27T17:46:33+0200,4e541c53-98a3-4782-9d6d-b4c701b81d28,2026-06-23T18:45:00Z,2026-06-23T20:45:00+0200,63.54,MW,FR,FR,actual_offshore_wind_generation,Wind Offshore | Actual Aggregated,2026-06-27T15:47:42Z
2026-06-27T15:46:33Z,2026-06-27T17:46:33+0200,4e541c53-98a3-4782-9d6d-b4c701b81d28,2026-06-23T19:00:00Z,2026-06-23T21:00:00+0200,77.98,MW,FR,FR,actual_offshore_wind_generation,Wind Offshore | Actual Aggregated,2026-06-27T15:47:42Z
2026-06-27T15:46:33Z,2026-06-27T17:46:33+0200,4e541c53-98a3-4782-9d6d-b4c701b81d28,2026-06-23T19:15:00Z,2026-06-23T21:15:00+0200,83.16,MW,FR,FR,actual_offshore_wind_generation,Wind Offshore | Actual Aggregated,2026-06-27T15:47:42Z
2026-06-27T15:46:33Z,2026-06-27T17:46:33+0200,4e541c53-98a3-4782-9d6d-b4c701b81d28,2026-06-23T19:30:00Z,2026-06-23T21:30:00+0200,81.62,MW,FR,FR,actual_offshore_wind_generation,Wind Offshore | Actual Aggregated,2026-06-27T15:47:42Z
2026-06-27T15:46:33Z,2026-06-27T17:46:33+0200,4e541c53-98a3-4782-9d6d-b4c701b81d28,2026-06-23T19:45:00Z,2026-06-23T21:45:00+0200,79.81,MW,FR,FR,actual_offshore_wind_generation,Wind Offshore | Actual Aggregated,2026-06-27T15:47:42Z
2026-06-27T15:46:33Z,2026-06-27T17:46:33+0200,4e541c53-98a3-4782-9d6d-b4c701b81d28,2026-06-23T20:00:00Z,2026-06-23T22:00:00+0200,94.52,MW,FR,FR,actual_offshore_wind_generation,Wind Offshore | Actual Aggregated,2026-06-27T15:47:42Z
2026-06-27T15:46:33Z,2026-06-27T17:46:33+0200,4e541c53-98a3-4782-9d6d-b4c701b81d28,2026-06-23T20:15:00Z,2026-06-23T22:15:00+0200,101.27,MW,FR,FR,actual_offshore_wind_generation,Wind Offshore | Actual Aggregated,2026-06-27T15:47:42Z
2026-06-27T15:46:33Z,2026-06-27T17:46:33+0200,4e541c53-98a3-4782-9d6d-b4c701b81d28,2026-06-23T20:30:00Z,2026-06-23T22:30:00+0200,82.22,MW,FR,FR,actual_offshore_wind_generation,Wind Offshore | Actual Aggregated,2026-06-27T15:47:42Z
2026-06-27T15:46:33Z,2026-06-27T17:46:33+0200,4e541c53-98a3-4782-9d6d-b4c701b81d28,2026-06-23T20:45:00Z,2026-06-23T22:45:00+0200,79.67,MW,FR,FR,actual_offshore_wind_generation,Wind Offshore | Actual Aggregated,2026-06-27T15:47:42Z
2026-06-27T15:46:33Z,2026-06-27T17:46:33+0200,4e541c53-98a3-4782-9d6d-b4c701b81d28,2026-06-23T21:00:00Z,2026-06-23T23:00:00+0200,91.8,MW,FR,FR,actual_offshore_wind_generation,Wind Offshore | Actual Aggregated,2026-06-27T15:47:42Z
2026-06-27T15:46:33Z,2026-06-27T17:46:33+0200,4e541c53-98a3-4782-9d6d-b4c701b81d28,2026-06-23T21:15:00Z,2026-06-23T23:15:00+0200,112.35,MW,FR,FR,actual_offshore_wind_generation,Wind Offshore | Actual Aggregated,2026-06-27T15:47:42Z
2026-06-27T15:46:33Z,2026-06-27T17:46:33+0200,4e541c53-98a3-4782-9d6d-b4c701b81d28,2026-06-23T21:30:00Z,2026-06-23T23:30:00+0200,113.66,MW,FR,FR,actual_offshore_wind_generation,Wind Offshore | Actual Aggregated,2026-06-27T15:47:42Z
2026-06-27T15:46:33Z,2026-06-27T17:46:33+0200,4e541c53-98a3-4782-9d6d-b4c701b81d28,2026-06-23T21:45:00Z,2026-06-23T23:45:00+0200,120.9,MW,FR,FR,actual_offshore_wind_generation,Wind Offshore | Actual Aggregated,2026-06-27T15:47:42Z
2026-06-27T15:46:33Z,2026-06-27T17:46:33+0200,4e541c53-98a3-4782-9d6d-b4c701b81d28,2026-06-23T22:00:00Z,2026-06-24T00:00:00+0200,115.14,MW,FR,FR,actual_offshore_wind_generation,Wind Offshore | Actual Aggregated,2026-06-27T15:47:42Z
2026-06-27T15:46:33Z,2026-06-27T17:46:33+0200,4e541c53-98a3-4782-9d6d-b4c701b81d28,2026-06-23T22:15:00Z,2026-06-24T00:15:00+0200,102.35,MW,FR,FR,actual_offshore_wind_generation,Wind Offshore | Actual Aggregated,2026-06-27T15:47:42Z
2026-06-27T15:46:33Z,2026-06-27T17:46:33+0200,4e541c53-98a3-4782-9d6d-b4c701b81d28,2026-06-23T22:30:00Z,2026-06-24T00:30:00+0200,83.17,MW,FR,FR,actual_offshore_wind_generation,Wind Offshore | Actual Aggregated,2026-06-27T15:47:42Z
2026-06-27T15:46:33Z,2026-06-27T17:46:33+0200,4e541c53-98a3-4782-9d6d-b4c701b81d28,2026-06-23T22:45:00Z,2026-06-24T00:45:00+0200,78.32,MW,FR,FR,actual_offshore_wind_generation,Wind Offshore | Actual Aggregated,2026-06-27T15:47:42Z
2026-06-27T15:46:33Z,2026-06-27T17:46:33+0200,4e541c53-98a3-4782-9d6d-b4c701b81d28,2026-06-23T23:00:00Z,2026-06-24T01:00:00+0200,97.81,MW,FR,FR,actual_offshore_wind_generation,Wind Offshore | Actual Aggregated,2026-06-27T15:47:42Z
2026-06-27T15:46:33Z,2026-06-27T17:46:33+0200,4e541c53-98a3-4782-9d6d-b4c701b81d28,2026-06-23T23:15:00Z,2026-06-24T01:15:00+0200,122.46,MW,FR,FR,actual_offshore_wind_generation,Wind Offshore | Actual Aggregated,2026-06-27T15:47:42Z
2026-06-27T15:46:33Z,2026-06-27T17:46:33+0200,4e541c53-98a3-4782-9d6d-b4c701b81d28,2026-06-23T23:30:00Z,2026-06-24T01:30:00+0200,130.01,MW,FR,FR,actual_offshore_wind_generation,Wind Offshore | Actual Aggregated,2026-06-27T15:47:42Z
2026-06-27T15:46:33Z,2026-06-27T17:46:33+0200,4e541c53-98a3-4782-9d6d-b4c701b81d28,2026-06-23T23:45:00Z,2026-06-24T01:45:00+0200,134.54,MW,FR,FR,actual_offshore_wind_generation,Wind Offshore | Actual Aggregated,2026-06-27T15:47:42Z
2026-06-27T15:46:33Z,2026-06-27T17:46:33+0200,4e541c53-98a3-4782-9d6d-b4c701b81d28,2026-06-24T00:00:00Z,2026-06-24T02:00:00+0200,125.36,MW,FR,FR,actual_offshore_wind_generation,Wind Offshore | Actual Aggregated,2026-06-27T15:47:42Z
2026-06-27T15:46:33Z,2026-06-27T17:46:33+0200,4e541c53-98a3-4782-9d6d-b4c701b81d28,2026-06-24T00:15:00Z,2026-06-24T02:15:00+0200,158.61,MW,FR,FR,actual_offshore_wind_generation,Wind Offshore | Actual Aggregated,2026-06-27T15:47:42Z
2026-06-27T15:46:33Z,2026-06-27T17:46:33+0200,4e541c53-98a3-4782-9d6d-b4c701b81d28,2026-06-24T00:30:00Z,2026-06-24T02:30:00+0200,175.56,MW,FR,FR,actual_offshore_wind_generation,Wind Offshore | Actual Aggregated,2026-06-27T15:47:42Z
2026-06-27T15:46:33Z,2026-06-27T17:46:33+0200,4e541c53-98a3-4782-9d6d-b4c701b81d28,2026-06-24T00:45:00Z,2026-06-24T02:45:00+0200,187.71,MW,FR,FR,actual_offshore_wind_generation,Wind Offshore | Actual Aggregated,2026-06-27T15:47:42Z
2026-06-27T15:46:33Z,2026-06-27T17:46:33+0200,4e541c53-98a3-4782-9d6d-b4c701b81d28,2026-06-24T01:00:00Z,2026-06-24T03:00:00+0200,212.98,MW,FR,FR,actual_offshore_wind_generation,Wind Offshore | Actual Aggregated,2026-06-27T15:47:42Z
2026-06-27T15:46:33Z,2026-06-27T17:46:33+0200,4e541c53-98a3-4782-9d6d-b4c701b81d28,2026-06-24T01:15:00Z,2026-06-24T03:15:00+0200,292.28,MW,FR,FR,actual_offshore_wind_generation,Wind Offshore | Actual Aggregated,2026-06-27T15:47:42Z
2026-06-27T15:46:33Z,2026-06-27T17:46:33+0200,4e541c53-98a3-4782-9d6d-b4c701b81d28,2026-06-24T01:30:00Z,2026-06-24T03:30:00+0200,324.08,MW,FR,FR,actual_offshore_wind_generation,Wind Offshore | Actual Aggregated,2026-06-27T15:47:42Z
2026-06-27T15:46:33Z,2026-06-27T17:46:33+0200,4e541c53-98a3-4782-9d6d-b4c701b81d28,2026-06-24T01:45:00Z,2026-06-24T03:45:00+0200,332.38,MW,FR,FR,actual_offshore_wind_generation,Wind Offshore | Actual Aggregated,2026-06-27T15:47:42Z
2026-06-27T15:46:33Z,2026-06-27T17:46:33+0200,4e541c53-98a3-4782-9d6d-b4c701b81d28,2026-06-24T02:00:00Z,2026-06-24T04:00:00+0200,345.02,MW,FR,FR,actual_offshore_wind_generation,Wind Offshore | Actual Aggregated,2026-06-27T15:47:42Z
2026-06-27T15:46:33Z,2026-06-27T17:46:33+0200,4e541c53-98a3-4782-9d6d-b4c701b81d28,2026-06-24T02:15:00Z,2026-06-24T04:15:00+0200,351.87,MW,FR,FR,actual_offshore_wind_generation,Wind Offshore | Actual Aggregated,2026-06-27T15:47:42Z
2026-06-27T15:46:33Z,2026-06-27T17:46:33+0200,4e541c53-98a3-4782-9d6d-b4c701b81d28,2026-06-24T02:30:00Z,2026-06-24T04:30:00+0200,356.85,MW,FR,FR,actual_offshore_wind_generation,Wind Offshore | Actual Aggregated,2026-06-27T15:47:42Z
2026-06-27T15:46:33Z,2026-06-27T17:46:33+0200,4e541c53-98a3-4782-9d6d-b4c701b81d28,2026-06-24T02:45:00Z,2026-06-24T04:45:00+0200,329.06,MW,FR,FR,actual_offshore_wind_generation,Wind Offshore | Actual Aggregated,2026-06-27T15:47:42Z
2026-06-27T15:46:33Z,2026-06-27T17:46:33+0200,4e541c53-98a3-4782-9d6d-b4c701b81d28,2026-06-24T03:00:00Z,2026-06-24T05:00:00+0200,321.97,MW,FR,FR,actual_offshore_wind_generation,Wind Offshore | Actual Aggregated,2026-06-27T15:47:42Z
2026-06-27T15:46:33Z,2026-06-27T17:46:33+0200,4e541c53-98a3-4782-9d6d-b4c701b81d28,2026-06-24T03:15:00Z,2026-06-24T05:15:00+0200,333.68,MW,FR,FR,actual_offshore_wind_generation,Wind Offshore | Actual Aggregated,2026-06-27T15:47:42Z
2026-06-27T15:46:33Z,2026-06-27T17:46:33+0200,4e541c53-98a3-4782-9d6d-b4c701b81d28,2026-06-24T03:30:00Z,2026-06-24T05:30:00+0200,324.69,MW,FR,FR,actual_offshore_wind_generation,Wind Offshore | Actual Aggregated,2026-06-27T15:47:42Z
2026-06-27T15:46:33Z,2026-06-27T17:46:33+0200,4e541c53-98a3-4782-9d6d-b4c701b81d28,2026-06-24T03:45:00Z,2026-06-24T05:45:00+0200,310.79,MW,FR,FR,actual_offshore_wind_generation,Wind Offshore | Actual Aggregated,2026-06-27T15:47:42Z
2026-06-27T15:46:33Z,2026-06-27T17:46:33+0200,4e541c53-98a3-4782-9d6d-b4c701b81d28,2026-06-24T04:00:00Z,2026-06-24T06:00:00+0200,301.7,MW,FR,FR,actual_offshore_wind_generation,Wind Offshore | Actual Aggregated,2026-06-27T15:47:42Z
2026-06-27T15:46:33Z,2026-06-27T17:46:33+0200,4e541c53-98a3-4782-9d6d-b4c701b81d28,2026-06-24T04:15:00Z,2026-06-24T06:15:00+0200,301.01,MW,FR,FR,actual_offshore_wind_generation,Wind Offshore | Actual Aggregated,2026-06-27T15:47:42Z
2026-06-27T15:46:33Z,2026-06-27T17:46:33+0200,4e541c53-98a3-4782-9d6d-b4c701b81d28,2026-06-24T04:30:00Z,2026-06-24T06:30:00+0200,277.44,MW,FR,FR,actual_offshore_wind_generation,Wind Offshore | Actual Aggregated,2026-06-27T15:47:42Z
2026-06-27T15:46:33Z,2026-06-27T17:46:33+0200,4e541c53-98a3-4782-9d6d-b4c701b81d28,2026-06-24T04:45:00Z,2026-06-24T06:45:00+0200,260.31,MW,FR,FR,actual_offshore_wind_generation,Wind Offshore | Actual Aggregated,2026-06-27T15:47:42Z
2026-06-27T15:46:33Z,2026-06-27T17:46:33+0200,4e541c53-98a3-4782-9d6d-b4c701b81d28,2026-06-24T05:00:00Z,2026-06-24T07:00:00+0200,242.76,MW,FR,FR,actual_offshore_wind_generation,Wind Offshore | Actual Aggregated,2026-06-27T15:47:42Z
2026-06-27T15:46:33Z,2026-06-27T17:46:33+0200,4e541c53-98a3-4782-9d6d-b4c701b81d28,2026-06-24T05:15:00Z,2026-06-24T07:15:00+0200,253.72,MW,FR,FR,actual_offshore_wind_generation,Wind Offshore | Actual Aggregated,2026-06-27T15:47:42Z
2026-06-27T15:46:33Z,2026-06-27T17:46:33+0200,4e541c53-98a3-4782-9d6d-b4c701b81d28,2026-06-24T05:30:00Z,2026-06-24T07:30:00+0200,237.91,MW,FR,FR,actual_offshore_wind_generation,Wind Offshore | Actual Aggregated,2026-06-27T15:47:42Z
2026-06-27T15:46:33Z,2026-06-27T17:46:33+0200,4e541c53-98a3-4782-9d6d-b4c701b81d28,2026-06-24T05:45:00Z,2026-06-24T07:45:00+0200,229.62,MW,FR,FR,actual_offshore_wind_generation,Wind Offshore | Actual Aggregated,2026-06-27T15:47:42Z
2026-06-27T15:46:33Z,2026-06-27T17:46:33+0200,4e541c53-98a3-4782-9d6d-b4c701b81d28,2026-06-24T06:00:00Z,2026-06-24T08:00:00+0200,218.61,MW,FR,FR,actual_offshore_wind_generation,Wind Offshore | Actual Aggregated,2026-06-27T15:47:42Z
2026-06-27T15:46:33Z,2026-06-27T17:46:33+0200,4e541c53-98a3-4782-9d6d-b4c701b81d28,2026-06-24T06:15:00Z,2026-06-24T08:15:00+0200,212.07,MW,FR,FR,actual_offshore_wind_generation,Wind Offshore | Actual Aggregated,2026-06-27T15:47:42Z
2026-06-27T15:46:33Z,2026-06-27T17:46:33+0200,4e541c53-98a3-4782-9d6d-b4c701b81d28,2026-06-24T06:30:00Z,2026-06-24T08:30:00+0200,202.27,MW,FR,FR,actual_offshore_wind_generation,Wind Offshore | Actual Aggregated,2026-06-27T15:47:42Z
2026-06-27T15:46:33Z,2026-06-27T17:46:33+0200,4e541c53-98a3-4782-9d6d-b4c701b81d28,2026-06-24T06:45:00Z,2026-06-24T08:45:00+0200,188.12,MW,FR,FR,actual_offshore_wind_generation,Wind Offshore | Actual Aggregated,2026-06-27T15:47:42Z
2026-06-27T15:46:33Z,2026-06-27T17:46:33+0200,4e541c53-98a3-4782-9d6d-b4c701b81d28,2026-06-24T07:00:00Z,2026-06-24T09:00:00+0200,188.39,MW,FR,FR,actual_offshore_wind_generation,Wind Offshore | Actual Aggregated,2026-06-27T15:47:42Z
2026-06-27T15:46:33Z,2026-06-27T17:46:33+0200,4e541c53-98a3-4782-9d6d-b4c701b81d28,2026-06-24T07:15:00Z,2026-06-24T09:15:00+0200,182.26,MW,FR,FR,actual_offshore_wind_generation,Wind Offshore | Actual Aggregated,2026-06-27T15:47:42Z
2026-06-27T15:46:33Z,2026-06-27T17:46:33+0200,4e541c53-98a3-4782-9d6d-b4c701b81d28,2026-06-24T07:30:00Z,2026-06-24T09:30:00+0200,157.04,MW,FR,FR,actual_offshore_wind_generation,Wind Offshore | Actual Aggregated,2026-06-27T15:47:42Z
2026-06-27T15:46:33Z,2026-06-27T17:46:33+0200,4e541c53-98a3-4782-9d6d-b4c701b81d28,2026-06-24T07:45:00Z,2026-06-24T09:45:00+0200,133.48,MW,FR,FR,actual_offshore_wind_generation,Wind Offshore | Actual Aggregated,2026-06-27T15:47:42Z
2026-06-27T15:46:33Z,2026-06-27T17:46:33+0200,4e541c53-98a3-4782-9d6d-b4c701b81d28,2026-06-24T08:00:00Z,2026-06-24T10:00:00+0200,119.35,MW,FR,FR,actual_offshore_wind_generation,Wind Offshore | Actual Aggregated,2026-06-27T15:47:42Z
2026-06-27T15:46:33Z,2026-06-27T17:46:33+0200,4e541c53-98a3-4782-9d6d-b4c701b81d28,2026-06-24T08:15:00Z,2026-06-24T10:15:00+0200,109.58,MW,FR,FR,actual_offshore_wind_generation,Wind Offshore | Actual Aggregated,2026-06-27T15:47:42Z
2026-06-27T15:46:33Z,2026-06-27T17:46:33+0200,4e541c53-98a3-4782-9d6d-b4c701b81d28,2026-06-24T08:30:00Z,2026-06-24T10:30:00+0200,97.04,MW,FR,FR,actual_offshore_wind_generation,Wind Offshore | Actual Aggregated,2026-06-27T15:47:42Z
2026-06-27T15:46:33Z,2026-06-27T17:46:33+0200,4e541c53-98a3-4782-9d6d-b4c701b81d28,2026-06-24T08:45:00Z,2026-06-24T10:45:00+0200,89.76,MW,FR,FR,actual_offshore_wind_generation,Wind Offshore | Actual Aggregated,2026-06-27T15:47:42Z
2026-06-27T15:46:33Z,2026-06-27T17:46:33+0200,4e541c53-98a3-4782-9d6d-b4c701b81d28,2026-06-24T09:00:00Z,2026-06-24T11:00:00+0200,76.83,MW,FR,FR,actual_offshore_wind_generation,Wind Offshore | Actual Aggregated,2026-06-27T15:47:42Z
2026-06-27T15:46:33Z,2026-06-27T17:46:33+0200,4e541c53-98a3-4782-9d6d-b4c701b81d28,2026-06-24T09:15:00Z,2026-06-24T11:15:00+0200,59.98,MW,FR,FR,actual_offshore_wind_generation,Wind Offshore | Actual Aggregated,2026-06-27T15:47:42Z
2026-06-27T15:46:33Z,2026-06-27T17:46:33+0200,4e541c53-98a3-4782-9d6d-b4c701b81d28,2026-06-24T09:30:00Z,2026-06-24T11:30:00+0200,50.04,MW,FR,FR,actual_offshore_wind_generation,Wind Offshore | Actual Aggregated,2026-06-27T15:47:42Z
2026-06-27T15:46:33Z,2026-06-27T17:46:33+0200,4e541c53-98a3-4782-9d6d-b4c701b81d28,2026-06-24T09:45:00Z,2026-06-24T11:45:00+0200,43.88,MW,FR,FR,actual_offshore_wind_generation,Wind Offshore | Actual Aggregated,2026-06-27T15:47:42Z
2026-06-27T15:46:33Z,2026-06-27T17:46:33+0200,4e541c53-98a3-4782-9d6d-b4c701b81d28,2026-06-24T10:00:00Z,2026-06-24T12:00:00+0200,28.77,MW,FR,FR,actual_offshore_wind_generation,Wind Offshore | Actual Aggregated,2026-06-27T15:47:42Z
2026-06-27T15:46:33Z,2026-06-27T17:46:33+0200,4e541c53-98a3-4782-9d6d-b4c701b81d28,2026-06-24T10:15:00Z,2026-06-24T12:15:00+0200,12.35,MW,FR,FR,actual_offshore_wind_generation,Wind Offshore | Actual Aggregated,2026-06-27T15:47:42Z
2026-06-27T15:46:33Z,2026-06-27T17:46:33+0200,4e541c53-98a3-4782-9d6d-b4c701b81d28,2026-06-24T10:30:00Z,2026-06-24T12:30:00+0200,7.18,MW,FR,FR,actual_offshore_wind_generation,Wind Offshore | Actual Aggregated,2026-06-27T15:47:42Z
2026-06-27T15:46:33Z,2026-06-27T17:46:33+0200,4e541c53-98a3-4782-9d6d-b4c701b81d28,2026-06-24T10:45:00Z,2026-06-24T12:45:00+0200,3.7,MW,FR,FR,actual_offshore_wind_generation,Wind Offshore | Actual Aggregated,2026-06-27T15:47:42Z
2026-06-27T15:46:33Z,2026-06-27T17:46:33+0200,4e541c53-98a3-4782-9d6d-b4c701b81d28,2026-06-24T11:00:00Z,2026-06-24T13:00:00+0200,2.06,MW,FR,FR,actual_offshore_wind_generation,Wind Offshore | Actual Aggregated,2026-06-27T15:47:42Z
2026-06-27T15:46:33Z,2026-06-27T17:46:33+0200,4e541c53-98a3-4782-9d6d-b4c701b81d28,2026-06-24T11:15:00Z,2026-06-24T13:15:00+0200,1.83,MW,FR,FR,actual_offshore_wind_generation,Wind Offshore | Actual Consumption,2026-06-27T15:47:42Z
2026-06-27T15:46:33Z,2026-06-27T17:46:33+0200,4e541c53-98a3-4782-9d6d-b4c701b81d28,2026-06-24T11:30:00Z,2026-06-24T13:30:00+0200,7.76,MW,FR,FR,actual_offshore_wind_generation,Wind Offshore | Actual Consumption,2026-06-27T15:47:42Z
2026-06-27T15:46:33Z,2026-06-27T17:46:33+0200,4e541c53-98a3-4782-9d6d-b4c701b81d28,2026-06-24T11:45:00Z,2026-06-24T13:45:00+0200,6.85,MW,FR,FR,actual_offshore_wind_generation,Wind Offshore | Actual Consumption,2026-06-27T15:47:42Z
2026-06-27T15:46:33Z,2026-06-27T17:46:33+0200,4e541c53-98a3-4782-9d6d-b4c701b81d28,2026-06-24T12:00:00Z,2026-06-24T14:00:00+0200,0.66,MW,FR,FR,actual_offshore_wind_generation,Wind Offshore | Actual Consumption,2026-06-27T15:47:42Z
2026-06-27T15:46:33Z,2026-06-27T17:46:33+0200,4e541c53-98a3-4782-9d6d-b4c701b81d28,2026-06-24T12:15:00Z,2026-06-24T14:15:00+0200,3.98,MW,FR,FR,actual_offshore_wind_generation,Wind Offshore | Actual Consumption,2026-06-27T15:47:42Z
2026-06-27T15:46:33Z,2026-06-27T17:46:33+0200,4e541c53-98a3-4782-9d6d-b4c701b81d28,2026-06-24T12:30:00Z,2026-06-24T14:30:00+0200,5.61,MW,FR,FR,actual_offshore_wind_generation,Wind Offshore | Actual Consumption,2026-06-27T15:47:42Z
2026-06-27T15:46:33Z,2026-06-27T17:46:33+0200,4e541c53-98a3-4782-9d6d-b4c701b81d28,2026-06-24T12:45:00Z,2026-06-24T14:45:00+0200,0.03,MW,FR,FR,actual_offshore_wind_generation,Wind Offshore | Actual Aggregated,2026-06-27T15:47:42Z
2026-06-27T15:46:33Z,2026-06-27T17:46:33+0200,4e541c53-98a3-4782-9d6d-b4c701b81d28,2026-06-24T13:00:00Z,2026-06-24T15:00:00+0200,1.53,MW,FR,FR,actual_offshore_wind_generation,Wind Offshore | Actual Consumption,2026-06-27T15:47:42Z
2026-06-27T15:46:33Z,2026-06-27T17:46:33+0200,4e541c53-98a3-4782-9d6d-b4c701b81d28,2026-06-24T13:15:00Z,2026-06-24T15:15:00+0200,3.64,MW,FR,FR,actual_offshore_wind_generation,Wind Offshore | Actual Consumption,2026-06-27T15:47:42Z
2026-06-27T15:46:33Z,2026-06-27T17:46:33+0200,4e541c53-98a3-4782-9d6d-b4c701b81d28,2026-06-24T13:30:00Z,2026-06-24T15:30:00+0200,3.64,MW,FR,FR,actual_offshore_wind_generation,Wind Offshore | Actual Consumption,2026-06-27T15:47:42Z
2026-06-27T15:46:33Z,2026-06-27T17:46:33+0200,4e541c53-98a3-4782-9d6d-b4c701b81d28,2026-06-24T13:45:00Z,2026-06-24T15:45:00+0200,2.22,MW,FR,FR,actual_offshore_wind_generation,Wind Offshore | Actual Consumption,2026-06-27T15:47:42Z
2026-06-27T15:46:33Z,2026-06-27T17:46:33+0200,4e541c53-98a3-4782-9d6d-b4c701b81d28,2026-06-24T14:00:00Z,2026-06-24T16:00:00+0200,3.0,MW,FR,FR,actual_offshore_wind_generation,Wind Offshore | Actual Aggregated,2026-06-27T15:47:42Z
2026-06-27T15:46:33Z,2026-06-27T17:46:33+0200,4e541c53-98a3-4782-9d6d-b4c701b81d28,2026-06-24T14:15:00Z,2026-06-24T16:15:00+0200,11.6,MW,FR,FR,actual_offshore_wind_generation,Wind Offshore | Actual Aggregated,2026-06-27T15:47:42Z
2026-06-27T15:46:33Z,2026-06-27T17:46:33+0200,4e541c53-98a3-4782-9d6d-b4c701b81d28,2026-06-24T14:30:00Z,2026-06-24T16:30:00+0200,12.76,MW,FR,FR,actual_offshore_wind_generation,Wind Offshore | Actual Aggregated,2026-06-27T15:47:42Z
2026-06-27T15:46:33Z,2026-06-27T17:46:33+0200,4e541c53-98a3-4782-9d6d-b4c701b81d28,2026-06-24T14:45:00Z,2026-06-24T16:45:00+0200,16.25,MW,FR,FR,actual_offshore_wind_generation,Wind Offshore | Actual Aggregated,2026-06-27T15:47:42Z
2026-06-27T15:46:33Z,2026-06-27T17:46:33+0200,4e541c53-98a3-4782-9d6d-b4c701b81d28,2026-06-24T15:00:00Z,2026-06-24T17:00:00+0200,29.66,MW,FR,FR,actual_offshore_wind_generation,Wind Offshore | Actual Aggregated,2026-06-27T15:47:42Z
2026-06-27T15:46:33Z,2026-06-27T17:46:33+0200,4e541c53-98a3-4782-9d6d-b4c701b81d28,2026-06-24T15:15:00Z,2026-06-24T17:15:00+0200,54.73,MW,FR,FR,actual_offshore_wind_generation,Wind Offshore | Actual Aggregated,2026-06-27T15:47:42Z
2026-06-27T15:46:33Z,2026-06-27T17:46:33+0200,4e541c53-98a3-4782-9d6d-b4c701b81d28,2026-06-24T15:30:00Z,2026-06-24T17:30:00+0200,67.85,MW,FR,FR,actual_offshore_wind_generation,Wind Offshore | Actual Aggregated,2026-06-27T15:47:42Z
2026-06-27T15:46:33Z,2026-06-27T17:46:33+0200,4e541c53-98a3-4782-9d6d-b4c701b81d28,2026-06-24T15:45:00Z,2026-06-24T17:45:00+0200,75.86,MW,FR,FR,actual_offshore_wind_generation,Wind Offshore | Actual Aggregated,2026-06-27T15:47:42Z
2026-06-27T15:46:33Z,2026-06-27T17:46:33+0200,4e541c53-98a3-4782-9d6d-b4c701b81d28,2026-06-24T16:00:00Z,2026-06-24T18:00:00+0200,69.66,MW,FR,FR,actual_offshore_wind_generation,Wind Offshore | Actual Aggregated,2026-06-27T15:47:42Z
2026-06-27T15:46:33Z,2026-06-27T17:46:33+0200,4e541c53-98a3-4782-9d6d-b4c701b81d28,2026-06-24T16:15:00Z,2026-06-24T18:15:00+0200,80.58,MW,FR,FR,actual_offshore_wind_generation,Wind Offshore | Actual Aggregated,2026-06-27T15:47:42Z
2026-06-27T15:46:33Z,2026-06-27T17:46:33+0200,4e541c53-98a3-4782-9d6d-b4c701b81d28,2026-06-24T16:30:00Z,2026-06-24T18:30:00+0200,92.34,MW,FR,FR,actual_offshore_wind_generation,Wind Offshore | Actual Aggregated,2026-06-27T15:47:42Z
2026-06-27T15:46:33Z,2026-06-27T17:46:33+0200,4e541c53-98a3-4782-9d6d-b4c701b81d28,2026-06-24T16:45:00Z,2026-06-24T18:45:00+0200,105.84,MW,FR,FR,actual_offshore_wind_generation,Wind Offshore | Actual Aggregated,2026-06-27T15:47:42Z
2026-06-27T15:46:33Z,2026-06-27T17:46:33+0200,4e541c53-98a3-4782-9d6d-b4c701b81d28,2026-06-24T17:00:00Z,2026-06-24T19:00:00+0200,123.55,MW,FR,FR,actual_offshore_wind_generation,Wind Offshore | Actual Aggregated,2026-06-27T15:47:42Z
2026-06-27T15:46:33Z,2026-06-27T17:46:33+0200,4e541c53-98a3-4782-9d6d-b4c701b81d28,2026-06-24T17:15:00Z,2026-06-24T19:15:00+0200,136.66,MW,FR,FR,actual_offshore_wind_generation,Wind Offshore | Actual Aggregated,2026-06-27T15:47:42Z
2026-06-27T15:46:33Z,2026-06-27T17:46:33+0200,4e541c53-98a3-4782-9d6d-b4c701b81d28,2026-06-24T17:30:00Z,2026-06-24T19:30:00+0200,138.41,MW,FR,FR,actual_offshore_wind_generation,Wind Offshore | Actual Aggregated,2026-06-27T15:47:42Z
2026-06-27T15:46:33Z,2026-06-27T17:46:33+0200,4e541c53-98a3-4782-9d6d-b4c701b81d28,2026-06-24T17:45:00Z,2026-06-24T19:45:00+0200,141.81,MW,FR,FR,actual_offshore_wind_generation,Wind Offshore | Actual Aggregated,2026-06-27T15:47:42Z
2026-06-27T15:46:33Z,2026-06-27T17:46:33+0200,4e541c53-98a3-4782-9d6d-b4c701b81d28,2026-06-24T18:00:00Z,2026-06-24T20:00:00+0200,145.56,MW,FR,FR,actual_offshore_wind_generation,Wind Offshore | Actual Aggregated,2026-06-27T15:47:42Z
2026-06-27T15:46:33Z,2026-06-27T17:46:33+0200,4e541c53-98a3-4782-9d6d-b4c701b81d28,2026-06-24T18:15:00Z,2026-06-24T20:15:00+0200,158.26,MW,FR,FR,actual_offshore_wind_generation,Wind Offshore | Actual Aggregated,2026-06-27T15:47:42Z
2026-06-27T15:46:33Z,2026-06-27T17:46:33+0200,4e541c53-98a3-4782-9d6d-b4c701b81d28,2026-06-24T18:30:00Z,2026-06-24T20:30:00+0200,174.09,MW,FR,FR,actual_offshore_wind_generation,Wind Offshore | Actual Aggregated,2026-06-27T15:47:42Z
2026-06-27T15:46:33Z,2026-06-27T17:46:33+0200,4e541c53-98a3-4782-9d6d-b4c701b81d28,2026-06-24T18:45:00Z,2026-06-24T20:45:00+0200,235.01,MW,FR,FR,actual_offshore_wind_generation,Wind Offshore | Actual Aggregated,2026-06-27T15:47:42Z
2026-06-27T15:46:33Z,2026-06-27T17:46:33+0200,4e541c53-98a3-4782-9d6d-b4c701b81d28,2026-06-24T19:00:00Z,2026-06-24T21:00:00+0200,297.07,MW,FR,FR,actual_offshore_wind_generation,Wind Offshore | Actual Aggregated,2026-06-27T15:47:42Z
2026-06-27T15:46:33Z,2026-06-27T17:46:33+0200,4e541c53-98a3-4782-9d6d-b4c701b81d28,2026-06-24T19:15:00Z,2026-06-24T21:15:00+0200,347.37,MW,FR,FR,actual_offshore_wind_generation,Wind Offshore | Actual Aggregated,2026-06-27T15:47:42Z
2026-06-27T15:46:33Z,2026-06-27T17:46:33+0200,4e541c53-98a3-4782-9d6d-b4c701b81d28,2026-06-24T19:30:00Z,2026-06-24T21:30:00+0200,402.77,MW,FR,FR,actual_offshore_wind_generation,Wind Offshore | Actual Aggregated,2026-06-27T15:47:42Z
2026-06-27T15:46:33Z,2026-06-27T17:46:33+0200,4e541c53-98a3-4782-9d6d-b4c701b81d28,2026-06-24T19:45:00Z,2026-06-24T21:45:00+0200,499.54,MW,FR,FR,actual_offshore_wind_generation,Wind Offshore | Actual Aggregated,2026-06-27T15:47:42Z
2026-06-27T15:46:33Z,2026-06-27T17:46:33+0200,4e541c53-98a3-4782-9d6d-b4c701b81d28,2026-06-24T20:00:00Z,2026-06-24T22:00:00+0200,700.7,MW,FR,FR,actual_offshore_wind_generation,Wind Offshore | Actual Aggregated,2026-06-27T15:47:42Z
2026-06-27T15:46:33Z,2026-06-27T17:46:33+0200,4e541c53-98a3-4782-9d6d-b4c701b81d28,2026-06-24T20:15:00Z,2026-06-24T22:15:00+0200,773.7,MW,FR,FR,actual_offshore_wind_generation,Wind Offshore | Actual Aggregated,2026-06-27T15:47:42Z
2026-06-27T15:46:33Z,2026-06-27T17:46:33+0200,4e541c53-98a3-4782-9d6d-b4c701b81d28,2026-06-24T20:30:00Z,2026-06-24T22:30:00+0200,778.52,MW,FR,FR,actual_offshore_wind_generation,Wind Offshore | Actual Aggregated,2026-06-27T15:47:42Z
2026-06-27T15:46:33Z,2026-06-27T17:46:33+0200,4e541c53-98a3-4782-9d6d-b4c701b81d28,2026-06-24T20:45:00Z,2026-06-24T22:45:00+0200,652.47,MW,FR,FR,actual_offshore_wind_generation,Wind Offshore | Actual Aggregated,2026-06-27T15:47:42Z
2026-06-27T15:46:33Z,2026-06-27T17:46:33+0200,4e541c53-98a3-4782-9d6d-b4c701b81d28,2026-06-24T21:00:00Z,2026-06-24T23:00:00+0200,552.54,MW,FR,FR,actual_offshore_wind_generation,Wind Offshore | Actual Aggregated,2026-06-27T15:47:42Z
2026-06-27T15:46:33Z,2026-06-27T17:46:33+0200,4e541c53-98a3-4782-9d6d-b4c701b81d28,2026-06-24T21:15:00Z,2026-06-24T23:15:00+0200,561.08,MW,FR,FR,actual_offshore_wind_generation,Wind Offshore | Actual Aggregated,2026-06-27T15:47:42Z
2026-06-27T15:46:33Z,2026-06-27T17:46:33+0200,4e541c53-98a3-4782-9d6d-b4c701b81d28,2026-06-24T21:30:00Z,2026-06-24T23:30:00+0200,540.03,MW,FR,FR,actual_offshore_wind_generation,Wind Offshore | Actual Aggregated,2026-06-27T15:47:42Z
2026-06-27T15:46:33Z,2026-06-27T17:46:33+0200,4e541c53-98a3-4782-9d6d-b4c701b81d28,2026-06-24T21:45:00Z,2026-06-24T23:45:00+0200,499.84,MW,FR,FR,actual_offshore_wind_generation,Wind Offshore | Actual Aggregated,2026-06-27T15:47:42Z
2026-06-27T15:46:33Z,2026-06-27T17:46:33+0200,4e541c53-98a3-4782-9d6d-b4c701b81d28,2026-06-24T22:00:00Z,2026-06-25T00:00:00+0200,497.31,MW,FR,FR,actual_offshore_wind_generation,Wind Offshore | Actual Aggregated,2026-06-27T15:47:42Z
2026-06-27T15:46:33Z,2026-06-27T17:46:33+0200,4e541c53-98a3-4782-9d6d-b4c701b81d28,2026-06-24T22:15:00Z,2026-06-25T00:15:00+0200,535.94,MW,FR,FR,actual_offshore_wind_generation,Wind Offshore | Actual Aggregated,2026-06-27T15:47:42Z
2026-06-27T15:46:33Z,2026-06-27T17:46:33+0200,4e541c53-98a3-4782-9d6d-b4c701b81d28,2026-06-24T22:30:00Z,2026-06-25T00:30:00+0200,597.39,MW,FR,FR,actual_offshore_wind_generation,Wind Offshore | Actual Aggregated,2026-06-27T15:47:42Z
2026-06-27T15:46:33Z,2026-06-27T17:46:33+0200,4e541c53-98a3-4782-9d6d-b4c701b81d28,2026-06-24T22:45:00Z,2026-06-25T00:45:00+0200,645.23,MW,FR,FR,actual_offshore_wind_generation,Wind Offshore | Actual Aggregated,2026-06-27T15:47:42Z
2026-06-27T15:46:33Z,2026-06-27T17:46:33+0200,4e541c53-98a3-4782-9d6d-b4c701b81d28,2026-06-24T23:00:00Z,2026-06-25T01:00:00+0200,697.24,MW,FR,FR,actual_offshore_wind_generation,Wind Offshore | Actual Aggregated,2026-06-27T15:47:42Z
2026-06-27T15:46:33Z,2026-06-27T17:46:33+0200,4e541c53-98a3-4782-9d6d-b4c701b81d28,2026-06-24T23:15:00Z,2026-06-25T01:15:00+0200,775.56,MW,FR,FR,actual_offshore_wind_generation,Wind Offshore | Actual Aggregated,2026-06-27T15:47:42Z
2026-06-27T15:46:33Z,2026-06-27T17:46:33+0200,4e541c53-98a3-4782-9d6d-b4c701b81d28,2026-06-24T23:30:00Z,2026-06-25T01:30:00+0200,919.84,MW,FR,FR,actual_offshore_wind_generation,Wind Offshore | Actual Aggregated,2026-06-27T15:47:42Z
2026-06-27T15:46:33Z,2026-06-27T17:46:33+0200,4e541c53-98a3-4782-9d6d-b4c701b81d28,2026-06-24T23:45:00Z,2026-06-25T01:45:00+0200,987.3,MW,FR,FR,actual_offshore_wind_generation,Wind Offshore | Actual Aggregated,2026-06-27T15:47:42Z
2026-06-27T15:46:33Z,2026-06-27T17:46:33+0200,4e541c53-98a3-4782-9d6d-b4c701b81d28,2026-06-25T00:00:00Z,2026-06-25T02:00:00+0200,1050.82,MW,FR,FR,actual_offshore_wind_generation,Wind Offshore | Actual Aggregated,2026-06-27T15:47:42Z
2026-06-27T15:46:33Z,2026-06-27T17:46:33+0200,4e541c53-98a3-4782-9d6d-b4c701b81d28,2026-06-25T00:15:00Z,2026-06-25T02:15:00+0200,1165.4,MW,FR,FR,actual_offshore_wind_generation,Wind Offshore | Actual Aggregated,2026-06-27T15:47:42Z
2026-06-27T15:46:33Z,2026-06-27T17:46:33+0200,4e541c53-98a3-4782-9d6d-b4c701b81d28,2026-06-25T00:30:00Z,2026-06-25T02:30:00+0200,1242.51,MW,FR,FR,actual_offshore_wind_generation,Wind Offshore | Actual Aggregated,2026-06-27T15:47:42Z
2026-06-27T15:46:33Z,2026-06-27T17:46:33+0200,4e541c53-98a3-4782-9d6d-b4c701b81d28,2026-06-25T00:45:00Z,2026-06-25T02:45:00+0200,1176.11,MW,FR,FR,actual_offshore_wind_generation,Wind Offshore | Actual Aggregated,2026-06-27T15:47:42Z
2026-06-27T15:46:33Z,2026-06-27T17:46:33+0200,4e541c53-98a3-4782-9d6d-b4c701b81d28,2026-06-25T01:00:00Z,2026-06-25T03:00:00+0200,1072.69,MW,FR,FR,actual_offshore_wind_generation,Wind Offshore | Actual Aggregated,2026-06-27T15:47:42Z
2026-06-27T15:46:33Z,2026-06-27T17:46:33+0200,4e541c53-98a3-4782-9d6d-b4c701b81d28,2026-06-25T01:15:00Z,2026-06-25T03:15:00+0200,933.28,MW,FR,FR,actual_offshore_wind_generation,Wind Offshore | Actual Aggregated,2026-06-27T15:47:42Z
2026-06-27T15:46:33Z,2026-06-27T17:46:33+0200,4e541c53-98a3-4782-9d6d-b4c701b81d28,2026-06-25T01:30:00Z,2026-06-25T03:30:00+0200,880.4,MW,FR,FR,actual_offshore_wind_generation,Wind Offshore | Actual Aggregated,2026-06-27T15:47:42Z
2026-06-27T15:46:33Z,2026-06-27T17:46:33+0200,4e541c53-98a3-4782-9d6d-b4c701b81d28,2026-06-25T01:45:00Z,2026-06-25T03:45:00+0200,898.6,MW,FR,FR,actual_offshore_wind_generation,Wind Offshore | Actual Aggregated,2026-06-27T15:47:42Z
2026-06-27T15:46:33Z,2026-06-27T17:46:33+0200,4e541c53-98a3-4782-9d6d-b4c701b81d28,2026-06-25T02:00:00Z,2026-06-25T04:00:00+0200,921.93,MW,FR,FR,actual_offshore_wind_generation,Wind Offshore | Actual Aggregated,2026-06-27T15:47:42Z
2026-06-27T15:46:33Z,2026-06-27T17:46:33+0200,4e541c53-98a3-4782-9d6d-b4c701b81d28,2026-06-25T02:15:00Z,2026-06-25T04:15:00+0200,989.15,MW,FR,FR,actual_offshore_wind_generation,Wind Offshore | Actual Aggregated,2026-06-27T15:47:42Z
2026-06-27T15:46:33Z,2026-06-27T17:46:33+0200,4e541c53-98a3-4782-9d6d-b4c701b81d28,2026-06-25T02:30:00Z,2026-06-25T04:30:00+0200,1061.4,MW,FR,FR,actual_offshore_wind_generation,Wind Offshore | Actual Aggregated,2026-06-27T15:47:42Z
2026-06-27T15:46:33Z,2026-06-27T17:46:33+0200,4e541c53-98a3-4782-9d6d-b4c701b81d28,2026-06-25T02:45:00Z,2026-06-25T04:45:00+0200,1012.34,MW,FR,FR,actual_offshore_wind_generation,Wind Offshore | Actual Aggregated,2026-06-27T15:47:42Z
2026-06-27T15:46:33Z,2026-06-27T17:46:33+0200,4e541c53-98a3-4782-9d6d-b4c701b81d28,2026-06-25T03:00:00Z,2026-06-25T05:00:00+0200,897.12,MW,FR,FR,actual_offshore_wind_generation,Wind Offshore | Actual Aggregated,2026-06-27T15:47:42Z
2026-06-27T15:46:33Z,2026-06-27T17:46:33+0200,4e541c53-98a3-4782-9d6d-b4c701b81d28,2026-06-25T03:15:00Z,2026-06-25T05:15:00+0200,789.06,MW,FR,FR,actual_offshore_wind_generation,Wind Offshore | Actual Aggregated,2026-06-27T15:47:42Z
2026-06-27T15:46:33Z,2026-06-27T17:46:33+0200,4e541c53-98a3-4782-9d6d-b4c701b81d28,2026-06-25T03:30:00Z,2026-06-25T05:30:00+0200,735.66,MW,FR,FR,actual_offshore_wind_generation,Wind Offshore | Actual Aggregated,2026-06-27T15:47:42Z
2026-06-27T15:46:33Z,2026-06-27T17:46:33+0200,4e541c53-98a3-4782-9d6d-b4c701b81d28,2026-06-25T03:45:00Z,2026-06-25T05:45:00+0200,680.15,MW,FR,FR,actual_offshore_wind_generation,Wind Offshore | Actual Aggregated,2026-06-27T15:47:42Z
2026-06-27T15:46:33Z,2026-06-27T17:46:33+0200,4e541c53-98a3-4782-9d6d-b4c701b81d28,2026-06-25T04:00:00Z,2026-06-25T06:00:00+0200,636.8,MW,FR,FR,actual_offshore_wind_generation,Wind Offshore | Actual Aggregated,2026-06-27T15:47:42Z
2026-06-27T15:46:33Z,2026-06-27T17:46:33+0200,4e541c53-98a3-4782-9d6d-b4c701b81d28,2026-06-25T04:15:00Z,2026-06-25T06:15:00+0200,624.04,MW,FR,FR,actual_offshore_wind_generation,Wind Offshore | Actual Aggregated,2026-06-27T15:47:42Z
2026-06-27T15:46:33Z,2026-06-27T17:46:33+0200,4e541c53-98a3-4782-9d6d-b4c701b81d28,2026-06-25T04:30:00Z,2026-06-25T06:30:00+0200,638.19,MW,FR,FR,actual_offshore_wind_generation,Wind Offshore | Actual Aggregated,2026-06-27T15:47:42Z
2026-06-27T15:46:33Z,2026-06-27T17:46:33+0200,4e541c53-98a3-4782-9d6d-b4c701b81d28,2026-06-25T04:45:00Z,2026-06-25T06:45:00+0200,598.19,MW,FR,FR,actual_offshore_wind_generation,Wind Offshore | Actual Aggregated,2026-06-27T15:47:42Z
2026-06-27T15:46:33Z,2026-06-27T17:46:33+0200,4e541c53-98a3-4782-9d6d-b4c701b81d28,2026-06-25T05:00:00Z,2026-06-25T07:00:00+0200,534.88,MW,FR,FR,actual_offshore_wind_generation,Wind Offshore | Actual Aggregated,2026-06-27T15:47:42Z
2026-06-27T15:46:33Z,2026-06-27T17:46:33+0200,4e541c53-98a3-4782-9d6d-b4c701b81d28,2026-06-25T05:15:00Z,2026-06-25T07:15:00+0200,516.11,MW,FR,FR,actual_offshore_wind_generation,Wind Offshore | Actual Aggregated,2026-06-27T15:47:42Z
2026-06-27T15:46:33Z,2026-06-27T17:46:33+0200,4e541c53-98a3-4782-9d6d-b4c701b81d28,2026-06-25T05:30:00Z,2026-06-25T07:30:00+0200,456.09,MW,FR,FR,actual_offshore_wind_generation,Wind Offshore | Actual Aggregated,2026-06-27T15:47:42Z
2026-06-27T15:46:33Z,2026-06-27T17:46:33+0200,4e541c53-98a3-4782-9d6d-b4c701b81d28,2026-06-25T05:45:00Z,2026-06-25T07:45:00+0200,446.38,MW,FR,FR,actual_offshore_wind_generation,Wind Offshore | Actual Aggregated,2026-06-27T15:47:42Z
2026-06-27T15:46:33Z,2026-06-27T17:46:33+0200,4e541c53-98a3-4782-9d6d-b4c701b81d28,2026-06-25T06:00:00Z,2026-06-25T08:00:00+0200,421.73,MW,FR,FR,actual_offshore_wind_generation,Wind Offshore | Actual Aggregated,2026-06-27T15:47:42Z
2026-06-27T15:46:33Z,2026-06-27T17:46:33+0200,4e541c53-98a3-4782-9d6d-b4c701b81d28,2026-06-25T06:15:00Z,2026-06-25T08:15:00+0200,410.88,MW,FR,FR,actual_offshore_wind_generation,Wind Offshore | Actual Aggregated,2026-06-27T15:47:42Z
2026-06-27T15:46:33Z,2026-06-27T17:46:33+0200,4e541c53-98a3-4782-9d6d-b4c701b81d28,2026-06-25T06:30:00Z,2026-06-25T08:30:00+0200,387.7,MW,FR,FR,actual_offshore_wind_generation,Wind Offshore | Actual Aggregated,2026-06-27T15:47:42Z
2026-06-27T15:46:33Z,2026-06-27T17:46:33+0200,4e541c53-98a3-4782-9d6d-b4c701b81d28,2026-06-25T06:45:00Z,2026-06-25T08:45:00+0200,338.63,MW,FR,FR,actual_offshore_wind_generation,Wind Offshore | Actual Aggregated,2026-06-27T15:47:42Z
2026-06-27T15:46:33Z,2026-06-27T17:46:33+0200,4e541c53-98a3-4782-9d6d-b4c701b81d28,2026-06-25T07:00:00Z,2026-06-25T09:00:00+0200,327.21,MW,FR,FR,actual_offshore_wind_generation,Wind Offshore | Actual Aggregated,2026-06-27T15:47:42Z
2026-06-27T15:46:33Z,2026-06-27T17:46:33+0200,4e541c53-98a3-4782-9d6d-b4c701b81d28,2026-06-25T07:15:00Z,2026-06-25T09:15:00+0200,283.11,MW,FR,FR,actual_offshore_wind_generation,Wind Offshore | Actual Aggregated,2026-06-27T15:47:42Z
2026-06-27T15:46:33Z,2026-06-27T17:46:33+0200,4e541c53-98a3-4782-9d6d-b4c701b81d28,2026-06-25T07:30:00Z,2026-06-25T09:30:00+0200,261.15,MW,FR,FR,actual_offshore_wind_generation,Wind Offshore | Actual Aggregated,2026-06-27T15:47:42Z
2026-06-27T15:46:33Z,2026-06-27T17:46:33+0200,4e541c53-98a3-4782-9d6d-b4c701b81d28,2026-06-25T07:45:00Z,2026-06-25T09:45:00+0200,239.12,MW,FR,FR,actual_offshore_wind_generation,Wind Offshore | Actual Aggregated,2026-06-27T15:47:42Z
2026-06-27T15:46:33Z,2026-06-27T17:46:33+0200,4e541c53-98a3-4782-9d6d-b4c701b81d28,2026-06-25T08:00:00Z,2026-06-25T10:00:00+0200,248.5,MW,FR,FR,actual_offshore_wind_generation,Wind Offshore | Actual Aggregated,2026-06-27T15:47:42Z
2026-06-27T15:46:33Z,2026-06-27T17:46:33+0200,4e541c53-98a3-4782-9d6d-b4c701b81d28,2026-06-25T08:15:00Z,2026-06-25T10:15:00+0200,282.96,MW,FR,FR,actual_offshore_wind_generation,Wind Offshore | Actual Aggregated,2026-06-27T15:47:42Z
2026-06-27T15:46:33Z,2026-06-27T17:46:33+0200,4e541c53-98a3-4782-9d6d-b4c701b81d28,2026-06-25T08:30:00Z,2026-06-25T10:30:00+0200,329.76,MW,FR,FR,actual_offshore_wind_generation,Wind Offshore | Actual Aggregated,2026-06-27T15:47:42Z
2026-06-27T15:46:33Z,2026-06-27T17:46:33+0200,4e541c53-98a3-4782-9d6d-b4c701b81d28,2026-06-25T08:45:00Z,2026-06-25T10:45:00+0200,316.66,MW,FR,FR,actual_offshore_wind_generation,Wind Offshore | Actual Aggregated,2026-06-27T15:47:42Z
2026-06-27T15:46:33Z,2026-06-27T17:46:33+0200,4e541c53-98a3-4782-9d6d-b4c701b81d28,2026-06-25T09:00:00Z,2026-06-25T11:00:00+0200,317.14,MW,FR,FR,actual_offshore_wind_generation,Wind Offshore | Actual Aggregated,2026-06-27T15:47:42Z
2026-06-27T15:46:33Z,2026-06-27T17:46:33+0200,4e541c53-98a3-4782-9d6d-b4c701b81d28,2026-06-25T09:15:00Z,2026-06-25T11:15:00+0200,346.4,MW,FR,FR,actual_offshore_wind_generation,Wind Offshore | Actual Aggregated,2026-06-27T15:47:42Z
2026-06-27T15:46:33Z,2026-06-27T17:46:33+0200,4e541c53-98a3-4782-9d6d-b4c701b81d28,2026-06-25T09:30:00Z,2026-06-25T11:30:00+0200,361.88,MW,FR,FR,actual_offshore_wind_generation,Wind Offshore | Actual Aggregated,2026-06-27T15:47:42Z
2026-06-27T15:46:33Z,2026-06-27T17:46:33+0200,4e541c53-98a3-4782-9d6d-b4c701b81d28,2026-06-25T09:45:00Z,2026-06-25T11:45:00+0200,387.84,MW,FR,FR,actual_offshore_wind_generation,Wind Offshore | Actual Aggregated,2026-06-27T15:47:42Z
2026-06-27T15:46:33Z,2026-06-27T17:46:33+0200,4e541c53-98a3-4782-9d6d-b4c701b81d28,2026-06-25T10:00:00Z,2026-06-25T12:00:00+0200,405.45,MW,FR,FR,actual_offshore_wind_generation,Wind Offshore | Actual Aggregated,2026-06-27T15:47:42Z
2026-06-27T15:46:33Z,2026-06-27T17:46:33+0200,4e541c53-98a3-4782-9d6d-b4c701b81d28,2026-06-25T10:15:00Z,2026-06-25T12:15:00+0200,393.11,MW,FR,FR,actual_offshore_wind_generation,Wind Offshore | Actual Aggregated,2026-06-27T15:47:42Z
2026-06-27T15:46:33Z,2026-06-27T17:46:33+0200,4e541c53-98a3-4782-9d6d-b4c701b81d28,2026-06-25T10:30:00Z,2026-06-25T12:30:00+0200,354.23,MW,FR,FR,actual_offshore_wind_generation,Wind Offshore | Actual Aggregated,2026-06-27T15:47:42Z
2026-06-27T15:46:33Z,2026-06-27T17:46:33+0200,4e541c53-98a3-4782-9d6d-b4c701b81d28,2026-06-25T10:45:00Z,2026-06-25T12:45:00+0200,395.17,MW,FR,FR,actual_offshore_wind_generation,Wind Offshore | Actual Aggregated,2026-06-27T15:47:42Z
2026-06-27T15:46:33Z,2026-06-27T17:46:33+0200,4e541c53-98a3-4782-9d6d-b4c701b81d28,2026-06-25T11:00:00Z,2026-06-25T13:00:00+0200,421.19,MW,FR,FR,actual_offshore_wind_generation,Wind Offshore | Actual Aggregated,2026-06-27T15:47:42Z
2026-06-27T15:46:33Z,2026-06-27T17:46:33+0200,4e541c53-98a3-4782-9d6d-b4c701b81d28,2026-06-25T11:15:00Z,2026-06-25T13:15:00+0200,441.34,MW,FR,FR,actual_offshore_wind_generation,Wind Offshore | Actual Aggregated,2026-06-27T15:47:42Z
2026-06-27T15:46:33Z,2026-06-27T17:46:33+0200,4e541c53-98a3-4782-9d6d-b4c701b81d28,2026-06-25T11:30:00Z,2026-06-25T13:30:00+0200,488.89,MW,FR,FR,actual_offshore_wind_generation,Wind Offshore | Actual Aggregated,2026-06-27T15:47:42Z
2026-06-27T15:46:33Z,2026-06-27T17:46:33+0200,4e541c53-98a3-4782-9d6d-b4c701b81d28,2026-06-25T11:45:00Z,2026-06-25T13:45:00+0200,545.46,MW,FR,FR,actual_offshore_wind_generation,Wind Offshore | Actual Aggregated,2026-06-27T15:47:42Z
2026-06-27T15:46:33Z,2026-06-27T17:46:33+0200,4e541c53-98a3-4782-9d6d-b4c701b81d28,2026-06-25T12:00:00Z,2026-06-25T14:00:00+0200,656.41,MW,FR,FR,actual_offshore_wind_generation,Wind Offshore | Actual Aggregated,2026-06-27T15:47:42Z
2026-06-27T15:46:33Z,2026-06-27T17:46:33+0200,4e541c53-98a3-4782-9d6d-b4c701b81d28,2026-06-25T12:15:00Z,2026-06-25T14:15:00+0200,773.67,MW,FR,FR,actual_offshore_wind_generation,Wind Offshore | Actual Aggregated,2026-06-27T15:47:42Z
2026-06-27T15:46:33Z,2026-06-27T17:46:33+0200,4e541c53-98a3-4782-9d6d-b4c701b81d28,2026-06-25T12:30:00Z,2026-06-25T14:30:00+0200,909.1,MW,FR,FR,actual_offshore_wind_generation,Wind Offshore | Actual Aggregated,2026-06-27T15:47:42Z
2026-06-27T15:46:33Z,2026-06-27T17:46:33+0200,4e541c53-98a3-4782-9d6d-b4c701b81d28,2026-06-25T12:45:00Z,2026-06-25T14:45:00+0200,957.29,MW,FR,FR,actual_offshore_wind_generation,Wind Offshore | Actual Aggregated,2026-06-27T15:47:42Z
2026-06-27T15:46:33Z,2026-06-27T17:46:33+0200,4e541c53-98a3-4782-9d6d-b4c701b81d28,2026-06-25T13:00:00Z,2026-06-25T15:00:00+0200,998.01,MW,FR,FR,actual_offshore_wind_generation,Wind Offshore | Actual Aggregated,2026-06-27T15:47:42Z
2026-06-27T15:46:33Z,2026-06-27T17:46:33+0200,4e541c53-98a3-4782-9d6d-b4c701b81d28,2026-06-25T13:15:00Z,2026-06-25T15:15:00+0200,1023.36,MW,FR,FR,actual_offshore_wind_generation,Wind Offshore | Actual Aggregated,2026-06-27T15:47:42Z
2026-06-27T15:46:33Z,2026-06-27T17:46:33+0200,4e541c53-98a3-4782-9d6d-b4c701b81d28,2026-06-25T13:30:00Z,2026-06-25T15:30:00+0200,1016.01,MW,FR,FR,actual_offshore_wind_generation,Wind Offshore | Actual Aggregated,2026-06-27T15:47:42Z
2026-06-27T15:46:33Z,2026-06-27T17:46:33+0200,4e541c53-98a3-4782-9d6d-b4c701b81d28,2026-06-25T13:45:00Z,2026-06-25T15:45:00+0200,967.78,MW,FR,FR,actual_offshore_wind_generation,Wind Offshore | Actual Aggregated,2026-06-27T15:47:42Z
2026-06-27T15:46:33Z,2026-06-27T17:46:33+0200,4e541c53-98a3-4782-9d6d-b4c701b81d28,2026-06-25T14:00:00Z,2026-06-25T16:00:00+0200,1007.2,MW,FR,FR,actual_offshore_wind_generation,Wind Offshore | Actual Aggregated,2026-06-27T15:47:42Z
2026-06-27T15:46:33Z,2026-06-27T17:46:33+0200,4e541c53-98a3-4782-9d6d-b4c701b81d28,2026-06-25T14:15:00Z,2026-06-25T16:15:00+0200,1140.83,MW,FR,FR,actual_offshore_wind_generation,Wind Offshore | Actual Aggregated,2026-06-27T15:47:42Z
2026-06-27T15:46:33Z,2026-06-27T17:46:33+0200,4e541c53-98a3-4782-9d6d-b4c701b81d28,2026-06-25T14:30:00Z,2026-06-25T16:30:00+0200,1174.29,MW,FR,FR,actual_offshore_wind_generation,Wind Offshore | Actual Aggregated,2026-06-27T15:47:42Z
2026-06-27T15:46:33Z,2026-06-27T17:46:33+0200,4e541c53-98a3-4782-9d6d-b4c701b81d28,2026-06-25T14:45:00Z,2026-06-25T16:45:00+0200,1102.92,MW,FR,FR,actual_offshore_wind_generation,Wind Offshore | Actual Aggregated,2026-06-27T15:47:42Z
2026-06-27T15:46:33Z,2026-06-27T17:46:33+0200,4e541c53-98a3-4782-9d6d-b4c701b81d28,2026-06-25T15:00:00Z,2026-06-25T17:00:00+0200,1050.2,MW,FR,FR,actual_offshore_wind_generation,Wind Offshore | Actual Aggregated,2026-06-27T15:47:42Z
2026-06-27T15:46:33Z,2026-06-27T17:46:33+0200,4e541c53-98a3-4782-9d6d-b4c701b81d28,2026-06-25T15:15:00Z,2026-06-25T17:15:00+0200,986.62,MW,FR,FR,actual_offshore_wind_generation,Wind Offshore | Actual Aggregated,2026-06-27T15:47:42Z
2026-06-27T15:46:33Z,2026-06-27T17:46:33+0200,4e541c53-98a3-4782-9d6d-b4c701b81d28,2026-06-25T15:30:00Z,2026-06-25T17:30:00+0200,900.27,MW,FR,FR,actual_offshore_wind_generation,Wind Offshore | Actual Aggregated,2026-06-27T15:47:42Z
2026-06-27T15:46:33Z,2026-06-27T17:46:33+0200,4e541c53-98a3-4782-9d6d-b4c701b81d28,2026-06-25T15:45:00Z,2026-06-25T17:45:00+0200,981.11,MW,FR,FR,actual_offshore_wind_generation,Wind Offshore | Actual Aggregated,2026-06-27T15:47:42Z
2026-06-27T15:46:33Z,2026-06-27T17:46:33+0200,4e541c53-98a3-4782-9d6d-b4c701b81d28,2026-06-25T16:00:00Z,2026-06-25T18:00:00+0200,1181.06,MW,FR,FR,actual_offshore_wind_generation,Wind Offshore | Actual Aggregated,2026-06-27T15:47:42Z
2026-06-27T15:46:33Z,2026-06-27T17:46:33+0200,4e541c53-98a3-4782-9d6d-b4c701b81d28,2026-06-25T16:15:00Z,2026-06-25T18:15:00+0200,1384.05,MW,FR,FR,actual_offshore_wind_generation,Wind Offshore | Actual Aggregated,2026-06-27T15:47:42Z
2026-06-27T15:46:33Z,2026-06-27T17:46:33+0200,4e541c53-98a3-4782-9d6d-b4c701b81d28,2026-06-25T16:30:00Z,2026-06-25T18:30:00+0200,1394.37,MW,FR,FR,actual_offshore_wind_generation,Wind Offshore | Actual Aggregated,2026-06-27T15:47:42Z
2026-06-27T15:46:33Z,2026-06-27T17:46:33+0200,4e541c53-98a3-4782-9d6d-b4c701b81d28,2026-06-25T16:45:00Z,2026-06-25T18:45:00+0200,1382.7,MW,FR,FR,actual_offshore_wind_generation,Wind Offshore | Actual Aggregated,2026-06-27T15:47:42Z
2026-06-27T15:46:33Z,2026-06-27T17:46:33+0200,4e541c53-98a3-4782-9d6d-b4c701b81d28,2026-06-25T17:00:00Z,2026-06-25T19:00:00+0200,1376.92,MW,FR,FR,actual_offshore_wind_generation,Wind Offshore | Actual Aggregated,2026-06-27T15:47:42Z
2026-06-27T15:46:33Z,2026-06-27T17:46:33+0200,4e541c53-98a3-4782-9d6d-b4c701b81d28,2026-06-25T17:15:00Z,2026-06-25T19:15:00+0200,1260.12,MW,FR,FR,actual_offshore_wind_generation,Wind Offshore | Actual Aggregated,2026-06-27T15:47:42Z
2026-06-27T15:46:33Z,2026-06-27T17:46:33+0200,4e541c53-98a3-4782-9d6d-b4c701b81d28,2026-06-25T17:30:00Z,2026-06-25T19:30:00+0200,1050.19,MW,FR,FR,actual_offshore_wind_generation,Wind Offshore | Actual Aggregated,2026-06-27T15:47:42Z
2026-06-27T15:46:33Z,2026-06-27T17:46:33+0200,4e541c53-98a3-4782-9d6d-b4c701b81d28,2026-06-25T17:45:00Z,2026-06-25T19:45:00+0200,828.56,MW,FR,FR,actual_offshore_wind_generation,Wind Offshore | Actual Aggregated,2026-06-27T15:47:42Z
2026-06-27T15:46:33Z,2026-06-27T17:46:33+0200,4e541c53-98a3-4782-9d6d-b4c701b81d28,2026-06-25T18:00:00Z,2026-06-25T20:00:00+0200,871.46,MW,FR,FR,actual_offshore_wind_generation,Wind Offshore | Actual Aggregated,2026-06-27T15:47:42Z
2026-06-27T15:46:33Z,2026-06-27T17:46:33+0200,4e541c53-98a3-4782-9d6d-b4c701b81d28,2026-06-25T18:15:00Z,2026-06-25T20:15:00+0200,632.48,MW,FR,FR,actual_offshore_wind_generation,Wind Offshore | Actual Aggregated,2026-06-27T15:47:42Z
2026-06-27T15:46:33Z,2026-06-27T17:46:33+0200,4e541c53-98a3-4782-9d6d-b4c701b81d28,2026-06-25T18:30:00Z,2026-06-25T20:30:00+0200,572.11,MW,FR,FR,actual_offshore_wind_generation,Wind Offshore | Actual Aggregated,2026-06-27T15:47:42Z
2026-06-27T15:46:33Z,2026-06-27T17:46:33+0200,4e541c53-98a3-4782-9d6d-b4c701b81d28,2026-06-25T18:45:00Z,2026-06-25T20:45:00+0200,476.95,MW,FR,FR,actual_offshore_wind_generation,Wind Offshore | Actual Aggregated,2026-06-27T15:47:42Z
2026-06-27T15:46:33Z,2026-06-27T17:46:33+0200,4e541c53-98a3-4782-9d6d-b4c701b81d28,2026-06-25T19:00:00Z,2026-06-25T21:00:00+0200,373.14,MW,FR,FR,actual_offshore_wind_generation,Wind Offshore | Actual Aggregated,2026-06-27T15:47:42Z
2026-06-27T15:46:33Z,2026-06-27T17:46:33+0200,4e541c53-98a3-4782-9d6d-b4c701b81d28,2026-06-25T19:15:00Z,2026-06-25T21:15:00+0200,323.49,MW,FR,FR,actual_offshore_wind_generation,Wind Offshore | Actual Aggregated,2026-06-27T15:47:42Z
2026-06-27T15:46:33Z,2026-06-27T17:46:33+0200,4e541c53-98a3-4782-9d6d-b4c701b81d28,2026-06-25T19:30:00Z,2026-06-25T21:30:00+0200,313.76,MW,FR,FR,actual_offshore_wind_generation,Wind Offshore | Actual Aggregated,2026-06-27T15:47:42Z
2026-06-27T15:46:33Z,2026-06-27T17:46:33+0200,4e541c53-98a3-4782-9d6d-b4c701b81d28,2026-06-25T19:45:00Z,2026-06-25T21:45:00+0200,294.68,MW,FR,FR,actual_offshore_wind_generation,Wind Offshore | Actual Aggregated,2026-06-27T15:47:42Z
2026-06-27T15:46:33Z,2026-06-27T17:46:33+0200,4e541c53-98a3-4782-9d6d-b4c701b81d28,2026-06-25T20:00:00Z,2026-06-25T22:00:00+0200,273.83,MW,FR,FR,actual_offshore_wind_generation,Wind Offshore | Actual Aggregated,2026-06-27T15:47:42Z
2026-06-27T15:46:33Z,2026-06-27T17:46:33+0200,4e541c53-98a3-4782-9d6d-b4c701b81d28,2026-06-25T20:15:00Z,2026-06-25T22:15:00+0200,348.59,MW,FR,FR,actual_offshore_wind_generation,Wind Offshore | Actual Aggregated,2026-06-27T15:47:42Z
2026-06-27T15:46:33Z,2026-06-27T17:46:33+0200,4e541c53-98a3-4782-9d6d-b4c701b81d28,2026-06-25T20:30:00Z,2026-06-25T22:30:00+0200,482.49,MW,FR,FR,actual_offshore_wind_generation,Wind Offshore | Actual Aggregated,2026-06-27T15:47:42Z
2026-06-27T15:46:33Z,2026-06-27T17:46:33+0200,4e541c53-98a3-4782-9d6d-b4c701b81d28,2026-06-25T20:45:00Z,2026-06-25T22:45:00+0200,738.17,MW,FR,FR,actual_offshore_wind_generation,Wind Offshore | Actual Aggregated,2026-06-27T15:47:42Z
2026-06-27T15:46:33Z,2026-06-27T17:46:33+0200,4e541c53-98a3-4782-9d6d-b4c701b81d28,2026-06-25T21:00:00Z,2026-06-25T23:00:00+0200,790.9,MW,FR,FR,actual_offshore_wind_generation,Wind Offshore | Actual Aggregated,2026-06-27T15:47:42Z
2026-06-27T15:46:33Z,2026-06-27T17:46:33+0200,4e541c53-98a3-4782-9d6d-b4c701b81d28,2026-06-25T21:15:00Z,2026-06-25T23:15:00+0200,734.66,MW,FR,FR,actual_offshore_wind_generation,Wind Offshore | Actual Aggregated,2026-06-27T15:47:42Z
2026-06-27T15:46:33Z,2026-06-27T17:46:33+0200,4e541c53-98a3-4782-9d6d-b4c701b81d28,2026-06-25T21:30:00Z,2026-06-25T23:30:00+0200,654.91,MW,FR,FR,actual_offshore_wind_generation,Wind Offshore | Actual Aggregated,2026-06-27T15:47:42Z
2026-06-27T15:46:33Z,2026-06-27T17:46:33+0200,4e541c53-98a3-4782-9d6d-b4c701b81d28,2026-06-25T21:45:00Z,2026-06-25T23:45:00+0200,793.99,MW,FR,FR,actual_offshore_wind_generation,Wind Offshore | Actual Aggregated,2026-06-27T15:47:42Z
2026-06-27T15:46:33Z,2026-06-27T17:46:33+0200,4e541c53-98a3-4782-9d6d-b4c701b81d28,2026-06-25T22:00:00Z,2026-06-26T00:00:00+0200,749.11,MW,FR,FR,actual_offshore_wind_generation,Wind Offshore | Actual Aggregated,2026-06-27T15:47:42Z
2026-06-27T15:46:33Z,2026-06-27T17:46:33+0200,4e541c53-98a3-4782-9d6d-b4c701b81d28,2026-06-25T22:15:00Z,2026-06-26T00:15:00+0200,688.36,MW,FR,FR,actual_offshore_wind_generation,Wind Offshore | Actual Aggregated,2026-06-27T15:47:42Z
2026-06-27T15:46:33Z,2026-06-27T17:46:33+0200,4e541c53-98a3-4782-9d6d-b4c701b81d28,2026-06-25T22:30:00Z,2026-06-26T00:30:00+0200,778.29,MW,FR,FR,actual_offshore_wind_generation,Wind Offshore | Actual Aggregated,2026-06-27T15:47:42Z
2026-06-27T15:46:33Z,2026-06-27T17:46:33+0200,4e541c53-98a3-4782-9d6d-b4c701b81d28,2026-06-25T22:45:00Z,2026-06-26T00:45:00+0200,603.2,MW,FR,FR,actual_offshore_wind_generation,Wind Offshore | Actual Aggregated,2026-06-27T15:47:42Z
2026-06-27T15:46:33Z,2026-06-27T17:46:33+0200,4e541c53-98a3-4782-9d6d-b4c701b81d28,2026-06-25T23:00:00Z,2026-06-26T01:00:00+0200,430.05,MW,FR,FR,actual_offshore_wind_generation,Wind Offshore | Actual Aggregated,2026-06-27T15:47:42Z
2026-06-27T15:46:33Z,2026-06-27T17:46:33+0200,4e541c53-98a3-4782-9d6d-b4c701b81d28,2026-06-25T23:15:00Z,2026-06-26T01:15:00+0200,434.8,MW,FR,FR,actual_offshore_wind_generation,Wind Offshore | Actual Aggregated,2026-06-27T15:47:42Z
2026-06-27T15:46:33Z,2026-06-27T17:46:33+0200,4e541c53-98a3-4782-9d6d-b4c701b81d28,2026-06-25T23:30:00Z,2026-06-26T01:30:00+0200,415.01,MW,FR,FR,actual_offshore_wind_generation,Wind Offshore | Actual Aggregated,2026-06-27T15:47:42Z
2026-06-27T15:46:33Z,2026-06-27T17:46:33+0200,4e541c53-98a3-4782-9d6d-b4c701b81d28,2026-06-25T23:45:00Z,2026-06-26T01:45:00+0200,333.46,MW,FR,FR,actual_offshore_wind_generation,Wind Offshore | Actual Aggregated,2026-06-27T15:47:42Z
2026-06-27T15:46:33Z,2026-06-27T17:46:33+0200,4e541c53-98a3-4782-9d6d-b4c701b81d28,2026-06-26T00:00:00Z,2026-06-26T02:00:00+0200,291.73,MW,FR,FR,actual_offshore_wind_generation,Wind Offshore | Actual Aggregated,2026-06-27T15:47:42Z
2026-06-27T15:46:33Z,2026-06-27T17:46:33+0200,4e541c53-98a3-4782-9d6d-b4c701b81d28,2026-06-26T00:15:00Z,2026-06-26T02:15:00+0200,159.19,MW,FR,FR,actual_offshore_wind_generation,Wind Offshore | Actual Aggregated,2026-06-27T15:47:42Z
2026-06-27T15:46:33Z,2026-06-27T17:46:33+0200,4e541c53-98a3-4782-9d6d-b4c701b81d28,2026-06-26T00:30:00Z,2026-06-26T02:30:00+0200,192.96,MW,FR,FR,actual_offshore_wind_generation,Wind Offshore | Actual Aggregated,2026-06-27T15:47:42Z
2026-06-27T15:46:33Z,2026-06-27T17:46:33+0200,4e541c53-98a3-4782-9d6d-b4c701b81d28,2026-06-26T00:45:00Z,2026-06-26T02:45:00+0200,161.09,MW,FR,FR,actual_offshore_wind_generation,Wind Offshore | Actual Aggregated,2026-06-27T15:47:42Z
2026-06-27T15:46:33Z,2026-06-27T17:46:33+0200,4e541c53-98a3-4782-9d6d-b4c701b81d28,2026-06-26T01:00:00Z,2026-06-26T03:00:00+0200,125.85,MW,FR,FR,actual_offshore_wind_generation,Wind Offshore | Actual Aggregated,2026-06-27T15:47:42Z
2026-06-27T15:46:33Z,2026-06-27T17:46:33+0200,4e541c53-98a3-4782-9d6d-b4c701b81d28,2026-06-26T01:15:00Z,2026-06-26T03:15:00+0200,125.04,MW,FR,FR,actual_offshore_wind_generation,Wind Offshore | Actual Aggregated,2026-06-27T15:47:42Z
2026-06-27T15:46:33Z,2026-06-27T17:46:33+0200,4e541c53-98a3-4782-9d6d-b4c701b81d28,2026-06-26T01:30:00Z,2026-06-26T03:30:00+0200,147.83,MW,FR,FR,actual_offshore_wind_generation,Wind Offshore | Actual Aggregated,2026-06-27T15:47:42Z
2026-06-27T15:46:33Z,2026-06-27T17:46:33+0200,4e541c53-98a3-4782-9d6d-b4c701b81d28,2026-06-26T01:45:00Z,2026-06-26T03:45:00+0200,118.03,MW,FR,FR,actual_offshore_wind_generation,Wind Offshore | Actual Aggregated,2026-06-27T15:47:42Z
2026-06-27T15:46:33Z,2026-06-27T17:46:33+0200,4e541c53-98a3-4782-9d6d-b4c701b81d28,2026-06-26T02:00:00Z,2026-06-26T04:00:00+0200,82.9,MW,FR,FR,actual_offshore_wind_generation,Wind Offshore | Actual Aggregated,2026-06-27T15:47:42Z
2026-06-27T15:46:33Z,2026-06-27T17:46:33+0200,4e541c53-98a3-4782-9d6d-b4c701b81d28,2026-06-26T02:15:00Z,2026-06-26T04:15:00+0200,58.03,MW,FR,FR,actual_offshore_wind_generation,Wind Offshore | Actual Aggregated,2026-06-27T15:47:42Z
2026-06-27T15:46:33Z,2026-06-27T17:46:33+0200,4e541c53-98a3-4782-9d6d-b4c701b81d28,2026-06-26T02:30:00Z,2026-06-26T04:30:00+0200,50.54,MW,FR,FR,actual_offshore_wind_generation,Wind Offshore | Actual Aggregated,2026-06-27T15:47:42Z
2026-06-27T15:46:33Z,2026-06-27T17:46:33+0200,4e541c53-98a3-4782-9d6d-b4c701b81d28,2026-06-26T02:45:00Z,2026-06-26T04:45:00+0200,70.68,MW,FR,FR,actual_offshore_wind_generation,Wind Offshore | Actual Aggregated,2026-06-27T15:47:42Z
2026-06-27T15:46:33Z,2026-06-27T17:46:33+0200,4e541c53-98a3-4782-9d6d-b4c701b81d28,2026-06-26T03:00:00Z,2026-06-26T05:00:00+0200,103.04,MW,FR,FR,actual_offshore_wind_generation,Wind Offshore | Actual Aggregated,2026-06-27T15:47:42Z
2026-06-27T15:46:33Z,2026-06-27T17:46:33+0200,4e541c53-98a3-4782-9d6d-b4c701b81d28,2026-06-26T03:15:00Z,2026-06-26T05:15:00+0200,102.89,MW,FR,FR,actual_offshore_wind_generation,Wind Offshore | Actual Aggregated,2026-06-27T15:47:42Z
2026-06-27T15:46:33Z,2026-06-27T17:46:33+0200,4e541c53-98a3-4782-9d6d-b4c701b81d28,2026-06-26T03:30:00Z,2026-06-26T05:30:00+0200,147.2,MW,FR,FR,actual_offshore_wind_generation,Wind Offshore | Actual Aggregated,2026-06-27T15:47:42Z
2026-06-27T15:46:33Z,2026-06-27T17:46:33+0200,4e541c53-98a3-4782-9d6d-b4c701b81d28,2026-06-26T03:45:00Z,2026-06-26T05:45:00+0200,200.24,MW,FR,FR,actual_offshore_wind_generation,Wind Offshore | Actual Aggregated,2026-06-27T15:47:42Z
2026-06-27T15:46:33Z,2026-06-27T17:46:33+0200,4e541c53-98a3-4782-9d6d-b4c701b81d28,2026-06-26T04:00:00Z,2026-06-26T06:00:00+0200,288.2,MW,FR,FR,actual_offshore_wind_generation,Wind Offshore | Actual Aggregated,2026-06-27T15:47:42Z
2026-06-27T15:46:33Z,2026-06-27T17:46:33+0200,4e541c53-98a3-4782-9d6d-b4c701b81d28,2026-06-26T04:15:00Z,2026-06-26T06:15:00+0200,339.0,MW,FR,FR,actual_offshore_wind_generation,Wind Offshore | Actual Aggregated,2026-06-27T15:47:42Z
2026-06-27T15:46:33Z,2026-06-27T17:46:33+0200,4e541c53-98a3-4782-9d6d-b4c701b81d28,2026-06-26T04:30:00Z,2026-06-26T06:30:00+0200,253.97,MW,FR,FR,actual_offshore_wind_generation,Wind Offshore | Actual Aggregated,2026-06-27T15:47:42Z
2026-06-27T15:46:33Z,2026-06-27T17:46:33+0200,4e541c53-98a3-4782-9d6d-b4c701b81d28,2026-06-26T04:45:00Z,2026-06-26T06:45:00+0200,281.26,MW,FR,FR,actual_offshore_wind_generation,Wind Offshore | Actual Aggregated,2026-06-27T15:47:42Z
2026-06-27T15:46:33Z,2026-06-27T17:46:33+0200,4e541c53-98a3-4782-9d6d-b4c701b81d28,2026-06-26T05:00:00Z,2026-06-26T07:00:00+0200,272.18,MW,FR,FR,actual_offshore_wind_generation,Wind Offshore | Actual Aggregated,2026-06-27T15:47:42Z
2026-06-27T15:46:33Z,2026-06-27T17:46:33+0200,4e541c53-98a3-4782-9d6d-b4c701b81d28,2026-06-26T05:15:00Z,2026-06-26T07:15:00+0200,312.09,MW,FR,FR,actual_offshore_wind_generation,Wind Offshore | Actual Aggregated,2026-06-27T15:47:42Z
2026-06-27T15:46:33Z,2026-06-27T17:46:33+0200,4e541c53-98a3-4782-9d6d-b4c701b81d28,2026-06-26T05:30:00Z,2026-06-26T07:30:00+0200,404.43,MW,FR,FR,actual_offshore_wind_generation,Wind Offshore | Actual Aggregated,2026-06-27T15:47:42Z
2026-06-27T15:46:33Z,2026-06-27T17:46:33+0200,4e541c53-98a3-4782-9d6d-b4c701b81d28,2026-06-26T05:45:00Z,2026-06-26T07:45:00+0200,460.87,MW,FR,FR,actual_offshore_wind_generation,Wind Offshore | Actual Aggregated,2026-06-27T15:47:42Z
2026-06-27T15:46:33Z,2026-06-27T17:46:33+0200,4e541c53-98a3-4782-9d6d-b4c701b81d28,2026-06-26T06:00:00Z,2026-06-26T08:00:00+0200,450.92,MW,FR,FR,actual_offshore_wind_generation,Wind Offshore | Actual Aggregated,2026-06-27T15:47:42Z
2026-06-27T15:46:33Z,2026-06-27T17:46:33+0200,4e541c53-98a3-4782-9d6d-b4c701b81d28,2026-06-26T06:15:00Z,2026-06-26T08:15:00+0200,413.35,MW,FR,FR,actual_offshore_wind_generation,Wind Offshore | Actual Aggregated,2026-06-27T15:47:42Z
2026-06-27T15:46:33Z,2026-06-27T17:46:33+0200,4e541c53-98a3-4782-9d6d-b4c701b81d28,2026-06-26T06:30:00Z,2026-06-26T08:30:00+0200,354.7,MW,FR,FR,actual_offshore_wind_generation,Wind Offshore | Actual Aggregated,2026-06-27T15:47:42Z
2026-06-27T15:46:33Z,2026-06-27T17:46:33+0200,4e541c53-98a3-4782-9d6d-b4c701b81d28,2026-06-26T06:45:00Z,2026-06-26T08:45:00+0200,343.7,MW,FR,FR,actual_offshore_wind_generation,Wind Offshore | Actual Aggregated,2026-06-27T15:47:42Z
2026-06-27T15:46:33Z,2026-06-27T17:46:33+0200,4e541c53-98a3-4782-9d6d-b4c701b81d28,2026-06-26T07:00:00Z,2026-06-26T09:00:00+0200,292.95,MW,FR,FR,actual_offshore_wind_generation,Wind Offshore | Actual Aggregated,2026-06-27T15:47:42Z
2026-06-27T15:46:33Z,2026-06-27T17:46:33+0200,4e541c53-98a3-4782-9d6d-b4c701b81d28,2026-06-26T07:15:00Z,2026-06-26T09:15:00+0200,266.33,MW,FR,FR,actual_offshore_wind_generation,Wind Offshore | Actual Aggregated,2026-06-27T15:47:42Z
2026-06-27T15:46:33Z,2026-06-27T17:46:33+0200,4e541c53-98a3-4782-9d6d-b4c701b81d28,2026-06-26T07:30:00Z,2026-06-26T09:30:00+0200,249.71,MW,FR,FR,actual_offshore_wind_generation,Wind Offshore | Actual Aggregated,2026-06-27T15:47:42Z
2026-06-27T15:46:33Z,2026-06-27T17:46:33+0200,4e541c53-98a3-4782-9d6d-b4c701b81d28,2026-06-26T07:45:00Z,2026-06-26T09:45:00+0200,196.18,MW,FR,FR,actual_offshore_wind_generation,Wind Offshore | Actual Aggregated,2026-06-27T15:47:42Z
2026-06-27T15:46:33Z,2026-06-27T17:46:33+0200,4e541c53-98a3-4782-9d6d-b4c701b81d28,2026-06-26T08:00:00Z,2026-06-26T10:00:00+0200,200.79,MW,FR,FR,actual_offshore_wind_generation,Wind Offshore | Actual Aggregated,2026-06-27T15:47:42Z
2026-06-27T15:46:33Z,2026-06-27T17:46:33+0200,4e541c53-98a3-4782-9d6d-b4c701b81d28,2026-06-26T08:15:00Z,2026-06-26T10:15:00+0200,140.99,MW,FR,FR,actual_offshore_wind_generation,Wind Offshore | Actual Aggregated,2026-06-27T15:47:42Z
2026-06-27T15:46:33Z,2026-06-27T17:46:33+0200,4e541c53-98a3-4782-9d6d-b4c701b81d28,2026-06-26T08:30:00Z,2026-06-26T10:30:00+0200,83.95,MW,FR,FR,actual_offshore_wind_generation,Wind Offshore | Actual Aggregated,2026-06-27T15:47:42Z
2026-06-27T15:46:33Z,2026-06-27T17:46:33+0200,4e541c53-98a3-4782-9d6d-b4c701b81d28,2026-06-26T08:45:00Z,2026-06-26T10:45:00+0200,79.74,MW,FR,FR,actual_offshore_wind_generation,Wind Offshore | Actual Aggregated,2026-06-27T15:47:42Z
2026-06-27T15:46:33Z,2026-06-27T17:46:33+0200,4e541c53-98a3-4782-9d6d-b4c701b81d28,2026-06-26T09:00:00Z,2026-06-26T11:00:00+0200,118.58,MW,FR,FR,actual_offshore_wind_generation,Wind Offshore | Actual Aggregated,2026-06-27T15:47:42Z
2026-06-27T15:46:33Z,2026-06-27T17:46:33+0200,4e541c53-98a3-4782-9d6d-b4c701b81d28,2026-06-26T09:15:00Z,2026-06-26T11:15:00+0200,75.28,MW,FR,FR,actual_offshore_wind_generation,Wind Offshore | Actual Aggregated,2026-06-27T15:47:42Z
2026-06-27T15:46:33Z,2026-06-27T17:46:33+0200,4e541c53-98a3-4782-9d6d-b4c701b81d28,2026-06-26T09:30:00Z,2026-06-26T11:30:00+0200,105.09,MW,FR,FR,actual_offshore_wind_generation,Wind Offshore | Actual Aggregated,2026-06-27T15:47:42Z
2026-06-27T15:46:33Z,2026-06-27T17:46:33+0200,4e541c53-98a3-4782-9d6d-b4c701b81d28,2026-06-26T09:45:00Z,2026-06-26T11:45:00+0200,173.41,MW,FR,FR,actual_offshore_wind_generation,Wind Offshore | Actual Aggregated,2026-06-27T15:47:42Z
2026-06-27T15:46:33Z,2026-06-27T17:46:33+0200,4e541c53-98a3-4782-9d6d-b4c701b81d28,2026-06-26T10:00:00Z,2026-06-26T12:00:00+0200,220.46,MW,FR,FR,actual_offshore_wind_generation,Wind Offshore | Actual Aggregated,2026-06-27T15:47:42Z
2026-06-27T15:46:33Z,2026-06-27T17:46:33+0200,4e541c53-98a3-4782-9d6d-b4c701b81d28,2026-06-26T10:15:00Z,2026-06-26T12:15:00+0200,228.35,MW,FR,FR,actual_offshore_wind_generation,Wind Offshore | Actual Aggregated,2026-06-27T15:47:42Z
2026-06-27T15:46:33Z,2026-06-27T17:46:33+0200,4e541c53-98a3-4782-9d6d-b4c701b81d28,2026-06-26T10:30:00Z,2026-06-26T12:30:00+0200,216.59,MW,FR,FR,actual_offshore_wind_generation,Wind Offshore | Actual Aggregated,2026-06-27T15:47:42Z
2026-06-27T15:46:33Z,2026-06-27T17:46:33+0200,4e541c53-98a3-4782-9d6d-b4c701b81d28,2026-06-26T10:45:00Z,2026-06-26T12:45:00+0200,217.82,MW,FR,FR,actual_offshore_wind_generation,Wind Offshore | Actual Aggregated,2026-06-27T15:47:42Z
2026-06-27T15:46:33Z,2026-06-27T17:46:33+0200,4e541c53-98a3-4782-9d6d-b4c701b81d28,2026-06-26T11:00:00Z,2026-06-26T13:00:00+0200,186.73,MW,FR,FR,actual_offshore_wind_generation,Wind Offshore | Actual Aggregated,2026-06-27T15:47:42Z
2026-06-27T15:46:33Z,2026-06-27T17:46:33+0200,4e541c53-98a3-4782-9d6d-b4c701b81d28,2026-06-26T11:15:00Z,2026-06-26T13:15:00+0200,138.5,MW,FR,FR,actual_offshore_wind_generation,Wind Offshore | Actual Aggregated,2026-06-27T15:47:42Z
2026-06-27T15:46:33Z,2026-06-27T17:46:33+0200,4e541c53-98a3-4782-9d6d-b4c701b81d28,2026-06-26T11:30:00Z,2026-06-26T13:30:00+0200,131.18,MW,FR,FR,actual_offshore_wind_generation,Wind Offshore | Actual Aggregated,2026-06-27T15:47:42Z
2026-06-27T15:46:33Z,2026-06-27T17:46:33+0200,4e541c53-98a3-4782-9d6d-b4c701b81d28,2026-06-26T11:45:00Z,2026-06-26T13:45:00+0200,131.62,MW,FR,FR,actual_offshore_wind_generation,Wind Offshore | Actual Aggregated,2026-06-27T15:47:42Z
2026-06-27T15:46:33Z,2026-06-27T17:46:33+0200,4e541c53-98a3-4782-9d6d-b4c701b81d28,2026-06-26T12:00:00Z,2026-06-26T14:00:00+0200,138.43,MW,FR,FR,actual_offshore_wind_generation,Wind Offshore | Actual Aggregated,2026-06-27T15:47:42Z
2026-06-27T15:46:33Z,2026-06-27T17:46:33+0200,4e541c53-98a3-4782-9d6d-b4c701b81d28,2026-06-26T12:15:00Z,2026-06-26T14:15:00+0200,211.88,MW,FR,FR,actual_offshore_wind_generation,Wind Offshore | Actual Aggregated,2026-06-27T15:47:42Z
2026-06-27T15:46:33Z,2026-06-27T17:46:33+0200,4e541c53-98a3-4782-9d6d-b4c701b81d28,2026-06-26T12:30:00Z,2026-06-26T14:30:00+0200,213.06,MW,FR,FR,actual_offshore_wind_generation,Wind Offshore | Actual Aggregated,2026-06-27T15:47:42Z
2026-06-27T15:46:33Z,2026-06-27T17:46:33+0200,4e541c53-98a3-4782-9d6d-b4c701b81d28,2026-06-26T12:45:00Z,2026-06-26T14:45:00+0200,172.8,MW,FR,FR,actual_offshore_wind_generation,Wind Offshore | Actual Aggregated,2026-06-27T15:47:42Z
2026-06-27T15:46:33Z,2026-06-27T17:46:33+0200,4e541c53-98a3-4782-9d6d-b4c701b81d28,2026-06-26T13:00:00Z,2026-06-26T15:00:00+0200,149.29,MW,FR,FR,actual_offshore_wind_generation,Wind Offshore | Actual Aggregated,2026-06-27T15:47:42Z
2026-06-27T15:46:33Z,2026-06-27T17:46:33+0200,4e541c53-98a3-4782-9d6d-b4c701b81d28,2026-06-26T13:15:00Z,2026-06-26T15:15:00+0200,93.9,MW,FR,FR,actual_offshore_wind_generation,Wind Offshore | Actual Aggregated,2026-06-27T15:47:42Z
2026-06-27T15:46:33Z,2026-06-27T17:46:33+0200,4e541c53-98a3-4782-9d6d-b4c701b81d28,2026-06-26T13:30:00Z,2026-06-26T15:30:00+0200,87.44,MW,FR,FR,actual_offshore_wind_generation,Wind Offshore | Actual Aggregated,2026-06-27T15:47:42Z
2026-06-27T15:46:33Z,2026-06-27T17:46:33+0200,4e541c53-98a3-4782-9d6d-b4c701b81d28,2026-06-26T13:45:00Z,2026-06-26T15:45:00+0200,84.73,MW,FR,FR,actual_offshore_wind_generation,Wind Offshore | Actual Aggregated,2026-06-27T15:47:42Z
2026-06-27T15:46:33Z,2026-06-27T17:46:33+0200,4e541c53-98a3-4782-9d6d-b4c701b81d28,2026-06-26T14:00:00Z,2026-06-26T16:00:00+0200,93.68,MW,FR,FR,actual_offshore_wind_generation,Wind Offshore | Actual Aggregated,2026-06-27T15:47:42Z
2026-06-27T15:46:33Z,2026-06-27T17:46:33+0200,4e541c53-98a3-4782-9d6d-b4c701b81d28,2026-06-26T14:15:00Z,2026-06-26T16:15:00+0200,173.01,MW,FR,FR,actual_offshore_wind_generation,Wind Offshore | Actual Aggregated,2026-06-27T15:47:42Z
2026-06-27T15:46:33Z,2026-06-27T17:46:33+0200,4e541c53-98a3-4782-9d6d-b4c701b81d28,2026-06-26T14:30:00Z,2026-06-26T16:30:00+0200,213.87,MW,FR,FR,actual_offshore_wind_generation,Wind Offshore | Actual Aggregated,2026-06-27T15:47:42Z
2026-06-27T15:46:33Z,2026-06-27T17:46:33+0200,4e541c53-98a3-4782-9d6d-b4c701b81d28,2026-06-26T14:45:00Z,2026-06-26T16:45:00+0200,206.01,MW,FR,FR,actual_offshore_wind_generation,Wind Offshore | Actual Aggregated,2026-06-27T15:47:42Z
2026-06-27T15:46:33Z,2026-06-27T17:46:33+0200,4e541c53-98a3-4782-9d6d-b4c701b81d28,2026-06-26T15:00:00Z,2026-06-26T17:00:00+0200,190.13,MW,FR,FR,actual_offshore_wind_generation,Wind Offshore | Actual Aggregated,2026-06-27T15:47:42Z
2026-06-27T15:46:33Z,2026-06-27T17:46:33+0200,4e541c53-98a3-4782-9d6d-b4c701b81d28,2026-06-26T15:15:00Z,2026-06-26T17:15:00+0200,194.49,MW,FR,FR,actual_offshore_wind_generation,Wind Offshore | Actual Aggregated,2026-06-27T15:47:42Z
2026-06-27T15:46:33Z,2026-06-27T17:46:33+0200,4e541c53-98a3-4782-9d6d-b4c701b81d28,2026-06-26T15:30:00Z,2026-06-26T17:30:00+0200,206.29,MW,FR,FR,actual_offshore_wind_generation,Wind Offshore | Actual Aggregated,2026-06-27T15:47:42Z
2026-06-27T15:46:33Z,2026-06-27T17:46:33+0200,4e541c53-98a3-4782-9d6d-b4c701b81d28,2026-06-26T15:45:00Z,2026-06-26T17:45:00+0200,223.82,MW,FR,FR,actual_offshore_wind_generation,Wind Offshore | Actual Aggregated,2026-06-27T15:47:42Z
2026-06-27T15:46:33Z,2026-06-27T17:46:33+0200,4e541c53-98a3-4782-9d6d-b4c701b81d28,2026-06-26T16:00:00Z,2026-06-26T18:00:00+0200,258.66,MW,FR,FR,actual_offshore_wind_generation,Wind Offshore | Actual Aggregated,2026-06-27T15:47:42Z
2026-06-27T15:46:33Z,2026-06-27T17:46:33+0200,4e541c53-98a3-4782-9d6d-b4c701b81d28,2026-06-26T16:15:00Z,2026-06-26T18:15:00+0200,258.37,MW,FR,FR,actual_offshore_wind_generation,Wind Offshore | Actual Aggregated,2026-06-27T15:47:42Z
2026-06-27T15:46:33Z,2026-06-27T17:46:33+0200,4e541c53-98a3-4782-9d6d-b4c701b81d28,2026-06-26T16:30:00Z,2026-06-26T18:30:00+0200,264.43,MW,FR,FR,actual_offshore_wind_generation,Wind Offshore | Actual Aggregated,2026-06-27T15:47:42Z
2026-06-27T15:46:33Z,2026-06-27T17:46:33+0200,4e541c53-98a3-4782-9d6d-b4c701b81d28,2026-06-26T16:45:00Z,2026-06-26T18:45:00+0200,278.85,MW,FR,FR,actual_offshore_wind_generation,Wind Offshore | Actual Aggregated,2026-06-27T15:47:42Z
2026-06-27T15:46:33Z,2026-06-27T17:46:33+0200,4e541c53-98a3-4782-9d6d-b4c701b81d28,2026-06-26T17:00:00Z,2026-06-26T19:00:00+0200,297.69,MW,FR,FR,actual_offshore_wind_generation,Wind Offshore | Actual Aggregated,2026-06-27T15:47:42Z
2026-06-27T15:46:33Z,2026-06-27T17:46:33+0200,4e541c53-98a3-4782-9d6d-b4c701b81d28,2026-06-26T17:15:00Z,2026-06-26T19:15:00+0200,304.24,MW,FR,FR,actual_offshore_wind_generation,Wind Offshore | Actual Aggregated,2026-06-27T15:47:42Z
2026-06-27T15:46:33Z,2026-06-27T17:46:33+0200,4e541c53-98a3-4782-9d6d-b4c701b81d28,2026-06-26T17:30:00Z,2026-06-26T19:30:00+0200,328.77,MW,FR,FR,actual_offshore_wind_generation,Wind Offshore | Actual Aggregated,2026-06-27T15:47:42Z
2026-06-27T15:46:33Z,2026-06-27T17:46:33+0200,4e541c53-98a3-4782-9d6d-b4c701b81d28,2026-06-26T17:45:00Z,2026-06-26T19:45:00+0200,290.53,MW,FR,FR,actual_offshore_wind_generation,Wind Offshore | Actual Aggregated,2026-06-27T15:47:42Z
2026-06-27T15:46:33Z,2026-06-27T17:46:33+0200,4e541c53-98a3-4782-9d6d-b4c701b81d28,2026-06-26T18:00:00Z,2026-06-26T20:00:00+0200,241.22,MW,FR,FR,actual_offshore_wind_generation,Wind Offshore | Actual Aggregated,2026-06-27T15:47:42Z
2026-06-27T15:46:33Z,2026-06-27T17:46:33+0200,4e541c53-98a3-4782-9d6d-b4c701b81d28,2026-06-26T18:15:00Z,2026-06-26T20:15:00+0200,221.57,MW,FR,FR,actual_offshore_wind_generation,Wind Offshore | Actual Aggregated,2026-06-27T15:47:42Z
2026-06-27T15:46:33Z,2026-06-27T17:46:33+0200,4e541c53-98a3-4782-9d6d-b4c701b81d28,2026-06-26T18:30:00Z,2026-06-26T20:30:00+0200,228.25,MW,FR,FR,actual_offshore_wind_generation,Wind Offshore | Actual Aggregated,2026-06-27T15:47:42Z
2026-06-27T15:46:33Z,2026-06-27T17:46:33+0200,4e541c53-98a3-4782-9d6d-b4c701b81d28,2026-06-26T18:45:00Z,2026-06-26T20:45:00+0200,292.03,MW,FR,FR,actual_offshore_wind_generation,Wind Offshore | Actual Aggregated,2026-06-27T15:47:42Z
2026-06-27T15:46:33Z,2026-06-27T17:46:33+0200,4e541c53-98a3-4782-9d6d-b4c701b81d28,2026-06-26T19:00:00Z,2026-06-26T21:00:00+0200,345.75,MW,FR,FR,actual_offshore_wind_generation,Wind Offshore | Actual Aggregated,2026-06-27T15:47:42Z
2026-06-27T15:46:33Z,2026-06-27T17:46:33+0200,4e541c53-98a3-4782-9d6d-b4c701b81d28,2026-06-26T19:15:00Z,2026-06-26T21:15:00+0200,352.25,MW,FR,FR,actual_offshore_wind_generation,Wind Offshore | Actual Aggregated,2026-06-27T15:47:42Z
2026-06-27T15:46:33Z,2026-06-27T17:46:33+0200,4e541c53-98a3-4782-9d6d-b4c701b81d28,2026-06-26T19:30:00Z,2026-06-26T21:30:00+0200,366.24,MW,FR,FR,actual_offshore_wind_generation,Wind Offshore | Actual Aggregated,2026-06-27T15:47:42Z
2026-06-27T15:46:33Z,2026-06-27T17:46:33+0200,4e541c53-98a3-4782-9d6d-b4c701b81d28,2026-06-26T19:45:00Z,2026-06-26T21:45:00+0200,364.16,MW,FR,FR,actual_offshore_wind_generation,Wind Offshore | Actual Aggregated,2026-06-27T15:47:42Z
2026-06-27T15:46:33Z,2026-06-27T17:46:33+0200,4e541c53-98a3-4782-9d6d-b4c701b81d28,2026-06-26T20:00:00Z,2026-06-26T22:00:00+0200,332.78,MW,FR,FR,actual_offshore_wind_generation,Wind Offshore | Actual Aggregated,2026-06-27T15:47:42Z
2026-06-27T15:46:33Z,2026-06-27T17:46:33+0200,4e541c53-98a3-4782-9d6d-b4c701b81d28,2026-06-26T20:15:00Z,2026-06-26T22:15:00+0200,362.46,MW,FR,FR,actual_offshore_wind_generation,Wind Offshore | Actual Aggregated,2026-06-27T15:47:42Z
2026-06-27T15:46:33Z,2026-06-27T17:46:33+0200,4e541c53-98a3-4782-9d6d-b4c701b81d28,2026-06-26T20:30:00Z,2026-06-26T22:30:00+0200,378.42,MW,FR,FR,actual_offshore_wind_generation,Wind Offshore | Actual Aggregated,2026-06-27T15:47:42Z
2026-06-27T15:46:33Z,2026-06-27T17:46:33+0200,4e541c53-98a3-4782-9d6d-b4c701b81d28,2026-06-26T20:45:00Z,2026-06-26T22:45:00+0200,401.11,MW,FR,FR,actual_offshore_wind_generation,Wind Offshore | Actual Aggregated,2026-06-27T15:47:42Z
2026-06-27T15:46:33Z,2026-06-27T17:46:33+0200,4e541c53-98a3-4782-9d6d-b4c701b81d28,2026-06-26T21:00:00Z,2026-06-26T23:00:00+0200,425.54,MW,FR,FR,actual_offshore_wind_generation,Wind Offshore | Actual Aggregated,2026-06-27T15:47:42Z
2026-06-27T15:46:33Z,2026-06-27T17:46:33+0200,4e541c53-98a3-4782-9d6d-b4c701b81d28,2026-06-26T21:15:00Z,2026-06-26T23:15:00+0200,457.32,MW,FR,FR,actual_offshore_wind_generation,Wind Offshore | Actual Aggregated,2026-06-27T15:47:42Z
2026-06-27T15:46:33Z,2026-06-27T17:46:33+0200,4e541c53-98a3-4782-9d6d-b4c701b81d28,2026-06-26T21:30:00Z,2026-06-26T23:30:00+0200,448.35,MW,FR,FR,actual_offshore_wind_generation,Wind Offshore | Actual Aggregated,2026-06-27T15:47:42Z
2026-06-27T15:46:33Z,2026-06-27T17:46:33+0200,4e541c53-98a3-4782-9d6d-b4c701b81d28,2026-06-26T21:45:00Z,2026-06-26T23:45:00+0200,445.97,MW,FR,FR,actual_offshore_wind_generation,Wind Offshore | Actual Aggregated,2026-06-27T15:47:42Z
2026-06-27T15:46:33Z,2026-06-27T17:46:33+0200,4e541c53-98a3-4782-9d6d-b4c701b81d28,2026-06-26T22:00:00Z,2026-06-27T00:00:00+0200,451.42,MW,FR,FR,actual_offshore_wind_generation,Wind Offshore | Actual Aggregated,2026-06-27T15:47:42Z
2026-06-27T15:46:33Z,2026-06-27T17:46:33+0200,4e541c53-98a3-4782-9d6d-b4c701b81d28,2026-06-26T22:15:00Z,2026-06-27T00:15:00+0200,447.96,MW,FR,FR,actual_offshore_wind_generation,Wind Offshore | Actual Aggregated,2026-06-27T15:47:42Z
2026-06-27T15:46:33Z,2026-06-27T17:46:33+0200,4e541c53-98a3-4782-9d6d-b4c701b81d28,2026-06-26T22:30:00Z,2026-06-27T00:30:00+0200,466.12,MW,FR,FR,actual_offshore_wind_generation,Wind Offshore | Actual Aggregated,2026-06-27T15:47:42Z
2026-06-27T15:46:33Z,2026-06-27T17:46:33+0200,4e541c53-98a3-4782-9d6d-b4c701b81d28,2026-06-26T22:45:00Z,2026-06-27T00:45:00+0200,437.13,MW,FR,FR,actual_offshore_wind_generation,Wind Offshore | Actual Aggregated,2026-06-27T15:47:42Z
2026-06-27T15:46:33Z,2026-06-27T17:46:33+0200,4e541c53-98a3-4782-9d6d-b4c701b81d28,2026-06-26T23:00:00Z,2026-06-27T01:00:00+0200,366.0,MW,FR,FR,actual_offshore_wind_generation,Wind Offshore | Actual Aggregated,2026-06-27T15:47:42Z
2026-06-27T15:46:33Z,2026-06-27T17:46:33+0200,4e541c53-98a3-4782-9d6d-b4c701b81d28,2026-06-26T23:15:00Z,2026-06-27T01:15:00+0200,334.11,MW,FR,FR,actual_offshore_wind_generation,Wind Offshore | Actual Aggregated,2026-06-27T15:47:42Z
2026-06-27T15:46:33Z,2026-06-27T17:46:33+0200,4e541c53-98a3-4782-9d6d-b4c701b81d28,2026-06-26T23:30:00Z,2026-06-27T01:30:00+0200,286.12,MW,FR,FR,actual_offshore_wind_generation,Wind Offshore | Actual Aggregated,2026-06-27T15:47:42Z
2026-06-27T15:46:33Z,2026-06-27T17:46:33+0200,4e541c53-98a3-4782-9d6d-b4c701b81d28,2026-06-26T23:45:00Z,2026-06-27T01:45:00+0200,273.13,MW,FR,FR,actual_offshore_wind_generation,Wind Offshore | Actual Aggregated,2026-06-27T15:47:42Z
2026-06-27T15:46:33Z,2026-06-27T17:46:33+0200,4e541c53-98a3-4782-9d6d-b4c701b81d28,2026-06-27T00:00:00Z,2026-06-27T02:00:00+0200,254.78,MW,FR,FR,actual_offshore_wind_generation,Wind Offshore | Actual Aggregated,2026-06-27T15:47:42Z
2026-06-27T15:46:33Z,2026-06-27T17:46:33+0200,4e541c53-98a3-4782-9d6d-b4c701b81d28,2026-06-27T00:15:00Z,2026-06-27T02:15:00+0200,227.76,MW,FR,FR,actual_offshore_wind_generation,Wind Offshore | Actual Aggregated,2026-06-27T15:47:42Z
2026-06-27T15:46:33Z,2026-06-27T17:46:33+0200,4e541c53-98a3-4782-9d6d-b4c701b81d28,2026-06-27T00:30:00Z,2026-06-27T02:30:00+0200,211.08,MW,FR,FR,actual_offshore_wind_generation,Wind Offshore | Actual Aggregated,2026-06-27T15:47:42Z
2026-06-27T15:46:33Z,2026-06-27T17:46:33+0200,4e541c53-98a3-4782-9d6d-b4c701b81d28,2026-06-27T00:45:00Z,2026-06-27T02:45:00+0200,167.84,MW,FR,FR,actual_offshore_wind_generation,Wind Offshore | Actual Aggregated,2026-06-27T15:47:42Z
2026-06-27T15:46:33Z,2026-06-27T17:46:33+0200,4e541c53-98a3-4782-9d6d-b4c701b81d28,2026-06-27T01:00:00Z,2026-06-27T03:00:00+0200,171.51,MW,FR,FR,actual_offshore_wind_generation,Wind Offshore | Actual Aggregated,2026-06-27T15:47:42Z
2026-06-27T15:46:33Z,2026-06-27T17:46:33+0200,4e541c53-98a3-4782-9d6d-b4c701b81d28,2026-06-27T01:15:00Z,2026-06-27T03:15:00+0200,140.6,MW,FR,FR,actual_offshore_wind_generation,Wind Offshore | Actual Aggregated,2026-06-27T15:47:42Z
2026-06-27T15:46:33Z,2026-06-27T17:46:33+0200,4e541c53-98a3-4782-9d6d-b4c701b81d28,2026-06-27T01:30:00Z,2026-06-27T03:30:00+0200,174.82,MW,FR,FR,actual_offshore_wind_generation,Wind Offshore | Actual Aggregated,2026-06-27T15:47:42Z
2026-06-27T15:46:33Z,2026-06-27T17:46:33+0200,4e541c53-98a3-4782-9d6d-b4c701b81d28,2026-06-27T01:45:00Z,2026-06-27T03:45:00+0200,257.79,MW,FR,FR,actual_offshore_wind_generation,Wind Offshore | Actual Aggregated,2026-06-27T15:47:42Z
2026-06-27T15:46:33Z,2026-06-27T17:46:33+0200,4e541c53-98a3-4782-9d6d-b4c701b81d28,2026-06-27T02:00:00Z,2026-06-27T04:00:00+0200,296.47,MW,FR,FR,actual_offshore_wind_generation,Wind Offshore | Actual Aggregated,2026-06-27T15:47:42Z
2026-06-27T15:46:33Z,2026-06-27T17:46:33+0200,4e541c53-98a3-4782-9d6d-b4c701b81d28,2026-06-27T02:15:00Z,2026-06-27T04:15:00+0200,333.67,MW,FR,FR,actual_offshore_wind_generation,Wind Offshore | Actual Aggregated,2026-06-27T15:47:42Z
2026-06-27T15:46:33Z,2026-06-27T17:46:33+0200,4e541c53-98a3-4782-9d6d-b4c701b81d28,2026-06-27T02:30:00Z,2026-06-27T04:30:00+0200,227.45,MW,FR,FR,actual_offshore_wind_generation,Wind Offshore | Actual Aggregated,2026-06-27T15:47:42Z
2026-06-27T15:46:33Z,2026-06-27T17:46:33+0200,4e541c53-98a3-4782-9d6d-b4c701b81d28,2026-06-27T02:45:00Z,2026-06-27T04:45:00+0200,159.91,MW,FR,FR,actual_offshore_wind_generation,Wind Offshore | Actual Aggregated,2026-06-27T15:47:42Z
2026-06-27T15:46:33Z,2026-06-27T17:46:33+0200,4e541c53-98a3-4782-9d6d-b4c701b81d28,2026-06-27T03:00:00Z,2026-06-27T05:00:00+0200,131.17,MW,FR,FR,actual_offshore_wind_generation,Wind Offshore | Actual Aggregated,2026-06-27T15:47:42Z
2026-06-27T15:46:33Z,2026-06-27T17:46:33+0200,4e541c53-98a3-4782-9d6d-b4c701b81d28,2026-06-27T03:15:00Z,2026-06-27T05:15:00+0200,115.6,MW,FR,FR,actual_offshore_wind_generation,Wind Offshore | Actual Aggregated,2026-06-27T15:47:42Z
2026-06-27T15:46:33Z,2026-06-27T17:46:33+0200,4e541c53-98a3-4782-9d6d-b4c701b81d28,2026-06-27T03:30:00Z,2026-06-27T05:30:00+0200,111.52,MW,FR,FR,actual_offshore_wind_generation,Wind Offshore | Actual Aggregated,2026-06-27T15:47:42Z
2026-06-27T15:46:33Z,2026-06-27T17:46:33+0200,4e541c53-98a3-4782-9d6d-b4c701b81d28,2026-06-27T03:45:00Z,2026-06-27T05:45:00+0200,73.16,MW,FR,FR,actual_offshore_wind_generation,Wind Offshore | Actual Aggregated,2026-06-27T15:47:42Z
2026-06-27T15:46:33Z,2026-06-27T17:46:33+0200,4e541c53-98a3-4782-9d6d-b4c701b81d28,2026-06-27T04:00:00Z,2026-06-27T06:00:00+0200,47.12,MW,FR,FR,actual_offshore_wind_generation,Wind Offshore | Actual Aggregated,2026-06-27T15:47:42Z
2026-06-27T15:46:33Z,2026-06-27T17:46:33+0200,4e541c53-98a3-4782-9d6d-b4c701b81d28,2026-06-27T04:15:00Z,2026-06-27T06:15:00+0200,51.23,MW,FR,FR,actual_offshore_wind_generation,Wind Offshore | Actual Aggregated,2026-06-27T15:47:42Z
2026-06-27T15:46:33Z,2026-06-27T17:46:33+0200,4e541c53-98a3-4782-9d6d-b4c701b81d28,2026-06-27T04:30:00Z,2026-06-27T06:30:00+0200,74.68,MW,FR,FR,actual_offshore_wind_generation,Wind Offshore | Actual Aggregated,2026-06-27T15:47:42Z
2026-06-27T15:46:33Z,2026-06-27T17:46:33+0200,4e541c53-98a3-4782-9d6d-b4c701b81d28,2026-06-27T04:45:00Z,2026-06-27T06:45:00+0200,48.91,MW,FR,FR,actual_offshore_wind_generation,Wind Offshore | Actual Aggregated,2026-06-27T15:47:42Z
2026-06-27T15:46:33Z,2026-06-27T17:46:33+0200,4e541c53-98a3-4782-9d6d-b4c701b81d28,2026-06-27T05:00:00Z,2026-06-27T07:00:00+0200,36.55,MW,FR,FR,actual_offshore_wind_generation,Wind Offshore | Actual Aggregated,2026-06-27T15:47:42Z
2026-06-27T15:46:33Z,2026-06-27T17:46:33+0200,4e541c53-98a3-4782-9d6d-b4c701b81d28,2026-06-27T05:15:00Z,2026-06-27T07:15:00+0200,29.75,MW,FR,FR,actual_offshore_wind_generation,Wind Offshore | Actual Aggregated,2026-06-27T15:47:42Z
2026-06-27T15:46:33Z,2026-06-27T17:46:33+0200,4e541c53-98a3-4782-9d6d-b4c701b81d28,2026-06-27T05:30:00Z,2026-06-27T07:30:00+0200,50.62,MW,FR,FR,actual_offshore_wind_generation,Wind Offshore | Actual Aggregated,2026-06-27T15:47:42Z
2026-06-27T15:46:33Z,2026-06-27T17:46:33+0200,4e541c53-98a3-4782-9d6d-b4c701b81d28,2026-06-27T05:45:00Z,2026-06-27T07:45:00+0200,92.16,MW,FR,FR,actual_offshore_wind_generation,Wind Offshore | Actual Aggregated,2026-06-27T15:47:42Z
2026-06-27T15:46:33Z,2026-06-27T17:46:33+0200,4e541c53-98a3-4782-9d6d-b4c701b81d28,2026-06-27T06:00:00Z,2026-06-27T08:00:00+0200,141.2,MW,FR,FR,actual_offshore_wind_generation,Wind Offshore | Actual Aggregated,2026-06-27T15:47:42Z
2026-06-27T15:46:33Z,2026-06-27T17:46:33+0200,4e541c53-98a3-4782-9d6d-b4c701b81d28,2026-06-27T06:15:00Z,2026-06-27T08:15:00+0200,144.78,MW,FR,FR,actual_offshore_wind_generation,Wind Offshore | Actual Aggregated,2026-06-27T15:47:42Z
2026-06-27T15:46:33Z,2026-06-27T17:46:33+0200,4e541c53-98a3-4782-9d6d-b4c701b81d28,2026-06-27T06:30:00Z,2026-06-27T08:30:00+0200,57.76,MW,FR,FR,actual_offshore_wind_generation,Wind Offshore | Actual Aggregated,2026-06-27T15:47:42Z
2026-06-27T15:46:33Z,2026-06-27T17:46:33+0200,4e541c53-98a3-4782-9d6d-b4c701b81d28,2026-06-27T06:45:00Z,2026-06-27T08:45:00+0200,24.08,MW,FR,FR,actual_offshore_wind_generation,Wind Offshore | Actual Aggregated,2026-06-27T15:47:42Z
2026-06-27T15:46:33Z,2026-06-27T17:46:33+0200,4e541c53-98a3-4782-9d6d-b4c701b81d28,2026-06-27T07:00:00Z,2026-06-27T09:00:00+0200,46.59,MW,FR,FR,actual_offshore_wind_generation,Wind Offshore | Actual Aggregated,2026-06-27T15:47:42Z
2026-06-27T15:46:33Z,2026-06-27T17:46:33+0200,4e541c53-98a3-4782-9d6d-b4c701b81d28,2026-06-27T07:15:00Z,2026-06-27T09:15:00+0200,117.52,MW,FR,FR,actual_offshore_wind_generation,Wind Offshore | Actual Aggregated,2026-06-27T15:47:42Z
2026-06-27T15:46:33Z,2026-06-27T17:46:33+0200,4e541c53-98a3-4782-9d6d-b4c701b81d28,2026-06-27T07:30:00Z,2026-06-27T09:30:00+0200,146.93,MW,FR,FR,actual_offshore_wind_generation,Wind Offshore | Actual Aggregated,2026-06-27T15:47:42Z
2026-06-27T15:46:33Z,2026-06-27T17:46:33+0200,4e541c53-98a3-4782-9d6d-b4c701b81d28,2026-06-27T07:45:00Z,2026-06-27T09:45:00+0200,161.43,MW,FR,FR,actual_offshore_wind_generation,Wind Offshore | Actual Aggregated,2026-06-27T15:47:42Z
2026-06-27T15:46:33Z,2026-06-27T17:46:33+0200,4e541c53-98a3-4782-9d6d-b4c701b81d28,2026-06-27T08:00:00Z,2026-06-27T10:00:00+0200,125.0,MW,FR,FR,actual_offshore_wind_generation,Wind Offshore | Actual Aggregated,2026-06-27T15:47:42Z
2026-06-27T15:46:33Z,2026-06-27T17:46:33+0200,4e541c53-98a3-4782-9d6d-b4c701b81d28,2026-06-27T08:15:00Z,2026-06-27T10:15:00+0200,93.37,MW,FR,FR,actual_offshore_wind_generation,Wind Offshore | Actual Aggregated,2026-06-27T15:47:42Z
2026-06-27T15:46:33Z,2026-06-27T17:46:33+0200,4e541c53-98a3-4782-9d6d-b4c701b81d28,2026-06-27T08:30:00Z,2026-06-27T10:30:00+0200,94.78,MW,FR,FR,actual_offshore_wind_generation,Wind Offshore | Actual Aggregated,2026-06-27T15:47:42Z
2026-06-27T15:46:33Z,2026-06-27T17:46:33+0200,4e541c53-98a3-4782-9d6d-b4c701b81d28,2026-06-27T08:45:00Z,2026-06-27T10:45:00+0200,105.68,MW,FR,FR,actual_offshore_wind_generation,Wind Offshore | Actual Aggregated,2026-06-27T15:47:42Z
2026-06-27T15:46:33Z,2026-06-27T17:46:33+0200,4e541c53-98a3-4782-9d6d-b4c701b81d28,2026-06-27T09:00:00Z,2026-06-27T11:00:00+0200,121.58,MW,FR,FR,actual_offshore_wind_generation,Wind Offshore | Actual Aggregated,2026-06-27T15:47:42Z
2026-06-27T15:46:33Z,2026-06-27T17:46:33+0200,4e541c53-98a3-4782-9d6d-b4c701b81d28,2026-06-27T09:15:00Z,2026-06-27T11:15:00+0200,159.01,MW,FR,FR,actual_offshore_wind_generation,Wind Offshore | Actual Aggregated,2026-06-27T15:47:42Z
2026-06-27T15:46:33Z,2026-06-27T17:46:33+0200,4e541c53-98a3-4782-9d6d-b4c701b81d28,2026-06-27T09:30:00Z,2026-06-27T11:30:00+0200,230.0,MW,FR,FR,actual_offshore_wind_generation,Wind Offshore | Actual Aggregated,2026-06-27T15:47:42Z
2026-06-27T15:46:33Z,2026-06-27T17:46:33+0200,4e541c53-98a3-4782-9d6d-b4c701b81d28,2026-06-27T09:45:00Z,2026-06-27T11:45:00+0200,205.55,MW,FR,FR,actual_offshore_wind_generation,Wind Offshore | Actual Aggregated,2026-06-27T15:47:42Z
2026-06-27T15:46:33Z,2026-06-27T17:46:33+0200,4e541c53-98a3-4782-9d6d-b4c701b81d28,2026-06-27T10:00:00Z,2026-06-27T12:00:00+0200,212.24,MW,FR,FR,actual_offshore_wind_generation,Wind Offshore | Actual Aggregated,2026-06-27T15:47:42Z
2026-06-27T15:46:33Z,2026-06-27T17:46:33+0200,4e541c53-98a3-4782-9d6d-b4c701b81d28,2026-06-27T10:15:00Z,2026-06-27T12:15:00+0200,198.29,MW,FR,FR,actual_offshore_wind_generation,Wind Offshore | Actual Aggregated,2026-06-27T15:47:42Z
2026-06-27T15:46:33Z,2026-06-27T17:46:33+0200,4e541c53-98a3-4782-9d6d-b4c701b81d28,2026-06-27T10:30:00Z,2026-06-27T12:30:00+0200,213.45,MW,FR,FR,actual_offshore_wind_generation,Wind Offshore | Actual Aggregated,2026-06-27T15:47:42Z
2026-06-27T15:46:33Z,2026-06-27T17:46:33+0200,4e541c53-98a3-4782-9d6d-b4c701b81d28,2026-06-27T10:45:00Z,2026-06-27T12:45:00+0200,232.6,MW,FR,FR,actual_offshore_wind_generation,Wind Offshore | Actual Aggregated,2026-06-27T15:47:42Z
2026-06-27T15:46:33Z,2026-06-27T17:46:33+0200,4e541c53-98a3-4782-9d6d-b4c701b81d28,2026-06-27T11:00:00Z,2026-06-27T13:00:00+0200,250.13,MW,FR,FR,actual_offshore_wind_generation,Wind Offshore | Actual Aggregated,2026-06-27T15:47:42Z
2026-06-27T15:46:33Z,2026-06-27T17:46:33+0200,4e541c53-98a3-4782-9d6d-b4c701b81d28,2026-06-27T11:15:00Z,2026-06-27T13:15:00+0200,295.02,MW,FR,FR,actual_offshore_wind_generation,Wind Offshore | Actual Aggregated,2026-06-27T15:47:42Z
2026-06-27T15:46:33Z,2026-06-27T17:46:33+0200,4e541c53-98a3-4782-9d6d-b4c701b81d28,2026-06-27T11:30:00Z,2026-06-27T13:30:00+0200,304.36,MW,FR,FR,actual_offshore_wind_generation,Wind Offshore | Actual Aggregated,2026-06-27T15:47:42Z
2026-06-27T15:46:33Z,2026-06-27T17:46:33+0200,4e541c53-98a3-4782-9d6d-b4c701b81d28,2026-06-27T11:45:00Z,2026-06-27T13:45:00+0200,277.32,MW,FR,FR,actual_offshore_wind_generation,Wind Offshore | Actual Aggregated,2026-06-27T15:47:42Z
2026-06-27T15:46:33Z,2026-06-27T17:46:33+0200,4e541c53-98a3-4782-9d6d-b4c701b81d28,2026-06-27T12:00:00Z,2026-06-27T14:00:00+0200,248.68,MW,FR,FR,actual_offshore_wind_generation,Wind Offshore | Actual Aggregated,2026-06-27T15:47:42Z
2026-06-27T15:46:33Z,2026-06-27T17:46:33+0200,4e541c53-98a3-4782-9d6d-b4c701b81d28,2026-06-27T12:15:00Z,2026-06-27T14:15:00+0200,233.11,MW,FR,FR,actual_offshore_wind_generation,Wind Offshore | Actual Aggregated,2026-06-27T15:47:42Z
2026-06-27T15:46:33Z,2026-06-27T17:46:33+0200,4e541c53-98a3-4782-9d6d-b4c701b81d28,2026-06-27T12:30:00Z,2026-06-27T14:30:00+0200,220.66,MW,FR,FR,actual_offshore_wind_generation,Wind Offshore | Actual Aggregated,2026-06-27T15:47:42Z
2026-06-27T15:46:33Z,2026-06-27T17:46:33+0200,4e541c53-98a3-4782-9d6d-b4c701b81d28,2026-06-27T12:45:00Z,2026-06-27T14:45:00+0200,201.94,MW,FR,FR,actual_offshore_wind_generation,Wind Offshore | Actual Aggregated,2026-06-27T15:47:42Z
2026-06-27T15:46:33Z,2026-06-27T17:46:33+0200,4e541c53-98a3-4782-9d6d-b4c701b81d28,2026-06-27T13:00:00Z,2026-06-27T15:00:00+0200,203.33,MW,FR,FR,actual_offshore_wind_generation,Wind Offshore | Actual Aggregated,2026-06-27T15:47:42Z
2026-06-27T15:46:33Z,2026-06-27T17:46:33+0200,4e541c53-98a3-4782-9d6d-b4c701b81d28,2026-06-27T13:15:00Z,2026-06-27T15:15:00+0200,196.63,MW,FR,FR,actual_offshore_wind_generation,Wind Offshore | Actual Aggregated,2026-06-27T15:47:42Z
2026-06-27T15:46:33Z,2026-06-27T17:46:33+0200,4e541c53-98a3-4782-9d6d-b4c701b81d28,2026-06-27T13:30:00Z,2026-06-27T15:30:00+0200,193.49,MW,FR,FR,actual_offshore_wind_generation,Wind Offshore | Actual Aggregated,2026-06-27T15:47:42Z
2026-06-27T15:46:33Z,2026-06-27T17:46:33+0200,4e541c53-98a3-4782-9d6d-b4c701b81d28,2026-06-27T13:45:00Z,2026-06-27T15:45:00+0200,174.14,MW,FR,FR,actual_offshore_wind_generation,Wind Offshore | Actual Aggregated,2026-06-27T15:47:42Z
2026-06-27T15:46:33Z,2026-06-27T17:46:33+0200,4e541c53-98a3-4782-9d6d-b4c701b81d28,2026-06-27T14:00:00Z,2026-06-27T16:00:00+0200,157.36,MW,FR,FR,actual_offshore_wind_generation,Wind Offshore | Actual Aggregated,2026-06-27T15:47:42Z
2026-06-27T15:46:33Z,2026-06-27T17:46:33+0200,4e541c53-98a3-4782-9d6d-b4c701b81d28,2026-06-27T14:15:00Z,2026-06-27T16:15:00+0200,178.7,MW,FR,FR,actual_offshore_wind_generation,Wind Offshore | Actual Aggregated,2026-06-27T15:47:42Z
2026-06-27T15:46:33Z,2026-06-27T17:46:33+0200,4e541c53-98a3-4782-9d6d-b4c701b81d28,2026-06-27T14:30:00Z,2026-06-27T16:30:00+0200,201.72,MW,FR,FR,actual_offshore_wind_generation,Wind Offshore | Actual Aggregated,2026-06-27T15:47:42Z
2026-06-27T15:46:33Z,2026-06-27T17:46:33+0200,4e541c53-98a3-4782-9d6d-b4c701b81d28,2026-06-27T14:45:00Z,2026-06-27T16:45:00+0200,215.41,MW,FR,FR,actual_offshore_wind_generation,Wind Offshore | Actual Aggregated,2026-06-27T15:47:42Z
