collection_time_utc,collection_time_local,run_id,timestamp_utc,timestamp_local,value,unit,country,entsoe_area,variable,source,updated_at_utc
2026-08-05T11:45:45Z,2026-08-05T13:45:45+0200,eaa53f57-a911-4834-9b60-40ab8a7aba1f,2026-07-05T12:00:00Z,2026-07-05T14:00:00+0200,32085.00188,MW,DE,DE_LU,forecast_solar_generation,Solar,2026-08-05T11:47:58Z
2026-08-05T11:45:45Z,2026-08-05T13:45:45+0200,eaa53f57-a911-4834-9b60-40ab8a7aba1f,2026-07-05T12:15:00Z,2026-07-05T14:15:00+0200,31733.71061,MW,DE,DE_LU,forecast_solar_generation,Solar,2026-08-05T11:47:58Z
2026-08-05T11:45:45Z,2026-08-05T13:45:45+0200,eaa53f57-a911-4834-9b60-40ab8a7aba1f,2026-07-05T12:30:00Z,2026-07-05T14:30:00+0200,31391.23988,MW,DE,DE_LU,forecast_solar_generation,Solar,2026-08-05T11:47:58Z
2026-08-05T11:45:45Z,2026-08-05T13:45:45+0200,eaa53f57-a911-4834-9b60-40ab8a7aba1f,2026-07-05T12:45:00Z,2026-07-05T14:45:00+0200,30946.95464,MW,DE,DE_LU,forecast_solar_generation,Solar,2026-08-05T11:47:58Z
2026-08-05T11:45:45Z,2026-08-05T13:45:45+0200,eaa53f57-a911-4834-9b60-40ab8a7aba1f,2026-07-05T13:00:00Z,2026-07-05T15:00:00+0200,30326.16005,MW,DE,DE_LU,forecast_solar_generation,Solar,2026-08-05T11:47:58Z
2026-08-05T11:45:45Z,2026-08-05T13:45:45+0200,eaa53f57-a911-4834-9b60-40ab8a7aba1f,2026-07-05T13:15:00Z,2026-07-05T15:15:00+0200,29531.10881,MW,DE,DE_LU,forecast_solar_generation,Solar,2026-08-05T11:47:58Z
2026-08-05T11:45:45Z,2026-08-05T13:45:45+0200,eaa53f57-a911-4834-9b60-40ab8a7aba1f,2026-07-05T13:30:00Z,2026-07-05T15:30:00+0200,28594.3871,MW,DE,DE_LU,forecast_solar_generation,Solar,2026-08-05T11:47:58Z
2026-08-05T11:45:45Z,2026-08-05T13:45:45+0200,eaa53f57-a911-4834-9b60-40ab8a7aba1f,2026-07-05T13:45:00Z,2026-07-05T15:45:00+0200,27579.57123,MW,DE,DE_LU,forecast_solar_generation,Solar,2026-08-05T11:47:58Z
2026-08-05T11:45:45Z,2026-08-05T13:45:45+0200,eaa53f57-a911-4834-9b60-40ab8a7aba1f,2026-07-05T14:00:00Z,2026-07-05T16:00:00+0200,26692.83677,MW,DE,DE_LU,forecast_solar_generation,Solar,2026-08-05T11:47:58Z
2026-08-05T11:45:45Z,2026-08-05T13:45:45+0200,eaa53f57-a911-4834-9b60-40ab8a7aba1f,2026-07-05T14:15:00Z,2026-07-05T16:15:00+0200,25678.8052,MW,DE,DE_LU,forecast_solar_generation,Solar,2026-08-05T11:47:58Z
2026-08-05T11:45:45Z,2026-08-05T13:45:45+0200,eaa53f57-a911-4834-9b60-40ab8a7aba1f,2026-07-05T14:30:00Z,2026-07-05T16:30:00+0200,24557.67436,MW,DE,DE_LU,forecast_solar_generation,Solar,2026-08-05T11:47:58Z
2026-08-05T11:45:45Z,2026-08-05T13:45:45+0200,eaa53f57-a911-4834-9b60-40ab8a7aba1f,2026-07-05T14:45:00Z,2026-07-05T16:45:00+0200,23362.73449,MW,DE,DE_LU,forecast_solar_generation,Solar,2026-08-05T11:47:58Z
2026-08-05T11:45:45Z,2026-08-05T13:45:45+0200,eaa53f57-a911-4834-9b60-40ab8a7aba1f,2026-07-05T15:00:00Z,2026-07-05T17:00:00+0200,21947.63439,MW,DE,DE_LU,forecast_solar_generation,Solar,2026-08-05T11:47:58Z
2026-08-05T11:45:45Z,2026-08-05T13:45:45+0200,eaa53f57-a911-4834-9b60-40ab8a7aba1f,2026-07-05T15:15:00Z,2026-07-05T17:15:00+0200,20435.37096,MW,DE,DE_LU,forecast_solar_generation,Solar,2026-08-05T11:47:58Z
2026-08-05T11:45:45Z,2026-08-05T13:45:45+0200,eaa53f57-a911-4834-9b60-40ab8a7aba1f,2026-07-05T15:30:00Z,2026-07-05T17:30:00+0200,18871.22738,MW,DE,DE_LU,forecast_solar_generation,Solar,2026-08-05T11:47:58Z
2026-08-05T11:45:45Z,2026-08-05T13:45:45+0200,eaa53f57-a911-4834-9b60-40ab8a7aba1f,2026-07-05T15:45:00Z,2026-07-05T17:45:00+0200,17336.97612,MW,DE,DE_LU,forecast_solar_generation,Solar,2026-08-05T11:47:58Z
2026-08-05T11:45:45Z,2026-08-05T13:45:45+0200,eaa53f57-a911-4834-9b60-40ab8a7aba1f,2026-07-05T16:00:00Z,2026-07-05T18:00:00+0200,15879.21387,MW,DE,DE_LU,forecast_solar_generation,Solar,2026-08-05T11:47:58Z
2026-08-05T11:45:45Z,2026-08-05T13:45:45+0200,eaa53f57-a911-4834-9b60-40ab8a7aba1f,2026-07-05T16:15:00Z,2026-07-05T18:15:00+0200,14116.66612,MW,DE,DE_LU,forecast_solar_generation,Solar,2026-08-05T11:47:58Z
2026-08-05T11:45:45Z,2026-08-05T13:45:45+0200,eaa53f57-a911-4834-9b60-40ab8a7aba1f,2026-07-05T16:30:00Z,2026-07-05T18:30:00+0200,12351.5202,MW,DE,DE_LU,forecast_solar_generation,Solar,2026-08-05T11:47:58Z
2026-08-05T11:45:45Z,2026-08-05T13:45:45+0200,eaa53f57-a911-4834-9b60-40ab8a7aba1f,2026-07-05T16:45:00Z,2026-07-05T18:45:00+0200,10637.48761,MW,DE,DE_LU,forecast_solar_generation,Solar,2026-08-05T11:47:58Z
2026-08-05T11:45:45Z,2026-08-05T13:45:45+0200,eaa53f57-a911-4834-9b60-40ab8a7aba1f,2026-07-05T17:00:00Z,2026-07-05T19:00:00+0200,8996.24479,MW,DE,DE_LU,forecast_solar_generation,Solar,2026-08-05T11:47:58Z
2026-08-05T11:45:45Z,2026-08-05T13:45:45+0200,eaa53f57-a911-4834-9b60-40ab8a7aba1f,2026-07-05T17:15:00Z,2026-07-05T19:15:00+0200,7430.56842,MW,DE,DE_LU,forecast_solar_generation,Solar,2026-08-05T11:47:58Z
2026-08-05T11:45:45Z,2026-08-05T13:45:45+0200,eaa53f57-a911-4834-9b60-40ab8a7aba1f,2026-07-05T17:30:00Z,2026-07-05T19:30:00+0200,5955.435,MW,DE,DE_LU,forecast_solar_generation,Solar,2026-08-05T11:47:58Z
2026-08-05T11:45:45Z,2026-08-05T13:45:45+0200,eaa53f57-a911-4834-9b60-40ab8a7aba1f,2026-07-05T17:45:00Z,2026-07-05T19:45:00+0200,4613.15475,MW,DE,DE_LU,forecast_solar_generation,Solar,2026-08-05T11:47:58Z
2026-08-05T11:45:45Z,2026-08-05T13:45:45+0200,eaa53f57-a911-4834-9b60-40ab8a7aba1f,2026-07-05T18:00:00Z,2026-07-05T20:00:00+0200,3446.06509,MW,DE,DE_LU,forecast_solar_generation,Solar,2026-08-05T11:47:58Z
2026-08-05T11:45:45Z,2026-08-05T13:45:45+0200,eaa53f57-a911-4834-9b60-40ab8a7aba1f,2026-07-05T18:15:00Z,2026-07-05T20:15:00+0200,2427.93431,MW,DE,DE_LU,forecast_solar_generation,Solar,2026-08-05T11:47:58Z
2026-08-05T11:45:45Z,2026-08-05T13:45:45+0200,eaa53f57-a911-4834-9b60-40ab8a7aba1f,2026-07-05T18:30:00Z,2026-07-05T20:30:00+0200,1587.59788,MW,DE,DE_LU,forecast_solar_generation,Solar,2026-08-05T11:47:58Z
2026-08-05T11:45:45Z,2026-08-05T13:45:45+0200,eaa53f57-a911-4834-9b60-40ab8a7aba1f,2026-07-05T18:45:00Z,2026-07-05T20:45:00+0200,947.20199,MW,DE,DE_LU,forecast_solar_generation,Solar,2026-08-05T11:47:58Z
2026-08-05T11:45:45Z,2026-08-05T13:45:45+0200,eaa53f57-a911-4834-9b60-40ab8a7aba1f,2026-07-05T19:00:00Z,2026-07-05T21:00:00+0200,484.28406,MW,DE,DE_LU,forecast_solar_generation,Solar,2026-08-05T11:47:58Z
2026-08-05T11:45:45Z,2026-08-05T13:45:45+0200,eaa53f57-a911-4834-9b60-40ab8a7aba1f,2026-07-05T19:15:00Z,2026-07-05T21:15:00+0200,200.3487,MW,DE,DE_LU,forecast_solar_generation,Solar,2026-08-05T11:47:58Z
2026-08-05T11:45:45Z,2026-08-05T13:45:45+0200,eaa53f57-a911-4834-9b60-40ab8a7aba1f,2026-07-05T19:30:00Z,2026-07-05T21:30:00+0200,67.87334,MW,DE,DE_LU,forecast_solar_generation,Solar,2026-08-05T11:47:58Z
2026-08-05T11:45:45Z,2026-08-05T13:45:45+0200,eaa53f57-a911-4834-9b60-40ab8a7aba1f,2026-07-05T19:45:00Z,2026-07-05T21:45:00+0200,23.85497,MW,DE,DE_LU,forecast_solar_generation,Solar,2026-08-05T11:47:58Z
2026-08-05T11:45:45Z,2026-08-05T13:45:45+0200,eaa53f57-a911-4834-9b60-40ab8a7aba1f,2026-07-05T20:00:00Z,2026-07-05T22:00:00+0200,2.381,MW,DE,DE_LU,forecast_solar_generation,Solar,2026-08-05T11:47:58Z
2026-08-05T11:45:45Z,2026-08-05T13:45:45+0200,eaa53f57-a911-4834-9b60-40ab8a7aba1f,2026-07-05T20:15:00Z,2026-07-05T22:15:00+0200,0.0,MW,DE,DE_LU,forecast_solar_generation,Solar,2026-08-05T11:47:58Z
2026-08-05T11:45:45Z,2026-08-05T13:45:45+0200,eaa53f57-a911-4834-9b60-40ab8a7aba1f,2026-07-05T20:30:00Z,2026-07-05T22:30:00+0200,0.0,MW,DE,DE_LU,forecast_solar_generation,Solar,2026-08-05T11:47:58Z
2026-08-05T11:45:45Z,2026-08-05T13:45:45+0200,eaa53f57-a911-4834-9b60-40ab8a7aba1f,2026-07-05T20:45:00Z,2026-07-05T22:45:00+0200,0.0,MW,DE,DE_LU,forecast_solar_generation,Solar,2026-08-05T11:47:58Z
2026-08-05T11:45:45Z,2026-08-05T13:45:45+0200,eaa53f57-a911-4834-9b60-40ab8a7aba1f,2026-07-05T21:00:00Z,2026-07-05T23:00:00+0200,0.0,MW,DE,DE_LU,forecast_solar_generation,Solar,2026-08-05T11:47:58Z
2026-08-05T11:45:45Z,2026-08-05T13:45:45+0200,eaa53f57-a911-4834-9b60-40ab8a7aba1f,2026-07-05T21:15:00Z,2026-07-05T23:15:00+0200,0.0,MW,DE,DE_LU,forecast_solar_generation,Solar,2026-08-05T11:47:58Z
2026-08-05T11:45:45Z,2026-08-05T13:45:45+0200,eaa53f57-a911-4834-9b60-40ab8a7aba1f,2026-07-05T21:30:00Z,2026-07-05T23:30:00+0200,0.0,MW,DE,DE_LU,forecast_solar_generation,Solar,2026-08-05T11:47:58Z
2026-08-05T11:45:45Z,2026-08-05T13:45:45+0200,eaa53f57-a911-4834-9b60-40ab8a7aba1f,2026-07-05T21:45:00Z,2026-07-05T23:45:00+0200,0.0,MW,DE,DE_LU,forecast_solar_generation,Solar,2026-08-05T11:47:58Z
2026-08-05T11:45:45Z,2026-08-05T13:45:45+0200,eaa53f57-a911-4834-9b60-40ab8a7aba1f,2026-07-05T22:00:00Z,2026-07-06T00:00:00+0200,0.0,MW,DE,DE_LU,forecast_solar_generation,Solar,2026-08-05T11:47:58Z
2026-08-05T11:45:45Z,2026-08-05T13:45:45+0200,eaa53f57-a911-4834-9b60-40ab8a7aba1f,2026-07-05T22:15:00Z,2026-07-06T00:15:00+0200,0.0,MW,DE,DE_LU,forecast_solar_generation,Solar,2026-08-05T11:47:58Z
2026-08-05T11:45:45Z,2026-08-05T13:45:45+0200,eaa53f57-a911-4834-9b60-40ab8a7aba1f,2026-07-05T22:30:00Z,2026-07-06T00:30:00+0200,0.0,MW,DE,DE_LU,forecast_solar_generation,Solar,2026-08-05T11:47:58Z
2026-08-05T11:45:45Z,2026-08-05T13:45:45+0200,eaa53f57-a911-4834-9b60-40ab8a7aba1f,2026-07-05T22:45:00Z,2026-07-06T00:45:00+0200,0.0,MW,DE,DE_LU,forecast_solar_generation,Solar,2026-08-05T11:47:58Z
2026-08-05T11:45:45Z,2026-08-05T13:45:45+0200,eaa53f57-a911-4834-9b60-40ab8a7aba1f,2026-07-05T23:00:00Z,2026-07-06T01:00:00+0200,0.0,MW,DE,DE_LU,forecast_solar_generation,Solar,2026-08-05T11:47:58Z
2026-08-05T11:45:45Z,2026-08-05T13:45:45+0200,eaa53f57-a911-4834-9b60-40ab8a7aba1f,2026-07-05T23:15:00Z,2026-07-06T01:15:00+0200,0.0,MW,DE,DE_LU,forecast_solar_generation,Solar,2026-08-05T11:47:58Z
2026-08-05T11:45:45Z,2026-08-05T13:45:45+0200,eaa53f57-a911-4834-9b60-40ab8a7aba1f,2026-07-05T23:30:00Z,2026-07-06T01:30:00+0200,0.0,MW,DE,DE_LU,forecast_solar_generation,Solar,2026-08-05T11:47:58Z
2026-08-05T11:45:45Z,2026-08-05T13:45:45+0200,eaa53f57-a911-4834-9b60-40ab8a7aba1f,2026-07-05T23:45:00Z,2026-07-06T01:45:00+0200,0.0,MW,DE,DE_LU,forecast_solar_generation,Solar,2026-08-05T11:47:58Z
2026-08-05T11:45:45Z,2026-08-05T13:45:45+0200,eaa53f57-a911-4834-9b60-40ab8a7aba1f,2026-07-06T00:00:00Z,2026-07-06T02:00:00+0200,0.0,MW,DE,DE_LU,forecast_solar_generation,Solar,2026-08-05T11:47:58Z
2026-08-05T11:45:45Z,2026-08-05T13:45:45+0200,eaa53f57-a911-4834-9b60-40ab8a7aba1f,2026-07-06T00:15:00Z,2026-07-06T02:15:00+0200,0.0,MW,DE,DE_LU,forecast_solar_generation,Solar,2026-08-05T11:47:58Z
2026-08-05T11:45:45Z,2026-08-05T13:45:45+0200,eaa53f57-a911-4834-9b60-40ab8a7aba1f,2026-07-06T00:30:00Z,2026-07-06T02:30:00+0200,0.0,MW,DE,DE_LU,forecast_solar_generation,Solar,2026-08-05T11:47:58Z
2026-08-05T11:45:45Z,2026-08-05T13:45:45+0200,eaa53f57-a911-4834-9b60-40ab8a7aba1f,2026-07-06T00:45:00Z,2026-07-06T02:45:00+0200,0.0,MW,DE,DE_LU,forecast_solar_generation,Solar,2026-08-05T11:47:58Z
2026-08-05T11:45:45Z,2026-08-05T13:45:45+0200,eaa53f57-a911-4834-9b60-40ab8a7aba1f,2026-07-06T01:00:00Z,2026-07-06T03:00:00+0200,0.0,MW,DE,DE_LU,forecast_solar_generation,Solar,2026-08-05T11:47:58Z
2026-08-05T11:45:45Z,2026-08-05T13:45:45+0200,eaa53f57-a911-4834-9b60-40ab8a7aba1f,2026-07-06T01:15:00Z,2026-07-06T03:15:00+0200,0.0,MW,DE,DE_LU,forecast_solar_generation,Solar,2026-08-05T11:47:58Z
2026-08-05T11:45:45Z,2026-08-05T13:45:45+0200,eaa53f57-a911-4834-9b60-40ab8a7aba1f,2026-07-06T01:30:00Z,2026-07-06T03:30:00+0200,0.0,MW,DE,DE_LU,forecast_solar_generation,Solar,2026-08-05T11:47:58Z
2026-08-05T11:45:45Z,2026-08-05T13:45:45+0200,eaa53f57-a911-4834-9b60-40ab8a7aba1f,2026-07-06T01:45:00Z,2026-07-06T03:45:00+0200,0.0,MW,DE,DE_LU,forecast_solar_generation,Solar,2026-08-05T11:47:58Z
2026-08-05T11:45:45Z,2026-08-05T13:45:45+0200,eaa53f57-a911-4834-9b60-40ab8a7aba1f,2026-07-06T02:00:00Z,2026-07-06T04:00:00+0200,0.0,MW,DE,DE_LU,forecast_solar_generation,Solar,2026-08-05T11:47:58Z
2026-08-05T11:45:45Z,2026-08-05T13:45:45+0200,eaa53f57-a911-4834-9b60-40ab8a7aba1f,2026-07-06T02:15:00Z,2026-07-06T04:15:00+0200,0.0,MW,DE,DE_LU,forecast_solar_generation,Solar,2026-08-05T11:47:58Z
2026-08-05T11:45:45Z,2026-08-05T13:45:45+0200,eaa53f57-a911-4834-9b60-40ab8a7aba1f,2026-07-06T02:30:00Z,2026-07-06T04:30:00+0200,0.0,MW,DE,DE_LU,forecast_solar_generation,Solar,2026-08-05T11:47:58Z
2026-08-05T11:45:45Z,2026-08-05T13:45:45+0200,eaa53f57-a911-4834-9b60-40ab8a7aba1f,2026-07-06T02:45:00Z,2026-07-06T04:45:00+0200,5.973,MW,DE,DE_LU,forecast_solar_generation,Solar,2026-08-05T11:47:58Z
2026-08-05T11:45:45Z,2026-08-05T13:45:45+0200,eaa53f57-a911-4834-9b60-40ab8a7aba1f,2026-07-06T03:00:00Z,2026-07-06T05:00:00+0200,41.41999,MW,DE,DE_LU,forecast_solar_generation,Solar,2026-08-05T11:47:58Z
2026-08-05T11:45:45Z,2026-08-05T13:45:45+0200,eaa53f57-a911-4834-9b60-40ab8a7aba1f,2026-07-06T03:15:00Z,2026-07-06T05:15:00+0200,159.1288,MW,DE,DE_LU,forecast_solar_generation,Solar,2026-08-05T11:47:58Z
2026-08-05T11:45:45Z,2026-08-05T13:45:45+0200,eaa53f57-a911-4834-9b60-40ab8a7aba1f,2026-07-06T03:30:00Z,2026-07-06T05:30:00+0200,377.40059,MW,DE,DE_LU,forecast_solar_generation,Solar,2026-08-05T11:47:58Z
2026-08-05T11:45:45Z,2026-08-05T13:45:45+0200,eaa53f57-a911-4834-9b60-40ab8a7aba1f,2026-07-06T03:45:00Z,2026-07-06T05:45:00+0200,778.49337,MW,DE,DE_LU,forecast_solar_generation,Solar,2026-08-05T11:47:58Z
2026-08-05T11:45:45Z,2026-08-05T13:45:45+0200,eaa53f57-a911-4834-9b60-40ab8a7aba1f,2026-07-06T04:00:00Z,2026-07-06T06:00:00+0200,1393.64592,MW,DE,DE_LU,forecast_solar_generation,Solar,2026-08-05T11:47:58Z
2026-08-05T11:45:45Z,2026-08-05T13:45:45+0200,eaa53f57-a911-4834-9b60-40ab8a7aba1f,2026-07-06T04:15:00Z,2026-07-06T06:15:00+0200,2225.4317,MW,DE,DE_LU,forecast_solar_generation,Solar,2026-08-05T11:47:58Z
2026-08-05T11:45:45Z,2026-08-05T13:45:45+0200,eaa53f57-a911-4834-9b60-40ab8a7aba1f,2026-07-06T04:30:00Z,2026-07-06T06:30:00+0200,3234.94581,MW,DE,DE_LU,forecast_solar_generation,Solar,2026-08-05T11:47:58Z
2026-08-05T11:45:45Z,2026-08-05T13:45:45+0200,eaa53f57-a911-4834-9b60-40ab8a7aba1f,2026-07-06T04:45:00Z,2026-07-06T06:45:00+0200,4389.37243,MW,DE,DE_LU,forecast_solar_generation,Solar,2026-08-05T11:47:58Z
2026-08-05T11:45:45Z,2026-08-05T13:45:45+0200,eaa53f57-a911-4834-9b60-40ab8a7aba1f,2026-07-06T05:00:00Z,2026-07-06T07:00:00+0200,5680.1546,MW,DE,DE_LU,forecast_solar_generation,Solar,2026-08-05T11:47:58Z
2026-08-05T11:45:45Z,2026-08-05T13:45:45+0200,eaa53f57-a911-4834-9b60-40ab8a7aba1f,2026-07-06T05:15:00Z,2026-07-06T07:15:00+0200,7096.3178,MW,DE,DE_LU,forecast_solar_generation,Solar,2026-08-05T11:47:58Z
2026-08-05T11:45:45Z,2026-08-05T13:45:45+0200,eaa53f57-a911-4834-9b60-40ab8a7aba1f,2026-07-06T05:30:00Z,2026-07-06T07:30:00+0200,8608.77599,MW,DE,DE_LU,forecast_solar_generation,Solar,2026-08-05T11:47:58Z
2026-08-05T11:45:45Z,2026-08-05T13:45:45+0200,eaa53f57-a911-4834-9b60-40ab8a7aba1f,2026-07-06T05:45:00Z,2026-07-06T07:45:00+0200,10213.16045,MW,DE,DE_LU,forecast_solar_generation,Solar,2026-08-05T11:47:58Z
2026-08-05T11:45:45Z,2026-08-05T13:45:45+0200,eaa53f57-a911-4834-9b60-40ab8a7aba1f,2026-07-06T06:00:00Z,2026-07-06T08:00:00+0200,11874.61724,MW,DE,DE_LU,forecast_solar_generation,Solar,2026-08-05T11:47:58Z
2026-08-05T11:45:45Z,2026-08-05T13:45:45+0200,eaa53f57-a911-4834-9b60-40ab8a7aba1f,2026-07-06T06:15:00Z,2026-07-06T08:15:00+0200,13554.82013,MW,DE,DE_LU,forecast_solar_generation,Solar,2026-08-05T11:47:58Z
2026-08-05T11:45:45Z,2026-08-05T13:45:45+0200,eaa53f57-a911-4834-9b60-40ab8a7aba1f,2026-07-06T06:30:00Z,2026-07-06T08:30:00+0200,15229.80813,MW,DE,DE_LU,forecast_solar_generation,Solar,2026-08-05T11:47:58Z
2026-08-05T11:45:45Z,2026-08-05T13:45:45+0200,eaa53f57-a911-4834-9b60-40ab8a7aba1f,2026-07-06T06:45:00Z,2026-07-06T08:45:00+0200,16865.22516,MW,DE,DE_LU,forecast_solar_generation,Solar,2026-08-05T11:47:58Z
2026-08-05T11:45:45Z,2026-08-05T13:45:45+0200,eaa53f57-a911-4834-9b60-40ab8a7aba1f,2026-07-06T07:00:00Z,2026-07-06T09:00:00+0200,18455.31032,MW,DE,DE_LU,forecast_solar_generation,Solar,2026-08-05T11:47:58Z
2026-08-05T11:45:45Z,2026-08-05T13:45:45+0200,eaa53f57-a911-4834-9b60-40ab8a7aba1f,2026-07-06T07:15:00Z,2026-07-06T09:15:00+0200,19988.68072,MW,DE,DE_LU,forecast_solar_generation,Solar,2026-08-05T11:47:58Z
2026-08-05T11:45:45Z,2026-08-05T13:45:45+0200,eaa53f57-a911-4834-9b60-40ab8a7aba1f,2026-07-06T07:30:00Z,2026-07-06T09:30:00+0200,21416.02154,MW,DE,DE_LU,forecast_solar_generation,Solar,2026-08-05T11:47:58Z
2026-08-05T11:45:45Z,2026-08-05T13:45:45+0200,eaa53f57-a911-4834-9b60-40ab8a7aba1f,2026-07-06T07:45:00Z,2026-07-06T09:45:00+0200,22689.10003,MW,DE,DE_LU,forecast_solar_generation,Solar,2026-08-05T11:47:58Z
2026-08-05T11:45:45Z,2026-08-05T13:45:45+0200,eaa53f57-a911-4834-9b60-40ab8a7aba1f,2026-07-06T08:00:00Z,2026-07-06T10:00:00+0200,23791.84963,MW,DE,DE_LU,forecast_solar_generation,Solar,2026-08-05T11:47:58Z
2026-08-05T11:45:45Z,2026-08-05T13:45:45+0200,eaa53f57-a911-4834-9b60-40ab8a7aba1f,2026-07-06T08:15:00Z,2026-07-06T10:15:00+0200,24782.91934,MW,DE,DE_LU,forecast_solar_generation,Solar,2026-08-05T11:47:58Z
2026-08-05T11:45:45Z,2026-08-05T13:45:45+0200,eaa53f57-a911-4834-9b60-40ab8a7aba1f,2026-07-06T08:30:00Z,2026-07-06T10:30:00+0200,25679.77212,MW,DE,DE_LU,forecast_solar_generation,Solar,2026-08-05T11:47:58Z
2026-08-05T11:45:45Z,2026-08-05T13:45:45+0200,eaa53f57-a911-4834-9b60-40ab8a7aba1f,2026-07-06T08:45:00Z,2026-07-06T10:45:00+0200,26553.65834,MW,DE,DE_LU,forecast_solar_generation,Solar,2026-08-05T11:47:58Z
2026-08-05T11:45:45Z,2026-08-05T13:45:45+0200,eaa53f57-a911-4834-9b60-40ab8a7aba1f,2026-07-06T09:00:00Z,2026-07-06T11:00:00+0200,27308.15349,MW,DE,DE_LU,forecast_solar_generation,Solar,2026-08-05T11:47:58Z
2026-08-05T11:45:45Z,2026-08-05T13:45:45+0200,eaa53f57-a911-4834-9b60-40ab8a7aba1f,2026-07-06T09:15:00Z,2026-07-06T11:15:00+0200,28001.5728,MW,DE,DE_LU,forecast_solar_generation,Solar,2026-08-05T11:47:58Z
2026-08-05T11:45:45Z,2026-08-05T13:45:45+0200,eaa53f57-a911-4834-9b60-40ab8a7aba1f,2026-07-06T09:30:00Z,2026-07-06T11:30:00+0200,28579.9263,MW,DE,DE_LU,forecast_solar_generation,Solar,2026-08-05T11:47:58Z
2026-08-05T11:45:45Z,2026-08-05T13:45:45+0200,eaa53f57-a911-4834-9b60-40ab8a7aba1f,2026-07-06T09:45:00Z,2026-07-06T11:45:00+0200,29079.52145,MW,DE,DE_LU,forecast_solar_generation,Solar,2026-08-05T11:47:58Z
2026-08-05T11:45:45Z,2026-08-05T13:45:45+0200,eaa53f57-a911-4834-9b60-40ab8a7aba1f,2026-07-06T10:00:00Z,2026-07-06T12:00:00+0200,29454.8706,MW,DE,DE_LU,forecast_solar_generation,Solar,2026-08-05T11:47:58Z
2026-08-05T11:45:45Z,2026-08-05T13:45:45+0200,eaa53f57-a911-4834-9b60-40ab8a7aba1f,2026-07-06T10:15:00Z,2026-07-06T12:15:00+0200,29750.22075,MW,DE,DE_LU,forecast_solar_generation,Solar,2026-08-05T11:47:58Z
2026-08-05T11:45:45Z,2026-08-05T13:45:45+0200,eaa53f57-a911-4834-9b60-40ab8a7aba1f,2026-07-06T10:30:00Z,2026-07-06T12:30:00+0200,30036.1379,MW,DE,DE_LU,forecast_solar_generation,Solar,2026-08-05T11:47:58Z
2026-08-05T11:45:45Z,2026-08-05T13:45:45+0200,eaa53f57-a911-4834-9b60-40ab8a7aba1f,2026-07-06T10:45:00Z,2026-07-06T12:45:00+0200,30264.861,MW,DE,DE_LU,forecast_solar_generation,Solar,2026-08-05T11:47:58Z
2026-08-05T11:45:45Z,2026-08-05T13:45:45+0200,eaa53f57-a911-4834-9b60-40ab8a7aba1f,2026-07-06T11:00:00Z,2026-07-06T13:00:00+0200,30441.19948,MW,DE,DE_LU,forecast_solar_generation,Solar,2026-08-05T11:47:58Z
2026-08-05T11:45:45Z,2026-08-05T13:45:45+0200,eaa53f57-a911-4834-9b60-40ab8a7aba1f,2026-07-06T11:15:00Z,2026-07-06T13:15:00+0200,30573.31198,MW,DE,DE_LU,forecast_solar_generation,Solar,2026-08-05T11:47:58Z
2026-08-05T11:45:45Z,2026-08-05T13:45:45+0200,eaa53f57-a911-4834-9b60-40ab8a7aba1f,2026-07-06T11:30:00Z,2026-07-06T13:30:00+0200,30698.36849,MW,DE,DE_LU,forecast_solar_generation,Solar,2026-08-05T11:47:58Z
2026-08-05T11:45:45Z,2026-08-05T13:45:45+0200,eaa53f57-a911-4834-9b60-40ab8a7aba1f,2026-07-06T11:45:00Z,2026-07-06T13:45:00+0200,30755.67864,MW,DE,DE_LU,forecast_solar_generation,Solar,2026-08-05T11:47:58Z
2026-08-05T11:45:45Z,2026-08-05T13:45:45+0200,eaa53f57-a911-4834-9b60-40ab8a7aba1f,2026-07-06T12:00:00Z,2026-07-06T14:00:00+0200,30639.18229,MW,DE,DE_LU,forecast_solar_generation,Solar,2026-08-05T11:47:58Z
2026-08-05T11:45:45Z,2026-08-05T13:45:45+0200,eaa53f57-a911-4834-9b60-40ab8a7aba1f,2026-07-06T12:15:00Z,2026-07-06T14:15:00+0200,30475.53328,MW,DE,DE_LU,forecast_solar_generation,Solar,2026-08-05T11:47:58Z
2026-08-05T11:45:45Z,2026-08-05T13:45:45+0200,eaa53f57-a911-4834-9b60-40ab8a7aba1f,2026-07-06T12:30:00Z,2026-07-06T14:30:00+0200,30193.05241,MW,DE,DE_LU,forecast_solar_generation,Solar,2026-08-05T11:47:58Z
2026-08-05T11:45:45Z,2026-08-05T13:45:45+0200,eaa53f57-a911-4834-9b60-40ab8a7aba1f,2026-07-06T12:45:00Z,2026-07-06T14:45:00+0200,29820.59683,MW,DE,DE_LU,forecast_solar_generation,Solar,2026-08-05T11:47:58Z
2026-08-05T11:45:45Z,2026-08-05T13:45:45+0200,eaa53f57-a911-4834-9b60-40ab8a7aba1f,2026-07-06T13:00:00Z,2026-07-06T15:00:00+0200,29387.41478,MW,DE,DE_LU,forecast_solar_generation,Solar,2026-08-05T11:47:58Z
2026-08-05T11:45:45Z,2026-08-05T13:45:45+0200,eaa53f57-a911-4834-9b60-40ab8a7aba1f,2026-07-06T13:15:00Z,2026-07-06T15:15:00+0200,28861.19204,MW,DE,DE_LU,forecast_solar_generation,Solar,2026-08-05T11:47:58Z
2026-08-05T11:45:45Z,2026-08-05T13:45:45+0200,eaa53f57-a911-4834-9b60-40ab8a7aba1f,2026-07-06T13:30:00Z,2026-07-06T15:30:00+0200,28143.38769,MW,DE,DE_LU,forecast_solar_generation,Solar,2026-08-05T11:47:58Z
2026-08-05T11:45:45Z,2026-08-05T13:45:45+0200,eaa53f57-a911-4834-9b60-40ab8a7aba1f,2026-07-06T13:45:00Z,2026-07-06T15:45:00+0200,27311.17111,MW,DE,DE_LU,forecast_solar_generation,Solar,2026-08-05T11:47:58Z
2026-08-05T11:45:45Z,2026-08-05T13:45:45+0200,eaa53f57-a911-4834-9b60-40ab8a7aba1f,2026-07-06T14:00:00Z,2026-07-06T16:00:00+0200,26401.86312,MW,DE,DE_LU,forecast_solar_generation,Solar,2026-08-05T11:47:58Z
2026-08-05T11:45:45Z,2026-08-05T13:45:45+0200,eaa53f57-a911-4834-9b60-40ab8a7aba1f,2026-07-06T14:15:00Z,2026-07-06T16:15:00+0200,25410.99943,MW,DE,DE_LU,forecast_solar_generation,Solar,2026-08-05T11:47:58Z
2026-08-05T11:45:45Z,2026-08-05T13:45:45+0200,eaa53f57-a911-4834-9b60-40ab8a7aba1f,2026-07-06T14:30:00Z,2026-07-06T16:30:00+0200,24292.06095,MW,DE,DE_LU,forecast_solar_generation,Solar,2026-08-05T11:47:58Z
2026-08-05T11:45:45Z,2026-08-05T13:45:45+0200,eaa53f57-a911-4834-9b60-40ab8a7aba1f,2026-07-06T14:45:00Z,2026-07-06T16:45:00+0200,23053.61855,MW,DE,DE_LU,forecast_solar_generation,Solar,2026-08-05T11:47:58Z
2026-08-05T11:45:45Z,2026-08-05T13:45:45+0200,eaa53f57-a911-4834-9b60-40ab8a7aba1f,2026-07-06T15:00:00Z,2026-07-06T17:00:00+0200,21700.57275,MW,DE,DE_LU,forecast_solar_generation,Solar,2026-08-05T11:47:58Z
2026-08-05T11:45:45Z,2026-08-05T13:45:45+0200,eaa53f57-a911-4834-9b60-40ab8a7aba1f,2026-07-06T15:15:00Z,2026-07-06T17:15:00+0200,20272.70701,MW,DE,DE_LU,forecast_solar_generation,Solar,2026-08-05T11:47:58Z
2026-08-05T11:45:45Z,2026-08-05T13:45:45+0200,eaa53f57-a911-4834-9b60-40ab8a7aba1f,2026-07-06T15:30:00Z,2026-07-06T17:30:00+0200,18771.11549,MW,DE,DE_LU,forecast_solar_generation,Solar,2026-08-05T11:47:58Z
2026-08-05T11:45:45Z,2026-08-05T13:45:45+0200,eaa53f57-a911-4834-9b60-40ab8a7aba1f,2026-07-06T15:45:00Z,2026-07-06T17:45:00+0200,17236.6015,MW,DE,DE_LU,forecast_solar_generation,Solar,2026-08-05T11:47:58Z
2026-08-05T11:45:45Z,2026-08-05T13:45:45+0200,eaa53f57-a911-4834-9b60-40ab8a7aba1f,2026-07-06T16:00:00Z,2026-07-06T18:00:00+0200,15664.01442,MW,DE,DE_LU,forecast_solar_generation,Solar,2026-08-05T11:47:58Z
2026-08-05T11:45:45Z,2026-08-05T13:45:45+0200,eaa53f57-a911-4834-9b60-40ab8a7aba1f,2026-07-06T16:15:00Z,2026-07-06T18:15:00+0200,14009.72283,MW,DE,DE_LU,forecast_solar_generation,Solar,2026-08-05T11:47:58Z
2026-08-05T11:45:45Z,2026-08-05T13:45:45+0200,eaa53f57-a911-4834-9b60-40ab8a7aba1f,2026-07-06T16:30:00Z,2026-07-06T18:30:00+0200,12323.34258,MW,DE,DE_LU,forecast_solar_generation,Solar,2026-08-05T11:47:58Z
2026-08-05T11:45:45Z,2026-08-05T13:45:45+0200,eaa53f57-a911-4834-9b60-40ab8a7aba1f,2026-07-06T16:45:00Z,2026-07-06T18:45:00+0200,10634.5378,MW,DE,DE_LU,forecast_solar_generation,Solar,2026-08-05T11:47:58Z
2026-08-05T11:45:45Z,2026-08-05T13:45:45+0200,eaa53f57-a911-4834-9b60-40ab8a7aba1f,2026-07-06T17:00:00Z,2026-07-06T19:00:00+0200,8982.33644,MW,DE,DE_LU,forecast_solar_generation,Solar,2026-08-05T11:47:58Z
2026-08-05T11:45:45Z,2026-08-05T13:45:45+0200,eaa53f57-a911-4834-9b60-40ab8a7aba1f,2026-07-06T17:15:00Z,2026-07-06T19:15:00+0200,7392.88286,MW,DE,DE_LU,forecast_solar_generation,Solar,2026-08-05T11:47:58Z
2026-08-05T11:45:45Z,2026-08-05T13:45:45+0200,eaa53f57-a911-4834-9b60-40ab8a7aba1f,2026-07-06T17:30:00Z,2026-07-06T19:30:00+0200,5895.01891,MW,DE,DE_LU,forecast_solar_generation,Solar,2026-08-05T11:47:58Z
2026-08-05T11:45:45Z,2026-08-05T13:45:45+0200,eaa53f57-a911-4834-9b60-40ab8a7aba1f,2026-07-06T17:45:00Z,2026-07-06T19:45:00+0200,4545.52105,MW,DE,DE_LU,forecast_solar_generation,Solar,2026-08-05T11:47:58Z
2026-08-05T11:45:45Z,2026-08-05T13:45:45+0200,eaa53f57-a911-4834-9b60-40ab8a7aba1f,2026-07-06T18:00:00Z,2026-07-06T20:00:00+0200,3380.39634,MW,DE,DE_LU,forecast_solar_generation,Solar,2026-08-05T11:47:58Z
2026-08-05T11:45:45Z,2026-08-05T13:45:45+0200,eaa53f57-a911-4834-9b60-40ab8a7aba1f,2026-07-06T18:15:00Z,2026-07-06T20:15:00+0200,2365.93388,MW,DE,DE_LU,forecast_solar_generation,Solar,2026-08-05T11:47:58Z
2026-08-05T11:45:45Z,2026-08-05T13:45:45+0200,eaa53f57-a911-4834-9b60-40ab8a7aba1f,2026-07-06T18:30:00Z,2026-07-06T20:30:00+0200,1521.45745,MW,DE,DE_LU,forecast_solar_generation,Solar,2026-08-05T11:47:58Z
2026-08-05T11:45:45Z,2026-08-05T13:45:45+0200,eaa53f57-a911-4834-9b60-40ab8a7aba1f,2026-07-06T18:45:00Z,2026-07-06T20:45:00+0200,864.46177,MW,DE,DE_LU,forecast_solar_generation,Solar,2026-08-05T11:47:58Z
2026-08-05T11:45:45Z,2026-08-05T13:45:45+0200,eaa53f57-a911-4834-9b60-40ab8a7aba1f,2026-07-06T19:00:00Z,2026-07-06T21:00:00+0200,402.26247,MW,DE,DE_LU,forecast_solar_generation,Solar,2026-08-05T11:47:58Z
2026-08-05T11:45:45Z,2026-08-05T13:45:45+0200,eaa53f57-a911-4834-9b60-40ab8a7aba1f,2026-07-06T19:15:00Z,2026-07-06T21:15:00+0200,146.22496,MW,DE,DE_LU,forecast_solar_generation,Solar,2026-08-05T11:47:58Z
2026-08-05T11:45:45Z,2026-08-05T13:45:45+0200,eaa53f57-a911-4834-9b60-40ab8a7aba1f,2026-07-06T19:30:00Z,2026-07-06T21:30:00+0200,44.60809,MW,DE,DE_LU,forecast_solar_generation,Solar,2026-08-05T11:47:58Z
2026-08-05T11:45:45Z,2026-08-05T13:45:45+0200,eaa53f57-a911-4834-9b60-40ab8a7aba1f,2026-07-06T19:45:00Z,2026-07-06T21:45:00+0200,12.64334,MW,DE,DE_LU,forecast_solar_generation,Solar,2026-08-05T11:47:58Z
2026-08-05T11:45:45Z,2026-08-05T13:45:45+0200,eaa53f57-a911-4834-9b60-40ab8a7aba1f,2026-07-06T20:00:00Z,2026-07-06T22:00:00+0200,0.614,MW,DE,DE_LU,forecast_solar_generation,Solar,2026-08-05T11:47:58Z
2026-08-05T11:45:45Z,2026-08-05T13:45:45+0200,eaa53f57-a911-4834-9b60-40ab8a7aba1f,2026-07-06T20:15:00Z,2026-07-06T22:15:00+0200,0.0,MW,DE,DE_LU,forecast_solar_generation,Solar,2026-08-05T11:47:58Z
2026-08-05T11:45:45Z,2026-08-05T13:45:45+0200,eaa53f57-a911-4834-9b60-40ab8a7aba1f,2026-07-06T20:30:00Z,2026-07-06T22:30:00+0200,0.0,MW,DE,DE_LU,forecast_solar_generation,Solar,2026-08-05T11:47:58Z
2026-08-05T11:45:45Z,2026-08-05T13:45:45+0200,eaa53f57-a911-4834-9b60-40ab8a7aba1f,2026-07-06T20:45:00Z,2026-07-06T22:45:00+0200,0.0,MW,DE,DE_LU,forecast_solar_generation,Solar,2026-08-05T11:47:58Z
2026-08-05T11:45:45Z,2026-08-05T13:45:45+0200,eaa53f57-a911-4834-9b60-40ab8a7aba1f,2026-07-06T21:00:00Z,2026-07-06T23:00:00+0200,0.0,MW,DE,DE_LU,forecast_solar_generation,Solar,2026-08-05T11:47:58Z
2026-08-05T11:45:45Z,2026-08-05T13:45:45+0200,eaa53f57-a911-4834-9b60-40ab8a7aba1f,2026-07-06T21:15:00Z,2026-07-06T23:15:00+0200,0.0,MW,DE,DE_LU,forecast_solar_generation,Solar,2026-08-05T11:47:58Z
2026-08-05T11:45:45Z,2026-08-05T13:45:45+0200,eaa53f57-a911-4834-9b60-40ab8a7aba1f,2026-07-06T21:30:00Z,2026-07-06T23:30:00+0200,0.0,MW,DE,DE_LU,forecast_solar_generation,Solar,2026-08-05T11:47:58Z
2026-08-05T11:45:45Z,2026-08-05T13:45:45+0200,eaa53f57-a911-4834-9b60-40ab8a7aba1f,2026-07-06T21:45:00Z,2026-07-06T23:45:00+0200,0.0,MW,DE,DE_LU,forecast_solar_generation,Solar,2026-08-05T11:47:58Z
2026-08-05T11:45:45Z,2026-08-05T13:45:45+0200,eaa53f57-a911-4834-9b60-40ab8a7aba1f,2026-07-06T22:00:00Z,2026-07-07T00:00:00+0200,0.0,MW,DE,DE_LU,forecast_solar_generation,Solar,2026-08-05T11:47:58Z
2026-08-05T11:45:45Z,2026-08-05T13:45:45+0200,eaa53f57-a911-4834-9b60-40ab8a7aba1f,2026-07-06T22:15:00Z,2026-07-07T00:15:00+0200,0.0,MW,DE,DE_LU,forecast_solar_generation,Solar,2026-08-05T11:47:58Z
2026-08-05T11:45:45Z,2026-08-05T13:45:45+0200,eaa53f57-a911-4834-9b60-40ab8a7aba1f,2026-07-06T22:30:00Z,2026-07-07T00:30:00+0200,0.0,MW,DE,DE_LU,forecast_solar_generation,Solar,2026-08-05T11:47:58Z
2026-08-05T11:45:45Z,2026-08-05T13:45:45+0200,eaa53f57-a911-4834-9b60-40ab8a7aba1f,2026-07-06T22:45:00Z,2026-07-07T00:45:00+0200,0.0,MW,DE,DE_LU,forecast_solar_generation,Solar,2026-08-05T11:47:58Z
2026-08-05T11:45:45Z,2026-08-05T13:45:45+0200,eaa53f57-a911-4834-9b60-40ab8a7aba1f,2026-07-06T23:00:00Z,2026-07-07T01:00:00+0200,0.0,MW,DE,DE_LU,forecast_solar_generation,Solar,2026-08-05T11:47:58Z
2026-08-05T11:45:45Z,2026-08-05T13:45:45+0200,eaa53f57-a911-4834-9b60-40ab8a7aba1f,2026-07-06T23:15:00Z,2026-07-07T01:15:00+0200,0.0,MW,DE,DE_LU,forecast_solar_generation,Solar,2026-08-05T11:47:58Z
2026-08-05T11:45:45Z,2026-08-05T13:45:45+0200,eaa53f57-a911-4834-9b60-40ab8a7aba1f,2026-07-06T23:30:00Z,2026-07-07T01:30:00+0200,0.0,MW,DE,DE_LU,forecast_solar_generation,Solar,2026-08-05T11:47:58Z
2026-08-05T11:45:45Z,2026-08-05T13:45:45+0200,eaa53f57-a911-4834-9b60-40ab8a7aba1f,2026-07-06T23:45:00Z,2026-07-07T01:45:00+0200,0.0,MW,DE,DE_LU,forecast_solar_generation,Solar,2026-08-05T11:47:58Z
2026-08-05T11:45:45Z,2026-08-05T13:45:45+0200,eaa53f57-a911-4834-9b60-40ab8a7aba1f,2026-07-07T00:00:00Z,2026-07-07T02:00:00+0200,0.0,MW,DE,DE_LU,forecast_solar_generation,Solar,2026-08-05T11:47:58Z
2026-08-05T11:45:45Z,2026-08-05T13:45:45+0200,eaa53f57-a911-4834-9b60-40ab8a7aba1f,2026-07-07T00:15:00Z,2026-07-07T02:15:00+0200,0.0,MW,DE,DE_LU,forecast_solar_generation,Solar,2026-08-05T11:47:58Z
2026-08-05T11:45:45Z,2026-08-05T13:45:45+0200,eaa53f57-a911-4834-9b60-40ab8a7aba1f,2026-07-07T00:30:00Z,2026-07-07T02:30:00+0200,0.0,MW,DE,DE_LU,forecast_solar_generation,Solar,2026-08-05T11:47:58Z
2026-08-05T11:45:45Z,2026-08-05T13:45:45+0200,eaa53f57-a911-4834-9b60-40ab8a7aba1f,2026-07-07T00:45:00Z,2026-07-07T02:45:00+0200,0.0,MW,DE,DE_LU,forecast_solar_generation,Solar,2026-08-05T11:47:58Z
2026-08-05T11:45:45Z,2026-08-05T13:45:45+0200,eaa53f57-a911-4834-9b60-40ab8a7aba1f,2026-07-07T01:00:00Z,2026-07-07T03:00:00+0200,0.0,MW,DE,DE_LU,forecast_solar_generation,Solar,2026-08-05T11:47:58Z
2026-08-05T11:45:45Z,2026-08-05T13:45:45+0200,eaa53f57-a911-4834-9b60-40ab8a7aba1f,2026-07-07T01:15:00Z,2026-07-07T03:15:00+0200,0.0,MW,DE,DE_LU,forecast_solar_generation,Solar,2026-08-05T11:47:58Z
2026-08-05T11:45:45Z,2026-08-05T13:45:45+0200,eaa53f57-a911-4834-9b60-40ab8a7aba1f,2026-07-07T01:30:00Z,2026-07-07T03:30:00+0200,0.0,MW,DE,DE_LU,forecast_solar_generation,Solar,2026-08-05T11:47:58Z
2026-08-05T11:45:45Z,2026-08-05T13:45:45+0200,eaa53f57-a911-4834-9b60-40ab8a7aba1f,2026-07-07T01:45:00Z,2026-07-07T03:45:00+0200,0.0,MW,DE,DE_LU,forecast_solar_generation,Solar,2026-08-05T11:47:58Z
2026-08-05T11:45:45Z,2026-08-05T13:45:45+0200,eaa53f57-a911-4834-9b60-40ab8a7aba1f,2026-07-07T02:00:00Z,2026-07-07T04:00:00+0200,0.0,MW,DE,DE_LU,forecast_solar_generation,Solar,2026-08-05T11:47:58Z
2026-08-05T11:45:45Z,2026-08-05T13:45:45+0200,eaa53f57-a911-4834-9b60-40ab8a7aba1f,2026-07-07T02:15:00Z,2026-07-07T04:15:00+0200,0.0,MW,DE,DE_LU,forecast_solar_generation,Solar,2026-08-05T11:47:58Z
2026-08-05T11:45:45Z,2026-08-05T13:45:45+0200,eaa53f57-a911-4834-9b60-40ab8a7aba1f,2026-07-07T02:30:00Z,2026-07-07T04:30:00+0200,0.0,MW,DE,DE_LU,forecast_solar_generation,Solar,2026-08-05T11:47:58Z
2026-08-05T11:45:45Z,2026-08-05T13:45:45+0200,eaa53f57-a911-4834-9b60-40ab8a7aba1f,2026-07-07T02:45:00Z,2026-07-07T04:45:00+0200,4.642,MW,DE,DE_LU,forecast_solar_generation,Solar,2026-08-05T11:47:58Z
2026-08-05T11:45:45Z,2026-08-05T13:45:45+0200,eaa53f57-a911-4834-9b60-40ab8a7aba1f,2026-07-07T03:00:00Z,2026-07-07T05:00:00+0200,34.18725,MW,DE,DE_LU,forecast_solar_generation,Solar,2026-08-05T11:47:58Z
2026-08-05T11:45:45Z,2026-08-05T13:45:45+0200,eaa53f57-a911-4834-9b60-40ab8a7aba1f,2026-07-07T03:15:00Z,2026-07-07T05:15:00+0200,127.54551,MW,DE,DE_LU,forecast_solar_generation,Solar,2026-08-05T11:47:58Z
2026-08-05T11:45:45Z,2026-08-05T13:45:45+0200,eaa53f57-a911-4834-9b60-40ab8a7aba1f,2026-07-07T03:30:00Z,2026-07-07T05:30:00+0200,345.28875,MW,DE,DE_LU,forecast_solar_generation,Solar,2026-08-05T11:47:58Z
2026-08-05T11:45:45Z,2026-08-05T13:45:45+0200,eaa53f57-a911-4834-9b60-40ab8a7aba1f,2026-07-07T03:45:00Z,2026-07-07T05:45:00+0200,771.55261,MW,DE,DE_LU,forecast_solar_generation,Solar,2026-08-05T11:47:58Z
2026-08-05T11:45:45Z,2026-08-05T13:45:45+0200,eaa53f57-a911-4834-9b60-40ab8a7aba1f,2026-07-07T04:00:00Z,2026-07-07T06:00:00+0200,1432.40425,MW,DE,DE_LU,forecast_solar_generation,Solar,2026-08-05T11:47:58Z
2026-08-05T11:45:45Z,2026-08-05T13:45:45+0200,eaa53f57-a911-4834-9b60-40ab8a7aba1f,2026-07-07T04:15:00Z,2026-07-07T06:15:00+0200,2321.38697,MW,DE,DE_LU,forecast_solar_generation,Solar,2026-08-05T11:47:58Z
2026-08-05T11:45:45Z,2026-08-05T13:45:45+0200,eaa53f57-a911-4834-9b60-40ab8a7aba1f,2026-07-07T04:30:00Z,2026-07-07T06:30:00+0200,3390.57722,MW,DE,DE_LU,forecast_solar_generation,Solar,2026-08-05T11:47:58Z
2026-08-05T11:45:45Z,2026-08-05T13:45:45+0200,eaa53f57-a911-4834-9b60-40ab8a7aba1f,2026-07-07T04:45:00Z,2026-07-07T06:45:00+0200,4602.28124,MW,DE,DE_LU,forecast_solar_generation,Solar,2026-08-05T11:47:58Z
2026-08-05T11:45:45Z,2026-08-05T13:45:45+0200,eaa53f57-a911-4834-9b60-40ab8a7aba1f,2026-07-07T05:00:00Z,2026-07-07T07:00:00+0200,5963.73951,MW,DE,DE_LU,forecast_solar_generation,Solar,2026-08-05T11:47:58Z
2026-08-05T11:45:45Z,2026-08-05T13:45:45+0200,eaa53f57-a911-4834-9b60-40ab8a7aba1f,2026-07-07T05:15:00Z,2026-07-07T07:15:00+0200,7476.51561,MW,DE,DE_LU,forecast_solar_generation,Solar,2026-08-05T11:47:58Z
2026-08-05T11:45:45Z,2026-08-05T13:45:45+0200,eaa53f57-a911-4834-9b60-40ab8a7aba1f,2026-07-07T05:30:00Z,2026-07-07T07:30:00+0200,9133.15447,MW,DE,DE_LU,forecast_solar_generation,Solar,2026-08-05T11:47:58Z
2026-08-05T11:45:45Z,2026-08-05T13:45:45+0200,eaa53f57-a911-4834-9b60-40ab8a7aba1f,2026-07-07T05:45:00Z,2026-07-07T07:45:00+0200,10916.80009,MW,DE,DE_LU,forecast_solar_generation,Solar,2026-08-05T11:47:58Z
2026-08-05T11:45:45Z,2026-08-05T13:45:45+0200,eaa53f57-a911-4834-9b60-40ab8a7aba1f,2026-07-07T06:00:00Z,2026-07-07T08:00:00+0200,12782.33634,MW,DE,DE_LU,forecast_solar_generation,Solar,2026-08-05T11:47:58Z
2026-08-05T11:45:45Z,2026-08-05T13:45:45+0200,eaa53f57-a911-4834-9b60-40ab8a7aba1f,2026-07-07T06:15:00Z,2026-07-07T08:15:00+0200,14650.71822,MW,DE,DE_LU,forecast_solar_generation,Solar,2026-08-05T11:47:58Z
2026-08-05T11:45:45Z,2026-08-05T13:45:45+0200,eaa53f57-a911-4834-9b60-40ab8a7aba1f,2026-07-07T06:30:00Z,2026-07-07T08:30:00+0200,16535.01684,MW,DE,DE_LU,forecast_solar_generation,Solar,2026-08-05T11:47:58Z
2026-08-05T11:45:45Z,2026-08-05T13:45:45+0200,eaa53f57-a911-4834-9b60-40ab8a7aba1f,2026-07-07T06:45:00Z,2026-07-07T08:45:00+0200,18411.84499,MW,DE,DE_LU,forecast_solar_generation,Solar,2026-08-05T11:47:58Z
2026-08-05T11:45:45Z,2026-08-05T13:45:45+0200,eaa53f57-a911-4834-9b60-40ab8a7aba1f,2026-07-07T07:00:00Z,2026-07-07T09:00:00+0200,20272.12261,MW,DE,DE_LU,forecast_solar_generation,Solar,2026-08-05T11:47:58Z
2026-08-05T11:45:45Z,2026-08-05T13:45:45+0200,eaa53f57-a911-4834-9b60-40ab8a7aba1f,2026-07-07T07:15:00Z,2026-07-07T09:15:00+0200,22095.78044,MW,DE,DE_LU,forecast_solar_generation,Solar,2026-08-05T11:47:58Z
2026-08-05T11:45:45Z,2026-08-05T13:45:45+0200,eaa53f57-a911-4834-9b60-40ab8a7aba1f,2026-07-07T07:30:00Z,2026-07-07T09:30:00+0200,23895.2634,MW,DE,DE_LU,forecast_solar_generation,Solar,2026-08-05T11:47:58Z
2026-08-05T11:45:45Z,2026-08-05T13:45:45+0200,eaa53f57-a911-4834-9b60-40ab8a7aba1f,2026-07-07T07:45:00Z,2026-07-07T09:45:00+0200,25609.60837,MW,DE,DE_LU,forecast_solar_generation,Solar,2026-08-05T11:47:58Z
2026-08-05T11:45:45Z,2026-08-05T13:45:45+0200,eaa53f57-a911-4834-9b60-40ab8a7aba1f,2026-07-07T08:00:00Z,2026-07-07T10:00:00+0200,27232.23583,MW,DE,DE_LU,forecast_solar_generation,Solar,2026-08-05T11:47:58Z
2026-08-05T11:45:45Z,2026-08-05T13:45:45+0200,eaa53f57-a911-4834-9b60-40ab8a7aba1f,2026-07-07T08:15:00Z,2026-07-07T10:15:00+0200,28782.81931,MW,DE,DE_LU,forecast_solar_generation,Solar,2026-08-05T11:47:58Z
2026-08-05T11:45:45Z,2026-08-05T13:45:45+0200,eaa53f57-a911-4834-9b60-40ab8a7aba1f,2026-07-07T08:30:00Z,2026-07-07T10:30:00+0200,30250.99943,MW,DE,DE_LU,forecast_solar_generation,Solar,2026-08-05T11:47:58Z
2026-08-05T11:45:45Z,2026-08-05T13:45:45+0200,eaa53f57-a911-4834-9b60-40ab8a7aba1f,2026-07-07T08:45:00Z,2026-07-07T10:45:00+0200,31618.85131,MW,DE,DE_LU,forecast_solar_generation,Solar,2026-08-05T11:47:58Z
2026-08-05T11:45:45Z,2026-08-05T13:45:45+0200,eaa53f57-a911-4834-9b60-40ab8a7aba1f,2026-07-07T09:00:00Z,2026-07-07T11:00:00+0200,32831.24559,MW,DE,DE_LU,forecast_solar_generation,Solar,2026-08-05T11:47:58Z
2026-08-05T11:45:45Z,2026-08-05T13:45:45+0200,eaa53f57-a911-4834-9b60-40ab8a7aba1f,2026-07-07T09:15:00Z,2026-07-07T11:15:00+0200,33991.87647,MW,DE,DE_LU,forecast_solar_generation,Solar,2026-08-05T11:47:58Z
2026-08-05T11:45:45Z,2026-08-05T13:45:45+0200,eaa53f57-a911-4834-9b60-40ab8a7aba1f,2026-07-07T09:30:00Z,2026-07-07T11:30:00+0200,34941.68818,MW,DE,DE_LU,forecast_solar_generation,Solar,2026-08-05T11:47:58Z
2026-08-05T11:45:45Z,2026-08-05T13:45:45+0200,eaa53f57-a911-4834-9b60-40ab8a7aba1f,2026-07-07T09:45:00Z,2026-07-07T11:45:00+0200,35763.32411,MW,DE,DE_LU,forecast_solar_generation,Solar,2026-08-05T11:47:58Z
2026-08-05T11:45:45Z,2026-08-05T13:45:45+0200,eaa53f57-a911-4834-9b60-40ab8a7aba1f,2026-07-07T10:00:00Z,2026-07-07T12:00:00+0200,36330.07813,MW,DE,DE_LU,forecast_solar_generation,Solar,2026-08-05T11:47:58Z
2026-08-05T11:45:45Z,2026-08-05T13:45:45+0200,eaa53f57-a911-4834-9b60-40ab8a7aba1f,2026-07-07T10:15:00Z,2026-07-07T12:15:00+0200,36789.98632,MW,DE,DE_LU,forecast_solar_generation,Solar,2026-08-05T11:47:58Z
2026-08-05T11:45:45Z,2026-08-05T13:45:45+0200,eaa53f57-a911-4834-9b60-40ab8a7aba1f,2026-07-07T10:30:00Z,2026-07-07T12:30:00+0200,37148.85034,MW,DE,DE_LU,forecast_solar_generation,Solar,2026-08-05T11:47:58Z
2026-08-05T11:45:45Z,2026-08-05T13:45:45+0200,eaa53f57-a911-4834-9b60-40ab8a7aba1f,2026-07-07T10:45:00Z,2026-07-07T12:45:00+0200,37242.88506,MW,DE,DE_LU,forecast_solar_generation,Solar,2026-08-05T11:47:58Z
2026-08-05T11:45:45Z,2026-08-05T13:45:45+0200,eaa53f57-a911-4834-9b60-40ab8a7aba1f,2026-07-07T11:00:00Z,2026-07-07T13:00:00+0200,37233.23987,MW,DE,DE_LU,forecast_solar_generation,Solar,2026-08-05T11:47:58Z
2026-08-05T11:45:45Z,2026-08-05T13:45:45+0200,eaa53f57-a911-4834-9b60-40ab8a7aba1f,2026-07-07T11:15:00Z,2026-07-07T13:15:00+0200,37125.71876,MW,DE,DE_LU,forecast_solar_generation,Solar,2026-08-05T11:47:58Z
2026-08-05T11:45:45Z,2026-08-05T13:45:45+0200,eaa53f57-a911-4834-9b60-40ab8a7aba1f,2026-07-07T11:30:00Z,2026-07-07T13:30:00+0200,36964.64875,MW,DE,DE_LU,forecast_solar_generation,Solar,2026-08-05T11:47:58Z
2026-08-05T11:45:45Z,2026-08-05T13:45:45+0200,eaa53f57-a911-4834-9b60-40ab8a7aba1f,2026-07-07T11:45:00Z,2026-07-07T13:45:00+0200,36611.67369,MW,DE,DE_LU,forecast_solar_generation,Solar,2026-08-05T11:47:58Z
2026-08-05T11:45:45Z,2026-08-05T13:45:45+0200,eaa53f57-a911-4834-9b60-40ab8a7aba1f,2026-07-07T12:00:00Z,2026-07-07T14:00:00+0200,36151.84161,MW,DE,DE_LU,forecast_solar_generation,Solar,2026-08-05T11:47:58Z
2026-08-05T11:45:45Z,2026-08-05T13:45:45+0200,eaa53f57-a911-4834-9b60-40ab8a7aba1f,2026-07-07T12:15:00Z,2026-07-07T14:15:00+0200,35562.86769,MW,DE,DE_LU,forecast_solar_generation,Solar,2026-08-05T11:47:58Z
2026-08-05T11:45:45Z,2026-08-05T13:45:45+0200,eaa53f57-a911-4834-9b60-40ab8a7aba1f,2026-07-07T12:30:00Z,2026-07-07T14:30:00+0200,34883.44955,MW,DE,DE_LU,forecast_solar_generation,Solar,2026-08-05T11:47:58Z
2026-08-05T11:45:45Z,2026-08-05T13:45:45+0200,eaa53f57-a911-4834-9b60-40ab8a7aba1f,2026-07-07T12:45:00Z,2026-07-07T14:45:00+0200,34111.69609,MW,DE,DE_LU,forecast_solar_generation,Solar,2026-08-05T11:47:58Z
2026-08-05T11:45:45Z,2026-08-05T13:45:45+0200,eaa53f57-a911-4834-9b60-40ab8a7aba1f,2026-07-07T13:00:00Z,2026-07-07T15:00:00+0200,33172.61589,MW,DE,DE_LU,forecast_solar_generation,Solar,2026-08-05T11:47:58Z
2026-08-05T11:45:45Z,2026-08-05T13:45:45+0200,eaa53f57-a911-4834-9b60-40ab8a7aba1f,2026-07-07T13:15:00Z,2026-07-07T15:15:00+0200,32075.59109,MW,DE,DE_LU,forecast_solar_generation,Solar,2026-08-05T11:47:58Z
2026-08-05T11:45:45Z,2026-08-05T13:45:45+0200,eaa53f57-a911-4834-9b60-40ab8a7aba1f,2026-07-07T13:30:00Z,2026-07-07T15:30:00+0200,30751.1914,MW,DE,DE_LU,forecast_solar_generation,Solar,2026-08-05T11:47:58Z
2026-08-05T11:45:45Z,2026-08-05T13:45:45+0200,eaa53f57-a911-4834-9b60-40ab8a7aba1f,2026-07-07T13:45:00Z,2026-07-07T15:45:00+0200,29364.38295,MW,DE,DE_LU,forecast_solar_generation,Solar,2026-08-05T11:47:58Z
2026-08-05T11:45:45Z,2026-08-05T13:45:45+0200,eaa53f57-a911-4834-9b60-40ab8a7aba1f,2026-07-07T14:00:00Z,2026-07-07T16:00:00+0200,27953.67158,MW,DE,DE_LU,forecast_solar_generation,Solar,2026-08-05T11:47:58Z
2026-08-05T11:45:45Z,2026-08-05T13:45:45+0200,eaa53f57-a911-4834-9b60-40ab8a7aba1f,2026-07-07T14:15:00Z,2026-07-07T16:15:00+0200,26493.13369,MW,DE,DE_LU,forecast_solar_generation,Solar,2026-08-05T11:47:58Z
2026-08-05T11:45:45Z,2026-08-05T13:45:45+0200,eaa53f57-a911-4834-9b60-40ab8a7aba1f,2026-07-07T14:30:00Z,2026-07-07T16:30:00+0200,24933.50556,MW,DE,DE_LU,forecast_solar_generation,Solar,2026-08-05T11:47:58Z
2026-08-05T11:45:45Z,2026-08-05T13:45:45+0200,eaa53f57-a911-4834-9b60-40ab8a7aba1f,2026-07-07T14:45:00Z,2026-07-07T16:45:00+0200,23299.43436,MW,DE,DE_LU,forecast_solar_generation,Solar,2026-08-05T11:47:58Z
2026-08-05T11:45:45Z,2026-08-05T13:45:45+0200,eaa53f57-a911-4834-9b60-40ab8a7aba1f,2026-07-07T15:00:00Z,2026-07-07T17:00:00+0200,21561.45801,MW,DE,DE_LU,forecast_solar_generation,Solar,2026-08-05T11:47:58Z
2026-08-05T11:45:45Z,2026-08-05T13:45:45+0200,eaa53f57-a911-4834-9b60-40ab8a7aba1f,2026-07-07T15:15:00Z,2026-07-07T17:15:00+0200,19821.1928,MW,DE,DE_LU,forecast_solar_generation,Solar,2026-08-05T11:47:58Z
2026-08-05T11:45:45Z,2026-08-05T13:45:45+0200,eaa53f57-a911-4834-9b60-40ab8a7aba1f,2026-07-07T15:30:00Z,2026-07-07T17:30:00+0200,18023.1134,MW,DE,DE_LU,forecast_solar_generation,Solar,2026-08-05T11:47:58Z
2026-08-05T11:45:45Z,2026-08-05T13:45:45+0200,eaa53f57-a911-4834-9b60-40ab8a7aba1f,2026-07-07T15:45:00Z,2026-07-07T17:45:00+0200,16270.12399,MW,DE,DE_LU,forecast_solar_generation,Solar,2026-08-05T11:47:58Z
2026-08-05T11:45:45Z,2026-08-05T13:45:45+0200,eaa53f57-a911-4834-9b60-40ab8a7aba1f,2026-07-07T16:00:00Z,2026-07-07T18:00:00+0200,14576.06233,MW,DE,DE_LU,forecast_solar_generation,Solar,2026-08-05T11:47:58Z
2026-08-05T11:45:45Z,2026-08-05T13:45:45+0200,eaa53f57-a911-4834-9b60-40ab8a7aba1f,2026-07-07T16:15:00Z,2026-07-07T18:15:00+0200,12877.69205,MW,DE,DE_LU,forecast_solar_generation,Solar,2026-08-05T11:47:58Z
2026-08-05T11:45:45Z,2026-08-05T13:45:45+0200,eaa53f57-a911-4834-9b60-40ab8a7aba1f,2026-07-07T16:30:00Z,2026-07-07T18:30:00+0200,11218.75281,MW,DE,DE_LU,forecast_solar_generation,Solar,2026-08-05T11:47:58Z
2026-08-05T11:45:45Z,2026-08-05T13:45:45+0200,eaa53f57-a911-4834-9b60-40ab8a7aba1f,2026-07-07T16:45:00Z,2026-07-07T18:45:00+0200,9630.12484,MW,DE,DE_LU,forecast_solar_generation,Solar,2026-08-05T11:47:58Z
2026-08-05T11:45:45Z,2026-08-05T13:45:45+0200,eaa53f57-a911-4834-9b60-40ab8a7aba1f,2026-07-07T17:00:00Z,2026-07-07T19:00:00+0200,8095.45329,MW,DE,DE_LU,forecast_solar_generation,Solar,2026-08-05T11:47:58Z
2026-08-05T11:45:45Z,2026-08-05T13:45:45+0200,eaa53f57-a911-4834-9b60-40ab8a7aba1f,2026-07-07T17:15:00Z,2026-07-07T19:15:00+0200,6634.79134,MW,DE,DE_LU,forecast_solar_generation,Solar,2026-08-05T11:47:58Z
2026-08-05T11:45:45Z,2026-08-05T13:45:45+0200,eaa53f57-a911-4834-9b60-40ab8a7aba1f,2026-07-07T17:30:00Z,2026-07-07T19:30:00+0200,5268.59993,MW,DE,DE_LU,forecast_solar_generation,Solar,2026-08-05T11:47:58Z
2026-08-05T11:45:45Z,2026-08-05T13:45:45+0200,eaa53f57-a911-4834-9b60-40ab8a7aba1f,2026-07-07T17:45:00Z,2026-07-07T19:45:00+0200,4027.74562,MW,DE,DE_LU,forecast_solar_generation,Solar,2026-08-05T11:47:58Z
2026-08-05T11:45:45Z,2026-08-05T13:45:45+0200,eaa53f57-a911-4834-9b60-40ab8a7aba1f,2026-07-07T18:00:00Z,2026-07-07T20:00:00+0200,2957.81543,MW,DE,DE_LU,forecast_solar_generation,Solar,2026-08-05T11:47:58Z
2026-08-05T11:45:45Z,2026-08-05T13:45:45+0200,eaa53f57-a911-4834-9b60-40ab8a7aba1f,2026-07-07T18:15:00Z,2026-07-07T20:15:00+0200,2044.96652,MW,DE,DE_LU,forecast_solar_generation,Solar,2026-08-05T11:47:58Z
2026-08-05T11:45:45Z,2026-08-05T13:45:45+0200,eaa53f57-a911-4834-9b60-40ab8a7aba1f,2026-07-07T18:30:00Z,2026-07-07T20:30:00+0200,1311.15796,MW,DE,DE_LU,forecast_solar_generation,Solar,2026-08-05T11:47:58Z
2026-08-05T11:45:45Z,2026-08-05T13:45:45+0200,eaa53f57-a911-4834-9b60-40ab8a7aba1f,2026-07-07T18:45:00Z,2026-07-07T20:45:00+0200,763.87977,MW,DE,DE_LU,forecast_solar_generation,Solar,2026-08-05T11:47:58Z
2026-08-05T11:45:45Z,2026-08-05T13:45:45+0200,eaa53f57-a911-4834-9b60-40ab8a7aba1f,2026-07-07T19:00:00Z,2026-07-07T21:00:00+0200,385.68799,MW,DE,DE_LU,forecast_solar_generation,Solar,2026-08-05T11:47:58Z
2026-08-05T11:45:45Z,2026-08-05T13:45:45+0200,eaa53f57-a911-4834-9b60-40ab8a7aba1f,2026-07-07T19:15:00Z,2026-07-07T21:15:00+0200,164.63211,MW,DE,DE_LU,forecast_solar_generation,Solar,2026-08-05T11:47:58Z
2026-08-05T11:45:45Z,2026-08-05T13:45:45+0200,eaa53f57-a911-4834-9b60-40ab8a7aba1f,2026-07-07T19:30:00Z,2026-07-07T21:30:00+0200,65.9168,MW,DE,DE_LU,forecast_solar_generation,Solar,2026-08-05T11:47:58Z
2026-08-05T11:45:45Z,2026-08-05T13:45:45+0200,eaa53f57-a911-4834-9b60-40ab8a7aba1f,2026-07-07T19:45:00Z,2026-07-07T21:45:00+0200,29.3015,MW,DE,DE_LU,forecast_solar_generation,Solar,2026-08-05T11:47:58Z
2026-08-05T11:45:45Z,2026-08-05T13:45:45+0200,eaa53f57-a911-4834-9b60-40ab8a7aba1f,2026-07-07T20:00:00Z,2026-07-07T22:00:00+0200,5.471,MW,DE,DE_LU,forecast_solar_generation,Solar,2026-08-05T11:47:58Z
2026-08-05T11:45:45Z,2026-08-05T13:45:45+0200,eaa53f57-a911-4834-9b60-40ab8a7aba1f,2026-07-07T20:15:00Z,2026-07-07T22:15:00+0200,0.0,MW,DE,DE_LU,forecast_solar_generation,Solar,2026-08-05T11:47:58Z
2026-08-05T11:45:45Z,2026-08-05T13:45:45+0200,eaa53f57-a911-4834-9b60-40ab8a7aba1f,2026-07-07T20:30:00Z,2026-07-07T22:30:00+0200,0.0,MW,DE,DE_LU,forecast_solar_generation,Solar,2026-08-05T11:47:58Z
2026-08-05T11:45:45Z,2026-08-05T13:45:45+0200,eaa53f57-a911-4834-9b60-40ab8a7aba1f,2026-07-07T20:45:00Z,2026-07-07T22:45:00+0200,0.0,MW,DE,DE_LU,forecast_solar_generation,Solar,2026-08-05T11:47:58Z
2026-08-05T11:45:45Z,2026-08-05T13:45:45+0200,eaa53f57-a911-4834-9b60-40ab8a7aba1f,2026-07-07T21:00:00Z,2026-07-07T23:00:00+0200,0.0,MW,DE,DE_LU,forecast_solar_generation,Solar,2026-08-05T11:47:58Z
2026-08-05T11:45:45Z,2026-08-05T13:45:45+0200,eaa53f57-a911-4834-9b60-40ab8a7aba1f,2026-07-07T21:15:00Z,2026-07-07T23:15:00+0200,0.0,MW,DE,DE_LU,forecast_solar_generation,Solar,2026-08-05T11:47:58Z
2026-08-05T11:45:45Z,2026-08-05T13:45:45+0200,eaa53f57-a911-4834-9b60-40ab8a7aba1f,2026-07-07T21:30:00Z,2026-07-07T23:30:00+0200,0.0,MW,DE,DE_LU,forecast_solar_generation,Solar,2026-08-05T11:47:58Z
2026-08-05T11:45:45Z,2026-08-05T13:45:45+0200,eaa53f57-a911-4834-9b60-40ab8a7aba1f,2026-07-07T21:45:00Z,2026-07-07T23:45:00+0200,0.0,MW,DE,DE_LU,forecast_solar_generation,Solar,2026-08-05T11:47:58Z
2026-08-05T11:45:45Z,2026-08-05T13:45:45+0200,eaa53f57-a911-4834-9b60-40ab8a7aba1f,2026-07-07T22:00:00Z,2026-07-08T00:00:00+0200,0.0,MW,DE,DE_LU,forecast_solar_generation,Solar,2026-08-05T11:47:58Z
2026-08-05T11:45:45Z,2026-08-05T13:45:45+0200,eaa53f57-a911-4834-9b60-40ab8a7aba1f,2026-07-07T22:15:00Z,2026-07-08T00:15:00+0200,0.0,MW,DE,DE_LU,forecast_solar_generation,Solar,2026-08-05T11:47:58Z
2026-08-05T11:45:45Z,2026-08-05T13:45:45+0200,eaa53f57-a911-4834-9b60-40ab8a7aba1f,2026-07-07T22:30:00Z,2026-07-08T00:30:00+0200,0.0,MW,DE,DE_LU,forecast_solar_generation,Solar,2026-08-05T11:47:58Z
2026-08-05T11:45:45Z,2026-08-05T13:45:45+0200,eaa53f57-a911-4834-9b60-40ab8a7aba1f,2026-07-07T22:45:00Z,2026-07-08T00:45:00+0200,0.0,MW,DE,DE_LU,forecast_solar_generation,Solar,2026-08-05T11:47:58Z
2026-08-05T11:45:45Z,2026-08-05T13:45:45+0200,eaa53f57-a911-4834-9b60-40ab8a7aba1f,2026-07-07T23:00:00Z,2026-07-08T01:00:00+0200,0.0,MW,DE,DE_LU,forecast_solar_generation,Solar,2026-08-05T11:47:58Z
2026-08-05T11:45:45Z,2026-08-05T13:45:45+0200,eaa53f57-a911-4834-9b60-40ab8a7aba1f,2026-07-07T23:15:00Z,2026-07-08T01:15:00+0200,0.0,MW,DE,DE_LU,forecast_solar_generation,Solar,2026-08-05T11:47:58Z
2026-08-05T11:45:45Z,2026-08-05T13:45:45+0200,eaa53f57-a911-4834-9b60-40ab8a7aba1f,2026-07-07T23:30:00Z,2026-07-08T01:30:00+0200,0.0,MW,DE,DE_LU,forecast_solar_generation,Solar,2026-08-05T11:47:58Z
2026-08-05T11:45:45Z,2026-08-05T13:45:45+0200,eaa53f57-a911-4834-9b60-40ab8a7aba1f,2026-07-07T23:45:00Z,2026-07-08T01:45:00+0200,0.0,MW,DE,DE_LU,forecast_solar_generation,Solar,2026-08-05T11:47:58Z
2026-08-05T11:45:45Z,2026-08-05T13:45:45+0200,eaa53f57-a911-4834-9b60-40ab8a7aba1f,2026-07-08T00:00:00Z,2026-07-08T02:00:00+0200,0.0,MW,DE,DE_LU,forecast_solar_generation,Solar,2026-08-05T11:47:58Z
2026-08-05T11:45:45Z,2026-08-05T13:45:45+0200,eaa53f57-a911-4834-9b60-40ab8a7aba1f,2026-07-08T00:15:00Z,2026-07-08T02:15:00+0200,0.0,MW,DE,DE_LU,forecast_solar_generation,Solar,2026-08-05T11:47:58Z
2026-08-05T11:45:45Z,2026-08-05T13:45:45+0200,eaa53f57-a911-4834-9b60-40ab8a7aba1f,2026-07-08T00:30:00Z,2026-07-08T02:30:00+0200,0.0,MW,DE,DE_LU,forecast_solar_generation,Solar,2026-08-05T11:47:58Z
2026-08-05T11:45:45Z,2026-08-05T13:45:45+0200,eaa53f57-a911-4834-9b60-40ab8a7aba1f,2026-07-08T00:45:00Z,2026-07-08T02:45:00+0200,0.0,MW,DE,DE_LU,forecast_solar_generation,Solar,2026-08-05T11:47:58Z
2026-08-05T11:45:45Z,2026-08-05T13:45:45+0200,eaa53f57-a911-4834-9b60-40ab8a7aba1f,2026-07-08T01:00:00Z,2026-07-08T03:00:00+0200,0.0,MW,DE,DE_LU,forecast_solar_generation,Solar,2026-08-05T11:47:58Z
2026-08-05T11:45:45Z,2026-08-05T13:45:45+0200,eaa53f57-a911-4834-9b60-40ab8a7aba1f,2026-07-08T01:15:00Z,2026-07-08T03:15:00+0200,0.0,MW,DE,DE_LU,forecast_solar_generation,Solar,2026-08-05T11:47:58Z
2026-08-05T11:45:45Z,2026-08-05T13:45:45+0200,eaa53f57-a911-4834-9b60-40ab8a7aba1f,2026-07-08T01:30:00Z,2026-07-08T03:30:00+0200,0.0,MW,DE,DE_LU,forecast_solar_generation,Solar,2026-08-05T11:47:58Z
2026-08-05T11:45:45Z,2026-08-05T13:45:45+0200,eaa53f57-a911-4834-9b60-40ab8a7aba1f,2026-07-08T01:45:00Z,2026-07-08T03:45:00+0200,0.0,MW,DE,DE_LU,forecast_solar_generation,Solar,2026-08-05T11:47:58Z
2026-08-05T11:45:45Z,2026-08-05T13:45:45+0200,eaa53f57-a911-4834-9b60-40ab8a7aba1f,2026-07-08T02:00:00Z,2026-07-08T04:00:00+0200,0.0,MW,DE,DE_LU,forecast_solar_generation,Solar,2026-08-05T11:47:58Z
2026-08-05T11:45:45Z,2026-08-05T13:45:45+0200,eaa53f57-a911-4834-9b60-40ab8a7aba1f,2026-07-08T02:15:00Z,2026-07-08T04:15:00+0200,0.0,MW,DE,DE_LU,forecast_solar_generation,Solar,2026-08-05T11:47:58Z
2026-08-05T11:45:45Z,2026-08-05T13:45:45+0200,eaa53f57-a911-4834-9b60-40ab8a7aba1f,2026-07-08T02:30:00Z,2026-07-08T04:30:00+0200,0.0,MW,DE,DE_LU,forecast_solar_generation,Solar,2026-08-05T11:47:58Z
2026-08-05T11:45:45Z,2026-08-05T13:45:45+0200,eaa53f57-a911-4834-9b60-40ab8a7aba1f,2026-07-08T02:45:00Z,2026-07-08T04:45:00+0200,8.934,MW,DE,DE_LU,forecast_solar_generation,Solar,2026-08-05T11:47:58Z
2026-08-05T11:45:45Z,2026-08-05T13:45:45+0200,eaa53f57-a911-4834-9b60-40ab8a7aba1f,2026-07-08T03:00:00Z,2026-07-08T05:00:00+0200,66.94623,MW,DE,DE_LU,forecast_solar_generation,Solar,2026-08-05T11:47:58Z
2026-08-05T11:45:45Z,2026-08-05T13:45:45+0200,eaa53f57-a911-4834-9b60-40ab8a7aba1f,2026-07-08T03:15:00Z,2026-07-08T05:15:00+0200,240.57316,MW,DE,DE_LU,forecast_solar_generation,Solar,2026-08-05T11:47:58Z
2026-08-05T11:45:45Z,2026-08-05T13:45:45+0200,eaa53f57-a911-4834-9b60-40ab8a7aba1f,2026-07-08T03:30:00Z,2026-07-08T05:30:00+0200,536.64924,MW,DE,DE_LU,forecast_solar_generation,Solar,2026-08-05T11:47:58Z
2026-08-05T11:45:45Z,2026-08-05T13:45:45+0200,eaa53f57-a911-4834-9b60-40ab8a7aba1f,2026-07-08T03:45:00Z,2026-07-08T05:45:00+0200,995.89441,MW,DE,DE_LU,forecast_solar_generation,Solar,2026-08-05T11:47:58Z
2026-08-05T11:45:45Z,2026-08-05T13:45:45+0200,eaa53f57-a911-4834-9b60-40ab8a7aba1f,2026-07-08T04:00:00Z,2026-07-08T06:00:00+0200,1659.21793,MW,DE,DE_LU,forecast_solar_generation,Solar,2026-08-05T11:47:58Z
2026-08-05T11:45:45Z,2026-08-05T13:45:45+0200,eaa53f57-a911-4834-9b60-40ab8a7aba1f,2026-07-08T04:15:00Z,2026-07-08T06:15:00+0200,2567.09035,MW,DE,DE_LU,forecast_solar_generation,Solar,2026-08-05T11:47:58Z
2026-08-05T11:45:45Z,2026-08-05T13:45:45+0200,eaa53f57-a911-4834-9b60-40ab8a7aba1f,2026-07-08T04:30:00Z,2026-07-08T06:30:00+0200,3667.80352,MW,DE,DE_LU,forecast_solar_generation,Solar,2026-08-05T11:47:58Z
2026-08-05T11:45:45Z,2026-08-05T13:45:45+0200,eaa53f57-a911-4834-9b60-40ab8a7aba1f,2026-07-08T04:45:00Z,2026-07-08T06:45:00+0200,4958.19227,MW,DE,DE_LU,forecast_solar_generation,Solar,2026-08-05T11:47:58Z
2026-08-05T11:45:45Z,2026-08-05T13:45:45+0200,eaa53f57-a911-4834-9b60-40ab8a7aba1f,2026-07-08T05:00:00Z,2026-07-08T07:00:00+0200,6479.71684,MW,DE,DE_LU,forecast_solar_generation,Solar,2026-08-05T11:47:58Z
2026-08-05T11:45:45Z,2026-08-05T13:45:45+0200,eaa53f57-a911-4834-9b60-40ab8a7aba1f,2026-07-08T05:15:00Z,2026-07-08T07:15:00+0200,8199.3587,MW,DE,DE_LU,forecast_solar_generation,Solar,2026-08-05T11:47:58Z
2026-08-05T11:45:45Z,2026-08-05T13:45:45+0200,eaa53f57-a911-4834-9b60-40ab8a7aba1f,2026-07-08T05:30:00Z,2026-07-08T07:30:00+0200,10074.92491,MW,DE,DE_LU,forecast_solar_generation,Solar,2026-08-05T11:47:58Z
2026-08-05T11:45:45Z,2026-08-05T13:45:45+0200,eaa53f57-a911-4834-9b60-40ab8a7aba1f,2026-07-08T05:45:00Z,2026-07-08T07:45:00+0200,12090.93399,MW,DE,DE_LU,forecast_solar_generation,Solar,2026-08-05T11:47:58Z
2026-08-05T11:45:45Z,2026-08-05T13:45:45+0200,eaa53f57-a911-4834-9b60-40ab8a7aba1f,2026-07-08T06:00:00Z,2026-07-08T08:00:00+0200,14205.75282,MW,DE,DE_LU,forecast_solar_generation,Solar,2026-08-05T11:47:58Z
2026-08-05T11:45:45Z,2026-08-05T13:45:45+0200,eaa53f57-a911-4834-9b60-40ab8a7aba1f,2026-07-08T06:15:00Z,2026-07-08T08:15:00+0200,16358.76064,MW,DE,DE_LU,forecast_solar_generation,Solar,2026-08-05T11:47:58Z
2026-08-05T11:45:45Z,2026-08-05T13:45:45+0200,eaa53f57-a911-4834-9b60-40ab8a7aba1f,2026-07-08T06:30:00Z,2026-07-08T08:30:00+0200,18528.24786,MW,DE,DE_LU,forecast_solar_generation,Solar,2026-08-05T11:47:58Z
2026-08-05T11:45:45Z,2026-08-05T13:45:45+0200,eaa53f57-a911-4834-9b60-40ab8a7aba1f,2026-07-08T06:45:00Z,2026-07-08T08:45:00+0200,20642.58782,MW,DE,DE_LU,forecast_solar_generation,Solar,2026-08-05T11:47:58Z
2026-08-05T11:45:45Z,2026-08-05T13:45:45+0200,eaa53f57-a911-4834-9b60-40ab8a7aba1f,2026-07-08T07:00:00Z,2026-07-08T09:00:00+0200,22655.21847,MW,DE,DE_LU,forecast_solar_generation,Solar,2026-08-05T11:47:58Z
2026-08-05T11:45:45Z,2026-08-05T13:45:45+0200,eaa53f57-a911-4834-9b60-40ab8a7aba1f,2026-07-08T07:15:00Z,2026-07-08T09:15:00+0200,24554.63324,MW,DE,DE_LU,forecast_solar_generation,Solar,2026-08-05T11:47:58Z
2026-08-05T11:45:45Z,2026-08-05T13:45:45+0200,eaa53f57-a911-4834-9b60-40ab8a7aba1f,2026-07-08T07:30:00Z,2026-07-08T09:30:00+0200,26387.07548,MW,DE,DE_LU,forecast_solar_generation,Solar,2026-08-05T11:47:58Z
2026-08-05T11:45:45Z,2026-08-05T13:45:45+0200,eaa53f57-a911-4834-9b60-40ab8a7aba1f,2026-07-08T07:45:00Z,2026-07-08T09:45:00+0200,28107.35912,MW,DE,DE_LU,forecast_solar_generation,Solar,2026-08-05T11:47:58Z
2026-08-05T11:45:45Z,2026-08-05T13:45:45+0200,eaa53f57-a911-4834-9b60-40ab8a7aba1f,2026-07-08T08:00:00Z,2026-07-08T10:00:00+0200,29707.60312,MW,DE,DE_LU,forecast_solar_generation,Solar,2026-08-05T11:47:58Z
2026-08-05T11:45:45Z,2026-08-05T13:45:45+0200,eaa53f57-a911-4834-9b60-40ab8a7aba1f,2026-07-08T08:15:00Z,2026-07-08T10:15:00+0200,31165.6437,MW,DE,DE_LU,forecast_solar_generation,Solar,2026-08-05T11:47:58Z
2026-08-05T11:45:45Z,2026-08-05T13:45:45+0200,eaa53f57-a911-4834-9b60-40ab8a7aba1f,2026-07-08T08:30:00Z,2026-07-08T10:30:00+0200,32495.51738,MW,DE,DE_LU,forecast_solar_generation,Solar,2026-08-05T11:47:58Z
2026-08-05T11:45:45Z,2026-08-05T13:45:45+0200,eaa53f57-a911-4834-9b60-40ab8a7aba1f,2026-07-08T08:45:00Z,2026-07-08T10:45:00+0200,33785.95883,MW,DE,DE_LU,forecast_solar_generation,Solar,2026-08-05T11:47:58Z
2026-08-05T11:45:45Z,2026-08-05T13:45:45+0200,eaa53f57-a911-4834-9b60-40ab8a7aba1f,2026-07-08T09:00:00Z,2026-07-08T11:00:00+0200,34914.69848,MW,DE,DE_LU,forecast_solar_generation,Solar,2026-08-05T11:47:58Z
2026-08-05T11:45:45Z,2026-08-05T13:45:45+0200,eaa53f57-a911-4834-9b60-40ab8a7aba1f,2026-07-08T09:15:00Z,2026-07-08T11:15:00+0200,35915.63283,MW,DE,DE_LU,forecast_solar_generation,Solar,2026-08-05T11:47:58Z
2026-08-05T11:45:45Z,2026-08-05T13:45:45+0200,eaa53f57-a911-4834-9b60-40ab8a7aba1f,2026-07-08T09:30:00Z,2026-07-08T11:30:00+0200,36819.28179,MW,DE,DE_LU,forecast_solar_generation,Solar,2026-08-05T11:47:58Z
2026-08-05T11:45:45Z,2026-08-05T13:45:45+0200,eaa53f57-a911-4834-9b60-40ab8a7aba1f,2026-07-08T09:45:00Z,2026-07-08T11:45:00+0200,37670.03097,MW,DE,DE_LU,forecast_solar_generation,Solar,2026-08-05T11:47:58Z
2026-08-05T11:45:45Z,2026-08-05T13:45:45+0200,eaa53f57-a911-4834-9b60-40ab8a7aba1f,2026-07-08T10:00:00Z,2026-07-08T12:00:00+0200,38428.12866,MW,DE,DE_LU,forecast_solar_generation,Solar,2026-08-05T11:47:58Z
2026-08-05T11:45:45Z,2026-08-05T13:45:45+0200,eaa53f57-a911-4834-9b60-40ab8a7aba1f,2026-07-08T10:15:00Z,2026-07-08T12:15:00+0200,39110.77474,MW,DE,DE_LU,forecast_solar_generation,Solar,2026-08-05T11:47:58Z
2026-08-05T11:45:45Z,2026-08-05T13:45:45+0200,eaa53f57-a911-4834-9b60-40ab8a7aba1f,2026-07-08T10:30:00Z,2026-07-08T12:30:00+0200,39755.97529,MW,DE,DE_LU,forecast_solar_generation,Solar,2026-08-05T11:47:58Z
2026-08-05T11:45:45Z,2026-08-05T13:45:45+0200,eaa53f57-a911-4834-9b60-40ab8a7aba1f,2026-07-08T10:45:00Z,2026-07-08T12:45:00+0200,40326.88973,MW,DE,DE_LU,forecast_solar_generation,Solar,2026-08-05T11:47:58Z
2026-08-05T11:45:45Z,2026-08-05T13:45:45+0200,eaa53f57-a911-4834-9b60-40ab8a7aba1f,2026-07-08T11:00:00Z,2026-07-08T13:00:00+0200,40775.91007,MW,DE,DE_LU,forecast_solar_generation,Solar,2026-08-05T11:47:58Z
2026-08-05T11:45:45Z,2026-08-05T13:45:45+0200,eaa53f57-a911-4834-9b60-40ab8a7aba1f,2026-07-08T11:15:00Z,2026-07-08T13:15:00+0200,41099.88256,MW,DE,DE_LU,forecast_solar_generation,Solar,2026-08-05T11:47:58Z
2026-08-05T11:45:45Z,2026-08-05T13:45:45+0200,eaa53f57-a911-4834-9b60-40ab8a7aba1f,2026-07-08T11:30:00Z,2026-07-08T13:30:00+0200,41345.07585,MW,DE,DE_LU,forecast_solar_generation,Solar,2026-08-05T11:47:58Z
2026-08-05T11:45:45Z,2026-08-05T13:45:45+0200,eaa53f57-a911-4834-9b60-40ab8a7aba1f,2026-07-08T11:45:00Z,2026-07-08T13:45:00+0200,41483.86054,MW,DE,DE_LU,forecast_solar_generation,Solar,2026-08-05T11:47:58Z
2026-08-05T11:45:45Z,2026-08-05T13:45:45+0200,eaa53f57-a911-4834-9b60-40ab8a7aba1f,2026-07-08T12:00:00Z,2026-07-08T14:00:00+0200,41372.46751,MW,DE,DE_LU,forecast_solar_generation,Solar,2026-08-05T11:47:58Z
2026-08-05T11:45:45Z,2026-08-05T13:45:45+0200,eaa53f57-a911-4834-9b60-40ab8a7aba1f,2026-07-08T12:15:00Z,2026-07-08T14:15:00+0200,41178.99329,MW,DE,DE_LU,forecast_solar_generation,Solar,2026-08-05T11:47:58Z
2026-08-05T11:45:45Z,2026-08-05T13:45:45+0200,eaa53f57-a911-4834-9b60-40ab8a7aba1f,2026-07-08T12:30:00Z,2026-07-08T14:30:00+0200,40820.96627,MW,DE,DE_LU,forecast_solar_generation,Solar,2026-08-05T11:47:58Z
2026-08-05T11:45:45Z,2026-08-05T13:45:45+0200,eaa53f57-a911-4834-9b60-40ab8a7aba1f,2026-07-08T12:45:00Z,2026-07-08T14:45:00+0200,40328.44258,MW,DE,DE_LU,forecast_solar_generation,Solar,2026-08-05T11:47:58Z
2026-08-05T11:45:45Z,2026-08-05T13:45:45+0200,eaa53f57-a911-4834-9b60-40ab8a7aba1f,2026-07-08T13:00:00Z,2026-07-08T15:00:00+0200,39719.92471,MW,DE,DE_LU,forecast_solar_generation,Solar,2026-08-05T11:47:58Z
2026-08-05T11:45:45Z,2026-08-05T13:45:45+0200,eaa53f57-a911-4834-9b60-40ab8a7aba1f,2026-07-08T13:15:00Z,2026-07-08T15:15:00+0200,38949.78393,MW,DE,DE_LU,forecast_solar_generation,Solar,2026-08-05T11:47:58Z
2026-08-05T11:45:45Z,2026-08-05T13:45:45+0200,eaa53f57-a911-4834-9b60-40ab8a7aba1f,2026-07-08T13:30:00Z,2026-07-08T15:30:00+0200,38062.53282,MW,DE,DE_LU,forecast_solar_generation,Solar,2026-08-05T11:47:58Z
2026-08-05T11:45:45Z,2026-08-05T13:45:45+0200,eaa53f57-a911-4834-9b60-40ab8a7aba1f,2026-07-08T13:45:00Z,2026-07-08T15:45:00+0200,37055.52651,MW,DE,DE_LU,forecast_solar_generation,Solar,2026-08-05T11:47:58Z
2026-08-05T11:45:45Z,2026-08-05T13:45:45+0200,eaa53f57-a911-4834-9b60-40ab8a7aba1f,2026-07-08T14:00:00Z,2026-07-08T16:00:00+0200,35944.34038,MW,DE,DE_LU,forecast_solar_generation,Solar,2026-08-05T11:47:58Z
2026-08-05T11:45:45Z,2026-08-05T13:45:45+0200,eaa53f57-a911-4834-9b60-40ab8a7aba1f,2026-07-08T14:15:00Z,2026-07-08T16:15:00+0200,34694.87272,MW,DE,DE_LU,forecast_solar_generation,Solar,2026-08-05T11:47:58Z
2026-08-05T11:45:45Z,2026-08-05T13:45:45+0200,eaa53f57-a911-4834-9b60-40ab8a7aba1f,2026-07-08T14:30:00Z,2026-07-08T16:30:00+0200,33310.8296,MW,DE,DE_LU,forecast_solar_generation,Solar,2026-08-05T11:47:58Z
2026-08-05T11:45:45Z,2026-08-05T13:45:45+0200,eaa53f57-a911-4834-9b60-40ab8a7aba1f,2026-07-08T14:45:00Z,2026-07-08T16:45:00+0200,31760.45588,MW,DE,DE_LU,forecast_solar_generation,Solar,2026-08-05T11:47:58Z
2026-08-05T11:45:45Z,2026-08-05T13:45:45+0200,eaa53f57-a911-4834-9b60-40ab8a7aba1f,2026-07-08T15:00:00Z,2026-07-08T17:00:00+0200,30040.71545,MW,DE,DE_LU,forecast_solar_generation,Solar,2026-08-05T11:47:58Z
2026-08-05T11:45:45Z,2026-08-05T13:45:45+0200,eaa53f57-a911-4834-9b60-40ab8a7aba1f,2026-07-08T15:15:00Z,2026-07-08T17:15:00+0200,28105.78448,MW,DE,DE_LU,forecast_solar_generation,Solar,2026-08-05T11:47:58Z
2026-08-05T11:45:45Z,2026-08-05T13:45:45+0200,eaa53f57-a911-4834-9b60-40ab8a7aba1f,2026-07-08T15:30:00Z,2026-07-08T17:30:00+0200,26012.38314,MW,DE,DE_LU,forecast_solar_generation,Solar,2026-08-05T11:47:58Z
2026-08-05T11:45:45Z,2026-08-05T13:45:45+0200,eaa53f57-a911-4834-9b60-40ab8a7aba1f,2026-07-08T15:45:00Z,2026-07-08T17:45:00+0200,23767.42616,MW,DE,DE_LU,forecast_solar_generation,Solar,2026-08-05T11:47:58Z
2026-08-05T11:45:45Z,2026-08-05T13:45:45+0200,eaa53f57-a911-4834-9b60-40ab8a7aba1f,2026-07-08T16:00:00Z,2026-07-08T18:00:00+0200,21411.55885,MW,DE,DE_LU,forecast_solar_generation,Solar,2026-08-05T11:47:58Z
2026-08-05T11:45:45Z,2026-08-05T13:45:45+0200,eaa53f57-a911-4834-9b60-40ab8a7aba1f,2026-07-08T16:15:00Z,2026-07-08T18:15:00+0200,18954.26514,MW,DE,DE_LU,forecast_solar_generation,Solar,2026-08-05T11:47:58Z
2026-08-05T11:45:45Z,2026-08-05T13:45:45+0200,eaa53f57-a911-4834-9b60-40ab8a7aba1f,2026-07-08T16:30:00Z,2026-07-08T18:30:00+0200,16475.41544,MW,DE,DE_LU,forecast_solar_generation,Solar,2026-08-05T11:47:58Z
2026-08-05T11:45:45Z,2026-08-05T13:45:45+0200,eaa53f57-a911-4834-9b60-40ab8a7aba1f,2026-07-08T16:45:00Z,2026-07-08T18:45:00+0200,14031.06588,MW,DE,DE_LU,forecast_solar_generation,Solar,2026-08-05T11:47:58Z
2026-08-05T11:45:45Z,2026-08-05T13:45:45+0200,eaa53f57-a911-4834-9b60-40ab8a7aba1f,2026-07-08T17:00:00Z,2026-07-08T19:00:00+0200,11680.25029,MW,DE,DE_LU,forecast_solar_generation,Solar,2026-08-05T11:47:58Z
2026-08-05T11:45:45Z,2026-08-05T13:45:45+0200,eaa53f57-a911-4834-9b60-40ab8a7aba1f,2026-07-08T17:15:00Z,2026-07-08T19:15:00+0200,9484.35029,MW,DE,DE_LU,forecast_solar_generation,Solar,2026-08-05T11:47:58Z
2026-08-05T11:45:45Z,2026-08-05T13:45:45+0200,eaa53f57-a911-4834-9b60-40ab8a7aba1f,2026-07-08T17:30:00Z,2026-07-08T19:30:00+0200,7537.38317,MW,DE,DE_LU,forecast_solar_generation,Solar,2026-08-05T11:47:58Z
2026-08-05T11:45:45Z,2026-08-05T13:45:45+0200,eaa53f57-a911-4834-9b60-40ab8a7aba1f,2026-07-08T17:45:00Z,2026-07-08T19:45:00+0200,5865.21394,MW,DE,DE_LU,forecast_solar_generation,Solar,2026-08-05T11:47:58Z
2026-08-05T11:45:45Z,2026-08-05T13:45:45+0200,eaa53f57-a911-4834-9b60-40ab8a7aba1f,2026-07-08T18:00:00Z,2026-07-08T20:00:00+0200,4427.58127,MW,DE,DE_LU,forecast_solar_generation,Solar,2026-08-05T11:47:58Z
2026-08-05T11:45:45Z,2026-08-05T13:45:45+0200,eaa53f57-a911-4834-9b60-40ab8a7aba1f,2026-07-08T18:15:00Z,2026-07-08T20:15:00+0200,3166.74193,MW,DE,DE_LU,forecast_solar_generation,Solar,2026-08-05T11:47:58Z
2026-08-05T11:45:45Z,2026-08-05T13:45:45+0200,eaa53f57-a911-4834-9b60-40ab8a7aba1f,2026-07-08T18:30:00Z,2026-07-08T20:30:00+0200,2077.10171,MW,DE,DE_LU,forecast_solar_generation,Solar,2026-08-05T11:47:58Z
2026-08-05T11:45:45Z,2026-08-05T13:45:45+0200,eaa53f57-a911-4834-9b60-40ab8a7aba1f,2026-07-08T18:45:00Z,2026-07-08T20:45:00+0200,1204.23814,MW,DE,DE_LU,forecast_solar_generation,Solar,2026-08-05T11:47:58Z
2026-08-05T11:45:45Z,2026-08-05T13:45:45+0200,eaa53f57-a911-4834-9b60-40ab8a7aba1f,2026-07-08T19:00:00Z,2026-07-08T21:00:00+0200,595.39078,MW,DE,DE_LU,forecast_solar_generation,Solar,2026-08-05T11:47:58Z
2026-08-05T11:45:45Z,2026-08-05T13:45:45+0200,eaa53f57-a911-4834-9b60-40ab8a7aba1f,2026-07-08T19:15:00Z,2026-07-08T21:15:00+0200,223.09035,MW,DE,DE_LU,forecast_solar_generation,Solar,2026-08-05T11:47:58Z
2026-08-05T11:45:45Z,2026-08-05T13:45:45+0200,eaa53f57-a911-4834-9b60-40ab8a7aba1f,2026-07-08T19:30:00Z,2026-07-08T21:30:00+0200,70.87716,MW,DE,DE_LU,forecast_solar_generation,Solar,2026-08-05T11:47:58Z
2026-08-05T11:45:45Z,2026-08-05T13:45:45+0200,eaa53f57-a911-4834-9b60-40ab8a7aba1f,2026-07-08T19:45:00Z,2026-07-08T21:45:00+0200,25.17194,MW,DE,DE_LU,forecast_solar_generation,Solar,2026-08-05T11:47:58Z
2026-08-05T11:45:45Z,2026-08-05T13:45:45+0200,eaa53f57-a911-4834-9b60-40ab8a7aba1f,2026-07-08T20:00:00Z,2026-07-08T22:00:00+0200,2.674,MW,DE,DE_LU,forecast_solar_generation,Solar,2026-08-05T11:47:58Z
2026-08-05T11:45:45Z,2026-08-05T13:45:45+0200,eaa53f57-a911-4834-9b60-40ab8a7aba1f,2026-07-08T20:15:00Z,2026-07-08T22:15:00+0200,0.0,MW,DE,DE_LU,forecast_solar_generation,Solar,2026-08-05T11:47:58Z
2026-08-05T11:45:45Z,2026-08-05T13:45:45+0200,eaa53f57-a911-4834-9b60-40ab8a7aba1f,2026-07-08T20:30:00Z,2026-07-08T22:30:00+0200,0.0,MW,DE,DE_LU,forecast_solar_generation,Solar,2026-08-05T11:47:58Z
2026-08-05T11:45:45Z,2026-08-05T13:45:45+0200,eaa53f57-a911-4834-9b60-40ab8a7aba1f,2026-07-08T20:45:00Z,2026-07-08T22:45:00+0200,0.0,MW,DE,DE_LU,forecast_solar_generation,Solar,2026-08-05T11:47:58Z
2026-08-05T11:45:45Z,2026-08-05T13:45:45+0200,eaa53f57-a911-4834-9b60-40ab8a7aba1f,2026-07-08T21:00:00Z,2026-07-08T23:00:00+0200,0.0,MW,DE,DE_LU,forecast_solar_generation,Solar,2026-08-05T11:47:58Z
2026-08-05T11:45:45Z,2026-08-05T13:45:45+0200,eaa53f57-a911-4834-9b60-40ab8a7aba1f,2026-07-08T21:15:00Z,2026-07-08T23:15:00+0200,0.0,MW,DE,DE_LU,forecast_solar_generation,Solar,2026-08-05T11:47:58Z
2026-08-05T11:45:45Z,2026-08-05T13:45:45+0200,eaa53f57-a911-4834-9b60-40ab8a7aba1f,2026-07-08T21:30:00Z,2026-07-08T23:30:00+0200,0.0,MW,DE,DE_LU,forecast_solar_generation,Solar,2026-08-05T11:47:58Z
2026-08-05T11:45:45Z,2026-08-05T13:45:45+0200,eaa53f57-a911-4834-9b60-40ab8a7aba1f,2026-07-08T21:45:00Z,2026-07-08T23:45:00+0200,0.0,MW,DE,DE_LU,forecast_solar_generation,Solar,2026-08-05T11:47:58Z
2026-08-05T11:45:45Z,2026-08-05T13:45:45+0200,eaa53f57-a911-4834-9b60-40ab8a7aba1f,2026-07-08T22:00:00Z,2026-07-09T00:00:00+0200,0.0,MW,DE,DE_LU,forecast_solar_generation,Solar,2026-08-05T11:47:58Z
2026-08-05T11:45:45Z,2026-08-05T13:45:45+0200,eaa53f57-a911-4834-9b60-40ab8a7aba1f,2026-07-08T22:15:00Z,2026-07-09T00:15:00+0200,0.0,MW,DE,DE_LU,forecast_solar_generation,Solar,2026-08-05T11:47:58Z
2026-08-05T11:45:45Z,2026-08-05T13:45:45+0200,eaa53f57-a911-4834-9b60-40ab8a7aba1f,2026-07-08T22:30:00Z,2026-07-09T00:30:00+0200,0.0,MW,DE,DE_LU,forecast_solar_generation,Solar,2026-08-05T11:47:58Z
2026-08-05T11:45:45Z,2026-08-05T13:45:45+0200,eaa53f57-a911-4834-9b60-40ab8a7aba1f,2026-07-08T22:45:00Z,2026-07-09T00:45:00+0200,0.0,MW,DE,DE_LU,forecast_solar_generation,Solar,2026-08-05T11:47:58Z
2026-08-05T11:45:45Z,2026-08-05T13:45:45+0200,eaa53f57-a911-4834-9b60-40ab8a7aba1f,2026-07-08T23:00:00Z,2026-07-09T01:00:00+0200,0.0,MW,DE,DE_LU,forecast_solar_generation,Solar,2026-08-05T11:47:58Z
2026-08-05T11:45:45Z,2026-08-05T13:45:45+0200,eaa53f57-a911-4834-9b60-40ab8a7aba1f,2026-07-08T23:15:00Z,2026-07-09T01:15:00+0200,0.0,MW,DE,DE_LU,forecast_solar_generation,Solar,2026-08-05T11:47:58Z
2026-08-05T11:45:45Z,2026-08-05T13:45:45+0200,eaa53f57-a911-4834-9b60-40ab8a7aba1f,2026-07-08T23:30:00Z,2026-07-09T01:30:00+0200,0.0,MW,DE,DE_LU,forecast_solar_generation,Solar,2026-08-05T11:47:58Z
2026-08-05T11:45:45Z,2026-08-05T13:45:45+0200,eaa53f57-a911-4834-9b60-40ab8a7aba1f,2026-07-08T23:45:00Z,2026-07-09T01:45:00+0200,0.0,MW,DE,DE_LU,forecast_solar_generation,Solar,2026-08-05T11:47:58Z
2026-08-05T11:45:45Z,2026-08-05T13:45:45+0200,eaa53f57-a911-4834-9b60-40ab8a7aba1f,2026-07-09T00:00:00Z,2026-07-09T02:00:00+0200,0.0,MW,DE,DE_LU,forecast_solar_generation,Solar,2026-08-05T11:47:58Z
2026-08-05T11:45:45Z,2026-08-05T13:45:45+0200,eaa53f57-a911-4834-9b60-40ab8a7aba1f,2026-07-09T00:15:00Z,2026-07-09T02:15:00+0200,0.0,MW,DE,DE_LU,forecast_solar_generation,Solar,2026-08-05T11:47:58Z
2026-08-05T11:45:45Z,2026-08-05T13:45:45+0200,eaa53f57-a911-4834-9b60-40ab8a7aba1f,2026-07-09T00:30:00Z,2026-07-09T02:30:00+0200,0.0,MW,DE,DE_LU,forecast_solar_generation,Solar,2026-08-05T11:47:58Z
2026-08-05T11:45:45Z,2026-08-05T13:45:45+0200,eaa53f57-a911-4834-9b60-40ab8a7aba1f,2026-07-09T00:45:00Z,2026-07-09T02:45:00+0200,0.0,MW,DE,DE_LU,forecast_solar_generation,Solar,2026-08-05T11:47:58Z
2026-08-05T11:45:45Z,2026-08-05T13:45:45+0200,eaa53f57-a911-4834-9b60-40ab8a7aba1f,2026-07-09T01:00:00Z,2026-07-09T03:00:00+0200,0.0,MW,DE,DE_LU,forecast_solar_generation,Solar,2026-08-05T11:47:58Z
2026-08-05T11:45:45Z,2026-08-05T13:45:45+0200,eaa53f57-a911-4834-9b60-40ab8a7aba1f,2026-07-09T01:15:00Z,2026-07-09T03:15:00+0200,0.0,MW,DE,DE_LU,forecast_solar_generation,Solar,2026-08-05T11:47:58Z
2026-08-05T11:45:45Z,2026-08-05T13:45:45+0200,eaa53f57-a911-4834-9b60-40ab8a7aba1f,2026-07-09T01:30:00Z,2026-07-09T03:30:00+0200,0.0,MW,DE,DE_LU,forecast_solar_generation,Solar,2026-08-05T11:47:58Z
2026-08-05T11:45:45Z,2026-08-05T13:45:45+0200,eaa53f57-a911-4834-9b60-40ab8a7aba1f,2026-07-09T01:45:00Z,2026-07-09T03:45:00+0200,0.0,MW,DE,DE_LU,forecast_solar_generation,Solar,2026-08-05T11:47:58Z
2026-08-05T11:45:45Z,2026-08-05T13:45:45+0200,eaa53f57-a911-4834-9b60-40ab8a7aba1f,2026-07-09T02:00:00Z,2026-07-09T04:00:00+0200,0.0,MW,DE,DE_LU,forecast_solar_generation,Solar,2026-08-05T11:47:58Z
2026-08-05T11:45:45Z,2026-08-05T13:45:45+0200,eaa53f57-a911-4834-9b60-40ab8a7aba1f,2026-07-09T02:15:00Z,2026-07-09T04:15:00+0200,0.0,MW,DE,DE_LU,forecast_solar_generation,Solar,2026-08-05T11:47:58Z
2026-08-05T11:45:45Z,2026-08-05T13:45:45+0200,eaa53f57-a911-4834-9b60-40ab8a7aba1f,2026-07-09T02:30:00Z,2026-07-09T04:30:00+0200,0.0,MW,DE,DE_LU,forecast_solar_generation,Solar,2026-08-05T11:47:58Z
2026-08-05T11:45:45Z,2026-08-05T13:45:45+0200,eaa53f57-a911-4834-9b60-40ab8a7aba1f,2026-07-09T02:45:00Z,2026-07-09T04:45:00+0200,6.411,MW,DE,DE_LU,forecast_solar_generation,Solar,2026-08-05T11:47:58Z
2026-08-05T11:45:45Z,2026-08-05T13:45:45+0200,eaa53f57-a911-4834-9b60-40ab8a7aba1f,2026-07-09T03:00:00Z,2026-07-09T05:00:00+0200,54.12999,MW,DE,DE_LU,forecast_solar_generation,Solar,2026-08-05T11:47:58Z
2026-08-05T11:45:45Z,2026-08-05T13:45:45+0200,eaa53f57-a911-4834-9b60-40ab8a7aba1f,2026-07-09T03:15:00Z,2026-07-09T05:15:00+0200,199.06254,MW,DE,DE_LU,forecast_solar_generation,Solar,2026-08-05T11:47:58Z
2026-08-05T11:45:45Z,2026-08-05T13:45:45+0200,eaa53f57-a911-4834-9b60-40ab8a7aba1f,2026-07-09T03:30:00Z,2026-07-09T05:30:00+0200,480.38233,MW,DE,DE_LU,forecast_solar_generation,Solar,2026-08-05T11:47:58Z
2026-08-05T11:45:45Z,2026-08-05T13:45:45+0200,eaa53f57-a911-4834-9b60-40ab8a7aba1f,2026-07-09T03:45:00Z,2026-07-09T05:45:00+0200,999.07461,MW,DE,DE_LU,forecast_solar_generation,Solar,2026-08-05T11:47:58Z
2026-08-05T11:45:45Z,2026-08-05T13:45:45+0200,eaa53f57-a911-4834-9b60-40ab8a7aba1f,2026-07-09T04:00:00Z,2026-07-09T06:00:00+0200,1817.0304,MW,DE,DE_LU,forecast_solar_generation,Solar,2026-08-05T11:47:58Z
2026-08-05T11:45:45Z,2026-08-05T13:45:45+0200,eaa53f57-a911-4834-9b60-40ab8a7aba1f,2026-07-09T04:15:00Z,2026-07-09T06:15:00+0200,2899.03813,MW,DE,DE_LU,forecast_solar_generation,Solar,2026-08-05T11:47:58Z
2026-08-05T11:45:45Z,2026-08-05T13:45:45+0200,eaa53f57-a911-4834-9b60-40ab8a7aba1f,2026-07-09T04:30:00Z,2026-07-09T06:30:00+0200,4198.8999,MW,DE,DE_LU,forecast_solar_generation,Solar,2026-08-05T11:47:58Z
2026-08-05T11:45:45Z,2026-08-05T13:45:45+0200,eaa53f57-a911-4834-9b60-40ab8a7aba1f,2026-07-09T04:45:00Z,2026-07-09T06:45:00+0200,5705.33666,MW,DE,DE_LU,forecast_solar_generation,Solar,2026-08-05T11:47:58Z
2026-08-05T11:45:45Z,2026-08-05T13:45:45+0200,eaa53f57-a911-4834-9b60-40ab8a7aba1f,2026-07-09T05:00:00Z,2026-07-09T07:00:00+0200,7439.6172,MW,DE,DE_LU,forecast_solar_generation,Solar,2026-08-05T11:47:58Z
2026-08-05T11:45:45Z,2026-08-05T13:45:45+0200,eaa53f57-a911-4834-9b60-40ab8a7aba1f,2026-07-09T05:15:00Z,2026-07-09T07:15:00+0200,9415.49379,MW,DE,DE_LU,forecast_solar_generation,Solar,2026-08-05T11:47:58Z
2026-08-05T11:45:45Z,2026-08-05T13:45:45+0200,eaa53f57-a911-4834-9b60-40ab8a7aba1f,2026-07-09T05:30:00Z,2026-07-09T07:30:00+0200,11593.69842,MW,DE,DE_LU,forecast_solar_generation,Solar,2026-08-05T11:47:58Z
2026-08-05T11:45:45Z,2026-08-05T13:45:45+0200,eaa53f57-a911-4834-9b60-40ab8a7aba1f,2026-07-09T05:45:00Z,2026-07-09T07:45:00+0200,13870.18293,MW,DE,DE_LU,forecast_solar_generation,Solar,2026-08-05T11:47:58Z
2026-08-05T11:45:45Z,2026-08-05T13:45:45+0200,eaa53f57-a911-4834-9b60-40ab8a7aba1f,2026-07-09T06:00:00Z,2026-07-09T08:00:00+0200,16169.58369,MW,DE,DE_LU,forecast_solar_generation,Solar,2026-08-05T11:47:58Z
2026-08-05T11:45:45Z,2026-08-05T13:45:45+0200,eaa53f57-a911-4834-9b60-40ab8a7aba1f,2026-07-09T06:15:00Z,2026-07-09T08:15:00+0200,18452.69581,MW,DE,DE_LU,forecast_solar_generation,Solar,2026-08-05T11:47:58Z
2026-08-05T11:45:45Z,2026-08-05T13:45:45+0200,eaa53f57-a911-4834-9b60-40ab8a7aba1f,2026-07-09T06:30:00Z,2026-07-09T08:30:00+0200,20710.52597,MW,DE,DE_LU,forecast_solar_generation,Solar,2026-08-05T11:47:58Z
2026-08-05T11:45:45Z,2026-08-05T13:45:45+0200,eaa53f57-a911-4834-9b60-40ab8a7aba1f,2026-07-09T06:45:00Z,2026-07-09T08:45:00+0200,22909.11022,MW,DE,DE_LU,forecast_solar_generation,Solar,2026-08-05T11:47:58Z
2026-08-05T11:45:45Z,2026-08-05T13:45:45+0200,eaa53f57-a911-4834-9b60-40ab8a7aba1f,2026-07-09T07:00:00Z,2026-07-09T09:00:00+0200,25028.65412,MW,DE,DE_LU,forecast_solar_generation,Solar,2026-08-05T11:47:58Z
2026-08-05T11:45:45Z,2026-08-05T13:45:45+0200,eaa53f57-a911-4834-9b60-40ab8a7aba1f,2026-07-09T07:15:00Z,2026-07-09T09:15:00+0200,27066.95096,MW,DE,DE_LU,forecast_solar_generation,Solar,2026-08-05T11:47:58Z
2026-08-05T11:45:45Z,2026-08-05T13:45:45+0200,eaa53f57-a911-4834-9b60-40ab8a7aba1f,2026-07-09T07:30:00Z,2026-07-09T09:30:00+0200,29060.60869,MW,DE,DE_LU,forecast_solar_generation,Solar,2026-08-05T11:47:58Z
2026-08-05T11:45:45Z,2026-08-05T13:45:45+0200,eaa53f57-a911-4834-9b60-40ab8a7aba1f,2026-07-09T07:45:00Z,2026-07-09T09:45:00+0200,30945.92334,MW,DE,DE_LU,forecast_solar_generation,Solar,2026-08-05T11:47:58Z
2026-08-05T11:45:45Z,2026-08-05T13:45:45+0200,eaa53f57-a911-4834-9b60-40ab8a7aba1f,2026-07-09T08:00:00Z,2026-07-09T10:00:00+0200,32668.70999,MW,DE,DE_LU,forecast_solar_generation,Solar,2026-08-05T11:47:58Z
2026-08-05T11:45:45Z,2026-08-05T13:45:45+0200,eaa53f57-a911-4834-9b60-40ab8a7aba1f,2026-07-09T08:15:00Z,2026-07-09T10:15:00+0200,34266.69181,MW,DE,DE_LU,forecast_solar_generation,Solar,2026-08-05T11:47:58Z
2026-08-05T11:45:45Z,2026-08-05T13:45:45+0200,eaa53f57-a911-4834-9b60-40ab8a7aba1f,2026-07-09T08:30:00Z,2026-07-09T10:30:00+0200,35819.09377,MW,DE,DE_LU,forecast_solar_generation,Solar,2026-08-05T11:47:58Z
2026-08-05T11:45:45Z,2026-08-05T13:45:45+0200,eaa53f57-a911-4834-9b60-40ab8a7aba1f,2026-07-09T08:45:00Z,2026-07-09T10:45:00+0200,37382.8816,MW,DE,DE_LU,forecast_solar_generation,Solar,2026-08-05T11:47:58Z
2026-08-05T11:45:45Z,2026-08-05T13:45:45+0200,eaa53f57-a911-4834-9b60-40ab8a7aba1f,2026-07-09T09:00:00Z,2026-07-09T11:00:00+0200,38818.173,MW,DE,DE_LU,forecast_solar_generation,Solar,2026-08-05T11:47:58Z
2026-08-05T11:45:45Z,2026-08-05T13:45:45+0200,eaa53f57-a911-4834-9b60-40ab8a7aba1f,2026-07-09T09:15:00Z,2026-07-09T11:15:00+0200,40241.24483,MW,DE,DE_LU,forecast_solar_generation,Solar,2026-08-05T11:47:58Z
2026-08-05T11:45:45Z,2026-08-05T13:45:45+0200,eaa53f57-a911-4834-9b60-40ab8a7aba1f,2026-07-09T09:30:00Z,2026-07-09T11:30:00+0200,41552.34021,MW,DE,DE_LU,forecast_solar_generation,Solar,2026-08-05T11:47:58Z
2026-08-05T11:45:45Z,2026-08-05T13:45:45+0200,eaa53f57-a911-4834-9b60-40ab8a7aba1f,2026-07-09T09:45:00Z,2026-07-09T11:45:00+0200,42796.66583,MW,DE,DE_LU,forecast_solar_generation,Solar,2026-08-05T11:47:58Z
2026-08-05T11:45:45Z,2026-08-05T13:45:45+0200,eaa53f57-a911-4834-9b60-40ab8a7aba1f,2026-07-09T10:00:00Z,2026-07-09T12:00:00+0200,43840.87857,MW,DE,DE_LU,forecast_solar_generation,Solar,2026-08-05T11:47:58Z
2026-08-05T11:45:45Z,2026-08-05T13:45:45+0200,eaa53f57-a911-4834-9b60-40ab8a7aba1f,2026-07-09T10:15:00Z,2026-07-09T12:15:00+0200,44744.97973,MW,DE,DE_LU,forecast_solar_generation,Solar,2026-08-05T11:47:58Z
2026-08-05T11:45:45Z,2026-08-05T13:45:45+0200,eaa53f57-a911-4834-9b60-40ab8a7aba1f,2026-07-09T10:30:00Z,2026-07-09T12:30:00+0200,45607.34313,MW,DE,DE_LU,forecast_solar_generation,Solar,2026-08-05T11:47:58Z
2026-08-05T11:45:45Z,2026-08-05T13:45:45+0200,eaa53f57-a911-4834-9b60-40ab8a7aba1f,2026-07-09T10:45:00Z,2026-07-09T12:45:00+0200,46311.0409,MW,DE,DE_LU,forecast_solar_generation,Solar,2026-08-05T11:47:58Z
2026-08-05T11:45:45Z,2026-08-05T13:45:45+0200,eaa53f57-a911-4834-9b60-40ab8a7aba1f,2026-07-09T11:00:00Z,2026-07-09T13:00:00+0200,46841.44007,MW,DE,DE_LU,forecast_solar_generation,Solar,2026-08-05T11:47:58Z
2026-08-05T11:45:45Z,2026-08-05T13:45:45+0200,eaa53f57-a911-4834-9b60-40ab8a7aba1f,2026-07-09T11:15:00Z,2026-07-09T13:15:00+0200,47198.17339,MW,DE,DE_LU,forecast_solar_generation,Solar,2026-08-05T11:47:58Z
2026-08-05T11:45:45Z,2026-08-05T13:45:45+0200,eaa53f57-a911-4834-9b60-40ab8a7aba1f,2026-07-09T11:30:00Z,2026-07-09T13:30:00+0200,47479.62723,MW,DE,DE_LU,forecast_solar_generation,Solar,2026-08-05T11:47:58Z
2026-08-05T11:45:45Z,2026-08-05T13:45:45+0200,eaa53f57-a911-4834-9b60-40ab8a7aba1f,2026-07-09T11:45:00Z,2026-07-09T13:45:00+0200,47601.5652,MW,DE,DE_LU,forecast_solar_generation,Solar,2026-08-05T11:47:58Z
2026-08-05T11:45:45Z,2026-08-05T13:45:45+0200,eaa53f57-a911-4834-9b60-40ab8a7aba1f,2026-07-09T12:00:00Z,2026-07-09T14:00:00+0200,47550.24239,MW,DE,DE_LU,forecast_solar_generation,Solar,2026-08-05T11:47:58Z
2026-08-05T11:45:45Z,2026-08-05T13:45:45+0200,eaa53f57-a911-4834-9b60-40ab8a7aba1f,2026-07-09T12:15:00Z,2026-07-09T14:15:00+0200,47339.03296,MW,DE,DE_LU,forecast_solar_generation,Solar,2026-08-05T11:47:58Z
2026-08-05T11:45:45Z,2026-08-05T13:45:45+0200,eaa53f57-a911-4834-9b60-40ab8a7aba1f,2026-07-09T12:30:00Z,2026-07-09T14:30:00+0200,47000.46212,MW,DE,DE_LU,forecast_solar_generation,Solar,2026-08-05T11:47:58Z
2026-08-05T11:45:45Z,2026-08-05T13:45:45+0200,eaa53f57-a911-4834-9b60-40ab8a7aba1f,2026-07-09T12:45:00Z,2026-07-09T14:45:00+0200,46510.11454,MW,DE,DE_LU,forecast_solar_generation,Solar,2026-08-05T11:47:58Z
2026-08-05T11:45:45Z,2026-08-05T13:45:45+0200,eaa53f57-a911-4834-9b60-40ab8a7aba1f,2026-07-09T13:00:00Z,2026-07-09T15:00:00+0200,45833.65028,MW,DE,DE_LU,forecast_solar_generation,Solar,2026-08-05T11:47:58Z
2026-08-05T11:45:45Z,2026-08-05T13:45:45+0200,eaa53f57-a911-4834-9b60-40ab8a7aba1f,2026-07-09T13:15:00Z,2026-07-09T15:15:00+0200,44950.25443,MW,DE,DE_LU,forecast_solar_generation,Solar,2026-08-05T11:47:58Z
2026-08-05T11:45:45Z,2026-08-05T13:45:45+0200,eaa53f57-a911-4834-9b60-40ab8a7aba1f,2026-07-09T13:30:00Z,2026-07-09T15:30:00+0200,43826.23001,MW,DE,DE_LU,forecast_solar_generation,Solar,2026-08-05T11:47:58Z
2026-08-05T11:45:45Z,2026-08-05T13:45:45+0200,eaa53f57-a911-4834-9b60-40ab8a7aba1f,2026-07-09T13:45:00Z,2026-07-09T15:45:00+0200,42558.97868,MW,DE,DE_LU,forecast_solar_generation,Solar,2026-08-05T11:47:58Z
2026-08-05T11:45:45Z,2026-08-05T13:45:45+0200,eaa53f57-a911-4834-9b60-40ab8a7aba1f,2026-07-09T14:00:00Z,2026-07-09T16:00:00+0200,41168.04321,MW,DE,DE_LU,forecast_solar_generation,Solar,2026-08-05T11:47:58Z
2026-08-05T11:45:45Z,2026-08-05T13:45:45+0200,eaa53f57-a911-4834-9b60-40ab8a7aba1f,2026-07-09T14:15:00Z,2026-07-09T16:15:00+0200,39624.11046,MW,DE,DE_LU,forecast_solar_generation,Solar,2026-08-05T11:47:58Z
2026-08-05T11:45:45Z,2026-08-05T13:45:45+0200,eaa53f57-a911-4834-9b60-40ab8a7aba1f,2026-07-09T14:30:00Z,2026-07-09T16:30:00+0200,37897.45389,MW,DE,DE_LU,forecast_solar_generation,Solar,2026-08-05T11:47:58Z
2026-08-05T11:45:45Z,2026-08-05T13:45:45+0200,eaa53f57-a911-4834-9b60-40ab8a7aba1f,2026-07-09T14:45:00Z,2026-07-09T16:45:00+0200,35979.78406,MW,DE,DE_LU,forecast_solar_generation,Solar,2026-08-05T11:47:58Z
2026-08-05T11:45:45Z,2026-08-05T13:45:45+0200,eaa53f57-a911-4834-9b60-40ab8a7aba1f,2026-07-09T15:00:00Z,2026-07-09T17:00:00+0200,33837.57219,MW,DE,DE_LU,forecast_solar_generation,Solar,2026-08-05T11:47:58Z
2026-08-05T11:45:45Z,2026-08-05T13:45:45+0200,eaa53f57-a911-4834-9b60-40ab8a7aba1f,2026-07-09T15:15:00Z,2026-07-09T17:15:00+0200,31513.69449,MW,DE,DE_LU,forecast_solar_generation,Solar,2026-08-05T11:47:58Z
2026-08-05T11:45:45Z,2026-08-05T13:45:45+0200,eaa53f57-a911-4834-9b60-40ab8a7aba1f,2026-07-09T15:30:00Z,2026-07-09T17:30:00+0200,29032.1198,MW,DE,DE_LU,forecast_solar_generation,Solar,2026-08-05T11:47:58Z
2026-08-05T11:45:45Z,2026-08-05T13:45:45+0200,eaa53f57-a911-4834-9b60-40ab8a7aba1f,2026-07-09T15:45:00Z,2026-07-09T17:45:00+0200,26466.83879,MW,DE,DE_LU,forecast_solar_generation,Solar,2026-08-05T11:47:58Z
2026-08-05T11:45:45Z,2026-08-05T13:45:45+0200,eaa53f57-a911-4834-9b60-40ab8a7aba1f,2026-07-09T16:00:00Z,2026-07-09T18:00:00+0200,23834.59235,MW,DE,DE_LU,forecast_solar_generation,Solar,2026-08-05T11:47:58Z
2026-08-05T11:45:45Z,2026-08-05T13:45:45+0200,eaa53f57-a911-4834-9b60-40ab8a7aba1f,2026-07-09T16:15:00Z,2026-07-09T18:15:00+0200,21116.3192,MW,DE,DE_LU,forecast_solar_generation,Solar,2026-08-05T11:47:58Z
2026-08-05T11:45:45Z,2026-08-05T13:45:45+0200,eaa53f57-a911-4834-9b60-40ab8a7aba1f,2026-07-09T16:30:00Z,2026-07-09T18:30:00+0200,18349.86844,MW,DE,DE_LU,forecast_solar_generation,Solar,2026-08-05T11:47:58Z
2026-08-05T11:45:45Z,2026-08-05T13:45:45+0200,eaa53f57-a911-4834-9b60-40ab8a7aba1f,2026-07-09T16:45:00Z,2026-07-09T18:45:00+0200,15604.47125,MW,DE,DE_LU,forecast_solar_generation,Solar,2026-08-05T11:47:58Z
2026-08-05T11:45:45Z,2026-08-05T13:45:45+0200,eaa53f57-a911-4834-9b60-40ab8a7aba1f,2026-07-09T17:00:00Z,2026-07-09T19:00:00+0200,12937.08515,MW,DE,DE_LU,forecast_solar_generation,Solar,2026-08-05T11:47:58Z
2026-08-05T11:45:45Z,2026-08-05T13:45:45+0200,eaa53f57-a911-4834-9b60-40ab8a7aba1f,2026-07-09T17:15:00Z,2026-07-09T19:15:00+0200,10432.95067,MW,DE,DE_LU,forecast_solar_generation,Solar,2026-08-05T11:47:58Z
2026-08-05T11:45:45Z,2026-08-05T13:45:45+0200,eaa53f57-a911-4834-9b60-40ab8a7aba1f,2026-07-09T17:30:00Z,2026-07-09T19:30:00+0200,8200.52853,MW,DE,DE_LU,forecast_solar_generation,Solar,2026-08-05T11:47:58Z
2026-08-05T11:45:45Z,2026-08-05T13:45:45+0200,eaa53f57-a911-4834-9b60-40ab8a7aba1f,2026-07-09T17:45:00Z,2026-07-09T19:45:00+0200,6307.1122,MW,DE,DE_LU,forecast_solar_generation,Solar,2026-08-05T11:47:58Z
2026-08-05T11:45:45Z,2026-08-05T13:45:45+0200,eaa53f57-a911-4834-9b60-40ab8a7aba1f,2026-07-09T18:00:00Z,2026-07-09T20:00:00+0200,4712.38788,MW,DE,DE_LU,forecast_solar_generation,Solar,2026-08-05T11:47:58Z
2026-08-05T11:45:45Z,2026-08-05T13:45:45+0200,eaa53f57-a911-4834-9b60-40ab8a7aba1f,2026-07-09T18:15:00Z,2026-07-09T20:15:00+0200,3350.70679,MW,DE,DE_LU,forecast_solar_generation,Solar,2026-08-05T11:47:58Z
2026-08-05T11:45:45Z,2026-08-05T13:45:45+0200,eaa53f57-a911-4834-9b60-40ab8a7aba1f,2026-07-09T18:30:00Z,2026-07-09T20:30:00+0200,2189.98105,MW,DE,DE_LU,forecast_solar_generation,Solar,2026-08-05T11:47:58Z
2026-08-05T11:45:45Z,2026-08-05T13:45:45+0200,eaa53f57-a911-4834-9b60-40ab8a7aba1f,2026-07-09T18:45:00Z,2026-07-09T20:45:00+0200,1250.69742,MW,DE,DE_LU,forecast_solar_generation,Solar,2026-08-05T11:47:58Z
2026-08-05T11:45:45Z,2026-08-05T13:45:45+0200,eaa53f57-a911-4834-9b60-40ab8a7aba1f,2026-07-09T19:00:00Z,2026-07-09T21:00:00+0200,590.12467,MW,DE,DE_LU,forecast_solar_generation,Solar,2026-08-05T11:47:58Z
2026-08-05T11:45:45Z,2026-08-05T13:45:45+0200,eaa53f57-a911-4834-9b60-40ab8a7aba1f,2026-07-09T19:15:00Z,2026-07-09T21:15:00+0200,224.61639,MW,DE,DE_LU,forecast_solar_generation,Solar,2026-08-05T11:47:58Z
2026-08-05T11:45:45Z,2026-08-05T13:45:45+0200,eaa53f57-a911-4834-9b60-40ab8a7aba1f,2026-07-09T19:30:00Z,2026-07-09T21:30:00+0200,72.58925,MW,DE,DE_LU,forecast_solar_generation,Solar,2026-08-05T11:47:58Z
2026-08-05T11:45:45Z,2026-08-05T13:45:45+0200,eaa53f57-a911-4834-9b60-40ab8a7aba1f,2026-07-09T19:45:00Z,2026-07-09T21:45:00+0200,29.00549,MW,DE,DE_LU,forecast_solar_generation,Solar,2026-08-05T11:47:58Z
2026-08-05T11:45:45Z,2026-08-05T13:45:45+0200,eaa53f57-a911-4834-9b60-40ab8a7aba1f,2026-07-09T20:00:00Z,2026-07-09T22:00:00+0200,4.259,MW,DE,DE_LU,forecast_solar_generation,Solar,2026-08-05T11:47:58Z
2026-08-05T11:45:45Z,2026-08-05T13:45:45+0200,eaa53f57-a911-4834-9b60-40ab8a7aba1f,2026-07-09T20:15:00Z,2026-07-09T22:15:00+0200,0.0,MW,DE,DE_LU,forecast_solar_generation,Solar,2026-08-05T11:47:58Z
2026-08-05T11:45:45Z,2026-08-05T13:45:45+0200,eaa53f57-a911-4834-9b60-40ab8a7aba1f,2026-07-09T20:30:00Z,2026-07-09T22:30:00+0200,0.0,MW,DE,DE_LU,forecast_solar_generation,Solar,2026-08-05T11:47:58Z
2026-08-05T11:45:45Z,2026-08-05T13:45:45+0200,eaa53f57-a911-4834-9b60-40ab8a7aba1f,2026-07-09T20:45:00Z,2026-07-09T22:45:00+0200,0.0,MW,DE,DE_LU,forecast_solar_generation,Solar,2026-08-05T11:47:58Z
2026-08-05T11:45:45Z,2026-08-05T13:45:45+0200,eaa53f57-a911-4834-9b60-40ab8a7aba1f,2026-07-09T21:00:00Z,2026-07-09T23:00:00+0200,0.0,MW,DE,DE_LU,forecast_solar_generation,Solar,2026-08-05T11:47:58Z
2026-08-05T11:45:45Z,2026-08-05T13:45:45+0200,eaa53f57-a911-4834-9b60-40ab8a7aba1f,2026-07-09T21:15:00Z,2026-07-09T23:15:00+0200,0.0,MW,DE,DE_LU,forecast_solar_generation,Solar,2026-08-05T11:47:58Z
2026-08-05T11:45:45Z,2026-08-05T13:45:45+0200,eaa53f57-a911-4834-9b60-40ab8a7aba1f,2026-07-09T21:30:00Z,2026-07-09T23:30:00+0200,0.0,MW,DE,DE_LU,forecast_solar_generation,Solar,2026-08-05T11:47:58Z
2026-08-05T11:45:45Z,2026-08-05T13:45:45+0200,eaa53f57-a911-4834-9b60-40ab8a7aba1f,2026-07-09T21:45:00Z,2026-07-09T23:45:00+0200,0.0,MW,DE,DE_LU,forecast_solar_generation,Solar,2026-08-05T11:47:58Z
2026-08-05T11:45:45Z,2026-08-05T13:45:45+0200,eaa53f57-a911-4834-9b60-40ab8a7aba1f,2026-07-09T22:00:00Z,2026-07-10T00:00:00+0200,0.0,MW,DE,DE_LU,forecast_solar_generation,Solar,2026-08-05T11:47:58Z
2026-08-05T11:45:45Z,2026-08-05T13:45:45+0200,eaa53f57-a911-4834-9b60-40ab8a7aba1f,2026-07-09T22:15:00Z,2026-07-10T00:15:00+0200,0.0,MW,DE,DE_LU,forecast_solar_generation,Solar,2026-08-05T11:47:58Z
2026-08-05T11:45:45Z,2026-08-05T13:45:45+0200,eaa53f57-a911-4834-9b60-40ab8a7aba1f,2026-07-09T22:30:00Z,2026-07-10T00:30:00+0200,0.0,MW,DE,DE_LU,forecast_solar_generation,Solar,2026-08-05T11:47:58Z
2026-08-05T11:45:45Z,2026-08-05T13:45:45+0200,eaa53f57-a911-4834-9b60-40ab8a7aba1f,2026-07-09T22:45:00Z,2026-07-10T00:45:00+0200,0.0,MW,DE,DE_LU,forecast_solar_generation,Solar,2026-08-05T11:47:58Z
2026-08-05T11:45:45Z,2026-08-05T13:45:45+0200,eaa53f57-a911-4834-9b60-40ab8a7aba1f,2026-07-09T23:00:00Z,2026-07-10T01:00:00+0200,0.0,MW,DE,DE_LU,forecast_solar_generation,Solar,2026-08-05T11:47:58Z
2026-08-05T11:45:45Z,2026-08-05T13:45:45+0200,eaa53f57-a911-4834-9b60-40ab8a7aba1f,2026-07-09T23:15:00Z,2026-07-10T01:15:00+0200,0.0,MW,DE,DE_LU,forecast_solar_generation,Solar,2026-08-05T11:47:58Z
2026-08-05T11:45:45Z,2026-08-05T13:45:45+0200,eaa53f57-a911-4834-9b60-40ab8a7aba1f,2026-07-09T23:30:00Z,2026-07-10T01:30:00+0200,0.0,MW,DE,DE_LU,forecast_solar_generation,Solar,2026-08-05T11:47:58Z
2026-08-05T11:45:45Z,2026-08-05T13:45:45+0200,eaa53f57-a911-4834-9b60-40ab8a7aba1f,2026-07-09T23:45:00Z,2026-07-10T01:45:00+0200,0.0,MW,DE,DE_LU,forecast_solar_generation,Solar,2026-08-05T11:47:58Z
2026-08-05T11:45:45Z,2026-08-05T13:45:45+0200,eaa53f57-a911-4834-9b60-40ab8a7aba1f,2026-07-10T00:00:00Z,2026-07-10T02:00:00+0200,0.0,MW,DE,DE_LU,forecast_solar_generation,Solar,2026-08-05T11:47:58Z
2026-08-05T11:45:45Z,2026-08-05T13:45:45+0200,eaa53f57-a911-4834-9b60-40ab8a7aba1f,2026-07-10T00:15:00Z,2026-07-10T02:15:00+0200,0.0,MW,DE,DE_LU,forecast_solar_generation,Solar,2026-08-05T11:47:58Z
2026-08-05T11:45:45Z,2026-08-05T13:45:45+0200,eaa53f57-a911-4834-9b60-40ab8a7aba1f,2026-07-10T00:30:00Z,2026-07-10T02:30:00+0200,0.0,MW,DE,DE_LU,forecast_solar_generation,Solar,2026-08-05T11:47:58Z
2026-08-05T11:45:45Z,2026-08-05T13:45:45+0200,eaa53f57-a911-4834-9b60-40ab8a7aba1f,2026-07-10T00:45:00Z,2026-07-10T02:45:00+0200,0.0,MW,DE,DE_LU,forecast_solar_generation,Solar,2026-08-05T11:47:58Z
2026-08-05T11:45:45Z,2026-08-05T13:45:45+0200,eaa53f57-a911-4834-9b60-40ab8a7aba1f,2026-07-10T01:00:00Z,2026-07-10T03:00:00+0200,0.0,MW,DE,DE_LU,forecast_solar_generation,Solar,2026-08-05T11:47:58Z
2026-08-05T11:45:45Z,2026-08-05T13:45:45+0200,eaa53f57-a911-4834-9b60-40ab8a7aba1f,2026-07-10T01:15:00Z,2026-07-10T03:15:00+0200,0.0,MW,DE,DE_LU,forecast_solar_generation,Solar,2026-08-05T11:47:58Z
2026-08-05T11:45:45Z,2026-08-05T13:45:45+0200,eaa53f57-a911-4834-9b60-40ab8a7aba1f,2026-07-10T01:30:00Z,2026-07-10T03:30:00+0200,0.0,MW,DE,DE_LU,forecast_solar_generation,Solar,2026-08-05T11:47:58Z
2026-08-05T11:45:45Z,2026-08-05T13:45:45+0200,eaa53f57-a911-4834-9b60-40ab8a7aba1f,2026-07-10T01:45:00Z,2026-07-10T03:45:00+0200,0.0,MW,DE,DE_LU,forecast_solar_generation,Solar,2026-08-05T11:47:58Z
2026-08-05T11:45:45Z,2026-08-05T13:45:45+0200,eaa53f57-a911-4834-9b60-40ab8a7aba1f,2026-07-10T02:00:00Z,2026-07-10T04:00:00+0200,0.0,MW,DE,DE_LU,forecast_solar_generation,Solar,2026-08-05T11:47:58Z
2026-08-05T11:45:45Z,2026-08-05T13:45:45+0200,eaa53f57-a911-4834-9b60-40ab8a7aba1f,2026-07-10T02:15:00Z,2026-07-10T04:15:00+0200,0.0,MW,DE,DE_LU,forecast_solar_generation,Solar,2026-08-05T11:47:58Z
2026-08-05T11:45:45Z,2026-08-05T13:45:45+0200,eaa53f57-a911-4834-9b60-40ab8a7aba1f,2026-07-10T02:30:00Z,2026-07-10T04:30:00+0200,0.0,MW,DE,DE_LU,forecast_solar_generation,Solar,2026-08-05T11:47:58Z
2026-08-05T11:45:45Z,2026-08-05T13:45:45+0200,eaa53f57-a911-4834-9b60-40ab8a7aba1f,2026-07-10T02:45:00Z,2026-07-10T04:45:00+0200,6.42,MW,DE,DE_LU,forecast_solar_generation,Solar,2026-08-05T11:47:58Z
2026-08-05T11:45:45Z,2026-08-05T13:45:45+0200,eaa53f57-a911-4834-9b60-40ab8a7aba1f,2026-07-10T03:00:00Z,2026-07-10T05:00:00+0200,67.18999,MW,DE,DE_LU,forecast_solar_generation,Solar,2026-08-05T11:47:58Z
2026-08-05T11:45:45Z,2026-08-05T13:45:45+0200,eaa53f57-a911-4834-9b60-40ab8a7aba1f,2026-07-10T03:15:00Z,2026-07-10T05:15:00+0200,253.91036,MW,DE,DE_LU,forecast_solar_generation,Solar,2026-08-05T11:47:58Z
2026-08-05T11:45:45Z,2026-08-05T13:45:45+0200,eaa53f57-a911-4834-9b60-40ab8a7aba1f,2026-07-10T03:30:00Z,2026-07-10T05:30:00+0200,615.12363,MW,DE,DE_LU,forecast_solar_generation,Solar,2026-08-05T11:47:58Z
2026-08-05T11:45:45Z,2026-08-05T13:45:45+0200,eaa53f57-a911-4834-9b60-40ab8a7aba1f,2026-07-10T03:45:00Z,2026-07-10T05:45:00+0200,1259.8272,MW,DE,DE_LU,forecast_solar_generation,Solar,2026-08-05T11:47:58Z
2026-08-05T11:45:45Z,2026-08-05T13:45:45+0200,eaa53f57-a911-4834-9b60-40ab8a7aba1f,2026-07-10T04:00:00Z,2026-07-10T06:00:00+0200,2188.85566,MW,DE,DE_LU,forecast_solar_generation,Solar,2026-08-05T11:47:58Z
2026-08-05T11:45:45Z,2026-08-05T13:45:45+0200,eaa53f57-a911-4834-9b60-40ab8a7aba1f,2026-07-10T04:15:00Z,2026-07-10T06:15:00+0200,3317.72372,MW,DE,DE_LU,forecast_solar_generation,Solar,2026-08-05T11:47:58Z
2026-08-05T11:45:45Z,2026-08-05T13:45:45+0200,eaa53f57-a911-4834-9b60-40ab8a7aba1f,2026-07-10T04:30:00Z,2026-07-10T06:30:00+0200,4652.21461,MW,DE,DE_LU,forecast_solar_generation,Solar,2026-08-05T11:47:58Z
2026-08-05T11:45:45Z,2026-08-05T13:45:45+0200,eaa53f57-a911-4834-9b60-40ab8a7aba1f,2026-07-10T04:45:00Z,2026-07-10T06:45:00+0200,6235.1166,MW,DE,DE_LU,forecast_solar_generation,Solar,2026-08-05T11:47:58Z
2026-08-05T11:45:45Z,2026-08-05T13:45:45+0200,eaa53f57-a911-4834-9b60-40ab8a7aba1f,2026-07-10T05:00:00Z,2026-07-10T07:00:00+0200,8153.11907,MW,DE,DE_LU,forecast_solar_generation,Solar,2026-08-05T11:47:58Z
2026-08-05T11:45:45Z,2026-08-05T13:45:45+0200,eaa53f57-a911-4834-9b60-40ab8a7aba1f,2026-07-10T05:15:00Z,2026-07-10T07:15:00+0200,10473.30946,MW,DE,DE_LU,forecast_solar_generation,Solar,2026-08-05T11:47:58Z
2026-08-05T11:45:45Z,2026-08-05T13:45:45+0200,eaa53f57-a911-4834-9b60-40ab8a7aba1f,2026-07-10T05:30:00Z,2026-07-10T07:30:00+0200,13173.66694,MW,DE,DE_LU,forecast_solar_generation,Solar,2026-08-05T11:47:58Z
2026-08-05T11:45:45Z,2026-08-05T13:45:45+0200,eaa53f57-a911-4834-9b60-40ab8a7aba1f,2026-07-10T05:45:00Z,2026-07-10T07:45:00+0200,16100.88644,MW,DE,DE_LU,forecast_solar_generation,Solar,2026-08-05T11:47:58Z
2026-08-05T11:45:45Z,2026-08-05T13:45:45+0200,eaa53f57-a911-4834-9b60-40ab8a7aba1f,2026-07-10T06:00:00Z,2026-07-10T08:00:00+0200,19141.04095,MW,DE,DE_LU,forecast_solar_generation,Solar,2026-08-05T11:47:58Z
2026-08-05T11:45:45Z,2026-08-05T13:45:45+0200,eaa53f57-a911-4834-9b60-40ab8a7aba1f,2026-07-10T06:15:00Z,2026-07-10T08:15:00+0200,22231.1703,MW,DE,DE_LU,forecast_solar_generation,Solar,2026-08-05T11:47:58Z
2026-08-05T11:45:45Z,2026-08-05T13:45:45+0200,eaa53f57-a911-4834-9b60-40ab8a7aba1f,2026-07-10T06:30:00Z,2026-07-10T08:30:00+0200,25266.92794,MW,DE,DE_LU,forecast_solar_generation,Solar,2026-08-05T11:47:58Z
2026-08-05T11:45:45Z,2026-08-05T13:45:45+0200,eaa53f57-a911-4834-9b60-40ab8a7aba1f,2026-07-10T06:45:00Z,2026-07-10T08:45:00+0200,28194.70262,MW,DE,DE_LU,forecast_solar_generation,Solar,2026-08-05T11:47:58Z
2026-08-05T11:45:45Z,2026-08-05T13:45:45+0200,eaa53f57-a911-4834-9b60-40ab8a7aba1f,2026-07-10T07:00:00Z,2026-07-10T09:00:00+0200,30987.36394,MW,DE,DE_LU,forecast_solar_generation,Solar,2026-08-05T11:47:58Z
2026-08-05T11:45:45Z,2026-08-05T13:45:45+0200,eaa53f57-a911-4834-9b60-40ab8a7aba1f,2026-07-10T07:15:00Z,2026-07-10T09:15:00+0200,33662.65892,MW,DE,DE_LU,forecast_solar_generation,Solar,2026-08-05T11:47:58Z
2026-08-05T11:45:45Z,2026-08-05T13:45:45+0200,eaa53f57-a911-4834-9b60-40ab8a7aba1f,2026-07-10T07:30:00Z,2026-07-10T09:30:00+0200,36232.44111,MW,DE,DE_LU,forecast_solar_generation,Solar,2026-08-05T11:47:58Z
2026-08-05T11:45:45Z,2026-08-05T13:45:45+0200,eaa53f57-a911-4834-9b60-40ab8a7aba1f,2026-07-10T07:45:00Z,2026-07-10T09:45:00+0200,38644.71479,MW,DE,DE_LU,forecast_solar_generation,Solar,2026-08-05T11:47:58Z
2026-08-05T11:45:45Z,2026-08-05T13:45:45+0200,eaa53f57-a911-4834-9b60-40ab8a7aba1f,2026-07-10T08:00:00Z,2026-07-10T10:00:00+0200,40852.49576,MW,DE,DE_LU,forecast_solar_generation,Solar,2026-08-05T11:47:58Z
2026-08-05T11:45:45Z,2026-08-05T13:45:45+0200,eaa53f57-a911-4834-9b60-40ab8a7aba1f,2026-07-10T08:15:00Z,2026-07-10T10:15:00+0200,42886.04941,MW,DE,DE_LU,forecast_solar_generation,Solar,2026-08-05T11:47:58Z
2026-08-05T11:45:45Z,2026-08-05T13:45:45+0200,eaa53f57-a911-4834-9b60-40ab8a7aba1f,2026-07-10T08:30:00Z,2026-07-10T10:30:00+0200,44780.21703,MW,DE,DE_LU,forecast_solar_generation,Solar,2026-08-05T11:47:58Z
2026-08-05T11:45:45Z,2026-08-05T13:45:45+0200,eaa53f57-a911-4834-9b60-40ab8a7aba1f,2026-07-10T08:45:00Z,2026-07-10T10:45:00+0200,46536.31261,MW,DE,DE_LU,forecast_solar_generation,Solar,2026-08-05T11:47:58Z
2026-08-05T11:45:45Z,2026-08-05T13:45:45+0200,eaa53f57-a911-4834-9b60-40ab8a7aba1f,2026-07-10T09:00:00Z,2026-07-10T11:00:00+0200,48091.35508,MW,DE,DE_LU,forecast_solar_generation,Solar,2026-08-05T11:47:58Z
2026-08-05T11:45:45Z,2026-08-05T13:45:45+0200,eaa53f57-a911-4834-9b60-40ab8a7aba1f,2026-07-10T09:15:00Z,2026-07-10T11:15:00+0200,49542.22371,MW,DE,DE_LU,forecast_solar_generation,Solar,2026-08-05T11:47:58Z
2026-08-05T11:45:45Z,2026-08-05T13:45:45+0200,eaa53f57-a911-4834-9b60-40ab8a7aba1f,2026-07-10T09:30:00Z,2026-07-10T11:30:00+0200,50805.22519,MW,DE,DE_LU,forecast_solar_generation,Solar,2026-08-05T11:47:58Z
2026-08-05T11:45:45Z,2026-08-05T13:45:45+0200,eaa53f57-a911-4834-9b60-40ab8a7aba1f,2026-07-10T09:45:00Z,2026-07-10T11:45:00+0200,51952.01789,MW,DE,DE_LU,forecast_solar_generation,Solar,2026-08-05T11:47:58Z
2026-08-05T11:45:45Z,2026-08-05T13:45:45+0200,eaa53f57-a911-4834-9b60-40ab8a7aba1f,2026-07-10T10:00:00Z,2026-07-10T12:00:00+0200,52876.81086,MW,DE,DE_LU,forecast_solar_generation,Solar,2026-08-05T11:47:58Z
2026-08-05T11:45:45Z,2026-08-05T13:45:45+0200,eaa53f57-a911-4834-9b60-40ab8a7aba1f,2026-07-10T10:15:00Z,2026-07-10T12:15:00+0200,53617.90163,MW,DE,DE_LU,forecast_solar_generation,Solar,2026-08-05T11:47:58Z
2026-08-05T11:45:45Z,2026-08-05T13:45:45+0200,eaa53f57-a911-4834-9b60-40ab8a7aba1f,2026-07-10T10:30:00Z,2026-07-10T12:30:00+0200,54216.52349,MW,DE,DE_LU,forecast_solar_generation,Solar,2026-08-05T11:47:58Z
2026-08-05T11:45:45Z,2026-08-05T13:45:45+0200,eaa53f57-a911-4834-9b60-40ab8a7aba1f,2026-07-10T10:45:00Z,2026-07-10T12:45:00+0200,54571.50352,MW,DE,DE_LU,forecast_solar_generation,Solar,2026-08-05T11:47:58Z
2026-08-05T11:45:45Z,2026-08-05T13:45:45+0200,eaa53f57-a911-4834-9b60-40ab8a7aba1f,2026-07-10T11:00:00Z,2026-07-10T13:00:00+0200,54760.56375,MW,DE,DE_LU,forecast_solar_generation,Solar,2026-08-05T11:47:58Z
2026-08-05T11:45:45Z,2026-08-05T13:45:45+0200,eaa53f57-a911-4834-9b60-40ab8a7aba1f,2026-07-10T11:15:00Z,2026-07-10T13:15:00+0200,54767.76064,MW,DE,DE_LU,forecast_solar_generation,Solar,2026-08-05T11:47:58Z
2026-08-05T11:45:45Z,2026-08-05T13:45:45+0200,eaa53f57-a911-4834-9b60-40ab8a7aba1f,2026-07-10T11:30:00Z,2026-07-10T13:30:00+0200,54640.43244,MW,DE,DE_LU,forecast_solar_generation,Solar,2026-08-05T11:47:58Z
2026-08-05T11:45:45Z,2026-08-05T13:45:45+0200,eaa53f57-a911-4834-9b60-40ab8a7aba1f,2026-07-10T11:45:00Z,2026-07-10T13:45:00+0200,54290.74481,MW,DE,DE_LU,forecast_solar_generation,Solar,2026-08-05T11:47:58Z
2026-08-05T11:45:45Z,2026-08-05T13:45:45+0200,eaa53f57-a911-4834-9b60-40ab8a7aba1f,2026-07-10T12:00:00Z,2026-07-10T14:00:00+0200,53790.71916,MW,DE,DE_LU,forecast_solar_generation,Solar,2026-08-05T11:47:58Z
2026-08-05T11:45:45Z,2026-08-05T13:45:45+0200,eaa53f57-a911-4834-9b60-40ab8a7aba1f,2026-07-10T12:15:00Z,2026-07-10T14:15:00+0200,53116.51321,MW,DE,DE_LU,forecast_solar_generation,Solar,2026-08-05T11:47:58Z
2026-08-05T11:45:45Z,2026-08-05T13:45:45+0200,eaa53f57-a911-4834-9b60-40ab8a7aba1f,2026-07-10T12:30:00Z,2026-07-10T14:30:00+0200,52300.85615,MW,DE,DE_LU,forecast_solar_generation,Solar,2026-08-05T11:47:58Z
2026-08-05T11:45:45Z,2026-08-05T13:45:45+0200,eaa53f57-a911-4834-9b60-40ab8a7aba1f,2026-07-10T12:45:00Z,2026-07-10T14:45:00+0200,51331.45488,MW,DE,DE_LU,forecast_solar_generation,Solar,2026-08-05T11:47:58Z
2026-08-05T11:45:45Z,2026-08-05T13:45:45+0200,eaa53f57-a911-4834-9b60-40ab8a7aba1f,2026-07-10T13:00:00Z,2026-07-10T15:00:00+0200,50166.68808,MW,DE,DE_LU,forecast_solar_generation,Solar,2026-08-05T11:47:58Z
2026-08-05T11:45:45Z,2026-08-05T13:45:45+0200,eaa53f57-a911-4834-9b60-40ab8a7aba1f,2026-07-10T13:15:00Z,2026-07-10T15:15:00+0200,48828.65833,MW,DE,DE_LU,forecast_solar_generation,Solar,2026-08-05T11:47:58Z
2026-08-05T11:45:45Z,2026-08-05T13:45:45+0200,eaa53f57-a911-4834-9b60-40ab8a7aba1f,2026-07-10T13:30:00Z,2026-07-10T15:30:00+0200,47305.07116,MW,DE,DE_LU,forecast_solar_generation,Solar,2026-08-05T11:47:58Z
2026-08-05T11:45:45Z,2026-08-05T13:45:45+0200,eaa53f57-a911-4834-9b60-40ab8a7aba1f,2026-07-10T13:45:00Z,2026-07-10T15:45:00+0200,45713.90473,MW,DE,DE_LU,forecast_solar_generation,Solar,2026-08-05T11:47:58Z
2026-08-05T11:45:45Z,2026-08-05T13:45:45+0200,eaa53f57-a911-4834-9b60-40ab8a7aba1f,2026-07-10T14:00:00Z,2026-07-10T16:00:00+0200,43989.94293,MW,DE,DE_LU,forecast_solar_generation,Solar,2026-08-05T11:47:58Z
2026-08-05T11:45:45Z,2026-08-05T13:45:45+0200,eaa53f57-a911-4834-9b60-40ab8a7aba1f,2026-07-10T14:15:00Z,2026-07-10T16:15:00+0200,42140.93031,MW,DE,DE_LU,forecast_solar_generation,Solar,2026-08-05T11:47:58Z
2026-08-05T11:45:45Z,2026-08-05T13:45:45+0200,eaa53f57-a911-4834-9b60-40ab8a7aba1f,2026-07-10T14:30:00Z,2026-07-10T16:30:00+0200,40128.31054,MW,DE,DE_LU,forecast_solar_generation,Solar,2026-08-05T11:47:58Z
2026-08-05T11:45:45Z,2026-08-05T13:45:45+0200,eaa53f57-a911-4834-9b60-40ab8a7aba1f,2026-07-10T14:45:00Z,2026-07-10T16:45:00+0200,37944.71331,MW,DE,DE_LU,forecast_solar_generation,Solar,2026-08-05T11:47:58Z
2026-08-05T11:45:45Z,2026-08-05T13:45:45+0200,eaa53f57-a911-4834-9b60-40ab8a7aba1f,2026-07-10T15:00:00Z,2026-07-10T17:00:00+0200,35543.13904,MW,DE,DE_LU,forecast_solar_generation,Solar,2026-08-05T11:47:58Z
2026-08-05T11:45:45Z,2026-08-05T13:45:45+0200,eaa53f57-a911-4834-9b60-40ab8a7aba1f,2026-07-10T15:15:00Z,2026-07-10T17:15:00+0200,32974.18457,MW,DE,DE_LU,forecast_solar_generation,Solar,2026-08-05T11:47:58Z
2026-08-05T11:45:45Z,2026-08-05T13:45:45+0200,eaa53f57-a911-4834-9b60-40ab8a7aba1f,2026-07-10T15:30:00Z,2026-07-10T17:30:00+0200,30259.92571,MW,DE,DE_LU,forecast_solar_generation,Solar,2026-08-05T11:47:58Z
2026-08-05T11:45:45Z,2026-08-05T13:45:45+0200,eaa53f57-a911-4834-9b60-40ab8a7aba1f,2026-07-10T15:45:00Z,2026-07-10T17:45:00+0200,27472.71349,MW,DE,DE_LU,forecast_solar_generation,Solar,2026-08-05T11:47:58Z
2026-08-05T11:45:45Z,2026-08-05T13:45:45+0200,eaa53f57-a911-4834-9b60-40ab8a7aba1f,2026-07-10T16:00:00Z,2026-07-10T18:00:00+0200,24591.11711,MW,DE,DE_LU,forecast_solar_generation,Solar,2026-08-05T11:47:58Z
2026-08-05T11:45:45Z,2026-08-05T13:45:45+0200,eaa53f57-a911-4834-9b60-40ab8a7aba1f,2026-07-10T16:15:00Z,2026-07-10T18:15:00+0200,21628.15849,MW,DE,DE_LU,forecast_solar_generation,Solar,2026-08-05T11:47:58Z
2026-08-05T11:45:45Z,2026-08-05T13:45:45+0200,eaa53f57-a911-4834-9b60-40ab8a7aba1f,2026-07-10T16:30:00Z,2026-07-10T18:30:00+0200,18635.89915,MW,DE,DE_LU,forecast_solar_generation,Solar,2026-08-05T11:47:58Z
2026-08-05T11:45:45Z,2026-08-05T13:45:45+0200,eaa53f57-a911-4834-9b60-40ab8a7aba1f,2026-07-10T16:45:00Z,2026-07-10T18:45:00+0200,15693.10008,MW,DE,DE_LU,forecast_solar_generation,Solar,2026-08-05T11:47:58Z
2026-08-05T11:45:45Z,2026-08-05T13:45:45+0200,eaa53f57-a911-4834-9b60-40ab8a7aba1f,2026-07-10T17:00:00Z,2026-07-10T19:00:00+0200,12856.6944,MW,DE,DE_LU,forecast_solar_generation,Solar,2026-08-05T11:47:58Z
2026-08-05T11:45:45Z,2026-08-05T13:45:45+0200,eaa53f57-a911-4834-9b60-40ab8a7aba1f,2026-07-10T17:15:00Z,2026-07-10T19:15:00+0200,10234.1425,MW,DE,DE_LU,forecast_solar_generation,Solar,2026-08-05T11:47:58Z
2026-08-05T11:45:45Z,2026-08-05T13:45:45+0200,eaa53f57-a911-4834-9b60-40ab8a7aba1f,2026-07-10T17:30:00Z,2026-07-10T19:30:00+0200,7944.68614,MW,DE,DE_LU,forecast_solar_generation,Solar,2026-08-05T11:47:58Z
2026-08-05T11:45:45Z,2026-08-05T13:45:45+0200,eaa53f57-a911-4834-9b60-40ab8a7aba1f,2026-07-10T17:45:00Z,2026-07-10T19:45:00+0200,6073.25775,MW,DE,DE_LU,forecast_solar_generation,Solar,2026-08-05T11:47:58Z
2026-08-05T11:45:45Z,2026-08-05T13:45:45+0200,eaa53f57-a911-4834-9b60-40ab8a7aba1f,2026-07-10T18:00:00Z,2026-07-10T20:00:00+0200,4536.43721,MW,DE,DE_LU,forecast_solar_generation,Solar,2026-08-05T11:47:58Z
2026-08-05T11:45:45Z,2026-08-05T13:45:45+0200,eaa53f57-a911-4834-9b60-40ab8a7aba1f,2026-07-10T18:15:00Z,2026-07-10T20:15:00+0200,3256.24921,MW,DE,DE_LU,forecast_solar_generation,Solar,2026-08-05T11:47:58Z
2026-08-05T11:45:45Z,2026-08-05T13:45:45+0200,eaa53f57-a911-4834-9b60-40ab8a7aba1f,2026-07-10T18:30:00Z,2026-07-10T20:30:00+0200,2175.52273,MW,DE,DE_LU,forecast_solar_generation,Solar,2026-08-05T11:47:58Z
2026-08-05T11:45:45Z,2026-08-05T13:45:45+0200,eaa53f57-a911-4834-9b60-40ab8a7aba1f,2026-07-10T18:45:00Z,2026-07-10T20:45:00+0200,1291.83614,MW,DE,DE_LU,forecast_solar_generation,Solar,2026-08-05T11:47:58Z
2026-08-05T11:45:45Z,2026-08-05T13:45:45+0200,eaa53f57-a911-4834-9b60-40ab8a7aba1f,2026-07-10T19:00:00Z,2026-07-10T21:00:00+0200,618.44857,MW,DE,DE_LU,forecast_solar_generation,Solar,2026-08-05T11:47:58Z
2026-08-05T11:45:45Z,2026-08-05T13:45:45+0200,eaa53f57-a911-4834-9b60-40ab8a7aba1f,2026-07-10T19:15:00Z,2026-07-10T21:15:00+0200,224.58865,MW,DE,DE_LU,forecast_solar_generation,Solar,2026-08-05T11:47:58Z
2026-08-05T11:45:45Z,2026-08-05T13:45:45+0200,eaa53f57-a911-4834-9b60-40ab8a7aba1f,2026-07-10T19:30:00Z,2026-07-10T21:30:00+0200,71.48386,MW,DE,DE_LU,forecast_solar_generation,Solar,2026-08-05T11:47:58Z
2026-08-05T11:45:45Z,2026-08-05T13:45:45+0200,eaa53f57-a911-4834-9b60-40ab8a7aba1f,2026-07-10T19:45:00Z,2026-07-10T21:45:00+0200,28.23576,MW,DE,DE_LU,forecast_solar_generation,Solar,2026-08-05T11:47:58Z
2026-08-05T11:45:45Z,2026-08-05T13:45:45+0200,eaa53f57-a911-4834-9b60-40ab8a7aba1f,2026-07-10T20:00:00Z,2026-07-10T22:00:00+0200,4.175,MW,DE,DE_LU,forecast_solar_generation,Solar,2026-08-05T11:47:58Z
2026-08-05T11:45:45Z,2026-08-05T13:45:45+0200,eaa53f57-a911-4834-9b60-40ab8a7aba1f,2026-07-10T20:15:00Z,2026-07-10T22:15:00+0200,0.0,MW,DE,DE_LU,forecast_solar_generation,Solar,2026-08-05T11:47:58Z
2026-08-05T11:45:45Z,2026-08-05T13:45:45+0200,eaa53f57-a911-4834-9b60-40ab8a7aba1f,2026-07-10T20:30:00Z,2026-07-10T22:30:00+0200,0.0,MW,DE,DE_LU,forecast_solar_generation,Solar,2026-08-05T11:47:58Z
2026-08-05T11:45:45Z,2026-08-05T13:45:45+0200,eaa53f57-a911-4834-9b60-40ab8a7aba1f,2026-07-10T20:45:00Z,2026-07-10T22:45:00+0200,0.0,MW,DE,DE_LU,forecast_solar_generation,Solar,2026-08-05T11:47:58Z
2026-08-05T11:45:45Z,2026-08-05T13:45:45+0200,eaa53f57-a911-4834-9b60-40ab8a7aba1f,2026-07-10T21:00:00Z,2026-07-10T23:00:00+0200,0.0,MW,DE,DE_LU,forecast_solar_generation,Solar,2026-08-05T11:47:58Z
2026-08-05T11:45:45Z,2026-08-05T13:45:45+0200,eaa53f57-a911-4834-9b60-40ab8a7aba1f,2026-07-10T21:15:00Z,2026-07-10T23:15:00+0200,0.0,MW,DE,DE_LU,forecast_solar_generation,Solar,2026-08-05T11:47:58Z
2026-08-05T11:45:45Z,2026-08-05T13:45:45+0200,eaa53f57-a911-4834-9b60-40ab8a7aba1f,2026-07-10T21:30:00Z,2026-07-10T23:30:00+0200,0.0,MW,DE,DE_LU,forecast_solar_generation,Solar,2026-08-05T11:47:58Z
2026-08-05T11:45:45Z,2026-08-05T13:45:45+0200,eaa53f57-a911-4834-9b60-40ab8a7aba1f,2026-07-10T21:45:00Z,2026-07-10T23:45:00+0200,0.0,MW,DE,DE_LU,forecast_solar_generation,Solar,2026-08-05T11:47:58Z
2026-08-05T11:45:45Z,2026-08-05T13:45:45+0200,eaa53f57-a911-4834-9b60-40ab8a7aba1f,2026-07-10T22:00:00Z,2026-07-11T00:00:00+0200,0.0,MW,DE,DE_LU,forecast_solar_generation,Solar,2026-08-05T11:47:58Z
2026-08-05T11:45:45Z,2026-08-05T13:45:45+0200,eaa53f57-a911-4834-9b60-40ab8a7aba1f,2026-07-10T22:15:00Z,2026-07-11T00:15:00+0200,0.0,MW,DE,DE_LU,forecast_solar_generation,Solar,2026-08-05T11:47:58Z
2026-08-05T11:45:45Z,2026-08-05T13:45:45+0200,eaa53f57-a911-4834-9b60-40ab8a7aba1f,2026-07-10T22:30:00Z,2026-07-11T00:30:00+0200,0.0,MW,DE,DE_LU,forecast_solar_generation,Solar,2026-08-05T11:47:58Z
2026-08-05T11:45:45Z,2026-08-05T13:45:45+0200,eaa53f57-a911-4834-9b60-40ab8a7aba1f,2026-07-10T22:45:00Z,2026-07-11T00:45:00+0200,0.0,MW,DE,DE_LU,forecast_solar_generation,Solar,2026-08-05T11:47:58Z
2026-08-05T11:45:45Z,2026-08-05T13:45:45+0200,eaa53f57-a911-4834-9b60-40ab8a7aba1f,2026-07-10T23:00:00Z,2026-07-11T01:00:00+0200,0.0,MW,DE,DE_LU,forecast_solar_generation,Solar,2026-08-05T11:47:58Z
2026-08-05T11:45:45Z,2026-08-05T13:45:45+0200,eaa53f57-a911-4834-9b60-40ab8a7aba1f,2026-07-10T23:15:00Z,2026-07-11T01:15:00+0200,0.0,MW,DE,DE_LU,forecast_solar_generation,Solar,2026-08-05T11:47:58Z
2026-08-05T11:45:45Z,2026-08-05T13:45:45+0200,eaa53f57-a911-4834-9b60-40ab8a7aba1f,2026-07-10T23:30:00Z,2026-07-11T01:30:00+0200,0.0,MW,DE,DE_LU,forecast_solar_generation,Solar,2026-08-05T11:47:58Z
2026-08-05T11:45:45Z,2026-08-05T13:45:45+0200,eaa53f57-a911-4834-9b60-40ab8a7aba1f,2026-07-10T23:45:00Z,2026-07-11T01:45:00+0200,0.0,MW,DE,DE_LU,forecast_solar_generation,Solar,2026-08-05T11:47:58Z
2026-08-05T11:45:45Z,2026-08-05T13:45:45+0200,eaa53f57-a911-4834-9b60-40ab8a7aba1f,2026-07-11T00:00:00Z,2026-07-11T02:00:00+0200,0.0,MW,DE,DE_LU,forecast_solar_generation,Solar,2026-08-05T11:47:58Z
2026-08-05T11:45:45Z,2026-08-05T13:45:45+0200,eaa53f57-a911-4834-9b60-40ab8a7aba1f,2026-07-11T00:15:00Z,2026-07-11T02:15:00+0200,0.0,MW,DE,DE_LU,forecast_solar_generation,Solar,2026-08-05T11:47:58Z
2026-08-05T11:45:45Z,2026-08-05T13:45:45+0200,eaa53f57-a911-4834-9b60-40ab8a7aba1f,2026-07-11T00:30:00Z,2026-07-11T02:30:00+0200,0.0,MW,DE,DE_LU,forecast_solar_generation,Solar,2026-08-05T11:47:58Z
2026-08-05T11:45:45Z,2026-08-05T13:45:45+0200,eaa53f57-a911-4834-9b60-40ab8a7aba1f,2026-07-11T00:45:00Z,2026-07-11T02:45:00+0200,0.0,MW,DE,DE_LU,forecast_solar_generation,Solar,2026-08-05T11:47:58Z
2026-08-05T11:45:45Z,2026-08-05T13:45:45+0200,eaa53f57-a911-4834-9b60-40ab8a7aba1f,2026-07-11T01:00:00Z,2026-07-11T03:00:00+0200,0.0,MW,DE,DE_LU,forecast_solar_generation,Solar,2026-08-05T11:47:58Z
2026-08-05T11:45:45Z,2026-08-05T13:45:45+0200,eaa53f57-a911-4834-9b60-40ab8a7aba1f,2026-07-11T01:15:00Z,2026-07-11T03:15:00+0200,0.0,MW,DE,DE_LU,forecast_solar_generation,Solar,2026-08-05T11:47:58Z
2026-08-05T11:45:45Z,2026-08-05T13:45:45+0200,eaa53f57-a911-4834-9b60-40ab8a7aba1f,2026-07-11T01:30:00Z,2026-07-11T03:30:00+0200,0.0,MW,DE,DE_LU,forecast_solar_generation,Solar,2026-08-05T11:47:58Z
2026-08-05T11:45:45Z,2026-08-05T13:45:45+0200,eaa53f57-a911-4834-9b60-40ab8a7aba1f,2026-07-11T01:45:00Z,2026-07-11T03:45:00+0200,0.0,MW,DE,DE_LU,forecast_solar_generation,Solar,2026-08-05T11:47:58Z
2026-08-05T11:45:45Z,2026-08-05T13:45:45+0200,eaa53f57-a911-4834-9b60-40ab8a7aba1f,2026-07-11T02:00:00Z,2026-07-11T04:00:00+0200,0.0,MW,DE,DE_LU,forecast_solar_generation,Solar,2026-08-05T11:47:58Z
2026-08-05T11:45:45Z,2026-08-05T13:45:45+0200,eaa53f57-a911-4834-9b60-40ab8a7aba1f,2026-07-11T02:15:00Z,2026-07-11T04:15:00+0200,0.0,MW,DE,DE_LU,forecast_solar_generation,Solar,2026-08-05T11:47:58Z
2026-08-05T11:45:45Z,2026-08-05T13:45:45+0200,eaa53f57-a911-4834-9b60-40ab8a7aba1f,2026-07-11T02:30:00Z,2026-07-11T04:30:00+0200,0.0,MW,DE,DE_LU,forecast_solar_generation,Solar,2026-08-05T11:47:58Z
2026-08-05T11:45:45Z,2026-08-05T13:45:45+0200,eaa53f57-a911-4834-9b60-40ab8a7aba1f,2026-07-11T02:45:00Z,2026-07-11T04:45:00+0200,5.27,MW,DE,DE_LU,forecast_solar_generation,Solar,2026-08-05T11:47:58Z
2026-08-05T11:45:45Z,2026-08-05T13:45:45+0200,eaa53f57-a911-4834-9b60-40ab8a7aba1f,2026-07-11T03:00:00Z,2026-07-11T05:00:00+0200,61.88674,MW,DE,DE_LU,forecast_solar_generation,Solar,2026-08-05T11:47:58Z
2026-08-05T11:45:45Z,2026-08-05T13:45:45+0200,eaa53f57-a911-4834-9b60-40ab8a7aba1f,2026-07-11T03:15:00Z,2026-07-11T05:15:00+0200,211.61336,MW,DE,DE_LU,forecast_solar_generation,Solar,2026-08-05T11:47:58Z
2026-08-05T11:45:45Z,2026-08-05T13:45:45+0200,eaa53f57-a911-4834-9b60-40ab8a7aba1f,2026-07-11T03:30:00Z,2026-07-11T05:30:00+0200,605.5979,MW,DE,DE_LU,forecast_solar_generation,Solar,2026-08-05T11:47:58Z
2026-08-05T11:45:45Z,2026-08-05T13:45:45+0200,eaa53f57-a911-4834-9b60-40ab8a7aba1f,2026-07-11T03:45:00Z,2026-07-11T05:45:00+0200,1256.40003,MW,DE,DE_LU,forecast_solar_generation,Solar,2026-08-05T11:47:58Z
2026-08-05T11:45:45Z,2026-08-05T13:45:45+0200,eaa53f57-a911-4834-9b60-40ab8a7aba1f,2026-07-11T04:00:00Z,2026-07-11T06:00:00+0200,2188.59467,MW,DE,DE_LU,forecast_solar_generation,Solar,2026-08-05T11:47:58Z
2026-08-05T11:45:45Z,2026-08-05T13:45:45+0200,eaa53f57-a911-4834-9b60-40ab8a7aba1f,2026-07-11T04:15:00Z,2026-07-11T06:15:00+0200,3319.45192,MW,DE,DE_LU,forecast_solar_generation,Solar,2026-08-05T11:47:58Z
2026-08-05T11:45:45Z,2026-08-05T13:45:45+0200,eaa53f57-a911-4834-9b60-40ab8a7aba1f,2026-07-11T04:30:00Z,2026-07-11T06:30:00+0200,4658.98083,MW,DE,DE_LU,forecast_solar_generation,Solar,2026-08-05T11:47:58Z
2026-08-05T11:45:45Z,2026-08-05T13:45:45+0200,eaa53f57-a911-4834-9b60-40ab8a7aba1f,2026-07-11T04:45:00Z,2026-07-11T06:45:00+0200,6262.40805,MW,DE,DE_LU,forecast_solar_generation,Solar,2026-08-05T11:47:58Z
2026-08-05T11:45:45Z,2026-08-05T13:45:45+0200,eaa53f57-a911-4834-9b60-40ab8a7aba1f,2026-07-11T05:00:00Z,2026-07-11T07:00:00+0200,8280.08724,MW,DE,DE_LU,forecast_solar_generation,Solar,2026-08-05T11:47:58Z
2026-08-05T11:45:45Z,2026-08-05T13:45:45+0200,eaa53f57-a911-4834-9b60-40ab8a7aba1f,2026-07-11T05:15:00Z,2026-07-11T07:15:00+0200,10722.98955,MW,DE,DE_LU,forecast_solar_generation,Solar,2026-08-05T11:47:58Z
2026-08-05T11:45:45Z,2026-08-05T13:45:45+0200,eaa53f57-a911-4834-9b60-40ab8a7aba1f,2026-07-11T05:30:00Z,2026-07-11T07:30:00+0200,13580.00407,MW,DE,DE_LU,forecast_solar_generation,Solar,2026-08-05T11:47:58Z
2026-08-05T11:45:45Z,2026-08-05T13:45:45+0200,eaa53f57-a911-4834-9b60-40ab8a7aba1f,2026-07-11T05:45:00Z,2026-07-11T07:45:00+0200,16666.74464,MW,DE,DE_LU,forecast_solar_generation,Solar,2026-08-05T11:47:58Z
2026-08-05T11:45:45Z,2026-08-05T13:45:45+0200,eaa53f57-a911-4834-9b60-40ab8a7aba1f,2026-07-11T06:00:00Z,2026-07-11T08:00:00+0200,19893.20285,MW,DE,DE_LU,forecast_solar_generation,Solar,2026-08-05T11:47:58Z
2026-08-05T11:45:45Z,2026-08-05T13:45:45+0200,eaa53f57-a911-4834-9b60-40ab8a7aba1f,2026-07-11T06:15:00Z,2026-07-11T08:15:00+0200,23165.38715,MW,DE,DE_LU,forecast_solar_generation,Solar,2026-08-05T11:47:58Z
2026-08-05T11:45:45Z,2026-08-05T13:45:45+0200,eaa53f57-a911-4834-9b60-40ab8a7aba1f,2026-07-11T06:30:00Z,2026-07-11T08:30:00+0200,26370.50806,MW,DE,DE_LU,forecast_solar_generation,Solar,2026-08-05T11:47:58Z
2026-08-05T11:45:45Z,2026-08-05T13:45:45+0200,eaa53f57-a911-4834-9b60-40ab8a7aba1f,2026-07-11T06:45:00Z,2026-07-11T08:45:00+0200,29417.60922,MW,DE,DE_LU,forecast_solar_generation,Solar,2026-08-05T11:47:58Z
2026-08-05T11:45:45Z,2026-08-05T13:45:45+0200,eaa53f57-a911-4834-9b60-40ab8a7aba1f,2026-07-11T07:00:00Z,2026-07-11T09:00:00+0200,32330.62921,MW,DE,DE_LU,forecast_solar_generation,Solar,2026-08-05T11:47:58Z
2026-08-05T11:45:45Z,2026-08-05T13:45:45+0200,eaa53f57-a911-4834-9b60-40ab8a7aba1f,2026-07-11T07:15:00Z,2026-07-11T09:15:00+0200,35129.45604,MW,DE,DE_LU,forecast_solar_generation,Solar,2026-08-05T11:47:58Z
2026-08-05T11:45:45Z,2026-08-05T13:45:45+0200,eaa53f57-a911-4834-9b60-40ab8a7aba1f,2026-07-11T07:30:00Z,2026-07-11T09:30:00+0200,37709.34699,MW,DE,DE_LU,forecast_solar_generation,Solar,2026-08-05T11:47:58Z
2026-08-05T11:45:45Z,2026-08-05T13:45:45+0200,eaa53f57-a911-4834-9b60-40ab8a7aba1f,2026-07-11T07:45:00Z,2026-07-11T09:45:00+0200,40107.60301,MW,DE,DE_LU,forecast_solar_generation,Solar,2026-08-05T11:47:58Z
2026-08-05T11:45:45Z,2026-08-05T13:45:45+0200,eaa53f57-a911-4834-9b60-40ab8a7aba1f,2026-07-11T08:00:00Z,2026-07-11T10:00:00+0200,42180.40829,MW,DE,DE_LU,forecast_solar_generation,Solar,2026-08-05T11:47:58Z
2026-08-05T11:45:45Z,2026-08-05T13:45:45+0200,eaa53f57-a911-4834-9b60-40ab8a7aba1f,2026-07-11T08:15:00Z,2026-07-11T10:15:00+0200,44042.07367,MW,DE,DE_LU,forecast_solar_generation,Solar,2026-08-05T11:47:58Z
2026-08-05T11:45:45Z,2026-08-05T13:45:45+0200,eaa53f57-a911-4834-9b60-40ab8a7aba1f,2026-07-11T08:30:00Z,2026-07-11T10:30:00+0200,45649.63965,MW,DE,DE_LU,forecast_solar_generation,Solar,2026-08-05T11:47:58Z
2026-08-05T11:45:45Z,2026-08-05T13:45:45+0200,eaa53f57-a911-4834-9b60-40ab8a7aba1f,2026-07-11T08:45:00Z,2026-07-11T10:45:00+0200,47193.87164,MW,DE,DE_LU,forecast_solar_generation,Solar,2026-08-05T11:47:58Z
2026-08-05T11:45:45Z,2026-08-05T13:45:45+0200,eaa53f57-a911-4834-9b60-40ab8a7aba1f,2026-07-11T09:00:00Z,2026-07-11T11:00:00+0200,48529.67131,MW,DE,DE_LU,forecast_solar_generation,Solar,2026-08-05T11:47:58Z
2026-08-05T11:45:45Z,2026-08-05T13:45:45+0200,eaa53f57-a911-4834-9b60-40ab8a7aba1f,2026-07-11T09:15:00Z,2026-07-11T11:15:00+0200,49776.93441,MW,DE,DE_LU,forecast_solar_generation,Solar,2026-08-05T11:47:58Z
2026-08-05T11:45:45Z,2026-08-05T13:45:45+0200,eaa53f57-a911-4834-9b60-40ab8a7aba1f,2026-07-11T09:30:00Z,2026-07-11T11:30:00+0200,50739.21573,MW,DE,DE_LU,forecast_solar_generation,Solar,2026-08-05T11:47:58Z
2026-08-05T11:45:45Z,2026-08-05T13:45:45+0200,eaa53f57-a911-4834-9b60-40ab8a7aba1f,2026-07-11T09:45:00Z,2026-07-11T11:45:00+0200,51541.11848,MW,DE,DE_LU,forecast_solar_generation,Solar,2026-08-05T11:47:58Z
2026-08-05T11:45:45Z,2026-08-05T13:45:45+0200,eaa53f57-a911-4834-9b60-40ab8a7aba1f,2026-07-11T10:00:00Z,2026-07-11T12:00:00+0200,52069.83508,MW,DE,DE_LU,forecast_solar_generation,Solar,2026-08-05T11:47:58Z
2026-08-05T11:45:45Z,2026-08-05T13:45:45+0200,eaa53f57-a911-4834-9b60-40ab8a7aba1f,2026-07-11T10:15:00Z,2026-07-11T12:15:00+0200,52376.26902,MW,DE,DE_LU,forecast_solar_generation,Solar,2026-08-05T11:47:58Z
2026-08-05T11:45:45Z,2026-08-05T13:45:45+0200,eaa53f57-a911-4834-9b60-40ab8a7aba1f,2026-07-11T10:30:00Z,2026-07-11T12:30:00+0200,52650.03543,MW,DE,DE_LU,forecast_solar_generation,Solar,2026-08-05T11:47:58Z
2026-08-05T11:45:45Z,2026-08-05T13:45:45+0200,eaa53f57-a911-4834-9b60-40ab8a7aba1f,2026-07-11T10:45:00Z,2026-07-11T12:45:00+0200,52731.04427,MW,DE,DE_LU,forecast_solar_generation,Solar,2026-08-05T11:47:58Z
2026-08-05T11:45:45Z,2026-08-05T13:45:45+0200,eaa53f57-a911-4834-9b60-40ab8a7aba1f,2026-07-11T11:00:00Z,2026-07-11T13:00:00+0200,52751.75856,MW,DE,DE_LU,forecast_solar_generation,Solar,2026-08-05T11:47:58Z
2026-08-05T11:45:45Z,2026-08-05T13:45:45+0200,eaa53f57-a911-4834-9b60-40ab8a7aba1f,2026-07-11T11:15:00Z,2026-07-11T13:15:00+0200,52630.31293,MW,DE,DE_LU,forecast_solar_generation,Solar,2026-08-05T11:47:58Z
2026-08-05T11:45:45Z,2026-08-05T13:45:45+0200,eaa53f57-a911-4834-9b60-40ab8a7aba1f,2026-07-11T11:30:00Z,2026-07-11T13:30:00+0200,52445.2808,MW,DE,DE_LU,forecast_solar_generation,Solar,2026-08-05T11:47:58Z
2026-08-05T11:45:45Z,2026-08-05T13:45:45+0200,eaa53f57-a911-4834-9b60-40ab8a7aba1f,2026-07-11T11:45:00Z,2026-07-11T13:45:00+0200,52056.6555,MW,DE,DE_LU,forecast_solar_generation,Solar,2026-08-05T11:47:58Z
2026-08-05T11:45:45Z,2026-08-05T13:45:45+0200,eaa53f57-a911-4834-9b60-40ab8a7aba1f,2026-07-11T12:00:00Z,2026-07-11T14:00:00+0200,51615.37299,MW,DE,DE_LU,forecast_solar_generation,Solar,2026-08-05T11:47:58Z
2026-08-05T11:45:45Z,2026-08-05T13:45:45+0200,eaa53f57-a911-4834-9b60-40ab8a7aba1f,2026-07-11T12:15:00Z,2026-07-11T14:15:00+0200,50972.03619,MW,DE,DE_LU,forecast_solar_generation,Solar,2026-08-05T11:47:58Z
2026-08-05T11:45:45Z,2026-08-05T13:45:45+0200,eaa53f57-a911-4834-9b60-40ab8a7aba1f,2026-07-11T12:30:00Z,2026-07-11T14:30:00+0200,50297.75747,MW,DE,DE_LU,forecast_solar_generation,Solar,2026-08-05T11:47:58Z
2026-08-05T11:45:45Z,2026-08-05T13:45:45+0200,eaa53f57-a911-4834-9b60-40ab8a7aba1f,2026-07-11T12:45:00Z,2026-07-11T14:45:00+0200,49496.92553,MW,DE,DE_LU,forecast_solar_generation,Solar,2026-08-05T11:47:58Z
2026-08-05T11:45:45Z,2026-08-05T13:45:45+0200,eaa53f57-a911-4834-9b60-40ab8a7aba1f,2026-07-11T13:00:00Z,2026-07-11T15:00:00+0200,48492.73331,MW,DE,DE_LU,forecast_solar_generation,Solar,2026-08-05T11:47:58Z
2026-08-05T11:45:45Z,2026-08-05T13:45:45+0200,eaa53f57-a911-4834-9b60-40ab8a7aba1f,2026-07-11T13:15:00Z,2026-07-11T15:15:00+0200,47335.3676,MW,DE,DE_LU,forecast_solar_generation,Solar,2026-08-05T11:47:58Z
2026-08-05T11:45:45Z,2026-08-05T13:45:45+0200,eaa53f57-a911-4834-9b60-40ab8a7aba1f,2026-07-11T13:30:00Z,2026-07-11T15:30:00+0200,45934.83988,MW,DE,DE_LU,forecast_solar_generation,Solar,2026-08-05T11:47:58Z
2026-08-05T11:45:45Z,2026-08-05T13:45:45+0200,eaa53f57-a911-4834-9b60-40ab8a7aba1f,2026-07-11T13:45:00Z,2026-07-11T15:45:00+0200,44493.01042,MW,DE,DE_LU,forecast_solar_generation,Solar,2026-08-05T11:47:58Z
2026-08-05T11:45:45Z,2026-08-05T13:45:45+0200,eaa53f57-a911-4834-9b60-40ab8a7aba1f,2026-07-11T14:00:00Z,2026-07-11T16:00:00+0200,42883.78762,MW,DE,DE_LU,forecast_solar_generation,Solar,2026-08-05T11:47:58Z
2026-08-05T11:45:45Z,2026-08-05T13:45:45+0200,eaa53f57-a911-4834-9b60-40ab8a7aba1f,2026-07-11T14:15:00Z,2026-07-11T16:15:00+0200,41184.30337,MW,DE,DE_LU,forecast_solar_generation,Solar,2026-08-05T11:47:58Z
2026-08-05T11:45:45Z,2026-08-05T13:45:45+0200,eaa53f57-a911-4834-9b60-40ab8a7aba1f,2026-07-11T14:30:00Z,2026-07-11T16:30:00+0200,39306.44417,MW,DE,DE_LU,forecast_solar_generation,Solar,2026-08-05T11:47:58Z
2026-08-05T11:45:45Z,2026-08-05T13:45:45+0200,eaa53f57-a911-4834-9b60-40ab8a7aba1f,2026-07-11T14:45:00Z,2026-07-11T16:45:00+0200,37267.34895,MW,DE,DE_LU,forecast_solar_generation,Solar,2026-08-05T11:47:58Z
2026-08-05T11:45:45Z,2026-08-05T13:45:45+0200,eaa53f57-a911-4834-9b60-40ab8a7aba1f,2026-07-11T15:00:00Z,2026-07-11T17:00:00+0200,35011.43077,MW,DE,DE_LU,forecast_solar_generation,Solar,2026-08-05T11:47:58Z
2026-08-05T11:45:45Z,2026-08-05T13:45:45+0200,eaa53f57-a911-4834-9b60-40ab8a7aba1f,2026-07-11T15:15:00Z,2026-07-11T17:15:00+0200,32600.62513,MW,DE,DE_LU,forecast_solar_generation,Solar,2026-08-05T11:47:58Z
2026-08-05T11:45:45Z,2026-08-05T13:45:45+0200,eaa53f57-a911-4834-9b60-40ab8a7aba1f,2026-07-11T15:30:00Z,2026-07-11T17:30:00+0200,30037.59503,MW,DE,DE_LU,forecast_solar_generation,Solar,2026-08-05T11:47:58Z
2026-08-05T11:45:45Z,2026-08-05T13:45:45+0200,eaa53f57-a911-4834-9b60-40ab8a7aba1f,2026-07-11T15:45:00Z,2026-07-11T17:45:00+0200,27389.11111,MW,DE,DE_LU,forecast_solar_generation,Solar,2026-08-05T11:47:58Z
2026-08-05T11:45:45Z,2026-08-05T13:45:45+0200,eaa53f57-a911-4834-9b60-40ab8a7aba1f,2026-07-11T16:00:00Z,2026-07-11T18:00:00+0200,24652.02151,MW,DE,DE_LU,forecast_solar_generation,Solar,2026-08-05T11:47:58Z
2026-08-05T11:45:45Z,2026-08-05T13:45:45+0200,eaa53f57-a911-4834-9b60-40ab8a7aba1f,2026-07-11T16:15:00Z,2026-07-11T18:15:00+0200,21782.68834,MW,DE,DE_LU,forecast_solar_generation,Solar,2026-08-05T11:47:58Z
2026-08-05T11:45:45Z,2026-08-05T13:45:45+0200,eaa53f57-a911-4834-9b60-40ab8a7aba1f,2026-07-11T16:30:00Z,2026-07-11T18:30:00+0200,18818.13995,MW,DE,DE_LU,forecast_solar_generation,Solar,2026-08-05T11:47:58Z
2026-08-05T11:45:45Z,2026-08-05T13:45:45+0200,eaa53f57-a911-4834-9b60-40ab8a7aba1f,2026-07-11T16:45:00Z,2026-07-11T18:45:00+0200,15878.67096,MW,DE,DE_LU,forecast_solar_generation,Solar,2026-08-05T11:47:58Z
2026-08-05T11:45:45Z,2026-08-05T13:45:45+0200,eaa53f57-a911-4834-9b60-40ab8a7aba1f,2026-07-11T17:00:00Z,2026-07-11T19:00:00+0200,13036.20349,MW,DE,DE_LU,forecast_solar_generation,Solar,2026-08-05T11:47:58Z
2026-08-05T11:45:45Z,2026-08-05T13:45:45+0200,eaa53f57-a911-4834-9b60-40ab8a7aba1f,2026-07-11T17:15:00Z,2026-07-11T19:15:00+0200,10385.6889,MW,DE,DE_LU,forecast_solar_generation,Solar,2026-08-05T11:47:58Z
2026-08-05T11:45:45Z,2026-08-05T13:45:45+0200,eaa53f57-a911-4834-9b60-40ab8a7aba1f,2026-07-11T17:30:00Z,2026-07-11T19:30:00+0200,8069.61288,MW,DE,DE_LU,forecast_solar_generation,Solar,2026-08-05T11:47:58Z
2026-08-05T11:45:45Z,2026-08-05T13:45:45+0200,eaa53f57-a911-4834-9b60-40ab8a7aba1f,2026-07-11T17:45:00Z,2026-07-11T19:45:00+0200,6174.62568,MW,DE,DE_LU,forecast_solar_generation,Solar,2026-08-05T11:47:58Z
2026-08-05T11:45:45Z,2026-08-05T13:45:45+0200,eaa53f57-a911-4834-9b60-40ab8a7aba1f,2026-07-11T18:00:00Z,2026-07-11T20:00:00+0200,4616.35729,MW,DE,DE_LU,forecast_solar_generation,Solar,2026-08-05T11:47:58Z
2026-08-05T11:45:45Z,2026-08-05T13:45:45+0200,eaa53f57-a911-4834-9b60-40ab8a7aba1f,2026-07-11T18:15:00Z,2026-07-11T20:15:00+0200,3315.1689,MW,DE,DE_LU,forecast_solar_generation,Solar,2026-08-05T11:47:58Z
2026-08-05T11:45:45Z,2026-08-05T13:45:45+0200,eaa53f57-a911-4834-9b60-40ab8a7aba1f,2026-07-11T18:30:00Z,2026-07-11T20:30:00+0200,2216.6011,MW,DE,DE_LU,forecast_solar_generation,Solar,2026-08-05T11:47:58Z
2026-08-05T11:45:45Z,2026-08-05T13:45:45+0200,eaa53f57-a911-4834-9b60-40ab8a7aba1f,2026-07-11T18:45:00Z,2026-07-11T20:45:00+0200,1311.89526,MW,DE,DE_LU,forecast_solar_generation,Solar,2026-08-05T11:47:58Z
2026-08-05T11:45:45Z,2026-08-05T13:45:45+0200,eaa53f57-a911-4834-9b60-40ab8a7aba1f,2026-07-11T19:00:00Z,2026-07-11T21:00:00+0200,625.40079,MW,DE,DE_LU,forecast_solar_generation,Solar,2026-08-05T11:47:58Z
2026-08-05T11:45:45Z,2026-08-05T13:45:45+0200,eaa53f57-a911-4834-9b60-40ab8a7aba1f,2026-07-11T19:15:00Z,2026-07-11T21:15:00+0200,229.81939,MW,DE,DE_LU,forecast_solar_generation,Solar,2026-08-05T11:47:58Z
2026-08-05T11:45:45Z,2026-08-05T13:45:45+0200,eaa53f57-a911-4834-9b60-40ab8a7aba1f,2026-07-11T19:30:00Z,2026-07-11T21:30:00+0200,77.09444,MW,DE,DE_LU,forecast_solar_generation,Solar,2026-08-05T11:47:58Z
2026-08-05T11:45:45Z,2026-08-05T13:45:45+0200,eaa53f57-a911-4834-9b60-40ab8a7aba1f,2026-07-11T19:45:00Z,2026-07-11T21:45:00+0200,31.26177,MW,DE,DE_LU,forecast_solar_generation,Solar,2026-08-05T11:47:58Z
2026-08-05T11:45:45Z,2026-08-05T13:45:45+0200,eaa53f57-a911-4834-9b60-40ab8a7aba1f,2026-07-11T20:00:00Z,2026-07-11T22:00:00+0200,4.658,MW,DE,DE_LU,forecast_solar_generation,Solar,2026-08-05T11:47:58Z
2026-08-05T11:45:45Z,2026-08-05T13:45:45+0200,eaa53f57-a911-4834-9b60-40ab8a7aba1f,2026-07-11T20:15:00Z,2026-07-11T22:15:00+0200,0.0,MW,DE,DE_LU,forecast_solar_generation,Solar,2026-08-05T11:47:58Z
2026-08-05T11:45:45Z,2026-08-05T13:45:45+0200,eaa53f57-a911-4834-9b60-40ab8a7aba1f,2026-07-11T20:30:00Z,2026-07-11T22:30:00+0200,0.0,MW,DE,DE_LU,forecast_solar_generation,Solar,2026-08-05T11:47:58Z
2026-08-05T11:45:45Z,2026-08-05T13:45:45+0200,eaa53f57-a911-4834-9b60-40ab8a7aba1f,2026-07-11T20:45:00Z,2026-07-11T22:45:00+0200,0.0,MW,DE,DE_LU,forecast_solar_generation,Solar,2026-08-05T11:47:58Z
2026-08-05T11:45:45Z,2026-08-05T13:45:45+0200,eaa53f57-a911-4834-9b60-40ab8a7aba1f,2026-07-11T21:00:00Z,2026-07-11T23:00:00+0200,0.0,MW,DE,DE_LU,forecast_solar_generation,Solar,2026-08-05T11:47:58Z
2026-08-05T11:45:45Z,2026-08-05T13:45:45+0200,eaa53f57-a911-4834-9b60-40ab8a7aba1f,2026-07-11T21:15:00Z,2026-07-11T23:15:00+0200,0.0,MW,DE,DE_LU,forecast_solar_generation,Solar,2026-08-05T11:47:58Z
2026-08-05T11:45:45Z,2026-08-05T13:45:45+0200,eaa53f57-a911-4834-9b60-40ab8a7aba1f,2026-07-11T21:30:00Z,2026-07-11T23:30:00+0200,0.0,MW,DE,DE_LU,forecast_solar_generation,Solar,2026-08-05T11:47:58Z
2026-08-05T11:45:45Z,2026-08-05T13:45:45+0200,eaa53f57-a911-4834-9b60-40ab8a7aba1f,2026-07-11T21:45:00Z,2026-07-11T23:45:00+0200,0.0,MW,DE,DE_LU,forecast_solar_generation,Solar,2026-08-05T11:47:58Z
2026-08-05T11:45:45Z,2026-08-05T13:45:45+0200,eaa53f57-a911-4834-9b60-40ab8a7aba1f,2026-07-11T22:00:00Z,2026-07-12T00:00:00+0200,0.0,MW,DE,DE_LU,forecast_solar_generation,Solar,2026-08-05T11:47:58Z
2026-08-05T11:45:45Z,2026-08-05T13:45:45+0200,eaa53f57-a911-4834-9b60-40ab8a7aba1f,2026-07-11T22:15:00Z,2026-07-12T00:15:00+0200,0.0,MW,DE,DE_LU,forecast_solar_generation,Solar,2026-08-05T11:47:58Z
2026-08-05T11:45:45Z,2026-08-05T13:45:45+0200,eaa53f57-a911-4834-9b60-40ab8a7aba1f,2026-07-11T22:30:00Z,2026-07-12T00:30:00+0200,0.0,MW,DE,DE_LU,forecast_solar_generation,Solar,2026-08-05T11:47:58Z
2026-08-05T11:45:45Z,2026-08-05T13:45:45+0200,eaa53f57-a911-4834-9b60-40ab8a7aba1f,2026-07-11T22:45:00Z,2026-07-12T00:45:00+0200,0.0,MW,DE,DE_LU,forecast_solar_generation,Solar,2026-08-05T11:47:58Z
2026-08-05T11:45:45Z,2026-08-05T13:45:45+0200,eaa53f57-a911-4834-9b60-40ab8a7aba1f,2026-07-11T23:00:00Z,2026-07-12T01:00:00+0200,0.0,MW,DE,DE_LU,forecast_solar_generation,Solar,2026-08-05T11:47:58Z
2026-08-05T11:45:45Z,2026-08-05T13:45:45+0200,eaa53f57-a911-4834-9b60-40ab8a7aba1f,2026-07-11T23:15:00Z,2026-07-12T01:15:00+0200,0.0,MW,DE,DE_LU,forecast_solar_generation,Solar,2026-08-05T11:47:58Z
2026-08-05T11:45:45Z,2026-08-05T13:45:45+0200,eaa53f57-a911-4834-9b60-40ab8a7aba1f,2026-07-11T23:30:00Z,2026-07-12T01:30:00+0200,0.0,MW,DE,DE_LU,forecast_solar_generation,Solar,2026-08-05T11:47:58Z
2026-08-05T11:45:45Z,2026-08-05T13:45:45+0200,eaa53f57-a911-4834-9b60-40ab8a7aba1f,2026-07-11T23:45:00Z,2026-07-12T01:45:00+0200,0.0,MW,DE,DE_LU,forecast_solar_generation,Solar,2026-08-05T11:47:58Z
2026-08-05T11:45:45Z,2026-08-05T13:45:45+0200,eaa53f57-a911-4834-9b60-40ab8a7aba1f,2026-07-12T00:00:00Z,2026-07-12T02:00:00+0200,0.0,MW,DE,DE_LU,forecast_solar_generation,Solar,2026-08-05T11:47:58Z
2026-08-05T11:45:45Z,2026-08-05T13:45:45+0200,eaa53f57-a911-4834-9b60-40ab8a7aba1f,2026-07-12T00:15:00Z,2026-07-12T02:15:00+0200,0.0,MW,DE,DE_LU,forecast_solar_generation,Solar,2026-08-05T11:47:58Z
2026-08-05T11:45:45Z,2026-08-05T13:45:45+0200,eaa53f57-a911-4834-9b60-40ab8a7aba1f,2026-07-12T00:30:00Z,2026-07-12T02:30:00+0200,0.0,MW,DE,DE_LU,forecast_solar_generation,Solar,2026-08-05T11:47:58Z
2026-08-05T11:45:45Z,2026-08-05T13:45:45+0200,eaa53f57-a911-4834-9b60-40ab8a7aba1f,2026-07-12T00:45:00Z,2026-07-12T02:45:00+0200,0.0,MW,DE,DE_LU,forecast_solar_generation,Solar,2026-08-05T11:47:58Z
2026-08-05T11:45:45Z,2026-08-05T13:45:45+0200,eaa53f57-a911-4834-9b60-40ab8a7aba1f,2026-07-12T01:00:00Z,2026-07-12T03:00:00+0200,0.0,MW,DE,DE_LU,forecast_solar_generation,Solar,2026-08-05T11:47:58Z
2026-08-05T11:45:45Z,2026-08-05T13:45:45+0200,eaa53f57-a911-4834-9b60-40ab8a7aba1f,2026-07-12T01:15:00Z,2026-07-12T03:15:00+0200,0.0,MW,DE,DE_LU,forecast_solar_generation,Solar,2026-08-05T11:47:58Z
2026-08-05T11:45:45Z,2026-08-05T13:45:45+0200,eaa53f57-a911-4834-9b60-40ab8a7aba1f,2026-07-12T01:30:00Z,2026-07-12T03:30:00+0200,0.0,MW,DE,DE_LU,forecast_solar_generation,Solar,2026-08-05T11:47:58Z
2026-08-05T11:45:45Z,2026-08-05T13:45:45+0200,eaa53f57-a911-4834-9b60-40ab8a7aba1f,2026-07-12T01:45:00Z,2026-07-12T03:45:00+0200,0.0,MW,DE,DE_LU,forecast_solar_generation,Solar,2026-08-05T11:47:58Z
2026-08-05T11:45:45Z,2026-08-05T13:45:45+0200,eaa53f57-a911-4834-9b60-40ab8a7aba1f,2026-07-12T02:00:00Z,2026-07-12T04:00:00+0200,0.0,MW,DE,DE_LU,forecast_solar_generation,Solar,2026-08-05T11:47:58Z
2026-08-05T11:45:45Z,2026-08-05T13:45:45+0200,eaa53f57-a911-4834-9b60-40ab8a7aba1f,2026-07-12T02:15:00Z,2026-07-12T04:15:00+0200,0.0,MW,DE,DE_LU,forecast_solar_generation,Solar,2026-08-05T11:47:58Z
2026-08-05T11:45:45Z,2026-08-05T13:45:45+0200,eaa53f57-a911-4834-9b60-40ab8a7aba1f,2026-07-12T02:30:00Z,2026-07-12T04:30:00+0200,0.0,MW,DE,DE_LU,forecast_solar_generation,Solar,2026-08-05T11:47:58Z
2026-08-05T11:45:45Z,2026-08-05T13:45:45+0200,eaa53f57-a911-4834-9b60-40ab8a7aba1f,2026-07-12T02:45:00Z,2026-07-12T04:45:00+0200,0.63,MW,DE,DE_LU,forecast_solar_generation,Solar,2026-08-05T11:47:58Z
2026-08-05T11:45:45Z,2026-08-05T13:45:45+0200,eaa53f57-a911-4834-9b60-40ab8a7aba1f,2026-07-12T03:00:00Z,2026-07-12T05:00:00+0200,50.83974,MW,DE,DE_LU,forecast_solar_generation,Solar,2026-08-05T11:47:58Z
2026-08-05T11:45:45Z,2026-08-05T13:45:45+0200,eaa53f57-a911-4834-9b60-40ab8a7aba1f,2026-07-12T03:15:00Z,2026-07-12T05:15:00+0200,184.72101,MW,DE,DE_LU,forecast_solar_generation,Solar,2026-08-05T11:47:58Z
2026-08-05T11:45:45Z,2026-08-05T13:45:45+0200,eaa53f57-a911-4834-9b60-40ab8a7aba1f,2026-07-12T03:30:00Z,2026-07-12T05:30:00+0200,551.67075,MW,DE,DE_LU,forecast_solar_generation,Solar,2026-08-05T11:47:58Z
2026-08-05T11:45:45Z,2026-08-05T13:45:45+0200,eaa53f57-a911-4834-9b60-40ab8a7aba1f,2026-07-12T03:45:00Z,2026-07-12T05:45:00+0200,1189.48791,MW,DE,DE_LU,forecast_solar_generation,Solar,2026-08-05T11:47:58Z
2026-08-05T11:45:45Z,2026-08-05T13:45:45+0200,eaa53f57-a911-4834-9b60-40ab8a7aba1f,2026-07-12T04:00:00Z,2026-07-12T06:00:00+0200,2122.20318,MW,DE,DE_LU,forecast_solar_generation,Solar,2026-08-05T11:47:58Z
2026-08-05T11:45:45Z,2026-08-05T13:45:45+0200,eaa53f57-a911-4834-9b60-40ab8a7aba1f,2026-07-12T04:15:00Z,2026-07-12T06:15:00+0200,3260.30309,MW,DE,DE_LU,forecast_solar_generation,Solar,2026-08-05T11:47:58Z
2026-08-05T11:45:45Z,2026-08-05T13:45:45+0200,eaa53f57-a911-4834-9b60-40ab8a7aba1f,2026-07-12T04:30:00Z,2026-07-12T06:30:00+0200,4613.47792,MW,DE,DE_LU,forecast_solar_generation,Solar,2026-08-05T11:47:58Z
2026-08-05T11:45:45Z,2026-08-05T13:45:45+0200,eaa53f57-a911-4834-9b60-40ab8a7aba1f,2026-07-12T04:45:00Z,2026-07-12T06:45:00+0200,6245.21797,MW,DE,DE_LU,forecast_solar_generation,Solar,2026-08-05T11:47:58Z
2026-08-05T11:45:45Z,2026-08-05T13:45:45+0200,eaa53f57-a911-4834-9b60-40ab8a7aba1f,2026-07-12T05:00:00Z,2026-07-12T07:00:00+0200,8232.19575,MW,DE,DE_LU,forecast_solar_generation,Solar,2026-08-05T11:47:58Z
2026-08-05T11:45:45Z,2026-08-05T13:45:45+0200,eaa53f57-a911-4834-9b60-40ab8a7aba1f,2026-07-12T05:15:00Z,2026-07-12T07:15:00+0200,10706.10246,MW,DE,DE_LU,forecast_solar_generation,Solar,2026-08-05T11:47:58Z
2026-08-05T11:45:45Z,2026-08-05T13:45:45+0200,eaa53f57-a911-4834-9b60-40ab8a7aba1f,2026-07-12T05:30:00Z,2026-07-12T07:30:00+0200,13581.8783,MW,DE,DE_LU,forecast_solar_generation,Solar,2026-08-05T11:47:58Z
2026-08-05T11:45:45Z,2026-08-05T13:45:45+0200,eaa53f57-a911-4834-9b60-40ab8a7aba1f,2026-07-12T05:45:00Z,2026-07-12T07:45:00+0200,16684.9003,MW,DE,DE_LU,forecast_solar_generation,Solar,2026-08-05T11:47:58Z
2026-08-05T11:45:45Z,2026-08-05T13:45:45+0200,eaa53f57-a911-4834-9b60-40ab8a7aba1f,2026-07-12T06:00:00Z,2026-07-12T08:00:00+0200,19911.7741,MW,DE,DE_LU,forecast_solar_generation,Solar,2026-08-05T11:47:58Z
2026-08-05T11:45:45Z,2026-08-05T13:45:45+0200,eaa53f57-a911-4834-9b60-40ab8a7aba1f,2026-07-12T06:15:00Z,2026-07-12T08:15:00+0200,23163.72184,MW,DE,DE_LU,forecast_solar_generation,Solar,2026-08-05T11:47:58Z
2026-08-05T11:45:45Z,2026-08-05T13:45:45+0200,eaa53f57-a911-4834-9b60-40ab8a7aba1f,2026-07-12T06:30:00Z,2026-07-12T08:30:00+0200,26341.16338,MW,DE,DE_LU,forecast_solar_generation,Solar,2026-08-05T11:47:58Z
2026-08-05T11:45:45Z,2026-08-05T13:45:45+0200,eaa53f57-a911-4834-9b60-40ab8a7aba1f,2026-07-12T06:45:00Z,2026-07-12T08:45:00+0200,29385.62586,MW,DE,DE_LU,forecast_solar_generation,Solar,2026-08-05T11:47:58Z
2026-08-05T11:45:45Z,2026-08-05T13:45:45+0200,eaa53f57-a911-4834-9b60-40ab8a7aba1f,2026-07-12T07:00:00Z,2026-07-12T09:00:00+0200,32182.86665,MW,DE,DE_LU,forecast_solar_generation,Solar,2026-08-05T11:47:58Z
2026-08-05T11:45:45Z,2026-08-05T13:45:45+0200,eaa53f57-a911-4834-9b60-40ab8a7aba1f,2026-07-12T07:15:00Z,2026-07-12T09:15:00+0200,34944.85543,MW,DE,DE_LU,forecast_solar_generation,Solar,2026-08-05T11:47:58Z
2026-08-05T11:45:45Z,2026-08-05T13:45:45+0200,eaa53f57-a911-4834-9b60-40ab8a7aba1f,2026-07-12T07:30:00Z,2026-07-12T09:30:00+0200,37515.34672,MW,DE,DE_LU,forecast_solar_generation,Solar,2026-08-05T11:47:58Z
2026-08-05T11:45:45Z,2026-08-05T13:45:45+0200,eaa53f57-a911-4834-9b60-40ab8a7aba1f,2026-07-12T07:45:00Z,2026-07-12T09:45:00+0200,39831.78837,MW,DE,DE_LU,forecast_solar_generation,Solar,2026-08-05T11:47:58Z
2026-08-05T11:45:45Z,2026-08-05T13:45:45+0200,eaa53f57-a911-4834-9b60-40ab8a7aba1f,2026-07-12T08:00:00Z,2026-07-12T10:00:00+0200,41904.21978,MW,DE,DE_LU,forecast_solar_generation,Solar,2026-08-05T11:47:58Z
2026-08-05T11:45:45Z,2026-08-05T13:45:45+0200,eaa53f57-a911-4834-9b60-40ab8a7aba1f,2026-07-12T08:15:00Z,2026-07-12T10:15:00+0200,43671.26194,MW,DE,DE_LU,forecast_solar_generation,Solar,2026-08-05T11:47:58Z
2026-08-05T11:45:45Z,2026-08-05T13:45:45+0200,eaa53f57-a911-4834-9b60-40ab8a7aba1f,2026-07-12T08:30:00Z,2026-07-12T10:30:00+0200,45409.90226,MW,DE,DE_LU,forecast_solar_generation,Solar,2026-08-05T11:47:58Z
2026-08-05T11:45:45Z,2026-08-05T13:45:45+0200,eaa53f57-a911-4834-9b60-40ab8a7aba1f,2026-07-12T08:45:00Z,2026-07-12T10:45:00+0200,46987.54638,MW,DE,DE_LU,forecast_solar_generation,Solar,2026-08-05T11:47:58Z
2026-08-05T11:45:45Z,2026-08-05T13:45:45+0200,eaa53f57-a911-4834-9b60-40ab8a7aba1f,2026-07-12T09:00:00Z,2026-07-12T11:00:00+0200,48185.91752,MW,DE,DE_LU,forecast_solar_generation,Solar,2026-08-05T11:47:58Z
2026-08-05T11:45:45Z,2026-08-05T13:45:45+0200,eaa53f57-a911-4834-9b60-40ab8a7aba1f,2026-07-12T09:15:00Z,2026-07-12T11:15:00+0200,49275.93325,MW,DE,DE_LU,forecast_solar_generation,Solar,2026-08-05T11:47:58Z
2026-08-05T11:45:45Z,2026-08-05T13:45:45+0200,eaa53f57-a911-4834-9b60-40ab8a7aba1f,2026-07-12T09:30:00Z,2026-07-12T11:30:00+0200,50211.81343,MW,DE,DE_LU,forecast_solar_generation,Solar,2026-08-05T11:47:58Z
2026-08-05T11:45:45Z,2026-08-05T13:45:45+0200,eaa53f57-a911-4834-9b60-40ab8a7aba1f,2026-07-12T09:45:00Z,2026-07-12T11:45:00+0200,51056.00445,MW,DE,DE_LU,forecast_solar_generation,Solar,2026-08-05T11:47:58Z
2026-08-05T11:45:45Z,2026-08-05T13:45:45+0200,eaa53f57-a911-4834-9b60-40ab8a7aba1f,2026-07-12T10:00:00Z,2026-07-12T12:00:00+0200,51648.10502,MW,DE,DE_LU,forecast_solar_generation,Solar,2026-08-05T11:47:58Z
2026-08-05T11:45:45Z,2026-08-05T13:45:45+0200,eaa53f57-a911-4834-9b60-40ab8a7aba1f,2026-07-12T10:15:00Z,2026-07-12T12:15:00+0200,52024.04608,MW,DE,DE_LU,forecast_solar_generation,Solar,2026-08-05T11:47:58Z
2026-08-05T11:45:45Z,2026-08-05T13:45:45+0200,eaa53f57-a911-4834-9b60-40ab8a7aba1f,2026-07-12T10:30:00Z,2026-07-12T12:30:00+0200,52390.15715,MW,DE,DE_LU,forecast_solar_generation,Solar,2026-08-05T11:47:58Z
2026-08-05T11:45:45Z,2026-08-05T13:45:45+0200,eaa53f57-a911-4834-9b60-40ab8a7aba1f,2026-07-12T10:45:00Z,2026-07-12T12:45:00+0200,52585.65042,MW,DE,DE_LU,forecast_solar_generation,Solar,2026-08-05T11:47:58Z
2026-08-05T11:45:45Z,2026-08-05T13:45:45+0200,eaa53f57-a911-4834-9b60-40ab8a7aba1f,2026-07-12T11:00:00Z,2026-07-12T13:00:00+0200,52615.39947,MW,DE,DE_LU,forecast_solar_generation,Solar,2026-08-05T11:47:58Z
2026-08-05T11:45:45Z,2026-08-05T13:45:45+0200,eaa53f57-a911-4834-9b60-40ab8a7aba1f,2026-07-12T11:15:00Z,2026-07-12T13:15:00+0200,52488.95661,MW,DE,DE_LU,forecast_solar_generation,Solar,2026-08-05T11:47:58Z
2026-08-05T11:45:45Z,2026-08-05T13:45:45+0200,eaa53f57-a911-4834-9b60-40ab8a7aba1f,2026-07-12T11:30:00Z,2026-07-12T13:30:00+0200,52302.55032,MW,DE,DE_LU,forecast_solar_generation,Solar,2026-08-05T11:47:58Z
2026-08-05T11:45:45Z,2026-08-05T13:45:45+0200,eaa53f57-a911-4834-9b60-40ab8a7aba1f,2026-07-12T11:45:00Z,2026-07-12T13:45:00+0200,51875.1544,MW,DE,DE_LU,forecast_solar_generation,Solar,2026-08-05T11:47:58Z
2026-08-05T11:45:45Z,2026-08-05T13:45:45+0200,eaa53f57-a911-4834-9b60-40ab8a7aba1f,2026-07-12T12:00:00Z,2026-07-12T14:00:00+0200,51390.84584,MW,DE,DE_LU,forecast_solar_generation,Solar,2026-08-05T11:47:58Z
2026-08-05T11:45:45Z,2026-08-05T13:45:45+0200,eaa53f57-a911-4834-9b60-40ab8a7aba1f,2026-07-12T12:15:00Z,2026-07-12T14:15:00+0200,50767.52411,MW,DE,DE_LU,forecast_solar_generation,Solar,2026-08-05T11:47:58Z
2026-08-05T11:45:45Z,2026-08-05T13:45:45+0200,eaa53f57-a911-4834-9b60-40ab8a7aba1f,2026-07-12T12:30:00Z,2026-07-12T14:30:00+0200,49998.17588,MW,DE,DE_LU,forecast_solar_generation,Solar,2026-08-05T11:47:58Z
2026-08-05T11:45:45Z,2026-08-05T13:45:45+0200,eaa53f57-a911-4834-9b60-40ab8a7aba1f,2026-07-12T12:45:00Z,2026-07-12T14:45:00+0200,49152.37525,MW,DE,DE_LU,forecast_solar_generation,Solar,2026-08-05T11:47:58Z
2026-08-05T11:45:45Z,2026-08-05T13:45:45+0200,eaa53f57-a911-4834-9b60-40ab8a7aba1f,2026-07-12T13:00:00Z,2026-07-12T15:00:00+0200,48127.07434,MW,DE,DE_LU,forecast_solar_generation,Solar,2026-08-05T11:47:58Z
2026-08-05T11:45:45Z,2026-08-05T13:45:45+0200,eaa53f57-a911-4834-9b60-40ab8a7aba1f,2026-07-12T13:15:00Z,2026-07-12T15:15:00+0200,46930.27204,MW,DE,DE_LU,forecast_solar_generation,Solar,2026-08-05T11:47:58Z
2026-08-05T11:45:45Z,2026-08-05T13:45:45+0200,eaa53f57-a911-4834-9b60-40ab8a7aba1f,2026-07-12T13:30:00Z,2026-07-12T15:30:00+0200,45597.69136,MW,DE,DE_LU,forecast_solar_generation,Solar,2026-08-05T11:47:58Z
2026-08-05T11:45:45Z,2026-08-05T13:45:45+0200,eaa53f57-a911-4834-9b60-40ab8a7aba1f,2026-07-12T13:45:00Z,2026-07-12T15:45:00+0200,44155.60122,MW,DE,DE_LU,forecast_solar_generation,Solar,2026-08-05T11:47:58Z
2026-08-05T11:45:45Z,2026-08-05T13:45:45+0200,eaa53f57-a911-4834-9b60-40ab8a7aba1f,2026-07-12T14:00:00Z,2026-07-12T16:00:00+0200,42505.33396,MW,DE,DE_LU,forecast_solar_generation,Solar,2026-08-05T11:47:58Z
2026-08-05T11:45:45Z,2026-08-05T13:45:45+0200,eaa53f57-a911-4834-9b60-40ab8a7aba1f,2026-07-12T14:15:00Z,2026-07-12T16:15:00+0200,40786.27534,MW,DE,DE_LU,forecast_solar_generation,Solar,2026-08-05T11:47:58Z
2026-08-05T11:45:45Z,2026-08-05T13:45:45+0200,eaa53f57-a911-4834-9b60-40ab8a7aba1f,2026-07-12T14:30:00Z,2026-07-12T16:30:00+0200,38960.10232,MW,DE,DE_LU,forecast_solar_generation,Solar,2026-08-05T11:47:58Z
2026-08-05T11:45:45Z,2026-08-05T13:45:45+0200,eaa53f57-a911-4834-9b60-40ab8a7aba1f,2026-07-12T14:45:00Z,2026-07-12T16:45:00+0200,36981.95415,MW,DE,DE_LU,forecast_solar_generation,Solar,2026-08-05T11:47:58Z
2026-08-05T11:45:45Z,2026-08-05T13:45:45+0200,eaa53f57-a911-4834-9b60-40ab8a7aba1f,2026-07-12T15:00:00Z,2026-07-12T17:00:00+0200,34700.22095,MW,DE,DE_LU,forecast_solar_generation,Solar,2026-08-05T11:47:58Z
2026-08-05T11:45:45Z,2026-08-05T13:45:45+0200,eaa53f57-a911-4834-9b60-40ab8a7aba1f,2026-07-12T15:15:00Z,2026-07-12T17:15:00+0200,32259.58491,MW,DE,DE_LU,forecast_solar_generation,Solar,2026-08-05T11:47:58Z
2026-08-05T11:45:45Z,2026-08-05T13:45:45+0200,eaa53f57-a911-4834-9b60-40ab8a7aba1f,2026-07-12T15:30:00Z,2026-07-12T17:30:00+0200,29665.42421,MW,DE,DE_LU,forecast_solar_generation,Solar,2026-08-05T11:47:58Z
2026-08-05T11:45:45Z,2026-08-05T13:45:45+0200,eaa53f57-a911-4834-9b60-40ab8a7aba1f,2026-07-12T15:45:00Z,2026-07-12T17:45:00+0200,27000.83056,MW,DE,DE_LU,forecast_solar_generation,Solar,2026-08-05T11:47:58Z
2026-08-05T11:45:45Z,2026-08-05T13:45:45+0200,eaa53f57-a911-4834-9b60-40ab8a7aba1f,2026-07-12T16:00:00Z,2026-07-12T18:00:00+0200,24264.75963,MW,DE,DE_LU,forecast_solar_generation,Solar,2026-08-05T11:47:58Z
2026-08-05T11:45:45Z,2026-08-05T13:45:45+0200,eaa53f57-a911-4834-9b60-40ab8a7aba1f,2026-07-12T16:15:00Z,2026-07-12T18:15:00+0200,21400.79109,MW,DE,DE_LU,forecast_solar_generation,Solar,2026-08-05T11:47:58Z
2026-08-05T11:45:45Z,2026-08-05T13:45:45+0200,eaa53f57-a911-4834-9b60-40ab8a7aba1f,2026-07-12T16:30:00Z,2026-07-12T18:30:00+0200,18463.07468,MW,DE,DE_LU,forecast_solar_generation,Solar,2026-08-05T11:47:58Z
2026-08-05T11:45:45Z,2026-08-05T13:45:45+0200,eaa53f57-a911-4834-9b60-40ab8a7aba1f,2026-07-12T16:45:00Z,2026-07-12T18:45:00+0200,15578.18855,MW,DE,DE_LU,forecast_solar_generation,Solar,2026-08-05T11:47:58Z
2026-08-05T11:45:45Z,2026-08-05T13:45:45+0200,eaa53f57-a911-4834-9b60-40ab8a7aba1f,2026-07-12T17:00:00Z,2026-07-12T19:00:00+0200,12802.84351,MW,DE,DE_LU,forecast_solar_generation,Solar,2026-08-05T11:47:58Z
2026-08-05T11:45:45Z,2026-08-05T13:45:45+0200,eaa53f57-a911-4834-9b60-40ab8a7aba1f,2026-07-12T17:15:00Z,2026-07-12T19:15:00+0200,10226.78813,MW,DE,DE_LU,forecast_solar_generation,Solar,2026-08-05T11:47:58Z
2026-08-05T11:45:45Z,2026-08-05T13:45:45+0200,eaa53f57-a911-4834-9b60-40ab8a7aba1f,2026-07-12T17:30:00Z,2026-07-12T19:30:00+0200,7973.11339,MW,DE,DE_LU,forecast_solar_generation,Solar,2026-08-05T11:47:58Z
2026-08-05T11:45:45Z,2026-08-05T13:45:45+0200,eaa53f57-a911-4834-9b60-40ab8a7aba1f,2026-07-12T17:45:00Z,2026-07-12T19:45:00+0200,6111.16678,MW,DE,DE_LU,forecast_solar_generation,Solar,2026-08-05T11:47:58Z
2026-08-05T11:45:45Z,2026-08-05T13:45:45+0200,eaa53f57-a911-4834-9b60-40ab8a7aba1f,2026-07-12T18:00:00Z,2026-07-12T20:00:00+0200,4564.97131,MW,DE,DE_LU,forecast_solar_generation,Solar,2026-08-05T11:47:58Z
2026-08-05T11:45:45Z,2026-08-05T13:45:45+0200,eaa53f57-a911-4834-9b60-40ab8a7aba1f,2026-07-12T18:15:00Z,2026-07-12T20:15:00+0200,3263.01421,MW,DE,DE_LU,forecast_solar_generation,Solar,2026-08-05T11:47:58Z
2026-08-05T11:45:45Z,2026-08-05T13:45:45+0200,eaa53f57-a911-4834-9b60-40ab8a7aba1f,2026-07-12T18:30:00Z,2026-07-12T20:30:00+0200,2156.33701,MW,DE,DE_LU,forecast_solar_generation,Solar,2026-08-05T11:47:58Z
2026-08-05T11:45:45Z,2026-08-05T13:45:45+0200,eaa53f57-a911-4834-9b60-40ab8a7aba1f,2026-07-12T18:45:00Z,2026-07-12T20:45:00+0200,1256.28602,MW,DE,DE_LU,forecast_solar_generation,Solar,2026-08-05T11:47:58Z
2026-08-05T11:45:45Z,2026-08-05T13:45:45+0200,eaa53f57-a911-4834-9b60-40ab8a7aba1f,2026-07-12T19:00:00Z,2026-07-12T21:00:00+0200,585.39352,MW,DE,DE_LU,forecast_solar_generation,Solar,2026-08-05T11:47:58Z
2026-08-05T11:45:45Z,2026-08-05T13:45:45+0200,eaa53f57-a911-4834-9b60-40ab8a7aba1f,2026-07-12T19:15:00Z,2026-07-12T21:15:00+0200,213.76458,MW,DE,DE_LU,forecast_solar_generation,Solar,2026-08-05T11:47:58Z
2026-08-05T11:45:45Z,2026-08-05T13:45:45+0200,eaa53f57-a911-4834-9b60-40ab8a7aba1f,2026-07-12T19:30:00Z,2026-07-12T21:30:00+0200,71.81101,MW,DE,DE_LU,forecast_solar_generation,Solar,2026-08-05T11:47:58Z
2026-08-05T11:45:45Z,2026-08-05T13:45:45+0200,eaa53f57-a911-4834-9b60-40ab8a7aba1f,2026-07-12T19:45:00Z,2026-07-12T21:45:00+0200,30.17718,MW,DE,DE_LU,forecast_solar_generation,Solar,2026-08-05T11:47:58Z
2026-08-05T11:45:45Z,2026-08-05T13:45:45+0200,eaa53f57-a911-4834-9b60-40ab8a7aba1f,2026-07-12T20:00:00Z,2026-07-12T22:00:00+0200,0.0,MW,DE,DE_LU,forecast_solar_generation,Solar,2026-08-05T11:47:58Z
2026-08-05T11:45:45Z,2026-08-05T13:45:45+0200,eaa53f57-a911-4834-9b60-40ab8a7aba1f,2026-07-12T20:15:00Z,2026-07-12T22:15:00+0200,0.0,MW,DE,DE_LU,forecast_solar_generation,Solar,2026-08-05T11:47:58Z
2026-08-05T11:45:45Z,2026-08-05T13:45:45+0200,eaa53f57-a911-4834-9b60-40ab8a7aba1f,2026-07-12T20:30:00Z,2026-07-12T22:30:00+0200,0.0,MW,DE,DE_LU,forecast_solar_generation,Solar,2026-08-05T11:47:58Z
2026-08-05T11:45:45Z,2026-08-05T13:45:45+0200,eaa53f57-a911-4834-9b60-40ab8a7aba1f,2026-07-12T20:45:00Z,2026-07-12T22:45:00+0200,0.0,MW,DE,DE_LU,forecast_solar_generation,Solar,2026-08-05T11:47:58Z
2026-08-05T11:45:45Z,2026-08-05T13:45:45+0200,eaa53f57-a911-4834-9b60-40ab8a7aba1f,2026-07-12T21:00:00Z,2026-07-12T23:00:00+0200,0.0,MW,DE,DE_LU,forecast_solar_generation,Solar,2026-08-05T11:47:58Z
2026-08-05T11:45:45Z,2026-08-05T13:45:45+0200,eaa53f57-a911-4834-9b60-40ab8a7aba1f,2026-07-12T21:15:00Z,2026-07-12T23:15:00+0200,0.0,MW,DE,DE_LU,forecast_solar_generation,Solar,2026-08-05T11:47:58Z
2026-08-05T11:45:45Z,2026-08-05T13:45:45+0200,eaa53f57-a911-4834-9b60-40ab8a7aba1f,2026-07-12T21:30:00Z,2026-07-12T23:30:00+0200,0.0,MW,DE,DE_LU,forecast_solar_generation,Solar,2026-08-05T11:47:58Z
2026-08-05T11:45:45Z,2026-08-05T13:45:45+0200,eaa53f57-a911-4834-9b60-40ab8a7aba1f,2026-07-12T21:45:00Z,2026-07-12T23:45:00+0200,0.0,MW,DE,DE_LU,forecast_solar_generation,Solar,2026-08-05T11:47:58Z
2026-08-05T11:45:45Z,2026-08-05T13:45:45+0200,eaa53f57-a911-4834-9b60-40ab8a7aba1f,2026-07-12T22:00:00Z,2026-07-13T00:00:00+0200,0.0,MW,DE,DE_LU,forecast_solar_generation,Solar,2026-08-05T11:47:58Z
2026-08-05T11:45:45Z,2026-08-05T13:45:45+0200,eaa53f57-a911-4834-9b60-40ab8a7aba1f,2026-07-12T22:15:00Z,2026-07-13T00:15:00+0200,0.0,MW,DE,DE_LU,forecast_solar_generation,Solar,2026-08-05T11:47:58Z
2026-08-05T11:45:45Z,2026-08-05T13:45:45+0200,eaa53f57-a911-4834-9b60-40ab8a7aba1f,2026-07-12T22:30:00Z,2026-07-13T00:30:00+0200,0.0,MW,DE,DE_LU,forecast_solar_generation,Solar,2026-08-05T11:47:58Z
2026-08-05T11:45:45Z,2026-08-05T13:45:45+0200,eaa53f57-a911-4834-9b60-40ab8a7aba1f,2026-07-12T22:45:00Z,2026-07-13T00:45:00+0200,0.0,MW,DE,DE_LU,forecast_solar_generation,Solar,2026-08-05T11:47:58Z
2026-08-05T11:45:45Z,2026-08-05T13:45:45+0200,eaa53f57-a911-4834-9b60-40ab8a7aba1f,2026-07-12T23:00:00Z,2026-07-13T01:00:00+0200,0.0,MW,DE,DE_LU,forecast_solar_generation,Solar,2026-08-05T11:47:58Z
2026-08-05T11:45:45Z,2026-08-05T13:45:45+0200,eaa53f57-a911-4834-9b60-40ab8a7aba1f,2026-07-12T23:15:00Z,2026-07-13T01:15:00+0200,0.0,MW,DE,DE_LU,forecast_solar_generation,Solar,2026-08-05T11:47:58Z
2026-08-05T11:45:45Z,2026-08-05T13:45:45+0200,eaa53f57-a911-4834-9b60-40ab8a7aba1f,2026-07-12T23:30:00Z,2026-07-13T01:30:00+0200,0.0,MW,DE,DE_LU,forecast_solar_generation,Solar,2026-08-05T11:47:58Z
2026-08-05T11:45:45Z,2026-08-05T13:45:45+0200,eaa53f57-a911-4834-9b60-40ab8a7aba1f,2026-07-12T23:45:00Z,2026-07-13T01:45:00+0200,0.0,MW,DE,DE_LU,forecast_solar_generation,Solar,2026-08-05T11:47:58Z
2026-08-05T11:45:45Z,2026-08-05T13:45:45+0200,eaa53f57-a911-4834-9b60-40ab8a7aba1f,2026-07-13T00:00:00Z,2026-07-13T02:00:00+0200,0.0,MW,DE,DE_LU,forecast_solar_generation,Solar,2026-08-05T11:47:58Z
2026-08-05T11:45:45Z,2026-08-05T13:45:45+0200,eaa53f57-a911-4834-9b60-40ab8a7aba1f,2026-07-13T00:15:00Z,2026-07-13T02:15:00+0200,0.0,MW,DE,DE_LU,forecast_solar_generation,Solar,2026-08-05T11:47:58Z
2026-08-05T11:45:45Z,2026-08-05T13:45:45+0200,eaa53f57-a911-4834-9b60-40ab8a7aba1f,2026-07-13T00:30:00Z,2026-07-13T02:30:00+0200,0.0,MW,DE,DE_LU,forecast_solar_generation,Solar,2026-08-05T11:47:58Z
2026-08-05T11:45:45Z,2026-08-05T13:45:45+0200,eaa53f57-a911-4834-9b60-40ab8a7aba1f,2026-07-13T00:45:00Z,2026-07-13T02:45:00+0200,0.0,MW,DE,DE_LU,forecast_solar_generation,Solar,2026-08-05T11:47:58Z
2026-08-05T11:45:45Z,2026-08-05T13:45:45+0200,eaa53f57-a911-4834-9b60-40ab8a7aba1f,2026-07-13T01:00:00Z,2026-07-13T03:00:00+0200,0.0,MW,DE,DE_LU,forecast_solar_generation,Solar,2026-08-05T11:47:58Z
2026-08-05T11:45:45Z,2026-08-05T13:45:45+0200,eaa53f57-a911-4834-9b60-40ab8a7aba1f,2026-07-13T01:15:00Z,2026-07-13T03:15:00+0200,0.0,MW,DE,DE_LU,forecast_solar_generation,Solar,2026-08-05T11:47:58Z
2026-08-05T11:45:45Z,2026-08-05T13:45:45+0200,eaa53f57-a911-4834-9b60-40ab8a7aba1f,2026-07-13T01:30:00Z,2026-07-13T03:30:00+0200,0.0,MW,DE,DE_LU,forecast_solar_generation,Solar,2026-08-05T11:47:58Z
2026-08-05T11:45:45Z,2026-08-05T13:45:45+0200,eaa53f57-a911-4834-9b60-40ab8a7aba1f,2026-07-13T01:45:00Z,2026-07-13T03:45:00+0200,0.0,MW,DE,DE_LU,forecast_solar_generation,Solar,2026-08-05T11:47:58Z
2026-08-05T11:45:45Z,2026-08-05T13:45:45+0200,eaa53f57-a911-4834-9b60-40ab8a7aba1f,2026-07-13T02:00:00Z,2026-07-13T04:00:00+0200,0.0,MW,DE,DE_LU,forecast_solar_generation,Solar,2026-08-05T11:47:58Z
2026-08-05T11:45:45Z,2026-08-05T13:45:45+0200,eaa53f57-a911-4834-9b60-40ab8a7aba1f,2026-07-13T02:15:00Z,2026-07-13T04:15:00+0200,0.0,MW,DE,DE_LU,forecast_solar_generation,Solar,2026-08-05T11:47:58Z
2026-08-05T11:45:45Z,2026-08-05T13:45:45+0200,eaa53f57-a911-4834-9b60-40ab8a7aba1f,2026-07-13T02:30:00Z,2026-07-13T04:30:00+0200,0.0,MW,DE,DE_LU,forecast_solar_generation,Solar,2026-08-05T11:47:58Z
2026-08-05T11:45:45Z,2026-08-05T13:45:45+0200,eaa53f57-a911-4834-9b60-40ab8a7aba1f,2026-07-13T02:45:00Z,2026-07-13T04:45:00+0200,0.2,MW,DE,DE_LU,forecast_solar_generation,Solar,2026-08-05T11:47:58Z
2026-08-05T11:45:45Z,2026-08-05T13:45:45+0200,eaa53f57-a911-4834-9b60-40ab8a7aba1f,2026-07-13T03:00:00Z,2026-07-13T05:00:00+0200,37.34274,MW,DE,DE_LU,forecast_solar_generation,Solar,2026-08-05T11:47:58Z
2026-08-05T11:45:45Z,2026-08-05T13:45:45+0200,eaa53f57-a911-4834-9b60-40ab8a7aba1f,2026-07-13T03:15:00Z,2026-07-13T05:15:00+0200,135.17882,MW,DE,DE_LU,forecast_solar_generation,Solar,2026-08-05T11:47:58Z
2026-08-05T11:45:45Z,2026-08-05T13:45:45+0200,eaa53f57-a911-4834-9b60-40ab8a7aba1f,2026-07-13T03:30:00Z,2026-07-13T05:30:00+0200,440.68682,MW,DE,DE_LU,forecast_solar_generation,Solar,2026-08-05T11:47:58Z
2026-08-05T11:45:45Z,2026-08-05T13:45:45+0200,eaa53f57-a911-4834-9b60-40ab8a7aba1f,2026-07-13T03:45:00Z,2026-07-13T05:45:00+0200,1010.31307,MW,DE,DE_LU,forecast_solar_generation,Solar,2026-08-05T11:47:58Z
2026-08-05T11:45:45Z,2026-08-05T13:45:45+0200,eaa53f57-a911-4834-9b60-40ab8a7aba1f,2026-07-13T04:00:00Z,2026-07-13T06:00:00+0200,1886.16013,MW,DE,DE_LU,forecast_solar_generation,Solar,2026-08-05T11:47:58Z
2026-08-05T11:45:45Z,2026-08-05T13:45:45+0200,eaa53f57-a911-4834-9b60-40ab8a7aba1f,2026-07-13T04:15:00Z,2026-07-13T06:15:00+0200,2976.61395,MW,DE,DE_LU,forecast_solar_generation,Solar,2026-08-05T11:47:58Z
2026-08-05T11:45:45Z,2026-08-05T13:45:45+0200,eaa53f57-a911-4834-9b60-40ab8a7aba1f,2026-07-13T04:30:00Z,2026-07-13T06:30:00+0200,4271.69065,MW,DE,DE_LU,forecast_solar_generation,Solar,2026-08-05T11:47:58Z
2026-08-05T11:45:45Z,2026-08-05T13:45:45+0200,eaa53f57-a911-4834-9b60-40ab8a7aba1f,2026-07-13T04:45:00Z,2026-07-13T06:45:00+0200,5806.19014,MW,DE,DE_LU,forecast_solar_generation,Solar,2026-08-05T11:47:58Z
2026-08-05T11:45:45Z,2026-08-05T13:45:45+0200,eaa53f57-a911-4834-9b60-40ab8a7aba1f,2026-07-13T05:00:00Z,2026-07-13T07:00:00+0200,7642.34125,MW,DE,DE_LU,forecast_solar_generation,Solar,2026-08-05T11:47:58Z
2026-08-05T11:45:45Z,2026-08-05T13:45:45+0200,eaa53f57-a911-4834-9b60-40ab8a7aba1f,2026-07-13T05:15:00Z,2026-07-13T07:15:00+0200,9857.52615,MW,DE,DE_LU,forecast_solar_generation,Solar,2026-08-05T11:47:58Z
2026-08-05T11:45:45Z,2026-08-05T13:45:45+0200,eaa53f57-a911-4834-9b60-40ab8a7aba1f,2026-07-13T05:30:00Z,2026-07-13T07:30:00+0200,12449.85609,MW,DE,DE_LU,forecast_solar_generation,Solar,2026-08-05T11:47:58Z
2026-08-05T11:45:45Z,2026-08-05T13:45:45+0200,eaa53f57-a911-4834-9b60-40ab8a7aba1f,2026-07-13T05:45:00Z,2026-07-13T07:45:00+0200,15274.28953,MW,DE,DE_LU,forecast_solar_generation,Solar,2026-08-05T11:47:58Z
2026-08-05T11:45:45Z,2026-08-05T13:45:45+0200,eaa53f57-a911-4834-9b60-40ab8a7aba1f,2026-07-13T06:00:00Z,2026-07-13T08:00:00+0200,18232.16239,MW,DE,DE_LU,forecast_solar_generation,Solar,2026-08-05T11:47:58Z
2026-08-05T11:45:45Z,2026-08-05T13:45:45+0200,eaa53f57-a911-4834-9b60-40ab8a7aba1f,2026-07-13T06:15:00Z,2026-07-13T08:15:00+0200,21265.43958,MW,DE,DE_LU,forecast_solar_generation,Solar,2026-08-05T11:47:58Z
2026-08-05T11:45:45Z,2026-08-05T13:45:45+0200,eaa53f57-a911-4834-9b60-40ab8a7aba1f,2026-07-13T06:30:00Z,2026-07-13T08:30:00+0200,24280.97079,MW,DE,DE_LU,forecast_solar_generation,Solar,2026-08-05T11:47:58Z
2026-08-05T11:45:45Z,2026-08-05T13:45:45+0200,eaa53f57-a911-4834-9b60-40ab8a7aba1f,2026-07-13T06:45:00Z,2026-07-13T08:45:00+0200,27224.01194,MW,DE,DE_LU,forecast_solar_generation,Solar,2026-08-05T11:47:58Z
2026-08-05T11:45:45Z,2026-08-05T13:45:45+0200,eaa53f57-a911-4834-9b60-40ab8a7aba1f,2026-07-13T07:00:00Z,2026-07-13T09:00:00+0200,30050.86857,MW,DE,DE_LU,forecast_solar_generation,Solar,2026-08-05T11:47:58Z
2026-08-05T11:45:45Z,2026-08-05T13:45:45+0200,eaa53f57-a911-4834-9b60-40ab8a7aba1f,2026-07-13T07:15:00Z,2026-07-13T09:15:00+0200,32806.9105,MW,DE,DE_LU,forecast_solar_generation,Solar,2026-08-05T11:47:58Z
2026-08-05T11:45:45Z,2026-08-05T13:45:45+0200,eaa53f57-a911-4834-9b60-40ab8a7aba1f,2026-07-13T07:30:00Z,2026-07-13T09:30:00+0200,35441.10508,MW,DE,DE_LU,forecast_solar_generation,Solar,2026-08-05T11:47:58Z
2026-08-05T11:45:45Z,2026-08-05T13:45:45+0200,eaa53f57-a911-4834-9b60-40ab8a7aba1f,2026-07-13T07:45:00Z,2026-07-13T09:45:00+0200,37901.22544,MW,DE,DE_LU,forecast_solar_generation,Solar,2026-08-05T11:47:58Z
2026-08-05T11:45:45Z,2026-08-05T13:45:45+0200,eaa53f57-a911-4834-9b60-40ab8a7aba1f,2026-07-13T08:00:00Z,2026-07-13T10:00:00+0200,40126.74453,MW,DE,DE_LU,forecast_solar_generation,Solar,2026-08-05T11:47:58Z
2026-08-05T11:45:45Z,2026-08-05T13:45:45+0200,eaa53f57-a911-4834-9b60-40ab8a7aba1f,2026-07-13T08:15:00Z,2026-07-13T10:15:00+0200,42181.93738,MW,DE,DE_LU,forecast_solar_generation,Solar,2026-08-05T11:47:58Z
2026-08-05T11:45:45Z,2026-08-05T13:45:45+0200,eaa53f57-a911-4834-9b60-40ab8a7aba1f,2026-07-13T08:30:00Z,2026-07-13T10:30:00+0200,44053.60895,MW,DE,DE_LU,forecast_solar_generation,Solar,2026-08-05T11:47:58Z
2026-08-05T11:45:45Z,2026-08-05T13:45:45+0200,eaa53f57-a911-4834-9b60-40ab8a7aba1f,2026-07-13T08:45:00Z,2026-07-13T10:45:00+0200,45733.63773,MW,DE,DE_LU,forecast_solar_generation,Solar,2026-08-05T11:47:58Z
2026-08-05T11:45:45Z,2026-08-05T13:45:45+0200,eaa53f57-a911-4834-9b60-40ab8a7aba1f,2026-07-13T09:00:00Z,2026-07-13T11:00:00+0200,47195.73679,MW,DE,DE_LU,forecast_solar_generation,Solar,2026-08-05T11:47:58Z
2026-08-05T11:45:45Z,2026-08-05T13:45:45+0200,eaa53f57-a911-4834-9b60-40ab8a7aba1f,2026-07-13T09:15:00Z,2026-07-13T11:15:00+0200,48501.11932,MW,DE,DE_LU,forecast_solar_generation,Solar,2026-08-05T11:47:58Z
2026-08-05T11:45:45Z,2026-08-05T13:45:45+0200,eaa53f57-a911-4834-9b60-40ab8a7aba1f,2026-07-13T09:30:00Z,2026-07-13T11:30:00+0200,49561.95371,MW,DE,DE_LU,forecast_solar_generation,Solar,2026-08-05T11:47:58Z
2026-08-05T11:45:45Z,2026-08-05T13:45:45+0200,eaa53f57-a911-4834-9b60-40ab8a7aba1f,2026-07-13T09:45:00Z,2026-07-13T11:45:00+0200,50425.19226,MW,DE,DE_LU,forecast_solar_generation,Solar,2026-08-05T11:47:58Z
2026-08-05T11:45:45Z,2026-08-05T13:45:45+0200,eaa53f57-a911-4834-9b60-40ab8a7aba1f,2026-07-13T10:00:00Z,2026-07-13T12:00:00+0200,51059.26261,MW,DE,DE_LU,forecast_solar_generation,Solar,2026-08-05T11:47:58Z
2026-08-05T11:45:45Z,2026-08-05T13:45:45+0200,eaa53f57-a911-4834-9b60-40ab8a7aba1f,2026-07-13T10:15:00Z,2026-07-13T12:15:00+0200,51482.02377,MW,DE,DE_LU,forecast_solar_generation,Solar,2026-08-05T11:47:58Z
2026-08-05T11:45:45Z,2026-08-05T13:45:45+0200,eaa53f57-a911-4834-9b60-40ab8a7aba1f,2026-07-13T10:30:00Z,2026-07-13T12:30:00+0200,51755.21234,MW,DE,DE_LU,forecast_solar_generation,Solar,2026-08-05T11:47:58Z
2026-08-05T11:45:45Z,2026-08-05T13:45:45+0200,eaa53f57-a911-4834-9b60-40ab8a7aba1f,2026-07-13T10:45:00Z,2026-07-13T12:45:00+0200,51822.78993,MW,DE,DE_LU,forecast_solar_generation,Solar,2026-08-05T11:47:58Z
2026-08-05T11:45:45Z,2026-08-05T13:45:45+0200,eaa53f57-a911-4834-9b60-40ab8a7aba1f,2026-07-13T11:00:00Z,2026-07-13T13:00:00+0200,51746.87992,MW,DE,DE_LU,forecast_solar_generation,Solar,2026-08-05T11:47:58Z
2026-08-05T11:45:45Z,2026-08-05T13:45:45+0200,eaa53f57-a911-4834-9b60-40ab8a7aba1f,2026-07-13T11:15:00Z,2026-07-13T13:15:00+0200,51502.36433,MW,DE,DE_LU,forecast_solar_generation,Solar,2026-08-05T11:47:58Z
2026-08-05T11:45:45Z,2026-08-05T13:45:45+0200,eaa53f57-a911-4834-9b60-40ab8a7aba1f,2026-07-13T11:30:00Z,2026-07-13T13:30:00+0200,51131.42805,MW,DE,DE_LU,forecast_solar_generation,Solar,2026-08-05T11:47:58Z
2026-08-05T11:45:45Z,2026-08-05T13:45:45+0200,eaa53f57-a911-4834-9b60-40ab8a7aba1f,2026-07-13T11:45:00Z,2026-07-13T13:45:00+0200,50556.44376,MW,DE,DE_LU,forecast_solar_generation,Solar,2026-08-05T11:47:58Z
2026-08-05T11:45:45Z,2026-08-05T13:45:45+0200,eaa53f57-a911-4834-9b60-40ab8a7aba1f,2026-07-13T12:00:00Z,2026-07-13T14:00:00+0200,49890.92738,MW,DE,DE_LU,forecast_solar_generation,Solar,2026-08-05T11:47:58Z
2026-08-05T11:45:45Z,2026-08-05T13:45:45+0200,eaa53f57-a911-4834-9b60-40ab8a7aba1f,2026-07-13T12:15:00Z,2026-07-13T14:15:00+0200,49006.46605,MW,DE,DE_LU,forecast_solar_generation,Solar,2026-08-05T11:47:58Z
2026-08-05T11:45:45Z,2026-08-05T13:45:45+0200,eaa53f57-a911-4834-9b60-40ab8a7aba1f,2026-07-13T12:30:00Z,2026-07-13T14:30:00+0200,48015.28237,MW,DE,DE_LU,forecast_solar_generation,Solar,2026-08-05T11:47:58Z
2026-08-05T11:45:45Z,2026-08-05T13:45:45+0200,eaa53f57-a911-4834-9b60-40ab8a7aba1f,2026-07-13T12:45:00Z,2026-07-13T14:45:00+0200,46904.38527,MW,DE,DE_LU,forecast_solar_generation,Solar,2026-08-05T11:47:58Z
2026-08-05T11:45:45Z,2026-08-05T13:45:45+0200,eaa53f57-a911-4834-9b60-40ab8a7aba1f,2026-07-13T13:00:00Z,2026-07-13T15:00:00+0200,45654.87266,MW,DE,DE_LU,forecast_solar_generation,Solar,2026-08-05T11:47:58Z
2026-08-05T11:45:45Z,2026-08-05T13:45:45+0200,eaa53f57-a911-4834-9b60-40ab8a7aba1f,2026-07-13T13:15:00Z,2026-07-13T15:15:00+0200,44259.24239,MW,DE,DE_LU,forecast_solar_generation,Solar,2026-08-05T11:47:58Z
2026-08-05T11:45:45Z,2026-08-05T13:45:45+0200,eaa53f57-a911-4834-9b60-40ab8a7aba1f,2026-07-13T13:30:00Z,2026-07-13T15:30:00+0200,42684.98839,MW,DE,DE_LU,forecast_solar_generation,Solar,2026-08-05T11:47:58Z
2026-08-05T11:45:45Z,2026-08-05T13:45:45+0200,eaa53f57-a911-4834-9b60-40ab8a7aba1f,2026-07-13T13:45:00Z,2026-07-13T15:45:00+0200,41030.42466,MW,DE,DE_LU,forecast_solar_generation,Solar,2026-08-05T11:47:58Z
2026-08-05T11:45:45Z,2026-08-05T13:45:45+0200,eaa53f57-a911-4834-9b60-40ab8a7aba1f,2026-07-13T14:00:00Z,2026-07-13T16:00:00+0200,39204.10087,MW,DE,DE_LU,forecast_solar_generation,Solar,2026-08-05T11:47:58Z
2026-08-05T11:45:45Z,2026-08-05T13:45:45+0200,eaa53f57-a911-4834-9b60-40ab8a7aba1f,2026-07-13T14:15:00Z,2026-07-13T16:15:00+0200,37271.67839,MW,DE,DE_LU,forecast_solar_generation,Solar,2026-08-05T11:47:58Z
2026-08-05T11:45:45Z,2026-08-05T13:45:45+0200,eaa53f57-a911-4834-9b60-40ab8a7aba1f,2026-07-13T14:30:00Z,2026-07-13T16:30:00+0200,35205.94,MW,DE,DE_LU,forecast_solar_generation,Solar,2026-08-05T11:47:58Z
2026-08-05T11:45:45Z,2026-08-05T13:45:45+0200,eaa53f57-a911-4834-9b60-40ab8a7aba1f,2026-07-13T14:45:00Z,2026-07-13T16:45:00+0200,33020.17258,MW,DE,DE_LU,forecast_solar_generation,Solar,2026-08-05T11:47:58Z
2026-08-05T11:45:45Z,2026-08-05T13:45:45+0200,eaa53f57-a911-4834-9b60-40ab8a7aba1f,2026-07-13T15:00:00Z,2026-07-13T17:00:00+0200,30652.12058,MW,DE,DE_LU,forecast_solar_generation,Solar,2026-08-05T11:47:58Z
2026-08-05T11:45:45Z,2026-08-05T13:45:45+0200,eaa53f57-a911-4834-9b60-40ab8a7aba1f,2026-07-13T15:15:00Z,2026-07-13T17:15:00+0200,28211.91566,MW,DE,DE_LU,forecast_solar_generation,Solar,2026-08-05T11:47:58Z
2026-08-05T11:45:45Z,2026-08-05T13:45:45+0200,eaa53f57-a911-4834-9b60-40ab8a7aba1f,2026-07-13T15:30:00Z,2026-07-13T17:30:00+0200,25697.40449,MW,DE,DE_LU,forecast_solar_generation,Solar,2026-08-05T11:47:58Z
2026-08-05T11:45:45Z,2026-08-05T13:45:45+0200,eaa53f57-a911-4834-9b60-40ab8a7aba1f,2026-07-13T15:45:00Z,2026-07-13T17:45:00+0200,23180.79156,MW,DE,DE_LU,forecast_solar_generation,Solar,2026-08-05T11:47:58Z
2026-08-05T11:45:45Z,2026-08-05T13:45:45+0200,eaa53f57-a911-4834-9b60-40ab8a7aba1f,2026-07-13T16:00:00Z,2026-07-13T18:00:00+0200,20627.40927,MW,DE,DE_LU,forecast_solar_generation,Solar,2026-08-05T11:47:58Z
2026-08-05T11:45:45Z,2026-08-05T13:45:45+0200,eaa53f57-a911-4834-9b60-40ab8a7aba1f,2026-07-13T16:15:00Z,2026-07-13T18:15:00+0200,18060.80886,MW,DE,DE_LU,forecast_solar_generation,Solar,2026-08-05T11:47:58Z
2026-08-05T11:45:45Z,2026-08-05T13:45:45+0200,eaa53f57-a911-4834-9b60-40ab8a7aba1f,2026-07-13T16:30:00Z,2026-07-13T18:30:00+0200,15534.75618,MW,DE,DE_LU,forecast_solar_generation,Solar,2026-08-05T11:47:58Z
2026-08-05T11:45:45Z,2026-08-05T13:45:45+0200,eaa53f57-a911-4834-9b60-40ab8a7aba1f,2026-07-13T16:45:00Z,2026-07-13T18:45:00+0200,13117.00929,MW,DE,DE_LU,forecast_solar_generation,Solar,2026-08-05T11:47:58Z
2026-08-05T11:45:45Z,2026-08-05T13:45:45+0200,eaa53f57-a911-4834-9b60-40ab8a7aba1f,2026-07-13T17:00:00Z,2026-07-13T19:00:00+0200,10828.46052,MW,DE,DE_LU,forecast_solar_generation,Solar,2026-08-05T11:47:58Z
2026-08-05T11:45:45Z,2026-08-05T13:45:45+0200,eaa53f57-a911-4834-9b60-40ab8a7aba1f,2026-07-13T17:15:00Z,2026-07-13T19:15:00+0200,8705.97831,MW,DE,DE_LU,forecast_solar_generation,Solar,2026-08-05T11:47:58Z
2026-08-05T11:45:45Z,2026-08-05T13:45:45+0200,eaa53f57-a911-4834-9b60-40ab8a7aba1f,2026-07-13T17:30:00Z,2026-07-13T19:30:00+0200,6843.38894,MW,DE,DE_LU,forecast_solar_generation,Solar,2026-08-05T11:47:58Z
2026-08-05T11:45:45Z,2026-08-05T13:45:45+0200,eaa53f57-a911-4834-9b60-40ab8a7aba1f,2026-07-13T17:45:00Z,2026-07-13T19:45:00+0200,5246.72284,MW,DE,DE_LU,forecast_solar_generation,Solar,2026-08-05T11:47:58Z
2026-08-05T11:45:45Z,2026-08-05T13:45:45+0200,eaa53f57-a911-4834-9b60-40ab8a7aba1f,2026-07-13T18:00:00Z,2026-07-13T20:00:00+0200,3881.54055,MW,DE,DE_LU,forecast_solar_generation,Solar,2026-08-05T11:47:58Z
2026-08-05T11:45:45Z,2026-08-05T13:45:45+0200,eaa53f57-a911-4834-9b60-40ab8a7aba1f,2026-07-13T18:15:00Z,2026-07-13T20:15:00+0200,2715.51535,MW,DE,DE_LU,forecast_solar_generation,Solar,2026-08-05T11:47:58Z
2026-08-05T11:45:45Z,2026-08-05T13:45:45+0200,eaa53f57-a911-4834-9b60-40ab8a7aba1f,2026-07-13T18:30:00Z,2026-07-13T20:30:00+0200,1741.42716,MW,DE,DE_LU,forecast_solar_generation,Solar,2026-08-05T11:47:58Z
2026-08-05T11:45:45Z,2026-08-05T13:45:45+0200,eaa53f57-a911-4834-9b60-40ab8a7aba1f,2026-07-13T18:45:00Z,2026-07-13T20:45:00+0200,980.4524,MW,DE,DE_LU,forecast_solar_generation,Solar,2026-08-05T11:47:58Z
2026-08-05T11:45:45Z,2026-08-05T13:45:45+0200,eaa53f57-a911-4834-9b60-40ab8a7aba1f,2026-07-13T19:00:00Z,2026-07-13T21:00:00+0200,445.36394,MW,DE,DE_LU,forecast_solar_generation,Solar,2026-08-05T11:47:58Z
2026-08-05T11:45:45Z,2026-08-05T13:45:45+0200,eaa53f57-a911-4834-9b60-40ab8a7aba1f,2026-07-13T19:15:00Z,2026-07-13T21:15:00+0200,155.81369,MW,DE,DE_LU,forecast_solar_generation,Solar,2026-08-05T11:47:58Z
2026-08-05T11:45:45Z,2026-08-05T13:45:45+0200,eaa53f57-a911-4834-9b60-40ab8a7aba1f,2026-07-13T19:30:00Z,2026-07-13T21:30:00+0200,51.00178,MW,DE,DE_LU,forecast_solar_generation,Solar,2026-08-05T11:47:58Z
2026-08-05T11:45:45Z,2026-08-05T13:45:45+0200,eaa53f57-a911-4834-9b60-40ab8a7aba1f,2026-07-13T19:45:00Z,2026-07-13T21:45:00+0200,20.8183,MW,DE,DE_LU,forecast_solar_generation,Solar,2026-08-05T11:47:58Z
2026-08-05T11:45:45Z,2026-08-05T13:45:45+0200,eaa53f57-a911-4834-9b60-40ab8a7aba1f,2026-07-13T20:00:00Z,2026-07-13T22:00:00+0200,0.0,MW,DE,DE_LU,forecast_solar_generation,Solar,2026-08-05T11:47:58Z
2026-08-05T11:45:45Z,2026-08-05T13:45:45+0200,eaa53f57-a911-4834-9b60-40ab8a7aba1f,2026-07-13T20:15:00Z,2026-07-13T22:15:00+0200,0.0,MW,DE,DE_LU,forecast_solar_generation,Solar,2026-08-05T11:47:58Z
2026-08-05T11:45:45Z,2026-08-05T13:45:45+0200,eaa53f57-a911-4834-9b60-40ab8a7aba1f,2026-07-13T20:30:00Z,2026-07-13T22:30:00+0200,0.0,MW,DE,DE_LU,forecast_solar_generation,Solar,2026-08-05T11:47:58Z
2026-08-05T11:45:45Z,2026-08-05T13:45:45+0200,eaa53f57-a911-4834-9b60-40ab8a7aba1f,2026-07-13T20:45:00Z,2026-07-13T22:45:00+0200,0.0,MW,DE,DE_LU,forecast_solar_generation,Solar,2026-08-05T11:47:58Z
2026-08-05T11:45:45Z,2026-08-05T13:45:45+0200,eaa53f57-a911-4834-9b60-40ab8a7aba1f,2026-07-13T21:00:00Z,2026-07-13T23:00:00+0200,0.0,MW,DE,DE_LU,forecast_solar_generation,Solar,2026-08-05T11:47:58Z
2026-08-05T11:45:45Z,2026-08-05T13:45:45+0200,eaa53f57-a911-4834-9b60-40ab8a7aba1f,2026-07-13T21:15:00Z,2026-07-13T23:15:00+0200,0.0,MW,DE,DE_LU,forecast_solar_generation,Solar,2026-08-05T11:47:58Z
2026-08-05T11:45:45Z,2026-08-05T13:45:45+0200,eaa53f57-a911-4834-9b60-40ab8a7aba1f,2026-07-13T21:30:00Z,2026-07-13T23:30:00+0200,0.0,MW,DE,DE_LU,forecast_solar_generation,Solar,2026-08-05T11:47:58Z
2026-08-05T11:45:45Z,2026-08-05T13:45:45+0200,eaa53f57-a911-4834-9b60-40ab8a7aba1f,2026-07-13T21:45:00Z,2026-07-13T23:45:00+0200,0.0,MW,DE,DE_LU,forecast_solar_generation,Solar,2026-08-05T11:47:58Z
2026-08-05T11:45:45Z,2026-08-05T13:45:45+0200,eaa53f57-a911-4834-9b60-40ab8a7aba1f,2026-07-13T22:00:00Z,2026-07-14T00:00:00+0200,0.0,MW,DE,DE_LU,forecast_solar_generation,Solar,2026-08-05T11:47:58Z
2026-08-05T11:45:45Z,2026-08-05T13:45:45+0200,eaa53f57-a911-4834-9b60-40ab8a7aba1f,2026-07-13T22:15:00Z,2026-07-14T00:15:00+0200,0.0,MW,DE,DE_LU,forecast_solar_generation,Solar,2026-08-05T11:47:58Z
2026-08-05T11:45:45Z,2026-08-05T13:45:45+0200,eaa53f57-a911-4834-9b60-40ab8a7aba1f,2026-07-13T22:30:00Z,2026-07-14T00:30:00+0200,0.0,MW,DE,DE_LU,forecast_solar_generation,Solar,2026-08-05T11:47:58Z
2026-08-05T11:45:45Z,2026-08-05T13:45:45+0200,eaa53f57-a911-4834-9b60-40ab8a7aba1f,2026-07-13T22:45:00Z,2026-07-14T00:45:00+0200,0.0,MW,DE,DE_LU,forecast_solar_generation,Solar,2026-08-05T11:47:58Z
2026-08-05T11:45:45Z,2026-08-05T13:45:45+0200,eaa53f57-a911-4834-9b60-40ab8a7aba1f,2026-07-13T23:00:00Z,2026-07-14T01:00:00+0200,0.0,MW,DE,DE_LU,forecast_solar_generation,Solar,2026-08-05T11:47:58Z
2026-08-05T11:45:45Z,2026-08-05T13:45:45+0200,eaa53f57-a911-4834-9b60-40ab8a7aba1f,2026-07-13T23:15:00Z,2026-07-14T01:15:00+0200,0.0,MW,DE,DE_LU,forecast_solar_generation,Solar,2026-08-05T11:47:58Z
2026-08-05T11:45:45Z,2026-08-05T13:45:45+0200,eaa53f57-a911-4834-9b60-40ab8a7aba1f,2026-07-13T23:30:00Z,2026-07-14T01:30:00+0200,0.0,MW,DE,DE_LU,forecast_solar_generation,Solar,2026-08-05T11:47:58Z
2026-08-05T11:45:45Z,2026-08-05T13:45:45+0200,eaa53f57-a911-4834-9b60-40ab8a7aba1f,2026-07-13T23:45:00Z,2026-07-14T01:45:00+0200,0.0,MW,DE,DE_LU,forecast_solar_generation,Solar,2026-08-05T11:47:58Z
2026-08-05T11:45:45Z,2026-08-05T13:45:45+0200,eaa53f57-a911-4834-9b60-40ab8a7aba1f,2026-07-14T00:00:00Z,2026-07-14T02:00:00+0200,0.0,MW,DE,DE_LU,forecast_solar_generation,Solar,2026-08-05T11:47:58Z
2026-08-05T11:45:45Z,2026-08-05T13:45:45+0200,eaa53f57-a911-4834-9b60-40ab8a7aba1f,2026-07-14T00:15:00Z,2026-07-14T02:15:00+0200,0.0,MW,DE,DE_LU,forecast_solar_generation,Solar,2026-08-05T11:47:58Z
2026-08-05T11:45:45Z,2026-08-05T13:45:45+0200,eaa53f57-a911-4834-9b60-40ab8a7aba1f,2026-07-14T00:30:00Z,2026-07-14T02:30:00+0200,0.0,MW,DE,DE_LU,forecast_solar_generation,Solar,2026-08-05T11:47:58Z
2026-08-05T11:45:45Z,2026-08-05T13:45:45+0200,eaa53f57-a911-4834-9b60-40ab8a7aba1f,2026-07-14T00:45:00Z,2026-07-14T02:45:00+0200,0.0,MW,DE,DE_LU,forecast_solar_generation,Solar,2026-08-05T11:47:58Z
2026-08-05T11:45:45Z,2026-08-05T13:45:45+0200,eaa53f57-a911-4834-9b60-40ab8a7aba1f,2026-07-14T01:00:00Z,2026-07-14T03:00:00+0200,0.0,MW,DE,DE_LU,forecast_solar_generation,Solar,2026-08-05T11:47:58Z
2026-08-05T11:45:45Z,2026-08-05T13:45:45+0200,eaa53f57-a911-4834-9b60-40ab8a7aba1f,2026-07-14T01:15:00Z,2026-07-14T03:15:00+0200,0.0,MW,DE,DE_LU,forecast_solar_generation,Solar,2026-08-05T11:47:58Z
2026-08-05T11:45:45Z,2026-08-05T13:45:45+0200,eaa53f57-a911-4834-9b60-40ab8a7aba1f,2026-07-14T01:30:00Z,2026-07-14T03:30:00+0200,0.0,MW,DE,DE_LU,forecast_solar_generation,Solar,2026-08-05T11:47:58Z
2026-08-05T11:45:45Z,2026-08-05T13:45:45+0200,eaa53f57-a911-4834-9b60-40ab8a7aba1f,2026-07-14T01:45:00Z,2026-07-14T03:45:00+0200,0.0,MW,DE,DE_LU,forecast_solar_generation,Solar,2026-08-05T11:47:58Z
2026-08-05T11:45:45Z,2026-08-05T13:45:45+0200,eaa53f57-a911-4834-9b60-40ab8a7aba1f,2026-07-14T02:00:00Z,2026-07-14T04:00:00+0200,0.0,MW,DE,DE_LU,forecast_solar_generation,Solar,2026-08-05T11:47:58Z
2026-08-05T11:45:45Z,2026-08-05T13:45:45+0200,eaa53f57-a911-4834-9b60-40ab8a7aba1f,2026-07-14T02:15:00Z,2026-07-14T04:15:00+0200,0.0,MW,DE,DE_LU,forecast_solar_generation,Solar,2026-08-05T11:47:58Z
2026-08-05T11:45:45Z,2026-08-05T13:45:45+0200,eaa53f57-a911-4834-9b60-40ab8a7aba1f,2026-07-14T02:30:00Z,2026-07-14T04:30:00+0200,0.0,MW,DE,DE_LU,forecast_solar_generation,Solar,2026-08-05T11:47:58Z
2026-08-05T11:45:45Z,2026-08-05T13:45:45+0200,eaa53f57-a911-4834-9b60-40ab8a7aba1f,2026-07-14T02:45:00Z,2026-07-14T04:45:00+0200,0.12,MW,DE,DE_LU,forecast_solar_generation,Solar,2026-08-05T11:47:58Z
2026-08-05T11:45:45Z,2026-08-05T13:45:45+0200,eaa53f57-a911-4834-9b60-40ab8a7aba1f,2026-07-14T03:00:00Z,2026-07-14T05:00:00+0200,36.26649,MW,DE,DE_LU,forecast_solar_generation,Solar,2026-08-05T11:47:58Z
2026-08-05T11:45:45Z,2026-08-05T13:45:45+0200,eaa53f57-a911-4834-9b60-40ab8a7aba1f,2026-07-14T03:15:00Z,2026-07-14T05:15:00+0200,123.60398,MW,DE,DE_LU,forecast_solar_generation,Solar,2026-08-05T11:47:58Z
2026-08-05T11:45:45Z,2026-08-05T13:45:45+0200,eaa53f57-a911-4834-9b60-40ab8a7aba1f,2026-07-14T03:30:00Z,2026-07-14T05:30:00+0200,382.923,MW,DE,DE_LU,forecast_solar_generation,Solar,2026-08-05T11:47:58Z
2026-08-05T11:45:45Z,2026-08-05T13:45:45+0200,eaa53f57-a911-4834-9b60-40ab8a7aba1f,2026-07-14T03:45:00Z,2026-07-14T05:45:00+0200,814.64233,MW,DE,DE_LU,forecast_solar_generation,Solar,2026-08-05T11:47:58Z
2026-08-05T11:45:45Z,2026-08-05T13:45:45+0200,eaa53f57-a911-4834-9b60-40ab8a7aba1f,2026-07-14T04:00:00Z,2026-07-14T06:00:00+0200,1521.90201,MW,DE,DE_LU,forecast_solar_generation,Solar,2026-08-05T11:47:58Z
2026-08-05T11:45:45Z,2026-08-05T13:45:45+0200,eaa53f57-a911-4834-9b60-40ab8a7aba1f,2026-07-14T04:15:00Z,2026-07-14T06:15:00+0200,2461.53413,MW,DE,DE_LU,forecast_solar_generation,Solar,2026-08-05T11:47:58Z
2026-08-05T11:45:45Z,2026-08-05T13:45:45+0200,eaa53f57-a911-4834-9b60-40ab8a7aba1f,2026-07-14T04:30:00Z,2026-07-14T06:30:00+0200,3607.34338,MW,DE,DE_LU,forecast_solar_generation,Solar,2026-08-05T11:47:58Z
2026-08-05T11:45:45Z,2026-08-05T13:45:45+0200,eaa53f57-a911-4834-9b60-40ab8a7aba1f,2026-07-14T04:45:00Z,2026-07-14T06:45:00+0200,4952.03696,MW,DE,DE_LU,forecast_solar_generation,Solar,2026-08-05T11:47:58Z
2026-08-05T11:45:45Z,2026-08-05T13:45:45+0200,eaa53f57-a911-4834-9b60-40ab8a7aba1f,2026-07-14T05:00:00Z,2026-07-14T07:00:00+0200,6513.41303,MW,DE,DE_LU,forecast_solar_generation,Solar,2026-08-05T11:47:58Z
2026-08-05T11:45:45Z,2026-08-05T13:45:45+0200,eaa53f57-a911-4834-9b60-40ab8a7aba1f,2026-07-14T05:15:00Z,2026-07-14T07:15:00+0200,8300.0768,MW,DE,DE_LU,forecast_solar_generation,Solar,2026-08-05T11:47:58Z
2026-08-05T11:45:45Z,2026-08-05T13:45:45+0200,eaa53f57-a911-4834-9b60-40ab8a7aba1f,2026-07-14T05:30:00Z,2026-07-14T07:30:00+0200,10314.15925,MW,DE,DE_LU,forecast_solar_generation,Solar,2026-08-05T11:47:58Z
2026-08-05T11:45:45Z,2026-08-05T13:45:45+0200,eaa53f57-a911-4834-9b60-40ab8a7aba1f,2026-07-14T05:45:00Z,2026-07-14T07:45:00+0200,12516.71035,MW,DE,DE_LU,forecast_solar_generation,Solar,2026-08-05T11:47:58Z
2026-08-05T11:45:45Z,2026-08-05T13:45:45+0200,eaa53f57-a911-4834-9b60-40ab8a7aba1f,2026-07-14T06:00:00Z,2026-07-14T08:00:00+0200,14862.43253,MW,DE,DE_LU,forecast_solar_generation,Solar,2026-08-05T11:47:58Z
2026-08-05T11:45:45Z,2026-08-05T13:45:45+0200,eaa53f57-a911-4834-9b60-40ab8a7aba1f,2026-07-14T06:15:00Z,2026-07-14T08:15:00+0200,17305.6449,MW,DE,DE_LU,forecast_solar_generation,Solar,2026-08-05T11:47:58Z
2026-08-05T11:45:45Z,2026-08-05T13:45:45+0200,eaa53f57-a911-4834-9b60-40ab8a7aba1f,2026-07-14T06:30:00Z,2026-07-14T08:30:00+0200,19786.78793,MW,DE,DE_LU,forecast_solar_generation,Solar,2026-08-05T11:47:58Z
2026-08-05T11:45:45Z,2026-08-05T13:45:45+0200,eaa53f57-a911-4834-9b60-40ab8a7aba1f,2026-07-14T06:45:00Z,2026-07-14T08:45:00+0200,22243.1652,MW,DE,DE_LU,forecast_solar_generation,Solar,2026-08-05T11:47:58Z
2026-08-05T11:45:45Z,2026-08-05T13:45:45+0200,eaa53f57-a911-4834-9b60-40ab8a7aba1f,2026-07-14T07:00:00Z,2026-07-14T09:00:00+0200,24617.91467,MW,DE,DE_LU,forecast_solar_generation,Solar,2026-08-05T11:47:58Z
2026-08-05T11:45:45Z,2026-08-05T13:45:45+0200,eaa53f57-a911-4834-9b60-40ab8a7aba1f,2026-07-14T07:15:00Z,2026-07-14T09:15:00+0200,26929.74567,MW,DE,DE_LU,forecast_solar_generation,Solar,2026-08-05T11:47:58Z
2026-08-05T11:45:45Z,2026-08-05T13:45:45+0200,eaa53f57-a911-4834-9b60-40ab8a7aba1f,2026-07-14T07:30:00Z,2026-07-14T09:30:00+0200,29194.66186,MW,DE,DE_LU,forecast_solar_generation,Solar,2026-08-05T11:47:58Z
2026-08-05T11:45:45Z,2026-08-05T13:45:45+0200,eaa53f57-a911-4834-9b60-40ab8a7aba1f,2026-07-14T07:45:00Z,2026-07-14T09:45:00+0200,31346.12738,MW,DE,DE_LU,forecast_solar_generation,Solar,2026-08-05T11:47:58Z
2026-08-05T11:45:45Z,2026-08-05T13:45:45+0200,eaa53f57-a911-4834-9b60-40ab8a7aba1f,2026-07-14T08:00:00Z,2026-07-14T10:00:00+0200,33341.15182,MW,DE,DE_LU,forecast_solar_generation,Solar,2026-08-05T11:47:58Z
2026-08-05T11:45:45Z,2026-08-05T13:45:45+0200,eaa53f57-a911-4834-9b60-40ab8a7aba1f,2026-07-14T08:15:00Z,2026-07-14T10:15:00+0200,35213.78371,MW,DE,DE_LU,forecast_solar_generation,Solar,2026-08-05T11:47:58Z
2026-08-05T11:45:45Z,2026-08-05T13:45:45+0200,eaa53f57-a911-4834-9b60-40ab8a7aba1f,2026-07-14T08:30:00Z,2026-07-14T10:30:00+0200,36982.74062,MW,DE,DE_LU,forecast_solar_generation,Solar,2026-08-05T11:47:58Z
2026-08-05T11:45:45Z,2026-08-05T13:45:45+0200,eaa53f57-a911-4834-9b60-40ab8a7aba1f,2026-07-14T08:45:00Z,2026-07-14T10:45:00+0200,38631.81738,MW,DE,DE_LU,forecast_solar_generation,Solar,2026-08-05T11:47:58Z
2026-08-05T11:45:45Z,2026-08-05T13:45:45+0200,eaa53f57-a911-4834-9b60-40ab8a7aba1f,2026-07-14T09:00:00Z,2026-07-14T11:00:00+0200,40088.35207,MW,DE,DE_LU,forecast_solar_generation,Solar,2026-08-05T11:47:58Z
2026-08-05T11:45:45Z,2026-08-05T13:45:45+0200,eaa53f57-a911-4834-9b60-40ab8a7aba1f,2026-07-14T09:15:00Z,2026-07-14T11:15:00+0200,41441.79281,MW,DE,DE_LU,forecast_solar_generation,Solar,2026-08-05T11:47:58Z
2026-08-05T11:45:45Z,2026-08-05T13:45:45+0200,eaa53f57-a911-4834-9b60-40ab8a7aba1f,2026-07-14T09:30:00Z,2026-07-14T11:30:00+0200,42647.51177,MW,DE,DE_LU,forecast_solar_generation,Solar,2026-08-05T11:47:58Z
2026-08-05T11:45:45Z,2026-08-05T13:45:45+0200,eaa53f57-a911-4834-9b60-40ab8a7aba1f,2026-07-14T09:45:00Z,2026-07-14T11:45:00+0200,43731.87807,MW,DE,DE_LU,forecast_solar_generation,Solar,2026-08-05T11:47:58Z
2026-08-05T11:45:45Z,2026-08-05T13:45:45+0200,eaa53f57-a911-4834-9b60-40ab8a7aba1f,2026-07-14T10:00:00Z,2026-07-14T12:00:00+0200,44604.56478,MW,DE,DE_LU,forecast_solar_generation,Solar,2026-08-05T11:47:58Z
2026-08-05T11:45:45Z,2026-08-05T13:45:45+0200,eaa53f57-a911-4834-9b60-40ab8a7aba1f,2026-07-14T10:15:00Z,2026-07-14T12:15:00+0200,45299.88785,MW,DE,DE_LU,forecast_solar_generation,Solar,2026-08-05T11:47:58Z
2026-08-05T11:45:45Z,2026-08-05T13:45:45+0200,eaa53f57-a911-4834-9b60-40ab8a7aba1f,2026-07-14T10:30:00Z,2026-07-14T12:30:00+0200,45849.29785,MW,DE,DE_LU,forecast_solar_generation,Solar,2026-08-05T11:47:58Z
2026-08-05T11:45:45Z,2026-08-05T13:45:45+0200,eaa53f57-a911-4834-9b60-40ab8a7aba1f,2026-07-14T10:45:00Z,2026-07-14T12:45:00+0200,46181.61918,MW,DE,DE_LU,forecast_solar_generation,Solar,2026-08-05T11:47:58Z
2026-08-05T11:45:45Z,2026-08-05T13:45:45+0200,eaa53f57-a911-4834-9b60-40ab8a7aba1f,2026-07-14T11:00:00Z,2026-07-14T13:00:00+0200,46406.22681,MW,DE,DE_LU,forecast_solar_generation,Solar,2026-08-05T11:47:58Z
2026-08-05T11:45:45Z,2026-08-05T13:45:45+0200,eaa53f57-a911-4834-9b60-40ab8a7aba1f,2026-07-14T11:15:00Z,2026-07-14T13:15:00+0200,46472.24365,MW,DE,DE_LU,forecast_solar_generation,Solar,2026-08-05T11:47:58Z
2026-08-05T11:45:45Z,2026-08-05T13:45:45+0200,eaa53f57-a911-4834-9b60-40ab8a7aba1f,2026-07-14T11:30:00Z,2026-07-14T13:30:00+0200,46354.89954,MW,DE,DE_LU,forecast_solar_generation,Solar,2026-08-05T11:47:58Z
2026-08-05T11:45:45Z,2026-08-05T13:45:45+0200,eaa53f57-a911-4834-9b60-40ab8a7aba1f,2026-07-14T11:45:00Z,2026-07-14T13:45:00+0200,46059.95741,MW,DE,DE_LU,forecast_solar_generation,Solar,2026-08-05T11:47:58Z
2026-08-05T11:45:45Z,2026-08-05T13:45:45+0200,eaa53f57-a911-4834-9b60-40ab8a7aba1f,2026-07-14T12:00:00Z,2026-07-14T14:00:00+0200,45616.1567,MW,DE,DE_LU,forecast_solar_generation,Solar,2026-08-05T11:47:58Z
2026-08-05T11:45:45Z,2026-08-05T13:45:45+0200,eaa53f57-a911-4834-9b60-40ab8a7aba1f,2026-07-14T12:15:00Z,2026-07-14T14:15:00+0200,44895.91523,MW,DE,DE_LU,forecast_solar_generation,Solar,2026-08-05T11:47:58Z
2026-08-05T11:45:45Z,2026-08-05T13:45:45+0200,eaa53f57-a911-4834-9b60-40ab8a7aba1f,2026-07-14T12:30:00Z,2026-07-14T14:30:00+0200,44006.54063,MW,DE,DE_LU,forecast_solar_generation,Solar,2026-08-05T11:47:58Z
2026-08-05T11:45:45Z,2026-08-05T13:45:45+0200,eaa53f57-a911-4834-9b60-40ab8a7aba1f,2026-07-14T12:45:00Z,2026-07-14T14:45:00+0200,43038.6464,MW,DE,DE_LU,forecast_solar_generation,Solar,2026-08-05T11:47:58Z
2026-08-05T11:45:45Z,2026-08-05T13:45:45+0200,eaa53f57-a911-4834-9b60-40ab8a7aba1f,2026-07-14T13:00:00Z,2026-07-14T15:00:00+0200,41943.74241,MW,DE,DE_LU,forecast_solar_generation,Solar,2026-08-05T11:47:58Z
2026-08-05T11:45:45Z,2026-08-05T13:45:45+0200,eaa53f57-a911-4834-9b60-40ab8a7aba1f,2026-07-14T13:15:00Z,2026-07-14T15:15:00+0200,40694.02743,MW,DE,DE_LU,forecast_solar_generation,Solar,2026-08-05T11:47:58Z
2026-08-05T11:45:45Z,2026-08-05T13:45:45+0200,eaa53f57-a911-4834-9b60-40ab8a7aba1f,2026-07-14T13:30:00Z,2026-07-14T15:30:00+0200,39212.72168,MW,DE,DE_LU,forecast_solar_generation,Solar,2026-08-05T11:47:58Z
2026-08-05T11:45:45Z,2026-08-05T13:45:45+0200,eaa53f57-a911-4834-9b60-40ab8a7aba1f,2026-07-14T13:45:00Z,2026-07-14T15:45:00+0200,37615.8338,MW,DE,DE_LU,forecast_solar_generation,Solar,2026-08-05T11:47:58Z
2026-08-05T11:45:45Z,2026-08-05T13:45:45+0200,eaa53f57-a911-4834-9b60-40ab8a7aba1f,2026-07-14T14:00:00Z,2026-07-14T16:00:00+0200,35853.12933,MW,DE,DE_LU,forecast_solar_generation,Solar,2026-08-05T11:47:58Z
2026-08-05T11:45:45Z,2026-08-05T13:45:45+0200,eaa53f57-a911-4834-9b60-40ab8a7aba1f,2026-07-14T14:15:00Z,2026-07-14T16:15:00+0200,33985.02281,MW,DE,DE_LU,forecast_solar_generation,Solar,2026-08-05T11:47:58Z
2026-08-05T11:45:45Z,2026-08-05T13:45:45+0200,eaa53f57-a911-4834-9b60-40ab8a7aba1f,2026-07-14T14:30:00Z,2026-07-14T16:30:00+0200,32004.73489,MW,DE,DE_LU,forecast_solar_generation,Solar,2026-08-05T11:47:58Z
2026-08-05T11:45:45Z,2026-08-05T13:45:45+0200,eaa53f57-a911-4834-9b60-40ab8a7aba1f,2026-07-14T14:45:00Z,2026-07-14T16:45:00+0200,29969.97486,MW,DE,DE_LU,forecast_solar_generation,Solar,2026-08-05T11:47:58Z
2026-08-05T11:45:45Z,2026-08-05T13:45:45+0200,eaa53f57-a911-4834-9b60-40ab8a7aba1f,2026-07-14T15:00:00Z,2026-07-14T17:00:00+0200,27803.9331,MW,DE,DE_LU,forecast_solar_generation,Solar,2026-08-05T11:47:58Z
2026-08-05T11:45:45Z,2026-08-05T13:45:45+0200,eaa53f57-a911-4834-9b60-40ab8a7aba1f,2026-07-14T15:15:00Z,2026-07-14T17:15:00+0200,25598.32685,MW,DE,DE_LU,forecast_solar_generation,Solar,2026-08-05T11:47:58Z
2026-08-05T11:45:45Z,2026-08-05T13:45:45+0200,eaa53f57-a911-4834-9b60-40ab8a7aba1f,2026-07-14T15:30:00Z,2026-07-14T17:30:00+0200,23336.5402,MW,DE,DE_LU,forecast_solar_generation,Solar,2026-08-05T11:47:58Z
2026-08-05T11:45:45Z,2026-08-05T13:45:45+0200,eaa53f57-a911-4834-9b60-40ab8a7aba1f,2026-07-14T15:45:00Z,2026-07-14T17:45:00+0200,21085.86075,MW,DE,DE_LU,forecast_solar_generation,Solar,2026-08-05T11:47:58Z
2026-08-05T11:45:45Z,2026-08-05T13:45:45+0200,eaa53f57-a911-4834-9b60-40ab8a7aba1f,2026-07-14T16:00:00Z,2026-07-14T18:00:00+0200,18803.83585,MW,DE,DE_LU,forecast_solar_generation,Solar,2026-08-05T11:47:58Z
2026-08-05T11:45:45Z,2026-08-05T13:45:45+0200,eaa53f57-a911-4834-9b60-40ab8a7aba1f,2026-07-14T16:15:00Z,2026-07-14T18:15:00+0200,16502.00035,MW,DE,DE_LU,forecast_solar_generation,Solar,2026-08-05T11:47:58Z
2026-08-05T11:45:45Z,2026-08-05T13:45:45+0200,eaa53f57-a911-4834-9b60-40ab8a7aba1f,2026-07-14T16:30:00Z,2026-07-14T18:30:00+0200,14233.5912,MW,DE,DE_LU,forecast_solar_generation,Solar,2026-08-05T11:47:58Z
2026-08-05T11:45:45Z,2026-08-05T13:45:45+0200,eaa53f57-a911-4834-9b60-40ab8a7aba1f,2026-07-14T16:45:00Z,2026-07-14T18:45:00+0200,12057.56168,MW,DE,DE_LU,forecast_solar_generation,Solar,2026-08-05T11:47:58Z
2026-08-05T11:45:45Z,2026-08-05T13:45:45+0200,eaa53f57-a911-4834-9b60-40ab8a7aba1f,2026-07-14T17:00:00Z,2026-07-14T19:00:00+0200,9992.23376,MW,DE,DE_LU,forecast_solar_generation,Solar,2026-08-05T11:47:58Z
2026-08-05T11:45:45Z,2026-08-05T13:45:45+0200,eaa53f57-a911-4834-9b60-40ab8a7aba1f,2026-07-14T17:15:00Z,2026-07-14T19:15:00+0200,8057.2589,MW,DE,DE_LU,forecast_solar_generation,Solar,2026-08-05T11:47:58Z
2026-08-05T11:45:45Z,2026-08-05T13:45:45+0200,eaa53f57-a911-4834-9b60-40ab8a7aba1f,2026-07-14T17:30:00Z,2026-07-14T19:30:00+0200,6310.44034,MW,DE,DE_LU,forecast_solar_generation,Solar,2026-08-05T11:47:58Z
2026-08-05T11:45:45Z,2026-08-05T13:45:45+0200,eaa53f57-a911-4834-9b60-40ab8a7aba1f,2026-07-14T17:45:00Z,2026-07-14T19:45:00+0200,4796.81106,MW,DE,DE_LU,forecast_solar_generation,Solar,2026-08-05T11:47:58Z
2026-08-05T11:45:45Z,2026-08-05T13:45:45+0200,eaa53f57-a911-4834-9b60-40ab8a7aba1f,2026-07-14T18:00:00Z,2026-07-14T20:00:00+0200,3544.47305,MW,DE,DE_LU,forecast_solar_generation,Solar,2026-08-05T11:47:58Z
2026-08-05T11:45:45Z,2026-08-05T13:45:45+0200,eaa53f57-a911-4834-9b60-40ab8a7aba1f,2026-07-14T18:15:00Z,2026-07-14T20:15:00+0200,2492.33285,MW,DE,DE_LU,forecast_solar_generation,Solar,2026-08-05T11:47:58Z
2026-08-05T11:45:45Z,2026-08-05T13:45:45+0200,eaa53f57-a911-4834-9b60-40ab8a7aba1f,2026-07-14T18:30:00Z,2026-07-14T20:30:00+0200,1623.41614,MW,DE,DE_LU,forecast_solar_generation,Solar,2026-08-05T11:47:58Z
2026-08-05T11:45:45Z,2026-08-05T13:45:45+0200,eaa53f57-a911-4834-9b60-40ab8a7aba1f,2026-07-14T18:45:00Z,2026-07-14T20:45:00+0200,933.54035,MW,DE,DE_LU,forecast_solar_generation,Solar,2026-08-05T11:47:58Z
2026-08-05T11:45:45Z,2026-08-05T13:45:45+0200,eaa53f57-a911-4834-9b60-40ab8a7aba1f,2026-07-14T19:00:00Z,2026-07-14T21:00:00+0200,439.16334,MW,DE,DE_LU,forecast_solar_generation,Solar,2026-08-05T11:47:58Z
2026-08-05T11:45:45Z,2026-08-05T13:45:45+0200,eaa53f57-a911-4834-9b60-40ab8a7aba1f,2026-07-14T19:15:00Z,2026-07-14T21:15:00+0200,162.20103,MW,DE,DE_LU,forecast_solar_generation,Solar,2026-08-05T11:47:58Z
2026-08-05T11:45:45Z,2026-08-05T13:45:45+0200,eaa53f57-a911-4834-9b60-40ab8a7aba1f,2026-07-14T19:30:00Z,2026-07-14T21:30:00+0200,50.26765,MW,DE,DE_LU,forecast_solar_generation,Solar,2026-08-05T11:47:58Z
2026-08-05T11:45:45Z,2026-08-05T13:45:45+0200,eaa53f57-a911-4834-9b60-40ab8a7aba1f,2026-07-14T19:45:00Z,2026-07-14T21:45:00+0200,19.77868,MW,DE,DE_LU,forecast_solar_generation,Solar,2026-08-05T11:47:58Z
2026-08-05T11:45:45Z,2026-08-05T13:45:45+0200,eaa53f57-a911-4834-9b60-40ab8a7aba1f,2026-07-14T20:00:00Z,2026-07-14T22:00:00+0200,0.0,MW,DE,DE_LU,forecast_solar_generation,Solar,2026-08-05T11:47:58Z
2026-08-05T11:45:45Z,2026-08-05T13:45:45+0200,eaa53f57-a911-4834-9b60-40ab8a7aba1f,2026-07-14T20:15:00Z,2026-07-14T22:15:00+0200,0.0,MW,DE,DE_LU,forecast_solar_generation,Solar,2026-08-05T11:47:58Z
2026-08-05T11:45:45Z,2026-08-05T13:45:45+0200,eaa53f57-a911-4834-9b60-40ab8a7aba1f,2026-07-14T20:30:00Z,2026-07-14T22:30:00+0200,0.0,MW,DE,DE_LU,forecast_solar_generation,Solar,2026-08-05T11:47:58Z
2026-08-05T11:45:45Z,2026-08-05T13:45:45+0200,eaa53f57-a911-4834-9b60-40ab8a7aba1f,2026-07-14T20:45:00Z,2026-07-14T22:45:00+0200,0.0,MW,DE,DE_LU,forecast_solar_generation,Solar,2026-08-05T11:47:58Z
2026-08-05T11:45:45Z,2026-08-05T13:45:45+0200,eaa53f57-a911-4834-9b60-40ab8a7aba1f,2026-07-14T21:00:00Z,2026-07-14T23:00:00+0200,0.0,MW,DE,DE_LU,forecast_solar_generation,Solar,2026-08-05T11:47:58Z
2026-08-05T11:45:45Z,2026-08-05T13:45:45+0200,eaa53f57-a911-4834-9b60-40ab8a7aba1f,2026-07-14T21:15:00Z,2026-07-14T23:15:00+0200,0.0,MW,DE,DE_LU,forecast_solar_generation,Solar,2026-08-05T11:47:58Z
2026-08-05T11:45:45Z,2026-08-05T13:45:45+0200,eaa53f57-a911-4834-9b60-40ab8a7aba1f,2026-07-14T21:30:00Z,2026-07-14T23:30:00+0200,0.0,MW,DE,DE_LU,forecast_solar_generation,Solar,2026-08-05T11:47:58Z
2026-08-05T11:45:45Z,2026-08-05T13:45:45+0200,eaa53f57-a911-4834-9b60-40ab8a7aba1f,2026-07-14T21:45:00Z,2026-07-14T23:45:00+0200,0.0,MW,DE,DE_LU,forecast_solar_generation,Solar,2026-08-05T11:47:58Z
2026-08-05T11:45:45Z,2026-08-05T13:45:45+0200,eaa53f57-a911-4834-9b60-40ab8a7aba1f,2026-07-14T22:00:00Z,2026-07-15T00:00:00+0200,0.0,MW,DE,DE_LU,forecast_solar_generation,Solar,2026-08-05T11:47:58Z
2026-08-05T11:45:45Z,2026-08-05T13:45:45+0200,eaa53f57-a911-4834-9b60-40ab8a7aba1f,2026-07-14T22:15:00Z,2026-07-15T00:15:00+0200,0.0,MW,DE,DE_LU,forecast_solar_generation,Solar,2026-08-05T11:47:58Z
2026-08-05T11:45:45Z,2026-08-05T13:45:45+0200,eaa53f57-a911-4834-9b60-40ab8a7aba1f,2026-07-14T22:30:00Z,2026-07-15T00:30:00+0200,0.0,MW,DE,DE_LU,forecast_solar_generation,Solar,2026-08-05T11:47:58Z
2026-08-05T11:45:45Z,2026-08-05T13:45:45+0200,eaa53f57-a911-4834-9b60-40ab8a7aba1f,2026-07-14T22:45:00Z,2026-07-15T00:45:00+0200,0.0,MW,DE,DE_LU,forecast_solar_generation,Solar,2026-08-05T11:47:58Z
2026-08-05T11:45:45Z,2026-08-05T13:45:45+0200,eaa53f57-a911-4834-9b60-40ab8a7aba1f,2026-07-14T23:00:00Z,2026-07-15T01:00:00+0200,0.0,MW,DE,DE_LU,forecast_solar_generation,Solar,2026-08-05T11:47:58Z
2026-08-05T11:45:45Z,2026-08-05T13:45:45+0200,eaa53f57-a911-4834-9b60-40ab8a7aba1f,2026-07-14T23:15:00Z,2026-07-15T01:15:00+0200,0.0,MW,DE,DE_LU,forecast_solar_generation,Solar,2026-08-05T11:47:58Z
2026-08-05T11:45:45Z,2026-08-05T13:45:45+0200,eaa53f57-a911-4834-9b60-40ab8a7aba1f,2026-07-14T23:30:00Z,2026-07-15T01:30:00+0200,0.0,MW,DE,DE_LU,forecast_solar_generation,Solar,2026-08-05T11:47:58Z
2026-08-05T11:45:45Z,2026-08-05T13:45:45+0200,eaa53f57-a911-4834-9b60-40ab8a7aba1f,2026-07-14T23:45:00Z,2026-07-15T01:45:00+0200,0.0,MW,DE,DE_LU,forecast_solar_generation,Solar,2026-08-05T11:47:58Z
2026-08-05T11:45:45Z,2026-08-05T13:45:45+0200,eaa53f57-a911-4834-9b60-40ab8a7aba1f,2026-07-15T00:00:00Z,2026-07-15T02:00:00+0200,0.0,MW,DE,DE_LU,forecast_solar_generation,Solar,2026-08-05T11:47:58Z
2026-08-05T11:45:45Z,2026-08-05T13:45:45+0200,eaa53f57-a911-4834-9b60-40ab8a7aba1f,2026-07-15T00:15:00Z,2026-07-15T02:15:00+0200,0.0,MW,DE,DE_LU,forecast_solar_generation,Solar,2026-08-05T11:47:58Z
2026-08-05T11:45:45Z,2026-08-05T13:45:45+0200,eaa53f57-a911-4834-9b60-40ab8a7aba1f,2026-07-15T00:30:00Z,2026-07-15T02:30:00+0200,0.0,MW,DE,DE_LU,forecast_solar_generation,Solar,2026-08-05T11:47:58Z
2026-08-05T11:45:45Z,2026-08-05T13:45:45+0200,eaa53f57-a911-4834-9b60-40ab8a7aba1f,2026-07-15T00:45:00Z,2026-07-15T02:45:00+0200,0.0,MW,DE,DE_LU,forecast_solar_generation,Solar,2026-08-05T11:47:58Z
2026-08-05T11:45:45Z,2026-08-05T13:45:45+0200,eaa53f57-a911-4834-9b60-40ab8a7aba1f,2026-07-15T01:00:00Z,2026-07-15T03:00:00+0200,0.0,MW,DE,DE_LU,forecast_solar_generation,Solar,2026-08-05T11:47:58Z
2026-08-05T11:45:45Z,2026-08-05T13:45:45+0200,eaa53f57-a911-4834-9b60-40ab8a7aba1f,2026-07-15T01:15:00Z,2026-07-15T03:15:00+0200,0.0,MW,DE,DE_LU,forecast_solar_generation,Solar,2026-08-05T11:47:58Z
2026-08-05T11:45:45Z,2026-08-05T13:45:45+0200,eaa53f57-a911-4834-9b60-40ab8a7aba1f,2026-07-15T01:30:00Z,2026-07-15T03:30:00+0200,0.0,MW,DE,DE_LU,forecast_solar_generation,Solar,2026-08-05T11:47:58Z
2026-08-05T11:45:45Z,2026-08-05T13:45:45+0200,eaa53f57-a911-4834-9b60-40ab8a7aba1f,2026-07-15T01:45:00Z,2026-07-15T03:45:00+0200,0.0,MW,DE,DE_LU,forecast_solar_generation,Solar,2026-08-05T11:47:58Z
2026-08-05T11:45:45Z,2026-08-05T13:45:45+0200,eaa53f57-a911-4834-9b60-40ab8a7aba1f,2026-07-15T02:00:00Z,2026-07-15T04:00:00+0200,0.0,MW,DE,DE_LU,forecast_solar_generation,Solar,2026-08-05T11:47:58Z
2026-08-05T11:45:45Z,2026-08-05T13:45:45+0200,eaa53f57-a911-4834-9b60-40ab8a7aba1f,2026-07-15T02:15:00Z,2026-07-15T04:15:00+0200,0.0,MW,DE,DE_LU,forecast_solar_generation,Solar,2026-08-05T11:47:58Z
2026-08-05T11:45:45Z,2026-08-05T13:45:45+0200,eaa53f57-a911-4834-9b60-40ab8a7aba1f,2026-07-15T02:30:00Z,2026-07-15T04:30:00+0200,0.0,MW,DE,DE_LU,forecast_solar_generation,Solar,2026-08-05T11:47:58Z
2026-08-05T11:45:45Z,2026-08-05T13:45:45+0200,eaa53f57-a911-4834-9b60-40ab8a7aba1f,2026-07-15T02:45:00Z,2026-07-15T04:45:00+0200,0.05,MW,DE,DE_LU,forecast_solar_generation,Solar,2026-08-05T11:47:58Z
2026-08-05T11:45:45Z,2026-08-05T13:45:45+0200,eaa53f57-a911-4834-9b60-40ab8a7aba1f,2026-07-15T03:00:00Z,2026-07-15T05:00:00+0200,38.87749,MW,DE,DE_LU,forecast_solar_generation,Solar,2026-08-05T11:47:58Z
2026-08-05T11:45:45Z,2026-08-05T13:45:45+0200,eaa53f57-a911-4834-9b60-40ab8a7aba1f,2026-07-15T03:15:00Z,2026-07-15T05:15:00+0200,131.02859,MW,DE,DE_LU,forecast_solar_generation,Solar,2026-08-05T11:47:58Z
2026-08-05T11:45:45Z,2026-08-05T13:45:45+0200,eaa53f57-a911-4834-9b60-40ab8a7aba1f,2026-07-15T03:30:00Z,2026-07-15T05:30:00+0200,402.15312,MW,DE,DE_LU,forecast_solar_generation,Solar,2026-08-05T11:47:58Z
2026-08-05T11:45:45Z,2026-08-05T13:45:45+0200,eaa53f57-a911-4834-9b60-40ab8a7aba1f,2026-07-15T03:45:00Z,2026-07-15T05:45:00+0200,866.34085,MW,DE,DE_LU,forecast_solar_generation,Solar,2026-08-05T11:47:58Z
2026-08-05T11:45:45Z,2026-08-05T13:45:45+0200,eaa53f57-a911-4834-9b60-40ab8a7aba1f,2026-07-15T04:00:00Z,2026-07-15T06:00:00+0200,1602.1885,MW,DE,DE_LU,forecast_solar_generation,Solar,2026-08-05T11:47:58Z
2026-08-05T11:45:45Z,2026-08-05T13:45:45+0200,eaa53f57-a911-4834-9b60-40ab8a7aba1f,2026-07-15T04:15:00Z,2026-07-15T06:15:00+0200,2592.00909,MW,DE,DE_LU,forecast_solar_generation,Solar,2026-08-05T11:47:58Z
2026-08-05T11:45:45Z,2026-08-05T13:45:45+0200,eaa53f57-a911-4834-9b60-40ab8a7aba1f,2026-07-15T04:30:00Z,2026-07-15T06:30:00+0200,3789.01281,MW,DE,DE_LU,forecast_solar_generation,Solar,2026-08-05T11:47:58Z
2026-08-05T11:45:45Z,2026-08-05T13:45:45+0200,eaa53f57-a911-4834-9b60-40ab8a7aba1f,2026-07-15T04:45:00Z,2026-07-15T06:45:00+0200,5201.9916,MW,DE,DE_LU,forecast_solar_generation,Solar,2026-08-05T11:47:58Z
2026-08-05T11:45:45Z,2026-08-05T13:45:45+0200,eaa53f57-a911-4834-9b60-40ab8a7aba1f,2026-07-15T05:00:00Z,2026-07-15T07:00:00+0200,6863.14039,MW,DE,DE_LU,forecast_solar_generation,Solar,2026-08-05T11:47:58Z
2026-08-05T11:45:45Z,2026-08-05T13:45:45+0200,eaa53f57-a911-4834-9b60-40ab8a7aba1f,2026-07-15T05:15:00Z,2026-07-15T07:15:00+0200,8811.99022,MW,DE,DE_LU,forecast_solar_generation,Solar,2026-08-05T11:47:58Z
2026-08-05T11:45:45Z,2026-08-05T13:45:45+0200,eaa53f57-a911-4834-9b60-40ab8a7aba1f,2026-07-15T05:30:00Z,2026-07-15T07:30:00+0200,11038.56632,MW,DE,DE_LU,forecast_solar_generation,Solar,2026-08-05T11:47:58Z
2026-08-05T11:45:45Z,2026-08-05T13:45:45+0200,eaa53f57-a911-4834-9b60-40ab8a7aba1f,2026-07-15T05:45:00Z,2026-07-15T07:45:00+0200,13468.88677,MW,DE,DE_LU,forecast_solar_generation,Solar,2026-08-05T11:47:58Z
2026-08-05T11:45:45Z,2026-08-05T13:45:45+0200,eaa53f57-a911-4834-9b60-40ab8a7aba1f,2026-07-15T06:00:00Z,2026-07-15T08:00:00+0200,16034.52605,MW,DE,DE_LU,forecast_solar_generation,Solar,2026-08-05T11:47:58Z
2026-08-05T11:45:45Z,2026-08-05T13:45:45+0200,eaa53f57-a911-4834-9b60-40ab8a7aba1f,2026-07-15T06:15:00Z,2026-07-15T08:15:00+0200,18702.29537,MW,DE,DE_LU,forecast_solar_generation,Solar,2026-08-05T11:47:58Z
2026-08-05T11:45:45Z,2026-08-05T13:45:45+0200,eaa53f57-a911-4834-9b60-40ab8a7aba1f,2026-07-15T06:30:00Z,2026-07-15T08:30:00+0200,21377.24327,MW,DE,DE_LU,forecast_solar_generation,Solar,2026-08-05T11:47:58Z
2026-08-05T11:45:45Z,2026-08-05T13:45:45+0200,eaa53f57-a911-4834-9b60-40ab8a7aba1f,2026-07-15T06:45:00Z,2026-07-15T08:45:00+0200,23976.6101,MW,DE,DE_LU,forecast_solar_generation,Solar,2026-08-05T11:47:58Z
2026-08-05T11:45:45Z,2026-08-05T13:45:45+0200,eaa53f57-a911-4834-9b60-40ab8a7aba1f,2026-07-15T07:00:00Z,2026-07-15T09:00:00+0200,26459.04004,MW,DE,DE_LU,forecast_solar_generation,Solar,2026-08-05T11:47:58Z
2026-08-05T11:45:45Z,2026-08-05T13:45:45+0200,eaa53f57-a911-4834-9b60-40ab8a7aba1f,2026-07-15T07:15:00Z,2026-07-15T09:15:00+0200,28855.1098,MW,DE,DE_LU,forecast_solar_generation,Solar,2026-08-05T11:47:58Z
2026-08-05T11:45:45Z,2026-08-05T13:45:45+0200,eaa53f57-a911-4834-9b60-40ab8a7aba1f,2026-07-15T07:30:00Z,2026-07-15T09:30:00+0200,31174.18103,MW,DE,DE_LU,forecast_solar_generation,Solar,2026-08-05T11:47:58Z
2026-08-05T11:45:45Z,2026-08-05T13:45:45+0200,eaa53f57-a911-4834-9b60-40ab8a7aba1f,2026-07-15T07:45:00Z,2026-07-15T09:45:00+0200,33367.92094,MW,DE,DE_LU,forecast_solar_generation,Solar,2026-08-05T11:47:58Z
2026-08-05T11:45:45Z,2026-08-05T13:45:45+0200,eaa53f57-a911-4834-9b60-40ab8a7aba1f,2026-07-15T08:00:00Z,2026-07-15T10:00:00+0200,35366.739,MW,DE,DE_LU,forecast_solar_generation,Solar,2026-08-05T11:47:58Z
2026-08-05T11:45:45Z,2026-08-05T13:45:45+0200,eaa53f57-a911-4834-9b60-40ab8a7aba1f,2026-07-15T08:15:00Z,2026-07-15T10:15:00+0200,37218.20535,MW,DE,DE_LU,forecast_solar_generation,Solar,2026-08-05T11:47:58Z
2026-08-05T11:45:45Z,2026-08-05T13:45:45+0200,eaa53f57-a911-4834-9b60-40ab8a7aba1f,2026-07-15T08:30:00Z,2026-07-15T10:30:00+0200,38918.93033,MW,DE,DE_LU,forecast_solar_generation,Solar,2026-08-05T11:47:58Z
2026-08-05T11:45:45Z,2026-08-05T13:45:45+0200,eaa53f57-a911-4834-9b60-40ab8a7aba1f,2026-07-15T08:45:00Z,2026-07-15T10:45:00+0200,40490.5523,MW,DE,DE_LU,forecast_solar_generation,Solar,2026-08-05T11:47:58Z
2026-08-05T11:45:45Z,2026-08-05T13:45:45+0200,eaa53f57-a911-4834-9b60-40ab8a7aba1f,2026-07-15T09:00:00Z,2026-07-15T11:00:00+0200,41884.72569,MW,DE,DE_LU,forecast_solar_generation,Solar,2026-08-05T11:47:58Z
2026-08-05T11:45:45Z,2026-08-05T13:45:45+0200,eaa53f57-a911-4834-9b60-40ab8a7aba1f,2026-07-15T09:15:00Z,2026-07-15T11:15:00+0200,43175.98629,MW,DE,DE_LU,forecast_solar_generation,Solar,2026-08-05T11:47:58Z
2026-08-05T11:45:45Z,2026-08-05T13:45:45+0200,eaa53f57-a911-4834-9b60-40ab8a7aba1f,2026-07-15T09:30:00Z,2026-07-15T11:30:00+0200,44310.88655,MW,DE,DE_LU,forecast_solar_generation,Solar,2026-08-05T11:47:58Z
2026-08-05T11:45:45Z,2026-08-05T13:45:45+0200,eaa53f57-a911-4834-9b60-40ab8a7aba1f,2026-07-15T09:45:00Z,2026-07-15T11:45:00+0200,45339.24925,MW,DE,DE_LU,forecast_solar_generation,Solar,2026-08-05T11:47:58Z
2026-08-05T11:45:45Z,2026-08-05T13:45:45+0200,eaa53f57-a911-4834-9b60-40ab8a7aba1f,2026-07-15T10:00:00Z,2026-07-15T12:00:00+0200,46174.8755,MW,DE,DE_LU,forecast_solar_generation,Solar,2026-08-05T11:47:58Z
2026-08-05T11:45:45Z,2026-08-05T13:45:45+0200,eaa53f57-a911-4834-9b60-40ab8a7aba1f,2026-07-15T10:15:00Z,2026-07-15T12:15:00+0200,46846.97972,MW,DE,DE_LU,forecast_solar_generation,Solar,2026-08-05T11:47:58Z
2026-08-05T11:45:45Z,2026-08-05T13:45:45+0200,eaa53f57-a911-4834-9b60-40ab8a7aba1f,2026-07-15T10:30:00Z,2026-07-15T12:30:00+0200,47416.43203,MW,DE,DE_LU,forecast_solar_generation,Solar,2026-08-05T11:47:58Z
2026-08-05T11:45:45Z,2026-08-05T13:45:45+0200,eaa53f57-a911-4834-9b60-40ab8a7aba1f,2026-07-15T10:45:00Z,2026-07-15T12:45:00+0200,47756.21667,MW,DE,DE_LU,forecast_solar_generation,Solar,2026-08-05T11:47:58Z
2026-08-05T11:45:45Z,2026-08-05T13:45:45+0200,eaa53f57-a911-4834-9b60-40ab8a7aba1f,2026-07-15T11:00:00Z,2026-07-15T13:00:00+0200,47903.52722,MW,DE,DE_LU,forecast_solar_generation,Solar,2026-08-05T11:47:58Z
2026-08-05T11:45:45Z,2026-08-05T13:45:45+0200,eaa53f57-a911-4834-9b60-40ab8a7aba1f,2026-07-15T11:15:00Z,2026-07-15T13:15:00+0200,47850.92028,MW,DE,DE_LU,forecast_solar_generation,Solar,2026-08-05T11:47:58Z
2026-08-05T11:45:45Z,2026-08-05T13:45:45+0200,eaa53f57-a911-4834-9b60-40ab8a7aba1f,2026-07-15T11:30:00Z,2026-07-15T13:30:00+0200,47643.22979,MW,DE,DE_LU,forecast_solar_generation,Solar,2026-08-05T11:47:58Z
2026-08-05T11:45:45Z,2026-08-05T13:45:45+0200,eaa53f57-a911-4834-9b60-40ab8a7aba1f,2026-07-15T11:45:00Z,2026-07-15T13:45:00+0200,47243.65193,MW,DE,DE_LU,forecast_solar_generation,Solar,2026-08-05T11:47:58Z
2026-08-05T11:45:45Z,2026-08-05T13:45:45+0200,eaa53f57-a911-4834-9b60-40ab8a7aba1f,2026-07-15T12:00:00Z,2026-07-15T14:00:00+0200,46803.29209,MW,DE,DE_LU,forecast_solar_generation,Solar,2026-08-05T11:47:58Z
2026-08-05T11:45:45Z,2026-08-05T13:45:45+0200,eaa53f57-a911-4834-9b60-40ab8a7aba1f,2026-07-15T12:15:00Z,2026-07-15T14:15:00+0200,46107.18938,MW,DE,DE_LU,forecast_solar_generation,Solar,2026-08-05T11:47:58Z
2026-08-05T11:45:45Z,2026-08-05T13:45:45+0200,eaa53f57-a911-4834-9b60-40ab8a7aba1f,2026-07-15T12:30:00Z,2026-07-15T14:30:00+0200,45307.11498,MW,DE,DE_LU,forecast_solar_generation,Solar,2026-08-05T11:47:58Z
2026-08-05T11:45:45Z,2026-08-05T13:45:45+0200,eaa53f57-a911-4834-9b60-40ab8a7aba1f,2026-07-15T12:45:00Z,2026-07-15T14:45:00+0200,44390.59023,MW,DE,DE_LU,forecast_solar_generation,Solar,2026-08-05T11:47:58Z
2026-08-05T11:45:45Z,2026-08-05T13:45:45+0200,eaa53f57-a911-4834-9b60-40ab8a7aba1f,2026-07-15T13:00:00Z,2026-07-15T15:00:00+0200,43320.7169,MW,DE,DE_LU,forecast_solar_generation,Solar,2026-08-05T11:47:58Z
2026-08-05T11:45:45Z,2026-08-05T13:45:45+0200,eaa53f57-a911-4834-9b60-40ab8a7aba1f,2026-07-15T13:15:00Z,2026-07-15T15:15:00+0200,42091.42811,MW,DE,DE_LU,forecast_solar_generation,Solar,2026-08-05T11:47:58Z
2026-08-05T11:45:45Z,2026-08-05T13:45:45+0200,eaa53f57-a911-4834-9b60-40ab8a7aba1f,2026-07-15T13:30:00Z,2026-07-15T15:30:00+0200,40684.53114,MW,DE,DE_LU,forecast_solar_generation,Solar,2026-08-05T11:47:58Z
2026-08-05T11:45:45Z,2026-08-05T13:45:45+0200,eaa53f57-a911-4834-9b60-40ab8a7aba1f,2026-07-15T13:45:00Z,2026-07-15T15:45:00+0200,39170.71584,MW,DE,DE_LU,forecast_solar_generation,Solar,2026-08-05T11:47:58Z
2026-08-05T11:45:45Z,2026-08-05T13:45:45+0200,eaa53f57-a911-4834-9b60-40ab8a7aba1f,2026-07-15T14:00:00Z,2026-07-15T16:00:00+0200,37549.90767,MW,DE,DE_LU,forecast_solar_generation,Solar,2026-08-05T11:47:58Z
2026-08-05T11:45:45Z,2026-08-05T13:45:45+0200,eaa53f57-a911-4834-9b60-40ab8a7aba1f,2026-07-15T14:15:00Z,2026-07-15T16:15:00+0200,35796.48992,MW,DE,DE_LU,forecast_solar_generation,Solar,2026-08-05T11:47:58Z
2026-08-05T11:45:45Z,2026-08-05T13:45:45+0200,eaa53f57-a911-4834-9b60-40ab8a7aba1f,2026-07-15T14:30:00Z,2026-07-15T16:30:00+0200,33854.49595,MW,DE,DE_LU,forecast_solar_generation,Solar,2026-08-05T11:47:58Z
2026-08-05T11:45:45Z,2026-08-05T13:45:45+0200,eaa53f57-a911-4834-9b60-40ab8a7aba1f,2026-07-15T14:45:00Z,2026-07-15T16:45:00+0200,31743.81849,MW,DE,DE_LU,forecast_solar_generation,Solar,2026-08-05T11:47:58Z
2026-08-05T11:45:45Z,2026-08-05T13:45:45+0200,eaa53f57-a911-4834-9b60-40ab8a7aba1f,2026-07-15T15:00:00Z,2026-07-15T17:00:00+0200,29441.79949,MW,DE,DE_LU,forecast_solar_generation,Solar,2026-08-05T11:47:58Z
2026-08-05T11:45:45Z,2026-08-05T13:45:45+0200,eaa53f57-a911-4834-9b60-40ab8a7aba1f,2026-07-15T15:15:00Z,2026-07-15T17:15:00+0200,27049.83334,MW,DE,DE_LU,forecast_solar_generation,Solar,2026-08-05T11:47:58Z
2026-08-05T11:45:45Z,2026-08-05T13:45:45+0200,eaa53f57-a911-4834-9b60-40ab8a7aba1f,2026-07-15T15:30:00Z,2026-07-15T17:30:00+0200,24579.68586,MW,DE,DE_LU,forecast_solar_generation,Solar,2026-08-05T11:47:58Z
2026-08-05T11:45:45Z,2026-08-05T13:45:45+0200,eaa53f57-a911-4834-9b60-40ab8a7aba1f,2026-07-15T15:45:00Z,2026-07-15T17:45:00+0200,22144.05155,MW,DE,DE_LU,forecast_solar_generation,Solar,2026-08-05T11:47:58Z
2026-08-05T11:45:45Z,2026-08-05T13:45:45+0200,eaa53f57-a911-4834-9b60-40ab8a7aba1f,2026-07-15T16:00:00Z,2026-07-15T18:00:00+0200,19738.90762,MW,DE,DE_LU,forecast_solar_generation,Solar,2026-08-05T11:47:58Z
2026-08-05T11:45:45Z,2026-08-05T13:45:45+0200,eaa53f57-a911-4834-9b60-40ab8a7aba1f,2026-07-15T16:15:00Z,2026-07-15T18:15:00+0200,17326.29462,MW,DE,DE_LU,forecast_solar_generation,Solar,2026-08-05T11:47:58Z
2026-08-05T11:45:45Z,2026-08-05T13:45:45+0200,eaa53f57-a911-4834-9b60-40ab8a7aba1f,2026-07-15T16:30:00Z,2026-07-15T18:30:00+0200,14938.59403,MW,DE,DE_LU,forecast_solar_generation,Solar,2026-08-05T11:47:58Z
2026-08-05T11:45:45Z,2026-08-05T13:45:45+0200,eaa53f57-a911-4834-9b60-40ab8a7aba1f,2026-07-15T16:45:00Z,2026-07-15T18:45:00+0200,12624.45891,MW,DE,DE_LU,forecast_solar_generation,Solar,2026-08-05T11:47:58Z
2026-08-05T11:45:45Z,2026-08-05T13:45:45+0200,eaa53f57-a911-4834-9b60-40ab8a7aba1f,2026-07-15T17:00:00Z,2026-07-15T19:00:00+0200,10416.56584,MW,DE,DE_LU,forecast_solar_generation,Solar,2026-08-05T11:47:58Z
2026-08-05T11:45:45Z,2026-08-05T13:45:45+0200,eaa53f57-a911-4834-9b60-40ab8a7aba1f,2026-07-15T17:15:00Z,2026-07-15T19:15:00+0200,8343.28615,MW,DE,DE_LU,forecast_solar_generation,Solar,2026-08-05T11:47:58Z
2026-08-05T11:45:45Z,2026-08-05T13:45:45+0200,eaa53f57-a911-4834-9b60-40ab8a7aba1f,2026-07-15T17:30:00Z,2026-07-15T19:30:00+0200,6502.61017,MW,DE,DE_LU,forecast_solar_generation,Solar,2026-08-05T11:47:58Z
2026-08-05T11:45:45Z,2026-08-05T13:45:45+0200,eaa53f57-a911-4834-9b60-40ab8a7aba1f,2026-07-15T17:45:00Z,2026-07-15T19:45:00+0200,4927.22983,MW,DE,DE_LU,forecast_solar_generation,Solar,2026-08-05T11:47:58Z
2026-08-05T11:45:45Z,2026-08-05T13:45:45+0200,eaa53f57-a911-4834-9b60-40ab8a7aba1f,2026-07-15T18:00:00Z,2026-07-15T20:00:00+0200,3618.33439,MW,DE,DE_LU,forecast_solar_generation,Solar,2026-08-05T11:47:58Z
2026-08-05T11:45:45Z,2026-08-05T13:45:45+0200,eaa53f57-a911-4834-9b60-40ab8a7aba1f,2026-07-15T18:15:00Z,2026-07-15T20:15:00+0200,2523.71065,MW,DE,DE_LU,forecast_solar_generation,Solar,2026-08-05T11:47:58Z
2026-08-05T11:45:45Z,2026-08-05T13:45:45+0200,eaa53f57-a911-4834-9b60-40ab8a7aba1f,2026-07-15T18:30:00Z,2026-07-15T20:30:00+0200,1620.07749,MW,DE,DE_LU,forecast_solar_generation,Solar,2026-08-05T11:47:58Z
2026-08-05T11:45:45Z,2026-08-05T13:45:45+0200,eaa53f57-a911-4834-9b60-40ab8a7aba1f,2026-07-15T18:45:00Z,2026-07-15T20:45:00+0200,907.17715,MW,DE,DE_LU,forecast_solar_generation,Solar,2026-08-05T11:47:58Z
2026-08-05T11:45:45Z,2026-08-05T13:45:45+0200,eaa53f57-a911-4834-9b60-40ab8a7aba1f,2026-07-15T19:00:00Z,2026-07-15T21:00:00+0200,407.01678,MW,DE,DE_LU,forecast_solar_generation,Solar,2026-08-05T11:47:58Z
2026-08-05T11:45:45Z,2026-08-05T13:45:45+0200,eaa53f57-a911-4834-9b60-40ab8a7aba1f,2026-07-15T19:15:00Z,2026-07-15T21:15:00+0200,135.61583,MW,DE,DE_LU,forecast_solar_generation,Solar,2026-08-05T11:47:58Z
2026-08-05T11:45:45Z,2026-08-05T13:45:45+0200,eaa53f57-a911-4834-9b60-40ab8a7aba1f,2026-07-15T19:30:00Z,2026-07-15T21:30:00+0200,34.9365,MW,DE,DE_LU,forecast_solar_generation,Solar,2026-08-05T11:47:58Z
2026-08-05T11:45:45Z,2026-08-05T13:45:45+0200,eaa53f57-a911-4834-9b60-40ab8a7aba1f,2026-07-15T19:45:00Z,2026-07-15T21:45:00+0200,11.29956,MW,DE,DE_LU,forecast_solar_generation,Solar,2026-08-05T11:47:58Z
2026-08-05T11:45:45Z,2026-08-05T13:45:45+0200,eaa53f57-a911-4834-9b60-40ab8a7aba1f,2026-07-15T20:00:00Z,2026-07-15T22:00:00+0200,0.0,MW,DE,DE_LU,forecast_solar_generation,Solar,2026-08-05T11:47:58Z
2026-08-05T11:45:45Z,2026-08-05T13:45:45+0200,eaa53f57-a911-4834-9b60-40ab8a7aba1f,2026-07-15T20:15:00Z,2026-07-15T22:15:00+0200,0.0,MW,DE,DE_LU,forecast_solar_generation,Solar,2026-08-05T11:47:58Z
2026-08-05T11:45:45Z,2026-08-05T13:45:45+0200,eaa53f57-a911-4834-9b60-40ab8a7aba1f,2026-07-15T20:30:00Z,2026-07-15T22:30:00+0200,0.0,MW,DE,DE_LU,forecast_solar_generation,Solar,2026-08-05T11:47:58Z
2026-08-05T11:45:45Z,2026-08-05T13:45:45+0200,eaa53f57-a911-4834-9b60-40ab8a7aba1f,2026-07-15T20:45:00Z,2026-07-15T22:45:00+0200,0.0,MW,DE,DE_LU,forecast_solar_generation,Solar,2026-08-05T11:47:58Z
2026-08-05T11:45:45Z,2026-08-05T13:45:45+0200,eaa53f57-a911-4834-9b60-40ab8a7aba1f,2026-07-15T21:00:00Z,2026-07-15T23:00:00+0200,0.0,MW,DE,DE_LU,forecast_solar_generation,Solar,2026-08-05T11:47:58Z
2026-08-05T11:45:45Z,2026-08-05T13:45:45+0200,eaa53f57-a911-4834-9b60-40ab8a7aba1f,2026-07-15T21:15:00Z,2026-07-15T23:15:00+0200,0.0,MW,DE,DE_LU,forecast_solar_generation,Solar,2026-08-05T11:47:58Z
2026-08-05T11:45:45Z,2026-08-05T13:45:45+0200,eaa53f57-a911-4834-9b60-40ab8a7aba1f,2026-07-15T21:30:00Z,2026-07-15T23:30:00+0200,0.0,MW,DE,DE_LU,forecast_solar_generation,Solar,2026-08-05T11:47:58Z
2026-08-05T11:45:45Z,2026-08-05T13:45:45+0200,eaa53f57-a911-4834-9b60-40ab8a7aba1f,2026-07-15T21:45:00Z,2026-07-15T23:45:00+0200,0.0,MW,DE,DE_LU,forecast_solar_generation,Solar,2026-08-05T11:47:58Z
2026-08-05T11:45:45Z,2026-08-05T13:45:45+0200,eaa53f57-a911-4834-9b60-40ab8a7aba1f,2026-07-15T22:00:00Z,2026-07-16T00:00:00+0200,0.0,MW,DE,DE_LU,forecast_solar_generation,Solar,2026-08-05T11:47:58Z
2026-08-05T11:45:45Z,2026-08-05T13:45:45+0200,eaa53f57-a911-4834-9b60-40ab8a7aba1f,2026-07-15T22:15:00Z,2026-07-16T00:15:00+0200,0.0,MW,DE,DE_LU,forecast_solar_generation,Solar,2026-08-05T11:47:58Z
2026-08-05T11:45:45Z,2026-08-05T13:45:45+0200,eaa53f57-a911-4834-9b60-40ab8a7aba1f,2026-07-15T22:30:00Z,2026-07-16T00:30:00+0200,0.0,MW,DE,DE_LU,forecast_solar_generation,Solar,2026-08-05T11:47:58Z
2026-08-05T11:45:45Z,2026-08-05T13:45:45+0200,eaa53f57-a911-4834-9b60-40ab8a7aba1f,2026-07-15T22:45:00Z,2026-07-16T00:45:00+0200,0.0,MW,DE,DE_LU,forecast_solar_generation,Solar,2026-08-05T11:47:58Z
2026-08-05T11:45:45Z,2026-08-05T13:45:45+0200,eaa53f57-a911-4834-9b60-40ab8a7aba1f,2026-07-15T23:00:00Z,2026-07-16T01:00:00+0200,0.0,MW,DE,DE_LU,forecast_solar_generation,Solar,2026-08-05T11:47:58Z
2026-08-05T11:45:45Z,2026-08-05T13:45:45+0200,eaa53f57-a911-4834-9b60-40ab8a7aba1f,2026-07-15T23:15:00Z,2026-07-16T01:15:00+0200,0.0,MW,DE,DE_LU,forecast_solar_generation,Solar,2026-08-05T11:47:58Z
2026-08-05T11:45:45Z,2026-08-05T13:45:45+0200,eaa53f57-a911-4834-9b60-40ab8a7aba1f,2026-07-15T23:30:00Z,2026-07-16T01:30:00+0200,0.0,MW,DE,DE_LU,forecast_solar_generation,Solar,2026-08-05T11:47:58Z
2026-08-05T11:45:45Z,2026-08-05T13:45:45+0200,eaa53f57-a911-4834-9b60-40ab8a7aba1f,2026-07-15T23:45:00Z,2026-07-16T01:45:00+0200,0.0,MW,DE,DE_LU,forecast_solar_generation,Solar,2026-08-05T11:47:58Z
2026-08-05T11:45:45Z,2026-08-05T13:45:45+0200,eaa53f57-a911-4834-9b60-40ab8a7aba1f,2026-07-16T00:00:00Z,2026-07-16T02:00:00+0200,0.0,MW,DE,DE_LU,forecast_solar_generation,Solar,2026-08-05T11:47:58Z
2026-08-05T11:45:45Z,2026-08-05T13:45:45+0200,eaa53f57-a911-4834-9b60-40ab8a7aba1f,2026-07-16T00:15:00Z,2026-07-16T02:15:00+0200,0.0,MW,DE,DE_LU,forecast_solar_generation,Solar,2026-08-05T11:47:58Z
2026-08-05T11:45:45Z,2026-08-05T13:45:45+0200,eaa53f57-a911-4834-9b60-40ab8a7aba1f,2026-07-16T00:30:00Z,2026-07-16T02:30:00+0200,0.0,MW,DE,DE_LU,forecast_solar_generation,Solar,2026-08-05T11:47:58Z
2026-08-05T11:45:45Z,2026-08-05T13:45:45+0200,eaa53f57-a911-4834-9b60-40ab8a7aba1f,2026-07-16T00:45:00Z,2026-07-16T02:45:00+0200,0.0,MW,DE,DE_LU,forecast_solar_generation,Solar,2026-08-05T11:47:58Z
2026-08-05T11:45:45Z,2026-08-05T13:45:45+0200,eaa53f57-a911-4834-9b60-40ab8a7aba1f,2026-07-16T01:00:00Z,2026-07-16T03:00:00+0200,0.0,MW,DE,DE_LU,forecast_solar_generation,Solar,2026-08-05T11:47:58Z
2026-08-05T11:45:45Z,2026-08-05T13:45:45+0200,eaa53f57-a911-4834-9b60-40ab8a7aba1f,2026-07-16T01:15:00Z,2026-07-16T03:15:00+0200,0.0,MW,DE,DE_LU,forecast_solar_generation,Solar,2026-08-05T11:47:58Z
2026-08-05T11:45:45Z,2026-08-05T13:45:45+0200,eaa53f57-a911-4834-9b60-40ab8a7aba1f,2026-07-16T01:30:00Z,2026-07-16T03:30:00+0200,0.0,MW,DE,DE_LU,forecast_solar_generation,Solar,2026-08-05T11:47:58Z
2026-08-05T11:45:45Z,2026-08-05T13:45:45+0200,eaa53f57-a911-4834-9b60-40ab8a7aba1f,2026-07-16T01:45:00Z,2026-07-16T03:45:00+0200,0.0,MW,DE,DE_LU,forecast_solar_generation,Solar,2026-08-05T11:47:58Z
2026-08-05T11:45:45Z,2026-08-05T13:45:45+0200,eaa53f57-a911-4834-9b60-40ab8a7aba1f,2026-07-16T02:00:00Z,2026-07-16T04:00:00+0200,0.0,MW,DE,DE_LU,forecast_solar_generation,Solar,2026-08-05T11:47:58Z
2026-08-05T11:45:45Z,2026-08-05T13:45:45+0200,eaa53f57-a911-4834-9b60-40ab8a7aba1f,2026-07-16T02:15:00Z,2026-07-16T04:15:00+0200,0.0,MW,DE,DE_LU,forecast_solar_generation,Solar,2026-08-05T11:47:58Z
2026-08-05T11:45:45Z,2026-08-05T13:45:45+0200,eaa53f57-a911-4834-9b60-40ab8a7aba1f,2026-07-16T02:30:00Z,2026-07-16T04:30:00+0200,0.0,MW,DE,DE_LU,forecast_solar_generation,Solar,2026-08-05T11:47:58Z
2026-08-05T11:45:45Z,2026-08-05T13:45:45+0200,eaa53f57-a911-4834-9b60-40ab8a7aba1f,2026-07-16T02:45:00Z,2026-07-16T04:45:00+0200,0.01,MW,DE,DE_LU,forecast_solar_generation,Solar,2026-08-05T11:47:58Z
2026-08-05T11:45:45Z,2026-08-05T13:45:45+0200,eaa53f57-a911-4834-9b60-40ab8a7aba1f,2026-07-16T03:00:00Z,2026-07-16T05:00:00+0200,15.81925,MW,DE,DE_LU,forecast_solar_generation,Solar,2026-08-05T11:47:58Z
2026-08-05T11:45:45Z,2026-08-05T13:45:45+0200,eaa53f57-a911-4834-9b60-40ab8a7aba1f,2026-07-16T03:15:00Z,2026-07-16T05:15:00+0200,85.99067,MW,DE,DE_LU,forecast_solar_generation,Solar,2026-08-05T11:47:58Z
2026-08-05T11:45:45Z,2026-08-05T13:45:45+0200,eaa53f57-a911-4834-9b60-40ab8a7aba1f,2026-07-16T03:30:00Z,2026-07-16T05:30:00+0200,299.37579,MW,DE,DE_LU,forecast_solar_generation,Solar,2026-08-05T11:47:58Z
2026-08-05T11:45:45Z,2026-08-05T13:45:45+0200,eaa53f57-a911-4834-9b60-40ab8a7aba1f,2026-07-16T03:45:00Z,2026-07-16T05:45:00+0200,731.00264,MW,DE,DE_LU,forecast_solar_generation,Solar,2026-08-05T11:47:58Z
2026-08-05T11:45:45Z,2026-08-05T13:45:45+0200,eaa53f57-a911-4834-9b60-40ab8a7aba1f,2026-07-16T04:00:00Z,2026-07-16T06:00:00+0200,1459.00273,MW,DE,DE_LU,forecast_solar_generation,Solar,2026-08-05T11:47:58Z
2026-08-05T11:45:45Z,2026-08-05T13:45:45+0200,eaa53f57-a911-4834-9b60-40ab8a7aba1f,2026-07-16T04:15:00Z,2026-07-16T06:15:00+0200,2437.05785,MW,DE,DE_LU,forecast_solar_generation,Solar,2026-08-05T11:47:58Z
2026-08-05T11:45:45Z,2026-08-05T13:45:45+0200,eaa53f57-a911-4834-9b60-40ab8a7aba1f,2026-07-16T04:30:00Z,2026-07-16T06:30:00+0200,3621.44758,MW,DE,DE_LU,forecast_solar_generation,Solar,2026-08-05T11:47:58Z
2026-08-05T11:45:45Z,2026-08-05T13:45:45+0200,eaa53f57-a911-4834-9b60-40ab8a7aba1f,2026-07-16T04:45:00Z,2026-07-16T06:45:00+0200,5025.69388,MW,DE,DE_LU,forecast_solar_generation,Solar,2026-08-05T11:47:58Z
2026-08-05T11:45:45Z,2026-08-05T13:45:45+0200,eaa53f57-a911-4834-9b60-40ab8a7aba1f,2026-07-16T05:00:00Z,2026-07-16T07:00:00+0200,6689.08414,MW,DE,DE_LU,forecast_solar_generation,Solar,2026-08-05T11:47:58Z
2026-08-05T11:45:45Z,2026-08-05T13:45:45+0200,eaa53f57-a911-4834-9b60-40ab8a7aba1f,2026-07-16T05:15:00Z,2026-07-16T07:15:00+0200,8663.54047,MW,DE,DE_LU,forecast_solar_generation,Solar,2026-08-05T11:47:58Z
2026-08-05T11:45:45Z,2026-08-05T13:45:45+0200,eaa53f57-a911-4834-9b60-40ab8a7aba1f,2026-07-16T05:30:00Z,2026-07-16T07:30:00+0200,10937.89167,MW,DE,DE_LU,forecast_solar_generation,Solar,2026-08-05T11:47:58Z
2026-08-05T11:45:45Z,2026-08-05T13:45:45+0200,eaa53f57-a911-4834-9b60-40ab8a7aba1f,2026-07-16T05:45:00Z,2026-07-16T07:45:00+0200,13440.72534,MW,DE,DE_LU,forecast_solar_generation,Solar,2026-08-05T11:47:58Z
2026-08-05T11:45:45Z,2026-08-05T13:45:45+0200,eaa53f57-a911-4834-9b60-40ab8a7aba1f,2026-07-16T06:00:00Z,2026-07-16T08:00:00+0200,16094.54027,MW,DE,DE_LU,forecast_solar_generation,Solar,2026-08-05T11:47:58Z
2026-08-05T11:45:45Z,2026-08-05T13:45:45+0200,eaa53f57-a911-4834-9b60-40ab8a7aba1f,2026-07-16T06:15:00Z,2026-07-16T08:15:00+0200,18809.22003,MW,DE,DE_LU,forecast_solar_generation,Solar,2026-08-05T11:47:58Z
2026-08-05T11:45:45Z,2026-08-05T13:45:45+0200,eaa53f57-a911-4834-9b60-40ab8a7aba1f,2026-07-16T06:30:00Z,2026-07-16T08:30:00+0200,21533.18485,MW,DE,DE_LU,forecast_solar_generation,Solar,2026-08-05T11:47:58Z
2026-08-05T11:45:45Z,2026-08-05T13:45:45+0200,eaa53f57-a911-4834-9b60-40ab8a7aba1f,2026-07-16T06:45:00Z,2026-07-16T08:45:00+0200,24205.81418,MW,DE,DE_LU,forecast_solar_generation,Solar,2026-08-05T11:47:58Z
2026-08-05T11:45:45Z,2026-08-05T13:45:45+0200,eaa53f57-a911-4834-9b60-40ab8a7aba1f,2026-07-16T07:00:00Z,2026-07-16T09:00:00+0200,26792.10807,MW,DE,DE_LU,forecast_solar_generation,Solar,2026-08-05T11:47:58Z
2026-08-05T11:45:45Z,2026-08-05T13:45:45+0200,eaa53f57-a911-4834-9b60-40ab8a7aba1f,2026-07-16T07:15:00Z,2026-07-16T09:15:00+0200,29310.19436,MW,DE,DE_LU,forecast_solar_generation,Solar,2026-08-05T11:47:58Z
2026-08-05T11:45:45Z,2026-08-05T13:45:45+0200,eaa53f57-a911-4834-9b60-40ab8a7aba1f,2026-07-16T07:30:00Z,2026-07-16T09:30:00+0200,31719.12209,MW,DE,DE_LU,forecast_solar_generation,Solar,2026-08-05T11:47:58Z
2026-08-05T11:45:45Z,2026-08-05T13:45:45+0200,eaa53f57-a911-4834-9b60-40ab8a7aba1f,2026-07-16T07:45:00Z,2026-07-16T09:45:00+0200,33933.1808,MW,DE,DE_LU,forecast_solar_generation,Solar,2026-08-05T11:47:58Z
2026-08-05T11:45:45Z,2026-08-05T13:45:45+0200,eaa53f57-a911-4834-9b60-40ab8a7aba1f,2026-07-16T08:00:00Z,2026-07-16T10:00:00+0200,35970.07069,MW,DE,DE_LU,forecast_solar_generation,Solar,2026-08-05T11:47:58Z
2026-08-05T11:45:45Z,2026-08-05T13:45:45+0200,eaa53f57-a911-4834-9b60-40ab8a7aba1f,2026-07-16T08:15:00Z,2026-07-16T10:15:00+0200,37864.81615,MW,DE,DE_LU,forecast_solar_generation,Solar,2026-08-05T11:47:58Z
2026-08-05T11:45:45Z,2026-08-05T13:45:45+0200,eaa53f57-a911-4834-9b60-40ab8a7aba1f,2026-07-16T08:30:00Z,2026-07-16T10:30:00+0200,39640.3218,MW,DE,DE_LU,forecast_solar_generation,Solar,2026-08-05T11:47:58Z
2026-08-05T11:45:45Z,2026-08-05T13:45:45+0200,eaa53f57-a911-4834-9b60-40ab8a7aba1f,2026-07-16T08:45:00Z,2026-07-16T10:45:00+0200,41329.66774,MW,DE,DE_LU,forecast_solar_generation,Solar,2026-08-05T11:47:58Z
2026-08-05T11:45:45Z,2026-08-05T13:45:45+0200,eaa53f57-a911-4834-9b60-40ab8a7aba1f,2026-07-16T09:00:00Z,2026-07-16T11:00:00+0200,42746.90724,MW,DE,DE_LU,forecast_solar_generation,Solar,2026-08-05T11:47:58Z
2026-08-05T11:45:45Z,2026-08-05T13:45:45+0200,eaa53f57-a911-4834-9b60-40ab8a7aba1f,2026-07-16T09:15:00Z,2026-07-16T11:15:00+0200,44061.66385,MW,DE,DE_LU,forecast_solar_generation,Solar,2026-08-05T11:47:58Z
2026-08-05T11:45:45Z,2026-08-05T13:45:45+0200,eaa53f57-a911-4834-9b60-40ab8a7aba1f,2026-07-16T09:30:00Z,2026-07-16T11:30:00+0200,45165.84318,MW,DE,DE_LU,forecast_solar_generation,Solar,2026-08-05T11:47:58Z
2026-08-05T11:45:45Z,2026-08-05T13:45:45+0200,eaa53f57-a911-4834-9b60-40ab8a7aba1f,2026-07-16T09:45:00Z,2026-07-16T11:45:00+0200,46162.16681,MW,DE,DE_LU,forecast_solar_generation,Solar,2026-08-05T11:47:58Z
2026-08-05T11:45:45Z,2026-08-05T13:45:45+0200,eaa53f57-a911-4834-9b60-40ab8a7aba1f,2026-07-16T10:00:00Z,2026-07-16T12:00:00+0200,46854.84167,MW,DE,DE_LU,forecast_solar_generation,Solar,2026-08-05T11:47:58Z
2026-08-05T11:45:45Z,2026-08-05T13:45:45+0200,eaa53f57-a911-4834-9b60-40ab8a7aba1f,2026-07-16T10:15:00Z,2026-07-16T12:15:00+0200,47311.85742,MW,DE,DE_LU,forecast_solar_generation,Solar,2026-08-05T11:47:58Z
2026-08-05T11:45:45Z,2026-08-05T13:45:45+0200,eaa53f57-a911-4834-9b60-40ab8a7aba1f,2026-07-16T10:30:00Z,2026-07-16T12:30:00+0200,47697.93887,MW,DE,DE_LU,forecast_solar_generation,Solar,2026-08-05T11:47:58Z
2026-08-05T11:45:45Z,2026-08-05T13:45:45+0200,eaa53f57-a911-4834-9b60-40ab8a7aba1f,2026-07-16T10:45:00Z,2026-07-16T12:45:00+0200,47886.62062,MW,DE,DE_LU,forecast_solar_generation,Solar,2026-08-05T11:47:58Z
2026-08-05T11:45:45Z,2026-08-05T13:45:45+0200,eaa53f57-a911-4834-9b60-40ab8a7aba1f,2026-07-16T11:00:00Z,2026-07-16T13:00:00+0200,47939.70308,MW,DE,DE_LU,forecast_solar_generation,Solar,2026-08-05T11:47:58Z
2026-08-05T11:45:45Z,2026-08-05T13:45:45+0200,eaa53f57-a911-4834-9b60-40ab8a7aba1f,2026-07-16T11:15:00Z,2026-07-16T13:15:00+0200,47847.67283,MW,DE,DE_LU,forecast_solar_generation,Solar,2026-08-05T11:47:58Z
2026-08-05T11:45:45Z,2026-08-05T13:45:45+0200,eaa53f57-a911-4834-9b60-40ab8a7aba1f,2026-07-16T11:30:00Z,2026-07-16T13:30:00+0200,47709.28867,MW,DE,DE_LU,forecast_solar_generation,Solar,2026-08-05T11:47:58Z
2026-08-05T11:45:45Z,2026-08-05T13:45:45+0200,eaa53f57-a911-4834-9b60-40ab8a7aba1f,2026-07-16T11:45:00Z,2026-07-16T13:45:00+0200,47383.9594,MW,DE,DE_LU,forecast_solar_generation,Solar,2026-08-05T11:47:58Z
2026-08-05T11:45:45Z,2026-08-05T13:45:45+0200,eaa53f57-a911-4834-9b60-40ab8a7aba1f,2026-07-16T12:00:00Z,2026-07-16T14:00:00+0200,46976.65154,MW,DE,DE_LU,forecast_solar_generation,Solar,2026-08-05T11:47:58Z
2026-08-05T11:45:45Z,2026-08-05T13:45:45+0200,eaa53f57-a911-4834-9b60-40ab8a7aba1f,2026-07-16T12:15:00Z,2026-07-16T14:15:00+0200,46371.02621,MW,DE,DE_LU,forecast_solar_generation,Solar,2026-08-05T11:47:58Z
2026-08-05T11:45:45Z,2026-08-05T13:45:45+0200,eaa53f57-a911-4834-9b60-40ab8a7aba1f,2026-07-16T12:30:00Z,2026-07-16T14:30:00+0200,45667.06045,MW,DE,DE_LU,forecast_solar_generation,Solar,2026-08-05T11:47:58Z
2026-08-05T11:45:45Z,2026-08-05T13:45:45+0200,eaa53f57-a911-4834-9b60-40ab8a7aba1f,2026-07-16T12:45:00Z,2026-07-16T14:45:00+0200,44809.76436,MW,DE,DE_LU,forecast_solar_generation,Solar,2026-08-05T11:47:58Z
2026-08-05T11:45:45Z,2026-08-05T13:45:45+0200,eaa53f57-a911-4834-9b60-40ab8a7aba1f,2026-07-16T13:00:00Z,2026-07-16T15:00:00+0200,43802.89329,MW,DE,DE_LU,forecast_solar_generation,Solar,2026-08-05T11:47:58Z
2026-08-05T11:45:45Z,2026-08-05T13:45:45+0200,eaa53f57-a911-4834-9b60-40ab8a7aba1f,2026-07-16T13:15:00Z,2026-07-16T15:15:00+0200,42620.31734,MW,DE,DE_LU,forecast_solar_generation,Solar,2026-08-05T11:47:58Z
2026-08-05T11:45:45Z,2026-08-05T13:45:45+0200,eaa53f57-a911-4834-9b60-40ab8a7aba1f,2026-07-16T13:30:00Z,2026-07-16T15:30:00+0200,41251.48679,MW,DE,DE_LU,forecast_solar_generation,Solar,2026-08-05T11:47:58Z
2026-08-05T11:45:45Z,2026-08-05T13:45:45+0200,eaa53f57-a911-4834-9b60-40ab8a7aba1f,2026-07-16T13:45:00Z,2026-07-16T15:45:00+0200,39806.50224,MW,DE,DE_LU,forecast_solar_generation,Solar,2026-08-05T11:47:58Z
2026-08-05T11:45:45Z,2026-08-05T13:45:45+0200,eaa53f57-a911-4834-9b60-40ab8a7aba1f,2026-07-16T14:00:00Z,2026-07-16T16:00:00+0200,38201.2287,MW,DE,DE_LU,forecast_solar_generation,Solar,2026-08-05T11:47:58Z
2026-08-05T11:45:45Z,2026-08-05T13:45:45+0200,eaa53f57-a911-4834-9b60-40ab8a7aba1f,2026-07-16T14:15:00Z,2026-07-16T16:15:00+0200,36510.73929,MW,DE,DE_LU,forecast_solar_generation,Solar,2026-08-05T11:47:58Z
2026-08-05T11:45:45Z,2026-08-05T13:45:45+0200,eaa53f57-a911-4834-9b60-40ab8a7aba1f,2026-07-16T14:30:00Z,2026-07-16T16:30:00+0200,34640.4254,MW,DE,DE_LU,forecast_solar_generation,Solar,2026-08-05T11:47:58Z
2026-08-05T11:45:45Z,2026-08-05T13:45:45+0200,eaa53f57-a911-4834-9b60-40ab8a7aba1f,2026-07-16T14:45:00Z,2026-07-16T16:45:00+0200,32611.50135,MW,DE,DE_LU,forecast_solar_generation,Solar,2026-08-05T11:47:58Z
2026-08-05T11:45:45Z,2026-08-05T13:45:45+0200,eaa53f57-a911-4834-9b60-40ab8a7aba1f,2026-07-16T15:00:00Z,2026-07-16T17:00:00+0200,30369.28741,MW,DE,DE_LU,forecast_solar_generation,Solar,2026-08-05T11:47:58Z
2026-08-05T11:45:45Z,2026-08-05T13:45:45+0200,eaa53f57-a911-4834-9b60-40ab8a7aba1f,2026-07-16T15:15:00Z,2026-07-16T17:15:00+0200,28029.18906,MW,DE,DE_LU,forecast_solar_generation,Solar,2026-08-05T11:47:58Z
2026-08-05T11:45:45Z,2026-08-05T13:45:45+0200,eaa53f57-a911-4834-9b60-40ab8a7aba1f,2026-07-16T15:30:00Z,2026-07-16T17:30:00+0200,25568.86827,MW,DE,DE_LU,forecast_solar_generation,Solar,2026-08-05T11:47:58Z
2026-08-05T11:45:45Z,2026-08-05T13:45:45+0200,eaa53f57-a911-4834-9b60-40ab8a7aba1f,2026-07-16T15:45:00Z,2026-07-16T17:45:00+0200,23088.18043,MW,DE,DE_LU,forecast_solar_generation,Solar,2026-08-05T11:47:58Z
2026-08-05T11:45:45Z,2026-08-05T13:45:45+0200,eaa53f57-a911-4834-9b60-40ab8a7aba1f,2026-07-16T16:00:00Z,2026-07-16T18:00:00+0200,20549.50261,MW,DE,DE_LU,forecast_solar_generation,Solar,2026-08-05T11:47:58Z
2026-08-05T11:45:45Z,2026-08-05T13:45:45+0200,eaa53f57-a911-4834-9b60-40ab8a7aba1f,2026-07-16T16:15:00Z,2026-07-16T18:15:00+0200,17972.89843,MW,DE,DE_LU,forecast_solar_generation,Solar,2026-08-05T11:47:58Z
2026-08-05T11:45:45Z,2026-08-05T13:45:45+0200,eaa53f57-a911-4834-9b60-40ab8a7aba1f,2026-07-16T16:30:00Z,2026-07-16T18:30:00+0200,15413.00884,MW,DE,DE_LU,forecast_solar_generation,Solar,2026-08-05T11:47:58Z
2026-08-05T11:45:45Z,2026-08-05T13:45:45+0200,eaa53f57-a911-4834-9b60-40ab8a7aba1f,2026-07-16T16:45:00Z,2026-07-16T18:45:00+0200,12949.26914,MW,DE,DE_LU,forecast_solar_generation,Solar,2026-08-05T11:47:58Z
2026-08-05T11:45:45Z,2026-08-05T13:45:45+0200,eaa53f57-a911-4834-9b60-40ab8a7aba1f,2026-07-16T17:00:00Z,2026-07-16T19:00:00+0200,10618.26348,MW,DE,DE_LU,forecast_solar_generation,Solar,2026-08-05T11:47:58Z
2026-08-05T11:45:45Z,2026-08-05T13:45:45+0200,eaa53f57-a911-4834-9b60-40ab8a7aba1f,2026-07-16T17:15:00Z,2026-07-16T19:15:00+0200,8470.32926,MW,DE,DE_LU,forecast_solar_generation,Solar,2026-08-05T11:47:58Z
2026-08-05T11:45:45Z,2026-08-05T13:45:45+0200,eaa53f57-a911-4834-9b60-40ab8a7aba1f,2026-07-16T17:30:00Z,2026-07-16T19:30:00+0200,6594.473,MW,DE,DE_LU,forecast_solar_generation,Solar,2026-08-05T11:47:58Z
2026-08-05T11:45:45Z,2026-08-05T13:45:45+0200,eaa53f57-a911-4834-9b60-40ab8a7aba1f,2026-07-16T17:45:00Z,2026-07-16T19:45:00+0200,5008.86495,MW,DE,DE_LU,forecast_solar_generation,Solar,2026-08-05T11:47:58Z
2026-08-05T11:45:45Z,2026-08-05T13:45:45+0200,eaa53f57-a911-4834-9b60-40ab8a7aba1f,2026-07-16T18:00:00Z,2026-07-16T20:00:00+0200,3671.15114,MW,DE,DE_LU,forecast_solar_generation,Solar,2026-08-05T11:47:58Z
2026-08-05T11:45:45Z,2026-08-05T13:45:45+0200,eaa53f57-a911-4834-9b60-40ab8a7aba1f,2026-07-16T18:15:00Z,2026-07-16T20:15:00+0200,2535.58271,MW,DE,DE_LU,forecast_solar_generation,Solar,2026-08-05T11:47:58Z
2026-08-05T11:45:45Z,2026-08-05T13:45:45+0200,eaa53f57-a911-4834-9b60-40ab8a7aba1f,2026-07-16T18:30:00Z,2026-07-16T20:30:00+0200,1592.29269,MW,DE,DE_LU,forecast_solar_generation,Solar,2026-08-05T11:47:58Z
2026-08-05T11:45:45Z,2026-08-05T13:45:45+0200,eaa53f57-a911-4834-9b60-40ab8a7aba1f,2026-07-16T18:45:00Z,2026-07-16T20:45:00+0200,857.62914,MW,DE,DE_LU,forecast_solar_generation,Solar,2026-08-05T11:47:58Z
2026-08-05T11:45:45Z,2026-08-05T13:45:45+0200,eaa53f57-a911-4834-9b60-40ab8a7aba1f,2026-07-16T19:00:00Z,2026-07-16T21:00:00+0200,349.78463,MW,DE,DE_LU,forecast_solar_generation,Solar,2026-08-05T11:47:58Z
2026-08-05T11:45:45Z,2026-08-05T13:45:45+0200,eaa53f57-a911-4834-9b60-40ab8a7aba1f,2026-07-16T19:15:00Z,2026-07-16T21:15:00+0200,99.30134,MW,DE,DE_LU,forecast_solar_generation,Solar,2026-08-05T11:47:58Z
2026-08-05T11:45:45Z,2026-08-05T13:45:45+0200,eaa53f57-a911-4834-9b60-40ab8a7aba1f,2026-07-16T19:30:00Z,2026-07-16T21:30:00+0200,23.34154,MW,DE,DE_LU,forecast_solar_generation,Solar,2026-08-05T11:47:58Z
2026-08-05T11:45:45Z,2026-08-05T13:45:45+0200,eaa53f57-a911-4834-9b60-40ab8a7aba1f,2026-07-16T19:45:00Z,2026-07-16T21:45:00+0200,6.55475,MW,DE,DE_LU,forecast_solar_generation,Solar,2026-08-05T11:47:58Z
2026-08-05T11:45:45Z,2026-08-05T13:45:45+0200,eaa53f57-a911-4834-9b60-40ab8a7aba1f,2026-07-16T20:00:00Z,2026-07-16T22:00:00+0200,0.0,MW,DE,DE_LU,forecast_solar_generation,Solar,2026-08-05T11:47:58Z
2026-08-05T11:45:45Z,2026-08-05T13:45:45+0200,eaa53f57-a911-4834-9b60-40ab8a7aba1f,2026-07-16T20:15:00Z,2026-07-16T22:15:00+0200,0.0,MW,DE,DE_LU,forecast_solar_generation,Solar,2026-08-05T11:47:58Z
2026-08-05T11:45:45Z,2026-08-05T13:45:45+0200,eaa53f57-a911-4834-9b60-40ab8a7aba1f,2026-07-16T20:30:00Z,2026-07-16T22:30:00+0200,0.0,MW,DE,DE_LU,forecast_solar_generation,Solar,2026-08-05T11:47:58Z
2026-08-05T11:45:45Z,2026-08-05T13:45:45+0200,eaa53f57-a911-4834-9b60-40ab8a7aba1f,2026-07-16T20:45:00Z,2026-07-16T22:45:00+0200,0.0,MW,DE,DE_LU,forecast_solar_generation,Solar,2026-08-05T11:47:58Z
2026-08-05T11:45:45Z,2026-08-05T13:45:45+0200,eaa53f57-a911-4834-9b60-40ab8a7aba1f,2026-07-16T21:00:00Z,2026-07-16T23:00:00+0200,0.0,MW,DE,DE_LU,forecast_solar_generation,Solar,2026-08-05T11:47:58Z
2026-08-05T11:45:45Z,2026-08-05T13:45:45+0200,eaa53f57-a911-4834-9b60-40ab8a7aba1f,2026-07-16T21:15:00Z,2026-07-16T23:15:00+0200,0.0,MW,DE,DE_LU,forecast_solar_generation,Solar,2026-08-05T11:47:58Z
2026-08-05T11:45:45Z,2026-08-05T13:45:45+0200,eaa53f57-a911-4834-9b60-40ab8a7aba1f,2026-07-16T21:30:00Z,2026-07-16T23:30:00+0200,0.0,MW,DE,DE_LU,forecast_solar_generation,Solar,2026-08-05T11:47:58Z
2026-08-05T11:45:45Z,2026-08-05T13:45:45+0200,eaa53f57-a911-4834-9b60-40ab8a7aba1f,2026-07-16T21:45:00Z,2026-07-16T23:45:00+0200,0.0,MW,DE,DE_LU,forecast_solar_generation,Solar,2026-08-05T11:47:58Z
2026-08-05T11:45:45Z,2026-08-05T13:45:45+0200,eaa53f57-a911-4834-9b60-40ab8a7aba1f,2026-07-16T22:00:00Z,2026-07-17T00:00:00+0200,0.0,MW,DE,DE_LU,forecast_solar_generation,Solar,2026-08-05T11:47:58Z
2026-08-05T11:45:45Z,2026-08-05T13:45:45+0200,eaa53f57-a911-4834-9b60-40ab8a7aba1f,2026-07-16T22:15:00Z,2026-07-17T00:15:00+0200,0.0,MW,DE,DE_LU,forecast_solar_generation,Solar,2026-08-05T11:47:58Z
2026-08-05T11:45:45Z,2026-08-05T13:45:45+0200,eaa53f57-a911-4834-9b60-40ab8a7aba1f,2026-07-16T22:30:00Z,2026-07-17T00:30:00+0200,0.0,MW,DE,DE_LU,forecast_solar_generation,Solar,2026-08-05T11:47:58Z
2026-08-05T11:45:45Z,2026-08-05T13:45:45+0200,eaa53f57-a911-4834-9b60-40ab8a7aba1f,2026-07-16T22:45:00Z,2026-07-17T00:45:00+0200,0.0,MW,DE,DE_LU,forecast_solar_generation,Solar,2026-08-05T11:47:58Z
2026-08-05T11:45:45Z,2026-08-05T13:45:45+0200,eaa53f57-a911-4834-9b60-40ab8a7aba1f,2026-07-16T23:00:00Z,2026-07-17T01:00:00+0200,0.0,MW,DE,DE_LU,forecast_solar_generation,Solar,2026-08-05T11:47:58Z
2026-08-05T11:45:45Z,2026-08-05T13:45:45+0200,eaa53f57-a911-4834-9b60-40ab8a7aba1f,2026-07-16T23:15:00Z,2026-07-17T01:15:00+0200,0.0,MW,DE,DE_LU,forecast_solar_generation,Solar,2026-08-05T11:47:58Z
2026-08-05T11:45:45Z,2026-08-05T13:45:45+0200,eaa53f57-a911-4834-9b60-40ab8a7aba1f,2026-07-16T23:30:00Z,2026-07-17T01:30:00+0200,0.0,MW,DE,DE_LU,forecast_solar_generation,Solar,2026-08-05T11:47:58Z
2026-08-05T11:45:45Z,2026-08-05T13:45:45+0200,eaa53f57-a911-4834-9b60-40ab8a7aba1f,2026-07-16T23:45:00Z,2026-07-17T01:45:00+0200,0.0,MW,DE,DE_LU,forecast_solar_generation,Solar,2026-08-05T11:47:58Z
2026-08-05T11:45:45Z,2026-08-05T13:45:45+0200,eaa53f57-a911-4834-9b60-40ab8a7aba1f,2026-07-17T00:00:00Z,2026-07-17T02:00:00+0200,0.0,MW,DE,DE_LU,forecast_solar_generation,Solar,2026-08-05T11:47:58Z
2026-08-05T11:45:45Z,2026-08-05T13:45:45+0200,eaa53f57-a911-4834-9b60-40ab8a7aba1f,2026-07-17T00:15:00Z,2026-07-17T02:15:00+0200,0.0,MW,DE,DE_LU,forecast_solar_generation,Solar,2026-08-05T11:47:58Z
2026-08-05T11:45:45Z,2026-08-05T13:45:45+0200,eaa53f57-a911-4834-9b60-40ab8a7aba1f,2026-07-17T00:30:00Z,2026-07-17T02:30:00+0200,0.0,MW,DE,DE_LU,forecast_solar_generation,Solar,2026-08-05T11:47:58Z
2026-08-05T11:45:45Z,2026-08-05T13:45:45+0200,eaa53f57-a911-4834-9b60-40ab8a7aba1f,2026-07-17T00:45:00Z,2026-07-17T02:45:00+0200,0.0,MW,DE,DE_LU,forecast_solar_generation,Solar,2026-08-05T11:47:58Z
2026-08-05T11:45:45Z,2026-08-05T13:45:45+0200,eaa53f57-a911-4834-9b60-40ab8a7aba1f,2026-07-17T01:00:00Z,2026-07-17T03:00:00+0200,0.0,MW,DE,DE_LU,forecast_solar_generation,Solar,2026-08-05T11:47:58Z
2026-08-05T11:45:45Z,2026-08-05T13:45:45+0200,eaa53f57-a911-4834-9b60-40ab8a7aba1f,2026-07-17T01:15:00Z,2026-07-17T03:15:00+0200,0.0,MW,DE,DE_LU,forecast_solar_generation,Solar,2026-08-05T11:47:58Z
2026-08-05T11:45:45Z,2026-08-05T13:45:45+0200,eaa53f57-a911-4834-9b60-40ab8a7aba1f,2026-07-17T01:30:00Z,2026-07-17T03:30:00+0200,0.0,MW,DE,DE_LU,forecast_solar_generation,Solar,2026-08-05T11:47:58Z
2026-08-05T11:45:45Z,2026-08-05T13:45:45+0200,eaa53f57-a911-4834-9b60-40ab8a7aba1f,2026-07-17T01:45:00Z,2026-07-17T03:45:00+0200,0.0,MW,DE,DE_LU,forecast_solar_generation,Solar,2026-08-05T11:47:58Z
2026-08-05T11:45:45Z,2026-08-05T13:45:45+0200,eaa53f57-a911-4834-9b60-40ab8a7aba1f,2026-07-17T02:00:00Z,2026-07-17T04:00:00+0200,0.0,MW,DE,DE_LU,forecast_solar_generation,Solar,2026-08-05T11:47:58Z
2026-08-05T11:45:45Z,2026-08-05T13:45:45+0200,eaa53f57-a911-4834-9b60-40ab8a7aba1f,2026-07-17T02:15:00Z,2026-07-17T04:15:00+0200,0.0,MW,DE,DE_LU,forecast_solar_generation,Solar,2026-08-05T11:47:58Z
2026-08-05T11:45:45Z,2026-08-05T13:45:45+0200,eaa53f57-a911-4834-9b60-40ab8a7aba1f,2026-07-17T02:30:00Z,2026-07-17T04:30:00+0200,0.0,MW,DE,DE_LU,forecast_solar_generation,Solar,2026-08-05T11:47:58Z
2026-08-05T11:45:45Z,2026-08-05T13:45:45+0200,eaa53f57-a911-4834-9b60-40ab8a7aba1f,2026-07-17T02:45:00Z,2026-07-17T04:45:00+0200,0.0,MW,DE,DE_LU,forecast_solar_generation,Solar,2026-08-05T11:47:58Z
2026-08-05T11:45:45Z,2026-08-05T13:45:45+0200,eaa53f57-a911-4834-9b60-40ab8a7aba1f,2026-07-17T03:00:00Z,2026-07-17T05:00:00+0200,17.03625,MW,DE,DE_LU,forecast_solar_generation,Solar,2026-08-05T11:47:58Z
2026-08-05T11:45:45Z,2026-08-05T13:45:45+0200,eaa53f57-a911-4834-9b60-40ab8a7aba1f,2026-07-17T03:15:00Z,2026-07-17T05:15:00+0200,91.4701,MW,DE,DE_LU,forecast_solar_generation,Solar,2026-08-05T11:47:58Z
2026-08-05T11:45:45Z,2026-08-05T13:45:45+0200,eaa53f57-a911-4834-9b60-40ab8a7aba1f,2026-07-17T03:30:00Z,2026-07-17T05:30:00+0200,291.47011,MW,DE,DE_LU,forecast_solar_generation,Solar,2026-08-05T11:47:58Z
2026-08-05T11:45:45Z,2026-08-05T13:45:45+0200,eaa53f57-a911-4834-9b60-40ab8a7aba1f,2026-07-17T03:45:00Z,2026-07-17T05:45:00+0200,653.5723,MW,DE,DE_LU,forecast_solar_generation,Solar,2026-08-05T11:47:58Z
2026-08-05T11:45:45Z,2026-08-05T13:45:45+0200,eaa53f57-a911-4834-9b60-40ab8a7aba1f,2026-07-17T04:00:00Z,2026-07-17T06:00:00+0200,1274.5009,MW,DE,DE_LU,forecast_solar_generation,Solar,2026-08-05T11:47:58Z
2026-08-05T11:45:45Z,2026-08-05T13:45:45+0200,eaa53f57-a911-4834-9b60-40ab8a7aba1f,2026-07-17T04:15:00Z,2026-07-17T06:15:00+0200,2145.32562,MW,DE,DE_LU,forecast_solar_generation,Solar,2026-08-05T11:47:58Z
2026-08-05T11:45:45Z,2026-08-05T13:45:45+0200,eaa53f57-a911-4834-9b60-40ab8a7aba1f,2026-07-17T04:30:00Z,2026-07-17T06:30:00+0200,3222.21424,MW,DE,DE_LU,forecast_solar_generation,Solar,2026-08-05T11:47:58Z
2026-08-05T11:45:45Z,2026-08-05T13:45:45+0200,eaa53f57-a911-4834-9b60-40ab8a7aba1f,2026-07-17T04:45:00Z,2026-07-17T06:45:00+0200,4495.13038,MW,DE,DE_LU,forecast_solar_generation,Solar,2026-08-05T11:47:58Z
2026-08-05T11:45:45Z,2026-08-05T13:45:45+0200,eaa53f57-a911-4834-9b60-40ab8a7aba1f,2026-07-17T05:00:00Z,2026-07-17T07:00:00+0200,5975.10676,MW,DE,DE_LU,forecast_solar_generation,Solar,2026-08-05T11:47:58Z
2026-08-05T11:45:45Z,2026-08-05T13:45:45+0200,eaa53f57-a911-4834-9b60-40ab8a7aba1f,2026-07-17T05:15:00Z,2026-07-17T07:15:00+0200,7659.2151,MW,DE,DE_LU,forecast_solar_generation,Solar,2026-08-05T11:47:58Z
2026-08-05T11:45:45Z,2026-08-05T13:45:45+0200,eaa53f57-a911-4834-9b60-40ab8a7aba1f,2026-07-17T05:30:00Z,2026-07-17T07:30:00+0200,9529.23409,MW,DE,DE_LU,forecast_solar_generation,Solar,2026-08-05T11:47:58Z
2026-08-05T11:45:45Z,2026-08-05T13:45:45+0200,eaa53f57-a911-4834-9b60-40ab8a7aba1f,2026-07-17T05:45:00Z,2026-07-17T07:45:00+0200,11570.37356,MW,DE,DE_LU,forecast_solar_generation,Solar,2026-08-05T11:47:58Z
2026-08-05T11:45:45Z,2026-08-05T13:45:45+0200,eaa53f57-a911-4834-9b60-40ab8a7aba1f,2026-07-17T06:00:00Z,2026-07-17T08:00:00+0200,13714.50465,MW,DE,DE_LU,forecast_solar_generation,Solar,2026-08-05T11:47:58Z
2026-08-05T11:45:45Z,2026-08-05T13:45:45+0200,eaa53f57-a911-4834-9b60-40ab8a7aba1f,2026-07-17T06:15:00Z,2026-07-17T08:15:00+0200,15927.39505,MW,DE,DE_LU,forecast_solar_generation,Solar,2026-08-05T11:47:58Z
2026-08-05T11:45:45Z,2026-08-05T13:45:45+0200,eaa53f57-a911-4834-9b60-40ab8a7aba1f,2026-07-17T06:30:00Z,2026-07-17T08:30:00+0200,18169.97892,MW,DE,DE_LU,forecast_solar_generation,Solar,2026-08-05T11:47:58Z
2026-08-05T11:45:45Z,2026-08-05T13:45:45+0200,eaa53f57-a911-4834-9b60-40ab8a7aba1f,2026-07-17T06:45:00Z,2026-07-17T08:45:00+0200,20398.58902,MW,DE,DE_LU,forecast_solar_generation,Solar,2026-08-05T11:47:58Z
2026-08-05T11:45:45Z,2026-08-05T13:45:45+0200,eaa53f57-a911-4834-9b60-40ab8a7aba1f,2026-07-17T07:00:00Z,2026-07-17T09:00:00+0200,22578.00784,MW,DE,DE_LU,forecast_solar_generation,Solar,2026-08-05T11:47:58Z
2026-08-05T11:45:45Z,2026-08-05T13:45:45+0200,eaa53f57-a911-4834-9b60-40ab8a7aba1f,2026-07-17T07:15:00Z,2026-07-17T09:15:00+0200,24750.73945,MW,DE,DE_LU,forecast_solar_generation,Solar,2026-08-05T11:47:58Z
2026-08-05T11:45:45Z,2026-08-05T13:45:45+0200,eaa53f57-a911-4834-9b60-40ab8a7aba1f,2026-07-17T07:30:00Z,2026-07-17T09:30:00+0200,26844.62129,MW,DE,DE_LU,forecast_solar_generation,Solar,2026-08-05T11:47:58Z
2026-08-05T11:45:45Z,2026-08-05T13:45:45+0200,eaa53f57-a911-4834-9b60-40ab8a7aba1f,2026-07-17T07:45:00Z,2026-07-17T09:45:00+0200,28776.99758,MW,DE,DE_LU,forecast_solar_generation,Solar,2026-08-05T11:47:58Z
2026-08-05T11:45:45Z,2026-08-05T13:45:45+0200,eaa53f57-a911-4834-9b60-40ab8a7aba1f,2026-07-17T08:00:00Z,2026-07-17T10:00:00+0200,30523.19491,MW,DE,DE_LU,forecast_solar_generation,Solar,2026-08-05T11:47:58Z
2026-08-05T11:45:45Z,2026-08-05T13:45:45+0200,eaa53f57-a911-4834-9b60-40ab8a7aba1f,2026-07-17T08:15:00Z,2026-07-17T10:15:00+0200,32141.68986,MW,DE,DE_LU,forecast_solar_generation,Solar,2026-08-05T11:47:58Z
2026-08-05T11:45:45Z,2026-08-05T13:45:45+0200,eaa53f57-a911-4834-9b60-40ab8a7aba1f,2026-07-17T08:30:00Z,2026-07-17T10:30:00+0200,33642.95996,MW,DE,DE_LU,forecast_solar_generation,Solar,2026-08-05T11:47:58Z
2026-08-05T11:45:45Z,2026-08-05T13:45:45+0200,eaa53f57-a911-4834-9b60-40ab8a7aba1f,2026-07-17T08:45:00Z,2026-07-17T10:45:00+0200,35010.04714,MW,DE,DE_LU,forecast_solar_generation,Solar,2026-08-05T11:47:58Z
2026-08-05T11:45:45Z,2026-08-05T13:45:45+0200,eaa53f57-a911-4834-9b60-40ab8a7aba1f,2026-07-17T09:00:00Z,2026-07-17T11:00:00+0200,36202.75011,MW,DE,DE_LU,forecast_solar_generation,Solar,2026-08-05T11:47:58Z
2026-08-05T11:45:45Z,2026-08-05T13:45:45+0200,eaa53f57-a911-4834-9b60-40ab8a7aba1f,2026-07-17T09:15:00Z,2026-07-17T11:15:00+0200,37290.71405,MW,DE,DE_LU,forecast_solar_generation,Solar,2026-08-05T11:47:58Z
2026-08-05T11:45:45Z,2026-08-05T13:45:45+0200,eaa53f57-a911-4834-9b60-40ab8a7aba1f,2026-07-17T09:30:00Z,2026-07-17T11:30:00+0200,38172.58198,MW,DE,DE_LU,forecast_solar_generation,Solar,2026-08-05T11:47:58Z
2026-08-05T11:45:45Z,2026-08-05T13:45:45+0200,eaa53f57-a911-4834-9b60-40ab8a7aba1f,2026-07-17T09:45:00Z,2026-07-17T11:45:00+0200,38854.35096,MW,DE,DE_LU,forecast_solar_generation,Solar,2026-08-05T11:47:58Z
2026-08-05T11:45:45Z,2026-08-05T13:45:45+0200,eaa53f57-a911-4834-9b60-40ab8a7aba1f,2026-07-17T10:00:00Z,2026-07-17T12:00:00+0200,39315.1778,MW,DE,DE_LU,forecast_solar_generation,Solar,2026-08-05T11:47:58Z
2026-08-05T11:45:45Z,2026-08-05T13:45:45+0200,eaa53f57-a911-4834-9b60-40ab8a7aba1f,2026-07-17T10:15:00Z,2026-07-17T12:15:00+0200,39590.62982,MW,DE,DE_LU,forecast_solar_generation,Solar,2026-08-05T11:47:58Z
2026-08-05T11:45:45Z,2026-08-05T13:45:45+0200,eaa53f57-a911-4834-9b60-40ab8a7aba1f,2026-07-17T10:30:00Z,2026-07-17T12:30:00+0200,39704.66527,MW,DE,DE_LU,forecast_solar_generation,Solar,2026-08-05T11:47:58Z
2026-08-05T11:45:45Z,2026-08-05T13:45:45+0200,eaa53f57-a911-4834-9b60-40ab8a7aba1f,2026-07-17T10:45:00Z,2026-07-17T12:45:00+0200,39637.73378,MW,DE,DE_LU,forecast_solar_generation,Solar,2026-08-05T11:47:58Z
2026-08-05T11:45:45Z,2026-08-05T13:45:45+0200,eaa53f57-a911-4834-9b60-40ab8a7aba1f,2026-07-17T11:00:00Z,2026-07-17T13:00:00+0200,39461.76591,MW,DE,DE_LU,forecast_solar_generation,Solar,2026-08-05T11:47:58Z
2026-08-05T11:45:45Z,2026-08-05T13:45:45+0200,eaa53f57-a911-4834-9b60-40ab8a7aba1f,2026-07-17T11:15:00Z,2026-07-17T13:15:00+0200,39160.29138,MW,DE,DE_LU,forecast_solar_generation,Solar,2026-08-05T11:47:58Z
2026-08-05T11:45:45Z,2026-08-05T13:45:45+0200,eaa53f57-a911-4834-9b60-40ab8a7aba1f,2026-07-17T11:30:00Z,2026-07-17T13:30:00+0200,38726.89576,MW,DE,DE_LU,forecast_solar_generation,Solar,2026-08-05T11:47:58Z
2026-08-05T11:45:45Z,2026-08-05T13:45:45+0200,eaa53f57-a911-4834-9b60-40ab8a7aba1f,2026-07-17T11:45:00Z,2026-07-17T13:45:00+0200,38226.61067,MW,DE,DE_LU,forecast_solar_generation,Solar,2026-08-05T11:47:58Z
2026-08-05T11:45:45Z,2026-08-05T13:45:45+0200,eaa53f57-a911-4834-9b60-40ab8a7aba1f,2026-07-17T12:00:00Z,2026-07-17T14:00:00+0200,37622.92452,MW,DE,DE_LU,forecast_solar_generation,Solar,2026-08-05T11:47:58Z
2026-08-05T11:45:45Z,2026-08-05T13:45:45+0200,eaa53f57-a911-4834-9b60-40ab8a7aba1f,2026-07-17T12:15:00Z,2026-07-17T14:15:00+0200,36918.82747,MW,DE,DE_LU,forecast_solar_generation,Solar,2026-08-05T11:47:58Z
2026-08-05T11:45:45Z,2026-08-05T13:45:45+0200,eaa53f57-a911-4834-9b60-40ab8a7aba1f,2026-07-17T12:30:00Z,2026-07-17T14:30:00+0200,36125.31414,MW,DE,DE_LU,forecast_solar_generation,Solar,2026-08-05T11:47:58Z
2026-08-05T11:45:45Z,2026-08-05T13:45:45+0200,eaa53f57-a911-4834-9b60-40ab8a7aba1f,2026-07-17T12:45:00Z,2026-07-17T14:45:00+0200,35320.93061,MW,DE,DE_LU,forecast_solar_generation,Solar,2026-08-05T11:47:58Z
2026-08-05T11:45:45Z,2026-08-05T13:45:45+0200,eaa53f57-a911-4834-9b60-40ab8a7aba1f,2026-07-17T13:00:00Z,2026-07-17T15:00:00+0200,34462.32166,MW,DE,DE_LU,forecast_solar_generation,Solar,2026-08-05T11:47:58Z
2026-08-05T11:45:45Z,2026-08-05T13:45:45+0200,eaa53f57-a911-4834-9b60-40ab8a7aba1f,2026-07-17T13:15:00Z,2026-07-17T15:15:00+0200,33517.23732,MW,DE,DE_LU,forecast_solar_generation,Solar,2026-08-05T11:47:58Z
2026-08-05T11:45:45Z,2026-08-05T13:45:45+0200,eaa53f57-a911-4834-9b60-40ab8a7aba1f,2026-07-17T13:30:00Z,2026-07-17T15:30:00+0200,32426.24097,MW,DE,DE_LU,forecast_solar_generation,Solar,2026-08-05T11:47:58Z
2026-08-05T11:45:45Z,2026-08-05T13:45:45+0200,eaa53f57-a911-4834-9b60-40ab8a7aba1f,2026-07-17T13:45:00Z,2026-07-17T15:45:00+0200,31230.40403,MW,DE,DE_LU,forecast_solar_generation,Solar,2026-08-05T11:47:58Z
2026-08-05T11:45:45Z,2026-08-05T13:45:45+0200,eaa53f57-a911-4834-9b60-40ab8a7aba1f,2026-07-17T14:00:00Z,2026-07-17T16:00:00+0200,29907.73716,MW,DE,DE_LU,forecast_solar_generation,Solar,2026-08-05T11:47:58Z
2026-08-05T11:45:45Z,2026-08-05T13:45:45+0200,eaa53f57-a911-4834-9b60-40ab8a7aba1f,2026-07-17T14:15:00Z,2026-07-17T16:15:00+0200,28473.38276,MW,DE,DE_LU,forecast_solar_generation,Solar,2026-08-05T11:47:58Z
2026-08-05T11:45:45Z,2026-08-05T13:45:45+0200,eaa53f57-a911-4834-9b60-40ab8a7aba1f,2026-07-17T14:30:00Z,2026-07-17T16:30:00+0200,26926.59668,MW,DE,DE_LU,forecast_solar_generation,Solar,2026-08-05T11:47:58Z
2026-08-05T11:45:45Z,2026-08-05T13:45:45+0200,eaa53f57-a911-4834-9b60-40ab8a7aba1f,2026-07-17T14:45:00Z,2026-07-17T16:45:00+0200,25291.00863,MW,DE,DE_LU,forecast_solar_generation,Solar,2026-08-05T11:47:58Z
2026-08-05T11:45:45Z,2026-08-05T13:45:45+0200,eaa53f57-a911-4834-9b60-40ab8a7aba1f,2026-07-17T15:00:00Z,2026-07-17T17:00:00+0200,23538.29163,MW,DE,DE_LU,forecast_solar_generation,Solar,2026-08-05T11:47:58Z
2026-08-05T11:45:45Z,2026-08-05T13:45:45+0200,eaa53f57-a911-4834-9b60-40ab8a7aba1f,2026-07-17T15:15:00Z,2026-07-17T17:15:00+0200,21714.78551,MW,DE,DE_LU,forecast_solar_generation,Solar,2026-08-05T11:47:58Z
2026-08-05T11:45:45Z,2026-08-05T13:45:45+0200,eaa53f57-a911-4834-9b60-40ab8a7aba1f,2026-07-17T15:30:00Z,2026-07-17T17:30:00+0200,19848.75599,MW,DE,DE_LU,forecast_solar_generation,Solar,2026-08-05T11:47:58Z
2026-08-05T11:45:45Z,2026-08-05T13:45:45+0200,eaa53f57-a911-4834-9b60-40ab8a7aba1f,2026-07-17T15:45:00Z,2026-07-17T17:45:00+0200,18009.72706,MW,DE,DE_LU,forecast_solar_generation,Solar,2026-08-05T11:47:58Z
2026-08-05T11:45:45Z,2026-08-05T13:45:45+0200,eaa53f57-a911-4834-9b60-40ab8a7aba1f,2026-07-17T16:00:00Z,2026-07-17T18:00:00+0200,16144.88872,MW,DE,DE_LU,forecast_solar_generation,Solar,2026-08-05T11:47:58Z
2026-08-05T11:45:45Z,2026-08-05T13:45:45+0200,eaa53f57-a911-4834-9b60-40ab8a7aba1f,2026-07-17T16:15:00Z,2026-07-17T18:15:00+0200,14239.79905,MW,DE,DE_LU,forecast_solar_generation,Solar,2026-08-05T11:47:58Z
2026-08-05T11:45:45Z,2026-08-05T13:45:45+0200,eaa53f57-a911-4834-9b60-40ab8a7aba1f,2026-07-17T16:30:00Z,2026-07-17T18:30:00+0200,12331.15851,MW,DE,DE_LU,forecast_solar_generation,Solar,2026-08-05T11:47:58Z
2026-08-05T11:45:45Z,2026-08-05T13:45:45+0200,eaa53f57-a911-4834-9b60-40ab8a7aba1f,2026-07-17T16:45:00Z,2026-07-17T18:45:00+0200,10483.73251,MW,DE,DE_LU,forecast_solar_generation,Solar,2026-08-05T11:47:58Z
2026-08-05T11:45:45Z,2026-08-05T13:45:45+0200,eaa53f57-a911-4834-9b60-40ab8a7aba1f,2026-07-17T17:00:00Z,2026-07-17T19:00:00+0200,8723.194,MW,DE,DE_LU,forecast_solar_generation,Solar,2026-08-05T11:47:58Z
2026-08-05T11:45:45Z,2026-08-05T13:45:45+0200,eaa53f57-a911-4834-9b60-40ab8a7aba1f,2026-07-17T17:15:00Z,2026-07-17T19:15:00+0200,7065.09583,MW,DE,DE_LU,forecast_solar_generation,Solar,2026-08-05T11:47:58Z
2026-08-05T11:45:45Z,2026-08-05T13:45:45+0200,eaa53f57-a911-4834-9b60-40ab8a7aba1f,2026-07-17T17:30:00Z,2026-07-17T19:30:00+0200,5549.20525,MW,DE,DE_LU,forecast_solar_generation,Solar,2026-08-05T11:47:58Z
2026-08-05T11:45:45Z,2026-08-05T13:45:45+0200,eaa53f57-a911-4834-9b60-40ab8a7aba1f,2026-07-17T17:45:00Z,2026-07-17T19:45:00+0200,4202.16539,MW,DE,DE_LU,forecast_solar_generation,Solar,2026-08-05T11:47:58Z
2026-08-05T11:45:45Z,2026-08-05T13:45:45+0200,eaa53f57-a911-4834-9b60-40ab8a7aba1f,2026-07-17T18:00:00Z,2026-07-17T20:00:00+0200,3051.29089,MW,DE,DE_LU,forecast_solar_generation,Solar,2026-08-05T11:47:58Z
2026-08-05T11:45:45Z,2026-08-05T13:45:45+0200,eaa53f57-a911-4834-9b60-40ab8a7aba1f,2026-07-17T18:15:00Z,2026-07-17T20:15:00+0200,2074.19438,MW,DE,DE_LU,forecast_solar_generation,Solar,2026-08-05T11:47:58Z
2026-08-05T11:45:45Z,2026-08-05T13:45:45+0200,eaa53f57-a911-4834-9b60-40ab8a7aba1f,2026-07-17T18:30:00Z,2026-07-17T20:30:00+0200,1281.87038,MW,DE,DE_LU,forecast_solar_generation,Solar,2026-08-05T11:47:58Z
2026-08-05T11:45:45Z,2026-08-05T13:45:45+0200,eaa53f57-a911-4834-9b60-40ab8a7aba1f,2026-07-17T18:45:00Z,2026-07-17T20:45:00+0200,673.8487,MW,DE,DE_LU,forecast_solar_generation,Solar,2026-08-05T11:47:58Z
2026-08-05T11:45:45Z,2026-08-05T13:45:45+0200,eaa53f57-a911-4834-9b60-40ab8a7aba1f,2026-07-17T19:00:00Z,2026-07-17T21:00:00+0200,287.04479,MW,DE,DE_LU,forecast_solar_generation,Solar,2026-08-05T11:47:58Z
2026-08-05T11:45:45Z,2026-08-05T13:45:45+0200,eaa53f57-a911-4834-9b60-40ab8a7aba1f,2026-07-17T19:15:00Z,2026-07-17T21:15:00+0200,97.14638,MW,DE,DE_LU,forecast_solar_generation,Solar,2026-08-05T11:47:58Z
2026-08-05T11:45:45Z,2026-08-05T13:45:45+0200,eaa53f57-a911-4834-9b60-40ab8a7aba1f,2026-07-17T19:30:00Z,2026-07-17T21:30:00+0200,27.95517,MW,DE,DE_LU,forecast_solar_generation,Solar,2026-08-05T11:47:58Z
2026-08-05T11:45:45Z,2026-08-05T13:45:45+0200,eaa53f57-a911-4834-9b60-40ab8a7aba1f,2026-07-17T19:45:00Z,2026-07-17T21:45:00+0200,9.52291,MW,DE,DE_LU,forecast_solar_generation,Solar,2026-08-05T11:47:58Z
2026-08-05T11:45:45Z,2026-08-05T13:45:45+0200,eaa53f57-a911-4834-9b60-40ab8a7aba1f,2026-07-17T20:00:00Z,2026-07-17T22:00:00+0200,0.0,MW,DE,DE_LU,forecast_solar_generation,Solar,2026-08-05T11:47:58Z
2026-08-05T11:45:45Z,2026-08-05T13:45:45+0200,eaa53f57-a911-4834-9b60-40ab8a7aba1f,2026-07-17T20:15:00Z,2026-07-17T22:15:00+0200,0.0,MW,DE,DE_LU,forecast_solar_generation,Solar,2026-08-05T11:47:58Z
2026-08-05T11:45:45Z,2026-08-05T13:45:45+0200,eaa53f57-a911-4834-9b60-40ab8a7aba1f,2026-07-17T20:30:00Z,2026-07-17T22:30:00+0200,0.0,MW,DE,DE_LU,forecast_solar_generation,Solar,2026-08-05T11:47:58Z
2026-08-05T11:45:45Z,2026-08-05T13:45:45+0200,eaa53f57-a911-4834-9b60-40ab8a7aba1f,2026-07-17T20:45:00Z,2026-07-17T22:45:00+0200,0.0,MW,DE,DE_LU,forecast_solar_generation,Solar,2026-08-05T11:47:58Z
2026-08-05T11:45:45Z,2026-08-05T13:45:45+0200,eaa53f57-a911-4834-9b60-40ab8a7aba1f,2026-07-17T21:00:00Z,2026-07-17T23:00:00+0200,0.0,MW,DE,DE_LU,forecast_solar_generation,Solar,2026-08-05T11:47:58Z
2026-08-05T11:45:45Z,2026-08-05T13:45:45+0200,eaa53f57-a911-4834-9b60-40ab8a7aba1f,2026-07-17T21:15:00Z,2026-07-17T23:15:00+0200,0.0,MW,DE,DE_LU,forecast_solar_generation,Solar,2026-08-05T11:47:58Z
2026-08-05T11:45:45Z,2026-08-05T13:45:45+0200,eaa53f57-a911-4834-9b60-40ab8a7aba1f,2026-07-17T21:30:00Z,2026-07-17T23:30:00+0200,0.0,MW,DE,DE_LU,forecast_solar_generation,Solar,2026-08-05T11:47:58Z
2026-08-05T11:45:45Z,2026-08-05T13:45:45+0200,eaa53f57-a911-4834-9b60-40ab8a7aba1f,2026-07-17T21:45:00Z,2026-07-17T23:45:00+0200,0.0,MW,DE,DE_LU,forecast_solar_generation,Solar,2026-08-05T11:47:58Z
2026-08-05T11:45:45Z,2026-08-05T13:45:45+0200,eaa53f57-a911-4834-9b60-40ab8a7aba1f,2026-07-17T22:00:00Z,2026-07-18T00:00:00+0200,0.0,MW,DE,DE_LU,forecast_solar_generation,Solar,2026-08-05T11:47:58Z
2026-08-05T11:45:45Z,2026-08-05T13:45:45+0200,eaa53f57-a911-4834-9b60-40ab8a7aba1f,2026-07-17T22:15:00Z,2026-07-18T00:15:00+0200,0.0,MW,DE,DE_LU,forecast_solar_generation,Solar,2026-08-05T11:47:58Z
2026-08-05T11:45:45Z,2026-08-05T13:45:45+0200,eaa53f57-a911-4834-9b60-40ab8a7aba1f,2026-07-17T22:30:00Z,2026-07-18T00:30:00+0200,0.0,MW,DE,DE_LU,forecast_solar_generation,Solar,2026-08-05T11:47:58Z
2026-08-05T11:45:45Z,2026-08-05T13:45:45+0200,eaa53f57-a911-4834-9b60-40ab8a7aba1f,2026-07-17T22:45:00Z,2026-07-18T00:45:00+0200,0.0,MW,DE,DE_LU,forecast_solar_generation,Solar,2026-08-05T11:47:58Z
2026-08-05T11:45:45Z,2026-08-05T13:45:45+0200,eaa53f57-a911-4834-9b60-40ab8a7aba1f,2026-07-17T23:00:00Z,2026-07-18T01:00:00+0200,0.0,MW,DE,DE_LU,forecast_solar_generation,Solar,2026-08-05T11:47:58Z
2026-08-05T11:45:45Z,2026-08-05T13:45:45+0200,eaa53f57-a911-4834-9b60-40ab8a7aba1f,2026-07-17T23:15:00Z,2026-07-18T01:15:00+0200,0.0,MW,DE,DE_LU,forecast_solar_generation,Solar,2026-08-05T11:47:58Z
2026-08-05T11:45:45Z,2026-08-05T13:45:45+0200,eaa53f57-a911-4834-9b60-40ab8a7aba1f,2026-07-17T23:30:00Z,2026-07-18T01:30:00+0200,0.0,MW,DE,DE_LU,forecast_solar_generation,Solar,2026-08-05T11:47:58Z
2026-08-05T11:45:45Z,2026-08-05T13:45:45+0200,eaa53f57-a911-4834-9b60-40ab8a7aba1f,2026-07-17T23:45:00Z,2026-07-18T01:45:00+0200,0.0,MW,DE,DE_LU,forecast_solar_generation,Solar,2026-08-05T11:47:58Z
2026-08-05T11:45:45Z,2026-08-05T13:45:45+0200,eaa53f57-a911-4834-9b60-40ab8a7aba1f,2026-07-18T00:00:00Z,2026-07-18T02:00:00+0200,0.0,MW,DE,DE_LU,forecast_solar_generation,Solar,2026-08-05T11:47:58Z
2026-08-05T11:45:45Z,2026-08-05T13:45:45+0200,eaa53f57-a911-4834-9b60-40ab8a7aba1f,2026-07-18T00:15:00Z,2026-07-18T02:15:00+0200,0.0,MW,DE,DE_LU,forecast_solar_generation,Solar,2026-08-05T11:47:58Z
2026-08-05T11:45:45Z,2026-08-05T13:45:45+0200,eaa53f57-a911-4834-9b60-40ab8a7aba1f,2026-07-18T00:30:00Z,2026-07-18T02:30:00+0200,0.0,MW,DE,DE_LU,forecast_solar_generation,Solar,2026-08-05T11:47:58Z
2026-08-05T11:45:45Z,2026-08-05T13:45:45+0200,eaa53f57-a911-4834-9b60-40ab8a7aba1f,2026-07-18T00:45:00Z,2026-07-18T02:45:00+0200,0.0,MW,DE,DE_LU,forecast_solar_generation,Solar,2026-08-05T11:47:58Z
2026-08-05T11:45:45Z,2026-08-05T13:45:45+0200,eaa53f57-a911-4834-9b60-40ab8a7aba1f,2026-07-18T01:00:00Z,2026-07-18T03:00:00+0200,0.0,MW,DE,DE_LU,forecast_solar_generation,Solar,2026-08-05T11:47:58Z
2026-08-05T11:45:45Z,2026-08-05T13:45:45+0200,eaa53f57-a911-4834-9b60-40ab8a7aba1f,2026-07-18T01:15:00Z,2026-07-18T03:15:00+0200,0.0,MW,DE,DE_LU,forecast_solar_generation,Solar,2026-08-05T11:47:58Z
2026-08-05T11:45:45Z,2026-08-05T13:45:45+0200,eaa53f57-a911-4834-9b60-40ab8a7aba1f,2026-07-18T01:30:00Z,2026-07-18T03:30:00+0200,0.0,MW,DE,DE_LU,forecast_solar_generation,Solar,2026-08-05T11:47:58Z
2026-08-05T11:45:45Z,2026-08-05T13:45:45+0200,eaa53f57-a911-4834-9b60-40ab8a7aba1f,2026-07-18T01:45:00Z,2026-07-18T03:45:00+0200,0.0,MW,DE,DE_LU,forecast_solar_generation,Solar,2026-08-05T11:47:58Z
2026-08-05T11:45:45Z,2026-08-05T13:45:45+0200,eaa53f57-a911-4834-9b60-40ab8a7aba1f,2026-07-18T02:00:00Z,2026-07-18T04:00:00+0200,0.0,MW,DE,DE_LU,forecast_solar_generation,Solar,2026-08-05T11:47:58Z
2026-08-05T11:45:45Z,2026-08-05T13:45:45+0200,eaa53f57-a911-4834-9b60-40ab8a7aba1f,2026-07-18T02:15:00Z,2026-07-18T04:15:00+0200,0.0,MW,DE,DE_LU,forecast_solar_generation,Solar,2026-08-05T11:47:58Z
2026-08-05T11:45:45Z,2026-08-05T13:45:45+0200,eaa53f57-a911-4834-9b60-40ab8a7aba1f,2026-07-18T02:30:00Z,2026-07-18T04:30:00+0200,0.0,MW,DE,DE_LU,forecast_solar_generation,Solar,2026-08-05T11:47:58Z
2026-08-05T11:45:45Z,2026-08-05T13:45:45+0200,eaa53f57-a911-4834-9b60-40ab8a7aba1f,2026-07-18T02:45:00Z,2026-07-18T04:45:00+0200,0.0,MW,DE,DE_LU,forecast_solar_generation,Solar,2026-08-05T11:47:58Z
2026-08-05T11:45:45Z,2026-08-05T13:45:45+0200,eaa53f57-a911-4834-9b60-40ab8a7aba1f,2026-07-18T03:00:00Z,2026-07-18T05:00:00+0200,10.39625,MW,DE,DE_LU,forecast_solar_generation,Solar,2026-08-05T11:47:58Z
2026-08-05T11:45:45Z,2026-08-05T13:45:45+0200,eaa53f57-a911-4834-9b60-40ab8a7aba1f,2026-07-18T03:15:00Z,2026-07-18T05:15:00+0200,78.89119,MW,DE,DE_LU,forecast_solar_generation,Solar,2026-08-05T11:47:58Z
2026-08-05T11:45:45Z,2026-08-05T13:45:45+0200,eaa53f57-a911-4834-9b60-40ab8a7aba1f,2026-07-18T03:30:00Z,2026-07-18T05:30:00+0200,250.98995,MW,DE,DE_LU,forecast_solar_generation,Solar,2026-08-05T11:47:58Z
2026-08-05T11:45:45Z,2026-08-05T13:45:45+0200,eaa53f57-a911-4834-9b60-40ab8a7aba1f,2026-07-18T03:45:00Z,2026-07-18T05:45:00+0200,578.01888,MW,DE,DE_LU,forecast_solar_generation,Solar,2026-08-05T11:47:58Z
2026-08-05T11:45:45Z,2026-08-05T13:45:45+0200,eaa53f57-a911-4834-9b60-40ab8a7aba1f,2026-07-18T04:00:00Z,2026-07-18T06:00:00+0200,1188.45598,MW,DE,DE_LU,forecast_solar_generation,Solar,2026-08-05T11:47:58Z
2026-08-05T11:45:45Z,2026-08-05T13:45:45+0200,eaa53f57-a911-4834-9b60-40ab8a7aba1f,2026-07-18T04:15:00Z,2026-07-18T06:15:00+0200,2064.1714,MW,DE,DE_LU,forecast_solar_generation,Solar,2026-08-05T11:47:58Z
2026-08-05T11:45:45Z,2026-08-05T13:45:45+0200,eaa53f57-a911-4834-9b60-40ab8a7aba1f,2026-07-18T04:30:00Z,2026-07-18T06:30:00+0200,3156.71904,MW,DE,DE_LU,forecast_solar_generation,Solar,2026-08-05T11:47:58Z
2026-08-05T11:45:45Z,2026-08-05T13:45:45+0200,eaa53f57-a911-4834-9b60-40ab8a7aba1f,2026-07-18T04:45:00Z,2026-07-18T06:45:00+0200,4439.2227,MW,DE,DE_LU,forecast_solar_generation,Solar,2026-08-05T11:47:58Z
2026-08-05T11:45:45Z,2026-08-05T13:45:45+0200,eaa53f57-a911-4834-9b60-40ab8a7aba1f,2026-07-18T05:00:00Z,2026-07-18T07:00:00+0200,5932.86595,MW,DE,DE_LU,forecast_solar_generation,Solar,2026-08-05T11:47:58Z
2026-08-05T11:45:45Z,2026-08-05T13:45:45+0200,eaa53f57-a911-4834-9b60-40ab8a7aba1f,2026-07-18T05:15:00Z,2026-07-18T07:15:00+0200,7632.99212,MW,DE,DE_LU,forecast_solar_generation,Solar,2026-08-05T11:47:58Z
2026-08-05T11:45:45Z,2026-08-05T13:45:45+0200,eaa53f57-a911-4834-9b60-40ab8a7aba1f,2026-07-18T05:30:00Z,2026-07-18T07:30:00+0200,9520.64383,MW,DE,DE_LU,forecast_solar_generation,Solar,2026-08-05T11:47:58Z
2026-08-05T11:45:45Z,2026-08-05T13:45:45+0200,eaa53f57-a911-4834-9b60-40ab8a7aba1f,2026-07-18T05:45:00Z,2026-07-18T07:45:00+0200,11584.24183,MW,DE,DE_LU,forecast_solar_generation,Solar,2026-08-05T11:47:58Z
2026-08-05T11:45:45Z,2026-08-05T13:45:45+0200,eaa53f57-a911-4834-9b60-40ab8a7aba1f,2026-07-18T06:00:00Z,2026-07-18T08:00:00+0200,13779.95701,MW,DE,DE_LU,forecast_solar_generation,Solar,2026-08-05T11:47:58Z
2026-08-05T11:45:45Z,2026-08-05T13:45:45+0200,eaa53f57-a911-4834-9b60-40ab8a7aba1f,2026-07-18T06:15:00Z,2026-07-18T08:15:00+0200,16023.53797,MW,DE,DE_LU,forecast_solar_generation,Solar,2026-08-05T11:47:58Z
2026-08-05T11:45:45Z,2026-08-05T13:45:45+0200,eaa53f57-a911-4834-9b60-40ab8a7aba1f,2026-07-18T06:30:00Z,2026-07-18T08:30:00+0200,18330.29078,MW,DE,DE_LU,forecast_solar_generation,Solar,2026-08-05T11:47:58Z
2026-08-05T11:45:45Z,2026-08-05T13:45:45+0200,eaa53f57-a911-4834-9b60-40ab8a7aba1f,2026-07-18T06:45:00Z,2026-07-18T08:45:00+0200,20626.10357,MW,DE,DE_LU,forecast_solar_generation,Solar,2026-08-05T11:47:58Z
2026-08-05T11:45:45Z,2026-08-05T13:45:45+0200,eaa53f57-a911-4834-9b60-40ab8a7aba1f,2026-07-18T07:00:00Z,2026-07-18T09:00:00+0200,22867.12825,MW,DE,DE_LU,forecast_solar_generation,Solar,2026-08-05T11:47:58Z
2026-08-05T11:45:45Z,2026-08-05T13:45:45+0200,eaa53f57-a911-4834-9b60-40ab8a7aba1f,2026-07-18T07:15:00Z,2026-07-18T09:15:00+0200,25062.62567,MW,DE,DE_LU,forecast_solar_generation,Solar,2026-08-05T11:47:58Z
2026-08-05T11:45:45Z,2026-08-05T13:45:45+0200,eaa53f57-a911-4834-9b60-40ab8a7aba1f,2026-07-18T07:30:00Z,2026-07-18T09:30:00+0200,27202.33505,MW,DE,DE_LU,forecast_solar_generation,Solar,2026-08-05T11:47:58Z
2026-08-05T11:45:45Z,2026-08-05T13:45:45+0200,eaa53f57-a911-4834-9b60-40ab8a7aba1f,2026-07-18T07:45:00Z,2026-07-18T09:45:00+0200,29159.61395,MW,DE,DE_LU,forecast_solar_generation,Solar,2026-08-05T11:47:58Z
2026-08-05T11:45:45Z,2026-08-05T13:45:45+0200,eaa53f57-a911-4834-9b60-40ab8a7aba1f,2026-07-18T08:00:00Z,2026-07-18T10:00:00+0200,30973.24113,MW,DE,DE_LU,forecast_solar_generation,Solar,2026-08-05T11:47:58Z
2026-08-05T11:45:45Z,2026-08-05T13:45:45+0200,eaa53f57-a911-4834-9b60-40ab8a7aba1f,2026-07-18T08:15:00Z,2026-07-18T10:15:00+0200,32605.46652,MW,DE,DE_LU,forecast_solar_generation,Solar,2026-08-05T11:47:58Z
2026-08-05T11:45:45Z,2026-08-05T13:45:45+0200,eaa53f57-a911-4834-9b60-40ab8a7aba1f,2026-07-18T08:30:00Z,2026-07-18T10:30:00+0200,34090.8659,MW,DE,DE_LU,forecast_solar_generation,Solar,2026-08-05T11:47:58Z
2026-08-05T11:45:45Z,2026-08-05T13:45:45+0200,eaa53f57-a911-4834-9b60-40ab8a7aba1f,2026-07-18T08:45:00Z,2026-07-18T10:45:00+0200,35551.70176,MW,DE,DE_LU,forecast_solar_generation,Solar,2026-08-05T11:47:58Z
2026-08-05T11:45:45Z,2026-08-05T13:45:45+0200,eaa53f57-a911-4834-9b60-40ab8a7aba1f,2026-07-18T09:00:00Z,2026-07-18T11:00:00+0200,36743.82097,MW,DE,DE_LU,forecast_solar_generation,Solar,2026-08-05T11:47:58Z
2026-08-05T11:45:45Z,2026-08-05T13:45:45+0200,eaa53f57-a911-4834-9b60-40ab8a7aba1f,2026-07-18T09:15:00Z,2026-07-18T11:15:00+0200,37934.87189,MW,DE,DE_LU,forecast_solar_generation,Solar,2026-08-05T11:47:58Z
2026-08-05T11:45:45Z,2026-08-05T13:45:45+0200,eaa53f57-a911-4834-9b60-40ab8a7aba1f,2026-07-18T09:30:00Z,2026-07-18T11:30:00+0200,38897.1448,MW,DE,DE_LU,forecast_solar_generation,Solar,2026-08-05T11:47:58Z
2026-08-05T11:45:45Z,2026-08-05T13:45:45+0200,eaa53f57-a911-4834-9b60-40ab8a7aba1f,2026-07-18T09:45:00Z,2026-07-18T11:45:00+0200,39773.61951,MW,DE,DE_LU,forecast_solar_generation,Solar,2026-08-05T11:47:58Z
2026-08-05T11:45:45Z,2026-08-05T13:45:45+0200,eaa53f57-a911-4834-9b60-40ab8a7aba1f,2026-07-18T10:00:00Z,2026-07-18T12:00:00+0200,40365.62515,MW,DE,DE_LU,forecast_solar_generation,Solar,2026-08-05T11:47:58Z
2026-08-05T11:45:45Z,2026-08-05T13:45:45+0200,eaa53f57-a911-4834-9b60-40ab8a7aba1f,2026-07-18T10:15:00Z,2026-07-18T12:15:00+0200,40812.69232,MW,DE,DE_LU,forecast_solar_generation,Solar,2026-08-05T11:47:58Z
2026-08-05T11:45:45Z,2026-08-05T13:45:45+0200,eaa53f57-a911-4834-9b60-40ab8a7aba1f,2026-07-18T10:30:00Z,2026-07-18T12:30:00+0200,41249.47783,MW,DE,DE_LU,forecast_solar_generation,Solar,2026-08-05T11:47:58Z
2026-08-05T11:45:45Z,2026-08-05T13:45:45+0200,eaa53f57-a911-4834-9b60-40ab8a7aba1f,2026-07-18T10:45:00Z,2026-07-18T12:45:00+0200,41516.42723,MW,DE,DE_LU,forecast_solar_generation,Solar,2026-08-05T11:47:58Z
2026-08-05T11:45:45Z,2026-08-05T13:45:45+0200,eaa53f57-a911-4834-9b60-40ab8a7aba1f,2026-07-18T11:00:00Z,2026-07-18T13:00:00+0200,41629.69675,MW,DE,DE_LU,forecast_solar_generation,Solar,2026-08-05T11:47:58Z
2026-08-05T11:45:45Z,2026-08-05T13:45:45+0200,eaa53f57-a911-4834-9b60-40ab8a7aba1f,2026-07-18T11:15:00Z,2026-07-18T13:15:00+0200,41594.93507,MW,DE,DE_LU,forecast_solar_generation,Solar,2026-08-05T11:47:58Z
2026-08-05T11:45:45Z,2026-08-05T13:45:45+0200,eaa53f57-a911-4834-9b60-40ab8a7aba1f,2026-07-18T11:30:00Z,2026-07-18T13:30:00+0200,41498.08648,MW,DE,DE_LU,forecast_solar_generation,Solar,2026-08-05T11:47:58Z
2026-08-05T11:45:45Z,2026-08-05T13:45:45+0200,eaa53f57-a911-4834-9b60-40ab8a7aba1f,2026-07-18T11:45:00Z,2026-07-18T13:45:00+0200,41235.64599,MW,DE,DE_LU,forecast_solar_generation,Solar,2026-08-05T11:47:58Z
2026-08-05T11:45:45Z,2026-08-05T13:45:45+0200,eaa53f57-a911-4834-9b60-40ab8a7aba1f,2026-07-18T12:00:00Z,2026-07-18T14:00:00+0200,40836.07737,MW,DE,DE_LU,forecast_solar_generation,Solar,2026-08-05T11:47:58Z
2026-08-05T11:45:45Z,2026-08-05T13:45:45+0200,eaa53f57-a911-4834-9b60-40ab8a7aba1f,2026-07-18T12:15:00Z,2026-07-18T14:15:00+0200,40224.65476,MW,DE,DE_LU,forecast_solar_generation,Solar,2026-08-05T11:47:58Z
2026-08-05T11:45:45Z,2026-08-05T13:45:45+0200,eaa53f57-a911-4834-9b60-40ab8a7aba1f,2026-07-18T12:30:00Z,2026-07-18T14:30:00+0200,39535.62443,MW,DE,DE_LU,forecast_solar_generation,Solar,2026-08-05T11:47:58Z
2026-08-05T11:45:45Z,2026-08-05T13:45:45+0200,eaa53f57-a911-4834-9b60-40ab8a7aba1f,2026-07-18T12:45:00Z,2026-07-18T14:45:00+0200,38782.55006,MW,DE,DE_LU,forecast_solar_generation,Solar,2026-08-05T11:47:58Z
2026-08-05T11:45:45Z,2026-08-05T13:45:45+0200,eaa53f57-a911-4834-9b60-40ab8a7aba1f,2026-07-18T13:00:00Z,2026-07-18T15:00:00+0200,37954.00441,MW,DE,DE_LU,forecast_solar_generation,Solar,2026-08-05T11:47:58Z
2026-08-05T11:45:45Z,2026-08-05T13:45:45+0200,eaa53f57-a911-4834-9b60-40ab8a7aba1f,2026-07-18T13:15:00Z,2026-07-18T15:15:00+0200,36984.36499,MW,DE,DE_LU,forecast_solar_generation,Solar,2026-08-05T11:47:58Z
2026-08-05T11:45:45Z,2026-08-05T13:45:45+0200,eaa53f57-a911-4834-9b60-40ab8a7aba1f,2026-07-18T13:30:00Z,2026-07-18T15:30:00+0200,35894.31257,MW,DE,DE_LU,forecast_solar_generation,Solar,2026-08-05T11:47:58Z
2026-08-05T11:45:45Z,2026-08-05T13:45:45+0200,eaa53f57-a911-4834-9b60-40ab8a7aba1f,2026-07-18T13:45:00Z,2026-07-18T15:45:00+0200,34726.5517,MW,DE,DE_LU,forecast_solar_generation,Solar,2026-08-05T11:47:58Z
2026-08-05T11:45:45Z,2026-08-05T13:45:45+0200,eaa53f57-a911-4834-9b60-40ab8a7aba1f,2026-07-18T14:00:00Z,2026-07-18T16:00:00+0200,33426.50396,MW,DE,DE_LU,forecast_solar_generation,Solar,2026-08-05T11:47:58Z
2026-08-05T11:45:45Z,2026-08-05T13:45:45+0200,eaa53f57-a911-4834-9b60-40ab8a7aba1f,2026-07-18T14:15:00Z,2026-07-18T16:15:00+0200,32056.28128,MW,DE,DE_LU,forecast_solar_generation,Solar,2026-08-05T11:47:58Z
2026-08-05T11:45:45Z,2026-08-05T13:45:45+0200,eaa53f57-a911-4834-9b60-40ab8a7aba1f,2026-07-18T14:30:00Z,2026-07-18T16:30:00+0200,30586.20129,MW,DE,DE_LU,forecast_solar_generation,Solar,2026-08-05T11:47:58Z
2026-08-05T11:45:45Z,2026-08-05T13:45:45+0200,eaa53f57-a911-4834-9b60-40ab8a7aba1f,2026-07-18T14:45:00Z,2026-07-18T16:45:00+0200,28992.83608,MW,DE,DE_LU,forecast_solar_generation,Solar,2026-08-05T11:47:58Z
2026-08-05T11:45:45Z,2026-08-05T13:45:45+0200,eaa53f57-a911-4834-9b60-40ab8a7aba1f,2026-07-18T15:00:00Z,2026-07-18T17:00:00+0200,27227.979,MW,DE,DE_LU,forecast_solar_generation,Solar,2026-08-05T11:47:58Z
2026-08-05T11:45:45Z,2026-08-05T13:45:45+0200,eaa53f57-a911-4834-9b60-40ab8a7aba1f,2026-07-18T15:15:00Z,2026-07-18T17:15:00+0200,25356.36056,MW,DE,DE_LU,forecast_solar_generation,Solar,2026-08-05T11:47:58Z
2026-08-05T11:45:45Z,2026-08-05T13:45:45+0200,eaa53f57-a911-4834-9b60-40ab8a7aba1f,2026-07-18T15:30:00Z,2026-07-18T17:30:00+0200,23375.80371,MW,DE,DE_LU,forecast_solar_generation,Solar,2026-08-05T11:47:58Z
2026-08-05T11:45:45Z,2026-08-05T13:45:45+0200,eaa53f57-a911-4834-9b60-40ab8a7aba1f,2026-07-18T15:45:00Z,2026-07-18T17:45:00+0200,21367.43523,MW,DE,DE_LU,forecast_solar_generation,Solar,2026-08-05T11:47:58Z
2026-08-05T11:45:45Z,2026-08-05T13:45:45+0200,eaa53f57-a911-4834-9b60-40ab8a7aba1f,2026-07-18T16:00:00Z,2026-07-18T18:00:00+0200,19256.98576,MW,DE,DE_LU,forecast_solar_generation,Solar,2026-08-05T11:47:58Z
2026-08-05T11:45:45Z,2026-08-05T13:45:45+0200,eaa53f57-a911-4834-9b60-40ab8a7aba1f,2026-07-18T16:15:00Z,2026-07-18T18:15:00+0200,17029.75597,MW,DE,DE_LU,forecast_solar_generation,Solar,2026-08-05T11:47:58Z
2026-08-05T11:45:45Z,2026-08-05T13:45:45+0200,eaa53f57-a911-4834-9b60-40ab8a7aba1f,2026-07-18T16:30:00Z,2026-07-18T18:30:00+0200,14747.47544,MW,DE,DE_LU,forecast_solar_generation,Solar,2026-08-05T11:47:58Z
2026-08-05T11:45:45Z,2026-08-05T13:45:45+0200,eaa53f57-a911-4834-9b60-40ab8a7aba1f,2026-07-18T16:45:00Z,2026-07-18T18:45:00+0200,12518.02405,MW,DE,DE_LU,forecast_solar_generation,Solar,2026-08-05T11:47:58Z
2026-08-05T11:45:45Z,2026-08-05T13:45:45+0200,eaa53f57-a911-4834-9b60-40ab8a7aba1f,2026-07-18T17:00:00Z,2026-07-18T19:00:00+0200,10373.99104,MW,DE,DE_LU,forecast_solar_generation,Solar,2026-08-05T11:47:58Z
2026-08-05T11:45:45Z,2026-08-05T13:45:45+0200,eaa53f57-a911-4834-9b60-40ab8a7aba1f,2026-07-18T17:15:00Z,2026-07-18T19:15:00+0200,8354.29471,MW,DE,DE_LU,forecast_solar_generation,Solar,2026-08-05T11:47:58Z
2026-08-05T11:45:45Z,2026-08-05T13:45:45+0200,eaa53f57-a911-4834-9b60-40ab8a7aba1f,2026-07-18T17:30:00Z,2026-07-18T19:30:00+0200,6531.05797,MW,DE,DE_LU,forecast_solar_generation,Solar,2026-08-05T11:47:58Z
2026-08-05T11:45:45Z,2026-08-05T13:45:45+0200,eaa53f57-a911-4834-9b60-40ab8a7aba1f,2026-07-18T17:45:00Z,2026-07-18T19:45:00+0200,4937.67196,MW,DE,DE_LU,forecast_solar_generation,Solar,2026-08-05T11:47:58Z
2026-08-05T11:45:45Z,2026-08-05T13:45:45+0200,eaa53f57-a911-4834-9b60-40ab8a7aba1f,2026-07-18T18:00:00Z,2026-07-18T20:00:00+0200,3594.48221,MW,DE,DE_LU,forecast_solar_generation,Solar,2026-08-05T11:47:58Z
2026-08-05T11:45:45Z,2026-08-05T13:45:45+0200,eaa53f57-a911-4834-9b60-40ab8a7aba1f,2026-07-18T18:15:00Z,2026-07-18T20:15:00+0200,2456.50742,MW,DE,DE_LU,forecast_solar_generation,Solar,2026-08-05T11:47:58Z
2026-08-05T11:45:45Z,2026-08-05T13:45:45+0200,eaa53f57-a911-4834-9b60-40ab8a7aba1f,2026-07-18T18:30:00Z,2026-07-18T20:30:00+0200,1516.03357,MW,DE,DE_LU,forecast_solar_generation,Solar,2026-08-05T11:47:58Z
2026-08-05T11:45:45Z,2026-08-05T13:45:45+0200,eaa53f57-a911-4834-9b60-40ab8a7aba1f,2026-07-18T18:45:00Z,2026-07-18T20:45:00+0200,781.83524,MW,DE,DE_LU,forecast_solar_generation,Solar,2026-08-05T11:47:58Z
2026-08-05T11:45:45Z,2026-08-05T13:45:45+0200,eaa53f57-a911-4834-9b60-40ab8a7aba1f,2026-07-18T19:00:00Z,2026-07-18T21:00:00+0200,306.1752,MW,DE,DE_LU,forecast_solar_generation,Solar,2026-08-05T11:47:58Z
2026-08-05T11:45:45Z,2026-08-05T13:45:45+0200,eaa53f57-a911-4834-9b60-40ab8a7aba1f,2026-07-18T19:15:00Z,2026-07-18T21:15:00+0200,91.97926,MW,DE,DE_LU,forecast_solar_generation,Solar,2026-08-05T11:47:58Z
2026-08-05T11:45:45Z,2026-08-05T13:45:45+0200,eaa53f57-a911-4834-9b60-40ab8a7aba1f,2026-07-18T19:30:00Z,2026-07-18T21:30:00+0200,26.70218,MW,DE,DE_LU,forecast_solar_generation,Solar,2026-08-05T11:47:58Z
2026-08-05T11:45:45Z,2026-08-05T13:45:45+0200,eaa53f57-a911-4834-9b60-40ab8a7aba1f,2026-07-18T19:45:00Z,2026-07-18T21:45:00+0200,9.31305,MW,DE,DE_LU,forecast_solar_generation,Solar,2026-08-05T11:47:58Z
2026-08-05T11:45:45Z,2026-08-05T13:45:45+0200,eaa53f57-a911-4834-9b60-40ab8a7aba1f,2026-07-18T20:00:00Z,2026-07-18T22:00:00+0200,0.0,MW,DE,DE_LU,forecast_solar_generation,Solar,2026-08-05T11:47:58Z
2026-08-05T11:45:45Z,2026-08-05T13:45:45+0200,eaa53f57-a911-4834-9b60-40ab8a7aba1f,2026-07-18T20:15:00Z,2026-07-18T22:15:00+0200,0.0,MW,DE,DE_LU,forecast_solar_generation,Solar,2026-08-05T11:47:58Z
2026-08-05T11:45:45Z,2026-08-05T13:45:45+0200,eaa53f57-a911-4834-9b60-40ab8a7aba1f,2026-07-18T20:30:00Z,2026-07-18T22:30:00+0200,0.0,MW,DE,DE_LU,forecast_solar_generation,Solar,2026-08-05T11:47:58Z
2026-08-05T11:45:45Z,2026-08-05T13:45:45+0200,eaa53f57-a911-4834-9b60-40ab8a7aba1f,2026-07-18T20:45:00Z,2026-07-18T22:45:00+0200,0.0,MW,DE,DE_LU,forecast_solar_generation,Solar,2026-08-05T11:47:58Z
2026-08-05T11:45:45Z,2026-08-05T13:45:45+0200,eaa53f57-a911-4834-9b60-40ab8a7aba1f,2026-07-18T21:00:00Z,2026-07-18T23:00:00+0200,0.0,MW,DE,DE_LU,forecast_solar_generation,Solar,2026-08-05T11:47:58Z
2026-08-05T11:45:45Z,2026-08-05T13:45:45+0200,eaa53f57-a911-4834-9b60-40ab8a7aba1f,2026-07-18T21:15:00Z,2026-07-18T23:15:00+0200,0.0,MW,DE,DE_LU,forecast_solar_generation,Solar,2026-08-05T11:47:58Z
2026-08-05T11:45:45Z,2026-08-05T13:45:45+0200,eaa53f57-a911-4834-9b60-40ab8a7aba1f,2026-07-18T21:30:00Z,2026-07-18T23:30:00+0200,0.0,MW,DE,DE_LU,forecast_solar_generation,Solar,2026-08-05T11:47:58Z
2026-08-05T11:45:45Z,2026-08-05T13:45:45+0200,eaa53f57-a911-4834-9b60-40ab8a7aba1f,2026-07-18T21:45:00Z,2026-07-18T23:45:00+0200,0.0,MW,DE,DE_LU,forecast_solar_generation,Solar,2026-08-05T11:47:58Z
2026-08-05T11:45:45Z,2026-08-05T13:45:45+0200,eaa53f57-a911-4834-9b60-40ab8a7aba1f,2026-07-18T22:00:00Z,2026-07-19T00:00:00+0200,0.0,MW,DE,DE_LU,forecast_solar_generation,Solar,2026-08-05T11:47:58Z
2026-08-05T11:45:45Z,2026-08-05T13:45:45+0200,eaa53f57-a911-4834-9b60-40ab8a7aba1f,2026-07-18T22:15:00Z,2026-07-19T00:15:00+0200,0.0,MW,DE,DE_LU,forecast_solar_generation,Solar,2026-08-05T11:47:58Z
2026-08-05T11:45:45Z,2026-08-05T13:45:45+0200,eaa53f57-a911-4834-9b60-40ab8a7aba1f,2026-07-18T22:30:00Z,2026-07-19T00:30:00+0200,0.0,MW,DE,DE_LU,forecast_solar_generation,Solar,2026-08-05T11:47:58Z
2026-08-05T11:45:45Z,2026-08-05T13:45:45+0200,eaa53f57-a911-4834-9b60-40ab8a7aba1f,2026-07-18T22:45:00Z,2026-07-19T00:45:00+0200,0.0,MW,DE,DE_LU,forecast_solar_generation,Solar,2026-08-05T11:47:58Z
2026-08-05T11:45:45Z,2026-08-05T13:45:45+0200,eaa53f57-a911-4834-9b60-40ab8a7aba1f,2026-07-18T23:00:00Z,2026-07-19T01:00:00+0200,0.0,MW,DE,DE_LU,forecast_solar_generation,Solar,2026-08-05T11:47:58Z
2026-08-05T11:45:45Z,2026-08-05T13:45:45+0200,eaa53f57-a911-4834-9b60-40ab8a7aba1f,2026-07-18T23:15:00Z,2026-07-19T01:15:00+0200,0.0,MW,DE,DE_LU,forecast_solar_generation,Solar,2026-08-05T11:47:58Z
2026-08-05T11:45:45Z,2026-08-05T13:45:45+0200,eaa53f57-a911-4834-9b60-40ab8a7aba1f,2026-07-18T23:30:00Z,2026-07-19T01:30:00+0200,0.0,MW,DE,DE_LU,forecast_solar_generation,Solar,2026-08-05T11:47:58Z
2026-08-05T11:45:45Z,2026-08-05T13:45:45+0200,eaa53f57-a911-4834-9b60-40ab8a7aba1f,2026-07-18T23:45:00Z,2026-07-19T01:45:00+0200,0.0,MW,DE,DE_LU,forecast_solar_generation,Solar,2026-08-05T11:47:58Z
2026-08-05T11:45:45Z,2026-08-05T13:45:45+0200,eaa53f57-a911-4834-9b60-40ab8a7aba1f,2026-07-19T00:00:00Z,2026-07-19T02:00:00+0200,0.0,MW,DE,DE_LU,forecast_solar_generation,Solar,2026-08-05T11:47:58Z
2026-08-05T11:45:45Z,2026-08-05T13:45:45+0200,eaa53f57-a911-4834-9b60-40ab8a7aba1f,2026-07-19T00:15:00Z,2026-07-19T02:15:00+0200,0.0,MW,DE,DE_LU,forecast_solar_generation,Solar,2026-08-05T11:47:58Z
2026-08-05T11:45:45Z,2026-08-05T13:45:45+0200,eaa53f57-a911-4834-9b60-40ab8a7aba1f,2026-07-19T00:30:00Z,2026-07-19T02:30:00+0200,0.0,MW,DE,DE_LU,forecast_solar_generation,Solar,2026-08-05T11:47:58Z
2026-08-05T11:45:45Z,2026-08-05T13:45:45+0200,eaa53f57-a911-4834-9b60-40ab8a7aba1f,2026-07-19T00:45:00Z,2026-07-19T02:45:00+0200,0.0,MW,DE,DE_LU,forecast_solar_generation,Solar,2026-08-05T11:47:58Z
2026-08-05T11:45:45Z,2026-08-05T13:45:45+0200,eaa53f57-a911-4834-9b60-40ab8a7aba1f,2026-07-19T01:00:00Z,2026-07-19T03:00:00+0200,0.0,MW,DE,DE_LU,forecast_solar_generation,Solar,2026-08-05T11:47:58Z
2026-08-05T11:45:45Z,2026-08-05T13:45:45+0200,eaa53f57-a911-4834-9b60-40ab8a7aba1f,2026-07-19T01:15:00Z,2026-07-19T03:15:00+0200,0.0,MW,DE,DE_LU,forecast_solar_generation,Solar,2026-08-05T11:47:58Z
2026-08-05T11:45:45Z,2026-08-05T13:45:45+0200,eaa53f57-a911-4834-9b60-40ab8a7aba1f,2026-07-19T01:30:00Z,2026-07-19T03:30:00+0200,0.0,MW,DE,DE_LU,forecast_solar_generation,Solar,2026-08-05T11:47:58Z
2026-08-05T11:45:45Z,2026-08-05T13:45:45+0200,eaa53f57-a911-4834-9b60-40ab8a7aba1f,2026-07-19T01:45:00Z,2026-07-19T03:45:00+0200,0.0,MW,DE,DE_LU,forecast_solar_generation,Solar,2026-08-05T11:47:58Z
2026-08-05T11:45:45Z,2026-08-05T13:45:45+0200,eaa53f57-a911-4834-9b60-40ab8a7aba1f,2026-07-19T02:00:00Z,2026-07-19T04:00:00+0200,0.0,MW,DE,DE_LU,forecast_solar_generation,Solar,2026-08-05T11:47:58Z
2026-08-05T11:45:45Z,2026-08-05T13:45:45+0200,eaa53f57-a911-4834-9b60-40ab8a7aba1f,2026-07-19T02:15:00Z,2026-07-19T04:15:00+0200,0.0,MW,DE,DE_LU,forecast_solar_generation,Solar,2026-08-05T11:47:58Z
2026-08-05T11:45:45Z,2026-08-05T13:45:45+0200,eaa53f57-a911-4834-9b60-40ab8a7aba1f,2026-07-19T02:30:00Z,2026-07-19T04:30:00+0200,0.0,MW,DE,DE_LU,forecast_solar_generation,Solar,2026-08-05T11:47:58Z
2026-08-05T11:45:45Z,2026-08-05T13:45:45+0200,eaa53f57-a911-4834-9b60-40ab8a7aba1f,2026-07-19T02:45:00Z,2026-07-19T04:45:00+0200,0.0,MW,DE,DE_LU,forecast_solar_generation,Solar,2026-08-05T11:47:58Z
2026-08-05T11:45:45Z,2026-08-05T13:45:45+0200,eaa53f57-a911-4834-9b60-40ab8a7aba1f,2026-07-19T03:00:00Z,2026-07-19T05:00:00+0200,9.728,MW,DE,DE_LU,forecast_solar_generation,Solar,2026-08-05T11:47:58Z
2026-08-05T11:45:45Z,2026-08-05T13:45:45+0200,eaa53f57-a911-4834-9b60-40ab8a7aba1f,2026-07-19T03:15:00Z,2026-07-19T05:15:00+0200,60.79995,MW,DE,DE_LU,forecast_solar_generation,Solar,2026-08-05T11:47:58Z
2026-08-05T11:45:45Z,2026-08-05T13:45:45+0200,eaa53f57-a911-4834-9b60-40ab8a7aba1f,2026-07-19T03:30:00Z,2026-07-19T05:30:00+0200,207.36782,MW,DE,DE_LU,forecast_solar_generation,Solar,2026-08-05T11:47:58Z
2026-08-05T11:45:45Z,2026-08-05T13:45:45+0200,eaa53f57-a911-4834-9b60-40ab8a7aba1f,2026-07-19T03:45:00Z,2026-07-19T05:45:00+0200,503.26207,MW,DE,DE_LU,forecast_solar_generation,Solar,2026-08-05T11:47:58Z
2026-08-05T11:45:45Z,2026-08-05T13:45:45+0200,eaa53f57-a911-4834-9b60-40ab8a7aba1f,2026-07-19T04:00:00Z,2026-07-19T06:00:00+0200,1044.06978,MW,DE,DE_LU,forecast_solar_generation,Solar,2026-08-05T11:47:58Z
2026-08-05T11:45:45Z,2026-08-05T13:45:45+0200,eaa53f57-a911-4834-9b60-40ab8a7aba1f,2026-07-19T04:15:00Z,2026-07-19T06:15:00+0200,1813.87124,MW,DE,DE_LU,forecast_solar_generation,Solar,2026-08-05T11:47:58Z
2026-08-05T11:45:45Z,2026-08-05T13:45:45+0200,eaa53f57-a911-4834-9b60-40ab8a7aba1f,2026-07-19T04:30:00Z,2026-07-19T06:30:00+0200,2777.78324,MW,DE,DE_LU,forecast_solar_generation,Solar,2026-08-05T11:47:58Z
2026-08-05T11:45:45Z,2026-08-05T13:45:45+0200,eaa53f57-a911-4834-9b60-40ab8a7aba1f,2026-07-19T04:45:00Z,2026-07-19T06:45:00+0200,3918.14939,MW,DE,DE_LU,forecast_solar_generation,Solar,2026-08-05T11:47:58Z
2026-08-05T11:45:45Z,2026-08-05T13:45:45+0200,eaa53f57-a911-4834-9b60-40ab8a7aba1f,2026-07-19T05:00:00Z,2026-07-19T07:00:00+0200,5247.31668,MW,DE,DE_LU,forecast_solar_generation,Solar,2026-08-05T11:47:58Z
2026-08-05T11:45:45Z,2026-08-05T13:45:45+0200,eaa53f57-a911-4834-9b60-40ab8a7aba1f,2026-07-19T05:15:00Z,2026-07-19T07:15:00+0200,6764.466,MW,DE,DE_LU,forecast_solar_generation,Solar,2026-08-05T11:47:58Z
2026-08-05T11:45:45Z,2026-08-05T13:45:45+0200,eaa53f57-a911-4834-9b60-40ab8a7aba1f,2026-07-19T05:30:00Z,2026-07-19T07:30:00+0200,8405.4463,MW,DE,DE_LU,forecast_solar_generation,Solar,2026-08-05T11:47:58Z
2026-08-05T11:45:45Z,2026-08-05T13:45:45+0200,eaa53f57-a911-4834-9b60-40ab8a7aba1f,2026-07-19T05:45:00Z,2026-07-19T07:45:00+0200,10142.67599,MW,DE,DE_LU,forecast_solar_generation,Solar,2026-08-05T11:47:58Z
2026-08-05T11:45:45Z,2026-08-05T13:45:45+0200,eaa53f57-a911-4834-9b60-40ab8a7aba1f,2026-07-19T06:00:00Z,2026-07-19T08:00:00+0200,11953.34139,MW,DE,DE_LU,forecast_solar_generation,Solar,2026-08-05T11:47:58Z
2026-08-05T11:45:45Z,2026-08-05T13:45:45+0200,eaa53f57-a911-4834-9b60-40ab8a7aba1f,2026-07-19T06:15:00Z,2026-07-19T08:15:00+0200,13743.03723,MW,DE,DE_LU,forecast_solar_generation,Solar,2026-08-05T11:47:58Z
2026-08-05T11:45:45Z,2026-08-05T13:45:45+0200,eaa53f57-a911-4834-9b60-40ab8a7aba1f,2026-07-19T06:30:00Z,2026-07-19T08:30:00+0200,15539.07729,MW,DE,DE_LU,forecast_solar_generation,Solar,2026-08-05T11:47:58Z
2026-08-05T11:45:45Z,2026-08-05T13:45:45+0200,eaa53f57-a911-4834-9b60-40ab8a7aba1f,2026-07-19T06:45:00Z,2026-07-19T08:45:00+0200,17316.96144,MW,DE,DE_LU,forecast_solar_generation,Solar,2026-08-05T11:47:58Z
2026-08-05T11:45:45Z,2026-08-05T13:45:45+0200,eaa53f57-a911-4834-9b60-40ab8a7aba1f,2026-07-19T07:00:00Z,2026-07-19T09:00:00+0200,19046.64323,MW,DE,DE_LU,forecast_solar_generation,Solar,2026-08-05T11:47:58Z
2026-08-05T11:45:45Z,2026-08-05T13:45:45+0200,eaa53f57-a911-4834-9b60-40ab8a7aba1f,2026-07-19T07:15:00Z,2026-07-19T09:15:00+0200,20694.29794,MW,DE,DE_LU,forecast_solar_generation,Solar,2026-08-05T11:47:58Z
2026-08-05T11:45:45Z,2026-08-05T13:45:45+0200,eaa53f57-a911-4834-9b60-40ab8a7aba1f,2026-07-19T07:30:00Z,2026-07-19T09:30:00+0200,22357.29282,MW,DE,DE_LU,forecast_solar_generation,Solar,2026-08-05T11:47:58Z
2026-08-05T11:45:45Z,2026-08-05T13:45:45+0200,eaa53f57-a911-4834-9b60-40ab8a7aba1f,2026-07-19T07:45:00Z,2026-07-19T09:45:00+0200,23946.2561,MW,DE,DE_LU,forecast_solar_generation,Solar,2026-08-05T11:47:58Z
2026-08-05T11:45:45Z,2026-08-05T13:45:45+0200,eaa53f57-a911-4834-9b60-40ab8a7aba1f,2026-07-19T08:00:00Z,2026-07-19T10:00:00+0200,25453.66238,MW,DE,DE_LU,forecast_solar_generation,Solar,2026-08-05T11:47:58Z
2026-08-05T11:45:45Z,2026-08-05T13:45:45+0200,eaa53f57-a911-4834-9b60-40ab8a7aba1f,2026-07-19T08:15:00Z,2026-07-19T10:15:00+0200,26910.59902,MW,DE,DE_LU,forecast_solar_generation,Solar,2026-08-05T11:47:58Z
2026-08-05T11:45:45Z,2026-08-05T13:45:45+0200,eaa53f57-a911-4834-9b60-40ab8a7aba1f,2026-07-19T08:30:00Z,2026-07-19T10:30:00+0200,28357.18776,MW,DE,DE_LU,forecast_solar_generation,Solar,2026-08-05T11:47:58Z
2026-08-05T11:45:45Z,2026-08-05T13:45:45+0200,eaa53f57-a911-4834-9b60-40ab8a7aba1f,2026-07-19T08:45:00Z,2026-07-19T10:45:00+0200,29833.10241,MW,DE,DE_LU,forecast_solar_generation,Solar,2026-08-05T11:47:58Z
2026-08-05T11:45:45Z,2026-08-05T13:45:45+0200,eaa53f57-a911-4834-9b60-40ab8a7aba1f,2026-07-19T09:00:00Z,2026-07-19T11:00:00+0200,30786.18623,MW,DE,DE_LU,forecast_solar_generation,Solar,2026-08-05T11:47:58Z
2026-08-05T11:45:45Z,2026-08-05T13:45:45+0200,eaa53f57-a911-4834-9b60-40ab8a7aba1f,2026-07-19T09:15:00Z,2026-07-19T11:15:00+0200,32128.39797,MW,DE,DE_LU,forecast_solar_generation,Solar,2026-08-05T11:47:58Z
2026-08-05T11:45:45Z,2026-08-05T13:45:45+0200,eaa53f57-a911-4834-9b60-40ab8a7aba1f,2026-07-19T09:30:00Z,2026-07-19T11:30:00+0200,33373.20627,MW,DE,DE_LU,forecast_solar_generation,Solar,2026-08-05T11:47:58Z
2026-08-05T11:45:45Z,2026-08-05T13:45:45+0200,eaa53f57-a911-4834-9b60-40ab8a7aba1f,2026-07-19T09:45:00Z,2026-07-19T11:45:00+0200,34558.6715,MW,DE,DE_LU,forecast_solar_generation,Solar,2026-08-05T11:47:58Z
2026-08-05T11:45:45Z,2026-08-05T13:45:45+0200,eaa53f57-a911-4834-9b60-40ab8a7aba1f,2026-07-19T10:00:00Z,2026-07-19T12:00:00+0200,35511.68131,MW,DE,DE_LU,forecast_solar_generation,Solar,2026-08-05T11:47:58Z
2026-08-05T11:45:45Z,2026-08-05T13:45:45+0200,eaa53f57-a911-4834-9b60-40ab8a7aba1f,2026-07-19T10:15:00Z,2026-07-19T12:15:00+0200,36320.31378,MW,DE,DE_LU,forecast_solar_generation,Solar,2026-08-05T11:47:58Z
2026-08-05T11:45:45Z,2026-08-05T13:45:45+0200,eaa53f57-a911-4834-9b60-40ab8a7aba1f,2026-07-19T10:30:00Z,2026-07-19T12:30:00+0200,37198.18221,MW,DE,DE_LU,forecast_solar_generation,Solar,2026-08-05T11:47:58Z
2026-08-05T11:45:45Z,2026-08-05T13:45:45+0200,eaa53f57-a911-4834-9b60-40ab8a7aba1f,2026-07-19T10:45:00Z,2026-07-19T12:45:00+0200,37912.86121,MW,DE,DE_LU,forecast_solar_generation,Solar,2026-08-05T11:47:58Z
2026-08-05T11:45:45Z,2026-08-05T13:45:45+0200,eaa53f57-a911-4834-9b60-40ab8a7aba1f,2026-07-19T11:00:00Z,2026-07-19T13:00:00+0200,38533.68869,MW,DE,DE_LU,forecast_solar_generation,Solar,2026-08-05T11:47:58Z
2026-08-05T11:45:45Z,2026-08-05T13:45:45+0200,eaa53f57-a911-4834-9b60-40ab8a7aba1f,2026-07-19T11:15:00Z,2026-07-19T13:15:00+0200,38964.58045,MW,DE,DE_LU,forecast_solar_generation,Solar,2026-08-05T11:47:58Z
2026-08-05T11:45:45Z,2026-08-05T13:45:45+0200,eaa53f57-a911-4834-9b60-40ab8a7aba1f,2026-07-19T11:30:00Z,2026-07-19T13:30:00+0200,39423.60434,MW,DE,DE_LU,forecast_solar_generation,Solar,2026-08-05T11:47:58Z
2026-08-05T11:45:45Z,2026-08-05T13:45:45+0200,eaa53f57-a911-4834-9b60-40ab8a7aba1f,2026-07-19T11:45:00Z,2026-07-19T13:45:00+0200,39697.05744,MW,DE,DE_LU,forecast_solar_generation,Solar,2026-08-05T11:47:58Z
2026-08-05T11:45:45Z,2026-08-05T13:45:45+0200,eaa53f57-a911-4834-9b60-40ab8a7aba1f,2026-07-19T12:00:00Z,2026-07-19T14:00:00+0200,39815.58639,MW,DE,DE_LU,forecast_solar_generation,Solar,2026-08-05T11:47:58Z
2026-08-05T11:45:45Z,2026-08-05T13:45:45+0200,eaa53f57-a911-4834-9b60-40ab8a7aba1f,2026-07-19T12:15:00Z,2026-07-19T14:15:00+0200,39730.17608,MW,DE,DE_LU,forecast_solar_generation,Solar,2026-08-05T11:47:58Z
2026-08-05T11:45:45Z,2026-08-05T13:45:45+0200,eaa53f57-a911-4834-9b60-40ab8a7aba1f,2026-07-19T12:30:00Z,2026-07-19T14:30:00+0200,39541.58453,MW,DE,DE_LU,forecast_solar_generation,Solar,2026-08-05T11:47:58Z
2026-08-05T11:45:45Z,2026-08-05T13:45:45+0200,eaa53f57-a911-4834-9b60-40ab8a7aba1f,2026-07-19T12:45:00Z,2026-07-19T14:45:00+0200,39218.7344,MW,DE,DE_LU,forecast_solar_generation,Solar,2026-08-05T11:47:58Z
2026-08-05T11:45:45Z,2026-08-05T13:45:45+0200,eaa53f57-a911-4834-9b60-40ab8a7aba1f,2026-07-19T13:00:00Z,2026-07-19T15:00:00+0200,38760.06601,MW,DE,DE_LU,forecast_solar_generation,Solar,2026-08-05T11:47:58Z
2026-08-05T11:45:45Z,2026-08-05T13:45:45+0200,eaa53f57-a911-4834-9b60-40ab8a7aba1f,2026-07-19T13:15:00Z,2026-07-19T15:15:00+0200,38113.34214,MW,DE,DE_LU,forecast_solar_generation,Solar,2026-08-05T11:47:58Z
2026-08-05T11:45:45Z,2026-08-05T13:45:45+0200,eaa53f57-a911-4834-9b60-40ab8a7aba1f,2026-07-19T13:30:00Z,2026-07-19T15:30:00+0200,37156.9011,MW,DE,DE_LU,forecast_solar_generation,Solar,2026-08-05T11:47:58Z
2026-08-05T11:45:45Z,2026-08-05T13:45:45+0200,eaa53f57-a911-4834-9b60-40ab8a7aba1f,2026-07-19T13:45:00Z,2026-07-19T15:45:00+0200,36151.60533,MW,DE,DE_LU,forecast_solar_generation,Solar,2026-08-05T11:47:58Z
2026-08-05T11:45:45Z,2026-08-05T13:45:45+0200,eaa53f57-a911-4834-9b60-40ab8a7aba1f,2026-07-19T14:00:00Z,2026-07-19T16:00:00+0200,34981.00806,MW,DE,DE_LU,forecast_solar_generation,Solar,2026-08-05T11:47:58Z
2026-08-05T11:45:45Z,2026-08-05T13:45:45+0200,eaa53f57-a911-4834-9b60-40ab8a7aba1f,2026-07-19T14:15:00Z,2026-07-19T16:15:00+0200,33685.65861,MW,DE,DE_LU,forecast_solar_generation,Solar,2026-08-05T11:47:58Z
2026-08-05T11:45:45Z,2026-08-05T13:45:45+0200,eaa53f57-a911-4834-9b60-40ab8a7aba1f,2026-07-19T14:30:00Z,2026-07-19T16:30:00+0200,32241.83961,MW,DE,DE_LU,forecast_solar_generation,Solar,2026-08-05T11:47:58Z
2026-08-05T11:45:45Z,2026-08-05T13:45:45+0200,eaa53f57-a911-4834-9b60-40ab8a7aba1f,2026-07-19T14:45:00Z,2026-07-19T16:45:00+0200,30659.44328,MW,DE,DE_LU,forecast_solar_generation,Solar,2026-08-05T11:47:58Z
2026-08-05T11:45:45Z,2026-08-05T13:45:45+0200,eaa53f57-a911-4834-9b60-40ab8a7aba1f,2026-07-19T15:00:00Z,2026-07-19T17:00:00+0200,29127.10728,MW,DE,DE_LU,forecast_solar_generation,Solar,2026-08-05T11:47:58Z
2026-08-05T11:45:45Z,2026-08-05T13:45:45+0200,eaa53f57-a911-4834-9b60-40ab8a7aba1f,2026-07-19T15:15:00Z,2026-07-19T17:15:00+0200,27181.57375,MW,DE,DE_LU,forecast_solar_generation,Solar,2026-08-05T11:47:58Z
2026-08-05T11:45:45Z,2026-08-05T13:45:45+0200,eaa53f57-a911-4834-9b60-40ab8a7aba1f,2026-07-19T15:30:00Z,2026-07-19T17:30:00+0200,25155.14837,MW,DE,DE_LU,forecast_solar_generation,Solar,2026-08-05T11:47:58Z
2026-08-05T11:45:45Z,2026-08-05T13:45:45+0200,eaa53f57-a911-4834-9b60-40ab8a7aba1f,2026-07-19T15:45:00Z,2026-07-19T17:45:00+0200,22978.40357,MW,DE,DE_LU,forecast_solar_generation,Solar,2026-08-05T11:47:58Z
2026-08-05T11:45:45Z,2026-08-05T13:45:45+0200,eaa53f57-a911-4834-9b60-40ab8a7aba1f,2026-07-19T16:00:00Z,2026-07-19T18:00:00+0200,20764.71409,MW,DE,DE_LU,forecast_solar_generation,Solar,2026-08-05T11:47:58Z
2026-08-05T11:45:45Z,2026-08-05T13:45:45+0200,eaa53f57-a911-4834-9b60-40ab8a7aba1f,2026-07-19T16:15:00Z,2026-07-19T18:15:00+0200,18410.17039,MW,DE,DE_LU,forecast_solar_generation,Solar,2026-08-05T11:47:58Z
2026-08-05T11:45:45Z,2026-08-05T13:45:45+0200,eaa53f57-a911-4834-9b60-40ab8a7aba1f,2026-07-19T16:30:00Z,2026-07-19T18:30:00+0200,15988.22212,MW,DE,DE_LU,forecast_solar_generation,Solar,2026-08-05T11:47:58Z
2026-08-05T11:45:45Z,2026-08-05T13:45:45+0200,eaa53f57-a911-4834-9b60-40ab8a7aba1f,2026-07-19T16:45:00Z,2026-07-19T18:45:00+0200,13595.06611,MW,DE,DE_LU,forecast_solar_generation,Solar,2026-08-05T11:47:58Z
2026-08-05T11:45:45Z,2026-08-05T13:45:45+0200,eaa53f57-a911-4834-9b60-40ab8a7aba1f,2026-07-19T17:00:00Z,2026-07-19T19:00:00+0200,11255.85716,MW,DE,DE_LU,forecast_solar_generation,Solar,2026-08-05T11:47:58Z
2026-08-05T11:45:45Z,2026-08-05T13:45:45+0200,eaa53f57-a911-4834-9b60-40ab8a7aba1f,2026-07-19T17:15:00Z,2026-07-19T19:15:00+0200,9016.97279,MW,DE,DE_LU,forecast_solar_generation,Solar,2026-08-05T11:47:58Z
2026-08-05T11:45:45Z,2026-08-05T13:45:45+0200,eaa53f57-a911-4834-9b60-40ab8a7aba1f,2026-07-19T17:30:00Z,2026-07-19T19:30:00+0200,6992.22127,MW,DE,DE_LU,forecast_solar_generation,Solar,2026-08-05T11:47:58Z
2026-08-05T11:45:45Z,2026-08-05T13:45:45+0200,eaa53f57-a911-4834-9b60-40ab8a7aba1f,2026-07-19T17:45:00Z,2026-07-19T19:45:00+0200,5235.6163,MW,DE,DE_LU,forecast_solar_generation,Solar,2026-08-05T11:47:58Z
2026-08-05T11:45:45Z,2026-08-05T13:45:45+0200,eaa53f57-a911-4834-9b60-40ab8a7aba1f,2026-07-19T18:00:00Z,2026-07-19T20:00:00+0200,3764.99426,MW,DE,DE_LU,forecast_solar_generation,Solar,2026-08-05T11:47:58Z
2026-08-05T11:45:45Z,2026-08-05T13:45:45+0200,eaa53f57-a911-4834-9b60-40ab8a7aba1f,2026-07-19T18:15:00Z,2026-07-19T20:15:00+0200,2537.29511,MW,DE,DE_LU,forecast_solar_generation,Solar,2026-08-05T11:47:58Z
2026-08-05T11:45:45Z,2026-08-05T13:45:45+0200,eaa53f57-a911-4834-9b60-40ab8a7aba1f,2026-07-19T18:30:00Z,2026-07-19T20:30:00+0200,1528.18751,MW,DE,DE_LU,forecast_solar_generation,Solar,2026-08-05T11:47:58Z
2026-08-05T11:45:45Z,2026-08-05T13:45:45+0200,eaa53f57-a911-4834-9b60-40ab8a7aba1f,2026-07-19T18:45:00Z,2026-07-19T20:45:00+0200,750.28143,MW,DE,DE_LU,forecast_solar_generation,Solar,2026-08-05T11:47:58Z
2026-08-05T11:45:45Z,2026-08-05T13:45:45+0200,eaa53f57-a911-4834-9b60-40ab8a7aba1f,2026-07-19T19:00:00Z,2026-07-19T21:00:00+0200,270.70427,MW,DE,DE_LU,forecast_solar_generation,Solar,2026-08-05T11:47:58Z
2026-08-05T11:45:45Z,2026-08-05T13:45:45+0200,eaa53f57-a911-4834-9b60-40ab8a7aba1f,2026-07-19T19:15:00Z,2026-07-19T21:15:00+0200,75.12756,MW,DE,DE_LU,forecast_solar_generation,Solar,2026-08-05T11:47:58Z
2026-08-05T11:45:45Z,2026-08-05T13:45:45+0200,eaa53f57-a911-4834-9b60-40ab8a7aba1f,2026-07-19T19:30:00Z,2026-07-19T21:30:00+0200,18.41703,MW,DE,DE_LU,forecast_solar_generation,Solar,2026-08-05T11:47:58Z
2026-08-05T11:45:45Z,2026-08-05T13:45:45+0200,eaa53f57-a911-4834-9b60-40ab8a7aba1f,2026-07-19T19:45:00Z,2026-07-19T21:45:00+0200,0.332,MW,DE,DE_LU,forecast_solar_generation,Solar,2026-08-05T11:47:58Z
2026-08-05T11:45:45Z,2026-08-05T13:45:45+0200,eaa53f57-a911-4834-9b60-40ab8a7aba1f,2026-07-19T20:00:00Z,2026-07-19T22:00:00+0200,0.0,MW,DE,DE_LU,forecast_solar_generation,Solar,2026-08-05T11:47:58Z
2026-08-05T11:45:45Z,2026-08-05T13:45:45+0200,eaa53f57-a911-4834-9b60-40ab8a7aba1f,2026-07-19T20:15:00Z,2026-07-19T22:15:00+0200,0.0,MW,DE,DE_LU,forecast_solar_generation,Solar,2026-08-05T11:47:58Z
2026-08-05T11:45:45Z,2026-08-05T13:45:45+0200,eaa53f57-a911-4834-9b60-40ab8a7aba1f,2026-07-19T20:30:00Z,2026-07-19T22:30:00+0200,0.0,MW,DE,DE_LU,forecast_solar_generation,Solar,2026-08-05T11:47:58Z
2026-08-05T11:45:45Z,2026-08-05T13:45:45+0200,eaa53f57-a911-4834-9b60-40ab8a7aba1f,2026-07-19T20:45:00Z,2026-07-19T22:45:00+0200,0.0,MW,DE,DE_LU,forecast_solar_generation,Solar,2026-08-05T11:47:58Z
2026-08-05T11:45:45Z,2026-08-05T13:45:45+0200,eaa53f57-a911-4834-9b60-40ab8a7aba1f,2026-07-19T21:00:00Z,2026-07-19T23:00:00+0200,0.0,MW,DE,DE_LU,forecast_solar_generation,Solar,2026-08-05T11:47:58Z
2026-08-05T11:45:45Z,2026-08-05T13:45:45+0200,eaa53f57-a911-4834-9b60-40ab8a7aba1f,2026-07-19T21:15:00Z,2026-07-19T23:15:00+0200,0.0,MW,DE,DE_LU,forecast_solar_generation,Solar,2026-08-05T11:47:58Z
2026-08-05T11:45:45Z,2026-08-05T13:45:45+0200,eaa53f57-a911-4834-9b60-40ab8a7aba1f,2026-07-19T21:30:00Z,2026-07-19T23:30:00+0200,0.0,MW,DE,DE_LU,forecast_solar_generation,Solar,2026-08-05T11:47:58Z
2026-08-05T11:45:45Z,2026-08-05T13:45:45+0200,eaa53f57-a911-4834-9b60-40ab8a7aba1f,2026-07-19T21:45:00Z,2026-07-19T23:45:00+0200,0.0,MW,DE,DE_LU,forecast_solar_generation,Solar,2026-08-05T11:47:58Z
2026-08-05T11:45:45Z,2026-08-05T13:45:45+0200,eaa53f57-a911-4834-9b60-40ab8a7aba1f,2026-07-19T22:00:00Z,2026-07-20T00:00:00+0200,0.0,MW,DE,DE_LU,forecast_solar_generation,Solar,2026-08-05T11:47:58Z
2026-08-05T11:45:45Z,2026-08-05T13:45:45+0200,eaa53f57-a911-4834-9b60-40ab8a7aba1f,2026-07-19T22:15:00Z,2026-07-20T00:15:00+0200,0.0,MW,DE,DE_LU,forecast_solar_generation,Solar,2026-08-05T11:47:58Z
2026-08-05T11:45:45Z,2026-08-05T13:45:45+0200,eaa53f57-a911-4834-9b60-40ab8a7aba1f,2026-07-19T22:30:00Z,2026-07-20T00:30:00+0200,0.0,MW,DE,DE_LU,forecast_solar_generation,Solar,2026-08-05T11:47:58Z
2026-08-05T11:45:45Z,2026-08-05T13:45:45+0200,eaa53f57-a911-4834-9b60-40ab8a7aba1f,2026-07-19T22:45:00Z,2026-07-20T00:45:00+0200,0.0,MW,DE,DE_LU,forecast_solar_generation,Solar,2026-08-05T11:47:58Z
2026-08-05T11:45:45Z,2026-08-05T13:45:45+0200,eaa53f57-a911-4834-9b60-40ab8a7aba1f,2026-07-19T23:00:00Z,2026-07-20T01:00:00+0200,0.0,MW,DE,DE_LU,forecast_solar_generation,Solar,2026-08-05T11:47:58Z
2026-08-05T11:45:45Z,2026-08-05T13:45:45+0200,eaa53f57-a911-4834-9b60-40ab8a7aba1f,2026-07-19T23:15:00Z,2026-07-20T01:15:00+0200,0.0,MW,DE,DE_LU,forecast_solar_generation,Solar,2026-08-05T11:47:58Z
2026-08-05T11:45:45Z,2026-08-05T13:45:45+0200,eaa53f57-a911-4834-9b60-40ab8a7aba1f,2026-07-19T23:30:00Z,2026-07-20T01:30:00+0200,0.0,MW,DE,DE_LU,forecast_solar_generation,Solar,2026-08-05T11:47:58Z
2026-08-05T11:45:45Z,2026-08-05T13:45:45+0200,eaa53f57-a911-4834-9b60-40ab8a7aba1f,2026-07-19T23:45:00Z,2026-07-20T01:45:00+0200,0.0,MW,DE,DE_LU,forecast_solar_generation,Solar,2026-08-05T11:47:58Z
2026-08-05T11:45:45Z,2026-08-05T13:45:45+0200,eaa53f57-a911-4834-9b60-40ab8a7aba1f,2026-07-20T00:00:00Z,2026-07-20T02:00:00+0200,0.0,MW,DE,DE_LU,forecast_solar_generation,Solar,2026-08-05T11:47:58Z
2026-08-05T11:45:45Z,2026-08-05T13:45:45+0200,eaa53f57-a911-4834-9b60-40ab8a7aba1f,2026-07-20T00:15:00Z,2026-07-20T02:15:00+0200,0.0,MW,DE,DE_LU,forecast_solar_generation,Solar,2026-08-05T11:47:58Z
2026-08-05T11:45:45Z,2026-08-05T13:45:45+0200,eaa53f57-a911-4834-9b60-40ab8a7aba1f,2026-07-20T00:30:00Z,2026-07-20T02:30:00+0200,0.0,MW,DE,DE_LU,forecast_solar_generation,Solar,2026-08-05T11:47:58Z
2026-08-05T11:45:45Z,2026-08-05T13:45:45+0200,eaa53f57-a911-4834-9b60-40ab8a7aba1f,2026-07-20T00:45:00Z,2026-07-20T02:45:00+0200,0.0,MW,DE,DE_LU,forecast_solar_generation,Solar,2026-08-05T11:47:58Z
2026-08-05T11:45:45Z,2026-08-05T13:45:45+0200,eaa53f57-a911-4834-9b60-40ab8a7aba1f,2026-07-20T01:00:00Z,2026-07-20T03:00:00+0200,0.0,MW,DE,DE_LU,forecast_solar_generation,Solar,2026-08-05T11:47:58Z
2026-08-05T11:45:45Z,2026-08-05T13:45:45+0200,eaa53f57-a911-4834-9b60-40ab8a7aba1f,2026-07-20T01:15:00Z,2026-07-20T03:15:00+0200,0.0,MW,DE,DE_LU,forecast_solar_generation,Solar,2026-08-05T11:47:58Z
2026-08-05T11:45:45Z,2026-08-05T13:45:45+0200,eaa53f57-a911-4834-9b60-40ab8a7aba1f,2026-07-20T01:30:00Z,2026-07-20T03:30:00+0200,0.0,MW,DE,DE_LU,forecast_solar_generation,Solar,2026-08-05T11:47:58Z
2026-08-05T11:45:45Z,2026-08-05T13:45:45+0200,eaa53f57-a911-4834-9b60-40ab8a7aba1f,2026-07-20T01:45:00Z,2026-07-20T03:45:00+0200,0.0,MW,DE,DE_LU,forecast_solar_generation,Solar,2026-08-05T11:47:58Z
2026-08-05T11:45:45Z,2026-08-05T13:45:45+0200,eaa53f57-a911-4834-9b60-40ab8a7aba1f,2026-07-20T02:00:00Z,2026-07-20T04:00:00+0200,0.0,MW,DE,DE_LU,forecast_solar_generation,Solar,2026-08-05T11:47:58Z
2026-08-05T11:45:45Z,2026-08-05T13:45:45+0200,eaa53f57-a911-4834-9b60-40ab8a7aba1f,2026-07-20T02:15:00Z,2026-07-20T04:15:00+0200,0.0,MW,DE,DE_LU,forecast_solar_generation,Solar,2026-08-05T11:47:58Z
2026-08-05T11:45:45Z,2026-08-05T13:45:45+0200,eaa53f57-a911-4834-9b60-40ab8a7aba1f,2026-07-20T02:30:00Z,2026-07-20T04:30:00+0200,0.0,MW,DE,DE_LU,forecast_solar_generation,Solar,2026-08-05T11:47:58Z
2026-08-05T11:45:45Z,2026-08-05T13:45:45+0200,eaa53f57-a911-4834-9b60-40ab8a7aba1f,2026-07-20T02:45:00Z,2026-07-20T04:45:00+0200,0.0,MW,DE,DE_LU,forecast_solar_generation,Solar,2026-08-05T11:47:58Z
2026-08-05T11:45:45Z,2026-08-05T13:45:45+0200,eaa53f57-a911-4834-9b60-40ab8a7aba1f,2026-07-20T03:00:00Z,2026-07-20T05:00:00+0200,5.511,MW,DE,DE_LU,forecast_solar_generation,Solar,2026-08-05T11:47:58Z
2026-08-05T11:45:45Z,2026-08-05T13:45:45+0200,eaa53f57-a911-4834-9b60-40ab8a7aba1f,2026-07-20T03:15:00Z,2026-07-20T05:15:00+0200,43.57248,MW,DE,DE_LU,forecast_solar_generation,Solar,2026-08-05T11:47:58Z
2026-08-05T11:45:45Z,2026-08-05T13:45:45+0200,eaa53f57-a911-4834-9b60-40ab8a7aba1f,2026-07-20T03:30:00Z,2026-07-20T05:30:00+0200,189.02119,MW,DE,DE_LU,forecast_solar_generation,Solar,2026-08-05T11:47:58Z
2026-08-05T11:45:45Z,2026-08-05T13:45:45+0200,eaa53f57-a911-4834-9b60-40ab8a7aba1f,2026-07-20T03:45:00Z,2026-07-20T05:45:00+0200,539.82272,MW,DE,DE_LU,forecast_solar_generation,Solar,2026-08-05T11:47:58Z
2026-08-05T11:45:45Z,2026-08-05T13:45:45+0200,eaa53f57-a911-4834-9b60-40ab8a7aba1f,2026-07-20T04:00:00Z,2026-07-20T06:00:00+0200,1222.96439,MW,DE,DE_LU,forecast_solar_generation,Solar,2026-08-05T11:47:58Z
2026-08-05T11:45:45Z,2026-08-05T13:45:45+0200,eaa53f57-a911-4834-9b60-40ab8a7aba1f,2026-07-20T04:15:00Z,2026-07-20T06:15:00+0200,2194.35858,MW,DE,DE_LU,forecast_solar_generation,Solar,2026-08-05T11:47:58Z
2026-08-05T11:45:45Z,2026-08-05T13:45:45+0200,eaa53f57-a911-4834-9b60-40ab8a7aba1f,2026-07-20T04:30:00Z,2026-07-20T06:30:00+0200,3405.60631,MW,DE,DE_LU,forecast_solar_generation,Solar,2026-08-05T11:47:58Z
2026-08-05T11:45:45Z,2026-08-05T13:45:45+0200,eaa53f57-a911-4834-9b60-40ab8a7aba1f,2026-07-20T04:45:00Z,2026-07-20T06:45:00+0200,4851.00202,MW,DE,DE_LU,forecast_solar_generation,Solar,2026-08-05T11:47:58Z
2026-08-05T11:45:45Z,2026-08-05T13:45:45+0200,eaa53f57-a911-4834-9b60-40ab8a7aba1f,2026-07-20T05:00:00Z,2026-07-20T07:00:00+0200,6563.49123,MW,DE,DE_LU,forecast_solar_generation,Solar,2026-08-05T11:47:58Z
2026-08-05T11:45:45Z,2026-08-05T13:45:45+0200,eaa53f57-a911-4834-9b60-40ab8a7aba1f,2026-07-20T05:15:00Z,2026-07-20T07:15:00+0200,8572.05925,MW,DE,DE_LU,forecast_solar_generation,Solar,2026-08-05T11:47:58Z
2026-08-05T11:45:45Z,2026-08-05T13:45:45+0200,eaa53f57-a911-4834-9b60-40ab8a7aba1f,2026-07-20T05:30:00Z,2026-07-20T07:30:00+0200,10832.72291,MW,DE,DE_LU,forecast_solar_generation,Solar,2026-08-05T11:47:58Z
2026-08-05T11:45:45Z,2026-08-05T13:45:45+0200,eaa53f57-a911-4834-9b60-40ab8a7aba1f,2026-07-20T05:45:00Z,2026-07-20T07:45:00+0200,13259.87236,MW,DE,DE_LU,forecast_solar_generation,Solar,2026-08-05T11:47:58Z
2026-08-05T11:45:45Z,2026-08-05T13:45:45+0200,eaa53f57-a911-4834-9b60-40ab8a7aba1f,2026-07-20T06:00:00Z,2026-07-20T08:00:00+0200,15811.39405,MW,DE,DE_LU,forecast_solar_generation,Solar,2026-08-05T11:47:58Z
2026-08-05T11:45:45Z,2026-08-05T13:45:45+0200,eaa53f57-a911-4834-9b60-40ab8a7aba1f,2026-07-20T06:15:00Z,2026-07-20T08:15:00+0200,18424.72237,MW,DE,DE_LU,forecast_solar_generation,Solar,2026-08-05T11:47:58Z
2026-08-05T11:45:45Z,2026-08-05T13:45:45+0200,eaa53f57-a911-4834-9b60-40ab8a7aba1f,2026-07-20T06:30:00Z,2026-07-20T08:30:00+0200,21038.85167,MW,DE,DE_LU,forecast_solar_generation,Solar,2026-08-05T11:47:58Z
2026-08-05T11:45:45Z,2026-08-05T13:45:45+0200,eaa53f57-a911-4834-9b60-40ab8a7aba1f,2026-07-20T06:45:00Z,2026-07-20T08:45:00+0200,23542.53764,MW,DE,DE_LU,forecast_solar_generation,Solar,2026-08-05T11:47:58Z
2026-08-05T11:45:45Z,2026-08-05T13:45:45+0200,eaa53f57-a911-4834-9b60-40ab8a7aba1f,2026-07-20T07:00:00Z,2026-07-20T09:00:00+0200,25907.54575,MW,DE,DE_LU,forecast_solar_generation,Solar,2026-08-05T11:47:58Z
2026-08-05T11:45:45Z,2026-08-05T13:45:45+0200,eaa53f57-a911-4834-9b60-40ab8a7aba1f,2026-07-20T07:15:00Z,2026-07-20T09:15:00+0200,28179.82027,MW,DE,DE_LU,forecast_solar_generation,Solar,2026-08-05T11:47:58Z
2026-08-05T11:45:45Z,2026-08-05T13:45:45+0200,eaa53f57-a911-4834-9b60-40ab8a7aba1f,2026-07-20T07:30:00Z,2026-07-20T09:30:00+0200,30310.23061,MW,DE,DE_LU,forecast_solar_generation,Solar,2026-08-05T11:47:58Z
2026-08-05T11:45:45Z,2026-08-05T13:45:45+0200,eaa53f57-a911-4834-9b60-40ab8a7aba1f,2026-07-20T07:45:00Z,2026-07-20T09:45:00+0200,32249.0883,MW,DE,DE_LU,forecast_solar_generation,Solar,2026-08-05T11:47:58Z
2026-08-05T11:45:45Z,2026-08-05T13:45:45+0200,eaa53f57-a911-4834-9b60-40ab8a7aba1f,2026-07-20T08:00:00Z,2026-07-20T10:00:00+0200,33920.9032,MW,DE,DE_LU,forecast_solar_generation,Solar,2026-08-05T11:47:58Z
2026-08-05T11:45:45Z,2026-08-05T13:45:45+0200,eaa53f57-a911-4834-9b60-40ab8a7aba1f,2026-07-20T08:15:00Z,2026-07-20T10:15:00+0200,35376.71606,MW,DE,DE_LU,forecast_solar_generation,Solar,2026-08-05T11:47:58Z
2026-08-05T11:45:45Z,2026-08-05T13:45:45+0200,eaa53f57-a911-4834-9b60-40ab8a7aba1f,2026-07-20T08:30:00Z,2026-07-20T10:30:00+0200,36670.3852,MW,DE,DE_LU,forecast_solar_generation,Solar,2026-08-05T11:47:58Z
2026-08-05T11:45:45Z,2026-08-05T13:45:45+0200,eaa53f57-a911-4834-9b60-40ab8a7aba1f,2026-07-20T08:45:00Z,2026-07-20T10:45:00+0200,37815.51463,MW,DE,DE_LU,forecast_solar_generation,Solar,2026-08-05T11:47:58Z
2026-08-05T11:45:45Z,2026-08-05T13:45:45+0200,eaa53f57-a911-4834-9b60-40ab8a7aba1f,2026-07-20T09:00:00Z,2026-07-20T11:00:00+0200,38753.36435,MW,DE,DE_LU,forecast_solar_generation,Solar,2026-08-05T11:47:58Z
2026-08-05T11:45:45Z,2026-08-05T13:45:45+0200,eaa53f57-a911-4834-9b60-40ab8a7aba1f,2026-07-20T09:15:00Z,2026-07-20T11:15:00+0200,39596.67854,MW,DE,DE_LU,forecast_solar_generation,Solar,2026-08-05T11:47:58Z
2026-08-05T11:45:45Z,2026-08-05T13:45:45+0200,eaa53f57-a911-4834-9b60-40ab8a7aba1f,2026-07-20T09:30:00Z,2026-07-20T11:30:00+0200,40231.293,MW,DE,DE_LU,forecast_solar_generation,Solar,2026-08-05T11:47:58Z
2026-08-05T11:45:45Z,2026-08-05T13:45:45+0200,eaa53f57-a911-4834-9b60-40ab8a7aba1f,2026-07-20T09:45:00Z,2026-07-20T11:45:00+0200,40792.08705,MW,DE,DE_LU,forecast_solar_generation,Solar,2026-08-05T11:47:58Z
2026-08-05T11:45:45Z,2026-08-05T13:45:45+0200,eaa53f57-a911-4834-9b60-40ab8a7aba1f,2026-07-20T10:00:00Z,2026-07-20T12:00:00+0200,41187.37899,MW,DE,DE_LU,forecast_solar_generation,Solar,2026-08-05T11:47:58Z
2026-08-05T11:45:45Z,2026-08-05T13:45:45+0200,eaa53f57-a911-4834-9b60-40ab8a7aba1f,2026-07-20T10:15:00Z,2026-07-20T12:15:00+0200,41454.37607,MW,DE,DE_LU,forecast_solar_generation,Solar,2026-08-05T11:47:58Z
2026-08-05T11:45:45Z,2026-08-05T13:45:45+0200,eaa53f57-a911-4834-9b60-40ab8a7aba1f,2026-07-20T10:30:00Z,2026-07-20T12:30:00+0200,41705.35852,MW,DE,DE_LU,forecast_solar_generation,Solar,2026-08-05T11:47:58Z
2026-08-05T11:45:45Z,2026-08-05T13:45:45+0200,eaa53f57-a911-4834-9b60-40ab8a7aba1f,2026-07-20T10:45:00Z,2026-07-20T12:45:00+0200,41858.57973,MW,DE,DE_LU,forecast_solar_generation,Solar,2026-08-05T11:47:58Z
2026-08-05T11:45:45Z,2026-08-05T13:45:45+0200,eaa53f57-a911-4834-9b60-40ab8a7aba1f,2026-07-20T11:00:00Z,2026-07-20T13:00:00+0200,41972.2867,MW,DE,DE_LU,forecast_solar_generation,Solar,2026-08-05T11:47:58Z
2026-08-05T11:45:45Z,2026-08-05T13:45:45+0200,eaa53f57-a911-4834-9b60-40ab8a7aba1f,2026-07-20T11:15:00Z,2026-07-20T13:15:00+0200,42027.97788,MW,DE,DE_LU,forecast_solar_generation,Solar,2026-08-05T11:47:58Z
2026-08-05T11:45:45Z,2026-08-05T13:45:45+0200,eaa53f57-a911-4834-9b60-40ab8a7aba1f,2026-07-20T11:30:00Z,2026-07-20T13:30:00+0200,42004.30856,MW,DE,DE_LU,forecast_solar_generation,Solar,2026-08-05T11:47:58Z
2026-08-05T11:45:45Z,2026-08-05T13:45:45+0200,eaa53f57-a911-4834-9b60-40ab8a7aba1f,2026-07-20T11:45:00Z,2026-07-20T13:45:00+0200,41825.93705,MW,DE,DE_LU,forecast_solar_generation,Solar,2026-08-05T11:47:58Z
2026-08-05T11:45:45Z,2026-08-05T13:45:45+0200,eaa53f57-a911-4834-9b60-40ab8a7aba1f,2026-07-20T12:00:00Z,2026-07-20T14:00:00+0200,41687.21217,MW,DE,DE_LU,forecast_solar_generation,Solar,2026-08-05T11:47:58Z
2026-08-05T11:45:45Z,2026-08-05T13:45:45+0200,eaa53f57-a911-4834-9b60-40ab8a7aba1f,2026-07-20T12:15:00Z,2026-07-20T14:15:00+0200,41342.40615,MW,DE,DE_LU,forecast_solar_generation,Solar,2026-08-05T11:47:58Z
2026-08-05T11:45:45Z,2026-08-05T13:45:45+0200,eaa53f57-a911-4834-9b60-40ab8a7aba1f,2026-07-20T12:30:00Z,2026-07-20T14:30:00+0200,40938.68688,MW,DE,DE_LU,forecast_solar_generation,Solar,2026-08-05T11:47:58Z
2026-08-05T11:45:45Z,2026-08-05T13:45:45+0200,eaa53f57-a911-4834-9b60-40ab8a7aba1f,2026-07-20T12:45:00Z,2026-07-20T14:45:00+0200,40367.19377,MW,DE,DE_LU,forecast_solar_generation,Solar,2026-08-05T11:47:58Z
2026-08-05T11:45:45Z,2026-08-05T13:45:45+0200,eaa53f57-a911-4834-9b60-40ab8a7aba1f,2026-07-20T13:00:00Z,2026-07-20T15:00:00+0200,39630.31674,MW,DE,DE_LU,forecast_solar_generation,Solar,2026-08-05T11:47:58Z
2026-08-05T11:45:45Z,2026-08-05T13:45:45+0200,eaa53f57-a911-4834-9b60-40ab8a7aba1f,2026-07-20T13:15:00Z,2026-07-20T15:15:00+0200,38733.17213,MW,DE,DE_LU,forecast_solar_generation,Solar,2026-08-05T11:47:58Z
2026-08-05T11:45:45Z,2026-08-05T13:45:45+0200,eaa53f57-a911-4834-9b60-40ab8a7aba1f,2026-07-20T13:30:00Z,2026-07-20T15:30:00+0200,37689.92279,MW,DE,DE_LU,forecast_solar_generation,Solar,2026-08-05T11:47:58Z
2026-08-05T11:45:45Z,2026-08-05T13:45:45+0200,eaa53f57-a911-4834-9b60-40ab8a7aba1f,2026-07-20T13:45:00Z,2026-07-20T15:45:00+0200,36565.55652,MW,DE,DE_LU,forecast_solar_generation,Solar,2026-08-05T11:47:58Z
2026-08-05T11:45:45Z,2026-08-05T13:45:45+0200,eaa53f57-a911-4834-9b60-40ab8a7aba1f,2026-07-20T14:00:00Z,2026-07-20T16:00:00+0200,35276.20503,MW,DE,DE_LU,forecast_solar_generation,Solar,2026-08-05T11:47:58Z
2026-08-05T11:45:45Z,2026-08-05T13:45:45+0200,eaa53f57-a911-4834-9b60-40ab8a7aba1f,2026-07-20T14:15:00Z,2026-07-20T16:15:00+0200,33884.72767,MW,DE,DE_LU,forecast_solar_generation,Solar,2026-08-05T11:47:58Z
2026-08-05T11:45:45Z,2026-08-05T13:45:45+0200,eaa53f57-a911-4834-9b60-40ab8a7aba1f,2026-07-20T14:30:00Z,2026-07-20T16:30:00+0200,32333.32493,MW,DE,DE_LU,forecast_solar_generation,Solar,2026-08-05T11:47:58Z
2026-08-05T11:45:45Z,2026-08-05T13:45:45+0200,eaa53f57-a911-4834-9b60-40ab8a7aba1f,2026-07-20T14:45:00Z,2026-07-20T16:45:00+0200,30614.54717,MW,DE,DE_LU,forecast_solar_generation,Solar,2026-08-05T11:47:58Z
2026-08-05T11:45:45Z,2026-08-05T13:45:45+0200,eaa53f57-a911-4834-9b60-40ab8a7aba1f,2026-07-20T15:00:00Z,2026-07-20T17:00:00+0200,28681.40779,MW,DE,DE_LU,forecast_solar_generation,Solar,2026-08-05T11:47:58Z
2026-08-05T11:45:45Z,2026-08-05T13:45:45+0200,eaa53f57-a911-4834-9b60-40ab8a7aba1f,2026-07-20T15:15:00Z,2026-07-20T17:15:00+0200,26610.72831,MW,DE,DE_LU,forecast_solar_generation,Solar,2026-08-05T11:47:58Z
2026-08-05T11:45:45Z,2026-08-05T13:45:45+0200,eaa53f57-a911-4834-9b60-40ab8a7aba1f,2026-07-20T15:30:00Z,2026-07-20T17:30:00+0200,24431.92453,MW,DE,DE_LU,forecast_solar_generation,Solar,2026-08-05T11:47:58Z
2026-08-05T11:45:45Z,2026-08-05T13:45:45+0200,eaa53f57-a911-4834-9b60-40ab8a7aba1f,2026-07-20T15:45:00Z,2026-07-20T17:45:00+0200,22210.31585,MW,DE,DE_LU,forecast_solar_generation,Solar,2026-08-05T11:47:58Z
2026-08-05T11:45:45Z,2026-08-05T13:45:45+0200,eaa53f57-a911-4834-9b60-40ab8a7aba1f,2026-07-20T16:00:00Z,2026-07-20T18:00:00+0200,19977.65985,MW,DE,DE_LU,forecast_solar_generation,Solar,2026-08-05T11:47:58Z
2026-08-05T11:45:45Z,2026-08-05T13:45:45+0200,eaa53f57-a911-4834-9b60-40ab8a7aba1f,2026-07-20T16:15:00Z,2026-07-20T18:15:00+0200,17692.66151,MW,DE,DE_LU,forecast_solar_generation,Solar,2026-08-05T11:47:58Z
2026-08-05T11:45:45Z,2026-08-05T13:45:45+0200,eaa53f57-a911-4834-9b60-40ab8a7aba1f,2026-07-20T16:30:00Z,2026-07-20T18:30:00+0200,15369.2408,MW,DE,DE_LU,forecast_solar_generation,Solar,2026-08-05T11:47:58Z
2026-08-05T11:45:45Z,2026-08-05T13:45:45+0200,eaa53f57-a911-4834-9b60-40ab8a7aba1f,2026-07-20T16:45:00Z,2026-07-20T18:45:00+0200,13076.00951,MW,DE,DE_LU,forecast_solar_generation,Solar,2026-08-05T11:47:58Z
2026-08-05T11:45:45Z,2026-08-05T13:45:45+0200,eaa53f57-a911-4834-9b60-40ab8a7aba1f,2026-07-20T17:00:00Z,2026-07-20T19:00:00+0200,10842.06405,MW,DE,DE_LU,forecast_solar_generation,Solar,2026-08-05T11:47:58Z
2026-08-05T11:45:45Z,2026-08-05T13:45:45+0200,eaa53f57-a911-4834-9b60-40ab8a7aba1f,2026-07-20T17:15:00Z,2026-07-20T19:15:00+0200,8697.6337,MW,DE,DE_LU,forecast_solar_generation,Solar,2026-08-05T11:47:58Z
2026-08-05T11:45:45Z,2026-08-05T13:45:45+0200,eaa53f57-a911-4834-9b60-40ab8a7aba1f,2026-07-20T17:30:00Z,2026-07-20T19:30:00+0200,6748.24824,MW,DE,DE_LU,forecast_solar_generation,Solar,2026-08-05T11:47:58Z
2026-08-05T11:45:45Z,2026-08-05T13:45:45+0200,eaa53f57-a911-4834-9b60-40ab8a7aba1f,2026-07-20T17:45:00Z,2026-07-20T19:45:00+0200,5049.76962,MW,DE,DE_LU,forecast_solar_generation,Solar,2026-08-05T11:47:58Z
2026-08-05T11:45:45Z,2026-08-05T13:45:45+0200,eaa53f57-a911-4834-9b60-40ab8a7aba1f,2026-07-20T18:00:00Z,2026-07-20T20:00:00+0200,3626.11317,MW,DE,DE_LU,forecast_solar_generation,Solar,2026-08-05T11:47:58Z
2026-08-05T11:45:45Z,2026-08-05T13:45:45+0200,eaa53f57-a911-4834-9b60-40ab8a7aba1f,2026-07-20T18:15:00Z,2026-07-20T20:15:00+0200,2439.48915,MW,DE,DE_LU,forecast_solar_generation,Solar,2026-08-05T11:47:58Z
2026-08-05T11:45:45Z,2026-08-05T13:45:45+0200,eaa53f57-a911-4834-9b60-40ab8a7aba1f,2026-07-20T18:30:00Z,2026-07-20T20:30:00+0200,1477.00555,MW,DE,DE_LU,forecast_solar_generation,Solar,2026-08-05T11:47:58Z
2026-08-05T11:45:45Z,2026-08-05T13:45:45+0200,eaa53f57-a911-4834-9b60-40ab8a7aba1f,2026-07-20T18:45:00Z,2026-07-20T20:45:00+0200,740.0434,MW,DE,DE_LU,forecast_solar_generation,Solar,2026-08-05T11:47:58Z
2026-08-05T11:45:45Z,2026-08-05T13:45:45+0200,eaa53f57-a911-4834-9b60-40ab8a7aba1f,2026-07-20T19:00:00Z,2026-07-20T21:00:00+0200,290.41397,MW,DE,DE_LU,forecast_solar_generation,Solar,2026-08-05T11:47:58Z
2026-08-05T11:45:45Z,2026-08-05T13:45:45+0200,eaa53f57-a911-4834-9b60-40ab8a7aba1f,2026-07-20T19:15:00Z,2026-07-20T21:15:00+0200,93.5159,MW,DE,DE_LU,forecast_solar_generation,Solar,2026-08-05T11:47:58Z
2026-08-05T11:45:45Z,2026-08-05T13:45:45+0200,eaa53f57-a911-4834-9b60-40ab8a7aba1f,2026-07-20T19:30:00Z,2026-07-20T21:30:00+0200,32.50516,MW,DE,DE_LU,forecast_solar_generation,Solar,2026-08-05T11:47:58Z
2026-08-05T11:45:45Z,2026-08-05T13:45:45+0200,eaa53f57-a911-4834-9b60-40ab8a7aba1f,2026-07-20T19:45:00Z,2026-07-20T21:45:00+0200,3.894,MW,DE,DE_LU,forecast_solar_generation,Solar,2026-08-05T11:47:58Z
2026-08-05T11:45:45Z,2026-08-05T13:45:45+0200,eaa53f57-a911-4834-9b60-40ab8a7aba1f,2026-07-20T20:00:00Z,2026-07-20T22:00:00+0200,0.0,MW,DE,DE_LU,forecast_solar_generation,Solar,2026-08-05T11:47:58Z
2026-08-05T11:45:45Z,2026-08-05T13:45:45+0200,eaa53f57-a911-4834-9b60-40ab8a7aba1f,2026-07-20T20:15:00Z,2026-07-20T22:15:00+0200,0.0,MW,DE,DE_LU,forecast_solar_generation,Solar,2026-08-05T11:47:58Z
2026-08-05T11:45:45Z,2026-08-05T13:45:45+0200,eaa53f57-a911-4834-9b60-40ab8a7aba1f,2026-07-20T20:30:00Z,2026-07-20T22:30:00+0200,0.0,MW,DE,DE_LU,forecast_solar_generation,Solar,2026-08-05T11:47:58Z
2026-08-05T11:45:45Z,2026-08-05T13:45:45+0200,eaa53f57-a911-4834-9b60-40ab8a7aba1f,2026-07-20T20:45:00Z,2026-07-20T22:45:00+0200,0.0,MW,DE,DE_LU,forecast_solar_generation,Solar,2026-08-05T11:47:58Z
2026-08-05T11:45:45Z,2026-08-05T13:45:45+0200,eaa53f57-a911-4834-9b60-40ab8a7aba1f,2026-07-20T21:00:00Z,2026-07-20T23:00:00+0200,0.0,MW,DE,DE_LU,forecast_solar_generation,Solar,2026-08-05T11:47:58Z
2026-08-05T11:45:45Z,2026-08-05T13:45:45+0200,eaa53f57-a911-4834-9b60-40ab8a7aba1f,2026-07-20T21:15:00Z,2026-07-20T23:15:00+0200,0.0,MW,DE,DE_LU,forecast_solar_generation,Solar,2026-08-05T11:47:58Z
2026-08-05T11:45:45Z,2026-08-05T13:45:45+0200,eaa53f57-a911-4834-9b60-40ab8a7aba1f,2026-07-20T21:30:00Z,2026-07-20T23:30:00+0200,0.0,MW,DE,DE_LU,forecast_solar_generation,Solar,2026-08-05T11:47:58Z
2026-08-05T11:45:45Z,2026-08-05T13:45:45+0200,eaa53f57-a911-4834-9b60-40ab8a7aba1f,2026-07-20T21:45:00Z,2026-07-20T23:45:00+0200,0.0,MW,DE,DE_LU,forecast_solar_generation,Solar,2026-08-05T11:47:58Z
2026-08-05T11:45:45Z,2026-08-05T13:45:45+0200,eaa53f57-a911-4834-9b60-40ab8a7aba1f,2026-07-20T22:00:00Z,2026-07-21T00:00:00+0200,0.0,MW,DE,DE_LU,forecast_solar_generation,Solar,2026-08-05T11:47:58Z
2026-08-05T11:45:45Z,2026-08-05T13:45:45+0200,eaa53f57-a911-4834-9b60-40ab8a7aba1f,2026-07-20T22:15:00Z,2026-07-21T00:15:00+0200,0.0,MW,DE,DE_LU,forecast_solar_generation,Solar,2026-08-05T11:47:58Z
2026-08-05T11:45:45Z,2026-08-05T13:45:45+0200,eaa53f57-a911-4834-9b60-40ab8a7aba1f,2026-07-20T22:30:00Z,2026-07-21T00:30:00+0200,0.0,MW,DE,DE_LU,forecast_solar_generation,Solar,2026-08-05T11:47:58Z
2026-08-05T11:45:45Z,2026-08-05T13:45:45+0200,eaa53f57-a911-4834-9b60-40ab8a7aba1f,2026-07-20T22:45:00Z,2026-07-21T00:45:00+0200,0.0,MW,DE,DE_LU,forecast_solar_generation,Solar,2026-08-05T11:47:58Z
2026-08-05T11:45:45Z,2026-08-05T13:45:45+0200,eaa53f57-a911-4834-9b60-40ab8a7aba1f,2026-07-20T23:00:00Z,2026-07-21T01:00:00+0200,0.0,MW,DE,DE_LU,forecast_solar_generation,Solar,2026-08-05T11:47:58Z
2026-08-05T11:45:45Z,2026-08-05T13:45:45+0200,eaa53f57-a911-4834-9b60-40ab8a7aba1f,2026-07-20T23:15:00Z,2026-07-21T01:15:00+0200,0.0,MW,DE,DE_LU,forecast_solar_generation,Solar,2026-08-05T11:47:58Z
2026-08-05T11:45:45Z,2026-08-05T13:45:45+0200,eaa53f57-a911-4834-9b60-40ab8a7aba1f,2026-07-20T23:30:00Z,2026-07-21T01:30:00+0200,0.0,MW,DE,DE_LU,forecast_solar_generation,Solar,2026-08-05T11:47:58Z
2026-08-05T11:45:45Z,2026-08-05T13:45:45+0200,eaa53f57-a911-4834-9b60-40ab8a7aba1f,2026-07-20T23:45:00Z,2026-07-21T01:45:00+0200,0.0,MW,DE,DE_LU,forecast_solar_generation,Solar,2026-08-05T11:47:58Z
2026-08-05T11:45:45Z,2026-08-05T13:45:45+0200,eaa53f57-a911-4834-9b60-40ab8a7aba1f,2026-07-21T00:00:00Z,2026-07-21T02:00:00+0200,0.0,MW,DE,DE_LU,forecast_solar_generation,Solar,2026-08-05T11:47:58Z
2026-08-05T11:45:45Z,2026-08-05T13:45:45+0200,eaa53f57-a911-4834-9b60-40ab8a7aba1f,2026-07-21T00:15:00Z,2026-07-21T02:15:00+0200,0.0,MW,DE,DE_LU,forecast_solar_generation,Solar,2026-08-05T11:47:58Z
2026-08-05T11:45:45Z,2026-08-05T13:45:45+0200,eaa53f57-a911-4834-9b60-40ab8a7aba1f,2026-07-21T00:30:00Z,2026-07-21T02:30:00+0200,0.0,MW,DE,DE_LU,forecast_solar_generation,Solar,2026-08-05T11:47:58Z
2026-08-05T11:45:45Z,2026-08-05T13:45:45+0200,eaa53f57-a911-4834-9b60-40ab8a7aba1f,2026-07-21T00:45:00Z,2026-07-21T02:45:00+0200,0.0,MW,DE,DE_LU,forecast_solar_generation,Solar,2026-08-05T11:47:58Z
2026-08-05T11:45:45Z,2026-08-05T13:45:45+0200,eaa53f57-a911-4834-9b60-40ab8a7aba1f,2026-07-21T01:00:00Z,2026-07-21T03:00:00+0200,0.0,MW,DE,DE_LU,forecast_solar_generation,Solar,2026-08-05T11:47:58Z
2026-08-05T11:45:45Z,2026-08-05T13:45:45+0200,eaa53f57-a911-4834-9b60-40ab8a7aba1f,2026-07-21T01:15:00Z,2026-07-21T03:15:00+0200,0.0,MW,DE,DE_LU,forecast_solar_generation,Solar,2026-08-05T11:47:58Z
2026-08-05T11:45:45Z,2026-08-05T13:45:45+0200,eaa53f57-a911-4834-9b60-40ab8a7aba1f,2026-07-21T01:30:00Z,2026-07-21T03:30:00+0200,0.0,MW,DE,DE_LU,forecast_solar_generation,Solar,2026-08-05T11:47:58Z
2026-08-05T11:45:45Z,2026-08-05T13:45:45+0200,eaa53f57-a911-4834-9b60-40ab8a7aba1f,2026-07-21T01:45:00Z,2026-07-21T03:45:00+0200,0.0,MW,DE,DE_LU,forecast_solar_generation,Solar,2026-08-05T11:47:58Z
2026-08-05T11:45:45Z,2026-08-05T13:45:45+0200,eaa53f57-a911-4834-9b60-40ab8a7aba1f,2026-07-21T02:00:00Z,2026-07-21T04:00:00+0200,0.0,MW,DE,DE_LU,forecast_solar_generation,Solar,2026-08-05T11:47:58Z
2026-08-05T11:45:45Z,2026-08-05T13:45:45+0200,eaa53f57-a911-4834-9b60-40ab8a7aba1f,2026-07-21T02:15:00Z,2026-07-21T04:15:00+0200,0.0,MW,DE,DE_LU,forecast_solar_generation,Solar,2026-08-05T11:47:58Z
2026-08-05T11:45:45Z,2026-08-05T13:45:45+0200,eaa53f57-a911-4834-9b60-40ab8a7aba1f,2026-07-21T02:30:00Z,2026-07-21T04:30:00+0200,0.0,MW,DE,DE_LU,forecast_solar_generation,Solar,2026-08-05T11:47:58Z
2026-08-05T11:45:45Z,2026-08-05T13:45:45+0200,eaa53f57-a911-4834-9b60-40ab8a7aba1f,2026-07-21T02:45:00Z,2026-07-21T04:45:00+0200,0.0,MW,DE,DE_LU,forecast_solar_generation,Solar,2026-08-05T11:47:58Z
2026-08-05T11:45:45Z,2026-08-05T13:45:45+0200,eaa53f57-a911-4834-9b60-40ab8a7aba1f,2026-07-21T03:00:00Z,2026-07-21T05:00:00+0200,8.2,MW,DE,DE_LU,forecast_solar_generation,Solar,2026-08-05T11:47:58Z
2026-08-05T11:45:45Z,2026-08-05T13:45:45+0200,eaa53f57-a911-4834-9b60-40ab8a7aba1f,2026-07-21T03:15:00Z,2026-07-21T05:15:00+0200,61.18795,MW,DE,DE_LU,forecast_solar_generation,Solar,2026-08-05T11:47:58Z
2026-08-05T11:45:45Z,2026-08-05T13:45:45+0200,eaa53f57-a911-4834-9b60-40ab8a7aba1f,2026-07-21T03:30:00Z,2026-07-21T05:30:00+0200,245.24856,MW,DE,DE_LU,forecast_solar_generation,Solar,2026-08-05T11:47:58Z
2026-08-05T11:45:45Z,2026-08-05T13:45:45+0200,eaa53f57-a911-4834-9b60-40ab8a7aba1f,2026-07-21T03:45:00Z,2026-07-21T05:45:00+0200,649.52506,MW,DE,DE_LU,forecast_solar_generation,Solar,2026-08-05T11:47:58Z
2026-08-05T11:45:45Z,2026-08-05T13:45:45+0200,eaa53f57-a911-4834-9b60-40ab8a7aba1f,2026-07-21T04:00:00Z,2026-07-21T06:00:00+0200,1399.17016,MW,DE,DE_LU,forecast_solar_generation,Solar,2026-08-05T11:47:58Z
2026-08-05T11:45:45Z,2026-08-05T13:45:45+0200,eaa53f57-a911-4834-9b60-40ab8a7aba1f,2026-07-21T04:15:00Z,2026-07-21T06:15:00+0200,2440.37513,MW,DE,DE_LU,forecast_solar_generation,Solar,2026-08-05T11:47:58Z
2026-08-05T11:45:45Z,2026-08-05T13:45:45+0200,eaa53f57-a911-4834-9b60-40ab8a7aba1f,2026-07-21T04:30:00Z,2026-07-21T06:30:00+0200,3717.9328,MW,DE,DE_LU,forecast_solar_generation,Solar,2026-08-05T11:47:58Z
2026-08-05T11:45:45Z,2026-08-05T13:45:45+0200,eaa53f57-a911-4834-9b60-40ab8a7aba1f,2026-07-21T04:45:00Z,2026-07-21T06:45:00+0200,5256.15624,MW,DE,DE_LU,forecast_solar_generation,Solar,2026-08-05T11:47:58Z
2026-08-05T11:45:45Z,2026-08-05T13:45:45+0200,eaa53f57-a911-4834-9b60-40ab8a7aba1f,2026-07-21T05:00:00Z,2026-07-21T07:00:00+0200,7097.73463,MW,DE,DE_LU,forecast_solar_generation,Solar,2026-08-05T11:47:58Z
2026-08-05T11:45:45Z,2026-08-05T13:45:45+0200,eaa53f57-a911-4834-9b60-40ab8a7aba1f,2026-07-21T05:15:00Z,2026-07-21T07:15:00+0200,9302.05094,MW,DE,DE_LU,forecast_solar_generation,Solar,2026-08-05T11:47:58Z
2026-08-05T11:45:45Z,2026-08-05T13:45:45+0200,eaa53f57-a911-4834-9b60-40ab8a7aba1f,2026-07-21T05:30:00Z,2026-07-21T07:30:00+0200,11840.98623,MW,DE,DE_LU,forecast_solar_generation,Solar,2026-08-05T11:47:58Z
2026-08-05T11:45:45Z,2026-08-05T13:45:45+0200,eaa53f57-a911-4834-9b60-40ab8a7aba1f,2026-07-21T05:45:00Z,2026-07-21T07:45:00+0200,14628.26456,MW,DE,DE_LU,forecast_solar_generation,Solar,2026-08-05T11:47:58Z
2026-08-05T11:45:45Z,2026-08-05T13:45:45+0200,eaa53f57-a911-4834-9b60-40ab8a7aba1f,2026-07-21T06:00:00Z,2026-07-21T08:00:00+0200,17582.68559,MW,DE,DE_LU,forecast_solar_generation,Solar,2026-08-05T11:47:58Z
2026-08-05T11:45:45Z,2026-08-05T13:45:45+0200,eaa53f57-a911-4834-9b60-40ab8a7aba1f,2026-07-21T06:15:00Z,2026-07-21T08:15:00+0200,20639.55427,MW,DE,DE_LU,forecast_solar_generation,Solar,2026-08-05T11:47:58Z
2026-08-05T11:45:45Z,2026-08-05T13:45:45+0200,eaa53f57-a911-4834-9b60-40ab8a7aba1f,2026-07-21T06:30:00Z,2026-07-21T08:30:00+0200,23718.85102,MW,DE,DE_LU,forecast_solar_generation,Solar,2026-08-05T11:47:58Z
2026-08-05T11:45:45Z,2026-08-05T13:45:45+0200,eaa53f57-a911-4834-9b60-40ab8a7aba1f,2026-07-21T06:45:00Z,2026-07-21T08:45:00+0200,26705.67666,MW,DE,DE_LU,forecast_solar_generation,Solar,2026-08-05T11:47:58Z
2026-08-05T11:45:45Z,2026-08-05T13:45:45+0200,eaa53f57-a911-4834-9b60-40ab8a7aba1f,2026-07-21T07:00:00Z,2026-07-21T09:00:00+0200,29534.4233,MW,DE,DE_LU,forecast_solar_generation,Solar,2026-08-05T11:47:58Z
2026-08-05T11:45:45Z,2026-08-05T13:45:45+0200,eaa53f57-a911-4834-9b60-40ab8a7aba1f,2026-07-21T07:15:00Z,2026-07-21T09:15:00+0200,32253.96496,MW,DE,DE_LU,forecast_solar_generation,Solar,2026-08-05T11:47:58Z
2026-08-05T11:45:45Z,2026-08-05T13:45:45+0200,eaa53f57-a911-4834-9b60-40ab8a7aba1f,2026-07-21T07:30:00Z,2026-07-21T09:30:00+0200,34806.88809,MW,DE,DE_LU,forecast_solar_generation,Solar,2026-08-05T11:47:58Z
2026-08-05T11:45:45Z,2026-08-05T13:45:45+0200,eaa53f57-a911-4834-9b60-40ab8a7aba1f,2026-07-21T07:45:00Z,2026-07-21T09:45:00+0200,37080.5808,MW,DE,DE_LU,forecast_solar_generation,Solar,2026-08-05T11:47:58Z
2026-08-05T11:45:45Z,2026-08-05T13:45:45+0200,eaa53f57-a911-4834-9b60-40ab8a7aba1f,2026-07-21T08:00:00Z,2026-07-21T10:00:00+0200,39073.12661,MW,DE,DE_LU,forecast_solar_generation,Solar,2026-08-05T11:47:58Z
2026-08-05T11:45:45Z,2026-08-05T13:45:45+0200,eaa53f57-a911-4834-9b60-40ab8a7aba1f,2026-07-21T08:15:00Z,2026-07-21T10:15:00+0200,40802.8534,MW,DE,DE_LU,forecast_solar_generation,Solar,2026-08-05T11:47:58Z
2026-08-05T11:45:45Z,2026-08-05T13:45:45+0200,eaa53f57-a911-4834-9b60-40ab8a7aba1f,2026-07-21T08:30:00Z,2026-07-21T10:30:00+0200,42333.22861,MW,DE,DE_LU,forecast_solar_generation,Solar,2026-08-05T11:47:58Z
2026-08-05T11:45:45Z,2026-08-05T13:45:45+0200,eaa53f57-a911-4834-9b60-40ab8a7aba1f,2026-07-21T08:45:00Z,2026-07-21T10:45:00+0200,43703.50751,MW,DE,DE_LU,forecast_solar_generation,Solar,2026-08-05T11:47:58Z
2026-08-05T11:45:45Z,2026-08-05T13:45:45+0200,eaa53f57-a911-4834-9b60-40ab8a7aba1f,2026-07-21T09:00:00Z,2026-07-21T11:00:00+0200,44807.29298,MW,DE,DE_LU,forecast_solar_generation,Solar,2026-08-05T11:47:58Z
2026-08-05T11:45:45Z,2026-08-05T13:45:45+0200,eaa53f57-a911-4834-9b60-40ab8a7aba1f,2026-07-21T09:15:00Z,2026-07-21T11:15:00+0200,45727.99872,MW,DE,DE_LU,forecast_solar_generation,Solar,2026-08-05T11:47:58Z
2026-08-05T11:45:45Z,2026-08-05T13:45:45+0200,eaa53f57-a911-4834-9b60-40ab8a7aba1f,2026-07-21T09:30:00Z,2026-07-21T11:30:00+0200,46470.94985,MW,DE,DE_LU,forecast_solar_generation,Solar,2026-08-05T11:47:58Z
2026-08-05T11:45:45Z,2026-08-05T13:45:45+0200,eaa53f57-a911-4834-9b60-40ab8a7aba1f,2026-07-21T09:45:00Z,2026-07-21T11:45:00+0200,47092.69125,MW,DE,DE_LU,forecast_solar_generation,Solar,2026-08-05T11:47:58Z
2026-08-05T11:45:45Z,2026-08-05T13:45:45+0200,eaa53f57-a911-4834-9b60-40ab8a7aba1f,2026-07-21T10:00:00Z,2026-07-21T12:00:00+0200,47532.12858,MW,DE,DE_LU,forecast_solar_generation,Solar,2026-08-05T11:47:58Z
2026-08-05T11:45:45Z,2026-08-05T13:45:45+0200,eaa53f57-a911-4834-9b60-40ab8a7aba1f,2026-07-21T10:15:00Z,2026-07-21T12:15:00+0200,47786.24134,MW,DE,DE_LU,forecast_solar_generation,Solar,2026-08-05T11:47:58Z
2026-08-05T11:45:45Z,2026-08-05T13:45:45+0200,eaa53f57-a911-4834-9b60-40ab8a7aba1f,2026-07-21T10:30:00Z,2026-07-21T12:30:00+0200,47992.88161,MW,DE,DE_LU,forecast_solar_generation,Solar,2026-08-05T11:47:58Z
2026-08-05T11:45:45Z,2026-08-05T13:45:45+0200,eaa53f57-a911-4834-9b60-40ab8a7aba1f,2026-07-21T10:45:00Z,2026-07-21T12:45:00+0200,48070.94641,MW,DE,DE_LU,forecast_solar_generation,Solar,2026-08-05T11:47:58Z
2026-08-05T11:45:45Z,2026-08-05T13:45:45+0200,eaa53f57-a911-4834-9b60-40ab8a7aba1f,2026-07-21T11:00:00Z,2026-07-21T13:00:00+0200,48038.78382,MW,DE,DE_LU,forecast_solar_generation,Solar,2026-08-05T11:47:58Z
2026-08-05T11:45:45Z,2026-08-05T13:45:45+0200,eaa53f57-a911-4834-9b60-40ab8a7aba1f,2026-07-21T11:15:00Z,2026-07-21T13:15:00+0200,47855.8375,MW,DE,DE_LU,forecast_solar_generation,Solar,2026-08-05T11:47:58Z
2026-08-05T11:45:45Z,2026-08-05T13:45:45+0200,eaa53f57-a911-4834-9b60-40ab8a7aba1f,2026-07-21T11:30:00Z,2026-07-21T13:30:00+0200,47629.2603,MW,DE,DE_LU,forecast_solar_generation,Solar,2026-08-05T11:47:58Z
2026-08-05T11:45:45Z,2026-08-05T13:45:45+0200,eaa53f57-a911-4834-9b60-40ab8a7aba1f,2026-07-21T11:45:00Z,2026-07-21T13:45:00+0200,47283.3312,MW,DE,DE_LU,forecast_solar_generation,Solar,2026-08-05T11:47:58Z
2026-08-05T11:45:45Z,2026-08-05T13:45:45+0200,eaa53f57-a911-4834-9b60-40ab8a7aba1f,2026-07-21T12:00:00Z,2026-07-21T14:00:00+0200,46806.3705,MW,DE,DE_LU,forecast_solar_generation,Solar,2026-08-05T11:47:58Z
2026-08-05T11:45:45Z,2026-08-05T13:45:45+0200,eaa53f57-a911-4834-9b60-40ab8a7aba1f,2026-07-21T12:15:00Z,2026-07-21T14:15:00+0200,46192.26835,MW,DE,DE_LU,forecast_solar_generation,Solar,2026-08-05T11:47:58Z
2026-08-05T11:45:45Z,2026-08-05T13:45:45+0200,eaa53f57-a911-4834-9b60-40ab8a7aba1f,2026-07-21T12:30:00Z,2026-07-21T14:30:00+0200,45461.55829,MW,DE,DE_LU,forecast_solar_generation,Solar,2026-08-05T11:47:58Z
2026-08-05T11:45:45Z,2026-08-05T13:45:45+0200,eaa53f57-a911-4834-9b60-40ab8a7aba1f,2026-07-21T12:45:00Z,2026-07-21T14:45:00+0200,44579.81146,MW,DE,DE_LU,forecast_solar_generation,Solar,2026-08-05T11:47:58Z
2026-08-05T11:45:45Z,2026-08-05T13:45:45+0200,eaa53f57-a911-4834-9b60-40ab8a7aba1f,2026-07-21T13:00:00Z,2026-07-21T15:00:00+0200,43572.61089,MW,DE,DE_LU,forecast_solar_generation,Solar,2026-08-05T11:47:58Z
2026-08-05T11:45:45Z,2026-08-05T13:45:45+0200,eaa53f57-a911-4834-9b60-40ab8a7aba1f,2026-07-21T13:15:00Z,2026-07-21T15:15:00+0200,42417.40531,MW,DE,DE_LU,forecast_solar_generation,Solar,2026-08-05T11:47:58Z
2026-08-05T11:45:45Z,2026-08-05T13:45:45+0200,eaa53f57-a911-4834-9b60-40ab8a7aba1f,2026-07-21T13:30:00Z,2026-07-21T15:30:00+0200,41108.13592,MW,DE,DE_LU,forecast_solar_generation,Solar,2026-08-05T11:47:58Z
2026-08-05T11:45:45Z,2026-08-05T13:45:45+0200,eaa53f57-a911-4834-9b60-40ab8a7aba1f,2026-07-21T13:45:00Z,2026-07-21T15:45:00+0200,39734.80518,MW,DE,DE_LU,forecast_solar_generation,Solar,2026-08-05T11:47:58Z
2026-08-05T11:45:45Z,2026-08-05T13:45:45+0200,eaa53f57-a911-4834-9b60-40ab8a7aba1f,2026-07-21T14:00:00Z,2026-07-21T16:00:00+0200,38222.67691,MW,DE,DE_LU,forecast_solar_generation,Solar,2026-08-05T11:47:58Z
2026-08-05T11:45:45Z,2026-08-05T13:45:45+0200,eaa53f57-a911-4834-9b60-40ab8a7aba1f,2026-07-21T14:15:00Z,2026-07-21T16:15:00+0200,36585.086,MW,DE,DE_LU,forecast_solar_generation,Solar,2026-08-05T11:47:58Z
2026-08-05T11:45:45Z,2026-08-05T13:45:45+0200,eaa53f57-a911-4834-9b60-40ab8a7aba1f,2026-07-21T14:30:00Z,2026-07-21T16:30:00+0200,34780.62193,MW,DE,DE_LU,forecast_solar_generation,Solar,2026-08-05T11:47:58Z
2026-08-05T11:45:45Z,2026-08-05T13:45:45+0200,eaa53f57-a911-4834-9b60-40ab8a7aba1f,2026-07-21T14:45:00Z,2026-07-21T16:45:00+0200,32815.82962,MW,DE,DE_LU,forecast_solar_generation,Solar,2026-08-05T11:47:58Z
2026-08-05T11:45:45Z,2026-08-05T13:45:45+0200,eaa53f57-a911-4834-9b60-40ab8a7aba1f,2026-07-21T15:00:00Z,2026-07-21T17:00:00+0200,30660.3534,MW,DE,DE_LU,forecast_solar_generation,Solar,2026-08-05T11:47:58Z
2026-08-05T11:45:45Z,2026-08-05T13:45:45+0200,eaa53f57-a911-4834-9b60-40ab8a7aba1f,2026-07-21T15:15:00Z,2026-07-21T17:15:00+0200,28377.59777,MW,DE,DE_LU,forecast_solar_generation,Solar,2026-08-05T11:47:58Z
2026-08-05T11:45:45Z,2026-08-05T13:45:45+0200,eaa53f57-a911-4834-9b60-40ab8a7aba1f,2026-07-21T15:30:00Z,2026-07-21T17:30:00+0200,26022.5915,MW,DE,DE_LU,forecast_solar_generation,Solar,2026-08-05T11:47:58Z
2026-08-05T11:45:45Z,2026-08-05T13:45:45+0200,eaa53f57-a911-4834-9b60-40ab8a7aba1f,2026-07-21T15:45:00Z,2026-07-21T17:45:00+0200,23613.96403,MW,DE,DE_LU,forecast_solar_generation,Solar,2026-08-05T11:47:58Z
2026-08-05T11:45:45Z,2026-08-05T13:45:45+0200,eaa53f57-a911-4834-9b60-40ab8a7aba1f,2026-07-21T16:00:00Z,2026-07-21T18:00:00+0200,21178.20661,MW,DE,DE_LU,forecast_solar_generation,Solar,2026-08-05T11:47:58Z
2026-08-05T11:45:45Z,2026-08-05T13:45:45+0200,eaa53f57-a911-4834-9b60-40ab8a7aba1f,2026-07-21T16:15:00Z,2026-07-21T18:15:00+0200,18675.49774,MW,DE,DE_LU,forecast_solar_generation,Solar,2026-08-05T11:47:58Z
2026-08-05T11:45:45Z,2026-08-05T13:45:45+0200,eaa53f57-a911-4834-9b60-40ab8a7aba1f,2026-07-21T16:30:00Z,2026-07-21T18:30:00+0200,16147.72334,MW,DE,DE_LU,forecast_solar_generation,Solar,2026-08-05T11:47:58Z
2026-08-05T11:45:45Z,2026-08-05T13:45:45+0200,eaa53f57-a911-4834-9b60-40ab8a7aba1f,2026-07-21T16:45:00Z,2026-07-21T18:45:00+0200,13669.07834,MW,DE,DE_LU,forecast_solar_generation,Solar,2026-08-05T11:47:58Z
2026-08-05T11:45:45Z,2026-08-05T13:45:45+0200,eaa53f57-a911-4834-9b60-40ab8a7aba1f,2026-07-21T17:00:00Z,2026-07-21T19:00:00+0200,11273.64056,MW,DE,DE_LU,forecast_solar_generation,Solar,2026-08-05T11:47:58Z
2026-08-05T11:45:45Z,2026-08-05T13:45:45+0200,eaa53f57-a911-4834-9b60-40ab8a7aba1f,2026-07-21T17:15:00Z,2026-07-21T19:15:00+0200,8996.45206,MW,DE,DE_LU,forecast_solar_generation,Solar,2026-08-05T11:47:58Z
2026-08-05T11:45:45Z,2026-08-05T13:45:45+0200,eaa53f57-a911-4834-9b60-40ab8a7aba1f,2026-07-21T17:30:00Z,2026-07-21T19:30:00+0200,6947.33951,MW,DE,DE_LU,forecast_solar_generation,Solar,2026-08-05T11:47:58Z
2026-08-05T11:45:45Z,2026-08-05T13:45:45+0200,eaa53f57-a911-4834-9b60-40ab8a7aba1f,2026-07-21T17:45:00Z,2026-07-21T19:45:00+0200,5180.39098,MW,DE,DE_LU,forecast_solar_generation,Solar,2026-08-05T11:47:58Z
2026-08-05T11:45:45Z,2026-08-05T13:45:45+0200,eaa53f57-a911-4834-9b60-40ab8a7aba1f,2026-07-21T18:00:00Z,2026-07-21T20:00:00+0200,3724.48642,MW,DE,DE_LU,forecast_solar_generation,Solar,2026-08-05T11:47:58Z
2026-08-05T11:45:45Z,2026-08-05T13:45:45+0200,eaa53f57-a911-4834-9b60-40ab8a7aba1f,2026-07-21T18:15:00Z,2026-07-21T20:15:00+0200,2515.67245,MW,DE,DE_LU,forecast_solar_generation,Solar,2026-08-05T11:47:58Z
2026-08-05T11:45:45Z,2026-08-05T13:45:45+0200,eaa53f57-a911-4834-9b60-40ab8a7aba1f,2026-07-21T18:30:00Z,2026-07-21T20:30:00+0200,1535.96199,MW,DE,DE_LU,forecast_solar_generation,Solar,2026-08-05T11:47:58Z
2026-08-05T11:45:45Z,2026-08-05T13:45:45+0200,eaa53f57-a911-4834-9b60-40ab8a7aba1f,2026-07-21T18:45:00Z,2026-07-21T20:45:00+0200,772.95818,MW,DE,DE_LU,forecast_solar_generation,Solar,2026-08-05T11:47:58Z
2026-08-05T11:45:45Z,2026-08-05T13:45:45+0200,eaa53f57-a911-4834-9b60-40ab8a7aba1f,2026-07-21T19:00:00Z,2026-07-21T21:00:00+0200,285.3709,MW,DE,DE_LU,forecast_solar_generation,Solar,2026-08-05T11:47:58Z
2026-08-05T11:45:45Z,2026-08-05T13:45:45+0200,eaa53f57-a911-4834-9b60-40ab8a7aba1f,2026-07-21T19:15:00Z,2026-07-21T21:15:00+0200,80.42471,MW,DE,DE_LU,forecast_solar_generation,Solar,2026-08-05T11:47:58Z
2026-08-05T11:45:45Z,2026-08-05T13:45:45+0200,eaa53f57-a911-4834-9b60-40ab8a7aba1f,2026-07-21T19:30:00Z,2026-07-21T21:30:00+0200,24.49013,MW,DE,DE_LU,forecast_solar_generation,Solar,2026-08-05T11:47:58Z
2026-08-05T11:45:45Z,2026-08-05T13:45:45+0200,eaa53f57-a911-4834-9b60-40ab8a7aba1f,2026-07-21T19:45:00Z,2026-07-21T21:45:00+0200,3.262,MW,DE,DE_LU,forecast_solar_generation,Solar,2026-08-05T11:47:58Z
2026-08-05T11:45:45Z,2026-08-05T13:45:45+0200,eaa53f57-a911-4834-9b60-40ab8a7aba1f,2026-07-21T20:00:00Z,2026-07-21T22:00:00+0200,0.0,MW,DE,DE_LU,forecast_solar_generation,Solar,2026-08-05T11:47:58Z
2026-08-05T11:45:45Z,2026-08-05T13:45:45+0200,eaa53f57-a911-4834-9b60-40ab8a7aba1f,2026-07-21T20:15:00Z,2026-07-21T22:15:00+0200,0.0,MW,DE,DE_LU,forecast_solar_generation,Solar,2026-08-05T11:47:58Z
2026-08-05T11:45:45Z,2026-08-05T13:45:45+0200,eaa53f57-a911-4834-9b60-40ab8a7aba1f,2026-07-21T20:30:00Z,2026-07-21T22:30:00+0200,0.0,MW,DE,DE_LU,forecast_solar_generation,Solar,2026-08-05T11:47:58Z
2026-08-05T11:45:45Z,2026-08-05T13:45:45+0200,eaa53f57-a911-4834-9b60-40ab8a7aba1f,2026-07-21T20:45:00Z,2026-07-21T22:45:00+0200,0.0,MW,DE,DE_LU,forecast_solar_generation,Solar,2026-08-05T11:47:58Z
2026-08-05T11:45:45Z,2026-08-05T13:45:45+0200,eaa53f57-a911-4834-9b60-40ab8a7aba1f,2026-07-21T21:00:00Z,2026-07-21T23:00:00+0200,0.0,MW,DE,DE_LU,forecast_solar_generation,Solar,2026-08-05T11:47:58Z
2026-08-05T11:45:45Z,2026-08-05T13:45:45+0200,eaa53f57-a911-4834-9b60-40ab8a7aba1f,2026-07-21T21:15:00Z,2026-07-21T23:15:00+0200,0.0,MW,DE,DE_LU,forecast_solar_generation,Solar,2026-08-05T11:47:58Z
2026-08-05T11:45:45Z,2026-08-05T13:45:45+0200,eaa53f57-a911-4834-9b60-40ab8a7aba1f,2026-07-21T21:30:00Z,2026-07-21T23:30:00+0200,0.0,MW,DE,DE_LU,forecast_solar_generation,Solar,2026-08-05T11:47:58Z
2026-08-05T11:45:45Z,2026-08-05T13:45:45+0200,eaa53f57-a911-4834-9b60-40ab8a7aba1f,2026-07-21T21:45:00Z,2026-07-21T23:45:00+0200,0.0,MW,DE,DE_LU,forecast_solar_generation,Solar,2026-08-05T11:47:58Z
2026-08-05T11:45:45Z,2026-08-05T13:45:45+0200,eaa53f57-a911-4834-9b60-40ab8a7aba1f,2026-07-21T22:00:00Z,2026-07-22T00:00:00+0200,0.0,MW,DE,DE_LU,forecast_solar_generation,Solar,2026-08-05T11:47:58Z
2026-08-05T11:45:45Z,2026-08-05T13:45:45+0200,eaa53f57-a911-4834-9b60-40ab8a7aba1f,2026-07-21T22:15:00Z,2026-07-22T00:15:00+0200,0.0,MW,DE,DE_LU,forecast_solar_generation,Solar,2026-08-05T11:47:58Z
2026-08-05T11:45:45Z,2026-08-05T13:45:45+0200,eaa53f57-a911-4834-9b60-40ab8a7aba1f,2026-07-21T22:30:00Z,2026-07-22T00:30:00+0200,0.0,MW,DE,DE_LU,forecast_solar_generation,Solar,2026-08-05T11:47:58Z
2026-08-05T11:45:45Z,2026-08-05T13:45:45+0200,eaa53f57-a911-4834-9b60-40ab8a7aba1f,2026-07-21T22:45:00Z,2026-07-22T00:45:00+0200,0.0,MW,DE,DE_LU,forecast_solar_generation,Solar,2026-08-05T11:47:58Z
2026-08-05T11:45:45Z,2026-08-05T13:45:45+0200,eaa53f57-a911-4834-9b60-40ab8a7aba1f,2026-07-21T23:00:00Z,2026-07-22T01:00:00+0200,0.0,MW,DE,DE_LU,forecast_solar_generation,Solar,2026-08-05T11:47:58Z
2026-08-05T11:45:45Z,2026-08-05T13:45:45+0200,eaa53f57-a911-4834-9b60-40ab8a7aba1f,2026-07-21T23:15:00Z,2026-07-22T01:15:00+0200,0.0,MW,DE,DE_LU,forecast_solar_generation,Solar,2026-08-05T11:47:58Z
2026-08-05T11:45:45Z,2026-08-05T13:45:45+0200,eaa53f57-a911-4834-9b60-40ab8a7aba1f,2026-07-21T23:30:00Z,2026-07-22T01:30:00+0200,0.0,MW,DE,DE_LU,forecast_solar_generation,Solar,2026-08-05T11:47:58Z
2026-08-05T11:45:45Z,2026-08-05T13:45:45+0200,eaa53f57-a911-4834-9b60-40ab8a7aba1f,2026-07-21T23:45:00Z,2026-07-22T01:45:00+0200,0.0,MW,DE,DE_LU,forecast_solar_generation,Solar,2026-08-05T11:47:58Z
2026-08-05T11:45:45Z,2026-08-05T13:45:45+0200,eaa53f57-a911-4834-9b60-40ab8a7aba1f,2026-07-22T00:00:00Z,2026-07-22T02:00:00+0200,0.0,MW,DE,DE_LU,forecast_solar_generation,Solar,2026-08-05T11:47:58Z
2026-08-05T11:45:45Z,2026-08-05T13:45:45+0200,eaa53f57-a911-4834-9b60-40ab8a7aba1f,2026-07-22T00:15:00Z,2026-07-22T02:15:00+0200,0.0,MW,DE,DE_LU,forecast_solar_generation,Solar,2026-08-05T11:47:58Z
2026-08-05T11:45:45Z,2026-08-05T13:45:45+0200,eaa53f57-a911-4834-9b60-40ab8a7aba1f,2026-07-22T00:30:00Z,2026-07-22T02:30:00+0200,0.0,MW,DE,DE_LU,forecast_solar_generation,Solar,2026-08-05T11:47:58Z
2026-08-05T11:45:45Z,2026-08-05T13:45:45+0200,eaa53f57-a911-4834-9b60-40ab8a7aba1f,2026-07-22T00:45:00Z,2026-07-22T02:45:00+0200,0.0,MW,DE,DE_LU,forecast_solar_generation,Solar,2026-08-05T11:47:58Z
2026-08-05T11:45:45Z,2026-08-05T13:45:45+0200,eaa53f57-a911-4834-9b60-40ab8a7aba1f,2026-07-22T01:00:00Z,2026-07-22T03:00:00+0200,0.0,MW,DE,DE_LU,forecast_solar_generation,Solar,2026-08-05T11:47:58Z
2026-08-05T11:45:45Z,2026-08-05T13:45:45+0200,eaa53f57-a911-4834-9b60-40ab8a7aba1f,2026-07-22T01:15:00Z,2026-07-22T03:15:00+0200,0.0,MW,DE,DE_LU,forecast_solar_generation,Solar,2026-08-05T11:47:58Z
2026-08-05T11:45:45Z,2026-08-05T13:45:45+0200,eaa53f57-a911-4834-9b60-40ab8a7aba1f,2026-07-22T01:30:00Z,2026-07-22T03:30:00+0200,0.0,MW,DE,DE_LU,forecast_solar_generation,Solar,2026-08-05T11:47:58Z
2026-08-05T11:45:45Z,2026-08-05T13:45:45+0200,eaa53f57-a911-4834-9b60-40ab8a7aba1f,2026-07-22T01:45:00Z,2026-07-22T03:45:00+0200,0.0,MW,DE,DE_LU,forecast_solar_generation,Solar,2026-08-05T11:47:58Z
2026-08-05T11:45:45Z,2026-08-05T13:45:45+0200,eaa53f57-a911-4834-9b60-40ab8a7aba1f,2026-07-22T02:00:00Z,2026-07-22T04:00:00+0200,0.0,MW,DE,DE_LU,forecast_solar_generation,Solar,2026-08-05T11:47:58Z
2026-08-05T11:45:45Z,2026-08-05T13:45:45+0200,eaa53f57-a911-4834-9b60-40ab8a7aba1f,2026-07-22T02:15:00Z,2026-07-22T04:15:00+0200,0.0,MW,DE,DE_LU,forecast_solar_generation,Solar,2026-08-05T11:47:58Z
2026-08-05T11:45:45Z,2026-08-05T13:45:45+0200,eaa53f57-a911-4834-9b60-40ab8a7aba1f,2026-07-22T02:30:00Z,2026-07-22T04:30:00+0200,0.0,MW,DE,DE_LU,forecast_solar_generation,Solar,2026-08-05T11:47:58Z
2026-08-05T11:45:45Z,2026-08-05T13:45:45+0200,eaa53f57-a911-4834-9b60-40ab8a7aba1f,2026-07-22T02:45:00Z,2026-07-22T04:45:00+0200,0.0,MW,DE,DE_LU,forecast_solar_generation,Solar,2026-08-05T11:47:58Z
2026-08-05T11:45:45Z,2026-08-05T13:45:45+0200,eaa53f57-a911-4834-9b60-40ab8a7aba1f,2026-07-22T03:00:00Z,2026-07-22T05:00:00+0200,6.06,MW,DE,DE_LU,forecast_solar_generation,Solar,2026-08-05T11:47:58Z
2026-08-05T11:45:45Z,2026-08-05T13:45:45+0200,eaa53f57-a911-4834-9b60-40ab8a7aba1f,2026-07-22T03:15:00Z,2026-07-22T05:15:00+0200,43.99124,MW,DE,DE_LU,forecast_solar_generation,Solar,2026-08-05T11:47:58Z
2026-08-05T11:45:45Z,2026-08-05T13:45:45+0200,eaa53f57-a911-4834-9b60-40ab8a7aba1f,2026-07-22T03:30:00Z,2026-07-22T05:30:00+0200,180.47108,MW,DE,DE_LU,forecast_solar_generation,Solar,2026-08-05T11:47:58Z
2026-08-05T11:45:45Z,2026-08-05T13:45:45+0200,eaa53f57-a911-4834-9b60-40ab8a7aba1f,2026-07-22T03:45:00Z,2026-07-22T05:45:00+0200,495.92084,MW,DE,DE_LU,forecast_solar_generation,Solar,2026-08-05T11:47:58Z
2026-08-05T11:45:45Z,2026-08-05T13:45:45+0200,eaa53f57-a911-4834-9b60-40ab8a7aba1f,2026-07-22T04:00:00Z,2026-07-22T06:00:00+0200,1123.52505,MW,DE,DE_LU,forecast_solar_generation,Solar,2026-08-05T11:47:58Z
2026-08-05T11:45:45Z,2026-08-05T13:45:45+0200,eaa53f57-a911-4834-9b60-40ab8a7aba1f,2026-07-22T04:15:00Z,2026-07-22T06:15:00+0200,2029.84032,MW,DE,DE_LU,forecast_solar_generation,Solar,2026-08-05T11:47:58Z
2026-08-05T11:45:45Z,2026-08-05T13:45:45+0200,eaa53f57-a911-4834-9b60-40ab8a7aba1f,2026-07-22T04:30:00Z,2026-07-22T06:30:00+0200,3151.27544,MW,DE,DE_LU,forecast_solar_generation,Solar,2026-08-05T11:47:58Z
2026-08-05T11:45:45Z,2026-08-05T13:45:45+0200,eaa53f57-a911-4834-9b60-40ab8a7aba1f,2026-07-22T04:45:00Z,2026-07-22T06:45:00+0200,4497.08761,MW,DE,DE_LU,forecast_solar_generation,Solar,2026-08-05T11:47:58Z
2026-08-05T11:45:45Z,2026-08-05T13:45:45+0200,eaa53f57-a911-4834-9b60-40ab8a7aba1f,2026-07-22T05:00:00Z,2026-07-22T07:00:00+0200,6126.4937,MW,DE,DE_LU,forecast_solar_generation,Solar,2026-08-05T11:47:58Z
2026-08-05T11:45:45Z,2026-08-05T13:45:45+0200,eaa53f57-a911-4834-9b60-40ab8a7aba1f,2026-07-22T05:15:00Z,2026-07-22T07:15:00+0200,8059.7908,MW,DE,DE_LU,forecast_solar_generation,Solar,2026-08-05T11:47:58Z
2026-08-05T11:45:45Z,2026-08-05T13:45:45+0200,eaa53f57-a911-4834-9b60-40ab8a7aba1f,2026-07-22T05:30:00Z,2026-07-22T07:30:00+0200,10195.84775,MW,DE,DE_LU,forecast_solar_generation,Solar,2026-08-05T11:47:58Z
2026-08-05T11:45:45Z,2026-08-05T13:45:45+0200,eaa53f57-a911-4834-9b60-40ab8a7aba1f,2026-07-22T05:45:00Z,2026-07-22T07:45:00+0200,12423.54515,MW,DE,DE_LU,forecast_solar_generation,Solar,2026-08-05T11:47:58Z
2026-08-05T11:45:45Z,2026-08-05T13:45:45+0200,eaa53f57-a911-4834-9b60-40ab8a7aba1f,2026-07-22T06:00:00Z,2026-07-22T08:00:00+0200,14669.55527,MW,DE,DE_LU,forecast_solar_generation,Solar,2026-08-05T11:47:58Z
2026-08-05T11:45:45Z,2026-08-05T13:45:45+0200,eaa53f57-a911-4834-9b60-40ab8a7aba1f,2026-07-22T06:15:00Z,2026-07-22T08:15:00+0200,16921.5449,MW,DE,DE_LU,forecast_solar_generation,Solar,2026-08-05T11:47:58Z
2026-08-05T11:45:45Z,2026-08-05T13:45:45+0200,eaa53f57-a911-4834-9b60-40ab8a7aba1f,2026-07-22T06:30:00Z,2026-07-22T08:30:00+0200,19144.65761,MW,DE,DE_LU,forecast_solar_generation,Solar,2026-08-05T11:47:58Z
2026-08-05T11:45:45Z,2026-08-05T13:45:45+0200,eaa53f57-a911-4834-9b60-40ab8a7aba1f,2026-07-22T06:45:00Z,2026-07-22T08:45:00+0200,21286.73729,MW,DE,DE_LU,forecast_solar_generation,Solar,2026-08-05T11:47:58Z
2026-08-05T11:45:45Z,2026-08-05T13:45:45+0200,eaa53f57-a911-4834-9b60-40ab8a7aba1f,2026-07-22T07:00:00Z,2026-07-22T09:00:00+0200,23303.5334,MW,DE,DE_LU,forecast_solar_generation,Solar,2026-08-05T11:47:58Z
2026-08-05T11:45:45Z,2026-08-05T13:45:45+0200,eaa53f57-a911-4834-9b60-40ab8a7aba1f,2026-07-22T07:15:00Z,2026-07-22T09:15:00+0200,25254.50928,MW,DE,DE_LU,forecast_solar_generation,Solar,2026-08-05T11:47:58Z
2026-08-05T11:45:45Z,2026-08-05T13:45:45+0200,eaa53f57-a911-4834-9b60-40ab8a7aba1f,2026-07-22T07:30:00Z,2026-07-22T09:30:00+0200,27024.7946,MW,DE,DE_LU,forecast_solar_generation,Solar,2026-08-05T11:47:58Z
2026-08-05T11:45:45Z,2026-08-05T13:45:45+0200,eaa53f57-a911-4834-9b60-40ab8a7aba1f,2026-07-22T07:45:00Z,2026-07-22T09:45:00+0200,28527.07512,MW,DE,DE_LU,forecast_solar_generation,Solar,2026-08-05T11:47:58Z
2026-08-05T11:45:45Z,2026-08-05T13:45:45+0200,eaa53f57-a911-4834-9b60-40ab8a7aba1f,2026-07-22T08:00:00Z,2026-07-22T10:00:00+0200,29778.76302,MW,DE,DE_LU,forecast_solar_generation,Solar,2026-08-05T11:47:58Z
2026-08-05T11:45:45Z,2026-08-05T13:45:45+0200,eaa53f57-a911-4834-9b60-40ab8a7aba1f,2026-07-22T08:15:00Z,2026-07-22T10:15:00+0200,30817.46183,MW,DE,DE_LU,forecast_solar_generation,Solar,2026-08-05T11:47:58Z
2026-08-05T11:45:45Z,2026-08-05T13:45:45+0200,eaa53f57-a911-4834-9b60-40ab8a7aba1f,2026-07-22T08:30:00Z,2026-07-22T10:30:00+0200,31693.06042,MW,DE,DE_LU,forecast_solar_generation,Solar,2026-08-05T11:47:58Z
2026-08-05T11:45:45Z,2026-08-05T13:45:45+0200,eaa53f57-a911-4834-9b60-40ab8a7aba1f,2026-07-22T08:45:00Z,2026-07-22T10:45:00+0200,32438.16663,MW,DE,DE_LU,forecast_solar_generation,Solar,2026-08-05T11:47:58Z
2026-08-05T11:45:45Z,2026-08-05T13:45:45+0200,eaa53f57-a911-4834-9b60-40ab8a7aba1f,2026-07-22T09:00:00Z,2026-07-22T11:00:00+0200,33017.08176,MW,DE,DE_LU,forecast_solar_generation,Solar,2026-08-05T11:47:58Z
2026-08-05T11:45:45Z,2026-08-05T13:45:45+0200,eaa53f57-a911-4834-9b60-40ab8a7aba1f,2026-07-22T09:15:00Z,2026-07-22T11:15:00+0200,33531.3685,MW,DE,DE_LU,forecast_solar_generation,Solar,2026-08-05T11:47:58Z
2026-08-05T11:45:45Z,2026-08-05T13:45:45+0200,eaa53f57-a911-4834-9b60-40ab8a7aba1f,2026-07-22T09:30:00Z,2026-07-22T11:30:00+0200,33949.56027,MW,DE,DE_LU,forecast_solar_generation,Solar,2026-08-05T11:47:58Z
2026-08-05T11:45:45Z,2026-08-05T13:45:45+0200,eaa53f57-a911-4834-9b60-40ab8a7aba1f,2026-07-22T09:45:00Z,2026-07-22T11:45:00+0200,34339.68594,MW,DE,DE_LU,forecast_solar_generation,Solar,2026-08-05T11:47:58Z
2026-08-05T11:45:45Z,2026-08-05T13:45:45+0200,eaa53f57-a911-4834-9b60-40ab8a7aba1f,2026-07-22T10:00:00Z,2026-07-22T12:00:00+0200,34594.8963,MW,DE,DE_LU,forecast_solar_generation,Solar,2026-08-05T11:47:58Z
2026-08-05T11:45:45Z,2026-08-05T13:45:45+0200,eaa53f57-a911-4834-9b60-40ab8a7aba1f,2026-07-22T10:15:00Z,2026-07-22T12:15:00+0200,34746.14811,MW,DE,DE_LU,forecast_solar_generation,Solar,2026-08-05T11:47:58Z
2026-08-05T11:45:45Z,2026-08-05T13:45:45+0200,eaa53f57-a911-4834-9b60-40ab8a7aba1f,2026-07-22T10:30:00Z,2026-07-22T12:30:00+0200,34935.67135,MW,DE,DE_LU,forecast_solar_generation,Solar,2026-08-05T11:47:58Z
2026-08-05T11:45:45Z,2026-08-05T13:45:45+0200,eaa53f57-a911-4834-9b60-40ab8a7aba1f,2026-07-22T10:45:00Z,2026-07-22T12:45:00+0200,35087.02738,MW,DE,DE_LU,forecast_solar_generation,Solar,2026-08-05T11:47:58Z
2026-08-05T11:45:45Z,2026-08-05T13:45:45+0200,eaa53f57-a911-4834-9b60-40ab8a7aba1f,2026-07-22T11:00:00Z,2026-07-22T13:00:00+0200,35172.56917,MW,DE,DE_LU,forecast_solar_generation,Solar,2026-08-05T11:47:58Z
2026-08-05T11:45:45Z,2026-08-05T13:45:45+0200,eaa53f57-a911-4834-9b60-40ab8a7aba1f,2026-07-22T11:15:00Z,2026-07-22T13:15:00+0200,35165.02778,MW,DE,DE_LU,forecast_solar_generation,Solar,2026-08-05T11:47:58Z
2026-08-05T11:45:45Z,2026-08-05T13:45:45+0200,eaa53f57-a911-4834-9b60-40ab8a7aba1f,2026-07-22T11:30:00Z,2026-07-22T13:30:00+0200,35099.81497,MW,DE,DE_LU,forecast_solar_generation,Solar,2026-08-05T11:47:58Z
2026-08-05T11:45:45Z,2026-08-05T13:45:45+0200,eaa53f57-a911-4834-9b60-40ab8a7aba1f,2026-07-22T11:45:00Z,2026-07-22T13:45:00+0200,34918.5129,MW,DE,DE_LU,forecast_solar_generation,Solar,2026-08-05T11:47:58Z
2026-08-05T11:45:45Z,2026-08-05T13:45:45+0200,eaa53f57-a911-4834-9b60-40ab8a7aba1f,2026-07-22T12:00:00Z,2026-07-22T14:00:00+0200,34676.82971,MW,DE,DE_LU,forecast_solar_generation,Solar,2026-08-05T11:47:58Z
2026-08-05T11:45:45Z,2026-08-05T13:45:45+0200,eaa53f57-a911-4834-9b60-40ab8a7aba1f,2026-07-22T12:15:00Z,2026-07-22T14:15:00+0200,34302.31514,MW,DE,DE_LU,forecast_solar_generation,Solar,2026-08-05T11:47:58Z
2026-08-05T11:45:45Z,2026-08-05T13:45:45+0200,eaa53f57-a911-4834-9b60-40ab8a7aba1f,2026-07-22T12:30:00Z,2026-07-22T14:30:00+0200,33863.69864,MW,DE,DE_LU,forecast_solar_generation,Solar,2026-08-05T11:47:58Z
2026-08-05T11:45:45Z,2026-08-05T13:45:45+0200,eaa53f57-a911-4834-9b60-40ab8a7aba1f,2026-07-22T12:45:00Z,2026-07-22T14:45:00+0200,33339.37286,MW,DE,DE_LU,forecast_solar_generation,Solar,2026-08-05T11:47:58Z
2026-08-05T11:45:45Z,2026-08-05T13:45:45+0200,eaa53f57-a911-4834-9b60-40ab8a7aba1f,2026-07-22T13:00:00Z,2026-07-22T15:00:00+0200,32711.73297,MW,DE,DE_LU,forecast_solar_generation,Solar,2026-08-05T11:47:58Z
2026-08-05T11:45:45Z,2026-08-05T13:45:45+0200,eaa53f57-a911-4834-9b60-40ab8a7aba1f,2026-07-22T13:15:00Z,2026-07-22T15:15:00+0200,31989.00962,MW,DE,DE_LU,forecast_solar_generation,Solar,2026-08-05T11:47:58Z
2026-08-05T11:45:45Z,2026-08-05T13:45:45+0200,eaa53f57-a911-4834-9b60-40ab8a7aba1f,2026-07-22T13:30:00Z,2026-07-22T15:30:00+0200,31152.65076,MW,DE,DE_LU,forecast_solar_generation,Solar,2026-08-05T11:47:58Z
2026-08-05T11:45:45Z,2026-08-05T13:45:45+0200,eaa53f57-a911-4834-9b60-40ab8a7aba1f,2026-07-22T13:45:00Z,2026-07-22T15:45:00+0200,30240.00604,MW,DE,DE_LU,forecast_solar_generation,Solar,2026-08-05T11:47:58Z
2026-08-05T11:45:45Z,2026-08-05T13:45:45+0200,eaa53f57-a911-4834-9b60-40ab8a7aba1f,2026-07-22T14:00:00Z,2026-07-22T16:00:00+0200,29216.33025,MW,DE,DE_LU,forecast_solar_generation,Solar,2026-08-05T11:47:58Z
2026-08-05T11:45:45Z,2026-08-05T13:45:45+0200,eaa53f57-a911-4834-9b60-40ab8a7aba1f,2026-07-22T14:15:00Z,2026-07-22T16:15:00+0200,28079.55049,MW,DE,DE_LU,forecast_solar_generation,Solar,2026-08-05T11:47:58Z
2026-08-05T11:45:45Z,2026-08-05T13:45:45+0200,eaa53f57-a911-4834-9b60-40ab8a7aba1f,2026-07-22T14:30:00Z,2026-07-22T16:30:00+0200,26783.77535,MW,DE,DE_LU,forecast_solar_generation,Solar,2026-08-05T11:47:58Z
2026-08-05T11:45:45Z,2026-08-05T13:45:45+0200,eaa53f57-a911-4834-9b60-40ab8a7aba1f,2026-07-22T14:45:00Z,2026-07-22T16:45:00+0200,25337.71636,MW,DE,DE_LU,forecast_solar_generation,Solar,2026-08-05T11:47:58Z
2026-08-05T11:45:45Z,2026-08-05T13:45:45+0200,eaa53f57-a911-4834-9b60-40ab8a7aba1f,2026-07-22T15:00:00Z,2026-07-22T17:00:00+0200,23781.92693,MW,DE,DE_LU,forecast_solar_generation,Solar,2026-08-05T11:47:58Z
2026-08-05T11:45:45Z,2026-08-05T13:45:45+0200,eaa53f57-a911-4834-9b60-40ab8a7aba1f,2026-07-22T15:15:00Z,2026-07-22T17:15:00+0200,22155.79111,MW,DE,DE_LU,forecast_solar_generation,Solar,2026-08-05T11:47:58Z
2026-08-05T11:45:45Z,2026-08-05T13:45:45+0200,eaa53f57-a911-4834-9b60-40ab8a7aba1f,2026-07-22T15:30:00Z,2026-07-22T17:30:00+0200,20463.33999,MW,DE,DE_LU,forecast_solar_generation,Solar,2026-08-05T11:47:58Z
2026-08-05T11:45:45Z,2026-08-05T13:45:45+0200,eaa53f57-a911-4834-9b60-40ab8a7aba1f,2026-07-22T15:45:00Z,2026-07-22T17:45:00+0200,18690.82002,MW,DE,DE_LU,forecast_solar_generation,Solar,2026-08-05T11:47:58Z
2026-08-05T11:45:45Z,2026-08-05T13:45:45+0200,eaa53f57-a911-4834-9b60-40ab8a7aba1f,2026-07-22T16:00:00Z,2026-07-22T18:00:00+0200,16861.89859,MW,DE,DE_LU,forecast_solar_generation,Solar,2026-08-05T11:47:58Z
2026-08-05T11:45:45Z,2026-08-05T13:45:45+0200,eaa53f57-a911-4834-9b60-40ab8a7aba1f,2026-07-22T16:15:00Z,2026-07-22T18:15:00+0200,14959.8678,MW,DE,DE_LU,forecast_solar_generation,Solar,2026-08-05T11:47:58Z
2026-08-05T11:45:45Z,2026-08-05T13:45:45+0200,eaa53f57-a911-4834-9b60-40ab8a7aba1f,2026-07-22T16:30:00Z,2026-07-22T18:30:00+0200,13026.68028,MW,DE,DE_LU,forecast_solar_generation,Solar,2026-08-05T11:47:58Z
2026-08-05T11:45:45Z,2026-08-05T13:45:45+0200,eaa53f57-a911-4834-9b60-40ab8a7aba1f,2026-07-22T16:45:00Z,2026-07-22T18:45:00+0200,11119.1088,MW,DE,DE_LU,forecast_solar_generation,Solar,2026-08-05T11:47:58Z
2026-08-05T11:45:45Z,2026-08-05T13:45:45+0200,eaa53f57-a911-4834-9b60-40ab8a7aba1f,2026-07-22T17:00:00Z,2026-07-22T19:00:00+0200,9258.53082,MW,DE,DE_LU,forecast_solar_generation,Solar,2026-08-05T11:47:58Z
2026-08-05T11:45:45Z,2026-08-05T13:45:45+0200,eaa53f57-a911-4834-9b60-40ab8a7aba1f,2026-07-22T17:15:00Z,2026-07-22T19:15:00+0200,7463.72688,MW,DE,DE_LU,forecast_solar_generation,Solar,2026-08-05T11:47:58Z
2026-08-05T11:45:45Z,2026-08-05T13:45:45+0200,eaa53f57-a911-4834-9b60-40ab8a7aba1f,2026-07-22T17:30:00Z,2026-07-22T19:30:00+0200,5784.90219,MW,DE,DE_LU,forecast_solar_generation,Solar,2026-08-05T11:47:58Z
2026-08-05T11:45:45Z,2026-08-05T13:45:45+0200,eaa53f57-a911-4834-9b60-40ab8a7aba1f,2026-07-22T17:45:00Z,2026-07-22T19:45:00+0200,4302.39762,MW,DE,DE_LU,forecast_solar_generation,Solar,2026-08-05T11:47:58Z
2026-08-05T11:45:45Z,2026-08-05T13:45:45+0200,eaa53f57-a911-4834-9b60-40ab8a7aba1f,2026-07-22T18:00:00Z,2026-07-22T20:00:00+0200,3043.5214,MW,DE,DE_LU,forecast_solar_generation,Solar,2026-08-05T11:47:58Z
2026-08-05T11:45:45Z,2026-08-05T13:45:45+0200,eaa53f57-a911-4834-9b60-40ab8a7aba1f,2026-07-22T18:15:00Z,2026-07-22T20:15:00+0200,1997.63334,MW,DE,DE_LU,forecast_solar_generation,Solar,2026-08-05T11:47:58Z
2026-08-05T11:45:45Z,2026-08-05T13:45:45+0200,eaa53f57-a911-4834-9b60-40ab8a7aba1f,2026-07-22T18:30:00Z,2026-07-22T20:30:00+0200,1178.31053,MW,DE,DE_LU,forecast_solar_generation,Solar,2026-08-05T11:47:58Z
2026-08-05T11:45:45Z,2026-08-05T13:45:45+0200,eaa53f57-a911-4834-9b60-40ab8a7aba1f,2026-07-22T18:45:00Z,2026-07-22T20:45:00+0200,575.08511,MW,DE,DE_LU,forecast_solar_generation,Solar,2026-08-05T11:47:58Z
2026-08-05T11:45:45Z,2026-08-05T13:45:45+0200,eaa53f57-a911-4834-9b60-40ab8a7aba1f,2026-07-22T19:00:00Z,2026-07-22T21:00:00+0200,215.90622,MW,DE,DE_LU,forecast_solar_generation,Solar,2026-08-05T11:47:58Z
2026-08-05T11:45:45Z,2026-08-05T13:45:45+0200,eaa53f57-a911-4834-9b60-40ab8a7aba1f,2026-07-22T19:15:00Z,2026-07-22T21:15:00+0200,77.02042,MW,DE,DE_LU,forecast_solar_generation,Solar,2026-08-05T11:47:58Z
2026-08-05T11:45:45Z,2026-08-05T13:45:45+0200,eaa53f57-a911-4834-9b60-40ab8a7aba1f,2026-07-22T19:30:00Z,2026-07-22T21:30:00+0200,34.42687,MW,DE,DE_LU,forecast_solar_generation,Solar,2026-08-05T11:47:58Z
2026-08-05T11:45:45Z,2026-08-05T13:45:45+0200,eaa53f57-a911-4834-9b60-40ab8a7aba1f,2026-07-22T19:45:00Z,2026-07-22T21:45:00+0200,6.245,MW,DE,DE_LU,forecast_solar_generation,Solar,2026-08-05T11:47:58Z
2026-08-05T11:45:45Z,2026-08-05T13:45:45+0200,eaa53f57-a911-4834-9b60-40ab8a7aba1f,2026-07-22T20:00:00Z,2026-07-22T22:00:00+0200,0.0,MW,DE,DE_LU,forecast_solar_generation,Solar,2026-08-05T11:47:58Z
2026-08-05T11:45:45Z,2026-08-05T13:45:45+0200,eaa53f57-a911-4834-9b60-40ab8a7aba1f,2026-07-22T20:15:00Z,2026-07-22T22:15:00+0200,0.0,MW,DE,DE_LU,forecast_solar_generation,Solar,2026-08-05T11:47:58Z
2026-08-05T11:45:45Z,2026-08-05T13:45:45+0200,eaa53f57-a911-4834-9b60-40ab8a7aba1f,2026-07-22T20:30:00Z,2026-07-22T22:30:00+0200,0.0,MW,DE,DE_LU,forecast_solar_generation,Solar,2026-08-05T11:47:58Z
2026-08-05T11:45:45Z,2026-08-05T13:45:45+0200,eaa53f57-a911-4834-9b60-40ab8a7aba1f,2026-07-22T20:45:00Z,2026-07-22T22:45:00+0200,0.0,MW,DE,DE_LU,forecast_solar_generation,Solar,2026-08-05T11:47:58Z
2026-08-05T11:45:45Z,2026-08-05T13:45:45+0200,eaa53f57-a911-4834-9b60-40ab8a7aba1f,2026-07-22T21:00:00Z,2026-07-22T23:00:00+0200,0.0,MW,DE,DE_LU,forecast_solar_generation,Solar,2026-08-05T11:47:58Z
2026-08-05T11:45:45Z,2026-08-05T13:45:45+0200,eaa53f57-a911-4834-9b60-40ab8a7aba1f,2026-07-22T21:15:00Z,2026-07-22T23:15:00+0200,0.0,MW,DE,DE_LU,forecast_solar_generation,Solar,2026-08-05T11:47:58Z
2026-08-05T11:45:45Z,2026-08-05T13:45:45+0200,eaa53f57-a911-4834-9b60-40ab8a7aba1f,2026-07-22T21:30:00Z,2026-07-22T23:30:00+0200,0.0,MW,DE,DE_LU,forecast_solar_generation,Solar,2026-08-05T11:47:58Z
2026-08-05T11:45:45Z,2026-08-05T13:45:45+0200,eaa53f57-a911-4834-9b60-40ab8a7aba1f,2026-07-22T21:45:00Z,2026-07-22T23:45:00+0200,0.0,MW,DE,DE_LU,forecast_solar_generation,Solar,2026-08-05T11:47:58Z
2026-08-05T11:45:45Z,2026-08-05T13:45:45+0200,eaa53f57-a911-4834-9b60-40ab8a7aba1f,2026-07-22T22:00:00Z,2026-07-23T00:00:00+0200,0.0,MW,DE,DE_LU,forecast_solar_generation,Solar,2026-08-05T11:47:58Z
2026-08-05T11:45:45Z,2026-08-05T13:45:45+0200,eaa53f57-a911-4834-9b60-40ab8a7aba1f,2026-07-22T22:15:00Z,2026-07-23T00:15:00+0200,0.0,MW,DE,DE_LU,forecast_solar_generation,Solar,2026-08-05T11:47:58Z
2026-08-05T11:45:45Z,2026-08-05T13:45:45+0200,eaa53f57-a911-4834-9b60-40ab8a7aba1f,2026-07-22T22:30:00Z,2026-07-23T00:30:00+0200,0.0,MW,DE,DE_LU,forecast_solar_generation,Solar,2026-08-05T11:47:58Z
2026-08-05T11:45:45Z,2026-08-05T13:45:45+0200,eaa53f57-a911-4834-9b60-40ab8a7aba1f,2026-07-22T22:45:00Z,2026-07-23T00:45:00+0200,0.0,MW,DE,DE_LU,forecast_solar_generation,Solar,2026-08-05T11:47:58Z
2026-08-05T11:45:45Z,2026-08-05T13:45:45+0200,eaa53f57-a911-4834-9b60-40ab8a7aba1f,2026-07-22T23:00:00Z,2026-07-23T01:00:00+0200,0.0,MW,DE,DE_LU,forecast_solar_generation,Solar,2026-08-05T11:47:58Z
2026-08-05T11:45:45Z,2026-08-05T13:45:45+0200,eaa53f57-a911-4834-9b60-40ab8a7aba1f,2026-07-22T23:15:00Z,2026-07-23T01:15:00+0200,0.0,MW,DE,DE_LU,forecast_solar_generation,Solar,2026-08-05T11:47:58Z
2026-08-05T11:45:45Z,2026-08-05T13:45:45+0200,eaa53f57-a911-4834-9b60-40ab8a7aba1f,2026-07-22T23:30:00Z,2026-07-23T01:30:00+0200,0.0,MW,DE,DE_LU,forecast_solar_generation,Solar,2026-08-05T11:47:58Z
2026-08-05T11:45:45Z,2026-08-05T13:45:45+0200,eaa53f57-a911-4834-9b60-40ab8a7aba1f,2026-07-22T23:45:00Z,2026-07-23T01:45:00+0200,0.0,MW,DE,DE_LU,forecast_solar_generation,Solar,2026-08-05T11:47:58Z
2026-08-05T11:45:45Z,2026-08-05T13:45:45+0200,eaa53f57-a911-4834-9b60-40ab8a7aba1f,2026-07-23T00:00:00Z,2026-07-23T02:00:00+0200,0.0,MW,DE,DE_LU,forecast_solar_generation,Solar,2026-08-05T11:47:58Z
2026-08-05T11:45:45Z,2026-08-05T13:45:45+0200,eaa53f57-a911-4834-9b60-40ab8a7aba1f,2026-07-23T00:15:00Z,2026-07-23T02:15:00+0200,0.0,MW,DE,DE_LU,forecast_solar_generation,Solar,2026-08-05T11:47:58Z
2026-08-05T11:45:45Z,2026-08-05T13:45:45+0200,eaa53f57-a911-4834-9b60-40ab8a7aba1f,2026-07-23T00:30:00Z,2026-07-23T02:30:00+0200,0.0,MW,DE,DE_LU,forecast_solar_generation,Solar,2026-08-05T11:47:58Z
2026-08-05T11:45:45Z,2026-08-05T13:45:45+0200,eaa53f57-a911-4834-9b60-40ab8a7aba1f,2026-07-23T00:45:00Z,2026-07-23T02:45:00+0200,0.0,MW,DE,DE_LU,forecast_solar_generation,Solar,2026-08-05T11:47:58Z
2026-08-05T11:45:45Z,2026-08-05T13:45:45+0200,eaa53f57-a911-4834-9b60-40ab8a7aba1f,2026-07-23T01:00:00Z,2026-07-23T03:00:00+0200,0.0,MW,DE,DE_LU,forecast_solar_generation,Solar,2026-08-05T11:47:58Z
2026-08-05T11:45:45Z,2026-08-05T13:45:45+0200,eaa53f57-a911-4834-9b60-40ab8a7aba1f,2026-07-23T01:15:00Z,2026-07-23T03:15:00+0200,0.0,MW,DE,DE_LU,forecast_solar_generation,Solar,2026-08-05T11:47:58Z
2026-08-05T11:45:45Z,2026-08-05T13:45:45+0200,eaa53f57-a911-4834-9b60-40ab8a7aba1f,2026-07-23T01:30:00Z,2026-07-23T03:30:00+0200,0.0,MW,DE,DE_LU,forecast_solar_generation,Solar,2026-08-05T11:47:58Z
2026-08-05T11:45:45Z,2026-08-05T13:45:45+0200,eaa53f57-a911-4834-9b60-40ab8a7aba1f,2026-07-23T01:45:00Z,2026-07-23T03:45:00+0200,0.0,MW,DE,DE_LU,forecast_solar_generation,Solar,2026-08-05T11:47:58Z
2026-08-05T11:45:45Z,2026-08-05T13:45:45+0200,eaa53f57-a911-4834-9b60-40ab8a7aba1f,2026-07-23T02:00:00Z,2026-07-23T04:00:00+0200,0.0,MW,DE,DE_LU,forecast_solar_generation,Solar,2026-08-05T11:47:58Z
2026-08-05T11:45:45Z,2026-08-05T13:45:45+0200,eaa53f57-a911-4834-9b60-40ab8a7aba1f,2026-07-23T02:15:00Z,2026-07-23T04:15:00+0200,0.0,MW,DE,DE_LU,forecast_solar_generation,Solar,2026-08-05T11:47:58Z
2026-08-05T11:45:45Z,2026-08-05T13:45:45+0200,eaa53f57-a911-4834-9b60-40ab8a7aba1f,2026-07-23T02:30:00Z,2026-07-23T04:30:00+0200,0.0,MW,DE,DE_LU,forecast_solar_generation,Solar,2026-08-05T11:47:58Z
2026-08-05T11:45:45Z,2026-08-05T13:45:45+0200,eaa53f57-a911-4834-9b60-40ab8a7aba1f,2026-07-23T02:45:00Z,2026-07-23T04:45:00+0200,0.0,MW,DE,DE_LU,forecast_solar_generation,Solar,2026-08-05T11:47:58Z
2026-08-05T11:45:45Z,2026-08-05T13:45:45+0200,eaa53f57-a911-4834-9b60-40ab8a7aba1f,2026-07-23T03:00:00Z,2026-07-23T05:00:00+0200,0.95,MW,DE,DE_LU,forecast_solar_generation,Solar,2026-08-05T11:47:58Z
2026-08-05T11:45:45Z,2026-08-05T13:45:45+0200,eaa53f57-a911-4834-9b60-40ab8a7aba1f,2026-07-23T03:15:00Z,2026-07-23T05:15:00+0200,41.55348,MW,DE,DE_LU,forecast_solar_generation,Solar,2026-08-05T11:47:58Z
2026-08-05T11:45:45Z,2026-08-05T13:45:45+0200,eaa53f57-a911-4834-9b60-40ab8a7aba1f,2026-07-23T03:30:00Z,2026-07-23T05:30:00+0200,134.17393,MW,DE,DE_LU,forecast_solar_generation,Solar,2026-08-05T11:47:58Z
2026-08-05T11:45:45Z,2026-08-05T13:45:45+0200,eaa53f57-a911-4834-9b60-40ab8a7aba1f,2026-07-23T03:45:00Z,2026-07-23T05:45:00+0200,397.97638,MW,DE,DE_LU,forecast_solar_generation,Solar,2026-08-05T11:47:58Z
2026-08-05T11:45:45Z,2026-08-05T13:45:45+0200,eaa53f57-a911-4834-9b60-40ab8a7aba1f,2026-07-23T04:00:00Z,2026-07-23T06:00:00+0200,919.71195,MW,DE,DE_LU,forecast_solar_generation,Solar,2026-08-05T11:47:58Z
2026-08-05T11:45:45Z,2026-08-05T13:45:45+0200,eaa53f57-a911-4834-9b60-40ab8a7aba1f,2026-07-23T04:15:00Z,2026-07-23T06:15:00+0200,1714.47722,MW,DE,DE_LU,forecast_solar_generation,Solar,2026-08-05T11:47:58Z
2026-08-05T11:45:45Z,2026-08-05T13:45:45+0200,eaa53f57-a911-4834-9b60-40ab8a7aba1f,2026-07-23T04:30:00Z,2026-07-23T06:30:00+0200,2739.4985,MW,DE,DE_LU,forecast_solar_generation,Solar,2026-08-05T11:47:58Z
2026-08-05T11:45:45Z,2026-08-05T13:45:45+0200,eaa53f57-a911-4834-9b60-40ab8a7aba1f,2026-07-23T04:45:00Z,2026-07-23T06:45:00+0200,3990.54064,MW,DE,DE_LU,forecast_solar_generation,Solar,2026-08-05T11:47:58Z
2026-08-05T11:45:45Z,2026-08-05T13:45:45+0200,eaa53f57-a911-4834-9b60-40ab8a7aba1f,2026-07-23T05:00:00Z,2026-07-23T07:00:00+0200,5499.64663,MW,DE,DE_LU,forecast_solar_generation,Solar,2026-08-05T11:47:58Z
2026-08-05T11:45:45Z,2026-08-05T13:45:45+0200,eaa53f57-a911-4834-9b60-40ab8a7aba1f,2026-07-23T05:15:00Z,2026-07-23T07:15:00+0200,7267.18646,MW,DE,DE_LU,forecast_solar_generation,Solar,2026-08-05T11:47:58Z
2026-08-05T11:45:45Z,2026-08-05T13:45:45+0200,eaa53f57-a911-4834-9b60-40ab8a7aba1f,2026-07-23T05:30:00Z,2026-07-23T07:30:00+0200,9232.84768,MW,DE,DE_LU,forecast_solar_generation,Solar,2026-08-05T11:47:58Z
2026-08-05T11:45:45Z,2026-08-05T13:45:45+0200,eaa53f57-a911-4834-9b60-40ab8a7aba1f,2026-07-23T05:45:00Z,2026-07-23T07:45:00+0200,11331.83444,MW,DE,DE_LU,forecast_solar_generation,Solar,2026-08-05T11:47:58Z
2026-08-05T11:45:45Z,2026-08-05T13:45:45+0200,eaa53f57-a911-4834-9b60-40ab8a7aba1f,2026-07-23T06:00:00Z,2026-07-23T08:00:00+0200,13491.5855,MW,DE,DE_LU,forecast_solar_generation,Solar,2026-08-05T11:47:58Z
2026-08-05T11:45:45Z,2026-08-05T13:45:45+0200,eaa53f57-a911-4834-9b60-40ab8a7aba1f,2026-07-23T06:15:00Z,2026-07-23T08:15:00+0200,15698.92662,MW,DE,DE_LU,forecast_solar_generation,Solar,2026-08-05T11:47:58Z
2026-08-05T11:45:45Z,2026-08-05T13:45:45+0200,eaa53f57-a911-4834-9b60-40ab8a7aba1f,2026-07-23T06:30:00Z,2026-07-23T08:30:00+0200,17915.88714,MW,DE,DE_LU,forecast_solar_generation,Solar,2026-08-05T11:47:58Z
2026-08-05T11:45:45Z,2026-08-05T13:45:45+0200,eaa53f57-a911-4834-9b60-40ab8a7aba1f,2026-07-23T06:45:00Z,2026-07-23T08:45:00+0200,20088.58939,MW,DE,DE_LU,forecast_solar_generation,Solar,2026-08-05T11:47:58Z
2026-08-05T11:45:45Z,2026-08-05T13:45:45+0200,eaa53f57-a911-4834-9b60-40ab8a7aba1f,2026-07-23T07:00:00Z,2026-07-23T09:00:00+0200,22185.16715,MW,DE,DE_LU,forecast_solar_generation,Solar,2026-08-05T11:47:58Z
2026-08-05T11:45:45Z,2026-08-05T13:45:45+0200,eaa53f57-a911-4834-9b60-40ab8a7aba1f,2026-07-23T07:15:00Z,2026-07-23T09:15:00+0200,24228.08076,MW,DE,DE_LU,forecast_solar_generation,Solar,2026-08-05T11:47:58Z
2026-08-05T11:45:45Z,2026-08-05T13:45:45+0200,eaa53f57-a911-4834-9b60-40ab8a7aba1f,2026-07-23T07:30:00Z,2026-07-23T09:30:00+0200,26236.56628,MW,DE,DE_LU,forecast_solar_generation,Solar,2026-08-05T11:47:58Z
2026-08-05T11:45:45Z,2026-08-05T13:45:45+0200,eaa53f57-a911-4834-9b60-40ab8a7aba1f,2026-07-23T07:45:00Z,2026-07-23T09:45:00+0200,28157.34241,MW,DE,DE_LU,forecast_solar_generation,Solar,2026-08-05T11:47:58Z
2026-08-05T11:45:45Z,2026-08-05T13:45:45+0200,eaa53f57-a911-4834-9b60-40ab8a7aba1f,2026-07-23T08:00:00Z,2026-07-23T10:00:00+0200,29980.7955,MW,DE,DE_LU,forecast_solar_generation,Solar,2026-08-05T11:47:58Z
2026-08-05T11:45:45Z,2026-08-05T13:45:45+0200,eaa53f57-a911-4834-9b60-40ab8a7aba1f,2026-07-23T08:15:00Z,2026-07-23T10:15:00+0200,31729.45357,MW,DE,DE_LU,forecast_solar_generation,Solar,2026-08-05T11:47:58Z
2026-08-05T11:45:45Z,2026-08-05T13:45:45+0200,eaa53f57-a911-4834-9b60-40ab8a7aba1f,2026-07-23T08:30:00Z,2026-07-23T10:30:00+0200,33488.03134,MW,DE,DE_LU,forecast_solar_generation,Solar,2026-08-05T11:47:58Z
2026-08-05T11:45:45Z,2026-08-05T13:45:45+0200,eaa53f57-a911-4834-9b60-40ab8a7aba1f,2026-07-23T08:45:00Z,2026-07-23T10:45:00+0200,35247.29071,MW,DE,DE_LU,forecast_solar_generation,Solar,2026-08-05T11:47:58Z
2026-08-05T11:45:45Z,2026-08-05T13:45:45+0200,eaa53f57-a911-4834-9b60-40ab8a7aba1f,2026-07-23T09:00:00Z,2026-07-23T11:00:00+0200,36847.4076,MW,DE,DE_LU,forecast_solar_generation,Solar,2026-08-05T11:47:58Z
2026-08-05T11:45:45Z,2026-08-05T13:45:45+0200,eaa53f57-a911-4834-9b60-40ab8a7aba1f,2026-07-23T09:15:00Z,2026-07-23T11:15:00+0200,38427.29056,MW,DE,DE_LU,forecast_solar_generation,Solar,2026-08-05T11:47:58Z
2026-08-05T11:45:45Z,2026-08-05T13:45:45+0200,eaa53f57-a911-4834-9b60-40ab8a7aba1f,2026-07-23T09:30:00Z,2026-07-23T11:30:00+0200,39852.60123,MW,DE,DE_LU,forecast_solar_generation,Solar,2026-08-05T11:47:58Z
2026-08-05T11:45:45Z,2026-08-05T13:45:45+0200,eaa53f57-a911-4834-9b60-40ab8a7aba1f,2026-07-23T09:45:00Z,2026-07-23T11:45:00+0200,41153.17647,MW,DE,DE_LU,forecast_solar_generation,Solar,2026-08-05T11:47:58Z
2026-08-05T11:45:45Z,2026-08-05T13:45:45+0200,eaa53f57-a911-4834-9b60-40ab8a7aba1f,2026-07-23T10:00:00Z,2026-07-23T12:00:00+0200,42251.09296,MW,DE,DE_LU,forecast_solar_generation,Solar,2026-08-05T11:47:58Z
2026-08-05T11:45:45Z,2026-08-05T13:45:45+0200,eaa53f57-a911-4834-9b60-40ab8a7aba1f,2026-07-23T10:15:00Z,2026-07-23T12:15:00+0200,43196.06109,MW,DE,DE_LU,forecast_solar_generation,Solar,2026-08-05T11:47:58Z
2026-08-05T11:45:45Z,2026-08-05T13:45:45+0200,eaa53f57-a911-4834-9b60-40ab8a7aba1f,2026-07-23T10:30:00Z,2026-07-23T12:30:00+0200,44071.4989,MW,DE,DE_LU,forecast_solar_generation,Solar,2026-08-05T11:47:58Z
2026-08-05T11:45:45Z,2026-08-05T13:45:45+0200,eaa53f57-a911-4834-9b60-40ab8a7aba1f,2026-07-23T10:45:00Z,2026-07-23T12:45:00+0200,44766.19622,MW,DE,DE_LU,forecast_solar_generation,Solar,2026-08-05T11:47:58Z
2026-08-05T11:45:45Z,2026-08-05T13:45:45+0200,eaa53f57-a911-4834-9b60-40ab8a7aba1f,2026-07-23T11:00:00Z,2026-07-23T13:00:00+0200,45306.86637,MW,DE,DE_LU,forecast_solar_generation,Solar,2026-08-05T11:47:58Z
2026-08-05T11:45:45Z,2026-08-05T13:45:45+0200,eaa53f57-a911-4834-9b60-40ab8a7aba1f,2026-07-23T11:15:00Z,2026-07-23T13:15:00+0200,45679.28555,MW,DE,DE_LU,forecast_solar_generation,Solar,2026-08-05T11:47:58Z
2026-08-05T11:45:45Z,2026-08-05T13:45:45+0200,eaa53f57-a911-4834-9b60-40ab8a7aba1f,2026-07-23T11:30:00Z,2026-07-23T13:30:00+0200,45980.84043,MW,DE,DE_LU,forecast_solar_generation,Solar,2026-08-05T11:47:58Z
2026-08-05T11:45:45Z,2026-08-05T13:45:45+0200,eaa53f57-a911-4834-9b60-40ab8a7aba1f,2026-07-23T11:45:00Z,2026-07-23T13:45:00+0200,46137.38163,MW,DE,DE_LU,forecast_solar_generation,Solar,2026-08-05T11:47:58Z
2026-08-05T11:45:45Z,2026-08-05T13:45:45+0200,eaa53f57-a911-4834-9b60-40ab8a7aba1f,2026-07-23T12:00:00Z,2026-07-23T14:00:00+0200,46119.48117,MW,DE,DE_LU,forecast_solar_generation,Solar,2026-08-05T11:47:58Z
2026-08-05T11:45:45Z,2026-08-05T13:45:45+0200,eaa53f57-a911-4834-9b60-40ab8a7aba1f,2026-07-23T12:15:00Z,2026-07-23T14:15:00+0200,45942.99238,MW,DE,DE_LU,forecast_solar_generation,Solar,2026-08-05T11:47:58Z
2026-08-05T11:45:45Z,2026-08-05T13:45:45+0200,eaa53f57-a911-4834-9b60-40ab8a7aba1f,2026-07-23T12:30:00Z,2026-07-23T14:30:00+0200,45596.38628,MW,DE,DE_LU,forecast_solar_generation,Solar,2026-08-05T11:47:58Z
2026-08-05T11:45:45Z,2026-08-05T13:45:45+0200,eaa53f57-a911-4834-9b60-40ab8a7aba1f,2026-07-23T12:45:00Z,2026-07-23T14:45:00+0200,45060.33513,MW,DE,DE_LU,forecast_solar_generation,Solar,2026-08-05T11:47:58Z
2026-08-05T11:45:45Z,2026-08-05T13:45:45+0200,eaa53f57-a911-4834-9b60-40ab8a7aba1f,2026-07-23T13:00:00Z,2026-07-23T15:00:00+0200,44321.47087,MW,DE,DE_LU,forecast_solar_generation,Solar,2026-08-05T11:47:58Z
2026-08-05T11:45:45Z,2026-08-05T13:45:45+0200,eaa53f57-a911-4834-9b60-40ab8a7aba1f,2026-07-23T13:15:00Z,2026-07-23T15:15:00+0200,43391.71632,MW,DE,DE_LU,forecast_solar_generation,Solar,2026-08-05T11:47:58Z
2026-08-05T11:45:45Z,2026-08-05T13:45:45+0200,eaa53f57-a911-4834-9b60-40ab8a7aba1f,2026-07-23T13:30:00Z,2026-07-23T15:30:00+0200,42207.942,MW,DE,DE_LU,forecast_solar_generation,Solar,2026-08-05T11:47:58Z
2026-08-05T11:45:45Z,2026-08-05T13:45:45+0200,eaa53f57-a911-4834-9b60-40ab8a7aba1f,2026-07-23T13:45:00Z,2026-07-23T15:45:00+0200,40923.13177,MW,DE,DE_LU,forecast_solar_generation,Solar,2026-08-05T11:47:58Z
2026-08-05T11:45:45Z,2026-08-05T13:45:45+0200,eaa53f57-a911-4834-9b60-40ab8a7aba1f,2026-07-23T14:00:00Z,2026-07-23T16:00:00+0200,39486.97708,MW,DE,DE_LU,forecast_solar_generation,Solar,2026-08-05T11:47:58Z
2026-08-05T11:45:45Z,2026-08-05T13:45:45+0200,eaa53f57-a911-4834-9b60-40ab8a7aba1f,2026-07-23T14:15:00Z,2026-07-23T16:15:00+0200,37886.38401,MW,DE,DE_LU,forecast_solar_generation,Solar,2026-08-05T11:47:58Z
2026-08-05T11:45:45Z,2026-08-05T13:45:45+0200,eaa53f57-a911-4834-9b60-40ab8a7aba1f,2026-07-23T14:30:00Z,2026-07-23T16:30:00+0200,36094.4246,MW,DE,DE_LU,forecast_solar_generation,Solar,2026-08-05T11:47:58Z
2026-08-05T11:45:45Z,2026-08-05T13:45:45+0200,eaa53f57-a911-4834-9b60-40ab8a7aba1f,2026-07-23T14:45:00Z,2026-07-23T16:45:00+0200,34123.82125,MW,DE,DE_LU,forecast_solar_generation,Solar,2026-08-05T11:47:58Z
2026-08-05T11:45:45Z,2026-08-05T13:45:45+0200,eaa53f57-a911-4834-9b60-40ab8a7aba1f,2026-07-23T15:00:00Z,2026-07-23T17:00:00+0200,31919.13463,MW,DE,DE_LU,forecast_solar_generation,Solar,2026-08-05T11:47:58Z
2026-08-05T11:45:45Z,2026-08-05T13:45:45+0200,eaa53f57-a911-4834-9b60-40ab8a7aba1f,2026-07-23T15:15:00Z,2026-07-23T17:15:00+0200,29570.63341,MW,DE,DE_LU,forecast_solar_generation,Solar,2026-08-05T11:47:58Z
2026-08-05T11:45:45Z,2026-08-05T13:45:45+0200,eaa53f57-a911-4834-9b60-40ab8a7aba1f,2026-07-23T15:30:00Z,2026-07-23T17:30:00+0200,27097.33563,MW,DE,DE_LU,forecast_solar_generation,Solar,2026-08-05T11:47:58Z
2026-08-05T11:45:45Z,2026-08-05T13:45:45+0200,eaa53f57-a911-4834-9b60-40ab8a7aba1f,2026-07-23T15:45:00Z,2026-07-23T17:45:00+0200,24583.39399,MW,DE,DE_LU,forecast_solar_generation,Solar,2026-08-05T11:47:58Z
2026-08-05T11:45:45Z,2026-08-05T13:45:45+0200,eaa53f57-a911-4834-9b60-40ab8a7aba1f,2026-07-23T16:00:00Z,2026-07-23T18:00:00+0200,22026.85226,MW,DE,DE_LU,forecast_solar_generation,Solar,2026-08-05T11:47:58Z
2026-08-05T11:45:45Z,2026-08-05T13:45:45+0200,eaa53f57-a911-4834-9b60-40ab8a7aba1f,2026-07-23T16:15:00Z,2026-07-23T18:15:00+0200,19387.66619,MW,DE,DE_LU,forecast_solar_generation,Solar,2026-08-05T11:47:58Z
2026-08-05T11:45:45Z,2026-08-05T13:45:45+0200,eaa53f57-a911-4834-9b60-40ab8a7aba1f,2026-07-23T16:30:00Z,2026-07-23T18:30:00+0200,16721.55344,MW,DE,DE_LU,forecast_solar_generation,Solar,2026-08-05T11:47:58Z
2026-08-05T11:45:45Z,2026-08-05T13:45:45+0200,eaa53f57-a911-4834-9b60-40ab8a7aba1f,2026-07-23T16:45:00Z,2026-07-23T18:45:00+0200,14108.93455,MW,DE,DE_LU,forecast_solar_generation,Solar,2026-08-05T11:47:58Z
2026-08-05T11:45:45Z,2026-08-05T13:45:45+0200,eaa53f57-a911-4834-9b60-40ab8a7aba1f,2026-07-23T17:00:00Z,2026-07-23T19:00:00+0200,11586.45869,MW,DE,DE_LU,forecast_solar_generation,Solar,2026-08-05T11:47:58Z
2026-08-05T11:45:45Z,2026-08-05T13:45:45+0200,eaa53f57-a911-4834-9b60-40ab8a7aba1f,2026-07-23T17:15:00Z,2026-07-23T19:15:00+0200,9211.9111,MW,DE,DE_LU,forecast_solar_generation,Solar,2026-08-05T11:47:58Z
2026-08-05T11:45:45Z,2026-08-05T13:45:45+0200,eaa53f57-a911-4834-9b60-40ab8a7aba1f,2026-07-23T17:30:00Z,2026-07-23T19:30:00+0200,7084.87814,MW,DE,DE_LU,forecast_solar_generation,Solar,2026-08-05T11:47:58Z
2026-08-05T11:45:45Z,2026-08-05T13:45:45+0200,eaa53f57-a911-4834-9b60-40ab8a7aba1f,2026-07-23T17:45:00Z,2026-07-23T19:45:00+0200,5261.82249,MW,DE,DE_LU,forecast_solar_generation,Solar,2026-08-05T11:47:58Z
2026-08-05T11:45:45Z,2026-08-05T13:45:45+0200,eaa53f57-a911-4834-9b60-40ab8a7aba1f,2026-07-23T18:00:00Z,2026-07-23T20:00:00+0200,3764.2972,MW,DE,DE_LU,forecast_solar_generation,Solar,2026-08-05T11:47:58Z
2026-08-05T11:45:45Z,2026-08-05T13:45:45+0200,eaa53f57-a911-4834-9b60-40ab8a7aba1f,2026-07-23T18:15:00Z,2026-07-23T20:15:00+0200,2522.18152,MW,DE,DE_LU,forecast_solar_generation,Solar,2026-08-05T11:47:58Z
2026-08-05T11:45:45Z,2026-08-05T13:45:45+0200,eaa53f57-a911-4834-9b60-40ab8a7aba1f,2026-07-23T18:30:00Z,2026-07-23T20:30:00+0200,1513.05715,MW,DE,DE_LU,forecast_solar_generation,Solar,2026-08-05T11:47:58Z
2026-08-05T11:45:45Z,2026-08-05T13:45:45+0200,eaa53f57-a911-4834-9b60-40ab8a7aba1f,2026-07-23T18:45:00Z,2026-07-23T20:45:00+0200,736.05765,MW,DE,DE_LU,forecast_solar_generation,Solar,2026-08-05T11:47:58Z
2026-08-05T11:45:45Z,2026-08-05T13:45:45+0200,eaa53f57-a911-4834-9b60-40ab8a7aba1f,2026-07-23T19:00:00Z,2026-07-23T21:00:00+0200,264.23085,MW,DE,DE_LU,forecast_solar_generation,Solar,2026-08-05T11:47:58Z
2026-08-05T11:45:45Z,2026-08-05T13:45:45+0200,eaa53f57-a911-4834-9b60-40ab8a7aba1f,2026-07-23T19:15:00Z,2026-07-23T21:15:00+0200,78.79363,MW,DE,DE_LU,forecast_solar_generation,Solar,2026-08-05T11:47:58Z
2026-08-05T11:45:45Z,2026-08-05T13:45:45+0200,eaa53f57-a911-4834-9b60-40ab8a7aba1f,2026-07-23T19:30:00Z,2026-07-23T21:30:00+0200,28.02813,MW,DE,DE_LU,forecast_solar_generation,Solar,2026-08-05T11:47:58Z
2026-08-05T11:45:45Z,2026-08-05T13:45:45+0200,eaa53f57-a911-4834-9b60-40ab8a7aba1f,2026-07-23T19:45:00Z,2026-07-23T21:45:00+0200,3.536,MW,DE,DE_LU,forecast_solar_generation,Solar,2026-08-05T11:47:58Z
2026-08-05T11:45:45Z,2026-08-05T13:45:45+0200,eaa53f57-a911-4834-9b60-40ab8a7aba1f,2026-07-23T20:00:00Z,2026-07-23T22:00:00+0200,0.0,MW,DE,DE_LU,forecast_solar_generation,Solar,2026-08-05T11:47:58Z
2026-08-05T11:45:45Z,2026-08-05T13:45:45+0200,eaa53f57-a911-4834-9b60-40ab8a7aba1f,2026-07-23T20:15:00Z,2026-07-23T22:15:00+0200,0.0,MW,DE,DE_LU,forecast_solar_generation,Solar,2026-08-05T11:47:58Z
2026-08-05T11:45:45Z,2026-08-05T13:45:45+0200,eaa53f57-a911-4834-9b60-40ab8a7aba1f,2026-07-23T20:30:00Z,2026-07-23T22:30:00+0200,0.0,MW,DE,DE_LU,forecast_solar_generation,Solar,2026-08-05T11:47:58Z
2026-08-05T11:45:45Z,2026-08-05T13:45:45+0200,eaa53f57-a911-4834-9b60-40ab8a7aba1f,2026-07-23T20:45:00Z,2026-07-23T22:45:00+0200,0.0,MW,DE,DE_LU,forecast_solar_generation,Solar,2026-08-05T11:47:58Z
2026-08-05T11:45:45Z,2026-08-05T13:45:45+0200,eaa53f57-a911-4834-9b60-40ab8a7aba1f,2026-07-23T21:00:00Z,2026-07-23T23:00:00+0200,0.0,MW,DE,DE_LU,forecast_solar_generation,Solar,2026-08-05T11:47:58Z
2026-08-05T11:45:45Z,2026-08-05T13:45:45+0200,eaa53f57-a911-4834-9b60-40ab8a7aba1f,2026-07-23T21:15:00Z,2026-07-23T23:15:00+0200,0.0,MW,DE,DE_LU,forecast_solar_generation,Solar,2026-08-05T11:47:58Z
2026-08-05T11:45:45Z,2026-08-05T13:45:45+0200,eaa53f57-a911-4834-9b60-40ab8a7aba1f,2026-07-23T21:30:00Z,2026-07-23T23:30:00+0200,0.0,MW,DE,DE_LU,forecast_solar_generation,Solar,2026-08-05T11:47:58Z
2026-08-05T11:45:45Z,2026-08-05T13:45:45+0200,eaa53f57-a911-4834-9b60-40ab8a7aba1f,2026-07-23T21:45:00Z,2026-07-23T23:45:00+0200,0.0,MW,DE,DE_LU,forecast_solar_generation,Solar,2026-08-05T11:47:58Z
2026-08-05T11:45:45Z,2026-08-05T13:45:45+0200,eaa53f57-a911-4834-9b60-40ab8a7aba1f,2026-07-23T22:00:00Z,2026-07-24T00:00:00+0200,0.0,MW,DE,DE_LU,forecast_solar_generation,Solar,2026-08-05T11:47:58Z
2026-08-05T11:45:45Z,2026-08-05T13:45:45+0200,eaa53f57-a911-4834-9b60-40ab8a7aba1f,2026-07-23T22:15:00Z,2026-07-24T00:15:00+0200,0.0,MW,DE,DE_LU,forecast_solar_generation,Solar,2026-08-05T11:47:58Z
2026-08-05T11:45:45Z,2026-08-05T13:45:45+0200,eaa53f57-a911-4834-9b60-40ab8a7aba1f,2026-07-23T22:30:00Z,2026-07-24T00:30:00+0200,0.0,MW,DE,DE_LU,forecast_solar_generation,Solar,2026-08-05T11:47:58Z
2026-08-05T11:45:45Z,2026-08-05T13:45:45+0200,eaa53f57-a911-4834-9b60-40ab8a7aba1f,2026-07-23T22:45:00Z,2026-07-24T00:45:00+0200,0.0,MW,DE,DE_LU,forecast_solar_generation,Solar,2026-08-05T11:47:58Z
2026-08-05T11:45:45Z,2026-08-05T13:45:45+0200,eaa53f57-a911-4834-9b60-40ab8a7aba1f,2026-07-23T23:00:00Z,2026-07-24T01:00:00+0200,0.0,MW,DE,DE_LU,forecast_solar_generation,Solar,2026-08-05T11:47:58Z
2026-08-05T11:45:45Z,2026-08-05T13:45:45+0200,eaa53f57-a911-4834-9b60-40ab8a7aba1f,2026-07-23T23:15:00Z,2026-07-24T01:15:00+0200,0.0,MW,DE,DE_LU,forecast_solar_generation,Solar,2026-08-05T11:47:58Z
2026-08-05T11:45:45Z,2026-08-05T13:45:45+0200,eaa53f57-a911-4834-9b60-40ab8a7aba1f,2026-07-23T23:30:00Z,2026-07-24T01:30:00+0200,0.0,MW,DE,DE_LU,forecast_solar_generation,Solar,2026-08-05T11:47:58Z
2026-08-05T11:45:45Z,2026-08-05T13:45:45+0200,eaa53f57-a911-4834-9b60-40ab8a7aba1f,2026-07-23T23:45:00Z,2026-07-24T01:45:00+0200,0.0,MW,DE,DE_LU,forecast_solar_generation,Solar,2026-08-05T11:47:58Z
2026-08-05T11:45:45Z,2026-08-05T13:45:45+0200,eaa53f57-a911-4834-9b60-40ab8a7aba1f,2026-07-24T00:00:00Z,2026-07-24T02:00:00+0200,0.0,MW,DE,DE_LU,forecast_solar_generation,Solar,2026-08-05T11:47:58Z
2026-08-05T11:45:45Z,2026-08-05T13:45:45+0200,eaa53f57-a911-4834-9b60-40ab8a7aba1f,2026-07-24T00:15:00Z,2026-07-24T02:15:00+0200,0.0,MW,DE,DE_LU,forecast_solar_generation,Solar,2026-08-05T11:47:58Z
2026-08-05T11:45:45Z,2026-08-05T13:45:45+0200,eaa53f57-a911-4834-9b60-40ab8a7aba1f,2026-07-24T00:30:00Z,2026-07-24T02:30:00+0200,0.0,MW,DE,DE_LU,forecast_solar_generation,Solar,2026-08-05T11:47:58Z
2026-08-05T11:45:45Z,2026-08-05T13:45:45+0200,eaa53f57-a911-4834-9b60-40ab8a7aba1f,2026-07-24T00:45:00Z,2026-07-24T02:45:00+0200,0.0,MW,DE,DE_LU,forecast_solar_generation,Solar,2026-08-05T11:47:58Z
2026-08-05T11:45:45Z,2026-08-05T13:45:45+0200,eaa53f57-a911-4834-9b60-40ab8a7aba1f,2026-07-24T01:00:00Z,2026-07-24T03:00:00+0200,0.0,MW,DE,DE_LU,forecast_solar_generation,Solar,2026-08-05T11:47:58Z
2026-08-05T11:45:45Z,2026-08-05T13:45:45+0200,eaa53f57-a911-4834-9b60-40ab8a7aba1f,2026-07-24T01:15:00Z,2026-07-24T03:15:00+0200,0.0,MW,DE,DE_LU,forecast_solar_generation,Solar,2026-08-05T11:47:58Z
2026-08-05T11:45:45Z,2026-08-05T13:45:45+0200,eaa53f57-a911-4834-9b60-40ab8a7aba1f,2026-07-24T01:30:00Z,2026-07-24T03:30:00+0200,0.0,MW,DE,DE_LU,forecast_solar_generation,Solar,2026-08-05T11:47:58Z
2026-08-05T11:45:45Z,2026-08-05T13:45:45+0200,eaa53f57-a911-4834-9b60-40ab8a7aba1f,2026-07-24T01:45:00Z,2026-07-24T03:45:00+0200,0.0,MW,DE,DE_LU,forecast_solar_generation,Solar,2026-08-05T11:47:58Z
2026-08-05T11:45:45Z,2026-08-05T13:45:45+0200,eaa53f57-a911-4834-9b60-40ab8a7aba1f,2026-07-24T02:00:00Z,2026-07-24T04:00:00+0200,0.0,MW,DE,DE_LU,forecast_solar_generation,Solar,2026-08-05T11:47:58Z
2026-08-05T11:45:45Z,2026-08-05T13:45:45+0200,eaa53f57-a911-4834-9b60-40ab8a7aba1f,2026-07-24T02:15:00Z,2026-07-24T04:15:00+0200,0.0,MW,DE,DE_LU,forecast_solar_generation,Solar,2026-08-05T11:47:58Z
2026-08-05T11:45:45Z,2026-08-05T13:45:45+0200,eaa53f57-a911-4834-9b60-40ab8a7aba1f,2026-07-24T02:30:00Z,2026-07-24T04:30:00+0200,0.0,MW,DE,DE_LU,forecast_solar_generation,Solar,2026-08-05T11:47:58Z
2026-08-05T11:45:45Z,2026-08-05T13:45:45+0200,eaa53f57-a911-4834-9b60-40ab8a7aba1f,2026-07-24T02:45:00Z,2026-07-24T04:45:00+0200,0.0,MW,DE,DE_LU,forecast_solar_generation,Solar,2026-08-05T11:47:58Z
2026-08-05T11:45:45Z,2026-08-05T13:45:45+0200,eaa53f57-a911-4834-9b60-40ab8a7aba1f,2026-07-24T03:00:00Z,2026-07-24T05:00:00+0200,0.67,MW,DE,DE_LU,forecast_solar_generation,Solar,2026-08-05T11:47:58Z
2026-08-05T11:45:45Z,2026-08-05T13:45:45+0200,eaa53f57-a911-4834-9b60-40ab8a7aba1f,2026-07-24T03:15:00Z,2026-07-24T05:15:00+0200,48.32948,MW,DE,DE_LU,forecast_solar_generation,Solar,2026-08-05T11:47:58Z
2026-08-05T11:45:45Z,2026-08-05T13:45:45+0200,eaa53f57-a911-4834-9b60-40ab8a7aba1f,2026-07-24T03:30:00Z,2026-07-24T05:30:00+0200,159.94196,MW,DE,DE_LU,forecast_solar_generation,Solar,2026-08-05T11:47:58Z
2026-08-05T11:45:45Z,2026-08-05T13:45:45+0200,eaa53f57-a911-4834-9b60-40ab8a7aba1f,2026-07-24T03:45:00Z,2026-07-24T05:45:00+0200,528.76105,MW,DE,DE_LU,forecast_solar_generation,Solar,2026-08-05T11:47:58Z
2026-08-05T11:45:45Z,2026-08-05T13:45:45+0200,eaa53f57-a911-4834-9b60-40ab8a7aba1f,2026-07-24T04:00:00Z,2026-07-24T06:00:00+0200,1226.25768,MW,DE,DE_LU,forecast_solar_generation,Solar,2026-08-05T11:47:58Z
2026-08-05T11:45:45Z,2026-08-05T13:45:45+0200,eaa53f57-a911-4834-9b60-40ab8a7aba1f,2026-07-24T04:15:00Z,2026-07-24T06:15:00+0200,2224.37378,MW,DE,DE_LU,forecast_solar_generation,Solar,2026-08-05T11:47:58Z
2026-08-05T11:45:45Z,2026-08-05T13:45:45+0200,eaa53f57-a911-4834-9b60-40ab8a7aba1f,2026-07-24T04:30:00Z,2026-07-24T06:30:00+0200,3416.40145,MW,DE,DE_LU,forecast_solar_generation,Solar,2026-08-05T11:47:58Z
2026-08-05T11:45:45Z,2026-08-05T13:45:45+0200,eaa53f57-a911-4834-9b60-40ab8a7aba1f,2026-07-24T04:45:00Z,2026-07-24T06:45:00+0200,4842.41331,MW,DE,DE_LU,forecast_solar_generation,Solar,2026-08-05T11:47:58Z
2026-08-05T11:45:45Z,2026-08-05T13:45:45+0200,eaa53f57-a911-4834-9b60-40ab8a7aba1f,2026-07-24T05:00:00Z,2026-07-24T07:00:00+0200,6589.44463,MW,DE,DE_LU,forecast_solar_generation,Solar,2026-08-05T11:47:58Z
2026-08-05T11:45:45Z,2026-08-05T13:45:45+0200,eaa53f57-a911-4834-9b60-40ab8a7aba1f,2026-07-24T05:15:00Z,2026-07-24T07:15:00+0200,8727.52237,MW,DE,DE_LU,forecast_solar_generation,Solar,2026-08-05T11:47:58Z
2026-08-05T11:45:45Z,2026-08-05T13:45:45+0200,eaa53f57-a911-4834-9b60-40ab8a7aba1f,2026-07-24T05:30:00Z,2026-07-24T07:30:00+0200,11194.10339,MW,DE,DE_LU,forecast_solar_generation,Solar,2026-08-05T11:47:58Z
2026-08-05T11:45:45Z,2026-08-05T13:45:45+0200,eaa53f57-a911-4834-9b60-40ab8a7aba1f,2026-07-24T05:45:00Z,2026-07-24T07:45:00+0200,13888.83044,MW,DE,DE_LU,forecast_solar_generation,Solar,2026-08-05T11:47:58Z
2026-08-05T11:45:45Z,2026-08-05T13:45:45+0200,eaa53f57-a911-4834-9b60-40ab8a7aba1f,2026-07-24T06:00:00Z,2026-07-24T08:00:00+0200,16705.31706,MW,DE,DE_LU,forecast_solar_generation,Solar,2026-08-05T11:47:58Z
2026-08-05T11:45:45Z,2026-08-05T13:45:45+0200,eaa53f57-a911-4834-9b60-40ab8a7aba1f,2026-07-24T06:15:00Z,2026-07-24T08:15:00+0200,19559.80987,MW,DE,DE_LU,forecast_solar_generation,Solar,2026-08-05T11:47:58Z
2026-08-05T11:45:45Z,2026-08-05T13:45:45+0200,eaa53f57-a911-4834-9b60-40ab8a7aba1f,2026-07-24T06:30:00Z,2026-07-24T08:30:00+0200,22415.04712,MW,DE,DE_LU,forecast_solar_generation,Solar,2026-08-05T11:47:58Z
2026-08-05T11:45:45Z,2026-08-05T13:45:45+0200,eaa53f57-a911-4834-9b60-40ab8a7aba1f,2026-07-24T06:45:00Z,2026-07-24T08:45:00+0200,25199.35521,MW,DE,DE_LU,forecast_solar_generation,Solar,2026-08-05T11:47:58Z
2026-08-05T11:45:45Z,2026-08-05T13:45:45+0200,eaa53f57-a911-4834-9b60-40ab8a7aba1f,2026-07-24T07:00:00Z,2026-07-24T09:00:00+0200,27850.2529,MW,DE,DE_LU,forecast_solar_generation,Solar,2026-08-05T11:47:58Z
2026-08-05T11:45:45Z,2026-08-05T13:45:45+0200,eaa53f57-a911-4834-9b60-40ab8a7aba1f,2026-07-24T07:15:00Z,2026-07-24T09:15:00+0200,30381.75967,MW,DE,DE_LU,forecast_solar_generation,Solar,2026-08-05T11:47:58Z
2026-08-05T11:45:45Z,2026-08-05T13:45:45+0200,eaa53f57-a911-4834-9b60-40ab8a7aba1f,2026-07-24T07:30:00Z,2026-07-24T09:30:00+0200,32755.22875,MW,DE,DE_LU,forecast_solar_generation,Solar,2026-08-05T11:47:58Z
2026-08-05T11:45:45Z,2026-08-05T13:45:45+0200,eaa53f57-a911-4834-9b60-40ab8a7aba1f,2026-07-24T07:45:00Z,2026-07-24T09:45:00+0200,34903.70823,MW,DE,DE_LU,forecast_solar_generation,Solar,2026-08-05T11:47:58Z
2026-08-05T11:45:45Z,2026-08-05T13:45:45+0200,eaa53f57-a911-4834-9b60-40ab8a7aba1f,2026-07-24T08:00:00Z,2026-07-24T10:00:00+0200,36861.72175,MW,DE,DE_LU,forecast_solar_generation,Solar,2026-08-05T11:47:58Z
2026-08-05T11:45:45Z,2026-08-05T13:45:45+0200,eaa53f57-a911-4834-9b60-40ab8a7aba1f,2026-07-24T08:15:00Z,2026-07-24T10:15:00+0200,38640.57382,MW,DE,DE_LU,forecast_solar_generation,Solar,2026-08-05T11:47:58Z
2026-08-05T11:45:45Z,2026-08-05T13:45:45+0200,eaa53f57-a911-4834-9b60-40ab8a7aba1f,2026-07-24T08:30:00Z,2026-07-24T10:30:00+0200,40374.02672,MW,DE,DE_LU,forecast_solar_generation,Solar,2026-08-05T11:47:58Z
2026-08-05T11:45:45Z,2026-08-05T13:45:45+0200,eaa53f57-a911-4834-9b60-40ab8a7aba1f,2026-07-24T08:45:00Z,2026-07-24T10:45:00+0200,42115.39821,MW,DE,DE_LU,forecast_solar_generation,Solar,2026-08-05T11:47:58Z
2026-08-05T11:45:45Z,2026-08-05T13:45:45+0200,eaa53f57-a911-4834-9b60-40ab8a7aba1f,2026-07-24T09:00:00Z,2026-07-24T11:00:00+0200,43661.45145,MW,DE,DE_LU,forecast_solar_generation,Solar,2026-08-05T11:47:58Z
2026-08-05T11:45:45Z,2026-08-05T13:45:45+0200,eaa53f57-a911-4834-9b60-40ab8a7aba1f,2026-07-24T09:15:00Z,2026-07-24T11:15:00+0200,45168.67849,MW,DE,DE_LU,forecast_solar_generation,Solar,2026-08-05T11:47:58Z
2026-08-05T11:45:45Z,2026-08-05T13:45:45+0200,eaa53f57-a911-4834-9b60-40ab8a7aba1f,2026-07-24T09:30:00Z,2026-07-24T11:30:00+0200,46577.6215,MW,DE,DE_LU,forecast_solar_generation,Solar,2026-08-05T11:47:58Z
2026-08-05T11:45:45Z,2026-08-05T13:45:45+0200,eaa53f57-a911-4834-9b60-40ab8a7aba1f,2026-07-24T09:45:00Z,2026-07-24T11:45:00+0200,47930.18781,MW,DE,DE_LU,forecast_solar_generation,Solar,2026-08-05T11:47:58Z
2026-08-05T11:45:45Z,2026-08-05T13:45:45+0200,eaa53f57-a911-4834-9b60-40ab8a7aba1f,2026-07-24T10:00:00Z,2026-07-24T12:00:00+0200,49095.1063,MW,DE,DE_LU,forecast_solar_generation,Solar,2026-08-05T11:47:58Z
2026-08-05T11:45:45Z,2026-08-05T13:45:45+0200,eaa53f57-a911-4834-9b60-40ab8a7aba1f,2026-07-24T10:15:00Z,2026-07-24T12:15:00+0200,50131.57772,MW,DE,DE_LU,forecast_solar_generation,Solar,2026-08-05T11:47:58Z
2026-08-05T11:45:45Z,2026-08-05T13:45:45+0200,eaa53f57-a911-4834-9b60-40ab8a7aba1f,2026-07-24T10:30:00Z,2026-07-24T12:30:00+0200,51104.55424,MW,DE,DE_LU,forecast_solar_generation,Solar,2026-08-05T11:47:58Z
2026-08-05T11:45:45Z,2026-08-05T13:45:45+0200,eaa53f57-a911-4834-9b60-40ab8a7aba1f,2026-07-24T10:45:00Z,2026-07-24T12:45:00+0200,51902.30015,MW,DE,DE_LU,forecast_solar_generation,Solar,2026-08-05T11:47:58Z
2026-08-05T11:45:45Z,2026-08-05T13:45:45+0200,eaa53f57-a911-4834-9b60-40ab8a7aba1f,2026-07-24T11:00:00Z,2026-07-24T13:00:00+0200,52565.11524,MW,DE,DE_LU,forecast_solar_generation,Solar,2026-08-05T11:47:58Z
2026-08-05T11:45:45Z,2026-08-05T13:45:45+0200,eaa53f57-a911-4834-9b60-40ab8a7aba1f,2026-07-24T11:15:00Z,2026-07-24T13:15:00+0200,53025.24818,MW,DE,DE_LU,forecast_solar_generation,Solar,2026-08-05T11:47:58Z
2026-08-05T11:45:45Z,2026-08-05T13:45:45+0200,eaa53f57-a911-4834-9b60-40ab8a7aba1f,2026-07-24T11:30:00Z,2026-07-24T13:30:00+0200,53296.75354,MW,DE,DE_LU,forecast_solar_generation,Solar,2026-08-05T11:47:58Z
2026-08-05T11:45:45Z,2026-08-05T13:45:45+0200,eaa53f57-a911-4834-9b60-40ab8a7aba1f,2026-07-24T11:45:00Z,2026-07-24T13:45:00+0200,53318.11336,MW,DE,DE_LU,forecast_solar_generation,Solar,2026-08-05T11:47:58Z
2026-08-05T11:45:45Z,2026-08-05T13:45:45+0200,eaa53f57-a911-4834-9b60-40ab8a7aba1f,2026-07-24T12:00:00Z,2026-07-24T14:00:00+0200,53250.30907,MW,DE,DE_LU,forecast_solar_generation,Solar,2026-08-05T11:47:58Z
2026-08-05T11:45:45Z,2026-08-05T13:45:45+0200,eaa53f57-a911-4834-9b60-40ab8a7aba1f,2026-07-24T12:15:00Z,2026-07-24T14:15:00+0200,52937.95992,MW,DE,DE_LU,forecast_solar_generation,Solar,2026-08-05T11:47:58Z
2026-08-05T11:45:45Z,2026-08-05T13:45:45+0200,eaa53f57-a911-4834-9b60-40ab8a7aba1f,2026-07-24T12:30:00Z,2026-07-24T14:30:00+0200,52455.88331,MW,DE,DE_LU,forecast_solar_generation,Solar,2026-08-05T11:47:58Z
2026-08-05T11:45:45Z,2026-08-05T13:45:45+0200,eaa53f57-a911-4834-9b60-40ab8a7aba1f,2026-07-24T12:45:00Z,2026-07-24T14:45:00+0200,51753.60205,MW,DE,DE_LU,forecast_solar_generation,Solar,2026-08-05T11:47:58Z
2026-08-05T11:45:45Z,2026-08-05T13:45:45+0200,eaa53f57-a911-4834-9b60-40ab8a7aba1f,2026-07-24T13:00:00Z,2026-07-24T15:00:00+0200,50823.91113,MW,DE,DE_LU,forecast_solar_generation,Solar,2026-08-05T11:47:58Z
2026-08-05T11:45:45Z,2026-08-05T13:45:45+0200,eaa53f57-a911-4834-9b60-40ab8a7aba1f,2026-07-24T13:15:00Z,2026-07-24T15:15:00+0200,49710.12399,MW,DE,DE_LU,forecast_solar_generation,Solar,2026-08-05T11:47:58Z
2026-08-05T11:45:45Z,2026-08-05T13:45:45+0200,eaa53f57-a911-4834-9b60-40ab8a7aba1f,2026-07-24T13:30:00Z,2026-07-24T15:30:00+0200,48378.14619,MW,DE,DE_LU,forecast_solar_generation,Solar,2026-08-05T11:47:58Z
2026-08-05T11:45:45Z,2026-08-05T13:45:45+0200,eaa53f57-a911-4834-9b60-40ab8a7aba1f,2026-07-24T13:45:00Z,2026-07-24T15:45:00+0200,46898.68434,MW,DE,DE_LU,forecast_solar_generation,Solar,2026-08-05T11:47:58Z
2026-08-05T11:45:45Z,2026-08-05T13:45:45+0200,eaa53f57-a911-4834-9b60-40ab8a7aba1f,2026-07-24T14:00:00Z,2026-07-24T16:00:00+0200,45217.43437,MW,DE,DE_LU,forecast_solar_generation,Solar,2026-08-05T11:47:58Z
2026-08-05T11:45:45Z,2026-08-05T13:45:45+0200,eaa53f57-a911-4834-9b60-40ab8a7aba1f,2026-07-24T14:15:00Z,2026-07-24T16:15:00+0200,43378.26517,MW,DE,DE_LU,forecast_solar_generation,Solar,2026-08-05T11:47:58Z
2026-08-05T11:45:45Z,2026-08-05T13:45:45+0200,eaa53f57-a911-4834-9b60-40ab8a7aba1f,2026-07-24T14:30:00Z,2026-07-24T16:30:00+0200,41315.20103,MW,DE,DE_LU,forecast_solar_generation,Solar,2026-08-05T11:47:58Z
2026-08-05T11:45:45Z,2026-08-05T13:45:45+0200,eaa53f57-a911-4834-9b60-40ab8a7aba1f,2026-07-24T14:45:00Z,2026-07-24T16:45:00+0200,39047.96577,MW,DE,DE_LU,forecast_solar_generation,Solar,2026-08-05T11:47:58Z
2026-08-05T11:45:45Z,2026-08-05T13:45:45+0200,eaa53f57-a911-4834-9b60-40ab8a7aba1f,2026-07-24T15:00:00Z,2026-07-24T17:00:00+0200,36547.3117,MW,DE,DE_LU,forecast_solar_generation,Solar,2026-08-05T11:47:58Z
2026-08-05T11:45:45Z,2026-08-05T13:45:45+0200,eaa53f57-a911-4834-9b60-40ab8a7aba1f,2026-07-24T15:15:00Z,2026-07-24T17:15:00+0200,33841.26412,MW,DE,DE_LU,forecast_solar_generation,Solar,2026-08-05T11:47:58Z
2026-08-05T11:45:45Z,2026-08-05T13:45:45+0200,eaa53f57-a911-4834-9b60-40ab8a7aba1f,2026-07-24T15:30:00Z,2026-07-24T17:30:00+0200,30964.15916,MW,DE,DE_LU,forecast_solar_generation,Solar,2026-08-05T11:47:58Z
2026-08-05T11:45:45Z,2026-08-05T13:45:45+0200,eaa53f57-a911-4834-9b60-40ab8a7aba1f,2026-07-24T15:45:00Z,2026-07-24T17:45:00+0200,27944.89806,MW,DE,DE_LU,forecast_solar_generation,Solar,2026-08-05T11:47:58Z
2026-08-05T11:45:45Z,2026-08-05T13:45:45+0200,eaa53f57-a911-4834-9b60-40ab8a7aba1f,2026-07-24T16:00:00Z,2026-07-24T18:00:00+0200,24795.09223,MW,DE,DE_LU,forecast_solar_generation,Solar,2026-08-05T11:47:58Z
2026-08-05T11:45:45Z,2026-08-05T13:45:45+0200,eaa53f57-a911-4834-9b60-40ab8a7aba1f,2026-07-24T16:15:00Z,2026-07-24T18:15:00+0200,21553.8603,MW,DE,DE_LU,forecast_solar_generation,Solar,2026-08-05T11:47:58Z
2026-08-05T11:45:45Z,2026-08-05T13:45:45+0200,eaa53f57-a911-4834-9b60-40ab8a7aba1f,2026-07-24T16:30:00Z,2026-07-24T18:30:00+0200,18295.06878,MW,DE,DE_LU,forecast_solar_generation,Solar,2026-08-05T11:47:58Z
2026-08-05T11:45:45Z,2026-08-05T13:45:45+0200,eaa53f57-a911-4834-9b60-40ab8a7aba1f,2026-07-24T16:45:00Z,2026-07-24T18:45:00+0200,15123.14472,MW,DE,DE_LU,forecast_solar_generation,Solar,2026-08-05T11:47:58Z
2026-08-05T11:45:45Z,2026-08-05T13:45:45+0200,eaa53f57-a911-4834-9b60-40ab8a7aba1f,2026-07-24T17:00:00Z,2026-07-24T19:00:00+0200,12135.46305,MW,DE,DE_LU,forecast_solar_generation,Solar,2026-08-05T11:47:58Z
2026-08-05T11:45:45Z,2026-08-05T13:45:45+0200,eaa53f57-a911-4834-9b60-40ab8a7aba1f,2026-07-24T17:15:00Z,2026-07-24T19:15:00+0200,9428.13865,MW,DE,DE_LU,forecast_solar_generation,Solar,2026-08-05T11:47:58Z
2026-08-05T11:45:45Z,2026-08-05T13:45:45+0200,eaa53f57-a911-4834-9b60-40ab8a7aba1f,2026-07-24T17:30:00Z,2026-07-24T19:30:00+0200,7121.88648,MW,DE,DE_LU,forecast_solar_generation,Solar,2026-08-05T11:47:58Z
2026-08-05T11:45:45Z,2026-08-05T13:45:45+0200,eaa53f57-a911-4834-9b60-40ab8a7aba1f,2026-07-24T17:45:00Z,2026-07-24T19:45:00+0200,5260.37587,MW,DE,DE_LU,forecast_solar_generation,Solar,2026-08-05T11:47:58Z
2026-08-05T11:45:45Z,2026-08-05T13:45:45+0200,eaa53f57-a911-4834-9b60-40ab8a7aba1f,2026-07-24T18:00:00Z,2026-07-24T20:00:00+0200,3777.25007,MW,DE,DE_LU,forecast_solar_generation,Solar,2026-08-05T11:47:58Z
2026-08-05T11:45:45Z,2026-08-05T13:45:45+0200,eaa53f57-a911-4834-9b60-40ab8a7aba1f,2026-07-24T18:15:00Z,2026-07-24T20:15:00+0200,2548.7225,MW,DE,DE_LU,forecast_solar_generation,Solar,2026-08-05T11:47:58Z
2026-08-05T11:45:45Z,2026-08-05T13:45:45+0200,eaa53f57-a911-4834-9b60-40ab8a7aba1f,2026-07-24T18:30:00Z,2026-07-24T20:30:00+0200,1514.82792,MW,DE,DE_LU,forecast_solar_generation,Solar,2026-08-05T11:47:58Z
2026-08-05T11:45:45Z,2026-08-05T13:45:45+0200,eaa53f57-a911-4834-9b60-40ab8a7aba1f,2026-07-24T18:45:00Z,2026-07-24T20:45:00+0200,705.89338,MW,DE,DE_LU,forecast_solar_generation,Solar,2026-08-05T11:47:58Z
2026-08-05T11:45:45Z,2026-08-05T13:45:45+0200,eaa53f57-a911-4834-9b60-40ab8a7aba1f,2026-07-24T19:00:00Z,2026-07-24T21:00:00+0200,225.48699,MW,DE,DE_LU,forecast_solar_generation,Solar,2026-08-05T11:47:58Z
2026-08-05T11:45:45Z,2026-08-05T13:45:45+0200,eaa53f57-a911-4834-9b60-40ab8a7aba1f,2026-07-24T19:15:00Z,2026-07-24T21:15:00+0200,60.64575,MW,DE,DE_LU,forecast_solar_generation,Solar,2026-08-05T11:47:58Z
2026-08-05T11:45:45Z,2026-08-05T13:45:45+0200,eaa53f57-a911-4834-9b60-40ab8a7aba1f,2026-07-24T19:30:00Z,2026-07-24T21:30:00+0200,21.30603,MW,DE,DE_LU,forecast_solar_generation,Solar,2026-08-05T11:47:58Z
2026-08-05T11:45:45Z,2026-08-05T13:45:45+0200,eaa53f57-a911-4834-9b60-40ab8a7aba1f,2026-07-24T19:45:00Z,2026-07-24T21:45:00+0200,0.0,MW,DE,DE_LU,forecast_solar_generation,Solar,2026-08-05T11:47:58Z
2026-08-05T11:45:45Z,2026-08-05T13:45:45+0200,eaa53f57-a911-4834-9b60-40ab8a7aba1f,2026-07-24T20:00:00Z,2026-07-24T22:00:00+0200,0.0,MW,DE,DE_LU,forecast_solar_generation,Solar,2026-08-05T11:47:58Z
2026-08-05T11:45:45Z,2026-08-05T13:45:45+0200,eaa53f57-a911-4834-9b60-40ab8a7aba1f,2026-07-24T20:15:00Z,2026-07-24T22:15:00+0200,0.0,MW,DE,DE_LU,forecast_solar_generation,Solar,2026-08-05T11:47:58Z
2026-08-05T11:45:45Z,2026-08-05T13:45:45+0200,eaa53f57-a911-4834-9b60-40ab8a7aba1f,2026-07-24T20:30:00Z,2026-07-24T22:30:00+0200,0.0,MW,DE,DE_LU,forecast_solar_generation,Solar,2026-08-05T11:47:58Z
2026-08-05T11:45:45Z,2026-08-05T13:45:45+0200,eaa53f57-a911-4834-9b60-40ab8a7aba1f,2026-07-24T20:45:00Z,2026-07-24T22:45:00+0200,0.0,MW,DE,DE_LU,forecast_solar_generation,Solar,2026-08-05T11:47:58Z
2026-08-05T11:45:45Z,2026-08-05T13:45:45+0200,eaa53f57-a911-4834-9b60-40ab8a7aba1f,2026-07-24T21:00:00Z,2026-07-24T23:00:00+0200,0.0,MW,DE,DE_LU,forecast_solar_generation,Solar,2026-08-05T11:47:58Z
2026-08-05T11:45:45Z,2026-08-05T13:45:45+0200,eaa53f57-a911-4834-9b60-40ab8a7aba1f,2026-07-24T21:15:00Z,2026-07-24T23:15:00+0200,0.0,MW,DE,DE_LU,forecast_solar_generation,Solar,2026-08-05T11:47:58Z
2026-08-05T11:45:45Z,2026-08-05T13:45:45+0200,eaa53f57-a911-4834-9b60-40ab8a7aba1f,2026-07-24T21:30:00Z,2026-07-24T23:30:00+0200,0.0,MW,DE,DE_LU,forecast_solar_generation,Solar,2026-08-05T11:47:58Z
2026-08-05T11:45:45Z,2026-08-05T13:45:45+0200,eaa53f57-a911-4834-9b60-40ab8a7aba1f,2026-07-24T21:45:00Z,2026-07-24T23:45:00+0200,0.0,MW,DE,DE_LU,forecast_solar_generation,Solar,2026-08-05T11:47:58Z
2026-08-05T11:45:45Z,2026-08-05T13:45:45+0200,eaa53f57-a911-4834-9b60-40ab8a7aba1f,2026-07-24T22:00:00Z,2026-07-25T00:00:00+0200,0.0,MW,DE,DE_LU,forecast_solar_generation,Solar,2026-08-05T11:47:58Z
2026-08-05T11:45:45Z,2026-08-05T13:45:45+0200,eaa53f57-a911-4834-9b60-40ab8a7aba1f,2026-07-24T22:15:00Z,2026-07-25T00:15:00+0200,0.0,MW,DE,DE_LU,forecast_solar_generation,Solar,2026-08-05T11:47:58Z
2026-08-05T11:45:45Z,2026-08-05T13:45:45+0200,eaa53f57-a911-4834-9b60-40ab8a7aba1f,2026-07-24T22:30:00Z,2026-07-25T00:30:00+0200,0.0,MW,DE,DE_LU,forecast_solar_generation,Solar,2026-08-05T11:47:58Z
2026-08-05T11:45:45Z,2026-08-05T13:45:45+0200,eaa53f57-a911-4834-9b60-40ab8a7aba1f,2026-07-24T22:45:00Z,2026-07-25T00:45:00+0200,0.0,MW,DE,DE_LU,forecast_solar_generation,Solar,2026-08-05T11:47:58Z
2026-08-05T11:45:45Z,2026-08-05T13:45:45+0200,eaa53f57-a911-4834-9b60-40ab8a7aba1f,2026-07-24T23:00:00Z,2026-07-25T01:00:00+0200,0.0,MW,DE,DE_LU,forecast_solar_generation,Solar,2026-08-05T11:47:58Z
2026-08-05T11:45:45Z,2026-08-05T13:45:45+0200,eaa53f57-a911-4834-9b60-40ab8a7aba1f,2026-07-24T23:15:00Z,2026-07-25T01:15:00+0200,0.0,MW,DE,DE_LU,forecast_solar_generation,Solar,2026-08-05T11:47:58Z
2026-08-05T11:45:45Z,2026-08-05T13:45:45+0200,eaa53f57-a911-4834-9b60-40ab8a7aba1f,2026-07-24T23:30:00Z,2026-07-25T01:30:00+0200,0.0,MW,DE,DE_LU,forecast_solar_generation,Solar,2026-08-05T11:47:58Z
2026-08-05T11:45:45Z,2026-08-05T13:45:45+0200,eaa53f57-a911-4834-9b60-40ab8a7aba1f,2026-07-24T23:45:00Z,2026-07-25T01:45:00+0200,0.0,MW,DE,DE_LU,forecast_solar_generation,Solar,2026-08-05T11:47:58Z
2026-08-05T11:45:45Z,2026-08-05T13:45:45+0200,eaa53f57-a911-4834-9b60-40ab8a7aba1f,2026-07-25T00:00:00Z,2026-07-25T02:00:00+0200,0.0,MW,DE,DE_LU,forecast_solar_generation,Solar,2026-08-05T11:47:58Z
2026-08-05T11:45:45Z,2026-08-05T13:45:45+0200,eaa53f57-a911-4834-9b60-40ab8a7aba1f,2026-07-25T00:15:00Z,2026-07-25T02:15:00+0200,0.0,MW,DE,DE_LU,forecast_solar_generation,Solar,2026-08-05T11:47:58Z
2026-08-05T11:45:45Z,2026-08-05T13:45:45+0200,eaa53f57-a911-4834-9b60-40ab8a7aba1f,2026-07-25T00:30:00Z,2026-07-25T02:30:00+0200,0.0,MW,DE,DE_LU,forecast_solar_generation,Solar,2026-08-05T11:47:58Z
2026-08-05T11:45:45Z,2026-08-05T13:45:45+0200,eaa53f57-a911-4834-9b60-40ab8a7aba1f,2026-07-25T00:45:00Z,2026-07-25T02:45:00+0200,0.0,MW,DE,DE_LU,forecast_solar_generation,Solar,2026-08-05T11:47:58Z
2026-08-05T11:45:45Z,2026-08-05T13:45:45+0200,eaa53f57-a911-4834-9b60-40ab8a7aba1f,2026-07-25T01:00:00Z,2026-07-25T03:00:00+0200,0.0,MW,DE,DE_LU,forecast_solar_generation,Solar,2026-08-05T11:47:58Z
2026-08-05T11:45:45Z,2026-08-05T13:45:45+0200,eaa53f57-a911-4834-9b60-40ab8a7aba1f,2026-07-25T01:15:00Z,2026-07-25T03:15:00+0200,0.0,MW,DE,DE_LU,forecast_solar_generation,Solar,2026-08-05T11:47:58Z
2026-08-05T11:45:45Z,2026-08-05T13:45:45+0200,eaa53f57-a911-4834-9b60-40ab8a7aba1f,2026-07-25T01:30:00Z,2026-07-25T03:30:00+0200,0.0,MW,DE,DE_LU,forecast_solar_generation,Solar,2026-08-05T11:47:58Z
2026-08-05T11:45:45Z,2026-08-05T13:45:45+0200,eaa53f57-a911-4834-9b60-40ab8a7aba1f,2026-07-25T01:45:00Z,2026-07-25T03:45:00+0200,0.0,MW,DE,DE_LU,forecast_solar_generation,Solar,2026-08-05T11:47:58Z
2026-08-05T11:45:45Z,2026-08-05T13:45:45+0200,eaa53f57-a911-4834-9b60-40ab8a7aba1f,2026-07-25T02:00:00Z,2026-07-25T04:00:00+0200,0.0,MW,DE,DE_LU,forecast_solar_generation,Solar,2026-08-05T11:47:58Z
2026-08-05T11:45:45Z,2026-08-05T13:45:45+0200,eaa53f57-a911-4834-9b60-40ab8a7aba1f,2026-07-25T02:15:00Z,2026-07-25T04:15:00+0200,0.0,MW,DE,DE_LU,forecast_solar_generation,Solar,2026-08-05T11:47:58Z
2026-08-05T11:45:45Z,2026-08-05T13:45:45+0200,eaa53f57-a911-4834-9b60-40ab8a7aba1f,2026-07-25T02:30:00Z,2026-07-25T04:30:00+0200,0.0,MW,DE,DE_LU,forecast_solar_generation,Solar,2026-08-05T11:47:58Z
2026-08-05T11:45:45Z,2026-08-05T13:45:45+0200,eaa53f57-a911-4834-9b60-40ab8a7aba1f,2026-07-25T02:45:00Z,2026-07-25T04:45:00+0200,0.0,MW,DE,DE_LU,forecast_solar_generation,Solar,2026-08-05T11:47:58Z
2026-08-05T11:45:45Z,2026-08-05T13:45:45+0200,eaa53f57-a911-4834-9b60-40ab8a7aba1f,2026-07-25T03:00:00Z,2026-07-25T05:00:00+0200,0.5,MW,DE,DE_LU,forecast_solar_generation,Solar,2026-08-05T11:47:58Z
2026-08-05T11:45:45Z,2026-08-05T13:45:45+0200,eaa53f57-a911-4834-9b60-40ab8a7aba1f,2026-07-25T03:15:00Z,2026-07-25T05:15:00+0200,48.29448,MW,DE,DE_LU,forecast_solar_generation,Solar,2026-08-05T11:47:58Z
2026-08-05T11:45:45Z,2026-08-05T13:45:45+0200,eaa53f57-a911-4834-9b60-40ab8a7aba1f,2026-07-25T03:30:00Z,2026-07-25T05:30:00+0200,175.78311,MW,DE,DE_LU,forecast_solar_generation,Solar,2026-08-05T11:47:58Z
2026-08-05T11:45:45Z,2026-08-05T13:45:45+0200,eaa53f57-a911-4834-9b60-40ab8a7aba1f,2026-07-25T03:45:00Z,2026-07-25T05:45:00+0200,582.68872,MW,DE,DE_LU,forecast_solar_generation,Solar,2026-08-05T11:47:58Z
2026-08-05T11:45:45Z,2026-08-05T13:45:45+0200,eaa53f57-a911-4834-9b60-40ab8a7aba1f,2026-07-25T04:00:00Z,2026-07-25T06:00:00+0200,1331.78553,MW,DE,DE_LU,forecast_solar_generation,Solar,2026-08-05T11:47:58Z
2026-08-05T11:45:45Z,2026-08-05T13:45:45+0200,eaa53f57-a911-4834-9b60-40ab8a7aba1f,2026-07-25T04:15:00Z,2026-07-25T06:15:00+0200,2373.55184,MW,DE,DE_LU,forecast_solar_generation,Solar,2026-08-05T11:47:58Z
2026-08-05T11:45:45Z,2026-08-05T13:45:45+0200,eaa53f57-a911-4834-9b60-40ab8a7aba1f,2026-07-25T04:30:00Z,2026-07-25T06:30:00+0200,3627.09585,MW,DE,DE_LU,forecast_solar_generation,Solar,2026-08-05T11:47:58Z
2026-08-05T11:45:45Z,2026-08-05T13:45:45+0200,eaa53f57-a911-4834-9b60-40ab8a7aba1f,2026-07-25T04:45:00Z,2026-07-25T06:45:00+0200,5134.63163,MW,DE,DE_LU,forecast_solar_generation,Solar,2026-08-05T11:47:58Z
2026-08-05T11:45:45Z,2026-08-05T13:45:45+0200,eaa53f57-a911-4834-9b60-40ab8a7aba1f,2026-07-25T05:00:00Z,2026-07-25T07:00:00+0200,6998.80663,MW,DE,DE_LU,forecast_solar_generation,Solar,2026-08-05T11:47:58Z
2026-08-05T11:45:45Z,2026-08-05T13:45:45+0200,eaa53f57-a911-4834-9b60-40ab8a7aba1f,2026-07-25T05:15:00Z,2026-07-25T07:15:00+0200,9279.55109,MW,DE,DE_LU,forecast_solar_generation,Solar,2026-08-05T11:47:58Z
2026-08-05T11:45:45Z,2026-08-05T13:45:45+0200,eaa53f57-a911-4834-9b60-40ab8a7aba1f,2026-07-25T05:30:00Z,2026-07-25T07:30:00+0200,11984.31763,MW,DE,DE_LU,forecast_solar_generation,Solar,2026-08-05T11:47:58Z
2026-08-05T11:45:45Z,2026-08-05T13:45:45+0200,eaa53f57-a911-4834-9b60-40ab8a7aba1f,2026-07-25T05:45:00Z,2026-07-25T07:45:00+0200,14970.17374,MW,DE,DE_LU,forecast_solar_generation,Solar,2026-08-05T11:47:58Z
2026-08-05T11:45:45Z,2026-08-05T13:45:45+0200,eaa53f57-a911-4834-9b60-40ab8a7aba1f,2026-07-25T06:00:00Z,2026-07-25T08:00:00+0200,18123.28563,MW,DE,DE_LU,forecast_solar_generation,Solar,2026-08-05T11:47:58Z
2026-08-05T11:45:45Z,2026-08-05T13:45:45+0200,eaa53f57-a911-4834-9b60-40ab8a7aba1f,2026-07-25T06:15:00Z,2026-07-25T08:15:00+0200,21395.79513,MW,DE,DE_LU,forecast_solar_generation,Solar,2026-08-05T11:47:58Z
2026-08-05T11:45:45Z,2026-08-05T13:45:45+0200,eaa53f57-a911-4834-9b60-40ab8a7aba1f,2026-07-25T06:30:00Z,2026-07-25T08:30:00+0200,24693.41265,MW,DE,DE_LU,forecast_solar_generation,Solar,2026-08-05T11:47:58Z
2026-08-05T11:45:45Z,2026-08-05T13:45:45+0200,eaa53f57-a911-4834-9b60-40ab8a7aba1f,2026-07-25T06:45:00Z,2026-07-25T08:45:00+0200,27934.97669,MW,DE,DE_LU,forecast_solar_generation,Solar,2026-08-05T11:47:58Z
2026-08-05T11:45:45Z,2026-08-05T13:45:45+0200,eaa53f57-a911-4834-9b60-40ab8a7aba1f,2026-07-25T07:00:00Z,2026-07-25T09:00:00+0200,31030.87969,MW,DE,DE_LU,forecast_solar_generation,Solar,2026-08-05T11:47:58Z
2026-08-05T11:45:45Z,2026-08-05T13:45:45+0200,eaa53f57-a911-4834-9b60-40ab8a7aba1f,2026-07-25T07:15:00Z,2026-07-25T09:15:00+0200,34030.159,MW,DE,DE_LU,forecast_solar_generation,Solar,2026-08-05T11:47:58Z
2026-08-05T11:45:45Z,2026-08-05T13:45:45+0200,eaa53f57-a911-4834-9b60-40ab8a7aba1f,2026-07-25T07:30:00Z,2026-07-25T09:30:00+0200,36873.95004,MW,DE,DE_LU,forecast_solar_generation,Solar,2026-08-05T11:47:58Z
2026-08-05T11:45:45Z,2026-08-05T13:45:45+0200,eaa53f57-a911-4834-9b60-40ab8a7aba1f,2026-07-25T07:45:00Z,2026-07-25T09:45:00+0200,39471.23106,MW,DE,DE_LU,forecast_solar_generation,Solar,2026-08-05T11:47:58Z
2026-08-05T11:45:45Z,2026-08-05T13:45:45+0200,eaa53f57-a911-4834-9b60-40ab8a7aba1f,2026-07-25T08:00:00Z,2026-07-25T10:00:00+0200,41825.9496,MW,DE,DE_LU,forecast_solar_generation,Solar,2026-08-05T11:47:58Z
2026-08-05T11:45:45Z,2026-08-05T13:45:45+0200,eaa53f57-a911-4834-9b60-40ab8a7aba1f,2026-07-25T08:15:00Z,2026-07-25T10:15:00+0200,43929.69365,MW,DE,DE_LU,forecast_solar_generation,Solar,2026-08-05T11:47:58Z
2026-08-05T11:45:45Z,2026-08-05T13:45:45+0200,eaa53f57-a911-4834-9b60-40ab8a7aba1f,2026-07-25T08:30:00Z,2026-07-25T10:30:00+0200,45870.69678,MW,DE,DE_LU,forecast_solar_generation,Solar,2026-08-05T11:47:58Z
2026-08-05T11:45:45Z,2026-08-05T13:45:45+0200,eaa53f57-a911-4834-9b60-40ab8a7aba1f,2026-07-25T08:45:00Z,2026-07-25T10:45:00+0200,47640.01421,MW,DE,DE_LU,forecast_solar_generation,Solar,2026-08-05T11:47:58Z
2026-08-05T11:45:45Z,2026-08-05T13:45:45+0200,eaa53f57-a911-4834-9b60-40ab8a7aba1f,2026-07-25T09:00:00Z,2026-07-25T11:00:00+0200,49195.92473,MW,DE,DE_LU,forecast_solar_generation,Solar,2026-08-05T11:47:58Z
2026-08-05T11:45:45Z,2026-08-05T13:45:45+0200,eaa53f57-a911-4834-9b60-40ab8a7aba1f,2026-07-25T09:15:00Z,2026-07-25T11:15:00+0200,50650.44964,MW,DE,DE_LU,forecast_solar_generation,Solar,2026-08-05T11:47:58Z
2026-08-05T11:45:45Z,2026-08-05T13:45:45+0200,eaa53f57-a911-4834-9b60-40ab8a7aba1f,2026-07-25T09:30:00Z,2026-07-25T11:30:00+0200,51867.68007,MW,DE,DE_LU,forecast_solar_generation,Solar,2026-08-05T11:47:58Z
2026-08-05T11:45:45Z,2026-08-05T13:45:45+0200,eaa53f57-a911-4834-9b60-40ab8a7aba1f,2026-07-25T09:45:00Z,2026-07-25T11:45:00+0200,52882.71171,MW,DE,DE_LU,forecast_solar_generation,Solar,2026-08-05T11:47:58Z
2026-08-05T11:45:45Z,2026-08-05T13:45:45+0200,eaa53f57-a911-4834-9b60-40ab8a7aba1f,2026-07-25T10:00:00Z,2026-07-25T12:00:00+0200,53610.88635,MW,DE,DE_LU,forecast_solar_generation,Solar,2026-08-05T11:47:58Z
2026-08-05T11:45:45Z,2026-08-05T13:45:45+0200,eaa53f57-a911-4834-9b60-40ab8a7aba1f,2026-07-25T10:15:00Z,2026-07-25T12:15:00+0200,54074.29521,MW,DE,DE_LU,forecast_solar_generation,Solar,2026-08-05T11:47:58Z
2026-08-05T11:45:45Z,2026-08-05T13:45:45+0200,eaa53f57-a911-4834-9b60-40ab8a7aba1f,2026-07-25T10:30:00Z,2026-07-25T12:30:00+0200,54464.38779,MW,DE,DE_LU,forecast_solar_generation,Solar,2026-08-05T11:47:58Z
2026-08-05T11:45:45Z,2026-08-05T13:45:45+0200,eaa53f57-a911-4834-9b60-40ab8a7aba1f,2026-07-25T10:45:00Z,2026-07-25T12:45:00+0200,54614.10263,MW,DE,DE_LU,forecast_solar_generation,Solar,2026-08-05T11:47:58Z
2026-08-05T11:45:45Z,2026-08-05T13:45:45+0200,eaa53f57-a911-4834-9b60-40ab8a7aba1f,2026-07-25T11:00:00Z,2026-07-25T13:00:00+0200,54622.91011,MW,DE,DE_LU,forecast_solar_generation,Solar,2026-08-05T11:47:58Z
2026-08-05T11:45:45Z,2026-08-05T13:45:45+0200,eaa53f57-a911-4834-9b60-40ab8a7aba1f,2026-07-25T11:15:00Z,2026-07-25T13:15:00+0200,54457.44966,MW,DE,DE_LU,forecast_solar_generation,Solar,2026-08-05T11:47:58Z
2026-08-05T11:45:45Z,2026-08-05T13:45:45+0200,eaa53f57-a911-4834-9b60-40ab8a7aba1f,2026-07-25T11:30:00Z,2026-07-25T13:30:00+0200,54161.80173,MW,DE,DE_LU,forecast_solar_generation,Solar,2026-08-05T11:47:58Z
2026-08-05T11:45:45Z,2026-08-05T13:45:45+0200,eaa53f57-a911-4834-9b60-40ab8a7aba1f,2026-07-25T11:45:00Z,2026-07-25T13:45:00+0200,53632.0643,MW,DE,DE_LU,forecast_solar_generation,Solar,2026-08-05T11:47:58Z
2026-08-05T11:45:45Z,2026-08-05T13:45:45+0200,eaa53f57-a911-4834-9b60-40ab8a7aba1f,2026-07-25T12:00:00Z,2026-07-25T14:00:00+0200,52962.23368,MW,DE,DE_LU,forecast_solar_generation,Solar,2026-08-05T11:47:58Z
2026-08-05T11:45:45Z,2026-08-05T13:45:45+0200,eaa53f57-a911-4834-9b60-40ab8a7aba1f,2026-07-25T12:15:00Z,2026-07-25T14:15:00+0200,52091.91764,MW,DE,DE_LU,forecast_solar_generation,Solar,2026-08-05T11:47:58Z
2026-08-05T11:45:45Z,2026-08-05T13:45:45+0200,eaa53f57-a911-4834-9b60-40ab8a7aba1f,2026-07-25T12:30:00Z,2026-07-25T14:30:00+0200,51075.946,MW,DE,DE_LU,forecast_solar_generation,Solar,2026-08-05T11:47:58Z
2026-08-05T11:45:45Z,2026-08-05T13:45:45+0200,eaa53f57-a911-4834-9b60-40ab8a7aba1f,2026-07-25T12:45:00Z,2026-07-25T14:45:00+0200,49884.10441,MW,DE,DE_LU,forecast_solar_generation,Solar,2026-08-05T11:47:58Z
2026-08-05T11:45:45Z,2026-08-05T13:45:45+0200,eaa53f57-a911-4834-9b60-40ab8a7aba1f,2026-07-25T13:00:00Z,2026-07-25T15:00:00+0200,48556.33596,MW,DE,DE_LU,forecast_solar_generation,Solar,2026-08-05T11:47:58Z
2026-08-05T11:45:45Z,2026-08-05T13:45:45+0200,eaa53f57-a911-4834-9b60-40ab8a7aba1f,2026-07-25T13:15:00Z,2026-07-25T15:15:00+0200,47082.1419,MW,DE,DE_LU,forecast_solar_generation,Solar,2026-08-05T11:47:58Z
2026-08-05T11:45:45Z,2026-08-05T13:45:45+0200,eaa53f57-a911-4834-9b60-40ab8a7aba1f,2026-07-25T13:30:00Z,2026-07-25T15:30:00+0200,45418.87751,MW,DE,DE_LU,forecast_solar_generation,Solar,2026-08-05T11:47:58Z
2026-08-05T11:45:45Z,2026-08-05T13:45:45+0200,eaa53f57-a911-4834-9b60-40ab8a7aba1f,2026-07-25T13:45:00Z,2026-07-25T15:45:00+0200,43727.08838,MW,DE,DE_LU,forecast_solar_generation,Solar,2026-08-05T11:47:58Z
2026-08-05T11:45:45Z,2026-08-05T13:45:45+0200,eaa53f57-a911-4834-9b60-40ab8a7aba1f,2026-07-25T14:00:00Z,2026-07-25T16:00:00+0200,41895.21358,MW,DE,DE_LU,forecast_solar_generation,Solar,2026-08-05T11:47:58Z
2026-08-05T11:45:45Z,2026-08-05T13:45:45+0200,eaa53f57-a911-4834-9b60-40ab8a7aba1f,2026-07-25T14:15:00Z,2026-07-25T16:15:00+0200,39936.83195,MW,DE,DE_LU,forecast_solar_generation,Solar,2026-08-05T11:47:58Z
2026-08-05T11:45:45Z,2026-08-05T13:45:45+0200,eaa53f57-a911-4834-9b60-40ab8a7aba1f,2026-07-25T14:30:00Z,2026-07-25T16:30:00+0200,37817.81981,MW,DE,DE_LU,forecast_solar_generation,Solar,2026-08-05T11:47:58Z
2026-08-05T11:45:45Z,2026-08-05T13:45:45+0200,eaa53f57-a911-4834-9b60-40ab8a7aba1f,2026-07-25T14:45:00Z,2026-07-25T16:45:00+0200,35568.98961,MW,DE,DE_LU,forecast_solar_generation,Solar,2026-08-05T11:47:58Z
2026-08-05T11:45:45Z,2026-08-05T13:45:45+0200,eaa53f57-a911-4834-9b60-40ab8a7aba1f,2026-07-25T15:00:00Z,2026-07-25T17:00:00+0200,33114.75947,MW,DE,DE_LU,forecast_solar_generation,Solar,2026-08-05T11:47:58Z
2026-08-05T11:45:45Z,2026-08-05T13:45:45+0200,eaa53f57-a911-4834-9b60-40ab8a7aba1f,2026-07-25T15:15:00Z,2026-07-25T17:15:00+0200,30525.02738,MW,DE,DE_LU,forecast_solar_generation,Solar,2026-08-05T11:47:58Z
2026-08-05T11:45:45Z,2026-08-05T13:45:45+0200,eaa53f57-a911-4834-9b60-40ab8a7aba1f,2026-07-25T15:30:00Z,2026-07-25T17:30:00+0200,27801.44292,MW,DE,DE_LU,forecast_solar_generation,Solar,2026-08-05T11:47:58Z
2026-08-05T11:45:45Z,2026-08-05T13:45:45+0200,eaa53f57-a911-4834-9b60-40ab8a7aba1f,2026-07-25T15:45:00Z,2026-07-25T17:45:00+0200,25023.87883,MW,DE,DE_LU,forecast_solar_generation,Solar,2026-08-05T11:47:58Z
2026-08-05T11:45:45Z,2026-08-05T13:45:45+0200,eaa53f57-a911-4834-9b60-40ab8a7aba1f,2026-07-25T16:00:00Z,2026-07-25T18:00:00+0200,22166.64564,MW,DE,DE_LU,forecast_solar_generation,Solar,2026-08-05T11:47:58Z
2026-08-05T11:45:45Z,2026-08-05T13:45:45+0200,eaa53f57-a911-4834-9b60-40ab8a7aba1f,2026-07-25T16:15:00Z,2026-07-25T18:15:00+0200,19242.32141,MW,DE,DE_LU,forecast_solar_generation,Solar,2026-08-05T11:47:58Z
2026-08-05T11:45:45Z,2026-08-05T13:45:45+0200,eaa53f57-a911-4834-9b60-40ab8a7aba1f,2026-07-25T16:30:00Z,2026-07-25T18:30:00+0200,16325.23625,MW,DE,DE_LU,forecast_solar_generation,Solar,2026-08-05T11:47:58Z
2026-08-05T11:45:45Z,2026-08-05T13:45:45+0200,eaa53f57-a911-4834-9b60-40ab8a7aba1f,2026-07-25T16:45:00Z,2026-07-25T18:45:00+0200,13513.4296,MW,DE,DE_LU,forecast_solar_generation,Solar,2026-08-05T11:47:58Z
2026-08-05T11:45:45Z,2026-08-05T13:45:45+0200,eaa53f57-a911-4834-9b60-40ab8a7aba1f,2026-07-25T17:00:00Z,2026-07-25T19:00:00+0200,10872.54488,MW,DE,DE_LU,forecast_solar_generation,Solar,2026-08-05T11:47:58Z
2026-08-05T11:45:45Z,2026-08-05T13:45:45+0200,eaa53f57-a911-4834-9b60-40ab8a7aba1f,2026-07-25T17:15:00Z,2026-07-25T19:15:00+0200,8471.06479,MW,DE,DE_LU,forecast_solar_generation,Solar,2026-08-05T11:47:58Z
2026-08-05T11:45:45Z,2026-08-05T13:45:45+0200,eaa53f57-a911-4834-9b60-40ab8a7aba1f,2026-07-25T17:30:00Z,2026-07-25T19:30:00+0200,6407.3331,MW,DE,DE_LU,forecast_solar_generation,Solar,2026-08-05T11:47:58Z
2026-08-05T11:45:45Z,2026-08-05T13:45:45+0200,eaa53f57-a911-4834-9b60-40ab8a7aba1f,2026-07-25T17:45:00Z,2026-07-25T19:45:00+0200,4720.14554,MW,DE,DE_LU,forecast_solar_generation,Solar,2026-08-05T11:47:58Z
2026-08-05T11:45:45Z,2026-08-05T13:45:45+0200,eaa53f57-a911-4834-9b60-40ab8a7aba1f,2026-07-25T18:00:00Z,2026-07-25T20:00:00+0200,3361.46234,MW,DE,DE_LU,forecast_solar_generation,Solar,2026-08-05T11:47:58Z
2026-08-05T11:45:45Z,2026-08-05T13:45:45+0200,eaa53f57-a911-4834-9b60-40ab8a7aba1f,2026-07-25T18:15:00Z,2026-07-25T20:15:00+0200,2234.88666,MW,DE,DE_LU,forecast_solar_generation,Solar,2026-08-05T11:47:58Z
2026-08-05T11:45:45Z,2026-08-05T13:45:45+0200,eaa53f57-a911-4834-9b60-40ab8a7aba1f,2026-07-25T18:30:00Z,2026-07-25T20:30:00+0200,1306.12974,MW,DE,DE_LU,forecast_solar_generation,Solar,2026-08-05T11:47:58Z
2026-08-05T11:45:45Z,2026-08-05T13:45:45+0200,eaa53f57-a911-4834-9b60-40ab8a7aba1f,2026-07-25T18:45:00Z,2026-07-25T20:45:00+0200,594.7467,MW,DE,DE_LU,forecast_solar_generation,Solar,2026-08-05T11:47:58Z
2026-08-05T11:45:45Z,2026-08-05T13:45:45+0200,eaa53f57-a911-4834-9b60-40ab8a7aba1f,2026-07-25T19:00:00Z,2026-07-25T21:00:00+0200,183.36596,MW,DE,DE_LU,forecast_solar_generation,Solar,2026-08-05T11:47:58Z
2026-08-05T11:45:45Z,2026-08-05T13:45:45+0200,eaa53f57-a911-4834-9b60-40ab8a7aba1f,2026-07-25T19:15:00Z,2026-07-25T21:15:00+0200,48.34552,MW,DE,DE_LU,forecast_solar_generation,Solar,2026-08-05T11:47:58Z
2026-08-05T11:45:45Z,2026-08-05T13:45:45+0200,eaa53f57-a911-4834-9b60-40ab8a7aba1f,2026-07-25T19:30:00Z,2026-07-25T21:30:00+0200,16.70352,MW,DE,DE_LU,forecast_solar_generation,Solar,2026-08-05T11:47:58Z
2026-08-05T11:45:45Z,2026-08-05T13:45:45+0200,eaa53f57-a911-4834-9b60-40ab8a7aba1f,2026-07-25T19:45:00Z,2026-07-25T21:45:00+0200,0.0,MW,DE,DE_LU,forecast_solar_generation,Solar,2026-08-05T11:47:58Z
2026-08-05T11:45:45Z,2026-08-05T13:45:45+0200,eaa53f57-a911-4834-9b60-40ab8a7aba1f,2026-07-25T20:00:00Z,2026-07-25T22:00:00+0200,0.0,MW,DE,DE_LU,forecast_solar_generation,Solar,2026-08-05T11:47:58Z
2026-08-05T11:45:45Z,2026-08-05T13:45:45+0200,eaa53f57-a911-4834-9b60-40ab8a7aba1f,2026-07-25T20:15:00Z,2026-07-25T22:15:00+0200,0.0,MW,DE,DE_LU,forecast_solar_generation,Solar,2026-08-05T11:47:58Z
2026-08-05T11:45:45Z,2026-08-05T13:45:45+0200,eaa53f57-a911-4834-9b60-40ab8a7aba1f,2026-07-25T20:30:00Z,2026-07-25T22:30:00+0200,0.0,MW,DE,DE_LU,forecast_solar_generation,Solar,2026-08-05T11:47:58Z
2026-08-05T11:45:45Z,2026-08-05T13:45:45+0200,eaa53f57-a911-4834-9b60-40ab8a7aba1f,2026-07-25T20:45:00Z,2026-07-25T22:45:00+0200,0.0,MW,DE,DE_LU,forecast_solar_generation,Solar,2026-08-05T11:47:58Z
2026-08-05T11:45:45Z,2026-08-05T13:45:45+0200,eaa53f57-a911-4834-9b60-40ab8a7aba1f,2026-07-25T21:00:00Z,2026-07-25T23:00:00+0200,0.0,MW,DE,DE_LU,forecast_solar_generation,Solar,2026-08-05T11:47:58Z
2026-08-05T11:45:45Z,2026-08-05T13:45:45+0200,eaa53f57-a911-4834-9b60-40ab8a7aba1f,2026-07-25T21:15:00Z,2026-07-25T23:15:00+0200,0.0,MW,DE,DE_LU,forecast_solar_generation,Solar,2026-08-05T11:47:58Z
2026-08-05T11:45:45Z,2026-08-05T13:45:45+0200,eaa53f57-a911-4834-9b60-40ab8a7aba1f,2026-07-25T21:30:00Z,2026-07-25T23:30:00+0200,0.0,MW,DE,DE_LU,forecast_solar_generation,Solar,2026-08-05T11:47:58Z
2026-08-05T11:45:45Z,2026-08-05T13:45:45+0200,eaa53f57-a911-4834-9b60-40ab8a7aba1f,2026-07-25T21:45:00Z,2026-07-25T23:45:00+0200,0.0,MW,DE,DE_LU,forecast_solar_generation,Solar,2026-08-05T11:47:58Z
2026-08-05T11:45:45Z,2026-08-05T13:45:45+0200,eaa53f57-a911-4834-9b60-40ab8a7aba1f,2026-07-25T22:00:00Z,2026-07-26T00:00:00+0200,0.0,MW,DE,DE_LU,forecast_solar_generation,Solar,2026-08-05T11:47:58Z
2026-08-05T11:45:45Z,2026-08-05T13:45:45+0200,eaa53f57-a911-4834-9b60-40ab8a7aba1f,2026-07-25T22:15:00Z,2026-07-26T00:15:00+0200,0.0,MW,DE,DE_LU,forecast_solar_generation,Solar,2026-08-05T11:47:58Z
2026-08-05T11:45:45Z,2026-08-05T13:45:45+0200,eaa53f57-a911-4834-9b60-40ab8a7aba1f,2026-07-25T22:30:00Z,2026-07-26T00:30:00+0200,0.0,MW,DE,DE_LU,forecast_solar_generation,Solar,2026-08-05T11:47:58Z
2026-08-05T11:45:45Z,2026-08-05T13:45:45+0200,eaa53f57-a911-4834-9b60-40ab8a7aba1f,2026-07-25T22:45:00Z,2026-07-26T00:45:00+0200,0.0,MW,DE,DE_LU,forecast_solar_generation,Solar,2026-08-05T11:47:58Z
2026-08-05T11:45:45Z,2026-08-05T13:45:45+0200,eaa53f57-a911-4834-9b60-40ab8a7aba1f,2026-07-25T23:00:00Z,2026-07-26T01:00:00+0200,0.0,MW,DE,DE_LU,forecast_solar_generation,Solar,2026-08-05T11:47:58Z
2026-08-05T11:45:45Z,2026-08-05T13:45:45+0200,eaa53f57-a911-4834-9b60-40ab8a7aba1f,2026-07-25T23:15:00Z,2026-07-26T01:15:00+0200,0.0,MW,DE,DE_LU,forecast_solar_generation,Solar,2026-08-05T11:47:58Z
2026-08-05T11:45:45Z,2026-08-05T13:45:45+0200,eaa53f57-a911-4834-9b60-40ab8a7aba1f,2026-07-25T23:30:00Z,2026-07-26T01:30:00+0200,0.0,MW,DE,DE_LU,forecast_solar_generation,Solar,2026-08-05T11:47:58Z
2026-08-05T11:45:45Z,2026-08-05T13:45:45+0200,eaa53f57-a911-4834-9b60-40ab8a7aba1f,2026-07-25T23:45:00Z,2026-07-26T01:45:00+0200,0.0,MW,DE,DE_LU,forecast_solar_generation,Solar,2026-08-05T11:47:58Z
2026-08-05T11:45:45Z,2026-08-05T13:45:45+0200,eaa53f57-a911-4834-9b60-40ab8a7aba1f,2026-07-26T00:00:00Z,2026-07-26T02:00:00+0200,0.0,MW,DE,DE_LU,forecast_solar_generation,Solar,2026-08-05T11:47:58Z
2026-08-05T11:45:45Z,2026-08-05T13:45:45+0200,eaa53f57-a911-4834-9b60-40ab8a7aba1f,2026-07-26T00:15:00Z,2026-07-26T02:15:00+0200,0.0,MW,DE,DE_LU,forecast_solar_generation,Solar,2026-08-05T11:47:58Z
2026-08-05T11:45:45Z,2026-08-05T13:45:45+0200,eaa53f57-a911-4834-9b60-40ab8a7aba1f,2026-07-26T00:30:00Z,2026-07-26T02:30:00+0200,0.0,MW,DE,DE_LU,forecast_solar_generation,Solar,2026-08-05T11:47:58Z
2026-08-05T11:45:45Z,2026-08-05T13:45:45+0200,eaa53f57-a911-4834-9b60-40ab8a7aba1f,2026-07-26T00:45:00Z,2026-07-26T02:45:00+0200,0.0,MW,DE,DE_LU,forecast_solar_generation,Solar,2026-08-05T11:47:58Z
2026-08-05T11:45:45Z,2026-08-05T13:45:45+0200,eaa53f57-a911-4834-9b60-40ab8a7aba1f,2026-07-26T01:00:00Z,2026-07-26T03:00:00+0200,0.0,MW,DE,DE_LU,forecast_solar_generation,Solar,2026-08-05T11:47:58Z
2026-08-05T11:45:45Z,2026-08-05T13:45:45+0200,eaa53f57-a911-4834-9b60-40ab8a7aba1f,2026-07-26T01:15:00Z,2026-07-26T03:15:00+0200,0.0,MW,DE,DE_LU,forecast_solar_generation,Solar,2026-08-05T11:47:58Z
2026-08-05T11:45:45Z,2026-08-05T13:45:45+0200,eaa53f57-a911-4834-9b60-40ab8a7aba1f,2026-07-26T01:30:00Z,2026-07-26T03:30:00+0200,0.0,MW,DE,DE_LU,forecast_solar_generation,Solar,2026-08-05T11:47:58Z
2026-08-05T11:45:45Z,2026-08-05T13:45:45+0200,eaa53f57-a911-4834-9b60-40ab8a7aba1f,2026-07-26T01:45:00Z,2026-07-26T03:45:00+0200,0.0,MW,DE,DE_LU,forecast_solar_generation,Solar,2026-08-05T11:47:58Z
2026-08-05T11:45:45Z,2026-08-05T13:45:45+0200,eaa53f57-a911-4834-9b60-40ab8a7aba1f,2026-07-26T02:00:00Z,2026-07-26T04:00:00+0200,0.0,MW,DE,DE_LU,forecast_solar_generation,Solar,2026-08-05T11:47:58Z
2026-08-05T11:45:45Z,2026-08-05T13:45:45+0200,eaa53f57-a911-4834-9b60-40ab8a7aba1f,2026-07-26T02:15:00Z,2026-07-26T04:15:00+0200,0.0,MW,DE,DE_LU,forecast_solar_generation,Solar,2026-08-05T11:47:58Z
2026-08-05T11:45:45Z,2026-08-05T13:45:45+0200,eaa53f57-a911-4834-9b60-40ab8a7aba1f,2026-07-26T02:30:00Z,2026-07-26T04:30:00+0200,0.0,MW,DE,DE_LU,forecast_solar_generation,Solar,2026-08-05T11:47:58Z
2026-08-05T11:45:45Z,2026-08-05T13:45:45+0200,eaa53f57-a911-4834-9b60-40ab8a7aba1f,2026-07-26T02:45:00Z,2026-07-26T04:45:00+0200,0.0,MW,DE,DE_LU,forecast_solar_generation,Solar,2026-08-05T11:47:58Z
2026-08-05T11:45:45Z,2026-08-05T13:45:45+0200,eaa53f57-a911-4834-9b60-40ab8a7aba1f,2026-07-26T03:00:00Z,2026-07-26T05:00:00+0200,0.31,MW,DE,DE_LU,forecast_solar_generation,Solar,2026-08-05T11:47:58Z
2026-08-05T11:45:45Z,2026-08-05T13:45:45+0200,eaa53f57-a911-4834-9b60-40ab8a7aba1f,2026-07-26T03:15:00Z,2026-07-26T05:15:00+0200,19.39724,MW,DE,DE_LU,forecast_solar_generation,Solar,2026-08-05T11:47:58Z
2026-08-05T11:45:45Z,2026-08-05T13:45:45+0200,eaa53f57-a911-4834-9b60-40ab8a7aba1f,2026-07-26T03:30:00Z,2026-07-26T05:30:00+0200,103.91367,MW,DE,DE_LU,forecast_solar_generation,Solar,2026-08-05T11:47:58Z
2026-08-05T11:45:45Z,2026-08-05T13:45:45+0200,eaa53f57-a911-4834-9b60-40ab8a7aba1f,2026-07-26T03:45:00Z,2026-07-26T05:45:00+0200,355.8219,MW,DE,DE_LU,forecast_solar_generation,Solar,2026-08-05T11:47:58Z
2026-08-05T11:45:45Z,2026-08-05T13:45:45+0200,eaa53f57-a911-4834-9b60-40ab8a7aba1f,2026-07-26T04:00:00Z,2026-07-26T06:00:00+0200,883.74528,MW,DE,DE_LU,forecast_solar_generation,Solar,2026-08-05T11:47:58Z
2026-08-05T11:45:45Z,2026-08-05T13:45:45+0200,eaa53f57-a911-4834-9b60-40ab8a7aba1f,2026-07-26T04:15:00Z,2026-07-26T06:15:00+0200,1681.76778,MW,DE,DE_LU,forecast_solar_generation,Solar,2026-08-05T11:47:58Z
2026-08-05T11:45:45Z,2026-08-05T13:45:45+0200,eaa53f57-a911-4834-9b60-40ab8a7aba1f,2026-07-26T04:30:00Z,2026-07-26T06:30:00+0200,2696.49359,MW,DE,DE_LU,forecast_solar_generation,Solar,2026-08-05T11:47:58Z
2026-08-05T11:45:45Z,2026-08-05T13:45:45+0200,eaa53f57-a911-4834-9b60-40ab8a7aba1f,2026-07-26T04:45:00Z,2026-07-26T06:45:00+0200,3920.48826,MW,DE,DE_LU,forecast_solar_generation,Solar,2026-08-05T11:47:58Z
2026-08-05T11:45:45Z,2026-08-05T13:45:45+0200,eaa53f57-a911-4834-9b60-40ab8a7aba1f,2026-07-26T05:00:00Z,2026-07-26T07:00:00+0200,5388.79907,MW,DE,DE_LU,forecast_solar_generation,Solar,2026-08-05T11:47:58Z
2026-08-05T11:45:45Z,2026-08-05T13:45:45+0200,eaa53f57-a911-4834-9b60-40ab8a7aba1f,2026-07-26T05:15:00Z,2026-07-26T07:15:00+0200,7146.37532,MW,DE,DE_LU,forecast_solar_generation,Solar,2026-08-05T11:47:58Z
2026-08-05T11:45:45Z,2026-08-05T13:45:45+0200,eaa53f57-a911-4834-9b60-40ab8a7aba1f,2026-07-26T05:30:00Z,2026-07-26T07:30:00+0200,9122.65346,MW,DE,DE_LU,forecast_solar_generation,Solar,2026-08-05T11:47:58Z
2026-08-05T11:45:45Z,2026-08-05T13:45:45+0200,eaa53f57-a911-4834-9b60-40ab8a7aba1f,2026-07-26T05:45:00Z,2026-07-26T07:45:00+0200,11283.9607,MW,DE,DE_LU,forecast_solar_generation,Solar,2026-08-05T11:47:58Z
2026-08-05T11:45:45Z,2026-08-05T13:45:45+0200,eaa53f57-a911-4834-9b60-40ab8a7aba1f,2026-07-26T06:00:00Z,2026-07-26T08:00:00+0200,13519.39205,MW,DE,DE_LU,forecast_solar_generation,Solar,2026-08-05T11:47:58Z
2026-08-05T11:45:45Z,2026-08-05T13:45:45+0200,eaa53f57-a911-4834-9b60-40ab8a7aba1f,2026-07-26T06:15:00Z,2026-07-26T08:15:00+0200,15834.90481,MW,DE,DE_LU,forecast_solar_generation,Solar,2026-08-05T11:47:58Z
2026-08-05T11:45:45Z,2026-08-05T13:45:45+0200,eaa53f57-a911-4834-9b60-40ab8a7aba1f,2026-07-26T06:30:00Z,2026-07-26T08:30:00+0200,18180.8181,MW,DE,DE_LU,forecast_solar_generation,Solar,2026-08-05T11:47:58Z
2026-08-05T11:45:45Z,2026-08-05T13:45:45+0200,eaa53f57-a911-4834-9b60-40ab8a7aba1f,2026-07-26T06:45:00Z,2026-07-26T08:45:00+0200,20494.12252,MW,DE,DE_LU,forecast_solar_generation,Solar,2026-08-05T11:47:58Z
2026-08-05T11:45:45Z,2026-08-05T13:45:45+0200,eaa53f57-a911-4834-9b60-40ab8a7aba1f,2026-07-26T07:00:00Z,2026-07-26T09:00:00+0200,22724.44043,MW,DE,DE_LU,forecast_solar_generation,Solar,2026-08-05T11:47:58Z
2026-08-05T11:45:45Z,2026-08-05T13:45:45+0200,eaa53f57-a911-4834-9b60-40ab8a7aba1f,2026-07-26T07:15:00Z,2026-07-26T09:15:00+0200,24881.36981,MW,DE,DE_LU,forecast_solar_generation,Solar,2026-08-05T11:47:58Z
2026-08-05T11:45:45Z,2026-08-05T13:45:45+0200,eaa53f57-a911-4834-9b60-40ab8a7aba1f,2026-07-26T07:30:00Z,2026-07-26T09:30:00+0200,26913.21179,MW,DE,DE_LU,forecast_solar_generation,Solar,2026-08-05T11:47:58Z
2026-08-05T11:45:45Z,2026-08-05T13:45:45+0200,eaa53f57-a911-4834-9b60-40ab8a7aba1f,2026-07-26T07:45:00Z,2026-07-26T09:45:00+0200,28781.18222,MW,DE,DE_LU,forecast_solar_generation,Solar,2026-08-05T11:47:58Z
2026-08-05T11:45:45Z,2026-08-05T13:45:45+0200,eaa53f57-a911-4834-9b60-40ab8a7aba1f,2026-07-26T08:00:00Z,2026-07-26T10:00:00+0200,30455.89861,MW,DE,DE_LU,forecast_solar_generation,Solar,2026-08-05T11:47:58Z
2026-08-05T11:45:45Z,2026-08-05T13:45:45+0200,eaa53f57-a911-4834-9b60-40ab8a7aba1f,2026-07-26T08:15:00Z,2026-07-26T10:15:00+0200,31931.42238,MW,DE,DE_LU,forecast_solar_generation,Solar,2026-08-05T11:47:58Z
2026-08-05T11:45:45Z,2026-08-05T13:45:45+0200,eaa53f57-a911-4834-9b60-40ab8a7aba1f,2026-07-26T08:30:00Z,2026-07-26T10:30:00+0200,33144.93372,MW,DE,DE_LU,forecast_solar_generation,Solar,2026-08-05T11:47:58Z
2026-08-05T11:45:45Z,2026-08-05T13:45:45+0200,eaa53f57-a911-4834-9b60-40ab8a7aba1f,2026-07-26T08:45:00Z,2026-07-26T10:45:00+0200,34286.09176,MW,DE,DE_LU,forecast_solar_generation,Solar,2026-08-05T11:47:58Z
2026-08-05T11:45:45Z,2026-08-05T13:45:45+0200,eaa53f57-a911-4834-9b60-40ab8a7aba1f,2026-07-26T09:00:00Z,2026-07-26T11:00:00+0200,35197.40552,MW,DE,DE_LU,forecast_solar_generation,Solar,2026-08-05T11:47:58Z
2026-08-05T11:45:45Z,2026-08-05T13:45:45+0200,eaa53f57-a911-4834-9b60-40ab8a7aba1f,2026-07-26T09:15:00Z,2026-07-26T11:15:00+0200,36006.14605,MW,DE,DE_LU,forecast_solar_generation,Solar,2026-08-05T11:47:58Z
2026-08-05T11:45:45Z,2026-08-05T13:45:45+0200,eaa53f57-a911-4834-9b60-40ab8a7aba1f,2026-07-26T09:30:00Z,2026-07-26T11:30:00+0200,36589.54141,MW,DE,DE_LU,forecast_solar_generation,Solar,2026-08-05T11:47:58Z
2026-08-05T11:45:45Z,2026-08-05T13:45:45+0200,eaa53f57-a911-4834-9b60-40ab8a7aba1f,2026-07-26T09:45:00Z,2026-07-26T11:45:00+0200,37003.30325,MW,DE,DE_LU,forecast_solar_generation,Solar,2026-08-05T11:47:58Z
2026-08-05T11:45:45Z,2026-08-05T13:45:45+0200,eaa53f57-a911-4834-9b60-40ab8a7aba1f,2026-07-26T10:00:00Z,2026-07-26T12:00:00+0200,37207.61468,MW,DE,DE_LU,forecast_solar_generation,Solar,2026-08-05T11:47:58Z
2026-08-05T11:45:45Z,2026-08-05T13:45:45+0200,eaa53f57-a911-4834-9b60-40ab8a7aba1f,2026-07-26T10:15:00Z,2026-07-26T12:15:00+0200,37332.27823,MW,DE,DE_LU,forecast_solar_generation,Solar,2026-08-05T11:47:58Z
2026-08-05T11:45:45Z,2026-08-05T13:45:45+0200,eaa53f57-a911-4834-9b60-40ab8a7aba1f,2026-07-26T10:30:00Z,2026-07-26T12:30:00+0200,37415.28696,MW,DE,DE_LU,forecast_solar_generation,Solar,2026-08-05T11:47:58Z
2026-08-05T11:45:45Z,2026-08-05T13:45:45+0200,eaa53f57-a911-4834-9b60-40ab8a7aba1f,2026-07-26T10:45:00Z,2026-07-26T12:45:00+0200,37300.02924,MW,DE,DE_LU,forecast_solar_generation,Solar,2026-08-05T11:47:58Z
2026-08-05T11:45:45Z,2026-08-05T13:45:45+0200,eaa53f57-a911-4834-9b60-40ab8a7aba1f,2026-07-26T11:00:00Z,2026-07-26T13:00:00+0200,37036.07557,MW,DE,DE_LU,forecast_solar_generation,Solar,2026-08-05T11:47:58Z
2026-08-05T11:45:45Z,2026-08-05T13:45:45+0200,eaa53f57-a911-4834-9b60-40ab8a7aba1f,2026-07-26T11:15:00Z,2026-07-26T13:15:00+0200,36638.81446,MW,DE,DE_LU,forecast_solar_generation,Solar,2026-08-05T11:47:58Z
2026-08-05T11:45:45Z,2026-08-05T13:45:45+0200,eaa53f57-a911-4834-9b60-40ab8a7aba1f,2026-07-26T11:30:00Z,2026-07-26T13:30:00+0200,36180.68036,MW,DE,DE_LU,forecast_solar_generation,Solar,2026-08-05T11:47:58Z
2026-08-05T11:45:45Z,2026-08-05T13:45:45+0200,eaa53f57-a911-4834-9b60-40ab8a7aba1f,2026-07-26T11:45:00Z,2026-07-26T13:45:00+0200,35581.89612,MW,DE,DE_LU,forecast_solar_generation,Solar,2026-08-05T11:47:58Z
2026-08-05T11:45:45Z,2026-08-05T13:45:45+0200,eaa53f57-a911-4834-9b60-40ab8a7aba1f,2026-07-26T12:00:00Z,2026-07-26T14:00:00+0200,34978.06242,MW,DE,DE_LU,forecast_solar_generation,Solar,2026-08-05T11:47:58Z
2026-08-05T11:45:45Z,2026-08-05T13:45:45+0200,eaa53f57-a911-4834-9b60-40ab8a7aba1f,2026-07-26T12:15:00Z,2026-07-26T14:15:00+0200,34251.97343,MW,DE,DE_LU,forecast_solar_generation,Solar,2026-08-05T11:47:58Z
2026-08-05T11:45:45Z,2026-08-05T13:45:45+0200,eaa53f57-a911-4834-9b60-40ab8a7aba1f,2026-07-26T12:30:00Z,2026-07-26T14:30:00+0200,33491.70016,MW,DE,DE_LU,forecast_solar_generation,Solar,2026-08-05T11:47:58Z
2026-08-05T11:45:45Z,2026-08-05T13:45:45+0200,eaa53f57-a911-4834-9b60-40ab8a7aba1f,2026-07-26T12:45:00Z,2026-07-26T14:45:00+0200,32683.28075,MW,DE,DE_LU,forecast_solar_generation,Solar,2026-08-05T11:47:58Z
2026-08-05T11:45:45Z,2026-08-05T13:45:45+0200,eaa53f57-a911-4834-9b60-40ab8a7aba1f,2026-07-26T13:00:00Z,2026-07-26T15:00:00+0200,31778.71011,MW,DE,DE_LU,forecast_solar_generation,Solar,2026-08-05T11:47:58Z
2026-08-05T11:45:45Z,2026-08-05T13:45:45+0200,eaa53f57-a911-4834-9b60-40ab8a7aba1f,2026-07-26T13:15:00Z,2026-07-26T15:15:00+0200,30717.30982,MW,DE,DE_LU,forecast_solar_generation,Solar,2026-08-05T11:47:58Z
2026-08-05T11:45:45Z,2026-08-05T13:45:45+0200,eaa53f57-a911-4834-9b60-40ab8a7aba1f,2026-07-26T13:30:00Z,2026-07-26T15:30:00+0200,29620.20438,MW,DE,DE_LU,forecast_solar_generation,Solar,2026-08-05T11:47:58Z
2026-08-05T11:45:45Z,2026-08-05T13:45:45+0200,eaa53f57-a911-4834-9b60-40ab8a7aba1f,2026-07-26T13:45:00Z,2026-07-26T15:45:00+0200,28455.8329,MW,DE,DE_LU,forecast_solar_generation,Solar,2026-08-05T11:47:58Z
2026-08-05T11:45:45Z,2026-08-05T13:45:45+0200,eaa53f57-a911-4834-9b60-40ab8a7aba1f,2026-07-26T14:00:00Z,2026-07-26T16:00:00+0200,27146.4186,MW,DE,DE_LU,forecast_solar_generation,Solar,2026-08-05T11:47:58Z
2026-08-05T11:45:45Z,2026-08-05T13:45:45+0200,eaa53f57-a911-4834-9b60-40ab8a7aba1f,2026-07-26T14:15:00Z,2026-07-26T16:15:00+0200,25797.81092,MW,DE,DE_LU,forecast_solar_generation,Solar,2026-08-05T11:47:58Z
2026-08-05T11:45:45Z,2026-08-05T13:45:45+0200,eaa53f57-a911-4834-9b60-40ab8a7aba1f,2026-07-26T14:30:00Z,2026-07-26T16:30:00+0200,24338.24134,MW,DE,DE_LU,forecast_solar_generation,Solar,2026-08-05T11:47:58Z
2026-08-05T11:45:45Z,2026-08-05T13:45:45+0200,eaa53f57-a911-4834-9b60-40ab8a7aba1f,2026-07-26T14:45:00Z,2026-07-26T16:45:00+0200,22817.57415,MW,DE,DE_LU,forecast_solar_generation,Solar,2026-08-05T11:47:58Z
2026-08-05T11:45:45Z,2026-08-05T13:45:45+0200,eaa53f57-a911-4834-9b60-40ab8a7aba1f,2026-07-26T15:00:00Z,2026-07-26T17:00:00+0200,21223.46118,MW,DE,DE_LU,forecast_solar_generation,Solar,2026-08-05T11:47:58Z
2026-08-05T11:45:45Z,2026-08-05T13:45:45+0200,eaa53f57-a911-4834-9b60-40ab8a7aba1f,2026-07-26T15:15:00Z,2026-07-26T17:15:00+0200,19569.32769,MW,DE,DE_LU,forecast_solar_generation,Solar,2026-08-05T11:47:58Z
2026-08-05T11:45:45Z,2026-08-05T13:45:45+0200,eaa53f57-a911-4834-9b60-40ab8a7aba1f,2026-07-26T15:30:00Z,2026-07-26T17:30:00+0200,17899.85011,MW,DE,DE_LU,forecast_solar_generation,Solar,2026-08-05T11:47:58Z
2026-08-05T11:45:45Z,2026-08-05T13:45:45+0200,eaa53f57-a911-4834-9b60-40ab8a7aba1f,2026-07-26T15:45:00Z,2026-07-26T17:45:00+0200,16187.33491,MW,DE,DE_LU,forecast_solar_generation,Solar,2026-08-05T11:47:58Z
2026-08-05T11:45:45Z,2026-08-05T13:45:45+0200,eaa53f57-a911-4834-9b60-40ab8a7aba1f,2026-07-26T16:00:00Z,2026-07-26T18:00:00+0200,14449.96559,MW,DE,DE_LU,forecast_solar_generation,Solar,2026-08-05T11:47:58Z
2026-08-05T11:45:45Z,2026-08-05T13:45:45+0200,eaa53f57-a911-4834-9b60-40ab8a7aba1f,2026-07-26T16:15:00Z,2026-07-26T18:15:00+0200,12678.75431,MW,DE,DE_LU,forecast_solar_generation,Solar,2026-08-05T11:47:58Z
2026-08-05T11:45:45Z,2026-08-05T13:45:45+0200,eaa53f57-a911-4834-9b60-40ab8a7aba1f,2026-07-26T16:30:00Z,2026-07-26T18:30:00+0200,10879.6673,MW,DE,DE_LU,forecast_solar_generation,Solar,2026-08-05T11:47:58Z
2026-08-05T11:45:45Z,2026-08-05T13:45:45+0200,eaa53f57-a911-4834-9b60-40ab8a7aba1f,2026-07-26T16:45:00Z,2026-07-26T18:45:00+0200,9196.82052,MW,DE,DE_LU,forecast_solar_generation,Solar,2026-08-05T11:47:58Z
2026-08-05T11:45:45Z,2026-08-05T13:45:45+0200,eaa53f57-a911-4834-9b60-40ab8a7aba1f,2026-07-26T17:00:00Z,2026-07-26T19:00:00+0200,7558.92913,MW,DE,DE_LU,forecast_solar_generation,Solar,2026-08-05T11:47:58Z
2026-08-05T11:45:45Z,2026-08-05T13:45:45+0200,eaa53f57-a911-4834-9b60-40ab8a7aba1f,2026-07-26T17:15:00Z,2026-07-26T19:15:00+0200,6014.36394,MW,DE,DE_LU,forecast_solar_generation,Solar,2026-08-05T11:47:58Z
2026-08-05T11:45:45Z,2026-08-05T13:45:45+0200,eaa53f57-a911-4834-9b60-40ab8a7aba1f,2026-07-26T17:30:00Z,2026-07-26T19:30:00+0200,4600.23881,MW,DE,DE_LU,forecast_solar_generation,Solar,2026-08-05T11:47:58Z
2026-08-05T11:45:45Z,2026-08-05T13:45:45+0200,eaa53f57-a911-4834-9b60-40ab8a7aba1f,2026-07-26T17:45:00Z,2026-07-26T19:45:00+0200,3376.68546,MW,DE,DE_LU,forecast_solar_generation,Solar,2026-08-05T11:47:58Z
2026-08-05T11:45:45Z,2026-08-05T13:45:45+0200,eaa53f57-a911-4834-9b60-40ab8a7aba1f,2026-07-26T18:00:00Z,2026-07-26T20:00:00+0200,2340.51226,MW,DE,DE_LU,forecast_solar_generation,Solar,2026-08-05T11:47:58Z
2026-08-05T11:45:45Z,2026-08-05T13:45:45+0200,eaa53f57-a911-4834-9b60-40ab8a7aba1f,2026-07-26T18:15:00Z,2026-07-26T20:15:00+0200,1497.81066,MW,DE,DE_LU,forecast_solar_generation,Solar,2026-08-05T11:47:58Z
2026-08-05T11:45:45Z,2026-08-05T13:45:45+0200,eaa53f57-a911-4834-9b60-40ab8a7aba1f,2026-07-26T18:30:00Z,2026-07-26T20:30:00+0200,845.69159,MW,DE,DE_LU,forecast_solar_generation,Solar,2026-08-05T11:47:58Z
2026-08-05T11:45:45Z,2026-08-05T13:45:45+0200,eaa53f57-a911-4834-9b60-40ab8a7aba1f,2026-07-26T18:45:00Z,2026-07-26T20:45:00+0200,381.76328,MW,DE,DE_LU,forecast_solar_generation,Solar,2026-08-05T11:47:58Z
2026-08-05T11:45:45Z,2026-08-05T13:45:45+0200,eaa53f57-a911-4834-9b60-40ab8a7aba1f,2026-07-26T19:00:00Z,2026-07-26T21:00:00+0200,129.76048,MW,DE,DE_LU,forecast_solar_generation,Solar,2026-08-05T11:47:58Z
2026-08-05T11:45:45Z,2026-08-05T13:45:45+0200,eaa53f57-a911-4834-9b60-40ab8a7aba1f,2026-07-26T19:15:00Z,2026-07-26T21:15:00+0200,47.35757,MW,DE,DE_LU,forecast_solar_generation,Solar,2026-08-05T11:47:58Z
2026-08-05T11:45:45Z,2026-08-05T13:45:45+0200,eaa53f57-a911-4834-9b60-40ab8a7aba1f,2026-07-26T19:30:00Z,2026-07-26T21:30:00+0200,20.35859,MW,DE,DE_LU,forecast_solar_generation,Solar,2026-08-05T11:47:58Z
2026-08-05T11:45:45Z,2026-08-05T13:45:45+0200,eaa53f57-a911-4834-9b60-40ab8a7aba1f,2026-07-26T19:45:00Z,2026-07-26T21:45:00+0200,0.0,MW,DE,DE_LU,forecast_solar_generation,Solar,2026-08-05T11:47:58Z
2026-08-05T11:45:45Z,2026-08-05T13:45:45+0200,eaa53f57-a911-4834-9b60-40ab8a7aba1f,2026-07-26T20:00:00Z,2026-07-26T22:00:00+0200,0.0,MW,DE,DE_LU,forecast_solar_generation,Solar,2026-08-05T11:47:58Z
2026-08-05T11:45:45Z,2026-08-05T13:45:45+0200,eaa53f57-a911-4834-9b60-40ab8a7aba1f,2026-07-26T20:15:00Z,2026-07-26T22:15:00+0200,0.0,MW,DE,DE_LU,forecast_solar_generation,Solar,2026-08-05T11:47:58Z
2026-08-05T11:45:45Z,2026-08-05T13:45:45+0200,eaa53f57-a911-4834-9b60-40ab8a7aba1f,2026-07-26T20:30:00Z,2026-07-26T22:30:00+0200,0.0,MW,DE,DE_LU,forecast_solar_generation,Solar,2026-08-05T11:47:58Z
2026-08-05T11:45:45Z,2026-08-05T13:45:45+0200,eaa53f57-a911-4834-9b60-40ab8a7aba1f,2026-07-26T20:45:00Z,2026-07-26T22:45:00+0200,0.0,MW,DE,DE_LU,forecast_solar_generation,Solar,2026-08-05T11:47:58Z
2026-08-05T11:45:45Z,2026-08-05T13:45:45+0200,eaa53f57-a911-4834-9b60-40ab8a7aba1f,2026-07-26T21:00:00Z,2026-07-26T23:00:00+0200,0.0,MW,DE,DE_LU,forecast_solar_generation,Solar,2026-08-05T11:47:58Z
2026-08-05T11:45:45Z,2026-08-05T13:45:45+0200,eaa53f57-a911-4834-9b60-40ab8a7aba1f,2026-07-26T21:15:00Z,2026-07-26T23:15:00+0200,0.0,MW,DE,DE_LU,forecast_solar_generation,Solar,2026-08-05T11:47:58Z
2026-08-05T11:45:45Z,2026-08-05T13:45:45+0200,eaa53f57-a911-4834-9b60-40ab8a7aba1f,2026-07-26T21:30:00Z,2026-07-26T23:30:00+0200,0.0,MW,DE,DE_LU,forecast_solar_generation,Solar,2026-08-05T11:47:58Z
2026-08-05T11:45:45Z,2026-08-05T13:45:45+0200,eaa53f57-a911-4834-9b60-40ab8a7aba1f,2026-07-26T21:45:00Z,2026-07-26T23:45:00+0200,0.0,MW,DE,DE_LU,forecast_solar_generation,Solar,2026-08-05T11:47:58Z
2026-08-05T11:45:45Z,2026-08-05T13:45:45+0200,eaa53f57-a911-4834-9b60-40ab8a7aba1f,2026-07-26T22:00:00Z,2026-07-27T00:00:00+0200,0.0,MW,DE,DE_LU,forecast_solar_generation,Solar,2026-08-05T11:47:58Z
2026-08-05T11:45:45Z,2026-08-05T13:45:45+0200,eaa53f57-a911-4834-9b60-40ab8a7aba1f,2026-07-26T22:15:00Z,2026-07-27T00:15:00+0200,0.0,MW,DE,DE_LU,forecast_solar_generation,Solar,2026-08-05T11:47:58Z
2026-08-05T11:45:45Z,2026-08-05T13:45:45+0200,eaa53f57-a911-4834-9b60-40ab8a7aba1f,2026-07-26T22:30:00Z,2026-07-27T00:30:00+0200,0.0,MW,DE,DE_LU,forecast_solar_generation,Solar,2026-08-05T11:47:58Z
2026-08-05T11:45:45Z,2026-08-05T13:45:45+0200,eaa53f57-a911-4834-9b60-40ab8a7aba1f,2026-07-26T22:45:00Z,2026-07-27T00:45:00+0200,0.0,MW,DE,DE_LU,forecast_solar_generation,Solar,2026-08-05T11:47:58Z
2026-08-05T11:45:45Z,2026-08-05T13:45:45+0200,eaa53f57-a911-4834-9b60-40ab8a7aba1f,2026-07-26T23:00:00Z,2026-07-27T01:00:00+0200,0.0,MW,DE,DE_LU,forecast_solar_generation,Solar,2026-08-05T11:47:58Z
2026-08-05T11:45:45Z,2026-08-05T13:45:45+0200,eaa53f57-a911-4834-9b60-40ab8a7aba1f,2026-07-26T23:15:00Z,2026-07-27T01:15:00+0200,0.0,MW,DE,DE_LU,forecast_solar_generation,Solar,2026-08-05T11:47:58Z
2026-08-05T11:45:45Z,2026-08-05T13:45:45+0200,eaa53f57-a911-4834-9b60-40ab8a7aba1f,2026-07-26T23:30:00Z,2026-07-27T01:30:00+0200,0.0,MW,DE,DE_LU,forecast_solar_generation,Solar,2026-08-05T11:47:58Z
2026-08-05T11:45:45Z,2026-08-05T13:45:45+0200,eaa53f57-a911-4834-9b60-40ab8a7aba1f,2026-07-26T23:45:00Z,2026-07-27T01:45:00+0200,0.0,MW,DE,DE_LU,forecast_solar_generation,Solar,2026-08-05T11:47:58Z
2026-08-05T11:45:45Z,2026-08-05T13:45:45+0200,eaa53f57-a911-4834-9b60-40ab8a7aba1f,2026-07-27T00:00:00Z,2026-07-27T02:00:00+0200,0.0,MW,DE,DE_LU,forecast_solar_generation,Solar,2026-08-05T11:47:58Z
2026-08-05T11:45:45Z,2026-08-05T13:45:45+0200,eaa53f57-a911-4834-9b60-40ab8a7aba1f,2026-07-27T00:15:00Z,2026-07-27T02:15:00+0200,0.0,MW,DE,DE_LU,forecast_solar_generation,Solar,2026-08-05T11:47:58Z
2026-08-05T11:45:45Z,2026-08-05T13:45:45+0200,eaa53f57-a911-4834-9b60-40ab8a7aba1f,2026-07-27T00:30:00Z,2026-07-27T02:30:00+0200,0.0,MW,DE,DE_LU,forecast_solar_generation,Solar,2026-08-05T11:47:58Z
2026-08-05T11:45:45Z,2026-08-05T13:45:45+0200,eaa53f57-a911-4834-9b60-40ab8a7aba1f,2026-07-27T00:45:00Z,2026-07-27T02:45:00+0200,0.0,MW,DE,DE_LU,forecast_solar_generation,Solar,2026-08-05T11:47:58Z
2026-08-05T11:45:45Z,2026-08-05T13:45:45+0200,eaa53f57-a911-4834-9b60-40ab8a7aba1f,2026-07-27T01:00:00Z,2026-07-27T03:00:00+0200,0.0,MW,DE,DE_LU,forecast_solar_generation,Solar,2026-08-05T11:47:58Z
2026-08-05T11:45:45Z,2026-08-05T13:45:45+0200,eaa53f57-a911-4834-9b60-40ab8a7aba1f,2026-07-27T01:15:00Z,2026-07-27T03:15:00+0200,0.0,MW,DE,DE_LU,forecast_solar_generation,Solar,2026-08-05T11:47:58Z
2026-08-05T11:45:45Z,2026-08-05T13:45:45+0200,eaa53f57-a911-4834-9b60-40ab8a7aba1f,2026-07-27T01:30:00Z,2026-07-27T03:30:00+0200,0.0,MW,DE,DE_LU,forecast_solar_generation,Solar,2026-08-05T11:47:58Z
2026-08-05T11:45:45Z,2026-08-05T13:45:45+0200,eaa53f57-a911-4834-9b60-40ab8a7aba1f,2026-07-27T01:45:00Z,2026-07-27T03:45:00+0200,0.0,MW,DE,DE_LU,forecast_solar_generation,Solar,2026-08-05T11:47:58Z
2026-08-05T11:45:45Z,2026-08-05T13:45:45+0200,eaa53f57-a911-4834-9b60-40ab8a7aba1f,2026-07-27T02:00:00Z,2026-07-27T04:00:00+0200,0.0,MW,DE,DE_LU,forecast_solar_generation,Solar,2026-08-05T11:47:58Z
2026-08-05T11:45:45Z,2026-08-05T13:45:45+0200,eaa53f57-a911-4834-9b60-40ab8a7aba1f,2026-07-27T02:15:00Z,2026-07-27T04:15:00+0200,0.0,MW,DE,DE_LU,forecast_solar_generation,Solar,2026-08-05T11:47:58Z
2026-08-05T11:45:45Z,2026-08-05T13:45:45+0200,eaa53f57-a911-4834-9b60-40ab8a7aba1f,2026-07-27T02:30:00Z,2026-07-27T04:30:00+0200,0.0,MW,DE,DE_LU,forecast_solar_generation,Solar,2026-08-05T11:47:58Z
2026-08-05T11:45:45Z,2026-08-05T13:45:45+0200,eaa53f57-a911-4834-9b60-40ab8a7aba1f,2026-07-27T02:45:00Z,2026-07-27T04:45:00+0200,0.0,MW,DE,DE_LU,forecast_solar_generation,Solar,2026-08-05T11:47:58Z
2026-08-05T11:45:45Z,2026-08-05T13:45:45+0200,eaa53f57-a911-4834-9b60-40ab8a7aba1f,2026-07-27T03:00:00Z,2026-07-27T05:00:00+0200,0.0,MW,DE,DE_LU,forecast_solar_generation,Solar,2026-08-05T11:47:58Z
2026-08-05T11:45:45Z,2026-08-05T13:45:45+0200,eaa53f57-a911-4834-9b60-40ab8a7aba1f,2026-07-27T03:15:00Z,2026-07-27T05:15:00+0200,10.67724,MW,DE,DE_LU,forecast_solar_generation,Solar,2026-08-05T11:47:58Z
2026-08-05T11:45:45Z,2026-08-05T13:45:45+0200,eaa53f57-a911-4834-9b60-40ab8a7aba1f,2026-07-27T03:30:00Z,2026-07-27T05:30:00+0200,69.34361,MW,DE,DE_LU,forecast_solar_generation,Solar,2026-08-05T11:47:58Z
2026-08-05T11:45:45Z,2026-08-05T13:45:45+0200,eaa53f57-a911-4834-9b60-40ab8a7aba1f,2026-07-27T03:45:00Z,2026-07-27T05:45:00+0200,242.81313,MW,DE,DE_LU,forecast_solar_generation,Solar,2026-08-05T11:47:58Z
2026-08-05T11:45:45Z,2026-08-05T13:45:45+0200,eaa53f57-a911-4834-9b60-40ab8a7aba1f,2026-07-27T04:00:00Z,2026-07-27T06:00:00+0200,628.13012,MW,DE,DE_LU,forecast_solar_generation,Solar,2026-08-05T11:47:58Z
2026-08-05T11:45:45Z,2026-08-05T13:45:45+0200,eaa53f57-a911-4834-9b60-40ab8a7aba1f,2026-07-27T04:15:00Z,2026-07-27T06:15:00+0200,1241.54486,MW,DE,DE_LU,forecast_solar_generation,Solar,2026-08-05T11:47:58Z
2026-08-05T11:45:45Z,2026-08-05T13:45:45+0200,eaa53f57-a911-4834-9b60-40ab8a7aba1f,2026-07-27T04:30:00Z,2026-07-27T06:30:00+0200,2090.23197,MW,DE,DE_LU,forecast_solar_generation,Solar,2026-08-05T11:47:58Z
2026-08-05T11:45:45Z,2026-08-05T13:45:45+0200,eaa53f57-a911-4834-9b60-40ab8a7aba1f,2026-07-27T04:45:00Z,2026-07-27T06:45:00+0200,3153.1252,MW,DE,DE_LU,forecast_solar_generation,Solar,2026-08-05T11:47:58Z
2026-08-05T11:45:45Z,2026-08-05T13:45:45+0200,eaa53f57-a911-4834-9b60-40ab8a7aba1f,2026-07-27T05:00:00Z,2026-07-27T07:00:00+0200,4415.7651,MW,DE,DE_LU,forecast_solar_generation,Solar,2026-08-05T11:47:58Z
2026-08-05T11:45:45Z,2026-08-05T13:45:45+0200,eaa53f57-a911-4834-9b60-40ab8a7aba1f,2026-07-27T05:15:00Z,2026-07-27T07:15:00+0200,5889.2773,MW,DE,DE_LU,forecast_solar_generation,Solar,2026-08-05T11:47:58Z
2026-08-05T11:45:45Z,2026-08-05T13:45:45+0200,eaa53f57-a911-4834-9b60-40ab8a7aba1f,2026-07-27T05:30:00Z,2026-07-27T07:30:00+0200,7554.60144,MW,DE,DE_LU,forecast_solar_generation,Solar,2026-08-05T11:47:58Z
2026-08-05T11:45:45Z,2026-08-05T13:45:45+0200,eaa53f57-a911-4834-9b60-40ab8a7aba1f,2026-07-27T05:45:00Z,2026-07-27T07:45:00+0200,9374.22013,MW,DE,DE_LU,forecast_solar_generation,Solar,2026-08-05T11:47:58Z
2026-08-05T11:45:45Z,2026-08-05T13:45:45+0200,eaa53f57-a911-4834-9b60-40ab8a7aba1f,2026-07-27T06:00:00Z,2026-07-27T08:00:00+0200,11334.79302,MW,DE,DE_LU,forecast_solar_generation,Solar,2026-08-05T11:47:58Z
2026-08-05T11:45:45Z,2026-08-05T13:45:45+0200,eaa53f57-a911-4834-9b60-40ab8a7aba1f,2026-07-27T06:15:00Z,2026-07-27T08:15:00+0200,13441.75316,MW,DE,DE_LU,forecast_solar_generation,Solar,2026-08-05T11:47:58Z
2026-08-05T11:45:45Z,2026-08-05T13:45:45+0200,eaa53f57-a911-4834-9b60-40ab8a7aba1f,2026-07-27T06:30:00Z,2026-07-27T08:30:00+0200,15669.80403,MW,DE,DE_LU,forecast_solar_generation,Solar,2026-08-05T11:47:58Z
2026-08-05T11:45:45Z,2026-08-05T13:45:45+0200,eaa53f57-a911-4834-9b60-40ab8a7aba1f,2026-07-27T06:45:00Z,2026-07-27T08:45:00+0200,17960.83256,MW,DE,DE_LU,forecast_solar_generation,Solar,2026-08-05T11:47:58Z
2026-08-05T11:45:45Z,2026-08-05T13:45:45+0200,eaa53f57-a911-4834-9b60-40ab8a7aba1f,2026-07-27T07:00:00Z,2026-07-27T09:00:00+0200,20230.18708,MW,DE,DE_LU,forecast_solar_generation,Solar,2026-08-05T11:47:58Z
2026-08-05T11:45:45Z,2026-08-05T13:45:45+0200,eaa53f57-a911-4834-9b60-40ab8a7aba1f,2026-07-27T07:15:00Z,2026-07-27T09:15:00+0200,22473.88217,MW,DE,DE_LU,forecast_solar_generation,Solar,2026-08-05T11:47:58Z
2026-08-05T11:45:45Z,2026-08-05T13:45:45+0200,eaa53f57-a911-4834-9b60-40ab8a7aba1f,2026-07-27T07:30:00Z,2026-07-27T09:30:00+0200,24617.5545,MW,DE,DE_LU,forecast_solar_generation,Solar,2026-08-05T11:47:58Z
2026-08-05T11:45:45Z,2026-08-05T13:45:45+0200,eaa53f57-a911-4834-9b60-40ab8a7aba1f,2026-07-27T07:45:00Z,2026-07-27T09:45:00+0200,26633.77955,MW,DE,DE_LU,forecast_solar_generation,Solar,2026-08-05T11:47:58Z
2026-08-05T11:45:45Z,2026-08-05T13:45:45+0200,eaa53f57-a911-4834-9b60-40ab8a7aba1f,2026-07-27T08:00:00Z,2026-07-27T10:00:00+0200,28573.12127,MW,DE,DE_LU,forecast_solar_generation,Solar,2026-08-05T11:47:58Z
2026-08-05T11:45:45Z,2026-08-05T13:45:45+0200,eaa53f57-a911-4834-9b60-40ab8a7aba1f,2026-07-27T08:15:00Z,2026-07-27T10:15:00+0200,30237.05507,MW,DE,DE_LU,forecast_solar_generation,Solar,2026-08-05T11:47:58Z
2026-08-05T11:45:45Z,2026-08-05T13:45:45+0200,eaa53f57-a911-4834-9b60-40ab8a7aba1f,2026-07-27T08:30:00Z,2026-07-27T10:30:00+0200,31773.23585,MW,DE,DE_LU,forecast_solar_generation,Solar,2026-08-05T11:47:58Z
2026-08-05T11:45:45Z,2026-08-05T13:45:45+0200,eaa53f57-a911-4834-9b60-40ab8a7aba1f,2026-07-27T08:45:00Z,2026-07-27T10:45:00+0200,33234.90196,MW,DE,DE_LU,forecast_solar_generation,Solar,2026-08-05T11:47:58Z
2026-08-05T11:45:45Z,2026-08-05T13:45:45+0200,eaa53f57-a911-4834-9b60-40ab8a7aba1f,2026-07-27T09:00:00Z,2026-07-27T11:00:00+0200,34512.33783,MW,DE,DE_LU,forecast_solar_generation,Solar,2026-08-05T11:47:58Z
2026-08-05T11:45:45Z,2026-08-05T13:45:45+0200,eaa53f57-a911-4834-9b60-40ab8a7aba1f,2026-07-27T09:15:00Z,2026-07-27T11:15:00+0200,35722.10921,MW,DE,DE_LU,forecast_solar_generation,Solar,2026-08-05T11:47:58Z
2026-08-05T11:45:45Z,2026-08-05T13:45:45+0200,eaa53f57-a911-4834-9b60-40ab8a7aba1f,2026-07-27T09:30:00Z,2026-07-27T11:30:00+0200,36708.82486,MW,DE,DE_LU,forecast_solar_generation,Solar,2026-08-05T11:47:58Z
2026-08-05T11:45:45Z,2026-08-05T13:45:45+0200,eaa53f57-a911-4834-9b60-40ab8a7aba1f,2026-07-27T09:45:00Z,2026-07-27T11:45:00+0200,37519.27007,MW,DE,DE_LU,forecast_solar_generation,Solar,2026-08-05T11:47:58Z
2026-08-05T11:45:45Z,2026-08-05T13:45:45+0200,eaa53f57-a911-4834-9b60-40ab8a7aba1f,2026-07-27T10:00:00Z,2026-07-27T12:00:00+0200,38083.22842,MW,DE,DE_LU,forecast_solar_generation,Solar,2026-08-05T11:47:58Z
2026-08-05T11:45:45Z,2026-08-05T13:45:45+0200,eaa53f57-a911-4834-9b60-40ab8a7aba1f,2026-07-27T10:15:00Z,2026-07-27T12:15:00+0200,38434.5247,MW,DE,DE_LU,forecast_solar_generation,Solar,2026-08-05T11:47:58Z
2026-08-05T11:45:45Z,2026-08-05T13:45:45+0200,eaa53f57-a911-4834-9b60-40ab8a7aba1f,2026-07-27T10:30:00Z,2026-07-27T12:30:00+0200,38782.17755,MW,DE,DE_LU,forecast_solar_generation,Solar,2026-08-05T11:47:58Z
2026-08-05T11:45:45Z,2026-08-05T13:45:45+0200,eaa53f57-a911-4834-9b60-40ab8a7aba1f,2026-07-27T10:45:00Z,2026-07-27T12:45:00+0200,38946.42327,MW,DE,DE_LU,forecast_solar_generation,Solar,2026-08-05T11:47:58Z
2026-08-05T11:45:45Z,2026-08-05T13:45:45+0200,eaa53f57-a911-4834-9b60-40ab8a7aba1f,2026-07-27T11:00:00Z,2026-07-27T13:00:00+0200,39027.31618,MW,DE,DE_LU,forecast_solar_generation,Solar,2026-08-05T11:47:58Z
2026-08-05T11:45:45Z,2026-08-05T13:45:45+0200,eaa53f57-a911-4834-9b60-40ab8a7aba1f,2026-07-27T11:15:00Z,2026-07-27T13:15:00+0200,38933.89544,MW,DE,DE_LU,forecast_solar_generation,Solar,2026-08-05T11:47:58Z
2026-08-05T11:45:45Z,2026-08-05T13:45:45+0200,eaa53f57-a911-4834-9b60-40ab8a7aba1f,2026-07-27T11:30:00Z,2026-07-27T13:30:00+0200,38824.09227,MW,DE,DE_LU,forecast_solar_generation,Solar,2026-08-05T11:47:58Z
2026-08-05T11:45:45Z,2026-08-05T13:45:45+0200,eaa53f57-a911-4834-9b60-40ab8a7aba1f,2026-07-27T11:45:00Z,2026-07-27T13:45:00+0200,38542.67667,MW,DE,DE_LU,forecast_solar_generation,Solar,2026-08-05T11:47:58Z
2026-08-05T11:45:45Z,2026-08-05T13:45:45+0200,eaa53f57-a911-4834-9b60-40ab8a7aba1f,2026-07-27T12:00:00Z,2026-07-27T14:00:00+0200,38290.7466,MW,DE,DE_LU,forecast_solar_generation,Solar,2026-08-05T11:47:58Z
2026-08-05T11:45:45Z,2026-08-05T13:45:45+0200,eaa53f57-a911-4834-9b60-40ab8a7aba1f,2026-07-27T12:15:00Z,2026-07-27T14:15:00+0200,37882.29182,MW,DE,DE_LU,forecast_solar_generation,Solar,2026-08-05T11:47:58Z
2026-08-05T11:45:45Z,2026-08-05T13:45:45+0200,eaa53f57-a911-4834-9b60-40ab8a7aba1f,2026-07-27T12:30:00Z,2026-07-27T14:30:00+0200,37468.77384,MW,DE,DE_LU,forecast_solar_generation,Solar,2026-08-05T11:47:58Z
2026-08-05T11:45:45Z,2026-08-05T13:45:45+0200,eaa53f57-a911-4834-9b60-40ab8a7aba1f,2026-07-27T12:45:00Z,2026-07-27T14:45:00+0200,36926.46512,MW,DE,DE_LU,forecast_solar_generation,Solar,2026-08-05T11:47:58Z
2026-08-05T11:45:45Z,2026-08-05T13:45:45+0200,eaa53f57-a911-4834-9b60-40ab8a7aba1f,2026-07-27T13:00:00Z,2026-07-27T15:00:00+0200,36245.03756,MW,DE,DE_LU,forecast_solar_generation,Solar,2026-08-05T11:47:58Z
2026-08-05T11:45:45Z,2026-08-05T13:45:45+0200,eaa53f57-a911-4834-9b60-40ab8a7aba1f,2026-07-27T13:15:00Z,2026-07-27T15:15:00+0200,35399.48624,MW,DE,DE_LU,forecast_solar_generation,Solar,2026-08-05T11:47:58Z
2026-08-05T11:45:45Z,2026-08-05T13:45:45+0200,eaa53f57-a911-4834-9b60-40ab8a7aba1f,2026-07-27T13:30:00Z,2026-07-27T15:30:00+0200,34391.97275,MW,DE,DE_LU,forecast_solar_generation,Solar,2026-08-05T11:47:58Z
2026-08-05T11:45:45Z,2026-08-05T13:45:45+0200,eaa53f57-a911-4834-9b60-40ab8a7aba1f,2026-07-27T13:45:00Z,2026-07-27T15:45:00+0200,33248.94067,MW,DE,DE_LU,forecast_solar_generation,Solar,2026-08-05T11:47:58Z
2026-08-05T11:45:45Z,2026-08-05T13:45:45+0200,eaa53f57-a911-4834-9b60-40ab8a7aba1f,2026-07-27T14:00:00Z,2026-07-27T16:00:00+0200,32020.85491,MW,DE,DE_LU,forecast_solar_generation,Solar,2026-08-05T11:47:58Z
2026-08-05T11:45:45Z,2026-08-05T13:45:45+0200,eaa53f57-a911-4834-9b60-40ab8a7aba1f,2026-07-27T14:15:00Z,2026-07-27T16:15:00+0200,30709.04569,MW,DE,DE_LU,forecast_solar_generation,Solar,2026-08-05T11:47:58Z
2026-08-05T11:45:45Z,2026-08-05T13:45:45+0200,eaa53f57-a911-4834-9b60-40ab8a7aba1f,2026-07-27T14:30:00Z,2026-07-27T16:30:00+0200,29350.14095,MW,DE,DE_LU,forecast_solar_generation,Solar,2026-08-05T11:47:58Z
2026-08-05T11:45:45Z,2026-08-05T13:45:45+0200,eaa53f57-a911-4834-9b60-40ab8a7aba1f,2026-07-27T14:45:00Z,2026-07-27T16:45:00+0200,27906.42165,MW,DE,DE_LU,forecast_solar_generation,Solar,2026-08-05T11:47:58Z
2026-08-05T11:45:45Z,2026-08-05T13:45:45+0200,eaa53f57-a911-4834-9b60-40ab8a7aba1f,2026-07-27T15:00:00Z,2026-07-27T17:00:00+0200,26207.04171,MW,DE,DE_LU,forecast_solar_generation,Solar,2026-08-05T11:47:58Z
2026-08-05T11:45:45Z,2026-08-05T13:45:45+0200,eaa53f57-a911-4834-9b60-40ab8a7aba1f,2026-07-27T15:15:00Z,2026-07-27T17:15:00+0200,24430.19652,MW,DE,DE_LU,forecast_solar_generation,Solar,2026-08-05T11:47:58Z
2026-08-05T11:45:45Z,2026-08-05T13:45:45+0200,eaa53f57-a911-4834-9b60-40ab8a7aba1f,2026-07-27T15:30:00Z,2026-07-27T17:30:00+0200,22606.54057,MW,DE,DE_LU,forecast_solar_generation,Solar,2026-08-05T11:47:58Z
2026-08-05T11:45:45Z,2026-08-05T13:45:45+0200,eaa53f57-a911-4834-9b60-40ab8a7aba1f,2026-07-27T15:45:00Z,2026-07-27T17:45:00+0200,20630.6958,MW,DE,DE_LU,forecast_solar_generation,Solar,2026-08-05T11:47:58Z
2026-08-05T11:45:45Z,2026-08-05T13:45:45+0200,eaa53f57-a911-4834-9b60-40ab8a7aba1f,2026-07-27T16:00:00Z,2026-07-27T18:00:00+0200,18582.53998,MW,DE,DE_LU,forecast_solar_generation,Solar,2026-08-05T11:47:58Z
2026-08-05T11:45:45Z,2026-08-05T13:45:45+0200,eaa53f57-a911-4834-9b60-40ab8a7aba1f,2026-07-27T16:15:00Z,2026-07-27T18:15:00+0200,16386.8108,MW,DE,DE_LU,forecast_solar_generation,Solar,2026-08-05T11:47:58Z
2026-08-05T11:45:45Z,2026-08-05T13:45:45+0200,eaa53f57-a911-4834-9b60-40ab8a7aba1f,2026-07-27T16:30:00Z,2026-07-27T18:30:00+0200,14142.74344,MW,DE,DE_LU,forecast_solar_generation,Solar,2026-08-05T11:47:58Z
2026-08-05T11:45:45Z,2026-08-05T13:45:45+0200,eaa53f57-a911-4834-9b60-40ab8a7aba1f,2026-07-27T16:45:00Z,2026-07-27T18:45:00+0200,11927.24814,MW,DE,DE_LU,forecast_solar_generation,Solar,2026-08-05T11:47:58Z
2026-08-05T11:45:45Z,2026-08-05T13:45:45+0200,eaa53f57-a911-4834-9b60-40ab8a7aba1f,2026-07-27T17:00:00Z,2026-07-27T19:00:00+0200,9775.90117,MW,DE,DE_LU,forecast_solar_generation,Solar,2026-08-05T11:47:58Z
2026-08-05T11:45:45Z,2026-08-05T13:45:45+0200,eaa53f57-a911-4834-9b60-40ab8a7aba1f,2026-07-27T17:15:00Z,2026-07-27T19:15:00+0200,7739.77998,MW,DE,DE_LU,forecast_solar_generation,Solar,2026-08-05T11:47:58Z
2026-08-05T11:45:45Z,2026-08-05T13:45:45+0200,eaa53f57-a911-4834-9b60-40ab8a7aba1f,2026-07-27T17:30:00Z,2026-07-27T19:30:00+0200,5881.96999,MW,DE,DE_LU,forecast_solar_generation,Solar,2026-08-05T11:47:58Z
2026-08-05T11:45:45Z,2026-08-05T13:45:45+0200,eaa53f57-a911-4834-9b60-40ab8a7aba1f,2026-07-27T17:45:00Z,2026-07-27T19:45:00+0200,4288.76235,MW,DE,DE_LU,forecast_solar_generation,Solar,2026-08-05T11:47:58Z
2026-08-05T11:45:45Z,2026-08-05T13:45:45+0200,eaa53f57-a911-4834-9b60-40ab8a7aba1f,2026-07-27T18:00:00Z,2026-07-27T20:00:00+0200,2978.33864,MW,DE,DE_LU,forecast_solar_generation,Solar,2026-08-05T11:47:58Z
2026-08-05T11:45:45Z,2026-08-05T13:45:45+0200,eaa53f57-a911-4834-9b60-40ab8a7aba1f,2026-07-27T18:15:00Z,2026-07-27T20:15:00+0200,1907.6934,MW,DE,DE_LU,forecast_solar_generation,Solar,2026-08-05T11:47:58Z
2026-08-05T11:45:45Z,2026-08-05T13:45:45+0200,eaa53f57-a911-4834-9b60-40ab8a7aba1f,2026-07-27T18:30:00Z,2026-07-27T20:30:00+0200,1076.85187,MW,DE,DE_LU,forecast_solar_generation,Solar,2026-08-05T11:47:58Z
2026-08-05T11:45:45Z,2026-08-05T13:45:45+0200,eaa53f57-a911-4834-9b60-40ab8a7aba1f,2026-07-27T18:45:00Z,2026-07-27T20:45:00+0200,478.14046,MW,DE,DE_LU,forecast_solar_generation,Solar,2026-08-05T11:47:58Z
2026-08-05T11:45:45Z,2026-08-05T13:45:45+0200,eaa53f57-a911-4834-9b60-40ab8a7aba1f,2026-07-27T19:00:00Z,2026-07-27T21:00:00+0200,141.16712,MW,DE,DE_LU,forecast_solar_generation,Solar,2026-08-05T11:47:58Z
2026-08-05T11:45:45Z,2026-08-05T13:45:45+0200,eaa53f57-a911-4834-9b60-40ab8a7aba1f,2026-07-27T19:15:00Z,2026-07-27T21:15:00+0200,36.07804,MW,DE,DE_LU,forecast_solar_generation,Solar,2026-08-05T11:47:58Z
2026-08-05T11:45:45Z,2026-08-05T13:45:45+0200,eaa53f57-a911-4834-9b60-40ab8a7aba1f,2026-07-27T19:30:00Z,2026-07-27T21:30:00+0200,9.81218,MW,DE,DE_LU,forecast_solar_generation,Solar,2026-08-05T11:47:58Z
2026-08-05T11:45:45Z,2026-08-05T13:45:45+0200,eaa53f57-a911-4834-9b60-40ab8a7aba1f,2026-07-27T19:45:00Z,2026-07-27T21:45:00+0200,0.0,MW,DE,DE_LU,forecast_solar_generation,Solar,2026-08-05T11:47:58Z
2026-08-05T11:45:45Z,2026-08-05T13:45:45+0200,eaa53f57-a911-4834-9b60-40ab8a7aba1f,2026-07-27T20:00:00Z,2026-07-27T22:00:00+0200,0.0,MW,DE,DE_LU,forecast_solar_generation,Solar,2026-08-05T11:47:58Z
2026-08-05T11:45:45Z,2026-08-05T13:45:45+0200,eaa53f57-a911-4834-9b60-40ab8a7aba1f,2026-07-27T20:15:00Z,2026-07-27T22:15:00+0200,0.0,MW,DE,DE_LU,forecast_solar_generation,Solar,2026-08-05T11:47:58Z
2026-08-05T11:45:45Z,2026-08-05T13:45:45+0200,eaa53f57-a911-4834-9b60-40ab8a7aba1f,2026-07-27T20:30:00Z,2026-07-27T22:30:00+0200,0.0,MW,DE,DE_LU,forecast_solar_generation,Solar,2026-08-05T11:47:58Z
2026-08-05T11:45:45Z,2026-08-05T13:45:45+0200,eaa53f57-a911-4834-9b60-40ab8a7aba1f,2026-07-27T20:45:00Z,2026-07-27T22:45:00+0200,0.0,MW,DE,DE_LU,forecast_solar_generation,Solar,2026-08-05T11:47:58Z
2026-08-05T11:45:45Z,2026-08-05T13:45:45+0200,eaa53f57-a911-4834-9b60-40ab8a7aba1f,2026-07-27T21:00:00Z,2026-07-27T23:00:00+0200,0.0,MW,DE,DE_LU,forecast_solar_generation,Solar,2026-08-05T11:47:58Z
2026-08-05T11:45:45Z,2026-08-05T13:45:45+0200,eaa53f57-a911-4834-9b60-40ab8a7aba1f,2026-07-27T21:15:00Z,2026-07-27T23:15:00+0200,0.0,MW,DE,DE_LU,forecast_solar_generation,Solar,2026-08-05T11:47:58Z
2026-08-05T11:45:45Z,2026-08-05T13:45:45+0200,eaa53f57-a911-4834-9b60-40ab8a7aba1f,2026-07-27T21:30:00Z,2026-07-27T23:30:00+0200,0.0,MW,DE,DE_LU,forecast_solar_generation,Solar,2026-08-05T11:47:58Z
2026-08-05T11:45:45Z,2026-08-05T13:45:45+0200,eaa53f57-a911-4834-9b60-40ab8a7aba1f,2026-07-27T21:45:00Z,2026-07-27T23:45:00+0200,0.0,MW,DE,DE_LU,forecast_solar_generation,Solar,2026-08-05T11:47:58Z
2026-08-05T11:45:45Z,2026-08-05T13:45:45+0200,eaa53f57-a911-4834-9b60-40ab8a7aba1f,2026-07-27T22:00:00Z,2026-07-28T00:00:00+0200,0.0,MW,DE,DE_LU,forecast_solar_generation,Solar,2026-08-05T11:47:58Z
2026-08-05T11:45:45Z,2026-08-05T13:45:45+0200,eaa53f57-a911-4834-9b60-40ab8a7aba1f,2026-07-27T22:15:00Z,2026-07-28T00:15:00+0200,0.0,MW,DE,DE_LU,forecast_solar_generation,Solar,2026-08-05T11:47:58Z
2026-08-05T11:45:45Z,2026-08-05T13:45:45+0200,eaa53f57-a911-4834-9b60-40ab8a7aba1f,2026-07-27T22:30:00Z,2026-07-28T00:30:00+0200,0.0,MW,DE,DE_LU,forecast_solar_generation,Solar,2026-08-05T11:47:58Z
2026-08-05T11:45:45Z,2026-08-05T13:45:45+0200,eaa53f57-a911-4834-9b60-40ab8a7aba1f,2026-07-27T22:45:00Z,2026-07-28T00:45:00+0200,0.0,MW,DE,DE_LU,forecast_solar_generation,Solar,2026-08-05T11:47:58Z
2026-08-05T11:45:45Z,2026-08-05T13:45:45+0200,eaa53f57-a911-4834-9b60-40ab8a7aba1f,2026-07-27T23:00:00Z,2026-07-28T01:00:00+0200,0.0,MW,DE,DE_LU,forecast_solar_generation,Solar,2026-08-05T11:47:58Z
2026-08-05T11:45:45Z,2026-08-05T13:45:45+0200,eaa53f57-a911-4834-9b60-40ab8a7aba1f,2026-07-27T23:15:00Z,2026-07-28T01:15:00+0200,0.0,MW,DE,DE_LU,forecast_solar_generation,Solar,2026-08-05T11:47:58Z
2026-08-05T11:45:45Z,2026-08-05T13:45:45+0200,eaa53f57-a911-4834-9b60-40ab8a7aba1f,2026-07-27T23:30:00Z,2026-07-28T01:30:00+0200,0.0,MW,DE,DE_LU,forecast_solar_generation,Solar,2026-08-05T11:47:58Z
2026-08-05T11:45:45Z,2026-08-05T13:45:45+0200,eaa53f57-a911-4834-9b60-40ab8a7aba1f,2026-07-27T23:45:00Z,2026-07-28T01:45:00+0200,0.0,MW,DE,DE_LU,forecast_solar_generation,Solar,2026-08-05T11:47:58Z
2026-08-05T11:45:45Z,2026-08-05T13:45:45+0200,eaa53f57-a911-4834-9b60-40ab8a7aba1f,2026-07-28T00:00:00Z,2026-07-28T02:00:00+0200,0.0,MW,DE,DE_LU,forecast_solar_generation,Solar,2026-08-05T11:47:58Z
2026-08-05T11:45:45Z,2026-08-05T13:45:45+0200,eaa53f57-a911-4834-9b60-40ab8a7aba1f,2026-07-28T00:15:00Z,2026-07-28T02:15:00+0200,0.0,MW,DE,DE_LU,forecast_solar_generation,Solar,2026-08-05T11:47:58Z
2026-08-05T11:45:45Z,2026-08-05T13:45:45+0200,eaa53f57-a911-4834-9b60-40ab8a7aba1f,2026-07-28T00:30:00Z,2026-07-28T02:30:00+0200,0.0,MW,DE,DE_LU,forecast_solar_generation,Solar,2026-08-05T11:47:58Z
2026-08-05T11:45:45Z,2026-08-05T13:45:45+0200,eaa53f57-a911-4834-9b60-40ab8a7aba1f,2026-07-28T00:45:00Z,2026-07-28T02:45:00+0200,0.0,MW,DE,DE_LU,forecast_solar_generation,Solar,2026-08-05T11:47:58Z
2026-08-05T11:45:45Z,2026-08-05T13:45:45+0200,eaa53f57-a911-4834-9b60-40ab8a7aba1f,2026-07-28T01:00:00Z,2026-07-28T03:00:00+0200,0.0,MW,DE,DE_LU,forecast_solar_generation,Solar,2026-08-05T11:47:58Z
2026-08-05T11:45:45Z,2026-08-05T13:45:45+0200,eaa53f57-a911-4834-9b60-40ab8a7aba1f,2026-07-28T01:15:00Z,2026-07-28T03:15:00+0200,0.0,MW,DE,DE_LU,forecast_solar_generation,Solar,2026-08-05T11:47:58Z
2026-08-05T11:45:45Z,2026-08-05T13:45:45+0200,eaa53f57-a911-4834-9b60-40ab8a7aba1f,2026-07-28T01:30:00Z,2026-07-28T03:30:00+0200,0.0,MW,DE,DE_LU,forecast_solar_generation,Solar,2026-08-05T11:47:58Z
2026-08-05T11:45:45Z,2026-08-05T13:45:45+0200,eaa53f57-a911-4834-9b60-40ab8a7aba1f,2026-07-28T01:45:00Z,2026-07-28T03:45:00+0200,0.0,MW,DE,DE_LU,forecast_solar_generation,Solar,2026-08-05T11:47:58Z
2026-08-05T11:45:45Z,2026-08-05T13:45:45+0200,eaa53f57-a911-4834-9b60-40ab8a7aba1f,2026-07-28T02:00:00Z,2026-07-28T04:00:00+0200,0.0,MW,DE,DE_LU,forecast_solar_generation,Solar,2026-08-05T11:47:58Z
2026-08-05T11:45:45Z,2026-08-05T13:45:45+0200,eaa53f57-a911-4834-9b60-40ab8a7aba1f,2026-07-28T02:15:00Z,2026-07-28T04:15:00+0200,0.0,MW,DE,DE_LU,forecast_solar_generation,Solar,2026-08-05T11:47:58Z
2026-08-05T11:45:45Z,2026-08-05T13:45:45+0200,eaa53f57-a911-4834-9b60-40ab8a7aba1f,2026-07-28T02:30:00Z,2026-07-28T04:30:00+0200,0.0,MW,DE,DE_LU,forecast_solar_generation,Solar,2026-08-05T11:47:58Z
2026-08-05T11:45:45Z,2026-08-05T13:45:45+0200,eaa53f57-a911-4834-9b60-40ab8a7aba1f,2026-07-28T02:45:00Z,2026-07-28T04:45:00+0200,0.0,MW,DE,DE_LU,forecast_solar_generation,Solar,2026-08-05T11:47:58Z
2026-08-05T11:45:45Z,2026-08-05T13:45:45+0200,eaa53f57-a911-4834-9b60-40ab8a7aba1f,2026-07-28T03:00:00Z,2026-07-28T05:00:00+0200,0.39,MW,DE,DE_LU,forecast_solar_generation,Solar,2026-08-05T11:47:58Z
2026-08-05T11:45:45Z,2026-08-05T13:45:45+0200,eaa53f57-a911-4834-9b60-40ab8a7aba1f,2026-07-28T03:15:00Z,2026-07-28T05:15:00+0200,15.25824,MW,DE,DE_LU,forecast_solar_generation,Solar,2026-08-05T11:47:58Z
2026-08-05T11:45:45Z,2026-08-05T13:45:45+0200,eaa53f57-a911-4834-9b60-40ab8a7aba1f,2026-07-28T03:30:00Z,2026-07-28T05:30:00+0200,97.8632,MW,DE,DE_LU,forecast_solar_generation,Solar,2026-08-05T11:47:58Z
2026-08-05T11:45:45Z,2026-08-05T13:45:45+0200,eaa53f57-a911-4834-9b60-40ab8a7aba1f,2026-07-28T03:45:00Z,2026-07-28T05:45:00+0200,389.08718,MW,DE,DE_LU,forecast_solar_generation,Solar,2026-08-05T11:47:58Z
2026-08-05T11:45:45Z,2026-08-05T13:45:45+0200,eaa53f57-a911-4834-9b60-40ab8a7aba1f,2026-07-28T04:00:00Z,2026-07-28T06:00:00+0200,1010.80741,MW,DE,DE_LU,forecast_solar_generation,Solar,2026-08-05T11:47:58Z
2026-08-05T11:45:45Z,2026-08-05T13:45:45+0200,eaa53f57-a911-4834-9b60-40ab8a7aba1f,2026-07-28T04:15:00Z,2026-07-28T06:15:00+0200,1977.37237,MW,DE,DE_LU,forecast_solar_generation,Solar,2026-08-05T11:47:58Z
2026-08-05T11:45:45Z,2026-08-05T13:45:45+0200,eaa53f57-a911-4834-9b60-40ab8a7aba1f,2026-07-28T04:30:00Z,2026-07-28T06:30:00+0200,3172.47924,MW,DE,DE_LU,forecast_solar_generation,Solar,2026-08-05T11:47:58Z
2026-08-05T11:45:45Z,2026-08-05T13:45:45+0200,eaa53f57-a911-4834-9b60-40ab8a7aba1f,2026-07-28T04:45:00Z,2026-07-28T06:45:00+0200,4617.90971,MW,DE,DE_LU,forecast_solar_generation,Solar,2026-08-05T11:47:58Z
2026-08-05T11:45:45Z,2026-08-05T13:45:45+0200,eaa53f57-a911-4834-9b60-40ab8a7aba1f,2026-07-28T05:00:00Z,2026-07-28T07:00:00+0200,6417.09563,MW,DE,DE_LU,forecast_solar_generation,Solar,2026-08-05T11:47:58Z
2026-08-05T11:45:45Z,2026-08-05T13:45:45+0200,eaa53f57-a911-4834-9b60-40ab8a7aba1f,2026-07-28T05:15:00Z,2026-07-28T07:15:00+0200,8614.84916,MW,DE,DE_LU,forecast_solar_generation,Solar,2026-08-05T11:47:58Z
2026-08-05T11:45:45Z,2026-08-05T13:45:45+0200,eaa53f57-a911-4834-9b60-40ab8a7aba1f,2026-07-28T05:30:00Z,2026-07-28T07:30:00+0200,11197.20509,MW,DE,DE_LU,forecast_solar_generation,Solar,2026-08-05T11:47:58Z
2026-08-05T11:45:45Z,2026-08-05T13:45:45+0200,eaa53f57-a911-4834-9b60-40ab8a7aba1f,2026-07-28T05:45:00Z,2026-07-28T07:45:00+0200,14061.67304,MW,DE,DE_LU,forecast_solar_generation,Solar,2026-08-05T11:47:58Z
2026-08-05T11:45:45Z,2026-08-05T13:45:45+0200,eaa53f57-a911-4834-9b60-40ab8a7aba1f,2026-07-28T06:00:00Z,2026-07-28T08:00:00+0200,17078.84919,MW,DE,DE_LU,forecast_solar_generation,Solar,2026-08-05T11:47:58Z
2026-08-05T11:45:45Z,2026-08-05T13:45:45+0200,eaa53f57-a911-4834-9b60-40ab8a7aba1f,2026-07-28T06:15:00Z,2026-07-28T08:15:00+0200,20238.27852,MW,DE,DE_LU,forecast_solar_generation,Solar,2026-08-05T11:47:58Z
2026-08-05T11:45:45Z,2026-08-05T13:45:45+0200,eaa53f57-a911-4834-9b60-40ab8a7aba1f,2026-07-28T06:30:00Z,2026-07-28T08:30:00+0200,23415.34527,MW,DE,DE_LU,forecast_solar_generation,Solar,2026-08-05T11:47:58Z
2026-08-05T11:45:45Z,2026-08-05T13:45:45+0200,eaa53f57-a911-4834-9b60-40ab8a7aba1f,2026-07-28T06:45:00Z,2026-07-28T08:45:00+0200,26538.51022,MW,DE,DE_LU,forecast_solar_generation,Solar,2026-08-05T11:47:58Z
2026-08-05T11:45:45Z,2026-08-05T13:45:45+0200,eaa53f57-a911-4834-9b60-40ab8a7aba1f,2026-07-28T07:00:00Z,2026-07-28T09:00:00+0200,29525.26818,MW,DE,DE_LU,forecast_solar_generation,Solar,2026-08-05T11:47:58Z
2026-08-05T11:45:45Z,2026-08-05T13:45:45+0200,eaa53f57-a911-4834-9b60-40ab8a7aba1f,2026-07-28T07:15:00Z,2026-07-28T09:15:00+0200,32383.48012,MW,DE,DE_LU,forecast_solar_generation,Solar,2026-08-05T11:47:58Z
2026-08-05T11:45:45Z,2026-08-05T13:45:45+0200,eaa53f57-a911-4834-9b60-40ab8a7aba1f,2026-07-28T07:30:00Z,2026-07-28T09:30:00+0200,35083.24531,MW,DE,DE_LU,forecast_solar_generation,Solar,2026-08-05T11:47:58Z
2026-08-05T11:45:45Z,2026-08-05T13:45:45+0200,eaa53f57-a911-4834-9b60-40ab8a7aba1f,2026-07-28T07:45:00Z,2026-07-28T09:45:00+0200,37574.59138,MW,DE,DE_LU,forecast_solar_generation,Solar,2026-08-05T11:47:58Z
2026-08-05T11:45:45Z,2026-08-05T13:45:45+0200,eaa53f57-a911-4834-9b60-40ab8a7aba1f,2026-07-28T08:00:00Z,2026-07-28T10:00:00+0200,39852.2391,MW,DE,DE_LU,forecast_solar_generation,Solar,2026-08-05T11:47:58Z
2026-08-05T11:45:45Z,2026-08-05T13:45:45+0200,eaa53f57-a911-4834-9b60-40ab8a7aba1f,2026-07-28T08:15:00Z,2026-07-28T10:15:00+0200,41901.34303,MW,DE,DE_LU,forecast_solar_generation,Solar,2026-08-05T11:47:58Z
2026-08-05T11:45:45Z,2026-08-05T13:45:45+0200,eaa53f57-a911-4834-9b60-40ab8a7aba1f,2026-07-28T08:30:00Z,2026-07-28T10:30:00+0200,43820.77673,MW,DE,DE_LU,forecast_solar_generation,Solar,2026-08-05T11:47:58Z
2026-08-05T11:45:45Z,2026-08-05T13:45:45+0200,eaa53f57-a911-4834-9b60-40ab8a7aba1f,2026-07-28T08:45:00Z,2026-07-28T10:45:00+0200,45522.05637,MW,DE,DE_LU,forecast_solar_generation,Solar,2026-08-05T11:47:58Z
2026-08-05T11:45:45Z,2026-08-05T13:45:45+0200,eaa53f57-a911-4834-9b60-40ab8a7aba1f,2026-07-28T09:00:00Z,2026-07-28T11:00:00+0200,47005.13039,MW,DE,DE_LU,forecast_solar_generation,Solar,2026-08-05T11:47:58Z
2026-08-05T11:45:45Z,2026-08-05T13:45:45+0200,eaa53f57-a911-4834-9b60-40ab8a7aba1f,2026-07-28T09:15:00Z,2026-07-28T11:15:00+0200,48331.66225,MW,DE,DE_LU,forecast_solar_generation,Solar,2026-08-05T11:47:58Z
2026-08-05T11:45:45Z,2026-08-05T13:45:45+0200,eaa53f57-a911-4834-9b60-40ab8a7aba1f,2026-07-28T09:30:00Z,2026-07-28T11:30:00+0200,49457.2081,MW,DE,DE_LU,forecast_solar_generation,Solar,2026-08-05T11:47:58Z
2026-08-05T11:45:45Z,2026-08-05T13:45:45+0200,eaa53f57-a911-4834-9b60-40ab8a7aba1f,2026-07-28T09:45:00Z,2026-07-28T11:45:00+0200,50391.60662,MW,DE,DE_LU,forecast_solar_generation,Solar,2026-08-05T11:47:58Z
2026-08-05T11:45:45Z,2026-08-05T13:45:45+0200,eaa53f57-a911-4834-9b60-40ab8a7aba1f,2026-07-28T10:00:00Z,2026-07-28T12:00:00+0200,51084.47129,MW,DE,DE_LU,forecast_solar_generation,Solar,2026-08-05T11:47:58Z
2026-08-05T11:45:45Z,2026-08-05T13:45:45+0200,eaa53f57-a911-4834-9b60-40ab8a7aba1f,2026-07-28T10:15:00Z,2026-07-28T12:15:00+0200,51482.10757,MW,DE,DE_LU,forecast_solar_generation,Solar,2026-08-05T11:47:58Z
2026-08-05T11:45:45Z,2026-08-05T13:45:45+0200,eaa53f57-a911-4834-9b60-40ab8a7aba1f,2026-07-28T10:30:00Z,2026-07-28T12:30:00+0200,51845.4245,MW,DE,DE_LU,forecast_solar_generation,Solar,2026-08-05T11:47:58Z
2026-08-05T11:45:45Z,2026-08-05T13:45:45+0200,eaa53f57-a911-4834-9b60-40ab8a7aba1f,2026-07-28T10:45:00Z,2026-07-28T12:45:00+0200,52010.66264,MW,DE,DE_LU,forecast_solar_generation,Solar,2026-08-05T11:47:58Z
2026-08-05T11:45:45Z,2026-08-05T13:45:45+0200,eaa53f57-a911-4834-9b60-40ab8a7aba1f,2026-07-28T11:00:00Z,2026-07-28T13:00:00+0200,52156.85955,MW,DE,DE_LU,forecast_solar_generation,Solar,2026-08-05T11:47:58Z
2026-08-05T11:45:45Z,2026-08-05T13:45:45+0200,eaa53f57-a911-4834-9b60-40ab8a7aba1f,2026-07-28T11:15:00Z,2026-07-28T13:15:00+0200,52067.76793,MW,DE,DE_LU,forecast_solar_generation,Solar,2026-08-05T11:47:58Z
2026-08-05T11:45:45Z,2026-08-05T13:45:45+0200,eaa53f57-a911-4834-9b60-40ab8a7aba1f,2026-07-28T11:30:00Z,2026-07-28T13:30:00+0200,51912.38074,MW,DE,DE_LU,forecast_solar_generation,Solar,2026-08-05T11:47:58Z
2026-08-05T11:45:45Z,2026-08-05T13:45:45+0200,eaa53f57-a911-4834-9b60-40ab8a7aba1f,2026-07-28T11:45:00Z,2026-07-28T13:45:00+0200,51626.47058,MW,DE,DE_LU,forecast_solar_generation,Solar,2026-08-05T11:47:58Z
2026-08-05T11:45:45Z,2026-08-05T13:45:45+0200,eaa53f57-a911-4834-9b60-40ab8a7aba1f,2026-07-28T12:00:00Z,2026-07-28T14:00:00+0200,51142.32666,MW,DE,DE_LU,forecast_solar_generation,Solar,2026-08-05T11:47:58Z
2026-08-05T11:45:45Z,2026-08-05T13:45:45+0200,eaa53f57-a911-4834-9b60-40ab8a7aba1f,2026-07-28T12:15:00Z,2026-07-28T14:15:00+0200,50595.40407,MW,DE,DE_LU,forecast_solar_generation,Solar,2026-08-05T11:47:58Z
2026-08-05T11:45:45Z,2026-08-05T13:45:45+0200,eaa53f57-a911-4834-9b60-40ab8a7aba1f,2026-07-28T12:30:00Z,2026-07-28T14:30:00+0200,50010.06608,MW,DE,DE_LU,forecast_solar_generation,Solar,2026-08-05T11:47:58Z
2026-08-05T11:45:45Z,2026-08-05T13:45:45+0200,eaa53f57-a911-4834-9b60-40ab8a7aba1f,2026-07-28T12:45:00Z,2026-07-28T14:45:00+0200,49147.28247,MW,DE,DE_LU,forecast_solar_generation,Solar,2026-08-05T11:47:58Z
2026-08-05T11:45:45Z,2026-08-05T13:45:45+0200,eaa53f57-a911-4834-9b60-40ab8a7aba1f,2026-07-28T13:00:00Z,2026-07-28T15:00:00+0200,48096.21807,MW,DE,DE_LU,forecast_solar_generation,Solar,2026-08-05T11:47:58Z
2026-08-05T11:45:45Z,2026-08-05T13:45:45+0200,eaa53f57-a911-4834-9b60-40ab8a7aba1f,2026-07-28T13:15:00Z,2026-07-28T15:15:00+0200,46882.99567,MW,DE,DE_LU,forecast_solar_generation,Solar,2026-08-05T11:47:58Z
2026-08-05T11:45:45Z,2026-08-05T13:45:45+0200,eaa53f57-a911-4834-9b60-40ab8a7aba1f,2026-07-28T13:30:00Z,2026-07-28T15:30:00+0200,45534.71432,MW,DE,DE_LU,forecast_solar_generation,Solar,2026-08-05T11:47:58Z
2026-08-05T11:45:45Z,2026-08-05T13:45:45+0200,eaa53f57-a911-4834-9b60-40ab8a7aba1f,2026-07-28T13:45:00Z,2026-07-28T15:45:00+0200,44109.93406,MW,DE,DE_LU,forecast_solar_generation,Solar,2026-08-05T11:47:58Z
2026-08-05T11:45:45Z,2026-08-05T13:45:45+0200,eaa53f57-a911-4834-9b60-40ab8a7aba1f,2026-07-28T14:00:00Z,2026-07-28T16:00:00+0200,42495.64605,MW,DE,DE_LU,forecast_solar_generation,Solar,2026-08-05T11:47:58Z
2026-08-05T11:45:45Z,2026-08-05T13:45:45+0200,eaa53f57-a911-4834-9b60-40ab8a7aba1f,2026-07-28T14:15:00Z,2026-07-28T16:15:00+0200,40726.51004,MW,DE,DE_LU,forecast_solar_generation,Solar,2026-08-05T11:47:58Z
2026-08-05T11:45:45Z,2026-08-05T13:45:45+0200,eaa53f57-a911-4834-9b60-40ab8a7aba1f,2026-07-28T14:30:00Z,2026-07-28T16:30:00+0200,38747.0229,MW,DE,DE_LU,forecast_solar_generation,Solar,2026-08-05T11:47:58Z
2026-08-05T11:45:45Z,2026-08-05T13:45:45+0200,eaa53f57-a911-4834-9b60-40ab8a7aba1f,2026-07-28T14:45:00Z,2026-07-28T16:45:00+0200,36631.24758,MW,DE,DE_LU,forecast_solar_generation,Solar,2026-08-05T11:47:58Z
2026-08-05T11:45:45Z,2026-08-05T13:45:45+0200,eaa53f57-a911-4834-9b60-40ab8a7aba1f,2026-07-28T15:00:00Z,2026-07-28T17:00:00+0200,34266.42624,MW,DE,DE_LU,forecast_solar_generation,Solar,2026-08-05T11:47:58Z
2026-08-05T11:45:45Z,2026-08-05T13:45:45+0200,eaa53f57-a911-4834-9b60-40ab8a7aba1f,2026-07-28T15:15:00Z,2026-07-28T17:15:00+0200,31697.49981,MW,DE,DE_LU,forecast_solar_generation,Solar,2026-08-05T11:47:58Z
2026-08-05T11:45:45Z,2026-08-05T13:45:45+0200,eaa53f57-a911-4834-9b60-40ab8a7aba1f,2026-07-28T15:30:00Z,2026-07-28T17:30:00+0200,28939.64712,MW,DE,DE_LU,forecast_solar_generation,Solar,2026-08-05T11:47:58Z
2026-08-05T11:45:45Z,2026-08-05T13:45:45+0200,eaa53f57-a911-4834-9b60-40ab8a7aba1f,2026-07-28T15:45:00Z,2026-07-28T17:45:00+0200,26096.24103,MW,DE,DE_LU,forecast_solar_generation,Solar,2026-08-05T11:47:58Z
2026-08-05T11:45:45Z,2026-08-05T13:45:45+0200,eaa53f57-a911-4834-9b60-40ab8a7aba1f,2026-07-28T16:00:00Z,2026-07-28T18:00:00+0200,23178.00503,MW,DE,DE_LU,forecast_solar_generation,Solar,2026-08-05T11:47:58Z
2026-08-05T11:45:45Z,2026-08-05T13:45:45+0200,eaa53f57-a911-4834-9b60-40ab8a7aba1f,2026-07-28T16:15:00Z,2026-07-28T18:15:00+0200,20165.75162,MW,DE,DE_LU,forecast_solar_generation,Solar,2026-08-05T11:47:58Z
2026-08-05T11:45:45Z,2026-08-05T13:45:45+0200,eaa53f57-a911-4834-9b60-40ab8a7aba1f,2026-07-28T16:30:00Z,2026-07-28T18:30:00+0200,17130.9462,MW,DE,DE_LU,forecast_solar_generation,Solar,2026-08-05T11:47:58Z
2026-08-05T11:45:45Z,2026-08-05T13:45:45+0200,eaa53f57-a911-4834-9b60-40ab8a7aba1f,2026-07-28T16:45:00Z,2026-07-28T18:45:00+0200,14167.51658,MW,DE,DE_LU,forecast_solar_generation,Solar,2026-08-05T11:47:58Z
2026-08-05T11:45:45Z,2026-08-05T13:45:45+0200,eaa53f57-a911-4834-9b60-40ab8a7aba1f,2026-07-28T17:00:00Z,2026-07-28T19:00:00+0200,11357.44016,MW,DE,DE_LU,forecast_solar_generation,Solar,2026-08-05T11:47:58Z
2026-08-05T11:45:45Z,2026-08-05T13:45:45+0200,eaa53f57-a911-4834-9b60-40ab8a7aba1f,2026-07-28T17:15:00Z,2026-07-28T19:15:00+0200,8801.04109,MW,DE,DE_LU,forecast_solar_generation,Solar,2026-08-05T11:47:58Z
2026-08-05T11:45:45Z,2026-08-05T13:45:45+0200,eaa53f57-a911-4834-9b60-40ab8a7aba1f,2026-07-28T17:30:00Z,2026-07-28T19:30:00+0200,6589.39032,MW,DE,DE_LU,forecast_solar_generation,Solar,2026-08-05T11:47:58Z
2026-08-05T11:45:45Z,2026-08-05T13:45:45+0200,eaa53f57-a911-4834-9b60-40ab8a7aba1f,2026-07-28T17:45:00Z,2026-07-28T19:45:00+0200,4781.27098,MW,DE,DE_LU,forecast_solar_generation,Solar,2026-08-05T11:47:58Z
2026-08-05T11:45:45Z,2026-08-05T13:45:45+0200,eaa53f57-a911-4834-9b60-40ab8a7aba1f,2026-07-28T18:00:00Z,2026-07-28T20:00:00+0200,3346.01266,MW,DE,DE_LU,forecast_solar_generation,Solar,2026-08-05T11:47:58Z
2026-08-05T11:45:45Z,2026-08-05T13:45:45+0200,eaa53f57-a911-4834-9b60-40ab8a7aba1f,2026-07-28T18:15:00Z,2026-07-28T20:15:00+0200,2168.34804,MW,DE,DE_LU,forecast_solar_generation,Solar,2026-08-05T11:47:58Z
2026-08-05T11:45:45Z,2026-08-05T13:45:45+0200,eaa53f57-a911-4834-9b60-40ab8a7aba1f,2026-07-28T18:30:00Z,2026-07-28T20:30:00+0200,1212.27497,MW,DE,DE_LU,forecast_solar_generation,Solar,2026-08-05T11:47:58Z
2026-08-05T11:45:45Z,2026-08-05T13:45:45+0200,eaa53f57-a911-4834-9b60-40ab8a7aba1f,2026-07-28T18:45:00Z,2026-07-28T20:45:00+0200,516.81984,MW,DE,DE_LU,forecast_solar_generation,Solar,2026-08-05T11:47:58Z
2026-08-05T11:45:45Z,2026-08-05T13:45:45+0200,eaa53f57-a911-4834-9b60-40ab8a7aba1f,2026-07-28T19:00:00Z,2026-07-28T21:00:00+0200,152.63097,MW,DE,DE_LU,forecast_solar_generation,Solar,2026-08-05T11:47:58Z
2026-08-05T11:45:45Z,2026-08-05T13:45:45+0200,eaa53f57-a911-4834-9b60-40ab8a7aba1f,2026-07-28T19:15:00Z,2026-07-28T21:15:00+0200,51.18173,MW,DE,DE_LU,forecast_solar_generation,Solar,2026-08-05T11:47:58Z
2026-08-05T11:45:45Z,2026-08-05T13:45:45+0200,eaa53f57-a911-4834-9b60-40ab8a7aba1f,2026-07-28T19:30:00Z,2026-07-28T21:30:00+0200,22.30701,MW,DE,DE_LU,forecast_solar_generation,Solar,2026-08-05T11:47:58Z
2026-08-05T11:45:45Z,2026-08-05T13:45:45+0200,eaa53f57-a911-4834-9b60-40ab8a7aba1f,2026-07-28T19:45:00Z,2026-07-28T21:45:00+0200,0.0,MW,DE,DE_LU,forecast_solar_generation,Solar,2026-08-05T11:47:58Z
2026-08-05T11:45:45Z,2026-08-05T13:45:45+0200,eaa53f57-a911-4834-9b60-40ab8a7aba1f,2026-07-28T20:00:00Z,2026-07-28T22:00:00+0200,0.0,MW,DE,DE_LU,forecast_solar_generation,Solar,2026-08-05T11:47:58Z
2026-08-05T11:45:45Z,2026-08-05T13:45:45+0200,eaa53f57-a911-4834-9b60-40ab8a7aba1f,2026-07-28T20:15:00Z,2026-07-28T22:15:00+0200,0.0,MW,DE,DE_LU,forecast_solar_generation,Solar,2026-08-05T11:47:58Z
2026-08-05T11:45:45Z,2026-08-05T13:45:45+0200,eaa53f57-a911-4834-9b60-40ab8a7aba1f,2026-07-28T20:30:00Z,2026-07-28T22:30:00+0200,0.0,MW,DE,DE_LU,forecast_solar_generation,Solar,2026-08-05T11:47:58Z
2026-08-05T11:45:45Z,2026-08-05T13:45:45+0200,eaa53f57-a911-4834-9b60-40ab8a7aba1f,2026-07-28T20:45:00Z,2026-07-28T22:45:00+0200,0.0,MW,DE,DE_LU,forecast_solar_generation,Solar,2026-08-05T11:47:58Z
2026-08-05T11:45:45Z,2026-08-05T13:45:45+0200,eaa53f57-a911-4834-9b60-40ab8a7aba1f,2026-07-28T21:00:00Z,2026-07-28T23:00:00+0200,0.0,MW,DE,DE_LU,forecast_solar_generation,Solar,2026-08-05T11:47:58Z
2026-08-05T11:45:45Z,2026-08-05T13:45:45+0200,eaa53f57-a911-4834-9b60-40ab8a7aba1f,2026-07-28T21:15:00Z,2026-07-28T23:15:00+0200,0.0,MW,DE,DE_LU,forecast_solar_generation,Solar,2026-08-05T11:47:58Z
2026-08-05T11:45:45Z,2026-08-05T13:45:45+0200,eaa53f57-a911-4834-9b60-40ab8a7aba1f,2026-07-28T21:30:00Z,2026-07-28T23:30:00+0200,0.0,MW,DE,DE_LU,forecast_solar_generation,Solar,2026-08-05T11:47:58Z
2026-08-05T11:45:45Z,2026-08-05T13:45:45+0200,eaa53f57-a911-4834-9b60-40ab8a7aba1f,2026-07-28T21:45:00Z,2026-07-28T23:45:00+0200,0.0,MW,DE,DE_LU,forecast_solar_generation,Solar,2026-08-05T11:47:58Z
2026-08-05T11:45:45Z,2026-08-05T13:45:45+0200,eaa53f57-a911-4834-9b60-40ab8a7aba1f,2026-07-28T22:00:00Z,2026-07-29T00:00:00+0200,0.0,MW,DE,DE_LU,forecast_solar_generation,Solar,2026-08-05T11:47:58Z
2026-08-05T11:45:45Z,2026-08-05T13:45:45+0200,eaa53f57-a911-4834-9b60-40ab8a7aba1f,2026-07-28T22:15:00Z,2026-07-29T00:15:00+0200,0.0,MW,DE,DE_LU,forecast_solar_generation,Solar,2026-08-05T11:47:58Z
2026-08-05T11:45:45Z,2026-08-05T13:45:45+0200,eaa53f57-a911-4834-9b60-40ab8a7aba1f,2026-07-28T22:30:00Z,2026-07-29T00:30:00+0200,0.0,MW,DE,DE_LU,forecast_solar_generation,Solar,2026-08-05T11:47:58Z
2026-08-05T11:45:45Z,2026-08-05T13:45:45+0200,eaa53f57-a911-4834-9b60-40ab8a7aba1f,2026-07-28T22:45:00Z,2026-07-29T00:45:00+0200,0.0,MW,DE,DE_LU,forecast_solar_generation,Solar,2026-08-05T11:47:58Z
2026-08-05T11:45:45Z,2026-08-05T13:45:45+0200,eaa53f57-a911-4834-9b60-40ab8a7aba1f,2026-07-28T23:00:00Z,2026-07-29T01:00:00+0200,0.0,MW,DE,DE_LU,forecast_solar_generation,Solar,2026-08-05T11:47:58Z
2026-08-05T11:45:45Z,2026-08-05T13:45:45+0200,eaa53f57-a911-4834-9b60-40ab8a7aba1f,2026-07-28T23:15:00Z,2026-07-29T01:15:00+0200,0.0,MW,DE,DE_LU,forecast_solar_generation,Solar,2026-08-05T11:47:58Z
2026-08-05T11:45:45Z,2026-08-05T13:45:45+0200,eaa53f57-a911-4834-9b60-40ab8a7aba1f,2026-07-28T23:30:00Z,2026-07-29T01:30:00+0200,0.0,MW,DE,DE_LU,forecast_solar_generation,Solar,2026-08-05T11:47:58Z
2026-08-05T11:45:45Z,2026-08-05T13:45:45+0200,eaa53f57-a911-4834-9b60-40ab8a7aba1f,2026-07-28T23:45:00Z,2026-07-29T01:45:00+0200,0.0,MW,DE,DE_LU,forecast_solar_generation,Solar,2026-08-05T11:47:58Z
2026-08-05T11:45:45Z,2026-08-05T13:45:45+0200,eaa53f57-a911-4834-9b60-40ab8a7aba1f,2026-07-29T00:00:00Z,2026-07-29T02:00:00+0200,0.0,MW,DE,DE_LU,forecast_solar_generation,Solar,2026-08-05T11:47:58Z
2026-08-05T11:45:45Z,2026-08-05T13:45:45+0200,eaa53f57-a911-4834-9b60-40ab8a7aba1f,2026-07-29T00:15:00Z,2026-07-29T02:15:00+0200,0.0,MW,DE,DE_LU,forecast_solar_generation,Solar,2026-08-05T11:47:58Z
2026-08-05T11:45:45Z,2026-08-05T13:45:45+0200,eaa53f57-a911-4834-9b60-40ab8a7aba1f,2026-07-29T00:30:00Z,2026-07-29T02:30:00+0200,0.0,MW,DE,DE_LU,forecast_solar_generation,Solar,2026-08-05T11:47:58Z
2026-08-05T11:45:45Z,2026-08-05T13:45:45+0200,eaa53f57-a911-4834-9b60-40ab8a7aba1f,2026-07-29T00:45:00Z,2026-07-29T02:45:00+0200,0.0,MW,DE,DE_LU,forecast_solar_generation,Solar,2026-08-05T11:47:58Z
2026-08-05T11:45:45Z,2026-08-05T13:45:45+0200,eaa53f57-a911-4834-9b60-40ab8a7aba1f,2026-07-29T01:00:00Z,2026-07-29T03:00:00+0200,0.0,MW,DE,DE_LU,forecast_solar_generation,Solar,2026-08-05T11:47:58Z
2026-08-05T11:45:45Z,2026-08-05T13:45:45+0200,eaa53f57-a911-4834-9b60-40ab8a7aba1f,2026-07-29T01:15:00Z,2026-07-29T03:15:00+0200,0.0,MW,DE,DE_LU,forecast_solar_generation,Solar,2026-08-05T11:47:58Z
2026-08-05T11:45:45Z,2026-08-05T13:45:45+0200,eaa53f57-a911-4834-9b60-40ab8a7aba1f,2026-07-29T01:30:00Z,2026-07-29T03:30:00+0200,0.0,MW,DE,DE_LU,forecast_solar_generation,Solar,2026-08-05T11:47:58Z
2026-08-05T11:45:45Z,2026-08-05T13:45:45+0200,eaa53f57-a911-4834-9b60-40ab8a7aba1f,2026-07-29T01:45:00Z,2026-07-29T03:45:00+0200,0.0,MW,DE,DE_LU,forecast_solar_generation,Solar,2026-08-05T11:47:58Z
2026-08-05T11:45:45Z,2026-08-05T13:45:45+0200,eaa53f57-a911-4834-9b60-40ab8a7aba1f,2026-07-29T02:00:00Z,2026-07-29T04:00:00+0200,0.0,MW,DE,DE_LU,forecast_solar_generation,Solar,2026-08-05T11:47:58Z
2026-08-05T11:45:45Z,2026-08-05T13:45:45+0200,eaa53f57-a911-4834-9b60-40ab8a7aba1f,2026-07-29T02:15:00Z,2026-07-29T04:15:00+0200,0.0,MW,DE,DE_LU,forecast_solar_generation,Solar,2026-08-05T11:47:58Z
2026-08-05T11:45:45Z,2026-08-05T13:45:45+0200,eaa53f57-a911-4834-9b60-40ab8a7aba1f,2026-07-29T02:30:00Z,2026-07-29T04:30:00+0200,0.0,MW,DE,DE_LU,forecast_solar_generation,Solar,2026-08-05T11:47:58Z
2026-08-05T11:45:45Z,2026-08-05T13:45:45+0200,eaa53f57-a911-4834-9b60-40ab8a7aba1f,2026-07-29T02:45:00Z,2026-07-29T04:45:00+0200,0.0,MW,DE,DE_LU,forecast_solar_generation,Solar,2026-08-05T11:47:58Z
2026-08-05T11:45:45Z,2026-08-05T13:45:45+0200,eaa53f57-a911-4834-9b60-40ab8a7aba1f,2026-07-29T03:00:00Z,2026-07-29T05:00:00+0200,0.25,MW,DE,DE_LU,forecast_solar_generation,Solar,2026-08-05T11:47:58Z
2026-08-05T11:45:45Z,2026-08-05T13:45:45+0200,eaa53f57-a911-4834-9b60-40ab8a7aba1f,2026-07-29T03:15:00Z,2026-07-29T05:15:00+0200,10.726,MW,DE,DE_LU,forecast_solar_generation,Solar,2026-08-05T11:47:58Z
2026-08-05T11:45:45Z,2026-08-05T13:45:45+0200,eaa53f57-a911-4834-9b60-40ab8a7aba1f,2026-07-29T03:30:00Z,2026-07-29T05:30:00+0200,79.89698,MW,DE,DE_LU,forecast_solar_generation,Solar,2026-08-05T11:47:58Z
2026-08-05T11:45:45Z,2026-08-05T13:45:45+0200,eaa53f57-a911-4834-9b60-40ab8a7aba1f,2026-07-29T03:45:00Z,2026-07-29T05:45:00+0200,340.60203,MW,DE,DE_LU,forecast_solar_generation,Solar,2026-08-05T11:47:58Z
2026-08-05T11:45:45Z,2026-08-05T13:45:45+0200,eaa53f57-a911-4834-9b60-40ab8a7aba1f,2026-07-29T04:00:00Z,2026-07-29T06:00:00+0200,942.2746,MW,DE,DE_LU,forecast_solar_generation,Solar,2026-08-05T11:47:58Z
2026-08-05T11:45:45Z,2026-08-05T13:45:45+0200,eaa53f57-a911-4834-9b60-40ab8a7aba1f,2026-07-29T04:15:00Z,2026-07-29T06:15:00+0200,1893.10212,MW,DE,DE_LU,forecast_solar_generation,Solar,2026-08-05T11:47:58Z
2026-08-05T11:45:45Z,2026-08-05T13:45:45+0200,eaa53f57-a911-4834-9b60-40ab8a7aba1f,2026-07-29T04:30:00Z,2026-07-29T06:30:00+0200,3079.76163,MW,DE,DE_LU,forecast_solar_generation,Solar,2026-08-05T11:47:58Z
2026-08-05T11:45:45Z,2026-08-05T13:45:45+0200,eaa53f57-a911-4834-9b60-40ab8a7aba1f,2026-07-29T04:45:00Z,2026-07-29T06:45:00+0200,4507.41765,MW,DE,DE_LU,forecast_solar_generation,Solar,2026-08-05T11:47:58Z
2026-08-05T11:45:45Z,2026-08-05T13:45:45+0200,eaa53f57-a911-4834-9b60-40ab8a7aba1f,2026-07-29T05:00:00Z,2026-07-29T07:00:00+0200,6283.35693,MW,DE,DE_LU,forecast_solar_generation,Solar,2026-08-05T11:47:58Z
2026-08-05T11:45:45Z,2026-08-05T13:45:45+0200,eaa53f57-a911-4834-9b60-40ab8a7aba1f,2026-07-29T05:15:00Z,2026-07-29T07:15:00+0200,8471.01894,MW,DE,DE_LU,forecast_solar_generation,Solar,2026-08-05T11:47:58Z
2026-08-05T11:45:45Z,2026-08-05T13:45:45+0200,eaa53f57-a911-4834-9b60-40ab8a7aba1f,2026-07-29T05:30:00Z,2026-07-29T07:30:00+0200,11049.94119,MW,DE,DE_LU,forecast_solar_generation,Solar,2026-08-05T11:47:58Z
2026-08-05T11:45:45Z,2026-08-05T13:45:45+0200,eaa53f57-a911-4834-9b60-40ab8a7aba1f,2026-07-29T05:45:00Z,2026-07-29T07:45:00+0200,13922.18769,MW,DE,DE_LU,forecast_solar_generation,Solar,2026-08-05T11:47:58Z
2026-08-05T11:45:45Z,2026-08-05T13:45:45+0200,eaa53f57-a911-4834-9b60-40ab8a7aba1f,2026-07-29T06:00:00Z,2026-07-29T08:00:00+0200,16958.20191,MW,DE,DE_LU,forecast_solar_generation,Solar,2026-08-05T11:47:58Z
2026-08-05T11:45:45Z,2026-08-05T13:45:45+0200,eaa53f57-a911-4834-9b60-40ab8a7aba1f,2026-07-29T06:15:00Z,2026-07-29T08:15:00+0200,20121.72378,MW,DE,DE_LU,forecast_solar_generation,Solar,2026-08-05T11:47:58Z
2026-08-05T11:45:45Z,2026-08-05T13:45:45+0200,eaa53f57-a911-4834-9b60-40ab8a7aba1f,2026-07-29T06:30:00Z,2026-07-29T08:30:00+0200,23336.69507,MW,DE,DE_LU,forecast_solar_generation,Solar,2026-08-05T11:47:58Z
2026-08-05T11:45:45Z,2026-08-05T13:45:45+0200,eaa53f57-a911-4834-9b60-40ab8a7aba1f,2026-07-29T06:45:00Z,2026-07-29T08:45:00+0200,26507.06189,MW,DE,DE_LU,forecast_solar_generation,Solar,2026-08-05T11:47:58Z
2026-08-05T11:45:45Z,2026-08-05T13:45:45+0200,eaa53f57-a911-4834-9b60-40ab8a7aba1f,2026-07-29T07:00:00Z,2026-07-29T09:00:00+0200,29656.87052,MW,DE,DE_LU,forecast_solar_generation,Solar,2026-08-05T11:47:58Z
2026-08-05T11:45:45Z,2026-08-05T13:45:45+0200,eaa53f57-a911-4834-9b60-40ab8a7aba1f,2026-07-29T07:15:00Z,2026-07-29T09:15:00+0200,32631.66867,MW,DE,DE_LU,forecast_solar_generation,Solar,2026-08-05T11:47:58Z
2026-08-05T11:45:45Z,2026-08-05T13:45:45+0200,eaa53f57-a911-4834-9b60-40ab8a7aba1f,2026-07-29T07:30:00Z,2026-07-29T09:30:00+0200,35480.31017,MW,DE,DE_LU,forecast_solar_generation,Solar,2026-08-05T11:47:58Z
2026-08-05T11:45:45Z,2026-08-05T13:45:45+0200,eaa53f57-a911-4834-9b60-40ab8a7aba1f,2026-07-29T07:45:00Z,2026-07-29T09:45:00+0200,38193.06059,MW,DE,DE_LU,forecast_solar_generation,Solar,2026-08-05T11:47:58Z
2026-08-05T11:45:45Z,2026-08-05T13:45:45+0200,eaa53f57-a911-4834-9b60-40ab8a7aba1f,2026-07-29T08:00:00Z,2026-07-29T10:00:00+0200,40707.40422,MW,DE,DE_LU,forecast_solar_generation,Solar,2026-08-05T11:47:58Z
2026-08-05T11:45:45Z,2026-08-05T13:45:45+0200,eaa53f57-a911-4834-9b60-40ab8a7aba1f,2026-07-29T08:15:00Z,2026-07-29T10:15:00+0200,43002.30372,MW,DE,DE_LU,forecast_solar_generation,Solar,2026-08-05T11:47:58Z
2026-08-05T11:45:45Z,2026-08-05T13:45:45+0200,eaa53f57-a911-4834-9b60-40ab8a7aba1f,2026-07-29T08:30:00Z,2026-07-29T10:30:00+0200,45136.4724,MW,DE,DE_LU,forecast_solar_generation,Solar,2026-08-05T11:47:58Z
2026-08-05T11:45:45Z,2026-08-05T13:45:45+0200,eaa53f57-a911-4834-9b60-40ab8a7aba1f,2026-07-29T08:45:00Z,2026-07-29T10:45:00+0200,47084.41635,MW,DE,DE_LU,forecast_solar_generation,Solar,2026-08-05T11:47:58Z
2026-08-05T11:45:45Z,2026-08-05T13:45:45+0200,eaa53f57-a911-4834-9b60-40ab8a7aba1f,2026-07-29T09:00:00Z,2026-07-29T11:00:00+0200,48805.85893,MW,DE,DE_LU,forecast_solar_generation,Solar,2026-08-05T11:47:58Z
2026-08-05T11:45:45Z,2026-08-05T13:45:45+0200,eaa53f57-a911-4834-9b60-40ab8a7aba1f,2026-07-29T09:15:00Z,2026-07-29T11:15:00+0200,50403.38894,MW,DE,DE_LU,forecast_solar_generation,Solar,2026-08-05T11:47:58Z
2026-08-05T11:45:45Z,2026-08-05T13:45:45+0200,eaa53f57-a911-4834-9b60-40ab8a7aba1f,2026-07-29T09:30:00Z,2026-07-29T11:30:00+0200,51794.87018,MW,DE,DE_LU,forecast_solar_generation,Solar,2026-08-05T11:47:58Z
2026-08-05T11:45:45Z,2026-08-05T13:45:45+0200,eaa53f57-a911-4834-9b60-40ab8a7aba1f,2026-07-29T09:45:00Z,2026-07-29T11:45:00+0200,53000.64298,MW,DE,DE_LU,forecast_solar_generation,Solar,2026-08-05T11:47:58Z
2026-08-05T11:45:45Z,2026-08-05T13:45:45+0200,eaa53f57-a911-4834-9b60-40ab8a7aba1f,2026-07-29T10:00:00Z,2026-07-29T12:00:00+0200,54017.90229,MW,DE,DE_LU,forecast_solar_generation,Solar,2026-08-05T11:47:58Z
2026-08-05T11:45:45Z,2026-08-05T13:45:45+0200,eaa53f57-a911-4834-9b60-40ab8a7aba1f,2026-07-29T10:15:00Z,2026-07-29T12:15:00+0200,54764.86343,MW,DE,DE_LU,forecast_solar_generation,Solar,2026-08-05T11:47:58Z
2026-08-05T11:45:45Z,2026-08-05T13:45:45+0200,eaa53f57-a911-4834-9b60-40ab8a7aba1f,2026-07-29T10:30:00Z,2026-07-29T12:30:00+0200,55279.67725,MW,DE,DE_LU,forecast_solar_generation,Solar,2026-08-05T11:47:58Z
2026-08-05T11:45:45Z,2026-08-05T13:45:45+0200,eaa53f57-a911-4834-9b60-40ab8a7aba1f,2026-07-29T10:45:00Z,2026-07-29T12:45:00+0200,55709.94709,MW,DE,DE_LU,forecast_solar_generation,Solar,2026-08-05T11:47:58Z
2026-08-05T11:45:45Z,2026-08-05T13:45:45+0200,eaa53f57-a911-4834-9b60-40ab8a7aba1f,2026-07-29T11:00:00Z,2026-07-29T13:00:00+0200,55999.90726,MW,DE,DE_LU,forecast_solar_generation,Solar,2026-08-05T11:47:58Z
2026-08-05T11:45:45Z,2026-08-05T13:45:45+0200,eaa53f57-a911-4834-9b60-40ab8a7aba1f,2026-07-29T11:15:00Z,2026-07-29T13:15:00+0200,56102.6992,MW,DE,DE_LU,forecast_solar_generation,Solar,2026-08-05T11:47:58Z
2026-08-05T11:45:45Z,2026-08-05T13:45:45+0200,eaa53f57-a911-4834-9b60-40ab8a7aba1f,2026-07-29T11:30:00Z,2026-07-29T13:30:00+0200,56111.71862,MW,DE,DE_LU,forecast_solar_generation,Solar,2026-08-05T11:47:58Z
2026-08-05T11:45:45Z,2026-08-05T13:45:45+0200,eaa53f57-a911-4834-9b60-40ab8a7aba1f,2026-07-29T11:45:00Z,2026-07-29T13:45:00+0200,55957.79353,MW,DE,DE_LU,forecast_solar_generation,Solar,2026-08-05T11:47:58Z
2026-08-05T11:45:45Z,2026-08-05T13:45:45+0200,eaa53f57-a911-4834-9b60-40ab8a7aba1f,2026-07-29T12:00:00Z,2026-07-29T14:00:00+0200,55712.62268,MW,DE,DE_LU,forecast_solar_generation,Solar,2026-08-05T11:47:58Z
2026-08-05T11:45:45Z,2026-08-05T13:45:45+0200,eaa53f57-a911-4834-9b60-40ab8a7aba1f,2026-07-29T12:15:00Z,2026-07-29T14:15:00+0200,55174.91327,MW,DE,DE_LU,forecast_solar_generation,Solar,2026-08-05T11:47:58Z
2026-08-05T11:45:45Z,2026-08-05T13:45:45+0200,eaa53f57-a911-4834-9b60-40ab8a7aba1f,2026-07-29T12:30:00Z,2026-07-29T14:30:00+0200,54416.32294,MW,DE,DE_LU,forecast_solar_generation,Solar,2026-08-05T11:47:58Z
2026-08-05T11:45:45Z,2026-08-05T13:45:45+0200,eaa53f57-a911-4834-9b60-40ab8a7aba1f,2026-07-29T12:45:00Z,2026-07-29T14:45:00+0200,53516.20806,MW,DE,DE_LU,forecast_solar_generation,Solar,2026-08-05T11:47:58Z
2026-08-05T11:45:45Z,2026-08-05T13:45:45+0200,eaa53f57-a911-4834-9b60-40ab8a7aba1f,2026-07-29T13:00:00Z,2026-07-29T15:00:00+0200,52377.4265,MW,DE,DE_LU,forecast_solar_generation,Solar,2026-08-05T11:47:58Z
2026-08-05T11:45:45Z,2026-08-05T13:45:45+0200,eaa53f57-a911-4834-9b60-40ab8a7aba1f,2026-07-29T13:15:00Z,2026-07-29T15:15:00+0200,51034.80145,MW,DE,DE_LU,forecast_solar_generation,Solar,2026-08-05T11:47:58Z
2026-08-05T11:45:45Z,2026-08-05T13:45:45+0200,eaa53f57-a911-4834-9b60-40ab8a7aba1f,2026-07-29T13:30:00Z,2026-07-29T15:30:00+0200,49477.14149,MW,DE,DE_LU,forecast_solar_generation,Solar,2026-08-05T11:47:58Z
2026-08-05T11:45:45Z,2026-08-05T13:45:45+0200,eaa53f57-a911-4834-9b60-40ab8a7aba1f,2026-07-29T13:45:00Z,2026-07-29T15:45:00+0200,47762.01595,MW,DE,DE_LU,forecast_solar_generation,Solar,2026-08-05T11:47:58Z
2026-08-05T11:45:45Z,2026-08-05T13:45:45+0200,eaa53f57-a911-4834-9b60-40ab8a7aba1f,2026-07-29T14:00:00Z,2026-07-29T16:00:00+0200,45805.42458,MW,DE,DE_LU,forecast_solar_generation,Solar,2026-08-05T11:47:58Z
2026-08-05T11:45:45Z,2026-08-05T13:45:45+0200,eaa53f57-a911-4834-9b60-40ab8a7aba1f,2026-07-29T14:15:00Z,2026-07-29T16:15:00+0200,43798.98815,MW,DE,DE_LU,forecast_solar_generation,Solar,2026-08-05T11:47:58Z
2026-08-05T11:45:45Z,2026-08-05T13:45:45+0200,eaa53f57-a911-4834-9b60-40ab8a7aba1f,2026-07-29T14:30:00Z,2026-07-29T16:30:00+0200,41568.74916,MW,DE,DE_LU,forecast_solar_generation,Solar,2026-08-05T11:47:58Z
2026-08-05T11:45:45Z,2026-08-05T13:45:45+0200,eaa53f57-a911-4834-9b60-40ab8a7aba1f,2026-07-29T14:45:00Z,2026-07-29T16:45:00+0200,39099.48067,MW,DE,DE_LU,forecast_solar_generation,Solar,2026-08-05T11:47:58Z
2026-08-05T11:45:45Z,2026-08-05T13:45:45+0200,eaa53f57-a911-4834-9b60-40ab8a7aba1f,2026-07-29T15:00:00Z,2026-07-29T17:00:00+0200,36416.45667,MW,DE,DE_LU,forecast_solar_generation,Solar,2026-08-05T11:47:58Z
2026-08-05T11:45:45Z,2026-08-05T13:45:45+0200,eaa53f57-a911-4834-9b60-40ab8a7aba1f,2026-07-29T15:15:00Z,2026-07-29T17:15:00+0200,33449.02482,MW,DE,DE_LU,forecast_solar_generation,Solar,2026-08-05T11:47:58Z
2026-08-05T11:45:45Z,2026-08-05T13:45:45+0200,eaa53f57-a911-4834-9b60-40ab8a7aba1f,2026-07-29T15:30:00Z,2026-07-29T17:30:00+0200,30406.44793,MW,DE,DE_LU,forecast_solar_generation,Solar,2026-08-05T11:47:58Z
2026-08-05T11:45:45Z,2026-08-05T13:45:45+0200,eaa53f57-a911-4834-9b60-40ab8a7aba1f,2026-07-29T15:45:00Z,2026-07-29T17:45:00+0200,27271.92156,MW,DE,DE_LU,forecast_solar_generation,Solar,2026-08-05T11:47:58Z
2026-08-05T11:45:45Z,2026-08-05T13:45:45+0200,eaa53f57-a911-4834-9b60-40ab8a7aba1f,2026-07-29T16:00:00Z,2026-07-29T18:00:00+0200,24060.90505,MW,DE,DE_LU,forecast_solar_generation,Solar,2026-08-05T11:47:58Z
2026-08-05T11:45:45Z,2026-08-05T13:45:45+0200,eaa53f57-a911-4834-9b60-40ab8a7aba1f,2026-07-29T16:15:00Z,2026-07-29T18:15:00+0200,20779.38436,MW,DE,DE_LU,forecast_solar_generation,Solar,2026-08-05T11:47:58Z
2026-08-05T11:45:45Z,2026-08-05T13:45:45+0200,eaa53f57-a911-4834-9b60-40ab8a7aba1f,2026-07-29T16:30:00Z,2026-07-29T18:30:00+0200,17505.30143,MW,DE,DE_LU,forecast_solar_generation,Solar,2026-08-05T11:47:58Z
2026-08-05T11:45:45Z,2026-08-05T13:45:45+0200,eaa53f57-a911-4834-9b60-40ab8a7aba1f,2026-07-29T16:45:00Z,2026-07-29T18:45:00+0200,14359.60913,MW,DE,DE_LU,forecast_solar_generation,Solar,2026-08-05T11:47:58Z
2026-08-05T11:45:45Z,2026-08-05T13:45:45+0200,eaa53f57-a911-4834-9b60-40ab8a7aba1f,2026-07-29T17:00:00Z,2026-07-29T19:00:00+0200,11425.78897,MW,DE,DE_LU,forecast_solar_generation,Solar,2026-08-05T11:47:58Z
2026-08-05T11:45:45Z,2026-08-05T13:45:45+0200,eaa53f57-a911-4834-9b60-40ab8a7aba1f,2026-07-29T17:15:00Z,2026-07-29T19:15:00+0200,8770.90506,MW,DE,DE_LU,forecast_solar_generation,Solar,2026-08-05T11:47:58Z
2026-08-05T11:45:45Z,2026-08-05T13:45:45+0200,eaa53f57-a911-4834-9b60-40ab8a7aba1f,2026-07-29T17:30:00Z,2026-07-29T19:30:00+0200,6519.49664,MW,DE,DE_LU,forecast_solar_generation,Solar,2026-08-05T11:47:58Z
2026-08-05T11:45:45Z,2026-08-05T13:45:45+0200,eaa53f57-a911-4834-9b60-40ab8a7aba1f,2026-07-29T17:45:00Z,2026-07-29T19:45:00+0200,4722.20091,MW,DE,DE_LU,forecast_solar_generation,Solar,2026-08-05T11:47:58Z
2026-08-05T11:45:45Z,2026-08-05T13:45:45+0200,eaa53f57-a911-4834-9b60-40ab8a7aba1f,2026-07-29T18:00:00Z,2026-07-29T20:00:00+0200,3319.39343,MW,DE,DE_LU,forecast_solar_generation,Solar,2026-08-05T11:47:58Z
2026-08-05T11:45:45Z,2026-08-05T13:45:45+0200,eaa53f57-a911-4834-9b60-40ab8a7aba1f,2026-07-29T18:15:00Z,2026-07-29T20:15:00+0200,2168.65974,MW,DE,DE_LU,forecast_solar_generation,Solar,2026-08-05T11:47:58Z
2026-08-05T11:45:45Z,2026-08-05T13:45:45+0200,eaa53f57-a911-4834-9b60-40ab8a7aba1f,2026-07-29T18:30:00Z,2026-07-29T20:30:00+0200,1215.3601,MW,DE,DE_LU,forecast_solar_generation,Solar,2026-08-05T11:47:58Z
2026-08-05T11:45:45Z,2026-08-05T13:45:45+0200,eaa53f57-a911-4834-9b60-40ab8a7aba1f,2026-07-29T18:45:00Z,2026-07-29T20:45:00+0200,509.54893,MW,DE,DE_LU,forecast_solar_generation,Solar,2026-08-05T11:47:58Z
2026-08-05T11:45:45Z,2026-08-05T13:45:45+0200,eaa53f57-a911-4834-9b60-40ab8a7aba1f,2026-07-29T19:00:00Z,2026-07-29T21:00:00+0200,136.36749,MW,DE,DE_LU,forecast_solar_generation,Solar,2026-08-05T11:47:58Z
2026-08-05T11:45:45Z,2026-08-05T13:45:45+0200,eaa53f57-a911-4834-9b60-40ab8a7aba1f,2026-07-29T19:15:00Z,2026-07-29T21:15:00+0200,35.99909,MW,DE,DE_LU,forecast_solar_generation,Solar,2026-08-05T11:47:58Z
2026-08-05T11:45:45Z,2026-08-05T13:45:45+0200,eaa53f57-a911-4834-9b60-40ab8a7aba1f,2026-07-29T19:30:00Z,2026-07-29T21:30:00+0200,11.37822,MW,DE,DE_LU,forecast_solar_generation,Solar,2026-08-05T11:47:58Z
2026-08-05T11:45:45Z,2026-08-05T13:45:45+0200,eaa53f57-a911-4834-9b60-40ab8a7aba1f,2026-07-29T19:45:00Z,2026-07-29T21:45:00+0200,0.0,MW,DE,DE_LU,forecast_solar_generation,Solar,2026-08-05T11:47:58Z
2026-08-05T11:45:45Z,2026-08-05T13:45:45+0200,eaa53f57-a911-4834-9b60-40ab8a7aba1f,2026-07-29T20:00:00Z,2026-07-29T22:00:00+0200,0.0,MW,DE,DE_LU,forecast_solar_generation,Solar,2026-08-05T11:47:58Z
2026-08-05T11:45:45Z,2026-08-05T13:45:45+0200,eaa53f57-a911-4834-9b60-40ab8a7aba1f,2026-07-29T20:15:00Z,2026-07-29T22:15:00+0200,0.0,MW,DE,DE_LU,forecast_solar_generation,Solar,2026-08-05T11:47:58Z
2026-08-05T11:45:45Z,2026-08-05T13:45:45+0200,eaa53f57-a911-4834-9b60-40ab8a7aba1f,2026-07-29T20:30:00Z,2026-07-29T22:30:00+0200,0.0,MW,DE,DE_LU,forecast_solar_generation,Solar,2026-08-05T11:47:58Z
2026-08-05T11:45:45Z,2026-08-05T13:45:45+0200,eaa53f57-a911-4834-9b60-40ab8a7aba1f,2026-07-29T20:45:00Z,2026-07-29T22:45:00+0200,0.0,MW,DE,DE_LU,forecast_solar_generation,Solar,2026-08-05T11:47:58Z
2026-08-05T11:45:45Z,2026-08-05T13:45:45+0200,eaa53f57-a911-4834-9b60-40ab8a7aba1f,2026-07-29T21:00:00Z,2026-07-29T23:00:00+0200,0.0,MW,DE,DE_LU,forecast_solar_generation,Solar,2026-08-05T11:47:58Z
2026-08-05T11:45:45Z,2026-08-05T13:45:45+0200,eaa53f57-a911-4834-9b60-40ab8a7aba1f,2026-07-29T21:15:00Z,2026-07-29T23:15:00+0200,0.0,MW,DE,DE_LU,forecast_solar_generation,Solar,2026-08-05T11:47:58Z
2026-08-05T11:45:45Z,2026-08-05T13:45:45+0200,eaa53f57-a911-4834-9b60-40ab8a7aba1f,2026-07-29T21:30:00Z,2026-07-29T23:30:00+0200,0.0,MW,DE,DE_LU,forecast_solar_generation,Solar,2026-08-05T11:47:58Z
2026-08-05T11:45:45Z,2026-08-05T13:45:45+0200,eaa53f57-a911-4834-9b60-40ab8a7aba1f,2026-07-29T21:45:00Z,2026-07-29T23:45:00+0200,0.0,MW,DE,DE_LU,forecast_solar_generation,Solar,2026-08-05T11:47:58Z
2026-08-05T11:45:45Z,2026-08-05T13:45:45+0200,eaa53f57-a911-4834-9b60-40ab8a7aba1f,2026-07-29T22:00:00Z,2026-07-30T00:00:00+0200,0.0,MW,DE,DE_LU,forecast_solar_generation,Solar,2026-08-05T11:47:58Z
2026-08-05T11:45:45Z,2026-08-05T13:45:45+0200,eaa53f57-a911-4834-9b60-40ab8a7aba1f,2026-07-29T22:15:00Z,2026-07-30T00:15:00+0200,0.0,MW,DE,DE_LU,forecast_solar_generation,Solar,2026-08-05T11:47:58Z
2026-08-05T11:45:45Z,2026-08-05T13:45:45+0200,eaa53f57-a911-4834-9b60-40ab8a7aba1f,2026-07-29T22:30:00Z,2026-07-30T00:30:00+0200,0.0,MW,DE,DE_LU,forecast_solar_generation,Solar,2026-08-05T11:47:58Z
2026-08-05T11:45:45Z,2026-08-05T13:45:45+0200,eaa53f57-a911-4834-9b60-40ab8a7aba1f,2026-07-29T22:45:00Z,2026-07-30T00:45:00+0200,0.0,MW,DE,DE_LU,forecast_solar_generation,Solar,2026-08-05T11:47:58Z
2026-08-05T11:45:45Z,2026-08-05T13:45:45+0200,eaa53f57-a911-4834-9b60-40ab8a7aba1f,2026-07-29T23:00:00Z,2026-07-30T01:00:00+0200,0.0,MW,DE,DE_LU,forecast_solar_generation,Solar,2026-08-05T11:47:58Z
2026-08-05T11:45:45Z,2026-08-05T13:45:45+0200,eaa53f57-a911-4834-9b60-40ab8a7aba1f,2026-07-29T23:15:00Z,2026-07-30T01:15:00+0200,0.0,MW,DE,DE_LU,forecast_solar_generation,Solar,2026-08-05T11:47:58Z
2026-08-05T11:45:45Z,2026-08-05T13:45:45+0200,eaa53f57-a911-4834-9b60-40ab8a7aba1f,2026-07-29T23:30:00Z,2026-07-30T01:30:00+0200,0.0,MW,DE,DE_LU,forecast_solar_generation,Solar,2026-08-05T11:47:58Z
2026-08-05T11:45:45Z,2026-08-05T13:45:45+0200,eaa53f57-a911-4834-9b60-40ab8a7aba1f,2026-07-29T23:45:00Z,2026-07-30T01:45:00+0200,0.0,MW,DE,DE_LU,forecast_solar_generation,Solar,2026-08-05T11:47:58Z
2026-08-05T11:45:45Z,2026-08-05T13:45:45+0200,eaa53f57-a911-4834-9b60-40ab8a7aba1f,2026-07-30T00:00:00Z,2026-07-30T02:00:00+0200,0.0,MW,DE,DE_LU,forecast_solar_generation,Solar,2026-08-05T11:47:58Z
2026-08-05T11:45:45Z,2026-08-05T13:45:45+0200,eaa53f57-a911-4834-9b60-40ab8a7aba1f,2026-07-30T00:15:00Z,2026-07-30T02:15:00+0200,0.0,MW,DE,DE_LU,forecast_solar_generation,Solar,2026-08-05T11:47:58Z
2026-08-05T11:45:45Z,2026-08-05T13:45:45+0200,eaa53f57-a911-4834-9b60-40ab8a7aba1f,2026-07-30T00:30:00Z,2026-07-30T02:30:00+0200,0.0,MW,DE,DE_LU,forecast_solar_generation,Solar,2026-08-05T11:47:58Z
2026-08-05T11:45:45Z,2026-08-05T13:45:45+0200,eaa53f57-a911-4834-9b60-40ab8a7aba1f,2026-07-30T00:45:00Z,2026-07-30T02:45:00+0200,0.0,MW,DE,DE_LU,forecast_solar_generation,Solar,2026-08-05T11:47:58Z
2026-08-05T11:45:45Z,2026-08-05T13:45:45+0200,eaa53f57-a911-4834-9b60-40ab8a7aba1f,2026-07-30T01:00:00Z,2026-07-30T03:00:00+0200,0.0,MW,DE,DE_LU,forecast_solar_generation,Solar,2026-08-05T11:47:58Z
2026-08-05T11:45:45Z,2026-08-05T13:45:45+0200,eaa53f57-a911-4834-9b60-40ab8a7aba1f,2026-07-30T01:15:00Z,2026-07-30T03:15:00+0200,0.0,MW,DE,DE_LU,forecast_solar_generation,Solar,2026-08-05T11:47:58Z
2026-08-05T11:45:45Z,2026-08-05T13:45:45+0200,eaa53f57-a911-4834-9b60-40ab8a7aba1f,2026-07-30T01:30:00Z,2026-07-30T03:30:00+0200,0.0,MW,DE,DE_LU,forecast_solar_generation,Solar,2026-08-05T11:47:58Z
2026-08-05T11:45:45Z,2026-08-05T13:45:45+0200,eaa53f57-a911-4834-9b60-40ab8a7aba1f,2026-07-30T01:45:00Z,2026-07-30T03:45:00+0200,0.0,MW,DE,DE_LU,forecast_solar_generation,Solar,2026-08-05T11:47:58Z
2026-08-05T11:45:45Z,2026-08-05T13:45:45+0200,eaa53f57-a911-4834-9b60-40ab8a7aba1f,2026-07-30T02:00:00Z,2026-07-30T04:00:00+0200,0.0,MW,DE,DE_LU,forecast_solar_generation,Solar,2026-08-05T11:47:58Z
2026-08-05T11:45:45Z,2026-08-05T13:45:45+0200,eaa53f57-a911-4834-9b60-40ab8a7aba1f,2026-07-30T02:15:00Z,2026-07-30T04:15:00+0200,0.0,MW,DE,DE_LU,forecast_solar_generation,Solar,2026-08-05T11:47:58Z
2026-08-05T11:45:45Z,2026-08-05T13:45:45+0200,eaa53f57-a911-4834-9b60-40ab8a7aba1f,2026-07-30T02:30:00Z,2026-07-30T04:30:00+0200,0.0,MW,DE,DE_LU,forecast_solar_generation,Solar,2026-08-05T11:47:58Z
2026-08-05T11:45:45Z,2026-08-05T13:45:45+0200,eaa53f57-a911-4834-9b60-40ab8a7aba1f,2026-07-30T02:45:00Z,2026-07-30T04:45:00+0200,0.0,MW,DE,DE_LU,forecast_solar_generation,Solar,2026-08-05T11:47:58Z
2026-08-05T11:45:45Z,2026-08-05T13:45:45+0200,eaa53f57-a911-4834-9b60-40ab8a7aba1f,2026-07-30T03:00:00Z,2026-07-30T05:00:00+0200,0.28,MW,DE,DE_LU,forecast_solar_generation,Solar,2026-08-05T11:47:58Z
2026-08-05T11:45:45Z,2026-08-05T13:45:45+0200,eaa53f57-a911-4834-9b60-40ab8a7aba1f,2026-07-30T03:15:00Z,2026-07-30T05:15:00+0200,10.171,MW,DE,DE_LU,forecast_solar_generation,Solar,2026-08-05T11:47:58Z
2026-08-05T11:45:45Z,2026-08-05T13:45:45+0200,eaa53f57-a911-4834-9b60-40ab8a7aba1f,2026-07-30T03:30:00Z,2026-07-30T05:30:00+0200,90.53947,MW,DE,DE_LU,forecast_solar_generation,Solar,2026-08-05T11:47:58Z
2026-08-05T11:45:45Z,2026-08-05T13:45:45+0200,eaa53f57-a911-4834-9b60-40ab8a7aba1f,2026-07-30T03:45:00Z,2026-07-30T05:45:00+0200,363.06348,MW,DE,DE_LU,forecast_solar_generation,Solar,2026-08-05T11:47:58Z
2026-08-05T11:45:45Z,2026-08-05T13:45:45+0200,eaa53f57-a911-4834-9b60-40ab8a7aba1f,2026-07-30T04:00:00Z,2026-07-30T06:00:00+0200,997.52615,MW,DE,DE_LU,forecast_solar_generation,Solar,2026-08-05T11:47:58Z
2026-08-05T11:45:45Z,2026-08-05T13:45:45+0200,eaa53f57-a911-4834-9b60-40ab8a7aba1f,2026-07-30T04:15:00Z,2026-07-30T06:15:00+0200,1967.05307,MW,DE,DE_LU,forecast_solar_generation,Solar,2026-08-05T11:47:58Z
2026-08-05T11:45:45Z,2026-08-05T13:45:45+0200,eaa53f57-a911-4834-9b60-40ab8a7aba1f,2026-07-30T04:30:00Z,2026-07-30T06:30:00+0200,3163.21775,MW,DE,DE_LU,forecast_solar_generation,Solar,2026-08-05T11:47:58Z
2026-08-05T11:45:45Z,2026-08-05T13:45:45+0200,eaa53f57-a911-4834-9b60-40ab8a7aba1f,2026-07-30T04:45:00Z,2026-07-30T06:45:00+0200,4629.59309,MW,DE,DE_LU,forecast_solar_generation,Solar,2026-08-05T11:47:58Z
2026-08-05T11:45:45Z,2026-08-05T13:45:45+0200,eaa53f57-a911-4834-9b60-40ab8a7aba1f,2026-07-30T05:00:00Z,2026-07-30T07:00:00+0200,6490.75626,MW,DE,DE_LU,forecast_solar_generation,Solar,2026-08-05T11:47:58Z
2026-08-05T11:45:45Z,2026-08-05T13:45:45+0200,eaa53f57-a911-4834-9b60-40ab8a7aba1f,2026-07-30T05:15:00Z,2026-07-30T07:15:00+0200,8824.81961,MW,DE,DE_LU,forecast_solar_generation,Solar,2026-08-05T11:47:58Z
2026-08-05T11:45:45Z,2026-08-05T13:45:45+0200,eaa53f57-a911-4834-9b60-40ab8a7aba1f,2026-07-30T05:30:00Z,2026-07-30T07:30:00+0200,11566.64,MW,DE,DE_LU,forecast_solar_generation,Solar,2026-08-05T11:47:58Z
2026-08-05T11:45:45Z,2026-08-05T13:45:45+0200,eaa53f57-a911-4834-9b60-40ab8a7aba1f,2026-07-30T05:45:00Z,2026-07-30T07:45:00+0200,14582.76255,MW,DE,DE_LU,forecast_solar_generation,Solar,2026-08-05T11:47:58Z
2026-08-05T11:45:45Z,2026-08-05T13:45:45+0200,eaa53f57-a911-4834-9b60-40ab8a7aba1f,2026-07-30T06:00:00Z,2026-07-30T08:00:00+0200,17799.27371,MW,DE,DE_LU,forecast_solar_generation,Solar,2026-08-05T11:47:58Z
2026-08-05T11:45:45Z,2026-08-05T13:45:45+0200,eaa53f57-a911-4834-9b60-40ab8a7aba1f,2026-07-30T06:15:00Z,2026-07-30T08:15:00+0200,21114.34478,MW,DE,DE_LU,forecast_solar_generation,Solar,2026-08-05T11:47:58Z
2026-08-05T11:45:45Z,2026-08-05T13:45:45+0200,eaa53f57-a911-4834-9b60-40ab8a7aba1f,2026-07-30T06:30:00Z,2026-07-30T08:30:00+0200,24458.51805,MW,DE,DE_LU,forecast_solar_generation,Solar,2026-08-05T11:47:58Z
2026-08-05T11:45:45Z,2026-08-05T13:45:45+0200,eaa53f57-a911-4834-9b60-40ab8a7aba1f,2026-07-30T06:45:00Z,2026-07-30T08:45:00+0200,27717.18728,MW,DE,DE_LU,forecast_solar_generation,Solar,2026-08-05T11:47:58Z
2026-08-05T11:45:45Z,2026-08-05T13:45:45+0200,eaa53f57-a911-4834-9b60-40ab8a7aba1f,2026-07-30T07:00:00Z,2026-07-30T09:00:00+0200,30813.01786,MW,DE,DE_LU,forecast_solar_generation,Solar,2026-08-05T11:47:58Z
2026-08-05T11:45:45Z,2026-08-05T13:45:45+0200,eaa53f57-a911-4834-9b60-40ab8a7aba1f,2026-07-30T07:15:00Z,2026-07-30T09:15:00+0200,33759.36256,MW,DE,DE_LU,forecast_solar_generation,Solar,2026-08-05T11:47:58Z
2026-08-05T11:45:45Z,2026-08-05T13:45:45+0200,eaa53f57-a911-4834-9b60-40ab8a7aba1f,2026-07-30T07:30:00Z,2026-07-30T09:30:00+0200,36559.13693,MW,DE,DE_LU,forecast_solar_generation,Solar,2026-08-05T11:47:58Z
2026-08-05T11:45:45Z,2026-08-05T13:45:45+0200,eaa53f57-a911-4834-9b60-40ab8a7aba1f,2026-07-30T07:45:00Z,2026-07-30T09:45:00+0200,39153.49615,MW,DE,DE_LU,forecast_solar_generation,Solar,2026-08-05T11:47:58Z
2026-08-05T11:45:45Z,2026-08-05T13:45:45+0200,eaa53f57-a911-4834-9b60-40ab8a7aba1f,2026-07-30T08:00:00Z,2026-07-30T10:00:00+0200,41552.91039,MW,DE,DE_LU,forecast_solar_generation,Solar,2026-08-05T11:47:58Z
2026-08-05T11:45:45Z,2026-08-05T13:45:45+0200,eaa53f57-a911-4834-9b60-40ab8a7aba1f,2026-07-30T08:15:00Z,2026-07-30T10:15:00+0200,43784.28502,MW,DE,DE_LU,forecast_solar_generation,Solar,2026-08-05T11:47:58Z
2026-08-05T11:45:45Z,2026-08-05T13:45:45+0200,eaa53f57-a911-4834-9b60-40ab8a7aba1f,2026-07-30T08:30:00Z,2026-07-30T10:30:00+0200,45843.62255,MW,DE,DE_LU,forecast_solar_generation,Solar,2026-08-05T11:47:58Z
2026-08-05T11:45:45Z,2026-08-05T13:45:45+0200,eaa53f57-a911-4834-9b60-40ab8a7aba1f,2026-07-30T08:45:00Z,2026-07-30T10:45:00+0200,47763.21108,MW,DE,DE_LU,forecast_solar_generation,Solar,2026-08-05T11:47:58Z
2026-08-05T11:45:45Z,2026-08-05T13:45:45+0200,eaa53f57-a911-4834-9b60-40ab8a7aba1f,2026-07-30T09:00:00Z,2026-07-30T11:00:00+0200,49417.69761,MW,DE,DE_LU,forecast_solar_generation,Solar,2026-08-05T11:47:58Z
2026-08-05T11:45:45Z,2026-08-05T13:45:45+0200,eaa53f57-a911-4834-9b60-40ab8a7aba1f,2026-07-30T09:15:00Z,2026-07-30T11:15:00+0200,50912.93512,MW,DE,DE_LU,forecast_solar_generation,Solar,2026-08-05T11:47:58Z
2026-08-05T11:45:45Z,2026-08-05T13:45:45+0200,eaa53f57-a911-4834-9b60-40ab8a7aba1f,2026-07-30T09:30:00Z,2026-07-30T11:30:00+0200,52141.66131,MW,DE,DE_LU,forecast_solar_generation,Solar,2026-08-05T11:47:58Z
2026-08-05T11:45:45Z,2026-08-05T13:45:45+0200,eaa53f57-a911-4834-9b60-40ab8a7aba1f,2026-07-30T09:45:00Z,2026-07-30T11:45:00+0200,53135.33691,MW,DE,DE_LU,forecast_solar_generation,Solar,2026-08-05T11:47:58Z
2026-08-05T11:45:45Z,2026-08-05T13:45:45+0200,eaa53f57-a911-4834-9b60-40ab8a7aba1f,2026-07-30T10:00:00Z,2026-07-30T12:00:00+0200,53814.32741,MW,DE,DE_LU,forecast_solar_generation,Solar,2026-08-05T11:47:58Z
2026-08-05T11:45:45Z,2026-08-05T13:45:45+0200,eaa53f57-a911-4834-9b60-40ab8a7aba1f,2026-07-30T10:15:00Z,2026-07-30T12:15:00+0200,54246.80658,MW,DE,DE_LU,forecast_solar_generation,Solar,2026-08-05T11:47:58Z
2026-08-05T11:45:45Z,2026-08-05T13:45:45+0200,eaa53f57-a911-4834-9b60-40ab8a7aba1f,2026-07-30T10:30:00Z,2026-07-30T12:30:00+0200,54470.62545,MW,DE,DE_LU,forecast_solar_generation,Solar,2026-08-05T11:47:58Z
2026-08-05T11:45:45Z,2026-08-05T13:45:45+0200,eaa53f57-a911-4834-9b60-40ab8a7aba1f,2026-07-30T10:45:00Z,2026-07-30T12:45:00+0200,54392.09842,MW,DE,DE_LU,forecast_solar_generation,Solar,2026-08-05T11:47:58Z
2026-08-05T11:45:45Z,2026-08-05T13:45:45+0200,eaa53f57-a911-4834-9b60-40ab8a7aba1f,2026-07-30T11:00:00Z,2026-07-30T13:00:00+0200,54127.51059,MW,DE,DE_LU,forecast_solar_generation,Solar,2026-08-05T11:47:58Z
2026-08-05T11:45:45Z,2026-08-05T13:45:45+0200,eaa53f57-a911-4834-9b60-40ab8a7aba1f,2026-07-30T11:15:00Z,2026-07-30T13:15:00+0200,53712.38244,MW,DE,DE_LU,forecast_solar_generation,Solar,2026-08-05T11:47:58Z
2026-08-05T11:45:45Z,2026-08-05T13:45:45+0200,eaa53f57-a911-4834-9b60-40ab8a7aba1f,2026-07-30T11:30:00Z,2026-07-30T13:30:00+0200,53041.82149,MW,DE,DE_LU,forecast_solar_generation,Solar,2026-08-05T11:47:58Z
2026-08-05T11:45:45Z,2026-08-05T13:45:45+0200,eaa53f57-a911-4834-9b60-40ab8a7aba1f,2026-07-30T11:45:00Z,2026-07-30T13:45:00+0200,52017.33907,MW,DE,DE_LU,forecast_solar_generation,Solar,2026-08-05T11:47:58Z
2026-08-05T11:45:45Z,2026-08-05T13:45:45+0200,eaa53f57-a911-4834-9b60-40ab8a7aba1f,2026-07-30T12:00:00Z,2026-07-30T14:00:00+0200,50881.32958,MW,DE,DE_LU,forecast_solar_generation,Solar,2026-08-05T11:47:58Z
2026-08-05T11:45:45Z,2026-08-05T13:45:45+0200,eaa53f57-a911-4834-9b60-40ab8a7aba1f,2026-07-30T12:15:00Z,2026-07-30T14:15:00+0200,49389.8459,MW,DE,DE_LU,forecast_solar_generation,Solar,2026-08-05T11:47:58Z
2026-08-05T11:45:45Z,2026-08-05T13:45:45+0200,eaa53f57-a911-4834-9b60-40ab8a7aba1f,2026-07-30T12:30:00Z,2026-07-30T14:30:00+0200,47741.07694,MW,DE,DE_LU,forecast_solar_generation,Solar,2026-08-05T11:47:58Z
2026-08-05T11:45:45Z,2026-08-05T13:45:45+0200,eaa53f57-a911-4834-9b60-40ab8a7aba1f,2026-07-30T12:45:00Z,2026-07-30T14:45:00+0200,45983.83684,MW,DE,DE_LU,forecast_solar_generation,Solar,2026-08-05T11:47:58Z
2026-08-05T11:45:45Z,2026-08-05T13:45:45+0200,eaa53f57-a911-4834-9b60-40ab8a7aba1f,2026-07-30T13:00:00Z,2026-07-30T15:00:00+0200,44090.31002,MW,DE,DE_LU,forecast_solar_generation,Solar,2026-08-05T11:47:58Z
2026-08-05T11:45:45Z,2026-08-05T13:45:45+0200,eaa53f57-a911-4834-9b60-40ab8a7aba1f,2026-07-30T13:15:00Z,2026-07-30T15:15:00+0200,42128.83265,MW,DE,DE_LU,forecast_solar_generation,Solar,2026-08-05T11:47:58Z
2026-08-05T11:45:45Z,2026-08-05T13:45:45+0200,eaa53f57-a911-4834-9b60-40ab8a7aba1f,2026-07-30T13:30:00Z,2026-07-30T15:30:00+0200,40053.41392,MW,DE,DE_LU,forecast_solar_generation,Solar,2026-08-05T11:47:58Z
2026-08-05T11:45:45Z,2026-08-05T13:45:45+0200,eaa53f57-a911-4834-9b60-40ab8a7aba1f,2026-07-30T13:45:00Z,2026-07-30T15:45:00+0200,37875.45667,MW,DE,DE_LU,forecast_solar_generation,Solar,2026-08-05T11:47:58Z
2026-08-05T11:45:45Z,2026-08-05T13:45:45+0200,eaa53f57-a911-4834-9b60-40ab8a7aba1f,2026-07-30T14:00:00Z,2026-07-30T16:00:00+0200,35626.14877,MW,DE,DE_LU,forecast_solar_generation,Solar,2026-08-05T11:47:58Z
2026-08-05T11:45:45Z,2026-08-05T13:45:45+0200,eaa53f57-a911-4834-9b60-40ab8a7aba1f,2026-07-30T14:15:00Z,2026-07-30T16:15:00+0200,33345.66296,MW,DE,DE_LU,forecast_solar_generation,Solar,2026-08-05T11:47:58Z
2026-08-05T11:45:45Z,2026-08-05T13:45:45+0200,eaa53f57-a911-4834-9b60-40ab8a7aba1f,2026-07-30T14:30:00Z,2026-07-30T16:30:00+0200,30994.38911,MW,DE,DE_LU,forecast_solar_generation,Solar,2026-08-05T11:47:58Z
2026-08-05T11:45:45Z,2026-08-05T13:45:45+0200,eaa53f57-a911-4834-9b60-40ab8a7aba1f,2026-07-30T14:45:00Z,2026-07-30T16:45:00+0200,28618.95528,MW,DE,DE_LU,forecast_solar_generation,Solar,2026-08-05T11:47:58Z
2026-08-05T11:45:45Z,2026-08-05T13:45:45+0200,eaa53f57-a911-4834-9b60-40ab8a7aba1f,2026-07-30T15:00:00Z,2026-07-30T17:00:00+0200,26145.9816,MW,DE,DE_LU,forecast_solar_generation,Solar,2026-08-05T11:47:58Z
2026-08-05T11:45:45Z,2026-08-05T13:45:45+0200,eaa53f57-a911-4834-9b60-40ab8a7aba1f,2026-07-30T15:15:00Z,2026-07-30T17:15:00+0200,23689.0461,MW,DE,DE_LU,forecast_solar_generation,Solar,2026-08-05T11:47:58Z
2026-08-05T11:45:45Z,2026-08-05T13:45:45+0200,eaa53f57-a911-4834-9b60-40ab8a7aba1f,2026-07-30T15:30:00Z,2026-07-30T17:30:00+0200,21270.82687,MW,DE,DE_LU,forecast_solar_generation,Solar,2026-08-05T11:47:58Z
2026-08-05T11:45:45Z,2026-08-05T13:45:45+0200,eaa53f57-a911-4834-9b60-40ab8a7aba1f,2026-07-30T15:45:00Z,2026-07-30T17:45:00+0200,18881.04078,MW,DE,DE_LU,forecast_solar_generation,Solar,2026-08-05T11:47:58Z
2026-08-05T11:45:45Z,2026-08-05T13:45:45+0200,eaa53f57-a911-4834-9b60-40ab8a7aba1f,2026-07-30T16:00:00Z,2026-07-30T18:00:00+0200,16558.74691,MW,DE,DE_LU,forecast_solar_generation,Solar,2026-08-05T11:47:58Z
2026-08-05T11:45:45Z,2026-08-05T13:45:45+0200,eaa53f57-a911-4834-9b60-40ab8a7aba1f,2026-07-30T16:15:00Z,2026-07-30T18:15:00+0200,14295.83495,MW,DE,DE_LU,forecast_solar_generation,Solar,2026-08-05T11:47:58Z
2026-08-05T11:45:45Z,2026-08-05T13:45:45+0200,eaa53f57-a911-4834-9b60-40ab8a7aba1f,2026-07-30T16:30:00Z,2026-07-30T18:30:00+0200,12120.54339,MW,DE,DE_LU,forecast_solar_generation,Solar,2026-08-05T11:47:58Z
2026-08-05T11:45:45Z,2026-08-05T13:45:45+0200,eaa53f57-a911-4834-9b60-40ab8a7aba1f,2026-07-30T16:45:00Z,2026-07-30T18:45:00+0200,10034.5296,MW,DE,DE_LU,forecast_solar_generation,Solar,2026-08-05T11:47:58Z
2026-08-05T11:45:45Z,2026-08-05T13:45:45+0200,eaa53f57-a911-4834-9b60-40ab8a7aba1f,2026-07-30T17:00:00Z,2026-07-30T19:00:00+0200,8072.14964,MW,DE,DE_LU,forecast_solar_generation,Solar,2026-08-05T11:47:58Z
2026-08-05T11:45:45Z,2026-08-05T13:45:45+0200,eaa53f57-a911-4834-9b60-40ab8a7aba1f,2026-07-30T17:15:00Z,2026-07-30T19:15:00+0200,6272.72333,MW,DE,DE_LU,forecast_solar_generation,Solar,2026-08-05T11:47:58Z
2026-08-05T11:45:45Z,2026-08-05T13:45:45+0200,eaa53f57-a911-4834-9b60-40ab8a7aba1f,2026-07-30T17:30:00Z,2026-07-30T19:30:00+0200,4711.123,MW,DE,DE_LU,forecast_solar_generation,Solar,2026-08-05T11:47:58Z
2026-08-05T11:45:45Z,2026-08-05T13:45:45+0200,eaa53f57-a911-4834-9b60-40ab8a7aba1f,2026-07-30T17:45:00Z,2026-07-30T19:45:00+0200,3424.8162,MW,DE,DE_LU,forecast_solar_generation,Solar,2026-08-05T11:47:58Z
2026-08-05T11:45:45Z,2026-08-05T13:45:45+0200,eaa53f57-a911-4834-9b60-40ab8a7aba1f,2026-07-30T18:00:00Z,2026-07-30T20:00:00+0200,2361.08426,MW,DE,DE_LU,forecast_solar_generation,Solar,2026-08-05T11:47:58Z
2026-08-05T11:45:45Z,2026-08-05T13:45:45+0200,eaa53f57-a911-4834-9b60-40ab8a7aba1f,2026-07-30T18:15:00Z,2026-07-30T20:15:00+0200,1491.0265,MW,DE,DE_LU,forecast_solar_generation,Solar,2026-08-05T11:47:58Z
2026-08-05T11:45:45Z,2026-08-05T13:45:45+0200,eaa53f57-a911-4834-9b60-40ab8a7aba1f,2026-07-30T18:30:00Z,2026-07-30T20:30:00+0200,781.48291,MW,DE,DE_LU,forecast_solar_generation,Solar,2026-08-05T11:47:58Z
2026-08-05T11:45:45Z,2026-08-05T13:45:45+0200,eaa53f57-a911-4834-9b60-40ab8a7aba1f,2026-07-30T18:45:00Z,2026-07-30T20:45:00+0200,301.57546,MW,DE,DE_LU,forecast_solar_generation,Solar,2026-08-05T11:47:58Z
2026-08-05T11:45:45Z,2026-08-05T13:45:45+0200,eaa53f57-a911-4834-9b60-40ab8a7aba1f,2026-07-30T19:00:00Z,2026-07-30T21:00:00+0200,77.97607,MW,DE,DE_LU,forecast_solar_generation,Solar,2026-08-05T11:47:58Z
2026-08-05T11:45:45Z,2026-08-05T13:45:45+0200,eaa53f57-a911-4834-9b60-40ab8a7aba1f,2026-07-30T19:15:00Z,2026-07-30T21:15:00+0200,22.31025,MW,DE,DE_LU,forecast_solar_generation,Solar,2026-08-05T11:47:58Z
2026-08-05T11:45:45Z,2026-08-05T13:45:45+0200,eaa53f57-a911-4834-9b60-40ab8a7aba1f,2026-07-30T19:30:00Z,2026-07-30T21:30:00+0200,1.93,MW,DE,DE_LU,forecast_solar_generation,Solar,2026-08-05T11:47:58Z
2026-08-05T11:45:45Z,2026-08-05T13:45:45+0200,eaa53f57-a911-4834-9b60-40ab8a7aba1f,2026-07-30T19:45:00Z,2026-07-30T21:45:00+0200,0.0,MW,DE,DE_LU,forecast_solar_generation,Solar,2026-08-05T11:47:58Z
2026-08-05T11:45:45Z,2026-08-05T13:45:45+0200,eaa53f57-a911-4834-9b60-40ab8a7aba1f,2026-07-30T20:00:00Z,2026-07-30T22:00:00+0200,0.0,MW,DE,DE_LU,forecast_solar_generation,Solar,2026-08-05T11:47:58Z
2026-08-05T11:45:45Z,2026-08-05T13:45:45+0200,eaa53f57-a911-4834-9b60-40ab8a7aba1f,2026-07-30T20:15:00Z,2026-07-30T22:15:00+0200,0.0,MW,DE,DE_LU,forecast_solar_generation,Solar,2026-08-05T11:47:58Z
2026-08-05T11:45:45Z,2026-08-05T13:45:45+0200,eaa53f57-a911-4834-9b60-40ab8a7aba1f,2026-07-30T20:30:00Z,2026-07-30T22:30:00+0200,0.0,MW,DE,DE_LU,forecast_solar_generation,Solar,2026-08-05T11:47:58Z
2026-08-05T11:45:45Z,2026-08-05T13:45:45+0200,eaa53f57-a911-4834-9b60-40ab8a7aba1f,2026-07-30T20:45:00Z,2026-07-30T22:45:00+0200,0.0,MW,DE,DE_LU,forecast_solar_generation,Solar,2026-08-05T11:47:58Z
2026-08-05T11:45:45Z,2026-08-05T13:45:45+0200,eaa53f57-a911-4834-9b60-40ab8a7aba1f,2026-07-30T21:00:00Z,2026-07-30T23:00:00+0200,0.0,MW,DE,DE_LU,forecast_solar_generation,Solar,2026-08-05T11:47:58Z
2026-08-05T11:45:45Z,2026-08-05T13:45:45+0200,eaa53f57-a911-4834-9b60-40ab8a7aba1f,2026-07-30T21:15:00Z,2026-07-30T23:15:00+0200,0.0,MW,DE,DE_LU,forecast_solar_generation,Solar,2026-08-05T11:47:58Z
2026-08-05T11:45:45Z,2026-08-05T13:45:45+0200,eaa53f57-a911-4834-9b60-40ab8a7aba1f,2026-07-30T21:30:00Z,2026-07-30T23:30:00+0200,0.0,MW,DE,DE_LU,forecast_solar_generation,Solar,2026-08-05T11:47:58Z
2026-08-05T11:45:45Z,2026-08-05T13:45:45+0200,eaa53f57-a911-4834-9b60-40ab8a7aba1f,2026-07-30T21:45:00Z,2026-07-30T23:45:00+0200,0.0,MW,DE,DE_LU,forecast_solar_generation,Solar,2026-08-05T11:47:58Z
2026-08-05T11:45:45Z,2026-08-05T13:45:45+0200,eaa53f57-a911-4834-9b60-40ab8a7aba1f,2026-07-30T22:00:00Z,2026-07-31T00:00:00+0200,0.0,MW,DE,DE_LU,forecast_solar_generation,Solar,2026-08-05T11:47:58Z
2026-08-05T11:45:45Z,2026-08-05T13:45:45+0200,eaa53f57-a911-4834-9b60-40ab8a7aba1f,2026-07-30T22:15:00Z,2026-07-31T00:15:00+0200,0.0,MW,DE,DE_LU,forecast_solar_generation,Solar,2026-08-05T11:47:58Z
2026-08-05T11:45:45Z,2026-08-05T13:45:45+0200,eaa53f57-a911-4834-9b60-40ab8a7aba1f,2026-07-30T22:30:00Z,2026-07-31T00:30:00+0200,0.0,MW,DE,DE_LU,forecast_solar_generation,Solar,2026-08-05T11:47:58Z
2026-08-05T11:45:45Z,2026-08-05T13:45:45+0200,eaa53f57-a911-4834-9b60-40ab8a7aba1f,2026-07-30T22:45:00Z,2026-07-31T00:45:00+0200,0.0,MW,DE,DE_LU,forecast_solar_generation,Solar,2026-08-05T11:47:58Z
2026-08-05T11:45:45Z,2026-08-05T13:45:45+0200,eaa53f57-a911-4834-9b60-40ab8a7aba1f,2026-07-30T23:00:00Z,2026-07-31T01:00:00+0200,0.0,MW,DE,DE_LU,forecast_solar_generation,Solar,2026-08-05T11:47:58Z
2026-08-05T11:45:45Z,2026-08-05T13:45:45+0200,eaa53f57-a911-4834-9b60-40ab8a7aba1f,2026-07-30T23:15:00Z,2026-07-31T01:15:00+0200,0.0,MW,DE,DE_LU,forecast_solar_generation,Solar,2026-08-05T11:47:58Z
2026-08-05T11:45:45Z,2026-08-05T13:45:45+0200,eaa53f57-a911-4834-9b60-40ab8a7aba1f,2026-07-30T23:30:00Z,2026-07-31T01:30:00+0200,0.0,MW,DE,DE_LU,forecast_solar_generation,Solar,2026-08-05T11:47:58Z
2026-08-05T11:45:45Z,2026-08-05T13:45:45+0200,eaa53f57-a911-4834-9b60-40ab8a7aba1f,2026-07-30T23:45:00Z,2026-07-31T01:45:00+0200,0.0,MW,DE,DE_LU,forecast_solar_generation,Solar,2026-08-05T11:47:58Z
2026-08-05T11:45:45Z,2026-08-05T13:45:45+0200,eaa53f57-a911-4834-9b60-40ab8a7aba1f,2026-07-31T00:00:00Z,2026-07-31T02:00:00+0200,0.0,MW,DE,DE_LU,forecast_solar_generation,Solar,2026-08-05T11:47:58Z
2026-08-05T11:45:45Z,2026-08-05T13:45:45+0200,eaa53f57-a911-4834-9b60-40ab8a7aba1f,2026-07-31T00:15:00Z,2026-07-31T02:15:00+0200,0.0,MW,DE,DE_LU,forecast_solar_generation,Solar,2026-08-05T11:47:58Z
2026-08-05T11:45:45Z,2026-08-05T13:45:45+0200,eaa53f57-a911-4834-9b60-40ab8a7aba1f,2026-07-31T00:30:00Z,2026-07-31T02:30:00+0200,0.0,MW,DE,DE_LU,forecast_solar_generation,Solar,2026-08-05T11:47:58Z
2026-08-05T11:45:45Z,2026-08-05T13:45:45+0200,eaa53f57-a911-4834-9b60-40ab8a7aba1f,2026-07-31T00:45:00Z,2026-07-31T02:45:00+0200,0.0,MW,DE,DE_LU,forecast_solar_generation,Solar,2026-08-05T11:47:58Z
2026-08-05T11:45:45Z,2026-08-05T13:45:45+0200,eaa53f57-a911-4834-9b60-40ab8a7aba1f,2026-07-31T01:00:00Z,2026-07-31T03:00:00+0200,0.0,MW,DE,DE_LU,forecast_solar_generation,Solar,2026-08-05T11:47:58Z
2026-08-05T11:45:45Z,2026-08-05T13:45:45+0200,eaa53f57-a911-4834-9b60-40ab8a7aba1f,2026-07-31T01:15:00Z,2026-07-31T03:15:00+0200,0.0,MW,DE,DE_LU,forecast_solar_generation,Solar,2026-08-05T11:47:58Z
2026-08-05T11:45:45Z,2026-08-05T13:45:45+0200,eaa53f57-a911-4834-9b60-40ab8a7aba1f,2026-07-31T01:30:00Z,2026-07-31T03:30:00+0200,0.0,MW,DE,DE_LU,forecast_solar_generation,Solar,2026-08-05T11:47:58Z
2026-08-05T11:45:45Z,2026-08-05T13:45:45+0200,eaa53f57-a911-4834-9b60-40ab8a7aba1f,2026-07-31T01:45:00Z,2026-07-31T03:45:00+0200,0.0,MW,DE,DE_LU,forecast_solar_generation,Solar,2026-08-05T11:47:58Z
2026-08-05T11:45:45Z,2026-08-05T13:45:45+0200,eaa53f57-a911-4834-9b60-40ab8a7aba1f,2026-07-31T02:00:00Z,2026-07-31T04:00:00+0200,0.0,MW,DE,DE_LU,forecast_solar_generation,Solar,2026-08-05T11:47:58Z
2026-08-05T11:45:45Z,2026-08-05T13:45:45+0200,eaa53f57-a911-4834-9b60-40ab8a7aba1f,2026-07-31T02:15:00Z,2026-07-31T04:15:00+0200,0.0,MW,DE,DE_LU,forecast_solar_generation,Solar,2026-08-05T11:47:58Z
2026-08-05T11:45:45Z,2026-08-05T13:45:45+0200,eaa53f57-a911-4834-9b60-40ab8a7aba1f,2026-07-31T02:30:00Z,2026-07-31T04:30:00+0200,0.0,MW,DE,DE_LU,forecast_solar_generation,Solar,2026-08-05T11:47:58Z
2026-08-05T11:45:45Z,2026-08-05T13:45:45+0200,eaa53f57-a911-4834-9b60-40ab8a7aba1f,2026-07-31T02:45:00Z,2026-07-31T04:45:00+0200,0.0,MW,DE,DE_LU,forecast_solar_generation,Solar,2026-08-05T11:47:58Z
2026-08-05T11:45:45Z,2026-08-05T13:45:45+0200,eaa53f57-a911-4834-9b60-40ab8a7aba1f,2026-07-31T03:00:00Z,2026-07-31T05:00:00+0200,0.0,MW,DE,DE_LU,forecast_solar_generation,Solar,2026-08-05T11:47:58Z
2026-08-05T11:45:45Z,2026-08-05T13:45:45+0200,eaa53f57-a911-4834-9b60-40ab8a7aba1f,2026-07-31T03:15:00Z,2026-07-31T05:15:00+0200,5.69,MW,DE,DE_LU,forecast_solar_generation,Solar,2026-08-05T11:47:58Z
2026-08-05T11:45:45Z,2026-08-05T13:45:45+0200,eaa53f57-a911-4834-9b60-40ab8a7aba1f,2026-07-31T03:30:00Z,2026-07-31T05:30:00+0200,76.07298,MW,DE,DE_LU,forecast_solar_generation,Solar,2026-08-05T11:47:58Z
2026-08-05T11:45:45Z,2026-08-05T13:45:45+0200,eaa53f57-a911-4834-9b60-40ab8a7aba1f,2026-07-31T03:45:00Z,2026-07-31T05:45:00+0200,271.87014,MW,DE,DE_LU,forecast_solar_generation,Solar,2026-08-05T11:47:58Z
2026-08-05T11:45:45Z,2026-08-05T13:45:45+0200,eaa53f57-a911-4834-9b60-40ab8a7aba1f,2026-07-31T04:00:00Z,2026-07-31T06:00:00+0200,758.22891,MW,DE,DE_LU,forecast_solar_generation,Solar,2026-08-05T11:47:58Z
2026-08-05T11:45:45Z,2026-08-05T13:45:45+0200,eaa53f57-a911-4834-9b60-40ab8a7aba1f,2026-07-31T04:15:00Z,2026-07-31T06:15:00+0200,1530.7538,MW,DE,DE_LU,forecast_solar_generation,Solar,2026-08-05T11:47:58Z
2026-08-05T11:45:45Z,2026-08-05T13:45:45+0200,eaa53f57-a911-4834-9b60-40ab8a7aba1f,2026-07-31T04:30:00Z,2026-07-31T06:30:00+0200,2565.01365,MW,DE,DE_LU,forecast_solar_generation,Solar,2026-08-05T11:47:58Z
2026-08-05T11:45:45Z,2026-08-05T13:45:45+0200,eaa53f57-a911-4834-9b60-40ab8a7aba1f,2026-07-31T04:45:00Z,2026-07-31T06:45:00+0200,3864.48638,MW,DE,DE_LU,forecast_solar_generation,Solar,2026-08-05T11:47:58Z
2026-08-05T11:45:45Z,2026-08-05T13:45:45+0200,eaa53f57-a911-4834-9b60-40ab8a7aba1f,2026-07-31T05:00:00Z,2026-07-31T07:00:00+0200,5463.04811,MW,DE,DE_LU,forecast_solar_generation,Solar,2026-08-05T11:47:58Z
2026-08-05T11:45:45Z,2026-08-05T13:45:45+0200,eaa53f57-a911-4834-9b60-40ab8a7aba1f,2026-07-31T05:15:00Z,2026-07-31T07:15:00+0200,7379.41786,MW,DE,DE_LU,forecast_solar_generation,Solar,2026-08-05T11:47:58Z
2026-08-05T11:45:45Z,2026-08-05T13:45:45+0200,eaa53f57-a911-4834-9b60-40ab8a7aba1f,2026-07-31T05:30:00Z,2026-07-31T07:30:00+0200,9555.21864,MW,DE,DE_LU,forecast_solar_generation,Solar,2026-08-05T11:47:58Z
2026-08-05T11:45:45Z,2026-08-05T13:45:45+0200,eaa53f57-a911-4834-9b60-40ab8a7aba1f,2026-07-31T05:45:00Z,2026-07-31T07:45:00+0200,11916.78595,MW,DE,DE_LU,forecast_solar_generation,Solar,2026-08-05T11:47:58Z
2026-08-05T11:45:45Z,2026-08-05T13:45:45+0200,eaa53f57-a911-4834-9b60-40ab8a7aba1f,2026-07-31T06:00:00Z,2026-07-31T08:00:00+0200,14403.95919,MW,DE,DE_LU,forecast_solar_generation,Solar,2026-08-05T11:47:58Z
2026-08-05T11:45:45Z,2026-08-05T13:45:45+0200,eaa53f57-a911-4834-9b60-40ab8a7aba1f,2026-07-31T06:15:00Z,2026-07-31T08:15:00+0200,17023.7158,MW,DE,DE_LU,forecast_solar_generation,Solar,2026-08-05T11:47:58Z
2026-08-05T11:45:45Z,2026-08-05T13:45:45+0200,eaa53f57-a911-4834-9b60-40ab8a7aba1f,2026-07-31T06:30:00Z,2026-07-31T08:30:00+0200,19722.08677,MW,DE,DE_LU,forecast_solar_generation,Solar,2026-08-05T11:47:58Z
2026-08-05T11:45:45Z,2026-08-05T13:45:45+0200,eaa53f57-a911-4834-9b60-40ab8a7aba1f,2026-07-31T06:45:00Z,2026-07-31T08:45:00+0200,22420.40101,MW,DE,DE_LU,forecast_solar_generation,Solar,2026-08-05T11:47:58Z
2026-08-05T11:45:45Z,2026-08-05T13:45:45+0200,eaa53f57-a911-4834-9b60-40ab8a7aba1f,2026-07-31T07:00:00Z,2026-07-31T09:00:00+0200,25030.76199,MW,DE,DE_LU,forecast_solar_generation,Solar,2026-08-05T11:47:58Z
2026-08-05T11:45:45Z,2026-08-05T13:45:45+0200,eaa53f57-a911-4834-9b60-40ab8a7aba1f,2026-07-31T07:15:00Z,2026-07-31T09:15:00+0200,27574.81653,MW,DE,DE_LU,forecast_solar_generation,Solar,2026-08-05T11:47:58Z
2026-08-05T11:45:45Z,2026-08-05T13:45:45+0200,eaa53f57-a911-4834-9b60-40ab8a7aba1f,2026-07-31T07:30:00Z,2026-07-31T09:30:00+0200,30043.92847,MW,DE,DE_LU,forecast_solar_generation,Solar,2026-08-05T11:47:58Z
2026-08-05T11:45:45Z,2026-08-05T13:45:45+0200,eaa53f57-a911-4834-9b60-40ab8a7aba1f,2026-07-31T07:45:00Z,2026-07-31T09:45:00+0200,32368.33612,MW,DE,DE_LU,forecast_solar_generation,Solar,2026-08-05T11:47:58Z
2026-08-05T11:45:45Z,2026-08-05T13:45:45+0200,eaa53f57-a911-4834-9b60-40ab8a7aba1f,2026-07-31T08:00:00Z,2026-07-31T10:00:00+0200,34557.63021,MW,DE,DE_LU,forecast_solar_generation,Solar,2026-08-05T11:47:58Z
2026-08-05T11:45:45Z,2026-08-05T13:45:45+0200,eaa53f57-a911-4834-9b60-40ab8a7aba1f,2026-07-31T08:15:00Z,2026-07-31T10:15:00+0200,36634.47936,MW,DE,DE_LU,forecast_solar_generation,Solar,2026-08-05T11:47:58Z
2026-08-05T11:45:45Z,2026-08-05T13:45:45+0200,eaa53f57-a911-4834-9b60-40ab8a7aba1f,2026-07-31T08:30:00Z,2026-07-31T10:30:00+0200,38589.92584,MW,DE,DE_LU,forecast_solar_generation,Solar,2026-08-05T11:47:58Z
2026-08-05T11:45:45Z,2026-08-05T13:45:45+0200,eaa53f57-a911-4834-9b60-40ab8a7aba1f,2026-07-31T08:45:00Z,2026-07-31T10:45:00+0200,40447.18061,MW,DE,DE_LU,forecast_solar_generation,Solar,2026-08-05T11:47:58Z
2026-08-05T11:45:45Z,2026-08-05T13:45:45+0200,eaa53f57-a911-4834-9b60-40ab8a7aba1f,2026-07-31T09:00:00Z,2026-07-31T11:00:00+0200,42032.40486,MW,DE,DE_LU,forecast_solar_generation,Solar,2026-08-05T11:47:58Z
2026-08-05T11:45:45Z,2026-08-05T13:45:45+0200,eaa53f57-a911-4834-9b60-40ab8a7aba1f,2026-07-31T09:15:00Z,2026-07-31T11:15:00+0200,43484.07359,MW,DE,DE_LU,forecast_solar_generation,Solar,2026-08-05T11:47:58Z
2026-08-05T11:45:45Z,2026-08-05T13:45:45+0200,eaa53f57-a911-4834-9b60-40ab8a7aba1f,2026-07-31T09:30:00Z,2026-07-31T11:30:00+0200,44672.5045,MW,DE,DE_LU,forecast_solar_generation,Solar,2026-08-05T11:47:58Z
2026-08-05T11:45:45Z,2026-08-05T13:45:45+0200,eaa53f57-a911-4834-9b60-40ab8a7aba1f,2026-07-31T09:45:00Z,2026-07-31T11:45:00+0200,45662.23489,MW,DE,DE_LU,forecast_solar_generation,Solar,2026-08-05T11:47:58Z
2026-08-05T11:45:45Z,2026-08-05T13:45:45+0200,eaa53f57-a911-4834-9b60-40ab8a7aba1f,2026-07-31T10:00:00Z,2026-07-31T12:00:00+0200,46312.47465,MW,DE,DE_LU,forecast_solar_generation,Solar,2026-08-05T11:47:58Z
2026-08-05T11:45:45Z,2026-08-05T13:45:45+0200,eaa53f57-a911-4834-9b60-40ab8a7aba1f,2026-07-31T10:15:00Z,2026-07-31T12:15:00+0200,46699.53937,MW,DE,DE_LU,forecast_solar_generation,Solar,2026-08-05T11:47:58Z
2026-08-05T11:45:45Z,2026-08-05T13:45:45+0200,eaa53f57-a911-4834-9b60-40ab8a7aba1f,2026-07-31T10:30:00Z,2026-07-31T12:30:00+0200,46964.37256,MW,DE,DE_LU,forecast_solar_generation,Solar,2026-08-05T11:47:58Z
2026-08-05T11:45:45Z,2026-08-05T13:45:45+0200,eaa53f57-a911-4834-9b60-40ab8a7aba1f,2026-07-31T10:45:00Z,2026-07-31T12:45:00+0200,46936.20041,MW,DE,DE_LU,forecast_solar_generation,Solar,2026-08-05T11:47:58Z
2026-08-05T11:45:45Z,2026-08-05T13:45:45+0200,eaa53f57-a911-4834-9b60-40ab8a7aba1f,2026-07-31T11:00:00Z,2026-07-31T13:00:00+0200,46632.89497,MW,DE,DE_LU,forecast_solar_generation,Solar,2026-08-05T11:47:58Z
2026-08-05T11:45:45Z,2026-08-05T13:45:45+0200,eaa53f57-a911-4834-9b60-40ab8a7aba1f,2026-07-31T11:15:00Z,2026-07-31T13:15:00+0200,46101.36416,MW,DE,DE_LU,forecast_solar_generation,Solar,2026-08-05T11:47:58Z
2026-08-05T11:45:45Z,2026-08-05T13:45:45+0200,eaa53f57-a911-4834-9b60-40ab8a7aba1f,2026-07-31T11:30:00Z,2026-07-31T13:30:00+0200,45471.14858,MW,DE,DE_LU,forecast_solar_generation,Solar,2026-08-05T11:47:58Z
2026-08-05T11:45:45Z,2026-08-05T13:45:45+0200,eaa53f57-a911-4834-9b60-40ab8a7aba1f,2026-07-31T11:45:00Z,2026-07-31T13:45:00+0200,44664.67097,MW,DE,DE_LU,forecast_solar_generation,Solar,2026-08-05T11:47:58Z
2026-08-05T11:45:45Z,2026-08-05T13:45:45+0200,eaa53f57-a911-4834-9b60-40ab8a7aba1f,2026-07-31T12:00:00Z,2026-07-31T14:00:00+0200,43722.52254,MW,DE,DE_LU,forecast_solar_generation,Solar,2026-08-05T11:47:58Z
2026-08-05T11:45:45Z,2026-08-05T13:45:45+0200,eaa53f57-a911-4834-9b60-40ab8a7aba1f,2026-07-31T12:15:00Z,2026-07-31T14:15:00+0200,42654.38374,MW,DE,DE_LU,forecast_solar_generation,Solar,2026-08-05T11:47:58Z
2026-08-05T11:45:45Z,2026-08-05T13:45:45+0200,eaa53f57-a911-4834-9b60-40ab8a7aba1f,2026-07-31T12:30:00Z,2026-07-31T14:30:00+0200,41539.81432,MW,DE,DE_LU,forecast_solar_generation,Solar,2026-08-05T11:47:58Z
2026-08-05T11:45:45Z,2026-08-05T13:45:45+0200,eaa53f57-a911-4834-9b60-40ab8a7aba1f,2026-07-31T12:45:00Z,2026-07-31T14:45:00+0200,40362.19015,MW,DE,DE_LU,forecast_solar_generation,Solar,2026-08-05T11:47:58Z
2026-08-05T11:45:45Z,2026-08-05T13:45:45+0200,eaa53f57-a911-4834-9b60-40ab8a7aba1f,2026-07-31T13:00:00Z,2026-07-31T15:00:00+0200,39097.85194,MW,DE,DE_LU,forecast_solar_generation,Solar,2026-08-05T11:47:58Z
2026-08-05T11:45:45Z,2026-08-05T13:45:45+0200,eaa53f57-a911-4834-9b60-40ab8a7aba1f,2026-07-31T13:15:00Z,2026-07-31T15:15:00+0200,37682.12652,MW,DE,DE_LU,forecast_solar_generation,Solar,2026-08-05T11:47:58Z
2026-08-05T11:45:45Z,2026-08-05T13:45:45+0200,eaa53f57-a911-4834-9b60-40ab8a7aba1f,2026-07-31T13:30:00Z,2026-07-31T15:30:00+0200,36035.35729,MW,DE,DE_LU,forecast_solar_generation,Solar,2026-08-05T11:47:58Z
2026-08-05T11:45:45Z,2026-08-05T13:45:45+0200,eaa53f57-a911-4834-9b60-40ab8a7aba1f,2026-07-31T13:45:00Z,2026-07-31T15:45:00+0200,34282.50041,MW,DE,DE_LU,forecast_solar_generation,Solar,2026-08-05T11:47:58Z
2026-08-05T11:45:45Z,2026-08-05T13:45:45+0200,eaa53f57-a911-4834-9b60-40ab8a7aba1f,2026-07-31T14:00:00Z,2026-07-31T16:00:00+0200,32438.69164,MW,DE,DE_LU,forecast_solar_generation,Solar,2026-08-05T11:47:58Z
2026-08-05T11:45:45Z,2026-08-05T13:45:45+0200,eaa53f57-a911-4834-9b60-40ab8a7aba1f,2026-07-31T14:15:00Z,2026-07-31T16:15:00+0200,30553.93254,MW,DE,DE_LU,forecast_solar_generation,Solar,2026-08-05T11:47:58Z
2026-08-05T11:45:45Z,2026-08-05T13:45:45+0200,eaa53f57-a911-4834-9b60-40ab8a7aba1f,2026-07-31T14:30:00Z,2026-07-31T16:30:00+0200,28457.22536,MW,DE,DE_LU,forecast_solar_generation,Solar,2026-08-05T11:47:58Z
2026-08-05T11:45:45Z,2026-08-05T13:45:45+0200,eaa53f57-a911-4834-9b60-40ab8a7aba1f,2026-07-31T14:45:00Z,2026-07-31T16:45:00+0200,26246.21292,MW,DE,DE_LU,forecast_solar_generation,Solar,2026-08-05T11:47:58Z
2026-08-05T11:45:45Z,2026-08-05T13:45:45+0200,eaa53f57-a911-4834-9b60-40ab8a7aba1f,2026-07-31T15:00:00Z,2026-07-31T17:00:00+0200,23940.3303,MW,DE,DE_LU,forecast_solar_generation,Solar,2026-08-05T11:47:58Z
2026-08-05T11:45:45Z,2026-08-05T13:45:45+0200,eaa53f57-a911-4834-9b60-40ab8a7aba1f,2026-07-31T15:15:00Z,2026-07-31T17:15:00+0200,21652.9503,MW,DE,DE_LU,forecast_solar_generation,Solar,2026-08-05T11:47:58Z
2026-08-05T11:45:45Z,2026-08-05T13:45:45+0200,eaa53f57-a911-4834-9b60-40ab8a7aba1f,2026-07-31T15:30:00Z,2026-07-31T17:30:00+0200,19361.92633,MW,DE,DE_LU,forecast_solar_generation,Solar,2026-08-05T11:47:58Z
2026-08-05T11:45:45Z,2026-08-05T13:45:45+0200,eaa53f57-a911-4834-9b60-40ab8a7aba1f,2026-07-31T15:45:00Z,2026-07-31T17:45:00+0200,17152.12108,MW,DE,DE_LU,forecast_solar_generation,Solar,2026-08-05T11:47:58Z
2026-08-05T11:45:45Z,2026-08-05T13:45:45+0200,eaa53f57-a911-4834-9b60-40ab8a7aba1f,2026-07-31T16:00:00Z,2026-07-31T18:00:00+0200,14991.9328,MW,DE,DE_LU,forecast_solar_generation,Solar,2026-08-05T11:47:58Z
2026-08-05T11:45:45Z,2026-08-05T13:45:45+0200,eaa53f57-a911-4834-9b60-40ab8a7aba1f,2026-07-31T16:15:00Z,2026-07-31T18:15:00+0200,12884.57795,MW,DE,DE_LU,forecast_solar_generation,Solar,2026-08-05T11:47:58Z
2026-08-05T11:45:45Z,2026-08-05T13:45:45+0200,eaa53f57-a911-4834-9b60-40ab8a7aba1f,2026-07-31T16:30:00Z,2026-07-31T18:30:00+0200,10886.99606,MW,DE,DE_LU,forecast_solar_generation,Solar,2026-08-05T11:47:58Z
2026-08-05T11:45:45Z,2026-08-05T13:45:45+0200,eaa53f57-a911-4834-9b60-40ab8a7aba1f,2026-07-31T16:45:00Z,2026-07-31T18:45:00+0200,9027.75813,MW,DE,DE_LU,forecast_solar_generation,Solar,2026-08-05T11:47:58Z
2026-08-05T11:45:45Z,2026-08-05T13:45:45+0200,eaa53f57-a911-4834-9b60-40ab8a7aba1f,2026-07-31T17:00:00Z,2026-07-31T19:00:00+0200,7296.80305,MW,DE,DE_LU,forecast_solar_generation,Solar,2026-08-05T11:47:58Z
2026-08-05T11:45:45Z,2026-08-05T13:45:45+0200,eaa53f57-a911-4834-9b60-40ab8a7aba1f,2026-07-31T17:15:00Z,2026-07-31T19:15:00+0200,5681.10622,MW,DE,DE_LU,forecast_solar_generation,Solar,2026-08-05T11:47:58Z
2026-08-05T11:45:45Z,2026-08-05T13:45:45+0200,eaa53f57-a911-4834-9b60-40ab8a7aba1f,2026-07-31T17:30:00Z,2026-07-31T19:30:00+0200,4217.45511,MW,DE,DE_LU,forecast_solar_generation,Solar,2026-08-05T11:47:58Z
2026-08-05T11:45:45Z,2026-08-05T13:45:45+0200,eaa53f57-a911-4834-9b60-40ab8a7aba1f,2026-07-31T17:45:00Z,2026-07-31T19:45:00+0200,2981.28299,MW,DE,DE_LU,forecast_solar_generation,Solar,2026-08-05T11:47:58Z
2026-08-05T11:45:45Z,2026-08-05T13:45:45+0200,eaa53f57-a911-4834-9b60-40ab8a7aba1f,2026-07-31T18:00:00Z,2026-07-31T20:00:00+0200,1989.2441,MW,DE,DE_LU,forecast_solar_generation,Solar,2026-08-05T11:47:58Z
2026-08-05T11:45:45Z,2026-08-05T13:45:45+0200,eaa53f57-a911-4834-9b60-40ab8a7aba1f,2026-07-31T18:15:00Z,2026-07-31T20:15:00+0200,1227.76486,MW,DE,DE_LU,forecast_solar_generation,Solar,2026-08-05T11:47:58Z
2026-08-05T11:45:45Z,2026-08-05T13:45:45+0200,eaa53f57-a911-4834-9b60-40ab8a7aba1f,2026-07-31T18:30:00Z,2026-07-31T20:30:00+0200,660.20959,MW,DE,DE_LU,forecast_solar_generation,Solar,2026-08-05T11:47:58Z
2026-08-05T11:45:45Z,2026-08-05T13:45:45+0200,eaa53f57-a911-4834-9b60-40ab8a7aba1f,2026-07-31T18:45:00Z,2026-07-31T20:45:00+0200,275.83397,MW,DE,DE_LU,forecast_solar_generation,Solar,2026-08-05T11:47:58Z
2026-08-05T11:45:45Z,2026-08-05T13:45:45+0200,eaa53f57-a911-4834-9b60-40ab8a7aba1f,2026-07-31T19:00:00Z,2026-07-31T21:00:00+0200,77.96299,MW,DE,DE_LU,forecast_solar_generation,Solar,2026-08-05T11:47:58Z
2026-08-05T11:45:45Z,2026-08-05T13:45:45+0200,eaa53f57-a911-4834-9b60-40ab8a7aba1f,2026-07-31T19:15:00Z,2026-07-31T21:15:00+0200,25.58592,MW,DE,DE_LU,forecast_solar_generation,Solar,2026-08-05T11:47:58Z
2026-08-05T11:45:45Z,2026-08-05T13:45:45+0200,eaa53f57-a911-4834-9b60-40ab8a7aba1f,2026-07-31T19:30:00Z,2026-07-31T21:30:00+0200,9.796,MW,DE,DE_LU,forecast_solar_generation,Solar,2026-08-05T11:47:58Z
2026-08-05T11:45:45Z,2026-08-05T13:45:45+0200,eaa53f57-a911-4834-9b60-40ab8a7aba1f,2026-07-31T19:45:00Z,2026-07-31T21:45:00+0200,0.0,MW,DE,DE_LU,forecast_solar_generation,Solar,2026-08-05T11:47:58Z
2026-08-05T11:45:45Z,2026-08-05T13:45:45+0200,eaa53f57-a911-4834-9b60-40ab8a7aba1f,2026-07-31T20:00:00Z,2026-07-31T22:00:00+0200,0.0,MW,DE,DE_LU,forecast_solar_generation,Solar,2026-08-05T11:47:58Z
2026-08-05T11:45:45Z,2026-08-05T13:45:45+0200,eaa53f57-a911-4834-9b60-40ab8a7aba1f,2026-07-31T20:15:00Z,2026-07-31T22:15:00+0200,0.0,MW,DE,DE_LU,forecast_solar_generation,Solar,2026-08-05T11:47:58Z
2026-08-05T11:45:45Z,2026-08-05T13:45:45+0200,eaa53f57-a911-4834-9b60-40ab8a7aba1f,2026-07-31T20:30:00Z,2026-07-31T22:30:00+0200,0.0,MW,DE,DE_LU,forecast_solar_generation,Solar,2026-08-05T11:47:58Z
2026-08-05T11:45:45Z,2026-08-05T13:45:45+0200,eaa53f57-a911-4834-9b60-40ab8a7aba1f,2026-07-31T20:45:00Z,2026-07-31T22:45:00+0200,0.0,MW,DE,DE_LU,forecast_solar_generation,Solar,2026-08-05T11:47:58Z
2026-08-05T11:45:45Z,2026-08-05T13:45:45+0200,eaa53f57-a911-4834-9b60-40ab8a7aba1f,2026-07-31T21:00:00Z,2026-07-31T23:00:00+0200,0.0,MW,DE,DE_LU,forecast_solar_generation,Solar,2026-08-05T11:47:58Z
2026-08-05T11:45:45Z,2026-08-05T13:45:45+0200,eaa53f57-a911-4834-9b60-40ab8a7aba1f,2026-07-31T21:15:00Z,2026-07-31T23:15:00+0200,0.0,MW,DE,DE_LU,forecast_solar_generation,Solar,2026-08-05T11:47:58Z
2026-08-05T11:45:45Z,2026-08-05T13:45:45+0200,eaa53f57-a911-4834-9b60-40ab8a7aba1f,2026-07-31T21:30:00Z,2026-07-31T23:30:00+0200,0.0,MW,DE,DE_LU,forecast_solar_generation,Solar,2026-08-05T11:47:58Z
2026-08-05T11:45:45Z,2026-08-05T13:45:45+0200,eaa53f57-a911-4834-9b60-40ab8a7aba1f,2026-07-31T21:45:00Z,2026-07-31T23:45:00+0200,0.0,MW,DE,DE_LU,forecast_solar_generation,Solar,2026-08-05T11:47:58Z
2026-08-05T11:45:45Z,2026-08-05T13:45:45+0200,eaa53f57-a911-4834-9b60-40ab8a7aba1f,2026-07-31T22:00:00Z,2026-08-01T00:00:00+0200,0.0,MW,DE,DE_LU,forecast_solar_generation,Solar,2026-08-05T11:47:58Z
2026-08-05T11:45:45Z,2026-08-05T13:45:45+0200,eaa53f57-a911-4834-9b60-40ab8a7aba1f,2026-07-31T22:15:00Z,2026-08-01T00:15:00+0200,0.0,MW,DE,DE_LU,forecast_solar_generation,Solar,2026-08-05T11:47:58Z
2026-08-05T11:45:45Z,2026-08-05T13:45:45+0200,eaa53f57-a911-4834-9b60-40ab8a7aba1f,2026-07-31T22:30:00Z,2026-08-01T00:30:00+0200,0.0,MW,DE,DE_LU,forecast_solar_generation,Solar,2026-08-05T11:47:58Z
2026-08-05T11:45:45Z,2026-08-05T13:45:45+0200,eaa53f57-a911-4834-9b60-40ab8a7aba1f,2026-07-31T22:45:00Z,2026-08-01T00:45:00+0200,0.0,MW,DE,DE_LU,forecast_solar_generation,Solar,2026-08-05T11:47:58Z
2026-08-05T11:45:45Z,2026-08-05T13:45:45+0200,eaa53f57-a911-4834-9b60-40ab8a7aba1f,2026-07-31T23:00:00Z,2026-08-01T01:00:00+0200,0.0,MW,DE,DE_LU,forecast_solar_generation,Solar,2026-08-05T11:47:58Z
2026-08-05T11:45:45Z,2026-08-05T13:45:45+0200,eaa53f57-a911-4834-9b60-40ab8a7aba1f,2026-07-31T23:15:00Z,2026-08-01T01:15:00+0200,0.0,MW,DE,DE_LU,forecast_solar_generation,Solar,2026-08-05T11:47:58Z
2026-08-05T11:45:45Z,2026-08-05T13:45:45+0200,eaa53f57-a911-4834-9b60-40ab8a7aba1f,2026-07-31T23:30:00Z,2026-08-01T01:30:00+0200,0.0,MW,DE,DE_LU,forecast_solar_generation,Solar,2026-08-05T11:47:58Z
2026-08-05T11:45:45Z,2026-08-05T13:45:45+0200,eaa53f57-a911-4834-9b60-40ab8a7aba1f,2026-07-31T23:45:00Z,2026-08-01T01:45:00+0200,0.0,MW,DE,DE_LU,forecast_solar_generation,Solar,2026-08-05T11:47:58Z
2026-08-05T11:45:45Z,2026-08-05T13:45:45+0200,eaa53f57-a911-4834-9b60-40ab8a7aba1f,2026-08-01T00:00:00Z,2026-08-01T02:00:00+0200,0.0,MW,DE,DE_LU,forecast_solar_generation,Solar,2026-08-05T11:47:58Z
2026-08-05T11:45:45Z,2026-08-05T13:45:45+0200,eaa53f57-a911-4834-9b60-40ab8a7aba1f,2026-08-01T00:15:00Z,2026-08-01T02:15:00+0200,0.0,MW,DE,DE_LU,forecast_solar_generation,Solar,2026-08-05T11:47:58Z
2026-08-05T11:45:45Z,2026-08-05T13:45:45+0200,eaa53f57-a911-4834-9b60-40ab8a7aba1f,2026-08-01T00:30:00Z,2026-08-01T02:30:00+0200,0.0,MW,DE,DE_LU,forecast_solar_generation,Solar,2026-08-05T11:47:58Z
2026-08-05T11:45:45Z,2026-08-05T13:45:45+0200,eaa53f57-a911-4834-9b60-40ab8a7aba1f,2026-08-01T00:45:00Z,2026-08-01T02:45:00+0200,0.0,MW,DE,DE_LU,forecast_solar_generation,Solar,2026-08-05T11:47:58Z
2026-08-05T11:45:45Z,2026-08-05T13:45:45+0200,eaa53f57-a911-4834-9b60-40ab8a7aba1f,2026-08-01T01:00:00Z,2026-08-01T03:00:00+0200,0.0,MW,DE,DE_LU,forecast_solar_generation,Solar,2026-08-05T11:47:58Z
2026-08-05T11:45:45Z,2026-08-05T13:45:45+0200,eaa53f57-a911-4834-9b60-40ab8a7aba1f,2026-08-01T01:15:00Z,2026-08-01T03:15:00+0200,0.0,MW,DE,DE_LU,forecast_solar_generation,Solar,2026-08-05T11:47:58Z
2026-08-05T11:45:45Z,2026-08-05T13:45:45+0200,eaa53f57-a911-4834-9b60-40ab8a7aba1f,2026-08-01T01:30:00Z,2026-08-01T03:30:00+0200,0.0,MW,DE,DE_LU,forecast_solar_generation,Solar,2026-08-05T11:47:58Z
2026-08-05T11:45:45Z,2026-08-05T13:45:45+0200,eaa53f57-a911-4834-9b60-40ab8a7aba1f,2026-08-01T01:45:00Z,2026-08-01T03:45:00+0200,0.0,MW,DE,DE_LU,forecast_solar_generation,Solar,2026-08-05T11:47:58Z
2026-08-05T11:45:45Z,2026-08-05T13:45:45+0200,eaa53f57-a911-4834-9b60-40ab8a7aba1f,2026-08-01T02:00:00Z,2026-08-01T04:00:00+0200,0.0,MW,DE,DE_LU,forecast_solar_generation,Solar,2026-08-05T11:47:58Z
2026-08-05T11:45:45Z,2026-08-05T13:45:45+0200,eaa53f57-a911-4834-9b60-40ab8a7aba1f,2026-08-01T02:15:00Z,2026-08-01T04:15:00+0200,0.0,MW,DE,DE_LU,forecast_solar_generation,Solar,2026-08-05T11:47:58Z
2026-08-05T11:45:45Z,2026-08-05T13:45:45+0200,eaa53f57-a911-4834-9b60-40ab8a7aba1f,2026-08-01T02:30:00Z,2026-08-01T04:30:00+0200,0.0,MW,DE,DE_LU,forecast_solar_generation,Solar,2026-08-05T11:47:58Z
2026-08-05T11:45:45Z,2026-08-05T13:45:45+0200,eaa53f57-a911-4834-9b60-40ab8a7aba1f,2026-08-01T02:45:00Z,2026-08-01T04:45:00+0200,0.0,MW,DE,DE_LU,forecast_solar_generation,Solar,2026-08-05T11:47:58Z
2026-08-05T11:45:45Z,2026-08-05T13:45:45+0200,eaa53f57-a911-4834-9b60-40ab8a7aba1f,2026-08-01T03:00:00Z,2026-08-01T05:00:00+0200,0.0,MW,DE,DE_LU,forecast_solar_generation,Solar,2026-08-05T11:47:58Z
2026-08-05T11:45:45Z,2026-08-05T13:45:45+0200,eaa53f57-a911-4834-9b60-40ab8a7aba1f,2026-08-01T03:15:00Z,2026-08-01T05:15:00+0200,0.92,MW,DE,DE_LU,forecast_solar_generation,Solar,2026-08-05T11:47:58Z
2026-08-05T11:45:45Z,2026-08-05T13:45:45+0200,eaa53f57-a911-4834-9b60-40ab8a7aba1f,2026-08-01T03:30:00Z,2026-08-01T05:30:00+0200,46.84774,MW,DE,DE_LU,forecast_solar_generation,Solar,2026-08-05T11:47:58Z
2026-08-05T11:45:45Z,2026-08-05T13:45:45+0200,eaa53f57-a911-4834-9b60-40ab8a7aba1f,2026-08-01T03:45:00Z,2026-08-01T05:45:00+0200,186.54911,MW,DE,DE_LU,forecast_solar_generation,Solar,2026-08-05T11:47:58Z
2026-08-05T11:45:45Z,2026-08-05T13:45:45+0200,eaa53f57-a911-4834-9b60-40ab8a7aba1f,2026-08-01T04:00:00Z,2026-08-01T06:00:00+0200,526.68174,MW,DE,DE_LU,forecast_solar_generation,Solar,2026-08-05T11:47:58Z
2026-08-05T11:45:45Z,2026-08-05T13:45:45+0200,eaa53f57-a911-4834-9b60-40ab8a7aba1f,2026-08-01T04:15:00Z,2026-08-01T06:15:00+0200,1095.05622,MW,DE,DE_LU,forecast_solar_generation,Solar,2026-08-05T11:47:58Z
2026-08-05T11:45:45Z,2026-08-05T13:45:45+0200,eaa53f57-a911-4834-9b60-40ab8a7aba1f,2026-08-01T04:30:00Z,2026-08-01T06:30:00+0200,1896.09747,MW,DE,DE_LU,forecast_solar_generation,Solar,2026-08-05T11:47:58Z
2026-08-05T11:45:45Z,2026-08-05T13:45:45+0200,eaa53f57-a911-4834-9b60-40ab8a7aba1f,2026-08-01T04:45:00Z,2026-08-01T06:45:00+0200,2926.93739,MW,DE,DE_LU,forecast_solar_generation,Solar,2026-08-05T11:47:58Z
2026-08-05T11:45:45Z,2026-08-05T13:45:45+0200,eaa53f57-a911-4834-9b60-40ab8a7aba1f,2026-08-01T05:00:00Z,2026-08-01T07:00:00+0200,4194.02079,MW,DE,DE_LU,forecast_solar_generation,Solar,2026-08-05T11:47:58Z
2026-08-05T11:45:45Z,2026-08-05T13:45:45+0200,eaa53f57-a911-4834-9b60-40ab8a7aba1f,2026-08-01T05:15:00Z,2026-08-01T07:15:00+0200,5722.04126,MW,DE,DE_LU,forecast_solar_generation,Solar,2026-08-05T11:47:58Z
2026-08-05T11:45:45Z,2026-08-05T13:45:45+0200,eaa53f57-a911-4834-9b60-40ab8a7aba1f,2026-08-01T05:30:00Z,2026-08-01T07:30:00+0200,7426.67662,MW,DE,DE_LU,forecast_solar_generation,Solar,2026-08-05T11:47:58Z
2026-08-05T11:45:45Z,2026-08-05T13:45:45+0200,eaa53f57-a911-4834-9b60-40ab8a7aba1f,2026-08-01T05:45:00Z,2026-08-01T07:45:00+0200,9232.76107,MW,DE,DE_LU,forecast_solar_generation,Solar,2026-08-05T11:47:58Z
2026-08-05T11:45:45Z,2026-08-05T13:45:45+0200,eaa53f57-a911-4834-9b60-40ab8a7aba1f,2026-08-01T06:00:00Z,2026-08-01T08:00:00+0200,11135.08291,MW,DE,DE_LU,forecast_solar_generation,Solar,2026-08-05T11:47:58Z
2026-08-05T11:45:45Z,2026-08-05T13:45:45+0200,eaa53f57-a911-4834-9b60-40ab8a7aba1f,2026-08-01T06:15:00Z,2026-08-01T08:15:00+0200,13146.44345,MW,DE,DE_LU,forecast_solar_generation,Solar,2026-08-05T11:47:58Z
2026-08-05T11:45:45Z,2026-08-05T13:45:45+0200,eaa53f57-a911-4834-9b60-40ab8a7aba1f,2026-08-01T06:30:00Z,2026-08-01T08:30:00+0200,15241.11794,MW,DE,DE_LU,forecast_solar_generation,Solar,2026-08-05T11:47:58Z
2026-08-05T11:45:45Z,2026-08-05T13:45:45+0200,eaa53f57-a911-4834-9b60-40ab8a7aba1f,2026-08-01T06:45:00Z,2026-08-01T08:45:00+0200,17378.01277,MW,DE,DE_LU,forecast_solar_generation,Solar,2026-08-05T11:47:58Z
2026-08-05T11:45:45Z,2026-08-05T13:45:45+0200,eaa53f57-a911-4834-9b60-40ab8a7aba1f,2026-08-01T07:00:00Z,2026-08-01T09:00:00+0200,19541.43351,MW,DE,DE_LU,forecast_solar_generation,Solar,2026-08-05T11:47:58Z
2026-08-05T11:45:45Z,2026-08-05T13:45:45+0200,eaa53f57-a911-4834-9b60-40ab8a7aba1f,2026-08-01T07:15:00Z,2026-08-01T09:15:00+0200,21697.43068,MW,DE,DE_LU,forecast_solar_generation,Solar,2026-08-05T11:47:58Z
2026-08-05T11:45:45Z,2026-08-05T13:45:45+0200,eaa53f57-a911-4834-9b60-40ab8a7aba1f,2026-08-01T07:30:00Z,2026-08-01T09:30:00+0200,23823.15845,MW,DE,DE_LU,forecast_solar_generation,Solar,2026-08-05T11:47:58Z
2026-08-05T11:45:45Z,2026-08-05T13:45:45+0200,eaa53f57-a911-4834-9b60-40ab8a7aba1f,2026-08-01T07:45:00Z,2026-08-01T09:45:00+0200,25923.69441,MW,DE,DE_LU,forecast_solar_generation,Solar,2026-08-05T11:47:58Z
2026-08-05T11:45:45Z,2026-08-05T13:45:45+0200,eaa53f57-a911-4834-9b60-40ab8a7aba1f,2026-08-01T08:00:00Z,2026-08-01T10:00:00+0200,27938.56126,MW,DE,DE_LU,forecast_solar_generation,Solar,2026-08-05T11:47:58Z
2026-08-05T11:45:45Z,2026-08-05T13:45:45+0200,eaa53f57-a911-4834-9b60-40ab8a7aba1f,2026-08-01T08:15:00Z,2026-08-01T10:15:00+0200,29877.73054,MW,DE,DE_LU,forecast_solar_generation,Solar,2026-08-05T11:47:58Z
2026-08-05T11:45:45Z,2026-08-05T13:45:45+0200,eaa53f57-a911-4834-9b60-40ab8a7aba1f,2026-08-01T08:30:00Z,2026-08-01T10:30:00+0200,31745.24671,MW,DE,DE_LU,forecast_solar_generation,Solar,2026-08-05T11:47:58Z
2026-08-05T11:45:45Z,2026-08-05T13:45:45+0200,eaa53f57-a911-4834-9b60-40ab8a7aba1f,2026-08-01T08:45:00Z,2026-08-01T10:45:00+0200,33541.31879,MW,DE,DE_LU,forecast_solar_generation,Solar,2026-08-05T11:47:58Z
2026-08-05T11:45:45Z,2026-08-05T13:45:45+0200,eaa53f57-a911-4834-9b60-40ab8a7aba1f,2026-08-01T09:00:00Z,2026-08-01T11:00:00+0200,35214.09393,MW,DE,DE_LU,forecast_solar_generation,Solar,2026-08-05T11:47:58Z
2026-08-05T11:45:45Z,2026-08-05T13:45:45+0200,eaa53f57-a911-4834-9b60-40ab8a7aba1f,2026-08-01T09:15:00Z,2026-08-01T11:15:00+0200,36772.26165,MW,DE,DE_LU,forecast_solar_generation,Solar,2026-08-05T11:47:58Z
2026-08-05T11:45:45Z,2026-08-05T13:45:45+0200,eaa53f57-a911-4834-9b60-40ab8a7aba1f,2026-08-01T09:30:00Z,2026-08-01T11:30:00+0200,38152.7721,MW,DE,DE_LU,forecast_solar_generation,Solar,2026-08-05T11:47:58Z
2026-08-05T11:45:45Z,2026-08-05T13:45:45+0200,eaa53f57-a911-4834-9b60-40ab8a7aba1f,2026-08-01T09:45:00Z,2026-08-01T11:45:00+0200,39404.6381,MW,DE,DE_LU,forecast_solar_generation,Solar,2026-08-05T11:47:58Z
2026-08-05T11:45:45Z,2026-08-05T13:45:45+0200,eaa53f57-a911-4834-9b60-40ab8a7aba1f,2026-08-01T10:00:00Z,2026-08-01T12:00:00+0200,40482.98616,MW,DE,DE_LU,forecast_solar_generation,Solar,2026-08-05T11:47:58Z
2026-08-05T11:45:45Z,2026-08-05T13:45:45+0200,eaa53f57-a911-4834-9b60-40ab8a7aba1f,2026-08-01T10:15:00Z,2026-08-01T12:15:00+0200,41355.46105,MW,DE,DE_LU,forecast_solar_generation,Solar,2026-08-05T11:47:58Z
2026-08-05T11:45:45Z,2026-08-05T13:45:45+0200,eaa53f57-a911-4834-9b60-40ab8a7aba1f,2026-08-01T10:30:00Z,2026-08-01T12:30:00+0200,42142.43439,MW,DE,DE_LU,forecast_solar_generation,Solar,2026-08-05T11:47:58Z
2026-08-05T11:45:45Z,2026-08-05T13:45:45+0200,eaa53f57-a911-4834-9b60-40ab8a7aba1f,2026-08-01T10:45:00Z,2026-08-01T12:45:00+0200,42827.20677,MW,DE,DE_LU,forecast_solar_generation,Solar,2026-08-05T11:47:58Z
2026-08-05T11:45:45Z,2026-08-05T13:45:45+0200,eaa53f57-a911-4834-9b60-40ab8a7aba1f,2026-08-01T11:00:00Z,2026-08-01T13:00:00+0200,43378.44069,MW,DE,DE_LU,forecast_solar_generation,Solar,2026-08-05T11:47:58Z
2026-08-05T11:45:45Z,2026-08-05T13:45:45+0200,eaa53f57-a911-4834-9b60-40ab8a7aba1f,2026-08-01T11:15:00Z,2026-08-01T13:15:00+0200,43726.49659,MW,DE,DE_LU,forecast_solar_generation,Solar,2026-08-05T11:47:58Z
2026-08-05T11:45:45Z,2026-08-05T13:45:45+0200,eaa53f57-a911-4834-9b60-40ab8a7aba1f,2026-08-01T11:30:00Z,2026-08-01T13:30:00+0200,43913.1712,MW,DE,DE_LU,forecast_solar_generation,Solar,2026-08-05T11:47:58Z
2026-08-05T11:45:45Z,2026-08-05T13:45:45+0200,eaa53f57-a911-4834-9b60-40ab8a7aba1f,2026-08-01T11:45:00Z,2026-08-01T13:45:00+0200,43973.46501,MW,DE,DE_LU,forecast_solar_generation,Solar,2026-08-05T11:47:58Z
2026-08-05T11:45:45Z,2026-08-05T13:45:45+0200,eaa53f57-a911-4834-9b60-40ab8a7aba1f,2026-08-01T12:00:00Z,2026-08-01T14:00:00+0200,43884.07906,MW,DE,DE_LU,forecast_solar_generation,Solar,2026-08-05T11:47:58Z
2026-08-05T11:45:45Z,2026-08-05T13:45:45+0200,eaa53f57-a911-4834-9b60-40ab8a7aba1f,2026-08-01T12:15:00Z,2026-08-01T14:15:00+0200,43678.24921,MW,DE,DE_LU,forecast_solar_generation,Solar,2026-08-05T11:47:58Z
2026-08-05T11:45:45Z,2026-08-05T13:45:45+0200,eaa53f57-a911-4834-9b60-40ab8a7aba1f,2026-08-01T12:30:00Z,2026-08-01T14:30:00+0200,43304.43769,MW,DE,DE_LU,forecast_solar_generation,Solar,2026-08-05T11:47:58Z
2026-08-05T11:45:45Z,2026-08-05T13:45:45+0200,eaa53f57-a911-4834-9b60-40ab8a7aba1f,2026-08-01T12:45:00Z,2026-08-01T14:45:00+0200,42809.18605,MW,DE,DE_LU,forecast_solar_generation,Solar,2026-08-05T11:47:58Z
2026-08-05T11:45:45Z,2026-08-05T13:45:45+0200,eaa53f57-a911-4834-9b60-40ab8a7aba1f,2026-08-01T13:00:00Z,2026-08-01T15:00:00+0200,42184.89157,MW,DE,DE_LU,forecast_solar_generation,Solar,2026-08-05T11:47:58Z
2026-08-05T11:45:45Z,2026-08-05T13:45:45+0200,eaa53f57-a911-4834-9b60-40ab8a7aba1f,2026-08-01T13:15:00Z,2026-08-01T15:15:00+0200,41381.33502,MW,DE,DE_LU,forecast_solar_generation,Solar,2026-08-05T11:47:58Z
2026-08-05T11:45:45Z,2026-08-05T13:45:45+0200,eaa53f57-a911-4834-9b60-40ab8a7aba1f,2026-08-01T13:30:00Z,2026-08-01T15:30:00+0200,40405.11842,MW,DE,DE_LU,forecast_solar_generation,Solar,2026-08-05T11:47:58Z
2026-08-05T11:45:45Z,2026-08-05T13:45:45+0200,eaa53f57-a911-4834-9b60-40ab8a7aba1f,2026-08-01T13:45:00Z,2026-08-01T15:45:00+0200,39230.08214,MW,DE,DE_LU,forecast_solar_generation,Solar,2026-08-05T11:47:58Z
2026-08-05T11:45:45Z,2026-08-05T13:45:45+0200,eaa53f57-a911-4834-9b60-40ab8a7aba1f,2026-08-01T14:00:00Z,2026-08-01T16:00:00+0200,37869.12134,MW,DE,DE_LU,forecast_solar_generation,Solar,2026-08-05T11:47:58Z
2026-08-05T11:45:45Z,2026-08-05T13:45:45+0200,eaa53f57-a911-4834-9b60-40ab8a7aba1f,2026-08-01T14:15:00Z,2026-08-01T16:15:00+0200,36340.19616,MW,DE,DE_LU,forecast_solar_generation,Solar,2026-08-05T11:47:58Z
2026-08-05T11:45:45Z,2026-08-05T13:45:45+0200,eaa53f57-a911-4834-9b60-40ab8a7aba1f,2026-08-01T14:30:00Z,2026-08-01T16:30:00+0200,34659.477,MW,DE,DE_LU,forecast_solar_generation,Solar,2026-08-05T11:47:58Z
2026-08-05T11:45:45Z,2026-08-05T13:45:45+0200,eaa53f57-a911-4834-9b60-40ab8a7aba1f,2026-08-01T14:45:00Z,2026-08-01T16:45:00+0200,32729.6164,MW,DE,DE_LU,forecast_solar_generation,Solar,2026-08-05T11:47:58Z
2026-08-05T11:45:45Z,2026-08-05T13:45:45+0200,eaa53f57-a911-4834-9b60-40ab8a7aba1f,2026-08-01T15:00:00Z,2026-08-01T17:00:00+0200,30639.26848,MW,DE,DE_LU,forecast_solar_generation,Solar,2026-08-05T11:47:58Z
2026-08-05T11:45:45Z,2026-08-05T13:45:45+0200,eaa53f57-a911-4834-9b60-40ab8a7aba1f,2026-08-01T15:15:00Z,2026-08-01T17:15:00+0200,28400.51369,MW,DE,DE_LU,forecast_solar_generation,Solar,2026-08-05T11:47:58Z
2026-08-05T11:45:45Z,2026-08-05T13:45:45+0200,eaa53f57-a911-4834-9b60-40ab8a7aba1f,2026-08-01T15:30:00Z,2026-08-01T17:30:00+0200,26055.90995,MW,DE,DE_LU,forecast_solar_generation,Solar,2026-08-05T11:47:58Z
2026-08-05T11:45:45Z,2026-08-05T13:45:45+0200,eaa53f57-a911-4834-9b60-40ab8a7aba1f,2026-08-01T15:45:00Z,2026-08-01T17:45:00+0200,23623.83995,MW,DE,DE_LU,forecast_solar_generation,Solar,2026-08-05T11:47:58Z
2026-08-05T11:45:45Z,2026-08-05T13:45:45+0200,eaa53f57-a911-4834-9b60-40ab8a7aba1f,2026-08-01T16:00:00Z,2026-08-01T18:00:00+0200,21032.17023,MW,DE,DE_LU,forecast_solar_generation,Solar,2026-08-05T11:47:58Z
2026-08-05T11:45:45Z,2026-08-05T13:45:45+0200,eaa53f57-a911-4834-9b60-40ab8a7aba1f,2026-08-01T16:15:00Z,2026-08-01T18:15:00+0200,18316.9101,MW,DE,DE_LU,forecast_solar_generation,Solar,2026-08-05T11:47:58Z
2026-08-05T11:45:45Z,2026-08-05T13:45:45+0200,eaa53f57-a911-4834-9b60-40ab8a7aba1f,2026-08-01T16:30:00Z,2026-08-01T18:30:00+0200,15551.69784,MW,DE,DE_LU,forecast_solar_generation,Solar,2026-08-05T11:47:58Z
2026-08-05T11:45:45Z,2026-08-05T13:45:45+0200,eaa53f57-a911-4834-9b60-40ab8a7aba1f,2026-08-01T16:45:00Z,2026-08-01T18:45:00+0200,12849.83902,MW,DE,DE_LU,forecast_solar_generation,Solar,2026-08-05T11:47:58Z
2026-08-05T11:45:45Z,2026-08-05T13:45:45+0200,eaa53f57-a911-4834-9b60-40ab8a7aba1f,2026-08-01T17:00:00Z,2026-08-01T19:00:00+0200,10285.03801,MW,DE,DE_LU,forecast_solar_generation,Solar,2026-08-05T11:47:58Z
2026-08-05T11:45:45Z,2026-08-05T13:45:45+0200,eaa53f57-a911-4834-9b60-40ab8a7aba1f,2026-08-01T17:15:00Z,2026-08-01T19:15:00+0200,7928.49139,MW,DE,DE_LU,forecast_solar_generation,Solar,2026-08-05T11:47:58Z
2026-08-05T11:45:45Z,2026-08-05T13:45:45+0200,eaa53f57-a911-4834-9b60-40ab8a7aba1f,2026-08-01T17:30:00Z,2026-08-01T19:30:00+0200,5865.41249,MW,DE,DE_LU,forecast_solar_generation,Solar,2026-08-05T11:47:58Z
2026-08-05T11:45:45Z,2026-08-05T13:45:45+0200,eaa53f57-a911-4834-9b60-40ab8a7aba1f,2026-08-01T17:45:00Z,2026-08-01T19:45:00+0200,4177.16425,MW,DE,DE_LU,forecast_solar_generation,Solar,2026-08-05T11:47:58Z
2026-08-05T11:45:45Z,2026-08-05T13:45:45+0200,eaa53f57-a911-4834-9b60-40ab8a7aba1f,2026-08-01T18:00:00Z,2026-08-01T20:00:00+0200,2849.55752,MW,DE,DE_LU,forecast_solar_generation,Solar,2026-08-05T11:47:58Z
2026-08-05T11:45:45Z,2026-08-05T13:45:45+0200,eaa53f57-a911-4834-9b60-40ab8a7aba1f,2026-08-01T18:15:00Z,2026-08-01T20:15:00+0200,1799.79091,MW,DE,DE_LU,forecast_solar_generation,Solar,2026-08-05T11:47:58Z
2026-08-05T11:45:45Z,2026-08-05T13:45:45+0200,eaa53f57-a911-4834-9b60-40ab8a7aba1f,2026-08-01T18:30:00Z,2026-08-01T20:30:00+0200,968.32459,MW,DE,DE_LU,forecast_solar_generation,Solar,2026-08-05T11:47:58Z
2026-08-05T11:45:45Z,2026-08-05T13:45:45+0200,eaa53f57-a911-4834-9b60-40ab8a7aba1f,2026-08-01T18:45:00Z,2026-08-01T20:45:00+0200,388.85224,MW,DE,DE_LU,forecast_solar_generation,Solar,2026-08-05T11:47:58Z
2026-08-05T11:45:45Z,2026-08-05T13:45:45+0200,eaa53f57-a911-4834-9b60-40ab8a7aba1f,2026-08-01T19:00:00Z,2026-08-01T21:00:00+0200,99.54054,MW,DE,DE_LU,forecast_solar_generation,Solar,2026-08-05T11:47:58Z
2026-08-05T11:45:45Z,2026-08-05T13:45:45+0200,eaa53f57-a911-4834-9b60-40ab8a7aba1f,2026-08-01T19:15:00Z,2026-08-01T21:15:00+0200,29.02298,MW,DE,DE_LU,forecast_solar_generation,Solar,2026-08-05T11:47:58Z
2026-08-05T11:45:45Z,2026-08-05T13:45:45+0200,eaa53f57-a911-4834-9b60-40ab8a7aba1f,2026-08-01T19:30:00Z,2026-08-01T21:30:00+0200,0.0,MW,DE,DE_LU,forecast_solar_generation,Solar,2026-08-05T11:47:58Z
2026-08-05T11:45:45Z,2026-08-05T13:45:45+0200,eaa53f57-a911-4834-9b60-40ab8a7aba1f,2026-08-01T19:45:00Z,2026-08-01T21:45:00+0200,0.0,MW,DE,DE_LU,forecast_solar_generation,Solar,2026-08-05T11:47:58Z
2026-08-05T11:45:45Z,2026-08-05T13:45:45+0200,eaa53f57-a911-4834-9b60-40ab8a7aba1f,2026-08-01T20:00:00Z,2026-08-01T22:00:00+0200,0.0,MW,DE,DE_LU,forecast_solar_generation,Solar,2026-08-05T11:47:58Z
2026-08-05T11:45:45Z,2026-08-05T13:45:45+0200,eaa53f57-a911-4834-9b60-40ab8a7aba1f,2026-08-01T20:15:00Z,2026-08-01T22:15:00+0200,0.0,MW,DE,DE_LU,forecast_solar_generation,Solar,2026-08-05T11:47:58Z
2026-08-05T11:45:45Z,2026-08-05T13:45:45+0200,eaa53f57-a911-4834-9b60-40ab8a7aba1f,2026-08-01T20:30:00Z,2026-08-01T22:30:00+0200,0.0,MW,DE,DE_LU,forecast_solar_generation,Solar,2026-08-05T11:47:58Z
2026-08-05T11:45:45Z,2026-08-05T13:45:45+0200,eaa53f57-a911-4834-9b60-40ab8a7aba1f,2026-08-01T20:45:00Z,2026-08-01T22:45:00+0200,0.0,MW,DE,DE_LU,forecast_solar_generation,Solar,2026-08-05T11:47:58Z
2026-08-05T11:45:45Z,2026-08-05T13:45:45+0200,eaa53f57-a911-4834-9b60-40ab8a7aba1f,2026-08-01T21:00:00Z,2026-08-01T23:00:00+0200,0.0,MW,DE,DE_LU,forecast_solar_generation,Solar,2026-08-05T11:47:58Z
2026-08-05T11:45:45Z,2026-08-05T13:45:45+0200,eaa53f57-a911-4834-9b60-40ab8a7aba1f,2026-08-01T21:15:00Z,2026-08-01T23:15:00+0200,0.0,MW,DE,DE_LU,forecast_solar_generation,Solar,2026-08-05T11:47:58Z
2026-08-05T11:45:45Z,2026-08-05T13:45:45+0200,eaa53f57-a911-4834-9b60-40ab8a7aba1f,2026-08-01T21:30:00Z,2026-08-01T23:30:00+0200,0.0,MW,DE,DE_LU,forecast_solar_generation,Solar,2026-08-05T11:47:58Z
2026-08-05T11:45:45Z,2026-08-05T13:45:45+0200,eaa53f57-a911-4834-9b60-40ab8a7aba1f,2026-08-01T21:45:00Z,2026-08-01T23:45:00+0200,0.0,MW,DE,DE_LU,forecast_solar_generation,Solar,2026-08-05T11:47:58Z
2026-08-05T11:45:45Z,2026-08-05T13:45:45+0200,eaa53f57-a911-4834-9b60-40ab8a7aba1f,2026-08-01T22:00:00Z,2026-08-02T00:00:00+0200,0.0,MW,DE,DE_LU,forecast_solar_generation,Solar,2026-08-05T11:47:58Z
2026-08-05T11:45:45Z,2026-08-05T13:45:45+0200,eaa53f57-a911-4834-9b60-40ab8a7aba1f,2026-08-01T22:15:00Z,2026-08-02T00:15:00+0200,0.0,MW,DE,DE_LU,forecast_solar_generation,Solar,2026-08-05T11:47:58Z
2026-08-05T11:45:45Z,2026-08-05T13:45:45+0200,eaa53f57-a911-4834-9b60-40ab8a7aba1f,2026-08-01T22:30:00Z,2026-08-02T00:30:00+0200,0.0,MW,DE,DE_LU,forecast_solar_generation,Solar,2026-08-05T11:47:58Z
2026-08-05T11:45:45Z,2026-08-05T13:45:45+0200,eaa53f57-a911-4834-9b60-40ab8a7aba1f,2026-08-01T22:45:00Z,2026-08-02T00:45:00+0200,0.0,MW,DE,DE_LU,forecast_solar_generation,Solar,2026-08-05T11:47:58Z
2026-08-05T11:45:45Z,2026-08-05T13:45:45+0200,eaa53f57-a911-4834-9b60-40ab8a7aba1f,2026-08-01T23:00:00Z,2026-08-02T01:00:00+0200,0.0,MW,DE,DE_LU,forecast_solar_generation,Solar,2026-08-05T11:47:58Z
2026-08-05T11:45:45Z,2026-08-05T13:45:45+0200,eaa53f57-a911-4834-9b60-40ab8a7aba1f,2026-08-01T23:15:00Z,2026-08-02T01:15:00+0200,0.0,MW,DE,DE_LU,forecast_solar_generation,Solar,2026-08-05T11:47:58Z
2026-08-05T11:45:45Z,2026-08-05T13:45:45+0200,eaa53f57-a911-4834-9b60-40ab8a7aba1f,2026-08-01T23:30:00Z,2026-08-02T01:30:00+0200,0.0,MW,DE,DE_LU,forecast_solar_generation,Solar,2026-08-05T11:47:58Z
2026-08-05T11:45:45Z,2026-08-05T13:45:45+0200,eaa53f57-a911-4834-9b60-40ab8a7aba1f,2026-08-01T23:45:00Z,2026-08-02T01:45:00+0200,0.0,MW,DE,DE_LU,forecast_solar_generation,Solar,2026-08-05T11:47:58Z
2026-08-05T11:45:45Z,2026-08-05T13:45:45+0200,eaa53f57-a911-4834-9b60-40ab8a7aba1f,2026-08-02T00:00:00Z,2026-08-02T02:00:00+0200,0.0,MW,DE,DE_LU,forecast_solar_generation,Solar,2026-08-05T11:47:58Z
2026-08-05T11:45:45Z,2026-08-05T13:45:45+0200,eaa53f57-a911-4834-9b60-40ab8a7aba1f,2026-08-02T00:15:00Z,2026-08-02T02:15:00+0200,0.0,MW,DE,DE_LU,forecast_solar_generation,Solar,2026-08-05T11:47:58Z
2026-08-05T11:45:45Z,2026-08-05T13:45:45+0200,eaa53f57-a911-4834-9b60-40ab8a7aba1f,2026-08-02T00:30:00Z,2026-08-02T02:30:00+0200,0.0,MW,DE,DE_LU,forecast_solar_generation,Solar,2026-08-05T11:47:58Z
2026-08-05T11:45:45Z,2026-08-05T13:45:45+0200,eaa53f57-a911-4834-9b60-40ab8a7aba1f,2026-08-02T00:45:00Z,2026-08-02T02:45:00+0200,0.0,MW,DE,DE_LU,forecast_solar_generation,Solar,2026-08-05T11:47:58Z
2026-08-05T11:45:45Z,2026-08-05T13:45:45+0200,eaa53f57-a911-4834-9b60-40ab8a7aba1f,2026-08-02T01:00:00Z,2026-08-02T03:00:00+0200,0.0,MW,DE,DE_LU,forecast_solar_generation,Solar,2026-08-05T11:47:58Z
2026-08-05T11:45:45Z,2026-08-05T13:45:45+0200,eaa53f57-a911-4834-9b60-40ab8a7aba1f,2026-08-02T01:15:00Z,2026-08-02T03:15:00+0200,0.0,MW,DE,DE_LU,forecast_solar_generation,Solar,2026-08-05T11:47:58Z
2026-08-05T11:45:45Z,2026-08-05T13:45:45+0200,eaa53f57-a911-4834-9b60-40ab8a7aba1f,2026-08-02T01:30:00Z,2026-08-02T03:30:00+0200,0.0,MW,DE,DE_LU,forecast_solar_generation,Solar,2026-08-05T11:47:58Z
2026-08-05T11:45:45Z,2026-08-05T13:45:45+0200,eaa53f57-a911-4834-9b60-40ab8a7aba1f,2026-08-02T01:45:00Z,2026-08-02T03:45:00+0200,0.0,MW,DE,DE_LU,forecast_solar_generation,Solar,2026-08-05T11:47:58Z
2026-08-05T11:45:45Z,2026-08-05T13:45:45+0200,eaa53f57-a911-4834-9b60-40ab8a7aba1f,2026-08-02T02:00:00Z,2026-08-02T04:00:00+0200,0.0,MW,DE,DE_LU,forecast_solar_generation,Solar,2026-08-05T11:47:58Z
2026-08-05T11:45:45Z,2026-08-05T13:45:45+0200,eaa53f57-a911-4834-9b60-40ab8a7aba1f,2026-08-02T02:15:00Z,2026-08-02T04:15:00+0200,0.0,MW,DE,DE_LU,forecast_solar_generation,Solar,2026-08-05T11:47:58Z
2026-08-05T11:45:45Z,2026-08-05T13:45:45+0200,eaa53f57-a911-4834-9b60-40ab8a7aba1f,2026-08-02T02:30:00Z,2026-08-02T04:30:00+0200,0.0,MW,DE,DE_LU,forecast_solar_generation,Solar,2026-08-05T11:47:58Z
2026-08-05T11:45:45Z,2026-08-05T13:45:45+0200,eaa53f57-a911-4834-9b60-40ab8a7aba1f,2026-08-02T02:45:00Z,2026-08-02T04:45:00+0200,0.0,MW,DE,DE_LU,forecast_solar_generation,Solar,2026-08-05T11:47:58Z
2026-08-05T11:45:45Z,2026-08-05T13:45:45+0200,eaa53f57-a911-4834-9b60-40ab8a7aba1f,2026-08-02T03:00:00Z,2026-08-02T05:00:00+0200,0.0,MW,DE,DE_LU,forecast_solar_generation,Solar,2026-08-05T11:47:58Z
2026-08-05T11:45:45Z,2026-08-05T13:45:45+0200,eaa53f57-a911-4834-9b60-40ab8a7aba1f,2026-08-02T03:15:00Z,2026-08-02T05:15:00+0200,0.52,MW,DE,DE_LU,forecast_solar_generation,Solar,2026-08-05T11:47:58Z
2026-08-05T11:45:45Z,2026-08-05T13:45:45+0200,eaa53f57-a911-4834-9b60-40ab8a7aba1f,2026-08-02T03:30:00Z,2026-08-02T05:30:00+0200,44.14674,MW,DE,DE_LU,forecast_solar_generation,Solar,2026-08-05T11:47:58Z
2026-08-05T11:45:45Z,2026-08-05T13:45:45+0200,eaa53f57-a911-4834-9b60-40ab8a7aba1f,2026-08-02T03:45:00Z,2026-08-02T05:45:00+0200,204.74667,MW,DE,DE_LU,forecast_solar_generation,Solar,2026-08-05T11:47:58Z
2026-08-05T11:45:45Z,2026-08-05T13:45:45+0200,eaa53f57-a911-4834-9b60-40ab8a7aba1f,2026-08-02T04:00:00Z,2026-08-02T06:00:00+0200,718.3146,MW,DE,DE_LU,forecast_solar_generation,Solar,2026-08-05T11:47:58Z
2026-08-05T11:45:45Z,2026-08-05T13:45:45+0200,eaa53f57-a911-4834-9b60-40ab8a7aba1f,2026-08-02T04:15:00Z,2026-08-02T06:15:00+0200,1494.61614,MW,DE,DE_LU,forecast_solar_generation,Solar,2026-08-05T11:47:58Z
2026-08-05T11:45:45Z,2026-08-05T13:45:45+0200,eaa53f57-a911-4834-9b60-40ab8a7aba1f,2026-08-02T04:30:00Z,2026-08-02T06:30:00+0200,2520.20916,MW,DE,DE_LU,forecast_solar_generation,Solar,2026-08-05T11:47:58Z
2026-08-05T11:45:45Z,2026-08-05T13:45:45+0200,eaa53f57-a911-4834-9b60-40ab8a7aba1f,2026-08-02T04:45:00Z,2026-08-02T06:45:00+0200,3789.39587,MW,DE,DE_LU,forecast_solar_generation,Solar,2026-08-05T11:47:58Z
2026-08-05T11:45:45Z,2026-08-05T13:45:45+0200,eaa53f57-a911-4834-9b60-40ab8a7aba1f,2026-08-02T05:00:00Z,2026-08-02T07:00:00+0200,5390.37508,MW,DE,DE_LU,forecast_solar_generation,Solar,2026-08-05T11:47:58Z
2026-08-05T11:45:45Z,2026-08-05T13:45:45+0200,eaa53f57-a911-4834-9b60-40ab8a7aba1f,2026-08-02T05:15:00Z,2026-08-02T07:15:00+0200,7386.18921,MW,DE,DE_LU,forecast_solar_generation,Solar,2026-08-05T11:47:58Z
2026-08-05T11:45:45Z,2026-08-05T13:45:45+0200,eaa53f57-a911-4834-9b60-40ab8a7aba1f,2026-08-02T05:30:00Z,2026-08-02T07:30:00+0200,9725.04991,MW,DE,DE_LU,forecast_solar_generation,Solar,2026-08-05T11:47:58Z
2026-08-05T11:45:45Z,2026-08-05T13:45:45+0200,eaa53f57-a911-4834-9b60-40ab8a7aba1f,2026-08-02T05:45:00Z,2026-08-02T07:45:00+0200,12322.35881,MW,DE,DE_LU,forecast_solar_generation,Solar,2026-08-05T11:47:58Z
2026-08-05T11:45:45Z,2026-08-05T13:45:45+0200,eaa53f57-a911-4834-9b60-40ab8a7aba1f,2026-08-02T06:00:00Z,2026-08-02T08:00:00+0200,15082.5927,MW,DE,DE_LU,forecast_solar_generation,Solar,2026-08-05T11:47:58Z
2026-08-05T11:45:45Z,2026-08-05T13:45:45+0200,eaa53f57-a911-4834-9b60-40ab8a7aba1f,2026-08-02T06:15:00Z,2026-08-02T08:15:00+0200,18021.40085,MW,DE,DE_LU,forecast_solar_generation,Solar,2026-08-05T11:47:58Z
2026-08-05T11:45:45Z,2026-08-05T13:45:45+0200,eaa53f57-a911-4834-9b60-40ab8a7aba1f,2026-08-02T06:30:00Z,2026-08-02T08:30:00+0200,21053.7933,MW,DE,DE_LU,forecast_solar_generation,Solar,2026-08-05T11:47:58Z
2026-08-05T11:45:45Z,2026-08-05T13:45:45+0200,eaa53f57-a911-4834-9b60-40ab8a7aba1f,2026-08-02T06:45:00Z,2026-08-02T08:45:00+0200,24076.57155,MW,DE,DE_LU,forecast_solar_generation,Solar,2026-08-05T11:47:58Z
2026-08-05T11:45:45Z,2026-08-05T13:45:45+0200,eaa53f57-a911-4834-9b60-40ab8a7aba1f,2026-08-02T07:00:00Z,2026-08-02T09:00:00+0200,27030.04717,MW,DE,DE_LU,forecast_solar_generation,Solar,2026-08-05T11:47:58Z
2026-08-05T11:45:45Z,2026-08-05T13:45:45+0200,eaa53f57-a911-4834-9b60-40ab8a7aba1f,2026-08-02T07:15:00Z,2026-08-02T09:15:00+0200,29876.14531,MW,DE,DE_LU,forecast_solar_generation,Solar,2026-08-05T11:47:58Z
2026-08-05T11:45:45Z,2026-08-05T13:45:45+0200,eaa53f57-a911-4834-9b60-40ab8a7aba1f,2026-08-02T07:30:00Z,2026-08-02T09:30:00+0200,32575.28931,MW,DE,DE_LU,forecast_solar_generation,Solar,2026-08-05T11:47:58Z
2026-08-05T11:45:45Z,2026-08-05T13:45:45+0200,eaa53f57-a911-4834-9b60-40ab8a7aba1f,2026-08-02T07:45:00Z,2026-08-02T09:45:00+0200,35105.45512,MW,DE,DE_LU,forecast_solar_generation,Solar,2026-08-05T11:47:58Z
2026-08-05T11:45:45Z,2026-08-05T13:45:45+0200,eaa53f57-a911-4834-9b60-40ab8a7aba1f,2026-08-02T08:00:00Z,2026-08-02T10:00:00+0200,37470.80509,MW,DE,DE_LU,forecast_solar_generation,Solar,2026-08-05T11:47:58Z
2026-08-05T11:45:45Z,2026-08-05T13:45:45+0200,eaa53f57-a911-4834-9b60-40ab8a7aba1f,2026-08-02T08:15:00Z,2026-08-02T10:15:00+0200,39645.30618,MW,DE,DE_LU,forecast_solar_generation,Solar,2026-08-05T11:47:58Z
2026-08-05T11:45:45Z,2026-08-05T13:45:45+0200,eaa53f57-a911-4834-9b60-40ab8a7aba1f,2026-08-02T08:30:00Z,2026-08-02T10:30:00+0200,41610.35279,MW,DE,DE_LU,forecast_solar_generation,Solar,2026-08-05T11:47:58Z
2026-08-05T11:45:45Z,2026-08-05T13:45:45+0200,eaa53f57-a911-4834-9b60-40ab8a7aba1f,2026-08-02T08:45:00Z,2026-08-02T10:45:00+0200,43404.87395,MW,DE,DE_LU,forecast_solar_generation,Solar,2026-08-05T11:47:58Z
2026-08-05T11:45:45Z,2026-08-05T13:45:45+0200,eaa53f57-a911-4834-9b60-40ab8a7aba1f,2026-08-02T09:00:00Z,2026-08-02T11:00:00+0200,44996.24134,MW,DE,DE_LU,forecast_solar_generation,Solar,2026-08-05T11:47:58Z
2026-08-05T11:45:45Z,2026-08-05T13:45:45+0200,eaa53f57-a911-4834-9b60-40ab8a7aba1f,2026-08-02T09:15:00Z,2026-08-02T11:15:00+0200,46420.00489,MW,DE,DE_LU,forecast_solar_generation,Solar,2026-08-05T11:47:58Z
2026-08-05T11:45:45Z,2026-08-05T13:45:45+0200,eaa53f57-a911-4834-9b60-40ab8a7aba1f,2026-08-02T09:30:00Z,2026-08-02T11:30:00+0200,47618.55956,MW,DE,DE_LU,forecast_solar_generation,Solar,2026-08-05T11:47:58Z
2026-08-05T11:45:45Z,2026-08-05T13:45:45+0200,eaa53f57-a911-4834-9b60-40ab8a7aba1f,2026-08-02T09:45:00Z,2026-08-02T11:45:00+0200,48626.80172,MW,DE,DE_LU,forecast_solar_generation,Solar,2026-08-05T11:47:58Z
2026-08-05T11:45:45Z,2026-08-05T13:45:45+0200,eaa53f57-a911-4834-9b60-40ab8a7aba1f,2026-08-02T10:00:00Z,2026-08-02T12:00:00+0200,49493.41203,MW,DE,DE_LU,forecast_solar_generation,Solar,2026-08-05T11:47:58Z
2026-08-05T11:45:45Z,2026-08-05T13:45:45+0200,eaa53f57-a911-4834-9b60-40ab8a7aba1f,2026-08-02T10:15:00Z,2026-08-02T12:15:00+0200,50155.44955,MW,DE,DE_LU,forecast_solar_generation,Solar,2026-08-05T11:47:58Z
2026-08-05T11:45:45Z,2026-08-05T13:45:45+0200,eaa53f57-a911-4834-9b60-40ab8a7aba1f,2026-08-02T10:30:00Z,2026-08-02T12:30:00+0200,50665.98638,MW,DE,DE_LU,forecast_solar_generation,Solar,2026-08-05T11:47:58Z
2026-08-05T11:45:45Z,2026-08-05T13:45:45+0200,eaa53f57-a911-4834-9b60-40ab8a7aba1f,2026-08-02T10:45:00Z,2026-08-02T12:45:00+0200,51063.74975,MW,DE,DE_LU,forecast_solar_generation,Solar,2026-08-05T11:47:58Z
2026-08-05T11:45:45Z,2026-08-05T13:45:45+0200,eaa53f57-a911-4834-9b60-40ab8a7aba1f,2026-08-02T11:00:00Z,2026-08-02T13:00:00+0200,51266.30623,MW,DE,DE_LU,forecast_solar_generation,Solar,2026-08-05T11:47:58Z
2026-08-05T11:45:45Z,2026-08-05T13:45:45+0200,eaa53f57-a911-4834-9b60-40ab8a7aba1f,2026-08-02T11:15:00Z,2026-08-02T13:15:00+0200,51298.57762,MW,DE,DE_LU,forecast_solar_generation,Solar,2026-08-05T11:47:58Z
2026-08-05T11:45:45Z,2026-08-05T13:45:45+0200,eaa53f57-a911-4834-9b60-40ab8a7aba1f,2026-08-02T11:30:00Z,2026-08-02T13:30:00+0200,51174.90067,MW,DE,DE_LU,forecast_solar_generation,Solar,2026-08-05T11:47:58Z
2026-08-05T11:45:45Z,2026-08-05T13:45:45+0200,eaa53f57-a911-4834-9b60-40ab8a7aba1f,2026-08-02T11:45:00Z,2026-08-02T13:45:00+0200,50964.75563,MW,DE,DE_LU,forecast_solar_generation,Solar,2026-08-05T11:47:58Z
2026-08-05T11:45:45Z,2026-08-05T13:45:45+0200,eaa53f57-a911-4834-9b60-40ab8a7aba1f,2026-08-02T12:00:00Z,2026-08-02T14:00:00+0200,50524.17279,MW,DE,DE_LU,forecast_solar_generation,Solar,2026-08-05T11:47:58Z
2026-08-05T11:45:45Z,2026-08-05T13:45:45+0200,eaa53f57-a911-4834-9b60-40ab8a7aba1f,2026-08-02T12:15:00Z,2026-08-02T14:15:00+0200,49900.65214,MW,DE,DE_LU,forecast_solar_generation,Solar,2026-08-05T11:47:58Z
2026-08-05T11:45:45Z,2026-08-05T13:45:45+0200,eaa53f57-a911-4834-9b60-40ab8a7aba1f,2026-08-02T12:30:00Z,2026-08-02T14:30:00+0200,49110.51821,MW,DE,DE_LU,forecast_solar_generation,Solar,2026-08-05T11:47:58Z
2026-08-05T11:45:45Z,2026-08-05T13:45:45+0200,eaa53f57-a911-4834-9b60-40ab8a7aba1f,2026-08-02T12:45:00Z,2026-08-02T14:45:00+0200,48202.78793,MW,DE,DE_LU,forecast_solar_generation,Solar,2026-08-05T11:47:58Z
2026-08-05T11:45:45Z,2026-08-05T13:45:45+0200,eaa53f57-a911-4834-9b60-40ab8a7aba1f,2026-08-02T13:00:00Z,2026-08-02T15:00:00+0200,47102.24553,MW,DE,DE_LU,forecast_solar_generation,Solar,2026-08-05T11:47:58Z
2026-08-05T11:45:45Z,2026-08-05T13:45:45+0200,eaa53f57-a911-4834-9b60-40ab8a7aba1f,2026-08-02T13:15:00Z,2026-08-02T15:15:00+0200,45902.40787,MW,DE,DE_LU,forecast_solar_generation,Solar,2026-08-05T11:47:58Z
2026-08-05T11:45:45Z,2026-08-05T13:45:45+0200,eaa53f57-a911-4834-9b60-40ab8a7aba1f,2026-08-02T13:30:00Z,2026-08-02T15:30:00+0200,44582.61835,MW,DE,DE_LU,forecast_solar_generation,Solar,2026-08-05T11:47:58Z
2026-08-05T11:45:45Z,2026-08-05T13:45:45+0200,eaa53f57-a911-4834-9b60-40ab8a7aba1f,2026-08-02T13:45:00Z,2026-08-02T15:45:00+0200,43113.89002,MW,DE,DE_LU,forecast_solar_generation,Solar,2026-08-05T11:47:58Z
2026-08-05T11:45:45Z,2026-08-05T13:45:45+0200,eaa53f57-a911-4834-9b60-40ab8a7aba1f,2026-08-02T14:00:00Z,2026-08-02T16:00:00+0200,41440.1866,MW,DE,DE_LU,forecast_solar_generation,Solar,2026-08-05T11:47:58Z
2026-08-05T11:45:45Z,2026-08-05T13:45:45+0200,eaa53f57-a911-4834-9b60-40ab8a7aba1f,2026-08-02T14:15:00Z,2026-08-02T16:15:00+0200,39562.82169,MW,DE,DE_LU,forecast_solar_generation,Solar,2026-08-05T11:47:58Z
2026-08-05T11:45:45Z,2026-08-05T13:45:45+0200,eaa53f57-a911-4834-9b60-40ab8a7aba1f,2026-08-02T14:30:00Z,2026-08-02T16:30:00+0200,37544.43317,MW,DE,DE_LU,forecast_solar_generation,Solar,2026-08-05T11:47:58Z
2026-08-05T11:45:45Z,2026-08-05T13:45:45+0200,eaa53f57-a911-4834-9b60-40ab8a7aba1f,2026-08-02T14:45:00Z,2026-08-02T16:45:00+0200,35339.83479,MW,DE,DE_LU,forecast_solar_generation,Solar,2026-08-05T11:47:58Z
2026-08-05T11:45:45Z,2026-08-05T13:45:45+0200,eaa53f57-a911-4834-9b60-40ab8a7aba1f,2026-08-02T15:00:00Z,2026-08-02T17:00:00+0200,32957.40009,MW,DE,DE_LU,forecast_solar_generation,Solar,2026-08-05T11:47:58Z
2026-08-05T11:45:45Z,2026-08-05T13:45:45+0200,eaa53f57-a911-4834-9b60-40ab8a7aba1f,2026-08-02T15:15:00Z,2026-08-02T17:15:00+0200,30417.47963,MW,DE,DE_LU,forecast_solar_generation,Solar,2026-08-05T11:47:58Z
2026-08-05T11:45:45Z,2026-08-05T13:45:45+0200,eaa53f57-a911-4834-9b60-40ab8a7aba1f,2026-08-02T15:30:00Z,2026-08-02T17:30:00+0200,27744.05991,MW,DE,DE_LU,forecast_solar_generation,Solar,2026-08-05T11:47:58Z
2026-08-05T11:45:45Z,2026-08-05T13:45:45+0200,eaa53f57-a911-4834-9b60-40ab8a7aba1f,2026-08-02T15:45:00Z,2026-08-02T17:45:00+0200,24970.04088,MW,DE,DE_LU,forecast_solar_generation,Solar,2026-08-05T11:47:58Z
2026-08-05T11:45:45Z,2026-08-05T13:45:45+0200,eaa53f57-a911-4834-9b60-40ab8a7aba1f,2026-08-02T16:00:00Z,2026-08-02T18:00:00+0200,22032.55007,MW,DE,DE_LU,forecast_solar_generation,Solar,2026-08-05T11:47:58Z
2026-08-05T11:45:45Z,2026-08-05T13:45:45+0200,eaa53f57-a911-4834-9b60-40ab8a7aba1f,2026-08-02T16:15:00Z,2026-08-02T18:15:00+0200,19015.06162,MW,DE,DE_LU,forecast_solar_generation,Solar,2026-08-05T11:47:58Z
2026-08-05T11:45:45Z,2026-08-05T13:45:45+0200,eaa53f57-a911-4834-9b60-40ab8a7aba1f,2026-08-02T16:30:00Z,2026-08-02T18:30:00+0200,15991.81835,MW,DE,DE_LU,forecast_solar_generation,Solar,2026-08-05T11:47:58Z
2026-08-05T11:45:45Z,2026-08-05T13:45:45+0200,eaa53f57-a911-4834-9b60-40ab8a7aba1f,2026-08-02T16:45:00Z,2026-08-02T18:45:00+0200,13079.80555,MW,DE,DE_LU,forecast_solar_generation,Solar,2026-08-05T11:47:58Z
2026-08-05T11:45:45Z,2026-08-05T13:45:45+0200,eaa53f57-a911-4834-9b60-40ab8a7aba1f,2026-08-02T17:00:00Z,2026-08-02T19:00:00+0200,10353.99555,MW,DE,DE_LU,forecast_solar_generation,Solar,2026-08-05T11:47:58Z
2026-08-05T11:45:45Z,2026-08-05T13:45:45+0200,eaa53f57-a911-4834-9b60-40ab8a7aba1f,2026-08-02T17:15:00Z,2026-08-02T19:15:00+0200,7891.7242,MW,DE,DE_LU,forecast_solar_generation,Solar,2026-08-05T11:47:58Z
2026-08-05T11:45:45Z,2026-08-05T13:45:45+0200,eaa53f57-a911-4834-9b60-40ab8a7aba1f,2026-08-02T17:30:00Z,2026-08-02T19:30:00+0200,5795.00977,MW,DE,DE_LU,forecast_solar_generation,Solar,2026-08-05T11:47:58Z
2026-08-05T11:45:45Z,2026-08-05T13:45:45+0200,eaa53f57-a911-4834-9b60-40ab8a7aba1f,2026-08-02T17:45:00Z,2026-08-02T19:45:00+0200,4121.182,MW,DE,DE_LU,forecast_solar_generation,Solar,2026-08-05T11:47:58Z
2026-08-05T11:45:45Z,2026-08-05T13:45:45+0200,eaa53f57-a911-4834-9b60-40ab8a7aba1f,2026-08-02T18:00:00Z,2026-08-02T20:00:00+0200,2810.03822,MW,DE,DE_LU,forecast_solar_generation,Solar,2026-08-05T11:47:58Z
2026-08-05T11:45:45Z,2026-08-05T13:45:45+0200,eaa53f57-a911-4834-9b60-40ab8a7aba1f,2026-08-02T18:15:00Z,2026-08-02T20:15:00+0200,1752.49789,MW,DE,DE_LU,forecast_solar_generation,Solar,2026-08-05T11:47:58Z
2026-08-05T11:45:45Z,2026-08-05T13:45:45+0200,eaa53f57-a911-4834-9b60-40ab8a7aba1f,2026-08-02T18:30:00Z,2026-08-02T20:30:00+0200,904.21311,MW,DE,DE_LU,forecast_solar_generation,Solar,2026-08-05T11:47:58Z
2026-08-05T11:45:45Z,2026-08-05T13:45:45+0200,eaa53f57-a911-4834-9b60-40ab8a7aba1f,2026-08-02T18:45:00Z,2026-08-02T20:45:00+0200,336.94103,MW,DE,DE_LU,forecast_solar_generation,Solar,2026-08-05T11:47:58Z
2026-08-05T11:45:45Z,2026-08-05T13:45:45+0200,eaa53f57-a911-4834-9b60-40ab8a7aba1f,2026-08-02T19:00:00Z,2026-08-02T21:00:00+0200,81.34494,MW,DE,DE_LU,forecast_solar_generation,Solar,2026-08-05T11:47:58Z
2026-08-05T11:45:45Z,2026-08-05T13:45:45+0200,eaa53f57-a911-4834-9b60-40ab8a7aba1f,2026-08-02T19:15:00Z,2026-08-02T21:15:00+0200,24.88796,MW,DE,DE_LU,forecast_solar_generation,Solar,2026-08-05T11:47:58Z
2026-08-05T11:45:45Z,2026-08-05T13:45:45+0200,eaa53f57-a911-4834-9b60-40ab8a7aba1f,2026-08-02T19:30:00Z,2026-08-02T21:30:00+0200,0.0,MW,DE,DE_LU,forecast_solar_generation,Solar,2026-08-05T11:47:58Z
2026-08-05T11:45:45Z,2026-08-05T13:45:45+0200,eaa53f57-a911-4834-9b60-40ab8a7aba1f,2026-08-02T19:45:00Z,2026-08-02T21:45:00+0200,0.0,MW,DE,DE_LU,forecast_solar_generation,Solar,2026-08-05T11:47:58Z
2026-08-05T11:45:45Z,2026-08-05T13:45:45+0200,eaa53f57-a911-4834-9b60-40ab8a7aba1f,2026-08-02T20:00:00Z,2026-08-02T22:00:00+0200,0.0,MW,DE,DE_LU,forecast_solar_generation,Solar,2026-08-05T11:47:58Z
2026-08-05T11:45:45Z,2026-08-05T13:45:45+0200,eaa53f57-a911-4834-9b60-40ab8a7aba1f,2026-08-02T20:15:00Z,2026-08-02T22:15:00+0200,0.0,MW,DE,DE_LU,forecast_solar_generation,Solar,2026-08-05T11:47:58Z
2026-08-05T11:45:45Z,2026-08-05T13:45:45+0200,eaa53f57-a911-4834-9b60-40ab8a7aba1f,2026-08-02T20:30:00Z,2026-08-02T22:30:00+0200,0.0,MW,DE,DE_LU,forecast_solar_generation,Solar,2026-08-05T11:47:58Z
2026-08-05T11:45:45Z,2026-08-05T13:45:45+0200,eaa53f57-a911-4834-9b60-40ab8a7aba1f,2026-08-02T20:45:00Z,2026-08-02T22:45:00+0200,0.0,MW,DE,DE_LU,forecast_solar_generation,Solar,2026-08-05T11:47:58Z
2026-08-05T11:45:45Z,2026-08-05T13:45:45+0200,eaa53f57-a911-4834-9b60-40ab8a7aba1f,2026-08-02T21:00:00Z,2026-08-02T23:00:00+0200,0.0,MW,DE,DE_LU,forecast_solar_generation,Solar,2026-08-05T11:47:58Z
2026-08-05T11:45:45Z,2026-08-05T13:45:45+0200,eaa53f57-a911-4834-9b60-40ab8a7aba1f,2026-08-02T21:15:00Z,2026-08-02T23:15:00+0200,0.0,MW,DE,DE_LU,forecast_solar_generation,Solar,2026-08-05T11:47:58Z
2026-08-05T11:45:45Z,2026-08-05T13:45:45+0200,eaa53f57-a911-4834-9b60-40ab8a7aba1f,2026-08-02T21:30:00Z,2026-08-02T23:30:00+0200,0.0,MW,DE,DE_LU,forecast_solar_generation,Solar,2026-08-05T11:47:58Z
2026-08-05T11:45:45Z,2026-08-05T13:45:45+0200,eaa53f57-a911-4834-9b60-40ab8a7aba1f,2026-08-02T21:45:00Z,2026-08-02T23:45:00+0200,0.0,MW,DE,DE_LU,forecast_solar_generation,Solar,2026-08-05T11:47:58Z
2026-08-05T11:45:45Z,2026-08-05T13:45:45+0200,eaa53f57-a911-4834-9b60-40ab8a7aba1f,2026-08-02T22:00:00Z,2026-08-03T00:00:00+0200,0.0,MW,DE,DE_LU,forecast_solar_generation,Solar,2026-08-05T11:47:58Z
2026-08-05T11:45:45Z,2026-08-05T13:45:45+0200,eaa53f57-a911-4834-9b60-40ab8a7aba1f,2026-08-02T22:15:00Z,2026-08-03T00:15:00+0200,0.0,MW,DE,DE_LU,forecast_solar_generation,Solar,2026-08-05T11:47:58Z
2026-08-05T11:45:45Z,2026-08-05T13:45:45+0200,eaa53f57-a911-4834-9b60-40ab8a7aba1f,2026-08-02T22:30:00Z,2026-08-03T00:30:00+0200,0.0,MW,DE,DE_LU,forecast_solar_generation,Solar,2026-08-05T11:47:58Z
2026-08-05T11:45:45Z,2026-08-05T13:45:45+0200,eaa53f57-a911-4834-9b60-40ab8a7aba1f,2026-08-02T22:45:00Z,2026-08-03T00:45:00+0200,0.0,MW,DE,DE_LU,forecast_solar_generation,Solar,2026-08-05T11:47:58Z
2026-08-05T11:45:45Z,2026-08-05T13:45:45+0200,eaa53f57-a911-4834-9b60-40ab8a7aba1f,2026-08-02T23:00:00Z,2026-08-03T01:00:00+0200,0.0,MW,DE,DE_LU,forecast_solar_generation,Solar,2026-08-05T11:47:58Z
2026-08-05T11:45:45Z,2026-08-05T13:45:45+0200,eaa53f57-a911-4834-9b60-40ab8a7aba1f,2026-08-02T23:15:00Z,2026-08-03T01:15:00+0200,0.0,MW,DE,DE_LU,forecast_solar_generation,Solar,2026-08-05T11:47:58Z
2026-08-05T11:45:45Z,2026-08-05T13:45:45+0200,eaa53f57-a911-4834-9b60-40ab8a7aba1f,2026-08-02T23:30:00Z,2026-08-03T01:30:00+0200,0.0,MW,DE,DE_LU,forecast_solar_generation,Solar,2026-08-05T11:47:58Z
2026-08-05T11:45:45Z,2026-08-05T13:45:45+0200,eaa53f57-a911-4834-9b60-40ab8a7aba1f,2026-08-02T23:45:00Z,2026-08-03T01:45:00+0200,0.0,MW,DE,DE_LU,forecast_solar_generation,Solar,2026-08-05T11:47:58Z
2026-08-05T11:45:45Z,2026-08-05T13:45:45+0200,eaa53f57-a911-4834-9b60-40ab8a7aba1f,2026-08-03T00:00:00Z,2026-08-03T02:00:00+0200,0.0,MW,DE,DE_LU,forecast_solar_generation,Solar,2026-08-05T11:47:58Z
2026-08-05T11:45:45Z,2026-08-05T13:45:45+0200,eaa53f57-a911-4834-9b60-40ab8a7aba1f,2026-08-03T00:15:00Z,2026-08-03T02:15:00+0200,0.0,MW,DE,DE_LU,forecast_solar_generation,Solar,2026-08-05T11:47:58Z
2026-08-05T11:45:45Z,2026-08-05T13:45:45+0200,eaa53f57-a911-4834-9b60-40ab8a7aba1f,2026-08-03T00:30:00Z,2026-08-03T02:30:00+0200,0.0,MW,DE,DE_LU,forecast_solar_generation,Solar,2026-08-05T11:47:58Z
2026-08-05T11:45:45Z,2026-08-05T13:45:45+0200,eaa53f57-a911-4834-9b60-40ab8a7aba1f,2026-08-03T00:45:00Z,2026-08-03T02:45:00+0200,0.0,MW,DE,DE_LU,forecast_solar_generation,Solar,2026-08-05T11:47:58Z
2026-08-05T11:45:45Z,2026-08-05T13:45:45+0200,eaa53f57-a911-4834-9b60-40ab8a7aba1f,2026-08-03T01:00:00Z,2026-08-03T03:00:00+0200,0.0,MW,DE,DE_LU,forecast_solar_generation,Solar,2026-08-05T11:47:58Z
2026-08-05T11:45:45Z,2026-08-05T13:45:45+0200,eaa53f57-a911-4834-9b60-40ab8a7aba1f,2026-08-03T01:15:00Z,2026-08-03T03:15:00+0200,0.0,MW,DE,DE_LU,forecast_solar_generation,Solar,2026-08-05T11:47:58Z
2026-08-05T11:45:45Z,2026-08-05T13:45:45+0200,eaa53f57-a911-4834-9b60-40ab8a7aba1f,2026-08-03T01:30:00Z,2026-08-03T03:30:00+0200,0.0,MW,DE,DE_LU,forecast_solar_generation,Solar,2026-08-05T11:47:58Z
2026-08-05T11:45:45Z,2026-08-05T13:45:45+0200,eaa53f57-a911-4834-9b60-40ab8a7aba1f,2026-08-03T01:45:00Z,2026-08-03T03:45:00+0200,0.0,MW,DE,DE_LU,forecast_solar_generation,Solar,2026-08-05T11:47:58Z
2026-08-05T11:45:45Z,2026-08-05T13:45:45+0200,eaa53f57-a911-4834-9b60-40ab8a7aba1f,2026-08-03T02:00:00Z,2026-08-03T04:00:00+0200,0.0,MW,DE,DE_LU,forecast_solar_generation,Solar,2026-08-05T11:47:58Z
2026-08-05T11:45:45Z,2026-08-05T13:45:45+0200,eaa53f57-a911-4834-9b60-40ab8a7aba1f,2026-08-03T02:15:00Z,2026-08-03T04:15:00+0200,0.0,MW,DE,DE_LU,forecast_solar_generation,Solar,2026-08-05T11:47:58Z
2026-08-05T11:45:45Z,2026-08-05T13:45:45+0200,eaa53f57-a911-4834-9b60-40ab8a7aba1f,2026-08-03T02:30:00Z,2026-08-03T04:30:00+0200,0.0,MW,DE,DE_LU,forecast_solar_generation,Solar,2026-08-05T11:47:58Z
2026-08-05T11:45:45Z,2026-08-05T13:45:45+0200,eaa53f57-a911-4834-9b60-40ab8a7aba1f,2026-08-03T02:45:00Z,2026-08-03T04:45:00+0200,0.0,MW,DE,DE_LU,forecast_solar_generation,Solar,2026-08-05T11:47:58Z
2026-08-05T11:45:45Z,2026-08-05T13:45:45+0200,eaa53f57-a911-4834-9b60-40ab8a7aba1f,2026-08-03T03:00:00Z,2026-08-03T05:00:00+0200,0.0,MW,DE,DE_LU,forecast_solar_generation,Solar,2026-08-05T11:47:58Z
2026-08-05T11:45:45Z,2026-08-05T13:45:45+0200,eaa53f57-a911-4834-9b60-40ab8a7aba1f,2026-08-03T03:15:00Z,2026-08-03T05:15:00+0200,0.15,MW,DE,DE_LU,forecast_solar_generation,Solar,2026-08-05T11:47:58Z
2026-08-05T11:45:45Z,2026-08-05T13:45:45+0200,eaa53f57-a911-4834-9b60-40ab8a7aba1f,2026-08-03T03:30:00Z,2026-08-03T05:30:00+0200,39.19674,MW,DE,DE_LU,forecast_solar_generation,Solar,2026-08-05T11:47:58Z
2026-08-05T11:45:45Z,2026-08-05T13:45:45+0200,eaa53f57-a911-4834-9b60-40ab8a7aba1f,2026-08-03T03:45:00Z,2026-08-03T05:45:00+0200,197.81319,MW,DE,DE_LU,forecast_solar_generation,Solar,2026-08-05T11:47:58Z
2026-08-05T11:45:45Z,2026-08-05T13:45:45+0200,eaa53f57-a911-4834-9b60-40ab8a7aba1f,2026-08-03T04:00:00Z,2026-08-03T06:00:00+0200,731.89049,MW,DE,DE_LU,forecast_solar_generation,Solar,2026-08-05T11:47:58Z
2026-08-05T11:45:45Z,2026-08-05T13:45:45+0200,eaa53f57-a911-4834-9b60-40ab8a7aba1f,2026-08-03T04:15:00Z,2026-08-03T06:15:00+0200,1550.97888,MW,DE,DE_LU,forecast_solar_generation,Solar,2026-08-05T11:47:58Z
2026-08-05T11:45:45Z,2026-08-05T13:45:45+0200,eaa53f57-a911-4834-9b60-40ab8a7aba1f,2026-08-03T04:30:00Z,2026-08-03T06:30:00+0200,2622.70742,MW,DE,DE_LU,forecast_solar_generation,Solar,2026-08-05T11:47:58Z
2026-08-05T11:45:45Z,2026-08-05T13:45:45+0200,eaa53f57-a911-4834-9b60-40ab8a7aba1f,2026-08-03T04:45:00Z,2026-08-03T06:45:00+0200,3942.165,MW,DE,DE_LU,forecast_solar_generation,Solar,2026-08-05T11:47:58Z
2026-08-05T11:45:45Z,2026-08-05T13:45:45+0200,eaa53f57-a911-4834-9b60-40ab8a7aba1f,2026-08-03T05:00:00Z,2026-08-03T07:00:00+0200,5631.31876,MW,DE,DE_LU,forecast_solar_generation,Solar,2026-08-05T11:47:58Z
2026-08-05T11:45:45Z,2026-08-05T13:45:45+0200,eaa53f57-a911-4834-9b60-40ab8a7aba1f,2026-08-03T05:15:00Z,2026-08-03T07:15:00+0200,7771.58566,MW,DE,DE_LU,forecast_solar_generation,Solar,2026-08-05T11:47:58Z
2026-08-05T11:45:45Z,2026-08-05T13:45:45+0200,eaa53f57-a911-4834-9b60-40ab8a7aba1f,2026-08-03T05:30:00Z,2026-08-03T07:30:00+0200,10312.72152,MW,DE,DE_LU,forecast_solar_generation,Solar,2026-08-05T11:47:58Z
2026-08-05T11:45:45Z,2026-08-05T13:45:45+0200,eaa53f57-a911-4834-9b60-40ab8a7aba1f,2026-08-03T05:45:00Z,2026-08-03T07:45:00+0200,13127.4407,MW,DE,DE_LU,forecast_solar_generation,Solar,2026-08-05T11:47:58Z
2026-08-05T11:45:45Z,2026-08-05T13:45:45+0200,eaa53f57-a911-4834-9b60-40ab8a7aba1f,2026-08-03T06:00:00Z,2026-08-03T08:00:00+0200,16090.62482,MW,DE,DE_LU,forecast_solar_generation,Solar,2026-08-05T11:47:58Z
2026-08-05T11:45:45Z,2026-08-05T13:45:45+0200,eaa53f57-a911-4834-9b60-40ab8a7aba1f,2026-08-03T06:15:00Z,2026-08-03T08:15:00+0200,19218.22277,MW,DE,DE_LU,forecast_solar_generation,Solar,2026-08-05T11:47:58Z
2026-08-05T11:45:45Z,2026-08-05T13:45:45+0200,eaa53f57-a911-4834-9b60-40ab8a7aba1f,2026-08-03T06:30:00Z,2026-08-03T08:30:00+0200,22423.91275,MW,DE,DE_LU,forecast_solar_generation,Solar,2026-08-05T11:47:58Z
2026-08-05T11:45:45Z,2026-08-05T13:45:45+0200,eaa53f57-a911-4834-9b60-40ab8a7aba1f,2026-08-03T06:45:00Z,2026-08-03T08:45:00+0200,25592.45108,MW,DE,DE_LU,forecast_solar_generation,Solar,2026-08-05T11:47:58Z
2026-08-05T11:45:45Z,2026-08-05T13:45:45+0200,eaa53f57-a911-4834-9b60-40ab8a7aba1f,2026-08-03T07:00:00Z,2026-08-03T09:00:00+0200,28649.189,MW,DE,DE_LU,forecast_solar_generation,Solar,2026-08-05T11:47:58Z
2026-08-05T11:45:45Z,2026-08-05T13:45:45+0200,eaa53f57-a911-4834-9b60-40ab8a7aba1f,2026-08-03T07:15:00Z,2026-08-03T09:15:00+0200,31587.71863,MW,DE,DE_LU,forecast_solar_generation,Solar,2026-08-05T11:47:58Z
2026-08-05T11:45:45Z,2026-08-05T13:45:45+0200,eaa53f57-a911-4834-9b60-40ab8a7aba1f,2026-08-03T07:30:00Z,2026-08-03T09:30:00+0200,34402.64438,MW,DE,DE_LU,forecast_solar_generation,Solar,2026-08-05T11:47:58Z
2026-08-05T11:45:45Z,2026-08-05T13:45:45+0200,eaa53f57-a911-4834-9b60-40ab8a7aba1f,2026-08-03T07:45:00Z,2026-08-03T09:45:00+0200,37077.18435,MW,DE,DE_LU,forecast_solar_generation,Solar,2026-08-05T11:47:58Z
2026-08-05T11:45:45Z,2026-08-05T13:45:45+0200,eaa53f57-a911-4834-9b60-40ab8a7aba1f,2026-08-03T08:00:00Z,2026-08-03T10:00:00+0200,39620.50174,MW,DE,DE_LU,forecast_solar_generation,Solar,2026-08-05T11:47:58Z
2026-08-05T11:45:45Z,2026-08-05T13:45:45+0200,eaa53f57-a911-4834-9b60-40ab8a7aba1f,2026-08-03T08:15:00Z,2026-08-03T10:15:00+0200,41996.62644,MW,DE,DE_LU,forecast_solar_generation,Solar,2026-08-05T11:47:58Z
2026-08-05T11:45:45Z,2026-08-05T13:45:45+0200,eaa53f57-a911-4834-9b60-40ab8a7aba1f,2026-08-03T08:30:00Z,2026-08-03T10:30:00+0200,44178.60419,MW,DE,DE_LU,forecast_solar_generation,Solar,2026-08-05T11:47:58Z
2026-08-05T11:45:45Z,2026-08-05T13:45:45+0200,eaa53f57-a911-4834-9b60-40ab8a7aba1f,2026-08-03T08:45:00Z,2026-08-03T10:45:00+0200,46202.89717,MW,DE,DE_LU,forecast_solar_generation,Solar,2026-08-05T11:47:58Z
2026-08-05T11:45:45Z,2026-08-05T13:45:45+0200,eaa53f57-a911-4834-9b60-40ab8a7aba1f,2026-08-03T09:00:00Z,2026-08-03T11:00:00+0200,48010.55986,MW,DE,DE_LU,forecast_solar_generation,Solar,2026-08-05T11:47:58Z
2026-08-05T11:45:45Z,2026-08-05T13:45:45+0200,eaa53f57-a911-4834-9b60-40ab8a7aba1f,2026-08-03T09:15:00Z,2026-08-03T11:15:00+0200,49632.63695,MW,DE,DE_LU,forecast_solar_generation,Solar,2026-08-05T11:47:58Z
2026-08-05T11:45:45Z,2026-08-05T13:45:45+0200,eaa53f57-a911-4834-9b60-40ab8a7aba1f,2026-08-03T09:30:00Z,2026-08-03T11:30:00+0200,51034.78959,MW,DE,DE_LU,forecast_solar_generation,Solar,2026-08-05T11:47:58Z
2026-08-05T11:45:45Z,2026-08-05T13:45:45+0200,eaa53f57-a911-4834-9b60-40ab8a7aba1f,2026-08-03T09:45:00Z,2026-08-03T11:45:00+0200,52235.58828,MW,DE,DE_LU,forecast_solar_generation,Solar,2026-08-05T11:47:58Z
2026-08-05T11:45:45Z,2026-08-05T13:45:45+0200,eaa53f57-a911-4834-9b60-40ab8a7aba1f,2026-08-03T10:00:00Z,2026-08-03T12:00:00+0200,53245.98622,MW,DE,DE_LU,forecast_solar_generation,Solar,2026-08-05T11:47:58Z
2026-08-05T11:45:45Z,2026-08-05T13:45:45+0200,eaa53f57-a911-4834-9b60-40ab8a7aba1f,2026-08-03T10:15:00Z,2026-08-03T12:15:00+0200,54050.94054,MW,DE,DE_LU,forecast_solar_generation,Solar,2026-08-05T11:47:58Z
2026-08-05T11:45:45Z,2026-08-05T13:45:45+0200,eaa53f57-a911-4834-9b60-40ab8a7aba1f,2026-08-03T10:30:00Z,2026-08-03T12:30:00+0200,54639.68527,MW,DE,DE_LU,forecast_solar_generation,Solar,2026-08-05T11:47:58Z
2026-08-05T11:45:45Z,2026-08-05T13:45:45+0200,eaa53f57-a911-4834-9b60-40ab8a7aba1f,2026-08-03T10:45:00Z,2026-08-03T12:45:00+0200,55021.91401,MW,DE,DE_LU,forecast_solar_generation,Solar,2026-08-05T11:47:58Z
2026-08-05T11:45:45Z,2026-08-05T13:45:45+0200,eaa53f57-a911-4834-9b60-40ab8a7aba1f,2026-08-03T11:00:00Z,2026-08-03T13:00:00+0200,55186.99461,MW,DE,DE_LU,forecast_solar_generation,Solar,2026-08-05T11:47:58Z
2026-08-05T11:45:45Z,2026-08-05T13:45:45+0200,eaa53f57-a911-4834-9b60-40ab8a7aba1f,2026-08-03T11:15:00Z,2026-08-03T13:15:00+0200,55154.11652,MW,DE,DE_LU,forecast_solar_generation,Solar,2026-08-05T11:47:58Z
2026-08-05T11:45:45Z,2026-08-05T13:45:45+0200,eaa53f57-a911-4834-9b60-40ab8a7aba1f,2026-08-03T11:30:00Z,2026-08-03T13:30:00+0200,54886.94394,MW,DE,DE_LU,forecast_solar_generation,Solar,2026-08-05T11:47:58Z
2026-08-05T11:45:45Z,2026-08-05T13:45:45+0200,eaa53f57-a911-4834-9b60-40ab8a7aba1f,2026-08-03T11:45:00Z,2026-08-03T13:45:00+0200,54411.08426,MW,DE,DE_LU,forecast_solar_generation,Solar,2026-08-05T11:47:58Z
2026-08-05T11:45:45Z,2026-08-05T13:45:45+0200,eaa53f57-a911-4834-9b60-40ab8a7aba1f,2026-08-03T12:00:00Z,2026-08-03T14:00:00+0200,53705.44116,MW,DE,DE_LU,forecast_solar_generation,Solar,2026-08-05T11:47:58Z
2026-08-05T11:45:45Z,2026-08-05T13:45:45+0200,eaa53f57-a911-4834-9b60-40ab8a7aba1f,2026-08-03T12:15:00Z,2026-08-03T14:15:00+0200,52767.79908,MW,DE,DE_LU,forecast_solar_generation,Solar,2026-08-05T11:47:58Z
2026-08-05T11:45:45Z,2026-08-05T13:45:45+0200,eaa53f57-a911-4834-9b60-40ab8a7aba1f,2026-08-03T12:30:00Z,2026-08-03T14:30:00+0200,51650.23258,MW,DE,DE_LU,forecast_solar_generation,Solar,2026-08-05T11:47:58Z
2026-08-05T11:45:45Z,2026-08-05T13:45:45+0200,eaa53f57-a911-4834-9b60-40ab8a7aba1f,2026-08-03T12:45:00Z,2026-08-03T14:45:00+0200,50395.74374,MW,DE,DE_LU,forecast_solar_generation,Solar,2026-08-05T11:47:58Z
2026-08-05T11:45:45Z,2026-08-05T13:45:45+0200,eaa53f57-a911-4834-9b60-40ab8a7aba1f,2026-08-03T13:00:00Z,2026-08-03T15:00:00+0200,48940.2287,MW,DE,DE_LU,forecast_solar_generation,Solar,2026-08-05T11:47:58Z
2026-08-05T11:45:45Z,2026-08-05T13:45:45+0200,eaa53f57-a911-4834-9b60-40ab8a7aba1f,2026-08-03T13:15:00Z,2026-08-03T15:15:00+0200,47341.60955,MW,DE,DE_LU,forecast_solar_generation,Solar,2026-08-05T11:47:58Z
2026-08-05T11:45:45Z,2026-08-05T13:45:45+0200,eaa53f57-a911-4834-9b60-40ab8a7aba1f,2026-08-03T13:30:00Z,2026-08-03T15:30:00+0200,45608.3024,MW,DE,DE_LU,forecast_solar_generation,Solar,2026-08-05T11:47:58Z
2026-08-05T11:45:45Z,2026-08-05T13:45:45+0200,eaa53f57-a911-4834-9b60-40ab8a7aba1f,2026-08-03T13:45:00Z,2026-08-03T15:45:00+0200,43728.0135,MW,DE,DE_LU,forecast_solar_generation,Solar,2026-08-05T11:47:58Z
2026-08-05T11:45:45Z,2026-08-05T13:45:45+0200,eaa53f57-a911-4834-9b60-40ab8a7aba1f,2026-08-03T14:00:00Z,2026-08-03T16:00:00+0200,41673.56959,MW,DE,DE_LU,forecast_solar_generation,Solar,2026-08-05T11:47:58Z
2026-08-05T11:45:45Z,2026-08-05T13:45:45+0200,eaa53f57-a911-4834-9b60-40ab8a7aba1f,2026-08-03T14:15:00Z,2026-08-03T16:15:00+0200,39451.63737,MW,DE,DE_LU,forecast_solar_generation,Solar,2026-08-05T11:47:58Z
2026-08-05T11:45:45Z,2026-08-05T13:45:45+0200,eaa53f57-a911-4834-9b60-40ab8a7aba1f,2026-08-03T14:30:00Z,2026-08-03T16:30:00+0200,37093.52779,MW,DE,DE_LU,forecast_solar_generation,Solar,2026-08-05T11:47:58Z
2026-08-05T11:45:45Z,2026-08-05T13:45:45+0200,eaa53f57-a911-4834-9b60-40ab8a7aba1f,2026-08-03T14:45:00Z,2026-08-03T16:45:00+0200,34576.08203,MW,DE,DE_LU,forecast_solar_generation,Solar,2026-08-05T11:47:58Z
2026-08-05T11:45:45Z,2026-08-05T13:45:45+0200,eaa53f57-a911-4834-9b60-40ab8a7aba1f,2026-08-03T15:00:00Z,2026-08-03T17:00:00+0200,31956.87176,MW,DE,DE_LU,forecast_solar_generation,Solar,2026-08-05T11:47:58Z
2026-08-05T11:45:45Z,2026-08-05T13:45:45+0200,eaa53f57-a911-4834-9b60-40ab8a7aba1f,2026-08-03T15:15:00Z,2026-08-03T17:15:00+0200,29258.37353,MW,DE,DE_LU,forecast_solar_generation,Solar,2026-08-05T11:47:58Z
2026-08-05T11:45:45Z,2026-08-05T13:45:45+0200,eaa53f57-a911-4834-9b60-40ab8a7aba1f,2026-08-03T15:30:00Z,2026-08-03T17:30:00+0200,26468.44363,MW,DE,DE_LU,forecast_solar_generation,Solar,2026-08-05T11:47:58Z
2026-08-05T11:45:45Z,2026-08-05T13:45:45+0200,eaa53f57-a911-4834-9b60-40ab8a7aba1f,2026-08-03T15:45:00Z,2026-08-03T17:45:00+0200,23610.22964,MW,DE,DE_LU,forecast_solar_generation,Solar,2026-08-05T11:47:58Z
2026-08-05T11:45:45Z,2026-08-05T13:45:45+0200,eaa53f57-a911-4834-9b60-40ab8a7aba1f,2026-08-03T16:00:00Z,2026-08-03T18:00:00+0200,20618.66513,MW,DE,DE_LU,forecast_solar_generation,Solar,2026-08-05T11:47:58Z
2026-08-05T11:45:45Z,2026-08-05T13:45:45+0200,eaa53f57-a911-4834-9b60-40ab8a7aba1f,2026-08-03T16:15:00Z,2026-08-03T18:15:00+0200,17610.528,MW,DE,DE_LU,forecast_solar_generation,Solar,2026-08-05T11:47:58Z
2026-08-05T11:45:45Z,2026-08-05T13:45:45+0200,eaa53f57-a911-4834-9b60-40ab8a7aba1f,2026-08-03T16:30:00Z,2026-08-03T18:30:00+0200,14678.25515,MW,DE,DE_LU,forecast_solar_generation,Solar,2026-08-05T11:47:58Z
2026-08-05T11:45:45Z,2026-08-05T13:45:45+0200,eaa53f57-a911-4834-9b60-40ab8a7aba1f,2026-08-03T16:45:00Z,2026-08-03T18:45:00+0200,11918.43933,MW,DE,DE_LU,forecast_solar_generation,Solar,2026-08-05T11:47:58Z
2026-08-05T11:45:45Z,2026-08-05T13:45:45+0200,eaa53f57-a911-4834-9b60-40ab8a7aba1f,2026-08-03T17:00:00Z,2026-08-03T19:00:00+0200,9362.28414,MW,DE,DE_LU,forecast_solar_generation,Solar,2026-08-05T11:47:58Z
2026-08-05T11:45:45Z,2026-08-05T13:45:45+0200,eaa53f57-a911-4834-9b60-40ab8a7aba1f,2026-08-03T17:15:00Z,2026-08-03T19:15:00+0200,7082.65445,MW,DE,DE_LU,forecast_solar_generation,Solar,2026-08-05T11:47:58Z
2026-08-05T11:45:45Z,2026-08-05T13:45:45+0200,eaa53f57-a911-4834-9b60-40ab8a7aba1f,2026-08-03T17:30:00Z,2026-08-03T19:30:00+0200,5152.06643,MW,DE,DE_LU,forecast_solar_generation,Solar,2026-08-05T11:47:58Z
2026-08-05T11:45:45Z,2026-08-05T13:45:45+0200,eaa53f57-a911-4834-9b60-40ab8a7aba1f,2026-08-03T17:45:00Z,2026-08-03T19:45:00+0200,3621.17447,MW,DE,DE_LU,forecast_solar_generation,Solar,2026-08-05T11:47:58Z
2026-08-05T11:45:45Z,2026-08-05T13:45:45+0200,eaa53f57-a911-4834-9b60-40ab8a7aba1f,2026-08-03T18:00:00Z,2026-08-03T20:00:00+0200,2406.41674,MW,DE,DE_LU,forecast_solar_generation,Solar,2026-08-05T11:47:58Z
2026-08-05T11:45:45Z,2026-08-05T13:45:45+0200,eaa53f57-a911-4834-9b60-40ab8a7aba1f,2026-08-03T18:15:00Z,2026-08-03T20:15:00+0200,1438.43522,MW,DE,DE_LU,forecast_solar_generation,Solar,2026-08-05T11:47:58Z
2026-08-05T11:45:45Z,2026-08-05T13:45:45+0200,eaa53f57-a911-4834-9b60-40ab8a7aba1f,2026-08-03T18:30:00Z,2026-08-03T20:30:00+0200,698.68897,MW,DE,DE_LU,forecast_solar_generation,Solar,2026-08-05T11:47:58Z
2026-08-05T11:45:45Z,2026-08-05T13:45:45+0200,eaa53f57-a911-4834-9b60-40ab8a7aba1f,2026-08-03T18:45:00Z,2026-08-03T20:45:00+0200,236.13126,MW,DE,DE_LU,forecast_solar_generation,Solar,2026-08-05T11:47:58Z
2026-08-05T11:45:45Z,2026-08-05T13:45:45+0200,eaa53f57-a911-4834-9b60-40ab8a7aba1f,2026-08-03T19:00:00Z,2026-08-03T21:00:00+0200,42.57521,MW,DE,DE_LU,forecast_solar_generation,Solar,2026-08-05T11:47:58Z
2026-08-05T11:45:45Z,2026-08-05T13:45:45+0200,eaa53f57-a911-4834-9b60-40ab8a7aba1f,2026-08-03T19:15:00Z,2026-08-03T21:15:00+0200,7.8626,MW,DE,DE_LU,forecast_solar_generation,Solar,2026-08-05T11:47:58Z
2026-08-05T11:45:45Z,2026-08-05T13:45:45+0200,eaa53f57-a911-4834-9b60-40ab8a7aba1f,2026-08-03T19:30:00Z,2026-08-03T21:30:00+0200,0.0,MW,DE,DE_LU,forecast_solar_generation,Solar,2026-08-05T11:47:58Z
2026-08-05T11:45:45Z,2026-08-05T13:45:45+0200,eaa53f57-a911-4834-9b60-40ab8a7aba1f,2026-08-03T19:45:00Z,2026-08-03T21:45:00+0200,0.0,MW,DE,DE_LU,forecast_solar_generation,Solar,2026-08-05T11:47:58Z
2026-08-05T11:45:45Z,2026-08-05T13:45:45+0200,eaa53f57-a911-4834-9b60-40ab8a7aba1f,2026-08-03T20:00:00Z,2026-08-03T22:00:00+0200,0.0,MW,DE,DE_LU,forecast_solar_generation,Solar,2026-08-05T11:47:58Z
2026-08-05T11:45:45Z,2026-08-05T13:45:45+0200,eaa53f57-a911-4834-9b60-40ab8a7aba1f,2026-08-03T20:15:00Z,2026-08-03T22:15:00+0200,0.0,MW,DE,DE_LU,forecast_solar_generation,Solar,2026-08-05T11:47:58Z
2026-08-05T11:45:45Z,2026-08-05T13:45:45+0200,eaa53f57-a911-4834-9b60-40ab8a7aba1f,2026-08-03T20:30:00Z,2026-08-03T22:30:00+0200,0.0,MW,DE,DE_LU,forecast_solar_generation,Solar,2026-08-05T11:47:58Z
2026-08-05T11:45:45Z,2026-08-05T13:45:45+0200,eaa53f57-a911-4834-9b60-40ab8a7aba1f,2026-08-03T20:45:00Z,2026-08-03T22:45:00+0200,0.0,MW,DE,DE_LU,forecast_solar_generation,Solar,2026-08-05T11:47:58Z
2026-08-05T11:45:45Z,2026-08-05T13:45:45+0200,eaa53f57-a911-4834-9b60-40ab8a7aba1f,2026-08-03T21:00:00Z,2026-08-03T23:00:00+0200,0.0,MW,DE,DE_LU,forecast_solar_generation,Solar,2026-08-05T11:47:58Z
2026-08-05T11:45:45Z,2026-08-05T13:45:45+0200,eaa53f57-a911-4834-9b60-40ab8a7aba1f,2026-08-03T21:15:00Z,2026-08-03T23:15:00+0200,0.0,MW,DE,DE_LU,forecast_solar_generation,Solar,2026-08-05T11:47:58Z
2026-08-05T11:45:45Z,2026-08-05T13:45:45+0200,eaa53f57-a911-4834-9b60-40ab8a7aba1f,2026-08-03T21:30:00Z,2026-08-03T23:30:00+0200,0.0,MW,DE,DE_LU,forecast_solar_generation,Solar,2026-08-05T11:47:58Z
2026-08-05T11:45:45Z,2026-08-05T13:45:45+0200,eaa53f57-a911-4834-9b60-40ab8a7aba1f,2026-08-03T21:45:00Z,2026-08-03T23:45:00+0200,0.0,MW,DE,DE_LU,forecast_solar_generation,Solar,2026-08-05T11:47:58Z
2026-08-05T11:45:45Z,2026-08-05T13:45:45+0200,eaa53f57-a911-4834-9b60-40ab8a7aba1f,2026-08-03T22:00:00Z,2026-08-04T00:00:00+0200,0.0,MW,DE,DE_LU,forecast_solar_generation,Solar,2026-08-05T11:47:58Z
2026-08-05T11:45:45Z,2026-08-05T13:45:45+0200,eaa53f57-a911-4834-9b60-40ab8a7aba1f,2026-08-03T22:15:00Z,2026-08-04T00:15:00+0200,0.0,MW,DE,DE_LU,forecast_solar_generation,Solar,2026-08-05T11:47:58Z
2026-08-05T11:45:45Z,2026-08-05T13:45:45+0200,eaa53f57-a911-4834-9b60-40ab8a7aba1f,2026-08-03T22:30:00Z,2026-08-04T00:30:00+0200,0.0,MW,DE,DE_LU,forecast_solar_generation,Solar,2026-08-05T11:47:58Z
2026-08-05T11:45:45Z,2026-08-05T13:45:45+0200,eaa53f57-a911-4834-9b60-40ab8a7aba1f,2026-08-03T22:45:00Z,2026-08-04T00:45:00+0200,0.0,MW,DE,DE_LU,forecast_solar_generation,Solar,2026-08-05T11:47:58Z
2026-08-05T11:45:45Z,2026-08-05T13:45:45+0200,eaa53f57-a911-4834-9b60-40ab8a7aba1f,2026-08-03T23:00:00Z,2026-08-04T01:00:00+0200,0.0,MW,DE,DE_LU,forecast_solar_generation,Solar,2026-08-05T11:47:58Z
2026-08-05T11:45:45Z,2026-08-05T13:45:45+0200,eaa53f57-a911-4834-9b60-40ab8a7aba1f,2026-08-03T23:15:00Z,2026-08-04T01:15:00+0200,0.0,MW,DE,DE_LU,forecast_solar_generation,Solar,2026-08-05T11:47:58Z
2026-08-05T11:45:45Z,2026-08-05T13:45:45+0200,eaa53f57-a911-4834-9b60-40ab8a7aba1f,2026-08-03T23:30:00Z,2026-08-04T01:30:00+0200,0.0,MW,DE,DE_LU,forecast_solar_generation,Solar,2026-08-05T11:47:58Z
2026-08-05T11:45:45Z,2026-08-05T13:45:45+0200,eaa53f57-a911-4834-9b60-40ab8a7aba1f,2026-08-03T23:45:00Z,2026-08-04T01:45:00+0200,0.0,MW,DE,DE_LU,forecast_solar_generation,Solar,2026-08-05T11:47:58Z
2026-08-05T11:45:45Z,2026-08-05T13:45:45+0200,eaa53f57-a911-4834-9b60-40ab8a7aba1f,2026-08-04T00:00:00Z,2026-08-04T02:00:00+0200,0.0,MW,DE,DE_LU,forecast_solar_generation,Solar,2026-08-05T11:47:58Z
2026-08-05T11:45:45Z,2026-08-05T13:45:45+0200,eaa53f57-a911-4834-9b60-40ab8a7aba1f,2026-08-04T00:15:00Z,2026-08-04T02:15:00+0200,0.0,MW,DE,DE_LU,forecast_solar_generation,Solar,2026-08-05T11:47:58Z
2026-08-05T11:45:45Z,2026-08-05T13:45:45+0200,eaa53f57-a911-4834-9b60-40ab8a7aba1f,2026-08-04T00:30:00Z,2026-08-04T02:30:00+0200,0.0,MW,DE,DE_LU,forecast_solar_generation,Solar,2026-08-05T11:47:58Z
2026-08-05T11:45:45Z,2026-08-05T13:45:45+0200,eaa53f57-a911-4834-9b60-40ab8a7aba1f,2026-08-04T00:45:00Z,2026-08-04T02:45:00+0200,0.0,MW,DE,DE_LU,forecast_solar_generation,Solar,2026-08-05T11:47:58Z
2026-08-05T11:45:45Z,2026-08-05T13:45:45+0200,eaa53f57-a911-4834-9b60-40ab8a7aba1f,2026-08-04T01:00:00Z,2026-08-04T03:00:00+0200,0.0,MW,DE,DE_LU,forecast_solar_generation,Solar,2026-08-05T11:47:58Z
2026-08-05T11:45:45Z,2026-08-05T13:45:45+0200,eaa53f57-a911-4834-9b60-40ab8a7aba1f,2026-08-04T01:15:00Z,2026-08-04T03:15:00+0200,0.0,MW,DE,DE_LU,forecast_solar_generation,Solar,2026-08-05T11:47:58Z
2026-08-05T11:45:45Z,2026-08-05T13:45:45+0200,eaa53f57-a911-4834-9b60-40ab8a7aba1f,2026-08-04T01:30:00Z,2026-08-04T03:30:00+0200,0.0,MW,DE,DE_LU,forecast_solar_generation,Solar,2026-08-05T11:47:58Z
2026-08-05T11:45:45Z,2026-08-05T13:45:45+0200,eaa53f57-a911-4834-9b60-40ab8a7aba1f,2026-08-04T01:45:00Z,2026-08-04T03:45:00+0200,0.0,MW,DE,DE_LU,forecast_solar_generation,Solar,2026-08-05T11:47:58Z
2026-08-05T11:45:45Z,2026-08-05T13:45:45+0200,eaa53f57-a911-4834-9b60-40ab8a7aba1f,2026-08-04T02:00:00Z,2026-08-04T04:00:00+0200,0.0,MW,DE,DE_LU,forecast_solar_generation,Solar,2026-08-05T11:47:58Z
2026-08-05T11:45:45Z,2026-08-05T13:45:45+0200,eaa53f57-a911-4834-9b60-40ab8a7aba1f,2026-08-04T02:15:00Z,2026-08-04T04:15:00+0200,0.0,MW,DE,DE_LU,forecast_solar_generation,Solar,2026-08-05T11:47:58Z
2026-08-05T11:45:45Z,2026-08-05T13:45:45+0200,eaa53f57-a911-4834-9b60-40ab8a7aba1f,2026-08-04T02:30:00Z,2026-08-04T04:30:00+0200,0.0,MW,DE,DE_LU,forecast_solar_generation,Solar,2026-08-05T11:47:58Z
2026-08-05T11:45:45Z,2026-08-05T13:45:45+0200,eaa53f57-a911-4834-9b60-40ab8a7aba1f,2026-08-04T02:45:00Z,2026-08-04T04:45:00+0200,0.0,MW,DE,DE_LU,forecast_solar_generation,Solar,2026-08-05T11:47:58Z
2026-08-05T11:45:45Z,2026-08-05T13:45:45+0200,eaa53f57-a911-4834-9b60-40ab8a7aba1f,2026-08-04T03:00:00Z,2026-08-04T05:00:00+0200,0.0,MW,DE,DE_LU,forecast_solar_generation,Solar,2026-08-05T11:47:58Z
2026-08-05T11:45:45Z,2026-08-05T13:45:45+0200,eaa53f57-a911-4834-9b60-40ab8a7aba1f,2026-08-04T03:15:00Z,2026-08-04T05:15:00+0200,0.02,MW,DE,DE_LU,forecast_solar_generation,Solar,2026-08-05T11:47:58Z
2026-08-05T11:45:45Z,2026-08-05T13:45:45+0200,eaa53f57-a911-4834-9b60-40ab8a7aba1f,2026-08-04T03:30:00Z,2026-08-04T05:30:00+0200,30.81225,MW,DE,DE_LU,forecast_solar_generation,Solar,2026-08-05T11:47:58Z
2026-08-05T11:45:45Z,2026-08-05T13:45:45+0200,eaa53f57-a911-4834-9b60-40ab8a7aba1f,2026-08-04T03:45:00Z,2026-08-04T05:45:00+0200,145.20377,MW,DE,DE_LU,forecast_solar_generation,Solar,2026-08-05T11:47:58Z
2026-08-05T11:45:45Z,2026-08-05T13:45:45+0200,eaa53f57-a911-4834-9b60-40ab8a7aba1f,2026-08-04T04:00:00Z,2026-08-04T06:00:00+0200,554.20702,MW,DE,DE_LU,forecast_solar_generation,Solar,2026-08-05T11:47:58Z
2026-08-05T11:45:45Z,2026-08-05T13:45:45+0200,eaa53f57-a911-4834-9b60-40ab8a7aba1f,2026-08-04T04:15:00Z,2026-08-04T06:15:00+0200,1229.47165,MW,DE,DE_LU,forecast_solar_generation,Solar,2026-08-05T11:47:58Z
2026-08-05T11:45:45Z,2026-08-05T13:45:45+0200,eaa53f57-a911-4834-9b60-40ab8a7aba1f,2026-08-04T04:30:00Z,2026-08-04T06:30:00+0200,2171.51127,MW,DE,DE_LU,forecast_solar_generation,Solar,2026-08-05T11:47:58Z
2026-08-05T11:45:45Z,2026-08-05T13:45:45+0200,eaa53f57-a911-4834-9b60-40ab8a7aba1f,2026-08-04T04:45:00Z,2026-08-04T06:45:00+0200,3370.65233,MW,DE,DE_LU,forecast_solar_generation,Solar,2026-08-05T11:47:58Z
2026-08-05T11:45:45Z,2026-08-05T13:45:45+0200,eaa53f57-a911-4834-9b60-40ab8a7aba1f,2026-08-04T05:00:00Z,2026-08-04T07:00:00+0200,4871.72227,MW,DE,DE_LU,forecast_solar_generation,Solar,2026-08-05T11:47:58Z
2026-08-05T11:45:45Z,2026-08-05T13:45:45+0200,eaa53f57-a911-4834-9b60-40ab8a7aba1f,2026-08-04T05:15:00Z,2026-08-04T07:15:00+0200,6735.53932,MW,DE,DE_LU,forecast_solar_generation,Solar,2026-08-05T11:47:58Z
2026-08-05T11:45:45Z,2026-08-05T13:45:45+0200,eaa53f57-a911-4834-9b60-40ab8a7aba1f,2026-08-04T05:30:00Z,2026-08-04T07:30:00+0200,8905.60357,MW,DE,DE_LU,forecast_solar_generation,Solar,2026-08-05T11:47:58Z
2026-08-05T11:45:45Z,2026-08-05T13:45:45+0200,eaa53f57-a911-4834-9b60-40ab8a7aba1f,2026-08-04T05:45:00Z,2026-08-04T07:45:00+0200,11265.40118,MW,DE,DE_LU,forecast_solar_generation,Solar,2026-08-05T11:47:58Z
2026-08-05T11:45:45Z,2026-08-05T13:45:45+0200,eaa53f57-a911-4834-9b60-40ab8a7aba1f,2026-08-04T06:00:00Z,2026-08-04T08:00:00+0200,13754.56506,MW,DE,DE_LU,forecast_solar_generation,Solar,2026-08-05T11:47:58Z
2026-08-05T11:45:45Z,2026-08-05T13:45:45+0200,eaa53f57-a911-4834-9b60-40ab8a7aba1f,2026-08-04T06:15:00Z,2026-08-04T08:15:00+0200,16389.64547,MW,DE,DE_LU,forecast_solar_generation,Solar,2026-08-05T11:47:58Z
2026-08-05T11:45:45Z,2026-08-05T13:45:45+0200,eaa53f57-a911-4834-9b60-40ab8a7aba1f,2026-08-04T06:30:00Z,2026-08-04T08:30:00+0200,19118.98915,MW,DE,DE_LU,forecast_solar_generation,Solar,2026-08-05T11:47:58Z
2026-08-05T11:45:45Z,2026-08-05T13:45:45+0200,eaa53f57-a911-4834-9b60-40ab8a7aba1f,2026-08-04T06:45:00Z,2026-08-04T08:45:00+0200,21846.88841,MW,DE,DE_LU,forecast_solar_generation,Solar,2026-08-05T11:47:58Z
2026-08-05T11:45:45Z,2026-08-05T13:45:45+0200,eaa53f57-a911-4834-9b60-40ab8a7aba1f,2026-08-04T07:00:00Z,2026-08-04T09:00:00+0200,24500.09769,MW,DE,DE_LU,forecast_solar_generation,Solar,2026-08-05T11:47:58Z
2026-08-05T11:45:45Z,2026-08-05T13:45:45+0200,eaa53f57-a911-4834-9b60-40ab8a7aba1f,2026-08-04T07:15:00Z,2026-08-04T09:15:00+0200,27057.36041,MW,DE,DE_LU,forecast_solar_generation,Solar,2026-08-05T11:47:58Z
2026-08-05T11:45:45Z,2026-08-05T13:45:45+0200,eaa53f57-a911-4834-9b60-40ab8a7aba1f,2026-08-04T07:30:00Z,2026-08-04T09:30:00+0200,29535.13916,MW,DE,DE_LU,forecast_solar_generation,Solar,2026-08-05T11:47:58Z
2026-08-05T11:45:45Z,2026-08-05T13:45:45+0200,eaa53f57-a911-4834-9b60-40ab8a7aba1f,2026-08-04T07:45:00Z,2026-08-04T09:45:00+0200,31919.52766,MW,DE,DE_LU,forecast_solar_generation,Solar,2026-08-05T11:47:58Z
2026-08-05T11:45:45Z,2026-08-05T13:45:45+0200,eaa53f57-a911-4834-9b60-40ab8a7aba1f,2026-08-04T08:00:00Z,2026-08-04T10:00:00+0200,34189.63748,MW,DE,DE_LU,forecast_solar_generation,Solar,2026-08-05T11:47:58Z
2026-08-05T11:45:45Z,2026-08-05T13:45:45+0200,eaa53f57-a911-4834-9b60-40ab8a7aba1f,2026-08-04T08:15:00Z,2026-08-04T10:15:00+0200,36328.50396,MW,DE,DE_LU,forecast_solar_generation,Solar,2026-08-05T11:47:58Z
2026-08-05T11:45:45Z,2026-08-05T13:45:45+0200,eaa53f57-a911-4834-9b60-40ab8a7aba1f,2026-08-04T08:30:00Z,2026-08-04T10:30:00+0200,38291.49487,MW,DE,DE_LU,forecast_solar_generation,Solar,2026-08-05T11:47:58Z
2026-08-05T11:45:45Z,2026-08-05T13:45:45+0200,eaa53f57-a911-4834-9b60-40ab8a7aba1f,2026-08-04T08:45:00Z,2026-08-04T10:45:00+0200,40079.35853,MW,DE,DE_LU,forecast_solar_generation,Solar,2026-08-05T11:47:58Z
2026-08-05T11:45:45Z,2026-08-05T13:45:45+0200,eaa53f57-a911-4834-9b60-40ab8a7aba1f,2026-08-04T09:00:00Z,2026-08-04T11:00:00+0200,41691.84665,MW,DE,DE_LU,forecast_solar_generation,Solar,2026-08-05T11:47:58Z
2026-08-05T11:45:45Z,2026-08-05T13:45:45+0200,eaa53f57-a911-4834-9b60-40ab8a7aba1f,2026-08-04T09:15:00Z,2026-08-04T11:15:00+0200,43146.71869,MW,DE,DE_LU,forecast_solar_generation,Solar,2026-08-05T11:47:58Z
2026-08-05T11:45:45Z,2026-08-05T13:45:45+0200,eaa53f57-a911-4834-9b60-40ab8a7aba1f,2026-08-04T09:30:00Z,2026-08-04T11:30:00+0200,44391.20035,MW,DE,DE_LU,forecast_solar_generation,Solar,2026-08-05T11:47:58Z
2026-08-05T11:45:45Z,2026-08-05T13:45:45+0200,eaa53f57-a911-4834-9b60-40ab8a7aba1f,2026-08-04T09:45:00Z,2026-08-04T11:45:00+0200,45422.22541,MW,DE,DE_LU,forecast_solar_generation,Solar,2026-08-05T11:47:58Z
2026-08-05T11:45:45Z,2026-08-05T13:45:45+0200,eaa53f57-a911-4834-9b60-40ab8a7aba1f,2026-08-04T10:00:00Z,2026-08-04T12:00:00+0200,46269.17797,MW,DE,DE_LU,forecast_solar_generation,Solar,2026-08-05T11:47:58Z
2026-08-05T11:45:45Z,2026-08-05T13:45:45+0200,eaa53f57-a911-4834-9b60-40ab8a7aba1f,2026-08-04T10:15:00Z,2026-08-04T12:15:00+0200,46916.90291,MW,DE,DE_LU,forecast_solar_generation,Solar,2026-08-05T11:47:58Z
2026-08-05T11:45:45Z,2026-08-05T13:45:45+0200,eaa53f57-a911-4834-9b60-40ab8a7aba1f,2026-08-04T10:30:00Z,2026-08-04T12:30:00+0200,47371.6562,MW,DE,DE_LU,forecast_solar_generation,Solar,2026-08-05T11:47:58Z
2026-08-05T11:45:45Z,2026-08-05T13:45:45+0200,eaa53f57-a911-4834-9b60-40ab8a7aba1f,2026-08-04T10:45:00Z,2026-08-04T12:45:00+0200,47642.8321,MW,DE,DE_LU,forecast_solar_generation,Solar,2026-08-05T11:47:58Z
2026-08-05T11:45:45Z,2026-08-05T13:45:45+0200,eaa53f57-a911-4834-9b60-40ab8a7aba1f,2026-08-04T11:00:00Z,2026-08-04T13:00:00+0200,47737.76652,MW,DE,DE_LU,forecast_solar_generation,Solar,2026-08-05T11:47:58Z
2026-08-05T11:45:45Z,2026-08-05T13:45:45+0200,eaa53f57-a911-4834-9b60-40ab8a7aba1f,2026-08-04T11:15:00Z,2026-08-04T13:15:00+0200,47666.32378,MW,DE,DE_LU,forecast_solar_generation,Solar,2026-08-05T11:47:58Z
2026-08-05T11:45:45Z,2026-08-05T13:45:45+0200,eaa53f57-a911-4834-9b60-40ab8a7aba1f,2026-08-04T11:30:00Z,2026-08-04T13:30:00+0200,47351.18719,MW,DE,DE_LU,forecast_solar_generation,Solar,2026-08-05T11:47:58Z
2026-08-05T11:45:45Z,2026-08-05T13:45:45+0200,eaa53f57-a911-4834-9b60-40ab8a7aba1f,2026-08-04T11:45:00Z,2026-08-04T13:45:00+0200,46886.79713,MW,DE,DE_LU,forecast_solar_generation,Solar,2026-08-05T11:47:58Z
2026-08-05T11:45:45Z,2026-08-05T13:45:45+0200,eaa53f57-a911-4834-9b60-40ab8a7aba1f,2026-08-04T12:00:00Z,2026-08-04T14:00:00+0200,46227.16928,MW,DE,DE_LU,forecast_solar_generation,Solar,2026-08-05T11:47:58Z
2026-08-05T11:45:45Z,2026-08-05T13:45:45+0200,eaa53f57-a911-4834-9b60-40ab8a7aba1f,2026-08-04T12:15:00Z,2026-08-04T14:15:00+0200,45376.98028,MW,DE,DE_LU,forecast_solar_generation,Solar,2026-08-05T11:47:58Z
2026-08-05T11:45:45Z,2026-08-05T13:45:45+0200,eaa53f57-a911-4834-9b60-40ab8a7aba1f,2026-08-04T12:30:00Z,2026-08-04T14:30:00+0200,44351.3453,MW,DE,DE_LU,forecast_solar_generation,Solar,2026-08-05T11:47:58Z
2026-08-05T11:45:45Z,2026-08-05T13:45:45+0200,eaa53f57-a911-4834-9b60-40ab8a7aba1f,2026-08-04T12:45:00Z,2026-08-04T14:45:00+0200,43242.73712,MW,DE,DE_LU,forecast_solar_generation,Solar,2026-08-05T11:47:58Z
2026-08-05T11:45:45Z,2026-08-05T13:45:45+0200,eaa53f57-a911-4834-9b60-40ab8a7aba1f,2026-08-04T13:00:00Z,2026-08-04T15:00:00+0200,41941.3548,MW,DE,DE_LU,forecast_solar_generation,Solar,2026-08-05T11:47:58Z
2026-08-05T11:45:45Z,2026-08-05T13:45:45+0200,eaa53f57-a911-4834-9b60-40ab8a7aba1f,2026-08-04T13:15:00Z,2026-08-04T15:15:00+0200,40511.40239,MW,DE,DE_LU,forecast_solar_generation,Solar,2026-08-05T11:47:58Z
2026-08-05T11:45:45Z,2026-08-05T13:45:45+0200,eaa53f57-a911-4834-9b60-40ab8a7aba1f,2026-08-04T13:30:00Z,2026-08-04T15:30:00+0200,38951.86015,MW,DE,DE_LU,forecast_solar_generation,Solar,2026-08-05T11:47:58Z
2026-08-05T11:45:45Z,2026-08-05T13:45:45+0200,eaa53f57-a911-4834-9b60-40ab8a7aba1f,2026-08-04T13:45:00Z,2026-08-04T15:45:00+0200,37260.85321,MW,DE,DE_LU,forecast_solar_generation,Solar,2026-08-05T11:47:58Z
2026-08-05T11:45:45Z,2026-08-05T13:45:45+0200,eaa53f57-a911-4834-9b60-40ab8a7aba1f,2026-08-04T14:00:00Z,2026-08-04T16:00:00+0200,35426.40618,MW,DE,DE_LU,forecast_solar_generation,Solar,2026-08-05T11:47:58Z
2026-08-05T11:45:45Z,2026-08-05T13:45:45+0200,eaa53f57-a911-4834-9b60-40ab8a7aba1f,2026-08-04T14:15:00Z,2026-08-04T16:15:00+0200,33521.8643,MW,DE,DE_LU,forecast_solar_generation,Solar,2026-08-05T11:47:58Z
2026-08-05T11:45:45Z,2026-08-05T13:45:45+0200,eaa53f57-a911-4834-9b60-40ab8a7aba1f,2026-08-04T14:30:00Z,2026-08-04T16:30:00+0200,31541.34793,MW,DE,DE_LU,forecast_solar_generation,Solar,2026-08-05T11:47:58Z
2026-08-05T11:45:45Z,2026-08-05T13:45:45+0200,eaa53f57-a911-4834-9b60-40ab8a7aba1f,2026-08-04T14:45:00Z,2026-08-04T16:45:00+0200,29465.36152,MW,DE,DE_LU,forecast_solar_generation,Solar,2026-08-05T11:47:58Z
2026-08-05T11:45:45Z,2026-08-05T13:45:45+0200,eaa53f57-a911-4834-9b60-40ab8a7aba1f,2026-08-04T15:00:00Z,2026-08-04T17:00:00+0200,27262.45467,MW,DE,DE_LU,forecast_solar_generation,Solar,2026-08-05T11:47:58Z
2026-08-05T11:45:45Z,2026-08-05T13:45:45+0200,eaa53f57-a911-4834-9b60-40ab8a7aba1f,2026-08-04T15:15:00Z,2026-08-04T17:15:00+0200,24960.52255,MW,DE,DE_LU,forecast_solar_generation,Solar,2026-08-05T11:47:58Z
2026-08-05T11:45:45Z,2026-08-05T13:45:45+0200,eaa53f57-a911-4834-9b60-40ab8a7aba1f,2026-08-04T15:30:00Z,2026-08-04T17:30:00+0200,22581.22286,MW,DE,DE_LU,forecast_solar_generation,Solar,2026-08-05T11:47:58Z
2026-08-05T11:45:45Z,2026-08-05T13:45:45+0200,eaa53f57-a911-4834-9b60-40ab8a7aba1f,2026-08-04T15:45:00Z,2026-08-04T17:45:00+0200,20159.32878,MW,DE,DE_LU,forecast_solar_generation,Solar,2026-08-05T11:47:58Z
2026-08-05T11:45:45Z,2026-08-05T13:45:45+0200,eaa53f57-a911-4834-9b60-40ab8a7aba1f,2026-08-04T16:00:00Z,2026-08-04T18:00:00+0200,17665.30797,MW,DE,DE_LU,forecast_solar_generation,Solar,2026-08-05T11:47:58Z
2026-08-05T11:45:45Z,2026-08-05T13:45:45+0200,eaa53f57-a911-4834-9b60-40ab8a7aba1f,2026-08-04T16:15:00Z,2026-08-04T18:15:00+0200,15174.81565,MW,DE,DE_LU,forecast_solar_generation,Solar,2026-08-05T11:47:58Z
2026-08-05T11:45:45Z,2026-08-05T13:45:45+0200,eaa53f57-a911-4834-9b60-40ab8a7aba1f,2026-08-04T16:30:00Z,2026-08-04T18:30:00+0200,12718.78733,MW,DE,DE_LU,forecast_solar_generation,Solar,2026-08-05T11:47:58Z
2026-08-05T11:45:45Z,2026-08-05T13:45:45+0200,eaa53f57-a911-4834-9b60-40ab8a7aba1f,2026-08-04T16:45:00Z,2026-08-04T18:45:00+0200,10376.56215,MW,DE,DE_LU,forecast_solar_generation,Solar,2026-08-05T11:47:58Z
2026-08-05T11:45:45Z,2026-08-05T13:45:45+0200,eaa53f57-a911-4834-9b60-40ab8a7aba1f,2026-08-04T17:00:00Z,2026-08-04T19:00:00+0200,8190.11553,MW,DE,DE_LU,forecast_solar_generation,Solar,2026-08-05T11:47:58Z
2026-08-05T11:45:45Z,2026-08-05T13:45:45+0200,eaa53f57-a911-4834-9b60-40ab8a7aba1f,2026-08-04T17:15:00Z,2026-08-04T19:15:00+0200,6201.3913,MW,DE,DE_LU,forecast_solar_generation,Solar,2026-08-05T11:47:58Z
2026-08-05T11:45:45Z,2026-08-05T13:45:45+0200,eaa53f57-a911-4834-9b60-40ab8a7aba1f,2026-08-04T17:30:00Z,2026-08-04T19:30:00+0200,4480.56865,MW,DE,DE_LU,forecast_solar_generation,Solar,2026-08-05T11:47:58Z
2026-08-05T11:45:45Z,2026-08-05T13:45:45+0200,eaa53f57-a911-4834-9b60-40ab8a7aba1f,2026-08-04T17:45:00Z,2026-08-04T19:45:00+0200,3096.96369,MW,DE,DE_LU,forecast_solar_generation,Solar,2026-08-05T11:47:58Z
2026-08-05T11:45:45Z,2026-08-05T13:45:45+0200,eaa53f57-a911-4834-9b60-40ab8a7aba1f,2026-08-04T18:00:00Z,2026-08-04T20:00:00+0200,1984.48446,MW,DE,DE_LU,forecast_solar_generation,Solar,2026-08-05T11:47:58Z
2026-08-05T11:45:45Z,2026-08-05T13:45:45+0200,eaa53f57-a911-4834-9b60-40ab8a7aba1f,2026-08-04T18:15:00Z,2026-08-04T20:15:00+0200,1133.51278,MW,DE,DE_LU,forecast_solar_generation,Solar,2026-08-05T11:47:58Z
2026-08-05T11:45:45Z,2026-08-05T13:45:45+0200,eaa53f57-a911-4834-9b60-40ab8a7aba1f,2026-08-04T18:30:00Z,2026-08-04T20:30:00+0200,519.94644,MW,DE,DE_LU,forecast_solar_generation,Solar,2026-08-05T11:47:58Z
2026-08-05T11:45:45Z,2026-08-05T13:45:45+0200,eaa53f57-a911-4834-9b60-40ab8a7aba1f,2026-08-04T18:45:00Z,2026-08-04T20:45:00+0200,171.36154,MW,DE,DE_LU,forecast_solar_generation,Solar,2026-08-05T11:47:58Z
2026-08-05T11:45:45Z,2026-08-05T13:45:45+0200,eaa53f57-a911-4834-9b60-40ab8a7aba1f,2026-08-04T19:00:00Z,2026-08-04T21:00:00+0200,33.33102,MW,DE,DE_LU,forecast_solar_generation,Solar,2026-08-05T11:47:58Z
2026-08-05T11:45:45Z,2026-08-05T13:45:45+0200,eaa53f57-a911-4834-9b60-40ab8a7aba1f,2026-08-04T19:15:00Z,2026-08-04T21:15:00+0200,7.45653,MW,DE,DE_LU,forecast_solar_generation,Solar,2026-08-05T11:47:58Z
2026-08-05T11:45:45Z,2026-08-05T13:45:45+0200,eaa53f57-a911-4834-9b60-40ab8a7aba1f,2026-08-04T19:30:00Z,2026-08-04T21:30:00+0200,0.0,MW,DE,DE_LU,forecast_solar_generation,Solar,2026-08-05T11:47:58Z
2026-08-05T11:45:45Z,2026-08-05T13:45:45+0200,eaa53f57-a911-4834-9b60-40ab8a7aba1f,2026-08-04T19:45:00Z,2026-08-04T21:45:00+0200,0.0,MW,DE,DE_LU,forecast_solar_generation,Solar,2026-08-05T11:47:58Z
2026-08-05T11:45:45Z,2026-08-05T13:45:45+0200,eaa53f57-a911-4834-9b60-40ab8a7aba1f,2026-08-04T20:00:00Z,2026-08-04T22:00:00+0200,0.0,MW,DE,DE_LU,forecast_solar_generation,Solar,2026-08-05T11:47:58Z
2026-08-05T11:45:45Z,2026-08-05T13:45:45+0200,eaa53f57-a911-4834-9b60-40ab8a7aba1f,2026-08-04T20:15:00Z,2026-08-04T22:15:00+0200,0.0,MW,DE,DE_LU,forecast_solar_generation,Solar,2026-08-05T11:47:58Z
2026-08-05T11:45:45Z,2026-08-05T13:45:45+0200,eaa53f57-a911-4834-9b60-40ab8a7aba1f,2026-08-04T20:30:00Z,2026-08-04T22:30:00+0200,0.0,MW,DE,DE_LU,forecast_solar_generation,Solar,2026-08-05T11:47:58Z
2026-08-05T11:45:45Z,2026-08-05T13:45:45+0200,eaa53f57-a911-4834-9b60-40ab8a7aba1f,2026-08-04T20:45:00Z,2026-08-04T22:45:00+0200,0.0,MW,DE,DE_LU,forecast_solar_generation,Solar,2026-08-05T11:47:58Z
2026-08-05T11:45:45Z,2026-08-05T13:45:45+0200,eaa53f57-a911-4834-9b60-40ab8a7aba1f,2026-08-04T21:00:00Z,2026-08-04T23:00:00+0200,0.0,MW,DE,DE_LU,forecast_solar_generation,Solar,2026-08-05T11:47:58Z
2026-08-05T11:45:45Z,2026-08-05T13:45:45+0200,eaa53f57-a911-4834-9b60-40ab8a7aba1f,2026-08-04T21:15:00Z,2026-08-04T23:15:00+0200,0.0,MW,DE,DE_LU,forecast_solar_generation,Solar,2026-08-05T11:47:58Z
2026-08-05T11:45:45Z,2026-08-05T13:45:45+0200,eaa53f57-a911-4834-9b60-40ab8a7aba1f,2026-08-04T21:30:00Z,2026-08-04T23:30:00+0200,0.0,MW,DE,DE_LU,forecast_solar_generation,Solar,2026-08-05T11:47:58Z
2026-08-05T11:45:45Z,2026-08-05T13:45:45+0200,eaa53f57-a911-4834-9b60-40ab8a7aba1f,2026-08-04T21:45:00Z,2026-08-04T23:45:00+0200,0.0,MW,DE,DE_LU,forecast_solar_generation,Solar,2026-08-05T11:47:58Z
2026-08-05T11:45:45Z,2026-08-05T13:45:45+0200,eaa53f57-a911-4834-9b60-40ab8a7aba1f,2026-08-04T22:00:00Z,2026-08-05T00:00:00+0200,0.0,MW,DE,DE_LU,forecast_solar_generation,Solar,2026-08-05T11:47:58Z
2026-08-05T11:45:45Z,2026-08-05T13:45:45+0200,eaa53f57-a911-4834-9b60-40ab8a7aba1f,2026-08-04T22:15:00Z,2026-08-05T00:15:00+0200,0.0,MW,DE,DE_LU,forecast_solar_generation,Solar,2026-08-05T11:47:58Z
2026-08-05T11:45:45Z,2026-08-05T13:45:45+0200,eaa53f57-a911-4834-9b60-40ab8a7aba1f,2026-08-04T22:30:00Z,2026-08-05T00:30:00+0200,0.0,MW,DE,DE_LU,forecast_solar_generation,Solar,2026-08-05T11:47:58Z
2026-08-05T11:45:45Z,2026-08-05T13:45:45+0200,eaa53f57-a911-4834-9b60-40ab8a7aba1f,2026-08-04T22:45:00Z,2026-08-05T00:45:00+0200,0.0,MW,DE,DE_LU,forecast_solar_generation,Solar,2026-08-05T11:47:58Z
2026-08-05T11:45:45Z,2026-08-05T13:45:45+0200,eaa53f57-a911-4834-9b60-40ab8a7aba1f,2026-08-04T23:00:00Z,2026-08-05T01:00:00+0200,0.0,MW,DE,DE_LU,forecast_solar_generation,Solar,2026-08-05T11:47:58Z
2026-08-05T11:45:45Z,2026-08-05T13:45:45+0200,eaa53f57-a911-4834-9b60-40ab8a7aba1f,2026-08-04T23:15:00Z,2026-08-05T01:15:00+0200,0.0,MW,DE,DE_LU,forecast_solar_generation,Solar,2026-08-05T11:47:58Z
2026-08-05T11:45:45Z,2026-08-05T13:45:45+0200,eaa53f57-a911-4834-9b60-40ab8a7aba1f,2026-08-04T23:30:00Z,2026-08-05T01:30:00+0200,0.0,MW,DE,DE_LU,forecast_solar_generation,Solar,2026-08-05T11:47:58Z
2026-08-05T11:45:45Z,2026-08-05T13:45:45+0200,eaa53f57-a911-4834-9b60-40ab8a7aba1f,2026-08-04T23:45:00Z,2026-08-05T01:45:00+0200,0.0,MW,DE,DE_LU,forecast_solar_generation,Solar,2026-08-05T11:47:58Z
2026-08-05T11:45:45Z,2026-08-05T13:45:45+0200,eaa53f57-a911-4834-9b60-40ab8a7aba1f,2026-08-05T00:00:00Z,2026-08-05T02:00:00+0200,0.0,MW,DE,DE_LU,forecast_solar_generation,Solar,2026-08-05T11:47:58Z
2026-08-05T11:45:45Z,2026-08-05T13:45:45+0200,eaa53f57-a911-4834-9b60-40ab8a7aba1f,2026-08-05T00:15:00Z,2026-08-05T02:15:00+0200,0.0,MW,DE,DE_LU,forecast_solar_generation,Solar,2026-08-05T11:47:58Z
2026-08-05T11:45:45Z,2026-08-05T13:45:45+0200,eaa53f57-a911-4834-9b60-40ab8a7aba1f,2026-08-05T00:30:00Z,2026-08-05T02:30:00+0200,0.0,MW,DE,DE_LU,forecast_solar_generation,Solar,2026-08-05T11:47:58Z
2026-08-05T11:45:45Z,2026-08-05T13:45:45+0200,eaa53f57-a911-4834-9b60-40ab8a7aba1f,2026-08-05T00:45:00Z,2026-08-05T02:45:00+0200,0.0,MW,DE,DE_LU,forecast_solar_generation,Solar,2026-08-05T11:47:58Z
2026-08-05T11:45:45Z,2026-08-05T13:45:45+0200,eaa53f57-a911-4834-9b60-40ab8a7aba1f,2026-08-05T01:00:00Z,2026-08-05T03:00:00+0200,0.0,MW,DE,DE_LU,forecast_solar_generation,Solar,2026-08-05T11:47:58Z
2026-08-05T11:45:45Z,2026-08-05T13:45:45+0200,eaa53f57-a911-4834-9b60-40ab8a7aba1f,2026-08-05T01:15:00Z,2026-08-05T03:15:00+0200,0.0,MW,DE,DE_LU,forecast_solar_generation,Solar,2026-08-05T11:47:58Z
2026-08-05T11:45:45Z,2026-08-05T13:45:45+0200,eaa53f57-a911-4834-9b60-40ab8a7aba1f,2026-08-05T01:30:00Z,2026-08-05T03:30:00+0200,0.0,MW,DE,DE_LU,forecast_solar_generation,Solar,2026-08-05T11:47:58Z
2026-08-05T11:45:45Z,2026-08-05T13:45:45+0200,eaa53f57-a911-4834-9b60-40ab8a7aba1f,2026-08-05T01:45:00Z,2026-08-05T03:45:00+0200,0.0,MW,DE,DE_LU,forecast_solar_generation,Solar,2026-08-05T11:47:58Z
2026-08-05T11:45:45Z,2026-08-05T13:45:45+0200,eaa53f57-a911-4834-9b60-40ab8a7aba1f,2026-08-05T02:00:00Z,2026-08-05T04:00:00+0200,0.0,MW,DE,DE_LU,forecast_solar_generation,Solar,2026-08-05T11:47:58Z
2026-08-05T11:45:45Z,2026-08-05T13:45:45+0200,eaa53f57-a911-4834-9b60-40ab8a7aba1f,2026-08-05T02:15:00Z,2026-08-05T04:15:00+0200,0.0,MW,DE,DE_LU,forecast_solar_generation,Solar,2026-08-05T11:47:58Z
2026-08-05T11:45:45Z,2026-08-05T13:45:45+0200,eaa53f57-a911-4834-9b60-40ab8a7aba1f,2026-08-05T02:30:00Z,2026-08-05T04:30:00+0200,0.0,MW,DE,DE_LU,forecast_solar_generation,Solar,2026-08-05T11:47:58Z
2026-08-05T11:45:45Z,2026-08-05T13:45:45+0200,eaa53f57-a911-4834-9b60-40ab8a7aba1f,2026-08-05T02:45:00Z,2026-08-05T04:45:00+0200,0.0,MW,DE,DE_LU,forecast_solar_generation,Solar,2026-08-05T11:47:58Z
2026-08-05T11:45:45Z,2026-08-05T13:45:45+0200,eaa53f57-a911-4834-9b60-40ab8a7aba1f,2026-08-05T03:00:00Z,2026-08-05T05:00:00+0200,0.0,MW,DE,DE_LU,forecast_solar_generation,Solar,2026-08-05T11:47:58Z
2026-08-05T11:45:45Z,2026-08-05T13:45:45+0200,eaa53f57-a911-4834-9b60-40ab8a7aba1f,2026-08-05T03:15:00Z,2026-08-05T05:15:00+0200,0.0,MW,DE,DE_LU,forecast_solar_generation,Solar,2026-08-05T11:47:58Z
2026-08-05T11:45:45Z,2026-08-05T13:45:45+0200,eaa53f57-a911-4834-9b60-40ab8a7aba1f,2026-08-05T03:30:00Z,2026-08-05T05:30:00+0200,20.79725,MW,DE,DE_LU,forecast_solar_generation,Solar,2026-08-05T11:47:58Z
2026-08-05T11:45:45Z,2026-08-05T13:45:45+0200,eaa53f57-a911-4834-9b60-40ab8a7aba1f,2026-08-05T03:45:00Z,2026-08-05T05:45:00+0200,124.09204,MW,DE,DE_LU,forecast_solar_generation,Solar,2026-08-05T11:47:58Z
2026-08-05T11:45:45Z,2026-08-05T13:45:45+0200,eaa53f57-a911-4834-9b60-40ab8a7aba1f,2026-08-05T04:00:00Z,2026-08-05T06:00:00+0200,516.60974,MW,DE,DE_LU,forecast_solar_generation,Solar,2026-08-05T11:47:58Z
2026-08-05T11:45:45Z,2026-08-05T13:45:45+0200,eaa53f57-a911-4834-9b60-40ab8a7aba1f,2026-08-05T04:15:00Z,2026-08-05T06:15:00+0200,1225.25931,MW,DE,DE_LU,forecast_solar_generation,Solar,2026-08-05T11:47:58Z
2026-08-05T11:45:45Z,2026-08-05T13:45:45+0200,eaa53f57-a911-4834-9b60-40ab8a7aba1f,2026-08-05T04:30:00Z,2026-08-05T06:30:00+0200,2206.57713,MW,DE,DE_LU,forecast_solar_generation,Solar,2026-08-05T11:47:58Z
2026-08-05T11:45:45Z,2026-08-05T13:45:45+0200,eaa53f57-a911-4834-9b60-40ab8a7aba1f,2026-08-05T04:45:00Z,2026-08-05T06:45:00+0200,3443.19233,MW,DE,DE_LU,forecast_solar_generation,Solar,2026-08-05T11:47:58Z
2026-08-05T11:45:45Z,2026-08-05T13:45:45+0200,eaa53f57-a911-4834-9b60-40ab8a7aba1f,2026-08-05T05:00:00Z,2026-08-05T07:00:00+0200,5001.9143,MW,DE,DE_LU,forecast_solar_generation,Solar,2026-08-05T11:47:58Z
2026-08-05T11:45:45Z,2026-08-05T13:45:45+0200,eaa53f57-a911-4834-9b60-40ab8a7aba1f,2026-08-05T05:15:00Z,2026-08-05T07:15:00+0200,6958.28427,MW,DE,DE_LU,forecast_solar_generation,Solar,2026-08-05T11:47:58Z
2026-08-05T11:45:45Z,2026-08-05T13:45:45+0200,eaa53f57-a911-4834-9b60-40ab8a7aba1f,2026-08-05T05:30:00Z,2026-08-05T07:30:00+0200,9291.8599,MW,DE,DE_LU,forecast_solar_generation,Solar,2026-08-05T11:47:58Z
2026-08-05T11:45:45Z,2026-08-05T13:45:45+0200,eaa53f57-a911-4834-9b60-40ab8a7aba1f,2026-08-05T05:45:00Z,2026-08-05T07:45:00+0200,11917.45231,MW,DE,DE_LU,forecast_solar_generation,Solar,2026-08-05T11:47:58Z
2026-08-05T11:45:45Z,2026-08-05T13:45:45+0200,eaa53f57-a911-4834-9b60-40ab8a7aba1f,2026-08-05T06:00:00Z,2026-08-05T08:00:00+0200,14721.79205,MW,DE,DE_LU,forecast_solar_generation,Solar,2026-08-05T11:47:58Z
2026-08-05T11:45:45Z,2026-08-05T13:45:45+0200,eaa53f57-a911-4834-9b60-40ab8a7aba1f,2026-08-05T06:15:00Z,2026-08-05T08:15:00+0200,17739.4511,MW,DE,DE_LU,forecast_solar_generation,Solar,2026-08-05T11:47:58Z
2026-08-05T11:45:45Z,2026-08-05T13:45:45+0200,eaa53f57-a911-4834-9b60-40ab8a7aba1f,2026-08-05T06:30:00Z,2026-08-05T08:30:00+0200,20875.22976,MW,DE,DE_LU,forecast_solar_generation,Solar,2026-08-05T11:47:58Z
2026-08-05T11:45:45Z,2026-08-05T13:45:45+0200,eaa53f57-a911-4834-9b60-40ab8a7aba1f,2026-08-05T06:45:00Z,2026-08-05T08:45:00+0200,24009.35423,MW,DE,DE_LU,forecast_solar_generation,Solar,2026-08-05T11:47:58Z
2026-08-05T11:45:45Z,2026-08-05T13:45:45+0200,eaa53f57-a911-4834-9b60-40ab8a7aba1f,2026-08-05T07:00:00Z,2026-08-05T09:00:00+0200,27023.45994,MW,DE,DE_LU,forecast_solar_generation,Solar,2026-08-05T11:47:58Z
2026-08-05T11:45:45Z,2026-08-05T13:45:45+0200,eaa53f57-a911-4834-9b60-40ab8a7aba1f,2026-08-05T07:15:00Z,2026-08-05T09:15:00+0200,29919.02691,MW,DE,DE_LU,forecast_solar_generation,Solar,2026-08-05T11:47:58Z
2026-08-05T11:45:45Z,2026-08-05T13:45:45+0200,eaa53f57-a911-4834-9b60-40ab8a7aba1f,2026-08-05T07:30:00Z,2026-08-05T09:30:00+0200,32658.30299,MW,DE,DE_LU,forecast_solar_generation,Solar,2026-08-05T11:47:58Z
2026-08-05T11:45:45Z,2026-08-05T13:45:45+0200,eaa53f57-a911-4834-9b60-40ab8a7aba1f,2026-08-05T07:45:00Z,2026-08-05T09:45:00+0200,35222.59235,MW,DE,DE_LU,forecast_solar_generation,Solar,2026-08-05T11:47:58Z
2026-08-05T11:45:45Z,2026-08-05T13:45:45+0200,eaa53f57-a911-4834-9b60-40ab8a7aba1f,2026-08-05T08:00:00Z,2026-08-05T10:00:00+0200,37627.97709,MW,DE,DE_LU,forecast_solar_generation,Solar,2026-08-05T11:47:58Z
2026-08-05T11:45:45Z,2026-08-05T13:45:45+0200,eaa53f57-a911-4834-9b60-40ab8a7aba1f,2026-08-05T08:15:00Z,2026-08-05T10:15:00+0200,39862.60145,MW,DE,DE_LU,forecast_solar_generation,Solar,2026-08-05T11:47:58Z
2026-08-05T11:45:45Z,2026-08-05T13:45:45+0200,eaa53f57-a911-4834-9b60-40ab8a7aba1f,2026-08-05T08:30:00Z,2026-08-05T10:30:00+0200,41871.8815,MW,DE,DE_LU,forecast_solar_generation,Solar,2026-08-05T11:47:58Z
2026-08-05T11:45:45Z,2026-08-05T13:45:45+0200,eaa53f57-a911-4834-9b60-40ab8a7aba1f,2026-08-05T08:45:00Z,2026-08-05T10:45:00+0200,43659.27589,MW,DE,DE_LU,forecast_solar_generation,Solar,2026-08-05T11:47:58Z
2026-08-05T11:45:45Z,2026-08-05T13:45:45+0200,eaa53f57-a911-4834-9b60-40ab8a7aba1f,2026-08-05T09:00:00Z,2026-08-05T11:00:00+0200,45197.26566,MW,DE,DE_LU,forecast_solar_generation,Solar,2026-08-05T11:47:58Z
2026-08-05T11:45:45Z,2026-08-05T13:45:45+0200,eaa53f57-a911-4834-9b60-40ab8a7aba1f,2026-08-05T09:15:00Z,2026-08-05T11:15:00+0200,46478.37064,MW,DE,DE_LU,forecast_solar_generation,Solar,2026-08-05T11:47:58Z
2026-08-05T11:45:45Z,2026-08-05T13:45:45+0200,eaa53f57-a911-4834-9b60-40ab8a7aba1f,2026-08-05T09:30:00Z,2026-08-05T11:30:00+0200,47510.87356,MW,DE,DE_LU,forecast_solar_generation,Solar,2026-08-05T11:47:58Z
2026-08-05T11:45:45Z,2026-08-05T13:45:45+0200,eaa53f57-a911-4834-9b60-40ab8a7aba1f,2026-08-05T09:45:00Z,2026-08-05T11:45:00+0200,48325.71214,MW,DE,DE_LU,forecast_solar_generation,Solar,2026-08-05T11:47:58Z
2026-08-05T11:45:45Z,2026-08-05T13:45:45+0200,eaa53f57-a911-4834-9b60-40ab8a7aba1f,2026-08-05T10:00:00Z,2026-08-05T12:00:00+0200,48961.16062,MW,DE,DE_LU,forecast_solar_generation,Solar,2026-08-05T11:47:58Z
2026-08-05T11:45:45Z,2026-08-05T13:45:45+0200,eaa53f57-a911-4834-9b60-40ab8a7aba1f,2026-08-05T10:15:00Z,2026-08-05T12:15:00+0200,49414.72971,MW,DE,DE_LU,forecast_solar_generation,Solar,2026-08-05T11:47:58Z
2026-08-05T11:45:45Z,2026-08-05T13:45:45+0200,eaa53f57-a911-4834-9b60-40ab8a7aba1f,2026-08-05T10:30:00Z,2026-08-05T12:30:00+0200,49701.81922,MW,DE,DE_LU,forecast_solar_generation,Solar,2026-08-05T11:47:58Z
2026-08-05T11:45:45Z,2026-08-05T13:45:45+0200,eaa53f57-a911-4834-9b60-40ab8a7aba1f,2026-08-05T10:45:00Z,2026-08-05T12:45:00+0200,49819.06149,MW,DE,DE_LU,forecast_solar_generation,Solar,2026-08-05T11:47:58Z
2026-08-05T11:45:45Z,2026-08-05T13:45:45+0200,eaa53f57-a911-4834-9b60-40ab8a7aba1f,2026-08-05T11:00:00Z,2026-08-05T13:00:00+0200,49752.26581,MW,DE,DE_LU,forecast_solar_generation,Solar,2026-08-05T11:47:58Z
2026-08-05T11:45:45Z,2026-08-05T13:45:45+0200,eaa53f57-a911-4834-9b60-40ab8a7aba1f,2026-08-05T11:15:00Z,2026-08-05T13:15:00+0200,49518.62181,MW,DE,DE_LU,forecast_solar_generation,Solar,2026-08-05T11:47:58Z
2026-08-05T11:45:45Z,2026-08-05T13:45:45+0200,eaa53f57-a911-4834-9b60-40ab8a7aba1f,2026-08-05T11:30:00Z,2026-08-05T13:30:00+0200,49091.23418,MW,DE,DE_LU,forecast_solar_generation,Solar,2026-08-05T11:47:58Z
2026-08-05T11:45:45Z,2026-08-05T13:45:45+0200,eaa53f57-a911-4834-9b60-40ab8a7aba1f,2026-08-05T11:45:00Z,2026-08-05T13:45:00+0200,48529.05916,MW,DE,DE_LU,forecast_solar_generation,Solar,2026-08-05T11:47:58Z
