collection_time_utc,collection_time_local,run_id,timestamp_utc,timestamp_local,value,unit,country,entsoe_area,variable,source,updated_at_utc
2026-07-27T04:13:26Z,2026-07-27T06:13:26+0200,dabcd32d-9433-4dbd-a505-ea8cec1be0d4,2026-06-26T04:30:00Z,2026-06-26T06:30:00+0200,378.621666,MW,DK1,DK_1,forecast_solar_generation,Solar,2026-07-27T04:17:26Z
2026-07-27T04:13:26Z,2026-07-27T06:13:26+0200,dabcd32d-9433-4dbd-a505-ea8cec1be0d4,2026-06-26T04:45:00Z,2026-06-26T06:45:00+0200,482.309999,MW,DK1,DK_1,forecast_solar_generation,Solar,2026-07-27T04:17:26Z
2026-07-27T04:13:26Z,2026-07-27T06:13:26+0200,dabcd32d-9433-4dbd-a505-ea8cec1be0d4,2026-06-26T05:00:00Z,2026-06-26T07:00:00+0200,597.878333,MW,DK1,DK_1,forecast_solar_generation,Solar,2026-07-27T04:17:26Z
2026-07-27T04:13:26Z,2026-07-27T06:13:26+0200,dabcd32d-9433-4dbd-a505-ea8cec1be0d4,2026-06-26T05:15:00Z,2026-06-26T07:15:00+0200,721.613333,MW,DK1,DK_1,forecast_solar_generation,Solar,2026-07-27T04:17:26Z
2026-07-27T04:13:26Z,2026-07-27T06:13:26+0200,dabcd32d-9433-4dbd-a505-ea8cec1be0d4,2026-06-26T05:30:00Z,2026-06-26T07:30:00+0200,851.481666,MW,DK1,DK_1,forecast_solar_generation,Solar,2026-07-27T04:17:26Z
2026-07-27T04:13:26Z,2026-07-27T06:13:26+0200,dabcd32d-9433-4dbd-a505-ea8cec1be0d4,2026-06-26T05:45:00Z,2026-06-26T07:45:00+0200,985.426666,MW,DK1,DK_1,forecast_solar_generation,Solar,2026-07-27T04:17:26Z
2026-07-27T04:13:26Z,2026-07-27T06:13:26+0200,dabcd32d-9433-4dbd-a505-ea8cec1be0d4,2026-06-26T06:00:00Z,2026-06-26T08:00:00+0200,1121.82,MW,DK1,DK_1,forecast_solar_generation,Solar,2026-07-27T04:17:26Z
2026-07-27T04:13:26Z,2026-07-27T06:13:26+0200,dabcd32d-9433-4dbd-a505-ea8cec1be0d4,2026-06-26T06:15:00Z,2026-06-26T08:15:00+0200,1259.276666,MW,DK1,DK_1,forecast_solar_generation,Solar,2026-07-27T04:17:26Z
2026-07-27T04:13:26Z,2026-07-27T06:13:26+0200,dabcd32d-9433-4dbd-a505-ea8cec1be0d4,2026-06-26T06:30:00Z,2026-06-26T08:30:00+0200,1396.518333,MW,DK1,DK_1,forecast_solar_generation,Solar,2026-07-27T04:17:26Z
2026-07-27T04:13:26Z,2026-07-27T06:13:26+0200,dabcd32d-9433-4dbd-a505-ea8cec1be0d4,2026-06-26T06:45:00Z,2026-06-26T08:45:00+0200,1531.848333,MW,DK1,DK_1,forecast_solar_generation,Solar,2026-07-27T04:17:26Z
2026-07-27T04:13:26Z,2026-07-27T06:13:26+0200,dabcd32d-9433-4dbd-a505-ea8cec1be0d4,2026-06-26T07:00:00Z,2026-06-26T09:00:00+0200,1663.564999,MW,DK1,DK_1,forecast_solar_generation,Solar,2026-07-27T04:17:26Z
2026-07-27T04:13:26Z,2026-07-27T06:13:26+0200,dabcd32d-9433-4dbd-a505-ea8cec1be0d4,2026-06-26T07:15:00Z,2026-06-26T09:15:00+0200,1789.568333,MW,DK1,DK_1,forecast_solar_generation,Solar,2026-07-27T04:17:26Z
2026-07-27T04:13:26Z,2026-07-27T06:13:26+0200,dabcd32d-9433-4dbd-a505-ea8cec1be0d4,2026-06-26T07:30:00Z,2026-06-26T09:30:00+0200,1905.935,MW,DK1,DK_1,forecast_solar_generation,Solar,2026-07-27T04:17:26Z
2026-07-27T04:13:26Z,2026-07-27T06:13:26+0200,dabcd32d-9433-4dbd-a505-ea8cec1be0d4,2026-06-26T07:45:00Z,2026-06-26T09:45:00+0200,2009.524999,MW,DK1,DK_1,forecast_solar_generation,Solar,2026-07-27T04:17:26Z
2026-07-27T04:13:26Z,2026-07-27T06:13:26+0200,dabcd32d-9433-4dbd-a505-ea8cec1be0d4,2026-06-26T08:00:00Z,2026-06-26T10:00:00+0200,2098.981666,MW,DK1,DK_1,forecast_solar_generation,Solar,2026-07-27T04:17:26Z
2026-07-27T04:13:26Z,2026-07-27T06:13:26+0200,dabcd32d-9433-4dbd-a505-ea8cec1be0d4,2026-06-26T08:15:00Z,2026-06-26T10:15:00+0200,2173.796666,MW,DK1,DK_1,forecast_solar_generation,Solar,2026-07-27T04:17:26Z
2026-07-27T04:13:26Z,2026-07-27T06:13:26+0200,dabcd32d-9433-4dbd-a505-ea8cec1be0d4,2026-06-26T08:30:00Z,2026-06-26T10:30:00+0200,2233.606666,MW,DK1,DK_1,forecast_solar_generation,Solar,2026-07-27T04:17:26Z
2026-07-27T04:13:26Z,2026-07-27T06:13:26+0200,dabcd32d-9433-4dbd-a505-ea8cec1be0d4,2026-06-26T08:45:00Z,2026-06-26T10:45:00+0200,2277.508333,MW,DK1,DK_1,forecast_solar_generation,Solar,2026-07-27T04:17:26Z
2026-07-27T04:13:26Z,2026-07-27T06:13:26+0200,dabcd32d-9433-4dbd-a505-ea8cec1be0d4,2026-06-26T09:00:00Z,2026-06-26T11:00:00+0200,2309.101666,MW,DK1,DK_1,forecast_solar_generation,Solar,2026-07-27T04:17:26Z
2026-07-27T04:13:26Z,2026-07-27T06:13:26+0200,dabcd32d-9433-4dbd-a505-ea8cec1be0d4,2026-06-26T09:15:00Z,2026-06-26T11:15:00+0200,2335.038333,MW,DK1,DK_1,forecast_solar_generation,Solar,2026-07-27T04:17:26Z
2026-07-27T04:13:26Z,2026-07-27T06:13:26+0200,dabcd32d-9433-4dbd-a505-ea8cec1be0d4,2026-06-26T09:30:00Z,2026-06-26T11:30:00+0200,2357.66,MW,DK1,DK_1,forecast_solar_generation,Solar,2026-07-27T04:17:26Z
2026-07-27T04:13:26Z,2026-07-27T06:13:26+0200,dabcd32d-9433-4dbd-a505-ea8cec1be0d4,2026-06-26T09:45:00Z,2026-06-26T11:45:00+0200,2387.7,MW,DK1,DK_1,forecast_solar_generation,Solar,2026-07-27T04:17:26Z
2026-07-27T04:13:26Z,2026-07-27T06:13:26+0200,dabcd32d-9433-4dbd-a505-ea8cec1be0d4,2026-06-26T10:00:00Z,2026-06-26T12:00:00+0200,2446.538333,MW,DK1,DK_1,forecast_solar_generation,Solar,2026-07-27T04:17:26Z
2026-07-27T04:13:26Z,2026-07-27T06:13:26+0200,dabcd32d-9433-4dbd-a505-ea8cec1be0d4,2026-06-26T10:15:00Z,2026-06-26T12:15:00+0200,2467.11,MW,DK1,DK_1,forecast_solar_generation,Solar,2026-07-27T04:17:26Z
2026-07-27T04:13:26Z,2026-07-27T06:13:26+0200,dabcd32d-9433-4dbd-a505-ea8cec1be0d4,2026-06-26T10:30:00Z,2026-06-26T12:30:00+0200,2482.208333,MW,DK1,DK_1,forecast_solar_generation,Solar,2026-07-27T04:17:26Z
2026-07-27T04:13:26Z,2026-07-27T06:13:26+0200,dabcd32d-9433-4dbd-a505-ea8cec1be0d4,2026-06-26T10:45:00Z,2026-06-26T12:45:00+0200,2493.503333,MW,DK1,DK_1,forecast_solar_generation,Solar,2026-07-27T04:17:26Z
2026-07-27T04:13:26Z,2026-07-27T06:13:26+0200,dabcd32d-9433-4dbd-a505-ea8cec1be0d4,2026-06-26T11:00:00Z,2026-06-26T13:00:00+0200,2500.275,MW,DK1,DK_1,forecast_solar_generation,Solar,2026-07-27T04:17:26Z
2026-07-27T04:13:26Z,2026-07-27T06:13:26+0200,dabcd32d-9433-4dbd-a505-ea8cec1be0d4,2026-06-26T11:15:00Z,2026-06-26T13:15:00+0200,2502.908333,MW,DK1,DK_1,forecast_solar_generation,Solar,2026-07-27T04:17:26Z
2026-07-27T04:13:26Z,2026-07-27T06:13:26+0200,dabcd32d-9433-4dbd-a505-ea8cec1be0d4,2026-06-26T11:30:00Z,2026-06-26T13:30:00+0200,2501.62,MW,DK1,DK_1,forecast_solar_generation,Solar,2026-07-27T04:17:26Z
2026-07-27T04:13:26Z,2026-07-27T06:13:26+0200,dabcd32d-9433-4dbd-a505-ea8cec1be0d4,2026-06-26T11:45:00Z,2026-06-26T13:45:00+0200,2493.833333,MW,DK1,DK_1,forecast_solar_generation,Solar,2026-07-27T04:17:26Z
2026-07-27T04:13:26Z,2026-07-27T06:13:26+0200,dabcd32d-9433-4dbd-a505-ea8cec1be0d4,2026-06-26T12:00:00Z,2026-06-26T14:00:00+0200,2458.086666,MW,DK1,DK_1,forecast_solar_generation,Solar,2026-07-27T04:17:26Z
2026-07-27T04:13:26Z,2026-07-27T06:13:26+0200,dabcd32d-9433-4dbd-a505-ea8cec1be0d4,2026-06-26T12:15:00Z,2026-06-26T14:15:00+0200,2441.648333,MW,DK1,DK_1,forecast_solar_generation,Solar,2026-07-27T04:17:26Z
2026-07-27T04:13:26Z,2026-07-27T06:13:26+0200,dabcd32d-9433-4dbd-a505-ea8cec1be0d4,2026-06-26T12:30:00Z,2026-06-26T14:30:00+0200,2424.77,MW,DK1,DK_1,forecast_solar_generation,Solar,2026-07-27T04:17:26Z
2026-07-27T04:13:26Z,2026-07-27T06:13:26+0200,dabcd32d-9433-4dbd-a505-ea8cec1be0d4,2026-06-26T12:45:00Z,2026-06-26T14:45:00+0200,2409.183333,MW,DK1,DK_1,forecast_solar_generation,Solar,2026-07-27T04:17:26Z
2026-07-27T04:13:26Z,2026-07-27T06:13:26+0200,dabcd32d-9433-4dbd-a505-ea8cec1be0d4,2026-06-26T13:00:00Z,2026-06-26T15:00:00+0200,2404.98,MW,DK1,DK_1,forecast_solar_generation,Solar,2026-07-27T04:17:26Z
2026-07-27T04:13:26Z,2026-07-27T06:13:26+0200,dabcd32d-9433-4dbd-a505-ea8cec1be0d4,2026-06-26T13:15:00Z,2026-06-26T15:15:00+0200,2381.758333,MW,DK1,DK_1,forecast_solar_generation,Solar,2026-07-27T04:17:26Z
2026-07-27T04:13:26Z,2026-07-27T06:13:26+0200,dabcd32d-9433-4dbd-a505-ea8cec1be0d4,2026-06-26T13:30:00Z,2026-06-26T15:30:00+0200,2355.081666,MW,DK1,DK_1,forecast_solar_generation,Solar,2026-07-27T04:17:26Z
2026-07-27T04:13:26Z,2026-07-27T06:13:26+0200,dabcd32d-9433-4dbd-a505-ea8cec1be0d4,2026-06-26T13:45:00Z,2026-06-26T15:45:00+0200,2322.86,MW,DK1,DK_1,forecast_solar_generation,Solar,2026-07-27T04:17:26Z
2026-07-27T04:13:26Z,2026-07-27T06:13:26+0200,dabcd32d-9433-4dbd-a505-ea8cec1be0d4,2026-06-26T14:00:00Z,2026-06-26T16:00:00+0200,2279.426666,MW,DK1,DK_1,forecast_solar_generation,Solar,2026-07-27T04:17:26Z
2026-07-27T04:13:26Z,2026-07-27T06:13:26+0200,dabcd32d-9433-4dbd-a505-ea8cec1be0d4,2026-06-26T14:15:00Z,2026-06-26T16:15:00+0200,2219.983333,MW,DK1,DK_1,forecast_solar_generation,Solar,2026-07-27T04:17:26Z
2026-07-27T04:13:26Z,2026-07-27T06:13:26+0200,dabcd32d-9433-4dbd-a505-ea8cec1be0d4,2026-06-26T14:30:00Z,2026-06-26T16:30:00+0200,2145.938333,MW,DK1,DK_1,forecast_solar_generation,Solar,2026-07-27T04:17:26Z
2026-07-27T04:13:26Z,2026-07-27T06:13:26+0200,dabcd32d-9433-4dbd-a505-ea8cec1be0d4,2026-06-26T14:45:00Z,2026-06-26T16:45:00+0200,2055.04,MW,DK1,DK_1,forecast_solar_generation,Solar,2026-07-27T04:17:26Z
2026-07-27T04:13:26Z,2026-07-27T06:13:26+0200,dabcd32d-9433-4dbd-a505-ea8cec1be0d4,2026-06-26T15:00:00Z,2026-06-26T17:00:00+0200,1950.115,MW,DK1,DK_1,forecast_solar_generation,Solar,2026-07-27T04:17:26Z
2026-07-27T04:13:26Z,2026-07-27T06:13:26+0200,dabcd32d-9433-4dbd-a505-ea8cec1be0d4,2026-06-26T15:15:00Z,2026-06-26T17:15:00+0200,1834.569999,MW,DK1,DK_1,forecast_solar_generation,Solar,2026-07-27T04:17:26Z
2026-07-27T04:13:26Z,2026-07-27T06:13:26+0200,dabcd32d-9433-4dbd-a505-ea8cec1be0d4,2026-06-26T15:30:00Z,2026-06-26T17:30:00+0200,1710.766666,MW,DK1,DK_1,forecast_solar_generation,Solar,2026-07-27T04:17:26Z
2026-07-27T04:13:26Z,2026-07-27T06:13:26+0200,dabcd32d-9433-4dbd-a505-ea8cec1be0d4,2026-06-26T15:45:00Z,2026-06-26T17:45:00+0200,1582.788333,MW,DK1,DK_1,forecast_solar_generation,Solar,2026-07-27T04:17:26Z
2026-07-27T04:13:26Z,2026-07-27T06:13:26+0200,dabcd32d-9433-4dbd-a505-ea8cec1be0d4,2026-06-26T16:00:00Z,2026-06-26T18:00:00+0200,1465.423333,MW,DK1,DK_1,forecast_solar_generation,Solar,2026-07-27T04:17:26Z
2026-07-27T04:13:26Z,2026-07-27T06:13:26+0200,dabcd32d-9433-4dbd-a505-ea8cec1be0d4,2026-06-26T16:15:00Z,2026-06-26T18:15:00+0200,1330.161666,MW,DK1,DK_1,forecast_solar_generation,Solar,2026-07-27T04:17:26Z
2026-07-27T04:13:26Z,2026-07-27T06:13:26+0200,dabcd32d-9433-4dbd-a505-ea8cec1be0d4,2026-06-26T16:30:00Z,2026-06-26T18:30:00+0200,1192.456666,MW,DK1,DK_1,forecast_solar_generation,Solar,2026-07-27T04:17:26Z
2026-07-27T04:13:26Z,2026-07-27T06:13:26+0200,dabcd32d-9433-4dbd-a505-ea8cec1be0d4,2026-06-26T16:45:00Z,2026-06-26T18:45:00+0200,1055.689999,MW,DK1,DK_1,forecast_solar_generation,Solar,2026-07-27T04:17:26Z
2026-07-27T04:13:26Z,2026-07-27T06:13:26+0200,dabcd32d-9433-4dbd-a505-ea8cec1be0d4,2026-06-26T17:00:00Z,2026-06-26T19:00:00+0200,920.698333,MW,DK1,DK_1,forecast_solar_generation,Solar,2026-07-27T04:17:26Z
2026-07-27T04:13:26Z,2026-07-27T06:13:26+0200,dabcd32d-9433-4dbd-a505-ea8cec1be0d4,2026-06-26T17:15:00Z,2026-06-26T19:15:00+0200,788.545,MW,DK1,DK_1,forecast_solar_generation,Solar,2026-07-27T04:17:26Z
2026-07-27T04:13:26Z,2026-07-27T06:13:26+0200,dabcd32d-9433-4dbd-a505-ea8cec1be0d4,2026-06-26T17:30:00Z,2026-06-26T19:30:00+0200,661.03,MW,DK1,DK_1,forecast_solar_generation,Solar,2026-07-27T04:17:26Z
2026-07-27T04:13:26Z,2026-07-27T06:13:26+0200,dabcd32d-9433-4dbd-a505-ea8cec1be0d4,2026-06-26T17:45:00Z,2026-06-26T19:45:00+0200,540.831666,MW,DK1,DK_1,forecast_solar_generation,Solar,2026-07-27T04:17:26Z
2026-07-27T04:13:26Z,2026-07-27T06:13:26+0200,dabcd32d-9433-4dbd-a505-ea8cec1be0d4,2026-06-26T18:00:00Z,2026-06-26T20:00:00+0200,431.89,MW,DK1,DK_1,forecast_solar_generation,Solar,2026-07-27T04:17:26Z
2026-07-27T04:13:26Z,2026-07-27T06:13:26+0200,dabcd32d-9433-4dbd-a505-ea8cec1be0d4,2026-06-26T18:15:00Z,2026-06-26T20:15:00+0200,332.748333,MW,DK1,DK_1,forecast_solar_generation,Solar,2026-07-27T04:17:26Z
2026-07-27T04:13:26Z,2026-07-27T06:13:26+0200,dabcd32d-9433-4dbd-a505-ea8cec1be0d4,2026-06-26T18:30:00Z,2026-06-26T20:30:00+0200,244.333333,MW,DK1,DK_1,forecast_solar_generation,Solar,2026-07-27T04:17:26Z
2026-07-27T04:13:26Z,2026-07-27T06:13:26+0200,dabcd32d-9433-4dbd-a505-ea8cec1be0d4,2026-06-26T18:45:00Z,2026-06-26T20:45:00+0200,168.466666,MW,DK1,DK_1,forecast_solar_generation,Solar,2026-07-27T04:17:26Z
2026-07-27T04:13:26Z,2026-07-27T06:13:26+0200,dabcd32d-9433-4dbd-a505-ea8cec1be0d4,2026-06-26T19:00:00Z,2026-06-26T21:00:00+0200,104.963333,MW,DK1,DK_1,forecast_solar_generation,Solar,2026-07-27T04:17:26Z
2026-07-27T04:13:26Z,2026-07-27T06:13:26+0200,dabcd32d-9433-4dbd-a505-ea8cec1be0d4,2026-06-26T19:15:00Z,2026-06-26T21:15:00+0200,54.413333,MW,DK1,DK_1,forecast_solar_generation,Solar,2026-07-27T04:17:26Z
2026-07-27T04:13:26Z,2026-07-27T06:13:26+0200,dabcd32d-9433-4dbd-a505-ea8cec1be0d4,2026-06-26T19:30:00Z,2026-06-26T21:30:00+0200,19.603333,MW,DK1,DK_1,forecast_solar_generation,Solar,2026-07-27T04:17:26Z
2026-07-27T04:13:26Z,2026-07-27T06:13:26+0200,dabcd32d-9433-4dbd-a505-ea8cec1be0d4,2026-06-26T19:45:00Z,2026-06-26T21:45:00+0200,3.986666,MW,DK1,DK_1,forecast_solar_generation,Solar,2026-07-27T04:17:26Z
2026-07-27T04:13:26Z,2026-07-27T06:13:26+0200,dabcd32d-9433-4dbd-a505-ea8cec1be0d4,2026-06-26T20:00:00Z,2026-06-26T22:00:00+0200,0.33,MW,DK1,DK_1,forecast_solar_generation,Solar,2026-07-27T04:17:26Z
2026-07-27T04:13:26Z,2026-07-27T06:13:26+0200,dabcd32d-9433-4dbd-a505-ea8cec1be0d4,2026-06-26T20:15:00Z,2026-06-26T22:15:00+0200,0.003333,MW,DK1,DK_1,forecast_solar_generation,Solar,2026-07-27T04:17:26Z
2026-07-27T04:13:26Z,2026-07-27T06:13:26+0200,dabcd32d-9433-4dbd-a505-ea8cec1be0d4,2026-06-26T20:30:00Z,2026-06-26T22:30:00+0200,0.0,MW,DK1,DK_1,forecast_solar_generation,Solar,2026-07-27T04:17:26Z
2026-07-27T04:13:26Z,2026-07-27T06:13:26+0200,dabcd32d-9433-4dbd-a505-ea8cec1be0d4,2026-06-26T20:45:00Z,2026-06-26T22:45:00+0200,0.0,MW,DK1,DK_1,forecast_solar_generation,Solar,2026-07-27T04:17:26Z
2026-07-27T04:13:26Z,2026-07-27T06:13:26+0200,dabcd32d-9433-4dbd-a505-ea8cec1be0d4,2026-06-26T21:00:00Z,2026-06-26T23:00:00+0200,0.0,MW,DK1,DK_1,forecast_solar_generation,Solar,2026-07-27T04:17:26Z
2026-07-27T04:13:26Z,2026-07-27T06:13:26+0200,dabcd32d-9433-4dbd-a505-ea8cec1be0d4,2026-06-26T21:15:00Z,2026-06-26T23:15:00+0200,0.0,MW,DK1,DK_1,forecast_solar_generation,Solar,2026-07-27T04:17:26Z
2026-07-27T04:13:26Z,2026-07-27T06:13:26+0200,dabcd32d-9433-4dbd-a505-ea8cec1be0d4,2026-06-26T21:30:00Z,2026-06-26T23:30:00+0200,0.0,MW,DK1,DK_1,forecast_solar_generation,Solar,2026-07-27T04:17:26Z
2026-07-27T04:13:26Z,2026-07-27T06:13:26+0200,dabcd32d-9433-4dbd-a505-ea8cec1be0d4,2026-06-26T21:45:00Z,2026-06-26T23:45:00+0200,0.0,MW,DK1,DK_1,forecast_solar_generation,Solar,2026-07-27T04:17:26Z
2026-07-27T04:13:26Z,2026-07-27T06:13:26+0200,dabcd32d-9433-4dbd-a505-ea8cec1be0d4,2026-06-26T22:00:00Z,2026-06-27T00:00:00+0200,0.0,MW,DK1,DK_1,forecast_solar_generation,Solar,2026-07-27T04:17:26Z
2026-07-27T04:13:26Z,2026-07-27T06:13:26+0200,dabcd32d-9433-4dbd-a505-ea8cec1be0d4,2026-06-26T22:15:00Z,2026-06-27T00:15:00+0200,0.0,MW,DK1,DK_1,forecast_solar_generation,Solar,2026-07-27T04:17:26Z
2026-07-27T04:13:26Z,2026-07-27T06:13:26+0200,dabcd32d-9433-4dbd-a505-ea8cec1be0d4,2026-06-26T22:30:00Z,2026-06-27T00:30:00+0200,0.0,MW,DK1,DK_1,forecast_solar_generation,Solar,2026-07-27T04:17:26Z
2026-07-27T04:13:26Z,2026-07-27T06:13:26+0200,dabcd32d-9433-4dbd-a505-ea8cec1be0d4,2026-06-26T22:45:00Z,2026-06-27T00:45:00+0200,0.0,MW,DK1,DK_1,forecast_solar_generation,Solar,2026-07-27T04:17:26Z
2026-07-27T04:13:26Z,2026-07-27T06:13:26+0200,dabcd32d-9433-4dbd-a505-ea8cec1be0d4,2026-06-26T23:00:00Z,2026-06-27T01:00:00+0200,0.0,MW,DK1,DK_1,forecast_solar_generation,Solar,2026-07-27T04:17:26Z
2026-07-27T04:13:26Z,2026-07-27T06:13:26+0200,dabcd32d-9433-4dbd-a505-ea8cec1be0d4,2026-06-26T23:15:00Z,2026-06-27T01:15:00+0200,0.0,MW,DK1,DK_1,forecast_solar_generation,Solar,2026-07-27T04:17:26Z
2026-07-27T04:13:26Z,2026-07-27T06:13:26+0200,dabcd32d-9433-4dbd-a505-ea8cec1be0d4,2026-06-26T23:30:00Z,2026-06-27T01:30:00+0200,0.0,MW,DK1,DK_1,forecast_solar_generation,Solar,2026-07-27T04:17:26Z
2026-07-27T04:13:26Z,2026-07-27T06:13:26+0200,dabcd32d-9433-4dbd-a505-ea8cec1be0d4,2026-06-26T23:45:00Z,2026-06-27T01:45:00+0200,0.0,MW,DK1,DK_1,forecast_solar_generation,Solar,2026-07-27T04:17:26Z
2026-07-27T04:13:26Z,2026-07-27T06:13:26+0200,dabcd32d-9433-4dbd-a505-ea8cec1be0d4,2026-06-27T00:00:00Z,2026-06-27T02:00:00+0200,0.0,MW,DK1,DK_1,forecast_solar_generation,Solar,2026-07-27T04:17:26Z
2026-07-27T04:13:26Z,2026-07-27T06:13:26+0200,dabcd32d-9433-4dbd-a505-ea8cec1be0d4,2026-06-27T00:15:00Z,2026-06-27T02:15:00+0200,0.0,MW,DK1,DK_1,forecast_solar_generation,Solar,2026-07-27T04:17:26Z
2026-07-27T04:13:26Z,2026-07-27T06:13:26+0200,dabcd32d-9433-4dbd-a505-ea8cec1be0d4,2026-06-27T00:30:00Z,2026-06-27T02:30:00+0200,0.0,MW,DK1,DK_1,forecast_solar_generation,Solar,2026-07-27T04:17:26Z
2026-07-27T04:13:26Z,2026-07-27T06:13:26+0200,dabcd32d-9433-4dbd-a505-ea8cec1be0d4,2026-06-27T00:45:00Z,2026-06-27T02:45:00+0200,0.0,MW,DK1,DK_1,forecast_solar_generation,Solar,2026-07-27T04:17:26Z
2026-07-27T04:13:26Z,2026-07-27T06:13:26+0200,dabcd32d-9433-4dbd-a505-ea8cec1be0d4,2026-06-27T01:00:00Z,2026-06-27T03:00:00+0200,0.0,MW,DK1,DK_1,forecast_solar_generation,Solar,2026-07-27T04:17:26Z
2026-07-27T04:13:26Z,2026-07-27T06:13:26+0200,dabcd32d-9433-4dbd-a505-ea8cec1be0d4,2026-06-27T01:15:00Z,2026-06-27T03:15:00+0200,0.0,MW,DK1,DK_1,forecast_solar_generation,Solar,2026-07-27T04:17:26Z
2026-07-27T04:13:26Z,2026-07-27T06:13:26+0200,dabcd32d-9433-4dbd-a505-ea8cec1be0d4,2026-06-27T01:30:00Z,2026-06-27T03:30:00+0200,0.0,MW,DK1,DK_1,forecast_solar_generation,Solar,2026-07-27T04:17:26Z
2026-07-27T04:13:26Z,2026-07-27T06:13:26+0200,dabcd32d-9433-4dbd-a505-ea8cec1be0d4,2026-06-27T01:45:00Z,2026-06-27T03:45:00+0200,0.0,MW,DK1,DK_1,forecast_solar_generation,Solar,2026-07-27T04:17:26Z
2026-07-27T04:13:26Z,2026-07-27T06:13:26+0200,dabcd32d-9433-4dbd-a505-ea8cec1be0d4,2026-06-27T02:00:00Z,2026-06-27T04:00:00+0200,0.0,MW,DK1,DK_1,forecast_solar_generation,Solar,2026-07-27T04:17:26Z
2026-07-27T04:13:26Z,2026-07-27T06:13:26+0200,dabcd32d-9433-4dbd-a505-ea8cec1be0d4,2026-06-27T02:15:00Z,2026-06-27T04:15:00+0200,0.001666,MW,DK1,DK_1,forecast_solar_generation,Solar,2026-07-27T04:17:26Z
2026-07-27T04:13:26Z,2026-07-27T06:13:26+0200,dabcd32d-9433-4dbd-a505-ea8cec1be0d4,2026-06-27T02:30:00Z,2026-06-27T04:30:00+0200,0.123333,MW,DK1,DK_1,forecast_solar_generation,Solar,2026-07-27T04:17:26Z
2026-07-27T04:13:26Z,2026-07-27T06:13:26+0200,dabcd32d-9433-4dbd-a505-ea8cec1be0d4,2026-06-27T02:45:00Z,2026-06-27T04:45:00+0200,2.008333,MW,DK1,DK_1,forecast_solar_generation,Solar,2026-07-27T04:17:26Z
2026-07-27T04:13:26Z,2026-07-27T06:13:26+0200,dabcd32d-9433-4dbd-a505-ea8cec1be0d4,2026-06-27T03:00:00Z,2026-06-27T05:00:00+0200,12.435,MW,DK1,DK_1,forecast_solar_generation,Solar,2026-07-27T04:17:26Z
2026-07-27T04:13:26Z,2026-07-27T06:13:26+0200,dabcd32d-9433-4dbd-a505-ea8cec1be0d4,2026-06-27T03:15:00Z,2026-06-27T05:15:00+0200,38.986666,MW,DK1,DK_1,forecast_solar_generation,Solar,2026-07-27T04:17:26Z
2026-07-27T04:13:26Z,2026-07-27T06:13:26+0200,dabcd32d-9433-4dbd-a505-ea8cec1be0d4,2026-06-27T03:30:00Z,2026-06-27T05:30:00+0200,81.755,MW,DK1,DK_1,forecast_solar_generation,Solar,2026-07-27T04:17:26Z
2026-07-27T04:13:26Z,2026-07-27T06:13:26+0200,dabcd32d-9433-4dbd-a505-ea8cec1be0d4,2026-06-27T03:45:00Z,2026-06-27T05:45:00+0200,135.955,MW,DK1,DK_1,forecast_solar_generation,Solar,2026-07-27T04:17:26Z
2026-07-27T04:13:26Z,2026-07-27T06:13:26+0200,dabcd32d-9433-4dbd-a505-ea8cec1be0d4,2026-06-27T04:00:00Z,2026-06-27T06:00:00+0200,200.165,MW,DK1,DK_1,forecast_solar_generation,Solar,2026-07-27T04:17:26Z
2026-07-27T04:13:26Z,2026-07-27T06:13:26+0200,dabcd32d-9433-4dbd-a505-ea8cec1be0d4,2026-06-27T04:15:00Z,2026-06-27T06:15:00+0200,275.483333,MW,DK1,DK_1,forecast_solar_generation,Solar,2026-07-27T04:17:26Z
2026-07-27T04:13:26Z,2026-07-27T06:13:26+0200,dabcd32d-9433-4dbd-a505-ea8cec1be0d4,2026-06-27T04:30:00Z,2026-06-27T06:30:00+0200,363.221666,MW,DK1,DK_1,forecast_solar_generation,Solar,2026-07-27T04:17:26Z
2026-07-27T04:13:26Z,2026-07-27T06:13:26+0200,dabcd32d-9433-4dbd-a505-ea8cec1be0d4,2026-06-27T04:45:00Z,2026-06-27T06:45:00+0200,461.838333,MW,DK1,DK_1,forecast_solar_generation,Solar,2026-07-27T04:17:26Z
2026-07-27T04:13:26Z,2026-07-27T06:13:26+0200,dabcd32d-9433-4dbd-a505-ea8cec1be0d4,2026-06-27T05:00:00Z,2026-06-27T07:00:00+0200,570.62,MW,DK1,DK_1,forecast_solar_generation,Solar,2026-07-27T04:17:26Z
2026-07-27T04:13:26Z,2026-07-27T06:13:26+0200,dabcd32d-9433-4dbd-a505-ea8cec1be0d4,2026-06-27T05:15:00Z,2026-06-27T07:15:00+0200,686.454999,MW,DK1,DK_1,forecast_solar_generation,Solar,2026-07-27T04:17:26Z
2026-07-27T04:13:26Z,2026-07-27T06:13:26+0200,dabcd32d-9433-4dbd-a505-ea8cec1be0d4,2026-06-27T05:30:00Z,2026-06-27T07:30:00+0200,807.571666,MW,DK1,DK_1,forecast_solar_generation,Solar,2026-07-27T04:17:26Z
2026-07-27T04:13:26Z,2026-07-27T06:13:26+0200,dabcd32d-9433-4dbd-a505-ea8cec1be0d4,2026-06-27T05:45:00Z,2026-06-27T07:45:00+0200,931.386666,MW,DK1,DK_1,forecast_solar_generation,Solar,2026-07-27T04:17:26Z
2026-07-27T04:13:26Z,2026-07-27T06:13:26+0200,dabcd32d-9433-4dbd-a505-ea8cec1be0d4,2026-06-27T06:00:00Z,2026-06-27T08:00:00+0200,1056.303333,MW,DK1,DK_1,forecast_solar_generation,Solar,2026-07-27T04:17:26Z
2026-07-27T04:13:26Z,2026-07-27T06:13:26+0200,dabcd32d-9433-4dbd-a505-ea8cec1be0d4,2026-06-27T06:15:00Z,2026-06-27T08:15:00+0200,1181.478333,MW,DK1,DK_1,forecast_solar_generation,Solar,2026-07-27T04:17:26Z
2026-07-27T04:13:26Z,2026-07-27T06:13:26+0200,dabcd32d-9433-4dbd-a505-ea8cec1be0d4,2026-06-27T06:30:00Z,2026-06-27T08:30:00+0200,1305.466666,MW,DK1,DK_1,forecast_solar_generation,Solar,2026-07-27T04:17:26Z
2026-07-27T04:13:26Z,2026-07-27T06:13:26+0200,dabcd32d-9433-4dbd-a505-ea8cec1be0d4,2026-06-27T06:45:00Z,2026-06-27T08:45:00+0200,1424.285,MW,DK1,DK_1,forecast_solar_generation,Solar,2026-07-27T04:17:26Z
2026-07-27T04:13:26Z,2026-07-27T06:13:26+0200,dabcd32d-9433-4dbd-a505-ea8cec1be0d4,2026-06-27T07:00:00Z,2026-06-27T09:00:00+0200,1537.03,MW,DK1,DK_1,forecast_solar_generation,Solar,2026-07-27T04:17:26Z
2026-07-27T04:13:26Z,2026-07-27T06:13:26+0200,dabcd32d-9433-4dbd-a505-ea8cec1be0d4,2026-06-27T07:15:00Z,2026-06-27T09:15:00+0200,1643.963333,MW,DK1,DK_1,forecast_solar_generation,Solar,2026-07-27T04:17:26Z
2026-07-27T04:13:26Z,2026-07-27T06:13:26+0200,dabcd32d-9433-4dbd-a505-ea8cec1be0d4,2026-06-27T07:30:00Z,2026-06-27T09:30:00+0200,1740.465,MW,DK1,DK_1,forecast_solar_generation,Solar,2026-07-27T04:17:26Z
2026-07-27T04:13:26Z,2026-07-27T06:13:26+0200,dabcd32d-9433-4dbd-a505-ea8cec1be0d4,2026-06-27T07:45:00Z,2026-06-27T09:45:00+0200,1814.703333,MW,DK1,DK_1,forecast_solar_generation,Solar,2026-07-27T04:17:26Z
2026-07-27T04:13:26Z,2026-07-27T06:13:26+0200,dabcd32d-9433-4dbd-a505-ea8cec1be0d4,2026-06-27T08:00:00Z,2026-06-27T10:00:00+0200,1870.471666,MW,DK1,DK_1,forecast_solar_generation,Solar,2026-07-27T04:17:26Z
2026-07-27T04:13:26Z,2026-07-27T06:13:26+0200,dabcd32d-9433-4dbd-a505-ea8cec1be0d4,2026-06-27T08:15:00Z,2026-06-27T10:15:00+0200,1916.615,MW,DK1,DK_1,forecast_solar_generation,Solar,2026-07-27T04:17:26Z
2026-07-27T04:13:26Z,2026-07-27T06:13:26+0200,dabcd32d-9433-4dbd-a505-ea8cec1be0d4,2026-06-27T08:30:00Z,2026-06-27T10:30:00+0200,1962.696666,MW,DK1,DK_1,forecast_solar_generation,Solar,2026-07-27T04:17:26Z
2026-07-27T04:13:26Z,2026-07-27T06:13:26+0200,dabcd32d-9433-4dbd-a505-ea8cec1be0d4,2026-06-27T08:45:00Z,2026-06-27T10:45:00+0200,2002.426666,MW,DK1,DK_1,forecast_solar_generation,Solar,2026-07-27T04:17:26Z
2026-07-27T04:13:26Z,2026-07-27T06:13:26+0200,dabcd32d-9433-4dbd-a505-ea8cec1be0d4,2026-06-27T09:00:00Z,2026-06-27T11:00:00+0200,2033.163333,MW,DK1,DK_1,forecast_solar_generation,Solar,2026-07-27T04:17:26Z
2026-07-27T04:13:26Z,2026-07-27T06:13:26+0200,dabcd32d-9433-4dbd-a505-ea8cec1be0d4,2026-06-27T09:15:00Z,2026-06-27T11:15:00+0200,2032.885,MW,DK1,DK_1,forecast_solar_generation,Solar,2026-07-27T04:17:26Z
2026-07-27T04:13:26Z,2026-07-27T06:13:26+0200,dabcd32d-9433-4dbd-a505-ea8cec1be0d4,2026-06-27T09:30:00Z,2026-06-27T11:30:00+0200,1901.783333,MW,DK1,DK_1,forecast_solar_generation,Solar,2026-07-27T04:17:26Z
2026-07-27T04:13:26Z,2026-07-27T06:13:26+0200,dabcd32d-9433-4dbd-a505-ea8cec1be0d4,2026-06-27T09:45:00Z,2026-06-27T11:45:00+0200,1898.886666,MW,DK1,DK_1,forecast_solar_generation,Solar,2026-07-27T04:17:26Z
2026-07-27T04:13:26Z,2026-07-27T06:13:26+0200,dabcd32d-9433-4dbd-a505-ea8cec1be0d4,2026-06-27T10:00:00Z,2026-06-27T12:00:00+0200,2009.791666,MW,DK1,DK_1,forecast_solar_generation,Solar,2026-07-27T04:17:26Z
2026-07-27T04:13:26Z,2026-07-27T06:13:26+0200,dabcd32d-9433-4dbd-a505-ea8cec1be0d4,2026-06-27T10:15:00Z,2026-06-27T12:15:00+0200,2081.0,MW,DK1,DK_1,forecast_solar_generation,Solar,2026-07-27T04:17:26Z
2026-07-27T04:13:26Z,2026-07-27T06:13:26+0200,dabcd32d-9433-4dbd-a505-ea8cec1be0d4,2026-06-27T10:30:00Z,2026-06-27T12:30:00+0200,2105.756666,MW,DK1,DK_1,forecast_solar_generation,Solar,2026-07-27T04:17:26Z
2026-07-27T04:13:26Z,2026-07-27T06:13:26+0200,dabcd32d-9433-4dbd-a505-ea8cec1be0d4,2026-06-27T10:45:00Z,2026-06-27T12:45:00+0200,2127.14,MW,DK1,DK_1,forecast_solar_generation,Solar,2026-07-27T04:17:26Z
2026-07-27T04:13:26Z,2026-07-27T06:13:26+0200,dabcd32d-9433-4dbd-a505-ea8cec1be0d4,2026-06-27T11:00:00Z,2026-06-27T13:00:00+0200,2143.746666,MW,DK1,DK_1,forecast_solar_generation,Solar,2026-07-27T04:17:26Z
2026-07-27T04:13:26Z,2026-07-27T06:13:26+0200,dabcd32d-9433-4dbd-a505-ea8cec1be0d4,2026-06-27T11:15:00Z,2026-06-27T13:15:00+0200,2157.353333,MW,DK1,DK_1,forecast_solar_generation,Solar,2026-07-27T04:17:26Z
2026-07-27T04:13:26Z,2026-07-27T06:13:26+0200,dabcd32d-9433-4dbd-a505-ea8cec1be0d4,2026-06-27T11:30:00Z,2026-06-27T13:30:00+0200,2171.321666,MW,DK1,DK_1,forecast_solar_generation,Solar,2026-07-27T04:17:26Z
2026-07-27T04:13:26Z,2026-07-27T06:13:26+0200,dabcd32d-9433-4dbd-a505-ea8cec1be0d4,2026-06-27T11:45:00Z,2026-06-27T13:45:00+0200,2160.836666,MW,DK1,DK_1,forecast_solar_generation,Solar,2026-07-27T04:17:26Z
2026-07-27T04:13:26Z,2026-07-27T06:13:26+0200,dabcd32d-9433-4dbd-a505-ea8cec1be0d4,2026-06-27T12:00:00Z,2026-06-27T14:00:00+0200,1984.925,MW,DK1,DK_1,forecast_solar_generation,Solar,2026-07-27T04:17:26Z
2026-07-27T04:13:26Z,2026-07-27T06:13:26+0200,dabcd32d-9433-4dbd-a505-ea8cec1be0d4,2026-06-27T12:15:00Z,2026-06-27T14:15:00+0200,2018.193333,MW,DK1,DK_1,forecast_solar_generation,Solar,2026-07-27T04:17:26Z
2026-07-27T04:13:26Z,2026-07-27T06:13:26+0200,dabcd32d-9433-4dbd-a505-ea8cec1be0d4,2026-06-27T12:30:00Z,2026-06-27T14:30:00+0200,2225.513333,MW,DK1,DK_1,forecast_solar_generation,Solar,2026-07-27T04:17:26Z
2026-07-27T04:13:26Z,2026-07-27T06:13:26+0200,dabcd32d-9433-4dbd-a505-ea8cec1be0d4,2026-06-27T12:45:00Z,2026-06-27T14:45:00+0200,2283.783333,MW,DK1,DK_1,forecast_solar_generation,Solar,2026-07-27T04:17:26Z
2026-07-27T04:13:26Z,2026-07-27T06:13:26+0200,dabcd32d-9433-4dbd-a505-ea8cec1be0d4,2026-06-27T13:00:00Z,2026-06-27T15:00:00+0200,2141.67,MW,DK1,DK_1,forecast_solar_generation,Solar,2026-07-27T04:17:26Z
2026-07-27T04:13:26Z,2026-07-27T06:13:26+0200,dabcd32d-9433-4dbd-a505-ea8cec1be0d4,2026-06-27T13:15:00Z,2026-06-27T15:15:00+0200,2189.226666,MW,DK1,DK_1,forecast_solar_generation,Solar,2026-07-27T04:17:26Z
2026-07-27T04:13:26Z,2026-07-27T06:13:26+0200,dabcd32d-9433-4dbd-a505-ea8cec1be0d4,2026-06-27T13:30:00Z,2026-06-27T15:30:00+0200,2290.256666,MW,DK1,DK_1,forecast_solar_generation,Solar,2026-07-27T04:17:26Z
2026-07-27T04:13:26Z,2026-07-27T06:13:26+0200,dabcd32d-9433-4dbd-a505-ea8cec1be0d4,2026-06-27T13:45:00Z,2026-06-27T15:45:00+0200,2258.706666,MW,DK1,DK_1,forecast_solar_generation,Solar,2026-07-27T04:17:26Z
2026-07-27T04:13:26Z,2026-07-27T06:13:26+0200,dabcd32d-9433-4dbd-a505-ea8cec1be0d4,2026-06-27T14:00:00Z,2026-06-27T16:00:00+0200,2212.978333,MW,DK1,DK_1,forecast_solar_generation,Solar,2026-07-27T04:17:26Z
2026-07-27T04:13:26Z,2026-07-27T06:13:26+0200,dabcd32d-9433-4dbd-a505-ea8cec1be0d4,2026-06-27T14:15:00Z,2026-06-27T16:15:00+0200,2152.843333,MW,DK1,DK_1,forecast_solar_generation,Solar,2026-07-27T04:17:26Z
2026-07-27T04:13:26Z,2026-07-27T06:13:26+0200,dabcd32d-9433-4dbd-a505-ea8cec1be0d4,2026-06-27T14:30:00Z,2026-06-27T16:30:00+0200,2078.308333,MW,DK1,DK_1,forecast_solar_generation,Solar,2026-07-27T04:17:26Z
2026-07-27T04:13:26Z,2026-07-27T06:13:26+0200,dabcd32d-9433-4dbd-a505-ea8cec1be0d4,2026-06-27T14:45:00Z,2026-06-27T16:45:00+0200,1990.064999,MW,DK1,DK_1,forecast_solar_generation,Solar,2026-07-27T04:17:26Z
2026-07-27T04:13:26Z,2026-07-27T06:13:26+0200,dabcd32d-9433-4dbd-a505-ea8cec1be0d4,2026-06-27T15:00:00Z,2026-06-27T17:00:00+0200,1889.439999,MW,DK1,DK_1,forecast_solar_generation,Solar,2026-07-27T04:17:26Z
2026-07-27T04:13:26Z,2026-07-27T06:13:26+0200,dabcd32d-9433-4dbd-a505-ea8cec1be0d4,2026-06-27T15:15:00Z,2026-06-27T17:15:00+0200,1776.684999,MW,DK1,DK_1,forecast_solar_generation,Solar,2026-07-27T04:17:26Z
2026-07-27T04:13:26Z,2026-07-27T06:13:26+0200,dabcd32d-9433-4dbd-a505-ea8cec1be0d4,2026-06-27T15:30:00Z,2026-06-27T17:30:00+0200,1651.478333,MW,DK1,DK_1,forecast_solar_generation,Solar,2026-07-27T04:17:26Z
2026-07-27T04:13:26Z,2026-07-27T06:13:26+0200,dabcd32d-9433-4dbd-a505-ea8cec1be0d4,2026-06-27T15:45:00Z,2026-06-27T17:45:00+0200,1515.721666,MW,DK1,DK_1,forecast_solar_generation,Solar,2026-07-27T04:17:26Z
2026-07-27T04:13:26Z,2026-07-27T06:13:26+0200,dabcd32d-9433-4dbd-a505-ea8cec1be0d4,2026-06-27T16:00:00Z,2026-06-27T18:00:00+0200,1388.745,MW,DK1,DK_1,forecast_solar_generation,Solar,2026-07-27T04:17:26Z
2026-07-27T04:13:26Z,2026-07-27T06:13:26+0200,dabcd32d-9433-4dbd-a505-ea8cec1be0d4,2026-06-27T16:15:00Z,2026-06-27T18:15:00+0200,1248.401666,MW,DK1,DK_1,forecast_solar_generation,Solar,2026-07-27T04:17:26Z
2026-07-27T04:13:26Z,2026-07-27T06:13:26+0200,dabcd32d-9433-4dbd-a505-ea8cec1be0d4,2026-06-27T16:30:00Z,2026-06-27T18:30:00+0200,1110.923333,MW,DK1,DK_1,forecast_solar_generation,Solar,2026-07-27T04:17:26Z
2026-07-27T04:13:26Z,2026-07-27T06:13:26+0200,dabcd32d-9433-4dbd-a505-ea8cec1be0d4,2026-06-27T16:45:00Z,2026-06-27T18:45:00+0200,973.368333,MW,DK1,DK_1,forecast_solar_generation,Solar,2026-07-27T04:17:26Z
2026-07-27T04:13:26Z,2026-07-27T06:13:26+0200,dabcd32d-9433-4dbd-a505-ea8cec1be0d4,2026-06-27T17:00:00Z,2026-06-27T19:00:00+0200,839.348333,MW,DK1,DK_1,forecast_solar_generation,Solar,2026-07-27T04:17:26Z
2026-07-27T04:13:26Z,2026-07-27T06:13:26+0200,dabcd32d-9433-4dbd-a505-ea8cec1be0d4,2026-06-27T17:15:00Z,2026-06-27T19:15:00+0200,713.301666,MW,DK1,DK_1,forecast_solar_generation,Solar,2026-07-27T04:17:26Z
2026-07-27T04:13:26Z,2026-07-27T06:13:26+0200,dabcd32d-9433-4dbd-a505-ea8cec1be0d4,2026-06-27T17:30:00Z,2026-06-27T19:30:00+0200,597.823333,MW,DK1,DK_1,forecast_solar_generation,Solar,2026-07-27T04:17:26Z
2026-07-27T04:13:26Z,2026-07-27T06:13:26+0200,dabcd32d-9433-4dbd-a505-ea8cec1be0d4,2026-06-27T17:45:00Z,2026-06-27T19:45:00+0200,493.03,MW,DK1,DK_1,forecast_solar_generation,Solar,2026-07-27T04:17:26Z
2026-07-27T04:13:26Z,2026-07-27T06:13:26+0200,dabcd32d-9433-4dbd-a505-ea8cec1be0d4,2026-06-27T18:00:00Z,2026-06-27T20:00:00+0200,398.055,MW,DK1,DK_1,forecast_solar_generation,Solar,2026-07-27T04:17:26Z
2026-07-27T04:13:26Z,2026-07-27T06:13:26+0200,dabcd32d-9433-4dbd-a505-ea8cec1be0d4,2026-06-27T18:15:00Z,2026-06-27T20:15:00+0200,309.483333,MW,DK1,DK_1,forecast_solar_generation,Solar,2026-07-27T04:17:26Z
2026-07-27T04:13:26Z,2026-07-27T06:13:26+0200,dabcd32d-9433-4dbd-a505-ea8cec1be0d4,2026-06-27T18:30:00Z,2026-06-27T20:30:00+0200,228.638333,MW,DK1,DK_1,forecast_solar_generation,Solar,2026-07-27T04:17:26Z
2026-07-27T04:13:26Z,2026-07-27T06:13:26+0200,dabcd32d-9433-4dbd-a505-ea8cec1be0d4,2026-06-27T18:45:00Z,2026-06-27T20:45:00+0200,159.455,MW,DK1,DK_1,forecast_solar_generation,Solar,2026-07-27T04:17:26Z
2026-07-27T04:13:26Z,2026-07-27T06:13:26+0200,dabcd32d-9433-4dbd-a505-ea8cec1be0d4,2026-06-27T19:00:00Z,2026-06-27T21:00:00+0200,100.675,MW,DK1,DK_1,forecast_solar_generation,Solar,2026-07-27T04:17:26Z
2026-07-27T04:13:26Z,2026-07-27T06:13:26+0200,dabcd32d-9433-4dbd-a505-ea8cec1be0d4,2026-06-27T19:15:00Z,2026-06-27T21:15:00+0200,52.5,MW,DK1,DK_1,forecast_solar_generation,Solar,2026-07-27T04:17:26Z
2026-07-27T04:13:26Z,2026-07-27T06:13:26+0200,dabcd32d-9433-4dbd-a505-ea8cec1be0d4,2026-06-27T19:30:00Z,2026-06-27T21:30:00+0200,18.688333,MW,DK1,DK_1,forecast_solar_generation,Solar,2026-07-27T04:17:26Z
2026-07-27T04:13:26Z,2026-07-27T06:13:26+0200,dabcd32d-9433-4dbd-a505-ea8cec1be0d4,2026-06-27T19:45:00Z,2026-06-27T21:45:00+0200,3.728333,MW,DK1,DK_1,forecast_solar_generation,Solar,2026-07-27T04:17:26Z
2026-07-27T04:13:26Z,2026-07-27T06:13:26+0200,dabcd32d-9433-4dbd-a505-ea8cec1be0d4,2026-06-27T20:00:00Z,2026-06-27T22:00:00+0200,0.31,MW,DK1,DK_1,forecast_solar_generation,Solar,2026-07-27T04:17:26Z
2026-07-27T04:13:26Z,2026-07-27T06:13:26+0200,dabcd32d-9433-4dbd-a505-ea8cec1be0d4,2026-06-27T20:15:00Z,2026-06-27T22:15:00+0200,0.003333,MW,DK1,DK_1,forecast_solar_generation,Solar,2026-07-27T04:17:26Z
2026-07-27T04:13:26Z,2026-07-27T06:13:26+0200,dabcd32d-9433-4dbd-a505-ea8cec1be0d4,2026-06-27T20:30:00Z,2026-06-27T22:30:00+0200,0.0,MW,DK1,DK_1,forecast_solar_generation,Solar,2026-07-27T04:17:26Z
2026-07-27T04:13:26Z,2026-07-27T06:13:26+0200,dabcd32d-9433-4dbd-a505-ea8cec1be0d4,2026-06-27T20:45:00Z,2026-06-27T22:45:00+0200,0.0,MW,DK1,DK_1,forecast_solar_generation,Solar,2026-07-27T04:17:26Z
2026-07-27T04:13:26Z,2026-07-27T06:13:26+0200,dabcd32d-9433-4dbd-a505-ea8cec1be0d4,2026-06-27T21:00:00Z,2026-06-27T23:00:00+0200,0.0,MW,DK1,DK_1,forecast_solar_generation,Solar,2026-07-27T04:17:26Z
2026-07-27T04:13:26Z,2026-07-27T06:13:26+0200,dabcd32d-9433-4dbd-a505-ea8cec1be0d4,2026-06-27T21:15:00Z,2026-06-27T23:15:00+0200,0.0,MW,DK1,DK_1,forecast_solar_generation,Solar,2026-07-27T04:17:26Z
2026-07-27T04:13:26Z,2026-07-27T06:13:26+0200,dabcd32d-9433-4dbd-a505-ea8cec1be0d4,2026-06-27T21:30:00Z,2026-06-27T23:30:00+0200,0.0,MW,DK1,DK_1,forecast_solar_generation,Solar,2026-07-27T04:17:26Z
2026-07-27T04:13:26Z,2026-07-27T06:13:26+0200,dabcd32d-9433-4dbd-a505-ea8cec1be0d4,2026-06-27T21:45:00Z,2026-06-27T23:45:00+0200,0.0,MW,DK1,DK_1,forecast_solar_generation,Solar,2026-07-27T04:17:26Z
2026-07-27T04:13:26Z,2026-07-27T06:13:26+0200,dabcd32d-9433-4dbd-a505-ea8cec1be0d4,2026-06-27T22:00:00Z,2026-06-28T00:00:00+0200,0.0,MW,DK1,DK_1,forecast_solar_generation,Solar,2026-07-27T04:17:26Z
2026-07-27T04:13:26Z,2026-07-27T06:13:26+0200,dabcd32d-9433-4dbd-a505-ea8cec1be0d4,2026-06-27T22:15:00Z,2026-06-28T00:15:00+0200,0.0,MW,DK1,DK_1,forecast_solar_generation,Solar,2026-07-27T04:17:26Z
2026-07-27T04:13:26Z,2026-07-27T06:13:26+0200,dabcd32d-9433-4dbd-a505-ea8cec1be0d4,2026-06-27T22:30:00Z,2026-06-28T00:30:00+0200,0.0,MW,DK1,DK_1,forecast_solar_generation,Solar,2026-07-27T04:17:26Z
2026-07-27T04:13:26Z,2026-07-27T06:13:26+0200,dabcd32d-9433-4dbd-a505-ea8cec1be0d4,2026-06-27T22:45:00Z,2026-06-28T00:45:00+0200,0.0,MW,DK1,DK_1,forecast_solar_generation,Solar,2026-07-27T04:17:26Z
2026-07-27T04:13:26Z,2026-07-27T06:13:26+0200,dabcd32d-9433-4dbd-a505-ea8cec1be0d4,2026-06-27T23:00:00Z,2026-06-28T01:00:00+0200,0.0,MW,DK1,DK_1,forecast_solar_generation,Solar,2026-07-27T04:17:26Z
2026-07-27T04:13:26Z,2026-07-27T06:13:26+0200,dabcd32d-9433-4dbd-a505-ea8cec1be0d4,2026-06-27T23:15:00Z,2026-06-28T01:15:00+0200,0.0,MW,DK1,DK_1,forecast_solar_generation,Solar,2026-07-27T04:17:26Z
2026-07-27T04:13:26Z,2026-07-27T06:13:26+0200,dabcd32d-9433-4dbd-a505-ea8cec1be0d4,2026-06-27T23:30:00Z,2026-06-28T01:30:00+0200,0.0,MW,DK1,DK_1,forecast_solar_generation,Solar,2026-07-27T04:17:26Z
2026-07-27T04:13:26Z,2026-07-27T06:13:26+0200,dabcd32d-9433-4dbd-a505-ea8cec1be0d4,2026-06-27T23:45:00Z,2026-06-28T01:45:00+0200,0.0,MW,DK1,DK_1,forecast_solar_generation,Solar,2026-07-27T04:17:26Z
2026-07-27T04:13:26Z,2026-07-27T06:13:26+0200,dabcd32d-9433-4dbd-a505-ea8cec1be0d4,2026-06-28T00:00:00Z,2026-06-28T02:00:00+0200,0.0,MW,DK1,DK_1,forecast_solar_generation,Solar,2026-07-27T04:17:26Z
2026-07-27T04:13:26Z,2026-07-27T06:13:26+0200,dabcd32d-9433-4dbd-a505-ea8cec1be0d4,2026-06-28T00:15:00Z,2026-06-28T02:15:00+0200,0.0,MW,DK1,DK_1,forecast_solar_generation,Solar,2026-07-27T04:17:26Z
2026-07-27T04:13:26Z,2026-07-27T06:13:26+0200,dabcd32d-9433-4dbd-a505-ea8cec1be0d4,2026-06-28T00:30:00Z,2026-06-28T02:30:00+0200,0.0,MW,DK1,DK_1,forecast_solar_generation,Solar,2026-07-27T04:17:26Z
2026-07-27T04:13:26Z,2026-07-27T06:13:26+0200,dabcd32d-9433-4dbd-a505-ea8cec1be0d4,2026-06-28T00:45:00Z,2026-06-28T02:45:00+0200,0.0,MW,DK1,DK_1,forecast_solar_generation,Solar,2026-07-27T04:17:26Z
2026-07-27T04:13:26Z,2026-07-27T06:13:26+0200,dabcd32d-9433-4dbd-a505-ea8cec1be0d4,2026-06-28T01:00:00Z,2026-06-28T03:00:00+0200,0.0,MW,DK1,DK_1,forecast_solar_generation,Solar,2026-07-27T04:17:26Z
2026-07-27T04:13:26Z,2026-07-27T06:13:26+0200,dabcd32d-9433-4dbd-a505-ea8cec1be0d4,2026-06-28T01:15:00Z,2026-06-28T03:15:00+0200,0.0,MW,DK1,DK_1,forecast_solar_generation,Solar,2026-07-27T04:17:26Z
2026-07-27T04:13:26Z,2026-07-27T06:13:26+0200,dabcd32d-9433-4dbd-a505-ea8cec1be0d4,2026-06-28T01:30:00Z,2026-06-28T03:30:00+0200,0.0,MW,DK1,DK_1,forecast_solar_generation,Solar,2026-07-27T04:17:26Z
2026-07-27T04:13:26Z,2026-07-27T06:13:26+0200,dabcd32d-9433-4dbd-a505-ea8cec1be0d4,2026-06-28T01:45:00Z,2026-06-28T03:45:00+0200,0.0,MW,DK1,DK_1,forecast_solar_generation,Solar,2026-07-27T04:17:26Z
2026-07-27T04:13:26Z,2026-07-27T06:13:26+0200,dabcd32d-9433-4dbd-a505-ea8cec1be0d4,2026-06-28T02:00:00Z,2026-06-28T04:00:00+0200,0.0,MW,DK1,DK_1,forecast_solar_generation,Solar,2026-07-27T04:17:26Z
2026-07-27T04:13:26Z,2026-07-27T06:13:26+0200,dabcd32d-9433-4dbd-a505-ea8cec1be0d4,2026-06-28T02:15:00Z,2026-06-28T04:15:00+0200,0.0,MW,DK1,DK_1,forecast_solar_generation,Solar,2026-07-27T04:17:26Z
2026-07-27T04:13:26Z,2026-07-27T06:13:26+0200,dabcd32d-9433-4dbd-a505-ea8cec1be0d4,2026-06-28T02:30:00Z,2026-06-28T04:30:00+0200,0.091666,MW,DK1,DK_1,forecast_solar_generation,Solar,2026-07-27T04:17:26Z
2026-07-27T04:13:26Z,2026-07-27T06:13:26+0200,dabcd32d-9433-4dbd-a505-ea8cec1be0d4,2026-06-28T02:45:00Z,2026-06-28T04:45:00+0200,1.385,MW,DK1,DK_1,forecast_solar_generation,Solar,2026-07-27T04:17:26Z
2026-07-27T04:13:26Z,2026-07-27T06:13:26+0200,dabcd32d-9433-4dbd-a505-ea8cec1be0d4,2026-06-28T03:00:00Z,2026-06-28T05:00:00+0200,7.89,MW,DK1,DK_1,forecast_solar_generation,Solar,2026-07-27T04:17:26Z
2026-07-27T04:13:26Z,2026-07-27T06:13:26+0200,dabcd32d-9433-4dbd-a505-ea8cec1be0d4,2026-06-28T03:15:00Z,2026-06-28T05:15:00+0200,25.171666,MW,DK1,DK_1,forecast_solar_generation,Solar,2026-07-27T04:17:26Z
2026-07-27T04:13:26Z,2026-07-27T06:13:26+0200,dabcd32d-9433-4dbd-a505-ea8cec1be0d4,2026-06-28T03:30:00Z,2026-06-28T05:30:00+0200,55.003333,MW,DK1,DK_1,forecast_solar_generation,Solar,2026-07-27T04:17:26Z
2026-07-27T04:13:26Z,2026-07-27T06:13:26+0200,dabcd32d-9433-4dbd-a505-ea8cec1be0d4,2026-06-28T03:45:00Z,2026-06-28T05:45:00+0200,93.695,MW,DK1,DK_1,forecast_solar_generation,Solar,2026-07-27T04:17:26Z
2026-07-27T04:13:26Z,2026-07-27T06:13:26+0200,dabcd32d-9433-4dbd-a505-ea8cec1be0d4,2026-06-28T04:00:00Z,2026-06-28T06:00:00+0200,140.091666,MW,DK1,DK_1,forecast_solar_generation,Solar,2026-07-27T04:17:26Z
2026-07-27T04:13:26Z,2026-07-27T06:13:26+0200,dabcd32d-9433-4dbd-a505-ea8cec1be0d4,2026-06-28T04:15:00Z,2026-06-28T06:15:00+0200,195.065,MW,DK1,DK_1,forecast_solar_generation,Solar,2026-07-27T04:17:26Z
2026-07-27T04:13:26Z,2026-07-27T06:13:26+0200,dabcd32d-9433-4dbd-a505-ea8cec1be0d4,2026-06-28T04:30:00Z,2026-06-28T06:30:00+0200,261.185,MW,DK1,DK_1,forecast_solar_generation,Solar,2026-07-27T04:17:26Z
2026-07-27T04:13:26Z,2026-07-27T06:13:26+0200,dabcd32d-9433-4dbd-a505-ea8cec1be0d4,2026-06-28T04:45:00Z,2026-06-28T06:45:00+0200,341.049999,MW,DK1,DK_1,forecast_solar_generation,Solar,2026-07-27T04:17:26Z
2026-07-27T04:13:26Z,2026-07-27T06:13:26+0200,dabcd32d-9433-4dbd-a505-ea8cec1be0d4,2026-06-28T05:00:00Z,2026-06-28T07:00:00+0200,434.539999,MW,DK1,DK_1,forecast_solar_generation,Solar,2026-07-27T04:17:26Z
2026-07-27T04:13:26Z,2026-07-27T06:13:26+0200,dabcd32d-9433-4dbd-a505-ea8cec1be0d4,2026-06-28T05:15:00Z,2026-06-28T07:15:00+0200,535.816666,MW,DK1,DK_1,forecast_solar_generation,Solar,2026-07-27T04:17:26Z
2026-07-27T04:13:26Z,2026-07-27T06:13:26+0200,dabcd32d-9433-4dbd-a505-ea8cec1be0d4,2026-06-28T05:30:00Z,2026-06-28T07:30:00+0200,637.398333,MW,DK1,DK_1,forecast_solar_generation,Solar,2026-07-27T04:17:26Z
2026-07-27T04:13:26Z,2026-07-27T06:13:26+0200,dabcd32d-9433-4dbd-a505-ea8cec1be0d4,2026-06-28T05:45:00Z,2026-06-28T07:45:00+0200,736.198333,MW,DK1,DK_1,forecast_solar_generation,Solar,2026-07-27T04:17:26Z
2026-07-27T04:13:26Z,2026-07-27T06:13:26+0200,dabcd32d-9433-4dbd-a505-ea8cec1be0d4,2026-06-28T06:00:00Z,2026-06-28T08:00:00+0200,832.201666,MW,DK1,DK_1,forecast_solar_generation,Solar,2026-07-27T04:17:26Z
2026-07-27T04:13:26Z,2026-07-27T06:13:26+0200,dabcd32d-9433-4dbd-a505-ea8cec1be0d4,2026-06-28T06:15:00Z,2026-06-28T08:15:00+0200,926.86,MW,DK1,DK_1,forecast_solar_generation,Solar,2026-07-27T04:17:26Z
2026-07-27T04:13:26Z,2026-07-27T06:13:26+0200,dabcd32d-9433-4dbd-a505-ea8cec1be0d4,2026-06-28T06:30:00Z,2026-06-28T08:30:00+0200,1017.094999,MW,DK1,DK_1,forecast_solar_generation,Solar,2026-07-27T04:17:26Z
2026-07-27T04:13:26Z,2026-07-27T06:13:26+0200,dabcd32d-9433-4dbd-a505-ea8cec1be0d4,2026-06-28T06:45:00Z,2026-06-28T08:45:00+0200,1086.52,MW,DK1,DK_1,forecast_solar_generation,Solar,2026-07-27T04:17:26Z
2026-07-27T04:13:26Z,2026-07-27T06:13:26+0200,dabcd32d-9433-4dbd-a505-ea8cec1be0d4,2026-06-28T07:00:00Z,2026-06-28T09:00:00+0200,1141.171666,MW,DK1,DK_1,forecast_solar_generation,Solar,2026-07-27T04:17:26Z
2026-07-27T04:13:26Z,2026-07-27T06:13:26+0200,dabcd32d-9433-4dbd-a505-ea8cec1be0d4,2026-06-28T07:15:00Z,2026-06-28T09:15:00+0200,1197.605,MW,DK1,DK_1,forecast_solar_generation,Solar,2026-07-27T04:17:26Z
2026-07-27T04:13:26Z,2026-07-27T06:13:26+0200,dabcd32d-9433-4dbd-a505-ea8cec1be0d4,2026-06-28T07:30:00Z,2026-06-28T09:30:00+0200,1265.413333,MW,DK1,DK_1,forecast_solar_generation,Solar,2026-07-27T04:17:26Z
2026-07-27T04:13:26Z,2026-07-27T06:13:26+0200,dabcd32d-9433-4dbd-a505-ea8cec1be0d4,2026-06-28T07:45:00Z,2026-06-28T09:45:00+0200,1327.273333,MW,DK1,DK_1,forecast_solar_generation,Solar,2026-07-27T04:17:26Z
2026-07-27T04:13:26Z,2026-07-27T06:13:26+0200,dabcd32d-9433-4dbd-a505-ea8cec1be0d4,2026-06-28T08:00:00Z,2026-06-28T10:00:00+0200,1379.401666,MW,DK1,DK_1,forecast_solar_generation,Solar,2026-07-27T04:17:26Z
2026-07-27T04:13:26Z,2026-07-27T06:13:26+0200,dabcd32d-9433-4dbd-a505-ea8cec1be0d4,2026-06-28T08:15:00Z,2026-06-28T10:15:00+0200,1425.256666,MW,DK1,DK_1,forecast_solar_generation,Solar,2026-07-27T04:17:26Z
2026-07-27T04:13:26Z,2026-07-27T06:13:26+0200,dabcd32d-9433-4dbd-a505-ea8cec1be0d4,2026-06-28T08:30:00Z,2026-06-28T10:30:00+0200,1467.526666,MW,DK1,DK_1,forecast_solar_generation,Solar,2026-07-27T04:17:26Z
2026-07-27T04:13:26Z,2026-07-27T06:13:26+0200,dabcd32d-9433-4dbd-a505-ea8cec1be0d4,2026-06-28T08:45:00Z,2026-06-28T10:45:00+0200,1507.56,MW,DK1,DK_1,forecast_solar_generation,Solar,2026-07-27T04:17:26Z
2026-07-27T04:13:26Z,2026-07-27T06:13:26+0200,dabcd32d-9433-4dbd-a505-ea8cec1be0d4,2026-06-28T09:00:00Z,2026-06-28T11:00:00+0200,1546.784999,MW,DK1,DK_1,forecast_solar_generation,Solar,2026-07-27T04:17:26Z
2026-07-27T04:13:26Z,2026-07-27T06:13:26+0200,dabcd32d-9433-4dbd-a505-ea8cec1be0d4,2026-06-28T09:15:00Z,2026-06-28T11:15:00+0200,1573.125,MW,DK1,DK_1,forecast_solar_generation,Solar,2026-07-27T04:17:26Z
2026-07-27T04:13:26Z,2026-07-27T06:13:26+0200,dabcd32d-9433-4dbd-a505-ea8cec1be0d4,2026-06-28T09:30:00Z,2026-06-28T11:30:00+0200,1574.935,MW,DK1,DK_1,forecast_solar_generation,Solar,2026-07-27T04:17:26Z
2026-07-27T04:13:26Z,2026-07-27T06:13:26+0200,dabcd32d-9433-4dbd-a505-ea8cec1be0d4,2026-06-28T09:45:00Z,2026-06-28T11:45:00+0200,1651.016666,MW,DK1,DK_1,forecast_solar_generation,Solar,2026-07-27T04:17:26Z
2026-07-27T04:13:26Z,2026-07-27T06:13:26+0200,dabcd32d-9433-4dbd-a505-ea8cec1be0d4,2026-06-28T10:00:00Z,2026-06-28T12:00:00+0200,1726.63,MW,DK1,DK_1,forecast_solar_generation,Solar,2026-07-27T04:17:26Z
2026-07-27T04:13:26Z,2026-07-27T06:13:26+0200,dabcd32d-9433-4dbd-a505-ea8cec1be0d4,2026-06-28T10:15:00Z,2026-06-28T12:15:00+0200,1791.486666,MW,DK1,DK_1,forecast_solar_generation,Solar,2026-07-27T04:17:26Z
2026-07-27T04:13:26Z,2026-07-27T06:13:26+0200,dabcd32d-9433-4dbd-a505-ea8cec1be0d4,2026-06-28T10:30:00Z,2026-06-28T12:30:00+0200,1795.643333,MW,DK1,DK_1,forecast_solar_generation,Solar,2026-07-27T04:17:26Z
2026-07-27T04:13:26Z,2026-07-27T06:13:26+0200,dabcd32d-9433-4dbd-a505-ea8cec1be0d4,2026-06-28T10:45:00Z,2026-06-28T12:45:00+0200,1820.468333,MW,DK1,DK_1,forecast_solar_generation,Solar,2026-07-27T04:17:26Z
2026-07-27T04:13:26Z,2026-07-27T06:13:26+0200,dabcd32d-9433-4dbd-a505-ea8cec1be0d4,2026-06-28T11:00:00Z,2026-06-28T13:00:00+0200,1851.973333,MW,DK1,DK_1,forecast_solar_generation,Solar,2026-07-27T04:17:26Z
2026-07-27T04:13:26Z,2026-07-27T06:13:26+0200,dabcd32d-9433-4dbd-a505-ea8cec1be0d4,2026-06-28T11:15:00Z,2026-06-28T13:15:00+0200,1885.085,MW,DK1,DK_1,forecast_solar_generation,Solar,2026-07-27T04:17:26Z
2026-07-27T04:13:26Z,2026-07-27T06:13:26+0200,dabcd32d-9433-4dbd-a505-ea8cec1be0d4,2026-06-28T11:30:00Z,2026-06-28T13:30:00+0200,1845.371666,MW,DK1,DK_1,forecast_solar_generation,Solar,2026-07-27T04:17:26Z
2026-07-27T04:13:26Z,2026-07-27T06:13:26+0200,dabcd32d-9433-4dbd-a505-ea8cec1be0d4,2026-06-28T11:45:00Z,2026-06-28T13:45:00+0200,1866.296666,MW,DK1,DK_1,forecast_solar_generation,Solar,2026-07-27T04:17:26Z
2026-07-27T04:13:26Z,2026-07-27T06:13:26+0200,dabcd32d-9433-4dbd-a505-ea8cec1be0d4,2026-06-28T12:00:00Z,2026-06-28T14:00:00+0200,1885.548333,MW,DK1,DK_1,forecast_solar_generation,Solar,2026-07-27T04:17:26Z
2026-07-27T04:13:26Z,2026-07-27T06:13:26+0200,dabcd32d-9433-4dbd-a505-ea8cec1be0d4,2026-06-28T12:15:00Z,2026-06-28T14:15:00+0200,1888.885,MW,DK1,DK_1,forecast_solar_generation,Solar,2026-07-27T04:17:26Z
2026-07-27T04:13:26Z,2026-07-27T06:13:26+0200,dabcd32d-9433-4dbd-a505-ea8cec1be0d4,2026-06-28T12:30:00Z,2026-06-28T14:30:00+0200,1879.47,MW,DK1,DK_1,forecast_solar_generation,Solar,2026-07-27T04:17:26Z
2026-07-27T04:13:26Z,2026-07-27T06:13:26+0200,dabcd32d-9433-4dbd-a505-ea8cec1be0d4,2026-06-28T12:45:00Z,2026-06-28T14:45:00+0200,1853.278333,MW,DK1,DK_1,forecast_solar_generation,Solar,2026-07-27T04:17:26Z
2026-07-27T04:13:26Z,2026-07-27T06:13:26+0200,dabcd32d-9433-4dbd-a505-ea8cec1be0d4,2026-06-28T13:00:00Z,2026-06-28T15:00:00+0200,1756.123333,MW,DK1,DK_1,forecast_solar_generation,Solar,2026-07-27T04:17:26Z
2026-07-27T04:13:26Z,2026-07-27T06:13:26+0200,dabcd32d-9433-4dbd-a505-ea8cec1be0d4,2026-06-28T13:15:00Z,2026-06-28T15:15:00+0200,1782.408333,MW,DK1,DK_1,forecast_solar_generation,Solar,2026-07-27T04:17:26Z
2026-07-27T04:13:26Z,2026-07-27T06:13:26+0200,dabcd32d-9433-4dbd-a505-ea8cec1be0d4,2026-06-28T13:30:00Z,2026-06-28T15:30:00+0200,1828.248333,MW,DK1,DK_1,forecast_solar_generation,Solar,2026-07-27T04:17:26Z
2026-07-27T04:13:26Z,2026-07-27T06:13:26+0200,dabcd32d-9433-4dbd-a505-ea8cec1be0d4,2026-06-28T13:45:00Z,2026-06-28T15:45:00+0200,1955.361666,MW,DK1,DK_1,forecast_solar_generation,Solar,2026-07-27T04:17:26Z
2026-07-27T04:13:26Z,2026-07-27T06:13:26+0200,dabcd32d-9433-4dbd-a505-ea8cec1be0d4,2026-06-28T14:00:00Z,2026-06-28T16:00:00+0200,1749.581666,MW,DK1,DK_1,forecast_solar_generation,Solar,2026-07-27T04:17:26Z
2026-07-27T04:13:26Z,2026-07-27T06:13:26+0200,dabcd32d-9433-4dbd-a505-ea8cec1be0d4,2026-06-28T14:15:00Z,2026-06-28T16:15:00+0200,1983.323333,MW,DK1,DK_1,forecast_solar_generation,Solar,2026-07-27T04:17:26Z
2026-07-27T04:13:26Z,2026-07-27T06:13:26+0200,dabcd32d-9433-4dbd-a505-ea8cec1be0d4,2026-06-28T14:30:00Z,2026-06-28T16:30:00+0200,1922.041666,MW,DK1,DK_1,forecast_solar_generation,Solar,2026-07-27T04:17:26Z
2026-07-27T04:13:26Z,2026-07-27T06:13:26+0200,dabcd32d-9433-4dbd-a505-ea8cec1be0d4,2026-06-28T14:45:00Z,2026-06-28T16:45:00+0200,1844.556666,MW,DK1,DK_1,forecast_solar_generation,Solar,2026-07-27T04:17:26Z
2026-07-27T04:13:26Z,2026-07-27T06:13:26+0200,dabcd32d-9433-4dbd-a505-ea8cec1be0d4,2026-06-28T15:00:00Z,2026-06-28T17:00:00+0200,1757.875,MW,DK1,DK_1,forecast_solar_generation,Solar,2026-07-27T04:17:26Z
2026-07-27T04:13:26Z,2026-07-27T06:13:26+0200,dabcd32d-9433-4dbd-a505-ea8cec1be0d4,2026-06-28T15:15:00Z,2026-06-28T17:15:00+0200,1659.78,MW,DK1,DK_1,forecast_solar_generation,Solar,2026-07-27T04:17:26Z
2026-07-27T04:13:26Z,2026-07-27T06:13:26+0200,dabcd32d-9433-4dbd-a505-ea8cec1be0d4,2026-06-28T15:30:00Z,2026-06-28T17:30:00+0200,1550.203333,MW,DK1,DK_1,forecast_solar_generation,Solar,2026-07-27T04:17:26Z
2026-07-27T04:13:26Z,2026-07-27T06:13:26+0200,dabcd32d-9433-4dbd-a505-ea8cec1be0d4,2026-06-28T15:45:00Z,2026-06-28T17:45:00+0200,1435.058333,MW,DK1,DK_1,forecast_solar_generation,Solar,2026-07-27T04:17:26Z
2026-07-27T04:13:26Z,2026-07-27T06:13:26+0200,dabcd32d-9433-4dbd-a505-ea8cec1be0d4,2026-06-28T16:00:00Z,2026-06-28T18:00:00+0200,1328.473333,MW,DK1,DK_1,forecast_solar_generation,Solar,2026-07-27T04:17:26Z
2026-07-27T04:13:26Z,2026-07-27T06:13:26+0200,dabcd32d-9433-4dbd-a505-ea8cec1be0d4,2026-06-28T16:15:00Z,2026-06-28T18:15:00+0200,1206.42,MW,DK1,DK_1,forecast_solar_generation,Solar,2026-07-27T04:17:26Z
2026-07-27T04:13:26Z,2026-07-27T06:13:26+0200,dabcd32d-9433-4dbd-a505-ea8cec1be0d4,2026-06-28T16:30:00Z,2026-06-28T18:30:00+0200,1083.483333,MW,DK1,DK_1,forecast_solar_generation,Solar,2026-07-27T04:17:26Z
2026-07-27T04:13:26Z,2026-07-27T06:13:26+0200,dabcd32d-9433-4dbd-a505-ea8cec1be0d4,2026-06-28T16:45:00Z,2026-06-28T18:45:00+0200,963.188333,MW,DK1,DK_1,forecast_solar_generation,Solar,2026-07-27T04:17:26Z
2026-07-27T04:13:26Z,2026-07-27T06:13:26+0200,dabcd32d-9433-4dbd-a505-ea8cec1be0d4,2026-06-28T17:00:00Z,2026-06-28T19:00:00+0200,844.376666,MW,DK1,DK_1,forecast_solar_generation,Solar,2026-07-27T04:17:26Z
2026-07-27T04:13:26Z,2026-07-27T06:13:26+0200,dabcd32d-9433-4dbd-a505-ea8cec1be0d4,2026-06-28T17:15:00Z,2026-06-28T19:15:00+0200,726.19,MW,DK1,DK_1,forecast_solar_generation,Solar,2026-07-27T04:17:26Z
2026-07-27T04:13:26Z,2026-07-27T06:13:26+0200,dabcd32d-9433-4dbd-a505-ea8cec1be0d4,2026-06-28T17:30:00Z,2026-06-28T19:30:00+0200,609.463333,MW,DK1,DK_1,forecast_solar_generation,Solar,2026-07-27T04:17:26Z
2026-07-27T04:13:26Z,2026-07-27T06:13:26+0200,dabcd32d-9433-4dbd-a505-ea8cec1be0d4,2026-06-28T17:45:00Z,2026-06-28T19:45:00+0200,497.661666,MW,DK1,DK_1,forecast_solar_generation,Solar,2026-07-27T04:17:26Z
2026-07-27T04:13:26Z,2026-07-27T06:13:26+0200,dabcd32d-9433-4dbd-a505-ea8cec1be0d4,2026-06-28T18:00:00Z,2026-06-28T20:00:00+0200,394.833333,MW,DK1,DK_1,forecast_solar_generation,Solar,2026-07-27T04:17:26Z
2026-07-27T04:13:26Z,2026-07-27T06:13:26+0200,dabcd32d-9433-4dbd-a505-ea8cec1be0d4,2026-06-28T18:15:00Z,2026-06-28T20:15:00+0200,301.53,MW,DK1,DK_1,forecast_solar_generation,Solar,2026-07-27T04:17:26Z
2026-07-27T04:13:26Z,2026-07-27T06:13:26+0200,dabcd32d-9433-4dbd-a505-ea8cec1be0d4,2026-06-28T18:30:00Z,2026-06-28T20:30:00+0200,219.763333,MW,DK1,DK_1,forecast_solar_generation,Solar,2026-07-27T04:17:26Z
2026-07-27T04:13:26Z,2026-07-27T06:13:26+0200,dabcd32d-9433-4dbd-a505-ea8cec1be0d4,2026-06-28T18:45:00Z,2026-06-28T20:45:00+0200,150.793333,MW,DK1,DK_1,forecast_solar_generation,Solar,2026-07-27T04:17:26Z
2026-07-27T04:13:26Z,2026-07-27T06:13:26+0200,dabcd32d-9433-4dbd-a505-ea8cec1be0d4,2026-06-28T19:00:00Z,2026-06-28T21:00:00+0200,93.265,MW,DK1,DK_1,forecast_solar_generation,Solar,2026-07-27T04:17:26Z
2026-07-27T04:13:26Z,2026-07-27T06:13:26+0200,dabcd32d-9433-4dbd-a505-ea8cec1be0d4,2026-06-28T19:15:00Z,2026-06-28T21:15:00+0200,47.398333,MW,DK1,DK_1,forecast_solar_generation,Solar,2026-07-27T04:17:26Z
2026-07-27T04:13:26Z,2026-07-27T06:13:26+0200,dabcd32d-9433-4dbd-a505-ea8cec1be0d4,2026-06-28T19:30:00Z,2026-06-28T21:30:00+0200,16.406666,MW,DK1,DK_1,forecast_solar_generation,Solar,2026-07-27T04:17:26Z
2026-07-27T04:13:26Z,2026-07-27T06:13:26+0200,dabcd32d-9433-4dbd-a505-ea8cec1be0d4,2026-06-28T19:45:00Z,2026-06-28T21:45:00+0200,3.171666,MW,DK1,DK_1,forecast_solar_generation,Solar,2026-07-27T04:17:26Z
2026-07-27T04:13:26Z,2026-07-27T06:13:26+0200,dabcd32d-9433-4dbd-a505-ea8cec1be0d4,2026-06-28T20:00:00Z,2026-06-28T22:00:00+0200,0.251666,MW,DK1,DK_1,forecast_solar_generation,Solar,2026-07-27T04:17:26Z
2026-07-27T04:13:26Z,2026-07-27T06:13:26+0200,dabcd32d-9433-4dbd-a505-ea8cec1be0d4,2026-06-28T20:15:00Z,2026-06-28T22:15:00+0200,0.003333,MW,DK1,DK_1,forecast_solar_generation,Solar,2026-07-27T04:17:26Z
2026-07-27T04:13:26Z,2026-07-27T06:13:26+0200,dabcd32d-9433-4dbd-a505-ea8cec1be0d4,2026-06-28T20:30:00Z,2026-06-28T22:30:00+0200,0.0,MW,DK1,DK_1,forecast_solar_generation,Solar,2026-07-27T04:17:26Z
2026-07-27T04:13:26Z,2026-07-27T06:13:26+0200,dabcd32d-9433-4dbd-a505-ea8cec1be0d4,2026-06-28T20:45:00Z,2026-06-28T22:45:00+0200,0.0,MW,DK1,DK_1,forecast_solar_generation,Solar,2026-07-27T04:17:26Z
2026-07-27T04:13:26Z,2026-07-27T06:13:26+0200,dabcd32d-9433-4dbd-a505-ea8cec1be0d4,2026-06-28T21:00:00Z,2026-06-28T23:00:00+0200,0.0,MW,DK1,DK_1,forecast_solar_generation,Solar,2026-07-27T04:17:26Z
2026-07-27T04:13:26Z,2026-07-27T06:13:26+0200,dabcd32d-9433-4dbd-a505-ea8cec1be0d4,2026-06-28T21:15:00Z,2026-06-28T23:15:00+0200,0.0,MW,DK1,DK_1,forecast_solar_generation,Solar,2026-07-27T04:17:26Z
2026-07-27T04:13:26Z,2026-07-27T06:13:26+0200,dabcd32d-9433-4dbd-a505-ea8cec1be0d4,2026-06-28T21:30:00Z,2026-06-28T23:30:00+0200,0.0,MW,DK1,DK_1,forecast_solar_generation,Solar,2026-07-27T04:17:26Z
2026-07-27T04:13:26Z,2026-07-27T06:13:26+0200,dabcd32d-9433-4dbd-a505-ea8cec1be0d4,2026-06-28T21:45:00Z,2026-06-28T23:45:00+0200,0.0,MW,DK1,DK_1,forecast_solar_generation,Solar,2026-07-27T04:17:26Z
2026-07-27T04:13:26Z,2026-07-27T06:13:26+0200,dabcd32d-9433-4dbd-a505-ea8cec1be0d4,2026-06-28T22:00:00Z,2026-06-29T00:00:00+0200,0.0,MW,DK1,DK_1,forecast_solar_generation,Solar,2026-07-27T04:17:26Z
2026-07-27T04:13:26Z,2026-07-27T06:13:26+0200,dabcd32d-9433-4dbd-a505-ea8cec1be0d4,2026-06-28T22:15:00Z,2026-06-29T00:15:00+0200,0.0,MW,DK1,DK_1,forecast_solar_generation,Solar,2026-07-27T04:17:26Z
2026-07-27T04:13:26Z,2026-07-27T06:13:26+0200,dabcd32d-9433-4dbd-a505-ea8cec1be0d4,2026-06-28T22:30:00Z,2026-06-29T00:30:00+0200,0.0,MW,DK1,DK_1,forecast_solar_generation,Solar,2026-07-27T04:17:26Z
2026-07-27T04:13:26Z,2026-07-27T06:13:26+0200,dabcd32d-9433-4dbd-a505-ea8cec1be0d4,2026-06-28T22:45:00Z,2026-06-29T00:45:00+0200,0.0,MW,DK1,DK_1,forecast_solar_generation,Solar,2026-07-27T04:17:26Z
2026-07-27T04:13:26Z,2026-07-27T06:13:26+0200,dabcd32d-9433-4dbd-a505-ea8cec1be0d4,2026-06-28T23:00:00Z,2026-06-29T01:00:00+0200,0.0,MW,DK1,DK_1,forecast_solar_generation,Solar,2026-07-27T04:17:26Z
2026-07-27T04:13:26Z,2026-07-27T06:13:26+0200,dabcd32d-9433-4dbd-a505-ea8cec1be0d4,2026-06-28T23:15:00Z,2026-06-29T01:15:00+0200,0.0,MW,DK1,DK_1,forecast_solar_generation,Solar,2026-07-27T04:17:26Z
2026-07-27T04:13:26Z,2026-07-27T06:13:26+0200,dabcd32d-9433-4dbd-a505-ea8cec1be0d4,2026-06-28T23:30:00Z,2026-06-29T01:30:00+0200,0.0,MW,DK1,DK_1,forecast_solar_generation,Solar,2026-07-27T04:17:26Z
2026-07-27T04:13:26Z,2026-07-27T06:13:26+0200,dabcd32d-9433-4dbd-a505-ea8cec1be0d4,2026-06-28T23:45:00Z,2026-06-29T01:45:00+0200,0.0,MW,DK1,DK_1,forecast_solar_generation,Solar,2026-07-27T04:17:26Z
2026-07-27T04:13:26Z,2026-07-27T06:13:26+0200,dabcd32d-9433-4dbd-a505-ea8cec1be0d4,2026-06-29T00:00:00Z,2026-06-29T02:00:00+0200,0.0,MW,DK1,DK_1,forecast_solar_generation,Solar,2026-07-27T04:17:26Z
2026-07-27T04:13:26Z,2026-07-27T06:13:26+0200,dabcd32d-9433-4dbd-a505-ea8cec1be0d4,2026-06-29T00:15:00Z,2026-06-29T02:15:00+0200,0.0,MW,DK1,DK_1,forecast_solar_generation,Solar,2026-07-27T04:17:26Z
2026-07-27T04:13:26Z,2026-07-27T06:13:26+0200,dabcd32d-9433-4dbd-a505-ea8cec1be0d4,2026-06-29T00:30:00Z,2026-06-29T02:30:00+0200,0.0,MW,DK1,DK_1,forecast_solar_generation,Solar,2026-07-27T04:17:26Z
2026-07-27T04:13:26Z,2026-07-27T06:13:26+0200,dabcd32d-9433-4dbd-a505-ea8cec1be0d4,2026-06-29T00:45:00Z,2026-06-29T02:45:00+0200,0.0,MW,DK1,DK_1,forecast_solar_generation,Solar,2026-07-27T04:17:26Z
2026-07-27T04:13:26Z,2026-07-27T06:13:26+0200,dabcd32d-9433-4dbd-a505-ea8cec1be0d4,2026-06-29T01:00:00Z,2026-06-29T03:00:00+0200,0.0,MW,DK1,DK_1,forecast_solar_generation,Solar,2026-07-27T04:17:26Z
2026-07-27T04:13:26Z,2026-07-27T06:13:26+0200,dabcd32d-9433-4dbd-a505-ea8cec1be0d4,2026-06-29T01:15:00Z,2026-06-29T03:15:00+0200,0.0,MW,DK1,DK_1,forecast_solar_generation,Solar,2026-07-27T04:17:26Z
2026-07-27T04:13:26Z,2026-07-27T06:13:26+0200,dabcd32d-9433-4dbd-a505-ea8cec1be0d4,2026-06-29T01:30:00Z,2026-06-29T03:30:00+0200,0.0,MW,DK1,DK_1,forecast_solar_generation,Solar,2026-07-27T04:17:26Z
2026-07-27T04:13:26Z,2026-07-27T06:13:26+0200,dabcd32d-9433-4dbd-a505-ea8cec1be0d4,2026-06-29T01:45:00Z,2026-06-29T03:45:00+0200,0.0,MW,DK1,DK_1,forecast_solar_generation,Solar,2026-07-27T04:17:26Z
2026-07-27T04:13:26Z,2026-07-27T06:13:26+0200,dabcd32d-9433-4dbd-a505-ea8cec1be0d4,2026-06-29T02:00:00Z,2026-06-29T04:00:00+0200,0.0,MW,DK1,DK_1,forecast_solar_generation,Solar,2026-07-27T04:17:26Z
2026-07-27T04:13:26Z,2026-07-27T06:13:26+0200,dabcd32d-9433-4dbd-a505-ea8cec1be0d4,2026-06-29T02:15:00Z,2026-06-29T04:15:00+0200,0.0,MW,DK1,DK_1,forecast_solar_generation,Solar,2026-07-27T04:17:26Z
2026-07-27T04:13:26Z,2026-07-27T06:13:26+0200,dabcd32d-9433-4dbd-a505-ea8cec1be0d4,2026-06-29T02:30:00Z,2026-06-29T04:30:00+0200,0.085,MW,DK1,DK_1,forecast_solar_generation,Solar,2026-07-27T04:17:26Z
2026-07-27T04:13:26Z,2026-07-27T06:13:26+0200,dabcd32d-9433-4dbd-a505-ea8cec1be0d4,2026-06-29T02:45:00Z,2026-06-29T04:45:00+0200,1.54,MW,DK1,DK_1,forecast_solar_generation,Solar,2026-07-27T04:17:26Z
2026-07-27T04:13:26Z,2026-07-27T06:13:26+0200,dabcd32d-9433-4dbd-a505-ea8cec1be0d4,2026-06-29T03:00:00Z,2026-06-29T05:00:00+0200,10.145,MW,DK1,DK_1,forecast_solar_generation,Solar,2026-07-27T04:17:26Z
2026-07-27T04:13:26Z,2026-07-27T06:13:26+0200,dabcd32d-9433-4dbd-a505-ea8cec1be0d4,2026-06-29T03:15:00Z,2026-06-29T05:15:00+0200,33.39,MW,DK1,DK_1,forecast_solar_generation,Solar,2026-07-27T04:17:26Z
2026-07-27T04:13:26Z,2026-07-27T06:13:26+0200,dabcd32d-9433-4dbd-a505-ea8cec1be0d4,2026-06-29T03:30:00Z,2026-06-29T05:30:00+0200,71.993333,MW,DK1,DK_1,forecast_solar_generation,Solar,2026-07-27T04:17:26Z
2026-07-27T04:13:26Z,2026-07-27T06:13:26+0200,dabcd32d-9433-4dbd-a505-ea8cec1be0d4,2026-06-29T03:45:00Z,2026-06-29T05:45:00+0200,120.611666,MW,DK1,DK_1,forecast_solar_generation,Solar,2026-07-27T04:17:26Z
2026-07-27T04:13:26Z,2026-07-27T06:13:26+0200,dabcd32d-9433-4dbd-a505-ea8cec1be0d4,2026-06-29T04:00:00Z,2026-06-29T06:00:00+0200,176.804999,MW,DK1,DK_1,forecast_solar_generation,Solar,2026-07-27T04:17:26Z
2026-07-27T04:13:26Z,2026-07-27T06:13:26+0200,dabcd32d-9433-4dbd-a505-ea8cec1be0d4,2026-06-29T04:15:00Z,2026-06-29T06:15:00+0200,240.971666,MW,DK1,DK_1,forecast_solar_generation,Solar,2026-07-27T04:17:26Z
2026-07-27T04:13:26Z,2026-07-27T06:13:26+0200,dabcd32d-9433-4dbd-a505-ea8cec1be0d4,2026-06-29T04:30:00Z,2026-06-29T06:30:00+0200,313.808333,MW,DK1,DK_1,forecast_solar_generation,Solar,2026-07-27T04:17:26Z
2026-07-27T04:13:26Z,2026-07-27T06:13:26+0200,dabcd32d-9433-4dbd-a505-ea8cec1be0d4,2026-06-29T04:45:00Z,2026-06-29T06:45:00+0200,391.748333,MW,DK1,DK_1,forecast_solar_generation,Solar,2026-07-27T04:17:26Z
2026-07-27T04:13:26Z,2026-07-27T06:13:26+0200,dabcd32d-9433-4dbd-a505-ea8cec1be0d4,2026-06-29T05:00:00Z,2026-06-29T07:00:00+0200,474.398333,MW,DK1,DK_1,forecast_solar_generation,Solar,2026-07-27T04:17:26Z
2026-07-27T04:13:26Z,2026-07-27T06:13:26+0200,dabcd32d-9433-4dbd-a505-ea8cec1be0d4,2026-06-29T05:15:00Z,2026-06-29T07:15:00+0200,561.288333,MW,DK1,DK_1,forecast_solar_generation,Solar,2026-07-27T04:17:26Z
2026-07-27T04:13:26Z,2026-07-27T06:13:26+0200,dabcd32d-9433-4dbd-a505-ea8cec1be0d4,2026-06-29T05:30:00Z,2026-06-29T07:30:00+0200,655.853333,MW,DK1,DK_1,forecast_solar_generation,Solar,2026-07-27T04:17:26Z
2026-07-27T04:13:26Z,2026-07-27T06:13:26+0200,dabcd32d-9433-4dbd-a505-ea8cec1be0d4,2026-06-29T05:45:00Z,2026-06-29T07:45:00+0200,759.733333,MW,DK1,DK_1,forecast_solar_generation,Solar,2026-07-27T04:17:26Z
2026-07-27T04:13:26Z,2026-07-27T06:13:26+0200,dabcd32d-9433-4dbd-a505-ea8cec1be0d4,2026-06-29T06:00:00Z,2026-06-29T08:00:00+0200,869.948333,MW,DK1,DK_1,forecast_solar_generation,Solar,2026-07-27T04:17:26Z
2026-07-27T04:13:26Z,2026-07-27T06:13:26+0200,dabcd32d-9433-4dbd-a505-ea8cec1be0d4,2026-06-29T06:15:00Z,2026-06-29T08:15:00+0200,981.285,MW,DK1,DK_1,forecast_solar_generation,Solar,2026-07-27T04:17:26Z
2026-07-27T04:13:26Z,2026-07-27T06:13:26+0200,dabcd32d-9433-4dbd-a505-ea8cec1be0d4,2026-06-29T06:30:00Z,2026-06-29T08:30:00+0200,1091.794999,MW,DK1,DK_1,forecast_solar_generation,Solar,2026-07-27T04:17:26Z
2026-07-27T04:13:26Z,2026-07-27T06:13:26+0200,dabcd32d-9433-4dbd-a505-ea8cec1be0d4,2026-06-29T06:45:00Z,2026-06-29T08:45:00+0200,1213.656666,MW,DK1,DK_1,forecast_solar_generation,Solar,2026-07-27T04:17:26Z
2026-07-27T04:13:26Z,2026-07-27T06:13:26+0200,dabcd32d-9433-4dbd-a505-ea8cec1be0d4,2026-06-29T07:00:00Z,2026-06-29T09:00:00+0200,1344.584999,MW,DK1,DK_1,forecast_solar_generation,Solar,2026-07-27T04:17:26Z
2026-07-27T04:13:26Z,2026-07-27T06:13:26+0200,dabcd32d-9433-4dbd-a505-ea8cec1be0d4,2026-06-29T07:15:00Z,2026-06-29T09:15:00+0200,1472.963333,MW,DK1,DK_1,forecast_solar_generation,Solar,2026-07-27T04:17:26Z
2026-07-27T04:13:26Z,2026-07-27T06:13:26+0200,dabcd32d-9433-4dbd-a505-ea8cec1be0d4,2026-06-29T07:30:00Z,2026-06-29T09:30:00+0200,1589.006666,MW,DK1,DK_1,forecast_solar_generation,Solar,2026-07-27T04:17:26Z
2026-07-27T04:13:26Z,2026-07-27T06:13:26+0200,dabcd32d-9433-4dbd-a505-ea8cec1be0d4,2026-06-29T07:45:00Z,2026-06-29T09:45:00+0200,1705.376666,MW,DK1,DK_1,forecast_solar_generation,Solar,2026-07-27T04:17:26Z
2026-07-27T04:13:26Z,2026-07-27T06:13:26+0200,dabcd32d-9433-4dbd-a505-ea8cec1be0d4,2026-06-29T08:00:00Z,2026-06-29T10:00:00+0200,1821.023333,MW,DK1,DK_1,forecast_solar_generation,Solar,2026-07-27T04:17:26Z
2026-07-27T04:13:26Z,2026-07-27T06:13:26+0200,dabcd32d-9433-4dbd-a505-ea8cec1be0d4,2026-06-29T08:15:00Z,2026-06-29T10:15:00+0200,1924.458333,MW,DK1,DK_1,forecast_solar_generation,Solar,2026-07-27T04:17:26Z
2026-07-27T04:13:26Z,2026-07-27T06:13:26+0200,dabcd32d-9433-4dbd-a505-ea8cec1be0d4,2026-06-29T08:30:00Z,2026-06-29T10:30:00+0200,2011.336666,MW,DK1,DK_1,forecast_solar_generation,Solar,2026-07-27T04:17:26Z
2026-07-27T04:13:26Z,2026-07-27T06:13:26+0200,dabcd32d-9433-4dbd-a505-ea8cec1be0d4,2026-06-29T08:45:00Z,2026-06-29T10:45:00+0200,2094.39,MW,DK1,DK_1,forecast_solar_generation,Solar,2026-07-27T04:17:26Z
2026-07-27T04:13:26Z,2026-07-27T06:13:26+0200,dabcd32d-9433-4dbd-a505-ea8cec1be0d4,2026-06-29T09:00:00Z,2026-06-29T11:00:00+0200,2169.708333,MW,DK1,DK_1,forecast_solar_generation,Solar,2026-07-27T04:17:26Z
2026-07-27T04:13:26Z,2026-07-27T06:13:26+0200,dabcd32d-9433-4dbd-a505-ea8cec1be0d4,2026-06-29T09:15:00Z,2026-06-29T11:15:00+0200,2230.763333,MW,DK1,DK_1,forecast_solar_generation,Solar,2026-07-27T04:17:26Z
2026-07-27T04:13:26Z,2026-07-27T06:13:26+0200,dabcd32d-9433-4dbd-a505-ea8cec1be0d4,2026-06-29T09:30:00Z,2026-06-29T11:30:00+0200,2278.708333,MW,DK1,DK_1,forecast_solar_generation,Solar,2026-07-27T04:17:26Z
2026-07-27T04:13:26Z,2026-07-27T06:13:26+0200,dabcd32d-9433-4dbd-a505-ea8cec1be0d4,2026-06-29T09:45:00Z,2026-06-29T11:45:00+0200,2318.681666,MW,DK1,DK_1,forecast_solar_generation,Solar,2026-07-27T04:17:26Z
2026-07-27T04:13:26Z,2026-07-27T06:13:26+0200,dabcd32d-9433-4dbd-a505-ea8cec1be0d4,2026-06-29T10:00:00Z,2026-06-29T12:00:00+0200,2352.236666,MW,DK1,DK_1,forecast_solar_generation,Solar,2026-07-27T04:17:26Z
2026-07-27T04:13:26Z,2026-07-27T06:13:26+0200,dabcd32d-9433-4dbd-a505-ea8cec1be0d4,2026-06-29T10:15:00Z,2026-06-29T12:15:00+0200,2378.835,MW,DK1,DK_1,forecast_solar_generation,Solar,2026-07-27T04:17:26Z
2026-07-27T04:13:26Z,2026-07-27T06:13:26+0200,dabcd32d-9433-4dbd-a505-ea8cec1be0d4,2026-06-29T10:30:00Z,2026-06-29T12:30:00+0200,2399.723333,MW,DK1,DK_1,forecast_solar_generation,Solar,2026-07-27T04:17:26Z
2026-07-27T04:13:26Z,2026-07-27T06:13:26+0200,dabcd32d-9433-4dbd-a505-ea8cec1be0d4,2026-06-29T10:45:00Z,2026-06-29T12:45:00+0200,2418.091666,MW,DK1,DK_1,forecast_solar_generation,Solar,2026-07-27T04:17:26Z
2026-07-27T04:13:26Z,2026-07-27T06:13:26+0200,dabcd32d-9433-4dbd-a505-ea8cec1be0d4,2026-06-29T11:00:00Z,2026-06-29T13:00:00+0200,2431.291666,MW,DK1,DK_1,forecast_solar_generation,Solar,2026-07-27T04:17:26Z
2026-07-27T04:13:26Z,2026-07-27T06:13:26+0200,dabcd32d-9433-4dbd-a505-ea8cec1be0d4,2026-06-29T11:15:00Z,2026-06-29T13:15:00+0200,2438.395,MW,DK1,DK_1,forecast_solar_generation,Solar,2026-07-27T04:17:26Z
2026-07-27T04:13:26Z,2026-07-27T06:13:26+0200,dabcd32d-9433-4dbd-a505-ea8cec1be0d4,2026-06-29T11:30:00Z,2026-06-29T13:30:00+0200,2439.111666,MW,DK1,DK_1,forecast_solar_generation,Solar,2026-07-27T04:17:26Z
2026-07-27T04:13:26Z,2026-07-27T06:13:26+0200,dabcd32d-9433-4dbd-a505-ea8cec1be0d4,2026-06-29T11:45:00Z,2026-06-29T13:45:00+0200,2434.404999,MW,DK1,DK_1,forecast_solar_generation,Solar,2026-07-27T04:17:26Z
2026-07-27T04:13:26Z,2026-07-27T06:13:26+0200,dabcd32d-9433-4dbd-a505-ea8cec1be0d4,2026-06-29T12:00:00Z,2026-06-29T14:00:00+0200,2424.14,MW,DK1,DK_1,forecast_solar_generation,Solar,2026-07-27T04:17:26Z
2026-07-27T04:13:26Z,2026-07-27T06:13:26+0200,dabcd32d-9433-4dbd-a505-ea8cec1be0d4,2026-06-29T12:15:00Z,2026-06-29T14:15:00+0200,2409.368333,MW,DK1,DK_1,forecast_solar_generation,Solar,2026-07-27T04:17:26Z
2026-07-27T04:13:26Z,2026-07-27T06:13:26+0200,dabcd32d-9433-4dbd-a505-ea8cec1be0d4,2026-06-29T12:30:00Z,2026-06-29T14:30:00+0200,2389.988333,MW,DK1,DK_1,forecast_solar_generation,Solar,2026-07-27T04:17:26Z
2026-07-27T04:13:26Z,2026-07-27T06:13:26+0200,dabcd32d-9433-4dbd-a505-ea8cec1be0d4,2026-06-29T12:45:00Z,2026-06-29T14:45:00+0200,2360.098333,MW,DK1,DK_1,forecast_solar_generation,Solar,2026-07-27T04:17:26Z
2026-07-27T04:13:26Z,2026-07-27T06:13:26+0200,dabcd32d-9433-4dbd-a505-ea8cec1be0d4,2026-06-29T13:00:00Z,2026-06-29T15:00:00+0200,2318.686666,MW,DK1,DK_1,forecast_solar_generation,Solar,2026-07-27T04:17:26Z
2026-07-27T04:13:26Z,2026-07-27T06:13:26+0200,dabcd32d-9433-4dbd-a505-ea8cec1be0d4,2026-06-29T13:15:00Z,2026-06-29T15:15:00+0200,2274.531666,MW,DK1,DK_1,forecast_solar_generation,Solar,2026-07-27T04:17:26Z
2026-07-27T04:13:26Z,2026-07-27T06:13:26+0200,dabcd32d-9433-4dbd-a505-ea8cec1be0d4,2026-06-29T13:30:00Z,2026-06-29T15:30:00+0200,2236.955,MW,DK1,DK_1,forecast_solar_generation,Solar,2026-07-27T04:17:26Z
2026-07-27T04:13:26Z,2026-07-27T06:13:26+0200,dabcd32d-9433-4dbd-a505-ea8cec1be0d4,2026-06-29T13:45:00Z,2026-06-29T15:45:00+0200,2198.163333,MW,DK1,DK_1,forecast_solar_generation,Solar,2026-07-27T04:17:26Z
2026-07-27T04:13:26Z,2026-07-27T06:13:26+0200,dabcd32d-9433-4dbd-a505-ea8cec1be0d4,2026-06-29T14:00:00Z,2026-06-29T16:00:00+0200,2149.538333,MW,DK1,DK_1,forecast_solar_generation,Solar,2026-07-27T04:17:26Z
2026-07-27T04:13:26Z,2026-07-27T06:13:26+0200,dabcd32d-9433-4dbd-a505-ea8cec1be0d4,2026-06-29T14:15:00Z,2026-06-29T16:15:00+0200,2091.356666,MW,DK1,DK_1,forecast_solar_generation,Solar,2026-07-27T04:17:26Z
2026-07-27T04:13:26Z,2026-07-27T06:13:26+0200,dabcd32d-9433-4dbd-a505-ea8cec1be0d4,2026-06-29T14:30:00Z,2026-06-29T16:30:00+0200,2021.146666,MW,DK1,DK_1,forecast_solar_generation,Solar,2026-07-27T04:17:26Z
2026-07-27T04:13:26Z,2026-07-27T06:13:26+0200,dabcd32d-9433-4dbd-a505-ea8cec1be0d4,2026-06-29T14:45:00Z,2026-06-29T16:45:00+0200,1936.879999,MW,DK1,DK_1,forecast_solar_generation,Solar,2026-07-27T04:17:26Z
2026-07-27T04:13:26Z,2026-07-27T06:13:26+0200,dabcd32d-9433-4dbd-a505-ea8cec1be0d4,2026-06-29T15:00:00Z,2026-06-29T17:00:00+0200,1840.915,MW,DK1,DK_1,forecast_solar_generation,Solar,2026-07-27T04:17:26Z
2026-07-27T04:13:26Z,2026-07-27T06:13:26+0200,dabcd32d-9433-4dbd-a505-ea8cec1be0d4,2026-06-29T15:15:00Z,2026-06-29T17:15:00+0200,1734.729999,MW,DK1,DK_1,forecast_solar_generation,Solar,2026-07-27T04:17:26Z
2026-07-27T04:13:26Z,2026-07-27T06:13:26+0200,dabcd32d-9433-4dbd-a505-ea8cec1be0d4,2026-06-29T15:30:00Z,2026-06-29T17:30:00+0200,1620.486666,MW,DK1,DK_1,forecast_solar_generation,Solar,2026-07-27T04:17:26Z
2026-07-27T04:13:26Z,2026-07-27T06:13:26+0200,dabcd32d-9433-4dbd-a505-ea8cec1be0d4,2026-06-29T15:45:00Z,2026-06-29T17:45:00+0200,1504.071666,MW,DK1,DK_1,forecast_solar_generation,Solar,2026-07-27T04:17:26Z
2026-07-27T04:13:26Z,2026-07-27T06:13:26+0200,dabcd32d-9433-4dbd-a505-ea8cec1be0d4,2026-06-29T16:00:00Z,2026-06-29T18:00:00+0200,1398.663333,MW,DK1,DK_1,forecast_solar_generation,Solar,2026-07-27T04:17:26Z
2026-07-27T04:13:26Z,2026-07-27T06:13:26+0200,dabcd32d-9433-4dbd-a505-ea8cec1be0d4,2026-06-29T16:15:00Z,2026-06-29T18:15:00+0200,1274.378333,MW,DK1,DK_1,forecast_solar_generation,Solar,2026-07-27T04:17:26Z
2026-07-27T04:13:26Z,2026-07-27T06:13:26+0200,dabcd32d-9433-4dbd-a505-ea8cec1be0d4,2026-06-29T16:30:00Z,2026-06-29T18:30:00+0200,1145.683333,MW,DK1,DK_1,forecast_solar_generation,Solar,2026-07-27T04:17:26Z
2026-07-27T04:13:26Z,2026-07-27T06:13:26+0200,dabcd32d-9433-4dbd-a505-ea8cec1be0d4,2026-06-29T16:45:00Z,2026-06-29T18:45:00+0200,1016.884999,MW,DK1,DK_1,forecast_solar_generation,Solar,2026-07-27T04:17:26Z
2026-07-27T04:13:26Z,2026-07-27T06:13:26+0200,dabcd32d-9433-4dbd-a505-ea8cec1be0d4,2026-06-29T17:00:00Z,2026-06-29T19:00:00+0200,889.005,MW,DK1,DK_1,forecast_solar_generation,Solar,2026-07-27T04:17:26Z
2026-07-27T04:13:26Z,2026-07-27T06:13:26+0200,dabcd32d-9433-4dbd-a505-ea8cec1be0d4,2026-06-29T17:15:00Z,2026-06-29T19:15:00+0200,762.923333,MW,DK1,DK_1,forecast_solar_generation,Solar,2026-07-27T04:17:26Z
2026-07-27T04:13:26Z,2026-07-27T06:13:26+0200,dabcd32d-9433-4dbd-a505-ea8cec1be0d4,2026-06-29T17:30:00Z,2026-06-29T19:30:00+0200,640.605,MW,DK1,DK_1,forecast_solar_generation,Solar,2026-07-27T04:17:26Z
2026-07-27T04:13:26Z,2026-07-27T06:13:26+0200,dabcd32d-9433-4dbd-a505-ea8cec1be0d4,2026-06-29T17:45:00Z,2026-06-29T19:45:00+0200,525.035,MW,DK1,DK_1,forecast_solar_generation,Solar,2026-07-27T04:17:26Z
2026-07-27T04:13:26Z,2026-07-27T06:13:26+0200,dabcd32d-9433-4dbd-a505-ea8cec1be0d4,2026-06-29T18:00:00Z,2026-06-29T20:00:00+0200,419.426666,MW,DK1,DK_1,forecast_solar_generation,Solar,2026-07-27T04:17:26Z
2026-07-27T04:13:26Z,2026-07-27T06:13:26+0200,dabcd32d-9433-4dbd-a505-ea8cec1be0d4,2026-06-29T18:15:00Z,2026-06-29T20:15:00+0200,322.941666,MW,DK1,DK_1,forecast_solar_generation,Solar,2026-07-27T04:17:26Z
2026-07-27T04:13:26Z,2026-07-27T06:13:26+0200,dabcd32d-9433-4dbd-a505-ea8cec1be0d4,2026-06-29T18:30:00Z,2026-06-29T20:30:00+0200,236.518333,MW,DK1,DK_1,forecast_solar_generation,Solar,2026-07-27T04:17:26Z
2026-07-27T04:13:26Z,2026-07-27T06:13:26+0200,dabcd32d-9433-4dbd-a505-ea8cec1be0d4,2026-06-29T18:45:00Z,2026-06-29T20:45:00+0200,162.216666,MW,DK1,DK_1,forecast_solar_generation,Solar,2026-07-27T04:17:26Z
2026-07-27T04:13:26Z,2026-07-27T06:13:26+0200,dabcd32d-9433-4dbd-a505-ea8cec1be0d4,2026-06-29T19:00:00Z,2026-06-29T21:00:00+0200,100.096666,MW,DK1,DK_1,forecast_solar_generation,Solar,2026-07-27T04:17:26Z
2026-07-27T04:13:26Z,2026-07-27T06:13:26+0200,dabcd32d-9433-4dbd-a505-ea8cec1be0d4,2026-06-29T19:15:00Z,2026-06-29T21:15:00+0200,50.915,MW,DK1,DK_1,forecast_solar_generation,Solar,2026-07-27T04:17:26Z
2026-07-27T04:13:26Z,2026-07-27T06:13:26+0200,dabcd32d-9433-4dbd-a505-ea8cec1be0d4,2026-06-29T19:30:00Z,2026-06-29T21:30:00+0200,17.708333,MW,DK1,DK_1,forecast_solar_generation,Solar,2026-07-27T04:17:26Z
2026-07-27T04:13:26Z,2026-07-27T06:13:26+0200,dabcd32d-9433-4dbd-a505-ea8cec1be0d4,2026-06-29T19:45:00Z,2026-06-29T21:45:00+0200,3.38,MW,DK1,DK_1,forecast_solar_generation,Solar,2026-07-27T04:17:26Z
2026-07-27T04:13:26Z,2026-07-27T06:13:26+0200,dabcd32d-9433-4dbd-a505-ea8cec1be0d4,2026-06-29T20:00:00Z,2026-06-29T22:00:00+0200,0.26,MW,DK1,DK_1,forecast_solar_generation,Solar,2026-07-27T04:17:26Z
2026-07-27T04:13:26Z,2026-07-27T06:13:26+0200,dabcd32d-9433-4dbd-a505-ea8cec1be0d4,2026-06-29T20:15:00Z,2026-06-29T22:15:00+0200,0.003333,MW,DK1,DK_1,forecast_solar_generation,Solar,2026-07-27T04:17:26Z
2026-07-27T04:13:26Z,2026-07-27T06:13:26+0200,dabcd32d-9433-4dbd-a505-ea8cec1be0d4,2026-06-29T20:30:00Z,2026-06-29T22:30:00+0200,0.0,MW,DK1,DK_1,forecast_solar_generation,Solar,2026-07-27T04:17:26Z
2026-07-27T04:13:26Z,2026-07-27T06:13:26+0200,dabcd32d-9433-4dbd-a505-ea8cec1be0d4,2026-06-29T20:45:00Z,2026-06-29T22:45:00+0200,0.0,MW,DK1,DK_1,forecast_solar_generation,Solar,2026-07-27T04:17:26Z
2026-07-27T04:13:26Z,2026-07-27T06:13:26+0200,dabcd32d-9433-4dbd-a505-ea8cec1be0d4,2026-06-29T21:00:00Z,2026-06-29T23:00:00+0200,0.0,MW,DK1,DK_1,forecast_solar_generation,Solar,2026-07-27T04:17:26Z
2026-07-27T04:13:26Z,2026-07-27T06:13:26+0200,dabcd32d-9433-4dbd-a505-ea8cec1be0d4,2026-06-29T21:15:00Z,2026-06-29T23:15:00+0200,0.0,MW,DK1,DK_1,forecast_solar_generation,Solar,2026-07-27T04:17:26Z
2026-07-27T04:13:26Z,2026-07-27T06:13:26+0200,dabcd32d-9433-4dbd-a505-ea8cec1be0d4,2026-06-29T21:30:00Z,2026-06-29T23:30:00+0200,0.0,MW,DK1,DK_1,forecast_solar_generation,Solar,2026-07-27T04:17:26Z
2026-07-27T04:13:26Z,2026-07-27T06:13:26+0200,dabcd32d-9433-4dbd-a505-ea8cec1be0d4,2026-06-29T21:45:00Z,2026-06-29T23:45:00+0200,0.0,MW,DK1,DK_1,forecast_solar_generation,Solar,2026-07-27T04:17:26Z
2026-07-27T04:13:26Z,2026-07-27T06:13:26+0200,dabcd32d-9433-4dbd-a505-ea8cec1be0d4,2026-06-29T22:00:00Z,2026-06-30T00:00:00+0200,0.0,MW,DK1,DK_1,forecast_solar_generation,Solar,2026-07-27T04:17:26Z
2026-07-27T04:13:26Z,2026-07-27T06:13:26+0200,dabcd32d-9433-4dbd-a505-ea8cec1be0d4,2026-06-29T22:15:00Z,2026-06-30T00:15:00+0200,0.0,MW,DK1,DK_1,forecast_solar_generation,Solar,2026-07-27T04:17:26Z
2026-07-27T04:13:26Z,2026-07-27T06:13:26+0200,dabcd32d-9433-4dbd-a505-ea8cec1be0d4,2026-06-29T22:30:00Z,2026-06-30T00:30:00+0200,0.0,MW,DK1,DK_1,forecast_solar_generation,Solar,2026-07-27T04:17:26Z
2026-07-27T04:13:26Z,2026-07-27T06:13:26+0200,dabcd32d-9433-4dbd-a505-ea8cec1be0d4,2026-06-29T22:45:00Z,2026-06-30T00:45:00+0200,0.0,MW,DK1,DK_1,forecast_solar_generation,Solar,2026-07-27T04:17:26Z
2026-07-27T04:13:26Z,2026-07-27T06:13:26+0200,dabcd32d-9433-4dbd-a505-ea8cec1be0d4,2026-06-29T23:00:00Z,2026-06-30T01:00:00+0200,0.0,MW,DK1,DK_1,forecast_solar_generation,Solar,2026-07-27T04:17:26Z
2026-07-27T04:13:26Z,2026-07-27T06:13:26+0200,dabcd32d-9433-4dbd-a505-ea8cec1be0d4,2026-06-29T23:15:00Z,2026-06-30T01:15:00+0200,0.0,MW,DK1,DK_1,forecast_solar_generation,Solar,2026-07-27T04:17:26Z
2026-07-27T04:13:26Z,2026-07-27T06:13:26+0200,dabcd32d-9433-4dbd-a505-ea8cec1be0d4,2026-06-29T23:30:00Z,2026-06-30T01:30:00+0200,0.0,MW,DK1,DK_1,forecast_solar_generation,Solar,2026-07-27T04:17:26Z
2026-07-27T04:13:26Z,2026-07-27T06:13:26+0200,dabcd32d-9433-4dbd-a505-ea8cec1be0d4,2026-06-29T23:45:00Z,2026-06-30T01:45:00+0200,0.0,MW,DK1,DK_1,forecast_solar_generation,Solar,2026-07-27T04:17:26Z
2026-07-27T04:13:26Z,2026-07-27T06:13:26+0200,dabcd32d-9433-4dbd-a505-ea8cec1be0d4,2026-06-30T00:00:00Z,2026-06-30T02:00:00+0200,0.0,MW,DK1,DK_1,forecast_solar_generation,Solar,2026-07-27T04:17:26Z
2026-07-27T04:13:26Z,2026-07-27T06:13:26+0200,dabcd32d-9433-4dbd-a505-ea8cec1be0d4,2026-06-30T00:15:00Z,2026-06-30T02:15:00+0200,0.0,MW,DK1,DK_1,forecast_solar_generation,Solar,2026-07-27T04:17:26Z
2026-07-27T04:13:26Z,2026-07-27T06:13:26+0200,dabcd32d-9433-4dbd-a505-ea8cec1be0d4,2026-06-30T00:30:00Z,2026-06-30T02:30:00+0200,0.0,MW,DK1,DK_1,forecast_solar_generation,Solar,2026-07-27T04:17:26Z
2026-07-27T04:13:26Z,2026-07-27T06:13:26+0200,dabcd32d-9433-4dbd-a505-ea8cec1be0d4,2026-06-30T00:45:00Z,2026-06-30T02:45:00+0200,0.0,MW,DK1,DK_1,forecast_solar_generation,Solar,2026-07-27T04:17:26Z
2026-07-27T04:13:26Z,2026-07-27T06:13:26+0200,dabcd32d-9433-4dbd-a505-ea8cec1be0d4,2026-06-30T01:00:00Z,2026-06-30T03:00:00+0200,0.0,MW,DK1,DK_1,forecast_solar_generation,Solar,2026-07-27T04:17:26Z
2026-07-27T04:13:26Z,2026-07-27T06:13:26+0200,dabcd32d-9433-4dbd-a505-ea8cec1be0d4,2026-06-30T01:15:00Z,2026-06-30T03:15:00+0200,0.0,MW,DK1,DK_1,forecast_solar_generation,Solar,2026-07-27T04:17:26Z
2026-07-27T04:13:26Z,2026-07-27T06:13:26+0200,dabcd32d-9433-4dbd-a505-ea8cec1be0d4,2026-06-30T01:30:00Z,2026-06-30T03:30:00+0200,0.0,MW,DK1,DK_1,forecast_solar_generation,Solar,2026-07-27T04:17:26Z
2026-07-27T04:13:26Z,2026-07-27T06:13:26+0200,dabcd32d-9433-4dbd-a505-ea8cec1be0d4,2026-06-30T01:45:00Z,2026-06-30T03:45:00+0200,0.0,MW,DK1,DK_1,forecast_solar_generation,Solar,2026-07-27T04:17:26Z
2026-07-27T04:13:26Z,2026-07-27T06:13:26+0200,dabcd32d-9433-4dbd-a505-ea8cec1be0d4,2026-06-30T02:00:00Z,2026-06-30T04:00:00+0200,0.0,MW,DK1,DK_1,forecast_solar_generation,Solar,2026-07-27T04:17:26Z
2026-07-27T04:13:26Z,2026-07-27T06:13:26+0200,dabcd32d-9433-4dbd-a505-ea8cec1be0d4,2026-06-30T02:15:00Z,2026-06-30T04:15:00+0200,0.0,MW,DK1,DK_1,forecast_solar_generation,Solar,2026-07-27T04:17:26Z
2026-07-27T04:13:26Z,2026-07-27T06:13:26+0200,dabcd32d-9433-4dbd-a505-ea8cec1be0d4,2026-06-30T02:30:00Z,2026-06-30T04:30:00+0200,0.068333,MW,DK1,DK_1,forecast_solar_generation,Solar,2026-07-27T04:17:26Z
2026-07-27T04:13:26Z,2026-07-27T06:13:26+0200,dabcd32d-9433-4dbd-a505-ea8cec1be0d4,2026-06-30T02:45:00Z,2026-06-30T04:45:00+0200,1.278333,MW,DK1,DK_1,forecast_solar_generation,Solar,2026-07-27T04:17:26Z
2026-07-27T04:13:26Z,2026-07-27T06:13:26+0200,dabcd32d-9433-4dbd-a505-ea8cec1be0d4,2026-06-30T03:00:00Z,2026-06-30T05:00:00+0200,8.911666,MW,DK1,DK_1,forecast_solar_generation,Solar,2026-07-27T04:17:26Z
2026-07-27T04:13:26Z,2026-07-27T06:13:26+0200,dabcd32d-9433-4dbd-a505-ea8cec1be0d4,2026-06-30T03:15:00Z,2026-06-30T05:15:00+0200,30.61,MW,DK1,DK_1,forecast_solar_generation,Solar,2026-07-27T04:17:26Z
2026-07-27T04:13:26Z,2026-07-27T06:13:26+0200,dabcd32d-9433-4dbd-a505-ea8cec1be0d4,2026-06-30T03:30:00Z,2026-06-30T05:30:00+0200,67.7,MW,DK1,DK_1,forecast_solar_generation,Solar,2026-07-27T04:17:26Z
2026-07-27T04:13:26Z,2026-07-27T06:13:26+0200,dabcd32d-9433-4dbd-a505-ea8cec1be0d4,2026-06-30T03:45:00Z,2026-06-30T05:45:00+0200,113.925,MW,DK1,DK_1,forecast_solar_generation,Solar,2026-07-27T04:17:26Z
2026-07-27T04:13:26Z,2026-07-27T06:13:26+0200,dabcd32d-9433-4dbd-a505-ea8cec1be0d4,2026-06-30T04:00:00Z,2026-06-30T06:00:00+0200,165.966666,MW,DK1,DK_1,forecast_solar_generation,Solar,2026-07-27T04:17:26Z
2026-07-27T04:13:26Z,2026-07-27T06:13:26+0200,dabcd32d-9433-4dbd-a505-ea8cec1be0d4,2026-06-30T04:15:00Z,2026-06-30T06:15:00+0200,225.206666,MW,DK1,DK_1,forecast_solar_generation,Solar,2026-07-27T04:17:26Z
2026-07-27T04:13:26Z,2026-07-27T06:13:26+0200,dabcd32d-9433-4dbd-a505-ea8cec1be0d4,2026-06-30T04:30:00Z,2026-06-30T06:30:00+0200,295.205,MW,DK1,DK_1,forecast_solar_generation,Solar,2026-07-27T04:17:26Z
2026-07-27T04:13:26Z,2026-07-27T06:13:26+0200,dabcd32d-9433-4dbd-a505-ea8cec1be0d4,2026-06-30T04:45:00Z,2026-06-30T06:45:00+0200,373.133333,MW,DK1,DK_1,forecast_solar_generation,Solar,2026-07-27T04:17:26Z
2026-07-27T04:13:26Z,2026-07-27T06:13:26+0200,dabcd32d-9433-4dbd-a505-ea8cec1be0d4,2026-06-30T05:00:00Z,2026-06-30T07:00:00+0200,458.055,MW,DK1,DK_1,forecast_solar_generation,Solar,2026-07-27T04:17:26Z
2026-07-27T04:13:26Z,2026-07-27T06:13:26+0200,dabcd32d-9433-4dbd-a505-ea8cec1be0d4,2026-06-30T05:15:00Z,2026-06-30T07:15:00+0200,548.886666,MW,DK1,DK_1,forecast_solar_generation,Solar,2026-07-27T04:17:26Z
2026-07-27T04:13:26Z,2026-07-27T06:13:26+0200,dabcd32d-9433-4dbd-a505-ea8cec1be0d4,2026-06-30T05:30:00Z,2026-06-30T07:30:00+0200,647.216666,MW,DK1,DK_1,forecast_solar_generation,Solar,2026-07-27T04:17:26Z
2026-07-27T04:13:26Z,2026-07-27T06:13:26+0200,dabcd32d-9433-4dbd-a505-ea8cec1be0d4,2026-06-30T05:45:00Z,2026-06-30T07:45:00+0200,752.886666,MW,DK1,DK_1,forecast_solar_generation,Solar,2026-07-27T04:17:26Z
2026-07-27T04:13:26Z,2026-07-27T06:13:26+0200,dabcd32d-9433-4dbd-a505-ea8cec1be0d4,2026-06-30T06:00:00Z,2026-06-30T08:00:00+0200,863.275,MW,DK1,DK_1,forecast_solar_generation,Solar,2026-07-27T04:17:26Z
2026-07-27T04:13:26Z,2026-07-27T06:13:26+0200,dabcd32d-9433-4dbd-a505-ea8cec1be0d4,2026-06-30T06:15:00Z,2026-06-30T08:15:00+0200,974.361666,MW,DK1,DK_1,forecast_solar_generation,Solar,2026-07-27T04:17:26Z
2026-07-27T04:13:26Z,2026-07-27T06:13:26+0200,dabcd32d-9433-4dbd-a505-ea8cec1be0d4,2026-06-30T06:30:00Z,2026-06-30T08:30:00+0200,1083.536666,MW,DK1,DK_1,forecast_solar_generation,Solar,2026-07-27T04:17:26Z
2026-07-27T04:13:26Z,2026-07-27T06:13:26+0200,dabcd32d-9433-4dbd-a505-ea8cec1be0d4,2026-06-30T06:45:00Z,2026-06-30T08:45:00+0200,1195.87,MW,DK1,DK_1,forecast_solar_generation,Solar,2026-07-27T04:17:26Z
2026-07-27T04:13:26Z,2026-07-27T06:13:26+0200,dabcd32d-9433-4dbd-a505-ea8cec1be0d4,2026-06-30T07:00:00Z,2026-06-30T09:00:00+0200,1309.5,MW,DK1,DK_1,forecast_solar_generation,Solar,2026-07-27T04:17:26Z
2026-07-27T04:13:26Z,2026-07-27T06:13:26+0200,dabcd32d-9433-4dbd-a505-ea8cec1be0d4,2026-06-30T07:15:00Z,2026-06-30T09:15:00+0200,1417.443333,MW,DK1,DK_1,forecast_solar_generation,Solar,2026-07-27T04:17:26Z
2026-07-27T04:13:26Z,2026-07-27T06:13:26+0200,dabcd32d-9433-4dbd-a505-ea8cec1be0d4,2026-06-30T07:30:00Z,2026-06-30T09:30:00+0200,1511.281666,MW,DK1,DK_1,forecast_solar_generation,Solar,2026-07-27T04:17:26Z
2026-07-27T04:13:26Z,2026-07-27T06:13:26+0200,dabcd32d-9433-4dbd-a505-ea8cec1be0d4,2026-06-30T07:45:00Z,2026-06-30T09:45:00+0200,1591.741666,MW,DK1,DK_1,forecast_solar_generation,Solar,2026-07-27T04:17:26Z
2026-07-27T04:13:26Z,2026-07-27T06:13:26+0200,dabcd32d-9433-4dbd-a505-ea8cec1be0d4,2026-06-30T08:00:00Z,2026-06-30T10:00:00+0200,1658.411666,MW,DK1,DK_1,forecast_solar_generation,Solar,2026-07-27T04:17:26Z
2026-07-27T04:13:26Z,2026-07-27T06:13:26+0200,dabcd32d-9433-4dbd-a505-ea8cec1be0d4,2026-06-30T08:15:00Z,2026-06-30T10:15:00+0200,1710.098333,MW,DK1,DK_1,forecast_solar_generation,Solar,2026-07-27T04:17:26Z
2026-07-27T04:13:26Z,2026-07-27T06:13:26+0200,dabcd32d-9433-4dbd-a505-ea8cec1be0d4,2026-06-30T08:30:00Z,2026-06-30T10:30:00+0200,1741.861666,MW,DK1,DK_1,forecast_solar_generation,Solar,2026-07-27T04:17:26Z
2026-07-27T04:13:26Z,2026-07-27T06:13:26+0200,dabcd32d-9433-4dbd-a505-ea8cec1be0d4,2026-06-30T08:45:00Z,2026-06-30T10:45:00+0200,1743.765,MW,DK1,DK_1,forecast_solar_generation,Solar,2026-07-27T04:17:26Z
2026-07-27T04:13:26Z,2026-07-27T06:13:26+0200,dabcd32d-9433-4dbd-a505-ea8cec1be0d4,2026-06-30T09:00:00Z,2026-06-30T11:00:00+0200,1724.646666,MW,DK1,DK_1,forecast_solar_generation,Solar,2026-07-27T04:17:26Z
2026-07-27T04:13:26Z,2026-07-27T06:13:26+0200,dabcd32d-9433-4dbd-a505-ea8cec1be0d4,2026-06-30T09:15:00Z,2026-06-30T11:15:00+0200,1700.73,MW,DK1,DK_1,forecast_solar_generation,Solar,2026-07-27T04:17:26Z
2026-07-27T04:13:26Z,2026-07-27T06:13:26+0200,dabcd32d-9433-4dbd-a505-ea8cec1be0d4,2026-06-30T09:30:00Z,2026-06-30T11:30:00+0200,1682.598333,MW,DK1,DK_1,forecast_solar_generation,Solar,2026-07-27T04:17:26Z
2026-07-27T04:13:26Z,2026-07-27T06:13:26+0200,dabcd32d-9433-4dbd-a505-ea8cec1be0d4,2026-06-30T09:45:00Z,2026-06-30T11:45:00+0200,1656.05,MW,DK1,DK_1,forecast_solar_generation,Solar,2026-07-27T04:17:26Z
2026-07-27T04:13:26Z,2026-07-27T06:13:26+0200,dabcd32d-9433-4dbd-a505-ea8cec1be0d4,2026-06-30T10:00:00Z,2026-06-30T12:00:00+0200,1624.071666,MW,DK1,DK_1,forecast_solar_generation,Solar,2026-07-27T04:17:26Z
2026-07-27T04:13:26Z,2026-07-27T06:13:26+0200,dabcd32d-9433-4dbd-a505-ea8cec1be0d4,2026-06-30T10:15:00Z,2026-06-30T12:15:00+0200,1598.213333,MW,DK1,DK_1,forecast_solar_generation,Solar,2026-07-27T04:17:26Z
2026-07-27T04:13:26Z,2026-07-27T06:13:26+0200,dabcd32d-9433-4dbd-a505-ea8cec1be0d4,2026-06-30T10:30:00Z,2026-06-30T12:30:00+0200,1583.636666,MW,DK1,DK_1,forecast_solar_generation,Solar,2026-07-27T04:17:26Z
2026-07-27T04:13:26Z,2026-07-27T06:13:26+0200,dabcd32d-9433-4dbd-a505-ea8cec1be0d4,2026-06-30T10:45:00Z,2026-06-30T12:45:00+0200,1570.166666,MW,DK1,DK_1,forecast_solar_generation,Solar,2026-07-27T04:17:26Z
2026-07-27T04:13:26Z,2026-07-27T06:13:26+0200,dabcd32d-9433-4dbd-a505-ea8cec1be0d4,2026-06-30T11:00:00Z,2026-06-30T13:00:00+0200,1553.896666,MW,DK1,DK_1,forecast_solar_generation,Solar,2026-07-27T04:17:26Z
2026-07-27T04:13:26Z,2026-07-27T06:13:26+0200,dabcd32d-9433-4dbd-a505-ea8cec1be0d4,2026-06-30T11:15:00Z,2026-06-30T13:15:00+0200,1537.863333,MW,DK1,DK_1,forecast_solar_generation,Solar,2026-07-27T04:17:26Z
2026-07-27T04:13:26Z,2026-07-27T06:13:26+0200,dabcd32d-9433-4dbd-a505-ea8cec1be0d4,2026-06-30T11:30:00Z,2026-06-30T13:30:00+0200,1524.471666,MW,DK1,DK_1,forecast_solar_generation,Solar,2026-07-27T04:17:26Z
2026-07-27T04:13:26Z,2026-07-27T06:13:26+0200,dabcd32d-9433-4dbd-a505-ea8cec1be0d4,2026-06-30T11:45:00Z,2026-06-30T13:45:00+0200,1513.855,MW,DK1,DK_1,forecast_solar_generation,Solar,2026-07-27T04:17:26Z
2026-07-27T04:13:26Z,2026-07-27T06:13:26+0200,dabcd32d-9433-4dbd-a505-ea8cec1be0d4,2026-06-30T12:00:00Z,2026-06-30T14:00:00+0200,1504.793333,MW,DK1,DK_1,forecast_solar_generation,Solar,2026-07-27T04:17:26Z
2026-07-27T04:13:26Z,2026-07-27T06:13:26+0200,dabcd32d-9433-4dbd-a505-ea8cec1be0d4,2026-06-30T12:15:00Z,2026-06-30T14:15:00+0200,1495.425,MW,DK1,DK_1,forecast_solar_generation,Solar,2026-07-27T04:17:26Z
2026-07-27T04:13:26Z,2026-07-27T06:13:26+0200,dabcd32d-9433-4dbd-a505-ea8cec1be0d4,2026-06-30T12:30:00Z,2026-06-30T14:30:00+0200,1486.688333,MW,DK1,DK_1,forecast_solar_generation,Solar,2026-07-27T04:17:26Z
2026-07-27T04:13:26Z,2026-07-27T06:13:26+0200,dabcd32d-9433-4dbd-a505-ea8cec1be0d4,2026-06-30T12:45:00Z,2026-06-30T14:45:00+0200,1487.723333,MW,DK1,DK_1,forecast_solar_generation,Solar,2026-07-27T04:17:26Z
2026-07-27T04:13:26Z,2026-07-27T06:13:26+0200,dabcd32d-9433-4dbd-a505-ea8cec1be0d4,2026-06-30T13:00:00Z,2026-06-30T15:00:00+0200,1492.668333,MW,DK1,DK_1,forecast_solar_generation,Solar,2026-07-27T04:17:26Z
2026-07-27T04:13:26Z,2026-07-27T06:13:26+0200,dabcd32d-9433-4dbd-a505-ea8cec1be0d4,2026-06-30T13:15:00Z,2026-06-30T15:15:00+0200,1490.311666,MW,DK1,DK_1,forecast_solar_generation,Solar,2026-07-27T04:17:26Z
2026-07-27T04:13:26Z,2026-07-27T06:13:26+0200,dabcd32d-9433-4dbd-a505-ea8cec1be0d4,2026-06-30T13:30:00Z,2026-06-30T15:30:00+0200,1472.093333,MW,DK1,DK_1,forecast_solar_generation,Solar,2026-07-27T04:17:26Z
2026-07-27T04:13:26Z,2026-07-27T06:13:26+0200,dabcd32d-9433-4dbd-a505-ea8cec1be0d4,2026-06-30T13:45:00Z,2026-06-30T15:45:00+0200,1444.83,MW,DK1,DK_1,forecast_solar_generation,Solar,2026-07-27T04:17:26Z
2026-07-27T04:13:26Z,2026-07-27T06:13:26+0200,dabcd32d-9433-4dbd-a505-ea8cec1be0d4,2026-06-30T14:00:00Z,2026-06-30T16:00:00+0200,1412.163333,MW,DK1,DK_1,forecast_solar_generation,Solar,2026-07-27T04:17:26Z
2026-07-27T04:13:26Z,2026-07-27T06:13:26+0200,dabcd32d-9433-4dbd-a505-ea8cec1be0d4,2026-06-30T14:15:00Z,2026-06-30T16:15:00+0200,1373.938333,MW,DK1,DK_1,forecast_solar_generation,Solar,2026-07-27T04:17:26Z
2026-07-27T04:13:26Z,2026-07-27T06:13:26+0200,dabcd32d-9433-4dbd-a505-ea8cec1be0d4,2026-06-30T14:30:00Z,2026-06-30T16:30:00+0200,1326.026666,MW,DK1,DK_1,forecast_solar_generation,Solar,2026-07-27T04:17:26Z
2026-07-27T04:13:26Z,2026-07-27T06:13:26+0200,dabcd32d-9433-4dbd-a505-ea8cec1be0d4,2026-06-30T14:45:00Z,2026-06-30T16:45:00+0200,1259.596666,MW,DK1,DK_1,forecast_solar_generation,Solar,2026-07-27T04:17:26Z
2026-07-27T04:13:26Z,2026-07-27T06:13:26+0200,dabcd32d-9433-4dbd-a505-ea8cec1be0d4,2026-06-30T15:00:00Z,2026-06-30T17:00:00+0200,1181.814999,MW,DK1,DK_1,forecast_solar_generation,Solar,2026-07-27T04:17:26Z
2026-07-27T04:13:26Z,2026-07-27T06:13:26+0200,dabcd32d-9433-4dbd-a505-ea8cec1be0d4,2026-06-30T15:15:00Z,2026-06-30T17:15:00+0200,1102.605,MW,DK1,DK_1,forecast_solar_generation,Solar,2026-07-27T04:17:26Z
2026-07-27T04:13:26Z,2026-07-27T06:13:26+0200,dabcd32d-9433-4dbd-a505-ea8cec1be0d4,2026-06-30T15:30:00Z,2026-06-30T17:30:00+0200,1025.678333,MW,DK1,DK_1,forecast_solar_generation,Solar,2026-07-27T04:17:26Z
2026-07-27T04:13:26Z,2026-07-27T06:13:26+0200,dabcd32d-9433-4dbd-a505-ea8cec1be0d4,2026-06-30T15:45:00Z,2026-06-30T17:45:00+0200,944.465,MW,DK1,DK_1,forecast_solar_generation,Solar,2026-07-27T04:17:26Z
2026-07-27T04:13:26Z,2026-07-27T06:13:26+0200,dabcd32d-9433-4dbd-a505-ea8cec1be0d4,2026-06-30T16:00:00Z,2026-06-30T18:00:00+0200,869.353333,MW,DK1,DK_1,forecast_solar_generation,Solar,2026-07-27T04:17:26Z
2026-07-27T04:13:26Z,2026-07-27T06:13:26+0200,dabcd32d-9433-4dbd-a505-ea8cec1be0d4,2026-06-30T16:15:00Z,2026-06-30T18:15:00+0200,786.938333,MW,DK1,DK_1,forecast_solar_generation,Solar,2026-07-27T04:17:26Z
2026-07-27T04:13:26Z,2026-07-27T06:13:26+0200,dabcd32d-9433-4dbd-a505-ea8cec1be0d4,2026-06-30T16:30:00Z,2026-06-30T18:30:00+0200,707.895,MW,DK1,DK_1,forecast_solar_generation,Solar,2026-07-27T04:17:26Z
2026-07-27T04:13:26Z,2026-07-27T06:13:26+0200,dabcd32d-9433-4dbd-a505-ea8cec1be0d4,2026-06-30T16:45:00Z,2026-06-30T18:45:00+0200,630.026666,MW,DK1,DK_1,forecast_solar_generation,Solar,2026-07-27T04:17:26Z
2026-07-27T04:13:26Z,2026-07-27T06:13:26+0200,dabcd32d-9433-4dbd-a505-ea8cec1be0d4,2026-06-30T17:00:00Z,2026-06-30T19:00:00+0200,552.686666,MW,DK1,DK_1,forecast_solar_generation,Solar,2026-07-27T04:17:26Z
2026-07-27T04:13:26Z,2026-07-27T06:13:26+0200,dabcd32d-9433-4dbd-a505-ea8cec1be0d4,2026-06-30T17:15:00Z,2026-06-30T19:15:00+0200,476.426666,MW,DK1,DK_1,forecast_solar_generation,Solar,2026-07-27T04:17:26Z
2026-07-27T04:13:26Z,2026-07-27T06:13:26+0200,dabcd32d-9433-4dbd-a505-ea8cec1be0d4,2026-06-30T17:30:00Z,2026-06-30T19:30:00+0200,402.536666,MW,DK1,DK_1,forecast_solar_generation,Solar,2026-07-27T04:17:26Z
2026-07-27T04:13:26Z,2026-07-27T06:13:26+0200,dabcd32d-9433-4dbd-a505-ea8cec1be0d4,2026-06-30T17:45:00Z,2026-06-30T19:45:00+0200,333.055,MW,DK1,DK_1,forecast_solar_generation,Solar,2026-07-27T04:17:26Z
2026-07-27T04:13:26Z,2026-07-27T06:13:26+0200,dabcd32d-9433-4dbd-a505-ea8cec1be0d4,2026-06-30T18:00:00Z,2026-06-30T20:00:00+0200,267.691666,MW,DK1,DK_1,forecast_solar_generation,Solar,2026-07-27T04:17:26Z
2026-07-27T04:13:26Z,2026-07-27T06:13:26+0200,dabcd32d-9433-4dbd-a505-ea8cec1be0d4,2026-06-30T18:15:00Z,2026-06-30T20:15:00+0200,206.005,MW,DK1,DK_1,forecast_solar_generation,Solar,2026-07-27T04:17:26Z
2026-07-27T04:13:26Z,2026-07-27T06:13:26+0200,dabcd32d-9433-4dbd-a505-ea8cec1be0d4,2026-06-30T18:30:00Z,2026-06-30T20:30:00+0200,150.015,MW,DK1,DK_1,forecast_solar_generation,Solar,2026-07-27T04:17:26Z
2026-07-27T04:13:26Z,2026-07-27T06:13:26+0200,dabcd32d-9433-4dbd-a505-ea8cec1be0d4,2026-06-30T18:45:00Z,2026-06-30T20:45:00+0200,103.059999,MW,DK1,DK_1,forecast_solar_generation,Solar,2026-07-27T04:17:26Z
2026-07-27T04:13:26Z,2026-07-27T06:13:26+0200,dabcd32d-9433-4dbd-a505-ea8cec1be0d4,2026-06-30T19:00:00Z,2026-06-30T21:00:00+0200,63.806666,MW,DK1,DK_1,forecast_solar_generation,Solar,2026-07-27T04:17:26Z
2026-07-27T04:13:26Z,2026-07-27T06:13:26+0200,dabcd32d-9433-4dbd-a505-ea8cec1be0d4,2026-06-30T19:15:00Z,2026-06-30T21:15:00+0200,32.198333,MW,DK1,DK_1,forecast_solar_generation,Solar,2026-07-27T04:17:26Z
2026-07-27T04:13:26Z,2026-07-27T06:13:26+0200,dabcd32d-9433-4dbd-a505-ea8cec1be0d4,2026-06-30T19:30:00Z,2026-06-30T21:30:00+0200,11.195,MW,DK1,DK_1,forecast_solar_generation,Solar,2026-07-27T04:17:26Z
2026-07-27T04:13:26Z,2026-07-27T06:13:26+0200,dabcd32d-9433-4dbd-a505-ea8cec1be0d4,2026-06-30T19:45:00Z,2026-06-30T21:45:00+0200,2.236666,MW,DK1,DK_1,forecast_solar_generation,Solar,2026-07-27T04:17:26Z
2026-07-27T04:13:26Z,2026-07-27T06:13:26+0200,dabcd32d-9433-4dbd-a505-ea8cec1be0d4,2026-06-30T20:00:00Z,2026-06-30T22:00:00+0200,0.193333,MW,DK1,DK_1,forecast_solar_generation,Solar,2026-07-27T04:17:26Z
2026-07-27T04:13:26Z,2026-07-27T06:13:26+0200,dabcd32d-9433-4dbd-a505-ea8cec1be0d4,2026-06-30T20:15:00Z,2026-06-30T22:15:00+0200,0.001666,MW,DK1,DK_1,forecast_solar_generation,Solar,2026-07-27T04:17:26Z
2026-07-27T04:13:26Z,2026-07-27T06:13:26+0200,dabcd32d-9433-4dbd-a505-ea8cec1be0d4,2026-06-30T20:30:00Z,2026-06-30T22:30:00+0200,0.0,MW,DK1,DK_1,forecast_solar_generation,Solar,2026-07-27T04:17:26Z
2026-07-27T04:13:26Z,2026-07-27T06:13:26+0200,dabcd32d-9433-4dbd-a505-ea8cec1be0d4,2026-06-30T20:45:00Z,2026-06-30T22:45:00+0200,0.0,MW,DK1,DK_1,forecast_solar_generation,Solar,2026-07-27T04:17:26Z
2026-07-27T04:13:26Z,2026-07-27T06:13:26+0200,dabcd32d-9433-4dbd-a505-ea8cec1be0d4,2026-06-30T21:00:00Z,2026-06-30T23:00:00+0200,0.0,MW,DK1,DK_1,forecast_solar_generation,Solar,2026-07-27T04:17:26Z
2026-07-27T04:13:26Z,2026-07-27T06:13:26+0200,dabcd32d-9433-4dbd-a505-ea8cec1be0d4,2026-06-30T21:15:00Z,2026-06-30T23:15:00+0200,0.0,MW,DK1,DK_1,forecast_solar_generation,Solar,2026-07-27T04:17:26Z
2026-07-27T04:13:26Z,2026-07-27T06:13:26+0200,dabcd32d-9433-4dbd-a505-ea8cec1be0d4,2026-06-30T21:30:00Z,2026-06-30T23:30:00+0200,0.0,MW,DK1,DK_1,forecast_solar_generation,Solar,2026-07-27T04:17:26Z
2026-07-27T04:13:26Z,2026-07-27T06:13:26+0200,dabcd32d-9433-4dbd-a505-ea8cec1be0d4,2026-06-30T21:45:00Z,2026-06-30T23:45:00+0200,0.0,MW,DK1,DK_1,forecast_solar_generation,Solar,2026-07-27T04:17:26Z
2026-07-27T04:13:26Z,2026-07-27T06:13:26+0200,dabcd32d-9433-4dbd-a505-ea8cec1be0d4,2026-06-30T22:00:00Z,2026-07-01T00:00:00+0200,0.0,MW,DK1,DK_1,forecast_solar_generation,Solar,2026-07-27T04:17:26Z
2026-07-27T04:13:26Z,2026-07-27T06:13:26+0200,dabcd32d-9433-4dbd-a505-ea8cec1be0d4,2026-06-30T22:15:00Z,2026-07-01T00:15:00+0200,0.0,MW,DK1,DK_1,forecast_solar_generation,Solar,2026-07-27T04:17:26Z
2026-07-27T04:13:26Z,2026-07-27T06:13:26+0200,dabcd32d-9433-4dbd-a505-ea8cec1be0d4,2026-06-30T22:30:00Z,2026-07-01T00:30:00+0200,0.0,MW,DK1,DK_1,forecast_solar_generation,Solar,2026-07-27T04:17:26Z
2026-07-27T04:13:26Z,2026-07-27T06:13:26+0200,dabcd32d-9433-4dbd-a505-ea8cec1be0d4,2026-06-30T22:45:00Z,2026-07-01T00:45:00+0200,0.0,MW,DK1,DK_1,forecast_solar_generation,Solar,2026-07-27T04:17:26Z
2026-07-27T04:13:26Z,2026-07-27T06:13:26+0200,dabcd32d-9433-4dbd-a505-ea8cec1be0d4,2026-06-30T23:00:00Z,2026-07-01T01:00:00+0200,0.0,MW,DK1,DK_1,forecast_solar_generation,Solar,2026-07-27T04:17:26Z
2026-07-27T04:13:26Z,2026-07-27T06:13:26+0200,dabcd32d-9433-4dbd-a505-ea8cec1be0d4,2026-06-30T23:15:00Z,2026-07-01T01:15:00+0200,0.0,MW,DK1,DK_1,forecast_solar_generation,Solar,2026-07-27T04:17:26Z
2026-07-27T04:13:26Z,2026-07-27T06:13:26+0200,dabcd32d-9433-4dbd-a505-ea8cec1be0d4,2026-06-30T23:30:00Z,2026-07-01T01:30:00+0200,0.0,MW,DK1,DK_1,forecast_solar_generation,Solar,2026-07-27T04:17:26Z
2026-07-27T04:13:26Z,2026-07-27T06:13:26+0200,dabcd32d-9433-4dbd-a505-ea8cec1be0d4,2026-06-30T23:45:00Z,2026-07-01T01:45:00+0200,0.0,MW,DK1,DK_1,forecast_solar_generation,Solar,2026-07-27T04:17:26Z
2026-07-27T04:13:26Z,2026-07-27T06:13:26+0200,dabcd32d-9433-4dbd-a505-ea8cec1be0d4,2026-07-01T00:00:00Z,2026-07-01T02:00:00+0200,0.0,MW,DK1,DK_1,forecast_solar_generation,Solar,2026-07-27T04:17:26Z
2026-07-27T04:13:26Z,2026-07-27T06:13:26+0200,dabcd32d-9433-4dbd-a505-ea8cec1be0d4,2026-07-01T00:15:00Z,2026-07-01T02:15:00+0200,0.0,MW,DK1,DK_1,forecast_solar_generation,Solar,2026-07-27T04:17:26Z
2026-07-27T04:13:26Z,2026-07-27T06:13:26+0200,dabcd32d-9433-4dbd-a505-ea8cec1be0d4,2026-07-01T00:30:00Z,2026-07-01T02:30:00+0200,0.0,MW,DK1,DK_1,forecast_solar_generation,Solar,2026-07-27T04:17:26Z
2026-07-27T04:13:26Z,2026-07-27T06:13:26+0200,dabcd32d-9433-4dbd-a505-ea8cec1be0d4,2026-07-01T00:45:00Z,2026-07-01T02:45:00+0200,0.0,MW,DK1,DK_1,forecast_solar_generation,Solar,2026-07-27T04:17:26Z
2026-07-27T04:13:26Z,2026-07-27T06:13:26+0200,dabcd32d-9433-4dbd-a505-ea8cec1be0d4,2026-07-01T01:00:00Z,2026-07-01T03:00:00+0200,0.0,MW,DK1,DK_1,forecast_solar_generation,Solar,2026-07-27T04:17:26Z
2026-07-27T04:13:26Z,2026-07-27T06:13:26+0200,dabcd32d-9433-4dbd-a505-ea8cec1be0d4,2026-07-01T01:15:00Z,2026-07-01T03:15:00+0200,0.0,MW,DK1,DK_1,forecast_solar_generation,Solar,2026-07-27T04:17:26Z
2026-07-27T04:13:26Z,2026-07-27T06:13:26+0200,dabcd32d-9433-4dbd-a505-ea8cec1be0d4,2026-07-01T01:30:00Z,2026-07-01T03:30:00+0200,0.0,MW,DK1,DK_1,forecast_solar_generation,Solar,2026-07-27T04:17:26Z
2026-07-27T04:13:26Z,2026-07-27T06:13:26+0200,dabcd32d-9433-4dbd-a505-ea8cec1be0d4,2026-07-01T01:45:00Z,2026-07-01T03:45:00+0200,0.0,MW,DK1,DK_1,forecast_solar_generation,Solar,2026-07-27T04:17:26Z
2026-07-27T04:13:26Z,2026-07-27T06:13:26+0200,dabcd32d-9433-4dbd-a505-ea8cec1be0d4,2026-07-01T02:00:00Z,2026-07-01T04:00:00+0200,0.0,MW,DK1,DK_1,forecast_solar_generation,Solar,2026-07-27T04:17:26Z
2026-07-27T04:13:26Z,2026-07-27T06:13:26+0200,dabcd32d-9433-4dbd-a505-ea8cec1be0d4,2026-07-01T02:15:00Z,2026-07-01T04:15:00+0200,0.0,MW,DK1,DK_1,forecast_solar_generation,Solar,2026-07-27T04:17:26Z
2026-07-27T04:13:26Z,2026-07-27T06:13:26+0200,dabcd32d-9433-4dbd-a505-ea8cec1be0d4,2026-07-01T02:30:00Z,2026-07-01T04:30:00+0200,0.056666,MW,DK1,DK_1,forecast_solar_generation,Solar,2026-07-27T04:17:26Z
2026-07-27T04:13:26Z,2026-07-27T06:13:26+0200,dabcd32d-9433-4dbd-a505-ea8cec1be0d4,2026-07-01T02:45:00Z,2026-07-01T04:45:00+0200,1.175,MW,DK1,DK_1,forecast_solar_generation,Solar,2026-07-27T04:17:26Z
2026-07-27T04:13:26Z,2026-07-27T06:13:26+0200,dabcd32d-9433-4dbd-a505-ea8cec1be0d4,2026-07-01T03:00:00Z,2026-07-01T05:00:00+0200,8.27,MW,DK1,DK_1,forecast_solar_generation,Solar,2026-07-27T04:17:26Z
2026-07-27T04:13:26Z,2026-07-27T06:13:26+0200,dabcd32d-9433-4dbd-a505-ea8cec1be0d4,2026-07-01T03:15:00Z,2026-07-01T05:15:00+0200,28.866666,MW,DK1,DK_1,forecast_solar_generation,Solar,2026-07-27T04:17:26Z
2026-07-27T04:13:26Z,2026-07-27T06:13:26+0200,dabcd32d-9433-4dbd-a505-ea8cec1be0d4,2026-07-01T03:30:00Z,2026-07-01T05:30:00+0200,64.83,MW,DK1,DK_1,forecast_solar_generation,Solar,2026-07-27T04:17:26Z
2026-07-27T04:13:26Z,2026-07-27T06:13:26+0200,dabcd32d-9433-4dbd-a505-ea8cec1be0d4,2026-07-01T03:45:00Z,2026-07-01T05:45:00+0200,112.511666,MW,DK1,DK_1,forecast_solar_generation,Solar,2026-07-27T04:17:26Z
2026-07-27T04:13:26Z,2026-07-27T06:13:26+0200,dabcd32d-9433-4dbd-a505-ea8cec1be0d4,2026-07-01T04:00:00Z,2026-07-01T06:00:00+0200,170.04,MW,DK1,DK_1,forecast_solar_generation,Solar,2026-07-27T04:17:26Z
2026-07-27T04:13:26Z,2026-07-27T06:13:26+0200,dabcd32d-9433-4dbd-a505-ea8cec1be0d4,2026-07-01T04:15:00Z,2026-07-01T06:15:00+0200,237.465,MW,DK1,DK_1,forecast_solar_generation,Solar,2026-07-27T04:17:26Z
2026-07-27T04:13:26Z,2026-07-27T06:13:26+0200,dabcd32d-9433-4dbd-a505-ea8cec1be0d4,2026-07-01T04:30:00Z,2026-07-01T06:30:00+0200,315.258333,MW,DK1,DK_1,forecast_solar_generation,Solar,2026-07-27T04:17:26Z
2026-07-27T04:13:26Z,2026-07-27T06:13:26+0200,dabcd32d-9433-4dbd-a505-ea8cec1be0d4,2026-07-01T04:45:00Z,2026-07-01T06:45:00+0200,399.78,MW,DK1,DK_1,forecast_solar_generation,Solar,2026-07-27T04:17:26Z
2026-07-27T04:13:26Z,2026-07-27T06:13:26+0200,dabcd32d-9433-4dbd-a505-ea8cec1be0d4,2026-07-01T05:00:00Z,2026-07-01T07:00:00+0200,486.57,MW,DK1,DK_1,forecast_solar_generation,Solar,2026-07-27T04:17:26Z
2026-07-27T04:13:26Z,2026-07-27T06:13:26+0200,dabcd32d-9433-4dbd-a505-ea8cec1be0d4,2026-07-01T05:15:00Z,2026-07-01T07:15:00+0200,582.43,MW,DK1,DK_1,forecast_solar_generation,Solar,2026-07-27T04:17:26Z
2026-07-27T04:13:26Z,2026-07-27T06:13:26+0200,dabcd32d-9433-4dbd-a505-ea8cec1be0d4,2026-07-01T05:30:00Z,2026-07-01T07:30:00+0200,685.143333,MW,DK1,DK_1,forecast_solar_generation,Solar,2026-07-27T04:17:26Z
2026-07-27T04:13:26Z,2026-07-27T06:13:26+0200,dabcd32d-9433-4dbd-a505-ea8cec1be0d4,2026-07-01T05:45:00Z,2026-07-01T07:45:00+0200,794.095,MW,DK1,DK_1,forecast_solar_generation,Solar,2026-07-27T04:17:26Z
2026-07-27T04:13:26Z,2026-07-27T06:13:26+0200,dabcd32d-9433-4dbd-a505-ea8cec1be0d4,2026-07-01T06:00:00Z,2026-07-01T08:00:00+0200,906.203333,MW,DK1,DK_1,forecast_solar_generation,Solar,2026-07-27T04:17:26Z
2026-07-27T04:13:26Z,2026-07-27T06:13:26+0200,dabcd32d-9433-4dbd-a505-ea8cec1be0d4,2026-07-01T06:15:00Z,2026-07-01T08:15:00+0200,1017.476666,MW,DK1,DK_1,forecast_solar_generation,Solar,2026-07-27T04:17:26Z
2026-07-27T04:13:26Z,2026-07-27T06:13:26+0200,dabcd32d-9433-4dbd-a505-ea8cec1be0d4,2026-07-01T06:30:00Z,2026-07-01T08:30:00+0200,1124.635,MW,DK1,DK_1,forecast_solar_generation,Solar,2026-07-27T04:17:26Z
2026-07-27T04:13:26Z,2026-07-27T06:13:26+0200,dabcd32d-9433-4dbd-a505-ea8cec1be0d4,2026-07-01T06:45:00Z,2026-07-01T08:45:00+0200,1229.243333,MW,DK1,DK_1,forecast_solar_generation,Solar,2026-07-27T04:17:26Z
2026-07-27T04:13:26Z,2026-07-27T06:13:26+0200,dabcd32d-9433-4dbd-a505-ea8cec1be0d4,2026-07-01T07:00:00Z,2026-07-01T09:00:00+0200,1330.485,MW,DK1,DK_1,forecast_solar_generation,Solar,2026-07-27T04:17:26Z
2026-07-27T04:13:26Z,2026-07-27T06:13:26+0200,dabcd32d-9433-4dbd-a505-ea8cec1be0d4,2026-07-01T07:15:00Z,2026-07-01T09:15:00+0200,1425.403333,MW,DK1,DK_1,forecast_solar_generation,Solar,2026-07-27T04:17:26Z
2026-07-27T04:13:26Z,2026-07-27T06:13:26+0200,dabcd32d-9433-4dbd-a505-ea8cec1be0d4,2026-07-01T07:30:00Z,2026-07-01T09:30:00+0200,1507.483333,MW,DK1,DK_1,forecast_solar_generation,Solar,2026-07-27T04:17:26Z
2026-07-27T04:13:26Z,2026-07-27T06:13:26+0200,dabcd32d-9433-4dbd-a505-ea8cec1be0d4,2026-07-01T07:45:00Z,2026-07-01T09:45:00+0200,1569.33,MW,DK1,DK_1,forecast_solar_generation,Solar,2026-07-27T04:17:26Z
2026-07-27T04:13:26Z,2026-07-27T06:13:26+0200,dabcd32d-9433-4dbd-a505-ea8cec1be0d4,2026-07-01T08:00:00Z,2026-07-01T10:00:00+0200,1614.331666,MW,DK1,DK_1,forecast_solar_generation,Solar,2026-07-27T04:17:26Z
2026-07-27T04:13:26Z,2026-07-27T06:13:26+0200,dabcd32d-9433-4dbd-a505-ea8cec1be0d4,2026-07-01T08:15:00Z,2026-07-01T10:15:00+0200,1649.278333,MW,DK1,DK_1,forecast_solar_generation,Solar,2026-07-27T04:17:26Z
2026-07-27T04:13:26Z,2026-07-27T06:13:26+0200,dabcd32d-9433-4dbd-a505-ea8cec1be0d4,2026-07-01T08:30:00Z,2026-07-01T10:30:00+0200,1679.563333,MW,DK1,DK_1,forecast_solar_generation,Solar,2026-07-27T04:17:26Z
2026-07-27T04:13:26Z,2026-07-27T06:13:26+0200,dabcd32d-9433-4dbd-a505-ea8cec1be0d4,2026-07-01T08:45:00Z,2026-07-01T10:45:00+0200,1699.408333,MW,DK1,DK_1,forecast_solar_generation,Solar,2026-07-27T04:17:26Z
2026-07-27T04:13:26Z,2026-07-27T06:13:26+0200,dabcd32d-9433-4dbd-a505-ea8cec1be0d4,2026-07-01T09:00:00Z,2026-07-01T11:00:00+0200,1709.285,MW,DK1,DK_1,forecast_solar_generation,Solar,2026-07-27T04:17:26Z
2026-07-27T04:13:26Z,2026-07-27T06:13:26+0200,dabcd32d-9433-4dbd-a505-ea8cec1be0d4,2026-07-01T09:15:00Z,2026-07-01T11:15:00+0200,1713.818333,MW,DK1,DK_1,forecast_solar_generation,Solar,2026-07-27T04:17:26Z
2026-07-27T04:13:26Z,2026-07-27T06:13:26+0200,dabcd32d-9433-4dbd-a505-ea8cec1be0d4,2026-07-01T09:30:00Z,2026-07-01T11:30:00+0200,1718.903333,MW,DK1,DK_1,forecast_solar_generation,Solar,2026-07-27T04:17:26Z
2026-07-27T04:13:26Z,2026-07-27T06:13:26+0200,dabcd32d-9433-4dbd-a505-ea8cec1be0d4,2026-07-01T09:45:00Z,2026-07-01T11:45:00+0200,1722.233333,MW,DK1,DK_1,forecast_solar_generation,Solar,2026-07-27T04:17:26Z
2026-07-27T04:13:26Z,2026-07-27T06:13:26+0200,dabcd32d-9433-4dbd-a505-ea8cec1be0d4,2026-07-01T10:00:00Z,2026-07-01T12:00:00+0200,1727.275,MW,DK1,DK_1,forecast_solar_generation,Solar,2026-07-27T04:17:26Z
2026-07-27T04:13:26Z,2026-07-27T06:13:26+0200,dabcd32d-9433-4dbd-a505-ea8cec1be0d4,2026-07-01T10:15:00Z,2026-07-01T12:15:00+0200,1738.513333,MW,DK1,DK_1,forecast_solar_generation,Solar,2026-07-27T04:17:26Z
2026-07-27T04:13:26Z,2026-07-27T06:13:26+0200,dabcd32d-9433-4dbd-a505-ea8cec1be0d4,2026-07-01T10:30:00Z,2026-07-01T12:30:00+0200,1760.918333,MW,DK1,DK_1,forecast_solar_generation,Solar,2026-07-27T04:17:26Z
2026-07-27T04:13:26Z,2026-07-27T06:13:26+0200,dabcd32d-9433-4dbd-a505-ea8cec1be0d4,2026-07-01T10:45:00Z,2026-07-01T12:45:00+0200,1798.526666,MW,DK1,DK_1,forecast_solar_generation,Solar,2026-07-27T04:17:26Z
2026-07-27T04:13:26Z,2026-07-27T06:13:26+0200,dabcd32d-9433-4dbd-a505-ea8cec1be0d4,2026-07-01T11:00:00Z,2026-07-01T13:00:00+0200,1843.334999,MW,DK1,DK_1,forecast_solar_generation,Solar,2026-07-27T04:17:26Z
2026-07-27T04:13:26Z,2026-07-27T06:13:26+0200,dabcd32d-9433-4dbd-a505-ea8cec1be0d4,2026-07-01T11:15:00Z,2026-07-01T13:15:00+0200,1875.456666,MW,DK1,DK_1,forecast_solar_generation,Solar,2026-07-27T04:17:26Z
2026-07-27T04:13:26Z,2026-07-27T06:13:26+0200,dabcd32d-9433-4dbd-a505-ea8cec1be0d4,2026-07-01T11:30:00Z,2026-07-01T13:30:00+0200,1888.33,MW,DK1,DK_1,forecast_solar_generation,Solar,2026-07-27T04:17:26Z
2026-07-27T04:13:26Z,2026-07-27T06:13:26+0200,dabcd32d-9433-4dbd-a505-ea8cec1be0d4,2026-07-01T11:45:00Z,2026-07-01T13:45:00+0200,1888.353333,MW,DK1,DK_1,forecast_solar_generation,Solar,2026-07-27T04:17:26Z
2026-07-27T04:13:26Z,2026-07-27T06:13:26+0200,dabcd32d-9433-4dbd-a505-ea8cec1be0d4,2026-07-01T12:00:00Z,2026-07-01T14:00:00+0200,1875.2,MW,DK1,DK_1,forecast_solar_generation,Solar,2026-07-27T04:17:26Z
2026-07-27T04:13:26Z,2026-07-27T06:13:26+0200,dabcd32d-9433-4dbd-a505-ea8cec1be0d4,2026-07-01T12:15:00Z,2026-07-01T14:15:00+0200,1863.353333,MW,DK1,DK_1,forecast_solar_generation,Solar,2026-07-27T04:17:26Z
2026-07-27T04:13:26Z,2026-07-27T06:13:26+0200,dabcd32d-9433-4dbd-a505-ea8cec1be0d4,2026-07-01T12:30:00Z,2026-07-01T14:30:00+0200,1858.593333,MW,DK1,DK_1,forecast_solar_generation,Solar,2026-07-27T04:17:26Z
2026-07-27T04:13:26Z,2026-07-27T06:13:26+0200,dabcd32d-9433-4dbd-a505-ea8cec1be0d4,2026-07-01T12:45:00Z,2026-07-01T14:45:00+0200,1855.781666,MW,DK1,DK_1,forecast_solar_generation,Solar,2026-07-27T04:17:26Z
2026-07-27T04:13:26Z,2026-07-27T06:13:26+0200,dabcd32d-9433-4dbd-a505-ea8cec1be0d4,2026-07-01T13:00:00Z,2026-07-01T15:00:00+0200,1850.726666,MW,DK1,DK_1,forecast_solar_generation,Solar,2026-07-27T04:17:26Z
2026-07-27T04:13:26Z,2026-07-27T06:13:26+0200,dabcd32d-9433-4dbd-a505-ea8cec1be0d4,2026-07-01T13:15:00Z,2026-07-01T15:15:00+0200,1837.875,MW,DK1,DK_1,forecast_solar_generation,Solar,2026-07-27T04:17:26Z
2026-07-27T04:13:26Z,2026-07-27T06:13:26+0200,dabcd32d-9433-4dbd-a505-ea8cec1be0d4,2026-07-01T13:30:00Z,2026-07-01T15:30:00+0200,1814.6,MW,DK1,DK_1,forecast_solar_generation,Solar,2026-07-27T04:17:26Z
2026-07-27T04:13:26Z,2026-07-27T06:13:26+0200,dabcd32d-9433-4dbd-a505-ea8cec1be0d4,2026-07-01T13:45:00Z,2026-07-01T15:45:00+0200,1781.218333,MW,DK1,DK_1,forecast_solar_generation,Solar,2026-07-27T04:17:26Z
2026-07-27T04:13:26Z,2026-07-27T06:13:26+0200,dabcd32d-9433-4dbd-a505-ea8cec1be0d4,2026-07-01T14:00:00Z,2026-07-01T16:00:00+0200,1740.453333,MW,DK1,DK_1,forecast_solar_generation,Solar,2026-07-27T04:17:26Z
2026-07-27T04:13:26Z,2026-07-27T06:13:26+0200,dabcd32d-9433-4dbd-a505-ea8cec1be0d4,2026-07-01T14:15:00Z,2026-07-01T16:15:00+0200,1695.055,MW,DK1,DK_1,forecast_solar_generation,Solar,2026-07-27T04:17:26Z
2026-07-27T04:13:26Z,2026-07-27T06:13:26+0200,dabcd32d-9433-4dbd-a505-ea8cec1be0d4,2026-07-01T14:30:00Z,2026-07-01T16:30:00+0200,1645.601666,MW,DK1,DK_1,forecast_solar_generation,Solar,2026-07-27T04:17:26Z
2026-07-27T04:13:26Z,2026-07-27T06:13:26+0200,dabcd32d-9433-4dbd-a505-ea8cec1be0d4,2026-07-01T14:45:00Z,2026-07-01T16:45:00+0200,1589.316666,MW,DK1,DK_1,forecast_solar_generation,Solar,2026-07-27T04:17:26Z
2026-07-27T04:13:26Z,2026-07-27T06:13:26+0200,dabcd32d-9433-4dbd-a505-ea8cec1be0d4,2026-07-01T15:00:00Z,2026-07-01T17:00:00+0200,1525.879999,MW,DK1,DK_1,forecast_solar_generation,Solar,2026-07-27T04:17:26Z
2026-07-27T04:13:26Z,2026-07-27T06:13:26+0200,dabcd32d-9433-4dbd-a505-ea8cec1be0d4,2026-07-01T15:15:00Z,2026-07-01T17:15:00+0200,1453.728333,MW,DK1,DK_1,forecast_solar_generation,Solar,2026-07-27T04:17:26Z
2026-07-27T04:13:26Z,2026-07-27T06:13:26+0200,dabcd32d-9433-4dbd-a505-ea8cec1be0d4,2026-07-01T15:30:00Z,2026-07-01T17:30:00+0200,1373.95,MW,DK1,DK_1,forecast_solar_generation,Solar,2026-07-27T04:17:26Z
2026-07-27T04:13:26Z,2026-07-27T06:13:26+0200,dabcd32d-9433-4dbd-a505-ea8cec1be0d4,2026-07-01T15:45:00Z,2026-07-01T17:45:00+0200,1294.811666,MW,DK1,DK_1,forecast_solar_generation,Solar,2026-07-27T04:17:26Z
2026-07-27T04:13:26Z,2026-07-27T06:13:26+0200,dabcd32d-9433-4dbd-a505-ea8cec1be0d4,2026-07-01T16:00:00Z,2026-07-01T18:00:00+0200,1225.534999,MW,DK1,DK_1,forecast_solar_generation,Solar,2026-07-27T04:17:26Z
2026-07-27T04:13:26Z,2026-07-27T06:13:26+0200,dabcd32d-9433-4dbd-a505-ea8cec1be0d4,2026-07-01T16:15:00Z,2026-07-01T18:15:00+0200,1133.971666,MW,DK1,DK_1,forecast_solar_generation,Solar,2026-07-27T04:17:26Z
2026-07-27T04:13:26Z,2026-07-27T06:13:26+0200,dabcd32d-9433-4dbd-a505-ea8cec1be0d4,2026-07-01T16:30:00Z,2026-07-01T18:30:00+0200,1032.186666,MW,DK1,DK_1,forecast_solar_generation,Solar,2026-07-27T04:17:26Z
2026-07-27T04:13:26Z,2026-07-27T06:13:26+0200,dabcd32d-9433-4dbd-a505-ea8cec1be0d4,2026-07-01T16:45:00Z,2026-07-01T18:45:00+0200,927.71,MW,DK1,DK_1,forecast_solar_generation,Solar,2026-07-27T04:17:26Z
2026-07-27T04:13:26Z,2026-07-27T06:13:26+0200,dabcd32d-9433-4dbd-a505-ea8cec1be0d4,2026-07-01T17:00:00Z,2026-07-01T19:00:00+0200,820.62,MW,DK1,DK_1,forecast_solar_generation,Solar,2026-07-27T04:17:26Z
2026-07-27T04:13:26Z,2026-07-27T06:13:26+0200,dabcd32d-9433-4dbd-a505-ea8cec1be0d4,2026-07-01T17:15:00Z,2026-07-01T19:15:00+0200,710.565,MW,DK1,DK_1,forecast_solar_generation,Solar,2026-07-27T04:17:26Z
2026-07-27T04:13:26Z,2026-07-27T06:13:26+0200,dabcd32d-9433-4dbd-a505-ea8cec1be0d4,2026-07-01T17:30:00Z,2026-07-01T19:30:00+0200,600.738333,MW,DK1,DK_1,forecast_solar_generation,Solar,2026-07-27T04:17:26Z
2026-07-27T04:13:26Z,2026-07-27T06:13:26+0200,dabcd32d-9433-4dbd-a505-ea8cec1be0d4,2026-07-01T17:45:00Z,2026-07-01T19:45:00+0200,497.538333,MW,DK1,DK_1,forecast_solar_generation,Solar,2026-07-27T04:17:26Z
2026-07-27T04:13:26Z,2026-07-27T06:13:26+0200,dabcd32d-9433-4dbd-a505-ea8cec1be0d4,2026-07-01T18:00:00Z,2026-07-01T20:00:00+0200,401.753333,MW,DK1,DK_1,forecast_solar_generation,Solar,2026-07-27T04:17:26Z
2026-07-27T04:13:26Z,2026-07-27T06:13:26+0200,dabcd32d-9433-4dbd-a505-ea8cec1be0d4,2026-07-01T18:15:00Z,2026-07-01T20:15:00+0200,311.358333,MW,DK1,DK_1,forecast_solar_generation,Solar,2026-07-27T04:17:26Z
2026-07-27T04:13:26Z,2026-07-27T06:13:26+0200,dabcd32d-9433-4dbd-a505-ea8cec1be0d4,2026-07-01T18:30:00Z,2026-07-01T20:30:00+0200,228.081666,MW,DK1,DK_1,forecast_solar_generation,Solar,2026-07-27T04:17:26Z
2026-07-27T04:13:26Z,2026-07-27T06:13:26+0200,dabcd32d-9433-4dbd-a505-ea8cec1be0d4,2026-07-01T18:45:00Z,2026-07-01T20:45:00+0200,156.083333,MW,DK1,DK_1,forecast_solar_generation,Solar,2026-07-27T04:17:26Z
2026-07-27T04:13:26Z,2026-07-27T06:13:26+0200,dabcd32d-9433-4dbd-a505-ea8cec1be0d4,2026-07-01T19:00:00Z,2026-07-01T21:00:00+0200,95.838333,MW,DK1,DK_1,forecast_solar_generation,Solar,2026-07-27T04:17:26Z
2026-07-27T04:13:26Z,2026-07-27T06:13:26+0200,dabcd32d-9433-4dbd-a505-ea8cec1be0d4,2026-07-01T19:15:00Z,2026-07-01T21:15:00+0200,48.166666,MW,DK1,DK_1,forecast_solar_generation,Solar,2026-07-27T04:17:26Z
2026-07-27T04:13:26Z,2026-07-27T06:13:26+0200,dabcd32d-9433-4dbd-a505-ea8cec1be0d4,2026-07-01T19:30:00Z,2026-07-01T21:30:00+0200,16.371666,MW,DK1,DK_1,forecast_solar_generation,Solar,2026-07-27T04:17:26Z
2026-07-27T04:13:26Z,2026-07-27T06:13:26+0200,dabcd32d-9433-4dbd-a505-ea8cec1be0d4,2026-07-01T19:45:00Z,2026-07-01T21:45:00+0200,3.018333,MW,DK1,DK_1,forecast_solar_generation,Solar,2026-07-27T04:17:26Z
2026-07-27T04:13:26Z,2026-07-27T06:13:26+0200,dabcd32d-9433-4dbd-a505-ea8cec1be0d4,2026-07-01T20:00:00Z,2026-07-01T22:00:00+0200,0.211666,MW,DK1,DK_1,forecast_solar_generation,Solar,2026-07-27T04:17:26Z
2026-07-27T04:13:26Z,2026-07-27T06:13:26+0200,dabcd32d-9433-4dbd-a505-ea8cec1be0d4,2026-07-01T20:15:00Z,2026-07-01T22:15:00+0200,0.001666,MW,DK1,DK_1,forecast_solar_generation,Solar,2026-07-27T04:17:26Z
2026-07-27T04:13:26Z,2026-07-27T06:13:26+0200,dabcd32d-9433-4dbd-a505-ea8cec1be0d4,2026-07-01T20:30:00Z,2026-07-01T22:30:00+0200,0.0,MW,DK1,DK_1,forecast_solar_generation,Solar,2026-07-27T04:17:26Z
2026-07-27T04:13:26Z,2026-07-27T06:13:26+0200,dabcd32d-9433-4dbd-a505-ea8cec1be0d4,2026-07-01T20:45:00Z,2026-07-01T22:45:00+0200,0.0,MW,DK1,DK_1,forecast_solar_generation,Solar,2026-07-27T04:17:26Z
2026-07-27T04:13:26Z,2026-07-27T06:13:26+0200,dabcd32d-9433-4dbd-a505-ea8cec1be0d4,2026-07-01T21:00:00Z,2026-07-01T23:00:00+0200,0.0,MW,DK1,DK_1,forecast_solar_generation,Solar,2026-07-27T04:17:26Z
2026-07-27T04:13:26Z,2026-07-27T06:13:26+0200,dabcd32d-9433-4dbd-a505-ea8cec1be0d4,2026-07-01T21:15:00Z,2026-07-01T23:15:00+0200,0.0,MW,DK1,DK_1,forecast_solar_generation,Solar,2026-07-27T04:17:26Z
2026-07-27T04:13:26Z,2026-07-27T06:13:26+0200,dabcd32d-9433-4dbd-a505-ea8cec1be0d4,2026-07-01T21:30:00Z,2026-07-01T23:30:00+0200,0.0,MW,DK1,DK_1,forecast_solar_generation,Solar,2026-07-27T04:17:26Z
2026-07-27T04:13:26Z,2026-07-27T06:13:26+0200,dabcd32d-9433-4dbd-a505-ea8cec1be0d4,2026-07-01T21:45:00Z,2026-07-01T23:45:00+0200,0.0,MW,DK1,DK_1,forecast_solar_generation,Solar,2026-07-27T04:17:26Z
2026-07-27T04:13:26Z,2026-07-27T06:13:26+0200,dabcd32d-9433-4dbd-a505-ea8cec1be0d4,2026-07-01T22:00:00Z,2026-07-02T00:00:00+0200,0.0,MW,DK1,DK_1,forecast_solar_generation,Solar,2026-07-27T04:17:26Z
2026-07-27T04:13:26Z,2026-07-27T06:13:26+0200,dabcd32d-9433-4dbd-a505-ea8cec1be0d4,2026-07-01T22:15:00Z,2026-07-02T00:15:00+0200,0.0,MW,DK1,DK_1,forecast_solar_generation,Solar,2026-07-27T04:17:26Z
2026-07-27T04:13:26Z,2026-07-27T06:13:26+0200,dabcd32d-9433-4dbd-a505-ea8cec1be0d4,2026-07-01T22:30:00Z,2026-07-02T00:30:00+0200,0.0,MW,DK1,DK_1,forecast_solar_generation,Solar,2026-07-27T04:17:26Z
2026-07-27T04:13:26Z,2026-07-27T06:13:26+0200,dabcd32d-9433-4dbd-a505-ea8cec1be0d4,2026-07-01T22:45:00Z,2026-07-02T00:45:00+0200,0.0,MW,DK1,DK_1,forecast_solar_generation,Solar,2026-07-27T04:17:26Z
2026-07-27T04:13:26Z,2026-07-27T06:13:26+0200,dabcd32d-9433-4dbd-a505-ea8cec1be0d4,2026-07-01T23:00:00Z,2026-07-02T01:00:00+0200,0.0,MW,DK1,DK_1,forecast_solar_generation,Solar,2026-07-27T04:17:26Z
2026-07-27T04:13:26Z,2026-07-27T06:13:26+0200,dabcd32d-9433-4dbd-a505-ea8cec1be0d4,2026-07-01T23:15:00Z,2026-07-02T01:15:00+0200,0.0,MW,DK1,DK_1,forecast_solar_generation,Solar,2026-07-27T04:17:26Z
2026-07-27T04:13:26Z,2026-07-27T06:13:26+0200,dabcd32d-9433-4dbd-a505-ea8cec1be0d4,2026-07-01T23:30:00Z,2026-07-02T01:30:00+0200,0.0,MW,DK1,DK_1,forecast_solar_generation,Solar,2026-07-27T04:17:26Z
2026-07-27T04:13:26Z,2026-07-27T06:13:26+0200,dabcd32d-9433-4dbd-a505-ea8cec1be0d4,2026-07-01T23:45:00Z,2026-07-02T01:45:00+0200,0.0,MW,DK1,DK_1,forecast_solar_generation,Solar,2026-07-27T04:17:26Z
2026-07-27T04:13:26Z,2026-07-27T06:13:26+0200,dabcd32d-9433-4dbd-a505-ea8cec1be0d4,2026-07-02T00:00:00Z,2026-07-02T02:00:00+0200,0.0,MW,DK1,DK_1,forecast_solar_generation,Solar,2026-07-27T04:17:26Z
2026-07-27T04:13:26Z,2026-07-27T06:13:26+0200,dabcd32d-9433-4dbd-a505-ea8cec1be0d4,2026-07-02T00:15:00Z,2026-07-02T02:15:00+0200,0.0,MW,DK1,DK_1,forecast_solar_generation,Solar,2026-07-27T04:17:26Z
2026-07-27T04:13:26Z,2026-07-27T06:13:26+0200,dabcd32d-9433-4dbd-a505-ea8cec1be0d4,2026-07-02T00:30:00Z,2026-07-02T02:30:00+0200,0.0,MW,DK1,DK_1,forecast_solar_generation,Solar,2026-07-27T04:17:26Z
2026-07-27T04:13:26Z,2026-07-27T06:13:26+0200,dabcd32d-9433-4dbd-a505-ea8cec1be0d4,2026-07-02T00:45:00Z,2026-07-02T02:45:00+0200,0.0,MW,DK1,DK_1,forecast_solar_generation,Solar,2026-07-27T04:17:26Z
2026-07-27T04:13:26Z,2026-07-27T06:13:26+0200,dabcd32d-9433-4dbd-a505-ea8cec1be0d4,2026-07-02T01:00:00Z,2026-07-02T03:00:00+0200,0.0,MW,DK1,DK_1,forecast_solar_generation,Solar,2026-07-27T04:17:26Z
2026-07-27T04:13:26Z,2026-07-27T06:13:26+0200,dabcd32d-9433-4dbd-a505-ea8cec1be0d4,2026-07-02T01:15:00Z,2026-07-02T03:15:00+0200,0.0,MW,DK1,DK_1,forecast_solar_generation,Solar,2026-07-27T04:17:26Z
2026-07-27T04:13:26Z,2026-07-27T06:13:26+0200,dabcd32d-9433-4dbd-a505-ea8cec1be0d4,2026-07-02T01:30:00Z,2026-07-02T03:30:00+0200,0.0,MW,DK1,DK_1,forecast_solar_generation,Solar,2026-07-27T04:17:26Z
2026-07-27T04:13:26Z,2026-07-27T06:13:26+0200,dabcd32d-9433-4dbd-a505-ea8cec1be0d4,2026-07-02T01:45:00Z,2026-07-02T03:45:00+0200,0.0,MW,DK1,DK_1,forecast_solar_generation,Solar,2026-07-27T04:17:26Z
2026-07-27T04:13:26Z,2026-07-27T06:13:26+0200,dabcd32d-9433-4dbd-a505-ea8cec1be0d4,2026-07-02T02:00:00Z,2026-07-02T04:00:00+0200,0.0,MW,DK1,DK_1,forecast_solar_generation,Solar,2026-07-27T04:17:26Z
2026-07-27T04:13:26Z,2026-07-27T06:13:26+0200,dabcd32d-9433-4dbd-a505-ea8cec1be0d4,2026-07-02T02:15:00Z,2026-07-02T04:15:00+0200,0.0,MW,DK1,DK_1,forecast_solar_generation,Solar,2026-07-27T04:17:26Z
2026-07-27T04:13:26Z,2026-07-27T06:13:26+0200,dabcd32d-9433-4dbd-a505-ea8cec1be0d4,2026-07-02T02:30:00Z,2026-07-02T04:30:00+0200,0.041666,MW,DK1,DK_1,forecast_solar_generation,Solar,2026-07-27T04:17:26Z
2026-07-27T04:13:26Z,2026-07-27T06:13:26+0200,dabcd32d-9433-4dbd-a505-ea8cec1be0d4,2026-07-02T02:45:00Z,2026-07-02T04:45:00+0200,0.879999,MW,DK1,DK_1,forecast_solar_generation,Solar,2026-07-27T04:17:26Z
2026-07-27T04:13:26Z,2026-07-27T06:13:26+0200,dabcd32d-9433-4dbd-a505-ea8cec1be0d4,2026-07-02T03:00:00Z,2026-07-02T05:00:00+0200,6.2,MW,DK1,DK_1,forecast_solar_generation,Solar,2026-07-27T04:17:26Z
2026-07-27T04:13:26Z,2026-07-27T06:13:26+0200,dabcd32d-9433-4dbd-a505-ea8cec1be0d4,2026-07-02T03:15:00Z,2026-07-02T05:15:00+0200,21.801666,MW,DK1,DK_1,forecast_solar_generation,Solar,2026-07-27T04:17:26Z
2026-07-27T04:13:26Z,2026-07-27T06:13:26+0200,dabcd32d-9433-4dbd-a505-ea8cec1be0d4,2026-07-02T03:30:00Z,2026-07-02T05:30:00+0200,48.643333,MW,DK1,DK_1,forecast_solar_generation,Solar,2026-07-27T04:17:26Z
2026-07-27T04:13:26Z,2026-07-27T06:13:26+0200,dabcd32d-9433-4dbd-a505-ea8cec1be0d4,2026-07-02T03:45:00Z,2026-07-02T05:45:00+0200,81.538333,MW,DK1,DK_1,forecast_solar_generation,Solar,2026-07-27T04:17:26Z
2026-07-27T04:13:26Z,2026-07-27T06:13:26+0200,dabcd32d-9433-4dbd-a505-ea8cec1be0d4,2026-07-02T04:00:00Z,2026-07-02T06:00:00+0200,117.053333,MW,DK1,DK_1,forecast_solar_generation,Solar,2026-07-27T04:17:26Z
2026-07-27T04:13:26Z,2026-07-27T06:13:26+0200,dabcd32d-9433-4dbd-a505-ea8cec1be0d4,2026-07-02T04:15:00Z,2026-07-02T06:15:00+0200,154.85,MW,DK1,DK_1,forecast_solar_generation,Solar,2026-07-27T04:17:26Z
2026-07-27T04:13:26Z,2026-07-27T06:13:26+0200,dabcd32d-9433-4dbd-a505-ea8cec1be0d4,2026-07-02T04:30:00Z,2026-07-02T06:30:00+0200,194.989999,MW,DK1,DK_1,forecast_solar_generation,Solar,2026-07-27T04:17:26Z
2026-07-27T04:13:26Z,2026-07-27T06:13:26+0200,dabcd32d-9433-4dbd-a505-ea8cec1be0d4,2026-07-02T04:45:00Z,2026-07-02T06:45:00+0200,231.221666,MW,DK1,DK_1,forecast_solar_generation,Solar,2026-07-27T04:17:26Z
2026-07-27T04:13:26Z,2026-07-27T06:13:26+0200,dabcd32d-9433-4dbd-a505-ea8cec1be0d4,2026-07-02T05:00:00Z,2026-07-02T07:00:00+0200,262.566666,MW,DK1,DK_1,forecast_solar_generation,Solar,2026-07-27T04:17:26Z
2026-07-27T04:13:26Z,2026-07-27T06:13:26+0200,dabcd32d-9433-4dbd-a505-ea8cec1be0d4,2026-07-02T05:15:00Z,2026-07-02T07:15:00+0200,292.79,MW,DK1,DK_1,forecast_solar_generation,Solar,2026-07-27T04:17:26Z
2026-07-27T04:13:26Z,2026-07-27T06:13:26+0200,dabcd32d-9433-4dbd-a505-ea8cec1be0d4,2026-07-02T05:30:00Z,2026-07-02T07:30:00+0200,326.871666,MW,DK1,DK_1,forecast_solar_generation,Solar,2026-07-27T04:17:26Z
2026-07-27T04:13:26Z,2026-07-27T06:13:26+0200,dabcd32d-9433-4dbd-a505-ea8cec1be0d4,2026-07-02T05:45:00Z,2026-07-02T07:45:00+0200,356.623333,MW,DK1,DK_1,forecast_solar_generation,Solar,2026-07-27T04:17:26Z
2026-07-27T04:13:26Z,2026-07-27T06:13:26+0200,dabcd32d-9433-4dbd-a505-ea8cec1be0d4,2026-07-02T06:00:00Z,2026-07-02T08:00:00+0200,379.885,MW,DK1,DK_1,forecast_solar_generation,Solar,2026-07-27T04:17:26Z
2026-07-27T04:13:26Z,2026-07-27T06:13:26+0200,dabcd32d-9433-4dbd-a505-ea8cec1be0d4,2026-07-02T06:15:00Z,2026-07-02T08:15:00+0200,399.895,MW,DK1,DK_1,forecast_solar_generation,Solar,2026-07-27T04:17:26Z
2026-07-27T04:13:26Z,2026-07-27T06:13:26+0200,dabcd32d-9433-4dbd-a505-ea8cec1be0d4,2026-07-02T06:30:00Z,2026-07-02T08:30:00+0200,419.533333,MW,DK1,DK_1,forecast_solar_generation,Solar,2026-07-27T04:17:26Z
2026-07-27T04:13:26Z,2026-07-27T06:13:26+0200,dabcd32d-9433-4dbd-a505-ea8cec1be0d4,2026-07-02T06:45:00Z,2026-07-02T08:45:00+0200,434.275,MW,DK1,DK_1,forecast_solar_generation,Solar,2026-07-27T04:17:26Z
2026-07-27T04:13:26Z,2026-07-27T06:13:26+0200,dabcd32d-9433-4dbd-a505-ea8cec1be0d4,2026-07-02T07:00:00Z,2026-07-02T09:00:00+0200,443.493333,MW,DK1,DK_1,forecast_solar_generation,Solar,2026-07-27T04:17:26Z
2026-07-27T04:13:26Z,2026-07-27T06:13:26+0200,dabcd32d-9433-4dbd-a505-ea8cec1be0d4,2026-07-02T07:15:00Z,2026-07-02T09:15:00+0200,449.286666,MW,DK1,DK_1,forecast_solar_generation,Solar,2026-07-27T04:17:26Z
2026-07-27T04:13:26Z,2026-07-27T06:13:26+0200,dabcd32d-9433-4dbd-a505-ea8cec1be0d4,2026-07-02T07:30:00Z,2026-07-02T09:30:00+0200,440.291666,MW,DK1,DK_1,forecast_solar_generation,Solar,2026-07-27T04:17:26Z
2026-07-27T04:13:26Z,2026-07-27T06:13:26+0200,dabcd32d-9433-4dbd-a505-ea8cec1be0d4,2026-07-02T07:45:00Z,2026-07-02T09:45:00+0200,383.643333,MW,DK1,DK_1,forecast_solar_generation,Solar,2026-07-27T04:17:26Z
2026-07-27T04:13:26Z,2026-07-27T06:13:26+0200,dabcd32d-9433-4dbd-a505-ea8cec1be0d4,2026-07-02T08:00:00Z,2026-07-02T10:00:00+0200,432.068333,MW,DK1,DK_1,forecast_solar_generation,Solar,2026-07-27T04:17:26Z
2026-07-27T04:13:26Z,2026-07-27T06:13:26+0200,dabcd32d-9433-4dbd-a505-ea8cec1be0d4,2026-07-02T08:15:00Z,2026-07-02T10:15:00+0200,394.08,MW,DK1,DK_1,forecast_solar_generation,Solar,2026-07-27T04:17:26Z
2026-07-27T04:13:26Z,2026-07-27T06:13:26+0200,dabcd32d-9433-4dbd-a505-ea8cec1be0d4,2026-07-02T08:30:00Z,2026-07-02T10:30:00+0200,348.213333,MW,DK1,DK_1,forecast_solar_generation,Solar,2026-07-27T04:17:26Z
2026-07-27T04:13:26Z,2026-07-27T06:13:26+0200,dabcd32d-9433-4dbd-a505-ea8cec1be0d4,2026-07-02T08:45:00Z,2026-07-02T10:45:00+0200,339.201666,MW,DK1,DK_1,forecast_solar_generation,Solar,2026-07-27T04:17:26Z
2026-07-27T04:13:26Z,2026-07-27T06:13:26+0200,dabcd32d-9433-4dbd-a505-ea8cec1be0d4,2026-07-02T09:00:00Z,2026-07-02T11:00:00+0200,364.338333,MW,DK1,DK_1,forecast_solar_generation,Solar,2026-07-27T04:17:26Z
2026-07-27T04:13:26Z,2026-07-27T06:13:26+0200,dabcd32d-9433-4dbd-a505-ea8cec1be0d4,2026-07-02T09:15:00Z,2026-07-02T11:15:00+0200,357.123333,MW,DK1,DK_1,forecast_solar_generation,Solar,2026-07-27T04:17:26Z
2026-07-27T04:13:26Z,2026-07-27T06:13:26+0200,dabcd32d-9433-4dbd-a505-ea8cec1be0d4,2026-07-02T09:30:00Z,2026-07-02T11:30:00+0200,353.879999,MW,DK1,DK_1,forecast_solar_generation,Solar,2026-07-27T04:17:26Z
2026-07-27T04:13:26Z,2026-07-27T06:13:26+0200,dabcd32d-9433-4dbd-a505-ea8cec1be0d4,2026-07-02T09:45:00Z,2026-07-02T11:45:00+0200,353.256666,MW,DK1,DK_1,forecast_solar_generation,Solar,2026-07-27T04:17:26Z
2026-07-27T04:13:26Z,2026-07-27T06:13:26+0200,dabcd32d-9433-4dbd-a505-ea8cec1be0d4,2026-07-02T10:00:00Z,2026-07-02T12:00:00+0200,354.42,MW,DK1,DK_1,forecast_solar_generation,Solar,2026-07-27T04:17:26Z
2026-07-27T04:13:26Z,2026-07-27T06:13:26+0200,dabcd32d-9433-4dbd-a505-ea8cec1be0d4,2026-07-02T10:15:00Z,2026-07-02T12:15:00+0200,356.695,MW,DK1,DK_1,forecast_solar_generation,Solar,2026-07-27T04:17:26Z
2026-07-27T04:13:26Z,2026-07-27T06:13:26+0200,dabcd32d-9433-4dbd-a505-ea8cec1be0d4,2026-07-02T10:30:00Z,2026-07-02T12:30:00+0200,370.39,MW,DK1,DK_1,forecast_solar_generation,Solar,2026-07-27T04:17:26Z
2026-07-27T04:13:26Z,2026-07-27T06:13:26+0200,dabcd32d-9433-4dbd-a505-ea8cec1be0d4,2026-07-02T10:45:00Z,2026-07-02T12:45:00+0200,389.208333,MW,DK1,DK_1,forecast_solar_generation,Solar,2026-07-27T04:17:26Z
2026-07-27T04:13:26Z,2026-07-27T06:13:26+0200,dabcd32d-9433-4dbd-a505-ea8cec1be0d4,2026-07-02T11:00:00Z,2026-07-02T13:00:00+0200,410.849999,MW,DK1,DK_1,forecast_solar_generation,Solar,2026-07-27T04:17:26Z
2026-07-27T04:13:26Z,2026-07-27T06:13:26+0200,dabcd32d-9433-4dbd-a505-ea8cec1be0d4,2026-07-02T11:15:00Z,2026-07-02T13:15:00+0200,428.428333,MW,DK1,DK_1,forecast_solar_generation,Solar,2026-07-27T04:17:26Z
2026-07-27T04:13:26Z,2026-07-27T06:13:26+0200,dabcd32d-9433-4dbd-a505-ea8cec1be0d4,2026-07-02T11:30:00Z,2026-07-02T13:30:00+0200,441.153333,MW,DK1,DK_1,forecast_solar_generation,Solar,2026-07-27T04:17:26Z
2026-07-27T04:13:26Z,2026-07-27T06:13:26+0200,dabcd32d-9433-4dbd-a505-ea8cec1be0d4,2026-07-02T11:45:00Z,2026-07-02T13:45:00+0200,475.48,MW,DK1,DK_1,forecast_solar_generation,Solar,2026-07-27T04:17:26Z
2026-07-27T04:13:26Z,2026-07-27T06:13:26+0200,dabcd32d-9433-4dbd-a505-ea8cec1be0d4,2026-07-02T12:00:00Z,2026-07-02T14:00:00+0200,512.695,MW,DK1,DK_1,forecast_solar_generation,Solar,2026-07-27T04:17:26Z
2026-07-27T04:13:26Z,2026-07-27T06:13:26+0200,dabcd32d-9433-4dbd-a505-ea8cec1be0d4,2026-07-02T12:15:00Z,2026-07-02T14:15:00+0200,546.18,MW,DK1,DK_1,forecast_solar_generation,Solar,2026-07-27T04:17:26Z
2026-07-27T04:13:26Z,2026-07-27T06:13:26+0200,dabcd32d-9433-4dbd-a505-ea8cec1be0d4,2026-07-02T12:30:00Z,2026-07-02T14:30:00+0200,551.67,MW,DK1,DK_1,forecast_solar_generation,Solar,2026-07-27T04:17:26Z
2026-07-27T04:13:26Z,2026-07-27T06:13:26+0200,dabcd32d-9433-4dbd-a505-ea8cec1be0d4,2026-07-02T12:45:00Z,2026-07-02T14:45:00+0200,456.476666,MW,DK1,DK_1,forecast_solar_generation,Solar,2026-07-27T04:17:26Z
2026-07-27T04:13:26Z,2026-07-27T06:13:26+0200,dabcd32d-9433-4dbd-a505-ea8cec1be0d4,2026-07-02T13:00:00Z,2026-07-02T15:00:00+0200,479.523333,MW,DK1,DK_1,forecast_solar_generation,Solar,2026-07-27T04:17:26Z
2026-07-27T04:13:26Z,2026-07-27T06:13:26+0200,dabcd32d-9433-4dbd-a505-ea8cec1be0d4,2026-07-02T13:15:00Z,2026-07-02T15:15:00+0200,498.811666,MW,DK1,DK_1,forecast_solar_generation,Solar,2026-07-27T04:17:26Z
2026-07-27T04:13:26Z,2026-07-27T06:13:26+0200,dabcd32d-9433-4dbd-a505-ea8cec1be0d4,2026-07-02T13:30:00Z,2026-07-02T15:30:00+0200,510.766666,MW,DK1,DK_1,forecast_solar_generation,Solar,2026-07-27T04:17:26Z
2026-07-27T04:13:26Z,2026-07-27T06:13:26+0200,dabcd32d-9433-4dbd-a505-ea8cec1be0d4,2026-07-02T13:45:00Z,2026-07-02T15:45:00+0200,524.873333,MW,DK1,DK_1,forecast_solar_generation,Solar,2026-07-27T04:17:26Z
2026-07-27T04:13:26Z,2026-07-27T06:13:26+0200,dabcd32d-9433-4dbd-a505-ea8cec1be0d4,2026-07-02T14:00:00Z,2026-07-02T16:00:00+0200,567.225,MW,DK1,DK_1,forecast_solar_generation,Solar,2026-07-27T04:17:26Z
2026-07-27T04:13:26Z,2026-07-27T06:13:26+0200,dabcd32d-9433-4dbd-a505-ea8cec1be0d4,2026-07-02T14:15:00Z,2026-07-02T16:15:00+0200,616.701666,MW,DK1,DK_1,forecast_solar_generation,Solar,2026-07-27T04:17:26Z
2026-07-27T04:13:26Z,2026-07-27T06:13:26+0200,dabcd32d-9433-4dbd-a505-ea8cec1be0d4,2026-07-02T14:30:00Z,2026-07-02T16:30:00+0200,777.356666,MW,DK1,DK_1,forecast_solar_generation,Solar,2026-07-27T04:17:26Z
2026-07-27T04:13:26Z,2026-07-27T06:13:26+0200,dabcd32d-9433-4dbd-a505-ea8cec1be0d4,2026-07-02T14:45:00Z,2026-07-02T16:45:00+0200,729.895,MW,DK1,DK_1,forecast_solar_generation,Solar,2026-07-27T04:17:26Z
2026-07-27T04:13:26Z,2026-07-27T06:13:26+0200,dabcd32d-9433-4dbd-a505-ea8cec1be0d4,2026-07-02T15:00:00Z,2026-07-02T17:00:00+0200,705.658333,MW,DK1,DK_1,forecast_solar_generation,Solar,2026-07-27T04:17:26Z
2026-07-27T04:13:26Z,2026-07-27T06:13:26+0200,dabcd32d-9433-4dbd-a505-ea8cec1be0d4,2026-07-02T15:15:00Z,2026-07-02T17:15:00+0200,561.79,MW,DK1,DK_1,forecast_solar_generation,Solar,2026-07-27T04:17:26Z
2026-07-27T04:13:26Z,2026-07-27T06:13:26+0200,dabcd32d-9433-4dbd-a505-ea8cec1be0d4,2026-07-02T15:30:00Z,2026-07-02T17:30:00+0200,534.978333,MW,DK1,DK_1,forecast_solar_generation,Solar,2026-07-27T04:17:26Z
2026-07-27T04:13:26Z,2026-07-27T06:13:26+0200,dabcd32d-9433-4dbd-a505-ea8cec1be0d4,2026-07-02T15:45:00Z,2026-07-02T17:45:00+0200,537.431666,MW,DK1,DK_1,forecast_solar_generation,Solar,2026-07-27T04:17:26Z
2026-07-27T04:13:26Z,2026-07-27T06:13:26+0200,dabcd32d-9433-4dbd-a505-ea8cec1be0d4,2026-07-02T16:00:00Z,2026-07-02T18:00:00+0200,689.971666,MW,DK1,DK_1,forecast_solar_generation,Solar,2026-07-27T04:17:26Z
2026-07-27T04:13:26Z,2026-07-27T06:13:26+0200,dabcd32d-9433-4dbd-a505-ea8cec1be0d4,2026-07-02T16:15:00Z,2026-07-02T18:15:00+0200,732.895,MW,DK1,DK_1,forecast_solar_generation,Solar,2026-07-27T04:17:26Z
2026-07-27T04:13:26Z,2026-07-27T06:13:26+0200,dabcd32d-9433-4dbd-a505-ea8cec1be0d4,2026-07-02T16:30:00Z,2026-07-02T18:30:00+0200,658.521666,MW,DK1,DK_1,forecast_solar_generation,Solar,2026-07-27T04:17:26Z
2026-07-27T04:13:26Z,2026-07-27T06:13:26+0200,dabcd32d-9433-4dbd-a505-ea8cec1be0d4,2026-07-02T16:45:00Z,2026-07-02T18:45:00+0200,580.253333,MW,DK1,DK_1,forecast_solar_generation,Solar,2026-07-27T04:17:26Z
2026-07-27T04:13:26Z,2026-07-27T06:13:26+0200,dabcd32d-9433-4dbd-a505-ea8cec1be0d4,2026-07-02T17:00:00Z,2026-07-02T19:00:00+0200,503.898333,MW,DK1,DK_1,forecast_solar_generation,Solar,2026-07-27T04:17:26Z
2026-07-27T04:13:26Z,2026-07-27T06:13:26+0200,dabcd32d-9433-4dbd-a505-ea8cec1be0d4,2026-07-02T17:15:00Z,2026-07-02T19:15:00+0200,431.635,MW,DK1,DK_1,forecast_solar_generation,Solar,2026-07-27T04:17:26Z
2026-07-27T04:13:26Z,2026-07-27T06:13:26+0200,dabcd32d-9433-4dbd-a505-ea8cec1be0d4,2026-07-02T17:30:00Z,2026-07-02T19:30:00+0200,364.63,MW,DK1,DK_1,forecast_solar_generation,Solar,2026-07-27T04:17:26Z
2026-07-27T04:13:26Z,2026-07-27T06:13:26+0200,dabcd32d-9433-4dbd-a505-ea8cec1be0d4,2026-07-02T17:45:00Z,2026-07-02T19:45:00+0200,302.753333,MW,DK1,DK_1,forecast_solar_generation,Solar,2026-07-27T04:17:26Z
2026-07-27T04:13:26Z,2026-07-27T06:13:26+0200,dabcd32d-9433-4dbd-a505-ea8cec1be0d4,2026-07-02T18:00:00Z,2026-07-02T20:00:00+0200,245.485,MW,DK1,DK_1,forecast_solar_generation,Solar,2026-07-27T04:17:26Z
2026-07-27T04:13:26Z,2026-07-27T06:13:26+0200,dabcd32d-9433-4dbd-a505-ea8cec1be0d4,2026-07-02T18:15:00Z,2026-07-02T20:15:00+0200,191.66,MW,DK1,DK_1,forecast_solar_generation,Solar,2026-07-27T04:17:26Z
2026-07-27T04:13:26Z,2026-07-27T06:13:26+0200,dabcd32d-9433-4dbd-a505-ea8cec1be0d4,2026-07-02T18:30:00Z,2026-07-02T20:30:00+0200,143.286666,MW,DK1,DK_1,forecast_solar_generation,Solar,2026-07-27T04:17:26Z
2026-07-27T04:13:26Z,2026-07-27T06:13:26+0200,dabcd32d-9433-4dbd-a505-ea8cec1be0d4,2026-07-02T18:45:00Z,2026-07-02T20:45:00+0200,103.496666,MW,DK1,DK_1,forecast_solar_generation,Solar,2026-07-27T04:17:26Z
2026-07-27T04:13:26Z,2026-07-27T06:13:26+0200,dabcd32d-9433-4dbd-a505-ea8cec1be0d4,2026-07-02T19:00:00Z,2026-07-02T21:00:00+0200,67.338333,MW,DK1,DK_1,forecast_solar_generation,Solar,2026-07-27T04:17:26Z
2026-07-27T04:13:26Z,2026-07-27T06:13:26+0200,dabcd32d-9433-4dbd-a505-ea8cec1be0d4,2026-07-02T19:15:00Z,2026-07-02T21:15:00+0200,34.668333,MW,DK1,DK_1,forecast_solar_generation,Solar,2026-07-27T04:17:26Z
2026-07-27T04:13:26Z,2026-07-27T06:13:26+0200,dabcd32d-9433-4dbd-a505-ea8cec1be0d4,2026-07-02T19:30:00Z,2026-07-02T21:30:00+0200,11.366666,MW,DK1,DK_1,forecast_solar_generation,Solar,2026-07-27T04:17:26Z
2026-07-27T04:13:26Z,2026-07-27T06:13:26+0200,dabcd32d-9433-4dbd-a505-ea8cec1be0d4,2026-07-02T19:45:00Z,2026-07-02T21:45:00+0200,1.934999,MW,DK1,DK_1,forecast_solar_generation,Solar,2026-07-27T04:17:26Z
2026-07-27T04:13:26Z,2026-07-27T06:13:26+0200,dabcd32d-9433-4dbd-a505-ea8cec1be0d4,2026-07-02T20:00:00Z,2026-07-02T22:00:00+0200,0.145,MW,DK1,DK_1,forecast_solar_generation,Solar,2026-07-27T04:17:26Z
2026-07-27T04:13:26Z,2026-07-27T06:13:26+0200,dabcd32d-9433-4dbd-a505-ea8cec1be0d4,2026-07-02T20:15:00Z,2026-07-02T22:15:00+0200,0.001666,MW,DK1,DK_1,forecast_solar_generation,Solar,2026-07-27T04:17:26Z
2026-07-27T04:13:26Z,2026-07-27T06:13:26+0200,dabcd32d-9433-4dbd-a505-ea8cec1be0d4,2026-07-02T20:30:00Z,2026-07-02T22:30:00+0200,0.0,MW,DK1,DK_1,forecast_solar_generation,Solar,2026-07-27T04:17:26Z
2026-07-27T04:13:26Z,2026-07-27T06:13:26+0200,dabcd32d-9433-4dbd-a505-ea8cec1be0d4,2026-07-02T20:45:00Z,2026-07-02T22:45:00+0200,0.0,MW,DK1,DK_1,forecast_solar_generation,Solar,2026-07-27T04:17:26Z
2026-07-27T04:13:26Z,2026-07-27T06:13:26+0200,dabcd32d-9433-4dbd-a505-ea8cec1be0d4,2026-07-02T21:00:00Z,2026-07-02T23:00:00+0200,0.0,MW,DK1,DK_1,forecast_solar_generation,Solar,2026-07-27T04:17:26Z
2026-07-27T04:13:26Z,2026-07-27T06:13:26+0200,dabcd32d-9433-4dbd-a505-ea8cec1be0d4,2026-07-02T21:15:00Z,2026-07-02T23:15:00+0200,0.0,MW,DK1,DK_1,forecast_solar_generation,Solar,2026-07-27T04:17:26Z
2026-07-27T04:13:26Z,2026-07-27T06:13:26+0200,dabcd32d-9433-4dbd-a505-ea8cec1be0d4,2026-07-02T21:30:00Z,2026-07-02T23:30:00+0200,0.0,MW,DK1,DK_1,forecast_solar_generation,Solar,2026-07-27T04:17:26Z
2026-07-27T04:13:26Z,2026-07-27T06:13:26+0200,dabcd32d-9433-4dbd-a505-ea8cec1be0d4,2026-07-02T21:45:00Z,2026-07-02T23:45:00+0200,0.0,MW,DK1,DK_1,forecast_solar_generation,Solar,2026-07-27T04:17:26Z
2026-07-27T04:13:26Z,2026-07-27T06:13:26+0200,dabcd32d-9433-4dbd-a505-ea8cec1be0d4,2026-07-02T22:00:00Z,2026-07-03T00:00:00+0200,0.0,MW,DK1,DK_1,forecast_solar_generation,Solar,2026-07-27T04:17:26Z
2026-07-27T04:13:26Z,2026-07-27T06:13:26+0200,dabcd32d-9433-4dbd-a505-ea8cec1be0d4,2026-07-02T22:15:00Z,2026-07-03T00:15:00+0200,0.0,MW,DK1,DK_1,forecast_solar_generation,Solar,2026-07-27T04:17:26Z
2026-07-27T04:13:26Z,2026-07-27T06:13:26+0200,dabcd32d-9433-4dbd-a505-ea8cec1be0d4,2026-07-02T22:30:00Z,2026-07-03T00:30:00+0200,0.0,MW,DK1,DK_1,forecast_solar_generation,Solar,2026-07-27T04:17:26Z
2026-07-27T04:13:26Z,2026-07-27T06:13:26+0200,dabcd32d-9433-4dbd-a505-ea8cec1be0d4,2026-07-02T22:45:00Z,2026-07-03T00:45:00+0200,0.0,MW,DK1,DK_1,forecast_solar_generation,Solar,2026-07-27T04:17:26Z
2026-07-27T04:13:26Z,2026-07-27T06:13:26+0200,dabcd32d-9433-4dbd-a505-ea8cec1be0d4,2026-07-02T23:00:00Z,2026-07-03T01:00:00+0200,0.0,MW,DK1,DK_1,forecast_solar_generation,Solar,2026-07-27T04:17:26Z
2026-07-27T04:13:26Z,2026-07-27T06:13:26+0200,dabcd32d-9433-4dbd-a505-ea8cec1be0d4,2026-07-02T23:15:00Z,2026-07-03T01:15:00+0200,0.0,MW,DK1,DK_1,forecast_solar_generation,Solar,2026-07-27T04:17:26Z
2026-07-27T04:13:26Z,2026-07-27T06:13:26+0200,dabcd32d-9433-4dbd-a505-ea8cec1be0d4,2026-07-02T23:30:00Z,2026-07-03T01:30:00+0200,0.0,MW,DK1,DK_1,forecast_solar_generation,Solar,2026-07-27T04:17:26Z
2026-07-27T04:13:26Z,2026-07-27T06:13:26+0200,dabcd32d-9433-4dbd-a505-ea8cec1be0d4,2026-07-02T23:45:00Z,2026-07-03T01:45:00+0200,0.0,MW,DK1,DK_1,forecast_solar_generation,Solar,2026-07-27T04:17:26Z
2026-07-27T04:13:26Z,2026-07-27T06:13:26+0200,dabcd32d-9433-4dbd-a505-ea8cec1be0d4,2026-07-03T00:00:00Z,2026-07-03T02:00:00+0200,0.0,MW,DK1,DK_1,forecast_solar_generation,Solar,2026-07-27T04:17:26Z
2026-07-27T04:13:26Z,2026-07-27T06:13:26+0200,dabcd32d-9433-4dbd-a505-ea8cec1be0d4,2026-07-03T00:15:00Z,2026-07-03T02:15:00+0200,0.0,MW,DK1,DK_1,forecast_solar_generation,Solar,2026-07-27T04:17:26Z
2026-07-27T04:13:26Z,2026-07-27T06:13:26+0200,dabcd32d-9433-4dbd-a505-ea8cec1be0d4,2026-07-03T00:30:00Z,2026-07-03T02:30:00+0200,0.0,MW,DK1,DK_1,forecast_solar_generation,Solar,2026-07-27T04:17:26Z
2026-07-27T04:13:26Z,2026-07-27T06:13:26+0200,dabcd32d-9433-4dbd-a505-ea8cec1be0d4,2026-07-03T00:45:00Z,2026-07-03T02:45:00+0200,0.0,MW,DK1,DK_1,forecast_solar_generation,Solar,2026-07-27T04:17:26Z
2026-07-27T04:13:26Z,2026-07-27T06:13:26+0200,dabcd32d-9433-4dbd-a505-ea8cec1be0d4,2026-07-03T01:00:00Z,2026-07-03T03:00:00+0200,0.0,MW,DK1,DK_1,forecast_solar_generation,Solar,2026-07-27T04:17:26Z
2026-07-27T04:13:26Z,2026-07-27T06:13:26+0200,dabcd32d-9433-4dbd-a505-ea8cec1be0d4,2026-07-03T01:15:00Z,2026-07-03T03:15:00+0200,0.0,MW,DK1,DK_1,forecast_solar_generation,Solar,2026-07-27T04:17:26Z
2026-07-27T04:13:26Z,2026-07-27T06:13:26+0200,dabcd32d-9433-4dbd-a505-ea8cec1be0d4,2026-07-03T01:30:00Z,2026-07-03T03:30:00+0200,0.0,MW,DK1,DK_1,forecast_solar_generation,Solar,2026-07-27T04:17:26Z
2026-07-27T04:13:26Z,2026-07-27T06:13:26+0200,dabcd32d-9433-4dbd-a505-ea8cec1be0d4,2026-07-03T01:45:00Z,2026-07-03T03:45:00+0200,0.0,MW,DK1,DK_1,forecast_solar_generation,Solar,2026-07-27T04:17:26Z
2026-07-27T04:13:26Z,2026-07-27T06:13:26+0200,dabcd32d-9433-4dbd-a505-ea8cec1be0d4,2026-07-03T02:00:00Z,2026-07-03T04:00:00+0200,0.0,MW,DK1,DK_1,forecast_solar_generation,Solar,2026-07-27T04:17:26Z
2026-07-27T04:13:26Z,2026-07-27T06:13:26+0200,dabcd32d-9433-4dbd-a505-ea8cec1be0d4,2026-07-03T02:15:00Z,2026-07-03T04:15:00+0200,0.0,MW,DK1,DK_1,forecast_solar_generation,Solar,2026-07-27T04:17:26Z
2026-07-27T04:13:26Z,2026-07-27T06:13:26+0200,dabcd32d-9433-4dbd-a505-ea8cec1be0d4,2026-07-03T02:30:00Z,2026-07-03T04:30:00+0200,0.03,MW,DK1,DK_1,forecast_solar_generation,Solar,2026-07-27T04:17:26Z
2026-07-27T04:13:26Z,2026-07-27T06:13:26+0200,dabcd32d-9433-4dbd-a505-ea8cec1be0d4,2026-07-03T02:45:00Z,2026-07-03T04:45:00+0200,0.553333,MW,DK1,DK_1,forecast_solar_generation,Solar,2026-07-27T04:17:26Z
2026-07-27T04:13:26Z,2026-07-27T06:13:26+0200,dabcd32d-9433-4dbd-a505-ea8cec1be0d4,2026-07-03T03:00:00Z,2026-07-03T05:00:00+0200,3.858333,MW,DK1,DK_1,forecast_solar_generation,Solar,2026-07-27T04:17:26Z
2026-07-27T04:13:26Z,2026-07-27T06:13:26+0200,dabcd32d-9433-4dbd-a505-ea8cec1be0d4,2026-07-03T03:15:00Z,2026-07-03T05:15:00+0200,14.323333,MW,DK1,DK_1,forecast_solar_generation,Solar,2026-07-27T04:17:26Z
2026-07-27T04:13:26Z,2026-07-27T06:13:26+0200,dabcd32d-9433-4dbd-a505-ea8cec1be0d4,2026-07-03T03:30:00Z,2026-07-03T05:30:00+0200,33.843333,MW,DK1,DK_1,forecast_solar_generation,Solar,2026-07-27T04:17:26Z
2026-07-27T04:13:26Z,2026-07-27T06:13:26+0200,dabcd32d-9433-4dbd-a505-ea8cec1be0d4,2026-07-03T03:45:00Z,2026-07-03T05:45:00+0200,59.743333,MW,DK1,DK_1,forecast_solar_generation,Solar,2026-07-27T04:17:26Z
2026-07-27T04:13:26Z,2026-07-27T06:13:26+0200,dabcd32d-9433-4dbd-a505-ea8cec1be0d4,2026-07-03T04:00:00Z,2026-07-03T06:00:00+0200,89.891666,MW,DK1,DK_1,forecast_solar_generation,Solar,2026-07-27T04:17:26Z
2026-07-27T04:13:26Z,2026-07-27T06:13:26+0200,dabcd32d-9433-4dbd-a505-ea8cec1be0d4,2026-07-03T04:15:00Z,2026-07-03T06:15:00+0200,125.139999,MW,DK1,DK_1,forecast_solar_generation,Solar,2026-07-27T04:17:26Z
2026-07-27T04:13:26Z,2026-07-27T06:13:26+0200,dabcd32d-9433-4dbd-a505-ea8cec1be0d4,2026-07-03T04:30:00Z,2026-07-03T06:30:00+0200,168.126666,MW,DK1,DK_1,forecast_solar_generation,Solar,2026-07-27T04:17:26Z
2026-07-27T04:13:26Z,2026-07-27T06:13:26+0200,dabcd32d-9433-4dbd-a505-ea8cec1be0d4,2026-07-03T04:45:00Z,2026-07-03T06:45:00+0200,218.5,MW,DK1,DK_1,forecast_solar_generation,Solar,2026-07-27T04:17:26Z
2026-07-27T04:13:26Z,2026-07-27T06:13:26+0200,dabcd32d-9433-4dbd-a505-ea8cec1be0d4,2026-07-03T05:00:00Z,2026-07-03T07:00:00+0200,275.663333,MW,DK1,DK_1,forecast_solar_generation,Solar,2026-07-27T04:17:26Z
2026-07-27T04:13:26Z,2026-07-27T06:13:26+0200,dabcd32d-9433-4dbd-a505-ea8cec1be0d4,2026-07-03T05:15:00Z,2026-07-03T07:15:00+0200,338.226666,MW,DK1,DK_1,forecast_solar_generation,Solar,2026-07-27T04:17:26Z
2026-07-27T04:13:26Z,2026-07-27T06:13:26+0200,dabcd32d-9433-4dbd-a505-ea8cec1be0d4,2026-07-03T05:30:00Z,2026-07-03T07:30:00+0200,405.223333,MW,DK1,DK_1,forecast_solar_generation,Solar,2026-07-27T04:17:26Z
2026-07-27T04:13:26Z,2026-07-27T06:13:26+0200,dabcd32d-9433-4dbd-a505-ea8cec1be0d4,2026-07-03T05:45:00Z,2026-07-03T07:45:00+0200,476.316666,MW,DK1,DK_1,forecast_solar_generation,Solar,2026-07-27T04:17:26Z
2026-07-27T04:13:26Z,2026-07-27T06:13:26+0200,dabcd32d-9433-4dbd-a505-ea8cec1be0d4,2026-07-03T06:00:00Z,2026-07-03T08:00:00+0200,547.04,MW,DK1,DK_1,forecast_solar_generation,Solar,2026-07-27T04:17:26Z
2026-07-27T04:13:26Z,2026-07-27T06:13:26+0200,dabcd32d-9433-4dbd-a505-ea8cec1be0d4,2026-07-03T06:15:00Z,2026-07-03T08:15:00+0200,625.335,MW,DK1,DK_1,forecast_solar_generation,Solar,2026-07-27T04:17:26Z
2026-07-27T04:13:26Z,2026-07-27T06:13:26+0200,dabcd32d-9433-4dbd-a505-ea8cec1be0d4,2026-07-03T06:30:00Z,2026-07-03T08:30:00+0200,706.53,MW,DK1,DK_1,forecast_solar_generation,Solar,2026-07-27T04:17:26Z
2026-07-27T04:13:26Z,2026-07-27T06:13:26+0200,dabcd32d-9433-4dbd-a505-ea8cec1be0d4,2026-07-03T06:45:00Z,2026-07-03T08:45:00+0200,796.845,MW,DK1,DK_1,forecast_solar_generation,Solar,2026-07-27T04:17:26Z
2026-07-27T04:13:26Z,2026-07-27T06:13:26+0200,dabcd32d-9433-4dbd-a505-ea8cec1be0d4,2026-07-03T07:00:00Z,2026-07-03T09:00:00+0200,893.505,MW,DK1,DK_1,forecast_solar_generation,Solar,2026-07-27T04:17:26Z
2026-07-27T04:13:26Z,2026-07-27T06:13:26+0200,dabcd32d-9433-4dbd-a505-ea8cec1be0d4,2026-07-03T07:15:00Z,2026-07-03T09:15:00+0200,975.708333,MW,DK1,DK_1,forecast_solar_generation,Solar,2026-07-27T04:17:26Z
2026-07-27T04:13:26Z,2026-07-27T06:13:26+0200,dabcd32d-9433-4dbd-a505-ea8cec1be0d4,2026-07-03T07:30:00Z,2026-07-03T09:30:00+0200,965.676666,MW,DK1,DK_1,forecast_solar_generation,Solar,2026-07-27T04:17:26Z
2026-07-27T04:13:26Z,2026-07-27T06:13:26+0200,dabcd32d-9433-4dbd-a505-ea8cec1be0d4,2026-07-03T07:45:00Z,2026-07-03T09:45:00+0200,1044.545,MW,DK1,DK_1,forecast_solar_generation,Solar,2026-07-27T04:17:26Z
2026-07-27T04:13:26Z,2026-07-27T06:13:26+0200,dabcd32d-9433-4dbd-a505-ea8cec1be0d4,2026-07-03T08:00:00Z,2026-07-03T10:00:00+0200,1152.673333,MW,DK1,DK_1,forecast_solar_generation,Solar,2026-07-27T04:17:26Z
2026-07-27T04:13:26Z,2026-07-27T06:13:26+0200,dabcd32d-9433-4dbd-a505-ea8cec1be0d4,2026-07-03T08:15:00Z,2026-07-03T10:15:00+0200,1231.379999,MW,DK1,DK_1,forecast_solar_generation,Solar,2026-07-27T04:17:26Z
2026-07-27T04:13:26Z,2026-07-27T06:13:26+0200,dabcd32d-9433-4dbd-a505-ea8cec1be0d4,2026-07-03T08:30:00Z,2026-07-03T10:30:00+0200,1257.918333,MW,DK1,DK_1,forecast_solar_generation,Solar,2026-07-27T04:17:26Z
2026-07-27T04:13:26Z,2026-07-27T06:13:26+0200,dabcd32d-9433-4dbd-a505-ea8cec1be0d4,2026-07-03T08:45:00Z,2026-07-03T10:45:00+0200,1308.15,MW,DK1,DK_1,forecast_solar_generation,Solar,2026-07-27T04:17:26Z
2026-07-27T04:13:26Z,2026-07-27T06:13:26+0200,dabcd32d-9433-4dbd-a505-ea8cec1be0d4,2026-07-03T09:00:00Z,2026-07-03T11:00:00+0200,1371.731666,MW,DK1,DK_1,forecast_solar_generation,Solar,2026-07-27T04:17:26Z
2026-07-27T04:13:26Z,2026-07-27T06:13:26+0200,dabcd32d-9433-4dbd-a505-ea8cec1be0d4,2026-07-03T09:15:00Z,2026-07-03T11:15:00+0200,1424.59,MW,DK1,DK_1,forecast_solar_generation,Solar,2026-07-27T04:17:26Z
2026-07-27T04:13:26Z,2026-07-27T06:13:26+0200,dabcd32d-9433-4dbd-a505-ea8cec1be0d4,2026-07-03T09:30:00Z,2026-07-03T11:30:00+0200,1465.371666,MW,DK1,DK_1,forecast_solar_generation,Solar,2026-07-27T04:17:26Z
2026-07-27T04:13:26Z,2026-07-27T06:13:26+0200,dabcd32d-9433-4dbd-a505-ea8cec1be0d4,2026-07-03T09:45:00Z,2026-07-03T11:45:00+0200,1511.28,MW,DK1,DK_1,forecast_solar_generation,Solar,2026-07-27T04:17:26Z
2026-07-27T04:13:26Z,2026-07-27T06:13:26+0200,dabcd32d-9433-4dbd-a505-ea8cec1be0d4,2026-07-03T10:00:00Z,2026-07-03T12:00:00+0200,1561.016666,MW,DK1,DK_1,forecast_solar_generation,Solar,2026-07-27T04:17:26Z
2026-07-27T04:13:26Z,2026-07-27T06:13:26+0200,dabcd32d-9433-4dbd-a505-ea8cec1be0d4,2026-07-03T10:15:00Z,2026-07-03T12:15:00+0200,1606.938333,MW,DK1,DK_1,forecast_solar_generation,Solar,2026-07-27T04:17:26Z
2026-07-27T04:13:26Z,2026-07-27T06:13:26+0200,dabcd32d-9433-4dbd-a505-ea8cec1be0d4,2026-07-03T10:30:00Z,2026-07-03T12:30:00+0200,1645.696666,MW,DK1,DK_1,forecast_solar_generation,Solar,2026-07-27T04:17:26Z
2026-07-27T04:13:26Z,2026-07-27T06:13:26+0200,dabcd32d-9433-4dbd-a505-ea8cec1be0d4,2026-07-03T10:45:00Z,2026-07-03T12:45:00+0200,1688.993333,MW,DK1,DK_1,forecast_solar_generation,Solar,2026-07-27T04:17:26Z
2026-07-27T04:13:26Z,2026-07-27T06:13:26+0200,dabcd32d-9433-4dbd-a505-ea8cec1be0d4,2026-07-03T11:00:00Z,2026-07-03T13:00:00+0200,1732.816666,MW,DK1,DK_1,forecast_solar_generation,Solar,2026-07-27T04:17:26Z
2026-07-27T04:13:26Z,2026-07-27T06:13:26+0200,dabcd32d-9433-4dbd-a505-ea8cec1be0d4,2026-07-03T11:15:00Z,2026-07-03T13:15:00+0200,1767.503333,MW,DK1,DK_1,forecast_solar_generation,Solar,2026-07-27T04:17:26Z
2026-07-27T04:13:26Z,2026-07-27T06:13:26+0200,dabcd32d-9433-4dbd-a505-ea8cec1be0d4,2026-07-03T11:30:00Z,2026-07-03T13:30:00+0200,1787.141666,MW,DK1,DK_1,forecast_solar_generation,Solar,2026-07-27T04:17:26Z
2026-07-27T04:13:26Z,2026-07-27T06:13:26+0200,dabcd32d-9433-4dbd-a505-ea8cec1be0d4,2026-07-03T11:45:00Z,2026-07-03T13:45:00+0200,1798.938333,MW,DK1,DK_1,forecast_solar_generation,Solar,2026-07-27T04:17:26Z
2026-07-27T04:13:26Z,2026-07-27T06:13:26+0200,dabcd32d-9433-4dbd-a505-ea8cec1be0d4,2026-07-03T12:00:00Z,2026-07-03T14:00:00+0200,1804.445,MW,DK1,DK_1,forecast_solar_generation,Solar,2026-07-27T04:17:26Z
2026-07-27T04:13:26Z,2026-07-27T06:13:26+0200,dabcd32d-9433-4dbd-a505-ea8cec1be0d4,2026-07-03T12:15:00Z,2026-07-03T14:15:00+0200,1801.225,MW,DK1,DK_1,forecast_solar_generation,Solar,2026-07-27T04:17:26Z
2026-07-27T04:13:26Z,2026-07-27T06:13:26+0200,dabcd32d-9433-4dbd-a505-ea8cec1be0d4,2026-07-03T12:30:00Z,2026-07-03T14:30:00+0200,1792.411666,MW,DK1,DK_1,forecast_solar_generation,Solar,2026-07-27T04:17:26Z
2026-07-27T04:13:26Z,2026-07-27T06:13:26+0200,dabcd32d-9433-4dbd-a505-ea8cec1be0d4,2026-07-03T12:45:00Z,2026-07-03T14:45:00+0200,1775.396666,MW,DK1,DK_1,forecast_solar_generation,Solar,2026-07-27T04:17:26Z
2026-07-27T04:13:26Z,2026-07-27T06:13:26+0200,dabcd32d-9433-4dbd-a505-ea8cec1be0d4,2026-07-03T13:00:00Z,2026-07-03T15:00:00+0200,1752.503333,MW,DK1,DK_1,forecast_solar_generation,Solar,2026-07-27T04:17:26Z
2026-07-27T04:13:26Z,2026-07-27T06:13:26+0200,dabcd32d-9433-4dbd-a505-ea8cec1be0d4,2026-07-03T13:15:00Z,2026-07-03T15:15:00+0200,1727.058333,MW,DK1,DK_1,forecast_solar_generation,Solar,2026-07-27T04:17:26Z
2026-07-27T04:13:26Z,2026-07-27T06:13:26+0200,dabcd32d-9433-4dbd-a505-ea8cec1be0d4,2026-07-03T13:30:00Z,2026-07-03T15:30:00+0200,1700.108333,MW,DK1,DK_1,forecast_solar_generation,Solar,2026-07-27T04:17:26Z
2026-07-27T04:13:26Z,2026-07-27T06:13:26+0200,dabcd32d-9433-4dbd-a505-ea8cec1be0d4,2026-07-03T13:45:00Z,2026-07-03T15:45:00+0200,1666.408333,MW,DK1,DK_1,forecast_solar_generation,Solar,2026-07-27T04:17:26Z
2026-07-27T04:13:26Z,2026-07-27T06:13:26+0200,dabcd32d-9433-4dbd-a505-ea8cec1be0d4,2026-07-03T14:00:00Z,2026-07-03T16:00:00+0200,1624.076666,MW,DK1,DK_1,forecast_solar_generation,Solar,2026-07-27T04:17:26Z
2026-07-27T04:13:26Z,2026-07-27T06:13:26+0200,dabcd32d-9433-4dbd-a505-ea8cec1be0d4,2026-07-03T14:15:00Z,2026-07-03T16:15:00+0200,1572.651666,MW,DK1,DK_1,forecast_solar_generation,Solar,2026-07-27T04:17:26Z
2026-07-27T04:13:26Z,2026-07-27T06:13:26+0200,dabcd32d-9433-4dbd-a505-ea8cec1be0d4,2026-07-03T14:30:00Z,2026-07-03T16:30:00+0200,1511.636666,MW,DK1,DK_1,forecast_solar_generation,Solar,2026-07-27T04:17:26Z
2026-07-27T04:13:26Z,2026-07-27T06:13:26+0200,dabcd32d-9433-4dbd-a505-ea8cec1be0d4,2026-07-03T14:45:00Z,2026-07-03T16:45:00+0200,1443.333333,MW,DK1,DK_1,forecast_solar_generation,Solar,2026-07-27T04:17:26Z
2026-07-27T04:13:26Z,2026-07-27T06:13:26+0200,dabcd32d-9433-4dbd-a505-ea8cec1be0d4,2026-07-03T15:00:00Z,2026-07-03T17:00:00+0200,1367.449999,MW,DK1,DK_1,forecast_solar_generation,Solar,2026-07-27T04:17:26Z
2026-07-27T04:13:26Z,2026-07-27T06:13:26+0200,dabcd32d-9433-4dbd-a505-ea8cec1be0d4,2026-07-03T15:15:00Z,2026-07-03T17:15:00+0200,1283.186666,MW,DK1,DK_1,forecast_solar_generation,Solar,2026-07-27T04:17:26Z
2026-07-27T04:13:26Z,2026-07-27T06:13:26+0200,dabcd32d-9433-4dbd-a505-ea8cec1be0d4,2026-07-03T15:30:00Z,2026-07-03T17:30:00+0200,1191.348333,MW,DK1,DK_1,forecast_solar_generation,Solar,2026-07-27T04:17:26Z
2026-07-27T04:13:26Z,2026-07-27T06:13:26+0200,dabcd32d-9433-4dbd-a505-ea8cec1be0d4,2026-07-03T15:45:00Z,2026-07-03T17:45:00+0200,1101.431666,MW,DK1,DK_1,forecast_solar_generation,Solar,2026-07-27T04:17:26Z
2026-07-27T04:13:26Z,2026-07-27T06:13:26+0200,dabcd32d-9433-4dbd-a505-ea8cec1be0d4,2026-07-03T16:00:00Z,2026-07-03T18:00:00+0200,1041.863333,MW,DK1,DK_1,forecast_solar_generation,Solar,2026-07-27T04:17:26Z
2026-07-27T04:13:26Z,2026-07-27T06:13:26+0200,dabcd32d-9433-4dbd-a505-ea8cec1be0d4,2026-07-03T16:15:00Z,2026-07-03T18:15:00+0200,1032.536666,MW,DK1,DK_1,forecast_solar_generation,Solar,2026-07-27T04:17:26Z
2026-07-27T04:13:26Z,2026-07-27T06:13:26+0200,dabcd32d-9433-4dbd-a505-ea8cec1be0d4,2026-07-03T16:30:00Z,2026-07-03T18:30:00+0200,927.466666,MW,DK1,DK_1,forecast_solar_generation,Solar,2026-07-27T04:17:26Z
2026-07-27T04:13:26Z,2026-07-27T06:13:26+0200,dabcd32d-9433-4dbd-a505-ea8cec1be0d4,2026-07-03T16:45:00Z,2026-07-03T18:45:00+0200,814.218333,MW,DK1,DK_1,forecast_solar_generation,Solar,2026-07-27T04:17:26Z
2026-07-27T04:13:26Z,2026-07-27T06:13:26+0200,dabcd32d-9433-4dbd-a505-ea8cec1be0d4,2026-07-03T17:00:00Z,2026-07-03T19:00:00+0200,707.161666,MW,DK1,DK_1,forecast_solar_generation,Solar,2026-07-27T04:17:26Z
2026-07-27T04:13:26Z,2026-07-27T06:13:26+0200,dabcd32d-9433-4dbd-a505-ea8cec1be0d4,2026-07-03T17:15:00Z,2026-07-03T19:15:00+0200,595.168333,MW,DK1,DK_1,forecast_solar_generation,Solar,2026-07-27T04:17:26Z
2026-07-27T04:13:26Z,2026-07-27T06:13:26+0200,dabcd32d-9433-4dbd-a505-ea8cec1be0d4,2026-07-03T17:30:00Z,2026-07-03T19:30:00+0200,490.025,MW,DK1,DK_1,forecast_solar_generation,Solar,2026-07-27T04:17:26Z
2026-07-27T04:13:26Z,2026-07-27T06:13:26+0200,dabcd32d-9433-4dbd-a505-ea8cec1be0d4,2026-07-03T17:45:00Z,2026-07-03T19:45:00+0200,394.536666,MW,DK1,DK_1,forecast_solar_generation,Solar,2026-07-27T04:17:26Z
2026-07-27T04:13:26Z,2026-07-27T06:13:26+0200,dabcd32d-9433-4dbd-a505-ea8cec1be0d4,2026-07-03T18:00:00Z,2026-07-03T20:00:00+0200,309.39,MW,DK1,DK_1,forecast_solar_generation,Solar,2026-07-27T04:17:26Z
2026-07-27T04:13:26Z,2026-07-27T06:13:26+0200,dabcd32d-9433-4dbd-a505-ea8cec1be0d4,2026-07-03T18:15:00Z,2026-07-03T20:15:00+0200,232.458333,MW,DK1,DK_1,forecast_solar_generation,Solar,2026-07-27T04:17:26Z
2026-07-27T04:13:26Z,2026-07-27T06:13:26+0200,dabcd32d-9433-4dbd-a505-ea8cec1be0d4,2026-07-03T18:30:00Z,2026-07-03T20:30:00+0200,164.61,MW,DK1,DK_1,forecast_solar_generation,Solar,2026-07-27T04:17:26Z
2026-07-27T04:13:26Z,2026-07-27T06:13:26+0200,dabcd32d-9433-4dbd-a505-ea8cec1be0d4,2026-07-03T18:45:00Z,2026-07-03T20:45:00+0200,108.403333,MW,DK1,DK_1,forecast_solar_generation,Solar,2026-07-27T04:17:26Z
2026-07-27T04:13:26Z,2026-07-27T06:13:26+0200,dabcd32d-9433-4dbd-a505-ea8cec1be0d4,2026-07-03T19:00:00Z,2026-07-03T21:00:00+0200,63.65,MW,DK1,DK_1,forecast_solar_generation,Solar,2026-07-27T04:17:26Z
2026-07-27T04:13:26Z,2026-07-27T06:13:26+0200,dabcd32d-9433-4dbd-a505-ea8cec1be0d4,2026-07-03T19:15:00Z,2026-07-03T21:15:00+0200,30.493333,MW,DK1,DK_1,forecast_solar_generation,Solar,2026-07-27T04:17:26Z
2026-07-27T04:13:26Z,2026-07-27T06:13:26+0200,dabcd32d-9433-4dbd-a505-ea8cec1be0d4,2026-07-03T19:30:00Z,2026-07-03T21:30:00+0200,9.755,MW,DK1,DK_1,forecast_solar_generation,Solar,2026-07-27T04:17:26Z
2026-07-27T04:13:26Z,2026-07-27T06:13:26+0200,dabcd32d-9433-4dbd-a505-ea8cec1be0d4,2026-07-03T19:45:00Z,2026-07-03T21:45:00+0200,1.546666,MW,DK1,DK_1,forecast_solar_generation,Solar,2026-07-27T04:17:26Z
2026-07-27T04:13:26Z,2026-07-27T06:13:26+0200,dabcd32d-9433-4dbd-a505-ea8cec1be0d4,2026-07-03T20:00:00Z,2026-07-03T22:00:00+0200,0.1,MW,DK1,DK_1,forecast_solar_generation,Solar,2026-07-27T04:17:26Z
2026-07-27T04:13:26Z,2026-07-27T06:13:26+0200,dabcd32d-9433-4dbd-a505-ea8cec1be0d4,2026-07-03T20:15:00Z,2026-07-03T22:15:00+0200,0.0,MW,DK1,DK_1,forecast_solar_generation,Solar,2026-07-27T04:17:26Z
2026-07-27T04:13:26Z,2026-07-27T06:13:26+0200,dabcd32d-9433-4dbd-a505-ea8cec1be0d4,2026-07-03T20:30:00Z,2026-07-03T22:30:00+0200,0.0,MW,DK1,DK_1,forecast_solar_generation,Solar,2026-07-27T04:17:26Z
2026-07-27T04:13:26Z,2026-07-27T06:13:26+0200,dabcd32d-9433-4dbd-a505-ea8cec1be0d4,2026-07-03T20:45:00Z,2026-07-03T22:45:00+0200,0.0,MW,DK1,DK_1,forecast_solar_generation,Solar,2026-07-27T04:17:26Z
2026-07-27T04:13:26Z,2026-07-27T06:13:26+0200,dabcd32d-9433-4dbd-a505-ea8cec1be0d4,2026-07-03T21:00:00Z,2026-07-03T23:00:00+0200,0.0,MW,DK1,DK_1,forecast_solar_generation,Solar,2026-07-27T04:17:26Z
2026-07-27T04:13:26Z,2026-07-27T06:13:26+0200,dabcd32d-9433-4dbd-a505-ea8cec1be0d4,2026-07-03T21:15:00Z,2026-07-03T23:15:00+0200,0.0,MW,DK1,DK_1,forecast_solar_generation,Solar,2026-07-27T04:17:26Z
2026-07-27T04:13:26Z,2026-07-27T06:13:26+0200,dabcd32d-9433-4dbd-a505-ea8cec1be0d4,2026-07-03T21:30:00Z,2026-07-03T23:30:00+0200,0.0,MW,DK1,DK_1,forecast_solar_generation,Solar,2026-07-27T04:17:26Z
2026-07-27T04:13:26Z,2026-07-27T06:13:26+0200,dabcd32d-9433-4dbd-a505-ea8cec1be0d4,2026-07-03T21:45:00Z,2026-07-03T23:45:00+0200,0.0,MW,DK1,DK_1,forecast_solar_generation,Solar,2026-07-27T04:17:26Z
2026-07-27T04:13:26Z,2026-07-27T06:13:26+0200,dabcd32d-9433-4dbd-a505-ea8cec1be0d4,2026-07-03T22:00:00Z,2026-07-04T00:00:00+0200,0.0,MW,DK1,DK_1,forecast_solar_generation,Solar,2026-07-27T04:17:26Z
2026-07-27T04:13:26Z,2026-07-27T06:13:26+0200,dabcd32d-9433-4dbd-a505-ea8cec1be0d4,2026-07-03T22:15:00Z,2026-07-04T00:15:00+0200,0.0,MW,DK1,DK_1,forecast_solar_generation,Solar,2026-07-27T04:17:26Z
2026-07-27T04:13:26Z,2026-07-27T06:13:26+0200,dabcd32d-9433-4dbd-a505-ea8cec1be0d4,2026-07-03T22:30:00Z,2026-07-04T00:30:00+0200,0.0,MW,DK1,DK_1,forecast_solar_generation,Solar,2026-07-27T04:17:26Z
2026-07-27T04:13:26Z,2026-07-27T06:13:26+0200,dabcd32d-9433-4dbd-a505-ea8cec1be0d4,2026-07-03T22:45:00Z,2026-07-04T00:45:00+0200,0.0,MW,DK1,DK_1,forecast_solar_generation,Solar,2026-07-27T04:17:26Z
2026-07-27T04:13:26Z,2026-07-27T06:13:26+0200,dabcd32d-9433-4dbd-a505-ea8cec1be0d4,2026-07-03T23:00:00Z,2026-07-04T01:00:00+0200,0.0,MW,DK1,DK_1,forecast_solar_generation,Solar,2026-07-27T04:17:26Z
2026-07-27T04:13:26Z,2026-07-27T06:13:26+0200,dabcd32d-9433-4dbd-a505-ea8cec1be0d4,2026-07-03T23:15:00Z,2026-07-04T01:15:00+0200,0.0,MW,DK1,DK_1,forecast_solar_generation,Solar,2026-07-27T04:17:26Z
2026-07-27T04:13:26Z,2026-07-27T06:13:26+0200,dabcd32d-9433-4dbd-a505-ea8cec1be0d4,2026-07-03T23:30:00Z,2026-07-04T01:30:00+0200,0.0,MW,DK1,DK_1,forecast_solar_generation,Solar,2026-07-27T04:17:26Z
2026-07-27T04:13:26Z,2026-07-27T06:13:26+0200,dabcd32d-9433-4dbd-a505-ea8cec1be0d4,2026-07-03T23:45:00Z,2026-07-04T01:45:00+0200,0.0,MW,DK1,DK_1,forecast_solar_generation,Solar,2026-07-27T04:17:26Z
2026-07-27T04:13:26Z,2026-07-27T06:13:26+0200,dabcd32d-9433-4dbd-a505-ea8cec1be0d4,2026-07-04T00:00:00Z,2026-07-04T02:00:00+0200,0.0,MW,DK1,DK_1,forecast_solar_generation,Solar,2026-07-27T04:17:26Z
2026-07-27T04:13:26Z,2026-07-27T06:13:26+0200,dabcd32d-9433-4dbd-a505-ea8cec1be0d4,2026-07-04T00:15:00Z,2026-07-04T02:15:00+0200,0.0,MW,DK1,DK_1,forecast_solar_generation,Solar,2026-07-27T04:17:26Z
2026-07-27T04:13:26Z,2026-07-27T06:13:26+0200,dabcd32d-9433-4dbd-a505-ea8cec1be0d4,2026-07-04T00:30:00Z,2026-07-04T02:30:00+0200,0.0,MW,DK1,DK_1,forecast_solar_generation,Solar,2026-07-27T04:17:26Z
2026-07-27T04:13:26Z,2026-07-27T06:13:26+0200,dabcd32d-9433-4dbd-a505-ea8cec1be0d4,2026-07-04T00:45:00Z,2026-07-04T02:45:00+0200,0.0,MW,DK1,DK_1,forecast_solar_generation,Solar,2026-07-27T04:17:26Z
2026-07-27T04:13:26Z,2026-07-27T06:13:26+0200,dabcd32d-9433-4dbd-a505-ea8cec1be0d4,2026-07-04T01:00:00Z,2026-07-04T03:00:00+0200,0.0,MW,DK1,DK_1,forecast_solar_generation,Solar,2026-07-27T04:17:26Z
2026-07-27T04:13:26Z,2026-07-27T06:13:26+0200,dabcd32d-9433-4dbd-a505-ea8cec1be0d4,2026-07-04T01:15:00Z,2026-07-04T03:15:00+0200,0.0,MW,DK1,DK_1,forecast_solar_generation,Solar,2026-07-27T04:17:26Z
2026-07-27T04:13:26Z,2026-07-27T06:13:26+0200,dabcd32d-9433-4dbd-a505-ea8cec1be0d4,2026-07-04T01:30:00Z,2026-07-04T03:30:00+0200,0.0,MW,DK1,DK_1,forecast_solar_generation,Solar,2026-07-27T04:17:26Z
2026-07-27T04:13:26Z,2026-07-27T06:13:26+0200,dabcd32d-9433-4dbd-a505-ea8cec1be0d4,2026-07-04T01:45:00Z,2026-07-04T03:45:00+0200,0.0,MW,DK1,DK_1,forecast_solar_generation,Solar,2026-07-27T04:17:26Z
2026-07-27T04:13:26Z,2026-07-27T06:13:26+0200,dabcd32d-9433-4dbd-a505-ea8cec1be0d4,2026-07-04T02:00:00Z,2026-07-04T04:00:00+0200,0.0,MW,DK1,DK_1,forecast_solar_generation,Solar,2026-07-27T04:17:26Z
2026-07-27T04:13:26Z,2026-07-27T06:13:26+0200,dabcd32d-9433-4dbd-a505-ea8cec1be0d4,2026-07-04T02:15:00Z,2026-07-04T04:15:00+0200,0.0,MW,DK1,DK_1,forecast_solar_generation,Solar,2026-07-27T04:17:26Z
2026-07-27T04:13:26Z,2026-07-27T06:13:26+0200,dabcd32d-9433-4dbd-a505-ea8cec1be0d4,2026-07-04T02:30:00Z,2026-07-04T04:30:00+0200,0.026666,MW,DK1,DK_1,forecast_solar_generation,Solar,2026-07-27T04:17:26Z
2026-07-27T04:13:26Z,2026-07-27T06:13:26+0200,dabcd32d-9433-4dbd-a505-ea8cec1be0d4,2026-07-04T02:45:00Z,2026-07-04T04:45:00+0200,0.739999,MW,DK1,DK_1,forecast_solar_generation,Solar,2026-07-27T04:17:26Z
2026-07-27T04:13:26Z,2026-07-27T06:13:26+0200,dabcd32d-9433-4dbd-a505-ea8cec1be0d4,2026-07-04T03:00:00Z,2026-07-04T05:00:00+0200,6.375,MW,DK1,DK_1,forecast_solar_generation,Solar,2026-07-27T04:17:26Z
2026-07-27T04:13:26Z,2026-07-27T06:13:26+0200,dabcd32d-9433-4dbd-a505-ea8cec1be0d4,2026-07-04T03:15:00Z,2026-07-04T05:15:00+0200,25.255,MW,DK1,DK_1,forecast_solar_generation,Solar,2026-07-27T04:17:26Z
2026-07-27T04:13:26Z,2026-07-27T06:13:26+0200,dabcd32d-9433-4dbd-a505-ea8cec1be0d4,2026-07-04T03:30:00Z,2026-07-04T05:30:00+0200,59.72,MW,DK1,DK_1,forecast_solar_generation,Solar,2026-07-27T04:17:26Z
2026-07-27T04:13:26Z,2026-07-27T06:13:26+0200,dabcd32d-9433-4dbd-a505-ea8cec1be0d4,2026-07-04T03:45:00Z,2026-07-04T05:45:00+0200,104.361666,MW,DK1,DK_1,forecast_solar_generation,Solar,2026-07-27T04:17:26Z
2026-07-27T04:13:26Z,2026-07-27T06:13:26+0200,dabcd32d-9433-4dbd-a505-ea8cec1be0d4,2026-07-04T04:00:00Z,2026-07-04T06:00:00+0200,156.333333,MW,DK1,DK_1,forecast_solar_generation,Solar,2026-07-27T04:17:26Z
2026-07-27T04:13:26Z,2026-07-27T06:13:26+0200,dabcd32d-9433-4dbd-a505-ea8cec1be0d4,2026-07-04T04:15:00Z,2026-07-04T06:15:00+0200,216.636666,MW,DK1,DK_1,forecast_solar_generation,Solar,2026-07-27T04:17:26Z
2026-07-27T04:13:26Z,2026-07-27T06:13:26+0200,dabcd32d-9433-4dbd-a505-ea8cec1be0d4,2026-07-04T04:30:00Z,2026-07-04T06:30:00+0200,288.483333,MW,DK1,DK_1,forecast_solar_generation,Solar,2026-07-27T04:17:26Z
2026-07-27T04:13:26Z,2026-07-27T06:13:26+0200,dabcd32d-9433-4dbd-a505-ea8cec1be0d4,2026-07-04T04:45:00Z,2026-07-04T06:45:00+0200,370.38,MW,DK1,DK_1,forecast_solar_generation,Solar,2026-07-27T04:17:26Z
2026-07-27T04:13:26Z,2026-07-27T06:13:26+0200,dabcd32d-9433-4dbd-a505-ea8cec1be0d4,2026-07-04T05:00:00Z,2026-07-04T07:00:00+0200,461.795,MW,DK1,DK_1,forecast_solar_generation,Solar,2026-07-27T04:17:26Z
2026-07-27T04:13:26Z,2026-07-27T06:13:26+0200,dabcd32d-9433-4dbd-a505-ea8cec1be0d4,2026-07-04T05:15:00Z,2026-07-04T07:15:00+0200,560.22,MW,DK1,DK_1,forecast_solar_generation,Solar,2026-07-27T04:17:26Z
2026-07-27T04:13:26Z,2026-07-27T06:13:26+0200,dabcd32d-9433-4dbd-a505-ea8cec1be0d4,2026-07-04T05:30:00Z,2026-07-04T07:30:00+0200,664.955,MW,DK1,DK_1,forecast_solar_generation,Solar,2026-07-27T04:17:26Z
2026-07-27T04:13:26Z,2026-07-27T06:13:26+0200,dabcd32d-9433-4dbd-a505-ea8cec1be0d4,2026-07-04T05:45:00Z,2026-07-04T07:45:00+0200,776.458333,MW,DK1,DK_1,forecast_solar_generation,Solar,2026-07-27T04:17:26Z
2026-07-27T04:13:26Z,2026-07-27T06:13:26+0200,dabcd32d-9433-4dbd-a505-ea8cec1be0d4,2026-07-04T06:00:00Z,2026-07-04T08:00:00+0200,893.013333,MW,DK1,DK_1,forecast_solar_generation,Solar,2026-07-27T04:17:26Z
2026-07-27T04:13:26Z,2026-07-27T06:13:26+0200,dabcd32d-9433-4dbd-a505-ea8cec1be0d4,2026-07-04T06:15:00Z,2026-07-04T08:15:00+0200,1011.22,MW,DK1,DK_1,forecast_solar_generation,Solar,2026-07-27T04:17:26Z
2026-07-27T04:13:26Z,2026-07-27T06:13:26+0200,dabcd32d-9433-4dbd-a505-ea8cec1be0d4,2026-07-04T06:30:00Z,2026-07-04T08:30:00+0200,1114.14,MW,DK1,DK_1,forecast_solar_generation,Solar,2026-07-27T04:17:26Z
2026-07-27T04:13:26Z,2026-07-27T06:13:26+0200,dabcd32d-9433-4dbd-a505-ea8cec1be0d4,2026-07-04T06:45:00Z,2026-07-04T08:45:00+0200,1155.236666,MW,DK1,DK_1,forecast_solar_generation,Solar,2026-07-27T04:17:26Z
2026-07-27T04:13:26Z,2026-07-27T06:13:26+0200,dabcd32d-9433-4dbd-a505-ea8cec1be0d4,2026-07-04T07:00:00Z,2026-07-04T09:00:00+0200,1215.556666,MW,DK1,DK_1,forecast_solar_generation,Solar,2026-07-27T04:17:26Z
2026-07-27T04:13:26Z,2026-07-27T06:13:26+0200,dabcd32d-9433-4dbd-a505-ea8cec1be0d4,2026-07-04T07:15:00Z,2026-07-04T09:15:00+0200,1168.79,MW,DK1,DK_1,forecast_solar_generation,Solar,2026-07-27T04:17:26Z
2026-07-27T04:13:26Z,2026-07-27T06:13:26+0200,dabcd32d-9433-4dbd-a505-ea8cec1be0d4,2026-07-04T07:30:00Z,2026-07-04T09:30:00+0200,1211.37,MW,DK1,DK_1,forecast_solar_generation,Solar,2026-07-27T04:17:26Z
2026-07-27T04:13:26Z,2026-07-27T06:13:26+0200,dabcd32d-9433-4dbd-a505-ea8cec1be0d4,2026-07-04T07:45:00Z,2026-07-04T09:45:00+0200,1299.711666,MW,DK1,DK_1,forecast_solar_generation,Solar,2026-07-27T04:17:26Z
2026-07-27T04:13:26Z,2026-07-27T06:13:26+0200,dabcd32d-9433-4dbd-a505-ea8cec1be0d4,2026-07-04T08:00:00Z,2026-07-04T10:00:00+0200,1341.903333,MW,DK1,DK_1,forecast_solar_generation,Solar,2026-07-27T04:17:26Z
2026-07-27T04:13:26Z,2026-07-27T06:13:26+0200,dabcd32d-9433-4dbd-a505-ea8cec1be0d4,2026-07-04T08:15:00Z,2026-07-04T10:15:00+0200,1401.26,MW,DK1,DK_1,forecast_solar_generation,Solar,2026-07-27T04:17:26Z
2026-07-27T04:13:26Z,2026-07-27T06:13:26+0200,dabcd32d-9433-4dbd-a505-ea8cec1be0d4,2026-07-04T08:30:00Z,2026-07-04T10:30:00+0200,1452.766666,MW,DK1,DK_1,forecast_solar_generation,Solar,2026-07-27T04:17:26Z
2026-07-27T04:13:26Z,2026-07-27T06:13:26+0200,dabcd32d-9433-4dbd-a505-ea8cec1be0d4,2026-07-04T08:45:00Z,2026-07-04T10:45:00+0200,1445.611666,MW,DK1,DK_1,forecast_solar_generation,Solar,2026-07-27T04:17:26Z
2026-07-27T04:13:26Z,2026-07-27T06:13:26+0200,dabcd32d-9433-4dbd-a505-ea8cec1be0d4,2026-07-04T09:00:00Z,2026-07-04T11:00:00+0200,1230.026666,MW,DK1,DK_1,forecast_solar_generation,Solar,2026-07-27T04:17:26Z
2026-07-27T04:13:26Z,2026-07-27T06:13:26+0200,dabcd32d-9433-4dbd-a505-ea8cec1be0d4,2026-07-04T09:15:00Z,2026-07-04T11:15:00+0200,1260.556666,MW,DK1,DK_1,forecast_solar_generation,Solar,2026-07-27T04:17:26Z
2026-07-27T04:13:26Z,2026-07-27T06:13:26+0200,dabcd32d-9433-4dbd-a505-ea8cec1be0d4,2026-07-04T09:30:00Z,2026-07-04T11:30:00+0200,1277.033333,MW,DK1,DK_1,forecast_solar_generation,Solar,2026-07-27T04:17:26Z
2026-07-27T04:13:26Z,2026-07-27T06:13:26+0200,dabcd32d-9433-4dbd-a505-ea8cec1be0d4,2026-07-04T09:45:00Z,2026-07-04T11:45:00+0200,1272.471666,MW,DK1,DK_1,forecast_solar_generation,Solar,2026-07-27T04:17:26Z
2026-07-27T04:13:26Z,2026-07-27T06:13:26+0200,dabcd32d-9433-4dbd-a505-ea8cec1be0d4,2026-07-04T10:00:00Z,2026-07-04T12:00:00+0200,1319.165,MW,DK1,DK_1,forecast_solar_generation,Solar,2026-07-27T04:17:26Z
2026-07-27T04:13:26Z,2026-07-27T06:13:26+0200,dabcd32d-9433-4dbd-a505-ea8cec1be0d4,2026-07-04T10:15:00Z,2026-07-04T12:15:00+0200,1327.495,MW,DK1,DK_1,forecast_solar_generation,Solar,2026-07-27T04:17:26Z
2026-07-27T04:13:26Z,2026-07-27T06:13:26+0200,dabcd32d-9433-4dbd-a505-ea8cec1be0d4,2026-07-04T10:30:00Z,2026-07-04T12:30:00+0200,1311.863333,MW,DK1,DK_1,forecast_solar_generation,Solar,2026-07-27T04:17:26Z
2026-07-27T04:13:26Z,2026-07-27T06:13:26+0200,dabcd32d-9433-4dbd-a505-ea8cec1be0d4,2026-07-04T10:45:00Z,2026-07-04T12:45:00+0200,1310.131666,MW,DK1,DK_1,forecast_solar_generation,Solar,2026-07-27T04:17:26Z
2026-07-27T04:13:26Z,2026-07-27T06:13:26+0200,dabcd32d-9433-4dbd-a505-ea8cec1be0d4,2026-07-04T11:00:00Z,2026-07-04T13:00:00+0200,1275.676666,MW,DK1,DK_1,forecast_solar_generation,Solar,2026-07-27T04:17:26Z
2026-07-27T04:13:26Z,2026-07-27T06:13:26+0200,dabcd32d-9433-4dbd-a505-ea8cec1be0d4,2026-07-04T11:15:00Z,2026-07-04T13:15:00+0200,1274.23,MW,DK1,DK_1,forecast_solar_generation,Solar,2026-07-27T04:17:26Z
2026-07-27T04:13:26Z,2026-07-27T06:13:26+0200,dabcd32d-9433-4dbd-a505-ea8cec1be0d4,2026-07-04T11:30:00Z,2026-07-04T13:30:00+0200,1277.653333,MW,DK1,DK_1,forecast_solar_generation,Solar,2026-07-27T04:17:26Z
2026-07-27T04:13:26Z,2026-07-27T06:13:26+0200,dabcd32d-9433-4dbd-a505-ea8cec1be0d4,2026-07-04T11:45:00Z,2026-07-04T13:45:00+0200,1298.473333,MW,DK1,DK_1,forecast_solar_generation,Solar,2026-07-27T04:17:26Z
2026-07-27T04:13:26Z,2026-07-27T06:13:26+0200,dabcd32d-9433-4dbd-a505-ea8cec1be0d4,2026-07-04T12:00:00Z,2026-07-04T14:00:00+0200,1256.055,MW,DK1,DK_1,forecast_solar_generation,Solar,2026-07-27T04:17:26Z
2026-07-27T04:13:26Z,2026-07-27T06:13:26+0200,dabcd32d-9433-4dbd-a505-ea8cec1be0d4,2026-07-04T12:15:00Z,2026-07-04T14:15:00+0200,1242.093333,MW,DK1,DK_1,forecast_solar_generation,Solar,2026-07-27T04:17:26Z
2026-07-27T04:13:26Z,2026-07-27T06:13:26+0200,dabcd32d-9433-4dbd-a505-ea8cec1be0d4,2026-07-04T12:30:00Z,2026-07-04T14:30:00+0200,1224.035,MW,DK1,DK_1,forecast_solar_generation,Solar,2026-07-27T04:17:26Z
2026-07-27T04:13:26Z,2026-07-27T06:13:26+0200,dabcd32d-9433-4dbd-a505-ea8cec1be0d4,2026-07-04T12:45:00Z,2026-07-04T14:45:00+0200,1202.885,MW,DK1,DK_1,forecast_solar_generation,Solar,2026-07-27T04:17:26Z
2026-07-27T04:13:26Z,2026-07-27T06:13:26+0200,dabcd32d-9433-4dbd-a505-ea8cec1be0d4,2026-07-04T13:00:00Z,2026-07-04T15:00:00+0200,1185.52,MW,DK1,DK_1,forecast_solar_generation,Solar,2026-07-27T04:17:26Z
2026-07-27T04:13:26Z,2026-07-27T06:13:26+0200,dabcd32d-9433-4dbd-a505-ea8cec1be0d4,2026-07-04T13:15:00Z,2026-07-04T15:15:00+0200,1192.851666,MW,DK1,DK_1,forecast_solar_generation,Solar,2026-07-27T04:17:26Z
2026-07-27T04:13:26Z,2026-07-27T06:13:26+0200,dabcd32d-9433-4dbd-a505-ea8cec1be0d4,2026-07-04T13:30:00Z,2026-07-04T15:30:00+0200,1161.316666,MW,DK1,DK_1,forecast_solar_generation,Solar,2026-07-27T04:17:26Z
2026-07-27T04:13:26Z,2026-07-27T06:13:26+0200,dabcd32d-9433-4dbd-a505-ea8cec1be0d4,2026-07-04T13:45:00Z,2026-07-04T15:45:00+0200,1121.035,MW,DK1,DK_1,forecast_solar_generation,Solar,2026-07-27T04:17:26Z
2026-07-27T04:13:26Z,2026-07-27T06:13:26+0200,dabcd32d-9433-4dbd-a505-ea8cec1be0d4,2026-07-04T14:00:00Z,2026-07-04T16:00:00+0200,1078.368333,MW,DK1,DK_1,forecast_solar_generation,Solar,2026-07-27T04:17:26Z
2026-07-27T04:13:26Z,2026-07-27T06:13:26+0200,dabcd32d-9433-4dbd-a505-ea8cec1be0d4,2026-07-04T14:15:00Z,2026-07-04T16:15:00+0200,1053.105,MW,DK1,DK_1,forecast_solar_generation,Solar,2026-07-27T04:17:26Z
2026-07-27T04:13:26Z,2026-07-27T06:13:26+0200,dabcd32d-9433-4dbd-a505-ea8cec1be0d4,2026-07-04T14:30:00Z,2026-07-04T16:30:00+0200,997.625,MW,DK1,DK_1,forecast_solar_generation,Solar,2026-07-27T04:17:26Z
2026-07-27T04:13:26Z,2026-07-27T06:13:26+0200,dabcd32d-9433-4dbd-a505-ea8cec1be0d4,2026-07-04T14:45:00Z,2026-07-04T16:45:00+0200,927.623333,MW,DK1,DK_1,forecast_solar_generation,Solar,2026-07-27T04:17:26Z
2026-07-27T04:13:26Z,2026-07-27T06:13:26+0200,dabcd32d-9433-4dbd-a505-ea8cec1be0d4,2026-07-04T15:00:00Z,2026-07-04T17:00:00+0200,878.781666,MW,DK1,DK_1,forecast_solar_generation,Solar,2026-07-27T04:17:26Z
2026-07-27T04:13:26Z,2026-07-27T06:13:26+0200,dabcd32d-9433-4dbd-a505-ea8cec1be0d4,2026-07-04T15:15:00Z,2026-07-04T17:15:00+0200,991.408333,MW,DK1,DK_1,forecast_solar_generation,Solar,2026-07-27T04:17:26Z
2026-07-27T04:13:26Z,2026-07-27T06:13:26+0200,dabcd32d-9433-4dbd-a505-ea8cec1be0d4,2026-07-04T15:30:00Z,2026-07-04T17:30:00+0200,936.806666,MW,DK1,DK_1,forecast_solar_generation,Solar,2026-07-27T04:17:26Z
2026-07-27T04:13:26Z,2026-07-27T06:13:26+0200,dabcd32d-9433-4dbd-a505-ea8cec1be0d4,2026-07-04T15:45:00Z,2026-07-04T17:45:00+0200,1008.031666,MW,DK1,DK_1,forecast_solar_generation,Solar,2026-07-27T04:17:26Z
2026-07-27T04:13:26Z,2026-07-27T06:13:26+0200,dabcd32d-9433-4dbd-a505-ea8cec1be0d4,2026-07-04T16:00:00Z,2026-07-04T18:00:00+0200,927.833333,MW,DK1,DK_1,forecast_solar_generation,Solar,2026-07-27T04:17:26Z
2026-07-27T04:13:26Z,2026-07-27T06:13:26+0200,dabcd32d-9433-4dbd-a505-ea8cec1be0d4,2026-07-04T16:15:00Z,2026-07-04T18:15:00+0200,823.009999,MW,DK1,DK_1,forecast_solar_generation,Solar,2026-07-27T04:17:26Z
2026-07-27T04:13:26Z,2026-07-27T06:13:26+0200,dabcd32d-9433-4dbd-a505-ea8cec1be0d4,2026-07-04T16:30:00Z,2026-07-04T18:30:00+0200,724.783333,MW,DK1,DK_1,forecast_solar_generation,Solar,2026-07-27T04:17:26Z
2026-07-27T04:13:26Z,2026-07-27T06:13:26+0200,dabcd32d-9433-4dbd-a505-ea8cec1be0d4,2026-07-04T16:45:00Z,2026-07-04T18:45:00+0200,627.098333,MW,DK1,DK_1,forecast_solar_generation,Solar,2026-07-27T04:17:26Z
2026-07-27T04:13:26Z,2026-07-27T06:13:26+0200,dabcd32d-9433-4dbd-a505-ea8cec1be0d4,2026-07-04T17:00:00Z,2026-07-04T19:00:00+0200,531.906666,MW,DK1,DK_1,forecast_solar_generation,Solar,2026-07-27T04:17:26Z
2026-07-27T04:13:26Z,2026-07-27T06:13:26+0200,dabcd32d-9433-4dbd-a505-ea8cec1be0d4,2026-07-04T17:15:00Z,2026-07-04T19:15:00+0200,443.273333,MW,DK1,DK_1,forecast_solar_generation,Solar,2026-07-27T04:17:26Z
2026-07-27T04:13:26Z,2026-07-27T06:13:26+0200,dabcd32d-9433-4dbd-a505-ea8cec1be0d4,2026-07-04T17:30:00Z,2026-07-04T19:30:00+0200,362.476666,MW,DK1,DK_1,forecast_solar_generation,Solar,2026-07-27T04:17:26Z
2026-07-27T04:13:26Z,2026-07-27T06:13:26+0200,dabcd32d-9433-4dbd-a505-ea8cec1be0d4,2026-07-04T17:45:00Z,2026-07-04T19:45:00+0200,287.636666,MW,DK1,DK_1,forecast_solar_generation,Solar,2026-07-27T04:17:26Z
2026-07-27T04:13:26Z,2026-07-27T06:13:26+0200,dabcd32d-9433-4dbd-a505-ea8cec1be0d4,2026-07-04T18:00:00Z,2026-07-04T20:00:00+0200,221.518333,MW,DK1,DK_1,forecast_solar_generation,Solar,2026-07-27T04:17:26Z
2026-07-27T04:13:26Z,2026-07-27T06:13:26+0200,dabcd32d-9433-4dbd-a505-ea8cec1be0d4,2026-07-04T18:15:00Z,2026-07-04T20:15:00+0200,164.678333,MW,DK1,DK_1,forecast_solar_generation,Solar,2026-07-27T04:17:26Z
2026-07-27T04:13:26Z,2026-07-27T06:13:26+0200,dabcd32d-9433-4dbd-a505-ea8cec1be0d4,2026-07-04T18:30:00Z,2026-07-04T20:30:00+0200,117.485,MW,DK1,DK_1,forecast_solar_generation,Solar,2026-07-27T04:17:26Z
2026-07-27T04:13:26Z,2026-07-27T06:13:26+0200,dabcd32d-9433-4dbd-a505-ea8cec1be0d4,2026-07-04T18:45:00Z,2026-07-04T20:45:00+0200,79.243333,MW,DK1,DK_1,forecast_solar_generation,Solar,2026-07-27T04:17:26Z
2026-07-27T04:13:26Z,2026-07-27T06:13:26+0200,dabcd32d-9433-4dbd-a505-ea8cec1be0d4,2026-07-04T19:00:00Z,2026-07-04T21:00:00+0200,47.735,MW,DK1,DK_1,forecast_solar_generation,Solar,2026-07-27T04:17:26Z
2026-07-27T04:13:26Z,2026-07-27T06:13:26+0200,dabcd32d-9433-4dbd-a505-ea8cec1be0d4,2026-07-04T19:15:00Z,2026-07-04T21:15:00+0200,22.848333,MW,DK1,DK_1,forecast_solar_generation,Solar,2026-07-27T04:17:26Z
2026-07-27T04:13:26Z,2026-07-27T06:13:26+0200,dabcd32d-9433-4dbd-a505-ea8cec1be0d4,2026-07-04T19:30:00Z,2026-07-04T21:30:00+0200,7.0,MW,DK1,DK_1,forecast_solar_generation,Solar,2026-07-27T04:17:26Z
2026-07-27T04:13:26Z,2026-07-27T06:13:26+0200,dabcd32d-9433-4dbd-a505-ea8cec1be0d4,2026-07-04T19:45:00Z,2026-07-04T21:45:00+0200,1.116666,MW,DK1,DK_1,forecast_solar_generation,Solar,2026-07-27T04:17:26Z
2026-07-27T04:13:26Z,2026-07-27T06:13:26+0200,dabcd32d-9433-4dbd-a505-ea8cec1be0d4,2026-07-04T20:00:00Z,2026-07-04T22:00:00+0200,0.075,MW,DK1,DK_1,forecast_solar_generation,Solar,2026-07-27T04:17:26Z
2026-07-27T04:13:26Z,2026-07-27T06:13:26+0200,dabcd32d-9433-4dbd-a505-ea8cec1be0d4,2026-07-04T20:15:00Z,2026-07-04T22:15:00+0200,0.0,MW,DK1,DK_1,forecast_solar_generation,Solar,2026-07-27T04:17:26Z
2026-07-27T04:13:26Z,2026-07-27T06:13:26+0200,dabcd32d-9433-4dbd-a505-ea8cec1be0d4,2026-07-04T20:30:00Z,2026-07-04T22:30:00+0200,0.0,MW,DK1,DK_1,forecast_solar_generation,Solar,2026-07-27T04:17:26Z
2026-07-27T04:13:26Z,2026-07-27T06:13:26+0200,dabcd32d-9433-4dbd-a505-ea8cec1be0d4,2026-07-04T20:45:00Z,2026-07-04T22:45:00+0200,0.0,MW,DK1,DK_1,forecast_solar_generation,Solar,2026-07-27T04:17:26Z
2026-07-27T04:13:26Z,2026-07-27T06:13:26+0200,dabcd32d-9433-4dbd-a505-ea8cec1be0d4,2026-07-04T21:00:00Z,2026-07-04T23:00:00+0200,0.0,MW,DK1,DK_1,forecast_solar_generation,Solar,2026-07-27T04:17:26Z
2026-07-27T04:13:26Z,2026-07-27T06:13:26+0200,dabcd32d-9433-4dbd-a505-ea8cec1be0d4,2026-07-04T21:15:00Z,2026-07-04T23:15:00+0200,0.0,MW,DK1,DK_1,forecast_solar_generation,Solar,2026-07-27T04:17:26Z
2026-07-27T04:13:26Z,2026-07-27T06:13:26+0200,dabcd32d-9433-4dbd-a505-ea8cec1be0d4,2026-07-04T21:30:00Z,2026-07-04T23:30:00+0200,0.0,MW,DK1,DK_1,forecast_solar_generation,Solar,2026-07-27T04:17:26Z
2026-07-27T04:13:26Z,2026-07-27T06:13:26+0200,dabcd32d-9433-4dbd-a505-ea8cec1be0d4,2026-07-04T21:45:00Z,2026-07-04T23:45:00+0200,0.0,MW,DK1,DK_1,forecast_solar_generation,Solar,2026-07-27T04:17:26Z
2026-07-27T04:13:26Z,2026-07-27T06:13:26+0200,dabcd32d-9433-4dbd-a505-ea8cec1be0d4,2026-07-04T22:00:00Z,2026-07-05T00:00:00+0200,0.0,MW,DK1,DK_1,forecast_solar_generation,Solar,2026-07-27T04:17:26Z
2026-07-27T04:13:26Z,2026-07-27T06:13:26+0200,dabcd32d-9433-4dbd-a505-ea8cec1be0d4,2026-07-04T22:15:00Z,2026-07-05T00:15:00+0200,0.0,MW,DK1,DK_1,forecast_solar_generation,Solar,2026-07-27T04:17:26Z
2026-07-27T04:13:26Z,2026-07-27T06:13:26+0200,dabcd32d-9433-4dbd-a505-ea8cec1be0d4,2026-07-04T22:30:00Z,2026-07-05T00:30:00+0200,0.0,MW,DK1,DK_1,forecast_solar_generation,Solar,2026-07-27T04:17:26Z
2026-07-27T04:13:26Z,2026-07-27T06:13:26+0200,dabcd32d-9433-4dbd-a505-ea8cec1be0d4,2026-07-04T22:45:00Z,2026-07-05T00:45:00+0200,0.0,MW,DK1,DK_1,forecast_solar_generation,Solar,2026-07-27T04:17:26Z
2026-07-27T04:13:26Z,2026-07-27T06:13:26+0200,dabcd32d-9433-4dbd-a505-ea8cec1be0d4,2026-07-04T23:00:00Z,2026-07-05T01:00:00+0200,0.0,MW,DK1,DK_1,forecast_solar_generation,Solar,2026-07-27T04:17:26Z
2026-07-27T04:13:26Z,2026-07-27T06:13:26+0200,dabcd32d-9433-4dbd-a505-ea8cec1be0d4,2026-07-04T23:15:00Z,2026-07-05T01:15:00+0200,0.0,MW,DK1,DK_1,forecast_solar_generation,Solar,2026-07-27T04:17:26Z
2026-07-27T04:13:26Z,2026-07-27T06:13:26+0200,dabcd32d-9433-4dbd-a505-ea8cec1be0d4,2026-07-04T23:30:00Z,2026-07-05T01:30:00+0200,0.0,MW,DK1,DK_1,forecast_solar_generation,Solar,2026-07-27T04:17:26Z
2026-07-27T04:13:26Z,2026-07-27T06:13:26+0200,dabcd32d-9433-4dbd-a505-ea8cec1be0d4,2026-07-04T23:45:00Z,2026-07-05T01:45:00+0200,0.0,MW,DK1,DK_1,forecast_solar_generation,Solar,2026-07-27T04:17:26Z
2026-07-27T04:13:26Z,2026-07-27T06:13:26+0200,dabcd32d-9433-4dbd-a505-ea8cec1be0d4,2026-07-05T00:00:00Z,2026-07-05T02:00:00+0200,0.0,MW,DK1,DK_1,forecast_solar_generation,Solar,2026-07-27T04:17:26Z
2026-07-27T04:13:26Z,2026-07-27T06:13:26+0200,dabcd32d-9433-4dbd-a505-ea8cec1be0d4,2026-07-05T00:15:00Z,2026-07-05T02:15:00+0200,0.0,MW,DK1,DK_1,forecast_solar_generation,Solar,2026-07-27T04:17:26Z
2026-07-27T04:13:26Z,2026-07-27T06:13:26+0200,dabcd32d-9433-4dbd-a505-ea8cec1be0d4,2026-07-05T00:30:00Z,2026-07-05T02:30:00+0200,0.0,MW,DK1,DK_1,forecast_solar_generation,Solar,2026-07-27T04:17:26Z
2026-07-27T04:13:26Z,2026-07-27T06:13:26+0200,dabcd32d-9433-4dbd-a505-ea8cec1be0d4,2026-07-05T00:45:00Z,2026-07-05T02:45:00+0200,0.0,MW,DK1,DK_1,forecast_solar_generation,Solar,2026-07-27T04:17:26Z
2026-07-27T04:13:26Z,2026-07-27T06:13:26+0200,dabcd32d-9433-4dbd-a505-ea8cec1be0d4,2026-07-05T01:00:00Z,2026-07-05T03:00:00+0200,0.0,MW,DK1,DK_1,forecast_solar_generation,Solar,2026-07-27T04:17:26Z
2026-07-27T04:13:26Z,2026-07-27T06:13:26+0200,dabcd32d-9433-4dbd-a505-ea8cec1be0d4,2026-07-05T01:15:00Z,2026-07-05T03:15:00+0200,0.0,MW,DK1,DK_1,forecast_solar_generation,Solar,2026-07-27T04:17:26Z
2026-07-27T04:13:26Z,2026-07-27T06:13:26+0200,dabcd32d-9433-4dbd-a505-ea8cec1be0d4,2026-07-05T01:30:00Z,2026-07-05T03:30:00+0200,0.0,MW,DK1,DK_1,forecast_solar_generation,Solar,2026-07-27T04:17:26Z
2026-07-27T04:13:26Z,2026-07-27T06:13:26+0200,dabcd32d-9433-4dbd-a505-ea8cec1be0d4,2026-07-05T01:45:00Z,2026-07-05T03:45:00+0200,0.0,MW,DK1,DK_1,forecast_solar_generation,Solar,2026-07-27T04:17:26Z
2026-07-27T04:13:26Z,2026-07-27T06:13:26+0200,dabcd32d-9433-4dbd-a505-ea8cec1be0d4,2026-07-05T02:00:00Z,2026-07-05T04:00:00+0200,0.0,MW,DK1,DK_1,forecast_solar_generation,Solar,2026-07-27T04:17:26Z
2026-07-27T04:13:26Z,2026-07-27T06:13:26+0200,dabcd32d-9433-4dbd-a505-ea8cec1be0d4,2026-07-05T02:15:00Z,2026-07-05T04:15:00+0200,0.0,MW,DK1,DK_1,forecast_solar_generation,Solar,2026-07-27T04:17:26Z
2026-07-27T04:13:26Z,2026-07-27T06:13:26+0200,dabcd32d-9433-4dbd-a505-ea8cec1be0d4,2026-07-05T02:30:00Z,2026-07-05T04:30:00+0200,0.02,MW,DK1,DK_1,forecast_solar_generation,Solar,2026-07-27T04:17:26Z
2026-07-27T04:13:26Z,2026-07-27T06:13:26+0200,dabcd32d-9433-4dbd-a505-ea8cec1be0d4,2026-07-05T02:45:00Z,2026-07-05T04:45:00+0200,0.54,MW,DK1,DK_1,forecast_solar_generation,Solar,2026-07-27T04:17:26Z
2026-07-27T04:13:26Z,2026-07-27T06:13:26+0200,dabcd32d-9433-4dbd-a505-ea8cec1be0d4,2026-07-05T03:00:00Z,2026-07-05T05:00:00+0200,4.73,MW,DK1,DK_1,forecast_solar_generation,Solar,2026-07-27T04:17:26Z
2026-07-27T04:13:26Z,2026-07-27T06:13:26+0200,dabcd32d-9433-4dbd-a505-ea8cec1be0d4,2026-07-05T03:15:00Z,2026-07-05T05:15:00+0200,19.853333,MW,DK1,DK_1,forecast_solar_generation,Solar,2026-07-27T04:17:26Z
2026-07-27T04:13:26Z,2026-07-27T06:13:26+0200,dabcd32d-9433-4dbd-a505-ea8cec1be0d4,2026-07-05T03:30:00Z,2026-07-05T05:30:00+0200,49.703333,MW,DK1,DK_1,forecast_solar_generation,Solar,2026-07-27T04:17:26Z
2026-07-27T04:13:26Z,2026-07-27T06:13:26+0200,dabcd32d-9433-4dbd-a505-ea8cec1be0d4,2026-07-05T03:45:00Z,2026-07-05T05:45:00+0200,91.11,MW,DK1,DK_1,forecast_solar_generation,Solar,2026-07-27T04:17:26Z
2026-07-27T04:13:26Z,2026-07-27T06:13:26+0200,dabcd32d-9433-4dbd-a505-ea8cec1be0d4,2026-07-05T04:00:00Z,2026-07-05T06:00:00+0200,141.783333,MW,DK1,DK_1,forecast_solar_generation,Solar,2026-07-27T04:17:26Z
2026-07-27T04:13:26Z,2026-07-27T06:13:26+0200,dabcd32d-9433-4dbd-a505-ea8cec1be0d4,2026-07-05T04:15:00Z,2026-07-05T06:15:00+0200,201.701666,MW,DK1,DK_1,forecast_solar_generation,Solar,2026-07-27T04:17:26Z
2026-07-27T04:13:26Z,2026-07-27T06:13:26+0200,dabcd32d-9433-4dbd-a505-ea8cec1be0d4,2026-07-05T04:30:00Z,2026-07-05T06:30:00+0200,272.011666,MW,DK1,DK_1,forecast_solar_generation,Solar,2026-07-27T04:17:26Z
2026-07-27T04:13:26Z,2026-07-27T06:13:26+0200,dabcd32d-9433-4dbd-a505-ea8cec1be0d4,2026-07-05T04:45:00Z,2026-07-05T06:45:00+0200,353.558333,MW,DK1,DK_1,forecast_solar_generation,Solar,2026-07-27T04:17:26Z
2026-07-27T04:13:26Z,2026-07-27T06:13:26+0200,dabcd32d-9433-4dbd-a505-ea8cec1be0d4,2026-07-05T05:00:00Z,2026-07-05T07:00:00+0200,446.17,MW,DK1,DK_1,forecast_solar_generation,Solar,2026-07-27T04:17:26Z
2026-07-27T04:13:26Z,2026-07-27T06:13:26+0200,dabcd32d-9433-4dbd-a505-ea8cec1be0d4,2026-07-05T05:15:00Z,2026-07-05T07:15:00+0200,545.771666,MW,DK1,DK_1,forecast_solar_generation,Solar,2026-07-27T04:17:26Z
2026-07-27T04:13:26Z,2026-07-27T06:13:26+0200,dabcd32d-9433-4dbd-a505-ea8cec1be0d4,2026-07-05T05:30:00Z,2026-07-05T07:30:00+0200,648.115,MW,DK1,DK_1,forecast_solar_generation,Solar,2026-07-27T04:17:26Z
2026-07-27T04:13:26Z,2026-07-27T06:13:26+0200,dabcd32d-9433-4dbd-a505-ea8cec1be0d4,2026-07-05T05:45:00Z,2026-07-05T07:45:00+0200,750.861666,MW,DK1,DK_1,forecast_solar_generation,Solar,2026-07-27T04:17:26Z
2026-07-27T04:13:26Z,2026-07-27T06:13:26+0200,dabcd32d-9433-4dbd-a505-ea8cec1be0d4,2026-07-05T06:00:00Z,2026-07-05T08:00:00+0200,853.178333,MW,DK1,DK_1,forecast_solar_generation,Solar,2026-07-27T04:17:26Z
2026-07-27T04:13:26Z,2026-07-27T06:13:26+0200,dabcd32d-9433-4dbd-a505-ea8cec1be0d4,2026-07-05T06:15:00Z,2026-07-05T08:15:00+0200,954.505,MW,DK1,DK_1,forecast_solar_generation,Solar,2026-07-27T04:17:26Z
2026-07-27T04:13:26Z,2026-07-27T06:13:26+0200,dabcd32d-9433-4dbd-a505-ea8cec1be0d4,2026-07-05T06:30:00Z,2026-07-05T08:30:00+0200,1043.868333,MW,DK1,DK_1,forecast_solar_generation,Solar,2026-07-27T04:17:26Z
2026-07-27T04:13:26Z,2026-07-27T06:13:26+0200,dabcd32d-9433-4dbd-a505-ea8cec1be0d4,2026-07-05T06:45:00Z,2026-07-05T08:45:00+0200,1091.575,MW,DK1,DK_1,forecast_solar_generation,Solar,2026-07-27T04:17:26Z
2026-07-27T04:13:26Z,2026-07-27T06:13:26+0200,dabcd32d-9433-4dbd-a505-ea8cec1be0d4,2026-07-05T07:00:00Z,2026-07-05T09:00:00+0200,1136.468333,MW,DK1,DK_1,forecast_solar_generation,Solar,2026-07-27T04:17:26Z
2026-07-27T04:13:26Z,2026-07-27T06:13:26+0200,dabcd32d-9433-4dbd-a505-ea8cec1be0d4,2026-07-05T07:15:00Z,2026-07-05T09:15:00+0200,1069.735,MW,DK1,DK_1,forecast_solar_generation,Solar,2026-07-27T04:17:26Z
2026-07-27T04:13:26Z,2026-07-27T06:13:26+0200,dabcd32d-9433-4dbd-a505-ea8cec1be0d4,2026-07-05T07:30:00Z,2026-07-05T09:30:00+0200,1136.555,MW,DK1,DK_1,forecast_solar_generation,Solar,2026-07-27T04:17:26Z
2026-07-27T04:13:26Z,2026-07-27T06:13:26+0200,dabcd32d-9433-4dbd-a505-ea8cec1be0d4,2026-07-05T07:45:00Z,2026-07-05T09:45:00+0200,1165.203333,MW,DK1,DK_1,forecast_solar_generation,Solar,2026-07-27T04:17:26Z
2026-07-27T04:13:26Z,2026-07-27T06:13:26+0200,dabcd32d-9433-4dbd-a505-ea8cec1be0d4,2026-07-05T08:00:00Z,2026-07-05T10:00:00+0200,1226.36,MW,DK1,DK_1,forecast_solar_generation,Solar,2026-07-27T04:17:26Z
2026-07-27T04:13:26Z,2026-07-27T06:13:26+0200,dabcd32d-9433-4dbd-a505-ea8cec1be0d4,2026-07-05T08:15:00Z,2026-07-05T10:15:00+0200,1290.345,MW,DK1,DK_1,forecast_solar_generation,Solar,2026-07-27T04:17:26Z
2026-07-27T04:13:26Z,2026-07-27T06:13:26+0200,dabcd32d-9433-4dbd-a505-ea8cec1be0d4,2026-07-05T08:30:00Z,2026-07-05T10:30:00+0200,1312.805,MW,DK1,DK_1,forecast_solar_generation,Solar,2026-07-27T04:17:26Z
2026-07-27T04:13:26Z,2026-07-27T06:13:26+0200,dabcd32d-9433-4dbd-a505-ea8cec1be0d4,2026-07-05T08:45:00Z,2026-07-05T10:45:00+0200,1159.138333,MW,DK1,DK_1,forecast_solar_generation,Solar,2026-07-27T04:17:26Z
2026-07-27T04:13:26Z,2026-07-27T06:13:26+0200,dabcd32d-9433-4dbd-a505-ea8cec1be0d4,2026-07-05T09:00:00Z,2026-07-05T11:00:00+0200,1220.88,MW,DK1,DK_1,forecast_solar_generation,Solar,2026-07-27T04:17:26Z
2026-07-27T04:13:26Z,2026-07-27T06:13:26+0200,dabcd32d-9433-4dbd-a505-ea8cec1be0d4,2026-07-05T09:15:00Z,2026-07-05T11:15:00+0200,1271.491666,MW,DK1,DK_1,forecast_solar_generation,Solar,2026-07-27T04:17:26Z
2026-07-27T04:13:26Z,2026-07-27T06:13:26+0200,dabcd32d-9433-4dbd-a505-ea8cec1be0d4,2026-07-05T09:30:00Z,2026-07-05T11:30:00+0200,1308.53,MW,DK1,DK_1,forecast_solar_generation,Solar,2026-07-27T04:17:26Z
2026-07-27T04:13:26Z,2026-07-27T06:13:26+0200,dabcd32d-9433-4dbd-a505-ea8cec1be0d4,2026-07-05T09:45:00Z,2026-07-05T11:45:00+0200,1344.708333,MW,DK1,DK_1,forecast_solar_generation,Solar,2026-07-27T04:17:26Z
2026-07-27T04:13:26Z,2026-07-27T06:13:26+0200,dabcd32d-9433-4dbd-a505-ea8cec1be0d4,2026-07-05T10:00:00Z,2026-07-05T12:00:00+0200,1379.251666,MW,DK1,DK_1,forecast_solar_generation,Solar,2026-07-27T04:17:26Z
2026-07-27T04:13:26Z,2026-07-27T06:13:26+0200,dabcd32d-9433-4dbd-a505-ea8cec1be0d4,2026-07-05T10:15:00Z,2026-07-05T12:15:00+0200,1405.936666,MW,DK1,DK_1,forecast_solar_generation,Solar,2026-07-27T04:17:26Z
2026-07-27T04:13:26Z,2026-07-27T06:13:26+0200,dabcd32d-9433-4dbd-a505-ea8cec1be0d4,2026-07-05T10:30:00Z,2026-07-05T12:30:00+0200,1421.633333,MW,DK1,DK_1,forecast_solar_generation,Solar,2026-07-27T04:17:26Z
2026-07-27T04:13:26Z,2026-07-27T06:13:26+0200,dabcd32d-9433-4dbd-a505-ea8cec1be0d4,2026-07-05T10:45:00Z,2026-07-05T12:45:00+0200,1423.558333,MW,DK1,DK_1,forecast_solar_generation,Solar,2026-07-27T04:17:26Z
2026-07-27T04:13:26Z,2026-07-27T06:13:26+0200,dabcd32d-9433-4dbd-a505-ea8cec1be0d4,2026-07-05T11:00:00Z,2026-07-05T13:00:00+0200,1387.706666,MW,DK1,DK_1,forecast_solar_generation,Solar,2026-07-27T04:17:26Z
2026-07-27T04:13:26Z,2026-07-27T06:13:26+0200,dabcd32d-9433-4dbd-a505-ea8cec1be0d4,2026-07-05T11:15:00Z,2026-07-05T13:15:00+0200,1390.871666,MW,DK1,DK_1,forecast_solar_generation,Solar,2026-07-27T04:17:26Z
2026-07-27T04:13:26Z,2026-07-27T06:13:26+0200,dabcd32d-9433-4dbd-a505-ea8cec1be0d4,2026-07-05T11:30:00Z,2026-07-05T13:30:00+0200,1390.548333,MW,DK1,DK_1,forecast_solar_generation,Solar,2026-07-27T04:17:26Z
2026-07-27T04:13:26Z,2026-07-27T06:13:26+0200,dabcd32d-9433-4dbd-a505-ea8cec1be0d4,2026-07-05T11:45:00Z,2026-07-05T13:45:00+0200,1386.906666,MW,DK1,DK_1,forecast_solar_generation,Solar,2026-07-27T04:17:26Z
2026-07-27T04:13:26Z,2026-07-27T06:13:26+0200,dabcd32d-9433-4dbd-a505-ea8cec1be0d4,2026-07-05T12:00:00Z,2026-07-05T14:00:00+0200,1380.003333,MW,DK1,DK_1,forecast_solar_generation,Solar,2026-07-27T04:17:26Z
2026-07-27T04:13:26Z,2026-07-27T06:13:26+0200,dabcd32d-9433-4dbd-a505-ea8cec1be0d4,2026-07-05T12:15:00Z,2026-07-05T14:15:00+0200,1370.01,MW,DK1,DK_1,forecast_solar_generation,Solar,2026-07-27T04:17:26Z
2026-07-27T04:13:26Z,2026-07-27T06:13:26+0200,dabcd32d-9433-4dbd-a505-ea8cec1be0d4,2026-07-05T12:30:00Z,2026-07-05T14:30:00+0200,1357.25,MW,DK1,DK_1,forecast_solar_generation,Solar,2026-07-27T04:17:26Z
2026-07-27T04:13:26Z,2026-07-27T06:13:26+0200,dabcd32d-9433-4dbd-a505-ea8cec1be0d4,2026-07-05T12:45:00Z,2026-07-05T14:45:00+0200,1342.075,MW,DK1,DK_1,forecast_solar_generation,Solar,2026-07-27T04:17:26Z
2026-07-27T04:13:26Z,2026-07-27T06:13:26+0200,dabcd32d-9433-4dbd-a505-ea8cec1be0d4,2026-07-05T13:00:00Z,2026-07-05T15:00:00+0200,1324.686666,MW,DK1,DK_1,forecast_solar_generation,Solar,2026-07-27T04:17:26Z
2026-07-27T04:13:26Z,2026-07-27T06:13:26+0200,dabcd32d-9433-4dbd-a505-ea8cec1be0d4,2026-07-05T13:15:00Z,2026-07-05T15:15:00+0200,1305.081666,MW,DK1,DK_1,forecast_solar_generation,Solar,2026-07-27T04:17:26Z
2026-07-27T04:13:26Z,2026-07-27T06:13:26+0200,dabcd32d-9433-4dbd-a505-ea8cec1be0d4,2026-07-05T13:30:00Z,2026-07-05T15:30:00+0200,1282.968333,MW,DK1,DK_1,forecast_solar_generation,Solar,2026-07-27T04:17:26Z
2026-07-27T04:13:26Z,2026-07-27T06:13:26+0200,dabcd32d-9433-4dbd-a505-ea8cec1be0d4,2026-07-05T13:45:00Z,2026-07-05T15:45:00+0200,1263.261666,MW,DK1,DK_1,forecast_solar_generation,Solar,2026-07-27T04:17:26Z
2026-07-27T04:13:26Z,2026-07-27T06:13:26+0200,dabcd32d-9433-4dbd-a505-ea8cec1be0d4,2026-07-05T14:00:00Z,2026-07-05T16:00:00+0200,1267.265,MW,DK1,DK_1,forecast_solar_generation,Solar,2026-07-27T04:17:26Z
2026-07-27T04:13:26Z,2026-07-27T06:13:26+0200,dabcd32d-9433-4dbd-a505-ea8cec1be0d4,2026-07-05T14:15:00Z,2026-07-05T16:15:00+0200,1283.916666,MW,DK1,DK_1,forecast_solar_generation,Solar,2026-07-27T04:17:26Z
2026-07-27T04:13:26Z,2026-07-27T06:13:26+0200,dabcd32d-9433-4dbd-a505-ea8cec1be0d4,2026-07-05T14:30:00Z,2026-07-05T16:30:00+0200,1484.045,MW,DK1,DK_1,forecast_solar_generation,Solar,2026-07-27T04:17:26Z
2026-07-27T04:13:26Z,2026-07-27T06:13:26+0200,dabcd32d-9433-4dbd-a505-ea8cec1be0d4,2026-07-05T14:45:00Z,2026-07-05T16:45:00+0200,1138.24,MW,DK1,DK_1,forecast_solar_generation,Solar,2026-07-27T04:17:26Z
2026-07-27T04:13:26Z,2026-07-27T06:13:26+0200,dabcd32d-9433-4dbd-a505-ea8cec1be0d4,2026-07-05T15:00:00Z,2026-07-05T17:00:00+0200,1079.93,MW,DK1,DK_1,forecast_solar_generation,Solar,2026-07-27T04:17:26Z
2026-07-27T04:13:26Z,2026-07-27T06:13:26+0200,dabcd32d-9433-4dbd-a505-ea8cec1be0d4,2026-07-05T15:15:00Z,2026-07-05T17:15:00+0200,1081.35,MW,DK1,DK_1,forecast_solar_generation,Solar,2026-07-27T04:17:26Z
2026-07-27T04:13:26Z,2026-07-27T06:13:26+0200,dabcd32d-9433-4dbd-a505-ea8cec1be0d4,2026-07-05T15:30:00Z,2026-07-05T17:30:00+0200,1364.918333,MW,DK1,DK_1,forecast_solar_generation,Solar,2026-07-27T04:17:26Z
2026-07-27T04:13:26Z,2026-07-27T06:13:26+0200,dabcd32d-9433-4dbd-a505-ea8cec1be0d4,2026-07-05T15:45:00Z,2026-07-05T17:45:00+0200,1372.473333,MW,DK1,DK_1,forecast_solar_generation,Solar,2026-07-27T04:17:26Z
2026-07-27T04:13:26Z,2026-07-27T06:13:26+0200,dabcd32d-9433-4dbd-a505-ea8cec1be0d4,2026-07-05T16:00:00Z,2026-07-05T18:00:00+0200,1252.568333,MW,DK1,DK_1,forecast_solar_generation,Solar,2026-07-27T04:17:26Z
2026-07-27T04:13:26Z,2026-07-27T06:13:26+0200,dabcd32d-9433-4dbd-a505-ea8cec1be0d4,2026-07-05T16:15:00Z,2026-07-05T18:15:00+0200,1174.585,MW,DK1,DK_1,forecast_solar_generation,Solar,2026-07-27T04:17:26Z
2026-07-27T04:13:26Z,2026-07-27T06:13:26+0200,dabcd32d-9433-4dbd-a505-ea8cec1be0d4,2026-07-05T16:30:00Z,2026-07-05T18:30:00+0200,1052.336666,MW,DK1,DK_1,forecast_solar_generation,Solar,2026-07-27T04:17:26Z
2026-07-27T04:13:26Z,2026-07-27T06:13:26+0200,dabcd32d-9433-4dbd-a505-ea8cec1be0d4,2026-07-05T16:45:00Z,2026-07-05T18:45:00+0200,931.05,MW,DK1,DK_1,forecast_solar_generation,Solar,2026-07-27T04:17:26Z
2026-07-27T04:13:26Z,2026-07-27T06:13:26+0200,dabcd32d-9433-4dbd-a505-ea8cec1be0d4,2026-07-05T17:00:00Z,2026-07-05T19:00:00+0200,819.633333,MW,DK1,DK_1,forecast_solar_generation,Solar,2026-07-27T04:17:26Z
2026-07-27T04:13:26Z,2026-07-27T06:13:26+0200,dabcd32d-9433-4dbd-a505-ea8cec1be0d4,2026-07-05T17:15:00Z,2026-07-05T19:15:00+0200,701.046666,MW,DK1,DK_1,forecast_solar_generation,Solar,2026-07-27T04:17:26Z
2026-07-27T04:13:26Z,2026-07-27T06:13:26+0200,dabcd32d-9433-4dbd-a505-ea8cec1be0d4,2026-07-05T17:30:00Z,2026-07-05T19:30:00+0200,586.083333,MW,DK1,DK_1,forecast_solar_generation,Solar,2026-07-27T04:17:26Z
2026-07-27T04:13:26Z,2026-07-27T06:13:26+0200,dabcd32d-9433-4dbd-a505-ea8cec1be0d4,2026-07-05T17:45:00Z,2026-07-05T19:45:00+0200,477.506666,MW,DK1,DK_1,forecast_solar_generation,Solar,2026-07-27T04:17:26Z
2026-07-27T04:13:26Z,2026-07-27T06:13:26+0200,dabcd32d-9433-4dbd-a505-ea8cec1be0d4,2026-07-05T18:00:00Z,2026-07-05T20:00:00+0200,378.736666,MW,DK1,DK_1,forecast_solar_generation,Solar,2026-07-27T04:17:26Z
2026-07-27T04:13:26Z,2026-07-27T06:13:26+0200,dabcd32d-9433-4dbd-a505-ea8cec1be0d4,2026-07-05T18:15:00Z,2026-07-05T20:15:00+0200,289.191666,MW,DK1,DK_1,forecast_solar_generation,Solar,2026-07-27T04:17:26Z
2026-07-27T04:13:26Z,2026-07-27T06:13:26+0200,dabcd32d-9433-4dbd-a505-ea8cec1be0d4,2026-07-05T18:30:00Z,2026-07-05T20:30:00+0200,209.665,MW,DK1,DK_1,forecast_solar_generation,Solar,2026-07-27T04:17:26Z
2026-07-27T04:13:26Z,2026-07-27T06:13:26+0200,dabcd32d-9433-4dbd-a505-ea8cec1be0d4,2026-07-05T18:45:00Z,2026-07-05T20:45:00+0200,141.396666,MW,DK1,DK_1,forecast_solar_generation,Solar,2026-07-27T04:17:26Z
2026-07-27T04:13:26Z,2026-07-27T06:13:26+0200,dabcd32d-9433-4dbd-a505-ea8cec1be0d4,2026-07-05T19:00:00Z,2026-07-05T21:00:00+0200,84.585,MW,DK1,DK_1,forecast_solar_generation,Solar,2026-07-27T04:17:26Z
2026-07-27T04:13:26Z,2026-07-27T06:13:26+0200,dabcd32d-9433-4dbd-a505-ea8cec1be0d4,2026-07-05T19:15:00Z,2026-07-05T21:15:00+0200,40.471666,MW,DK1,DK_1,forecast_solar_generation,Solar,2026-07-27T04:17:26Z
2026-07-27T04:13:26Z,2026-07-27T06:13:26+0200,dabcd32d-9433-4dbd-a505-ea8cec1be0d4,2026-07-05T19:30:00Z,2026-07-05T21:30:00+0200,12.625,MW,DK1,DK_1,forecast_solar_generation,Solar,2026-07-27T04:17:26Z
2026-07-27T04:13:26Z,2026-07-27T06:13:26+0200,dabcd32d-9433-4dbd-a505-ea8cec1be0d4,2026-07-05T19:45:00Z,2026-07-05T21:45:00+0200,2.008333,MW,DK1,DK_1,forecast_solar_generation,Solar,2026-07-27T04:17:26Z
2026-07-27T04:13:26Z,2026-07-27T06:13:26+0200,dabcd32d-9433-4dbd-a505-ea8cec1be0d4,2026-07-05T20:00:00Z,2026-07-05T22:00:00+0200,0.111666,MW,DK1,DK_1,forecast_solar_generation,Solar,2026-07-27T04:17:26Z
2026-07-27T04:13:26Z,2026-07-27T06:13:26+0200,dabcd32d-9433-4dbd-a505-ea8cec1be0d4,2026-07-05T20:15:00Z,2026-07-05T22:15:00+0200,0.0,MW,DK1,DK_1,forecast_solar_generation,Solar,2026-07-27T04:17:26Z
2026-07-27T04:13:26Z,2026-07-27T06:13:26+0200,dabcd32d-9433-4dbd-a505-ea8cec1be0d4,2026-07-05T20:30:00Z,2026-07-05T22:30:00+0200,0.0,MW,DK1,DK_1,forecast_solar_generation,Solar,2026-07-27T04:17:26Z
2026-07-27T04:13:26Z,2026-07-27T06:13:26+0200,dabcd32d-9433-4dbd-a505-ea8cec1be0d4,2026-07-05T20:45:00Z,2026-07-05T22:45:00+0200,0.0,MW,DK1,DK_1,forecast_solar_generation,Solar,2026-07-27T04:17:26Z
2026-07-27T04:13:26Z,2026-07-27T06:13:26+0200,dabcd32d-9433-4dbd-a505-ea8cec1be0d4,2026-07-05T21:00:00Z,2026-07-05T23:00:00+0200,0.0,MW,DK1,DK_1,forecast_solar_generation,Solar,2026-07-27T04:17:26Z
2026-07-27T04:13:26Z,2026-07-27T06:13:26+0200,dabcd32d-9433-4dbd-a505-ea8cec1be0d4,2026-07-05T21:15:00Z,2026-07-05T23:15:00+0200,0.0,MW,DK1,DK_1,forecast_solar_generation,Solar,2026-07-27T04:17:26Z
2026-07-27T04:13:26Z,2026-07-27T06:13:26+0200,dabcd32d-9433-4dbd-a505-ea8cec1be0d4,2026-07-05T21:30:00Z,2026-07-05T23:30:00+0200,0.0,MW,DK1,DK_1,forecast_solar_generation,Solar,2026-07-27T04:17:26Z
2026-07-27T04:13:26Z,2026-07-27T06:13:26+0200,dabcd32d-9433-4dbd-a505-ea8cec1be0d4,2026-07-05T21:45:00Z,2026-07-05T23:45:00+0200,0.0,MW,DK1,DK_1,forecast_solar_generation,Solar,2026-07-27T04:17:26Z
2026-07-27T04:13:26Z,2026-07-27T06:13:26+0200,dabcd32d-9433-4dbd-a505-ea8cec1be0d4,2026-07-05T22:00:00Z,2026-07-06T00:00:00+0200,0.0,MW,DK1,DK_1,forecast_solar_generation,Solar,2026-07-27T04:17:26Z
2026-07-27T04:13:26Z,2026-07-27T06:13:26+0200,dabcd32d-9433-4dbd-a505-ea8cec1be0d4,2026-07-05T22:15:00Z,2026-07-06T00:15:00+0200,0.0,MW,DK1,DK_1,forecast_solar_generation,Solar,2026-07-27T04:17:26Z
2026-07-27T04:13:26Z,2026-07-27T06:13:26+0200,dabcd32d-9433-4dbd-a505-ea8cec1be0d4,2026-07-05T22:30:00Z,2026-07-06T00:30:00+0200,0.0,MW,DK1,DK_1,forecast_solar_generation,Solar,2026-07-27T04:17:26Z
2026-07-27T04:13:26Z,2026-07-27T06:13:26+0200,dabcd32d-9433-4dbd-a505-ea8cec1be0d4,2026-07-05T22:45:00Z,2026-07-06T00:45:00+0200,0.0,MW,DK1,DK_1,forecast_solar_generation,Solar,2026-07-27T04:17:26Z
2026-07-27T04:13:26Z,2026-07-27T06:13:26+0200,dabcd32d-9433-4dbd-a505-ea8cec1be0d4,2026-07-05T23:00:00Z,2026-07-06T01:00:00+0200,0.0,MW,DK1,DK_1,forecast_solar_generation,Solar,2026-07-27T04:17:26Z
2026-07-27T04:13:26Z,2026-07-27T06:13:26+0200,dabcd32d-9433-4dbd-a505-ea8cec1be0d4,2026-07-05T23:15:00Z,2026-07-06T01:15:00+0200,0.0,MW,DK1,DK_1,forecast_solar_generation,Solar,2026-07-27T04:17:26Z
2026-07-27T04:13:26Z,2026-07-27T06:13:26+0200,dabcd32d-9433-4dbd-a505-ea8cec1be0d4,2026-07-05T23:30:00Z,2026-07-06T01:30:00+0200,0.0,MW,DK1,DK_1,forecast_solar_generation,Solar,2026-07-27T04:17:26Z
2026-07-27T04:13:26Z,2026-07-27T06:13:26+0200,dabcd32d-9433-4dbd-a505-ea8cec1be0d4,2026-07-05T23:45:00Z,2026-07-06T01:45:00+0200,0.0,MW,DK1,DK_1,forecast_solar_generation,Solar,2026-07-27T04:17:26Z
2026-07-27T04:13:26Z,2026-07-27T06:13:26+0200,dabcd32d-9433-4dbd-a505-ea8cec1be0d4,2026-07-06T00:00:00Z,2026-07-06T02:00:00+0200,0.0,MW,DK1,DK_1,forecast_solar_generation,Solar,2026-07-27T04:17:26Z
2026-07-27T04:13:26Z,2026-07-27T06:13:26+0200,dabcd32d-9433-4dbd-a505-ea8cec1be0d4,2026-07-06T00:15:00Z,2026-07-06T02:15:00+0200,0.0,MW,DK1,DK_1,forecast_solar_generation,Solar,2026-07-27T04:17:26Z
2026-07-27T04:13:26Z,2026-07-27T06:13:26+0200,dabcd32d-9433-4dbd-a505-ea8cec1be0d4,2026-07-06T00:30:00Z,2026-07-06T02:30:00+0200,0.0,MW,DK1,DK_1,forecast_solar_generation,Solar,2026-07-27T04:17:26Z
2026-07-27T04:13:26Z,2026-07-27T06:13:26+0200,dabcd32d-9433-4dbd-a505-ea8cec1be0d4,2026-07-06T00:45:00Z,2026-07-06T02:45:00+0200,0.0,MW,DK1,DK_1,forecast_solar_generation,Solar,2026-07-27T04:17:26Z
2026-07-27T04:13:26Z,2026-07-27T06:13:26+0200,dabcd32d-9433-4dbd-a505-ea8cec1be0d4,2026-07-06T01:00:00Z,2026-07-06T03:00:00+0200,0.0,MW,DK1,DK_1,forecast_solar_generation,Solar,2026-07-27T04:17:26Z
2026-07-27T04:13:26Z,2026-07-27T06:13:26+0200,dabcd32d-9433-4dbd-a505-ea8cec1be0d4,2026-07-06T01:15:00Z,2026-07-06T03:15:00+0200,0.0,MW,DK1,DK_1,forecast_solar_generation,Solar,2026-07-27T04:17:26Z
2026-07-27T04:13:26Z,2026-07-27T06:13:26+0200,dabcd32d-9433-4dbd-a505-ea8cec1be0d4,2026-07-06T01:30:00Z,2026-07-06T03:30:00+0200,0.0,MW,DK1,DK_1,forecast_solar_generation,Solar,2026-07-27T04:17:26Z
2026-07-27T04:13:26Z,2026-07-27T06:13:26+0200,dabcd32d-9433-4dbd-a505-ea8cec1be0d4,2026-07-06T01:45:00Z,2026-07-06T03:45:00+0200,0.0,MW,DK1,DK_1,forecast_solar_generation,Solar,2026-07-27T04:17:26Z
2026-07-27T04:13:26Z,2026-07-27T06:13:26+0200,dabcd32d-9433-4dbd-a505-ea8cec1be0d4,2026-07-06T02:00:00Z,2026-07-06T04:00:00+0200,0.0,MW,DK1,DK_1,forecast_solar_generation,Solar,2026-07-27T04:17:26Z
2026-07-27T04:13:26Z,2026-07-27T06:13:26+0200,dabcd32d-9433-4dbd-a505-ea8cec1be0d4,2026-07-06T02:15:00Z,2026-07-06T04:15:00+0200,0.0,MW,DK1,DK_1,forecast_solar_generation,Solar,2026-07-27T04:17:26Z
2026-07-27T04:13:26Z,2026-07-27T06:13:26+0200,dabcd32d-9433-4dbd-a505-ea8cec1be0d4,2026-07-06T02:30:00Z,2026-07-06T04:30:00+0200,0.013333,MW,DK1,DK_1,forecast_solar_generation,Solar,2026-07-27T04:17:26Z
2026-07-27T04:13:26Z,2026-07-27T06:13:26+0200,dabcd32d-9433-4dbd-a505-ea8cec1be0d4,2026-07-06T02:45:00Z,2026-07-06T04:45:00+0200,0.418333,MW,DK1,DK_1,forecast_solar_generation,Solar,2026-07-27T04:17:26Z
2026-07-27T04:13:26Z,2026-07-27T06:13:26+0200,dabcd32d-9433-4dbd-a505-ea8cec1be0d4,2026-07-06T03:00:00Z,2026-07-06T05:00:00+0200,3.554999,MW,DK1,DK_1,forecast_solar_generation,Solar,2026-07-27T04:17:26Z
2026-07-27T04:13:26Z,2026-07-27T06:13:26+0200,dabcd32d-9433-4dbd-a505-ea8cec1be0d4,2026-07-06T03:15:00Z,2026-07-06T05:15:00+0200,14.591666,MW,DK1,DK_1,forecast_solar_generation,Solar,2026-07-27T04:17:26Z
2026-07-27T04:13:26Z,2026-07-27T06:13:26+0200,dabcd32d-9433-4dbd-a505-ea8cec1be0d4,2026-07-06T03:30:00Z,2026-07-06T05:30:00+0200,35.356666,MW,DK1,DK_1,forecast_solar_generation,Solar,2026-07-27T04:17:26Z
2026-07-27T04:13:26Z,2026-07-27T06:13:26+0200,dabcd32d-9433-4dbd-a505-ea8cec1be0d4,2026-07-06T03:45:00Z,2026-07-06T05:45:00+0200,61.669999,MW,DK1,DK_1,forecast_solar_generation,Solar,2026-07-27T04:17:26Z
2026-07-27T04:13:26Z,2026-07-27T06:13:26+0200,dabcd32d-9433-4dbd-a505-ea8cec1be0d4,2026-07-06T04:00:00Z,2026-07-06T06:00:00+0200,90.085,MW,DK1,DK_1,forecast_solar_generation,Solar,2026-07-27T04:17:26Z
2026-07-27T04:13:26Z,2026-07-27T06:13:26+0200,dabcd32d-9433-4dbd-a505-ea8cec1be0d4,2026-07-06T04:15:00Z,2026-07-06T06:15:00+0200,120.67,MW,DK1,DK_1,forecast_solar_generation,Solar,2026-07-27T04:17:26Z
2026-07-27T04:13:26Z,2026-07-27T06:13:26+0200,dabcd32d-9433-4dbd-a505-ea8cec1be0d4,2026-07-06T04:30:00Z,2026-07-06T06:30:00+0200,155.318333,MW,DK1,DK_1,forecast_solar_generation,Solar,2026-07-27T04:17:26Z
2026-07-27T04:13:26Z,2026-07-27T06:13:26+0200,dabcd32d-9433-4dbd-a505-ea8cec1be0d4,2026-07-06T04:45:00Z,2026-07-06T06:45:00+0200,191.673333,MW,DK1,DK_1,forecast_solar_generation,Solar,2026-07-27T04:17:26Z
2026-07-27T04:13:26Z,2026-07-27T06:13:26+0200,dabcd32d-9433-4dbd-a505-ea8cec1be0d4,2026-07-06T05:00:00Z,2026-07-06T07:00:00+0200,228.573333,MW,DK1,DK_1,forecast_solar_generation,Solar,2026-07-27T04:17:26Z
2026-07-27T04:13:26Z,2026-07-27T06:13:26+0200,dabcd32d-9433-4dbd-a505-ea8cec1be0d4,2026-07-06T05:15:00Z,2026-07-06T07:15:00+0200,265.119999,MW,DK1,DK_1,forecast_solar_generation,Solar,2026-07-27T04:17:26Z
2026-07-27T04:13:26Z,2026-07-27T06:13:26+0200,dabcd32d-9433-4dbd-a505-ea8cec1be0d4,2026-07-06T05:30:00Z,2026-07-06T07:30:00+0200,302.05,MW,DK1,DK_1,forecast_solar_generation,Solar,2026-07-27T04:17:26Z
2026-07-27T04:13:26Z,2026-07-27T06:13:26+0200,dabcd32d-9433-4dbd-a505-ea8cec1be0d4,2026-07-06T05:45:00Z,2026-07-06T07:45:00+0200,337.861666,MW,DK1,DK_1,forecast_solar_generation,Solar,2026-07-27T04:17:26Z
2026-07-27T04:13:26Z,2026-07-27T06:13:26+0200,dabcd32d-9433-4dbd-a505-ea8cec1be0d4,2026-07-06T06:00:00Z,2026-07-06T08:00:00+0200,371.788333,MW,DK1,DK_1,forecast_solar_generation,Solar,2026-07-27T04:17:26Z
2026-07-27T04:13:26Z,2026-07-27T06:13:26+0200,dabcd32d-9433-4dbd-a505-ea8cec1be0d4,2026-07-06T06:15:00Z,2026-07-06T08:15:00+0200,403.93,MW,DK1,DK_1,forecast_solar_generation,Solar,2026-07-27T04:17:26Z
2026-07-27T04:13:26Z,2026-07-27T06:13:26+0200,dabcd32d-9433-4dbd-a505-ea8cec1be0d4,2026-07-06T06:30:00Z,2026-07-06T08:30:00+0200,434.395,MW,DK1,DK_1,forecast_solar_generation,Solar,2026-07-27T04:17:26Z
2026-07-27T04:13:26Z,2026-07-27T06:13:26+0200,dabcd32d-9433-4dbd-a505-ea8cec1be0d4,2026-07-06T06:45:00Z,2026-07-06T08:45:00+0200,462.618333,MW,DK1,DK_1,forecast_solar_generation,Solar,2026-07-27T04:17:26Z
2026-07-27T04:13:26Z,2026-07-27T06:13:26+0200,dabcd32d-9433-4dbd-a505-ea8cec1be0d4,2026-07-06T07:00:00Z,2026-07-06T09:00:00+0200,489.323333,MW,DK1,DK_1,forecast_solar_generation,Solar,2026-07-27T04:17:26Z
2026-07-27T04:13:26Z,2026-07-27T06:13:26+0200,dabcd32d-9433-4dbd-a505-ea8cec1be0d4,2026-07-06T07:15:00Z,2026-07-06T09:15:00+0200,515.726666,MW,DK1,DK_1,forecast_solar_generation,Solar,2026-07-27T04:17:26Z
2026-07-27T04:13:26Z,2026-07-27T06:13:26+0200,dabcd32d-9433-4dbd-a505-ea8cec1be0d4,2026-07-06T07:30:00Z,2026-07-06T09:30:00+0200,542.075,MW,DK1,DK_1,forecast_solar_generation,Solar,2026-07-27T04:17:26Z
2026-07-27T04:13:26Z,2026-07-27T06:13:26+0200,dabcd32d-9433-4dbd-a505-ea8cec1be0d4,2026-07-06T07:45:00Z,2026-07-06T09:45:00+0200,566.936666,MW,DK1,DK_1,forecast_solar_generation,Solar,2026-07-27T04:17:26Z
2026-07-27T04:13:26Z,2026-07-27T06:13:26+0200,dabcd32d-9433-4dbd-a505-ea8cec1be0d4,2026-07-06T08:00:00Z,2026-07-06T10:00:00+0200,590.19,MW,DK1,DK_1,forecast_solar_generation,Solar,2026-07-27T04:17:26Z
2026-07-27T04:13:26Z,2026-07-27T06:13:26+0200,dabcd32d-9433-4dbd-a505-ea8cec1be0d4,2026-07-06T08:15:00Z,2026-07-06T10:15:00+0200,612.193333,MW,DK1,DK_1,forecast_solar_generation,Solar,2026-07-27T04:17:26Z
2026-07-27T04:13:26Z,2026-07-27T06:13:26+0200,dabcd32d-9433-4dbd-a505-ea8cec1be0d4,2026-07-06T08:30:00Z,2026-07-06T10:30:00+0200,633.161666,MW,DK1,DK_1,forecast_solar_generation,Solar,2026-07-27T04:17:26Z
2026-07-27T04:13:26Z,2026-07-27T06:13:26+0200,dabcd32d-9433-4dbd-a505-ea8cec1be0d4,2026-07-06T08:45:00Z,2026-07-06T10:45:00+0200,652.688333,MW,DK1,DK_1,forecast_solar_generation,Solar,2026-07-27T04:17:26Z
2026-07-27T04:13:26Z,2026-07-27T06:13:26+0200,dabcd32d-9433-4dbd-a505-ea8cec1be0d4,2026-07-06T09:00:00Z,2026-07-06T11:00:00+0200,670.481666,MW,DK1,DK_1,forecast_solar_generation,Solar,2026-07-27T04:17:26Z
2026-07-27T04:13:26Z,2026-07-27T06:13:26+0200,dabcd32d-9433-4dbd-a505-ea8cec1be0d4,2026-07-06T09:15:00Z,2026-07-06T11:15:00+0200,686.488333,MW,DK1,DK_1,forecast_solar_generation,Solar,2026-07-27T04:17:26Z
2026-07-27T04:13:26Z,2026-07-27T06:13:26+0200,dabcd32d-9433-4dbd-a505-ea8cec1be0d4,2026-07-06T09:30:00Z,2026-07-06T11:30:00+0200,701.928333,MW,DK1,DK_1,forecast_solar_generation,Solar,2026-07-27T04:17:26Z
2026-07-27T04:13:26Z,2026-07-27T06:13:26+0200,dabcd32d-9433-4dbd-a505-ea8cec1be0d4,2026-07-06T09:45:00Z,2026-07-06T11:45:00+0200,720.468333,MW,DK1,DK_1,forecast_solar_generation,Solar,2026-07-27T04:17:26Z
2026-07-27T04:13:26Z,2026-07-27T06:13:26+0200,dabcd32d-9433-4dbd-a505-ea8cec1be0d4,2026-07-06T10:00:00Z,2026-07-06T12:00:00+0200,740.39,MW,DK1,DK_1,forecast_solar_generation,Solar,2026-07-27T04:17:26Z
2026-07-27T04:13:26Z,2026-07-27T06:13:26+0200,dabcd32d-9433-4dbd-a505-ea8cec1be0d4,2026-07-06T10:15:00Z,2026-07-06T12:15:00+0200,757.321666,MW,DK1,DK_1,forecast_solar_generation,Solar,2026-07-27T04:17:26Z
2026-07-27T04:13:26Z,2026-07-27T06:13:26+0200,dabcd32d-9433-4dbd-a505-ea8cec1be0d4,2026-07-06T10:30:00Z,2026-07-06T12:30:00+0200,767.346666,MW,DK1,DK_1,forecast_solar_generation,Solar,2026-07-27T04:17:26Z
2026-07-27T04:13:26Z,2026-07-27T06:13:26+0200,dabcd32d-9433-4dbd-a505-ea8cec1be0d4,2026-07-06T10:45:00Z,2026-07-06T12:45:00+0200,771.323333,MW,DK1,DK_1,forecast_solar_generation,Solar,2026-07-27T04:17:26Z
2026-07-27T04:13:26Z,2026-07-27T06:13:26+0200,dabcd32d-9433-4dbd-a505-ea8cec1be0d4,2026-07-06T11:00:00Z,2026-07-06T13:00:00+0200,770.976666,MW,DK1,DK_1,forecast_solar_generation,Solar,2026-07-27T04:17:26Z
2026-07-27T04:13:26Z,2026-07-27T06:13:26+0200,dabcd32d-9433-4dbd-a505-ea8cec1be0d4,2026-07-06T11:15:00Z,2026-07-06T13:15:00+0200,767.728333,MW,DK1,DK_1,forecast_solar_generation,Solar,2026-07-27T04:17:26Z
2026-07-27T04:13:26Z,2026-07-27T06:13:26+0200,dabcd32d-9433-4dbd-a505-ea8cec1be0d4,2026-07-06T11:30:00Z,2026-07-06T13:30:00+0200,763.008333,MW,DK1,DK_1,forecast_solar_generation,Solar,2026-07-27T04:17:26Z
2026-07-27T04:13:26Z,2026-07-27T06:13:26+0200,dabcd32d-9433-4dbd-a505-ea8cec1be0d4,2026-07-06T11:45:00Z,2026-07-06T13:45:00+0200,757.324999,MW,DK1,DK_1,forecast_solar_generation,Solar,2026-07-27T04:17:26Z
2026-07-27T04:13:26Z,2026-07-27T06:13:26+0200,dabcd32d-9433-4dbd-a505-ea8cec1be0d4,2026-07-06T12:00:00Z,2026-07-06T14:00:00+0200,750.163333,MW,DK1,DK_1,forecast_solar_generation,Solar,2026-07-27T04:17:26Z
2026-07-27T04:13:26Z,2026-07-27T06:13:26+0200,dabcd32d-9433-4dbd-a505-ea8cec1be0d4,2026-07-06T12:15:00Z,2026-07-06T14:15:00+0200,741.193333,MW,DK1,DK_1,forecast_solar_generation,Solar,2026-07-27T04:17:26Z
2026-07-27T04:13:26Z,2026-07-27T06:13:26+0200,dabcd32d-9433-4dbd-a505-ea8cec1be0d4,2026-07-06T12:30:00Z,2026-07-06T14:30:00+0200,729.346666,MW,DK1,DK_1,forecast_solar_generation,Solar,2026-07-27T04:17:26Z
2026-07-27T04:13:26Z,2026-07-27T06:13:26+0200,dabcd32d-9433-4dbd-a505-ea8cec1be0d4,2026-07-06T12:45:00Z,2026-07-06T14:45:00+0200,713.391666,MW,DK1,DK_1,forecast_solar_generation,Solar,2026-07-27T04:17:26Z
2026-07-27T04:13:26Z,2026-07-27T06:13:26+0200,dabcd32d-9433-4dbd-a505-ea8cec1be0d4,2026-07-06T13:00:00Z,2026-07-06T15:00:00+0200,696.898333,MW,DK1,DK_1,forecast_solar_generation,Solar,2026-07-27T04:17:26Z
2026-07-27T04:13:26Z,2026-07-27T06:13:26+0200,dabcd32d-9433-4dbd-a505-ea8cec1be0d4,2026-07-06T13:15:00Z,2026-07-06T15:15:00+0200,683.793333,MW,DK1,DK_1,forecast_solar_generation,Solar,2026-07-27T04:17:26Z
2026-07-27T04:13:26Z,2026-07-27T06:13:26+0200,dabcd32d-9433-4dbd-a505-ea8cec1be0d4,2026-07-06T13:30:00Z,2026-07-06T15:30:00+0200,676.326666,MW,DK1,DK_1,forecast_solar_generation,Solar,2026-07-27T04:17:26Z
2026-07-27T04:13:26Z,2026-07-27T06:13:26+0200,dabcd32d-9433-4dbd-a505-ea8cec1be0d4,2026-07-06T13:45:00Z,2026-07-06T15:45:00+0200,670.905,MW,DK1,DK_1,forecast_solar_generation,Solar,2026-07-27T04:17:26Z
2026-07-27T04:13:26Z,2026-07-27T06:13:26+0200,dabcd32d-9433-4dbd-a505-ea8cec1be0d4,2026-07-06T14:00:00Z,2026-07-06T16:00:00+0200,663.185,MW,DK1,DK_1,forecast_solar_generation,Solar,2026-07-27T04:17:26Z
2026-07-27T04:13:26Z,2026-07-27T06:13:26+0200,dabcd32d-9433-4dbd-a505-ea8cec1be0d4,2026-07-06T14:15:00Z,2026-07-06T16:15:00+0200,650.42,MW,DK1,DK_1,forecast_solar_generation,Solar,2026-07-27T04:17:26Z
2026-07-27T04:13:26Z,2026-07-27T06:13:26+0200,dabcd32d-9433-4dbd-a505-ea8cec1be0d4,2026-07-06T14:30:00Z,2026-07-06T16:30:00+0200,631.85,MW,DK1,DK_1,forecast_solar_generation,Solar,2026-07-27T04:17:26Z
2026-07-27T04:13:26Z,2026-07-27T06:13:26+0200,dabcd32d-9433-4dbd-a505-ea8cec1be0d4,2026-07-06T14:45:00Z,2026-07-06T16:45:00+0200,611.703333,MW,DK1,DK_1,forecast_solar_generation,Solar,2026-07-27T04:17:26Z
2026-07-27T04:13:26Z,2026-07-27T06:13:26+0200,dabcd32d-9433-4dbd-a505-ea8cec1be0d4,2026-07-06T15:00:00Z,2026-07-06T17:00:00+0200,588.451666,MW,DK1,DK_1,forecast_solar_generation,Solar,2026-07-27T04:17:26Z
2026-07-27T04:13:26Z,2026-07-27T06:13:26+0200,dabcd32d-9433-4dbd-a505-ea8cec1be0d4,2026-07-06T15:15:00Z,2026-07-06T17:15:00+0200,559.146666,MW,DK1,DK_1,forecast_solar_generation,Solar,2026-07-27T04:17:26Z
2026-07-27T04:13:26Z,2026-07-27T06:13:26+0200,dabcd32d-9433-4dbd-a505-ea8cec1be0d4,2026-07-06T15:30:00Z,2026-07-06T17:30:00+0200,521.91,MW,DK1,DK_1,forecast_solar_generation,Solar,2026-07-27T04:17:26Z
2026-07-27T04:13:26Z,2026-07-27T06:13:26+0200,dabcd32d-9433-4dbd-a505-ea8cec1be0d4,2026-07-06T15:45:00Z,2026-07-06T17:45:00+0200,479.516666,MW,DK1,DK_1,forecast_solar_generation,Solar,2026-07-27T04:17:26Z
2026-07-27T04:13:26Z,2026-07-27T06:13:26+0200,dabcd32d-9433-4dbd-a505-ea8cec1be0d4,2026-07-06T16:00:00Z,2026-07-06T18:00:00+0200,462.025,MW,DK1,DK_1,forecast_solar_generation,Solar,2026-07-27T04:17:26Z
2026-07-27T04:13:26Z,2026-07-27T06:13:26+0200,dabcd32d-9433-4dbd-a505-ea8cec1be0d4,2026-07-06T16:15:00Z,2026-07-06T18:15:00+0200,426.011666,MW,DK1,DK_1,forecast_solar_generation,Solar,2026-07-27T04:17:26Z
2026-07-27T04:13:26Z,2026-07-27T06:13:26+0200,dabcd32d-9433-4dbd-a505-ea8cec1be0d4,2026-07-06T16:30:00Z,2026-07-06T18:30:00+0200,385.75,MW,DK1,DK_1,forecast_solar_generation,Solar,2026-07-27T04:17:26Z
2026-07-27T04:13:26Z,2026-07-27T06:13:26+0200,dabcd32d-9433-4dbd-a505-ea8cec1be0d4,2026-07-06T16:45:00Z,2026-07-06T18:45:00+0200,342.991666,MW,DK1,DK_1,forecast_solar_generation,Solar,2026-07-27T04:17:26Z
2026-07-27T04:13:26Z,2026-07-27T06:13:26+0200,dabcd32d-9433-4dbd-a505-ea8cec1be0d4,2026-07-06T17:00:00Z,2026-07-06T19:00:00+0200,299.91,MW,DK1,DK_1,forecast_solar_generation,Solar,2026-07-27T04:17:26Z
2026-07-27T04:13:26Z,2026-07-27T06:13:26+0200,dabcd32d-9433-4dbd-a505-ea8cec1be0d4,2026-07-06T17:15:00Z,2026-07-06T19:15:00+0200,258.21,MW,DK1,DK_1,forecast_solar_generation,Solar,2026-07-27T04:17:26Z
2026-07-27T04:13:26Z,2026-07-27T06:13:26+0200,dabcd32d-9433-4dbd-a505-ea8cec1be0d4,2026-07-06T17:30:00Z,2026-07-06T19:30:00+0200,218.738333,MW,DK1,DK_1,forecast_solar_generation,Solar,2026-07-27T04:17:26Z
2026-07-27T04:13:26Z,2026-07-27T06:13:26+0200,dabcd32d-9433-4dbd-a505-ea8cec1be0d4,2026-07-06T17:45:00Z,2026-07-06T19:45:00+0200,180.783333,MW,DK1,DK_1,forecast_solar_generation,Solar,2026-07-27T04:17:26Z
2026-07-27T04:13:26Z,2026-07-27T06:13:26+0200,dabcd32d-9433-4dbd-a505-ea8cec1be0d4,2026-07-06T18:00:00Z,2026-07-06T20:00:00+0200,145.186666,MW,DK1,DK_1,forecast_solar_generation,Solar,2026-07-27T04:17:26Z
2026-07-27T04:13:26Z,2026-07-27T06:13:26+0200,dabcd32d-9433-4dbd-a505-ea8cec1be0d4,2026-07-06T18:15:00Z,2026-07-06T20:15:00+0200,112.06,MW,DK1,DK_1,forecast_solar_generation,Solar,2026-07-27T04:17:26Z
2026-07-27T04:13:26Z,2026-07-27T06:13:26+0200,dabcd32d-9433-4dbd-a505-ea8cec1be0d4,2026-07-06T18:30:00Z,2026-07-06T20:30:00+0200,82.301666,MW,DK1,DK_1,forecast_solar_generation,Solar,2026-07-27T04:17:26Z
2026-07-27T04:13:26Z,2026-07-27T06:13:26+0200,dabcd32d-9433-4dbd-a505-ea8cec1be0d4,2026-07-06T18:45:00Z,2026-07-06T20:45:00+0200,56.68,MW,DK1,DK_1,forecast_solar_generation,Solar,2026-07-27T04:17:26Z
2026-07-27T04:13:26Z,2026-07-27T06:13:26+0200,dabcd32d-9433-4dbd-a505-ea8cec1be0d4,2026-07-06T19:00:00Z,2026-07-06T21:00:00+0200,34.464999,MW,DK1,DK_1,forecast_solar_generation,Solar,2026-07-27T04:17:26Z
2026-07-27T04:13:26Z,2026-07-27T06:13:26+0200,dabcd32d-9433-4dbd-a505-ea8cec1be0d4,2026-07-06T19:15:00Z,2026-07-06T21:15:00+0200,16.628333,MW,DK1,DK_1,forecast_solar_generation,Solar,2026-07-27T04:17:26Z
2026-07-27T04:13:26Z,2026-07-27T06:13:26+0200,dabcd32d-9433-4dbd-a505-ea8cec1be0d4,2026-07-06T19:30:00Z,2026-07-06T21:30:00+0200,5.121666,MW,DK1,DK_1,forecast_solar_generation,Solar,2026-07-27T04:17:26Z
2026-07-27T04:13:26Z,2026-07-27T06:13:26+0200,dabcd32d-9433-4dbd-a505-ea8cec1be0d4,2026-07-06T19:45:00Z,2026-07-06T21:45:00+0200,0.824999,MW,DK1,DK_1,forecast_solar_generation,Solar,2026-07-27T04:17:26Z
2026-07-27T04:13:26Z,2026-07-27T06:13:26+0200,dabcd32d-9433-4dbd-a505-ea8cec1be0d4,2026-07-06T20:00:00Z,2026-07-06T22:00:00+0200,0.049999,MW,DK1,DK_1,forecast_solar_generation,Solar,2026-07-27T04:17:26Z
2026-07-27T04:13:26Z,2026-07-27T06:13:26+0200,dabcd32d-9433-4dbd-a505-ea8cec1be0d4,2026-07-06T20:15:00Z,2026-07-06T22:15:00+0200,0.0,MW,DK1,DK_1,forecast_solar_generation,Solar,2026-07-27T04:17:26Z
2026-07-27T04:13:26Z,2026-07-27T06:13:26+0200,dabcd32d-9433-4dbd-a505-ea8cec1be0d4,2026-07-06T20:30:00Z,2026-07-06T22:30:00+0200,0.0,MW,DK1,DK_1,forecast_solar_generation,Solar,2026-07-27T04:17:26Z
2026-07-27T04:13:26Z,2026-07-27T06:13:26+0200,dabcd32d-9433-4dbd-a505-ea8cec1be0d4,2026-07-06T20:45:00Z,2026-07-06T22:45:00+0200,0.0,MW,DK1,DK_1,forecast_solar_generation,Solar,2026-07-27T04:17:26Z
2026-07-27T04:13:26Z,2026-07-27T06:13:26+0200,dabcd32d-9433-4dbd-a505-ea8cec1be0d4,2026-07-06T21:00:00Z,2026-07-06T23:00:00+0200,0.0,MW,DK1,DK_1,forecast_solar_generation,Solar,2026-07-27T04:17:26Z
2026-07-27T04:13:26Z,2026-07-27T06:13:26+0200,dabcd32d-9433-4dbd-a505-ea8cec1be0d4,2026-07-06T21:15:00Z,2026-07-06T23:15:00+0200,0.0,MW,DK1,DK_1,forecast_solar_generation,Solar,2026-07-27T04:17:26Z
2026-07-27T04:13:26Z,2026-07-27T06:13:26+0200,dabcd32d-9433-4dbd-a505-ea8cec1be0d4,2026-07-06T21:30:00Z,2026-07-06T23:30:00+0200,0.0,MW,DK1,DK_1,forecast_solar_generation,Solar,2026-07-27T04:17:26Z
2026-07-27T04:13:26Z,2026-07-27T06:13:26+0200,dabcd32d-9433-4dbd-a505-ea8cec1be0d4,2026-07-06T21:45:00Z,2026-07-06T23:45:00+0200,0.0,MW,DK1,DK_1,forecast_solar_generation,Solar,2026-07-27T04:17:26Z
2026-07-27T04:13:26Z,2026-07-27T06:13:26+0200,dabcd32d-9433-4dbd-a505-ea8cec1be0d4,2026-07-06T22:00:00Z,2026-07-07T00:00:00+0200,0.0,MW,DK1,DK_1,forecast_solar_generation,Solar,2026-07-27T04:17:26Z
2026-07-27T04:13:26Z,2026-07-27T06:13:26+0200,dabcd32d-9433-4dbd-a505-ea8cec1be0d4,2026-07-06T22:15:00Z,2026-07-07T00:15:00+0200,0.0,MW,DK1,DK_1,forecast_solar_generation,Solar,2026-07-27T04:17:26Z
2026-07-27T04:13:26Z,2026-07-27T06:13:26+0200,dabcd32d-9433-4dbd-a505-ea8cec1be0d4,2026-07-06T22:30:00Z,2026-07-07T00:30:00+0200,0.0,MW,DK1,DK_1,forecast_solar_generation,Solar,2026-07-27T04:17:26Z
2026-07-27T04:13:26Z,2026-07-27T06:13:26+0200,dabcd32d-9433-4dbd-a505-ea8cec1be0d4,2026-07-06T22:45:00Z,2026-07-07T00:45:00+0200,0.0,MW,DK1,DK_1,forecast_solar_generation,Solar,2026-07-27T04:17:26Z
2026-07-27T04:13:26Z,2026-07-27T06:13:26+0200,dabcd32d-9433-4dbd-a505-ea8cec1be0d4,2026-07-06T23:00:00Z,2026-07-07T01:00:00+0200,0.0,MW,DK1,DK_1,forecast_solar_generation,Solar,2026-07-27T04:17:26Z
2026-07-27T04:13:26Z,2026-07-27T06:13:26+0200,dabcd32d-9433-4dbd-a505-ea8cec1be0d4,2026-07-06T23:15:00Z,2026-07-07T01:15:00+0200,0.0,MW,DK1,DK_1,forecast_solar_generation,Solar,2026-07-27T04:17:26Z
2026-07-27T04:13:26Z,2026-07-27T06:13:26+0200,dabcd32d-9433-4dbd-a505-ea8cec1be0d4,2026-07-06T23:30:00Z,2026-07-07T01:30:00+0200,0.0,MW,DK1,DK_1,forecast_solar_generation,Solar,2026-07-27T04:17:26Z
2026-07-27T04:13:26Z,2026-07-27T06:13:26+0200,dabcd32d-9433-4dbd-a505-ea8cec1be0d4,2026-07-06T23:45:00Z,2026-07-07T01:45:00+0200,0.0,MW,DK1,DK_1,forecast_solar_generation,Solar,2026-07-27T04:17:26Z
2026-07-27T04:13:26Z,2026-07-27T06:13:26+0200,dabcd32d-9433-4dbd-a505-ea8cec1be0d4,2026-07-07T00:00:00Z,2026-07-07T02:00:00+0200,0.0,MW,DK1,DK_1,forecast_solar_generation,Solar,2026-07-27T04:17:26Z
2026-07-27T04:13:26Z,2026-07-27T06:13:26+0200,dabcd32d-9433-4dbd-a505-ea8cec1be0d4,2026-07-07T00:15:00Z,2026-07-07T02:15:00+0200,0.0,MW,DK1,DK_1,forecast_solar_generation,Solar,2026-07-27T04:17:26Z
2026-07-27T04:13:26Z,2026-07-27T06:13:26+0200,dabcd32d-9433-4dbd-a505-ea8cec1be0d4,2026-07-07T00:30:00Z,2026-07-07T02:30:00+0200,0.0,MW,DK1,DK_1,forecast_solar_generation,Solar,2026-07-27T04:17:26Z
2026-07-27T04:13:26Z,2026-07-27T06:13:26+0200,dabcd32d-9433-4dbd-a505-ea8cec1be0d4,2026-07-07T00:45:00Z,2026-07-07T02:45:00+0200,0.0,MW,DK1,DK_1,forecast_solar_generation,Solar,2026-07-27T04:17:26Z
2026-07-27T04:13:26Z,2026-07-27T06:13:26+0200,dabcd32d-9433-4dbd-a505-ea8cec1be0d4,2026-07-07T01:00:00Z,2026-07-07T03:00:00+0200,0.0,MW,DK1,DK_1,forecast_solar_generation,Solar,2026-07-27T04:17:26Z
2026-07-27T04:13:26Z,2026-07-27T06:13:26+0200,dabcd32d-9433-4dbd-a505-ea8cec1be0d4,2026-07-07T01:15:00Z,2026-07-07T03:15:00+0200,0.0,MW,DK1,DK_1,forecast_solar_generation,Solar,2026-07-27T04:17:26Z
2026-07-27T04:13:26Z,2026-07-27T06:13:26+0200,dabcd32d-9433-4dbd-a505-ea8cec1be0d4,2026-07-07T01:30:00Z,2026-07-07T03:30:00+0200,0.0,MW,DK1,DK_1,forecast_solar_generation,Solar,2026-07-27T04:17:26Z
2026-07-27T04:13:26Z,2026-07-27T06:13:26+0200,dabcd32d-9433-4dbd-a505-ea8cec1be0d4,2026-07-07T01:45:00Z,2026-07-07T03:45:00+0200,0.0,MW,DK1,DK_1,forecast_solar_generation,Solar,2026-07-27T04:17:26Z
2026-07-27T04:13:26Z,2026-07-27T06:13:26+0200,dabcd32d-9433-4dbd-a505-ea8cec1be0d4,2026-07-07T02:00:00Z,2026-07-07T04:00:00+0200,0.0,MW,DK1,DK_1,forecast_solar_generation,Solar,2026-07-27T04:17:26Z
2026-07-27T04:13:26Z,2026-07-27T06:13:26+0200,dabcd32d-9433-4dbd-a505-ea8cec1be0d4,2026-07-07T02:15:00Z,2026-07-07T04:15:00+0200,0.0,MW,DK1,DK_1,forecast_solar_generation,Solar,2026-07-27T04:17:26Z
2026-07-27T04:13:26Z,2026-07-27T06:13:26+0200,dabcd32d-9433-4dbd-a505-ea8cec1be0d4,2026-07-07T02:30:00Z,2026-07-07T04:30:00+0200,0.008333,MW,DK1,DK_1,forecast_solar_generation,Solar,2026-07-27T04:17:26Z
2026-07-27T04:13:26Z,2026-07-27T06:13:26+0200,dabcd32d-9433-4dbd-a505-ea8cec1be0d4,2026-07-07T02:45:00Z,2026-07-07T04:45:00+0200,0.191666,MW,DK1,DK_1,forecast_solar_generation,Solar,2026-07-27T04:17:26Z
2026-07-27T04:13:26Z,2026-07-27T06:13:26+0200,dabcd32d-9433-4dbd-a505-ea8cec1be0d4,2026-07-07T03:00:00Z,2026-07-07T05:00:00+0200,1.531666,MW,DK1,DK_1,forecast_solar_generation,Solar,2026-07-27T04:17:26Z
2026-07-27T04:13:26Z,2026-07-27T06:13:26+0200,dabcd32d-9433-4dbd-a505-ea8cec1be0d4,2026-07-07T03:15:00Z,2026-07-07T05:15:00+0200,6.306666,MW,DK1,DK_1,forecast_solar_generation,Solar,2026-07-27T04:17:26Z
2026-07-27T04:13:26Z,2026-07-27T06:13:26+0200,dabcd32d-9433-4dbd-a505-ea8cec1be0d4,2026-07-07T03:30:00Z,2026-07-07T05:30:00+0200,16.2,MW,DK1,DK_1,forecast_solar_generation,Solar,2026-07-27T04:17:26Z
2026-07-27T04:13:26Z,2026-07-27T06:13:26+0200,dabcd32d-9433-4dbd-a505-ea8cec1be0d4,2026-07-07T03:45:00Z,2026-07-07T05:45:00+0200,29.873333,MW,DK1,DK_1,forecast_solar_generation,Solar,2026-07-27T04:17:26Z
2026-07-27T04:13:26Z,2026-07-27T06:13:26+0200,dabcd32d-9433-4dbd-a505-ea8cec1be0d4,2026-07-07T04:00:00Z,2026-07-07T06:00:00+0200,45.2,MW,DK1,DK_1,forecast_solar_generation,Solar,2026-07-27T04:17:26Z
2026-07-27T04:13:26Z,2026-07-27T06:13:26+0200,dabcd32d-9433-4dbd-a505-ea8cec1be0d4,2026-07-07T04:15:00Z,2026-07-07T06:15:00+0200,62.618333,MW,DK1,DK_1,forecast_solar_generation,Solar,2026-07-27T04:17:26Z
2026-07-27T04:13:26Z,2026-07-27T06:13:26+0200,dabcd32d-9433-4dbd-a505-ea8cec1be0d4,2026-07-07T04:30:00Z,2026-07-07T06:30:00+0200,84.758333,MW,DK1,DK_1,forecast_solar_generation,Solar,2026-07-27T04:17:26Z
2026-07-27T04:13:26Z,2026-07-27T06:13:26+0200,dabcd32d-9433-4dbd-a505-ea8cec1be0d4,2026-07-07T04:45:00Z,2026-07-07T06:45:00+0200,111.918333,MW,DK1,DK_1,forecast_solar_generation,Solar,2026-07-27T04:17:26Z
2026-07-27T04:13:26Z,2026-07-27T06:13:26+0200,dabcd32d-9433-4dbd-a505-ea8cec1be0d4,2026-07-07T05:00:00Z,2026-07-07T07:00:00+0200,143.818333,MW,DK1,DK_1,forecast_solar_generation,Solar,2026-07-27T04:17:26Z
2026-07-27T04:13:26Z,2026-07-27T06:13:26+0200,dabcd32d-9433-4dbd-a505-ea8cec1be0d4,2026-07-07T05:15:00Z,2026-07-07T07:15:00+0200,178.783333,MW,DK1,DK_1,forecast_solar_generation,Solar,2026-07-27T04:17:26Z
2026-07-27T04:13:26Z,2026-07-27T06:13:26+0200,dabcd32d-9433-4dbd-a505-ea8cec1be0d4,2026-07-07T05:30:00Z,2026-07-07T07:30:00+0200,215.368333,MW,DK1,DK_1,forecast_solar_generation,Solar,2026-07-27T04:17:26Z
2026-07-27T04:13:26Z,2026-07-27T06:13:26+0200,dabcd32d-9433-4dbd-a505-ea8cec1be0d4,2026-07-07T05:45:00Z,2026-07-07T07:45:00+0200,260.951666,MW,DK1,DK_1,forecast_solar_generation,Solar,2026-07-27T04:17:26Z
2026-07-27T04:13:26Z,2026-07-27T06:13:26+0200,dabcd32d-9433-4dbd-a505-ea8cec1be0d4,2026-07-07T06:00:00Z,2026-07-07T08:00:00+0200,313.05,MW,DK1,DK_1,forecast_solar_generation,Solar,2026-07-27T04:17:26Z
2026-07-27T04:13:26Z,2026-07-27T06:13:26+0200,dabcd32d-9433-4dbd-a505-ea8cec1be0d4,2026-07-07T06:15:00Z,2026-07-07T08:15:00+0200,367.131666,MW,DK1,DK_1,forecast_solar_generation,Solar,2026-07-27T04:17:26Z
2026-07-27T04:13:26Z,2026-07-27T06:13:26+0200,dabcd32d-9433-4dbd-a505-ea8cec1be0d4,2026-07-07T06:30:00Z,2026-07-07T08:30:00+0200,418.32,MW,DK1,DK_1,forecast_solar_generation,Solar,2026-07-27T04:17:26Z
2026-07-27T04:13:26Z,2026-07-27T06:13:26+0200,dabcd32d-9433-4dbd-a505-ea8cec1be0d4,2026-07-07T06:45:00Z,2026-07-07T08:45:00+0200,468.65,MW,DK1,DK_1,forecast_solar_generation,Solar,2026-07-27T04:17:26Z
2026-07-27T04:13:26Z,2026-07-27T06:13:26+0200,dabcd32d-9433-4dbd-a505-ea8cec1be0d4,2026-07-07T07:00:00Z,2026-07-07T09:00:00+0200,518.75,MW,DK1,DK_1,forecast_solar_generation,Solar,2026-07-27T04:17:26Z
2026-07-27T04:13:26Z,2026-07-27T06:13:26+0200,dabcd32d-9433-4dbd-a505-ea8cec1be0d4,2026-07-07T07:15:00Z,2026-07-07T09:15:00+0200,567.725,MW,DK1,DK_1,forecast_solar_generation,Solar,2026-07-27T04:17:26Z
2026-07-27T04:13:26Z,2026-07-27T06:13:26+0200,dabcd32d-9433-4dbd-a505-ea8cec1be0d4,2026-07-07T07:30:00Z,2026-07-07T09:30:00+0200,614.333333,MW,DK1,DK_1,forecast_solar_generation,Solar,2026-07-27T04:17:26Z
2026-07-27T04:13:26Z,2026-07-27T06:13:26+0200,dabcd32d-9433-4dbd-a505-ea8cec1be0d4,2026-07-07T07:45:00Z,2026-07-07T09:45:00+0200,659.686666,MW,DK1,DK_1,forecast_solar_generation,Solar,2026-07-27T04:17:26Z
2026-07-27T04:13:26Z,2026-07-27T06:13:26+0200,dabcd32d-9433-4dbd-a505-ea8cec1be0d4,2026-07-07T08:00:00Z,2026-07-07T10:00:00+0200,705.245,MW,DK1,DK_1,forecast_solar_generation,Solar,2026-07-27T04:17:26Z
2026-07-27T04:13:26Z,2026-07-27T06:13:26+0200,dabcd32d-9433-4dbd-a505-ea8cec1be0d4,2026-07-07T08:15:00Z,2026-07-07T10:15:00+0200,752.161666,MW,DK1,DK_1,forecast_solar_generation,Solar,2026-07-27T04:17:26Z
2026-07-27T04:13:26Z,2026-07-27T06:13:26+0200,dabcd32d-9433-4dbd-a505-ea8cec1be0d4,2026-07-07T08:30:00Z,2026-07-07T10:30:00+0200,795.478333,MW,DK1,DK_1,forecast_solar_generation,Solar,2026-07-27T04:17:26Z
2026-07-27T04:13:26Z,2026-07-27T06:13:26+0200,dabcd32d-9433-4dbd-a505-ea8cec1be0d4,2026-07-07T08:45:00Z,2026-07-07T10:45:00+0200,822.506666,MW,DK1,DK_1,forecast_solar_generation,Solar,2026-07-27T04:17:26Z
2026-07-27T04:13:26Z,2026-07-27T06:13:26+0200,dabcd32d-9433-4dbd-a505-ea8cec1be0d4,2026-07-07T09:00:00Z,2026-07-07T11:00:00+0200,914.883333,MW,DK1,DK_1,forecast_solar_generation,Solar,2026-07-27T04:17:26Z
2026-07-27T04:13:26Z,2026-07-27T06:13:26+0200,dabcd32d-9433-4dbd-a505-ea8cec1be0d4,2026-07-07T09:15:00Z,2026-07-07T11:15:00+0200,871.473333,MW,DK1,DK_1,forecast_solar_generation,Solar,2026-07-27T04:17:26Z
2026-07-27T04:13:26Z,2026-07-27T06:13:26+0200,dabcd32d-9433-4dbd-a505-ea8cec1be0d4,2026-07-07T09:30:00Z,2026-07-07T11:30:00+0200,808.373333,MW,DK1,DK_1,forecast_solar_generation,Solar,2026-07-27T04:17:26Z
2026-07-27T04:13:26Z,2026-07-27T06:13:26+0200,dabcd32d-9433-4dbd-a505-ea8cec1be0d4,2026-07-07T09:45:00Z,2026-07-07T11:45:00+0200,840.4,MW,DK1,DK_1,forecast_solar_generation,Solar,2026-07-27T04:17:26Z
2026-07-27T04:13:26Z,2026-07-27T06:13:26+0200,dabcd32d-9433-4dbd-a505-ea8cec1be0d4,2026-07-07T10:00:00Z,2026-07-07T12:00:00+0200,862.155,MW,DK1,DK_1,forecast_solar_generation,Solar,2026-07-27T04:17:26Z
2026-07-27T04:13:26Z,2026-07-27T06:13:26+0200,dabcd32d-9433-4dbd-a505-ea8cec1be0d4,2026-07-07T10:15:00Z,2026-07-07T12:15:00+0200,881.783333,MW,DK1,DK_1,forecast_solar_generation,Solar,2026-07-27T04:17:26Z
2026-07-27T04:13:26Z,2026-07-27T06:13:26+0200,dabcd32d-9433-4dbd-a505-ea8cec1be0d4,2026-07-07T10:30:00Z,2026-07-07T12:30:00+0200,890.408333,MW,DK1,DK_1,forecast_solar_generation,Solar,2026-07-27T04:17:26Z
2026-07-27T04:13:26Z,2026-07-27T06:13:26+0200,dabcd32d-9433-4dbd-a505-ea8cec1be0d4,2026-07-07T10:45:00Z,2026-07-07T12:45:00+0200,828.63,MW,DK1,DK_1,forecast_solar_generation,Solar,2026-07-27T04:17:26Z
2026-07-27T04:13:26Z,2026-07-27T06:13:26+0200,dabcd32d-9433-4dbd-a505-ea8cec1be0d4,2026-07-07T11:00:00Z,2026-07-07T13:00:00+0200,953.276666,MW,DK1,DK_1,forecast_solar_generation,Solar,2026-07-27T04:17:26Z
2026-07-27T04:13:26Z,2026-07-27T06:13:26+0200,dabcd32d-9433-4dbd-a505-ea8cec1be0d4,2026-07-07T11:15:00Z,2026-07-07T13:15:00+0200,982.779999,MW,DK1,DK_1,forecast_solar_generation,Solar,2026-07-27T04:17:26Z
2026-07-27T04:13:26Z,2026-07-27T06:13:26+0200,dabcd32d-9433-4dbd-a505-ea8cec1be0d4,2026-07-07T11:30:00Z,2026-07-07T13:30:00+0200,1005.191666,MW,DK1,DK_1,forecast_solar_generation,Solar,2026-07-27T04:17:26Z
2026-07-27T04:13:26Z,2026-07-27T06:13:26+0200,dabcd32d-9433-4dbd-a505-ea8cec1be0d4,2026-07-07T11:45:00Z,2026-07-07T13:45:00+0200,951.301666,MW,DK1,DK_1,forecast_solar_generation,Solar,2026-07-27T04:17:26Z
2026-07-27T04:13:26Z,2026-07-27T06:13:26+0200,dabcd32d-9433-4dbd-a505-ea8cec1be0d4,2026-07-07T12:00:00Z,2026-07-07T14:00:00+0200,848.204999,MW,DK1,DK_1,forecast_solar_generation,Solar,2026-07-27T04:17:26Z
2026-07-27T04:13:26Z,2026-07-27T06:13:26+0200,dabcd32d-9433-4dbd-a505-ea8cec1be0d4,2026-07-07T12:15:00Z,2026-07-07T14:15:00+0200,883.733333,MW,DK1,DK_1,forecast_solar_generation,Solar,2026-07-27T04:17:26Z
2026-07-27T04:13:26Z,2026-07-27T06:13:26+0200,dabcd32d-9433-4dbd-a505-ea8cec1be0d4,2026-07-07T12:30:00Z,2026-07-07T14:30:00+0200,905.911666,MW,DK1,DK_1,forecast_solar_generation,Solar,2026-07-27T04:17:26Z
2026-07-27T04:13:26Z,2026-07-27T06:13:26+0200,dabcd32d-9433-4dbd-a505-ea8cec1be0d4,2026-07-07T12:45:00Z,2026-07-07T14:45:00+0200,934.143333,MW,DK1,DK_1,forecast_solar_generation,Solar,2026-07-27T04:17:26Z
2026-07-27T04:13:26Z,2026-07-27T06:13:26+0200,dabcd32d-9433-4dbd-a505-ea8cec1be0d4,2026-07-07T13:00:00Z,2026-07-07T15:00:00+0200,963.198333,MW,DK1,DK_1,forecast_solar_generation,Solar,2026-07-27T04:17:26Z
2026-07-27T04:13:26Z,2026-07-27T06:13:26+0200,dabcd32d-9433-4dbd-a505-ea8cec1be0d4,2026-07-07T13:15:00Z,2026-07-07T15:15:00+0200,1046.653333,MW,DK1,DK_1,forecast_solar_generation,Solar,2026-07-27T04:17:26Z
2026-07-27T04:13:26Z,2026-07-27T06:13:26+0200,dabcd32d-9433-4dbd-a505-ea8cec1be0d4,2026-07-07T13:30:00Z,2026-07-07T15:30:00+0200,1354.543333,MW,DK1,DK_1,forecast_solar_generation,Solar,2026-07-27T04:17:26Z
2026-07-27T04:13:26Z,2026-07-27T06:13:26+0200,dabcd32d-9433-4dbd-a505-ea8cec1be0d4,2026-07-07T13:45:00Z,2026-07-07T15:45:00+0200,1493.281666,MW,DK1,DK_1,forecast_solar_generation,Solar,2026-07-27T04:17:26Z
2026-07-27T04:13:26Z,2026-07-27T06:13:26+0200,dabcd32d-9433-4dbd-a505-ea8cec1be0d4,2026-07-07T14:00:00Z,2026-07-07T16:00:00+0200,1444.845,MW,DK1,DK_1,forecast_solar_generation,Solar,2026-07-27T04:17:26Z
2026-07-27T04:13:26Z,2026-07-27T06:13:26+0200,dabcd32d-9433-4dbd-a505-ea8cec1be0d4,2026-07-07T14:15:00Z,2026-07-07T16:15:00+0200,1579.483333,MW,DK1,DK_1,forecast_solar_generation,Solar,2026-07-27T04:17:26Z
2026-07-27T04:13:26Z,2026-07-27T06:13:26+0200,dabcd32d-9433-4dbd-a505-ea8cec1be0d4,2026-07-07T14:30:00Z,2026-07-07T16:30:00+0200,1621.55,MW,DK1,DK_1,forecast_solar_generation,Solar,2026-07-27T04:17:26Z
2026-07-27T04:13:26Z,2026-07-27T06:13:26+0200,dabcd32d-9433-4dbd-a505-ea8cec1be0d4,2026-07-07T14:45:00Z,2026-07-07T16:45:00+0200,1593.663333,MW,DK1,DK_1,forecast_solar_generation,Solar,2026-07-27T04:17:26Z
2026-07-27T04:13:26Z,2026-07-27T06:13:26+0200,dabcd32d-9433-4dbd-a505-ea8cec1be0d4,2026-07-07T15:00:00Z,2026-07-07T17:00:00+0200,1489.1,MW,DK1,DK_1,forecast_solar_generation,Solar,2026-07-27T04:17:26Z
2026-07-27T04:13:26Z,2026-07-27T06:13:26+0200,dabcd32d-9433-4dbd-a505-ea8cec1be0d4,2026-07-07T15:15:00Z,2026-07-07T17:15:00+0200,1369.383333,MW,DK1,DK_1,forecast_solar_generation,Solar,2026-07-27T04:17:26Z
2026-07-27T04:13:26Z,2026-07-27T06:13:26+0200,dabcd32d-9433-4dbd-a505-ea8cec1be0d4,2026-07-07T15:30:00Z,2026-07-07T17:30:00+0200,1428.161666,MW,DK1,DK_1,forecast_solar_generation,Solar,2026-07-27T04:17:26Z
2026-07-27T04:13:26Z,2026-07-27T06:13:26+0200,dabcd32d-9433-4dbd-a505-ea8cec1be0d4,2026-07-07T15:45:00Z,2026-07-07T17:45:00+0200,1409.823333,MW,DK1,DK_1,forecast_solar_generation,Solar,2026-07-27T04:17:26Z
2026-07-27T04:13:26Z,2026-07-27T06:13:26+0200,dabcd32d-9433-4dbd-a505-ea8cec1be0d4,2026-07-07T16:00:00Z,2026-07-07T18:00:00+0200,1345.985,MW,DK1,DK_1,forecast_solar_generation,Solar,2026-07-27T04:17:26Z
2026-07-27T04:13:26Z,2026-07-27T06:13:26+0200,dabcd32d-9433-4dbd-a505-ea8cec1be0d4,2026-07-07T16:15:00Z,2026-07-07T18:15:00+0200,1230.42,MW,DK1,DK_1,forecast_solar_generation,Solar,2026-07-27T04:17:26Z
2026-07-27T04:13:26Z,2026-07-27T06:13:26+0200,dabcd32d-9433-4dbd-a505-ea8cec1be0d4,2026-07-07T16:30:00Z,2026-07-07T18:30:00+0200,1104.156666,MW,DK1,DK_1,forecast_solar_generation,Solar,2026-07-27T04:17:26Z
2026-07-27T04:13:26Z,2026-07-27T06:13:26+0200,dabcd32d-9433-4dbd-a505-ea8cec1be0d4,2026-07-07T16:45:00Z,2026-07-07T18:45:00+0200,977.074999,MW,DK1,DK_1,forecast_solar_generation,Solar,2026-07-27T04:17:26Z
2026-07-27T04:13:26Z,2026-07-27T06:13:26+0200,dabcd32d-9433-4dbd-a505-ea8cec1be0d4,2026-07-07T17:00:00Z,2026-07-07T19:00:00+0200,859.663333,MW,DK1,DK_1,forecast_solar_generation,Solar,2026-07-27T04:17:26Z
2026-07-27T04:13:26Z,2026-07-27T06:13:26+0200,dabcd32d-9433-4dbd-a505-ea8cec1be0d4,2026-07-07T17:15:00Z,2026-07-07T19:15:00+0200,734.663333,MW,DK1,DK_1,forecast_solar_generation,Solar,2026-07-27T04:17:26Z
2026-07-27T04:13:26Z,2026-07-27T06:13:26+0200,dabcd32d-9433-4dbd-a505-ea8cec1be0d4,2026-07-07T17:30:00Z,2026-07-07T19:30:00+0200,612.816666,MW,DK1,DK_1,forecast_solar_generation,Solar,2026-07-27T04:17:26Z
2026-07-27T04:13:26Z,2026-07-27T06:13:26+0200,dabcd32d-9433-4dbd-a505-ea8cec1be0d4,2026-07-07T17:45:00Z,2026-07-07T19:45:00+0200,497.335,MW,DK1,DK_1,forecast_solar_generation,Solar,2026-07-27T04:17:26Z
2026-07-27T04:13:26Z,2026-07-27T06:13:26+0200,dabcd32d-9433-4dbd-a505-ea8cec1be0d4,2026-07-07T18:00:00Z,2026-07-07T20:00:00+0200,392.148333,MW,DK1,DK_1,forecast_solar_generation,Solar,2026-07-27T04:17:26Z
2026-07-27T04:13:26Z,2026-07-27T06:13:26+0200,dabcd32d-9433-4dbd-a505-ea8cec1be0d4,2026-07-07T18:15:00Z,2026-07-07T20:15:00+0200,297.18,MW,DK1,DK_1,forecast_solar_generation,Solar,2026-07-27T04:17:26Z
2026-07-27T04:13:26Z,2026-07-27T06:13:26+0200,dabcd32d-9433-4dbd-a505-ea8cec1be0d4,2026-07-07T18:30:00Z,2026-07-07T20:30:00+0200,213.528333,MW,DK1,DK_1,forecast_solar_generation,Solar,2026-07-27T04:17:26Z
2026-07-27T04:13:26Z,2026-07-27T06:13:26+0200,dabcd32d-9433-4dbd-a505-ea8cec1be0d4,2026-07-07T18:45:00Z,2026-07-07T20:45:00+0200,142.278333,MW,DK1,DK_1,forecast_solar_generation,Solar,2026-07-27T04:17:26Z
2026-07-27T04:13:26Z,2026-07-27T06:13:26+0200,dabcd32d-9433-4dbd-a505-ea8cec1be0d4,2026-07-07T19:00:00Z,2026-07-07T21:00:00+0200,83.413333,MW,DK1,DK_1,forecast_solar_generation,Solar,2026-07-27T04:17:26Z
2026-07-27T04:13:26Z,2026-07-27T06:13:26+0200,dabcd32d-9433-4dbd-a505-ea8cec1be0d4,2026-07-07T19:15:00Z,2026-07-07T21:15:00+0200,38.271666,MW,DK1,DK_1,forecast_solar_generation,Solar,2026-07-27T04:17:26Z
2026-07-27T04:13:26Z,2026-07-27T06:13:26+0200,dabcd32d-9433-4dbd-a505-ea8cec1be0d4,2026-07-07T19:30:00Z,2026-07-07T21:30:00+0200,11.031666,MW,DK1,DK_1,forecast_solar_generation,Solar,2026-07-27T04:17:26Z
2026-07-27T04:13:26Z,2026-07-27T06:13:26+0200,dabcd32d-9433-4dbd-a505-ea8cec1be0d4,2026-07-07T19:45:00Z,2026-07-07T21:45:00+0200,1.513333,MW,DK1,DK_1,forecast_solar_generation,Solar,2026-07-27T04:17:26Z
2026-07-27T04:13:26Z,2026-07-27T06:13:26+0200,dabcd32d-9433-4dbd-a505-ea8cec1be0d4,2026-07-07T20:00:00Z,2026-07-07T22:00:00+0200,0.066666,MW,DK1,DK_1,forecast_solar_generation,Solar,2026-07-27T04:17:26Z
2026-07-27T04:13:26Z,2026-07-27T06:13:26+0200,dabcd32d-9433-4dbd-a505-ea8cec1be0d4,2026-07-07T20:15:00Z,2026-07-07T22:15:00+0200,0.0,MW,DK1,DK_1,forecast_solar_generation,Solar,2026-07-27T04:17:26Z
2026-07-27T04:13:26Z,2026-07-27T06:13:26+0200,dabcd32d-9433-4dbd-a505-ea8cec1be0d4,2026-07-07T20:30:00Z,2026-07-07T22:30:00+0200,0.0,MW,DK1,DK_1,forecast_solar_generation,Solar,2026-07-27T04:17:26Z
2026-07-27T04:13:26Z,2026-07-27T06:13:26+0200,dabcd32d-9433-4dbd-a505-ea8cec1be0d4,2026-07-07T20:45:00Z,2026-07-07T22:45:00+0200,0.0,MW,DK1,DK_1,forecast_solar_generation,Solar,2026-07-27T04:17:26Z
2026-07-27T04:13:26Z,2026-07-27T06:13:26+0200,dabcd32d-9433-4dbd-a505-ea8cec1be0d4,2026-07-07T21:00:00Z,2026-07-07T23:00:00+0200,0.0,MW,DK1,DK_1,forecast_solar_generation,Solar,2026-07-27T04:17:26Z
2026-07-27T04:13:26Z,2026-07-27T06:13:26+0200,dabcd32d-9433-4dbd-a505-ea8cec1be0d4,2026-07-07T21:15:00Z,2026-07-07T23:15:00+0200,0.0,MW,DK1,DK_1,forecast_solar_generation,Solar,2026-07-27T04:17:26Z
2026-07-27T04:13:26Z,2026-07-27T06:13:26+0200,dabcd32d-9433-4dbd-a505-ea8cec1be0d4,2026-07-07T21:30:00Z,2026-07-07T23:30:00+0200,0.0,MW,DK1,DK_1,forecast_solar_generation,Solar,2026-07-27T04:17:26Z
2026-07-27T04:13:26Z,2026-07-27T06:13:26+0200,dabcd32d-9433-4dbd-a505-ea8cec1be0d4,2026-07-07T21:45:00Z,2026-07-07T23:45:00+0200,0.0,MW,DK1,DK_1,forecast_solar_generation,Solar,2026-07-27T04:17:26Z
2026-07-27T04:13:26Z,2026-07-27T06:13:26+0200,dabcd32d-9433-4dbd-a505-ea8cec1be0d4,2026-07-07T22:00:00Z,2026-07-08T00:00:00+0200,0.0,MW,DK1,DK_1,forecast_solar_generation,Solar,2026-07-27T04:17:26Z
2026-07-27T04:13:26Z,2026-07-27T06:13:26+0200,dabcd32d-9433-4dbd-a505-ea8cec1be0d4,2026-07-07T22:15:00Z,2026-07-08T00:15:00+0200,0.0,MW,DK1,DK_1,forecast_solar_generation,Solar,2026-07-27T04:17:26Z
2026-07-27T04:13:26Z,2026-07-27T06:13:26+0200,dabcd32d-9433-4dbd-a505-ea8cec1be0d4,2026-07-07T22:30:00Z,2026-07-08T00:30:00+0200,0.0,MW,DK1,DK_1,forecast_solar_generation,Solar,2026-07-27T04:17:26Z
2026-07-27T04:13:26Z,2026-07-27T06:13:26+0200,dabcd32d-9433-4dbd-a505-ea8cec1be0d4,2026-07-07T22:45:00Z,2026-07-08T00:45:00+0200,0.0,MW,DK1,DK_1,forecast_solar_generation,Solar,2026-07-27T04:17:26Z
2026-07-27T04:13:26Z,2026-07-27T06:13:26+0200,dabcd32d-9433-4dbd-a505-ea8cec1be0d4,2026-07-07T23:00:00Z,2026-07-08T01:00:00+0200,0.0,MW,DK1,DK_1,forecast_solar_generation,Solar,2026-07-27T04:17:26Z
2026-07-27T04:13:26Z,2026-07-27T06:13:26+0200,dabcd32d-9433-4dbd-a505-ea8cec1be0d4,2026-07-07T23:15:00Z,2026-07-08T01:15:00+0200,0.0,MW,DK1,DK_1,forecast_solar_generation,Solar,2026-07-27T04:17:26Z
2026-07-27T04:13:26Z,2026-07-27T06:13:26+0200,dabcd32d-9433-4dbd-a505-ea8cec1be0d4,2026-07-07T23:30:00Z,2026-07-08T01:30:00+0200,0.0,MW,DK1,DK_1,forecast_solar_generation,Solar,2026-07-27T04:17:26Z
2026-07-27T04:13:26Z,2026-07-27T06:13:26+0200,dabcd32d-9433-4dbd-a505-ea8cec1be0d4,2026-07-07T23:45:00Z,2026-07-08T01:45:00+0200,0.0,MW,DK1,DK_1,forecast_solar_generation,Solar,2026-07-27T04:17:26Z
2026-07-27T04:13:26Z,2026-07-27T06:13:26+0200,dabcd32d-9433-4dbd-a505-ea8cec1be0d4,2026-07-08T00:00:00Z,2026-07-08T02:00:00+0200,0.0,MW,DK1,DK_1,forecast_solar_generation,Solar,2026-07-27T04:17:26Z
2026-07-27T04:13:26Z,2026-07-27T06:13:26+0200,dabcd32d-9433-4dbd-a505-ea8cec1be0d4,2026-07-08T00:15:00Z,2026-07-08T02:15:00+0200,0.0,MW,DK1,DK_1,forecast_solar_generation,Solar,2026-07-27T04:17:26Z
2026-07-27T04:13:26Z,2026-07-27T06:13:26+0200,dabcd32d-9433-4dbd-a505-ea8cec1be0d4,2026-07-08T00:30:00Z,2026-07-08T02:30:00+0200,0.0,MW,DK1,DK_1,forecast_solar_generation,Solar,2026-07-27T04:17:26Z
2026-07-27T04:13:26Z,2026-07-27T06:13:26+0200,dabcd32d-9433-4dbd-a505-ea8cec1be0d4,2026-07-08T00:45:00Z,2026-07-08T02:45:00+0200,0.0,MW,DK1,DK_1,forecast_solar_generation,Solar,2026-07-27T04:17:26Z
2026-07-27T04:13:26Z,2026-07-27T06:13:26+0200,dabcd32d-9433-4dbd-a505-ea8cec1be0d4,2026-07-08T01:00:00Z,2026-07-08T03:00:00+0200,0.0,MW,DK1,DK_1,forecast_solar_generation,Solar,2026-07-27T04:17:26Z
2026-07-27T04:13:26Z,2026-07-27T06:13:26+0200,dabcd32d-9433-4dbd-a505-ea8cec1be0d4,2026-07-08T01:15:00Z,2026-07-08T03:15:00+0200,0.0,MW,DK1,DK_1,forecast_solar_generation,Solar,2026-07-27T04:17:26Z
2026-07-27T04:13:26Z,2026-07-27T06:13:26+0200,dabcd32d-9433-4dbd-a505-ea8cec1be0d4,2026-07-08T01:30:00Z,2026-07-08T03:30:00+0200,0.0,MW,DK1,DK_1,forecast_solar_generation,Solar,2026-07-27T04:17:26Z
2026-07-27T04:13:26Z,2026-07-27T06:13:26+0200,dabcd32d-9433-4dbd-a505-ea8cec1be0d4,2026-07-08T01:45:00Z,2026-07-08T03:45:00+0200,0.0,MW,DK1,DK_1,forecast_solar_generation,Solar,2026-07-27T04:17:26Z
2026-07-27T04:13:26Z,2026-07-27T06:13:26+0200,dabcd32d-9433-4dbd-a505-ea8cec1be0d4,2026-07-08T02:00:00Z,2026-07-08T04:00:00+0200,0.0,MW,DK1,DK_1,forecast_solar_generation,Solar,2026-07-27T04:17:26Z
2026-07-27T04:13:26Z,2026-07-27T06:13:26+0200,dabcd32d-9433-4dbd-a505-ea8cec1be0d4,2026-07-08T02:15:00Z,2026-07-08T04:15:00+0200,0.0,MW,DK1,DK_1,forecast_solar_generation,Solar,2026-07-27T04:17:26Z
2026-07-27T04:13:26Z,2026-07-27T06:13:26+0200,dabcd32d-9433-4dbd-a505-ea8cec1be0d4,2026-07-08T02:30:00Z,2026-07-08T04:30:00+0200,0.005,MW,DK1,DK_1,forecast_solar_generation,Solar,2026-07-27T04:17:26Z
2026-07-27T04:13:26Z,2026-07-27T06:13:26+0200,dabcd32d-9433-4dbd-a505-ea8cec1be0d4,2026-07-08T02:45:00Z,2026-07-08T04:45:00+0200,0.298333,MW,DK1,DK_1,forecast_solar_generation,Solar,2026-07-27T04:17:26Z
2026-07-27T04:13:26Z,2026-07-27T06:13:26+0200,dabcd32d-9433-4dbd-a505-ea8cec1be0d4,2026-07-08T03:00:00Z,2026-07-08T05:00:00+0200,3.508333,MW,DK1,DK_1,forecast_solar_generation,Solar,2026-07-27T04:17:26Z
2026-07-27T04:13:26Z,2026-07-27T06:13:26+0200,dabcd32d-9433-4dbd-a505-ea8cec1be0d4,2026-07-08T03:15:00Z,2026-07-08T05:15:00+0200,18.3,MW,DK1,DK_1,forecast_solar_generation,Solar,2026-07-27T04:17:26Z
2026-07-27T04:13:26Z,2026-07-27T06:13:26+0200,dabcd32d-9433-4dbd-a505-ea8cec1be0d4,2026-07-08T03:30:00Z,2026-07-08T05:30:00+0200,51.578333,MW,DK1,DK_1,forecast_solar_generation,Solar,2026-07-27T04:17:26Z
2026-07-27T04:13:26Z,2026-07-27T06:13:26+0200,dabcd32d-9433-4dbd-a505-ea8cec1be0d4,2026-07-08T03:45:00Z,2026-07-08T05:45:00+0200,101.495,MW,DK1,DK_1,forecast_solar_generation,Solar,2026-07-27T04:17:26Z
2026-07-27T04:13:26Z,2026-07-27T06:13:26+0200,dabcd32d-9433-4dbd-a505-ea8cec1be0d4,2026-07-08T04:00:00Z,2026-07-08T06:00:00+0200,165.181666,MW,DK1,DK_1,forecast_solar_generation,Solar,2026-07-27T04:17:26Z
2026-07-27T04:13:26Z,2026-07-27T06:13:26+0200,dabcd32d-9433-4dbd-a505-ea8cec1be0d4,2026-07-08T04:15:00Z,2026-07-08T06:15:00+0200,241.691666,MW,DK1,DK_1,forecast_solar_generation,Solar,2026-07-27T04:17:26Z
2026-07-27T04:13:26Z,2026-07-27T06:13:26+0200,dabcd32d-9433-4dbd-a505-ea8cec1be0d4,2026-07-08T04:30:00Z,2026-07-08T06:30:00+0200,330.25,MW,DK1,DK_1,forecast_solar_generation,Solar,2026-07-27T04:17:26Z
2026-07-27T04:13:26Z,2026-07-27T06:13:26+0200,dabcd32d-9433-4dbd-a505-ea8cec1be0d4,2026-07-08T04:45:00Z,2026-07-08T06:45:00+0200,430.675,MW,DK1,DK_1,forecast_solar_generation,Solar,2026-07-27T04:17:26Z
2026-07-27T04:13:26Z,2026-07-27T06:13:26+0200,dabcd32d-9433-4dbd-a505-ea8cec1be0d4,2026-07-08T05:00:00Z,2026-07-08T07:00:00+0200,543.425,MW,DK1,DK_1,forecast_solar_generation,Solar,2026-07-27T04:17:26Z
2026-07-27T04:13:26Z,2026-07-27T06:13:26+0200,dabcd32d-9433-4dbd-a505-ea8cec1be0d4,2026-07-08T05:15:00Z,2026-07-08T07:15:00+0200,664.866666,MW,DK1,DK_1,forecast_solar_generation,Solar,2026-07-27T04:17:26Z
2026-07-27T04:13:26Z,2026-07-27T06:13:26+0200,dabcd32d-9433-4dbd-a505-ea8cec1be0d4,2026-07-08T05:30:00Z,2026-07-08T07:30:00+0200,792.756666,MW,DK1,DK_1,forecast_solar_generation,Solar,2026-07-27T04:17:26Z
2026-07-27T04:13:26Z,2026-07-27T06:13:26+0200,dabcd32d-9433-4dbd-a505-ea8cec1be0d4,2026-07-08T05:45:00Z,2026-07-08T07:45:00+0200,925.295,MW,DK1,DK_1,forecast_solar_generation,Solar,2026-07-27T04:17:26Z
2026-07-27T04:13:26Z,2026-07-27T06:13:26+0200,dabcd32d-9433-4dbd-a505-ea8cec1be0d4,2026-07-08T06:00:00Z,2026-07-08T08:00:00+0200,1060.723333,MW,DK1,DK_1,forecast_solar_generation,Solar,2026-07-27T04:17:26Z
2026-07-27T04:13:26Z,2026-07-27T06:13:26+0200,dabcd32d-9433-4dbd-a505-ea8cec1be0d4,2026-07-08T06:15:00Z,2026-07-08T08:15:00+0200,1197.228333,MW,DK1,DK_1,forecast_solar_generation,Solar,2026-07-27T04:17:26Z
2026-07-27T04:13:26Z,2026-07-27T06:13:26+0200,dabcd32d-9433-4dbd-a505-ea8cec1be0d4,2026-07-08T06:30:00Z,2026-07-08T08:30:00+0200,1333.133333,MW,DK1,DK_1,forecast_solar_generation,Solar,2026-07-27T04:17:26Z
2026-07-27T04:13:26Z,2026-07-27T06:13:26+0200,dabcd32d-9433-4dbd-a505-ea8cec1be0d4,2026-07-08T06:45:00Z,2026-07-08T08:45:00+0200,1464.831666,MW,DK1,DK_1,forecast_solar_generation,Solar,2026-07-27T04:17:26Z
2026-07-27T04:13:26Z,2026-07-27T06:13:26+0200,dabcd32d-9433-4dbd-a505-ea8cec1be0d4,2026-07-08T07:00:00Z,2026-07-08T09:00:00+0200,1583.879999,MW,DK1,DK_1,forecast_solar_generation,Solar,2026-07-27T04:17:26Z
2026-07-27T04:13:26Z,2026-07-27T06:13:26+0200,dabcd32d-9433-4dbd-a505-ea8cec1be0d4,2026-07-08T07:15:00Z,2026-07-08T09:15:00+0200,1708.79,MW,DK1,DK_1,forecast_solar_generation,Solar,2026-07-27T04:17:26Z
2026-07-27T04:13:26Z,2026-07-27T06:13:26+0200,dabcd32d-9433-4dbd-a505-ea8cec1be0d4,2026-07-08T07:30:00Z,2026-07-08T09:30:00+0200,1838.401666,MW,DK1,DK_1,forecast_solar_generation,Solar,2026-07-27T04:17:26Z
2026-07-27T04:13:26Z,2026-07-27T06:13:26+0200,dabcd32d-9433-4dbd-a505-ea8cec1be0d4,2026-07-08T07:45:00Z,2026-07-08T09:45:00+0200,1946.644999,MW,DK1,DK_1,forecast_solar_generation,Solar,2026-07-27T04:17:26Z
2026-07-27T04:13:26Z,2026-07-27T06:13:26+0200,dabcd32d-9433-4dbd-a505-ea8cec1be0d4,2026-07-08T08:00:00Z,2026-07-08T10:00:00+0200,2039.021666,MW,DK1,DK_1,forecast_solar_generation,Solar,2026-07-27T04:17:26Z
2026-07-27T04:13:26Z,2026-07-27T06:13:26+0200,dabcd32d-9433-4dbd-a505-ea8cec1be0d4,2026-07-08T08:15:00Z,2026-07-08T10:15:00+0200,2118.745,MW,DK1,DK_1,forecast_solar_generation,Solar,2026-07-27T04:17:26Z
2026-07-27T04:13:26Z,2026-07-27T06:13:26+0200,dabcd32d-9433-4dbd-a505-ea8cec1be0d4,2026-07-08T08:30:00Z,2026-07-08T10:30:00+0200,2185.691666,MW,DK1,DK_1,forecast_solar_generation,Solar,2026-07-27T04:17:26Z
2026-07-27T04:13:26Z,2026-07-27T06:13:26+0200,dabcd32d-9433-4dbd-a505-ea8cec1be0d4,2026-07-08T08:45:00Z,2026-07-08T10:45:00+0200,2240.446666,MW,DK1,DK_1,forecast_solar_generation,Solar,2026-07-27T04:17:26Z
2026-07-27T04:13:26Z,2026-07-27T06:13:26+0200,dabcd32d-9433-4dbd-a505-ea8cec1be0d4,2026-07-08T09:00:00Z,2026-07-08T11:00:00+0200,2281.168333,MW,DK1,DK_1,forecast_solar_generation,Solar,2026-07-27T04:17:26Z
2026-07-27T04:13:26Z,2026-07-27T06:13:26+0200,dabcd32d-9433-4dbd-a505-ea8cec1be0d4,2026-07-08T09:15:00Z,2026-07-08T11:15:00+0200,2311.058333,MW,DK1,DK_1,forecast_solar_generation,Solar,2026-07-27T04:17:26Z
2026-07-27T04:13:26Z,2026-07-27T06:13:26+0200,dabcd32d-9433-4dbd-a505-ea8cec1be0d4,2026-07-08T09:30:00Z,2026-07-08T11:30:00+0200,2335.725,MW,DK1,DK_1,forecast_solar_generation,Solar,2026-07-27T04:17:26Z
2026-07-27T04:13:26Z,2026-07-27T06:13:26+0200,dabcd32d-9433-4dbd-a505-ea8cec1be0d4,2026-07-08T09:45:00Z,2026-07-08T11:45:00+0200,2357.295,MW,DK1,DK_1,forecast_solar_generation,Solar,2026-07-27T04:17:26Z
2026-07-27T04:13:26Z,2026-07-27T06:13:26+0200,dabcd32d-9433-4dbd-a505-ea8cec1be0d4,2026-07-08T10:00:00Z,2026-07-08T12:00:00+0200,2377.509999,MW,DK1,DK_1,forecast_solar_generation,Solar,2026-07-27T04:17:26Z
2026-07-27T04:13:26Z,2026-07-27T06:13:26+0200,dabcd32d-9433-4dbd-a505-ea8cec1be0d4,2026-07-08T10:15:00Z,2026-07-08T12:15:00+0200,2396.265,MW,DK1,DK_1,forecast_solar_generation,Solar,2026-07-27T04:17:26Z
2026-07-27T04:13:26Z,2026-07-27T06:13:26+0200,dabcd32d-9433-4dbd-a505-ea8cec1be0d4,2026-07-08T10:30:00Z,2026-07-08T12:30:00+0200,2412.201666,MW,DK1,DK_1,forecast_solar_generation,Solar,2026-07-27T04:17:26Z
2026-07-27T04:13:26Z,2026-07-27T06:13:26+0200,dabcd32d-9433-4dbd-a505-ea8cec1be0d4,2026-07-08T10:45:00Z,2026-07-08T12:45:00+0200,2424.424999,MW,DK1,DK_1,forecast_solar_generation,Solar,2026-07-27T04:17:26Z
2026-07-27T04:13:26Z,2026-07-27T06:13:26+0200,dabcd32d-9433-4dbd-a505-ea8cec1be0d4,2026-07-08T11:00:00Z,2026-07-08T13:00:00+0200,2432.303333,MW,DK1,DK_1,forecast_solar_generation,Solar,2026-07-27T04:17:26Z
2026-07-27T04:13:26Z,2026-07-27T06:13:26+0200,dabcd32d-9433-4dbd-a505-ea8cec1be0d4,2026-07-08T11:15:00Z,2026-07-08T13:15:00+0200,2435.42,MW,DK1,DK_1,forecast_solar_generation,Solar,2026-07-27T04:17:26Z
2026-07-27T04:13:26Z,2026-07-27T06:13:26+0200,dabcd32d-9433-4dbd-a505-ea8cec1be0d4,2026-07-08T11:30:00Z,2026-07-08T13:30:00+0200,2433.61,MW,DK1,DK_1,forecast_solar_generation,Solar,2026-07-27T04:17:26Z
2026-07-27T04:13:26Z,2026-07-27T06:13:26+0200,dabcd32d-9433-4dbd-a505-ea8cec1be0d4,2026-07-08T11:45:00Z,2026-07-08T13:45:00+0200,2426.958333,MW,DK1,DK_1,forecast_solar_generation,Solar,2026-07-27T04:17:26Z
2026-07-27T04:13:26Z,2026-07-27T06:13:26+0200,dabcd32d-9433-4dbd-a505-ea8cec1be0d4,2026-07-08T12:00:00Z,2026-07-08T14:00:00+0200,2415.676666,MW,DK1,DK_1,forecast_solar_generation,Solar,2026-07-27T04:17:26Z
2026-07-27T04:13:26Z,2026-07-27T06:13:26+0200,dabcd32d-9433-4dbd-a505-ea8cec1be0d4,2026-07-08T12:15:00Z,2026-07-08T14:15:00+0200,2400.136666,MW,DK1,DK_1,forecast_solar_generation,Solar,2026-07-27T04:17:26Z
2026-07-27T04:13:26Z,2026-07-27T06:13:26+0200,dabcd32d-9433-4dbd-a505-ea8cec1be0d4,2026-07-08T12:30:00Z,2026-07-08T14:30:00+0200,2381.163333,MW,DK1,DK_1,forecast_solar_generation,Solar,2026-07-27T04:17:26Z
2026-07-27T04:13:26Z,2026-07-27T06:13:26+0200,dabcd32d-9433-4dbd-a505-ea8cec1be0d4,2026-07-08T12:45:00Z,2026-07-08T14:45:00+0200,2359.291666,MW,DK1,DK_1,forecast_solar_generation,Solar,2026-07-27T04:17:26Z
2026-07-27T04:13:26Z,2026-07-27T06:13:26+0200,dabcd32d-9433-4dbd-a505-ea8cec1be0d4,2026-07-08T13:00:00Z,2026-07-08T15:00:00+0200,2335.518333,MW,DK1,DK_1,forecast_solar_generation,Solar,2026-07-27T04:17:26Z
2026-07-27T04:13:26Z,2026-07-27T06:13:26+0200,dabcd32d-9433-4dbd-a505-ea8cec1be0d4,2026-07-08T13:15:00Z,2026-07-08T15:15:00+0200,2308.605,MW,DK1,DK_1,forecast_solar_generation,Solar,2026-07-27T04:17:26Z
2026-07-27T04:13:26Z,2026-07-27T06:13:26+0200,dabcd32d-9433-4dbd-a505-ea8cec1be0d4,2026-07-08T13:30:00Z,2026-07-08T15:30:00+0200,2277.648333,MW,DK1,DK_1,forecast_solar_generation,Solar,2026-07-27T04:17:26Z
2026-07-27T04:13:26Z,2026-07-27T06:13:26+0200,dabcd32d-9433-4dbd-a505-ea8cec1be0d4,2026-07-08T13:45:00Z,2026-07-08T15:45:00+0200,2240.108333,MW,DK1,DK_1,forecast_solar_generation,Solar,2026-07-27T04:17:26Z
2026-07-27T04:13:26Z,2026-07-27T06:13:26+0200,dabcd32d-9433-4dbd-a505-ea8cec1be0d4,2026-07-08T14:00:00Z,2026-07-08T16:00:00+0200,2190.95,MW,DK1,DK_1,forecast_solar_generation,Solar,2026-07-27T04:17:26Z
2026-07-27T04:13:26Z,2026-07-27T06:13:26+0200,dabcd32d-9433-4dbd-a505-ea8cec1be0d4,2026-07-08T14:15:00Z,2026-07-08T16:15:00+0200,2130.073333,MW,DK1,DK_1,forecast_solar_generation,Solar,2026-07-27T04:17:26Z
2026-07-27T04:13:26Z,2026-07-27T06:13:26+0200,dabcd32d-9433-4dbd-a505-ea8cec1be0d4,2026-07-08T14:30:00Z,2026-07-08T16:30:00+0200,2055.435,MW,DK1,DK_1,forecast_solar_generation,Solar,2026-07-27T04:17:26Z
2026-07-27T04:13:26Z,2026-07-27T06:13:26+0200,dabcd32d-9433-4dbd-a505-ea8cec1be0d4,2026-07-08T14:45:00Z,2026-07-08T16:45:00+0200,1967.408333,MW,DK1,DK_1,forecast_solar_generation,Solar,2026-07-27T04:17:26Z
2026-07-27T04:13:26Z,2026-07-27T06:13:26+0200,dabcd32d-9433-4dbd-a505-ea8cec1be0d4,2026-07-08T15:00:00Z,2026-07-08T17:00:00+0200,1867.726666,MW,DK1,DK_1,forecast_solar_generation,Solar,2026-07-27T04:17:26Z
2026-07-27T04:13:26Z,2026-07-27T06:13:26+0200,dabcd32d-9433-4dbd-a505-ea8cec1be0d4,2026-07-08T15:15:00Z,2026-07-08T17:15:00+0200,1756.75,MW,DK1,DK_1,forecast_solar_generation,Solar,2026-07-27T04:17:26Z
2026-07-27T04:13:26Z,2026-07-27T06:13:26+0200,dabcd32d-9433-4dbd-a505-ea8cec1be0d4,2026-07-08T15:30:00Z,2026-07-08T17:30:00+0200,1636.336666,MW,DK1,DK_1,forecast_solar_generation,Solar,2026-07-27T04:17:26Z
2026-07-27T04:13:26Z,2026-07-27T06:13:26+0200,dabcd32d-9433-4dbd-a505-ea8cec1be0d4,2026-07-08T15:45:00Z,2026-07-08T17:45:00+0200,1511.891666,MW,DK1,DK_1,forecast_solar_generation,Solar,2026-07-27T04:17:26Z
2026-07-27T04:13:26Z,2026-07-27T06:13:26+0200,dabcd32d-9433-4dbd-a505-ea8cec1be0d4,2026-07-08T16:00:00Z,2026-07-08T18:00:00+0200,1397.503333,MW,DK1,DK_1,forecast_solar_generation,Solar,2026-07-27T04:17:26Z
2026-07-27T04:13:26Z,2026-07-27T06:13:26+0200,dabcd32d-9433-4dbd-a505-ea8cec1be0d4,2026-07-08T16:15:00Z,2026-07-08T18:15:00+0200,1265.408333,MW,DK1,DK_1,forecast_solar_generation,Solar,2026-07-27T04:17:26Z
2026-07-27T04:13:26Z,2026-07-27T06:13:26+0200,dabcd32d-9433-4dbd-a505-ea8cec1be0d4,2026-07-08T16:30:00Z,2026-07-08T18:30:00+0200,1130.743333,MW,DK1,DK_1,forecast_solar_generation,Solar,2026-07-27T04:17:26Z
2026-07-27T04:13:26Z,2026-07-27T06:13:26+0200,dabcd32d-9433-4dbd-a505-ea8cec1be0d4,2026-07-08T16:45:00Z,2026-07-08T18:45:00+0200,996.623333,MW,DK1,DK_1,forecast_solar_generation,Solar,2026-07-27T04:17:26Z
2026-07-27T04:13:26Z,2026-07-27T06:13:26+0200,dabcd32d-9433-4dbd-a505-ea8cec1be0d4,2026-07-08T17:00:00Z,2026-07-08T19:00:00+0200,864.526666,MW,DK1,DK_1,forecast_solar_generation,Solar,2026-07-27T04:17:26Z
2026-07-27T04:13:26Z,2026-07-27T06:13:26+0200,dabcd32d-9433-4dbd-a505-ea8cec1be0d4,2026-07-08T17:15:00Z,2026-07-08T19:15:00+0200,735.926666,MW,DK1,DK_1,forecast_solar_generation,Solar,2026-07-27T04:17:26Z
2026-07-27T04:13:26Z,2026-07-27T06:13:26+0200,dabcd32d-9433-4dbd-a505-ea8cec1be0d4,2026-07-08T17:30:00Z,2026-07-08T19:30:00+0200,612.481666,MW,DK1,DK_1,forecast_solar_generation,Solar,2026-07-27T04:17:26Z
2026-07-27T04:13:26Z,2026-07-27T06:13:26+0200,dabcd32d-9433-4dbd-a505-ea8cec1be0d4,2026-07-08T17:45:00Z,2026-07-08T19:45:00+0200,496.07,MW,DK1,DK_1,forecast_solar_generation,Solar,2026-07-27T04:17:26Z
2026-07-27T04:13:26Z,2026-07-27T06:13:26+0200,dabcd32d-9433-4dbd-a505-ea8cec1be0d4,2026-07-08T18:00:00Z,2026-07-08T20:00:00+0200,390.266666,MW,DK1,DK_1,forecast_solar_generation,Solar,2026-07-27T04:17:26Z
2026-07-27T04:13:26Z,2026-07-27T06:13:26+0200,dabcd32d-9433-4dbd-a505-ea8cec1be0d4,2026-07-08T18:15:00Z,2026-07-08T20:15:00+0200,294.878333,MW,DK1,DK_1,forecast_solar_generation,Solar,2026-07-27T04:17:26Z
2026-07-27T04:13:26Z,2026-07-27T06:13:26+0200,dabcd32d-9433-4dbd-a505-ea8cec1be0d4,2026-07-08T18:30:00Z,2026-07-08T20:30:00+0200,210.948333,MW,DK1,DK_1,forecast_solar_generation,Solar,2026-07-27T04:17:26Z
2026-07-27T04:13:26Z,2026-07-27T06:13:26+0200,dabcd32d-9433-4dbd-a505-ea8cec1be0d4,2026-07-08T18:45:00Z,2026-07-08T20:45:00+0200,139.443333,MW,DK1,DK_1,forecast_solar_generation,Solar,2026-07-27T04:17:26Z
2026-07-27T04:13:26Z,2026-07-27T06:13:26+0200,dabcd32d-9433-4dbd-a505-ea8cec1be0d4,2026-07-08T19:00:00Z,2026-07-08T21:00:00+0200,80.656666,MW,DK1,DK_1,forecast_solar_generation,Solar,2026-07-27T04:17:26Z
2026-07-27T04:13:26Z,2026-07-27T06:13:26+0200,dabcd32d-9433-4dbd-a505-ea8cec1be0d4,2026-07-08T19:15:00Z,2026-07-08T21:15:00+0200,36.076666,MW,DK1,DK_1,forecast_solar_generation,Solar,2026-07-27T04:17:26Z
2026-07-27T04:13:26Z,2026-07-27T06:13:26+0200,dabcd32d-9433-4dbd-a505-ea8cec1be0d4,2026-07-08T19:30:00Z,2026-07-08T21:30:00+0200,9.975,MW,DK1,DK_1,forecast_solar_generation,Solar,2026-07-27T04:17:26Z
2026-07-27T04:13:26Z,2026-07-27T06:13:26+0200,dabcd32d-9433-4dbd-a505-ea8cec1be0d4,2026-07-08T19:45:00Z,2026-07-08T21:45:00+0200,1.331666,MW,DK1,DK_1,forecast_solar_generation,Solar,2026-07-27T04:17:26Z
2026-07-27T04:13:26Z,2026-07-27T06:13:26+0200,dabcd32d-9433-4dbd-a505-ea8cec1be0d4,2026-07-08T20:00:00Z,2026-07-08T22:00:00+0200,0.058333,MW,DK1,DK_1,forecast_solar_generation,Solar,2026-07-27T04:17:26Z
2026-07-27T04:13:26Z,2026-07-27T06:13:26+0200,dabcd32d-9433-4dbd-a505-ea8cec1be0d4,2026-07-08T20:15:00Z,2026-07-08T22:15:00+0200,0.0,MW,DK1,DK_1,forecast_solar_generation,Solar,2026-07-27T04:17:26Z
2026-07-27T04:13:26Z,2026-07-27T06:13:26+0200,dabcd32d-9433-4dbd-a505-ea8cec1be0d4,2026-07-08T20:30:00Z,2026-07-08T22:30:00+0200,0.0,MW,DK1,DK_1,forecast_solar_generation,Solar,2026-07-27T04:17:26Z
2026-07-27T04:13:26Z,2026-07-27T06:13:26+0200,dabcd32d-9433-4dbd-a505-ea8cec1be0d4,2026-07-08T20:45:00Z,2026-07-08T22:45:00+0200,0.0,MW,DK1,DK_1,forecast_solar_generation,Solar,2026-07-27T04:17:26Z
2026-07-27T04:13:26Z,2026-07-27T06:13:26+0200,dabcd32d-9433-4dbd-a505-ea8cec1be0d4,2026-07-08T21:00:00Z,2026-07-08T23:00:00+0200,0.0,MW,DK1,DK_1,forecast_solar_generation,Solar,2026-07-27T04:17:26Z
2026-07-27T04:13:26Z,2026-07-27T06:13:26+0200,dabcd32d-9433-4dbd-a505-ea8cec1be0d4,2026-07-08T21:15:00Z,2026-07-08T23:15:00+0200,0.0,MW,DK1,DK_1,forecast_solar_generation,Solar,2026-07-27T04:17:26Z
2026-07-27T04:13:26Z,2026-07-27T06:13:26+0200,dabcd32d-9433-4dbd-a505-ea8cec1be0d4,2026-07-08T21:30:00Z,2026-07-08T23:30:00+0200,0.0,MW,DK1,DK_1,forecast_solar_generation,Solar,2026-07-27T04:17:26Z
2026-07-27T04:13:26Z,2026-07-27T06:13:26+0200,dabcd32d-9433-4dbd-a505-ea8cec1be0d4,2026-07-08T21:45:00Z,2026-07-08T23:45:00+0200,0.0,MW,DK1,DK_1,forecast_solar_generation,Solar,2026-07-27T04:17:26Z
2026-07-27T04:13:26Z,2026-07-27T06:13:26+0200,dabcd32d-9433-4dbd-a505-ea8cec1be0d4,2026-07-08T22:00:00Z,2026-07-09T00:00:00+0200,0.0,MW,DK1,DK_1,forecast_solar_generation,Solar,2026-07-27T04:17:26Z
2026-07-27T04:13:26Z,2026-07-27T06:13:26+0200,dabcd32d-9433-4dbd-a505-ea8cec1be0d4,2026-07-08T22:15:00Z,2026-07-09T00:15:00+0200,0.0,MW,DK1,DK_1,forecast_solar_generation,Solar,2026-07-27T04:17:26Z
2026-07-27T04:13:26Z,2026-07-27T06:13:26+0200,dabcd32d-9433-4dbd-a505-ea8cec1be0d4,2026-07-08T22:30:00Z,2026-07-09T00:30:00+0200,0.0,MW,DK1,DK_1,forecast_solar_generation,Solar,2026-07-27T04:17:26Z
2026-07-27T04:13:26Z,2026-07-27T06:13:26+0200,dabcd32d-9433-4dbd-a505-ea8cec1be0d4,2026-07-08T22:45:00Z,2026-07-09T00:45:00+0200,0.0,MW,DK1,DK_1,forecast_solar_generation,Solar,2026-07-27T04:17:26Z
2026-07-27T04:13:26Z,2026-07-27T06:13:26+0200,dabcd32d-9433-4dbd-a505-ea8cec1be0d4,2026-07-08T23:00:00Z,2026-07-09T01:00:00+0200,0.0,MW,DK1,DK_1,forecast_solar_generation,Solar,2026-07-27T04:17:26Z
2026-07-27T04:13:26Z,2026-07-27T06:13:26+0200,dabcd32d-9433-4dbd-a505-ea8cec1be0d4,2026-07-08T23:15:00Z,2026-07-09T01:15:00+0200,0.0,MW,DK1,DK_1,forecast_solar_generation,Solar,2026-07-27T04:17:26Z
2026-07-27T04:13:26Z,2026-07-27T06:13:26+0200,dabcd32d-9433-4dbd-a505-ea8cec1be0d4,2026-07-08T23:30:00Z,2026-07-09T01:30:00+0200,0.0,MW,DK1,DK_1,forecast_solar_generation,Solar,2026-07-27T04:17:26Z
2026-07-27T04:13:26Z,2026-07-27T06:13:26+0200,dabcd32d-9433-4dbd-a505-ea8cec1be0d4,2026-07-08T23:45:00Z,2026-07-09T01:45:00+0200,0.0,MW,DK1,DK_1,forecast_solar_generation,Solar,2026-07-27T04:17:26Z
2026-07-27T04:13:26Z,2026-07-27T06:13:26+0200,dabcd32d-9433-4dbd-a505-ea8cec1be0d4,2026-07-09T00:00:00Z,2026-07-09T02:00:00+0200,0.0,MW,DK1,DK_1,forecast_solar_generation,Solar,2026-07-27T04:17:26Z
2026-07-27T04:13:26Z,2026-07-27T06:13:26+0200,dabcd32d-9433-4dbd-a505-ea8cec1be0d4,2026-07-09T00:15:00Z,2026-07-09T02:15:00+0200,0.0,MW,DK1,DK_1,forecast_solar_generation,Solar,2026-07-27T04:17:26Z
2026-07-27T04:13:26Z,2026-07-27T06:13:26+0200,dabcd32d-9433-4dbd-a505-ea8cec1be0d4,2026-07-09T00:30:00Z,2026-07-09T02:30:00+0200,0.0,MW,DK1,DK_1,forecast_solar_generation,Solar,2026-07-27T04:17:26Z
2026-07-27T04:13:26Z,2026-07-27T06:13:26+0200,dabcd32d-9433-4dbd-a505-ea8cec1be0d4,2026-07-09T00:45:00Z,2026-07-09T02:45:00+0200,0.0,MW,DK1,DK_1,forecast_solar_generation,Solar,2026-07-27T04:17:26Z
2026-07-27T04:13:26Z,2026-07-27T06:13:26+0200,dabcd32d-9433-4dbd-a505-ea8cec1be0d4,2026-07-09T01:00:00Z,2026-07-09T03:00:00+0200,0.0,MW,DK1,DK_1,forecast_solar_generation,Solar,2026-07-27T04:17:26Z
2026-07-27T04:13:26Z,2026-07-27T06:13:26+0200,dabcd32d-9433-4dbd-a505-ea8cec1be0d4,2026-07-09T01:15:00Z,2026-07-09T03:15:00+0200,0.0,MW,DK1,DK_1,forecast_solar_generation,Solar,2026-07-27T04:17:26Z
2026-07-27T04:13:26Z,2026-07-27T06:13:26+0200,dabcd32d-9433-4dbd-a505-ea8cec1be0d4,2026-07-09T01:30:00Z,2026-07-09T03:30:00+0200,0.0,MW,DK1,DK_1,forecast_solar_generation,Solar,2026-07-27T04:17:26Z
2026-07-27T04:13:26Z,2026-07-27T06:13:26+0200,dabcd32d-9433-4dbd-a505-ea8cec1be0d4,2026-07-09T01:45:00Z,2026-07-09T03:45:00+0200,0.0,MW,DK1,DK_1,forecast_solar_generation,Solar,2026-07-27T04:17:26Z
2026-07-27T04:13:26Z,2026-07-27T06:13:26+0200,dabcd32d-9433-4dbd-a505-ea8cec1be0d4,2026-07-09T02:00:00Z,2026-07-09T04:00:00+0200,0.0,MW,DK1,DK_1,forecast_solar_generation,Solar,2026-07-27T04:17:26Z
2026-07-27T04:13:26Z,2026-07-27T06:13:26+0200,dabcd32d-9433-4dbd-a505-ea8cec1be0d4,2026-07-09T02:15:00Z,2026-07-09T04:15:00+0200,0.0,MW,DK1,DK_1,forecast_solar_generation,Solar,2026-07-27T04:17:26Z
2026-07-27T04:13:26Z,2026-07-27T06:13:26+0200,dabcd32d-9433-4dbd-a505-ea8cec1be0d4,2026-07-09T02:30:00Z,2026-07-09T04:30:00+0200,0.003333,MW,DK1,DK_1,forecast_solar_generation,Solar,2026-07-27T04:17:26Z
2026-07-27T04:13:26Z,2026-07-27T06:13:26+0200,dabcd32d-9433-4dbd-a505-ea8cec1be0d4,2026-07-09T02:45:00Z,2026-07-09T04:45:00+0200,0.225,MW,DK1,DK_1,forecast_solar_generation,Solar,2026-07-27T04:17:26Z
2026-07-27T04:13:26Z,2026-07-27T06:13:26+0200,dabcd32d-9433-4dbd-a505-ea8cec1be0d4,2026-07-09T03:00:00Z,2026-07-09T05:00:00+0200,2.938333,MW,DK1,DK_1,forecast_solar_generation,Solar,2026-07-27T04:17:26Z
2026-07-27T04:13:26Z,2026-07-27T06:13:26+0200,dabcd32d-9433-4dbd-a505-ea8cec1be0d4,2026-07-09T03:15:00Z,2026-07-09T05:15:00+0200,16.416666,MW,DK1,DK_1,forecast_solar_generation,Solar,2026-07-27T04:17:26Z
2026-07-27T04:13:26Z,2026-07-27T06:13:26+0200,dabcd32d-9433-4dbd-a505-ea8cec1be0d4,2026-07-09T03:30:00Z,2026-07-09T05:30:00+0200,47.905,MW,DK1,DK_1,forecast_solar_generation,Solar,2026-07-27T04:17:26Z
2026-07-27T04:13:26Z,2026-07-27T06:13:26+0200,dabcd32d-9433-4dbd-a505-ea8cec1be0d4,2026-07-09T03:45:00Z,2026-07-09T05:45:00+0200,95.636666,MW,DK1,DK_1,forecast_solar_generation,Solar,2026-07-27T04:17:26Z
2026-07-27T04:13:26Z,2026-07-27T06:13:26+0200,dabcd32d-9433-4dbd-a505-ea8cec1be0d4,2026-07-09T04:00:00Z,2026-07-09T06:00:00+0200,156.268333,MW,DK1,DK_1,forecast_solar_generation,Solar,2026-07-27T04:17:26Z
2026-07-27T04:13:26Z,2026-07-27T06:13:26+0200,dabcd32d-9433-4dbd-a505-ea8cec1be0d4,2026-07-09T04:15:00Z,2026-07-09T06:15:00+0200,228.761666,MW,DK1,DK_1,forecast_solar_generation,Solar,2026-07-27T04:17:26Z
2026-07-27T04:13:26Z,2026-07-27T06:13:26+0200,dabcd32d-9433-4dbd-a505-ea8cec1be0d4,2026-07-09T04:30:00Z,2026-07-09T06:30:00+0200,312.953333,MW,DK1,DK_1,forecast_solar_generation,Solar,2026-07-27T04:17:26Z
2026-07-27T04:13:26Z,2026-07-27T06:13:26+0200,dabcd32d-9433-4dbd-a505-ea8cec1be0d4,2026-07-09T04:45:00Z,2026-07-09T06:45:00+0200,408.28,MW,DK1,DK_1,forecast_solar_generation,Solar,2026-07-27T04:17:26Z
2026-07-27T04:13:26Z,2026-07-27T06:13:26+0200,dabcd32d-9433-4dbd-a505-ea8cec1be0d4,2026-07-09T05:00:00Z,2026-07-09T07:00:00+0200,514.951666,MW,DK1,DK_1,forecast_solar_generation,Solar,2026-07-27T04:17:26Z
2026-07-27T04:13:26Z,2026-07-27T06:13:26+0200,dabcd32d-9433-4dbd-a505-ea8cec1be0d4,2026-07-09T05:15:00Z,2026-07-09T07:15:00+0200,629.783333,MW,DK1,DK_1,forecast_solar_generation,Solar,2026-07-27T04:17:26Z
2026-07-27T04:13:26Z,2026-07-27T06:13:26+0200,dabcd32d-9433-4dbd-a505-ea8cec1be0d4,2026-07-09T05:30:00Z,2026-07-09T07:30:00+0200,751.043333,MW,DK1,DK_1,forecast_solar_generation,Solar,2026-07-27T04:17:26Z
2026-07-27T04:13:26Z,2026-07-27T06:13:26+0200,dabcd32d-9433-4dbd-a505-ea8cec1be0d4,2026-07-09T05:45:00Z,2026-07-09T07:45:00+0200,877.506666,MW,DK1,DK_1,forecast_solar_generation,Solar,2026-07-27T04:17:26Z
2026-07-27T04:13:26Z,2026-07-27T06:13:26+0200,dabcd32d-9433-4dbd-a505-ea8cec1be0d4,2026-07-09T06:00:00Z,2026-07-09T08:00:00+0200,1007.576666,MW,DK1,DK_1,forecast_solar_generation,Solar,2026-07-27T04:17:26Z
2026-07-27T04:13:26Z,2026-07-27T06:13:26+0200,dabcd32d-9433-4dbd-a505-ea8cec1be0d4,2026-07-09T06:15:00Z,2026-07-09T08:15:00+0200,1139.161666,MW,DK1,DK_1,forecast_solar_generation,Solar,2026-07-27T04:17:26Z
2026-07-27T04:13:26Z,2026-07-27T06:13:26+0200,dabcd32d-9433-4dbd-a505-ea8cec1be0d4,2026-07-09T06:30:00Z,2026-07-09T08:30:00+0200,1270.73,MW,DK1,DK_1,forecast_solar_generation,Solar,2026-07-27T04:17:26Z
2026-07-27T04:13:26Z,2026-07-27T06:13:26+0200,dabcd32d-9433-4dbd-a505-ea8cec1be0d4,2026-07-09T06:45:00Z,2026-07-09T08:45:00+0200,1403.336666,MW,DK1,DK_1,forecast_solar_generation,Solar,2026-07-27T04:17:26Z
2026-07-27T04:13:26Z,2026-07-27T06:13:26+0200,dabcd32d-9433-4dbd-a505-ea8cec1be0d4,2026-07-09T07:00:00Z,2026-07-09T09:00:00+0200,1535.266666,MW,DK1,DK_1,forecast_solar_generation,Solar,2026-07-27T04:17:26Z
2026-07-27T04:13:26Z,2026-07-27T06:13:26+0200,dabcd32d-9433-4dbd-a505-ea8cec1be0d4,2026-07-09T07:15:00Z,2026-07-09T09:15:00+0200,1662.958333,MW,DK1,DK_1,forecast_solar_generation,Solar,2026-07-27T04:17:26Z
2026-07-27T04:13:26Z,2026-07-27T06:13:26+0200,dabcd32d-9433-4dbd-a505-ea8cec1be0d4,2026-07-09T07:30:00Z,2026-07-09T09:30:00+0200,1781.186666,MW,DK1,DK_1,forecast_solar_generation,Solar,2026-07-27T04:17:26Z
2026-07-27T04:13:26Z,2026-07-27T06:13:26+0200,dabcd32d-9433-4dbd-a505-ea8cec1be0d4,2026-07-09T07:45:00Z,2026-07-09T09:45:00+0200,1887.461666,MW,DK1,DK_1,forecast_solar_generation,Solar,2026-07-27T04:17:26Z
2026-07-27T04:13:26Z,2026-07-27T06:13:26+0200,dabcd32d-9433-4dbd-a505-ea8cec1be0d4,2026-07-09T08:00:00Z,2026-07-09T10:00:00+0200,1980.706666,MW,DK1,DK_1,forecast_solar_generation,Solar,2026-07-27T04:17:26Z
2026-07-27T04:13:26Z,2026-07-27T06:13:26+0200,dabcd32d-9433-4dbd-a505-ea8cec1be0d4,2026-07-09T08:15:00Z,2026-07-09T10:15:00+0200,2060.636666,MW,DK1,DK_1,forecast_solar_generation,Solar,2026-07-27T04:17:26Z
2026-07-27T04:13:26Z,2026-07-27T06:13:26+0200,dabcd32d-9433-4dbd-a505-ea8cec1be0d4,2026-07-09T08:30:00Z,2026-07-09T10:30:00+0200,2127.401666,MW,DK1,DK_1,forecast_solar_generation,Solar,2026-07-27T04:17:26Z
2026-07-27T04:13:26Z,2026-07-27T06:13:26+0200,dabcd32d-9433-4dbd-a505-ea8cec1be0d4,2026-07-09T08:45:00Z,2026-07-09T10:45:00+0200,2179.921666,MW,DK1,DK_1,forecast_solar_generation,Solar,2026-07-27T04:17:26Z
2026-07-27T04:13:26Z,2026-07-27T06:13:26+0200,dabcd32d-9433-4dbd-a505-ea8cec1be0d4,2026-07-09T09:00:00Z,2026-07-09T11:00:00+0200,2217.283333,MW,DK1,DK_1,forecast_solar_generation,Solar,2026-07-27T04:17:26Z
2026-07-27T04:13:26Z,2026-07-27T06:13:26+0200,dabcd32d-9433-4dbd-a505-ea8cec1be0d4,2026-07-09T09:15:00Z,2026-07-09T11:15:00+0200,2246.94,MW,DK1,DK_1,forecast_solar_generation,Solar,2026-07-27T04:17:26Z
2026-07-27T04:13:26Z,2026-07-27T06:13:26+0200,dabcd32d-9433-4dbd-a505-ea8cec1be0d4,2026-07-09T09:30:00Z,2026-07-09T11:30:00+0200,2272.853333,MW,DK1,DK_1,forecast_solar_generation,Solar,2026-07-27T04:17:26Z
2026-07-27T04:13:26Z,2026-07-27T06:13:26+0200,dabcd32d-9433-4dbd-a505-ea8cec1be0d4,2026-07-09T09:45:00Z,2026-07-09T11:45:00+0200,2296.733333,MW,DK1,DK_1,forecast_solar_generation,Solar,2026-07-27T04:17:26Z
2026-07-27T04:13:26Z,2026-07-27T06:13:26+0200,dabcd32d-9433-4dbd-a505-ea8cec1be0d4,2026-07-09T10:00:00Z,2026-07-09T12:00:00+0200,2319.853333,MW,DK1,DK_1,forecast_solar_generation,Solar,2026-07-27T04:17:26Z
2026-07-27T04:13:26Z,2026-07-27T06:13:26+0200,dabcd32d-9433-4dbd-a505-ea8cec1be0d4,2026-07-09T10:15:00Z,2026-07-09T12:15:00+0200,2342.115,MW,DK1,DK_1,forecast_solar_generation,Solar,2026-07-27T04:17:26Z
2026-07-27T04:13:26Z,2026-07-27T06:13:26+0200,dabcd32d-9433-4dbd-a505-ea8cec1be0d4,2026-07-09T10:30:00Z,2026-07-09T12:30:00+0200,2361.68,MW,DK1,DK_1,forecast_solar_generation,Solar,2026-07-27T04:17:26Z
2026-07-27T04:13:26Z,2026-07-27T06:13:26+0200,dabcd32d-9433-4dbd-a505-ea8cec1be0d4,2026-07-09T10:45:00Z,2026-07-09T12:45:00+0200,2377.67,MW,DK1,DK_1,forecast_solar_generation,Solar,2026-07-27T04:17:26Z
2026-07-27T04:13:26Z,2026-07-27T06:13:26+0200,dabcd32d-9433-4dbd-a505-ea8cec1be0d4,2026-07-09T11:00:00Z,2026-07-09T13:00:00+0200,2389.38,MW,DK1,DK_1,forecast_solar_generation,Solar,2026-07-27T04:17:26Z
2026-07-27T04:13:26Z,2026-07-27T06:13:26+0200,dabcd32d-9433-4dbd-a505-ea8cec1be0d4,2026-07-09T11:15:00Z,2026-07-09T13:15:00+0200,2395.981666,MW,DK1,DK_1,forecast_solar_generation,Solar,2026-07-27T04:17:26Z
2026-07-27T04:13:26Z,2026-07-27T06:13:26+0200,dabcd32d-9433-4dbd-a505-ea8cec1be0d4,2026-07-09T11:30:00Z,2026-07-09T13:30:00+0200,2397.538333,MW,DK1,DK_1,forecast_solar_generation,Solar,2026-07-27T04:17:26Z
2026-07-27T04:13:26Z,2026-07-27T06:13:26+0200,dabcd32d-9433-4dbd-a505-ea8cec1be0d4,2026-07-09T11:45:00Z,2026-07-09T13:45:00+0200,2394.193333,MW,DK1,DK_1,forecast_solar_generation,Solar,2026-07-27T04:17:26Z
2026-07-27T04:13:26Z,2026-07-27T06:13:26+0200,dabcd32d-9433-4dbd-a505-ea8cec1be0d4,2026-07-09T12:00:00Z,2026-07-09T14:00:00+0200,2385.761666,MW,DK1,DK_1,forecast_solar_generation,Solar,2026-07-27T04:17:26Z
2026-07-27T04:13:26Z,2026-07-27T06:13:26+0200,dabcd32d-9433-4dbd-a505-ea8cec1be0d4,2026-07-09T12:15:00Z,2026-07-09T14:15:00+0200,2373.02,MW,DK1,DK_1,forecast_solar_generation,Solar,2026-07-27T04:17:26Z
2026-07-27T04:13:26Z,2026-07-27T06:13:26+0200,dabcd32d-9433-4dbd-a505-ea8cec1be0d4,2026-07-09T12:30:00Z,2026-07-09T14:30:00+0200,2356.548333,MW,DK1,DK_1,forecast_solar_generation,Solar,2026-07-27T04:17:26Z
2026-07-27T04:13:26Z,2026-07-27T06:13:26+0200,dabcd32d-9433-4dbd-a505-ea8cec1be0d4,2026-07-09T12:45:00Z,2026-07-09T14:45:00+0200,2337.943333,MW,DK1,DK_1,forecast_solar_generation,Solar,2026-07-27T04:17:26Z
2026-07-27T04:13:26Z,2026-07-27T06:13:26+0200,dabcd32d-9433-4dbd-a505-ea8cec1be0d4,2026-07-09T13:00:00Z,2026-07-09T15:00:00+0200,2317.56,MW,DK1,DK_1,forecast_solar_generation,Solar,2026-07-27T04:17:26Z
2026-07-27T04:13:26Z,2026-07-27T06:13:26+0200,dabcd32d-9433-4dbd-a505-ea8cec1be0d4,2026-07-09T13:15:00Z,2026-07-09T15:15:00+0200,2294.546666,MW,DK1,DK_1,forecast_solar_generation,Solar,2026-07-27T04:17:26Z
2026-07-27T04:13:26Z,2026-07-27T06:13:26+0200,dabcd32d-9433-4dbd-a505-ea8cec1be0d4,2026-07-09T13:30:00Z,2026-07-09T15:30:00+0200,2267.486666,MW,DK1,DK_1,forecast_solar_generation,Solar,2026-07-27T04:17:26Z
2026-07-27T04:13:26Z,2026-07-27T06:13:26+0200,dabcd32d-9433-4dbd-a505-ea8cec1be0d4,2026-07-09T13:45:00Z,2026-07-09T15:45:00+0200,2234.218333,MW,DK1,DK_1,forecast_solar_generation,Solar,2026-07-27T04:17:26Z
2026-07-27T04:13:26Z,2026-07-27T06:13:26+0200,dabcd32d-9433-4dbd-a505-ea8cec1be0d4,2026-07-09T14:00:00Z,2026-07-09T16:00:00+0200,2187.35,MW,DK1,DK_1,forecast_solar_generation,Solar,2026-07-27T04:17:26Z
2026-07-27T04:13:26Z,2026-07-27T06:13:26+0200,dabcd32d-9433-4dbd-a505-ea8cec1be0d4,2026-07-09T14:15:00Z,2026-07-09T16:15:00+0200,2126.933333,MW,DK1,DK_1,forecast_solar_generation,Solar,2026-07-27T04:17:26Z
2026-07-27T04:13:26Z,2026-07-27T06:13:26+0200,dabcd32d-9433-4dbd-a505-ea8cec1be0d4,2026-07-09T14:30:00Z,2026-07-09T16:30:00+0200,2053.555,MW,DK1,DK_1,forecast_solar_generation,Solar,2026-07-27T04:17:26Z
2026-07-27T04:13:26Z,2026-07-27T06:13:26+0200,dabcd32d-9433-4dbd-a505-ea8cec1be0d4,2026-07-09T14:45:00Z,2026-07-09T16:45:00+0200,1966.256666,MW,DK1,DK_1,forecast_solar_generation,Solar,2026-07-27T04:17:26Z
2026-07-27T04:13:26Z,2026-07-27T06:13:26+0200,dabcd32d-9433-4dbd-a505-ea8cec1be0d4,2026-07-09T15:00:00Z,2026-07-09T17:00:00+0200,1867.203333,MW,DK1,DK_1,forecast_solar_generation,Solar,2026-07-27T04:17:26Z
2026-07-27T04:13:26Z,2026-07-27T06:13:26+0200,dabcd32d-9433-4dbd-a505-ea8cec1be0d4,2026-07-09T15:15:00Z,2026-07-09T17:15:00+0200,1756.868333,MW,DK1,DK_1,forecast_solar_generation,Solar,2026-07-27T04:17:26Z
2026-07-27T04:13:26Z,2026-07-27T06:13:26+0200,dabcd32d-9433-4dbd-a505-ea8cec1be0d4,2026-07-09T15:30:00Z,2026-07-09T17:30:00+0200,1637.04,MW,DK1,DK_1,forecast_solar_generation,Solar,2026-07-27T04:17:26Z
2026-07-27T04:13:26Z,2026-07-27T06:13:26+0200,dabcd32d-9433-4dbd-a505-ea8cec1be0d4,2026-07-09T15:45:00Z,2026-07-09T17:45:00+0200,1513.385,MW,DK1,DK_1,forecast_solar_generation,Solar,2026-07-27T04:17:26Z
2026-07-27T04:13:26Z,2026-07-27T06:13:26+0200,dabcd32d-9433-4dbd-a505-ea8cec1be0d4,2026-07-09T16:00:00Z,2026-07-09T18:00:00+0200,1400.065,MW,DK1,DK_1,forecast_solar_generation,Solar,2026-07-27T04:17:26Z
2026-07-27T04:13:26Z,2026-07-27T06:13:26+0200,dabcd32d-9433-4dbd-a505-ea8cec1be0d4,2026-07-09T16:15:00Z,2026-07-09T18:15:00+0200,1268.583333,MW,DK1,DK_1,forecast_solar_generation,Solar,2026-07-27T04:17:26Z
2026-07-27T04:13:26Z,2026-07-27T06:13:26+0200,dabcd32d-9433-4dbd-a505-ea8cec1be0d4,2026-07-09T16:30:00Z,2026-07-09T18:30:00+0200,1134.116666,MW,DK1,DK_1,forecast_solar_generation,Solar,2026-07-27T04:17:26Z
2026-07-27T04:13:26Z,2026-07-27T06:13:26+0200,dabcd32d-9433-4dbd-a505-ea8cec1be0d4,2026-07-09T16:45:00Z,2026-07-09T18:45:00+0200,999.933333,MW,DK1,DK_1,forecast_solar_generation,Solar,2026-07-27T04:17:26Z
2026-07-27T04:13:26Z,2026-07-27T06:13:26+0200,dabcd32d-9433-4dbd-a505-ea8cec1be0d4,2026-07-09T17:00:00Z,2026-07-09T19:00:00+0200,867.553333,MW,DK1,DK_1,forecast_solar_generation,Solar,2026-07-27T04:17:26Z
2026-07-27T04:13:26Z,2026-07-27T06:13:26+0200,dabcd32d-9433-4dbd-a505-ea8cec1be0d4,2026-07-09T17:15:00Z,2026-07-09T19:15:00+0200,738.421666,MW,DK1,DK_1,forecast_solar_generation,Solar,2026-07-27T04:17:26Z
2026-07-27T04:13:26Z,2026-07-27T06:13:26+0200,dabcd32d-9433-4dbd-a505-ea8cec1be0d4,2026-07-09T17:30:00Z,2026-07-09T19:30:00+0200,614.255,MW,DK1,DK_1,forecast_solar_generation,Solar,2026-07-27T04:17:26Z
2026-07-27T04:13:26Z,2026-07-27T06:13:26+0200,dabcd32d-9433-4dbd-a505-ea8cec1be0d4,2026-07-09T17:45:00Z,2026-07-09T19:45:00+0200,496.99,MW,DK1,DK_1,forecast_solar_generation,Solar,2026-07-27T04:17:26Z
2026-07-27T04:13:26Z,2026-07-27T06:13:26+0200,dabcd32d-9433-4dbd-a505-ea8cec1be0d4,2026-07-09T18:00:00Z,2026-07-09T20:00:00+0200,390.213333,MW,DK1,DK_1,forecast_solar_generation,Solar,2026-07-27T04:17:26Z
2026-07-27T04:13:26Z,2026-07-27T06:13:26+0200,dabcd32d-9433-4dbd-a505-ea8cec1be0d4,2026-07-09T18:15:00Z,2026-07-09T20:15:00+0200,293.969999,MW,DK1,DK_1,forecast_solar_generation,Solar,2026-07-27T04:17:26Z
2026-07-27T04:13:26Z,2026-07-27T06:13:26+0200,dabcd32d-9433-4dbd-a505-ea8cec1be0d4,2026-07-09T18:30:00Z,2026-07-09T20:30:00+0200,209.525,MW,DK1,DK_1,forecast_solar_generation,Solar,2026-07-27T04:17:26Z
2026-07-27T04:13:26Z,2026-07-27T06:13:26+0200,dabcd32d-9433-4dbd-a505-ea8cec1be0d4,2026-07-09T18:45:00Z,2026-07-09T20:45:00+0200,137.833333,MW,DK1,DK_1,forecast_solar_generation,Solar,2026-07-27T04:17:26Z
2026-07-27T04:13:26Z,2026-07-27T06:13:26+0200,dabcd32d-9433-4dbd-a505-ea8cec1be0d4,2026-07-09T19:00:00Z,2026-07-09T21:00:00+0200,79.036666,MW,DK1,DK_1,forecast_solar_generation,Solar,2026-07-27T04:17:26Z
2026-07-27T04:13:26Z,2026-07-27T06:13:26+0200,dabcd32d-9433-4dbd-a505-ea8cec1be0d4,2026-07-09T19:15:00Z,2026-07-09T21:15:00+0200,34.681666,MW,DK1,DK_1,forecast_solar_generation,Solar,2026-07-27T04:17:26Z
2026-07-27T04:13:26Z,2026-07-27T06:13:26+0200,dabcd32d-9433-4dbd-a505-ea8cec1be0d4,2026-07-09T19:30:00Z,2026-07-09T21:30:00+0200,9.184999,MW,DK1,DK_1,forecast_solar_generation,Solar,2026-07-27T04:17:26Z
2026-07-27T04:13:26Z,2026-07-27T06:13:26+0200,dabcd32d-9433-4dbd-a505-ea8cec1be0d4,2026-07-09T19:45:00Z,2026-07-09T21:45:00+0200,1.091666,MW,DK1,DK_1,forecast_solar_generation,Solar,2026-07-27T04:17:26Z
2026-07-27T04:13:26Z,2026-07-27T06:13:26+0200,dabcd32d-9433-4dbd-a505-ea8cec1be0d4,2026-07-09T20:00:00Z,2026-07-09T22:00:00+0200,0.038333,MW,DK1,DK_1,forecast_solar_generation,Solar,2026-07-27T04:17:26Z
2026-07-27T04:13:26Z,2026-07-27T06:13:26+0200,dabcd32d-9433-4dbd-a505-ea8cec1be0d4,2026-07-09T20:15:00Z,2026-07-09T22:15:00+0200,0.0,MW,DK1,DK_1,forecast_solar_generation,Solar,2026-07-27T04:17:26Z
2026-07-27T04:13:26Z,2026-07-27T06:13:26+0200,dabcd32d-9433-4dbd-a505-ea8cec1be0d4,2026-07-09T20:30:00Z,2026-07-09T22:30:00+0200,0.0,MW,DK1,DK_1,forecast_solar_generation,Solar,2026-07-27T04:17:26Z
2026-07-27T04:13:26Z,2026-07-27T06:13:26+0200,dabcd32d-9433-4dbd-a505-ea8cec1be0d4,2026-07-09T20:45:00Z,2026-07-09T22:45:00+0200,0.0,MW,DK1,DK_1,forecast_solar_generation,Solar,2026-07-27T04:17:26Z
2026-07-27T04:13:26Z,2026-07-27T06:13:26+0200,dabcd32d-9433-4dbd-a505-ea8cec1be0d4,2026-07-09T21:00:00Z,2026-07-09T23:00:00+0200,0.0,MW,DK1,DK_1,forecast_solar_generation,Solar,2026-07-27T04:17:26Z
2026-07-27T04:13:26Z,2026-07-27T06:13:26+0200,dabcd32d-9433-4dbd-a505-ea8cec1be0d4,2026-07-09T21:15:00Z,2026-07-09T23:15:00+0200,0.0,MW,DK1,DK_1,forecast_solar_generation,Solar,2026-07-27T04:17:26Z
2026-07-27T04:13:26Z,2026-07-27T06:13:26+0200,dabcd32d-9433-4dbd-a505-ea8cec1be0d4,2026-07-09T21:30:00Z,2026-07-09T23:30:00+0200,0.0,MW,DK1,DK_1,forecast_solar_generation,Solar,2026-07-27T04:17:26Z
2026-07-27T04:13:26Z,2026-07-27T06:13:26+0200,dabcd32d-9433-4dbd-a505-ea8cec1be0d4,2026-07-09T21:45:00Z,2026-07-09T23:45:00+0200,0.0,MW,DK1,DK_1,forecast_solar_generation,Solar,2026-07-27T04:17:26Z
2026-07-27T04:13:26Z,2026-07-27T06:13:26+0200,dabcd32d-9433-4dbd-a505-ea8cec1be0d4,2026-07-09T22:00:00Z,2026-07-10T00:00:00+0200,0.0,MW,DK1,DK_1,forecast_solar_generation,Solar,2026-07-27T04:17:26Z
2026-07-27T04:13:26Z,2026-07-27T06:13:26+0200,dabcd32d-9433-4dbd-a505-ea8cec1be0d4,2026-07-09T22:15:00Z,2026-07-10T00:15:00+0200,0.0,MW,DK1,DK_1,forecast_solar_generation,Solar,2026-07-27T04:17:26Z
2026-07-27T04:13:26Z,2026-07-27T06:13:26+0200,dabcd32d-9433-4dbd-a505-ea8cec1be0d4,2026-07-09T22:30:00Z,2026-07-10T00:30:00+0200,0.0,MW,DK1,DK_1,forecast_solar_generation,Solar,2026-07-27T04:17:26Z
2026-07-27T04:13:26Z,2026-07-27T06:13:26+0200,dabcd32d-9433-4dbd-a505-ea8cec1be0d4,2026-07-09T22:45:00Z,2026-07-10T00:45:00+0200,0.0,MW,DK1,DK_1,forecast_solar_generation,Solar,2026-07-27T04:17:26Z
2026-07-27T04:13:26Z,2026-07-27T06:13:26+0200,dabcd32d-9433-4dbd-a505-ea8cec1be0d4,2026-07-09T23:00:00Z,2026-07-10T01:00:00+0200,0.0,MW,DK1,DK_1,forecast_solar_generation,Solar,2026-07-27T04:17:26Z
2026-07-27T04:13:26Z,2026-07-27T06:13:26+0200,dabcd32d-9433-4dbd-a505-ea8cec1be0d4,2026-07-09T23:15:00Z,2026-07-10T01:15:00+0200,0.0,MW,DK1,DK_1,forecast_solar_generation,Solar,2026-07-27T04:17:26Z
2026-07-27T04:13:26Z,2026-07-27T06:13:26+0200,dabcd32d-9433-4dbd-a505-ea8cec1be0d4,2026-07-09T23:30:00Z,2026-07-10T01:30:00+0200,0.0,MW,DK1,DK_1,forecast_solar_generation,Solar,2026-07-27T04:17:26Z
2026-07-27T04:13:26Z,2026-07-27T06:13:26+0200,dabcd32d-9433-4dbd-a505-ea8cec1be0d4,2026-07-09T23:45:00Z,2026-07-10T01:45:00+0200,0.0,MW,DK1,DK_1,forecast_solar_generation,Solar,2026-07-27T04:17:26Z
2026-07-27T04:13:26Z,2026-07-27T06:13:26+0200,dabcd32d-9433-4dbd-a505-ea8cec1be0d4,2026-07-10T00:00:00Z,2026-07-10T02:00:00+0200,0.0,MW,DK1,DK_1,forecast_solar_generation,Solar,2026-07-27T04:17:26Z
2026-07-27T04:13:26Z,2026-07-27T06:13:26+0200,dabcd32d-9433-4dbd-a505-ea8cec1be0d4,2026-07-10T00:15:00Z,2026-07-10T02:15:00+0200,0.0,MW,DK1,DK_1,forecast_solar_generation,Solar,2026-07-27T04:17:26Z
2026-07-27T04:13:26Z,2026-07-27T06:13:26+0200,dabcd32d-9433-4dbd-a505-ea8cec1be0d4,2026-07-10T00:30:00Z,2026-07-10T02:30:00+0200,0.0,MW,DK1,DK_1,forecast_solar_generation,Solar,2026-07-27T04:17:26Z
2026-07-27T04:13:26Z,2026-07-27T06:13:26+0200,dabcd32d-9433-4dbd-a505-ea8cec1be0d4,2026-07-10T00:45:00Z,2026-07-10T02:45:00+0200,0.0,MW,DK1,DK_1,forecast_solar_generation,Solar,2026-07-27T04:17:26Z
2026-07-27T04:13:26Z,2026-07-27T06:13:26+0200,dabcd32d-9433-4dbd-a505-ea8cec1be0d4,2026-07-10T01:00:00Z,2026-07-10T03:00:00+0200,0.0,MW,DK1,DK_1,forecast_solar_generation,Solar,2026-07-27T04:17:26Z
2026-07-27T04:13:26Z,2026-07-27T06:13:26+0200,dabcd32d-9433-4dbd-a505-ea8cec1be0d4,2026-07-10T01:15:00Z,2026-07-10T03:15:00+0200,0.0,MW,DK1,DK_1,forecast_solar_generation,Solar,2026-07-27T04:17:26Z
2026-07-27T04:13:26Z,2026-07-27T06:13:26+0200,dabcd32d-9433-4dbd-a505-ea8cec1be0d4,2026-07-10T01:30:00Z,2026-07-10T03:30:00+0200,0.0,MW,DK1,DK_1,forecast_solar_generation,Solar,2026-07-27T04:17:26Z
2026-07-27T04:13:26Z,2026-07-27T06:13:26+0200,dabcd32d-9433-4dbd-a505-ea8cec1be0d4,2026-07-10T01:45:00Z,2026-07-10T03:45:00+0200,0.0,MW,DK1,DK_1,forecast_solar_generation,Solar,2026-07-27T04:17:26Z
2026-07-27T04:13:26Z,2026-07-27T06:13:26+0200,dabcd32d-9433-4dbd-a505-ea8cec1be0d4,2026-07-10T02:00:00Z,2026-07-10T04:00:00+0200,0.0,MW,DK1,DK_1,forecast_solar_generation,Solar,2026-07-27T04:17:26Z
2026-07-27T04:13:26Z,2026-07-27T06:13:26+0200,dabcd32d-9433-4dbd-a505-ea8cec1be0d4,2026-07-10T02:15:00Z,2026-07-10T04:15:00+0200,0.0,MW,DK1,DK_1,forecast_solar_generation,Solar,2026-07-27T04:17:26Z
2026-07-27T04:13:26Z,2026-07-27T06:13:26+0200,dabcd32d-9433-4dbd-a505-ea8cec1be0d4,2026-07-10T02:30:00Z,2026-07-10T04:30:00+0200,0.001666,MW,DK1,DK_1,forecast_solar_generation,Solar,2026-07-27T04:17:26Z
2026-07-27T04:13:26Z,2026-07-27T06:13:26+0200,dabcd32d-9433-4dbd-a505-ea8cec1be0d4,2026-07-10T02:45:00Z,2026-07-10T04:45:00+0200,0.171666,MW,DK1,DK_1,forecast_solar_generation,Solar,2026-07-27T04:17:26Z
2026-07-27T04:13:26Z,2026-07-27T06:13:26+0200,dabcd32d-9433-4dbd-a505-ea8cec1be0d4,2026-07-10T03:00:00Z,2026-07-10T05:00:00+0200,2.511666,MW,DK1,DK_1,forecast_solar_generation,Solar,2026-07-27T04:17:26Z
2026-07-27T04:13:26Z,2026-07-27T06:13:26+0200,dabcd32d-9433-4dbd-a505-ea8cec1be0d4,2026-07-10T03:15:00Z,2026-07-10T05:15:00+0200,15.37,MW,DK1,DK_1,forecast_solar_generation,Solar,2026-07-27T04:17:26Z
2026-07-27T04:13:26Z,2026-07-27T06:13:26+0200,dabcd32d-9433-4dbd-a505-ea8cec1be0d4,2026-07-10T03:30:00Z,2026-07-10T05:30:00+0200,46.981666,MW,DK1,DK_1,forecast_solar_generation,Solar,2026-07-27T04:17:26Z
2026-07-27T04:13:26Z,2026-07-27T06:13:26+0200,dabcd32d-9433-4dbd-a505-ea8cec1be0d4,2026-07-10T03:45:00Z,2026-07-10T05:45:00+0200,96.19,MW,DK1,DK_1,forecast_solar_generation,Solar,2026-07-27T04:17:26Z
2026-07-27T04:13:26Z,2026-07-27T06:13:26+0200,dabcd32d-9433-4dbd-a505-ea8cec1be0d4,2026-07-10T04:00:00Z,2026-07-10T06:00:00+0200,159.648333,MW,DK1,DK_1,forecast_solar_generation,Solar,2026-07-27T04:17:26Z
2026-07-27T04:13:26Z,2026-07-27T06:13:26+0200,dabcd32d-9433-4dbd-a505-ea8cec1be0d4,2026-07-10T04:15:00Z,2026-07-10T06:15:00+0200,236.331666,MW,DK1,DK_1,forecast_solar_generation,Solar,2026-07-27T04:17:26Z
2026-07-27T04:13:26Z,2026-07-27T06:13:26+0200,dabcd32d-9433-4dbd-a505-ea8cec1be0d4,2026-07-10T04:30:00Z,2026-07-10T06:30:00+0200,325.771666,MW,DK1,DK_1,forecast_solar_generation,Solar,2026-07-27T04:17:26Z
2026-07-27T04:13:26Z,2026-07-27T06:13:26+0200,dabcd32d-9433-4dbd-a505-ea8cec1be0d4,2026-07-10T04:45:00Z,2026-07-10T06:45:00+0200,427.826666,MW,DK1,DK_1,forecast_solar_generation,Solar,2026-07-27T04:17:26Z
2026-07-27T04:13:26Z,2026-07-27T06:13:26+0200,dabcd32d-9433-4dbd-a505-ea8cec1be0d4,2026-07-10T05:00:00Z,2026-07-10T07:00:00+0200,542.758333,MW,DK1,DK_1,forecast_solar_generation,Solar,2026-07-27T04:17:26Z
2026-07-27T04:13:26Z,2026-07-27T06:13:26+0200,dabcd32d-9433-4dbd-a505-ea8cec1be0d4,2026-07-10T05:15:00Z,2026-07-10T07:15:00+0200,666.761666,MW,DK1,DK_1,forecast_solar_generation,Solar,2026-07-27T04:17:26Z
2026-07-27T04:13:26Z,2026-07-27T06:13:26+0200,dabcd32d-9433-4dbd-a505-ea8cec1be0d4,2026-07-10T05:30:00Z,2026-07-10T07:30:00+0200,797.305,MW,DK1,DK_1,forecast_solar_generation,Solar,2026-07-27T04:17:26Z
2026-07-27T04:13:26Z,2026-07-27T06:13:26+0200,dabcd32d-9433-4dbd-a505-ea8cec1be0d4,2026-07-10T05:45:00Z,2026-07-10T07:45:00+0200,932.305,MW,DK1,DK_1,forecast_solar_generation,Solar,2026-07-27T04:17:26Z
2026-07-27T04:13:26Z,2026-07-27T06:13:26+0200,dabcd32d-9433-4dbd-a505-ea8cec1be0d4,2026-07-10T06:00:00Z,2026-07-10T08:00:00+0200,1070.106666,MW,DK1,DK_1,forecast_solar_generation,Solar,2026-07-27T04:17:26Z
2026-07-27T04:13:26Z,2026-07-27T06:13:26+0200,dabcd32d-9433-4dbd-a505-ea8cec1be0d4,2026-07-10T06:15:00Z,2026-07-10T08:15:00+0200,1209.303333,MW,DK1,DK_1,forecast_solar_generation,Solar,2026-07-27T04:17:26Z
2026-07-27T04:13:26Z,2026-07-27T06:13:26+0200,dabcd32d-9433-4dbd-a505-ea8cec1be0d4,2026-07-10T06:30:00Z,2026-07-10T08:30:00+0200,1348.325,MW,DK1,DK_1,forecast_solar_generation,Solar,2026-07-27T04:17:26Z
2026-07-27T04:13:26Z,2026-07-27T06:13:26+0200,dabcd32d-9433-4dbd-a505-ea8cec1be0d4,2026-07-10T06:45:00Z,2026-07-10T08:45:00+0200,1485.516666,MW,DK1,DK_1,forecast_solar_generation,Solar,2026-07-27T04:17:26Z
2026-07-27T04:13:26Z,2026-07-27T06:13:26+0200,dabcd32d-9433-4dbd-a505-ea8cec1be0d4,2026-07-10T07:00:00Z,2026-07-10T09:00:00+0200,1619.476666,MW,DK1,DK_1,forecast_solar_generation,Solar,2026-07-27T04:17:26Z
2026-07-27T04:13:26Z,2026-07-27T06:13:26+0200,dabcd32d-9433-4dbd-a505-ea8cec1be0d4,2026-07-10T07:15:00Z,2026-07-10T09:15:00+0200,1748.919999,MW,DK1,DK_1,forecast_solar_generation,Solar,2026-07-27T04:17:26Z
2026-07-27T04:13:26Z,2026-07-27T06:13:26+0200,dabcd32d-9433-4dbd-a505-ea8cec1be0d4,2026-07-10T07:30:00Z,2026-07-10T09:30:00+0200,1870.826666,MW,DK1,DK_1,forecast_solar_generation,Solar,2026-07-27T04:17:26Z
2026-07-27T04:13:26Z,2026-07-27T06:13:26+0200,dabcd32d-9433-4dbd-a505-ea8cec1be0d4,2026-07-10T07:45:00Z,2026-07-10T09:45:00+0200,1980.205,MW,DK1,DK_1,forecast_solar_generation,Solar,2026-07-27T04:17:26Z
2026-07-27T04:13:26Z,2026-07-27T06:13:26+0200,dabcd32d-9433-4dbd-a505-ea8cec1be0d4,2026-07-10T08:00:00Z,2026-07-10T10:00:00+0200,2075.361666,MW,DK1,DK_1,forecast_solar_generation,Solar,2026-07-27T04:17:26Z
2026-07-27T04:13:26Z,2026-07-27T06:13:26+0200,dabcd32d-9433-4dbd-a505-ea8cec1be0d4,2026-07-10T08:15:00Z,2026-07-10T10:15:00+0200,2156.361666,MW,DK1,DK_1,forecast_solar_generation,Solar,2026-07-27T04:17:26Z
2026-07-27T04:13:26Z,2026-07-27T06:13:26+0200,dabcd32d-9433-4dbd-a505-ea8cec1be0d4,2026-07-10T08:30:00Z,2026-07-10T10:30:00+0200,2222.776666,MW,DK1,DK_1,forecast_solar_generation,Solar,2026-07-27T04:17:26Z
2026-07-27T04:13:26Z,2026-07-27T06:13:26+0200,dabcd32d-9433-4dbd-a505-ea8cec1be0d4,2026-07-10T08:45:00Z,2026-07-10T10:45:00+0200,2273.408333,MW,DK1,DK_1,forecast_solar_generation,Solar,2026-07-27T04:17:26Z
2026-07-27T04:13:26Z,2026-07-27T06:13:26+0200,dabcd32d-9433-4dbd-a505-ea8cec1be0d4,2026-07-10T09:00:00Z,2026-07-10T11:00:00+0200,2308.683333,MW,DK1,DK_1,forecast_solar_generation,Solar,2026-07-27T04:17:26Z
2026-07-27T04:13:26Z,2026-07-27T06:13:26+0200,dabcd32d-9433-4dbd-a505-ea8cec1be0d4,2026-07-10T09:15:00Z,2026-07-10T11:15:00+0200,2336.633333,MW,DK1,DK_1,forecast_solar_generation,Solar,2026-07-27T04:17:26Z
2026-07-27T04:13:26Z,2026-07-27T06:13:26+0200,dabcd32d-9433-4dbd-a505-ea8cec1be0d4,2026-07-10T09:30:00Z,2026-07-10T11:30:00+0200,2360.446666,MW,DK1,DK_1,forecast_solar_generation,Solar,2026-07-27T04:17:26Z
2026-07-27T04:13:26Z,2026-07-27T06:13:26+0200,dabcd32d-9433-4dbd-a505-ea8cec1be0d4,2026-07-10T09:45:00Z,2026-07-10T11:45:00+0200,2382.105,MW,DK1,DK_1,forecast_solar_generation,Solar,2026-07-27T04:17:26Z
2026-07-27T04:13:26Z,2026-07-27T06:13:26+0200,dabcd32d-9433-4dbd-a505-ea8cec1be0d4,2026-07-10T10:00:00Z,2026-07-10T12:00:00+0200,2402.52,MW,DK1,DK_1,forecast_solar_generation,Solar,2026-07-27T04:17:26Z
2026-07-27T04:13:26Z,2026-07-27T06:13:26+0200,dabcd32d-9433-4dbd-a505-ea8cec1be0d4,2026-07-10T10:15:00Z,2026-07-10T12:15:00+0200,2421.236666,MW,DK1,DK_1,forecast_solar_generation,Solar,2026-07-27T04:17:26Z
2026-07-27T04:13:26Z,2026-07-27T06:13:26+0200,dabcd32d-9433-4dbd-a505-ea8cec1be0d4,2026-07-10T10:30:00Z,2026-07-10T12:30:00+0200,2437.015,MW,DK1,DK_1,forecast_solar_generation,Solar,2026-07-27T04:17:26Z
2026-07-27T04:13:26Z,2026-07-27T06:13:26+0200,dabcd32d-9433-4dbd-a505-ea8cec1be0d4,2026-07-10T10:45:00Z,2026-07-10T12:45:00+0200,2449.011666,MW,DK1,DK_1,forecast_solar_generation,Solar,2026-07-27T04:17:26Z
2026-07-27T04:13:26Z,2026-07-27T06:13:26+0200,dabcd32d-9433-4dbd-a505-ea8cec1be0d4,2026-07-10T11:00:00Z,2026-07-10T13:00:00+0200,2456.398333,MW,DK1,DK_1,forecast_solar_generation,Solar,2026-07-27T04:17:26Z
2026-07-27T04:13:26Z,2026-07-27T06:13:26+0200,dabcd32d-9433-4dbd-a505-ea8cec1be0d4,2026-07-10T11:15:00Z,2026-07-10T13:15:00+0200,2459.483333,MW,DK1,DK_1,forecast_solar_generation,Solar,2026-07-27T04:17:26Z
2026-07-27T04:13:26Z,2026-07-27T06:13:26+0200,dabcd32d-9433-4dbd-a505-ea8cec1be0d4,2026-07-10T11:30:00Z,2026-07-10T13:30:00+0200,2458.068333,MW,DK1,DK_1,forecast_solar_generation,Solar,2026-07-27T04:17:26Z
2026-07-27T04:13:26Z,2026-07-27T06:13:26+0200,dabcd32d-9433-4dbd-a505-ea8cec1be0d4,2026-07-10T11:45:00Z,2026-07-10T13:45:00+0200,2451.97,MW,DK1,DK_1,forecast_solar_generation,Solar,2026-07-27T04:17:26Z
2026-07-27T04:13:26Z,2026-07-27T06:13:26+0200,dabcd32d-9433-4dbd-a505-ea8cec1be0d4,2026-07-10T12:00:00Z,2026-07-10T14:00:00+0200,2440.743333,MW,DK1,DK_1,forecast_solar_generation,Solar,2026-07-27T04:17:26Z
2026-07-27T04:13:26Z,2026-07-27T06:13:26+0200,dabcd32d-9433-4dbd-a505-ea8cec1be0d4,2026-07-10T12:15:00Z,2026-07-10T14:15:00+0200,2424.9,MW,DK1,DK_1,forecast_solar_generation,Solar,2026-07-27T04:17:26Z
2026-07-27T04:13:26Z,2026-07-27T06:13:26+0200,dabcd32d-9433-4dbd-a505-ea8cec1be0d4,2026-07-10T12:30:00Z,2026-07-10T14:30:00+0200,2406.025,MW,DK1,DK_1,forecast_solar_generation,Solar,2026-07-27T04:17:26Z
2026-07-27T04:13:26Z,2026-07-27T06:13:26+0200,dabcd32d-9433-4dbd-a505-ea8cec1be0d4,2026-07-10T12:45:00Z,2026-07-10T14:45:00+0200,2384.578333,MW,DK1,DK_1,forecast_solar_generation,Solar,2026-07-27T04:17:26Z
2026-07-27T04:13:26Z,2026-07-27T06:13:26+0200,dabcd32d-9433-4dbd-a505-ea8cec1be0d4,2026-07-10T13:00:00Z,2026-07-10T15:00:00+0200,2361.22,MW,DK1,DK_1,forecast_solar_generation,Solar,2026-07-27T04:17:26Z
2026-07-27T04:13:26Z,2026-07-27T06:13:26+0200,dabcd32d-9433-4dbd-a505-ea8cec1be0d4,2026-07-10T13:15:00Z,2026-07-10T15:15:00+0200,2335.608333,MW,DK1,DK_1,forecast_solar_generation,Solar,2026-07-27T04:17:26Z
2026-07-27T04:13:26Z,2026-07-27T06:13:26+0200,dabcd32d-9433-4dbd-a505-ea8cec1be0d4,2026-07-10T13:30:00Z,2026-07-10T15:30:00+0200,2306.276666,MW,DK1,DK_1,forecast_solar_generation,Solar,2026-07-27T04:17:26Z
2026-07-27T04:13:26Z,2026-07-27T06:13:26+0200,dabcd32d-9433-4dbd-a505-ea8cec1be0d4,2026-07-10T13:45:00Z,2026-07-10T15:45:00+0200,2270.965,MW,DK1,DK_1,forecast_solar_generation,Solar,2026-07-27T04:17:26Z
2026-07-27T04:13:26Z,2026-07-27T06:13:26+0200,dabcd32d-9433-4dbd-a505-ea8cec1be0d4,2026-07-10T14:00:00Z,2026-07-10T16:00:00+0200,2221.96,MW,DK1,DK_1,forecast_solar_generation,Solar,2026-07-27T04:17:26Z
2026-07-27T04:13:26Z,2026-07-27T06:13:26+0200,dabcd32d-9433-4dbd-a505-ea8cec1be0d4,2026-07-10T14:15:00Z,2026-07-10T16:15:00+0200,2159.486666,MW,DK1,DK_1,forecast_solar_generation,Solar,2026-07-27T04:17:26Z
2026-07-27T04:13:26Z,2026-07-27T06:13:26+0200,dabcd32d-9433-4dbd-a505-ea8cec1be0d4,2026-07-10T14:30:00Z,2026-07-10T16:30:00+0200,2085.408333,MW,DK1,DK_1,forecast_solar_generation,Solar,2026-07-27T04:17:26Z
2026-07-27T04:13:26Z,2026-07-27T06:13:26+0200,dabcd32d-9433-4dbd-a505-ea8cec1be0d4,2026-07-10T14:45:00Z,2026-07-10T16:45:00+0200,1997.936666,MW,DK1,DK_1,forecast_solar_generation,Solar,2026-07-27T04:17:26Z
2026-07-27T04:13:26Z,2026-07-27T06:13:26+0200,dabcd32d-9433-4dbd-a505-ea8cec1be0d4,2026-07-10T15:00:00Z,2026-07-10T17:00:00+0200,1898.151666,MW,DK1,DK_1,forecast_solar_generation,Solar,2026-07-27T04:17:26Z
2026-07-27T04:13:26Z,2026-07-27T06:13:26+0200,dabcd32d-9433-4dbd-a505-ea8cec1be0d4,2026-07-10T15:15:00Z,2026-07-10T17:15:00+0200,1786.603333,MW,DK1,DK_1,forecast_solar_generation,Solar,2026-07-27T04:17:26Z
2026-07-27T04:13:26Z,2026-07-27T06:13:26+0200,dabcd32d-9433-4dbd-a505-ea8cec1be0d4,2026-07-10T15:30:00Z,2026-07-10T17:30:00+0200,1665.013333,MW,DK1,DK_1,forecast_solar_generation,Solar,2026-07-27T04:17:26Z
2026-07-27T04:13:26Z,2026-07-27T06:13:26+0200,dabcd32d-9433-4dbd-a505-ea8cec1be0d4,2026-07-10T15:45:00Z,2026-07-10T17:45:00+0200,1539.386666,MW,DK1,DK_1,forecast_solar_generation,Solar,2026-07-27T04:17:26Z
2026-07-27T04:13:26Z,2026-07-27T06:13:26+0200,dabcd32d-9433-4dbd-a505-ea8cec1be0d4,2026-07-10T16:00:00Z,2026-07-10T18:00:00+0200,1423.76,MW,DK1,DK_1,forecast_solar_generation,Solar,2026-07-27T04:17:26Z
2026-07-27T04:13:26Z,2026-07-27T06:13:26+0200,dabcd32d-9433-4dbd-a505-ea8cec1be0d4,2026-07-10T16:15:00Z,2026-07-10T18:15:00+0200,1289.603333,MW,DK1,DK_1,forecast_solar_generation,Solar,2026-07-27T04:17:26Z
2026-07-27T04:13:26Z,2026-07-27T06:13:26+0200,dabcd32d-9433-4dbd-a505-ea8cec1be0d4,2026-07-10T16:30:00Z,2026-07-10T18:30:00+0200,1152.296666,MW,DK1,DK_1,forecast_solar_generation,Solar,2026-07-27T04:17:26Z
2026-07-27T04:13:26Z,2026-07-27T06:13:26+0200,dabcd32d-9433-4dbd-a505-ea8cec1be0d4,2026-07-10T16:45:00Z,2026-07-10T18:45:00+0200,1015.716666,MW,DK1,DK_1,forecast_solar_generation,Solar,2026-07-27T04:17:26Z
2026-07-27T04:13:26Z,2026-07-27T06:13:26+0200,dabcd32d-9433-4dbd-a505-ea8cec1be0d4,2026-07-10T17:00:00Z,2026-07-10T19:00:00+0200,881.075,MW,DK1,DK_1,forecast_solar_generation,Solar,2026-07-27T04:17:26Z
2026-07-27T04:13:26Z,2026-07-27T06:13:26+0200,dabcd32d-9433-4dbd-a505-ea8cec1be0d4,2026-07-10T17:15:00Z,2026-07-10T19:15:00+0200,749.538333,MW,DK1,DK_1,forecast_solar_generation,Solar,2026-07-27T04:17:26Z
2026-07-27T04:13:26Z,2026-07-27T06:13:26+0200,dabcd32d-9433-4dbd-a505-ea8cec1be0d4,2026-07-10T17:30:00Z,2026-07-10T19:30:00+0200,622.641666,MW,DK1,DK_1,forecast_solar_generation,Solar,2026-07-27T04:17:26Z
2026-07-27T04:13:26Z,2026-07-27T06:13:26+0200,dabcd32d-9433-4dbd-a505-ea8cec1be0d4,2026-07-10T17:45:00Z,2026-07-10T19:45:00+0200,502.535,MW,DK1,DK_1,forecast_solar_generation,Solar,2026-07-27T04:17:26Z
2026-07-27T04:13:26Z,2026-07-27T06:13:26+0200,dabcd32d-9433-4dbd-a505-ea8cec1be0d4,2026-07-10T18:00:00Z,2026-07-10T20:00:00+0200,393.256666,MW,DK1,DK_1,forecast_solar_generation,Solar,2026-07-27T04:17:26Z
2026-07-27T04:13:26Z,2026-07-27T06:13:26+0200,dabcd32d-9433-4dbd-a505-ea8cec1be0d4,2026-07-10T18:15:00Z,2026-07-10T20:15:00+0200,295.103333,MW,DK1,DK_1,forecast_solar_generation,Solar,2026-07-27T04:17:26Z
2026-07-27T04:13:26Z,2026-07-27T06:13:26+0200,dabcd32d-9433-4dbd-a505-ea8cec1be0d4,2026-07-10T18:30:00Z,2026-07-10T20:30:00+0200,209.515,MW,DK1,DK_1,forecast_solar_generation,Solar,2026-07-27T04:17:26Z
2026-07-27T04:13:26Z,2026-07-27T06:13:26+0200,dabcd32d-9433-4dbd-a505-ea8cec1be0d4,2026-07-10T18:45:00Z,2026-07-10T20:45:00+0200,137.119999,MW,DK1,DK_1,forecast_solar_generation,Solar,2026-07-27T04:17:26Z
2026-07-27T04:13:26Z,2026-07-27T06:13:26+0200,dabcd32d-9433-4dbd-a505-ea8cec1be0d4,2026-07-10T19:00:00Z,2026-07-10T21:00:00+0200,77.91,MW,DK1,DK_1,forecast_solar_generation,Solar,2026-07-27T04:17:26Z
2026-07-27T04:13:26Z,2026-07-27T06:13:26+0200,dabcd32d-9433-4dbd-a505-ea8cec1be0d4,2026-07-10T19:15:00Z,2026-07-10T21:15:00+0200,33.518333,MW,DK1,DK_1,forecast_solar_generation,Solar,2026-07-27T04:17:26Z
2026-07-27T04:13:26Z,2026-07-27T06:13:26+0200,dabcd32d-9433-4dbd-a505-ea8cec1be0d4,2026-07-10T19:30:00Z,2026-07-10T21:30:00+0200,8.566666,MW,DK1,DK_1,forecast_solar_generation,Solar,2026-07-27T04:17:26Z
2026-07-27T04:13:26Z,2026-07-27T06:13:26+0200,dabcd32d-9433-4dbd-a505-ea8cec1be0d4,2026-07-10T19:45:00Z,2026-07-10T21:45:00+0200,0.933333,MW,DK1,DK_1,forecast_solar_generation,Solar,2026-07-27T04:17:26Z
2026-07-27T04:13:26Z,2026-07-27T06:13:26+0200,dabcd32d-9433-4dbd-a505-ea8cec1be0d4,2026-07-10T20:00:00Z,2026-07-10T22:00:00+0200,0.024999,MW,DK1,DK_1,forecast_solar_generation,Solar,2026-07-27T04:17:26Z
2026-07-27T04:13:26Z,2026-07-27T06:13:26+0200,dabcd32d-9433-4dbd-a505-ea8cec1be0d4,2026-07-10T20:15:00Z,2026-07-10T22:15:00+0200,0.0,MW,DK1,DK_1,forecast_solar_generation,Solar,2026-07-27T04:17:26Z
2026-07-27T04:13:26Z,2026-07-27T06:13:26+0200,dabcd32d-9433-4dbd-a505-ea8cec1be0d4,2026-07-10T20:30:00Z,2026-07-10T22:30:00+0200,0.0,MW,DK1,DK_1,forecast_solar_generation,Solar,2026-07-27T04:17:26Z
2026-07-27T04:13:26Z,2026-07-27T06:13:26+0200,dabcd32d-9433-4dbd-a505-ea8cec1be0d4,2026-07-10T20:45:00Z,2026-07-10T22:45:00+0200,0.0,MW,DK1,DK_1,forecast_solar_generation,Solar,2026-07-27T04:17:26Z
2026-07-27T04:13:26Z,2026-07-27T06:13:26+0200,dabcd32d-9433-4dbd-a505-ea8cec1be0d4,2026-07-10T21:00:00Z,2026-07-10T23:00:00+0200,0.0,MW,DK1,DK_1,forecast_solar_generation,Solar,2026-07-27T04:17:26Z
2026-07-27T04:13:26Z,2026-07-27T06:13:26+0200,dabcd32d-9433-4dbd-a505-ea8cec1be0d4,2026-07-10T21:15:00Z,2026-07-10T23:15:00+0200,0.0,MW,DK1,DK_1,forecast_solar_generation,Solar,2026-07-27T04:17:26Z
2026-07-27T04:13:26Z,2026-07-27T06:13:26+0200,dabcd32d-9433-4dbd-a505-ea8cec1be0d4,2026-07-10T21:30:00Z,2026-07-10T23:30:00+0200,0.0,MW,DK1,DK_1,forecast_solar_generation,Solar,2026-07-27T04:17:26Z
2026-07-27T04:13:26Z,2026-07-27T06:13:26+0200,dabcd32d-9433-4dbd-a505-ea8cec1be0d4,2026-07-10T21:45:00Z,2026-07-10T23:45:00+0200,0.0,MW,DK1,DK_1,forecast_solar_generation,Solar,2026-07-27T04:17:26Z
2026-07-27T04:13:26Z,2026-07-27T06:13:26+0200,dabcd32d-9433-4dbd-a505-ea8cec1be0d4,2026-07-10T22:00:00Z,2026-07-11T00:00:00+0200,0.0,MW,DK1,DK_1,forecast_solar_generation,Solar,2026-07-27T04:17:26Z
2026-07-27T04:13:26Z,2026-07-27T06:13:26+0200,dabcd32d-9433-4dbd-a505-ea8cec1be0d4,2026-07-10T22:15:00Z,2026-07-11T00:15:00+0200,0.0,MW,DK1,DK_1,forecast_solar_generation,Solar,2026-07-27T04:17:26Z
2026-07-27T04:13:26Z,2026-07-27T06:13:26+0200,dabcd32d-9433-4dbd-a505-ea8cec1be0d4,2026-07-10T22:30:00Z,2026-07-11T00:30:00+0200,0.0,MW,DK1,DK_1,forecast_solar_generation,Solar,2026-07-27T04:17:26Z
2026-07-27T04:13:26Z,2026-07-27T06:13:26+0200,dabcd32d-9433-4dbd-a505-ea8cec1be0d4,2026-07-10T22:45:00Z,2026-07-11T00:45:00+0200,0.0,MW,DK1,DK_1,forecast_solar_generation,Solar,2026-07-27T04:17:26Z
2026-07-27T04:13:26Z,2026-07-27T06:13:26+0200,dabcd32d-9433-4dbd-a505-ea8cec1be0d4,2026-07-10T23:00:00Z,2026-07-11T01:00:00+0200,0.0,MW,DK1,DK_1,forecast_solar_generation,Solar,2026-07-27T04:17:26Z
2026-07-27T04:13:26Z,2026-07-27T06:13:26+0200,dabcd32d-9433-4dbd-a505-ea8cec1be0d4,2026-07-10T23:15:00Z,2026-07-11T01:15:00+0200,0.0,MW,DK1,DK_1,forecast_solar_generation,Solar,2026-07-27T04:17:26Z
2026-07-27T04:13:26Z,2026-07-27T06:13:26+0200,dabcd32d-9433-4dbd-a505-ea8cec1be0d4,2026-07-10T23:30:00Z,2026-07-11T01:30:00+0200,0.0,MW,DK1,DK_1,forecast_solar_generation,Solar,2026-07-27T04:17:26Z
2026-07-27T04:13:26Z,2026-07-27T06:13:26+0200,dabcd32d-9433-4dbd-a505-ea8cec1be0d4,2026-07-10T23:45:00Z,2026-07-11T01:45:00+0200,0.0,MW,DK1,DK_1,forecast_solar_generation,Solar,2026-07-27T04:17:26Z
2026-07-27T04:13:26Z,2026-07-27T06:13:26+0200,dabcd32d-9433-4dbd-a505-ea8cec1be0d4,2026-07-11T00:00:00Z,2026-07-11T02:00:00+0200,0.0,MW,DK1,DK_1,forecast_solar_generation,Solar,2026-07-27T04:17:26Z
2026-07-27T04:13:26Z,2026-07-27T06:13:26+0200,dabcd32d-9433-4dbd-a505-ea8cec1be0d4,2026-07-11T00:15:00Z,2026-07-11T02:15:00+0200,0.0,MW,DK1,DK_1,forecast_solar_generation,Solar,2026-07-27T04:17:26Z
2026-07-27T04:13:26Z,2026-07-27T06:13:26+0200,dabcd32d-9433-4dbd-a505-ea8cec1be0d4,2026-07-11T00:30:00Z,2026-07-11T02:30:00+0200,0.0,MW,DK1,DK_1,forecast_solar_generation,Solar,2026-07-27T04:17:26Z
2026-07-27T04:13:26Z,2026-07-27T06:13:26+0200,dabcd32d-9433-4dbd-a505-ea8cec1be0d4,2026-07-11T00:45:00Z,2026-07-11T02:45:00+0200,0.0,MW,DK1,DK_1,forecast_solar_generation,Solar,2026-07-27T04:17:26Z
2026-07-27T04:13:26Z,2026-07-27T06:13:26+0200,dabcd32d-9433-4dbd-a505-ea8cec1be0d4,2026-07-11T01:00:00Z,2026-07-11T03:00:00+0200,0.0,MW,DK1,DK_1,forecast_solar_generation,Solar,2026-07-27T04:17:26Z
2026-07-27T04:13:26Z,2026-07-27T06:13:26+0200,dabcd32d-9433-4dbd-a505-ea8cec1be0d4,2026-07-11T01:15:00Z,2026-07-11T03:15:00+0200,0.0,MW,DK1,DK_1,forecast_solar_generation,Solar,2026-07-27T04:17:26Z
2026-07-27T04:13:26Z,2026-07-27T06:13:26+0200,dabcd32d-9433-4dbd-a505-ea8cec1be0d4,2026-07-11T01:30:00Z,2026-07-11T03:30:00+0200,0.0,MW,DK1,DK_1,forecast_solar_generation,Solar,2026-07-27T04:17:26Z
2026-07-27T04:13:26Z,2026-07-27T06:13:26+0200,dabcd32d-9433-4dbd-a505-ea8cec1be0d4,2026-07-11T01:45:00Z,2026-07-11T03:45:00+0200,0.0,MW,DK1,DK_1,forecast_solar_generation,Solar,2026-07-27T04:17:26Z
2026-07-27T04:13:26Z,2026-07-27T06:13:26+0200,dabcd32d-9433-4dbd-a505-ea8cec1be0d4,2026-07-11T02:00:00Z,2026-07-11T04:00:00+0200,0.0,MW,DK1,DK_1,forecast_solar_generation,Solar,2026-07-27T04:17:26Z
2026-07-27T04:13:26Z,2026-07-27T06:13:26+0200,dabcd32d-9433-4dbd-a505-ea8cec1be0d4,2026-07-11T02:15:00Z,2026-07-11T04:15:00+0200,0.0,MW,DK1,DK_1,forecast_solar_generation,Solar,2026-07-27T04:17:26Z
2026-07-27T04:13:26Z,2026-07-27T06:13:26+0200,dabcd32d-9433-4dbd-a505-ea8cec1be0d4,2026-07-11T02:30:00Z,2026-07-11T04:30:00+0200,0.001666,MW,DK1,DK_1,forecast_solar_generation,Solar,2026-07-27T04:17:26Z
2026-07-27T04:13:26Z,2026-07-27T06:13:26+0200,dabcd32d-9433-4dbd-a505-ea8cec1be0d4,2026-07-11T02:45:00Z,2026-07-11T04:45:00+0200,0.111666,MW,DK1,DK_1,forecast_solar_generation,Solar,2026-07-27T04:17:26Z
2026-07-27T04:13:26Z,2026-07-27T06:13:26+0200,dabcd32d-9433-4dbd-a505-ea8cec1be0d4,2026-07-11T03:00:00Z,2026-07-11T05:00:00+0200,1.916666,MW,DK1,DK_1,forecast_solar_generation,Solar,2026-07-27T04:17:26Z
2026-07-27T04:13:26Z,2026-07-27T06:13:26+0200,dabcd32d-9433-4dbd-a505-ea8cec1be0d4,2026-07-11T03:15:00Z,2026-07-11T05:15:00+0200,13.258333,MW,DK1,DK_1,forecast_solar_generation,Solar,2026-07-27T04:17:26Z
2026-07-27T04:13:26Z,2026-07-27T06:13:26+0200,dabcd32d-9433-4dbd-a505-ea8cec1be0d4,2026-07-11T03:30:00Z,2026-07-11T05:30:00+0200,42.883333,MW,DK1,DK_1,forecast_solar_generation,Solar,2026-07-27T04:17:26Z
2026-07-27T04:13:26Z,2026-07-27T06:13:26+0200,dabcd32d-9433-4dbd-a505-ea8cec1be0d4,2026-07-11T03:45:00Z,2026-07-11T05:45:00+0200,89.798333,MW,DK1,DK_1,forecast_solar_generation,Solar,2026-07-27T04:17:26Z
2026-07-27T04:13:26Z,2026-07-27T06:13:26+0200,dabcd32d-9433-4dbd-a505-ea8cec1be0d4,2026-07-11T04:00:00Z,2026-07-11T06:00:00+0200,149.901666,MW,DK1,DK_1,forecast_solar_generation,Solar,2026-07-27T04:17:26Z
2026-07-27T04:13:26Z,2026-07-27T06:13:26+0200,dabcd32d-9433-4dbd-a505-ea8cec1be0d4,2026-07-11T04:15:00Z,2026-07-11T06:15:00+0200,222.385,MW,DK1,DK_1,forecast_solar_generation,Solar,2026-07-27T04:17:26Z
2026-07-27T04:13:26Z,2026-07-27T06:13:26+0200,dabcd32d-9433-4dbd-a505-ea8cec1be0d4,2026-07-11T04:30:00Z,2026-07-11T06:30:00+0200,307.91,MW,DK1,DK_1,forecast_solar_generation,Solar,2026-07-27T04:17:26Z
2026-07-27T04:13:26Z,2026-07-27T06:13:26+0200,dabcd32d-9433-4dbd-a505-ea8cec1be0d4,2026-07-11T04:45:00Z,2026-07-11T06:45:00+0200,406.49,MW,DK1,DK_1,forecast_solar_generation,Solar,2026-07-27T04:17:26Z
2026-07-27T04:13:26Z,2026-07-27T06:13:26+0200,dabcd32d-9433-4dbd-a505-ea8cec1be0d4,2026-07-11T05:00:00Z,2026-07-11T07:00:00+0200,518.441666,MW,DK1,DK_1,forecast_solar_generation,Solar,2026-07-27T04:17:26Z
2026-07-27T04:13:26Z,2026-07-27T06:13:26+0200,dabcd32d-9433-4dbd-a505-ea8cec1be0d4,2026-07-11T05:15:00Z,2026-07-11T07:15:00+0200,640.123333,MW,DK1,DK_1,forecast_solar_generation,Solar,2026-07-27T04:17:26Z
2026-07-27T04:13:26Z,2026-07-27T06:13:26+0200,dabcd32d-9433-4dbd-a505-ea8cec1be0d4,2026-07-11T05:30:00Z,2026-07-11T07:30:00+0200,769.344999,MW,DK1,DK_1,forecast_solar_generation,Solar,2026-07-27T04:17:26Z
2026-07-27T04:13:26Z,2026-07-27T06:13:26+0200,dabcd32d-9433-4dbd-a505-ea8cec1be0d4,2026-07-11T05:45:00Z,2026-07-11T07:45:00+0200,905.719999,MW,DK1,DK_1,forecast_solar_generation,Solar,2026-07-27T04:17:26Z
2026-07-27T04:13:26Z,2026-07-27T06:13:26+0200,dabcd32d-9433-4dbd-a505-ea8cec1be0d4,2026-07-11T06:00:00Z,2026-07-11T08:00:00+0200,1047.018333,MW,DK1,DK_1,forecast_solar_generation,Solar,2026-07-27T04:17:26Z
2026-07-27T04:13:26Z,2026-07-27T06:13:26+0200,dabcd32d-9433-4dbd-a505-ea8cec1be0d4,2026-07-11T06:15:00Z,2026-07-11T08:15:00+0200,1189.636666,MW,DK1,DK_1,forecast_solar_generation,Solar,2026-07-27T04:17:26Z
2026-07-27T04:13:26Z,2026-07-27T06:13:26+0200,dabcd32d-9433-4dbd-a505-ea8cec1be0d4,2026-07-11T06:30:00Z,2026-07-11T08:30:00+0200,1330.18,MW,DK1,DK_1,forecast_solar_generation,Solar,2026-07-27T04:17:26Z
2026-07-27T04:13:26Z,2026-07-27T06:13:26+0200,dabcd32d-9433-4dbd-a505-ea8cec1be0d4,2026-07-11T06:45:00Z,2026-07-11T08:45:00+0200,1468.416666,MW,DK1,DK_1,forecast_solar_generation,Solar,2026-07-27T04:17:26Z
2026-07-27T04:13:26Z,2026-07-27T06:13:26+0200,dabcd32d-9433-4dbd-a505-ea8cec1be0d4,2026-07-11T07:00:00Z,2026-07-11T09:00:00+0200,1603.45,MW,DK1,DK_1,forecast_solar_generation,Solar,2026-07-27T04:17:26Z
2026-07-27T04:13:26Z,2026-07-27T06:13:26+0200,dabcd32d-9433-4dbd-a505-ea8cec1be0d4,2026-07-11T07:15:00Z,2026-07-11T09:15:00+0200,1733.888333,MW,DK1,DK_1,forecast_solar_generation,Solar,2026-07-27T04:17:26Z
2026-07-27T04:13:26Z,2026-07-27T06:13:26+0200,dabcd32d-9433-4dbd-a505-ea8cec1be0d4,2026-07-11T07:30:00Z,2026-07-11T09:30:00+0200,1857.034999,MW,DK1,DK_1,forecast_solar_generation,Solar,2026-07-27T04:17:26Z
2026-07-27T04:13:26Z,2026-07-27T06:13:26+0200,dabcd32d-9433-4dbd-a505-ea8cec1be0d4,2026-07-11T07:45:00Z,2026-07-11T09:45:00+0200,1969.814999,MW,DK1,DK_1,forecast_solar_generation,Solar,2026-07-27T04:17:26Z
2026-07-27T04:13:26Z,2026-07-27T06:13:26+0200,dabcd32d-9433-4dbd-a505-ea8cec1be0d4,2026-07-11T08:00:00Z,2026-07-11T10:00:00+0200,2069.325,MW,DK1,DK_1,forecast_solar_generation,Solar,2026-07-27T04:17:26Z
2026-07-27T04:13:26Z,2026-07-27T06:13:26+0200,dabcd32d-9433-4dbd-a505-ea8cec1be0d4,2026-07-11T08:15:00Z,2026-07-11T10:15:00+0200,2139.856666,MW,DK1,DK_1,forecast_solar_generation,Solar,2026-07-27T04:17:26Z
2026-07-27T04:13:26Z,2026-07-27T06:13:26+0200,dabcd32d-9433-4dbd-a505-ea8cec1be0d4,2026-07-11T08:30:00Z,2026-07-11T10:30:00+0200,2136.131666,MW,DK1,DK_1,forecast_solar_generation,Solar,2026-07-27T04:17:26Z
2026-07-27T04:13:26Z,2026-07-27T06:13:26+0200,dabcd32d-9433-4dbd-a505-ea8cec1be0d4,2026-07-11T08:45:00Z,2026-07-11T10:45:00+0200,2193.986666,MW,DK1,DK_1,forecast_solar_generation,Solar,2026-07-27T04:17:26Z
2026-07-27T04:13:26Z,2026-07-27T06:13:26+0200,dabcd32d-9433-4dbd-a505-ea8cec1be0d4,2026-07-11T09:00:00Z,2026-07-11T11:00:00+0200,2316.898333,MW,DK1,DK_1,forecast_solar_generation,Solar,2026-07-27T04:17:26Z
2026-07-27T04:13:26Z,2026-07-27T06:13:26+0200,dabcd32d-9433-4dbd-a505-ea8cec1be0d4,2026-07-11T09:15:00Z,2026-07-11T11:15:00+0200,2342.586666,MW,DK1,DK_1,forecast_solar_generation,Solar,2026-07-27T04:17:26Z
2026-07-27T04:13:26Z,2026-07-27T06:13:26+0200,dabcd32d-9433-4dbd-a505-ea8cec1be0d4,2026-07-11T09:30:00Z,2026-07-11T11:30:00+0200,2330.941666,MW,DK1,DK_1,forecast_solar_generation,Solar,2026-07-27T04:17:26Z
2026-07-27T04:13:26Z,2026-07-27T06:13:26+0200,dabcd32d-9433-4dbd-a505-ea8cec1be0d4,2026-07-11T09:45:00Z,2026-07-11T11:45:00+0200,2320.006666,MW,DK1,DK_1,forecast_solar_generation,Solar,2026-07-27T04:17:26Z
2026-07-27T04:13:26Z,2026-07-27T06:13:26+0200,dabcd32d-9433-4dbd-a505-ea8cec1be0d4,2026-07-11T10:00:00Z,2026-07-11T12:00:00+0200,2403.11,MW,DK1,DK_1,forecast_solar_generation,Solar,2026-07-27T04:17:26Z
2026-07-27T04:13:26Z,2026-07-27T06:13:26+0200,dabcd32d-9433-4dbd-a505-ea8cec1be0d4,2026-07-11T10:15:00Z,2026-07-11T12:15:00+0200,2399.205,MW,DK1,DK_1,forecast_solar_generation,Solar,2026-07-27T04:17:26Z
2026-07-27T04:13:26Z,2026-07-27T06:13:26+0200,dabcd32d-9433-4dbd-a505-ea8cec1be0d4,2026-07-11T10:30:00Z,2026-07-11T12:30:00+0200,2350.286666,MW,DK1,DK_1,forecast_solar_generation,Solar,2026-07-27T04:17:26Z
2026-07-27T04:13:26Z,2026-07-27T06:13:26+0200,dabcd32d-9433-4dbd-a505-ea8cec1be0d4,2026-07-11T10:45:00Z,2026-07-11T12:45:00+0200,2354.035,MW,DK1,DK_1,forecast_solar_generation,Solar,2026-07-27T04:17:26Z
2026-07-27T04:13:26Z,2026-07-27T06:13:26+0200,dabcd32d-9433-4dbd-a505-ea8cec1be0d4,2026-07-11T11:00:00Z,2026-07-11T13:00:00+0200,2346.783333,MW,DK1,DK_1,forecast_solar_generation,Solar,2026-07-27T04:17:26Z
2026-07-27T04:13:26Z,2026-07-27T06:13:26+0200,dabcd32d-9433-4dbd-a505-ea8cec1be0d4,2026-07-11T11:15:00Z,2026-07-11T13:15:00+0200,2338.868333,MW,DK1,DK_1,forecast_solar_generation,Solar,2026-07-27T04:17:26Z
2026-07-27T04:13:26Z,2026-07-27T06:13:26+0200,dabcd32d-9433-4dbd-a505-ea8cec1be0d4,2026-07-11T11:30:00Z,2026-07-11T13:30:00+0200,2334.273333,MW,DK1,DK_1,forecast_solar_generation,Solar,2026-07-27T04:17:26Z
2026-07-27T04:13:26Z,2026-07-27T06:13:26+0200,dabcd32d-9433-4dbd-a505-ea8cec1be0d4,2026-07-11T11:45:00Z,2026-07-11T13:45:00+0200,2324.856666,MW,DK1,DK_1,forecast_solar_generation,Solar,2026-07-27T04:17:26Z
2026-07-27T04:13:26Z,2026-07-27T06:13:26+0200,dabcd32d-9433-4dbd-a505-ea8cec1be0d4,2026-07-11T12:00:00Z,2026-07-11T14:00:00+0200,2329.296666,MW,DK1,DK_1,forecast_solar_generation,Solar,2026-07-27T04:17:26Z
2026-07-27T04:13:26Z,2026-07-27T06:13:26+0200,dabcd32d-9433-4dbd-a505-ea8cec1be0d4,2026-07-11T12:15:00Z,2026-07-11T14:15:00+0200,2306.735,MW,DK1,DK_1,forecast_solar_generation,Solar,2026-07-27T04:17:26Z
2026-07-27T04:13:26Z,2026-07-27T06:13:26+0200,dabcd32d-9433-4dbd-a505-ea8cec1be0d4,2026-07-11T12:30:00Z,2026-07-11T14:30:00+0200,2289.451666,MW,DK1,DK_1,forecast_solar_generation,Solar,2026-07-27T04:17:26Z
2026-07-27T04:13:26Z,2026-07-27T06:13:26+0200,dabcd32d-9433-4dbd-a505-ea8cec1be0d4,2026-07-11T12:45:00Z,2026-07-11T14:45:00+0200,2268.618333,MW,DK1,DK_1,forecast_solar_generation,Solar,2026-07-27T04:17:26Z
2026-07-27T04:13:26Z,2026-07-27T06:13:26+0200,dabcd32d-9433-4dbd-a505-ea8cec1be0d4,2026-07-11T13:00:00Z,2026-07-11T15:00:00+0200,2244.431666,MW,DK1,DK_1,forecast_solar_generation,Solar,2026-07-27T04:17:26Z
2026-07-27T04:13:26Z,2026-07-27T06:13:26+0200,dabcd32d-9433-4dbd-a505-ea8cec1be0d4,2026-07-11T13:15:00Z,2026-07-11T15:15:00+0200,2215.838333,MW,DK1,DK_1,forecast_solar_generation,Solar,2026-07-27T04:17:26Z
2026-07-27T04:13:26Z,2026-07-27T06:13:26+0200,dabcd32d-9433-4dbd-a505-ea8cec1be0d4,2026-07-11T13:30:00Z,2026-07-11T15:30:00+0200,2184.85,MW,DK1,DK_1,forecast_solar_generation,Solar,2026-07-27T04:17:26Z
2026-07-27T04:13:26Z,2026-07-27T06:13:26+0200,dabcd32d-9433-4dbd-a505-ea8cec1be0d4,2026-07-11T13:45:00Z,2026-07-11T15:45:00+0200,2149.058333,MW,DK1,DK_1,forecast_solar_generation,Solar,2026-07-27T04:17:26Z
2026-07-27T04:13:26Z,2026-07-27T06:13:26+0200,dabcd32d-9433-4dbd-a505-ea8cec1be0d4,2026-07-11T14:00:00Z,2026-07-11T16:00:00+0200,2061.131666,MW,DK1,DK_1,forecast_solar_generation,Solar,2026-07-27T04:17:26Z
2026-07-27T04:13:26Z,2026-07-27T06:13:26+0200,dabcd32d-9433-4dbd-a505-ea8cec1be0d4,2026-07-11T14:15:00Z,2026-07-11T16:15:00+0200,2016.418333,MW,DK1,DK_1,forecast_solar_generation,Solar,2026-07-27T04:17:26Z
2026-07-27T04:13:26Z,2026-07-27T06:13:26+0200,dabcd32d-9433-4dbd-a505-ea8cec1be0d4,2026-07-11T14:30:00Z,2026-07-11T16:30:00+0200,1957.511666,MW,DK1,DK_1,forecast_solar_generation,Solar,2026-07-27T04:17:26Z
2026-07-27T04:13:26Z,2026-07-27T06:13:26+0200,dabcd32d-9433-4dbd-a505-ea8cec1be0d4,2026-07-11T14:45:00Z,2026-07-11T16:45:00+0200,1923.208333,MW,DK1,DK_1,forecast_solar_generation,Solar,2026-07-27T04:17:26Z
2026-07-27T04:13:26Z,2026-07-27T06:13:26+0200,dabcd32d-9433-4dbd-a505-ea8cec1be0d4,2026-07-11T15:00:00Z,2026-07-11T17:00:00+0200,1808.246666,MW,DK1,DK_1,forecast_solar_generation,Solar,2026-07-27T04:17:26Z
2026-07-27T04:13:26Z,2026-07-27T06:13:26+0200,dabcd32d-9433-4dbd-a505-ea8cec1be0d4,2026-07-11T15:15:00Z,2026-07-11T17:15:00+0200,1685.713333,MW,DK1,DK_1,forecast_solar_generation,Solar,2026-07-27T04:17:26Z
2026-07-27T04:13:26Z,2026-07-27T06:13:26+0200,dabcd32d-9433-4dbd-a505-ea8cec1be0d4,2026-07-11T15:30:00Z,2026-07-11T17:30:00+0200,1558.988333,MW,DK1,DK_1,forecast_solar_generation,Solar,2026-07-27T04:17:26Z
2026-07-27T04:13:26Z,2026-07-27T06:13:26+0200,dabcd32d-9433-4dbd-a505-ea8cec1be0d4,2026-07-11T15:45:00Z,2026-07-11T17:45:00+0200,1429.408333,MW,DK1,DK_1,forecast_solar_generation,Solar,2026-07-27T04:17:26Z
2026-07-27T04:13:26Z,2026-07-27T06:13:26+0200,dabcd32d-9433-4dbd-a505-ea8cec1be0d4,2026-07-11T16:00:00Z,2026-07-11T18:00:00+0200,1310.931666,MW,DK1,DK_1,forecast_solar_generation,Solar,2026-07-27T04:17:26Z
2026-07-27T04:13:26Z,2026-07-27T06:13:26+0200,dabcd32d-9433-4dbd-a505-ea8cec1be0d4,2026-07-11T16:15:00Z,2026-07-11T18:15:00+0200,1178.37,MW,DK1,DK_1,forecast_solar_generation,Solar,2026-07-27T04:17:26Z
2026-07-27T04:13:26Z,2026-07-27T06:13:26+0200,dabcd32d-9433-4dbd-a505-ea8cec1be0d4,2026-07-11T16:30:00Z,2026-07-11T18:30:00+0200,1046.77,MW,DK1,DK_1,forecast_solar_generation,Solar,2026-07-27T04:17:26Z
2026-07-27T04:13:26Z,2026-07-27T06:13:26+0200,dabcd32d-9433-4dbd-a505-ea8cec1be0d4,2026-07-11T16:45:00Z,2026-07-11T18:45:00+0200,916.61,MW,DK1,DK_1,forecast_solar_generation,Solar,2026-07-27T04:17:26Z
2026-07-27T04:13:26Z,2026-07-27T06:13:26+0200,dabcd32d-9433-4dbd-a505-ea8cec1be0d4,2026-07-11T17:00:00Z,2026-07-11T19:00:00+0200,790.103333,MW,DK1,DK_1,forecast_solar_generation,Solar,2026-07-27T04:17:26Z
2026-07-27T04:13:26Z,2026-07-27T06:13:26+0200,dabcd32d-9433-4dbd-a505-ea8cec1be0d4,2026-07-11T17:15:00Z,2026-07-11T19:15:00+0200,669.77,MW,DK1,DK_1,forecast_solar_generation,Solar,2026-07-27T04:17:26Z
2026-07-27T04:13:26Z,2026-07-27T06:13:26+0200,dabcd32d-9433-4dbd-a505-ea8cec1be0d4,2026-07-11T17:30:00Z,2026-07-11T19:30:00+0200,557.236666,MW,DK1,DK_1,forecast_solar_generation,Solar,2026-07-27T04:17:26Z
2026-07-27T04:13:26Z,2026-07-27T06:13:26+0200,dabcd32d-9433-4dbd-a505-ea8cec1be0d4,2026-07-11T17:45:00Z,2026-07-11T19:45:00+0200,453.111666,MW,DK1,DK_1,forecast_solar_generation,Solar,2026-07-27T04:17:26Z
2026-07-27T04:13:26Z,2026-07-27T06:13:26+0200,dabcd32d-9433-4dbd-a505-ea8cec1be0d4,2026-07-11T18:00:00Z,2026-07-11T20:00:00+0200,358.216666,MW,DK1,DK_1,forecast_solar_generation,Solar,2026-07-27T04:17:26Z
2026-07-27T04:13:26Z,2026-07-27T06:13:26+0200,dabcd32d-9433-4dbd-a505-ea8cec1be0d4,2026-07-11T18:15:00Z,2026-07-11T20:15:00+0200,271.171666,MW,DK1,DK_1,forecast_solar_generation,Solar,2026-07-27T04:17:26Z
2026-07-27T04:13:26Z,2026-07-27T06:13:26+0200,dabcd32d-9433-4dbd-a505-ea8cec1be0d4,2026-07-11T18:30:00Z,2026-07-11T20:30:00+0200,193.65,MW,DK1,DK_1,forecast_solar_generation,Solar,2026-07-27T04:17:26Z
2026-07-27T04:13:26Z,2026-07-27T06:13:26+0200,dabcd32d-9433-4dbd-a505-ea8cec1be0d4,2026-07-11T18:45:00Z,2026-07-11T20:45:00+0200,127.75,MW,DK1,DK_1,forecast_solar_generation,Solar,2026-07-27T04:17:26Z
2026-07-27T04:13:26Z,2026-07-27T06:13:26+0200,dabcd32d-9433-4dbd-a505-ea8cec1be0d4,2026-07-11T19:00:00Z,2026-07-11T21:00:00+0200,72.855,MW,DK1,DK_1,forecast_solar_generation,Solar,2026-07-27T04:17:26Z
2026-07-27T04:13:26Z,2026-07-27T06:13:26+0200,dabcd32d-9433-4dbd-a505-ea8cec1be0d4,2026-07-11T19:15:00Z,2026-07-11T21:15:00+0200,30.866666,MW,DK1,DK_1,forecast_solar_generation,Solar,2026-07-27T04:17:26Z
2026-07-27T04:13:26Z,2026-07-27T06:13:26+0200,dabcd32d-9433-4dbd-a505-ea8cec1be0d4,2026-07-11T19:30:00Z,2026-07-11T21:30:00+0200,7.611666,MW,DK1,DK_1,forecast_solar_generation,Solar,2026-07-27T04:17:26Z
2026-07-27T04:13:26Z,2026-07-27T06:13:26+0200,dabcd32d-9433-4dbd-a505-ea8cec1be0d4,2026-07-11T19:45:00Z,2026-07-11T21:45:00+0200,0.781666,MW,DK1,DK_1,forecast_solar_generation,Solar,2026-07-27T04:17:26Z
2026-07-27T04:13:26Z,2026-07-27T06:13:26+0200,dabcd32d-9433-4dbd-a505-ea8cec1be0d4,2026-07-11T20:00:00Z,2026-07-11T22:00:00+0200,0.018333,MW,DK1,DK_1,forecast_solar_generation,Solar,2026-07-27T04:17:26Z
2026-07-27T04:13:26Z,2026-07-27T06:13:26+0200,dabcd32d-9433-4dbd-a505-ea8cec1be0d4,2026-07-11T20:15:00Z,2026-07-11T22:15:00+0200,0.0,MW,DK1,DK_1,forecast_solar_generation,Solar,2026-07-27T04:17:26Z
2026-07-27T04:13:26Z,2026-07-27T06:13:26+0200,dabcd32d-9433-4dbd-a505-ea8cec1be0d4,2026-07-11T20:30:00Z,2026-07-11T22:30:00+0200,0.0,MW,DK1,DK_1,forecast_solar_generation,Solar,2026-07-27T04:17:26Z
2026-07-27T04:13:26Z,2026-07-27T06:13:26+0200,dabcd32d-9433-4dbd-a505-ea8cec1be0d4,2026-07-11T20:45:00Z,2026-07-11T22:45:00+0200,0.0,MW,DK1,DK_1,forecast_solar_generation,Solar,2026-07-27T04:17:26Z
2026-07-27T04:13:26Z,2026-07-27T06:13:26+0200,dabcd32d-9433-4dbd-a505-ea8cec1be0d4,2026-07-11T21:00:00Z,2026-07-11T23:00:00+0200,0.0,MW,DK1,DK_1,forecast_solar_generation,Solar,2026-07-27T04:17:26Z
2026-07-27T04:13:26Z,2026-07-27T06:13:26+0200,dabcd32d-9433-4dbd-a505-ea8cec1be0d4,2026-07-11T21:15:00Z,2026-07-11T23:15:00+0200,0.0,MW,DK1,DK_1,forecast_solar_generation,Solar,2026-07-27T04:17:26Z
2026-07-27T04:13:26Z,2026-07-27T06:13:26+0200,dabcd32d-9433-4dbd-a505-ea8cec1be0d4,2026-07-11T21:30:00Z,2026-07-11T23:30:00+0200,0.0,MW,DK1,DK_1,forecast_solar_generation,Solar,2026-07-27T04:17:26Z
2026-07-27T04:13:26Z,2026-07-27T06:13:26+0200,dabcd32d-9433-4dbd-a505-ea8cec1be0d4,2026-07-11T21:45:00Z,2026-07-11T23:45:00+0200,0.0,MW,DK1,DK_1,forecast_solar_generation,Solar,2026-07-27T04:17:26Z
2026-07-27T04:13:26Z,2026-07-27T06:13:26+0200,dabcd32d-9433-4dbd-a505-ea8cec1be0d4,2026-07-11T22:00:00Z,2026-07-12T00:00:00+0200,0.0,MW,DK1,DK_1,forecast_solar_generation,Solar,2026-07-27T04:17:26Z
2026-07-27T04:13:26Z,2026-07-27T06:13:26+0200,dabcd32d-9433-4dbd-a505-ea8cec1be0d4,2026-07-11T22:15:00Z,2026-07-12T00:15:00+0200,0.0,MW,DK1,DK_1,forecast_solar_generation,Solar,2026-07-27T04:17:26Z
2026-07-27T04:13:26Z,2026-07-27T06:13:26+0200,dabcd32d-9433-4dbd-a505-ea8cec1be0d4,2026-07-11T22:30:00Z,2026-07-12T00:30:00+0200,0.0,MW,DK1,DK_1,forecast_solar_generation,Solar,2026-07-27T04:17:26Z
2026-07-27T04:13:26Z,2026-07-27T06:13:26+0200,dabcd32d-9433-4dbd-a505-ea8cec1be0d4,2026-07-11T22:45:00Z,2026-07-12T00:45:00+0200,0.0,MW,DK1,DK_1,forecast_solar_generation,Solar,2026-07-27T04:17:26Z
2026-07-27T04:13:26Z,2026-07-27T06:13:26+0200,dabcd32d-9433-4dbd-a505-ea8cec1be0d4,2026-07-11T23:00:00Z,2026-07-12T01:00:00+0200,0.0,MW,DK1,DK_1,forecast_solar_generation,Solar,2026-07-27T04:17:26Z
2026-07-27T04:13:26Z,2026-07-27T06:13:26+0200,dabcd32d-9433-4dbd-a505-ea8cec1be0d4,2026-07-11T23:15:00Z,2026-07-12T01:15:00+0200,0.0,MW,DK1,DK_1,forecast_solar_generation,Solar,2026-07-27T04:17:26Z
2026-07-27T04:13:26Z,2026-07-27T06:13:26+0200,dabcd32d-9433-4dbd-a505-ea8cec1be0d4,2026-07-11T23:30:00Z,2026-07-12T01:30:00+0200,0.0,MW,DK1,DK_1,forecast_solar_generation,Solar,2026-07-27T04:17:26Z
2026-07-27T04:13:26Z,2026-07-27T06:13:26+0200,dabcd32d-9433-4dbd-a505-ea8cec1be0d4,2026-07-11T23:45:00Z,2026-07-12T01:45:00+0200,0.0,MW,DK1,DK_1,forecast_solar_generation,Solar,2026-07-27T04:17:26Z
2026-07-27T04:13:26Z,2026-07-27T06:13:26+0200,dabcd32d-9433-4dbd-a505-ea8cec1be0d4,2026-07-12T00:00:00Z,2026-07-12T02:00:00+0200,0.0,MW,DK1,DK_1,forecast_solar_generation,Solar,2026-07-27T04:17:26Z
2026-07-27T04:13:26Z,2026-07-27T06:13:26+0200,dabcd32d-9433-4dbd-a505-ea8cec1be0d4,2026-07-12T00:15:00Z,2026-07-12T02:15:00+0200,0.0,MW,DK1,DK_1,forecast_solar_generation,Solar,2026-07-27T04:17:26Z
2026-07-27T04:13:26Z,2026-07-27T06:13:26+0200,dabcd32d-9433-4dbd-a505-ea8cec1be0d4,2026-07-12T00:30:00Z,2026-07-12T02:30:00+0200,0.0,MW,DK1,DK_1,forecast_solar_generation,Solar,2026-07-27T04:17:26Z
2026-07-27T04:13:26Z,2026-07-27T06:13:26+0200,dabcd32d-9433-4dbd-a505-ea8cec1be0d4,2026-07-12T00:45:00Z,2026-07-12T02:45:00+0200,0.0,MW,DK1,DK_1,forecast_solar_generation,Solar,2026-07-27T04:17:26Z
2026-07-27T04:13:26Z,2026-07-27T06:13:26+0200,dabcd32d-9433-4dbd-a505-ea8cec1be0d4,2026-07-12T01:00:00Z,2026-07-12T03:00:00+0200,0.0,MW,DK1,DK_1,forecast_solar_generation,Solar,2026-07-27T04:17:26Z
2026-07-27T04:13:26Z,2026-07-27T06:13:26+0200,dabcd32d-9433-4dbd-a505-ea8cec1be0d4,2026-07-12T01:15:00Z,2026-07-12T03:15:00+0200,0.0,MW,DK1,DK_1,forecast_solar_generation,Solar,2026-07-27T04:17:26Z
2026-07-27T04:13:26Z,2026-07-27T06:13:26+0200,dabcd32d-9433-4dbd-a505-ea8cec1be0d4,2026-07-12T01:30:00Z,2026-07-12T03:30:00+0200,0.0,MW,DK1,DK_1,forecast_solar_generation,Solar,2026-07-27T04:17:26Z
2026-07-27T04:13:26Z,2026-07-27T06:13:26+0200,dabcd32d-9433-4dbd-a505-ea8cec1be0d4,2026-07-12T01:45:00Z,2026-07-12T03:45:00+0200,0.0,MW,DK1,DK_1,forecast_solar_generation,Solar,2026-07-27T04:17:26Z
2026-07-27T04:13:26Z,2026-07-27T06:13:26+0200,dabcd32d-9433-4dbd-a505-ea8cec1be0d4,2026-07-12T02:00:00Z,2026-07-12T04:00:00+0200,0.0,MW,DK1,DK_1,forecast_solar_generation,Solar,2026-07-27T04:17:26Z
2026-07-27T04:13:26Z,2026-07-27T06:13:26+0200,dabcd32d-9433-4dbd-a505-ea8cec1be0d4,2026-07-12T02:15:00Z,2026-07-12T04:15:00+0200,0.0,MW,DK1,DK_1,forecast_solar_generation,Solar,2026-07-27T04:17:26Z
2026-07-27T04:13:26Z,2026-07-27T06:13:26+0200,dabcd32d-9433-4dbd-a505-ea8cec1be0d4,2026-07-12T02:30:00Z,2026-07-12T04:30:00+0200,0.0,MW,DK1,DK_1,forecast_solar_generation,Solar,2026-07-27T04:17:26Z
2026-07-27T04:13:26Z,2026-07-27T06:13:26+0200,dabcd32d-9433-4dbd-a505-ea8cec1be0d4,2026-07-12T02:45:00Z,2026-07-12T04:45:00+0200,0.08,MW,DK1,DK_1,forecast_solar_generation,Solar,2026-07-27T04:17:26Z
2026-07-27T04:13:26Z,2026-07-27T06:13:26+0200,dabcd32d-9433-4dbd-a505-ea8cec1be0d4,2026-07-12T03:00:00Z,2026-07-12T05:00:00+0200,1.528333,MW,DK1,DK_1,forecast_solar_generation,Solar,2026-07-27T04:17:26Z
2026-07-27T04:13:26Z,2026-07-27T06:13:26+0200,dabcd32d-9433-4dbd-a505-ea8cec1be0d4,2026-07-12T03:15:00Z,2026-07-12T05:15:00+0200,11.424999,MW,DK1,DK_1,forecast_solar_generation,Solar,2026-07-27T04:17:26Z
2026-07-27T04:13:26Z,2026-07-27T06:13:26+0200,dabcd32d-9433-4dbd-a505-ea8cec1be0d4,2026-07-12T03:30:00Z,2026-07-12T05:30:00+0200,39.055,MW,DK1,DK_1,forecast_solar_generation,Solar,2026-07-27T04:17:26Z
2026-07-27T04:13:26Z,2026-07-27T06:13:26+0200,dabcd32d-9433-4dbd-a505-ea8cec1be0d4,2026-07-12T03:45:00Z,2026-07-12T05:45:00+0200,83.914999,MW,DK1,DK_1,forecast_solar_generation,Solar,2026-07-27T04:17:26Z
2026-07-27T04:13:26Z,2026-07-27T06:13:26+0200,dabcd32d-9433-4dbd-a505-ea8cec1be0d4,2026-07-12T04:00:00Z,2026-07-12T06:00:00+0200,141.086666,MW,DK1,DK_1,forecast_solar_generation,Solar,2026-07-27T04:17:26Z
2026-07-27T04:13:26Z,2026-07-27T06:13:26+0200,dabcd32d-9433-4dbd-a505-ea8cec1be0d4,2026-07-12T04:15:00Z,2026-07-12T06:15:00+0200,209.465,MW,DK1,DK_1,forecast_solar_generation,Solar,2026-07-27T04:17:26Z
2026-07-27T04:13:26Z,2026-07-27T06:13:26+0200,dabcd32d-9433-4dbd-a505-ea8cec1be0d4,2026-07-12T04:30:00Z,2026-07-12T06:30:00+0200,289.665,MW,DK1,DK_1,forecast_solar_generation,Solar,2026-07-27T04:17:26Z
2026-07-27T04:13:26Z,2026-07-27T06:13:26+0200,dabcd32d-9433-4dbd-a505-ea8cec1be0d4,2026-07-12T04:45:00Z,2026-07-12T06:45:00+0200,380.24,MW,DK1,DK_1,forecast_solar_generation,Solar,2026-07-27T04:17:26Z
2026-07-27T04:13:26Z,2026-07-27T06:13:26+0200,dabcd32d-9433-4dbd-a505-ea8cec1be0d4,2026-07-12T05:00:00Z,2026-07-12T07:00:00+0200,480.516666,MW,DK1,DK_1,forecast_solar_generation,Solar,2026-07-27T04:17:26Z
2026-07-27T04:13:26Z,2026-07-27T06:13:26+0200,dabcd32d-9433-4dbd-a505-ea8cec1be0d4,2026-07-12T05:15:00Z,2026-07-12T07:15:00+0200,588.408333,MW,DK1,DK_1,forecast_solar_generation,Solar,2026-07-27T04:17:26Z
2026-07-27T04:13:26Z,2026-07-27T06:13:26+0200,dabcd32d-9433-4dbd-a505-ea8cec1be0d4,2026-07-12T05:30:00Z,2026-07-12T07:30:00+0200,703.616666,MW,DK1,DK_1,forecast_solar_generation,Solar,2026-07-27T04:17:26Z
2026-07-27T04:13:26Z,2026-07-27T06:13:26+0200,dabcd32d-9433-4dbd-a505-ea8cec1be0d4,2026-07-12T05:45:00Z,2026-07-12T07:45:00+0200,823.818333,MW,DK1,DK_1,forecast_solar_generation,Solar,2026-07-27T04:17:26Z
2026-07-27T04:13:26Z,2026-07-27T06:13:26+0200,dabcd32d-9433-4dbd-a505-ea8cec1be0d4,2026-07-12T06:00:00Z,2026-07-12T08:00:00+0200,946.996666,MW,DK1,DK_1,forecast_solar_generation,Solar,2026-07-27T04:17:26Z
2026-07-27T04:13:26Z,2026-07-27T06:13:26+0200,dabcd32d-9433-4dbd-a505-ea8cec1be0d4,2026-07-12T06:15:00Z,2026-07-12T08:15:00+0200,1071.501666,MW,DK1,DK_1,forecast_solar_generation,Solar,2026-07-27T04:17:26Z
2026-07-27T04:13:26Z,2026-07-27T06:13:26+0200,dabcd32d-9433-4dbd-a505-ea8cec1be0d4,2026-07-12T06:30:00Z,2026-07-12T08:30:00+0200,1195.546666,MW,DK1,DK_1,forecast_solar_generation,Solar,2026-07-27T04:17:26Z
2026-07-27T04:13:26Z,2026-07-27T06:13:26+0200,dabcd32d-9433-4dbd-a505-ea8cec1be0d4,2026-07-12T06:45:00Z,2026-07-12T08:45:00+0200,1318.076666,MW,DK1,DK_1,forecast_solar_generation,Solar,2026-07-27T04:17:26Z
2026-07-27T04:13:26Z,2026-07-27T06:13:26+0200,dabcd32d-9433-4dbd-a505-ea8cec1be0d4,2026-07-12T07:00:00Z,2026-07-12T09:00:00+0200,1396.046666,MW,DK1,DK_1,forecast_solar_generation,Solar,2026-07-27T04:17:26Z
2026-07-27T04:13:26Z,2026-07-27T06:13:26+0200,dabcd32d-9433-4dbd-a505-ea8cec1be0d4,2026-07-12T07:15:00Z,2026-07-12T09:15:00+0200,1274.615,MW,DK1,DK_1,forecast_solar_generation,Solar,2026-07-27T04:17:26Z
2026-07-27T04:13:26Z,2026-07-27T06:13:26+0200,dabcd32d-9433-4dbd-a505-ea8cec1be0d4,2026-07-12T07:30:00Z,2026-07-12T09:30:00+0200,1363.036666,MW,DK1,DK_1,forecast_solar_generation,Solar,2026-07-27T04:17:26Z
2026-07-27T04:13:26Z,2026-07-27T06:13:26+0200,dabcd32d-9433-4dbd-a505-ea8cec1be0d4,2026-07-12T07:45:00Z,2026-07-12T09:45:00+0200,1448.79,MW,DK1,DK_1,forecast_solar_generation,Solar,2026-07-27T04:17:26Z
2026-07-27T04:13:26Z,2026-07-27T06:13:26+0200,dabcd32d-9433-4dbd-a505-ea8cec1be0d4,2026-07-12T08:00:00Z,2026-07-12T10:00:00+0200,1530.353333,MW,DK1,DK_1,forecast_solar_generation,Solar,2026-07-27T04:17:26Z
2026-07-27T04:13:26Z,2026-07-27T06:13:26+0200,dabcd32d-9433-4dbd-a505-ea8cec1be0d4,2026-07-12T08:15:00Z,2026-07-12T10:15:00+0200,1597.076666,MW,DK1,DK_1,forecast_solar_generation,Solar,2026-07-27T04:17:26Z
2026-07-27T04:13:26Z,2026-07-27T06:13:26+0200,dabcd32d-9433-4dbd-a505-ea8cec1be0d4,2026-07-12T08:30:00Z,2026-07-12T10:30:00+0200,1633.791666,MW,DK1,DK_1,forecast_solar_generation,Solar,2026-07-27T04:17:26Z
2026-07-27T04:13:26Z,2026-07-27T06:13:26+0200,dabcd32d-9433-4dbd-a505-ea8cec1be0d4,2026-07-12T08:45:00Z,2026-07-12T10:45:00+0200,1691.523333,MW,DK1,DK_1,forecast_solar_generation,Solar,2026-07-27T04:17:26Z
2026-07-27T04:13:26Z,2026-07-27T06:13:26+0200,dabcd32d-9433-4dbd-a505-ea8cec1be0d4,2026-07-12T09:00:00Z,2026-07-12T11:00:00+0200,1735.461666,MW,DK1,DK_1,forecast_solar_generation,Solar,2026-07-27T04:17:26Z
2026-07-27T04:13:26Z,2026-07-27T06:13:26+0200,dabcd32d-9433-4dbd-a505-ea8cec1be0d4,2026-07-12T09:15:00Z,2026-07-12T11:15:00+0200,1696.208333,MW,DK1,DK_1,forecast_solar_generation,Solar,2026-07-27T04:17:26Z
2026-07-27T04:13:26Z,2026-07-27T06:13:26+0200,dabcd32d-9433-4dbd-a505-ea8cec1be0d4,2026-07-12T09:30:00Z,2026-07-12T11:30:00+0200,1602.343333,MW,DK1,DK_1,forecast_solar_generation,Solar,2026-07-27T04:17:26Z
2026-07-27T04:13:26Z,2026-07-27T06:13:26+0200,dabcd32d-9433-4dbd-a505-ea8cec1be0d4,2026-07-12T09:45:00Z,2026-07-12T11:45:00+0200,1315.661666,MW,DK1,DK_1,forecast_solar_generation,Solar,2026-07-27T04:17:26Z
2026-07-27T04:13:26Z,2026-07-27T06:13:26+0200,dabcd32d-9433-4dbd-a505-ea8cec1be0d4,2026-07-12T10:00:00Z,2026-07-12T12:00:00+0200,1319.238333,MW,DK1,DK_1,forecast_solar_generation,Solar,2026-07-27T04:17:26Z
2026-07-27T04:13:26Z,2026-07-27T06:13:26+0200,dabcd32d-9433-4dbd-a505-ea8cec1be0d4,2026-07-12T10:15:00Z,2026-07-12T12:15:00+0200,1285.46,MW,DK1,DK_1,forecast_solar_generation,Solar,2026-07-27T04:17:26Z
2026-07-27T04:13:26Z,2026-07-27T06:13:26+0200,dabcd32d-9433-4dbd-a505-ea8cec1be0d4,2026-07-12T10:30:00Z,2026-07-12T12:30:00+0200,1294.645,MW,DK1,DK_1,forecast_solar_generation,Solar,2026-07-27T04:17:26Z
2026-07-27T04:13:26Z,2026-07-27T06:13:26+0200,dabcd32d-9433-4dbd-a505-ea8cec1be0d4,2026-07-12T10:45:00Z,2026-07-12T12:45:00+0200,1310.885,MW,DK1,DK_1,forecast_solar_generation,Solar,2026-07-27T04:17:26Z
2026-07-27T04:13:26Z,2026-07-27T06:13:26+0200,dabcd32d-9433-4dbd-a505-ea8cec1be0d4,2026-07-12T11:00:00Z,2026-07-12T13:00:00+0200,1358.596666,MW,DK1,DK_1,forecast_solar_generation,Solar,2026-07-27T04:17:26Z
2026-07-27T04:13:26Z,2026-07-27T06:13:26+0200,dabcd32d-9433-4dbd-a505-ea8cec1be0d4,2026-07-12T11:15:00Z,2026-07-12T13:15:00+0200,1358.035,MW,DK1,DK_1,forecast_solar_generation,Solar,2026-07-27T04:17:26Z
2026-07-27T04:13:26Z,2026-07-27T06:13:26+0200,dabcd32d-9433-4dbd-a505-ea8cec1be0d4,2026-07-12T11:30:00Z,2026-07-12T13:30:00+0200,1355.138333,MW,DK1,DK_1,forecast_solar_generation,Solar,2026-07-27T04:17:26Z
2026-07-27T04:13:26Z,2026-07-27T06:13:26+0200,dabcd32d-9433-4dbd-a505-ea8cec1be0d4,2026-07-12T11:45:00Z,2026-07-12T13:45:00+0200,1350.764999,MW,DK1,DK_1,forecast_solar_generation,Solar,2026-07-27T04:17:26Z
2026-07-27T04:13:26Z,2026-07-27T06:13:26+0200,dabcd32d-9433-4dbd-a505-ea8cec1be0d4,2026-07-12T12:00:00Z,2026-07-12T14:00:00+0200,1343.76,MW,DK1,DK_1,forecast_solar_generation,Solar,2026-07-27T04:17:26Z
2026-07-27T04:13:26Z,2026-07-27T06:13:26+0200,dabcd32d-9433-4dbd-a505-ea8cec1be0d4,2026-07-12T12:15:00Z,2026-07-12T14:15:00+0200,1332.885,MW,DK1,DK_1,forecast_solar_generation,Solar,2026-07-27T04:17:26Z
2026-07-27T04:13:26Z,2026-07-27T06:13:26+0200,dabcd32d-9433-4dbd-a505-ea8cec1be0d4,2026-07-12T12:30:00Z,2026-07-12T14:30:00+0200,1317.906666,MW,DK1,DK_1,forecast_solar_generation,Solar,2026-07-27T04:17:26Z
2026-07-27T04:13:26Z,2026-07-27T06:13:26+0200,dabcd32d-9433-4dbd-a505-ea8cec1be0d4,2026-07-12T12:45:00Z,2026-07-12T14:45:00+0200,1290.791666,MW,DK1,DK_1,forecast_solar_generation,Solar,2026-07-27T04:17:26Z
2026-07-27T04:13:26Z,2026-07-27T06:13:26+0200,dabcd32d-9433-4dbd-a505-ea8cec1be0d4,2026-07-12T13:00:00Z,2026-07-12T15:00:00+0200,1225.863333,MW,DK1,DK_1,forecast_solar_generation,Solar,2026-07-27T04:17:26Z
2026-07-27T04:13:26Z,2026-07-27T06:13:26+0200,dabcd32d-9433-4dbd-a505-ea8cec1be0d4,2026-07-12T13:15:00Z,2026-07-12T15:15:00+0200,1212.034999,MW,DK1,DK_1,forecast_solar_generation,Solar,2026-07-27T04:17:26Z
2026-07-27T04:13:26Z,2026-07-27T06:13:26+0200,dabcd32d-9433-4dbd-a505-ea8cec1be0d4,2026-07-12T13:30:00Z,2026-07-12T15:30:00+0200,1230.668333,MW,DK1,DK_1,forecast_solar_generation,Solar,2026-07-27T04:17:26Z
2026-07-27T04:13:26Z,2026-07-27T06:13:26+0200,dabcd32d-9433-4dbd-a505-ea8cec1be0d4,2026-07-12T13:45:00Z,2026-07-12T15:45:00+0200,1200.208333,MW,DK1,DK_1,forecast_solar_generation,Solar,2026-07-27T04:17:26Z
2026-07-27T04:13:26Z,2026-07-27T06:13:26+0200,dabcd32d-9433-4dbd-a505-ea8cec1be0d4,2026-07-12T14:00:00Z,2026-07-12T16:00:00+0200,1207.481666,MW,DK1,DK_1,forecast_solar_generation,Solar,2026-07-27T04:17:26Z
2026-07-27T04:13:26Z,2026-07-27T06:13:26+0200,dabcd32d-9433-4dbd-a505-ea8cec1be0d4,2026-07-12T14:15:00Z,2026-07-12T16:15:00+0200,1453.053333,MW,DK1,DK_1,forecast_solar_generation,Solar,2026-07-27T04:17:26Z
2026-07-27T04:13:26Z,2026-07-27T06:13:26+0200,dabcd32d-9433-4dbd-a505-ea8cec1be0d4,2026-07-12T14:30:00Z,2026-07-12T16:30:00+0200,1510.503333,MW,DK1,DK_1,forecast_solar_generation,Solar,2026-07-27T04:17:26Z
2026-07-27T04:13:26Z,2026-07-27T06:13:26+0200,dabcd32d-9433-4dbd-a505-ea8cec1be0d4,2026-07-12T14:45:00Z,2026-07-12T16:45:00+0200,1427.475,MW,DK1,DK_1,forecast_solar_generation,Solar,2026-07-27T04:17:26Z
2026-07-27T04:13:26Z,2026-07-27T06:13:26+0200,dabcd32d-9433-4dbd-a505-ea8cec1be0d4,2026-07-12T15:00:00Z,2026-07-12T17:00:00+0200,1441.37,MW,DK1,DK_1,forecast_solar_generation,Solar,2026-07-27T04:17:26Z
2026-07-27T04:13:26Z,2026-07-27T06:13:26+0200,dabcd32d-9433-4dbd-a505-ea8cec1be0d4,2026-07-12T15:15:00Z,2026-07-12T17:15:00+0200,1458.906666,MW,DK1,DK_1,forecast_solar_generation,Solar,2026-07-27T04:17:26Z
2026-07-27T04:13:26Z,2026-07-27T06:13:26+0200,dabcd32d-9433-4dbd-a505-ea8cec1be0d4,2026-07-12T15:30:00Z,2026-07-12T17:30:00+0200,1450.356666,MW,DK1,DK_1,forecast_solar_generation,Solar,2026-07-27T04:17:26Z
2026-07-27T04:13:26Z,2026-07-27T06:13:26+0200,dabcd32d-9433-4dbd-a505-ea8cec1be0d4,2026-07-12T15:45:00Z,2026-07-12T17:45:00+0200,1338.501666,MW,DK1,DK_1,forecast_solar_generation,Solar,2026-07-27T04:17:26Z
2026-07-27T04:13:26Z,2026-07-27T06:13:26+0200,dabcd32d-9433-4dbd-a505-ea8cec1be0d4,2026-07-12T16:00:00Z,2026-07-12T18:00:00+0200,1228.875,MW,DK1,DK_1,forecast_solar_generation,Solar,2026-07-27T04:17:26Z
2026-07-27T04:13:26Z,2026-07-27T06:13:26+0200,dabcd32d-9433-4dbd-a505-ea8cec1be0d4,2026-07-12T16:15:00Z,2026-07-12T18:15:00+0200,1106.561666,MW,DK1,DK_1,forecast_solar_generation,Solar,2026-07-27T04:17:26Z
2026-07-27T04:13:26Z,2026-07-27T06:13:26+0200,dabcd32d-9433-4dbd-a505-ea8cec1be0d4,2026-07-12T16:30:00Z,2026-07-12T18:30:00+0200,984.921666,MW,DK1,DK_1,forecast_solar_generation,Solar,2026-07-27T04:17:26Z
2026-07-27T04:13:26Z,2026-07-27T06:13:26+0200,dabcd32d-9433-4dbd-a505-ea8cec1be0d4,2026-07-12T16:45:00Z,2026-07-12T18:45:00+0200,863.313333,MW,DK1,DK_1,forecast_solar_generation,Solar,2026-07-27T04:17:26Z
2026-07-27T04:13:26Z,2026-07-27T06:13:26+0200,dabcd32d-9433-4dbd-a505-ea8cec1be0d4,2026-07-12T17:00:00Z,2026-07-12T19:00:00+0200,744.078333,MW,DK1,DK_1,forecast_solar_generation,Solar,2026-07-27T04:17:26Z
2026-07-27T04:13:26Z,2026-07-27T06:13:26+0200,dabcd32d-9433-4dbd-a505-ea8cec1be0d4,2026-07-12T17:15:00Z,2026-07-12T19:15:00+0200,630.196666,MW,DK1,DK_1,forecast_solar_generation,Solar,2026-07-27T04:17:26Z
2026-07-27T04:13:26Z,2026-07-27T06:13:26+0200,dabcd32d-9433-4dbd-a505-ea8cec1be0d4,2026-07-12T17:30:00Z,2026-07-12T19:30:00+0200,523.113333,MW,DK1,DK_1,forecast_solar_generation,Solar,2026-07-27T04:17:26Z
2026-07-27T04:13:26Z,2026-07-27T06:13:26+0200,dabcd32d-9433-4dbd-a505-ea8cec1be0d4,2026-07-12T17:45:00Z,2026-07-12T19:45:00+0200,422.178333,MW,DK1,DK_1,forecast_solar_generation,Solar,2026-07-27T04:17:26Z
2026-07-27T04:13:26Z,2026-07-27T06:13:26+0200,dabcd32d-9433-4dbd-a505-ea8cec1be0d4,2026-07-12T18:00:00Z,2026-07-12T20:00:00+0200,329.303333,MW,DK1,DK_1,forecast_solar_generation,Solar,2026-07-27T04:17:26Z
2026-07-27T04:13:26Z,2026-07-27T06:13:26+0200,dabcd32d-9433-4dbd-a505-ea8cec1be0d4,2026-07-12T18:15:00Z,2026-07-12T20:15:00+0200,245.574999,MW,DK1,DK_1,forecast_solar_generation,Solar,2026-07-27T04:17:26Z
2026-07-27T04:13:26Z,2026-07-27T06:13:26+0200,dabcd32d-9433-4dbd-a505-ea8cec1be0d4,2026-07-12T18:30:00Z,2026-07-12T20:30:00+0200,172.976666,MW,DK1,DK_1,forecast_solar_generation,Solar,2026-07-27T04:17:26Z
2026-07-27T04:13:26Z,2026-07-27T06:13:26+0200,dabcd32d-9433-4dbd-a505-ea8cec1be0d4,2026-07-12T18:45:00Z,2026-07-12T20:45:00+0200,112.166666,MW,DK1,DK_1,forecast_solar_generation,Solar,2026-07-27T04:17:26Z
2026-07-27T04:13:26Z,2026-07-27T06:13:26+0200,dabcd32d-9433-4dbd-a505-ea8cec1be0d4,2026-07-12T19:00:00Z,2026-07-12T21:00:00+0200,62.398333,MW,DK1,DK_1,forecast_solar_generation,Solar,2026-07-27T04:17:26Z
2026-07-27T04:13:26Z,2026-07-27T06:13:26+0200,dabcd32d-9433-4dbd-a505-ea8cec1be0d4,2026-07-12T19:15:00Z,2026-07-12T21:15:00+0200,25.331666,MW,DK1,DK_1,forecast_solar_generation,Solar,2026-07-27T04:17:26Z
2026-07-27T04:13:26Z,2026-07-27T06:13:26+0200,dabcd32d-9433-4dbd-a505-ea8cec1be0d4,2026-07-12T19:30:00Z,2026-07-12T21:30:00+0200,5.971666,MW,DK1,DK_1,forecast_solar_generation,Solar,2026-07-27T04:17:26Z
2026-07-27T04:13:26Z,2026-07-27T06:13:26+0200,dabcd32d-9433-4dbd-a505-ea8cec1be0d4,2026-07-12T19:45:00Z,2026-07-12T21:45:00+0200,0.553333,MW,DK1,DK_1,forecast_solar_generation,Solar,2026-07-27T04:17:26Z
2026-07-27T04:13:26Z,2026-07-27T06:13:26+0200,dabcd32d-9433-4dbd-a505-ea8cec1be0d4,2026-07-12T20:00:00Z,2026-07-12T22:00:00+0200,0.011666,MW,DK1,DK_1,forecast_solar_generation,Solar,2026-07-27T04:17:26Z
2026-07-27T04:13:26Z,2026-07-27T06:13:26+0200,dabcd32d-9433-4dbd-a505-ea8cec1be0d4,2026-07-12T20:15:00Z,2026-07-12T22:15:00+0200,0.0,MW,DK1,DK_1,forecast_solar_generation,Solar,2026-07-27T04:17:26Z
2026-07-27T04:13:26Z,2026-07-27T06:13:26+0200,dabcd32d-9433-4dbd-a505-ea8cec1be0d4,2026-07-12T20:30:00Z,2026-07-12T22:30:00+0200,0.0,MW,DK1,DK_1,forecast_solar_generation,Solar,2026-07-27T04:17:26Z
2026-07-27T04:13:26Z,2026-07-27T06:13:26+0200,dabcd32d-9433-4dbd-a505-ea8cec1be0d4,2026-07-12T20:45:00Z,2026-07-12T22:45:00+0200,0.0,MW,DK1,DK_1,forecast_solar_generation,Solar,2026-07-27T04:17:26Z
2026-07-27T04:13:26Z,2026-07-27T06:13:26+0200,dabcd32d-9433-4dbd-a505-ea8cec1be0d4,2026-07-12T21:00:00Z,2026-07-12T23:00:00+0200,0.0,MW,DK1,DK_1,forecast_solar_generation,Solar,2026-07-27T04:17:26Z
2026-07-27T04:13:26Z,2026-07-27T06:13:26+0200,dabcd32d-9433-4dbd-a505-ea8cec1be0d4,2026-07-12T21:15:00Z,2026-07-12T23:15:00+0200,0.0,MW,DK1,DK_1,forecast_solar_generation,Solar,2026-07-27T04:17:26Z
2026-07-27T04:13:26Z,2026-07-27T06:13:26+0200,dabcd32d-9433-4dbd-a505-ea8cec1be0d4,2026-07-12T21:30:00Z,2026-07-12T23:30:00+0200,0.0,MW,DK1,DK_1,forecast_solar_generation,Solar,2026-07-27T04:17:26Z
2026-07-27T04:13:26Z,2026-07-27T06:13:26+0200,dabcd32d-9433-4dbd-a505-ea8cec1be0d4,2026-07-12T21:45:00Z,2026-07-12T23:45:00+0200,0.0,MW,DK1,DK_1,forecast_solar_generation,Solar,2026-07-27T04:17:26Z
2026-07-27T04:13:26Z,2026-07-27T06:13:26+0200,dabcd32d-9433-4dbd-a505-ea8cec1be0d4,2026-07-12T22:00:00Z,2026-07-13T00:00:00+0200,0.0,MW,DK1,DK_1,forecast_solar_generation,Solar,2026-07-27T04:17:26Z
2026-07-27T04:13:26Z,2026-07-27T06:13:26+0200,dabcd32d-9433-4dbd-a505-ea8cec1be0d4,2026-07-12T22:15:00Z,2026-07-13T00:15:00+0200,0.0,MW,DK1,DK_1,forecast_solar_generation,Solar,2026-07-27T04:17:26Z
2026-07-27T04:13:26Z,2026-07-27T06:13:26+0200,dabcd32d-9433-4dbd-a505-ea8cec1be0d4,2026-07-12T22:30:00Z,2026-07-13T00:30:00+0200,0.0,MW,DK1,DK_1,forecast_solar_generation,Solar,2026-07-27T04:17:26Z
2026-07-27T04:13:26Z,2026-07-27T06:13:26+0200,dabcd32d-9433-4dbd-a505-ea8cec1be0d4,2026-07-12T22:45:00Z,2026-07-13T00:45:00+0200,0.0,MW,DK1,DK_1,forecast_solar_generation,Solar,2026-07-27T04:17:26Z
2026-07-27T04:13:26Z,2026-07-27T06:13:26+0200,dabcd32d-9433-4dbd-a505-ea8cec1be0d4,2026-07-12T23:00:00Z,2026-07-13T01:00:00+0200,0.0,MW,DK1,DK_1,forecast_solar_generation,Solar,2026-07-27T04:17:26Z
2026-07-27T04:13:26Z,2026-07-27T06:13:26+0200,dabcd32d-9433-4dbd-a505-ea8cec1be0d4,2026-07-12T23:15:00Z,2026-07-13T01:15:00+0200,0.0,MW,DK1,DK_1,forecast_solar_generation,Solar,2026-07-27T04:17:26Z
2026-07-27T04:13:26Z,2026-07-27T06:13:26+0200,dabcd32d-9433-4dbd-a505-ea8cec1be0d4,2026-07-12T23:30:00Z,2026-07-13T01:30:00+0200,0.0,MW,DK1,DK_1,forecast_solar_generation,Solar,2026-07-27T04:17:26Z
2026-07-27T04:13:26Z,2026-07-27T06:13:26+0200,dabcd32d-9433-4dbd-a505-ea8cec1be0d4,2026-07-12T23:45:00Z,2026-07-13T01:45:00+0200,0.0,MW,DK1,DK_1,forecast_solar_generation,Solar,2026-07-27T04:17:26Z
2026-07-27T04:13:26Z,2026-07-27T06:13:26+0200,dabcd32d-9433-4dbd-a505-ea8cec1be0d4,2026-07-13T00:00:00Z,2026-07-13T02:00:00+0200,0.0,MW,DK1,DK_1,forecast_solar_generation,Solar,2026-07-27T04:17:26Z
2026-07-27T04:13:26Z,2026-07-27T06:13:26+0200,dabcd32d-9433-4dbd-a505-ea8cec1be0d4,2026-07-13T00:15:00Z,2026-07-13T02:15:00+0200,0.0,MW,DK1,DK_1,forecast_solar_generation,Solar,2026-07-27T04:17:26Z
2026-07-27T04:13:26Z,2026-07-27T06:13:26+0200,dabcd32d-9433-4dbd-a505-ea8cec1be0d4,2026-07-13T00:30:00Z,2026-07-13T02:30:00+0200,0.0,MW,DK1,DK_1,forecast_solar_generation,Solar,2026-07-27T04:17:26Z
2026-07-27T04:13:26Z,2026-07-27T06:13:26+0200,dabcd32d-9433-4dbd-a505-ea8cec1be0d4,2026-07-13T00:45:00Z,2026-07-13T02:45:00+0200,0.0,MW,DK1,DK_1,forecast_solar_generation,Solar,2026-07-27T04:17:26Z
2026-07-27T04:13:26Z,2026-07-27T06:13:26+0200,dabcd32d-9433-4dbd-a505-ea8cec1be0d4,2026-07-13T01:00:00Z,2026-07-13T03:00:00+0200,0.0,MW,DK1,DK_1,forecast_solar_generation,Solar,2026-07-27T04:17:26Z
2026-07-27T04:13:26Z,2026-07-27T06:13:26+0200,dabcd32d-9433-4dbd-a505-ea8cec1be0d4,2026-07-13T01:15:00Z,2026-07-13T03:15:00+0200,0.0,MW,DK1,DK_1,forecast_solar_generation,Solar,2026-07-27T04:17:26Z
2026-07-27T04:13:26Z,2026-07-27T06:13:26+0200,dabcd32d-9433-4dbd-a505-ea8cec1be0d4,2026-07-13T01:30:00Z,2026-07-13T03:30:00+0200,0.0,MW,DK1,DK_1,forecast_solar_generation,Solar,2026-07-27T04:17:26Z
2026-07-27T04:13:26Z,2026-07-27T06:13:26+0200,dabcd32d-9433-4dbd-a505-ea8cec1be0d4,2026-07-13T01:45:00Z,2026-07-13T03:45:00+0200,0.0,MW,DK1,DK_1,forecast_solar_generation,Solar,2026-07-27T04:17:26Z
2026-07-27T04:13:26Z,2026-07-27T06:13:26+0200,dabcd32d-9433-4dbd-a505-ea8cec1be0d4,2026-07-13T02:00:00Z,2026-07-13T04:00:00+0200,0.0,MW,DK1,DK_1,forecast_solar_generation,Solar,2026-07-27T04:17:26Z
2026-07-27T04:13:26Z,2026-07-27T06:13:26+0200,dabcd32d-9433-4dbd-a505-ea8cec1be0d4,2026-07-13T02:15:00Z,2026-07-13T04:15:00+0200,0.0,MW,DK1,DK_1,forecast_solar_generation,Solar,2026-07-27T04:17:26Z
2026-07-27T04:13:26Z,2026-07-27T06:13:26+0200,dabcd32d-9433-4dbd-a505-ea8cec1be0d4,2026-07-13T02:30:00Z,2026-07-13T04:30:00+0200,0.0,MW,DK1,DK_1,forecast_solar_generation,Solar,2026-07-27T04:17:26Z
2026-07-27T04:13:26Z,2026-07-27T06:13:26+0200,dabcd32d-9433-4dbd-a505-ea8cec1be0d4,2026-07-13T02:45:00Z,2026-07-13T04:45:00+0200,0.048333,MW,DK1,DK_1,forecast_solar_generation,Solar,2026-07-27T04:17:26Z
2026-07-27T04:13:26Z,2026-07-27T06:13:26+0200,dabcd32d-9433-4dbd-a505-ea8cec1be0d4,2026-07-13T03:00:00Z,2026-07-13T05:00:00+0200,0.995,MW,DK1,DK_1,forecast_solar_generation,Solar,2026-07-27T04:17:26Z
2026-07-27T04:13:26Z,2026-07-27T06:13:26+0200,dabcd32d-9433-4dbd-a505-ea8cec1be0d4,2026-07-13T03:15:00Z,2026-07-13T05:15:00+0200,7.998333,MW,DK1,DK_1,forecast_solar_generation,Solar,2026-07-27T04:17:26Z
2026-07-27T04:13:26Z,2026-07-27T06:13:26+0200,dabcd32d-9433-4dbd-a505-ea8cec1be0d4,2026-07-13T03:30:00Z,2026-07-13T05:30:00+0200,29.283333,MW,DK1,DK_1,forecast_solar_generation,Solar,2026-07-27T04:17:26Z
2026-07-27T04:13:26Z,2026-07-27T06:13:26+0200,dabcd32d-9433-4dbd-a505-ea8cec1be0d4,2026-07-13T03:45:00Z,2026-07-13T05:45:00+0200,64.455,MW,DK1,DK_1,forecast_solar_generation,Solar,2026-07-27T04:17:26Z
2026-07-27T04:13:26Z,2026-07-27T06:13:26+0200,dabcd32d-9433-4dbd-a505-ea8cec1be0d4,2026-07-13T04:00:00Z,2026-07-13T06:00:00+0200,108.141666,MW,DK1,DK_1,forecast_solar_generation,Solar,2026-07-27T04:17:26Z
2026-07-27T04:13:26Z,2026-07-27T06:13:26+0200,dabcd32d-9433-4dbd-a505-ea8cec1be0d4,2026-07-13T04:15:00Z,2026-07-13T06:15:00+0200,159.185,MW,DK1,DK_1,forecast_solar_generation,Solar,2026-07-27T04:17:26Z
2026-07-27T04:13:26Z,2026-07-27T06:13:26+0200,dabcd32d-9433-4dbd-a505-ea8cec1be0d4,2026-07-13T04:30:00Z,2026-07-13T06:30:00+0200,219.72,MW,DK1,DK_1,forecast_solar_generation,Solar,2026-07-27T04:17:26Z
2026-07-27T04:13:26Z,2026-07-27T06:13:26+0200,dabcd32d-9433-4dbd-a505-ea8cec1be0d4,2026-07-13T04:45:00Z,2026-07-13T06:45:00+0200,287.595,MW,DK1,DK_1,forecast_solar_generation,Solar,2026-07-27T04:17:26Z
2026-07-27T04:13:26Z,2026-07-27T06:13:26+0200,dabcd32d-9433-4dbd-a505-ea8cec1be0d4,2026-07-13T05:00:00Z,2026-07-13T07:00:00+0200,361.146666,MW,DK1,DK_1,forecast_solar_generation,Solar,2026-07-27T04:17:26Z
2026-07-27T04:13:26Z,2026-07-27T06:13:26+0200,dabcd32d-9433-4dbd-a505-ea8cec1be0d4,2026-07-13T05:15:00Z,2026-07-13T07:15:00+0200,439.788333,MW,DK1,DK_1,forecast_solar_generation,Solar,2026-07-27T04:17:26Z
2026-07-27T04:13:26Z,2026-07-27T06:13:26+0200,dabcd32d-9433-4dbd-a505-ea8cec1be0d4,2026-07-13T05:30:00Z,2026-07-13T07:30:00+0200,524.973333,MW,DK1,DK_1,forecast_solar_generation,Solar,2026-07-27T04:17:26Z
2026-07-27T04:13:26Z,2026-07-27T06:13:26+0200,dabcd32d-9433-4dbd-a505-ea8cec1be0d4,2026-07-13T05:45:00Z,2026-07-13T07:45:00+0200,617.283333,MW,DK1,DK_1,forecast_solar_generation,Solar,2026-07-27T04:17:26Z
2026-07-27T04:13:26Z,2026-07-27T06:13:26+0200,dabcd32d-9433-4dbd-a505-ea8cec1be0d4,2026-07-13T06:00:00Z,2026-07-13T08:00:00+0200,714.528333,MW,DK1,DK_1,forecast_solar_generation,Solar,2026-07-27T04:17:26Z
2026-07-27T04:13:26Z,2026-07-27T06:13:26+0200,dabcd32d-9433-4dbd-a505-ea8cec1be0d4,2026-07-13T06:15:00Z,2026-07-13T08:15:00+0200,812.498333,MW,DK1,DK_1,forecast_solar_generation,Solar,2026-07-27T04:17:26Z
2026-07-27T04:13:26Z,2026-07-27T06:13:26+0200,dabcd32d-9433-4dbd-a505-ea8cec1be0d4,2026-07-13T06:30:00Z,2026-07-13T08:30:00+0200,907.01,MW,DK1,DK_1,forecast_solar_generation,Solar,2026-07-27T04:17:26Z
2026-07-27T04:13:26Z,2026-07-27T06:13:26+0200,dabcd32d-9433-4dbd-a505-ea8cec1be0d4,2026-07-13T06:45:00Z,2026-07-13T08:45:00+0200,1000.435,MW,DK1,DK_1,forecast_solar_generation,Solar,2026-07-27T04:17:26Z
2026-07-27T04:13:26Z,2026-07-27T06:13:26+0200,dabcd32d-9433-4dbd-a505-ea8cec1be0d4,2026-07-13T07:00:00Z,2026-07-13T09:00:00+0200,1092.096666,MW,DK1,DK_1,forecast_solar_generation,Solar,2026-07-27T04:17:26Z
2026-07-27T04:13:26Z,2026-07-27T06:13:26+0200,dabcd32d-9433-4dbd-a505-ea8cec1be0d4,2026-07-13T07:15:00Z,2026-07-13T09:15:00+0200,1179.495,MW,DK1,DK_1,forecast_solar_generation,Solar,2026-07-27T04:17:26Z
2026-07-27T04:13:26Z,2026-07-27T06:13:26+0200,dabcd32d-9433-4dbd-a505-ea8cec1be0d4,2026-07-13T07:30:00Z,2026-07-13T09:30:00+0200,1258.649999,MW,DK1,DK_1,forecast_solar_generation,Solar,2026-07-27T04:17:26Z
2026-07-27T04:13:26Z,2026-07-27T06:13:26+0200,dabcd32d-9433-4dbd-a505-ea8cec1be0d4,2026-07-13T07:45:00Z,2026-07-13T09:45:00+0200,1325.443333,MW,DK1,DK_1,forecast_solar_generation,Solar,2026-07-27T04:17:26Z
2026-07-27T04:13:26Z,2026-07-27T06:13:26+0200,dabcd32d-9433-4dbd-a505-ea8cec1be0d4,2026-07-13T08:00:00Z,2026-07-13T10:00:00+0200,1379.79,MW,DK1,DK_1,forecast_solar_generation,Solar,2026-07-27T04:17:26Z
2026-07-27T04:13:26Z,2026-07-27T06:13:26+0200,dabcd32d-9433-4dbd-a505-ea8cec1be0d4,2026-07-13T08:15:00Z,2026-07-13T10:15:00+0200,1424.903333,MW,DK1,DK_1,forecast_solar_generation,Solar,2026-07-27T04:17:26Z
2026-07-27T04:13:26Z,2026-07-27T06:13:26+0200,dabcd32d-9433-4dbd-a505-ea8cec1be0d4,2026-07-13T08:30:00Z,2026-07-13T10:30:00+0200,1465.293333,MW,DK1,DK_1,forecast_solar_generation,Solar,2026-07-27T04:17:26Z
2026-07-27T04:13:26Z,2026-07-27T06:13:26+0200,dabcd32d-9433-4dbd-a505-ea8cec1be0d4,2026-07-13T08:45:00Z,2026-07-13T10:45:00+0200,1503.635,MW,DK1,DK_1,forecast_solar_generation,Solar,2026-07-27T04:17:26Z
2026-07-27T04:13:26Z,2026-07-27T06:13:26+0200,dabcd32d-9433-4dbd-a505-ea8cec1be0d4,2026-07-13T09:00:00Z,2026-07-13T11:00:00+0200,1538.875,MW,DK1,DK_1,forecast_solar_generation,Solar,2026-07-27T04:17:26Z
2026-07-27T04:13:26Z,2026-07-27T06:13:26+0200,dabcd32d-9433-4dbd-a505-ea8cec1be0d4,2026-07-13T09:15:00Z,2026-07-13T11:15:00+0200,1568.881666,MW,DK1,DK_1,forecast_solar_generation,Solar,2026-07-27T04:17:26Z
2026-07-27T04:13:26Z,2026-07-27T06:13:26+0200,dabcd32d-9433-4dbd-a505-ea8cec1be0d4,2026-07-13T09:30:00Z,2026-07-13T11:30:00+0200,1593.435,MW,DK1,DK_1,forecast_solar_generation,Solar,2026-07-27T04:17:26Z
2026-07-27T04:13:26Z,2026-07-27T06:13:26+0200,dabcd32d-9433-4dbd-a505-ea8cec1be0d4,2026-07-13T09:45:00Z,2026-07-13T11:45:00+0200,1619.851666,MW,DK1,DK_1,forecast_solar_generation,Solar,2026-07-27T04:17:26Z
2026-07-27T04:13:26Z,2026-07-27T06:13:26+0200,dabcd32d-9433-4dbd-a505-ea8cec1be0d4,2026-07-13T10:00:00Z,2026-07-13T12:00:00+0200,1647.315,MW,DK1,DK_1,forecast_solar_generation,Solar,2026-07-27T04:17:26Z
2026-07-27T04:13:26Z,2026-07-27T06:13:26+0200,dabcd32d-9433-4dbd-a505-ea8cec1be0d4,2026-07-13T10:15:00Z,2026-07-13T12:15:00+0200,1670.393333,MW,DK1,DK_1,forecast_solar_generation,Solar,2026-07-27T04:17:26Z
2026-07-27T04:13:26Z,2026-07-27T06:13:26+0200,dabcd32d-9433-4dbd-a505-ea8cec1be0d4,2026-07-13T10:30:00Z,2026-07-13T12:30:00+0200,1683.106666,MW,DK1,DK_1,forecast_solar_generation,Solar,2026-07-27T04:17:26Z
2026-07-27T04:13:26Z,2026-07-27T06:13:26+0200,dabcd32d-9433-4dbd-a505-ea8cec1be0d4,2026-07-13T10:45:00Z,2026-07-13T12:45:00+0200,1688.004999,MW,DK1,DK_1,forecast_solar_generation,Solar,2026-07-27T04:17:26Z
2026-07-27T04:13:26Z,2026-07-27T06:13:26+0200,dabcd32d-9433-4dbd-a505-ea8cec1be0d4,2026-07-13T11:00:00Z,2026-07-13T13:00:00+0200,1688.76,MW,DK1,DK_1,forecast_solar_generation,Solar,2026-07-27T04:17:26Z
2026-07-27T04:13:26Z,2026-07-27T06:13:26+0200,dabcd32d-9433-4dbd-a505-ea8cec1be0d4,2026-07-13T11:15:00Z,2026-07-13T13:15:00+0200,1687.585,MW,DK1,DK_1,forecast_solar_generation,Solar,2026-07-27T04:17:26Z
2026-07-27T04:13:26Z,2026-07-27T06:13:26+0200,dabcd32d-9433-4dbd-a505-ea8cec1be0d4,2026-07-13T11:30:00Z,2026-07-13T13:30:00+0200,1686.678333,MW,DK1,DK_1,forecast_solar_generation,Solar,2026-07-27T04:17:26Z
2026-07-27T04:13:26Z,2026-07-27T06:13:26+0200,dabcd32d-9433-4dbd-a505-ea8cec1be0d4,2026-07-13T11:45:00Z,2026-07-13T13:45:00+0200,1682.278333,MW,DK1,DK_1,forecast_solar_generation,Solar,2026-07-27T04:17:26Z
2026-07-27T04:13:26Z,2026-07-27T06:13:26+0200,dabcd32d-9433-4dbd-a505-ea8cec1be0d4,2026-07-13T12:00:00Z,2026-07-13T14:00:00+0200,1672.396666,MW,DK1,DK_1,forecast_solar_generation,Solar,2026-07-27T04:17:26Z
2026-07-27T04:13:26Z,2026-07-27T06:13:26+0200,dabcd32d-9433-4dbd-a505-ea8cec1be0d4,2026-07-13T12:15:00Z,2026-07-13T14:15:00+0200,1661.995,MW,DK1,DK_1,forecast_solar_generation,Solar,2026-07-27T04:17:26Z
2026-07-27T04:13:26Z,2026-07-27T06:13:26+0200,dabcd32d-9433-4dbd-a505-ea8cec1be0d4,2026-07-13T12:30:00Z,2026-07-13T14:30:00+0200,1655.391666,MW,DK1,DK_1,forecast_solar_generation,Solar,2026-07-27T04:17:26Z
2026-07-27T04:13:26Z,2026-07-27T06:13:26+0200,dabcd32d-9433-4dbd-a505-ea8cec1be0d4,2026-07-13T12:45:00Z,2026-07-13T14:45:00+0200,1658.698333,MW,DK1,DK_1,forecast_solar_generation,Solar,2026-07-27T04:17:26Z
2026-07-27T04:13:26Z,2026-07-27T06:13:26+0200,dabcd32d-9433-4dbd-a505-ea8cec1be0d4,2026-07-13T13:00:00Z,2026-07-13T15:00:00+0200,1666.788333,MW,DK1,DK_1,forecast_solar_generation,Solar,2026-07-27T04:17:26Z
2026-07-27T04:13:26Z,2026-07-27T06:13:26+0200,dabcd32d-9433-4dbd-a505-ea8cec1be0d4,2026-07-13T13:15:00Z,2026-07-13T15:15:00+0200,1669.889999,MW,DK1,DK_1,forecast_solar_generation,Solar,2026-07-27T04:17:26Z
2026-07-27T04:13:26Z,2026-07-27T06:13:26+0200,dabcd32d-9433-4dbd-a505-ea8cec1be0d4,2026-07-13T13:30:00Z,2026-07-13T15:30:00+0200,1663.931666,MW,DK1,DK_1,forecast_solar_generation,Solar,2026-07-27T04:17:26Z
2026-07-27T04:13:26Z,2026-07-27T06:13:26+0200,dabcd32d-9433-4dbd-a505-ea8cec1be0d4,2026-07-13T13:45:00Z,2026-07-13T15:45:00+0200,1662.22,MW,DK1,DK_1,forecast_solar_generation,Solar,2026-07-27T04:17:26Z
2026-07-27T04:13:26Z,2026-07-27T06:13:26+0200,dabcd32d-9433-4dbd-a505-ea8cec1be0d4,2026-07-13T14:00:00Z,2026-07-13T16:00:00+0200,1658.693333,MW,DK1,DK_1,forecast_solar_generation,Solar,2026-07-27T04:17:26Z
2026-07-27T04:13:26Z,2026-07-27T06:13:26+0200,dabcd32d-9433-4dbd-a505-ea8cec1be0d4,2026-07-13T14:15:00Z,2026-07-13T16:15:00+0200,1641.11,MW,DK1,DK_1,forecast_solar_generation,Solar,2026-07-27T04:17:26Z
2026-07-27T04:13:26Z,2026-07-27T06:13:26+0200,dabcd32d-9433-4dbd-a505-ea8cec1be0d4,2026-07-13T14:30:00Z,2026-07-13T16:30:00+0200,1602.488333,MW,DK1,DK_1,forecast_solar_generation,Solar,2026-07-27T04:17:26Z
2026-07-27T04:13:26Z,2026-07-27T06:13:26+0200,dabcd32d-9433-4dbd-a505-ea8cec1be0d4,2026-07-13T14:45:00Z,2026-07-13T16:45:00+0200,1550.945,MW,DK1,DK_1,forecast_solar_generation,Solar,2026-07-27T04:17:26Z
2026-07-27T04:13:26Z,2026-07-27T06:13:26+0200,dabcd32d-9433-4dbd-a505-ea8cec1be0d4,2026-07-13T15:00:00Z,2026-07-13T17:00:00+0200,1489.141666,MW,DK1,DK_1,forecast_solar_generation,Solar,2026-07-27T04:17:26Z
2026-07-27T04:13:26Z,2026-07-27T06:13:26+0200,dabcd32d-9433-4dbd-a505-ea8cec1be0d4,2026-07-13T15:15:00Z,2026-07-13T17:15:00+0200,1415.306666,MW,DK1,DK_1,forecast_solar_generation,Solar,2026-07-27T04:17:26Z
2026-07-27T04:13:26Z,2026-07-27T06:13:26+0200,dabcd32d-9433-4dbd-a505-ea8cec1be0d4,2026-07-13T15:30:00Z,2026-07-13T17:30:00+0200,1331.123333,MW,DK1,DK_1,forecast_solar_generation,Solar,2026-07-27T04:17:26Z
2026-07-27T04:13:26Z,2026-07-27T06:13:26+0200,dabcd32d-9433-4dbd-a505-ea8cec1be0d4,2026-07-13T15:45:00Z,2026-07-13T17:45:00+0200,1245.466666,MW,DK1,DK_1,forecast_solar_generation,Solar,2026-07-27T04:17:26Z
2026-07-27T04:13:26Z,2026-07-27T06:13:26+0200,dabcd32d-9433-4dbd-a505-ea8cec1be0d4,2026-07-13T16:00:00Z,2026-07-13T18:00:00+0200,1169.655,MW,DK1,DK_1,forecast_solar_generation,Solar,2026-07-27T04:17:26Z
2026-07-27T04:13:26Z,2026-07-27T06:13:26+0200,dabcd32d-9433-4dbd-a505-ea8cec1be0d4,2026-07-13T16:15:00Z,2026-07-13T18:15:00+0200,1071.246666,MW,DK1,DK_1,forecast_solar_generation,Solar,2026-07-27T04:17:26Z
2026-07-27T04:13:26Z,2026-07-27T06:13:26+0200,dabcd32d-9433-4dbd-a505-ea8cec1be0d4,2026-07-13T16:30:00Z,2026-07-13T18:30:00+0200,964.088333,MW,DK1,DK_1,forecast_solar_generation,Solar,2026-07-27T04:17:26Z
2026-07-27T04:13:26Z,2026-07-27T06:13:26+0200,dabcd32d-9433-4dbd-a505-ea8cec1be0d4,2026-07-13T16:45:00Z,2026-07-13T18:45:00+0200,855.286666,MW,DK1,DK_1,forecast_solar_generation,Solar,2026-07-27T04:17:26Z
2026-07-27T04:13:26Z,2026-07-27T06:13:26+0200,dabcd32d-9433-4dbd-a505-ea8cec1be0d4,2026-07-13T17:00:00Z,2026-07-13T19:00:00+0200,746.665,MW,DK1,DK_1,forecast_solar_generation,Solar,2026-07-27T04:17:26Z
2026-07-27T04:13:26Z,2026-07-27T06:13:26+0200,dabcd32d-9433-4dbd-a505-ea8cec1be0d4,2026-07-13T17:15:00Z,2026-07-13T19:15:00+0200,638.953333,MW,DK1,DK_1,forecast_solar_generation,Solar,2026-07-27T04:17:26Z
2026-07-27T04:13:26Z,2026-07-27T06:13:26+0200,dabcd32d-9433-4dbd-a505-ea8cec1be0d4,2026-07-13T17:30:00Z,2026-07-13T19:30:00+0200,534.283333,MW,DK1,DK_1,forecast_solar_generation,Solar,2026-07-27T04:17:26Z
2026-07-27T04:13:26Z,2026-07-27T06:13:26+0200,dabcd32d-9433-4dbd-a505-ea8cec1be0d4,2026-07-13T17:45:00Z,2026-07-13T19:45:00+0200,435.94,MW,DK1,DK_1,forecast_solar_generation,Solar,2026-07-27T04:17:26Z
2026-07-27T04:13:26Z,2026-07-27T06:13:26+0200,dabcd32d-9433-4dbd-a505-ea8cec1be0d4,2026-07-13T18:00:00Z,2026-07-13T20:00:00+0200,344.683333,MW,DK1,DK_1,forecast_solar_generation,Solar,2026-07-27T04:17:26Z
2026-07-27T04:13:26Z,2026-07-27T06:13:26+0200,dabcd32d-9433-4dbd-a505-ea8cec1be0d4,2026-07-13T18:15:00Z,2026-07-13T20:15:00+0200,259.745,MW,DK1,DK_1,forecast_solar_generation,Solar,2026-07-27T04:17:26Z
2026-07-27T04:13:26Z,2026-07-27T06:13:26+0200,dabcd32d-9433-4dbd-a505-ea8cec1be0d4,2026-07-13T18:30:00Z,2026-07-13T20:30:00+0200,183.373333,MW,DK1,DK_1,forecast_solar_generation,Solar,2026-07-27T04:17:26Z
2026-07-27T04:13:26Z,2026-07-27T06:13:26+0200,dabcd32d-9433-4dbd-a505-ea8cec1be0d4,2026-07-13T18:45:00Z,2026-07-13T20:45:00+0200,118.058333,MW,DK1,DK_1,forecast_solar_generation,Solar,2026-07-27T04:17:26Z
2026-07-27T04:13:26Z,2026-07-27T06:13:26+0200,dabcd32d-9433-4dbd-a505-ea8cec1be0d4,2026-07-13T19:00:00Z,2026-07-13T21:00:00+0200,64.633333,MW,DK1,DK_1,forecast_solar_generation,Solar,2026-07-27T04:17:26Z
2026-07-27T04:13:26Z,2026-07-27T06:13:26+0200,dabcd32d-9433-4dbd-a505-ea8cec1be0d4,2026-07-13T19:15:00Z,2026-07-13T21:15:00+0200,25.63,MW,DK1,DK_1,forecast_solar_generation,Solar,2026-07-27T04:17:26Z
2026-07-27T04:13:26Z,2026-07-27T06:13:26+0200,dabcd32d-9433-4dbd-a505-ea8cec1be0d4,2026-07-13T19:30:00Z,2026-07-13T21:30:00+0200,5.823333,MW,DK1,DK_1,forecast_solar_generation,Solar,2026-07-27T04:17:26Z
2026-07-27T04:13:26Z,2026-07-27T06:13:26+0200,dabcd32d-9433-4dbd-a505-ea8cec1be0d4,2026-07-13T19:45:00Z,2026-07-13T21:45:00+0200,0.525,MW,DK1,DK_1,forecast_solar_generation,Solar,2026-07-27T04:17:26Z
2026-07-27T04:13:26Z,2026-07-27T06:13:26+0200,dabcd32d-9433-4dbd-a505-ea8cec1be0d4,2026-07-13T20:00:00Z,2026-07-13T22:00:00+0200,0.006666,MW,DK1,DK_1,forecast_solar_generation,Solar,2026-07-27T04:17:26Z
2026-07-27T04:13:26Z,2026-07-27T06:13:26+0200,dabcd32d-9433-4dbd-a505-ea8cec1be0d4,2026-07-13T20:15:00Z,2026-07-13T22:15:00+0200,0.0,MW,DK1,DK_1,forecast_solar_generation,Solar,2026-07-27T04:17:26Z
2026-07-27T04:13:26Z,2026-07-27T06:13:26+0200,dabcd32d-9433-4dbd-a505-ea8cec1be0d4,2026-07-13T20:30:00Z,2026-07-13T22:30:00+0200,0.0,MW,DK1,DK_1,forecast_solar_generation,Solar,2026-07-27T04:17:26Z
2026-07-27T04:13:26Z,2026-07-27T06:13:26+0200,dabcd32d-9433-4dbd-a505-ea8cec1be0d4,2026-07-13T20:45:00Z,2026-07-13T22:45:00+0200,0.0,MW,DK1,DK_1,forecast_solar_generation,Solar,2026-07-27T04:17:26Z
2026-07-27T04:13:26Z,2026-07-27T06:13:26+0200,dabcd32d-9433-4dbd-a505-ea8cec1be0d4,2026-07-13T21:00:00Z,2026-07-13T23:00:00+0200,0.0,MW,DK1,DK_1,forecast_solar_generation,Solar,2026-07-27T04:17:26Z
2026-07-27T04:13:26Z,2026-07-27T06:13:26+0200,dabcd32d-9433-4dbd-a505-ea8cec1be0d4,2026-07-13T21:15:00Z,2026-07-13T23:15:00+0200,0.0,MW,DK1,DK_1,forecast_solar_generation,Solar,2026-07-27T04:17:26Z
2026-07-27T04:13:26Z,2026-07-27T06:13:26+0200,dabcd32d-9433-4dbd-a505-ea8cec1be0d4,2026-07-13T21:30:00Z,2026-07-13T23:30:00+0200,0.0,MW,DK1,DK_1,forecast_solar_generation,Solar,2026-07-27T04:17:26Z
2026-07-27T04:13:26Z,2026-07-27T06:13:26+0200,dabcd32d-9433-4dbd-a505-ea8cec1be0d4,2026-07-13T21:45:00Z,2026-07-13T23:45:00+0200,0.0,MW,DK1,DK_1,forecast_solar_generation,Solar,2026-07-27T04:17:26Z
2026-07-27T04:13:26Z,2026-07-27T06:13:26+0200,dabcd32d-9433-4dbd-a505-ea8cec1be0d4,2026-07-13T22:00:00Z,2026-07-14T00:00:00+0200,0.0,MW,DK1,DK_1,forecast_solar_generation,Solar,2026-07-27T04:17:26Z
2026-07-27T04:13:26Z,2026-07-27T06:13:26+0200,dabcd32d-9433-4dbd-a505-ea8cec1be0d4,2026-07-13T22:15:00Z,2026-07-14T00:15:00+0200,0.0,MW,DK1,DK_1,forecast_solar_generation,Solar,2026-07-27T04:17:26Z
2026-07-27T04:13:26Z,2026-07-27T06:13:26+0200,dabcd32d-9433-4dbd-a505-ea8cec1be0d4,2026-07-13T22:30:00Z,2026-07-14T00:30:00+0200,0.0,MW,DK1,DK_1,forecast_solar_generation,Solar,2026-07-27T04:17:26Z
2026-07-27T04:13:26Z,2026-07-27T06:13:26+0200,dabcd32d-9433-4dbd-a505-ea8cec1be0d4,2026-07-13T22:45:00Z,2026-07-14T00:45:00+0200,0.0,MW,DK1,DK_1,forecast_solar_generation,Solar,2026-07-27T04:17:26Z
2026-07-27T04:13:26Z,2026-07-27T06:13:26+0200,dabcd32d-9433-4dbd-a505-ea8cec1be0d4,2026-07-13T23:00:00Z,2026-07-14T01:00:00+0200,0.0,MW,DK1,DK_1,forecast_solar_generation,Solar,2026-07-27T04:17:26Z
2026-07-27T04:13:26Z,2026-07-27T06:13:26+0200,dabcd32d-9433-4dbd-a505-ea8cec1be0d4,2026-07-13T23:15:00Z,2026-07-14T01:15:00+0200,0.0,MW,DK1,DK_1,forecast_solar_generation,Solar,2026-07-27T04:17:26Z
2026-07-27T04:13:26Z,2026-07-27T06:13:26+0200,dabcd32d-9433-4dbd-a505-ea8cec1be0d4,2026-07-13T23:30:00Z,2026-07-14T01:30:00+0200,0.0,MW,DK1,DK_1,forecast_solar_generation,Solar,2026-07-27T04:17:26Z
2026-07-27T04:13:26Z,2026-07-27T06:13:26+0200,dabcd32d-9433-4dbd-a505-ea8cec1be0d4,2026-07-13T23:45:00Z,2026-07-14T01:45:00+0200,0.0,MW,DK1,DK_1,forecast_solar_generation,Solar,2026-07-27T04:17:26Z
2026-07-27T04:13:26Z,2026-07-27T06:13:26+0200,dabcd32d-9433-4dbd-a505-ea8cec1be0d4,2026-07-14T00:00:00Z,2026-07-14T02:00:00+0200,0.0,MW,DK1,DK_1,forecast_solar_generation,Solar,2026-07-27T04:17:26Z
2026-07-27T04:13:26Z,2026-07-27T06:13:26+0200,dabcd32d-9433-4dbd-a505-ea8cec1be0d4,2026-07-14T00:15:00Z,2026-07-14T02:15:00+0200,0.0,MW,DK1,DK_1,forecast_solar_generation,Solar,2026-07-27T04:17:26Z
2026-07-27T04:13:26Z,2026-07-27T06:13:26+0200,dabcd32d-9433-4dbd-a505-ea8cec1be0d4,2026-07-14T00:30:00Z,2026-07-14T02:30:00+0200,0.0,MW,DK1,DK_1,forecast_solar_generation,Solar,2026-07-27T04:17:26Z
2026-07-27T04:13:26Z,2026-07-27T06:13:26+0200,dabcd32d-9433-4dbd-a505-ea8cec1be0d4,2026-07-14T00:45:00Z,2026-07-14T02:45:00+0200,0.0,MW,DK1,DK_1,forecast_solar_generation,Solar,2026-07-27T04:17:26Z
2026-07-27T04:13:26Z,2026-07-27T06:13:26+0200,dabcd32d-9433-4dbd-a505-ea8cec1be0d4,2026-07-14T01:00:00Z,2026-07-14T03:00:00+0200,0.0,MW,DK1,DK_1,forecast_solar_generation,Solar,2026-07-27T04:17:26Z
2026-07-27T04:13:26Z,2026-07-27T06:13:26+0200,dabcd32d-9433-4dbd-a505-ea8cec1be0d4,2026-07-14T01:15:00Z,2026-07-14T03:15:00+0200,0.0,MW,DK1,DK_1,forecast_solar_generation,Solar,2026-07-27T04:17:26Z
2026-07-27T04:13:26Z,2026-07-27T06:13:26+0200,dabcd32d-9433-4dbd-a505-ea8cec1be0d4,2026-07-14T01:30:00Z,2026-07-14T03:30:00+0200,0.0,MW,DK1,DK_1,forecast_solar_generation,Solar,2026-07-27T04:17:26Z
2026-07-27T04:13:26Z,2026-07-27T06:13:26+0200,dabcd32d-9433-4dbd-a505-ea8cec1be0d4,2026-07-14T01:45:00Z,2026-07-14T03:45:00+0200,0.0,MW,DK1,DK_1,forecast_solar_generation,Solar,2026-07-27T04:17:26Z
2026-07-27T04:13:26Z,2026-07-27T06:13:26+0200,dabcd32d-9433-4dbd-a505-ea8cec1be0d4,2026-07-14T02:00:00Z,2026-07-14T04:00:00+0200,0.0,MW,DK1,DK_1,forecast_solar_generation,Solar,2026-07-27T04:17:26Z
2026-07-27T04:13:26Z,2026-07-27T06:13:26+0200,dabcd32d-9433-4dbd-a505-ea8cec1be0d4,2026-07-14T02:15:00Z,2026-07-14T04:15:00+0200,0.0,MW,DK1,DK_1,forecast_solar_generation,Solar,2026-07-27T04:17:26Z
2026-07-27T04:13:26Z,2026-07-27T06:13:26+0200,dabcd32d-9433-4dbd-a505-ea8cec1be0d4,2026-07-14T02:30:00Z,2026-07-14T04:30:00+0200,0.0,MW,DK1,DK_1,forecast_solar_generation,Solar,2026-07-27T04:17:26Z
2026-07-27T04:13:26Z,2026-07-27T06:13:26+0200,dabcd32d-9433-4dbd-a505-ea8cec1be0d4,2026-07-14T02:45:00Z,2026-07-14T04:45:00+0200,0.038333,MW,DK1,DK_1,forecast_solar_generation,Solar,2026-07-27T04:17:26Z
2026-07-27T04:13:26Z,2026-07-27T06:13:26+0200,dabcd32d-9433-4dbd-a505-ea8cec1be0d4,2026-07-14T03:00:00Z,2026-07-14T05:00:00+0200,0.898333,MW,DK1,DK_1,forecast_solar_generation,Solar,2026-07-27T04:17:26Z
2026-07-27T04:13:26Z,2026-07-27T06:13:26+0200,dabcd32d-9433-4dbd-a505-ea8cec1be0d4,2026-07-14T03:15:00Z,2026-07-14T05:15:00+0200,8.471666,MW,DK1,DK_1,forecast_solar_generation,Solar,2026-07-27T04:17:26Z
2026-07-27T04:13:26Z,2026-07-27T06:13:26+0200,dabcd32d-9433-4dbd-a505-ea8cec1be0d4,2026-07-14T03:30:00Z,2026-07-14T05:30:00+0200,33.721666,MW,DK1,DK_1,forecast_solar_generation,Solar,2026-07-27T04:17:26Z
2026-07-27T04:13:26Z,2026-07-27T06:13:26+0200,dabcd32d-9433-4dbd-a505-ea8cec1be0d4,2026-07-14T03:45:00Z,2026-07-14T05:45:00+0200,78.398333,MW,DK1,DK_1,forecast_solar_generation,Solar,2026-07-27T04:17:26Z
2026-07-27T04:13:26Z,2026-07-27T06:13:26+0200,dabcd32d-9433-4dbd-a505-ea8cec1be0d4,2026-07-14T04:00:00Z,2026-07-14T06:00:00+0200,137.571666,MW,DK1,DK_1,forecast_solar_generation,Solar,2026-07-27T04:17:26Z
2026-07-27T04:13:26Z,2026-07-27T06:13:26+0200,dabcd32d-9433-4dbd-a505-ea8cec1be0d4,2026-07-14T04:15:00Z,2026-07-14T06:15:00+0200,209.573333,MW,DK1,DK_1,forecast_solar_generation,Solar,2026-07-27T04:17:26Z
2026-07-27T04:13:26Z,2026-07-27T06:13:26+0200,dabcd32d-9433-4dbd-a505-ea8cec1be0d4,2026-07-14T04:30:00Z,2026-07-14T06:30:00+0200,294.585,MW,DK1,DK_1,forecast_solar_generation,Solar,2026-07-27T04:17:26Z
2026-07-27T04:13:26Z,2026-07-27T06:13:26+0200,dabcd32d-9433-4dbd-a505-ea8cec1be0d4,2026-07-14T04:45:00Z,2026-07-14T06:45:00+0200,393.09,MW,DK1,DK_1,forecast_solar_generation,Solar,2026-07-27T04:17:26Z
2026-07-27T04:13:26Z,2026-07-27T06:13:26+0200,dabcd32d-9433-4dbd-a505-ea8cec1be0d4,2026-07-14T05:00:00Z,2026-07-14T07:00:00+0200,505.106666,MW,DK1,DK_1,forecast_solar_generation,Solar,2026-07-27T04:17:26Z
2026-07-27T04:13:26Z,2026-07-27T06:13:26+0200,dabcd32d-9433-4dbd-a505-ea8cec1be0d4,2026-07-14T05:15:00Z,2026-07-14T07:15:00+0200,626.851666,MW,DK1,DK_1,forecast_solar_generation,Solar,2026-07-27T04:17:26Z
2026-07-27T04:13:26Z,2026-07-27T06:13:26+0200,dabcd32d-9433-4dbd-a505-ea8cec1be0d4,2026-07-14T05:30:00Z,2026-07-14T07:30:00+0200,755.581666,MW,DK1,DK_1,forecast_solar_generation,Solar,2026-07-27T04:17:26Z
2026-07-27T04:13:26Z,2026-07-27T06:13:26+0200,dabcd32d-9433-4dbd-a505-ea8cec1be0d4,2026-07-14T05:45:00Z,2026-07-14T07:45:00+0200,889.823333,MW,DK1,DK_1,forecast_solar_generation,Solar,2026-07-27T04:17:26Z
2026-07-27T04:13:26Z,2026-07-27T06:13:26+0200,dabcd32d-9433-4dbd-a505-ea8cec1be0d4,2026-07-14T06:00:00Z,2026-07-14T08:00:00+0200,1027.721666,MW,DK1,DK_1,forecast_solar_generation,Solar,2026-07-27T04:17:26Z
2026-07-27T04:13:26Z,2026-07-27T06:13:26+0200,dabcd32d-9433-4dbd-a505-ea8cec1be0d4,2026-07-14T06:15:00Z,2026-07-14T08:15:00+0200,1167.236666,MW,DK1,DK_1,forecast_solar_generation,Solar,2026-07-27T04:17:26Z
2026-07-27T04:13:26Z,2026-07-27T06:13:26+0200,dabcd32d-9433-4dbd-a505-ea8cec1be0d4,2026-07-14T06:30:00Z,2026-07-14T08:30:00+0200,1306.35,MW,DK1,DK_1,forecast_solar_generation,Solar,2026-07-27T04:17:26Z
2026-07-27T04:13:26Z,2026-07-27T06:13:26+0200,dabcd32d-9433-4dbd-a505-ea8cec1be0d4,2026-07-14T06:45:00Z,2026-07-14T08:45:00+0200,1442.861666,MW,DK1,DK_1,forecast_solar_generation,Solar,2026-07-27T04:17:26Z
2026-07-27T04:13:26Z,2026-07-27T06:13:26+0200,dabcd32d-9433-4dbd-a505-ea8cec1be0d4,2026-07-14T07:00:00Z,2026-07-14T09:00:00+0200,1575.625,MW,DK1,DK_1,forecast_solar_generation,Solar,2026-07-27T04:17:26Z
2026-07-27T04:13:26Z,2026-07-27T06:13:26+0200,dabcd32d-9433-4dbd-a505-ea8cec1be0d4,2026-07-14T07:15:00Z,2026-07-14T09:15:00+0200,1704.195,MW,DK1,DK_1,forecast_solar_generation,Solar,2026-07-27T04:17:26Z
2026-07-27T04:13:26Z,2026-07-27T06:13:26+0200,dabcd32d-9433-4dbd-a505-ea8cec1be0d4,2026-07-14T07:30:00Z,2026-07-14T09:30:00+0200,1826.811666,MW,DK1,DK_1,forecast_solar_generation,Solar,2026-07-27T04:17:26Z
2026-07-27T04:13:26Z,2026-07-27T06:13:26+0200,dabcd32d-9433-4dbd-a505-ea8cec1be0d4,2026-07-14T07:45:00Z,2026-07-14T09:45:00+0200,1937.023333,MW,DK1,DK_1,forecast_solar_generation,Solar,2026-07-27T04:17:26Z
2026-07-27T04:13:26Z,2026-07-27T06:13:26+0200,dabcd32d-9433-4dbd-a505-ea8cec1be0d4,2026-07-14T08:00:00Z,2026-07-14T10:00:00+0200,2032.846666,MW,DK1,DK_1,forecast_solar_generation,Solar,2026-07-27T04:17:26Z
2026-07-27T04:13:26Z,2026-07-27T06:13:26+0200,dabcd32d-9433-4dbd-a505-ea8cec1be0d4,2026-07-14T08:15:00Z,2026-07-14T10:15:00+0200,2113.498333,MW,DK1,DK_1,forecast_solar_generation,Solar,2026-07-27T04:17:26Z
2026-07-27T04:13:26Z,2026-07-27T06:13:26+0200,dabcd32d-9433-4dbd-a505-ea8cec1be0d4,2026-07-14T08:30:00Z,2026-07-14T10:30:00+0200,2179.183333,MW,DK1,DK_1,forecast_solar_generation,Solar,2026-07-27T04:17:26Z
2026-07-27T04:13:26Z,2026-07-27T06:13:26+0200,dabcd32d-9433-4dbd-a505-ea8cec1be0d4,2026-07-14T08:45:00Z,2026-07-14T10:45:00+0200,2229.878333,MW,DK1,DK_1,forecast_solar_generation,Solar,2026-07-27T04:17:26Z
2026-07-27T04:13:26Z,2026-07-27T06:13:26+0200,dabcd32d-9433-4dbd-a505-ea8cec1be0d4,2026-07-14T09:00:00Z,2026-07-14T11:00:00+0200,2265.381666,MW,DK1,DK_1,forecast_solar_generation,Solar,2026-07-27T04:17:26Z
2026-07-27T04:13:26Z,2026-07-27T06:13:26+0200,dabcd32d-9433-4dbd-a505-ea8cec1be0d4,2026-07-14T09:15:00Z,2026-07-14T11:15:00+0200,2289.964999,MW,DK1,DK_1,forecast_solar_generation,Solar,2026-07-27T04:17:26Z
2026-07-27T04:13:26Z,2026-07-27T06:13:26+0200,dabcd32d-9433-4dbd-a505-ea8cec1be0d4,2026-07-14T09:30:00Z,2026-07-14T11:30:00+0200,2308.271666,MW,DK1,DK_1,forecast_solar_generation,Solar,2026-07-27T04:17:26Z
2026-07-27T04:13:26Z,2026-07-27T06:13:26+0200,dabcd32d-9433-4dbd-a505-ea8cec1be0d4,2026-07-14T09:45:00Z,2026-07-14T11:45:00+0200,2322.223333,MW,DK1,DK_1,forecast_solar_generation,Solar,2026-07-27T04:17:26Z
2026-07-27T04:13:26Z,2026-07-27T06:13:26+0200,dabcd32d-9433-4dbd-a505-ea8cec1be0d4,2026-07-14T10:00:00Z,2026-07-14T12:00:00+0200,2334.035,MW,DK1,DK_1,forecast_solar_generation,Solar,2026-07-27T04:17:26Z
2026-07-27T04:13:26Z,2026-07-27T06:13:26+0200,dabcd32d-9433-4dbd-a505-ea8cec1be0d4,2026-07-14T10:15:00Z,2026-07-14T12:15:00+0200,2345.166666,MW,DK1,DK_1,forecast_solar_generation,Solar,2026-07-27T04:17:26Z
2026-07-27T04:13:26Z,2026-07-27T06:13:26+0200,dabcd32d-9433-4dbd-a505-ea8cec1be0d4,2026-07-14T10:30:00Z,2026-07-14T12:30:00+0200,2354.976666,MW,DK1,DK_1,forecast_solar_generation,Solar,2026-07-27T04:17:26Z
2026-07-27T04:13:26Z,2026-07-27T06:13:26+0200,dabcd32d-9433-4dbd-a505-ea8cec1be0d4,2026-07-14T10:45:00Z,2026-07-14T12:45:00+0200,2359.23,MW,DK1,DK_1,forecast_solar_generation,Solar,2026-07-27T04:17:26Z
2026-07-27T04:13:26Z,2026-07-27T06:13:26+0200,dabcd32d-9433-4dbd-a505-ea8cec1be0d4,2026-07-14T11:00:00Z,2026-07-14T13:00:00+0200,2357.401666,MW,DK1,DK_1,forecast_solar_generation,Solar,2026-07-27T04:17:26Z
2026-07-27T04:13:26Z,2026-07-27T06:13:26+0200,dabcd32d-9433-4dbd-a505-ea8cec1be0d4,2026-07-14T11:15:00Z,2026-07-14T13:15:00+0200,2350.918333,MW,DK1,DK_1,forecast_solar_generation,Solar,2026-07-27T04:17:26Z
2026-07-27T04:13:26Z,2026-07-27T06:13:26+0200,dabcd32d-9433-4dbd-a505-ea8cec1be0d4,2026-07-14T11:30:00Z,2026-07-14T13:30:00+0200,2341.936666,MW,DK1,DK_1,forecast_solar_generation,Solar,2026-07-27T04:17:26Z
2026-07-27T04:13:26Z,2026-07-27T06:13:26+0200,dabcd32d-9433-4dbd-a505-ea8cec1be0d4,2026-07-14T11:45:00Z,2026-07-14T13:45:00+0200,2328.293333,MW,DK1,DK_1,forecast_solar_generation,Solar,2026-07-27T04:17:26Z
2026-07-27T04:13:26Z,2026-07-27T06:13:26+0200,dabcd32d-9433-4dbd-a505-ea8cec1be0d4,2026-07-14T12:00:00Z,2026-07-14T14:00:00+0200,2308.94,MW,DK1,DK_1,forecast_solar_generation,Solar,2026-07-27T04:17:26Z
2026-07-27T04:13:26Z,2026-07-27T06:13:26+0200,dabcd32d-9433-4dbd-a505-ea8cec1be0d4,2026-07-14T12:15:00Z,2026-07-14T14:15:00+0200,2285.11,MW,DK1,DK_1,forecast_solar_generation,Solar,2026-07-27T04:17:26Z
2026-07-27T04:13:26Z,2026-07-27T06:13:26+0200,dabcd32d-9433-4dbd-a505-ea8cec1be0d4,2026-07-14T12:30:00Z,2026-07-14T14:30:00+0200,2258.94,MW,DK1,DK_1,forecast_solar_generation,Solar,2026-07-27T04:17:26Z
2026-07-27T04:13:26Z,2026-07-27T06:13:26+0200,dabcd32d-9433-4dbd-a505-ea8cec1be0d4,2026-07-14T12:45:00Z,2026-07-14T14:45:00+0200,2232.963333,MW,DK1,DK_1,forecast_solar_generation,Solar,2026-07-27T04:17:26Z
2026-07-27T04:13:26Z,2026-07-27T06:13:26+0200,dabcd32d-9433-4dbd-a505-ea8cec1be0d4,2026-07-14T13:00:00Z,2026-07-14T15:00:00+0200,2206.921666,MW,DK1,DK_1,forecast_solar_generation,Solar,2026-07-27T04:17:26Z
2026-07-27T04:13:26Z,2026-07-27T06:13:26+0200,dabcd32d-9433-4dbd-a505-ea8cec1be0d4,2026-07-14T13:15:00Z,2026-07-14T15:15:00+0200,2178.215,MW,DK1,DK_1,forecast_solar_generation,Solar,2026-07-27T04:17:26Z
2026-07-27T04:13:26Z,2026-07-27T06:13:26+0200,dabcd32d-9433-4dbd-a505-ea8cec1be0d4,2026-07-14T13:30:00Z,2026-07-14T15:30:00+0200,2144.535,MW,DK1,DK_1,forecast_solar_generation,Solar,2026-07-27T04:17:26Z
2026-07-27T04:13:26Z,2026-07-27T06:13:26+0200,dabcd32d-9433-4dbd-a505-ea8cec1be0d4,2026-07-14T13:45:00Z,2026-07-14T15:45:00+0200,2104.29,MW,DK1,DK_1,forecast_solar_generation,Solar,2026-07-27T04:17:26Z
2026-07-27T04:13:26Z,2026-07-27T06:13:26+0200,dabcd32d-9433-4dbd-a505-ea8cec1be0d4,2026-07-14T14:00:00Z,2026-07-14T16:00:00+0200,2051.013333,MW,DK1,DK_1,forecast_solar_generation,Solar,2026-07-27T04:17:26Z
2026-07-27T04:13:26Z,2026-07-27T06:13:26+0200,dabcd32d-9433-4dbd-a505-ea8cec1be0d4,2026-07-14T14:15:00Z,2026-07-14T16:15:00+0200,1986.743333,MW,DK1,DK_1,forecast_solar_generation,Solar,2026-07-27T04:17:26Z
2026-07-27T04:13:26Z,2026-07-27T06:13:26+0200,dabcd32d-9433-4dbd-a505-ea8cec1be0d4,2026-07-14T14:30:00Z,2026-07-14T16:30:00+0200,1911.38,MW,DK1,DK_1,forecast_solar_generation,Solar,2026-07-27T04:17:26Z
2026-07-27T04:13:26Z,2026-07-27T06:13:26+0200,dabcd32d-9433-4dbd-a505-ea8cec1be0d4,2026-07-14T14:45:00Z,2026-07-14T16:45:00+0200,1823.013333,MW,DK1,DK_1,forecast_solar_generation,Solar,2026-07-27T04:17:26Z
2026-07-27T04:13:26Z,2026-07-27T06:13:26+0200,dabcd32d-9433-4dbd-a505-ea8cec1be0d4,2026-07-14T15:00:00Z,2026-07-14T17:00:00+0200,1723.688333,MW,DK1,DK_1,forecast_solar_generation,Solar,2026-07-27T04:17:26Z
2026-07-27T04:13:26Z,2026-07-27T06:13:26+0200,dabcd32d-9433-4dbd-a505-ea8cec1be0d4,2026-07-14T15:15:00Z,2026-07-14T17:15:00+0200,1615.611666,MW,DK1,DK_1,forecast_solar_generation,Solar,2026-07-27T04:17:26Z
2026-07-27T04:13:26Z,2026-07-27T06:13:26+0200,dabcd32d-9433-4dbd-a505-ea8cec1be0d4,2026-07-14T15:30:00Z,2026-07-14T17:30:00+0200,1501.246666,MW,DK1,DK_1,forecast_solar_generation,Solar,2026-07-27T04:17:26Z
2026-07-27T04:13:26Z,2026-07-27T06:13:26+0200,dabcd32d-9433-4dbd-a505-ea8cec1be0d4,2026-07-14T15:45:00Z,2026-07-14T17:45:00+0200,1382.575,MW,DK1,DK_1,forecast_solar_generation,Solar,2026-07-27T04:17:26Z
2026-07-27T04:13:26Z,2026-07-27T06:13:26+0200,dabcd32d-9433-4dbd-a505-ea8cec1be0d4,2026-07-14T16:00:00Z,2026-07-14T18:00:00+0200,1271.371666,MW,DK1,DK_1,forecast_solar_generation,Solar,2026-07-27T04:17:26Z
2026-07-27T04:13:26Z,2026-07-27T06:13:26+0200,dabcd32d-9433-4dbd-a505-ea8cec1be0d4,2026-07-14T16:15:00Z,2026-07-14T18:15:00+0200,1146.386666,MW,DK1,DK_1,forecast_solar_generation,Solar,2026-07-27T04:17:26Z
2026-07-27T04:13:26Z,2026-07-27T06:13:26+0200,dabcd32d-9433-4dbd-a505-ea8cec1be0d4,2026-07-14T16:30:00Z,2026-07-14T18:30:00+0200,1021.736666,MW,DK1,DK_1,forecast_solar_generation,Solar,2026-07-27T04:17:26Z
2026-07-27T04:13:26Z,2026-07-27T06:13:26+0200,dabcd32d-9433-4dbd-a505-ea8cec1be0d4,2026-07-14T16:45:00Z,2026-07-14T18:45:00+0200,903.086666,MW,DK1,DK_1,forecast_solar_generation,Solar,2026-07-27T04:17:26Z
2026-07-27T04:13:26Z,2026-07-27T06:13:26+0200,dabcd32d-9433-4dbd-a505-ea8cec1be0d4,2026-07-14T17:00:00Z,2026-07-14T19:00:00+0200,787.616666,MW,DK1,DK_1,forecast_solar_generation,Solar,2026-07-27T04:17:26Z
2026-07-27T04:13:26Z,2026-07-27T06:13:26+0200,dabcd32d-9433-4dbd-a505-ea8cec1be0d4,2026-07-14T17:15:00Z,2026-07-14T19:15:00+0200,672.538333,MW,DK1,DK_1,forecast_solar_generation,Solar,2026-07-27T04:17:26Z
2026-07-27T04:13:26Z,2026-07-27T06:13:26+0200,dabcd32d-9433-4dbd-a505-ea8cec1be0d4,2026-07-14T17:30:00Z,2026-07-14T19:30:00+0200,558.9,MW,DK1,DK_1,forecast_solar_generation,Solar,2026-07-27T04:17:26Z
2026-07-27T04:13:26Z,2026-07-27T06:13:26+0200,dabcd32d-9433-4dbd-a505-ea8cec1be0d4,2026-07-14T17:45:00Z,2026-07-14T19:45:00+0200,452.68,MW,DK1,DK_1,forecast_solar_generation,Solar,2026-07-27T04:17:26Z
2026-07-27T04:13:26Z,2026-07-27T06:13:26+0200,dabcd32d-9433-4dbd-a505-ea8cec1be0d4,2026-07-14T18:00:00Z,2026-07-14T20:00:00+0200,355.465,MW,DK1,DK_1,forecast_solar_generation,Solar,2026-07-27T04:17:26Z
2026-07-27T04:13:26Z,2026-07-27T06:13:26+0200,dabcd32d-9433-4dbd-a505-ea8cec1be0d4,2026-07-14T18:15:00Z,2026-07-14T20:15:00+0200,265.903333,MW,DK1,DK_1,forecast_solar_generation,Solar,2026-07-27T04:17:26Z
2026-07-27T04:13:26Z,2026-07-27T06:13:26+0200,dabcd32d-9433-4dbd-a505-ea8cec1be0d4,2026-07-14T18:30:00Z,2026-07-14T20:30:00+0200,186.236666,MW,DK1,DK_1,forecast_solar_generation,Solar,2026-07-27T04:17:26Z
2026-07-27T04:13:26Z,2026-07-27T06:13:26+0200,dabcd32d-9433-4dbd-a505-ea8cec1be0d4,2026-07-14T18:45:00Z,2026-07-14T20:45:00+0200,118.975,MW,DK1,DK_1,forecast_solar_generation,Solar,2026-07-27T04:17:26Z
2026-07-27T04:13:26Z,2026-07-27T06:13:26+0200,dabcd32d-9433-4dbd-a505-ea8cec1be0d4,2026-07-14T19:00:00Z,2026-07-14T21:00:00+0200,64.218333,MW,DK1,DK_1,forecast_solar_generation,Solar,2026-07-27T04:17:26Z
2026-07-27T04:13:26Z,2026-07-27T06:13:26+0200,dabcd32d-9433-4dbd-a505-ea8cec1be0d4,2026-07-14T19:15:00Z,2026-07-14T21:15:00+0200,24.471666,MW,DK1,DK_1,forecast_solar_generation,Solar,2026-07-27T04:17:26Z
2026-07-27T04:13:26Z,2026-07-27T06:13:26+0200,dabcd32d-9433-4dbd-a505-ea8cec1be0d4,2026-07-14T19:30:00Z,2026-07-14T21:30:00+0200,5.156666,MW,DK1,DK_1,forecast_solar_generation,Solar,2026-07-27T04:17:26Z
2026-07-27T04:13:26Z,2026-07-27T06:13:26+0200,dabcd32d-9433-4dbd-a505-ea8cec1be0d4,2026-07-14T19:45:00Z,2026-07-14T21:45:00+0200,0.398333,MW,DK1,DK_1,forecast_solar_generation,Solar,2026-07-27T04:17:26Z
2026-07-27T04:13:26Z,2026-07-27T06:13:26+0200,dabcd32d-9433-4dbd-a505-ea8cec1be0d4,2026-07-14T20:00:00Z,2026-07-14T22:00:00+0200,0.005,MW,DK1,DK_1,forecast_solar_generation,Solar,2026-07-27T04:17:26Z
2026-07-27T04:13:26Z,2026-07-27T06:13:26+0200,dabcd32d-9433-4dbd-a505-ea8cec1be0d4,2026-07-14T20:15:00Z,2026-07-14T22:15:00+0200,0.0,MW,DK1,DK_1,forecast_solar_generation,Solar,2026-07-27T04:17:26Z
2026-07-27T04:13:26Z,2026-07-27T06:13:26+0200,dabcd32d-9433-4dbd-a505-ea8cec1be0d4,2026-07-14T20:30:00Z,2026-07-14T22:30:00+0200,0.0,MW,DK1,DK_1,forecast_solar_generation,Solar,2026-07-27T04:17:26Z
2026-07-27T04:13:26Z,2026-07-27T06:13:26+0200,dabcd32d-9433-4dbd-a505-ea8cec1be0d4,2026-07-14T20:45:00Z,2026-07-14T22:45:00+0200,0.0,MW,DK1,DK_1,forecast_solar_generation,Solar,2026-07-27T04:17:26Z
2026-07-27T04:13:26Z,2026-07-27T06:13:26+0200,dabcd32d-9433-4dbd-a505-ea8cec1be0d4,2026-07-14T21:00:00Z,2026-07-14T23:00:00+0200,0.0,MW,DK1,DK_1,forecast_solar_generation,Solar,2026-07-27T04:17:26Z
2026-07-27T04:13:26Z,2026-07-27T06:13:26+0200,dabcd32d-9433-4dbd-a505-ea8cec1be0d4,2026-07-14T21:15:00Z,2026-07-14T23:15:00+0200,0.0,MW,DK1,DK_1,forecast_solar_generation,Solar,2026-07-27T04:17:26Z
2026-07-27T04:13:26Z,2026-07-27T06:13:26+0200,dabcd32d-9433-4dbd-a505-ea8cec1be0d4,2026-07-14T21:30:00Z,2026-07-14T23:30:00+0200,0.0,MW,DK1,DK_1,forecast_solar_generation,Solar,2026-07-27T04:17:26Z
2026-07-27T04:13:26Z,2026-07-27T06:13:26+0200,dabcd32d-9433-4dbd-a505-ea8cec1be0d4,2026-07-14T21:45:00Z,2026-07-14T23:45:00+0200,0.0,MW,DK1,DK_1,forecast_solar_generation,Solar,2026-07-27T04:17:26Z
2026-07-27T04:13:26Z,2026-07-27T06:13:26+0200,dabcd32d-9433-4dbd-a505-ea8cec1be0d4,2026-07-14T22:00:00Z,2026-07-15T00:00:00+0200,0.0,MW,DK1,DK_1,forecast_solar_generation,Solar,2026-07-27T04:17:26Z
2026-07-27T04:13:26Z,2026-07-27T06:13:26+0200,dabcd32d-9433-4dbd-a505-ea8cec1be0d4,2026-07-14T22:15:00Z,2026-07-15T00:15:00+0200,0.0,MW,DK1,DK_1,forecast_solar_generation,Solar,2026-07-27T04:17:26Z
2026-07-27T04:13:26Z,2026-07-27T06:13:26+0200,dabcd32d-9433-4dbd-a505-ea8cec1be0d4,2026-07-14T22:30:00Z,2026-07-15T00:30:00+0200,0.0,MW,DK1,DK_1,forecast_solar_generation,Solar,2026-07-27T04:17:26Z
2026-07-27T04:13:26Z,2026-07-27T06:13:26+0200,dabcd32d-9433-4dbd-a505-ea8cec1be0d4,2026-07-14T22:45:00Z,2026-07-15T00:45:00+0200,0.0,MW,DK1,DK_1,forecast_solar_generation,Solar,2026-07-27T04:17:26Z
2026-07-27T04:13:26Z,2026-07-27T06:13:26+0200,dabcd32d-9433-4dbd-a505-ea8cec1be0d4,2026-07-14T23:00:00Z,2026-07-15T01:00:00+0200,0.0,MW,DK1,DK_1,forecast_solar_generation,Solar,2026-07-27T04:17:26Z
2026-07-27T04:13:26Z,2026-07-27T06:13:26+0200,dabcd32d-9433-4dbd-a505-ea8cec1be0d4,2026-07-14T23:15:00Z,2026-07-15T01:15:00+0200,0.0,MW,DK1,DK_1,forecast_solar_generation,Solar,2026-07-27T04:17:26Z
2026-07-27T04:13:26Z,2026-07-27T06:13:26+0200,dabcd32d-9433-4dbd-a505-ea8cec1be0d4,2026-07-14T23:30:00Z,2026-07-15T01:30:00+0200,0.0,MW,DK1,DK_1,forecast_solar_generation,Solar,2026-07-27T04:17:26Z
2026-07-27T04:13:26Z,2026-07-27T06:13:26+0200,dabcd32d-9433-4dbd-a505-ea8cec1be0d4,2026-07-14T23:45:00Z,2026-07-15T01:45:00+0200,0.0,MW,DK1,DK_1,forecast_solar_generation,Solar,2026-07-27T04:17:26Z
2026-07-27T04:13:26Z,2026-07-27T06:13:26+0200,dabcd32d-9433-4dbd-a505-ea8cec1be0d4,2026-07-15T00:00:00Z,2026-07-15T02:00:00+0200,0.0,MW,DK1,DK_1,forecast_solar_generation,Solar,2026-07-27T04:17:26Z
2026-07-27T04:13:26Z,2026-07-27T06:13:26+0200,dabcd32d-9433-4dbd-a505-ea8cec1be0d4,2026-07-15T00:15:00Z,2026-07-15T02:15:00+0200,0.0,MW,DK1,DK_1,forecast_solar_generation,Solar,2026-07-27T04:17:26Z
2026-07-27T04:13:26Z,2026-07-27T06:13:26+0200,dabcd32d-9433-4dbd-a505-ea8cec1be0d4,2026-07-15T00:30:00Z,2026-07-15T02:30:00+0200,0.0,MW,DK1,DK_1,forecast_solar_generation,Solar,2026-07-27T04:17:26Z
2026-07-27T04:13:26Z,2026-07-27T06:13:26+0200,dabcd32d-9433-4dbd-a505-ea8cec1be0d4,2026-07-15T00:45:00Z,2026-07-15T02:45:00+0200,0.0,MW,DK1,DK_1,forecast_solar_generation,Solar,2026-07-27T04:17:26Z
2026-07-27T04:13:26Z,2026-07-27T06:13:26+0200,dabcd32d-9433-4dbd-a505-ea8cec1be0d4,2026-07-15T01:00:00Z,2026-07-15T03:00:00+0200,0.0,MW,DK1,DK_1,forecast_solar_generation,Solar,2026-07-27T04:17:26Z
2026-07-27T04:13:26Z,2026-07-27T06:13:26+0200,dabcd32d-9433-4dbd-a505-ea8cec1be0d4,2026-07-15T01:15:00Z,2026-07-15T03:15:00+0200,0.0,MW,DK1,DK_1,forecast_solar_generation,Solar,2026-07-27T04:17:26Z
2026-07-27T04:13:26Z,2026-07-27T06:13:26+0200,dabcd32d-9433-4dbd-a505-ea8cec1be0d4,2026-07-15T01:30:00Z,2026-07-15T03:30:00+0200,0.0,MW,DK1,DK_1,forecast_solar_generation,Solar,2026-07-27T04:17:26Z
2026-07-27T04:13:26Z,2026-07-27T06:13:26+0200,dabcd32d-9433-4dbd-a505-ea8cec1be0d4,2026-07-15T01:45:00Z,2026-07-15T03:45:00+0200,0.0,MW,DK1,DK_1,forecast_solar_generation,Solar,2026-07-27T04:17:26Z
2026-07-27T04:13:26Z,2026-07-27T06:13:26+0200,dabcd32d-9433-4dbd-a505-ea8cec1be0d4,2026-07-15T02:00:00Z,2026-07-15T04:00:00+0200,0.0,MW,DK1,DK_1,forecast_solar_generation,Solar,2026-07-27T04:17:26Z
2026-07-27T04:13:26Z,2026-07-27T06:13:26+0200,dabcd32d-9433-4dbd-a505-ea8cec1be0d4,2026-07-15T02:15:00Z,2026-07-15T04:15:00+0200,0.0,MW,DK1,DK_1,forecast_solar_generation,Solar,2026-07-27T04:17:26Z
2026-07-27T04:13:26Z,2026-07-27T06:13:26+0200,dabcd32d-9433-4dbd-a505-ea8cec1be0d4,2026-07-15T02:30:00Z,2026-07-15T04:30:00+0200,0.0,MW,DK1,DK_1,forecast_solar_generation,Solar,2026-07-27T04:17:26Z
2026-07-27T04:13:26Z,2026-07-27T06:13:26+0200,dabcd32d-9433-4dbd-a505-ea8cec1be0d4,2026-07-15T02:45:00Z,2026-07-15T04:45:00+0200,0.021666,MW,DK1,DK_1,forecast_solar_generation,Solar,2026-07-27T04:17:26Z
2026-07-27T04:13:26Z,2026-07-27T06:13:26+0200,dabcd32d-9433-4dbd-a505-ea8cec1be0d4,2026-07-15T03:00:00Z,2026-07-15T05:00:00+0200,0.716666,MW,DK1,DK_1,forecast_solar_generation,Solar,2026-07-27T04:17:26Z
2026-07-27T04:13:26Z,2026-07-27T06:13:26+0200,dabcd32d-9433-4dbd-a505-ea8cec1be0d4,2026-07-15T03:15:00Z,2026-07-15T05:15:00+0200,7.614999,MW,DK1,DK_1,forecast_solar_generation,Solar,2026-07-27T04:17:26Z
2026-07-27T04:13:26Z,2026-07-27T06:13:26+0200,dabcd32d-9433-4dbd-a505-ea8cec1be0d4,2026-07-15T03:30:00Z,2026-07-15T05:30:00+0200,31.598333,MW,DK1,DK_1,forecast_solar_generation,Solar,2026-07-27T04:17:26Z
2026-07-27T04:13:26Z,2026-07-27T06:13:26+0200,dabcd32d-9433-4dbd-a505-ea8cec1be0d4,2026-07-15T03:45:00Z,2026-07-15T05:45:00+0200,75.088333,MW,DK1,DK_1,forecast_solar_generation,Solar,2026-07-27T04:17:26Z
2026-07-27T04:13:26Z,2026-07-27T06:13:26+0200,dabcd32d-9433-4dbd-a505-ea8cec1be0d4,2026-07-15T04:00:00Z,2026-07-15T06:00:00+0200,133.163333,MW,DK1,DK_1,forecast_solar_generation,Solar,2026-07-27T04:17:26Z
2026-07-27T04:13:26Z,2026-07-27T06:13:26+0200,dabcd32d-9433-4dbd-a505-ea8cec1be0d4,2026-07-15T04:15:00Z,2026-07-15T06:15:00+0200,204.235,MW,DK1,DK_1,forecast_solar_generation,Solar,2026-07-27T04:17:26Z
2026-07-27T04:13:26Z,2026-07-27T06:13:26+0200,dabcd32d-9433-4dbd-a505-ea8cec1be0d4,2026-07-15T04:30:00Z,2026-07-15T06:30:00+0200,288.553333,MW,DK1,DK_1,forecast_solar_generation,Solar,2026-07-27T04:17:26Z
2026-07-27T04:13:26Z,2026-07-27T06:13:26+0200,dabcd32d-9433-4dbd-a505-ea8cec1be0d4,2026-07-15T04:45:00Z,2026-07-15T06:45:00+0200,386.266666,MW,DK1,DK_1,forecast_solar_generation,Solar,2026-07-27T04:17:26Z
2026-07-27T04:13:26Z,2026-07-27T06:13:26+0200,dabcd32d-9433-4dbd-a505-ea8cec1be0d4,2026-07-15T05:00:00Z,2026-07-15T07:00:00+0200,497.316666,MW,DK1,DK_1,forecast_solar_generation,Solar,2026-07-27T04:17:26Z
2026-07-27T04:13:26Z,2026-07-27T06:13:26+0200,dabcd32d-9433-4dbd-a505-ea8cec1be0d4,2026-07-15T05:15:00Z,2026-07-15T07:15:00+0200,618.348333,MW,DK1,DK_1,forecast_solar_generation,Solar,2026-07-27T04:17:26Z
2026-07-27T04:13:26Z,2026-07-27T06:13:26+0200,dabcd32d-9433-4dbd-a505-ea8cec1be0d4,2026-07-15T05:30:00Z,2026-07-15T07:30:00+0200,747.31,MW,DK1,DK_1,forecast_solar_generation,Solar,2026-07-27T04:17:26Z
2026-07-27T04:13:26Z,2026-07-27T06:13:26+0200,dabcd32d-9433-4dbd-a505-ea8cec1be0d4,2026-07-15T05:45:00Z,2026-07-15T07:45:00+0200,882.696666,MW,DK1,DK_1,forecast_solar_generation,Solar,2026-07-27T04:17:26Z
2026-07-27T04:13:26Z,2026-07-27T06:13:26+0200,dabcd32d-9433-4dbd-a505-ea8cec1be0d4,2026-07-15T06:00:00Z,2026-07-15T08:00:00+0200,1030.438333,MW,DK1,DK_1,forecast_solar_generation,Solar,2026-07-27T04:17:26Z
2026-07-27T04:13:26Z,2026-07-27T06:13:26+0200,dabcd32d-9433-4dbd-a505-ea8cec1be0d4,2026-07-15T06:15:00Z,2026-07-15T08:15:00+0200,1174.595,MW,DK1,DK_1,forecast_solar_generation,Solar,2026-07-27T04:17:26Z
2026-07-27T04:13:26Z,2026-07-27T06:13:26+0200,dabcd32d-9433-4dbd-a505-ea8cec1be0d4,2026-07-15T06:30:00Z,2026-07-15T08:30:00+0200,1317.313333,MW,DK1,DK_1,forecast_solar_generation,Solar,2026-07-27T04:17:26Z
2026-07-27T04:13:26Z,2026-07-27T06:13:26+0200,dabcd32d-9433-4dbd-a505-ea8cec1be0d4,2026-07-15T06:45:00Z,2026-07-15T08:45:00+0200,1461.296666,MW,DK1,DK_1,forecast_solar_generation,Solar,2026-07-27T04:17:26Z
2026-07-27T04:13:26Z,2026-07-27T06:13:26+0200,dabcd32d-9433-4dbd-a505-ea8cec1be0d4,2026-07-15T07:00:00Z,2026-07-15T09:00:00+0200,1604.498333,MW,DK1,DK_1,forecast_solar_generation,Solar,2026-07-27T04:17:26Z
2026-07-27T04:13:26Z,2026-07-27T06:13:26+0200,dabcd32d-9433-4dbd-a505-ea8cec1be0d4,2026-07-15T07:15:00Z,2026-07-15T09:15:00+0200,1742.678333,MW,DK1,DK_1,forecast_solar_generation,Solar,2026-07-27T04:17:26Z
2026-07-27T04:13:26Z,2026-07-27T06:13:26+0200,dabcd32d-9433-4dbd-a505-ea8cec1be0d4,2026-07-15T07:30:00Z,2026-07-15T09:30:00+0200,1871.348333,MW,DK1,DK_1,forecast_solar_generation,Solar,2026-07-27T04:17:26Z
2026-07-27T04:13:26Z,2026-07-27T06:13:26+0200,dabcd32d-9433-4dbd-a505-ea8cec1be0d4,2026-07-15T07:45:00Z,2026-07-15T09:45:00+0200,1987.533333,MW,DK1,DK_1,forecast_solar_generation,Solar,2026-07-27T04:17:26Z
2026-07-27T04:13:26Z,2026-07-27T06:13:26+0200,dabcd32d-9433-4dbd-a505-ea8cec1be0d4,2026-07-15T08:00:00Z,2026-07-15T10:00:00+0200,2089.246666,MW,DK1,DK_1,forecast_solar_generation,Solar,2026-07-27T04:17:26Z
2026-07-27T04:13:26Z,2026-07-27T06:13:26+0200,dabcd32d-9433-4dbd-a505-ea8cec1be0d4,2026-07-15T08:15:00Z,2026-07-15T10:15:00+0200,2175.141666,MW,DK1,DK_1,forecast_solar_generation,Solar,2026-07-27T04:17:26Z
2026-07-27T04:13:26Z,2026-07-27T06:13:26+0200,dabcd32d-9433-4dbd-a505-ea8cec1be0d4,2026-07-15T08:30:00Z,2026-07-15T10:30:00+0200,2244.591666,MW,DK1,DK_1,forecast_solar_generation,Solar,2026-07-27T04:17:26Z
2026-07-27T04:13:26Z,2026-07-27T06:13:26+0200,dabcd32d-9433-4dbd-a505-ea8cec1be0d4,2026-07-15T08:45:00Z,2026-07-15T10:45:00+0200,2298.786666,MW,DK1,DK_1,forecast_solar_generation,Solar,2026-07-27T04:17:26Z
2026-07-27T04:13:26Z,2026-07-27T06:13:26+0200,dabcd32d-9433-4dbd-a505-ea8cec1be0d4,2026-07-15T09:00:00Z,2026-07-15T11:00:00+0200,2337.715,MW,DK1,DK_1,forecast_solar_generation,Solar,2026-07-27T04:17:26Z
2026-07-27T04:13:26Z,2026-07-27T06:13:26+0200,dabcd32d-9433-4dbd-a505-ea8cec1be0d4,2026-07-15T09:15:00Z,2026-07-15T11:15:00+0200,2367.664999,MW,DK1,DK_1,forecast_solar_generation,Solar,2026-07-27T04:17:26Z
2026-07-27T04:13:26Z,2026-07-27T06:13:26+0200,dabcd32d-9433-4dbd-a505-ea8cec1be0d4,2026-07-15T09:30:00Z,2026-07-15T11:30:00+0200,2392.568333,MW,DK1,DK_1,forecast_solar_generation,Solar,2026-07-27T04:17:26Z
2026-07-27T04:13:26Z,2026-07-27T06:13:26+0200,dabcd32d-9433-4dbd-a505-ea8cec1be0d4,2026-07-15T09:45:00Z,2026-07-15T11:45:00+0200,2414.313333,MW,DK1,DK_1,forecast_solar_generation,Solar,2026-07-27T04:17:26Z
2026-07-27T04:13:26Z,2026-07-27T06:13:26+0200,dabcd32d-9433-4dbd-a505-ea8cec1be0d4,2026-07-15T10:00:00Z,2026-07-15T12:00:00+0200,2433.913333,MW,DK1,DK_1,forecast_solar_generation,Solar,2026-07-27T04:17:26Z
2026-07-27T04:13:26Z,2026-07-27T06:13:26+0200,dabcd32d-9433-4dbd-a505-ea8cec1be0d4,2026-07-15T10:15:00Z,2026-07-15T12:15:00+0200,2451.468333,MW,DK1,DK_1,forecast_solar_generation,Solar,2026-07-27T04:17:26Z
2026-07-27T04:13:26Z,2026-07-27T06:13:26+0200,dabcd32d-9433-4dbd-a505-ea8cec1be0d4,2026-07-15T10:30:00Z,2026-07-15T12:30:00+0200,2466.175,MW,DK1,DK_1,forecast_solar_generation,Solar,2026-07-27T04:17:26Z
2026-07-27T04:13:26Z,2026-07-27T06:13:26+0200,dabcd32d-9433-4dbd-a505-ea8cec1be0d4,2026-07-15T10:45:00Z,2026-07-15T12:45:00+0200,2476.955,MW,DK1,DK_1,forecast_solar_generation,Solar,2026-07-27T04:17:26Z
2026-07-27T04:13:26Z,2026-07-27T06:13:26+0200,dabcd32d-9433-4dbd-a505-ea8cec1be0d4,2026-07-15T11:00:00Z,2026-07-15T13:00:00+0200,2483.563333,MW,DK1,DK_1,forecast_solar_generation,Solar,2026-07-27T04:17:26Z
2026-07-27T04:13:26Z,2026-07-27T06:13:26+0200,dabcd32d-9433-4dbd-a505-ea8cec1be0d4,2026-07-15T11:15:00Z,2026-07-15T13:15:00+0200,2486.145,MW,DK1,DK_1,forecast_solar_generation,Solar,2026-07-27T04:17:26Z
2026-07-27T04:13:26Z,2026-07-27T06:13:26+0200,dabcd32d-9433-4dbd-a505-ea8cec1be0d4,2026-07-15T11:30:00Z,2026-07-15T13:30:00+0200,2484.663333,MW,DK1,DK_1,forecast_solar_generation,Solar,2026-07-27T04:17:26Z
2026-07-27T04:13:26Z,2026-07-27T06:13:26+0200,dabcd32d-9433-4dbd-a505-ea8cec1be0d4,2026-07-15T11:45:00Z,2026-07-15T13:45:00+0200,2478.818333,MW,DK1,DK_1,forecast_solar_generation,Solar,2026-07-27T04:17:26Z
2026-07-27T04:13:26Z,2026-07-27T06:13:26+0200,dabcd32d-9433-4dbd-a505-ea8cec1be0d4,2026-07-15T12:00:00Z,2026-07-15T14:00:00+0200,2468.58,MW,DK1,DK_1,forecast_solar_generation,Solar,2026-07-27T04:17:26Z
2026-07-27T04:13:26Z,2026-07-27T06:13:26+0200,dabcd32d-9433-4dbd-a505-ea8cec1be0d4,2026-07-15T12:15:00Z,2026-07-15T14:15:00+0200,2454.024999,MW,DK1,DK_1,forecast_solar_generation,Solar,2026-07-27T04:17:26Z
2026-07-27T04:13:26Z,2026-07-27T06:13:26+0200,dabcd32d-9433-4dbd-a505-ea8cec1be0d4,2026-07-15T12:30:00Z,2026-07-15T14:30:00+0200,2436.025,MW,DK1,DK_1,forecast_solar_generation,Solar,2026-07-27T04:17:26Z
2026-07-27T04:13:26Z,2026-07-27T06:13:26+0200,dabcd32d-9433-4dbd-a505-ea8cec1be0d4,2026-07-15T12:45:00Z,2026-07-15T14:45:00+0200,2415.705,MW,DK1,DK_1,forecast_solar_generation,Solar,2026-07-27T04:17:26Z
2026-07-27T04:13:26Z,2026-07-27T06:13:26+0200,dabcd32d-9433-4dbd-a505-ea8cec1be0d4,2026-07-15T13:00:00Z,2026-07-15T15:00:00+0200,2393.56,MW,DK1,DK_1,forecast_solar_generation,Solar,2026-07-27T04:17:26Z
2026-07-27T04:13:26Z,2026-07-27T06:13:26+0200,dabcd32d-9433-4dbd-a505-ea8cec1be0d4,2026-07-15T13:15:00Z,2026-07-15T15:15:00+0200,2368.305,MW,DK1,DK_1,forecast_solar_generation,Solar,2026-07-27T04:17:26Z
2026-07-27T04:13:26Z,2026-07-27T06:13:26+0200,dabcd32d-9433-4dbd-a505-ea8cec1be0d4,2026-07-15T13:30:00Z,2026-07-15T15:30:00+0200,2338.648333,MW,DK1,DK_1,forecast_solar_generation,Solar,2026-07-27T04:17:26Z
2026-07-27T04:13:26Z,2026-07-27T06:13:26+0200,dabcd32d-9433-4dbd-a505-ea8cec1be0d4,2026-07-15T13:45:00Z,2026-07-15T15:45:00+0200,2301.676666,MW,DK1,DK_1,forecast_solar_generation,Solar,2026-07-27T04:17:26Z
2026-07-27T04:13:26Z,2026-07-27T06:13:26+0200,dabcd32d-9433-4dbd-a505-ea8cec1be0d4,2026-07-15T14:00:00Z,2026-07-15T16:00:00+0200,2249.816666,MW,DK1,DK_1,forecast_solar_generation,Solar,2026-07-27T04:17:26Z
2026-07-27T04:13:26Z,2026-07-27T06:13:26+0200,dabcd32d-9433-4dbd-a505-ea8cec1be0d4,2026-07-15T14:15:00Z,2026-07-15T16:15:00+0200,2183.424999,MW,DK1,DK_1,forecast_solar_generation,Solar,2026-07-27T04:17:26Z
2026-07-27T04:13:26Z,2026-07-27T06:13:26+0200,dabcd32d-9433-4dbd-a505-ea8cec1be0d4,2026-07-15T14:30:00Z,2026-07-15T16:30:00+0200,2103.446666,MW,DK1,DK_1,forecast_solar_generation,Solar,2026-07-27T04:17:26Z
2026-07-27T04:13:26Z,2026-07-27T06:13:26+0200,dabcd32d-9433-4dbd-a505-ea8cec1be0d4,2026-07-15T14:45:00Z,2026-07-15T16:45:00+0200,2008.791666,MW,DK1,DK_1,forecast_solar_generation,Solar,2026-07-27T04:17:26Z
2026-07-27T04:13:26Z,2026-07-27T06:13:26+0200,dabcd32d-9433-4dbd-a505-ea8cec1be0d4,2026-07-15T15:00:00Z,2026-07-15T17:00:00+0200,1901.236666,MW,DK1,DK_1,forecast_solar_generation,Solar,2026-07-27T04:17:26Z
2026-07-27T04:13:26Z,2026-07-27T06:13:26+0200,dabcd32d-9433-4dbd-a505-ea8cec1be0d4,2026-07-15T15:15:00Z,2026-07-15T17:15:00+0200,1782.47,MW,DK1,DK_1,forecast_solar_generation,Solar,2026-07-27T04:17:26Z
2026-07-27T04:13:26Z,2026-07-27T06:13:26+0200,dabcd32d-9433-4dbd-a505-ea8cec1be0d4,2026-07-15T15:30:00Z,2026-07-15T17:30:00+0200,1655.088333,MW,DK1,DK_1,forecast_solar_generation,Solar,2026-07-27T04:17:26Z
2026-07-27T04:13:26Z,2026-07-27T06:13:26+0200,dabcd32d-9433-4dbd-a505-ea8cec1be0d4,2026-07-15T15:45:00Z,2026-07-15T17:45:00+0200,1524.03,MW,DK1,DK_1,forecast_solar_generation,Solar,2026-07-27T04:17:26Z
2026-07-27T04:13:26Z,2026-07-27T06:13:26+0200,dabcd32d-9433-4dbd-a505-ea8cec1be0d4,2026-07-15T16:00:00Z,2026-07-15T18:00:00+0200,1404.063333,MW,DK1,DK_1,forecast_solar_generation,Solar,2026-07-27T04:17:26Z
2026-07-27T04:13:26Z,2026-07-27T06:13:26+0200,dabcd32d-9433-4dbd-a505-ea8cec1be0d4,2026-07-15T16:15:00Z,2026-07-15T18:15:00+0200,1267.083333,MW,DK1,DK_1,forecast_solar_generation,Solar,2026-07-27T04:17:26Z
2026-07-27T04:13:26Z,2026-07-27T06:13:26+0200,dabcd32d-9433-4dbd-a505-ea8cec1be0d4,2026-07-15T16:30:00Z,2026-07-15T18:30:00+0200,1129.03,MW,DK1,DK_1,forecast_solar_generation,Solar,2026-07-27T04:17:26Z
2026-07-27T04:13:26Z,2026-07-27T06:13:26+0200,dabcd32d-9433-4dbd-a505-ea8cec1be0d4,2026-07-15T16:45:00Z,2026-07-15T18:45:00+0200,992.888333,MW,DK1,DK_1,forecast_solar_generation,Solar,2026-07-27T04:17:26Z
2026-07-27T04:13:26Z,2026-07-27T06:13:26+0200,dabcd32d-9433-4dbd-a505-ea8cec1be0d4,2026-07-15T17:00:00Z,2026-07-15T19:00:00+0200,858.975,MW,DK1,DK_1,forecast_solar_generation,Solar,2026-07-27T04:17:26Z
2026-07-27T04:13:26Z,2026-07-27T06:13:26+0200,dabcd32d-9433-4dbd-a505-ea8cec1be0d4,2026-07-15T17:15:00Z,2026-07-15T19:15:00+0200,727.916666,MW,DK1,DK_1,forecast_solar_generation,Solar,2026-07-27T04:17:26Z
2026-07-27T04:13:26Z,2026-07-27T06:13:26+0200,dabcd32d-9433-4dbd-a505-ea8cec1be0d4,2026-07-15T17:30:00Z,2026-07-15T19:30:00+0200,601.335,MW,DK1,DK_1,forecast_solar_generation,Solar,2026-07-27T04:17:26Z
2026-07-27T04:13:26Z,2026-07-27T06:13:26+0200,dabcd32d-9433-4dbd-a505-ea8cec1be0d4,2026-07-15T17:45:00Z,2026-07-15T19:45:00+0200,481.981666,MW,DK1,DK_1,forecast_solar_generation,Solar,2026-07-27T04:17:26Z
2026-07-27T04:13:26Z,2026-07-27T06:13:26+0200,dabcd32d-9433-4dbd-a505-ea8cec1be0d4,2026-07-15T18:00:00Z,2026-07-15T20:00:00+0200,373.146666,MW,DK1,DK_1,forecast_solar_generation,Solar,2026-07-27T04:17:26Z
2026-07-27T04:13:26Z,2026-07-27T06:13:26+0200,dabcd32d-9433-4dbd-a505-ea8cec1be0d4,2026-07-15T18:15:00Z,2026-07-15T20:15:00+0200,275.325,MW,DK1,DK_1,forecast_solar_generation,Solar,2026-07-27T04:17:26Z
2026-07-27T04:13:26Z,2026-07-27T06:13:26+0200,dabcd32d-9433-4dbd-a505-ea8cec1be0d4,2026-07-15T18:30:00Z,2026-07-15T20:30:00+0200,190.493333,MW,DK1,DK_1,forecast_solar_generation,Solar,2026-07-27T04:17:26Z
2026-07-27T04:13:26Z,2026-07-27T06:13:26+0200,dabcd32d-9433-4dbd-a505-ea8cec1be0d4,2026-07-15T18:45:00Z,2026-07-15T20:45:00+0200,119.398333,MW,DK1,DK_1,forecast_solar_generation,Solar,2026-07-27T04:17:26Z
2026-07-27T04:13:26Z,2026-07-27T06:13:26+0200,dabcd32d-9433-4dbd-a505-ea8cec1be0d4,2026-07-15T19:00:00Z,2026-07-15T21:00:00+0200,62.579999,MW,DK1,DK_1,forecast_solar_generation,Solar,2026-07-27T04:17:26Z
2026-07-27T04:13:26Z,2026-07-27T06:13:26+0200,dabcd32d-9433-4dbd-a505-ea8cec1be0d4,2026-07-15T19:15:00Z,2026-07-15T21:15:00+0200,22.774999,MW,DK1,DK_1,forecast_solar_generation,Solar,2026-07-27T04:17:26Z
2026-07-27T04:13:26Z,2026-07-27T06:13:26+0200,dabcd32d-9433-4dbd-a505-ea8cec1be0d4,2026-07-15T19:30:00Z,2026-07-15T21:30:00+0200,4.518333,MW,DK1,DK_1,forecast_solar_generation,Solar,2026-07-27T04:17:26Z
2026-07-27T04:13:26Z,2026-07-27T06:13:26+0200,dabcd32d-9433-4dbd-a505-ea8cec1be0d4,2026-07-15T19:45:00Z,2026-07-15T21:45:00+0200,0.306666,MW,DK1,DK_1,forecast_solar_generation,Solar,2026-07-27T04:17:26Z
2026-07-27T04:13:26Z,2026-07-27T06:13:26+0200,dabcd32d-9433-4dbd-a505-ea8cec1be0d4,2026-07-15T20:00:00Z,2026-07-15T22:00:00+0200,0.001666,MW,DK1,DK_1,forecast_solar_generation,Solar,2026-07-27T04:17:26Z
2026-07-27T04:13:26Z,2026-07-27T06:13:26+0200,dabcd32d-9433-4dbd-a505-ea8cec1be0d4,2026-07-15T20:15:00Z,2026-07-15T22:15:00+0200,0.0,MW,DK1,DK_1,forecast_solar_generation,Solar,2026-07-27T04:17:26Z
2026-07-27T04:13:26Z,2026-07-27T06:13:26+0200,dabcd32d-9433-4dbd-a505-ea8cec1be0d4,2026-07-15T20:30:00Z,2026-07-15T22:30:00+0200,0.0,MW,DK1,DK_1,forecast_solar_generation,Solar,2026-07-27T04:17:26Z
2026-07-27T04:13:26Z,2026-07-27T06:13:26+0200,dabcd32d-9433-4dbd-a505-ea8cec1be0d4,2026-07-15T20:45:00Z,2026-07-15T22:45:00+0200,0.0,MW,DK1,DK_1,forecast_solar_generation,Solar,2026-07-27T04:17:26Z
2026-07-27T04:13:26Z,2026-07-27T06:13:26+0200,dabcd32d-9433-4dbd-a505-ea8cec1be0d4,2026-07-15T21:00:00Z,2026-07-15T23:00:00+0200,0.0,MW,DK1,DK_1,forecast_solar_generation,Solar,2026-07-27T04:17:26Z
2026-07-27T04:13:26Z,2026-07-27T06:13:26+0200,dabcd32d-9433-4dbd-a505-ea8cec1be0d4,2026-07-15T21:15:00Z,2026-07-15T23:15:00+0200,0.0,MW,DK1,DK_1,forecast_solar_generation,Solar,2026-07-27T04:17:26Z
2026-07-27T04:13:26Z,2026-07-27T06:13:26+0200,dabcd32d-9433-4dbd-a505-ea8cec1be0d4,2026-07-15T21:30:00Z,2026-07-15T23:30:00+0200,0.0,MW,DK1,DK_1,forecast_solar_generation,Solar,2026-07-27T04:17:26Z
2026-07-27T04:13:26Z,2026-07-27T06:13:26+0200,dabcd32d-9433-4dbd-a505-ea8cec1be0d4,2026-07-15T21:45:00Z,2026-07-15T23:45:00+0200,0.0,MW,DK1,DK_1,forecast_solar_generation,Solar,2026-07-27T04:17:26Z
2026-07-27T04:13:26Z,2026-07-27T06:13:26+0200,dabcd32d-9433-4dbd-a505-ea8cec1be0d4,2026-07-15T22:00:00Z,2026-07-16T00:00:00+0200,0.0,MW,DK1,DK_1,forecast_solar_generation,Solar,2026-07-27T04:17:26Z
2026-07-27T04:13:26Z,2026-07-27T06:13:26+0200,dabcd32d-9433-4dbd-a505-ea8cec1be0d4,2026-07-15T22:15:00Z,2026-07-16T00:15:00+0200,0.0,MW,DK1,DK_1,forecast_solar_generation,Solar,2026-07-27T04:17:26Z
2026-07-27T04:13:26Z,2026-07-27T06:13:26+0200,dabcd32d-9433-4dbd-a505-ea8cec1be0d4,2026-07-15T22:30:00Z,2026-07-16T00:30:00+0200,0.0,MW,DK1,DK_1,forecast_solar_generation,Solar,2026-07-27T04:17:26Z
2026-07-27T04:13:26Z,2026-07-27T06:13:26+0200,dabcd32d-9433-4dbd-a505-ea8cec1be0d4,2026-07-15T22:45:00Z,2026-07-16T00:45:00+0200,0.0,MW,DK1,DK_1,forecast_solar_generation,Solar,2026-07-27T04:17:26Z
2026-07-27T04:13:26Z,2026-07-27T06:13:26+0200,dabcd32d-9433-4dbd-a505-ea8cec1be0d4,2026-07-15T23:00:00Z,2026-07-16T01:00:00+0200,0.0,MW,DK1,DK_1,forecast_solar_generation,Solar,2026-07-27T04:17:26Z
2026-07-27T04:13:26Z,2026-07-27T06:13:26+0200,dabcd32d-9433-4dbd-a505-ea8cec1be0d4,2026-07-15T23:15:00Z,2026-07-16T01:15:00+0200,0.0,MW,DK1,DK_1,forecast_solar_generation,Solar,2026-07-27T04:17:26Z
2026-07-27T04:13:26Z,2026-07-27T06:13:26+0200,dabcd32d-9433-4dbd-a505-ea8cec1be0d4,2026-07-15T23:30:00Z,2026-07-16T01:30:00+0200,0.0,MW,DK1,DK_1,forecast_solar_generation,Solar,2026-07-27T04:17:26Z
2026-07-27T04:13:26Z,2026-07-27T06:13:26+0200,dabcd32d-9433-4dbd-a505-ea8cec1be0d4,2026-07-15T23:45:00Z,2026-07-16T01:45:00+0200,0.0,MW,DK1,DK_1,forecast_solar_generation,Solar,2026-07-27T04:17:26Z
2026-07-27T04:13:26Z,2026-07-27T06:13:26+0200,dabcd32d-9433-4dbd-a505-ea8cec1be0d4,2026-07-16T00:00:00Z,2026-07-16T02:00:00+0200,0.0,MW,DK1,DK_1,forecast_solar_generation,Solar,2026-07-27T04:17:26Z
2026-07-27T04:13:26Z,2026-07-27T06:13:26+0200,dabcd32d-9433-4dbd-a505-ea8cec1be0d4,2026-07-16T00:15:00Z,2026-07-16T02:15:00+0200,0.0,MW,DK1,DK_1,forecast_solar_generation,Solar,2026-07-27T04:17:26Z
2026-07-27T04:13:26Z,2026-07-27T06:13:26+0200,dabcd32d-9433-4dbd-a505-ea8cec1be0d4,2026-07-16T00:30:00Z,2026-07-16T02:30:00+0200,0.0,MW,DK1,DK_1,forecast_solar_generation,Solar,2026-07-27T04:17:26Z
2026-07-27T04:13:26Z,2026-07-27T06:13:26+0200,dabcd32d-9433-4dbd-a505-ea8cec1be0d4,2026-07-16T00:45:00Z,2026-07-16T02:45:00+0200,0.0,MW,DK1,DK_1,forecast_solar_generation,Solar,2026-07-27T04:17:26Z
2026-07-27T04:13:26Z,2026-07-27T06:13:26+0200,dabcd32d-9433-4dbd-a505-ea8cec1be0d4,2026-07-16T01:00:00Z,2026-07-16T03:00:00+0200,0.0,MW,DK1,DK_1,forecast_solar_generation,Solar,2026-07-27T04:17:26Z
2026-07-27T04:13:26Z,2026-07-27T06:13:26+0200,dabcd32d-9433-4dbd-a505-ea8cec1be0d4,2026-07-16T01:15:00Z,2026-07-16T03:15:00+0200,0.0,MW,DK1,DK_1,forecast_solar_generation,Solar,2026-07-27T04:17:26Z
2026-07-27T04:13:26Z,2026-07-27T06:13:26+0200,dabcd32d-9433-4dbd-a505-ea8cec1be0d4,2026-07-16T01:30:00Z,2026-07-16T03:30:00+0200,0.0,MW,DK1,DK_1,forecast_solar_generation,Solar,2026-07-27T04:17:26Z
2026-07-27T04:13:26Z,2026-07-27T06:13:26+0200,dabcd32d-9433-4dbd-a505-ea8cec1be0d4,2026-07-16T01:45:00Z,2026-07-16T03:45:00+0200,0.0,MW,DK1,DK_1,forecast_solar_generation,Solar,2026-07-27T04:17:26Z
2026-07-27T04:13:26Z,2026-07-27T06:13:26+0200,dabcd32d-9433-4dbd-a505-ea8cec1be0d4,2026-07-16T02:00:00Z,2026-07-16T04:00:00+0200,0.0,MW,DK1,DK_1,forecast_solar_generation,Solar,2026-07-27T04:17:26Z
2026-07-27T04:13:26Z,2026-07-27T06:13:26+0200,dabcd32d-9433-4dbd-a505-ea8cec1be0d4,2026-07-16T02:15:00Z,2026-07-16T04:15:00+0200,0.0,MW,DK1,DK_1,forecast_solar_generation,Solar,2026-07-27T04:17:26Z
2026-07-27T04:13:26Z,2026-07-27T06:13:26+0200,dabcd32d-9433-4dbd-a505-ea8cec1be0d4,2026-07-16T02:30:00Z,2026-07-16T04:30:00+0200,0.0,MW,DK1,DK_1,forecast_solar_generation,Solar,2026-07-27T04:17:26Z
2026-07-27T04:13:26Z,2026-07-27T06:13:26+0200,dabcd32d-9433-4dbd-a505-ea8cec1be0d4,2026-07-16T02:45:00Z,2026-07-16T04:45:00+0200,0.011666,MW,DK1,DK_1,forecast_solar_generation,Solar,2026-07-27T04:17:26Z
2026-07-27T04:13:26Z,2026-07-27T06:13:26+0200,dabcd32d-9433-4dbd-a505-ea8cec1be0d4,2026-07-16T03:00:00Z,2026-07-16T05:00:00+0200,0.545,MW,DK1,DK_1,forecast_solar_generation,Solar,2026-07-27T04:17:26Z
2026-07-27T04:13:26Z,2026-07-27T06:13:26+0200,dabcd32d-9433-4dbd-a505-ea8cec1be0d4,2026-07-16T03:15:00Z,2026-07-16T05:15:00+0200,6.289999,MW,DK1,DK_1,forecast_solar_generation,Solar,2026-07-27T04:17:26Z
2026-07-27T04:13:26Z,2026-07-27T06:13:26+0200,dabcd32d-9433-4dbd-a505-ea8cec1be0d4,2026-07-16T03:30:00Z,2026-07-16T05:30:00+0200,28.186666,MW,DK1,DK_1,forecast_solar_generation,Solar,2026-07-27T04:17:26Z
2026-07-27T04:13:26Z,2026-07-27T06:13:26+0200,dabcd32d-9433-4dbd-a505-ea8cec1be0d4,2026-07-16T03:45:00Z,2026-07-16T05:45:00+0200,69.748333,MW,DK1,DK_1,forecast_solar_generation,Solar,2026-07-27T04:17:26Z
2026-07-27T04:13:26Z,2026-07-27T06:13:26+0200,dabcd32d-9433-4dbd-a505-ea8cec1be0d4,2026-07-16T04:00:00Z,2026-07-16T06:00:00+0200,125.463333,MW,DK1,DK_1,forecast_solar_generation,Solar,2026-07-27T04:17:26Z
2026-07-27T04:13:26Z,2026-07-27T06:13:26+0200,dabcd32d-9433-4dbd-a505-ea8cec1be0d4,2026-07-16T04:15:00Z,2026-07-16T06:15:00+0200,193.595,MW,DK1,DK_1,forecast_solar_generation,Solar,2026-07-27T04:17:26Z
2026-07-27T04:13:26Z,2026-07-27T06:13:26+0200,dabcd32d-9433-4dbd-a505-ea8cec1be0d4,2026-07-16T04:30:00Z,2026-07-16T06:30:00+0200,274.826666,MW,DK1,DK_1,forecast_solar_generation,Solar,2026-07-27T04:17:26Z
2026-07-27T04:13:26Z,2026-07-27T06:13:26+0200,dabcd32d-9433-4dbd-a505-ea8cec1be0d4,2026-07-16T04:45:00Z,2026-07-16T06:45:00+0200,368.456666,MW,DK1,DK_1,forecast_solar_generation,Solar,2026-07-27T04:17:26Z
2026-07-27T04:13:26Z,2026-07-27T06:13:26+0200,dabcd32d-9433-4dbd-a505-ea8cec1be0d4,2026-07-16T05:00:00Z,2026-07-16T07:00:00+0200,473.649999,MW,DK1,DK_1,forecast_solar_generation,Solar,2026-07-27T04:17:26Z
2026-07-27T04:13:26Z,2026-07-27T06:13:26+0200,dabcd32d-9433-4dbd-a505-ea8cec1be0d4,2026-07-16T05:15:00Z,2026-07-16T07:15:00+0200,587.813333,MW,DK1,DK_1,forecast_solar_generation,Solar,2026-07-27T04:17:26Z
2026-07-27T04:13:26Z,2026-07-27T06:13:26+0200,dabcd32d-9433-4dbd-a505-ea8cec1be0d4,2026-07-16T05:30:00Z,2026-07-16T07:30:00+0200,709.791666,MW,DK1,DK_1,forecast_solar_generation,Solar,2026-07-27T04:17:26Z
2026-07-27T04:13:26Z,2026-07-27T06:13:26+0200,dabcd32d-9433-4dbd-a505-ea8cec1be0d4,2026-07-16T05:45:00Z,2026-07-16T07:45:00+0200,836.49,MW,DK1,DK_1,forecast_solar_generation,Solar,2026-07-27T04:17:26Z
2026-07-27T04:13:26Z,2026-07-27T06:13:26+0200,dabcd32d-9433-4dbd-a505-ea8cec1be0d4,2026-07-16T06:00:00Z,2026-07-16T08:00:00+0200,955.493333,MW,DK1,DK_1,forecast_solar_generation,Solar,2026-07-27T04:17:26Z
2026-07-27T04:13:26Z,2026-07-27T06:13:26+0200,dabcd32d-9433-4dbd-a505-ea8cec1be0d4,2026-07-16T06:15:00Z,2026-07-16T08:15:00+0200,1086.766666,MW,DK1,DK_1,forecast_solar_generation,Solar,2026-07-27T04:17:26Z
2026-07-27T04:13:26Z,2026-07-27T06:13:26+0200,dabcd32d-9433-4dbd-a505-ea8cec1be0d4,2026-07-16T06:30:00Z,2026-07-16T08:30:00+0200,1218.318333,MW,DK1,DK_1,forecast_solar_generation,Solar,2026-07-27T04:17:26Z
2026-07-27T04:13:26Z,2026-07-27T06:13:26+0200,dabcd32d-9433-4dbd-a505-ea8cec1be0d4,2026-07-16T06:45:00Z,2026-07-16T08:45:00+0200,1343.348333,MW,DK1,DK_1,forecast_solar_generation,Solar,2026-07-27T04:17:26Z
2026-07-27T04:13:26Z,2026-07-27T06:13:26+0200,dabcd32d-9433-4dbd-a505-ea8cec1be0d4,2026-07-16T07:00:00Z,2026-07-16T09:00:00+0200,1454.835,MW,DK1,DK_1,forecast_solar_generation,Solar,2026-07-27T04:17:26Z
2026-07-27T04:13:26Z,2026-07-27T06:13:26+0200,dabcd32d-9433-4dbd-a505-ea8cec1be0d4,2026-07-16T07:15:00Z,2026-07-16T09:15:00+0200,1571.333333,MW,DK1,DK_1,forecast_solar_generation,Solar,2026-07-27T04:17:26Z
2026-07-27T04:13:26Z,2026-07-27T06:13:26+0200,dabcd32d-9433-4dbd-a505-ea8cec1be0d4,2026-07-16T07:30:00Z,2026-07-16T09:30:00+0200,1683.345,MW,DK1,DK_1,forecast_solar_generation,Solar,2026-07-27T04:17:26Z
2026-07-27T04:13:26Z,2026-07-27T06:13:26+0200,dabcd32d-9433-4dbd-a505-ea8cec1be0d4,2026-07-16T07:45:00Z,2026-07-16T09:45:00+0200,1783.631666,MW,DK1,DK_1,forecast_solar_generation,Solar,2026-07-27T04:17:26Z
2026-07-27T04:13:26Z,2026-07-27T06:13:26+0200,dabcd32d-9433-4dbd-a505-ea8cec1be0d4,2026-07-16T08:00:00Z,2026-07-16T10:00:00+0200,1870.786666,MW,DK1,DK_1,forecast_solar_generation,Solar,2026-07-27T04:17:26Z
2026-07-27T04:13:26Z,2026-07-27T06:13:26+0200,dabcd32d-9433-4dbd-a505-ea8cec1be0d4,2026-07-16T08:15:00Z,2026-07-16T10:15:00+0200,1945.003333,MW,DK1,DK_1,forecast_solar_generation,Solar,2026-07-27T04:17:26Z
2026-07-27T04:13:26Z,2026-07-27T06:13:26+0200,dabcd32d-9433-4dbd-a505-ea8cec1be0d4,2026-07-16T08:30:00Z,2026-07-16T10:30:00+0200,2008.678333,MW,DK1,DK_1,forecast_solar_generation,Solar,2026-07-27T04:17:26Z
2026-07-27T04:13:26Z,2026-07-27T06:13:26+0200,dabcd32d-9433-4dbd-a505-ea8cec1be0d4,2026-07-16T08:45:00Z,2026-07-16T10:45:00+0200,2064.333333,MW,DK1,DK_1,forecast_solar_generation,Solar,2026-07-27T04:17:26Z
2026-07-27T04:13:26Z,2026-07-27T06:13:26+0200,dabcd32d-9433-4dbd-a505-ea8cec1be0d4,2026-07-16T09:00:00Z,2026-07-16T11:00:00+0200,2109.54,MW,DK1,DK_1,forecast_solar_generation,Solar,2026-07-27T04:17:26Z
2026-07-27T04:13:26Z,2026-07-27T06:13:26+0200,dabcd32d-9433-4dbd-a505-ea8cec1be0d4,2026-07-16T09:15:00Z,2026-07-16T11:15:00+0200,2145.258333,MW,DK1,DK_1,forecast_solar_generation,Solar,2026-07-27T04:17:26Z
2026-07-27T04:13:26Z,2026-07-27T06:13:26+0200,dabcd32d-9433-4dbd-a505-ea8cec1be0d4,2026-07-16T09:30:00Z,2026-07-16T11:30:00+0200,2174.4,MW,DK1,DK_1,forecast_solar_generation,Solar,2026-07-27T04:17:26Z
2026-07-27T04:13:26Z,2026-07-27T06:13:26+0200,dabcd32d-9433-4dbd-a505-ea8cec1be0d4,2026-07-16T09:45:00Z,2026-07-16T11:45:00+0200,2199.853333,MW,DK1,DK_1,forecast_solar_generation,Solar,2026-07-27T04:17:26Z
2026-07-27T04:13:26Z,2026-07-27T06:13:26+0200,dabcd32d-9433-4dbd-a505-ea8cec1be0d4,2026-07-16T10:00:00Z,2026-07-16T12:00:00+0200,2234.04,MW,DK1,DK_1,forecast_solar_generation,Solar,2026-07-27T04:17:26Z
2026-07-27T04:13:26Z,2026-07-27T06:13:26+0200,dabcd32d-9433-4dbd-a505-ea8cec1be0d4,2026-07-16T10:15:00Z,2026-07-16T12:15:00+0200,2253.846666,MW,DK1,DK_1,forecast_solar_generation,Solar,2026-07-27T04:17:26Z
2026-07-27T04:13:26Z,2026-07-27T06:13:26+0200,dabcd32d-9433-4dbd-a505-ea8cec1be0d4,2026-07-16T10:30:00Z,2026-07-16T12:30:00+0200,2268.268333,MW,DK1,DK_1,forecast_solar_generation,Solar,2026-07-27T04:17:26Z
2026-07-27T04:13:26Z,2026-07-27T06:13:26+0200,dabcd32d-9433-4dbd-a505-ea8cec1be0d4,2026-07-16T10:45:00Z,2026-07-16T12:45:00+0200,2278.073333,MW,DK1,DK_1,forecast_solar_generation,Solar,2026-07-27T04:17:26Z
2026-07-27T04:13:26Z,2026-07-27T06:13:26+0200,dabcd32d-9433-4dbd-a505-ea8cec1be0d4,2026-07-16T11:00:00Z,2026-07-16T13:00:00+0200,2280.661666,MW,DK1,DK_1,forecast_solar_generation,Solar,2026-07-27T04:17:26Z
2026-07-27T04:13:26Z,2026-07-27T06:13:26+0200,dabcd32d-9433-4dbd-a505-ea8cec1be0d4,2026-07-16T11:15:00Z,2026-07-16T13:15:00+0200,2277.98,MW,DK1,DK_1,forecast_solar_generation,Solar,2026-07-27T04:17:26Z
2026-07-27T04:13:26Z,2026-07-27T06:13:26+0200,dabcd32d-9433-4dbd-a505-ea8cec1be0d4,2026-07-16T11:30:00Z,2026-07-16T13:30:00+0200,2270.666666,MW,DK1,DK_1,forecast_solar_generation,Solar,2026-07-27T04:17:26Z
2026-07-27T04:13:26Z,2026-07-27T06:13:26+0200,dabcd32d-9433-4dbd-a505-ea8cec1be0d4,2026-07-16T11:45:00Z,2026-07-16T13:45:00+0200,2256.48,MW,DK1,DK_1,forecast_solar_generation,Solar,2026-07-27T04:17:26Z
2026-07-27T04:13:26Z,2026-07-27T06:13:26+0200,dabcd32d-9433-4dbd-a505-ea8cec1be0d4,2026-07-16T12:00:00Z,2026-07-16T14:00:00+0200,2237.171666,MW,DK1,DK_1,forecast_solar_generation,Solar,2026-07-27T04:17:26Z
2026-07-27T04:13:26Z,2026-07-27T06:13:26+0200,dabcd32d-9433-4dbd-a505-ea8cec1be0d4,2026-07-16T12:15:00Z,2026-07-16T14:15:00+0200,2216.365,MW,DK1,DK_1,forecast_solar_generation,Solar,2026-07-27T04:17:26Z
2026-07-27T04:13:26Z,2026-07-27T06:13:26+0200,dabcd32d-9433-4dbd-a505-ea8cec1be0d4,2026-07-16T12:30:00Z,2026-07-16T14:30:00+0200,2195.566666,MW,DK1,DK_1,forecast_solar_generation,Solar,2026-07-27T04:17:26Z
2026-07-27T04:13:26Z,2026-07-27T06:13:26+0200,dabcd32d-9433-4dbd-a505-ea8cec1be0d4,2026-07-16T12:45:00Z,2026-07-16T14:45:00+0200,2175.575,MW,DK1,DK_1,forecast_solar_generation,Solar,2026-07-27T04:17:26Z
2026-07-27T04:13:26Z,2026-07-27T06:13:26+0200,dabcd32d-9433-4dbd-a505-ea8cec1be0d4,2026-07-16T13:00:00Z,2026-07-16T15:00:00+0200,2155.96,MW,DK1,DK_1,forecast_solar_generation,Solar,2026-07-27T04:17:26Z
2026-07-27T04:13:26Z,2026-07-27T06:13:26+0200,dabcd32d-9433-4dbd-a505-ea8cec1be0d4,2026-07-16T13:15:00Z,2026-07-16T15:15:00+0200,2134.876666,MW,DK1,DK_1,forecast_solar_generation,Solar,2026-07-27T04:17:26Z
2026-07-27T04:13:26Z,2026-07-27T06:13:26+0200,dabcd32d-9433-4dbd-a505-ea8cec1be0d4,2026-07-16T13:30:00Z,2026-07-16T15:30:00+0200,2110.379999,MW,DK1,DK_1,forecast_solar_generation,Solar,2026-07-27T04:17:26Z
2026-07-27T04:13:26Z,2026-07-27T06:13:26+0200,dabcd32d-9433-4dbd-a505-ea8cec1be0d4,2026-07-16T13:45:00Z,2026-07-16T15:45:00+0200,2080.775,MW,DK1,DK_1,forecast_solar_generation,Solar,2026-07-27T04:17:26Z
2026-07-27T04:13:26Z,2026-07-27T06:13:26+0200,dabcd32d-9433-4dbd-a505-ea8cec1be0d4,2026-07-16T14:00:00Z,2026-07-16T16:00:00+0200,2038.478333,MW,DK1,DK_1,forecast_solar_generation,Solar,2026-07-27T04:17:26Z
2026-07-27T04:13:26Z,2026-07-27T06:13:26+0200,dabcd32d-9433-4dbd-a505-ea8cec1be0d4,2026-07-16T14:15:00Z,2026-07-16T16:15:00+0200,1982.75,MW,DK1,DK_1,forecast_solar_generation,Solar,2026-07-27T04:17:26Z
2026-07-27T04:13:26Z,2026-07-27T06:13:26+0200,dabcd32d-9433-4dbd-a505-ea8cec1be0d4,2026-07-16T14:30:00Z,2026-07-16T16:30:00+0200,1911.663333,MW,DK1,DK_1,forecast_solar_generation,Solar,2026-07-27T04:17:26Z
2026-07-27T04:13:26Z,2026-07-27T06:13:26+0200,dabcd32d-9433-4dbd-a505-ea8cec1be0d4,2026-07-16T14:45:00Z,2026-07-16T16:45:00+0200,1821.185,MW,DK1,DK_1,forecast_solar_generation,Solar,2026-07-27T04:17:26Z
2026-07-27T04:13:26Z,2026-07-27T06:13:26+0200,dabcd32d-9433-4dbd-a505-ea8cec1be0d4,2026-07-16T15:00:00Z,2026-07-16T17:00:00+0200,1717.314999,MW,DK1,DK_1,forecast_solar_generation,Solar,2026-07-27T04:17:26Z
2026-07-27T04:13:26Z,2026-07-27T06:13:26+0200,dabcd32d-9433-4dbd-a505-ea8cec1be0d4,2026-07-16T15:15:00Z,2026-07-16T17:15:00+0200,1606.091666,MW,DK1,DK_1,forecast_solar_generation,Solar,2026-07-27T04:17:26Z
2026-07-27T04:13:26Z,2026-07-27T06:13:26+0200,dabcd32d-9433-4dbd-a505-ea8cec1be0d4,2026-07-16T15:30:00Z,2026-07-16T17:30:00+0200,1492.533333,MW,DK1,DK_1,forecast_solar_generation,Solar,2026-07-27T04:17:26Z
2026-07-27T04:13:26Z,2026-07-27T06:13:26+0200,dabcd32d-9433-4dbd-a505-ea8cec1be0d4,2026-07-16T15:45:00Z,2026-07-16T17:45:00+0200,1378.171666,MW,DK1,DK_1,forecast_solar_generation,Solar,2026-07-27T04:17:26Z
2026-07-27T04:13:26Z,2026-07-27T06:13:26+0200,dabcd32d-9433-4dbd-a505-ea8cec1be0d4,2026-07-16T16:00:00Z,2026-07-16T18:00:00+0200,1274.598333,MW,DK1,DK_1,forecast_solar_generation,Solar,2026-07-27T04:17:26Z
2026-07-27T04:13:26Z,2026-07-27T06:13:26+0200,dabcd32d-9433-4dbd-a505-ea8cec1be0d4,2026-07-16T16:15:00Z,2026-07-16T18:15:00+0200,1152.555,MW,DK1,DK_1,forecast_solar_generation,Solar,2026-07-27T04:17:26Z
2026-07-27T04:13:26Z,2026-07-27T06:13:26+0200,dabcd32d-9433-4dbd-a505-ea8cec1be0d4,2026-07-16T16:30:00Z,2026-07-16T18:30:00+0200,1027.07,MW,DK1,DK_1,forecast_solar_generation,Solar,2026-07-27T04:17:26Z
2026-07-27T04:13:26Z,2026-07-27T06:13:26+0200,dabcd32d-9433-4dbd-a505-ea8cec1be0d4,2026-07-16T16:45:00Z,2026-07-16T18:45:00+0200,902.52,MW,DK1,DK_1,forecast_solar_generation,Solar,2026-07-27T04:17:26Z
2026-07-27T04:13:26Z,2026-07-27T06:13:26+0200,dabcd32d-9433-4dbd-a505-ea8cec1be0d4,2026-07-16T17:00:00Z,2026-07-16T19:00:00+0200,780.055,MW,DK1,DK_1,forecast_solar_generation,Solar,2026-07-27T04:17:26Z
2026-07-27T04:13:26Z,2026-07-27T06:13:26+0200,dabcd32d-9433-4dbd-a505-ea8cec1be0d4,2026-07-16T17:15:00Z,2026-07-16T19:15:00+0200,660.408333,MW,DK1,DK_1,forecast_solar_generation,Solar,2026-07-27T04:17:26Z
2026-07-27T04:13:26Z,2026-07-27T06:13:26+0200,dabcd32d-9433-4dbd-a505-ea8cec1be0d4,2026-07-16T17:30:00Z,2026-07-16T19:30:00+0200,545.18,MW,DK1,DK_1,forecast_solar_generation,Solar,2026-07-27T04:17:26Z
2026-07-27T04:13:26Z,2026-07-27T06:13:26+0200,dabcd32d-9433-4dbd-a505-ea8cec1be0d4,2026-07-16T17:45:00Z,2026-07-16T19:45:00+0200,437.235,MW,DK1,DK_1,forecast_solar_generation,Solar,2026-07-27T04:17:26Z
2026-07-27T04:13:26Z,2026-07-27T06:13:26+0200,dabcd32d-9433-4dbd-a505-ea8cec1be0d4,2026-07-16T18:00:00Z,2026-07-16T20:00:00+0200,338.851666,MW,DK1,DK_1,forecast_solar_generation,Solar,2026-07-27T04:17:26Z
2026-07-27T04:13:26Z,2026-07-27T06:13:26+0200,dabcd32d-9433-4dbd-a505-ea8cec1be0d4,2026-07-16T18:15:00Z,2026-07-16T20:15:00+0200,250.141666,MW,DK1,DK_1,forecast_solar_generation,Solar,2026-07-27T04:17:26Z
2026-07-27T04:13:26Z,2026-07-27T06:13:26+0200,dabcd32d-9433-4dbd-a505-ea8cec1be0d4,2026-07-16T18:30:00Z,2026-07-16T20:30:00+0200,173.176666,MW,DK1,DK_1,forecast_solar_generation,Solar,2026-07-27T04:17:26Z
2026-07-27T04:13:26Z,2026-07-27T06:13:26+0200,dabcd32d-9433-4dbd-a505-ea8cec1be0d4,2026-07-16T18:45:00Z,2026-07-16T20:45:00+0200,108.998333,MW,DK1,DK_1,forecast_solar_generation,Solar,2026-07-27T04:17:26Z
2026-07-27T04:13:26Z,2026-07-27T06:13:26+0200,dabcd32d-9433-4dbd-a505-ea8cec1be0d4,2026-07-16T19:00:00Z,2026-07-16T21:00:00+0200,56.94,MW,DK1,DK_1,forecast_solar_generation,Solar,2026-07-27T04:17:26Z
2026-07-27T04:13:26Z,2026-07-27T06:13:26+0200,dabcd32d-9433-4dbd-a505-ea8cec1be0d4,2026-07-16T19:15:00Z,2026-07-16T21:15:00+0200,20.115,MW,DK1,DK_1,forecast_solar_generation,Solar,2026-07-27T04:17:26Z
2026-07-27T04:13:26Z,2026-07-27T06:13:26+0200,dabcd32d-9433-4dbd-a505-ea8cec1be0d4,2026-07-16T19:30:00Z,2026-07-16T21:30:00+0200,3.765,MW,DK1,DK_1,forecast_solar_generation,Solar,2026-07-27T04:17:26Z
2026-07-27T04:13:26Z,2026-07-27T06:13:26+0200,dabcd32d-9433-4dbd-a505-ea8cec1be0d4,2026-07-16T19:45:00Z,2026-07-16T21:45:00+0200,0.233333,MW,DK1,DK_1,forecast_solar_generation,Solar,2026-07-27T04:17:26Z
2026-07-27T04:13:26Z,2026-07-27T06:13:26+0200,dabcd32d-9433-4dbd-a505-ea8cec1be0d4,2026-07-16T20:00:00Z,2026-07-16T22:00:00+0200,0.001666,MW,DK1,DK_1,forecast_solar_generation,Solar,2026-07-27T04:17:26Z
2026-07-27T04:13:26Z,2026-07-27T06:13:26+0200,dabcd32d-9433-4dbd-a505-ea8cec1be0d4,2026-07-16T20:15:00Z,2026-07-16T22:15:00+0200,0.0,MW,DK1,DK_1,forecast_solar_generation,Solar,2026-07-27T04:17:26Z
2026-07-27T04:13:26Z,2026-07-27T06:13:26+0200,dabcd32d-9433-4dbd-a505-ea8cec1be0d4,2026-07-16T20:30:00Z,2026-07-16T22:30:00+0200,0.0,MW,DK1,DK_1,forecast_solar_generation,Solar,2026-07-27T04:17:26Z
2026-07-27T04:13:26Z,2026-07-27T06:13:26+0200,dabcd32d-9433-4dbd-a505-ea8cec1be0d4,2026-07-16T20:45:00Z,2026-07-16T22:45:00+0200,0.0,MW,DK1,DK_1,forecast_solar_generation,Solar,2026-07-27T04:17:26Z
2026-07-27T04:13:26Z,2026-07-27T06:13:26+0200,dabcd32d-9433-4dbd-a505-ea8cec1be0d4,2026-07-16T21:00:00Z,2026-07-16T23:00:00+0200,0.0,MW,DK1,DK_1,forecast_solar_generation,Solar,2026-07-27T04:17:26Z
2026-07-27T04:13:26Z,2026-07-27T06:13:26+0200,dabcd32d-9433-4dbd-a505-ea8cec1be0d4,2026-07-16T21:15:00Z,2026-07-16T23:15:00+0200,0.0,MW,DK1,DK_1,forecast_solar_generation,Solar,2026-07-27T04:17:26Z
2026-07-27T04:13:26Z,2026-07-27T06:13:26+0200,dabcd32d-9433-4dbd-a505-ea8cec1be0d4,2026-07-16T21:30:00Z,2026-07-16T23:30:00+0200,0.0,MW,DK1,DK_1,forecast_solar_generation,Solar,2026-07-27T04:17:26Z
2026-07-27T04:13:26Z,2026-07-27T06:13:26+0200,dabcd32d-9433-4dbd-a505-ea8cec1be0d4,2026-07-16T21:45:00Z,2026-07-16T23:45:00+0200,0.0,MW,DK1,DK_1,forecast_solar_generation,Solar,2026-07-27T04:17:26Z
2026-07-27T04:13:26Z,2026-07-27T06:13:26+0200,dabcd32d-9433-4dbd-a505-ea8cec1be0d4,2026-07-16T22:00:00Z,2026-07-17T00:00:00+0200,0.0,MW,DK1,DK_1,forecast_solar_generation,Solar,2026-07-27T04:17:26Z
2026-07-27T04:13:26Z,2026-07-27T06:13:26+0200,dabcd32d-9433-4dbd-a505-ea8cec1be0d4,2026-07-16T22:15:00Z,2026-07-17T00:15:00+0200,0.0,MW,DK1,DK_1,forecast_solar_generation,Solar,2026-07-27T04:17:26Z
2026-07-27T04:13:26Z,2026-07-27T06:13:26+0200,dabcd32d-9433-4dbd-a505-ea8cec1be0d4,2026-07-16T22:30:00Z,2026-07-17T00:30:00+0200,0.0,MW,DK1,DK_1,forecast_solar_generation,Solar,2026-07-27T04:17:26Z
2026-07-27T04:13:26Z,2026-07-27T06:13:26+0200,dabcd32d-9433-4dbd-a505-ea8cec1be0d4,2026-07-16T22:45:00Z,2026-07-17T00:45:00+0200,0.0,MW,DK1,DK_1,forecast_solar_generation,Solar,2026-07-27T04:17:26Z
2026-07-27T04:13:26Z,2026-07-27T06:13:26+0200,dabcd32d-9433-4dbd-a505-ea8cec1be0d4,2026-07-16T23:00:00Z,2026-07-17T01:00:00+0200,0.0,MW,DK1,DK_1,forecast_solar_generation,Solar,2026-07-27T04:17:26Z
2026-07-27T04:13:26Z,2026-07-27T06:13:26+0200,dabcd32d-9433-4dbd-a505-ea8cec1be0d4,2026-07-16T23:15:00Z,2026-07-17T01:15:00+0200,0.0,MW,DK1,DK_1,forecast_solar_generation,Solar,2026-07-27T04:17:26Z
2026-07-27T04:13:26Z,2026-07-27T06:13:26+0200,dabcd32d-9433-4dbd-a505-ea8cec1be0d4,2026-07-16T23:30:00Z,2026-07-17T01:30:00+0200,0.0,MW,DK1,DK_1,forecast_solar_generation,Solar,2026-07-27T04:17:26Z
2026-07-27T04:13:26Z,2026-07-27T06:13:26+0200,dabcd32d-9433-4dbd-a505-ea8cec1be0d4,2026-07-16T23:45:00Z,2026-07-17T01:45:00+0200,0.0,MW,DK1,DK_1,forecast_solar_generation,Solar,2026-07-27T04:17:26Z
2026-07-27T04:13:26Z,2026-07-27T06:13:26+0200,dabcd32d-9433-4dbd-a505-ea8cec1be0d4,2026-07-17T00:00:00Z,2026-07-17T02:00:00+0200,0.0,MW,DK1,DK_1,forecast_solar_generation,Solar,2026-07-27T04:17:26Z
2026-07-27T04:13:26Z,2026-07-27T06:13:26+0200,dabcd32d-9433-4dbd-a505-ea8cec1be0d4,2026-07-17T00:15:00Z,2026-07-17T02:15:00+0200,0.0,MW,DK1,DK_1,forecast_solar_generation,Solar,2026-07-27T04:17:26Z
2026-07-27T04:13:26Z,2026-07-27T06:13:26+0200,dabcd32d-9433-4dbd-a505-ea8cec1be0d4,2026-07-17T00:30:00Z,2026-07-17T02:30:00+0200,0.0,MW,DK1,DK_1,forecast_solar_generation,Solar,2026-07-27T04:17:26Z
2026-07-27T04:13:26Z,2026-07-27T06:13:26+0200,dabcd32d-9433-4dbd-a505-ea8cec1be0d4,2026-07-17T00:45:00Z,2026-07-17T02:45:00+0200,0.0,MW,DK1,DK_1,forecast_solar_generation,Solar,2026-07-27T04:17:26Z
2026-07-27T04:13:26Z,2026-07-27T06:13:26+0200,dabcd32d-9433-4dbd-a505-ea8cec1be0d4,2026-07-17T01:00:00Z,2026-07-17T03:00:00+0200,0.0,MW,DK1,DK_1,forecast_solar_generation,Solar,2026-07-27T04:17:26Z
2026-07-27T04:13:26Z,2026-07-27T06:13:26+0200,dabcd32d-9433-4dbd-a505-ea8cec1be0d4,2026-07-17T01:15:00Z,2026-07-17T03:15:00+0200,0.0,MW,DK1,DK_1,forecast_solar_generation,Solar,2026-07-27T04:17:26Z
2026-07-27T04:13:26Z,2026-07-27T06:13:26+0200,dabcd32d-9433-4dbd-a505-ea8cec1be0d4,2026-07-17T01:30:00Z,2026-07-17T03:30:00+0200,0.0,MW,DK1,DK_1,forecast_solar_generation,Solar,2026-07-27T04:17:26Z
2026-07-27T04:13:26Z,2026-07-27T06:13:26+0200,dabcd32d-9433-4dbd-a505-ea8cec1be0d4,2026-07-17T01:45:00Z,2026-07-17T03:45:00+0200,0.0,MW,DK1,DK_1,forecast_solar_generation,Solar,2026-07-27T04:17:26Z
2026-07-27T04:13:26Z,2026-07-27T06:13:26+0200,dabcd32d-9433-4dbd-a505-ea8cec1be0d4,2026-07-17T02:00:00Z,2026-07-17T04:00:00+0200,0.0,MW,DK1,DK_1,forecast_solar_generation,Solar,2026-07-27T04:17:26Z
2026-07-27T04:13:26Z,2026-07-27T06:13:26+0200,dabcd32d-9433-4dbd-a505-ea8cec1be0d4,2026-07-17T02:15:00Z,2026-07-17T04:15:00+0200,0.0,MW,DK1,DK_1,forecast_solar_generation,Solar,2026-07-27T04:17:26Z
2026-07-27T04:13:26Z,2026-07-27T06:13:26+0200,dabcd32d-9433-4dbd-a505-ea8cec1be0d4,2026-07-17T02:30:00Z,2026-07-17T04:30:00+0200,0.0,MW,DK1,DK_1,forecast_solar_generation,Solar,2026-07-27T04:17:26Z
2026-07-27T04:13:26Z,2026-07-27T06:13:26+0200,dabcd32d-9433-4dbd-a505-ea8cec1be0d4,2026-07-17T02:45:00Z,2026-07-17T04:45:00+0200,0.008333,MW,DK1,DK_1,forecast_solar_generation,Solar,2026-07-27T04:17:26Z
2026-07-27T04:13:26Z,2026-07-27T06:13:26+0200,dabcd32d-9433-4dbd-a505-ea8cec1be0d4,2026-07-17T03:00:00Z,2026-07-17T05:00:00+0200,0.378333,MW,DK1,DK_1,forecast_solar_generation,Solar,2026-07-27T04:17:26Z
2026-07-27T04:13:26Z,2026-07-27T06:13:26+0200,dabcd32d-9433-4dbd-a505-ea8cec1be0d4,2026-07-17T03:15:00Z,2026-07-17T05:15:00+0200,4.773333,MW,DK1,DK_1,forecast_solar_generation,Solar,2026-07-27T04:17:26Z
2026-07-27T04:13:26Z,2026-07-27T06:13:26+0200,dabcd32d-9433-4dbd-a505-ea8cec1be0d4,2026-07-17T03:30:00Z,2026-07-17T05:30:00+0200,22.755,MW,DK1,DK_1,forecast_solar_generation,Solar,2026-07-27T04:17:26Z
2026-07-27T04:13:26Z,2026-07-27T06:13:26+0200,dabcd32d-9433-4dbd-a505-ea8cec1be0d4,2026-07-17T03:45:00Z,2026-07-17T05:45:00+0200,58.496666,MW,DK1,DK_1,forecast_solar_generation,Solar,2026-07-27T04:17:26Z
2026-07-27T04:13:26Z,2026-07-27T06:13:26+0200,dabcd32d-9433-4dbd-a505-ea8cec1be0d4,2026-07-17T04:00:00Z,2026-07-17T06:00:00+0200,106.535,MW,DK1,DK_1,forecast_solar_generation,Solar,2026-07-27T04:17:26Z
2026-07-27T04:13:26Z,2026-07-27T06:13:26+0200,dabcd32d-9433-4dbd-a505-ea8cec1be0d4,2026-07-17T04:15:00Z,2026-07-17T06:15:00+0200,164.448333,MW,DK1,DK_1,forecast_solar_generation,Solar,2026-07-27T04:17:26Z
2026-07-27T04:13:26Z,2026-07-27T06:13:26+0200,dabcd32d-9433-4dbd-a505-ea8cec1be0d4,2026-07-17T04:30:00Z,2026-07-17T06:30:00+0200,232.101666,MW,DK1,DK_1,forecast_solar_generation,Solar,2026-07-27T04:17:26Z
2026-07-27T04:13:26Z,2026-07-27T06:13:26+0200,dabcd32d-9433-4dbd-a505-ea8cec1be0d4,2026-07-17T04:45:00Z,2026-07-17T06:45:00+0200,305.581666,MW,DK1,DK_1,forecast_solar_generation,Solar,2026-07-27T04:17:26Z
2026-07-27T04:13:26Z,2026-07-27T06:13:26+0200,dabcd32d-9433-4dbd-a505-ea8cec1be0d4,2026-07-17T05:00:00Z,2026-07-17T07:00:00+0200,383.573333,MW,DK1,DK_1,forecast_solar_generation,Solar,2026-07-27T04:17:26Z
2026-07-27T04:13:26Z,2026-07-27T06:13:26+0200,dabcd32d-9433-4dbd-a505-ea8cec1be0d4,2026-07-17T05:15:00Z,2026-07-17T07:15:00+0200,466.431666,MW,DK1,DK_1,forecast_solar_generation,Solar,2026-07-27T04:17:26Z
2026-07-27T04:13:26Z,2026-07-27T06:13:26+0200,dabcd32d-9433-4dbd-a505-ea8cec1be0d4,2026-07-17T05:30:00Z,2026-07-17T07:30:00+0200,557.356666,MW,DK1,DK_1,forecast_solar_generation,Solar,2026-07-27T04:17:26Z
2026-07-27T04:13:26Z,2026-07-27T06:13:26+0200,dabcd32d-9433-4dbd-a505-ea8cec1be0d4,2026-07-17T05:45:00Z,2026-07-17T07:45:00+0200,651.189999,MW,DK1,DK_1,forecast_solar_generation,Solar,2026-07-27T04:17:26Z
2026-07-27T04:13:26Z,2026-07-27T06:13:26+0200,dabcd32d-9433-4dbd-a505-ea8cec1be0d4,2026-07-17T06:00:00Z,2026-07-17T08:00:00+0200,746.05,MW,DK1,DK_1,forecast_solar_generation,Solar,2026-07-27T04:17:26Z
2026-07-27T04:13:26Z,2026-07-27T06:13:26+0200,dabcd32d-9433-4dbd-a505-ea8cec1be0d4,2026-07-17T06:15:00Z,2026-07-17T08:15:00+0200,843.478333,MW,DK1,DK_1,forecast_solar_generation,Solar,2026-07-27T04:17:26Z
2026-07-27T04:13:26Z,2026-07-27T06:13:26+0200,dabcd32d-9433-4dbd-a505-ea8cec1be0d4,2026-07-17T06:30:00Z,2026-07-17T08:30:00+0200,946.42,MW,DK1,DK_1,forecast_solar_generation,Solar,2026-07-27T04:17:26Z
2026-07-27T04:13:26Z,2026-07-27T06:13:26+0200,dabcd32d-9433-4dbd-a505-ea8cec1be0d4,2026-07-17T06:45:00Z,2026-07-17T08:45:00+0200,1056.835,MW,DK1,DK_1,forecast_solar_generation,Solar,2026-07-27T04:17:26Z
2026-07-27T04:13:26Z,2026-07-27T06:13:26+0200,dabcd32d-9433-4dbd-a505-ea8cec1be0d4,2026-07-17T07:00:00Z,2026-07-17T09:00:00+0200,1170.963333,MW,DK1,DK_1,forecast_solar_generation,Solar,2026-07-27T04:17:26Z
2026-07-27T04:13:26Z,2026-07-27T06:13:26+0200,dabcd32d-9433-4dbd-a505-ea8cec1be0d4,2026-07-17T07:15:00Z,2026-07-17T09:15:00+0200,1282.18,MW,DK1,DK_1,forecast_solar_generation,Solar,2026-07-27T04:17:26Z
2026-07-27T04:13:26Z,2026-07-27T06:13:26+0200,dabcd32d-9433-4dbd-a505-ea8cec1be0d4,2026-07-17T07:30:00Z,2026-07-17T09:30:00+0200,1385.305,MW,DK1,DK_1,forecast_solar_generation,Solar,2026-07-27T04:17:26Z
2026-07-27T04:13:26Z,2026-07-27T06:13:26+0200,dabcd32d-9433-4dbd-a505-ea8cec1be0d4,2026-07-17T07:45:00Z,2026-07-17T09:45:00+0200,1486.401666,MW,DK1,DK_1,forecast_solar_generation,Solar,2026-07-27T04:17:26Z
2026-07-27T04:13:26Z,2026-07-27T06:13:26+0200,dabcd32d-9433-4dbd-a505-ea8cec1be0d4,2026-07-17T08:00:00Z,2026-07-17T10:00:00+0200,1583.193333,MW,DK1,DK_1,forecast_solar_generation,Solar,2026-07-27T04:17:26Z
2026-07-27T04:13:26Z,2026-07-27T06:13:26+0200,dabcd32d-9433-4dbd-a505-ea8cec1be0d4,2026-07-17T08:15:00Z,2026-07-17T10:15:00+0200,1668.448333,MW,DK1,DK_1,forecast_solar_generation,Solar,2026-07-27T04:17:26Z
2026-07-27T04:13:26Z,2026-07-27T06:13:26+0200,dabcd32d-9433-4dbd-a505-ea8cec1be0d4,2026-07-17T08:30:00Z,2026-07-17T10:30:00+0200,1735.458333,MW,DK1,DK_1,forecast_solar_generation,Solar,2026-07-27T04:17:26Z
2026-07-27T04:13:26Z,2026-07-27T06:13:26+0200,dabcd32d-9433-4dbd-a505-ea8cec1be0d4,2026-07-17T08:45:00Z,2026-07-17T10:45:00+0200,1787.323333,MW,DK1,DK_1,forecast_solar_generation,Solar,2026-07-27T04:17:26Z
2026-07-27T04:13:26Z,2026-07-27T06:13:26+0200,dabcd32d-9433-4dbd-a505-ea8cec1be0d4,2026-07-17T09:00:00Z,2026-07-17T11:00:00+0200,1827.295,MW,DK1,DK_1,forecast_solar_generation,Solar,2026-07-27T04:17:26Z
2026-07-27T04:13:26Z,2026-07-27T06:13:26+0200,dabcd32d-9433-4dbd-a505-ea8cec1be0d4,2026-07-17T09:15:00Z,2026-07-17T11:15:00+0200,1857.998333,MW,DK1,DK_1,forecast_solar_generation,Solar,2026-07-27T04:17:26Z
2026-07-27T04:13:26Z,2026-07-27T06:13:26+0200,dabcd32d-9433-4dbd-a505-ea8cec1be0d4,2026-07-17T09:30:00Z,2026-07-17T11:30:00+0200,1876.171666,MW,DK1,DK_1,forecast_solar_generation,Solar,2026-07-27T04:17:26Z
2026-07-27T04:13:26Z,2026-07-27T06:13:26+0200,dabcd32d-9433-4dbd-a505-ea8cec1be0d4,2026-07-17T09:45:00Z,2026-07-17T11:45:00+0200,1870.303333,MW,DK1,DK_1,forecast_solar_generation,Solar,2026-07-27T04:17:26Z
2026-07-27T04:13:26Z,2026-07-27T06:13:26+0200,dabcd32d-9433-4dbd-a505-ea8cec1be0d4,2026-07-17T10:00:00Z,2026-07-17T12:00:00+0200,1853.386666,MW,DK1,DK_1,forecast_solar_generation,Solar,2026-07-27T04:17:26Z
2026-07-27T04:13:26Z,2026-07-27T06:13:26+0200,dabcd32d-9433-4dbd-a505-ea8cec1be0d4,2026-07-17T10:15:00Z,2026-07-17T12:15:00+0200,1842.396666,MW,DK1,DK_1,forecast_solar_generation,Solar,2026-07-27T04:17:26Z
2026-07-27T04:13:26Z,2026-07-27T06:13:26+0200,dabcd32d-9433-4dbd-a505-ea8cec1be0d4,2026-07-17T10:30:00Z,2026-07-17T12:30:00+0200,1845.618333,MW,DK1,DK_1,forecast_solar_generation,Solar,2026-07-27T04:17:26Z
2026-07-27T04:13:26Z,2026-07-27T06:13:26+0200,dabcd32d-9433-4dbd-a505-ea8cec1be0d4,2026-07-17T10:45:00Z,2026-07-17T12:45:00+0200,1850.043333,MW,DK1,DK_1,forecast_solar_generation,Solar,2026-07-27T04:17:26Z
2026-07-27T04:13:26Z,2026-07-27T06:13:26+0200,dabcd32d-9433-4dbd-a505-ea8cec1be0d4,2026-07-17T11:00:00Z,2026-07-17T13:00:00+0200,1849.423333,MW,DK1,DK_1,forecast_solar_generation,Solar,2026-07-27T04:17:26Z
2026-07-27T04:13:26Z,2026-07-27T06:13:26+0200,dabcd32d-9433-4dbd-a505-ea8cec1be0d4,2026-07-17T11:15:00Z,2026-07-17T13:15:00+0200,1841.603333,MW,DK1,DK_1,forecast_solar_generation,Solar,2026-07-27T04:17:26Z
2026-07-27T04:13:26Z,2026-07-27T06:13:26+0200,dabcd32d-9433-4dbd-a505-ea8cec1be0d4,2026-07-17T11:30:00Z,2026-07-17T13:30:00+0200,1827.261666,MW,DK1,DK_1,forecast_solar_generation,Solar,2026-07-27T04:17:26Z
2026-07-27T04:13:26Z,2026-07-27T06:13:26+0200,dabcd32d-9433-4dbd-a505-ea8cec1be0d4,2026-07-17T11:45:00Z,2026-07-17T13:45:00+0200,1806.655,MW,DK1,DK_1,forecast_solar_generation,Solar,2026-07-27T04:17:26Z
2026-07-27T04:13:26Z,2026-07-27T06:13:26+0200,dabcd32d-9433-4dbd-a505-ea8cec1be0d4,2026-07-17T12:00:00Z,2026-07-17T14:00:00+0200,1784.393333,MW,DK1,DK_1,forecast_solar_generation,Solar,2026-07-27T04:17:26Z
2026-07-27T04:13:26Z,2026-07-27T06:13:26+0200,dabcd32d-9433-4dbd-a505-ea8cec1be0d4,2026-07-17T12:15:00Z,2026-07-17T14:15:00+0200,1763.266666,MW,DK1,DK_1,forecast_solar_generation,Solar,2026-07-27T04:17:26Z
2026-07-27T04:13:26Z,2026-07-27T06:13:26+0200,dabcd32d-9433-4dbd-a505-ea8cec1be0d4,2026-07-17T12:30:00Z,2026-07-17T14:30:00+0200,1753.393333,MW,DK1,DK_1,forecast_solar_generation,Solar,2026-07-27T04:17:26Z
2026-07-27T04:13:26Z,2026-07-27T06:13:26+0200,dabcd32d-9433-4dbd-a505-ea8cec1be0d4,2026-07-17T12:45:00Z,2026-07-17T14:45:00+0200,1768.385,MW,DK1,DK_1,forecast_solar_generation,Solar,2026-07-27T04:17:26Z
2026-07-27T04:13:26Z,2026-07-27T06:13:26+0200,dabcd32d-9433-4dbd-a505-ea8cec1be0d4,2026-07-17T13:00:00Z,2026-07-17T15:00:00+0200,1794.406666,MW,DK1,DK_1,forecast_solar_generation,Solar,2026-07-27T04:17:26Z
2026-07-27T04:13:26Z,2026-07-27T06:13:26+0200,dabcd32d-9433-4dbd-a505-ea8cec1be0d4,2026-07-17T13:15:00Z,2026-07-17T15:15:00+0200,1809.41,MW,DK1,DK_1,forecast_solar_generation,Solar,2026-07-27T04:17:26Z
2026-07-27T04:13:26Z,2026-07-27T06:13:26+0200,dabcd32d-9433-4dbd-a505-ea8cec1be0d4,2026-07-17T13:30:00Z,2026-07-17T15:30:00+0200,1797.883333,MW,DK1,DK_1,forecast_solar_generation,Solar,2026-07-27T04:17:26Z
2026-07-27T04:13:26Z,2026-07-27T06:13:26+0200,dabcd32d-9433-4dbd-a505-ea8cec1be0d4,2026-07-17T13:45:00Z,2026-07-17T15:45:00+0200,1772.08,MW,DK1,DK_1,forecast_solar_generation,Solar,2026-07-27T04:17:26Z
2026-07-27T04:13:26Z,2026-07-27T06:13:26+0200,dabcd32d-9433-4dbd-a505-ea8cec1be0d4,2026-07-17T14:00:00Z,2026-07-17T16:00:00+0200,1735.181666,MW,DK1,DK_1,forecast_solar_generation,Solar,2026-07-27T04:17:26Z
2026-07-27T04:13:26Z,2026-07-27T06:13:26+0200,dabcd32d-9433-4dbd-a505-ea8cec1be0d4,2026-07-17T14:15:00Z,2026-07-17T16:15:00+0200,1686.831666,MW,DK1,DK_1,forecast_solar_generation,Solar,2026-07-27T04:17:26Z
2026-07-27T04:13:26Z,2026-07-27T06:13:26+0200,dabcd32d-9433-4dbd-a505-ea8cec1be0d4,2026-07-17T14:30:00Z,2026-07-17T16:30:00+0200,1627.556666,MW,DK1,DK_1,forecast_solar_generation,Solar,2026-07-27T04:17:26Z
2026-07-27T04:13:26Z,2026-07-27T06:13:26+0200,dabcd32d-9433-4dbd-a505-ea8cec1be0d4,2026-07-17T14:45:00Z,2026-07-17T16:45:00+0200,1563.868333,MW,DK1,DK_1,forecast_solar_generation,Solar,2026-07-27T04:17:26Z
2026-07-27T04:13:26Z,2026-07-27T06:13:26+0200,dabcd32d-9433-4dbd-a505-ea8cec1be0d4,2026-07-17T15:00:00Z,2026-07-17T17:00:00+0200,1504.171666,MW,DK1,DK_1,forecast_solar_generation,Solar,2026-07-27T04:17:26Z
2026-07-27T04:13:26Z,2026-07-27T06:13:26+0200,dabcd32d-9433-4dbd-a505-ea8cec1be0d4,2026-07-17T15:15:00Z,2026-07-17T17:15:00+0200,1421.953333,MW,DK1,DK_1,forecast_solar_generation,Solar,2026-07-27T04:17:26Z
2026-07-27T04:13:26Z,2026-07-27T06:13:26+0200,dabcd32d-9433-4dbd-a505-ea8cec1be0d4,2026-07-17T15:30:00Z,2026-07-17T17:30:00+0200,1328.774999,MW,DK1,DK_1,forecast_solar_generation,Solar,2026-07-27T04:17:26Z
2026-07-27T04:13:26Z,2026-07-27T06:13:26+0200,dabcd32d-9433-4dbd-a505-ea8cec1be0d4,2026-07-17T15:45:00Z,2026-07-17T17:45:00+0200,1233.626666,MW,DK1,DK_1,forecast_solar_generation,Solar,2026-07-27T04:17:26Z
2026-07-27T04:13:26Z,2026-07-27T06:13:26+0200,dabcd32d-9433-4dbd-a505-ea8cec1be0d4,2026-07-17T16:00:00Z,2026-07-17T18:00:00+0200,1136.178333,MW,DK1,DK_1,forecast_solar_generation,Solar,2026-07-27T04:17:26Z
2026-07-27T04:13:26Z,2026-07-27T06:13:26+0200,dabcd32d-9433-4dbd-a505-ea8cec1be0d4,2026-07-17T16:15:00Z,2026-07-17T18:15:00+0200,1034.274999,MW,DK1,DK_1,forecast_solar_generation,Solar,2026-07-27T04:17:26Z
2026-07-27T04:13:26Z,2026-07-27T06:13:26+0200,dabcd32d-9433-4dbd-a505-ea8cec1be0d4,2026-07-17T16:30:00Z,2026-07-17T18:30:00+0200,930.4,MW,DK1,DK_1,forecast_solar_generation,Solar,2026-07-27T04:17:26Z
2026-07-27T04:13:26Z,2026-07-27T06:13:26+0200,dabcd32d-9433-4dbd-a505-ea8cec1be0d4,2026-07-17T16:45:00Z,2026-07-17T18:45:00+0200,833.079999,MW,DK1,DK_1,forecast_solar_generation,Solar,2026-07-27T04:17:26Z
2026-07-27T04:13:26Z,2026-07-27T06:13:26+0200,dabcd32d-9433-4dbd-a505-ea8cec1be0d4,2026-07-17T17:00:00Z,2026-07-17T19:00:00+0200,737.366666,MW,DK1,DK_1,forecast_solar_generation,Solar,2026-07-27T04:17:26Z
2026-07-27T04:13:26Z,2026-07-27T06:13:26+0200,dabcd32d-9433-4dbd-a505-ea8cec1be0d4,2026-07-17T17:15:00Z,2026-07-17T19:15:00+0200,637.303333,MW,DK1,DK_1,forecast_solar_generation,Solar,2026-07-27T04:17:26Z
2026-07-27T04:13:26Z,2026-07-27T06:13:26+0200,dabcd32d-9433-4dbd-a505-ea8cec1be0d4,2026-07-17T17:30:00Z,2026-07-17T19:30:00+0200,532.54,MW,DK1,DK_1,forecast_solar_generation,Solar,2026-07-27T04:17:26Z
2026-07-27T04:13:26Z,2026-07-27T06:13:26+0200,dabcd32d-9433-4dbd-a505-ea8cec1be0d4,2026-07-17T17:45:00Z,2026-07-17T19:45:00+0200,430.338333,MW,DK1,DK_1,forecast_solar_generation,Solar,2026-07-27T04:17:26Z
2026-07-27T04:13:26Z,2026-07-27T06:13:26+0200,dabcd32d-9433-4dbd-a505-ea8cec1be0d4,2026-07-17T18:00:00Z,2026-07-17T20:00:00+0200,335.061666,MW,DK1,DK_1,forecast_solar_generation,Solar,2026-07-27T04:17:26Z
2026-07-27T04:13:26Z,2026-07-27T06:13:26+0200,dabcd32d-9433-4dbd-a505-ea8cec1be0d4,2026-07-17T18:15:00Z,2026-07-17T20:15:00+0200,247.795,MW,DK1,DK_1,forecast_solar_generation,Solar,2026-07-27T04:17:26Z
2026-07-27T04:13:26Z,2026-07-27T06:13:26+0200,dabcd32d-9433-4dbd-a505-ea8cec1be0d4,2026-07-17T18:30:00Z,2026-07-17T20:30:00+0200,171.018333,MW,DK1,DK_1,forecast_solar_generation,Solar,2026-07-27T04:17:26Z
2026-07-27T04:13:26Z,2026-07-27T06:13:26+0200,dabcd32d-9433-4dbd-a505-ea8cec1be0d4,2026-07-17T18:45:00Z,2026-07-17T20:45:00+0200,106.339999,MW,DK1,DK_1,forecast_solar_generation,Solar,2026-07-27T04:17:26Z
2026-07-27T04:13:26Z,2026-07-27T06:13:26+0200,dabcd32d-9433-4dbd-a505-ea8cec1be0d4,2026-07-17T19:00:00Z,2026-07-17T21:00:00+0200,54.141666,MW,DK1,DK_1,forecast_solar_generation,Solar,2026-07-27T04:17:26Z
2026-07-27T04:13:26Z,2026-07-27T06:13:26+0200,dabcd32d-9433-4dbd-a505-ea8cec1be0d4,2026-07-17T19:15:00Z,2026-07-17T21:15:00+0200,18.241666,MW,DK1,DK_1,forecast_solar_generation,Solar,2026-07-27T04:17:26Z
2026-07-27T04:13:26Z,2026-07-27T06:13:26+0200,dabcd32d-9433-4dbd-a505-ea8cec1be0d4,2026-07-17T19:30:00Z,2026-07-17T21:30:00+0200,3.171666,MW,DK1,DK_1,forecast_solar_generation,Solar,2026-07-27T04:17:26Z
2026-07-27T04:13:26Z,2026-07-27T06:13:26+0200,dabcd32d-9433-4dbd-a505-ea8cec1be0d4,2026-07-17T19:45:00Z,2026-07-17T21:45:00+0200,0.175,MW,DK1,DK_1,forecast_solar_generation,Solar,2026-07-27T04:17:26Z
2026-07-27T04:13:26Z,2026-07-27T06:13:26+0200,dabcd32d-9433-4dbd-a505-ea8cec1be0d4,2026-07-17T20:00:00Z,2026-07-17T22:00:00+0200,0.0,MW,DK1,DK_1,forecast_solar_generation,Solar,2026-07-27T04:17:26Z
2026-07-27T04:13:26Z,2026-07-27T06:13:26+0200,dabcd32d-9433-4dbd-a505-ea8cec1be0d4,2026-07-17T20:15:00Z,2026-07-17T22:15:00+0200,0.0,MW,DK1,DK_1,forecast_solar_generation,Solar,2026-07-27T04:17:26Z
2026-07-27T04:13:26Z,2026-07-27T06:13:26+0200,dabcd32d-9433-4dbd-a505-ea8cec1be0d4,2026-07-17T20:30:00Z,2026-07-17T22:30:00+0200,0.0,MW,DK1,DK_1,forecast_solar_generation,Solar,2026-07-27T04:17:26Z
2026-07-27T04:13:26Z,2026-07-27T06:13:26+0200,dabcd32d-9433-4dbd-a505-ea8cec1be0d4,2026-07-17T20:45:00Z,2026-07-17T22:45:00+0200,0.0,MW,DK1,DK_1,forecast_solar_generation,Solar,2026-07-27T04:17:26Z
2026-07-27T04:13:26Z,2026-07-27T06:13:26+0200,dabcd32d-9433-4dbd-a505-ea8cec1be0d4,2026-07-17T21:00:00Z,2026-07-17T23:00:00+0200,0.0,MW,DK1,DK_1,forecast_solar_generation,Solar,2026-07-27T04:17:26Z
2026-07-27T04:13:26Z,2026-07-27T06:13:26+0200,dabcd32d-9433-4dbd-a505-ea8cec1be0d4,2026-07-17T21:15:00Z,2026-07-17T23:15:00+0200,0.0,MW,DK1,DK_1,forecast_solar_generation,Solar,2026-07-27T04:17:26Z
2026-07-27T04:13:26Z,2026-07-27T06:13:26+0200,dabcd32d-9433-4dbd-a505-ea8cec1be0d4,2026-07-17T21:30:00Z,2026-07-17T23:30:00+0200,0.0,MW,DK1,DK_1,forecast_solar_generation,Solar,2026-07-27T04:17:26Z
2026-07-27T04:13:26Z,2026-07-27T06:13:26+0200,dabcd32d-9433-4dbd-a505-ea8cec1be0d4,2026-07-17T21:45:00Z,2026-07-17T23:45:00+0200,0.0,MW,DK1,DK_1,forecast_solar_generation,Solar,2026-07-27T04:17:26Z
2026-07-27T04:13:26Z,2026-07-27T06:13:26+0200,dabcd32d-9433-4dbd-a505-ea8cec1be0d4,2026-07-17T22:00:00Z,2026-07-18T00:00:00+0200,0.0,MW,DK1,DK_1,forecast_solar_generation,Solar,2026-07-27T04:17:26Z
2026-07-27T04:13:26Z,2026-07-27T06:13:26+0200,dabcd32d-9433-4dbd-a505-ea8cec1be0d4,2026-07-17T22:15:00Z,2026-07-18T00:15:00+0200,0.0,MW,DK1,DK_1,forecast_solar_generation,Solar,2026-07-27T04:17:26Z
2026-07-27T04:13:26Z,2026-07-27T06:13:26+0200,dabcd32d-9433-4dbd-a505-ea8cec1be0d4,2026-07-17T22:30:00Z,2026-07-18T00:30:00+0200,0.0,MW,DK1,DK_1,forecast_solar_generation,Solar,2026-07-27T04:17:26Z
2026-07-27T04:13:26Z,2026-07-27T06:13:26+0200,dabcd32d-9433-4dbd-a505-ea8cec1be0d4,2026-07-17T22:45:00Z,2026-07-18T00:45:00+0200,0.0,MW,DK1,DK_1,forecast_solar_generation,Solar,2026-07-27T04:17:26Z
2026-07-27T04:13:26Z,2026-07-27T06:13:26+0200,dabcd32d-9433-4dbd-a505-ea8cec1be0d4,2026-07-17T23:00:00Z,2026-07-18T01:00:00+0200,0.0,MW,DK1,DK_1,forecast_solar_generation,Solar,2026-07-27T04:17:26Z
2026-07-27T04:13:26Z,2026-07-27T06:13:26+0200,dabcd32d-9433-4dbd-a505-ea8cec1be0d4,2026-07-17T23:15:00Z,2026-07-18T01:15:00+0200,0.0,MW,DK1,DK_1,forecast_solar_generation,Solar,2026-07-27T04:17:26Z
2026-07-27T04:13:26Z,2026-07-27T06:13:26+0200,dabcd32d-9433-4dbd-a505-ea8cec1be0d4,2026-07-17T23:30:00Z,2026-07-18T01:30:00+0200,0.0,MW,DK1,DK_1,forecast_solar_generation,Solar,2026-07-27T04:17:26Z
2026-07-27T04:13:26Z,2026-07-27T06:13:26+0200,dabcd32d-9433-4dbd-a505-ea8cec1be0d4,2026-07-17T23:45:00Z,2026-07-18T01:45:00+0200,0.0,MW,DK1,DK_1,forecast_solar_generation,Solar,2026-07-27T04:17:26Z
2026-07-27T04:13:26Z,2026-07-27T06:13:26+0200,dabcd32d-9433-4dbd-a505-ea8cec1be0d4,2026-07-18T00:00:00Z,2026-07-18T02:00:00+0200,0.0,MW,DK1,DK_1,forecast_solar_generation,Solar,2026-07-27T04:17:26Z
2026-07-27T04:13:26Z,2026-07-27T06:13:26+0200,dabcd32d-9433-4dbd-a505-ea8cec1be0d4,2026-07-18T00:15:00Z,2026-07-18T02:15:00+0200,0.0,MW,DK1,DK_1,forecast_solar_generation,Solar,2026-07-27T04:17:26Z
2026-07-27T04:13:26Z,2026-07-27T06:13:26+0200,dabcd32d-9433-4dbd-a505-ea8cec1be0d4,2026-07-18T00:30:00Z,2026-07-18T02:30:00+0200,0.0,MW,DK1,DK_1,forecast_solar_generation,Solar,2026-07-27T04:17:26Z
2026-07-27T04:13:26Z,2026-07-27T06:13:26+0200,dabcd32d-9433-4dbd-a505-ea8cec1be0d4,2026-07-18T00:45:00Z,2026-07-18T02:45:00+0200,0.0,MW,DK1,DK_1,forecast_solar_generation,Solar,2026-07-27T04:17:26Z
2026-07-27T04:13:26Z,2026-07-27T06:13:26+0200,dabcd32d-9433-4dbd-a505-ea8cec1be0d4,2026-07-18T01:00:00Z,2026-07-18T03:00:00+0200,0.0,MW,DK1,DK_1,forecast_solar_generation,Solar,2026-07-27T04:17:26Z
2026-07-27T04:13:26Z,2026-07-27T06:13:26+0200,dabcd32d-9433-4dbd-a505-ea8cec1be0d4,2026-07-18T01:15:00Z,2026-07-18T03:15:00+0200,0.0,MW,DK1,DK_1,forecast_solar_generation,Solar,2026-07-27T04:17:26Z
2026-07-27T04:13:26Z,2026-07-27T06:13:26+0200,dabcd32d-9433-4dbd-a505-ea8cec1be0d4,2026-07-18T01:30:00Z,2026-07-18T03:30:00+0200,0.0,MW,DK1,DK_1,forecast_solar_generation,Solar,2026-07-27T04:17:26Z
2026-07-27T04:13:26Z,2026-07-27T06:13:26+0200,dabcd32d-9433-4dbd-a505-ea8cec1be0d4,2026-07-18T01:45:00Z,2026-07-18T03:45:00+0200,0.0,MW,DK1,DK_1,forecast_solar_generation,Solar,2026-07-27T04:17:26Z
2026-07-27T04:13:26Z,2026-07-27T06:13:26+0200,dabcd32d-9433-4dbd-a505-ea8cec1be0d4,2026-07-18T02:00:00Z,2026-07-18T04:00:00+0200,0.0,MW,DK1,DK_1,forecast_solar_generation,Solar,2026-07-27T04:17:26Z
2026-07-27T04:13:26Z,2026-07-27T06:13:26+0200,dabcd32d-9433-4dbd-a505-ea8cec1be0d4,2026-07-18T02:15:00Z,2026-07-18T04:15:00+0200,0.0,MW,DK1,DK_1,forecast_solar_generation,Solar,2026-07-27T04:17:26Z
2026-07-27T04:13:26Z,2026-07-27T06:13:26+0200,dabcd32d-9433-4dbd-a505-ea8cec1be0d4,2026-07-18T02:30:00Z,2026-07-18T04:30:00+0200,0.0,MW,DK1,DK_1,forecast_solar_generation,Solar,2026-07-27T04:17:26Z
2026-07-27T04:13:26Z,2026-07-27T06:13:26+0200,dabcd32d-9433-4dbd-a505-ea8cec1be0d4,2026-07-18T02:45:00Z,2026-07-18T04:45:00+0200,0.003333,MW,DK1,DK_1,forecast_solar_generation,Solar,2026-07-27T04:17:26Z
2026-07-27T04:13:26Z,2026-07-27T06:13:26+0200,dabcd32d-9433-4dbd-a505-ea8cec1be0d4,2026-07-18T03:00:00Z,2026-07-18T05:00:00+0200,0.273333,MW,DK1,DK_1,forecast_solar_generation,Solar,2026-07-27T04:17:26Z
2026-07-27T04:13:26Z,2026-07-27T06:13:26+0200,dabcd32d-9433-4dbd-a505-ea8cec1be0d4,2026-07-18T03:15:00Z,2026-07-18T05:15:00+0200,3.451666,MW,DK1,DK_1,forecast_solar_generation,Solar,2026-07-27T04:17:26Z
2026-07-27T04:13:26Z,2026-07-27T06:13:26+0200,dabcd32d-9433-4dbd-a505-ea8cec1be0d4,2026-07-18T03:30:00Z,2026-07-18T05:30:00+0200,17.518333,MW,DK1,DK_1,forecast_solar_generation,Solar,2026-07-27T04:17:26Z
2026-07-27T04:13:26Z,2026-07-27T06:13:26+0200,dabcd32d-9433-4dbd-a505-ea8cec1be0d4,2026-07-18T03:45:00Z,2026-07-18T05:45:00+0200,46.413333,MW,DK1,DK_1,forecast_solar_generation,Solar,2026-07-27T04:17:26Z
2026-07-27T04:13:26Z,2026-07-27T06:13:26+0200,dabcd32d-9433-4dbd-a505-ea8cec1be0d4,2026-07-18T04:00:00Z,2026-07-18T06:00:00+0200,85.143333,MW,DK1,DK_1,forecast_solar_generation,Solar,2026-07-27T04:17:26Z
2026-07-27T04:13:26Z,2026-07-27T06:13:26+0200,dabcd32d-9433-4dbd-a505-ea8cec1be0d4,2026-07-18T04:15:00Z,2026-07-18T06:15:00+0200,131.458333,MW,DK1,DK_1,forecast_solar_generation,Solar,2026-07-27T04:17:26Z
2026-07-27T04:13:26Z,2026-07-27T06:13:26+0200,dabcd32d-9433-4dbd-a505-ea8cec1be0d4,2026-07-18T04:30:00Z,2026-07-18T06:30:00+0200,188.081666,MW,DK1,DK_1,forecast_solar_generation,Solar,2026-07-27T04:17:26Z
2026-07-27T04:13:26Z,2026-07-27T06:13:26+0200,dabcd32d-9433-4dbd-a505-ea8cec1be0d4,2026-07-18T04:45:00Z,2026-07-18T06:45:00+0200,254.623333,MW,DK1,DK_1,forecast_solar_generation,Solar,2026-07-27T04:17:26Z
2026-07-27T04:13:26Z,2026-07-27T06:13:26+0200,dabcd32d-9433-4dbd-a505-ea8cec1be0d4,2026-07-18T05:00:00Z,2026-07-18T07:00:00+0200,329.526666,MW,DK1,DK_1,forecast_solar_generation,Solar,2026-07-27T04:17:26Z
2026-07-27T04:13:26Z,2026-07-27T06:13:26+0200,dabcd32d-9433-4dbd-a505-ea8cec1be0d4,2026-07-18T05:15:00Z,2026-07-18T07:15:00+0200,410.234999,MW,DK1,DK_1,forecast_solar_generation,Solar,2026-07-27T04:17:26Z
2026-07-27T04:13:26Z,2026-07-27T06:13:26+0200,dabcd32d-9433-4dbd-a505-ea8cec1be0d4,2026-07-18T05:30:00Z,2026-07-18T07:30:00+0200,494.818333,MW,DK1,DK_1,forecast_solar_generation,Solar,2026-07-27T04:17:26Z
2026-07-27T04:13:26Z,2026-07-27T06:13:26+0200,dabcd32d-9433-4dbd-a505-ea8cec1be0d4,2026-07-18T05:45:00Z,2026-07-18T07:45:00+0200,581.706666,MW,DK1,DK_1,forecast_solar_generation,Solar,2026-07-27T04:17:26Z
2026-07-27T04:13:26Z,2026-07-27T06:13:26+0200,dabcd32d-9433-4dbd-a505-ea8cec1be0d4,2026-07-18T06:00:00Z,2026-07-18T08:00:00+0200,670.345,MW,DK1,DK_1,forecast_solar_generation,Solar,2026-07-27T04:17:26Z
2026-07-27T04:13:26Z,2026-07-27T06:13:26+0200,dabcd32d-9433-4dbd-a505-ea8cec1be0d4,2026-07-18T06:15:00Z,2026-07-18T08:15:00+0200,760.981666,MW,DK1,DK_1,forecast_solar_generation,Solar,2026-07-27T04:17:26Z
2026-07-27T04:13:26Z,2026-07-27T06:13:26+0200,dabcd32d-9433-4dbd-a505-ea8cec1be0d4,2026-07-18T06:30:00Z,2026-07-18T08:30:00+0200,855.226666,MW,DK1,DK_1,forecast_solar_generation,Solar,2026-07-27T04:17:26Z
2026-07-27T04:13:26Z,2026-07-27T06:13:26+0200,dabcd32d-9433-4dbd-a505-ea8cec1be0d4,2026-07-18T06:45:00Z,2026-07-18T08:45:00+0200,955.485,MW,DK1,DK_1,forecast_solar_generation,Solar,2026-07-27T04:17:26Z
2026-07-27T04:13:26Z,2026-07-27T06:13:26+0200,dabcd32d-9433-4dbd-a505-ea8cec1be0d4,2026-07-18T07:00:00Z,2026-07-18T09:00:00+0200,1059.636666,MW,DK1,DK_1,forecast_solar_generation,Solar,2026-07-27T04:17:26Z
2026-07-27T04:13:26Z,2026-07-27T06:13:26+0200,dabcd32d-9433-4dbd-a505-ea8cec1be0d4,2026-07-18T07:15:00Z,2026-07-18T09:15:00+0200,1162.78,MW,DK1,DK_1,forecast_solar_generation,Solar,2026-07-27T04:17:26Z
2026-07-27T04:13:26Z,2026-07-27T06:13:26+0200,dabcd32d-9433-4dbd-a505-ea8cec1be0d4,2026-07-18T07:30:00Z,2026-07-18T09:30:00+0200,1264.075,MW,DK1,DK_1,forecast_solar_generation,Solar,2026-07-27T04:17:26Z
2026-07-27T04:13:26Z,2026-07-27T06:13:26+0200,dabcd32d-9433-4dbd-a505-ea8cec1be0d4,2026-07-18T07:45:00Z,2026-07-18T09:45:00+0200,1377.063333,MW,DK1,DK_1,forecast_solar_generation,Solar,2026-07-27T04:17:26Z
2026-07-27T04:13:26Z,2026-07-27T06:13:26+0200,dabcd32d-9433-4dbd-a505-ea8cec1be0d4,2026-07-18T08:00:00Z,2026-07-18T10:00:00+0200,1495.935,MW,DK1,DK_1,forecast_solar_generation,Solar,2026-07-27T04:17:26Z
2026-07-27T04:13:26Z,2026-07-27T06:13:26+0200,dabcd32d-9433-4dbd-a505-ea8cec1be0d4,2026-07-18T08:15:00Z,2026-07-18T10:15:00+0200,1588.47,MW,DK1,DK_1,forecast_solar_generation,Solar,2026-07-27T04:17:26Z
2026-07-27T04:13:26Z,2026-07-27T06:13:26+0200,dabcd32d-9433-4dbd-a505-ea8cec1be0d4,2026-07-18T08:30:00Z,2026-07-18T10:30:00+0200,1560.348333,MW,DK1,DK_1,forecast_solar_generation,Solar,2026-07-27T04:17:26Z
2026-07-27T04:13:26Z,2026-07-27T06:13:26+0200,dabcd32d-9433-4dbd-a505-ea8cec1be0d4,2026-07-18T08:45:00Z,2026-07-18T10:45:00+0200,1458.245,MW,DK1,DK_1,forecast_solar_generation,Solar,2026-07-27T04:17:26Z
2026-07-27T04:13:26Z,2026-07-27T06:13:26+0200,dabcd32d-9433-4dbd-a505-ea8cec1be0d4,2026-07-18T09:00:00Z,2026-07-18T11:00:00+0200,1509.551666,MW,DK1,DK_1,forecast_solar_generation,Solar,2026-07-27T04:17:26Z
2026-07-27T04:13:26Z,2026-07-27T06:13:26+0200,dabcd32d-9433-4dbd-a505-ea8cec1be0d4,2026-07-18T09:15:00Z,2026-07-18T11:15:00+0200,1541.439999,MW,DK1,DK_1,forecast_solar_generation,Solar,2026-07-27T04:17:26Z
2026-07-27T04:13:26Z,2026-07-27T06:13:26+0200,dabcd32d-9433-4dbd-a505-ea8cec1be0d4,2026-07-18T09:30:00Z,2026-07-18T11:30:00+0200,1586.008333,MW,DK1,DK_1,forecast_solar_generation,Solar,2026-07-27T04:17:26Z
2026-07-27T04:13:26Z,2026-07-27T06:13:26+0200,dabcd32d-9433-4dbd-a505-ea8cec1be0d4,2026-07-18T09:45:00Z,2026-07-18T11:45:00+0200,1544.273333,MW,DK1,DK_1,forecast_solar_generation,Solar,2026-07-27T04:17:26Z
2026-07-27T04:13:26Z,2026-07-27T06:13:26+0200,dabcd32d-9433-4dbd-a505-ea8cec1be0d4,2026-07-18T10:00:00Z,2026-07-18T12:00:00+0200,1167.093333,MW,DK1,DK_1,forecast_solar_generation,Solar,2026-07-27T04:17:26Z
2026-07-27T04:13:26Z,2026-07-27T06:13:26+0200,dabcd32d-9433-4dbd-a505-ea8cec1be0d4,2026-07-18T10:15:00Z,2026-07-18T12:15:00+0200,1178.446666,MW,DK1,DK_1,forecast_solar_generation,Solar,2026-07-27T04:17:26Z
2026-07-27T04:13:26Z,2026-07-27T06:13:26+0200,dabcd32d-9433-4dbd-a505-ea8cec1be0d4,2026-07-18T10:30:00Z,2026-07-18T12:30:00+0200,1188.77,MW,DK1,DK_1,forecast_solar_generation,Solar,2026-07-27T04:17:26Z
2026-07-27T04:13:26Z,2026-07-27T06:13:26+0200,dabcd32d-9433-4dbd-a505-ea8cec1be0d4,2026-07-18T10:45:00Z,2026-07-18T12:45:00+0200,1185.678333,MW,DK1,DK_1,forecast_solar_generation,Solar,2026-07-27T04:17:26Z
2026-07-27T04:13:26Z,2026-07-27T06:13:26+0200,dabcd32d-9433-4dbd-a505-ea8cec1be0d4,2026-07-18T11:00:00Z,2026-07-18T13:00:00+0200,1139.861666,MW,DK1,DK_1,forecast_solar_generation,Solar,2026-07-27T04:17:26Z
2026-07-27T04:13:26Z,2026-07-27T06:13:26+0200,dabcd32d-9433-4dbd-a505-ea8cec1be0d4,2026-07-18T11:15:00Z,2026-07-18T13:15:00+0200,1137.98,MW,DK1,DK_1,forecast_solar_generation,Solar,2026-07-27T04:17:26Z
2026-07-27T04:13:26Z,2026-07-27T06:13:26+0200,dabcd32d-9433-4dbd-a505-ea8cec1be0d4,2026-07-18T11:30:00Z,2026-07-18T13:30:00+0200,1133.524999,MW,DK1,DK_1,forecast_solar_generation,Solar,2026-07-27T04:17:26Z
2026-07-27T04:13:26Z,2026-07-27T06:13:26+0200,dabcd32d-9433-4dbd-a505-ea8cec1be0d4,2026-07-18T11:45:00Z,2026-07-18T13:45:00+0200,1126.658333,MW,DK1,DK_1,forecast_solar_generation,Solar,2026-07-27T04:17:26Z
2026-07-27T04:13:26Z,2026-07-27T06:13:26+0200,dabcd32d-9433-4dbd-a505-ea8cec1be0d4,2026-07-18T12:00:00Z,2026-07-18T14:00:00+0200,1116.78,MW,DK1,DK_1,forecast_solar_generation,Solar,2026-07-27T04:17:26Z
2026-07-27T04:13:26Z,2026-07-27T06:13:26+0200,dabcd32d-9433-4dbd-a505-ea8cec1be0d4,2026-07-18T12:15:00Z,2026-07-18T14:15:00+0200,1103.22,MW,DK1,DK_1,forecast_solar_generation,Solar,2026-07-27T04:17:26Z
2026-07-27T04:13:26Z,2026-07-27T06:13:26+0200,dabcd32d-9433-4dbd-a505-ea8cec1be0d4,2026-07-18T12:30:00Z,2026-07-18T14:30:00+0200,1083.765,MW,DK1,DK_1,forecast_solar_generation,Solar,2026-07-27T04:17:26Z
2026-07-27T04:13:26Z,2026-07-27T06:13:26+0200,dabcd32d-9433-4dbd-a505-ea8cec1be0d4,2026-07-18T12:45:00Z,2026-07-18T14:45:00+0200,1054.566666,MW,DK1,DK_1,forecast_solar_generation,Solar,2026-07-27T04:17:26Z
2026-07-27T04:13:26Z,2026-07-27T06:13:26+0200,dabcd32d-9433-4dbd-a505-ea8cec1be0d4,2026-07-18T13:00:00Z,2026-07-18T15:00:00+0200,1020.078333,MW,DK1,DK_1,forecast_solar_generation,Solar,2026-07-27T04:17:26Z
2026-07-27T04:13:26Z,2026-07-27T06:13:26+0200,dabcd32d-9433-4dbd-a505-ea8cec1be0d4,2026-07-18T13:15:00Z,2026-07-18T15:15:00+0200,987.045,MW,DK1,DK_1,forecast_solar_generation,Solar,2026-07-27T04:17:26Z
2026-07-27T04:13:26Z,2026-07-27T06:13:26+0200,dabcd32d-9433-4dbd-a505-ea8cec1be0d4,2026-07-18T13:30:00Z,2026-07-18T15:30:00+0200,957.931666,MW,DK1,DK_1,forecast_solar_generation,Solar,2026-07-27T04:17:26Z
2026-07-27T04:13:26Z,2026-07-27T06:13:26+0200,dabcd32d-9433-4dbd-a505-ea8cec1be0d4,2026-07-18T13:45:00Z,2026-07-18T15:45:00+0200,924.27,MW,DK1,DK_1,forecast_solar_generation,Solar,2026-07-27T04:17:26Z
2026-07-27T04:13:26Z,2026-07-27T06:13:26+0200,dabcd32d-9433-4dbd-a505-ea8cec1be0d4,2026-07-18T14:00:00Z,2026-07-18T16:00:00+0200,886.271666,MW,DK1,DK_1,forecast_solar_generation,Solar,2026-07-27T04:17:26Z
2026-07-27T04:13:26Z,2026-07-27T06:13:26+0200,dabcd32d-9433-4dbd-a505-ea8cec1be0d4,2026-07-18T14:15:00Z,2026-07-18T16:15:00+0200,855.46,MW,DK1,DK_1,forecast_solar_generation,Solar,2026-07-27T04:17:26Z
2026-07-27T04:13:26Z,2026-07-27T06:13:26+0200,dabcd32d-9433-4dbd-a505-ea8cec1be0d4,2026-07-18T14:30:00Z,2026-07-18T16:30:00+0200,915.0,MW,DK1,DK_1,forecast_solar_generation,Solar,2026-07-27T04:17:26Z
2026-07-27T04:13:26Z,2026-07-27T06:13:26+0200,dabcd32d-9433-4dbd-a505-ea8cec1be0d4,2026-07-18T14:45:00Z,2026-07-18T16:45:00+0200,1118.468333,MW,DK1,DK_1,forecast_solar_generation,Solar,2026-07-27T04:17:26Z
2026-07-27T04:13:26Z,2026-07-27T06:13:26+0200,dabcd32d-9433-4dbd-a505-ea8cec1be0d4,2026-07-18T15:00:00Z,2026-07-18T17:00:00+0200,802.123333,MW,DK1,DK_1,forecast_solar_generation,Solar,2026-07-27T04:17:26Z
2026-07-27T04:13:26Z,2026-07-27T06:13:26+0200,dabcd32d-9433-4dbd-a505-ea8cec1be0d4,2026-07-18T15:15:00Z,2026-07-18T17:15:00+0200,992.941666,MW,DK1,DK_1,forecast_solar_generation,Solar,2026-07-27T04:17:26Z
2026-07-27T04:13:26Z,2026-07-27T06:13:26+0200,dabcd32d-9433-4dbd-a505-ea8cec1be0d4,2026-07-18T15:30:00Z,2026-07-18T17:30:00+0200,959.706666,MW,DK1,DK_1,forecast_solar_generation,Solar,2026-07-27T04:17:26Z
2026-07-27T04:13:26Z,2026-07-27T06:13:26+0200,dabcd32d-9433-4dbd-a505-ea8cec1be0d4,2026-07-18T15:45:00Z,2026-07-18T17:45:00+0200,974.441666,MW,DK1,DK_1,forecast_solar_generation,Solar,2026-07-27T04:17:26Z
2026-07-27T04:13:26Z,2026-07-27T06:13:26+0200,dabcd32d-9433-4dbd-a505-ea8cec1be0d4,2026-07-18T16:00:00Z,2026-07-18T18:00:00+0200,931.695,MW,DK1,DK_1,forecast_solar_generation,Solar,2026-07-27T04:17:26Z
2026-07-27T04:13:26Z,2026-07-27T06:13:26+0200,dabcd32d-9433-4dbd-a505-ea8cec1be0d4,2026-07-18T16:15:00Z,2026-07-18T18:15:00+0200,927.503333,MW,DK1,DK_1,forecast_solar_generation,Solar,2026-07-27T04:17:26Z
2026-07-27T04:13:26Z,2026-07-27T06:13:26+0200,dabcd32d-9433-4dbd-a505-ea8cec1be0d4,2026-07-18T16:30:00Z,2026-07-18T18:30:00+0200,827.811666,MW,DK1,DK_1,forecast_solar_generation,Solar,2026-07-27T04:17:26Z
2026-07-27T04:13:26Z,2026-07-27T06:13:26+0200,dabcd32d-9433-4dbd-a505-ea8cec1be0d4,2026-07-18T16:45:00Z,2026-07-18T18:45:00+0200,724.156666,MW,DK1,DK_1,forecast_solar_generation,Solar,2026-07-27T04:17:26Z
2026-07-27T04:13:26Z,2026-07-27T06:13:26+0200,dabcd32d-9433-4dbd-a505-ea8cec1be0d4,2026-07-18T17:00:00Z,2026-07-18T19:00:00+0200,627.961666,MW,DK1,DK_1,forecast_solar_generation,Solar,2026-07-27T04:17:26Z
2026-07-27T04:13:26Z,2026-07-27T06:13:26+0200,dabcd32d-9433-4dbd-a505-ea8cec1be0d4,2026-07-18T17:15:00Z,2026-07-18T19:15:00+0200,531.546666,MW,DK1,DK_1,forecast_solar_generation,Solar,2026-07-27T04:17:26Z
2026-07-27T04:13:26Z,2026-07-27T06:13:26+0200,dabcd32d-9433-4dbd-a505-ea8cec1be0d4,2026-07-18T17:30:00Z,2026-07-18T19:30:00+0200,441.69,MW,DK1,DK_1,forecast_solar_generation,Solar,2026-07-27T04:17:26Z
2026-07-27T04:13:26Z,2026-07-27T06:13:26+0200,dabcd32d-9433-4dbd-a505-ea8cec1be0d4,2026-07-18T17:45:00Z,2026-07-18T19:45:00+0200,357.445,MW,DK1,DK_1,forecast_solar_generation,Solar,2026-07-27T04:17:26Z
2026-07-27T04:13:26Z,2026-07-27T06:13:26+0200,dabcd32d-9433-4dbd-a505-ea8cec1be0d4,2026-07-18T18:00:00Z,2026-07-18T20:00:00+0200,278.49,MW,DK1,DK_1,forecast_solar_generation,Solar,2026-07-27T04:17:26Z
2026-07-27T04:13:26Z,2026-07-27T06:13:26+0200,dabcd32d-9433-4dbd-a505-ea8cec1be0d4,2026-07-18T18:15:00Z,2026-07-18T20:15:00+0200,205.475,MW,DK1,DK_1,forecast_solar_generation,Solar,2026-07-27T04:17:26Z
2026-07-27T04:13:26Z,2026-07-27T06:13:26+0200,dabcd32d-9433-4dbd-a505-ea8cec1be0d4,2026-07-18T18:30:00Z,2026-07-18T20:30:00+0200,140.793333,MW,DK1,DK_1,forecast_solar_generation,Solar,2026-07-27T04:17:26Z
2026-07-27T04:13:26Z,2026-07-27T06:13:26+0200,dabcd32d-9433-4dbd-a505-ea8cec1be0d4,2026-07-18T18:45:00Z,2026-07-18T20:45:00+0200,85.768333,MW,DK1,DK_1,forecast_solar_generation,Solar,2026-07-27T04:17:26Z
2026-07-27T04:13:26Z,2026-07-27T06:13:26+0200,dabcd32d-9433-4dbd-a505-ea8cec1be0d4,2026-07-18T19:00:00Z,2026-07-18T21:00:00+0200,41.8,MW,DK1,DK_1,forecast_solar_generation,Solar,2026-07-27T04:17:26Z
2026-07-27T04:13:26Z,2026-07-27T06:13:26+0200,dabcd32d-9433-4dbd-a505-ea8cec1be0d4,2026-07-18T19:15:00Z,2026-07-18T21:15:00+0200,13.045,MW,DK1,DK_1,forecast_solar_generation,Solar,2026-07-27T04:17:26Z
2026-07-27T04:13:26Z,2026-07-27T06:13:26+0200,dabcd32d-9433-4dbd-a505-ea8cec1be0d4,2026-07-18T19:30:00Z,2026-07-18T21:30:00+0200,2.073333,MW,DK1,DK_1,forecast_solar_generation,Solar,2026-07-27T04:17:26Z
2026-07-27T04:13:26Z,2026-07-27T06:13:26+0200,dabcd32d-9433-4dbd-a505-ea8cec1be0d4,2026-07-18T19:45:00Z,2026-07-18T21:45:00+0200,0.103333,MW,DK1,DK_1,forecast_solar_generation,Solar,2026-07-27T04:17:26Z
2026-07-27T04:13:26Z,2026-07-27T06:13:26+0200,dabcd32d-9433-4dbd-a505-ea8cec1be0d4,2026-07-18T20:00:00Z,2026-07-18T22:00:00+0200,0.0,MW,DK1,DK_1,forecast_solar_generation,Solar,2026-07-27T04:17:26Z
2026-07-27T04:13:26Z,2026-07-27T06:13:26+0200,dabcd32d-9433-4dbd-a505-ea8cec1be0d4,2026-07-18T20:15:00Z,2026-07-18T22:15:00+0200,0.0,MW,DK1,DK_1,forecast_solar_generation,Solar,2026-07-27T04:17:26Z
2026-07-27T04:13:26Z,2026-07-27T06:13:26+0200,dabcd32d-9433-4dbd-a505-ea8cec1be0d4,2026-07-18T20:30:00Z,2026-07-18T22:30:00+0200,0.0,MW,DK1,DK_1,forecast_solar_generation,Solar,2026-07-27T04:17:26Z
2026-07-27T04:13:26Z,2026-07-27T06:13:26+0200,dabcd32d-9433-4dbd-a505-ea8cec1be0d4,2026-07-18T20:45:00Z,2026-07-18T22:45:00+0200,0.0,MW,DK1,DK_1,forecast_solar_generation,Solar,2026-07-27T04:17:26Z
2026-07-27T04:13:26Z,2026-07-27T06:13:26+0200,dabcd32d-9433-4dbd-a505-ea8cec1be0d4,2026-07-18T21:00:00Z,2026-07-18T23:00:00+0200,0.0,MW,DK1,DK_1,forecast_solar_generation,Solar,2026-07-27T04:17:26Z
2026-07-27T04:13:26Z,2026-07-27T06:13:26+0200,dabcd32d-9433-4dbd-a505-ea8cec1be0d4,2026-07-18T21:15:00Z,2026-07-18T23:15:00+0200,0.0,MW,DK1,DK_1,forecast_solar_generation,Solar,2026-07-27T04:17:26Z
2026-07-27T04:13:26Z,2026-07-27T06:13:26+0200,dabcd32d-9433-4dbd-a505-ea8cec1be0d4,2026-07-18T21:30:00Z,2026-07-18T23:30:00+0200,0.0,MW,DK1,DK_1,forecast_solar_generation,Solar,2026-07-27T04:17:26Z
2026-07-27T04:13:26Z,2026-07-27T06:13:26+0200,dabcd32d-9433-4dbd-a505-ea8cec1be0d4,2026-07-18T21:45:00Z,2026-07-18T23:45:00+0200,0.0,MW,DK1,DK_1,forecast_solar_generation,Solar,2026-07-27T04:17:26Z
2026-07-27T04:13:26Z,2026-07-27T06:13:26+0200,dabcd32d-9433-4dbd-a505-ea8cec1be0d4,2026-07-18T22:00:00Z,2026-07-19T00:00:00+0200,0.0,MW,DK1,DK_1,forecast_solar_generation,Solar,2026-07-27T04:17:26Z
2026-07-27T04:13:26Z,2026-07-27T06:13:26+0200,dabcd32d-9433-4dbd-a505-ea8cec1be0d4,2026-07-18T22:15:00Z,2026-07-19T00:15:00+0200,0.0,MW,DK1,DK_1,forecast_solar_generation,Solar,2026-07-27T04:17:26Z
2026-07-27T04:13:26Z,2026-07-27T06:13:26+0200,dabcd32d-9433-4dbd-a505-ea8cec1be0d4,2026-07-18T22:30:00Z,2026-07-19T00:30:00+0200,0.0,MW,DK1,DK_1,forecast_solar_generation,Solar,2026-07-27T04:17:26Z
2026-07-27T04:13:26Z,2026-07-27T06:13:26+0200,dabcd32d-9433-4dbd-a505-ea8cec1be0d4,2026-07-18T22:45:00Z,2026-07-19T00:45:00+0200,0.0,MW,DK1,DK_1,forecast_solar_generation,Solar,2026-07-27T04:17:26Z
2026-07-27T04:13:26Z,2026-07-27T06:13:26+0200,dabcd32d-9433-4dbd-a505-ea8cec1be0d4,2026-07-18T23:00:00Z,2026-07-19T01:00:00+0200,0.0,MW,DK1,DK_1,forecast_solar_generation,Solar,2026-07-27T04:17:26Z
2026-07-27T04:13:26Z,2026-07-27T06:13:26+0200,dabcd32d-9433-4dbd-a505-ea8cec1be0d4,2026-07-18T23:15:00Z,2026-07-19T01:15:00+0200,0.0,MW,DK1,DK_1,forecast_solar_generation,Solar,2026-07-27T04:17:26Z
2026-07-27T04:13:26Z,2026-07-27T06:13:26+0200,dabcd32d-9433-4dbd-a505-ea8cec1be0d4,2026-07-18T23:30:00Z,2026-07-19T01:30:00+0200,0.0,MW,DK1,DK_1,forecast_solar_generation,Solar,2026-07-27T04:17:26Z
2026-07-27T04:13:26Z,2026-07-27T06:13:26+0200,dabcd32d-9433-4dbd-a505-ea8cec1be0d4,2026-07-18T23:45:00Z,2026-07-19T01:45:00+0200,0.0,MW,DK1,DK_1,forecast_solar_generation,Solar,2026-07-27T04:17:26Z
2026-07-27T04:13:26Z,2026-07-27T06:13:26+0200,dabcd32d-9433-4dbd-a505-ea8cec1be0d4,2026-07-19T00:00:00Z,2026-07-19T02:00:00+0200,0.0,MW,DK1,DK_1,forecast_solar_generation,Solar,2026-07-27T04:17:26Z
2026-07-27T04:13:26Z,2026-07-27T06:13:26+0200,dabcd32d-9433-4dbd-a505-ea8cec1be0d4,2026-07-19T00:15:00Z,2026-07-19T02:15:00+0200,0.0,MW,DK1,DK_1,forecast_solar_generation,Solar,2026-07-27T04:17:26Z
2026-07-27T04:13:26Z,2026-07-27T06:13:26+0200,dabcd32d-9433-4dbd-a505-ea8cec1be0d4,2026-07-19T00:30:00Z,2026-07-19T02:30:00+0200,0.0,MW,DK1,DK_1,forecast_solar_generation,Solar,2026-07-27T04:17:26Z
2026-07-27T04:13:26Z,2026-07-27T06:13:26+0200,dabcd32d-9433-4dbd-a505-ea8cec1be0d4,2026-07-19T00:45:00Z,2026-07-19T02:45:00+0200,0.0,MW,DK1,DK_1,forecast_solar_generation,Solar,2026-07-27T04:17:26Z
2026-07-27T04:13:26Z,2026-07-27T06:13:26+0200,dabcd32d-9433-4dbd-a505-ea8cec1be0d4,2026-07-19T01:00:00Z,2026-07-19T03:00:00+0200,0.0,MW,DK1,DK_1,forecast_solar_generation,Solar,2026-07-27T04:17:26Z
2026-07-27T04:13:26Z,2026-07-27T06:13:26+0200,dabcd32d-9433-4dbd-a505-ea8cec1be0d4,2026-07-19T01:15:00Z,2026-07-19T03:15:00+0200,0.0,MW,DK1,DK_1,forecast_solar_generation,Solar,2026-07-27T04:17:26Z
2026-07-27T04:13:26Z,2026-07-27T06:13:26+0200,dabcd32d-9433-4dbd-a505-ea8cec1be0d4,2026-07-19T01:30:00Z,2026-07-19T03:30:00+0200,0.0,MW,DK1,DK_1,forecast_solar_generation,Solar,2026-07-27T04:17:26Z
2026-07-27T04:13:26Z,2026-07-27T06:13:26+0200,dabcd32d-9433-4dbd-a505-ea8cec1be0d4,2026-07-19T01:45:00Z,2026-07-19T03:45:00+0200,0.0,MW,DK1,DK_1,forecast_solar_generation,Solar,2026-07-27T04:17:26Z
2026-07-27T04:13:26Z,2026-07-27T06:13:26+0200,dabcd32d-9433-4dbd-a505-ea8cec1be0d4,2026-07-19T02:00:00Z,2026-07-19T04:00:00+0200,0.0,MW,DK1,DK_1,forecast_solar_generation,Solar,2026-07-27T04:17:26Z
2026-07-27T04:13:26Z,2026-07-27T06:13:26+0200,dabcd32d-9433-4dbd-a505-ea8cec1be0d4,2026-07-19T02:15:00Z,2026-07-19T04:15:00+0200,0.0,MW,DK1,DK_1,forecast_solar_generation,Solar,2026-07-27T04:17:26Z
2026-07-27T04:13:26Z,2026-07-27T06:13:26+0200,dabcd32d-9433-4dbd-a505-ea8cec1be0d4,2026-07-19T02:30:00Z,2026-07-19T04:30:00+0200,0.0,MW,DK1,DK_1,forecast_solar_generation,Solar,2026-07-27T04:17:26Z
2026-07-27T04:13:26Z,2026-07-27T06:13:26+0200,dabcd32d-9433-4dbd-a505-ea8cec1be0d4,2026-07-19T02:45:00Z,2026-07-19T04:45:00+0200,0.0,MW,DK1,DK_1,forecast_solar_generation,Solar,2026-07-27T04:17:26Z
2026-07-27T04:13:26Z,2026-07-27T06:13:26+0200,dabcd32d-9433-4dbd-a505-ea8cec1be0d4,2026-07-19T03:00:00Z,2026-07-19T05:00:00+0200,0.12,MW,DK1,DK_1,forecast_solar_generation,Solar,2026-07-27T04:17:26Z
2026-07-27T04:13:26Z,2026-07-27T06:13:26+0200,dabcd32d-9433-4dbd-a505-ea8cec1be0d4,2026-07-19T03:15:00Z,2026-07-19T05:15:00+0200,1.93,MW,DK1,DK_1,forecast_solar_generation,Solar,2026-07-27T04:17:26Z
2026-07-27T04:13:26Z,2026-07-27T06:13:26+0200,dabcd32d-9433-4dbd-a505-ea8cec1be0d4,2026-07-19T03:30:00Z,2026-07-19T05:30:00+0200,11.501666,MW,DK1,DK_1,forecast_solar_generation,Solar,2026-07-27T04:17:26Z
2026-07-27T04:13:26Z,2026-07-27T06:13:26+0200,dabcd32d-9433-4dbd-a505-ea8cec1be0d4,2026-07-19T03:45:00Z,2026-07-19T05:45:00+0200,34.095,MW,DK1,DK_1,forecast_solar_generation,Solar,2026-07-27T04:17:26Z
2026-07-27T04:13:26Z,2026-07-27T06:13:26+0200,dabcd32d-9433-4dbd-a505-ea8cec1be0d4,2026-07-19T04:00:00Z,2026-07-19T06:00:00+0200,64.69,MW,DK1,DK_1,forecast_solar_generation,Solar,2026-07-27T04:17:26Z
2026-07-27T04:13:26Z,2026-07-27T06:13:26+0200,dabcd32d-9433-4dbd-a505-ea8cec1be0d4,2026-07-19T04:15:00Z,2026-07-19T06:15:00+0200,100.961666,MW,DK1,DK_1,forecast_solar_generation,Solar,2026-07-27T04:17:26Z
2026-07-27T04:13:26Z,2026-07-27T06:13:26+0200,dabcd32d-9433-4dbd-a505-ea8cec1be0d4,2026-07-19T04:30:00Z,2026-07-19T06:30:00+0200,145.28,MW,DK1,DK_1,forecast_solar_generation,Solar,2026-07-27T04:17:26Z
2026-07-27T04:13:26Z,2026-07-27T06:13:26+0200,dabcd32d-9433-4dbd-a505-ea8cec1be0d4,2026-07-19T04:45:00Z,2026-07-19T06:45:00+0200,195.049999,MW,DK1,DK_1,forecast_solar_generation,Solar,2026-07-27T04:17:26Z
2026-07-27T04:13:26Z,2026-07-27T06:13:26+0200,dabcd32d-9433-4dbd-a505-ea8cec1be0d4,2026-07-19T05:00:00Z,2026-07-19T07:00:00+0200,246.761666,MW,DK1,DK_1,forecast_solar_generation,Solar,2026-07-27T04:17:26Z
2026-07-27T04:13:26Z,2026-07-27T06:13:26+0200,dabcd32d-9433-4dbd-a505-ea8cec1be0d4,2026-07-19T05:15:00Z,2026-07-19T07:15:00+0200,298.465,MW,DK1,DK_1,forecast_solar_generation,Solar,2026-07-27T04:17:26Z
2026-07-27T04:13:26Z,2026-07-27T06:13:26+0200,dabcd32d-9433-4dbd-a505-ea8cec1be0d4,2026-07-19T05:30:00Z,2026-07-19T07:30:00+0200,349.046666,MW,DK1,DK_1,forecast_solar_generation,Solar,2026-07-27T04:17:26Z
2026-07-27T04:13:26Z,2026-07-27T06:13:26+0200,dabcd32d-9433-4dbd-a505-ea8cec1be0d4,2026-07-19T05:45:00Z,2026-07-19T07:45:00+0200,393.388333,MW,DK1,DK_1,forecast_solar_generation,Solar,2026-07-27T04:17:26Z
2026-07-27T04:13:26Z,2026-07-27T06:13:26+0200,dabcd32d-9433-4dbd-a505-ea8cec1be0d4,2026-07-19T06:00:00Z,2026-07-19T08:00:00+0200,431.241666,MW,DK1,DK_1,forecast_solar_generation,Solar,2026-07-27T04:17:26Z
2026-07-27T04:13:26Z,2026-07-27T06:13:26+0200,dabcd32d-9433-4dbd-a505-ea8cec1be0d4,2026-07-19T06:15:00Z,2026-07-19T08:15:00+0200,466.028333,MW,DK1,DK_1,forecast_solar_generation,Solar,2026-07-27T04:17:26Z
2026-07-27T04:13:26Z,2026-07-27T06:13:26+0200,dabcd32d-9433-4dbd-a505-ea8cec1be0d4,2026-07-19T06:30:00Z,2026-07-19T08:30:00+0200,501.301666,MW,DK1,DK_1,forecast_solar_generation,Solar,2026-07-27T04:17:26Z
2026-07-27T04:13:26Z,2026-07-27T06:13:26+0200,dabcd32d-9433-4dbd-a505-ea8cec1be0d4,2026-07-19T06:45:00Z,2026-07-19T08:45:00+0200,533.515,MW,DK1,DK_1,forecast_solar_generation,Solar,2026-07-27T04:17:26Z
2026-07-27T04:13:26Z,2026-07-27T06:13:26+0200,dabcd32d-9433-4dbd-a505-ea8cec1be0d4,2026-07-19T07:00:00Z,2026-07-19T09:00:00+0200,553.673333,MW,DK1,DK_1,forecast_solar_generation,Solar,2026-07-27T04:17:26Z
2026-07-27T04:13:26Z,2026-07-27T06:13:26+0200,dabcd32d-9433-4dbd-a505-ea8cec1be0d4,2026-07-19T07:15:00Z,2026-07-19T09:15:00+0200,537.943333,MW,DK1,DK_1,forecast_solar_generation,Solar,2026-07-27T04:17:26Z
2026-07-27T04:13:26Z,2026-07-27T06:13:26+0200,dabcd32d-9433-4dbd-a505-ea8cec1be0d4,2026-07-19T07:30:00Z,2026-07-19T09:30:00+0200,500.963333,MW,DK1,DK_1,forecast_solar_generation,Solar,2026-07-27T04:17:26Z
2026-07-27T04:13:26Z,2026-07-27T06:13:26+0200,dabcd32d-9433-4dbd-a505-ea8cec1be0d4,2026-07-19T07:45:00Z,2026-07-19T09:45:00+0200,502.475,MW,DK1,DK_1,forecast_solar_generation,Solar,2026-07-27T04:17:26Z
2026-07-27T04:13:26Z,2026-07-27T06:13:26+0200,dabcd32d-9433-4dbd-a505-ea8cec1be0d4,2026-07-19T08:00:00Z,2026-07-19T10:00:00+0200,504.443333,MW,DK1,DK_1,forecast_solar_generation,Solar,2026-07-27T04:17:26Z
2026-07-27T04:13:26Z,2026-07-27T06:13:26+0200,dabcd32d-9433-4dbd-a505-ea8cec1be0d4,2026-07-19T08:15:00Z,2026-07-19T10:15:00+0200,493.191666,MW,DK1,DK_1,forecast_solar_generation,Solar,2026-07-27T04:17:26Z
2026-07-27T04:13:26Z,2026-07-27T06:13:26+0200,dabcd32d-9433-4dbd-a505-ea8cec1be0d4,2026-07-19T08:30:00Z,2026-07-19T10:30:00+0200,490.926666,MW,DK1,DK_1,forecast_solar_generation,Solar,2026-07-27T04:17:26Z
2026-07-27T04:13:26Z,2026-07-27T06:13:26+0200,dabcd32d-9433-4dbd-a505-ea8cec1be0d4,2026-07-19T08:45:00Z,2026-07-19T10:45:00+0200,456.39,MW,DK1,DK_1,forecast_solar_generation,Solar,2026-07-27T04:17:26Z
2026-07-27T04:13:26Z,2026-07-27T06:13:26+0200,dabcd32d-9433-4dbd-a505-ea8cec1be0d4,2026-07-19T09:00:00Z,2026-07-19T11:00:00+0200,361.336666,MW,DK1,DK_1,forecast_solar_generation,Solar,2026-07-27T04:17:26Z
2026-07-27T04:13:26Z,2026-07-27T06:13:26+0200,dabcd32d-9433-4dbd-a505-ea8cec1be0d4,2026-07-19T09:15:00Z,2026-07-19T11:15:00+0200,358.719999,MW,DK1,DK_1,forecast_solar_generation,Solar,2026-07-27T04:17:26Z
2026-07-27T04:13:26Z,2026-07-27T06:13:26+0200,dabcd32d-9433-4dbd-a505-ea8cec1be0d4,2026-07-19T09:30:00Z,2026-07-19T11:30:00+0200,355.986666,MW,DK1,DK_1,forecast_solar_generation,Solar,2026-07-27T04:17:26Z
2026-07-27T04:13:26Z,2026-07-27T06:13:26+0200,dabcd32d-9433-4dbd-a505-ea8cec1be0d4,2026-07-19T09:45:00Z,2026-07-19T11:45:00+0200,351.635,MW,DK1,DK_1,forecast_solar_generation,Solar,2026-07-27T04:17:26Z
2026-07-27T04:13:26Z,2026-07-27T06:13:26+0200,dabcd32d-9433-4dbd-a505-ea8cec1be0d4,2026-07-19T10:00:00Z,2026-07-19T12:00:00+0200,349.723333,MW,DK1,DK_1,forecast_solar_generation,Solar,2026-07-27T04:17:26Z
2026-07-27T04:13:26Z,2026-07-27T06:13:26+0200,dabcd32d-9433-4dbd-a505-ea8cec1be0d4,2026-07-19T10:15:00Z,2026-07-19T12:15:00+0200,347.638333,MW,DK1,DK_1,forecast_solar_generation,Solar,2026-07-27T04:17:26Z
2026-07-27T04:13:26Z,2026-07-27T06:13:26+0200,dabcd32d-9433-4dbd-a505-ea8cec1be0d4,2026-07-19T10:30:00Z,2026-07-19T12:30:00+0200,349.03,MW,DK1,DK_1,forecast_solar_generation,Solar,2026-07-27T04:17:26Z
2026-07-27T04:13:26Z,2026-07-27T06:13:26+0200,dabcd32d-9433-4dbd-a505-ea8cec1be0d4,2026-07-19T10:45:00Z,2026-07-19T12:45:00+0200,355.553333,MW,DK1,DK_1,forecast_solar_generation,Solar,2026-07-27T04:17:26Z
2026-07-27T04:13:26Z,2026-07-27T06:13:26+0200,dabcd32d-9433-4dbd-a505-ea8cec1be0d4,2026-07-19T11:00:00Z,2026-07-19T13:00:00+0200,364.42,MW,DK1,DK_1,forecast_solar_generation,Solar,2026-07-27T04:17:26Z
2026-07-27T04:13:26Z,2026-07-27T06:13:26+0200,dabcd32d-9433-4dbd-a505-ea8cec1be0d4,2026-07-19T11:15:00Z,2026-07-19T13:15:00+0200,371.73,MW,DK1,DK_1,forecast_solar_generation,Solar,2026-07-27T04:17:26Z
2026-07-27T04:13:26Z,2026-07-27T06:13:26+0200,dabcd32d-9433-4dbd-a505-ea8cec1be0d4,2026-07-19T11:30:00Z,2026-07-19T13:30:00+0200,375.308333,MW,DK1,DK_1,forecast_solar_generation,Solar,2026-07-27T04:17:26Z
2026-07-27T04:13:26Z,2026-07-27T06:13:26+0200,dabcd32d-9433-4dbd-a505-ea8cec1be0d4,2026-07-19T11:45:00Z,2026-07-19T13:45:00+0200,378.79,MW,DK1,DK_1,forecast_solar_generation,Solar,2026-07-27T04:17:26Z
2026-07-27T04:13:26Z,2026-07-27T06:13:26+0200,dabcd32d-9433-4dbd-a505-ea8cec1be0d4,2026-07-19T12:00:00Z,2026-07-19T14:00:00+0200,382.068333,MW,DK1,DK_1,forecast_solar_generation,Solar,2026-07-27T04:17:26Z
2026-07-27T04:13:26Z,2026-07-27T06:13:26+0200,dabcd32d-9433-4dbd-a505-ea8cec1be0d4,2026-07-19T12:15:00Z,2026-07-19T14:15:00+0200,383.286666,MW,DK1,DK_1,forecast_solar_generation,Solar,2026-07-27T04:17:26Z
2026-07-27T04:13:26Z,2026-07-27T06:13:26+0200,dabcd32d-9433-4dbd-a505-ea8cec1be0d4,2026-07-19T12:30:00Z,2026-07-19T14:30:00+0200,381.908333,MW,DK1,DK_1,forecast_solar_generation,Solar,2026-07-27T04:17:26Z
2026-07-27T04:13:26Z,2026-07-27T06:13:26+0200,dabcd32d-9433-4dbd-a505-ea8cec1be0d4,2026-07-19T12:45:00Z,2026-07-19T14:45:00+0200,405.468333,MW,DK1,DK_1,forecast_solar_generation,Solar,2026-07-27T04:17:26Z
2026-07-27T04:13:26Z,2026-07-27T06:13:26+0200,dabcd32d-9433-4dbd-a505-ea8cec1be0d4,2026-07-19T13:00:00Z,2026-07-19T15:00:00+0200,526.964999,MW,DK1,DK_1,forecast_solar_generation,Solar,2026-07-27T04:17:26Z
2026-07-27T04:13:26Z,2026-07-27T06:13:26+0200,dabcd32d-9433-4dbd-a505-ea8cec1be0d4,2026-07-19T13:15:00Z,2026-07-19T15:15:00+0200,494.353333,MW,DK1,DK_1,forecast_solar_generation,Solar,2026-07-27T04:17:26Z
2026-07-27T04:13:26Z,2026-07-27T06:13:26+0200,dabcd32d-9433-4dbd-a505-ea8cec1be0d4,2026-07-19T13:30:00Z,2026-07-19T15:30:00+0200,500.69,MW,DK1,DK_1,forecast_solar_generation,Solar,2026-07-27T04:17:26Z
2026-07-27T04:13:26Z,2026-07-27T06:13:26+0200,dabcd32d-9433-4dbd-a505-ea8cec1be0d4,2026-07-19T13:45:00Z,2026-07-19T15:45:00+0200,458.77,MW,DK1,DK_1,forecast_solar_generation,Solar,2026-07-27T04:17:26Z
2026-07-27T04:13:26Z,2026-07-27T06:13:26+0200,dabcd32d-9433-4dbd-a505-ea8cec1be0d4,2026-07-19T14:00:00Z,2026-07-19T16:00:00+0200,459.333333,MW,DK1,DK_1,forecast_solar_generation,Solar,2026-07-27T04:17:26Z
2026-07-27T04:13:26Z,2026-07-27T06:13:26+0200,dabcd32d-9433-4dbd-a505-ea8cec1be0d4,2026-07-19T14:15:00Z,2026-07-19T16:15:00+0200,422.893333,MW,DK1,DK_1,forecast_solar_generation,Solar,2026-07-27T04:17:26Z
2026-07-27T04:13:26Z,2026-07-27T06:13:26+0200,dabcd32d-9433-4dbd-a505-ea8cec1be0d4,2026-07-19T14:30:00Z,2026-07-19T16:30:00+0200,441.763333,MW,DK1,DK_1,forecast_solar_generation,Solar,2026-07-27T04:17:26Z
2026-07-27T04:13:26Z,2026-07-27T06:13:26+0200,dabcd32d-9433-4dbd-a505-ea8cec1be0d4,2026-07-19T14:45:00Z,2026-07-19T16:45:00+0200,456.79,MW,DK1,DK_1,forecast_solar_generation,Solar,2026-07-27T04:17:26Z
2026-07-27T04:13:26Z,2026-07-27T06:13:26+0200,dabcd32d-9433-4dbd-a505-ea8cec1be0d4,2026-07-19T15:00:00Z,2026-07-19T17:00:00+0200,404.458333,MW,DK1,DK_1,forecast_solar_generation,Solar,2026-07-27T04:17:26Z
2026-07-27T04:13:26Z,2026-07-27T06:13:26+0200,dabcd32d-9433-4dbd-a505-ea8cec1be0d4,2026-07-19T15:15:00Z,2026-07-19T17:15:00+0200,419.491666,MW,DK1,DK_1,forecast_solar_generation,Solar,2026-07-27T04:17:26Z
2026-07-27T04:13:26Z,2026-07-27T06:13:26+0200,dabcd32d-9433-4dbd-a505-ea8cec1be0d4,2026-07-19T15:30:00Z,2026-07-19T17:30:00+0200,399.83,MW,DK1,DK_1,forecast_solar_generation,Solar,2026-07-27T04:17:26Z
2026-07-27T04:13:26Z,2026-07-27T06:13:26+0200,dabcd32d-9433-4dbd-a505-ea8cec1be0d4,2026-07-19T15:45:00Z,2026-07-19T17:45:00+0200,374.576666,MW,DK1,DK_1,forecast_solar_generation,Solar,2026-07-27T04:17:26Z
2026-07-27T04:13:26Z,2026-07-27T06:13:26+0200,dabcd32d-9433-4dbd-a505-ea8cec1be0d4,2026-07-19T16:00:00Z,2026-07-19T18:00:00+0200,325.145,MW,DK1,DK_1,forecast_solar_generation,Solar,2026-07-27T04:17:26Z
2026-07-27T04:13:26Z,2026-07-27T06:13:26+0200,dabcd32d-9433-4dbd-a505-ea8cec1be0d4,2026-07-19T16:15:00Z,2026-07-19T18:15:00+0200,342.011666,MW,DK1,DK_1,forecast_solar_generation,Solar,2026-07-27T04:17:26Z
2026-07-27T04:13:26Z,2026-07-27T06:13:26+0200,dabcd32d-9433-4dbd-a505-ea8cec1be0d4,2026-07-19T16:30:00Z,2026-07-19T18:30:00+0200,310.855,MW,DK1,DK_1,forecast_solar_generation,Solar,2026-07-27T04:17:26Z
2026-07-27T04:13:26Z,2026-07-27T06:13:26+0200,dabcd32d-9433-4dbd-a505-ea8cec1be0d4,2026-07-19T16:45:00Z,2026-07-19T18:45:00+0200,279.856666,MW,DK1,DK_1,forecast_solar_generation,Solar,2026-07-27T04:17:26Z
2026-07-27T04:13:26Z,2026-07-27T06:13:26+0200,dabcd32d-9433-4dbd-a505-ea8cec1be0d4,2026-07-19T17:00:00Z,2026-07-19T19:00:00+0200,250.881666,MW,DK1,DK_1,forecast_solar_generation,Solar,2026-07-27T04:17:26Z
2026-07-27T04:13:26Z,2026-07-27T06:13:26+0200,dabcd32d-9433-4dbd-a505-ea8cec1be0d4,2026-07-19T17:15:00Z,2026-07-19T19:15:00+0200,218.803333,MW,DK1,DK_1,forecast_solar_generation,Solar,2026-07-27T04:17:26Z
2026-07-27T04:13:26Z,2026-07-27T06:13:26+0200,dabcd32d-9433-4dbd-a505-ea8cec1be0d4,2026-07-19T17:30:00Z,2026-07-19T19:30:00+0200,186.011666,MW,DK1,DK_1,forecast_solar_generation,Solar,2026-07-27T04:17:26Z
2026-07-27T04:13:26Z,2026-07-27T06:13:26+0200,dabcd32d-9433-4dbd-a505-ea8cec1be0d4,2026-07-19T17:45:00Z,2026-07-19T19:45:00+0200,153.875,MW,DK1,DK_1,forecast_solar_generation,Solar,2026-07-27T04:17:26Z
2026-07-27T04:13:26Z,2026-07-27T06:13:26+0200,dabcd32d-9433-4dbd-a505-ea8cec1be0d4,2026-07-19T18:00:00Z,2026-07-19T20:00:00+0200,122.276666,MW,DK1,DK_1,forecast_solar_generation,Solar,2026-07-27T04:17:26Z
2026-07-27T04:13:26Z,2026-07-27T06:13:26+0200,dabcd32d-9433-4dbd-a505-ea8cec1be0d4,2026-07-19T18:15:00Z,2026-07-19T20:15:00+0200,91.898333,MW,DK1,DK_1,forecast_solar_generation,Solar,2026-07-27T04:17:26Z
2026-07-27T04:13:26Z,2026-07-27T06:13:26+0200,dabcd32d-9433-4dbd-a505-ea8cec1be0d4,2026-07-19T18:30:00Z,2026-07-19T20:30:00+0200,64.306666,MW,DK1,DK_1,forecast_solar_generation,Solar,2026-07-27T04:17:26Z
2026-07-27T04:13:26Z,2026-07-27T06:13:26+0200,dabcd32d-9433-4dbd-a505-ea8cec1be0d4,2026-07-19T18:45:00Z,2026-07-19T20:45:00+0200,40.578333,MW,DK1,DK_1,forecast_solar_generation,Solar,2026-07-27T04:17:26Z
2026-07-27T04:13:26Z,2026-07-27T06:13:26+0200,dabcd32d-9433-4dbd-a505-ea8cec1be0d4,2026-07-19T19:00:00Z,2026-07-19T21:00:00+0200,20.051666,MW,DK1,DK_1,forecast_solar_generation,Solar,2026-07-27T04:17:26Z
2026-07-27T04:13:26Z,2026-07-27T06:13:26+0200,dabcd32d-9433-4dbd-a505-ea8cec1be0d4,2026-07-19T19:15:00Z,2026-07-19T21:15:00+0200,6.325,MW,DK1,DK_1,forecast_solar_generation,Solar,2026-07-27T04:17:26Z
2026-07-27T04:13:26Z,2026-07-27T06:13:26+0200,dabcd32d-9433-4dbd-a505-ea8cec1be0d4,2026-07-19T19:30:00Z,2026-07-19T21:30:00+0200,0.971666,MW,DK1,DK_1,forecast_solar_generation,Solar,2026-07-27T04:17:26Z
2026-07-27T04:13:26Z,2026-07-27T06:13:26+0200,dabcd32d-9433-4dbd-a505-ea8cec1be0d4,2026-07-19T19:45:00Z,2026-07-19T21:45:00+0200,0.049999,MW,DK1,DK_1,forecast_solar_generation,Solar,2026-07-27T04:17:26Z
2026-07-27T04:13:26Z,2026-07-27T06:13:26+0200,dabcd32d-9433-4dbd-a505-ea8cec1be0d4,2026-07-19T20:00:00Z,2026-07-19T22:00:00+0200,0.0,MW,DK1,DK_1,forecast_solar_generation,Solar,2026-07-27T04:17:26Z
2026-07-27T04:13:26Z,2026-07-27T06:13:26+0200,dabcd32d-9433-4dbd-a505-ea8cec1be0d4,2026-07-19T20:15:00Z,2026-07-19T22:15:00+0200,0.0,MW,DK1,DK_1,forecast_solar_generation,Solar,2026-07-27T04:17:26Z
2026-07-27T04:13:26Z,2026-07-27T06:13:26+0200,dabcd32d-9433-4dbd-a505-ea8cec1be0d4,2026-07-19T20:30:00Z,2026-07-19T22:30:00+0200,0.0,MW,DK1,DK_1,forecast_solar_generation,Solar,2026-07-27T04:17:26Z
2026-07-27T04:13:26Z,2026-07-27T06:13:26+0200,dabcd32d-9433-4dbd-a505-ea8cec1be0d4,2026-07-19T20:45:00Z,2026-07-19T22:45:00+0200,0.0,MW,DK1,DK_1,forecast_solar_generation,Solar,2026-07-27T04:17:26Z
2026-07-27T04:13:26Z,2026-07-27T06:13:26+0200,dabcd32d-9433-4dbd-a505-ea8cec1be0d4,2026-07-19T21:00:00Z,2026-07-19T23:00:00+0200,0.0,MW,DK1,DK_1,forecast_solar_generation,Solar,2026-07-27T04:17:26Z
2026-07-27T04:13:26Z,2026-07-27T06:13:26+0200,dabcd32d-9433-4dbd-a505-ea8cec1be0d4,2026-07-19T21:15:00Z,2026-07-19T23:15:00+0200,0.0,MW,DK1,DK_1,forecast_solar_generation,Solar,2026-07-27T04:17:26Z
2026-07-27T04:13:26Z,2026-07-27T06:13:26+0200,dabcd32d-9433-4dbd-a505-ea8cec1be0d4,2026-07-19T21:30:00Z,2026-07-19T23:30:00+0200,0.0,MW,DK1,DK_1,forecast_solar_generation,Solar,2026-07-27T04:17:26Z
2026-07-27T04:13:26Z,2026-07-27T06:13:26+0200,dabcd32d-9433-4dbd-a505-ea8cec1be0d4,2026-07-19T21:45:00Z,2026-07-19T23:45:00+0200,0.0,MW,DK1,DK_1,forecast_solar_generation,Solar,2026-07-27T04:17:26Z
2026-07-27T04:13:26Z,2026-07-27T06:13:26+0200,dabcd32d-9433-4dbd-a505-ea8cec1be0d4,2026-07-19T22:00:00Z,2026-07-20T00:00:00+0200,0.0,MW,DK1,DK_1,forecast_solar_generation,Solar,2026-07-27T04:17:26Z
2026-07-27T04:13:26Z,2026-07-27T06:13:26+0200,dabcd32d-9433-4dbd-a505-ea8cec1be0d4,2026-07-19T22:15:00Z,2026-07-20T00:15:00+0200,0.0,MW,DK1,DK_1,forecast_solar_generation,Solar,2026-07-27T04:17:26Z
2026-07-27T04:13:26Z,2026-07-27T06:13:26+0200,dabcd32d-9433-4dbd-a505-ea8cec1be0d4,2026-07-19T22:30:00Z,2026-07-20T00:30:00+0200,0.0,MW,DK1,DK_1,forecast_solar_generation,Solar,2026-07-27T04:17:26Z
2026-07-27T04:13:26Z,2026-07-27T06:13:26+0200,dabcd32d-9433-4dbd-a505-ea8cec1be0d4,2026-07-19T22:45:00Z,2026-07-20T00:45:00+0200,0.0,MW,DK1,DK_1,forecast_solar_generation,Solar,2026-07-27T04:17:26Z
2026-07-27T04:13:26Z,2026-07-27T06:13:26+0200,dabcd32d-9433-4dbd-a505-ea8cec1be0d4,2026-07-19T23:00:00Z,2026-07-20T01:00:00+0200,0.0,MW,DK1,DK_1,forecast_solar_generation,Solar,2026-07-27T04:17:26Z
2026-07-27T04:13:26Z,2026-07-27T06:13:26+0200,dabcd32d-9433-4dbd-a505-ea8cec1be0d4,2026-07-19T23:15:00Z,2026-07-20T01:15:00+0200,0.0,MW,DK1,DK_1,forecast_solar_generation,Solar,2026-07-27T04:17:26Z
2026-07-27T04:13:26Z,2026-07-27T06:13:26+0200,dabcd32d-9433-4dbd-a505-ea8cec1be0d4,2026-07-19T23:30:00Z,2026-07-20T01:30:00+0200,0.0,MW,DK1,DK_1,forecast_solar_generation,Solar,2026-07-27T04:17:26Z
2026-07-27T04:13:26Z,2026-07-27T06:13:26+0200,dabcd32d-9433-4dbd-a505-ea8cec1be0d4,2026-07-19T23:45:00Z,2026-07-20T01:45:00+0200,0.0,MW,DK1,DK_1,forecast_solar_generation,Solar,2026-07-27T04:17:26Z
2026-07-27T04:13:26Z,2026-07-27T06:13:26+0200,dabcd32d-9433-4dbd-a505-ea8cec1be0d4,2026-07-20T00:00:00Z,2026-07-20T02:00:00+0200,0.0,MW,DK1,DK_1,forecast_solar_generation,Solar,2026-07-27T04:17:26Z
2026-07-27T04:13:26Z,2026-07-27T06:13:26+0200,dabcd32d-9433-4dbd-a505-ea8cec1be0d4,2026-07-20T00:15:00Z,2026-07-20T02:15:00+0200,0.0,MW,DK1,DK_1,forecast_solar_generation,Solar,2026-07-27T04:17:26Z
2026-07-27T04:13:26Z,2026-07-27T06:13:26+0200,dabcd32d-9433-4dbd-a505-ea8cec1be0d4,2026-07-20T00:30:00Z,2026-07-20T02:30:00+0200,0.0,MW,DK1,DK_1,forecast_solar_generation,Solar,2026-07-27T04:17:26Z
2026-07-27T04:13:26Z,2026-07-27T06:13:26+0200,dabcd32d-9433-4dbd-a505-ea8cec1be0d4,2026-07-20T00:45:00Z,2026-07-20T02:45:00+0200,0.0,MW,DK1,DK_1,forecast_solar_generation,Solar,2026-07-27T04:17:26Z
2026-07-27T04:13:26Z,2026-07-27T06:13:26+0200,dabcd32d-9433-4dbd-a505-ea8cec1be0d4,2026-07-20T01:00:00Z,2026-07-20T03:00:00+0200,0.0,MW,DK1,DK_1,forecast_solar_generation,Solar,2026-07-27T04:17:26Z
2026-07-27T04:13:26Z,2026-07-27T06:13:26+0200,dabcd32d-9433-4dbd-a505-ea8cec1be0d4,2026-07-20T01:15:00Z,2026-07-20T03:15:00+0200,0.0,MW,DK1,DK_1,forecast_solar_generation,Solar,2026-07-27T04:17:26Z
2026-07-27T04:13:26Z,2026-07-27T06:13:26+0200,dabcd32d-9433-4dbd-a505-ea8cec1be0d4,2026-07-20T01:30:00Z,2026-07-20T03:30:00+0200,0.0,MW,DK1,DK_1,forecast_solar_generation,Solar,2026-07-27T04:17:26Z
2026-07-27T04:13:26Z,2026-07-27T06:13:26+0200,dabcd32d-9433-4dbd-a505-ea8cec1be0d4,2026-07-20T01:45:00Z,2026-07-20T03:45:00+0200,0.0,MW,DK1,DK_1,forecast_solar_generation,Solar,2026-07-27T04:17:26Z
2026-07-27T04:13:26Z,2026-07-27T06:13:26+0200,dabcd32d-9433-4dbd-a505-ea8cec1be0d4,2026-07-20T02:00:00Z,2026-07-20T04:00:00+0200,0.0,MW,DK1,DK_1,forecast_solar_generation,Solar,2026-07-27T04:17:26Z
2026-07-27T04:13:26Z,2026-07-27T06:13:26+0200,dabcd32d-9433-4dbd-a505-ea8cec1be0d4,2026-07-20T02:15:00Z,2026-07-20T04:15:00+0200,0.0,MW,DK1,DK_1,forecast_solar_generation,Solar,2026-07-27T04:17:26Z
2026-07-27T04:13:26Z,2026-07-27T06:13:26+0200,dabcd32d-9433-4dbd-a505-ea8cec1be0d4,2026-07-20T02:30:00Z,2026-07-20T04:30:00+0200,0.0,MW,DK1,DK_1,forecast_solar_generation,Solar,2026-07-27T04:17:26Z
2026-07-27T04:13:26Z,2026-07-27T06:13:26+0200,dabcd32d-9433-4dbd-a505-ea8cec1be0d4,2026-07-20T02:45:00Z,2026-07-20T04:45:00+0200,0.0,MW,DK1,DK_1,forecast_solar_generation,Solar,2026-07-27T04:17:26Z
2026-07-27T04:13:26Z,2026-07-27T06:13:26+0200,dabcd32d-9433-4dbd-a505-ea8cec1be0d4,2026-07-20T03:00:00Z,2026-07-20T05:00:00+0200,0.145,MW,DK1,DK_1,forecast_solar_generation,Solar,2026-07-27T04:17:26Z
2026-07-27T04:13:26Z,2026-07-27T06:13:26+0200,dabcd32d-9433-4dbd-a505-ea8cec1be0d4,2026-07-20T03:15:00Z,2026-07-20T05:15:00+0200,2.505,MW,DK1,DK_1,forecast_solar_generation,Solar,2026-07-27T04:17:26Z
2026-07-27T04:13:26Z,2026-07-27T06:13:26+0200,dabcd32d-9433-4dbd-a505-ea8cec1be0d4,2026-07-20T03:30:00Z,2026-07-20T05:30:00+0200,14.613333,MW,DK1,DK_1,forecast_solar_generation,Solar,2026-07-27T04:17:26Z
2026-07-27T04:13:26Z,2026-07-27T06:13:26+0200,dabcd32d-9433-4dbd-a505-ea8cec1be0d4,2026-07-20T03:45:00Z,2026-07-20T05:45:00+0200,43.046666,MW,DK1,DK_1,forecast_solar_generation,Solar,2026-07-27T04:17:26Z
2026-07-27T04:13:26Z,2026-07-27T06:13:26+0200,dabcd32d-9433-4dbd-a505-ea8cec1be0d4,2026-07-20T04:00:00Z,2026-07-20T06:00:00+0200,85.423333,MW,DK1,DK_1,forecast_solar_generation,Solar,2026-07-27T04:17:26Z
2026-07-27T04:13:26Z,2026-07-27T06:13:26+0200,dabcd32d-9433-4dbd-a505-ea8cec1be0d4,2026-07-20T04:15:00Z,2026-07-20T06:15:00+0200,138.888333,MW,DK1,DK_1,forecast_solar_generation,Solar,2026-07-27T04:17:26Z
2026-07-27T04:13:26Z,2026-07-27T06:13:26+0200,dabcd32d-9433-4dbd-a505-ea8cec1be0d4,2026-07-20T04:30:00Z,2026-07-20T06:30:00+0200,203.556666,MW,DK1,DK_1,forecast_solar_generation,Solar,2026-07-27T04:17:26Z
2026-07-27T04:13:26Z,2026-07-27T06:13:26+0200,dabcd32d-9433-4dbd-a505-ea8cec1be0d4,2026-07-20T04:45:00Z,2026-07-20T06:45:00+0200,279.288333,MW,DK1,DK_1,forecast_solar_generation,Solar,2026-07-27T04:17:26Z
2026-07-27T04:13:26Z,2026-07-27T06:13:26+0200,dabcd32d-9433-4dbd-a505-ea8cec1be0d4,2026-07-20T05:00:00Z,2026-07-20T07:00:00+0200,364.869999,MW,DK1,DK_1,forecast_solar_generation,Solar,2026-07-27T04:17:26Z
2026-07-27T04:13:26Z,2026-07-27T06:13:26+0200,dabcd32d-9433-4dbd-a505-ea8cec1be0d4,2026-07-20T05:15:00Z,2026-07-20T07:15:00+0200,458.688333,MW,DK1,DK_1,forecast_solar_generation,Solar,2026-07-27T04:17:26Z
2026-07-27T04:13:26Z,2026-07-27T06:13:26+0200,dabcd32d-9433-4dbd-a505-ea8cec1be0d4,2026-07-20T05:30:00Z,2026-07-20T07:30:00+0200,560.941666,MW,DK1,DK_1,forecast_solar_generation,Solar,2026-07-27T04:17:26Z
2026-07-27T04:13:26Z,2026-07-27T06:13:26+0200,dabcd32d-9433-4dbd-a505-ea8cec1be0d4,2026-07-20T05:45:00Z,2026-07-20T07:45:00+0200,672.02,MW,DK1,DK_1,forecast_solar_generation,Solar,2026-07-27T04:17:26Z
2026-07-27T04:13:26Z,2026-07-27T06:13:26+0200,dabcd32d-9433-4dbd-a505-ea8cec1be0d4,2026-07-20T06:00:00Z,2026-07-20T08:00:00+0200,789.961666,MW,DK1,DK_1,forecast_solar_generation,Solar,2026-07-27T04:17:26Z
2026-07-27T04:13:26Z,2026-07-27T06:13:26+0200,dabcd32d-9433-4dbd-a505-ea8cec1be0d4,2026-07-20T06:15:00Z,2026-07-20T08:15:00+0200,909.681666,MW,DK1,DK_1,forecast_solar_generation,Solar,2026-07-27T04:17:26Z
2026-07-27T04:13:26Z,2026-07-27T06:13:26+0200,dabcd32d-9433-4dbd-a505-ea8cec1be0d4,2026-07-20T06:30:00Z,2026-07-20T08:30:00+0200,1015.358333,MW,DK1,DK_1,forecast_solar_generation,Solar,2026-07-27T04:17:26Z
2026-07-27T04:13:26Z,2026-07-27T06:13:26+0200,dabcd32d-9433-4dbd-a505-ea8cec1be0d4,2026-07-20T06:45:00Z,2026-07-20T08:45:00+0200,1134.573333,MW,DK1,DK_1,forecast_solar_generation,Solar,2026-07-27T04:17:26Z
2026-07-27T04:13:26Z,2026-07-27T06:13:26+0200,dabcd32d-9433-4dbd-a505-ea8cec1be0d4,2026-07-20T07:00:00Z,2026-07-20T09:00:00+0200,1255.023333,MW,DK1,DK_1,forecast_solar_generation,Solar,2026-07-27T04:17:26Z
2026-07-27T04:13:26Z,2026-07-27T06:13:26+0200,dabcd32d-9433-4dbd-a505-ea8cec1be0d4,2026-07-20T07:15:00Z,2026-07-20T09:15:00+0200,1371.99,MW,DK1,DK_1,forecast_solar_generation,Solar,2026-07-27T04:17:26Z
2026-07-27T04:13:26Z,2026-07-27T06:13:26+0200,dabcd32d-9433-4dbd-a505-ea8cec1be0d4,2026-07-20T07:30:00Z,2026-07-20T09:30:00+0200,1483.785,MW,DK1,DK_1,forecast_solar_generation,Solar,2026-07-27T04:17:26Z
2026-07-27T04:13:26Z,2026-07-27T06:13:26+0200,dabcd32d-9433-4dbd-a505-ea8cec1be0d4,2026-07-20T07:45:00Z,2026-07-20T09:45:00+0200,1593.843333,MW,DK1,DK_1,forecast_solar_generation,Solar,2026-07-27T04:17:26Z
2026-07-27T04:13:26Z,2026-07-27T06:13:26+0200,dabcd32d-9433-4dbd-a505-ea8cec1be0d4,2026-07-20T08:00:00Z,2026-07-20T10:00:00+0200,1698.804999,MW,DK1,DK_1,forecast_solar_generation,Solar,2026-07-27T04:17:26Z
2026-07-27T04:13:26Z,2026-07-27T06:13:26+0200,dabcd32d-9433-4dbd-a505-ea8cec1be0d4,2026-07-20T08:15:00Z,2026-07-20T10:15:00+0200,1793.256666,MW,DK1,DK_1,forecast_solar_generation,Solar,2026-07-27T04:17:26Z
2026-07-27T04:13:26Z,2026-07-27T06:13:26+0200,dabcd32d-9433-4dbd-a505-ea8cec1be0d4,2026-07-20T08:30:00Z,2026-07-20T10:30:00+0200,1873.761666,MW,DK1,DK_1,forecast_solar_generation,Solar,2026-07-27T04:17:26Z
2026-07-27T04:13:26Z,2026-07-27T06:13:26+0200,dabcd32d-9433-4dbd-a505-ea8cec1be0d4,2026-07-20T08:45:00Z,2026-07-20T10:45:00+0200,1945.783333,MW,DK1,DK_1,forecast_solar_generation,Solar,2026-07-27T04:17:26Z
2026-07-27T04:13:26Z,2026-07-27T06:13:26+0200,dabcd32d-9433-4dbd-a505-ea8cec1be0d4,2026-07-20T09:00:00Z,2026-07-20T11:00:00+0200,2008.685,MW,DK1,DK_1,forecast_solar_generation,Solar,2026-07-27T04:17:26Z
2026-07-27T04:13:26Z,2026-07-27T06:13:26+0200,dabcd32d-9433-4dbd-a505-ea8cec1be0d4,2026-07-20T09:15:00Z,2026-07-20T11:15:00+0200,2060.183333,MW,DK1,DK_1,forecast_solar_generation,Solar,2026-07-27T04:17:26Z
2026-07-27T04:13:26Z,2026-07-27T06:13:26+0200,dabcd32d-9433-4dbd-a505-ea8cec1be0d4,2026-07-20T09:30:00Z,2026-07-20T11:30:00+0200,2095.543333,MW,DK1,DK_1,forecast_solar_generation,Solar,2026-07-27T04:17:26Z
2026-07-27T04:13:26Z,2026-07-27T06:13:26+0200,dabcd32d-9433-4dbd-a505-ea8cec1be0d4,2026-07-20T09:45:00Z,2026-07-20T11:45:00+0200,2049.521666,MW,DK1,DK_1,forecast_solar_generation,Solar,2026-07-27T04:17:26Z
2026-07-27T04:13:26Z,2026-07-27T06:13:26+0200,dabcd32d-9433-4dbd-a505-ea8cec1be0d4,2026-07-20T10:00:00Z,2026-07-20T12:00:00+0200,2188.931666,MW,DK1,DK_1,forecast_solar_generation,Solar,2026-07-27T04:17:26Z
2026-07-27T04:13:26Z,2026-07-27T06:13:26+0200,dabcd32d-9433-4dbd-a505-ea8cec1be0d4,2026-07-20T10:15:00Z,2026-07-20T12:15:00+0200,2217.316666,MW,DK1,DK_1,forecast_solar_generation,Solar,2026-07-27T04:17:26Z
2026-07-27T04:13:26Z,2026-07-27T06:13:26+0200,dabcd32d-9433-4dbd-a505-ea8cec1be0d4,2026-07-20T10:30:00Z,2026-07-20T12:30:00+0200,2239.536666,MW,DK1,DK_1,forecast_solar_generation,Solar,2026-07-27T04:17:26Z
2026-07-27T04:13:26Z,2026-07-27T06:13:26+0200,dabcd32d-9433-4dbd-a505-ea8cec1be0d4,2026-07-20T10:45:00Z,2026-07-20T12:45:00+0200,2227.658333,MW,DK1,DK_1,forecast_solar_generation,Solar,2026-07-27T04:17:26Z
2026-07-27T04:13:26Z,2026-07-27T06:13:26+0200,dabcd32d-9433-4dbd-a505-ea8cec1be0d4,2026-07-20T11:00:00Z,2026-07-20T13:00:00+0200,2087.983333,MW,DK1,DK_1,forecast_solar_generation,Solar,2026-07-27T04:17:26Z
2026-07-27T04:13:26Z,2026-07-27T06:13:26+0200,dabcd32d-9433-4dbd-a505-ea8cec1be0d4,2026-07-20T11:15:00Z,2026-07-20T13:15:00+0200,2087.316666,MW,DK1,DK_1,forecast_solar_generation,Solar,2026-07-27T04:17:26Z
2026-07-27T04:13:26Z,2026-07-27T06:13:26+0200,dabcd32d-9433-4dbd-a505-ea8cec1be0d4,2026-07-20T11:30:00Z,2026-07-20T13:30:00+0200,2024.955,MW,DK1,DK_1,forecast_solar_generation,Solar,2026-07-27T04:17:26Z
2026-07-27T04:13:26Z,2026-07-27T06:13:26+0200,dabcd32d-9433-4dbd-a505-ea8cec1be0d4,2026-07-20T11:45:00Z,2026-07-20T13:45:00+0200,2041.466666,MW,DK1,DK_1,forecast_solar_generation,Solar,2026-07-27T04:17:26Z
2026-07-27T04:13:26Z,2026-07-27T06:13:26+0200,dabcd32d-9433-4dbd-a505-ea8cec1be0d4,2026-07-20T12:00:00Z,2026-07-20T14:00:00+0200,2143.088333,MW,DK1,DK_1,forecast_solar_generation,Solar,2026-07-27T04:17:26Z
2026-07-27T04:13:26Z,2026-07-27T06:13:26+0200,dabcd32d-9433-4dbd-a505-ea8cec1be0d4,2026-07-20T12:15:00Z,2026-07-20T14:15:00+0200,2142.765,MW,DK1,DK_1,forecast_solar_generation,Solar,2026-07-27T04:17:26Z
2026-07-27T04:13:26Z,2026-07-27T06:13:26+0200,dabcd32d-9433-4dbd-a505-ea8cec1be0d4,2026-07-20T12:30:00Z,2026-07-20T14:30:00+0200,2187.44,MW,DK1,DK_1,forecast_solar_generation,Solar,2026-07-27T04:17:26Z
2026-07-27T04:13:26Z,2026-07-27T06:13:26+0200,dabcd32d-9433-4dbd-a505-ea8cec1be0d4,2026-07-20T12:45:00Z,2026-07-20T14:45:00+0200,2212.5,MW,DK1,DK_1,forecast_solar_generation,Solar,2026-07-27T04:17:26Z
2026-07-27T04:13:26Z,2026-07-27T06:13:26+0200,dabcd32d-9433-4dbd-a505-ea8cec1be0d4,2026-07-20T13:00:00Z,2026-07-20T15:00:00+0200,2051.81,MW,DK1,DK_1,forecast_solar_generation,Solar,2026-07-27T04:17:26Z
2026-07-27T04:13:26Z,2026-07-27T06:13:26+0200,dabcd32d-9433-4dbd-a505-ea8cec1be0d4,2026-07-20T13:15:00Z,2026-07-20T15:15:00+0200,2076.48,MW,DK1,DK_1,forecast_solar_generation,Solar,2026-07-27T04:17:26Z
2026-07-27T04:13:26Z,2026-07-27T06:13:26+0200,dabcd32d-9433-4dbd-a505-ea8cec1be0d4,2026-07-20T13:30:00Z,2026-07-20T15:30:00+0200,2179.078333,MW,DK1,DK_1,forecast_solar_generation,Solar,2026-07-27T04:17:26Z
2026-07-27T04:13:26Z,2026-07-27T06:13:26+0200,dabcd32d-9433-4dbd-a505-ea8cec1be0d4,2026-07-20T13:45:00Z,2026-07-20T15:45:00+0200,2122.865,MW,DK1,DK_1,forecast_solar_generation,Solar,2026-07-27T04:17:26Z
2026-07-27T04:13:26Z,2026-07-27T06:13:26+0200,dabcd32d-9433-4dbd-a505-ea8cec1be0d4,2026-07-20T14:00:00Z,2026-07-20T16:00:00+0200,1968.356666,MW,DK1,DK_1,forecast_solar_generation,Solar,2026-07-27T04:17:26Z
2026-07-27T04:13:26Z,2026-07-27T06:13:26+0200,dabcd32d-9433-4dbd-a505-ea8cec1be0d4,2026-07-20T14:15:00Z,2026-07-20T16:15:00+0200,1938.003333,MW,DK1,DK_1,forecast_solar_generation,Solar,2026-07-27T04:17:26Z
2026-07-27T04:13:26Z,2026-07-27T06:13:26+0200,dabcd32d-9433-4dbd-a505-ea8cec1be0d4,2026-07-20T14:30:00Z,2026-07-20T16:30:00+0200,1973.893333,MW,DK1,DK_1,forecast_solar_generation,Solar,2026-07-27T04:17:26Z
2026-07-27T04:13:26Z,2026-07-27T06:13:26+0200,dabcd32d-9433-4dbd-a505-ea8cec1be0d4,2026-07-20T14:45:00Z,2026-07-20T16:45:00+0200,1889.381666,MW,DK1,DK_1,forecast_solar_generation,Solar,2026-07-27T04:17:26Z
2026-07-27T04:13:26Z,2026-07-27T06:13:26+0200,dabcd32d-9433-4dbd-a505-ea8cec1be0d4,2026-07-20T15:00:00Z,2026-07-20T17:00:00+0200,1793.118333,MW,DK1,DK_1,forecast_solar_generation,Solar,2026-07-27T04:17:26Z
2026-07-27T04:13:26Z,2026-07-27T06:13:26+0200,dabcd32d-9433-4dbd-a505-ea8cec1be0d4,2026-07-20T15:15:00Z,2026-07-20T17:15:00+0200,1684.963333,MW,DK1,DK_1,forecast_solar_generation,Solar,2026-07-27T04:17:26Z
2026-07-27T04:13:26Z,2026-07-27T06:13:26+0200,dabcd32d-9433-4dbd-a505-ea8cec1be0d4,2026-07-20T15:30:00Z,2026-07-20T17:30:00+0200,1567.991666,MW,DK1,DK_1,forecast_solar_generation,Solar,2026-07-27T04:17:26Z
2026-07-27T04:13:26Z,2026-07-27T06:13:26+0200,dabcd32d-9433-4dbd-a505-ea8cec1be0d4,2026-07-20T15:45:00Z,2026-07-20T17:45:00+0200,1448.198333,MW,DK1,DK_1,forecast_solar_generation,Solar,2026-07-27T04:17:26Z
2026-07-27T04:13:26Z,2026-07-27T06:13:26+0200,dabcd32d-9433-4dbd-a505-ea8cec1be0d4,2026-07-20T16:00:00Z,2026-07-20T18:00:00+0200,1337.973333,MW,DK1,DK_1,forecast_solar_generation,Solar,2026-07-27T04:17:26Z
2026-07-27T04:13:26Z,2026-07-27T06:13:26+0200,dabcd32d-9433-4dbd-a505-ea8cec1be0d4,2026-07-20T16:15:00Z,2026-07-20T18:15:00+0200,1208.843333,MW,DK1,DK_1,forecast_solar_generation,Solar,2026-07-27T04:17:26Z
2026-07-27T04:13:26Z,2026-07-27T06:13:26+0200,dabcd32d-9433-4dbd-a505-ea8cec1be0d4,2026-07-20T16:30:00Z,2026-07-20T18:30:00+0200,1075.61,MW,DK1,DK_1,forecast_solar_generation,Solar,2026-07-27T04:17:26Z
2026-07-27T04:13:26Z,2026-07-27T06:13:26+0200,dabcd32d-9433-4dbd-a505-ea8cec1be0d4,2026-07-20T16:45:00Z,2026-07-20T18:45:00+0200,942.666666,MW,DK1,DK_1,forecast_solar_generation,Solar,2026-07-27T04:17:26Z
2026-07-27T04:13:26Z,2026-07-27T06:13:26+0200,dabcd32d-9433-4dbd-a505-ea8cec1be0d4,2026-07-20T17:00:00Z,2026-07-20T19:00:00+0200,811.231666,MW,DK1,DK_1,forecast_solar_generation,Solar,2026-07-27T04:17:26Z
2026-07-27T04:13:26Z,2026-07-27T06:13:26+0200,dabcd32d-9433-4dbd-a505-ea8cec1be0d4,2026-07-20T17:15:00Z,2026-07-20T19:15:00+0200,682.546666,MW,DK1,DK_1,forecast_solar_generation,Solar,2026-07-27T04:17:26Z
2026-07-27T04:13:26Z,2026-07-27T06:13:26+0200,dabcd32d-9433-4dbd-a505-ea8cec1be0d4,2026-07-20T17:30:00Z,2026-07-20T19:30:00+0200,558.516666,MW,DK1,DK_1,forecast_solar_generation,Solar,2026-07-27T04:17:26Z
2026-07-27T04:13:26Z,2026-07-27T06:13:26+0200,dabcd32d-9433-4dbd-a505-ea8cec1be0d4,2026-07-20T17:45:00Z,2026-07-20T19:45:00+0200,441.871666,MW,DK1,DK_1,forecast_solar_generation,Solar,2026-07-27T04:17:26Z
2026-07-27T04:13:26Z,2026-07-27T06:13:26+0200,dabcd32d-9433-4dbd-a505-ea8cec1be0d4,2026-07-20T18:00:00Z,2026-07-20T20:00:00+0200,335.933333,MW,DK1,DK_1,forecast_solar_generation,Solar,2026-07-27T04:17:26Z
2026-07-27T04:13:26Z,2026-07-27T06:13:26+0200,dabcd32d-9433-4dbd-a505-ea8cec1be0d4,2026-07-20T18:15:00Z,2026-07-20T20:15:00+0200,241.988333,MW,DK1,DK_1,forecast_solar_generation,Solar,2026-07-27T04:17:26Z
2026-07-27T04:13:26Z,2026-07-27T06:13:26+0200,dabcd32d-9433-4dbd-a505-ea8cec1be0d4,2026-07-20T18:30:00Z,2026-07-20T20:30:00+0200,161.683333,MW,DK1,DK_1,forecast_solar_generation,Solar,2026-07-27T04:17:26Z
2026-07-27T04:13:26Z,2026-07-27T06:13:26+0200,dabcd32d-9433-4dbd-a505-ea8cec1be0d4,2026-07-20T18:45:00Z,2026-07-20T20:45:00+0200,95.258333,MW,DK1,DK_1,forecast_solar_generation,Solar,2026-07-27T04:17:26Z
2026-07-27T04:13:26Z,2026-07-27T06:13:26+0200,dabcd32d-9433-4dbd-a505-ea8cec1be0d4,2026-07-20T19:00:00Z,2026-07-20T21:00:00+0200,43.949999,MW,DK1,DK_1,forecast_solar_generation,Solar,2026-07-27T04:17:26Z
2026-07-27T04:13:26Z,2026-07-27T06:13:26+0200,dabcd32d-9433-4dbd-a505-ea8cec1be0d4,2026-07-20T19:15:00Z,2026-07-20T21:15:00+0200,12.376666,MW,DK1,DK_1,forecast_solar_generation,Solar,2026-07-27T04:17:26Z
2026-07-27T04:13:26Z,2026-07-27T06:13:26+0200,dabcd32d-9433-4dbd-a505-ea8cec1be0d4,2026-07-20T19:30:00Z,2026-07-20T21:30:00+0200,1.671666,MW,DK1,DK_1,forecast_solar_generation,Solar,2026-07-27T04:17:26Z
2026-07-27T04:13:26Z,2026-07-27T06:13:26+0200,dabcd32d-9433-4dbd-a505-ea8cec1be0d4,2026-07-20T19:45:00Z,2026-07-20T21:45:00+0200,0.063333,MW,DK1,DK_1,forecast_solar_generation,Solar,2026-07-27T04:17:26Z
2026-07-27T04:13:26Z,2026-07-27T06:13:26+0200,dabcd32d-9433-4dbd-a505-ea8cec1be0d4,2026-07-20T20:00:00Z,2026-07-20T22:00:00+0200,0.0,MW,DK1,DK_1,forecast_solar_generation,Solar,2026-07-27T04:17:26Z
2026-07-27T04:13:26Z,2026-07-27T06:13:26+0200,dabcd32d-9433-4dbd-a505-ea8cec1be0d4,2026-07-20T20:15:00Z,2026-07-20T22:15:00+0200,0.0,MW,DK1,DK_1,forecast_solar_generation,Solar,2026-07-27T04:17:26Z
2026-07-27T04:13:26Z,2026-07-27T06:13:26+0200,dabcd32d-9433-4dbd-a505-ea8cec1be0d4,2026-07-20T20:30:00Z,2026-07-20T22:30:00+0200,0.0,MW,DK1,DK_1,forecast_solar_generation,Solar,2026-07-27T04:17:26Z
2026-07-27T04:13:26Z,2026-07-27T06:13:26+0200,dabcd32d-9433-4dbd-a505-ea8cec1be0d4,2026-07-20T20:45:00Z,2026-07-20T22:45:00+0200,0.0,MW,DK1,DK_1,forecast_solar_generation,Solar,2026-07-27T04:17:26Z
2026-07-27T04:13:26Z,2026-07-27T06:13:26+0200,dabcd32d-9433-4dbd-a505-ea8cec1be0d4,2026-07-20T21:00:00Z,2026-07-20T23:00:00+0200,0.0,MW,DK1,DK_1,forecast_solar_generation,Solar,2026-07-27T04:17:26Z
2026-07-27T04:13:26Z,2026-07-27T06:13:26+0200,dabcd32d-9433-4dbd-a505-ea8cec1be0d4,2026-07-20T21:15:00Z,2026-07-20T23:15:00+0200,0.0,MW,DK1,DK_1,forecast_solar_generation,Solar,2026-07-27T04:17:26Z
2026-07-27T04:13:26Z,2026-07-27T06:13:26+0200,dabcd32d-9433-4dbd-a505-ea8cec1be0d4,2026-07-20T21:30:00Z,2026-07-20T23:30:00+0200,0.0,MW,DK1,DK_1,forecast_solar_generation,Solar,2026-07-27T04:17:26Z
2026-07-27T04:13:26Z,2026-07-27T06:13:26+0200,dabcd32d-9433-4dbd-a505-ea8cec1be0d4,2026-07-20T21:45:00Z,2026-07-20T23:45:00+0200,0.0,MW,DK1,DK_1,forecast_solar_generation,Solar,2026-07-27T04:17:26Z
2026-07-27T04:13:26Z,2026-07-27T06:13:26+0200,dabcd32d-9433-4dbd-a505-ea8cec1be0d4,2026-07-20T22:00:00Z,2026-07-21T00:00:00+0200,0.0,MW,DK1,DK_1,forecast_solar_generation,Solar,2026-07-27T04:17:26Z
2026-07-27T04:13:26Z,2026-07-27T06:13:26+0200,dabcd32d-9433-4dbd-a505-ea8cec1be0d4,2026-07-20T22:15:00Z,2026-07-21T00:15:00+0200,0.0,MW,DK1,DK_1,forecast_solar_generation,Solar,2026-07-27T04:17:26Z
2026-07-27T04:13:26Z,2026-07-27T06:13:26+0200,dabcd32d-9433-4dbd-a505-ea8cec1be0d4,2026-07-20T22:30:00Z,2026-07-21T00:30:00+0200,0.0,MW,DK1,DK_1,forecast_solar_generation,Solar,2026-07-27T04:17:26Z
2026-07-27T04:13:26Z,2026-07-27T06:13:26+0200,dabcd32d-9433-4dbd-a505-ea8cec1be0d4,2026-07-20T22:45:00Z,2026-07-21T00:45:00+0200,0.0,MW,DK1,DK_1,forecast_solar_generation,Solar,2026-07-27T04:17:26Z
2026-07-27T04:13:26Z,2026-07-27T06:13:26+0200,dabcd32d-9433-4dbd-a505-ea8cec1be0d4,2026-07-20T23:00:00Z,2026-07-21T01:00:00+0200,0.0,MW,DK1,DK_1,forecast_solar_generation,Solar,2026-07-27T04:17:26Z
2026-07-27T04:13:26Z,2026-07-27T06:13:26+0200,dabcd32d-9433-4dbd-a505-ea8cec1be0d4,2026-07-20T23:15:00Z,2026-07-21T01:15:00+0200,0.0,MW,DK1,DK_1,forecast_solar_generation,Solar,2026-07-27T04:17:26Z
2026-07-27T04:13:26Z,2026-07-27T06:13:26+0200,dabcd32d-9433-4dbd-a505-ea8cec1be0d4,2026-07-20T23:30:00Z,2026-07-21T01:30:00+0200,0.0,MW,DK1,DK_1,forecast_solar_generation,Solar,2026-07-27T04:17:26Z
2026-07-27T04:13:26Z,2026-07-27T06:13:26+0200,dabcd32d-9433-4dbd-a505-ea8cec1be0d4,2026-07-20T23:45:00Z,2026-07-21T01:45:00+0200,0.0,MW,DK1,DK_1,forecast_solar_generation,Solar,2026-07-27T04:17:26Z
2026-07-27T04:13:26Z,2026-07-27T06:13:26+0200,dabcd32d-9433-4dbd-a505-ea8cec1be0d4,2026-07-21T00:00:00Z,2026-07-21T02:00:00+0200,0.0,MW,DK1,DK_1,forecast_solar_generation,Solar,2026-07-27T04:17:26Z
2026-07-27T04:13:26Z,2026-07-27T06:13:26+0200,dabcd32d-9433-4dbd-a505-ea8cec1be0d4,2026-07-21T00:15:00Z,2026-07-21T02:15:00+0200,0.0,MW,DK1,DK_1,forecast_solar_generation,Solar,2026-07-27T04:17:26Z
2026-07-27T04:13:26Z,2026-07-27T06:13:26+0200,dabcd32d-9433-4dbd-a505-ea8cec1be0d4,2026-07-21T00:30:00Z,2026-07-21T02:30:00+0200,0.0,MW,DK1,DK_1,forecast_solar_generation,Solar,2026-07-27T04:17:26Z
2026-07-27T04:13:26Z,2026-07-27T06:13:26+0200,dabcd32d-9433-4dbd-a505-ea8cec1be0d4,2026-07-21T00:45:00Z,2026-07-21T02:45:00+0200,0.0,MW,DK1,DK_1,forecast_solar_generation,Solar,2026-07-27T04:17:26Z
2026-07-27T04:13:26Z,2026-07-27T06:13:26+0200,dabcd32d-9433-4dbd-a505-ea8cec1be0d4,2026-07-21T01:00:00Z,2026-07-21T03:00:00+0200,0.0,MW,DK1,DK_1,forecast_solar_generation,Solar,2026-07-27T04:17:26Z
2026-07-27T04:13:26Z,2026-07-27T06:13:26+0200,dabcd32d-9433-4dbd-a505-ea8cec1be0d4,2026-07-21T01:15:00Z,2026-07-21T03:15:00+0200,0.0,MW,DK1,DK_1,forecast_solar_generation,Solar,2026-07-27T04:17:26Z
2026-07-27T04:13:26Z,2026-07-27T06:13:26+0200,dabcd32d-9433-4dbd-a505-ea8cec1be0d4,2026-07-21T01:30:00Z,2026-07-21T03:30:00+0200,0.0,MW,DK1,DK_1,forecast_solar_generation,Solar,2026-07-27T04:17:26Z
2026-07-27T04:13:26Z,2026-07-27T06:13:26+0200,dabcd32d-9433-4dbd-a505-ea8cec1be0d4,2026-07-21T01:45:00Z,2026-07-21T03:45:00+0200,0.0,MW,DK1,DK_1,forecast_solar_generation,Solar,2026-07-27T04:17:26Z
2026-07-27T04:13:26Z,2026-07-27T06:13:26+0200,dabcd32d-9433-4dbd-a505-ea8cec1be0d4,2026-07-21T02:00:00Z,2026-07-21T04:00:00+0200,0.0,MW,DK1,DK_1,forecast_solar_generation,Solar,2026-07-27T04:17:26Z
2026-07-27T04:13:26Z,2026-07-27T06:13:26+0200,dabcd32d-9433-4dbd-a505-ea8cec1be0d4,2026-07-21T02:15:00Z,2026-07-21T04:15:00+0200,0.0,MW,DK1,DK_1,forecast_solar_generation,Solar,2026-07-27T04:17:26Z
2026-07-27T04:13:26Z,2026-07-27T06:13:26+0200,dabcd32d-9433-4dbd-a505-ea8cec1be0d4,2026-07-21T02:30:00Z,2026-07-21T04:30:00+0200,0.0,MW,DK1,DK_1,forecast_solar_generation,Solar,2026-07-27T04:17:26Z
2026-07-27T04:13:26Z,2026-07-27T06:13:26+0200,dabcd32d-9433-4dbd-a505-ea8cec1be0d4,2026-07-21T02:45:00Z,2026-07-21T04:45:00+0200,0.0,MW,DK1,DK_1,forecast_solar_generation,Solar,2026-07-27T04:17:26Z
2026-07-27T04:13:26Z,2026-07-27T06:13:26+0200,dabcd32d-9433-4dbd-a505-ea8cec1be0d4,2026-07-21T03:00:00Z,2026-07-21T05:00:00+0200,0.123333,MW,DK1,DK_1,forecast_solar_generation,Solar,2026-07-27T04:17:26Z
2026-07-27T04:13:26Z,2026-07-27T06:13:26+0200,dabcd32d-9433-4dbd-a505-ea8cec1be0d4,2026-07-21T03:15:00Z,2026-07-21T05:15:00+0200,2.443333,MW,DK1,DK_1,forecast_solar_generation,Solar,2026-07-27T04:17:26Z
2026-07-27T04:13:26Z,2026-07-27T06:13:26+0200,dabcd32d-9433-4dbd-a505-ea8cec1be0d4,2026-07-21T03:30:00Z,2026-07-21T05:30:00+0200,16.39,MW,DK1,DK_1,forecast_solar_generation,Solar,2026-07-27T04:17:26Z
2026-07-27T04:13:26Z,2026-07-27T06:13:26+0200,dabcd32d-9433-4dbd-a505-ea8cec1be0d4,2026-07-21T03:45:00Z,2026-07-21T05:45:00+0200,51.693333,MW,DK1,DK_1,forecast_solar_generation,Solar,2026-07-27T04:17:26Z
2026-07-27T04:13:26Z,2026-07-27T06:13:26+0200,dabcd32d-9433-4dbd-a505-ea8cec1be0d4,2026-07-21T04:00:00Z,2026-07-21T06:00:00+0200,105.108333,MW,DK1,DK_1,forecast_solar_generation,Solar,2026-07-27T04:17:26Z
2026-07-27T04:13:26Z,2026-07-27T06:13:26+0200,dabcd32d-9433-4dbd-a505-ea8cec1be0d4,2026-07-21T04:15:00Z,2026-07-21T06:15:00+0200,173.04,MW,DK1,DK_1,forecast_solar_generation,Solar,2026-07-27T04:17:26Z
2026-07-27T04:13:26Z,2026-07-27T06:13:26+0200,dabcd32d-9433-4dbd-a505-ea8cec1be0d4,2026-07-21T04:30:00Z,2026-07-21T06:30:00+0200,254.831666,MW,DK1,DK_1,forecast_solar_generation,Solar,2026-07-27T04:17:26Z
2026-07-27T04:13:26Z,2026-07-27T06:13:26+0200,dabcd32d-9433-4dbd-a505-ea8cec1be0d4,2026-07-21T04:45:00Z,2026-07-21T06:45:00+0200,350.84,MW,DK1,DK_1,forecast_solar_generation,Solar,2026-07-27T04:17:26Z
2026-07-27T04:13:26Z,2026-07-27T06:13:26+0200,dabcd32d-9433-4dbd-a505-ea8cec1be0d4,2026-07-21T05:00:00Z,2026-07-21T07:00:00+0200,461.061666,MW,DK1,DK_1,forecast_solar_generation,Solar,2026-07-27T04:17:26Z
2026-07-27T04:13:26Z,2026-07-27T06:13:26+0200,dabcd32d-9433-4dbd-a505-ea8cec1be0d4,2026-07-21T05:15:00Z,2026-07-21T07:15:00+0200,581.533333,MW,DK1,DK_1,forecast_solar_generation,Solar,2026-07-27T04:17:26Z
2026-07-27T04:13:26Z,2026-07-27T06:13:26+0200,dabcd32d-9433-4dbd-a505-ea8cec1be0d4,2026-07-21T05:30:00Z,2026-07-21T07:30:00+0200,709.316666,MW,DK1,DK_1,forecast_solar_generation,Solar,2026-07-27T04:17:26Z
2026-07-27T04:13:26Z,2026-07-27T06:13:26+0200,dabcd32d-9433-4dbd-a505-ea8cec1be0d4,2026-07-21T05:45:00Z,2026-07-21T07:45:00+0200,841.596666,MW,DK1,DK_1,forecast_solar_generation,Solar,2026-07-27T04:17:26Z
2026-07-27T04:13:26Z,2026-07-27T06:13:26+0200,dabcd32d-9433-4dbd-a505-ea8cec1be0d4,2026-07-21T06:00:00Z,2026-07-21T08:00:00+0200,976.518333,MW,DK1,DK_1,forecast_solar_generation,Solar,2026-07-27T04:17:26Z
2026-07-27T04:13:26Z,2026-07-27T06:13:26+0200,dabcd32d-9433-4dbd-a505-ea8cec1be0d4,2026-07-21T06:15:00Z,2026-07-21T08:15:00+0200,1112.936666,MW,DK1,DK_1,forecast_solar_generation,Solar,2026-07-27T04:17:26Z
2026-07-27T04:13:26Z,2026-07-27T06:13:26+0200,dabcd32d-9433-4dbd-a505-ea8cec1be0d4,2026-07-21T06:30:00Z,2026-07-21T08:30:00+0200,1248.111666,MW,DK1,DK_1,forecast_solar_generation,Solar,2026-07-27T04:17:26Z
2026-07-27T04:13:26Z,2026-07-27T06:13:26+0200,dabcd32d-9433-4dbd-a505-ea8cec1be0d4,2026-07-21T06:45:00Z,2026-07-21T08:45:00+0200,1365.863333,MW,DK1,DK_1,forecast_solar_generation,Solar,2026-07-27T04:17:26Z
2026-07-27T04:13:26Z,2026-07-27T06:13:26+0200,dabcd32d-9433-4dbd-a505-ea8cec1be0d4,2026-07-21T07:00:00Z,2026-07-21T09:00:00+0200,1494.28,MW,DK1,DK_1,forecast_solar_generation,Solar,2026-07-27T04:17:26Z
2026-07-27T04:13:26Z,2026-07-27T06:13:26+0200,dabcd32d-9433-4dbd-a505-ea8cec1be0d4,2026-07-21T07:15:00Z,2026-07-21T09:15:00+0200,1620.451666,MW,DK1,DK_1,forecast_solar_generation,Solar,2026-07-27T04:17:26Z
2026-07-27T04:13:26Z,2026-07-27T06:13:26+0200,dabcd32d-9433-4dbd-a505-ea8cec1be0d4,2026-07-21T07:30:00Z,2026-07-21T09:30:00+0200,1742.22,MW,DK1,DK_1,forecast_solar_generation,Solar,2026-07-27T04:17:26Z
2026-07-27T04:13:26Z,2026-07-27T06:13:26+0200,dabcd32d-9433-4dbd-a505-ea8cec1be0d4,2026-07-21T07:45:00Z,2026-07-21T09:45:00+0200,1855.511666,MW,DK1,DK_1,forecast_solar_generation,Solar,2026-07-27T04:17:26Z
2026-07-27T04:13:26Z,2026-07-27T06:13:26+0200,dabcd32d-9433-4dbd-a505-ea8cec1be0d4,2026-07-21T08:00:00Z,2026-07-21T10:00:00+0200,1956.661666,MW,DK1,DK_1,forecast_solar_generation,Solar,2026-07-27T04:17:26Z
2026-07-27T04:13:26Z,2026-07-27T06:13:26+0200,dabcd32d-9433-4dbd-a505-ea8cec1be0d4,2026-07-21T08:15:00Z,2026-07-21T10:15:00+0200,2045.03,MW,DK1,DK_1,forecast_solar_generation,Solar,2026-07-27T04:17:26Z
2026-07-27T04:13:26Z,2026-07-27T06:13:26+0200,dabcd32d-9433-4dbd-a505-ea8cec1be0d4,2026-07-21T08:30:00Z,2026-07-21T10:30:00+0200,2121.408333,MW,DK1,DK_1,forecast_solar_generation,Solar,2026-07-27T04:17:26Z
2026-07-27T04:13:26Z,2026-07-27T06:13:26+0200,dabcd32d-9433-4dbd-a505-ea8cec1be0d4,2026-07-21T08:45:00Z,2026-07-21T10:45:00+0200,2186.055,MW,DK1,DK_1,forecast_solar_generation,Solar,2026-07-27T04:17:26Z
2026-07-27T04:13:26Z,2026-07-27T06:13:26+0200,dabcd32d-9433-4dbd-a505-ea8cec1be0d4,2026-07-21T09:00:00Z,2026-07-21T11:00:00+0200,2235.009999,MW,DK1,DK_1,forecast_solar_generation,Solar,2026-07-27T04:17:26Z
2026-07-27T04:13:26Z,2026-07-27T06:13:26+0200,dabcd32d-9433-4dbd-a505-ea8cec1be0d4,2026-07-21T09:15:00Z,2026-07-21T11:15:00+0200,2270.81,MW,DK1,DK_1,forecast_solar_generation,Solar,2026-07-27T04:17:26Z
2026-07-27T04:13:26Z,2026-07-27T06:13:26+0200,dabcd32d-9433-4dbd-a505-ea8cec1be0d4,2026-07-21T09:30:00Z,2026-07-21T11:30:00+0200,2299.236666,MW,DK1,DK_1,forecast_solar_generation,Solar,2026-07-27T04:17:26Z
2026-07-27T04:13:26Z,2026-07-27T06:13:26+0200,dabcd32d-9433-4dbd-a505-ea8cec1be0d4,2026-07-21T09:45:00Z,2026-07-21T11:45:00+0200,2322.67,MW,DK1,DK_1,forecast_solar_generation,Solar,2026-07-27T04:17:26Z
2026-07-27T04:13:26Z,2026-07-27T06:13:26+0200,dabcd32d-9433-4dbd-a505-ea8cec1be0d4,2026-07-21T10:00:00Z,2026-07-21T12:00:00+0200,2342.15,MW,DK1,DK_1,forecast_solar_generation,Solar,2026-07-27T04:17:26Z
2026-07-27T04:13:26Z,2026-07-27T06:13:26+0200,dabcd32d-9433-4dbd-a505-ea8cec1be0d4,2026-07-21T10:15:00Z,2026-07-21T12:15:00+0200,2358.233333,MW,DK1,DK_1,forecast_solar_generation,Solar,2026-07-27T04:17:26Z
2026-07-27T04:13:26Z,2026-07-27T06:13:26+0200,dabcd32d-9433-4dbd-a505-ea8cec1be0d4,2026-07-21T10:30:00Z,2026-07-21T12:30:00+0200,2343.781666,MW,DK1,DK_1,forecast_solar_generation,Solar,2026-07-27T04:17:26Z
2026-07-27T04:13:26Z,2026-07-27T06:13:26+0200,dabcd32d-9433-4dbd-a505-ea8cec1be0d4,2026-07-21T10:45:00Z,2026-07-21T12:45:00+0200,2233.936666,MW,DK1,DK_1,forecast_solar_generation,Solar,2026-07-27T04:17:26Z
2026-07-27T04:13:26Z,2026-07-27T06:13:26+0200,dabcd32d-9433-4dbd-a505-ea8cec1be0d4,2026-07-21T11:00:00Z,2026-07-21T13:00:00+0200,2202.18,MW,DK1,DK_1,forecast_solar_generation,Solar,2026-07-27T04:17:26Z
2026-07-27T04:13:26Z,2026-07-27T06:13:26+0200,dabcd32d-9433-4dbd-a505-ea8cec1be0d4,2026-07-21T11:15:00Z,2026-07-21T13:15:00+0200,2201.765,MW,DK1,DK_1,forecast_solar_generation,Solar,2026-07-27T04:17:26Z
2026-07-27T04:13:26Z,2026-07-27T06:13:26+0200,dabcd32d-9433-4dbd-a505-ea8cec1be0d4,2026-07-21T11:30:00Z,2026-07-21T13:30:00+0200,2180.999999,MW,DK1,DK_1,forecast_solar_generation,Solar,2026-07-27T04:17:26Z
2026-07-27T04:13:26Z,2026-07-27T06:13:26+0200,dabcd32d-9433-4dbd-a505-ea8cec1be0d4,2026-07-21T11:45:00Z,2026-07-21T13:45:00+0200,2115.976666,MW,DK1,DK_1,forecast_solar_generation,Solar,2026-07-27T04:17:26Z
2026-07-27T04:13:26Z,2026-07-27T06:13:26+0200,dabcd32d-9433-4dbd-a505-ea8cec1be0d4,2026-07-21T12:00:00Z,2026-07-21T14:00:00+0200,2094.743333,MW,DK1,DK_1,forecast_solar_generation,Solar,2026-07-27T04:17:26Z
2026-07-27T04:13:26Z,2026-07-27T06:13:26+0200,dabcd32d-9433-4dbd-a505-ea8cec1be0d4,2026-07-21T12:15:00Z,2026-07-21T14:15:00+0200,2093.556666,MW,DK1,DK_1,forecast_solar_generation,Solar,2026-07-27T04:17:26Z
2026-07-27T04:13:26Z,2026-07-27T06:13:26+0200,dabcd32d-9433-4dbd-a505-ea8cec1be0d4,2026-07-21T12:30:00Z,2026-07-21T14:30:00+0200,2131.785,MW,DK1,DK_1,forecast_solar_generation,Solar,2026-07-27T04:17:26Z
2026-07-27T04:13:26Z,2026-07-27T06:13:26+0200,dabcd32d-9433-4dbd-a505-ea8cec1be0d4,2026-07-21T12:45:00Z,2026-07-21T14:45:00+0200,2149.94,MW,DK1,DK_1,forecast_solar_generation,Solar,2026-07-27T04:17:26Z
2026-07-27T04:13:26Z,2026-07-27T06:13:26+0200,dabcd32d-9433-4dbd-a505-ea8cec1be0d4,2026-07-21T13:00:00Z,2026-07-21T15:00:00+0200,2124.07,MW,DK1,DK_1,forecast_solar_generation,Solar,2026-07-27T04:17:26Z
2026-07-27T04:13:26Z,2026-07-27T06:13:26+0200,dabcd32d-9433-4dbd-a505-ea8cec1be0d4,2026-07-21T13:15:00Z,2026-07-21T15:15:00+0200,2228.14,MW,DK1,DK_1,forecast_solar_generation,Solar,2026-07-27T04:17:26Z
2026-07-27T04:13:26Z,2026-07-27T06:13:26+0200,dabcd32d-9433-4dbd-a505-ea8cec1be0d4,2026-07-21T13:30:00Z,2026-07-21T15:30:00+0200,2198.905,MW,DK1,DK_1,forecast_solar_generation,Solar,2026-07-27T04:17:26Z
2026-07-27T04:13:26Z,2026-07-27T06:13:26+0200,dabcd32d-9433-4dbd-a505-ea8cec1be0d4,2026-07-21T13:45:00Z,2026-07-21T15:45:00+0200,2153.661666,MW,DK1,DK_1,forecast_solar_generation,Solar,2026-07-27T04:17:26Z
2026-07-27T04:13:26Z,2026-07-27T06:13:26+0200,dabcd32d-9433-4dbd-a505-ea8cec1be0d4,2026-07-21T14:00:00Z,2026-07-21T16:00:00+0200,2095.033333,MW,DK1,DK_1,forecast_solar_generation,Solar,2026-07-27T04:17:26Z
2026-07-27T04:13:26Z,2026-07-27T06:13:26+0200,dabcd32d-9433-4dbd-a505-ea8cec1be0d4,2026-07-21T14:15:00Z,2026-07-21T16:15:00+0200,2023.595,MW,DK1,DK_1,forecast_solar_generation,Solar,2026-07-27T04:17:26Z
2026-07-27T04:13:26Z,2026-07-27T06:13:26+0200,dabcd32d-9433-4dbd-a505-ea8cec1be0d4,2026-07-21T14:30:00Z,2026-07-21T16:30:00+0200,1939.49,MW,DK1,DK_1,forecast_solar_generation,Solar,2026-07-27T04:17:26Z
2026-07-27T04:13:26Z,2026-07-27T06:13:26+0200,dabcd32d-9433-4dbd-a505-ea8cec1be0d4,2026-07-21T14:45:00Z,2026-07-21T16:45:00+0200,1844.818333,MW,DK1,DK_1,forecast_solar_generation,Solar,2026-07-27T04:17:26Z
2026-07-27T04:13:26Z,2026-07-27T06:13:26+0200,dabcd32d-9433-4dbd-a505-ea8cec1be0d4,2026-07-21T15:00:00Z,2026-07-21T17:00:00+0200,1739.845,MW,DK1,DK_1,forecast_solar_generation,Solar,2026-07-27T04:17:26Z
2026-07-27T04:13:26Z,2026-07-27T06:13:26+0200,dabcd32d-9433-4dbd-a505-ea8cec1be0d4,2026-07-21T15:15:00Z,2026-07-21T17:15:00+0200,1625.143333,MW,DK1,DK_1,forecast_solar_generation,Solar,2026-07-27T04:17:26Z
2026-07-27T04:13:26Z,2026-07-27T06:13:26+0200,dabcd32d-9433-4dbd-a505-ea8cec1be0d4,2026-07-21T15:30:00Z,2026-07-21T17:30:00+0200,1503.551666,MW,DK1,DK_1,forecast_solar_generation,Solar,2026-07-27T04:17:26Z
2026-07-27T04:13:26Z,2026-07-27T06:13:26+0200,dabcd32d-9433-4dbd-a505-ea8cec1be0d4,2026-07-21T15:45:00Z,2026-07-21T17:45:00+0200,1376.959999,MW,DK1,DK_1,forecast_solar_generation,Solar,2026-07-27T04:17:26Z
2026-07-27T04:13:26Z,2026-07-27T06:13:26+0200,dabcd32d-9433-4dbd-a505-ea8cec1be0d4,2026-07-21T16:00:00Z,2026-07-21T18:00:00+0200,1246.331666,MW,DK1,DK_1,forecast_solar_generation,Solar,2026-07-27T04:17:26Z
2026-07-27T04:13:26Z,2026-07-27T06:13:26+0200,dabcd32d-9433-4dbd-a505-ea8cec1be0d4,2026-07-21T16:15:00Z,2026-07-21T18:15:00+0200,1113.036666,MW,DK1,DK_1,forecast_solar_generation,Solar,2026-07-27T04:17:26Z
2026-07-27T04:13:26Z,2026-07-27T06:13:26+0200,dabcd32d-9433-4dbd-a505-ea8cec1be0d4,2026-07-21T16:30:00Z,2026-07-21T18:30:00+0200,978.583333,MW,DK1,DK_1,forecast_solar_generation,Solar,2026-07-27T04:17:26Z
2026-07-27T04:13:26Z,2026-07-27T06:13:26+0200,dabcd32d-9433-4dbd-a505-ea8cec1be0d4,2026-07-21T16:45:00Z,2026-07-21T18:45:00+0200,843.896666,MW,DK1,DK_1,forecast_solar_generation,Solar,2026-07-27T04:17:26Z
2026-07-27T04:13:26Z,2026-07-27T06:13:26+0200,dabcd32d-9433-4dbd-a505-ea8cec1be0d4,2026-07-21T17:00:00Z,2026-07-21T19:00:00+0200,712.621666,MW,DK1,DK_1,forecast_solar_generation,Solar,2026-07-27T04:17:26Z
2026-07-27T04:13:26Z,2026-07-27T06:13:26+0200,dabcd32d-9433-4dbd-a505-ea8cec1be0d4,2026-07-21T17:15:00Z,2026-07-21T19:15:00+0200,588.4,MW,DK1,DK_1,forecast_solar_generation,Solar,2026-07-27T04:17:26Z
2026-07-27T04:13:26Z,2026-07-27T06:13:26+0200,dabcd32d-9433-4dbd-a505-ea8cec1be0d4,2026-07-21T17:30:00Z,2026-07-21T19:30:00+0200,473.205,MW,DK1,DK_1,forecast_solar_generation,Solar,2026-07-27T04:17:26Z
2026-07-27T04:13:26Z,2026-07-27T06:13:26+0200,dabcd32d-9433-4dbd-a505-ea8cec1be0d4,2026-07-21T17:45:00Z,2026-07-21T19:45:00+0200,367.346666,MW,DK1,DK_1,forecast_solar_generation,Solar,2026-07-27T04:17:26Z
2026-07-27T04:13:26Z,2026-07-27T06:13:26+0200,dabcd32d-9433-4dbd-a505-ea8cec1be0d4,2026-07-21T18:00:00Z,2026-07-21T20:00:00+0200,273.835,MW,DK1,DK_1,forecast_solar_generation,Solar,2026-07-27T04:17:26Z
2026-07-27T04:13:26Z,2026-07-27T06:13:26+0200,dabcd32d-9433-4dbd-a505-ea8cec1be0d4,2026-07-21T18:15:00Z,2026-07-21T20:15:00+0200,193.421666,MW,DK1,DK_1,forecast_solar_generation,Solar,2026-07-27T04:17:26Z
2026-07-27T04:13:26Z,2026-07-27T06:13:26+0200,dabcd32d-9433-4dbd-a505-ea8cec1be0d4,2026-07-21T18:30:00Z,2026-07-21T20:30:00+0200,126.255,MW,DK1,DK_1,forecast_solar_generation,Solar,2026-07-27T04:17:26Z
2026-07-27T04:13:26Z,2026-07-27T06:13:26+0200,dabcd32d-9433-4dbd-a505-ea8cec1be0d4,2026-07-21T18:45:00Z,2026-07-21T20:45:00+0200,71.578333,MW,DK1,DK_1,forecast_solar_generation,Solar,2026-07-27T04:17:26Z
2026-07-27T04:13:26Z,2026-07-27T06:13:26+0200,dabcd32d-9433-4dbd-a505-ea8cec1be0d4,2026-07-21T19:00:00Z,2026-07-21T21:00:00+0200,30.429999,MW,DK1,DK_1,forecast_solar_generation,Solar,2026-07-27T04:17:26Z
2026-07-27T04:13:26Z,2026-07-27T06:13:26+0200,dabcd32d-9433-4dbd-a505-ea8cec1be0d4,2026-07-21T19:15:00Z,2026-07-21T21:15:00+0200,7.418333,MW,DK1,DK_1,forecast_solar_generation,Solar,2026-07-27T04:17:26Z
2026-07-27T04:13:26Z,2026-07-27T06:13:26+0200,dabcd32d-9433-4dbd-a505-ea8cec1be0d4,2026-07-21T19:30:00Z,2026-07-21T21:30:00+0200,0.871666,MW,DK1,DK_1,forecast_solar_generation,Solar,2026-07-27T04:17:26Z
2026-07-27T04:13:26Z,2026-07-27T06:13:26+0200,dabcd32d-9433-4dbd-a505-ea8cec1be0d4,2026-07-21T19:45:00Z,2026-07-21T21:45:00+0200,0.026666,MW,DK1,DK_1,forecast_solar_generation,Solar,2026-07-27T04:17:26Z
2026-07-27T04:13:26Z,2026-07-27T06:13:26+0200,dabcd32d-9433-4dbd-a505-ea8cec1be0d4,2026-07-21T20:00:00Z,2026-07-21T22:00:00+0200,0.0,MW,DK1,DK_1,forecast_solar_generation,Solar,2026-07-27T04:17:26Z
2026-07-27T04:13:26Z,2026-07-27T06:13:26+0200,dabcd32d-9433-4dbd-a505-ea8cec1be0d4,2026-07-21T20:15:00Z,2026-07-21T22:15:00+0200,0.0,MW,DK1,DK_1,forecast_solar_generation,Solar,2026-07-27T04:17:26Z
2026-07-27T04:13:26Z,2026-07-27T06:13:26+0200,dabcd32d-9433-4dbd-a505-ea8cec1be0d4,2026-07-21T20:30:00Z,2026-07-21T22:30:00+0200,0.0,MW,DK1,DK_1,forecast_solar_generation,Solar,2026-07-27T04:17:26Z
2026-07-27T04:13:26Z,2026-07-27T06:13:26+0200,dabcd32d-9433-4dbd-a505-ea8cec1be0d4,2026-07-21T20:45:00Z,2026-07-21T22:45:00+0200,0.0,MW,DK1,DK_1,forecast_solar_generation,Solar,2026-07-27T04:17:26Z
2026-07-27T04:13:26Z,2026-07-27T06:13:26+0200,dabcd32d-9433-4dbd-a505-ea8cec1be0d4,2026-07-21T21:00:00Z,2026-07-21T23:00:00+0200,0.0,MW,DK1,DK_1,forecast_solar_generation,Solar,2026-07-27T04:17:26Z
2026-07-27T04:13:26Z,2026-07-27T06:13:26+0200,dabcd32d-9433-4dbd-a505-ea8cec1be0d4,2026-07-21T21:15:00Z,2026-07-21T23:15:00+0200,0.0,MW,DK1,DK_1,forecast_solar_generation,Solar,2026-07-27T04:17:26Z
2026-07-27T04:13:26Z,2026-07-27T06:13:26+0200,dabcd32d-9433-4dbd-a505-ea8cec1be0d4,2026-07-21T21:30:00Z,2026-07-21T23:30:00+0200,0.0,MW,DK1,DK_1,forecast_solar_generation,Solar,2026-07-27T04:17:26Z
2026-07-27T04:13:26Z,2026-07-27T06:13:26+0200,dabcd32d-9433-4dbd-a505-ea8cec1be0d4,2026-07-21T21:45:00Z,2026-07-21T23:45:00+0200,0.0,MW,DK1,DK_1,forecast_solar_generation,Solar,2026-07-27T04:17:26Z
2026-07-27T04:13:26Z,2026-07-27T06:13:26+0200,dabcd32d-9433-4dbd-a505-ea8cec1be0d4,2026-07-21T22:00:00Z,2026-07-22T00:00:00+0200,0.0,MW,DK1,DK_1,forecast_solar_generation,Solar,2026-07-27T04:17:26Z
2026-07-27T04:13:26Z,2026-07-27T06:13:26+0200,dabcd32d-9433-4dbd-a505-ea8cec1be0d4,2026-07-21T22:15:00Z,2026-07-22T00:15:00+0200,0.0,MW,DK1,DK_1,forecast_solar_generation,Solar,2026-07-27T04:17:26Z
2026-07-27T04:13:26Z,2026-07-27T06:13:26+0200,dabcd32d-9433-4dbd-a505-ea8cec1be0d4,2026-07-21T22:30:00Z,2026-07-22T00:30:00+0200,0.0,MW,DK1,DK_1,forecast_solar_generation,Solar,2026-07-27T04:17:26Z
2026-07-27T04:13:26Z,2026-07-27T06:13:26+0200,dabcd32d-9433-4dbd-a505-ea8cec1be0d4,2026-07-21T22:45:00Z,2026-07-22T00:45:00+0200,0.0,MW,DK1,DK_1,forecast_solar_generation,Solar,2026-07-27T04:17:26Z
2026-07-27T04:13:26Z,2026-07-27T06:13:26+0200,dabcd32d-9433-4dbd-a505-ea8cec1be0d4,2026-07-21T23:00:00Z,2026-07-22T01:00:00+0200,0.0,MW,DK1,DK_1,forecast_solar_generation,Solar,2026-07-27T04:17:26Z
2026-07-27T04:13:26Z,2026-07-27T06:13:26+0200,dabcd32d-9433-4dbd-a505-ea8cec1be0d4,2026-07-21T23:15:00Z,2026-07-22T01:15:00+0200,0.0,MW,DK1,DK_1,forecast_solar_generation,Solar,2026-07-27T04:17:26Z
2026-07-27T04:13:26Z,2026-07-27T06:13:26+0200,dabcd32d-9433-4dbd-a505-ea8cec1be0d4,2026-07-21T23:30:00Z,2026-07-22T01:30:00+0200,0.0,MW,DK1,DK_1,forecast_solar_generation,Solar,2026-07-27T04:17:26Z
2026-07-27T04:13:26Z,2026-07-27T06:13:26+0200,dabcd32d-9433-4dbd-a505-ea8cec1be0d4,2026-07-21T23:45:00Z,2026-07-22T01:45:00+0200,0.0,MW,DK1,DK_1,forecast_solar_generation,Solar,2026-07-27T04:17:26Z
2026-07-27T04:13:26Z,2026-07-27T06:13:26+0200,dabcd32d-9433-4dbd-a505-ea8cec1be0d4,2026-07-22T00:00:00Z,2026-07-22T02:00:00+0200,0.0,MW,DK1,DK_1,forecast_solar_generation,Solar,2026-07-27T04:17:26Z
2026-07-27T04:13:26Z,2026-07-27T06:13:26+0200,dabcd32d-9433-4dbd-a505-ea8cec1be0d4,2026-07-22T00:15:00Z,2026-07-22T02:15:00+0200,0.0,MW,DK1,DK_1,forecast_solar_generation,Solar,2026-07-27T04:17:26Z
2026-07-27T04:13:26Z,2026-07-27T06:13:26+0200,dabcd32d-9433-4dbd-a505-ea8cec1be0d4,2026-07-22T00:30:00Z,2026-07-22T02:30:00+0200,0.0,MW,DK1,DK_1,forecast_solar_generation,Solar,2026-07-27T04:17:26Z
2026-07-27T04:13:26Z,2026-07-27T06:13:26+0200,dabcd32d-9433-4dbd-a505-ea8cec1be0d4,2026-07-22T00:45:00Z,2026-07-22T02:45:00+0200,0.0,MW,DK1,DK_1,forecast_solar_generation,Solar,2026-07-27T04:17:26Z
2026-07-27T04:13:26Z,2026-07-27T06:13:26+0200,dabcd32d-9433-4dbd-a505-ea8cec1be0d4,2026-07-22T01:00:00Z,2026-07-22T03:00:00+0200,0.0,MW,DK1,DK_1,forecast_solar_generation,Solar,2026-07-27T04:17:26Z
2026-07-27T04:13:26Z,2026-07-27T06:13:26+0200,dabcd32d-9433-4dbd-a505-ea8cec1be0d4,2026-07-22T01:15:00Z,2026-07-22T03:15:00+0200,0.0,MW,DK1,DK_1,forecast_solar_generation,Solar,2026-07-27T04:17:26Z
2026-07-27T04:13:26Z,2026-07-27T06:13:26+0200,dabcd32d-9433-4dbd-a505-ea8cec1be0d4,2026-07-22T01:30:00Z,2026-07-22T03:30:00+0200,0.0,MW,DK1,DK_1,forecast_solar_generation,Solar,2026-07-27T04:17:26Z
2026-07-27T04:13:26Z,2026-07-27T06:13:26+0200,dabcd32d-9433-4dbd-a505-ea8cec1be0d4,2026-07-22T01:45:00Z,2026-07-22T03:45:00+0200,0.0,MW,DK1,DK_1,forecast_solar_generation,Solar,2026-07-27T04:17:26Z
2026-07-27T04:13:26Z,2026-07-27T06:13:26+0200,dabcd32d-9433-4dbd-a505-ea8cec1be0d4,2026-07-22T02:00:00Z,2026-07-22T04:00:00+0200,0.0,MW,DK1,DK_1,forecast_solar_generation,Solar,2026-07-27T04:17:26Z
2026-07-27T04:13:26Z,2026-07-27T06:13:26+0200,dabcd32d-9433-4dbd-a505-ea8cec1be0d4,2026-07-22T02:15:00Z,2026-07-22T04:15:00+0200,0.0,MW,DK1,DK_1,forecast_solar_generation,Solar,2026-07-27T04:17:26Z
2026-07-27T04:13:26Z,2026-07-27T06:13:26+0200,dabcd32d-9433-4dbd-a505-ea8cec1be0d4,2026-07-22T02:30:00Z,2026-07-22T04:30:00+0200,0.0,MW,DK1,DK_1,forecast_solar_generation,Solar,2026-07-27T04:17:26Z
2026-07-27T04:13:26Z,2026-07-27T06:13:26+0200,dabcd32d-9433-4dbd-a505-ea8cec1be0d4,2026-07-22T02:45:00Z,2026-07-22T04:45:00+0200,0.0,MW,DK1,DK_1,forecast_solar_generation,Solar,2026-07-27T04:17:26Z
2026-07-27T04:13:26Z,2026-07-27T06:13:26+0200,dabcd32d-9433-4dbd-a505-ea8cec1be0d4,2026-07-22T03:00:00Z,2026-07-22T05:00:00+0200,0.07,MW,DK1,DK_1,forecast_solar_generation,Solar,2026-07-27T04:17:26Z
2026-07-27T04:13:26Z,2026-07-27T06:13:26+0200,dabcd32d-9433-4dbd-a505-ea8cec1be0d4,2026-07-22T03:15:00Z,2026-07-22T05:15:00+0200,1.43,MW,DK1,DK_1,forecast_solar_generation,Solar,2026-07-27T04:17:26Z
2026-07-27T04:13:26Z,2026-07-27T06:13:26+0200,dabcd32d-9433-4dbd-a505-ea8cec1be0d4,2026-07-22T03:30:00Z,2026-07-22T05:30:00+0200,9.566666,MW,DK1,DK_1,forecast_solar_generation,Solar,2026-07-27T04:17:26Z
2026-07-27T04:13:26Z,2026-07-27T06:13:26+0200,dabcd32d-9433-4dbd-a505-ea8cec1be0d4,2026-07-22T03:45:00Z,2026-07-22T05:45:00+0200,30.728333,MW,DK1,DK_1,forecast_solar_generation,Solar,2026-07-27T04:17:26Z
2026-07-27T04:13:26Z,2026-07-27T06:13:26+0200,dabcd32d-9433-4dbd-a505-ea8cec1be0d4,2026-07-22T04:00:00Z,2026-07-22T06:00:00+0200,63.708333,MW,DK1,DK_1,forecast_solar_generation,Solar,2026-07-27T04:17:26Z
2026-07-27T04:13:26Z,2026-07-27T06:13:26+0200,dabcd32d-9433-4dbd-a505-ea8cec1be0d4,2026-07-22T04:15:00Z,2026-07-22T06:15:00+0200,106.173333,MW,DK1,DK_1,forecast_solar_generation,Solar,2026-07-27T04:17:26Z
2026-07-27T04:13:26Z,2026-07-27T06:13:26+0200,dabcd32d-9433-4dbd-a505-ea8cec1be0d4,2026-07-22T04:30:00Z,2026-07-22T06:30:00+0200,158.14,MW,DK1,DK_1,forecast_solar_generation,Solar,2026-07-27T04:17:26Z
2026-07-27T04:13:26Z,2026-07-27T06:13:26+0200,dabcd32d-9433-4dbd-a505-ea8cec1be0d4,2026-07-22T04:45:00Z,2026-07-22T06:45:00+0200,219.138333,MW,DK1,DK_1,forecast_solar_generation,Solar,2026-07-27T04:17:26Z
2026-07-27T04:13:26Z,2026-07-27T06:13:26+0200,dabcd32d-9433-4dbd-a505-ea8cec1be0d4,2026-07-22T05:00:00Z,2026-07-22T07:00:00+0200,288.266666,MW,DK1,DK_1,forecast_solar_generation,Solar,2026-07-27T04:17:26Z
2026-07-27T04:13:26Z,2026-07-27T06:13:26+0200,dabcd32d-9433-4dbd-a505-ea8cec1be0d4,2026-07-22T05:15:00Z,2026-07-22T07:15:00+0200,363.956666,MW,DK1,DK_1,forecast_solar_generation,Solar,2026-07-27T04:17:26Z
2026-07-27T04:13:26Z,2026-07-27T06:13:26+0200,dabcd32d-9433-4dbd-a505-ea8cec1be0d4,2026-07-22T05:30:00Z,2026-07-22T07:30:00+0200,446.96,MW,DK1,DK_1,forecast_solar_generation,Solar,2026-07-27T04:17:26Z
2026-07-27T04:13:26Z,2026-07-27T06:13:26+0200,dabcd32d-9433-4dbd-a505-ea8cec1be0d4,2026-07-22T05:45:00Z,2026-07-22T07:45:00+0200,536.995,MW,DK1,DK_1,forecast_solar_generation,Solar,2026-07-27T04:17:26Z
2026-07-27T04:13:26Z,2026-07-27T06:13:26+0200,dabcd32d-9433-4dbd-a505-ea8cec1be0d4,2026-07-22T06:00:00Z,2026-07-22T08:00:00+0200,632.536666,MW,DK1,DK_1,forecast_solar_generation,Solar,2026-07-27T04:17:26Z
2026-07-27T04:13:26Z,2026-07-27T06:13:26+0200,dabcd32d-9433-4dbd-a505-ea8cec1be0d4,2026-07-22T06:15:00Z,2026-07-22T08:15:00+0200,731.461666,MW,DK1,DK_1,forecast_solar_generation,Solar,2026-07-27T04:17:26Z
2026-07-27T04:13:26Z,2026-07-27T06:13:26+0200,dabcd32d-9433-4dbd-a505-ea8cec1be0d4,2026-07-22T06:30:00Z,2026-07-22T08:30:00+0200,832.085,MW,DK1,DK_1,forecast_solar_generation,Solar,2026-07-27T04:17:26Z
2026-07-27T04:13:26Z,2026-07-27T06:13:26+0200,dabcd32d-9433-4dbd-a505-ea8cec1be0d4,2026-07-22T06:45:00Z,2026-07-22T08:45:00+0200,936.208333,MW,DK1,DK_1,forecast_solar_generation,Solar,2026-07-27T04:17:26Z
2026-07-27T04:13:26Z,2026-07-27T06:13:26+0200,dabcd32d-9433-4dbd-a505-ea8cec1be0d4,2026-07-22T07:00:00Z,2026-07-22T09:00:00+0200,1042.321666,MW,DK1,DK_1,forecast_solar_generation,Solar,2026-07-27T04:17:26Z
2026-07-27T04:13:26Z,2026-07-27T06:13:26+0200,dabcd32d-9433-4dbd-a505-ea8cec1be0d4,2026-07-22T07:15:00Z,2026-07-22T09:15:00+0200,1146.283333,MW,DK1,DK_1,forecast_solar_generation,Solar,2026-07-27T04:17:26Z
2026-07-27T04:13:26Z,2026-07-27T06:13:26+0200,dabcd32d-9433-4dbd-a505-ea8cec1be0d4,2026-07-22T07:30:00Z,2026-07-22T09:30:00+0200,1244.491666,MW,DK1,DK_1,forecast_solar_generation,Solar,2026-07-27T04:17:26Z
2026-07-27T04:13:26Z,2026-07-27T06:13:26+0200,dabcd32d-9433-4dbd-a505-ea8cec1be0d4,2026-07-22T07:45:00Z,2026-07-22T09:45:00+0200,1338.138333,MW,DK1,DK_1,forecast_solar_generation,Solar,2026-07-27T04:17:26Z
2026-07-27T04:13:26Z,2026-07-27T06:13:26+0200,dabcd32d-9433-4dbd-a505-ea8cec1be0d4,2026-07-22T08:00:00Z,2026-07-22T10:00:00+0200,1424.144999,MW,DK1,DK_1,forecast_solar_generation,Solar,2026-07-27T04:17:26Z
2026-07-27T04:13:26Z,2026-07-27T06:13:26+0200,dabcd32d-9433-4dbd-a505-ea8cec1be0d4,2026-07-22T08:15:00Z,2026-07-22T10:15:00+0200,1498.176666,MW,DK1,DK_1,forecast_solar_generation,Solar,2026-07-27T04:17:26Z
2026-07-27T04:13:26Z,2026-07-27T06:13:26+0200,dabcd32d-9433-4dbd-a505-ea8cec1be0d4,2026-07-22T08:30:00Z,2026-07-22T10:30:00+0200,1556.821666,MW,DK1,DK_1,forecast_solar_generation,Solar,2026-07-27T04:17:26Z
2026-07-27T04:13:26Z,2026-07-27T06:13:26+0200,dabcd32d-9433-4dbd-a505-ea8cec1be0d4,2026-07-22T08:45:00Z,2026-07-22T10:45:00+0200,1605.05,MW,DK1,DK_1,forecast_solar_generation,Solar,2026-07-27T04:17:26Z
2026-07-27T04:13:26Z,2026-07-27T06:13:26+0200,dabcd32d-9433-4dbd-a505-ea8cec1be0d4,2026-07-22T09:00:00Z,2026-07-22T11:00:00+0200,1645.991666,MW,DK1,DK_1,forecast_solar_generation,Solar,2026-07-27T04:17:26Z
2026-07-27T04:13:26Z,2026-07-27T06:13:26+0200,dabcd32d-9433-4dbd-a505-ea8cec1be0d4,2026-07-22T09:15:00Z,2026-07-22T11:15:00+0200,1681.256666,MW,DK1,DK_1,forecast_solar_generation,Solar,2026-07-27T04:17:26Z
2026-07-27T04:13:26Z,2026-07-27T06:13:26+0200,dabcd32d-9433-4dbd-a505-ea8cec1be0d4,2026-07-22T09:30:00Z,2026-07-22T11:30:00+0200,1715.305,MW,DK1,DK_1,forecast_solar_generation,Solar,2026-07-27T04:17:26Z
2026-07-27T04:13:26Z,2026-07-27T06:13:26+0200,dabcd32d-9433-4dbd-a505-ea8cec1be0d4,2026-07-22T09:45:00Z,2026-07-22T11:45:00+0200,1754.655,MW,DK1,DK_1,forecast_solar_generation,Solar,2026-07-27T04:17:26Z
2026-07-27T04:13:26Z,2026-07-27T06:13:26+0200,dabcd32d-9433-4dbd-a505-ea8cec1be0d4,2026-07-22T10:00:00Z,2026-07-22T12:00:00+0200,1795.381666,MW,DK1,DK_1,forecast_solar_generation,Solar,2026-07-27T04:17:26Z
2026-07-27T04:13:26Z,2026-07-27T06:13:26+0200,dabcd32d-9433-4dbd-a505-ea8cec1be0d4,2026-07-22T10:15:00Z,2026-07-22T12:15:00+0200,1828.911666,MW,DK1,DK_1,forecast_solar_generation,Solar,2026-07-27T04:17:26Z
2026-07-27T04:13:26Z,2026-07-27T06:13:26+0200,dabcd32d-9433-4dbd-a505-ea8cec1be0d4,2026-07-22T10:30:00Z,2026-07-22T12:30:00+0200,1831.545,MW,DK1,DK_1,forecast_solar_generation,Solar,2026-07-27T04:17:26Z
2026-07-27T04:13:26Z,2026-07-27T06:13:26+0200,dabcd32d-9433-4dbd-a505-ea8cec1be0d4,2026-07-22T10:45:00Z,2026-07-22T12:45:00+0200,1754.018333,MW,DK1,DK_1,forecast_solar_generation,Solar,2026-07-27T04:17:26Z
2026-07-27T04:13:26Z,2026-07-27T06:13:26+0200,dabcd32d-9433-4dbd-a505-ea8cec1be0d4,2026-07-22T11:00:00Z,2026-07-22T13:00:00+0200,1712.683333,MW,DK1,DK_1,forecast_solar_generation,Solar,2026-07-27T04:17:26Z
2026-07-27T04:13:26Z,2026-07-27T06:13:26+0200,dabcd32d-9433-4dbd-a505-ea8cec1be0d4,2026-07-22T11:15:00Z,2026-07-22T13:15:00+0200,1622.455,MW,DK1,DK_1,forecast_solar_generation,Solar,2026-07-27T04:17:26Z
2026-07-27T04:13:26Z,2026-07-27T06:13:26+0200,dabcd32d-9433-4dbd-a505-ea8cec1be0d4,2026-07-22T11:30:00Z,2026-07-22T13:30:00+0200,1491.496666,MW,DK1,DK_1,forecast_solar_generation,Solar,2026-07-27T04:17:26Z
2026-07-27T04:13:26Z,2026-07-27T06:13:26+0200,dabcd32d-9433-4dbd-a505-ea8cec1be0d4,2026-07-22T11:45:00Z,2026-07-22T13:45:00+0200,1495.074999,MW,DK1,DK_1,forecast_solar_generation,Solar,2026-07-27T04:17:26Z
2026-07-27T04:13:26Z,2026-07-27T06:13:26+0200,dabcd32d-9433-4dbd-a505-ea8cec1be0d4,2026-07-22T12:00:00Z,2026-07-22T14:00:00+0200,1506.098333,MW,DK1,DK_1,forecast_solar_generation,Solar,2026-07-27T04:17:26Z
2026-07-27T04:13:26Z,2026-07-27T06:13:26+0200,dabcd32d-9433-4dbd-a505-ea8cec1be0d4,2026-07-22T12:15:00Z,2026-07-22T14:15:00+0200,1545.833333,MW,DK1,DK_1,forecast_solar_generation,Solar,2026-07-27T04:17:26Z
2026-07-27T04:13:26Z,2026-07-27T06:13:26+0200,dabcd32d-9433-4dbd-a505-ea8cec1be0d4,2026-07-22T12:30:00Z,2026-07-22T14:30:00+0200,1582.085,MW,DK1,DK_1,forecast_solar_generation,Solar,2026-07-27T04:17:26Z
2026-07-27T04:13:26Z,2026-07-27T06:13:26+0200,dabcd32d-9433-4dbd-a505-ea8cec1be0d4,2026-07-22T12:45:00Z,2026-07-22T14:45:00+0200,1560.08,MW,DK1,DK_1,forecast_solar_generation,Solar,2026-07-27T04:17:26Z
2026-07-27T04:13:26Z,2026-07-27T06:13:26+0200,dabcd32d-9433-4dbd-a505-ea8cec1be0d4,2026-07-22T13:00:00Z,2026-07-22T15:00:00+0200,1498.33,MW,DK1,DK_1,forecast_solar_generation,Solar,2026-07-27T04:17:26Z
2026-07-27T04:13:26Z,2026-07-27T06:13:26+0200,dabcd32d-9433-4dbd-a505-ea8cec1be0d4,2026-07-22T13:15:00Z,2026-07-22T15:15:00+0200,1500.729999,MW,DK1,DK_1,forecast_solar_generation,Solar,2026-07-27T04:17:26Z
2026-07-27T04:13:26Z,2026-07-27T06:13:26+0200,dabcd32d-9433-4dbd-a505-ea8cec1be0d4,2026-07-22T13:30:00Z,2026-07-22T15:30:00+0200,1581.653333,MW,DK1,DK_1,forecast_solar_generation,Solar,2026-07-27T04:17:26Z
2026-07-27T04:13:26Z,2026-07-27T06:13:26+0200,dabcd32d-9433-4dbd-a505-ea8cec1be0d4,2026-07-22T13:45:00Z,2026-07-22T15:45:00+0200,1565.693333,MW,DK1,DK_1,forecast_solar_generation,Solar,2026-07-27T04:17:26Z
2026-07-27T04:13:26Z,2026-07-27T06:13:26+0200,dabcd32d-9433-4dbd-a505-ea8cec1be0d4,2026-07-22T14:00:00Z,2026-07-22T16:00:00+0200,1574.901666,MW,DK1,DK_1,forecast_solar_generation,Solar,2026-07-27T04:17:26Z
2026-07-27T04:13:26Z,2026-07-27T06:13:26+0200,dabcd32d-9433-4dbd-a505-ea8cec1be0d4,2026-07-22T14:15:00Z,2026-07-22T16:15:00+0200,1619.945,MW,DK1,DK_1,forecast_solar_generation,Solar,2026-07-27T04:17:26Z
2026-07-27T04:13:26Z,2026-07-27T06:13:26+0200,dabcd32d-9433-4dbd-a505-ea8cec1be0d4,2026-07-22T14:30:00Z,2026-07-22T16:30:00+0200,1659.163333,MW,DK1,DK_1,forecast_solar_generation,Solar,2026-07-27T04:17:26Z
2026-07-27T04:13:26Z,2026-07-27T06:13:26+0200,dabcd32d-9433-4dbd-a505-ea8cec1be0d4,2026-07-22T14:45:00Z,2026-07-22T16:45:00+0200,1607.088333,MW,DK1,DK_1,forecast_solar_generation,Solar,2026-07-27T04:17:26Z
2026-07-27T04:13:26Z,2026-07-27T06:13:26+0200,dabcd32d-9433-4dbd-a505-ea8cec1be0d4,2026-07-22T15:00:00Z,2026-07-22T17:00:00+0200,1554.545,MW,DK1,DK_1,forecast_solar_generation,Solar,2026-07-27T04:17:26Z
2026-07-27T04:13:26Z,2026-07-27T06:13:26+0200,dabcd32d-9433-4dbd-a505-ea8cec1be0d4,2026-07-22T15:15:00Z,2026-07-22T17:15:00+0200,1474.706666,MW,DK1,DK_1,forecast_solar_generation,Solar,2026-07-27T04:17:26Z
2026-07-27T04:13:26Z,2026-07-27T06:13:26+0200,dabcd32d-9433-4dbd-a505-ea8cec1be0d4,2026-07-22T15:30:00Z,2026-07-22T17:30:00+0200,1382.441666,MW,DK1,DK_1,forecast_solar_generation,Solar,2026-07-27T04:17:26Z
2026-07-27T04:13:26Z,2026-07-27T06:13:26+0200,dabcd32d-9433-4dbd-a505-ea8cec1be0d4,2026-07-22T15:45:00Z,2026-07-22T17:45:00+0200,1290.523333,MW,DK1,DK_1,forecast_solar_generation,Solar,2026-07-27T04:17:26Z
2026-07-27T04:13:26Z,2026-07-27T06:13:26+0200,dabcd32d-9433-4dbd-a505-ea8cec1be0d4,2026-07-22T16:00:00Z,2026-07-22T18:00:00+0200,1207.855,MW,DK1,DK_1,forecast_solar_generation,Solar,2026-07-27T04:17:26Z
2026-07-27T04:13:26Z,2026-07-27T06:13:26+0200,dabcd32d-9433-4dbd-a505-ea8cec1be0d4,2026-07-22T16:15:00Z,2026-07-22T18:15:00+0200,1101.396666,MW,DK1,DK_1,forecast_solar_generation,Solar,2026-07-27T04:17:26Z
2026-07-27T04:13:26Z,2026-07-27T06:13:26+0200,dabcd32d-9433-4dbd-a505-ea8cec1be0d4,2026-07-22T16:30:00Z,2026-07-22T18:30:00+0200,984.564999,MW,DK1,DK_1,forecast_solar_generation,Solar,2026-07-27T04:17:26Z
2026-07-27T04:13:26Z,2026-07-27T06:13:26+0200,dabcd32d-9433-4dbd-a505-ea8cec1be0d4,2026-07-22T16:45:00Z,2026-07-22T18:45:00+0200,866.733333,MW,DK1,DK_1,forecast_solar_generation,Solar,2026-07-27T04:17:26Z
2026-07-27T04:13:26Z,2026-07-27T06:13:26+0200,dabcd32d-9433-4dbd-a505-ea8cec1be0d4,2026-07-22T17:00:00Z,2026-07-22T19:00:00+0200,749.763333,MW,DK1,DK_1,forecast_solar_generation,Solar,2026-07-27T04:17:26Z
2026-07-27T04:13:26Z,2026-07-27T06:13:26+0200,dabcd32d-9433-4dbd-a505-ea8cec1be0d4,2026-07-22T17:15:00Z,2026-07-22T19:15:00+0200,633.946666,MW,DK1,DK_1,forecast_solar_generation,Solar,2026-07-27T04:17:26Z
2026-07-27T04:13:26Z,2026-07-27T06:13:26+0200,dabcd32d-9433-4dbd-a505-ea8cec1be0d4,2026-07-22T17:30:00Z,2026-07-22T19:30:00+0200,521.125,MW,DK1,DK_1,forecast_solar_generation,Solar,2026-07-27T04:17:26Z
2026-07-27T04:13:26Z,2026-07-27T06:13:26+0200,dabcd32d-9433-4dbd-a505-ea8cec1be0d4,2026-07-22T17:45:00Z,2026-07-22T19:45:00+0200,414.826666,MW,DK1,DK_1,forecast_solar_generation,Solar,2026-07-27T04:17:26Z
2026-07-27T04:13:26Z,2026-07-27T06:13:26+0200,dabcd32d-9433-4dbd-a505-ea8cec1be0d4,2026-07-22T18:00:00Z,2026-07-22T20:00:00+0200,316.578333,MW,DK1,DK_1,forecast_solar_generation,Solar,2026-07-27T04:17:26Z
2026-07-27T04:13:26Z,2026-07-27T06:13:26+0200,dabcd32d-9433-4dbd-a505-ea8cec1be0d4,2026-07-22T18:15:00Z,2026-07-22T20:15:00+0200,227.663333,MW,DK1,DK_1,forecast_solar_generation,Solar,2026-07-27T04:17:26Z
2026-07-27T04:13:26Z,2026-07-27T06:13:26+0200,dabcd32d-9433-4dbd-a505-ea8cec1be0d4,2026-07-22T18:30:00Z,2026-07-22T20:30:00+0200,150.381666,MW,DK1,DK_1,forecast_solar_generation,Solar,2026-07-27T04:17:26Z
2026-07-27T04:13:26Z,2026-07-27T06:13:26+0200,dabcd32d-9433-4dbd-a505-ea8cec1be0d4,2026-07-22T18:45:00Z,2026-07-22T20:45:00+0200,86.366666,MW,DK1,DK_1,forecast_solar_generation,Solar,2026-07-27T04:17:26Z
2026-07-27T04:13:26Z,2026-07-27T06:13:26+0200,dabcd32d-9433-4dbd-a505-ea8cec1be0d4,2026-07-22T19:00:00Z,2026-07-22T21:00:00+0200,37.486666,MW,DK1,DK_1,forecast_solar_generation,Solar,2026-07-27T04:17:26Z
2026-07-27T04:13:26Z,2026-07-27T06:13:26+0200,dabcd32d-9433-4dbd-a505-ea8cec1be0d4,2026-07-22T19:15:00Z,2026-07-22T21:15:00+0200,9.405,MW,DK1,DK_1,forecast_solar_generation,Solar,2026-07-27T04:17:26Z
2026-07-27T04:13:26Z,2026-07-27T06:13:26+0200,dabcd32d-9433-4dbd-a505-ea8cec1be0d4,2026-07-22T19:30:00Z,2026-07-22T21:30:00+0200,1.003333,MW,DK1,DK_1,forecast_solar_generation,Solar,2026-07-27T04:17:26Z
2026-07-27T04:13:26Z,2026-07-27T06:13:26+0200,dabcd32d-9433-4dbd-a505-ea8cec1be0d4,2026-07-22T19:45:00Z,2026-07-22T21:45:00+0200,0.02,MW,DK1,DK_1,forecast_solar_generation,Solar,2026-07-27T04:17:26Z
2026-07-27T04:13:26Z,2026-07-27T06:13:26+0200,dabcd32d-9433-4dbd-a505-ea8cec1be0d4,2026-07-22T20:00:00Z,2026-07-22T22:00:00+0200,0.0,MW,DK1,DK_1,forecast_solar_generation,Solar,2026-07-27T04:17:26Z
2026-07-27T04:13:26Z,2026-07-27T06:13:26+0200,dabcd32d-9433-4dbd-a505-ea8cec1be0d4,2026-07-22T20:15:00Z,2026-07-22T22:15:00+0200,0.0,MW,DK1,DK_1,forecast_solar_generation,Solar,2026-07-27T04:17:26Z
2026-07-27T04:13:26Z,2026-07-27T06:13:26+0200,dabcd32d-9433-4dbd-a505-ea8cec1be0d4,2026-07-22T20:30:00Z,2026-07-22T22:30:00+0200,0.0,MW,DK1,DK_1,forecast_solar_generation,Solar,2026-07-27T04:17:26Z
2026-07-27T04:13:26Z,2026-07-27T06:13:26+0200,dabcd32d-9433-4dbd-a505-ea8cec1be0d4,2026-07-22T20:45:00Z,2026-07-22T22:45:00+0200,0.0,MW,DK1,DK_1,forecast_solar_generation,Solar,2026-07-27T04:17:26Z
2026-07-27T04:13:26Z,2026-07-27T06:13:26+0200,dabcd32d-9433-4dbd-a505-ea8cec1be0d4,2026-07-22T21:00:00Z,2026-07-22T23:00:00+0200,0.0,MW,DK1,DK_1,forecast_solar_generation,Solar,2026-07-27T04:17:26Z
2026-07-27T04:13:26Z,2026-07-27T06:13:26+0200,dabcd32d-9433-4dbd-a505-ea8cec1be0d4,2026-07-22T21:15:00Z,2026-07-22T23:15:00+0200,0.0,MW,DK1,DK_1,forecast_solar_generation,Solar,2026-07-27T04:17:26Z
2026-07-27T04:13:26Z,2026-07-27T06:13:26+0200,dabcd32d-9433-4dbd-a505-ea8cec1be0d4,2026-07-22T21:30:00Z,2026-07-22T23:30:00+0200,0.0,MW,DK1,DK_1,forecast_solar_generation,Solar,2026-07-27T04:17:26Z
2026-07-27T04:13:26Z,2026-07-27T06:13:26+0200,dabcd32d-9433-4dbd-a505-ea8cec1be0d4,2026-07-22T21:45:00Z,2026-07-22T23:45:00+0200,0.0,MW,DK1,DK_1,forecast_solar_generation,Solar,2026-07-27T04:17:26Z
2026-07-27T04:13:26Z,2026-07-27T06:13:26+0200,dabcd32d-9433-4dbd-a505-ea8cec1be0d4,2026-07-22T22:00:00Z,2026-07-23T00:00:00+0200,0.0,MW,DK1,DK_1,forecast_solar_generation,Solar,2026-07-27T04:17:26Z
2026-07-27T04:13:26Z,2026-07-27T06:13:26+0200,dabcd32d-9433-4dbd-a505-ea8cec1be0d4,2026-07-22T22:15:00Z,2026-07-23T00:15:00+0200,0.0,MW,DK1,DK_1,forecast_solar_generation,Solar,2026-07-27T04:17:26Z
2026-07-27T04:13:26Z,2026-07-27T06:13:26+0200,dabcd32d-9433-4dbd-a505-ea8cec1be0d4,2026-07-22T22:30:00Z,2026-07-23T00:30:00+0200,0.0,MW,DK1,DK_1,forecast_solar_generation,Solar,2026-07-27T04:17:26Z
2026-07-27T04:13:26Z,2026-07-27T06:13:26+0200,dabcd32d-9433-4dbd-a505-ea8cec1be0d4,2026-07-22T22:45:00Z,2026-07-23T00:45:00+0200,0.0,MW,DK1,DK_1,forecast_solar_generation,Solar,2026-07-27T04:17:26Z
2026-07-27T04:13:26Z,2026-07-27T06:13:26+0200,dabcd32d-9433-4dbd-a505-ea8cec1be0d4,2026-07-22T23:00:00Z,2026-07-23T01:00:00+0200,0.0,MW,DK1,DK_1,forecast_solar_generation,Solar,2026-07-27T04:17:26Z
2026-07-27T04:13:26Z,2026-07-27T06:13:26+0200,dabcd32d-9433-4dbd-a505-ea8cec1be0d4,2026-07-22T23:15:00Z,2026-07-23T01:15:00+0200,0.0,MW,DK1,DK_1,forecast_solar_generation,Solar,2026-07-27T04:17:26Z
2026-07-27T04:13:26Z,2026-07-27T06:13:26+0200,dabcd32d-9433-4dbd-a505-ea8cec1be0d4,2026-07-22T23:30:00Z,2026-07-23T01:30:00+0200,0.0,MW,DK1,DK_1,forecast_solar_generation,Solar,2026-07-27T04:17:26Z
2026-07-27T04:13:26Z,2026-07-27T06:13:26+0200,dabcd32d-9433-4dbd-a505-ea8cec1be0d4,2026-07-22T23:45:00Z,2026-07-23T01:45:00+0200,0.0,MW,DK1,DK_1,forecast_solar_generation,Solar,2026-07-27T04:17:26Z
2026-07-27T04:13:26Z,2026-07-27T06:13:26+0200,dabcd32d-9433-4dbd-a505-ea8cec1be0d4,2026-07-23T00:00:00Z,2026-07-23T02:00:00+0200,0.0,MW,DK1,DK_1,forecast_solar_generation,Solar,2026-07-27T04:17:26Z
2026-07-27T04:13:26Z,2026-07-27T06:13:26+0200,dabcd32d-9433-4dbd-a505-ea8cec1be0d4,2026-07-23T00:15:00Z,2026-07-23T02:15:00+0200,0.0,MW,DK1,DK_1,forecast_solar_generation,Solar,2026-07-27T04:17:26Z
2026-07-27T04:13:26Z,2026-07-27T06:13:26+0200,dabcd32d-9433-4dbd-a505-ea8cec1be0d4,2026-07-23T00:30:00Z,2026-07-23T02:30:00+0200,0.0,MW,DK1,DK_1,forecast_solar_generation,Solar,2026-07-27T04:17:26Z
2026-07-27T04:13:26Z,2026-07-27T06:13:26+0200,dabcd32d-9433-4dbd-a505-ea8cec1be0d4,2026-07-23T00:45:00Z,2026-07-23T02:45:00+0200,0.0,MW,DK1,DK_1,forecast_solar_generation,Solar,2026-07-27T04:17:26Z
2026-07-27T04:13:26Z,2026-07-27T06:13:26+0200,dabcd32d-9433-4dbd-a505-ea8cec1be0d4,2026-07-23T01:00:00Z,2026-07-23T03:00:00+0200,0.0,MW,DK1,DK_1,forecast_solar_generation,Solar,2026-07-27T04:17:26Z
2026-07-27T04:13:26Z,2026-07-27T06:13:26+0200,dabcd32d-9433-4dbd-a505-ea8cec1be0d4,2026-07-23T01:15:00Z,2026-07-23T03:15:00+0200,0.0,MW,DK1,DK_1,forecast_solar_generation,Solar,2026-07-27T04:17:26Z
2026-07-27T04:13:26Z,2026-07-27T06:13:26+0200,dabcd32d-9433-4dbd-a505-ea8cec1be0d4,2026-07-23T01:30:00Z,2026-07-23T03:30:00+0200,0.0,MW,DK1,DK_1,forecast_solar_generation,Solar,2026-07-27T04:17:26Z
2026-07-27T04:13:26Z,2026-07-27T06:13:26+0200,dabcd32d-9433-4dbd-a505-ea8cec1be0d4,2026-07-23T01:45:00Z,2026-07-23T03:45:00+0200,0.0,MW,DK1,DK_1,forecast_solar_generation,Solar,2026-07-27T04:17:26Z
2026-07-27T04:13:26Z,2026-07-27T06:13:26+0200,dabcd32d-9433-4dbd-a505-ea8cec1be0d4,2026-07-23T02:00:00Z,2026-07-23T04:00:00+0200,0.0,MW,DK1,DK_1,forecast_solar_generation,Solar,2026-07-27T04:17:26Z
2026-07-27T04:13:26Z,2026-07-27T06:13:26+0200,dabcd32d-9433-4dbd-a505-ea8cec1be0d4,2026-07-23T02:15:00Z,2026-07-23T04:15:00+0200,0.0,MW,DK1,DK_1,forecast_solar_generation,Solar,2026-07-27T04:17:26Z
2026-07-27T04:13:26Z,2026-07-27T06:13:26+0200,dabcd32d-9433-4dbd-a505-ea8cec1be0d4,2026-07-23T02:30:00Z,2026-07-23T04:30:00+0200,0.0,MW,DK1,DK_1,forecast_solar_generation,Solar,2026-07-27T04:17:26Z
2026-07-27T04:13:26Z,2026-07-27T06:13:26+0200,dabcd32d-9433-4dbd-a505-ea8cec1be0d4,2026-07-23T02:45:00Z,2026-07-23T04:45:00+0200,0.0,MW,DK1,DK_1,forecast_solar_generation,Solar,2026-07-27T04:17:26Z
2026-07-27T04:13:26Z,2026-07-27T06:13:26+0200,dabcd32d-9433-4dbd-a505-ea8cec1be0d4,2026-07-23T03:00:00Z,2026-07-23T05:00:00+0200,0.054999,MW,DK1,DK_1,forecast_solar_generation,Solar,2026-07-27T04:17:26Z
2026-07-27T04:13:26Z,2026-07-27T06:13:26+0200,dabcd32d-9433-4dbd-a505-ea8cec1be0d4,2026-07-23T03:15:00Z,2026-07-23T05:15:00+0200,1.52,MW,DK1,DK_1,forecast_solar_generation,Solar,2026-07-27T04:17:26Z
2026-07-27T04:13:26Z,2026-07-27T06:13:26+0200,dabcd32d-9433-4dbd-a505-ea8cec1be0d4,2026-07-23T03:30:00Z,2026-07-23T05:30:00+0200,12.568333,MW,DK1,DK_1,forecast_solar_generation,Solar,2026-07-27T04:17:26Z
2026-07-27T04:13:26Z,2026-07-27T06:13:26+0200,dabcd32d-9433-4dbd-a505-ea8cec1be0d4,2026-07-23T03:45:00Z,2026-07-23T05:45:00+0200,44.449999,MW,DK1,DK_1,forecast_solar_generation,Solar,2026-07-27T04:17:26Z
2026-07-27T04:13:26Z,2026-07-27T06:13:26+0200,dabcd32d-9433-4dbd-a505-ea8cec1be0d4,2026-07-23T04:00:00Z,2026-07-23T06:00:00+0200,95.278333,MW,DK1,DK_1,forecast_solar_generation,Solar,2026-07-27T04:17:26Z
2026-07-27T04:13:26Z,2026-07-27T06:13:26+0200,dabcd32d-9433-4dbd-a505-ea8cec1be0d4,2026-07-23T04:15:00Z,2026-07-23T06:15:00+0200,160.433333,MW,DK1,DK_1,forecast_solar_generation,Solar,2026-07-27T04:17:26Z
2026-07-27T04:13:26Z,2026-07-27T06:13:26+0200,dabcd32d-9433-4dbd-a505-ea8cec1be0d4,2026-07-23T04:30:00Z,2026-07-23T06:30:00+0200,239.258333,MW,DK1,DK_1,forecast_solar_generation,Solar,2026-07-27T04:17:26Z
2026-07-27T04:13:26Z,2026-07-27T06:13:26+0200,dabcd32d-9433-4dbd-a505-ea8cec1be0d4,2026-07-23T04:45:00Z,2026-07-23T06:45:00+0200,331.32,MW,DK1,DK_1,forecast_solar_generation,Solar,2026-07-27T04:17:26Z
2026-07-27T04:13:26Z,2026-07-27T06:13:26+0200,dabcd32d-9433-4dbd-a505-ea8cec1be0d4,2026-07-23T05:00:00Z,2026-07-23T07:00:00+0200,436.648333,MW,DK1,DK_1,forecast_solar_generation,Solar,2026-07-27T04:17:26Z
2026-07-27T04:13:26Z,2026-07-27T06:13:26+0200,dabcd32d-9433-4dbd-a505-ea8cec1be0d4,2026-07-23T05:15:00Z,2026-07-23T07:15:00+0200,552.245,MW,DK1,DK_1,forecast_solar_generation,Solar,2026-07-27T04:17:26Z
2026-07-27T04:13:26Z,2026-07-27T06:13:26+0200,dabcd32d-9433-4dbd-a505-ea8cec1be0d4,2026-07-23T05:30:00Z,2026-07-23T07:30:00+0200,677.501666,MW,DK1,DK_1,forecast_solar_generation,Solar,2026-07-27T04:17:26Z
2026-07-27T04:13:26Z,2026-07-27T06:13:26+0200,dabcd32d-9433-4dbd-a505-ea8cec1be0d4,2026-07-23T05:45:00Z,2026-07-23T07:45:00+0200,811.863333,MW,DK1,DK_1,forecast_solar_generation,Solar,2026-07-27T04:17:26Z
2026-07-27T04:13:26Z,2026-07-27T06:13:26+0200,dabcd32d-9433-4dbd-a505-ea8cec1be0d4,2026-07-23T06:00:00Z,2026-07-23T08:00:00+0200,952.791666,MW,DK1,DK_1,forecast_solar_generation,Solar,2026-07-27T04:17:26Z
2026-07-27T04:13:26Z,2026-07-27T06:13:26+0200,dabcd32d-9433-4dbd-a505-ea8cec1be0d4,2026-07-23T06:15:00Z,2026-07-23T08:15:00+0200,1096.24,MW,DK1,DK_1,forecast_solar_generation,Solar,2026-07-27T04:17:26Z
2026-07-27T04:13:26Z,2026-07-27T06:13:26+0200,dabcd32d-9433-4dbd-a505-ea8cec1be0d4,2026-07-23T06:30:00Z,2026-07-23T08:30:00+0200,1237.881666,MW,DK1,DK_1,forecast_solar_generation,Solar,2026-07-27T04:17:26Z
2026-07-27T04:13:26Z,2026-07-27T06:13:26+0200,dabcd32d-9433-4dbd-a505-ea8cec1be0d4,2026-07-23T06:45:00Z,2026-07-23T08:45:00+0200,1377.24,MW,DK1,DK_1,forecast_solar_generation,Solar,2026-07-27T04:17:26Z
2026-07-27T04:13:26Z,2026-07-27T06:13:26+0200,dabcd32d-9433-4dbd-a505-ea8cec1be0d4,2026-07-23T07:00:00Z,2026-07-23T09:00:00+0200,1513.418333,MW,DK1,DK_1,forecast_solar_generation,Solar,2026-07-27T04:17:26Z
2026-07-27T04:13:26Z,2026-07-27T06:13:26+0200,dabcd32d-9433-4dbd-a505-ea8cec1be0d4,2026-07-23T07:15:00Z,2026-07-23T09:15:00+0200,1644.868333,MW,DK1,DK_1,forecast_solar_generation,Solar,2026-07-27T04:17:26Z
2026-07-27T04:13:26Z,2026-07-27T06:13:26+0200,dabcd32d-9433-4dbd-a505-ea8cec1be0d4,2026-07-23T07:30:00Z,2026-07-23T09:30:00+0200,1769.941666,MW,DK1,DK_1,forecast_solar_generation,Solar,2026-07-27T04:17:26Z
2026-07-27T04:13:26Z,2026-07-27T06:13:26+0200,dabcd32d-9433-4dbd-a505-ea8cec1be0d4,2026-07-23T07:45:00Z,2026-07-23T09:45:00+0200,1885.791666,MW,DK1,DK_1,forecast_solar_generation,Solar,2026-07-27T04:17:26Z
2026-07-27T04:13:26Z,2026-07-27T06:13:26+0200,dabcd32d-9433-4dbd-a505-ea8cec1be0d4,2026-07-23T08:00:00Z,2026-07-23T10:00:00+0200,1988.731666,MW,DK1,DK_1,forecast_solar_generation,Solar,2026-07-27T04:17:26Z
2026-07-27T04:13:26Z,2026-07-27T06:13:26+0200,dabcd32d-9433-4dbd-a505-ea8cec1be0d4,2026-07-23T08:15:00Z,2026-07-23T10:15:00+0200,2077.285,MW,DK1,DK_1,forecast_solar_generation,Solar,2026-07-27T04:17:26Z
2026-07-27T04:13:26Z,2026-07-27T06:13:26+0200,dabcd32d-9433-4dbd-a505-ea8cec1be0d4,2026-07-23T08:30:00Z,2026-07-23T10:30:00+0200,2152.086666,MW,DK1,DK_1,forecast_solar_generation,Solar,2026-07-27T04:17:26Z
2026-07-27T04:13:26Z,2026-07-27T06:13:26+0200,dabcd32d-9433-4dbd-a505-ea8cec1be0d4,2026-07-23T08:45:00Z,2026-07-23T10:45:00+0200,2216.879999,MW,DK1,DK_1,forecast_solar_generation,Solar,2026-07-27T04:17:26Z
2026-07-27T04:13:26Z,2026-07-27T06:13:26+0200,dabcd32d-9433-4dbd-a505-ea8cec1be0d4,2026-07-23T09:00:00Z,2026-07-23T11:00:00+0200,2269.94,MW,DK1,DK_1,forecast_solar_generation,Solar,2026-07-27T04:17:26Z
2026-07-27T04:13:26Z,2026-07-27T06:13:26+0200,dabcd32d-9433-4dbd-a505-ea8cec1be0d4,2026-07-23T09:15:00Z,2026-07-23T11:15:00+0200,2310.036666,MW,DK1,DK_1,forecast_solar_generation,Solar,2026-07-27T04:17:26Z
2026-07-27T04:13:26Z,2026-07-27T06:13:26+0200,dabcd32d-9433-4dbd-a505-ea8cec1be0d4,2026-07-23T09:30:00Z,2026-07-23T11:30:00+0200,2339.956666,MW,DK1,DK_1,forecast_solar_generation,Solar,2026-07-27T04:17:26Z
2026-07-27T04:13:26Z,2026-07-27T06:13:26+0200,dabcd32d-9433-4dbd-a505-ea8cec1be0d4,2026-07-23T09:45:00Z,2026-07-23T11:45:00+0200,2365.001666,MW,DK1,DK_1,forecast_solar_generation,Solar,2026-07-27T04:17:26Z
2026-07-27T04:13:26Z,2026-07-27T06:13:26+0200,dabcd32d-9433-4dbd-a505-ea8cec1be0d4,2026-07-23T10:00:00Z,2026-07-23T12:00:00+0200,2386.216666,MW,DK1,DK_1,forecast_solar_generation,Solar,2026-07-27T04:17:26Z
2026-07-27T04:13:26Z,2026-07-27T06:13:26+0200,dabcd32d-9433-4dbd-a505-ea8cec1be0d4,2026-07-23T10:15:00Z,2026-07-23T12:15:00+0200,2404.563333,MW,DK1,DK_1,forecast_solar_generation,Solar,2026-07-27T04:17:26Z
2026-07-27T04:13:26Z,2026-07-27T06:13:26+0200,dabcd32d-9433-4dbd-a505-ea8cec1be0d4,2026-07-23T10:30:00Z,2026-07-23T12:30:00+0200,2419.058333,MW,DK1,DK_1,forecast_solar_generation,Solar,2026-07-27T04:17:26Z
2026-07-27T04:13:26Z,2026-07-27T06:13:26+0200,dabcd32d-9433-4dbd-a505-ea8cec1be0d4,2026-07-23T10:45:00Z,2026-07-23T12:45:00+0200,2427.011666,MW,DK1,DK_1,forecast_solar_generation,Solar,2026-07-27T04:17:26Z
2026-07-27T04:13:26Z,2026-07-27T06:13:26+0200,dabcd32d-9433-4dbd-a505-ea8cec1be0d4,2026-07-23T11:00:00Z,2026-07-23T13:00:00+0200,2432.011666,MW,DK1,DK_1,forecast_solar_generation,Solar,2026-07-27T04:17:26Z
2026-07-27T04:13:26Z,2026-07-27T06:13:26+0200,dabcd32d-9433-4dbd-a505-ea8cec1be0d4,2026-07-23T11:15:00Z,2026-07-23T13:15:00+0200,2399.383333,MW,DK1,DK_1,forecast_solar_generation,Solar,2026-07-27T04:17:26Z
2026-07-27T04:13:26Z,2026-07-27T06:13:26+0200,dabcd32d-9433-4dbd-a505-ea8cec1be0d4,2026-07-23T11:30:00Z,2026-07-23T13:30:00+0200,2217.175,MW,DK1,DK_1,forecast_solar_generation,Solar,2026-07-27T04:17:26Z
2026-07-27T04:13:26Z,2026-07-27T06:13:26+0200,dabcd32d-9433-4dbd-a505-ea8cec1be0d4,2026-07-23T11:45:00Z,2026-07-23T13:45:00+0200,2175.565,MW,DK1,DK_1,forecast_solar_generation,Solar,2026-07-27T04:17:26Z
2026-07-27T04:13:26Z,2026-07-27T06:13:26+0200,dabcd32d-9433-4dbd-a505-ea8cec1be0d4,2026-07-23T12:00:00Z,2026-07-23T14:00:00+0200,2200.075,MW,DK1,DK_1,forecast_solar_generation,Solar,2026-07-27T04:17:26Z
2026-07-27T04:13:26Z,2026-07-27T06:13:26+0200,dabcd32d-9433-4dbd-a505-ea8cec1be0d4,2026-07-23T12:15:00Z,2026-07-23T14:15:00+0200,2176.626666,MW,DK1,DK_1,forecast_solar_generation,Solar,2026-07-27T04:17:26Z
2026-07-27T04:13:26Z,2026-07-27T06:13:26+0200,dabcd32d-9433-4dbd-a505-ea8cec1be0d4,2026-07-23T12:30:00Z,2026-07-23T14:30:00+0200,2152.665,MW,DK1,DK_1,forecast_solar_generation,Solar,2026-07-27T04:17:26Z
2026-07-27T04:13:26Z,2026-07-27T06:13:26+0200,dabcd32d-9433-4dbd-a505-ea8cec1be0d4,2026-07-23T12:45:00Z,2026-07-23T14:45:00+0200,2134.891666,MW,DK1,DK_1,forecast_solar_generation,Solar,2026-07-27T04:17:26Z
2026-07-27T04:13:26Z,2026-07-27T06:13:26+0200,dabcd32d-9433-4dbd-a505-ea8cec1be0d4,2026-07-23T13:00:00Z,2026-07-23T15:00:00+0200,2164.216666,MW,DK1,DK_1,forecast_solar_generation,Solar,2026-07-27T04:17:26Z
2026-07-27T04:13:26Z,2026-07-27T06:13:26+0200,dabcd32d-9433-4dbd-a505-ea8cec1be0d4,2026-07-23T13:15:00Z,2026-07-23T15:15:00+0200,2264.459999,MW,DK1,DK_1,forecast_solar_generation,Solar,2026-07-27T04:17:26Z
2026-07-27T04:13:26Z,2026-07-27T06:13:26+0200,dabcd32d-9433-4dbd-a505-ea8cec1be0d4,2026-07-23T13:30:00Z,2026-07-23T15:30:00+0200,2233.628333,MW,DK1,DK_1,forecast_solar_generation,Solar,2026-07-27T04:17:26Z
2026-07-27T04:13:26Z,2026-07-27T06:13:26+0200,dabcd32d-9433-4dbd-a505-ea8cec1be0d4,2026-07-23T13:45:00Z,2026-07-23T15:45:00+0200,2170.121666,MW,DK1,DK_1,forecast_solar_generation,Solar,2026-07-27T04:17:26Z
2026-07-27T04:13:26Z,2026-07-27T06:13:26+0200,dabcd32d-9433-4dbd-a505-ea8cec1be0d4,2026-07-23T14:00:00Z,2026-07-23T16:00:00+0200,1984.901666,MW,DK1,DK_1,forecast_solar_generation,Solar,2026-07-27T04:17:26Z
2026-07-27T04:13:26Z,2026-07-27T06:13:26+0200,dabcd32d-9433-4dbd-a505-ea8cec1be0d4,2026-07-23T14:15:00Z,2026-07-23T16:15:00+0200,2080.978333,MW,DK1,DK_1,forecast_solar_generation,Solar,2026-07-27T04:17:26Z
2026-07-27T04:13:26Z,2026-07-27T06:13:26+0200,dabcd32d-9433-4dbd-a505-ea8cec1be0d4,2026-07-23T14:30:00Z,2026-07-23T16:30:00+0200,2005.54,MW,DK1,DK_1,forecast_solar_generation,Solar,2026-07-27T04:17:26Z
2026-07-27T04:13:26Z,2026-07-27T06:13:26+0200,dabcd32d-9433-4dbd-a505-ea8cec1be0d4,2026-07-23T14:45:00Z,2026-07-23T16:45:00+0200,1914.433333,MW,DK1,DK_1,forecast_solar_generation,Solar,2026-07-27T04:17:26Z
2026-07-27T04:13:26Z,2026-07-27T06:13:26+0200,dabcd32d-9433-4dbd-a505-ea8cec1be0d4,2026-07-23T15:00:00Z,2026-07-23T17:00:00+0200,1811.61,MW,DK1,DK_1,forecast_solar_generation,Solar,2026-07-27T04:17:26Z
2026-07-27T04:13:26Z,2026-07-27T06:13:26+0200,dabcd32d-9433-4dbd-a505-ea8cec1be0d4,2026-07-23T15:15:00Z,2026-07-23T17:15:00+0200,1698.225,MW,DK1,DK_1,forecast_solar_generation,Solar,2026-07-27T04:17:26Z
2026-07-27T04:13:26Z,2026-07-27T06:13:26+0200,dabcd32d-9433-4dbd-a505-ea8cec1be0d4,2026-07-23T15:30:00Z,2026-07-23T17:30:00+0200,1578.208333,MW,DK1,DK_1,forecast_solar_generation,Solar,2026-07-27T04:17:26Z
2026-07-27T04:13:26Z,2026-07-27T06:13:26+0200,dabcd32d-9433-4dbd-a505-ea8cec1be0d4,2026-07-23T15:45:00Z,2026-07-23T17:45:00+0200,1455.953333,MW,DK1,DK_1,forecast_solar_generation,Solar,2026-07-27T04:17:26Z
2026-07-27T04:13:26Z,2026-07-27T06:13:26+0200,dabcd32d-9433-4dbd-a505-ea8cec1be0d4,2026-07-23T16:00:00Z,2026-07-23T18:00:00+0200,1343.22,MW,DK1,DK_1,forecast_solar_generation,Solar,2026-07-27T04:17:26Z
2026-07-27T04:13:26Z,2026-07-27T06:13:26+0200,dabcd32d-9433-4dbd-a505-ea8cec1be0d4,2026-07-23T16:15:00Z,2026-07-23T18:15:00+0200,1210.608333,MW,DK1,DK_1,forecast_solar_generation,Solar,2026-07-27T04:17:26Z
2026-07-27T04:13:26Z,2026-07-27T06:13:26+0200,dabcd32d-9433-4dbd-a505-ea8cec1be0d4,2026-07-23T16:30:00Z,2026-07-23T18:30:00+0200,1072.99,MW,DK1,DK_1,forecast_solar_generation,Solar,2026-07-27T04:17:26Z
2026-07-27T04:13:26Z,2026-07-27T06:13:26+0200,dabcd32d-9433-4dbd-a505-ea8cec1be0d4,2026-07-23T16:45:00Z,2026-07-23T18:45:00+0200,935.211666,MW,DK1,DK_1,forecast_solar_generation,Solar,2026-07-27T04:17:26Z
2026-07-27T04:13:26Z,2026-07-27T06:13:26+0200,dabcd32d-9433-4dbd-a505-ea8cec1be0d4,2026-07-23T17:00:00Z,2026-07-23T19:00:00+0200,799.348333,MW,DK1,DK_1,forecast_solar_generation,Solar,2026-07-27T04:17:26Z
2026-07-27T04:13:26Z,2026-07-27T06:13:26+0200,dabcd32d-9433-4dbd-a505-ea8cec1be0d4,2026-07-23T17:15:00Z,2026-07-23T19:15:00+0200,667.316666,MW,DK1,DK_1,forecast_solar_generation,Solar,2026-07-27T04:17:26Z
2026-07-27T04:13:26Z,2026-07-27T06:13:26+0200,dabcd32d-9433-4dbd-a505-ea8cec1be0d4,2026-07-23T17:30:00Z,2026-07-23T19:30:00+0200,541.108333,MW,DK1,DK_1,forecast_solar_generation,Solar,2026-07-27T04:17:26Z
2026-07-27T04:13:26Z,2026-07-27T06:13:26+0200,dabcd32d-9433-4dbd-a505-ea8cec1be0d4,2026-07-23T17:45:00Z,2026-07-23T19:45:00+0200,423.056666,MW,DK1,DK_1,forecast_solar_generation,Solar,2026-07-27T04:17:26Z
2026-07-27T04:13:26Z,2026-07-27T06:13:26+0200,dabcd32d-9433-4dbd-a505-ea8cec1be0d4,2026-07-23T18:00:00Z,2026-07-23T20:00:00+0200,316.615,MW,DK1,DK_1,forecast_solar_generation,Solar,2026-07-27T04:17:26Z
2026-07-27T04:13:26Z,2026-07-27T06:13:26+0200,dabcd32d-9433-4dbd-a505-ea8cec1be0d4,2026-07-23T18:15:00Z,2026-07-23T20:15:00+0200,223.561666,MW,DK1,DK_1,forecast_solar_generation,Solar,2026-07-27T04:17:26Z
2026-07-27T04:13:26Z,2026-07-27T06:13:26+0200,dabcd32d-9433-4dbd-a505-ea8cec1be0d4,2026-07-23T18:30:00Z,2026-07-23T20:30:00+0200,145.174999,MW,DK1,DK_1,forecast_solar_generation,Solar,2026-07-27T04:17:26Z
2026-07-27T04:13:26Z,2026-07-27T06:13:26+0200,dabcd32d-9433-4dbd-a505-ea8cec1be0d4,2026-07-23T18:45:00Z,2026-07-23T20:45:00+0200,81.535,MW,DK1,DK_1,forecast_solar_generation,Solar,2026-07-27T04:17:26Z
2026-07-27T04:13:26Z,2026-07-27T06:13:26+0200,dabcd32d-9433-4dbd-a505-ea8cec1be0d4,2026-07-23T19:00:00Z,2026-07-23T21:00:00+0200,33.885,MW,DK1,DK_1,forecast_solar_generation,Solar,2026-07-27T04:17:26Z
2026-07-27T04:13:26Z,2026-07-27T06:13:26+0200,dabcd32d-9433-4dbd-a505-ea8cec1be0d4,2026-07-23T19:15:00Z,2026-07-23T21:15:00+0200,7.853333,MW,DK1,DK_1,forecast_solar_generation,Solar,2026-07-27T04:17:26Z
2026-07-27T04:13:26Z,2026-07-27T06:13:26+0200,dabcd32d-9433-4dbd-a505-ea8cec1be0d4,2026-07-23T19:30:00Z,2026-07-23T21:30:00+0200,0.725,MW,DK1,DK_1,forecast_solar_generation,Solar,2026-07-27T04:17:26Z
2026-07-27T04:13:26Z,2026-07-27T06:13:26+0200,dabcd32d-9433-4dbd-a505-ea8cec1be0d4,2026-07-23T19:45:00Z,2026-07-23T21:45:00+0200,0.013333,MW,DK1,DK_1,forecast_solar_generation,Solar,2026-07-27T04:17:26Z
2026-07-27T04:13:26Z,2026-07-27T06:13:26+0200,dabcd32d-9433-4dbd-a505-ea8cec1be0d4,2026-07-23T20:00:00Z,2026-07-23T22:00:00+0200,0.0,MW,DK1,DK_1,forecast_solar_generation,Solar,2026-07-27T04:17:26Z
2026-07-27T04:13:26Z,2026-07-27T06:13:26+0200,dabcd32d-9433-4dbd-a505-ea8cec1be0d4,2026-07-23T20:15:00Z,2026-07-23T22:15:00+0200,0.0,MW,DK1,DK_1,forecast_solar_generation,Solar,2026-07-27T04:17:26Z
2026-07-27T04:13:26Z,2026-07-27T06:13:26+0200,dabcd32d-9433-4dbd-a505-ea8cec1be0d4,2026-07-23T20:30:00Z,2026-07-23T22:30:00+0200,0.0,MW,DK1,DK_1,forecast_solar_generation,Solar,2026-07-27T04:17:26Z
2026-07-27T04:13:26Z,2026-07-27T06:13:26+0200,dabcd32d-9433-4dbd-a505-ea8cec1be0d4,2026-07-23T20:45:00Z,2026-07-23T22:45:00+0200,0.0,MW,DK1,DK_1,forecast_solar_generation,Solar,2026-07-27T04:17:26Z
2026-07-27T04:13:26Z,2026-07-27T06:13:26+0200,dabcd32d-9433-4dbd-a505-ea8cec1be0d4,2026-07-23T21:00:00Z,2026-07-23T23:00:00+0200,0.0,MW,DK1,DK_1,forecast_solar_generation,Solar,2026-07-27T04:17:26Z
2026-07-27T04:13:26Z,2026-07-27T06:13:26+0200,dabcd32d-9433-4dbd-a505-ea8cec1be0d4,2026-07-23T21:15:00Z,2026-07-23T23:15:00+0200,0.0,MW,DK1,DK_1,forecast_solar_generation,Solar,2026-07-27T04:17:26Z
2026-07-27T04:13:26Z,2026-07-27T06:13:26+0200,dabcd32d-9433-4dbd-a505-ea8cec1be0d4,2026-07-23T21:30:00Z,2026-07-23T23:30:00+0200,0.0,MW,DK1,DK_1,forecast_solar_generation,Solar,2026-07-27T04:17:26Z
2026-07-27T04:13:26Z,2026-07-27T06:13:26+0200,dabcd32d-9433-4dbd-a505-ea8cec1be0d4,2026-07-23T21:45:00Z,2026-07-23T23:45:00+0200,0.0,MW,DK1,DK_1,forecast_solar_generation,Solar,2026-07-27T04:17:26Z
2026-07-27T04:13:26Z,2026-07-27T06:13:26+0200,dabcd32d-9433-4dbd-a505-ea8cec1be0d4,2026-07-23T22:00:00Z,2026-07-24T00:00:00+0200,0.0,MW,DK1,DK_1,forecast_solar_generation,Solar,2026-07-27T04:17:26Z
2026-07-27T04:13:26Z,2026-07-27T06:13:26+0200,dabcd32d-9433-4dbd-a505-ea8cec1be0d4,2026-07-23T22:15:00Z,2026-07-24T00:15:00+0200,0.0,MW,DK1,DK_1,forecast_solar_generation,Solar,2026-07-27T04:17:26Z
2026-07-27T04:13:26Z,2026-07-27T06:13:26+0200,dabcd32d-9433-4dbd-a505-ea8cec1be0d4,2026-07-23T22:30:00Z,2026-07-24T00:30:00+0200,0.0,MW,DK1,DK_1,forecast_solar_generation,Solar,2026-07-27T04:17:26Z
2026-07-27T04:13:26Z,2026-07-27T06:13:26+0200,dabcd32d-9433-4dbd-a505-ea8cec1be0d4,2026-07-23T22:45:00Z,2026-07-24T00:45:00+0200,0.0,MW,DK1,DK_1,forecast_solar_generation,Solar,2026-07-27T04:17:26Z
2026-07-27T04:13:26Z,2026-07-27T06:13:26+0200,dabcd32d-9433-4dbd-a505-ea8cec1be0d4,2026-07-23T23:00:00Z,2026-07-24T01:00:00+0200,0.0,MW,DK1,DK_1,forecast_solar_generation,Solar,2026-07-27T04:17:26Z
2026-07-27T04:13:26Z,2026-07-27T06:13:26+0200,dabcd32d-9433-4dbd-a505-ea8cec1be0d4,2026-07-23T23:15:00Z,2026-07-24T01:15:00+0200,0.0,MW,DK1,DK_1,forecast_solar_generation,Solar,2026-07-27T04:17:26Z
2026-07-27T04:13:26Z,2026-07-27T06:13:26+0200,dabcd32d-9433-4dbd-a505-ea8cec1be0d4,2026-07-23T23:30:00Z,2026-07-24T01:30:00+0200,0.0,MW,DK1,DK_1,forecast_solar_generation,Solar,2026-07-27T04:17:26Z
2026-07-27T04:13:26Z,2026-07-27T06:13:26+0200,dabcd32d-9433-4dbd-a505-ea8cec1be0d4,2026-07-23T23:45:00Z,2026-07-24T01:45:00+0200,0.0,MW,DK1,DK_1,forecast_solar_generation,Solar,2026-07-27T04:17:26Z
2026-07-27T04:13:26Z,2026-07-27T06:13:26+0200,dabcd32d-9433-4dbd-a505-ea8cec1be0d4,2026-07-24T00:00:00Z,2026-07-24T02:00:00+0200,0.0,MW,DK1,DK_1,forecast_solar_generation,Solar,2026-07-27T04:17:26Z
2026-07-27T04:13:26Z,2026-07-27T06:13:26+0200,dabcd32d-9433-4dbd-a505-ea8cec1be0d4,2026-07-24T00:15:00Z,2026-07-24T02:15:00+0200,0.0,MW,DK1,DK_1,forecast_solar_generation,Solar,2026-07-27T04:17:26Z
2026-07-27T04:13:26Z,2026-07-27T06:13:26+0200,dabcd32d-9433-4dbd-a505-ea8cec1be0d4,2026-07-24T00:30:00Z,2026-07-24T02:30:00+0200,0.0,MW,DK1,DK_1,forecast_solar_generation,Solar,2026-07-27T04:17:26Z
2026-07-27T04:13:26Z,2026-07-27T06:13:26+0200,dabcd32d-9433-4dbd-a505-ea8cec1be0d4,2026-07-24T00:45:00Z,2026-07-24T02:45:00+0200,0.0,MW,DK1,DK_1,forecast_solar_generation,Solar,2026-07-27T04:17:26Z
2026-07-27T04:13:26Z,2026-07-27T06:13:26+0200,dabcd32d-9433-4dbd-a505-ea8cec1be0d4,2026-07-24T01:00:00Z,2026-07-24T03:00:00+0200,0.0,MW,DK1,DK_1,forecast_solar_generation,Solar,2026-07-27T04:17:26Z
2026-07-27T04:13:26Z,2026-07-27T06:13:26+0200,dabcd32d-9433-4dbd-a505-ea8cec1be0d4,2026-07-24T01:15:00Z,2026-07-24T03:15:00+0200,0.0,MW,DK1,DK_1,forecast_solar_generation,Solar,2026-07-27T04:17:26Z
2026-07-27T04:13:26Z,2026-07-27T06:13:26+0200,dabcd32d-9433-4dbd-a505-ea8cec1be0d4,2026-07-24T01:30:00Z,2026-07-24T03:30:00+0200,0.0,MW,DK1,DK_1,forecast_solar_generation,Solar,2026-07-27T04:17:26Z
2026-07-27T04:13:26Z,2026-07-27T06:13:26+0200,dabcd32d-9433-4dbd-a505-ea8cec1be0d4,2026-07-24T01:45:00Z,2026-07-24T03:45:00+0200,0.0,MW,DK1,DK_1,forecast_solar_generation,Solar,2026-07-27T04:17:26Z
2026-07-27T04:13:26Z,2026-07-27T06:13:26+0200,dabcd32d-9433-4dbd-a505-ea8cec1be0d4,2026-07-24T02:00:00Z,2026-07-24T04:00:00+0200,0.0,MW,DK1,DK_1,forecast_solar_generation,Solar,2026-07-27T04:17:26Z
2026-07-27T04:13:26Z,2026-07-27T06:13:26+0200,dabcd32d-9433-4dbd-a505-ea8cec1be0d4,2026-07-24T02:15:00Z,2026-07-24T04:15:00+0200,0.0,MW,DK1,DK_1,forecast_solar_generation,Solar,2026-07-27T04:17:26Z
2026-07-27T04:13:26Z,2026-07-27T06:13:26+0200,dabcd32d-9433-4dbd-a505-ea8cec1be0d4,2026-07-24T02:30:00Z,2026-07-24T04:30:00+0200,0.0,MW,DK1,DK_1,forecast_solar_generation,Solar,2026-07-27T04:17:26Z
2026-07-27T04:13:26Z,2026-07-27T06:13:26+0200,dabcd32d-9433-4dbd-a505-ea8cec1be0d4,2026-07-24T02:45:00Z,2026-07-24T04:45:00+0200,0.0,MW,DK1,DK_1,forecast_solar_generation,Solar,2026-07-27T04:17:26Z
2026-07-27T04:13:26Z,2026-07-27T06:13:26+0200,dabcd32d-9433-4dbd-a505-ea8cec1be0d4,2026-07-24T03:00:00Z,2026-07-24T05:00:00+0200,0.031666,MW,DK1,DK_1,forecast_solar_generation,Solar,2026-07-27T04:17:26Z
2026-07-27T04:13:26Z,2026-07-27T06:13:26+0200,dabcd32d-9433-4dbd-a505-ea8cec1be0d4,2026-07-24T03:15:00Z,2026-07-24T05:15:00+0200,0.986666,MW,DK1,DK_1,forecast_solar_generation,Solar,2026-07-27T04:17:26Z
2026-07-27T04:13:26Z,2026-07-27T06:13:26+0200,dabcd32d-9433-4dbd-a505-ea8cec1be0d4,2026-07-24T03:30:00Z,2026-07-24T05:30:00+0200,8.238333,MW,DK1,DK_1,forecast_solar_generation,Solar,2026-07-27T04:17:26Z
2026-07-27T04:13:26Z,2026-07-27T06:13:26+0200,dabcd32d-9433-4dbd-a505-ea8cec1be0d4,2026-07-24T03:45:00Z,2026-07-24T05:45:00+0200,29.224999,MW,DK1,DK_1,forecast_solar_generation,Solar,2026-07-27T04:17:26Z
2026-07-27T04:13:26Z,2026-07-27T06:13:26+0200,dabcd32d-9433-4dbd-a505-ea8cec1be0d4,2026-07-24T04:00:00Z,2026-07-24T06:00:00+0200,63.044999,MW,DK1,DK_1,forecast_solar_generation,Solar,2026-07-27T04:17:26Z
2026-07-27T04:13:26Z,2026-07-27T06:13:26+0200,dabcd32d-9433-4dbd-a505-ea8cec1be0d4,2026-07-24T04:15:00Z,2026-07-24T06:15:00+0200,105.785,MW,DK1,DK_1,forecast_solar_generation,Solar,2026-07-27T04:17:26Z
2026-07-27T04:13:26Z,2026-07-27T06:13:26+0200,dabcd32d-9433-4dbd-a505-ea8cec1be0d4,2026-07-24T04:30:00Z,2026-07-24T06:30:00+0200,158.079999,MW,DK1,DK_1,forecast_solar_generation,Solar,2026-07-27T04:17:26Z
2026-07-27T04:13:26Z,2026-07-27T06:13:26+0200,dabcd32d-9433-4dbd-a505-ea8cec1be0d4,2026-07-24T04:45:00Z,2026-07-24T06:45:00+0200,218.925,MW,DK1,DK_1,forecast_solar_generation,Solar,2026-07-27T04:17:26Z
2026-07-27T04:13:26Z,2026-07-27T06:13:26+0200,dabcd32d-9433-4dbd-a505-ea8cec1be0d4,2026-07-24T05:00:00Z,2026-07-24T07:00:00+0200,286.815,MW,DK1,DK_1,forecast_solar_generation,Solar,2026-07-27T04:17:26Z
2026-07-27T04:13:26Z,2026-07-27T06:13:26+0200,dabcd32d-9433-4dbd-a505-ea8cec1be0d4,2026-07-24T05:15:00Z,2026-07-24T07:15:00+0200,359.313333,MW,DK1,DK_1,forecast_solar_generation,Solar,2026-07-27T04:17:26Z
2026-07-27T04:13:26Z,2026-07-27T06:13:26+0200,dabcd32d-9433-4dbd-a505-ea8cec1be0d4,2026-07-24T05:30:00Z,2026-07-24T07:30:00+0200,435.671666,MW,DK1,DK_1,forecast_solar_generation,Solar,2026-07-27T04:17:26Z
2026-07-27T04:13:26Z,2026-07-27T06:13:26+0200,dabcd32d-9433-4dbd-a505-ea8cec1be0d4,2026-07-24T05:45:00Z,2026-07-24T07:45:00+0200,515.16,MW,DK1,DK_1,forecast_solar_generation,Solar,2026-07-27T04:17:26Z
2026-07-27T04:13:26Z,2026-07-27T06:13:26+0200,dabcd32d-9433-4dbd-a505-ea8cec1be0d4,2026-07-24T06:00:00Z,2026-07-24T08:00:00+0200,596.761666,MW,DK1,DK_1,forecast_solar_generation,Solar,2026-07-27T04:17:26Z
2026-07-27T04:13:26Z,2026-07-27T06:13:26+0200,dabcd32d-9433-4dbd-a505-ea8cec1be0d4,2026-07-24T06:15:00Z,2026-07-24T08:15:00+0200,679.509999,MW,DK1,DK_1,forecast_solar_generation,Solar,2026-07-27T04:17:26Z
2026-07-27T04:13:26Z,2026-07-27T06:13:26+0200,dabcd32d-9433-4dbd-a505-ea8cec1be0d4,2026-07-24T06:30:00Z,2026-07-24T08:30:00+0200,762.57,MW,DK1,DK_1,forecast_solar_generation,Solar,2026-07-27T04:17:26Z
2026-07-27T04:13:26Z,2026-07-27T06:13:26+0200,dabcd32d-9433-4dbd-a505-ea8cec1be0d4,2026-07-24T06:45:00Z,2026-07-24T08:45:00+0200,845.933333,MW,DK1,DK_1,forecast_solar_generation,Solar,2026-07-27T04:17:26Z
2026-07-27T04:13:26Z,2026-07-27T06:13:26+0200,dabcd32d-9433-4dbd-a505-ea8cec1be0d4,2026-07-24T07:00:00Z,2026-07-24T09:00:00+0200,929.241666,MW,DK1,DK_1,forecast_solar_generation,Solar,2026-07-27T04:17:26Z
2026-07-27T04:13:26Z,2026-07-27T06:13:26+0200,dabcd32d-9433-4dbd-a505-ea8cec1be0d4,2026-07-24T07:15:00Z,2026-07-24T09:15:00+0200,1011.38,MW,DK1,DK_1,forecast_solar_generation,Solar,2026-07-27T04:17:26Z
2026-07-27T04:13:26Z,2026-07-27T06:13:26+0200,dabcd32d-9433-4dbd-a505-ea8cec1be0d4,2026-07-24T07:30:00Z,2026-07-24T09:30:00+0200,1091.588333,MW,DK1,DK_1,forecast_solar_generation,Solar,2026-07-27T04:17:26Z
2026-07-27T04:13:26Z,2026-07-27T06:13:26+0200,dabcd32d-9433-4dbd-a505-ea8cec1be0d4,2026-07-24T07:45:00Z,2026-07-24T09:45:00+0200,1171.451666,MW,DK1,DK_1,forecast_solar_generation,Solar,2026-07-27T04:17:26Z
2026-07-27T04:13:26Z,2026-07-27T06:13:26+0200,dabcd32d-9433-4dbd-a505-ea8cec1be0d4,2026-07-24T08:00:00Z,2026-07-24T10:00:00+0200,1250.031666,MW,DK1,DK_1,forecast_solar_generation,Solar,2026-07-27T04:17:26Z
2026-07-27T04:13:26Z,2026-07-27T06:13:26+0200,dabcd32d-9433-4dbd-a505-ea8cec1be0d4,2026-07-24T08:15:00Z,2026-07-24T10:15:00+0200,1326.328333,MW,DK1,DK_1,forecast_solar_generation,Solar,2026-07-27T04:17:26Z
2026-07-27T04:13:26Z,2026-07-27T06:13:26+0200,dabcd32d-9433-4dbd-a505-ea8cec1be0d4,2026-07-24T08:30:00Z,2026-07-24T10:30:00+0200,1404.98,MW,DK1,DK_1,forecast_solar_generation,Solar,2026-07-27T04:17:26Z
2026-07-27T04:13:26Z,2026-07-27T06:13:26+0200,dabcd32d-9433-4dbd-a505-ea8cec1be0d4,2026-07-24T08:45:00Z,2026-07-24T10:45:00+0200,1499.024999,MW,DK1,DK_1,forecast_solar_generation,Solar,2026-07-27T04:17:26Z
2026-07-27T04:13:26Z,2026-07-27T06:13:26+0200,dabcd32d-9433-4dbd-a505-ea8cec1be0d4,2026-07-24T09:00:00Z,2026-07-24T11:00:00+0200,1597.68,MW,DK1,DK_1,forecast_solar_generation,Solar,2026-07-27T04:17:26Z
2026-07-27T04:13:26Z,2026-07-27T06:13:26+0200,dabcd32d-9433-4dbd-a505-ea8cec1be0d4,2026-07-24T09:15:00Z,2026-07-24T11:15:00+0200,1680.053333,MW,DK1,DK_1,forecast_solar_generation,Solar,2026-07-27T04:17:26Z
2026-07-27T04:13:26Z,2026-07-27T06:13:26+0200,dabcd32d-9433-4dbd-a505-ea8cec1be0d4,2026-07-24T09:30:00Z,2026-07-24T11:30:00+0200,1735.233333,MW,DK1,DK_1,forecast_solar_generation,Solar,2026-07-27T04:17:26Z
2026-07-27T04:13:26Z,2026-07-27T06:13:26+0200,dabcd32d-9433-4dbd-a505-ea8cec1be0d4,2026-07-24T09:45:00Z,2026-07-24T11:45:00+0200,1783.023333,MW,DK1,DK_1,forecast_solar_generation,Solar,2026-07-27T04:17:26Z
2026-07-27T04:13:26Z,2026-07-27T06:13:26+0200,dabcd32d-9433-4dbd-a505-ea8cec1be0d4,2026-07-24T10:00:00Z,2026-07-24T12:00:00+0200,1825.963333,MW,DK1,DK_1,forecast_solar_generation,Solar,2026-07-27T04:17:26Z
2026-07-27T04:13:26Z,2026-07-27T06:13:26+0200,dabcd32d-9433-4dbd-a505-ea8cec1be0d4,2026-07-24T10:15:00Z,2026-07-24T12:15:00+0200,1857.443333,MW,DK1,DK_1,forecast_solar_generation,Solar,2026-07-27T04:17:26Z
2026-07-27T04:13:26Z,2026-07-27T06:13:26+0200,dabcd32d-9433-4dbd-a505-ea8cec1be0d4,2026-07-24T10:30:00Z,2026-07-24T12:30:00+0200,1871.418333,MW,DK1,DK_1,forecast_solar_generation,Solar,2026-07-27T04:17:26Z
2026-07-27T04:13:26Z,2026-07-27T06:13:26+0200,dabcd32d-9433-4dbd-a505-ea8cec1be0d4,2026-07-24T10:45:00Z,2026-07-24T12:45:00+0200,1870.426666,MW,DK1,DK_1,forecast_solar_generation,Solar,2026-07-27T04:17:26Z
2026-07-27T04:13:26Z,2026-07-27T06:13:26+0200,dabcd32d-9433-4dbd-a505-ea8cec1be0d4,2026-07-24T11:00:00Z,2026-07-24T13:00:00+0200,1858.909999,MW,DK1,DK_1,forecast_solar_generation,Solar,2026-07-27T04:17:26Z
2026-07-27T04:13:26Z,2026-07-27T06:13:26+0200,dabcd32d-9433-4dbd-a505-ea8cec1be0d4,2026-07-24T11:15:00Z,2026-07-24T13:15:00+0200,1843.153333,MW,DK1,DK_1,forecast_solar_generation,Solar,2026-07-27T04:17:26Z
2026-07-27T04:13:26Z,2026-07-27T06:13:26+0200,dabcd32d-9433-4dbd-a505-ea8cec1be0d4,2026-07-24T11:30:00Z,2026-07-24T13:30:00+0200,1823.796666,MW,DK1,DK_1,forecast_solar_generation,Solar,2026-07-27T04:17:26Z
2026-07-27T04:13:26Z,2026-07-27T06:13:26+0200,dabcd32d-9433-4dbd-a505-ea8cec1be0d4,2026-07-24T11:45:00Z,2026-07-24T13:45:00+0200,1788.015,MW,DK1,DK_1,forecast_solar_generation,Solar,2026-07-27T04:17:26Z
2026-07-27T04:13:26Z,2026-07-27T06:13:26+0200,dabcd32d-9433-4dbd-a505-ea8cec1be0d4,2026-07-24T12:00:00Z,2026-07-24T14:00:00+0200,1738.231666,MW,DK1,DK_1,forecast_solar_generation,Solar,2026-07-27T04:17:26Z
2026-07-27T04:13:26Z,2026-07-27T06:13:26+0200,dabcd32d-9433-4dbd-a505-ea8cec1be0d4,2026-07-24T12:15:00Z,2026-07-24T14:15:00+0200,1694.478333,MW,DK1,DK_1,forecast_solar_generation,Solar,2026-07-27T04:17:26Z
2026-07-27T04:13:26Z,2026-07-27T06:13:26+0200,dabcd32d-9433-4dbd-a505-ea8cec1be0d4,2026-07-24T12:30:00Z,2026-07-24T14:30:00+0200,1667.95,MW,DK1,DK_1,forecast_solar_generation,Solar,2026-07-27T04:17:26Z
2026-07-27T04:13:26Z,2026-07-27T06:13:26+0200,dabcd32d-9433-4dbd-a505-ea8cec1be0d4,2026-07-24T12:45:00Z,2026-07-24T14:45:00+0200,1617.518333,MW,DK1,DK_1,forecast_solar_generation,Solar,2026-07-27T04:17:26Z
2026-07-27T04:13:26Z,2026-07-27T06:13:26+0200,dabcd32d-9433-4dbd-a505-ea8cec1be0d4,2026-07-24T13:00:00Z,2026-07-24T15:00:00+0200,1501.336666,MW,DK1,DK_1,forecast_solar_generation,Solar,2026-07-27T04:17:26Z
2026-07-27T04:13:26Z,2026-07-27T06:13:26+0200,dabcd32d-9433-4dbd-a505-ea8cec1be0d4,2026-07-24T13:15:00Z,2026-07-24T15:15:00+0200,1547.771666,MW,DK1,DK_1,forecast_solar_generation,Solar,2026-07-27T04:17:26Z
2026-07-27T04:13:26Z,2026-07-27T06:13:26+0200,dabcd32d-9433-4dbd-a505-ea8cec1be0d4,2026-07-24T13:30:00Z,2026-07-24T15:30:00+0200,1509.888333,MW,DK1,DK_1,forecast_solar_generation,Solar,2026-07-27T04:17:26Z
2026-07-27T04:13:26Z,2026-07-27T06:13:26+0200,dabcd32d-9433-4dbd-a505-ea8cec1be0d4,2026-07-24T13:45:00Z,2026-07-24T15:45:00+0200,1453.428333,MW,DK1,DK_1,forecast_solar_generation,Solar,2026-07-27T04:17:26Z
2026-07-27T04:13:26Z,2026-07-27T06:13:26+0200,dabcd32d-9433-4dbd-a505-ea8cec1be0d4,2026-07-24T14:00:00Z,2026-07-24T16:00:00+0200,1385.439999,MW,DK1,DK_1,forecast_solar_generation,Solar,2026-07-27T04:17:26Z
2026-07-27T04:13:26Z,2026-07-27T06:13:26+0200,dabcd32d-9433-4dbd-a505-ea8cec1be0d4,2026-07-24T14:15:00Z,2026-07-24T16:15:00+0200,1313.558333,MW,DK1,DK_1,forecast_solar_generation,Solar,2026-07-27T04:17:26Z
2026-07-27T04:13:26Z,2026-07-27T06:13:26+0200,dabcd32d-9433-4dbd-a505-ea8cec1be0d4,2026-07-24T14:30:00Z,2026-07-24T16:30:00+0200,1239.086666,MW,DK1,DK_1,forecast_solar_generation,Solar,2026-07-27T04:17:26Z
2026-07-27T04:13:26Z,2026-07-27T06:13:26+0200,dabcd32d-9433-4dbd-a505-ea8cec1be0d4,2026-07-24T14:45:00Z,2026-07-24T16:45:00+0200,1154.273333,MW,DK1,DK_1,forecast_solar_generation,Solar,2026-07-27T04:17:26Z
2026-07-27T04:13:26Z,2026-07-27T06:13:26+0200,dabcd32d-9433-4dbd-a505-ea8cec1be0d4,2026-07-24T15:00:00Z,2026-07-24T17:00:00+0200,1071.331666,MW,DK1,DK_1,forecast_solar_generation,Solar,2026-07-27T04:17:26Z
2026-07-27T04:13:26Z,2026-07-27T06:13:26+0200,dabcd32d-9433-4dbd-a505-ea8cec1be0d4,2026-07-24T15:15:00Z,2026-07-24T17:15:00+0200,979.221666,MW,DK1,DK_1,forecast_solar_generation,Solar,2026-07-27T04:17:26Z
2026-07-27T04:13:26Z,2026-07-27T06:13:26+0200,dabcd32d-9433-4dbd-a505-ea8cec1be0d4,2026-07-24T15:30:00Z,2026-07-24T17:30:00+0200,891.07,MW,DK1,DK_1,forecast_solar_generation,Solar,2026-07-27T04:17:26Z
2026-07-27T04:13:26Z,2026-07-27T06:13:26+0200,dabcd32d-9433-4dbd-a505-ea8cec1be0d4,2026-07-24T15:45:00Z,2026-07-24T17:45:00+0200,802.57,MW,DK1,DK_1,forecast_solar_generation,Solar,2026-07-27T04:17:26Z
2026-07-27T04:13:26Z,2026-07-27T06:13:26+0200,dabcd32d-9433-4dbd-a505-ea8cec1be0d4,2026-07-24T16:00:00Z,2026-07-24T18:00:00+0200,715.739999,MW,DK1,DK_1,forecast_solar_generation,Solar,2026-07-27T04:17:26Z
2026-07-27T04:13:26Z,2026-07-27T06:13:26+0200,dabcd32d-9433-4dbd-a505-ea8cec1be0d4,2026-07-24T16:15:00Z,2026-07-24T18:15:00+0200,634.168333,MW,DK1,DK_1,forecast_solar_generation,Solar,2026-07-27T04:17:26Z
2026-07-27T04:13:26Z,2026-07-27T06:13:26+0200,dabcd32d-9433-4dbd-a505-ea8cec1be0d4,2026-07-24T16:30:00Z,2026-07-24T18:30:00+0200,558.826666,MW,DK1,DK_1,forecast_solar_generation,Solar,2026-07-27T04:17:26Z
2026-07-27T04:13:26Z,2026-07-27T06:13:26+0200,dabcd32d-9433-4dbd-a505-ea8cec1be0d4,2026-07-24T16:45:00Z,2026-07-24T18:45:00+0200,487.611666,MW,DK1,DK_1,forecast_solar_generation,Solar,2026-07-27T04:17:26Z
2026-07-27T04:13:26Z,2026-07-27T06:13:26+0200,dabcd32d-9433-4dbd-a505-ea8cec1be0d4,2026-07-24T17:00:00Z,2026-07-24T19:00:00+0200,422.255,MW,DK1,DK_1,forecast_solar_generation,Solar,2026-07-27T04:17:26Z
2026-07-27T04:13:26Z,2026-07-27T06:13:26+0200,dabcd32d-9433-4dbd-a505-ea8cec1be0d4,2026-07-24T17:15:00Z,2026-07-24T19:15:00+0200,363.731666,MW,DK1,DK_1,forecast_solar_generation,Solar,2026-07-27T04:17:26Z
2026-07-27T04:13:26Z,2026-07-27T06:13:26+0200,dabcd32d-9433-4dbd-a505-ea8cec1be0d4,2026-07-24T17:30:00Z,2026-07-24T19:30:00+0200,315.076666,MW,DK1,DK_1,forecast_solar_generation,Solar,2026-07-27T04:17:26Z
2026-07-27T04:13:26Z,2026-07-27T06:13:26+0200,dabcd32d-9433-4dbd-a505-ea8cec1be0d4,2026-07-24T17:45:00Z,2026-07-24T19:45:00+0200,278.661666,MW,DK1,DK_1,forecast_solar_generation,Solar,2026-07-27T04:17:26Z
2026-07-27T04:13:26Z,2026-07-27T06:13:26+0200,dabcd32d-9433-4dbd-a505-ea8cec1be0d4,2026-07-24T18:00:00Z,2026-07-24T20:00:00+0200,237.541666,MW,DK1,DK_1,forecast_solar_generation,Solar,2026-07-27T04:17:26Z
2026-07-27T04:13:26Z,2026-07-27T06:13:26+0200,dabcd32d-9433-4dbd-a505-ea8cec1be0d4,2026-07-24T18:15:00Z,2026-07-24T20:15:00+0200,184.21,MW,DK1,DK_1,forecast_solar_generation,Solar,2026-07-27T04:17:26Z
2026-07-27T04:13:26Z,2026-07-27T06:13:26+0200,dabcd32d-9433-4dbd-a505-ea8cec1be0d4,2026-07-24T18:30:00Z,2026-07-24T20:30:00+0200,123.844999,MW,DK1,DK_1,forecast_solar_generation,Solar,2026-07-27T04:17:26Z
2026-07-27T04:13:26Z,2026-07-27T06:13:26+0200,dabcd32d-9433-4dbd-a505-ea8cec1be0d4,2026-07-24T18:45:00Z,2026-07-24T20:45:00+0200,68.815,MW,DK1,DK_1,forecast_solar_generation,Solar,2026-07-27T04:17:26Z
2026-07-27T04:13:26Z,2026-07-27T06:13:26+0200,dabcd32d-9433-4dbd-a505-ea8cec1be0d4,2026-07-24T19:00:00Z,2026-07-24T21:00:00+0200,26.938333,MW,DK1,DK_1,forecast_solar_generation,Solar,2026-07-27T04:17:26Z
2026-07-27T04:13:26Z,2026-07-27T06:13:26+0200,dabcd32d-9433-4dbd-a505-ea8cec1be0d4,2026-07-24T19:15:00Z,2026-07-24T21:15:00+0200,5.78,MW,DK1,DK_1,forecast_solar_generation,Solar,2026-07-27T04:17:26Z
2026-07-27T04:13:26Z,2026-07-27T06:13:26+0200,dabcd32d-9433-4dbd-a505-ea8cec1be0d4,2026-07-24T19:30:00Z,2026-07-24T21:30:00+0200,0.449999,MW,DK1,DK_1,forecast_solar_generation,Solar,2026-07-27T04:17:26Z
2026-07-27T04:13:26Z,2026-07-27T06:13:26+0200,dabcd32d-9433-4dbd-a505-ea8cec1be0d4,2026-07-24T19:45:00Z,2026-07-24T21:45:00+0200,0.005,MW,DK1,DK_1,forecast_solar_generation,Solar,2026-07-27T04:17:26Z
2026-07-27T04:13:26Z,2026-07-27T06:13:26+0200,dabcd32d-9433-4dbd-a505-ea8cec1be0d4,2026-07-24T20:00:00Z,2026-07-24T22:00:00+0200,0.0,MW,DK1,DK_1,forecast_solar_generation,Solar,2026-07-27T04:17:26Z
2026-07-27T04:13:26Z,2026-07-27T06:13:26+0200,dabcd32d-9433-4dbd-a505-ea8cec1be0d4,2026-07-24T20:15:00Z,2026-07-24T22:15:00+0200,0.0,MW,DK1,DK_1,forecast_solar_generation,Solar,2026-07-27T04:17:26Z
2026-07-27T04:13:26Z,2026-07-27T06:13:26+0200,dabcd32d-9433-4dbd-a505-ea8cec1be0d4,2026-07-24T20:30:00Z,2026-07-24T22:30:00+0200,0.0,MW,DK1,DK_1,forecast_solar_generation,Solar,2026-07-27T04:17:26Z
2026-07-27T04:13:26Z,2026-07-27T06:13:26+0200,dabcd32d-9433-4dbd-a505-ea8cec1be0d4,2026-07-24T20:45:00Z,2026-07-24T22:45:00+0200,0.0,MW,DK1,DK_1,forecast_solar_generation,Solar,2026-07-27T04:17:26Z
2026-07-27T04:13:26Z,2026-07-27T06:13:26+0200,dabcd32d-9433-4dbd-a505-ea8cec1be0d4,2026-07-24T21:00:00Z,2026-07-24T23:00:00+0200,0.0,MW,DK1,DK_1,forecast_solar_generation,Solar,2026-07-27T04:17:26Z
2026-07-27T04:13:26Z,2026-07-27T06:13:26+0200,dabcd32d-9433-4dbd-a505-ea8cec1be0d4,2026-07-24T21:15:00Z,2026-07-24T23:15:00+0200,0.0,MW,DK1,DK_1,forecast_solar_generation,Solar,2026-07-27T04:17:26Z
2026-07-27T04:13:26Z,2026-07-27T06:13:26+0200,dabcd32d-9433-4dbd-a505-ea8cec1be0d4,2026-07-24T21:30:00Z,2026-07-24T23:30:00+0200,0.0,MW,DK1,DK_1,forecast_solar_generation,Solar,2026-07-27T04:17:26Z
2026-07-27T04:13:26Z,2026-07-27T06:13:26+0200,dabcd32d-9433-4dbd-a505-ea8cec1be0d4,2026-07-24T21:45:00Z,2026-07-24T23:45:00+0200,0.0,MW,DK1,DK_1,forecast_solar_generation,Solar,2026-07-27T04:17:26Z
2026-07-27T04:13:26Z,2026-07-27T06:13:26+0200,dabcd32d-9433-4dbd-a505-ea8cec1be0d4,2026-07-24T22:00:00Z,2026-07-25T00:00:00+0200,0.0,MW,DK1,DK_1,forecast_solar_generation,Solar,2026-07-27T04:17:26Z
2026-07-27T04:13:26Z,2026-07-27T06:13:26+0200,dabcd32d-9433-4dbd-a505-ea8cec1be0d4,2026-07-24T22:15:00Z,2026-07-25T00:15:00+0200,0.0,MW,DK1,DK_1,forecast_solar_generation,Solar,2026-07-27T04:17:26Z
2026-07-27T04:13:26Z,2026-07-27T06:13:26+0200,dabcd32d-9433-4dbd-a505-ea8cec1be0d4,2026-07-24T22:30:00Z,2026-07-25T00:30:00+0200,0.0,MW,DK1,DK_1,forecast_solar_generation,Solar,2026-07-27T04:17:26Z
2026-07-27T04:13:26Z,2026-07-27T06:13:26+0200,dabcd32d-9433-4dbd-a505-ea8cec1be0d4,2026-07-24T22:45:00Z,2026-07-25T00:45:00+0200,0.0,MW,DK1,DK_1,forecast_solar_generation,Solar,2026-07-27T04:17:26Z
2026-07-27T04:13:26Z,2026-07-27T06:13:26+0200,dabcd32d-9433-4dbd-a505-ea8cec1be0d4,2026-07-24T23:00:00Z,2026-07-25T01:00:00+0200,0.0,MW,DK1,DK_1,forecast_solar_generation,Solar,2026-07-27T04:17:26Z
2026-07-27T04:13:26Z,2026-07-27T06:13:26+0200,dabcd32d-9433-4dbd-a505-ea8cec1be0d4,2026-07-24T23:15:00Z,2026-07-25T01:15:00+0200,0.0,MW,DK1,DK_1,forecast_solar_generation,Solar,2026-07-27T04:17:26Z
2026-07-27T04:13:26Z,2026-07-27T06:13:26+0200,dabcd32d-9433-4dbd-a505-ea8cec1be0d4,2026-07-24T23:30:00Z,2026-07-25T01:30:00+0200,0.0,MW,DK1,DK_1,forecast_solar_generation,Solar,2026-07-27T04:17:26Z
2026-07-27T04:13:26Z,2026-07-27T06:13:26+0200,dabcd32d-9433-4dbd-a505-ea8cec1be0d4,2026-07-24T23:45:00Z,2026-07-25T01:45:00+0200,0.0,MW,DK1,DK_1,forecast_solar_generation,Solar,2026-07-27T04:17:26Z
2026-07-27T04:13:26Z,2026-07-27T06:13:26+0200,dabcd32d-9433-4dbd-a505-ea8cec1be0d4,2026-07-25T00:00:00Z,2026-07-25T02:00:00+0200,0.0,MW,DK1,DK_1,forecast_solar_generation,Solar,2026-07-27T04:17:26Z
2026-07-27T04:13:26Z,2026-07-27T06:13:26+0200,dabcd32d-9433-4dbd-a505-ea8cec1be0d4,2026-07-25T00:15:00Z,2026-07-25T02:15:00+0200,0.0,MW,DK1,DK_1,forecast_solar_generation,Solar,2026-07-27T04:17:26Z
2026-07-27T04:13:26Z,2026-07-27T06:13:26+0200,dabcd32d-9433-4dbd-a505-ea8cec1be0d4,2026-07-25T00:30:00Z,2026-07-25T02:30:00+0200,0.0,MW,DK1,DK_1,forecast_solar_generation,Solar,2026-07-27T04:17:26Z
2026-07-27T04:13:26Z,2026-07-27T06:13:26+0200,dabcd32d-9433-4dbd-a505-ea8cec1be0d4,2026-07-25T00:45:00Z,2026-07-25T02:45:00+0200,0.0,MW,DK1,DK_1,forecast_solar_generation,Solar,2026-07-27T04:17:26Z
2026-07-27T04:13:26Z,2026-07-27T06:13:26+0200,dabcd32d-9433-4dbd-a505-ea8cec1be0d4,2026-07-25T01:00:00Z,2026-07-25T03:00:00+0200,0.0,MW,DK1,DK_1,forecast_solar_generation,Solar,2026-07-27T04:17:26Z
2026-07-27T04:13:26Z,2026-07-27T06:13:26+0200,dabcd32d-9433-4dbd-a505-ea8cec1be0d4,2026-07-25T01:15:00Z,2026-07-25T03:15:00+0200,0.0,MW,DK1,DK_1,forecast_solar_generation,Solar,2026-07-27T04:17:26Z
2026-07-27T04:13:26Z,2026-07-27T06:13:26+0200,dabcd32d-9433-4dbd-a505-ea8cec1be0d4,2026-07-25T01:30:00Z,2026-07-25T03:30:00+0200,0.0,MW,DK1,DK_1,forecast_solar_generation,Solar,2026-07-27T04:17:26Z
2026-07-27T04:13:26Z,2026-07-27T06:13:26+0200,dabcd32d-9433-4dbd-a505-ea8cec1be0d4,2026-07-25T01:45:00Z,2026-07-25T03:45:00+0200,0.0,MW,DK1,DK_1,forecast_solar_generation,Solar,2026-07-27T04:17:26Z
2026-07-27T04:13:26Z,2026-07-27T06:13:26+0200,dabcd32d-9433-4dbd-a505-ea8cec1be0d4,2026-07-25T02:00:00Z,2026-07-25T04:00:00+0200,0.0,MW,DK1,DK_1,forecast_solar_generation,Solar,2026-07-27T04:17:26Z
2026-07-27T04:13:26Z,2026-07-27T06:13:26+0200,dabcd32d-9433-4dbd-a505-ea8cec1be0d4,2026-07-25T02:15:00Z,2026-07-25T04:15:00+0200,0.0,MW,DK1,DK_1,forecast_solar_generation,Solar,2026-07-27T04:17:26Z
2026-07-27T04:13:26Z,2026-07-27T06:13:26+0200,dabcd32d-9433-4dbd-a505-ea8cec1be0d4,2026-07-25T02:30:00Z,2026-07-25T04:30:00+0200,0.0,MW,DK1,DK_1,forecast_solar_generation,Solar,2026-07-27T04:17:26Z
2026-07-27T04:13:26Z,2026-07-27T06:13:26+0200,dabcd32d-9433-4dbd-a505-ea8cec1be0d4,2026-07-25T02:45:00Z,2026-07-25T04:45:00+0200,0.0,MW,DK1,DK_1,forecast_solar_generation,Solar,2026-07-27T04:17:26Z
2026-07-27T04:13:26Z,2026-07-27T06:13:26+0200,dabcd32d-9433-4dbd-a505-ea8cec1be0d4,2026-07-25T03:00:00Z,2026-07-25T05:00:00+0200,0.013333,MW,DK1,DK_1,forecast_solar_generation,Solar,2026-07-27T04:17:26Z
2026-07-27T04:13:26Z,2026-07-27T06:13:26+0200,dabcd32d-9433-4dbd-a505-ea8cec1be0d4,2026-07-25T03:15:00Z,2026-07-25T05:15:00+0200,0.606666,MW,DK1,DK_1,forecast_solar_generation,Solar,2026-07-27T04:17:26Z
2026-07-27T04:13:26Z,2026-07-27T06:13:26+0200,dabcd32d-9433-4dbd-a505-ea8cec1be0d4,2026-07-25T03:30:00Z,2026-07-25T05:30:00+0200,6.188333,MW,DK1,DK_1,forecast_solar_generation,Solar,2026-07-27T04:17:26Z
2026-07-27T04:13:26Z,2026-07-27T06:13:26+0200,dabcd32d-9433-4dbd-a505-ea8cec1be0d4,2026-07-25T03:45:00Z,2026-07-25T05:45:00+0200,25.11,MW,DK1,DK_1,forecast_solar_generation,Solar,2026-07-27T04:17:26Z
2026-07-27T04:13:26Z,2026-07-27T06:13:26+0200,dabcd32d-9433-4dbd-a505-ea8cec1be0d4,2026-07-25T04:00:00Z,2026-07-25T06:00:00+0200,57.026666,MW,DK1,DK_1,forecast_solar_generation,Solar,2026-07-27T04:17:26Z
2026-07-27T04:13:26Z,2026-07-27T06:13:26+0200,dabcd32d-9433-4dbd-a505-ea8cec1be0d4,2026-07-25T04:15:00Z,2026-07-25T06:15:00+0200,97.656666,MW,DK1,DK_1,forecast_solar_generation,Solar,2026-07-27T04:17:26Z
2026-07-27T04:13:26Z,2026-07-27T06:13:26+0200,dabcd32d-9433-4dbd-a505-ea8cec1be0d4,2026-07-25T04:30:00Z,2026-07-25T06:30:00+0200,148.813333,MW,DK1,DK_1,forecast_solar_generation,Solar,2026-07-27T04:17:26Z
2026-07-27T04:13:26Z,2026-07-27T06:13:26+0200,dabcd32d-9433-4dbd-a505-ea8cec1be0d4,2026-07-25T04:45:00Z,2026-07-25T06:45:00+0200,209.908333,MW,DK1,DK_1,forecast_solar_generation,Solar,2026-07-27T04:17:26Z
2026-07-27T04:13:26Z,2026-07-27T06:13:26+0200,dabcd32d-9433-4dbd-a505-ea8cec1be0d4,2026-07-25T05:00:00Z,2026-07-25T07:00:00+0200,280.273333,MW,DK1,DK_1,forecast_solar_generation,Solar,2026-07-27T04:17:26Z
2026-07-27T04:13:26Z,2026-07-27T06:13:26+0200,dabcd32d-9433-4dbd-a505-ea8cec1be0d4,2026-07-25T05:15:00Z,2026-07-25T07:15:00+0200,357.085,MW,DK1,DK_1,forecast_solar_generation,Solar,2026-07-27T04:17:26Z
2026-07-27T04:13:26Z,2026-07-27T06:13:26+0200,dabcd32d-9433-4dbd-a505-ea8cec1be0d4,2026-07-25T05:30:00Z,2026-07-25T07:30:00+0200,439.305,MW,DK1,DK_1,forecast_solar_generation,Solar,2026-07-27T04:17:26Z
2026-07-27T04:13:26Z,2026-07-27T06:13:26+0200,dabcd32d-9433-4dbd-a505-ea8cec1be0d4,2026-07-25T05:45:00Z,2026-07-25T07:45:00+0200,528.913333,MW,DK1,DK_1,forecast_solar_generation,Solar,2026-07-27T04:17:26Z
2026-07-27T04:13:26Z,2026-07-27T06:13:26+0200,dabcd32d-9433-4dbd-a505-ea8cec1be0d4,2026-07-25T06:00:00Z,2026-07-25T08:00:00+0200,625.061666,MW,DK1,DK_1,forecast_solar_generation,Solar,2026-07-27T04:17:26Z
2026-07-27T04:13:26Z,2026-07-27T06:13:26+0200,dabcd32d-9433-4dbd-a505-ea8cec1be0d4,2026-07-25T06:15:00Z,2026-07-25T08:15:00+0200,724.64,MW,DK1,DK_1,forecast_solar_generation,Solar,2026-07-27T04:17:26Z
2026-07-27T04:13:26Z,2026-07-27T06:13:26+0200,dabcd32d-9433-4dbd-a505-ea8cec1be0d4,2026-07-25T06:30:00Z,2026-07-25T08:30:00+0200,825.975,MW,DK1,DK_1,forecast_solar_generation,Solar,2026-07-27T04:17:26Z
2026-07-27T04:13:26Z,2026-07-27T06:13:26+0200,dabcd32d-9433-4dbd-a505-ea8cec1be0d4,2026-07-25T06:45:00Z,2026-07-25T08:45:00+0200,934.823333,MW,DK1,DK_1,forecast_solar_generation,Solar,2026-07-27T04:17:26Z
2026-07-27T04:13:26Z,2026-07-27T06:13:26+0200,dabcd32d-9433-4dbd-a505-ea8cec1be0d4,2026-07-25T07:00:00Z,2026-07-25T09:00:00+0200,1035.95,MW,DK1,DK_1,forecast_solar_generation,Solar,2026-07-27T04:17:26Z
2026-07-27T04:13:26Z,2026-07-27T06:13:26+0200,dabcd32d-9433-4dbd-a505-ea8cec1be0d4,2026-07-25T07:15:00Z,2026-07-25T09:15:00+0200,1053.865,MW,DK1,DK_1,forecast_solar_generation,Solar,2026-07-27T04:17:26Z
2026-07-27T04:13:26Z,2026-07-27T06:13:26+0200,dabcd32d-9433-4dbd-a505-ea8cec1be0d4,2026-07-25T07:30:00Z,2026-07-25T09:30:00+0200,974.731666,MW,DK1,DK_1,forecast_solar_generation,Solar,2026-07-27T04:17:26Z
2026-07-27T04:13:26Z,2026-07-27T06:13:26+0200,dabcd32d-9433-4dbd-a505-ea8cec1be0d4,2026-07-25T07:45:00Z,2026-07-25T09:45:00+0200,972.313333,MW,DK1,DK_1,forecast_solar_generation,Solar,2026-07-27T04:17:26Z
2026-07-27T04:13:26Z,2026-07-27T06:13:26+0200,dabcd32d-9433-4dbd-a505-ea8cec1be0d4,2026-07-25T08:00:00Z,2026-07-25T10:00:00+0200,952.166666,MW,DK1,DK_1,forecast_solar_generation,Solar,2026-07-27T04:17:26Z
2026-07-27T04:13:26Z,2026-07-27T06:13:26+0200,dabcd32d-9433-4dbd-a505-ea8cec1be0d4,2026-07-25T08:15:00Z,2026-07-25T10:15:00+0200,753.391666,MW,DK1,DK_1,forecast_solar_generation,Solar,2026-07-27T04:17:26Z
2026-07-27T04:13:26Z,2026-07-27T06:13:26+0200,dabcd32d-9433-4dbd-a505-ea8cec1be0d4,2026-07-25T08:30:00Z,2026-07-25T10:30:00+0200,755.135,MW,DK1,DK_1,forecast_solar_generation,Solar,2026-07-27T04:17:26Z
2026-07-27T04:13:26Z,2026-07-27T06:13:26+0200,dabcd32d-9433-4dbd-a505-ea8cec1be0d4,2026-07-25T08:45:00Z,2026-07-25T10:45:00+0200,707.126666,MW,DK1,DK_1,forecast_solar_generation,Solar,2026-07-27T04:17:26Z
2026-07-27T04:13:26Z,2026-07-27T06:13:26+0200,dabcd32d-9433-4dbd-a505-ea8cec1be0d4,2026-07-25T09:00:00Z,2026-07-25T11:00:00+0200,691.478333,MW,DK1,DK_1,forecast_solar_generation,Solar,2026-07-27T04:17:26Z
2026-07-27T04:13:26Z,2026-07-27T06:13:26+0200,dabcd32d-9433-4dbd-a505-ea8cec1be0d4,2026-07-25T09:15:00Z,2026-07-25T11:15:00+0200,676.415,MW,DK1,DK_1,forecast_solar_generation,Solar,2026-07-27T04:17:26Z
2026-07-27T04:13:26Z,2026-07-27T06:13:26+0200,dabcd32d-9433-4dbd-a505-ea8cec1be0d4,2026-07-25T09:30:00Z,2026-07-25T11:30:00+0200,663.325,MW,DK1,DK_1,forecast_solar_generation,Solar,2026-07-27T04:17:26Z
2026-07-27T04:13:26Z,2026-07-27T06:13:26+0200,dabcd32d-9433-4dbd-a505-ea8cec1be0d4,2026-07-25T09:45:00Z,2026-07-25T11:45:00+0200,627.16,MW,DK1,DK_1,forecast_solar_generation,Solar,2026-07-27T04:17:26Z
2026-07-27T04:13:26Z,2026-07-27T06:13:26+0200,dabcd32d-9433-4dbd-a505-ea8cec1be0d4,2026-07-25T10:00:00Z,2026-07-25T12:00:00+0200,624.673333,MW,DK1,DK_1,forecast_solar_generation,Solar,2026-07-27T04:17:26Z
2026-07-27T04:13:26Z,2026-07-27T06:13:26+0200,dabcd32d-9433-4dbd-a505-ea8cec1be0d4,2026-07-25T10:15:00Z,2026-07-25T12:15:00+0200,625.29,MW,DK1,DK_1,forecast_solar_generation,Solar,2026-07-27T04:17:26Z
2026-07-27T04:13:26Z,2026-07-27T06:13:26+0200,dabcd32d-9433-4dbd-a505-ea8cec1be0d4,2026-07-25T10:30:00Z,2026-07-25T12:30:00+0200,627.338333,MW,DK1,DK_1,forecast_solar_generation,Solar,2026-07-27T04:17:26Z
2026-07-27T04:13:26Z,2026-07-27T06:13:26+0200,dabcd32d-9433-4dbd-a505-ea8cec1be0d4,2026-07-25T10:45:00Z,2026-07-25T12:45:00+0200,629.813333,MW,DK1,DK_1,forecast_solar_generation,Solar,2026-07-27T04:17:26Z
2026-07-27T04:13:26Z,2026-07-27T06:13:26+0200,dabcd32d-9433-4dbd-a505-ea8cec1be0d4,2026-07-25T11:00:00Z,2026-07-25T13:00:00+0200,631.57,MW,DK1,DK_1,forecast_solar_generation,Solar,2026-07-27T04:17:26Z
2026-07-27T04:13:26Z,2026-07-27T06:13:26+0200,dabcd32d-9433-4dbd-a505-ea8cec1be0d4,2026-07-25T11:15:00Z,2026-07-25T13:15:00+0200,631.375,MW,DK1,DK_1,forecast_solar_generation,Solar,2026-07-27T04:17:26Z
2026-07-27T04:13:26Z,2026-07-27T06:13:26+0200,dabcd32d-9433-4dbd-a505-ea8cec1be0d4,2026-07-25T11:30:00Z,2026-07-25T13:30:00+0200,628.436666,MW,DK1,DK_1,forecast_solar_generation,Solar,2026-07-27T04:17:26Z
2026-07-27T04:13:26Z,2026-07-27T06:13:26+0200,dabcd32d-9433-4dbd-a505-ea8cec1be0d4,2026-07-25T11:45:00Z,2026-07-25T13:45:00+0200,621.395,MW,DK1,DK_1,forecast_solar_generation,Solar,2026-07-27T04:17:26Z
2026-07-27T04:13:26Z,2026-07-27T06:13:26+0200,dabcd32d-9433-4dbd-a505-ea8cec1be0d4,2026-07-25T12:00:00Z,2026-07-25T14:00:00+0200,604.928333,MW,DK1,DK_1,forecast_solar_generation,Solar,2026-07-27T04:17:26Z
2026-07-27T04:13:26Z,2026-07-27T06:13:26+0200,dabcd32d-9433-4dbd-a505-ea8cec1be0d4,2026-07-25T12:15:00Z,2026-07-25T14:15:00+0200,598.918333,MW,DK1,DK_1,forecast_solar_generation,Solar,2026-07-27T04:17:26Z
2026-07-27T04:13:26Z,2026-07-27T06:13:26+0200,dabcd32d-9433-4dbd-a505-ea8cec1be0d4,2026-07-25T12:30:00Z,2026-07-25T14:30:00+0200,599.594999,MW,DK1,DK_1,forecast_solar_generation,Solar,2026-07-27T04:17:26Z
2026-07-27T04:13:26Z,2026-07-27T06:13:26+0200,dabcd32d-9433-4dbd-a505-ea8cec1be0d4,2026-07-25T12:45:00Z,2026-07-25T14:45:00+0200,589.42,MW,DK1,DK_1,forecast_solar_generation,Solar,2026-07-27T04:17:26Z
2026-07-27T04:13:26Z,2026-07-27T06:13:26+0200,dabcd32d-9433-4dbd-a505-ea8cec1be0d4,2026-07-25T13:00:00Z,2026-07-25T15:00:00+0200,584.016666,MW,DK1,DK_1,forecast_solar_generation,Solar,2026-07-27T04:17:26Z
2026-07-27T04:13:26Z,2026-07-27T06:13:26+0200,dabcd32d-9433-4dbd-a505-ea8cec1be0d4,2026-07-25T13:15:00Z,2026-07-25T15:15:00+0200,598.183333,MW,DK1,DK_1,forecast_solar_generation,Solar,2026-07-27T04:17:26Z
2026-07-27T04:13:26Z,2026-07-27T06:13:26+0200,dabcd32d-9433-4dbd-a505-ea8cec1be0d4,2026-07-25T13:30:00Z,2026-07-25T15:30:00+0200,581.123333,MW,DK1,DK_1,forecast_solar_generation,Solar,2026-07-27T04:17:26Z
2026-07-27T04:13:26Z,2026-07-27T06:13:26+0200,dabcd32d-9433-4dbd-a505-ea8cec1be0d4,2026-07-25T13:45:00Z,2026-07-25T15:45:00+0200,559.665,MW,DK1,DK_1,forecast_solar_generation,Solar,2026-07-27T04:17:26Z
2026-07-27T04:13:26Z,2026-07-27T06:13:26+0200,dabcd32d-9433-4dbd-a505-ea8cec1be0d4,2026-07-25T14:00:00Z,2026-07-25T16:00:00+0200,543.89,MW,DK1,DK_1,forecast_solar_generation,Solar,2026-07-27T04:17:26Z
2026-07-27T04:13:26Z,2026-07-27T06:13:26+0200,dabcd32d-9433-4dbd-a505-ea8cec1be0d4,2026-07-25T14:15:00Z,2026-07-25T16:15:00+0200,560.13,MW,DK1,DK_1,forecast_solar_generation,Solar,2026-07-27T04:17:26Z
2026-07-27T04:13:26Z,2026-07-27T06:13:26+0200,dabcd32d-9433-4dbd-a505-ea8cec1be0d4,2026-07-25T14:30:00Z,2026-07-25T16:30:00+0200,543.77,MW,DK1,DK_1,forecast_solar_generation,Solar,2026-07-27T04:17:26Z
2026-07-27T04:13:26Z,2026-07-27T06:13:26+0200,dabcd32d-9433-4dbd-a505-ea8cec1be0d4,2026-07-25T14:45:00Z,2026-07-25T16:45:00+0200,532.526666,MW,DK1,DK_1,forecast_solar_generation,Solar,2026-07-27T04:17:26Z
2026-07-27T04:13:26Z,2026-07-27T06:13:26+0200,dabcd32d-9433-4dbd-a505-ea8cec1be0d4,2026-07-25T15:00:00Z,2026-07-25T17:00:00+0200,560.193333,MW,DK1,DK_1,forecast_solar_generation,Solar,2026-07-27T04:17:26Z
2026-07-27T04:13:26Z,2026-07-27T06:13:26+0200,dabcd32d-9433-4dbd-a505-ea8cec1be0d4,2026-07-25T15:15:00Z,2026-07-25T17:15:00+0200,730.551666,MW,DK1,DK_1,forecast_solar_generation,Solar,2026-07-27T04:17:26Z
2026-07-27T04:13:26Z,2026-07-27T06:13:26+0200,dabcd32d-9433-4dbd-a505-ea8cec1be0d4,2026-07-25T15:30:00Z,2026-07-25T17:30:00+0200,798.766666,MW,DK1,DK_1,forecast_solar_generation,Solar,2026-07-27T04:17:26Z
2026-07-27T04:13:26Z,2026-07-27T06:13:26+0200,dabcd32d-9433-4dbd-a505-ea8cec1be0d4,2026-07-25T15:45:00Z,2026-07-25T17:45:00+0200,833.953333,MW,DK1,DK_1,forecast_solar_generation,Solar,2026-07-27T04:17:26Z
2026-07-27T04:13:26Z,2026-07-27T06:13:26+0200,dabcd32d-9433-4dbd-a505-ea8cec1be0d4,2026-07-25T16:00:00Z,2026-07-25T18:00:00+0200,794.341666,MW,DK1,DK_1,forecast_solar_generation,Solar,2026-07-27T04:17:26Z
2026-07-27T04:13:26Z,2026-07-27T06:13:26+0200,dabcd32d-9433-4dbd-a505-ea8cec1be0d4,2026-07-25T16:15:00Z,2026-07-25T18:15:00+0200,730.315,MW,DK1,DK_1,forecast_solar_generation,Solar,2026-07-27T04:17:26Z
2026-07-27T04:13:26Z,2026-07-27T06:13:26+0200,dabcd32d-9433-4dbd-a505-ea8cec1be0d4,2026-07-25T16:30:00Z,2026-07-25T18:30:00+0200,645.813333,MW,DK1,DK_1,forecast_solar_generation,Solar,2026-07-27T04:17:26Z
2026-07-27T04:13:26Z,2026-07-27T06:13:26+0200,dabcd32d-9433-4dbd-a505-ea8cec1be0d4,2026-07-25T16:45:00Z,2026-07-25T18:45:00+0200,549.071666,MW,DK1,DK_1,forecast_solar_generation,Solar,2026-07-27T04:17:26Z
2026-07-27T04:13:26Z,2026-07-27T06:13:26+0200,dabcd32d-9433-4dbd-a505-ea8cec1be0d4,2026-07-25T17:00:00Z,2026-07-25T19:00:00+0200,451.961666,MW,DK1,DK_1,forecast_solar_generation,Solar,2026-07-27T04:17:26Z
2026-07-27T04:13:26Z,2026-07-27T06:13:26+0200,dabcd32d-9433-4dbd-a505-ea8cec1be0d4,2026-07-25T17:15:00Z,2026-07-25T19:15:00+0200,362.896666,MW,DK1,DK_1,forecast_solar_generation,Solar,2026-07-27T04:17:26Z
2026-07-27T04:13:26Z,2026-07-27T06:13:26+0200,dabcd32d-9433-4dbd-a505-ea8cec1be0d4,2026-07-25T17:30:00Z,2026-07-25T19:30:00+0200,284.87,MW,DK1,DK_1,forecast_solar_generation,Solar,2026-07-27T04:17:26Z
2026-07-27T04:13:26Z,2026-07-27T06:13:26+0200,dabcd32d-9433-4dbd-a505-ea8cec1be0d4,2026-07-25T17:45:00Z,2026-07-25T19:45:00+0200,214.195,MW,DK1,DK_1,forecast_solar_generation,Solar,2026-07-27T04:17:26Z
2026-07-27T04:13:26Z,2026-07-27T06:13:26+0200,dabcd32d-9433-4dbd-a505-ea8cec1be0d4,2026-07-25T18:00:00Z,2026-07-25T20:00:00+0200,152.086666,MW,DK1,DK_1,forecast_solar_generation,Solar,2026-07-27T04:17:26Z
2026-07-27T04:13:26Z,2026-07-27T06:13:26+0200,dabcd32d-9433-4dbd-a505-ea8cec1be0d4,2026-07-25T18:15:00Z,2026-07-25T20:15:00+0200,101.273333,MW,DK1,DK_1,forecast_solar_generation,Solar,2026-07-27T04:17:26Z
2026-07-27T04:13:26Z,2026-07-27T06:13:26+0200,dabcd32d-9433-4dbd-a505-ea8cec1be0d4,2026-07-25T18:30:00Z,2026-07-25T20:30:00+0200,61.296666,MW,DK1,DK_1,forecast_solar_generation,Solar,2026-07-27T04:17:26Z
2026-07-27T04:13:26Z,2026-07-27T06:13:26+0200,dabcd32d-9433-4dbd-a505-ea8cec1be0d4,2026-07-25T18:45:00Z,2026-07-25T20:45:00+0200,31.23,MW,DK1,DK_1,forecast_solar_generation,Solar,2026-07-27T04:17:26Z
2026-07-27T04:13:26Z,2026-07-27T06:13:26+0200,dabcd32d-9433-4dbd-a505-ea8cec1be0d4,2026-07-25T19:00:00Z,2026-07-25T21:00:00+0200,11.07,MW,DK1,DK_1,forecast_solar_generation,Solar,2026-07-27T04:17:26Z
2026-07-27T04:13:26Z,2026-07-27T06:13:26+0200,dabcd32d-9433-4dbd-a505-ea8cec1be0d4,2026-07-25T19:15:00Z,2026-07-25T21:15:00+0200,2.198333,MW,DK1,DK_1,forecast_solar_generation,Solar,2026-07-27T04:17:26Z
2026-07-27T04:13:26Z,2026-07-27T06:13:26+0200,dabcd32d-9433-4dbd-a505-ea8cec1be0d4,2026-07-25T19:30:00Z,2026-07-25T21:30:00+0200,0.166666,MW,DK1,DK_1,forecast_solar_generation,Solar,2026-07-27T04:17:26Z
2026-07-27T04:13:26Z,2026-07-27T06:13:26+0200,dabcd32d-9433-4dbd-a505-ea8cec1be0d4,2026-07-25T19:45:00Z,2026-07-25T21:45:00+0200,0.001666,MW,DK1,DK_1,forecast_solar_generation,Solar,2026-07-27T04:17:26Z
2026-07-27T04:13:26Z,2026-07-27T06:13:26+0200,dabcd32d-9433-4dbd-a505-ea8cec1be0d4,2026-07-25T20:00:00Z,2026-07-25T22:00:00+0200,0.0,MW,DK1,DK_1,forecast_solar_generation,Solar,2026-07-27T04:17:26Z
2026-07-27T04:13:26Z,2026-07-27T06:13:26+0200,dabcd32d-9433-4dbd-a505-ea8cec1be0d4,2026-07-25T20:15:00Z,2026-07-25T22:15:00+0200,0.0,MW,DK1,DK_1,forecast_solar_generation,Solar,2026-07-27T04:17:26Z
2026-07-27T04:13:26Z,2026-07-27T06:13:26+0200,dabcd32d-9433-4dbd-a505-ea8cec1be0d4,2026-07-25T20:30:00Z,2026-07-25T22:30:00+0200,0.0,MW,DK1,DK_1,forecast_solar_generation,Solar,2026-07-27T04:17:26Z
2026-07-27T04:13:26Z,2026-07-27T06:13:26+0200,dabcd32d-9433-4dbd-a505-ea8cec1be0d4,2026-07-25T20:45:00Z,2026-07-25T22:45:00+0200,0.0,MW,DK1,DK_1,forecast_solar_generation,Solar,2026-07-27T04:17:26Z
2026-07-27T04:13:26Z,2026-07-27T06:13:26+0200,dabcd32d-9433-4dbd-a505-ea8cec1be0d4,2026-07-25T21:00:00Z,2026-07-25T23:00:00+0200,0.0,MW,DK1,DK_1,forecast_solar_generation,Solar,2026-07-27T04:17:26Z
2026-07-27T04:13:26Z,2026-07-27T06:13:26+0200,dabcd32d-9433-4dbd-a505-ea8cec1be0d4,2026-07-25T21:15:00Z,2026-07-25T23:15:00+0200,0.0,MW,DK1,DK_1,forecast_solar_generation,Solar,2026-07-27T04:17:26Z
2026-07-27T04:13:26Z,2026-07-27T06:13:26+0200,dabcd32d-9433-4dbd-a505-ea8cec1be0d4,2026-07-25T21:30:00Z,2026-07-25T23:30:00+0200,0.0,MW,DK1,DK_1,forecast_solar_generation,Solar,2026-07-27T04:17:26Z
2026-07-27T04:13:26Z,2026-07-27T06:13:26+0200,dabcd32d-9433-4dbd-a505-ea8cec1be0d4,2026-07-25T21:45:00Z,2026-07-25T23:45:00+0200,0.0,MW,DK1,DK_1,forecast_solar_generation,Solar,2026-07-27T04:17:26Z
2026-07-27T04:13:26Z,2026-07-27T06:13:26+0200,dabcd32d-9433-4dbd-a505-ea8cec1be0d4,2026-07-25T22:00:00Z,2026-07-26T00:00:00+0200,0.0,MW,DK1,DK_1,forecast_solar_generation,Solar,2026-07-27T04:17:26Z
2026-07-27T04:13:26Z,2026-07-27T06:13:26+0200,dabcd32d-9433-4dbd-a505-ea8cec1be0d4,2026-07-25T22:15:00Z,2026-07-26T00:15:00+0200,0.0,MW,DK1,DK_1,forecast_solar_generation,Solar,2026-07-27T04:17:26Z
2026-07-27T04:13:26Z,2026-07-27T06:13:26+0200,dabcd32d-9433-4dbd-a505-ea8cec1be0d4,2026-07-25T22:30:00Z,2026-07-26T00:30:00+0200,0.0,MW,DK1,DK_1,forecast_solar_generation,Solar,2026-07-27T04:17:26Z
2026-07-27T04:13:26Z,2026-07-27T06:13:26+0200,dabcd32d-9433-4dbd-a505-ea8cec1be0d4,2026-07-25T22:45:00Z,2026-07-26T00:45:00+0200,0.0,MW,DK1,DK_1,forecast_solar_generation,Solar,2026-07-27T04:17:26Z
2026-07-27T04:13:26Z,2026-07-27T06:13:26+0200,dabcd32d-9433-4dbd-a505-ea8cec1be0d4,2026-07-25T23:00:00Z,2026-07-26T01:00:00+0200,0.0,MW,DK1,DK_1,forecast_solar_generation,Solar,2026-07-27T04:17:26Z
2026-07-27T04:13:26Z,2026-07-27T06:13:26+0200,dabcd32d-9433-4dbd-a505-ea8cec1be0d4,2026-07-25T23:15:00Z,2026-07-26T01:15:00+0200,0.0,MW,DK1,DK_1,forecast_solar_generation,Solar,2026-07-27T04:17:26Z
2026-07-27T04:13:26Z,2026-07-27T06:13:26+0200,dabcd32d-9433-4dbd-a505-ea8cec1be0d4,2026-07-25T23:30:00Z,2026-07-26T01:30:00+0200,0.0,MW,DK1,DK_1,forecast_solar_generation,Solar,2026-07-27T04:17:26Z
2026-07-27T04:13:26Z,2026-07-27T06:13:26+0200,dabcd32d-9433-4dbd-a505-ea8cec1be0d4,2026-07-25T23:45:00Z,2026-07-26T01:45:00+0200,0.0,MW,DK1,DK_1,forecast_solar_generation,Solar,2026-07-27T04:17:26Z
2026-07-27T04:13:26Z,2026-07-27T06:13:26+0200,dabcd32d-9433-4dbd-a505-ea8cec1be0d4,2026-07-26T00:00:00Z,2026-07-26T02:00:00+0200,0.0,MW,DK1,DK_1,forecast_solar_generation,Solar,2026-07-27T04:17:26Z
2026-07-27T04:13:26Z,2026-07-27T06:13:26+0200,dabcd32d-9433-4dbd-a505-ea8cec1be0d4,2026-07-26T00:15:00Z,2026-07-26T02:15:00+0200,0.0,MW,DK1,DK_1,forecast_solar_generation,Solar,2026-07-27T04:17:26Z
2026-07-27T04:13:26Z,2026-07-27T06:13:26+0200,dabcd32d-9433-4dbd-a505-ea8cec1be0d4,2026-07-26T00:30:00Z,2026-07-26T02:30:00+0200,0.0,MW,DK1,DK_1,forecast_solar_generation,Solar,2026-07-27T04:17:26Z
2026-07-27T04:13:26Z,2026-07-27T06:13:26+0200,dabcd32d-9433-4dbd-a505-ea8cec1be0d4,2026-07-26T00:45:00Z,2026-07-26T02:45:00+0200,0.0,MW,DK1,DK_1,forecast_solar_generation,Solar,2026-07-27T04:17:26Z
2026-07-27T04:13:26Z,2026-07-27T06:13:26+0200,dabcd32d-9433-4dbd-a505-ea8cec1be0d4,2026-07-26T01:00:00Z,2026-07-26T03:00:00+0200,0.0,MW,DK1,DK_1,forecast_solar_generation,Solar,2026-07-27T04:17:26Z
2026-07-27T04:13:26Z,2026-07-27T06:13:26+0200,dabcd32d-9433-4dbd-a505-ea8cec1be0d4,2026-07-26T01:15:00Z,2026-07-26T03:15:00+0200,0.0,MW,DK1,DK_1,forecast_solar_generation,Solar,2026-07-27T04:17:26Z
2026-07-27T04:13:26Z,2026-07-27T06:13:26+0200,dabcd32d-9433-4dbd-a505-ea8cec1be0d4,2026-07-26T01:30:00Z,2026-07-26T03:30:00+0200,0.0,MW,DK1,DK_1,forecast_solar_generation,Solar,2026-07-27T04:17:26Z
2026-07-27T04:13:26Z,2026-07-27T06:13:26+0200,dabcd32d-9433-4dbd-a505-ea8cec1be0d4,2026-07-26T01:45:00Z,2026-07-26T03:45:00+0200,0.0,MW,DK1,DK_1,forecast_solar_generation,Solar,2026-07-27T04:17:26Z
2026-07-27T04:13:26Z,2026-07-27T06:13:26+0200,dabcd32d-9433-4dbd-a505-ea8cec1be0d4,2026-07-26T02:00:00Z,2026-07-26T04:00:00+0200,0.0,MW,DK1,DK_1,forecast_solar_generation,Solar,2026-07-27T04:17:26Z
2026-07-27T04:13:26Z,2026-07-27T06:13:26+0200,dabcd32d-9433-4dbd-a505-ea8cec1be0d4,2026-07-26T02:15:00Z,2026-07-26T04:15:00+0200,0.0,MW,DK1,DK_1,forecast_solar_generation,Solar,2026-07-27T04:17:26Z
2026-07-27T04:13:26Z,2026-07-27T06:13:26+0200,dabcd32d-9433-4dbd-a505-ea8cec1be0d4,2026-07-26T02:30:00Z,2026-07-26T04:30:00+0200,0.0,MW,DK1,DK_1,forecast_solar_generation,Solar,2026-07-27T04:17:26Z
2026-07-27T04:13:26Z,2026-07-27T06:13:26+0200,dabcd32d-9433-4dbd-a505-ea8cec1be0d4,2026-07-26T02:45:00Z,2026-07-26T04:45:00+0200,0.0,MW,DK1,DK_1,forecast_solar_generation,Solar,2026-07-27T04:17:26Z
2026-07-27T04:13:26Z,2026-07-27T06:13:26+0200,dabcd32d-9433-4dbd-a505-ea8cec1be0d4,2026-07-26T03:00:00Z,2026-07-26T05:00:00+0200,0.011666,MW,DK1,DK_1,forecast_solar_generation,Solar,2026-07-27T04:17:26Z
2026-07-27T04:13:26Z,2026-07-27T06:13:26+0200,dabcd32d-9433-4dbd-a505-ea8cec1be0d4,2026-07-26T03:15:00Z,2026-07-26T05:15:00+0200,0.565,MW,DK1,DK_1,forecast_solar_generation,Solar,2026-07-27T04:17:26Z
2026-07-27T04:13:26Z,2026-07-27T06:13:26+0200,dabcd32d-9433-4dbd-a505-ea8cec1be0d4,2026-07-26T03:30:00Z,2026-07-26T05:30:00+0200,6.788333,MW,DK1,DK_1,forecast_solar_generation,Solar,2026-07-27T04:17:26Z
2026-07-27T04:13:26Z,2026-07-27T06:13:26+0200,dabcd32d-9433-4dbd-a505-ea8cec1be0d4,2026-07-26T03:45:00Z,2026-07-26T05:45:00+0200,29.869999,MW,DK1,DK_1,forecast_solar_generation,Solar,2026-07-27T04:17:26Z
2026-07-27T04:13:26Z,2026-07-27T06:13:26+0200,dabcd32d-9433-4dbd-a505-ea8cec1be0d4,2026-07-26T04:00:00Z,2026-07-26T06:00:00+0200,70.94,MW,DK1,DK_1,forecast_solar_generation,Solar,2026-07-27T04:17:26Z
2026-07-27T04:13:26Z,2026-07-27T06:13:26+0200,dabcd32d-9433-4dbd-a505-ea8cec1be0d4,2026-07-26T04:15:00Z,2026-07-26T06:15:00+0200,125.153333,MW,DK1,DK_1,forecast_solar_generation,Solar,2026-07-27T04:17:26Z
2026-07-27T04:13:26Z,2026-07-27T06:13:26+0200,dabcd32d-9433-4dbd-a505-ea8cec1be0d4,2026-07-26T04:30:00Z,2026-07-26T06:30:00+0200,191.345,MW,DK1,DK_1,forecast_solar_generation,Solar,2026-07-27T04:17:26Z
2026-07-27T04:13:26Z,2026-07-27T06:13:26+0200,dabcd32d-9433-4dbd-a505-ea8cec1be0d4,2026-07-26T04:45:00Z,2026-07-26T06:45:00+0200,268.798333,MW,DK1,DK_1,forecast_solar_generation,Solar,2026-07-27T04:17:26Z
2026-07-27T04:13:26Z,2026-07-27T06:13:26+0200,dabcd32d-9433-4dbd-a505-ea8cec1be0d4,2026-07-26T05:00:00Z,2026-07-26T07:00:00+0200,357.338333,MW,DK1,DK_1,forecast_solar_generation,Solar,2026-07-27T04:17:26Z
2026-07-27T04:13:26Z,2026-07-27T06:13:26+0200,dabcd32d-9433-4dbd-a505-ea8cec1be0d4,2026-07-26T05:15:00Z,2026-07-26T07:15:00+0200,452.984999,MW,DK1,DK_1,forecast_solar_generation,Solar,2026-07-27T04:17:26Z
2026-07-27T04:13:26Z,2026-07-27T06:13:26+0200,dabcd32d-9433-4dbd-a505-ea8cec1be0d4,2026-07-26T05:30:00Z,2026-07-26T07:30:00+0200,552.261666,MW,DK1,DK_1,forecast_solar_generation,Solar,2026-07-27T04:17:26Z
2026-07-27T04:13:26Z,2026-07-27T06:13:26+0200,dabcd32d-9433-4dbd-a505-ea8cec1be0d4,2026-07-26T05:45:00Z,2026-07-26T07:45:00+0200,650.643333,MW,DK1,DK_1,forecast_solar_generation,Solar,2026-07-27T04:17:26Z
2026-07-27T04:13:26Z,2026-07-27T06:13:26+0200,dabcd32d-9433-4dbd-a505-ea8cec1be0d4,2026-07-26T06:00:00Z,2026-07-26T08:00:00+0200,746.998333,MW,DK1,DK_1,forecast_solar_generation,Solar,2026-07-27T04:17:26Z
2026-07-27T04:13:26Z,2026-07-27T06:13:26+0200,dabcd32d-9433-4dbd-a505-ea8cec1be0d4,2026-07-26T06:15:00Z,2026-07-26T08:15:00+0200,843.043333,MW,DK1,DK_1,forecast_solar_generation,Solar,2026-07-27T04:17:26Z
2026-07-27T04:13:26Z,2026-07-27T06:13:26+0200,dabcd32d-9433-4dbd-a505-ea8cec1be0d4,2026-07-26T06:30:00Z,2026-07-26T08:30:00+0200,941.186666,MW,DK1,DK_1,forecast_solar_generation,Solar,2026-07-27T04:17:26Z
2026-07-27T04:13:26Z,2026-07-27T06:13:26+0200,dabcd32d-9433-4dbd-a505-ea8cec1be0d4,2026-07-26T06:45:00Z,2026-07-26T08:45:00+0200,1039.741666,MW,DK1,DK_1,forecast_solar_generation,Solar,2026-07-27T04:17:26Z
2026-07-27T04:13:26Z,2026-07-27T06:13:26+0200,dabcd32d-9433-4dbd-a505-ea8cec1be0d4,2026-07-26T07:00:00Z,2026-07-26T09:00:00+0200,1138.0,MW,DK1,DK_1,forecast_solar_generation,Solar,2026-07-27T04:17:26Z
2026-07-27T04:13:26Z,2026-07-27T06:13:26+0200,dabcd32d-9433-4dbd-a505-ea8cec1be0d4,2026-07-26T07:15:00Z,2026-07-26T09:15:00+0200,1235.629999,MW,DK1,DK_1,forecast_solar_generation,Solar,2026-07-27T04:17:26Z
2026-07-27T04:13:26Z,2026-07-27T06:13:26+0200,dabcd32d-9433-4dbd-a505-ea8cec1be0d4,2026-07-26T07:30:00Z,2026-07-26T09:30:00+0200,1331.23,MW,DK1,DK_1,forecast_solar_generation,Solar,2026-07-27T04:17:26Z
2026-07-27T04:13:26Z,2026-07-27T06:13:26+0200,dabcd32d-9433-4dbd-a505-ea8cec1be0d4,2026-07-26T07:45:00Z,2026-07-26T09:45:00+0200,1421.86,MW,DK1,DK_1,forecast_solar_generation,Solar,2026-07-27T04:17:26Z
2026-07-27T04:13:26Z,2026-07-27T06:13:26+0200,dabcd32d-9433-4dbd-a505-ea8cec1be0d4,2026-07-26T08:00:00Z,2026-07-26T10:00:00+0200,1504.761666,MW,DK1,DK_1,forecast_solar_generation,Solar,2026-07-27T04:17:26Z
2026-07-27T04:13:26Z,2026-07-27T06:13:26+0200,dabcd32d-9433-4dbd-a505-ea8cec1be0d4,2026-07-26T08:15:00Z,2026-07-26T10:15:00+0200,1532.408333,MW,DK1,DK_1,forecast_solar_generation,Solar,2026-07-27T04:17:26Z
2026-07-27T04:13:26Z,2026-07-27T06:13:26+0200,dabcd32d-9433-4dbd-a505-ea8cec1be0d4,2026-07-26T08:30:00Z,2026-07-26T10:30:00+0200,1338.271666,MW,DK1,DK_1,forecast_solar_generation,Solar,2026-07-27T04:17:26Z
2026-07-27T04:13:26Z,2026-07-27T06:13:26+0200,dabcd32d-9433-4dbd-a505-ea8cec1be0d4,2026-07-26T08:45:00Z,2026-07-26T10:45:00+0200,1336.936666,MW,DK1,DK_1,forecast_solar_generation,Solar,2026-07-27T04:17:26Z
2026-07-27T04:13:26Z,2026-07-27T06:13:26+0200,dabcd32d-9433-4dbd-a505-ea8cec1be0d4,2026-07-26T09:00:00Z,2026-07-26T11:00:00+0200,1357.288333,MW,DK1,DK_1,forecast_solar_generation,Solar,2026-07-27T04:17:26Z
2026-07-27T04:13:26Z,2026-07-27T06:13:26+0200,dabcd32d-9433-4dbd-a505-ea8cec1be0d4,2026-07-26T09:15:00Z,2026-07-26T11:15:00+0200,1336.243333,MW,DK1,DK_1,forecast_solar_generation,Solar,2026-07-27T04:17:26Z
2026-07-27T04:13:26Z,2026-07-27T06:13:26+0200,dabcd32d-9433-4dbd-a505-ea8cec1be0d4,2026-07-26T09:30:00Z,2026-07-26T11:30:00+0200,1139.901666,MW,DK1,DK_1,forecast_solar_generation,Solar,2026-07-27T04:17:26Z
2026-07-27T04:13:26Z,2026-07-27T06:13:26+0200,dabcd32d-9433-4dbd-a505-ea8cec1be0d4,2026-07-26T09:45:00Z,2026-07-26T11:45:00+0200,1377.3,MW,DK1,DK_1,forecast_solar_generation,Solar,2026-07-27T04:17:26Z
2026-07-27T04:13:26Z,2026-07-27T06:13:26+0200,dabcd32d-9433-4dbd-a505-ea8cec1be0d4,2026-07-26T10:00:00Z,2026-07-26T12:00:00+0200,1109.011666,MW,DK1,DK_1,forecast_solar_generation,Solar,2026-07-27T04:17:26Z
2026-07-27T04:13:26Z,2026-07-27T06:13:26+0200,dabcd32d-9433-4dbd-a505-ea8cec1be0d4,2026-07-26T10:15:00Z,2026-07-26T12:15:00+0200,1115.14,MW,DK1,DK_1,forecast_solar_generation,Solar,2026-07-27T04:17:26Z
2026-07-27T04:13:26Z,2026-07-27T06:13:26+0200,dabcd32d-9433-4dbd-a505-ea8cec1be0d4,2026-07-26T10:30:00Z,2026-07-26T12:30:00+0200,1116.386666,MW,DK1,DK_1,forecast_solar_generation,Solar,2026-07-27T04:17:26Z
2026-07-27T04:13:26Z,2026-07-27T06:13:26+0200,dabcd32d-9433-4dbd-a505-ea8cec1be0d4,2026-07-26T10:45:00Z,2026-07-26T12:45:00+0200,1103.698333,MW,DK1,DK_1,forecast_solar_generation,Solar,2026-07-27T04:17:26Z
2026-07-27T04:13:26Z,2026-07-27T06:13:26+0200,dabcd32d-9433-4dbd-a505-ea8cec1be0d4,2026-07-26T11:00:00Z,2026-07-26T13:00:00+0200,1078.646666,MW,DK1,DK_1,forecast_solar_generation,Solar,2026-07-27T04:17:26Z
2026-07-27T04:13:26Z,2026-07-27T06:13:26+0200,dabcd32d-9433-4dbd-a505-ea8cec1be0d4,2026-07-26T11:15:00Z,2026-07-26T13:15:00+0200,1095.598333,MW,DK1,DK_1,forecast_solar_generation,Solar,2026-07-27T04:17:26Z
2026-07-27T04:13:26Z,2026-07-27T06:13:26+0200,dabcd32d-9433-4dbd-a505-ea8cec1be0d4,2026-07-26T11:30:00Z,2026-07-26T13:30:00+0200,1287.251666,MW,DK1,DK_1,forecast_solar_generation,Solar,2026-07-27T04:17:26Z
2026-07-27T04:13:26Z,2026-07-27T06:13:26+0200,dabcd32d-9433-4dbd-a505-ea8cec1be0d4,2026-07-26T11:45:00Z,2026-07-26T13:45:00+0200,1235.426666,MW,DK1,DK_1,forecast_solar_generation,Solar,2026-07-27T04:17:26Z
2026-07-27T04:13:26Z,2026-07-27T06:13:26+0200,dabcd32d-9433-4dbd-a505-ea8cec1be0d4,2026-07-26T12:00:00Z,2026-07-26T14:00:00+0200,1204.083333,MW,DK1,DK_1,forecast_solar_generation,Solar,2026-07-27T04:17:26Z
2026-07-27T04:13:26Z,2026-07-27T06:13:26+0200,dabcd32d-9433-4dbd-a505-ea8cec1be0d4,2026-07-26T12:15:00Z,2026-07-26T14:15:00+0200,1144.761666,MW,DK1,DK_1,forecast_solar_generation,Solar,2026-07-27T04:17:26Z
2026-07-27T04:13:26Z,2026-07-27T06:13:26+0200,dabcd32d-9433-4dbd-a505-ea8cec1be0d4,2026-07-26T12:30:00Z,2026-07-26T14:30:00+0200,1093.735,MW,DK1,DK_1,forecast_solar_generation,Solar,2026-07-27T04:17:26Z
2026-07-27T04:13:26Z,2026-07-27T06:13:26+0200,dabcd32d-9433-4dbd-a505-ea8cec1be0d4,2026-07-26T12:45:00Z,2026-07-26T14:45:00+0200,1043.616666,MW,DK1,DK_1,forecast_solar_generation,Solar,2026-07-27T04:17:26Z
2026-07-27T04:13:26Z,2026-07-27T06:13:26+0200,dabcd32d-9433-4dbd-a505-ea8cec1be0d4,2026-07-26T13:00:00Z,2026-07-26T15:00:00+0200,995.701666,MW,DK1,DK_1,forecast_solar_generation,Solar,2026-07-27T04:17:26Z
2026-07-27T04:13:26Z,2026-07-27T06:13:26+0200,dabcd32d-9433-4dbd-a505-ea8cec1be0d4,2026-07-26T13:15:00Z,2026-07-26T15:15:00+0200,954.191666,MW,DK1,DK_1,forecast_solar_generation,Solar,2026-07-27T04:17:26Z
2026-07-27T04:13:26Z,2026-07-27T06:13:26+0200,dabcd32d-9433-4dbd-a505-ea8cec1be0d4,2026-07-26T13:30:00Z,2026-07-26T15:30:00+0200,919.078333,MW,DK1,DK_1,forecast_solar_generation,Solar,2026-07-27T04:17:26Z
2026-07-27T04:13:26Z,2026-07-27T06:13:26+0200,dabcd32d-9433-4dbd-a505-ea8cec1be0d4,2026-07-26T13:45:00Z,2026-07-26T15:45:00+0200,883.535,MW,DK1,DK_1,forecast_solar_generation,Solar,2026-07-27T04:17:26Z
2026-07-27T04:13:26Z,2026-07-27T06:13:26+0200,dabcd32d-9433-4dbd-a505-ea8cec1be0d4,2026-07-26T14:00:00Z,2026-07-26T16:00:00+0200,851.425,MW,DK1,DK_1,forecast_solar_generation,Solar,2026-07-27T04:17:26Z
2026-07-27T04:13:26Z,2026-07-27T06:13:26+0200,dabcd32d-9433-4dbd-a505-ea8cec1be0d4,2026-07-26T14:15:00Z,2026-07-26T16:15:00+0200,830.023333,MW,DK1,DK_1,forecast_solar_generation,Solar,2026-07-27T04:17:26Z
2026-07-27T04:13:26Z,2026-07-27T06:13:26+0200,dabcd32d-9433-4dbd-a505-ea8cec1be0d4,2026-07-26T14:30:00Z,2026-07-26T16:30:00+0200,915.823333,MW,DK1,DK_1,forecast_solar_generation,Solar,2026-07-27T04:17:26Z
2026-07-27T04:13:26Z,2026-07-27T06:13:26+0200,dabcd32d-9433-4dbd-a505-ea8cec1be0d4,2026-07-26T14:45:00Z,2026-07-26T16:45:00+0200,899.84,MW,DK1,DK_1,forecast_solar_generation,Solar,2026-07-27T04:17:26Z
2026-07-27T04:13:26Z,2026-07-27T06:13:26+0200,dabcd32d-9433-4dbd-a505-ea8cec1be0d4,2026-07-26T15:00:00Z,2026-07-26T17:00:00+0200,794.018333,MW,DK1,DK_1,forecast_solar_generation,Solar,2026-07-27T04:17:26Z
2026-07-27T04:13:26Z,2026-07-27T06:13:26+0200,dabcd32d-9433-4dbd-a505-ea8cec1be0d4,2026-07-26T15:15:00Z,2026-07-26T17:15:00+0200,771.723333,MW,DK1,DK_1,forecast_solar_generation,Solar,2026-07-27T04:17:26Z
2026-07-27T04:13:26Z,2026-07-27T06:13:26+0200,dabcd32d-9433-4dbd-a505-ea8cec1be0d4,2026-07-26T15:30:00Z,2026-07-26T17:30:00+0200,701.943333,MW,DK1,DK_1,forecast_solar_generation,Solar,2026-07-27T04:17:26Z
2026-07-27T04:13:26Z,2026-07-27T06:13:26+0200,dabcd32d-9433-4dbd-a505-ea8cec1be0d4,2026-07-26T15:45:00Z,2026-07-26T17:45:00+0200,626.323333,MW,DK1,DK_1,forecast_solar_generation,Solar,2026-07-27T04:17:26Z
2026-07-27T04:13:26Z,2026-07-27T06:13:26+0200,dabcd32d-9433-4dbd-a505-ea8cec1be0d4,2026-07-26T16:00:00Z,2026-07-26T18:00:00+0200,558.056666,MW,DK1,DK_1,forecast_solar_generation,Solar,2026-07-27T04:17:26Z
2026-07-27T04:13:26Z,2026-07-27T06:13:26+0200,dabcd32d-9433-4dbd-a505-ea8cec1be0d4,2026-07-26T16:15:00Z,2026-07-26T18:15:00+0200,489.116666,MW,DK1,DK_1,forecast_solar_generation,Solar,2026-07-27T04:17:26Z
2026-07-27T04:13:26Z,2026-07-27T06:13:26+0200,dabcd32d-9433-4dbd-a505-ea8cec1be0d4,2026-07-26T16:30:00Z,2026-07-26T18:30:00+0200,428.181666,MW,DK1,DK_1,forecast_solar_generation,Solar,2026-07-27T04:17:26Z
2026-07-27T04:13:26Z,2026-07-27T06:13:26+0200,dabcd32d-9433-4dbd-a505-ea8cec1be0d4,2026-07-26T16:45:00Z,2026-07-26T18:45:00+0200,369.426666,MW,DK1,DK_1,forecast_solar_generation,Solar,2026-07-27T04:17:26Z
2026-07-27T04:13:26Z,2026-07-27T06:13:26+0200,dabcd32d-9433-4dbd-a505-ea8cec1be0d4,2026-07-26T17:00:00Z,2026-07-26T19:00:00+0200,312.588333,MW,DK1,DK_1,forecast_solar_generation,Solar,2026-07-27T04:17:26Z
2026-07-27T04:13:26Z,2026-07-27T06:13:26+0200,dabcd32d-9433-4dbd-a505-ea8cec1be0d4,2026-07-26T17:15:00Z,2026-07-26T19:15:00+0200,259.336666,MW,DK1,DK_1,forecast_solar_generation,Solar,2026-07-27T04:17:26Z
2026-07-27T04:13:26Z,2026-07-27T06:13:26+0200,dabcd32d-9433-4dbd-a505-ea8cec1be0d4,2026-07-26T17:30:00Z,2026-07-26T19:30:00+0200,210.644999,MW,DK1,DK_1,forecast_solar_generation,Solar,2026-07-27T04:17:26Z
2026-07-27T04:13:26Z,2026-07-27T06:13:26+0200,dabcd32d-9433-4dbd-a505-ea8cec1be0d4,2026-07-26T17:45:00Z,2026-07-26T19:45:00+0200,165.638333,MW,DK1,DK_1,forecast_solar_generation,Solar,2026-07-27T04:17:26Z
2026-07-27T04:13:26Z,2026-07-27T06:13:26+0200,dabcd32d-9433-4dbd-a505-ea8cec1be0d4,2026-07-26T18:00:00Z,2026-07-26T20:00:00+0200,123.99,MW,DK1,DK_1,forecast_solar_generation,Solar,2026-07-27T04:17:26Z
2026-07-27T04:13:26Z,2026-07-27T06:13:26+0200,dabcd32d-9433-4dbd-a505-ea8cec1be0d4,2026-07-26T18:15:00Z,2026-07-26T20:15:00+0200,86.401666,MW,DK1,DK_1,forecast_solar_generation,Solar,2026-07-27T04:17:26Z
2026-07-27T04:13:26Z,2026-07-27T06:13:26+0200,dabcd32d-9433-4dbd-a505-ea8cec1be0d4,2026-07-26T18:30:00Z,2026-07-26T20:30:00+0200,53.916666,MW,DK1,DK_1,forecast_solar_generation,Solar,2026-07-27T04:17:26Z
2026-07-27T04:13:26Z,2026-07-27T06:13:26+0200,dabcd32d-9433-4dbd-a505-ea8cec1be0d4,2026-07-26T18:45:00Z,2026-07-26T20:45:00+0200,28.12,MW,DK1,DK_1,forecast_solar_generation,Solar,2026-07-27T04:17:26Z
2026-07-27T04:13:26Z,2026-07-27T06:13:26+0200,dabcd32d-9433-4dbd-a505-ea8cec1be0d4,2026-07-26T19:00:00Z,2026-07-26T21:00:00+0200,9.898333,MW,DK1,DK_1,forecast_solar_generation,Solar,2026-07-27T04:17:26Z
2026-07-27T04:13:26Z,2026-07-27T06:13:26+0200,dabcd32d-9433-4dbd-a505-ea8cec1be0d4,2026-07-26T19:15:00Z,2026-07-26T21:15:00+0200,1.866666,MW,DK1,DK_1,forecast_solar_generation,Solar,2026-07-27T04:17:26Z
2026-07-27T04:13:26Z,2026-07-27T06:13:26+0200,dabcd32d-9433-4dbd-a505-ea8cec1be0d4,2026-07-26T19:30:00Z,2026-07-26T21:30:00+0200,0.121666,MW,DK1,DK_1,forecast_solar_generation,Solar,2026-07-27T04:17:26Z
2026-07-27T04:13:26Z,2026-07-27T06:13:26+0200,dabcd32d-9433-4dbd-a505-ea8cec1be0d4,2026-07-26T19:45:00Z,2026-07-26T21:45:00+0200,0.0,MW,DK1,DK_1,forecast_solar_generation,Solar,2026-07-27T04:17:26Z
2026-07-27T04:13:26Z,2026-07-27T06:13:26+0200,dabcd32d-9433-4dbd-a505-ea8cec1be0d4,2026-07-26T20:00:00Z,2026-07-26T22:00:00+0200,0.0,MW,DK1,DK_1,forecast_solar_generation,Solar,2026-07-27T04:17:26Z
2026-07-27T04:13:26Z,2026-07-27T06:13:26+0200,dabcd32d-9433-4dbd-a505-ea8cec1be0d4,2026-07-26T20:15:00Z,2026-07-26T22:15:00+0200,0.0,MW,DK1,DK_1,forecast_solar_generation,Solar,2026-07-27T04:17:26Z
2026-07-27T04:13:26Z,2026-07-27T06:13:26+0200,dabcd32d-9433-4dbd-a505-ea8cec1be0d4,2026-07-26T20:30:00Z,2026-07-26T22:30:00+0200,0.0,MW,DK1,DK_1,forecast_solar_generation,Solar,2026-07-27T04:17:26Z
2026-07-27T04:13:26Z,2026-07-27T06:13:26+0200,dabcd32d-9433-4dbd-a505-ea8cec1be0d4,2026-07-26T20:45:00Z,2026-07-26T22:45:00+0200,0.0,MW,DK1,DK_1,forecast_solar_generation,Solar,2026-07-27T04:17:26Z
2026-07-27T04:13:26Z,2026-07-27T06:13:26+0200,dabcd32d-9433-4dbd-a505-ea8cec1be0d4,2026-07-26T21:00:00Z,2026-07-26T23:00:00+0200,0.0,MW,DK1,DK_1,forecast_solar_generation,Solar,2026-07-27T04:17:26Z
2026-07-27T04:13:26Z,2026-07-27T06:13:26+0200,dabcd32d-9433-4dbd-a505-ea8cec1be0d4,2026-07-26T21:15:00Z,2026-07-26T23:15:00+0200,0.0,MW,DK1,DK_1,forecast_solar_generation,Solar,2026-07-27T04:17:26Z
2026-07-27T04:13:26Z,2026-07-27T06:13:26+0200,dabcd32d-9433-4dbd-a505-ea8cec1be0d4,2026-07-26T21:30:00Z,2026-07-26T23:30:00+0200,0.0,MW,DK1,DK_1,forecast_solar_generation,Solar,2026-07-27T04:17:26Z
2026-07-27T04:13:26Z,2026-07-27T06:13:26+0200,dabcd32d-9433-4dbd-a505-ea8cec1be0d4,2026-07-26T21:45:00Z,2026-07-26T23:45:00+0200,0.0,MW,DK1,DK_1,forecast_solar_generation,Solar,2026-07-27T04:17:26Z
2026-07-27T04:13:26Z,2026-07-27T06:13:26+0200,dabcd32d-9433-4dbd-a505-ea8cec1be0d4,2026-07-26T22:00:00Z,2026-07-27T00:00:00+0200,0.0,MW,DK1,DK_1,forecast_solar_generation,Solar,2026-07-27T04:17:26Z
2026-07-27T04:13:26Z,2026-07-27T06:13:26+0200,dabcd32d-9433-4dbd-a505-ea8cec1be0d4,2026-07-26T22:15:00Z,2026-07-27T00:15:00+0200,0.0,MW,DK1,DK_1,forecast_solar_generation,Solar,2026-07-27T04:17:26Z
2026-07-27T04:13:26Z,2026-07-27T06:13:26+0200,dabcd32d-9433-4dbd-a505-ea8cec1be0d4,2026-07-26T22:30:00Z,2026-07-27T00:30:00+0200,0.0,MW,DK1,DK_1,forecast_solar_generation,Solar,2026-07-27T04:17:26Z
2026-07-27T04:13:26Z,2026-07-27T06:13:26+0200,dabcd32d-9433-4dbd-a505-ea8cec1be0d4,2026-07-26T22:45:00Z,2026-07-27T00:45:00+0200,0.0,MW,DK1,DK_1,forecast_solar_generation,Solar,2026-07-27T04:17:26Z
2026-07-27T04:13:26Z,2026-07-27T06:13:26+0200,dabcd32d-9433-4dbd-a505-ea8cec1be0d4,2026-07-26T23:00:00Z,2026-07-27T01:00:00+0200,0.0,MW,DK1,DK_1,forecast_solar_generation,Solar,2026-07-27T04:17:26Z
2026-07-27T04:13:26Z,2026-07-27T06:13:26+0200,dabcd32d-9433-4dbd-a505-ea8cec1be0d4,2026-07-26T23:15:00Z,2026-07-27T01:15:00+0200,0.0,MW,DK1,DK_1,forecast_solar_generation,Solar,2026-07-27T04:17:26Z
2026-07-27T04:13:26Z,2026-07-27T06:13:26+0200,dabcd32d-9433-4dbd-a505-ea8cec1be0d4,2026-07-26T23:30:00Z,2026-07-27T01:30:00+0200,0.0,MW,DK1,DK_1,forecast_solar_generation,Solar,2026-07-27T04:17:26Z
2026-07-27T04:13:26Z,2026-07-27T06:13:26+0200,dabcd32d-9433-4dbd-a505-ea8cec1be0d4,2026-07-26T23:45:00Z,2026-07-27T01:45:00+0200,0.0,MW,DK1,DK_1,forecast_solar_generation,Solar,2026-07-27T04:17:26Z
2026-07-27T04:13:26Z,2026-07-27T06:13:26+0200,dabcd32d-9433-4dbd-a505-ea8cec1be0d4,2026-07-27T00:00:00Z,2026-07-27T02:00:00+0200,0.0,MW,DK1,DK_1,forecast_solar_generation,Solar,2026-07-27T04:17:26Z
2026-07-27T04:13:26Z,2026-07-27T06:13:26+0200,dabcd32d-9433-4dbd-a505-ea8cec1be0d4,2026-07-27T00:15:00Z,2026-07-27T02:15:00+0200,0.0,MW,DK1,DK_1,forecast_solar_generation,Solar,2026-07-27T04:17:26Z
2026-07-27T04:13:26Z,2026-07-27T06:13:26+0200,dabcd32d-9433-4dbd-a505-ea8cec1be0d4,2026-07-27T00:30:00Z,2026-07-27T02:30:00+0200,0.0,MW,DK1,DK_1,forecast_solar_generation,Solar,2026-07-27T04:17:26Z
2026-07-27T04:13:26Z,2026-07-27T06:13:26+0200,dabcd32d-9433-4dbd-a505-ea8cec1be0d4,2026-07-27T00:45:00Z,2026-07-27T02:45:00+0200,0.0,MW,DK1,DK_1,forecast_solar_generation,Solar,2026-07-27T04:17:26Z
2026-07-27T04:13:26Z,2026-07-27T06:13:26+0200,dabcd32d-9433-4dbd-a505-ea8cec1be0d4,2026-07-27T01:00:00Z,2026-07-27T03:00:00+0200,0.0,MW,DK1,DK_1,forecast_solar_generation,Solar,2026-07-27T04:17:26Z
2026-07-27T04:13:26Z,2026-07-27T06:13:26+0200,dabcd32d-9433-4dbd-a505-ea8cec1be0d4,2026-07-27T01:15:00Z,2026-07-27T03:15:00+0200,0.0,MW,DK1,DK_1,forecast_solar_generation,Solar,2026-07-27T04:17:26Z
2026-07-27T04:13:26Z,2026-07-27T06:13:26+0200,dabcd32d-9433-4dbd-a505-ea8cec1be0d4,2026-07-27T01:30:00Z,2026-07-27T03:30:00+0200,0.0,MW,DK1,DK_1,forecast_solar_generation,Solar,2026-07-27T04:17:26Z
2026-07-27T04:13:26Z,2026-07-27T06:13:26+0200,dabcd32d-9433-4dbd-a505-ea8cec1be0d4,2026-07-27T01:45:00Z,2026-07-27T03:45:00+0200,0.0,MW,DK1,DK_1,forecast_solar_generation,Solar,2026-07-27T04:17:26Z
2026-07-27T04:13:26Z,2026-07-27T06:13:26+0200,dabcd32d-9433-4dbd-a505-ea8cec1be0d4,2026-07-27T02:00:00Z,2026-07-27T04:00:00+0200,0.0,MW,DK1,DK_1,forecast_solar_generation,Solar,2026-07-27T04:17:26Z
2026-07-27T04:13:26Z,2026-07-27T06:13:26+0200,dabcd32d-9433-4dbd-a505-ea8cec1be0d4,2026-07-27T02:15:00Z,2026-07-27T04:15:00+0200,0.0,MW,DK1,DK_1,forecast_solar_generation,Solar,2026-07-27T04:17:26Z
2026-07-27T04:13:26Z,2026-07-27T06:13:26+0200,dabcd32d-9433-4dbd-a505-ea8cec1be0d4,2026-07-27T02:30:00Z,2026-07-27T04:30:00+0200,0.0,MW,DK1,DK_1,forecast_solar_generation,Solar,2026-07-27T04:17:26Z
2026-07-27T04:13:26Z,2026-07-27T06:13:26+0200,dabcd32d-9433-4dbd-a505-ea8cec1be0d4,2026-07-27T02:45:00Z,2026-07-27T04:45:00+0200,0.0,MW,DK1,DK_1,forecast_solar_generation,Solar,2026-07-27T04:17:26Z
2026-07-27T04:13:26Z,2026-07-27T06:13:26+0200,dabcd32d-9433-4dbd-a505-ea8cec1be0d4,2026-07-27T03:00:00Z,2026-07-27T05:00:00+0200,0.005,MW,DK1,DK_1,forecast_solar_generation,Solar,2026-07-27T04:17:26Z
2026-07-27T04:13:26Z,2026-07-27T06:13:26+0200,dabcd32d-9433-4dbd-a505-ea8cec1be0d4,2026-07-27T03:15:00Z,2026-07-27T05:15:00+0200,0.418333,MW,DK1,DK_1,forecast_solar_generation,Solar,2026-07-27T04:17:26Z
2026-07-27T04:13:26Z,2026-07-27T06:13:26+0200,dabcd32d-9433-4dbd-a505-ea8cec1be0d4,2026-07-27T03:30:00Z,2026-07-27T05:30:00+0200,5.886666,MW,DK1,DK_1,forecast_solar_generation,Solar,2026-07-27T04:17:26Z
2026-07-27T04:13:26Z,2026-07-27T06:13:26+0200,dabcd32d-9433-4dbd-a505-ea8cec1be0d4,2026-07-27T03:45:00Z,2026-07-27T05:45:00+0200,29.371666,MW,DK1,DK_1,forecast_solar_generation,Solar,2026-07-27T04:17:26Z
