collection_time_utc,collection_time_local,run_id,timestamp_utc,timestamp_local,value,unit,country,entsoe_area,variable,source,updated_at_utc
2026-09-10T06:01:00Z,2026-09-10T08:01:00+0200,e8b74f7e-d7aa-4d55-a35b-575566b97f17,2026-09-03T07:00:00Z,2026-09-03T09:00:00+0200,1940.6475,MW,BE,BE,actual_offshore_wind_generation,Wind Offshore | Actual Aggregated,2026-09-10T06:11:50Z
2026-09-10T06:01:00Z,2026-09-10T08:01:00+0200,e8b74f7e-d7aa-4d55-a35b-575566b97f17,2026-09-03T08:00:00Z,2026-09-03T10:00:00+0200,2092.19,MW,BE,BE,actual_offshore_wind_generation,Wind Offshore | Actual Aggregated,2026-09-10T06:11:50Z
2026-09-10T06:01:00Z,2026-09-10T08:01:00+0200,e8b74f7e-d7aa-4d55-a35b-575566b97f17,2026-09-03T09:00:00Z,2026-09-03T11:00:00+0200,2084.815,MW,BE,BE,actual_offshore_wind_generation,Wind Offshore | Actual Aggregated,2026-09-10T06:11:50Z
2026-09-10T06:01:00Z,2026-09-10T08:01:00+0200,e8b74f7e-d7aa-4d55-a35b-575566b97f17,2026-09-03T10:00:00Z,2026-09-03T12:00:00+0200,1898.7025,MW,BE,BE,actual_offshore_wind_generation,Wind Offshore | Actual Aggregated,2026-09-10T06:11:50Z
2026-09-10T06:01:00Z,2026-09-10T08:01:00+0200,e8b74f7e-d7aa-4d55-a35b-575566b97f17,2026-09-03T11:00:00Z,2026-09-03T13:00:00+0200,1816.1575,MW,BE,BE,actual_offshore_wind_generation,Wind Offshore | Actual Aggregated,2026-09-10T06:11:50Z
2026-09-10T06:01:00Z,2026-09-10T08:01:00+0200,e8b74f7e-d7aa-4d55-a35b-575566b97f17,2026-09-03T12:00:00Z,2026-09-03T14:00:00+0200,1866.07,MW,BE,BE,actual_offshore_wind_generation,Wind Offshore | Actual Aggregated,2026-09-10T06:11:50Z
2026-09-10T06:01:00Z,2026-09-10T08:01:00+0200,e8b74f7e-d7aa-4d55-a35b-575566b97f17,2026-09-03T13:00:00Z,2026-09-03T15:00:00+0200,1849.25,MW,BE,BE,actual_offshore_wind_generation,Wind Offshore | Actual Aggregated,2026-09-10T06:11:50Z
2026-09-10T06:01:00Z,2026-09-10T08:01:00+0200,e8b74f7e-d7aa-4d55-a35b-575566b97f17,2026-09-03T14:00:00Z,2026-09-03T16:00:00+0200,1849.94,MW,BE,BE,actual_offshore_wind_generation,Wind Offshore | Actual Aggregated,2026-09-10T06:11:50Z
2026-09-10T06:01:00Z,2026-09-10T08:01:00+0200,e8b74f7e-d7aa-4d55-a35b-575566b97f17,2026-09-03T15:00:00Z,2026-09-03T17:00:00+0200,2010.86,MW,BE,BE,actual_offshore_wind_generation,Wind Offshore | Actual Aggregated,2026-09-10T06:11:50Z
2026-09-10T06:01:00Z,2026-09-10T08:01:00+0200,e8b74f7e-d7aa-4d55-a35b-575566b97f17,2026-09-03T16:00:00Z,2026-09-03T18:00:00+0200,2113.0075,MW,BE,BE,actual_offshore_wind_generation,Wind Offshore | Actual Aggregated,2026-09-10T06:11:50Z
2026-09-10T06:01:00Z,2026-09-10T08:01:00+0200,e8b74f7e-d7aa-4d55-a35b-575566b97f17,2026-09-03T17:00:00Z,2026-09-03T19:00:00+0200,2120.265,MW,BE,BE,actual_offshore_wind_generation,Wind Offshore | Actual Aggregated,2026-09-10T06:11:50Z
2026-09-10T06:01:00Z,2026-09-10T08:01:00+0200,e8b74f7e-d7aa-4d55-a35b-575566b97f17,2026-09-03T18:00:00Z,2026-09-03T20:00:00+0200,2116.1375,MW,BE,BE,actual_offshore_wind_generation,Wind Offshore | Actual Aggregated,2026-09-10T06:11:50Z
2026-09-10T06:01:00Z,2026-09-10T08:01:00+0200,e8b74f7e-d7aa-4d55-a35b-575566b97f17,2026-09-03T19:00:00Z,2026-09-03T21:00:00+0200,2122.76,MW,BE,BE,actual_offshore_wind_generation,Wind Offshore | Actual Aggregated,2026-09-10T06:11:50Z
2026-09-10T06:01:00Z,2026-09-10T08:01:00+0200,e8b74f7e-d7aa-4d55-a35b-575566b97f17,2026-09-03T20:00:00Z,2026-09-03T22:00:00+0200,2125.12,MW,BE,BE,actual_offshore_wind_generation,Wind Offshore | Actual Aggregated,2026-09-10T06:11:50Z
2026-09-10T06:01:00Z,2026-09-10T08:01:00+0200,e8b74f7e-d7aa-4d55-a35b-575566b97f17,2026-09-03T21:00:00Z,2026-09-03T23:00:00+0200,2121.4525,MW,BE,BE,actual_offshore_wind_generation,Wind Offshore | Actual Aggregated,2026-09-10T06:11:50Z
2026-09-10T06:01:00Z,2026-09-10T08:01:00+0200,e8b74f7e-d7aa-4d55-a35b-575566b97f17,2026-09-03T22:00:00Z,2026-09-04T00:00:00+0200,2119.425,MW,BE,BE,actual_offshore_wind_generation,Wind Offshore | Actual Aggregated,2026-09-10T06:11:50Z
2026-09-10T06:01:00Z,2026-09-10T08:01:00+0200,e8b74f7e-d7aa-4d55-a35b-575566b97f17,2026-09-03T23:00:00Z,2026-09-04T01:00:00+0200,2117.8825,MW,BE,BE,actual_offshore_wind_generation,Wind Offshore | Actual Aggregated,2026-09-10T06:11:50Z
2026-09-10T06:01:00Z,2026-09-10T08:01:00+0200,e8b74f7e-d7aa-4d55-a35b-575566b97f17,2026-09-04T00:00:00Z,2026-09-04T02:00:00+0200,2120.94,MW,BE,BE,actual_offshore_wind_generation,Wind Offshore | Actual Aggregated,2026-09-10T06:11:50Z
2026-09-10T06:01:00Z,2026-09-10T08:01:00+0200,e8b74f7e-d7aa-4d55-a35b-575566b97f17,2026-09-04T01:00:00Z,2026-09-04T03:00:00+0200,2116.4875,MW,BE,BE,actual_offshore_wind_generation,Wind Offshore | Actual Aggregated,2026-09-10T06:11:50Z
2026-09-10T06:01:00Z,2026-09-10T08:01:00+0200,e8b74f7e-d7aa-4d55-a35b-575566b97f17,2026-09-04T02:00:00Z,2026-09-04T04:00:00+0200,2116.275,MW,BE,BE,actual_offshore_wind_generation,Wind Offshore | Actual Aggregated,2026-09-10T06:11:50Z
2026-09-10T06:01:00Z,2026-09-10T08:01:00+0200,e8b74f7e-d7aa-4d55-a35b-575566b97f17,2026-09-04T03:00:00Z,2026-09-04T05:00:00+0200,2115.7675,MW,BE,BE,actual_offshore_wind_generation,Wind Offshore | Actual Aggregated,2026-09-10T06:11:50Z
2026-09-10T06:01:00Z,2026-09-10T08:01:00+0200,e8b74f7e-d7aa-4d55-a35b-575566b97f17,2026-09-04T04:00:00Z,2026-09-04T06:00:00+0200,2117.485,MW,BE,BE,actual_offshore_wind_generation,Wind Offshore | Actual Aggregated,2026-09-10T06:11:50Z
2026-09-10T06:01:00Z,2026-09-10T08:01:00+0200,e8b74f7e-d7aa-4d55-a35b-575566b97f17,2026-09-04T05:00:00Z,2026-09-04T07:00:00+0200,2113.9575,MW,BE,BE,actual_offshore_wind_generation,Wind Offshore | Actual Aggregated,2026-09-10T06:11:50Z
2026-09-10T06:01:00Z,2026-09-10T08:01:00+0200,e8b74f7e-d7aa-4d55-a35b-575566b97f17,2026-09-04T06:00:00Z,2026-09-04T08:00:00+0200,2110.8125,MW,BE,BE,actual_offshore_wind_generation,Wind Offshore | Actual Aggregated,2026-09-10T06:11:50Z
2026-09-10T06:01:00Z,2026-09-10T08:01:00+0200,e8b74f7e-d7aa-4d55-a35b-575566b97f17,2026-09-04T07:00:00Z,2026-09-04T09:00:00+0200,2106.8825,MW,BE,BE,actual_offshore_wind_generation,Wind Offshore | Actual Aggregated,2026-09-10T06:11:50Z
2026-09-10T06:01:00Z,2026-09-10T08:01:00+0200,e8b74f7e-d7aa-4d55-a35b-575566b97f17,2026-09-04T08:00:00Z,2026-09-04T10:00:00+0200,2106.795,MW,BE,BE,actual_offshore_wind_generation,Wind Offshore | Actual Aggregated,2026-09-10T06:11:50Z
2026-09-10T06:01:00Z,2026-09-10T08:01:00+0200,e8b74f7e-d7aa-4d55-a35b-575566b97f17,2026-09-04T09:00:00Z,2026-09-04T11:00:00+0200,2078.22,MW,BE,BE,actual_offshore_wind_generation,Wind Offshore | Actual Aggregated,2026-09-10T06:11:50Z
2026-09-10T06:01:00Z,2026-09-10T08:01:00+0200,e8b74f7e-d7aa-4d55-a35b-575566b97f17,2026-09-04T10:00:00Z,2026-09-04T12:00:00+0200,1993.795,MW,BE,BE,actual_offshore_wind_generation,Wind Offshore | Actual Aggregated,2026-09-10T06:11:50Z
2026-09-10T06:01:00Z,2026-09-10T08:01:00+0200,e8b74f7e-d7aa-4d55-a35b-575566b97f17,2026-09-04T11:00:00Z,2026-09-04T13:00:00+0200,1590.005,MW,BE,BE,actual_offshore_wind_generation,Wind Offshore | Actual Aggregated,2026-09-10T06:11:50Z
2026-09-10T06:01:00Z,2026-09-10T08:01:00+0200,e8b74f7e-d7aa-4d55-a35b-575566b97f17,2026-09-04T12:00:00Z,2026-09-04T14:00:00+0200,1431.4275,MW,BE,BE,actual_offshore_wind_generation,Wind Offshore | Actual Aggregated,2026-09-10T06:11:50Z
2026-09-10T06:01:00Z,2026-09-10T08:01:00+0200,e8b74f7e-d7aa-4d55-a35b-575566b97f17,2026-09-04T13:00:00Z,2026-09-04T15:00:00+0200,1664.21,MW,BE,BE,actual_offshore_wind_generation,Wind Offshore | Actual Aggregated,2026-09-10T06:11:50Z
2026-09-10T06:01:00Z,2026-09-10T08:01:00+0200,e8b74f7e-d7aa-4d55-a35b-575566b97f17,2026-09-04T14:00:00Z,2026-09-04T16:00:00+0200,1755.6575,MW,BE,BE,actual_offshore_wind_generation,Wind Offshore | Actual Aggregated,2026-09-10T06:11:50Z
2026-09-10T06:01:00Z,2026-09-10T08:01:00+0200,e8b74f7e-d7aa-4d55-a35b-575566b97f17,2026-09-04T15:00:00Z,2026-09-04T17:00:00+0200,1473.9125,MW,BE,BE,actual_offshore_wind_generation,Wind Offshore | Actual Aggregated,2026-09-10T06:11:50Z
2026-09-10T06:01:00Z,2026-09-10T08:01:00+0200,e8b74f7e-d7aa-4d55-a35b-575566b97f17,2026-09-04T16:00:00Z,2026-09-04T18:00:00+0200,1381.3875,MW,BE,BE,actual_offshore_wind_generation,Wind Offshore | Actual Aggregated,2026-09-10T06:11:50Z
2026-09-10T06:01:00Z,2026-09-10T08:01:00+0200,e8b74f7e-d7aa-4d55-a35b-575566b97f17,2026-09-04T17:00:00Z,2026-09-04T19:00:00+0200,1673.66,MW,BE,BE,actual_offshore_wind_generation,Wind Offshore | Actual Aggregated,2026-09-10T06:11:50Z
2026-09-10T06:01:00Z,2026-09-10T08:01:00+0200,e8b74f7e-d7aa-4d55-a35b-575566b97f17,2026-09-04T18:00:00Z,2026-09-04T20:00:00+0200,1702.2275,MW,BE,BE,actual_offshore_wind_generation,Wind Offshore | Actual Aggregated,2026-09-10T06:11:50Z
2026-09-10T06:01:00Z,2026-09-10T08:01:00+0200,e8b74f7e-d7aa-4d55-a35b-575566b97f17,2026-09-04T19:00:00Z,2026-09-04T21:00:00+0200,1530.8075,MW,BE,BE,actual_offshore_wind_generation,Wind Offshore | Actual Aggregated,2026-09-10T06:11:50Z
2026-09-10T06:01:00Z,2026-09-10T08:01:00+0200,e8b74f7e-d7aa-4d55-a35b-575566b97f17,2026-09-04T20:00:00Z,2026-09-04T22:00:00+0200,1508.6075,MW,BE,BE,actual_offshore_wind_generation,Wind Offshore | Actual Aggregated,2026-09-10T06:11:50Z
2026-09-10T06:01:00Z,2026-09-10T08:01:00+0200,e8b74f7e-d7aa-4d55-a35b-575566b97f17,2026-09-04T21:00:00Z,2026-09-04T23:00:00+0200,1692.89,MW,BE,BE,actual_offshore_wind_generation,Wind Offshore | Actual Aggregated,2026-09-10T06:11:50Z
2026-09-10T06:01:00Z,2026-09-10T08:01:00+0200,e8b74f7e-d7aa-4d55-a35b-575566b97f17,2026-09-04T22:00:00Z,2026-09-05T00:00:00+0200,1631.6175,MW,BE,BE,actual_offshore_wind_generation,Wind Offshore | Actual Aggregated,2026-09-10T06:11:50Z
2026-09-10T06:01:00Z,2026-09-10T08:01:00+0200,e8b74f7e-d7aa-4d55-a35b-575566b97f17,2026-09-04T23:00:00Z,2026-09-05T01:00:00+0200,1553.74,MW,BE,BE,actual_offshore_wind_generation,Wind Offshore | Actual Aggregated,2026-09-10T06:11:50Z
2026-09-10T06:01:00Z,2026-09-10T08:01:00+0200,e8b74f7e-d7aa-4d55-a35b-575566b97f17,2026-09-05T00:00:00Z,2026-09-05T02:00:00+0200,1385.215,MW,BE,BE,actual_offshore_wind_generation,Wind Offshore | Actual Aggregated,2026-09-10T06:11:50Z
2026-09-10T06:01:00Z,2026-09-10T08:01:00+0200,e8b74f7e-d7aa-4d55-a35b-575566b97f17,2026-09-05T01:00:00Z,2026-09-05T03:00:00+0200,1378.9075,MW,BE,BE,actual_offshore_wind_generation,Wind Offshore | Actual Aggregated,2026-09-10T06:11:50Z
2026-09-10T06:01:00Z,2026-09-10T08:01:00+0200,e8b74f7e-d7aa-4d55-a35b-575566b97f17,2026-09-05T02:00:00Z,2026-09-05T04:00:00+0200,1645.39,MW,BE,BE,actual_offshore_wind_generation,Wind Offshore | Actual Aggregated,2026-09-10T06:11:50Z
2026-09-10T06:01:00Z,2026-09-10T08:01:00+0200,e8b74f7e-d7aa-4d55-a35b-575566b97f17,2026-09-05T03:00:00Z,2026-09-05T05:00:00+0200,1452.175,MW,BE,BE,actual_offshore_wind_generation,Wind Offshore | Actual Aggregated,2026-09-10T06:11:50Z
2026-09-10T06:01:00Z,2026-09-10T08:01:00+0200,e8b74f7e-d7aa-4d55-a35b-575566b97f17,2026-09-05T04:00:00Z,2026-09-05T06:00:00+0200,1323.755,MW,BE,BE,actual_offshore_wind_generation,Wind Offshore | Actual Aggregated,2026-09-10T06:11:50Z
2026-09-10T06:01:00Z,2026-09-10T08:01:00+0200,e8b74f7e-d7aa-4d55-a35b-575566b97f17,2026-09-05T05:00:00Z,2026-09-05T07:00:00+0200,1321.6575,MW,BE,BE,actual_offshore_wind_generation,Wind Offshore | Actual Aggregated,2026-09-10T06:11:50Z
2026-09-10T06:01:00Z,2026-09-10T08:01:00+0200,e8b74f7e-d7aa-4d55-a35b-575566b97f17,2026-09-05T06:00:00Z,2026-09-05T08:00:00+0200,1292.1025,MW,BE,BE,actual_offshore_wind_generation,Wind Offshore | Actual Aggregated,2026-09-10T06:11:50Z
2026-09-10T06:01:00Z,2026-09-10T08:01:00+0200,e8b74f7e-d7aa-4d55-a35b-575566b97f17,2026-09-05T07:00:00Z,2026-09-05T09:00:00+0200,1122.5475,MW,BE,BE,actual_offshore_wind_generation,Wind Offshore | Actual Aggregated,2026-09-10T06:11:50Z
2026-09-10T06:01:00Z,2026-09-10T08:01:00+0200,e8b74f7e-d7aa-4d55-a35b-575566b97f17,2026-09-05T08:00:00Z,2026-09-05T10:00:00+0200,970.455,MW,BE,BE,actual_offshore_wind_generation,Wind Offshore | Actual Aggregated,2026-09-10T06:11:50Z
2026-09-10T06:01:00Z,2026-09-10T08:01:00+0200,e8b74f7e-d7aa-4d55-a35b-575566b97f17,2026-09-05T09:00:00Z,2026-09-05T11:00:00+0200,844.1175,MW,BE,BE,actual_offshore_wind_generation,Wind Offshore | Actual Aggregated,2026-09-10T06:11:50Z
2026-09-10T06:01:00Z,2026-09-10T08:01:00+0200,e8b74f7e-d7aa-4d55-a35b-575566b97f17,2026-09-05T10:00:00Z,2026-09-05T12:00:00+0200,670.3275,MW,BE,BE,actual_offshore_wind_generation,Wind Offshore | Actual Aggregated,2026-09-10T06:11:50Z
2026-09-10T06:01:00Z,2026-09-10T08:01:00+0200,e8b74f7e-d7aa-4d55-a35b-575566b97f17,2026-09-05T11:00:00Z,2026-09-05T13:00:00+0200,559.4775,MW,BE,BE,actual_offshore_wind_generation,Wind Offshore | Actual Aggregated,2026-09-10T06:11:50Z
2026-09-10T06:01:00Z,2026-09-10T08:01:00+0200,e8b74f7e-d7aa-4d55-a35b-575566b97f17,2026-09-05T12:00:00Z,2026-09-05T14:00:00+0200,480.3125,MW,BE,BE,actual_offshore_wind_generation,Wind Offshore | Actual Aggregated,2026-09-10T06:11:50Z
2026-09-10T06:01:00Z,2026-09-10T08:01:00+0200,e8b74f7e-d7aa-4d55-a35b-575566b97f17,2026-09-05T13:00:00Z,2026-09-05T15:00:00+0200,381.5275,MW,BE,BE,actual_offshore_wind_generation,Wind Offshore | Actual Aggregated,2026-09-10T06:11:50Z
2026-09-10T06:01:00Z,2026-09-10T08:01:00+0200,e8b74f7e-d7aa-4d55-a35b-575566b97f17,2026-09-05T14:00:00Z,2026-09-05T16:00:00+0200,279.7025,MW,BE,BE,actual_offshore_wind_generation,Wind Offshore | Actual Aggregated,2026-09-10T06:11:50Z
2026-09-10T06:01:00Z,2026-09-10T08:01:00+0200,e8b74f7e-d7aa-4d55-a35b-575566b97f17,2026-09-05T15:00:00Z,2026-09-05T17:00:00+0200,226.905,MW,BE,BE,actual_offshore_wind_generation,Wind Offshore | Actual Aggregated,2026-09-10T06:11:50Z
2026-09-10T06:01:00Z,2026-09-10T08:01:00+0200,e8b74f7e-d7aa-4d55-a35b-575566b97f17,2026-09-05T16:00:00Z,2026-09-05T18:00:00+0200,166.8675,MW,BE,BE,actual_offshore_wind_generation,Wind Offshore | Actual Aggregated,2026-09-10T06:11:50Z
2026-09-10T06:01:00Z,2026-09-10T08:01:00+0200,e8b74f7e-d7aa-4d55-a35b-575566b97f17,2026-09-05T17:00:00Z,2026-09-05T19:00:00+0200,99.205,MW,BE,BE,actual_offshore_wind_generation,Wind Offshore | Actual Aggregated,2026-09-10T06:11:50Z
2026-09-10T06:01:00Z,2026-09-10T08:01:00+0200,e8b74f7e-d7aa-4d55-a35b-575566b97f17,2026-09-05T18:00:00Z,2026-09-05T20:00:00+0200,71.595,MW,BE,BE,actual_offshore_wind_generation,Wind Offshore | Actual Aggregated,2026-09-10T06:11:50Z
2026-09-10T06:01:00Z,2026-09-10T08:01:00+0200,e8b74f7e-d7aa-4d55-a35b-575566b97f17,2026-09-05T19:00:00Z,2026-09-05T21:00:00+0200,11.365,MW,BE,BE,actual_offshore_wind_generation,Wind Offshore | Actual Aggregated,2026-09-10T06:11:50Z
2026-09-10T06:01:00Z,2026-09-10T08:01:00+0200,e8b74f7e-d7aa-4d55-a35b-575566b97f17,2026-09-05T20:00:00Z,2026-09-05T22:00:00+0200,22.635,MW,BE,BE,actual_offshore_wind_generation,Wind Offshore | Actual Aggregated,2026-09-10T06:11:50Z
2026-09-10T06:01:00Z,2026-09-10T08:01:00+0200,e8b74f7e-d7aa-4d55-a35b-575566b97f17,2026-09-05T21:00:00Z,2026-09-05T23:00:00+0200,4.815,MW,BE,BE,actual_offshore_wind_generation,Wind Offshore | Actual Aggregated,2026-09-10T06:11:50Z
2026-09-10T06:01:00Z,2026-09-10T08:01:00+0200,e8b74f7e-d7aa-4d55-a35b-575566b97f17,2026-09-05T21:00:00Z,2026-09-05T23:00:00+0200,5.9125,MW,BE,BE,actual_offshore_wind_generation,Wind Offshore | Actual Consumption,2026-09-10T06:11:50Z
2026-09-10T06:01:00Z,2026-09-10T08:01:00+0200,e8b74f7e-d7aa-4d55-a35b-575566b97f17,2026-09-05T22:00:00Z,2026-09-06T00:00:00+0200,1.515,MW,BE,BE,actual_offshore_wind_generation,Wind Offshore | Actual Aggregated,2026-09-10T06:11:50Z
2026-09-10T06:01:00Z,2026-09-10T08:01:00+0200,e8b74f7e-d7aa-4d55-a35b-575566b97f17,2026-09-05T22:00:00Z,2026-09-06T00:00:00+0200,6.58,MW,BE,BE,actual_offshore_wind_generation,Wind Offshore | Actual Consumption,2026-09-10T06:11:50Z
2026-09-10T06:01:00Z,2026-09-10T08:01:00+0200,e8b74f7e-d7aa-4d55-a35b-575566b97f17,2026-09-05T23:00:00Z,2026-09-06T01:00:00+0200,27.8225,MW,BE,BE,actual_offshore_wind_generation,Wind Offshore | Actual Aggregated,2026-09-10T06:11:50Z
2026-09-10T06:01:00Z,2026-09-10T08:01:00+0200,e8b74f7e-d7aa-4d55-a35b-575566b97f17,2026-09-05T23:00:00Z,2026-09-06T01:00:00+0200,3.21,MW,BE,BE,actual_offshore_wind_generation,Wind Offshore | Actual Consumption,2026-09-10T06:11:50Z
2026-09-10T06:01:00Z,2026-09-10T08:01:00+0200,e8b74f7e-d7aa-4d55-a35b-575566b97f17,2026-09-06T00:00:00Z,2026-09-06T02:00:00+0200,48.95,MW,BE,BE,actual_offshore_wind_generation,Wind Offshore | Actual Aggregated,2026-09-10T06:11:50Z
2026-09-10T06:01:00Z,2026-09-10T08:01:00+0200,e8b74f7e-d7aa-4d55-a35b-575566b97f17,2026-09-06T01:00:00Z,2026-09-06T03:00:00+0200,18.6825,MW,BE,BE,actual_offshore_wind_generation,Wind Offshore | Actual Aggregated,2026-09-10T06:11:50Z
2026-09-10T06:01:00Z,2026-09-10T08:01:00+0200,e8b74f7e-d7aa-4d55-a35b-575566b97f17,2026-09-06T01:00:00Z,2026-09-06T03:00:00+0200,6.5675,MW,BE,BE,actual_offshore_wind_generation,Wind Offshore | Actual Consumption,2026-09-10T06:11:50Z
2026-09-10T06:01:00Z,2026-09-10T08:01:00+0200,e8b74f7e-d7aa-4d55-a35b-575566b97f17,2026-09-06T02:00:00Z,2026-09-06T04:00:00+0200,102.1,MW,BE,BE,actual_offshore_wind_generation,Wind Offshore | Actual Aggregated,2026-09-10T06:11:50Z
2026-09-10T06:01:00Z,2026-09-10T08:01:00+0200,e8b74f7e-d7aa-4d55-a35b-575566b97f17,2026-09-06T03:00:00Z,2026-09-06T05:00:00+0200,151.0,MW,BE,BE,actual_offshore_wind_generation,Wind Offshore | Actual Aggregated,2026-09-10T06:11:50Z
2026-09-10T06:01:00Z,2026-09-10T08:01:00+0200,e8b74f7e-d7aa-4d55-a35b-575566b97f17,2026-09-06T04:00:00Z,2026-09-06T06:00:00+0200,290.9925,MW,BE,BE,actual_offshore_wind_generation,Wind Offshore | Actual Aggregated,2026-09-10T06:11:50Z
2026-09-10T06:01:00Z,2026-09-10T08:01:00+0200,e8b74f7e-d7aa-4d55-a35b-575566b97f17,2026-09-06T05:00:00Z,2026-09-06T07:00:00+0200,337.325,MW,BE,BE,actual_offshore_wind_generation,Wind Offshore | Actual Aggregated,2026-09-10T06:11:50Z
2026-09-10T06:01:00Z,2026-09-10T08:01:00+0200,e8b74f7e-d7aa-4d55-a35b-575566b97f17,2026-09-06T06:00:00Z,2026-09-06T08:00:00+0200,367.8825,MW,BE,BE,actual_offshore_wind_generation,Wind Offshore | Actual Aggregated,2026-09-10T06:11:50Z
2026-09-10T06:01:00Z,2026-09-10T08:01:00+0200,e8b74f7e-d7aa-4d55-a35b-575566b97f17,2026-09-06T07:00:00Z,2026-09-06T09:00:00+0200,230.39,MW,BE,BE,actual_offshore_wind_generation,Wind Offshore | Actual Aggregated,2026-09-10T06:11:50Z
2026-09-10T06:01:00Z,2026-09-10T08:01:00+0200,e8b74f7e-d7aa-4d55-a35b-575566b97f17,2026-09-06T08:00:00Z,2026-09-06T10:00:00+0200,172.085,MW,BE,BE,actual_offshore_wind_generation,Wind Offshore | Actual Aggregated,2026-09-10T06:11:50Z
2026-09-10T06:01:00Z,2026-09-10T08:01:00+0200,e8b74f7e-d7aa-4d55-a35b-575566b97f17,2026-09-06T09:00:00Z,2026-09-06T11:00:00+0200,131.5375,MW,BE,BE,actual_offshore_wind_generation,Wind Offshore | Actual Aggregated,2026-09-10T06:11:50Z
2026-09-10T06:01:00Z,2026-09-10T08:01:00+0200,e8b74f7e-d7aa-4d55-a35b-575566b97f17,2026-09-06T10:00:00Z,2026-09-06T12:00:00+0200,117.2075,MW,BE,BE,actual_offshore_wind_generation,Wind Offshore | Actual Aggregated,2026-09-10T06:11:50Z
2026-09-10T06:01:00Z,2026-09-10T08:01:00+0200,e8b74f7e-d7aa-4d55-a35b-575566b97f17,2026-09-06T11:00:00Z,2026-09-06T13:00:00+0200,66.71,MW,BE,BE,actual_offshore_wind_generation,Wind Offshore | Actual Aggregated,2026-09-10T06:11:50Z
2026-09-10T06:01:00Z,2026-09-10T08:01:00+0200,e8b74f7e-d7aa-4d55-a35b-575566b97f17,2026-09-06T12:00:00Z,2026-09-06T14:00:00+0200,1.585,MW,BE,BE,actual_offshore_wind_generation,Wind Offshore | Actual Aggregated,2026-09-10T06:11:50Z
2026-09-10T06:01:00Z,2026-09-10T08:01:00+0200,e8b74f7e-d7aa-4d55-a35b-575566b97f17,2026-09-06T12:00:00Z,2026-09-06T14:00:00+0200,11.3675,MW,BE,BE,actual_offshore_wind_generation,Wind Offshore | Actual Consumption,2026-09-10T06:11:50Z
2026-09-10T06:01:00Z,2026-09-10T08:01:00+0200,e8b74f7e-d7aa-4d55-a35b-575566b97f17,2026-09-06T13:00:00Z,2026-09-06T15:00:00+0200,30.285,MW,BE,BE,actual_offshore_wind_generation,Wind Offshore | Actual Consumption,2026-09-10T06:11:50Z
2026-09-10T06:01:00Z,2026-09-10T08:01:00+0200,e8b74f7e-d7aa-4d55-a35b-575566b97f17,2026-09-06T14:00:00Z,2026-09-06T16:00:00+0200,28.99,MW,BE,BE,actual_offshore_wind_generation,Wind Offshore | Actual Consumption,2026-09-10T06:11:50Z
2026-09-10T06:01:00Z,2026-09-10T08:01:00+0200,e8b74f7e-d7aa-4d55-a35b-575566b97f17,2026-09-06T15:00:00Z,2026-09-06T17:00:00+0200,8.8525,MW,BE,BE,actual_offshore_wind_generation,Wind Offshore | Actual Consumption,2026-09-10T06:11:50Z
2026-09-10T06:01:00Z,2026-09-10T08:01:00+0200,e8b74f7e-d7aa-4d55-a35b-575566b97f17,2026-09-06T16:00:00Z,2026-09-06T18:00:00+0200,6.6275,MW,BE,BE,actual_offshore_wind_generation,Wind Offshore | Actual Aggregated,2026-09-10T06:11:50Z
2026-09-10T06:01:00Z,2026-09-10T08:01:00+0200,e8b74f7e-d7aa-4d55-a35b-575566b97f17,2026-09-06T16:00:00Z,2026-09-06T18:00:00+0200,3.5375,MW,BE,BE,actual_offshore_wind_generation,Wind Offshore | Actual Consumption,2026-09-10T06:11:50Z
2026-09-10T06:01:00Z,2026-09-10T08:01:00+0200,e8b74f7e-d7aa-4d55-a35b-575566b97f17,2026-09-06T17:00:00Z,2026-09-06T19:00:00+0200,53.6575,MW,BE,BE,actual_offshore_wind_generation,Wind Offshore | Actual Aggregated,2026-09-10T06:11:50Z
2026-09-10T06:01:00Z,2026-09-10T08:01:00+0200,e8b74f7e-d7aa-4d55-a35b-575566b97f17,2026-09-06T18:00:00Z,2026-09-06T20:00:00+0200,164.5825,MW,BE,BE,actual_offshore_wind_generation,Wind Offshore | Actual Aggregated,2026-09-10T06:11:50Z
2026-09-10T06:01:00Z,2026-09-10T08:01:00+0200,e8b74f7e-d7aa-4d55-a35b-575566b97f17,2026-09-06T19:00:00Z,2026-09-06T21:00:00+0200,335.9375,MW,BE,BE,actual_offshore_wind_generation,Wind Offshore | Actual Aggregated,2026-09-10T06:11:50Z
2026-09-10T06:01:00Z,2026-09-10T08:01:00+0200,e8b74f7e-d7aa-4d55-a35b-575566b97f17,2026-09-06T20:00:00Z,2026-09-06T22:00:00+0200,313.28,MW,BE,BE,actual_offshore_wind_generation,Wind Offshore | Actual Aggregated,2026-09-10T06:11:50Z
2026-09-10T06:01:00Z,2026-09-10T08:01:00+0200,e8b74f7e-d7aa-4d55-a35b-575566b97f17,2026-09-06T21:00:00Z,2026-09-06T23:00:00+0200,385.7625,MW,BE,BE,actual_offshore_wind_generation,Wind Offshore | Actual Aggregated,2026-09-10T06:11:50Z
2026-09-10T06:01:00Z,2026-09-10T08:01:00+0200,e8b74f7e-d7aa-4d55-a35b-575566b97f17,2026-09-06T22:00:00Z,2026-09-07T00:00:00+0200,387.29525,MW,BE,BE,actual_offshore_wind_generation,Wind Offshore | Actual Aggregated,2026-09-10T06:11:50Z
2026-09-10T06:01:00Z,2026-09-10T08:01:00+0200,e8b74f7e-d7aa-4d55-a35b-575566b97f17,2026-09-06T23:00:00Z,2026-09-07T01:00:00+0200,633.28475,MW,BE,BE,actual_offshore_wind_generation,Wind Offshore | Actual Aggregated,2026-09-10T06:11:50Z
2026-09-10T06:01:00Z,2026-09-10T08:01:00+0200,e8b74f7e-d7aa-4d55-a35b-575566b97f17,2026-09-07T00:00:00Z,2026-09-07T02:00:00+0200,606.77925,MW,BE,BE,actual_offshore_wind_generation,Wind Offshore | Actual Aggregated,2026-09-10T06:11:50Z
2026-09-10T06:01:00Z,2026-09-10T08:01:00+0200,e8b74f7e-d7aa-4d55-a35b-575566b97f17,2026-09-07T01:00:00Z,2026-09-07T03:00:00+0200,480.30475,MW,BE,BE,actual_offshore_wind_generation,Wind Offshore | Actual Aggregated,2026-09-10T06:11:50Z
2026-09-10T06:01:00Z,2026-09-10T08:01:00+0200,e8b74f7e-d7aa-4d55-a35b-575566b97f17,2026-09-07T02:00:00Z,2026-09-07T04:00:00+0200,458.76475,MW,BE,BE,actual_offshore_wind_generation,Wind Offshore | Actual Aggregated,2026-09-10T06:11:50Z
2026-09-10T06:01:00Z,2026-09-10T08:01:00+0200,e8b74f7e-d7aa-4d55-a35b-575566b97f17,2026-09-07T03:00:00Z,2026-09-07T05:00:00+0200,530.8785,MW,BE,BE,actual_offshore_wind_generation,Wind Offshore | Actual Aggregated,2026-09-10T06:11:50Z
2026-09-10T06:01:00Z,2026-09-10T08:01:00+0200,e8b74f7e-d7aa-4d55-a35b-575566b97f17,2026-09-07T04:00:00Z,2026-09-07T06:00:00+0200,392.27725,MW,BE,BE,actual_offshore_wind_generation,Wind Offshore | Actual Aggregated,2026-09-10T06:11:50Z
2026-09-10T06:01:00Z,2026-09-10T08:01:00+0200,e8b74f7e-d7aa-4d55-a35b-575566b97f17,2026-09-07T05:00:00Z,2026-09-07T07:00:00+0200,337.80575,MW,BE,BE,actual_offshore_wind_generation,Wind Offshore | Actual Aggregated,2026-09-10T06:11:50Z
2026-09-10T06:01:00Z,2026-09-10T08:01:00+0200,e8b74f7e-d7aa-4d55-a35b-575566b97f17,2026-09-07T06:00:00Z,2026-09-07T08:00:00+0200,362.48575,MW,BE,BE,actual_offshore_wind_generation,Wind Offshore | Actual Aggregated,2026-09-10T06:11:50Z
2026-09-10T06:01:00Z,2026-09-10T08:01:00+0200,e8b74f7e-d7aa-4d55-a35b-575566b97f17,2026-09-07T07:00:00Z,2026-09-07T09:00:00+0200,442.96325,MW,BE,BE,actual_offshore_wind_generation,Wind Offshore | Actual Aggregated,2026-09-10T06:11:50Z
2026-09-10T06:01:00Z,2026-09-10T08:01:00+0200,e8b74f7e-d7aa-4d55-a35b-575566b97f17,2026-09-07T08:00:00Z,2026-09-07T10:00:00+0200,494.124,MW,BE,BE,actual_offshore_wind_generation,Wind Offshore | Actual Aggregated,2026-09-10T06:11:50Z
2026-09-10T06:01:00Z,2026-09-10T08:01:00+0200,e8b74f7e-d7aa-4d55-a35b-575566b97f17,2026-09-07T09:00:00Z,2026-09-07T11:00:00+0200,979.797,MW,BE,BE,actual_offshore_wind_generation,Wind Offshore | Actual Aggregated,2026-09-10T06:11:50Z
2026-09-10T06:01:00Z,2026-09-10T08:01:00+0200,e8b74f7e-d7aa-4d55-a35b-575566b97f17,2026-09-07T10:00:00Z,2026-09-07T12:00:00+0200,1082.44725,MW,BE,BE,actual_offshore_wind_generation,Wind Offshore | Actual Aggregated,2026-09-10T06:11:50Z
2026-09-10T06:01:00Z,2026-09-10T08:01:00+0200,e8b74f7e-d7aa-4d55-a35b-575566b97f17,2026-09-07T11:00:00Z,2026-09-07T13:00:00+0200,924.5645,MW,BE,BE,actual_offshore_wind_generation,Wind Offshore | Actual Aggregated,2026-09-10T06:11:50Z
2026-09-10T06:01:00Z,2026-09-10T08:01:00+0200,e8b74f7e-d7aa-4d55-a35b-575566b97f17,2026-09-07T12:00:00Z,2026-09-07T14:00:00+0200,1211.133,MW,BE,BE,actual_offshore_wind_generation,Wind Offshore | Actual Aggregated,2026-09-10T06:11:50Z
2026-09-10T06:01:00Z,2026-09-10T08:01:00+0200,e8b74f7e-d7aa-4d55-a35b-575566b97f17,2026-09-07T13:00:00Z,2026-09-07T15:00:00+0200,1819.3915,MW,BE,BE,actual_offshore_wind_generation,Wind Offshore | Actual Aggregated,2026-09-10T06:11:50Z
2026-09-10T06:01:00Z,2026-09-10T08:01:00+0200,e8b74f7e-d7aa-4d55-a35b-575566b97f17,2026-09-07T14:00:00Z,2026-09-07T16:00:00+0200,2031.845,MW,BE,BE,actual_offshore_wind_generation,Wind Offshore | Actual Aggregated,2026-09-10T06:11:50Z
2026-09-10T06:01:00Z,2026-09-10T08:01:00+0200,e8b74f7e-d7aa-4d55-a35b-575566b97f17,2026-09-07T15:00:00Z,2026-09-07T17:00:00+0200,2027.1885,MW,BE,BE,actual_offshore_wind_generation,Wind Offshore | Actual Aggregated,2026-09-10T06:11:50Z
2026-09-10T06:01:00Z,2026-09-10T08:01:00+0200,e8b74f7e-d7aa-4d55-a35b-575566b97f17,2026-09-07T16:00:00Z,2026-09-07T18:00:00+0200,2022.69625,MW,BE,BE,actual_offshore_wind_generation,Wind Offshore | Actual Aggregated,2026-09-10T06:11:50Z
2026-09-10T06:01:00Z,2026-09-10T08:01:00+0200,e8b74f7e-d7aa-4d55-a35b-575566b97f17,2026-09-07T17:00:00Z,2026-09-07T19:00:00+0200,2004.35325,MW,BE,BE,actual_offshore_wind_generation,Wind Offshore | Actual Aggregated,2026-09-10T06:11:50Z
2026-09-10T06:01:00Z,2026-09-10T08:01:00+0200,e8b74f7e-d7aa-4d55-a35b-575566b97f17,2026-09-07T18:00:00Z,2026-09-07T20:00:00+0200,2028.88375,MW,BE,BE,actual_offshore_wind_generation,Wind Offshore | Actual Aggregated,2026-09-10T06:11:50Z
2026-09-10T06:01:00Z,2026-09-10T08:01:00+0200,e8b74f7e-d7aa-4d55-a35b-575566b97f17,2026-09-07T19:00:00Z,2026-09-07T21:00:00+0200,2046.78875,MW,BE,BE,actual_offshore_wind_generation,Wind Offshore | Actual Aggregated,2026-09-10T06:11:50Z
2026-09-10T06:01:00Z,2026-09-10T08:01:00+0200,e8b74f7e-d7aa-4d55-a35b-575566b97f17,2026-09-07T20:00:00Z,2026-09-07T22:00:00+0200,1994.229,MW,BE,BE,actual_offshore_wind_generation,Wind Offshore | Actual Aggregated,2026-09-10T06:11:50Z
2026-09-10T06:01:00Z,2026-09-10T08:01:00+0200,e8b74f7e-d7aa-4d55-a35b-575566b97f17,2026-09-07T21:00:00Z,2026-09-07T23:00:00+0200,2051.86375,MW,BE,BE,actual_offshore_wind_generation,Wind Offshore | Actual Aggregated,2026-09-10T06:11:50Z
2026-09-10T06:01:00Z,2026-09-10T08:01:00+0200,e8b74f7e-d7aa-4d55-a35b-575566b97f17,2026-09-07T22:00:00Z,2026-09-08T00:00:00+0200,2070.473,MW,BE,BE,actual_offshore_wind_generation,Wind Offshore | Actual Aggregated,2026-09-10T06:11:50Z
2026-09-10T06:01:00Z,2026-09-10T08:01:00+0200,e8b74f7e-d7aa-4d55-a35b-575566b97f17,2026-09-07T23:00:00Z,2026-09-08T01:00:00+0200,1807.85075,MW,BE,BE,actual_offshore_wind_generation,Wind Offshore | Actual Aggregated,2026-09-10T06:11:50Z
2026-09-10T06:01:00Z,2026-09-10T08:01:00+0200,e8b74f7e-d7aa-4d55-a35b-575566b97f17,2026-09-08T00:00:00Z,2026-09-08T02:00:00+0200,1828.909,MW,BE,BE,actual_offshore_wind_generation,Wind Offshore | Actual Aggregated,2026-09-10T06:11:50Z
2026-09-10T06:01:00Z,2026-09-10T08:01:00+0200,e8b74f7e-d7aa-4d55-a35b-575566b97f17,2026-09-08T01:00:00Z,2026-09-08T03:00:00+0200,1507.4215,MW,BE,BE,actual_offshore_wind_generation,Wind Offshore | Actual Aggregated,2026-09-10T06:11:50Z
2026-09-10T06:01:00Z,2026-09-10T08:01:00+0200,e8b74f7e-d7aa-4d55-a35b-575566b97f17,2026-09-08T02:00:00Z,2026-09-08T04:00:00+0200,1205.366,MW,BE,BE,actual_offshore_wind_generation,Wind Offshore | Actual Aggregated,2026-09-10T06:11:50Z
2026-09-10T06:01:00Z,2026-09-10T08:01:00+0200,e8b74f7e-d7aa-4d55-a35b-575566b97f17,2026-09-08T03:00:00Z,2026-09-08T05:00:00+0200,893.91075,MW,BE,BE,actual_offshore_wind_generation,Wind Offshore | Actual Aggregated,2026-09-10T06:11:50Z
2026-09-10T06:01:00Z,2026-09-10T08:01:00+0200,e8b74f7e-d7aa-4d55-a35b-575566b97f17,2026-09-08T04:00:00Z,2026-09-08T06:00:00+0200,714.60275,MW,BE,BE,actual_offshore_wind_generation,Wind Offshore | Actual Aggregated,2026-09-10T06:11:50Z
2026-09-10T06:01:00Z,2026-09-10T08:01:00+0200,e8b74f7e-d7aa-4d55-a35b-575566b97f17,2026-09-08T05:00:00Z,2026-09-08T07:00:00+0200,597.01925,MW,BE,BE,actual_offshore_wind_generation,Wind Offshore | Actual Aggregated,2026-09-10T06:11:50Z
2026-09-10T06:01:00Z,2026-09-10T08:01:00+0200,e8b74f7e-d7aa-4d55-a35b-575566b97f17,2026-09-08T06:00:00Z,2026-09-08T08:00:00+0200,699.2495,MW,BE,BE,actual_offshore_wind_generation,Wind Offshore | Actual Aggregated,2026-09-10T06:11:50Z
2026-09-10T06:01:00Z,2026-09-10T08:01:00+0200,e8b74f7e-d7aa-4d55-a35b-575566b97f17,2026-09-08T07:00:00Z,2026-09-08T09:00:00+0200,604.00075,MW,BE,BE,actual_offshore_wind_generation,Wind Offshore | Actual Aggregated,2026-09-10T06:11:50Z
2026-09-10T06:01:00Z,2026-09-10T08:01:00+0200,e8b74f7e-d7aa-4d55-a35b-575566b97f17,2026-09-08T08:00:00Z,2026-09-08T10:00:00+0200,548.48575,MW,BE,BE,actual_offshore_wind_generation,Wind Offshore | Actual Aggregated,2026-09-10T06:11:50Z
2026-09-10T06:01:00Z,2026-09-10T08:01:00+0200,e8b74f7e-d7aa-4d55-a35b-575566b97f17,2026-09-08T09:00:00Z,2026-09-08T11:00:00+0200,457.34875,MW,BE,BE,actual_offshore_wind_generation,Wind Offshore | Actual Aggregated,2026-09-10T06:11:50Z
2026-09-10T06:01:00Z,2026-09-10T08:01:00+0200,e8b74f7e-d7aa-4d55-a35b-575566b97f17,2026-09-08T10:00:00Z,2026-09-08T12:00:00+0200,253.4625,MW,BE,BE,actual_offshore_wind_generation,Wind Offshore | Actual Aggregated,2026-09-10T06:11:50Z
2026-09-10T06:01:00Z,2026-09-10T08:01:00+0200,e8b74f7e-d7aa-4d55-a35b-575566b97f17,2026-09-08T11:00:00Z,2026-09-08T13:00:00+0200,127.6875,MW,BE,BE,actual_offshore_wind_generation,Wind Offshore | Actual Aggregated,2026-09-10T06:11:50Z
2026-09-10T06:01:00Z,2026-09-10T08:01:00+0200,e8b74f7e-d7aa-4d55-a35b-575566b97f17,2026-09-08T12:00:00Z,2026-09-08T14:00:00+0200,299.784,MW,BE,BE,actual_offshore_wind_generation,Wind Offshore | Actual Aggregated,2026-09-10T06:11:50Z
2026-09-10T06:01:00Z,2026-09-10T08:01:00+0200,e8b74f7e-d7aa-4d55-a35b-575566b97f17,2026-09-08T13:00:00Z,2026-09-08T15:00:00+0200,337.72775,MW,BE,BE,actual_offshore_wind_generation,Wind Offshore | Actual Aggregated,2026-09-10T06:11:50Z
2026-09-10T06:01:00Z,2026-09-10T08:01:00+0200,e8b74f7e-d7aa-4d55-a35b-575566b97f17,2026-09-08T14:00:00Z,2026-09-08T16:00:00+0200,34.41075,MW,BE,BE,actual_offshore_wind_generation,Wind Offshore | Actual Aggregated,2026-09-10T06:11:50Z
2026-09-10T06:01:00Z,2026-09-10T08:01:00+0200,e8b74f7e-d7aa-4d55-a35b-575566b97f17,2026-09-08T15:00:00Z,2026-09-08T17:00:00+0200,2.432,MW,BE,BE,actual_offshore_wind_generation,Wind Offshore | Actual Aggregated,2026-09-10T06:11:50Z
2026-09-10T06:01:00Z,2026-09-10T08:01:00+0200,e8b74f7e-d7aa-4d55-a35b-575566b97f17,2026-09-08T16:00:00Z,2026-09-08T18:00:00+0200,695.24625,MW,BE,BE,actual_offshore_wind_generation,Wind Offshore | Actual Aggregated,2026-09-10T06:11:50Z
2026-09-10T06:01:00Z,2026-09-10T08:01:00+0200,e8b74f7e-d7aa-4d55-a35b-575566b97f17,2026-09-08T17:00:00Z,2026-09-08T19:00:00+0200,1356.21275,MW,BE,BE,actual_offshore_wind_generation,Wind Offshore | Actual Aggregated,2026-09-10T06:11:50Z
2026-09-10T06:01:00Z,2026-09-10T08:01:00+0200,e8b74f7e-d7aa-4d55-a35b-575566b97f17,2026-09-08T18:00:00Z,2026-09-08T20:00:00+0200,1707.147,MW,BE,BE,actual_offshore_wind_generation,Wind Offshore | Actual Aggregated,2026-09-10T06:11:50Z
2026-09-10T06:01:00Z,2026-09-10T08:01:00+0200,e8b74f7e-d7aa-4d55-a35b-575566b97f17,2026-09-08T19:00:00Z,2026-09-08T21:00:00+0200,1828.5375,MW,BE,BE,actual_offshore_wind_generation,Wind Offshore | Actual Aggregated,2026-09-10T06:11:50Z
2026-09-10T06:01:00Z,2026-09-10T08:01:00+0200,e8b74f7e-d7aa-4d55-a35b-575566b97f17,2026-09-08T20:00:00Z,2026-09-08T22:00:00+0200,1959.60025,MW,BE,BE,actual_offshore_wind_generation,Wind Offshore | Actual Aggregated,2026-09-10T06:11:50Z
2026-09-10T06:01:00Z,2026-09-10T08:01:00+0200,e8b74f7e-d7aa-4d55-a35b-575566b97f17,2026-09-08T21:00:00Z,2026-09-08T23:00:00+0200,2040.328,MW,BE,BE,actual_offshore_wind_generation,Wind Offshore | Actual Aggregated,2026-09-10T06:11:50Z
2026-09-10T06:01:00Z,2026-09-10T08:01:00+0200,e8b74f7e-d7aa-4d55-a35b-575566b97f17,2026-09-08T22:00:00Z,2026-09-09T00:00:00+0200,2096.17525,MW,BE,BE,actual_offshore_wind_generation,Wind Offshore | Actual Aggregated,2026-09-10T06:11:50Z
2026-09-10T06:01:00Z,2026-09-10T08:01:00+0200,e8b74f7e-d7aa-4d55-a35b-575566b97f17,2026-09-08T23:00:00Z,2026-09-09T01:00:00+0200,1865.7425,MW,BE,BE,actual_offshore_wind_generation,Wind Offshore | Actual Aggregated,2026-09-10T06:11:50Z
2026-09-10T06:01:00Z,2026-09-10T08:01:00+0200,e8b74f7e-d7aa-4d55-a35b-575566b97f17,2026-09-09T00:00:00Z,2026-09-09T02:00:00+0200,1970.2175,MW,BE,BE,actual_offshore_wind_generation,Wind Offshore | Actual Aggregated,2026-09-10T06:11:50Z
2026-09-10T06:01:00Z,2026-09-10T08:01:00+0200,e8b74f7e-d7aa-4d55-a35b-575566b97f17,2026-09-09T01:00:00Z,2026-09-09T03:00:00+0200,1924.826,MW,BE,BE,actual_offshore_wind_generation,Wind Offshore | Actual Aggregated,2026-09-10T06:11:50Z
2026-09-10T06:01:00Z,2026-09-10T08:01:00+0200,e8b74f7e-d7aa-4d55-a35b-575566b97f17,2026-09-09T02:00:00Z,2026-09-09T04:00:00+0200,1996.308,MW,BE,BE,actual_offshore_wind_generation,Wind Offshore | Actual Aggregated,2026-09-10T06:11:50Z
2026-09-10T06:01:00Z,2026-09-10T08:01:00+0200,e8b74f7e-d7aa-4d55-a35b-575566b97f17,2026-09-09T03:00:00Z,2026-09-09T05:00:00+0200,1936.888,MW,BE,BE,actual_offshore_wind_generation,Wind Offshore | Actual Aggregated,2026-09-10T06:11:50Z
2026-09-10T06:01:00Z,2026-09-10T08:01:00+0200,e8b74f7e-d7aa-4d55-a35b-575566b97f17,2026-09-09T04:00:00Z,2026-09-09T06:00:00+0200,1824.159,MW,BE,BE,actual_offshore_wind_generation,Wind Offshore | Actual Aggregated,2026-09-10T06:11:50Z
2026-09-10T06:01:00Z,2026-09-10T08:01:00+0200,e8b74f7e-d7aa-4d55-a35b-575566b97f17,2026-09-09T05:00:00Z,2026-09-09T07:00:00+0200,1768.662,MW,BE,BE,actual_offshore_wind_generation,Wind Offshore | Actual Aggregated,2026-09-10T06:11:50Z
2026-09-10T06:01:00Z,2026-09-10T08:01:00+0200,e8b74f7e-d7aa-4d55-a35b-575566b97f17,2026-09-09T06:00:00Z,2026-09-09T08:00:00+0200,1702.76125,MW,BE,BE,actual_offshore_wind_generation,Wind Offshore | Actual Aggregated,2026-09-10T06:11:50Z
2026-09-10T06:01:00Z,2026-09-10T08:01:00+0200,e8b74f7e-d7aa-4d55-a35b-575566b97f17,2026-09-09T07:00:00Z,2026-09-09T09:00:00+0200,1631.76,MW,BE,BE,actual_offshore_wind_generation,Wind Offshore | Actual Aggregated,2026-09-10T06:11:50Z
2026-09-10T06:01:00Z,2026-09-10T08:01:00+0200,e8b74f7e-d7aa-4d55-a35b-575566b97f17,2026-09-09T08:00:00Z,2026-09-09T10:00:00+0200,1307.1025,MW,BE,BE,actual_offshore_wind_generation,Wind Offshore | Actual Aggregated,2026-09-10T06:11:50Z
2026-09-10T06:01:00Z,2026-09-10T08:01:00+0200,e8b74f7e-d7aa-4d55-a35b-575566b97f17,2026-09-09T09:00:00Z,2026-09-09T11:00:00+0200,1189.6,MW,BE,BE,actual_offshore_wind_generation,Wind Offshore | Actual Aggregated,2026-09-10T06:11:50Z
2026-09-10T06:01:00Z,2026-09-10T08:01:00+0200,e8b74f7e-d7aa-4d55-a35b-575566b97f17,2026-09-09T10:00:00Z,2026-09-09T12:00:00+0200,967.77475,MW,BE,BE,actual_offshore_wind_generation,Wind Offshore | Actual Aggregated,2026-09-10T06:11:50Z
2026-09-10T06:01:00Z,2026-09-10T08:01:00+0200,e8b74f7e-d7aa-4d55-a35b-575566b97f17,2026-09-09T11:00:00Z,2026-09-09T13:00:00+0200,952.8835,MW,BE,BE,actual_offshore_wind_generation,Wind Offshore | Actual Aggregated,2026-09-10T06:11:50Z
2026-09-10T06:01:00Z,2026-09-10T08:01:00+0200,e8b74f7e-d7aa-4d55-a35b-575566b97f17,2026-09-09T12:00:00Z,2026-09-09T14:00:00+0200,927.81925,MW,BE,BE,actual_offshore_wind_generation,Wind Offshore | Actual Aggregated,2026-09-10T06:11:50Z
2026-09-10T06:01:00Z,2026-09-10T08:01:00+0200,e8b74f7e-d7aa-4d55-a35b-575566b97f17,2026-09-09T13:00:00Z,2026-09-09T15:00:00+0200,880.475,MW,BE,BE,actual_offshore_wind_generation,Wind Offshore | Actual Aggregated,2026-09-10T06:11:50Z
2026-09-10T06:01:00Z,2026-09-10T08:01:00+0200,e8b74f7e-d7aa-4d55-a35b-575566b97f17,2026-09-09T14:00:00Z,2026-09-09T16:00:00+0200,592.27675,MW,BE,BE,actual_offshore_wind_generation,Wind Offshore | Actual Aggregated,2026-09-10T06:11:50Z
2026-09-10T06:01:00Z,2026-09-10T08:01:00+0200,e8b74f7e-d7aa-4d55-a35b-575566b97f17,2026-09-09T15:00:00Z,2026-09-09T17:00:00+0200,319.98975,MW,BE,BE,actual_offshore_wind_generation,Wind Offshore | Actual Aggregated,2026-09-10T06:11:50Z
2026-09-10T06:01:00Z,2026-09-10T08:01:00+0200,e8b74f7e-d7aa-4d55-a35b-575566b97f17,2026-09-09T16:00:00Z,2026-09-09T18:00:00+0200,362.62225,MW,BE,BE,actual_offshore_wind_generation,Wind Offshore | Actual Aggregated,2026-09-10T06:11:50Z
2026-09-10T06:01:00Z,2026-09-10T08:01:00+0200,e8b74f7e-d7aa-4d55-a35b-575566b97f17,2026-09-09T17:00:00Z,2026-09-09T19:00:00+0200,224.7125,MW,BE,BE,actual_offshore_wind_generation,Wind Offshore | Actual Aggregated,2026-09-10T06:11:50Z
2026-09-10T06:01:00Z,2026-09-10T08:01:00+0200,e8b74f7e-d7aa-4d55-a35b-575566b97f17,2026-09-09T18:00:00Z,2026-09-09T20:00:00+0200,229.708,MW,BE,BE,actual_offshore_wind_generation,Wind Offshore | Actual Aggregated,2026-09-10T06:11:50Z
2026-09-10T06:01:00Z,2026-09-10T08:01:00+0200,e8b74f7e-d7aa-4d55-a35b-575566b97f17,2026-09-09T19:00:00Z,2026-09-09T21:00:00+0200,164.7095,MW,BE,BE,actual_offshore_wind_generation,Wind Offshore | Actual Aggregated,2026-09-10T06:11:50Z
2026-09-10T06:01:00Z,2026-09-10T08:01:00+0200,e8b74f7e-d7aa-4d55-a35b-575566b97f17,2026-09-09T20:00:00Z,2026-09-09T22:00:00+0200,30.9035,MW,BE,BE,actual_offshore_wind_generation,Wind Offshore | Actual Aggregated,2026-09-10T06:11:50Z
2026-09-10T06:01:00Z,2026-09-10T08:01:00+0200,e8b74f7e-d7aa-4d55-a35b-575566b97f17,2026-09-09T21:00:00Z,2026-09-09T23:00:00+0200,0.436,MW,BE,BE,actual_offshore_wind_generation,Wind Offshore | Actual Aggregated,2026-09-10T06:11:50Z
2026-09-10T06:01:00Z,2026-09-10T08:01:00+0200,e8b74f7e-d7aa-4d55-a35b-575566b97f17,2026-09-09T22:00:00Z,2026-09-10T00:00:00+0200,0.002,MW,BE,BE,actual_offshore_wind_generation,Wind Offshore | Actual Aggregated,2026-09-10T06:11:50Z
2026-09-10T06:01:00Z,2026-09-10T08:01:00+0200,e8b74f7e-d7aa-4d55-a35b-575566b97f17,2026-09-09T23:00:00Z,2026-09-10T01:00:00+0200,0.002,MW,BE,BE,actual_offshore_wind_generation,Wind Offshore | Actual Aggregated,2026-09-10T06:11:50Z
2026-09-10T06:01:00Z,2026-09-10T08:01:00+0200,e8b74f7e-d7aa-4d55-a35b-575566b97f17,2026-09-10T00:00:00Z,2026-09-10T02:00:00+0200,0.1795,MW,BE,BE,actual_offshore_wind_generation,Wind Offshore | Actual Aggregated,2026-09-10T06:11:50Z
2026-09-10T06:01:00Z,2026-09-10T08:01:00+0200,e8b74f7e-d7aa-4d55-a35b-575566b97f17,2026-09-10T01:00:00Z,2026-09-10T03:00:00+0200,55.9875,MW,BE,BE,actual_offshore_wind_generation,Wind Offshore | Actual Aggregated,2026-09-10T06:11:50Z
