collection_time_utc,collection_time_local,run_id,timestamp_utc,timestamp_local,value,unit,country,entsoe_area,variable,source,updated_at_utc
2026-08-05T07:08:29Z,2026-08-05T09:08:29+0200,d671fb79-bd81-42f3-a5fe-a0a907bfe6ea,2026-07-05T07:15:00Z,2026-07-05T09:15:00+0200,7779.22168,MW,FR,FR,forecast_solar_generation,Solar,2026-08-05T07:10:17Z
2026-08-05T07:08:29Z,2026-08-05T09:08:29+0200,d671fb79-bd81-42f3-a5fe-a0a907bfe6ea,2026-07-05T07:30:00Z,2026-07-05T09:30:00+0200,8762.77832,MW,FR,FR,forecast_solar_generation,Solar,2026-08-05T07:10:17Z
2026-08-05T07:08:29Z,2026-08-05T09:08:29+0200,d671fb79-bd81-42f3-a5fe-a0a907bfe6ea,2026-07-05T07:45:00Z,2026-07-05T09:45:00+0200,9638.48438,MW,FR,FR,forecast_solar_generation,Solar,2026-08-05T07:10:17Z
2026-08-05T07:08:29Z,2026-08-05T09:08:29+0200,d671fb79-bd81-42f3-a5fe-a0a907bfe6ea,2026-07-05T08:00:00Z,2026-07-05T10:00:00+0200,10535.67773,MW,FR,FR,forecast_solar_generation,Solar,2026-08-05T07:10:17Z
2026-08-05T07:08:29Z,2026-08-05T09:08:29+0200,d671fb79-bd81-42f3-a5fe-a0a907bfe6ea,2026-07-05T08:15:00Z,2026-07-05T10:15:00+0200,11398.64453,MW,FR,FR,forecast_solar_generation,Solar,2026-08-05T07:10:17Z
2026-08-05T07:08:29Z,2026-08-05T09:08:29+0200,d671fb79-bd81-42f3-a5fe-a0a907bfe6ea,2026-07-05T08:30:00Z,2026-07-05T10:30:00+0200,12182.52344,MW,FR,FR,forecast_solar_generation,Solar,2026-08-05T07:10:17Z
2026-08-05T07:08:29Z,2026-08-05T09:08:29+0200,d671fb79-bd81-42f3-a5fe-a0a907bfe6ea,2026-07-05T08:45:00Z,2026-07-05T10:45:00+0200,12791.22949,MW,FR,FR,forecast_solar_generation,Solar,2026-08-05T07:10:17Z
2026-08-05T07:08:29Z,2026-08-05T09:08:29+0200,d671fb79-bd81-42f3-a5fe-a0a907bfe6ea,2026-07-05T09:00:00Z,2026-07-05T11:00:00+0200,13409.1709,MW,FR,FR,forecast_solar_generation,Solar,2026-08-05T07:10:17Z
2026-08-05T07:08:29Z,2026-08-05T09:08:29+0200,d671fb79-bd81-42f3-a5fe-a0a907bfe6ea,2026-07-05T09:15:00Z,2026-07-05T11:15:00+0200,14021.97461,MW,FR,FR,forecast_solar_generation,Solar,2026-08-05T07:10:17Z
2026-08-05T07:08:29Z,2026-08-05T09:08:29+0200,d671fb79-bd81-42f3-a5fe-a0a907bfe6ea,2026-07-05T09:30:00Z,2026-07-05T11:30:00+0200,14193.91113,MW,FR,FR,forecast_solar_generation,Solar,2026-08-05T07:10:17Z
2026-08-05T07:08:29Z,2026-08-05T09:08:29+0200,d671fb79-bd81-42f3-a5fe-a0a907bfe6ea,2026-07-05T09:45:00Z,2026-07-05T11:45:00+0200,14628.55566,MW,FR,FR,forecast_solar_generation,Solar,2026-08-05T07:10:17Z
2026-08-05T07:08:29Z,2026-08-05T09:08:29+0200,d671fb79-bd81-42f3-a5fe-a0a907bfe6ea,2026-07-05T10:00:00Z,2026-07-05T12:00:00+0200,15007.08691,MW,FR,FR,forecast_solar_generation,Solar,2026-08-05T07:10:17Z
2026-08-05T07:08:29Z,2026-08-05T09:08:29+0200,d671fb79-bd81-42f3-a5fe-a0a907bfe6ea,2026-07-05T10:15:00Z,2026-07-05T12:15:00+0200,15831.83984,MW,FR,FR,forecast_solar_generation,Solar,2026-08-05T07:10:17Z
2026-08-05T07:08:29Z,2026-08-05T09:08:29+0200,d671fb79-bd81-42f3-a5fe-a0a907bfe6ea,2026-07-05T10:30:00Z,2026-07-05T12:30:00+0200,16166.34082,MW,FR,FR,forecast_solar_generation,Solar,2026-08-05T07:10:17Z
2026-08-05T07:08:29Z,2026-08-05T09:08:29+0200,d671fb79-bd81-42f3-a5fe-a0a907bfe6ea,2026-07-05T10:45:00Z,2026-07-05T12:45:00+0200,15912.3916,MW,FR,FR,forecast_solar_generation,Solar,2026-08-05T07:10:17Z
2026-08-05T07:08:29Z,2026-08-05T09:08:29+0200,d671fb79-bd81-42f3-a5fe-a0a907bfe6ea,2026-07-05T11:00:00Z,2026-07-05T13:00:00+0200,14588.16602,MW,FR,FR,forecast_solar_generation,Solar,2026-08-05T07:10:17Z
2026-08-05T07:08:29Z,2026-08-05T09:08:29+0200,d671fb79-bd81-42f3-a5fe-a0a907bfe6ea,2026-07-05T11:15:00Z,2026-07-05T13:15:00+0200,14661.49219,MW,FR,FR,forecast_solar_generation,Solar,2026-08-05T07:10:17Z
2026-08-05T07:08:29Z,2026-08-05T09:08:29+0200,d671fb79-bd81-42f3-a5fe-a0a907bfe6ea,2026-07-05T11:30:00Z,2026-07-05T13:30:00+0200,14712.43555,MW,FR,FR,forecast_solar_generation,Solar,2026-08-05T07:10:17Z
2026-08-05T07:08:29Z,2026-08-05T09:08:29+0200,d671fb79-bd81-42f3-a5fe-a0a907bfe6ea,2026-07-05T11:45:00Z,2026-07-05T13:45:00+0200,14720.14453,MW,FR,FR,forecast_solar_generation,Solar,2026-08-05T07:10:17Z
2026-08-05T07:08:29Z,2026-08-05T09:08:29+0200,d671fb79-bd81-42f3-a5fe-a0a907bfe6ea,2026-07-05T12:00:00Z,2026-07-05T14:00:00+0200,14707.95117,MW,FR,FR,forecast_solar_generation,Solar,2026-08-05T07:10:17Z
2026-08-05T07:08:29Z,2026-08-05T09:08:29+0200,d671fb79-bd81-42f3-a5fe-a0a907bfe6ea,2026-07-05T12:15:00Z,2026-07-05T14:15:00+0200,14697.0957,MW,FR,FR,forecast_solar_generation,Solar,2026-08-05T07:10:17Z
2026-08-05T07:08:29Z,2026-08-05T09:08:29+0200,d671fb79-bd81-42f3-a5fe-a0a907bfe6ea,2026-07-05T12:30:00Z,2026-07-05T14:30:00+0200,14679.7002,MW,FR,FR,forecast_solar_generation,Solar,2026-08-05T07:10:17Z
2026-08-05T07:08:29Z,2026-08-05T09:08:29+0200,d671fb79-bd81-42f3-a5fe-a0a907bfe6ea,2026-07-05T12:45:00Z,2026-07-05T14:45:00+0200,14626.91211,MW,FR,FR,forecast_solar_generation,Solar,2026-08-05T07:10:17Z
2026-08-05T07:08:29Z,2026-08-05T09:08:29+0200,d671fb79-bd81-42f3-a5fe-a0a907bfe6ea,2026-07-05T13:00:00Z,2026-07-05T15:00:00+0200,14579.05566,MW,FR,FR,forecast_solar_generation,Solar,2026-08-05T07:10:17Z
2026-08-05T07:08:29Z,2026-08-05T09:08:29+0200,d671fb79-bd81-42f3-a5fe-a0a907bfe6ea,2026-07-05T13:15:00Z,2026-07-05T15:15:00+0200,14441.36523,MW,FR,FR,forecast_solar_generation,Solar,2026-08-05T07:10:17Z
2026-08-05T07:08:29Z,2026-08-05T09:08:29+0200,d671fb79-bd81-42f3-a5fe-a0a907bfe6ea,2026-07-05T13:30:00Z,2026-07-05T15:30:00+0200,14218.08789,MW,FR,FR,forecast_solar_generation,Solar,2026-08-05T07:10:17Z
2026-08-05T07:08:29Z,2026-08-05T09:08:29+0200,d671fb79-bd81-42f3-a5fe-a0a907bfe6ea,2026-07-05T13:45:00Z,2026-07-05T15:45:00+0200,13895.61523,MW,FR,FR,forecast_solar_generation,Solar,2026-08-05T07:10:17Z
2026-08-05T07:08:29Z,2026-08-05T09:08:29+0200,d671fb79-bd81-42f3-a5fe-a0a907bfe6ea,2026-07-05T14:00:00Z,2026-07-05T16:00:00+0200,13539.6709,MW,FR,FR,forecast_solar_generation,Solar,2026-08-05T07:10:17Z
2026-08-05T07:08:29Z,2026-08-05T09:08:29+0200,d671fb79-bd81-42f3-a5fe-a0a907bfe6ea,2026-07-05T14:15:00Z,2026-07-05T16:15:00+0200,13195.0498,MW,FR,FR,forecast_solar_generation,Solar,2026-08-05T07:10:17Z
2026-08-05T07:08:29Z,2026-08-05T09:08:29+0200,d671fb79-bd81-42f3-a5fe-a0a907bfe6ea,2026-07-05T14:30:00Z,2026-07-05T16:30:00+0200,14118.55566,MW,FR,FR,forecast_solar_generation,Solar,2026-08-05T07:10:17Z
2026-08-05T07:08:29Z,2026-08-05T09:08:29+0200,d671fb79-bd81-42f3-a5fe-a0a907bfe6ea,2026-07-05T14:45:00Z,2026-07-05T16:45:00+0200,13552.37891,MW,FR,FR,forecast_solar_generation,Solar,2026-08-05T07:10:17Z
2026-08-05T07:08:29Z,2026-08-05T09:08:29+0200,d671fb79-bd81-42f3-a5fe-a0a907bfe6ea,2026-07-05T15:00:00Z,2026-07-05T17:00:00+0200,12926.7168,MW,FR,FR,forecast_solar_generation,Solar,2026-08-05T07:10:17Z
2026-08-05T07:08:29Z,2026-08-05T09:08:29+0200,d671fb79-bd81-42f3-a5fe-a0a907bfe6ea,2026-07-05T15:15:00Z,2026-07-05T17:15:00+0200,12728.51367,MW,FR,FR,forecast_solar_generation,Solar,2026-08-05T07:10:17Z
2026-08-05T07:08:29Z,2026-08-05T09:08:29+0200,d671fb79-bd81-42f3-a5fe-a0a907bfe6ea,2026-07-05T15:30:00Z,2026-07-05T17:30:00+0200,12087.19043,MW,FR,FR,forecast_solar_generation,Solar,2026-08-05T07:10:17Z
2026-08-05T07:08:29Z,2026-08-05T09:08:29+0200,d671fb79-bd81-42f3-a5fe-a0a907bfe6ea,2026-07-05T15:45:00Z,2026-07-05T17:45:00+0200,11357.34277,MW,FR,FR,forecast_solar_generation,Solar,2026-08-05T07:10:17Z
2026-08-05T07:08:29Z,2026-08-05T09:08:29+0200,d671fb79-bd81-42f3-a5fe-a0a907bfe6ea,2026-07-05T16:00:00Z,2026-07-05T18:00:00+0200,10587.1582,MW,FR,FR,forecast_solar_generation,Solar,2026-08-05T07:10:17Z
2026-08-05T07:08:29Z,2026-08-05T09:08:29+0200,d671fb79-bd81-42f3-a5fe-a0a907bfe6ea,2026-07-05T16:15:00Z,2026-07-05T18:15:00+0200,12597.0957,MW,FR,FR,forecast_solar_generation,Solar,2026-08-05T07:10:17Z
2026-08-05T07:08:29Z,2026-08-05T09:08:29+0200,d671fb79-bd81-42f3-a5fe-a0a907bfe6ea,2026-07-05T16:30:00Z,2026-07-05T18:30:00+0200,11487.59863,MW,FR,FR,forecast_solar_generation,Solar,2026-08-05T07:10:17Z
2026-08-05T07:08:29Z,2026-08-05T09:08:29+0200,d671fb79-bd81-42f3-a5fe-a0a907bfe6ea,2026-07-05T16:45:00Z,2026-07-05T18:45:00+0200,10346.46191,MW,FR,FR,forecast_solar_generation,Solar,2026-08-05T07:10:17Z
2026-08-05T07:08:29Z,2026-08-05T09:08:29+0200,d671fb79-bd81-42f3-a5fe-a0a907bfe6ea,2026-07-05T17:00:00Z,2026-07-05T19:00:00+0200,9090.71875,MW,FR,FR,forecast_solar_generation,Solar,2026-08-05T07:10:17Z
2026-08-05T07:08:29Z,2026-08-05T09:08:29+0200,d671fb79-bd81-42f3-a5fe-a0a907bfe6ea,2026-07-05T17:15:00Z,2026-07-05T19:15:00+0200,7881.11719,MW,FR,FR,forecast_solar_generation,Solar,2026-08-05T07:10:17Z
2026-08-05T07:08:29Z,2026-08-05T09:08:29+0200,d671fb79-bd81-42f3-a5fe-a0a907bfe6ea,2026-07-05T17:30:00Z,2026-07-05T19:30:00+0200,6555.89014,MW,FR,FR,forecast_solar_generation,Solar,2026-08-05T07:10:17Z
2026-08-05T07:08:29Z,2026-08-05T09:08:29+0200,d671fb79-bd81-42f3-a5fe-a0a907bfe6ea,2026-07-05T17:45:00Z,2026-07-05T19:45:00+0200,5424.3208,MW,FR,FR,forecast_solar_generation,Solar,2026-08-05T07:10:17Z
2026-08-05T07:08:29Z,2026-08-05T09:08:29+0200,d671fb79-bd81-42f3-a5fe-a0a907bfe6ea,2026-07-05T18:00:00Z,2026-07-05T20:00:00+0200,4279.14062,MW,FR,FR,forecast_solar_generation,Solar,2026-08-05T07:10:17Z
2026-08-05T07:08:29Z,2026-08-05T09:08:29+0200,d671fb79-bd81-42f3-a5fe-a0a907bfe6ea,2026-07-05T18:15:00Z,2026-07-05T20:15:00+0200,3229.573,MW,FR,FR,forecast_solar_generation,Solar,2026-08-05T07:10:17Z
2026-08-05T07:08:29Z,2026-08-05T09:08:29+0200,d671fb79-bd81-42f3-a5fe-a0a907bfe6ea,2026-07-05T18:30:00Z,2026-07-05T20:30:00+0200,2355.41748,MW,FR,FR,forecast_solar_generation,Solar,2026-08-05T07:10:17Z
2026-08-05T07:08:29Z,2026-08-05T09:08:29+0200,d671fb79-bd81-42f3-a5fe-a0a907bfe6ea,2026-07-05T18:45:00Z,2026-07-05T20:45:00+0200,1721.02454,MW,FR,FR,forecast_solar_generation,Solar,2026-08-05T07:10:17Z
2026-08-05T07:08:29Z,2026-08-05T09:08:29+0200,d671fb79-bd81-42f3-a5fe-a0a907bfe6ea,2026-07-05T19:00:00Z,2026-07-05T21:00:00+0200,1164.3822,MW,FR,FR,forecast_solar_generation,Solar,2026-08-05T07:10:17Z
2026-08-05T07:08:29Z,2026-08-05T09:08:29+0200,d671fb79-bd81-42f3-a5fe-a0a907bfe6ea,2026-07-05T19:15:00Z,2026-07-05T21:15:00+0200,679.64404,MW,FR,FR,forecast_solar_generation,Solar,2026-08-05T07:10:17Z
2026-08-05T07:08:29Z,2026-08-05T09:08:29+0200,d671fb79-bd81-42f3-a5fe-a0a907bfe6ea,2026-07-05T19:30:00Z,2026-07-05T21:30:00+0200,255.9227,MW,FR,FR,forecast_solar_generation,Solar,2026-08-05T07:10:17Z
2026-08-05T07:08:29Z,2026-08-05T09:08:29+0200,d671fb79-bd81-42f3-a5fe-a0a907bfe6ea,2026-07-05T19:45:00Z,2026-07-05T21:45:00+0200,93.24839,MW,FR,FR,forecast_solar_generation,Solar,2026-08-05T07:10:17Z
2026-08-05T07:08:29Z,2026-08-05T09:08:29+0200,d671fb79-bd81-42f3-a5fe-a0a907bfe6ea,2026-07-05T20:00:00Z,2026-07-05T22:00:00+0200,9.8217,MW,FR,FR,forecast_solar_generation,Solar,2026-08-05T07:10:17Z
2026-08-05T07:08:29Z,2026-08-05T09:08:29+0200,d671fb79-bd81-42f3-a5fe-a0a907bfe6ea,2026-07-05T20:15:00Z,2026-07-05T22:15:00+0200,0.0,MW,FR,FR,forecast_solar_generation,Solar,2026-08-05T07:10:17Z
2026-08-05T07:08:29Z,2026-08-05T09:08:29+0200,d671fb79-bd81-42f3-a5fe-a0a907bfe6ea,2026-07-05T20:30:00Z,2026-07-05T22:30:00+0200,0.0,MW,FR,FR,forecast_solar_generation,Solar,2026-08-05T07:10:17Z
2026-08-05T07:08:29Z,2026-08-05T09:08:29+0200,d671fb79-bd81-42f3-a5fe-a0a907bfe6ea,2026-07-05T20:45:00Z,2026-07-05T22:45:00+0200,0.0,MW,FR,FR,forecast_solar_generation,Solar,2026-08-05T07:10:17Z
2026-08-05T07:08:29Z,2026-08-05T09:08:29+0200,d671fb79-bd81-42f3-a5fe-a0a907bfe6ea,2026-07-05T21:00:00Z,2026-07-05T23:00:00+0200,0.0,MW,FR,FR,forecast_solar_generation,Solar,2026-08-05T07:10:17Z
2026-08-05T07:08:29Z,2026-08-05T09:08:29+0200,d671fb79-bd81-42f3-a5fe-a0a907bfe6ea,2026-07-05T21:15:00Z,2026-07-05T23:15:00+0200,0.0,MW,FR,FR,forecast_solar_generation,Solar,2026-08-05T07:10:17Z
2026-08-05T07:08:29Z,2026-08-05T09:08:29+0200,d671fb79-bd81-42f3-a5fe-a0a907bfe6ea,2026-07-05T21:30:00Z,2026-07-05T23:30:00+0200,0.0,MW,FR,FR,forecast_solar_generation,Solar,2026-08-05T07:10:17Z
2026-08-05T07:08:29Z,2026-08-05T09:08:29+0200,d671fb79-bd81-42f3-a5fe-a0a907bfe6ea,2026-07-05T21:45:00Z,2026-07-05T23:45:00+0200,0.0,MW,FR,FR,forecast_solar_generation,Solar,2026-08-05T07:10:17Z
2026-08-05T07:08:29Z,2026-08-05T09:08:29+0200,d671fb79-bd81-42f3-a5fe-a0a907bfe6ea,2026-07-05T22:00:00Z,2026-07-06T00:00:00+0200,0.0,MW,FR,FR,forecast_solar_generation,Solar,2026-08-05T07:10:17Z
2026-08-05T07:08:29Z,2026-08-05T09:08:29+0200,d671fb79-bd81-42f3-a5fe-a0a907bfe6ea,2026-07-05T22:15:00Z,2026-07-06T00:15:00+0200,0.0,MW,FR,FR,forecast_solar_generation,Solar,2026-08-05T07:10:17Z
2026-08-05T07:08:29Z,2026-08-05T09:08:29+0200,d671fb79-bd81-42f3-a5fe-a0a907bfe6ea,2026-07-05T22:30:00Z,2026-07-06T00:30:00+0200,0.0,MW,FR,FR,forecast_solar_generation,Solar,2026-08-05T07:10:17Z
2026-08-05T07:08:29Z,2026-08-05T09:08:29+0200,d671fb79-bd81-42f3-a5fe-a0a907bfe6ea,2026-07-05T22:45:00Z,2026-07-06T00:45:00+0200,0.0,MW,FR,FR,forecast_solar_generation,Solar,2026-08-05T07:10:17Z
2026-08-05T07:08:29Z,2026-08-05T09:08:29+0200,d671fb79-bd81-42f3-a5fe-a0a907bfe6ea,2026-07-05T23:00:00Z,2026-07-06T01:00:00+0200,0.0,MW,FR,FR,forecast_solar_generation,Solar,2026-08-05T07:10:17Z
2026-08-05T07:08:29Z,2026-08-05T09:08:29+0200,d671fb79-bd81-42f3-a5fe-a0a907bfe6ea,2026-07-05T23:15:00Z,2026-07-06T01:15:00+0200,0.0,MW,FR,FR,forecast_solar_generation,Solar,2026-08-05T07:10:17Z
2026-08-05T07:08:29Z,2026-08-05T09:08:29+0200,d671fb79-bd81-42f3-a5fe-a0a907bfe6ea,2026-07-05T23:30:00Z,2026-07-06T01:30:00+0200,0.0,MW,FR,FR,forecast_solar_generation,Solar,2026-08-05T07:10:17Z
2026-08-05T07:08:29Z,2026-08-05T09:08:29+0200,d671fb79-bd81-42f3-a5fe-a0a907bfe6ea,2026-07-05T23:45:00Z,2026-07-06T01:45:00+0200,0.0,MW,FR,FR,forecast_solar_generation,Solar,2026-08-05T07:10:17Z
2026-08-05T07:08:29Z,2026-08-05T09:08:29+0200,d671fb79-bd81-42f3-a5fe-a0a907bfe6ea,2026-07-06T00:00:00Z,2026-07-06T02:00:00+0200,0.0,MW,FR,FR,forecast_solar_generation,Solar,2026-08-05T07:10:17Z
2026-08-05T07:08:29Z,2026-08-05T09:08:29+0200,d671fb79-bd81-42f3-a5fe-a0a907bfe6ea,2026-07-06T00:15:00Z,2026-07-06T02:15:00+0200,0.0,MW,FR,FR,forecast_solar_generation,Solar,2026-08-05T07:10:17Z
2026-08-05T07:08:29Z,2026-08-05T09:08:29+0200,d671fb79-bd81-42f3-a5fe-a0a907bfe6ea,2026-07-06T00:30:00Z,2026-07-06T02:30:00+0200,0.0,MW,FR,FR,forecast_solar_generation,Solar,2026-08-05T07:10:17Z
2026-08-05T07:08:29Z,2026-08-05T09:08:29+0200,d671fb79-bd81-42f3-a5fe-a0a907bfe6ea,2026-07-06T00:45:00Z,2026-07-06T02:45:00+0200,0.0,MW,FR,FR,forecast_solar_generation,Solar,2026-08-05T07:10:17Z
2026-08-05T07:08:29Z,2026-08-05T09:08:29+0200,d671fb79-bd81-42f3-a5fe-a0a907bfe6ea,2026-07-06T01:00:00Z,2026-07-06T03:00:00+0200,0.0,MW,FR,FR,forecast_solar_generation,Solar,2026-08-05T07:10:17Z
2026-08-05T07:08:29Z,2026-08-05T09:08:29+0200,d671fb79-bd81-42f3-a5fe-a0a907bfe6ea,2026-07-06T01:15:00Z,2026-07-06T03:15:00+0200,0.0,MW,FR,FR,forecast_solar_generation,Solar,2026-08-05T07:10:17Z
2026-08-05T07:08:29Z,2026-08-05T09:08:29+0200,d671fb79-bd81-42f3-a5fe-a0a907bfe6ea,2026-07-06T01:30:00Z,2026-07-06T03:30:00+0200,0.0,MW,FR,FR,forecast_solar_generation,Solar,2026-08-05T07:10:17Z
2026-08-05T07:08:29Z,2026-08-05T09:08:29+0200,d671fb79-bd81-42f3-a5fe-a0a907bfe6ea,2026-07-06T01:45:00Z,2026-07-06T03:45:00+0200,0.0,MW,FR,FR,forecast_solar_generation,Solar,2026-08-05T07:10:17Z
2026-08-05T07:08:29Z,2026-08-05T09:08:29+0200,d671fb79-bd81-42f3-a5fe-a0a907bfe6ea,2026-07-06T02:00:00Z,2026-07-06T04:00:00+0200,0.0,MW,FR,FR,forecast_solar_generation,Solar,2026-08-05T07:10:17Z
2026-08-05T07:08:29Z,2026-08-05T09:08:29+0200,d671fb79-bd81-42f3-a5fe-a0a907bfe6ea,2026-07-06T02:15:00Z,2026-07-06T04:15:00+0200,0.0,MW,FR,FR,forecast_solar_generation,Solar,2026-08-05T07:10:17Z
2026-08-05T07:08:29Z,2026-08-05T09:08:29+0200,d671fb79-bd81-42f3-a5fe-a0a907bfe6ea,2026-07-06T02:30:00Z,2026-07-06T04:30:00+0200,0.0,MW,FR,FR,forecast_solar_generation,Solar,2026-08-05T07:10:17Z
2026-08-05T07:08:29Z,2026-08-05T09:08:29+0200,d671fb79-bd81-42f3-a5fe-a0a907bfe6ea,2026-07-06T02:45:00Z,2026-07-06T04:45:00+0200,0.0,MW,FR,FR,forecast_solar_generation,Solar,2026-08-05T07:10:17Z
2026-08-05T07:08:29Z,2026-08-05T09:08:29+0200,d671fb79-bd81-42f3-a5fe-a0a907bfe6ea,2026-07-06T03:00:00Z,2026-07-06T05:00:00+0200,0.0,MW,FR,FR,forecast_solar_generation,Solar,2026-08-05T07:10:17Z
2026-08-05T07:08:29Z,2026-08-05T09:08:29+0200,d671fb79-bd81-42f3-a5fe-a0a907bfe6ea,2026-07-06T03:15:00Z,2026-07-06T05:15:00+0200,0.0,MW,FR,FR,forecast_solar_generation,Solar,2026-08-05T07:10:17Z
2026-08-05T07:08:29Z,2026-08-05T09:08:29+0200,d671fb79-bd81-42f3-a5fe-a0a907bfe6ea,2026-07-06T03:30:00Z,2026-07-06T05:30:00+0200,0.0,MW,FR,FR,forecast_solar_generation,Solar,2026-08-05T07:10:17Z
2026-08-05T07:08:29Z,2026-08-05T09:08:29+0200,d671fb79-bd81-42f3-a5fe-a0a907bfe6ea,2026-07-06T03:45:00Z,2026-07-06T05:45:00+0200,13.35803,MW,FR,FR,forecast_solar_generation,Solar,2026-08-05T07:10:17Z
2026-08-05T07:08:29Z,2026-08-05T09:08:29+0200,d671fb79-bd81-42f3-a5fe-a0a907bfe6ea,2026-07-06T04:00:00Z,2026-07-06T06:00:00+0200,59.83006,MW,FR,FR,forecast_solar_generation,Solar,2026-08-05T07:10:17Z
2026-08-05T07:08:29Z,2026-08-05T09:08:29+0200,d671fb79-bd81-42f3-a5fe-a0a907bfe6ea,2026-07-06T04:15:00Z,2026-07-06T06:15:00+0200,160.73196,MW,FR,FR,forecast_solar_generation,Solar,2026-08-05T07:10:17Z
2026-08-05T07:08:29Z,2026-08-05T09:08:29+0200,d671fb79-bd81-42f3-a5fe-a0a907bfe6ea,2026-07-06T04:30:00Z,2026-07-06T06:30:00+0200,281.21936,MW,FR,FR,forecast_solar_generation,Solar,2026-08-05T07:10:17Z
2026-08-05T07:08:29Z,2026-08-05T09:08:29+0200,d671fb79-bd81-42f3-a5fe-a0a907bfe6ea,2026-07-06T04:45:00Z,2026-07-06T06:45:00+0200,638.33752,MW,FR,FR,forecast_solar_generation,Solar,2026-08-05T07:10:17Z
2026-08-05T07:08:29Z,2026-08-05T09:08:29+0200,d671fb79-bd81-42f3-a5fe-a0a907bfe6ea,2026-07-06T05:00:00Z,2026-07-06T07:00:00+0200,1078.26318,MW,FR,FR,forecast_solar_generation,Solar,2026-08-05T07:10:17Z
2026-08-05T07:08:29Z,2026-08-05T09:08:29+0200,d671fb79-bd81-42f3-a5fe-a0a907bfe6ea,2026-07-06T05:15:00Z,2026-07-06T07:15:00+0200,1629.94287,MW,FR,FR,forecast_solar_generation,Solar,2026-08-05T07:10:17Z
2026-08-05T07:08:29Z,2026-08-05T09:08:29+0200,d671fb79-bd81-42f3-a5fe-a0a907bfe6ea,2026-07-06T05:30:00Z,2026-07-06T07:30:00+0200,2226.56201,MW,FR,FR,forecast_solar_generation,Solar,2026-08-05T07:10:17Z
2026-08-05T07:08:29Z,2026-08-05T09:08:29+0200,d671fb79-bd81-42f3-a5fe-a0a907bfe6ea,2026-07-06T05:45:00Z,2026-07-06T07:45:00+0200,3159.09082,MW,FR,FR,forecast_solar_generation,Solar,2026-08-05T07:10:17Z
2026-08-05T07:08:29Z,2026-08-05T09:08:29+0200,d671fb79-bd81-42f3-a5fe-a0a907bfe6ea,2026-07-06T06:00:00Z,2026-07-06T08:00:00+0200,4132.57324,MW,FR,FR,forecast_solar_generation,Solar,2026-08-05T07:10:17Z
2026-08-05T07:08:29Z,2026-08-05T09:08:29+0200,d671fb79-bd81-42f3-a5fe-a0a907bfe6ea,2026-07-06T06:15:00Z,2026-07-06T08:15:00+0200,5275.92188,MW,FR,FR,forecast_solar_generation,Solar,2026-08-05T07:10:17Z
2026-08-05T07:08:29Z,2026-08-05T09:08:29+0200,d671fb79-bd81-42f3-a5fe-a0a907bfe6ea,2026-07-06T06:30:00Z,2026-07-06T08:30:00+0200,6512.58984,MW,FR,FR,forecast_solar_generation,Solar,2026-08-05T07:10:17Z
2026-08-05T07:08:29Z,2026-08-05T09:08:29+0200,d671fb79-bd81-42f3-a5fe-a0a907bfe6ea,2026-07-06T06:45:00Z,2026-07-06T08:45:00+0200,7771.00098,MW,FR,FR,forecast_solar_generation,Solar,2026-08-05T07:10:17Z
2026-08-05T07:08:29Z,2026-08-05T09:08:29+0200,d671fb79-bd81-42f3-a5fe-a0a907bfe6ea,2026-07-06T07:00:00Z,2026-07-06T09:00:00+0200,9102.8457,MW,FR,FR,forecast_solar_generation,Solar,2026-08-05T07:10:17Z
2026-08-05T07:08:29Z,2026-08-05T09:08:29+0200,d671fb79-bd81-42f3-a5fe-a0a907bfe6ea,2026-07-06T07:15:00Z,2026-07-06T09:15:00+0200,10347.88965,MW,FR,FR,forecast_solar_generation,Solar,2026-08-05T07:10:17Z
2026-08-05T07:08:29Z,2026-08-05T09:08:29+0200,d671fb79-bd81-42f3-a5fe-a0a907bfe6ea,2026-07-06T07:30:00Z,2026-07-06T09:30:00+0200,11623.51758,MW,FR,FR,forecast_solar_generation,Solar,2026-08-05T07:10:17Z
2026-08-05T07:08:29Z,2026-08-05T09:08:29+0200,d671fb79-bd81-42f3-a5fe-a0a907bfe6ea,2026-07-06T07:45:00Z,2026-07-06T09:45:00+0200,12839.16113,MW,FR,FR,forecast_solar_generation,Solar,2026-08-05T07:10:17Z
2026-08-05T07:08:29Z,2026-08-05T09:08:29+0200,d671fb79-bd81-42f3-a5fe-a0a907bfe6ea,2026-07-06T08:00:00Z,2026-07-06T10:00:00+0200,14048.49414,MW,FR,FR,forecast_solar_generation,Solar,2026-08-05T07:10:17Z
2026-08-05T07:08:29Z,2026-08-05T09:08:29+0200,d671fb79-bd81-42f3-a5fe-a0a907bfe6ea,2026-07-06T08:15:00Z,2026-07-06T10:15:00+0200,15150.59961,MW,FR,FR,forecast_solar_generation,Solar,2026-08-05T07:10:17Z
2026-08-05T07:08:29Z,2026-08-05T09:08:29+0200,d671fb79-bd81-42f3-a5fe-a0a907bfe6ea,2026-07-06T08:30:00Z,2026-07-06T10:30:00+0200,16233.2002,MW,FR,FR,forecast_solar_generation,Solar,2026-08-05T07:10:17Z
2026-08-05T07:08:29Z,2026-08-05T09:08:29+0200,d671fb79-bd81-42f3-a5fe-a0a907bfe6ea,2026-07-06T08:45:00Z,2026-07-06T10:45:00+0200,17083.65625,MW,FR,FR,forecast_solar_generation,Solar,2026-08-05T07:10:17Z
2026-08-05T07:08:29Z,2026-08-05T09:08:29+0200,d671fb79-bd81-42f3-a5fe-a0a907bfe6ea,2026-07-06T09:00:00Z,2026-07-06T11:00:00+0200,17843.91016,MW,FR,FR,forecast_solar_generation,Solar,2026-08-05T07:10:17Z
2026-08-05T07:08:29Z,2026-08-05T09:08:29+0200,d671fb79-bd81-42f3-a5fe-a0a907bfe6ea,2026-07-06T09:15:00Z,2026-07-06T11:15:00+0200,18657.49805,MW,FR,FR,forecast_solar_generation,Solar,2026-08-05T07:10:17Z
2026-08-05T07:08:29Z,2026-08-05T09:08:29+0200,d671fb79-bd81-42f3-a5fe-a0a907bfe6ea,2026-07-06T09:30:00Z,2026-07-06T11:30:00+0200,19414.91602,MW,FR,FR,forecast_solar_generation,Solar,2026-08-05T07:10:17Z
2026-08-05T07:08:29Z,2026-08-05T09:08:29+0200,d671fb79-bd81-42f3-a5fe-a0a907bfe6ea,2026-07-06T09:45:00Z,2026-07-06T11:45:00+0200,19976.46094,MW,FR,FR,forecast_solar_generation,Solar,2026-08-05T07:10:17Z
2026-08-05T07:08:29Z,2026-08-05T09:08:29+0200,d671fb79-bd81-42f3-a5fe-a0a907bfe6ea,2026-07-06T10:00:00Z,2026-07-06T12:00:00+0200,20498.86523,MW,FR,FR,forecast_solar_generation,Solar,2026-08-05T07:10:17Z
2026-08-05T07:08:29Z,2026-08-05T09:08:29+0200,d671fb79-bd81-42f3-a5fe-a0a907bfe6ea,2026-07-06T10:15:00Z,2026-07-06T12:15:00+0200,20961.31836,MW,FR,FR,forecast_solar_generation,Solar,2026-08-05T07:10:17Z
2026-08-05T07:08:29Z,2026-08-05T09:08:29+0200,d671fb79-bd81-42f3-a5fe-a0a907bfe6ea,2026-07-06T10:30:00Z,2026-07-06T12:30:00+0200,21334.58398,MW,FR,FR,forecast_solar_generation,Solar,2026-08-05T07:10:17Z
2026-08-05T07:08:29Z,2026-08-05T09:08:29+0200,d671fb79-bd81-42f3-a5fe-a0a907bfe6ea,2026-07-06T10:45:00Z,2026-07-06T12:45:00+0200,21562.13086,MW,FR,FR,forecast_solar_generation,Solar,2026-08-05T07:10:17Z
2026-08-05T07:08:29Z,2026-08-05T09:08:29+0200,d671fb79-bd81-42f3-a5fe-a0a907bfe6ea,2026-07-06T11:00:00Z,2026-07-06T13:00:00+0200,21723.28906,MW,FR,FR,forecast_solar_generation,Solar,2026-08-05T07:10:17Z
2026-08-05T07:08:29Z,2026-08-05T09:08:29+0200,d671fb79-bd81-42f3-a5fe-a0a907bfe6ea,2026-07-06T11:15:00Z,2026-07-06T13:15:00+0200,21777.69336,MW,FR,FR,forecast_solar_generation,Solar,2026-08-05T07:10:17Z
2026-08-05T07:08:29Z,2026-08-05T09:08:29+0200,d671fb79-bd81-42f3-a5fe-a0a907bfe6ea,2026-07-06T11:30:00Z,2026-07-06T13:30:00+0200,21807.2168,MW,FR,FR,forecast_solar_generation,Solar,2026-08-05T07:10:17Z
2026-08-05T07:08:29Z,2026-08-05T09:08:29+0200,d671fb79-bd81-42f3-a5fe-a0a907bfe6ea,2026-07-06T11:45:00Z,2026-07-06T13:45:00+0200,21816.32227,MW,FR,FR,forecast_solar_generation,Solar,2026-08-05T07:10:17Z
2026-08-05T07:08:29Z,2026-08-05T09:08:29+0200,d671fb79-bd81-42f3-a5fe-a0a907bfe6ea,2026-07-06T12:00:00Z,2026-07-06T14:00:00+0200,21812.18359,MW,FR,FR,forecast_solar_generation,Solar,2026-08-05T07:10:17Z
2026-08-05T07:08:29Z,2026-08-05T09:08:29+0200,d671fb79-bd81-42f3-a5fe-a0a907bfe6ea,2026-07-06T12:15:00Z,2026-07-06T14:15:00+0200,21795.91992,MW,FR,FR,forecast_solar_generation,Solar,2026-08-05T07:10:17Z
2026-08-05T07:08:29Z,2026-08-05T09:08:29+0200,d671fb79-bd81-42f3-a5fe-a0a907bfe6ea,2026-07-06T12:30:00Z,2026-07-06T14:30:00+0200,21774.75,MW,FR,FR,forecast_solar_generation,Solar,2026-08-05T07:10:17Z
2026-08-05T07:08:29Z,2026-08-05T09:08:29+0200,d671fb79-bd81-42f3-a5fe-a0a907bfe6ea,2026-07-06T12:45:00Z,2026-07-06T14:45:00+0200,21732.0957,MW,FR,FR,forecast_solar_generation,Solar,2026-08-05T07:10:17Z
2026-08-05T07:08:29Z,2026-08-05T09:08:29+0200,d671fb79-bd81-42f3-a5fe-a0a907bfe6ea,2026-07-06T13:00:00Z,2026-07-06T15:00:00+0200,21633.30273,MW,FR,FR,forecast_solar_generation,Solar,2026-08-05T07:10:17Z
2026-08-05T07:08:29Z,2026-08-05T09:08:29+0200,d671fb79-bd81-42f3-a5fe-a0a907bfe6ea,2026-07-06T13:15:00Z,2026-07-06T15:15:00+0200,21449.29297,MW,FR,FR,forecast_solar_generation,Solar,2026-08-05T07:10:17Z
2026-08-05T07:08:29Z,2026-08-05T09:08:29+0200,d671fb79-bd81-42f3-a5fe-a0a907bfe6ea,2026-07-06T13:30:00Z,2026-07-06T15:30:00+0200,21196.36328,MW,FR,FR,forecast_solar_generation,Solar,2026-08-05T07:10:17Z
2026-08-05T07:08:29Z,2026-08-05T09:08:29+0200,d671fb79-bd81-42f3-a5fe-a0a907bfe6ea,2026-07-06T13:45:00Z,2026-07-06T15:45:00+0200,20758.29102,MW,FR,FR,forecast_solar_generation,Solar,2026-08-05T07:10:17Z
2026-08-05T07:08:29Z,2026-08-05T09:08:29+0200,d671fb79-bd81-42f3-a5fe-a0a907bfe6ea,2026-07-06T14:00:00Z,2026-07-06T16:00:00+0200,20263.79492,MW,FR,FR,forecast_solar_generation,Solar,2026-08-05T07:10:17Z
2026-08-05T07:08:29Z,2026-08-05T09:08:29+0200,d671fb79-bd81-42f3-a5fe-a0a907bfe6ea,2026-07-06T14:15:00Z,2026-07-06T16:15:00+0200,19781.12695,MW,FR,FR,forecast_solar_generation,Solar,2026-08-05T07:10:17Z
2026-08-05T07:08:29Z,2026-08-05T09:08:29+0200,d671fb79-bd81-42f3-a5fe-a0a907bfe6ea,2026-07-06T14:30:00Z,2026-07-06T16:30:00+0200,19182.62695,MW,FR,FR,forecast_solar_generation,Solar,2026-08-05T07:10:17Z
2026-08-05T07:08:29Z,2026-08-05T09:08:29+0200,d671fb79-bd81-42f3-a5fe-a0a907bfe6ea,2026-07-06T14:45:00Z,2026-07-06T16:45:00+0200,18460.16211,MW,FR,FR,forecast_solar_generation,Solar,2026-08-05T07:10:17Z
2026-08-05T07:08:29Z,2026-08-05T09:08:29+0200,d671fb79-bd81-42f3-a5fe-a0a907bfe6ea,2026-07-06T15:00:00Z,2026-07-06T17:00:00+0200,17612.81641,MW,FR,FR,forecast_solar_generation,Solar,2026-08-05T07:10:17Z
2026-08-05T07:08:29Z,2026-08-05T09:08:29+0200,d671fb79-bd81-42f3-a5fe-a0a907bfe6ea,2026-07-06T15:15:00Z,2026-07-06T17:15:00+0200,16830.58984,MW,FR,FR,forecast_solar_generation,Solar,2026-08-05T07:10:17Z
2026-08-05T07:08:29Z,2026-08-05T09:08:29+0200,d671fb79-bd81-42f3-a5fe-a0a907bfe6ea,2026-07-06T15:30:00Z,2026-07-06T17:30:00+0200,15953.91895,MW,FR,FR,forecast_solar_generation,Solar,2026-08-05T07:10:17Z
2026-08-05T07:08:29Z,2026-08-05T09:08:29+0200,d671fb79-bd81-42f3-a5fe-a0a907bfe6ea,2026-07-06T15:45:00Z,2026-07-06T17:45:00+0200,14983.9082,MW,FR,FR,forecast_solar_generation,Solar,2026-08-05T07:10:17Z
2026-08-05T07:08:29Z,2026-08-05T09:08:29+0200,d671fb79-bd81-42f3-a5fe-a0a907bfe6ea,2026-07-06T16:00:00Z,2026-07-06T18:00:00+0200,13928.21484,MW,FR,FR,forecast_solar_generation,Solar,2026-08-05T07:10:17Z
2026-08-05T07:08:29Z,2026-08-05T09:08:29+0200,d671fb79-bd81-42f3-a5fe-a0a907bfe6ea,2026-07-06T16:15:00Z,2026-07-06T18:15:00+0200,12831.56934,MW,FR,FR,forecast_solar_generation,Solar,2026-08-05T07:10:17Z
2026-08-05T07:08:29Z,2026-08-05T09:08:29+0200,d671fb79-bd81-42f3-a5fe-a0a907bfe6ea,2026-07-06T16:30:00Z,2026-07-06T18:30:00+0200,11691.75098,MW,FR,FR,forecast_solar_generation,Solar,2026-08-05T07:10:17Z
2026-08-05T07:08:29Z,2026-08-05T09:08:29+0200,d671fb79-bd81-42f3-a5fe-a0a907bfe6ea,2026-07-06T16:45:00Z,2026-07-06T18:45:00+0200,10498.08691,MW,FR,FR,forecast_solar_generation,Solar,2026-08-05T07:10:17Z
2026-08-05T07:08:29Z,2026-08-05T09:08:29+0200,d671fb79-bd81-42f3-a5fe-a0a907bfe6ea,2026-07-06T17:00:00Z,2026-07-06T19:00:00+0200,9235.49414,MW,FR,FR,forecast_solar_generation,Solar,2026-08-05T07:10:17Z
2026-08-05T07:08:29Z,2026-08-05T09:08:29+0200,d671fb79-bd81-42f3-a5fe-a0a907bfe6ea,2026-07-06T17:15:00Z,2026-07-06T19:15:00+0200,7988.99512,MW,FR,FR,forecast_solar_generation,Solar,2026-08-05T07:10:17Z
2026-08-05T07:08:29Z,2026-08-05T09:08:29+0200,d671fb79-bd81-42f3-a5fe-a0a907bfe6ea,2026-07-06T17:30:00Z,2026-07-06T19:30:00+0200,6644.87793,MW,FR,FR,forecast_solar_generation,Solar,2026-08-05T07:10:17Z
2026-08-05T07:08:29Z,2026-08-05T09:08:29+0200,d671fb79-bd81-42f3-a5fe-a0a907bfe6ea,2026-07-06T17:45:00Z,2026-07-06T19:45:00+0200,5482.04297,MW,FR,FR,forecast_solar_generation,Solar,2026-08-05T07:10:17Z
2026-08-05T07:08:29Z,2026-08-05T09:08:29+0200,d671fb79-bd81-42f3-a5fe-a0a907bfe6ea,2026-07-06T18:00:00Z,2026-07-06T20:00:00+0200,4334.9541,MW,FR,FR,forecast_solar_generation,Solar,2026-08-05T07:10:17Z
2026-08-05T07:08:29Z,2026-08-05T09:08:29+0200,d671fb79-bd81-42f3-a5fe-a0a907bfe6ea,2026-07-06T18:15:00Z,2026-07-06T20:15:00+0200,3257.42847,MW,FR,FR,forecast_solar_generation,Solar,2026-08-05T07:10:17Z
2026-08-05T07:08:29Z,2026-08-05T09:08:29+0200,d671fb79-bd81-42f3-a5fe-a0a907bfe6ea,2026-07-06T18:30:00Z,2026-07-06T20:30:00+0200,2389.71533,MW,FR,FR,forecast_solar_generation,Solar,2026-08-05T07:10:17Z
2026-08-05T07:08:29Z,2026-08-05T09:08:29+0200,d671fb79-bd81-42f3-a5fe-a0a907bfe6ea,2026-07-06T18:45:00Z,2026-07-06T20:45:00+0200,1754.02844,MW,FR,FR,forecast_solar_generation,Solar,2026-08-05T07:10:17Z
2026-08-05T07:08:29Z,2026-08-05T09:08:29+0200,d671fb79-bd81-42f3-a5fe-a0a907bfe6ea,2026-07-06T19:00:00Z,2026-07-06T21:00:00+0200,1199.47705,MW,FR,FR,forecast_solar_generation,Solar,2026-08-05T07:10:17Z
2026-08-05T07:08:29Z,2026-08-05T09:08:29+0200,d671fb79-bd81-42f3-a5fe-a0a907bfe6ea,2026-07-06T19:15:00Z,2026-07-06T21:15:00+0200,709.12207,MW,FR,FR,forecast_solar_generation,Solar,2026-08-05T07:10:17Z
2026-08-05T07:08:29Z,2026-08-05T09:08:29+0200,d671fb79-bd81-42f3-a5fe-a0a907bfe6ea,2026-07-06T19:30:00Z,2026-07-06T21:30:00+0200,270.07062,MW,FR,FR,forecast_solar_generation,Solar,2026-08-05T07:10:17Z
2026-08-05T07:08:29Z,2026-08-05T09:08:29+0200,d671fb79-bd81-42f3-a5fe-a0a907bfe6ea,2026-07-06T19:45:00Z,2026-07-06T21:45:00+0200,89.41419,MW,FR,FR,forecast_solar_generation,Solar,2026-08-05T07:10:17Z
2026-08-05T07:08:29Z,2026-08-05T09:08:29+0200,d671fb79-bd81-42f3-a5fe-a0a907bfe6ea,2026-07-06T20:00:00Z,2026-07-06T22:00:00+0200,10.06002,MW,FR,FR,forecast_solar_generation,Solar,2026-08-05T07:10:17Z
2026-08-05T07:08:29Z,2026-08-05T09:08:29+0200,d671fb79-bd81-42f3-a5fe-a0a907bfe6ea,2026-07-06T20:15:00Z,2026-07-06T22:15:00+0200,0.0,MW,FR,FR,forecast_solar_generation,Solar,2026-08-05T07:10:17Z
2026-08-05T07:08:29Z,2026-08-05T09:08:29+0200,d671fb79-bd81-42f3-a5fe-a0a907bfe6ea,2026-07-06T20:30:00Z,2026-07-06T22:30:00+0200,0.0,MW,FR,FR,forecast_solar_generation,Solar,2026-08-05T07:10:17Z
2026-08-05T07:08:29Z,2026-08-05T09:08:29+0200,d671fb79-bd81-42f3-a5fe-a0a907bfe6ea,2026-07-06T20:45:00Z,2026-07-06T22:45:00+0200,0.0,MW,FR,FR,forecast_solar_generation,Solar,2026-08-05T07:10:17Z
2026-08-05T07:08:29Z,2026-08-05T09:08:29+0200,d671fb79-bd81-42f3-a5fe-a0a907bfe6ea,2026-07-06T21:00:00Z,2026-07-06T23:00:00+0200,0.0,MW,FR,FR,forecast_solar_generation,Solar,2026-08-05T07:10:17Z
2026-08-05T07:08:29Z,2026-08-05T09:08:29+0200,d671fb79-bd81-42f3-a5fe-a0a907bfe6ea,2026-07-06T21:15:00Z,2026-07-06T23:15:00+0200,0.0,MW,FR,FR,forecast_solar_generation,Solar,2026-08-05T07:10:17Z
2026-08-05T07:08:29Z,2026-08-05T09:08:29+0200,d671fb79-bd81-42f3-a5fe-a0a907bfe6ea,2026-07-06T21:30:00Z,2026-07-06T23:30:00+0200,0.0,MW,FR,FR,forecast_solar_generation,Solar,2026-08-05T07:10:17Z
2026-08-05T07:08:29Z,2026-08-05T09:08:29+0200,d671fb79-bd81-42f3-a5fe-a0a907bfe6ea,2026-07-06T21:45:00Z,2026-07-06T23:45:00+0200,0.0,MW,FR,FR,forecast_solar_generation,Solar,2026-08-05T07:10:17Z
2026-08-05T07:08:29Z,2026-08-05T09:08:29+0200,d671fb79-bd81-42f3-a5fe-a0a907bfe6ea,2026-07-06T22:00:00Z,2026-07-07T00:00:00+0200,0.0,MW,FR,FR,forecast_solar_generation,Solar,2026-08-05T07:10:17Z
2026-08-05T07:08:29Z,2026-08-05T09:08:29+0200,d671fb79-bd81-42f3-a5fe-a0a907bfe6ea,2026-07-06T22:15:00Z,2026-07-07T00:15:00+0200,0.0,MW,FR,FR,forecast_solar_generation,Solar,2026-08-05T07:10:17Z
2026-08-05T07:08:29Z,2026-08-05T09:08:29+0200,d671fb79-bd81-42f3-a5fe-a0a907bfe6ea,2026-07-06T22:30:00Z,2026-07-07T00:30:00+0200,0.0,MW,FR,FR,forecast_solar_generation,Solar,2026-08-05T07:10:17Z
2026-08-05T07:08:29Z,2026-08-05T09:08:29+0200,d671fb79-bd81-42f3-a5fe-a0a907bfe6ea,2026-07-06T22:45:00Z,2026-07-07T00:45:00+0200,0.0,MW,FR,FR,forecast_solar_generation,Solar,2026-08-05T07:10:17Z
2026-08-05T07:08:29Z,2026-08-05T09:08:29+0200,d671fb79-bd81-42f3-a5fe-a0a907bfe6ea,2026-07-06T23:00:00Z,2026-07-07T01:00:00+0200,0.0,MW,FR,FR,forecast_solar_generation,Solar,2026-08-05T07:10:17Z
2026-08-05T07:08:29Z,2026-08-05T09:08:29+0200,d671fb79-bd81-42f3-a5fe-a0a907bfe6ea,2026-07-06T23:15:00Z,2026-07-07T01:15:00+0200,0.0,MW,FR,FR,forecast_solar_generation,Solar,2026-08-05T07:10:17Z
2026-08-05T07:08:29Z,2026-08-05T09:08:29+0200,d671fb79-bd81-42f3-a5fe-a0a907bfe6ea,2026-07-06T23:30:00Z,2026-07-07T01:30:00+0200,0.0,MW,FR,FR,forecast_solar_generation,Solar,2026-08-05T07:10:17Z
2026-08-05T07:08:29Z,2026-08-05T09:08:29+0200,d671fb79-bd81-42f3-a5fe-a0a907bfe6ea,2026-07-06T23:45:00Z,2026-07-07T01:45:00+0200,0.0,MW,FR,FR,forecast_solar_generation,Solar,2026-08-05T07:10:17Z
2026-08-05T07:08:29Z,2026-08-05T09:08:29+0200,d671fb79-bd81-42f3-a5fe-a0a907bfe6ea,2026-07-07T00:00:00Z,2026-07-07T02:00:00+0200,0.0,MW,FR,FR,forecast_solar_generation,Solar,2026-08-05T07:10:17Z
2026-08-05T07:08:29Z,2026-08-05T09:08:29+0200,d671fb79-bd81-42f3-a5fe-a0a907bfe6ea,2026-07-07T00:15:00Z,2026-07-07T02:15:00+0200,0.0,MW,FR,FR,forecast_solar_generation,Solar,2026-08-05T07:10:17Z
2026-08-05T07:08:29Z,2026-08-05T09:08:29+0200,d671fb79-bd81-42f3-a5fe-a0a907bfe6ea,2026-07-07T00:30:00Z,2026-07-07T02:30:00+0200,0.0,MW,FR,FR,forecast_solar_generation,Solar,2026-08-05T07:10:17Z
2026-08-05T07:08:29Z,2026-08-05T09:08:29+0200,d671fb79-bd81-42f3-a5fe-a0a907bfe6ea,2026-07-07T00:45:00Z,2026-07-07T02:45:00+0200,0.0,MW,FR,FR,forecast_solar_generation,Solar,2026-08-05T07:10:17Z
2026-08-05T07:08:29Z,2026-08-05T09:08:29+0200,d671fb79-bd81-42f3-a5fe-a0a907bfe6ea,2026-07-07T01:00:00Z,2026-07-07T03:00:00+0200,0.0,MW,FR,FR,forecast_solar_generation,Solar,2026-08-05T07:10:17Z
2026-08-05T07:08:29Z,2026-08-05T09:08:29+0200,d671fb79-bd81-42f3-a5fe-a0a907bfe6ea,2026-07-07T01:15:00Z,2026-07-07T03:15:00+0200,0.0,MW,FR,FR,forecast_solar_generation,Solar,2026-08-05T07:10:17Z
2026-08-05T07:08:29Z,2026-08-05T09:08:29+0200,d671fb79-bd81-42f3-a5fe-a0a907bfe6ea,2026-07-07T01:30:00Z,2026-07-07T03:30:00+0200,0.0,MW,FR,FR,forecast_solar_generation,Solar,2026-08-05T07:10:17Z
2026-08-05T07:08:29Z,2026-08-05T09:08:29+0200,d671fb79-bd81-42f3-a5fe-a0a907bfe6ea,2026-07-07T01:45:00Z,2026-07-07T03:45:00+0200,0.0,MW,FR,FR,forecast_solar_generation,Solar,2026-08-05T07:10:17Z
2026-08-05T07:08:29Z,2026-08-05T09:08:29+0200,d671fb79-bd81-42f3-a5fe-a0a907bfe6ea,2026-07-07T02:00:00Z,2026-07-07T04:00:00+0200,0.0,MW,FR,FR,forecast_solar_generation,Solar,2026-08-05T07:10:17Z
2026-08-05T07:08:29Z,2026-08-05T09:08:29+0200,d671fb79-bd81-42f3-a5fe-a0a907bfe6ea,2026-07-07T02:15:00Z,2026-07-07T04:15:00+0200,0.0,MW,FR,FR,forecast_solar_generation,Solar,2026-08-05T07:10:17Z
2026-08-05T07:08:29Z,2026-08-05T09:08:29+0200,d671fb79-bd81-42f3-a5fe-a0a907bfe6ea,2026-07-07T02:30:00Z,2026-07-07T04:30:00+0200,0.0,MW,FR,FR,forecast_solar_generation,Solar,2026-08-05T07:10:17Z
2026-08-05T07:08:29Z,2026-08-05T09:08:29+0200,d671fb79-bd81-42f3-a5fe-a0a907bfe6ea,2026-07-07T02:45:00Z,2026-07-07T04:45:00+0200,0.0,MW,FR,FR,forecast_solar_generation,Solar,2026-08-05T07:10:17Z
2026-08-05T07:08:29Z,2026-08-05T09:08:29+0200,d671fb79-bd81-42f3-a5fe-a0a907bfe6ea,2026-07-07T03:00:00Z,2026-07-07T05:00:00+0200,0.0,MW,FR,FR,forecast_solar_generation,Solar,2026-08-05T07:10:17Z
2026-08-05T07:08:29Z,2026-08-05T09:08:29+0200,d671fb79-bd81-42f3-a5fe-a0a907bfe6ea,2026-07-07T03:15:00Z,2026-07-07T05:15:00+0200,0.0,MW,FR,FR,forecast_solar_generation,Solar,2026-08-05T07:10:17Z
2026-08-05T07:08:29Z,2026-08-05T09:08:29+0200,d671fb79-bd81-42f3-a5fe-a0a907bfe6ea,2026-07-07T03:30:00Z,2026-07-07T05:30:00+0200,0.0,MW,FR,FR,forecast_solar_generation,Solar,2026-08-05T07:10:17Z
2026-08-05T07:08:29Z,2026-08-05T09:08:29+0200,d671fb79-bd81-42f3-a5fe-a0a907bfe6ea,2026-07-07T03:45:00Z,2026-07-07T05:45:00+0200,11.90893,MW,FR,FR,forecast_solar_generation,Solar,2026-08-05T07:10:17Z
2026-08-05T07:08:29Z,2026-08-05T09:08:29+0200,d671fb79-bd81-42f3-a5fe-a0a907bfe6ea,2026-07-07T04:00:00Z,2026-07-07T06:00:00+0200,52.8149,MW,FR,FR,forecast_solar_generation,Solar,2026-08-05T07:10:17Z
2026-08-05T07:08:29Z,2026-08-05T09:08:29+0200,d671fb79-bd81-42f3-a5fe-a0a907bfe6ea,2026-07-07T04:15:00Z,2026-07-07T06:15:00+0200,151.66541,MW,FR,FR,forecast_solar_generation,Solar,2026-08-05T07:10:17Z
2026-08-05T07:08:29Z,2026-08-05T09:08:29+0200,d671fb79-bd81-42f3-a5fe-a0a907bfe6ea,2026-07-07T04:30:00Z,2026-07-07T06:30:00+0200,269.73407,MW,FR,FR,forecast_solar_generation,Solar,2026-08-05T07:10:17Z
2026-08-05T07:08:29Z,2026-08-05T09:08:29+0200,d671fb79-bd81-42f3-a5fe-a0a907bfe6ea,2026-07-07T04:45:00Z,2026-07-07T06:45:00+0200,617.34442,MW,FR,FR,forecast_solar_generation,Solar,2026-08-05T07:10:17Z
2026-08-05T07:08:29Z,2026-08-05T09:08:29+0200,d671fb79-bd81-42f3-a5fe-a0a907bfe6ea,2026-07-07T05:00:00Z,2026-07-07T07:00:00+0200,1058.17932,MW,FR,FR,forecast_solar_generation,Solar,2026-08-05T07:10:17Z
2026-08-05T07:08:29Z,2026-08-05T09:08:29+0200,d671fb79-bd81-42f3-a5fe-a0a907bfe6ea,2026-07-07T05:15:00Z,2026-07-07T07:15:00+0200,1595.7179,MW,FR,FR,forecast_solar_generation,Solar,2026-08-05T07:10:17Z
2026-08-05T07:08:29Z,2026-08-05T09:08:29+0200,d671fb79-bd81-42f3-a5fe-a0a907bfe6ea,2026-07-07T05:30:00Z,2026-07-07T07:30:00+0200,2187.18066,MW,FR,FR,forecast_solar_generation,Solar,2026-08-05T07:10:17Z
2026-08-05T07:08:29Z,2026-08-05T09:08:29+0200,d671fb79-bd81-42f3-a5fe-a0a907bfe6ea,2026-07-07T05:45:00Z,2026-07-07T07:45:00+0200,3115.58325,MW,FR,FR,forecast_solar_generation,Solar,2026-08-05T07:10:17Z
2026-08-05T07:08:29Z,2026-08-05T09:08:29+0200,d671fb79-bd81-42f3-a5fe-a0a907bfe6ea,2026-07-07T06:00:00Z,2026-07-07T08:00:00+0200,4082.11865,MW,FR,FR,forecast_solar_generation,Solar,2026-08-05T07:10:17Z
2026-08-05T07:08:29Z,2026-08-05T09:08:29+0200,d671fb79-bd81-42f3-a5fe-a0a907bfe6ea,2026-07-07T06:15:00Z,2026-07-07T08:15:00+0200,5217.77002,MW,FR,FR,forecast_solar_generation,Solar,2026-08-05T07:10:17Z
2026-08-05T07:08:29Z,2026-08-05T09:08:29+0200,d671fb79-bd81-42f3-a5fe-a0a907bfe6ea,2026-07-07T06:30:00Z,2026-07-07T08:30:00+0200,6452.40186,MW,FR,FR,forecast_solar_generation,Solar,2026-08-05T07:10:17Z
2026-08-05T07:08:29Z,2026-08-05T09:08:29+0200,d671fb79-bd81-42f3-a5fe-a0a907bfe6ea,2026-07-07T06:45:00Z,2026-07-07T08:45:00+0200,7719.52588,MW,FR,FR,forecast_solar_generation,Solar,2026-08-05T07:10:17Z
2026-08-05T07:08:29Z,2026-08-05T09:08:29+0200,d671fb79-bd81-42f3-a5fe-a0a907bfe6ea,2026-07-07T07:00:00Z,2026-07-07T09:00:00+0200,9052.36914,MW,FR,FR,forecast_solar_generation,Solar,2026-08-05T07:10:17Z
2026-08-05T07:08:29Z,2026-08-05T09:08:29+0200,d671fb79-bd81-42f3-a5fe-a0a907bfe6ea,2026-07-07T07:15:00Z,2026-07-07T09:15:00+0200,10280.7998,MW,FR,FR,forecast_solar_generation,Solar,2026-08-05T07:10:17Z
2026-08-05T07:08:29Z,2026-08-05T09:08:29+0200,d671fb79-bd81-42f3-a5fe-a0a907bfe6ea,2026-07-07T07:30:00Z,2026-07-07T09:30:00+0200,11546.57812,MW,FR,FR,forecast_solar_generation,Solar,2026-08-05T07:10:17Z
2026-08-05T07:08:29Z,2026-08-05T09:08:29+0200,d671fb79-bd81-42f3-a5fe-a0a907bfe6ea,2026-07-07T07:45:00Z,2026-07-07T09:45:00+0200,12729.06152,MW,FR,FR,forecast_solar_generation,Solar,2026-08-05T07:10:17Z
2026-08-05T07:08:29Z,2026-08-05T09:08:29+0200,d671fb79-bd81-42f3-a5fe-a0a907bfe6ea,2026-07-07T08:00:00Z,2026-07-07T10:00:00+0200,13878.0918,MW,FR,FR,forecast_solar_generation,Solar,2026-08-05T07:10:17Z
2026-08-05T07:08:29Z,2026-08-05T09:08:29+0200,d671fb79-bd81-42f3-a5fe-a0a907bfe6ea,2026-07-07T08:15:00Z,2026-07-07T10:15:00+0200,14969.74023,MW,FR,FR,forecast_solar_generation,Solar,2026-08-05T07:10:17Z
2026-08-05T07:08:29Z,2026-08-05T09:08:29+0200,d671fb79-bd81-42f3-a5fe-a0a907bfe6ea,2026-07-07T08:30:00Z,2026-07-07T10:30:00+0200,15959.9502,MW,FR,FR,forecast_solar_generation,Solar,2026-08-05T07:10:17Z
2026-08-05T07:08:29Z,2026-08-05T09:08:29+0200,d671fb79-bd81-42f3-a5fe-a0a907bfe6ea,2026-07-07T08:45:00Z,2026-07-07T10:45:00+0200,16766.40039,MW,FR,FR,forecast_solar_generation,Solar,2026-08-05T07:10:17Z
2026-08-05T07:08:29Z,2026-08-05T09:08:29+0200,d671fb79-bd81-42f3-a5fe-a0a907bfe6ea,2026-07-07T09:00:00Z,2026-07-07T11:00:00+0200,17500.07812,MW,FR,FR,forecast_solar_generation,Solar,2026-08-05T07:10:17Z
2026-08-05T07:08:29Z,2026-08-05T09:08:29+0200,d671fb79-bd81-42f3-a5fe-a0a907bfe6ea,2026-07-07T09:15:00Z,2026-07-07T11:15:00+0200,18272.39453,MW,FR,FR,forecast_solar_generation,Solar,2026-08-05T07:10:17Z
2026-08-05T07:08:29Z,2026-08-05T09:08:29+0200,d671fb79-bd81-42f3-a5fe-a0a907bfe6ea,2026-07-07T09:30:00Z,2026-07-07T11:30:00+0200,18963.81836,MW,FR,FR,forecast_solar_generation,Solar,2026-08-05T07:10:17Z
2026-08-05T07:08:29Z,2026-08-05T09:08:29+0200,d671fb79-bd81-42f3-a5fe-a0a907bfe6ea,2026-07-07T09:45:00Z,2026-07-07T11:45:00+0200,15024.31836,MW,FR,FR,forecast_solar_generation,Solar,2026-08-05T07:10:17Z
2026-08-05T07:08:29Z,2026-08-05T09:08:29+0200,d671fb79-bd81-42f3-a5fe-a0a907bfe6ea,2026-07-07T10:00:00Z,2026-07-07T12:00:00+0200,15382.39258,MW,FR,FR,forecast_solar_generation,Solar,2026-08-05T07:10:17Z
2026-08-05T07:08:29Z,2026-08-05T09:08:29+0200,d671fb79-bd81-42f3-a5fe-a0a907bfe6ea,2026-07-07T10:15:00Z,2026-07-07T12:15:00+0200,20329.23828,MW,FR,FR,forecast_solar_generation,Solar,2026-08-05T07:10:17Z
2026-08-05T07:08:29Z,2026-08-05T09:08:29+0200,d671fb79-bd81-42f3-a5fe-a0a907bfe6ea,2026-07-07T10:30:00Z,2026-07-07T12:30:00+0200,20693.76562,MW,FR,FR,forecast_solar_generation,Solar,2026-08-05T07:10:17Z
2026-08-05T07:08:29Z,2026-08-05T09:08:29+0200,d671fb79-bd81-42f3-a5fe-a0a907bfe6ea,2026-07-07T10:45:00Z,2026-07-07T12:45:00+0200,20957.09766,MW,FR,FR,forecast_solar_generation,Solar,2026-08-05T07:10:17Z
2026-08-05T07:08:29Z,2026-08-05T09:08:29+0200,d671fb79-bd81-42f3-a5fe-a0a907bfe6ea,2026-07-07T11:00:00Z,2026-07-07T13:00:00+0200,21138.54883,MW,FR,FR,forecast_solar_generation,Solar,2026-08-05T07:10:17Z
2026-08-05T07:08:29Z,2026-08-05T09:08:29+0200,d671fb79-bd81-42f3-a5fe-a0a907bfe6ea,2026-07-07T11:15:00Z,2026-07-07T13:15:00+0200,16407.39648,MW,FR,FR,forecast_solar_generation,Solar,2026-08-05T07:10:17Z
2026-08-05T07:08:29Z,2026-08-05T09:08:29+0200,d671fb79-bd81-42f3-a5fe-a0a907bfe6ea,2026-07-07T11:30:00Z,2026-07-07T13:30:00+0200,16450.8418,MW,FR,FR,forecast_solar_generation,Solar,2026-08-05T07:10:17Z
2026-08-05T07:08:29Z,2026-08-05T09:08:29+0200,d671fb79-bd81-42f3-a5fe-a0a907bfe6ea,2026-07-07T11:45:00Z,2026-07-07T13:45:00+0200,16470.2207,MW,FR,FR,forecast_solar_generation,Solar,2026-08-05T07:10:17Z
2026-08-05T07:08:29Z,2026-08-05T09:08:29+0200,d671fb79-bd81-42f3-a5fe-a0a907bfe6ea,2026-07-07T12:00:00Z,2026-07-07T14:00:00+0200,16480.49609,MW,FR,FR,forecast_solar_generation,Solar,2026-08-05T07:10:17Z
2026-08-05T07:08:29Z,2026-08-05T09:08:29+0200,d671fb79-bd81-42f3-a5fe-a0a907bfe6ea,2026-07-07T12:15:00Z,2026-07-07T14:15:00+0200,21251.86523,MW,FR,FR,forecast_solar_generation,Solar,2026-08-05T07:10:17Z
2026-08-05T07:08:29Z,2026-08-05T09:08:29+0200,d671fb79-bd81-42f3-a5fe-a0a907bfe6ea,2026-07-07T12:30:00Z,2026-07-07T14:30:00+0200,21240.0332,MW,FR,FR,forecast_solar_generation,Solar,2026-08-05T07:10:17Z
2026-08-05T07:08:29Z,2026-08-05T09:08:29+0200,d671fb79-bd81-42f3-a5fe-a0a907bfe6ea,2026-07-07T12:45:00Z,2026-07-07T14:45:00+0200,21129.26953,MW,FR,FR,forecast_solar_generation,Solar,2026-08-05T07:10:17Z
2026-08-05T07:08:29Z,2026-08-05T09:08:29+0200,d671fb79-bd81-42f3-a5fe-a0a907bfe6ea,2026-07-07T13:00:00Z,2026-07-07T15:00:00+0200,16252.73633,MW,FR,FR,forecast_solar_generation,Solar,2026-08-05T07:10:17Z
2026-08-05T07:08:29Z,2026-08-05T09:08:29+0200,d671fb79-bd81-42f3-a5fe-a0a907bfe6ea,2026-07-07T13:15:00Z,2026-07-07T15:15:00+0200,16082.16016,MW,FR,FR,forecast_solar_generation,Solar,2026-08-05T07:10:17Z
2026-08-05T07:08:29Z,2026-08-05T09:08:29+0200,d671fb79-bd81-42f3-a5fe-a0a907bfe6ea,2026-07-07T13:30:00Z,2026-07-07T15:30:00+0200,15861.25293,MW,FR,FR,forecast_solar_generation,Solar,2026-08-05T07:10:17Z
2026-08-05T07:08:29Z,2026-08-05T09:08:29+0200,d671fb79-bd81-42f3-a5fe-a0a907bfe6ea,2026-07-07T13:45:00Z,2026-07-07T15:45:00+0200,20020.3418,MW,FR,FR,forecast_solar_generation,Solar,2026-08-05T07:10:17Z
2026-08-05T07:08:29Z,2026-08-05T09:08:29+0200,d671fb79-bd81-42f3-a5fe-a0a907bfe6ea,2026-07-07T14:00:00Z,2026-07-07T16:00:00+0200,15096.49316,MW,FR,FR,forecast_solar_generation,Solar,2026-08-05T07:10:17Z
2026-08-05T07:08:29Z,2026-08-05T09:08:29+0200,d671fb79-bd81-42f3-a5fe-a0a907bfe6ea,2026-07-07T14:15:00Z,2026-07-07T16:15:00+0200,14720.41406,MW,FR,FR,forecast_solar_generation,Solar,2026-08-05T07:10:17Z
2026-08-05T07:08:29Z,2026-08-05T09:08:29+0200,d671fb79-bd81-42f3-a5fe-a0a907bfe6ea,2026-07-07T14:30:00Z,2026-07-07T16:30:00+0200,14270.9873,MW,FR,FR,forecast_solar_generation,Solar,2026-08-05T07:10:17Z
2026-08-05T07:08:29Z,2026-08-05T09:08:29+0200,d671fb79-bd81-42f3-a5fe-a0a907bfe6ea,2026-07-07T14:45:00Z,2026-07-07T16:45:00+0200,13694.75879,MW,FR,FR,forecast_solar_generation,Solar,2026-08-05T07:10:17Z
2026-08-05T07:08:29Z,2026-08-05T09:08:29+0200,d671fb79-bd81-42f3-a5fe-a0a907bfe6ea,2026-07-07T15:00:00Z,2026-07-07T17:00:00+0200,13060.26562,MW,FR,FR,forecast_solar_generation,Solar,2026-08-05T07:10:17Z
2026-08-05T07:08:29Z,2026-08-05T09:08:29+0200,d671fb79-bd81-42f3-a5fe-a0a907bfe6ea,2026-07-07T15:15:00Z,2026-07-07T17:15:00+0200,12475.28906,MW,FR,FR,forecast_solar_generation,Solar,2026-08-05T07:10:17Z
2026-08-05T07:08:29Z,2026-08-05T09:08:29+0200,d671fb79-bd81-42f3-a5fe-a0a907bfe6ea,2026-07-07T15:30:00Z,2026-07-07T17:30:00+0200,11841.83203,MW,FR,FR,forecast_solar_generation,Solar,2026-08-05T07:10:17Z
2026-08-05T07:08:29Z,2026-08-05T09:08:29+0200,d671fb79-bd81-42f3-a5fe-a0a907bfe6ea,2026-07-07T15:45:00Z,2026-07-07T17:45:00+0200,14297.58594,MW,FR,FR,forecast_solar_generation,Solar,2026-08-05T07:10:17Z
2026-08-05T07:08:29Z,2026-08-05T09:08:29+0200,d671fb79-bd81-42f3-a5fe-a0a907bfe6ea,2026-07-07T16:00:00Z,2026-07-07T18:00:00+0200,13295.99609,MW,FR,FR,forecast_solar_generation,Solar,2026-08-05T07:10:17Z
2026-08-05T07:08:29Z,2026-08-05T09:08:29+0200,d671fb79-bd81-42f3-a5fe-a0a907bfe6ea,2026-07-07T16:15:00Z,2026-07-07T18:15:00+0200,12216.15039,MW,FR,FR,forecast_solar_generation,Solar,2026-08-05T07:10:17Z
2026-08-05T07:08:29Z,2026-08-05T09:08:29+0200,d671fb79-bd81-42f3-a5fe-a0a907bfe6ea,2026-07-07T16:30:00Z,2026-07-07T18:30:00+0200,11114.46973,MW,FR,FR,forecast_solar_generation,Solar,2026-08-05T07:10:17Z
2026-08-05T07:08:29Z,2026-08-05T09:08:29+0200,d671fb79-bd81-42f3-a5fe-a0a907bfe6ea,2026-07-07T16:45:00Z,2026-07-07T18:45:00+0200,10028.7207,MW,FR,FR,forecast_solar_generation,Solar,2026-08-05T07:10:17Z
2026-08-05T07:08:29Z,2026-08-05T09:08:29+0200,d671fb79-bd81-42f3-a5fe-a0a907bfe6ea,2026-07-07T17:00:00Z,2026-07-07T19:00:00+0200,8794.98633,MW,FR,FR,forecast_solar_generation,Solar,2026-08-05T07:10:17Z
2026-08-05T07:08:29Z,2026-08-05T09:08:29+0200,d671fb79-bd81-42f3-a5fe-a0a907bfe6ea,2026-07-07T17:15:00Z,2026-07-07T19:15:00+0200,7627.92334,MW,FR,FR,forecast_solar_generation,Solar,2026-08-05T07:10:17Z
2026-08-05T07:08:29Z,2026-08-05T09:08:29+0200,d671fb79-bd81-42f3-a5fe-a0a907bfe6ea,2026-07-07T17:30:00Z,2026-07-07T19:30:00+0200,6341.68896,MW,FR,FR,forecast_solar_generation,Solar,2026-08-05T07:10:17Z
2026-08-05T07:08:29Z,2026-08-05T09:08:29+0200,d671fb79-bd81-42f3-a5fe-a0a907bfe6ea,2026-07-07T17:45:00Z,2026-07-07T19:45:00+0200,5256.53809,MW,FR,FR,forecast_solar_generation,Solar,2026-08-05T07:10:17Z
2026-08-05T07:08:29Z,2026-08-05T09:08:29+0200,d671fb79-bd81-42f3-a5fe-a0a907bfe6ea,2026-07-07T18:00:00Z,2026-07-07T20:00:00+0200,4180.54639,MW,FR,FR,forecast_solar_generation,Solar,2026-08-05T07:10:17Z
2026-08-05T07:08:29Z,2026-08-05T09:08:29+0200,d671fb79-bd81-42f3-a5fe-a0a907bfe6ea,2026-07-07T18:15:00Z,2026-07-07T20:15:00+0200,3177.37964,MW,FR,FR,forecast_solar_generation,Solar,2026-08-05T07:10:17Z
2026-08-05T07:08:29Z,2026-08-05T09:08:29+0200,d671fb79-bd81-42f3-a5fe-a0a907bfe6ea,2026-07-07T18:30:00Z,2026-07-07T20:30:00+0200,2341.7251,MW,FR,FR,forecast_solar_generation,Solar,2026-08-05T07:10:17Z
2026-08-05T07:08:29Z,2026-08-05T09:08:29+0200,d671fb79-bd81-42f3-a5fe-a0a907bfe6ea,2026-07-07T18:45:00Z,2026-07-07T20:45:00+0200,1738.96716,MW,FR,FR,forecast_solar_generation,Solar,2026-08-05T07:10:17Z
2026-08-05T07:08:29Z,2026-08-05T09:08:29+0200,d671fb79-bd81-42f3-a5fe-a0a907bfe6ea,2026-07-07T19:00:00Z,2026-07-07T21:00:00+0200,1193.17444,MW,FR,FR,forecast_solar_generation,Solar,2026-08-05T07:10:17Z
2026-08-05T07:08:29Z,2026-08-05T09:08:29+0200,d671fb79-bd81-42f3-a5fe-a0a907bfe6ea,2026-07-07T19:15:00Z,2026-07-07T21:15:00+0200,712.76837,MW,FR,FR,forecast_solar_generation,Solar,2026-08-05T07:10:17Z
2026-08-05T07:08:29Z,2026-08-05T09:08:29+0200,d671fb79-bd81-42f3-a5fe-a0a907bfe6ea,2026-07-07T19:30:00Z,2026-07-07T21:30:00+0200,266.93564,MW,FR,FR,forecast_solar_generation,Solar,2026-08-05T07:10:17Z
2026-08-05T07:08:29Z,2026-08-05T09:08:29+0200,d671fb79-bd81-42f3-a5fe-a0a907bfe6ea,2026-07-07T19:45:00Z,2026-07-07T21:45:00+0200,85.25803,MW,FR,FR,forecast_solar_generation,Solar,2026-08-05T07:10:17Z
2026-08-05T07:08:29Z,2026-08-05T09:08:29+0200,d671fb79-bd81-42f3-a5fe-a0a907bfe6ea,2026-07-07T20:00:00Z,2026-07-07T22:00:00+0200,8.42369,MW,FR,FR,forecast_solar_generation,Solar,2026-08-05T07:10:17Z
2026-08-05T07:08:29Z,2026-08-05T09:08:29+0200,d671fb79-bd81-42f3-a5fe-a0a907bfe6ea,2026-07-07T20:15:00Z,2026-07-07T22:15:00+0200,0.0,MW,FR,FR,forecast_solar_generation,Solar,2026-08-05T07:10:17Z
2026-08-05T07:08:29Z,2026-08-05T09:08:29+0200,d671fb79-bd81-42f3-a5fe-a0a907bfe6ea,2026-07-07T20:30:00Z,2026-07-07T22:30:00+0200,0.0,MW,FR,FR,forecast_solar_generation,Solar,2026-08-05T07:10:17Z
2026-08-05T07:08:29Z,2026-08-05T09:08:29+0200,d671fb79-bd81-42f3-a5fe-a0a907bfe6ea,2026-07-07T20:45:00Z,2026-07-07T22:45:00+0200,0.0,MW,FR,FR,forecast_solar_generation,Solar,2026-08-05T07:10:17Z
2026-08-05T07:08:29Z,2026-08-05T09:08:29+0200,d671fb79-bd81-42f3-a5fe-a0a907bfe6ea,2026-07-07T21:00:00Z,2026-07-07T23:00:00+0200,0.0,MW,FR,FR,forecast_solar_generation,Solar,2026-08-05T07:10:17Z
2026-08-05T07:08:29Z,2026-08-05T09:08:29+0200,d671fb79-bd81-42f3-a5fe-a0a907bfe6ea,2026-07-07T21:15:00Z,2026-07-07T23:15:00+0200,0.0,MW,FR,FR,forecast_solar_generation,Solar,2026-08-05T07:10:17Z
2026-08-05T07:08:29Z,2026-08-05T09:08:29+0200,d671fb79-bd81-42f3-a5fe-a0a907bfe6ea,2026-07-07T21:30:00Z,2026-07-07T23:30:00+0200,0.0,MW,FR,FR,forecast_solar_generation,Solar,2026-08-05T07:10:17Z
2026-08-05T07:08:29Z,2026-08-05T09:08:29+0200,d671fb79-bd81-42f3-a5fe-a0a907bfe6ea,2026-07-07T21:45:00Z,2026-07-07T23:45:00+0200,0.0,MW,FR,FR,forecast_solar_generation,Solar,2026-08-05T07:10:17Z
2026-08-05T07:08:29Z,2026-08-05T09:08:29+0200,d671fb79-bd81-42f3-a5fe-a0a907bfe6ea,2026-07-07T22:00:00Z,2026-07-08T00:00:00+0200,0.0,MW,FR,FR,forecast_solar_generation,Solar,2026-08-05T07:10:17Z
2026-08-05T07:08:29Z,2026-08-05T09:08:29+0200,d671fb79-bd81-42f3-a5fe-a0a907bfe6ea,2026-07-07T22:15:00Z,2026-07-08T00:15:00+0200,0.0,MW,FR,FR,forecast_solar_generation,Solar,2026-08-05T07:10:17Z
2026-08-05T07:08:29Z,2026-08-05T09:08:29+0200,d671fb79-bd81-42f3-a5fe-a0a907bfe6ea,2026-07-07T22:30:00Z,2026-07-08T00:30:00+0200,0.0,MW,FR,FR,forecast_solar_generation,Solar,2026-08-05T07:10:17Z
2026-08-05T07:08:29Z,2026-08-05T09:08:29+0200,d671fb79-bd81-42f3-a5fe-a0a907bfe6ea,2026-07-07T22:45:00Z,2026-07-08T00:45:00+0200,0.0,MW,FR,FR,forecast_solar_generation,Solar,2026-08-05T07:10:17Z
2026-08-05T07:08:29Z,2026-08-05T09:08:29+0200,d671fb79-bd81-42f3-a5fe-a0a907bfe6ea,2026-07-07T23:00:00Z,2026-07-08T01:00:00+0200,0.0,MW,FR,FR,forecast_solar_generation,Solar,2026-08-05T07:10:17Z
2026-08-05T07:08:29Z,2026-08-05T09:08:29+0200,d671fb79-bd81-42f3-a5fe-a0a907bfe6ea,2026-07-07T23:15:00Z,2026-07-08T01:15:00+0200,0.0,MW,FR,FR,forecast_solar_generation,Solar,2026-08-05T07:10:17Z
2026-08-05T07:08:29Z,2026-08-05T09:08:29+0200,d671fb79-bd81-42f3-a5fe-a0a907bfe6ea,2026-07-07T23:30:00Z,2026-07-08T01:30:00+0200,0.0,MW,FR,FR,forecast_solar_generation,Solar,2026-08-05T07:10:17Z
2026-08-05T07:08:29Z,2026-08-05T09:08:29+0200,d671fb79-bd81-42f3-a5fe-a0a907bfe6ea,2026-07-07T23:45:00Z,2026-07-08T01:45:00+0200,0.0,MW,FR,FR,forecast_solar_generation,Solar,2026-08-05T07:10:17Z
2026-08-05T07:08:29Z,2026-08-05T09:08:29+0200,d671fb79-bd81-42f3-a5fe-a0a907bfe6ea,2026-07-08T00:00:00Z,2026-07-08T02:00:00+0200,0.0,MW,FR,FR,forecast_solar_generation,Solar,2026-08-05T07:10:17Z
2026-08-05T07:08:29Z,2026-08-05T09:08:29+0200,d671fb79-bd81-42f3-a5fe-a0a907bfe6ea,2026-07-08T00:15:00Z,2026-07-08T02:15:00+0200,0.0,MW,FR,FR,forecast_solar_generation,Solar,2026-08-05T07:10:17Z
2026-08-05T07:08:29Z,2026-08-05T09:08:29+0200,d671fb79-bd81-42f3-a5fe-a0a907bfe6ea,2026-07-08T00:30:00Z,2026-07-08T02:30:00+0200,0.0,MW,FR,FR,forecast_solar_generation,Solar,2026-08-05T07:10:17Z
2026-08-05T07:08:29Z,2026-08-05T09:08:29+0200,d671fb79-bd81-42f3-a5fe-a0a907bfe6ea,2026-07-08T00:45:00Z,2026-07-08T02:45:00+0200,0.0,MW,FR,FR,forecast_solar_generation,Solar,2026-08-05T07:10:17Z
2026-08-05T07:08:29Z,2026-08-05T09:08:29+0200,d671fb79-bd81-42f3-a5fe-a0a907bfe6ea,2026-07-08T01:00:00Z,2026-07-08T03:00:00+0200,0.0,MW,FR,FR,forecast_solar_generation,Solar,2026-08-05T07:10:17Z
2026-08-05T07:08:29Z,2026-08-05T09:08:29+0200,d671fb79-bd81-42f3-a5fe-a0a907bfe6ea,2026-07-08T01:15:00Z,2026-07-08T03:15:00+0200,0.0,MW,FR,FR,forecast_solar_generation,Solar,2026-08-05T07:10:17Z
2026-08-05T07:08:29Z,2026-08-05T09:08:29+0200,d671fb79-bd81-42f3-a5fe-a0a907bfe6ea,2026-07-08T01:30:00Z,2026-07-08T03:30:00+0200,0.0,MW,FR,FR,forecast_solar_generation,Solar,2026-08-05T07:10:17Z
2026-08-05T07:08:29Z,2026-08-05T09:08:29+0200,d671fb79-bd81-42f3-a5fe-a0a907bfe6ea,2026-07-08T01:45:00Z,2026-07-08T03:45:00+0200,0.0,MW,FR,FR,forecast_solar_generation,Solar,2026-08-05T07:10:17Z
2026-08-05T07:08:29Z,2026-08-05T09:08:29+0200,d671fb79-bd81-42f3-a5fe-a0a907bfe6ea,2026-07-08T02:00:00Z,2026-07-08T04:00:00+0200,0.0,MW,FR,FR,forecast_solar_generation,Solar,2026-08-05T07:10:17Z
2026-08-05T07:08:29Z,2026-08-05T09:08:29+0200,d671fb79-bd81-42f3-a5fe-a0a907bfe6ea,2026-07-08T02:15:00Z,2026-07-08T04:15:00+0200,0.0,MW,FR,FR,forecast_solar_generation,Solar,2026-08-05T07:10:17Z
2026-08-05T07:08:29Z,2026-08-05T09:08:29+0200,d671fb79-bd81-42f3-a5fe-a0a907bfe6ea,2026-07-08T02:30:00Z,2026-07-08T04:30:00+0200,0.0,MW,FR,FR,forecast_solar_generation,Solar,2026-08-05T07:10:17Z
2026-08-05T07:08:29Z,2026-08-05T09:08:29+0200,d671fb79-bd81-42f3-a5fe-a0a907bfe6ea,2026-07-08T02:45:00Z,2026-07-08T04:45:00+0200,0.0,MW,FR,FR,forecast_solar_generation,Solar,2026-08-05T07:10:17Z
2026-08-05T07:08:29Z,2026-08-05T09:08:29+0200,d671fb79-bd81-42f3-a5fe-a0a907bfe6ea,2026-07-08T03:00:00Z,2026-07-08T05:00:00+0200,0.0,MW,FR,FR,forecast_solar_generation,Solar,2026-08-05T07:10:17Z
2026-08-05T07:08:29Z,2026-08-05T09:08:29+0200,d671fb79-bd81-42f3-a5fe-a0a907bfe6ea,2026-07-08T03:15:00Z,2026-07-08T05:15:00+0200,0.0,MW,FR,FR,forecast_solar_generation,Solar,2026-08-05T07:10:17Z
2026-08-05T07:08:29Z,2026-08-05T09:08:29+0200,d671fb79-bd81-42f3-a5fe-a0a907bfe6ea,2026-07-08T03:30:00Z,2026-07-08T05:30:00+0200,0.0,MW,FR,FR,forecast_solar_generation,Solar,2026-08-05T07:10:17Z
2026-08-05T07:08:29Z,2026-08-05T09:08:29+0200,d671fb79-bd81-42f3-a5fe-a0a907bfe6ea,2026-07-08T03:45:00Z,2026-07-08T05:45:00+0200,10.95284,MW,FR,FR,forecast_solar_generation,Solar,2026-08-05T07:10:17Z
2026-08-05T07:08:29Z,2026-08-05T09:08:29+0200,d671fb79-bd81-42f3-a5fe-a0a907bfe6ea,2026-07-08T04:00:00Z,2026-07-08T06:00:00+0200,49.79732,MW,FR,FR,forecast_solar_generation,Solar,2026-08-05T07:10:17Z
2026-08-05T07:08:29Z,2026-08-05T09:08:29+0200,d671fb79-bd81-42f3-a5fe-a0a907bfe6ea,2026-07-08T04:15:00Z,2026-07-08T06:15:00+0200,152.994,MW,FR,FR,forecast_solar_generation,Solar,2026-08-05T07:10:17Z
2026-08-05T07:08:29Z,2026-08-05T09:08:29+0200,d671fb79-bd81-42f3-a5fe-a0a907bfe6ea,2026-07-08T04:30:00Z,2026-07-08T06:30:00+0200,269.23361,MW,FR,FR,forecast_solar_generation,Solar,2026-08-05T07:10:17Z
2026-08-05T07:08:29Z,2026-08-05T09:08:29+0200,d671fb79-bd81-42f3-a5fe-a0a907bfe6ea,2026-07-08T04:45:00Z,2026-07-08T06:45:00+0200,594.27094,MW,FR,FR,forecast_solar_generation,Solar,2026-08-05T07:10:17Z
2026-08-05T07:08:29Z,2026-08-05T09:08:29+0200,d671fb79-bd81-42f3-a5fe-a0a907bfe6ea,2026-07-08T05:00:00Z,2026-07-08T07:00:00+0200,1007.07172,MW,FR,FR,forecast_solar_generation,Solar,2026-08-05T07:10:17Z
2026-08-05T07:08:29Z,2026-08-05T09:08:29+0200,d671fb79-bd81-42f3-a5fe-a0a907bfe6ea,2026-07-08T05:15:00Z,2026-07-08T07:15:00+0200,1527.62366,MW,FR,FR,forecast_solar_generation,Solar,2026-08-05T07:10:17Z
2026-08-05T07:08:29Z,2026-08-05T09:08:29+0200,d671fb79-bd81-42f3-a5fe-a0a907bfe6ea,2026-07-08T05:30:00Z,2026-07-08T07:30:00+0200,2099.98926,MW,FR,FR,forecast_solar_generation,Solar,2026-08-05T07:10:17Z
2026-08-05T07:08:29Z,2026-08-05T09:08:29+0200,d671fb79-bd81-42f3-a5fe-a0a907bfe6ea,2026-07-08T05:45:00Z,2026-07-08T07:45:00+0200,2998.93628,MW,FR,FR,forecast_solar_generation,Solar,2026-08-05T07:10:17Z
2026-08-05T07:08:29Z,2026-08-05T09:08:29+0200,d671fb79-bd81-42f3-a5fe-a0a907bfe6ea,2026-07-08T06:00:00Z,2026-07-08T08:00:00+0200,3900.604,MW,FR,FR,forecast_solar_generation,Solar,2026-08-05T07:10:17Z
2026-08-05T07:08:29Z,2026-08-05T09:08:29+0200,d671fb79-bd81-42f3-a5fe-a0a907bfe6ea,2026-07-08T06:15:00Z,2026-07-08T08:15:00+0200,5012.03955,MW,FR,FR,forecast_solar_generation,Solar,2026-08-05T07:10:17Z
2026-08-05T07:08:29Z,2026-08-05T09:08:29+0200,d671fb79-bd81-42f3-a5fe-a0a907bfe6ea,2026-07-08T06:30:00Z,2026-07-08T08:30:00+0200,6132.67969,MW,FR,FR,forecast_solar_generation,Solar,2026-08-05T07:10:17Z
2026-08-05T07:08:29Z,2026-08-05T09:08:29+0200,d671fb79-bd81-42f3-a5fe-a0a907bfe6ea,2026-07-08T06:45:00Z,2026-07-08T08:45:00+0200,7429.77832,MW,FR,FR,forecast_solar_generation,Solar,2026-08-05T07:10:17Z
2026-08-05T07:08:29Z,2026-08-05T09:08:29+0200,d671fb79-bd81-42f3-a5fe-a0a907bfe6ea,2026-07-08T07:00:00Z,2026-07-08T09:00:00+0200,8717.55664,MW,FR,FR,forecast_solar_generation,Solar,2026-08-05T07:10:17Z
2026-08-05T07:08:29Z,2026-08-05T09:08:29+0200,d671fb79-bd81-42f3-a5fe-a0a907bfe6ea,2026-07-08T07:15:00Z,2026-07-08T09:15:00+0200,9997.01953,MW,FR,FR,forecast_solar_generation,Solar,2026-08-05T07:10:17Z
2026-08-05T07:08:29Z,2026-08-05T09:08:29+0200,d671fb79-bd81-42f3-a5fe-a0a907bfe6ea,2026-07-08T07:30:00Z,2026-07-08T09:30:00+0200,11267.42773,MW,FR,FR,forecast_solar_generation,Solar,2026-08-05T07:10:17Z
2026-08-05T07:08:29Z,2026-08-05T09:08:29+0200,d671fb79-bd81-42f3-a5fe-a0a907bfe6ea,2026-07-08T07:45:00Z,2026-07-08T09:45:00+0200,12477.75,MW,FR,FR,forecast_solar_generation,Solar,2026-08-05T07:10:17Z
2026-08-05T07:08:29Z,2026-08-05T09:08:29+0200,d671fb79-bd81-42f3-a5fe-a0a907bfe6ea,2026-07-08T08:00:00Z,2026-07-08T10:00:00+0200,13673.98438,MW,FR,FR,forecast_solar_generation,Solar,2026-08-05T07:10:17Z
2026-08-05T07:08:29Z,2026-08-05T09:08:29+0200,d671fb79-bd81-42f3-a5fe-a0a907bfe6ea,2026-07-08T08:15:00Z,2026-07-08T10:15:00+0200,14796.45996,MW,FR,FR,forecast_solar_generation,Solar,2026-08-05T07:10:17Z
2026-08-05T07:08:29Z,2026-08-05T09:08:29+0200,d671fb79-bd81-42f3-a5fe-a0a907bfe6ea,2026-07-08T08:30:00Z,2026-07-08T10:30:00+0200,15881.61816,MW,FR,FR,forecast_solar_generation,Solar,2026-08-05T07:10:17Z
2026-08-05T07:08:29Z,2026-08-05T09:08:29+0200,d671fb79-bd81-42f3-a5fe-a0a907bfe6ea,2026-07-08T08:45:00Z,2026-07-08T10:45:00+0200,16701.32812,MW,FR,FR,forecast_solar_generation,Solar,2026-08-05T07:10:17Z
2026-08-05T07:08:29Z,2026-08-05T09:08:29+0200,d671fb79-bd81-42f3-a5fe-a0a907bfe6ea,2026-07-08T09:00:00Z,2026-07-08T11:00:00+0200,17521.89062,MW,FR,FR,forecast_solar_generation,Solar,2026-08-05T07:10:17Z
2026-08-05T07:08:29Z,2026-08-05T09:08:29+0200,d671fb79-bd81-42f3-a5fe-a0a907bfe6ea,2026-07-08T09:15:00Z,2026-07-08T11:15:00+0200,18243.88672,MW,FR,FR,forecast_solar_generation,Solar,2026-08-05T07:10:17Z
2026-08-05T07:08:29Z,2026-08-05T09:08:29+0200,d671fb79-bd81-42f3-a5fe-a0a907bfe6ea,2026-07-08T09:30:00Z,2026-07-08T11:30:00+0200,18976.9082,MW,FR,FR,forecast_solar_generation,Solar,2026-08-05T07:10:17Z
2026-08-05T07:08:29Z,2026-08-05T09:08:29+0200,d671fb79-bd81-42f3-a5fe-a0a907bfe6ea,2026-07-08T09:45:00Z,2026-07-08T11:45:00+0200,19498.08203,MW,FR,FR,forecast_solar_generation,Solar,2026-08-05T07:10:17Z
2026-08-05T07:08:29Z,2026-08-05T09:08:29+0200,d671fb79-bd81-42f3-a5fe-a0a907bfe6ea,2026-07-08T10:00:00Z,2026-07-08T12:00:00+0200,19968.49609,MW,FR,FR,forecast_solar_generation,Solar,2026-08-05T07:10:17Z
2026-08-05T07:08:29Z,2026-08-05T09:08:29+0200,d671fb79-bd81-42f3-a5fe-a0a907bfe6ea,2026-07-08T10:15:00Z,2026-07-08T12:15:00+0200,20402.0918,MW,FR,FR,forecast_solar_generation,Solar,2026-08-05T07:10:17Z
2026-08-05T07:08:29Z,2026-08-05T09:08:29+0200,d671fb79-bd81-42f3-a5fe-a0a907bfe6ea,2026-07-08T10:30:00Z,2026-07-08T12:30:00+0200,20818.30078,MW,FR,FR,forecast_solar_generation,Solar,2026-08-05T07:10:17Z
2026-08-05T07:08:29Z,2026-08-05T09:08:29+0200,d671fb79-bd81-42f3-a5fe-a0a907bfe6ea,2026-07-08T10:45:00Z,2026-07-08T12:45:00+0200,21068.19922,MW,FR,FR,forecast_solar_generation,Solar,2026-08-05T07:10:17Z
2026-08-05T07:08:29Z,2026-08-05T09:08:29+0200,d671fb79-bd81-42f3-a5fe-a0a907bfe6ea,2026-07-08T11:00:00Z,2026-07-08T13:00:00+0200,21245.57422,MW,FR,FR,forecast_solar_generation,Solar,2026-08-05T07:10:17Z
2026-08-05T07:08:29Z,2026-08-05T09:08:29+0200,d671fb79-bd81-42f3-a5fe-a0a907bfe6ea,2026-07-08T11:15:00Z,2026-07-08T13:15:00+0200,21314.88281,MW,FR,FR,forecast_solar_generation,Solar,2026-08-05T07:10:17Z
2026-08-05T07:08:29Z,2026-08-05T09:08:29+0200,d671fb79-bd81-42f3-a5fe-a0a907bfe6ea,2026-07-08T11:30:00Z,2026-07-08T13:30:00+0200,21349.95703,MW,FR,FR,forecast_solar_generation,Solar,2026-08-05T07:10:17Z
2026-08-05T07:08:29Z,2026-08-05T09:08:29+0200,d671fb79-bd81-42f3-a5fe-a0a907bfe6ea,2026-07-08T11:45:00Z,2026-07-08T13:45:00+0200,21335.48828,MW,FR,FR,forecast_solar_generation,Solar,2026-08-05T07:10:17Z
2026-08-05T07:08:29Z,2026-08-05T09:08:29+0200,d671fb79-bd81-42f3-a5fe-a0a907bfe6ea,2026-07-08T12:00:00Z,2026-07-08T14:00:00+0200,21325.8125,MW,FR,FR,forecast_solar_generation,Solar,2026-08-05T07:10:17Z
2026-08-05T07:08:29Z,2026-08-05T09:08:29+0200,d671fb79-bd81-42f3-a5fe-a0a907bfe6ea,2026-07-08T12:15:00Z,2026-07-08T14:15:00+0200,21268.99414,MW,FR,FR,forecast_solar_generation,Solar,2026-08-05T07:10:17Z
2026-08-05T07:08:29Z,2026-08-05T09:08:29+0200,d671fb79-bd81-42f3-a5fe-a0a907bfe6ea,2026-07-08T12:30:00Z,2026-07-08T14:30:00+0200,21218.91602,MW,FR,FR,forecast_solar_generation,Solar,2026-08-05T07:10:17Z
2026-08-05T07:08:29Z,2026-08-05T09:08:29+0200,d671fb79-bd81-42f3-a5fe-a0a907bfe6ea,2026-07-08T12:45:00Z,2026-07-08T14:45:00+0200,21143.21875,MW,FR,FR,forecast_solar_generation,Solar,2026-08-05T07:10:17Z
2026-08-05T07:08:29Z,2026-08-05T09:08:29+0200,d671fb79-bd81-42f3-a5fe-a0a907bfe6ea,2026-07-08T13:00:00Z,2026-07-08T15:00:00+0200,21011.79297,MW,FR,FR,forecast_solar_generation,Solar,2026-08-05T07:10:17Z
2026-08-05T07:08:29Z,2026-08-05T09:08:29+0200,d671fb79-bd81-42f3-a5fe-a0a907bfe6ea,2026-07-08T13:15:00Z,2026-07-08T15:15:00+0200,20783.41797,MW,FR,FR,forecast_solar_generation,Solar,2026-08-05T07:10:17Z
2026-08-05T07:08:29Z,2026-08-05T09:08:29+0200,d671fb79-bd81-42f3-a5fe-a0a907bfe6ea,2026-07-08T13:30:00Z,2026-07-08T15:30:00+0200,20472.27539,MW,FR,FR,forecast_solar_generation,Solar,2026-08-05T07:10:17Z
2026-08-05T07:08:29Z,2026-08-05T09:08:29+0200,d671fb79-bd81-42f3-a5fe-a0a907bfe6ea,2026-07-08T13:45:00Z,2026-07-08T15:45:00+0200,19979.82031,MW,FR,FR,forecast_solar_generation,Solar,2026-08-05T07:10:17Z
2026-08-05T07:08:29Z,2026-08-05T09:08:29+0200,d671fb79-bd81-42f3-a5fe-a0a907bfe6ea,2026-07-08T14:00:00Z,2026-07-08T16:00:00+0200,19489.97266,MW,FR,FR,forecast_solar_generation,Solar,2026-08-05T07:10:17Z
2026-08-05T07:08:29Z,2026-08-05T09:08:29+0200,d671fb79-bd81-42f3-a5fe-a0a907bfe6ea,2026-07-08T14:15:00Z,2026-07-08T16:15:00+0200,19039.44141,MW,FR,FR,forecast_solar_generation,Solar,2026-08-05T07:10:17Z
2026-08-05T07:08:29Z,2026-08-05T09:08:29+0200,d671fb79-bd81-42f3-a5fe-a0a907bfe6ea,2026-07-08T14:30:00Z,2026-07-08T16:30:00+0200,18436.25,MW,FR,FR,forecast_solar_generation,Solar,2026-08-05T07:10:17Z
2026-08-05T07:08:29Z,2026-08-05T09:08:29+0200,d671fb79-bd81-42f3-a5fe-a0a907bfe6ea,2026-07-08T14:45:00Z,2026-07-08T16:45:00+0200,17701.09961,MW,FR,FR,forecast_solar_generation,Solar,2026-08-05T07:10:17Z
2026-08-05T07:08:29Z,2026-08-05T09:08:29+0200,d671fb79-bd81-42f3-a5fe-a0a907bfe6ea,2026-07-08T15:00:00Z,2026-07-08T17:00:00+0200,16929.79492,MW,FR,FR,forecast_solar_generation,Solar,2026-08-05T07:10:17Z
2026-08-05T07:08:29Z,2026-08-05T09:08:29+0200,d671fb79-bd81-42f3-a5fe-a0a907bfe6ea,2026-07-08T15:15:00Z,2026-07-08T17:15:00+0200,16145.89355,MW,FR,FR,forecast_solar_generation,Solar,2026-08-05T07:10:17Z
2026-08-05T07:08:29Z,2026-08-05T09:08:29+0200,d671fb79-bd81-42f3-a5fe-a0a907bfe6ea,2026-07-08T15:30:00Z,2026-07-08T17:30:00+0200,15316.85352,MW,FR,FR,forecast_solar_generation,Solar,2026-08-05T07:10:17Z
2026-08-05T07:08:29Z,2026-08-05T09:08:29+0200,d671fb79-bd81-42f3-a5fe-a0a907bfe6ea,2026-07-08T15:45:00Z,2026-07-08T17:45:00+0200,14344.45996,MW,FR,FR,forecast_solar_generation,Solar,2026-08-05T07:10:17Z
2026-08-05T07:08:29Z,2026-08-05T09:08:29+0200,d671fb79-bd81-42f3-a5fe-a0a907bfe6ea,2026-07-08T16:00:00Z,2026-07-08T18:00:00+0200,13346.29785,MW,FR,FR,forecast_solar_generation,Solar,2026-08-05T07:10:17Z
2026-08-05T07:08:29Z,2026-08-05T09:08:29+0200,d671fb79-bd81-42f3-a5fe-a0a907bfe6ea,2026-07-08T16:15:00Z,2026-07-08T18:15:00+0200,12267.41309,MW,FR,FR,forecast_solar_generation,Solar,2026-08-05T07:10:17Z
2026-08-05T07:08:29Z,2026-08-05T09:08:29+0200,d671fb79-bd81-42f3-a5fe-a0a907bfe6ea,2026-07-08T16:30:00Z,2026-07-08T18:30:00+0200,11151.93457,MW,FR,FR,forecast_solar_generation,Solar,2026-08-05T07:10:17Z
2026-08-05T07:08:29Z,2026-08-05T09:08:29+0200,d671fb79-bd81-42f3-a5fe-a0a907bfe6ea,2026-07-08T16:45:00Z,2026-07-08T18:45:00+0200,10042.99805,MW,FR,FR,forecast_solar_generation,Solar,2026-08-05T07:10:17Z
2026-08-05T07:08:29Z,2026-08-05T09:08:29+0200,d671fb79-bd81-42f3-a5fe-a0a907bfe6ea,2026-07-08T17:00:00Z,2026-07-08T19:00:00+0200,8783.47852,MW,FR,FR,forecast_solar_generation,Solar,2026-08-05T07:10:17Z
2026-08-05T07:08:29Z,2026-08-05T09:08:29+0200,d671fb79-bd81-42f3-a5fe-a0a907bfe6ea,2026-07-08T17:15:00Z,2026-07-08T19:15:00+0200,7585.72998,MW,FR,FR,forecast_solar_generation,Solar,2026-08-05T07:10:17Z
2026-08-05T07:08:29Z,2026-08-05T09:08:29+0200,d671fb79-bd81-42f3-a5fe-a0a907bfe6ea,2026-07-08T17:30:00Z,2026-07-08T19:30:00+0200,6292.41016,MW,FR,FR,forecast_solar_generation,Solar,2026-08-05T07:10:17Z
2026-08-05T07:08:29Z,2026-08-05T09:08:29+0200,d671fb79-bd81-42f3-a5fe-a0a907bfe6ea,2026-07-08T17:45:00Z,2026-07-08T19:45:00+0200,5194.62549,MW,FR,FR,forecast_solar_generation,Solar,2026-08-05T07:10:17Z
2026-08-05T07:08:29Z,2026-08-05T09:08:29+0200,d671fb79-bd81-42f3-a5fe-a0a907bfe6ea,2026-07-08T18:00:00Z,2026-07-08T20:00:00+0200,4070.06934,MW,FR,FR,forecast_solar_generation,Solar,2026-08-05T07:10:17Z
2026-08-05T07:08:29Z,2026-08-05T09:08:29+0200,d671fb79-bd81-42f3-a5fe-a0a907bfe6ea,2026-07-08T18:15:00Z,2026-07-08T20:15:00+0200,3076.75586,MW,FR,FR,forecast_solar_generation,Solar,2026-08-05T07:10:17Z
2026-08-05T07:08:29Z,2026-08-05T09:08:29+0200,d671fb79-bd81-42f3-a5fe-a0a907bfe6ea,2026-07-08T18:30:00Z,2026-07-08T20:30:00+0200,2227.88086,MW,FR,FR,forecast_solar_generation,Solar,2026-08-05T07:10:17Z
2026-08-05T07:08:29Z,2026-08-05T09:08:29+0200,d671fb79-bd81-42f3-a5fe-a0a907bfe6ea,2026-07-08T18:45:00Z,2026-07-08T20:45:00+0200,1622.95459,MW,FR,FR,forecast_solar_generation,Solar,2026-08-05T07:10:17Z
2026-08-05T07:08:29Z,2026-08-05T09:08:29+0200,d671fb79-bd81-42f3-a5fe-a0a907bfe6ea,2026-07-08T19:00:00Z,2026-07-08T21:00:00+0200,1107.24524,MW,FR,FR,forecast_solar_generation,Solar,2026-08-05T07:10:17Z
2026-08-05T07:08:29Z,2026-08-05T09:08:29+0200,d671fb79-bd81-42f3-a5fe-a0a907bfe6ea,2026-07-08T19:15:00Z,2026-07-08T21:15:00+0200,634.85352,MW,FR,FR,forecast_solar_generation,Solar,2026-08-05T07:10:17Z
2026-08-05T07:08:29Z,2026-08-05T09:08:29+0200,d671fb79-bd81-42f3-a5fe-a0a907bfe6ea,2026-07-08T19:30:00Z,2026-07-08T21:30:00+0200,234.71045,MW,FR,FR,forecast_solar_generation,Solar,2026-08-05T07:10:17Z
2026-08-05T07:08:29Z,2026-08-05T09:08:29+0200,d671fb79-bd81-42f3-a5fe-a0a907bfe6ea,2026-07-08T19:45:00Z,2026-07-08T21:45:00+0200,67.50939,MW,FR,FR,forecast_solar_generation,Solar,2026-08-05T07:10:17Z
2026-08-05T07:08:29Z,2026-08-05T09:08:29+0200,d671fb79-bd81-42f3-a5fe-a0a907bfe6ea,2026-07-08T20:00:00Z,2026-07-08T22:00:00+0200,7.88289,MW,FR,FR,forecast_solar_generation,Solar,2026-08-05T07:10:17Z
2026-08-05T07:08:29Z,2026-08-05T09:08:29+0200,d671fb79-bd81-42f3-a5fe-a0a907bfe6ea,2026-07-08T20:15:00Z,2026-07-08T22:15:00+0200,0.0,MW,FR,FR,forecast_solar_generation,Solar,2026-08-05T07:10:17Z
2026-08-05T07:08:29Z,2026-08-05T09:08:29+0200,d671fb79-bd81-42f3-a5fe-a0a907bfe6ea,2026-07-08T20:30:00Z,2026-07-08T22:30:00+0200,0.0,MW,FR,FR,forecast_solar_generation,Solar,2026-08-05T07:10:17Z
2026-08-05T07:08:29Z,2026-08-05T09:08:29+0200,d671fb79-bd81-42f3-a5fe-a0a907bfe6ea,2026-07-08T20:45:00Z,2026-07-08T22:45:00+0200,0.0,MW,FR,FR,forecast_solar_generation,Solar,2026-08-05T07:10:17Z
2026-08-05T07:08:29Z,2026-08-05T09:08:29+0200,d671fb79-bd81-42f3-a5fe-a0a907bfe6ea,2026-07-08T21:00:00Z,2026-07-08T23:00:00+0200,0.0,MW,FR,FR,forecast_solar_generation,Solar,2026-08-05T07:10:17Z
2026-08-05T07:08:29Z,2026-08-05T09:08:29+0200,d671fb79-bd81-42f3-a5fe-a0a907bfe6ea,2026-07-08T21:15:00Z,2026-07-08T23:15:00+0200,0.0,MW,FR,FR,forecast_solar_generation,Solar,2026-08-05T07:10:17Z
2026-08-05T07:08:29Z,2026-08-05T09:08:29+0200,d671fb79-bd81-42f3-a5fe-a0a907bfe6ea,2026-07-08T21:30:00Z,2026-07-08T23:30:00+0200,0.0,MW,FR,FR,forecast_solar_generation,Solar,2026-08-05T07:10:17Z
2026-08-05T07:08:29Z,2026-08-05T09:08:29+0200,d671fb79-bd81-42f3-a5fe-a0a907bfe6ea,2026-07-08T21:45:00Z,2026-07-08T23:45:00+0200,0.0,MW,FR,FR,forecast_solar_generation,Solar,2026-08-05T07:10:17Z
2026-08-05T07:08:29Z,2026-08-05T09:08:29+0200,d671fb79-bd81-42f3-a5fe-a0a907bfe6ea,2026-07-08T22:00:00Z,2026-07-09T00:00:00+0200,0.0,MW,FR,FR,forecast_solar_generation,Solar,2026-08-05T07:10:17Z
2026-08-05T07:08:29Z,2026-08-05T09:08:29+0200,d671fb79-bd81-42f3-a5fe-a0a907bfe6ea,2026-07-08T22:15:00Z,2026-07-09T00:15:00+0200,0.0,MW,FR,FR,forecast_solar_generation,Solar,2026-08-05T07:10:17Z
2026-08-05T07:08:29Z,2026-08-05T09:08:29+0200,d671fb79-bd81-42f3-a5fe-a0a907bfe6ea,2026-07-08T22:30:00Z,2026-07-09T00:30:00+0200,0.0,MW,FR,FR,forecast_solar_generation,Solar,2026-08-05T07:10:17Z
2026-08-05T07:08:29Z,2026-08-05T09:08:29+0200,d671fb79-bd81-42f3-a5fe-a0a907bfe6ea,2026-07-08T22:45:00Z,2026-07-09T00:45:00+0200,0.0,MW,FR,FR,forecast_solar_generation,Solar,2026-08-05T07:10:17Z
2026-08-05T07:08:29Z,2026-08-05T09:08:29+0200,d671fb79-bd81-42f3-a5fe-a0a907bfe6ea,2026-07-08T23:00:00Z,2026-07-09T01:00:00+0200,0.0,MW,FR,FR,forecast_solar_generation,Solar,2026-08-05T07:10:17Z
2026-08-05T07:08:29Z,2026-08-05T09:08:29+0200,d671fb79-bd81-42f3-a5fe-a0a907bfe6ea,2026-07-08T23:15:00Z,2026-07-09T01:15:00+0200,0.0,MW,FR,FR,forecast_solar_generation,Solar,2026-08-05T07:10:17Z
2026-08-05T07:08:29Z,2026-08-05T09:08:29+0200,d671fb79-bd81-42f3-a5fe-a0a907bfe6ea,2026-07-08T23:30:00Z,2026-07-09T01:30:00+0200,0.0,MW,FR,FR,forecast_solar_generation,Solar,2026-08-05T07:10:17Z
2026-08-05T07:08:29Z,2026-08-05T09:08:29+0200,d671fb79-bd81-42f3-a5fe-a0a907bfe6ea,2026-07-08T23:45:00Z,2026-07-09T01:45:00+0200,0.0,MW,FR,FR,forecast_solar_generation,Solar,2026-08-05T07:10:17Z
2026-08-05T07:08:29Z,2026-08-05T09:08:29+0200,d671fb79-bd81-42f3-a5fe-a0a907bfe6ea,2026-07-09T00:00:00Z,2026-07-09T02:00:00+0200,0.0,MW,FR,FR,forecast_solar_generation,Solar,2026-08-05T07:10:17Z
2026-08-05T07:08:29Z,2026-08-05T09:08:29+0200,d671fb79-bd81-42f3-a5fe-a0a907bfe6ea,2026-07-09T00:15:00Z,2026-07-09T02:15:00+0200,0.0,MW,FR,FR,forecast_solar_generation,Solar,2026-08-05T07:10:17Z
2026-08-05T07:08:29Z,2026-08-05T09:08:29+0200,d671fb79-bd81-42f3-a5fe-a0a907bfe6ea,2026-07-09T00:30:00Z,2026-07-09T02:30:00+0200,0.0,MW,FR,FR,forecast_solar_generation,Solar,2026-08-05T07:10:17Z
2026-08-05T07:08:29Z,2026-08-05T09:08:29+0200,d671fb79-bd81-42f3-a5fe-a0a907bfe6ea,2026-07-09T00:45:00Z,2026-07-09T02:45:00+0200,0.0,MW,FR,FR,forecast_solar_generation,Solar,2026-08-05T07:10:17Z
2026-08-05T07:08:29Z,2026-08-05T09:08:29+0200,d671fb79-bd81-42f3-a5fe-a0a907bfe6ea,2026-07-09T01:00:00Z,2026-07-09T03:00:00+0200,0.0,MW,FR,FR,forecast_solar_generation,Solar,2026-08-05T07:10:17Z
2026-08-05T07:08:29Z,2026-08-05T09:08:29+0200,d671fb79-bd81-42f3-a5fe-a0a907bfe6ea,2026-07-09T01:15:00Z,2026-07-09T03:15:00+0200,0.0,MW,FR,FR,forecast_solar_generation,Solar,2026-08-05T07:10:17Z
2026-08-05T07:08:29Z,2026-08-05T09:08:29+0200,d671fb79-bd81-42f3-a5fe-a0a907bfe6ea,2026-07-09T01:30:00Z,2026-07-09T03:30:00+0200,0.0,MW,FR,FR,forecast_solar_generation,Solar,2026-08-05T07:10:17Z
2026-08-05T07:08:29Z,2026-08-05T09:08:29+0200,d671fb79-bd81-42f3-a5fe-a0a907bfe6ea,2026-07-09T01:45:00Z,2026-07-09T03:45:00+0200,0.0,MW,FR,FR,forecast_solar_generation,Solar,2026-08-05T07:10:17Z
2026-08-05T07:08:29Z,2026-08-05T09:08:29+0200,d671fb79-bd81-42f3-a5fe-a0a907bfe6ea,2026-07-09T02:00:00Z,2026-07-09T04:00:00+0200,0.0,MW,FR,FR,forecast_solar_generation,Solar,2026-08-05T07:10:17Z
2026-08-05T07:08:29Z,2026-08-05T09:08:29+0200,d671fb79-bd81-42f3-a5fe-a0a907bfe6ea,2026-07-09T02:15:00Z,2026-07-09T04:15:00+0200,0.0,MW,FR,FR,forecast_solar_generation,Solar,2026-08-05T07:10:17Z
2026-08-05T07:08:29Z,2026-08-05T09:08:29+0200,d671fb79-bd81-42f3-a5fe-a0a907bfe6ea,2026-07-09T02:30:00Z,2026-07-09T04:30:00+0200,0.0,MW,FR,FR,forecast_solar_generation,Solar,2026-08-05T07:10:17Z
2026-08-05T07:08:29Z,2026-08-05T09:08:29+0200,d671fb79-bd81-42f3-a5fe-a0a907bfe6ea,2026-07-09T02:45:00Z,2026-07-09T04:45:00+0200,0.0,MW,FR,FR,forecast_solar_generation,Solar,2026-08-05T07:10:17Z
2026-08-05T07:08:29Z,2026-08-05T09:08:29+0200,d671fb79-bd81-42f3-a5fe-a0a907bfe6ea,2026-07-09T03:00:00Z,2026-07-09T05:00:00+0200,0.0,MW,FR,FR,forecast_solar_generation,Solar,2026-08-05T07:10:17Z
2026-08-05T07:08:29Z,2026-08-05T09:08:29+0200,d671fb79-bd81-42f3-a5fe-a0a907bfe6ea,2026-07-09T03:15:00Z,2026-07-09T05:15:00+0200,0.0,MW,FR,FR,forecast_solar_generation,Solar,2026-08-05T07:10:17Z
2026-08-05T07:08:29Z,2026-08-05T09:08:29+0200,d671fb79-bd81-42f3-a5fe-a0a907bfe6ea,2026-07-09T03:30:00Z,2026-07-09T05:30:00+0200,0.0,MW,FR,FR,forecast_solar_generation,Solar,2026-08-05T07:10:17Z
2026-08-05T07:08:29Z,2026-08-05T09:08:29+0200,d671fb79-bd81-42f3-a5fe-a0a907bfe6ea,2026-07-09T03:45:00Z,2026-07-09T05:45:00+0200,8.74602,MW,FR,FR,forecast_solar_generation,Solar,2026-08-05T07:10:17Z
2026-08-05T07:08:29Z,2026-08-05T09:08:29+0200,d671fb79-bd81-42f3-a5fe-a0a907bfe6ea,2026-07-09T04:00:00Z,2026-07-09T06:00:00+0200,43.18471,MW,FR,FR,forecast_solar_generation,Solar,2026-08-05T07:10:17Z
2026-08-05T07:08:29Z,2026-08-05T09:08:29+0200,d671fb79-bd81-42f3-a5fe-a0a907bfe6ea,2026-07-09T04:15:00Z,2026-07-09T06:15:00+0200,126.4906,MW,FR,FR,forecast_solar_generation,Solar,2026-08-05T07:10:17Z
2026-08-05T07:08:29Z,2026-08-05T09:08:29+0200,d671fb79-bd81-42f3-a5fe-a0a907bfe6ea,2026-07-09T04:30:00Z,2026-07-09T06:30:00+0200,236.08389,MW,FR,FR,forecast_solar_generation,Solar,2026-08-05T07:10:17Z
2026-08-05T07:08:29Z,2026-08-05T09:08:29+0200,d671fb79-bd81-42f3-a5fe-a0a907bfe6ea,2026-07-09T04:45:00Z,2026-07-09T06:45:00+0200,548.57721,MW,FR,FR,forecast_solar_generation,Solar,2026-08-05T07:10:17Z
2026-08-05T07:08:29Z,2026-08-05T09:08:29+0200,d671fb79-bd81-42f3-a5fe-a0a907bfe6ea,2026-07-09T05:00:00Z,2026-07-09T07:00:00+0200,957.11414,MW,FR,FR,forecast_solar_generation,Solar,2026-08-05T07:10:17Z
2026-08-05T07:08:29Z,2026-08-05T09:08:29+0200,d671fb79-bd81-42f3-a5fe-a0a907bfe6ea,2026-07-09T05:15:00Z,2026-07-09T07:15:00+0200,1461.74121,MW,FR,FR,forecast_solar_generation,Solar,2026-08-05T07:10:17Z
2026-08-05T07:08:29Z,2026-08-05T09:08:29+0200,d671fb79-bd81-42f3-a5fe-a0a907bfe6ea,2026-07-09T05:30:00Z,2026-07-09T07:30:00+0200,2010.27942,MW,FR,FR,forecast_solar_generation,Solar,2026-08-05T07:10:17Z
2026-08-05T07:08:29Z,2026-08-05T09:08:29+0200,d671fb79-bd81-42f3-a5fe-a0a907bfe6ea,2026-07-09T05:45:00Z,2026-07-09T07:45:00+0200,2896.06567,MW,FR,FR,forecast_solar_generation,Solar,2026-08-05T07:10:17Z
2026-08-05T07:08:29Z,2026-08-05T09:08:29+0200,d671fb79-bd81-42f3-a5fe-a0a907bfe6ea,2026-07-09T06:00:00Z,2026-07-09T08:00:00+0200,3806.35181,MW,FR,FR,forecast_solar_generation,Solar,2026-08-05T07:10:17Z
2026-08-05T07:08:29Z,2026-08-05T09:08:29+0200,d671fb79-bd81-42f3-a5fe-a0a907bfe6ea,2026-07-09T06:15:00Z,2026-07-09T08:15:00+0200,4929.31836,MW,FR,FR,forecast_solar_generation,Solar,2026-08-05T07:10:17Z
2026-08-05T07:08:29Z,2026-08-05T09:08:29+0200,d671fb79-bd81-42f3-a5fe-a0a907bfe6ea,2026-07-09T06:30:00Z,2026-07-09T08:30:00+0200,6025.62158,MW,FR,FR,forecast_solar_generation,Solar,2026-08-05T07:10:17Z
2026-08-05T07:08:29Z,2026-08-05T09:08:29+0200,d671fb79-bd81-42f3-a5fe-a0a907bfe6ea,2026-07-09T06:45:00Z,2026-07-09T08:45:00+0200,7346.22656,MW,FR,FR,forecast_solar_generation,Solar,2026-08-05T07:10:17Z
2026-08-05T07:08:29Z,2026-08-05T09:08:29+0200,d671fb79-bd81-42f3-a5fe-a0a907bfe6ea,2026-07-09T07:00:00Z,2026-07-09T09:00:00+0200,8607.51953,MW,FR,FR,forecast_solar_generation,Solar,2026-08-05T07:10:17Z
2026-08-05T07:08:29Z,2026-08-05T09:08:29+0200,d671fb79-bd81-42f3-a5fe-a0a907bfe6ea,2026-07-09T07:15:00Z,2026-07-09T09:15:00+0200,9893.46973,MW,FR,FR,forecast_solar_generation,Solar,2026-08-05T07:10:17Z
2026-08-05T07:08:29Z,2026-08-05T09:08:29+0200,d671fb79-bd81-42f3-a5fe-a0a907bfe6ea,2026-07-09T07:30:00Z,2026-07-09T09:30:00+0200,11127.36133,MW,FR,FR,forecast_solar_generation,Solar,2026-08-05T07:10:17Z
2026-08-05T07:08:29Z,2026-08-05T09:08:29+0200,d671fb79-bd81-42f3-a5fe-a0a907bfe6ea,2026-07-09T07:45:00Z,2026-07-09T09:45:00+0200,12355.63672,MW,FR,FR,forecast_solar_generation,Solar,2026-08-05T07:10:17Z
2026-08-05T07:08:29Z,2026-08-05T09:08:29+0200,d671fb79-bd81-42f3-a5fe-a0a907bfe6ea,2026-07-09T08:00:00Z,2026-07-09T10:00:00+0200,13542.32422,MW,FR,FR,forecast_solar_generation,Solar,2026-08-05T07:10:17Z
2026-08-05T07:08:29Z,2026-08-05T09:08:29+0200,d671fb79-bd81-42f3-a5fe-a0a907bfe6ea,2026-07-09T08:15:00Z,2026-07-09T10:15:00+0200,14717.33984,MW,FR,FR,forecast_solar_generation,Solar,2026-08-05T07:10:17Z
2026-08-05T07:08:29Z,2026-08-05T09:08:29+0200,d671fb79-bd81-42f3-a5fe-a0a907bfe6ea,2026-07-09T08:30:00Z,2026-07-09T10:30:00+0200,15804.47949,MW,FR,FR,forecast_solar_generation,Solar,2026-08-05T07:10:17Z
2026-08-05T07:08:29Z,2026-08-05T09:08:29+0200,d671fb79-bd81-42f3-a5fe-a0a907bfe6ea,2026-07-09T08:45:00Z,2026-07-09T10:45:00+0200,16693.24805,MW,FR,FR,forecast_solar_generation,Solar,2026-08-05T07:10:17Z
2026-08-05T07:08:29Z,2026-08-05T09:08:29+0200,d671fb79-bd81-42f3-a5fe-a0a907bfe6ea,2026-07-09T09:00:00Z,2026-07-09T11:00:00+0200,17509.11328,MW,FR,FR,forecast_solar_generation,Solar,2026-08-05T07:10:17Z
2026-08-05T07:08:29Z,2026-08-05T09:08:29+0200,d671fb79-bd81-42f3-a5fe-a0a907bfe6ea,2026-07-09T09:15:00Z,2026-07-09T11:15:00+0200,18254.875,MW,FR,FR,forecast_solar_generation,Solar,2026-08-05T07:10:17Z
2026-08-05T07:08:29Z,2026-08-05T09:08:29+0200,d671fb79-bd81-42f3-a5fe-a0a907bfe6ea,2026-07-09T09:30:00Z,2026-07-09T11:30:00+0200,19003.77539,MW,FR,FR,forecast_solar_generation,Solar,2026-08-05T07:10:17Z
2026-08-05T07:08:29Z,2026-08-05T09:08:29+0200,d671fb79-bd81-42f3-a5fe-a0a907bfe6ea,2026-07-09T09:45:00Z,2026-07-09T11:45:00+0200,19551.38477,MW,FR,FR,forecast_solar_generation,Solar,2026-08-05T07:10:17Z
2026-08-05T07:08:29Z,2026-08-05T09:08:29+0200,d671fb79-bd81-42f3-a5fe-a0a907bfe6ea,2026-07-09T10:00:00Z,2026-07-09T12:00:00+0200,20087.8125,MW,FR,FR,forecast_solar_generation,Solar,2026-08-05T07:10:17Z
2026-08-05T07:08:29Z,2026-08-05T09:08:29+0200,d671fb79-bd81-42f3-a5fe-a0a907bfe6ea,2026-07-09T10:15:00Z,2026-07-09T12:15:00+0200,20507.74609,MW,FR,FR,forecast_solar_generation,Solar,2026-08-05T07:10:17Z
2026-08-05T07:08:29Z,2026-08-05T09:08:29+0200,d671fb79-bd81-42f3-a5fe-a0a907bfe6ea,2026-07-09T10:30:00Z,2026-07-09T12:30:00+0200,20902.04297,MW,FR,FR,forecast_solar_generation,Solar,2026-08-05T07:10:17Z
2026-08-05T07:08:29Z,2026-08-05T09:08:29+0200,d671fb79-bd81-42f3-a5fe-a0a907bfe6ea,2026-07-09T10:45:00Z,2026-07-09T12:45:00+0200,21117.31445,MW,FR,FR,forecast_solar_generation,Solar,2026-08-05T07:10:17Z
2026-08-05T07:08:29Z,2026-08-05T09:08:29+0200,d671fb79-bd81-42f3-a5fe-a0a907bfe6ea,2026-07-09T11:00:00Z,2026-07-09T13:00:00+0200,21329.57422,MW,FR,FR,forecast_solar_generation,Solar,2026-08-05T07:10:17Z
2026-08-05T07:08:29Z,2026-08-05T09:08:29+0200,d671fb79-bd81-42f3-a5fe-a0a907bfe6ea,2026-07-09T11:15:00Z,2026-07-09T13:15:00+0200,21462.88477,MW,FR,FR,forecast_solar_generation,Solar,2026-08-05T07:10:17Z
2026-08-05T07:08:29Z,2026-08-05T09:08:29+0200,d671fb79-bd81-42f3-a5fe-a0a907bfe6ea,2026-07-09T11:30:00Z,2026-07-09T13:30:00+0200,21579.22852,MW,FR,FR,forecast_solar_generation,Solar,2026-08-05T07:10:17Z
2026-08-05T07:08:29Z,2026-08-05T09:08:29+0200,d671fb79-bd81-42f3-a5fe-a0a907bfe6ea,2026-07-09T11:45:00Z,2026-07-09T13:45:00+0200,21627.62695,MW,FR,FR,forecast_solar_generation,Solar,2026-08-05T07:10:17Z
2026-08-05T07:08:29Z,2026-08-05T09:08:29+0200,d671fb79-bd81-42f3-a5fe-a0a907bfe6ea,2026-07-09T12:00:00Z,2026-07-09T14:00:00+0200,21647.09961,MW,FR,FR,forecast_solar_generation,Solar,2026-08-05T07:10:17Z
2026-08-05T07:08:29Z,2026-08-05T09:08:29+0200,d671fb79-bd81-42f3-a5fe-a0a907bfe6ea,2026-07-09T12:15:00Z,2026-07-09T14:15:00+0200,21613.1582,MW,FR,FR,forecast_solar_generation,Solar,2026-08-05T07:10:17Z
2026-08-05T07:08:29Z,2026-08-05T09:08:29+0200,d671fb79-bd81-42f3-a5fe-a0a907bfe6ea,2026-07-09T12:30:00Z,2026-07-09T14:30:00+0200,21555.79297,MW,FR,FR,forecast_solar_generation,Solar,2026-08-05T07:10:17Z
2026-08-05T07:08:29Z,2026-08-05T09:08:29+0200,d671fb79-bd81-42f3-a5fe-a0a907bfe6ea,2026-07-09T12:45:00Z,2026-07-09T14:45:00+0200,21423.41797,MW,FR,FR,forecast_solar_generation,Solar,2026-08-05T07:10:17Z
2026-08-05T07:08:29Z,2026-08-05T09:08:29+0200,d671fb79-bd81-42f3-a5fe-a0a907bfe6ea,2026-07-09T13:00:00Z,2026-07-09T15:00:00+0200,21247.24805,MW,FR,FR,forecast_solar_generation,Solar,2026-08-05T07:10:17Z
2026-08-05T07:08:29Z,2026-08-05T09:08:29+0200,d671fb79-bd81-42f3-a5fe-a0a907bfe6ea,2026-07-09T13:15:00Z,2026-07-09T15:15:00+0200,20975.92188,MW,FR,FR,forecast_solar_generation,Solar,2026-08-05T07:10:17Z
2026-08-05T07:08:29Z,2026-08-05T09:08:29+0200,d671fb79-bd81-42f3-a5fe-a0a907bfe6ea,2026-07-09T13:30:00Z,2026-07-09T15:30:00+0200,20631.64844,MW,FR,FR,forecast_solar_generation,Solar,2026-08-05T07:10:17Z
2026-08-05T07:08:29Z,2026-08-05T09:08:29+0200,d671fb79-bd81-42f3-a5fe-a0a907bfe6ea,2026-07-09T13:45:00Z,2026-07-09T15:45:00+0200,20174.36328,MW,FR,FR,forecast_solar_generation,Solar,2026-08-05T07:10:17Z
2026-08-05T07:08:29Z,2026-08-05T09:08:29+0200,d671fb79-bd81-42f3-a5fe-a0a907bfe6ea,2026-07-09T14:00:00Z,2026-07-09T16:00:00+0200,19671.25391,MW,FR,FR,forecast_solar_generation,Solar,2026-08-05T07:10:17Z
2026-08-05T07:08:29Z,2026-08-05T09:08:29+0200,d671fb79-bd81-42f3-a5fe-a0a907bfe6ea,2026-07-09T14:15:00Z,2026-07-09T16:15:00+0200,19122.55469,MW,FR,FR,forecast_solar_generation,Solar,2026-08-05T07:10:17Z
2026-08-05T07:08:29Z,2026-08-05T09:08:29+0200,d671fb79-bd81-42f3-a5fe-a0a907bfe6ea,2026-07-09T14:30:00Z,2026-07-09T16:30:00+0200,18454.49414,MW,FR,FR,forecast_solar_generation,Solar,2026-08-05T07:10:17Z
2026-08-05T07:08:29Z,2026-08-05T09:08:29+0200,d671fb79-bd81-42f3-a5fe-a0a907bfe6ea,2026-07-09T14:45:00Z,2026-07-09T16:45:00+0200,17662.64844,MW,FR,FR,forecast_solar_generation,Solar,2026-08-05T07:10:17Z
2026-08-05T07:08:29Z,2026-08-05T09:08:29+0200,d671fb79-bd81-42f3-a5fe-a0a907bfe6ea,2026-07-09T15:00:00Z,2026-07-09T17:00:00+0200,16875.5,MW,FR,FR,forecast_solar_generation,Solar,2026-08-05T07:10:17Z
2026-08-05T07:08:29Z,2026-08-05T09:08:29+0200,d671fb79-bd81-42f3-a5fe-a0a907bfe6ea,2026-07-09T15:15:00Z,2026-07-09T17:15:00+0200,16035.27832,MW,FR,FR,forecast_solar_generation,Solar,2026-08-05T07:10:17Z
2026-08-05T07:08:29Z,2026-08-05T09:08:29+0200,d671fb79-bd81-42f3-a5fe-a0a907bfe6ea,2026-07-09T15:30:00Z,2026-07-09T17:30:00+0200,15140.86914,MW,FR,FR,forecast_solar_generation,Solar,2026-08-05T07:10:17Z
2026-08-05T07:08:29Z,2026-08-05T09:08:29+0200,d671fb79-bd81-42f3-a5fe-a0a907bfe6ea,2026-07-09T15:45:00Z,2026-07-09T17:45:00+0200,14158.77246,MW,FR,FR,forecast_solar_generation,Solar,2026-08-05T07:10:17Z
2026-08-05T07:08:29Z,2026-08-05T09:08:29+0200,d671fb79-bd81-42f3-a5fe-a0a907bfe6ea,2026-07-09T16:00:00Z,2026-07-09T18:00:00+0200,13072.19434,MW,FR,FR,forecast_solar_generation,Solar,2026-08-05T07:10:17Z
2026-08-05T07:08:29Z,2026-08-05T09:08:29+0200,d671fb79-bd81-42f3-a5fe-a0a907bfe6ea,2026-07-09T16:15:00Z,2026-07-09T18:15:00+0200,11949.04785,MW,FR,FR,forecast_solar_generation,Solar,2026-08-05T07:10:17Z
2026-08-05T07:08:29Z,2026-08-05T09:08:29+0200,d671fb79-bd81-42f3-a5fe-a0a907bfe6ea,2026-07-09T16:30:00Z,2026-07-09T18:30:00+0200,10805.16211,MW,FR,FR,forecast_solar_generation,Solar,2026-08-05T07:10:17Z
2026-08-05T07:08:29Z,2026-08-05T09:08:29+0200,d671fb79-bd81-42f3-a5fe-a0a907bfe6ea,2026-07-09T16:45:00Z,2026-07-09T18:45:00+0200,9729.59766,MW,FR,FR,forecast_solar_generation,Solar,2026-08-05T07:10:17Z
2026-08-05T07:08:29Z,2026-08-05T09:08:29+0200,d671fb79-bd81-42f3-a5fe-a0a907bfe6ea,2026-07-09T17:00:00Z,2026-07-09T19:00:00+0200,8472.92773,MW,FR,FR,forecast_solar_generation,Solar,2026-08-05T07:10:17Z
2026-08-05T07:08:29Z,2026-08-05T09:08:29+0200,d671fb79-bd81-42f3-a5fe-a0a907bfe6ea,2026-07-09T17:15:00Z,2026-07-09T19:15:00+0200,7298.61572,MW,FR,FR,forecast_solar_generation,Solar,2026-08-05T07:10:17Z
2026-08-05T07:08:29Z,2026-08-05T09:08:29+0200,d671fb79-bd81-42f3-a5fe-a0a907bfe6ea,2026-07-09T17:30:00Z,2026-07-09T19:30:00+0200,6028.80615,MW,FR,FR,forecast_solar_generation,Solar,2026-08-05T07:10:17Z
2026-08-05T07:08:29Z,2026-08-05T09:08:29+0200,d671fb79-bd81-42f3-a5fe-a0a907bfe6ea,2026-07-09T17:45:00Z,2026-07-09T19:45:00+0200,5003.82471,MW,FR,FR,forecast_solar_generation,Solar,2026-08-05T07:10:17Z
2026-08-05T07:08:29Z,2026-08-05T09:08:29+0200,d671fb79-bd81-42f3-a5fe-a0a907bfe6ea,2026-07-09T18:00:00Z,2026-07-09T20:00:00+0200,3868.01807,MW,FR,FR,forecast_solar_generation,Solar,2026-08-05T07:10:17Z
2026-08-05T07:08:29Z,2026-08-05T09:08:29+0200,d671fb79-bd81-42f3-a5fe-a0a907bfe6ea,2026-07-09T18:15:00Z,2026-07-09T20:15:00+0200,2919.01855,MW,FR,FR,forecast_solar_generation,Solar,2026-08-05T07:10:17Z
2026-08-05T07:08:29Z,2026-08-05T09:08:29+0200,d671fb79-bd81-42f3-a5fe-a0a907bfe6ea,2026-07-09T18:30:00Z,2026-07-09T20:30:00+0200,2114.40454,MW,FR,FR,forecast_solar_generation,Solar,2026-08-05T07:10:17Z
2026-08-05T07:08:29Z,2026-08-05T09:08:29+0200,d671fb79-bd81-42f3-a5fe-a0a907bfe6ea,2026-07-09T18:45:00Z,2026-07-09T20:45:00+0200,1537.33069,MW,FR,FR,forecast_solar_generation,Solar,2026-08-05T07:10:17Z
2026-08-05T07:08:29Z,2026-08-05T09:08:29+0200,d671fb79-bd81-42f3-a5fe-a0a907bfe6ea,2026-07-09T19:00:00Z,2026-07-09T21:00:00+0200,1052.12061,MW,FR,FR,forecast_solar_generation,Solar,2026-08-05T07:10:17Z
2026-08-05T07:08:29Z,2026-08-05T09:08:29+0200,d671fb79-bd81-42f3-a5fe-a0a907bfe6ea,2026-07-09T19:15:00Z,2026-07-09T21:15:00+0200,601.375,MW,FR,FR,forecast_solar_generation,Solar,2026-08-05T07:10:17Z
2026-08-05T07:08:29Z,2026-08-05T09:08:29+0200,d671fb79-bd81-42f3-a5fe-a0a907bfe6ea,2026-07-09T19:30:00Z,2026-07-09T21:30:00+0200,212.75929,MW,FR,FR,forecast_solar_generation,Solar,2026-08-05T07:10:17Z
2026-08-05T07:08:29Z,2026-08-05T09:08:29+0200,d671fb79-bd81-42f3-a5fe-a0a907bfe6ea,2026-07-09T19:45:00Z,2026-07-09T21:45:00+0200,54.16501,MW,FR,FR,forecast_solar_generation,Solar,2026-08-05T07:10:17Z
2026-08-05T07:08:29Z,2026-08-05T09:08:29+0200,d671fb79-bd81-42f3-a5fe-a0a907bfe6ea,2026-07-09T20:00:00Z,2026-07-09T22:00:00+0200,5.6943,MW,FR,FR,forecast_solar_generation,Solar,2026-08-05T07:10:17Z
2026-08-05T07:08:29Z,2026-08-05T09:08:29+0200,d671fb79-bd81-42f3-a5fe-a0a907bfe6ea,2026-07-09T20:15:00Z,2026-07-09T22:15:00+0200,0.0,MW,FR,FR,forecast_solar_generation,Solar,2026-08-05T07:10:17Z
2026-08-05T07:08:29Z,2026-08-05T09:08:29+0200,d671fb79-bd81-42f3-a5fe-a0a907bfe6ea,2026-07-09T20:30:00Z,2026-07-09T22:30:00+0200,0.0,MW,FR,FR,forecast_solar_generation,Solar,2026-08-05T07:10:17Z
2026-08-05T07:08:29Z,2026-08-05T09:08:29+0200,d671fb79-bd81-42f3-a5fe-a0a907bfe6ea,2026-07-09T20:45:00Z,2026-07-09T22:45:00+0200,0.0,MW,FR,FR,forecast_solar_generation,Solar,2026-08-05T07:10:17Z
2026-08-05T07:08:29Z,2026-08-05T09:08:29+0200,d671fb79-bd81-42f3-a5fe-a0a907bfe6ea,2026-07-09T21:00:00Z,2026-07-09T23:00:00+0200,0.0,MW,FR,FR,forecast_solar_generation,Solar,2026-08-05T07:10:17Z
2026-08-05T07:08:29Z,2026-08-05T09:08:29+0200,d671fb79-bd81-42f3-a5fe-a0a907bfe6ea,2026-07-09T21:15:00Z,2026-07-09T23:15:00+0200,0.0,MW,FR,FR,forecast_solar_generation,Solar,2026-08-05T07:10:17Z
2026-08-05T07:08:29Z,2026-08-05T09:08:29+0200,d671fb79-bd81-42f3-a5fe-a0a907bfe6ea,2026-07-09T21:30:00Z,2026-07-09T23:30:00+0200,0.0,MW,FR,FR,forecast_solar_generation,Solar,2026-08-05T07:10:17Z
2026-08-05T07:08:29Z,2026-08-05T09:08:29+0200,d671fb79-bd81-42f3-a5fe-a0a907bfe6ea,2026-07-09T21:45:00Z,2026-07-09T23:45:00+0200,0.0,MW,FR,FR,forecast_solar_generation,Solar,2026-08-05T07:10:17Z
2026-08-05T07:08:29Z,2026-08-05T09:08:29+0200,d671fb79-bd81-42f3-a5fe-a0a907bfe6ea,2026-07-09T22:00:00Z,2026-07-10T00:00:00+0200,0.0,MW,FR,FR,forecast_solar_generation,Solar,2026-08-05T07:10:17Z
2026-08-05T07:08:29Z,2026-08-05T09:08:29+0200,d671fb79-bd81-42f3-a5fe-a0a907bfe6ea,2026-07-09T22:15:00Z,2026-07-10T00:15:00+0200,0.0,MW,FR,FR,forecast_solar_generation,Solar,2026-08-05T07:10:17Z
2026-08-05T07:08:29Z,2026-08-05T09:08:29+0200,d671fb79-bd81-42f3-a5fe-a0a907bfe6ea,2026-07-09T22:30:00Z,2026-07-10T00:30:00+0200,0.0,MW,FR,FR,forecast_solar_generation,Solar,2026-08-05T07:10:17Z
2026-08-05T07:08:29Z,2026-08-05T09:08:29+0200,d671fb79-bd81-42f3-a5fe-a0a907bfe6ea,2026-07-09T22:45:00Z,2026-07-10T00:45:00+0200,0.0,MW,FR,FR,forecast_solar_generation,Solar,2026-08-05T07:10:17Z
2026-08-05T07:08:29Z,2026-08-05T09:08:29+0200,d671fb79-bd81-42f3-a5fe-a0a907bfe6ea,2026-07-09T23:00:00Z,2026-07-10T01:00:00+0200,0.0,MW,FR,FR,forecast_solar_generation,Solar,2026-08-05T07:10:17Z
2026-08-05T07:08:29Z,2026-08-05T09:08:29+0200,d671fb79-bd81-42f3-a5fe-a0a907bfe6ea,2026-07-09T23:15:00Z,2026-07-10T01:15:00+0200,0.0,MW,FR,FR,forecast_solar_generation,Solar,2026-08-05T07:10:17Z
2026-08-05T07:08:29Z,2026-08-05T09:08:29+0200,d671fb79-bd81-42f3-a5fe-a0a907bfe6ea,2026-07-09T23:30:00Z,2026-07-10T01:30:00+0200,0.0,MW,FR,FR,forecast_solar_generation,Solar,2026-08-05T07:10:17Z
2026-08-05T07:08:29Z,2026-08-05T09:08:29+0200,d671fb79-bd81-42f3-a5fe-a0a907bfe6ea,2026-07-09T23:45:00Z,2026-07-10T01:45:00+0200,0.0,MW,FR,FR,forecast_solar_generation,Solar,2026-08-05T07:10:17Z
2026-08-05T07:08:29Z,2026-08-05T09:08:29+0200,d671fb79-bd81-42f3-a5fe-a0a907bfe6ea,2026-07-10T00:00:00Z,2026-07-10T02:00:00+0200,0.0,MW,FR,FR,forecast_solar_generation,Solar,2026-08-05T07:10:17Z
2026-08-05T07:08:29Z,2026-08-05T09:08:29+0200,d671fb79-bd81-42f3-a5fe-a0a907bfe6ea,2026-07-10T00:15:00Z,2026-07-10T02:15:00+0200,0.0,MW,FR,FR,forecast_solar_generation,Solar,2026-08-05T07:10:17Z
2026-08-05T07:08:29Z,2026-08-05T09:08:29+0200,d671fb79-bd81-42f3-a5fe-a0a907bfe6ea,2026-07-10T00:30:00Z,2026-07-10T02:30:00+0200,0.0,MW,FR,FR,forecast_solar_generation,Solar,2026-08-05T07:10:17Z
2026-08-05T07:08:29Z,2026-08-05T09:08:29+0200,d671fb79-bd81-42f3-a5fe-a0a907bfe6ea,2026-07-10T00:45:00Z,2026-07-10T02:45:00+0200,0.0,MW,FR,FR,forecast_solar_generation,Solar,2026-08-05T07:10:17Z
2026-08-05T07:08:29Z,2026-08-05T09:08:29+0200,d671fb79-bd81-42f3-a5fe-a0a907bfe6ea,2026-07-10T01:00:00Z,2026-07-10T03:00:00+0200,0.0,MW,FR,FR,forecast_solar_generation,Solar,2026-08-05T07:10:17Z
2026-08-05T07:08:29Z,2026-08-05T09:08:29+0200,d671fb79-bd81-42f3-a5fe-a0a907bfe6ea,2026-07-10T01:15:00Z,2026-07-10T03:15:00+0200,0.0,MW,FR,FR,forecast_solar_generation,Solar,2026-08-05T07:10:17Z
2026-08-05T07:08:29Z,2026-08-05T09:08:29+0200,d671fb79-bd81-42f3-a5fe-a0a907bfe6ea,2026-07-10T01:30:00Z,2026-07-10T03:30:00+0200,0.0,MW,FR,FR,forecast_solar_generation,Solar,2026-08-05T07:10:17Z
2026-08-05T07:08:29Z,2026-08-05T09:08:29+0200,d671fb79-bd81-42f3-a5fe-a0a907bfe6ea,2026-07-10T01:45:00Z,2026-07-10T03:45:00+0200,0.0,MW,FR,FR,forecast_solar_generation,Solar,2026-08-05T07:10:17Z
2026-08-05T07:08:29Z,2026-08-05T09:08:29+0200,d671fb79-bd81-42f3-a5fe-a0a907bfe6ea,2026-07-10T02:00:00Z,2026-07-10T04:00:00+0200,0.0,MW,FR,FR,forecast_solar_generation,Solar,2026-08-05T07:10:17Z
2026-08-05T07:08:29Z,2026-08-05T09:08:29+0200,d671fb79-bd81-42f3-a5fe-a0a907bfe6ea,2026-07-10T02:15:00Z,2026-07-10T04:15:00+0200,0.0,MW,FR,FR,forecast_solar_generation,Solar,2026-08-05T07:10:17Z
2026-08-05T07:08:29Z,2026-08-05T09:08:29+0200,d671fb79-bd81-42f3-a5fe-a0a907bfe6ea,2026-07-10T02:30:00Z,2026-07-10T04:30:00+0200,0.0,MW,FR,FR,forecast_solar_generation,Solar,2026-08-05T07:10:17Z
2026-08-05T07:08:29Z,2026-08-05T09:08:29+0200,d671fb79-bd81-42f3-a5fe-a0a907bfe6ea,2026-07-10T02:45:00Z,2026-07-10T04:45:00+0200,0.0,MW,FR,FR,forecast_solar_generation,Solar,2026-08-05T07:10:17Z
2026-08-05T07:08:29Z,2026-08-05T09:08:29+0200,d671fb79-bd81-42f3-a5fe-a0a907bfe6ea,2026-07-10T03:00:00Z,2026-07-10T05:00:00+0200,0.0,MW,FR,FR,forecast_solar_generation,Solar,2026-08-05T07:10:17Z
2026-08-05T07:08:29Z,2026-08-05T09:08:29+0200,d671fb79-bd81-42f3-a5fe-a0a907bfe6ea,2026-07-10T03:15:00Z,2026-07-10T05:15:00+0200,0.0,MW,FR,FR,forecast_solar_generation,Solar,2026-08-05T07:10:17Z
2026-08-05T07:08:29Z,2026-08-05T09:08:29+0200,d671fb79-bd81-42f3-a5fe-a0a907bfe6ea,2026-07-10T03:30:00Z,2026-07-10T05:30:00+0200,0.0,MW,FR,FR,forecast_solar_generation,Solar,2026-08-05T07:10:17Z
2026-08-05T07:08:29Z,2026-08-05T09:08:29+0200,d671fb79-bd81-42f3-a5fe-a0a907bfe6ea,2026-07-10T03:45:00Z,2026-07-10T05:45:00+0200,8.00943,MW,FR,FR,forecast_solar_generation,Solar,2026-08-05T07:10:17Z
2026-08-05T07:08:29Z,2026-08-05T09:08:29+0200,d671fb79-bd81-42f3-a5fe-a0a907bfe6ea,2026-07-10T04:00:00Z,2026-07-10T06:00:00+0200,43.24466,MW,FR,FR,forecast_solar_generation,Solar,2026-08-05T07:10:17Z
2026-08-05T07:08:29Z,2026-08-05T09:08:29+0200,d671fb79-bd81-42f3-a5fe-a0a907bfe6ea,2026-07-10T04:15:00Z,2026-07-10T06:15:00+0200,126.73526,MW,FR,FR,forecast_solar_generation,Solar,2026-08-05T07:10:17Z
2026-08-05T07:08:29Z,2026-08-05T09:08:29+0200,d671fb79-bd81-42f3-a5fe-a0a907bfe6ea,2026-07-10T04:30:00Z,2026-07-10T06:30:00+0200,242.78484,MW,FR,FR,forecast_solar_generation,Solar,2026-08-05T07:10:17Z
2026-08-05T07:08:29Z,2026-08-05T09:08:29+0200,d671fb79-bd81-42f3-a5fe-a0a907bfe6ea,2026-07-10T04:45:00Z,2026-07-10T06:45:00+0200,538.20874,MW,FR,FR,forecast_solar_generation,Solar,2026-08-05T07:10:17Z
2026-08-05T07:08:29Z,2026-08-05T09:08:29+0200,d671fb79-bd81-42f3-a5fe-a0a907bfe6ea,2026-07-10T05:00:00Z,2026-07-10T07:00:00+0200,937.3432,MW,FR,FR,forecast_solar_generation,Solar,2026-08-05T07:10:17Z
2026-08-05T07:08:29Z,2026-08-05T09:08:29+0200,d671fb79-bd81-42f3-a5fe-a0a907bfe6ea,2026-07-10T05:15:00Z,2026-07-10T07:15:00+0200,1421.8949,MW,FR,FR,forecast_solar_generation,Solar,2026-08-05T07:10:17Z
2026-08-05T07:08:29Z,2026-08-05T09:08:29+0200,d671fb79-bd81-42f3-a5fe-a0a907bfe6ea,2026-07-10T05:30:00Z,2026-07-10T07:30:00+0200,1950.4906,MW,FR,FR,forecast_solar_generation,Solar,2026-08-05T07:10:17Z
2026-08-05T07:08:29Z,2026-08-05T09:08:29+0200,d671fb79-bd81-42f3-a5fe-a0a907bfe6ea,2026-07-10T05:45:00Z,2026-07-10T07:45:00+0200,2804.83374,MW,FR,FR,forecast_solar_generation,Solar,2026-08-05T07:10:17Z
2026-08-05T07:08:29Z,2026-08-05T09:08:29+0200,d671fb79-bd81-42f3-a5fe-a0a907bfe6ea,2026-07-10T06:00:00Z,2026-07-10T08:00:00+0200,3684.36011,MW,FR,FR,forecast_solar_generation,Solar,2026-08-05T07:10:17Z
2026-08-05T07:08:29Z,2026-08-05T09:08:29+0200,d671fb79-bd81-42f3-a5fe-a0a907bfe6ea,2026-07-10T06:15:00Z,2026-07-10T08:15:00+0200,4778.06445,MW,FR,FR,forecast_solar_generation,Solar,2026-08-05T07:10:17Z
2026-08-05T07:08:29Z,2026-08-05T09:08:29+0200,d671fb79-bd81-42f3-a5fe-a0a907bfe6ea,2026-07-10T06:30:00Z,2026-07-10T08:30:00+0200,5803.56592,MW,FR,FR,forecast_solar_generation,Solar,2026-08-05T07:10:17Z
2026-08-05T07:08:29Z,2026-08-05T09:08:29+0200,d671fb79-bd81-42f3-a5fe-a0a907bfe6ea,2026-07-10T06:45:00Z,2026-07-10T08:45:00+0200,7114.50635,MW,FR,FR,forecast_solar_generation,Solar,2026-08-05T07:10:17Z
2026-08-05T07:08:29Z,2026-08-05T09:08:29+0200,d671fb79-bd81-42f3-a5fe-a0a907bfe6ea,2026-07-10T07:00:00Z,2026-07-10T09:00:00+0200,8284.14258,MW,FR,FR,forecast_solar_generation,Solar,2026-08-05T07:10:17Z
2026-08-05T07:08:29Z,2026-08-05T09:08:29+0200,d671fb79-bd81-42f3-a5fe-a0a907bfe6ea,2026-07-10T07:15:00Z,2026-07-10T09:15:00+0200,9560.5459,MW,FR,FR,forecast_solar_generation,Solar,2026-08-05T07:10:17Z
2026-08-05T07:08:29Z,2026-08-05T09:08:29+0200,d671fb79-bd81-42f3-a5fe-a0a907bfe6ea,2026-07-10T07:30:00Z,2026-07-10T09:30:00+0200,10684.99512,MW,FR,FR,forecast_solar_generation,Solar,2026-08-05T07:10:17Z
2026-08-05T07:08:29Z,2026-08-05T09:08:29+0200,d671fb79-bd81-42f3-a5fe-a0a907bfe6ea,2026-07-10T07:45:00Z,2026-07-10T09:45:00+0200,11866.46484,MW,FR,FR,forecast_solar_generation,Solar,2026-08-05T07:10:17Z
2026-08-05T07:08:29Z,2026-08-05T09:08:29+0200,d671fb79-bd81-42f3-a5fe-a0a907bfe6ea,2026-07-10T08:00:00Z,2026-07-10T10:00:00+0200,12959.43457,MW,FR,FR,forecast_solar_generation,Solar,2026-08-05T07:10:17Z
2026-08-05T07:08:29Z,2026-08-05T09:08:29+0200,d671fb79-bd81-42f3-a5fe-a0a907bfe6ea,2026-07-10T08:15:00Z,2026-07-10T10:15:00+0200,14107.45605,MW,FR,FR,forecast_solar_generation,Solar,2026-08-05T07:10:17Z
2026-08-05T07:08:29Z,2026-08-05T09:08:29+0200,d671fb79-bd81-42f3-a5fe-a0a907bfe6ea,2026-07-10T08:30:00Z,2026-07-10T10:30:00+0200,15115.25586,MW,FR,FR,forecast_solar_generation,Solar,2026-08-05T07:10:17Z
2026-08-05T07:08:29Z,2026-08-05T09:08:29+0200,d671fb79-bd81-42f3-a5fe-a0a907bfe6ea,2026-07-10T08:45:00Z,2026-07-10T10:45:00+0200,15970.41309,MW,FR,FR,forecast_solar_generation,Solar,2026-08-05T07:10:17Z
2026-08-05T07:08:29Z,2026-08-05T09:08:29+0200,d671fb79-bd81-42f3-a5fe-a0a907bfe6ea,2026-07-10T09:00:00Z,2026-07-10T11:00:00+0200,16741.68555,MW,FR,FR,forecast_solar_generation,Solar,2026-08-05T07:10:17Z
2026-08-05T07:08:29Z,2026-08-05T09:08:29+0200,d671fb79-bd81-42f3-a5fe-a0a907bfe6ea,2026-07-10T09:15:00Z,2026-07-10T11:15:00+0200,17455.66016,MW,FR,FR,forecast_solar_generation,Solar,2026-08-05T07:10:17Z
2026-08-05T07:08:29Z,2026-08-05T09:08:29+0200,d671fb79-bd81-42f3-a5fe-a0a907bfe6ea,2026-07-10T09:30:00Z,2026-07-10T11:30:00+0200,18137.00391,MW,FR,FR,forecast_solar_generation,Solar,2026-08-05T07:10:17Z
2026-08-05T07:08:29Z,2026-08-05T09:08:29+0200,d671fb79-bd81-42f3-a5fe-a0a907bfe6ea,2026-07-10T09:45:00Z,2026-07-10T11:45:00+0200,18637.68555,MW,FR,FR,forecast_solar_generation,Solar,2026-08-05T07:10:17Z
2026-08-05T07:08:29Z,2026-08-05T09:08:29+0200,d671fb79-bd81-42f3-a5fe-a0a907bfe6ea,2026-07-10T10:00:00Z,2026-07-10T12:00:00+0200,19166.07812,MW,FR,FR,forecast_solar_generation,Solar,2026-08-05T07:10:17Z
2026-08-05T07:08:29Z,2026-08-05T09:08:29+0200,d671fb79-bd81-42f3-a5fe-a0a907bfe6ea,2026-07-10T10:15:00Z,2026-07-10T12:15:00+0200,19559.79102,MW,FR,FR,forecast_solar_generation,Solar,2026-08-05T07:10:17Z
2026-08-05T07:08:29Z,2026-08-05T09:08:29+0200,d671fb79-bd81-42f3-a5fe-a0a907bfe6ea,2026-07-10T10:30:00Z,2026-07-10T12:30:00+0200,19965.13867,MW,FR,FR,forecast_solar_generation,Solar,2026-08-05T07:10:17Z
2026-08-05T07:08:29Z,2026-08-05T09:08:29+0200,d671fb79-bd81-42f3-a5fe-a0a907bfe6ea,2026-07-10T10:45:00Z,2026-07-10T12:45:00+0200,20186.30859,MW,FR,FR,forecast_solar_generation,Solar,2026-08-05T07:10:17Z
2026-08-05T07:08:29Z,2026-08-05T09:08:29+0200,d671fb79-bd81-42f3-a5fe-a0a907bfe6ea,2026-07-10T11:00:00Z,2026-07-10T13:00:00+0200,20406.23828,MW,FR,FR,forecast_solar_generation,Solar,2026-08-05T07:10:17Z
2026-08-05T07:08:29Z,2026-08-05T09:08:29+0200,d671fb79-bd81-42f3-a5fe-a0a907bfe6ea,2026-07-10T11:15:00Z,2026-07-10T13:15:00+0200,20545.62305,MW,FR,FR,forecast_solar_generation,Solar,2026-08-05T07:10:17Z
2026-08-05T07:08:29Z,2026-08-05T09:08:29+0200,d671fb79-bd81-42f3-a5fe-a0a907bfe6ea,2026-07-10T11:30:00Z,2026-07-10T13:30:00+0200,20650.62695,MW,FR,FR,forecast_solar_generation,Solar,2026-08-05T07:10:17Z
2026-08-05T07:08:29Z,2026-08-05T09:08:29+0200,d671fb79-bd81-42f3-a5fe-a0a907bfe6ea,2026-07-10T11:45:00Z,2026-07-10T13:45:00+0200,20651.49023,MW,FR,FR,forecast_solar_generation,Solar,2026-08-05T07:10:17Z
2026-08-05T07:08:29Z,2026-08-05T09:08:29+0200,d671fb79-bd81-42f3-a5fe-a0a907bfe6ea,2026-07-10T12:00:00Z,2026-07-10T14:00:00+0200,20586.93945,MW,FR,FR,forecast_solar_generation,Solar,2026-08-05T07:10:17Z
2026-08-05T07:08:29Z,2026-08-05T09:08:29+0200,d671fb79-bd81-42f3-a5fe-a0a907bfe6ea,2026-07-10T12:15:00Z,2026-07-10T14:15:00+0200,20422.26758,MW,FR,FR,forecast_solar_generation,Solar,2026-08-05T07:10:17Z
2026-08-05T07:08:29Z,2026-08-05T09:08:29+0200,d671fb79-bd81-42f3-a5fe-a0a907bfe6ea,2026-07-10T12:30:00Z,2026-07-10T14:30:00+0200,20234.56836,MW,FR,FR,forecast_solar_generation,Solar,2026-08-05T07:10:17Z
2026-08-05T07:08:29Z,2026-08-05T09:08:29+0200,d671fb79-bd81-42f3-a5fe-a0a907bfe6ea,2026-07-10T12:45:00Z,2026-07-10T14:45:00+0200,19941.00391,MW,FR,FR,forecast_solar_generation,Solar,2026-08-05T07:10:17Z
2026-08-05T07:08:29Z,2026-08-05T09:08:29+0200,d671fb79-bd81-42f3-a5fe-a0a907bfe6ea,2026-07-10T13:00:00Z,2026-07-10T15:00:00+0200,19566.74023,MW,FR,FR,forecast_solar_generation,Solar,2026-08-05T07:10:17Z
2026-08-05T07:08:29Z,2026-08-05T09:08:29+0200,d671fb79-bd81-42f3-a5fe-a0a907bfe6ea,2026-07-10T13:15:00Z,2026-07-10T15:15:00+0200,19093.00391,MW,FR,FR,forecast_solar_generation,Solar,2026-08-05T07:10:17Z
2026-08-05T07:08:29Z,2026-08-05T09:08:29+0200,d671fb79-bd81-42f3-a5fe-a0a907bfe6ea,2026-07-10T13:30:00Z,2026-07-10T15:30:00+0200,18684.77539,MW,FR,FR,forecast_solar_generation,Solar,2026-08-05T07:10:17Z
2026-08-05T07:08:29Z,2026-08-05T09:08:29+0200,d671fb79-bd81-42f3-a5fe-a0a907bfe6ea,2026-07-10T13:45:00Z,2026-07-10T15:45:00+0200,18120.13086,MW,FR,FR,forecast_solar_generation,Solar,2026-08-05T07:10:17Z
2026-08-05T07:08:29Z,2026-08-05T09:08:29+0200,d671fb79-bd81-42f3-a5fe-a0a907bfe6ea,2026-07-10T14:00:00Z,2026-07-10T16:00:00+0200,17576.46875,MW,FR,FR,forecast_solar_generation,Solar,2026-08-05T07:10:17Z
2026-08-05T07:08:29Z,2026-08-05T09:08:29+0200,d671fb79-bd81-42f3-a5fe-a0a907bfe6ea,2026-07-10T14:15:00Z,2026-07-10T16:15:00+0200,16968.63086,MW,FR,FR,forecast_solar_generation,Solar,2026-08-05T07:10:17Z
2026-08-05T07:08:29Z,2026-08-05T09:08:29+0200,d671fb79-bd81-42f3-a5fe-a0a907bfe6ea,2026-07-10T14:30:00Z,2026-07-10T16:30:00+0200,16360.89648,MW,FR,FR,forecast_solar_generation,Solar,2026-08-05T07:10:17Z
2026-08-05T07:08:29Z,2026-08-05T09:08:29+0200,d671fb79-bd81-42f3-a5fe-a0a907bfe6ea,2026-07-10T14:45:00Z,2026-07-10T16:45:00+0200,15619.73828,MW,FR,FR,forecast_solar_generation,Solar,2026-08-05T07:10:17Z
2026-08-05T07:08:29Z,2026-08-05T09:08:29+0200,d671fb79-bd81-42f3-a5fe-a0a907bfe6ea,2026-07-10T15:00:00Z,2026-07-10T17:00:00+0200,14895.7334,MW,FR,FR,forecast_solar_generation,Solar,2026-08-05T07:10:17Z
2026-08-05T07:08:29Z,2026-08-05T09:08:29+0200,d671fb79-bd81-42f3-a5fe-a0a907bfe6ea,2026-07-10T15:15:00Z,2026-07-10T17:15:00+0200,14087.22461,MW,FR,FR,forecast_solar_generation,Solar,2026-08-05T07:10:17Z
2026-08-05T07:08:29Z,2026-08-05T09:08:29+0200,d671fb79-bd81-42f3-a5fe-a0a907bfe6ea,2026-07-10T15:30:00Z,2026-07-10T17:30:00+0200,13314.75195,MW,FR,FR,forecast_solar_generation,Solar,2026-08-05T07:10:17Z
2026-08-05T07:08:29Z,2026-08-05T09:08:29+0200,d671fb79-bd81-42f3-a5fe-a0a907bfe6ea,2026-07-10T15:45:00Z,2026-07-10T17:45:00+0200,12440.91309,MW,FR,FR,forecast_solar_generation,Solar,2026-08-05T07:10:17Z
2026-08-05T07:08:29Z,2026-08-05T09:08:29+0200,d671fb79-bd81-42f3-a5fe-a0a907bfe6ea,2026-07-10T16:00:00Z,2026-07-10T18:00:00+0200,11445.17676,MW,FR,FR,forecast_solar_generation,Solar,2026-08-05T07:10:17Z
2026-08-05T07:08:29Z,2026-08-05T09:08:29+0200,d671fb79-bd81-42f3-a5fe-a0a907bfe6ea,2026-07-10T16:15:00Z,2026-07-10T18:15:00+0200,10364.52637,MW,FR,FR,forecast_solar_generation,Solar,2026-08-05T07:10:17Z
2026-08-05T07:08:29Z,2026-08-05T09:08:29+0200,d671fb79-bd81-42f3-a5fe-a0a907bfe6ea,2026-07-10T16:30:00Z,2026-07-10T18:30:00+0200,9331.97363,MW,FR,FR,forecast_solar_generation,Solar,2026-08-05T07:10:17Z
2026-08-05T07:08:29Z,2026-08-05T09:08:29+0200,d671fb79-bd81-42f3-a5fe-a0a907bfe6ea,2026-07-10T16:45:00Z,2026-07-10T18:45:00+0200,8375.32812,MW,FR,FR,forecast_solar_generation,Solar,2026-08-05T07:10:17Z
2026-08-05T07:08:29Z,2026-08-05T09:08:29+0200,d671fb79-bd81-42f3-a5fe-a0a907bfe6ea,2026-07-10T17:00:00Z,2026-07-10T19:00:00+0200,7221.27393,MW,FR,FR,forecast_solar_generation,Solar,2026-08-05T07:10:17Z
2026-08-05T07:08:29Z,2026-08-05T09:08:29+0200,d671fb79-bd81-42f3-a5fe-a0a907bfe6ea,2026-07-10T17:15:00Z,2026-07-10T19:15:00+0200,6264.02686,MW,FR,FR,forecast_solar_generation,Solar,2026-08-05T07:10:17Z
2026-08-05T07:08:29Z,2026-08-05T09:08:29+0200,d671fb79-bd81-42f3-a5fe-a0a907bfe6ea,2026-07-10T17:30:00Z,2026-07-10T19:30:00+0200,5120.97021,MW,FR,FR,forecast_solar_generation,Solar,2026-08-05T07:10:17Z
2026-08-05T07:08:29Z,2026-08-05T09:08:29+0200,d671fb79-bd81-42f3-a5fe-a0a907bfe6ea,2026-07-10T17:45:00Z,2026-07-10T19:45:00+0200,4318.32324,MW,FR,FR,forecast_solar_generation,Solar,2026-08-05T07:10:17Z
2026-08-05T07:08:29Z,2026-08-05T09:08:29+0200,d671fb79-bd81-42f3-a5fe-a0a907bfe6ea,2026-07-10T18:00:00Z,2026-07-10T20:00:00+0200,3355.84619,MW,FR,FR,forecast_solar_generation,Solar,2026-08-05T07:10:17Z
2026-08-05T07:08:29Z,2026-08-05T09:08:29+0200,d671fb79-bd81-42f3-a5fe-a0a907bfe6ea,2026-07-10T18:15:00Z,2026-07-10T20:15:00+0200,2606.01782,MW,FR,FR,forecast_solar_generation,Solar,2026-08-05T07:10:17Z
2026-08-05T07:08:29Z,2026-08-05T09:08:29+0200,d671fb79-bd81-42f3-a5fe-a0a907bfe6ea,2026-07-10T18:30:00Z,2026-07-10T20:30:00+0200,1898.70776,MW,FR,FR,forecast_solar_generation,Solar,2026-08-05T07:10:17Z
2026-08-05T07:08:29Z,2026-08-05T09:08:29+0200,d671fb79-bd81-42f3-a5fe-a0a907bfe6ea,2026-07-10T18:45:00Z,2026-07-10T20:45:00+0200,1391.36218,MW,FR,FR,forecast_solar_generation,Solar,2026-08-05T07:10:17Z
2026-08-05T07:08:29Z,2026-08-05T09:08:29+0200,d671fb79-bd81-42f3-a5fe-a0a907bfe6ea,2026-07-10T19:00:00Z,2026-07-10T21:00:00+0200,948.6073,MW,FR,FR,forecast_solar_generation,Solar,2026-08-05T07:10:17Z
2026-08-05T07:08:29Z,2026-08-05T09:08:29+0200,d671fb79-bd81-42f3-a5fe-a0a907bfe6ea,2026-07-10T19:15:00Z,2026-07-10T21:15:00+0200,549.59772,MW,FR,FR,forecast_solar_generation,Solar,2026-08-05T07:10:17Z
2026-08-05T07:08:29Z,2026-08-05T09:08:29+0200,d671fb79-bd81-42f3-a5fe-a0a907bfe6ea,2026-07-10T19:30:00Z,2026-07-10T21:30:00+0200,222.3334,MW,FR,FR,forecast_solar_generation,Solar,2026-08-05T07:10:17Z
2026-08-05T07:08:29Z,2026-08-05T09:08:29+0200,d671fb79-bd81-42f3-a5fe-a0a907bfe6ea,2026-07-10T19:45:00Z,2026-07-10T21:45:00+0200,51.06493,MW,FR,FR,forecast_solar_generation,Solar,2026-08-05T07:10:17Z
2026-08-05T07:08:29Z,2026-08-05T09:08:29+0200,d671fb79-bd81-42f3-a5fe-a0a907bfe6ea,2026-07-10T20:00:00Z,2026-07-10T22:00:00+0200,3.99483,MW,FR,FR,forecast_solar_generation,Solar,2026-08-05T07:10:17Z
2026-08-05T07:08:29Z,2026-08-05T09:08:29+0200,d671fb79-bd81-42f3-a5fe-a0a907bfe6ea,2026-07-10T20:15:00Z,2026-07-10T22:15:00+0200,0.0,MW,FR,FR,forecast_solar_generation,Solar,2026-08-05T07:10:17Z
2026-08-05T07:08:29Z,2026-08-05T09:08:29+0200,d671fb79-bd81-42f3-a5fe-a0a907bfe6ea,2026-07-10T20:30:00Z,2026-07-10T22:30:00+0200,0.0,MW,FR,FR,forecast_solar_generation,Solar,2026-08-05T07:10:17Z
2026-08-05T07:08:29Z,2026-08-05T09:08:29+0200,d671fb79-bd81-42f3-a5fe-a0a907bfe6ea,2026-07-10T20:45:00Z,2026-07-10T22:45:00+0200,0.0,MW,FR,FR,forecast_solar_generation,Solar,2026-08-05T07:10:17Z
2026-08-05T07:08:29Z,2026-08-05T09:08:29+0200,d671fb79-bd81-42f3-a5fe-a0a907bfe6ea,2026-07-10T21:00:00Z,2026-07-10T23:00:00+0200,0.0,MW,FR,FR,forecast_solar_generation,Solar,2026-08-05T07:10:17Z
2026-08-05T07:08:29Z,2026-08-05T09:08:29+0200,d671fb79-bd81-42f3-a5fe-a0a907bfe6ea,2026-07-10T21:15:00Z,2026-07-10T23:15:00+0200,0.0,MW,FR,FR,forecast_solar_generation,Solar,2026-08-05T07:10:17Z
2026-08-05T07:08:29Z,2026-08-05T09:08:29+0200,d671fb79-bd81-42f3-a5fe-a0a907bfe6ea,2026-07-10T21:30:00Z,2026-07-10T23:30:00+0200,0.0,MW,FR,FR,forecast_solar_generation,Solar,2026-08-05T07:10:17Z
2026-08-05T07:08:29Z,2026-08-05T09:08:29+0200,d671fb79-bd81-42f3-a5fe-a0a907bfe6ea,2026-07-10T21:45:00Z,2026-07-10T23:45:00+0200,0.0,MW,FR,FR,forecast_solar_generation,Solar,2026-08-05T07:10:17Z
2026-08-05T07:08:29Z,2026-08-05T09:08:29+0200,d671fb79-bd81-42f3-a5fe-a0a907bfe6ea,2026-07-10T22:00:00Z,2026-07-11T00:00:00+0200,0.0,MW,FR,FR,forecast_solar_generation,Solar,2026-08-05T07:10:17Z
2026-08-05T07:08:29Z,2026-08-05T09:08:29+0200,d671fb79-bd81-42f3-a5fe-a0a907bfe6ea,2026-07-10T22:15:00Z,2026-07-11T00:15:00+0200,0.0,MW,FR,FR,forecast_solar_generation,Solar,2026-08-05T07:10:17Z
2026-08-05T07:08:29Z,2026-08-05T09:08:29+0200,d671fb79-bd81-42f3-a5fe-a0a907bfe6ea,2026-07-10T22:30:00Z,2026-07-11T00:30:00+0200,0.0,MW,FR,FR,forecast_solar_generation,Solar,2026-08-05T07:10:17Z
2026-08-05T07:08:29Z,2026-08-05T09:08:29+0200,d671fb79-bd81-42f3-a5fe-a0a907bfe6ea,2026-07-10T22:45:00Z,2026-07-11T00:45:00+0200,0.0,MW,FR,FR,forecast_solar_generation,Solar,2026-08-05T07:10:17Z
2026-08-05T07:08:29Z,2026-08-05T09:08:29+0200,d671fb79-bd81-42f3-a5fe-a0a907bfe6ea,2026-07-10T23:00:00Z,2026-07-11T01:00:00+0200,0.0,MW,FR,FR,forecast_solar_generation,Solar,2026-08-05T07:10:17Z
2026-08-05T07:08:29Z,2026-08-05T09:08:29+0200,d671fb79-bd81-42f3-a5fe-a0a907bfe6ea,2026-07-10T23:15:00Z,2026-07-11T01:15:00+0200,0.0,MW,FR,FR,forecast_solar_generation,Solar,2026-08-05T07:10:17Z
2026-08-05T07:08:29Z,2026-08-05T09:08:29+0200,d671fb79-bd81-42f3-a5fe-a0a907bfe6ea,2026-07-10T23:30:00Z,2026-07-11T01:30:00+0200,0.0,MW,FR,FR,forecast_solar_generation,Solar,2026-08-05T07:10:17Z
2026-08-05T07:08:29Z,2026-08-05T09:08:29+0200,d671fb79-bd81-42f3-a5fe-a0a907bfe6ea,2026-07-10T23:45:00Z,2026-07-11T01:45:00+0200,0.0,MW,FR,FR,forecast_solar_generation,Solar,2026-08-05T07:10:17Z
2026-08-05T07:08:29Z,2026-08-05T09:08:29+0200,d671fb79-bd81-42f3-a5fe-a0a907bfe6ea,2026-07-11T00:00:00Z,2026-07-11T02:00:00+0200,0.0,MW,FR,FR,forecast_solar_generation,Solar,2026-08-05T07:10:17Z
2026-08-05T07:08:29Z,2026-08-05T09:08:29+0200,d671fb79-bd81-42f3-a5fe-a0a907bfe6ea,2026-07-11T00:15:00Z,2026-07-11T02:15:00+0200,0.0,MW,FR,FR,forecast_solar_generation,Solar,2026-08-05T07:10:17Z
2026-08-05T07:08:29Z,2026-08-05T09:08:29+0200,d671fb79-bd81-42f3-a5fe-a0a907bfe6ea,2026-07-11T00:30:00Z,2026-07-11T02:30:00+0200,0.0,MW,FR,FR,forecast_solar_generation,Solar,2026-08-05T07:10:17Z
2026-08-05T07:08:29Z,2026-08-05T09:08:29+0200,d671fb79-bd81-42f3-a5fe-a0a907bfe6ea,2026-07-11T00:45:00Z,2026-07-11T02:45:00+0200,0.0,MW,FR,FR,forecast_solar_generation,Solar,2026-08-05T07:10:17Z
2026-08-05T07:08:29Z,2026-08-05T09:08:29+0200,d671fb79-bd81-42f3-a5fe-a0a907bfe6ea,2026-07-11T01:00:00Z,2026-07-11T03:00:00+0200,0.0,MW,FR,FR,forecast_solar_generation,Solar,2026-08-05T07:10:17Z
2026-08-05T07:08:29Z,2026-08-05T09:08:29+0200,d671fb79-bd81-42f3-a5fe-a0a907bfe6ea,2026-07-11T01:15:00Z,2026-07-11T03:15:00+0200,0.0,MW,FR,FR,forecast_solar_generation,Solar,2026-08-05T07:10:17Z
2026-08-05T07:08:29Z,2026-08-05T09:08:29+0200,d671fb79-bd81-42f3-a5fe-a0a907bfe6ea,2026-07-11T01:30:00Z,2026-07-11T03:30:00+0200,0.0,MW,FR,FR,forecast_solar_generation,Solar,2026-08-05T07:10:17Z
2026-08-05T07:08:29Z,2026-08-05T09:08:29+0200,d671fb79-bd81-42f3-a5fe-a0a907bfe6ea,2026-07-11T01:45:00Z,2026-07-11T03:45:00+0200,0.0,MW,FR,FR,forecast_solar_generation,Solar,2026-08-05T07:10:17Z
2026-08-05T07:08:29Z,2026-08-05T09:08:29+0200,d671fb79-bd81-42f3-a5fe-a0a907bfe6ea,2026-07-11T02:00:00Z,2026-07-11T04:00:00+0200,0.0,MW,FR,FR,forecast_solar_generation,Solar,2026-08-05T07:10:17Z
2026-08-05T07:08:29Z,2026-08-05T09:08:29+0200,d671fb79-bd81-42f3-a5fe-a0a907bfe6ea,2026-07-11T02:15:00Z,2026-07-11T04:15:00+0200,0.0,MW,FR,FR,forecast_solar_generation,Solar,2026-08-05T07:10:17Z
2026-08-05T07:08:29Z,2026-08-05T09:08:29+0200,d671fb79-bd81-42f3-a5fe-a0a907bfe6ea,2026-07-11T02:30:00Z,2026-07-11T04:30:00+0200,0.0,MW,FR,FR,forecast_solar_generation,Solar,2026-08-05T07:10:17Z
2026-08-05T07:08:29Z,2026-08-05T09:08:29+0200,d671fb79-bd81-42f3-a5fe-a0a907bfe6ea,2026-07-11T02:45:00Z,2026-07-11T04:45:00+0200,0.0,MW,FR,FR,forecast_solar_generation,Solar,2026-08-05T07:10:17Z
2026-08-05T07:08:29Z,2026-08-05T09:08:29+0200,d671fb79-bd81-42f3-a5fe-a0a907bfe6ea,2026-07-11T03:00:00Z,2026-07-11T05:00:00+0200,0.0,MW,FR,FR,forecast_solar_generation,Solar,2026-08-05T07:10:17Z
2026-08-05T07:08:29Z,2026-08-05T09:08:29+0200,d671fb79-bd81-42f3-a5fe-a0a907bfe6ea,2026-07-11T03:15:00Z,2026-07-11T05:15:00+0200,0.0,MW,FR,FR,forecast_solar_generation,Solar,2026-08-05T07:10:17Z
2026-08-05T07:08:29Z,2026-08-05T09:08:29+0200,d671fb79-bd81-42f3-a5fe-a0a907bfe6ea,2026-07-11T03:30:00Z,2026-07-11T05:30:00+0200,0.0,MW,FR,FR,forecast_solar_generation,Solar,2026-08-05T07:10:17Z
2026-08-05T07:08:29Z,2026-08-05T09:08:29+0200,d671fb79-bd81-42f3-a5fe-a0a907bfe6ea,2026-07-11T03:45:00Z,2026-07-11T05:45:00+0200,7.9359,MW,FR,FR,forecast_solar_generation,Solar,2026-08-05T07:10:17Z
2026-08-05T07:08:29Z,2026-08-05T09:08:29+0200,d671fb79-bd81-42f3-a5fe-a0a907bfe6ea,2026-07-11T04:00:00Z,2026-07-11T06:00:00+0200,38.67689,MW,FR,FR,forecast_solar_generation,Solar,2026-08-05T07:10:17Z
2026-08-05T07:08:29Z,2026-08-05T09:08:29+0200,d671fb79-bd81-42f3-a5fe-a0a907bfe6ea,2026-07-11T04:15:00Z,2026-07-11T06:15:00+0200,118.11743,MW,FR,FR,forecast_solar_generation,Solar,2026-08-05T07:10:17Z
2026-08-05T07:08:29Z,2026-08-05T09:08:29+0200,d671fb79-bd81-42f3-a5fe-a0a907bfe6ea,2026-07-11T04:30:00Z,2026-07-11T06:30:00+0200,222.20296,MW,FR,FR,forecast_solar_generation,Solar,2026-08-05T07:10:17Z
2026-08-05T07:08:29Z,2026-08-05T09:08:29+0200,d671fb79-bd81-42f3-a5fe-a0a907bfe6ea,2026-07-11T04:45:00Z,2026-07-11T06:45:00+0200,473.95044,MW,FR,FR,forecast_solar_generation,Solar,2026-08-05T07:10:17Z
2026-08-05T07:08:29Z,2026-08-05T09:08:29+0200,d671fb79-bd81-42f3-a5fe-a0a907bfe6ea,2026-07-11T05:00:00Z,2026-07-11T07:00:00+0200,855.82867,MW,FR,FR,forecast_solar_generation,Solar,2026-08-05T07:10:17Z
2026-08-05T07:08:29Z,2026-08-05T09:08:29+0200,d671fb79-bd81-42f3-a5fe-a0a907bfe6ea,2026-07-11T05:15:00Z,2026-07-11T07:15:00+0200,1304.54871,MW,FR,FR,forecast_solar_generation,Solar,2026-08-05T07:10:17Z
2026-08-05T07:08:29Z,2026-08-05T09:08:29+0200,d671fb79-bd81-42f3-a5fe-a0a907bfe6ea,2026-07-11T05:30:00Z,2026-07-11T07:30:00+0200,1814.75659,MW,FR,FR,forecast_solar_generation,Solar,2026-08-05T07:10:17Z
2026-08-05T07:08:29Z,2026-08-05T09:08:29+0200,d671fb79-bd81-42f3-a5fe-a0a907bfe6ea,2026-07-11T05:45:00Z,2026-07-11T07:45:00+0200,2576.5896,MW,FR,FR,forecast_solar_generation,Solar,2026-08-05T07:10:17Z
2026-08-05T07:08:29Z,2026-08-05T09:08:29+0200,d671fb79-bd81-42f3-a5fe-a0a907bfe6ea,2026-07-11T06:00:00Z,2026-07-11T08:00:00+0200,3415.15845,MW,FR,FR,forecast_solar_generation,Solar,2026-08-05T07:10:17Z
2026-08-05T07:08:29Z,2026-08-05T09:08:29+0200,d671fb79-bd81-42f3-a5fe-a0a907bfe6ea,2026-07-11T06:15:00Z,2026-07-11T08:15:00+0200,4421.21826,MW,FR,FR,forecast_solar_generation,Solar,2026-08-05T07:10:17Z
2026-08-05T07:08:29Z,2026-08-05T09:08:29+0200,d671fb79-bd81-42f3-a5fe-a0a907bfe6ea,2026-07-11T06:30:00Z,2026-07-11T08:30:00+0200,5362.00684,MW,FR,FR,forecast_solar_generation,Solar,2026-08-05T07:10:17Z
2026-08-05T07:08:29Z,2026-08-05T09:08:29+0200,d671fb79-bd81-42f3-a5fe-a0a907bfe6ea,2026-07-11T06:45:00Z,2026-07-11T08:45:00+0200,6620.66455,MW,FR,FR,forecast_solar_generation,Solar,2026-08-05T07:10:17Z
2026-08-05T07:08:29Z,2026-08-05T09:08:29+0200,d671fb79-bd81-42f3-a5fe-a0a907bfe6ea,2026-07-11T07:00:00Z,2026-07-11T09:00:00+0200,7761.49365,MW,FR,FR,forecast_solar_generation,Solar,2026-08-05T07:10:17Z
2026-08-05T07:08:29Z,2026-08-05T09:08:29+0200,d671fb79-bd81-42f3-a5fe-a0a907bfe6ea,2026-07-11T07:15:00Z,2026-07-11T09:15:00+0200,9016.37207,MW,FR,FR,forecast_solar_generation,Solar,2026-08-05T07:10:17Z
2026-08-05T07:08:29Z,2026-08-05T09:08:29+0200,d671fb79-bd81-42f3-a5fe-a0a907bfe6ea,2026-07-11T07:30:00Z,2026-07-11T09:30:00+0200,10128.17773,MW,FR,FR,forecast_solar_generation,Solar,2026-08-05T07:10:17Z
2026-08-05T07:08:29Z,2026-08-05T09:08:29+0200,d671fb79-bd81-42f3-a5fe-a0a907bfe6ea,2026-07-11T07:45:00Z,2026-07-11T09:45:00+0200,11305.34863,MW,FR,FR,forecast_solar_generation,Solar,2026-08-05T07:10:17Z
2026-08-05T07:08:29Z,2026-08-05T09:08:29+0200,d671fb79-bd81-42f3-a5fe-a0a907bfe6ea,2026-07-11T08:00:00Z,2026-07-11T10:00:00+0200,12430.48145,MW,FR,FR,forecast_solar_generation,Solar,2026-08-05T07:10:17Z
2026-08-05T07:08:29Z,2026-08-05T09:08:29+0200,d671fb79-bd81-42f3-a5fe-a0a907bfe6ea,2026-07-11T08:15:00Z,2026-07-11T10:15:00+0200,13581.46582,MW,FR,FR,forecast_solar_generation,Solar,2026-08-05T07:10:17Z
2026-08-05T07:08:29Z,2026-08-05T09:08:29+0200,d671fb79-bd81-42f3-a5fe-a0a907bfe6ea,2026-07-11T08:30:00Z,2026-07-11T10:30:00+0200,14605.33008,MW,FR,FR,forecast_solar_generation,Solar,2026-08-05T07:10:17Z
2026-08-05T07:08:29Z,2026-08-05T09:08:29+0200,d671fb79-bd81-42f3-a5fe-a0a907bfe6ea,2026-07-11T08:45:00Z,2026-07-11T10:45:00+0200,15543.84375,MW,FR,FR,forecast_solar_generation,Solar,2026-08-05T07:10:17Z
2026-08-05T07:08:29Z,2026-08-05T09:08:29+0200,d671fb79-bd81-42f3-a5fe-a0a907bfe6ea,2026-07-11T09:00:00Z,2026-07-11T11:00:00+0200,16379.78418,MW,FR,FR,forecast_solar_generation,Solar,2026-08-05T07:10:17Z
2026-08-05T07:08:29Z,2026-08-05T09:08:29+0200,d671fb79-bd81-42f3-a5fe-a0a907bfe6ea,2026-07-11T09:15:00Z,2026-07-11T11:15:00+0200,17115.14258,MW,FR,FR,forecast_solar_generation,Solar,2026-08-05T07:10:17Z
2026-08-05T07:08:29Z,2026-08-05T09:08:29+0200,d671fb79-bd81-42f3-a5fe-a0a907bfe6ea,2026-07-11T09:30:00Z,2026-07-11T11:30:00+0200,17848.72852,MW,FR,FR,forecast_solar_generation,Solar,2026-08-05T07:10:17Z
2026-08-05T07:08:29Z,2026-08-05T09:08:29+0200,d671fb79-bd81-42f3-a5fe-a0a907bfe6ea,2026-07-11T09:45:00Z,2026-07-11T11:45:00+0200,18385.23633,MW,FR,FR,forecast_solar_generation,Solar,2026-08-05T07:10:17Z
2026-08-05T07:08:29Z,2026-08-05T09:08:29+0200,d671fb79-bd81-42f3-a5fe-a0a907bfe6ea,2026-07-11T10:00:00Z,2026-07-11T12:00:00+0200,18875.46484,MW,FR,FR,forecast_solar_generation,Solar,2026-08-05T07:10:17Z
2026-08-05T07:08:29Z,2026-08-05T09:08:29+0200,d671fb79-bd81-42f3-a5fe-a0a907bfe6ea,2026-07-11T10:15:00Z,2026-07-11T12:15:00+0200,19274.49805,MW,FR,FR,forecast_solar_generation,Solar,2026-08-05T07:10:17Z
2026-08-05T07:08:29Z,2026-08-05T09:08:29+0200,d671fb79-bd81-42f3-a5fe-a0a907bfe6ea,2026-07-11T10:30:00Z,2026-07-11T12:30:00+0200,19665.8418,MW,FR,FR,forecast_solar_generation,Solar,2026-08-05T07:10:17Z
2026-08-05T07:08:29Z,2026-08-05T09:08:29+0200,d671fb79-bd81-42f3-a5fe-a0a907bfe6ea,2026-07-11T10:45:00Z,2026-07-11T12:45:00+0200,19785.53516,MW,FR,FR,forecast_solar_generation,Solar,2026-08-05T07:10:17Z
2026-08-05T07:08:29Z,2026-08-05T09:08:29+0200,d671fb79-bd81-42f3-a5fe-a0a907bfe6ea,2026-07-11T11:00:00Z,2026-07-11T13:00:00+0200,15422.2041,MW,FR,FR,forecast_solar_generation,Solar,2026-08-05T07:10:17Z
2026-08-05T07:08:29Z,2026-08-05T09:08:29+0200,d671fb79-bd81-42f3-a5fe-a0a907bfe6ea,2026-07-11T11:15:00Z,2026-07-11T13:15:00+0200,15449.67285,MW,FR,FR,forecast_solar_generation,Solar,2026-08-05T07:10:17Z
2026-08-05T07:08:29Z,2026-08-05T09:08:29+0200,d671fb79-bd81-42f3-a5fe-a0a907bfe6ea,2026-07-11T11:30:00Z,2026-07-11T13:30:00+0200,15470.68066,MW,FR,FR,forecast_solar_generation,Solar,2026-08-05T07:10:17Z
2026-08-05T07:08:29Z,2026-08-05T09:08:29+0200,d671fb79-bd81-42f3-a5fe-a0a907bfe6ea,2026-07-11T11:45:00Z,2026-07-11T13:45:00+0200,15392.44824,MW,FR,FR,forecast_solar_generation,Solar,2026-08-05T07:10:17Z
2026-08-05T07:08:29Z,2026-08-05T09:08:29+0200,d671fb79-bd81-42f3-a5fe-a0a907bfe6ea,2026-07-11T12:00:00Z,2026-07-11T14:00:00+0200,15268.73828,MW,FR,FR,forecast_solar_generation,Solar,2026-08-05T07:10:17Z
2026-08-05T07:08:29Z,2026-08-05T09:08:29+0200,d671fb79-bd81-42f3-a5fe-a0a907bfe6ea,2026-07-11T12:15:00Z,2026-07-11T14:15:00+0200,15123.38867,MW,FR,FR,forecast_solar_generation,Solar,2026-08-05T07:10:17Z
2026-08-05T07:08:29Z,2026-08-05T09:08:29+0200,d671fb79-bd81-42f3-a5fe-a0a907bfe6ea,2026-07-11T12:30:00Z,2026-07-11T14:30:00+0200,14950.0918,MW,FR,FR,forecast_solar_generation,Solar,2026-08-05T07:10:17Z
2026-08-05T07:08:29Z,2026-08-05T09:08:29+0200,d671fb79-bd81-42f3-a5fe-a0a907bfe6ea,2026-07-11T12:45:00Z,2026-07-11T14:45:00+0200,14693.69141,MW,FR,FR,forecast_solar_generation,Solar,2026-08-05T07:10:17Z
2026-08-05T07:08:29Z,2026-08-05T09:08:29+0200,d671fb79-bd81-42f3-a5fe-a0a907bfe6ea,2026-07-11T13:00:00Z,2026-07-11T15:00:00+0200,14465.0918,MW,FR,FR,forecast_solar_generation,Solar,2026-08-05T07:10:17Z
2026-08-05T07:08:29Z,2026-08-05T09:08:29+0200,d671fb79-bd81-42f3-a5fe-a0a907bfe6ea,2026-07-11T13:15:00Z,2026-07-11T15:15:00+0200,18344.42188,MW,FR,FR,forecast_solar_generation,Solar,2026-08-05T07:10:17Z
2026-08-05T07:08:29Z,2026-08-05T09:08:29+0200,d671fb79-bd81-42f3-a5fe-a0a907bfe6ea,2026-07-11T13:30:00Z,2026-07-11T15:30:00+0200,17978.6543,MW,FR,FR,forecast_solar_generation,Solar,2026-08-05T07:10:17Z
2026-08-05T07:08:29Z,2026-08-05T09:08:29+0200,d671fb79-bd81-42f3-a5fe-a0a907bfe6ea,2026-07-11T13:45:00Z,2026-07-11T15:45:00+0200,17457.17578,MW,FR,FR,forecast_solar_generation,Solar,2026-08-05T07:10:17Z
2026-08-05T07:08:29Z,2026-08-05T09:08:29+0200,d671fb79-bd81-42f3-a5fe-a0a907bfe6ea,2026-07-11T14:00:00Z,2026-07-11T16:00:00+0200,16961.57422,MW,FR,FR,forecast_solar_generation,Solar,2026-08-05T07:10:17Z
2026-08-05T07:08:29Z,2026-08-05T09:08:29+0200,d671fb79-bd81-42f3-a5fe-a0a907bfe6ea,2026-07-11T14:15:00Z,2026-07-11T16:15:00+0200,16409.96289,MW,FR,FR,forecast_solar_generation,Solar,2026-08-05T07:10:17Z
2026-08-05T07:08:29Z,2026-08-05T09:08:29+0200,d671fb79-bd81-42f3-a5fe-a0a907bfe6ea,2026-07-11T14:30:00Z,2026-07-11T16:30:00+0200,15844.98633,MW,FR,FR,forecast_solar_generation,Solar,2026-08-05T07:10:17Z
2026-08-05T07:08:29Z,2026-08-05T09:08:29+0200,d671fb79-bd81-42f3-a5fe-a0a907bfe6ea,2026-07-11T14:45:00Z,2026-07-11T16:45:00+0200,15242.69043,MW,FR,FR,forecast_solar_generation,Solar,2026-08-05T07:10:17Z
2026-08-05T07:08:29Z,2026-08-05T09:08:29+0200,d671fb79-bd81-42f3-a5fe-a0a907bfe6ea,2026-07-11T15:00:00Z,2026-07-11T17:00:00+0200,14607.58691,MW,FR,FR,forecast_solar_generation,Solar,2026-08-05T07:10:17Z
2026-08-05T07:08:29Z,2026-08-05T09:08:29+0200,d671fb79-bd81-42f3-a5fe-a0a907bfe6ea,2026-07-11T15:15:00Z,2026-07-11T17:15:00+0200,13840.67773,MW,FR,FR,forecast_solar_generation,Solar,2026-08-05T07:10:17Z
2026-08-05T07:08:29Z,2026-08-05T09:08:29+0200,d671fb79-bd81-42f3-a5fe-a0a907bfe6ea,2026-07-11T15:30:00Z,2026-07-11T17:30:00+0200,13048.3252,MW,FR,FR,forecast_solar_generation,Solar,2026-08-05T07:10:17Z
2026-08-05T07:08:29Z,2026-08-05T09:08:29+0200,d671fb79-bd81-42f3-a5fe-a0a907bfe6ea,2026-07-11T15:45:00Z,2026-07-11T17:45:00+0200,12270.86426,MW,FR,FR,forecast_solar_generation,Solar,2026-08-05T07:10:17Z
2026-08-05T07:08:29Z,2026-08-05T09:08:29+0200,d671fb79-bd81-42f3-a5fe-a0a907bfe6ea,2026-07-11T16:00:00Z,2026-07-11T18:00:00+0200,11351.04199,MW,FR,FR,forecast_solar_generation,Solar,2026-08-05T07:10:17Z
2026-08-05T07:08:29Z,2026-08-05T09:08:29+0200,d671fb79-bd81-42f3-a5fe-a0a907bfe6ea,2026-07-11T16:15:00Z,2026-07-11T18:15:00+0200,10342.74512,MW,FR,FR,forecast_solar_generation,Solar,2026-08-05T07:10:17Z
2026-08-05T07:08:29Z,2026-08-05T09:08:29+0200,d671fb79-bd81-42f3-a5fe-a0a907bfe6ea,2026-07-11T16:30:00Z,2026-07-11T18:30:00+0200,9397.04492,MW,FR,FR,forecast_solar_generation,Solar,2026-08-05T07:10:17Z
2026-08-05T07:08:29Z,2026-08-05T09:08:29+0200,d671fb79-bd81-42f3-a5fe-a0a907bfe6ea,2026-07-11T16:45:00Z,2026-07-11T18:45:00+0200,8475.31641,MW,FR,FR,forecast_solar_generation,Solar,2026-08-05T07:10:17Z
2026-08-05T07:08:29Z,2026-08-05T09:08:29+0200,d671fb79-bd81-42f3-a5fe-a0a907bfe6ea,2026-07-11T17:00:00Z,2026-07-11T19:00:00+0200,7355.88574,MW,FR,FR,forecast_solar_generation,Solar,2026-08-05T07:10:17Z
2026-08-05T07:08:29Z,2026-08-05T09:08:29+0200,d671fb79-bd81-42f3-a5fe-a0a907bfe6ea,2026-07-11T17:15:00Z,2026-07-11T19:15:00+0200,6403.91699,MW,FR,FR,forecast_solar_generation,Solar,2026-08-05T07:10:17Z
2026-08-05T07:08:29Z,2026-08-05T09:08:29+0200,d671fb79-bd81-42f3-a5fe-a0a907bfe6ea,2026-07-11T17:30:00Z,2026-07-11T19:30:00+0200,5261.25586,MW,FR,FR,forecast_solar_generation,Solar,2026-08-05T07:10:17Z
2026-08-05T07:08:29Z,2026-08-05T09:08:29+0200,d671fb79-bd81-42f3-a5fe-a0a907bfe6ea,2026-07-11T17:45:00Z,2026-07-11T19:45:00+0200,4407.97217,MW,FR,FR,forecast_solar_generation,Solar,2026-08-05T07:10:17Z
2026-08-05T07:08:29Z,2026-08-05T09:08:29+0200,d671fb79-bd81-42f3-a5fe-a0a907bfe6ea,2026-07-11T18:00:00Z,2026-07-11T20:00:00+0200,3399.71582,MW,FR,FR,forecast_solar_generation,Solar,2026-08-05T07:10:17Z
2026-08-05T07:08:29Z,2026-08-05T09:08:29+0200,d671fb79-bd81-42f3-a5fe-a0a907bfe6ea,2026-07-11T18:15:00Z,2026-07-11T20:15:00+0200,2597.15796,MW,FR,FR,forecast_solar_generation,Solar,2026-08-05T07:10:17Z
2026-08-05T07:08:29Z,2026-08-05T09:08:29+0200,d671fb79-bd81-42f3-a5fe-a0a907bfe6ea,2026-07-11T18:30:00Z,2026-07-11T20:30:00+0200,1886.12891,MW,FR,FR,forecast_solar_generation,Solar,2026-08-05T07:10:17Z
2026-08-05T07:08:29Z,2026-08-05T09:08:29+0200,d671fb79-bd81-42f3-a5fe-a0a907bfe6ea,2026-07-11T18:45:00Z,2026-07-11T20:45:00+0200,1376.37085,MW,FR,FR,forecast_solar_generation,Solar,2026-08-05T07:10:17Z
2026-08-05T07:08:29Z,2026-08-05T09:08:29+0200,d671fb79-bd81-42f3-a5fe-a0a907bfe6ea,2026-07-11T19:00:00Z,2026-07-11T21:00:00+0200,916.87549,MW,FR,FR,forecast_solar_generation,Solar,2026-08-05T07:10:17Z
2026-08-05T07:08:29Z,2026-08-05T09:08:29+0200,d671fb79-bd81-42f3-a5fe-a0a907bfe6ea,2026-07-11T19:15:00Z,2026-07-11T21:15:00+0200,505.14703,MW,FR,FR,forecast_solar_generation,Solar,2026-08-05T07:10:17Z
2026-08-05T07:08:29Z,2026-08-05T09:08:29+0200,d671fb79-bd81-42f3-a5fe-a0a907bfe6ea,2026-07-11T19:30:00Z,2026-07-11T21:30:00+0200,183.72076,MW,FR,FR,forecast_solar_generation,Solar,2026-08-05T07:10:17Z
2026-08-05T07:08:29Z,2026-08-05T09:08:29+0200,d671fb79-bd81-42f3-a5fe-a0a907bfe6ea,2026-07-11T19:45:00Z,2026-07-11T21:45:00+0200,40.18337,MW,FR,FR,forecast_solar_generation,Solar,2026-08-05T07:10:17Z
2026-08-05T07:08:29Z,2026-08-05T09:08:29+0200,d671fb79-bd81-42f3-a5fe-a0a907bfe6ea,2026-07-11T20:00:00Z,2026-07-11T22:00:00+0200,3.20842,MW,FR,FR,forecast_solar_generation,Solar,2026-08-05T07:10:17Z
2026-08-05T07:08:29Z,2026-08-05T09:08:29+0200,d671fb79-bd81-42f3-a5fe-a0a907bfe6ea,2026-07-11T20:15:00Z,2026-07-11T22:15:00+0200,0.0,MW,FR,FR,forecast_solar_generation,Solar,2026-08-05T07:10:17Z
2026-08-05T07:08:29Z,2026-08-05T09:08:29+0200,d671fb79-bd81-42f3-a5fe-a0a907bfe6ea,2026-07-11T20:30:00Z,2026-07-11T22:30:00+0200,0.0,MW,FR,FR,forecast_solar_generation,Solar,2026-08-05T07:10:17Z
2026-08-05T07:08:29Z,2026-08-05T09:08:29+0200,d671fb79-bd81-42f3-a5fe-a0a907bfe6ea,2026-07-11T20:45:00Z,2026-07-11T22:45:00+0200,0.0,MW,FR,FR,forecast_solar_generation,Solar,2026-08-05T07:10:17Z
2026-08-05T07:08:29Z,2026-08-05T09:08:29+0200,d671fb79-bd81-42f3-a5fe-a0a907bfe6ea,2026-07-11T21:00:00Z,2026-07-11T23:00:00+0200,0.0,MW,FR,FR,forecast_solar_generation,Solar,2026-08-05T07:10:17Z
2026-08-05T07:08:29Z,2026-08-05T09:08:29+0200,d671fb79-bd81-42f3-a5fe-a0a907bfe6ea,2026-07-11T21:15:00Z,2026-07-11T23:15:00+0200,0.0,MW,FR,FR,forecast_solar_generation,Solar,2026-08-05T07:10:17Z
2026-08-05T07:08:29Z,2026-08-05T09:08:29+0200,d671fb79-bd81-42f3-a5fe-a0a907bfe6ea,2026-07-11T21:30:00Z,2026-07-11T23:30:00+0200,0.0,MW,FR,FR,forecast_solar_generation,Solar,2026-08-05T07:10:17Z
2026-08-05T07:08:29Z,2026-08-05T09:08:29+0200,d671fb79-bd81-42f3-a5fe-a0a907bfe6ea,2026-07-11T21:45:00Z,2026-07-11T23:45:00+0200,0.0,MW,FR,FR,forecast_solar_generation,Solar,2026-08-05T07:10:17Z
2026-08-05T07:08:29Z,2026-08-05T09:08:29+0200,d671fb79-bd81-42f3-a5fe-a0a907bfe6ea,2026-07-11T22:00:00Z,2026-07-12T00:00:00+0200,0.0,MW,FR,FR,forecast_solar_generation,Solar,2026-08-05T07:10:17Z
2026-08-05T07:08:29Z,2026-08-05T09:08:29+0200,d671fb79-bd81-42f3-a5fe-a0a907bfe6ea,2026-07-11T22:15:00Z,2026-07-12T00:15:00+0200,0.0,MW,FR,FR,forecast_solar_generation,Solar,2026-08-05T07:10:17Z
2026-08-05T07:08:29Z,2026-08-05T09:08:29+0200,d671fb79-bd81-42f3-a5fe-a0a907bfe6ea,2026-07-11T22:30:00Z,2026-07-12T00:30:00+0200,0.0,MW,FR,FR,forecast_solar_generation,Solar,2026-08-05T07:10:17Z
2026-08-05T07:08:29Z,2026-08-05T09:08:29+0200,d671fb79-bd81-42f3-a5fe-a0a907bfe6ea,2026-07-11T22:45:00Z,2026-07-12T00:45:00+0200,0.0,MW,FR,FR,forecast_solar_generation,Solar,2026-08-05T07:10:17Z
2026-08-05T07:08:29Z,2026-08-05T09:08:29+0200,d671fb79-bd81-42f3-a5fe-a0a907bfe6ea,2026-07-11T23:00:00Z,2026-07-12T01:00:00+0200,0.0,MW,FR,FR,forecast_solar_generation,Solar,2026-08-05T07:10:17Z
2026-08-05T07:08:29Z,2026-08-05T09:08:29+0200,d671fb79-bd81-42f3-a5fe-a0a907bfe6ea,2026-07-11T23:15:00Z,2026-07-12T01:15:00+0200,0.0,MW,FR,FR,forecast_solar_generation,Solar,2026-08-05T07:10:17Z
2026-08-05T07:08:29Z,2026-08-05T09:08:29+0200,d671fb79-bd81-42f3-a5fe-a0a907bfe6ea,2026-07-11T23:30:00Z,2026-07-12T01:30:00+0200,0.0,MW,FR,FR,forecast_solar_generation,Solar,2026-08-05T07:10:17Z
2026-08-05T07:08:29Z,2026-08-05T09:08:29+0200,d671fb79-bd81-42f3-a5fe-a0a907bfe6ea,2026-07-11T23:45:00Z,2026-07-12T01:45:00+0200,0.0,MW,FR,FR,forecast_solar_generation,Solar,2026-08-05T07:10:17Z
2026-08-05T07:08:29Z,2026-08-05T09:08:29+0200,d671fb79-bd81-42f3-a5fe-a0a907bfe6ea,2026-07-12T00:00:00Z,2026-07-12T02:00:00+0200,0.0,MW,FR,FR,forecast_solar_generation,Solar,2026-08-05T07:10:17Z
2026-08-05T07:08:29Z,2026-08-05T09:08:29+0200,d671fb79-bd81-42f3-a5fe-a0a907bfe6ea,2026-07-12T00:15:00Z,2026-07-12T02:15:00+0200,0.0,MW,FR,FR,forecast_solar_generation,Solar,2026-08-05T07:10:17Z
2026-08-05T07:08:29Z,2026-08-05T09:08:29+0200,d671fb79-bd81-42f3-a5fe-a0a907bfe6ea,2026-07-12T00:30:00Z,2026-07-12T02:30:00+0200,0.0,MW,FR,FR,forecast_solar_generation,Solar,2026-08-05T07:10:17Z
2026-08-05T07:08:29Z,2026-08-05T09:08:29+0200,d671fb79-bd81-42f3-a5fe-a0a907bfe6ea,2026-07-12T00:45:00Z,2026-07-12T02:45:00+0200,0.0,MW,FR,FR,forecast_solar_generation,Solar,2026-08-05T07:10:17Z
2026-08-05T07:08:29Z,2026-08-05T09:08:29+0200,d671fb79-bd81-42f3-a5fe-a0a907bfe6ea,2026-07-12T01:00:00Z,2026-07-12T03:00:00+0200,0.0,MW,FR,FR,forecast_solar_generation,Solar,2026-08-05T07:10:17Z
2026-08-05T07:08:29Z,2026-08-05T09:08:29+0200,d671fb79-bd81-42f3-a5fe-a0a907bfe6ea,2026-07-12T01:15:00Z,2026-07-12T03:15:00+0200,0.0,MW,FR,FR,forecast_solar_generation,Solar,2026-08-05T07:10:17Z
2026-08-05T07:08:29Z,2026-08-05T09:08:29+0200,d671fb79-bd81-42f3-a5fe-a0a907bfe6ea,2026-07-12T01:30:00Z,2026-07-12T03:30:00+0200,0.0,MW,FR,FR,forecast_solar_generation,Solar,2026-08-05T07:10:17Z
2026-08-05T07:08:29Z,2026-08-05T09:08:29+0200,d671fb79-bd81-42f3-a5fe-a0a907bfe6ea,2026-07-12T01:45:00Z,2026-07-12T03:45:00+0200,0.0,MW,FR,FR,forecast_solar_generation,Solar,2026-08-05T07:10:17Z
2026-08-05T07:08:29Z,2026-08-05T09:08:29+0200,d671fb79-bd81-42f3-a5fe-a0a907bfe6ea,2026-07-12T02:00:00Z,2026-07-12T04:00:00+0200,0.0,MW,FR,FR,forecast_solar_generation,Solar,2026-08-05T07:10:17Z
2026-08-05T07:08:29Z,2026-08-05T09:08:29+0200,d671fb79-bd81-42f3-a5fe-a0a907bfe6ea,2026-07-12T02:15:00Z,2026-07-12T04:15:00+0200,0.0,MW,FR,FR,forecast_solar_generation,Solar,2026-08-05T07:10:17Z
2026-08-05T07:08:29Z,2026-08-05T09:08:29+0200,d671fb79-bd81-42f3-a5fe-a0a907bfe6ea,2026-07-12T02:30:00Z,2026-07-12T04:30:00+0200,0.0,MW,FR,FR,forecast_solar_generation,Solar,2026-08-05T07:10:17Z
2026-08-05T07:08:29Z,2026-08-05T09:08:29+0200,d671fb79-bd81-42f3-a5fe-a0a907bfe6ea,2026-07-12T02:45:00Z,2026-07-12T04:45:00+0200,0.0,MW,FR,FR,forecast_solar_generation,Solar,2026-08-05T07:10:17Z
2026-08-05T07:08:29Z,2026-08-05T09:08:29+0200,d671fb79-bd81-42f3-a5fe-a0a907bfe6ea,2026-07-12T03:00:00Z,2026-07-12T05:00:00+0200,0.0,MW,FR,FR,forecast_solar_generation,Solar,2026-08-05T07:10:17Z
2026-08-05T07:08:29Z,2026-08-05T09:08:29+0200,d671fb79-bd81-42f3-a5fe-a0a907bfe6ea,2026-07-12T03:15:00Z,2026-07-12T05:15:00+0200,0.0,MW,FR,FR,forecast_solar_generation,Solar,2026-08-05T07:10:17Z
2026-08-05T07:08:29Z,2026-08-05T09:08:29+0200,d671fb79-bd81-42f3-a5fe-a0a907bfe6ea,2026-07-12T03:30:00Z,2026-07-12T05:30:00+0200,0.0,MW,FR,FR,forecast_solar_generation,Solar,2026-08-05T07:10:17Z
2026-08-05T07:08:29Z,2026-08-05T09:08:29+0200,d671fb79-bd81-42f3-a5fe-a0a907bfe6ea,2026-07-12T03:45:00Z,2026-07-12T05:45:00+0200,5.34824,MW,FR,FR,forecast_solar_generation,Solar,2026-08-05T07:10:17Z
2026-08-05T07:08:29Z,2026-08-05T09:08:29+0200,d671fb79-bd81-42f3-a5fe-a0a907bfe6ea,2026-07-12T04:00:00Z,2026-07-12T06:00:00+0200,35.67686,MW,FR,FR,forecast_solar_generation,Solar,2026-08-05T07:10:17Z
2026-08-05T07:08:29Z,2026-08-05T09:08:29+0200,d671fb79-bd81-42f3-a5fe-a0a907bfe6ea,2026-07-12T04:15:00Z,2026-07-12T06:15:00+0200,108.83634,MW,FR,FR,forecast_solar_generation,Solar,2026-08-05T07:10:17Z
2026-08-05T07:08:29Z,2026-08-05T09:08:29+0200,d671fb79-bd81-42f3-a5fe-a0a907bfe6ea,2026-07-12T04:30:00Z,2026-07-12T06:30:00+0200,206.94096,MW,FR,FR,forecast_solar_generation,Solar,2026-08-05T07:10:17Z
2026-08-05T07:08:29Z,2026-08-05T09:08:29+0200,d671fb79-bd81-42f3-a5fe-a0a907bfe6ea,2026-07-12T04:45:00Z,2026-07-12T06:45:00+0200,483.71115,MW,FR,FR,forecast_solar_generation,Solar,2026-08-05T07:10:17Z
2026-08-05T07:08:29Z,2026-08-05T09:08:29+0200,d671fb79-bd81-42f3-a5fe-a0a907bfe6ea,2026-07-12T05:00:00Z,2026-07-12T07:00:00+0200,874.98969,MW,FR,FR,forecast_solar_generation,Solar,2026-08-05T07:10:17Z
2026-08-05T07:08:29Z,2026-08-05T09:08:29+0200,d671fb79-bd81-42f3-a5fe-a0a907bfe6ea,2026-07-12T05:15:00Z,2026-07-12T07:15:00+0200,1355.25244,MW,FR,FR,forecast_solar_generation,Solar,2026-08-05T07:10:17Z
2026-08-05T07:08:29Z,2026-08-05T09:08:29+0200,d671fb79-bd81-42f3-a5fe-a0a907bfe6ea,2026-07-12T05:30:00Z,2026-07-12T07:30:00+0200,1857.86353,MW,FR,FR,forecast_solar_generation,Solar,2026-08-05T07:10:17Z
2026-08-05T07:08:29Z,2026-08-05T09:08:29+0200,d671fb79-bd81-42f3-a5fe-a0a907bfe6ea,2026-07-12T05:45:00Z,2026-07-12T07:45:00+0200,2735.60547,MW,FR,FR,forecast_solar_generation,Solar,2026-08-05T07:10:17Z
2026-08-05T07:08:29Z,2026-08-05T09:08:29+0200,d671fb79-bd81-42f3-a5fe-a0a907bfe6ea,2026-07-12T06:00:00Z,2026-07-12T08:00:00+0200,3631.50439,MW,FR,FR,forecast_solar_generation,Solar,2026-08-05T07:10:17Z
2026-08-05T07:08:29Z,2026-08-05T09:08:29+0200,d671fb79-bd81-42f3-a5fe-a0a907bfe6ea,2026-07-12T06:15:00Z,2026-07-12T08:15:00+0200,4742.49219,MW,FR,FR,forecast_solar_generation,Solar,2026-08-05T07:10:17Z
2026-08-05T07:08:29Z,2026-08-05T09:08:29+0200,d671fb79-bd81-42f3-a5fe-a0a907bfe6ea,2026-07-12T06:30:00Z,2026-07-12T08:30:00+0200,5793.60156,MW,FR,FR,forecast_solar_generation,Solar,2026-08-05T07:10:17Z
2026-08-05T07:08:29Z,2026-08-05T09:08:29+0200,d671fb79-bd81-42f3-a5fe-a0a907bfe6ea,2026-07-12T06:45:00Z,2026-07-12T08:45:00+0200,7168.36475,MW,FR,FR,forecast_solar_generation,Solar,2026-08-05T07:10:17Z
2026-08-05T07:08:29Z,2026-08-05T09:08:29+0200,d671fb79-bd81-42f3-a5fe-a0a907bfe6ea,2026-07-12T07:00:00Z,2026-07-12T09:00:00+0200,8335.22656,MW,FR,FR,forecast_solar_generation,Solar,2026-08-05T07:10:17Z
2026-08-05T07:08:29Z,2026-08-05T09:08:29+0200,d671fb79-bd81-42f3-a5fe-a0a907bfe6ea,2026-07-12T07:15:00Z,2026-07-12T09:15:00+0200,9667.10938,MW,FR,FR,forecast_solar_generation,Solar,2026-08-05T07:10:17Z
2026-08-05T07:08:29Z,2026-08-05T09:08:29+0200,d671fb79-bd81-42f3-a5fe-a0a907bfe6ea,2026-07-12T07:30:00Z,2026-07-12T09:30:00+0200,10781.97363,MW,FR,FR,forecast_solar_generation,Solar,2026-08-05T07:10:17Z
2026-08-05T07:08:29Z,2026-08-05T09:08:29+0200,d671fb79-bd81-42f3-a5fe-a0a907bfe6ea,2026-07-12T07:45:00Z,2026-07-12T09:45:00+0200,12024.62891,MW,FR,FR,forecast_solar_generation,Solar,2026-08-05T07:10:17Z
2026-08-05T07:08:29Z,2026-08-05T09:08:29+0200,d671fb79-bd81-42f3-a5fe-a0a907bfe6ea,2026-07-12T08:00:00Z,2026-07-12T10:00:00+0200,10067.23828,MW,FR,FR,forecast_solar_generation,Solar,2026-08-05T07:10:17Z
2026-08-05T07:08:29Z,2026-08-05T09:08:29+0200,d671fb79-bd81-42f3-a5fe-a0a907bfe6ea,2026-07-12T08:15:00Z,2026-07-12T10:15:00+0200,10998.58789,MW,FR,FR,forecast_solar_generation,Solar,2026-08-05T07:10:17Z
2026-08-05T07:08:29Z,2026-08-05T09:08:29+0200,d671fb79-bd81-42f3-a5fe-a0a907bfe6ea,2026-07-12T08:30:00Z,2026-07-12T10:30:00+0200,11776.93262,MW,FR,FR,forecast_solar_generation,Solar,2026-08-05T07:10:17Z
2026-08-05T07:08:29Z,2026-08-05T09:08:29+0200,d671fb79-bd81-42f3-a5fe-a0a907bfe6ea,2026-07-12T08:45:00Z,2026-07-12T10:45:00+0200,12100.21875,MW,FR,FR,forecast_solar_generation,Solar,2026-08-05T07:10:17Z
2026-08-05T07:08:29Z,2026-08-05T09:08:29+0200,d671fb79-bd81-42f3-a5fe-a0a907bfe6ea,2026-07-12T09:00:00Z,2026-07-12T11:00:00+0200,11456.0752,MW,FR,FR,forecast_solar_generation,Solar,2026-08-05T07:10:17Z
2026-08-05T07:08:29Z,2026-08-05T09:08:29+0200,d671fb79-bd81-42f3-a5fe-a0a907bfe6ea,2026-07-12T09:15:00Z,2026-07-12T11:15:00+0200,11942.61035,MW,FR,FR,forecast_solar_generation,Solar,2026-08-05T07:10:17Z
2026-08-05T07:08:29Z,2026-08-05T09:08:29+0200,d671fb79-bd81-42f3-a5fe-a0a907bfe6ea,2026-07-12T09:30:00Z,2026-07-12T11:30:00+0200,12434.32617,MW,FR,FR,forecast_solar_generation,Solar,2026-08-05T07:10:17Z
2026-08-05T07:08:29Z,2026-08-05T09:08:29+0200,d671fb79-bd81-42f3-a5fe-a0a907bfe6ea,2026-07-12T09:45:00Z,2026-07-12T11:45:00+0200,12789.56738,MW,FR,FR,forecast_solar_generation,Solar,2026-08-05T07:10:17Z
2026-08-05T07:08:29Z,2026-08-05T09:08:29+0200,d671fb79-bd81-42f3-a5fe-a0a907bfe6ea,2026-07-12T10:00:00Z,2026-07-12T12:00:00+0200,13181.0332,MW,FR,FR,forecast_solar_generation,Solar,2026-08-05T07:10:17Z
2026-08-05T07:08:29Z,2026-08-05T09:08:29+0200,d671fb79-bd81-42f3-a5fe-a0a907bfe6ea,2026-07-12T10:15:00Z,2026-07-12T12:15:00+0200,13451.10547,MW,FR,FR,forecast_solar_generation,Solar,2026-08-05T07:10:17Z
2026-08-05T07:08:29Z,2026-08-05T09:08:29+0200,d671fb79-bd81-42f3-a5fe-a0a907bfe6ea,2026-07-12T10:30:00Z,2026-07-12T12:30:00+0200,13712.34277,MW,FR,FR,forecast_solar_generation,Solar,2026-08-05T07:10:17Z
2026-08-05T07:08:29Z,2026-08-05T09:08:29+0200,d671fb79-bd81-42f3-a5fe-a0a907bfe6ea,2026-07-12T10:45:00Z,2026-07-12T12:45:00+0200,13832.72461,MW,FR,FR,forecast_solar_generation,Solar,2026-08-05T07:10:17Z
2026-08-05T07:08:29Z,2026-08-05T09:08:29+0200,d671fb79-bd81-42f3-a5fe-a0a907bfe6ea,2026-07-12T11:00:00Z,2026-07-12T13:00:00+0200,13988.23926,MW,FR,FR,forecast_solar_generation,Solar,2026-08-05T07:10:17Z
2026-08-05T07:08:29Z,2026-08-05T09:08:29+0200,d671fb79-bd81-42f3-a5fe-a0a907bfe6ea,2026-07-12T11:15:00Z,2026-07-12T13:15:00+0200,14055.91992,MW,FR,FR,forecast_solar_generation,Solar,2026-08-05T07:10:17Z
2026-08-05T07:08:29Z,2026-08-05T09:08:29+0200,d671fb79-bd81-42f3-a5fe-a0a907bfe6ea,2026-07-12T11:30:00Z,2026-07-12T13:30:00+0200,14125.07324,MW,FR,FR,forecast_solar_generation,Solar,2026-08-05T07:10:17Z
2026-08-05T07:08:29Z,2026-08-05T09:08:29+0200,d671fb79-bd81-42f3-a5fe-a0a907bfe6ea,2026-07-12T11:45:00Z,2026-07-12T13:45:00+0200,14176.81543,MW,FR,FR,forecast_solar_generation,Solar,2026-08-05T07:10:17Z
2026-08-05T07:08:29Z,2026-08-05T09:08:29+0200,d671fb79-bd81-42f3-a5fe-a0a907bfe6ea,2026-07-12T12:00:00Z,2026-07-12T14:00:00+0200,14202.24805,MW,FR,FR,forecast_solar_generation,Solar,2026-08-05T07:10:17Z
2026-08-05T07:08:29Z,2026-08-05T09:08:29+0200,d671fb79-bd81-42f3-a5fe-a0a907bfe6ea,2026-07-12T12:15:00Z,2026-07-12T14:15:00+0200,14143.4834,MW,FR,FR,forecast_solar_generation,Solar,2026-08-05T07:10:17Z
2026-08-05T07:08:29Z,2026-08-05T09:08:29+0200,d671fb79-bd81-42f3-a5fe-a0a907bfe6ea,2026-07-12T12:30:00Z,2026-07-12T14:30:00+0200,14069.70117,MW,FR,FR,forecast_solar_generation,Solar,2026-08-05T07:10:17Z
2026-08-05T07:08:29Z,2026-08-05T09:08:29+0200,d671fb79-bd81-42f3-a5fe-a0a907bfe6ea,2026-07-12T12:45:00Z,2026-07-12T14:45:00+0200,13939.9502,MW,FR,FR,forecast_solar_generation,Solar,2026-08-05T07:10:17Z
2026-08-05T07:08:29Z,2026-08-05T09:08:29+0200,d671fb79-bd81-42f3-a5fe-a0a907bfe6ea,2026-07-12T13:00:00Z,2026-07-12T15:00:00+0200,13786.0,MW,FR,FR,forecast_solar_generation,Solar,2026-08-05T07:10:17Z
2026-08-05T07:08:29Z,2026-08-05T09:08:29+0200,d671fb79-bd81-42f3-a5fe-a0a907bfe6ea,2026-07-12T13:15:00Z,2026-07-12T15:15:00+0200,13565.81641,MW,FR,FR,forecast_solar_generation,Solar,2026-08-05T07:10:17Z
2026-08-05T07:08:29Z,2026-08-05T09:08:29+0200,d671fb79-bd81-42f3-a5fe-a0a907bfe6ea,2026-07-12T13:30:00Z,2026-07-12T15:30:00+0200,13341.17188,MW,FR,FR,forecast_solar_generation,Solar,2026-08-05T07:10:17Z
2026-08-05T07:08:29Z,2026-08-05T09:08:29+0200,d671fb79-bd81-42f3-a5fe-a0a907bfe6ea,2026-07-12T13:45:00Z,2026-07-12T15:45:00+0200,13000.8252,MW,FR,FR,forecast_solar_generation,Solar,2026-08-05T07:10:17Z
2026-08-05T07:08:29Z,2026-08-05T09:08:29+0200,d671fb79-bd81-42f3-a5fe-a0a907bfe6ea,2026-07-12T14:00:00Z,2026-07-12T16:00:00+0200,12649.92676,MW,FR,FR,forecast_solar_generation,Solar,2026-08-05T07:10:17Z
2026-08-05T07:08:29Z,2026-08-05T09:08:29+0200,d671fb79-bd81-42f3-a5fe-a0a907bfe6ea,2026-07-12T14:15:00Z,2026-07-12T16:15:00+0200,12225.31348,MW,FR,FR,forecast_solar_generation,Solar,2026-08-05T07:10:17Z
2026-08-05T07:08:29Z,2026-08-05T09:08:29+0200,d671fb79-bd81-42f3-a5fe-a0a907bfe6ea,2026-07-12T14:30:00Z,2026-07-12T16:30:00+0200,11778.20801,MW,FR,FR,forecast_solar_generation,Solar,2026-08-05T07:10:17Z
2026-08-05T07:08:29Z,2026-08-05T09:08:29+0200,d671fb79-bd81-42f3-a5fe-a0a907bfe6ea,2026-07-12T14:45:00Z,2026-07-12T16:45:00+0200,12403.00684,MW,FR,FR,forecast_solar_generation,Solar,2026-08-05T07:10:17Z
2026-08-05T07:08:29Z,2026-08-05T09:08:29+0200,d671fb79-bd81-42f3-a5fe-a0a907bfe6ea,2026-07-12T15:00:00Z,2026-07-12T17:00:00+0200,12177.65723,MW,FR,FR,forecast_solar_generation,Solar,2026-08-05T07:10:17Z
2026-08-05T07:08:29Z,2026-08-05T09:08:29+0200,d671fb79-bd81-42f3-a5fe-a0a907bfe6ea,2026-07-12T15:15:00Z,2026-07-12T17:15:00+0200,11514.04297,MW,FR,FR,forecast_solar_generation,Solar,2026-08-05T07:10:17Z
2026-08-05T07:08:29Z,2026-08-05T09:08:29+0200,d671fb79-bd81-42f3-a5fe-a0a907bfe6ea,2026-07-12T15:30:00Z,2026-07-12T17:30:00+0200,14031.62793,MW,FR,FR,forecast_solar_generation,Solar,2026-08-05T07:10:17Z
2026-08-05T07:08:29Z,2026-08-05T09:08:29+0200,d671fb79-bd81-42f3-a5fe-a0a907bfe6ea,2026-07-12T15:45:00Z,2026-07-12T17:45:00+0200,13111.49023,MW,FR,FR,forecast_solar_generation,Solar,2026-08-05T07:10:17Z
2026-08-05T07:08:29Z,2026-08-05T09:08:29+0200,d671fb79-bd81-42f3-a5fe-a0a907bfe6ea,2026-07-12T16:00:00Z,2026-07-12T18:00:00+0200,12114.78418,MW,FR,FR,forecast_solar_generation,Solar,2026-08-05T07:10:17Z
2026-08-05T07:08:29Z,2026-08-05T09:08:29+0200,d671fb79-bd81-42f3-a5fe-a0a907bfe6ea,2026-07-12T16:15:00Z,2026-07-12T18:15:00+0200,11085.92773,MW,FR,FR,forecast_solar_generation,Solar,2026-08-05T07:10:17Z
2026-08-05T07:08:29Z,2026-08-05T09:08:29+0200,d671fb79-bd81-42f3-a5fe-a0a907bfe6ea,2026-07-12T16:30:00Z,2026-07-12T18:30:00+0200,10034.72754,MW,FR,FR,forecast_solar_generation,Solar,2026-08-05T07:10:17Z
2026-08-05T07:08:29Z,2026-08-05T09:08:29+0200,d671fb79-bd81-42f3-a5fe-a0a907bfe6ea,2026-07-12T16:45:00Z,2026-07-12T18:45:00+0200,8996.30762,MW,FR,FR,forecast_solar_generation,Solar,2026-08-05T07:10:17Z
2026-08-05T07:08:29Z,2026-08-05T09:08:29+0200,d671fb79-bd81-42f3-a5fe-a0a907bfe6ea,2026-07-12T17:00:00Z,2026-07-12T19:00:00+0200,7754.59619,MW,FR,FR,forecast_solar_generation,Solar,2026-08-05T07:10:17Z
2026-08-05T07:08:29Z,2026-08-05T09:08:29+0200,d671fb79-bd81-42f3-a5fe-a0a907bfe6ea,2026-07-12T17:15:00Z,2026-07-12T19:15:00+0200,6661.6626,MW,FR,FR,forecast_solar_generation,Solar,2026-08-05T07:10:17Z
2026-08-05T07:08:29Z,2026-08-05T09:08:29+0200,d671fb79-bd81-42f3-a5fe-a0a907bfe6ea,2026-07-12T17:30:00Z,2026-07-12T19:30:00+0200,5410.26465,MW,FR,FR,forecast_solar_generation,Solar,2026-08-05T07:10:17Z
2026-08-05T07:08:29Z,2026-08-05T09:08:29+0200,d671fb79-bd81-42f3-a5fe-a0a907bfe6ea,2026-07-12T17:45:00Z,2026-07-12T19:45:00+0200,4516.03271,MW,FR,FR,forecast_solar_generation,Solar,2026-08-05T07:10:17Z
2026-08-05T07:08:29Z,2026-08-05T09:08:29+0200,d671fb79-bd81-42f3-a5fe-a0a907bfe6ea,2026-07-12T18:00:00Z,2026-07-12T20:00:00+0200,3413.94751,MW,FR,FR,forecast_solar_generation,Solar,2026-08-05T07:10:17Z
2026-08-05T07:08:29Z,2026-08-05T09:08:29+0200,d671fb79-bd81-42f3-a5fe-a0a907bfe6ea,2026-07-12T18:15:00Z,2026-07-12T20:15:00+0200,2567.44824,MW,FR,FR,forecast_solar_generation,Solar,2026-08-05T07:10:17Z
2026-08-05T07:08:29Z,2026-08-05T09:08:29+0200,d671fb79-bd81-42f3-a5fe-a0a907bfe6ea,2026-07-12T18:30:00Z,2026-07-12T20:30:00+0200,1820.02295,MW,FR,FR,forecast_solar_generation,Solar,2026-08-05T07:10:17Z
2026-08-05T07:08:29Z,2026-08-05T09:08:29+0200,d671fb79-bd81-42f3-a5fe-a0a907bfe6ea,2026-07-12T18:45:00Z,2026-07-12T20:45:00+0200,1309.82434,MW,FR,FR,forecast_solar_generation,Solar,2026-08-05T07:10:17Z
2026-08-05T07:08:29Z,2026-08-05T09:08:29+0200,d671fb79-bd81-42f3-a5fe-a0a907bfe6ea,2026-07-12T19:00:00Z,2026-07-12T21:00:00+0200,869.0415,MW,FR,FR,forecast_solar_generation,Solar,2026-08-05T07:10:17Z
2026-08-05T07:08:29Z,2026-08-05T09:08:29+0200,d671fb79-bd81-42f3-a5fe-a0a907bfe6ea,2026-07-12T19:15:00Z,2026-07-12T21:15:00+0200,457.54648,MW,FR,FR,forecast_solar_generation,Solar,2026-08-05T07:10:17Z
2026-08-05T07:08:29Z,2026-08-05T09:08:29+0200,d671fb79-bd81-42f3-a5fe-a0a907bfe6ea,2026-07-12T19:30:00Z,2026-07-12T21:30:00+0200,159.68237,MW,FR,FR,forecast_solar_generation,Solar,2026-08-05T07:10:17Z
2026-08-05T07:08:29Z,2026-08-05T09:08:29+0200,d671fb79-bd81-42f3-a5fe-a0a907bfe6ea,2026-07-12T19:45:00Z,2026-07-12T21:45:00+0200,35.11797,MW,FR,FR,forecast_solar_generation,Solar,2026-08-05T07:10:17Z
2026-08-05T07:08:29Z,2026-08-05T09:08:29+0200,d671fb79-bd81-42f3-a5fe-a0a907bfe6ea,2026-07-12T20:00:00Z,2026-07-12T22:00:00+0200,1.90353,MW,FR,FR,forecast_solar_generation,Solar,2026-08-05T07:10:17Z
2026-08-05T07:08:29Z,2026-08-05T09:08:29+0200,d671fb79-bd81-42f3-a5fe-a0a907bfe6ea,2026-07-12T20:15:00Z,2026-07-12T22:15:00+0200,0.0,MW,FR,FR,forecast_solar_generation,Solar,2026-08-05T07:10:17Z
2026-08-05T07:08:29Z,2026-08-05T09:08:29+0200,d671fb79-bd81-42f3-a5fe-a0a907bfe6ea,2026-07-12T20:30:00Z,2026-07-12T22:30:00+0200,0.0,MW,FR,FR,forecast_solar_generation,Solar,2026-08-05T07:10:17Z
2026-08-05T07:08:29Z,2026-08-05T09:08:29+0200,d671fb79-bd81-42f3-a5fe-a0a907bfe6ea,2026-07-12T20:45:00Z,2026-07-12T22:45:00+0200,0.0,MW,FR,FR,forecast_solar_generation,Solar,2026-08-05T07:10:17Z
2026-08-05T07:08:29Z,2026-08-05T09:08:29+0200,d671fb79-bd81-42f3-a5fe-a0a907bfe6ea,2026-07-12T21:00:00Z,2026-07-12T23:00:00+0200,0.0,MW,FR,FR,forecast_solar_generation,Solar,2026-08-05T07:10:17Z
2026-08-05T07:08:29Z,2026-08-05T09:08:29+0200,d671fb79-bd81-42f3-a5fe-a0a907bfe6ea,2026-07-12T21:15:00Z,2026-07-12T23:15:00+0200,0.0,MW,FR,FR,forecast_solar_generation,Solar,2026-08-05T07:10:17Z
2026-08-05T07:08:29Z,2026-08-05T09:08:29+0200,d671fb79-bd81-42f3-a5fe-a0a907bfe6ea,2026-07-12T21:30:00Z,2026-07-12T23:30:00+0200,0.0,MW,FR,FR,forecast_solar_generation,Solar,2026-08-05T07:10:17Z
2026-08-05T07:08:29Z,2026-08-05T09:08:29+0200,d671fb79-bd81-42f3-a5fe-a0a907bfe6ea,2026-07-12T21:45:00Z,2026-07-12T23:45:00+0200,0.0,MW,FR,FR,forecast_solar_generation,Solar,2026-08-05T07:10:17Z
2026-08-05T07:08:29Z,2026-08-05T09:08:29+0200,d671fb79-bd81-42f3-a5fe-a0a907bfe6ea,2026-07-12T22:00:00Z,2026-07-13T00:00:00+0200,0.0,MW,FR,FR,forecast_solar_generation,Solar,2026-08-05T07:10:17Z
2026-08-05T07:08:29Z,2026-08-05T09:08:29+0200,d671fb79-bd81-42f3-a5fe-a0a907bfe6ea,2026-07-12T22:15:00Z,2026-07-13T00:15:00+0200,0.0,MW,FR,FR,forecast_solar_generation,Solar,2026-08-05T07:10:17Z
2026-08-05T07:08:29Z,2026-08-05T09:08:29+0200,d671fb79-bd81-42f3-a5fe-a0a907bfe6ea,2026-07-12T22:30:00Z,2026-07-13T00:30:00+0200,0.0,MW,FR,FR,forecast_solar_generation,Solar,2026-08-05T07:10:17Z
2026-08-05T07:08:29Z,2026-08-05T09:08:29+0200,d671fb79-bd81-42f3-a5fe-a0a907bfe6ea,2026-07-12T22:45:00Z,2026-07-13T00:45:00+0200,0.0,MW,FR,FR,forecast_solar_generation,Solar,2026-08-05T07:10:17Z
2026-08-05T07:08:29Z,2026-08-05T09:08:29+0200,d671fb79-bd81-42f3-a5fe-a0a907bfe6ea,2026-07-12T23:00:00Z,2026-07-13T01:00:00+0200,0.0,MW,FR,FR,forecast_solar_generation,Solar,2026-08-05T07:10:17Z
2026-08-05T07:08:29Z,2026-08-05T09:08:29+0200,d671fb79-bd81-42f3-a5fe-a0a907bfe6ea,2026-07-12T23:15:00Z,2026-07-13T01:15:00+0200,0.0,MW,FR,FR,forecast_solar_generation,Solar,2026-08-05T07:10:17Z
2026-08-05T07:08:29Z,2026-08-05T09:08:29+0200,d671fb79-bd81-42f3-a5fe-a0a907bfe6ea,2026-07-12T23:30:00Z,2026-07-13T01:30:00+0200,0.0,MW,FR,FR,forecast_solar_generation,Solar,2026-08-05T07:10:17Z
2026-08-05T07:08:29Z,2026-08-05T09:08:29+0200,d671fb79-bd81-42f3-a5fe-a0a907bfe6ea,2026-07-12T23:45:00Z,2026-07-13T01:45:00+0200,0.0,MW,FR,FR,forecast_solar_generation,Solar,2026-08-05T07:10:17Z
2026-08-05T07:08:29Z,2026-08-05T09:08:29+0200,d671fb79-bd81-42f3-a5fe-a0a907bfe6ea,2026-07-13T00:00:00Z,2026-07-13T02:00:00+0200,0.0,MW,FR,FR,forecast_solar_generation,Solar,2026-08-05T07:10:17Z
2026-08-05T07:08:29Z,2026-08-05T09:08:29+0200,d671fb79-bd81-42f3-a5fe-a0a907bfe6ea,2026-07-13T00:15:00Z,2026-07-13T02:15:00+0200,0.0,MW,FR,FR,forecast_solar_generation,Solar,2026-08-05T07:10:17Z
2026-08-05T07:08:29Z,2026-08-05T09:08:29+0200,d671fb79-bd81-42f3-a5fe-a0a907bfe6ea,2026-07-13T00:30:00Z,2026-07-13T02:30:00+0200,0.0,MW,FR,FR,forecast_solar_generation,Solar,2026-08-05T07:10:17Z
2026-08-05T07:08:29Z,2026-08-05T09:08:29+0200,d671fb79-bd81-42f3-a5fe-a0a907bfe6ea,2026-07-13T00:45:00Z,2026-07-13T02:45:00+0200,0.0,MW,FR,FR,forecast_solar_generation,Solar,2026-08-05T07:10:17Z
2026-08-05T07:08:29Z,2026-08-05T09:08:29+0200,d671fb79-bd81-42f3-a5fe-a0a907bfe6ea,2026-07-13T01:00:00Z,2026-07-13T03:00:00+0200,0.0,MW,FR,FR,forecast_solar_generation,Solar,2026-08-05T07:10:17Z
2026-08-05T07:08:29Z,2026-08-05T09:08:29+0200,d671fb79-bd81-42f3-a5fe-a0a907bfe6ea,2026-07-13T01:15:00Z,2026-07-13T03:15:00+0200,0.0,MW,FR,FR,forecast_solar_generation,Solar,2026-08-05T07:10:17Z
2026-08-05T07:08:29Z,2026-08-05T09:08:29+0200,d671fb79-bd81-42f3-a5fe-a0a907bfe6ea,2026-07-13T01:30:00Z,2026-07-13T03:30:00+0200,0.0,MW,FR,FR,forecast_solar_generation,Solar,2026-08-05T07:10:17Z
2026-08-05T07:08:29Z,2026-08-05T09:08:29+0200,d671fb79-bd81-42f3-a5fe-a0a907bfe6ea,2026-07-13T01:45:00Z,2026-07-13T03:45:00+0200,0.0,MW,FR,FR,forecast_solar_generation,Solar,2026-08-05T07:10:17Z
2026-08-05T07:08:29Z,2026-08-05T09:08:29+0200,d671fb79-bd81-42f3-a5fe-a0a907bfe6ea,2026-07-13T02:00:00Z,2026-07-13T04:00:00+0200,0.0,MW,FR,FR,forecast_solar_generation,Solar,2026-08-05T07:10:17Z
2026-08-05T07:08:29Z,2026-08-05T09:08:29+0200,d671fb79-bd81-42f3-a5fe-a0a907bfe6ea,2026-07-13T02:15:00Z,2026-07-13T04:15:00+0200,0.0,MW,FR,FR,forecast_solar_generation,Solar,2026-08-05T07:10:17Z
2026-08-05T07:08:29Z,2026-08-05T09:08:29+0200,d671fb79-bd81-42f3-a5fe-a0a907bfe6ea,2026-07-13T02:30:00Z,2026-07-13T04:30:00+0200,0.0,MW,FR,FR,forecast_solar_generation,Solar,2026-08-05T07:10:17Z
2026-08-05T07:08:29Z,2026-08-05T09:08:29+0200,d671fb79-bd81-42f3-a5fe-a0a907bfe6ea,2026-07-13T02:45:00Z,2026-07-13T04:45:00+0200,0.0,MW,FR,FR,forecast_solar_generation,Solar,2026-08-05T07:10:17Z
2026-08-05T07:08:29Z,2026-08-05T09:08:29+0200,d671fb79-bd81-42f3-a5fe-a0a907bfe6ea,2026-07-13T03:00:00Z,2026-07-13T05:00:00+0200,0.0,MW,FR,FR,forecast_solar_generation,Solar,2026-08-05T07:10:17Z
2026-08-05T07:08:29Z,2026-08-05T09:08:29+0200,d671fb79-bd81-42f3-a5fe-a0a907bfe6ea,2026-07-13T03:15:00Z,2026-07-13T05:15:00+0200,0.0,MW,FR,FR,forecast_solar_generation,Solar,2026-08-05T07:10:17Z
2026-08-05T07:08:29Z,2026-08-05T09:08:29+0200,d671fb79-bd81-42f3-a5fe-a0a907bfe6ea,2026-07-13T03:30:00Z,2026-07-13T05:30:00+0200,0.0,MW,FR,FR,forecast_solar_generation,Solar,2026-08-05T07:10:17Z
2026-08-05T07:08:29Z,2026-08-05T09:08:29+0200,d671fb79-bd81-42f3-a5fe-a0a907bfe6ea,2026-07-13T03:45:00Z,2026-07-13T05:45:00+0200,5.36499,MW,FR,FR,forecast_solar_generation,Solar,2026-08-05T07:10:17Z
2026-08-05T07:08:29Z,2026-08-05T09:08:29+0200,d671fb79-bd81-42f3-a5fe-a0a907bfe6ea,2026-07-13T04:00:00Z,2026-07-13T06:00:00+0200,35.27586,MW,FR,FR,forecast_solar_generation,Solar,2026-08-05T07:10:17Z
2026-08-05T07:08:29Z,2026-08-05T09:08:29+0200,d671fb79-bd81-42f3-a5fe-a0a907bfe6ea,2026-07-13T04:15:00Z,2026-07-13T06:15:00+0200,113.5813,MW,FR,FR,forecast_solar_generation,Solar,2026-08-05T07:10:17Z
2026-08-05T07:08:29Z,2026-08-05T09:08:29+0200,d671fb79-bd81-42f3-a5fe-a0a907bfe6ea,2026-07-13T04:30:00Z,2026-07-13T06:30:00+0200,217.34612,MW,FR,FR,forecast_solar_generation,Solar,2026-08-05T07:10:17Z
2026-08-05T07:08:29Z,2026-08-05T09:08:29+0200,d671fb79-bd81-42f3-a5fe-a0a907bfe6ea,2026-07-13T04:45:00Z,2026-07-13T06:45:00+0200,436.99091,MW,FR,FR,forecast_solar_generation,Solar,2026-08-05T07:10:17Z
2026-08-05T07:08:29Z,2026-08-05T09:08:29+0200,d671fb79-bd81-42f3-a5fe-a0a907bfe6ea,2026-07-13T05:00:00Z,2026-07-13T07:00:00+0200,769.62421,MW,FR,FR,forecast_solar_generation,Solar,2026-08-05T07:10:17Z
2026-08-05T07:08:29Z,2026-08-05T09:08:29+0200,d671fb79-bd81-42f3-a5fe-a0a907bfe6ea,2026-07-13T05:15:00Z,2026-07-13T07:15:00+0200,1163.75085,MW,FR,FR,forecast_solar_generation,Solar,2026-08-05T07:10:17Z
2026-08-05T07:08:29Z,2026-08-05T09:08:29+0200,d671fb79-bd81-42f3-a5fe-a0a907bfe6ea,2026-07-13T05:30:00Z,2026-07-13T07:30:00+0200,1636.04333,MW,FR,FR,forecast_solar_generation,Solar,2026-08-05T07:10:17Z
2026-08-05T07:08:29Z,2026-08-05T09:08:29+0200,d671fb79-bd81-42f3-a5fe-a0a907bfe6ea,2026-07-13T05:45:00Z,2026-07-13T07:45:00+0200,2316.89502,MW,FR,FR,forecast_solar_generation,Solar,2026-08-05T07:10:17Z
2026-08-05T07:08:29Z,2026-08-05T09:08:29+0200,d671fb79-bd81-42f3-a5fe-a0a907bfe6ea,2026-07-13T06:00:00Z,2026-07-13T08:00:00+0200,3098.32422,MW,FR,FR,forecast_solar_generation,Solar,2026-08-05T07:10:17Z
2026-08-05T07:08:29Z,2026-08-05T09:08:29+0200,d671fb79-bd81-42f3-a5fe-a0a907bfe6ea,2026-07-13T06:15:00Z,2026-07-13T08:15:00+0200,3981.31934,MW,FR,FR,forecast_solar_generation,Solar,2026-08-05T07:10:17Z
2026-08-05T07:08:29Z,2026-08-05T09:08:29+0200,d671fb79-bd81-42f3-a5fe-a0a907bfe6ea,2026-07-13T06:30:00Z,2026-07-13T08:30:00+0200,4859.24023,MW,FR,FR,forecast_solar_generation,Solar,2026-08-05T07:10:17Z
2026-08-05T07:08:29Z,2026-08-05T09:08:29+0200,d671fb79-bd81-42f3-a5fe-a0a907bfe6ea,2026-07-13T06:45:00Z,2026-07-13T08:45:00+0200,5928.70557,MW,FR,FR,forecast_solar_generation,Solar,2026-08-05T07:10:17Z
2026-08-05T07:08:29Z,2026-08-05T09:08:29+0200,d671fb79-bd81-42f3-a5fe-a0a907bfe6ea,2026-07-13T07:00:00Z,2026-07-13T09:00:00+0200,6911.21045,MW,FR,FR,forecast_solar_generation,Solar,2026-08-05T07:10:17Z
2026-08-05T07:08:29Z,2026-08-05T09:08:29+0200,d671fb79-bd81-42f3-a5fe-a0a907bfe6ea,2026-07-13T07:15:00Z,2026-07-13T09:15:00+0200,7993.91211,MW,FR,FR,forecast_solar_generation,Solar,2026-08-05T07:10:17Z
2026-08-05T07:08:29Z,2026-08-05T09:08:29+0200,d671fb79-bd81-42f3-a5fe-a0a907bfe6ea,2026-07-13T07:30:00Z,2026-07-13T09:30:00+0200,8955.92383,MW,FR,FR,forecast_solar_generation,Solar,2026-08-05T07:10:17Z
2026-08-05T07:08:29Z,2026-08-05T09:08:29+0200,d671fb79-bd81-42f3-a5fe-a0a907bfe6ea,2026-07-13T07:45:00Z,2026-07-13T09:45:00+0200,9969.85742,MW,FR,FR,forecast_solar_generation,Solar,2026-08-05T07:10:17Z
2026-08-05T07:08:29Z,2026-08-05T09:08:29+0200,d671fb79-bd81-42f3-a5fe-a0a907bfe6ea,2026-07-13T08:00:00Z,2026-07-13T10:00:00+0200,10951.9248,MW,FR,FR,forecast_solar_generation,Solar,2026-08-05T07:10:17Z
2026-08-05T07:08:29Z,2026-08-05T09:08:29+0200,d671fb79-bd81-42f3-a5fe-a0a907bfe6ea,2026-07-13T08:15:00Z,2026-07-13T10:15:00+0200,12045.34375,MW,FR,FR,forecast_solar_generation,Solar,2026-08-05T07:10:17Z
2026-08-05T07:08:29Z,2026-08-05T09:08:29+0200,d671fb79-bd81-42f3-a5fe-a0a907bfe6ea,2026-07-13T08:30:00Z,2026-07-13T10:30:00+0200,12959.74707,MW,FR,FR,forecast_solar_generation,Solar,2026-08-05T07:10:17Z
2026-08-05T07:08:29Z,2026-08-05T09:08:29+0200,d671fb79-bd81-42f3-a5fe-a0a907bfe6ea,2026-07-13T08:45:00Z,2026-07-13T10:45:00+0200,13709.02441,MW,FR,FR,forecast_solar_generation,Solar,2026-08-05T07:10:17Z
2026-08-05T07:08:29Z,2026-08-05T09:08:29+0200,d671fb79-bd81-42f3-a5fe-a0a907bfe6ea,2026-07-13T09:00:00Z,2026-07-13T11:00:00+0200,14484.99805,MW,FR,FR,forecast_solar_generation,Solar,2026-08-05T07:10:17Z
2026-08-05T07:08:29Z,2026-08-05T09:08:29+0200,d671fb79-bd81-42f3-a5fe-a0a907bfe6ea,2026-07-13T09:15:00Z,2026-07-13T11:15:00+0200,15181.3584,MW,FR,FR,forecast_solar_generation,Solar,2026-08-05T07:10:17Z
2026-08-05T07:08:29Z,2026-08-05T09:08:29+0200,d671fb79-bd81-42f3-a5fe-a0a907bfe6ea,2026-07-13T09:30:00Z,2026-07-13T11:30:00+0200,15831.65234,MW,FR,FR,forecast_solar_generation,Solar,2026-08-05T07:10:17Z
2026-08-05T07:08:29Z,2026-08-05T09:08:29+0200,d671fb79-bd81-42f3-a5fe-a0a907bfe6ea,2026-07-13T09:45:00Z,2026-07-13T11:45:00+0200,16301.07715,MW,FR,FR,forecast_solar_generation,Solar,2026-08-05T07:10:17Z
2026-08-05T07:08:29Z,2026-08-05T09:08:29+0200,d671fb79-bd81-42f3-a5fe-a0a907bfe6ea,2026-07-13T10:00:00Z,2026-07-13T12:00:00+0200,16810.66602,MW,FR,FR,forecast_solar_generation,Solar,2026-08-05T07:10:17Z
2026-08-05T07:08:29Z,2026-08-05T09:08:29+0200,d671fb79-bd81-42f3-a5fe-a0a907bfe6ea,2026-07-13T10:15:00Z,2026-07-13T12:15:00+0200,17233.21875,MW,FR,FR,forecast_solar_generation,Solar,2026-08-05T07:10:17Z
2026-08-05T07:08:29Z,2026-08-05T09:08:29+0200,d671fb79-bd81-42f3-a5fe-a0a907bfe6ea,2026-07-13T10:30:00Z,2026-07-13T12:30:00+0200,17673.61328,MW,FR,FR,forecast_solar_generation,Solar,2026-08-05T07:10:17Z
2026-08-05T07:08:29Z,2026-08-05T09:08:29+0200,d671fb79-bd81-42f3-a5fe-a0a907bfe6ea,2026-07-13T10:45:00Z,2026-07-13T12:45:00+0200,17932.45703,MW,FR,FR,forecast_solar_generation,Solar,2026-08-05T07:10:17Z
2026-08-05T07:08:29Z,2026-08-05T09:08:29+0200,d671fb79-bd81-42f3-a5fe-a0a907bfe6ea,2026-07-13T11:00:00Z,2026-07-13T13:00:00+0200,18276.77734,MW,FR,FR,forecast_solar_generation,Solar,2026-08-05T07:10:17Z
2026-08-05T07:08:29Z,2026-08-05T09:08:29+0200,d671fb79-bd81-42f3-a5fe-a0a907bfe6ea,2026-07-13T11:15:00Z,2026-07-13T13:15:00+0200,18486.9707,MW,FR,FR,forecast_solar_generation,Solar,2026-08-05T07:10:17Z
2026-08-05T07:08:29Z,2026-08-05T09:08:29+0200,d671fb79-bd81-42f3-a5fe-a0a907bfe6ea,2026-07-13T11:30:00Z,2026-07-13T13:30:00+0200,18729.17383,MW,FR,FR,forecast_solar_generation,Solar,2026-08-05T07:10:17Z
2026-08-05T07:08:29Z,2026-08-05T09:08:29+0200,d671fb79-bd81-42f3-a5fe-a0a907bfe6ea,2026-07-13T11:45:00Z,2026-07-13T13:45:00+0200,18816.92578,MW,FR,FR,forecast_solar_generation,Solar,2026-08-05T07:10:17Z
2026-08-05T07:08:29Z,2026-08-05T09:08:29+0200,d671fb79-bd81-42f3-a5fe-a0a907bfe6ea,2026-07-13T12:00:00Z,2026-07-13T14:00:00+0200,18875.46484,MW,FR,FR,forecast_solar_generation,Solar,2026-08-05T07:10:17Z
2026-08-05T07:08:29Z,2026-08-05T09:08:29+0200,d671fb79-bd81-42f3-a5fe-a0a907bfe6ea,2026-07-13T12:15:00Z,2026-07-13T14:15:00+0200,18799.07617,MW,FR,FR,forecast_solar_generation,Solar,2026-08-05T07:10:17Z
2026-08-05T07:08:29Z,2026-08-05T09:08:29+0200,d671fb79-bd81-42f3-a5fe-a0a907bfe6ea,2026-07-13T12:30:00Z,2026-07-13T14:30:00+0200,18766.88086,MW,FR,FR,forecast_solar_generation,Solar,2026-08-05T07:10:17Z
2026-08-05T07:08:29Z,2026-08-05T09:08:29+0200,d671fb79-bd81-42f3-a5fe-a0a907bfe6ea,2026-07-13T12:45:00Z,2026-07-13T14:45:00+0200,18617.58984,MW,FR,FR,forecast_solar_generation,Solar,2026-08-05T07:10:17Z
2026-08-05T07:08:29Z,2026-08-05T09:08:29+0200,d671fb79-bd81-42f3-a5fe-a0a907bfe6ea,2026-07-13T13:00:00Z,2026-07-13T15:00:00+0200,18377.91602,MW,FR,FR,forecast_solar_generation,Solar,2026-08-05T07:10:17Z
2026-08-05T07:08:29Z,2026-08-05T09:08:29+0200,d671fb79-bd81-42f3-a5fe-a0a907bfe6ea,2026-07-13T13:15:00Z,2026-07-13T15:15:00+0200,18044.00977,MW,FR,FR,forecast_solar_generation,Solar,2026-08-05T07:10:17Z
2026-08-05T07:08:29Z,2026-08-05T09:08:29+0200,d671fb79-bd81-42f3-a5fe-a0a907bfe6ea,2026-07-13T13:30:00Z,2026-07-13T15:30:00+0200,17780.2793,MW,FR,FR,forecast_solar_generation,Solar,2026-08-05T07:10:17Z
2026-08-05T07:08:29Z,2026-08-05T09:08:29+0200,d671fb79-bd81-42f3-a5fe-a0a907bfe6ea,2026-07-13T13:45:00Z,2026-07-13T15:45:00+0200,17218.07422,MW,FR,FR,forecast_solar_generation,Solar,2026-08-05T07:10:17Z
2026-08-05T07:08:29Z,2026-08-05T09:08:29+0200,d671fb79-bd81-42f3-a5fe-a0a907bfe6ea,2026-07-13T14:00:00Z,2026-07-13T16:00:00+0200,16655.32422,MW,FR,FR,forecast_solar_generation,Solar,2026-08-05T07:10:17Z
2026-08-05T07:08:29Z,2026-08-05T09:08:29+0200,d671fb79-bd81-42f3-a5fe-a0a907bfe6ea,2026-07-13T14:15:00Z,2026-07-13T16:15:00+0200,16034.75977,MW,FR,FR,forecast_solar_generation,Solar,2026-08-05T07:10:17Z
2026-08-05T07:08:29Z,2026-08-05T09:08:29+0200,d671fb79-bd81-42f3-a5fe-a0a907bfe6ea,2026-07-13T14:30:00Z,2026-07-13T16:30:00+0200,15393.9043,MW,FR,FR,forecast_solar_generation,Solar,2026-08-05T07:10:17Z
2026-08-05T07:08:29Z,2026-08-05T09:08:29+0200,d671fb79-bd81-42f3-a5fe-a0a907bfe6ea,2026-07-13T14:45:00Z,2026-07-13T16:45:00+0200,14757.69434,MW,FR,FR,forecast_solar_generation,Solar,2026-08-05T07:10:17Z
2026-08-05T07:08:29Z,2026-08-05T09:08:29+0200,d671fb79-bd81-42f3-a5fe-a0a907bfe6ea,2026-07-13T15:00:00Z,2026-07-13T17:00:00+0200,14100.86816,MW,FR,FR,forecast_solar_generation,Solar,2026-08-05T07:10:17Z
2026-08-05T07:08:29Z,2026-08-05T09:08:29+0200,d671fb79-bd81-42f3-a5fe-a0a907bfe6ea,2026-07-13T15:15:00Z,2026-07-13T17:15:00+0200,13279.85156,MW,FR,FR,forecast_solar_generation,Solar,2026-08-05T07:10:17Z
2026-08-05T07:08:29Z,2026-08-05T09:08:29+0200,d671fb79-bd81-42f3-a5fe-a0a907bfe6ea,2026-07-13T15:30:00Z,2026-07-13T17:30:00+0200,12496.94238,MW,FR,FR,forecast_solar_generation,Solar,2026-08-05T07:10:17Z
2026-08-05T07:08:29Z,2026-08-05T09:08:29+0200,d671fb79-bd81-42f3-a5fe-a0a907bfe6ea,2026-07-13T15:45:00Z,2026-07-13T17:45:00+0200,11712.62891,MW,FR,FR,forecast_solar_generation,Solar,2026-08-05T07:10:17Z
2026-08-05T07:08:29Z,2026-08-05T09:08:29+0200,d671fb79-bd81-42f3-a5fe-a0a907bfe6ea,2026-07-13T16:00:00Z,2026-07-13T18:00:00+0200,10799.89941,MW,FR,FR,forecast_solar_generation,Solar,2026-08-05T07:10:17Z
2026-08-05T07:08:29Z,2026-08-05T09:08:29+0200,d671fb79-bd81-42f3-a5fe-a0a907bfe6ea,2026-07-13T16:15:00Z,2026-07-13T18:15:00+0200,9835.99805,MW,FR,FR,forecast_solar_generation,Solar,2026-08-05T07:10:17Z
2026-08-05T07:08:29Z,2026-08-05T09:08:29+0200,d671fb79-bd81-42f3-a5fe-a0a907bfe6ea,2026-07-13T16:30:00Z,2026-07-13T18:30:00+0200,8918.10449,MW,FR,FR,forecast_solar_generation,Solar,2026-08-05T07:10:17Z
2026-08-05T07:08:29Z,2026-08-05T09:08:29+0200,d671fb79-bd81-42f3-a5fe-a0a907bfe6ea,2026-07-13T16:45:00Z,2026-07-13T18:45:00+0200,8064.99414,MW,FR,FR,forecast_solar_generation,Solar,2026-08-05T07:10:17Z
2026-08-05T07:08:29Z,2026-08-05T09:08:29+0200,d671fb79-bd81-42f3-a5fe-a0a907bfe6ea,2026-07-13T17:00:00Z,2026-07-13T19:00:00+0200,6956.46484,MW,FR,FR,forecast_solar_generation,Solar,2026-08-05T07:10:17Z
2026-08-05T07:08:29Z,2026-08-05T09:08:29+0200,d671fb79-bd81-42f3-a5fe-a0a907bfe6ea,2026-07-13T17:15:00Z,2026-07-13T19:15:00+0200,6053.00732,MW,FR,FR,forecast_solar_generation,Solar,2026-08-05T07:10:17Z
2026-08-05T07:08:29Z,2026-08-05T09:08:29+0200,d671fb79-bd81-42f3-a5fe-a0a907bfe6ea,2026-07-13T17:30:00Z,2026-07-13T19:30:00+0200,4969.60059,MW,FR,FR,forecast_solar_generation,Solar,2026-08-05T07:10:17Z
2026-08-05T07:08:29Z,2026-08-05T09:08:29+0200,d671fb79-bd81-42f3-a5fe-a0a907bfe6ea,2026-07-13T17:45:00Z,2026-07-13T19:45:00+0200,4169.62744,MW,FR,FR,forecast_solar_generation,Solar,2026-08-05T07:10:17Z
2026-08-05T07:08:29Z,2026-08-05T09:08:29+0200,d671fb79-bd81-42f3-a5fe-a0a907bfe6ea,2026-07-13T18:00:00Z,2026-07-13T20:00:00+0200,3226.00073,MW,FR,FR,forecast_solar_generation,Solar,2026-08-05T07:10:17Z
2026-08-05T07:08:29Z,2026-08-05T09:08:29+0200,d671fb79-bd81-42f3-a5fe-a0a907bfe6ea,2026-07-13T18:15:00Z,2026-07-13T20:15:00+0200,2447.26855,MW,FR,FR,forecast_solar_generation,Solar,2026-08-05T07:10:17Z
2026-08-05T07:08:29Z,2026-08-05T09:08:29+0200,d671fb79-bd81-42f3-a5fe-a0a907bfe6ea,2026-07-13T18:30:00Z,2026-07-13T20:30:00+0200,1759.87061,MW,FR,FR,forecast_solar_generation,Solar,2026-08-05T07:10:17Z
2026-08-05T07:08:29Z,2026-08-05T09:08:29+0200,d671fb79-bd81-42f3-a5fe-a0a907bfe6ea,2026-07-13T18:45:00Z,2026-07-13T20:45:00+0200,1284.25818,MW,FR,FR,forecast_solar_generation,Solar,2026-08-05T07:10:17Z
2026-08-05T07:08:29Z,2026-08-05T09:08:29+0200,d671fb79-bd81-42f3-a5fe-a0a907bfe6ea,2026-07-13T19:00:00Z,2026-07-13T21:00:00+0200,866.0553,MW,FR,FR,forecast_solar_generation,Solar,2026-08-05T07:10:17Z
2026-08-05T07:08:29Z,2026-08-05T09:08:29+0200,d671fb79-bd81-42f3-a5fe-a0a907bfe6ea,2026-07-13T19:15:00Z,2026-07-13T21:15:00+0200,479.42822,MW,FR,FR,forecast_solar_generation,Solar,2026-08-05T07:10:17Z
2026-08-05T07:08:29Z,2026-08-05T09:08:29+0200,d671fb79-bd81-42f3-a5fe-a0a907bfe6ea,2026-07-13T19:30:00Z,2026-07-13T21:30:00+0200,182.93877,MW,FR,FR,forecast_solar_generation,Solar,2026-08-05T07:10:17Z
2026-08-05T07:08:29Z,2026-08-05T09:08:29+0200,d671fb79-bd81-42f3-a5fe-a0a907bfe6ea,2026-07-13T19:45:00Z,2026-07-13T21:45:00+0200,42.81553,MW,FR,FR,forecast_solar_generation,Solar,2026-08-05T07:10:17Z
2026-08-05T07:08:29Z,2026-08-05T09:08:29+0200,d671fb79-bd81-42f3-a5fe-a0a907bfe6ea,2026-07-13T20:00:00Z,2026-07-13T22:00:00+0200,2.98545,MW,FR,FR,forecast_solar_generation,Solar,2026-08-05T07:10:17Z
2026-08-05T07:08:29Z,2026-08-05T09:08:29+0200,d671fb79-bd81-42f3-a5fe-a0a907bfe6ea,2026-07-13T20:15:00Z,2026-07-13T22:15:00+0200,0.0,MW,FR,FR,forecast_solar_generation,Solar,2026-08-05T07:10:17Z
2026-08-05T07:08:29Z,2026-08-05T09:08:29+0200,d671fb79-bd81-42f3-a5fe-a0a907bfe6ea,2026-07-13T20:30:00Z,2026-07-13T22:30:00+0200,0.0,MW,FR,FR,forecast_solar_generation,Solar,2026-08-05T07:10:17Z
2026-08-05T07:08:29Z,2026-08-05T09:08:29+0200,d671fb79-bd81-42f3-a5fe-a0a907bfe6ea,2026-07-13T20:45:00Z,2026-07-13T22:45:00+0200,0.0,MW,FR,FR,forecast_solar_generation,Solar,2026-08-05T07:10:17Z
2026-08-05T07:08:29Z,2026-08-05T09:08:29+0200,d671fb79-bd81-42f3-a5fe-a0a907bfe6ea,2026-07-13T21:00:00Z,2026-07-13T23:00:00+0200,0.0,MW,FR,FR,forecast_solar_generation,Solar,2026-08-05T07:10:17Z
2026-08-05T07:08:29Z,2026-08-05T09:08:29+0200,d671fb79-bd81-42f3-a5fe-a0a907bfe6ea,2026-07-13T21:15:00Z,2026-07-13T23:15:00+0200,0.0,MW,FR,FR,forecast_solar_generation,Solar,2026-08-05T07:10:17Z
2026-08-05T07:08:29Z,2026-08-05T09:08:29+0200,d671fb79-bd81-42f3-a5fe-a0a907bfe6ea,2026-07-13T21:30:00Z,2026-07-13T23:30:00+0200,0.0,MW,FR,FR,forecast_solar_generation,Solar,2026-08-05T07:10:17Z
2026-08-05T07:08:29Z,2026-08-05T09:08:29+0200,d671fb79-bd81-42f3-a5fe-a0a907bfe6ea,2026-07-13T21:45:00Z,2026-07-13T23:45:00+0200,0.0,MW,FR,FR,forecast_solar_generation,Solar,2026-08-05T07:10:17Z
2026-08-05T07:08:29Z,2026-08-05T09:08:29+0200,d671fb79-bd81-42f3-a5fe-a0a907bfe6ea,2026-07-13T22:00:00Z,2026-07-14T00:00:00+0200,0.0,MW,FR,FR,forecast_solar_generation,Solar,2026-08-05T07:10:17Z
2026-08-05T07:08:29Z,2026-08-05T09:08:29+0200,d671fb79-bd81-42f3-a5fe-a0a907bfe6ea,2026-07-13T22:15:00Z,2026-07-14T00:15:00+0200,0.0,MW,FR,FR,forecast_solar_generation,Solar,2026-08-05T07:10:17Z
2026-08-05T07:08:29Z,2026-08-05T09:08:29+0200,d671fb79-bd81-42f3-a5fe-a0a907bfe6ea,2026-07-13T22:30:00Z,2026-07-14T00:30:00+0200,0.0,MW,FR,FR,forecast_solar_generation,Solar,2026-08-05T07:10:17Z
2026-08-05T07:08:29Z,2026-08-05T09:08:29+0200,d671fb79-bd81-42f3-a5fe-a0a907bfe6ea,2026-07-13T22:45:00Z,2026-07-14T00:45:00+0200,0.0,MW,FR,FR,forecast_solar_generation,Solar,2026-08-05T07:10:17Z
2026-08-05T07:08:29Z,2026-08-05T09:08:29+0200,d671fb79-bd81-42f3-a5fe-a0a907bfe6ea,2026-07-13T23:00:00Z,2026-07-14T01:00:00+0200,0.0,MW,FR,FR,forecast_solar_generation,Solar,2026-08-05T07:10:17Z
2026-08-05T07:08:29Z,2026-08-05T09:08:29+0200,d671fb79-bd81-42f3-a5fe-a0a907bfe6ea,2026-07-13T23:15:00Z,2026-07-14T01:15:00+0200,0.0,MW,FR,FR,forecast_solar_generation,Solar,2026-08-05T07:10:17Z
2026-08-05T07:08:29Z,2026-08-05T09:08:29+0200,d671fb79-bd81-42f3-a5fe-a0a907bfe6ea,2026-07-13T23:30:00Z,2026-07-14T01:30:00+0200,0.0,MW,FR,FR,forecast_solar_generation,Solar,2026-08-05T07:10:17Z
2026-08-05T07:08:29Z,2026-08-05T09:08:29+0200,d671fb79-bd81-42f3-a5fe-a0a907bfe6ea,2026-07-13T23:45:00Z,2026-07-14T01:45:00+0200,0.0,MW,FR,FR,forecast_solar_generation,Solar,2026-08-05T07:10:17Z
2026-08-05T07:08:29Z,2026-08-05T09:08:29+0200,d671fb79-bd81-42f3-a5fe-a0a907bfe6ea,2026-07-14T00:00:00Z,2026-07-14T02:00:00+0200,0.0,MW,FR,FR,forecast_solar_generation,Solar,2026-08-05T07:10:17Z
2026-08-05T07:08:29Z,2026-08-05T09:08:29+0200,d671fb79-bd81-42f3-a5fe-a0a907bfe6ea,2026-07-14T00:15:00Z,2026-07-14T02:15:00+0200,0.0,MW,FR,FR,forecast_solar_generation,Solar,2026-08-05T07:10:17Z
2026-08-05T07:08:29Z,2026-08-05T09:08:29+0200,d671fb79-bd81-42f3-a5fe-a0a907bfe6ea,2026-07-14T00:30:00Z,2026-07-14T02:30:00+0200,0.0,MW,FR,FR,forecast_solar_generation,Solar,2026-08-05T07:10:17Z
2026-08-05T07:08:29Z,2026-08-05T09:08:29+0200,d671fb79-bd81-42f3-a5fe-a0a907bfe6ea,2026-07-14T00:45:00Z,2026-07-14T02:45:00+0200,0.0,MW,FR,FR,forecast_solar_generation,Solar,2026-08-05T07:10:17Z
2026-08-05T07:08:29Z,2026-08-05T09:08:29+0200,d671fb79-bd81-42f3-a5fe-a0a907bfe6ea,2026-07-14T01:00:00Z,2026-07-14T03:00:00+0200,0.0,MW,FR,FR,forecast_solar_generation,Solar,2026-08-05T07:10:17Z
2026-08-05T07:08:29Z,2026-08-05T09:08:29+0200,d671fb79-bd81-42f3-a5fe-a0a907bfe6ea,2026-07-14T01:15:00Z,2026-07-14T03:15:00+0200,0.0,MW,FR,FR,forecast_solar_generation,Solar,2026-08-05T07:10:17Z
2026-08-05T07:08:29Z,2026-08-05T09:08:29+0200,d671fb79-bd81-42f3-a5fe-a0a907bfe6ea,2026-07-14T01:30:00Z,2026-07-14T03:30:00+0200,0.0,MW,FR,FR,forecast_solar_generation,Solar,2026-08-05T07:10:17Z
2026-08-05T07:08:29Z,2026-08-05T09:08:29+0200,d671fb79-bd81-42f3-a5fe-a0a907bfe6ea,2026-07-14T01:45:00Z,2026-07-14T03:45:00+0200,0.0,MW,FR,FR,forecast_solar_generation,Solar,2026-08-05T07:10:17Z
2026-08-05T07:08:29Z,2026-08-05T09:08:29+0200,d671fb79-bd81-42f3-a5fe-a0a907bfe6ea,2026-07-14T02:00:00Z,2026-07-14T04:00:00+0200,0.0,MW,FR,FR,forecast_solar_generation,Solar,2026-08-05T07:10:17Z
2026-08-05T07:08:29Z,2026-08-05T09:08:29+0200,d671fb79-bd81-42f3-a5fe-a0a907bfe6ea,2026-07-14T02:15:00Z,2026-07-14T04:15:00+0200,0.0,MW,FR,FR,forecast_solar_generation,Solar,2026-08-05T07:10:17Z
2026-08-05T07:08:29Z,2026-08-05T09:08:29+0200,d671fb79-bd81-42f3-a5fe-a0a907bfe6ea,2026-07-14T02:30:00Z,2026-07-14T04:30:00+0200,0.0,MW,FR,FR,forecast_solar_generation,Solar,2026-08-05T07:10:17Z
2026-08-05T07:08:29Z,2026-08-05T09:08:29+0200,d671fb79-bd81-42f3-a5fe-a0a907bfe6ea,2026-07-14T02:45:00Z,2026-07-14T04:45:00+0200,0.0,MW,FR,FR,forecast_solar_generation,Solar,2026-08-05T07:10:17Z
2026-08-05T07:08:29Z,2026-08-05T09:08:29+0200,d671fb79-bd81-42f3-a5fe-a0a907bfe6ea,2026-07-14T03:00:00Z,2026-07-14T05:00:00+0200,0.0,MW,FR,FR,forecast_solar_generation,Solar,2026-08-05T07:10:17Z
2026-08-05T07:08:29Z,2026-08-05T09:08:29+0200,d671fb79-bd81-42f3-a5fe-a0a907bfe6ea,2026-07-14T03:15:00Z,2026-07-14T05:15:00+0200,0.0,MW,FR,FR,forecast_solar_generation,Solar,2026-08-05T07:10:17Z
2026-08-05T07:08:29Z,2026-08-05T09:08:29+0200,d671fb79-bd81-42f3-a5fe-a0a907bfe6ea,2026-07-14T03:30:00Z,2026-07-14T05:30:00+0200,0.0,MW,FR,FR,forecast_solar_generation,Solar,2026-08-05T07:10:17Z
2026-08-05T07:08:29Z,2026-08-05T09:08:29+0200,d671fb79-bd81-42f3-a5fe-a0a907bfe6ea,2026-07-14T03:45:00Z,2026-07-14T05:45:00+0200,4.53789,MW,FR,FR,forecast_solar_generation,Solar,2026-08-05T07:10:17Z
2026-08-05T07:08:29Z,2026-08-05T09:08:29+0200,d671fb79-bd81-42f3-a5fe-a0a907bfe6ea,2026-07-14T04:00:00Z,2026-07-14T06:00:00+0200,30.85512,MW,FR,FR,forecast_solar_generation,Solar,2026-08-05T07:10:17Z
2026-08-05T07:08:29Z,2026-08-05T09:08:29+0200,d671fb79-bd81-42f3-a5fe-a0a907bfe6ea,2026-07-14T04:15:00Z,2026-07-14T06:15:00+0200,95.88086,MW,FR,FR,forecast_solar_generation,Solar,2026-08-05T07:10:17Z
2026-08-05T07:08:29Z,2026-08-05T09:08:29+0200,d671fb79-bd81-42f3-a5fe-a0a907bfe6ea,2026-07-14T04:30:00Z,2026-07-14T06:30:00+0200,185.37392,MW,FR,FR,forecast_solar_generation,Solar,2026-08-05T07:10:17Z
2026-08-05T07:08:29Z,2026-08-05T09:08:29+0200,d671fb79-bd81-42f3-a5fe-a0a907bfe6ea,2026-07-14T04:45:00Z,2026-07-14T06:45:00+0200,417.89655,MW,FR,FR,forecast_solar_generation,Solar,2026-08-05T07:10:17Z
2026-08-05T07:08:29Z,2026-08-05T09:08:29+0200,d671fb79-bd81-42f3-a5fe-a0a907bfe6ea,2026-07-14T05:00:00Z,2026-07-14T07:00:00+0200,766.5498,MW,FR,FR,forecast_solar_generation,Solar,2026-08-05T07:10:17Z
2026-08-05T07:08:29Z,2026-08-05T09:08:29+0200,d671fb79-bd81-42f3-a5fe-a0a907bfe6ea,2026-07-14T05:15:00Z,2026-07-14T07:15:00+0200,1170.14478,MW,FR,FR,forecast_solar_generation,Solar,2026-08-05T07:10:17Z
2026-08-05T07:08:29Z,2026-08-05T09:08:29+0200,d671fb79-bd81-42f3-a5fe-a0a907bfe6ea,2026-07-14T05:30:00Z,2026-07-14T07:30:00+0200,1618.31018,MW,FR,FR,forecast_solar_generation,Solar,2026-08-05T07:10:17Z
2026-08-05T07:08:29Z,2026-08-05T09:08:29+0200,d671fb79-bd81-42f3-a5fe-a0a907bfe6ea,2026-07-14T05:45:00Z,2026-07-14T07:45:00+0200,2347.80029,MW,FR,FR,forecast_solar_generation,Solar,2026-08-05T07:10:17Z
2026-08-05T07:08:29Z,2026-08-05T09:08:29+0200,d671fb79-bd81-42f3-a5fe-a0a907bfe6ea,2026-07-14T06:00:00Z,2026-07-14T08:00:00+0200,3188.21875,MW,FR,FR,forecast_solar_generation,Solar,2026-08-05T07:10:17Z
2026-08-05T07:08:29Z,2026-08-05T09:08:29+0200,d671fb79-bd81-42f3-a5fe-a0a907bfe6ea,2026-07-14T06:15:00Z,2026-07-14T08:15:00+0200,4152.0376,MW,FR,FR,forecast_solar_generation,Solar,2026-08-05T07:10:17Z
2026-08-05T07:08:29Z,2026-08-05T09:08:29+0200,d671fb79-bd81-42f3-a5fe-a0a907bfe6ea,2026-07-14T06:30:00Z,2026-07-14T08:30:00+0200,5070.43408,MW,FR,FR,forecast_solar_generation,Solar,2026-08-05T07:10:17Z
2026-08-05T07:08:29Z,2026-08-05T09:08:29+0200,d671fb79-bd81-42f3-a5fe-a0a907bfe6ea,2026-07-14T06:45:00Z,2026-07-14T08:45:00+0200,6355.43994,MW,FR,FR,forecast_solar_generation,Solar,2026-08-05T07:10:17Z
2026-08-05T07:08:29Z,2026-08-05T09:08:29+0200,d671fb79-bd81-42f3-a5fe-a0a907bfe6ea,2026-07-14T07:00:00Z,2026-07-14T09:00:00+0200,7449.78613,MW,FR,FR,forecast_solar_generation,Solar,2026-08-05T07:10:17Z
2026-08-05T07:08:29Z,2026-08-05T09:08:29+0200,d671fb79-bd81-42f3-a5fe-a0a907bfe6ea,2026-07-14T07:15:00Z,2026-07-14T09:15:00+0200,8737.92969,MW,FR,FR,forecast_solar_generation,Solar,2026-08-05T07:10:17Z
2026-08-05T07:08:29Z,2026-08-05T09:08:29+0200,d671fb79-bd81-42f3-a5fe-a0a907bfe6ea,2026-07-14T07:30:00Z,2026-07-14T09:30:00+0200,9843.80078,MW,FR,FR,forecast_solar_generation,Solar,2026-08-05T07:10:17Z
2026-08-05T07:08:29Z,2026-08-05T09:08:29+0200,d671fb79-bd81-42f3-a5fe-a0a907bfe6ea,2026-07-14T07:45:00Z,2026-07-14T09:45:00+0200,11022.94336,MW,FR,FR,forecast_solar_generation,Solar,2026-08-05T07:10:17Z
2026-08-05T07:08:29Z,2026-08-05T09:08:29+0200,d671fb79-bd81-42f3-a5fe-a0a907bfe6ea,2026-07-14T08:00:00Z,2026-07-14T10:00:00+0200,12090.29004,MW,FR,FR,forecast_solar_generation,Solar,2026-08-05T07:10:17Z
2026-08-05T07:08:29Z,2026-08-05T09:08:29+0200,d671fb79-bd81-42f3-a5fe-a0a907bfe6ea,2026-07-14T08:15:00Z,2026-07-14T10:15:00+0200,13326.74707,MW,FR,FR,forecast_solar_generation,Solar,2026-08-05T07:10:17Z
2026-08-05T07:08:29Z,2026-08-05T09:08:29+0200,d671fb79-bd81-42f3-a5fe-a0a907bfe6ea,2026-07-14T08:30:00Z,2026-07-14T10:30:00+0200,14321.19238,MW,FR,FR,forecast_solar_generation,Solar,2026-08-05T07:10:17Z
2026-08-05T07:08:29Z,2026-08-05T09:08:29+0200,d671fb79-bd81-42f3-a5fe-a0a907bfe6ea,2026-07-14T08:45:00Z,2026-07-14T10:45:00+0200,15236.97461,MW,FR,FR,forecast_solar_generation,Solar,2026-08-05T07:10:17Z
2026-08-05T07:08:29Z,2026-08-05T09:08:29+0200,d671fb79-bd81-42f3-a5fe-a0a907bfe6ea,2026-07-14T09:00:00Z,2026-07-14T11:00:00+0200,16052.00684,MW,FR,FR,forecast_solar_generation,Solar,2026-08-05T07:10:17Z
2026-08-05T07:08:29Z,2026-08-05T09:08:29+0200,d671fb79-bd81-42f3-a5fe-a0a907bfe6ea,2026-07-14T09:15:00Z,2026-07-14T11:15:00+0200,16800.77734,MW,FR,FR,forecast_solar_generation,Solar,2026-08-05T07:10:17Z
2026-08-05T07:08:29Z,2026-08-05T09:08:29+0200,d671fb79-bd81-42f3-a5fe-a0a907bfe6ea,2026-07-14T09:30:00Z,2026-07-14T11:30:00+0200,17482.94727,MW,FR,FR,forecast_solar_generation,Solar,2026-08-05T07:10:17Z
2026-08-05T07:08:29Z,2026-08-05T09:08:29+0200,d671fb79-bd81-42f3-a5fe-a0a907bfe6ea,2026-07-14T09:45:00Z,2026-07-14T11:45:00+0200,18006.24023,MW,FR,FR,forecast_solar_generation,Solar,2026-08-05T07:10:17Z
2026-08-05T07:08:29Z,2026-08-05T09:08:29+0200,d671fb79-bd81-42f3-a5fe-a0a907bfe6ea,2026-07-14T10:00:00Z,2026-07-14T12:00:00+0200,18587.94922,MW,FR,FR,forecast_solar_generation,Solar,2026-08-05T07:10:17Z
2026-08-05T07:08:29Z,2026-08-05T09:08:29+0200,d671fb79-bd81-42f3-a5fe-a0a907bfe6ea,2026-07-14T10:15:00Z,2026-07-14T12:15:00+0200,19039.32422,MW,FR,FR,forecast_solar_generation,Solar,2026-08-05T07:10:17Z
2026-08-05T07:08:29Z,2026-08-05T09:08:29+0200,d671fb79-bd81-42f3-a5fe-a0a907bfe6ea,2026-07-14T10:30:00Z,2026-07-14T12:30:00+0200,19451.10352,MW,FR,FR,forecast_solar_generation,Solar,2026-08-05T07:10:17Z
2026-08-05T07:08:29Z,2026-08-05T09:08:29+0200,d671fb79-bd81-42f3-a5fe-a0a907bfe6ea,2026-07-14T10:45:00Z,2026-07-14T12:45:00+0200,19617.19727,MW,FR,FR,forecast_solar_generation,Solar,2026-08-05T07:10:17Z
2026-08-05T07:08:29Z,2026-08-05T09:08:29+0200,d671fb79-bd81-42f3-a5fe-a0a907bfe6ea,2026-07-14T11:00:00Z,2026-07-14T13:00:00+0200,19820.56836,MW,FR,FR,forecast_solar_generation,Solar,2026-08-05T07:10:17Z
2026-08-05T07:08:29Z,2026-08-05T09:08:29+0200,d671fb79-bd81-42f3-a5fe-a0a907bfe6ea,2026-07-14T11:15:00Z,2026-07-14T13:15:00+0200,19924.22852,MW,FR,FR,forecast_solar_generation,Solar,2026-08-05T07:10:17Z
2026-08-05T07:08:29Z,2026-08-05T09:08:29+0200,d671fb79-bd81-42f3-a5fe-a0a907bfe6ea,2026-07-14T11:30:00Z,2026-07-14T13:30:00+0200,20037.19531,MW,FR,FR,forecast_solar_generation,Solar,2026-08-05T07:10:17Z
2026-08-05T07:08:29Z,2026-08-05T09:08:29+0200,d671fb79-bd81-42f3-a5fe-a0a907bfe6ea,2026-07-14T11:45:00Z,2026-07-14T13:45:00+0200,20028.40039,MW,FR,FR,forecast_solar_generation,Solar,2026-08-05T07:10:17Z
2026-08-05T07:08:29Z,2026-08-05T09:08:29+0200,d671fb79-bd81-42f3-a5fe-a0a907bfe6ea,2026-07-14T12:00:00Z,2026-07-14T14:00:00+0200,19979.29102,MW,FR,FR,forecast_solar_generation,Solar,2026-08-05T07:10:17Z
2026-08-05T07:08:29Z,2026-08-05T09:08:29+0200,d671fb79-bd81-42f3-a5fe-a0a907bfe6ea,2026-07-14T12:15:00Z,2026-07-14T14:15:00+0200,19874.80664,MW,FR,FR,forecast_solar_generation,Solar,2026-08-05T07:10:17Z
2026-08-05T07:08:29Z,2026-08-05T09:08:29+0200,d671fb79-bd81-42f3-a5fe-a0a907bfe6ea,2026-07-14T12:30:00Z,2026-07-14T14:30:00+0200,19740.71289,MW,FR,FR,forecast_solar_generation,Solar,2026-08-05T07:10:17Z
2026-08-05T07:08:29Z,2026-08-05T09:08:29+0200,d671fb79-bd81-42f3-a5fe-a0a907bfe6ea,2026-07-14T12:45:00Z,2026-07-14T14:45:00+0200,19503.69922,MW,FR,FR,forecast_solar_generation,Solar,2026-08-05T07:10:17Z
2026-08-05T07:08:29Z,2026-08-05T09:08:29+0200,d671fb79-bd81-42f3-a5fe-a0a907bfe6ea,2026-07-14T13:00:00Z,2026-07-14T15:00:00+0200,19286.47852,MW,FR,FR,forecast_solar_generation,Solar,2026-08-05T07:10:17Z
2026-08-05T07:08:29Z,2026-08-05T09:08:29+0200,d671fb79-bd81-42f3-a5fe-a0a907bfe6ea,2026-07-14T13:15:00Z,2026-07-14T15:15:00+0200,18970.17773,MW,FR,FR,forecast_solar_generation,Solar,2026-08-05T07:10:17Z
2026-08-05T07:08:29Z,2026-08-05T09:08:29+0200,d671fb79-bd81-42f3-a5fe-a0a907bfe6ea,2026-07-14T13:30:00Z,2026-07-14T15:30:00+0200,18675.67969,MW,FR,FR,forecast_solar_generation,Solar,2026-08-05T07:10:17Z
2026-08-05T07:08:29Z,2026-08-05T09:08:29+0200,d671fb79-bd81-42f3-a5fe-a0a907bfe6ea,2026-07-14T13:45:00Z,2026-07-14T15:45:00+0200,18133.27734,MW,FR,FR,forecast_solar_generation,Solar,2026-08-05T07:10:17Z
2026-08-05T07:08:29Z,2026-08-05T09:08:29+0200,d671fb79-bd81-42f3-a5fe-a0a907bfe6ea,2026-07-14T14:00:00Z,2026-07-14T16:00:00+0200,17602.47656,MW,FR,FR,forecast_solar_generation,Solar,2026-08-05T07:10:17Z
2026-08-05T07:08:29Z,2026-08-05T09:08:29+0200,d671fb79-bd81-42f3-a5fe-a0a907bfe6ea,2026-07-14T14:15:00Z,2026-07-14T16:15:00+0200,17000.08398,MW,FR,FR,forecast_solar_generation,Solar,2026-08-05T07:10:17Z
2026-08-05T07:08:29Z,2026-08-05T09:08:29+0200,d671fb79-bd81-42f3-a5fe-a0a907bfe6ea,2026-07-14T14:30:00Z,2026-07-14T16:30:00+0200,16392.65625,MW,FR,FR,forecast_solar_generation,Solar,2026-08-05T07:10:17Z
2026-08-05T07:08:29Z,2026-08-05T09:08:29+0200,d671fb79-bd81-42f3-a5fe-a0a907bfe6ea,2026-07-14T14:45:00Z,2026-07-14T16:45:00+0200,15683.21387,MW,FR,FR,forecast_solar_generation,Solar,2026-08-05T07:10:17Z
2026-08-05T07:08:29Z,2026-08-05T09:08:29+0200,d671fb79-bd81-42f3-a5fe-a0a907bfe6ea,2026-07-14T15:00:00Z,2026-07-14T17:00:00+0200,14976.21582,MW,FR,FR,forecast_solar_generation,Solar,2026-08-05T07:10:17Z
2026-08-05T07:08:29Z,2026-08-05T09:08:29+0200,d671fb79-bd81-42f3-a5fe-a0a907bfe6ea,2026-07-14T15:15:00Z,2026-07-14T17:15:00+0200,14156.375,MW,FR,FR,forecast_solar_generation,Solar,2026-08-05T07:10:17Z
2026-08-05T07:08:29Z,2026-08-05T09:08:29+0200,d671fb79-bd81-42f3-a5fe-a0a907bfe6ea,2026-07-14T15:30:00Z,2026-07-14T17:30:00+0200,13311.20215,MW,FR,FR,forecast_solar_generation,Solar,2026-08-05T07:10:17Z
2026-08-05T07:08:29Z,2026-08-05T09:08:29+0200,d671fb79-bd81-42f3-a5fe-a0a907bfe6ea,2026-07-14T15:45:00Z,2026-07-14T17:45:00+0200,12482.24219,MW,FR,FR,forecast_solar_generation,Solar,2026-08-05T07:10:17Z
2026-08-05T07:08:29Z,2026-08-05T09:08:29+0200,d671fb79-bd81-42f3-a5fe-a0a907bfe6ea,2026-07-14T16:00:00Z,2026-07-14T18:00:00+0200,11562.96484,MW,FR,FR,forecast_solar_generation,Solar,2026-08-05T07:10:17Z
2026-08-05T07:08:29Z,2026-08-05T09:08:29+0200,d671fb79-bd81-42f3-a5fe-a0a907bfe6ea,2026-07-14T16:15:00Z,2026-07-14T18:15:00+0200,10575.95508,MW,FR,FR,forecast_solar_generation,Solar,2026-08-05T07:10:17Z
2026-08-05T07:08:29Z,2026-08-05T09:08:29+0200,d671fb79-bd81-42f3-a5fe-a0a907bfe6ea,2026-07-14T16:30:00Z,2026-07-14T18:30:00+0200,9560.00684,MW,FR,FR,forecast_solar_generation,Solar,2026-08-05T07:10:17Z
2026-08-05T07:08:29Z,2026-08-05T09:08:29+0200,d671fb79-bd81-42f3-a5fe-a0a907bfe6ea,2026-07-14T16:45:00Z,2026-07-14T18:45:00+0200,8606.16406,MW,FR,FR,forecast_solar_generation,Solar,2026-08-05T07:10:17Z
2026-08-05T07:08:29Z,2026-08-05T09:08:29+0200,d671fb79-bd81-42f3-a5fe-a0a907bfe6ea,2026-07-14T17:00:00Z,2026-07-14T19:00:00+0200,7434.30225,MW,FR,FR,forecast_solar_generation,Solar,2026-08-05T07:10:17Z
2026-08-05T07:08:29Z,2026-08-05T09:08:29+0200,d671fb79-bd81-42f3-a5fe-a0a907bfe6ea,2026-07-14T17:15:00Z,2026-07-14T19:15:00+0200,6417.39307,MW,FR,FR,forecast_solar_generation,Solar,2026-08-05T07:10:17Z
2026-08-05T07:08:29Z,2026-08-05T09:08:29+0200,d671fb79-bd81-42f3-a5fe-a0a907bfe6ea,2026-07-14T17:30:00Z,2026-07-14T19:30:00+0200,5231.78564,MW,FR,FR,forecast_solar_generation,Solar,2026-08-05T07:10:17Z
2026-08-05T07:08:29Z,2026-08-05T09:08:29+0200,d671fb79-bd81-42f3-a5fe-a0a907bfe6ea,2026-07-14T17:45:00Z,2026-07-14T19:45:00+0200,4355.09229,MW,FR,FR,forecast_solar_generation,Solar,2026-08-05T07:10:17Z
2026-08-05T07:08:29Z,2026-08-05T09:08:29+0200,d671fb79-bd81-42f3-a5fe-a0a907bfe6ea,2026-07-14T18:00:00Z,2026-07-14T20:00:00+0200,3306.55249,MW,FR,FR,forecast_solar_generation,Solar,2026-08-05T07:10:17Z
2026-08-05T07:08:29Z,2026-08-05T09:08:29+0200,d671fb79-bd81-42f3-a5fe-a0a907bfe6ea,2026-07-14T18:15:00Z,2026-07-14T20:15:00+0200,2491.8584,MW,FR,FR,forecast_solar_generation,Solar,2026-08-05T07:10:17Z
2026-08-05T07:08:29Z,2026-08-05T09:08:29+0200,d671fb79-bd81-42f3-a5fe-a0a907bfe6ea,2026-07-14T18:30:00Z,2026-07-14T20:30:00+0200,1783.72168,MW,FR,FR,forecast_solar_generation,Solar,2026-08-05T07:10:17Z
2026-08-05T07:08:29Z,2026-08-05T09:08:29+0200,d671fb79-bd81-42f3-a5fe-a0a907bfe6ea,2026-07-14T18:45:00Z,2026-07-14T20:45:00+0200,1304.33655,MW,FR,FR,forecast_solar_generation,Solar,2026-08-05T07:10:17Z
2026-08-05T07:08:29Z,2026-08-05T09:08:29+0200,d671fb79-bd81-42f3-a5fe-a0a907bfe6ea,2026-07-14T19:00:00Z,2026-07-14T21:00:00+0200,888.34833,MW,FR,FR,forecast_solar_generation,Solar,2026-08-05T07:10:17Z
2026-08-05T07:08:29Z,2026-08-05T09:08:29+0200,d671fb79-bd81-42f3-a5fe-a0a907bfe6ea,2026-07-14T19:15:00Z,2026-07-14T21:15:00+0200,481.99777,MW,FR,FR,forecast_solar_generation,Solar,2026-08-05T07:10:17Z
2026-08-05T07:08:29Z,2026-08-05T09:08:29+0200,d671fb79-bd81-42f3-a5fe-a0a907bfe6ea,2026-07-14T19:30:00Z,2026-07-14T21:30:00+0200,158.09824,MW,FR,FR,forecast_solar_generation,Solar,2026-08-05T07:10:17Z
2026-08-05T07:08:29Z,2026-08-05T09:08:29+0200,d671fb79-bd81-42f3-a5fe-a0a907bfe6ea,2026-07-14T19:45:00Z,2026-07-14T21:45:00+0200,29.47408,MW,FR,FR,forecast_solar_generation,Solar,2026-08-05T07:10:17Z
2026-08-05T07:08:29Z,2026-08-05T09:08:29+0200,d671fb79-bd81-42f3-a5fe-a0a907bfe6ea,2026-07-14T20:00:00Z,2026-07-14T22:00:00+0200,1.98741,MW,FR,FR,forecast_solar_generation,Solar,2026-08-05T07:10:17Z
2026-08-05T07:08:29Z,2026-08-05T09:08:29+0200,d671fb79-bd81-42f3-a5fe-a0a907bfe6ea,2026-07-14T20:15:00Z,2026-07-14T22:15:00+0200,0.0,MW,FR,FR,forecast_solar_generation,Solar,2026-08-05T07:10:17Z
2026-08-05T07:08:29Z,2026-08-05T09:08:29+0200,d671fb79-bd81-42f3-a5fe-a0a907bfe6ea,2026-07-14T20:30:00Z,2026-07-14T22:30:00+0200,0.0,MW,FR,FR,forecast_solar_generation,Solar,2026-08-05T07:10:17Z
2026-08-05T07:08:29Z,2026-08-05T09:08:29+0200,d671fb79-bd81-42f3-a5fe-a0a907bfe6ea,2026-07-14T20:45:00Z,2026-07-14T22:45:00+0200,0.0,MW,FR,FR,forecast_solar_generation,Solar,2026-08-05T07:10:17Z
2026-08-05T07:08:29Z,2026-08-05T09:08:29+0200,d671fb79-bd81-42f3-a5fe-a0a907bfe6ea,2026-07-14T21:00:00Z,2026-07-14T23:00:00+0200,0.0,MW,FR,FR,forecast_solar_generation,Solar,2026-08-05T07:10:17Z
2026-08-05T07:08:29Z,2026-08-05T09:08:29+0200,d671fb79-bd81-42f3-a5fe-a0a907bfe6ea,2026-07-14T21:15:00Z,2026-07-14T23:15:00+0200,0.0,MW,FR,FR,forecast_solar_generation,Solar,2026-08-05T07:10:17Z
2026-08-05T07:08:29Z,2026-08-05T09:08:29+0200,d671fb79-bd81-42f3-a5fe-a0a907bfe6ea,2026-07-14T21:30:00Z,2026-07-14T23:30:00+0200,0.0,MW,FR,FR,forecast_solar_generation,Solar,2026-08-05T07:10:17Z
2026-08-05T07:08:29Z,2026-08-05T09:08:29+0200,d671fb79-bd81-42f3-a5fe-a0a907bfe6ea,2026-07-14T21:45:00Z,2026-07-14T23:45:00+0200,0.0,MW,FR,FR,forecast_solar_generation,Solar,2026-08-05T07:10:17Z
2026-08-05T07:08:29Z,2026-08-05T09:08:29+0200,d671fb79-bd81-42f3-a5fe-a0a907bfe6ea,2026-07-14T22:00:00Z,2026-07-15T00:00:00+0200,0.0,MW,FR,FR,forecast_solar_generation,Solar,2026-08-05T07:10:17Z
2026-08-05T07:08:29Z,2026-08-05T09:08:29+0200,d671fb79-bd81-42f3-a5fe-a0a907bfe6ea,2026-07-14T22:15:00Z,2026-07-15T00:15:00+0200,0.0,MW,FR,FR,forecast_solar_generation,Solar,2026-08-05T07:10:17Z
2026-08-05T07:08:29Z,2026-08-05T09:08:29+0200,d671fb79-bd81-42f3-a5fe-a0a907bfe6ea,2026-07-14T22:30:00Z,2026-07-15T00:30:00+0200,0.0,MW,FR,FR,forecast_solar_generation,Solar,2026-08-05T07:10:17Z
2026-08-05T07:08:29Z,2026-08-05T09:08:29+0200,d671fb79-bd81-42f3-a5fe-a0a907bfe6ea,2026-07-14T22:45:00Z,2026-07-15T00:45:00+0200,0.0,MW,FR,FR,forecast_solar_generation,Solar,2026-08-05T07:10:17Z
2026-08-05T07:08:29Z,2026-08-05T09:08:29+0200,d671fb79-bd81-42f3-a5fe-a0a907bfe6ea,2026-07-14T23:00:00Z,2026-07-15T01:00:00+0200,0.0,MW,FR,FR,forecast_solar_generation,Solar,2026-08-05T07:10:17Z
2026-08-05T07:08:29Z,2026-08-05T09:08:29+0200,d671fb79-bd81-42f3-a5fe-a0a907bfe6ea,2026-07-14T23:15:00Z,2026-07-15T01:15:00+0200,0.0,MW,FR,FR,forecast_solar_generation,Solar,2026-08-05T07:10:17Z
2026-08-05T07:08:29Z,2026-08-05T09:08:29+0200,d671fb79-bd81-42f3-a5fe-a0a907bfe6ea,2026-07-14T23:30:00Z,2026-07-15T01:30:00+0200,0.0,MW,FR,FR,forecast_solar_generation,Solar,2026-08-05T07:10:17Z
2026-08-05T07:08:29Z,2026-08-05T09:08:29+0200,d671fb79-bd81-42f3-a5fe-a0a907bfe6ea,2026-07-14T23:45:00Z,2026-07-15T01:45:00+0200,0.0,MW,FR,FR,forecast_solar_generation,Solar,2026-08-05T07:10:17Z
2026-08-05T07:08:29Z,2026-08-05T09:08:29+0200,d671fb79-bd81-42f3-a5fe-a0a907bfe6ea,2026-07-15T00:00:00Z,2026-07-15T02:00:00+0200,0.0,MW,FR,FR,forecast_solar_generation,Solar,2026-08-05T07:10:17Z
2026-08-05T07:08:29Z,2026-08-05T09:08:29+0200,d671fb79-bd81-42f3-a5fe-a0a907bfe6ea,2026-07-15T00:15:00Z,2026-07-15T02:15:00+0200,0.0,MW,FR,FR,forecast_solar_generation,Solar,2026-08-05T07:10:17Z
2026-08-05T07:08:29Z,2026-08-05T09:08:29+0200,d671fb79-bd81-42f3-a5fe-a0a907bfe6ea,2026-07-15T00:30:00Z,2026-07-15T02:30:00+0200,0.0,MW,FR,FR,forecast_solar_generation,Solar,2026-08-05T07:10:17Z
2026-08-05T07:08:29Z,2026-08-05T09:08:29+0200,d671fb79-bd81-42f3-a5fe-a0a907bfe6ea,2026-07-15T00:45:00Z,2026-07-15T02:45:00+0200,0.0,MW,FR,FR,forecast_solar_generation,Solar,2026-08-05T07:10:17Z
2026-08-05T07:08:29Z,2026-08-05T09:08:29+0200,d671fb79-bd81-42f3-a5fe-a0a907bfe6ea,2026-07-15T01:00:00Z,2026-07-15T03:00:00+0200,0.0,MW,FR,FR,forecast_solar_generation,Solar,2026-08-05T07:10:17Z
2026-08-05T07:08:29Z,2026-08-05T09:08:29+0200,d671fb79-bd81-42f3-a5fe-a0a907bfe6ea,2026-07-15T01:15:00Z,2026-07-15T03:15:00+0200,0.0,MW,FR,FR,forecast_solar_generation,Solar,2026-08-05T07:10:17Z
2026-08-05T07:08:29Z,2026-08-05T09:08:29+0200,d671fb79-bd81-42f3-a5fe-a0a907bfe6ea,2026-07-15T01:30:00Z,2026-07-15T03:30:00+0200,0.0,MW,FR,FR,forecast_solar_generation,Solar,2026-08-05T07:10:17Z
2026-08-05T07:08:29Z,2026-08-05T09:08:29+0200,d671fb79-bd81-42f3-a5fe-a0a907bfe6ea,2026-07-15T01:45:00Z,2026-07-15T03:45:00+0200,0.0,MW,FR,FR,forecast_solar_generation,Solar,2026-08-05T07:10:17Z
2026-08-05T07:08:29Z,2026-08-05T09:08:29+0200,d671fb79-bd81-42f3-a5fe-a0a907bfe6ea,2026-07-15T02:00:00Z,2026-07-15T04:00:00+0200,0.0,MW,FR,FR,forecast_solar_generation,Solar,2026-08-05T07:10:17Z
2026-08-05T07:08:29Z,2026-08-05T09:08:29+0200,d671fb79-bd81-42f3-a5fe-a0a907bfe6ea,2026-07-15T02:15:00Z,2026-07-15T04:15:00+0200,0.0,MW,FR,FR,forecast_solar_generation,Solar,2026-08-05T07:10:17Z
2026-08-05T07:08:29Z,2026-08-05T09:08:29+0200,d671fb79-bd81-42f3-a5fe-a0a907bfe6ea,2026-07-15T02:30:00Z,2026-07-15T04:30:00+0200,0.0,MW,FR,FR,forecast_solar_generation,Solar,2026-08-05T07:10:17Z
2026-08-05T07:08:29Z,2026-08-05T09:08:29+0200,d671fb79-bd81-42f3-a5fe-a0a907bfe6ea,2026-07-15T02:45:00Z,2026-07-15T04:45:00+0200,0.0,MW,FR,FR,forecast_solar_generation,Solar,2026-08-05T07:10:17Z
2026-08-05T07:08:29Z,2026-08-05T09:08:29+0200,d671fb79-bd81-42f3-a5fe-a0a907bfe6ea,2026-07-15T03:00:00Z,2026-07-15T05:00:00+0200,0.0,MW,FR,FR,forecast_solar_generation,Solar,2026-08-05T07:10:17Z
2026-08-05T07:08:29Z,2026-08-05T09:08:29+0200,d671fb79-bd81-42f3-a5fe-a0a907bfe6ea,2026-07-15T03:15:00Z,2026-07-15T05:15:00+0200,0.0,MW,FR,FR,forecast_solar_generation,Solar,2026-08-05T07:10:17Z
2026-08-05T07:08:29Z,2026-08-05T09:08:29+0200,d671fb79-bd81-42f3-a5fe-a0a907bfe6ea,2026-07-15T03:30:00Z,2026-07-15T05:30:00+0200,0.0,MW,FR,FR,forecast_solar_generation,Solar,2026-08-05T07:10:17Z
2026-08-05T07:08:29Z,2026-08-05T09:08:29+0200,d671fb79-bd81-42f3-a5fe-a0a907bfe6ea,2026-07-15T03:45:00Z,2026-07-15T05:45:00+0200,3.37428,MW,FR,FR,forecast_solar_generation,Solar,2026-08-05T07:10:17Z
2026-08-05T07:08:29Z,2026-08-05T09:08:29+0200,d671fb79-bd81-42f3-a5fe-a0a907bfe6ea,2026-07-15T04:00:00Z,2026-07-15T06:00:00+0200,27.52663,MW,FR,FR,forecast_solar_generation,Solar,2026-08-05T07:10:17Z
2026-08-05T07:08:29Z,2026-08-05T09:08:29+0200,d671fb79-bd81-42f3-a5fe-a0a907bfe6ea,2026-07-15T04:15:00Z,2026-07-15T06:15:00+0200,90.94422,MW,FR,FR,forecast_solar_generation,Solar,2026-08-05T07:10:17Z
2026-08-05T07:08:29Z,2026-08-05T09:08:29+0200,d671fb79-bd81-42f3-a5fe-a0a907bfe6ea,2026-07-15T04:30:00Z,2026-07-15T06:30:00+0200,179.75073,MW,FR,FR,forecast_solar_generation,Solar,2026-08-05T07:10:17Z
2026-08-05T07:08:29Z,2026-08-05T09:08:29+0200,d671fb79-bd81-42f3-a5fe-a0a907bfe6ea,2026-07-15T04:45:00Z,2026-07-15T06:45:00+0200,377.29108,MW,FR,FR,forecast_solar_generation,Solar,2026-08-05T07:10:17Z
2026-08-05T07:08:29Z,2026-08-05T09:08:29+0200,d671fb79-bd81-42f3-a5fe-a0a907bfe6ea,2026-07-15T05:00:00Z,2026-07-15T07:00:00+0200,680.58856,MW,FR,FR,forecast_solar_generation,Solar,2026-08-05T07:10:17Z
2026-08-05T07:08:29Z,2026-08-05T09:08:29+0200,d671fb79-bd81-42f3-a5fe-a0a907bfe6ea,2026-07-15T05:15:00Z,2026-07-15T07:15:00+0200,1039.98865,MW,FR,FR,forecast_solar_generation,Solar,2026-08-05T07:10:17Z
2026-08-05T07:08:29Z,2026-08-05T09:08:29+0200,d671fb79-bd81-42f3-a5fe-a0a907bfe6ea,2026-07-15T05:30:00Z,2026-07-15T07:30:00+0200,1465.16895,MW,FR,FR,forecast_solar_generation,Solar,2026-08-05T07:10:17Z
2026-08-05T07:08:29Z,2026-08-05T09:08:29+0200,d671fb79-bd81-42f3-a5fe-a0a907bfe6ea,2026-07-15T05:45:00Z,2026-07-15T07:45:00+0200,2115.40674,MW,FR,FR,forecast_solar_generation,Solar,2026-08-05T07:10:17Z
2026-08-05T07:08:29Z,2026-08-05T09:08:29+0200,d671fb79-bd81-42f3-a5fe-a0a907bfe6ea,2026-07-15T06:00:00Z,2026-07-15T08:00:00+0200,2835.20703,MW,FR,FR,forecast_solar_generation,Solar,2026-08-05T07:10:17Z
2026-08-05T07:08:29Z,2026-08-05T09:08:29+0200,d671fb79-bd81-42f3-a5fe-a0a907bfe6ea,2026-07-15T06:15:00Z,2026-07-15T08:15:00+0200,3694.92993,MW,FR,FR,forecast_solar_generation,Solar,2026-08-05T07:10:17Z
2026-08-05T07:08:29Z,2026-08-05T09:08:29+0200,d671fb79-bd81-42f3-a5fe-a0a907bfe6ea,2026-07-15T06:30:00Z,2026-07-15T08:30:00+0200,4497.07471,MW,FR,FR,forecast_solar_generation,Solar,2026-08-05T07:10:17Z
2026-08-05T07:08:29Z,2026-08-05T09:08:29+0200,d671fb79-bd81-42f3-a5fe-a0a907bfe6ea,2026-07-15T06:45:00Z,2026-07-15T08:45:00+0200,5496.54004,MW,FR,FR,forecast_solar_generation,Solar,2026-08-05T07:10:17Z
2026-08-05T07:08:29Z,2026-08-05T09:08:29+0200,d671fb79-bd81-42f3-a5fe-a0a907bfe6ea,2026-07-15T07:00:00Z,2026-07-15T09:00:00+0200,6309.13525,MW,FR,FR,forecast_solar_generation,Solar,2026-08-05T07:10:17Z
2026-08-05T07:08:29Z,2026-08-05T09:08:29+0200,d671fb79-bd81-42f3-a5fe-a0a907bfe6ea,2026-07-15T07:15:00Z,2026-07-15T09:15:00+0200,7358.41357,MW,FR,FR,forecast_solar_generation,Solar,2026-08-05T07:10:17Z
2026-08-05T07:08:29Z,2026-08-05T09:08:29+0200,d671fb79-bd81-42f3-a5fe-a0a907bfe6ea,2026-07-15T07:30:00Z,2026-07-15T09:30:00+0200,8196.58398,MW,FR,FR,forecast_solar_generation,Solar,2026-08-05T07:10:17Z
2026-08-05T07:08:29Z,2026-08-05T09:08:29+0200,d671fb79-bd81-42f3-a5fe-a0a907bfe6ea,2026-07-15T07:45:00Z,2026-07-15T09:45:00+0200,9137.24902,MW,FR,FR,forecast_solar_generation,Solar,2026-08-05T07:10:17Z
2026-08-05T07:08:29Z,2026-08-05T09:08:29+0200,d671fb79-bd81-42f3-a5fe-a0a907bfe6ea,2026-07-15T08:00:00Z,2026-07-15T10:00:00+0200,10019.9375,MW,FR,FR,forecast_solar_generation,Solar,2026-08-05T07:10:17Z
2026-08-05T07:08:29Z,2026-08-05T09:08:29+0200,d671fb79-bd81-42f3-a5fe-a0a907bfe6ea,2026-07-15T08:15:00Z,2026-07-15T10:15:00+0200,11132.11621,MW,FR,FR,forecast_solar_generation,Solar,2026-08-05T07:10:17Z
2026-08-05T07:08:29Z,2026-08-05T09:08:29+0200,d671fb79-bd81-42f3-a5fe-a0a907bfe6ea,2026-07-15T08:30:00Z,2026-07-15T10:30:00+0200,12006.28516,MW,FR,FR,forecast_solar_generation,Solar,2026-08-05T07:10:17Z
2026-08-05T07:08:29Z,2026-08-05T09:08:29+0200,d671fb79-bd81-42f3-a5fe-a0a907bfe6ea,2026-07-15T08:45:00Z,2026-07-15T10:45:00+0200,12805.53223,MW,FR,FR,forecast_solar_generation,Solar,2026-08-05T07:10:17Z
2026-08-05T07:08:29Z,2026-08-05T09:08:29+0200,d671fb79-bd81-42f3-a5fe-a0a907bfe6ea,2026-07-15T09:00:00Z,2026-07-15T11:00:00+0200,13518.24219,MW,FR,FR,forecast_solar_generation,Solar,2026-08-05T07:10:17Z
2026-08-05T07:08:29Z,2026-08-05T09:08:29+0200,d671fb79-bd81-42f3-a5fe-a0a907bfe6ea,2026-07-15T09:15:00Z,2026-07-15T11:15:00+0200,14321.44434,MW,FR,FR,forecast_solar_generation,Solar,2026-08-05T07:10:17Z
2026-08-05T07:08:29Z,2026-08-05T09:08:29+0200,d671fb79-bd81-42f3-a5fe-a0a907bfe6ea,2026-07-15T09:30:00Z,2026-07-15T11:30:00+0200,15003.50098,MW,FR,FR,forecast_solar_generation,Solar,2026-08-05T07:10:17Z
2026-08-05T07:08:29Z,2026-08-05T09:08:29+0200,d671fb79-bd81-42f3-a5fe-a0a907bfe6ea,2026-07-15T09:45:00Z,2026-07-15T11:45:00+0200,15592.05762,MW,FR,FR,forecast_solar_generation,Solar,2026-08-05T07:10:17Z
2026-08-05T07:08:29Z,2026-08-05T09:08:29+0200,d671fb79-bd81-42f3-a5fe-a0a907bfe6ea,2026-07-15T10:00:00Z,2026-07-15T12:00:00+0200,16244.19238,MW,FR,FR,forecast_solar_generation,Solar,2026-08-05T07:10:17Z
2026-08-05T07:08:29Z,2026-08-05T09:08:29+0200,d671fb79-bd81-42f3-a5fe-a0a907bfe6ea,2026-07-15T10:15:00Z,2026-07-15T12:15:00+0200,16816.54102,MW,FR,FR,forecast_solar_generation,Solar,2026-08-05T07:10:17Z
2026-08-05T07:08:29Z,2026-08-05T09:08:29+0200,d671fb79-bd81-42f3-a5fe-a0a907bfe6ea,2026-07-15T10:30:00Z,2026-07-15T12:30:00+0200,17333.92773,MW,FR,FR,forecast_solar_generation,Solar,2026-08-05T07:10:17Z
2026-08-05T07:08:29Z,2026-08-05T09:08:29+0200,d671fb79-bd81-42f3-a5fe-a0a907bfe6ea,2026-07-15T10:45:00Z,2026-07-15T12:45:00+0200,17620.85938,MW,FR,FR,forecast_solar_generation,Solar,2026-08-05T07:10:17Z
2026-08-05T07:08:29Z,2026-08-05T09:08:29+0200,d671fb79-bd81-42f3-a5fe-a0a907bfe6ea,2026-07-15T11:00:00Z,2026-07-15T13:00:00+0200,18022.16406,MW,FR,FR,forecast_solar_generation,Solar,2026-08-05T07:10:17Z
2026-08-05T07:08:29Z,2026-08-05T09:08:29+0200,d671fb79-bd81-42f3-a5fe-a0a907bfe6ea,2026-07-15T11:15:00Z,2026-07-15T13:15:00+0200,18345.47266,MW,FR,FR,forecast_solar_generation,Solar,2026-08-05T07:10:17Z
2026-08-05T07:08:29Z,2026-08-05T09:08:29+0200,d671fb79-bd81-42f3-a5fe-a0a907bfe6ea,2026-07-15T11:30:00Z,2026-07-15T13:30:00+0200,18638.78125,MW,FR,FR,forecast_solar_generation,Solar,2026-08-05T07:10:17Z
2026-08-05T07:08:29Z,2026-08-05T09:08:29+0200,d671fb79-bd81-42f3-a5fe-a0a907bfe6ea,2026-07-15T11:45:00Z,2026-07-15T13:45:00+0200,18657.38672,MW,FR,FR,forecast_solar_generation,Solar,2026-08-05T07:10:17Z
2026-08-05T07:08:29Z,2026-08-05T09:08:29+0200,d671fb79-bd81-42f3-a5fe-a0a907bfe6ea,2026-07-15T12:00:00Z,2026-07-15T14:00:00+0200,18600.10742,MW,FR,FR,forecast_solar_generation,Solar,2026-08-05T07:10:17Z
2026-08-05T07:08:29Z,2026-08-05T09:08:29+0200,d671fb79-bd81-42f3-a5fe-a0a907bfe6ea,2026-07-15T12:15:00Z,2026-07-15T14:15:00+0200,18535.47852,MW,FR,FR,forecast_solar_generation,Solar,2026-08-05T07:10:17Z
2026-08-05T07:08:29Z,2026-08-05T09:08:29+0200,d671fb79-bd81-42f3-a5fe-a0a907bfe6ea,2026-07-15T12:30:00Z,2026-07-15T14:30:00+0200,18409.10156,MW,FR,FR,forecast_solar_generation,Solar,2026-08-05T07:10:17Z
2026-08-05T07:08:29Z,2026-08-05T09:08:29+0200,d671fb79-bd81-42f3-a5fe-a0a907bfe6ea,2026-07-15T12:45:00Z,2026-07-15T14:45:00+0200,18161.24414,MW,FR,FR,forecast_solar_generation,Solar,2026-08-05T07:10:17Z
2026-08-05T07:08:29Z,2026-08-05T09:08:29+0200,d671fb79-bd81-42f3-a5fe-a0a907bfe6ea,2026-07-15T13:00:00Z,2026-07-15T15:00:00+0200,17823.74609,MW,FR,FR,forecast_solar_generation,Solar,2026-08-05T07:10:17Z
2026-08-05T07:08:29Z,2026-08-05T09:08:29+0200,d671fb79-bd81-42f3-a5fe-a0a907bfe6ea,2026-07-15T13:15:00Z,2026-07-15T15:15:00+0200,17406.56445,MW,FR,FR,forecast_solar_generation,Solar,2026-08-05T07:10:17Z
2026-08-05T07:08:29Z,2026-08-05T09:08:29+0200,d671fb79-bd81-42f3-a5fe-a0a907bfe6ea,2026-07-15T13:30:00Z,2026-07-15T15:30:00+0200,17061.44531,MW,FR,FR,forecast_solar_generation,Solar,2026-08-05T07:10:17Z
2026-08-05T07:08:29Z,2026-08-05T09:08:29+0200,d671fb79-bd81-42f3-a5fe-a0a907bfe6ea,2026-07-15T13:45:00Z,2026-07-15T15:45:00+0200,16615.95117,MW,FR,FR,forecast_solar_generation,Solar,2026-08-05T07:10:17Z
2026-08-05T07:08:29Z,2026-08-05T09:08:29+0200,d671fb79-bd81-42f3-a5fe-a0a907bfe6ea,2026-07-15T14:00:00Z,2026-07-15T16:00:00+0200,16171.4502,MW,FR,FR,forecast_solar_generation,Solar,2026-08-05T07:10:17Z
2026-08-05T07:08:29Z,2026-08-05T09:08:29+0200,d671fb79-bd81-42f3-a5fe-a0a907bfe6ea,2026-07-15T14:15:00Z,2026-07-15T16:15:00+0200,15681.30078,MW,FR,FR,forecast_solar_generation,Solar,2026-08-05T07:10:17Z
2026-08-05T07:08:29Z,2026-08-05T09:08:29+0200,d671fb79-bd81-42f3-a5fe-a0a907bfe6ea,2026-07-15T14:30:00Z,2026-07-15T16:30:00+0200,15176.20703,MW,FR,FR,forecast_solar_generation,Solar,2026-08-05T07:10:17Z
2026-08-05T07:08:29Z,2026-08-05T09:08:29+0200,d671fb79-bd81-42f3-a5fe-a0a907bfe6ea,2026-07-15T14:45:00Z,2026-07-15T16:45:00+0200,14533.55957,MW,FR,FR,forecast_solar_generation,Solar,2026-08-05T07:10:17Z
2026-08-05T07:08:29Z,2026-08-05T09:08:29+0200,d671fb79-bd81-42f3-a5fe-a0a907bfe6ea,2026-07-15T15:00:00Z,2026-07-15T17:00:00+0200,13885.68262,MW,FR,FR,forecast_solar_generation,Solar,2026-08-05T07:10:17Z
2026-08-05T07:08:29Z,2026-08-05T09:08:29+0200,d671fb79-bd81-42f3-a5fe-a0a907bfe6ea,2026-07-15T15:15:00Z,2026-07-15T17:15:00+0200,13105.26172,MW,FR,FR,forecast_solar_generation,Solar,2026-08-05T07:10:17Z
2026-08-05T07:08:29Z,2026-08-05T09:08:29+0200,d671fb79-bd81-42f3-a5fe-a0a907bfe6ea,2026-07-15T15:30:00Z,2026-07-15T17:30:00+0200,12368.14746,MW,FR,FR,forecast_solar_generation,Solar,2026-08-05T07:10:17Z
2026-08-05T07:08:29Z,2026-08-05T09:08:29+0200,d671fb79-bd81-42f3-a5fe-a0a907bfe6ea,2026-07-15T15:45:00Z,2026-07-15T17:45:00+0200,11585.43066,MW,FR,FR,forecast_solar_generation,Solar,2026-08-05T07:10:17Z
2026-08-05T07:08:29Z,2026-08-05T09:08:29+0200,d671fb79-bd81-42f3-a5fe-a0a907bfe6ea,2026-07-15T16:00:00Z,2026-07-15T18:00:00+0200,10716.34961,MW,FR,FR,forecast_solar_generation,Solar,2026-08-05T07:10:17Z
2026-08-05T07:08:29Z,2026-08-05T09:08:29+0200,d671fb79-bd81-42f3-a5fe-a0a907bfe6ea,2026-07-15T16:15:00Z,2026-07-15T18:15:00+0200,9708.46094,MW,FR,FR,forecast_solar_generation,Solar,2026-08-05T07:10:17Z
2026-08-05T07:08:29Z,2026-08-05T09:08:29+0200,d671fb79-bd81-42f3-a5fe-a0a907bfe6ea,2026-07-15T16:30:00Z,2026-07-15T18:30:00+0200,8797.08594,MW,FR,FR,forecast_solar_generation,Solar,2026-08-05T07:10:17Z
2026-08-05T07:08:29Z,2026-08-05T09:08:29+0200,d671fb79-bd81-42f3-a5fe-a0a907bfe6ea,2026-07-15T16:45:00Z,2026-07-15T18:45:00+0200,7936.33936,MW,FR,FR,forecast_solar_generation,Solar,2026-08-05T07:10:17Z
2026-08-05T07:08:29Z,2026-08-05T09:08:29+0200,d671fb79-bd81-42f3-a5fe-a0a907bfe6ea,2026-07-15T17:00:00Z,2026-07-15T19:00:00+0200,6866.78955,MW,FR,FR,forecast_solar_generation,Solar,2026-08-05T07:10:17Z
2026-08-05T07:08:29Z,2026-08-05T09:08:29+0200,d671fb79-bd81-42f3-a5fe-a0a907bfe6ea,2026-07-15T17:15:00Z,2026-07-15T19:15:00+0200,5951.62061,MW,FR,FR,forecast_solar_generation,Solar,2026-08-05T07:10:17Z
2026-08-05T07:08:29Z,2026-08-05T09:08:29+0200,d671fb79-bd81-42f3-a5fe-a0a907bfe6ea,2026-07-15T17:30:00Z,2026-07-15T19:30:00+0200,4903.99463,MW,FR,FR,forecast_solar_generation,Solar,2026-08-05T07:10:17Z
2026-08-05T07:08:29Z,2026-08-05T09:08:29+0200,d671fb79-bd81-42f3-a5fe-a0a907bfe6ea,2026-07-15T17:45:00Z,2026-07-15T19:45:00+0200,4115.99512,MW,FR,FR,forecast_solar_generation,Solar,2026-08-05T07:10:17Z
2026-08-05T07:08:29Z,2026-08-05T09:08:29+0200,d671fb79-bd81-42f3-a5fe-a0a907bfe6ea,2026-07-15T18:00:00Z,2026-07-15T20:00:00+0200,3180.70483,MW,FR,FR,forecast_solar_generation,Solar,2026-08-05T07:10:17Z
2026-08-05T07:08:29Z,2026-08-05T09:08:29+0200,d671fb79-bd81-42f3-a5fe-a0a907bfe6ea,2026-07-15T18:15:00Z,2026-07-15T20:15:00+0200,2446.13208,MW,FR,FR,forecast_solar_generation,Solar,2026-08-05T07:10:17Z
2026-08-05T07:08:29Z,2026-08-05T09:08:29+0200,d671fb79-bd81-42f3-a5fe-a0a907bfe6ea,2026-07-15T18:30:00Z,2026-07-15T20:30:00+0200,1779.99316,MW,FR,FR,forecast_solar_generation,Solar,2026-08-05T07:10:17Z
2026-08-05T07:08:29Z,2026-08-05T09:08:29+0200,d671fb79-bd81-42f3-a5fe-a0a907bfe6ea,2026-07-15T18:45:00Z,2026-07-15T20:45:00+0200,1295.12622,MW,FR,FR,forecast_solar_generation,Solar,2026-08-05T07:10:17Z
2026-08-05T07:08:29Z,2026-08-05T09:08:29+0200,d671fb79-bd81-42f3-a5fe-a0a907bfe6ea,2026-07-15T19:00:00Z,2026-07-15T21:00:00+0200,863.14929,MW,FR,FR,forecast_solar_generation,Solar,2026-08-05T07:10:17Z
2026-08-05T07:08:29Z,2026-08-05T09:08:29+0200,d671fb79-bd81-42f3-a5fe-a0a907bfe6ea,2026-07-15T19:15:00Z,2026-07-15T21:15:00+0200,456.45172,MW,FR,FR,forecast_solar_generation,Solar,2026-08-05T07:10:17Z
2026-08-05T07:08:29Z,2026-08-05T09:08:29+0200,d671fb79-bd81-42f3-a5fe-a0a907bfe6ea,2026-07-15T19:30:00Z,2026-07-15T21:30:00+0200,167.20807,MW,FR,FR,forecast_solar_generation,Solar,2026-08-05T07:10:17Z
2026-08-05T07:08:29Z,2026-08-05T09:08:29+0200,d671fb79-bd81-42f3-a5fe-a0a907bfe6ea,2026-07-15T19:45:00Z,2026-07-15T21:45:00+0200,33.74937,MW,FR,FR,forecast_solar_generation,Solar,2026-08-05T07:10:17Z
2026-08-05T07:08:29Z,2026-08-05T09:08:29+0200,d671fb79-bd81-42f3-a5fe-a0a907bfe6ea,2026-07-15T20:00:00Z,2026-07-15T22:00:00+0200,2.92041,MW,FR,FR,forecast_solar_generation,Solar,2026-08-05T07:10:17Z
2026-08-05T07:08:29Z,2026-08-05T09:08:29+0200,d671fb79-bd81-42f3-a5fe-a0a907bfe6ea,2026-07-15T20:15:00Z,2026-07-15T22:15:00+0200,0.0,MW,FR,FR,forecast_solar_generation,Solar,2026-08-05T07:10:17Z
2026-08-05T07:08:29Z,2026-08-05T09:08:29+0200,d671fb79-bd81-42f3-a5fe-a0a907bfe6ea,2026-07-15T20:30:00Z,2026-07-15T22:30:00+0200,0.0,MW,FR,FR,forecast_solar_generation,Solar,2026-08-05T07:10:17Z
2026-08-05T07:08:29Z,2026-08-05T09:08:29+0200,d671fb79-bd81-42f3-a5fe-a0a907bfe6ea,2026-07-15T20:45:00Z,2026-07-15T22:45:00+0200,0.0,MW,FR,FR,forecast_solar_generation,Solar,2026-08-05T07:10:17Z
2026-08-05T07:08:29Z,2026-08-05T09:08:29+0200,d671fb79-bd81-42f3-a5fe-a0a907bfe6ea,2026-07-15T21:00:00Z,2026-07-15T23:00:00+0200,0.0,MW,FR,FR,forecast_solar_generation,Solar,2026-08-05T07:10:17Z
2026-08-05T07:08:29Z,2026-08-05T09:08:29+0200,d671fb79-bd81-42f3-a5fe-a0a907bfe6ea,2026-07-15T21:15:00Z,2026-07-15T23:15:00+0200,0.0,MW,FR,FR,forecast_solar_generation,Solar,2026-08-05T07:10:17Z
2026-08-05T07:08:29Z,2026-08-05T09:08:29+0200,d671fb79-bd81-42f3-a5fe-a0a907bfe6ea,2026-07-15T21:30:00Z,2026-07-15T23:30:00+0200,0.0,MW,FR,FR,forecast_solar_generation,Solar,2026-08-05T07:10:17Z
2026-08-05T07:08:29Z,2026-08-05T09:08:29+0200,d671fb79-bd81-42f3-a5fe-a0a907bfe6ea,2026-07-15T21:45:00Z,2026-07-15T23:45:00+0200,0.0,MW,FR,FR,forecast_solar_generation,Solar,2026-08-05T07:10:17Z
2026-08-05T07:08:29Z,2026-08-05T09:08:29+0200,d671fb79-bd81-42f3-a5fe-a0a907bfe6ea,2026-07-15T22:00:00Z,2026-07-16T00:00:00+0200,0.0,MW,FR,FR,forecast_solar_generation,Solar,2026-08-05T07:10:17Z
2026-08-05T07:08:29Z,2026-08-05T09:08:29+0200,d671fb79-bd81-42f3-a5fe-a0a907bfe6ea,2026-07-15T22:15:00Z,2026-07-16T00:15:00+0200,0.0,MW,FR,FR,forecast_solar_generation,Solar,2026-08-05T07:10:17Z
2026-08-05T07:08:29Z,2026-08-05T09:08:29+0200,d671fb79-bd81-42f3-a5fe-a0a907bfe6ea,2026-07-15T22:30:00Z,2026-07-16T00:30:00+0200,0.0,MW,FR,FR,forecast_solar_generation,Solar,2026-08-05T07:10:17Z
2026-08-05T07:08:29Z,2026-08-05T09:08:29+0200,d671fb79-bd81-42f3-a5fe-a0a907bfe6ea,2026-07-15T22:45:00Z,2026-07-16T00:45:00+0200,0.0,MW,FR,FR,forecast_solar_generation,Solar,2026-08-05T07:10:17Z
2026-08-05T07:08:29Z,2026-08-05T09:08:29+0200,d671fb79-bd81-42f3-a5fe-a0a907bfe6ea,2026-07-15T23:00:00Z,2026-07-16T01:00:00+0200,0.0,MW,FR,FR,forecast_solar_generation,Solar,2026-08-05T07:10:17Z
2026-08-05T07:08:29Z,2026-08-05T09:08:29+0200,d671fb79-bd81-42f3-a5fe-a0a907bfe6ea,2026-07-15T23:15:00Z,2026-07-16T01:15:00+0200,0.0,MW,FR,FR,forecast_solar_generation,Solar,2026-08-05T07:10:17Z
2026-08-05T07:08:29Z,2026-08-05T09:08:29+0200,d671fb79-bd81-42f3-a5fe-a0a907bfe6ea,2026-07-15T23:30:00Z,2026-07-16T01:30:00+0200,0.0,MW,FR,FR,forecast_solar_generation,Solar,2026-08-05T07:10:17Z
2026-08-05T07:08:29Z,2026-08-05T09:08:29+0200,d671fb79-bd81-42f3-a5fe-a0a907bfe6ea,2026-07-15T23:45:00Z,2026-07-16T01:45:00+0200,0.0,MW,FR,FR,forecast_solar_generation,Solar,2026-08-05T07:10:17Z
2026-08-05T07:08:29Z,2026-08-05T09:08:29+0200,d671fb79-bd81-42f3-a5fe-a0a907bfe6ea,2026-07-16T00:00:00Z,2026-07-16T02:00:00+0200,0.0,MW,FR,FR,forecast_solar_generation,Solar,2026-08-05T07:10:17Z
2026-08-05T07:08:29Z,2026-08-05T09:08:29+0200,d671fb79-bd81-42f3-a5fe-a0a907bfe6ea,2026-07-16T00:15:00Z,2026-07-16T02:15:00+0200,0.0,MW,FR,FR,forecast_solar_generation,Solar,2026-08-05T07:10:17Z
2026-08-05T07:08:29Z,2026-08-05T09:08:29+0200,d671fb79-bd81-42f3-a5fe-a0a907bfe6ea,2026-07-16T00:30:00Z,2026-07-16T02:30:00+0200,0.0,MW,FR,FR,forecast_solar_generation,Solar,2026-08-05T07:10:17Z
2026-08-05T07:08:29Z,2026-08-05T09:08:29+0200,d671fb79-bd81-42f3-a5fe-a0a907bfe6ea,2026-07-16T00:45:00Z,2026-07-16T02:45:00+0200,0.0,MW,FR,FR,forecast_solar_generation,Solar,2026-08-05T07:10:17Z
2026-08-05T07:08:29Z,2026-08-05T09:08:29+0200,d671fb79-bd81-42f3-a5fe-a0a907bfe6ea,2026-07-16T01:00:00Z,2026-07-16T03:00:00+0200,0.0,MW,FR,FR,forecast_solar_generation,Solar,2026-08-05T07:10:17Z
2026-08-05T07:08:29Z,2026-08-05T09:08:29+0200,d671fb79-bd81-42f3-a5fe-a0a907bfe6ea,2026-07-16T01:15:00Z,2026-07-16T03:15:00+0200,0.0,MW,FR,FR,forecast_solar_generation,Solar,2026-08-05T07:10:17Z
2026-08-05T07:08:29Z,2026-08-05T09:08:29+0200,d671fb79-bd81-42f3-a5fe-a0a907bfe6ea,2026-07-16T01:30:00Z,2026-07-16T03:30:00+0200,0.0,MW,FR,FR,forecast_solar_generation,Solar,2026-08-05T07:10:17Z
2026-08-05T07:08:29Z,2026-08-05T09:08:29+0200,d671fb79-bd81-42f3-a5fe-a0a907bfe6ea,2026-07-16T01:45:00Z,2026-07-16T03:45:00+0200,0.0,MW,FR,FR,forecast_solar_generation,Solar,2026-08-05T07:10:17Z
2026-08-05T07:08:29Z,2026-08-05T09:08:29+0200,d671fb79-bd81-42f3-a5fe-a0a907bfe6ea,2026-07-16T02:00:00Z,2026-07-16T04:00:00+0200,0.0,MW,FR,FR,forecast_solar_generation,Solar,2026-08-05T07:10:17Z
2026-08-05T07:08:29Z,2026-08-05T09:08:29+0200,d671fb79-bd81-42f3-a5fe-a0a907bfe6ea,2026-07-16T02:15:00Z,2026-07-16T04:15:00+0200,0.0,MW,FR,FR,forecast_solar_generation,Solar,2026-08-05T07:10:17Z
2026-08-05T07:08:29Z,2026-08-05T09:08:29+0200,d671fb79-bd81-42f3-a5fe-a0a907bfe6ea,2026-07-16T02:30:00Z,2026-07-16T04:30:00+0200,0.0,MW,FR,FR,forecast_solar_generation,Solar,2026-08-05T07:10:17Z
2026-08-05T07:08:29Z,2026-08-05T09:08:29+0200,d671fb79-bd81-42f3-a5fe-a0a907bfe6ea,2026-07-16T02:45:00Z,2026-07-16T04:45:00+0200,0.0,MW,FR,FR,forecast_solar_generation,Solar,2026-08-05T07:10:17Z
2026-08-05T07:08:29Z,2026-08-05T09:08:29+0200,d671fb79-bd81-42f3-a5fe-a0a907bfe6ea,2026-07-16T03:00:00Z,2026-07-16T05:00:00+0200,0.0,MW,FR,FR,forecast_solar_generation,Solar,2026-08-05T07:10:17Z
2026-08-05T07:08:29Z,2026-08-05T09:08:29+0200,d671fb79-bd81-42f3-a5fe-a0a907bfe6ea,2026-07-16T03:15:00Z,2026-07-16T05:15:00+0200,0.0,MW,FR,FR,forecast_solar_generation,Solar,2026-08-05T07:10:17Z
2026-08-05T07:08:29Z,2026-08-05T09:08:29+0200,d671fb79-bd81-42f3-a5fe-a0a907bfe6ea,2026-07-16T03:30:00Z,2026-07-16T05:30:00+0200,0.0,MW,FR,FR,forecast_solar_generation,Solar,2026-08-05T07:10:17Z
2026-08-05T07:08:29Z,2026-08-05T09:08:29+0200,d671fb79-bd81-42f3-a5fe-a0a907bfe6ea,2026-07-16T03:45:00Z,2026-07-16T05:45:00+0200,2.54029,MW,FR,FR,forecast_solar_generation,Solar,2026-08-05T07:10:17Z
2026-08-05T07:08:29Z,2026-08-05T09:08:29+0200,d671fb79-bd81-42f3-a5fe-a0a907bfe6ea,2026-07-16T04:00:00Z,2026-07-16T06:00:00+0200,24.88013,MW,FR,FR,forecast_solar_generation,Solar,2026-08-05T07:10:17Z
2026-08-05T07:08:29Z,2026-08-05T09:08:29+0200,d671fb79-bd81-42f3-a5fe-a0a907bfe6ea,2026-07-16T04:15:00Z,2026-07-16T06:15:00+0200,87.1625,MW,FR,FR,forecast_solar_generation,Solar,2026-08-05T07:10:17Z
2026-08-05T07:08:29Z,2026-08-05T09:08:29+0200,d671fb79-bd81-42f3-a5fe-a0a907bfe6ea,2026-07-16T04:30:00Z,2026-07-16T06:30:00+0200,177.7989,MW,FR,FR,forecast_solar_generation,Solar,2026-08-05T07:10:17Z
2026-08-05T07:08:29Z,2026-08-05T09:08:29+0200,d671fb79-bd81-42f3-a5fe-a0a907bfe6ea,2026-07-16T04:45:00Z,2026-07-16T06:45:00+0200,405.10101,MW,FR,FR,forecast_solar_generation,Solar,2026-08-05T07:10:17Z
2026-08-05T07:08:29Z,2026-08-05T09:08:29+0200,d671fb79-bd81-42f3-a5fe-a0a907bfe6ea,2026-07-16T05:00:00Z,2026-07-16T07:00:00+0200,746.9668,MW,FR,FR,forecast_solar_generation,Solar,2026-08-05T07:10:17Z
2026-08-05T07:08:29Z,2026-08-05T09:08:29+0200,d671fb79-bd81-42f3-a5fe-a0a907bfe6ea,2026-07-16T05:15:00Z,2026-07-16T07:15:00+0200,1128.38037,MW,FR,FR,forecast_solar_generation,Solar,2026-08-05T07:10:17Z
2026-08-05T07:08:29Z,2026-08-05T09:08:29+0200,d671fb79-bd81-42f3-a5fe-a0a907bfe6ea,2026-07-16T05:30:00Z,2026-07-16T07:30:00+0200,1586.27197,MW,FR,FR,forecast_solar_generation,Solar,2026-08-05T07:10:17Z
2026-08-05T07:08:29Z,2026-08-05T09:08:29+0200,d671fb79-bd81-42f3-a5fe-a0a907bfe6ea,2026-07-16T05:45:00Z,2026-07-16T07:45:00+0200,2302.44849,MW,FR,FR,forecast_solar_generation,Solar,2026-08-05T07:10:17Z
2026-08-05T07:08:29Z,2026-08-05T09:08:29+0200,d671fb79-bd81-42f3-a5fe-a0a907bfe6ea,2026-07-16T06:00:00Z,2026-07-16T08:00:00+0200,3106.39673,MW,FR,FR,forecast_solar_generation,Solar,2026-08-05T07:10:17Z
2026-08-05T07:08:29Z,2026-08-05T09:08:29+0200,d671fb79-bd81-42f3-a5fe-a0a907bfe6ea,2026-07-16T06:15:00Z,2026-07-16T08:15:00+0200,4071.54883,MW,FR,FR,forecast_solar_generation,Solar,2026-08-05T07:10:17Z
2026-08-05T07:08:29Z,2026-08-05T09:08:29+0200,d671fb79-bd81-42f3-a5fe-a0a907bfe6ea,2026-07-16T06:30:00Z,2026-07-16T08:30:00+0200,4967.48047,MW,FR,FR,forecast_solar_generation,Solar,2026-08-05T07:10:17Z
2026-08-05T07:08:29Z,2026-08-05T09:08:29+0200,d671fb79-bd81-42f3-a5fe-a0a907bfe6ea,2026-07-16T06:45:00Z,2026-07-16T08:45:00+0200,6124.29492,MW,FR,FR,forecast_solar_generation,Solar,2026-08-05T07:10:17Z
2026-08-05T07:08:29Z,2026-08-05T09:08:29+0200,d671fb79-bd81-42f3-a5fe-a0a907bfe6ea,2026-07-16T07:00:00Z,2026-07-16T09:00:00+0200,7064.5166,MW,FR,FR,forecast_solar_generation,Solar,2026-08-05T07:10:17Z
2026-08-05T07:08:29Z,2026-08-05T09:08:29+0200,d671fb79-bd81-42f3-a5fe-a0a907bfe6ea,2026-07-16T07:15:00Z,2026-07-16T09:15:00+0200,8206.08984,MW,FR,FR,forecast_solar_generation,Solar,2026-08-05T07:10:17Z
2026-08-05T07:08:29Z,2026-08-05T09:08:29+0200,d671fb79-bd81-42f3-a5fe-a0a907bfe6ea,2026-07-16T07:30:00Z,2026-07-16T09:30:00+0200,9179.0293,MW,FR,FR,forecast_solar_generation,Solar,2026-08-05T07:10:17Z
2026-08-05T07:08:29Z,2026-08-05T09:08:29+0200,d671fb79-bd81-42f3-a5fe-a0a907bfe6ea,2026-07-16T07:45:00Z,2026-07-16T09:45:00+0200,10176.15234,MW,FR,FR,forecast_solar_generation,Solar,2026-08-05T07:10:17Z
2026-08-05T07:08:29Z,2026-08-05T09:08:29+0200,d671fb79-bd81-42f3-a5fe-a0a907bfe6ea,2026-07-16T08:00:00Z,2026-07-16T10:00:00+0200,11094.94727,MW,FR,FR,forecast_solar_generation,Solar,2026-08-05T07:10:17Z
2026-08-05T07:08:29Z,2026-08-05T09:08:29+0200,d671fb79-bd81-42f3-a5fe-a0a907bfe6ea,2026-07-16T08:15:00Z,2026-07-16T10:15:00+0200,12192.6543,MW,FR,FR,forecast_solar_generation,Solar,2026-08-05T07:10:17Z
2026-08-05T07:08:29Z,2026-08-05T09:08:29+0200,d671fb79-bd81-42f3-a5fe-a0a907bfe6ea,2026-07-16T08:30:00Z,2026-07-16T10:30:00+0200,13060.04199,MW,FR,FR,forecast_solar_generation,Solar,2026-08-05T07:10:17Z
2026-08-05T07:08:29Z,2026-08-05T09:08:29+0200,d671fb79-bd81-42f3-a5fe-a0a907bfe6ea,2026-07-16T08:45:00Z,2026-07-16T10:45:00+0200,13716.94824,MW,FR,FR,forecast_solar_generation,Solar,2026-08-05T07:10:17Z
2026-08-05T07:08:29Z,2026-08-05T09:08:29+0200,d671fb79-bd81-42f3-a5fe-a0a907bfe6ea,2026-07-16T09:00:00Z,2026-07-16T11:00:00+0200,14289.60742,MW,FR,FR,forecast_solar_generation,Solar,2026-08-05T07:10:17Z
2026-08-05T07:08:29Z,2026-08-05T09:08:29+0200,d671fb79-bd81-42f3-a5fe-a0a907bfe6ea,2026-07-16T09:15:00Z,2026-07-16T11:15:00+0200,14876.95801,MW,FR,FR,forecast_solar_generation,Solar,2026-08-05T07:10:17Z
2026-08-05T07:08:29Z,2026-08-05T09:08:29+0200,d671fb79-bd81-42f3-a5fe-a0a907bfe6ea,2026-07-16T09:30:00Z,2026-07-16T11:30:00+0200,15408.43555,MW,FR,FR,forecast_solar_generation,Solar,2026-08-05T07:10:17Z
2026-08-05T07:08:29Z,2026-08-05T09:08:29+0200,d671fb79-bd81-42f3-a5fe-a0a907bfe6ea,2026-07-16T09:45:00Z,2026-07-16T11:45:00+0200,15672.70801,MW,FR,FR,forecast_solar_generation,Solar,2026-08-05T07:10:17Z
2026-08-05T07:08:29Z,2026-08-05T09:08:29+0200,d671fb79-bd81-42f3-a5fe-a0a907bfe6ea,2026-07-16T10:00:00Z,2026-07-16T12:00:00+0200,15987.28711,MW,FR,FR,forecast_solar_generation,Solar,2026-08-05T07:10:17Z
2026-08-05T07:08:29Z,2026-08-05T09:08:29+0200,d671fb79-bd81-42f3-a5fe-a0a907bfe6ea,2026-07-16T10:15:00Z,2026-07-16T12:15:00+0200,16210.9541,MW,FR,FR,forecast_solar_generation,Solar,2026-08-05T07:10:17Z
2026-08-05T07:08:29Z,2026-08-05T09:08:29+0200,d671fb79-bd81-42f3-a5fe-a0a907bfe6ea,2026-07-16T10:30:00Z,2026-07-16T12:30:00+0200,16460.23438,MW,FR,FR,forecast_solar_generation,Solar,2026-08-05T07:10:17Z
2026-08-05T07:08:29Z,2026-08-05T09:08:29+0200,d671fb79-bd81-42f3-a5fe-a0a907bfe6ea,2026-07-16T10:45:00Z,2026-07-16T12:45:00+0200,16413.05859,MW,FR,FR,forecast_solar_generation,Solar,2026-08-05T07:10:17Z
2026-08-05T07:08:29Z,2026-08-05T09:08:29+0200,d671fb79-bd81-42f3-a5fe-a0a907bfe6ea,2026-07-16T11:00:00Z,2026-07-16T13:00:00+0200,16476.62305,MW,FR,FR,forecast_solar_generation,Solar,2026-08-05T07:10:17Z
2026-08-05T07:08:29Z,2026-08-05T09:08:29+0200,d671fb79-bd81-42f3-a5fe-a0a907bfe6ea,2026-07-16T11:15:00Z,2026-07-16T13:15:00+0200,16571.72656,MW,FR,FR,forecast_solar_generation,Solar,2026-08-05T07:10:17Z
2026-08-05T07:08:29Z,2026-08-05T09:08:29+0200,d671fb79-bd81-42f3-a5fe-a0a907bfe6ea,2026-07-16T11:30:00Z,2026-07-16T13:30:00+0200,16674.9375,MW,FR,FR,forecast_solar_generation,Solar,2026-08-05T07:10:17Z
2026-08-05T07:08:29Z,2026-08-05T09:08:29+0200,d671fb79-bd81-42f3-a5fe-a0a907bfe6ea,2026-07-16T11:45:00Z,2026-07-16T13:45:00+0200,16595.28906,MW,FR,FR,forecast_solar_generation,Solar,2026-08-05T07:10:17Z
2026-08-05T07:08:29Z,2026-08-05T09:08:29+0200,d671fb79-bd81-42f3-a5fe-a0a907bfe6ea,2026-07-16T12:00:00Z,2026-07-16T14:00:00+0200,16513.01562,MW,FR,FR,forecast_solar_generation,Solar,2026-08-05T07:10:17Z
2026-08-05T07:08:29Z,2026-08-05T09:08:29+0200,d671fb79-bd81-42f3-a5fe-a0a907bfe6ea,2026-07-16T12:15:00Z,2026-07-16T14:15:00+0200,16486.89844,MW,FR,FR,forecast_solar_generation,Solar,2026-08-05T07:10:17Z
2026-08-05T07:08:29Z,2026-08-05T09:08:29+0200,d671fb79-bd81-42f3-a5fe-a0a907bfe6ea,2026-07-16T12:30:00Z,2026-07-16T14:30:00+0200,16441.10156,MW,FR,FR,forecast_solar_generation,Solar,2026-08-05T07:10:17Z
2026-08-05T07:08:29Z,2026-08-05T09:08:29+0200,d671fb79-bd81-42f3-a5fe-a0a907bfe6ea,2026-07-16T12:45:00Z,2026-07-16T14:45:00+0200,16185.74805,MW,FR,FR,forecast_solar_generation,Solar,2026-08-05T07:10:17Z
2026-08-05T07:08:29Z,2026-08-05T09:08:29+0200,d671fb79-bd81-42f3-a5fe-a0a907bfe6ea,2026-07-16T13:00:00Z,2026-07-16T15:00:00+0200,15910.14355,MW,FR,FR,forecast_solar_generation,Solar,2026-08-05T07:10:17Z
2026-08-05T07:08:29Z,2026-08-05T09:08:29+0200,d671fb79-bd81-42f3-a5fe-a0a907bfe6ea,2026-07-16T13:15:00Z,2026-07-16T15:15:00+0200,15700.64062,MW,FR,FR,forecast_solar_generation,Solar,2026-08-05T07:10:17Z
2026-08-05T07:08:29Z,2026-08-05T09:08:29+0200,d671fb79-bd81-42f3-a5fe-a0a907bfe6ea,2026-07-16T13:30:00Z,2026-07-16T15:30:00+0200,15574.91699,MW,FR,FR,forecast_solar_generation,Solar,2026-08-05T07:10:17Z
2026-08-05T07:08:29Z,2026-08-05T09:08:29+0200,d671fb79-bd81-42f3-a5fe-a0a907bfe6ea,2026-07-16T13:45:00Z,2026-07-16T15:45:00+0200,15128.25781,MW,FR,FR,forecast_solar_generation,Solar,2026-08-05T07:10:17Z
2026-08-05T07:08:29Z,2026-08-05T09:08:29+0200,d671fb79-bd81-42f3-a5fe-a0a907bfe6ea,2026-07-16T14:00:00Z,2026-07-16T16:00:00+0200,14666.39258,MW,FR,FR,forecast_solar_generation,Solar,2026-08-05T07:10:17Z
2026-08-05T07:08:29Z,2026-08-05T09:08:29+0200,d671fb79-bd81-42f3-a5fe-a0a907bfe6ea,2026-07-16T14:15:00Z,2026-07-16T16:15:00+0200,14215.31152,MW,FR,FR,forecast_solar_generation,Solar,2026-08-05T07:10:17Z
2026-08-05T07:08:29Z,2026-08-05T09:08:29+0200,d671fb79-bd81-42f3-a5fe-a0a907bfe6ea,2026-07-16T14:30:00Z,2026-07-16T16:30:00+0200,13780.3584,MW,FR,FR,forecast_solar_generation,Solar,2026-08-05T07:10:17Z
2026-08-05T07:08:29Z,2026-08-05T09:08:29+0200,d671fb79-bd81-42f3-a5fe-a0a907bfe6ea,2026-07-16T14:45:00Z,2026-07-16T16:45:00+0200,13203.14258,MW,FR,FR,forecast_solar_generation,Solar,2026-08-05T07:10:17Z
2026-08-05T07:08:29Z,2026-08-05T09:08:29+0200,d671fb79-bd81-42f3-a5fe-a0a907bfe6ea,2026-07-16T15:00:00Z,2026-07-16T17:00:00+0200,12645.13184,MW,FR,FR,forecast_solar_generation,Solar,2026-08-05T07:10:17Z
2026-08-05T07:08:29Z,2026-08-05T09:08:29+0200,d671fb79-bd81-42f3-a5fe-a0a907bfe6ea,2026-07-16T15:15:00Z,2026-07-16T17:15:00+0200,11989.93457,MW,FR,FR,forecast_solar_generation,Solar,2026-08-05T07:10:17Z
2026-08-05T07:08:29Z,2026-08-05T09:08:29+0200,d671fb79-bd81-42f3-a5fe-a0a907bfe6ea,2026-07-16T15:30:00Z,2026-07-16T17:30:00+0200,11414.87598,MW,FR,FR,forecast_solar_generation,Solar,2026-08-05T07:10:17Z
2026-08-05T07:08:29Z,2026-08-05T09:08:29+0200,d671fb79-bd81-42f3-a5fe-a0a907bfe6ea,2026-07-16T15:45:00Z,2026-07-16T17:45:00+0200,10668.5625,MW,FR,FR,forecast_solar_generation,Solar,2026-08-05T07:10:17Z
2026-08-05T07:08:29Z,2026-08-05T09:08:29+0200,d671fb79-bd81-42f3-a5fe-a0a907bfe6ea,2026-07-16T16:00:00Z,2026-07-16T18:00:00+0200,9879.47461,MW,FR,FR,forecast_solar_generation,Solar,2026-08-05T07:10:17Z
2026-08-05T07:08:29Z,2026-08-05T09:08:29+0200,d671fb79-bd81-42f3-a5fe-a0a907bfe6ea,2026-07-16T16:15:00Z,2026-07-16T18:15:00+0200,8954.97559,MW,FR,FR,forecast_solar_generation,Solar,2026-08-05T07:10:17Z
2026-08-05T07:08:29Z,2026-08-05T09:08:29+0200,d671fb79-bd81-42f3-a5fe-a0a907bfe6ea,2026-07-16T16:30:00Z,2026-07-16T18:30:00+0200,8110.14014,MW,FR,FR,forecast_solar_generation,Solar,2026-08-05T07:10:17Z
2026-08-05T07:08:29Z,2026-08-05T09:08:29+0200,d671fb79-bd81-42f3-a5fe-a0a907bfe6ea,2026-07-16T16:45:00Z,2026-07-16T18:45:00+0200,7315.37158,MW,FR,FR,forecast_solar_generation,Solar,2026-08-05T07:10:17Z
2026-08-05T07:08:29Z,2026-08-05T09:08:29+0200,d671fb79-bd81-42f3-a5fe-a0a907bfe6ea,2026-07-16T17:00:00Z,2026-07-16T19:00:00+0200,6287.64404,MW,FR,FR,forecast_solar_generation,Solar,2026-08-05T07:10:17Z
2026-08-05T07:08:29Z,2026-08-05T09:08:29+0200,d671fb79-bd81-42f3-a5fe-a0a907bfe6ea,2026-07-16T17:15:00Z,2026-07-16T19:15:00+0200,5526.49072,MW,FR,FR,forecast_solar_generation,Solar,2026-08-05T07:10:17Z
2026-08-05T07:08:29Z,2026-08-05T09:08:29+0200,d671fb79-bd81-42f3-a5fe-a0a907bfe6ea,2026-07-16T17:30:00Z,2026-07-16T19:30:00+0200,4552.4917,MW,FR,FR,forecast_solar_generation,Solar,2026-08-05T07:10:17Z
2026-08-05T07:08:29Z,2026-08-05T09:08:29+0200,d671fb79-bd81-42f3-a5fe-a0a907bfe6ea,2026-07-16T17:45:00Z,2026-07-16T19:45:00+0200,3822.69214,MW,FR,FR,forecast_solar_generation,Solar,2026-08-05T07:10:17Z
2026-08-05T07:08:29Z,2026-08-05T09:08:29+0200,d671fb79-bd81-42f3-a5fe-a0a907bfe6ea,2026-07-16T18:00:00Z,2026-07-16T20:00:00+0200,2942.46313,MW,FR,FR,forecast_solar_generation,Solar,2026-08-05T07:10:17Z
2026-08-05T07:08:29Z,2026-08-05T09:08:29+0200,d671fb79-bd81-42f3-a5fe-a0a907bfe6ea,2026-07-16T18:15:00Z,2026-07-16T20:15:00+0200,2250.29858,MW,FR,FR,forecast_solar_generation,Solar,2026-08-05T07:10:17Z
2026-08-05T07:08:29Z,2026-08-05T09:08:29+0200,d671fb79-bd81-42f3-a5fe-a0a907bfe6ea,2026-07-16T18:30:00Z,2026-07-16T20:30:00+0200,1622.64355,MW,FR,FR,forecast_solar_generation,Solar,2026-08-05T07:10:17Z
2026-08-05T07:08:29Z,2026-08-05T09:08:29+0200,d671fb79-bd81-42f3-a5fe-a0a907bfe6ea,2026-07-16T18:45:00Z,2026-07-16T20:45:00+0200,1173.61267,MW,FR,FR,forecast_solar_generation,Solar,2026-08-05T07:10:17Z
2026-08-05T07:08:29Z,2026-08-05T09:08:29+0200,d671fb79-bd81-42f3-a5fe-a0a907bfe6ea,2026-07-16T19:00:00Z,2026-07-16T21:00:00+0200,784.71588,MW,FR,FR,forecast_solar_generation,Solar,2026-08-05T07:10:17Z
2026-08-05T07:08:29Z,2026-08-05T09:08:29+0200,d671fb79-bd81-42f3-a5fe-a0a907bfe6ea,2026-07-16T19:15:00Z,2026-07-16T21:15:00+0200,397.87061,MW,FR,FR,forecast_solar_generation,Solar,2026-08-05T07:10:17Z
2026-08-05T07:08:29Z,2026-08-05T09:08:29+0200,d671fb79-bd81-42f3-a5fe-a0a907bfe6ea,2026-07-16T19:30:00Z,2026-07-16T21:30:00+0200,141.12921,MW,FR,FR,forecast_solar_generation,Solar,2026-08-05T07:10:17Z
2026-08-05T07:08:29Z,2026-08-05T09:08:29+0200,d671fb79-bd81-42f3-a5fe-a0a907bfe6ea,2026-07-16T19:45:00Z,2026-07-16T21:45:00+0200,26.93974,MW,FR,FR,forecast_solar_generation,Solar,2026-08-05T07:10:17Z
2026-08-05T07:08:29Z,2026-08-05T09:08:29+0200,d671fb79-bd81-42f3-a5fe-a0a907bfe6ea,2026-07-16T20:00:00Z,2026-07-16T22:00:00+0200,1.13288,MW,FR,FR,forecast_solar_generation,Solar,2026-08-05T07:10:17Z
2026-08-05T07:08:29Z,2026-08-05T09:08:29+0200,d671fb79-bd81-42f3-a5fe-a0a907bfe6ea,2026-07-16T20:15:00Z,2026-07-16T22:15:00+0200,0.0,MW,FR,FR,forecast_solar_generation,Solar,2026-08-05T07:10:17Z
2026-08-05T07:08:29Z,2026-08-05T09:08:29+0200,d671fb79-bd81-42f3-a5fe-a0a907bfe6ea,2026-07-16T20:30:00Z,2026-07-16T22:30:00+0200,0.0,MW,FR,FR,forecast_solar_generation,Solar,2026-08-05T07:10:17Z
2026-08-05T07:08:29Z,2026-08-05T09:08:29+0200,d671fb79-bd81-42f3-a5fe-a0a907bfe6ea,2026-07-16T20:45:00Z,2026-07-16T22:45:00+0200,0.0,MW,FR,FR,forecast_solar_generation,Solar,2026-08-05T07:10:17Z
2026-08-05T07:08:29Z,2026-08-05T09:08:29+0200,d671fb79-bd81-42f3-a5fe-a0a907bfe6ea,2026-07-16T21:00:00Z,2026-07-16T23:00:00+0200,0.0,MW,FR,FR,forecast_solar_generation,Solar,2026-08-05T07:10:17Z
2026-08-05T07:08:29Z,2026-08-05T09:08:29+0200,d671fb79-bd81-42f3-a5fe-a0a907bfe6ea,2026-07-16T21:15:00Z,2026-07-16T23:15:00+0200,0.0,MW,FR,FR,forecast_solar_generation,Solar,2026-08-05T07:10:17Z
2026-08-05T07:08:29Z,2026-08-05T09:08:29+0200,d671fb79-bd81-42f3-a5fe-a0a907bfe6ea,2026-07-16T21:30:00Z,2026-07-16T23:30:00+0200,0.0,MW,FR,FR,forecast_solar_generation,Solar,2026-08-05T07:10:17Z
2026-08-05T07:08:29Z,2026-08-05T09:08:29+0200,d671fb79-bd81-42f3-a5fe-a0a907bfe6ea,2026-07-16T21:45:00Z,2026-07-16T23:45:00+0200,0.0,MW,FR,FR,forecast_solar_generation,Solar,2026-08-05T07:10:17Z
2026-08-05T07:08:29Z,2026-08-05T09:08:29+0200,d671fb79-bd81-42f3-a5fe-a0a907bfe6ea,2026-07-16T22:00:00Z,2026-07-17T00:00:00+0200,0.0,MW,FR,FR,forecast_solar_generation,Solar,2026-08-05T07:10:17Z
2026-08-05T07:08:29Z,2026-08-05T09:08:29+0200,d671fb79-bd81-42f3-a5fe-a0a907bfe6ea,2026-07-16T22:15:00Z,2026-07-17T00:15:00+0200,0.0,MW,FR,FR,forecast_solar_generation,Solar,2026-08-05T07:10:17Z
2026-08-05T07:08:29Z,2026-08-05T09:08:29+0200,d671fb79-bd81-42f3-a5fe-a0a907bfe6ea,2026-07-16T22:30:00Z,2026-07-17T00:30:00+0200,0.0,MW,FR,FR,forecast_solar_generation,Solar,2026-08-05T07:10:17Z
2026-08-05T07:08:29Z,2026-08-05T09:08:29+0200,d671fb79-bd81-42f3-a5fe-a0a907bfe6ea,2026-07-16T22:45:00Z,2026-07-17T00:45:00+0200,0.0,MW,FR,FR,forecast_solar_generation,Solar,2026-08-05T07:10:17Z
2026-08-05T07:08:29Z,2026-08-05T09:08:29+0200,d671fb79-bd81-42f3-a5fe-a0a907bfe6ea,2026-07-16T23:00:00Z,2026-07-17T01:00:00+0200,0.0,MW,FR,FR,forecast_solar_generation,Solar,2026-08-05T07:10:17Z
2026-08-05T07:08:29Z,2026-08-05T09:08:29+0200,d671fb79-bd81-42f3-a5fe-a0a907bfe6ea,2026-07-16T23:15:00Z,2026-07-17T01:15:00+0200,0.0,MW,FR,FR,forecast_solar_generation,Solar,2026-08-05T07:10:17Z
2026-08-05T07:08:29Z,2026-08-05T09:08:29+0200,d671fb79-bd81-42f3-a5fe-a0a907bfe6ea,2026-07-16T23:30:00Z,2026-07-17T01:30:00+0200,0.0,MW,FR,FR,forecast_solar_generation,Solar,2026-08-05T07:10:17Z
2026-08-05T07:08:29Z,2026-08-05T09:08:29+0200,d671fb79-bd81-42f3-a5fe-a0a907bfe6ea,2026-07-16T23:45:00Z,2026-07-17T01:45:00+0200,0.0,MW,FR,FR,forecast_solar_generation,Solar,2026-08-05T07:10:17Z
2026-08-05T07:08:29Z,2026-08-05T09:08:29+0200,d671fb79-bd81-42f3-a5fe-a0a907bfe6ea,2026-07-17T00:00:00Z,2026-07-17T02:00:00+0200,0.0,MW,FR,FR,forecast_solar_generation,Solar,2026-08-05T07:10:17Z
2026-08-05T07:08:29Z,2026-08-05T09:08:29+0200,d671fb79-bd81-42f3-a5fe-a0a907bfe6ea,2026-07-17T00:15:00Z,2026-07-17T02:15:00+0200,0.0,MW,FR,FR,forecast_solar_generation,Solar,2026-08-05T07:10:17Z
2026-08-05T07:08:29Z,2026-08-05T09:08:29+0200,d671fb79-bd81-42f3-a5fe-a0a907bfe6ea,2026-07-17T00:30:00Z,2026-07-17T02:30:00+0200,0.0,MW,FR,FR,forecast_solar_generation,Solar,2026-08-05T07:10:17Z
2026-08-05T07:08:29Z,2026-08-05T09:08:29+0200,d671fb79-bd81-42f3-a5fe-a0a907bfe6ea,2026-07-17T00:45:00Z,2026-07-17T02:45:00+0200,0.0,MW,FR,FR,forecast_solar_generation,Solar,2026-08-05T07:10:17Z
2026-08-05T07:08:29Z,2026-08-05T09:08:29+0200,d671fb79-bd81-42f3-a5fe-a0a907bfe6ea,2026-07-17T01:00:00Z,2026-07-17T03:00:00+0200,0.0,MW,FR,FR,forecast_solar_generation,Solar,2026-08-05T07:10:17Z
2026-08-05T07:08:29Z,2026-08-05T09:08:29+0200,d671fb79-bd81-42f3-a5fe-a0a907bfe6ea,2026-07-17T01:15:00Z,2026-07-17T03:15:00+0200,0.0,MW,FR,FR,forecast_solar_generation,Solar,2026-08-05T07:10:17Z
2026-08-05T07:08:29Z,2026-08-05T09:08:29+0200,d671fb79-bd81-42f3-a5fe-a0a907bfe6ea,2026-07-17T01:30:00Z,2026-07-17T03:30:00+0200,0.0,MW,FR,FR,forecast_solar_generation,Solar,2026-08-05T07:10:17Z
2026-08-05T07:08:29Z,2026-08-05T09:08:29+0200,d671fb79-bd81-42f3-a5fe-a0a907bfe6ea,2026-07-17T01:45:00Z,2026-07-17T03:45:00+0200,0.0,MW,FR,FR,forecast_solar_generation,Solar,2026-08-05T07:10:17Z
2026-08-05T07:08:29Z,2026-08-05T09:08:29+0200,d671fb79-bd81-42f3-a5fe-a0a907bfe6ea,2026-07-17T02:00:00Z,2026-07-17T04:00:00+0200,0.0,MW,FR,FR,forecast_solar_generation,Solar,2026-08-05T07:10:17Z
2026-08-05T07:08:29Z,2026-08-05T09:08:29+0200,d671fb79-bd81-42f3-a5fe-a0a907bfe6ea,2026-07-17T02:15:00Z,2026-07-17T04:15:00+0200,0.0,MW,FR,FR,forecast_solar_generation,Solar,2026-08-05T07:10:17Z
2026-08-05T07:08:29Z,2026-08-05T09:08:29+0200,d671fb79-bd81-42f3-a5fe-a0a907bfe6ea,2026-07-17T02:30:00Z,2026-07-17T04:30:00+0200,0.0,MW,FR,FR,forecast_solar_generation,Solar,2026-08-05T07:10:17Z
2026-08-05T07:08:29Z,2026-08-05T09:08:29+0200,d671fb79-bd81-42f3-a5fe-a0a907bfe6ea,2026-07-17T02:45:00Z,2026-07-17T04:45:00+0200,0.0,MW,FR,FR,forecast_solar_generation,Solar,2026-08-05T07:10:17Z
2026-08-05T07:08:29Z,2026-08-05T09:08:29+0200,d671fb79-bd81-42f3-a5fe-a0a907bfe6ea,2026-07-17T03:00:00Z,2026-07-17T05:00:00+0200,0.0,MW,FR,FR,forecast_solar_generation,Solar,2026-08-05T07:10:17Z
2026-08-05T07:08:29Z,2026-08-05T09:08:29+0200,d671fb79-bd81-42f3-a5fe-a0a907bfe6ea,2026-07-17T03:15:00Z,2026-07-17T05:15:00+0200,0.0,MW,FR,FR,forecast_solar_generation,Solar,2026-08-05T07:10:17Z
2026-08-05T07:08:29Z,2026-08-05T09:08:29+0200,d671fb79-bd81-42f3-a5fe-a0a907bfe6ea,2026-07-17T03:30:00Z,2026-07-17T05:30:00+0200,0.0,MW,FR,FR,forecast_solar_generation,Solar,2026-08-05T07:10:17Z
2026-08-05T07:08:29Z,2026-08-05T09:08:29+0200,d671fb79-bd81-42f3-a5fe-a0a907bfe6ea,2026-07-17T03:45:00Z,2026-07-17T05:45:00+0200,1.25677,MW,FR,FR,forecast_solar_generation,Solar,2026-08-05T07:10:17Z
2026-08-05T07:08:29Z,2026-08-05T09:08:29+0200,d671fb79-bd81-42f3-a5fe-a0a907bfe6ea,2026-07-17T04:00:00Z,2026-07-17T06:00:00+0200,22.94894,MW,FR,FR,forecast_solar_generation,Solar,2026-08-05T07:10:17Z
2026-08-05T07:08:29Z,2026-08-05T09:08:29+0200,d671fb79-bd81-42f3-a5fe-a0a907bfe6ea,2026-07-17T04:15:00Z,2026-07-17T06:15:00+0200,77.76956,MW,FR,FR,forecast_solar_generation,Solar,2026-08-05T07:10:17Z
2026-08-05T07:08:29Z,2026-08-05T09:08:29+0200,d671fb79-bd81-42f3-a5fe-a0a907bfe6ea,2026-07-17T04:30:00Z,2026-07-17T06:30:00+0200,155.58434,MW,FR,FR,forecast_solar_generation,Solar,2026-08-05T07:10:17Z
2026-08-05T07:08:29Z,2026-08-05T09:08:29+0200,d671fb79-bd81-42f3-a5fe-a0a907bfe6ea,2026-07-17T04:45:00Z,2026-07-17T06:45:00+0200,349.75165,MW,FR,FR,forecast_solar_generation,Solar,2026-08-05T07:10:17Z
2026-08-05T07:08:29Z,2026-08-05T09:08:29+0200,d671fb79-bd81-42f3-a5fe-a0a907bfe6ea,2026-07-17T05:00:00Z,2026-07-17T07:00:00+0200,651.56091,MW,FR,FR,forecast_solar_generation,Solar,2026-08-05T07:10:17Z
2026-08-05T07:08:29Z,2026-08-05T09:08:29+0200,d671fb79-bd81-42f3-a5fe-a0a907bfe6ea,2026-07-17T05:15:00Z,2026-07-17T07:15:00+0200,1010.10321,MW,FR,FR,forecast_solar_generation,Solar,2026-08-05T07:10:17Z
2026-08-05T07:08:29Z,2026-08-05T09:08:29+0200,d671fb79-bd81-42f3-a5fe-a0a907bfe6ea,2026-07-17T05:30:00Z,2026-07-17T07:30:00+0200,1446.37122,MW,FR,FR,forecast_solar_generation,Solar,2026-08-05T07:10:17Z
2026-08-05T07:08:29Z,2026-08-05T09:08:29+0200,d671fb79-bd81-42f3-a5fe-a0a907bfe6ea,2026-07-17T05:45:00Z,2026-07-17T07:45:00+0200,2066.84644,MW,FR,FR,forecast_solar_generation,Solar,2026-08-05T07:10:17Z
2026-08-05T07:08:29Z,2026-08-05T09:08:29+0200,d671fb79-bd81-42f3-a5fe-a0a907bfe6ea,2026-07-17T06:00:00Z,2026-07-17T08:00:00+0200,2794.79224,MW,FR,FR,forecast_solar_generation,Solar,2026-08-05T07:10:17Z
2026-08-05T07:08:29Z,2026-08-05T09:08:29+0200,d671fb79-bd81-42f3-a5fe-a0a907bfe6ea,2026-07-17T06:15:00Z,2026-07-17T08:15:00+0200,3668.90234,MW,FR,FR,forecast_solar_generation,Solar,2026-08-05T07:10:17Z
2026-08-05T07:08:29Z,2026-08-05T09:08:29+0200,d671fb79-bd81-42f3-a5fe-a0a907bfe6ea,2026-07-17T06:30:00Z,2026-07-17T08:30:00+0200,4460.5752,MW,FR,FR,forecast_solar_generation,Solar,2026-08-05T07:10:17Z
2026-08-05T07:08:29Z,2026-08-05T09:08:29+0200,d671fb79-bd81-42f3-a5fe-a0a907bfe6ea,2026-07-17T06:45:00Z,2026-07-17T08:45:00+0200,5559.87402,MW,FR,FR,forecast_solar_generation,Solar,2026-08-05T07:10:17Z
2026-08-05T07:08:29Z,2026-08-05T09:08:29+0200,d671fb79-bd81-42f3-a5fe-a0a907bfe6ea,2026-07-17T07:00:00Z,2026-07-17T09:00:00+0200,6446.84131,MW,FR,FR,forecast_solar_generation,Solar,2026-08-05T07:10:17Z
2026-08-05T07:08:29Z,2026-08-05T09:08:29+0200,d671fb79-bd81-42f3-a5fe-a0a907bfe6ea,2026-07-17T07:15:00Z,2026-07-17T09:15:00+0200,7590.22217,MW,FR,FR,forecast_solar_generation,Solar,2026-08-05T07:10:17Z
2026-08-05T07:08:29Z,2026-08-05T09:08:29+0200,d671fb79-bd81-42f3-a5fe-a0a907bfe6ea,2026-07-17T07:30:00Z,2026-07-17T09:30:00+0200,8545.22949,MW,FR,FR,forecast_solar_generation,Solar,2026-08-05T07:10:17Z
2026-08-05T07:08:29Z,2026-08-05T09:08:29+0200,d671fb79-bd81-42f3-a5fe-a0a907bfe6ea,2026-07-17T07:45:00Z,2026-07-17T09:45:00+0200,9486.04004,MW,FR,FR,forecast_solar_generation,Solar,2026-08-05T07:10:17Z
2026-08-05T07:08:29Z,2026-08-05T09:08:29+0200,d671fb79-bd81-42f3-a5fe-a0a907bfe6ea,2026-07-17T08:00:00Z,2026-07-17T10:00:00+0200,10329.56738,MW,FR,FR,forecast_solar_generation,Solar,2026-08-05T07:10:17Z
2026-08-05T07:08:29Z,2026-08-05T09:08:29+0200,d671fb79-bd81-42f3-a5fe-a0a907bfe6ea,2026-07-17T08:15:00Z,2026-07-17T10:15:00+0200,11382.64551,MW,FR,FR,forecast_solar_generation,Solar,2026-08-05T07:10:17Z
2026-08-05T07:08:29Z,2026-08-05T09:08:29+0200,d671fb79-bd81-42f3-a5fe-a0a907bfe6ea,2026-07-17T08:30:00Z,2026-07-17T10:30:00+0200,12229.5332,MW,FR,FR,forecast_solar_generation,Solar,2026-08-05T07:10:17Z
2026-08-05T07:08:29Z,2026-08-05T09:08:29+0200,d671fb79-bd81-42f3-a5fe-a0a907bfe6ea,2026-07-17T08:45:00Z,2026-07-17T10:45:00+0200,13175.61816,MW,FR,FR,forecast_solar_generation,Solar,2026-08-05T07:10:17Z
2026-08-05T07:08:29Z,2026-08-05T09:08:29+0200,d671fb79-bd81-42f3-a5fe-a0a907bfe6ea,2026-07-17T09:00:00Z,2026-07-17T11:00:00+0200,14055.41895,MW,FR,FR,forecast_solar_generation,Solar,2026-08-05T07:10:17Z
2026-08-05T07:08:29Z,2026-08-05T09:08:29+0200,d671fb79-bd81-42f3-a5fe-a0a907bfe6ea,2026-07-17T09:15:00Z,2026-07-17T11:15:00+0200,14946.90137,MW,FR,FR,forecast_solar_generation,Solar,2026-08-05T07:10:17Z
2026-08-05T07:08:29Z,2026-08-05T09:08:29+0200,d671fb79-bd81-42f3-a5fe-a0a907bfe6ea,2026-07-17T09:30:00Z,2026-07-17T11:30:00+0200,15736.96094,MW,FR,FR,forecast_solar_generation,Solar,2026-08-05T07:10:17Z
2026-08-05T07:08:29Z,2026-08-05T09:08:29+0200,d671fb79-bd81-42f3-a5fe-a0a907bfe6ea,2026-07-17T09:45:00Z,2026-07-17T11:45:00+0200,16289.42773,MW,FR,FR,forecast_solar_generation,Solar,2026-08-05T07:10:17Z
2026-08-05T07:08:29Z,2026-08-05T09:08:29+0200,d671fb79-bd81-42f3-a5fe-a0a907bfe6ea,2026-07-17T10:00:00Z,2026-07-17T12:00:00+0200,16890.74414,MW,FR,FR,forecast_solar_generation,Solar,2026-08-05T07:10:17Z
2026-08-05T07:08:29Z,2026-08-05T09:08:29+0200,d671fb79-bd81-42f3-a5fe-a0a907bfe6ea,2026-07-17T10:15:00Z,2026-07-17T12:15:00+0200,17416.4043,MW,FR,FR,forecast_solar_generation,Solar,2026-08-05T07:10:17Z
2026-08-05T07:08:29Z,2026-08-05T09:08:29+0200,d671fb79-bd81-42f3-a5fe-a0a907bfe6ea,2026-07-17T10:30:00Z,2026-07-17T12:30:00+0200,17935.90625,MW,FR,FR,forecast_solar_generation,Solar,2026-08-05T07:10:17Z
2026-08-05T07:08:29Z,2026-08-05T09:08:29+0200,d671fb79-bd81-42f3-a5fe-a0a907bfe6ea,2026-07-17T10:45:00Z,2026-07-17T12:45:00+0200,18201.61914,MW,FR,FR,forecast_solar_generation,Solar,2026-08-05T07:10:17Z
2026-08-05T07:08:29Z,2026-08-05T09:08:29+0200,d671fb79-bd81-42f3-a5fe-a0a907bfe6ea,2026-07-17T11:00:00Z,2026-07-17T13:00:00+0200,18476.72461,MW,FR,FR,forecast_solar_generation,Solar,2026-08-05T07:10:17Z
2026-08-05T07:08:29Z,2026-08-05T09:08:29+0200,d671fb79-bd81-42f3-a5fe-a0a907bfe6ea,2026-07-17T11:15:00Z,2026-07-17T13:15:00+0200,18715.95312,MW,FR,FR,forecast_solar_generation,Solar,2026-08-05T07:10:17Z
2026-08-05T07:08:29Z,2026-08-05T09:08:29+0200,d671fb79-bd81-42f3-a5fe-a0a907bfe6ea,2026-07-17T11:30:00Z,2026-07-17T13:30:00+0200,18966.7793,MW,FR,FR,forecast_solar_generation,Solar,2026-08-05T07:10:17Z
2026-08-05T07:08:29Z,2026-08-05T09:08:29+0200,d671fb79-bd81-42f3-a5fe-a0a907bfe6ea,2026-07-17T11:45:00Z,2026-07-17T13:45:00+0200,19011.79883,MW,FR,FR,forecast_solar_generation,Solar,2026-08-05T07:10:17Z
2026-08-05T07:08:29Z,2026-08-05T09:08:29+0200,d671fb79-bd81-42f3-a5fe-a0a907bfe6ea,2026-07-17T12:00:00Z,2026-07-17T14:00:00+0200,19058.42969,MW,FR,FR,forecast_solar_generation,Solar,2026-08-05T07:10:17Z
2026-08-05T07:08:29Z,2026-08-05T09:08:29+0200,d671fb79-bd81-42f3-a5fe-a0a907bfe6ea,2026-07-17T12:15:00Z,2026-07-17T14:15:00+0200,19040.96094,MW,FR,FR,forecast_solar_generation,Solar,2026-08-05T07:10:17Z
2026-08-05T07:08:29Z,2026-08-05T09:08:29+0200,d671fb79-bd81-42f3-a5fe-a0a907bfe6ea,2026-07-17T12:30:00Z,2026-07-17T14:30:00+0200,18992.71289,MW,FR,FR,forecast_solar_generation,Solar,2026-08-05T07:10:17Z
2026-08-05T07:08:29Z,2026-08-05T09:08:29+0200,d671fb79-bd81-42f3-a5fe-a0a907bfe6ea,2026-07-17T12:45:00Z,2026-07-17T14:45:00+0200,18719.95898,MW,FR,FR,forecast_solar_generation,Solar,2026-08-05T07:10:17Z
2026-08-05T07:08:29Z,2026-08-05T09:08:29+0200,d671fb79-bd81-42f3-a5fe-a0a907bfe6ea,2026-07-17T13:00:00Z,2026-07-17T15:00:00+0200,18428.31836,MW,FR,FR,forecast_solar_generation,Solar,2026-08-05T07:10:17Z
2026-08-05T07:08:29Z,2026-08-05T09:08:29+0200,d671fb79-bd81-42f3-a5fe-a0a907bfe6ea,2026-07-17T13:15:00Z,2026-07-17T15:15:00+0200,18119.66211,MW,FR,FR,forecast_solar_generation,Solar,2026-08-05T07:10:17Z
2026-08-05T07:08:29Z,2026-08-05T09:08:29+0200,d671fb79-bd81-42f3-a5fe-a0a907bfe6ea,2026-07-17T13:30:00Z,2026-07-17T15:30:00+0200,17825.25977,MW,FR,FR,forecast_solar_generation,Solar,2026-08-05T07:10:17Z
2026-08-05T07:08:29Z,2026-08-05T09:08:29+0200,d671fb79-bd81-42f3-a5fe-a0a907bfe6ea,2026-07-17T13:45:00Z,2026-07-17T15:45:00+0200,17315.125,MW,FR,FR,forecast_solar_generation,Solar,2026-08-05T07:10:17Z
2026-08-05T07:08:29Z,2026-08-05T09:08:29+0200,d671fb79-bd81-42f3-a5fe-a0a907bfe6ea,2026-07-17T14:00:00Z,2026-07-17T16:00:00+0200,16821.12891,MW,FR,FR,forecast_solar_generation,Solar,2026-08-05T07:10:17Z
2026-08-05T07:08:29Z,2026-08-05T09:08:29+0200,d671fb79-bd81-42f3-a5fe-a0a907bfe6ea,2026-07-17T14:15:00Z,2026-07-17T16:15:00+0200,16292.36035,MW,FR,FR,forecast_solar_generation,Solar,2026-08-05T07:10:17Z
2026-08-05T07:08:29Z,2026-08-05T09:08:29+0200,d671fb79-bd81-42f3-a5fe-a0a907bfe6ea,2026-07-17T14:30:00Z,2026-07-17T16:30:00+0200,15730.77051,MW,FR,FR,forecast_solar_generation,Solar,2026-08-05T07:10:17Z
2026-08-05T07:08:29Z,2026-08-05T09:08:29+0200,d671fb79-bd81-42f3-a5fe-a0a907bfe6ea,2026-07-17T14:45:00Z,2026-07-17T16:45:00+0200,15051.91699,MW,FR,FR,forecast_solar_generation,Solar,2026-08-05T07:10:17Z
2026-08-05T07:08:29Z,2026-08-05T09:08:29+0200,d671fb79-bd81-42f3-a5fe-a0a907bfe6ea,2026-07-17T15:00:00Z,2026-07-17T17:00:00+0200,14364.23242,MW,FR,FR,forecast_solar_generation,Solar,2026-08-05T07:10:17Z
2026-08-05T07:08:29Z,2026-08-05T09:08:29+0200,d671fb79-bd81-42f3-a5fe-a0a907bfe6ea,2026-07-17T15:15:00Z,2026-07-17T17:15:00+0200,13566.03223,MW,FR,FR,forecast_solar_generation,Solar,2026-08-05T07:10:17Z
2026-08-05T07:08:29Z,2026-08-05T09:08:29+0200,d671fb79-bd81-42f3-a5fe-a0a907bfe6ea,2026-07-17T15:30:00Z,2026-07-17T17:30:00+0200,12771.36914,MW,FR,FR,forecast_solar_generation,Solar,2026-08-05T07:10:17Z
2026-08-05T07:08:29Z,2026-08-05T09:08:29+0200,d671fb79-bd81-42f3-a5fe-a0a907bfe6ea,2026-07-17T15:45:00Z,2026-07-17T17:45:00+0200,12012.6709,MW,FR,FR,forecast_solar_generation,Solar,2026-08-05T07:10:17Z
2026-08-05T07:08:29Z,2026-08-05T09:08:29+0200,d671fb79-bd81-42f3-a5fe-a0a907bfe6ea,2026-07-17T16:00:00Z,2026-07-17T18:00:00+0200,11161.0957,MW,FR,FR,forecast_solar_generation,Solar,2026-08-05T07:10:17Z
2026-08-05T07:08:29Z,2026-08-05T09:08:29+0200,d671fb79-bd81-42f3-a5fe-a0a907bfe6ea,2026-07-17T16:15:00Z,2026-07-17T18:15:00+0200,10217.27441,MW,FR,FR,forecast_solar_generation,Solar,2026-08-05T07:10:17Z
2026-08-05T07:08:29Z,2026-08-05T09:08:29+0200,d671fb79-bd81-42f3-a5fe-a0a907bfe6ea,2026-07-17T16:30:00Z,2026-07-17T18:30:00+0200,9303.63379,MW,FR,FR,forecast_solar_generation,Solar,2026-08-05T07:10:17Z
2026-08-05T07:08:29Z,2026-08-05T09:08:29+0200,d671fb79-bd81-42f3-a5fe-a0a907bfe6ea,2026-07-17T16:45:00Z,2026-07-17T18:45:00+0200,8377.21777,MW,FR,FR,forecast_solar_generation,Solar,2026-08-05T07:10:17Z
2026-08-05T07:08:29Z,2026-08-05T09:08:29+0200,d671fb79-bd81-42f3-a5fe-a0a907bfe6ea,2026-07-17T17:00:00Z,2026-07-17T19:00:00+0200,7259.8208,MW,FR,FR,forecast_solar_generation,Solar,2026-08-05T07:10:17Z
2026-08-05T07:08:29Z,2026-08-05T09:08:29+0200,d671fb79-bd81-42f3-a5fe-a0a907bfe6ea,2026-07-17T17:15:00Z,2026-07-17T19:15:00+0200,6310.08105,MW,FR,FR,forecast_solar_generation,Solar,2026-08-05T07:10:17Z
2026-08-05T07:08:29Z,2026-08-05T09:08:29+0200,d671fb79-bd81-42f3-a5fe-a0a907bfe6ea,2026-07-17T17:30:00Z,2026-07-17T19:30:00+0200,5166.17725,MW,FR,FR,forecast_solar_generation,Solar,2026-08-05T07:10:17Z
2026-08-05T07:08:29Z,2026-08-05T09:08:29+0200,d671fb79-bd81-42f3-a5fe-a0a907bfe6ea,2026-07-17T17:45:00Z,2026-07-17T19:45:00+0200,4311.91162,MW,FR,FR,forecast_solar_generation,Solar,2026-08-05T07:10:17Z
2026-08-05T07:08:29Z,2026-08-05T09:08:29+0200,d671fb79-bd81-42f3-a5fe-a0a907bfe6ea,2026-07-17T18:00:00Z,2026-07-17T20:00:00+0200,3274.79517,MW,FR,FR,forecast_solar_generation,Solar,2026-08-05T07:10:17Z
2026-08-05T07:08:29Z,2026-08-05T09:08:29+0200,d671fb79-bd81-42f3-a5fe-a0a907bfe6ea,2026-07-17T18:15:00Z,2026-07-17T20:15:00+0200,2484.34302,MW,FR,FR,forecast_solar_generation,Solar,2026-08-05T07:10:17Z
2026-08-05T07:08:29Z,2026-08-05T09:08:29+0200,d671fb79-bd81-42f3-a5fe-a0a907bfe6ea,2026-07-17T18:30:00Z,2026-07-17T20:30:00+0200,1777.33569,MW,FR,FR,forecast_solar_generation,Solar,2026-08-05T07:10:17Z
2026-08-05T07:08:29Z,2026-08-05T09:08:29+0200,d671fb79-bd81-42f3-a5fe-a0a907bfe6ea,2026-07-17T18:45:00Z,2026-07-17T20:45:00+0200,1284.98267,MW,FR,FR,forecast_solar_generation,Solar,2026-08-05T07:10:17Z
2026-08-05T07:08:29Z,2026-08-05T09:08:29+0200,d671fb79-bd81-42f3-a5fe-a0a907bfe6ea,2026-07-17T19:00:00Z,2026-07-17T21:00:00+0200,861.3194,MW,FR,FR,forecast_solar_generation,Solar,2026-08-05T07:10:17Z
2026-08-05T07:08:29Z,2026-08-05T09:08:29+0200,d671fb79-bd81-42f3-a5fe-a0a907bfe6ea,2026-07-17T19:15:00Z,2026-07-17T21:15:00+0200,440.82385,MW,FR,FR,forecast_solar_generation,Solar,2026-08-05T07:10:17Z
2026-08-05T07:08:29Z,2026-08-05T09:08:29+0200,d671fb79-bd81-42f3-a5fe-a0a907bfe6ea,2026-07-17T19:30:00Z,2026-07-17T21:30:00+0200,149.81548,MW,FR,FR,forecast_solar_generation,Solar,2026-08-05T07:10:17Z
2026-08-05T07:08:29Z,2026-08-05T09:08:29+0200,d671fb79-bd81-42f3-a5fe-a0a907bfe6ea,2026-07-17T19:45:00Z,2026-07-17T21:45:00+0200,28.29635,MW,FR,FR,forecast_solar_generation,Solar,2026-08-05T07:10:17Z
2026-08-05T07:08:29Z,2026-08-05T09:08:29+0200,d671fb79-bd81-42f3-a5fe-a0a907bfe6ea,2026-07-17T20:00:00Z,2026-07-17T22:00:00+0200,1.12321,MW,FR,FR,forecast_solar_generation,Solar,2026-08-05T07:10:17Z
2026-08-05T07:08:29Z,2026-08-05T09:08:29+0200,d671fb79-bd81-42f3-a5fe-a0a907bfe6ea,2026-07-17T20:15:00Z,2026-07-17T22:15:00+0200,0.0,MW,FR,FR,forecast_solar_generation,Solar,2026-08-05T07:10:17Z
2026-08-05T07:08:29Z,2026-08-05T09:08:29+0200,d671fb79-bd81-42f3-a5fe-a0a907bfe6ea,2026-07-17T20:30:00Z,2026-07-17T22:30:00+0200,0.0,MW,FR,FR,forecast_solar_generation,Solar,2026-08-05T07:10:17Z
2026-08-05T07:08:29Z,2026-08-05T09:08:29+0200,d671fb79-bd81-42f3-a5fe-a0a907bfe6ea,2026-07-17T20:45:00Z,2026-07-17T22:45:00+0200,0.0,MW,FR,FR,forecast_solar_generation,Solar,2026-08-05T07:10:17Z
2026-08-05T07:08:29Z,2026-08-05T09:08:29+0200,d671fb79-bd81-42f3-a5fe-a0a907bfe6ea,2026-07-17T21:00:00Z,2026-07-17T23:00:00+0200,0.0,MW,FR,FR,forecast_solar_generation,Solar,2026-08-05T07:10:17Z
2026-08-05T07:08:29Z,2026-08-05T09:08:29+0200,d671fb79-bd81-42f3-a5fe-a0a907bfe6ea,2026-07-17T21:15:00Z,2026-07-17T23:15:00+0200,0.0,MW,FR,FR,forecast_solar_generation,Solar,2026-08-05T07:10:17Z
2026-08-05T07:08:29Z,2026-08-05T09:08:29+0200,d671fb79-bd81-42f3-a5fe-a0a907bfe6ea,2026-07-17T21:30:00Z,2026-07-17T23:30:00+0200,0.0,MW,FR,FR,forecast_solar_generation,Solar,2026-08-05T07:10:17Z
2026-08-05T07:08:29Z,2026-08-05T09:08:29+0200,d671fb79-bd81-42f3-a5fe-a0a907bfe6ea,2026-07-17T21:45:00Z,2026-07-17T23:45:00+0200,0.0,MW,FR,FR,forecast_solar_generation,Solar,2026-08-05T07:10:17Z
2026-08-05T07:08:29Z,2026-08-05T09:08:29+0200,d671fb79-bd81-42f3-a5fe-a0a907bfe6ea,2026-07-17T22:00:00Z,2026-07-18T00:00:00+0200,0.0,MW,FR,FR,forecast_solar_generation,Solar,2026-08-05T07:10:17Z
2026-08-05T07:08:29Z,2026-08-05T09:08:29+0200,d671fb79-bd81-42f3-a5fe-a0a907bfe6ea,2026-07-17T22:15:00Z,2026-07-18T00:15:00+0200,0.0,MW,FR,FR,forecast_solar_generation,Solar,2026-08-05T07:10:17Z
2026-08-05T07:08:29Z,2026-08-05T09:08:29+0200,d671fb79-bd81-42f3-a5fe-a0a907bfe6ea,2026-07-17T22:30:00Z,2026-07-18T00:30:00+0200,0.0,MW,FR,FR,forecast_solar_generation,Solar,2026-08-05T07:10:17Z
2026-08-05T07:08:29Z,2026-08-05T09:08:29+0200,d671fb79-bd81-42f3-a5fe-a0a907bfe6ea,2026-07-17T22:45:00Z,2026-07-18T00:45:00+0200,0.0,MW,FR,FR,forecast_solar_generation,Solar,2026-08-05T07:10:17Z
2026-08-05T07:08:29Z,2026-08-05T09:08:29+0200,d671fb79-bd81-42f3-a5fe-a0a907bfe6ea,2026-07-17T23:00:00Z,2026-07-18T01:00:00+0200,0.0,MW,FR,FR,forecast_solar_generation,Solar,2026-08-05T07:10:17Z
2026-08-05T07:08:29Z,2026-08-05T09:08:29+0200,d671fb79-bd81-42f3-a5fe-a0a907bfe6ea,2026-07-17T23:15:00Z,2026-07-18T01:15:00+0200,0.0,MW,FR,FR,forecast_solar_generation,Solar,2026-08-05T07:10:17Z
2026-08-05T07:08:29Z,2026-08-05T09:08:29+0200,d671fb79-bd81-42f3-a5fe-a0a907bfe6ea,2026-07-17T23:30:00Z,2026-07-18T01:30:00+0200,0.0,MW,FR,FR,forecast_solar_generation,Solar,2026-08-05T07:10:17Z
2026-08-05T07:08:29Z,2026-08-05T09:08:29+0200,d671fb79-bd81-42f3-a5fe-a0a907bfe6ea,2026-07-17T23:45:00Z,2026-07-18T01:45:00+0200,0.0,MW,FR,FR,forecast_solar_generation,Solar,2026-08-05T07:10:17Z
2026-08-05T07:08:29Z,2026-08-05T09:08:29+0200,d671fb79-bd81-42f3-a5fe-a0a907bfe6ea,2026-07-18T00:00:00Z,2026-07-18T02:00:00+0200,0.0,MW,FR,FR,forecast_solar_generation,Solar,2026-08-05T07:10:17Z
2026-08-05T07:08:29Z,2026-08-05T09:08:29+0200,d671fb79-bd81-42f3-a5fe-a0a907bfe6ea,2026-07-18T00:15:00Z,2026-07-18T02:15:00+0200,0.0,MW,FR,FR,forecast_solar_generation,Solar,2026-08-05T07:10:17Z
2026-08-05T07:08:29Z,2026-08-05T09:08:29+0200,d671fb79-bd81-42f3-a5fe-a0a907bfe6ea,2026-07-18T00:30:00Z,2026-07-18T02:30:00+0200,0.0,MW,FR,FR,forecast_solar_generation,Solar,2026-08-05T07:10:17Z
2026-08-05T07:08:29Z,2026-08-05T09:08:29+0200,d671fb79-bd81-42f3-a5fe-a0a907bfe6ea,2026-07-18T00:45:00Z,2026-07-18T02:45:00+0200,0.0,MW,FR,FR,forecast_solar_generation,Solar,2026-08-05T07:10:17Z
2026-08-05T07:08:29Z,2026-08-05T09:08:29+0200,d671fb79-bd81-42f3-a5fe-a0a907bfe6ea,2026-07-18T01:00:00Z,2026-07-18T03:00:00+0200,0.0,MW,FR,FR,forecast_solar_generation,Solar,2026-08-05T07:10:17Z
2026-08-05T07:08:29Z,2026-08-05T09:08:29+0200,d671fb79-bd81-42f3-a5fe-a0a907bfe6ea,2026-07-18T01:15:00Z,2026-07-18T03:15:00+0200,0.0,MW,FR,FR,forecast_solar_generation,Solar,2026-08-05T07:10:17Z
2026-08-05T07:08:29Z,2026-08-05T09:08:29+0200,d671fb79-bd81-42f3-a5fe-a0a907bfe6ea,2026-07-18T01:30:00Z,2026-07-18T03:30:00+0200,0.0,MW,FR,FR,forecast_solar_generation,Solar,2026-08-05T07:10:17Z
2026-08-05T07:08:29Z,2026-08-05T09:08:29+0200,d671fb79-bd81-42f3-a5fe-a0a907bfe6ea,2026-07-18T01:45:00Z,2026-07-18T03:45:00+0200,0.0,MW,FR,FR,forecast_solar_generation,Solar,2026-08-05T07:10:17Z
2026-08-05T07:08:29Z,2026-08-05T09:08:29+0200,d671fb79-bd81-42f3-a5fe-a0a907bfe6ea,2026-07-18T02:00:00Z,2026-07-18T04:00:00+0200,0.0,MW,FR,FR,forecast_solar_generation,Solar,2026-08-05T07:10:17Z
2026-08-05T07:08:29Z,2026-08-05T09:08:29+0200,d671fb79-bd81-42f3-a5fe-a0a907bfe6ea,2026-07-18T02:15:00Z,2026-07-18T04:15:00+0200,0.0,MW,FR,FR,forecast_solar_generation,Solar,2026-08-05T07:10:17Z
2026-08-05T07:08:29Z,2026-08-05T09:08:29+0200,d671fb79-bd81-42f3-a5fe-a0a907bfe6ea,2026-07-18T02:30:00Z,2026-07-18T04:30:00+0200,0.0,MW,FR,FR,forecast_solar_generation,Solar,2026-08-05T07:10:17Z
2026-08-05T07:08:29Z,2026-08-05T09:08:29+0200,d671fb79-bd81-42f3-a5fe-a0a907bfe6ea,2026-07-18T02:45:00Z,2026-07-18T04:45:00+0200,0.0,MW,FR,FR,forecast_solar_generation,Solar,2026-08-05T07:10:17Z
2026-08-05T07:08:29Z,2026-08-05T09:08:29+0200,d671fb79-bd81-42f3-a5fe-a0a907bfe6ea,2026-07-18T03:00:00Z,2026-07-18T05:00:00+0200,0.0,MW,FR,FR,forecast_solar_generation,Solar,2026-08-05T07:10:17Z
2026-08-05T07:08:29Z,2026-08-05T09:08:29+0200,d671fb79-bd81-42f3-a5fe-a0a907bfe6ea,2026-07-18T03:15:00Z,2026-07-18T05:15:00+0200,0.0,MW,FR,FR,forecast_solar_generation,Solar,2026-08-05T07:10:17Z
2026-08-05T07:08:29Z,2026-08-05T09:08:29+0200,d671fb79-bd81-42f3-a5fe-a0a907bfe6ea,2026-07-18T03:30:00Z,2026-07-18T05:30:00+0200,0.0,MW,FR,FR,forecast_solar_generation,Solar,2026-08-05T07:10:17Z
2026-08-05T07:08:29Z,2026-08-05T09:08:29+0200,d671fb79-bd81-42f3-a5fe-a0a907bfe6ea,2026-07-18T03:45:00Z,2026-07-18T05:45:00+0200,0.57489,MW,FR,FR,forecast_solar_generation,Solar,2026-08-05T07:10:17Z
2026-08-05T07:08:29Z,2026-08-05T09:08:29+0200,d671fb79-bd81-42f3-a5fe-a0a907bfe6ea,2026-07-18T04:00:00Z,2026-07-18T06:00:00+0200,20.1376,MW,FR,FR,forecast_solar_generation,Solar,2026-08-05T07:10:17Z
2026-08-05T07:08:29Z,2026-08-05T09:08:29+0200,d671fb79-bd81-42f3-a5fe-a0a907bfe6ea,2026-07-18T04:15:00Z,2026-07-18T06:15:00+0200,69.83212,MW,FR,FR,forecast_solar_generation,Solar,2026-08-05T07:10:17Z
2026-08-05T07:08:29Z,2026-08-05T09:08:29+0200,d671fb79-bd81-42f3-a5fe-a0a907bfe6ea,2026-07-18T04:30:00Z,2026-07-18T06:30:00+0200,141.09505,MW,FR,FR,forecast_solar_generation,Solar,2026-08-05T07:10:17Z
2026-08-05T07:08:29Z,2026-08-05T09:08:29+0200,d671fb79-bd81-42f3-a5fe-a0a907bfe6ea,2026-07-18T04:45:00Z,2026-07-18T06:45:00+0200,367.04324,MW,FR,FR,forecast_solar_generation,Solar,2026-08-05T07:10:17Z
2026-08-05T07:08:29Z,2026-08-05T09:08:29+0200,d671fb79-bd81-42f3-a5fe-a0a907bfe6ea,2026-07-18T05:00:00Z,2026-07-18T07:00:00+0200,712.75525,MW,FR,FR,forecast_solar_generation,Solar,2026-08-05T07:10:17Z
2026-08-05T07:08:29Z,2026-08-05T09:08:29+0200,d671fb79-bd81-42f3-a5fe-a0a907bfe6ea,2026-07-18T05:15:00Z,2026-07-18T07:15:00+0200,1118.47961,MW,FR,FR,forecast_solar_generation,Solar,2026-08-05T07:10:17Z
2026-08-05T07:08:29Z,2026-08-05T09:08:29+0200,d671fb79-bd81-42f3-a5fe-a0a907bfe6ea,2026-07-18T05:30:00Z,2026-07-18T07:30:00+0200,1570.24084,MW,FR,FR,forecast_solar_generation,Solar,2026-08-05T07:10:17Z
2026-08-05T07:08:29Z,2026-08-05T09:08:29+0200,d671fb79-bd81-42f3-a5fe-a0a907bfe6ea,2026-07-18T05:45:00Z,2026-07-18T07:45:00+0200,2336.75269,MW,FR,FR,forecast_solar_generation,Solar,2026-08-05T07:10:17Z
2026-08-05T07:08:29Z,2026-08-05T09:08:29+0200,d671fb79-bd81-42f3-a5fe-a0a907bfe6ea,2026-07-18T06:00:00Z,2026-07-18T08:00:00+0200,3197.22412,MW,FR,FR,forecast_solar_generation,Solar,2026-08-05T07:10:17Z
2026-08-05T07:08:29Z,2026-08-05T09:08:29+0200,d671fb79-bd81-42f3-a5fe-a0a907bfe6ea,2026-07-18T06:15:00Z,2026-07-18T08:15:00+0200,4218.96826,MW,FR,FR,forecast_solar_generation,Solar,2026-08-05T07:10:17Z
2026-08-05T07:08:29Z,2026-08-05T09:08:29+0200,d671fb79-bd81-42f3-a5fe-a0a907bfe6ea,2026-07-18T06:30:00Z,2026-07-18T08:30:00+0200,5182.71875,MW,FR,FR,forecast_solar_generation,Solar,2026-08-05T07:10:17Z
2026-08-05T07:08:29Z,2026-08-05T09:08:29+0200,d671fb79-bd81-42f3-a5fe-a0a907bfe6ea,2026-07-18T06:45:00Z,2026-07-18T08:45:00+0200,6508.19043,MW,FR,FR,forecast_solar_generation,Solar,2026-08-05T07:10:17Z
2026-08-05T07:08:29Z,2026-08-05T09:08:29+0200,d671fb79-bd81-42f3-a5fe-a0a907bfe6ea,2026-07-18T07:00:00Z,2026-07-18T09:00:00+0200,7595.51416,MW,FR,FR,forecast_solar_generation,Solar,2026-08-05T07:10:17Z
2026-08-05T07:08:29Z,2026-08-05T09:08:29+0200,d671fb79-bd81-42f3-a5fe-a0a907bfe6ea,2026-07-18T07:15:00Z,2026-07-18T09:15:00+0200,8936.64844,MW,FR,FR,forecast_solar_generation,Solar,2026-08-05T07:10:17Z
2026-08-05T07:08:29Z,2026-08-05T09:08:29+0200,d671fb79-bd81-42f3-a5fe-a0a907bfe6ea,2026-07-18T07:30:00Z,2026-07-18T09:30:00+0200,10002.15625,MW,FR,FR,forecast_solar_generation,Solar,2026-08-05T07:10:17Z
2026-08-05T07:08:29Z,2026-08-05T09:08:29+0200,d671fb79-bd81-42f3-a5fe-a0a907bfe6ea,2026-07-18T07:45:00Z,2026-07-18T09:45:00+0200,11189.83887,MW,FR,FR,forecast_solar_generation,Solar,2026-08-05T07:10:17Z
2026-08-05T07:08:29Z,2026-08-05T09:08:29+0200,d671fb79-bd81-42f3-a5fe-a0a907bfe6ea,2026-07-18T08:00:00Z,2026-07-18T10:00:00+0200,12241.57812,MW,FR,FR,forecast_solar_generation,Solar,2026-08-05T07:10:17Z
2026-08-05T07:08:29Z,2026-08-05T09:08:29+0200,d671fb79-bd81-42f3-a5fe-a0a907bfe6ea,2026-07-18T08:15:00Z,2026-07-18T10:15:00+0200,13466.75781,MW,FR,FR,forecast_solar_generation,Solar,2026-08-05T07:10:17Z
2026-08-05T07:08:29Z,2026-08-05T09:08:29+0200,d671fb79-bd81-42f3-a5fe-a0a907bfe6ea,2026-07-18T08:30:00Z,2026-07-18T10:30:00+0200,14422.94727,MW,FR,FR,forecast_solar_generation,Solar,2026-08-05T07:10:17Z
2026-08-05T07:08:29Z,2026-08-05T09:08:29+0200,d671fb79-bd81-42f3-a5fe-a0a907bfe6ea,2026-07-18T08:45:00Z,2026-07-18T10:45:00+0200,15300.46094,MW,FR,FR,forecast_solar_generation,Solar,2026-08-05T07:10:17Z
2026-08-05T07:08:29Z,2026-08-05T09:08:29+0200,d671fb79-bd81-42f3-a5fe-a0a907bfe6ea,2026-07-18T09:00:00Z,2026-07-18T11:00:00+0200,16068.32422,MW,FR,FR,forecast_solar_generation,Solar,2026-08-05T07:10:17Z
2026-08-05T07:08:29Z,2026-08-05T09:08:29+0200,d671fb79-bd81-42f3-a5fe-a0a907bfe6ea,2026-07-18T09:15:00Z,2026-07-18T11:15:00+0200,16795.89062,MW,FR,FR,forecast_solar_generation,Solar,2026-08-05T07:10:17Z
2026-08-05T07:08:29Z,2026-08-05T09:08:29+0200,d671fb79-bd81-42f3-a5fe-a0a907bfe6ea,2026-07-18T09:30:00Z,2026-07-18T11:30:00+0200,17433.73047,MW,FR,FR,forecast_solar_generation,Solar,2026-08-05T07:10:17Z
2026-08-05T07:08:29Z,2026-08-05T09:08:29+0200,d671fb79-bd81-42f3-a5fe-a0a907bfe6ea,2026-07-18T09:45:00Z,2026-07-18T11:45:00+0200,17942.26562,MW,FR,FR,forecast_solar_generation,Solar,2026-08-05T07:10:17Z
2026-08-05T07:08:29Z,2026-08-05T09:08:29+0200,d671fb79-bd81-42f3-a5fe-a0a907bfe6ea,2026-07-18T10:00:00Z,2026-07-18T12:00:00+0200,18450.87695,MW,FR,FR,forecast_solar_generation,Solar,2026-08-05T07:10:17Z
2026-08-05T07:08:29Z,2026-08-05T09:08:29+0200,d671fb79-bd81-42f3-a5fe-a0a907bfe6ea,2026-07-18T10:15:00Z,2026-07-18T12:15:00+0200,18844.28516,MW,FR,FR,forecast_solar_generation,Solar,2026-08-05T07:10:17Z
2026-08-05T07:08:29Z,2026-08-05T09:08:29+0200,d671fb79-bd81-42f3-a5fe-a0a907bfe6ea,2026-07-18T10:30:00Z,2026-07-18T12:30:00+0200,19228.48047,MW,FR,FR,forecast_solar_generation,Solar,2026-08-05T07:10:17Z
2026-08-05T07:08:29Z,2026-08-05T09:08:29+0200,d671fb79-bd81-42f3-a5fe-a0a907bfe6ea,2026-07-18T10:45:00Z,2026-07-18T12:45:00+0200,19394.75,MW,FR,FR,forecast_solar_generation,Solar,2026-08-05T07:10:17Z
2026-08-05T07:08:29Z,2026-08-05T09:08:29+0200,d671fb79-bd81-42f3-a5fe-a0a907bfe6ea,2026-07-18T11:00:00Z,2026-07-18T13:00:00+0200,19607.69727,MW,FR,FR,forecast_solar_generation,Solar,2026-08-05T07:10:17Z
2026-08-05T07:08:29Z,2026-08-05T09:08:29+0200,d671fb79-bd81-42f3-a5fe-a0a907bfe6ea,2026-07-18T11:15:00Z,2026-07-18T13:15:00+0200,19780.0625,MW,FR,FR,forecast_solar_generation,Solar,2026-08-05T07:10:17Z
2026-08-05T07:08:29Z,2026-08-05T09:08:29+0200,d671fb79-bd81-42f3-a5fe-a0a907bfe6ea,2026-07-18T11:30:00Z,2026-07-18T13:30:00+0200,15431.48242,MW,FR,FR,forecast_solar_generation,Solar,2026-08-05T07:10:17Z
2026-08-05T07:08:29Z,2026-08-05T09:08:29+0200,d671fb79-bd81-42f3-a5fe-a0a907bfe6ea,2026-07-18T11:45:00Z,2026-07-18T13:45:00+0200,15475.11133,MW,FR,FR,forecast_solar_generation,Solar,2026-08-05T07:10:17Z
2026-08-05T07:08:29Z,2026-08-05T09:08:29+0200,d671fb79-bd81-42f3-a5fe-a0a907bfe6ea,2026-07-18T12:00:00Z,2026-07-18T14:00:00+0200,15500.75098,MW,FR,FR,forecast_solar_generation,Solar,2026-08-05T07:10:17Z
2026-08-05T07:08:29Z,2026-08-05T09:08:29+0200,d671fb79-bd81-42f3-a5fe-a0a907bfe6ea,2026-07-18T12:15:00Z,2026-07-18T14:15:00+0200,15488.2168,MW,FR,FR,forecast_solar_generation,Solar,2026-08-05T07:10:17Z
2026-08-05T07:08:29Z,2026-08-05T09:08:29+0200,d671fb79-bd81-42f3-a5fe-a0a907bfe6ea,2026-07-18T12:30:00Z,2026-07-18T14:30:00+0200,15421.79883,MW,FR,FR,forecast_solar_generation,Solar,2026-08-05T07:10:17Z
2026-08-05T07:08:29Z,2026-08-05T09:08:29+0200,d671fb79-bd81-42f3-a5fe-a0a907bfe6ea,2026-07-18T12:45:00Z,2026-07-18T14:45:00+0200,15312.53711,MW,FR,FR,forecast_solar_generation,Solar,2026-08-05T07:10:17Z
2026-08-05T07:08:29Z,2026-08-05T09:08:29+0200,d671fb79-bd81-42f3-a5fe-a0a907bfe6ea,2026-07-18T13:00:00Z,2026-07-18T15:00:00+0200,15163.1582,MW,FR,FR,forecast_solar_generation,Solar,2026-08-05T07:10:17Z
2026-08-05T07:08:29Z,2026-08-05T09:08:29+0200,d671fb79-bd81-42f3-a5fe-a0a907bfe6ea,2026-07-18T13:15:00Z,2026-07-18T15:15:00+0200,19312.16992,MW,FR,FR,forecast_solar_generation,Solar,2026-08-05T07:10:17Z
2026-08-05T07:08:29Z,2026-08-05T09:08:29+0200,d671fb79-bd81-42f3-a5fe-a0a907bfe6ea,2026-07-18T13:30:00Z,2026-07-18T15:30:00+0200,19045.4668,MW,FR,FR,forecast_solar_generation,Solar,2026-08-05T07:10:17Z
2026-08-05T07:08:29Z,2026-08-05T09:08:29+0200,d671fb79-bd81-42f3-a5fe-a0a907bfe6ea,2026-07-18T13:45:00Z,2026-07-18T15:45:00+0200,18613.30664,MW,FR,FR,forecast_solar_generation,Solar,2026-08-05T07:10:17Z
2026-08-05T07:08:29Z,2026-08-05T09:08:29+0200,d671fb79-bd81-42f3-a5fe-a0a907bfe6ea,2026-07-18T14:00:00Z,2026-07-18T16:00:00+0200,18168.06836,MW,FR,FR,forecast_solar_generation,Solar,2026-08-05T07:10:17Z
2026-08-05T07:08:29Z,2026-08-05T09:08:29+0200,d671fb79-bd81-42f3-a5fe-a0a907bfe6ea,2026-07-18T14:15:00Z,2026-07-18T16:15:00+0200,17657.77148,MW,FR,FR,forecast_solar_generation,Solar,2026-08-05T07:10:17Z
2026-08-05T07:08:29Z,2026-08-05T09:08:29+0200,d671fb79-bd81-42f3-a5fe-a0a907bfe6ea,2026-07-18T14:30:00Z,2026-07-18T16:30:00+0200,17041.13672,MW,FR,FR,forecast_solar_generation,Solar,2026-08-05T07:10:17Z
2026-08-05T07:08:29Z,2026-08-05T09:08:29+0200,d671fb79-bd81-42f3-a5fe-a0a907bfe6ea,2026-07-18T14:45:00Z,2026-07-18T16:45:00+0200,16328.66992,MW,FR,FR,forecast_solar_generation,Solar,2026-08-05T07:10:17Z
2026-08-05T07:08:29Z,2026-08-05T09:08:29+0200,d671fb79-bd81-42f3-a5fe-a0a907bfe6ea,2026-07-18T15:00:00Z,2026-07-18T17:00:00+0200,15605.8877,MW,FR,FR,forecast_solar_generation,Solar,2026-08-05T07:10:17Z
2026-08-05T07:08:29Z,2026-08-05T09:08:29+0200,d671fb79-bd81-42f3-a5fe-a0a907bfe6ea,2026-07-18T15:15:00Z,2026-07-18T17:15:00+0200,14765.72461,MW,FR,FR,forecast_solar_generation,Solar,2026-08-05T07:10:17Z
2026-08-05T07:08:29Z,2026-08-05T09:08:29+0200,d671fb79-bd81-42f3-a5fe-a0a907bfe6ea,2026-07-18T15:30:00Z,2026-07-18T17:30:00+0200,13942.42578,MW,FR,FR,forecast_solar_generation,Solar,2026-08-05T07:10:17Z
2026-08-05T07:08:29Z,2026-08-05T09:08:29+0200,d671fb79-bd81-42f3-a5fe-a0a907bfe6ea,2026-07-18T15:45:00Z,2026-07-18T17:45:00+0200,13067.625,MW,FR,FR,forecast_solar_generation,Solar,2026-08-05T07:10:17Z
2026-08-05T07:08:29Z,2026-08-05T09:08:29+0200,d671fb79-bd81-42f3-a5fe-a0a907bfe6ea,2026-07-18T16:00:00Z,2026-07-18T18:00:00+0200,12113.19727,MW,FR,FR,forecast_solar_generation,Solar,2026-08-05T07:10:17Z
2026-08-05T07:08:29Z,2026-08-05T09:08:29+0200,d671fb79-bd81-42f3-a5fe-a0a907bfe6ea,2026-07-18T16:15:00Z,2026-07-18T18:15:00+0200,11077.1543,MW,FR,FR,forecast_solar_generation,Solar,2026-08-05T07:10:17Z
2026-08-05T07:08:29Z,2026-08-05T09:08:29+0200,d671fb79-bd81-42f3-a5fe-a0a907bfe6ea,2026-07-18T16:30:00Z,2026-07-18T18:30:00+0200,9992.3291,MW,FR,FR,forecast_solar_generation,Solar,2026-08-05T07:10:17Z
2026-08-05T07:08:29Z,2026-08-05T09:08:29+0200,d671fb79-bd81-42f3-a5fe-a0a907bfe6ea,2026-07-18T16:45:00Z,2026-07-18T18:45:00+0200,8975.28418,MW,FR,FR,forecast_solar_generation,Solar,2026-08-05T07:10:17Z
2026-08-05T07:08:29Z,2026-08-05T09:08:29+0200,d671fb79-bd81-42f3-a5fe-a0a907bfe6ea,2026-07-18T17:00:00Z,2026-07-18T19:00:00+0200,7751.46777,MW,FR,FR,forecast_solar_generation,Solar,2026-08-05T07:10:17Z
2026-08-05T07:08:29Z,2026-08-05T09:08:29+0200,d671fb79-bd81-42f3-a5fe-a0a907bfe6ea,2026-07-18T17:15:00Z,2026-07-18T19:15:00+0200,6676.48926,MW,FR,FR,forecast_solar_generation,Solar,2026-08-05T07:10:17Z
2026-08-05T07:08:29Z,2026-08-05T09:08:29+0200,d671fb79-bd81-42f3-a5fe-a0a907bfe6ea,2026-07-18T17:30:00Z,2026-07-18T19:30:00+0200,5448.55615,MW,FR,FR,forecast_solar_generation,Solar,2026-08-05T07:10:17Z
2026-08-05T07:08:29Z,2026-08-05T09:08:29+0200,d671fb79-bd81-42f3-a5fe-a0a907bfe6ea,2026-07-18T17:45:00Z,2026-07-18T19:45:00+0200,4529.23193,MW,FR,FR,forecast_solar_generation,Solar,2026-08-05T07:10:17Z
2026-08-05T07:08:29Z,2026-08-05T09:08:29+0200,d671fb79-bd81-42f3-a5fe-a0a907bfe6ea,2026-07-18T18:00:00Z,2026-07-18T20:00:00+0200,3449.46436,MW,FR,FR,forecast_solar_generation,Solar,2026-08-05T07:10:17Z
2026-08-05T07:08:29Z,2026-08-05T09:08:29+0200,d671fb79-bd81-42f3-a5fe-a0a907bfe6ea,2026-07-18T18:15:00Z,2026-07-18T20:15:00+0200,2601.79297,MW,FR,FR,forecast_solar_generation,Solar,2026-08-05T07:10:17Z
2026-08-05T07:08:29Z,2026-08-05T09:08:29+0200,d671fb79-bd81-42f3-a5fe-a0a907bfe6ea,2026-07-18T18:30:00Z,2026-07-18T20:30:00+0200,1843.05188,MW,FR,FR,forecast_solar_generation,Solar,2026-08-05T07:10:17Z
2026-08-05T07:08:29Z,2026-08-05T09:08:29+0200,d671fb79-bd81-42f3-a5fe-a0a907bfe6ea,2026-07-18T18:45:00Z,2026-07-18T20:45:00+0200,1322.32373,MW,FR,FR,forecast_solar_generation,Solar,2026-08-05T07:10:17Z
2026-08-05T07:08:29Z,2026-08-05T09:08:29+0200,d671fb79-bd81-42f3-a5fe-a0a907bfe6ea,2026-07-18T19:00:00Z,2026-07-18T21:00:00+0200,869.65912,MW,FR,FR,forecast_solar_generation,Solar,2026-08-05T07:10:17Z
2026-08-05T07:08:29Z,2026-08-05T09:08:29+0200,d671fb79-bd81-42f3-a5fe-a0a907bfe6ea,2026-07-18T19:15:00Z,2026-07-18T21:15:00+0200,435.67603,MW,FR,FR,forecast_solar_generation,Solar,2026-08-05T07:10:17Z
2026-08-05T07:08:29Z,2026-08-05T09:08:29+0200,d671fb79-bd81-42f3-a5fe-a0a907bfe6ea,2026-07-18T19:30:00Z,2026-07-18T21:30:00+0200,139.28702,MW,FR,FR,forecast_solar_generation,Solar,2026-08-05T07:10:17Z
2026-08-05T07:08:29Z,2026-08-05T09:08:29+0200,d671fb79-bd81-42f3-a5fe-a0a907bfe6ea,2026-07-18T19:45:00Z,2026-07-18T21:45:00+0200,23.22523,MW,FR,FR,forecast_solar_generation,Solar,2026-08-05T07:10:17Z
2026-08-05T07:08:29Z,2026-08-05T09:08:29+0200,d671fb79-bd81-42f3-a5fe-a0a907bfe6ea,2026-07-18T20:00:00Z,2026-07-18T22:00:00+0200,0.49179,MW,FR,FR,forecast_solar_generation,Solar,2026-08-05T07:10:17Z
2026-08-05T07:08:29Z,2026-08-05T09:08:29+0200,d671fb79-bd81-42f3-a5fe-a0a907bfe6ea,2026-07-18T20:15:00Z,2026-07-18T22:15:00+0200,0.0,MW,FR,FR,forecast_solar_generation,Solar,2026-08-05T07:10:17Z
2026-08-05T07:08:29Z,2026-08-05T09:08:29+0200,d671fb79-bd81-42f3-a5fe-a0a907bfe6ea,2026-07-18T20:30:00Z,2026-07-18T22:30:00+0200,0.0,MW,FR,FR,forecast_solar_generation,Solar,2026-08-05T07:10:17Z
2026-08-05T07:08:29Z,2026-08-05T09:08:29+0200,d671fb79-bd81-42f3-a5fe-a0a907bfe6ea,2026-07-18T20:45:00Z,2026-07-18T22:45:00+0200,0.0,MW,FR,FR,forecast_solar_generation,Solar,2026-08-05T07:10:17Z
2026-08-05T07:08:29Z,2026-08-05T09:08:29+0200,d671fb79-bd81-42f3-a5fe-a0a907bfe6ea,2026-07-18T21:00:00Z,2026-07-18T23:00:00+0200,0.0,MW,FR,FR,forecast_solar_generation,Solar,2026-08-05T07:10:17Z
2026-08-05T07:08:29Z,2026-08-05T09:08:29+0200,d671fb79-bd81-42f3-a5fe-a0a907bfe6ea,2026-07-18T21:15:00Z,2026-07-18T23:15:00+0200,0.0,MW,FR,FR,forecast_solar_generation,Solar,2026-08-05T07:10:17Z
2026-08-05T07:08:29Z,2026-08-05T09:08:29+0200,d671fb79-bd81-42f3-a5fe-a0a907bfe6ea,2026-07-18T21:30:00Z,2026-07-18T23:30:00+0200,0.0,MW,FR,FR,forecast_solar_generation,Solar,2026-08-05T07:10:17Z
2026-08-05T07:08:29Z,2026-08-05T09:08:29+0200,d671fb79-bd81-42f3-a5fe-a0a907bfe6ea,2026-07-18T21:45:00Z,2026-07-18T23:45:00+0200,0.0,MW,FR,FR,forecast_solar_generation,Solar,2026-08-05T07:10:17Z
2026-08-05T07:08:29Z,2026-08-05T09:08:29+0200,d671fb79-bd81-42f3-a5fe-a0a907bfe6ea,2026-07-18T22:00:00Z,2026-07-19T00:00:00+0200,0.0,MW,FR,FR,forecast_solar_generation,Solar,2026-08-05T07:10:17Z
2026-08-05T07:08:29Z,2026-08-05T09:08:29+0200,d671fb79-bd81-42f3-a5fe-a0a907bfe6ea,2026-07-18T22:15:00Z,2026-07-19T00:15:00+0200,0.0,MW,FR,FR,forecast_solar_generation,Solar,2026-08-05T07:10:17Z
2026-08-05T07:08:29Z,2026-08-05T09:08:29+0200,d671fb79-bd81-42f3-a5fe-a0a907bfe6ea,2026-07-18T22:30:00Z,2026-07-19T00:30:00+0200,0.0,MW,FR,FR,forecast_solar_generation,Solar,2026-08-05T07:10:17Z
2026-08-05T07:08:29Z,2026-08-05T09:08:29+0200,d671fb79-bd81-42f3-a5fe-a0a907bfe6ea,2026-07-18T22:45:00Z,2026-07-19T00:45:00+0200,0.0,MW,FR,FR,forecast_solar_generation,Solar,2026-08-05T07:10:17Z
2026-08-05T07:08:29Z,2026-08-05T09:08:29+0200,d671fb79-bd81-42f3-a5fe-a0a907bfe6ea,2026-07-18T23:00:00Z,2026-07-19T01:00:00+0200,0.0,MW,FR,FR,forecast_solar_generation,Solar,2026-08-05T07:10:17Z
2026-08-05T07:08:29Z,2026-08-05T09:08:29+0200,d671fb79-bd81-42f3-a5fe-a0a907bfe6ea,2026-07-18T23:15:00Z,2026-07-19T01:15:00+0200,0.0,MW,FR,FR,forecast_solar_generation,Solar,2026-08-05T07:10:17Z
2026-08-05T07:08:29Z,2026-08-05T09:08:29+0200,d671fb79-bd81-42f3-a5fe-a0a907bfe6ea,2026-07-18T23:30:00Z,2026-07-19T01:30:00+0200,0.0,MW,FR,FR,forecast_solar_generation,Solar,2026-08-05T07:10:17Z
2026-08-05T07:08:29Z,2026-08-05T09:08:29+0200,d671fb79-bd81-42f3-a5fe-a0a907bfe6ea,2026-07-18T23:45:00Z,2026-07-19T01:45:00+0200,0.0,MW,FR,FR,forecast_solar_generation,Solar,2026-08-05T07:10:17Z
2026-08-05T07:08:29Z,2026-08-05T09:08:29+0200,d671fb79-bd81-42f3-a5fe-a0a907bfe6ea,2026-07-19T00:00:00Z,2026-07-19T02:00:00+0200,0.0,MW,FR,FR,forecast_solar_generation,Solar,2026-08-05T07:10:17Z
2026-08-05T07:08:29Z,2026-08-05T09:08:29+0200,d671fb79-bd81-42f3-a5fe-a0a907bfe6ea,2026-07-19T00:15:00Z,2026-07-19T02:15:00+0200,0.0,MW,FR,FR,forecast_solar_generation,Solar,2026-08-05T07:10:17Z
2026-08-05T07:08:29Z,2026-08-05T09:08:29+0200,d671fb79-bd81-42f3-a5fe-a0a907bfe6ea,2026-07-19T00:30:00Z,2026-07-19T02:30:00+0200,0.0,MW,FR,FR,forecast_solar_generation,Solar,2026-08-05T07:10:17Z
2026-08-05T07:08:29Z,2026-08-05T09:08:29+0200,d671fb79-bd81-42f3-a5fe-a0a907bfe6ea,2026-07-19T00:45:00Z,2026-07-19T02:45:00+0200,0.0,MW,FR,FR,forecast_solar_generation,Solar,2026-08-05T07:10:17Z
2026-08-05T07:08:29Z,2026-08-05T09:08:29+0200,d671fb79-bd81-42f3-a5fe-a0a907bfe6ea,2026-07-19T01:00:00Z,2026-07-19T03:00:00+0200,0.0,MW,FR,FR,forecast_solar_generation,Solar,2026-08-05T07:10:17Z
2026-08-05T07:08:29Z,2026-08-05T09:08:29+0200,d671fb79-bd81-42f3-a5fe-a0a907bfe6ea,2026-07-19T01:15:00Z,2026-07-19T03:15:00+0200,0.0,MW,FR,FR,forecast_solar_generation,Solar,2026-08-05T07:10:17Z
2026-08-05T07:08:29Z,2026-08-05T09:08:29+0200,d671fb79-bd81-42f3-a5fe-a0a907bfe6ea,2026-07-19T01:30:00Z,2026-07-19T03:30:00+0200,0.0,MW,FR,FR,forecast_solar_generation,Solar,2026-08-05T07:10:17Z
2026-08-05T07:08:29Z,2026-08-05T09:08:29+0200,d671fb79-bd81-42f3-a5fe-a0a907bfe6ea,2026-07-19T01:45:00Z,2026-07-19T03:45:00+0200,0.0,MW,FR,FR,forecast_solar_generation,Solar,2026-08-05T07:10:17Z
2026-08-05T07:08:29Z,2026-08-05T09:08:29+0200,d671fb79-bd81-42f3-a5fe-a0a907bfe6ea,2026-07-19T02:00:00Z,2026-07-19T04:00:00+0200,0.0,MW,FR,FR,forecast_solar_generation,Solar,2026-08-05T07:10:17Z
2026-08-05T07:08:29Z,2026-08-05T09:08:29+0200,d671fb79-bd81-42f3-a5fe-a0a907bfe6ea,2026-07-19T02:15:00Z,2026-07-19T04:15:00+0200,0.0,MW,FR,FR,forecast_solar_generation,Solar,2026-08-05T07:10:17Z
2026-08-05T07:08:29Z,2026-08-05T09:08:29+0200,d671fb79-bd81-42f3-a5fe-a0a907bfe6ea,2026-07-19T02:30:00Z,2026-07-19T04:30:00+0200,0.0,MW,FR,FR,forecast_solar_generation,Solar,2026-08-05T07:10:17Z
2026-08-05T07:08:29Z,2026-08-05T09:08:29+0200,d671fb79-bd81-42f3-a5fe-a0a907bfe6ea,2026-07-19T02:45:00Z,2026-07-19T04:45:00+0200,0.0,MW,FR,FR,forecast_solar_generation,Solar,2026-08-05T07:10:17Z
2026-08-05T07:08:29Z,2026-08-05T09:08:29+0200,d671fb79-bd81-42f3-a5fe-a0a907bfe6ea,2026-07-19T03:00:00Z,2026-07-19T05:00:00+0200,0.0,MW,FR,FR,forecast_solar_generation,Solar,2026-08-05T07:10:17Z
2026-08-05T07:08:29Z,2026-08-05T09:08:29+0200,d671fb79-bd81-42f3-a5fe-a0a907bfe6ea,2026-07-19T03:15:00Z,2026-07-19T05:15:00+0200,0.0,MW,FR,FR,forecast_solar_generation,Solar,2026-08-05T07:10:17Z
2026-08-05T07:08:29Z,2026-08-05T09:08:29+0200,d671fb79-bd81-42f3-a5fe-a0a907bfe6ea,2026-07-19T03:30:00Z,2026-07-19T05:30:00+0200,0.0,MW,FR,FR,forecast_solar_generation,Solar,2026-08-05T07:10:17Z
2026-08-05T07:08:29Z,2026-08-05T09:08:29+0200,d671fb79-bd81-42f3-a5fe-a0a907bfe6ea,2026-07-19T03:45:00Z,2026-07-19T05:45:00+0200,0.25933,MW,FR,FR,forecast_solar_generation,Solar,2026-08-05T07:10:17Z
2026-08-05T07:08:29Z,2026-08-05T09:08:29+0200,d671fb79-bd81-42f3-a5fe-a0a907bfe6ea,2026-07-19T04:00:00Z,2026-07-19T06:00:00+0200,17.64369,MW,FR,FR,forecast_solar_generation,Solar,2026-08-05T07:10:17Z
2026-08-05T07:08:29Z,2026-08-05T09:08:29+0200,d671fb79-bd81-42f3-a5fe-a0a907bfe6ea,2026-07-19T04:15:00Z,2026-07-19T06:15:00+0200,61.74677,MW,FR,FR,forecast_solar_generation,Solar,2026-08-05T07:10:17Z
2026-08-05T07:08:29Z,2026-08-05T09:08:29+0200,d671fb79-bd81-42f3-a5fe-a0a907bfe6ea,2026-07-19T04:30:00Z,2026-07-19T06:30:00+0200,133.94196,MW,FR,FR,forecast_solar_generation,Solar,2026-08-05T07:10:17Z
2026-08-05T07:08:29Z,2026-08-05T09:08:29+0200,d671fb79-bd81-42f3-a5fe-a0a907bfe6ea,2026-07-19T04:45:00Z,2026-07-19T06:45:00+0200,366.64145,MW,FR,FR,forecast_solar_generation,Solar,2026-08-05T07:10:17Z
2026-08-05T07:08:29Z,2026-08-05T09:08:29+0200,d671fb79-bd81-42f3-a5fe-a0a907bfe6ea,2026-07-19T05:00:00Z,2026-07-19T07:00:00+0200,722.01324,MW,FR,FR,forecast_solar_generation,Solar,2026-08-05T07:10:17Z
2026-08-05T07:08:29Z,2026-08-05T09:08:29+0200,d671fb79-bd81-42f3-a5fe-a0a907bfe6ea,2026-07-19T05:15:00Z,2026-07-19T07:15:00+0200,1124.18164,MW,FR,FR,forecast_solar_generation,Solar,2026-08-05T07:10:17Z
2026-08-05T07:08:29Z,2026-08-05T09:08:29+0200,d671fb79-bd81-42f3-a5fe-a0a907bfe6ea,2026-07-19T05:30:00Z,2026-07-19T07:30:00+0200,1608.69629,MW,FR,FR,forecast_solar_generation,Solar,2026-08-05T07:10:17Z
2026-08-05T07:08:29Z,2026-08-05T09:08:29+0200,d671fb79-bd81-42f3-a5fe-a0a907bfe6ea,2026-07-19T05:45:00Z,2026-07-19T07:45:00+0200,2374.52466,MW,FR,FR,forecast_solar_generation,Solar,2026-08-05T07:10:17Z
2026-08-05T07:08:29Z,2026-08-05T09:08:29+0200,d671fb79-bd81-42f3-a5fe-a0a907bfe6ea,2026-07-19T06:00:00Z,2026-07-19T08:00:00+0200,3256.53296,MW,FR,FR,forecast_solar_generation,Solar,2026-08-05T07:10:17Z
2026-08-05T07:08:29Z,2026-08-05T09:08:29+0200,d671fb79-bd81-42f3-a5fe-a0a907bfe6ea,2026-07-19T06:15:00Z,2026-07-19T08:15:00+0200,4301.72754,MW,FR,FR,forecast_solar_generation,Solar,2026-08-05T07:10:17Z
2026-08-05T07:08:29Z,2026-08-05T09:08:29+0200,d671fb79-bd81-42f3-a5fe-a0a907bfe6ea,2026-07-19T06:30:00Z,2026-07-19T08:30:00+0200,5315.21338,MW,FR,FR,forecast_solar_generation,Solar,2026-08-05T07:10:17Z
2026-08-05T07:08:29Z,2026-08-05T09:08:29+0200,d671fb79-bd81-42f3-a5fe-a0a907bfe6ea,2026-07-19T06:45:00Z,2026-07-19T08:45:00+0200,6632.34717,MW,FR,FR,forecast_solar_generation,Solar,2026-08-05T07:10:17Z
2026-08-05T07:08:29Z,2026-08-05T09:08:29+0200,d671fb79-bd81-42f3-a5fe-a0a907bfe6ea,2026-07-19T07:00:00Z,2026-07-19T09:00:00+0200,7764.26367,MW,FR,FR,forecast_solar_generation,Solar,2026-08-05T07:10:17Z
2026-08-05T07:08:29Z,2026-08-05T09:08:29+0200,d671fb79-bd81-42f3-a5fe-a0a907bfe6ea,2026-07-19T07:15:00Z,2026-07-19T09:15:00+0200,9101.42285,MW,FR,FR,forecast_solar_generation,Solar,2026-08-05T07:10:17Z
2026-08-05T07:08:29Z,2026-08-05T09:08:29+0200,d671fb79-bd81-42f3-a5fe-a0a907bfe6ea,2026-07-19T07:30:00Z,2026-07-19T09:30:00+0200,7840.80957,MW,FR,FR,forecast_solar_generation,Solar,2026-08-05T07:10:17Z
2026-08-05T07:08:29Z,2026-08-05T09:08:29+0200,d671fb79-bd81-42f3-a5fe-a0a907bfe6ea,2026-07-19T07:45:00Z,2026-07-19T09:45:00+0200,8744.35059,MW,FR,FR,forecast_solar_generation,Solar,2026-08-05T07:10:17Z
2026-08-05T07:08:29Z,2026-08-05T09:08:29+0200,d671fb79-bd81-42f3-a5fe-a0a907bfe6ea,2026-07-19T08:00:00Z,2026-07-19T10:00:00+0200,9593.19141,MW,FR,FR,forecast_solar_generation,Solar,2026-08-05T07:10:17Z
2026-08-05T07:08:29Z,2026-08-05T09:08:29+0200,d671fb79-bd81-42f3-a5fe-a0a907bfe6ea,2026-07-19T08:15:00Z,2026-07-19T10:15:00+0200,10500.6875,MW,FR,FR,forecast_solar_generation,Solar,2026-08-05T07:10:17Z
2026-08-05T07:08:29Z,2026-08-05T09:08:29+0200,d671fb79-bd81-42f3-a5fe-a0a907bfe6ea,2026-07-19T08:30:00Z,2026-07-19T10:30:00+0200,11248.81934,MW,FR,FR,forecast_solar_generation,Solar,2026-08-05T07:10:17Z
2026-08-05T07:08:29Z,2026-08-05T09:08:29+0200,d671fb79-bd81-42f3-a5fe-a0a907bfe6ea,2026-07-19T08:45:00Z,2026-07-19T10:45:00+0200,11963.17773,MW,FR,FR,forecast_solar_generation,Solar,2026-08-05T07:10:17Z
2026-08-05T07:08:29Z,2026-08-05T09:08:29+0200,d671fb79-bd81-42f3-a5fe-a0a907bfe6ea,2026-07-19T09:00:00Z,2026-07-19T11:00:00+0200,12609.6123,MW,FR,FR,forecast_solar_generation,Solar,2026-08-05T07:10:17Z
2026-08-05T07:08:29Z,2026-08-05T09:08:29+0200,d671fb79-bd81-42f3-a5fe-a0a907bfe6ea,2026-07-19T09:15:00Z,2026-07-19T11:15:00+0200,13202.79004,MW,FR,FR,forecast_solar_generation,Solar,2026-08-05T07:10:17Z
2026-08-05T07:08:29Z,2026-08-05T09:08:29+0200,d671fb79-bd81-42f3-a5fe-a0a907bfe6ea,2026-07-19T09:30:00Z,2026-07-19T11:30:00+0200,13742.02734,MW,FR,FR,forecast_solar_generation,Solar,2026-08-05T07:10:17Z
2026-08-05T07:08:29Z,2026-08-05T09:08:29+0200,d671fb79-bd81-42f3-a5fe-a0a907bfe6ea,2026-07-19T09:45:00Z,2026-07-19T11:45:00+0200,14196.78516,MW,FR,FR,forecast_solar_generation,Solar,2026-08-05T07:10:17Z
2026-08-05T07:08:29Z,2026-08-05T09:08:29+0200,d671fb79-bd81-42f3-a5fe-a0a907bfe6ea,2026-07-19T10:00:00Z,2026-07-19T12:00:00+0200,14633.01855,MW,FR,FR,forecast_solar_generation,Solar,2026-08-05T07:10:17Z
2026-08-05T07:08:29Z,2026-08-05T09:08:29+0200,d671fb79-bd81-42f3-a5fe-a0a907bfe6ea,2026-07-19T10:15:00Z,2026-07-19T12:15:00+0200,15014.05273,MW,FR,FR,forecast_solar_generation,Solar,2026-08-05T07:10:17Z
2026-08-05T07:08:29Z,2026-08-05T09:08:29+0200,d671fb79-bd81-42f3-a5fe-a0a907bfe6ea,2026-07-19T10:30:00Z,2026-07-19T12:30:00+0200,14231.82617,MW,FR,FR,forecast_solar_generation,Solar,2026-08-05T07:10:17Z
2026-08-05T07:08:29Z,2026-08-05T09:08:29+0200,d671fb79-bd81-42f3-a5fe-a0a907bfe6ea,2026-07-19T10:45:00Z,2026-07-19T12:45:00+0200,14100.25586,MW,FR,FR,forecast_solar_generation,Solar,2026-08-05T07:10:17Z
2026-08-05T07:08:29Z,2026-08-05T09:08:29+0200,d671fb79-bd81-42f3-a5fe-a0a907bfe6ea,2026-07-19T11:00:00Z,2026-07-19T13:00:00+0200,14055.44043,MW,FR,FR,forecast_solar_generation,Solar,2026-08-05T07:10:17Z
2026-08-05T07:08:29Z,2026-08-05T09:08:29+0200,d671fb79-bd81-42f3-a5fe-a0a907bfe6ea,2026-07-19T11:15:00Z,2026-07-19T13:15:00+0200,13928.94727,MW,FR,FR,forecast_solar_generation,Solar,2026-08-05T07:10:17Z
2026-08-05T07:08:29Z,2026-08-05T09:08:29+0200,d671fb79-bd81-42f3-a5fe-a0a907bfe6ea,2026-07-19T11:30:00Z,2026-07-19T13:30:00+0200,14062.67578,MW,FR,FR,forecast_solar_generation,Solar,2026-08-05T07:10:17Z
2026-08-05T07:08:29Z,2026-08-05T09:08:29+0200,d671fb79-bd81-42f3-a5fe-a0a907bfe6ea,2026-07-19T11:45:00Z,2026-07-19T13:45:00+0200,14111.84863,MW,FR,FR,forecast_solar_generation,Solar,2026-08-05T07:10:17Z
2026-08-05T07:08:29Z,2026-08-05T09:08:29+0200,d671fb79-bd81-42f3-a5fe-a0a907bfe6ea,2026-07-19T12:00:00Z,2026-07-19T14:00:00+0200,14126.44629,MW,FR,FR,forecast_solar_generation,Solar,2026-08-05T07:10:17Z
2026-08-05T07:08:29Z,2026-08-05T09:08:29+0200,d671fb79-bd81-42f3-a5fe-a0a907bfe6ea,2026-07-19T12:15:00Z,2026-07-19T14:15:00+0200,14099.39941,MW,FR,FR,forecast_solar_generation,Solar,2026-08-05T07:10:17Z
2026-08-05T07:08:29Z,2026-08-05T09:08:29+0200,d671fb79-bd81-42f3-a5fe-a0a907bfe6ea,2026-07-19T12:30:00Z,2026-07-19T14:30:00+0200,14024.33105,MW,FR,FR,forecast_solar_generation,Solar,2026-08-05T07:10:17Z
2026-08-05T07:08:29Z,2026-08-05T09:08:29+0200,d671fb79-bd81-42f3-a5fe-a0a907bfe6ea,2026-07-19T12:45:00Z,2026-07-19T14:45:00+0200,13906.41895,MW,FR,FR,forecast_solar_generation,Solar,2026-08-05T07:10:17Z
2026-08-05T07:08:29Z,2026-08-05T09:08:29+0200,d671fb79-bd81-42f3-a5fe-a0a907bfe6ea,2026-07-19T13:00:00Z,2026-07-19T15:00:00+0200,13767.83301,MW,FR,FR,forecast_solar_generation,Solar,2026-08-05T07:10:17Z
2026-08-05T07:08:29Z,2026-08-05T09:08:29+0200,d671fb79-bd81-42f3-a5fe-a0a907bfe6ea,2026-07-19T13:15:00Z,2026-07-19T15:15:00+0200,13531.00586,MW,FR,FR,forecast_solar_generation,Solar,2026-08-05T07:10:17Z
2026-08-05T07:08:29Z,2026-08-05T09:08:29+0200,d671fb79-bd81-42f3-a5fe-a0a907bfe6ea,2026-07-19T13:30:00Z,2026-07-19T15:30:00+0200,13304.48926,MW,FR,FR,forecast_solar_generation,Solar,2026-08-05T07:10:17Z
2026-08-05T07:08:29Z,2026-08-05T09:08:29+0200,d671fb79-bd81-42f3-a5fe-a0a907bfe6ea,2026-07-19T13:45:00Z,2026-07-19T15:45:00+0200,12974.68652,MW,FR,FR,forecast_solar_generation,Solar,2026-08-05T07:10:17Z
2026-08-05T07:08:29Z,2026-08-05T09:08:29+0200,d671fb79-bd81-42f3-a5fe-a0a907bfe6ea,2026-07-19T14:00:00Z,2026-07-19T16:00:00+0200,12633.8125,MW,FR,FR,forecast_solar_generation,Solar,2026-08-05T07:10:17Z
2026-08-05T07:08:29Z,2026-08-05T09:08:29+0200,d671fb79-bd81-42f3-a5fe-a0a907bfe6ea,2026-07-19T14:15:00Z,2026-07-19T16:15:00+0200,12451.74805,MW,FR,FR,forecast_solar_generation,Solar,2026-08-05T07:10:17Z
2026-08-05T07:08:29Z,2026-08-05T09:08:29+0200,d671fb79-bd81-42f3-a5fe-a0a907bfe6ea,2026-07-19T14:30:00Z,2026-07-19T16:30:00+0200,13499.2793,MW,FR,FR,forecast_solar_generation,Solar,2026-08-05T07:10:17Z
2026-08-05T07:08:29Z,2026-08-05T09:08:29+0200,d671fb79-bd81-42f3-a5fe-a0a907bfe6ea,2026-07-19T14:45:00Z,2026-07-19T16:45:00+0200,12868.85156,MW,FR,FR,forecast_solar_generation,Solar,2026-08-05T07:10:17Z
2026-08-05T07:08:29Z,2026-08-05T09:08:29+0200,d671fb79-bd81-42f3-a5fe-a0a907bfe6ea,2026-07-19T15:00:00Z,2026-07-19T17:00:00+0200,12251.95508,MW,FR,FR,forecast_solar_generation,Solar,2026-08-05T07:10:17Z
2026-08-05T07:08:29Z,2026-08-05T09:08:29+0200,d671fb79-bd81-42f3-a5fe-a0a907bfe6ea,2026-07-19T15:15:00Z,2026-07-19T17:15:00+0200,11606.80859,MW,FR,FR,forecast_solar_generation,Solar,2026-08-05T07:10:17Z
2026-08-05T07:08:29Z,2026-08-05T09:08:29+0200,d671fb79-bd81-42f3-a5fe-a0a907bfe6ea,2026-07-19T15:30:00Z,2026-07-19T17:30:00+0200,14132.30762,MW,FR,FR,forecast_solar_generation,Solar,2026-08-05T07:10:17Z
2026-08-05T07:08:29Z,2026-08-05T09:08:29+0200,d671fb79-bd81-42f3-a5fe-a0a907bfe6ea,2026-07-19T15:45:00Z,2026-07-19T17:45:00+0200,13174.84863,MW,FR,FR,forecast_solar_generation,Solar,2026-08-05T07:10:17Z
2026-08-05T07:08:29Z,2026-08-05T09:08:29+0200,d671fb79-bd81-42f3-a5fe-a0a907bfe6ea,2026-07-19T16:00:00Z,2026-07-19T18:00:00+0200,12168.58691,MW,FR,FR,forecast_solar_generation,Solar,2026-08-05T07:10:17Z
2026-08-05T07:08:29Z,2026-08-05T09:08:29+0200,d671fb79-bd81-42f3-a5fe-a0a907bfe6ea,2026-07-19T16:15:00Z,2026-07-19T18:15:00+0200,11096.82031,MW,FR,FR,forecast_solar_generation,Solar,2026-08-05T07:10:17Z
2026-08-05T07:08:29Z,2026-08-05T09:08:29+0200,d671fb79-bd81-42f3-a5fe-a0a907bfe6ea,2026-07-19T16:30:00Z,2026-07-19T18:30:00+0200,10017.41211,MW,FR,FR,forecast_solar_generation,Solar,2026-08-05T07:10:17Z
2026-08-05T07:08:29Z,2026-08-05T09:08:29+0200,d671fb79-bd81-42f3-a5fe-a0a907bfe6ea,2026-07-19T16:45:00Z,2026-07-19T18:45:00+0200,8974.0625,MW,FR,FR,forecast_solar_generation,Solar,2026-08-05T07:10:17Z
2026-08-05T07:08:29Z,2026-08-05T09:08:29+0200,d671fb79-bd81-42f3-a5fe-a0a907bfe6ea,2026-07-19T17:00:00Z,2026-07-19T19:00:00+0200,7764.04346,MW,FR,FR,forecast_solar_generation,Solar,2026-08-05T07:10:17Z
2026-08-05T07:08:29Z,2026-08-05T09:08:29+0200,d671fb79-bd81-42f3-a5fe-a0a907bfe6ea,2026-07-19T17:15:00Z,2026-07-19T19:15:00+0200,6688.13818,MW,FR,FR,forecast_solar_generation,Solar,2026-08-05T07:10:17Z
2026-08-05T07:08:29Z,2026-08-05T09:08:29+0200,d671fb79-bd81-42f3-a5fe-a0a907bfe6ea,2026-07-19T17:30:00Z,2026-07-19T19:30:00+0200,5469.45801,MW,FR,FR,forecast_solar_generation,Solar,2026-08-05T07:10:17Z
2026-08-05T07:08:29Z,2026-08-05T09:08:29+0200,d671fb79-bd81-42f3-a5fe-a0a907bfe6ea,2026-07-19T17:45:00Z,2026-07-19T19:45:00+0200,4539.39355,MW,FR,FR,forecast_solar_generation,Solar,2026-08-05T07:10:17Z
2026-08-05T07:08:29Z,2026-08-05T09:08:29+0200,d671fb79-bd81-42f3-a5fe-a0a907bfe6ea,2026-07-19T18:00:00Z,2026-07-19T20:00:00+0200,3457.10278,MW,FR,FR,forecast_solar_generation,Solar,2026-08-05T07:10:17Z
2026-08-05T07:08:29Z,2026-08-05T09:08:29+0200,d671fb79-bd81-42f3-a5fe-a0a907bfe6ea,2026-07-19T18:15:00Z,2026-07-19T20:15:00+0200,2601.30298,MW,FR,FR,forecast_solar_generation,Solar,2026-08-05T07:10:17Z
2026-08-05T07:08:29Z,2026-08-05T09:08:29+0200,d671fb79-bd81-42f3-a5fe-a0a907bfe6ea,2026-07-19T18:30:00Z,2026-07-19T20:30:00+0200,1833.24438,MW,FR,FR,forecast_solar_generation,Solar,2026-08-05T07:10:17Z
2026-08-05T07:08:29Z,2026-08-05T09:08:29+0200,d671fb79-bd81-42f3-a5fe-a0a907bfe6ea,2026-07-19T18:45:00Z,2026-07-19T20:45:00+0200,1305.22375,MW,FR,FR,forecast_solar_generation,Solar,2026-08-05T07:10:17Z
2026-08-05T07:08:29Z,2026-08-05T09:08:29+0200,d671fb79-bd81-42f3-a5fe-a0a907bfe6ea,2026-07-19T19:00:00Z,2026-07-19T21:00:00+0200,862.39777,MW,FR,FR,forecast_solar_generation,Solar,2026-08-05T07:10:17Z
2026-08-05T07:08:29Z,2026-08-05T09:08:29+0200,d671fb79-bd81-42f3-a5fe-a0a907bfe6ea,2026-07-19T19:15:00Z,2026-07-19T21:15:00+0200,425.55148,MW,FR,FR,forecast_solar_generation,Solar,2026-08-05T07:10:17Z
2026-08-05T07:08:29Z,2026-08-05T09:08:29+0200,d671fb79-bd81-42f3-a5fe-a0a907bfe6ea,2026-07-19T19:30:00Z,2026-07-19T21:30:00+0200,126.51616,MW,FR,FR,forecast_solar_generation,Solar,2026-08-05T07:10:17Z
2026-08-05T07:08:29Z,2026-08-05T09:08:29+0200,d671fb79-bd81-42f3-a5fe-a0a907bfe6ea,2026-07-19T19:45:00Z,2026-07-19T21:45:00+0200,18.60288,MW,FR,FR,forecast_solar_generation,Solar,2026-08-05T07:10:17Z
2026-08-05T07:08:29Z,2026-08-05T09:08:29+0200,d671fb79-bd81-42f3-a5fe-a0a907bfe6ea,2026-07-19T20:00:00Z,2026-07-19T22:00:00+0200,0.01616,MW,FR,FR,forecast_solar_generation,Solar,2026-08-05T07:10:17Z
2026-08-05T07:08:29Z,2026-08-05T09:08:29+0200,d671fb79-bd81-42f3-a5fe-a0a907bfe6ea,2026-07-19T20:15:00Z,2026-07-19T22:15:00+0200,0.0,MW,FR,FR,forecast_solar_generation,Solar,2026-08-05T07:10:17Z
2026-08-05T07:08:29Z,2026-08-05T09:08:29+0200,d671fb79-bd81-42f3-a5fe-a0a907bfe6ea,2026-07-19T20:30:00Z,2026-07-19T22:30:00+0200,0.0,MW,FR,FR,forecast_solar_generation,Solar,2026-08-05T07:10:17Z
2026-08-05T07:08:29Z,2026-08-05T09:08:29+0200,d671fb79-bd81-42f3-a5fe-a0a907bfe6ea,2026-07-19T20:45:00Z,2026-07-19T22:45:00+0200,0.0,MW,FR,FR,forecast_solar_generation,Solar,2026-08-05T07:10:17Z
2026-08-05T07:08:29Z,2026-08-05T09:08:29+0200,d671fb79-bd81-42f3-a5fe-a0a907bfe6ea,2026-07-19T21:00:00Z,2026-07-19T23:00:00+0200,0.0,MW,FR,FR,forecast_solar_generation,Solar,2026-08-05T07:10:17Z
2026-08-05T07:08:29Z,2026-08-05T09:08:29+0200,d671fb79-bd81-42f3-a5fe-a0a907bfe6ea,2026-07-19T21:15:00Z,2026-07-19T23:15:00+0200,0.0,MW,FR,FR,forecast_solar_generation,Solar,2026-08-05T07:10:17Z
2026-08-05T07:08:29Z,2026-08-05T09:08:29+0200,d671fb79-bd81-42f3-a5fe-a0a907bfe6ea,2026-07-19T21:30:00Z,2026-07-19T23:30:00+0200,0.0,MW,FR,FR,forecast_solar_generation,Solar,2026-08-05T07:10:17Z
2026-08-05T07:08:29Z,2026-08-05T09:08:29+0200,d671fb79-bd81-42f3-a5fe-a0a907bfe6ea,2026-07-19T21:45:00Z,2026-07-19T23:45:00+0200,0.0,MW,FR,FR,forecast_solar_generation,Solar,2026-08-05T07:10:17Z
2026-08-05T07:08:29Z,2026-08-05T09:08:29+0200,d671fb79-bd81-42f3-a5fe-a0a907bfe6ea,2026-07-19T22:00:00Z,2026-07-20T00:00:00+0200,0.0,MW,FR,FR,forecast_solar_generation,Solar,2026-08-05T07:10:17Z
2026-08-05T07:08:29Z,2026-08-05T09:08:29+0200,d671fb79-bd81-42f3-a5fe-a0a907bfe6ea,2026-07-19T22:15:00Z,2026-07-20T00:15:00+0200,0.0,MW,FR,FR,forecast_solar_generation,Solar,2026-08-05T07:10:17Z
2026-08-05T07:08:29Z,2026-08-05T09:08:29+0200,d671fb79-bd81-42f3-a5fe-a0a907bfe6ea,2026-07-19T22:30:00Z,2026-07-20T00:30:00+0200,0.0,MW,FR,FR,forecast_solar_generation,Solar,2026-08-05T07:10:17Z
2026-08-05T07:08:29Z,2026-08-05T09:08:29+0200,d671fb79-bd81-42f3-a5fe-a0a907bfe6ea,2026-07-19T22:45:00Z,2026-07-20T00:45:00+0200,0.0,MW,FR,FR,forecast_solar_generation,Solar,2026-08-05T07:10:17Z
2026-08-05T07:08:29Z,2026-08-05T09:08:29+0200,d671fb79-bd81-42f3-a5fe-a0a907bfe6ea,2026-07-19T23:00:00Z,2026-07-20T01:00:00+0200,0.0,MW,FR,FR,forecast_solar_generation,Solar,2026-08-05T07:10:17Z
2026-08-05T07:08:29Z,2026-08-05T09:08:29+0200,d671fb79-bd81-42f3-a5fe-a0a907bfe6ea,2026-07-19T23:15:00Z,2026-07-20T01:15:00+0200,0.0,MW,FR,FR,forecast_solar_generation,Solar,2026-08-05T07:10:17Z
2026-08-05T07:08:29Z,2026-08-05T09:08:29+0200,d671fb79-bd81-42f3-a5fe-a0a907bfe6ea,2026-07-19T23:30:00Z,2026-07-20T01:30:00+0200,0.0,MW,FR,FR,forecast_solar_generation,Solar,2026-08-05T07:10:17Z
2026-08-05T07:08:29Z,2026-08-05T09:08:29+0200,d671fb79-bd81-42f3-a5fe-a0a907bfe6ea,2026-07-19T23:45:00Z,2026-07-20T01:45:00+0200,0.0,MW,FR,FR,forecast_solar_generation,Solar,2026-08-05T07:10:17Z
2026-08-05T07:08:29Z,2026-08-05T09:08:29+0200,d671fb79-bd81-42f3-a5fe-a0a907bfe6ea,2026-07-20T00:00:00Z,2026-07-20T02:00:00+0200,0.0,MW,FR,FR,forecast_solar_generation,Solar,2026-08-05T07:10:17Z
2026-08-05T07:08:29Z,2026-08-05T09:08:29+0200,d671fb79-bd81-42f3-a5fe-a0a907bfe6ea,2026-07-20T00:15:00Z,2026-07-20T02:15:00+0200,0.0,MW,FR,FR,forecast_solar_generation,Solar,2026-08-05T07:10:17Z
2026-08-05T07:08:29Z,2026-08-05T09:08:29+0200,d671fb79-bd81-42f3-a5fe-a0a907bfe6ea,2026-07-20T00:30:00Z,2026-07-20T02:30:00+0200,0.0,MW,FR,FR,forecast_solar_generation,Solar,2026-08-05T07:10:17Z
2026-08-05T07:08:29Z,2026-08-05T09:08:29+0200,d671fb79-bd81-42f3-a5fe-a0a907bfe6ea,2026-07-20T00:45:00Z,2026-07-20T02:45:00+0200,0.0,MW,FR,FR,forecast_solar_generation,Solar,2026-08-05T07:10:17Z
2026-08-05T07:08:29Z,2026-08-05T09:08:29+0200,d671fb79-bd81-42f3-a5fe-a0a907bfe6ea,2026-07-20T01:00:00Z,2026-07-20T03:00:00+0200,0.0,MW,FR,FR,forecast_solar_generation,Solar,2026-08-05T07:10:17Z
2026-08-05T07:08:29Z,2026-08-05T09:08:29+0200,d671fb79-bd81-42f3-a5fe-a0a907bfe6ea,2026-07-20T01:15:00Z,2026-07-20T03:15:00+0200,0.0,MW,FR,FR,forecast_solar_generation,Solar,2026-08-05T07:10:17Z
2026-08-05T07:08:29Z,2026-08-05T09:08:29+0200,d671fb79-bd81-42f3-a5fe-a0a907bfe6ea,2026-07-20T01:30:00Z,2026-07-20T03:30:00+0200,0.0,MW,FR,FR,forecast_solar_generation,Solar,2026-08-05T07:10:17Z
2026-08-05T07:08:29Z,2026-08-05T09:08:29+0200,d671fb79-bd81-42f3-a5fe-a0a907bfe6ea,2026-07-20T01:45:00Z,2026-07-20T03:45:00+0200,0.0,MW,FR,FR,forecast_solar_generation,Solar,2026-08-05T07:10:17Z
2026-08-05T07:08:29Z,2026-08-05T09:08:29+0200,d671fb79-bd81-42f3-a5fe-a0a907bfe6ea,2026-07-20T02:00:00Z,2026-07-20T04:00:00+0200,0.0,MW,FR,FR,forecast_solar_generation,Solar,2026-08-05T07:10:17Z
2026-08-05T07:08:29Z,2026-08-05T09:08:29+0200,d671fb79-bd81-42f3-a5fe-a0a907bfe6ea,2026-07-20T02:15:00Z,2026-07-20T04:15:00+0200,0.0,MW,FR,FR,forecast_solar_generation,Solar,2026-08-05T07:10:17Z
2026-08-05T07:08:29Z,2026-08-05T09:08:29+0200,d671fb79-bd81-42f3-a5fe-a0a907bfe6ea,2026-07-20T02:30:00Z,2026-07-20T04:30:00+0200,0.0,MW,FR,FR,forecast_solar_generation,Solar,2026-08-05T07:10:17Z
2026-08-05T07:08:29Z,2026-08-05T09:08:29+0200,d671fb79-bd81-42f3-a5fe-a0a907bfe6ea,2026-07-20T02:45:00Z,2026-07-20T04:45:00+0200,0.0,MW,FR,FR,forecast_solar_generation,Solar,2026-08-05T07:10:17Z
2026-08-05T07:08:29Z,2026-08-05T09:08:29+0200,d671fb79-bd81-42f3-a5fe-a0a907bfe6ea,2026-07-20T03:00:00Z,2026-07-20T05:00:00+0200,0.0,MW,FR,FR,forecast_solar_generation,Solar,2026-08-05T07:10:17Z
2026-08-05T07:08:29Z,2026-08-05T09:08:29+0200,d671fb79-bd81-42f3-a5fe-a0a907bfe6ea,2026-07-20T03:15:00Z,2026-07-20T05:15:00+0200,0.0,MW,FR,FR,forecast_solar_generation,Solar,2026-08-05T07:10:17Z
2026-08-05T07:08:29Z,2026-08-05T09:08:29+0200,d671fb79-bd81-42f3-a5fe-a0a907bfe6ea,2026-07-20T03:30:00Z,2026-07-20T05:30:00+0200,0.0,MW,FR,FR,forecast_solar_generation,Solar,2026-08-05T07:10:17Z
2026-08-05T07:08:29Z,2026-08-05T09:08:29+0200,d671fb79-bd81-42f3-a5fe-a0a907bfe6ea,2026-07-20T03:45:00Z,2026-07-20T05:45:00+0200,0.06436,MW,FR,FR,forecast_solar_generation,Solar,2026-08-05T07:10:17Z
2026-08-05T07:08:29Z,2026-08-05T09:08:29+0200,d671fb79-bd81-42f3-a5fe-a0a907bfe6ea,2026-07-20T04:00:00Z,2026-07-20T06:00:00+0200,16.7765,MW,FR,FR,forecast_solar_generation,Solar,2026-08-05T07:10:17Z
2026-08-05T07:08:29Z,2026-08-05T09:08:29+0200,d671fb79-bd81-42f3-a5fe-a0a907bfe6ea,2026-07-20T04:15:00Z,2026-07-20T06:15:00+0200,63.99409,MW,FR,FR,forecast_solar_generation,Solar,2026-08-05T07:10:17Z
2026-08-05T07:08:29Z,2026-08-05T09:08:29+0200,d671fb79-bd81-42f3-a5fe-a0a907bfe6ea,2026-07-20T04:30:00Z,2026-07-20T06:30:00+0200,148.4698,MW,FR,FR,forecast_solar_generation,Solar,2026-08-05T07:10:17Z
2026-08-05T07:08:29Z,2026-08-05T09:08:29+0200,d671fb79-bd81-42f3-a5fe-a0a907bfe6ea,2026-07-20T04:45:00Z,2026-07-20T06:45:00+0200,392.96982,MW,FR,FR,forecast_solar_generation,Solar,2026-08-05T07:10:17Z
2026-08-05T07:08:29Z,2026-08-05T09:08:29+0200,d671fb79-bd81-42f3-a5fe-a0a907bfe6ea,2026-07-20T05:00:00Z,2026-07-20T07:00:00+0200,754.34332,MW,FR,FR,forecast_solar_generation,Solar,2026-08-05T07:10:17Z
2026-08-05T07:08:29Z,2026-08-05T09:08:29+0200,d671fb79-bd81-42f3-a5fe-a0a907bfe6ea,2026-07-20T05:15:00Z,2026-07-20T07:15:00+0200,1171.6427,MW,FR,FR,forecast_solar_generation,Solar,2026-08-05T07:10:17Z
2026-08-05T07:08:29Z,2026-08-05T09:08:29+0200,d671fb79-bd81-42f3-a5fe-a0a907bfe6ea,2026-07-20T05:30:00Z,2026-07-20T07:30:00+0200,1666.49561,MW,FR,FR,forecast_solar_generation,Solar,2026-08-05T07:10:17Z
2026-08-05T07:08:29Z,2026-08-05T09:08:29+0200,d671fb79-bd81-42f3-a5fe-a0a907bfe6ea,2026-07-20T05:45:00Z,2026-07-20T07:45:00+0200,2460.01294,MW,FR,FR,forecast_solar_generation,Solar,2026-08-05T07:10:17Z
2026-08-05T07:08:29Z,2026-08-05T09:08:29+0200,d671fb79-bd81-42f3-a5fe-a0a907bfe6ea,2026-07-20T06:00:00Z,2026-07-20T08:00:00+0200,3380.73169,MW,FR,FR,forecast_solar_generation,Solar,2026-08-05T07:10:17Z
2026-08-05T07:08:29Z,2026-08-05T09:08:29+0200,d671fb79-bd81-42f3-a5fe-a0a907bfe6ea,2026-07-20T06:15:00Z,2026-07-20T08:15:00+0200,4464.33691,MW,FR,FR,forecast_solar_generation,Solar,2026-08-05T07:10:17Z
2026-08-05T07:08:29Z,2026-08-05T09:08:29+0200,d671fb79-bd81-42f3-a5fe-a0a907bfe6ea,2026-07-20T06:30:00Z,2026-07-20T08:30:00+0200,5509.38867,MW,FR,FR,forecast_solar_generation,Solar,2026-08-05T07:10:17Z
2026-08-05T07:08:29Z,2026-08-05T09:08:29+0200,d671fb79-bd81-42f3-a5fe-a0a907bfe6ea,2026-07-20T06:45:00Z,2026-07-20T08:45:00+0200,6885.99268,MW,FR,FR,forecast_solar_generation,Solar,2026-08-05T07:10:17Z
2026-08-05T07:08:29Z,2026-08-05T09:08:29+0200,d671fb79-bd81-42f3-a5fe-a0a907bfe6ea,2026-07-20T07:00:00Z,2026-07-20T09:00:00+0200,8054.66113,MW,FR,FR,forecast_solar_generation,Solar,2026-08-05T07:10:17Z
2026-08-05T07:08:29Z,2026-08-05T09:08:29+0200,d671fb79-bd81-42f3-a5fe-a0a907bfe6ea,2026-07-20T07:15:00Z,2026-07-20T09:15:00+0200,9475.61719,MW,FR,FR,forecast_solar_generation,Solar,2026-08-05T07:10:17Z
2026-08-05T07:08:29Z,2026-08-05T09:08:29+0200,d671fb79-bd81-42f3-a5fe-a0a907bfe6ea,2026-07-20T07:30:00Z,2026-07-20T09:30:00+0200,10602.5752,MW,FR,FR,forecast_solar_generation,Solar,2026-08-05T07:10:17Z
2026-08-05T07:08:29Z,2026-08-05T09:08:29+0200,d671fb79-bd81-42f3-a5fe-a0a907bfe6ea,2026-07-20T07:45:00Z,2026-07-20T09:45:00+0200,11860.72559,MW,FR,FR,forecast_solar_generation,Solar,2026-08-05T07:10:17Z
2026-08-05T07:08:29Z,2026-08-05T09:08:29+0200,d671fb79-bd81-42f3-a5fe-a0a907bfe6ea,2026-07-20T08:00:00Z,2026-07-20T10:00:00+0200,12955.96973,MW,FR,FR,forecast_solar_generation,Solar,2026-08-05T07:10:17Z
2026-08-05T07:08:29Z,2026-08-05T09:08:29+0200,d671fb79-bd81-42f3-a5fe-a0a907bfe6ea,2026-07-20T08:15:00Z,2026-07-20T10:15:00+0200,14157.91602,MW,FR,FR,forecast_solar_generation,Solar,2026-08-05T07:10:17Z
2026-08-05T07:08:29Z,2026-08-05T09:08:29+0200,d671fb79-bd81-42f3-a5fe-a0a907bfe6ea,2026-07-20T08:30:00Z,2026-07-20T10:30:00+0200,15129.57422,MW,FR,FR,forecast_solar_generation,Solar,2026-08-05T07:10:17Z
2026-08-05T07:08:29Z,2026-08-05T09:08:29+0200,d671fb79-bd81-42f3-a5fe-a0a907bfe6ea,2026-07-20T08:45:00Z,2026-07-20T10:45:00+0200,16002.44727,MW,FR,FR,forecast_solar_generation,Solar,2026-08-05T07:10:17Z
2026-08-05T07:08:29Z,2026-08-05T09:08:29+0200,d671fb79-bd81-42f3-a5fe-a0a907bfe6ea,2026-07-20T09:00:00Z,2026-07-20T11:00:00+0200,16758.65234,MW,FR,FR,forecast_solar_generation,Solar,2026-08-05T07:10:17Z
2026-08-05T07:08:29Z,2026-08-05T09:08:29+0200,d671fb79-bd81-42f3-a5fe-a0a907bfe6ea,2026-07-20T09:15:00Z,2026-07-20T11:15:00+0200,17510.2168,MW,FR,FR,forecast_solar_generation,Solar,2026-08-05T07:10:17Z
2026-08-05T07:08:29Z,2026-08-05T09:08:29+0200,d671fb79-bd81-42f3-a5fe-a0a907bfe6ea,2026-07-20T09:30:00Z,2026-07-20T11:30:00+0200,18176.86133,MW,FR,FR,forecast_solar_generation,Solar,2026-08-05T07:10:17Z
2026-08-05T07:08:29Z,2026-08-05T09:08:29+0200,d671fb79-bd81-42f3-a5fe-a0a907bfe6ea,2026-07-20T09:45:00Z,2026-07-20T11:45:00+0200,18743.80078,MW,FR,FR,forecast_solar_generation,Solar,2026-08-05T07:10:17Z
2026-08-05T07:08:29Z,2026-08-05T09:08:29+0200,d671fb79-bd81-42f3-a5fe-a0a907bfe6ea,2026-07-20T10:00:00Z,2026-07-20T12:00:00+0200,14951.97754,MW,FR,FR,forecast_solar_generation,Solar,2026-08-05T07:10:17Z
2026-08-05T07:08:29Z,2026-08-05T09:08:29+0200,d671fb79-bd81-42f3-a5fe-a0a907bfe6ea,2026-07-20T10:15:00Z,2026-07-20T12:15:00+0200,15286.4209,MW,FR,FR,forecast_solar_generation,Solar,2026-08-05T07:10:17Z
2026-08-05T07:08:29Z,2026-08-05T09:08:29+0200,d671fb79-bd81-42f3-a5fe-a0a907bfe6ea,2026-07-20T10:30:00Z,2026-07-20T12:30:00+0200,15596.03906,MW,FR,FR,forecast_solar_generation,Solar,2026-08-05T07:10:17Z
2026-08-05T07:08:29Z,2026-08-05T09:08:29+0200,d671fb79-bd81-42f3-a5fe-a0a907bfe6ea,2026-07-20T10:45:00Z,2026-07-20T12:45:00+0200,15809.72656,MW,FR,FR,forecast_solar_generation,Solar,2026-08-05T07:10:17Z
2026-08-05T07:08:29Z,2026-08-05T09:08:29+0200,d671fb79-bd81-42f3-a5fe-a0a907bfe6ea,2026-07-20T11:00:00Z,2026-07-20T13:00:00+0200,15987.91504,MW,FR,FR,forecast_solar_generation,Solar,2026-08-05T07:10:17Z
2026-08-05T07:08:29Z,2026-08-05T09:08:29+0200,d671fb79-bd81-42f3-a5fe-a0a907bfe6ea,2026-07-20T11:15:00Z,2026-07-20T13:15:00+0200,20833.13281,MW,FR,FR,forecast_solar_generation,Solar,2026-08-05T07:10:17Z
2026-08-05T07:08:29Z,2026-08-05T09:08:29+0200,d671fb79-bd81-42f3-a5fe-a0a907bfe6ea,2026-07-20T11:30:00Z,2026-07-20T13:30:00+0200,20992.27148,MW,FR,FR,forecast_solar_generation,Solar,2026-08-05T07:10:17Z
2026-08-05T07:08:29Z,2026-08-05T09:08:29+0200,d671fb79-bd81-42f3-a5fe-a0a907bfe6ea,2026-07-20T11:45:00Z,2026-07-20T13:45:00+0200,21055.0332,MW,FR,FR,forecast_solar_generation,Solar,2026-08-05T07:10:17Z
2026-08-05T07:08:29Z,2026-08-05T09:08:29+0200,d671fb79-bd81-42f3-a5fe-a0a907bfe6ea,2026-07-20T12:00:00Z,2026-07-20T14:00:00+0200,21097.19922,MW,FR,FR,forecast_solar_generation,Solar,2026-08-05T07:10:17Z
2026-08-05T07:08:29Z,2026-08-05T09:08:29+0200,d671fb79-bd81-42f3-a5fe-a0a907bfe6ea,2026-07-20T12:15:00Z,2026-07-20T14:15:00+0200,21071.88477,MW,FR,FR,forecast_solar_generation,Solar,2026-08-05T07:10:17Z
2026-08-05T07:08:29Z,2026-08-05T09:08:29+0200,d671fb79-bd81-42f3-a5fe-a0a907bfe6ea,2026-07-20T12:30:00Z,2026-07-20T14:30:00+0200,16294.66211,MW,FR,FR,forecast_solar_generation,Solar,2026-08-05T07:10:17Z
2026-08-05T07:08:29Z,2026-08-05T09:08:29+0200,d671fb79-bd81-42f3-a5fe-a0a907bfe6ea,2026-07-20T12:45:00Z,2026-07-20T14:45:00+0200,16197.37305,MW,FR,FR,forecast_solar_generation,Solar,2026-08-05T07:10:17Z
2026-08-05T07:08:29Z,2026-08-05T09:08:29+0200,d671fb79-bd81-42f3-a5fe-a0a907bfe6ea,2026-07-20T13:00:00Z,2026-07-20T15:00:00+0200,16041.89648,MW,FR,FR,forecast_solar_generation,Solar,2026-08-05T07:10:17Z
2026-08-05T07:08:29Z,2026-08-05T09:08:29+0200,d671fb79-bd81-42f3-a5fe-a0a907bfe6ea,2026-07-20T13:15:00Z,2026-07-20T15:15:00+0200,20375.64062,MW,FR,FR,forecast_solar_generation,Solar,2026-08-05T07:10:17Z
2026-08-05T07:08:29Z,2026-08-05T09:08:29+0200,d671fb79-bd81-42f3-a5fe-a0a907bfe6ea,2026-07-20T13:30:00Z,2026-07-20T15:30:00+0200,20062.73828,MW,FR,FR,forecast_solar_generation,Solar,2026-08-05T07:10:17Z
2026-08-05T07:08:29Z,2026-08-05T09:08:29+0200,d671fb79-bd81-42f3-a5fe-a0a907bfe6ea,2026-07-20T13:45:00Z,2026-07-20T15:45:00+0200,19628.51562,MW,FR,FR,forecast_solar_generation,Solar,2026-08-05T07:10:17Z
2026-08-05T07:08:29Z,2026-08-05T09:08:29+0200,d671fb79-bd81-42f3-a5fe-a0a907bfe6ea,2026-07-20T14:00:00Z,2026-07-20T16:00:00+0200,19159.29688,MW,FR,FR,forecast_solar_generation,Solar,2026-08-05T07:10:17Z
2026-08-05T07:08:29Z,2026-08-05T09:08:29+0200,d671fb79-bd81-42f3-a5fe-a0a907bfe6ea,2026-07-20T14:15:00Z,2026-07-20T16:15:00+0200,18639.16992,MW,FR,FR,forecast_solar_generation,Solar,2026-08-05T07:10:17Z
2026-08-05T07:08:29Z,2026-08-05T09:08:29+0200,d671fb79-bd81-42f3-a5fe-a0a907bfe6ea,2026-07-20T14:30:00Z,2026-07-20T16:30:00+0200,18035.24023,MW,FR,FR,forecast_solar_generation,Solar,2026-08-05T07:10:17Z
2026-08-05T07:08:29Z,2026-08-05T09:08:29+0200,d671fb79-bd81-42f3-a5fe-a0a907bfe6ea,2026-07-20T14:45:00Z,2026-07-20T16:45:00+0200,17268.18359,MW,FR,FR,forecast_solar_generation,Solar,2026-08-05T07:10:17Z
2026-08-05T07:08:29Z,2026-08-05T09:08:29+0200,d671fb79-bd81-42f3-a5fe-a0a907bfe6ea,2026-07-20T15:00:00Z,2026-07-20T17:00:00+0200,16487.72852,MW,FR,FR,forecast_solar_generation,Solar,2026-08-05T07:10:17Z
2026-08-05T07:08:29Z,2026-08-05T09:08:29+0200,d671fb79-bd81-42f3-a5fe-a0a907bfe6ea,2026-07-20T15:15:00Z,2026-07-20T17:15:00+0200,15693.56738,MW,FR,FR,forecast_solar_generation,Solar,2026-08-05T07:10:17Z
2026-08-05T07:08:29Z,2026-08-05T09:08:29+0200,d671fb79-bd81-42f3-a5fe-a0a907bfe6ea,2026-07-20T15:30:00Z,2026-07-20T17:30:00+0200,14809.30566,MW,FR,FR,forecast_solar_generation,Solar,2026-08-05T07:10:17Z
2026-08-05T07:08:29Z,2026-08-05T09:08:29+0200,d671fb79-bd81-42f3-a5fe-a0a907bfe6ea,2026-07-20T15:45:00Z,2026-07-20T17:45:00+0200,13863.96094,MW,FR,FR,forecast_solar_generation,Solar,2026-08-05T07:10:17Z
2026-08-05T07:08:29Z,2026-08-05T09:08:29+0200,d671fb79-bd81-42f3-a5fe-a0a907bfe6ea,2026-07-20T16:00:00Z,2026-07-20T18:00:00+0200,12825.35547,MW,FR,FR,forecast_solar_generation,Solar,2026-08-05T07:10:17Z
2026-08-05T07:08:29Z,2026-08-05T09:08:29+0200,d671fb79-bd81-42f3-a5fe-a0a907bfe6ea,2026-07-20T16:15:00Z,2026-07-20T18:15:00+0200,11721.45605,MW,FR,FR,forecast_solar_generation,Solar,2026-08-05T07:10:17Z
2026-08-05T07:08:29Z,2026-08-05T09:08:29+0200,d671fb79-bd81-42f3-a5fe-a0a907bfe6ea,2026-07-20T16:30:00Z,2026-07-20T18:30:00+0200,10599.94434,MW,FR,FR,forecast_solar_generation,Solar,2026-08-05T07:10:17Z
2026-08-05T07:08:29Z,2026-08-05T09:08:29+0200,d671fb79-bd81-42f3-a5fe-a0a907bfe6ea,2026-07-20T16:45:00Z,2026-07-20T18:45:00+0200,9465.71387,MW,FR,FR,forecast_solar_generation,Solar,2026-08-05T07:10:17Z
2026-08-05T07:08:29Z,2026-08-05T09:08:29+0200,d671fb79-bd81-42f3-a5fe-a0a907bfe6ea,2026-07-20T17:00:00Z,2026-07-20T19:00:00+0200,8203.27148,MW,FR,FR,forecast_solar_generation,Solar,2026-08-05T07:10:17Z
2026-08-05T07:08:29Z,2026-08-05T09:08:29+0200,d671fb79-bd81-42f3-a5fe-a0a907bfe6ea,2026-07-20T17:15:00Z,2026-07-20T19:15:00+0200,7047.72314,MW,FR,FR,forecast_solar_generation,Solar,2026-08-05T07:10:17Z
2026-08-05T07:08:29Z,2026-08-05T09:08:29+0200,d671fb79-bd81-42f3-a5fe-a0a907bfe6ea,2026-07-20T17:30:00Z,2026-07-20T19:30:00+0200,5755.20801,MW,FR,FR,forecast_solar_generation,Solar,2026-08-05T07:10:17Z
2026-08-05T07:08:29Z,2026-08-05T09:08:29+0200,d671fb79-bd81-42f3-a5fe-a0a907bfe6ea,2026-07-20T17:45:00Z,2026-07-20T19:45:00+0200,4762.93311,MW,FR,FR,forecast_solar_generation,Solar,2026-08-05T07:10:17Z
2026-08-05T07:08:29Z,2026-08-05T09:08:29+0200,d671fb79-bd81-42f3-a5fe-a0a907bfe6ea,2026-07-20T18:00:00Z,2026-07-20T20:00:00+0200,3626.22583,MW,FR,FR,forecast_solar_generation,Solar,2026-08-05T07:10:17Z
2026-08-05T07:08:29Z,2026-08-05T09:08:29+0200,d671fb79-bd81-42f3-a5fe-a0a907bfe6ea,2026-07-20T18:15:00Z,2026-07-20T20:15:00+0200,2718.24658,MW,FR,FR,forecast_solar_generation,Solar,2026-08-05T07:10:17Z
2026-08-05T07:08:29Z,2026-08-05T09:08:29+0200,d671fb79-bd81-42f3-a5fe-a0a907bfe6ea,2026-07-20T18:30:00Z,2026-07-20T20:30:00+0200,1906.82166,MW,FR,FR,forecast_solar_generation,Solar,2026-08-05T07:10:17Z
2026-08-05T07:08:29Z,2026-08-05T09:08:29+0200,d671fb79-bd81-42f3-a5fe-a0a907bfe6ea,2026-07-20T18:45:00Z,2026-07-20T20:45:00+0200,1368.39087,MW,FR,FR,forecast_solar_generation,Solar,2026-08-05T07:10:17Z
2026-08-05T07:08:29Z,2026-08-05T09:08:29+0200,d671fb79-bd81-42f3-a5fe-a0a907bfe6ea,2026-07-20T19:00:00Z,2026-07-20T21:00:00+0200,897.42859,MW,FR,FR,forecast_solar_generation,Solar,2026-08-05T07:10:17Z
2026-08-05T07:08:29Z,2026-08-05T09:08:29+0200,d671fb79-bd81-42f3-a5fe-a0a907bfe6ea,2026-07-20T19:15:00Z,2026-07-20T21:15:00+0200,436.48792,MW,FR,FR,forecast_solar_generation,Solar,2026-08-05T07:10:17Z
2026-08-05T07:08:29Z,2026-08-05T09:08:29+0200,d671fb79-bd81-42f3-a5fe-a0a907bfe6ea,2026-07-20T19:30:00Z,2026-07-20T21:30:00+0200,124.21144,MW,FR,FR,forecast_solar_generation,Solar,2026-08-05T07:10:17Z
2026-08-05T07:08:29Z,2026-08-05T09:08:29+0200,d671fb79-bd81-42f3-a5fe-a0a907bfe6ea,2026-07-20T19:45:00Z,2026-07-20T21:45:00+0200,18.74792,MW,FR,FR,forecast_solar_generation,Solar,2026-08-05T07:10:17Z
2026-08-05T07:08:29Z,2026-08-05T09:08:29+0200,d671fb79-bd81-42f3-a5fe-a0a907bfe6ea,2026-07-20T20:00:00Z,2026-07-20T22:00:00+0200,0.0,MW,FR,FR,forecast_solar_generation,Solar,2026-08-05T07:10:17Z
2026-08-05T07:08:29Z,2026-08-05T09:08:29+0200,d671fb79-bd81-42f3-a5fe-a0a907bfe6ea,2026-07-20T20:15:00Z,2026-07-20T22:15:00+0200,0.0,MW,FR,FR,forecast_solar_generation,Solar,2026-08-05T07:10:17Z
2026-08-05T07:08:29Z,2026-08-05T09:08:29+0200,d671fb79-bd81-42f3-a5fe-a0a907bfe6ea,2026-07-20T20:30:00Z,2026-07-20T22:30:00+0200,0.0,MW,FR,FR,forecast_solar_generation,Solar,2026-08-05T07:10:17Z
2026-08-05T07:08:29Z,2026-08-05T09:08:29+0200,d671fb79-bd81-42f3-a5fe-a0a907bfe6ea,2026-07-20T20:45:00Z,2026-07-20T22:45:00+0200,0.0,MW,FR,FR,forecast_solar_generation,Solar,2026-08-05T07:10:17Z
2026-08-05T07:08:29Z,2026-08-05T09:08:29+0200,d671fb79-bd81-42f3-a5fe-a0a907bfe6ea,2026-07-20T21:00:00Z,2026-07-20T23:00:00+0200,0.0,MW,FR,FR,forecast_solar_generation,Solar,2026-08-05T07:10:17Z
2026-08-05T07:08:29Z,2026-08-05T09:08:29+0200,d671fb79-bd81-42f3-a5fe-a0a907bfe6ea,2026-07-20T21:15:00Z,2026-07-20T23:15:00+0200,0.0,MW,FR,FR,forecast_solar_generation,Solar,2026-08-05T07:10:17Z
2026-08-05T07:08:29Z,2026-08-05T09:08:29+0200,d671fb79-bd81-42f3-a5fe-a0a907bfe6ea,2026-07-20T21:30:00Z,2026-07-20T23:30:00+0200,0.0,MW,FR,FR,forecast_solar_generation,Solar,2026-08-05T07:10:17Z
2026-08-05T07:08:29Z,2026-08-05T09:08:29+0200,d671fb79-bd81-42f3-a5fe-a0a907bfe6ea,2026-07-20T21:45:00Z,2026-07-20T23:45:00+0200,0.0,MW,FR,FR,forecast_solar_generation,Solar,2026-08-05T07:10:17Z
2026-08-05T07:08:29Z,2026-08-05T09:08:29+0200,d671fb79-bd81-42f3-a5fe-a0a907bfe6ea,2026-07-20T22:00:00Z,2026-07-21T00:00:00+0200,0.0,MW,FR,FR,forecast_solar_generation,Solar,2026-08-05T07:10:17Z
2026-08-05T07:08:29Z,2026-08-05T09:08:29+0200,d671fb79-bd81-42f3-a5fe-a0a907bfe6ea,2026-07-20T22:15:00Z,2026-07-21T00:15:00+0200,0.0,MW,FR,FR,forecast_solar_generation,Solar,2026-08-05T07:10:17Z
2026-08-05T07:08:29Z,2026-08-05T09:08:29+0200,d671fb79-bd81-42f3-a5fe-a0a907bfe6ea,2026-07-20T22:30:00Z,2026-07-21T00:30:00+0200,0.0,MW,FR,FR,forecast_solar_generation,Solar,2026-08-05T07:10:17Z
2026-08-05T07:08:29Z,2026-08-05T09:08:29+0200,d671fb79-bd81-42f3-a5fe-a0a907bfe6ea,2026-07-20T22:45:00Z,2026-07-21T00:45:00+0200,0.0,MW,FR,FR,forecast_solar_generation,Solar,2026-08-05T07:10:17Z
2026-08-05T07:08:29Z,2026-08-05T09:08:29+0200,d671fb79-bd81-42f3-a5fe-a0a907bfe6ea,2026-07-20T23:00:00Z,2026-07-21T01:00:00+0200,0.0,MW,FR,FR,forecast_solar_generation,Solar,2026-08-05T07:10:17Z
2026-08-05T07:08:29Z,2026-08-05T09:08:29+0200,d671fb79-bd81-42f3-a5fe-a0a907bfe6ea,2026-07-20T23:15:00Z,2026-07-21T01:15:00+0200,0.0,MW,FR,FR,forecast_solar_generation,Solar,2026-08-05T07:10:17Z
2026-08-05T07:08:29Z,2026-08-05T09:08:29+0200,d671fb79-bd81-42f3-a5fe-a0a907bfe6ea,2026-07-20T23:30:00Z,2026-07-21T01:30:00+0200,0.0,MW,FR,FR,forecast_solar_generation,Solar,2026-08-05T07:10:17Z
2026-08-05T07:08:29Z,2026-08-05T09:08:29+0200,d671fb79-bd81-42f3-a5fe-a0a907bfe6ea,2026-07-20T23:45:00Z,2026-07-21T01:45:00+0200,0.0,MW,FR,FR,forecast_solar_generation,Solar,2026-08-05T07:10:17Z
2026-08-05T07:08:29Z,2026-08-05T09:08:29+0200,d671fb79-bd81-42f3-a5fe-a0a907bfe6ea,2026-07-21T00:00:00Z,2026-07-21T02:00:00+0200,0.0,MW,FR,FR,forecast_solar_generation,Solar,2026-08-05T07:10:17Z
2026-08-05T07:08:29Z,2026-08-05T09:08:29+0200,d671fb79-bd81-42f3-a5fe-a0a907bfe6ea,2026-07-21T00:15:00Z,2026-07-21T02:15:00+0200,0.0,MW,FR,FR,forecast_solar_generation,Solar,2026-08-05T07:10:17Z
2026-08-05T07:08:29Z,2026-08-05T09:08:29+0200,d671fb79-bd81-42f3-a5fe-a0a907bfe6ea,2026-07-21T00:30:00Z,2026-07-21T02:30:00+0200,0.0,MW,FR,FR,forecast_solar_generation,Solar,2026-08-05T07:10:17Z
2026-08-05T07:08:29Z,2026-08-05T09:08:29+0200,d671fb79-bd81-42f3-a5fe-a0a907bfe6ea,2026-07-21T00:45:00Z,2026-07-21T02:45:00+0200,0.0,MW,FR,FR,forecast_solar_generation,Solar,2026-08-05T07:10:17Z
2026-08-05T07:08:29Z,2026-08-05T09:08:29+0200,d671fb79-bd81-42f3-a5fe-a0a907bfe6ea,2026-07-21T01:00:00Z,2026-07-21T03:00:00+0200,0.0,MW,FR,FR,forecast_solar_generation,Solar,2026-08-05T07:10:17Z
2026-08-05T07:08:29Z,2026-08-05T09:08:29+0200,d671fb79-bd81-42f3-a5fe-a0a907bfe6ea,2026-07-21T01:15:00Z,2026-07-21T03:15:00+0200,0.0,MW,FR,FR,forecast_solar_generation,Solar,2026-08-05T07:10:17Z
2026-08-05T07:08:29Z,2026-08-05T09:08:29+0200,d671fb79-bd81-42f3-a5fe-a0a907bfe6ea,2026-07-21T01:30:00Z,2026-07-21T03:30:00+0200,0.0,MW,FR,FR,forecast_solar_generation,Solar,2026-08-05T07:10:17Z
2026-08-05T07:08:29Z,2026-08-05T09:08:29+0200,d671fb79-bd81-42f3-a5fe-a0a907bfe6ea,2026-07-21T01:45:00Z,2026-07-21T03:45:00+0200,0.0,MW,FR,FR,forecast_solar_generation,Solar,2026-08-05T07:10:17Z
2026-08-05T07:08:29Z,2026-08-05T09:08:29+0200,d671fb79-bd81-42f3-a5fe-a0a907bfe6ea,2026-07-21T02:00:00Z,2026-07-21T04:00:00+0200,0.0,MW,FR,FR,forecast_solar_generation,Solar,2026-08-05T07:10:17Z
2026-08-05T07:08:29Z,2026-08-05T09:08:29+0200,d671fb79-bd81-42f3-a5fe-a0a907bfe6ea,2026-07-21T02:15:00Z,2026-07-21T04:15:00+0200,0.0,MW,FR,FR,forecast_solar_generation,Solar,2026-08-05T07:10:17Z
2026-08-05T07:08:29Z,2026-08-05T09:08:29+0200,d671fb79-bd81-42f3-a5fe-a0a907bfe6ea,2026-07-21T02:30:00Z,2026-07-21T04:30:00+0200,0.0,MW,FR,FR,forecast_solar_generation,Solar,2026-08-05T07:10:17Z
2026-08-05T07:08:29Z,2026-08-05T09:08:29+0200,d671fb79-bd81-42f3-a5fe-a0a907bfe6ea,2026-07-21T02:45:00Z,2026-07-21T04:45:00+0200,0.0,MW,FR,FR,forecast_solar_generation,Solar,2026-08-05T07:10:17Z
2026-08-05T07:08:29Z,2026-08-05T09:08:29+0200,d671fb79-bd81-42f3-a5fe-a0a907bfe6ea,2026-07-21T03:00:00Z,2026-07-21T05:00:00+0200,0.0,MW,FR,FR,forecast_solar_generation,Solar,2026-08-05T07:10:17Z
2026-08-05T07:08:29Z,2026-08-05T09:08:29+0200,d671fb79-bd81-42f3-a5fe-a0a907bfe6ea,2026-07-21T03:15:00Z,2026-07-21T05:15:00+0200,0.0,MW,FR,FR,forecast_solar_generation,Solar,2026-08-05T07:10:17Z
2026-08-05T07:08:29Z,2026-08-05T09:08:29+0200,d671fb79-bd81-42f3-a5fe-a0a907bfe6ea,2026-07-21T03:30:00Z,2026-07-21T05:30:00+0200,0.0,MW,FR,FR,forecast_solar_generation,Solar,2026-08-05T07:10:17Z
2026-08-05T07:08:29Z,2026-08-05T09:08:29+0200,d671fb79-bd81-42f3-a5fe-a0a907bfe6ea,2026-07-21T03:45:00Z,2026-07-21T05:45:00+0200,0.0,MW,FR,FR,forecast_solar_generation,Solar,2026-08-05T07:10:17Z
2026-08-05T07:08:29Z,2026-08-05T09:08:29+0200,d671fb79-bd81-42f3-a5fe-a0a907bfe6ea,2026-07-21T04:00:00Z,2026-07-21T06:00:00+0200,13.2421,MW,FR,FR,forecast_solar_generation,Solar,2026-08-05T07:10:17Z
2026-08-05T07:08:29Z,2026-08-05T09:08:29+0200,d671fb79-bd81-42f3-a5fe-a0a907bfe6ea,2026-07-21T04:15:00Z,2026-07-21T06:15:00+0200,61.08153,MW,FR,FR,forecast_solar_generation,Solar,2026-08-05T07:10:17Z
2026-08-05T07:08:29Z,2026-08-05T09:08:29+0200,d671fb79-bd81-42f3-a5fe-a0a907bfe6ea,2026-07-21T04:30:00Z,2026-07-21T06:30:00+0200,141.38554,MW,FR,FR,forecast_solar_generation,Solar,2026-08-05T07:10:17Z
2026-08-05T07:08:29Z,2026-08-05T09:08:29+0200,d671fb79-bd81-42f3-a5fe-a0a907bfe6ea,2026-07-21T04:45:00Z,2026-07-21T06:45:00+0200,372.87451,MW,FR,FR,forecast_solar_generation,Solar,2026-08-05T07:10:17Z
2026-08-05T07:08:29Z,2026-08-05T09:08:29+0200,d671fb79-bd81-42f3-a5fe-a0a907bfe6ea,2026-07-21T05:00:00Z,2026-07-21T07:00:00+0200,721.79724,MW,FR,FR,forecast_solar_generation,Solar,2026-08-05T07:10:17Z
2026-08-05T07:08:29Z,2026-08-05T09:08:29+0200,d671fb79-bd81-42f3-a5fe-a0a907bfe6ea,2026-07-21T05:15:00Z,2026-07-21T07:15:00+0200,1110.14539,MW,FR,FR,forecast_solar_generation,Solar,2026-08-05T07:10:17Z
2026-08-05T07:08:29Z,2026-08-05T09:08:29+0200,d671fb79-bd81-42f3-a5fe-a0a907bfe6ea,2026-07-21T05:30:00Z,2026-07-21T07:30:00+0200,1592.54858,MW,FR,FR,forecast_solar_generation,Solar,2026-08-05T07:10:17Z
2026-08-05T07:08:29Z,2026-08-05T09:08:29+0200,d671fb79-bd81-42f3-a5fe-a0a907bfe6ea,2026-07-21T05:45:00Z,2026-07-21T07:45:00+0200,2329.8186,MW,FR,FR,forecast_solar_generation,Solar,2026-08-05T07:10:17Z
2026-08-05T07:08:29Z,2026-08-05T09:08:29+0200,d671fb79-bd81-42f3-a5fe-a0a907bfe6ea,2026-07-21T06:00:00Z,2026-07-21T08:00:00+0200,3254.2688,MW,FR,FR,forecast_solar_generation,Solar,2026-08-05T07:10:17Z
2026-08-05T07:08:29Z,2026-08-05T09:08:29+0200,d671fb79-bd81-42f3-a5fe-a0a907bfe6ea,2026-07-21T06:15:00Z,2026-07-21T08:15:00+0200,4302.28271,MW,FR,FR,forecast_solar_generation,Solar,2026-08-05T07:10:17Z
2026-08-05T07:08:29Z,2026-08-05T09:08:29+0200,d671fb79-bd81-42f3-a5fe-a0a907bfe6ea,2026-07-21T06:30:00Z,2026-07-21T08:30:00+0200,5333.76465,MW,FR,FR,forecast_solar_generation,Solar,2026-08-05T07:10:17Z
2026-08-05T07:08:29Z,2026-08-05T09:08:29+0200,d671fb79-bd81-42f3-a5fe-a0a907bfe6ea,2026-07-21T06:45:00Z,2026-07-21T08:45:00+0200,6691.08203,MW,FR,FR,forecast_solar_generation,Solar,2026-08-05T07:10:17Z
2026-08-05T07:08:29Z,2026-08-05T09:08:29+0200,d671fb79-bd81-42f3-a5fe-a0a907bfe6ea,2026-07-21T07:00:00Z,2026-07-21T09:00:00+0200,7907.96191,MW,FR,FR,forecast_solar_generation,Solar,2026-08-05T07:10:17Z
2026-08-05T07:08:29Z,2026-08-05T09:08:29+0200,d671fb79-bd81-42f3-a5fe-a0a907bfe6ea,2026-07-21T07:15:00Z,2026-07-21T09:15:00+0200,9320.75098,MW,FR,FR,forecast_solar_generation,Solar,2026-08-05T07:10:17Z
2026-08-05T07:08:29Z,2026-08-05T09:08:29+0200,d671fb79-bd81-42f3-a5fe-a0a907bfe6ea,2026-07-21T07:30:00Z,2026-07-21T09:30:00+0200,10500.12891,MW,FR,FR,forecast_solar_generation,Solar,2026-08-05T07:10:17Z
2026-08-05T07:08:29Z,2026-08-05T09:08:29+0200,d671fb79-bd81-42f3-a5fe-a0a907bfe6ea,2026-07-21T07:45:00Z,2026-07-21T09:45:00+0200,11772.58594,MW,FR,FR,forecast_solar_generation,Solar,2026-08-05T07:10:17Z
2026-08-05T07:08:29Z,2026-08-05T09:08:29+0200,d671fb79-bd81-42f3-a5fe-a0a907bfe6ea,2026-07-21T08:00:00Z,2026-07-21T10:00:00+0200,12972.39355,MW,FR,FR,forecast_solar_generation,Solar,2026-08-05T07:10:17Z
2026-08-05T07:08:29Z,2026-08-05T09:08:29+0200,d671fb79-bd81-42f3-a5fe-a0a907bfe6ea,2026-07-21T08:15:00Z,2026-07-21T10:15:00+0200,14202.34863,MW,FR,FR,forecast_solar_generation,Solar,2026-08-05T07:10:17Z
2026-08-05T07:08:29Z,2026-08-05T09:08:29+0200,d671fb79-bd81-42f3-a5fe-a0a907bfe6ea,2026-07-21T08:30:00Z,2026-07-21T10:30:00+0200,15202.25684,MW,FR,FR,forecast_solar_generation,Solar,2026-08-05T07:10:17Z
2026-08-05T07:08:29Z,2026-08-05T09:08:29+0200,d671fb79-bd81-42f3-a5fe-a0a907bfe6ea,2026-07-21T08:45:00Z,2026-07-21T10:45:00+0200,16133.44727,MW,FR,FR,forecast_solar_generation,Solar,2026-08-05T07:10:17Z
2026-08-05T07:08:29Z,2026-08-05T09:08:29+0200,d671fb79-bd81-42f3-a5fe-a0a907bfe6ea,2026-07-21T09:00:00Z,2026-07-21T11:00:00+0200,16935.64062,MW,FR,FR,forecast_solar_generation,Solar,2026-08-05T07:10:17Z
2026-08-05T07:08:29Z,2026-08-05T09:08:29+0200,d671fb79-bd81-42f3-a5fe-a0a907bfe6ea,2026-07-21T09:15:00Z,2026-07-21T11:15:00+0200,17707.38281,MW,FR,FR,forecast_solar_generation,Solar,2026-08-05T07:10:17Z
2026-08-05T07:08:29Z,2026-08-05T09:08:29+0200,d671fb79-bd81-42f3-a5fe-a0a907bfe6ea,2026-07-21T09:30:00Z,2026-07-21T11:30:00+0200,18421.66602,MW,FR,FR,forecast_solar_generation,Solar,2026-08-05T07:10:17Z
2026-08-05T07:08:29Z,2026-08-05T09:08:29+0200,d671fb79-bd81-42f3-a5fe-a0a907bfe6ea,2026-07-21T09:45:00Z,2026-07-21T11:45:00+0200,19020.93359,MW,FR,FR,forecast_solar_generation,Solar,2026-08-05T07:10:17Z
2026-08-05T07:08:29Z,2026-08-05T09:08:29+0200,d671fb79-bd81-42f3-a5fe-a0a907bfe6ea,2026-07-21T10:00:00Z,2026-07-21T12:00:00+0200,19566.33594,MW,FR,FR,forecast_solar_generation,Solar,2026-08-05T07:10:17Z
2026-08-05T07:08:29Z,2026-08-05T09:08:29+0200,d671fb79-bd81-42f3-a5fe-a0a907bfe6ea,2026-07-21T10:15:00Z,2026-07-21T12:15:00+0200,20005.05078,MW,FR,FR,forecast_solar_generation,Solar,2026-08-05T07:10:17Z
2026-08-05T07:08:29Z,2026-08-05T09:08:29+0200,d671fb79-bd81-42f3-a5fe-a0a907bfe6ea,2026-07-21T10:30:00Z,2026-07-21T12:30:00+0200,20395.1875,MW,FR,FR,forecast_solar_generation,Solar,2026-08-05T07:10:17Z
2026-08-05T07:08:29Z,2026-08-05T09:08:29+0200,d671fb79-bd81-42f3-a5fe-a0a907bfe6ea,2026-07-21T10:45:00Z,2026-07-21T12:45:00+0200,20664.73047,MW,FR,FR,forecast_solar_generation,Solar,2026-08-05T07:10:17Z
2026-08-05T07:08:29Z,2026-08-05T09:08:29+0200,d671fb79-bd81-42f3-a5fe-a0a907bfe6ea,2026-07-21T11:00:00Z,2026-07-21T13:00:00+0200,20887.56641,MW,FR,FR,forecast_solar_generation,Solar,2026-08-05T07:10:17Z
2026-08-05T07:08:29Z,2026-08-05T09:08:29+0200,d671fb79-bd81-42f3-a5fe-a0a907bfe6ea,2026-07-21T11:15:00Z,2026-07-21T13:15:00+0200,21071.64258,MW,FR,FR,forecast_solar_generation,Solar,2026-08-05T07:10:17Z
2026-08-05T07:08:29Z,2026-08-05T09:08:29+0200,d671fb79-bd81-42f3-a5fe-a0a907bfe6ea,2026-07-21T11:30:00Z,2026-07-21T13:30:00+0200,21223.22656,MW,FR,FR,forecast_solar_generation,Solar,2026-08-05T07:10:17Z
2026-08-05T07:08:29Z,2026-08-05T09:08:29+0200,d671fb79-bd81-42f3-a5fe-a0a907bfe6ea,2026-07-21T11:45:00Z,2026-07-21T13:45:00+0200,21316.47266,MW,FR,FR,forecast_solar_generation,Solar,2026-08-05T07:10:17Z
2026-08-05T07:08:29Z,2026-08-05T09:08:29+0200,d671fb79-bd81-42f3-a5fe-a0a907bfe6ea,2026-07-21T12:00:00Z,2026-07-21T14:00:00+0200,21392.40039,MW,FR,FR,forecast_solar_generation,Solar,2026-08-05T07:10:17Z
2026-08-05T07:08:29Z,2026-08-05T09:08:29+0200,d671fb79-bd81-42f3-a5fe-a0a907bfe6ea,2026-07-21T12:15:00Z,2026-07-21T14:15:00+0200,21385.14648,MW,FR,FR,forecast_solar_generation,Solar,2026-08-05T07:10:17Z
2026-08-05T07:08:29Z,2026-08-05T09:08:29+0200,d671fb79-bd81-42f3-a5fe-a0a907bfe6ea,2026-07-21T12:30:00Z,2026-07-21T14:30:00+0200,21359.41602,MW,FR,FR,forecast_solar_generation,Solar,2026-08-05T07:10:17Z
2026-08-05T07:08:29Z,2026-08-05T09:08:29+0200,d671fb79-bd81-42f3-a5fe-a0a907bfe6ea,2026-07-21T12:45:00Z,2026-07-21T14:45:00+0200,21256.50195,MW,FR,FR,forecast_solar_generation,Solar,2026-08-05T07:10:17Z
2026-08-05T07:08:29Z,2026-08-05T09:08:29+0200,d671fb79-bd81-42f3-a5fe-a0a907bfe6ea,2026-07-21T13:00:00Z,2026-07-21T15:00:00+0200,21113.01172,MW,FR,FR,forecast_solar_generation,Solar,2026-08-05T07:10:17Z
2026-08-05T07:08:29Z,2026-08-05T09:08:29+0200,d671fb79-bd81-42f3-a5fe-a0a907bfe6ea,2026-07-21T13:15:00Z,2026-07-21T15:15:00+0200,20864.55664,MW,FR,FR,forecast_solar_generation,Solar,2026-08-05T07:10:17Z
2026-08-05T07:08:29Z,2026-08-05T09:08:29+0200,d671fb79-bd81-42f3-a5fe-a0a907bfe6ea,2026-07-21T13:30:00Z,2026-07-21T15:30:00+0200,20588.73633,MW,FR,FR,forecast_solar_generation,Solar,2026-08-05T07:10:17Z
2026-08-05T07:08:29Z,2026-08-05T09:08:29+0200,d671fb79-bd81-42f3-a5fe-a0a907bfe6ea,2026-07-21T13:45:00Z,2026-07-21T15:45:00+0200,20197.58789,MW,FR,FR,forecast_solar_generation,Solar,2026-08-05T07:10:17Z
2026-08-05T07:08:29Z,2026-08-05T09:08:29+0200,d671fb79-bd81-42f3-a5fe-a0a907bfe6ea,2026-07-21T14:00:00Z,2026-07-21T16:00:00+0200,19760.38867,MW,FR,FR,forecast_solar_generation,Solar,2026-08-05T07:10:17Z
2026-08-05T07:08:29Z,2026-08-05T09:08:29+0200,d671fb79-bd81-42f3-a5fe-a0a907bfe6ea,2026-07-21T14:15:00Z,2026-07-21T16:15:00+0200,19281.17383,MW,FR,FR,forecast_solar_generation,Solar,2026-08-05T07:10:17Z
2026-08-05T07:08:29Z,2026-08-05T09:08:29+0200,d671fb79-bd81-42f3-a5fe-a0a907bfe6ea,2026-07-21T14:30:00Z,2026-07-21T16:30:00+0200,18667.75391,MW,FR,FR,forecast_solar_generation,Solar,2026-08-05T07:10:17Z
2026-08-05T07:08:29Z,2026-08-05T09:08:29+0200,d671fb79-bd81-42f3-a5fe-a0a907bfe6ea,2026-07-21T14:45:00Z,2026-07-21T16:45:00+0200,17895.45312,MW,FR,FR,forecast_solar_generation,Solar,2026-08-05T07:10:17Z
2026-08-05T07:08:29Z,2026-08-05T09:08:29+0200,d671fb79-bd81-42f3-a5fe-a0a907bfe6ea,2026-07-21T15:00:00Z,2026-07-21T17:00:00+0200,17123.19727,MW,FR,FR,forecast_solar_generation,Solar,2026-08-05T07:10:17Z
2026-08-05T07:08:29Z,2026-08-05T09:08:29+0200,d671fb79-bd81-42f3-a5fe-a0a907bfe6ea,2026-07-21T15:15:00Z,2026-07-21T17:15:00+0200,16325.0459,MW,FR,FR,forecast_solar_generation,Solar,2026-08-05T07:10:17Z
2026-08-05T07:08:29Z,2026-08-05T09:08:29+0200,d671fb79-bd81-42f3-a5fe-a0a907bfe6ea,2026-07-21T15:30:00Z,2026-07-21T17:30:00+0200,15489.77637,MW,FR,FR,forecast_solar_generation,Solar,2026-08-05T07:10:17Z
2026-08-05T07:08:29Z,2026-08-05T09:08:29+0200,d671fb79-bd81-42f3-a5fe-a0a907bfe6ea,2026-07-21T15:45:00Z,2026-07-21T17:45:00+0200,14507.58496,MW,FR,FR,forecast_solar_generation,Solar,2026-08-05T07:10:17Z
2026-08-05T07:08:29Z,2026-08-05T09:08:29+0200,d671fb79-bd81-42f3-a5fe-a0a907bfe6ea,2026-07-21T16:00:00Z,2026-07-21T18:00:00+0200,13426.87695,MW,FR,FR,forecast_solar_generation,Solar,2026-08-05T07:10:17Z
2026-08-05T07:08:29Z,2026-08-05T09:08:29+0200,d671fb79-bd81-42f3-a5fe-a0a907bfe6ea,2026-07-21T16:15:00Z,2026-07-21T18:15:00+0200,12282.01172,MW,FR,FR,forecast_solar_generation,Solar,2026-08-05T07:10:17Z
2026-08-05T07:08:29Z,2026-08-05T09:08:29+0200,d671fb79-bd81-42f3-a5fe-a0a907bfe6ea,2026-07-21T16:30:00Z,2026-07-21T18:30:00+0200,11091.74707,MW,FR,FR,forecast_solar_generation,Solar,2026-08-05T07:10:17Z
2026-08-05T07:08:29Z,2026-08-05T09:08:29+0200,d671fb79-bd81-42f3-a5fe-a0a907bfe6ea,2026-07-21T16:45:00Z,2026-07-21T18:45:00+0200,9960.02246,MW,FR,FR,forecast_solar_generation,Solar,2026-08-05T07:10:17Z
2026-08-05T07:08:29Z,2026-08-05T09:08:29+0200,d671fb79-bd81-42f3-a5fe-a0a907bfe6ea,2026-07-21T17:00:00Z,2026-07-21T19:00:00+0200,8588.76855,MW,FR,FR,forecast_solar_generation,Solar,2026-08-05T07:10:17Z
2026-08-05T07:08:29Z,2026-08-05T09:08:29+0200,d671fb79-bd81-42f3-a5fe-a0a907bfe6ea,2026-07-21T17:15:00Z,2026-07-21T19:15:00+0200,7386.66748,MW,FR,FR,forecast_solar_generation,Solar,2026-08-05T07:10:17Z
2026-08-05T07:08:29Z,2026-08-05T09:08:29+0200,d671fb79-bd81-42f3-a5fe-a0a907bfe6ea,2026-07-21T17:30:00Z,2026-07-21T19:30:00+0200,6013.32324,MW,FR,FR,forecast_solar_generation,Solar,2026-08-05T07:10:17Z
2026-08-05T07:08:29Z,2026-08-05T09:08:29+0200,d671fb79-bd81-42f3-a5fe-a0a907bfe6ea,2026-07-21T17:45:00Z,2026-07-21T19:45:00+0200,4934.8125,MW,FR,FR,forecast_solar_generation,Solar,2026-08-05T07:10:17Z
2026-08-05T07:08:29Z,2026-08-05T09:08:29+0200,d671fb79-bd81-42f3-a5fe-a0a907bfe6ea,2026-07-21T18:00:00Z,2026-07-21T20:00:00+0200,3714.50122,MW,FR,FR,forecast_solar_generation,Solar,2026-08-05T07:10:17Z
2026-08-05T07:08:29Z,2026-08-05T09:08:29+0200,d671fb79-bd81-42f3-a5fe-a0a907bfe6ea,2026-07-21T18:15:00Z,2026-07-21T20:15:00+0200,2734.27759,MW,FR,FR,forecast_solar_generation,Solar,2026-08-05T07:10:17Z
2026-08-05T07:08:29Z,2026-08-05T09:08:29+0200,d671fb79-bd81-42f3-a5fe-a0a907bfe6ea,2026-07-21T18:30:00Z,2026-07-21T20:30:00+0200,1904.35925,MW,FR,FR,forecast_solar_generation,Solar,2026-08-05T07:10:17Z
2026-08-05T07:08:29Z,2026-08-05T09:08:29+0200,d671fb79-bd81-42f3-a5fe-a0a907bfe6ea,2026-07-21T18:45:00Z,2026-07-21T20:45:00+0200,1356.401,MW,FR,FR,forecast_solar_generation,Solar,2026-08-05T07:10:17Z
2026-08-05T07:08:29Z,2026-08-05T09:08:29+0200,d671fb79-bd81-42f3-a5fe-a0a907bfe6ea,2026-07-21T19:00:00Z,2026-07-21T21:00:00+0200,890.9577,MW,FR,FR,forecast_solar_generation,Solar,2026-08-05T07:10:17Z
2026-08-05T07:08:29Z,2026-08-05T09:08:29+0200,d671fb79-bd81-42f3-a5fe-a0a907bfe6ea,2026-07-21T19:15:00Z,2026-07-21T21:15:00+0200,423.78934,MW,FR,FR,forecast_solar_generation,Solar,2026-08-05T07:10:17Z
2026-08-05T07:08:29Z,2026-08-05T09:08:29+0200,d671fb79-bd81-42f3-a5fe-a0a907bfe6ea,2026-07-21T19:30:00Z,2026-07-21T21:30:00+0200,107.1409,MW,FR,FR,forecast_solar_generation,Solar,2026-08-05T07:10:17Z
2026-08-05T07:08:29Z,2026-08-05T09:08:29+0200,d671fb79-bd81-42f3-a5fe-a0a907bfe6ea,2026-07-21T19:45:00Z,2026-07-21T21:45:00+0200,15.26145,MW,FR,FR,forecast_solar_generation,Solar,2026-08-05T07:10:17Z
2026-08-05T07:08:29Z,2026-08-05T09:08:29+0200,d671fb79-bd81-42f3-a5fe-a0a907bfe6ea,2026-07-21T20:00:00Z,2026-07-21T22:00:00+0200,0.0,MW,FR,FR,forecast_solar_generation,Solar,2026-08-05T07:10:17Z
2026-08-05T07:08:29Z,2026-08-05T09:08:29+0200,d671fb79-bd81-42f3-a5fe-a0a907bfe6ea,2026-07-21T20:15:00Z,2026-07-21T22:15:00+0200,0.0,MW,FR,FR,forecast_solar_generation,Solar,2026-08-05T07:10:17Z
2026-08-05T07:08:29Z,2026-08-05T09:08:29+0200,d671fb79-bd81-42f3-a5fe-a0a907bfe6ea,2026-07-21T20:30:00Z,2026-07-21T22:30:00+0200,0.0,MW,FR,FR,forecast_solar_generation,Solar,2026-08-05T07:10:17Z
2026-08-05T07:08:29Z,2026-08-05T09:08:29+0200,d671fb79-bd81-42f3-a5fe-a0a907bfe6ea,2026-07-21T20:45:00Z,2026-07-21T22:45:00+0200,0.0,MW,FR,FR,forecast_solar_generation,Solar,2026-08-05T07:10:17Z
2026-08-05T07:08:29Z,2026-08-05T09:08:29+0200,d671fb79-bd81-42f3-a5fe-a0a907bfe6ea,2026-07-21T21:00:00Z,2026-07-21T23:00:00+0200,0.0,MW,FR,FR,forecast_solar_generation,Solar,2026-08-05T07:10:17Z
2026-08-05T07:08:29Z,2026-08-05T09:08:29+0200,d671fb79-bd81-42f3-a5fe-a0a907bfe6ea,2026-07-21T21:15:00Z,2026-07-21T23:15:00+0200,0.0,MW,FR,FR,forecast_solar_generation,Solar,2026-08-05T07:10:17Z
2026-08-05T07:08:29Z,2026-08-05T09:08:29+0200,d671fb79-bd81-42f3-a5fe-a0a907bfe6ea,2026-07-21T21:30:00Z,2026-07-21T23:30:00+0200,0.0,MW,FR,FR,forecast_solar_generation,Solar,2026-08-05T07:10:17Z
2026-08-05T07:08:29Z,2026-08-05T09:08:29+0200,d671fb79-bd81-42f3-a5fe-a0a907bfe6ea,2026-07-21T21:45:00Z,2026-07-21T23:45:00+0200,0.0,MW,FR,FR,forecast_solar_generation,Solar,2026-08-05T07:10:17Z
2026-08-05T07:08:29Z,2026-08-05T09:08:29+0200,d671fb79-bd81-42f3-a5fe-a0a907bfe6ea,2026-07-21T22:00:00Z,2026-07-22T00:00:00+0200,0.0,MW,FR,FR,forecast_solar_generation,Solar,2026-08-05T07:10:17Z
2026-08-05T07:08:29Z,2026-08-05T09:08:29+0200,d671fb79-bd81-42f3-a5fe-a0a907bfe6ea,2026-07-21T22:15:00Z,2026-07-22T00:15:00+0200,0.0,MW,FR,FR,forecast_solar_generation,Solar,2026-08-05T07:10:17Z
2026-08-05T07:08:29Z,2026-08-05T09:08:29+0200,d671fb79-bd81-42f3-a5fe-a0a907bfe6ea,2026-07-21T22:30:00Z,2026-07-22T00:30:00+0200,0.0,MW,FR,FR,forecast_solar_generation,Solar,2026-08-05T07:10:17Z
2026-08-05T07:08:29Z,2026-08-05T09:08:29+0200,d671fb79-bd81-42f3-a5fe-a0a907bfe6ea,2026-07-21T22:45:00Z,2026-07-22T00:45:00+0200,0.0,MW,FR,FR,forecast_solar_generation,Solar,2026-08-05T07:10:17Z
2026-08-05T07:08:29Z,2026-08-05T09:08:29+0200,d671fb79-bd81-42f3-a5fe-a0a907bfe6ea,2026-07-21T23:00:00Z,2026-07-22T01:00:00+0200,0.0,MW,FR,FR,forecast_solar_generation,Solar,2026-08-05T07:10:17Z
2026-08-05T07:08:29Z,2026-08-05T09:08:29+0200,d671fb79-bd81-42f3-a5fe-a0a907bfe6ea,2026-07-21T23:15:00Z,2026-07-22T01:15:00+0200,0.0,MW,FR,FR,forecast_solar_generation,Solar,2026-08-05T07:10:17Z
2026-08-05T07:08:29Z,2026-08-05T09:08:29+0200,d671fb79-bd81-42f3-a5fe-a0a907bfe6ea,2026-07-21T23:30:00Z,2026-07-22T01:30:00+0200,0.0,MW,FR,FR,forecast_solar_generation,Solar,2026-08-05T07:10:17Z
2026-08-05T07:08:29Z,2026-08-05T09:08:29+0200,d671fb79-bd81-42f3-a5fe-a0a907bfe6ea,2026-07-21T23:45:00Z,2026-07-22T01:45:00+0200,0.0,MW,FR,FR,forecast_solar_generation,Solar,2026-08-05T07:10:17Z
2026-08-05T07:08:29Z,2026-08-05T09:08:29+0200,d671fb79-bd81-42f3-a5fe-a0a907bfe6ea,2026-07-22T00:00:00Z,2026-07-22T02:00:00+0200,0.0,MW,FR,FR,forecast_solar_generation,Solar,2026-08-05T07:10:17Z
2026-08-05T07:08:29Z,2026-08-05T09:08:29+0200,d671fb79-bd81-42f3-a5fe-a0a907bfe6ea,2026-07-22T00:15:00Z,2026-07-22T02:15:00+0200,0.0,MW,FR,FR,forecast_solar_generation,Solar,2026-08-05T07:10:17Z
2026-08-05T07:08:29Z,2026-08-05T09:08:29+0200,d671fb79-bd81-42f3-a5fe-a0a907bfe6ea,2026-07-22T00:30:00Z,2026-07-22T02:30:00+0200,0.0,MW,FR,FR,forecast_solar_generation,Solar,2026-08-05T07:10:17Z
2026-08-05T07:08:29Z,2026-08-05T09:08:29+0200,d671fb79-bd81-42f3-a5fe-a0a907bfe6ea,2026-07-22T00:45:00Z,2026-07-22T02:45:00+0200,0.0,MW,FR,FR,forecast_solar_generation,Solar,2026-08-05T07:10:17Z
2026-08-05T07:08:29Z,2026-08-05T09:08:29+0200,d671fb79-bd81-42f3-a5fe-a0a907bfe6ea,2026-07-22T01:00:00Z,2026-07-22T03:00:00+0200,0.0,MW,FR,FR,forecast_solar_generation,Solar,2026-08-05T07:10:17Z
2026-08-05T07:08:29Z,2026-08-05T09:08:29+0200,d671fb79-bd81-42f3-a5fe-a0a907bfe6ea,2026-07-22T01:15:00Z,2026-07-22T03:15:00+0200,0.0,MW,FR,FR,forecast_solar_generation,Solar,2026-08-05T07:10:17Z
2026-08-05T07:08:29Z,2026-08-05T09:08:29+0200,d671fb79-bd81-42f3-a5fe-a0a907bfe6ea,2026-07-22T01:30:00Z,2026-07-22T03:30:00+0200,0.0,MW,FR,FR,forecast_solar_generation,Solar,2026-08-05T07:10:17Z
2026-08-05T07:08:29Z,2026-08-05T09:08:29+0200,d671fb79-bd81-42f3-a5fe-a0a907bfe6ea,2026-07-22T01:45:00Z,2026-07-22T03:45:00+0200,0.0,MW,FR,FR,forecast_solar_generation,Solar,2026-08-05T07:10:17Z
2026-08-05T07:08:29Z,2026-08-05T09:08:29+0200,d671fb79-bd81-42f3-a5fe-a0a907bfe6ea,2026-07-22T02:00:00Z,2026-07-22T04:00:00+0200,0.0,MW,FR,FR,forecast_solar_generation,Solar,2026-08-05T07:10:17Z
2026-08-05T07:08:29Z,2026-08-05T09:08:29+0200,d671fb79-bd81-42f3-a5fe-a0a907bfe6ea,2026-07-22T02:15:00Z,2026-07-22T04:15:00+0200,0.0,MW,FR,FR,forecast_solar_generation,Solar,2026-08-05T07:10:17Z
2026-08-05T07:08:29Z,2026-08-05T09:08:29+0200,d671fb79-bd81-42f3-a5fe-a0a907bfe6ea,2026-07-22T02:30:00Z,2026-07-22T04:30:00+0200,0.0,MW,FR,FR,forecast_solar_generation,Solar,2026-08-05T07:10:17Z
2026-08-05T07:08:29Z,2026-08-05T09:08:29+0200,d671fb79-bd81-42f3-a5fe-a0a907bfe6ea,2026-07-22T02:45:00Z,2026-07-22T04:45:00+0200,0.0,MW,FR,FR,forecast_solar_generation,Solar,2026-08-05T07:10:17Z
2026-08-05T07:08:29Z,2026-08-05T09:08:29+0200,d671fb79-bd81-42f3-a5fe-a0a907bfe6ea,2026-07-22T03:00:00Z,2026-07-22T05:00:00+0200,0.0,MW,FR,FR,forecast_solar_generation,Solar,2026-08-05T07:10:17Z
2026-08-05T07:08:29Z,2026-08-05T09:08:29+0200,d671fb79-bd81-42f3-a5fe-a0a907bfe6ea,2026-07-22T03:15:00Z,2026-07-22T05:15:00+0200,0.0,MW,FR,FR,forecast_solar_generation,Solar,2026-08-05T07:10:17Z
2026-08-05T07:08:29Z,2026-08-05T09:08:29+0200,d671fb79-bd81-42f3-a5fe-a0a907bfe6ea,2026-07-22T03:30:00Z,2026-07-22T05:30:00+0200,0.0,MW,FR,FR,forecast_solar_generation,Solar,2026-08-05T07:10:17Z
2026-08-05T07:08:29Z,2026-08-05T09:08:29+0200,d671fb79-bd81-42f3-a5fe-a0a907bfe6ea,2026-07-22T03:45:00Z,2026-07-22T05:45:00+0200,0.0,MW,FR,FR,forecast_solar_generation,Solar,2026-08-05T07:10:17Z
2026-08-05T07:08:29Z,2026-08-05T09:08:29+0200,d671fb79-bd81-42f3-a5fe-a0a907bfe6ea,2026-07-22T04:00:00Z,2026-07-22T06:00:00+0200,11.74553,MW,FR,FR,forecast_solar_generation,Solar,2026-08-05T07:10:17Z
2026-08-05T07:08:29Z,2026-08-05T09:08:29+0200,d671fb79-bd81-42f3-a5fe-a0a907bfe6ea,2026-07-22T04:15:00Z,2026-07-22T06:15:00+0200,58.13135,MW,FR,FR,forecast_solar_generation,Solar,2026-08-05T07:10:17Z
2026-08-05T07:08:29Z,2026-08-05T09:08:29+0200,d671fb79-bd81-42f3-a5fe-a0a907bfe6ea,2026-07-22T04:30:00Z,2026-07-22T06:30:00+0200,136.42169,MW,FR,FR,forecast_solar_generation,Solar,2026-08-05T07:10:17Z
2026-08-05T07:08:29Z,2026-08-05T09:08:29+0200,d671fb79-bd81-42f3-a5fe-a0a907bfe6ea,2026-07-22T04:45:00Z,2026-07-22T06:45:00+0200,390.48569,MW,FR,FR,forecast_solar_generation,Solar,2026-08-05T07:10:17Z
2026-08-05T07:08:29Z,2026-08-05T09:08:29+0200,d671fb79-bd81-42f3-a5fe-a0a907bfe6ea,2026-07-22T05:00:00Z,2026-07-22T07:00:00+0200,750.28912,MW,FR,FR,forecast_solar_generation,Solar,2026-08-05T07:10:17Z
2026-08-05T07:08:29Z,2026-08-05T09:08:29+0200,d671fb79-bd81-42f3-a5fe-a0a907bfe6ea,2026-07-22T05:15:00Z,2026-07-22T07:15:00+0200,1169.40784,MW,FR,FR,forecast_solar_generation,Solar,2026-08-05T07:10:17Z
2026-08-05T07:08:29Z,2026-08-05T09:08:29+0200,d671fb79-bd81-42f3-a5fe-a0a907bfe6ea,2026-07-22T05:30:00Z,2026-07-22T07:30:00+0200,1658.59583,MW,FR,FR,forecast_solar_generation,Solar,2026-08-05T07:10:17Z
2026-08-05T07:08:29Z,2026-08-05T09:08:29+0200,d671fb79-bd81-42f3-a5fe-a0a907bfe6ea,2026-07-22T05:45:00Z,2026-07-22T07:45:00+0200,2471.10303,MW,FR,FR,forecast_solar_generation,Solar,2026-08-05T07:10:17Z
2026-08-05T07:08:29Z,2026-08-05T09:08:29+0200,d671fb79-bd81-42f3-a5fe-a0a907bfe6ea,2026-07-22T06:00:00Z,2026-07-22T08:00:00+0200,3415.76611,MW,FR,FR,forecast_solar_generation,Solar,2026-08-05T07:10:17Z
2026-08-05T07:08:29Z,2026-08-05T09:08:29+0200,d671fb79-bd81-42f3-a5fe-a0a907bfe6ea,2026-07-22T06:15:00Z,2026-07-22T08:15:00+0200,4546.66992,MW,FR,FR,forecast_solar_generation,Solar,2026-08-05T07:10:17Z
2026-08-05T07:08:29Z,2026-08-05T09:08:29+0200,d671fb79-bd81-42f3-a5fe-a0a907bfe6ea,2026-07-22T06:30:00Z,2026-07-22T08:30:00+0200,5626.19971,MW,FR,FR,forecast_solar_generation,Solar,2026-08-05T07:10:17Z
2026-08-05T07:08:29Z,2026-08-05T09:08:29+0200,d671fb79-bd81-42f3-a5fe-a0a907bfe6ea,2026-07-22T06:45:00Z,2026-07-22T08:45:00+0200,7049.4458,MW,FR,FR,forecast_solar_generation,Solar,2026-08-05T07:10:17Z
2026-08-05T07:08:29Z,2026-08-05T09:08:29+0200,d671fb79-bd81-42f3-a5fe-a0a907bfe6ea,2026-07-22T07:00:00Z,2026-07-22T09:00:00+0200,8275.38477,MW,FR,FR,forecast_solar_generation,Solar,2026-08-05T07:10:17Z
2026-08-05T07:08:29Z,2026-08-05T09:08:29+0200,d671fb79-bd81-42f3-a5fe-a0a907bfe6ea,2026-07-22T07:15:00Z,2026-07-22T09:15:00+0200,9697.12988,MW,FR,FR,forecast_solar_generation,Solar,2026-08-05T07:10:17Z
2026-08-05T07:08:29Z,2026-08-05T09:08:29+0200,d671fb79-bd81-42f3-a5fe-a0a907bfe6ea,2026-07-22T07:30:00Z,2026-07-22T09:30:00+0200,10903.25879,MW,FR,FR,forecast_solar_generation,Solar,2026-08-05T07:10:17Z
2026-08-05T07:08:29Z,2026-08-05T09:08:29+0200,d671fb79-bd81-42f3-a5fe-a0a907bfe6ea,2026-07-22T07:45:00Z,2026-07-22T09:45:00+0200,12187.33496,MW,FR,FR,forecast_solar_generation,Solar,2026-08-05T07:10:17Z
2026-08-05T07:08:29Z,2026-08-05T09:08:29+0200,d671fb79-bd81-42f3-a5fe-a0a907bfe6ea,2026-07-22T08:00:00Z,2026-07-22T10:00:00+0200,13359.97461,MW,FR,FR,forecast_solar_generation,Solar,2026-08-05T07:10:17Z
2026-08-05T07:08:29Z,2026-08-05T09:08:29+0200,d671fb79-bd81-42f3-a5fe-a0a907bfe6ea,2026-07-22T08:15:00Z,2026-07-22T10:15:00+0200,14569.18457,MW,FR,FR,forecast_solar_generation,Solar,2026-08-05T07:10:17Z
2026-08-05T07:08:29Z,2026-08-05T09:08:29+0200,d671fb79-bd81-42f3-a5fe-a0a907bfe6ea,2026-07-22T08:30:00Z,2026-07-22T10:30:00+0200,15586.38086,MW,FR,FR,forecast_solar_generation,Solar,2026-08-05T07:10:17Z
2026-08-05T07:08:29Z,2026-08-05T09:08:29+0200,d671fb79-bd81-42f3-a5fe-a0a907bfe6ea,2026-07-22T08:45:00Z,2026-07-22T10:45:00+0200,16490.36914,MW,FR,FR,forecast_solar_generation,Solar,2026-08-05T07:10:17Z
2026-08-05T07:08:29Z,2026-08-05T09:08:29+0200,d671fb79-bd81-42f3-a5fe-a0a907bfe6ea,2026-07-22T09:00:00Z,2026-07-22T11:00:00+0200,17304.01562,MW,FR,FR,forecast_solar_generation,Solar,2026-08-05T07:10:17Z
2026-08-05T07:08:29Z,2026-08-05T09:08:29+0200,d671fb79-bd81-42f3-a5fe-a0a907bfe6ea,2026-07-22T09:15:00Z,2026-07-22T11:15:00+0200,18108.31445,MW,FR,FR,forecast_solar_generation,Solar,2026-08-05T07:10:17Z
2026-08-05T07:08:29Z,2026-08-05T09:08:29+0200,d671fb79-bd81-42f3-a5fe-a0a907bfe6ea,2026-07-22T09:30:00Z,2026-07-22T11:30:00+0200,18851.55469,MW,FR,FR,forecast_solar_generation,Solar,2026-08-05T07:10:17Z
2026-08-05T07:08:29Z,2026-08-05T09:08:29+0200,d671fb79-bd81-42f3-a5fe-a0a907bfe6ea,2026-07-22T09:45:00Z,2026-07-22T11:45:00+0200,19482.25977,MW,FR,FR,forecast_solar_generation,Solar,2026-08-05T07:10:17Z
2026-08-05T07:08:29Z,2026-08-05T09:08:29+0200,d671fb79-bd81-42f3-a5fe-a0a907bfe6ea,2026-07-22T10:00:00Z,2026-07-22T12:00:00+0200,20014.55859,MW,FR,FR,forecast_solar_generation,Solar,2026-08-05T07:10:17Z
2026-08-05T07:08:29Z,2026-08-05T09:08:29+0200,d671fb79-bd81-42f3-a5fe-a0a907bfe6ea,2026-07-22T10:15:00Z,2026-07-22T12:15:00+0200,20459.55664,MW,FR,FR,forecast_solar_generation,Solar,2026-08-05T07:10:17Z
2026-08-05T07:08:29Z,2026-08-05T09:08:29+0200,d671fb79-bd81-42f3-a5fe-a0a907bfe6ea,2026-07-22T10:30:00Z,2026-07-22T12:30:00+0200,20847.36523,MW,FR,FR,forecast_solar_generation,Solar,2026-08-05T07:10:17Z
2026-08-05T07:08:29Z,2026-08-05T09:08:29+0200,d671fb79-bd81-42f3-a5fe-a0a907bfe6ea,2026-07-22T10:45:00Z,2026-07-22T12:45:00+0200,21081.59375,MW,FR,FR,forecast_solar_generation,Solar,2026-08-05T07:10:17Z
2026-08-05T07:08:29Z,2026-08-05T09:08:29+0200,d671fb79-bd81-42f3-a5fe-a0a907bfe6ea,2026-07-22T11:00:00Z,2026-07-22T13:00:00+0200,21324.74219,MW,FR,FR,forecast_solar_generation,Solar,2026-08-05T07:10:17Z
2026-08-05T07:08:29Z,2026-08-05T09:08:29+0200,d671fb79-bd81-42f3-a5fe-a0a907bfe6ea,2026-07-22T11:15:00Z,2026-07-22T13:15:00+0200,21492.64258,MW,FR,FR,forecast_solar_generation,Solar,2026-08-05T07:10:17Z
2026-08-05T07:08:29Z,2026-08-05T09:08:29+0200,d671fb79-bd81-42f3-a5fe-a0a907bfe6ea,2026-07-22T11:30:00Z,2026-07-22T13:30:00+0200,21621.39062,MW,FR,FR,forecast_solar_generation,Solar,2026-08-05T07:10:17Z
2026-08-05T07:08:29Z,2026-08-05T09:08:29+0200,d671fb79-bd81-42f3-a5fe-a0a907bfe6ea,2026-07-22T11:45:00Z,2026-07-22T13:45:00+0200,21677.35938,MW,FR,FR,forecast_solar_generation,Solar,2026-08-05T07:10:17Z
2026-08-05T07:08:29Z,2026-08-05T09:08:29+0200,d671fb79-bd81-42f3-a5fe-a0a907bfe6ea,2026-07-22T12:00:00Z,2026-07-22T14:00:00+0200,21681.83984,MW,FR,FR,forecast_solar_generation,Solar,2026-08-05T07:10:17Z
2026-08-05T07:08:29Z,2026-08-05T09:08:29+0200,d671fb79-bd81-42f3-a5fe-a0a907bfe6ea,2026-07-22T12:15:00Z,2026-07-22T14:15:00+0200,21627.3418,MW,FR,FR,forecast_solar_generation,Solar,2026-08-05T07:10:17Z
2026-08-05T07:08:29Z,2026-08-05T09:08:29+0200,d671fb79-bd81-42f3-a5fe-a0a907bfe6ea,2026-07-22T12:30:00Z,2026-07-22T14:30:00+0200,21557.11328,MW,FR,FR,forecast_solar_generation,Solar,2026-08-05T07:10:17Z
2026-08-05T07:08:29Z,2026-08-05T09:08:29+0200,d671fb79-bd81-42f3-a5fe-a0a907bfe6ea,2026-07-22T12:45:00Z,2026-07-22T14:45:00+0200,21446.17578,MW,FR,FR,forecast_solar_generation,Solar,2026-08-05T07:10:17Z
2026-08-05T07:08:29Z,2026-08-05T09:08:29+0200,d671fb79-bd81-42f3-a5fe-a0a907bfe6ea,2026-07-22T13:00:00Z,2026-07-22T15:00:00+0200,21258.88086,MW,FR,FR,forecast_solar_generation,Solar,2026-08-05T07:10:17Z
2026-08-05T07:08:29Z,2026-08-05T09:08:29+0200,d671fb79-bd81-42f3-a5fe-a0a907bfe6ea,2026-07-22T13:15:00Z,2026-07-22T15:15:00+0200,20980.48047,MW,FR,FR,forecast_solar_generation,Solar,2026-08-05T07:10:17Z
2026-08-05T07:08:29Z,2026-08-05T09:08:29+0200,d671fb79-bd81-42f3-a5fe-a0a907bfe6ea,2026-07-22T13:30:00Z,2026-07-22T15:30:00+0200,20623.24805,MW,FR,FR,forecast_solar_generation,Solar,2026-08-05T07:10:17Z
2026-08-05T07:08:29Z,2026-08-05T09:08:29+0200,d671fb79-bd81-42f3-a5fe-a0a907bfe6ea,2026-07-22T13:45:00Z,2026-07-22T15:45:00+0200,20130.44922,MW,FR,FR,forecast_solar_generation,Solar,2026-08-05T07:10:17Z
2026-08-05T07:08:29Z,2026-08-05T09:08:29+0200,d671fb79-bd81-42f3-a5fe-a0a907bfe6ea,2026-07-22T14:00:00Z,2026-07-22T16:00:00+0200,19567.65039,MW,FR,FR,forecast_solar_generation,Solar,2026-08-05T07:10:17Z
2026-08-05T07:08:29Z,2026-08-05T09:08:29+0200,d671fb79-bd81-42f3-a5fe-a0a907bfe6ea,2026-07-22T14:15:00Z,2026-07-22T16:15:00+0200,19005.13086,MW,FR,FR,forecast_solar_generation,Solar,2026-08-05T07:10:17Z
2026-08-05T07:08:29Z,2026-08-05T09:08:29+0200,d671fb79-bd81-42f3-a5fe-a0a907bfe6ea,2026-07-22T14:30:00Z,2026-07-22T16:30:00+0200,18317.29102,MW,FR,FR,forecast_solar_generation,Solar,2026-08-05T07:10:17Z
2026-08-05T07:08:29Z,2026-08-05T09:08:29+0200,d671fb79-bd81-42f3-a5fe-a0a907bfe6ea,2026-07-22T14:45:00Z,2026-07-22T16:45:00+0200,17538.06641,MW,FR,FR,forecast_solar_generation,Solar,2026-08-05T07:10:17Z
2026-08-05T07:08:29Z,2026-08-05T09:08:29+0200,d671fb79-bd81-42f3-a5fe-a0a907bfe6ea,2026-07-22T15:00:00Z,2026-07-22T17:00:00+0200,16823.45117,MW,FR,FR,forecast_solar_generation,Solar,2026-08-05T07:10:17Z
2026-08-05T07:08:29Z,2026-08-05T09:08:29+0200,d671fb79-bd81-42f3-a5fe-a0a907bfe6ea,2026-07-22T15:15:00Z,2026-07-22T17:15:00+0200,16032.08789,MW,FR,FR,forecast_solar_generation,Solar,2026-08-05T07:10:17Z
2026-08-05T07:08:29Z,2026-08-05T09:08:29+0200,d671fb79-bd81-42f3-a5fe-a0a907bfe6ea,2026-07-22T15:30:00Z,2026-07-22T17:30:00+0200,15221.5332,MW,FR,FR,forecast_solar_generation,Solar,2026-08-05T07:10:17Z
2026-08-05T07:08:29Z,2026-08-05T09:08:29+0200,d671fb79-bd81-42f3-a5fe-a0a907bfe6ea,2026-07-22T15:45:00Z,2026-07-22T17:45:00+0200,14240.3877,MW,FR,FR,forecast_solar_generation,Solar,2026-08-05T07:10:17Z
2026-08-05T07:08:29Z,2026-08-05T09:08:29+0200,d671fb79-bd81-42f3-a5fe-a0a907bfe6ea,2026-07-22T16:00:00Z,2026-07-22T18:00:00+0200,13158.65234,MW,FR,FR,forecast_solar_generation,Solar,2026-08-05T07:10:17Z
2026-08-05T07:08:29Z,2026-08-05T09:08:29+0200,d671fb79-bd81-42f3-a5fe-a0a907bfe6ea,2026-07-22T16:15:00Z,2026-07-22T18:15:00+0200,12010.51758,MW,FR,FR,forecast_solar_generation,Solar,2026-08-05T07:10:17Z
2026-08-05T07:08:29Z,2026-08-05T09:08:29+0200,d671fb79-bd81-42f3-a5fe-a0a907bfe6ea,2026-07-22T16:30:00Z,2026-07-22T18:30:00+0200,10839.1416,MW,FR,FR,forecast_solar_generation,Solar,2026-08-05T07:10:17Z
2026-08-05T07:08:29Z,2026-08-05T09:08:29+0200,d671fb79-bd81-42f3-a5fe-a0a907bfe6ea,2026-07-22T16:45:00Z,2026-07-22T18:45:00+0200,9698.36523,MW,FR,FR,forecast_solar_generation,Solar,2026-08-05T07:10:17Z
2026-08-05T07:08:29Z,2026-08-05T09:08:29+0200,d671fb79-bd81-42f3-a5fe-a0a907bfe6ea,2026-07-22T17:00:00Z,2026-07-22T19:00:00+0200,8368.57617,MW,FR,FR,forecast_solar_generation,Solar,2026-08-05T07:10:17Z
2026-08-05T07:08:29Z,2026-08-05T09:08:29+0200,d671fb79-bd81-42f3-a5fe-a0a907bfe6ea,2026-07-22T17:15:00Z,2026-07-22T19:15:00+0200,7182.83838,MW,FR,FR,forecast_solar_generation,Solar,2026-08-05T07:10:17Z
2026-08-05T07:08:29Z,2026-08-05T09:08:29+0200,d671fb79-bd81-42f3-a5fe-a0a907bfe6ea,2026-07-22T17:30:00Z,2026-07-22T19:30:00+0200,5846.1626,MW,FR,FR,forecast_solar_generation,Solar,2026-08-05T07:10:17Z
2026-08-05T07:08:29Z,2026-08-05T09:08:29+0200,d671fb79-bd81-42f3-a5fe-a0a907bfe6ea,2026-07-22T17:45:00Z,2026-07-22T19:45:00+0200,4822.38672,MW,FR,FR,forecast_solar_generation,Solar,2026-08-05T07:10:17Z
2026-08-05T07:08:29Z,2026-08-05T09:08:29+0200,d671fb79-bd81-42f3-a5fe-a0a907bfe6ea,2026-07-22T18:00:00Z,2026-07-22T20:00:00+0200,3651.51562,MW,FR,FR,forecast_solar_generation,Solar,2026-08-05T07:10:17Z
2026-08-05T07:08:29Z,2026-08-05T09:08:29+0200,d671fb79-bd81-42f3-a5fe-a0a907bfe6ea,2026-07-22T18:15:00Z,2026-07-22T20:15:00+0200,2725.13599,MW,FR,FR,forecast_solar_generation,Solar,2026-08-05T07:10:17Z
2026-08-05T07:08:29Z,2026-08-05T09:08:29+0200,d671fb79-bd81-42f3-a5fe-a0a907bfe6ea,2026-07-22T18:30:00Z,2026-07-22T20:30:00+0200,1897.83264,MW,FR,FR,forecast_solar_generation,Solar,2026-08-05T07:10:17Z
2026-08-05T07:08:29Z,2026-08-05T09:08:29+0200,d671fb79-bd81-42f3-a5fe-a0a907bfe6ea,2026-07-22T18:45:00Z,2026-07-22T20:45:00+0200,1362.95764,MW,FR,FR,forecast_solar_generation,Solar,2026-08-05T07:10:17Z
2026-08-05T07:08:29Z,2026-08-05T09:08:29+0200,d671fb79-bd81-42f3-a5fe-a0a907bfe6ea,2026-07-22T19:00:00Z,2026-07-22T21:00:00+0200,888.51758,MW,FR,FR,forecast_solar_generation,Solar,2026-08-05T07:10:17Z
2026-08-05T07:08:29Z,2026-08-05T09:08:29+0200,d671fb79-bd81-42f3-a5fe-a0a907bfe6ea,2026-07-22T19:15:00Z,2026-07-22T21:15:00+0200,418.16602,MW,FR,FR,forecast_solar_generation,Solar,2026-08-05T07:10:17Z
2026-08-05T07:08:29Z,2026-08-05T09:08:29+0200,d671fb79-bd81-42f3-a5fe-a0a907bfe6ea,2026-07-22T19:30:00Z,2026-07-22T21:30:00+0200,100.10298,MW,FR,FR,forecast_solar_generation,Solar,2026-08-05T07:10:17Z
2026-08-05T07:08:29Z,2026-08-05T09:08:29+0200,d671fb79-bd81-42f3-a5fe-a0a907bfe6ea,2026-07-22T19:45:00Z,2026-07-22T21:45:00+0200,13.09782,MW,FR,FR,forecast_solar_generation,Solar,2026-08-05T07:10:17Z
2026-08-05T07:08:29Z,2026-08-05T09:08:29+0200,d671fb79-bd81-42f3-a5fe-a0a907bfe6ea,2026-07-22T20:00:00Z,2026-07-22T22:00:00+0200,0.0,MW,FR,FR,forecast_solar_generation,Solar,2026-08-05T07:10:17Z
2026-08-05T07:08:29Z,2026-08-05T09:08:29+0200,d671fb79-bd81-42f3-a5fe-a0a907bfe6ea,2026-07-22T20:15:00Z,2026-07-22T22:15:00+0200,0.0,MW,FR,FR,forecast_solar_generation,Solar,2026-08-05T07:10:17Z
2026-08-05T07:08:29Z,2026-08-05T09:08:29+0200,d671fb79-bd81-42f3-a5fe-a0a907bfe6ea,2026-07-22T20:30:00Z,2026-07-22T22:30:00+0200,0.0,MW,FR,FR,forecast_solar_generation,Solar,2026-08-05T07:10:17Z
2026-08-05T07:08:29Z,2026-08-05T09:08:29+0200,d671fb79-bd81-42f3-a5fe-a0a907bfe6ea,2026-07-22T20:45:00Z,2026-07-22T22:45:00+0200,0.0,MW,FR,FR,forecast_solar_generation,Solar,2026-08-05T07:10:17Z
2026-08-05T07:08:29Z,2026-08-05T09:08:29+0200,d671fb79-bd81-42f3-a5fe-a0a907bfe6ea,2026-07-22T21:00:00Z,2026-07-22T23:00:00+0200,0.0,MW,FR,FR,forecast_solar_generation,Solar,2026-08-05T07:10:17Z
2026-08-05T07:08:29Z,2026-08-05T09:08:29+0200,d671fb79-bd81-42f3-a5fe-a0a907bfe6ea,2026-07-22T21:15:00Z,2026-07-22T23:15:00+0200,0.0,MW,FR,FR,forecast_solar_generation,Solar,2026-08-05T07:10:17Z
2026-08-05T07:08:29Z,2026-08-05T09:08:29+0200,d671fb79-bd81-42f3-a5fe-a0a907bfe6ea,2026-07-22T21:30:00Z,2026-07-22T23:30:00+0200,0.0,MW,FR,FR,forecast_solar_generation,Solar,2026-08-05T07:10:17Z
2026-08-05T07:08:29Z,2026-08-05T09:08:29+0200,d671fb79-bd81-42f3-a5fe-a0a907bfe6ea,2026-07-22T21:45:00Z,2026-07-22T23:45:00+0200,0.0,MW,FR,FR,forecast_solar_generation,Solar,2026-08-05T07:10:17Z
2026-08-05T07:08:29Z,2026-08-05T09:08:29+0200,d671fb79-bd81-42f3-a5fe-a0a907bfe6ea,2026-07-22T22:00:00Z,2026-07-23T00:00:00+0200,0.0,MW,FR,FR,forecast_solar_generation,Solar,2026-08-05T07:10:17Z
2026-08-05T07:08:29Z,2026-08-05T09:08:29+0200,d671fb79-bd81-42f3-a5fe-a0a907bfe6ea,2026-07-22T22:15:00Z,2026-07-23T00:15:00+0200,0.0,MW,FR,FR,forecast_solar_generation,Solar,2026-08-05T07:10:17Z
2026-08-05T07:08:29Z,2026-08-05T09:08:29+0200,d671fb79-bd81-42f3-a5fe-a0a907bfe6ea,2026-07-22T22:30:00Z,2026-07-23T00:30:00+0200,0.0,MW,FR,FR,forecast_solar_generation,Solar,2026-08-05T07:10:17Z
2026-08-05T07:08:29Z,2026-08-05T09:08:29+0200,d671fb79-bd81-42f3-a5fe-a0a907bfe6ea,2026-07-22T22:45:00Z,2026-07-23T00:45:00+0200,0.0,MW,FR,FR,forecast_solar_generation,Solar,2026-08-05T07:10:17Z
2026-08-05T07:08:29Z,2026-08-05T09:08:29+0200,d671fb79-bd81-42f3-a5fe-a0a907bfe6ea,2026-07-22T23:00:00Z,2026-07-23T01:00:00+0200,0.0,MW,FR,FR,forecast_solar_generation,Solar,2026-08-05T07:10:17Z
2026-08-05T07:08:29Z,2026-08-05T09:08:29+0200,d671fb79-bd81-42f3-a5fe-a0a907bfe6ea,2026-07-22T23:15:00Z,2026-07-23T01:15:00+0200,0.0,MW,FR,FR,forecast_solar_generation,Solar,2026-08-05T07:10:17Z
2026-08-05T07:08:29Z,2026-08-05T09:08:29+0200,d671fb79-bd81-42f3-a5fe-a0a907bfe6ea,2026-07-22T23:30:00Z,2026-07-23T01:30:00+0200,0.0,MW,FR,FR,forecast_solar_generation,Solar,2026-08-05T07:10:17Z
2026-08-05T07:08:29Z,2026-08-05T09:08:29+0200,d671fb79-bd81-42f3-a5fe-a0a907bfe6ea,2026-07-22T23:45:00Z,2026-07-23T01:45:00+0200,0.0,MW,FR,FR,forecast_solar_generation,Solar,2026-08-05T07:10:17Z
2026-08-05T07:08:29Z,2026-08-05T09:08:29+0200,d671fb79-bd81-42f3-a5fe-a0a907bfe6ea,2026-07-23T00:00:00Z,2026-07-23T02:00:00+0200,0.0,MW,FR,FR,forecast_solar_generation,Solar,2026-08-05T07:10:17Z
2026-08-05T07:08:29Z,2026-08-05T09:08:29+0200,d671fb79-bd81-42f3-a5fe-a0a907bfe6ea,2026-07-23T00:15:00Z,2026-07-23T02:15:00+0200,0.0,MW,FR,FR,forecast_solar_generation,Solar,2026-08-05T07:10:17Z
2026-08-05T07:08:29Z,2026-08-05T09:08:29+0200,d671fb79-bd81-42f3-a5fe-a0a907bfe6ea,2026-07-23T00:30:00Z,2026-07-23T02:30:00+0200,0.0,MW,FR,FR,forecast_solar_generation,Solar,2026-08-05T07:10:17Z
2026-08-05T07:08:29Z,2026-08-05T09:08:29+0200,d671fb79-bd81-42f3-a5fe-a0a907bfe6ea,2026-07-23T00:45:00Z,2026-07-23T02:45:00+0200,0.0,MW,FR,FR,forecast_solar_generation,Solar,2026-08-05T07:10:17Z
2026-08-05T07:08:29Z,2026-08-05T09:08:29+0200,d671fb79-bd81-42f3-a5fe-a0a907bfe6ea,2026-07-23T01:00:00Z,2026-07-23T03:00:00+0200,0.0,MW,FR,FR,forecast_solar_generation,Solar,2026-08-05T07:10:17Z
2026-08-05T07:08:29Z,2026-08-05T09:08:29+0200,d671fb79-bd81-42f3-a5fe-a0a907bfe6ea,2026-07-23T01:15:00Z,2026-07-23T03:15:00+0200,0.0,MW,FR,FR,forecast_solar_generation,Solar,2026-08-05T07:10:17Z
2026-08-05T07:08:29Z,2026-08-05T09:08:29+0200,d671fb79-bd81-42f3-a5fe-a0a907bfe6ea,2026-07-23T01:30:00Z,2026-07-23T03:30:00+0200,0.0,MW,FR,FR,forecast_solar_generation,Solar,2026-08-05T07:10:17Z
2026-08-05T07:08:29Z,2026-08-05T09:08:29+0200,d671fb79-bd81-42f3-a5fe-a0a907bfe6ea,2026-07-23T01:45:00Z,2026-07-23T03:45:00+0200,0.0,MW,FR,FR,forecast_solar_generation,Solar,2026-08-05T07:10:17Z
2026-08-05T07:08:29Z,2026-08-05T09:08:29+0200,d671fb79-bd81-42f3-a5fe-a0a907bfe6ea,2026-07-23T02:00:00Z,2026-07-23T04:00:00+0200,0.0,MW,FR,FR,forecast_solar_generation,Solar,2026-08-05T07:10:17Z
2026-08-05T07:08:29Z,2026-08-05T09:08:29+0200,d671fb79-bd81-42f3-a5fe-a0a907bfe6ea,2026-07-23T02:15:00Z,2026-07-23T04:15:00+0200,0.0,MW,FR,FR,forecast_solar_generation,Solar,2026-08-05T07:10:17Z
2026-08-05T07:08:29Z,2026-08-05T09:08:29+0200,d671fb79-bd81-42f3-a5fe-a0a907bfe6ea,2026-07-23T02:30:00Z,2026-07-23T04:30:00+0200,0.0,MW,FR,FR,forecast_solar_generation,Solar,2026-08-05T07:10:17Z
2026-08-05T07:08:29Z,2026-08-05T09:08:29+0200,d671fb79-bd81-42f3-a5fe-a0a907bfe6ea,2026-07-23T02:45:00Z,2026-07-23T04:45:00+0200,0.0,MW,FR,FR,forecast_solar_generation,Solar,2026-08-05T07:10:17Z
2026-08-05T07:08:29Z,2026-08-05T09:08:29+0200,d671fb79-bd81-42f3-a5fe-a0a907bfe6ea,2026-07-23T03:00:00Z,2026-07-23T05:00:00+0200,0.0,MW,FR,FR,forecast_solar_generation,Solar,2026-08-05T07:10:17Z
2026-08-05T07:08:29Z,2026-08-05T09:08:29+0200,d671fb79-bd81-42f3-a5fe-a0a907bfe6ea,2026-07-23T03:15:00Z,2026-07-23T05:15:00+0200,0.0,MW,FR,FR,forecast_solar_generation,Solar,2026-08-05T07:10:17Z
2026-08-05T07:08:29Z,2026-08-05T09:08:29+0200,d671fb79-bd81-42f3-a5fe-a0a907bfe6ea,2026-07-23T03:30:00Z,2026-07-23T05:30:00+0200,0.0,MW,FR,FR,forecast_solar_generation,Solar,2026-08-05T07:10:17Z
2026-08-05T07:08:29Z,2026-08-05T09:08:29+0200,d671fb79-bd81-42f3-a5fe-a0a907bfe6ea,2026-07-23T03:45:00Z,2026-07-23T05:45:00+0200,0.0,MW,FR,FR,forecast_solar_generation,Solar,2026-08-05T07:10:17Z
2026-08-05T07:08:29Z,2026-08-05T09:08:29+0200,d671fb79-bd81-42f3-a5fe-a0a907bfe6ea,2026-07-23T04:00:00Z,2026-07-23T06:00:00+0200,9.58277,MW,FR,FR,forecast_solar_generation,Solar,2026-08-05T07:10:17Z
2026-08-05T07:08:29Z,2026-08-05T09:08:29+0200,d671fb79-bd81-42f3-a5fe-a0a907bfe6ea,2026-07-23T04:15:00Z,2026-07-23T06:15:00+0200,50.82527,MW,FR,FR,forecast_solar_generation,Solar,2026-08-05T07:10:17Z
2026-08-05T07:08:29Z,2026-08-05T09:08:29+0200,d671fb79-bd81-42f3-a5fe-a0a907bfe6ea,2026-07-23T04:30:00Z,2026-07-23T06:30:00+0200,127.92988,MW,FR,FR,forecast_solar_generation,Solar,2026-08-05T07:10:17Z
2026-08-05T07:08:29Z,2026-08-05T09:08:29+0200,d671fb79-bd81-42f3-a5fe-a0a907bfe6ea,2026-07-23T04:45:00Z,2026-07-23T06:45:00+0200,355.10831,MW,FR,FR,forecast_solar_generation,Solar,2026-08-05T07:10:17Z
2026-08-05T07:08:29Z,2026-08-05T09:08:29+0200,d671fb79-bd81-42f3-a5fe-a0a907bfe6ea,2026-07-23T05:00:00Z,2026-07-23T07:00:00+0200,704.66235,MW,FR,FR,forecast_solar_generation,Solar,2026-08-05T07:10:17Z
2026-08-05T07:08:29Z,2026-08-05T09:08:29+0200,d671fb79-bd81-42f3-a5fe-a0a907bfe6ea,2026-07-23T05:15:00Z,2026-07-23T07:15:00+0200,1087.70923,MW,FR,FR,forecast_solar_generation,Solar,2026-08-05T07:10:17Z
2026-08-05T07:08:29Z,2026-08-05T09:08:29+0200,d671fb79-bd81-42f3-a5fe-a0a907bfe6ea,2026-07-23T05:30:00Z,2026-07-23T07:30:00+0200,1582.0116,MW,FR,FR,forecast_solar_generation,Solar,2026-08-05T07:10:17Z
2026-08-05T07:08:29Z,2026-08-05T09:08:29+0200,d671fb79-bd81-42f3-a5fe-a0a907bfe6ea,2026-07-23T05:45:00Z,2026-07-23T07:45:00+0200,2322.83667,MW,FR,FR,forecast_solar_generation,Solar,2026-08-05T07:10:17Z
2026-08-05T07:08:29Z,2026-08-05T09:08:29+0200,d671fb79-bd81-42f3-a5fe-a0a907bfe6ea,2026-07-23T06:00:00Z,2026-07-23T08:00:00+0200,3250.52588,MW,FR,FR,forecast_solar_generation,Solar,2026-08-05T07:10:17Z
2026-08-05T07:08:29Z,2026-08-05T09:08:29+0200,d671fb79-bd81-42f3-a5fe-a0a907bfe6ea,2026-07-23T06:15:00Z,2026-07-23T08:15:00+0200,4321.19775,MW,FR,FR,forecast_solar_generation,Solar,2026-08-05T07:10:17Z
2026-08-05T07:08:29Z,2026-08-05T09:08:29+0200,d671fb79-bd81-42f3-a5fe-a0a907bfe6ea,2026-07-23T06:30:00Z,2026-07-23T08:30:00+0200,5353.91602,MW,FR,FR,forecast_solar_generation,Solar,2026-08-05T07:10:17Z
2026-08-05T07:08:29Z,2026-08-05T09:08:29+0200,d671fb79-bd81-42f3-a5fe-a0a907bfe6ea,2026-07-23T06:45:00Z,2026-07-23T08:45:00+0200,6752.0752,MW,FR,FR,forecast_solar_generation,Solar,2026-08-05T07:10:17Z
2026-08-05T07:08:29Z,2026-08-05T09:08:29+0200,d671fb79-bd81-42f3-a5fe-a0a907bfe6ea,2026-07-23T07:00:00Z,2026-07-23T09:00:00+0200,7943.71631,MW,FR,FR,forecast_solar_generation,Solar,2026-08-05T07:10:17Z
2026-08-05T07:08:29Z,2026-08-05T09:08:29+0200,d671fb79-bd81-42f3-a5fe-a0a907bfe6ea,2026-07-23T07:15:00Z,2026-07-23T09:15:00+0200,9363.08691,MW,FR,FR,forecast_solar_generation,Solar,2026-08-05T07:10:17Z
2026-08-05T07:08:29Z,2026-08-05T09:08:29+0200,d671fb79-bd81-42f3-a5fe-a0a907bfe6ea,2026-07-23T07:30:00Z,2026-07-23T09:30:00+0200,10550.59473,MW,FR,FR,forecast_solar_generation,Solar,2026-08-05T07:10:17Z
2026-08-05T07:08:29Z,2026-08-05T09:08:29+0200,d671fb79-bd81-42f3-a5fe-a0a907bfe6ea,2026-07-23T07:45:00Z,2026-07-23T09:45:00+0200,11814.14746,MW,FR,FR,forecast_solar_generation,Solar,2026-08-05T07:10:17Z
2026-08-05T07:08:29Z,2026-08-05T09:08:29+0200,d671fb79-bd81-42f3-a5fe-a0a907bfe6ea,2026-07-23T08:00:00Z,2026-07-23T10:00:00+0200,12986.96973,MW,FR,FR,forecast_solar_generation,Solar,2026-08-05T07:10:17Z
2026-08-05T07:08:29Z,2026-08-05T09:08:29+0200,d671fb79-bd81-42f3-a5fe-a0a907bfe6ea,2026-07-23T08:15:00Z,2026-07-23T10:15:00+0200,14211.83594,MW,FR,FR,forecast_solar_generation,Solar,2026-08-05T07:10:17Z
2026-08-05T07:08:29Z,2026-08-05T09:08:29+0200,d671fb79-bd81-42f3-a5fe-a0a907bfe6ea,2026-07-23T08:30:00Z,2026-07-23T10:30:00+0200,15186.38184,MW,FR,FR,forecast_solar_generation,Solar,2026-08-05T07:10:17Z
2026-08-05T07:08:29Z,2026-08-05T09:08:29+0200,d671fb79-bd81-42f3-a5fe-a0a907bfe6ea,2026-07-23T08:45:00Z,2026-07-23T10:45:00+0200,16115.71777,MW,FR,FR,forecast_solar_generation,Solar,2026-08-05T07:10:17Z
2026-08-05T07:08:29Z,2026-08-05T09:08:29+0200,d671fb79-bd81-42f3-a5fe-a0a907bfe6ea,2026-07-23T09:00:00Z,2026-07-23T11:00:00+0200,16912.00195,MW,FR,FR,forecast_solar_generation,Solar,2026-08-05T07:10:17Z
2026-08-05T07:08:29Z,2026-08-05T09:08:29+0200,d671fb79-bd81-42f3-a5fe-a0a907bfe6ea,2026-07-23T09:15:00Z,2026-07-23T11:15:00+0200,17697.41016,MW,FR,FR,forecast_solar_generation,Solar,2026-08-05T07:10:17Z
2026-08-05T07:08:29Z,2026-08-05T09:08:29+0200,d671fb79-bd81-42f3-a5fe-a0a907bfe6ea,2026-07-23T09:30:00Z,2026-07-23T11:30:00+0200,18429.5957,MW,FR,FR,forecast_solar_generation,Solar,2026-08-05T07:10:17Z
2026-08-05T07:08:29Z,2026-08-05T09:08:29+0200,d671fb79-bd81-42f3-a5fe-a0a907bfe6ea,2026-07-23T09:45:00Z,2026-07-23T11:45:00+0200,19069.84766,MW,FR,FR,forecast_solar_generation,Solar,2026-08-05T07:10:17Z
2026-08-05T07:08:29Z,2026-08-05T09:08:29+0200,d671fb79-bd81-42f3-a5fe-a0a907bfe6ea,2026-07-23T10:00:00Z,2026-07-23T12:00:00+0200,19619.55469,MW,FR,FR,forecast_solar_generation,Solar,2026-08-05T07:10:17Z
2026-08-05T07:08:29Z,2026-08-05T09:08:29+0200,d671fb79-bd81-42f3-a5fe-a0a907bfe6ea,2026-07-23T10:15:00Z,2026-07-23T12:15:00+0200,20103.86523,MW,FR,FR,forecast_solar_generation,Solar,2026-08-05T07:10:17Z
2026-08-05T07:08:29Z,2026-08-05T09:08:29+0200,d671fb79-bd81-42f3-a5fe-a0a907bfe6ea,2026-07-23T10:30:00Z,2026-07-23T12:30:00+0200,20537.32422,MW,FR,FR,forecast_solar_generation,Solar,2026-08-05T07:10:17Z
2026-08-05T07:08:29Z,2026-08-05T09:08:29+0200,d671fb79-bd81-42f3-a5fe-a0a907bfe6ea,2026-07-23T10:45:00Z,2026-07-23T12:45:00+0200,20778.91406,MW,FR,FR,forecast_solar_generation,Solar,2026-08-05T07:10:17Z
2026-08-05T07:08:29Z,2026-08-05T09:08:29+0200,d671fb79-bd81-42f3-a5fe-a0a907bfe6ea,2026-07-23T11:00:00Z,2026-07-23T13:00:00+0200,20979.55078,MW,FR,FR,forecast_solar_generation,Solar,2026-08-05T07:10:17Z
2026-08-05T07:08:29Z,2026-08-05T09:08:29+0200,d671fb79-bd81-42f3-a5fe-a0a907bfe6ea,2026-07-23T11:15:00Z,2026-07-23T13:15:00+0200,21126.36719,MW,FR,FR,forecast_solar_generation,Solar,2026-08-05T07:10:17Z
2026-08-05T07:08:29Z,2026-08-05T09:08:29+0200,d671fb79-bd81-42f3-a5fe-a0a907bfe6ea,2026-07-23T11:30:00Z,2026-07-23T13:30:00+0200,21239.2832,MW,FR,FR,forecast_solar_generation,Solar,2026-08-05T07:10:17Z
2026-08-05T07:08:29Z,2026-08-05T09:08:29+0200,d671fb79-bd81-42f3-a5fe-a0a907bfe6ea,2026-07-23T11:45:00Z,2026-07-23T13:45:00+0200,21274.78906,MW,FR,FR,forecast_solar_generation,Solar,2026-08-05T07:10:17Z
2026-08-05T07:08:29Z,2026-08-05T09:08:29+0200,d671fb79-bd81-42f3-a5fe-a0a907bfe6ea,2026-07-23T12:00:00Z,2026-07-23T14:00:00+0200,21293.05469,MW,FR,FR,forecast_solar_generation,Solar,2026-08-05T07:10:17Z
2026-08-05T07:08:29Z,2026-08-05T09:08:29+0200,d671fb79-bd81-42f3-a5fe-a0a907bfe6ea,2026-07-23T12:15:00Z,2026-07-23T14:15:00+0200,21258.48438,MW,FR,FR,forecast_solar_generation,Solar,2026-08-05T07:10:17Z
2026-08-05T07:08:29Z,2026-08-05T09:08:29+0200,d671fb79-bd81-42f3-a5fe-a0a907bfe6ea,2026-07-23T12:30:00Z,2026-07-23T14:30:00+0200,21211.95312,MW,FR,FR,forecast_solar_generation,Solar,2026-08-05T07:10:17Z
2026-08-05T07:08:29Z,2026-08-05T09:08:29+0200,d671fb79-bd81-42f3-a5fe-a0a907bfe6ea,2026-07-23T12:45:00Z,2026-07-23T14:45:00+0200,21104.78125,MW,FR,FR,forecast_solar_generation,Solar,2026-08-05T07:10:17Z
2026-08-05T07:08:29Z,2026-08-05T09:08:29+0200,d671fb79-bd81-42f3-a5fe-a0a907bfe6ea,2026-07-23T13:00:00Z,2026-07-23T15:00:00+0200,20935.86133,MW,FR,FR,forecast_solar_generation,Solar,2026-08-05T07:10:17Z
2026-08-05T07:08:29Z,2026-08-05T09:08:29+0200,d671fb79-bd81-42f3-a5fe-a0a907bfe6ea,2026-07-23T13:15:00Z,2026-07-23T15:15:00+0200,20697.80469,MW,FR,FR,forecast_solar_generation,Solar,2026-08-05T07:10:17Z
2026-08-05T07:08:29Z,2026-08-05T09:08:29+0200,d671fb79-bd81-42f3-a5fe-a0a907bfe6ea,2026-07-23T13:30:00Z,2026-07-23T15:30:00+0200,20384.51758,MW,FR,FR,forecast_solar_generation,Solar,2026-08-05T07:10:17Z
2026-08-05T07:08:29Z,2026-08-05T09:08:29+0200,d671fb79-bd81-42f3-a5fe-a0a907bfe6ea,2026-07-23T13:45:00Z,2026-07-23T15:45:00+0200,19957.66602,MW,FR,FR,forecast_solar_generation,Solar,2026-08-05T07:10:17Z
2026-08-05T07:08:29Z,2026-08-05T09:08:29+0200,d671fb79-bd81-42f3-a5fe-a0a907bfe6ea,2026-07-23T14:00:00Z,2026-07-23T16:00:00+0200,19479.92969,MW,FR,FR,forecast_solar_generation,Solar,2026-08-05T07:10:17Z
2026-08-05T07:08:29Z,2026-08-05T09:08:29+0200,d671fb79-bd81-42f3-a5fe-a0a907bfe6ea,2026-07-23T14:15:00Z,2026-07-23T16:15:00+0200,18995.83008,MW,FR,FR,forecast_solar_generation,Solar,2026-08-05T07:10:17Z
2026-08-05T07:08:29Z,2026-08-05T09:08:29+0200,d671fb79-bd81-42f3-a5fe-a0a907bfe6ea,2026-07-23T14:30:00Z,2026-07-23T16:30:00+0200,18404.05273,MW,FR,FR,forecast_solar_generation,Solar,2026-08-05T07:10:17Z
2026-08-05T07:08:29Z,2026-08-05T09:08:29+0200,d671fb79-bd81-42f3-a5fe-a0a907bfe6ea,2026-07-23T14:45:00Z,2026-07-23T16:45:00+0200,17600.00586,MW,FR,FR,forecast_solar_generation,Solar,2026-08-05T07:10:17Z
2026-08-05T07:08:29Z,2026-08-05T09:08:29+0200,d671fb79-bd81-42f3-a5fe-a0a907bfe6ea,2026-07-23T15:00:00Z,2026-07-23T17:00:00+0200,16855.51758,MW,FR,FR,forecast_solar_generation,Solar,2026-08-05T07:10:17Z
2026-08-05T07:08:29Z,2026-08-05T09:08:29+0200,d671fb79-bd81-42f3-a5fe-a0a907bfe6ea,2026-07-23T15:15:00Z,2026-07-23T17:15:00+0200,16051.02832,MW,FR,FR,forecast_solar_generation,Solar,2026-08-05T07:10:17Z
2026-08-05T07:08:29Z,2026-08-05T09:08:29+0200,d671fb79-bd81-42f3-a5fe-a0a907bfe6ea,2026-07-23T15:30:00Z,2026-07-23T17:30:00+0200,15218.55957,MW,FR,FR,forecast_solar_generation,Solar,2026-08-05T07:10:17Z
2026-08-05T07:08:29Z,2026-08-05T09:08:29+0200,d671fb79-bd81-42f3-a5fe-a0a907bfe6ea,2026-07-23T15:45:00Z,2026-07-23T17:45:00+0200,14243.97168,MW,FR,FR,forecast_solar_generation,Solar,2026-08-05T07:10:17Z
2026-08-05T07:08:29Z,2026-08-05T09:08:29+0200,d671fb79-bd81-42f3-a5fe-a0a907bfe6ea,2026-07-23T16:00:00Z,2026-07-23T18:00:00+0200,13162.52734,MW,FR,FR,forecast_solar_generation,Solar,2026-08-05T07:10:17Z
2026-08-05T07:08:29Z,2026-08-05T09:08:29+0200,d671fb79-bd81-42f3-a5fe-a0a907bfe6ea,2026-07-23T16:15:00Z,2026-07-23T18:15:00+0200,12038.32324,MW,FR,FR,forecast_solar_generation,Solar,2026-08-05T07:10:17Z
2026-08-05T07:08:29Z,2026-08-05T09:08:29+0200,d671fb79-bd81-42f3-a5fe-a0a907bfe6ea,2026-07-23T16:30:00Z,2026-07-23T18:30:00+0200,10864.7666,MW,FR,FR,forecast_solar_generation,Solar,2026-08-05T07:10:17Z
2026-08-05T07:08:29Z,2026-08-05T09:08:29+0200,d671fb79-bd81-42f3-a5fe-a0a907bfe6ea,2026-07-23T16:45:00Z,2026-07-23T18:45:00+0200,9746.54004,MW,FR,FR,forecast_solar_generation,Solar,2026-08-05T07:10:17Z
2026-08-05T07:08:29Z,2026-08-05T09:08:29+0200,d671fb79-bd81-42f3-a5fe-a0a907bfe6ea,2026-07-23T17:00:00Z,2026-07-23T19:00:00+0200,8378.06543,MW,FR,FR,forecast_solar_generation,Solar,2026-08-05T07:10:17Z
2026-08-05T07:08:29Z,2026-08-05T09:08:29+0200,d671fb79-bd81-42f3-a5fe-a0a907bfe6ea,2026-07-23T17:15:00Z,2026-07-23T19:15:00+0200,7196.88721,MW,FR,FR,forecast_solar_generation,Solar,2026-08-05T07:10:17Z
2026-08-05T07:08:29Z,2026-08-05T09:08:29+0200,d671fb79-bd81-42f3-a5fe-a0a907bfe6ea,2026-07-23T17:30:00Z,2026-07-23T19:30:00+0200,5827.29785,MW,FR,FR,forecast_solar_generation,Solar,2026-08-05T07:10:17Z
2026-08-05T07:08:29Z,2026-08-05T09:08:29+0200,d671fb79-bd81-42f3-a5fe-a0a907bfe6ea,2026-07-23T17:45:00Z,2026-07-23T19:45:00+0200,4792.43164,MW,FR,FR,forecast_solar_generation,Solar,2026-08-05T07:10:17Z
2026-08-05T07:08:29Z,2026-08-05T09:08:29+0200,d671fb79-bd81-42f3-a5fe-a0a907bfe6ea,2026-07-23T18:00:00Z,2026-07-23T20:00:00+0200,3571.69019,MW,FR,FR,forecast_solar_generation,Solar,2026-08-05T07:10:17Z
2026-08-05T07:08:29Z,2026-08-05T09:08:29+0200,d671fb79-bd81-42f3-a5fe-a0a907bfe6ea,2026-07-23T18:15:00Z,2026-07-23T20:15:00+0200,2633.23145,MW,FR,FR,forecast_solar_generation,Solar,2026-08-05T07:10:17Z
2026-08-05T07:08:29Z,2026-08-05T09:08:29+0200,d671fb79-bd81-42f3-a5fe-a0a907bfe6ea,2026-07-23T18:30:00Z,2026-07-23T20:30:00+0200,1801.25989,MW,FR,FR,forecast_solar_generation,Solar,2026-08-05T07:10:17Z
2026-08-05T07:08:29Z,2026-08-05T09:08:29+0200,d671fb79-bd81-42f3-a5fe-a0a907bfe6ea,2026-07-23T18:45:00Z,2026-07-23T20:45:00+0200,1287.40527,MW,FR,FR,forecast_solar_generation,Solar,2026-08-05T07:10:17Z
2026-08-05T07:08:29Z,2026-08-05T09:08:29+0200,d671fb79-bd81-42f3-a5fe-a0a907bfe6ea,2026-07-23T19:00:00Z,2026-07-23T21:00:00+0200,823.76471,MW,FR,FR,forecast_solar_generation,Solar,2026-08-05T07:10:17Z
2026-08-05T07:08:29Z,2026-08-05T09:08:29+0200,d671fb79-bd81-42f3-a5fe-a0a907bfe6ea,2026-07-23T19:15:00Z,2026-07-23T21:15:00+0200,367.42371,MW,FR,FR,forecast_solar_generation,Solar,2026-08-05T07:10:17Z
2026-08-05T07:08:29Z,2026-08-05T09:08:29+0200,d671fb79-bd81-42f3-a5fe-a0a907bfe6ea,2026-07-23T19:30:00Z,2026-07-23T21:30:00+0200,79.69782,MW,FR,FR,forecast_solar_generation,Solar,2026-08-05T07:10:17Z
2026-08-05T07:08:29Z,2026-08-05T09:08:29+0200,d671fb79-bd81-42f3-a5fe-a0a907bfe6ea,2026-07-23T19:45:00Z,2026-07-23T21:45:00+0200,8.1081,MW,FR,FR,forecast_solar_generation,Solar,2026-08-05T07:10:17Z
2026-08-05T07:08:29Z,2026-08-05T09:08:29+0200,d671fb79-bd81-42f3-a5fe-a0a907bfe6ea,2026-07-23T20:00:00Z,2026-07-23T22:00:00+0200,0.0,MW,FR,FR,forecast_solar_generation,Solar,2026-08-05T07:10:17Z
2026-08-05T07:08:29Z,2026-08-05T09:08:29+0200,d671fb79-bd81-42f3-a5fe-a0a907bfe6ea,2026-07-23T20:15:00Z,2026-07-23T22:15:00+0200,0.0,MW,FR,FR,forecast_solar_generation,Solar,2026-08-05T07:10:17Z
2026-08-05T07:08:29Z,2026-08-05T09:08:29+0200,d671fb79-bd81-42f3-a5fe-a0a907bfe6ea,2026-07-23T20:30:00Z,2026-07-23T22:30:00+0200,0.0,MW,FR,FR,forecast_solar_generation,Solar,2026-08-05T07:10:17Z
2026-08-05T07:08:29Z,2026-08-05T09:08:29+0200,d671fb79-bd81-42f3-a5fe-a0a907bfe6ea,2026-07-23T20:45:00Z,2026-07-23T22:45:00+0200,0.0,MW,FR,FR,forecast_solar_generation,Solar,2026-08-05T07:10:17Z
2026-08-05T07:08:29Z,2026-08-05T09:08:29+0200,d671fb79-bd81-42f3-a5fe-a0a907bfe6ea,2026-07-23T21:00:00Z,2026-07-23T23:00:00+0200,0.0,MW,FR,FR,forecast_solar_generation,Solar,2026-08-05T07:10:17Z
2026-08-05T07:08:29Z,2026-08-05T09:08:29+0200,d671fb79-bd81-42f3-a5fe-a0a907bfe6ea,2026-07-23T21:15:00Z,2026-07-23T23:15:00+0200,0.0,MW,FR,FR,forecast_solar_generation,Solar,2026-08-05T07:10:17Z
2026-08-05T07:08:29Z,2026-08-05T09:08:29+0200,d671fb79-bd81-42f3-a5fe-a0a907bfe6ea,2026-07-23T21:30:00Z,2026-07-23T23:30:00+0200,0.0,MW,FR,FR,forecast_solar_generation,Solar,2026-08-05T07:10:17Z
2026-08-05T07:08:29Z,2026-08-05T09:08:29+0200,d671fb79-bd81-42f3-a5fe-a0a907bfe6ea,2026-07-23T21:45:00Z,2026-07-23T23:45:00+0200,0.0,MW,FR,FR,forecast_solar_generation,Solar,2026-08-05T07:10:17Z
2026-08-05T07:08:29Z,2026-08-05T09:08:29+0200,d671fb79-bd81-42f3-a5fe-a0a907bfe6ea,2026-07-23T22:00:00Z,2026-07-24T00:00:00+0200,0.0,MW,FR,FR,forecast_solar_generation,Solar,2026-08-05T07:10:17Z
2026-08-05T07:08:29Z,2026-08-05T09:08:29+0200,d671fb79-bd81-42f3-a5fe-a0a907bfe6ea,2026-07-23T22:15:00Z,2026-07-24T00:15:00+0200,0.0,MW,FR,FR,forecast_solar_generation,Solar,2026-08-05T07:10:17Z
2026-08-05T07:08:29Z,2026-08-05T09:08:29+0200,d671fb79-bd81-42f3-a5fe-a0a907bfe6ea,2026-07-23T22:30:00Z,2026-07-24T00:30:00+0200,0.0,MW,FR,FR,forecast_solar_generation,Solar,2026-08-05T07:10:17Z
2026-08-05T07:08:29Z,2026-08-05T09:08:29+0200,d671fb79-bd81-42f3-a5fe-a0a907bfe6ea,2026-07-23T22:45:00Z,2026-07-24T00:45:00+0200,0.0,MW,FR,FR,forecast_solar_generation,Solar,2026-08-05T07:10:17Z
2026-08-05T07:08:29Z,2026-08-05T09:08:29+0200,d671fb79-bd81-42f3-a5fe-a0a907bfe6ea,2026-07-23T23:00:00Z,2026-07-24T01:00:00+0200,0.0,MW,FR,FR,forecast_solar_generation,Solar,2026-08-05T07:10:17Z
2026-08-05T07:08:29Z,2026-08-05T09:08:29+0200,d671fb79-bd81-42f3-a5fe-a0a907bfe6ea,2026-07-23T23:15:00Z,2026-07-24T01:15:00+0200,0.0,MW,FR,FR,forecast_solar_generation,Solar,2026-08-05T07:10:17Z
2026-08-05T07:08:29Z,2026-08-05T09:08:29+0200,d671fb79-bd81-42f3-a5fe-a0a907bfe6ea,2026-07-23T23:30:00Z,2026-07-24T01:30:00+0200,0.0,MW,FR,FR,forecast_solar_generation,Solar,2026-08-05T07:10:17Z
2026-08-05T07:08:29Z,2026-08-05T09:08:29+0200,d671fb79-bd81-42f3-a5fe-a0a907bfe6ea,2026-07-23T23:45:00Z,2026-07-24T01:45:00+0200,0.0,MW,FR,FR,forecast_solar_generation,Solar,2026-08-05T07:10:17Z
2026-08-05T07:08:29Z,2026-08-05T09:08:29+0200,d671fb79-bd81-42f3-a5fe-a0a907bfe6ea,2026-07-24T00:00:00Z,2026-07-24T02:00:00+0200,0.0,MW,FR,FR,forecast_solar_generation,Solar,2026-08-05T07:10:17Z
2026-08-05T07:08:29Z,2026-08-05T09:08:29+0200,d671fb79-bd81-42f3-a5fe-a0a907bfe6ea,2026-07-24T00:15:00Z,2026-07-24T02:15:00+0200,0.0,MW,FR,FR,forecast_solar_generation,Solar,2026-08-05T07:10:17Z
2026-08-05T07:08:29Z,2026-08-05T09:08:29+0200,d671fb79-bd81-42f3-a5fe-a0a907bfe6ea,2026-07-24T00:30:00Z,2026-07-24T02:30:00+0200,0.0,MW,FR,FR,forecast_solar_generation,Solar,2026-08-05T07:10:17Z
2026-08-05T07:08:29Z,2026-08-05T09:08:29+0200,d671fb79-bd81-42f3-a5fe-a0a907bfe6ea,2026-07-24T00:45:00Z,2026-07-24T02:45:00+0200,0.0,MW,FR,FR,forecast_solar_generation,Solar,2026-08-05T07:10:17Z
2026-08-05T07:08:29Z,2026-08-05T09:08:29+0200,d671fb79-bd81-42f3-a5fe-a0a907bfe6ea,2026-07-24T01:00:00Z,2026-07-24T03:00:00+0200,0.0,MW,FR,FR,forecast_solar_generation,Solar,2026-08-05T07:10:17Z
2026-08-05T07:08:29Z,2026-08-05T09:08:29+0200,d671fb79-bd81-42f3-a5fe-a0a907bfe6ea,2026-07-24T01:15:00Z,2026-07-24T03:15:00+0200,0.0,MW,FR,FR,forecast_solar_generation,Solar,2026-08-05T07:10:17Z
2026-08-05T07:08:29Z,2026-08-05T09:08:29+0200,d671fb79-bd81-42f3-a5fe-a0a907bfe6ea,2026-07-24T01:30:00Z,2026-07-24T03:30:00+0200,0.0,MW,FR,FR,forecast_solar_generation,Solar,2026-08-05T07:10:17Z
2026-08-05T07:08:29Z,2026-08-05T09:08:29+0200,d671fb79-bd81-42f3-a5fe-a0a907bfe6ea,2026-07-24T01:45:00Z,2026-07-24T03:45:00+0200,0.0,MW,FR,FR,forecast_solar_generation,Solar,2026-08-05T07:10:17Z
2026-08-05T07:08:29Z,2026-08-05T09:08:29+0200,d671fb79-bd81-42f3-a5fe-a0a907bfe6ea,2026-07-24T02:00:00Z,2026-07-24T04:00:00+0200,0.0,MW,FR,FR,forecast_solar_generation,Solar,2026-08-05T07:10:17Z
2026-08-05T07:08:29Z,2026-08-05T09:08:29+0200,d671fb79-bd81-42f3-a5fe-a0a907bfe6ea,2026-07-24T02:15:00Z,2026-07-24T04:15:00+0200,0.0,MW,FR,FR,forecast_solar_generation,Solar,2026-08-05T07:10:17Z
2026-08-05T07:08:29Z,2026-08-05T09:08:29+0200,d671fb79-bd81-42f3-a5fe-a0a907bfe6ea,2026-07-24T02:30:00Z,2026-07-24T04:30:00+0200,0.0,MW,FR,FR,forecast_solar_generation,Solar,2026-08-05T07:10:17Z
2026-08-05T07:08:29Z,2026-08-05T09:08:29+0200,d671fb79-bd81-42f3-a5fe-a0a907bfe6ea,2026-07-24T02:45:00Z,2026-07-24T04:45:00+0200,0.0,MW,FR,FR,forecast_solar_generation,Solar,2026-08-05T07:10:17Z
2026-08-05T07:08:29Z,2026-08-05T09:08:29+0200,d671fb79-bd81-42f3-a5fe-a0a907bfe6ea,2026-07-24T03:00:00Z,2026-07-24T05:00:00+0200,0.0,MW,FR,FR,forecast_solar_generation,Solar,2026-08-05T07:10:17Z
2026-08-05T07:08:29Z,2026-08-05T09:08:29+0200,d671fb79-bd81-42f3-a5fe-a0a907bfe6ea,2026-07-24T03:15:00Z,2026-07-24T05:15:00+0200,0.0,MW,FR,FR,forecast_solar_generation,Solar,2026-08-05T07:10:17Z
2026-08-05T07:08:29Z,2026-08-05T09:08:29+0200,d671fb79-bd81-42f3-a5fe-a0a907bfe6ea,2026-07-24T03:30:00Z,2026-07-24T05:30:00+0200,0.0,MW,FR,FR,forecast_solar_generation,Solar,2026-08-05T07:10:17Z
2026-08-05T07:08:29Z,2026-08-05T09:08:29+0200,d671fb79-bd81-42f3-a5fe-a0a907bfe6ea,2026-07-24T03:45:00Z,2026-07-24T05:45:00+0200,0.0,MW,FR,FR,forecast_solar_generation,Solar,2026-08-05T07:10:17Z
2026-08-05T07:08:29Z,2026-08-05T09:08:29+0200,d671fb79-bd81-42f3-a5fe-a0a907bfe6ea,2026-07-24T04:00:00Z,2026-07-24T06:00:00+0200,8.46891,MW,FR,FR,forecast_solar_generation,Solar,2026-08-05T07:10:17Z
2026-08-05T07:08:29Z,2026-08-05T09:08:29+0200,d671fb79-bd81-42f3-a5fe-a0a907bfe6ea,2026-07-24T04:15:00Z,2026-07-24T06:15:00+0200,38.43801,MW,FR,FR,forecast_solar_generation,Solar,2026-08-05T07:10:17Z
2026-08-05T07:08:29Z,2026-08-05T09:08:29+0200,d671fb79-bd81-42f3-a5fe-a0a907bfe6ea,2026-07-24T04:30:00Z,2026-07-24T06:30:00+0200,104.48954,MW,FR,FR,forecast_solar_generation,Solar,2026-08-05T07:10:17Z
2026-08-05T07:08:29Z,2026-08-05T09:08:29+0200,d671fb79-bd81-42f3-a5fe-a0a907bfe6ea,2026-07-24T04:45:00Z,2026-07-24T06:45:00+0200,323.53073,MW,FR,FR,forecast_solar_generation,Solar,2026-08-05T07:10:17Z
2026-08-05T07:08:29Z,2026-08-05T09:08:29+0200,d671fb79-bd81-42f3-a5fe-a0a907bfe6ea,2026-07-24T05:00:00Z,2026-07-24T07:00:00+0200,664.698,MW,FR,FR,forecast_solar_generation,Solar,2026-08-05T07:10:17Z
2026-08-05T07:08:29Z,2026-08-05T09:08:29+0200,d671fb79-bd81-42f3-a5fe-a0a907bfe6ea,2026-07-24T05:15:00Z,2026-07-24T07:15:00+0200,1052.55249,MW,FR,FR,forecast_solar_generation,Solar,2026-08-05T07:10:17Z
2026-08-05T07:08:29Z,2026-08-05T09:08:29+0200,d671fb79-bd81-42f3-a5fe-a0a907bfe6ea,2026-07-24T05:30:00Z,2026-07-24T07:30:00+0200,1535.90649,MW,FR,FR,forecast_solar_generation,Solar,2026-08-05T07:10:17Z
2026-08-05T07:08:29Z,2026-08-05T09:08:29+0200,d671fb79-bd81-42f3-a5fe-a0a907bfe6ea,2026-07-24T05:45:00Z,2026-07-24T07:45:00+0200,2309.21436,MW,FR,FR,forecast_solar_generation,Solar,2026-08-05T07:10:17Z
2026-08-05T07:08:29Z,2026-08-05T09:08:29+0200,d671fb79-bd81-42f3-a5fe-a0a907bfe6ea,2026-07-24T06:00:00Z,2026-07-24T08:00:00+0200,3226.05371,MW,FR,FR,forecast_solar_generation,Solar,2026-08-05T07:10:17Z
2026-08-05T07:08:29Z,2026-08-05T09:08:29+0200,d671fb79-bd81-42f3-a5fe-a0a907bfe6ea,2026-07-24T06:15:00Z,2026-07-24T08:15:00+0200,4313.5249,MW,FR,FR,forecast_solar_generation,Solar,2026-08-05T07:10:17Z
2026-08-05T07:08:29Z,2026-08-05T09:08:29+0200,d671fb79-bd81-42f3-a5fe-a0a907bfe6ea,2026-07-24T06:30:00Z,2026-07-24T08:30:00+0200,5336.95215,MW,FR,FR,forecast_solar_generation,Solar,2026-08-05T07:10:17Z
2026-08-05T07:08:29Z,2026-08-05T09:08:29+0200,d671fb79-bd81-42f3-a5fe-a0a907bfe6ea,2026-07-24T06:45:00Z,2026-07-24T08:45:00+0200,6749.56055,MW,FR,FR,forecast_solar_generation,Solar,2026-08-05T07:10:17Z
2026-08-05T07:08:29Z,2026-08-05T09:08:29+0200,d671fb79-bd81-42f3-a5fe-a0a907bfe6ea,2026-07-24T07:00:00Z,2026-07-24T09:00:00+0200,7924.29248,MW,FR,FR,forecast_solar_generation,Solar,2026-08-05T07:10:17Z
2026-08-05T07:08:29Z,2026-08-05T09:08:29+0200,d671fb79-bd81-42f3-a5fe-a0a907bfe6ea,2026-07-24T07:15:00Z,2026-07-24T09:15:00+0200,9327.08203,MW,FR,FR,forecast_solar_generation,Solar,2026-08-05T07:10:17Z
2026-08-05T07:08:29Z,2026-08-05T09:08:29+0200,d671fb79-bd81-42f3-a5fe-a0a907bfe6ea,2026-07-24T07:30:00Z,2026-07-24T09:30:00+0200,10497.58398,MW,FR,FR,forecast_solar_generation,Solar,2026-08-05T07:10:17Z
2026-08-05T07:08:29Z,2026-08-05T09:08:29+0200,d671fb79-bd81-42f3-a5fe-a0a907bfe6ea,2026-07-24T07:45:00Z,2026-07-24T09:45:00+0200,11766.98535,MW,FR,FR,forecast_solar_generation,Solar,2026-08-05T07:10:17Z
2026-08-05T07:08:29Z,2026-08-05T09:08:29+0200,d671fb79-bd81-42f3-a5fe-a0a907bfe6ea,2026-07-24T08:00:00Z,2026-07-24T10:00:00+0200,12927.45117,MW,FR,FR,forecast_solar_generation,Solar,2026-08-05T07:10:17Z
2026-08-05T07:08:29Z,2026-08-05T09:08:29+0200,d671fb79-bd81-42f3-a5fe-a0a907bfe6ea,2026-07-24T08:15:00Z,2026-07-24T10:15:00+0200,14139.90918,MW,FR,FR,forecast_solar_generation,Solar,2026-08-05T07:10:17Z
2026-08-05T07:08:29Z,2026-08-05T09:08:29+0200,d671fb79-bd81-42f3-a5fe-a0a907bfe6ea,2026-07-24T08:30:00Z,2026-07-24T10:30:00+0200,15156.71191,MW,FR,FR,forecast_solar_generation,Solar,2026-08-05T07:10:17Z
2026-08-05T07:08:29Z,2026-08-05T09:08:29+0200,d671fb79-bd81-42f3-a5fe-a0a907bfe6ea,2026-07-24T08:45:00Z,2026-07-24T10:45:00+0200,16064.39844,MW,FR,FR,forecast_solar_generation,Solar,2026-08-05T07:10:17Z
2026-08-05T07:08:29Z,2026-08-05T09:08:29+0200,d671fb79-bd81-42f3-a5fe-a0a907bfe6ea,2026-07-24T09:00:00Z,2026-07-24T11:00:00+0200,16863.52344,MW,FR,FR,forecast_solar_generation,Solar,2026-08-05T07:10:17Z
2026-08-05T07:08:29Z,2026-08-05T09:08:29+0200,d671fb79-bd81-42f3-a5fe-a0a907bfe6ea,2026-07-24T09:15:00Z,2026-07-24T11:15:00+0200,17680.42578,MW,FR,FR,forecast_solar_generation,Solar,2026-08-05T07:10:17Z
2026-08-05T07:08:29Z,2026-08-05T09:08:29+0200,d671fb79-bd81-42f3-a5fe-a0a907bfe6ea,2026-07-24T09:30:00Z,2026-07-24T11:30:00+0200,18421.38672,MW,FR,FR,forecast_solar_generation,Solar,2026-08-05T07:10:17Z
2026-08-05T07:08:29Z,2026-08-05T09:08:29+0200,d671fb79-bd81-42f3-a5fe-a0a907bfe6ea,2026-07-24T09:45:00Z,2026-07-24T11:45:00+0200,19063.42383,MW,FR,FR,forecast_solar_generation,Solar,2026-08-05T07:10:17Z
2026-08-05T07:08:29Z,2026-08-05T09:08:29+0200,d671fb79-bd81-42f3-a5fe-a0a907bfe6ea,2026-07-24T10:00:00Z,2026-07-24T12:00:00+0200,19587.4043,MW,FR,FR,forecast_solar_generation,Solar,2026-08-05T07:10:17Z
2026-08-05T07:08:29Z,2026-08-05T09:08:29+0200,d671fb79-bd81-42f3-a5fe-a0a907bfe6ea,2026-07-24T10:15:00Z,2026-07-24T12:15:00+0200,20096.62891,MW,FR,FR,forecast_solar_generation,Solar,2026-08-05T07:10:17Z
2026-08-05T07:08:29Z,2026-08-05T09:08:29+0200,d671fb79-bd81-42f3-a5fe-a0a907bfe6ea,2026-07-24T10:30:00Z,2026-07-24T12:30:00+0200,20527.01172,MW,FR,FR,forecast_solar_generation,Solar,2026-08-05T07:10:17Z
2026-08-05T07:08:29Z,2026-08-05T09:08:29+0200,d671fb79-bd81-42f3-a5fe-a0a907bfe6ea,2026-07-24T10:45:00Z,2026-07-24T12:45:00+0200,20777.51172,MW,FR,FR,forecast_solar_generation,Solar,2026-08-05T07:10:17Z
2026-08-05T07:08:29Z,2026-08-05T09:08:29+0200,d671fb79-bd81-42f3-a5fe-a0a907bfe6ea,2026-07-24T11:00:00Z,2026-07-24T13:00:00+0200,21031.77539,MW,FR,FR,forecast_solar_generation,Solar,2026-08-05T07:10:17Z
2026-08-05T07:08:29Z,2026-08-05T09:08:29+0200,d671fb79-bd81-42f3-a5fe-a0a907bfe6ea,2026-07-24T11:15:00Z,2026-07-24T13:15:00+0200,21182.80664,MW,FR,FR,forecast_solar_generation,Solar,2026-08-05T07:10:17Z
2026-08-05T07:08:29Z,2026-08-05T09:08:29+0200,d671fb79-bd81-42f3-a5fe-a0a907bfe6ea,2026-07-24T11:30:00Z,2026-07-24T13:30:00+0200,21324.84961,MW,FR,FR,forecast_solar_generation,Solar,2026-08-05T07:10:17Z
2026-08-05T07:08:29Z,2026-08-05T09:08:29+0200,d671fb79-bd81-42f3-a5fe-a0a907bfe6ea,2026-07-24T11:45:00Z,2026-07-24T13:45:00+0200,21355.28125,MW,FR,FR,forecast_solar_generation,Solar,2026-08-05T07:10:17Z
2026-08-05T07:08:29Z,2026-08-05T09:08:29+0200,d671fb79-bd81-42f3-a5fe-a0a907bfe6ea,2026-07-24T12:00:00Z,2026-07-24T14:00:00+0200,21364.13672,MW,FR,FR,forecast_solar_generation,Solar,2026-08-05T07:10:17Z
2026-08-05T07:08:29Z,2026-08-05T09:08:29+0200,d671fb79-bd81-42f3-a5fe-a0a907bfe6ea,2026-07-24T12:15:00Z,2026-07-24T14:15:00+0200,21295.26953,MW,FR,FR,forecast_solar_generation,Solar,2026-08-05T07:10:17Z
2026-08-05T07:08:29Z,2026-08-05T09:08:29+0200,d671fb79-bd81-42f3-a5fe-a0a907bfe6ea,2026-07-24T12:30:00Z,2026-07-24T14:30:00+0200,21215.22266,MW,FR,FR,forecast_solar_generation,Solar,2026-08-05T07:10:17Z
2026-08-05T07:08:29Z,2026-08-05T09:08:29+0200,d671fb79-bd81-42f3-a5fe-a0a907bfe6ea,2026-07-24T12:45:00Z,2026-07-24T14:45:00+0200,21097.58008,MW,FR,FR,forecast_solar_generation,Solar,2026-08-05T07:10:17Z
2026-08-05T07:08:29Z,2026-08-05T09:08:29+0200,d671fb79-bd81-42f3-a5fe-a0a907bfe6ea,2026-07-24T13:00:00Z,2026-07-24T15:00:00+0200,20909.2168,MW,FR,FR,forecast_solar_generation,Solar,2026-08-05T07:10:17Z
2026-08-05T07:08:29Z,2026-08-05T09:08:29+0200,d671fb79-bd81-42f3-a5fe-a0a907bfe6ea,2026-07-24T13:15:00Z,2026-07-24T15:15:00+0200,20630.08398,MW,FR,FR,forecast_solar_generation,Solar,2026-08-05T07:10:17Z
2026-08-05T07:08:29Z,2026-08-05T09:08:29+0200,d671fb79-bd81-42f3-a5fe-a0a907bfe6ea,2026-07-24T13:30:00Z,2026-07-24T15:30:00+0200,20281.21484,MW,FR,FR,forecast_solar_generation,Solar,2026-08-05T07:10:17Z
2026-08-05T07:08:29Z,2026-08-05T09:08:29+0200,d671fb79-bd81-42f3-a5fe-a0a907bfe6ea,2026-07-24T13:45:00Z,2026-07-24T15:45:00+0200,19801.68164,MW,FR,FR,forecast_solar_generation,Solar,2026-08-05T07:10:17Z
2026-08-05T07:08:29Z,2026-08-05T09:08:29+0200,d671fb79-bd81-42f3-a5fe-a0a907bfe6ea,2026-07-24T14:00:00Z,2026-07-24T16:00:00+0200,19269.43945,MW,FR,FR,forecast_solar_generation,Solar,2026-08-05T07:10:17Z
2026-08-05T07:08:29Z,2026-08-05T09:08:29+0200,d671fb79-bd81-42f3-a5fe-a0a907bfe6ea,2026-07-24T14:15:00Z,2026-07-24T16:15:00+0200,18718.72656,MW,FR,FR,forecast_solar_generation,Solar,2026-08-05T07:10:17Z
2026-08-05T07:08:29Z,2026-08-05T09:08:29+0200,d671fb79-bd81-42f3-a5fe-a0a907bfe6ea,2026-07-24T14:30:00Z,2026-07-24T16:30:00+0200,18040.7832,MW,FR,FR,forecast_solar_generation,Solar,2026-08-05T07:10:17Z
2026-08-05T07:08:29Z,2026-08-05T09:08:29+0200,d671fb79-bd81-42f3-a5fe-a0a907bfe6ea,2026-07-24T14:45:00Z,2026-07-24T16:45:00+0200,17230.57617,MW,FR,FR,forecast_solar_generation,Solar,2026-08-05T07:10:17Z
2026-08-05T07:08:29Z,2026-08-05T09:08:29+0200,d671fb79-bd81-42f3-a5fe-a0a907bfe6ea,2026-07-24T15:00:00Z,2026-07-24T17:00:00+0200,16481.07422,MW,FR,FR,forecast_solar_generation,Solar,2026-08-05T07:10:17Z
2026-08-05T07:08:29Z,2026-08-05T09:08:29+0200,d671fb79-bd81-42f3-a5fe-a0a907bfe6ea,2026-07-24T15:15:00Z,2026-07-24T17:15:00+0200,15664.39258,MW,FR,FR,forecast_solar_generation,Solar,2026-08-05T07:10:17Z
2026-08-05T07:08:29Z,2026-08-05T09:08:29+0200,d671fb79-bd81-42f3-a5fe-a0a907bfe6ea,2026-07-24T15:30:00Z,2026-07-24T17:30:00+0200,14753.68555,MW,FR,FR,forecast_solar_generation,Solar,2026-08-05T07:10:17Z
2026-08-05T07:08:29Z,2026-08-05T09:08:29+0200,d671fb79-bd81-42f3-a5fe-a0a907bfe6ea,2026-07-24T15:45:00Z,2026-07-24T17:45:00+0200,13796.19727,MW,FR,FR,forecast_solar_generation,Solar,2026-08-05T07:10:17Z
2026-08-05T07:08:29Z,2026-08-05T09:08:29+0200,d671fb79-bd81-42f3-a5fe-a0a907bfe6ea,2026-07-24T16:00:00Z,2026-07-24T18:00:00+0200,12705.24023,MW,FR,FR,forecast_solar_generation,Solar,2026-08-05T07:10:17Z
2026-08-05T07:08:29Z,2026-08-05T09:08:29+0200,d671fb79-bd81-42f3-a5fe-a0a907bfe6ea,2026-07-24T16:15:00Z,2026-07-24T18:15:00+0200,11571.66016,MW,FR,FR,forecast_solar_generation,Solar,2026-08-05T07:10:17Z
2026-08-05T07:08:29Z,2026-08-05T09:08:29+0200,d671fb79-bd81-42f3-a5fe-a0a907bfe6ea,2026-07-24T16:30:00Z,2026-07-24T18:30:00+0200,10385.12695,MW,FR,FR,forecast_solar_generation,Solar,2026-08-05T07:10:17Z
2026-08-05T07:08:29Z,2026-08-05T09:08:29+0200,d671fb79-bd81-42f3-a5fe-a0a907bfe6ea,2026-07-24T16:45:00Z,2026-07-24T18:45:00+0200,9230.02246,MW,FR,FR,forecast_solar_generation,Solar,2026-08-05T07:10:17Z
2026-08-05T07:08:29Z,2026-08-05T09:08:29+0200,d671fb79-bd81-42f3-a5fe-a0a907bfe6ea,2026-07-24T17:00:00Z,2026-07-24T19:00:00+0200,7900.75244,MW,FR,FR,forecast_solar_generation,Solar,2026-08-05T07:10:17Z
2026-08-05T07:08:29Z,2026-08-05T09:08:29+0200,d671fb79-bd81-42f3-a5fe-a0a907bfe6ea,2026-07-24T17:15:00Z,2026-07-24T19:15:00+0200,6733.79395,MW,FR,FR,forecast_solar_generation,Solar,2026-08-05T07:10:17Z
2026-08-05T07:08:29Z,2026-08-05T09:08:29+0200,d671fb79-bd81-42f3-a5fe-a0a907bfe6ea,2026-07-24T17:30:00Z,2026-07-24T19:30:00+0200,5418.17383,MW,FR,FR,forecast_solar_generation,Solar,2026-08-05T07:10:17Z
2026-08-05T07:08:29Z,2026-08-05T09:08:29+0200,d671fb79-bd81-42f3-a5fe-a0a907bfe6ea,2026-07-24T17:45:00Z,2026-07-24T19:45:00+0200,4456.77344,MW,FR,FR,forecast_solar_generation,Solar,2026-08-05T07:10:17Z
2026-08-05T07:08:29Z,2026-08-05T09:08:29+0200,d671fb79-bd81-42f3-a5fe-a0a907bfe6ea,2026-07-24T18:00:00Z,2026-07-24T20:00:00+0200,3324.71191,MW,FR,FR,forecast_solar_generation,Solar,2026-08-05T07:10:17Z
2026-08-05T07:08:29Z,2026-08-05T09:08:29+0200,d671fb79-bd81-42f3-a5fe-a0a907bfe6ea,2026-07-24T18:15:00Z,2026-07-24T20:15:00+0200,2436.28076,MW,FR,FR,forecast_solar_generation,Solar,2026-08-05T07:10:17Z
2026-08-05T07:08:29Z,2026-08-05T09:08:29+0200,d671fb79-bd81-42f3-a5fe-a0a907bfe6ea,2026-07-24T18:30:00Z,2026-07-24T20:30:00+0200,1655.64307,MW,FR,FR,forecast_solar_generation,Solar,2026-08-05T07:10:17Z
2026-08-05T07:08:29Z,2026-08-05T09:08:29+0200,d671fb79-bd81-42f3-a5fe-a0a907bfe6ea,2026-07-24T18:45:00Z,2026-07-24T20:45:00+0200,1167.64343,MW,FR,FR,forecast_solar_generation,Solar,2026-08-05T07:10:17Z
2026-08-05T07:08:29Z,2026-08-05T09:08:29+0200,d671fb79-bd81-42f3-a5fe-a0a907bfe6ea,2026-07-24T19:00:00Z,2026-07-24T21:00:00+0200,730.34778,MW,FR,FR,forecast_solar_generation,Solar,2026-08-05T07:10:17Z
2026-08-05T07:08:29Z,2026-08-05T09:08:29+0200,d671fb79-bd81-42f3-a5fe-a0a907bfe6ea,2026-07-24T19:15:00Z,2026-07-24T21:15:00+0200,316.00851,MW,FR,FR,forecast_solar_generation,Solar,2026-08-05T07:10:17Z
2026-08-05T07:08:29Z,2026-08-05T09:08:29+0200,d671fb79-bd81-42f3-a5fe-a0a907bfe6ea,2026-07-24T19:30:00Z,2026-07-24T21:30:00+0200,65.29653,MW,FR,FR,forecast_solar_generation,Solar,2026-08-05T07:10:17Z
2026-08-05T07:08:29Z,2026-08-05T09:08:29+0200,d671fb79-bd81-42f3-a5fe-a0a907bfe6ea,2026-07-24T19:45:00Z,2026-07-24T21:45:00+0200,6.69809,MW,FR,FR,forecast_solar_generation,Solar,2026-08-05T07:10:17Z
2026-08-05T07:08:29Z,2026-08-05T09:08:29+0200,d671fb79-bd81-42f3-a5fe-a0a907bfe6ea,2026-07-24T20:00:00Z,2026-07-24T22:00:00+0200,0.0,MW,FR,FR,forecast_solar_generation,Solar,2026-08-05T07:10:17Z
2026-08-05T07:08:29Z,2026-08-05T09:08:29+0200,d671fb79-bd81-42f3-a5fe-a0a907bfe6ea,2026-07-24T20:15:00Z,2026-07-24T22:15:00+0200,0.0,MW,FR,FR,forecast_solar_generation,Solar,2026-08-05T07:10:17Z
2026-08-05T07:08:29Z,2026-08-05T09:08:29+0200,d671fb79-bd81-42f3-a5fe-a0a907bfe6ea,2026-07-24T20:30:00Z,2026-07-24T22:30:00+0200,0.0,MW,FR,FR,forecast_solar_generation,Solar,2026-08-05T07:10:17Z
2026-08-05T07:08:29Z,2026-08-05T09:08:29+0200,d671fb79-bd81-42f3-a5fe-a0a907bfe6ea,2026-07-24T20:45:00Z,2026-07-24T22:45:00+0200,0.0,MW,FR,FR,forecast_solar_generation,Solar,2026-08-05T07:10:17Z
2026-08-05T07:08:29Z,2026-08-05T09:08:29+0200,d671fb79-bd81-42f3-a5fe-a0a907bfe6ea,2026-07-24T21:00:00Z,2026-07-24T23:00:00+0200,0.0,MW,FR,FR,forecast_solar_generation,Solar,2026-08-05T07:10:17Z
2026-08-05T07:08:29Z,2026-08-05T09:08:29+0200,d671fb79-bd81-42f3-a5fe-a0a907bfe6ea,2026-07-24T21:15:00Z,2026-07-24T23:15:00+0200,0.0,MW,FR,FR,forecast_solar_generation,Solar,2026-08-05T07:10:17Z
2026-08-05T07:08:29Z,2026-08-05T09:08:29+0200,d671fb79-bd81-42f3-a5fe-a0a907bfe6ea,2026-07-24T21:30:00Z,2026-07-24T23:30:00+0200,0.0,MW,FR,FR,forecast_solar_generation,Solar,2026-08-05T07:10:17Z
2026-08-05T07:08:29Z,2026-08-05T09:08:29+0200,d671fb79-bd81-42f3-a5fe-a0a907bfe6ea,2026-07-24T21:45:00Z,2026-07-24T23:45:00+0200,0.0,MW,FR,FR,forecast_solar_generation,Solar,2026-08-05T07:10:17Z
2026-08-05T07:08:29Z,2026-08-05T09:08:29+0200,d671fb79-bd81-42f3-a5fe-a0a907bfe6ea,2026-07-24T22:00:00Z,2026-07-25T00:00:00+0200,0.0,MW,FR,FR,forecast_solar_generation,Solar,2026-08-05T07:10:17Z
2026-08-05T07:08:29Z,2026-08-05T09:08:29+0200,d671fb79-bd81-42f3-a5fe-a0a907bfe6ea,2026-07-24T22:15:00Z,2026-07-25T00:15:00+0200,0.0,MW,FR,FR,forecast_solar_generation,Solar,2026-08-05T07:10:17Z
2026-08-05T07:08:29Z,2026-08-05T09:08:29+0200,d671fb79-bd81-42f3-a5fe-a0a907bfe6ea,2026-07-24T22:30:00Z,2026-07-25T00:30:00+0200,0.0,MW,FR,FR,forecast_solar_generation,Solar,2026-08-05T07:10:17Z
2026-08-05T07:08:29Z,2026-08-05T09:08:29+0200,d671fb79-bd81-42f3-a5fe-a0a907bfe6ea,2026-07-24T22:45:00Z,2026-07-25T00:45:00+0200,0.0,MW,FR,FR,forecast_solar_generation,Solar,2026-08-05T07:10:17Z
2026-08-05T07:08:29Z,2026-08-05T09:08:29+0200,d671fb79-bd81-42f3-a5fe-a0a907bfe6ea,2026-07-24T23:00:00Z,2026-07-25T01:00:00+0200,0.0,MW,FR,FR,forecast_solar_generation,Solar,2026-08-05T07:10:17Z
2026-08-05T07:08:29Z,2026-08-05T09:08:29+0200,d671fb79-bd81-42f3-a5fe-a0a907bfe6ea,2026-07-24T23:15:00Z,2026-07-25T01:15:00+0200,0.0,MW,FR,FR,forecast_solar_generation,Solar,2026-08-05T07:10:17Z
2026-08-05T07:08:29Z,2026-08-05T09:08:29+0200,d671fb79-bd81-42f3-a5fe-a0a907bfe6ea,2026-07-24T23:30:00Z,2026-07-25T01:30:00+0200,0.0,MW,FR,FR,forecast_solar_generation,Solar,2026-08-05T07:10:17Z
2026-08-05T07:08:29Z,2026-08-05T09:08:29+0200,d671fb79-bd81-42f3-a5fe-a0a907bfe6ea,2026-07-24T23:45:00Z,2026-07-25T01:45:00+0200,0.0,MW,FR,FR,forecast_solar_generation,Solar,2026-08-05T07:10:17Z
2026-08-05T07:08:29Z,2026-08-05T09:08:29+0200,d671fb79-bd81-42f3-a5fe-a0a907bfe6ea,2026-07-25T00:00:00Z,2026-07-25T02:00:00+0200,0.0,MW,FR,FR,forecast_solar_generation,Solar,2026-08-05T07:10:17Z
2026-08-05T07:08:29Z,2026-08-05T09:08:29+0200,d671fb79-bd81-42f3-a5fe-a0a907bfe6ea,2026-07-25T00:15:00Z,2026-07-25T02:15:00+0200,0.0,MW,FR,FR,forecast_solar_generation,Solar,2026-08-05T07:10:17Z
2026-08-05T07:08:29Z,2026-08-05T09:08:29+0200,d671fb79-bd81-42f3-a5fe-a0a907bfe6ea,2026-07-25T00:30:00Z,2026-07-25T02:30:00+0200,0.0,MW,FR,FR,forecast_solar_generation,Solar,2026-08-05T07:10:17Z
2026-08-05T07:08:29Z,2026-08-05T09:08:29+0200,d671fb79-bd81-42f3-a5fe-a0a907bfe6ea,2026-07-25T00:45:00Z,2026-07-25T02:45:00+0200,0.0,MW,FR,FR,forecast_solar_generation,Solar,2026-08-05T07:10:17Z
2026-08-05T07:08:29Z,2026-08-05T09:08:29+0200,d671fb79-bd81-42f3-a5fe-a0a907bfe6ea,2026-07-25T01:00:00Z,2026-07-25T03:00:00+0200,0.0,MW,FR,FR,forecast_solar_generation,Solar,2026-08-05T07:10:17Z
2026-08-05T07:08:29Z,2026-08-05T09:08:29+0200,d671fb79-bd81-42f3-a5fe-a0a907bfe6ea,2026-07-25T01:15:00Z,2026-07-25T03:15:00+0200,0.0,MW,FR,FR,forecast_solar_generation,Solar,2026-08-05T07:10:17Z
2026-08-05T07:08:29Z,2026-08-05T09:08:29+0200,d671fb79-bd81-42f3-a5fe-a0a907bfe6ea,2026-07-25T01:30:00Z,2026-07-25T03:30:00+0200,0.0,MW,FR,FR,forecast_solar_generation,Solar,2026-08-05T07:10:17Z
2026-08-05T07:08:29Z,2026-08-05T09:08:29+0200,d671fb79-bd81-42f3-a5fe-a0a907bfe6ea,2026-07-25T01:45:00Z,2026-07-25T03:45:00+0200,0.0,MW,FR,FR,forecast_solar_generation,Solar,2026-08-05T07:10:17Z
2026-08-05T07:08:29Z,2026-08-05T09:08:29+0200,d671fb79-bd81-42f3-a5fe-a0a907bfe6ea,2026-07-25T02:00:00Z,2026-07-25T04:00:00+0200,0.0,MW,FR,FR,forecast_solar_generation,Solar,2026-08-05T07:10:17Z
2026-08-05T07:08:29Z,2026-08-05T09:08:29+0200,d671fb79-bd81-42f3-a5fe-a0a907bfe6ea,2026-07-25T02:15:00Z,2026-07-25T04:15:00+0200,0.0,MW,FR,FR,forecast_solar_generation,Solar,2026-08-05T07:10:17Z
2026-08-05T07:08:29Z,2026-08-05T09:08:29+0200,d671fb79-bd81-42f3-a5fe-a0a907bfe6ea,2026-07-25T02:30:00Z,2026-07-25T04:30:00+0200,0.0,MW,FR,FR,forecast_solar_generation,Solar,2026-08-05T07:10:17Z
2026-08-05T07:08:29Z,2026-08-05T09:08:29+0200,d671fb79-bd81-42f3-a5fe-a0a907bfe6ea,2026-07-25T02:45:00Z,2026-07-25T04:45:00+0200,0.0,MW,FR,FR,forecast_solar_generation,Solar,2026-08-05T07:10:17Z
2026-08-05T07:08:29Z,2026-08-05T09:08:29+0200,d671fb79-bd81-42f3-a5fe-a0a907bfe6ea,2026-07-25T03:00:00Z,2026-07-25T05:00:00+0200,0.0,MW,FR,FR,forecast_solar_generation,Solar,2026-08-05T07:10:17Z
2026-08-05T07:08:29Z,2026-08-05T09:08:29+0200,d671fb79-bd81-42f3-a5fe-a0a907bfe6ea,2026-07-25T03:15:00Z,2026-07-25T05:15:00+0200,0.0,MW,FR,FR,forecast_solar_generation,Solar,2026-08-05T07:10:17Z
2026-08-05T07:08:29Z,2026-08-05T09:08:29+0200,d671fb79-bd81-42f3-a5fe-a0a907bfe6ea,2026-07-25T03:30:00Z,2026-07-25T05:30:00+0200,0.0,MW,FR,FR,forecast_solar_generation,Solar,2026-08-05T07:10:17Z
2026-08-05T07:08:29Z,2026-08-05T09:08:29+0200,d671fb79-bd81-42f3-a5fe-a0a907bfe6ea,2026-07-25T03:45:00Z,2026-07-25T05:45:00+0200,0.0,MW,FR,FR,forecast_solar_generation,Solar,2026-08-05T07:10:17Z
2026-08-05T07:08:29Z,2026-08-05T09:08:29+0200,d671fb79-bd81-42f3-a5fe-a0a907bfe6ea,2026-07-25T04:00:00Z,2026-07-25T06:00:00+0200,7.59737,MW,FR,FR,forecast_solar_generation,Solar,2026-08-05T07:10:17Z
2026-08-05T07:08:29Z,2026-08-05T09:08:29+0200,d671fb79-bd81-42f3-a5fe-a0a907bfe6ea,2026-07-25T04:15:00Z,2026-07-25T06:15:00+0200,36.30123,MW,FR,FR,forecast_solar_generation,Solar,2026-08-05T07:10:17Z
2026-08-05T07:08:29Z,2026-08-05T09:08:29+0200,d671fb79-bd81-42f3-a5fe-a0a907bfe6ea,2026-07-25T04:30:00Z,2026-07-25T06:30:00+0200,107.37433,MW,FR,FR,forecast_solar_generation,Solar,2026-08-05T07:10:17Z
2026-08-05T07:08:29Z,2026-08-05T09:08:29+0200,d671fb79-bd81-42f3-a5fe-a0a907bfe6ea,2026-07-25T04:45:00Z,2026-07-25T06:45:00+0200,287.81714,MW,FR,FR,forecast_solar_generation,Solar,2026-08-05T07:10:17Z
2026-08-05T07:08:29Z,2026-08-05T09:08:29+0200,d671fb79-bd81-42f3-a5fe-a0a907bfe6ea,2026-07-25T05:00:00Z,2026-07-25T07:00:00+0200,570.34387,MW,FR,FR,forecast_solar_generation,Solar,2026-08-05T07:10:17Z
2026-08-05T07:08:29Z,2026-08-05T09:08:29+0200,d671fb79-bd81-42f3-a5fe-a0a907bfe6ea,2026-07-25T05:15:00Z,2026-07-25T07:15:00+0200,912.37805,MW,FR,FR,forecast_solar_generation,Solar,2026-08-05T07:10:17Z
2026-08-05T07:08:29Z,2026-08-05T09:08:29+0200,d671fb79-bd81-42f3-a5fe-a0a907bfe6ea,2026-07-25T05:30:00Z,2026-07-25T07:30:00+0200,1338.23401,MW,FR,FR,forecast_solar_generation,Solar,2026-08-05T07:10:17Z
2026-08-05T07:08:29Z,2026-08-05T09:08:29+0200,d671fb79-bd81-42f3-a5fe-a0a907bfe6ea,2026-07-25T05:45:00Z,2026-07-25T07:45:00+0200,1967.17456,MW,FR,FR,forecast_solar_generation,Solar,2026-08-05T07:10:17Z
2026-08-05T07:08:29Z,2026-08-05T09:08:29+0200,d671fb79-bd81-42f3-a5fe-a0a907bfe6ea,2026-07-25T06:00:00Z,2026-07-25T08:00:00+0200,2720.29956,MW,FR,FR,forecast_solar_generation,Solar,2026-08-05T07:10:17Z
2026-08-05T07:08:29Z,2026-08-05T09:08:29+0200,d671fb79-bd81-42f3-a5fe-a0a907bfe6ea,2026-07-25T06:15:00Z,2026-07-25T08:15:00+0200,3621.83569,MW,FR,FR,forecast_solar_generation,Solar,2026-08-05T07:10:17Z
2026-08-05T07:08:29Z,2026-08-05T09:08:29+0200,d671fb79-bd81-42f3-a5fe-a0a907bfe6ea,2026-07-25T06:30:00Z,2026-07-25T08:30:00+0200,4447.31689,MW,FR,FR,forecast_solar_generation,Solar,2026-08-05T07:10:17Z
2026-08-05T07:08:29Z,2026-08-05T09:08:29+0200,d671fb79-bd81-42f3-a5fe-a0a907bfe6ea,2026-07-25T06:45:00Z,2026-07-25T08:45:00+0200,5530.45215,MW,FR,FR,forecast_solar_generation,Solar,2026-08-05T07:10:17Z
2026-08-05T07:08:29Z,2026-08-05T09:08:29+0200,d671fb79-bd81-42f3-a5fe-a0a907bfe6ea,2026-07-25T07:00:00Z,2026-07-25T09:00:00+0200,6463.32031,MW,FR,FR,forecast_solar_generation,Solar,2026-08-05T07:10:17Z
2026-08-05T07:08:29Z,2026-08-05T09:08:29+0200,d671fb79-bd81-42f3-a5fe-a0a907bfe6ea,2026-07-25T07:15:00Z,2026-07-25T09:15:00+0200,7599.75391,MW,FR,FR,forecast_solar_generation,Solar,2026-08-05T07:10:17Z
2026-08-05T07:08:29Z,2026-08-05T09:08:29+0200,d671fb79-bd81-42f3-a5fe-a0a907bfe6ea,2026-07-25T07:30:00Z,2026-07-25T09:30:00+0200,8576.68945,MW,FR,FR,forecast_solar_generation,Solar,2026-08-05T07:10:17Z
2026-08-05T07:08:29Z,2026-08-05T09:08:29+0200,d671fb79-bd81-42f3-a5fe-a0a907bfe6ea,2026-07-25T07:45:00Z,2026-07-25T09:45:00+0200,9612.97852,MW,FR,FR,forecast_solar_generation,Solar,2026-08-05T07:10:17Z
2026-08-05T07:08:29Z,2026-08-05T09:08:29+0200,d671fb79-bd81-42f3-a5fe-a0a907bfe6ea,2026-07-25T08:00:00Z,2026-07-25T10:00:00+0200,10584.05469,MW,FR,FR,forecast_solar_generation,Solar,2026-08-05T07:10:17Z
2026-08-05T07:08:29Z,2026-08-05T09:08:29+0200,d671fb79-bd81-42f3-a5fe-a0a907bfe6ea,2026-07-25T08:15:00Z,2026-07-25T10:15:00+0200,11712.28613,MW,FR,FR,forecast_solar_generation,Solar,2026-08-05T07:10:17Z
2026-08-05T07:08:29Z,2026-08-05T09:08:29+0200,d671fb79-bd81-42f3-a5fe-a0a907bfe6ea,2026-07-25T08:30:00Z,2026-07-25T10:30:00+0200,12623.62207,MW,FR,FR,forecast_solar_generation,Solar,2026-08-05T07:10:17Z
2026-08-05T07:08:29Z,2026-08-05T09:08:29+0200,d671fb79-bd81-42f3-a5fe-a0a907bfe6ea,2026-07-25T08:45:00Z,2026-07-25T10:45:00+0200,13510.9834,MW,FR,FR,forecast_solar_generation,Solar,2026-08-05T07:10:17Z
2026-08-05T07:08:29Z,2026-08-05T09:08:29+0200,d671fb79-bd81-42f3-a5fe-a0a907bfe6ea,2026-07-25T09:00:00Z,2026-07-25T11:00:00+0200,14331.99512,MW,FR,FR,forecast_solar_generation,Solar,2026-08-05T07:10:17Z
2026-08-05T07:08:29Z,2026-08-05T09:08:29+0200,d671fb79-bd81-42f3-a5fe-a0a907bfe6ea,2026-07-25T09:15:00Z,2026-07-25T11:15:00+0200,15241.05371,MW,FR,FR,forecast_solar_generation,Solar,2026-08-05T07:10:17Z
2026-08-05T07:08:29Z,2026-08-05T09:08:29+0200,d671fb79-bd81-42f3-a5fe-a0a907bfe6ea,2026-07-25T09:30:00Z,2026-07-25T11:30:00+0200,15966.20117,MW,FR,FR,forecast_solar_generation,Solar,2026-08-05T07:10:17Z
2026-08-05T07:08:29Z,2026-08-05T09:08:29+0200,d671fb79-bd81-42f3-a5fe-a0a907bfe6ea,2026-07-25T09:45:00Z,2026-07-25T11:45:00+0200,16626.98242,MW,FR,FR,forecast_solar_generation,Solar,2026-08-05T07:10:17Z
2026-08-05T07:08:29Z,2026-08-05T09:08:29+0200,d671fb79-bd81-42f3-a5fe-a0a907bfe6ea,2026-07-25T10:00:00Z,2026-07-25T12:00:00+0200,17190.06641,MW,FR,FR,forecast_solar_generation,Solar,2026-08-05T07:10:17Z
2026-08-05T07:08:29Z,2026-08-05T09:08:29+0200,d671fb79-bd81-42f3-a5fe-a0a907bfe6ea,2026-07-25T10:15:00Z,2026-07-25T12:15:00+0200,17735.19727,MW,FR,FR,forecast_solar_generation,Solar,2026-08-05T07:10:17Z
2026-08-05T07:08:29Z,2026-08-05T09:08:29+0200,d671fb79-bd81-42f3-a5fe-a0a907bfe6ea,2026-07-25T10:30:00Z,2026-07-25T12:30:00+0200,18222.44531,MW,FR,FR,forecast_solar_generation,Solar,2026-08-05T07:10:17Z
2026-08-05T07:08:29Z,2026-08-05T09:08:29+0200,d671fb79-bd81-42f3-a5fe-a0a907bfe6ea,2026-07-25T10:45:00Z,2026-07-25T12:45:00+0200,18459.98828,MW,FR,FR,forecast_solar_generation,Solar,2026-08-05T07:10:17Z
2026-08-05T07:08:29Z,2026-08-05T09:08:29+0200,d671fb79-bd81-42f3-a5fe-a0a907bfe6ea,2026-07-25T11:00:00Z,2026-07-25T13:00:00+0200,18707.65039,MW,FR,FR,forecast_solar_generation,Solar,2026-08-05T07:10:17Z
2026-08-05T07:08:29Z,2026-08-05T09:08:29+0200,d671fb79-bd81-42f3-a5fe-a0a907bfe6ea,2026-07-25T11:15:00Z,2026-07-25T13:15:00+0200,18883.50586,MW,FR,FR,forecast_solar_generation,Solar,2026-08-05T07:10:17Z
2026-08-05T07:08:29Z,2026-08-05T09:08:29+0200,d671fb79-bd81-42f3-a5fe-a0a907bfe6ea,2026-07-25T11:30:00Z,2026-07-25T13:30:00+0200,19083.83008,MW,FR,FR,forecast_solar_generation,Solar,2026-08-05T07:10:17Z
2026-08-05T07:08:29Z,2026-08-05T09:08:29+0200,d671fb79-bd81-42f3-a5fe-a0a907bfe6ea,2026-07-25T11:45:00Z,2026-07-25T13:45:00+0200,19046.94141,MW,FR,FR,forecast_solar_generation,Solar,2026-08-05T07:10:17Z
2026-08-05T07:08:29Z,2026-08-05T09:08:29+0200,d671fb79-bd81-42f3-a5fe-a0a907bfe6ea,2026-07-25T12:00:00Z,2026-07-25T14:00:00+0200,19004.19922,MW,FR,FR,forecast_solar_generation,Solar,2026-08-05T07:10:17Z
2026-08-05T07:08:29Z,2026-08-05T09:08:29+0200,d671fb79-bd81-42f3-a5fe-a0a907bfe6ea,2026-07-25T12:15:00Z,2026-07-25T14:15:00+0200,18862.7207,MW,FR,FR,forecast_solar_generation,Solar,2026-08-05T07:10:17Z
2026-08-05T07:08:29Z,2026-08-05T09:08:29+0200,d671fb79-bd81-42f3-a5fe-a0a907bfe6ea,2026-07-25T12:30:00Z,2026-07-25T14:30:00+0200,18686.24805,MW,FR,FR,forecast_solar_generation,Solar,2026-08-05T07:10:17Z
2026-08-05T07:08:29Z,2026-08-05T09:08:29+0200,d671fb79-bd81-42f3-a5fe-a0a907bfe6ea,2026-07-25T12:45:00Z,2026-07-25T14:45:00+0200,18323.57031,MW,FR,FR,forecast_solar_generation,Solar,2026-08-05T07:10:17Z
2026-08-05T07:08:29Z,2026-08-05T09:08:29+0200,d671fb79-bd81-42f3-a5fe-a0a907bfe6ea,2026-07-25T13:00:00Z,2026-07-25T15:00:00+0200,17953.81641,MW,FR,FR,forecast_solar_generation,Solar,2026-08-05T07:10:17Z
2026-08-05T07:08:29Z,2026-08-05T09:08:29+0200,d671fb79-bd81-42f3-a5fe-a0a907bfe6ea,2026-07-25T13:15:00Z,2026-07-25T15:15:00+0200,17515.98047,MW,FR,FR,forecast_solar_generation,Solar,2026-08-05T07:10:17Z
2026-08-05T07:08:29Z,2026-08-05T09:08:29+0200,d671fb79-bd81-42f3-a5fe-a0a907bfe6ea,2026-07-25T13:30:00Z,2026-07-25T15:30:00+0200,17052.65039,MW,FR,FR,forecast_solar_generation,Solar,2026-08-05T07:10:17Z
2026-08-05T07:08:29Z,2026-08-05T09:08:29+0200,d671fb79-bd81-42f3-a5fe-a0a907bfe6ea,2026-07-25T13:45:00Z,2026-07-25T15:45:00+0200,16507.79102,MW,FR,FR,forecast_solar_generation,Solar,2026-08-05T07:10:17Z
2026-08-05T07:08:29Z,2026-08-05T09:08:29+0200,d671fb79-bd81-42f3-a5fe-a0a907bfe6ea,2026-07-25T14:00:00Z,2026-07-25T16:00:00+0200,15930.77441,MW,FR,FR,forecast_solar_generation,Solar,2026-08-05T07:10:17Z
2026-08-05T07:08:29Z,2026-08-05T09:08:29+0200,d671fb79-bd81-42f3-a5fe-a0a907bfe6ea,2026-07-25T14:15:00Z,2026-07-25T16:15:00+0200,15364.6416,MW,FR,FR,forecast_solar_generation,Solar,2026-08-05T07:10:17Z
2026-08-05T07:08:29Z,2026-08-05T09:08:29+0200,d671fb79-bd81-42f3-a5fe-a0a907bfe6ea,2026-07-25T14:30:00Z,2026-07-25T16:30:00+0200,14739.57227,MW,FR,FR,forecast_solar_generation,Solar,2026-08-05T07:10:17Z
2026-08-05T07:08:29Z,2026-08-05T09:08:29+0200,d671fb79-bd81-42f3-a5fe-a0a907bfe6ea,2026-07-25T14:45:00Z,2026-07-25T16:45:00+0200,14033.90332,MW,FR,FR,forecast_solar_generation,Solar,2026-08-05T07:10:17Z
2026-08-05T07:08:29Z,2026-08-05T09:08:29+0200,d671fb79-bd81-42f3-a5fe-a0a907bfe6ea,2026-07-25T15:00:00Z,2026-07-25T17:00:00+0200,13324.27734,MW,FR,FR,forecast_solar_generation,Solar,2026-08-05T07:10:17Z
2026-08-05T07:08:29Z,2026-08-05T09:08:29+0200,d671fb79-bd81-42f3-a5fe-a0a907bfe6ea,2026-07-25T15:15:00Z,2026-07-25T17:15:00+0200,12505.12695,MW,FR,FR,forecast_solar_generation,Solar,2026-08-05T07:10:17Z
2026-08-05T07:08:29Z,2026-08-05T09:08:29+0200,d671fb79-bd81-42f3-a5fe-a0a907bfe6ea,2026-07-25T15:30:00Z,2026-07-25T17:30:00+0200,11711.26465,MW,FR,FR,forecast_solar_generation,Solar,2026-08-05T07:10:17Z
2026-08-05T07:08:29Z,2026-08-05T09:08:29+0200,d671fb79-bd81-42f3-a5fe-a0a907bfe6ea,2026-07-25T15:45:00Z,2026-07-25T17:45:00+0200,10905.2959,MW,FR,FR,forecast_solar_generation,Solar,2026-08-05T07:10:17Z
2026-08-05T07:08:29Z,2026-08-05T09:08:29+0200,d671fb79-bd81-42f3-a5fe-a0a907bfe6ea,2026-07-25T16:00:00Z,2026-07-25T18:00:00+0200,10006.64844,MW,FR,FR,forecast_solar_generation,Solar,2026-08-05T07:10:17Z
2026-08-05T07:08:29Z,2026-08-05T09:08:29+0200,d671fb79-bd81-42f3-a5fe-a0a907bfe6ea,2026-07-25T16:15:00Z,2026-07-25T18:15:00+0200,9017.5,MW,FR,FR,forecast_solar_generation,Solar,2026-08-05T07:10:17Z
2026-08-05T07:08:29Z,2026-08-05T09:08:29+0200,d671fb79-bd81-42f3-a5fe-a0a907bfe6ea,2026-07-25T16:30:00Z,2026-07-25T18:30:00+0200,8161.7207,MW,FR,FR,forecast_solar_generation,Solar,2026-08-05T07:10:17Z
2026-08-05T07:08:29Z,2026-08-05T09:08:29+0200,d671fb79-bd81-42f3-a5fe-a0a907bfe6ea,2026-07-25T16:45:00Z,2026-07-25T18:45:00+0200,7341.60742,MW,FR,FR,forecast_solar_generation,Solar,2026-08-05T07:10:17Z
2026-08-05T07:08:29Z,2026-08-05T09:08:29+0200,d671fb79-bd81-42f3-a5fe-a0a907bfe6ea,2026-07-25T17:00:00Z,2026-07-25T19:00:00+0200,6240.5542,MW,FR,FR,forecast_solar_generation,Solar,2026-08-05T07:10:17Z
2026-08-05T07:08:29Z,2026-08-05T09:08:29+0200,d671fb79-bd81-42f3-a5fe-a0a907bfe6ea,2026-07-25T17:15:00Z,2026-07-25T19:15:00+0200,5421.83203,MW,FR,FR,forecast_solar_generation,Solar,2026-08-05T07:10:17Z
2026-08-05T07:08:29Z,2026-08-05T09:08:29+0200,d671fb79-bd81-42f3-a5fe-a0a907bfe6ea,2026-07-25T17:30:00Z,2026-07-25T19:30:00+0200,4401.4375,MW,FR,FR,forecast_solar_generation,Solar,2026-08-05T07:10:17Z
2026-08-05T07:08:29Z,2026-08-05T09:08:29+0200,d671fb79-bd81-42f3-a5fe-a0a907bfe6ea,2026-07-25T17:45:00Z,2026-07-25T19:45:00+0200,3645.82373,MW,FR,FR,forecast_solar_generation,Solar,2026-08-05T07:10:17Z
2026-08-05T07:08:29Z,2026-08-05T09:08:29+0200,d671fb79-bd81-42f3-a5fe-a0a907bfe6ea,2026-07-25T18:00:00Z,2026-07-25T20:00:00+0200,2805.67139,MW,FR,FR,forecast_solar_generation,Solar,2026-08-05T07:10:17Z
2026-08-05T07:08:29Z,2026-08-05T09:08:29+0200,d671fb79-bd81-42f3-a5fe-a0a907bfe6ea,2026-07-25T18:15:00Z,2026-07-25T20:15:00+0200,2100.4707,MW,FR,FR,forecast_solar_generation,Solar,2026-08-05T07:10:17Z
2026-08-05T07:08:29Z,2026-08-05T09:08:29+0200,d671fb79-bd81-42f3-a5fe-a0a907bfe6ea,2026-07-25T18:30:00Z,2026-07-25T20:30:00+0200,1463.8186,MW,FR,FR,forecast_solar_generation,Solar,2026-08-05T07:10:17Z
2026-08-05T07:08:29Z,2026-08-05T09:08:29+0200,d671fb79-bd81-42f3-a5fe-a0a907bfe6ea,2026-07-25T18:45:00Z,2026-07-25T20:45:00+0200,1034.20435,MW,FR,FR,forecast_solar_generation,Solar,2026-08-05T07:10:17Z
2026-08-05T07:08:29Z,2026-08-05T09:08:29+0200,d671fb79-bd81-42f3-a5fe-a0a907bfe6ea,2026-07-25T19:00:00Z,2026-07-25T21:00:00+0200,661.44104,MW,FR,FR,forecast_solar_generation,Solar,2026-08-05T07:10:17Z
2026-08-05T07:08:29Z,2026-08-05T09:08:29+0200,d671fb79-bd81-42f3-a5fe-a0a907bfe6ea,2026-07-25T19:15:00Z,2026-07-25T21:15:00+0200,299.02985,MW,FR,FR,forecast_solar_generation,Solar,2026-08-05T07:10:17Z
2026-08-05T07:08:29Z,2026-08-05T09:08:29+0200,d671fb79-bd81-42f3-a5fe-a0a907bfe6ea,2026-07-25T19:30:00Z,2026-07-25T21:30:00+0200,59.51387,MW,FR,FR,forecast_solar_generation,Solar,2026-08-05T07:10:17Z
2026-08-05T07:08:29Z,2026-08-05T09:08:29+0200,d671fb79-bd81-42f3-a5fe-a0a907bfe6ea,2026-07-25T19:45:00Z,2026-07-25T21:45:00+0200,5.91873,MW,FR,FR,forecast_solar_generation,Solar,2026-08-05T07:10:17Z
2026-08-05T07:08:29Z,2026-08-05T09:08:29+0200,d671fb79-bd81-42f3-a5fe-a0a907bfe6ea,2026-07-25T20:00:00Z,2026-07-25T22:00:00+0200,0.0,MW,FR,FR,forecast_solar_generation,Solar,2026-08-05T07:10:17Z
2026-08-05T07:08:29Z,2026-08-05T09:08:29+0200,d671fb79-bd81-42f3-a5fe-a0a907bfe6ea,2026-07-25T20:15:00Z,2026-07-25T22:15:00+0200,0.0,MW,FR,FR,forecast_solar_generation,Solar,2026-08-05T07:10:17Z
2026-08-05T07:08:29Z,2026-08-05T09:08:29+0200,d671fb79-bd81-42f3-a5fe-a0a907bfe6ea,2026-07-25T20:30:00Z,2026-07-25T22:30:00+0200,0.0,MW,FR,FR,forecast_solar_generation,Solar,2026-08-05T07:10:17Z
2026-08-05T07:08:29Z,2026-08-05T09:08:29+0200,d671fb79-bd81-42f3-a5fe-a0a907bfe6ea,2026-07-25T20:45:00Z,2026-07-25T22:45:00+0200,0.0,MW,FR,FR,forecast_solar_generation,Solar,2026-08-05T07:10:17Z
2026-08-05T07:08:29Z,2026-08-05T09:08:29+0200,d671fb79-bd81-42f3-a5fe-a0a907bfe6ea,2026-07-25T21:00:00Z,2026-07-25T23:00:00+0200,0.0,MW,FR,FR,forecast_solar_generation,Solar,2026-08-05T07:10:17Z
2026-08-05T07:08:29Z,2026-08-05T09:08:29+0200,d671fb79-bd81-42f3-a5fe-a0a907bfe6ea,2026-07-25T21:15:00Z,2026-07-25T23:15:00+0200,0.0,MW,FR,FR,forecast_solar_generation,Solar,2026-08-05T07:10:17Z
2026-08-05T07:08:29Z,2026-08-05T09:08:29+0200,d671fb79-bd81-42f3-a5fe-a0a907bfe6ea,2026-07-25T21:30:00Z,2026-07-25T23:30:00+0200,0.0,MW,FR,FR,forecast_solar_generation,Solar,2026-08-05T07:10:17Z
2026-08-05T07:08:29Z,2026-08-05T09:08:29+0200,d671fb79-bd81-42f3-a5fe-a0a907bfe6ea,2026-07-25T21:45:00Z,2026-07-25T23:45:00+0200,0.0,MW,FR,FR,forecast_solar_generation,Solar,2026-08-05T07:10:17Z
2026-08-05T07:08:29Z,2026-08-05T09:08:29+0200,d671fb79-bd81-42f3-a5fe-a0a907bfe6ea,2026-07-25T22:00:00Z,2026-07-26T00:00:00+0200,0.0,MW,FR,FR,forecast_solar_generation,Solar,2026-08-05T07:10:17Z
2026-08-05T07:08:29Z,2026-08-05T09:08:29+0200,d671fb79-bd81-42f3-a5fe-a0a907bfe6ea,2026-07-25T22:15:00Z,2026-07-26T00:15:00+0200,0.0,MW,FR,FR,forecast_solar_generation,Solar,2026-08-05T07:10:17Z
2026-08-05T07:08:29Z,2026-08-05T09:08:29+0200,d671fb79-bd81-42f3-a5fe-a0a907bfe6ea,2026-07-25T22:30:00Z,2026-07-26T00:30:00+0200,0.0,MW,FR,FR,forecast_solar_generation,Solar,2026-08-05T07:10:17Z
2026-08-05T07:08:29Z,2026-08-05T09:08:29+0200,d671fb79-bd81-42f3-a5fe-a0a907bfe6ea,2026-07-25T22:45:00Z,2026-07-26T00:45:00+0200,0.0,MW,FR,FR,forecast_solar_generation,Solar,2026-08-05T07:10:17Z
2026-08-05T07:08:29Z,2026-08-05T09:08:29+0200,d671fb79-bd81-42f3-a5fe-a0a907bfe6ea,2026-07-25T23:00:00Z,2026-07-26T01:00:00+0200,0.0,MW,FR,FR,forecast_solar_generation,Solar,2026-08-05T07:10:17Z
2026-08-05T07:08:29Z,2026-08-05T09:08:29+0200,d671fb79-bd81-42f3-a5fe-a0a907bfe6ea,2026-07-25T23:15:00Z,2026-07-26T01:15:00+0200,0.0,MW,FR,FR,forecast_solar_generation,Solar,2026-08-05T07:10:17Z
2026-08-05T07:08:29Z,2026-08-05T09:08:29+0200,d671fb79-bd81-42f3-a5fe-a0a907bfe6ea,2026-07-25T23:30:00Z,2026-07-26T01:30:00+0200,0.0,MW,FR,FR,forecast_solar_generation,Solar,2026-08-05T07:10:17Z
2026-08-05T07:08:29Z,2026-08-05T09:08:29+0200,d671fb79-bd81-42f3-a5fe-a0a907bfe6ea,2026-07-25T23:45:00Z,2026-07-26T01:45:00+0200,0.0,MW,FR,FR,forecast_solar_generation,Solar,2026-08-05T07:10:17Z
2026-08-05T07:08:29Z,2026-08-05T09:08:29+0200,d671fb79-bd81-42f3-a5fe-a0a907bfe6ea,2026-07-26T00:00:00Z,2026-07-26T02:00:00+0200,0.0,MW,FR,FR,forecast_solar_generation,Solar,2026-08-05T07:10:17Z
2026-08-05T07:08:29Z,2026-08-05T09:08:29+0200,d671fb79-bd81-42f3-a5fe-a0a907bfe6ea,2026-07-26T00:15:00Z,2026-07-26T02:15:00+0200,0.0,MW,FR,FR,forecast_solar_generation,Solar,2026-08-05T07:10:17Z
2026-08-05T07:08:29Z,2026-08-05T09:08:29+0200,d671fb79-bd81-42f3-a5fe-a0a907bfe6ea,2026-07-26T00:30:00Z,2026-07-26T02:30:00+0200,0.0,MW,FR,FR,forecast_solar_generation,Solar,2026-08-05T07:10:17Z
2026-08-05T07:08:29Z,2026-08-05T09:08:29+0200,d671fb79-bd81-42f3-a5fe-a0a907bfe6ea,2026-07-26T00:45:00Z,2026-07-26T02:45:00+0200,0.0,MW,FR,FR,forecast_solar_generation,Solar,2026-08-05T07:10:17Z
2026-08-05T07:08:29Z,2026-08-05T09:08:29+0200,d671fb79-bd81-42f3-a5fe-a0a907bfe6ea,2026-07-26T01:00:00Z,2026-07-26T03:00:00+0200,0.0,MW,FR,FR,forecast_solar_generation,Solar,2026-08-05T07:10:17Z
2026-08-05T07:08:29Z,2026-08-05T09:08:29+0200,d671fb79-bd81-42f3-a5fe-a0a907bfe6ea,2026-07-26T01:15:00Z,2026-07-26T03:15:00+0200,0.0,MW,FR,FR,forecast_solar_generation,Solar,2026-08-05T07:10:17Z
2026-08-05T07:08:29Z,2026-08-05T09:08:29+0200,d671fb79-bd81-42f3-a5fe-a0a907bfe6ea,2026-07-26T01:30:00Z,2026-07-26T03:30:00+0200,0.0,MW,FR,FR,forecast_solar_generation,Solar,2026-08-05T07:10:17Z
2026-08-05T07:08:29Z,2026-08-05T09:08:29+0200,d671fb79-bd81-42f3-a5fe-a0a907bfe6ea,2026-07-26T01:45:00Z,2026-07-26T03:45:00+0200,0.0,MW,FR,FR,forecast_solar_generation,Solar,2026-08-05T07:10:17Z
2026-08-05T07:08:29Z,2026-08-05T09:08:29+0200,d671fb79-bd81-42f3-a5fe-a0a907bfe6ea,2026-07-26T02:00:00Z,2026-07-26T04:00:00+0200,0.0,MW,FR,FR,forecast_solar_generation,Solar,2026-08-05T07:10:17Z
2026-08-05T07:08:29Z,2026-08-05T09:08:29+0200,d671fb79-bd81-42f3-a5fe-a0a907bfe6ea,2026-07-26T02:15:00Z,2026-07-26T04:15:00+0200,0.0,MW,FR,FR,forecast_solar_generation,Solar,2026-08-05T07:10:17Z
2026-08-05T07:08:29Z,2026-08-05T09:08:29+0200,d671fb79-bd81-42f3-a5fe-a0a907bfe6ea,2026-07-26T02:30:00Z,2026-07-26T04:30:00+0200,0.0,MW,FR,FR,forecast_solar_generation,Solar,2026-08-05T07:10:17Z
2026-08-05T07:08:29Z,2026-08-05T09:08:29+0200,d671fb79-bd81-42f3-a5fe-a0a907bfe6ea,2026-07-26T02:45:00Z,2026-07-26T04:45:00+0200,0.0,MW,FR,FR,forecast_solar_generation,Solar,2026-08-05T07:10:17Z
2026-08-05T07:08:29Z,2026-08-05T09:08:29+0200,d671fb79-bd81-42f3-a5fe-a0a907bfe6ea,2026-07-26T03:00:00Z,2026-07-26T05:00:00+0200,0.0,MW,FR,FR,forecast_solar_generation,Solar,2026-08-05T07:10:17Z
2026-08-05T07:08:29Z,2026-08-05T09:08:29+0200,d671fb79-bd81-42f3-a5fe-a0a907bfe6ea,2026-07-26T03:15:00Z,2026-07-26T05:15:00+0200,0.0,MW,FR,FR,forecast_solar_generation,Solar,2026-08-05T07:10:17Z
2026-08-05T07:08:29Z,2026-08-05T09:08:29+0200,d671fb79-bd81-42f3-a5fe-a0a907bfe6ea,2026-07-26T03:30:00Z,2026-07-26T05:30:00+0200,0.0,MW,FR,FR,forecast_solar_generation,Solar,2026-08-05T07:10:17Z
2026-08-05T07:08:29Z,2026-08-05T09:08:29+0200,d671fb79-bd81-42f3-a5fe-a0a907bfe6ea,2026-07-26T03:45:00Z,2026-07-26T05:45:00+0200,0.0,MW,FR,FR,forecast_solar_generation,Solar,2026-08-05T07:10:17Z
2026-08-05T07:08:29Z,2026-08-05T09:08:29+0200,d671fb79-bd81-42f3-a5fe-a0a907bfe6ea,2026-07-26T04:00:00Z,2026-07-26T06:00:00+0200,5.93257,MW,FR,FR,forecast_solar_generation,Solar,2026-08-05T07:10:17Z
2026-08-05T07:08:29Z,2026-08-05T09:08:29+0200,d671fb79-bd81-42f3-a5fe-a0a907bfe6ea,2026-07-26T04:15:00Z,2026-07-26T06:15:00+0200,34.15642,MW,FR,FR,forecast_solar_generation,Solar,2026-08-05T07:10:17Z
2026-08-05T07:08:29Z,2026-08-05T09:08:29+0200,d671fb79-bd81-42f3-a5fe-a0a907bfe6ea,2026-07-26T04:30:00Z,2026-07-26T06:30:00+0200,111.3441,MW,FR,FR,forecast_solar_generation,Solar,2026-08-05T07:10:17Z
2026-08-05T07:08:29Z,2026-08-05T09:08:29+0200,d671fb79-bd81-42f3-a5fe-a0a907bfe6ea,2026-07-26T04:45:00Z,2026-07-26T06:45:00+0200,276.69339,MW,FR,FR,forecast_solar_generation,Solar,2026-08-05T07:10:17Z
2026-08-05T07:08:29Z,2026-08-05T09:08:29+0200,d671fb79-bd81-42f3-a5fe-a0a907bfe6ea,2026-07-26T05:00:00Z,2026-07-26T07:00:00+0200,491.64926,MW,FR,FR,forecast_solar_generation,Solar,2026-08-05T07:10:17Z
2026-08-05T07:08:29Z,2026-08-05T09:08:29+0200,d671fb79-bd81-42f3-a5fe-a0a907bfe6ea,2026-07-26T05:15:00Z,2026-07-26T07:15:00+0200,764.68475,MW,FR,FR,forecast_solar_generation,Solar,2026-08-05T07:10:17Z
2026-08-05T07:08:29Z,2026-08-05T09:08:29+0200,d671fb79-bd81-42f3-a5fe-a0a907bfe6ea,2026-07-26T05:30:00Z,2026-07-26T07:30:00+0200,1108.91028,MW,FR,FR,forecast_solar_generation,Solar,2026-08-05T07:10:17Z
2026-08-05T07:08:29Z,2026-08-05T09:08:29+0200,d671fb79-bd81-42f3-a5fe-a0a907bfe6ea,2026-07-26T05:45:00Z,2026-07-26T07:45:00+0200,1645.37134,MW,FR,FR,forecast_solar_generation,Solar,2026-08-05T07:10:17Z
2026-08-05T07:08:29Z,2026-08-05T09:08:29+0200,d671fb79-bd81-42f3-a5fe-a0a907bfe6ea,2026-07-26T06:00:00Z,2026-07-26T08:00:00+0200,2301.84839,MW,FR,FR,forecast_solar_generation,Solar,2026-08-05T07:10:17Z
2026-08-05T07:08:29Z,2026-08-05T09:08:29+0200,d671fb79-bd81-42f3-a5fe-a0a907bfe6ea,2026-07-26T06:15:00Z,2026-07-26T08:15:00+0200,3117.2229,MW,FR,FR,forecast_solar_generation,Solar,2026-08-05T07:10:17Z
2026-08-05T07:08:29Z,2026-08-05T09:08:29+0200,d671fb79-bd81-42f3-a5fe-a0a907bfe6ea,2026-07-26T06:30:00Z,2026-07-26T08:30:00+0200,3858.65308,MW,FR,FR,forecast_solar_generation,Solar,2026-08-05T07:10:17Z
2026-08-05T07:08:29Z,2026-08-05T09:08:29+0200,d671fb79-bd81-42f3-a5fe-a0a907bfe6ea,2026-07-26T06:45:00Z,2026-07-26T08:45:00+0200,4792.27588,MW,FR,FR,forecast_solar_generation,Solar,2026-08-05T07:10:17Z
2026-08-05T07:08:29Z,2026-08-05T09:08:29+0200,d671fb79-bd81-42f3-a5fe-a0a907bfe6ea,2026-07-26T07:00:00Z,2026-07-26T09:00:00+0200,5641.43018,MW,FR,FR,forecast_solar_generation,Solar,2026-08-05T07:10:17Z
2026-08-05T07:08:29Z,2026-08-05T09:08:29+0200,d671fb79-bd81-42f3-a5fe-a0a907bfe6ea,2026-07-26T07:15:00Z,2026-07-26T09:15:00+0200,5050.15186,MW,FR,FR,forecast_solar_generation,Solar,2026-08-05T07:10:17Z
2026-08-05T07:08:29Z,2026-08-05T09:08:29+0200,d671fb79-bd81-42f3-a5fe-a0a907bfe6ea,2026-07-26T07:30:00Z,2026-07-26T09:30:00+0200,5726.05518,MW,FR,FR,forecast_solar_generation,Solar,2026-08-05T07:10:17Z
2026-08-05T07:08:29Z,2026-08-05T09:08:29+0200,d671fb79-bd81-42f3-a5fe-a0a907bfe6ea,2026-07-26T07:45:00Z,2026-07-26T09:45:00+0200,6124.47314,MW,FR,FR,forecast_solar_generation,Solar,2026-08-05T07:10:17Z
2026-08-05T07:08:29Z,2026-08-05T09:08:29+0200,d671fb79-bd81-42f3-a5fe-a0a907bfe6ea,2026-07-26T08:00:00Z,2026-07-26T10:00:00+0200,6680.2041,MW,FR,FR,forecast_solar_generation,Solar,2026-08-05T07:10:17Z
2026-08-05T07:08:29Z,2026-08-05T09:08:29+0200,d671fb79-bd81-42f3-a5fe-a0a907bfe6ea,2026-07-26T08:15:00Z,2026-07-26T10:15:00+0200,7366.69336,MW,FR,FR,forecast_solar_generation,Solar,2026-08-05T07:10:17Z
2026-08-05T07:08:29Z,2026-08-05T09:08:29+0200,d671fb79-bd81-42f3-a5fe-a0a907bfe6ea,2026-07-26T08:30:00Z,2026-07-26T10:30:00+0200,7890.12988,MW,FR,FR,forecast_solar_generation,Solar,2026-08-05T07:10:17Z
2026-08-05T07:08:29Z,2026-08-05T09:08:29+0200,d671fb79-bd81-42f3-a5fe-a0a907bfe6ea,2026-07-26T08:45:00Z,2026-07-26T10:45:00+0200,8346.6582,MW,FR,FR,forecast_solar_generation,Solar,2026-08-05T07:10:17Z
2026-08-05T07:08:29Z,2026-08-05T09:08:29+0200,d671fb79-bd81-42f3-a5fe-a0a907bfe6ea,2026-07-26T09:00:00Z,2026-07-26T11:00:00+0200,8794.60449,MW,FR,FR,forecast_solar_generation,Solar,2026-08-05T07:10:17Z
2026-08-05T07:08:29Z,2026-08-05T09:08:29+0200,d671fb79-bd81-42f3-a5fe-a0a907bfe6ea,2026-07-26T09:15:00Z,2026-07-26T11:15:00+0200,9846.20508,MW,FR,FR,forecast_solar_generation,Solar,2026-08-05T07:10:17Z
2026-08-05T07:08:29Z,2026-08-05T09:08:29+0200,d671fb79-bd81-42f3-a5fe-a0a907bfe6ea,2026-07-26T09:30:00Z,2026-07-26T11:30:00+0200,9939.0166,MW,FR,FR,forecast_solar_generation,Solar,2026-08-05T07:10:17Z
2026-08-05T07:08:29Z,2026-08-05T09:08:29+0200,d671fb79-bd81-42f3-a5fe-a0a907bfe6ea,2026-07-26T09:45:00Z,2026-07-26T11:45:00+0200,10150.46289,MW,FR,FR,forecast_solar_generation,Solar,2026-08-05T07:10:17Z
2026-08-05T07:08:29Z,2026-08-05T09:08:29+0200,d671fb79-bd81-42f3-a5fe-a0a907bfe6ea,2026-07-26T10:00:00Z,2026-07-26T12:00:00+0200,10392.08203,MW,FR,FR,forecast_solar_generation,Solar,2026-08-05T07:10:17Z
2026-08-05T07:08:29Z,2026-08-05T09:08:29+0200,d671fb79-bd81-42f3-a5fe-a0a907bfe6ea,2026-07-26T10:15:00Z,2026-07-26T12:15:00+0200,11020.06055,MW,FR,FR,forecast_solar_generation,Solar,2026-08-05T07:10:17Z
2026-08-05T07:08:29Z,2026-08-05T09:08:29+0200,d671fb79-bd81-42f3-a5fe-a0a907bfe6ea,2026-07-26T10:30:00Z,2026-07-26T12:30:00+0200,11292.9707,MW,FR,FR,forecast_solar_generation,Solar,2026-08-05T07:10:17Z
2026-08-05T07:08:29Z,2026-08-05T09:08:29+0200,d671fb79-bd81-42f3-a5fe-a0a907bfe6ea,2026-07-26T10:45:00Z,2026-07-26T12:45:00+0200,11157.93555,MW,FR,FR,forecast_solar_generation,Solar,2026-08-05T07:10:17Z
2026-08-05T07:08:29Z,2026-08-05T09:08:29+0200,d671fb79-bd81-42f3-a5fe-a0a907bfe6ea,2026-07-26T11:00:00Z,2026-07-26T13:00:00+0200,10645.4668,MW,FR,FR,forecast_solar_generation,Solar,2026-08-05T07:10:17Z
2026-08-05T07:08:29Z,2026-08-05T09:08:29+0200,d671fb79-bd81-42f3-a5fe-a0a907bfe6ea,2026-07-26T11:15:00Z,2026-07-26T13:15:00+0200,10570.3252,MW,FR,FR,forecast_solar_generation,Solar,2026-08-05T07:10:17Z
2026-08-05T07:08:29Z,2026-08-05T09:08:29+0200,d671fb79-bd81-42f3-a5fe-a0a907bfe6ea,2026-07-26T11:30:00Z,2026-07-26T13:30:00+0200,10419.88477,MW,FR,FR,forecast_solar_generation,Solar,2026-08-05T07:10:17Z
2026-08-05T07:08:29Z,2026-08-05T09:08:29+0200,d671fb79-bd81-42f3-a5fe-a0a907bfe6ea,2026-07-26T11:45:00Z,2026-07-26T13:45:00+0200,10530.48535,MW,FR,FR,forecast_solar_generation,Solar,2026-08-05T07:10:17Z
2026-08-05T07:08:29Z,2026-08-05T09:08:29+0200,d671fb79-bd81-42f3-a5fe-a0a907bfe6ea,2026-07-26T12:00:00Z,2026-07-26T14:00:00+0200,10649.30469,MW,FR,FR,forecast_solar_generation,Solar,2026-08-05T07:10:17Z
2026-08-05T07:08:29Z,2026-08-05T09:08:29+0200,d671fb79-bd81-42f3-a5fe-a0a907bfe6ea,2026-07-26T12:15:00Z,2026-07-26T14:15:00+0200,10748.51465,MW,FR,FR,forecast_solar_generation,Solar,2026-08-05T07:10:17Z
2026-08-05T07:08:29Z,2026-08-05T09:08:29+0200,d671fb79-bd81-42f3-a5fe-a0a907bfe6ea,2026-07-26T12:30:00Z,2026-07-26T14:30:00+0200,10820.1875,MW,FR,FR,forecast_solar_generation,Solar,2026-08-05T07:10:17Z
2026-08-05T07:08:29Z,2026-08-05T09:08:29+0200,d671fb79-bd81-42f3-a5fe-a0a907bfe6ea,2026-07-26T12:45:00Z,2026-07-26T14:45:00+0200,10782.62109,MW,FR,FR,forecast_solar_generation,Solar,2026-08-05T07:10:17Z
2026-08-05T07:08:29Z,2026-08-05T09:08:29+0200,d671fb79-bd81-42f3-a5fe-a0a907bfe6ea,2026-07-26T13:00:00Z,2026-07-26T15:00:00+0200,10693.83008,MW,FR,FR,forecast_solar_generation,Solar,2026-08-05T07:10:17Z
2026-08-05T07:08:29Z,2026-08-05T09:08:29+0200,d671fb79-bd81-42f3-a5fe-a0a907bfe6ea,2026-07-26T13:15:00Z,2026-07-26T15:15:00+0200,10615.14746,MW,FR,FR,forecast_solar_generation,Solar,2026-08-05T07:10:17Z
2026-08-05T07:08:29Z,2026-08-05T09:08:29+0200,d671fb79-bd81-42f3-a5fe-a0a907bfe6ea,2026-07-26T13:30:00Z,2026-07-26T15:30:00+0200,10477.87988,MW,FR,FR,forecast_solar_generation,Solar,2026-08-05T07:10:17Z
2026-08-05T07:08:29Z,2026-08-05T09:08:29+0200,d671fb79-bd81-42f3-a5fe-a0a907bfe6ea,2026-07-26T13:45:00Z,2026-07-26T15:45:00+0200,10242.19629,MW,FR,FR,forecast_solar_generation,Solar,2026-08-05T07:10:17Z
2026-08-05T07:08:29Z,2026-08-05T09:08:29+0200,d671fb79-bd81-42f3-a5fe-a0a907bfe6ea,2026-07-26T14:00:00Z,2026-07-26T16:00:00+0200,9975.28418,MW,FR,FR,forecast_solar_generation,Solar,2026-08-05T07:10:17Z
2026-08-05T07:08:29Z,2026-08-05T09:08:29+0200,d671fb79-bd81-42f3-a5fe-a0a907bfe6ea,2026-07-26T14:15:00Z,2026-07-26T16:15:00+0200,9732.05176,MW,FR,FR,forecast_solar_generation,Solar,2026-08-05T07:10:17Z
2026-08-05T07:08:29Z,2026-08-05T09:08:29+0200,d671fb79-bd81-42f3-a5fe-a0a907bfe6ea,2026-07-26T14:30:00Z,2026-07-26T16:30:00+0200,9430.57715,MW,FR,FR,forecast_solar_generation,Solar,2026-08-05T07:10:17Z
2026-08-05T07:08:29Z,2026-08-05T09:08:29+0200,d671fb79-bd81-42f3-a5fe-a0a907bfe6ea,2026-07-26T14:45:00Z,2026-07-26T16:45:00+0200,9053.60059,MW,FR,FR,forecast_solar_generation,Solar,2026-08-05T07:10:17Z
2026-08-05T07:08:29Z,2026-08-05T09:08:29+0200,d671fb79-bd81-42f3-a5fe-a0a907bfe6ea,2026-07-26T15:00:00Z,2026-07-26T17:00:00+0200,8646.66992,MW,FR,FR,forecast_solar_generation,Solar,2026-08-05T07:10:17Z
2026-08-05T07:08:29Z,2026-08-05T09:08:29+0200,d671fb79-bd81-42f3-a5fe-a0a907bfe6ea,2026-07-26T15:15:00Z,2026-07-26T17:15:00+0200,8156.19043,MW,FR,FR,forecast_solar_generation,Solar,2026-08-05T07:10:17Z
2026-08-05T07:08:29Z,2026-08-05T09:08:29+0200,d671fb79-bd81-42f3-a5fe-a0a907bfe6ea,2026-07-26T15:30:00Z,2026-07-26T17:30:00+0200,7663.98193,MW,FR,FR,forecast_solar_generation,Solar,2026-08-05T07:10:17Z
2026-08-05T07:08:29Z,2026-08-05T09:08:29+0200,d671fb79-bd81-42f3-a5fe-a0a907bfe6ea,2026-07-26T15:45:00Z,2026-07-26T17:45:00+0200,7312.04297,MW,FR,FR,forecast_solar_generation,Solar,2026-08-05T07:10:17Z
2026-08-05T07:08:29Z,2026-08-05T09:08:29+0200,d671fb79-bd81-42f3-a5fe-a0a907bfe6ea,2026-07-26T16:00:00Z,2026-07-26T18:00:00+0200,6856.15918,MW,FR,FR,forecast_solar_generation,Solar,2026-08-05T07:10:17Z
2026-08-05T07:08:29Z,2026-08-05T09:08:29+0200,d671fb79-bd81-42f3-a5fe-a0a907bfe6ea,2026-07-26T16:15:00Z,2026-07-26T18:15:00+0200,6567.94238,MW,FR,FR,forecast_solar_generation,Solar,2026-08-05T07:10:17Z
2026-08-05T07:08:29Z,2026-08-05T09:08:29+0200,d671fb79-bd81-42f3-a5fe-a0a907bfe6ea,2026-07-26T16:30:00Z,2026-07-26T18:30:00+0200,5881.02686,MW,FR,FR,forecast_solar_generation,Solar,2026-08-05T07:10:17Z
2026-08-05T07:08:29Z,2026-08-05T09:08:29+0200,d671fb79-bd81-42f3-a5fe-a0a907bfe6ea,2026-07-26T16:45:00Z,2026-07-26T18:45:00+0200,5269.46973,MW,FR,FR,forecast_solar_generation,Solar,2026-08-05T07:10:17Z
2026-08-05T07:08:29Z,2026-08-05T09:08:29+0200,d671fb79-bd81-42f3-a5fe-a0a907bfe6ea,2026-07-26T17:00:00Z,2026-07-26T19:00:00+0200,5620.71777,MW,FR,FR,forecast_solar_generation,Solar,2026-08-05T07:10:17Z
2026-08-05T07:08:29Z,2026-08-05T09:08:29+0200,d671fb79-bd81-42f3-a5fe-a0a907bfe6ea,2026-07-26T17:15:00Z,2026-07-26T19:15:00+0200,4857.53223,MW,FR,FR,forecast_solar_generation,Solar,2026-08-05T07:10:17Z
2026-08-05T07:08:29Z,2026-08-05T09:08:29+0200,d671fb79-bd81-42f3-a5fe-a0a907bfe6ea,2026-07-26T17:30:00Z,2026-07-26T19:30:00+0200,3892.28979,MW,FR,FR,forecast_solar_generation,Solar,2026-08-05T07:10:17Z
2026-08-05T07:08:29Z,2026-08-05T09:08:29+0200,d671fb79-bd81-42f3-a5fe-a0a907bfe6ea,2026-07-26T17:45:00Z,2026-07-26T19:45:00+0200,3189.14502,MW,FR,FR,forecast_solar_generation,Solar,2026-08-05T07:10:17Z
2026-08-05T07:08:29Z,2026-08-05T09:08:29+0200,d671fb79-bd81-42f3-a5fe-a0a907bfe6ea,2026-07-26T18:00:00Z,2026-07-26T20:00:00+0200,2376.88916,MW,FR,FR,forecast_solar_generation,Solar,2026-08-05T07:10:17Z
2026-08-05T07:08:29Z,2026-08-05T09:08:29+0200,d671fb79-bd81-42f3-a5fe-a0a907bfe6ea,2026-07-26T18:15:00Z,2026-07-26T20:15:00+0200,1757.8363,MW,FR,FR,forecast_solar_generation,Solar,2026-08-05T07:10:17Z
2026-08-05T07:08:29Z,2026-08-05T09:08:29+0200,d671fb79-bd81-42f3-a5fe-a0a907bfe6ea,2026-07-26T18:30:00Z,2026-07-26T20:30:00+0200,1228.0752,MW,FR,FR,forecast_solar_generation,Solar,2026-08-05T07:10:17Z
2026-08-05T07:08:29Z,2026-08-05T09:08:29+0200,d671fb79-bd81-42f3-a5fe-a0a907bfe6ea,2026-07-26T18:45:00Z,2026-07-26T20:45:00+0200,874.37122,MW,FR,FR,forecast_solar_generation,Solar,2026-08-05T07:10:17Z
2026-08-05T07:08:29Z,2026-08-05T09:08:29+0200,d671fb79-bd81-42f3-a5fe-a0a907bfe6ea,2026-07-26T19:00:00Z,2026-07-26T21:00:00+0200,545.48547,MW,FR,FR,forecast_solar_generation,Solar,2026-08-05T07:10:17Z
2026-08-05T07:08:29Z,2026-08-05T09:08:29+0200,d671fb79-bd81-42f3-a5fe-a0a907bfe6ea,2026-07-26T19:15:00Z,2026-07-26T21:15:00+0200,245.36174,MW,FR,FR,forecast_solar_generation,Solar,2026-08-05T07:10:17Z
2026-08-05T07:08:29Z,2026-08-05T09:08:29+0200,d671fb79-bd81-42f3-a5fe-a0a907bfe6ea,2026-07-26T19:30:00Z,2026-07-26T21:30:00+0200,50.71886,MW,FR,FR,forecast_solar_generation,Solar,2026-08-05T07:10:17Z
2026-08-05T07:08:29Z,2026-08-05T09:08:29+0200,d671fb79-bd81-42f3-a5fe-a0a907bfe6ea,2026-07-26T19:45:00Z,2026-07-26T21:45:00+0200,2.85809,MW,FR,FR,forecast_solar_generation,Solar,2026-08-05T07:10:17Z
2026-08-05T07:08:29Z,2026-08-05T09:08:29+0200,d671fb79-bd81-42f3-a5fe-a0a907bfe6ea,2026-07-26T20:00:00Z,2026-07-26T22:00:00+0200,0.0,MW,FR,FR,forecast_solar_generation,Solar,2026-08-05T07:10:17Z
2026-08-05T07:08:29Z,2026-08-05T09:08:29+0200,d671fb79-bd81-42f3-a5fe-a0a907bfe6ea,2026-07-26T20:15:00Z,2026-07-26T22:15:00+0200,0.0,MW,FR,FR,forecast_solar_generation,Solar,2026-08-05T07:10:17Z
2026-08-05T07:08:29Z,2026-08-05T09:08:29+0200,d671fb79-bd81-42f3-a5fe-a0a907bfe6ea,2026-07-26T20:30:00Z,2026-07-26T22:30:00+0200,0.0,MW,FR,FR,forecast_solar_generation,Solar,2026-08-05T07:10:17Z
2026-08-05T07:08:29Z,2026-08-05T09:08:29+0200,d671fb79-bd81-42f3-a5fe-a0a907bfe6ea,2026-07-26T20:45:00Z,2026-07-26T22:45:00+0200,0.0,MW,FR,FR,forecast_solar_generation,Solar,2026-08-05T07:10:17Z
2026-08-05T07:08:29Z,2026-08-05T09:08:29+0200,d671fb79-bd81-42f3-a5fe-a0a907bfe6ea,2026-07-26T21:00:00Z,2026-07-26T23:00:00+0200,0.0,MW,FR,FR,forecast_solar_generation,Solar,2026-08-05T07:10:17Z
2026-08-05T07:08:29Z,2026-08-05T09:08:29+0200,d671fb79-bd81-42f3-a5fe-a0a907bfe6ea,2026-07-26T21:15:00Z,2026-07-26T23:15:00+0200,0.0,MW,FR,FR,forecast_solar_generation,Solar,2026-08-05T07:10:17Z
2026-08-05T07:08:29Z,2026-08-05T09:08:29+0200,d671fb79-bd81-42f3-a5fe-a0a907bfe6ea,2026-07-26T21:30:00Z,2026-07-26T23:30:00+0200,0.0,MW,FR,FR,forecast_solar_generation,Solar,2026-08-05T07:10:17Z
2026-08-05T07:08:29Z,2026-08-05T09:08:29+0200,d671fb79-bd81-42f3-a5fe-a0a907bfe6ea,2026-07-26T21:45:00Z,2026-07-26T23:45:00+0200,0.0,MW,FR,FR,forecast_solar_generation,Solar,2026-08-05T07:10:17Z
2026-08-05T07:08:29Z,2026-08-05T09:08:29+0200,d671fb79-bd81-42f3-a5fe-a0a907bfe6ea,2026-07-26T22:00:00Z,2026-07-27T00:00:00+0200,0.0,MW,FR,FR,forecast_solar_generation,Solar,2026-08-05T07:10:17Z
2026-08-05T07:08:29Z,2026-08-05T09:08:29+0200,d671fb79-bd81-42f3-a5fe-a0a907bfe6ea,2026-07-26T22:15:00Z,2026-07-27T00:15:00+0200,0.0,MW,FR,FR,forecast_solar_generation,Solar,2026-08-05T07:10:17Z
2026-08-05T07:08:29Z,2026-08-05T09:08:29+0200,d671fb79-bd81-42f3-a5fe-a0a907bfe6ea,2026-07-26T22:30:00Z,2026-07-27T00:30:00+0200,0.0,MW,FR,FR,forecast_solar_generation,Solar,2026-08-05T07:10:17Z
2026-08-05T07:08:29Z,2026-08-05T09:08:29+0200,d671fb79-bd81-42f3-a5fe-a0a907bfe6ea,2026-07-26T22:45:00Z,2026-07-27T00:45:00+0200,0.0,MW,FR,FR,forecast_solar_generation,Solar,2026-08-05T07:10:17Z
2026-08-05T07:08:29Z,2026-08-05T09:08:29+0200,d671fb79-bd81-42f3-a5fe-a0a907bfe6ea,2026-07-26T23:00:00Z,2026-07-27T01:00:00+0200,0.0,MW,FR,FR,forecast_solar_generation,Solar,2026-08-05T07:10:17Z
2026-08-05T07:08:29Z,2026-08-05T09:08:29+0200,d671fb79-bd81-42f3-a5fe-a0a907bfe6ea,2026-07-26T23:15:00Z,2026-07-27T01:15:00+0200,0.0,MW,FR,FR,forecast_solar_generation,Solar,2026-08-05T07:10:17Z
2026-08-05T07:08:29Z,2026-08-05T09:08:29+0200,d671fb79-bd81-42f3-a5fe-a0a907bfe6ea,2026-07-26T23:30:00Z,2026-07-27T01:30:00+0200,0.0,MW,FR,FR,forecast_solar_generation,Solar,2026-08-05T07:10:17Z
2026-08-05T07:08:29Z,2026-08-05T09:08:29+0200,d671fb79-bd81-42f3-a5fe-a0a907bfe6ea,2026-07-26T23:45:00Z,2026-07-27T01:45:00+0200,0.0,MW,FR,FR,forecast_solar_generation,Solar,2026-08-05T07:10:17Z
2026-08-05T07:08:29Z,2026-08-05T09:08:29+0200,d671fb79-bd81-42f3-a5fe-a0a907bfe6ea,2026-07-27T00:00:00Z,2026-07-27T02:00:00+0200,0.0,MW,FR,FR,forecast_solar_generation,Solar,2026-08-05T07:10:17Z
2026-08-05T07:08:29Z,2026-08-05T09:08:29+0200,d671fb79-bd81-42f3-a5fe-a0a907bfe6ea,2026-07-27T00:15:00Z,2026-07-27T02:15:00+0200,0.0,MW,FR,FR,forecast_solar_generation,Solar,2026-08-05T07:10:17Z
2026-08-05T07:08:29Z,2026-08-05T09:08:29+0200,d671fb79-bd81-42f3-a5fe-a0a907bfe6ea,2026-07-27T00:30:00Z,2026-07-27T02:30:00+0200,0.0,MW,FR,FR,forecast_solar_generation,Solar,2026-08-05T07:10:17Z
2026-08-05T07:08:29Z,2026-08-05T09:08:29+0200,d671fb79-bd81-42f3-a5fe-a0a907bfe6ea,2026-07-27T00:45:00Z,2026-07-27T02:45:00+0200,0.0,MW,FR,FR,forecast_solar_generation,Solar,2026-08-05T07:10:17Z
2026-08-05T07:08:29Z,2026-08-05T09:08:29+0200,d671fb79-bd81-42f3-a5fe-a0a907bfe6ea,2026-07-27T01:00:00Z,2026-07-27T03:00:00+0200,0.0,MW,FR,FR,forecast_solar_generation,Solar,2026-08-05T07:10:17Z
2026-08-05T07:08:29Z,2026-08-05T09:08:29+0200,d671fb79-bd81-42f3-a5fe-a0a907bfe6ea,2026-07-27T01:15:00Z,2026-07-27T03:15:00+0200,0.0,MW,FR,FR,forecast_solar_generation,Solar,2026-08-05T07:10:17Z
2026-08-05T07:08:29Z,2026-08-05T09:08:29+0200,d671fb79-bd81-42f3-a5fe-a0a907bfe6ea,2026-07-27T01:30:00Z,2026-07-27T03:30:00+0200,0.0,MW,FR,FR,forecast_solar_generation,Solar,2026-08-05T07:10:17Z
2026-08-05T07:08:29Z,2026-08-05T09:08:29+0200,d671fb79-bd81-42f3-a5fe-a0a907bfe6ea,2026-07-27T01:45:00Z,2026-07-27T03:45:00+0200,0.0,MW,FR,FR,forecast_solar_generation,Solar,2026-08-05T07:10:17Z
2026-08-05T07:08:29Z,2026-08-05T09:08:29+0200,d671fb79-bd81-42f3-a5fe-a0a907bfe6ea,2026-07-27T02:00:00Z,2026-07-27T04:00:00+0200,0.0,MW,FR,FR,forecast_solar_generation,Solar,2026-08-05T07:10:17Z
2026-08-05T07:08:29Z,2026-08-05T09:08:29+0200,d671fb79-bd81-42f3-a5fe-a0a907bfe6ea,2026-07-27T02:15:00Z,2026-07-27T04:15:00+0200,0.0,MW,FR,FR,forecast_solar_generation,Solar,2026-08-05T07:10:17Z
2026-08-05T07:08:29Z,2026-08-05T09:08:29+0200,d671fb79-bd81-42f3-a5fe-a0a907bfe6ea,2026-07-27T02:30:00Z,2026-07-27T04:30:00+0200,0.0,MW,FR,FR,forecast_solar_generation,Solar,2026-08-05T07:10:17Z
2026-08-05T07:08:29Z,2026-08-05T09:08:29+0200,d671fb79-bd81-42f3-a5fe-a0a907bfe6ea,2026-07-27T02:45:00Z,2026-07-27T04:45:00+0200,0.0,MW,FR,FR,forecast_solar_generation,Solar,2026-08-05T07:10:17Z
2026-08-05T07:08:29Z,2026-08-05T09:08:29+0200,d671fb79-bd81-42f3-a5fe-a0a907bfe6ea,2026-07-27T03:00:00Z,2026-07-27T05:00:00+0200,0.0,MW,FR,FR,forecast_solar_generation,Solar,2026-08-05T07:10:17Z
2026-08-05T07:08:29Z,2026-08-05T09:08:29+0200,d671fb79-bd81-42f3-a5fe-a0a907bfe6ea,2026-07-27T03:15:00Z,2026-07-27T05:15:00+0200,0.0,MW,FR,FR,forecast_solar_generation,Solar,2026-08-05T07:10:17Z
2026-08-05T07:08:29Z,2026-08-05T09:08:29+0200,d671fb79-bd81-42f3-a5fe-a0a907bfe6ea,2026-07-27T03:30:00Z,2026-07-27T05:30:00+0200,0.0,MW,FR,FR,forecast_solar_generation,Solar,2026-08-05T07:10:17Z
2026-08-05T07:08:29Z,2026-08-05T09:08:29+0200,d671fb79-bd81-42f3-a5fe-a0a907bfe6ea,2026-07-27T03:45:00Z,2026-07-27T05:45:00+0200,0.0,MW,FR,FR,forecast_solar_generation,Solar,2026-08-05T07:10:17Z
2026-08-05T07:08:29Z,2026-08-05T09:08:29+0200,d671fb79-bd81-42f3-a5fe-a0a907bfe6ea,2026-07-27T04:00:00Z,2026-07-27T06:00:00+0200,4.33622,MW,FR,FR,forecast_solar_generation,Solar,2026-08-05T07:10:17Z
2026-08-05T07:08:29Z,2026-08-05T09:08:29+0200,d671fb79-bd81-42f3-a5fe-a0a907bfe6ea,2026-07-27T04:15:00Z,2026-07-27T06:15:00+0200,27.31997,MW,FR,FR,forecast_solar_generation,Solar,2026-08-05T07:10:17Z
2026-08-05T07:08:29Z,2026-08-05T09:08:29+0200,d671fb79-bd81-42f3-a5fe-a0a907bfe6ea,2026-07-27T04:30:00Z,2026-07-27T06:30:00+0200,90.71316,MW,FR,FR,forecast_solar_generation,Solar,2026-08-05T07:10:17Z
2026-08-05T07:08:29Z,2026-08-05T09:08:29+0200,d671fb79-bd81-42f3-a5fe-a0a907bfe6ea,2026-07-27T04:45:00Z,2026-07-27T06:45:00+0200,253.44566,MW,FR,FR,forecast_solar_generation,Solar,2026-08-05T07:10:17Z
2026-08-05T07:08:29Z,2026-08-05T09:08:29+0200,d671fb79-bd81-42f3-a5fe-a0a907bfe6ea,2026-07-27T05:00:00Z,2026-07-27T07:00:00+0200,464.07391,MW,FR,FR,forecast_solar_generation,Solar,2026-08-05T07:10:17Z
2026-08-05T07:08:29Z,2026-08-05T09:08:29+0200,d671fb79-bd81-42f3-a5fe-a0a907bfe6ea,2026-07-27T05:15:00Z,2026-07-27T07:15:00+0200,738.95697,MW,FR,FR,forecast_solar_generation,Solar,2026-08-05T07:10:17Z
2026-08-05T07:08:29Z,2026-08-05T09:08:29+0200,d671fb79-bd81-42f3-a5fe-a0a907bfe6ea,2026-07-27T05:30:00Z,2026-07-27T07:30:00+0200,1060.89697,MW,FR,FR,forecast_solar_generation,Solar,2026-08-05T07:10:17Z
2026-08-05T07:08:29Z,2026-08-05T09:08:29+0200,d671fb79-bd81-42f3-a5fe-a0a907bfe6ea,2026-07-27T05:45:00Z,2026-07-27T07:45:00+0200,1608.58777,MW,FR,FR,forecast_solar_generation,Solar,2026-08-05T07:10:17Z
2026-08-05T07:08:29Z,2026-08-05T09:08:29+0200,d671fb79-bd81-42f3-a5fe-a0a907bfe6ea,2026-07-27T06:00:00Z,2026-07-27T08:00:00+0200,2294.25391,MW,FR,FR,forecast_solar_generation,Solar,2026-08-05T07:10:17Z
2026-08-05T07:08:29Z,2026-08-05T09:08:29+0200,d671fb79-bd81-42f3-a5fe-a0a907bfe6ea,2026-07-27T06:15:00Z,2026-07-27T08:15:00+0200,3159.85254,MW,FR,FR,forecast_solar_generation,Solar,2026-08-05T07:10:17Z
2026-08-05T07:08:29Z,2026-08-05T09:08:29+0200,d671fb79-bd81-42f3-a5fe-a0a907bfe6ea,2026-07-27T06:30:00Z,2026-07-27T08:30:00+0200,3925.19897,MW,FR,FR,forecast_solar_generation,Solar,2026-08-05T07:10:17Z
2026-08-05T07:08:29Z,2026-08-05T09:08:29+0200,d671fb79-bd81-42f3-a5fe-a0a907bfe6ea,2026-07-27T06:45:00Z,2026-07-27T08:45:00+0200,5038.73682,MW,FR,FR,forecast_solar_generation,Solar,2026-08-05T07:10:17Z
2026-08-05T07:08:29Z,2026-08-05T09:08:29+0200,d671fb79-bd81-42f3-a5fe-a0a907bfe6ea,2026-07-27T07:00:00Z,2026-07-27T09:00:00+0200,6029.13477,MW,FR,FR,forecast_solar_generation,Solar,2026-08-05T07:10:17Z
2026-08-05T07:08:29Z,2026-08-05T09:08:29+0200,d671fb79-bd81-42f3-a5fe-a0a907bfe6ea,2026-07-27T07:15:00Z,2026-07-27T09:15:00+0200,7262.07959,MW,FR,FR,forecast_solar_generation,Solar,2026-08-05T07:10:17Z
2026-08-05T07:08:29Z,2026-08-05T09:08:29+0200,d671fb79-bd81-42f3-a5fe-a0a907bfe6ea,2026-07-27T07:30:00Z,2026-07-27T09:30:00+0200,8277.16406,MW,FR,FR,forecast_solar_generation,Solar,2026-08-05T07:10:17Z
2026-08-05T07:08:29Z,2026-08-05T09:08:29+0200,d671fb79-bd81-42f3-a5fe-a0a907bfe6ea,2026-07-27T07:45:00Z,2026-07-27T09:45:00+0200,9296.36035,MW,FR,FR,forecast_solar_generation,Solar,2026-08-05T07:10:17Z
2026-08-05T07:08:29Z,2026-08-05T09:08:29+0200,d671fb79-bd81-42f3-a5fe-a0a907bfe6ea,2026-07-27T08:00:00Z,2026-07-27T10:00:00+0200,10266.64453,MW,FR,FR,forecast_solar_generation,Solar,2026-08-05T07:10:17Z
2026-08-05T07:08:29Z,2026-08-05T09:08:29+0200,d671fb79-bd81-42f3-a5fe-a0a907bfe6ea,2026-07-27T08:15:00Z,2026-07-27T10:15:00+0200,11379.12207,MW,FR,FR,forecast_solar_generation,Solar,2026-08-05T07:10:17Z
2026-08-05T07:08:29Z,2026-08-05T09:08:29+0200,d671fb79-bd81-42f3-a5fe-a0a907bfe6ea,2026-07-27T08:30:00Z,2026-07-27T10:30:00+0200,12225.64648,MW,FR,FR,forecast_solar_generation,Solar,2026-08-05T07:10:17Z
2026-08-05T07:08:29Z,2026-08-05T09:08:29+0200,d671fb79-bd81-42f3-a5fe-a0a907bfe6ea,2026-07-27T08:45:00Z,2026-07-27T10:45:00+0200,12812.96289,MW,FR,FR,forecast_solar_generation,Solar,2026-08-05T07:10:17Z
2026-08-05T07:08:29Z,2026-08-05T09:08:29+0200,d671fb79-bd81-42f3-a5fe-a0a907bfe6ea,2026-07-27T09:00:00Z,2026-07-27T11:00:00+0200,13314.61816,MW,FR,FR,forecast_solar_generation,Solar,2026-08-05T07:10:17Z
2026-08-05T07:08:29Z,2026-08-05T09:08:29+0200,d671fb79-bd81-42f3-a5fe-a0a907bfe6ea,2026-07-27T09:15:00Z,2026-07-27T11:15:00+0200,13912.40723,MW,FR,FR,forecast_solar_generation,Solar,2026-08-05T07:10:17Z
2026-08-05T07:08:29Z,2026-08-05T09:08:29+0200,d671fb79-bd81-42f3-a5fe-a0a907bfe6ea,2026-07-27T09:30:00Z,2026-07-27T11:30:00+0200,14351.66113,MW,FR,FR,forecast_solar_generation,Solar,2026-08-05T07:10:17Z
2026-08-05T07:08:29Z,2026-08-05T09:08:29+0200,d671fb79-bd81-42f3-a5fe-a0a907bfe6ea,2026-07-27T09:45:00Z,2026-07-27T11:45:00+0200,14832.54688,MW,FR,FR,forecast_solar_generation,Solar,2026-08-05T07:10:17Z
2026-08-05T07:08:29Z,2026-08-05T09:08:29+0200,d671fb79-bd81-42f3-a5fe-a0a907bfe6ea,2026-07-27T10:00:00Z,2026-07-27T12:00:00+0200,15307.48828,MW,FR,FR,forecast_solar_generation,Solar,2026-08-05T07:10:17Z
2026-08-05T07:08:29Z,2026-08-05T09:08:29+0200,d671fb79-bd81-42f3-a5fe-a0a907bfe6ea,2026-07-27T10:15:00Z,2026-07-27T12:15:00+0200,15808.73633,MW,FR,FR,forecast_solar_generation,Solar,2026-08-05T07:10:17Z
2026-08-05T07:08:29Z,2026-08-05T09:08:29+0200,d671fb79-bd81-42f3-a5fe-a0a907bfe6ea,2026-07-27T10:30:00Z,2026-07-27T12:30:00+0200,16309.72656,MW,FR,FR,forecast_solar_generation,Solar,2026-08-05T07:10:17Z
2026-08-05T07:08:29Z,2026-08-05T09:08:29+0200,d671fb79-bd81-42f3-a5fe-a0a907bfe6ea,2026-07-27T10:45:00Z,2026-07-27T12:45:00+0200,16762.96484,MW,FR,FR,forecast_solar_generation,Solar,2026-08-05T07:10:17Z
2026-08-05T07:08:29Z,2026-08-05T09:08:29+0200,d671fb79-bd81-42f3-a5fe-a0a907bfe6ea,2026-07-27T11:00:00Z,2026-07-27T13:00:00+0200,13380.07227,MW,FR,FR,forecast_solar_generation,Solar,2026-08-05T07:10:17Z
2026-08-05T07:08:29Z,2026-08-05T09:08:29+0200,d671fb79-bd81-42f3-a5fe-a0a907bfe6ea,2026-07-27T11:15:00Z,2026-07-27T13:15:00+0200,13642.91016,MW,FR,FR,forecast_solar_generation,Solar,2026-08-05T07:10:17Z
2026-08-05T07:08:29Z,2026-08-05T09:08:29+0200,d671fb79-bd81-42f3-a5fe-a0a907bfe6ea,2026-07-27T11:30:00Z,2026-07-27T13:30:00+0200,13977.52637,MW,FR,FR,forecast_solar_generation,Solar,2026-08-05T07:10:17Z
2026-08-05T07:08:29Z,2026-08-05T09:08:29+0200,d671fb79-bd81-42f3-a5fe-a0a907bfe6ea,2026-07-27T11:45:00Z,2026-07-27T13:45:00+0200,14189.61523,MW,FR,FR,forecast_solar_generation,Solar,2026-08-05T07:10:17Z
2026-08-05T07:08:29Z,2026-08-05T09:08:29+0200,d671fb79-bd81-42f3-a5fe-a0a907bfe6ea,2026-07-27T12:00:00Z,2026-07-27T14:00:00+0200,14403.37695,MW,FR,FR,forecast_solar_generation,Solar,2026-08-05T07:10:17Z
2026-08-05T07:08:29Z,2026-08-05T09:08:29+0200,d671fb79-bd81-42f3-a5fe-a0a907bfe6ea,2026-07-27T12:15:00Z,2026-07-27T14:15:00+0200,14538.58496,MW,FR,FR,forecast_solar_generation,Solar,2026-08-05T07:10:17Z
2026-08-05T07:08:29Z,2026-08-05T09:08:29+0200,d671fb79-bd81-42f3-a5fe-a0a907bfe6ea,2026-07-27T12:30:00Z,2026-07-27T14:30:00+0200,14676.38867,MW,FR,FR,forecast_solar_generation,Solar,2026-08-05T07:10:17Z
2026-08-05T07:08:29Z,2026-08-05T09:08:29+0200,d671fb79-bd81-42f3-a5fe-a0a907bfe6ea,2026-07-27T12:45:00Z,2026-07-27T14:45:00+0200,14679.84473,MW,FR,FR,forecast_solar_generation,Solar,2026-08-05T07:10:17Z
2026-08-05T07:08:29Z,2026-08-05T09:08:29+0200,d671fb79-bd81-42f3-a5fe-a0a907bfe6ea,2026-07-27T13:00:00Z,2026-07-27T15:00:00+0200,14664.19141,MW,FR,FR,forecast_solar_generation,Solar,2026-08-05T07:10:17Z
2026-08-05T07:08:29Z,2026-08-05T09:08:29+0200,d671fb79-bd81-42f3-a5fe-a0a907bfe6ea,2026-07-27T13:15:00Z,2026-07-27T15:15:00+0200,14647.52832,MW,FR,FR,forecast_solar_generation,Solar,2026-08-05T07:10:17Z
2026-08-05T07:08:29Z,2026-08-05T09:08:29+0200,d671fb79-bd81-42f3-a5fe-a0a907bfe6ea,2026-07-27T13:30:00Z,2026-07-27T15:30:00+0200,14579.54492,MW,FR,FR,forecast_solar_generation,Solar,2026-08-05T07:10:17Z
2026-08-05T07:08:29Z,2026-08-05T09:08:29+0200,d671fb79-bd81-42f3-a5fe-a0a907bfe6ea,2026-07-27T13:45:00Z,2026-07-27T15:45:00+0200,14375.26172,MW,FR,FR,forecast_solar_generation,Solar,2026-08-05T07:10:17Z
2026-08-05T07:08:29Z,2026-08-05T09:08:29+0200,d671fb79-bd81-42f3-a5fe-a0a907bfe6ea,2026-07-27T14:00:00Z,2026-07-27T16:00:00+0200,14116.08496,MW,FR,FR,forecast_solar_generation,Solar,2026-08-05T07:10:17Z
2026-08-05T07:08:29Z,2026-08-05T09:08:29+0200,d671fb79-bd81-42f3-a5fe-a0a907bfe6ea,2026-07-27T14:15:00Z,2026-07-27T16:15:00+0200,13809.51562,MW,FR,FR,forecast_solar_generation,Solar,2026-08-05T07:10:17Z
2026-08-05T07:08:29Z,2026-08-05T09:08:29+0200,d671fb79-bd81-42f3-a5fe-a0a907bfe6ea,2026-07-27T14:30:00Z,2026-07-27T16:30:00+0200,13388.27051,MW,FR,FR,forecast_solar_generation,Solar,2026-08-05T07:10:17Z
2026-08-05T07:08:29Z,2026-08-05T09:08:29+0200,d671fb79-bd81-42f3-a5fe-a0a907bfe6ea,2026-07-27T14:45:00Z,2026-07-27T16:45:00+0200,12912.51855,MW,FR,FR,forecast_solar_generation,Solar,2026-08-05T07:10:17Z
2026-08-05T07:08:29Z,2026-08-05T09:08:29+0200,d671fb79-bd81-42f3-a5fe-a0a907bfe6ea,2026-07-27T15:00:00Z,2026-07-27T17:00:00+0200,12421.17188,MW,FR,FR,forecast_solar_generation,Solar,2026-08-05T07:10:17Z
2026-08-05T07:08:29Z,2026-08-05T09:08:29+0200,d671fb79-bd81-42f3-a5fe-a0a907bfe6ea,2026-07-27T15:15:00Z,2026-07-27T17:15:00+0200,15369.4248,MW,FR,FR,forecast_solar_generation,Solar,2026-08-05T07:10:17Z
2026-08-05T07:08:29Z,2026-08-05T09:08:29+0200,d671fb79-bd81-42f3-a5fe-a0a907bfe6ea,2026-07-27T15:30:00Z,2026-07-27T17:30:00+0200,14548.28418,MW,FR,FR,forecast_solar_generation,Solar,2026-08-05T07:10:17Z
2026-08-05T07:08:29Z,2026-08-05T09:08:29+0200,d671fb79-bd81-42f3-a5fe-a0a907bfe6ea,2026-07-27T15:45:00Z,2026-07-27T17:45:00+0200,13737.18066,MW,FR,FR,forecast_solar_generation,Solar,2026-08-05T07:10:17Z
2026-08-05T07:08:29Z,2026-08-05T09:08:29+0200,d671fb79-bd81-42f3-a5fe-a0a907bfe6ea,2026-07-27T16:00:00Z,2026-07-27T18:00:00+0200,12650.69922,MW,FR,FR,forecast_solar_generation,Solar,2026-08-05T07:10:17Z
2026-08-05T07:08:29Z,2026-08-05T09:08:29+0200,d671fb79-bd81-42f3-a5fe-a0a907bfe6ea,2026-07-27T16:15:00Z,2026-07-27T18:15:00+0200,11581.3457,MW,FR,FR,forecast_solar_generation,Solar,2026-08-05T07:10:17Z
2026-08-05T07:08:29Z,2026-08-05T09:08:29+0200,d671fb79-bd81-42f3-a5fe-a0a907bfe6ea,2026-07-27T16:30:00Z,2026-07-27T18:30:00+0200,10425.27832,MW,FR,FR,forecast_solar_generation,Solar,2026-08-05T07:10:17Z
2026-08-05T07:08:29Z,2026-08-05T09:08:29+0200,d671fb79-bd81-42f3-a5fe-a0a907bfe6ea,2026-07-27T16:45:00Z,2026-07-27T18:45:00+0200,9308.3877,MW,FR,FR,forecast_solar_generation,Solar,2026-08-05T07:10:17Z
2026-08-05T07:08:29Z,2026-08-05T09:08:29+0200,d671fb79-bd81-42f3-a5fe-a0a907bfe6ea,2026-07-27T17:00:00Z,2026-07-27T19:00:00+0200,7941.09033,MW,FR,FR,forecast_solar_generation,Solar,2026-08-05T07:10:17Z
2026-08-05T07:08:29Z,2026-08-05T09:08:29+0200,d671fb79-bd81-42f3-a5fe-a0a907bfe6ea,2026-07-27T17:15:00Z,2026-07-27T19:15:00+0200,6794.23389,MW,FR,FR,forecast_solar_generation,Solar,2026-08-05T07:10:17Z
2026-08-05T07:08:29Z,2026-08-05T09:08:29+0200,d671fb79-bd81-42f3-a5fe-a0a907bfe6ea,2026-07-27T17:30:00Z,2026-07-27T19:30:00+0200,5401.37158,MW,FR,FR,forecast_solar_generation,Solar,2026-08-05T07:10:17Z
2026-08-05T07:08:29Z,2026-08-05T09:08:29+0200,d671fb79-bd81-42f3-a5fe-a0a907bfe6ea,2026-07-27T17:45:00Z,2026-07-27T19:45:00+0200,4417.73584,MW,FR,FR,forecast_solar_generation,Solar,2026-08-05T07:10:17Z
2026-08-05T07:08:29Z,2026-08-05T09:08:29+0200,d671fb79-bd81-42f3-a5fe-a0a907bfe6ea,2026-07-27T18:00:00Z,2026-07-27T20:00:00+0200,3239.43945,MW,FR,FR,forecast_solar_generation,Solar,2026-08-05T07:10:17Z
2026-08-05T07:08:29Z,2026-08-05T09:08:29+0200,d671fb79-bd81-42f3-a5fe-a0a907bfe6ea,2026-07-27T18:15:00Z,2026-07-27T20:15:00+0200,2336.58301,MW,FR,FR,forecast_solar_generation,Solar,2026-08-05T07:10:17Z
2026-08-05T07:08:29Z,2026-08-05T09:08:29+0200,d671fb79-bd81-42f3-a5fe-a0a907bfe6ea,2026-07-27T18:30:00Z,2026-07-27T20:30:00+0200,1579.65051,MW,FR,FR,forecast_solar_generation,Solar,2026-08-05T07:10:17Z
2026-08-05T07:08:29Z,2026-08-05T09:08:29+0200,d671fb79-bd81-42f3-a5fe-a0a907bfe6ea,2026-07-27T18:45:00Z,2026-07-27T20:45:00+0200,1115.25024,MW,FR,FR,forecast_solar_generation,Solar,2026-08-05T07:10:17Z
2026-08-05T07:08:29Z,2026-08-05T09:08:29+0200,d671fb79-bd81-42f3-a5fe-a0a907bfe6ea,2026-07-27T19:00:00Z,2026-07-27T21:00:00+0200,689.00336,MW,FR,FR,forecast_solar_generation,Solar,2026-08-05T07:10:17Z
2026-08-05T07:08:29Z,2026-08-05T09:08:29+0200,d671fb79-bd81-42f3-a5fe-a0a907bfe6ea,2026-07-27T19:15:00Z,2026-07-27T21:15:00+0200,275.05542,MW,FR,FR,forecast_solar_generation,Solar,2026-08-05T07:10:17Z
2026-08-05T07:08:29Z,2026-08-05T09:08:29+0200,d671fb79-bd81-42f3-a5fe-a0a907bfe6ea,2026-07-27T19:30:00Z,2026-07-27T21:30:00+0200,42.01698,MW,FR,FR,forecast_solar_generation,Solar,2026-08-05T07:10:17Z
2026-08-05T07:08:29Z,2026-08-05T09:08:29+0200,d671fb79-bd81-42f3-a5fe-a0a907bfe6ea,2026-07-27T19:45:00Z,2026-07-27T21:45:00+0200,3.20367,MW,FR,FR,forecast_solar_generation,Solar,2026-08-05T07:10:17Z
2026-08-05T07:08:29Z,2026-08-05T09:08:29+0200,d671fb79-bd81-42f3-a5fe-a0a907bfe6ea,2026-07-27T20:00:00Z,2026-07-27T22:00:00+0200,0.0,MW,FR,FR,forecast_solar_generation,Solar,2026-08-05T07:10:17Z
2026-08-05T07:08:29Z,2026-08-05T09:08:29+0200,d671fb79-bd81-42f3-a5fe-a0a907bfe6ea,2026-07-27T20:15:00Z,2026-07-27T22:15:00+0200,0.0,MW,FR,FR,forecast_solar_generation,Solar,2026-08-05T07:10:17Z
2026-08-05T07:08:29Z,2026-08-05T09:08:29+0200,d671fb79-bd81-42f3-a5fe-a0a907bfe6ea,2026-07-27T20:30:00Z,2026-07-27T22:30:00+0200,0.0,MW,FR,FR,forecast_solar_generation,Solar,2026-08-05T07:10:17Z
2026-08-05T07:08:29Z,2026-08-05T09:08:29+0200,d671fb79-bd81-42f3-a5fe-a0a907bfe6ea,2026-07-27T20:45:00Z,2026-07-27T22:45:00+0200,0.0,MW,FR,FR,forecast_solar_generation,Solar,2026-08-05T07:10:17Z
2026-08-05T07:08:29Z,2026-08-05T09:08:29+0200,d671fb79-bd81-42f3-a5fe-a0a907bfe6ea,2026-07-27T21:00:00Z,2026-07-27T23:00:00+0200,0.0,MW,FR,FR,forecast_solar_generation,Solar,2026-08-05T07:10:17Z
2026-08-05T07:08:29Z,2026-08-05T09:08:29+0200,d671fb79-bd81-42f3-a5fe-a0a907bfe6ea,2026-07-27T21:15:00Z,2026-07-27T23:15:00+0200,0.0,MW,FR,FR,forecast_solar_generation,Solar,2026-08-05T07:10:17Z
2026-08-05T07:08:29Z,2026-08-05T09:08:29+0200,d671fb79-bd81-42f3-a5fe-a0a907bfe6ea,2026-07-27T21:30:00Z,2026-07-27T23:30:00+0200,0.0,MW,FR,FR,forecast_solar_generation,Solar,2026-08-05T07:10:17Z
2026-08-05T07:08:29Z,2026-08-05T09:08:29+0200,d671fb79-bd81-42f3-a5fe-a0a907bfe6ea,2026-07-27T21:45:00Z,2026-07-27T23:45:00+0200,0.0,MW,FR,FR,forecast_solar_generation,Solar,2026-08-05T07:10:17Z
2026-08-05T07:08:29Z,2026-08-05T09:08:29+0200,d671fb79-bd81-42f3-a5fe-a0a907bfe6ea,2026-07-27T22:00:00Z,2026-07-28T00:00:00+0200,0.0,MW,FR,FR,forecast_solar_generation,Solar,2026-08-05T07:10:17Z
2026-08-05T07:08:29Z,2026-08-05T09:08:29+0200,d671fb79-bd81-42f3-a5fe-a0a907bfe6ea,2026-07-27T22:15:00Z,2026-07-28T00:15:00+0200,0.0,MW,FR,FR,forecast_solar_generation,Solar,2026-08-05T07:10:17Z
2026-08-05T07:08:29Z,2026-08-05T09:08:29+0200,d671fb79-bd81-42f3-a5fe-a0a907bfe6ea,2026-07-27T22:30:00Z,2026-07-28T00:30:00+0200,0.0,MW,FR,FR,forecast_solar_generation,Solar,2026-08-05T07:10:17Z
2026-08-05T07:08:29Z,2026-08-05T09:08:29+0200,d671fb79-bd81-42f3-a5fe-a0a907bfe6ea,2026-07-27T22:45:00Z,2026-07-28T00:45:00+0200,0.0,MW,FR,FR,forecast_solar_generation,Solar,2026-08-05T07:10:17Z
2026-08-05T07:08:29Z,2026-08-05T09:08:29+0200,d671fb79-bd81-42f3-a5fe-a0a907bfe6ea,2026-07-27T23:00:00Z,2026-07-28T01:00:00+0200,0.0,MW,FR,FR,forecast_solar_generation,Solar,2026-08-05T07:10:17Z
2026-08-05T07:08:29Z,2026-08-05T09:08:29+0200,d671fb79-bd81-42f3-a5fe-a0a907bfe6ea,2026-07-27T23:15:00Z,2026-07-28T01:15:00+0200,0.0,MW,FR,FR,forecast_solar_generation,Solar,2026-08-05T07:10:17Z
2026-08-05T07:08:29Z,2026-08-05T09:08:29+0200,d671fb79-bd81-42f3-a5fe-a0a907bfe6ea,2026-07-27T23:30:00Z,2026-07-28T01:30:00+0200,0.0,MW,FR,FR,forecast_solar_generation,Solar,2026-08-05T07:10:17Z
2026-08-05T07:08:29Z,2026-08-05T09:08:29+0200,d671fb79-bd81-42f3-a5fe-a0a907bfe6ea,2026-07-27T23:45:00Z,2026-07-28T01:45:00+0200,0.0,MW,FR,FR,forecast_solar_generation,Solar,2026-08-05T07:10:17Z
2026-08-05T07:08:29Z,2026-08-05T09:08:29+0200,d671fb79-bd81-42f3-a5fe-a0a907bfe6ea,2026-07-28T00:00:00Z,2026-07-28T02:00:00+0200,0.0,MW,FR,FR,forecast_solar_generation,Solar,2026-08-05T07:10:17Z
2026-08-05T07:08:29Z,2026-08-05T09:08:29+0200,d671fb79-bd81-42f3-a5fe-a0a907bfe6ea,2026-07-28T00:15:00Z,2026-07-28T02:15:00+0200,0.0,MW,FR,FR,forecast_solar_generation,Solar,2026-08-05T07:10:17Z
2026-08-05T07:08:29Z,2026-08-05T09:08:29+0200,d671fb79-bd81-42f3-a5fe-a0a907bfe6ea,2026-07-28T00:30:00Z,2026-07-28T02:30:00+0200,0.0,MW,FR,FR,forecast_solar_generation,Solar,2026-08-05T07:10:17Z
2026-08-05T07:08:29Z,2026-08-05T09:08:29+0200,d671fb79-bd81-42f3-a5fe-a0a907bfe6ea,2026-07-28T00:45:00Z,2026-07-28T02:45:00+0200,0.0,MW,FR,FR,forecast_solar_generation,Solar,2026-08-05T07:10:17Z
2026-08-05T07:08:29Z,2026-08-05T09:08:29+0200,d671fb79-bd81-42f3-a5fe-a0a907bfe6ea,2026-07-28T01:00:00Z,2026-07-28T03:00:00+0200,0.0,MW,FR,FR,forecast_solar_generation,Solar,2026-08-05T07:10:17Z
2026-08-05T07:08:29Z,2026-08-05T09:08:29+0200,d671fb79-bd81-42f3-a5fe-a0a907bfe6ea,2026-07-28T01:15:00Z,2026-07-28T03:15:00+0200,0.0,MW,FR,FR,forecast_solar_generation,Solar,2026-08-05T07:10:17Z
2026-08-05T07:08:29Z,2026-08-05T09:08:29+0200,d671fb79-bd81-42f3-a5fe-a0a907bfe6ea,2026-07-28T01:30:00Z,2026-07-28T03:30:00+0200,0.0,MW,FR,FR,forecast_solar_generation,Solar,2026-08-05T07:10:17Z
2026-08-05T07:08:29Z,2026-08-05T09:08:29+0200,d671fb79-bd81-42f3-a5fe-a0a907bfe6ea,2026-07-28T01:45:00Z,2026-07-28T03:45:00+0200,0.0,MW,FR,FR,forecast_solar_generation,Solar,2026-08-05T07:10:17Z
2026-08-05T07:08:29Z,2026-08-05T09:08:29+0200,d671fb79-bd81-42f3-a5fe-a0a907bfe6ea,2026-07-28T02:00:00Z,2026-07-28T04:00:00+0200,0.0,MW,FR,FR,forecast_solar_generation,Solar,2026-08-05T07:10:17Z
2026-08-05T07:08:29Z,2026-08-05T09:08:29+0200,d671fb79-bd81-42f3-a5fe-a0a907bfe6ea,2026-07-28T02:15:00Z,2026-07-28T04:15:00+0200,0.0,MW,FR,FR,forecast_solar_generation,Solar,2026-08-05T07:10:17Z
2026-08-05T07:08:29Z,2026-08-05T09:08:29+0200,d671fb79-bd81-42f3-a5fe-a0a907bfe6ea,2026-07-28T02:30:00Z,2026-07-28T04:30:00+0200,0.0,MW,FR,FR,forecast_solar_generation,Solar,2026-08-05T07:10:17Z
2026-08-05T07:08:29Z,2026-08-05T09:08:29+0200,d671fb79-bd81-42f3-a5fe-a0a907bfe6ea,2026-07-28T02:45:00Z,2026-07-28T04:45:00+0200,0.0,MW,FR,FR,forecast_solar_generation,Solar,2026-08-05T07:10:17Z
2026-08-05T07:08:29Z,2026-08-05T09:08:29+0200,d671fb79-bd81-42f3-a5fe-a0a907bfe6ea,2026-07-28T03:00:00Z,2026-07-28T05:00:00+0200,0.0,MW,FR,FR,forecast_solar_generation,Solar,2026-08-05T07:10:17Z
2026-08-05T07:08:29Z,2026-08-05T09:08:29+0200,d671fb79-bd81-42f3-a5fe-a0a907bfe6ea,2026-07-28T03:15:00Z,2026-07-28T05:15:00+0200,0.0,MW,FR,FR,forecast_solar_generation,Solar,2026-08-05T07:10:17Z
2026-08-05T07:08:29Z,2026-08-05T09:08:29+0200,d671fb79-bd81-42f3-a5fe-a0a907bfe6ea,2026-07-28T03:30:00Z,2026-07-28T05:30:00+0200,0.0,MW,FR,FR,forecast_solar_generation,Solar,2026-08-05T07:10:17Z
2026-08-05T07:08:29Z,2026-08-05T09:08:29+0200,d671fb79-bd81-42f3-a5fe-a0a907bfe6ea,2026-07-28T03:45:00Z,2026-07-28T05:45:00+0200,0.0,MW,FR,FR,forecast_solar_generation,Solar,2026-08-05T07:10:17Z
2026-08-05T07:08:29Z,2026-08-05T09:08:29+0200,d671fb79-bd81-42f3-a5fe-a0a907bfe6ea,2026-07-28T04:00:00Z,2026-07-28T06:00:00+0200,3.06349,MW,FR,FR,forecast_solar_generation,Solar,2026-08-05T07:10:17Z
2026-08-05T07:08:29Z,2026-08-05T09:08:29+0200,d671fb79-bd81-42f3-a5fe-a0a907bfe6ea,2026-07-28T04:15:00Z,2026-07-28T06:15:00+0200,23.14548,MW,FR,FR,forecast_solar_generation,Solar,2026-08-05T07:10:17Z
2026-08-05T07:08:29Z,2026-08-05T09:08:29+0200,d671fb79-bd81-42f3-a5fe-a0a907bfe6ea,2026-07-28T04:30:00Z,2026-07-28T06:30:00+0200,83.23186,MW,FR,FR,forecast_solar_generation,Solar,2026-08-05T07:10:17Z
2026-08-05T07:08:29Z,2026-08-05T09:08:29+0200,d671fb79-bd81-42f3-a5fe-a0a907bfe6ea,2026-07-28T04:45:00Z,2026-07-28T06:45:00+0200,278.25131,MW,FR,FR,forecast_solar_generation,Solar,2026-08-05T07:10:17Z
2026-08-05T07:08:29Z,2026-08-05T09:08:29+0200,d671fb79-bd81-42f3-a5fe-a0a907bfe6ea,2026-07-28T05:00:00Z,2026-07-28T07:00:00+0200,581.15729,MW,FR,FR,forecast_solar_generation,Solar,2026-08-05T07:10:17Z
2026-08-05T07:08:29Z,2026-08-05T09:08:29+0200,d671fb79-bd81-42f3-a5fe-a0a907bfe6ea,2026-07-28T05:15:00Z,2026-07-28T07:15:00+0200,942.31415,MW,FR,FR,forecast_solar_generation,Solar,2026-08-05T07:10:17Z
2026-08-05T07:08:29Z,2026-08-05T09:08:29+0200,d671fb79-bd81-42f3-a5fe-a0a907bfe6ea,2026-07-28T05:30:00Z,2026-07-28T07:30:00+0200,1369.45398,MW,FR,FR,forecast_solar_generation,Solar,2026-08-05T07:10:17Z
2026-08-05T07:08:29Z,2026-08-05T09:08:29+0200,d671fb79-bd81-42f3-a5fe-a0a907bfe6ea,2026-07-28T05:45:00Z,2026-07-28T07:45:00+0200,2077.12817,MW,FR,FR,forecast_solar_generation,Solar,2026-08-05T07:10:17Z
2026-08-05T07:08:29Z,2026-08-05T09:08:29+0200,d671fb79-bd81-42f3-a5fe-a0a907bfe6ea,2026-07-28T06:00:00Z,2026-07-28T08:00:00+0200,2999.77954,MW,FR,FR,forecast_solar_generation,Solar,2026-08-05T07:10:17Z
2026-08-05T07:08:29Z,2026-08-05T09:08:29+0200,d671fb79-bd81-42f3-a5fe-a0a907bfe6ea,2026-07-28T06:15:00Z,2026-07-28T08:15:00+0200,4083.38672,MW,FR,FR,forecast_solar_generation,Solar,2026-08-05T07:10:17Z
2026-08-05T07:08:29Z,2026-08-05T09:08:29+0200,d671fb79-bd81-42f3-a5fe-a0a907bfe6ea,2026-07-28T06:30:00Z,2026-07-28T08:30:00+0200,5142.69824,MW,FR,FR,forecast_solar_generation,Solar,2026-08-05T07:10:17Z
2026-08-05T07:08:29Z,2026-08-05T09:08:29+0200,d671fb79-bd81-42f3-a5fe-a0a907bfe6ea,2026-07-28T06:45:00Z,2026-07-28T08:45:00+0200,6490.19775,MW,FR,FR,forecast_solar_generation,Solar,2026-08-05T07:10:17Z
2026-08-05T07:08:29Z,2026-08-05T09:08:29+0200,d671fb79-bd81-42f3-a5fe-a0a907bfe6ea,2026-07-28T07:00:00Z,2026-07-28T09:00:00+0200,7735.47754,MW,FR,FR,forecast_solar_generation,Solar,2026-08-05T07:10:17Z
2026-08-05T07:08:29Z,2026-08-05T09:08:29+0200,d671fb79-bd81-42f3-a5fe-a0a907bfe6ea,2026-07-28T07:15:00Z,2026-07-28T09:15:00+0200,9212.07227,MW,FR,FR,forecast_solar_generation,Solar,2026-08-05T07:10:17Z
2026-08-05T07:08:29Z,2026-08-05T09:08:29+0200,d671fb79-bd81-42f3-a5fe-a0a907bfe6ea,2026-07-28T07:30:00Z,2026-07-28T09:30:00+0200,10419.61328,MW,FR,FR,forecast_solar_generation,Solar,2026-08-05T07:10:17Z
2026-08-05T07:08:29Z,2026-08-05T09:08:29+0200,d671fb79-bd81-42f3-a5fe-a0a907bfe6ea,2026-07-28T07:45:00Z,2026-07-28T09:45:00+0200,11748.5459,MW,FR,FR,forecast_solar_generation,Solar,2026-08-05T07:10:17Z
2026-08-05T07:08:29Z,2026-08-05T09:08:29+0200,d671fb79-bd81-42f3-a5fe-a0a907bfe6ea,2026-07-28T08:00:00Z,2026-07-28T10:00:00+0200,12916.71191,MW,FR,FR,forecast_solar_generation,Solar,2026-08-05T07:10:17Z
2026-08-05T07:08:29Z,2026-08-05T09:08:29+0200,d671fb79-bd81-42f3-a5fe-a0a907bfe6ea,2026-07-28T08:15:00Z,2026-07-28T10:15:00+0200,14275.6709,MW,FR,FR,forecast_solar_generation,Solar,2026-08-05T07:10:17Z
2026-08-05T07:08:29Z,2026-08-05T09:08:29+0200,d671fb79-bd81-42f3-a5fe-a0a907bfe6ea,2026-07-28T08:30:00Z,2026-07-28T10:30:00+0200,11743.12305,MW,FR,FR,forecast_solar_generation,Solar,2026-08-05T07:10:17Z
2026-08-05T07:08:29Z,2026-08-05T09:08:29+0200,d671fb79-bd81-42f3-a5fe-a0a907bfe6ea,2026-07-28T08:45:00Z,2026-07-28T10:45:00+0200,12520.46387,MW,FR,FR,forecast_solar_generation,Solar,2026-08-05T07:10:17Z
2026-08-05T07:08:29Z,2026-08-05T09:08:29+0200,d671fb79-bd81-42f3-a5fe-a0a907bfe6ea,2026-07-28T09:00:00Z,2026-07-28T11:00:00+0200,13160.50977,MW,FR,FR,forecast_solar_generation,Solar,2026-08-05T07:10:17Z
2026-08-05T07:08:29Z,2026-08-05T09:08:29+0200,d671fb79-bd81-42f3-a5fe-a0a907bfe6ea,2026-07-28T09:15:00Z,2026-07-28T11:15:00+0200,13897.40918,MW,FR,FR,forecast_solar_generation,Solar,2026-08-05T07:10:17Z
2026-08-05T07:08:29Z,2026-08-05T09:08:29+0200,d671fb79-bd81-42f3-a5fe-a0a907bfe6ea,2026-07-28T09:30:00Z,2026-07-28T11:30:00+0200,14456.05664,MW,FR,FR,forecast_solar_generation,Solar,2026-08-05T07:10:17Z
2026-08-05T07:08:29Z,2026-08-05T09:08:29+0200,d671fb79-bd81-42f3-a5fe-a0a907bfe6ea,2026-07-28T09:45:00Z,2026-07-28T11:45:00+0200,14979.0918,MW,FR,FR,forecast_solar_generation,Solar,2026-08-05T07:10:17Z
2026-08-05T07:08:29Z,2026-08-05T09:08:29+0200,d671fb79-bd81-42f3-a5fe-a0a907bfe6ea,2026-07-28T10:00:00Z,2026-07-28T12:00:00+0200,15423.52344,MW,FR,FR,forecast_solar_generation,Solar,2026-08-05T07:10:17Z
2026-08-05T07:08:29Z,2026-08-05T09:08:29+0200,d671fb79-bd81-42f3-a5fe-a0a907bfe6ea,2026-07-28T10:15:00Z,2026-07-28T12:15:00+0200,20485.78516,MW,FR,FR,forecast_solar_generation,Solar,2026-08-05T07:10:17Z
2026-08-05T07:08:29Z,2026-08-05T09:08:29+0200,d671fb79-bd81-42f3-a5fe-a0a907bfe6ea,2026-07-28T10:30:00Z,2026-07-28T12:30:00+0200,20928.12305,MW,FR,FR,forecast_solar_generation,Solar,2026-08-05T07:10:17Z
2026-08-05T07:08:29Z,2026-08-05T09:08:29+0200,d671fb79-bd81-42f3-a5fe-a0a907bfe6ea,2026-07-28T10:45:00Z,2026-07-28T12:45:00+0200,16375.9541,MW,FR,FR,forecast_solar_generation,Solar,2026-08-05T07:10:17Z
2026-08-05T07:08:29Z,2026-08-05T09:08:29+0200,d671fb79-bd81-42f3-a5fe-a0a907bfe6ea,2026-07-28T11:00:00Z,2026-07-28T13:00:00+0200,16583.40625,MW,FR,FR,forecast_solar_generation,Solar,2026-08-05T07:10:17Z
2026-08-05T07:08:29Z,2026-08-05T09:08:29+0200,d671fb79-bd81-42f3-a5fe-a0a907bfe6ea,2026-07-28T11:15:00Z,2026-07-28T13:15:00+0200,16712.95312,MW,FR,FR,forecast_solar_generation,Solar,2026-08-05T07:10:17Z
2026-08-05T07:08:29Z,2026-08-05T09:08:29+0200,d671fb79-bd81-42f3-a5fe-a0a907bfe6ea,2026-07-28T11:30:00Z,2026-07-28T13:30:00+0200,16825.53906,MW,FR,FR,forecast_solar_generation,Solar,2026-08-05T07:10:17Z
2026-08-05T07:08:29Z,2026-08-05T09:08:29+0200,d671fb79-bd81-42f3-a5fe-a0a907bfe6ea,2026-07-28T11:45:00Z,2026-07-28T13:45:00+0200,16881.13477,MW,FR,FR,forecast_solar_generation,Solar,2026-08-05T07:10:17Z
2026-08-05T07:08:29Z,2026-08-05T09:08:29+0200,d671fb79-bd81-42f3-a5fe-a0a907bfe6ea,2026-07-28T12:00:00Z,2026-07-28T14:00:00+0200,16906.00781,MW,FR,FR,forecast_solar_generation,Solar,2026-08-05T07:10:17Z
2026-08-05T07:08:29Z,2026-08-05T09:08:29+0200,d671fb79-bd81-42f3-a5fe-a0a907bfe6ea,2026-07-28T12:15:00Z,2026-07-28T14:15:00+0200,16891.54883,MW,FR,FR,forecast_solar_generation,Solar,2026-08-05T07:10:17Z
2026-08-05T07:08:29Z,2026-08-05T09:08:29+0200,d671fb79-bd81-42f3-a5fe-a0a907bfe6ea,2026-07-28T12:30:00Z,2026-07-28T14:30:00+0200,21769.94141,MW,FR,FR,forecast_solar_generation,Solar,2026-08-05T07:10:17Z
2026-08-05T07:08:29Z,2026-08-05T09:08:29+0200,d671fb79-bd81-42f3-a5fe-a0a907bfe6ea,2026-07-28T12:45:00Z,2026-07-28T14:45:00+0200,21593.86914,MW,FR,FR,forecast_solar_generation,Solar,2026-08-05T07:10:17Z
2026-08-05T07:08:29Z,2026-08-05T09:08:29+0200,d671fb79-bd81-42f3-a5fe-a0a907bfe6ea,2026-07-28T13:00:00Z,2026-07-28T15:00:00+0200,21385.66211,MW,FR,FR,forecast_solar_generation,Solar,2026-08-05T07:10:17Z
2026-08-05T07:08:29Z,2026-08-05T09:08:29+0200,d671fb79-bd81-42f3-a5fe-a0a907bfe6ea,2026-07-28T13:15:00Z,2026-07-28T15:15:00+0200,21125.86719,MW,FR,FR,forecast_solar_generation,Solar,2026-08-05T07:10:17Z
2026-08-05T07:08:29Z,2026-08-05T09:08:29+0200,d671fb79-bd81-42f3-a5fe-a0a907bfe6ea,2026-07-28T13:30:00Z,2026-07-28T15:30:00+0200,20834.7793,MW,FR,FR,forecast_solar_generation,Solar,2026-08-05T07:10:17Z
2026-08-05T07:08:29Z,2026-08-05T09:08:29+0200,d671fb79-bd81-42f3-a5fe-a0a907bfe6ea,2026-07-28T13:45:00Z,2026-07-28T15:45:00+0200,20416.20117,MW,FR,FR,forecast_solar_generation,Solar,2026-08-05T07:10:17Z
2026-08-05T07:08:29Z,2026-08-05T09:08:29+0200,d671fb79-bd81-42f3-a5fe-a0a907bfe6ea,2026-07-28T14:00:00Z,2026-07-28T16:00:00+0200,19894.36914,MW,FR,FR,forecast_solar_generation,Solar,2026-08-05T07:10:17Z
2026-08-05T07:08:29Z,2026-08-05T09:08:29+0200,d671fb79-bd81-42f3-a5fe-a0a907bfe6ea,2026-07-28T14:15:00Z,2026-07-28T16:15:00+0200,19373.55273,MW,FR,FR,forecast_solar_generation,Solar,2026-08-05T07:10:17Z
2026-08-05T07:08:29Z,2026-08-05T09:08:29+0200,d671fb79-bd81-42f3-a5fe-a0a907bfe6ea,2026-07-28T14:30:00Z,2026-07-28T16:30:00+0200,18654.43555,MW,FR,FR,forecast_solar_generation,Solar,2026-08-05T07:10:17Z
2026-08-05T07:08:29Z,2026-08-05T09:08:29+0200,d671fb79-bd81-42f3-a5fe-a0a907bfe6ea,2026-07-28T14:45:00Z,2026-07-28T16:45:00+0200,17846.32422,MW,FR,FR,forecast_solar_generation,Solar,2026-08-05T07:10:17Z
2026-08-05T07:08:29Z,2026-08-05T09:08:29+0200,d671fb79-bd81-42f3-a5fe-a0a907bfe6ea,2026-07-28T15:00:00Z,2026-07-28T17:00:00+0200,17029.82031,MW,FR,FR,forecast_solar_generation,Solar,2026-08-05T07:10:17Z
2026-08-05T07:08:29Z,2026-08-05T09:08:29+0200,d671fb79-bd81-42f3-a5fe-a0a907bfe6ea,2026-07-28T15:15:00Z,2026-07-28T17:15:00+0200,16190.78711,MW,FR,FR,forecast_solar_generation,Solar,2026-08-05T07:10:17Z
2026-08-05T07:08:29Z,2026-08-05T09:08:29+0200,d671fb79-bd81-42f3-a5fe-a0a907bfe6ea,2026-07-28T15:30:00Z,2026-07-28T17:30:00+0200,15263.05566,MW,FR,FR,forecast_solar_generation,Solar,2026-08-05T07:10:17Z
2026-08-05T07:08:29Z,2026-08-05T09:08:29+0200,d671fb79-bd81-42f3-a5fe-a0a907bfe6ea,2026-07-28T15:45:00Z,2026-07-28T17:45:00+0200,14291.27539,MW,FR,FR,forecast_solar_generation,Solar,2026-08-05T07:10:17Z
2026-08-05T07:08:29Z,2026-08-05T09:08:29+0200,d671fb79-bd81-42f3-a5fe-a0a907bfe6ea,2026-07-28T16:00:00Z,2026-07-28T18:00:00+0200,13130.50488,MW,FR,FR,forecast_solar_generation,Solar,2026-08-05T07:10:17Z
2026-08-05T07:08:29Z,2026-08-05T09:08:29+0200,d671fb79-bd81-42f3-a5fe-a0a907bfe6ea,2026-07-28T16:15:00Z,2026-07-28T18:15:00+0200,11935.99805,MW,FR,FR,forecast_solar_generation,Solar,2026-08-05T07:10:17Z
2026-08-05T07:08:29Z,2026-08-05T09:08:29+0200,d671fb79-bd81-42f3-a5fe-a0a907bfe6ea,2026-07-28T16:30:00Z,2026-07-28T18:30:00+0200,10667.95898,MW,FR,FR,forecast_solar_generation,Solar,2026-08-05T07:10:17Z
2026-08-05T07:08:29Z,2026-08-05T09:08:29+0200,d671fb79-bd81-42f3-a5fe-a0a907bfe6ea,2026-07-28T16:45:00Z,2026-07-28T18:45:00+0200,9487.87891,MW,FR,FR,forecast_solar_generation,Solar,2026-08-05T07:10:17Z
2026-08-05T07:08:29Z,2026-08-05T09:08:29+0200,d671fb79-bd81-42f3-a5fe-a0a907bfe6ea,2026-07-28T17:00:00Z,2026-07-28T19:00:00+0200,8091.4165,MW,FR,FR,forecast_solar_generation,Solar,2026-08-05T07:10:17Z
2026-08-05T07:08:29Z,2026-08-05T09:08:29+0200,d671fb79-bd81-42f3-a5fe-a0a907bfe6ea,2026-07-28T17:15:00Z,2026-07-28T19:15:00+0200,6893.81543,MW,FR,FR,forecast_solar_generation,Solar,2026-08-05T07:10:17Z
2026-08-05T07:08:29Z,2026-08-05T09:08:29+0200,d671fb79-bd81-42f3-a5fe-a0a907bfe6ea,2026-07-28T17:30:00Z,2026-07-28T19:30:00+0200,5483.52344,MW,FR,FR,forecast_solar_generation,Solar,2026-08-05T07:10:17Z
2026-08-05T07:08:29Z,2026-08-05T09:08:29+0200,d671fb79-bd81-42f3-a5fe-a0a907bfe6ea,2026-07-28T17:45:00Z,2026-07-28T19:45:00+0200,4461.75879,MW,FR,FR,forecast_solar_generation,Solar,2026-08-05T07:10:17Z
2026-08-05T07:08:29Z,2026-08-05T09:08:29+0200,d671fb79-bd81-42f3-a5fe-a0a907bfe6ea,2026-07-28T18:00:00Z,2026-07-28T20:00:00+0200,3294.08813,MW,FR,FR,forecast_solar_generation,Solar,2026-08-05T07:10:17Z
2026-08-05T07:08:29Z,2026-08-05T09:08:29+0200,d671fb79-bd81-42f3-a5fe-a0a907bfe6ea,2026-07-28T18:15:00Z,2026-07-28T20:15:00+0200,2378.4917,MW,FR,FR,forecast_solar_generation,Solar,2026-08-05T07:10:17Z
2026-08-05T07:08:29Z,2026-08-05T09:08:29+0200,d671fb79-bd81-42f3-a5fe-a0a907bfe6ea,2026-07-28T18:30:00Z,2026-07-28T20:30:00+0200,1594.33508,MW,FR,FR,forecast_solar_generation,Solar,2026-08-05T07:10:17Z
2026-08-05T07:08:29Z,2026-08-05T09:08:29+0200,d671fb79-bd81-42f3-a5fe-a0a907bfe6ea,2026-07-28T18:45:00Z,2026-07-28T20:45:00+0200,1110.86938,MW,FR,FR,forecast_solar_generation,Solar,2026-08-05T07:10:17Z
2026-08-05T07:08:29Z,2026-08-05T09:08:29+0200,d671fb79-bd81-42f3-a5fe-a0a907bfe6ea,2026-07-28T19:00:00Z,2026-07-28T21:00:00+0200,669.21661,MW,FR,FR,forecast_solar_generation,Solar,2026-08-05T07:10:17Z
2026-08-05T07:08:29Z,2026-08-05T09:08:29+0200,d671fb79-bd81-42f3-a5fe-a0a907bfe6ea,2026-07-28T19:15:00Z,2026-07-28T21:15:00+0200,259.98413,MW,FR,FR,forecast_solar_generation,Solar,2026-08-05T07:10:17Z
2026-08-05T07:08:29Z,2026-08-05T09:08:29+0200,d671fb79-bd81-42f3-a5fe-a0a907bfe6ea,2026-07-28T19:30:00Z,2026-07-28T21:30:00+0200,35.12143,MW,FR,FR,forecast_solar_generation,Solar,2026-08-05T07:10:17Z
2026-08-05T07:08:29Z,2026-08-05T09:08:29+0200,d671fb79-bd81-42f3-a5fe-a0a907bfe6ea,2026-07-28T19:45:00Z,2026-07-28T21:45:00+0200,2.28153,MW,FR,FR,forecast_solar_generation,Solar,2026-08-05T07:10:17Z
2026-08-05T07:08:29Z,2026-08-05T09:08:29+0200,d671fb79-bd81-42f3-a5fe-a0a907bfe6ea,2026-07-28T20:00:00Z,2026-07-28T22:00:00+0200,0.0,MW,FR,FR,forecast_solar_generation,Solar,2026-08-05T07:10:17Z
2026-08-05T07:08:29Z,2026-08-05T09:08:29+0200,d671fb79-bd81-42f3-a5fe-a0a907bfe6ea,2026-07-28T20:15:00Z,2026-07-28T22:15:00+0200,0.0,MW,FR,FR,forecast_solar_generation,Solar,2026-08-05T07:10:17Z
2026-08-05T07:08:29Z,2026-08-05T09:08:29+0200,d671fb79-bd81-42f3-a5fe-a0a907bfe6ea,2026-07-28T20:30:00Z,2026-07-28T22:30:00+0200,0.0,MW,FR,FR,forecast_solar_generation,Solar,2026-08-05T07:10:17Z
2026-08-05T07:08:29Z,2026-08-05T09:08:29+0200,d671fb79-bd81-42f3-a5fe-a0a907bfe6ea,2026-07-28T20:45:00Z,2026-07-28T22:45:00+0200,0.0,MW,FR,FR,forecast_solar_generation,Solar,2026-08-05T07:10:17Z
2026-08-05T07:08:29Z,2026-08-05T09:08:29+0200,d671fb79-bd81-42f3-a5fe-a0a907bfe6ea,2026-07-28T21:00:00Z,2026-07-28T23:00:00+0200,0.0,MW,FR,FR,forecast_solar_generation,Solar,2026-08-05T07:10:17Z
2026-08-05T07:08:29Z,2026-08-05T09:08:29+0200,d671fb79-bd81-42f3-a5fe-a0a907bfe6ea,2026-07-28T21:15:00Z,2026-07-28T23:15:00+0200,0.0,MW,FR,FR,forecast_solar_generation,Solar,2026-08-05T07:10:17Z
2026-08-05T07:08:29Z,2026-08-05T09:08:29+0200,d671fb79-bd81-42f3-a5fe-a0a907bfe6ea,2026-07-28T21:30:00Z,2026-07-28T23:30:00+0200,0.0,MW,FR,FR,forecast_solar_generation,Solar,2026-08-05T07:10:17Z
2026-08-05T07:08:29Z,2026-08-05T09:08:29+0200,d671fb79-bd81-42f3-a5fe-a0a907bfe6ea,2026-07-28T21:45:00Z,2026-07-28T23:45:00+0200,0.0,MW,FR,FR,forecast_solar_generation,Solar,2026-08-05T07:10:17Z
2026-08-05T07:08:29Z,2026-08-05T09:08:29+0200,d671fb79-bd81-42f3-a5fe-a0a907bfe6ea,2026-07-28T22:00:00Z,2026-07-29T00:00:00+0200,0.0,MW,FR,FR,forecast_solar_generation,Solar,2026-08-05T07:10:17Z
2026-08-05T07:08:29Z,2026-08-05T09:08:29+0200,d671fb79-bd81-42f3-a5fe-a0a907bfe6ea,2026-07-28T22:15:00Z,2026-07-29T00:15:00+0200,0.0,MW,FR,FR,forecast_solar_generation,Solar,2026-08-05T07:10:17Z
2026-08-05T07:08:29Z,2026-08-05T09:08:29+0200,d671fb79-bd81-42f3-a5fe-a0a907bfe6ea,2026-07-28T22:30:00Z,2026-07-29T00:30:00+0200,0.0,MW,FR,FR,forecast_solar_generation,Solar,2026-08-05T07:10:17Z
2026-08-05T07:08:29Z,2026-08-05T09:08:29+0200,d671fb79-bd81-42f3-a5fe-a0a907bfe6ea,2026-07-28T22:45:00Z,2026-07-29T00:45:00+0200,0.0,MW,FR,FR,forecast_solar_generation,Solar,2026-08-05T07:10:17Z
2026-08-05T07:08:29Z,2026-08-05T09:08:29+0200,d671fb79-bd81-42f3-a5fe-a0a907bfe6ea,2026-07-28T23:00:00Z,2026-07-29T01:00:00+0200,0.0,MW,FR,FR,forecast_solar_generation,Solar,2026-08-05T07:10:17Z
2026-08-05T07:08:29Z,2026-08-05T09:08:29+0200,d671fb79-bd81-42f3-a5fe-a0a907bfe6ea,2026-07-28T23:15:00Z,2026-07-29T01:15:00+0200,0.0,MW,FR,FR,forecast_solar_generation,Solar,2026-08-05T07:10:17Z
2026-08-05T07:08:29Z,2026-08-05T09:08:29+0200,d671fb79-bd81-42f3-a5fe-a0a907bfe6ea,2026-07-28T23:30:00Z,2026-07-29T01:30:00+0200,0.0,MW,FR,FR,forecast_solar_generation,Solar,2026-08-05T07:10:17Z
2026-08-05T07:08:29Z,2026-08-05T09:08:29+0200,d671fb79-bd81-42f3-a5fe-a0a907bfe6ea,2026-07-28T23:45:00Z,2026-07-29T01:45:00+0200,0.0,MW,FR,FR,forecast_solar_generation,Solar,2026-08-05T07:10:17Z
2026-08-05T07:08:29Z,2026-08-05T09:08:29+0200,d671fb79-bd81-42f3-a5fe-a0a907bfe6ea,2026-07-29T00:00:00Z,2026-07-29T02:00:00+0200,0.0,MW,FR,FR,forecast_solar_generation,Solar,2026-08-05T07:10:17Z
2026-08-05T07:08:29Z,2026-08-05T09:08:29+0200,d671fb79-bd81-42f3-a5fe-a0a907bfe6ea,2026-07-29T00:15:00Z,2026-07-29T02:15:00+0200,0.0,MW,FR,FR,forecast_solar_generation,Solar,2026-08-05T07:10:17Z
2026-08-05T07:08:29Z,2026-08-05T09:08:29+0200,d671fb79-bd81-42f3-a5fe-a0a907bfe6ea,2026-07-29T00:30:00Z,2026-07-29T02:30:00+0200,0.0,MW,FR,FR,forecast_solar_generation,Solar,2026-08-05T07:10:17Z
2026-08-05T07:08:29Z,2026-08-05T09:08:29+0200,d671fb79-bd81-42f3-a5fe-a0a907bfe6ea,2026-07-29T00:45:00Z,2026-07-29T02:45:00+0200,0.0,MW,FR,FR,forecast_solar_generation,Solar,2026-08-05T07:10:17Z
2026-08-05T07:08:29Z,2026-08-05T09:08:29+0200,d671fb79-bd81-42f3-a5fe-a0a907bfe6ea,2026-07-29T01:00:00Z,2026-07-29T03:00:00+0200,0.0,MW,FR,FR,forecast_solar_generation,Solar,2026-08-05T07:10:17Z
2026-08-05T07:08:29Z,2026-08-05T09:08:29+0200,d671fb79-bd81-42f3-a5fe-a0a907bfe6ea,2026-07-29T01:15:00Z,2026-07-29T03:15:00+0200,0.0,MW,FR,FR,forecast_solar_generation,Solar,2026-08-05T07:10:17Z
2026-08-05T07:08:29Z,2026-08-05T09:08:29+0200,d671fb79-bd81-42f3-a5fe-a0a907bfe6ea,2026-07-29T01:30:00Z,2026-07-29T03:30:00+0200,0.0,MW,FR,FR,forecast_solar_generation,Solar,2026-08-05T07:10:17Z
2026-08-05T07:08:29Z,2026-08-05T09:08:29+0200,d671fb79-bd81-42f3-a5fe-a0a907bfe6ea,2026-07-29T01:45:00Z,2026-07-29T03:45:00+0200,0.0,MW,FR,FR,forecast_solar_generation,Solar,2026-08-05T07:10:17Z
2026-08-05T07:08:29Z,2026-08-05T09:08:29+0200,d671fb79-bd81-42f3-a5fe-a0a907bfe6ea,2026-07-29T02:00:00Z,2026-07-29T04:00:00+0200,0.0,MW,FR,FR,forecast_solar_generation,Solar,2026-08-05T07:10:17Z
2026-08-05T07:08:29Z,2026-08-05T09:08:29+0200,d671fb79-bd81-42f3-a5fe-a0a907bfe6ea,2026-07-29T02:15:00Z,2026-07-29T04:15:00+0200,0.0,MW,FR,FR,forecast_solar_generation,Solar,2026-08-05T07:10:17Z
2026-08-05T07:08:29Z,2026-08-05T09:08:29+0200,d671fb79-bd81-42f3-a5fe-a0a907bfe6ea,2026-07-29T02:30:00Z,2026-07-29T04:30:00+0200,0.0,MW,FR,FR,forecast_solar_generation,Solar,2026-08-05T07:10:17Z
2026-08-05T07:08:29Z,2026-08-05T09:08:29+0200,d671fb79-bd81-42f3-a5fe-a0a907bfe6ea,2026-07-29T02:45:00Z,2026-07-29T04:45:00+0200,0.0,MW,FR,FR,forecast_solar_generation,Solar,2026-08-05T07:10:17Z
2026-08-05T07:08:29Z,2026-08-05T09:08:29+0200,d671fb79-bd81-42f3-a5fe-a0a907bfe6ea,2026-07-29T03:00:00Z,2026-07-29T05:00:00+0200,0.0,MW,FR,FR,forecast_solar_generation,Solar,2026-08-05T07:10:17Z
2026-08-05T07:08:29Z,2026-08-05T09:08:29+0200,d671fb79-bd81-42f3-a5fe-a0a907bfe6ea,2026-07-29T03:15:00Z,2026-07-29T05:15:00+0200,0.0,MW,FR,FR,forecast_solar_generation,Solar,2026-08-05T07:10:17Z
2026-08-05T07:08:29Z,2026-08-05T09:08:29+0200,d671fb79-bd81-42f3-a5fe-a0a907bfe6ea,2026-07-29T03:30:00Z,2026-07-29T05:30:00+0200,0.0,MW,FR,FR,forecast_solar_generation,Solar,2026-08-05T07:10:17Z
2026-08-05T07:08:29Z,2026-08-05T09:08:29+0200,d671fb79-bd81-42f3-a5fe-a0a907bfe6ea,2026-07-29T03:45:00Z,2026-07-29T05:45:00+0200,0.0,MW,FR,FR,forecast_solar_generation,Solar,2026-08-05T07:10:17Z
2026-08-05T07:08:29Z,2026-08-05T09:08:29+0200,d671fb79-bd81-42f3-a5fe-a0a907bfe6ea,2026-07-29T04:00:00Z,2026-07-29T06:00:00+0200,2.18066,MW,FR,FR,forecast_solar_generation,Solar,2026-08-05T07:10:17Z
2026-08-05T07:08:29Z,2026-08-05T09:08:29+0200,d671fb79-bd81-42f3-a5fe-a0a907bfe6ea,2026-07-29T04:15:00Z,2026-07-29T06:15:00+0200,21.65064,MW,FR,FR,forecast_solar_generation,Solar,2026-08-05T07:10:17Z
2026-08-05T07:08:29Z,2026-08-05T09:08:29+0200,d671fb79-bd81-42f3-a5fe-a0a907bfe6ea,2026-07-29T04:30:00Z,2026-07-29T06:30:00+0200,77.44684,MW,FR,FR,forecast_solar_generation,Solar,2026-08-05T07:10:17Z
2026-08-05T07:08:29Z,2026-08-05T09:08:29+0200,d671fb79-bd81-42f3-a5fe-a0a907bfe6ea,2026-07-29T04:45:00Z,2026-07-29T06:45:00+0200,259.30994,MW,FR,FR,forecast_solar_generation,Solar,2026-08-05T07:10:17Z
2026-08-05T07:08:29Z,2026-08-05T09:08:29+0200,d671fb79-bd81-42f3-a5fe-a0a907bfe6ea,2026-07-29T05:00:00Z,2026-07-29T07:00:00+0200,555.87933,MW,FR,FR,forecast_solar_generation,Solar,2026-08-05T07:10:17Z
2026-08-05T07:08:29Z,2026-08-05T09:08:29+0200,d671fb79-bd81-42f3-a5fe-a0a907bfe6ea,2026-07-29T05:15:00Z,2026-07-29T07:15:00+0200,921.25671,MW,FR,FR,forecast_solar_generation,Solar,2026-08-05T07:10:17Z
2026-08-05T07:08:29Z,2026-08-05T09:08:29+0200,d671fb79-bd81-42f3-a5fe-a0a907bfe6ea,2026-07-29T05:30:00Z,2026-07-29T07:30:00+0200,1351.00073,MW,FR,FR,forecast_solar_generation,Solar,2026-08-05T07:10:17Z
2026-08-05T07:08:29Z,2026-08-05T09:08:29+0200,d671fb79-bd81-42f3-a5fe-a0a907bfe6ea,2026-07-29T05:45:00Z,2026-07-29T07:45:00+0200,2058.8042,MW,FR,FR,forecast_solar_generation,Solar,2026-08-05T07:10:17Z
2026-08-05T07:08:29Z,2026-08-05T09:08:29+0200,d671fb79-bd81-42f3-a5fe-a0a907bfe6ea,2026-07-29T06:00:00Z,2026-07-29T08:00:00+0200,2953.1084,MW,FR,FR,forecast_solar_generation,Solar,2026-08-05T07:10:17Z
2026-08-05T07:08:29Z,2026-08-05T09:08:29+0200,d671fb79-bd81-42f3-a5fe-a0a907bfe6ea,2026-07-29T06:15:00Z,2026-07-29T08:15:00+0200,4017.11182,MW,FR,FR,forecast_solar_generation,Solar,2026-08-05T07:10:17Z
2026-08-05T07:08:29Z,2026-08-05T09:08:29+0200,d671fb79-bd81-42f3-a5fe-a0a907bfe6ea,2026-07-29T06:30:00Z,2026-07-29T08:30:00+0200,5073.5332,MW,FR,FR,forecast_solar_generation,Solar,2026-08-05T07:10:17Z
2026-08-05T07:08:29Z,2026-08-05T09:08:29+0200,d671fb79-bd81-42f3-a5fe-a0a907bfe6ea,2026-07-29T06:45:00Z,2026-07-29T08:45:00+0200,6413.71826,MW,FR,FR,forecast_solar_generation,Solar,2026-08-05T07:10:17Z
2026-08-05T07:08:29Z,2026-08-05T09:08:29+0200,d671fb79-bd81-42f3-a5fe-a0a907bfe6ea,2026-07-29T07:00:00Z,2026-07-29T09:00:00+0200,7638.83643,MW,FR,FR,forecast_solar_generation,Solar,2026-08-05T07:10:17Z
2026-08-05T07:08:29Z,2026-08-05T09:08:29+0200,d671fb79-bd81-42f3-a5fe-a0a907bfe6ea,2026-07-29T07:15:00Z,2026-07-29T09:15:00+0200,9088.10645,MW,FR,FR,forecast_solar_generation,Solar,2026-08-05T07:10:17Z
2026-08-05T07:08:29Z,2026-08-05T09:08:29+0200,d671fb79-bd81-42f3-a5fe-a0a907bfe6ea,2026-07-29T07:30:00Z,2026-07-29T09:30:00+0200,10332.0166,MW,FR,FR,forecast_solar_generation,Solar,2026-08-05T07:10:17Z
2026-08-05T07:08:29Z,2026-08-05T09:08:29+0200,d671fb79-bd81-42f3-a5fe-a0a907bfe6ea,2026-07-29T07:45:00Z,2026-07-29T09:45:00+0200,11629.28027,MW,FR,FR,forecast_solar_generation,Solar,2026-08-05T07:10:17Z
2026-08-05T07:08:29Z,2026-08-05T09:08:29+0200,d671fb79-bd81-42f3-a5fe-a0a907bfe6ea,2026-07-29T08:00:00Z,2026-07-29T10:00:00+0200,12820.625,MW,FR,FR,forecast_solar_generation,Solar,2026-08-05T07:10:17Z
2026-08-05T07:08:29Z,2026-08-05T09:08:29+0200,d671fb79-bd81-42f3-a5fe-a0a907bfe6ea,2026-07-29T08:15:00Z,2026-07-29T10:15:00+0200,14146.90918,MW,FR,FR,forecast_solar_generation,Solar,2026-08-05T07:10:17Z
2026-08-05T07:08:29Z,2026-08-05T09:08:29+0200,d671fb79-bd81-42f3-a5fe-a0a907bfe6ea,2026-07-29T08:30:00Z,2026-07-29T10:30:00+0200,15170.7666,MW,FR,FR,forecast_solar_generation,Solar,2026-08-05T07:10:17Z
2026-08-05T07:08:29Z,2026-08-05T09:08:29+0200,d671fb79-bd81-42f3-a5fe-a0a907bfe6ea,2026-07-29T08:45:00Z,2026-07-29T10:45:00+0200,16150.82129,MW,FR,FR,forecast_solar_generation,Solar,2026-08-05T07:10:17Z
2026-08-05T07:08:29Z,2026-08-05T09:08:29+0200,d671fb79-bd81-42f3-a5fe-a0a907bfe6ea,2026-07-29T09:00:00Z,2026-07-29T11:00:00+0200,16971.19531,MW,FR,FR,forecast_solar_generation,Solar,2026-08-05T07:10:17Z
2026-08-05T07:08:29Z,2026-08-05T09:08:29+0200,d671fb79-bd81-42f3-a5fe-a0a907bfe6ea,2026-07-29T09:15:00Z,2026-07-29T11:15:00+0200,17874.39844,MW,FR,FR,forecast_solar_generation,Solar,2026-08-05T07:10:17Z
2026-08-05T07:08:29Z,2026-08-05T09:08:29+0200,d671fb79-bd81-42f3-a5fe-a0a907bfe6ea,2026-07-29T09:30:00Z,2026-07-29T11:30:00+0200,18574.95117,MW,FR,FR,forecast_solar_generation,Solar,2026-08-05T07:10:17Z
2026-08-05T07:08:29Z,2026-08-05T09:08:29+0200,d671fb79-bd81-42f3-a5fe-a0a907bfe6ea,2026-07-29T09:45:00Z,2026-07-29T11:45:00+0200,19230.0332,MW,FR,FR,forecast_solar_generation,Solar,2026-08-05T07:10:17Z
2026-08-05T07:08:29Z,2026-08-05T09:08:29+0200,d671fb79-bd81-42f3-a5fe-a0a907bfe6ea,2026-07-29T10:00:00Z,2026-07-29T12:00:00+0200,19766.1543,MW,FR,FR,forecast_solar_generation,Solar,2026-08-05T07:10:17Z
2026-08-05T07:08:29Z,2026-08-05T09:08:29+0200,d671fb79-bd81-42f3-a5fe-a0a907bfe6ea,2026-07-29T10:15:00Z,2026-07-29T12:15:00+0200,20246.92969,MW,FR,FR,forecast_solar_generation,Solar,2026-08-05T07:10:17Z
2026-08-05T07:08:29Z,2026-08-05T09:08:29+0200,d671fb79-bd81-42f3-a5fe-a0a907bfe6ea,2026-07-29T10:30:00Z,2026-07-29T12:30:00+0200,20679.63281,MW,FR,FR,forecast_solar_generation,Solar,2026-08-05T07:10:17Z
2026-08-05T07:08:29Z,2026-08-05T09:08:29+0200,d671fb79-bd81-42f3-a5fe-a0a907bfe6ea,2026-07-29T10:45:00Z,2026-07-29T12:45:00+0200,20966.72461,MW,FR,FR,forecast_solar_generation,Solar,2026-08-05T07:10:17Z
2026-08-05T07:08:29Z,2026-08-05T09:08:29+0200,d671fb79-bd81-42f3-a5fe-a0a907bfe6ea,2026-07-29T11:00:00Z,2026-07-29T13:00:00+0200,21264.33984,MW,FR,FR,forecast_solar_generation,Solar,2026-08-05T07:10:17Z
2026-08-05T07:08:29Z,2026-08-05T09:08:29+0200,d671fb79-bd81-42f3-a5fe-a0a907bfe6ea,2026-07-29T11:15:00Z,2026-07-29T13:15:00+0200,21452.38477,MW,FR,FR,forecast_solar_generation,Solar,2026-08-05T07:10:17Z
2026-08-05T07:08:29Z,2026-08-05T09:08:29+0200,d671fb79-bd81-42f3-a5fe-a0a907bfe6ea,2026-07-29T11:30:00Z,2026-07-29T13:30:00+0200,21614.9375,MW,FR,FR,forecast_solar_generation,Solar,2026-08-05T07:10:17Z
2026-08-05T07:08:29Z,2026-08-05T09:08:29+0200,d671fb79-bd81-42f3-a5fe-a0a907bfe6ea,2026-07-29T11:45:00Z,2026-07-29T13:45:00+0200,21679.09961,MW,FR,FR,forecast_solar_generation,Solar,2026-08-05T07:10:17Z
2026-08-05T07:08:29Z,2026-08-05T09:08:29+0200,d671fb79-bd81-42f3-a5fe-a0a907bfe6ea,2026-07-29T12:00:00Z,2026-07-29T14:00:00+0200,21706.1875,MW,FR,FR,forecast_solar_generation,Solar,2026-08-05T07:10:17Z
2026-08-05T07:08:29Z,2026-08-05T09:08:29+0200,d671fb79-bd81-42f3-a5fe-a0a907bfe6ea,2026-07-29T12:15:00Z,2026-07-29T14:15:00+0200,21682.81055,MW,FR,FR,forecast_solar_generation,Solar,2026-08-05T07:10:17Z
2026-08-05T07:08:29Z,2026-08-05T09:08:29+0200,d671fb79-bd81-42f3-a5fe-a0a907bfe6ea,2026-07-29T12:30:00Z,2026-07-29T14:30:00+0200,21623.14844,MW,FR,FR,forecast_solar_generation,Solar,2026-08-05T07:10:17Z
2026-08-05T07:08:29Z,2026-08-05T09:08:29+0200,d671fb79-bd81-42f3-a5fe-a0a907bfe6ea,2026-07-29T12:45:00Z,2026-07-29T14:45:00+0200,21452.00586,MW,FR,FR,forecast_solar_generation,Solar,2026-08-05T07:10:17Z
2026-08-05T07:08:29Z,2026-08-05T09:08:29+0200,d671fb79-bd81-42f3-a5fe-a0a907bfe6ea,2026-07-29T13:00:00Z,2026-07-29T15:00:00+0200,21230.22852,MW,FR,FR,forecast_solar_generation,Solar,2026-08-05T07:10:17Z
2026-08-05T07:08:29Z,2026-08-05T09:08:29+0200,d671fb79-bd81-42f3-a5fe-a0a907bfe6ea,2026-07-29T13:15:00Z,2026-07-29T15:15:00+0200,20915.85156,MW,FR,FR,forecast_solar_generation,Solar,2026-08-05T07:10:17Z
2026-08-05T07:08:29Z,2026-08-05T09:08:29+0200,d671fb79-bd81-42f3-a5fe-a0a907bfe6ea,2026-07-29T13:30:00Z,2026-07-29T15:30:00+0200,20579.89453,MW,FR,FR,forecast_solar_generation,Solar,2026-08-05T07:10:17Z
2026-08-05T07:08:29Z,2026-08-05T09:08:29+0200,d671fb79-bd81-42f3-a5fe-a0a907bfe6ea,2026-07-29T13:45:00Z,2026-07-29T15:45:00+0200,20140.37305,MW,FR,FR,forecast_solar_generation,Solar,2026-08-05T07:10:17Z
2026-08-05T07:08:29Z,2026-08-05T09:08:29+0200,d671fb79-bd81-42f3-a5fe-a0a907bfe6ea,2026-07-29T14:00:00Z,2026-07-29T16:00:00+0200,19639.875,MW,FR,FR,forecast_solar_generation,Solar,2026-08-05T07:10:17Z
2026-08-05T07:08:29Z,2026-08-05T09:08:29+0200,d671fb79-bd81-42f3-a5fe-a0a907bfe6ea,2026-07-29T14:15:00Z,2026-07-29T16:15:00+0200,19099.96875,MW,FR,FR,forecast_solar_generation,Solar,2026-08-05T07:10:17Z
2026-08-05T07:08:29Z,2026-08-05T09:08:29+0200,d671fb79-bd81-42f3-a5fe-a0a907bfe6ea,2026-07-29T14:30:00Z,2026-07-29T16:30:00+0200,18362.20312,MW,FR,FR,forecast_solar_generation,Solar,2026-08-05T07:10:17Z
2026-08-05T07:08:29Z,2026-08-05T09:08:29+0200,d671fb79-bd81-42f3-a5fe-a0a907bfe6ea,2026-07-29T14:45:00Z,2026-07-29T16:45:00+0200,17582.73242,MW,FR,FR,forecast_solar_generation,Solar,2026-08-05T07:10:17Z
2026-08-05T07:08:29Z,2026-08-05T09:08:29+0200,d671fb79-bd81-42f3-a5fe-a0a907bfe6ea,2026-07-29T15:00:00Z,2026-07-29T17:00:00+0200,16776.72266,MW,FR,FR,forecast_solar_generation,Solar,2026-08-05T07:10:17Z
2026-08-05T07:08:29Z,2026-08-05T09:08:29+0200,d671fb79-bd81-42f3-a5fe-a0a907bfe6ea,2026-07-29T15:15:00Z,2026-07-29T17:15:00+0200,15925.56934,MW,FR,FR,forecast_solar_generation,Solar,2026-08-05T07:10:17Z
2026-08-05T07:08:29Z,2026-08-05T09:08:29+0200,d671fb79-bd81-42f3-a5fe-a0a907bfe6ea,2026-07-29T15:30:00Z,2026-07-29T17:30:00+0200,14994.90332,MW,FR,FR,forecast_solar_generation,Solar,2026-08-05T07:10:17Z
2026-08-05T07:08:29Z,2026-08-05T09:08:29+0200,d671fb79-bd81-42f3-a5fe-a0a907bfe6ea,2026-07-29T15:45:00Z,2026-07-29T17:45:00+0200,14044.54297,MW,FR,FR,forecast_solar_generation,Solar,2026-08-05T07:10:17Z
2026-08-05T07:08:29Z,2026-08-05T09:08:29+0200,d671fb79-bd81-42f3-a5fe-a0a907bfe6ea,2026-07-29T16:00:00Z,2026-07-29T18:00:00+0200,12876.46582,MW,FR,FR,forecast_solar_generation,Solar,2026-08-05T07:10:17Z
2026-08-05T07:08:29Z,2026-08-05T09:08:29+0200,d671fb79-bd81-42f3-a5fe-a0a907bfe6ea,2026-07-29T16:15:00Z,2026-07-29T18:15:00+0200,11719.99121,MW,FR,FR,forecast_solar_generation,Solar,2026-08-05T07:10:17Z
2026-08-05T07:08:29Z,2026-08-05T09:08:29+0200,d671fb79-bd81-42f3-a5fe-a0a907bfe6ea,2026-07-29T16:30:00Z,2026-07-29T18:30:00+0200,10451.14941,MW,FR,FR,forecast_solar_generation,Solar,2026-08-05T07:10:17Z
2026-08-05T07:08:29Z,2026-08-05T09:08:29+0200,d671fb79-bd81-42f3-a5fe-a0a907bfe6ea,2026-07-29T16:45:00Z,2026-07-29T18:45:00+0200,9296.61914,MW,FR,FR,forecast_solar_generation,Solar,2026-08-05T07:10:17Z
2026-08-05T07:08:29Z,2026-08-05T09:08:29+0200,d671fb79-bd81-42f3-a5fe-a0a907bfe6ea,2026-07-29T17:00:00Z,2026-07-29T19:00:00+0200,7885.81641,MW,FR,FR,forecast_solar_generation,Solar,2026-08-05T07:10:17Z
2026-08-05T07:08:29Z,2026-08-05T09:08:29+0200,d671fb79-bd81-42f3-a5fe-a0a907bfe6ea,2026-07-29T17:15:00Z,2026-07-29T19:15:00+0200,6729.54492,MW,FR,FR,forecast_solar_generation,Solar,2026-08-05T07:10:17Z
2026-08-05T07:08:29Z,2026-08-05T09:08:29+0200,d671fb79-bd81-42f3-a5fe-a0a907bfe6ea,2026-07-29T17:30:00Z,2026-07-29T19:30:00+0200,5329.53516,MW,FR,FR,forecast_solar_generation,Solar,2026-08-05T07:10:17Z
2026-08-05T07:08:29Z,2026-08-05T09:08:29+0200,d671fb79-bd81-42f3-a5fe-a0a907bfe6ea,2026-07-29T17:45:00Z,2026-07-29T19:45:00+0200,4328.26514,MW,FR,FR,forecast_solar_generation,Solar,2026-08-05T07:10:17Z
2026-08-05T07:08:29Z,2026-08-05T09:08:29+0200,d671fb79-bd81-42f3-a5fe-a0a907bfe6ea,2026-07-29T18:00:00Z,2026-07-29T20:00:00+0200,3168.6687,MW,FR,FR,forecast_solar_generation,Solar,2026-08-05T07:10:17Z
2026-08-05T07:08:29Z,2026-08-05T09:08:29+0200,d671fb79-bd81-42f3-a5fe-a0a907bfe6ea,2026-07-29T18:15:00Z,2026-07-29T20:15:00+0200,2287.71045,MW,FR,FR,forecast_solar_generation,Solar,2026-08-05T07:10:17Z
2026-08-05T07:08:29Z,2026-08-05T09:08:29+0200,d671fb79-bd81-42f3-a5fe-a0a907bfe6ea,2026-07-29T18:30:00Z,2026-07-29T20:30:00+0200,1514.86548,MW,FR,FR,forecast_solar_generation,Solar,2026-08-05T07:10:17Z
2026-08-05T07:08:29Z,2026-08-05T09:08:29+0200,d671fb79-bd81-42f3-a5fe-a0a907bfe6ea,2026-07-29T18:45:00Z,2026-07-29T20:45:00+0200,1045.99036,MW,FR,FR,forecast_solar_generation,Solar,2026-08-05T07:10:17Z
2026-08-05T07:08:29Z,2026-08-05T09:08:29+0200,d671fb79-bd81-42f3-a5fe-a0a907bfe6ea,2026-07-29T19:00:00Z,2026-07-29T21:00:00+0200,612.38153,MW,FR,FR,forecast_solar_generation,Solar,2026-08-05T07:10:17Z
2026-08-05T07:08:29Z,2026-08-05T09:08:29+0200,d671fb79-bd81-42f3-a5fe-a0a907bfe6ea,2026-07-29T19:15:00Z,2026-07-29T21:15:00+0200,223.12421,MW,FR,FR,forecast_solar_generation,Solar,2026-08-05T07:10:17Z
2026-08-05T07:08:29Z,2026-08-05T09:08:29+0200,d671fb79-bd81-42f3-a5fe-a0a907bfe6ea,2026-07-29T19:30:00Z,2026-07-29T21:30:00+0200,28.10311,MW,FR,FR,forecast_solar_generation,Solar,2026-08-05T07:10:17Z
2026-08-05T07:08:29Z,2026-08-05T09:08:29+0200,d671fb79-bd81-42f3-a5fe-a0a907bfe6ea,2026-07-29T19:45:00Z,2026-07-29T21:45:00+0200,1.06638,MW,FR,FR,forecast_solar_generation,Solar,2026-08-05T07:10:17Z
2026-08-05T07:08:29Z,2026-08-05T09:08:29+0200,d671fb79-bd81-42f3-a5fe-a0a907bfe6ea,2026-07-29T20:00:00Z,2026-07-29T22:00:00+0200,0.0,MW,FR,FR,forecast_solar_generation,Solar,2026-08-05T07:10:17Z
2026-08-05T07:08:29Z,2026-08-05T09:08:29+0200,d671fb79-bd81-42f3-a5fe-a0a907bfe6ea,2026-07-29T20:15:00Z,2026-07-29T22:15:00+0200,0.0,MW,FR,FR,forecast_solar_generation,Solar,2026-08-05T07:10:17Z
2026-08-05T07:08:29Z,2026-08-05T09:08:29+0200,d671fb79-bd81-42f3-a5fe-a0a907bfe6ea,2026-07-29T20:30:00Z,2026-07-29T22:30:00+0200,0.0,MW,FR,FR,forecast_solar_generation,Solar,2026-08-05T07:10:17Z
2026-08-05T07:08:29Z,2026-08-05T09:08:29+0200,d671fb79-bd81-42f3-a5fe-a0a907bfe6ea,2026-07-29T20:45:00Z,2026-07-29T22:45:00+0200,0.0,MW,FR,FR,forecast_solar_generation,Solar,2026-08-05T07:10:17Z
2026-08-05T07:08:29Z,2026-08-05T09:08:29+0200,d671fb79-bd81-42f3-a5fe-a0a907bfe6ea,2026-07-29T21:00:00Z,2026-07-29T23:00:00+0200,0.0,MW,FR,FR,forecast_solar_generation,Solar,2026-08-05T07:10:17Z
2026-08-05T07:08:29Z,2026-08-05T09:08:29+0200,d671fb79-bd81-42f3-a5fe-a0a907bfe6ea,2026-07-29T21:15:00Z,2026-07-29T23:15:00+0200,0.0,MW,FR,FR,forecast_solar_generation,Solar,2026-08-05T07:10:17Z
2026-08-05T07:08:29Z,2026-08-05T09:08:29+0200,d671fb79-bd81-42f3-a5fe-a0a907bfe6ea,2026-07-29T21:30:00Z,2026-07-29T23:30:00+0200,0.0,MW,FR,FR,forecast_solar_generation,Solar,2026-08-05T07:10:17Z
2026-08-05T07:08:29Z,2026-08-05T09:08:29+0200,d671fb79-bd81-42f3-a5fe-a0a907bfe6ea,2026-07-29T21:45:00Z,2026-07-29T23:45:00+0200,0.0,MW,FR,FR,forecast_solar_generation,Solar,2026-08-05T07:10:17Z
2026-08-05T07:08:29Z,2026-08-05T09:08:29+0200,d671fb79-bd81-42f3-a5fe-a0a907bfe6ea,2026-07-29T22:00:00Z,2026-07-30T00:00:00+0200,0.0,MW,FR,FR,forecast_solar_generation,Solar,2026-08-05T07:10:17Z
2026-08-05T07:08:29Z,2026-08-05T09:08:29+0200,d671fb79-bd81-42f3-a5fe-a0a907bfe6ea,2026-07-29T22:15:00Z,2026-07-30T00:15:00+0200,0.0,MW,FR,FR,forecast_solar_generation,Solar,2026-08-05T07:10:17Z
2026-08-05T07:08:29Z,2026-08-05T09:08:29+0200,d671fb79-bd81-42f3-a5fe-a0a907bfe6ea,2026-07-29T22:30:00Z,2026-07-30T00:30:00+0200,0.0,MW,FR,FR,forecast_solar_generation,Solar,2026-08-05T07:10:17Z
2026-08-05T07:08:29Z,2026-08-05T09:08:29+0200,d671fb79-bd81-42f3-a5fe-a0a907bfe6ea,2026-07-29T22:45:00Z,2026-07-30T00:45:00+0200,0.0,MW,FR,FR,forecast_solar_generation,Solar,2026-08-05T07:10:17Z
2026-08-05T07:08:29Z,2026-08-05T09:08:29+0200,d671fb79-bd81-42f3-a5fe-a0a907bfe6ea,2026-07-29T23:00:00Z,2026-07-30T01:00:00+0200,0.0,MW,FR,FR,forecast_solar_generation,Solar,2026-08-05T07:10:17Z
2026-08-05T07:08:29Z,2026-08-05T09:08:29+0200,d671fb79-bd81-42f3-a5fe-a0a907bfe6ea,2026-07-29T23:15:00Z,2026-07-30T01:15:00+0200,0.0,MW,FR,FR,forecast_solar_generation,Solar,2026-08-05T07:10:17Z
2026-08-05T07:08:29Z,2026-08-05T09:08:29+0200,d671fb79-bd81-42f3-a5fe-a0a907bfe6ea,2026-07-29T23:30:00Z,2026-07-30T01:30:00+0200,0.0,MW,FR,FR,forecast_solar_generation,Solar,2026-08-05T07:10:17Z
2026-08-05T07:08:29Z,2026-08-05T09:08:29+0200,d671fb79-bd81-42f3-a5fe-a0a907bfe6ea,2026-07-29T23:45:00Z,2026-07-30T01:45:00+0200,0.0,MW,FR,FR,forecast_solar_generation,Solar,2026-08-05T07:10:17Z
2026-08-05T07:08:29Z,2026-08-05T09:08:29+0200,d671fb79-bd81-42f3-a5fe-a0a907bfe6ea,2026-07-30T00:00:00Z,2026-07-30T02:00:00+0200,0.0,MW,FR,FR,forecast_solar_generation,Solar,2026-08-05T07:10:17Z
2026-08-05T07:08:29Z,2026-08-05T09:08:29+0200,d671fb79-bd81-42f3-a5fe-a0a907bfe6ea,2026-07-30T00:15:00Z,2026-07-30T02:15:00+0200,0.0,MW,FR,FR,forecast_solar_generation,Solar,2026-08-05T07:10:17Z
2026-08-05T07:08:29Z,2026-08-05T09:08:29+0200,d671fb79-bd81-42f3-a5fe-a0a907bfe6ea,2026-07-30T00:30:00Z,2026-07-30T02:30:00+0200,0.0,MW,FR,FR,forecast_solar_generation,Solar,2026-08-05T07:10:17Z
2026-08-05T07:08:29Z,2026-08-05T09:08:29+0200,d671fb79-bd81-42f3-a5fe-a0a907bfe6ea,2026-07-30T00:45:00Z,2026-07-30T02:45:00+0200,0.0,MW,FR,FR,forecast_solar_generation,Solar,2026-08-05T07:10:17Z
2026-08-05T07:08:29Z,2026-08-05T09:08:29+0200,d671fb79-bd81-42f3-a5fe-a0a907bfe6ea,2026-07-30T01:00:00Z,2026-07-30T03:00:00+0200,0.0,MW,FR,FR,forecast_solar_generation,Solar,2026-08-05T07:10:17Z
2026-08-05T07:08:29Z,2026-08-05T09:08:29+0200,d671fb79-bd81-42f3-a5fe-a0a907bfe6ea,2026-07-30T01:15:00Z,2026-07-30T03:15:00+0200,0.0,MW,FR,FR,forecast_solar_generation,Solar,2026-08-05T07:10:17Z
2026-08-05T07:08:29Z,2026-08-05T09:08:29+0200,d671fb79-bd81-42f3-a5fe-a0a907bfe6ea,2026-07-30T01:30:00Z,2026-07-30T03:30:00+0200,0.0,MW,FR,FR,forecast_solar_generation,Solar,2026-08-05T07:10:17Z
2026-08-05T07:08:29Z,2026-08-05T09:08:29+0200,d671fb79-bd81-42f3-a5fe-a0a907bfe6ea,2026-07-30T01:45:00Z,2026-07-30T03:45:00+0200,0.0,MW,FR,FR,forecast_solar_generation,Solar,2026-08-05T07:10:17Z
2026-08-05T07:08:29Z,2026-08-05T09:08:29+0200,d671fb79-bd81-42f3-a5fe-a0a907bfe6ea,2026-07-30T02:00:00Z,2026-07-30T04:00:00+0200,0.0,MW,FR,FR,forecast_solar_generation,Solar,2026-08-05T07:10:17Z
2026-08-05T07:08:29Z,2026-08-05T09:08:29+0200,d671fb79-bd81-42f3-a5fe-a0a907bfe6ea,2026-07-30T02:15:00Z,2026-07-30T04:15:00+0200,0.0,MW,FR,FR,forecast_solar_generation,Solar,2026-08-05T07:10:17Z
2026-08-05T07:08:29Z,2026-08-05T09:08:29+0200,d671fb79-bd81-42f3-a5fe-a0a907bfe6ea,2026-07-30T02:30:00Z,2026-07-30T04:30:00+0200,0.0,MW,FR,FR,forecast_solar_generation,Solar,2026-08-05T07:10:17Z
2026-08-05T07:08:29Z,2026-08-05T09:08:29+0200,d671fb79-bd81-42f3-a5fe-a0a907bfe6ea,2026-07-30T02:45:00Z,2026-07-30T04:45:00+0200,0.0,MW,FR,FR,forecast_solar_generation,Solar,2026-08-05T07:10:17Z
2026-08-05T07:08:29Z,2026-08-05T09:08:29+0200,d671fb79-bd81-42f3-a5fe-a0a907bfe6ea,2026-07-30T03:00:00Z,2026-07-30T05:00:00+0200,0.0,MW,FR,FR,forecast_solar_generation,Solar,2026-08-05T07:10:17Z
2026-08-05T07:08:29Z,2026-08-05T09:08:29+0200,d671fb79-bd81-42f3-a5fe-a0a907bfe6ea,2026-07-30T03:15:00Z,2026-07-30T05:15:00+0200,0.0,MW,FR,FR,forecast_solar_generation,Solar,2026-08-05T07:10:17Z
2026-08-05T07:08:29Z,2026-08-05T09:08:29+0200,d671fb79-bd81-42f3-a5fe-a0a907bfe6ea,2026-07-30T03:30:00Z,2026-07-30T05:30:00+0200,0.0,MW,FR,FR,forecast_solar_generation,Solar,2026-08-05T07:10:17Z
2026-08-05T07:08:29Z,2026-08-05T09:08:29+0200,d671fb79-bd81-42f3-a5fe-a0a907bfe6ea,2026-07-30T03:45:00Z,2026-07-30T05:45:00+0200,0.0,MW,FR,FR,forecast_solar_generation,Solar,2026-08-05T07:10:17Z
2026-08-05T07:08:29Z,2026-08-05T09:08:29+0200,d671fb79-bd81-42f3-a5fe-a0a907bfe6ea,2026-07-30T04:00:00Z,2026-07-30T06:00:00+0200,0.66821,MW,FR,FR,forecast_solar_generation,Solar,2026-08-05T07:10:17Z
2026-08-05T07:08:29Z,2026-08-05T09:08:29+0200,d671fb79-bd81-42f3-a5fe-a0a907bfe6ea,2026-07-30T04:15:00Z,2026-07-30T06:15:00+0200,20.10327,MW,FR,FR,forecast_solar_generation,Solar,2026-08-05T07:10:17Z
2026-08-05T07:08:29Z,2026-08-05T09:08:29+0200,d671fb79-bd81-42f3-a5fe-a0a907bfe6ea,2026-07-30T04:30:00Z,2026-07-30T06:30:00+0200,83.71104,MW,FR,FR,forecast_solar_generation,Solar,2026-08-05T07:10:17Z
2026-08-05T07:08:29Z,2026-08-05T09:08:29+0200,d671fb79-bd81-42f3-a5fe-a0a907bfe6ea,2026-07-30T04:45:00Z,2026-07-30T06:45:00+0200,253.02617,MW,FR,FR,forecast_solar_generation,Solar,2026-08-05T07:10:17Z
2026-08-05T07:08:29Z,2026-08-05T09:08:29+0200,d671fb79-bd81-42f3-a5fe-a0a907bfe6ea,2026-07-30T05:00:00Z,2026-07-30T07:00:00+0200,480.58585,MW,FR,FR,forecast_solar_generation,Solar,2026-08-05T07:10:17Z
2026-08-05T07:08:29Z,2026-08-05T09:08:29+0200,d671fb79-bd81-42f3-a5fe-a0a907bfe6ea,2026-07-30T05:15:00Z,2026-07-30T07:15:00+0200,771.95807,MW,FR,FR,forecast_solar_generation,Solar,2026-08-05T07:10:17Z
2026-08-05T07:08:29Z,2026-08-05T09:08:29+0200,d671fb79-bd81-42f3-a5fe-a0a907bfe6ea,2026-07-30T05:30:00Z,2026-07-30T07:30:00+0200,1106.73181,MW,FR,FR,forecast_solar_generation,Solar,2026-08-05T07:10:17Z
2026-08-05T07:08:29Z,2026-08-05T09:08:29+0200,d671fb79-bd81-42f3-a5fe-a0a907bfe6ea,2026-07-30T05:45:00Z,2026-07-30T07:45:00+0200,1698.20752,MW,FR,FR,forecast_solar_generation,Solar,2026-08-05T07:10:17Z
2026-08-05T07:08:29Z,2026-08-05T09:08:29+0200,d671fb79-bd81-42f3-a5fe-a0a907bfe6ea,2026-07-30T06:00:00Z,2026-07-30T08:00:00+0200,2348.71167,MW,FR,FR,forecast_solar_generation,Solar,2026-08-05T07:10:17Z
2026-08-05T07:08:29Z,2026-08-05T09:08:29+0200,d671fb79-bd81-42f3-a5fe-a0a907bfe6ea,2026-07-30T06:15:00Z,2026-07-30T08:15:00+0200,3189.52441,MW,FR,FR,forecast_solar_generation,Solar,2026-08-05T07:10:17Z
2026-08-05T07:08:29Z,2026-08-05T09:08:29+0200,d671fb79-bd81-42f3-a5fe-a0a907bfe6ea,2026-07-30T06:30:00Z,2026-07-30T08:30:00+0200,3927.72168,MW,FR,FR,forecast_solar_generation,Solar,2026-08-05T07:10:17Z
2026-08-05T07:08:29Z,2026-08-05T09:08:29+0200,d671fb79-bd81-42f3-a5fe-a0a907bfe6ea,2026-07-30T06:45:00Z,2026-07-30T08:45:00+0200,4885.5,MW,FR,FR,forecast_solar_generation,Solar,2026-08-05T07:10:17Z
2026-08-05T07:08:29Z,2026-08-05T09:08:29+0200,d671fb79-bd81-42f3-a5fe-a0a907bfe6ea,2026-07-30T07:00:00Z,2026-07-30T09:00:00+0200,5699.771,MW,FR,FR,forecast_solar_generation,Solar,2026-08-05T07:10:17Z
2026-08-05T07:08:29Z,2026-08-05T09:08:29+0200,d671fb79-bd81-42f3-a5fe-a0a907bfe6ea,2026-07-30T07:15:00Z,2026-07-30T09:15:00+0200,6775.99072,MW,FR,FR,forecast_solar_generation,Solar,2026-08-05T07:10:17Z
2026-08-05T07:08:29Z,2026-08-05T09:08:29+0200,d671fb79-bd81-42f3-a5fe-a0a907bfe6ea,2026-07-30T07:30:00Z,2026-07-30T09:30:00+0200,7624.76123,MW,FR,FR,forecast_solar_generation,Solar,2026-08-05T07:10:17Z
2026-08-05T07:08:29Z,2026-08-05T09:08:29+0200,d671fb79-bd81-42f3-a5fe-a0a907bfe6ea,2026-07-30T07:45:00Z,2026-07-30T09:45:00+0200,8611.87793,MW,FR,FR,forecast_solar_generation,Solar,2026-08-05T07:10:17Z
2026-08-05T07:08:29Z,2026-08-05T09:08:29+0200,d671fb79-bd81-42f3-a5fe-a0a907bfe6ea,2026-07-30T08:00:00Z,2026-07-30T10:00:00+0200,9551.72754,MW,FR,FR,forecast_solar_generation,Solar,2026-08-05T07:10:17Z
2026-08-05T07:08:29Z,2026-08-05T09:08:29+0200,d671fb79-bd81-42f3-a5fe-a0a907bfe6ea,2026-07-30T08:15:00Z,2026-07-30T10:15:00+0200,10745.5293,MW,FR,FR,forecast_solar_generation,Solar,2026-08-05T07:10:17Z
2026-08-05T07:08:29Z,2026-08-05T09:08:29+0200,d671fb79-bd81-42f3-a5fe-a0a907bfe6ea,2026-07-30T08:30:00Z,2026-07-30T10:30:00+0200,11687.47461,MW,FR,FR,forecast_solar_generation,Solar,2026-08-05T07:10:17Z
2026-08-05T07:08:29Z,2026-08-05T09:08:29+0200,d671fb79-bd81-42f3-a5fe-a0a907bfe6ea,2026-07-30T08:45:00Z,2026-07-30T10:45:00+0200,12607.92676,MW,FR,FR,forecast_solar_generation,Solar,2026-08-05T07:10:17Z
2026-08-05T07:08:29Z,2026-08-05T09:08:29+0200,d671fb79-bd81-42f3-a5fe-a0a907bfe6ea,2026-07-30T09:00:00Z,2026-07-30T11:00:00+0200,13433.59863,MW,FR,FR,forecast_solar_generation,Solar,2026-08-05T07:10:17Z
2026-08-05T07:08:29Z,2026-08-05T09:08:29+0200,d671fb79-bd81-42f3-a5fe-a0a907bfe6ea,2026-07-30T09:15:00Z,2026-07-30T11:15:00+0200,14354.76074,MW,FR,FR,forecast_solar_generation,Solar,2026-08-05T07:10:17Z
2026-08-05T07:08:29Z,2026-08-05T09:08:29+0200,d671fb79-bd81-42f3-a5fe-a0a907bfe6ea,2026-07-30T09:30:00Z,2026-07-30T11:30:00+0200,15098.12012,MW,FR,FR,forecast_solar_generation,Solar,2026-08-05T07:10:17Z
2026-08-05T07:08:29Z,2026-08-05T09:08:29+0200,d671fb79-bd81-42f3-a5fe-a0a907bfe6ea,2026-07-30T09:45:00Z,2026-07-30T11:45:00+0200,15736.41309,MW,FR,FR,forecast_solar_generation,Solar,2026-08-05T07:10:17Z
2026-08-05T07:08:29Z,2026-08-05T09:08:29+0200,d671fb79-bd81-42f3-a5fe-a0a907bfe6ea,2026-07-30T10:00:00Z,2026-07-30T12:00:00+0200,16370.59961,MW,FR,FR,forecast_solar_generation,Solar,2026-08-05T07:10:17Z
2026-08-05T07:08:29Z,2026-08-05T09:08:29+0200,d671fb79-bd81-42f3-a5fe-a0a907bfe6ea,2026-07-30T10:15:00Z,2026-07-30T12:15:00+0200,17025.56445,MW,FR,FR,forecast_solar_generation,Solar,2026-08-05T07:10:17Z
2026-08-05T07:08:29Z,2026-08-05T09:08:29+0200,d671fb79-bd81-42f3-a5fe-a0a907bfe6ea,2026-07-30T10:30:00Z,2026-07-30T12:30:00+0200,17630.80078,MW,FR,FR,forecast_solar_generation,Solar,2026-08-05T07:10:17Z
2026-08-05T07:08:29Z,2026-08-05T09:08:29+0200,d671fb79-bd81-42f3-a5fe-a0a907bfe6ea,2026-07-30T10:45:00Z,2026-07-30T12:45:00+0200,17964.79297,MW,FR,FR,forecast_solar_generation,Solar,2026-08-05T07:10:17Z
2026-08-05T07:08:29Z,2026-08-05T09:08:29+0200,d671fb79-bd81-42f3-a5fe-a0a907bfe6ea,2026-07-30T11:00:00Z,2026-07-30T13:00:00+0200,18336.53125,MW,FR,FR,forecast_solar_generation,Solar,2026-08-05T07:10:17Z
2026-08-05T07:08:29Z,2026-08-05T09:08:29+0200,d671fb79-bd81-42f3-a5fe-a0a907bfe6ea,2026-07-30T11:15:00Z,2026-07-30T13:15:00+0200,18623.58398,MW,FR,FR,forecast_solar_generation,Solar,2026-08-05T07:10:17Z
2026-08-05T07:08:29Z,2026-08-05T09:08:29+0200,d671fb79-bd81-42f3-a5fe-a0a907bfe6ea,2026-07-30T11:30:00Z,2026-07-30T13:30:00+0200,18856.83984,MW,FR,FR,forecast_solar_generation,Solar,2026-08-05T07:10:17Z
2026-08-05T07:08:29Z,2026-08-05T09:08:29+0200,d671fb79-bd81-42f3-a5fe-a0a907bfe6ea,2026-07-30T11:45:00Z,2026-07-30T13:45:00+0200,18980.12109,MW,FR,FR,forecast_solar_generation,Solar,2026-08-05T07:10:17Z
2026-08-05T07:08:29Z,2026-08-05T09:08:29+0200,d671fb79-bd81-42f3-a5fe-a0a907bfe6ea,2026-07-30T12:00:00Z,2026-07-30T14:00:00+0200,19076.87695,MW,FR,FR,forecast_solar_generation,Solar,2026-08-05T07:10:17Z
2026-08-05T07:08:29Z,2026-08-05T09:08:29+0200,d671fb79-bd81-42f3-a5fe-a0a907bfe6ea,2026-07-30T12:15:00Z,2026-07-30T14:15:00+0200,19158.45703,MW,FR,FR,forecast_solar_generation,Solar,2026-08-05T07:10:17Z
2026-08-05T07:08:29Z,2026-08-05T09:08:29+0200,d671fb79-bd81-42f3-a5fe-a0a907bfe6ea,2026-07-30T12:30:00Z,2026-07-30T14:30:00+0200,19205.41016,MW,FR,FR,forecast_solar_generation,Solar,2026-08-05T07:10:17Z
2026-08-05T07:08:29Z,2026-08-05T09:08:29+0200,d671fb79-bd81-42f3-a5fe-a0a907bfe6ea,2026-07-30T12:45:00Z,2026-07-30T14:45:00+0200,19109.74219,MW,FR,FR,forecast_solar_generation,Solar,2026-08-05T07:10:17Z
2026-08-05T07:08:29Z,2026-08-05T09:08:29+0200,d671fb79-bd81-42f3-a5fe-a0a907bfe6ea,2026-07-30T13:00:00Z,2026-07-30T15:00:00+0200,19005.26953,MW,FR,FR,forecast_solar_generation,Solar,2026-08-05T07:10:17Z
2026-08-05T07:08:29Z,2026-08-05T09:08:29+0200,d671fb79-bd81-42f3-a5fe-a0a907bfe6ea,2026-07-30T13:15:00Z,2026-07-30T15:15:00+0200,18847.27344,MW,FR,FR,forecast_solar_generation,Solar,2026-08-05T07:10:17Z
2026-08-05T07:08:29Z,2026-08-05T09:08:29+0200,d671fb79-bd81-42f3-a5fe-a0a907bfe6ea,2026-07-30T13:30:00Z,2026-07-30T15:30:00+0200,18658.11914,MW,FR,FR,forecast_solar_generation,Solar,2026-08-05T07:10:17Z
2026-08-05T07:08:29Z,2026-08-05T09:08:29+0200,d671fb79-bd81-42f3-a5fe-a0a907bfe6ea,2026-07-30T13:45:00Z,2026-07-30T15:45:00+0200,18267.20117,MW,FR,FR,forecast_solar_generation,Solar,2026-08-05T07:10:17Z
2026-08-05T07:08:29Z,2026-08-05T09:08:29+0200,d671fb79-bd81-42f3-a5fe-a0a907bfe6ea,2026-07-30T14:00:00Z,2026-07-30T16:00:00+0200,17804.94141,MW,FR,FR,forecast_solar_generation,Solar,2026-08-05T07:10:17Z
2026-08-05T07:08:29Z,2026-08-05T09:08:29+0200,d671fb79-bd81-42f3-a5fe-a0a907bfe6ea,2026-07-30T14:15:00Z,2026-07-30T16:15:00+0200,17330.90039,MW,FR,FR,forecast_solar_generation,Solar,2026-08-05T07:10:17Z
2026-08-05T07:08:29Z,2026-08-05T09:08:29+0200,d671fb79-bd81-42f3-a5fe-a0a907bfe6ea,2026-07-30T14:30:00Z,2026-07-30T16:30:00+0200,16756.01953,MW,FR,FR,forecast_solar_generation,Solar,2026-08-05T07:10:17Z
2026-08-05T07:08:29Z,2026-08-05T09:08:29+0200,d671fb79-bd81-42f3-a5fe-a0a907bfe6ea,2026-07-30T14:45:00Z,2026-07-30T16:45:00+0200,16100.23828,MW,FR,FR,forecast_solar_generation,Solar,2026-08-05T07:10:17Z
2026-08-05T07:08:29Z,2026-08-05T09:08:29+0200,d671fb79-bd81-42f3-a5fe-a0a907bfe6ea,2026-07-30T15:00:00Z,2026-07-30T17:00:00+0200,15381.5459,MW,FR,FR,forecast_solar_generation,Solar,2026-08-05T07:10:17Z
2026-08-05T07:08:29Z,2026-08-05T09:08:29+0200,d671fb79-bd81-42f3-a5fe-a0a907bfe6ea,2026-07-30T15:15:00Z,2026-07-30T17:15:00+0200,14640.06543,MW,FR,FR,forecast_solar_generation,Solar,2026-08-05T07:10:17Z
2026-08-05T07:08:29Z,2026-08-05T09:08:29+0200,d671fb79-bd81-42f3-a5fe-a0a907bfe6ea,2026-07-30T15:30:00Z,2026-07-30T17:30:00+0200,13834.94043,MW,FR,FR,forecast_solar_generation,Solar,2026-08-05T07:10:17Z
2026-08-05T07:08:29Z,2026-08-05T09:08:29+0200,d671fb79-bd81-42f3-a5fe-a0a907bfe6ea,2026-07-30T15:45:00Z,2026-07-30T17:45:00+0200,12901.69434,MW,FR,FR,forecast_solar_generation,Solar,2026-08-05T07:10:17Z
2026-08-05T07:08:29Z,2026-08-05T09:08:29+0200,d671fb79-bd81-42f3-a5fe-a0a907bfe6ea,2026-07-30T16:00:00Z,2026-07-30T18:00:00+0200,11842.89746,MW,FR,FR,forecast_solar_generation,Solar,2026-08-05T07:10:17Z
2026-08-05T07:08:29Z,2026-08-05T09:08:29+0200,d671fb79-bd81-42f3-a5fe-a0a907bfe6ea,2026-07-30T16:15:00Z,2026-07-30T18:15:00+0200,10711.63672,MW,FR,FR,forecast_solar_generation,Solar,2026-08-05T07:10:17Z
2026-08-05T07:08:29Z,2026-08-05T09:08:29+0200,d671fb79-bd81-42f3-a5fe-a0a907bfe6ea,2026-07-30T16:30:00Z,2026-07-30T18:30:00+0200,9602.08301,MW,FR,FR,forecast_solar_generation,Solar,2026-08-05T07:10:17Z
2026-08-05T07:08:29Z,2026-08-05T09:08:29+0200,d671fb79-bd81-42f3-a5fe-a0a907bfe6ea,2026-07-30T16:45:00Z,2026-07-30T18:45:00+0200,8486.02051,MW,FR,FR,forecast_solar_generation,Solar,2026-08-05T07:10:17Z
2026-08-05T07:08:29Z,2026-08-05T09:08:29+0200,d671fb79-bd81-42f3-a5fe-a0a907bfe6ea,2026-07-30T17:00:00Z,2026-07-30T19:00:00+0200,7256.78613,MW,FR,FR,forecast_solar_generation,Solar,2026-08-05T07:10:17Z
2026-08-05T07:08:29Z,2026-08-05T09:08:29+0200,d671fb79-bd81-42f3-a5fe-a0a907bfe6ea,2026-07-30T17:15:00Z,2026-07-30T19:15:00+0200,6155.41016,MW,FR,FR,forecast_solar_generation,Solar,2026-08-05T07:10:17Z
2026-08-05T07:08:29Z,2026-08-05T09:08:29+0200,d671fb79-bd81-42f3-a5fe-a0a907bfe6ea,2026-07-30T17:30:00Z,2026-07-30T19:30:00+0200,4860.13086,MW,FR,FR,forecast_solar_generation,Solar,2026-08-05T07:10:17Z
2026-08-05T07:08:29Z,2026-08-05T09:08:29+0200,d671fb79-bd81-42f3-a5fe-a0a907bfe6ea,2026-07-30T17:45:00Z,2026-07-30T19:45:00+0200,3891.97314,MW,FR,FR,forecast_solar_generation,Solar,2026-08-05T07:10:17Z
2026-08-05T07:08:29Z,2026-08-05T09:08:29+0200,d671fb79-bd81-42f3-a5fe-a0a907bfe6ea,2026-07-30T18:00:00Z,2026-07-30T20:00:00+0200,2855.13306,MW,FR,FR,forecast_solar_generation,Solar,2026-08-05T07:10:17Z
2026-08-05T07:08:29Z,2026-08-05T09:08:29+0200,d671fb79-bd81-42f3-a5fe-a0a907bfe6ea,2026-07-30T18:15:00Z,2026-07-30T20:15:00+0200,2015.3595,MW,FR,FR,forecast_solar_generation,Solar,2026-08-05T07:10:17Z
2026-08-05T07:08:29Z,2026-08-05T09:08:29+0200,d671fb79-bd81-42f3-a5fe-a0a907bfe6ea,2026-07-30T18:30:00Z,2026-07-30T20:30:00+0200,1345.87109,MW,FR,FR,forecast_solar_generation,Solar,2026-08-05T07:10:17Z
2026-08-05T07:08:29Z,2026-08-05T09:08:29+0200,d671fb79-bd81-42f3-a5fe-a0a907bfe6ea,2026-07-30T18:45:00Z,2026-07-30T20:45:00+0200,930.49866,MW,FR,FR,forecast_solar_generation,Solar,2026-08-05T07:10:17Z
2026-08-05T07:08:29Z,2026-08-05T09:08:29+0200,d671fb79-bd81-42f3-a5fe-a0a907bfe6ea,2026-07-30T19:00:00Z,2026-07-30T21:00:00+0200,532.60114,MW,FR,FR,forecast_solar_generation,Solar,2026-08-05T07:10:17Z
2026-08-05T07:08:29Z,2026-08-05T09:08:29+0200,d671fb79-bd81-42f3-a5fe-a0a907bfe6ea,2026-07-30T19:15:00Z,2026-07-30T21:15:00+0200,187.06035,MW,FR,FR,forecast_solar_generation,Solar,2026-08-05T07:10:17Z
2026-08-05T07:08:29Z,2026-08-05T09:08:29+0200,d671fb79-bd81-42f3-a5fe-a0a907bfe6ea,2026-07-30T19:30:00Z,2026-07-30T21:30:00+0200,20.78816,MW,FR,FR,forecast_solar_generation,Solar,2026-08-05T07:10:17Z
2026-08-05T07:08:29Z,2026-08-05T09:08:29+0200,d671fb79-bd81-42f3-a5fe-a0a907bfe6ea,2026-07-30T19:45:00Z,2026-07-30T21:45:00+0200,0.6453,MW,FR,FR,forecast_solar_generation,Solar,2026-08-05T07:10:17Z
2026-08-05T07:08:29Z,2026-08-05T09:08:29+0200,d671fb79-bd81-42f3-a5fe-a0a907bfe6ea,2026-07-30T20:00:00Z,2026-07-30T22:00:00+0200,0.0,MW,FR,FR,forecast_solar_generation,Solar,2026-08-05T07:10:17Z
2026-08-05T07:08:29Z,2026-08-05T09:08:29+0200,d671fb79-bd81-42f3-a5fe-a0a907bfe6ea,2026-07-30T20:15:00Z,2026-07-30T22:15:00+0200,0.0,MW,FR,FR,forecast_solar_generation,Solar,2026-08-05T07:10:17Z
2026-08-05T07:08:29Z,2026-08-05T09:08:29+0200,d671fb79-bd81-42f3-a5fe-a0a907bfe6ea,2026-07-30T20:30:00Z,2026-07-30T22:30:00+0200,0.0,MW,FR,FR,forecast_solar_generation,Solar,2026-08-05T07:10:17Z
2026-08-05T07:08:29Z,2026-08-05T09:08:29+0200,d671fb79-bd81-42f3-a5fe-a0a907bfe6ea,2026-07-30T20:45:00Z,2026-07-30T22:45:00+0200,0.0,MW,FR,FR,forecast_solar_generation,Solar,2026-08-05T07:10:17Z
2026-08-05T07:08:29Z,2026-08-05T09:08:29+0200,d671fb79-bd81-42f3-a5fe-a0a907bfe6ea,2026-07-30T21:00:00Z,2026-07-30T23:00:00+0200,0.0,MW,FR,FR,forecast_solar_generation,Solar,2026-08-05T07:10:17Z
2026-08-05T07:08:29Z,2026-08-05T09:08:29+0200,d671fb79-bd81-42f3-a5fe-a0a907bfe6ea,2026-07-30T21:15:00Z,2026-07-30T23:15:00+0200,0.0,MW,FR,FR,forecast_solar_generation,Solar,2026-08-05T07:10:17Z
2026-08-05T07:08:29Z,2026-08-05T09:08:29+0200,d671fb79-bd81-42f3-a5fe-a0a907bfe6ea,2026-07-30T21:30:00Z,2026-07-30T23:30:00+0200,0.0,MW,FR,FR,forecast_solar_generation,Solar,2026-08-05T07:10:17Z
2026-08-05T07:08:29Z,2026-08-05T09:08:29+0200,d671fb79-bd81-42f3-a5fe-a0a907bfe6ea,2026-07-30T21:45:00Z,2026-07-30T23:45:00+0200,0.0,MW,FR,FR,forecast_solar_generation,Solar,2026-08-05T07:10:17Z
2026-08-05T07:08:29Z,2026-08-05T09:08:29+0200,d671fb79-bd81-42f3-a5fe-a0a907bfe6ea,2026-07-30T22:00:00Z,2026-07-31T00:00:00+0200,0.0,MW,FR,FR,forecast_solar_generation,Solar,2026-08-05T07:10:17Z
2026-08-05T07:08:29Z,2026-08-05T09:08:29+0200,d671fb79-bd81-42f3-a5fe-a0a907bfe6ea,2026-07-30T22:15:00Z,2026-07-31T00:15:00+0200,0.0,MW,FR,FR,forecast_solar_generation,Solar,2026-08-05T07:10:17Z
2026-08-05T07:08:29Z,2026-08-05T09:08:29+0200,d671fb79-bd81-42f3-a5fe-a0a907bfe6ea,2026-07-30T22:30:00Z,2026-07-31T00:30:00+0200,0.0,MW,FR,FR,forecast_solar_generation,Solar,2026-08-05T07:10:17Z
2026-08-05T07:08:29Z,2026-08-05T09:08:29+0200,d671fb79-bd81-42f3-a5fe-a0a907bfe6ea,2026-07-30T22:45:00Z,2026-07-31T00:45:00+0200,0.0,MW,FR,FR,forecast_solar_generation,Solar,2026-08-05T07:10:17Z
2026-08-05T07:08:29Z,2026-08-05T09:08:29+0200,d671fb79-bd81-42f3-a5fe-a0a907bfe6ea,2026-07-30T23:00:00Z,2026-07-31T01:00:00+0200,0.0,MW,FR,FR,forecast_solar_generation,Solar,2026-08-05T07:10:17Z
2026-08-05T07:08:29Z,2026-08-05T09:08:29+0200,d671fb79-bd81-42f3-a5fe-a0a907bfe6ea,2026-07-30T23:15:00Z,2026-07-31T01:15:00+0200,0.0,MW,FR,FR,forecast_solar_generation,Solar,2026-08-05T07:10:17Z
2026-08-05T07:08:29Z,2026-08-05T09:08:29+0200,d671fb79-bd81-42f3-a5fe-a0a907bfe6ea,2026-07-30T23:30:00Z,2026-07-31T01:30:00+0200,0.0,MW,FR,FR,forecast_solar_generation,Solar,2026-08-05T07:10:17Z
2026-08-05T07:08:29Z,2026-08-05T09:08:29+0200,d671fb79-bd81-42f3-a5fe-a0a907bfe6ea,2026-07-30T23:45:00Z,2026-07-31T01:45:00+0200,0.0,MW,FR,FR,forecast_solar_generation,Solar,2026-08-05T07:10:17Z
2026-08-05T07:08:29Z,2026-08-05T09:08:29+0200,d671fb79-bd81-42f3-a5fe-a0a907bfe6ea,2026-07-31T00:00:00Z,2026-07-31T02:00:00+0200,0.0,MW,FR,FR,forecast_solar_generation,Solar,2026-08-05T07:10:17Z
2026-08-05T07:08:29Z,2026-08-05T09:08:29+0200,d671fb79-bd81-42f3-a5fe-a0a907bfe6ea,2026-07-31T00:15:00Z,2026-07-31T02:15:00+0200,0.0,MW,FR,FR,forecast_solar_generation,Solar,2026-08-05T07:10:17Z
2026-08-05T07:08:29Z,2026-08-05T09:08:29+0200,d671fb79-bd81-42f3-a5fe-a0a907bfe6ea,2026-07-31T00:30:00Z,2026-07-31T02:30:00+0200,0.0,MW,FR,FR,forecast_solar_generation,Solar,2026-08-05T07:10:17Z
2026-08-05T07:08:29Z,2026-08-05T09:08:29+0200,d671fb79-bd81-42f3-a5fe-a0a907bfe6ea,2026-07-31T00:45:00Z,2026-07-31T02:45:00+0200,0.0,MW,FR,FR,forecast_solar_generation,Solar,2026-08-05T07:10:17Z
2026-08-05T07:08:29Z,2026-08-05T09:08:29+0200,d671fb79-bd81-42f3-a5fe-a0a907bfe6ea,2026-07-31T01:00:00Z,2026-07-31T03:00:00+0200,0.0,MW,FR,FR,forecast_solar_generation,Solar,2026-08-05T07:10:17Z
2026-08-05T07:08:29Z,2026-08-05T09:08:29+0200,d671fb79-bd81-42f3-a5fe-a0a907bfe6ea,2026-07-31T01:15:00Z,2026-07-31T03:15:00+0200,0.0,MW,FR,FR,forecast_solar_generation,Solar,2026-08-05T07:10:17Z
2026-08-05T07:08:29Z,2026-08-05T09:08:29+0200,d671fb79-bd81-42f3-a5fe-a0a907bfe6ea,2026-07-31T01:30:00Z,2026-07-31T03:30:00+0200,0.0,MW,FR,FR,forecast_solar_generation,Solar,2026-08-05T07:10:17Z
2026-08-05T07:08:29Z,2026-08-05T09:08:29+0200,d671fb79-bd81-42f3-a5fe-a0a907bfe6ea,2026-07-31T01:45:00Z,2026-07-31T03:45:00+0200,0.0,MW,FR,FR,forecast_solar_generation,Solar,2026-08-05T07:10:17Z
2026-08-05T07:08:29Z,2026-08-05T09:08:29+0200,d671fb79-bd81-42f3-a5fe-a0a907bfe6ea,2026-07-31T02:00:00Z,2026-07-31T04:00:00+0200,0.0,MW,FR,FR,forecast_solar_generation,Solar,2026-08-05T07:10:17Z
2026-08-05T07:08:29Z,2026-08-05T09:08:29+0200,d671fb79-bd81-42f3-a5fe-a0a907bfe6ea,2026-07-31T02:15:00Z,2026-07-31T04:15:00+0200,0.0,MW,FR,FR,forecast_solar_generation,Solar,2026-08-05T07:10:17Z
2026-08-05T07:08:29Z,2026-08-05T09:08:29+0200,d671fb79-bd81-42f3-a5fe-a0a907bfe6ea,2026-07-31T02:30:00Z,2026-07-31T04:30:00+0200,0.0,MW,FR,FR,forecast_solar_generation,Solar,2026-08-05T07:10:17Z
2026-08-05T07:08:29Z,2026-08-05T09:08:29+0200,d671fb79-bd81-42f3-a5fe-a0a907bfe6ea,2026-07-31T02:45:00Z,2026-07-31T04:45:00+0200,0.0,MW,FR,FR,forecast_solar_generation,Solar,2026-08-05T07:10:17Z
2026-08-05T07:08:29Z,2026-08-05T09:08:29+0200,d671fb79-bd81-42f3-a5fe-a0a907bfe6ea,2026-07-31T03:00:00Z,2026-07-31T05:00:00+0200,0.0,MW,FR,FR,forecast_solar_generation,Solar,2026-08-05T07:10:17Z
2026-08-05T07:08:29Z,2026-08-05T09:08:29+0200,d671fb79-bd81-42f3-a5fe-a0a907bfe6ea,2026-07-31T03:15:00Z,2026-07-31T05:15:00+0200,0.0,MW,FR,FR,forecast_solar_generation,Solar,2026-08-05T07:10:17Z
2026-08-05T07:08:29Z,2026-08-05T09:08:29+0200,d671fb79-bd81-42f3-a5fe-a0a907bfe6ea,2026-07-31T03:30:00Z,2026-07-31T05:30:00+0200,0.0,MW,FR,FR,forecast_solar_generation,Solar,2026-08-05T07:10:17Z
2026-08-05T07:08:29Z,2026-08-05T09:08:29+0200,d671fb79-bd81-42f3-a5fe-a0a907bfe6ea,2026-07-31T03:45:00Z,2026-07-31T05:45:00+0200,0.0,MW,FR,FR,forecast_solar_generation,Solar,2026-08-05T07:10:17Z
2026-08-05T07:08:29Z,2026-08-05T09:08:29+0200,d671fb79-bd81-42f3-a5fe-a0a907bfe6ea,2026-07-31T04:00:00Z,2026-07-31T06:00:00+0200,0.21576,MW,FR,FR,forecast_solar_generation,Solar,2026-08-05T07:10:17Z
2026-08-05T07:08:29Z,2026-08-05T09:08:29+0200,d671fb79-bd81-42f3-a5fe-a0a907bfe6ea,2026-07-31T04:15:00Z,2026-07-31T06:15:00+0200,16.03525,MW,FR,FR,forecast_solar_generation,Solar,2026-08-05T07:10:17Z
2026-08-05T07:08:29Z,2026-08-05T09:08:29+0200,d671fb79-bd81-42f3-a5fe-a0a907bfe6ea,2026-07-31T04:30:00Z,2026-07-31T06:30:00+0200,72.88954,MW,FR,FR,forecast_solar_generation,Solar,2026-08-05T07:10:17Z
2026-08-05T07:08:29Z,2026-08-05T09:08:29+0200,d671fb79-bd81-42f3-a5fe-a0a907bfe6ea,2026-07-31T04:45:00Z,2026-07-31T06:45:00+0200,214.88193,MW,FR,FR,forecast_solar_generation,Solar,2026-08-05T07:10:17Z
2026-08-05T07:08:29Z,2026-08-05T09:08:29+0200,d671fb79-bd81-42f3-a5fe-a0a907bfe6ea,2026-07-31T05:00:00Z,2026-07-31T07:00:00+0200,406.27579,MW,FR,FR,forecast_solar_generation,Solar,2026-08-05T07:10:17Z
2026-08-05T07:08:29Z,2026-08-05T09:08:29+0200,d671fb79-bd81-42f3-a5fe-a0a907bfe6ea,2026-07-31T05:15:00Z,2026-07-31T07:15:00+0200,660.72931,MW,FR,FR,forecast_solar_generation,Solar,2026-08-05T07:10:17Z
2026-08-05T07:08:29Z,2026-08-05T09:08:29+0200,d671fb79-bd81-42f3-a5fe-a0a907bfe6ea,2026-07-31T05:30:00Z,2026-07-31T07:30:00+0200,957.29907,MW,FR,FR,forecast_solar_generation,Solar,2026-08-05T07:10:17Z
2026-08-05T07:08:29Z,2026-08-05T09:08:29+0200,d671fb79-bd81-42f3-a5fe-a0a907bfe6ea,2026-07-31T05:45:00Z,2026-07-31T07:45:00+0200,1486.50757,MW,FR,FR,forecast_solar_generation,Solar,2026-08-05T07:10:17Z
2026-08-05T07:08:29Z,2026-08-05T09:08:29+0200,d671fb79-bd81-42f3-a5fe-a0a907bfe6ea,2026-07-31T06:00:00Z,2026-07-31T08:00:00+0200,2085.85425,MW,FR,FR,forecast_solar_generation,Solar,2026-08-05T07:10:17Z
2026-08-05T07:08:29Z,2026-08-05T09:08:29+0200,d671fb79-bd81-42f3-a5fe-a0a907bfe6ea,2026-07-31T06:15:00Z,2026-07-31T08:15:00+0200,2924.31201,MW,FR,FR,forecast_solar_generation,Solar,2026-08-05T07:10:17Z
2026-08-05T07:08:29Z,2026-08-05T09:08:29+0200,d671fb79-bd81-42f3-a5fe-a0a907bfe6ea,2026-07-31T06:30:00Z,2026-07-31T08:30:00+0200,3626.78711,MW,FR,FR,forecast_solar_generation,Solar,2026-08-05T07:10:17Z
2026-08-05T07:08:29Z,2026-08-05T09:08:29+0200,d671fb79-bd81-42f3-a5fe-a0a907bfe6ea,2026-07-31T06:45:00Z,2026-07-31T08:45:00+0200,4587.48193,MW,FR,FR,forecast_solar_generation,Solar,2026-08-05T07:10:17Z
2026-08-05T07:08:29Z,2026-08-05T09:08:29+0200,d671fb79-bd81-42f3-a5fe-a0a907bfe6ea,2026-07-31T07:00:00Z,2026-07-31T09:00:00+0200,5417.10352,MW,FR,FR,forecast_solar_generation,Solar,2026-08-05T07:10:17Z
2026-08-05T07:08:29Z,2026-08-05T09:08:29+0200,d671fb79-bd81-42f3-a5fe-a0a907bfe6ea,2026-07-31T07:15:00Z,2026-07-31T09:15:00+0200,6440.44092,MW,FR,FR,forecast_solar_generation,Solar,2026-08-05T07:10:17Z
2026-08-05T07:08:29Z,2026-08-05T09:08:29+0200,d671fb79-bd81-42f3-a5fe-a0a907bfe6ea,2026-07-31T07:30:00Z,2026-07-31T09:30:00+0200,7312.50439,MW,FR,FR,forecast_solar_generation,Solar,2026-08-05T07:10:17Z
2026-08-05T07:08:29Z,2026-08-05T09:08:29+0200,d671fb79-bd81-42f3-a5fe-a0a907bfe6ea,2026-07-31T07:45:00Z,2026-07-31T09:45:00+0200,8251.40039,MW,FR,FR,forecast_solar_generation,Solar,2026-08-05T07:10:17Z
2026-08-05T07:08:29Z,2026-08-05T09:08:29+0200,d671fb79-bd81-42f3-a5fe-a0a907bfe6ea,2026-07-31T08:00:00Z,2026-07-31T10:00:00+0200,9105.63867,MW,FR,FR,forecast_solar_generation,Solar,2026-08-05T07:10:17Z
2026-08-05T07:08:29Z,2026-08-05T09:08:29+0200,d671fb79-bd81-42f3-a5fe-a0a907bfe6ea,2026-07-31T08:15:00Z,2026-07-31T10:15:00+0200,10173.83496,MW,FR,FR,forecast_solar_generation,Solar,2026-08-05T07:10:17Z
2026-08-05T07:08:29Z,2026-08-05T09:08:29+0200,d671fb79-bd81-42f3-a5fe-a0a907bfe6ea,2026-07-31T08:30:00Z,2026-07-31T10:30:00+0200,10989.68555,MW,FR,FR,forecast_solar_generation,Solar,2026-08-05T07:10:17Z
2026-08-05T07:08:29Z,2026-08-05T09:08:29+0200,d671fb79-bd81-42f3-a5fe-a0a907bfe6ea,2026-07-31T08:45:00Z,2026-07-31T10:45:00+0200,11744.44141,MW,FR,FR,forecast_solar_generation,Solar,2026-08-05T07:10:17Z
2026-08-05T07:08:29Z,2026-08-05T09:08:29+0200,d671fb79-bd81-42f3-a5fe-a0a907bfe6ea,2026-07-31T09:00:00Z,2026-07-31T11:00:00+0200,12403.26367,MW,FR,FR,forecast_solar_generation,Solar,2026-08-05T07:10:17Z
2026-08-05T07:08:29Z,2026-08-05T09:08:29+0200,d671fb79-bd81-42f3-a5fe-a0a907bfe6ea,2026-07-31T09:15:00Z,2026-07-31T11:15:00+0200,13265.39355,MW,FR,FR,forecast_solar_generation,Solar,2026-08-05T07:10:17Z
2026-08-05T07:08:29Z,2026-08-05T09:08:29+0200,d671fb79-bd81-42f3-a5fe-a0a907bfe6ea,2026-07-31T09:30:00Z,2026-07-31T11:30:00+0200,13865.79004,MW,FR,FR,forecast_solar_generation,Solar,2026-08-05T07:10:17Z
2026-08-05T07:08:29Z,2026-08-05T09:08:29+0200,d671fb79-bd81-42f3-a5fe-a0a907bfe6ea,2026-07-31T09:45:00Z,2026-07-31T11:45:00+0200,14348.1543,MW,FR,FR,forecast_solar_generation,Solar,2026-08-05T07:10:17Z
2026-08-05T07:08:29Z,2026-08-05T09:08:29+0200,d671fb79-bd81-42f3-a5fe-a0a907bfe6ea,2026-07-31T10:00:00Z,2026-07-31T12:00:00+0200,14799.84766,MW,FR,FR,forecast_solar_generation,Solar,2026-08-05T07:10:17Z
2026-08-05T07:08:29Z,2026-08-05T09:08:29+0200,d671fb79-bd81-42f3-a5fe-a0a907bfe6ea,2026-07-31T10:15:00Z,2026-07-31T12:15:00+0200,15260.20215,MW,FR,FR,forecast_solar_generation,Solar,2026-08-05T07:10:17Z
2026-08-05T07:08:29Z,2026-08-05T09:08:29+0200,d671fb79-bd81-42f3-a5fe-a0a907bfe6ea,2026-07-31T10:30:00Z,2026-07-31T12:30:00+0200,15803.49219,MW,FR,FR,forecast_solar_generation,Solar,2026-08-05T07:10:17Z
2026-08-05T07:08:29Z,2026-08-05T09:08:29+0200,d671fb79-bd81-42f3-a5fe-a0a907bfe6ea,2026-07-31T10:45:00Z,2026-07-31T12:45:00+0200,16103.47559,MW,FR,FR,forecast_solar_generation,Solar,2026-08-05T07:10:17Z
2026-08-05T07:08:29Z,2026-08-05T09:08:29+0200,d671fb79-bd81-42f3-a5fe-a0a907bfe6ea,2026-07-31T11:00:00Z,2026-07-31T13:00:00+0200,16454.55664,MW,FR,FR,forecast_solar_generation,Solar,2026-08-05T07:10:17Z
2026-08-05T07:08:29Z,2026-08-05T09:08:29+0200,d671fb79-bd81-42f3-a5fe-a0a907bfe6ea,2026-07-31T11:15:00Z,2026-07-31T13:15:00+0200,16674.91211,MW,FR,FR,forecast_solar_generation,Solar,2026-08-05T07:10:17Z
2026-08-05T07:08:29Z,2026-08-05T09:08:29+0200,d671fb79-bd81-42f3-a5fe-a0a907bfe6ea,2026-07-31T11:30:00Z,2026-07-31T13:30:00+0200,16924.82617,MW,FR,FR,forecast_solar_generation,Solar,2026-08-05T07:10:17Z
2026-08-05T07:08:29Z,2026-08-05T09:08:29+0200,d671fb79-bd81-42f3-a5fe-a0a907bfe6ea,2026-07-31T11:45:00Z,2026-07-31T13:45:00+0200,16975.74609,MW,FR,FR,forecast_solar_generation,Solar,2026-08-05T07:10:17Z
2026-08-05T07:08:29Z,2026-08-05T09:08:29+0200,d671fb79-bd81-42f3-a5fe-a0a907bfe6ea,2026-07-31T12:00:00Z,2026-07-31T14:00:00+0200,17025.13867,MW,FR,FR,forecast_solar_generation,Solar,2026-08-05T07:10:17Z
2026-08-05T07:08:29Z,2026-08-05T09:08:29+0200,d671fb79-bd81-42f3-a5fe-a0a907bfe6ea,2026-07-31T12:15:00Z,2026-07-31T14:15:00+0200,17089.56836,MW,FR,FR,forecast_solar_generation,Solar,2026-08-05T07:10:17Z
2026-08-05T07:08:29Z,2026-08-05T09:08:29+0200,d671fb79-bd81-42f3-a5fe-a0a907bfe6ea,2026-07-31T12:30:00Z,2026-07-31T14:30:00+0200,17141.79883,MW,FR,FR,forecast_solar_generation,Solar,2026-08-05T07:10:17Z
2026-08-05T07:08:29Z,2026-08-05T09:08:29+0200,d671fb79-bd81-42f3-a5fe-a0a907bfe6ea,2026-07-31T12:45:00Z,2026-07-31T14:45:00+0200,17069.81445,MW,FR,FR,forecast_solar_generation,Solar,2026-08-05T07:10:17Z
2026-08-05T07:08:29Z,2026-08-05T09:08:29+0200,d671fb79-bd81-42f3-a5fe-a0a907bfe6ea,2026-07-31T13:00:00Z,2026-07-31T15:00:00+0200,16974.72852,MW,FR,FR,forecast_solar_generation,Solar,2026-08-05T07:10:17Z
2026-08-05T07:08:29Z,2026-08-05T09:08:29+0200,d671fb79-bd81-42f3-a5fe-a0a907bfe6ea,2026-07-31T13:15:00Z,2026-07-31T15:15:00+0200,16849.44141,MW,FR,FR,forecast_solar_generation,Solar,2026-08-05T07:10:17Z
2026-08-05T07:08:29Z,2026-08-05T09:08:29+0200,d671fb79-bd81-42f3-a5fe-a0a907bfe6ea,2026-07-31T13:30:00Z,2026-07-31T15:30:00+0200,16706.82812,MW,FR,FR,forecast_solar_generation,Solar,2026-08-05T07:10:17Z
2026-08-05T07:08:29Z,2026-08-05T09:08:29+0200,d671fb79-bd81-42f3-a5fe-a0a907bfe6ea,2026-07-31T13:45:00Z,2026-07-31T15:45:00+0200,16196.20117,MW,FR,FR,forecast_solar_generation,Solar,2026-08-05T07:10:17Z
2026-08-05T07:08:29Z,2026-08-05T09:08:29+0200,d671fb79-bd81-42f3-a5fe-a0a907bfe6ea,2026-07-31T14:00:00Z,2026-07-31T16:00:00+0200,15693.32129,MW,FR,FR,forecast_solar_generation,Solar,2026-08-05T07:10:17Z
2026-08-05T07:08:29Z,2026-08-05T09:08:29+0200,d671fb79-bd81-42f3-a5fe-a0a907bfe6ea,2026-07-31T14:15:00Z,2026-07-31T16:15:00+0200,15224.9707,MW,FR,FR,forecast_solar_generation,Solar,2026-08-05T07:10:17Z
2026-08-05T07:08:29Z,2026-08-05T09:08:29+0200,d671fb79-bd81-42f3-a5fe-a0a907bfe6ea,2026-07-31T14:30:00Z,2026-07-31T16:30:00+0200,14678.7832,MW,FR,FR,forecast_solar_generation,Solar,2026-08-05T07:10:17Z
2026-08-05T07:08:29Z,2026-08-05T09:08:29+0200,d671fb79-bd81-42f3-a5fe-a0a907bfe6ea,2026-07-31T14:45:00Z,2026-07-31T16:45:00+0200,14019.63379,MW,FR,FR,forecast_solar_generation,Solar,2026-08-05T07:10:17Z
2026-08-05T07:08:29Z,2026-08-05T09:08:29+0200,d671fb79-bd81-42f3-a5fe-a0a907bfe6ea,2026-07-31T15:00:00Z,2026-07-31T17:00:00+0200,13351.44727,MW,FR,FR,forecast_solar_generation,Solar,2026-08-05T07:10:17Z
2026-08-05T07:08:29Z,2026-08-05T09:08:29+0200,d671fb79-bd81-42f3-a5fe-a0a907bfe6ea,2026-07-31T15:15:00Z,2026-07-31T17:15:00+0200,12596.52051,MW,FR,FR,forecast_solar_generation,Solar,2026-08-05T07:10:17Z
2026-08-05T07:08:29Z,2026-08-05T09:08:29+0200,d671fb79-bd81-42f3-a5fe-a0a907bfe6ea,2026-07-31T15:30:00Z,2026-07-31T17:30:00+0200,11808.05078,MW,FR,FR,forecast_solar_generation,Solar,2026-08-05T07:10:17Z
2026-08-05T07:08:29Z,2026-08-05T09:08:29+0200,d671fb79-bd81-42f3-a5fe-a0a907bfe6ea,2026-07-31T15:45:00Z,2026-07-31T17:45:00+0200,11055.09082,MW,FR,FR,forecast_solar_generation,Solar,2026-08-05T07:10:17Z
2026-08-05T07:08:29Z,2026-08-05T09:08:29+0200,d671fb79-bd81-42f3-a5fe-a0a907bfe6ea,2026-07-31T16:00:00Z,2026-07-31T18:00:00+0200,10190.87988,MW,FR,FR,forecast_solar_generation,Solar,2026-08-05T07:10:17Z
2026-08-05T07:08:29Z,2026-08-05T09:08:29+0200,d671fb79-bd81-42f3-a5fe-a0a907bfe6ea,2026-07-31T16:15:00Z,2026-07-31T18:15:00+0200,9209.34668,MW,FR,FR,forecast_solar_generation,Solar,2026-08-05T07:10:17Z
2026-08-05T07:08:29Z,2026-08-05T09:08:29+0200,d671fb79-bd81-42f3-a5fe-a0a907bfe6ea,2026-07-31T16:30:00Z,2026-07-31T18:30:00+0200,8298.2168,MW,FR,FR,forecast_solar_generation,Solar,2026-08-05T07:10:17Z
2026-08-05T07:08:29Z,2026-08-05T09:08:29+0200,d671fb79-bd81-42f3-a5fe-a0a907bfe6ea,2026-07-31T16:45:00Z,2026-07-31T18:45:00+0200,7434.89844,MW,FR,FR,forecast_solar_generation,Solar,2026-08-05T07:10:17Z
2026-08-05T07:08:29Z,2026-08-05T09:08:29+0200,d671fb79-bd81-42f3-a5fe-a0a907bfe6ea,2026-07-31T17:00:00Z,2026-07-31T19:00:00+0200,6290.62158,MW,FR,FR,forecast_solar_generation,Solar,2026-08-05T07:10:17Z
2026-08-05T07:08:29Z,2026-08-05T09:08:29+0200,d671fb79-bd81-42f3-a5fe-a0a907bfe6ea,2026-07-31T17:15:00Z,2026-07-31T19:15:00+0200,5427.61182,MW,FR,FR,forecast_solar_generation,Solar,2026-08-05T07:10:17Z
2026-08-05T07:08:29Z,2026-08-05T09:08:29+0200,d671fb79-bd81-42f3-a5fe-a0a907bfe6ea,2026-07-31T17:30:00Z,2026-07-31T19:30:00+0200,4347.17627,MW,FR,FR,forecast_solar_generation,Solar,2026-08-05T07:10:17Z
2026-08-05T07:08:29Z,2026-08-05T09:08:29+0200,d671fb79-bd81-42f3-a5fe-a0a907bfe6ea,2026-07-31T17:45:00Z,2026-07-31T19:45:00+0200,3517.58789,MW,FR,FR,forecast_solar_generation,Solar,2026-08-05T07:10:17Z
2026-08-05T07:08:29Z,2026-08-05T09:08:29+0200,d671fb79-bd81-42f3-a5fe-a0a907bfe6ea,2026-07-31T18:00:00Z,2026-07-31T20:00:00+0200,2617.5332,MW,FR,FR,forecast_solar_generation,Solar,2026-08-05T07:10:17Z
2026-08-05T07:08:29Z,2026-08-05T09:08:29+0200,d671fb79-bd81-42f3-a5fe-a0a907bfe6ea,2026-07-31T18:15:00Z,2026-07-31T20:15:00+0200,1897.16272,MW,FR,FR,forecast_solar_generation,Solar,2026-08-05T07:10:17Z
2026-08-05T07:08:29Z,2026-08-05T09:08:29+0200,d671fb79-bd81-42f3-a5fe-a0a907bfe6ea,2026-07-31T18:30:00Z,2026-07-31T20:30:00+0200,1271.77148,MW,FR,FR,forecast_solar_generation,Solar,2026-08-05T07:10:17Z
2026-08-05T07:08:29Z,2026-08-05T09:08:29+0200,d671fb79-bd81-42f3-a5fe-a0a907bfe6ea,2026-07-31T18:45:00Z,2026-07-31T20:45:00+0200,882.38556,MW,FR,FR,forecast_solar_generation,Solar,2026-08-05T07:10:17Z
2026-08-05T07:08:29Z,2026-08-05T09:08:29+0200,d671fb79-bd81-42f3-a5fe-a0a907bfe6ea,2026-07-31T19:00:00Z,2026-07-31T21:00:00+0200,495.50525,MW,FR,FR,forecast_solar_generation,Solar,2026-08-05T07:10:17Z
2026-08-05T07:08:29Z,2026-08-05T09:08:29+0200,d671fb79-bd81-42f3-a5fe-a0a907bfe6ea,2026-07-31T19:15:00Z,2026-07-31T21:15:00+0200,174.67876,MW,FR,FR,forecast_solar_generation,Solar,2026-08-05T07:10:17Z
2026-08-05T07:08:29Z,2026-08-05T09:08:29+0200,d671fb79-bd81-42f3-a5fe-a0a907bfe6ea,2026-07-31T19:30:00Z,2026-07-31T21:30:00+0200,16.15561,MW,FR,FR,forecast_solar_generation,Solar,2026-08-05T07:10:17Z
2026-08-05T07:08:29Z,2026-08-05T09:08:29+0200,d671fb79-bd81-42f3-a5fe-a0a907bfe6ea,2026-07-31T19:45:00Z,2026-07-31T21:45:00+0200,0.01998,MW,FR,FR,forecast_solar_generation,Solar,2026-08-05T07:10:17Z
2026-08-05T07:08:29Z,2026-08-05T09:08:29+0200,d671fb79-bd81-42f3-a5fe-a0a907bfe6ea,2026-07-31T20:00:00Z,2026-07-31T22:00:00+0200,0.0,MW,FR,FR,forecast_solar_generation,Solar,2026-08-05T07:10:17Z
2026-08-05T07:08:29Z,2026-08-05T09:08:29+0200,d671fb79-bd81-42f3-a5fe-a0a907bfe6ea,2026-07-31T20:15:00Z,2026-07-31T22:15:00+0200,0.0,MW,FR,FR,forecast_solar_generation,Solar,2026-08-05T07:10:17Z
2026-08-05T07:08:29Z,2026-08-05T09:08:29+0200,d671fb79-bd81-42f3-a5fe-a0a907bfe6ea,2026-07-31T20:30:00Z,2026-07-31T22:30:00+0200,0.0,MW,FR,FR,forecast_solar_generation,Solar,2026-08-05T07:10:17Z
2026-08-05T07:08:29Z,2026-08-05T09:08:29+0200,d671fb79-bd81-42f3-a5fe-a0a907bfe6ea,2026-07-31T20:45:00Z,2026-07-31T22:45:00+0200,0.0,MW,FR,FR,forecast_solar_generation,Solar,2026-08-05T07:10:17Z
2026-08-05T07:08:29Z,2026-08-05T09:08:29+0200,d671fb79-bd81-42f3-a5fe-a0a907bfe6ea,2026-07-31T21:00:00Z,2026-07-31T23:00:00+0200,0.0,MW,FR,FR,forecast_solar_generation,Solar,2026-08-05T07:10:17Z
2026-08-05T07:08:29Z,2026-08-05T09:08:29+0200,d671fb79-bd81-42f3-a5fe-a0a907bfe6ea,2026-07-31T21:15:00Z,2026-07-31T23:15:00+0200,0.0,MW,FR,FR,forecast_solar_generation,Solar,2026-08-05T07:10:17Z
2026-08-05T07:08:29Z,2026-08-05T09:08:29+0200,d671fb79-bd81-42f3-a5fe-a0a907bfe6ea,2026-07-31T21:30:00Z,2026-07-31T23:30:00+0200,0.0,MW,FR,FR,forecast_solar_generation,Solar,2026-08-05T07:10:17Z
2026-08-05T07:08:29Z,2026-08-05T09:08:29+0200,d671fb79-bd81-42f3-a5fe-a0a907bfe6ea,2026-07-31T21:45:00Z,2026-07-31T23:45:00+0200,0.0,MW,FR,FR,forecast_solar_generation,Solar,2026-08-05T07:10:17Z
2026-08-05T07:08:29Z,2026-08-05T09:08:29+0200,d671fb79-bd81-42f3-a5fe-a0a907bfe6ea,2026-07-31T22:00:00Z,2026-08-01T00:00:00+0200,0.0,MW,FR,FR,forecast_solar_generation,Solar,2026-08-05T07:10:17Z
2026-08-05T07:08:29Z,2026-08-05T09:08:29+0200,d671fb79-bd81-42f3-a5fe-a0a907bfe6ea,2026-07-31T22:15:00Z,2026-08-01T00:15:00+0200,0.0,MW,FR,FR,forecast_solar_generation,Solar,2026-08-05T07:10:17Z
2026-08-05T07:08:29Z,2026-08-05T09:08:29+0200,d671fb79-bd81-42f3-a5fe-a0a907bfe6ea,2026-07-31T22:30:00Z,2026-08-01T00:30:00+0200,0.0,MW,FR,FR,forecast_solar_generation,Solar,2026-08-05T07:10:17Z
2026-08-05T07:08:29Z,2026-08-05T09:08:29+0200,d671fb79-bd81-42f3-a5fe-a0a907bfe6ea,2026-07-31T22:45:00Z,2026-08-01T00:45:00+0200,0.0,MW,FR,FR,forecast_solar_generation,Solar,2026-08-05T07:10:17Z
2026-08-05T07:08:29Z,2026-08-05T09:08:29+0200,d671fb79-bd81-42f3-a5fe-a0a907bfe6ea,2026-07-31T23:00:00Z,2026-08-01T01:00:00+0200,0.0,MW,FR,FR,forecast_solar_generation,Solar,2026-08-05T07:10:17Z
2026-08-05T07:08:29Z,2026-08-05T09:08:29+0200,d671fb79-bd81-42f3-a5fe-a0a907bfe6ea,2026-07-31T23:15:00Z,2026-08-01T01:15:00+0200,0.0,MW,FR,FR,forecast_solar_generation,Solar,2026-08-05T07:10:17Z
2026-08-05T07:08:29Z,2026-08-05T09:08:29+0200,d671fb79-bd81-42f3-a5fe-a0a907bfe6ea,2026-07-31T23:30:00Z,2026-08-01T01:30:00+0200,0.0,MW,FR,FR,forecast_solar_generation,Solar,2026-08-05T07:10:17Z
2026-08-05T07:08:29Z,2026-08-05T09:08:29+0200,d671fb79-bd81-42f3-a5fe-a0a907bfe6ea,2026-07-31T23:45:00Z,2026-08-01T01:45:00+0200,0.0,MW,FR,FR,forecast_solar_generation,Solar,2026-08-05T07:10:17Z
2026-08-05T07:08:29Z,2026-08-05T09:08:29+0200,d671fb79-bd81-42f3-a5fe-a0a907bfe6ea,2026-08-01T00:00:00Z,2026-08-01T02:00:00+0200,0.0,MW,FR,FR,forecast_solar_generation,Solar,2026-08-05T07:10:17Z
2026-08-05T07:08:29Z,2026-08-05T09:08:29+0200,d671fb79-bd81-42f3-a5fe-a0a907bfe6ea,2026-08-01T00:15:00Z,2026-08-01T02:15:00+0200,0.0,MW,FR,FR,forecast_solar_generation,Solar,2026-08-05T07:10:17Z
2026-08-05T07:08:29Z,2026-08-05T09:08:29+0200,d671fb79-bd81-42f3-a5fe-a0a907bfe6ea,2026-08-01T00:30:00Z,2026-08-01T02:30:00+0200,0.0,MW,FR,FR,forecast_solar_generation,Solar,2026-08-05T07:10:17Z
2026-08-05T07:08:29Z,2026-08-05T09:08:29+0200,d671fb79-bd81-42f3-a5fe-a0a907bfe6ea,2026-08-01T00:45:00Z,2026-08-01T02:45:00+0200,0.0,MW,FR,FR,forecast_solar_generation,Solar,2026-08-05T07:10:17Z
2026-08-05T07:08:29Z,2026-08-05T09:08:29+0200,d671fb79-bd81-42f3-a5fe-a0a907bfe6ea,2026-08-01T01:00:00Z,2026-08-01T03:00:00+0200,0.0,MW,FR,FR,forecast_solar_generation,Solar,2026-08-05T07:10:17Z
2026-08-05T07:08:29Z,2026-08-05T09:08:29+0200,d671fb79-bd81-42f3-a5fe-a0a907bfe6ea,2026-08-01T01:15:00Z,2026-08-01T03:15:00+0200,0.0,MW,FR,FR,forecast_solar_generation,Solar,2026-08-05T07:10:17Z
2026-08-05T07:08:29Z,2026-08-05T09:08:29+0200,d671fb79-bd81-42f3-a5fe-a0a907bfe6ea,2026-08-01T01:30:00Z,2026-08-01T03:30:00+0200,0.0,MW,FR,FR,forecast_solar_generation,Solar,2026-08-05T07:10:17Z
2026-08-05T07:08:29Z,2026-08-05T09:08:29+0200,d671fb79-bd81-42f3-a5fe-a0a907bfe6ea,2026-08-01T01:45:00Z,2026-08-01T03:45:00+0200,0.0,MW,FR,FR,forecast_solar_generation,Solar,2026-08-05T07:10:17Z
2026-08-05T07:08:29Z,2026-08-05T09:08:29+0200,d671fb79-bd81-42f3-a5fe-a0a907bfe6ea,2026-08-01T02:00:00Z,2026-08-01T04:00:00+0200,0.0,MW,FR,FR,forecast_solar_generation,Solar,2026-08-05T07:10:17Z
2026-08-05T07:08:29Z,2026-08-05T09:08:29+0200,d671fb79-bd81-42f3-a5fe-a0a907bfe6ea,2026-08-01T02:15:00Z,2026-08-01T04:15:00+0200,0.0,MW,FR,FR,forecast_solar_generation,Solar,2026-08-05T07:10:17Z
2026-08-05T07:08:29Z,2026-08-05T09:08:29+0200,d671fb79-bd81-42f3-a5fe-a0a907bfe6ea,2026-08-01T02:30:00Z,2026-08-01T04:30:00+0200,0.0,MW,FR,FR,forecast_solar_generation,Solar,2026-08-05T07:10:17Z
2026-08-05T07:08:29Z,2026-08-05T09:08:29+0200,d671fb79-bd81-42f3-a5fe-a0a907bfe6ea,2026-08-01T02:45:00Z,2026-08-01T04:45:00+0200,0.0,MW,FR,FR,forecast_solar_generation,Solar,2026-08-05T07:10:17Z
2026-08-05T07:08:29Z,2026-08-05T09:08:29+0200,d671fb79-bd81-42f3-a5fe-a0a907bfe6ea,2026-08-01T03:00:00Z,2026-08-01T05:00:00+0200,0.0,MW,FR,FR,forecast_solar_generation,Solar,2026-08-05T07:10:17Z
2026-08-05T07:08:29Z,2026-08-05T09:08:29+0200,d671fb79-bd81-42f3-a5fe-a0a907bfe6ea,2026-08-01T03:15:00Z,2026-08-01T05:15:00+0200,0.0,MW,FR,FR,forecast_solar_generation,Solar,2026-08-05T07:10:17Z
2026-08-05T07:08:29Z,2026-08-05T09:08:29+0200,d671fb79-bd81-42f3-a5fe-a0a907bfe6ea,2026-08-01T03:30:00Z,2026-08-01T05:30:00+0200,0.0,MW,FR,FR,forecast_solar_generation,Solar,2026-08-05T07:10:17Z
2026-08-05T07:08:29Z,2026-08-05T09:08:29+0200,d671fb79-bd81-42f3-a5fe-a0a907bfe6ea,2026-08-01T03:45:00Z,2026-08-01T05:45:00+0200,0.0,MW,FR,FR,forecast_solar_generation,Solar,2026-08-05T07:10:17Z
2026-08-05T07:08:29Z,2026-08-05T09:08:29+0200,d671fb79-bd81-42f3-a5fe-a0a907bfe6ea,2026-08-01T04:00:00Z,2026-08-01T06:00:00+0200,0.0,MW,FR,FR,forecast_solar_generation,Solar,2026-08-05T07:10:17Z
2026-08-05T07:08:29Z,2026-08-05T09:08:29+0200,d671fb79-bd81-42f3-a5fe-a0a907bfe6ea,2026-08-01T04:15:00Z,2026-08-01T06:15:00+0200,14.37124,MW,FR,FR,forecast_solar_generation,Solar,2026-08-05T07:10:17Z
2026-08-05T07:08:29Z,2026-08-05T09:08:29+0200,d671fb79-bd81-42f3-a5fe-a0a907bfe6ea,2026-08-01T04:30:00Z,2026-08-01T06:30:00+0200,69.11503,MW,FR,FR,forecast_solar_generation,Solar,2026-08-05T07:10:17Z
2026-08-05T07:08:29Z,2026-08-05T09:08:29+0200,d671fb79-bd81-42f3-a5fe-a0a907bfe6ea,2026-08-01T04:45:00Z,2026-08-01T06:45:00+0200,195.99213,MW,FR,FR,forecast_solar_generation,Solar,2026-08-05T07:10:17Z
2026-08-05T07:08:29Z,2026-08-05T09:08:29+0200,d671fb79-bd81-42f3-a5fe-a0a907bfe6ea,2026-08-01T05:00:00Z,2026-08-01T07:00:00+0200,428.51367,MW,FR,FR,forecast_solar_generation,Solar,2026-08-05T07:10:17Z
2026-08-05T07:08:29Z,2026-08-05T09:08:29+0200,d671fb79-bd81-42f3-a5fe-a0a907bfe6ea,2026-08-01T05:15:00Z,2026-08-01T07:15:00+0200,703.07196,MW,FR,FR,forecast_solar_generation,Solar,2026-08-05T07:10:17Z
2026-08-05T07:08:29Z,2026-08-05T09:08:29+0200,d671fb79-bd81-42f3-a5fe-a0a907bfe6ea,2026-08-01T05:30:00Z,2026-08-01T07:30:00+0200,1020.32147,MW,FR,FR,forecast_solar_generation,Solar,2026-08-05T07:10:17Z
2026-08-05T07:08:29Z,2026-08-05T09:08:29+0200,d671fb79-bd81-42f3-a5fe-a0a907bfe6ea,2026-08-01T05:45:00Z,2026-08-01T07:45:00+0200,1624.95032,MW,FR,FR,forecast_solar_generation,Solar,2026-08-05T07:10:17Z
2026-08-05T07:08:29Z,2026-08-05T09:08:29+0200,d671fb79-bd81-42f3-a5fe-a0a907bfe6ea,2026-08-01T06:00:00Z,2026-08-01T08:00:00+0200,2365.28613,MW,FR,FR,forecast_solar_generation,Solar,2026-08-05T07:10:17Z
2026-08-05T07:08:29Z,2026-08-05T09:08:29+0200,d671fb79-bd81-42f3-a5fe-a0a907bfe6ea,2026-08-01T06:15:00Z,2026-08-01T08:15:00+0200,3360.32593,MW,FR,FR,forecast_solar_generation,Solar,2026-08-05T07:10:17Z
2026-08-05T07:08:29Z,2026-08-05T09:08:29+0200,d671fb79-bd81-42f3-a5fe-a0a907bfe6ea,2026-08-01T06:30:00Z,2026-08-01T08:30:00+0200,4204.2085,MW,FR,FR,forecast_solar_generation,Solar,2026-08-05T07:10:17Z
2026-08-05T07:08:29Z,2026-08-05T09:08:29+0200,d671fb79-bd81-42f3-a5fe-a0a907bfe6ea,2026-08-01T06:45:00Z,2026-08-01T08:45:00+0200,5443.30029,MW,FR,FR,forecast_solar_generation,Solar,2026-08-05T07:10:17Z
2026-08-05T07:08:29Z,2026-08-05T09:08:29+0200,d671fb79-bd81-42f3-a5fe-a0a907bfe6ea,2026-08-01T07:00:00Z,2026-08-01T09:00:00+0200,6583.99707,MW,FR,FR,forecast_solar_generation,Solar,2026-08-05T07:10:17Z
2026-08-05T07:08:29Z,2026-08-05T09:08:29+0200,d671fb79-bd81-42f3-a5fe-a0a907bfe6ea,2026-08-01T07:15:00Z,2026-08-01T09:15:00+0200,7842.2915,MW,FR,FR,forecast_solar_generation,Solar,2026-08-05T07:10:17Z
2026-08-05T07:08:29Z,2026-08-05T09:08:29+0200,d671fb79-bd81-42f3-a5fe-a0a907bfe6ea,2026-08-01T07:30:00Z,2026-08-01T09:30:00+0200,9035.06348,MW,FR,FR,forecast_solar_generation,Solar,2026-08-05T07:10:17Z
2026-08-05T07:08:29Z,2026-08-05T09:08:29+0200,d671fb79-bd81-42f3-a5fe-a0a907bfe6ea,2026-08-01T07:45:00Z,2026-08-01T09:45:00+0200,10215.2666,MW,FR,FR,forecast_solar_generation,Solar,2026-08-05T07:10:17Z
2026-08-05T07:08:29Z,2026-08-05T09:08:29+0200,d671fb79-bd81-42f3-a5fe-a0a907bfe6ea,2026-08-01T08:00:00Z,2026-08-01T10:00:00+0200,11398.62012,MW,FR,FR,forecast_solar_generation,Solar,2026-08-05T07:10:17Z
2026-08-05T07:08:29Z,2026-08-05T09:08:29+0200,d671fb79-bd81-42f3-a5fe-a0a907bfe6ea,2026-08-01T08:15:00Z,2026-08-01T10:15:00+0200,12656.00586,MW,FR,FR,forecast_solar_generation,Solar,2026-08-05T07:10:17Z
2026-08-05T07:08:29Z,2026-08-05T09:08:29+0200,d671fb79-bd81-42f3-a5fe-a0a907bfe6ea,2026-08-01T08:30:00Z,2026-08-01T10:30:00+0200,13758.77441,MW,FR,FR,forecast_solar_generation,Solar,2026-08-05T07:10:17Z
2026-08-05T07:08:29Z,2026-08-05T09:08:29+0200,d671fb79-bd81-42f3-a5fe-a0a907bfe6ea,2026-08-01T08:45:00Z,2026-08-01T10:45:00+0200,14592.32129,MW,FR,FR,forecast_solar_generation,Solar,2026-08-05T07:10:17Z
2026-08-05T07:08:29Z,2026-08-05T09:08:29+0200,d671fb79-bd81-42f3-a5fe-a0a907bfe6ea,2026-08-01T09:00:00Z,2026-08-01T11:00:00+0200,15435.87695,MW,FR,FR,forecast_solar_generation,Solar,2026-08-05T07:10:17Z
2026-08-05T07:08:29Z,2026-08-05T09:08:29+0200,d671fb79-bd81-42f3-a5fe-a0a907bfe6ea,2026-08-01T09:15:00Z,2026-08-01T11:15:00+0200,16303.28711,MW,FR,FR,forecast_solar_generation,Solar,2026-08-05T07:10:17Z
2026-08-05T07:08:29Z,2026-08-05T09:08:29+0200,d671fb79-bd81-42f3-a5fe-a0a907bfe6ea,2026-08-01T09:30:00Z,2026-08-01T11:30:00+0200,17020.14844,MW,FR,FR,forecast_solar_generation,Solar,2026-08-05T07:10:17Z
2026-08-05T07:08:29Z,2026-08-05T09:08:29+0200,d671fb79-bd81-42f3-a5fe-a0a907bfe6ea,2026-08-01T09:45:00Z,2026-08-01T11:45:00+0200,17632.54492,MW,FR,FR,forecast_solar_generation,Solar,2026-08-05T07:10:17Z
2026-08-05T07:08:29Z,2026-08-05T09:08:29+0200,d671fb79-bd81-42f3-a5fe-a0a907bfe6ea,2026-08-01T10:00:00Z,2026-08-01T12:00:00+0200,18206.92188,MW,FR,FR,forecast_solar_generation,Solar,2026-08-05T07:10:17Z
2026-08-05T07:08:29Z,2026-08-05T09:08:29+0200,d671fb79-bd81-42f3-a5fe-a0a907bfe6ea,2026-08-01T10:15:00Z,2026-08-01T12:15:00+0200,18764.73047,MW,FR,FR,forecast_solar_generation,Solar,2026-08-05T07:10:17Z
2026-08-05T07:08:29Z,2026-08-05T09:08:29+0200,d671fb79-bd81-42f3-a5fe-a0a907bfe6ea,2026-08-01T10:30:00Z,2026-08-01T12:30:00+0200,19289.79492,MW,FR,FR,forecast_solar_generation,Solar,2026-08-05T07:10:17Z
2026-08-05T07:08:29Z,2026-08-05T09:08:29+0200,d671fb79-bd81-42f3-a5fe-a0a907bfe6ea,2026-08-01T10:45:00Z,2026-08-01T12:45:00+0200,19567.5918,MW,FR,FR,forecast_solar_generation,Solar,2026-08-05T07:10:17Z
2026-08-05T07:08:29Z,2026-08-05T09:08:29+0200,d671fb79-bd81-42f3-a5fe-a0a907bfe6ea,2026-08-01T11:00:00Z,2026-08-01T13:00:00+0200,19818.92969,MW,FR,FR,forecast_solar_generation,Solar,2026-08-05T07:10:17Z
2026-08-05T07:08:29Z,2026-08-05T09:08:29+0200,d671fb79-bd81-42f3-a5fe-a0a907bfe6ea,2026-08-01T11:15:00Z,2026-08-01T13:15:00+0200,19986.2207,MW,FR,FR,forecast_solar_generation,Solar,2026-08-05T07:10:17Z
2026-08-05T07:08:29Z,2026-08-05T09:08:29+0200,d671fb79-bd81-42f3-a5fe-a0a907bfe6ea,2026-08-01T11:30:00Z,2026-08-01T13:30:00+0200,20139.25977,MW,FR,FR,forecast_solar_generation,Solar,2026-08-05T07:10:17Z
2026-08-05T07:08:29Z,2026-08-05T09:08:29+0200,d671fb79-bd81-42f3-a5fe-a0a907bfe6ea,2026-08-01T11:45:00Z,2026-08-01T13:45:00+0200,20187.33984,MW,FR,FR,forecast_solar_generation,Solar,2026-08-05T07:10:17Z
2026-08-05T07:08:29Z,2026-08-05T09:08:29+0200,d671fb79-bd81-42f3-a5fe-a0a907bfe6ea,2026-08-01T12:00:00Z,2026-08-01T14:00:00+0200,20243.60742,MW,FR,FR,forecast_solar_generation,Solar,2026-08-05T07:10:17Z
2026-08-05T07:08:29Z,2026-08-05T09:08:29+0200,d671fb79-bd81-42f3-a5fe-a0a907bfe6ea,2026-08-01T12:15:00Z,2026-08-01T14:15:00+0200,20237.53711,MW,FR,FR,forecast_solar_generation,Solar,2026-08-05T07:10:17Z
2026-08-05T07:08:29Z,2026-08-05T09:08:29+0200,d671fb79-bd81-42f3-a5fe-a0a907bfe6ea,2026-08-01T12:30:00Z,2026-08-01T14:30:00+0200,20248.625,MW,FR,FR,forecast_solar_generation,Solar,2026-08-05T07:10:17Z
2026-08-05T07:08:29Z,2026-08-05T09:08:29+0200,d671fb79-bd81-42f3-a5fe-a0a907bfe6ea,2026-08-01T12:45:00Z,2026-08-01T14:45:00+0200,20104.7793,MW,FR,FR,forecast_solar_generation,Solar,2026-08-05T07:10:17Z
2026-08-05T07:08:29Z,2026-08-05T09:08:29+0200,d671fb79-bd81-42f3-a5fe-a0a907bfe6ea,2026-08-01T13:00:00Z,2026-08-01T15:00:00+0200,19928.36523,MW,FR,FR,forecast_solar_generation,Solar,2026-08-05T07:10:17Z
2026-08-05T07:08:29Z,2026-08-05T09:08:29+0200,d671fb79-bd81-42f3-a5fe-a0a907bfe6ea,2026-08-01T13:15:00Z,2026-08-01T15:15:00+0200,19683.75391,MW,FR,FR,forecast_solar_generation,Solar,2026-08-05T07:10:17Z
2026-08-05T07:08:29Z,2026-08-05T09:08:29+0200,d671fb79-bd81-42f3-a5fe-a0a907bfe6ea,2026-08-01T13:30:00Z,2026-08-01T15:30:00+0200,19398.10938,MW,FR,FR,forecast_solar_generation,Solar,2026-08-05T07:10:17Z
2026-08-05T07:08:29Z,2026-08-05T09:08:29+0200,d671fb79-bd81-42f3-a5fe-a0a907bfe6ea,2026-08-01T13:45:00Z,2026-08-01T15:45:00+0200,18860.16602,MW,FR,FR,forecast_solar_generation,Solar,2026-08-05T07:10:17Z
2026-08-05T07:08:29Z,2026-08-05T09:08:29+0200,d671fb79-bd81-42f3-a5fe-a0a907bfe6ea,2026-08-01T14:00:00Z,2026-08-01T16:00:00+0200,18326.56641,MW,FR,FR,forecast_solar_generation,Solar,2026-08-05T07:10:17Z
2026-08-05T07:08:29Z,2026-08-05T09:08:29+0200,d671fb79-bd81-42f3-a5fe-a0a907bfe6ea,2026-08-01T14:15:00Z,2026-08-01T16:15:00+0200,17714.66406,MW,FR,FR,forecast_solar_generation,Solar,2026-08-05T07:10:17Z
2026-08-05T07:08:29Z,2026-08-05T09:08:29+0200,d671fb79-bd81-42f3-a5fe-a0a907bfe6ea,2026-08-01T14:30:00Z,2026-08-01T16:30:00+0200,17067.68945,MW,FR,FR,forecast_solar_generation,Solar,2026-08-05T07:10:17Z
2026-08-05T07:08:29Z,2026-08-05T09:08:29+0200,d671fb79-bd81-42f3-a5fe-a0a907bfe6ea,2026-08-01T14:45:00Z,2026-08-01T16:45:00+0200,16345.06348,MW,FR,FR,forecast_solar_generation,Solar,2026-08-05T07:10:17Z
2026-08-05T07:08:29Z,2026-08-05T09:08:29+0200,d671fb79-bd81-42f3-a5fe-a0a907bfe6ea,2026-08-01T15:00:00Z,2026-08-01T17:00:00+0200,15596.78711,MW,FR,FR,forecast_solar_generation,Solar,2026-08-05T07:10:17Z
2026-08-05T07:08:29Z,2026-08-05T09:08:29+0200,d671fb79-bd81-42f3-a5fe-a0a907bfe6ea,2026-08-01T15:15:00Z,2026-08-01T17:15:00+0200,14745.97168,MW,FR,FR,forecast_solar_generation,Solar,2026-08-05T07:10:17Z
2026-08-05T07:08:29Z,2026-08-05T09:08:29+0200,d671fb79-bd81-42f3-a5fe-a0a907bfe6ea,2026-08-01T15:30:00Z,2026-08-01T17:30:00+0200,13827.45215,MW,FR,FR,forecast_solar_generation,Solar,2026-08-05T07:10:17Z
2026-08-05T07:08:29Z,2026-08-05T09:08:29+0200,d671fb79-bd81-42f3-a5fe-a0a907bfe6ea,2026-08-01T15:45:00Z,2026-08-01T17:45:00+0200,12855.78125,MW,FR,FR,forecast_solar_generation,Solar,2026-08-05T07:10:17Z
2026-08-05T07:08:29Z,2026-08-05T09:08:29+0200,d671fb79-bd81-42f3-a5fe-a0a907bfe6ea,2026-08-01T16:00:00Z,2026-08-01T18:00:00+0200,11786.9043,MW,FR,FR,forecast_solar_generation,Solar,2026-08-05T07:10:17Z
2026-08-05T07:08:29Z,2026-08-05T09:08:29+0200,d671fb79-bd81-42f3-a5fe-a0a907bfe6ea,2026-08-01T16:15:00Z,2026-08-01T18:15:00+0200,10608.31934,MW,FR,FR,forecast_solar_generation,Solar,2026-08-05T07:10:17Z
2026-08-05T07:08:29Z,2026-08-05T09:08:29+0200,d671fb79-bd81-42f3-a5fe-a0a907bfe6ea,2026-08-01T16:30:00Z,2026-08-01T18:30:00+0200,9454.28027,MW,FR,FR,forecast_solar_generation,Solar,2026-08-05T07:10:17Z
2026-08-05T07:08:29Z,2026-08-05T09:08:29+0200,d671fb79-bd81-42f3-a5fe-a0a907bfe6ea,2026-08-01T16:45:00Z,2026-08-01T18:45:00+0200,8364.69336,MW,FR,FR,forecast_solar_generation,Solar,2026-08-05T07:10:17Z
2026-08-05T07:08:29Z,2026-08-05T09:08:29+0200,d671fb79-bd81-42f3-a5fe-a0a907bfe6ea,2026-08-01T17:00:00Z,2026-08-01T19:00:00+0200,7065.86865,MW,FR,FR,forecast_solar_generation,Solar,2026-08-05T07:10:17Z
2026-08-05T07:08:29Z,2026-08-05T09:08:29+0200,d671fb79-bd81-42f3-a5fe-a0a907bfe6ea,2026-08-01T17:15:00Z,2026-08-01T19:15:00+0200,5990.66602,MW,FR,FR,forecast_solar_generation,Solar,2026-08-05T07:10:17Z
2026-08-05T07:08:29Z,2026-08-05T09:08:29+0200,d671fb79-bd81-42f3-a5fe-a0a907bfe6ea,2026-08-01T17:30:00Z,2026-08-01T19:30:00+0200,4714.99414,MW,FR,FR,forecast_solar_generation,Solar,2026-08-05T07:10:17Z
2026-08-05T07:08:29Z,2026-08-05T09:08:29+0200,d671fb79-bd81-42f3-a5fe-a0a907bfe6ea,2026-08-01T17:45:00Z,2026-08-01T19:45:00+0200,3763.63525,MW,FR,FR,forecast_solar_generation,Solar,2026-08-05T07:10:17Z
2026-08-05T07:08:29Z,2026-08-05T09:08:29+0200,d671fb79-bd81-42f3-a5fe-a0a907bfe6ea,2026-08-01T18:00:00Z,2026-08-01T20:00:00+0200,2732.34937,MW,FR,FR,forecast_solar_generation,Solar,2026-08-05T07:10:17Z
2026-08-05T07:08:29Z,2026-08-05T09:08:29+0200,d671fb79-bd81-42f3-a5fe-a0a907bfe6ea,2026-08-01T18:15:00Z,2026-08-01T20:15:00+0200,1927.07043,MW,FR,FR,forecast_solar_generation,Solar,2026-08-05T07:10:17Z
2026-08-05T07:08:29Z,2026-08-05T09:08:29+0200,d671fb79-bd81-42f3-a5fe-a0a907bfe6ea,2026-08-01T18:30:00Z,2026-08-01T20:30:00+0200,1269.68091,MW,FR,FR,forecast_solar_generation,Solar,2026-08-05T07:10:17Z
2026-08-05T07:08:29Z,2026-08-05T09:08:29+0200,d671fb79-bd81-42f3-a5fe-a0a907bfe6ea,2026-08-01T18:45:00Z,2026-08-01T20:45:00+0200,882.09631,MW,FR,FR,forecast_solar_generation,Solar,2026-08-05T07:10:17Z
2026-08-05T07:08:29Z,2026-08-05T09:08:29+0200,d671fb79-bd81-42f3-a5fe-a0a907bfe6ea,2026-08-01T19:00:00Z,2026-08-01T21:00:00+0200,482.17688,MW,FR,FR,forecast_solar_generation,Solar,2026-08-05T07:10:17Z
2026-08-05T07:08:29Z,2026-08-05T09:08:29+0200,d671fb79-bd81-42f3-a5fe-a0a907bfe6ea,2026-08-01T19:15:00Z,2026-08-01T21:15:00+0200,151.81421,MW,FR,FR,forecast_solar_generation,Solar,2026-08-05T07:10:17Z
2026-08-05T07:08:29Z,2026-08-05T09:08:29+0200,d671fb79-bd81-42f3-a5fe-a0a907bfe6ea,2026-08-01T19:30:00Z,2026-08-01T21:30:00+0200,12.57353,MW,FR,FR,forecast_solar_generation,Solar,2026-08-05T07:10:17Z
2026-08-05T07:08:29Z,2026-08-05T09:08:29+0200,d671fb79-bd81-42f3-a5fe-a0a907bfe6ea,2026-08-01T19:45:00Z,2026-08-01T21:45:00+0200,0.0,MW,FR,FR,forecast_solar_generation,Solar,2026-08-05T07:10:17Z
2026-08-05T07:08:29Z,2026-08-05T09:08:29+0200,d671fb79-bd81-42f3-a5fe-a0a907bfe6ea,2026-08-01T20:00:00Z,2026-08-01T22:00:00+0200,0.0,MW,FR,FR,forecast_solar_generation,Solar,2026-08-05T07:10:17Z
2026-08-05T07:08:29Z,2026-08-05T09:08:29+0200,d671fb79-bd81-42f3-a5fe-a0a907bfe6ea,2026-08-01T20:15:00Z,2026-08-01T22:15:00+0200,0.0,MW,FR,FR,forecast_solar_generation,Solar,2026-08-05T07:10:17Z
2026-08-05T07:08:29Z,2026-08-05T09:08:29+0200,d671fb79-bd81-42f3-a5fe-a0a907bfe6ea,2026-08-01T20:30:00Z,2026-08-01T22:30:00+0200,0.0,MW,FR,FR,forecast_solar_generation,Solar,2026-08-05T07:10:17Z
2026-08-05T07:08:29Z,2026-08-05T09:08:29+0200,d671fb79-bd81-42f3-a5fe-a0a907bfe6ea,2026-08-01T20:45:00Z,2026-08-01T22:45:00+0200,0.0,MW,FR,FR,forecast_solar_generation,Solar,2026-08-05T07:10:17Z
2026-08-05T07:08:29Z,2026-08-05T09:08:29+0200,d671fb79-bd81-42f3-a5fe-a0a907bfe6ea,2026-08-01T21:00:00Z,2026-08-01T23:00:00+0200,0.0,MW,FR,FR,forecast_solar_generation,Solar,2026-08-05T07:10:17Z
2026-08-05T07:08:29Z,2026-08-05T09:08:29+0200,d671fb79-bd81-42f3-a5fe-a0a907bfe6ea,2026-08-01T21:15:00Z,2026-08-01T23:15:00+0200,0.0,MW,FR,FR,forecast_solar_generation,Solar,2026-08-05T07:10:17Z
2026-08-05T07:08:29Z,2026-08-05T09:08:29+0200,d671fb79-bd81-42f3-a5fe-a0a907bfe6ea,2026-08-01T21:30:00Z,2026-08-01T23:30:00+0200,0.0,MW,FR,FR,forecast_solar_generation,Solar,2026-08-05T07:10:17Z
2026-08-05T07:08:29Z,2026-08-05T09:08:29+0200,d671fb79-bd81-42f3-a5fe-a0a907bfe6ea,2026-08-01T21:45:00Z,2026-08-01T23:45:00+0200,0.0,MW,FR,FR,forecast_solar_generation,Solar,2026-08-05T07:10:17Z
2026-08-05T07:08:29Z,2026-08-05T09:08:29+0200,d671fb79-bd81-42f3-a5fe-a0a907bfe6ea,2026-08-01T22:00:00Z,2026-08-02T00:00:00+0200,0.0,MW,FR,FR,forecast_solar_generation,Solar,2026-08-05T07:10:17Z
2026-08-05T07:08:29Z,2026-08-05T09:08:29+0200,d671fb79-bd81-42f3-a5fe-a0a907bfe6ea,2026-08-01T22:15:00Z,2026-08-02T00:15:00+0200,0.0,MW,FR,FR,forecast_solar_generation,Solar,2026-08-05T07:10:17Z
2026-08-05T07:08:29Z,2026-08-05T09:08:29+0200,d671fb79-bd81-42f3-a5fe-a0a907bfe6ea,2026-08-01T22:30:00Z,2026-08-02T00:30:00+0200,0.0,MW,FR,FR,forecast_solar_generation,Solar,2026-08-05T07:10:17Z
2026-08-05T07:08:29Z,2026-08-05T09:08:29+0200,d671fb79-bd81-42f3-a5fe-a0a907bfe6ea,2026-08-01T22:45:00Z,2026-08-02T00:45:00+0200,0.0,MW,FR,FR,forecast_solar_generation,Solar,2026-08-05T07:10:17Z
2026-08-05T07:08:29Z,2026-08-05T09:08:29+0200,d671fb79-bd81-42f3-a5fe-a0a907bfe6ea,2026-08-01T23:00:00Z,2026-08-02T01:00:00+0200,0.0,MW,FR,FR,forecast_solar_generation,Solar,2026-08-05T07:10:17Z
2026-08-05T07:08:29Z,2026-08-05T09:08:29+0200,d671fb79-bd81-42f3-a5fe-a0a907bfe6ea,2026-08-01T23:15:00Z,2026-08-02T01:15:00+0200,0.0,MW,FR,FR,forecast_solar_generation,Solar,2026-08-05T07:10:17Z
2026-08-05T07:08:29Z,2026-08-05T09:08:29+0200,d671fb79-bd81-42f3-a5fe-a0a907bfe6ea,2026-08-01T23:30:00Z,2026-08-02T01:30:00+0200,0.0,MW,FR,FR,forecast_solar_generation,Solar,2026-08-05T07:10:17Z
2026-08-05T07:08:29Z,2026-08-05T09:08:29+0200,d671fb79-bd81-42f3-a5fe-a0a907bfe6ea,2026-08-01T23:45:00Z,2026-08-02T01:45:00+0200,0.0,MW,FR,FR,forecast_solar_generation,Solar,2026-08-05T07:10:17Z
2026-08-05T07:08:29Z,2026-08-05T09:08:29+0200,d671fb79-bd81-42f3-a5fe-a0a907bfe6ea,2026-08-02T00:00:00Z,2026-08-02T02:00:00+0200,0.0,MW,FR,FR,forecast_solar_generation,Solar,2026-08-05T07:10:17Z
2026-08-05T07:08:29Z,2026-08-05T09:08:29+0200,d671fb79-bd81-42f3-a5fe-a0a907bfe6ea,2026-08-02T00:15:00Z,2026-08-02T02:15:00+0200,0.0,MW,FR,FR,forecast_solar_generation,Solar,2026-08-05T07:10:17Z
2026-08-05T07:08:29Z,2026-08-05T09:08:29+0200,d671fb79-bd81-42f3-a5fe-a0a907bfe6ea,2026-08-02T00:30:00Z,2026-08-02T02:30:00+0200,0.0,MW,FR,FR,forecast_solar_generation,Solar,2026-08-05T07:10:17Z
2026-08-05T07:08:29Z,2026-08-05T09:08:29+0200,d671fb79-bd81-42f3-a5fe-a0a907bfe6ea,2026-08-02T00:45:00Z,2026-08-02T02:45:00+0200,0.0,MW,FR,FR,forecast_solar_generation,Solar,2026-08-05T07:10:17Z
2026-08-05T07:08:29Z,2026-08-05T09:08:29+0200,d671fb79-bd81-42f3-a5fe-a0a907bfe6ea,2026-08-02T01:00:00Z,2026-08-02T03:00:00+0200,0.0,MW,FR,FR,forecast_solar_generation,Solar,2026-08-05T07:10:17Z
2026-08-05T07:08:29Z,2026-08-05T09:08:29+0200,d671fb79-bd81-42f3-a5fe-a0a907bfe6ea,2026-08-02T01:15:00Z,2026-08-02T03:15:00+0200,0.0,MW,FR,FR,forecast_solar_generation,Solar,2026-08-05T07:10:17Z
2026-08-05T07:08:29Z,2026-08-05T09:08:29+0200,d671fb79-bd81-42f3-a5fe-a0a907bfe6ea,2026-08-02T01:30:00Z,2026-08-02T03:30:00+0200,0.0,MW,FR,FR,forecast_solar_generation,Solar,2026-08-05T07:10:17Z
2026-08-05T07:08:29Z,2026-08-05T09:08:29+0200,d671fb79-bd81-42f3-a5fe-a0a907bfe6ea,2026-08-02T01:45:00Z,2026-08-02T03:45:00+0200,0.0,MW,FR,FR,forecast_solar_generation,Solar,2026-08-05T07:10:17Z
2026-08-05T07:08:29Z,2026-08-05T09:08:29+0200,d671fb79-bd81-42f3-a5fe-a0a907bfe6ea,2026-08-02T02:00:00Z,2026-08-02T04:00:00+0200,0.0,MW,FR,FR,forecast_solar_generation,Solar,2026-08-05T07:10:17Z
2026-08-05T07:08:29Z,2026-08-05T09:08:29+0200,d671fb79-bd81-42f3-a5fe-a0a907bfe6ea,2026-08-02T02:15:00Z,2026-08-02T04:15:00+0200,0.0,MW,FR,FR,forecast_solar_generation,Solar,2026-08-05T07:10:17Z
2026-08-05T07:08:29Z,2026-08-05T09:08:29+0200,d671fb79-bd81-42f3-a5fe-a0a907bfe6ea,2026-08-02T02:30:00Z,2026-08-02T04:30:00+0200,0.0,MW,FR,FR,forecast_solar_generation,Solar,2026-08-05T07:10:17Z
2026-08-05T07:08:29Z,2026-08-05T09:08:29+0200,d671fb79-bd81-42f3-a5fe-a0a907bfe6ea,2026-08-02T02:45:00Z,2026-08-02T04:45:00+0200,0.0,MW,FR,FR,forecast_solar_generation,Solar,2026-08-05T07:10:17Z
2026-08-05T07:08:29Z,2026-08-05T09:08:29+0200,d671fb79-bd81-42f3-a5fe-a0a907bfe6ea,2026-08-02T03:00:00Z,2026-08-02T05:00:00+0200,0.0,MW,FR,FR,forecast_solar_generation,Solar,2026-08-05T07:10:17Z
2026-08-05T07:08:29Z,2026-08-05T09:08:29+0200,d671fb79-bd81-42f3-a5fe-a0a907bfe6ea,2026-08-02T03:15:00Z,2026-08-02T05:15:00+0200,0.0,MW,FR,FR,forecast_solar_generation,Solar,2026-08-05T07:10:17Z
2026-08-05T07:08:29Z,2026-08-05T09:08:29+0200,d671fb79-bd81-42f3-a5fe-a0a907bfe6ea,2026-08-02T03:30:00Z,2026-08-02T05:30:00+0200,0.0,MW,FR,FR,forecast_solar_generation,Solar,2026-08-05T07:10:17Z
2026-08-05T07:08:29Z,2026-08-05T09:08:29+0200,d671fb79-bd81-42f3-a5fe-a0a907bfe6ea,2026-08-02T03:45:00Z,2026-08-02T05:45:00+0200,0.0,MW,FR,FR,forecast_solar_generation,Solar,2026-08-05T07:10:17Z
2026-08-05T07:08:29Z,2026-08-05T09:08:29+0200,d671fb79-bd81-42f3-a5fe-a0a907bfe6ea,2026-08-02T04:00:00Z,2026-08-02T06:00:00+0200,0.0,MW,FR,FR,forecast_solar_generation,Solar,2026-08-05T07:10:17Z
2026-08-05T07:08:29Z,2026-08-05T09:08:29+0200,d671fb79-bd81-42f3-a5fe-a0a907bfe6ea,2026-08-02T04:15:00Z,2026-08-02T06:15:00+0200,12.24301,MW,FR,FR,forecast_solar_generation,Solar,2026-08-05T07:10:17Z
2026-08-05T07:08:29Z,2026-08-05T09:08:29+0200,d671fb79-bd81-42f3-a5fe-a0a907bfe6ea,2026-08-02T04:30:00Z,2026-08-02T06:30:00+0200,64.60678,MW,FR,FR,forecast_solar_generation,Solar,2026-08-05T07:10:17Z
2026-08-05T07:08:29Z,2026-08-05T09:08:29+0200,d671fb79-bd81-42f3-a5fe-a0a907bfe6ea,2026-08-02T04:45:00Z,2026-08-02T06:45:00+0200,220.17879,MW,FR,FR,forecast_solar_generation,Solar,2026-08-05T07:10:17Z
2026-08-05T07:08:29Z,2026-08-05T09:08:29+0200,d671fb79-bd81-42f3-a5fe-a0a907bfe6ea,2026-08-02T05:00:00Z,2026-08-02T07:00:00+0200,484.14737,MW,FR,FR,forecast_solar_generation,Solar,2026-08-05T07:10:17Z
2026-08-05T07:08:29Z,2026-08-05T09:08:29+0200,d671fb79-bd81-42f3-a5fe-a0a907bfe6ea,2026-08-02T05:15:00Z,2026-08-02T07:15:00+0200,798.8266,MW,FR,FR,forecast_solar_generation,Solar,2026-08-05T07:10:17Z
2026-08-05T07:08:29Z,2026-08-05T09:08:29+0200,d671fb79-bd81-42f3-a5fe-a0a907bfe6ea,2026-08-02T05:30:00Z,2026-08-02T07:30:00+0200,1139.55847,MW,FR,FR,forecast_solar_generation,Solar,2026-08-05T07:10:17Z
2026-08-05T07:08:29Z,2026-08-05T09:08:29+0200,d671fb79-bd81-42f3-a5fe-a0a907bfe6ea,2026-08-02T05:45:00Z,2026-08-02T07:45:00+0200,1826.64233,MW,FR,FR,forecast_solar_generation,Solar,2026-08-05T07:10:17Z
2026-08-05T07:08:29Z,2026-08-05T09:08:29+0200,d671fb79-bd81-42f3-a5fe-a0a907bfe6ea,2026-08-02T06:00:00Z,2026-08-02T08:00:00+0200,2687.35156,MW,FR,FR,forecast_solar_generation,Solar,2026-08-05T07:10:17Z
2026-08-05T07:08:29Z,2026-08-05T09:08:29+0200,d671fb79-bd81-42f3-a5fe-a0a907bfe6ea,2026-08-02T06:15:00Z,2026-08-02T08:15:00+0200,3768.60815,MW,FR,FR,forecast_solar_generation,Solar,2026-08-05T07:10:17Z
2026-08-05T07:08:29Z,2026-08-05T09:08:29+0200,d671fb79-bd81-42f3-a5fe-a0a907bfe6ea,2026-08-02T06:30:00Z,2026-08-02T08:30:00+0200,4755.61182,MW,FR,FR,forecast_solar_generation,Solar,2026-08-05T07:10:17Z
2026-08-05T07:08:29Z,2026-08-05T09:08:29+0200,d671fb79-bd81-42f3-a5fe-a0a907bfe6ea,2026-08-02T06:45:00Z,2026-08-02T08:45:00+0200,6065.5708,MW,FR,FR,forecast_solar_generation,Solar,2026-08-05T07:10:17Z
2026-08-05T07:08:29Z,2026-08-05T09:08:29+0200,d671fb79-bd81-42f3-a5fe-a0a907bfe6ea,2026-08-02T07:00:00Z,2026-08-02T09:00:00+0200,7343.32422,MW,FR,FR,forecast_solar_generation,Solar,2026-08-05T07:10:17Z
2026-08-05T07:08:29Z,2026-08-05T09:08:29+0200,d671fb79-bd81-42f3-a5fe-a0a907bfe6ea,2026-08-02T07:15:00Z,2026-08-02T09:15:00+0200,8634.75391,MW,FR,FR,forecast_solar_generation,Solar,2026-08-05T07:10:17Z
2026-08-05T07:08:29Z,2026-08-05T09:08:29+0200,d671fb79-bd81-42f3-a5fe-a0a907bfe6ea,2026-08-02T07:30:00Z,2026-08-02T09:30:00+0200,9899.05371,MW,FR,FR,forecast_solar_generation,Solar,2026-08-05T07:10:17Z
2026-08-05T07:08:29Z,2026-08-05T09:08:29+0200,d671fb79-bd81-42f3-a5fe-a0a907bfe6ea,2026-08-02T07:45:00Z,2026-08-02T09:45:00+0200,11098.39355,MW,FR,FR,forecast_solar_generation,Solar,2026-08-05T07:10:17Z
2026-08-05T07:08:29Z,2026-08-05T09:08:29+0200,d671fb79-bd81-42f3-a5fe-a0a907bfe6ea,2026-08-02T08:00:00Z,2026-08-02T10:00:00+0200,12265.89648,MW,FR,FR,forecast_solar_generation,Solar,2026-08-05T07:10:17Z
2026-08-05T07:08:29Z,2026-08-05T09:08:29+0200,d671fb79-bd81-42f3-a5fe-a0a907bfe6ea,2026-08-02T08:15:00Z,2026-08-02T10:15:00+0200,13497.25879,MW,FR,FR,forecast_solar_generation,Solar,2026-08-05T07:10:17Z
2026-08-05T07:08:29Z,2026-08-05T09:08:29+0200,d671fb79-bd81-42f3-a5fe-a0a907bfe6ea,2026-08-02T08:30:00Z,2026-08-02T10:30:00+0200,14525.8916,MW,FR,FR,forecast_solar_generation,Solar,2026-08-05T07:10:17Z
2026-08-05T07:08:29Z,2026-08-05T09:08:29+0200,d671fb79-bd81-42f3-a5fe-a0a907bfe6ea,2026-08-02T08:45:00Z,2026-08-02T10:45:00+0200,15436.40039,MW,FR,FR,forecast_solar_generation,Solar,2026-08-05T07:10:17Z
2026-08-05T07:08:29Z,2026-08-05T09:08:29+0200,d671fb79-bd81-42f3-a5fe-a0a907bfe6ea,2026-08-02T09:00:00Z,2026-08-02T11:00:00+0200,12558.41504,MW,FR,FR,forecast_solar_generation,Solar,2026-08-05T07:10:17Z
2026-08-05T07:08:29Z,2026-08-05T09:08:29+0200,d671fb79-bd81-42f3-a5fe-a0a907bfe6ea,2026-08-02T09:15:00Z,2026-08-02T11:15:00+0200,13213.9043,MW,FR,FR,forecast_solar_generation,Solar,2026-08-05T07:10:17Z
2026-08-05T07:08:29Z,2026-08-05T09:08:29+0200,d671fb79-bd81-42f3-a5fe-a0a907bfe6ea,2026-08-02T09:30:00Z,2026-08-02T11:30:00+0200,13814.33496,MW,FR,FR,forecast_solar_generation,Solar,2026-08-05T07:10:17Z
2026-08-05T07:08:29Z,2026-08-05T09:08:29+0200,d671fb79-bd81-42f3-a5fe-a0a907bfe6ea,2026-08-02T09:45:00Z,2026-08-02T11:45:00+0200,14285.80566,MW,FR,FR,forecast_solar_generation,Solar,2026-08-05T07:10:17Z
2026-08-05T07:08:29Z,2026-08-05T09:08:29+0200,d671fb79-bd81-42f3-a5fe-a0a907bfe6ea,2026-08-02T10:00:00Z,2026-08-02T12:00:00+0200,14753.78418,MW,FR,FR,forecast_solar_generation,Solar,2026-08-05T07:10:17Z
2026-08-05T07:08:29Z,2026-08-05T09:08:29+0200,d671fb79-bd81-42f3-a5fe-a0a907bfe6ea,2026-08-02T10:15:00Z,2026-08-02T12:15:00+0200,14390.49512,MW,FR,FR,forecast_solar_generation,Solar,2026-08-05T07:10:17Z
2026-08-05T07:08:29Z,2026-08-05T09:08:29+0200,d671fb79-bd81-42f3-a5fe-a0a907bfe6ea,2026-08-02T10:30:00Z,2026-08-02T12:30:00+0200,14079.00488,MW,FR,FR,forecast_solar_generation,Solar,2026-08-05T07:10:17Z
2026-08-05T07:08:29Z,2026-08-05T09:08:29+0200,d671fb79-bd81-42f3-a5fe-a0a907bfe6ea,2026-08-02T10:45:00Z,2026-08-02T12:45:00+0200,13756.99609,MW,FR,FR,forecast_solar_generation,Solar,2026-08-05T07:10:17Z
2026-08-05T07:08:29Z,2026-08-05T09:08:29+0200,d671fb79-bd81-42f3-a5fe-a0a907bfe6ea,2026-08-02T11:00:00Z,2026-08-02T13:00:00+0200,13876.8457,MW,FR,FR,forecast_solar_generation,Solar,2026-08-05T07:10:17Z
2026-08-05T07:08:29Z,2026-08-05T09:08:29+0200,d671fb79-bd81-42f3-a5fe-a0a907bfe6ea,2026-08-02T11:15:00Z,2026-08-02T13:15:00+0200,13959.99707,MW,FR,FR,forecast_solar_generation,Solar,2026-08-05T07:10:17Z
2026-08-05T07:08:29Z,2026-08-05T09:08:29+0200,d671fb79-bd81-42f3-a5fe-a0a907bfe6ea,2026-08-02T11:30:00Z,2026-08-02T13:30:00+0200,14035.15527,MW,FR,FR,forecast_solar_generation,Solar,2026-08-05T07:10:17Z
2026-08-05T07:08:29Z,2026-08-05T09:08:29+0200,d671fb79-bd81-42f3-a5fe-a0a907bfe6ea,2026-08-02T11:45:00Z,2026-08-02T13:45:00+0200,14047.6084,MW,FR,FR,forecast_solar_generation,Solar,2026-08-05T07:10:17Z
2026-08-05T07:08:29Z,2026-08-05T09:08:29+0200,d671fb79-bd81-42f3-a5fe-a0a907bfe6ea,2026-08-02T12:00:00Z,2026-08-02T14:00:00+0200,14043.31055,MW,FR,FR,forecast_solar_generation,Solar,2026-08-05T07:10:17Z
2026-08-05T07:08:29Z,2026-08-05T09:08:29+0200,d671fb79-bd81-42f3-a5fe-a0a907bfe6ea,2026-08-02T12:15:00Z,2026-08-02T14:15:00+0200,13989.41797,MW,FR,FR,forecast_solar_generation,Solar,2026-08-05T07:10:17Z
2026-08-05T07:08:29Z,2026-08-05T09:08:29+0200,d671fb79-bd81-42f3-a5fe-a0a907bfe6ea,2026-08-02T12:30:00Z,2026-08-02T14:30:00+0200,13919.55273,MW,FR,FR,forecast_solar_generation,Solar,2026-08-05T07:10:17Z
2026-08-05T07:08:29Z,2026-08-05T09:08:29+0200,d671fb79-bd81-42f3-a5fe-a0a907bfe6ea,2026-08-02T12:45:00Z,2026-08-02T14:45:00+0200,13768.35547,MW,FR,FR,forecast_solar_generation,Solar,2026-08-05T07:10:17Z
2026-08-05T07:08:29Z,2026-08-05T09:08:29+0200,d671fb79-bd81-42f3-a5fe-a0a907bfe6ea,2026-08-02T13:00:00Z,2026-08-02T15:00:00+0200,13936.01074,MW,FR,FR,forecast_solar_generation,Solar,2026-08-05T07:10:17Z
2026-08-05T07:08:29Z,2026-08-05T09:08:29+0200,d671fb79-bd81-42f3-a5fe-a0a907bfe6ea,2026-08-02T13:15:00Z,2026-08-02T15:15:00+0200,15143.13574,MW,FR,FR,forecast_solar_generation,Solar,2026-08-05T07:10:17Z
2026-08-05T07:08:29Z,2026-08-05T09:08:29+0200,d671fb79-bd81-42f3-a5fe-a0a907bfe6ea,2026-08-02T13:30:00Z,2026-08-02T15:30:00+0200,14871.87109,MW,FR,FR,forecast_solar_generation,Solar,2026-08-05T07:10:17Z
2026-08-05T07:08:29Z,2026-08-05T09:08:29+0200,d671fb79-bd81-42f3-a5fe-a0a907bfe6ea,2026-08-02T13:45:00Z,2026-08-02T15:45:00+0200,14479.48535,MW,FR,FR,forecast_solar_generation,Solar,2026-08-05T07:10:17Z
2026-08-05T07:08:29Z,2026-08-05T09:08:29+0200,d671fb79-bd81-42f3-a5fe-a0a907bfe6ea,2026-08-02T14:00:00Z,2026-08-02T16:00:00+0200,18167.05664,MW,FR,FR,forecast_solar_generation,Solar,2026-08-05T07:10:17Z
2026-08-05T07:08:29Z,2026-08-05T09:08:29+0200,d671fb79-bd81-42f3-a5fe-a0a907bfe6ea,2026-08-02T14:15:00Z,2026-08-02T16:15:00+0200,17569.24023,MW,FR,FR,forecast_solar_generation,Solar,2026-08-05T07:10:17Z
2026-08-05T07:08:29Z,2026-08-05T09:08:29+0200,d671fb79-bd81-42f3-a5fe-a0a907bfe6ea,2026-08-02T14:30:00Z,2026-08-02T16:30:00+0200,16869.33008,MW,FR,FR,forecast_solar_generation,Solar,2026-08-05T07:10:17Z
2026-08-05T07:08:29Z,2026-08-05T09:08:29+0200,d671fb79-bd81-42f3-a5fe-a0a907bfe6ea,2026-08-02T14:45:00Z,2026-08-02T16:45:00+0200,16127.30957,MW,FR,FR,forecast_solar_generation,Solar,2026-08-05T07:10:17Z
2026-08-05T07:08:29Z,2026-08-05T09:08:29+0200,d671fb79-bd81-42f3-a5fe-a0a907bfe6ea,2026-08-02T15:00:00Z,2026-08-02T17:00:00+0200,15356.58008,MW,FR,FR,forecast_solar_generation,Solar,2026-08-05T07:10:17Z
2026-08-05T07:08:29Z,2026-08-05T09:08:29+0200,d671fb79-bd81-42f3-a5fe-a0a907bfe6ea,2026-08-02T15:15:00Z,2026-08-02T17:15:00+0200,14544.48926,MW,FR,FR,forecast_solar_generation,Solar,2026-08-05T07:10:17Z
2026-08-05T07:08:29Z,2026-08-05T09:08:29+0200,d671fb79-bd81-42f3-a5fe-a0a907bfe6ea,2026-08-02T15:30:00Z,2026-08-02T17:30:00+0200,13671.57422,MW,FR,FR,forecast_solar_generation,Solar,2026-08-05T07:10:17Z
2026-08-05T07:08:29Z,2026-08-05T09:08:29+0200,d671fb79-bd81-42f3-a5fe-a0a907bfe6ea,2026-08-02T15:45:00Z,2026-08-02T17:45:00+0200,12705.96582,MW,FR,FR,forecast_solar_generation,Solar,2026-08-05T07:10:17Z
2026-08-05T07:08:29Z,2026-08-05T09:08:29+0200,d671fb79-bd81-42f3-a5fe-a0a907bfe6ea,2026-08-02T16:00:00Z,2026-08-02T18:00:00+0200,11668.48828,MW,FR,FR,forecast_solar_generation,Solar,2026-08-05T07:10:17Z
2026-08-05T07:08:29Z,2026-08-05T09:08:29+0200,d671fb79-bd81-42f3-a5fe-a0a907bfe6ea,2026-08-02T16:15:00Z,2026-08-02T18:15:00+0200,10493.70117,MW,FR,FR,forecast_solar_generation,Solar,2026-08-05T07:10:17Z
2026-08-05T07:08:29Z,2026-08-05T09:08:29+0200,d671fb79-bd81-42f3-a5fe-a0a907bfe6ea,2026-08-02T16:30:00Z,2026-08-02T18:30:00+0200,9292.25195,MW,FR,FR,forecast_solar_generation,Solar,2026-08-05T07:10:17Z
2026-08-05T07:08:29Z,2026-08-05T09:08:29+0200,d671fb79-bd81-42f3-a5fe-a0a907bfe6ea,2026-08-02T16:45:00Z,2026-08-02T18:45:00+0200,8236.46191,MW,FR,FR,forecast_solar_generation,Solar,2026-08-05T07:10:17Z
2026-08-05T07:08:29Z,2026-08-05T09:08:29+0200,d671fb79-bd81-42f3-a5fe-a0a907bfe6ea,2026-08-02T17:00:00Z,2026-08-02T19:00:00+0200,6955.74121,MW,FR,FR,forecast_solar_generation,Solar,2026-08-05T07:10:17Z
2026-08-05T07:08:29Z,2026-08-05T09:08:29+0200,d671fb79-bd81-42f3-a5fe-a0a907bfe6ea,2026-08-02T17:15:00Z,2026-08-02T19:15:00+0200,5929.22266,MW,FR,FR,forecast_solar_generation,Solar,2026-08-05T07:10:17Z
2026-08-05T07:08:29Z,2026-08-05T09:08:29+0200,d671fb79-bd81-42f3-a5fe-a0a907bfe6ea,2026-08-02T17:30:00Z,2026-08-02T19:30:00+0200,4682.43701,MW,FR,FR,forecast_solar_generation,Solar,2026-08-05T07:10:17Z
2026-08-05T07:08:29Z,2026-08-05T09:08:29+0200,d671fb79-bd81-42f3-a5fe-a0a907bfe6ea,2026-08-02T17:45:00Z,2026-08-02T19:45:00+0200,3755.46704,MW,FR,FR,forecast_solar_generation,Solar,2026-08-05T07:10:17Z
2026-08-05T07:08:29Z,2026-08-05T09:08:29+0200,d671fb79-bd81-42f3-a5fe-a0a907bfe6ea,2026-08-02T18:00:00Z,2026-08-02T20:00:00+0200,2778.81641,MW,FR,FR,forecast_solar_generation,Solar,2026-08-05T07:10:17Z
2026-08-05T07:08:29Z,2026-08-05T09:08:29+0200,d671fb79-bd81-42f3-a5fe-a0a907bfe6ea,2026-08-02T18:15:00Z,2026-08-02T20:15:00+0200,1967.9375,MW,FR,FR,forecast_solar_generation,Solar,2026-08-05T07:10:17Z
2026-08-05T07:08:29Z,2026-08-05T09:08:29+0200,d671fb79-bd81-42f3-a5fe-a0a907bfe6ea,2026-08-02T18:30:00Z,2026-08-02T20:30:00+0200,1309.94873,MW,FR,FR,forecast_solar_generation,Solar,2026-08-05T07:10:17Z
2026-08-05T07:08:29Z,2026-08-05T09:08:29+0200,d671fb79-bd81-42f3-a5fe-a0a907bfe6ea,2026-08-02T18:45:00Z,2026-08-02T20:45:00+0200,899.98901,MW,FR,FR,forecast_solar_generation,Solar,2026-08-05T07:10:17Z
2026-08-05T07:08:29Z,2026-08-05T09:08:29+0200,d671fb79-bd81-42f3-a5fe-a0a907bfe6ea,2026-08-02T19:00:00Z,2026-08-02T21:00:00+0200,476.16687,MW,FR,FR,forecast_solar_generation,Solar,2026-08-05T07:10:17Z
2026-08-05T07:08:29Z,2026-08-05T09:08:29+0200,d671fb79-bd81-42f3-a5fe-a0a907bfe6ea,2026-08-02T19:15:00Z,2026-08-02T21:15:00+0200,140.94051,MW,FR,FR,forecast_solar_generation,Solar,2026-08-05T07:10:17Z
2026-08-05T07:08:29Z,2026-08-05T09:08:29+0200,d671fb79-bd81-42f3-a5fe-a0a907bfe6ea,2026-08-02T19:30:00Z,2026-08-02T21:30:00+0200,9.86446,MW,FR,FR,forecast_solar_generation,Solar,2026-08-05T07:10:17Z
2026-08-05T07:08:29Z,2026-08-05T09:08:29+0200,d671fb79-bd81-42f3-a5fe-a0a907bfe6ea,2026-08-02T19:45:00Z,2026-08-02T21:45:00+0200,0.0,MW,FR,FR,forecast_solar_generation,Solar,2026-08-05T07:10:17Z
2026-08-05T07:08:29Z,2026-08-05T09:08:29+0200,d671fb79-bd81-42f3-a5fe-a0a907bfe6ea,2026-08-02T20:00:00Z,2026-08-02T22:00:00+0200,0.0,MW,FR,FR,forecast_solar_generation,Solar,2026-08-05T07:10:17Z
2026-08-05T07:08:29Z,2026-08-05T09:08:29+0200,d671fb79-bd81-42f3-a5fe-a0a907bfe6ea,2026-08-02T20:15:00Z,2026-08-02T22:15:00+0200,0.0,MW,FR,FR,forecast_solar_generation,Solar,2026-08-05T07:10:17Z
2026-08-05T07:08:29Z,2026-08-05T09:08:29+0200,d671fb79-bd81-42f3-a5fe-a0a907bfe6ea,2026-08-02T20:30:00Z,2026-08-02T22:30:00+0200,0.0,MW,FR,FR,forecast_solar_generation,Solar,2026-08-05T07:10:17Z
2026-08-05T07:08:29Z,2026-08-05T09:08:29+0200,d671fb79-bd81-42f3-a5fe-a0a907bfe6ea,2026-08-02T20:45:00Z,2026-08-02T22:45:00+0200,0.0,MW,FR,FR,forecast_solar_generation,Solar,2026-08-05T07:10:17Z
2026-08-05T07:08:29Z,2026-08-05T09:08:29+0200,d671fb79-bd81-42f3-a5fe-a0a907bfe6ea,2026-08-02T21:00:00Z,2026-08-02T23:00:00+0200,0.0,MW,FR,FR,forecast_solar_generation,Solar,2026-08-05T07:10:17Z
2026-08-05T07:08:29Z,2026-08-05T09:08:29+0200,d671fb79-bd81-42f3-a5fe-a0a907bfe6ea,2026-08-02T21:15:00Z,2026-08-02T23:15:00+0200,0.0,MW,FR,FR,forecast_solar_generation,Solar,2026-08-05T07:10:17Z
2026-08-05T07:08:29Z,2026-08-05T09:08:29+0200,d671fb79-bd81-42f3-a5fe-a0a907bfe6ea,2026-08-02T21:30:00Z,2026-08-02T23:30:00+0200,0.0,MW,FR,FR,forecast_solar_generation,Solar,2026-08-05T07:10:17Z
2026-08-05T07:08:29Z,2026-08-05T09:08:29+0200,d671fb79-bd81-42f3-a5fe-a0a907bfe6ea,2026-08-02T21:45:00Z,2026-08-02T23:45:00+0200,0.0,MW,FR,FR,forecast_solar_generation,Solar,2026-08-05T07:10:17Z
2026-08-05T07:08:29Z,2026-08-05T09:08:29+0200,d671fb79-bd81-42f3-a5fe-a0a907bfe6ea,2026-08-02T22:00:00Z,2026-08-03T00:00:00+0200,0.0,MW,FR,FR,forecast_solar_generation,Solar,2026-08-05T07:10:17Z
2026-08-05T07:08:29Z,2026-08-05T09:08:29+0200,d671fb79-bd81-42f3-a5fe-a0a907bfe6ea,2026-08-02T22:15:00Z,2026-08-03T00:15:00+0200,0.0,MW,FR,FR,forecast_solar_generation,Solar,2026-08-05T07:10:17Z
2026-08-05T07:08:29Z,2026-08-05T09:08:29+0200,d671fb79-bd81-42f3-a5fe-a0a907bfe6ea,2026-08-02T22:30:00Z,2026-08-03T00:30:00+0200,0.0,MW,FR,FR,forecast_solar_generation,Solar,2026-08-05T07:10:17Z
2026-08-05T07:08:29Z,2026-08-05T09:08:29+0200,d671fb79-bd81-42f3-a5fe-a0a907bfe6ea,2026-08-02T22:45:00Z,2026-08-03T00:45:00+0200,0.0,MW,FR,FR,forecast_solar_generation,Solar,2026-08-05T07:10:17Z
2026-08-05T07:08:29Z,2026-08-05T09:08:29+0200,d671fb79-bd81-42f3-a5fe-a0a907bfe6ea,2026-08-02T23:00:00Z,2026-08-03T01:00:00+0200,0.0,MW,FR,FR,forecast_solar_generation,Solar,2026-08-05T07:10:17Z
2026-08-05T07:08:29Z,2026-08-05T09:08:29+0200,d671fb79-bd81-42f3-a5fe-a0a907bfe6ea,2026-08-02T23:15:00Z,2026-08-03T01:15:00+0200,0.0,MW,FR,FR,forecast_solar_generation,Solar,2026-08-05T07:10:17Z
2026-08-05T07:08:29Z,2026-08-05T09:08:29+0200,d671fb79-bd81-42f3-a5fe-a0a907bfe6ea,2026-08-02T23:30:00Z,2026-08-03T01:30:00+0200,0.0,MW,FR,FR,forecast_solar_generation,Solar,2026-08-05T07:10:17Z
2026-08-05T07:08:29Z,2026-08-05T09:08:29+0200,d671fb79-bd81-42f3-a5fe-a0a907bfe6ea,2026-08-02T23:45:00Z,2026-08-03T01:45:00+0200,0.0,MW,FR,FR,forecast_solar_generation,Solar,2026-08-05T07:10:17Z
2026-08-05T07:08:29Z,2026-08-05T09:08:29+0200,d671fb79-bd81-42f3-a5fe-a0a907bfe6ea,2026-08-03T00:00:00Z,2026-08-03T02:00:00+0200,0.0,MW,FR,FR,forecast_solar_generation,Solar,2026-08-05T07:10:17Z
2026-08-05T07:08:29Z,2026-08-05T09:08:29+0200,d671fb79-bd81-42f3-a5fe-a0a907bfe6ea,2026-08-03T00:15:00Z,2026-08-03T02:15:00+0200,0.0,MW,FR,FR,forecast_solar_generation,Solar,2026-08-05T07:10:17Z
2026-08-05T07:08:29Z,2026-08-05T09:08:29+0200,d671fb79-bd81-42f3-a5fe-a0a907bfe6ea,2026-08-03T00:30:00Z,2026-08-03T02:30:00+0200,0.0,MW,FR,FR,forecast_solar_generation,Solar,2026-08-05T07:10:17Z
2026-08-05T07:08:29Z,2026-08-05T09:08:29+0200,d671fb79-bd81-42f3-a5fe-a0a907bfe6ea,2026-08-03T00:45:00Z,2026-08-03T02:45:00+0200,0.0,MW,FR,FR,forecast_solar_generation,Solar,2026-08-05T07:10:17Z
2026-08-05T07:08:29Z,2026-08-05T09:08:29+0200,d671fb79-bd81-42f3-a5fe-a0a907bfe6ea,2026-08-03T01:00:00Z,2026-08-03T03:00:00+0200,0.0,MW,FR,FR,forecast_solar_generation,Solar,2026-08-05T07:10:17Z
2026-08-05T07:08:29Z,2026-08-05T09:08:29+0200,d671fb79-bd81-42f3-a5fe-a0a907bfe6ea,2026-08-03T01:15:00Z,2026-08-03T03:15:00+0200,0.0,MW,FR,FR,forecast_solar_generation,Solar,2026-08-05T07:10:17Z
2026-08-05T07:08:29Z,2026-08-05T09:08:29+0200,d671fb79-bd81-42f3-a5fe-a0a907bfe6ea,2026-08-03T01:30:00Z,2026-08-03T03:30:00+0200,0.0,MW,FR,FR,forecast_solar_generation,Solar,2026-08-05T07:10:17Z
2026-08-05T07:08:29Z,2026-08-05T09:08:29+0200,d671fb79-bd81-42f3-a5fe-a0a907bfe6ea,2026-08-03T01:45:00Z,2026-08-03T03:45:00+0200,0.0,MW,FR,FR,forecast_solar_generation,Solar,2026-08-05T07:10:17Z
2026-08-05T07:08:29Z,2026-08-05T09:08:29+0200,d671fb79-bd81-42f3-a5fe-a0a907bfe6ea,2026-08-03T02:00:00Z,2026-08-03T04:00:00+0200,0.0,MW,FR,FR,forecast_solar_generation,Solar,2026-08-05T07:10:17Z
2026-08-05T07:08:29Z,2026-08-05T09:08:29+0200,d671fb79-bd81-42f3-a5fe-a0a907bfe6ea,2026-08-03T02:15:00Z,2026-08-03T04:15:00+0200,0.0,MW,FR,FR,forecast_solar_generation,Solar,2026-08-05T07:10:17Z
2026-08-05T07:08:29Z,2026-08-05T09:08:29+0200,d671fb79-bd81-42f3-a5fe-a0a907bfe6ea,2026-08-03T02:30:00Z,2026-08-03T04:30:00+0200,0.0,MW,FR,FR,forecast_solar_generation,Solar,2026-08-05T07:10:17Z
2026-08-05T07:08:29Z,2026-08-05T09:08:29+0200,d671fb79-bd81-42f3-a5fe-a0a907bfe6ea,2026-08-03T02:45:00Z,2026-08-03T04:45:00+0200,0.0,MW,FR,FR,forecast_solar_generation,Solar,2026-08-05T07:10:17Z
2026-08-05T07:08:29Z,2026-08-05T09:08:29+0200,d671fb79-bd81-42f3-a5fe-a0a907bfe6ea,2026-08-03T03:00:00Z,2026-08-03T05:00:00+0200,0.0,MW,FR,FR,forecast_solar_generation,Solar,2026-08-05T07:10:17Z
2026-08-05T07:08:29Z,2026-08-05T09:08:29+0200,d671fb79-bd81-42f3-a5fe-a0a907bfe6ea,2026-08-03T03:15:00Z,2026-08-03T05:15:00+0200,0.0,MW,FR,FR,forecast_solar_generation,Solar,2026-08-05T07:10:17Z
2026-08-05T07:08:29Z,2026-08-05T09:08:29+0200,d671fb79-bd81-42f3-a5fe-a0a907bfe6ea,2026-08-03T03:30:00Z,2026-08-03T05:30:00+0200,0.0,MW,FR,FR,forecast_solar_generation,Solar,2026-08-05T07:10:17Z
2026-08-05T07:08:29Z,2026-08-05T09:08:29+0200,d671fb79-bd81-42f3-a5fe-a0a907bfe6ea,2026-08-03T03:45:00Z,2026-08-03T05:45:00+0200,0.0,MW,FR,FR,forecast_solar_generation,Solar,2026-08-05T07:10:17Z
2026-08-05T07:08:29Z,2026-08-05T09:08:29+0200,d671fb79-bd81-42f3-a5fe-a0a907bfe6ea,2026-08-03T04:00:00Z,2026-08-03T06:00:00+0200,0.0,MW,FR,FR,forecast_solar_generation,Solar,2026-08-05T07:10:17Z
2026-08-05T07:08:29Z,2026-08-05T09:08:29+0200,d671fb79-bd81-42f3-a5fe-a0a907bfe6ea,2026-08-03T04:15:00Z,2026-08-03T06:15:00+0200,12.168,MW,FR,FR,forecast_solar_generation,Solar,2026-08-05T07:10:17Z
2026-08-05T07:08:29Z,2026-08-05T09:08:29+0200,d671fb79-bd81-42f3-a5fe-a0a907bfe6ea,2026-08-03T04:30:00Z,2026-08-03T06:30:00+0200,60.39761,MW,FR,FR,forecast_solar_generation,Solar,2026-08-05T07:10:17Z
2026-08-05T07:08:29Z,2026-08-05T09:08:29+0200,d671fb79-bd81-42f3-a5fe-a0a907bfe6ea,2026-08-03T04:45:00Z,2026-08-03T06:45:00+0200,199.06467,MW,FR,FR,forecast_solar_generation,Solar,2026-08-05T07:10:17Z
2026-08-05T07:08:29Z,2026-08-05T09:08:29+0200,d671fb79-bd81-42f3-a5fe-a0a907bfe6ea,2026-08-03T05:00:00Z,2026-08-03T07:00:00+0200,429.52798,MW,FR,FR,forecast_solar_generation,Solar,2026-08-05T07:10:17Z
2026-08-05T07:08:29Z,2026-08-05T09:08:29+0200,d671fb79-bd81-42f3-a5fe-a0a907bfe6ea,2026-08-03T05:15:00Z,2026-08-03T07:15:00+0200,696.69336,MW,FR,FR,forecast_solar_generation,Solar,2026-08-05T07:10:17Z
2026-08-05T07:08:29Z,2026-08-05T09:08:29+0200,d671fb79-bd81-42f3-a5fe-a0a907bfe6ea,2026-08-03T05:30:00Z,2026-08-03T07:30:00+0200,1009.79755,MW,FR,FR,forecast_solar_generation,Solar,2026-08-05T07:10:17Z
2026-08-05T07:08:29Z,2026-08-05T09:08:29+0200,d671fb79-bd81-42f3-a5fe-a0a907bfe6ea,2026-08-03T05:45:00Z,2026-08-03T07:45:00+0200,1605.00354,MW,FR,FR,forecast_solar_generation,Solar,2026-08-05T07:10:17Z
2026-08-05T07:08:29Z,2026-08-05T09:08:29+0200,d671fb79-bd81-42f3-a5fe-a0a907bfe6ea,2026-08-03T06:00:00Z,2026-08-03T08:00:00+0200,2298.86328,MW,FR,FR,forecast_solar_generation,Solar,2026-08-05T07:10:17Z
2026-08-05T07:08:29Z,2026-08-05T09:08:29+0200,d671fb79-bd81-42f3-a5fe-a0a907bfe6ea,2026-08-03T06:15:00Z,2026-08-03T08:15:00+0200,3228.90649,MW,FR,FR,forecast_solar_generation,Solar,2026-08-05T07:10:17Z
2026-08-05T07:08:29Z,2026-08-05T09:08:29+0200,d671fb79-bd81-42f3-a5fe-a0a907bfe6ea,2026-08-03T06:30:00Z,2026-08-03T08:30:00+0200,3998.66577,MW,FR,FR,forecast_solar_generation,Solar,2026-08-05T07:10:17Z
2026-08-05T07:08:29Z,2026-08-05T09:08:29+0200,d671fb79-bd81-42f3-a5fe-a0a907bfe6ea,2026-08-03T06:45:00Z,2026-08-03T08:45:00+0200,5096.62012,MW,FR,FR,forecast_solar_generation,Solar,2026-08-05T07:10:17Z
2026-08-05T07:08:29Z,2026-08-05T09:08:29+0200,d671fb79-bd81-42f3-a5fe-a0a907bfe6ea,2026-08-03T07:00:00Z,2026-08-03T09:00:00+0200,6067.23486,MW,FR,FR,forecast_solar_generation,Solar,2026-08-05T07:10:17Z
2026-08-05T07:08:29Z,2026-08-05T09:08:29+0200,d671fb79-bd81-42f3-a5fe-a0a907bfe6ea,2026-08-03T07:15:00Z,2026-08-03T09:15:00+0200,7189.82422,MW,FR,FR,forecast_solar_generation,Solar,2026-08-05T07:10:17Z
2026-08-05T07:08:29Z,2026-08-05T09:08:29+0200,d671fb79-bd81-42f3-a5fe-a0a907bfe6ea,2026-08-03T07:30:00Z,2026-08-03T09:30:00+0200,8193.53125,MW,FR,FR,forecast_solar_generation,Solar,2026-08-05T07:10:17Z
2026-08-05T07:08:29Z,2026-08-05T09:08:29+0200,d671fb79-bd81-42f3-a5fe-a0a907bfe6ea,2026-08-03T07:45:00Z,2026-08-03T09:45:00+0200,9213.38281,MW,FR,FR,forecast_solar_generation,Solar,2026-08-05T07:10:17Z
2026-08-05T07:08:29Z,2026-08-05T09:08:29+0200,d671fb79-bd81-42f3-a5fe-a0a907bfe6ea,2026-08-03T08:00:00Z,2026-08-03T10:00:00+0200,10180.92383,MW,FR,FR,forecast_solar_generation,Solar,2026-08-05T07:10:17Z
2026-08-05T07:08:29Z,2026-08-05T09:08:29+0200,d671fb79-bd81-42f3-a5fe-a0a907bfe6ea,2026-08-03T08:15:00Z,2026-08-03T10:15:00+0200,11300.82129,MW,FR,FR,forecast_solar_generation,Solar,2026-08-05T07:10:17Z
2026-08-05T07:08:29Z,2026-08-05T09:08:29+0200,d671fb79-bd81-42f3-a5fe-a0a907bfe6ea,2026-08-03T08:30:00Z,2026-08-03T10:30:00+0200,12179.45801,MW,FR,FR,forecast_solar_generation,Solar,2026-08-05T07:10:17Z
2026-08-05T07:08:29Z,2026-08-05T09:08:29+0200,d671fb79-bd81-42f3-a5fe-a0a907bfe6ea,2026-08-03T08:45:00Z,2026-08-03T10:45:00+0200,12958.99316,MW,FR,FR,forecast_solar_generation,Solar,2026-08-05T07:10:17Z
2026-08-05T07:08:29Z,2026-08-05T09:08:29+0200,d671fb79-bd81-42f3-a5fe-a0a907bfe6ea,2026-08-03T09:00:00Z,2026-08-03T11:00:00+0200,13653.54492,MW,FR,FR,forecast_solar_generation,Solar,2026-08-05T07:10:17Z
2026-08-05T07:08:29Z,2026-08-05T09:08:29+0200,d671fb79-bd81-42f3-a5fe-a0a907bfe6ea,2026-08-03T09:15:00Z,2026-08-03T11:15:00+0200,14401.01172,MW,FR,FR,forecast_solar_generation,Solar,2026-08-05T07:10:17Z
2026-08-05T07:08:29Z,2026-08-05T09:08:29+0200,d671fb79-bd81-42f3-a5fe-a0a907bfe6ea,2026-08-03T09:30:00Z,2026-08-03T11:30:00+0200,15069.00391,MW,FR,FR,forecast_solar_generation,Solar,2026-08-05T07:10:17Z
2026-08-05T07:08:29Z,2026-08-05T09:08:29+0200,d671fb79-bd81-42f3-a5fe-a0a907bfe6ea,2026-08-03T09:45:00Z,2026-08-03T11:45:00+0200,15520.29492,MW,FR,FR,forecast_solar_generation,Solar,2026-08-05T07:10:17Z
2026-08-05T07:08:29Z,2026-08-05T09:08:29+0200,d671fb79-bd81-42f3-a5fe-a0a907bfe6ea,2026-08-03T10:00:00Z,2026-08-03T12:00:00+0200,16024.65234,MW,FR,FR,forecast_solar_generation,Solar,2026-08-05T07:10:17Z
2026-08-05T07:08:29Z,2026-08-05T09:08:29+0200,d671fb79-bd81-42f3-a5fe-a0a907bfe6ea,2026-08-03T10:15:00Z,2026-08-03T12:15:00+0200,16456.94922,MW,FR,FR,forecast_solar_generation,Solar,2026-08-05T07:10:17Z
2026-08-05T07:08:29Z,2026-08-05T09:08:29+0200,d671fb79-bd81-42f3-a5fe-a0a907bfe6ea,2026-08-03T10:30:00Z,2026-08-03T12:30:00+0200,16877.25,MW,FR,FR,forecast_solar_generation,Solar,2026-08-05T07:10:17Z
2026-08-05T07:08:29Z,2026-08-05T09:08:29+0200,d671fb79-bd81-42f3-a5fe-a0a907bfe6ea,2026-08-03T10:45:00Z,2026-08-03T12:45:00+0200,17127.21875,MW,FR,FR,forecast_solar_generation,Solar,2026-08-05T07:10:17Z
2026-08-05T07:08:29Z,2026-08-05T09:08:29+0200,d671fb79-bd81-42f3-a5fe-a0a907bfe6ea,2026-08-03T11:00:00Z,2026-08-03T13:00:00+0200,17373.38086,MW,FR,FR,forecast_solar_generation,Solar,2026-08-05T07:10:17Z
2026-08-05T07:08:29Z,2026-08-05T09:08:29+0200,d671fb79-bd81-42f3-a5fe-a0a907bfe6ea,2026-08-03T11:15:00Z,2026-08-03T13:15:00+0200,17604.0332,MW,FR,FR,forecast_solar_generation,Solar,2026-08-05T07:10:17Z
2026-08-05T07:08:29Z,2026-08-05T09:08:29+0200,d671fb79-bd81-42f3-a5fe-a0a907bfe6ea,2026-08-03T11:30:00Z,2026-08-03T13:30:00+0200,17828.38281,MW,FR,FR,forecast_solar_generation,Solar,2026-08-05T07:10:17Z
2026-08-05T07:08:29Z,2026-08-05T09:08:29+0200,d671fb79-bd81-42f3-a5fe-a0a907bfe6ea,2026-08-03T11:45:00Z,2026-08-03T13:45:00+0200,17838.4082,MW,FR,FR,forecast_solar_generation,Solar,2026-08-05T07:10:17Z
2026-08-05T07:08:29Z,2026-08-05T09:08:29+0200,d671fb79-bd81-42f3-a5fe-a0a907bfe6ea,2026-08-03T12:00:00Z,2026-08-03T14:00:00+0200,17857.69336,MW,FR,FR,forecast_solar_generation,Solar,2026-08-05T07:10:17Z
2026-08-05T07:08:29Z,2026-08-05T09:08:29+0200,d671fb79-bd81-42f3-a5fe-a0a907bfe6ea,2026-08-03T12:15:00Z,2026-08-03T14:15:00+0200,17893.83398,MW,FR,FR,forecast_solar_generation,Solar,2026-08-05T07:10:17Z
2026-08-05T07:08:29Z,2026-08-05T09:08:29+0200,d671fb79-bd81-42f3-a5fe-a0a907bfe6ea,2026-08-03T12:30:00Z,2026-08-03T14:30:00+0200,17882.37695,MW,FR,FR,forecast_solar_generation,Solar,2026-08-05T07:10:17Z
2026-08-05T07:08:29Z,2026-08-05T09:08:29+0200,d671fb79-bd81-42f3-a5fe-a0a907bfe6ea,2026-08-03T12:45:00Z,2026-08-03T14:45:00+0200,17539.18555,MW,FR,FR,forecast_solar_generation,Solar,2026-08-05T07:10:17Z
2026-08-05T07:08:29Z,2026-08-05T09:08:29+0200,d671fb79-bd81-42f3-a5fe-a0a907bfe6ea,2026-08-03T13:00:00Z,2026-08-03T15:00:00+0200,17168.33008,MW,FR,FR,forecast_solar_generation,Solar,2026-08-05T07:10:17Z
2026-08-05T07:08:29Z,2026-08-05T09:08:29+0200,d671fb79-bd81-42f3-a5fe-a0a907bfe6ea,2026-08-03T13:15:00Z,2026-08-03T15:15:00+0200,16738.19336,MW,FR,FR,forecast_solar_generation,Solar,2026-08-05T07:10:17Z
2026-08-05T07:08:29Z,2026-08-05T09:08:29+0200,d671fb79-bd81-42f3-a5fe-a0a907bfe6ea,2026-08-03T13:30:00Z,2026-08-03T15:30:00+0200,16366.05957,MW,FR,FR,forecast_solar_generation,Solar,2026-08-05T07:10:17Z
2026-08-05T07:08:29Z,2026-08-05T09:08:29+0200,d671fb79-bd81-42f3-a5fe-a0a907bfe6ea,2026-08-03T13:45:00Z,2026-08-03T15:45:00+0200,15764.86816,MW,FR,FR,forecast_solar_generation,Solar,2026-08-05T07:10:17Z
2026-08-05T07:08:29Z,2026-08-05T09:08:29+0200,d671fb79-bd81-42f3-a5fe-a0a907bfe6ea,2026-08-03T14:00:00Z,2026-08-03T16:00:00+0200,15169.21973,MW,FR,FR,forecast_solar_generation,Solar,2026-08-05T07:10:17Z
2026-08-05T07:08:29Z,2026-08-05T09:08:29+0200,d671fb79-bd81-42f3-a5fe-a0a907bfe6ea,2026-08-03T14:15:00Z,2026-08-03T16:15:00+0200,14670.17969,MW,FR,FR,forecast_solar_generation,Solar,2026-08-05T07:10:17Z
2026-08-05T07:08:29Z,2026-08-05T09:08:29+0200,d671fb79-bd81-42f3-a5fe-a0a907bfe6ea,2026-08-03T14:30:00Z,2026-08-03T16:30:00+0200,14035.03711,MW,FR,FR,forecast_solar_generation,Solar,2026-08-05T07:10:17Z
2026-08-05T07:08:29Z,2026-08-05T09:08:29+0200,d671fb79-bd81-42f3-a5fe-a0a907bfe6ea,2026-08-03T14:45:00Z,2026-08-03T16:45:00+0200,13360.11621,MW,FR,FR,forecast_solar_generation,Solar,2026-08-05T07:10:17Z
2026-08-05T07:08:29Z,2026-08-05T09:08:29+0200,d671fb79-bd81-42f3-a5fe-a0a907bfe6ea,2026-08-03T15:00:00Z,2026-08-03T17:00:00+0200,12649.21973,MW,FR,FR,forecast_solar_generation,Solar,2026-08-05T07:10:17Z
2026-08-05T07:08:29Z,2026-08-05T09:08:29+0200,d671fb79-bd81-42f3-a5fe-a0a907bfe6ea,2026-08-03T15:15:00Z,2026-08-03T17:15:00+0200,11861.4541,MW,FR,FR,forecast_solar_generation,Solar,2026-08-05T07:10:17Z
2026-08-05T07:08:29Z,2026-08-05T09:08:29+0200,d671fb79-bd81-42f3-a5fe-a0a907bfe6ea,2026-08-03T15:30:00Z,2026-08-03T17:30:00+0200,11095.87793,MW,FR,FR,forecast_solar_generation,Solar,2026-08-05T07:10:17Z
2026-08-05T07:08:29Z,2026-08-05T09:08:29+0200,d671fb79-bd81-42f3-a5fe-a0a907bfe6ea,2026-08-03T15:45:00Z,2026-08-03T17:45:00+0200,10268.18945,MW,FR,FR,forecast_solar_generation,Solar,2026-08-05T07:10:17Z
2026-08-05T07:08:29Z,2026-08-05T09:08:29+0200,d671fb79-bd81-42f3-a5fe-a0a907bfe6ea,2026-08-03T16:00:00Z,2026-08-03T18:00:00+0200,9327.53418,MW,FR,FR,forecast_solar_generation,Solar,2026-08-05T07:10:17Z
2026-08-05T07:08:29Z,2026-08-05T09:08:29+0200,d671fb79-bd81-42f3-a5fe-a0a907bfe6ea,2026-08-03T16:15:00Z,2026-08-03T18:15:00+0200,8362.35645,MW,FR,FR,forecast_solar_generation,Solar,2026-08-05T07:10:17Z
2026-08-05T07:08:29Z,2026-08-05T09:08:29+0200,d671fb79-bd81-42f3-a5fe-a0a907bfe6ea,2026-08-03T16:30:00Z,2026-08-03T18:30:00+0200,7447.84961,MW,FR,FR,forecast_solar_generation,Solar,2026-08-05T07:10:17Z
2026-08-05T07:08:29Z,2026-08-05T09:08:29+0200,d671fb79-bd81-42f3-a5fe-a0a907bfe6ea,2026-08-03T16:45:00Z,2026-08-03T18:45:00+0200,6633.68555,MW,FR,FR,forecast_solar_generation,Solar,2026-08-05T07:10:17Z
2026-08-05T07:08:29Z,2026-08-05T09:08:29+0200,d671fb79-bd81-42f3-a5fe-a0a907bfe6ea,2026-08-03T17:00:00Z,2026-08-03T19:00:00+0200,5510.57129,MW,FR,FR,forecast_solar_generation,Solar,2026-08-05T07:10:17Z
2026-08-05T07:08:29Z,2026-08-05T09:08:29+0200,d671fb79-bd81-42f3-a5fe-a0a907bfe6ea,2026-08-03T17:15:00Z,2026-08-03T19:15:00+0200,4708.69824,MW,FR,FR,forecast_solar_generation,Solar,2026-08-05T07:10:17Z
2026-08-05T07:08:29Z,2026-08-05T09:08:29+0200,d671fb79-bd81-42f3-a5fe-a0a907bfe6ea,2026-08-03T17:30:00Z,2026-08-03T19:30:00+0200,3706.27466,MW,FR,FR,forecast_solar_generation,Solar,2026-08-05T07:10:17Z
2026-08-05T07:08:29Z,2026-08-05T09:08:29+0200,d671fb79-bd81-42f3-a5fe-a0a907bfe6ea,2026-08-03T17:45:00Z,2026-08-03T19:45:00+0200,3007.01562,MW,FR,FR,forecast_solar_generation,Solar,2026-08-05T07:10:17Z
2026-08-05T07:08:29Z,2026-08-05T09:08:29+0200,d671fb79-bd81-42f3-a5fe-a0a907bfe6ea,2026-08-03T18:00:00Z,2026-08-03T20:00:00+0200,2204.39844,MW,FR,FR,forecast_solar_generation,Solar,2026-08-05T07:10:17Z
2026-08-05T07:08:29Z,2026-08-05T09:08:29+0200,d671fb79-bd81-42f3-a5fe-a0a907bfe6ea,2026-08-03T18:15:00Z,2026-08-03T20:15:00+0200,1584.31482,MW,FR,FR,forecast_solar_generation,Solar,2026-08-05T07:10:17Z
2026-08-05T07:08:29Z,2026-08-05T09:08:29+0200,d671fb79-bd81-42f3-a5fe-a0a907bfe6ea,2026-08-03T18:30:00Z,2026-08-03T20:30:00+0200,1023.80841,MW,FR,FR,forecast_solar_generation,Solar,2026-08-05T07:10:17Z
2026-08-05T07:08:29Z,2026-08-05T09:08:29+0200,d671fb79-bd81-42f3-a5fe-a0a907bfe6ea,2026-08-03T18:45:00Z,2026-08-03T20:45:00+0200,706.56238,MW,FR,FR,forecast_solar_generation,Solar,2026-08-05T07:10:17Z
2026-08-05T07:08:29Z,2026-08-05T09:08:29+0200,d671fb79-bd81-42f3-a5fe-a0a907bfe6ea,2026-08-03T19:00:00Z,2026-08-03T21:00:00+0200,371.14877,MW,FR,FR,forecast_solar_generation,Solar,2026-08-05T07:10:17Z
2026-08-05T07:08:29Z,2026-08-05T09:08:29+0200,d671fb79-bd81-42f3-a5fe-a0a907bfe6ea,2026-08-03T19:15:00Z,2026-08-03T21:15:00+0200,117.70853,MW,FR,FR,forecast_solar_generation,Solar,2026-08-05T07:10:17Z
2026-08-05T07:08:29Z,2026-08-05T09:08:29+0200,d671fb79-bd81-42f3-a5fe-a0a907bfe6ea,2026-08-03T19:30:00Z,2026-08-03T21:30:00+0200,8.58323,MW,FR,FR,forecast_solar_generation,Solar,2026-08-05T07:10:17Z
2026-08-05T07:08:29Z,2026-08-05T09:08:29+0200,d671fb79-bd81-42f3-a5fe-a0a907bfe6ea,2026-08-03T19:45:00Z,2026-08-03T21:45:00+0200,0.0,MW,FR,FR,forecast_solar_generation,Solar,2026-08-05T07:10:17Z
2026-08-05T07:08:29Z,2026-08-05T09:08:29+0200,d671fb79-bd81-42f3-a5fe-a0a907bfe6ea,2026-08-03T20:00:00Z,2026-08-03T22:00:00+0200,0.0,MW,FR,FR,forecast_solar_generation,Solar,2026-08-05T07:10:17Z
2026-08-05T07:08:29Z,2026-08-05T09:08:29+0200,d671fb79-bd81-42f3-a5fe-a0a907bfe6ea,2026-08-03T20:15:00Z,2026-08-03T22:15:00+0200,0.0,MW,FR,FR,forecast_solar_generation,Solar,2026-08-05T07:10:17Z
2026-08-05T07:08:29Z,2026-08-05T09:08:29+0200,d671fb79-bd81-42f3-a5fe-a0a907bfe6ea,2026-08-03T20:30:00Z,2026-08-03T22:30:00+0200,0.0,MW,FR,FR,forecast_solar_generation,Solar,2026-08-05T07:10:17Z
2026-08-05T07:08:29Z,2026-08-05T09:08:29+0200,d671fb79-bd81-42f3-a5fe-a0a907bfe6ea,2026-08-03T20:45:00Z,2026-08-03T22:45:00+0200,0.0,MW,FR,FR,forecast_solar_generation,Solar,2026-08-05T07:10:17Z
2026-08-05T07:08:29Z,2026-08-05T09:08:29+0200,d671fb79-bd81-42f3-a5fe-a0a907bfe6ea,2026-08-03T21:00:00Z,2026-08-03T23:00:00+0200,0.0,MW,FR,FR,forecast_solar_generation,Solar,2026-08-05T07:10:17Z
2026-08-05T07:08:29Z,2026-08-05T09:08:29+0200,d671fb79-bd81-42f3-a5fe-a0a907bfe6ea,2026-08-03T21:15:00Z,2026-08-03T23:15:00+0200,0.0,MW,FR,FR,forecast_solar_generation,Solar,2026-08-05T07:10:17Z
2026-08-05T07:08:29Z,2026-08-05T09:08:29+0200,d671fb79-bd81-42f3-a5fe-a0a907bfe6ea,2026-08-03T21:30:00Z,2026-08-03T23:30:00+0200,0.0,MW,FR,FR,forecast_solar_generation,Solar,2026-08-05T07:10:17Z
2026-08-05T07:08:29Z,2026-08-05T09:08:29+0200,d671fb79-bd81-42f3-a5fe-a0a907bfe6ea,2026-08-03T21:45:00Z,2026-08-03T23:45:00+0200,0.0,MW,FR,FR,forecast_solar_generation,Solar,2026-08-05T07:10:17Z
2026-08-05T07:08:29Z,2026-08-05T09:08:29+0200,d671fb79-bd81-42f3-a5fe-a0a907bfe6ea,2026-08-03T22:00:00Z,2026-08-04T00:00:00+0200,0.0,MW,FR,FR,forecast_solar_generation,Solar,2026-08-05T07:10:17Z
2026-08-05T07:08:29Z,2026-08-05T09:08:29+0200,d671fb79-bd81-42f3-a5fe-a0a907bfe6ea,2026-08-03T22:15:00Z,2026-08-04T00:15:00+0200,0.0,MW,FR,FR,forecast_solar_generation,Solar,2026-08-05T07:10:17Z
2026-08-05T07:08:29Z,2026-08-05T09:08:29+0200,d671fb79-bd81-42f3-a5fe-a0a907bfe6ea,2026-08-03T22:30:00Z,2026-08-04T00:30:00+0200,0.0,MW,FR,FR,forecast_solar_generation,Solar,2026-08-05T07:10:17Z
2026-08-05T07:08:29Z,2026-08-05T09:08:29+0200,d671fb79-bd81-42f3-a5fe-a0a907bfe6ea,2026-08-03T22:45:00Z,2026-08-04T00:45:00+0200,0.0,MW,FR,FR,forecast_solar_generation,Solar,2026-08-05T07:10:17Z
2026-08-05T07:08:29Z,2026-08-05T09:08:29+0200,d671fb79-bd81-42f3-a5fe-a0a907bfe6ea,2026-08-03T23:00:00Z,2026-08-04T01:00:00+0200,0.0,MW,FR,FR,forecast_solar_generation,Solar,2026-08-05T07:10:17Z
2026-08-05T07:08:29Z,2026-08-05T09:08:29+0200,d671fb79-bd81-42f3-a5fe-a0a907bfe6ea,2026-08-03T23:15:00Z,2026-08-04T01:15:00+0200,0.0,MW,FR,FR,forecast_solar_generation,Solar,2026-08-05T07:10:17Z
2026-08-05T07:08:29Z,2026-08-05T09:08:29+0200,d671fb79-bd81-42f3-a5fe-a0a907bfe6ea,2026-08-03T23:30:00Z,2026-08-04T01:30:00+0200,0.0,MW,FR,FR,forecast_solar_generation,Solar,2026-08-05T07:10:17Z
2026-08-05T07:08:29Z,2026-08-05T09:08:29+0200,d671fb79-bd81-42f3-a5fe-a0a907bfe6ea,2026-08-03T23:45:00Z,2026-08-04T01:45:00+0200,0.0,MW,FR,FR,forecast_solar_generation,Solar,2026-08-05T07:10:17Z
2026-08-05T07:08:29Z,2026-08-05T09:08:29+0200,d671fb79-bd81-42f3-a5fe-a0a907bfe6ea,2026-08-04T00:00:00Z,2026-08-04T02:00:00+0200,0.0,MW,FR,FR,forecast_solar_generation,Solar,2026-08-05T07:10:17Z
2026-08-05T07:08:29Z,2026-08-05T09:08:29+0200,d671fb79-bd81-42f3-a5fe-a0a907bfe6ea,2026-08-04T00:15:00Z,2026-08-04T02:15:00+0200,0.0,MW,FR,FR,forecast_solar_generation,Solar,2026-08-05T07:10:17Z
2026-08-05T07:08:29Z,2026-08-05T09:08:29+0200,d671fb79-bd81-42f3-a5fe-a0a907bfe6ea,2026-08-04T00:30:00Z,2026-08-04T02:30:00+0200,0.0,MW,FR,FR,forecast_solar_generation,Solar,2026-08-05T07:10:17Z
2026-08-05T07:08:29Z,2026-08-05T09:08:29+0200,d671fb79-bd81-42f3-a5fe-a0a907bfe6ea,2026-08-04T00:45:00Z,2026-08-04T02:45:00+0200,0.0,MW,FR,FR,forecast_solar_generation,Solar,2026-08-05T07:10:17Z
2026-08-05T07:08:29Z,2026-08-05T09:08:29+0200,d671fb79-bd81-42f3-a5fe-a0a907bfe6ea,2026-08-04T01:00:00Z,2026-08-04T03:00:00+0200,0.0,MW,FR,FR,forecast_solar_generation,Solar,2026-08-05T07:10:17Z
2026-08-05T07:08:29Z,2026-08-05T09:08:29+0200,d671fb79-bd81-42f3-a5fe-a0a907bfe6ea,2026-08-04T01:15:00Z,2026-08-04T03:15:00+0200,0.0,MW,FR,FR,forecast_solar_generation,Solar,2026-08-05T07:10:17Z
2026-08-05T07:08:29Z,2026-08-05T09:08:29+0200,d671fb79-bd81-42f3-a5fe-a0a907bfe6ea,2026-08-04T01:30:00Z,2026-08-04T03:30:00+0200,0.0,MW,FR,FR,forecast_solar_generation,Solar,2026-08-05T07:10:17Z
2026-08-05T07:08:29Z,2026-08-05T09:08:29+0200,d671fb79-bd81-42f3-a5fe-a0a907bfe6ea,2026-08-04T01:45:00Z,2026-08-04T03:45:00+0200,0.0,MW,FR,FR,forecast_solar_generation,Solar,2026-08-05T07:10:17Z
2026-08-05T07:08:29Z,2026-08-05T09:08:29+0200,d671fb79-bd81-42f3-a5fe-a0a907bfe6ea,2026-08-04T02:00:00Z,2026-08-04T04:00:00+0200,0.0,MW,FR,FR,forecast_solar_generation,Solar,2026-08-05T07:10:17Z
2026-08-05T07:08:29Z,2026-08-05T09:08:29+0200,d671fb79-bd81-42f3-a5fe-a0a907bfe6ea,2026-08-04T02:15:00Z,2026-08-04T04:15:00+0200,0.0,MW,FR,FR,forecast_solar_generation,Solar,2026-08-05T07:10:17Z
2026-08-05T07:08:29Z,2026-08-05T09:08:29+0200,d671fb79-bd81-42f3-a5fe-a0a907bfe6ea,2026-08-04T02:30:00Z,2026-08-04T04:30:00+0200,0.0,MW,FR,FR,forecast_solar_generation,Solar,2026-08-05T07:10:17Z
2026-08-05T07:08:29Z,2026-08-05T09:08:29+0200,d671fb79-bd81-42f3-a5fe-a0a907bfe6ea,2026-08-04T02:45:00Z,2026-08-04T04:45:00+0200,0.0,MW,FR,FR,forecast_solar_generation,Solar,2026-08-05T07:10:17Z
2026-08-05T07:08:29Z,2026-08-05T09:08:29+0200,d671fb79-bd81-42f3-a5fe-a0a907bfe6ea,2026-08-04T03:00:00Z,2026-08-04T05:00:00+0200,0.0,MW,FR,FR,forecast_solar_generation,Solar,2026-08-05T07:10:17Z
2026-08-05T07:08:29Z,2026-08-05T09:08:29+0200,d671fb79-bd81-42f3-a5fe-a0a907bfe6ea,2026-08-04T03:15:00Z,2026-08-04T05:15:00+0200,0.0,MW,FR,FR,forecast_solar_generation,Solar,2026-08-05T07:10:17Z
2026-08-05T07:08:29Z,2026-08-05T09:08:29+0200,d671fb79-bd81-42f3-a5fe-a0a907bfe6ea,2026-08-04T03:30:00Z,2026-08-04T05:30:00+0200,0.0,MW,FR,FR,forecast_solar_generation,Solar,2026-08-05T07:10:17Z
2026-08-05T07:08:29Z,2026-08-05T09:08:29+0200,d671fb79-bd81-42f3-a5fe-a0a907bfe6ea,2026-08-04T03:45:00Z,2026-08-04T05:45:00+0200,0.0,MW,FR,FR,forecast_solar_generation,Solar,2026-08-05T07:10:17Z
2026-08-05T07:08:29Z,2026-08-05T09:08:29+0200,d671fb79-bd81-42f3-a5fe-a0a907bfe6ea,2026-08-04T04:00:00Z,2026-08-04T06:00:00+0200,0.0,MW,FR,FR,forecast_solar_generation,Solar,2026-08-05T07:10:17Z
2026-08-05T07:08:29Z,2026-08-05T09:08:29+0200,d671fb79-bd81-42f3-a5fe-a0a907bfe6ea,2026-08-04T04:15:00Z,2026-08-04T06:15:00+0200,10.63023,MW,FR,FR,forecast_solar_generation,Solar,2026-08-05T07:10:17Z
2026-08-05T07:08:29Z,2026-08-05T09:08:29+0200,d671fb79-bd81-42f3-a5fe-a0a907bfe6ea,2026-08-04T04:30:00Z,2026-08-04T06:30:00+0200,62.57047,MW,FR,FR,forecast_solar_generation,Solar,2026-08-05T07:10:17Z
2026-08-05T07:08:29Z,2026-08-05T09:08:29+0200,d671fb79-bd81-42f3-a5fe-a0a907bfe6ea,2026-08-04T04:45:00Z,2026-08-04T06:45:00+0200,179.71053,MW,FR,FR,forecast_solar_generation,Solar,2026-08-05T07:10:17Z
2026-08-05T07:08:29Z,2026-08-05T09:08:29+0200,d671fb79-bd81-42f3-a5fe-a0a907bfe6ea,2026-08-04T05:00:00Z,2026-08-04T07:00:00+0200,366.11197,MW,FR,FR,forecast_solar_generation,Solar,2026-08-05T07:10:17Z
2026-08-05T07:08:29Z,2026-08-05T09:08:29+0200,d671fb79-bd81-42f3-a5fe-a0a907bfe6ea,2026-08-04T05:15:00Z,2026-08-04T07:15:00+0200,596.53125,MW,FR,FR,forecast_solar_generation,Solar,2026-08-05T07:10:17Z
2026-08-05T07:08:29Z,2026-08-05T09:08:29+0200,d671fb79-bd81-42f3-a5fe-a0a907bfe6ea,2026-08-04T05:30:00Z,2026-08-04T07:30:00+0200,879.9704,MW,FR,FR,forecast_solar_generation,Solar,2026-08-05T07:10:17Z
2026-08-05T07:08:29Z,2026-08-05T09:08:29+0200,d671fb79-bd81-42f3-a5fe-a0a907bfe6ea,2026-08-04T05:45:00Z,2026-08-04T07:45:00+0200,1416.42944,MW,FR,FR,forecast_solar_generation,Solar,2026-08-05T07:10:17Z
2026-08-05T07:08:29Z,2026-08-05T09:08:29+0200,d671fb79-bd81-42f3-a5fe-a0a907bfe6ea,2026-08-04T06:00:00Z,2026-08-04T08:00:00+0200,2013.2948,MW,FR,FR,forecast_solar_generation,Solar,2026-08-05T07:10:17Z
2026-08-05T07:08:29Z,2026-08-05T09:08:29+0200,d671fb79-bd81-42f3-a5fe-a0a907bfe6ea,2026-08-04T06:15:00Z,2026-08-04T08:15:00+0200,2927.97583,MW,FR,FR,forecast_solar_generation,Solar,2026-08-05T07:10:17Z
2026-08-05T07:08:29Z,2026-08-05T09:08:29+0200,d671fb79-bd81-42f3-a5fe-a0a907bfe6ea,2026-08-04T06:30:00Z,2026-08-04T08:30:00+0200,3610.11548,MW,FR,FR,forecast_solar_generation,Solar,2026-08-05T07:10:17Z
2026-08-05T07:08:29Z,2026-08-05T09:08:29+0200,d671fb79-bd81-42f3-a5fe-a0a907bfe6ea,2026-08-04T06:45:00Z,2026-08-04T08:45:00+0200,4682.7334,MW,FR,FR,forecast_solar_generation,Solar,2026-08-05T07:10:17Z
2026-08-05T07:08:29Z,2026-08-05T09:08:29+0200,d671fb79-bd81-42f3-a5fe-a0a907bfe6ea,2026-08-04T07:00:00Z,2026-08-04T09:00:00+0200,5552.1748,MW,FR,FR,forecast_solar_generation,Solar,2026-08-05T07:10:17Z
2026-08-05T07:08:29Z,2026-08-05T09:08:29+0200,d671fb79-bd81-42f3-a5fe-a0a907bfe6ea,2026-08-04T07:15:00Z,2026-08-04T09:15:00+0200,6693.73486,MW,FR,FR,forecast_solar_generation,Solar,2026-08-05T07:10:17Z
2026-08-05T07:08:29Z,2026-08-05T09:08:29+0200,d671fb79-bd81-42f3-a5fe-a0a907bfe6ea,2026-08-04T07:30:00Z,2026-08-04T09:30:00+0200,7651.7002,MW,FR,FR,forecast_solar_generation,Solar,2026-08-05T07:10:17Z
2026-08-05T07:08:29Z,2026-08-05T09:08:29+0200,d671fb79-bd81-42f3-a5fe-a0a907bfe6ea,2026-08-04T07:45:00Z,2026-08-04T09:45:00+0200,8575.91797,MW,FR,FR,forecast_solar_generation,Solar,2026-08-05T07:10:17Z
2026-08-05T07:08:29Z,2026-08-05T09:08:29+0200,d671fb79-bd81-42f3-a5fe-a0a907bfe6ea,2026-08-04T08:00:00Z,2026-08-04T10:00:00+0200,9473.3623,MW,FR,FR,forecast_solar_generation,Solar,2026-08-05T07:10:17Z
2026-08-05T07:08:29Z,2026-08-05T09:08:29+0200,d671fb79-bd81-42f3-a5fe-a0a907bfe6ea,2026-08-04T08:15:00Z,2026-08-04T10:15:00+0200,10598.13086,MW,FR,FR,forecast_solar_generation,Solar,2026-08-05T07:10:17Z
2026-08-05T07:08:29Z,2026-08-05T09:08:29+0200,d671fb79-bd81-42f3-a5fe-a0a907bfe6ea,2026-08-04T08:30:00Z,2026-08-04T10:30:00+0200,11407.69922,MW,FR,FR,forecast_solar_generation,Solar,2026-08-05T07:10:17Z
2026-08-05T07:08:29Z,2026-08-05T09:08:29+0200,d671fb79-bd81-42f3-a5fe-a0a907bfe6ea,2026-08-04T08:45:00Z,2026-08-04T10:45:00+0200,12213.72754,MW,FR,FR,forecast_solar_generation,Solar,2026-08-05T07:10:17Z
2026-08-05T07:08:29Z,2026-08-05T09:08:29+0200,d671fb79-bd81-42f3-a5fe-a0a907bfe6ea,2026-08-04T09:00:00Z,2026-08-04T11:00:00+0200,12990.26465,MW,FR,FR,forecast_solar_generation,Solar,2026-08-05T07:10:17Z
2026-08-05T07:08:29Z,2026-08-05T09:08:29+0200,d671fb79-bd81-42f3-a5fe-a0a907bfe6ea,2026-08-04T09:15:00Z,2026-08-04T11:15:00+0200,13819.27148,MW,FR,FR,forecast_solar_generation,Solar,2026-08-05T07:10:17Z
2026-08-05T07:08:29Z,2026-08-05T09:08:29+0200,d671fb79-bd81-42f3-a5fe-a0a907bfe6ea,2026-08-04T09:30:00Z,2026-08-04T11:30:00+0200,14537.52441,MW,FR,FR,forecast_solar_generation,Solar,2026-08-05T07:10:17Z
2026-08-05T07:08:29Z,2026-08-05T09:08:29+0200,d671fb79-bd81-42f3-a5fe-a0a907bfe6ea,2026-08-04T09:45:00Z,2026-08-04T11:45:00+0200,15050.67969,MW,FR,FR,forecast_solar_generation,Solar,2026-08-05T07:10:17Z
2026-08-05T07:08:29Z,2026-08-05T09:08:29+0200,d671fb79-bd81-42f3-a5fe-a0a907bfe6ea,2026-08-04T10:00:00Z,2026-08-04T12:00:00+0200,15658.09863,MW,FR,FR,forecast_solar_generation,Solar,2026-08-05T07:10:17Z
2026-08-05T07:08:29Z,2026-08-05T09:08:29+0200,d671fb79-bd81-42f3-a5fe-a0a907bfe6ea,2026-08-04T10:15:00Z,2026-08-04T12:15:00+0200,16159.93066,MW,FR,FR,forecast_solar_generation,Solar,2026-08-05T07:10:17Z
2026-08-05T07:08:29Z,2026-08-05T09:08:29+0200,d671fb79-bd81-42f3-a5fe-a0a907bfe6ea,2026-08-04T10:30:00Z,2026-08-04T12:30:00+0200,16803.03906,MW,FR,FR,forecast_solar_generation,Solar,2026-08-05T07:10:17Z
2026-08-05T07:08:29Z,2026-08-05T09:08:29+0200,d671fb79-bd81-42f3-a5fe-a0a907bfe6ea,2026-08-04T10:45:00Z,2026-08-04T12:45:00+0200,17143.99609,MW,FR,FR,forecast_solar_generation,Solar,2026-08-05T07:10:17Z
2026-08-05T07:08:29Z,2026-08-05T09:08:29+0200,d671fb79-bd81-42f3-a5fe-a0a907bfe6ea,2026-08-04T11:00:00Z,2026-08-04T13:00:00+0200,17489.67773,MW,FR,FR,forecast_solar_generation,Solar,2026-08-05T07:10:17Z
2026-08-05T07:08:29Z,2026-08-05T09:08:29+0200,d671fb79-bd81-42f3-a5fe-a0a907bfe6ea,2026-08-04T11:15:00Z,2026-08-04T13:15:00+0200,17721.62109,MW,FR,FR,forecast_solar_generation,Solar,2026-08-05T07:10:17Z
2026-08-05T07:08:29Z,2026-08-05T09:08:29+0200,d671fb79-bd81-42f3-a5fe-a0a907bfe6ea,2026-08-04T11:30:00Z,2026-08-04T13:30:00+0200,17974.51758,MW,FR,FR,forecast_solar_generation,Solar,2026-08-05T07:10:17Z
2026-08-05T07:08:29Z,2026-08-05T09:08:29+0200,d671fb79-bd81-42f3-a5fe-a0a907bfe6ea,2026-08-04T11:45:00Z,2026-08-04T13:45:00+0200,17951.05273,MW,FR,FR,forecast_solar_generation,Solar,2026-08-05T07:10:17Z
2026-08-05T07:08:29Z,2026-08-05T09:08:29+0200,d671fb79-bd81-42f3-a5fe-a0a907bfe6ea,2026-08-04T12:00:00Z,2026-08-04T14:00:00+0200,17983.09961,MW,FR,FR,forecast_solar_generation,Solar,2026-08-05T07:10:17Z
2026-08-05T07:08:29Z,2026-08-05T09:08:29+0200,d671fb79-bd81-42f3-a5fe-a0a907bfe6ea,2026-08-04T12:15:00Z,2026-08-04T14:15:00+0200,17973.22656,MW,FR,FR,forecast_solar_generation,Solar,2026-08-05T07:10:17Z
2026-08-05T07:08:29Z,2026-08-05T09:08:29+0200,d671fb79-bd81-42f3-a5fe-a0a907bfe6ea,2026-08-04T12:30:00Z,2026-08-04T14:30:00+0200,18000.14062,MW,FR,FR,forecast_solar_generation,Solar,2026-08-05T07:10:17Z
2026-08-05T07:08:29Z,2026-08-05T09:08:29+0200,d671fb79-bd81-42f3-a5fe-a0a907bfe6ea,2026-08-04T12:45:00Z,2026-08-04T14:45:00+0200,17847.89258,MW,FR,FR,forecast_solar_generation,Solar,2026-08-05T07:10:17Z
2026-08-05T07:08:29Z,2026-08-05T09:08:29+0200,d671fb79-bd81-42f3-a5fe-a0a907bfe6ea,2026-08-04T13:00:00Z,2026-08-04T15:00:00+0200,17669.60938,MW,FR,FR,forecast_solar_generation,Solar,2026-08-05T07:10:17Z
2026-08-05T07:08:29Z,2026-08-05T09:08:29+0200,d671fb79-bd81-42f3-a5fe-a0a907bfe6ea,2026-08-04T13:15:00Z,2026-08-04T15:15:00+0200,17457.84961,MW,FR,FR,forecast_solar_generation,Solar,2026-08-05T07:10:17Z
2026-08-05T07:08:29Z,2026-08-05T09:08:29+0200,d671fb79-bd81-42f3-a5fe-a0a907bfe6ea,2026-08-04T13:30:00Z,2026-08-04T15:30:00+0200,17220.15234,MW,FR,FR,forecast_solar_generation,Solar,2026-08-05T07:10:17Z
2026-08-05T07:08:29Z,2026-08-05T09:08:29+0200,d671fb79-bd81-42f3-a5fe-a0a907bfe6ea,2026-08-04T13:45:00Z,2026-08-04T15:45:00+0200,16783.48828,MW,FR,FR,forecast_solar_generation,Solar,2026-08-05T07:10:17Z
2026-08-05T07:08:29Z,2026-08-05T09:08:29+0200,d671fb79-bd81-42f3-a5fe-a0a907bfe6ea,2026-08-04T14:00:00Z,2026-08-04T16:00:00+0200,16373.75391,MW,FR,FR,forecast_solar_generation,Solar,2026-08-05T07:10:17Z
2026-08-05T07:08:29Z,2026-08-05T09:08:29+0200,d671fb79-bd81-42f3-a5fe-a0a907bfe6ea,2026-08-04T14:15:00Z,2026-08-04T16:15:00+0200,15929.58496,MW,FR,FR,forecast_solar_generation,Solar,2026-08-05T07:10:17Z
2026-08-05T07:08:29Z,2026-08-05T09:08:29+0200,d671fb79-bd81-42f3-a5fe-a0a907bfe6ea,2026-08-04T14:30:00Z,2026-08-04T16:30:00+0200,15388.4082,MW,FR,FR,forecast_solar_generation,Solar,2026-08-05T07:10:17Z
2026-08-05T07:08:29Z,2026-08-05T09:08:29+0200,d671fb79-bd81-42f3-a5fe-a0a907bfe6ea,2026-08-04T14:45:00Z,2026-08-04T16:45:00+0200,14782.69531,MW,FR,FR,forecast_solar_generation,Solar,2026-08-05T07:10:17Z
2026-08-05T07:08:29Z,2026-08-05T09:08:29+0200,d671fb79-bd81-42f3-a5fe-a0a907bfe6ea,2026-08-04T15:00:00Z,2026-08-04T17:00:00+0200,14157.20605,MW,FR,FR,forecast_solar_generation,Solar,2026-08-05T07:10:17Z
2026-08-05T07:08:29Z,2026-08-05T09:08:29+0200,d671fb79-bd81-42f3-a5fe-a0a907bfe6ea,2026-08-04T15:15:00Z,2026-08-04T17:15:00+0200,13389.68945,MW,FR,FR,forecast_solar_generation,Solar,2026-08-05T07:10:17Z
2026-08-05T07:08:29Z,2026-08-05T09:08:29+0200,d671fb79-bd81-42f3-a5fe-a0a907bfe6ea,2026-08-04T15:30:00Z,2026-08-04T17:30:00+0200,12603.67188,MW,FR,FR,forecast_solar_generation,Solar,2026-08-05T07:10:17Z
2026-08-05T07:08:29Z,2026-08-05T09:08:29+0200,d671fb79-bd81-42f3-a5fe-a0a907bfe6ea,2026-08-04T15:45:00Z,2026-08-04T17:45:00+0200,11764.21875,MW,FR,FR,forecast_solar_generation,Solar,2026-08-05T07:10:17Z
2026-08-05T07:08:29Z,2026-08-05T09:08:29+0200,d671fb79-bd81-42f3-a5fe-a0a907bfe6ea,2026-08-04T16:00:00Z,2026-08-04T18:00:00+0200,10829.76953,MW,FR,FR,forecast_solar_generation,Solar,2026-08-05T07:10:17Z
2026-08-05T07:08:29Z,2026-08-05T09:08:29+0200,d671fb79-bd81-42f3-a5fe-a0a907bfe6ea,2026-08-04T16:15:00Z,2026-08-04T18:15:00+0200,9722.81836,MW,FR,FR,forecast_solar_generation,Solar,2026-08-05T07:10:17Z
2026-08-05T07:08:29Z,2026-08-05T09:08:29+0200,d671fb79-bd81-42f3-a5fe-a0a907bfe6ea,2026-08-04T16:30:00Z,2026-08-04T18:30:00+0200,8665.67188,MW,FR,FR,forecast_solar_generation,Solar,2026-08-05T07:10:17Z
2026-08-05T07:08:29Z,2026-08-05T09:08:29+0200,d671fb79-bd81-42f3-a5fe-a0a907bfe6ea,2026-08-04T16:45:00Z,2026-08-04T18:45:00+0200,7718.33887,MW,FR,FR,forecast_solar_generation,Solar,2026-08-05T07:10:17Z
2026-08-05T07:08:29Z,2026-08-05T09:08:29+0200,d671fb79-bd81-42f3-a5fe-a0a907bfe6ea,2026-08-04T17:00:00Z,2026-08-04T19:00:00+0200,6465.14551,MW,FR,FR,forecast_solar_generation,Solar,2026-08-05T07:10:17Z
2026-08-05T07:08:29Z,2026-08-05T09:08:29+0200,d671fb79-bd81-42f3-a5fe-a0a907bfe6ea,2026-08-04T17:15:00Z,2026-08-04T19:15:00+0200,5504.32861,MW,FR,FR,forecast_solar_generation,Solar,2026-08-05T07:10:17Z
2026-08-05T07:08:29Z,2026-08-05T09:08:29+0200,d671fb79-bd81-42f3-a5fe-a0a907bfe6ea,2026-08-04T17:30:00Z,2026-08-04T19:30:00+0200,4311.84326,MW,FR,FR,forecast_solar_generation,Solar,2026-08-05T07:10:17Z
2026-08-05T07:08:29Z,2026-08-05T09:08:29+0200,d671fb79-bd81-42f3-a5fe-a0a907bfe6ea,2026-08-04T17:45:00Z,2026-08-04T19:45:00+0200,3457.80176,MW,FR,FR,forecast_solar_generation,Solar,2026-08-05T07:10:17Z
2026-08-05T07:08:29Z,2026-08-05T09:08:29+0200,d671fb79-bd81-42f3-a5fe-a0a907bfe6ea,2026-08-04T18:00:00Z,2026-08-04T20:00:00+0200,2508.3396,MW,FR,FR,forecast_solar_generation,Solar,2026-08-05T07:10:17Z
2026-08-05T07:08:29Z,2026-08-05T09:08:29+0200,d671fb79-bd81-42f3-a5fe-a0a907bfe6ea,2026-08-04T18:15:00Z,2026-08-04T20:15:00+0200,1766.34668,MW,FR,FR,forecast_solar_generation,Solar,2026-08-05T07:10:17Z
2026-08-05T07:08:29Z,2026-08-05T09:08:29+0200,d671fb79-bd81-42f3-a5fe-a0a907bfe6ea,2026-08-04T18:30:00Z,2026-08-04T20:30:00+0200,1153.10388,MW,FR,FR,forecast_solar_generation,Solar,2026-08-05T07:10:17Z
2026-08-05T07:08:29Z,2026-08-05T09:08:29+0200,d671fb79-bd81-42f3-a5fe-a0a907bfe6ea,2026-08-04T18:45:00Z,2026-08-04T20:45:00+0200,802.12439,MW,FR,FR,forecast_solar_generation,Solar,2026-08-05T07:10:17Z
2026-08-05T07:08:29Z,2026-08-05T09:08:29+0200,d671fb79-bd81-42f3-a5fe-a0a907bfe6ea,2026-08-04T19:00:00Z,2026-08-04T21:00:00+0200,408.10245,MW,FR,FR,forecast_solar_generation,Solar,2026-08-05T07:10:17Z
2026-08-05T07:08:29Z,2026-08-05T09:08:29+0200,d671fb79-bd81-42f3-a5fe-a0a907bfe6ea,2026-08-04T19:15:00Z,2026-08-04T21:15:00+0200,87.46221,MW,FR,FR,forecast_solar_generation,Solar,2026-08-05T07:10:17Z
2026-08-05T07:08:29Z,2026-08-05T09:08:29+0200,d671fb79-bd81-42f3-a5fe-a0a907bfe6ea,2026-08-04T19:30:00Z,2026-08-04T21:30:00+0200,5.57674,MW,FR,FR,forecast_solar_generation,Solar,2026-08-05T07:10:17Z
2026-08-05T07:08:29Z,2026-08-05T09:08:29+0200,d671fb79-bd81-42f3-a5fe-a0a907bfe6ea,2026-08-04T19:45:00Z,2026-08-04T21:45:00+0200,0.0,MW,FR,FR,forecast_solar_generation,Solar,2026-08-05T07:10:17Z
2026-08-05T07:08:29Z,2026-08-05T09:08:29+0200,d671fb79-bd81-42f3-a5fe-a0a907bfe6ea,2026-08-04T20:00:00Z,2026-08-04T22:00:00+0200,0.0,MW,FR,FR,forecast_solar_generation,Solar,2026-08-05T07:10:17Z
2026-08-05T07:08:29Z,2026-08-05T09:08:29+0200,d671fb79-bd81-42f3-a5fe-a0a907bfe6ea,2026-08-04T20:15:00Z,2026-08-04T22:15:00+0200,0.0,MW,FR,FR,forecast_solar_generation,Solar,2026-08-05T07:10:17Z
2026-08-05T07:08:29Z,2026-08-05T09:08:29+0200,d671fb79-bd81-42f3-a5fe-a0a907bfe6ea,2026-08-04T20:30:00Z,2026-08-04T22:30:00+0200,0.0,MW,FR,FR,forecast_solar_generation,Solar,2026-08-05T07:10:17Z
2026-08-05T07:08:29Z,2026-08-05T09:08:29+0200,d671fb79-bd81-42f3-a5fe-a0a907bfe6ea,2026-08-04T20:45:00Z,2026-08-04T22:45:00+0200,0.0,MW,FR,FR,forecast_solar_generation,Solar,2026-08-05T07:10:17Z
2026-08-05T07:08:29Z,2026-08-05T09:08:29+0200,d671fb79-bd81-42f3-a5fe-a0a907bfe6ea,2026-08-04T21:00:00Z,2026-08-04T23:00:00+0200,0.0,MW,FR,FR,forecast_solar_generation,Solar,2026-08-05T07:10:17Z
2026-08-05T07:08:29Z,2026-08-05T09:08:29+0200,d671fb79-bd81-42f3-a5fe-a0a907bfe6ea,2026-08-04T21:15:00Z,2026-08-04T23:15:00+0200,0.0,MW,FR,FR,forecast_solar_generation,Solar,2026-08-05T07:10:17Z
2026-08-05T07:08:29Z,2026-08-05T09:08:29+0200,d671fb79-bd81-42f3-a5fe-a0a907bfe6ea,2026-08-04T21:30:00Z,2026-08-04T23:30:00+0200,0.0,MW,FR,FR,forecast_solar_generation,Solar,2026-08-05T07:10:17Z
2026-08-05T07:08:29Z,2026-08-05T09:08:29+0200,d671fb79-bd81-42f3-a5fe-a0a907bfe6ea,2026-08-04T21:45:00Z,2026-08-04T23:45:00+0200,0.0,MW,FR,FR,forecast_solar_generation,Solar,2026-08-05T07:10:17Z
2026-08-05T07:08:29Z,2026-08-05T09:08:29+0200,d671fb79-bd81-42f3-a5fe-a0a907bfe6ea,2026-08-04T22:00:00Z,2026-08-05T00:00:00+0200,0.0,MW,FR,FR,forecast_solar_generation,Solar,2026-08-05T07:10:17Z
2026-08-05T07:08:29Z,2026-08-05T09:08:29+0200,d671fb79-bd81-42f3-a5fe-a0a907bfe6ea,2026-08-04T22:15:00Z,2026-08-05T00:15:00+0200,0.0,MW,FR,FR,forecast_solar_generation,Solar,2026-08-05T07:10:17Z
2026-08-05T07:08:29Z,2026-08-05T09:08:29+0200,d671fb79-bd81-42f3-a5fe-a0a907bfe6ea,2026-08-04T22:30:00Z,2026-08-05T00:30:00+0200,0.0,MW,FR,FR,forecast_solar_generation,Solar,2026-08-05T07:10:17Z
2026-08-05T07:08:29Z,2026-08-05T09:08:29+0200,d671fb79-bd81-42f3-a5fe-a0a907bfe6ea,2026-08-04T22:45:00Z,2026-08-05T00:45:00+0200,0.0,MW,FR,FR,forecast_solar_generation,Solar,2026-08-05T07:10:17Z
2026-08-05T07:08:29Z,2026-08-05T09:08:29+0200,d671fb79-bd81-42f3-a5fe-a0a907bfe6ea,2026-08-04T23:00:00Z,2026-08-05T01:00:00+0200,0.0,MW,FR,FR,forecast_solar_generation,Solar,2026-08-05T07:10:17Z
2026-08-05T07:08:29Z,2026-08-05T09:08:29+0200,d671fb79-bd81-42f3-a5fe-a0a907bfe6ea,2026-08-04T23:15:00Z,2026-08-05T01:15:00+0200,0.0,MW,FR,FR,forecast_solar_generation,Solar,2026-08-05T07:10:17Z
2026-08-05T07:08:29Z,2026-08-05T09:08:29+0200,d671fb79-bd81-42f3-a5fe-a0a907bfe6ea,2026-08-04T23:30:00Z,2026-08-05T01:30:00+0200,0.0,MW,FR,FR,forecast_solar_generation,Solar,2026-08-05T07:10:17Z
2026-08-05T07:08:29Z,2026-08-05T09:08:29+0200,d671fb79-bd81-42f3-a5fe-a0a907bfe6ea,2026-08-04T23:45:00Z,2026-08-05T01:45:00+0200,0.0,MW,FR,FR,forecast_solar_generation,Solar,2026-08-05T07:10:17Z
2026-08-05T07:08:29Z,2026-08-05T09:08:29+0200,d671fb79-bd81-42f3-a5fe-a0a907bfe6ea,2026-08-05T00:00:00Z,2026-08-05T02:00:00+0200,0.0,MW,FR,FR,forecast_solar_generation,Solar,2026-08-05T07:10:17Z
2026-08-05T07:08:29Z,2026-08-05T09:08:29+0200,d671fb79-bd81-42f3-a5fe-a0a907bfe6ea,2026-08-05T00:15:00Z,2026-08-05T02:15:00+0200,0.0,MW,FR,FR,forecast_solar_generation,Solar,2026-08-05T07:10:17Z
2026-08-05T07:08:29Z,2026-08-05T09:08:29+0200,d671fb79-bd81-42f3-a5fe-a0a907bfe6ea,2026-08-05T00:30:00Z,2026-08-05T02:30:00+0200,0.0,MW,FR,FR,forecast_solar_generation,Solar,2026-08-05T07:10:17Z
2026-08-05T07:08:29Z,2026-08-05T09:08:29+0200,d671fb79-bd81-42f3-a5fe-a0a907bfe6ea,2026-08-05T00:45:00Z,2026-08-05T02:45:00+0200,0.0,MW,FR,FR,forecast_solar_generation,Solar,2026-08-05T07:10:17Z
2026-08-05T07:08:29Z,2026-08-05T09:08:29+0200,d671fb79-bd81-42f3-a5fe-a0a907bfe6ea,2026-08-05T01:00:00Z,2026-08-05T03:00:00+0200,0.0,MW,FR,FR,forecast_solar_generation,Solar,2026-08-05T07:10:17Z
2026-08-05T07:08:29Z,2026-08-05T09:08:29+0200,d671fb79-bd81-42f3-a5fe-a0a907bfe6ea,2026-08-05T01:15:00Z,2026-08-05T03:15:00+0200,0.0,MW,FR,FR,forecast_solar_generation,Solar,2026-08-05T07:10:17Z
2026-08-05T07:08:29Z,2026-08-05T09:08:29+0200,d671fb79-bd81-42f3-a5fe-a0a907bfe6ea,2026-08-05T01:30:00Z,2026-08-05T03:30:00+0200,0.0,MW,FR,FR,forecast_solar_generation,Solar,2026-08-05T07:10:17Z
2026-08-05T07:08:29Z,2026-08-05T09:08:29+0200,d671fb79-bd81-42f3-a5fe-a0a907bfe6ea,2026-08-05T01:45:00Z,2026-08-05T03:45:00+0200,0.0,MW,FR,FR,forecast_solar_generation,Solar,2026-08-05T07:10:17Z
2026-08-05T07:08:29Z,2026-08-05T09:08:29+0200,d671fb79-bd81-42f3-a5fe-a0a907bfe6ea,2026-08-05T02:00:00Z,2026-08-05T04:00:00+0200,0.0,MW,FR,FR,forecast_solar_generation,Solar,2026-08-05T07:10:17Z
2026-08-05T07:08:29Z,2026-08-05T09:08:29+0200,d671fb79-bd81-42f3-a5fe-a0a907bfe6ea,2026-08-05T02:15:00Z,2026-08-05T04:15:00+0200,0.0,MW,FR,FR,forecast_solar_generation,Solar,2026-08-05T07:10:17Z
2026-08-05T07:08:29Z,2026-08-05T09:08:29+0200,d671fb79-bd81-42f3-a5fe-a0a907bfe6ea,2026-08-05T02:30:00Z,2026-08-05T04:30:00+0200,0.0,MW,FR,FR,forecast_solar_generation,Solar,2026-08-05T07:10:17Z
2026-08-05T07:08:29Z,2026-08-05T09:08:29+0200,d671fb79-bd81-42f3-a5fe-a0a907bfe6ea,2026-08-05T02:45:00Z,2026-08-05T04:45:00+0200,0.0,MW,FR,FR,forecast_solar_generation,Solar,2026-08-05T07:10:17Z
2026-08-05T07:08:29Z,2026-08-05T09:08:29+0200,d671fb79-bd81-42f3-a5fe-a0a907bfe6ea,2026-08-05T03:00:00Z,2026-08-05T05:00:00+0200,0.0,MW,FR,FR,forecast_solar_generation,Solar,2026-08-05T07:10:17Z
2026-08-05T07:08:29Z,2026-08-05T09:08:29+0200,d671fb79-bd81-42f3-a5fe-a0a907bfe6ea,2026-08-05T03:15:00Z,2026-08-05T05:15:00+0200,0.0,MW,FR,FR,forecast_solar_generation,Solar,2026-08-05T07:10:17Z
2026-08-05T07:08:29Z,2026-08-05T09:08:29+0200,d671fb79-bd81-42f3-a5fe-a0a907bfe6ea,2026-08-05T03:30:00Z,2026-08-05T05:30:00+0200,0.0,MW,FR,FR,forecast_solar_generation,Solar,2026-08-05T07:10:17Z
2026-08-05T07:08:29Z,2026-08-05T09:08:29+0200,d671fb79-bd81-42f3-a5fe-a0a907bfe6ea,2026-08-05T03:45:00Z,2026-08-05T05:45:00+0200,0.0,MW,FR,FR,forecast_solar_generation,Solar,2026-08-05T07:10:17Z
2026-08-05T07:08:29Z,2026-08-05T09:08:29+0200,d671fb79-bd81-42f3-a5fe-a0a907bfe6ea,2026-08-05T04:00:00Z,2026-08-05T06:00:00+0200,0.0,MW,FR,FR,forecast_solar_generation,Solar,2026-08-05T07:10:17Z
2026-08-05T07:08:29Z,2026-08-05T09:08:29+0200,d671fb79-bd81-42f3-a5fe-a0a907bfe6ea,2026-08-05T04:15:00Z,2026-08-05T06:15:00+0200,8.64893,MW,FR,FR,forecast_solar_generation,Solar,2026-08-05T07:10:17Z
2026-08-05T07:08:29Z,2026-08-05T09:08:29+0200,d671fb79-bd81-42f3-a5fe-a0a907bfe6ea,2026-08-05T04:30:00Z,2026-08-05T06:30:00+0200,53.42879,MW,FR,FR,forecast_solar_generation,Solar,2026-08-05T07:10:17Z
2026-08-05T07:08:29Z,2026-08-05T09:08:29+0200,d671fb79-bd81-42f3-a5fe-a0a907bfe6ea,2026-08-05T04:45:00Z,2026-08-05T06:45:00+0200,191.47176,MW,FR,FR,forecast_solar_generation,Solar,2026-08-05T07:10:17Z
2026-08-05T07:08:29Z,2026-08-05T09:08:29+0200,d671fb79-bd81-42f3-a5fe-a0a907bfe6ea,2026-08-05T05:00:00Z,2026-08-05T07:00:00+0200,430.8371,MW,FR,FR,forecast_solar_generation,Solar,2026-08-05T07:10:17Z
2026-08-05T07:08:29Z,2026-08-05T09:08:29+0200,d671fb79-bd81-42f3-a5fe-a0a907bfe6ea,2026-08-05T05:15:00Z,2026-08-05T07:15:00+0200,671.46289,MW,FR,FR,forecast_solar_generation,Solar,2026-08-05T07:10:17Z
2026-08-05T07:08:29Z,2026-08-05T09:08:29+0200,d671fb79-bd81-42f3-a5fe-a0a907bfe6ea,2026-08-05T05:30:00Z,2026-08-05T07:30:00+0200,972.86548,MW,FR,FR,forecast_solar_generation,Solar,2026-08-05T07:10:17Z
2026-08-05T07:08:29Z,2026-08-05T09:08:29+0200,d671fb79-bd81-42f3-a5fe-a0a907bfe6ea,2026-08-05T05:45:00Z,2026-08-05T07:45:00+0200,1550.31152,MW,FR,FR,forecast_solar_generation,Solar,2026-08-05T07:10:17Z
2026-08-05T07:08:29Z,2026-08-05T09:08:29+0200,d671fb79-bd81-42f3-a5fe-a0a907bfe6ea,2026-08-05T06:00:00Z,2026-08-05T08:00:00+0200,2257.98096,MW,FR,FR,forecast_solar_generation,Solar,2026-08-05T07:10:17Z
2026-08-05T07:08:29Z,2026-08-05T09:08:29+0200,d671fb79-bd81-42f3-a5fe-a0a907bfe6ea,2026-08-05T06:15:00Z,2026-08-05T08:15:00+0200,3251.41235,MW,FR,FR,forecast_solar_generation,Solar,2026-08-05T07:10:17Z
2026-08-05T07:08:29Z,2026-08-05T09:08:29+0200,d671fb79-bd81-42f3-a5fe-a0a907bfe6ea,2026-08-05T06:30:00Z,2026-08-05T08:30:00+0200,4064.53906,MW,FR,FR,forecast_solar_generation,Solar,2026-08-05T07:10:17Z
2026-08-05T07:08:29Z,2026-08-05T09:08:29+0200,d671fb79-bd81-42f3-a5fe-a0a907bfe6ea,2026-08-05T06:45:00Z,2026-08-05T08:45:00+0200,5258.86572,MW,FR,FR,forecast_solar_generation,Solar,2026-08-05T07:10:17Z
