collection_time_utc,collection_time_local,run_id,timestamp_utc,timestamp_local,value,unit,country,entsoe_area,variable,source,updated_at_utc
2026-08-20T04:48:34Z,2026-08-20T06:48:34+0200,a8c862e9-3667-4aca-b3d4-061a7f73b92e,2026-07-20T05:00:00Z,2026-07-20T07:00:00+0200,754.34332,MW,FR,FR,forecast_solar_generation,Solar,2026-08-20T04:49:42Z
2026-08-20T04:48:34Z,2026-08-20T06:48:34+0200,a8c862e9-3667-4aca-b3d4-061a7f73b92e,2026-07-20T05:15:00Z,2026-07-20T07:15:00+0200,1171.6427,MW,FR,FR,forecast_solar_generation,Solar,2026-08-20T04:49:42Z
2026-08-20T04:48:34Z,2026-08-20T06:48:34+0200,a8c862e9-3667-4aca-b3d4-061a7f73b92e,2026-07-20T05:30:00Z,2026-07-20T07:30:00+0200,1666.49561,MW,FR,FR,forecast_solar_generation,Solar,2026-08-20T04:49:42Z
2026-08-20T04:48:34Z,2026-08-20T06:48:34+0200,a8c862e9-3667-4aca-b3d4-061a7f73b92e,2026-07-20T05:45:00Z,2026-07-20T07:45:00+0200,2460.01294,MW,FR,FR,forecast_solar_generation,Solar,2026-08-20T04:49:42Z
2026-08-20T04:48:34Z,2026-08-20T06:48:34+0200,a8c862e9-3667-4aca-b3d4-061a7f73b92e,2026-07-20T06:00:00Z,2026-07-20T08:00:00+0200,3380.73169,MW,FR,FR,forecast_solar_generation,Solar,2026-08-20T04:49:42Z
2026-08-20T04:48:34Z,2026-08-20T06:48:34+0200,a8c862e9-3667-4aca-b3d4-061a7f73b92e,2026-07-20T06:15:00Z,2026-07-20T08:15:00+0200,4464.33691,MW,FR,FR,forecast_solar_generation,Solar,2026-08-20T04:49:42Z
2026-08-20T04:48:34Z,2026-08-20T06:48:34+0200,a8c862e9-3667-4aca-b3d4-061a7f73b92e,2026-07-20T06:30:00Z,2026-07-20T08:30:00+0200,5509.38867,MW,FR,FR,forecast_solar_generation,Solar,2026-08-20T04:49:42Z
2026-08-20T04:48:34Z,2026-08-20T06:48:34+0200,a8c862e9-3667-4aca-b3d4-061a7f73b92e,2026-07-20T06:45:00Z,2026-07-20T08:45:00+0200,6885.99268,MW,FR,FR,forecast_solar_generation,Solar,2026-08-20T04:49:42Z
2026-08-20T04:48:34Z,2026-08-20T06:48:34+0200,a8c862e9-3667-4aca-b3d4-061a7f73b92e,2026-07-20T07:00:00Z,2026-07-20T09:00:00+0200,8054.66113,MW,FR,FR,forecast_solar_generation,Solar,2026-08-20T04:49:42Z
2026-08-20T04:48:34Z,2026-08-20T06:48:34+0200,a8c862e9-3667-4aca-b3d4-061a7f73b92e,2026-07-20T07:15:00Z,2026-07-20T09:15:00+0200,9475.61719,MW,FR,FR,forecast_solar_generation,Solar,2026-08-20T04:49:42Z
2026-08-20T04:48:34Z,2026-08-20T06:48:34+0200,a8c862e9-3667-4aca-b3d4-061a7f73b92e,2026-07-20T07:30:00Z,2026-07-20T09:30:00+0200,10602.5752,MW,FR,FR,forecast_solar_generation,Solar,2026-08-20T04:49:42Z
2026-08-20T04:48:34Z,2026-08-20T06:48:34+0200,a8c862e9-3667-4aca-b3d4-061a7f73b92e,2026-07-20T07:45:00Z,2026-07-20T09:45:00+0200,11860.72559,MW,FR,FR,forecast_solar_generation,Solar,2026-08-20T04:49:42Z
2026-08-20T04:48:34Z,2026-08-20T06:48:34+0200,a8c862e9-3667-4aca-b3d4-061a7f73b92e,2026-07-20T08:00:00Z,2026-07-20T10:00:00+0200,12955.96973,MW,FR,FR,forecast_solar_generation,Solar,2026-08-20T04:49:42Z
2026-08-20T04:48:34Z,2026-08-20T06:48:34+0200,a8c862e9-3667-4aca-b3d4-061a7f73b92e,2026-07-20T08:15:00Z,2026-07-20T10:15:00+0200,14157.91602,MW,FR,FR,forecast_solar_generation,Solar,2026-08-20T04:49:42Z
2026-08-20T04:48:34Z,2026-08-20T06:48:34+0200,a8c862e9-3667-4aca-b3d4-061a7f73b92e,2026-07-20T08:30:00Z,2026-07-20T10:30:00+0200,15129.57422,MW,FR,FR,forecast_solar_generation,Solar,2026-08-20T04:49:42Z
2026-08-20T04:48:34Z,2026-08-20T06:48:34+0200,a8c862e9-3667-4aca-b3d4-061a7f73b92e,2026-07-20T08:45:00Z,2026-07-20T10:45:00+0200,16002.44727,MW,FR,FR,forecast_solar_generation,Solar,2026-08-20T04:49:42Z
2026-08-20T04:48:34Z,2026-08-20T06:48:34+0200,a8c862e9-3667-4aca-b3d4-061a7f73b92e,2026-07-20T09:00:00Z,2026-07-20T11:00:00+0200,16758.65234,MW,FR,FR,forecast_solar_generation,Solar,2026-08-20T04:49:42Z
2026-08-20T04:48:34Z,2026-08-20T06:48:34+0200,a8c862e9-3667-4aca-b3d4-061a7f73b92e,2026-07-20T09:15:00Z,2026-07-20T11:15:00+0200,17510.2168,MW,FR,FR,forecast_solar_generation,Solar,2026-08-20T04:49:42Z
2026-08-20T04:48:34Z,2026-08-20T06:48:34+0200,a8c862e9-3667-4aca-b3d4-061a7f73b92e,2026-07-20T09:30:00Z,2026-07-20T11:30:00+0200,18176.86133,MW,FR,FR,forecast_solar_generation,Solar,2026-08-20T04:49:42Z
2026-08-20T04:48:34Z,2026-08-20T06:48:34+0200,a8c862e9-3667-4aca-b3d4-061a7f73b92e,2026-07-20T09:45:00Z,2026-07-20T11:45:00+0200,18743.80078,MW,FR,FR,forecast_solar_generation,Solar,2026-08-20T04:49:42Z
2026-08-20T04:48:34Z,2026-08-20T06:48:34+0200,a8c862e9-3667-4aca-b3d4-061a7f73b92e,2026-07-20T10:00:00Z,2026-07-20T12:00:00+0200,14951.97754,MW,FR,FR,forecast_solar_generation,Solar,2026-08-20T04:49:42Z
2026-08-20T04:48:34Z,2026-08-20T06:48:34+0200,a8c862e9-3667-4aca-b3d4-061a7f73b92e,2026-07-20T10:15:00Z,2026-07-20T12:15:00+0200,15286.4209,MW,FR,FR,forecast_solar_generation,Solar,2026-08-20T04:49:42Z
2026-08-20T04:48:34Z,2026-08-20T06:48:34+0200,a8c862e9-3667-4aca-b3d4-061a7f73b92e,2026-07-20T10:30:00Z,2026-07-20T12:30:00+0200,15596.03906,MW,FR,FR,forecast_solar_generation,Solar,2026-08-20T04:49:42Z
2026-08-20T04:48:34Z,2026-08-20T06:48:34+0200,a8c862e9-3667-4aca-b3d4-061a7f73b92e,2026-07-20T10:45:00Z,2026-07-20T12:45:00+0200,15809.72656,MW,FR,FR,forecast_solar_generation,Solar,2026-08-20T04:49:42Z
2026-08-20T04:48:34Z,2026-08-20T06:48:34+0200,a8c862e9-3667-4aca-b3d4-061a7f73b92e,2026-07-20T11:00:00Z,2026-07-20T13:00:00+0200,15987.91504,MW,FR,FR,forecast_solar_generation,Solar,2026-08-20T04:49:42Z
2026-08-20T04:48:34Z,2026-08-20T06:48:34+0200,a8c862e9-3667-4aca-b3d4-061a7f73b92e,2026-07-20T11:15:00Z,2026-07-20T13:15:00+0200,20833.13281,MW,FR,FR,forecast_solar_generation,Solar,2026-08-20T04:49:42Z
2026-08-20T04:48:34Z,2026-08-20T06:48:34+0200,a8c862e9-3667-4aca-b3d4-061a7f73b92e,2026-07-20T11:30:00Z,2026-07-20T13:30:00+0200,20992.27148,MW,FR,FR,forecast_solar_generation,Solar,2026-08-20T04:49:42Z
2026-08-20T04:48:34Z,2026-08-20T06:48:34+0200,a8c862e9-3667-4aca-b3d4-061a7f73b92e,2026-07-20T11:45:00Z,2026-07-20T13:45:00+0200,21055.0332,MW,FR,FR,forecast_solar_generation,Solar,2026-08-20T04:49:42Z
2026-08-20T04:48:34Z,2026-08-20T06:48:34+0200,a8c862e9-3667-4aca-b3d4-061a7f73b92e,2026-07-20T12:00:00Z,2026-07-20T14:00:00+0200,21097.19922,MW,FR,FR,forecast_solar_generation,Solar,2026-08-20T04:49:42Z
2026-08-20T04:48:34Z,2026-08-20T06:48:34+0200,a8c862e9-3667-4aca-b3d4-061a7f73b92e,2026-07-20T12:15:00Z,2026-07-20T14:15:00+0200,21071.88477,MW,FR,FR,forecast_solar_generation,Solar,2026-08-20T04:49:42Z
2026-08-20T04:48:34Z,2026-08-20T06:48:34+0200,a8c862e9-3667-4aca-b3d4-061a7f73b92e,2026-07-20T12:30:00Z,2026-07-20T14:30:00+0200,16294.66211,MW,FR,FR,forecast_solar_generation,Solar,2026-08-20T04:49:42Z
2026-08-20T04:48:34Z,2026-08-20T06:48:34+0200,a8c862e9-3667-4aca-b3d4-061a7f73b92e,2026-07-20T12:45:00Z,2026-07-20T14:45:00+0200,16197.37305,MW,FR,FR,forecast_solar_generation,Solar,2026-08-20T04:49:42Z
2026-08-20T04:48:34Z,2026-08-20T06:48:34+0200,a8c862e9-3667-4aca-b3d4-061a7f73b92e,2026-07-20T13:00:00Z,2026-07-20T15:00:00+0200,16041.89648,MW,FR,FR,forecast_solar_generation,Solar,2026-08-20T04:49:42Z
2026-08-20T04:48:34Z,2026-08-20T06:48:34+0200,a8c862e9-3667-4aca-b3d4-061a7f73b92e,2026-07-20T13:15:00Z,2026-07-20T15:15:00+0200,20375.64062,MW,FR,FR,forecast_solar_generation,Solar,2026-08-20T04:49:42Z
2026-08-20T04:48:34Z,2026-08-20T06:48:34+0200,a8c862e9-3667-4aca-b3d4-061a7f73b92e,2026-07-20T13:30:00Z,2026-07-20T15:30:00+0200,20062.73828,MW,FR,FR,forecast_solar_generation,Solar,2026-08-20T04:49:42Z
2026-08-20T04:48:34Z,2026-08-20T06:48:34+0200,a8c862e9-3667-4aca-b3d4-061a7f73b92e,2026-07-20T13:45:00Z,2026-07-20T15:45:00+0200,19628.51562,MW,FR,FR,forecast_solar_generation,Solar,2026-08-20T04:49:42Z
2026-08-20T04:48:34Z,2026-08-20T06:48:34+0200,a8c862e9-3667-4aca-b3d4-061a7f73b92e,2026-07-20T14:00:00Z,2026-07-20T16:00:00+0200,19159.29688,MW,FR,FR,forecast_solar_generation,Solar,2026-08-20T04:49:42Z
2026-08-20T04:48:34Z,2026-08-20T06:48:34+0200,a8c862e9-3667-4aca-b3d4-061a7f73b92e,2026-07-20T14:15:00Z,2026-07-20T16:15:00+0200,18639.16992,MW,FR,FR,forecast_solar_generation,Solar,2026-08-20T04:49:42Z
2026-08-20T04:48:34Z,2026-08-20T06:48:34+0200,a8c862e9-3667-4aca-b3d4-061a7f73b92e,2026-07-20T14:30:00Z,2026-07-20T16:30:00+0200,18035.24023,MW,FR,FR,forecast_solar_generation,Solar,2026-08-20T04:49:42Z
2026-08-20T04:48:34Z,2026-08-20T06:48:34+0200,a8c862e9-3667-4aca-b3d4-061a7f73b92e,2026-07-20T14:45:00Z,2026-07-20T16:45:00+0200,17268.18359,MW,FR,FR,forecast_solar_generation,Solar,2026-08-20T04:49:42Z
2026-08-20T04:48:34Z,2026-08-20T06:48:34+0200,a8c862e9-3667-4aca-b3d4-061a7f73b92e,2026-07-20T15:00:00Z,2026-07-20T17:00:00+0200,16487.72852,MW,FR,FR,forecast_solar_generation,Solar,2026-08-20T04:49:42Z
2026-08-20T04:48:34Z,2026-08-20T06:48:34+0200,a8c862e9-3667-4aca-b3d4-061a7f73b92e,2026-07-20T15:15:00Z,2026-07-20T17:15:00+0200,15693.56738,MW,FR,FR,forecast_solar_generation,Solar,2026-08-20T04:49:42Z
2026-08-20T04:48:34Z,2026-08-20T06:48:34+0200,a8c862e9-3667-4aca-b3d4-061a7f73b92e,2026-07-20T15:30:00Z,2026-07-20T17:30:00+0200,14809.30566,MW,FR,FR,forecast_solar_generation,Solar,2026-08-20T04:49:42Z
2026-08-20T04:48:34Z,2026-08-20T06:48:34+0200,a8c862e9-3667-4aca-b3d4-061a7f73b92e,2026-07-20T15:45:00Z,2026-07-20T17:45:00+0200,13863.96094,MW,FR,FR,forecast_solar_generation,Solar,2026-08-20T04:49:42Z
2026-08-20T04:48:34Z,2026-08-20T06:48:34+0200,a8c862e9-3667-4aca-b3d4-061a7f73b92e,2026-07-20T16:00:00Z,2026-07-20T18:00:00+0200,12825.35547,MW,FR,FR,forecast_solar_generation,Solar,2026-08-20T04:49:42Z
2026-08-20T04:48:34Z,2026-08-20T06:48:34+0200,a8c862e9-3667-4aca-b3d4-061a7f73b92e,2026-07-20T16:15:00Z,2026-07-20T18:15:00+0200,11721.45605,MW,FR,FR,forecast_solar_generation,Solar,2026-08-20T04:49:42Z
2026-08-20T04:48:34Z,2026-08-20T06:48:34+0200,a8c862e9-3667-4aca-b3d4-061a7f73b92e,2026-07-20T16:30:00Z,2026-07-20T18:30:00+0200,10599.94434,MW,FR,FR,forecast_solar_generation,Solar,2026-08-20T04:49:42Z
2026-08-20T04:48:34Z,2026-08-20T06:48:34+0200,a8c862e9-3667-4aca-b3d4-061a7f73b92e,2026-07-20T16:45:00Z,2026-07-20T18:45:00+0200,9465.71387,MW,FR,FR,forecast_solar_generation,Solar,2026-08-20T04:49:42Z
2026-08-20T04:48:34Z,2026-08-20T06:48:34+0200,a8c862e9-3667-4aca-b3d4-061a7f73b92e,2026-07-20T17:00:00Z,2026-07-20T19:00:00+0200,8203.27148,MW,FR,FR,forecast_solar_generation,Solar,2026-08-20T04:49:42Z
2026-08-20T04:48:34Z,2026-08-20T06:48:34+0200,a8c862e9-3667-4aca-b3d4-061a7f73b92e,2026-07-20T17:15:00Z,2026-07-20T19:15:00+0200,7047.72314,MW,FR,FR,forecast_solar_generation,Solar,2026-08-20T04:49:42Z
2026-08-20T04:48:34Z,2026-08-20T06:48:34+0200,a8c862e9-3667-4aca-b3d4-061a7f73b92e,2026-07-20T17:30:00Z,2026-07-20T19:30:00+0200,5755.20801,MW,FR,FR,forecast_solar_generation,Solar,2026-08-20T04:49:42Z
2026-08-20T04:48:34Z,2026-08-20T06:48:34+0200,a8c862e9-3667-4aca-b3d4-061a7f73b92e,2026-07-20T17:45:00Z,2026-07-20T19:45:00+0200,4762.93311,MW,FR,FR,forecast_solar_generation,Solar,2026-08-20T04:49:42Z
2026-08-20T04:48:34Z,2026-08-20T06:48:34+0200,a8c862e9-3667-4aca-b3d4-061a7f73b92e,2026-07-20T18:00:00Z,2026-07-20T20:00:00+0200,3626.22583,MW,FR,FR,forecast_solar_generation,Solar,2026-08-20T04:49:42Z
2026-08-20T04:48:34Z,2026-08-20T06:48:34+0200,a8c862e9-3667-4aca-b3d4-061a7f73b92e,2026-07-20T18:15:00Z,2026-07-20T20:15:00+0200,2718.24658,MW,FR,FR,forecast_solar_generation,Solar,2026-08-20T04:49:42Z
2026-08-20T04:48:34Z,2026-08-20T06:48:34+0200,a8c862e9-3667-4aca-b3d4-061a7f73b92e,2026-07-20T18:30:00Z,2026-07-20T20:30:00+0200,1906.82166,MW,FR,FR,forecast_solar_generation,Solar,2026-08-20T04:49:42Z
2026-08-20T04:48:34Z,2026-08-20T06:48:34+0200,a8c862e9-3667-4aca-b3d4-061a7f73b92e,2026-07-20T18:45:00Z,2026-07-20T20:45:00+0200,1368.39087,MW,FR,FR,forecast_solar_generation,Solar,2026-08-20T04:49:42Z
2026-08-20T04:48:34Z,2026-08-20T06:48:34+0200,a8c862e9-3667-4aca-b3d4-061a7f73b92e,2026-07-20T19:00:00Z,2026-07-20T21:00:00+0200,897.42859,MW,FR,FR,forecast_solar_generation,Solar,2026-08-20T04:49:42Z
2026-08-20T04:48:34Z,2026-08-20T06:48:34+0200,a8c862e9-3667-4aca-b3d4-061a7f73b92e,2026-07-20T19:15:00Z,2026-07-20T21:15:00+0200,436.48792,MW,FR,FR,forecast_solar_generation,Solar,2026-08-20T04:49:42Z
2026-08-20T04:48:34Z,2026-08-20T06:48:34+0200,a8c862e9-3667-4aca-b3d4-061a7f73b92e,2026-07-20T19:30:00Z,2026-07-20T21:30:00+0200,124.21144,MW,FR,FR,forecast_solar_generation,Solar,2026-08-20T04:49:42Z
2026-08-20T04:48:34Z,2026-08-20T06:48:34+0200,a8c862e9-3667-4aca-b3d4-061a7f73b92e,2026-07-20T19:45:00Z,2026-07-20T21:45:00+0200,18.74792,MW,FR,FR,forecast_solar_generation,Solar,2026-08-20T04:49:42Z
2026-08-20T04:48:34Z,2026-08-20T06:48:34+0200,a8c862e9-3667-4aca-b3d4-061a7f73b92e,2026-07-20T20:00:00Z,2026-07-20T22:00:00+0200,0.0,MW,FR,FR,forecast_solar_generation,Solar,2026-08-20T04:49:42Z
2026-08-20T04:48:34Z,2026-08-20T06:48:34+0200,a8c862e9-3667-4aca-b3d4-061a7f73b92e,2026-07-20T20:15:00Z,2026-07-20T22:15:00+0200,0.0,MW,FR,FR,forecast_solar_generation,Solar,2026-08-20T04:49:42Z
2026-08-20T04:48:34Z,2026-08-20T06:48:34+0200,a8c862e9-3667-4aca-b3d4-061a7f73b92e,2026-07-20T20:30:00Z,2026-07-20T22:30:00+0200,0.0,MW,FR,FR,forecast_solar_generation,Solar,2026-08-20T04:49:42Z
2026-08-20T04:48:34Z,2026-08-20T06:48:34+0200,a8c862e9-3667-4aca-b3d4-061a7f73b92e,2026-07-20T20:45:00Z,2026-07-20T22:45:00+0200,0.0,MW,FR,FR,forecast_solar_generation,Solar,2026-08-20T04:49:42Z
2026-08-20T04:48:34Z,2026-08-20T06:48:34+0200,a8c862e9-3667-4aca-b3d4-061a7f73b92e,2026-07-20T21:00:00Z,2026-07-20T23:00:00+0200,0.0,MW,FR,FR,forecast_solar_generation,Solar,2026-08-20T04:49:42Z
2026-08-20T04:48:34Z,2026-08-20T06:48:34+0200,a8c862e9-3667-4aca-b3d4-061a7f73b92e,2026-07-20T21:15:00Z,2026-07-20T23:15:00+0200,0.0,MW,FR,FR,forecast_solar_generation,Solar,2026-08-20T04:49:42Z
2026-08-20T04:48:34Z,2026-08-20T06:48:34+0200,a8c862e9-3667-4aca-b3d4-061a7f73b92e,2026-07-20T21:30:00Z,2026-07-20T23:30:00+0200,0.0,MW,FR,FR,forecast_solar_generation,Solar,2026-08-20T04:49:42Z
2026-08-20T04:48:34Z,2026-08-20T06:48:34+0200,a8c862e9-3667-4aca-b3d4-061a7f73b92e,2026-07-20T21:45:00Z,2026-07-20T23:45:00+0200,0.0,MW,FR,FR,forecast_solar_generation,Solar,2026-08-20T04:49:42Z
2026-08-20T04:48:34Z,2026-08-20T06:48:34+0200,a8c862e9-3667-4aca-b3d4-061a7f73b92e,2026-07-20T22:00:00Z,2026-07-21T00:00:00+0200,0.0,MW,FR,FR,forecast_solar_generation,Solar,2026-08-20T04:49:42Z
2026-08-20T04:48:34Z,2026-08-20T06:48:34+0200,a8c862e9-3667-4aca-b3d4-061a7f73b92e,2026-07-20T22:15:00Z,2026-07-21T00:15:00+0200,0.0,MW,FR,FR,forecast_solar_generation,Solar,2026-08-20T04:49:42Z
2026-08-20T04:48:34Z,2026-08-20T06:48:34+0200,a8c862e9-3667-4aca-b3d4-061a7f73b92e,2026-07-20T22:30:00Z,2026-07-21T00:30:00+0200,0.0,MW,FR,FR,forecast_solar_generation,Solar,2026-08-20T04:49:42Z
2026-08-20T04:48:34Z,2026-08-20T06:48:34+0200,a8c862e9-3667-4aca-b3d4-061a7f73b92e,2026-07-20T22:45:00Z,2026-07-21T00:45:00+0200,0.0,MW,FR,FR,forecast_solar_generation,Solar,2026-08-20T04:49:42Z
2026-08-20T04:48:34Z,2026-08-20T06:48:34+0200,a8c862e9-3667-4aca-b3d4-061a7f73b92e,2026-07-20T23:00:00Z,2026-07-21T01:00:00+0200,0.0,MW,FR,FR,forecast_solar_generation,Solar,2026-08-20T04:49:42Z
2026-08-20T04:48:34Z,2026-08-20T06:48:34+0200,a8c862e9-3667-4aca-b3d4-061a7f73b92e,2026-07-20T23:15:00Z,2026-07-21T01:15:00+0200,0.0,MW,FR,FR,forecast_solar_generation,Solar,2026-08-20T04:49:42Z
2026-08-20T04:48:34Z,2026-08-20T06:48:34+0200,a8c862e9-3667-4aca-b3d4-061a7f73b92e,2026-07-20T23:30:00Z,2026-07-21T01:30:00+0200,0.0,MW,FR,FR,forecast_solar_generation,Solar,2026-08-20T04:49:42Z
2026-08-20T04:48:34Z,2026-08-20T06:48:34+0200,a8c862e9-3667-4aca-b3d4-061a7f73b92e,2026-07-20T23:45:00Z,2026-07-21T01:45:00+0200,0.0,MW,FR,FR,forecast_solar_generation,Solar,2026-08-20T04:49:42Z
2026-08-20T04:48:34Z,2026-08-20T06:48:34+0200,a8c862e9-3667-4aca-b3d4-061a7f73b92e,2026-07-21T00:00:00Z,2026-07-21T02:00:00+0200,0.0,MW,FR,FR,forecast_solar_generation,Solar,2026-08-20T04:49:42Z
2026-08-20T04:48:34Z,2026-08-20T06:48:34+0200,a8c862e9-3667-4aca-b3d4-061a7f73b92e,2026-07-21T00:15:00Z,2026-07-21T02:15:00+0200,0.0,MW,FR,FR,forecast_solar_generation,Solar,2026-08-20T04:49:42Z
2026-08-20T04:48:34Z,2026-08-20T06:48:34+0200,a8c862e9-3667-4aca-b3d4-061a7f73b92e,2026-07-21T00:30:00Z,2026-07-21T02:30:00+0200,0.0,MW,FR,FR,forecast_solar_generation,Solar,2026-08-20T04:49:42Z
2026-08-20T04:48:34Z,2026-08-20T06:48:34+0200,a8c862e9-3667-4aca-b3d4-061a7f73b92e,2026-07-21T00:45:00Z,2026-07-21T02:45:00+0200,0.0,MW,FR,FR,forecast_solar_generation,Solar,2026-08-20T04:49:42Z
2026-08-20T04:48:34Z,2026-08-20T06:48:34+0200,a8c862e9-3667-4aca-b3d4-061a7f73b92e,2026-07-21T01:00:00Z,2026-07-21T03:00:00+0200,0.0,MW,FR,FR,forecast_solar_generation,Solar,2026-08-20T04:49:42Z
2026-08-20T04:48:34Z,2026-08-20T06:48:34+0200,a8c862e9-3667-4aca-b3d4-061a7f73b92e,2026-07-21T01:15:00Z,2026-07-21T03:15:00+0200,0.0,MW,FR,FR,forecast_solar_generation,Solar,2026-08-20T04:49:42Z
2026-08-20T04:48:34Z,2026-08-20T06:48:34+0200,a8c862e9-3667-4aca-b3d4-061a7f73b92e,2026-07-21T01:30:00Z,2026-07-21T03:30:00+0200,0.0,MW,FR,FR,forecast_solar_generation,Solar,2026-08-20T04:49:42Z
2026-08-20T04:48:34Z,2026-08-20T06:48:34+0200,a8c862e9-3667-4aca-b3d4-061a7f73b92e,2026-07-21T01:45:00Z,2026-07-21T03:45:00+0200,0.0,MW,FR,FR,forecast_solar_generation,Solar,2026-08-20T04:49:42Z
2026-08-20T04:48:34Z,2026-08-20T06:48:34+0200,a8c862e9-3667-4aca-b3d4-061a7f73b92e,2026-07-21T02:00:00Z,2026-07-21T04:00:00+0200,0.0,MW,FR,FR,forecast_solar_generation,Solar,2026-08-20T04:49:42Z
2026-08-20T04:48:34Z,2026-08-20T06:48:34+0200,a8c862e9-3667-4aca-b3d4-061a7f73b92e,2026-07-21T02:15:00Z,2026-07-21T04:15:00+0200,0.0,MW,FR,FR,forecast_solar_generation,Solar,2026-08-20T04:49:42Z
2026-08-20T04:48:34Z,2026-08-20T06:48:34+0200,a8c862e9-3667-4aca-b3d4-061a7f73b92e,2026-07-21T02:30:00Z,2026-07-21T04:30:00+0200,0.0,MW,FR,FR,forecast_solar_generation,Solar,2026-08-20T04:49:42Z
2026-08-20T04:48:34Z,2026-08-20T06:48:34+0200,a8c862e9-3667-4aca-b3d4-061a7f73b92e,2026-07-21T02:45:00Z,2026-07-21T04:45:00+0200,0.0,MW,FR,FR,forecast_solar_generation,Solar,2026-08-20T04:49:42Z
2026-08-20T04:48:34Z,2026-08-20T06:48:34+0200,a8c862e9-3667-4aca-b3d4-061a7f73b92e,2026-07-21T03:00:00Z,2026-07-21T05:00:00+0200,0.0,MW,FR,FR,forecast_solar_generation,Solar,2026-08-20T04:49:42Z
2026-08-20T04:48:34Z,2026-08-20T06:48:34+0200,a8c862e9-3667-4aca-b3d4-061a7f73b92e,2026-07-21T03:15:00Z,2026-07-21T05:15:00+0200,0.0,MW,FR,FR,forecast_solar_generation,Solar,2026-08-20T04:49:42Z
2026-08-20T04:48:34Z,2026-08-20T06:48:34+0200,a8c862e9-3667-4aca-b3d4-061a7f73b92e,2026-07-21T03:30:00Z,2026-07-21T05:30:00+0200,0.0,MW,FR,FR,forecast_solar_generation,Solar,2026-08-20T04:49:42Z
2026-08-20T04:48:34Z,2026-08-20T06:48:34+0200,a8c862e9-3667-4aca-b3d4-061a7f73b92e,2026-07-21T03:45:00Z,2026-07-21T05:45:00+0200,0.0,MW,FR,FR,forecast_solar_generation,Solar,2026-08-20T04:49:42Z
2026-08-20T04:48:34Z,2026-08-20T06:48:34+0200,a8c862e9-3667-4aca-b3d4-061a7f73b92e,2026-07-21T04:00:00Z,2026-07-21T06:00:00+0200,13.2421,MW,FR,FR,forecast_solar_generation,Solar,2026-08-20T04:49:42Z
2026-08-20T04:48:34Z,2026-08-20T06:48:34+0200,a8c862e9-3667-4aca-b3d4-061a7f73b92e,2026-07-21T04:15:00Z,2026-07-21T06:15:00+0200,61.08153,MW,FR,FR,forecast_solar_generation,Solar,2026-08-20T04:49:42Z
2026-08-20T04:48:34Z,2026-08-20T06:48:34+0200,a8c862e9-3667-4aca-b3d4-061a7f73b92e,2026-07-21T04:30:00Z,2026-07-21T06:30:00+0200,141.38554,MW,FR,FR,forecast_solar_generation,Solar,2026-08-20T04:49:42Z
2026-08-20T04:48:34Z,2026-08-20T06:48:34+0200,a8c862e9-3667-4aca-b3d4-061a7f73b92e,2026-07-21T04:45:00Z,2026-07-21T06:45:00+0200,372.87451,MW,FR,FR,forecast_solar_generation,Solar,2026-08-20T04:49:42Z
2026-08-20T04:48:34Z,2026-08-20T06:48:34+0200,a8c862e9-3667-4aca-b3d4-061a7f73b92e,2026-07-21T05:00:00Z,2026-07-21T07:00:00+0200,721.79724,MW,FR,FR,forecast_solar_generation,Solar,2026-08-20T04:49:42Z
2026-08-20T04:48:34Z,2026-08-20T06:48:34+0200,a8c862e9-3667-4aca-b3d4-061a7f73b92e,2026-07-21T05:15:00Z,2026-07-21T07:15:00+0200,1110.14539,MW,FR,FR,forecast_solar_generation,Solar,2026-08-20T04:49:42Z
2026-08-20T04:48:34Z,2026-08-20T06:48:34+0200,a8c862e9-3667-4aca-b3d4-061a7f73b92e,2026-07-21T05:30:00Z,2026-07-21T07:30:00+0200,1592.54858,MW,FR,FR,forecast_solar_generation,Solar,2026-08-20T04:49:42Z
2026-08-20T04:48:34Z,2026-08-20T06:48:34+0200,a8c862e9-3667-4aca-b3d4-061a7f73b92e,2026-07-21T05:45:00Z,2026-07-21T07:45:00+0200,2329.8186,MW,FR,FR,forecast_solar_generation,Solar,2026-08-20T04:49:42Z
2026-08-20T04:48:34Z,2026-08-20T06:48:34+0200,a8c862e9-3667-4aca-b3d4-061a7f73b92e,2026-07-21T06:00:00Z,2026-07-21T08:00:00+0200,3254.2688,MW,FR,FR,forecast_solar_generation,Solar,2026-08-20T04:49:42Z
2026-08-20T04:48:34Z,2026-08-20T06:48:34+0200,a8c862e9-3667-4aca-b3d4-061a7f73b92e,2026-07-21T06:15:00Z,2026-07-21T08:15:00+0200,4302.28271,MW,FR,FR,forecast_solar_generation,Solar,2026-08-20T04:49:42Z
2026-08-20T04:48:34Z,2026-08-20T06:48:34+0200,a8c862e9-3667-4aca-b3d4-061a7f73b92e,2026-07-21T06:30:00Z,2026-07-21T08:30:00+0200,5333.76465,MW,FR,FR,forecast_solar_generation,Solar,2026-08-20T04:49:42Z
2026-08-20T04:48:34Z,2026-08-20T06:48:34+0200,a8c862e9-3667-4aca-b3d4-061a7f73b92e,2026-07-21T06:45:00Z,2026-07-21T08:45:00+0200,6691.08203,MW,FR,FR,forecast_solar_generation,Solar,2026-08-20T04:49:42Z
2026-08-20T04:48:34Z,2026-08-20T06:48:34+0200,a8c862e9-3667-4aca-b3d4-061a7f73b92e,2026-07-21T07:00:00Z,2026-07-21T09:00:00+0200,7907.96191,MW,FR,FR,forecast_solar_generation,Solar,2026-08-20T04:49:42Z
2026-08-20T04:48:34Z,2026-08-20T06:48:34+0200,a8c862e9-3667-4aca-b3d4-061a7f73b92e,2026-07-21T07:15:00Z,2026-07-21T09:15:00+0200,9320.75098,MW,FR,FR,forecast_solar_generation,Solar,2026-08-20T04:49:42Z
2026-08-20T04:48:34Z,2026-08-20T06:48:34+0200,a8c862e9-3667-4aca-b3d4-061a7f73b92e,2026-07-21T07:30:00Z,2026-07-21T09:30:00+0200,10500.12891,MW,FR,FR,forecast_solar_generation,Solar,2026-08-20T04:49:42Z
2026-08-20T04:48:34Z,2026-08-20T06:48:34+0200,a8c862e9-3667-4aca-b3d4-061a7f73b92e,2026-07-21T07:45:00Z,2026-07-21T09:45:00+0200,11772.58594,MW,FR,FR,forecast_solar_generation,Solar,2026-08-20T04:49:42Z
2026-08-20T04:48:34Z,2026-08-20T06:48:34+0200,a8c862e9-3667-4aca-b3d4-061a7f73b92e,2026-07-21T08:00:00Z,2026-07-21T10:00:00+0200,12972.39355,MW,FR,FR,forecast_solar_generation,Solar,2026-08-20T04:49:42Z
2026-08-20T04:48:34Z,2026-08-20T06:48:34+0200,a8c862e9-3667-4aca-b3d4-061a7f73b92e,2026-07-21T08:15:00Z,2026-07-21T10:15:00+0200,14202.34863,MW,FR,FR,forecast_solar_generation,Solar,2026-08-20T04:49:42Z
2026-08-20T04:48:34Z,2026-08-20T06:48:34+0200,a8c862e9-3667-4aca-b3d4-061a7f73b92e,2026-07-21T08:30:00Z,2026-07-21T10:30:00+0200,15202.25684,MW,FR,FR,forecast_solar_generation,Solar,2026-08-20T04:49:42Z
2026-08-20T04:48:34Z,2026-08-20T06:48:34+0200,a8c862e9-3667-4aca-b3d4-061a7f73b92e,2026-07-21T08:45:00Z,2026-07-21T10:45:00+0200,16133.44727,MW,FR,FR,forecast_solar_generation,Solar,2026-08-20T04:49:42Z
2026-08-20T04:48:34Z,2026-08-20T06:48:34+0200,a8c862e9-3667-4aca-b3d4-061a7f73b92e,2026-07-21T09:00:00Z,2026-07-21T11:00:00+0200,16935.64062,MW,FR,FR,forecast_solar_generation,Solar,2026-08-20T04:49:42Z
2026-08-20T04:48:34Z,2026-08-20T06:48:34+0200,a8c862e9-3667-4aca-b3d4-061a7f73b92e,2026-07-21T09:15:00Z,2026-07-21T11:15:00+0200,17707.38281,MW,FR,FR,forecast_solar_generation,Solar,2026-08-20T04:49:42Z
2026-08-20T04:48:34Z,2026-08-20T06:48:34+0200,a8c862e9-3667-4aca-b3d4-061a7f73b92e,2026-07-21T09:30:00Z,2026-07-21T11:30:00+0200,18421.66602,MW,FR,FR,forecast_solar_generation,Solar,2026-08-20T04:49:42Z
2026-08-20T04:48:34Z,2026-08-20T06:48:34+0200,a8c862e9-3667-4aca-b3d4-061a7f73b92e,2026-07-21T09:45:00Z,2026-07-21T11:45:00+0200,19020.93359,MW,FR,FR,forecast_solar_generation,Solar,2026-08-20T04:49:42Z
2026-08-20T04:48:34Z,2026-08-20T06:48:34+0200,a8c862e9-3667-4aca-b3d4-061a7f73b92e,2026-07-21T10:00:00Z,2026-07-21T12:00:00+0200,19566.33594,MW,FR,FR,forecast_solar_generation,Solar,2026-08-20T04:49:42Z
2026-08-20T04:48:34Z,2026-08-20T06:48:34+0200,a8c862e9-3667-4aca-b3d4-061a7f73b92e,2026-07-21T10:15:00Z,2026-07-21T12:15:00+0200,20005.05078,MW,FR,FR,forecast_solar_generation,Solar,2026-08-20T04:49:42Z
2026-08-20T04:48:34Z,2026-08-20T06:48:34+0200,a8c862e9-3667-4aca-b3d4-061a7f73b92e,2026-07-21T10:30:00Z,2026-07-21T12:30:00+0200,20395.1875,MW,FR,FR,forecast_solar_generation,Solar,2026-08-20T04:49:42Z
2026-08-20T04:48:34Z,2026-08-20T06:48:34+0200,a8c862e9-3667-4aca-b3d4-061a7f73b92e,2026-07-21T10:45:00Z,2026-07-21T12:45:00+0200,20664.73047,MW,FR,FR,forecast_solar_generation,Solar,2026-08-20T04:49:42Z
2026-08-20T04:48:34Z,2026-08-20T06:48:34+0200,a8c862e9-3667-4aca-b3d4-061a7f73b92e,2026-07-21T11:00:00Z,2026-07-21T13:00:00+0200,20887.56641,MW,FR,FR,forecast_solar_generation,Solar,2026-08-20T04:49:42Z
2026-08-20T04:48:34Z,2026-08-20T06:48:34+0200,a8c862e9-3667-4aca-b3d4-061a7f73b92e,2026-07-21T11:15:00Z,2026-07-21T13:15:00+0200,21071.64258,MW,FR,FR,forecast_solar_generation,Solar,2026-08-20T04:49:42Z
2026-08-20T04:48:34Z,2026-08-20T06:48:34+0200,a8c862e9-3667-4aca-b3d4-061a7f73b92e,2026-07-21T11:30:00Z,2026-07-21T13:30:00+0200,21223.22656,MW,FR,FR,forecast_solar_generation,Solar,2026-08-20T04:49:42Z
2026-08-20T04:48:34Z,2026-08-20T06:48:34+0200,a8c862e9-3667-4aca-b3d4-061a7f73b92e,2026-07-21T11:45:00Z,2026-07-21T13:45:00+0200,21316.47266,MW,FR,FR,forecast_solar_generation,Solar,2026-08-20T04:49:42Z
2026-08-20T04:48:34Z,2026-08-20T06:48:34+0200,a8c862e9-3667-4aca-b3d4-061a7f73b92e,2026-07-21T12:00:00Z,2026-07-21T14:00:00+0200,21392.40039,MW,FR,FR,forecast_solar_generation,Solar,2026-08-20T04:49:42Z
2026-08-20T04:48:34Z,2026-08-20T06:48:34+0200,a8c862e9-3667-4aca-b3d4-061a7f73b92e,2026-07-21T12:15:00Z,2026-07-21T14:15:00+0200,21385.14648,MW,FR,FR,forecast_solar_generation,Solar,2026-08-20T04:49:42Z
2026-08-20T04:48:34Z,2026-08-20T06:48:34+0200,a8c862e9-3667-4aca-b3d4-061a7f73b92e,2026-07-21T12:30:00Z,2026-07-21T14:30:00+0200,21359.41602,MW,FR,FR,forecast_solar_generation,Solar,2026-08-20T04:49:42Z
2026-08-20T04:48:34Z,2026-08-20T06:48:34+0200,a8c862e9-3667-4aca-b3d4-061a7f73b92e,2026-07-21T12:45:00Z,2026-07-21T14:45:00+0200,21256.50195,MW,FR,FR,forecast_solar_generation,Solar,2026-08-20T04:49:42Z
2026-08-20T04:48:34Z,2026-08-20T06:48:34+0200,a8c862e9-3667-4aca-b3d4-061a7f73b92e,2026-07-21T13:00:00Z,2026-07-21T15:00:00+0200,21113.01172,MW,FR,FR,forecast_solar_generation,Solar,2026-08-20T04:49:42Z
2026-08-20T04:48:34Z,2026-08-20T06:48:34+0200,a8c862e9-3667-4aca-b3d4-061a7f73b92e,2026-07-21T13:15:00Z,2026-07-21T15:15:00+0200,20864.55664,MW,FR,FR,forecast_solar_generation,Solar,2026-08-20T04:49:42Z
2026-08-20T04:48:34Z,2026-08-20T06:48:34+0200,a8c862e9-3667-4aca-b3d4-061a7f73b92e,2026-07-21T13:30:00Z,2026-07-21T15:30:00+0200,20588.73633,MW,FR,FR,forecast_solar_generation,Solar,2026-08-20T04:49:42Z
2026-08-20T04:48:34Z,2026-08-20T06:48:34+0200,a8c862e9-3667-4aca-b3d4-061a7f73b92e,2026-07-21T13:45:00Z,2026-07-21T15:45:00+0200,20197.58789,MW,FR,FR,forecast_solar_generation,Solar,2026-08-20T04:49:42Z
2026-08-20T04:48:34Z,2026-08-20T06:48:34+0200,a8c862e9-3667-4aca-b3d4-061a7f73b92e,2026-07-21T14:00:00Z,2026-07-21T16:00:00+0200,19760.38867,MW,FR,FR,forecast_solar_generation,Solar,2026-08-20T04:49:42Z
2026-08-20T04:48:34Z,2026-08-20T06:48:34+0200,a8c862e9-3667-4aca-b3d4-061a7f73b92e,2026-07-21T14:15:00Z,2026-07-21T16:15:00+0200,19281.17383,MW,FR,FR,forecast_solar_generation,Solar,2026-08-20T04:49:42Z
2026-08-20T04:48:34Z,2026-08-20T06:48:34+0200,a8c862e9-3667-4aca-b3d4-061a7f73b92e,2026-07-21T14:30:00Z,2026-07-21T16:30:00+0200,18667.75391,MW,FR,FR,forecast_solar_generation,Solar,2026-08-20T04:49:42Z
2026-08-20T04:48:34Z,2026-08-20T06:48:34+0200,a8c862e9-3667-4aca-b3d4-061a7f73b92e,2026-07-21T14:45:00Z,2026-07-21T16:45:00+0200,17895.45312,MW,FR,FR,forecast_solar_generation,Solar,2026-08-20T04:49:42Z
2026-08-20T04:48:34Z,2026-08-20T06:48:34+0200,a8c862e9-3667-4aca-b3d4-061a7f73b92e,2026-07-21T15:00:00Z,2026-07-21T17:00:00+0200,17123.19727,MW,FR,FR,forecast_solar_generation,Solar,2026-08-20T04:49:42Z
2026-08-20T04:48:34Z,2026-08-20T06:48:34+0200,a8c862e9-3667-4aca-b3d4-061a7f73b92e,2026-07-21T15:15:00Z,2026-07-21T17:15:00+0200,16325.0459,MW,FR,FR,forecast_solar_generation,Solar,2026-08-20T04:49:42Z
2026-08-20T04:48:34Z,2026-08-20T06:48:34+0200,a8c862e9-3667-4aca-b3d4-061a7f73b92e,2026-07-21T15:30:00Z,2026-07-21T17:30:00+0200,15489.77637,MW,FR,FR,forecast_solar_generation,Solar,2026-08-20T04:49:42Z
2026-08-20T04:48:34Z,2026-08-20T06:48:34+0200,a8c862e9-3667-4aca-b3d4-061a7f73b92e,2026-07-21T15:45:00Z,2026-07-21T17:45:00+0200,14507.58496,MW,FR,FR,forecast_solar_generation,Solar,2026-08-20T04:49:42Z
2026-08-20T04:48:34Z,2026-08-20T06:48:34+0200,a8c862e9-3667-4aca-b3d4-061a7f73b92e,2026-07-21T16:00:00Z,2026-07-21T18:00:00+0200,13426.87695,MW,FR,FR,forecast_solar_generation,Solar,2026-08-20T04:49:42Z
2026-08-20T04:48:34Z,2026-08-20T06:48:34+0200,a8c862e9-3667-4aca-b3d4-061a7f73b92e,2026-07-21T16:15:00Z,2026-07-21T18:15:00+0200,12282.01172,MW,FR,FR,forecast_solar_generation,Solar,2026-08-20T04:49:42Z
2026-08-20T04:48:34Z,2026-08-20T06:48:34+0200,a8c862e9-3667-4aca-b3d4-061a7f73b92e,2026-07-21T16:30:00Z,2026-07-21T18:30:00+0200,11091.74707,MW,FR,FR,forecast_solar_generation,Solar,2026-08-20T04:49:42Z
2026-08-20T04:48:34Z,2026-08-20T06:48:34+0200,a8c862e9-3667-4aca-b3d4-061a7f73b92e,2026-07-21T16:45:00Z,2026-07-21T18:45:00+0200,9960.02246,MW,FR,FR,forecast_solar_generation,Solar,2026-08-20T04:49:42Z
2026-08-20T04:48:34Z,2026-08-20T06:48:34+0200,a8c862e9-3667-4aca-b3d4-061a7f73b92e,2026-07-21T17:00:00Z,2026-07-21T19:00:00+0200,8588.76855,MW,FR,FR,forecast_solar_generation,Solar,2026-08-20T04:49:42Z
2026-08-20T04:48:34Z,2026-08-20T06:48:34+0200,a8c862e9-3667-4aca-b3d4-061a7f73b92e,2026-07-21T17:15:00Z,2026-07-21T19:15:00+0200,7386.66748,MW,FR,FR,forecast_solar_generation,Solar,2026-08-20T04:49:42Z
2026-08-20T04:48:34Z,2026-08-20T06:48:34+0200,a8c862e9-3667-4aca-b3d4-061a7f73b92e,2026-07-21T17:30:00Z,2026-07-21T19:30:00+0200,6013.32324,MW,FR,FR,forecast_solar_generation,Solar,2026-08-20T04:49:42Z
2026-08-20T04:48:34Z,2026-08-20T06:48:34+0200,a8c862e9-3667-4aca-b3d4-061a7f73b92e,2026-07-21T17:45:00Z,2026-07-21T19:45:00+0200,4934.8125,MW,FR,FR,forecast_solar_generation,Solar,2026-08-20T04:49:42Z
2026-08-20T04:48:34Z,2026-08-20T06:48:34+0200,a8c862e9-3667-4aca-b3d4-061a7f73b92e,2026-07-21T18:00:00Z,2026-07-21T20:00:00+0200,3714.50122,MW,FR,FR,forecast_solar_generation,Solar,2026-08-20T04:49:42Z
2026-08-20T04:48:34Z,2026-08-20T06:48:34+0200,a8c862e9-3667-4aca-b3d4-061a7f73b92e,2026-07-21T18:15:00Z,2026-07-21T20:15:00+0200,2734.27759,MW,FR,FR,forecast_solar_generation,Solar,2026-08-20T04:49:42Z
2026-08-20T04:48:34Z,2026-08-20T06:48:34+0200,a8c862e9-3667-4aca-b3d4-061a7f73b92e,2026-07-21T18:30:00Z,2026-07-21T20:30:00+0200,1904.35925,MW,FR,FR,forecast_solar_generation,Solar,2026-08-20T04:49:42Z
2026-08-20T04:48:34Z,2026-08-20T06:48:34+0200,a8c862e9-3667-4aca-b3d4-061a7f73b92e,2026-07-21T18:45:00Z,2026-07-21T20:45:00+0200,1356.401,MW,FR,FR,forecast_solar_generation,Solar,2026-08-20T04:49:42Z
2026-08-20T04:48:34Z,2026-08-20T06:48:34+0200,a8c862e9-3667-4aca-b3d4-061a7f73b92e,2026-07-21T19:00:00Z,2026-07-21T21:00:00+0200,890.9577,MW,FR,FR,forecast_solar_generation,Solar,2026-08-20T04:49:42Z
2026-08-20T04:48:34Z,2026-08-20T06:48:34+0200,a8c862e9-3667-4aca-b3d4-061a7f73b92e,2026-07-21T19:15:00Z,2026-07-21T21:15:00+0200,423.78934,MW,FR,FR,forecast_solar_generation,Solar,2026-08-20T04:49:42Z
2026-08-20T04:48:34Z,2026-08-20T06:48:34+0200,a8c862e9-3667-4aca-b3d4-061a7f73b92e,2026-07-21T19:30:00Z,2026-07-21T21:30:00+0200,107.1409,MW,FR,FR,forecast_solar_generation,Solar,2026-08-20T04:49:42Z
2026-08-20T04:48:34Z,2026-08-20T06:48:34+0200,a8c862e9-3667-4aca-b3d4-061a7f73b92e,2026-07-21T19:45:00Z,2026-07-21T21:45:00+0200,15.26145,MW,FR,FR,forecast_solar_generation,Solar,2026-08-20T04:49:42Z
2026-08-20T04:48:34Z,2026-08-20T06:48:34+0200,a8c862e9-3667-4aca-b3d4-061a7f73b92e,2026-07-21T20:00:00Z,2026-07-21T22:00:00+0200,0.0,MW,FR,FR,forecast_solar_generation,Solar,2026-08-20T04:49:42Z
2026-08-20T04:48:34Z,2026-08-20T06:48:34+0200,a8c862e9-3667-4aca-b3d4-061a7f73b92e,2026-07-21T20:15:00Z,2026-07-21T22:15:00+0200,0.0,MW,FR,FR,forecast_solar_generation,Solar,2026-08-20T04:49:42Z
2026-08-20T04:48:34Z,2026-08-20T06:48:34+0200,a8c862e9-3667-4aca-b3d4-061a7f73b92e,2026-07-21T20:30:00Z,2026-07-21T22:30:00+0200,0.0,MW,FR,FR,forecast_solar_generation,Solar,2026-08-20T04:49:42Z
2026-08-20T04:48:34Z,2026-08-20T06:48:34+0200,a8c862e9-3667-4aca-b3d4-061a7f73b92e,2026-07-21T20:45:00Z,2026-07-21T22:45:00+0200,0.0,MW,FR,FR,forecast_solar_generation,Solar,2026-08-20T04:49:42Z
2026-08-20T04:48:34Z,2026-08-20T06:48:34+0200,a8c862e9-3667-4aca-b3d4-061a7f73b92e,2026-07-21T21:00:00Z,2026-07-21T23:00:00+0200,0.0,MW,FR,FR,forecast_solar_generation,Solar,2026-08-20T04:49:42Z
2026-08-20T04:48:34Z,2026-08-20T06:48:34+0200,a8c862e9-3667-4aca-b3d4-061a7f73b92e,2026-07-21T21:15:00Z,2026-07-21T23:15:00+0200,0.0,MW,FR,FR,forecast_solar_generation,Solar,2026-08-20T04:49:42Z
2026-08-20T04:48:34Z,2026-08-20T06:48:34+0200,a8c862e9-3667-4aca-b3d4-061a7f73b92e,2026-07-21T21:30:00Z,2026-07-21T23:30:00+0200,0.0,MW,FR,FR,forecast_solar_generation,Solar,2026-08-20T04:49:42Z
2026-08-20T04:48:34Z,2026-08-20T06:48:34+0200,a8c862e9-3667-4aca-b3d4-061a7f73b92e,2026-07-21T21:45:00Z,2026-07-21T23:45:00+0200,0.0,MW,FR,FR,forecast_solar_generation,Solar,2026-08-20T04:49:42Z
2026-08-20T04:48:34Z,2026-08-20T06:48:34+0200,a8c862e9-3667-4aca-b3d4-061a7f73b92e,2026-07-21T22:00:00Z,2026-07-22T00:00:00+0200,0.0,MW,FR,FR,forecast_solar_generation,Solar,2026-08-20T04:49:42Z
2026-08-20T04:48:34Z,2026-08-20T06:48:34+0200,a8c862e9-3667-4aca-b3d4-061a7f73b92e,2026-07-21T22:15:00Z,2026-07-22T00:15:00+0200,0.0,MW,FR,FR,forecast_solar_generation,Solar,2026-08-20T04:49:42Z
2026-08-20T04:48:34Z,2026-08-20T06:48:34+0200,a8c862e9-3667-4aca-b3d4-061a7f73b92e,2026-07-21T22:30:00Z,2026-07-22T00:30:00+0200,0.0,MW,FR,FR,forecast_solar_generation,Solar,2026-08-20T04:49:42Z
2026-08-20T04:48:34Z,2026-08-20T06:48:34+0200,a8c862e9-3667-4aca-b3d4-061a7f73b92e,2026-07-21T22:45:00Z,2026-07-22T00:45:00+0200,0.0,MW,FR,FR,forecast_solar_generation,Solar,2026-08-20T04:49:42Z
2026-08-20T04:48:34Z,2026-08-20T06:48:34+0200,a8c862e9-3667-4aca-b3d4-061a7f73b92e,2026-07-21T23:00:00Z,2026-07-22T01:00:00+0200,0.0,MW,FR,FR,forecast_solar_generation,Solar,2026-08-20T04:49:42Z
2026-08-20T04:48:34Z,2026-08-20T06:48:34+0200,a8c862e9-3667-4aca-b3d4-061a7f73b92e,2026-07-21T23:15:00Z,2026-07-22T01:15:00+0200,0.0,MW,FR,FR,forecast_solar_generation,Solar,2026-08-20T04:49:42Z
2026-08-20T04:48:34Z,2026-08-20T06:48:34+0200,a8c862e9-3667-4aca-b3d4-061a7f73b92e,2026-07-21T23:30:00Z,2026-07-22T01:30:00+0200,0.0,MW,FR,FR,forecast_solar_generation,Solar,2026-08-20T04:49:42Z
2026-08-20T04:48:34Z,2026-08-20T06:48:34+0200,a8c862e9-3667-4aca-b3d4-061a7f73b92e,2026-07-21T23:45:00Z,2026-07-22T01:45:00+0200,0.0,MW,FR,FR,forecast_solar_generation,Solar,2026-08-20T04:49:42Z
2026-08-20T04:48:34Z,2026-08-20T06:48:34+0200,a8c862e9-3667-4aca-b3d4-061a7f73b92e,2026-07-22T00:00:00Z,2026-07-22T02:00:00+0200,0.0,MW,FR,FR,forecast_solar_generation,Solar,2026-08-20T04:49:42Z
2026-08-20T04:48:34Z,2026-08-20T06:48:34+0200,a8c862e9-3667-4aca-b3d4-061a7f73b92e,2026-07-22T00:15:00Z,2026-07-22T02:15:00+0200,0.0,MW,FR,FR,forecast_solar_generation,Solar,2026-08-20T04:49:42Z
2026-08-20T04:48:34Z,2026-08-20T06:48:34+0200,a8c862e9-3667-4aca-b3d4-061a7f73b92e,2026-07-22T00:30:00Z,2026-07-22T02:30:00+0200,0.0,MW,FR,FR,forecast_solar_generation,Solar,2026-08-20T04:49:42Z
2026-08-20T04:48:34Z,2026-08-20T06:48:34+0200,a8c862e9-3667-4aca-b3d4-061a7f73b92e,2026-07-22T00:45:00Z,2026-07-22T02:45:00+0200,0.0,MW,FR,FR,forecast_solar_generation,Solar,2026-08-20T04:49:42Z
2026-08-20T04:48:34Z,2026-08-20T06:48:34+0200,a8c862e9-3667-4aca-b3d4-061a7f73b92e,2026-07-22T01:00:00Z,2026-07-22T03:00:00+0200,0.0,MW,FR,FR,forecast_solar_generation,Solar,2026-08-20T04:49:42Z
2026-08-20T04:48:34Z,2026-08-20T06:48:34+0200,a8c862e9-3667-4aca-b3d4-061a7f73b92e,2026-07-22T01:15:00Z,2026-07-22T03:15:00+0200,0.0,MW,FR,FR,forecast_solar_generation,Solar,2026-08-20T04:49:42Z
2026-08-20T04:48:34Z,2026-08-20T06:48:34+0200,a8c862e9-3667-4aca-b3d4-061a7f73b92e,2026-07-22T01:30:00Z,2026-07-22T03:30:00+0200,0.0,MW,FR,FR,forecast_solar_generation,Solar,2026-08-20T04:49:42Z
2026-08-20T04:48:34Z,2026-08-20T06:48:34+0200,a8c862e9-3667-4aca-b3d4-061a7f73b92e,2026-07-22T01:45:00Z,2026-07-22T03:45:00+0200,0.0,MW,FR,FR,forecast_solar_generation,Solar,2026-08-20T04:49:42Z
2026-08-20T04:48:34Z,2026-08-20T06:48:34+0200,a8c862e9-3667-4aca-b3d4-061a7f73b92e,2026-07-22T02:00:00Z,2026-07-22T04:00:00+0200,0.0,MW,FR,FR,forecast_solar_generation,Solar,2026-08-20T04:49:42Z
2026-08-20T04:48:34Z,2026-08-20T06:48:34+0200,a8c862e9-3667-4aca-b3d4-061a7f73b92e,2026-07-22T02:15:00Z,2026-07-22T04:15:00+0200,0.0,MW,FR,FR,forecast_solar_generation,Solar,2026-08-20T04:49:42Z
2026-08-20T04:48:34Z,2026-08-20T06:48:34+0200,a8c862e9-3667-4aca-b3d4-061a7f73b92e,2026-07-22T02:30:00Z,2026-07-22T04:30:00+0200,0.0,MW,FR,FR,forecast_solar_generation,Solar,2026-08-20T04:49:42Z
2026-08-20T04:48:34Z,2026-08-20T06:48:34+0200,a8c862e9-3667-4aca-b3d4-061a7f73b92e,2026-07-22T02:45:00Z,2026-07-22T04:45:00+0200,0.0,MW,FR,FR,forecast_solar_generation,Solar,2026-08-20T04:49:42Z
2026-08-20T04:48:34Z,2026-08-20T06:48:34+0200,a8c862e9-3667-4aca-b3d4-061a7f73b92e,2026-07-22T03:00:00Z,2026-07-22T05:00:00+0200,0.0,MW,FR,FR,forecast_solar_generation,Solar,2026-08-20T04:49:42Z
2026-08-20T04:48:34Z,2026-08-20T06:48:34+0200,a8c862e9-3667-4aca-b3d4-061a7f73b92e,2026-07-22T03:15:00Z,2026-07-22T05:15:00+0200,0.0,MW,FR,FR,forecast_solar_generation,Solar,2026-08-20T04:49:42Z
2026-08-20T04:48:34Z,2026-08-20T06:48:34+0200,a8c862e9-3667-4aca-b3d4-061a7f73b92e,2026-07-22T03:30:00Z,2026-07-22T05:30:00+0200,0.0,MW,FR,FR,forecast_solar_generation,Solar,2026-08-20T04:49:42Z
2026-08-20T04:48:34Z,2026-08-20T06:48:34+0200,a8c862e9-3667-4aca-b3d4-061a7f73b92e,2026-07-22T03:45:00Z,2026-07-22T05:45:00+0200,0.0,MW,FR,FR,forecast_solar_generation,Solar,2026-08-20T04:49:42Z
2026-08-20T04:48:34Z,2026-08-20T06:48:34+0200,a8c862e9-3667-4aca-b3d4-061a7f73b92e,2026-07-22T04:00:00Z,2026-07-22T06:00:00+0200,11.74553,MW,FR,FR,forecast_solar_generation,Solar,2026-08-20T04:49:42Z
2026-08-20T04:48:34Z,2026-08-20T06:48:34+0200,a8c862e9-3667-4aca-b3d4-061a7f73b92e,2026-07-22T04:15:00Z,2026-07-22T06:15:00+0200,58.13135,MW,FR,FR,forecast_solar_generation,Solar,2026-08-20T04:49:42Z
2026-08-20T04:48:34Z,2026-08-20T06:48:34+0200,a8c862e9-3667-4aca-b3d4-061a7f73b92e,2026-07-22T04:30:00Z,2026-07-22T06:30:00+0200,136.42169,MW,FR,FR,forecast_solar_generation,Solar,2026-08-20T04:49:42Z
2026-08-20T04:48:34Z,2026-08-20T06:48:34+0200,a8c862e9-3667-4aca-b3d4-061a7f73b92e,2026-07-22T04:45:00Z,2026-07-22T06:45:00+0200,390.48569,MW,FR,FR,forecast_solar_generation,Solar,2026-08-20T04:49:42Z
2026-08-20T04:48:34Z,2026-08-20T06:48:34+0200,a8c862e9-3667-4aca-b3d4-061a7f73b92e,2026-07-22T05:00:00Z,2026-07-22T07:00:00+0200,750.28912,MW,FR,FR,forecast_solar_generation,Solar,2026-08-20T04:49:42Z
2026-08-20T04:48:34Z,2026-08-20T06:48:34+0200,a8c862e9-3667-4aca-b3d4-061a7f73b92e,2026-07-22T05:15:00Z,2026-07-22T07:15:00+0200,1169.40784,MW,FR,FR,forecast_solar_generation,Solar,2026-08-20T04:49:42Z
2026-08-20T04:48:34Z,2026-08-20T06:48:34+0200,a8c862e9-3667-4aca-b3d4-061a7f73b92e,2026-07-22T05:30:00Z,2026-07-22T07:30:00+0200,1658.59583,MW,FR,FR,forecast_solar_generation,Solar,2026-08-20T04:49:42Z
2026-08-20T04:48:34Z,2026-08-20T06:48:34+0200,a8c862e9-3667-4aca-b3d4-061a7f73b92e,2026-07-22T05:45:00Z,2026-07-22T07:45:00+0200,2471.10303,MW,FR,FR,forecast_solar_generation,Solar,2026-08-20T04:49:42Z
2026-08-20T04:48:34Z,2026-08-20T06:48:34+0200,a8c862e9-3667-4aca-b3d4-061a7f73b92e,2026-07-22T06:00:00Z,2026-07-22T08:00:00+0200,3415.76611,MW,FR,FR,forecast_solar_generation,Solar,2026-08-20T04:49:42Z
2026-08-20T04:48:34Z,2026-08-20T06:48:34+0200,a8c862e9-3667-4aca-b3d4-061a7f73b92e,2026-07-22T06:15:00Z,2026-07-22T08:15:00+0200,4546.66992,MW,FR,FR,forecast_solar_generation,Solar,2026-08-20T04:49:42Z
2026-08-20T04:48:34Z,2026-08-20T06:48:34+0200,a8c862e9-3667-4aca-b3d4-061a7f73b92e,2026-07-22T06:30:00Z,2026-07-22T08:30:00+0200,5626.19971,MW,FR,FR,forecast_solar_generation,Solar,2026-08-20T04:49:42Z
2026-08-20T04:48:34Z,2026-08-20T06:48:34+0200,a8c862e9-3667-4aca-b3d4-061a7f73b92e,2026-07-22T06:45:00Z,2026-07-22T08:45:00+0200,7049.4458,MW,FR,FR,forecast_solar_generation,Solar,2026-08-20T04:49:42Z
2026-08-20T04:48:34Z,2026-08-20T06:48:34+0200,a8c862e9-3667-4aca-b3d4-061a7f73b92e,2026-07-22T07:00:00Z,2026-07-22T09:00:00+0200,8275.38477,MW,FR,FR,forecast_solar_generation,Solar,2026-08-20T04:49:42Z
2026-08-20T04:48:34Z,2026-08-20T06:48:34+0200,a8c862e9-3667-4aca-b3d4-061a7f73b92e,2026-07-22T07:15:00Z,2026-07-22T09:15:00+0200,9697.12988,MW,FR,FR,forecast_solar_generation,Solar,2026-08-20T04:49:42Z
2026-08-20T04:48:34Z,2026-08-20T06:48:34+0200,a8c862e9-3667-4aca-b3d4-061a7f73b92e,2026-07-22T07:30:00Z,2026-07-22T09:30:00+0200,10903.25879,MW,FR,FR,forecast_solar_generation,Solar,2026-08-20T04:49:42Z
2026-08-20T04:48:34Z,2026-08-20T06:48:34+0200,a8c862e9-3667-4aca-b3d4-061a7f73b92e,2026-07-22T07:45:00Z,2026-07-22T09:45:00+0200,12187.33496,MW,FR,FR,forecast_solar_generation,Solar,2026-08-20T04:49:42Z
2026-08-20T04:48:34Z,2026-08-20T06:48:34+0200,a8c862e9-3667-4aca-b3d4-061a7f73b92e,2026-07-22T08:00:00Z,2026-07-22T10:00:00+0200,13359.97461,MW,FR,FR,forecast_solar_generation,Solar,2026-08-20T04:49:42Z
2026-08-20T04:48:34Z,2026-08-20T06:48:34+0200,a8c862e9-3667-4aca-b3d4-061a7f73b92e,2026-07-22T08:15:00Z,2026-07-22T10:15:00+0200,14569.18457,MW,FR,FR,forecast_solar_generation,Solar,2026-08-20T04:49:42Z
2026-08-20T04:48:34Z,2026-08-20T06:48:34+0200,a8c862e9-3667-4aca-b3d4-061a7f73b92e,2026-07-22T08:30:00Z,2026-07-22T10:30:00+0200,15586.38086,MW,FR,FR,forecast_solar_generation,Solar,2026-08-20T04:49:42Z
2026-08-20T04:48:34Z,2026-08-20T06:48:34+0200,a8c862e9-3667-4aca-b3d4-061a7f73b92e,2026-07-22T08:45:00Z,2026-07-22T10:45:00+0200,16490.36914,MW,FR,FR,forecast_solar_generation,Solar,2026-08-20T04:49:42Z
2026-08-20T04:48:34Z,2026-08-20T06:48:34+0200,a8c862e9-3667-4aca-b3d4-061a7f73b92e,2026-07-22T09:00:00Z,2026-07-22T11:00:00+0200,17304.01562,MW,FR,FR,forecast_solar_generation,Solar,2026-08-20T04:49:42Z
2026-08-20T04:48:34Z,2026-08-20T06:48:34+0200,a8c862e9-3667-4aca-b3d4-061a7f73b92e,2026-07-22T09:15:00Z,2026-07-22T11:15:00+0200,18108.31445,MW,FR,FR,forecast_solar_generation,Solar,2026-08-20T04:49:42Z
2026-08-20T04:48:34Z,2026-08-20T06:48:34+0200,a8c862e9-3667-4aca-b3d4-061a7f73b92e,2026-07-22T09:30:00Z,2026-07-22T11:30:00+0200,18851.55469,MW,FR,FR,forecast_solar_generation,Solar,2026-08-20T04:49:42Z
2026-08-20T04:48:34Z,2026-08-20T06:48:34+0200,a8c862e9-3667-4aca-b3d4-061a7f73b92e,2026-07-22T09:45:00Z,2026-07-22T11:45:00+0200,19482.25977,MW,FR,FR,forecast_solar_generation,Solar,2026-08-20T04:49:42Z
2026-08-20T04:48:34Z,2026-08-20T06:48:34+0200,a8c862e9-3667-4aca-b3d4-061a7f73b92e,2026-07-22T10:00:00Z,2026-07-22T12:00:00+0200,20014.55859,MW,FR,FR,forecast_solar_generation,Solar,2026-08-20T04:49:42Z
2026-08-20T04:48:34Z,2026-08-20T06:48:34+0200,a8c862e9-3667-4aca-b3d4-061a7f73b92e,2026-07-22T10:15:00Z,2026-07-22T12:15:00+0200,20459.55664,MW,FR,FR,forecast_solar_generation,Solar,2026-08-20T04:49:42Z
2026-08-20T04:48:34Z,2026-08-20T06:48:34+0200,a8c862e9-3667-4aca-b3d4-061a7f73b92e,2026-07-22T10:30:00Z,2026-07-22T12:30:00+0200,20847.36523,MW,FR,FR,forecast_solar_generation,Solar,2026-08-20T04:49:42Z
2026-08-20T04:48:34Z,2026-08-20T06:48:34+0200,a8c862e9-3667-4aca-b3d4-061a7f73b92e,2026-07-22T10:45:00Z,2026-07-22T12:45:00+0200,21081.59375,MW,FR,FR,forecast_solar_generation,Solar,2026-08-20T04:49:42Z
2026-08-20T04:48:34Z,2026-08-20T06:48:34+0200,a8c862e9-3667-4aca-b3d4-061a7f73b92e,2026-07-22T11:00:00Z,2026-07-22T13:00:00+0200,21324.74219,MW,FR,FR,forecast_solar_generation,Solar,2026-08-20T04:49:42Z
2026-08-20T04:48:34Z,2026-08-20T06:48:34+0200,a8c862e9-3667-4aca-b3d4-061a7f73b92e,2026-07-22T11:15:00Z,2026-07-22T13:15:00+0200,21492.64258,MW,FR,FR,forecast_solar_generation,Solar,2026-08-20T04:49:42Z
2026-08-20T04:48:34Z,2026-08-20T06:48:34+0200,a8c862e9-3667-4aca-b3d4-061a7f73b92e,2026-07-22T11:30:00Z,2026-07-22T13:30:00+0200,21621.39062,MW,FR,FR,forecast_solar_generation,Solar,2026-08-20T04:49:42Z
2026-08-20T04:48:34Z,2026-08-20T06:48:34+0200,a8c862e9-3667-4aca-b3d4-061a7f73b92e,2026-07-22T11:45:00Z,2026-07-22T13:45:00+0200,21677.35938,MW,FR,FR,forecast_solar_generation,Solar,2026-08-20T04:49:42Z
2026-08-20T04:48:34Z,2026-08-20T06:48:34+0200,a8c862e9-3667-4aca-b3d4-061a7f73b92e,2026-07-22T12:00:00Z,2026-07-22T14:00:00+0200,21681.83984,MW,FR,FR,forecast_solar_generation,Solar,2026-08-20T04:49:42Z
2026-08-20T04:48:34Z,2026-08-20T06:48:34+0200,a8c862e9-3667-4aca-b3d4-061a7f73b92e,2026-07-22T12:15:00Z,2026-07-22T14:15:00+0200,21627.3418,MW,FR,FR,forecast_solar_generation,Solar,2026-08-20T04:49:42Z
2026-08-20T04:48:34Z,2026-08-20T06:48:34+0200,a8c862e9-3667-4aca-b3d4-061a7f73b92e,2026-07-22T12:30:00Z,2026-07-22T14:30:00+0200,21557.11328,MW,FR,FR,forecast_solar_generation,Solar,2026-08-20T04:49:42Z
2026-08-20T04:48:34Z,2026-08-20T06:48:34+0200,a8c862e9-3667-4aca-b3d4-061a7f73b92e,2026-07-22T12:45:00Z,2026-07-22T14:45:00+0200,21446.17578,MW,FR,FR,forecast_solar_generation,Solar,2026-08-20T04:49:42Z
2026-08-20T04:48:34Z,2026-08-20T06:48:34+0200,a8c862e9-3667-4aca-b3d4-061a7f73b92e,2026-07-22T13:00:00Z,2026-07-22T15:00:00+0200,21258.88086,MW,FR,FR,forecast_solar_generation,Solar,2026-08-20T04:49:42Z
2026-08-20T04:48:34Z,2026-08-20T06:48:34+0200,a8c862e9-3667-4aca-b3d4-061a7f73b92e,2026-07-22T13:15:00Z,2026-07-22T15:15:00+0200,20980.48047,MW,FR,FR,forecast_solar_generation,Solar,2026-08-20T04:49:42Z
2026-08-20T04:48:34Z,2026-08-20T06:48:34+0200,a8c862e9-3667-4aca-b3d4-061a7f73b92e,2026-07-22T13:30:00Z,2026-07-22T15:30:00+0200,20623.24805,MW,FR,FR,forecast_solar_generation,Solar,2026-08-20T04:49:42Z
2026-08-20T04:48:34Z,2026-08-20T06:48:34+0200,a8c862e9-3667-4aca-b3d4-061a7f73b92e,2026-07-22T13:45:00Z,2026-07-22T15:45:00+0200,20130.44922,MW,FR,FR,forecast_solar_generation,Solar,2026-08-20T04:49:42Z
2026-08-20T04:48:34Z,2026-08-20T06:48:34+0200,a8c862e9-3667-4aca-b3d4-061a7f73b92e,2026-07-22T14:00:00Z,2026-07-22T16:00:00+0200,19567.65039,MW,FR,FR,forecast_solar_generation,Solar,2026-08-20T04:49:42Z
2026-08-20T04:48:34Z,2026-08-20T06:48:34+0200,a8c862e9-3667-4aca-b3d4-061a7f73b92e,2026-07-22T14:15:00Z,2026-07-22T16:15:00+0200,19005.13086,MW,FR,FR,forecast_solar_generation,Solar,2026-08-20T04:49:42Z
2026-08-20T04:48:34Z,2026-08-20T06:48:34+0200,a8c862e9-3667-4aca-b3d4-061a7f73b92e,2026-07-22T14:30:00Z,2026-07-22T16:30:00+0200,18317.29102,MW,FR,FR,forecast_solar_generation,Solar,2026-08-20T04:49:42Z
2026-08-20T04:48:34Z,2026-08-20T06:48:34+0200,a8c862e9-3667-4aca-b3d4-061a7f73b92e,2026-07-22T14:45:00Z,2026-07-22T16:45:00+0200,17538.06641,MW,FR,FR,forecast_solar_generation,Solar,2026-08-20T04:49:42Z
2026-08-20T04:48:34Z,2026-08-20T06:48:34+0200,a8c862e9-3667-4aca-b3d4-061a7f73b92e,2026-07-22T15:00:00Z,2026-07-22T17:00:00+0200,16823.45117,MW,FR,FR,forecast_solar_generation,Solar,2026-08-20T04:49:42Z
2026-08-20T04:48:34Z,2026-08-20T06:48:34+0200,a8c862e9-3667-4aca-b3d4-061a7f73b92e,2026-07-22T15:15:00Z,2026-07-22T17:15:00+0200,16032.08789,MW,FR,FR,forecast_solar_generation,Solar,2026-08-20T04:49:42Z
2026-08-20T04:48:34Z,2026-08-20T06:48:34+0200,a8c862e9-3667-4aca-b3d4-061a7f73b92e,2026-07-22T15:30:00Z,2026-07-22T17:30:00+0200,15221.5332,MW,FR,FR,forecast_solar_generation,Solar,2026-08-20T04:49:42Z
2026-08-20T04:48:34Z,2026-08-20T06:48:34+0200,a8c862e9-3667-4aca-b3d4-061a7f73b92e,2026-07-22T15:45:00Z,2026-07-22T17:45:00+0200,14240.3877,MW,FR,FR,forecast_solar_generation,Solar,2026-08-20T04:49:42Z
2026-08-20T04:48:34Z,2026-08-20T06:48:34+0200,a8c862e9-3667-4aca-b3d4-061a7f73b92e,2026-07-22T16:00:00Z,2026-07-22T18:00:00+0200,13158.65234,MW,FR,FR,forecast_solar_generation,Solar,2026-08-20T04:49:42Z
2026-08-20T04:48:34Z,2026-08-20T06:48:34+0200,a8c862e9-3667-4aca-b3d4-061a7f73b92e,2026-07-22T16:15:00Z,2026-07-22T18:15:00+0200,12010.51758,MW,FR,FR,forecast_solar_generation,Solar,2026-08-20T04:49:42Z
2026-08-20T04:48:34Z,2026-08-20T06:48:34+0200,a8c862e9-3667-4aca-b3d4-061a7f73b92e,2026-07-22T16:30:00Z,2026-07-22T18:30:00+0200,10839.1416,MW,FR,FR,forecast_solar_generation,Solar,2026-08-20T04:49:42Z
2026-08-20T04:48:34Z,2026-08-20T06:48:34+0200,a8c862e9-3667-4aca-b3d4-061a7f73b92e,2026-07-22T16:45:00Z,2026-07-22T18:45:00+0200,9698.36523,MW,FR,FR,forecast_solar_generation,Solar,2026-08-20T04:49:42Z
2026-08-20T04:48:34Z,2026-08-20T06:48:34+0200,a8c862e9-3667-4aca-b3d4-061a7f73b92e,2026-07-22T17:00:00Z,2026-07-22T19:00:00+0200,8368.57617,MW,FR,FR,forecast_solar_generation,Solar,2026-08-20T04:49:42Z
2026-08-20T04:48:34Z,2026-08-20T06:48:34+0200,a8c862e9-3667-4aca-b3d4-061a7f73b92e,2026-07-22T17:15:00Z,2026-07-22T19:15:00+0200,7182.83838,MW,FR,FR,forecast_solar_generation,Solar,2026-08-20T04:49:42Z
2026-08-20T04:48:34Z,2026-08-20T06:48:34+0200,a8c862e9-3667-4aca-b3d4-061a7f73b92e,2026-07-22T17:30:00Z,2026-07-22T19:30:00+0200,5846.1626,MW,FR,FR,forecast_solar_generation,Solar,2026-08-20T04:49:42Z
2026-08-20T04:48:34Z,2026-08-20T06:48:34+0200,a8c862e9-3667-4aca-b3d4-061a7f73b92e,2026-07-22T17:45:00Z,2026-07-22T19:45:00+0200,4822.38672,MW,FR,FR,forecast_solar_generation,Solar,2026-08-20T04:49:42Z
2026-08-20T04:48:34Z,2026-08-20T06:48:34+0200,a8c862e9-3667-4aca-b3d4-061a7f73b92e,2026-07-22T18:00:00Z,2026-07-22T20:00:00+0200,3651.51562,MW,FR,FR,forecast_solar_generation,Solar,2026-08-20T04:49:42Z
2026-08-20T04:48:34Z,2026-08-20T06:48:34+0200,a8c862e9-3667-4aca-b3d4-061a7f73b92e,2026-07-22T18:15:00Z,2026-07-22T20:15:00+0200,2725.13599,MW,FR,FR,forecast_solar_generation,Solar,2026-08-20T04:49:42Z
2026-08-20T04:48:34Z,2026-08-20T06:48:34+0200,a8c862e9-3667-4aca-b3d4-061a7f73b92e,2026-07-22T18:30:00Z,2026-07-22T20:30:00+0200,1897.83264,MW,FR,FR,forecast_solar_generation,Solar,2026-08-20T04:49:42Z
2026-08-20T04:48:34Z,2026-08-20T06:48:34+0200,a8c862e9-3667-4aca-b3d4-061a7f73b92e,2026-07-22T18:45:00Z,2026-07-22T20:45:00+0200,1362.95764,MW,FR,FR,forecast_solar_generation,Solar,2026-08-20T04:49:42Z
2026-08-20T04:48:34Z,2026-08-20T06:48:34+0200,a8c862e9-3667-4aca-b3d4-061a7f73b92e,2026-07-22T19:00:00Z,2026-07-22T21:00:00+0200,888.51758,MW,FR,FR,forecast_solar_generation,Solar,2026-08-20T04:49:42Z
2026-08-20T04:48:34Z,2026-08-20T06:48:34+0200,a8c862e9-3667-4aca-b3d4-061a7f73b92e,2026-07-22T19:15:00Z,2026-07-22T21:15:00+0200,418.16602,MW,FR,FR,forecast_solar_generation,Solar,2026-08-20T04:49:42Z
2026-08-20T04:48:34Z,2026-08-20T06:48:34+0200,a8c862e9-3667-4aca-b3d4-061a7f73b92e,2026-07-22T19:30:00Z,2026-07-22T21:30:00+0200,100.10298,MW,FR,FR,forecast_solar_generation,Solar,2026-08-20T04:49:42Z
2026-08-20T04:48:34Z,2026-08-20T06:48:34+0200,a8c862e9-3667-4aca-b3d4-061a7f73b92e,2026-07-22T19:45:00Z,2026-07-22T21:45:00+0200,13.09782,MW,FR,FR,forecast_solar_generation,Solar,2026-08-20T04:49:42Z
2026-08-20T04:48:34Z,2026-08-20T06:48:34+0200,a8c862e9-3667-4aca-b3d4-061a7f73b92e,2026-07-22T20:00:00Z,2026-07-22T22:00:00+0200,0.0,MW,FR,FR,forecast_solar_generation,Solar,2026-08-20T04:49:42Z
2026-08-20T04:48:34Z,2026-08-20T06:48:34+0200,a8c862e9-3667-4aca-b3d4-061a7f73b92e,2026-07-22T20:15:00Z,2026-07-22T22:15:00+0200,0.0,MW,FR,FR,forecast_solar_generation,Solar,2026-08-20T04:49:42Z
2026-08-20T04:48:34Z,2026-08-20T06:48:34+0200,a8c862e9-3667-4aca-b3d4-061a7f73b92e,2026-07-22T20:30:00Z,2026-07-22T22:30:00+0200,0.0,MW,FR,FR,forecast_solar_generation,Solar,2026-08-20T04:49:42Z
2026-08-20T04:48:34Z,2026-08-20T06:48:34+0200,a8c862e9-3667-4aca-b3d4-061a7f73b92e,2026-07-22T20:45:00Z,2026-07-22T22:45:00+0200,0.0,MW,FR,FR,forecast_solar_generation,Solar,2026-08-20T04:49:42Z
2026-08-20T04:48:34Z,2026-08-20T06:48:34+0200,a8c862e9-3667-4aca-b3d4-061a7f73b92e,2026-07-22T21:00:00Z,2026-07-22T23:00:00+0200,0.0,MW,FR,FR,forecast_solar_generation,Solar,2026-08-20T04:49:42Z
2026-08-20T04:48:34Z,2026-08-20T06:48:34+0200,a8c862e9-3667-4aca-b3d4-061a7f73b92e,2026-07-22T21:15:00Z,2026-07-22T23:15:00+0200,0.0,MW,FR,FR,forecast_solar_generation,Solar,2026-08-20T04:49:42Z
2026-08-20T04:48:34Z,2026-08-20T06:48:34+0200,a8c862e9-3667-4aca-b3d4-061a7f73b92e,2026-07-22T21:30:00Z,2026-07-22T23:30:00+0200,0.0,MW,FR,FR,forecast_solar_generation,Solar,2026-08-20T04:49:42Z
2026-08-20T04:48:34Z,2026-08-20T06:48:34+0200,a8c862e9-3667-4aca-b3d4-061a7f73b92e,2026-07-22T21:45:00Z,2026-07-22T23:45:00+0200,0.0,MW,FR,FR,forecast_solar_generation,Solar,2026-08-20T04:49:42Z
2026-08-20T04:48:34Z,2026-08-20T06:48:34+0200,a8c862e9-3667-4aca-b3d4-061a7f73b92e,2026-07-22T22:00:00Z,2026-07-23T00:00:00+0200,0.0,MW,FR,FR,forecast_solar_generation,Solar,2026-08-20T04:49:42Z
2026-08-20T04:48:34Z,2026-08-20T06:48:34+0200,a8c862e9-3667-4aca-b3d4-061a7f73b92e,2026-07-22T22:15:00Z,2026-07-23T00:15:00+0200,0.0,MW,FR,FR,forecast_solar_generation,Solar,2026-08-20T04:49:42Z
2026-08-20T04:48:34Z,2026-08-20T06:48:34+0200,a8c862e9-3667-4aca-b3d4-061a7f73b92e,2026-07-22T22:30:00Z,2026-07-23T00:30:00+0200,0.0,MW,FR,FR,forecast_solar_generation,Solar,2026-08-20T04:49:42Z
2026-08-20T04:48:34Z,2026-08-20T06:48:34+0200,a8c862e9-3667-4aca-b3d4-061a7f73b92e,2026-07-22T22:45:00Z,2026-07-23T00:45:00+0200,0.0,MW,FR,FR,forecast_solar_generation,Solar,2026-08-20T04:49:42Z
2026-08-20T04:48:34Z,2026-08-20T06:48:34+0200,a8c862e9-3667-4aca-b3d4-061a7f73b92e,2026-07-22T23:00:00Z,2026-07-23T01:00:00+0200,0.0,MW,FR,FR,forecast_solar_generation,Solar,2026-08-20T04:49:42Z
2026-08-20T04:48:34Z,2026-08-20T06:48:34+0200,a8c862e9-3667-4aca-b3d4-061a7f73b92e,2026-07-22T23:15:00Z,2026-07-23T01:15:00+0200,0.0,MW,FR,FR,forecast_solar_generation,Solar,2026-08-20T04:49:42Z
2026-08-20T04:48:34Z,2026-08-20T06:48:34+0200,a8c862e9-3667-4aca-b3d4-061a7f73b92e,2026-07-22T23:30:00Z,2026-07-23T01:30:00+0200,0.0,MW,FR,FR,forecast_solar_generation,Solar,2026-08-20T04:49:42Z
2026-08-20T04:48:34Z,2026-08-20T06:48:34+0200,a8c862e9-3667-4aca-b3d4-061a7f73b92e,2026-07-22T23:45:00Z,2026-07-23T01:45:00+0200,0.0,MW,FR,FR,forecast_solar_generation,Solar,2026-08-20T04:49:42Z
2026-08-20T04:48:34Z,2026-08-20T06:48:34+0200,a8c862e9-3667-4aca-b3d4-061a7f73b92e,2026-07-23T00:00:00Z,2026-07-23T02:00:00+0200,0.0,MW,FR,FR,forecast_solar_generation,Solar,2026-08-20T04:49:42Z
2026-08-20T04:48:34Z,2026-08-20T06:48:34+0200,a8c862e9-3667-4aca-b3d4-061a7f73b92e,2026-07-23T00:15:00Z,2026-07-23T02:15:00+0200,0.0,MW,FR,FR,forecast_solar_generation,Solar,2026-08-20T04:49:42Z
2026-08-20T04:48:34Z,2026-08-20T06:48:34+0200,a8c862e9-3667-4aca-b3d4-061a7f73b92e,2026-07-23T00:30:00Z,2026-07-23T02:30:00+0200,0.0,MW,FR,FR,forecast_solar_generation,Solar,2026-08-20T04:49:42Z
2026-08-20T04:48:34Z,2026-08-20T06:48:34+0200,a8c862e9-3667-4aca-b3d4-061a7f73b92e,2026-07-23T00:45:00Z,2026-07-23T02:45:00+0200,0.0,MW,FR,FR,forecast_solar_generation,Solar,2026-08-20T04:49:42Z
2026-08-20T04:48:34Z,2026-08-20T06:48:34+0200,a8c862e9-3667-4aca-b3d4-061a7f73b92e,2026-07-23T01:00:00Z,2026-07-23T03:00:00+0200,0.0,MW,FR,FR,forecast_solar_generation,Solar,2026-08-20T04:49:42Z
2026-08-20T04:48:34Z,2026-08-20T06:48:34+0200,a8c862e9-3667-4aca-b3d4-061a7f73b92e,2026-07-23T01:15:00Z,2026-07-23T03:15:00+0200,0.0,MW,FR,FR,forecast_solar_generation,Solar,2026-08-20T04:49:42Z
2026-08-20T04:48:34Z,2026-08-20T06:48:34+0200,a8c862e9-3667-4aca-b3d4-061a7f73b92e,2026-07-23T01:30:00Z,2026-07-23T03:30:00+0200,0.0,MW,FR,FR,forecast_solar_generation,Solar,2026-08-20T04:49:42Z
2026-08-20T04:48:34Z,2026-08-20T06:48:34+0200,a8c862e9-3667-4aca-b3d4-061a7f73b92e,2026-07-23T01:45:00Z,2026-07-23T03:45:00+0200,0.0,MW,FR,FR,forecast_solar_generation,Solar,2026-08-20T04:49:42Z
2026-08-20T04:48:34Z,2026-08-20T06:48:34+0200,a8c862e9-3667-4aca-b3d4-061a7f73b92e,2026-07-23T02:00:00Z,2026-07-23T04:00:00+0200,0.0,MW,FR,FR,forecast_solar_generation,Solar,2026-08-20T04:49:42Z
2026-08-20T04:48:34Z,2026-08-20T06:48:34+0200,a8c862e9-3667-4aca-b3d4-061a7f73b92e,2026-07-23T02:15:00Z,2026-07-23T04:15:00+0200,0.0,MW,FR,FR,forecast_solar_generation,Solar,2026-08-20T04:49:42Z
2026-08-20T04:48:34Z,2026-08-20T06:48:34+0200,a8c862e9-3667-4aca-b3d4-061a7f73b92e,2026-07-23T02:30:00Z,2026-07-23T04:30:00+0200,0.0,MW,FR,FR,forecast_solar_generation,Solar,2026-08-20T04:49:42Z
2026-08-20T04:48:34Z,2026-08-20T06:48:34+0200,a8c862e9-3667-4aca-b3d4-061a7f73b92e,2026-07-23T02:45:00Z,2026-07-23T04:45:00+0200,0.0,MW,FR,FR,forecast_solar_generation,Solar,2026-08-20T04:49:42Z
2026-08-20T04:48:34Z,2026-08-20T06:48:34+0200,a8c862e9-3667-4aca-b3d4-061a7f73b92e,2026-07-23T03:00:00Z,2026-07-23T05:00:00+0200,0.0,MW,FR,FR,forecast_solar_generation,Solar,2026-08-20T04:49:42Z
2026-08-20T04:48:34Z,2026-08-20T06:48:34+0200,a8c862e9-3667-4aca-b3d4-061a7f73b92e,2026-07-23T03:15:00Z,2026-07-23T05:15:00+0200,0.0,MW,FR,FR,forecast_solar_generation,Solar,2026-08-20T04:49:42Z
2026-08-20T04:48:34Z,2026-08-20T06:48:34+0200,a8c862e9-3667-4aca-b3d4-061a7f73b92e,2026-07-23T03:30:00Z,2026-07-23T05:30:00+0200,0.0,MW,FR,FR,forecast_solar_generation,Solar,2026-08-20T04:49:42Z
2026-08-20T04:48:34Z,2026-08-20T06:48:34+0200,a8c862e9-3667-4aca-b3d4-061a7f73b92e,2026-07-23T03:45:00Z,2026-07-23T05:45:00+0200,0.0,MW,FR,FR,forecast_solar_generation,Solar,2026-08-20T04:49:42Z
2026-08-20T04:48:34Z,2026-08-20T06:48:34+0200,a8c862e9-3667-4aca-b3d4-061a7f73b92e,2026-07-23T04:00:00Z,2026-07-23T06:00:00+0200,9.58277,MW,FR,FR,forecast_solar_generation,Solar,2026-08-20T04:49:42Z
2026-08-20T04:48:34Z,2026-08-20T06:48:34+0200,a8c862e9-3667-4aca-b3d4-061a7f73b92e,2026-07-23T04:15:00Z,2026-07-23T06:15:00+0200,50.82527,MW,FR,FR,forecast_solar_generation,Solar,2026-08-20T04:49:42Z
2026-08-20T04:48:34Z,2026-08-20T06:48:34+0200,a8c862e9-3667-4aca-b3d4-061a7f73b92e,2026-07-23T04:30:00Z,2026-07-23T06:30:00+0200,127.92988,MW,FR,FR,forecast_solar_generation,Solar,2026-08-20T04:49:42Z
2026-08-20T04:48:34Z,2026-08-20T06:48:34+0200,a8c862e9-3667-4aca-b3d4-061a7f73b92e,2026-07-23T04:45:00Z,2026-07-23T06:45:00+0200,355.10831,MW,FR,FR,forecast_solar_generation,Solar,2026-08-20T04:49:42Z
2026-08-20T04:48:34Z,2026-08-20T06:48:34+0200,a8c862e9-3667-4aca-b3d4-061a7f73b92e,2026-07-23T05:00:00Z,2026-07-23T07:00:00+0200,704.66235,MW,FR,FR,forecast_solar_generation,Solar,2026-08-20T04:49:42Z
2026-08-20T04:48:34Z,2026-08-20T06:48:34+0200,a8c862e9-3667-4aca-b3d4-061a7f73b92e,2026-07-23T05:15:00Z,2026-07-23T07:15:00+0200,1087.70923,MW,FR,FR,forecast_solar_generation,Solar,2026-08-20T04:49:42Z
2026-08-20T04:48:34Z,2026-08-20T06:48:34+0200,a8c862e9-3667-4aca-b3d4-061a7f73b92e,2026-07-23T05:30:00Z,2026-07-23T07:30:00+0200,1582.0116,MW,FR,FR,forecast_solar_generation,Solar,2026-08-20T04:49:42Z
2026-08-20T04:48:34Z,2026-08-20T06:48:34+0200,a8c862e9-3667-4aca-b3d4-061a7f73b92e,2026-07-23T05:45:00Z,2026-07-23T07:45:00+0200,2322.83667,MW,FR,FR,forecast_solar_generation,Solar,2026-08-20T04:49:42Z
2026-08-20T04:48:34Z,2026-08-20T06:48:34+0200,a8c862e9-3667-4aca-b3d4-061a7f73b92e,2026-07-23T06:00:00Z,2026-07-23T08:00:00+0200,3250.52588,MW,FR,FR,forecast_solar_generation,Solar,2026-08-20T04:49:42Z
2026-08-20T04:48:34Z,2026-08-20T06:48:34+0200,a8c862e9-3667-4aca-b3d4-061a7f73b92e,2026-07-23T06:15:00Z,2026-07-23T08:15:00+0200,4321.19775,MW,FR,FR,forecast_solar_generation,Solar,2026-08-20T04:49:42Z
2026-08-20T04:48:34Z,2026-08-20T06:48:34+0200,a8c862e9-3667-4aca-b3d4-061a7f73b92e,2026-07-23T06:30:00Z,2026-07-23T08:30:00+0200,5353.91602,MW,FR,FR,forecast_solar_generation,Solar,2026-08-20T04:49:42Z
2026-08-20T04:48:34Z,2026-08-20T06:48:34+0200,a8c862e9-3667-4aca-b3d4-061a7f73b92e,2026-07-23T06:45:00Z,2026-07-23T08:45:00+0200,6752.0752,MW,FR,FR,forecast_solar_generation,Solar,2026-08-20T04:49:42Z
2026-08-20T04:48:34Z,2026-08-20T06:48:34+0200,a8c862e9-3667-4aca-b3d4-061a7f73b92e,2026-07-23T07:00:00Z,2026-07-23T09:00:00+0200,7943.71631,MW,FR,FR,forecast_solar_generation,Solar,2026-08-20T04:49:42Z
2026-08-20T04:48:34Z,2026-08-20T06:48:34+0200,a8c862e9-3667-4aca-b3d4-061a7f73b92e,2026-07-23T07:15:00Z,2026-07-23T09:15:00+0200,9363.08691,MW,FR,FR,forecast_solar_generation,Solar,2026-08-20T04:49:42Z
2026-08-20T04:48:34Z,2026-08-20T06:48:34+0200,a8c862e9-3667-4aca-b3d4-061a7f73b92e,2026-07-23T07:30:00Z,2026-07-23T09:30:00+0200,10550.59473,MW,FR,FR,forecast_solar_generation,Solar,2026-08-20T04:49:42Z
2026-08-20T04:48:34Z,2026-08-20T06:48:34+0200,a8c862e9-3667-4aca-b3d4-061a7f73b92e,2026-07-23T07:45:00Z,2026-07-23T09:45:00+0200,11814.14746,MW,FR,FR,forecast_solar_generation,Solar,2026-08-20T04:49:42Z
2026-08-20T04:48:34Z,2026-08-20T06:48:34+0200,a8c862e9-3667-4aca-b3d4-061a7f73b92e,2026-07-23T08:00:00Z,2026-07-23T10:00:00+0200,12986.96973,MW,FR,FR,forecast_solar_generation,Solar,2026-08-20T04:49:42Z
2026-08-20T04:48:34Z,2026-08-20T06:48:34+0200,a8c862e9-3667-4aca-b3d4-061a7f73b92e,2026-07-23T08:15:00Z,2026-07-23T10:15:00+0200,14211.83594,MW,FR,FR,forecast_solar_generation,Solar,2026-08-20T04:49:42Z
2026-08-20T04:48:34Z,2026-08-20T06:48:34+0200,a8c862e9-3667-4aca-b3d4-061a7f73b92e,2026-07-23T08:30:00Z,2026-07-23T10:30:00+0200,15186.38184,MW,FR,FR,forecast_solar_generation,Solar,2026-08-20T04:49:42Z
2026-08-20T04:48:34Z,2026-08-20T06:48:34+0200,a8c862e9-3667-4aca-b3d4-061a7f73b92e,2026-07-23T08:45:00Z,2026-07-23T10:45:00+0200,16115.71777,MW,FR,FR,forecast_solar_generation,Solar,2026-08-20T04:49:42Z
2026-08-20T04:48:34Z,2026-08-20T06:48:34+0200,a8c862e9-3667-4aca-b3d4-061a7f73b92e,2026-07-23T09:00:00Z,2026-07-23T11:00:00+0200,16912.00195,MW,FR,FR,forecast_solar_generation,Solar,2026-08-20T04:49:42Z
2026-08-20T04:48:34Z,2026-08-20T06:48:34+0200,a8c862e9-3667-4aca-b3d4-061a7f73b92e,2026-07-23T09:15:00Z,2026-07-23T11:15:00+0200,17697.41016,MW,FR,FR,forecast_solar_generation,Solar,2026-08-20T04:49:42Z
2026-08-20T04:48:34Z,2026-08-20T06:48:34+0200,a8c862e9-3667-4aca-b3d4-061a7f73b92e,2026-07-23T09:30:00Z,2026-07-23T11:30:00+0200,18429.5957,MW,FR,FR,forecast_solar_generation,Solar,2026-08-20T04:49:42Z
2026-08-20T04:48:34Z,2026-08-20T06:48:34+0200,a8c862e9-3667-4aca-b3d4-061a7f73b92e,2026-07-23T09:45:00Z,2026-07-23T11:45:00+0200,19069.84766,MW,FR,FR,forecast_solar_generation,Solar,2026-08-20T04:49:42Z
2026-08-20T04:48:34Z,2026-08-20T06:48:34+0200,a8c862e9-3667-4aca-b3d4-061a7f73b92e,2026-07-23T10:00:00Z,2026-07-23T12:00:00+0200,19619.55469,MW,FR,FR,forecast_solar_generation,Solar,2026-08-20T04:49:42Z
2026-08-20T04:48:34Z,2026-08-20T06:48:34+0200,a8c862e9-3667-4aca-b3d4-061a7f73b92e,2026-07-23T10:15:00Z,2026-07-23T12:15:00+0200,20103.86523,MW,FR,FR,forecast_solar_generation,Solar,2026-08-20T04:49:42Z
2026-08-20T04:48:34Z,2026-08-20T06:48:34+0200,a8c862e9-3667-4aca-b3d4-061a7f73b92e,2026-07-23T10:30:00Z,2026-07-23T12:30:00+0200,20537.32422,MW,FR,FR,forecast_solar_generation,Solar,2026-08-20T04:49:42Z
2026-08-20T04:48:34Z,2026-08-20T06:48:34+0200,a8c862e9-3667-4aca-b3d4-061a7f73b92e,2026-07-23T10:45:00Z,2026-07-23T12:45:00+0200,20778.91406,MW,FR,FR,forecast_solar_generation,Solar,2026-08-20T04:49:42Z
2026-08-20T04:48:34Z,2026-08-20T06:48:34+0200,a8c862e9-3667-4aca-b3d4-061a7f73b92e,2026-07-23T11:00:00Z,2026-07-23T13:00:00+0200,20979.55078,MW,FR,FR,forecast_solar_generation,Solar,2026-08-20T04:49:42Z
2026-08-20T04:48:34Z,2026-08-20T06:48:34+0200,a8c862e9-3667-4aca-b3d4-061a7f73b92e,2026-07-23T11:15:00Z,2026-07-23T13:15:00+0200,21126.36719,MW,FR,FR,forecast_solar_generation,Solar,2026-08-20T04:49:42Z
2026-08-20T04:48:34Z,2026-08-20T06:48:34+0200,a8c862e9-3667-4aca-b3d4-061a7f73b92e,2026-07-23T11:30:00Z,2026-07-23T13:30:00+0200,21239.2832,MW,FR,FR,forecast_solar_generation,Solar,2026-08-20T04:49:42Z
2026-08-20T04:48:34Z,2026-08-20T06:48:34+0200,a8c862e9-3667-4aca-b3d4-061a7f73b92e,2026-07-23T11:45:00Z,2026-07-23T13:45:00+0200,21274.78906,MW,FR,FR,forecast_solar_generation,Solar,2026-08-20T04:49:42Z
2026-08-20T04:48:34Z,2026-08-20T06:48:34+0200,a8c862e9-3667-4aca-b3d4-061a7f73b92e,2026-07-23T12:00:00Z,2026-07-23T14:00:00+0200,21293.05469,MW,FR,FR,forecast_solar_generation,Solar,2026-08-20T04:49:42Z
2026-08-20T04:48:34Z,2026-08-20T06:48:34+0200,a8c862e9-3667-4aca-b3d4-061a7f73b92e,2026-07-23T12:15:00Z,2026-07-23T14:15:00+0200,21258.48438,MW,FR,FR,forecast_solar_generation,Solar,2026-08-20T04:49:42Z
2026-08-20T04:48:34Z,2026-08-20T06:48:34+0200,a8c862e9-3667-4aca-b3d4-061a7f73b92e,2026-07-23T12:30:00Z,2026-07-23T14:30:00+0200,21211.95312,MW,FR,FR,forecast_solar_generation,Solar,2026-08-20T04:49:42Z
2026-08-20T04:48:34Z,2026-08-20T06:48:34+0200,a8c862e9-3667-4aca-b3d4-061a7f73b92e,2026-07-23T12:45:00Z,2026-07-23T14:45:00+0200,21104.78125,MW,FR,FR,forecast_solar_generation,Solar,2026-08-20T04:49:42Z
2026-08-20T04:48:34Z,2026-08-20T06:48:34+0200,a8c862e9-3667-4aca-b3d4-061a7f73b92e,2026-07-23T13:00:00Z,2026-07-23T15:00:00+0200,20935.86133,MW,FR,FR,forecast_solar_generation,Solar,2026-08-20T04:49:42Z
2026-08-20T04:48:34Z,2026-08-20T06:48:34+0200,a8c862e9-3667-4aca-b3d4-061a7f73b92e,2026-07-23T13:15:00Z,2026-07-23T15:15:00+0200,20697.80469,MW,FR,FR,forecast_solar_generation,Solar,2026-08-20T04:49:42Z
2026-08-20T04:48:34Z,2026-08-20T06:48:34+0200,a8c862e9-3667-4aca-b3d4-061a7f73b92e,2026-07-23T13:30:00Z,2026-07-23T15:30:00+0200,20384.51758,MW,FR,FR,forecast_solar_generation,Solar,2026-08-20T04:49:42Z
2026-08-20T04:48:34Z,2026-08-20T06:48:34+0200,a8c862e9-3667-4aca-b3d4-061a7f73b92e,2026-07-23T13:45:00Z,2026-07-23T15:45:00+0200,19957.66602,MW,FR,FR,forecast_solar_generation,Solar,2026-08-20T04:49:42Z
2026-08-20T04:48:34Z,2026-08-20T06:48:34+0200,a8c862e9-3667-4aca-b3d4-061a7f73b92e,2026-07-23T14:00:00Z,2026-07-23T16:00:00+0200,19479.92969,MW,FR,FR,forecast_solar_generation,Solar,2026-08-20T04:49:42Z
2026-08-20T04:48:34Z,2026-08-20T06:48:34+0200,a8c862e9-3667-4aca-b3d4-061a7f73b92e,2026-07-23T14:15:00Z,2026-07-23T16:15:00+0200,18995.83008,MW,FR,FR,forecast_solar_generation,Solar,2026-08-20T04:49:42Z
2026-08-20T04:48:34Z,2026-08-20T06:48:34+0200,a8c862e9-3667-4aca-b3d4-061a7f73b92e,2026-07-23T14:30:00Z,2026-07-23T16:30:00+0200,18404.05273,MW,FR,FR,forecast_solar_generation,Solar,2026-08-20T04:49:42Z
2026-08-20T04:48:34Z,2026-08-20T06:48:34+0200,a8c862e9-3667-4aca-b3d4-061a7f73b92e,2026-07-23T14:45:00Z,2026-07-23T16:45:00+0200,17600.00586,MW,FR,FR,forecast_solar_generation,Solar,2026-08-20T04:49:42Z
2026-08-20T04:48:34Z,2026-08-20T06:48:34+0200,a8c862e9-3667-4aca-b3d4-061a7f73b92e,2026-07-23T15:00:00Z,2026-07-23T17:00:00+0200,16855.51758,MW,FR,FR,forecast_solar_generation,Solar,2026-08-20T04:49:42Z
2026-08-20T04:48:34Z,2026-08-20T06:48:34+0200,a8c862e9-3667-4aca-b3d4-061a7f73b92e,2026-07-23T15:15:00Z,2026-07-23T17:15:00+0200,16051.02832,MW,FR,FR,forecast_solar_generation,Solar,2026-08-20T04:49:42Z
2026-08-20T04:48:34Z,2026-08-20T06:48:34+0200,a8c862e9-3667-4aca-b3d4-061a7f73b92e,2026-07-23T15:30:00Z,2026-07-23T17:30:00+0200,15218.55957,MW,FR,FR,forecast_solar_generation,Solar,2026-08-20T04:49:42Z
2026-08-20T04:48:34Z,2026-08-20T06:48:34+0200,a8c862e9-3667-4aca-b3d4-061a7f73b92e,2026-07-23T15:45:00Z,2026-07-23T17:45:00+0200,14243.97168,MW,FR,FR,forecast_solar_generation,Solar,2026-08-20T04:49:42Z
2026-08-20T04:48:34Z,2026-08-20T06:48:34+0200,a8c862e9-3667-4aca-b3d4-061a7f73b92e,2026-07-23T16:00:00Z,2026-07-23T18:00:00+0200,13162.52734,MW,FR,FR,forecast_solar_generation,Solar,2026-08-20T04:49:42Z
2026-08-20T04:48:34Z,2026-08-20T06:48:34+0200,a8c862e9-3667-4aca-b3d4-061a7f73b92e,2026-07-23T16:15:00Z,2026-07-23T18:15:00+0200,12038.32324,MW,FR,FR,forecast_solar_generation,Solar,2026-08-20T04:49:42Z
2026-08-20T04:48:34Z,2026-08-20T06:48:34+0200,a8c862e9-3667-4aca-b3d4-061a7f73b92e,2026-07-23T16:30:00Z,2026-07-23T18:30:00+0200,10864.7666,MW,FR,FR,forecast_solar_generation,Solar,2026-08-20T04:49:42Z
2026-08-20T04:48:34Z,2026-08-20T06:48:34+0200,a8c862e9-3667-4aca-b3d4-061a7f73b92e,2026-07-23T16:45:00Z,2026-07-23T18:45:00+0200,9746.54004,MW,FR,FR,forecast_solar_generation,Solar,2026-08-20T04:49:42Z
2026-08-20T04:48:34Z,2026-08-20T06:48:34+0200,a8c862e9-3667-4aca-b3d4-061a7f73b92e,2026-07-23T17:00:00Z,2026-07-23T19:00:00+0200,8378.06543,MW,FR,FR,forecast_solar_generation,Solar,2026-08-20T04:49:42Z
2026-08-20T04:48:34Z,2026-08-20T06:48:34+0200,a8c862e9-3667-4aca-b3d4-061a7f73b92e,2026-07-23T17:15:00Z,2026-07-23T19:15:00+0200,7196.88721,MW,FR,FR,forecast_solar_generation,Solar,2026-08-20T04:49:42Z
2026-08-20T04:48:34Z,2026-08-20T06:48:34+0200,a8c862e9-3667-4aca-b3d4-061a7f73b92e,2026-07-23T17:30:00Z,2026-07-23T19:30:00+0200,5827.29785,MW,FR,FR,forecast_solar_generation,Solar,2026-08-20T04:49:42Z
2026-08-20T04:48:34Z,2026-08-20T06:48:34+0200,a8c862e9-3667-4aca-b3d4-061a7f73b92e,2026-07-23T17:45:00Z,2026-07-23T19:45:00+0200,4792.43164,MW,FR,FR,forecast_solar_generation,Solar,2026-08-20T04:49:42Z
2026-08-20T04:48:34Z,2026-08-20T06:48:34+0200,a8c862e9-3667-4aca-b3d4-061a7f73b92e,2026-07-23T18:00:00Z,2026-07-23T20:00:00+0200,3571.69019,MW,FR,FR,forecast_solar_generation,Solar,2026-08-20T04:49:42Z
2026-08-20T04:48:34Z,2026-08-20T06:48:34+0200,a8c862e9-3667-4aca-b3d4-061a7f73b92e,2026-07-23T18:15:00Z,2026-07-23T20:15:00+0200,2633.23145,MW,FR,FR,forecast_solar_generation,Solar,2026-08-20T04:49:42Z
2026-08-20T04:48:34Z,2026-08-20T06:48:34+0200,a8c862e9-3667-4aca-b3d4-061a7f73b92e,2026-07-23T18:30:00Z,2026-07-23T20:30:00+0200,1801.25989,MW,FR,FR,forecast_solar_generation,Solar,2026-08-20T04:49:42Z
2026-08-20T04:48:34Z,2026-08-20T06:48:34+0200,a8c862e9-3667-4aca-b3d4-061a7f73b92e,2026-07-23T18:45:00Z,2026-07-23T20:45:00+0200,1287.40527,MW,FR,FR,forecast_solar_generation,Solar,2026-08-20T04:49:42Z
2026-08-20T04:48:34Z,2026-08-20T06:48:34+0200,a8c862e9-3667-4aca-b3d4-061a7f73b92e,2026-07-23T19:00:00Z,2026-07-23T21:00:00+0200,823.76471,MW,FR,FR,forecast_solar_generation,Solar,2026-08-20T04:49:42Z
2026-08-20T04:48:34Z,2026-08-20T06:48:34+0200,a8c862e9-3667-4aca-b3d4-061a7f73b92e,2026-07-23T19:15:00Z,2026-07-23T21:15:00+0200,367.42371,MW,FR,FR,forecast_solar_generation,Solar,2026-08-20T04:49:42Z
2026-08-20T04:48:34Z,2026-08-20T06:48:34+0200,a8c862e9-3667-4aca-b3d4-061a7f73b92e,2026-07-23T19:30:00Z,2026-07-23T21:30:00+0200,79.69782,MW,FR,FR,forecast_solar_generation,Solar,2026-08-20T04:49:42Z
2026-08-20T04:48:34Z,2026-08-20T06:48:34+0200,a8c862e9-3667-4aca-b3d4-061a7f73b92e,2026-07-23T19:45:00Z,2026-07-23T21:45:00+0200,8.1081,MW,FR,FR,forecast_solar_generation,Solar,2026-08-20T04:49:42Z
2026-08-20T04:48:34Z,2026-08-20T06:48:34+0200,a8c862e9-3667-4aca-b3d4-061a7f73b92e,2026-07-23T20:00:00Z,2026-07-23T22:00:00+0200,0.0,MW,FR,FR,forecast_solar_generation,Solar,2026-08-20T04:49:42Z
2026-08-20T04:48:34Z,2026-08-20T06:48:34+0200,a8c862e9-3667-4aca-b3d4-061a7f73b92e,2026-07-23T20:15:00Z,2026-07-23T22:15:00+0200,0.0,MW,FR,FR,forecast_solar_generation,Solar,2026-08-20T04:49:42Z
2026-08-20T04:48:34Z,2026-08-20T06:48:34+0200,a8c862e9-3667-4aca-b3d4-061a7f73b92e,2026-07-23T20:30:00Z,2026-07-23T22:30:00+0200,0.0,MW,FR,FR,forecast_solar_generation,Solar,2026-08-20T04:49:42Z
2026-08-20T04:48:34Z,2026-08-20T06:48:34+0200,a8c862e9-3667-4aca-b3d4-061a7f73b92e,2026-07-23T20:45:00Z,2026-07-23T22:45:00+0200,0.0,MW,FR,FR,forecast_solar_generation,Solar,2026-08-20T04:49:42Z
2026-08-20T04:48:34Z,2026-08-20T06:48:34+0200,a8c862e9-3667-4aca-b3d4-061a7f73b92e,2026-07-23T21:00:00Z,2026-07-23T23:00:00+0200,0.0,MW,FR,FR,forecast_solar_generation,Solar,2026-08-20T04:49:42Z
2026-08-20T04:48:34Z,2026-08-20T06:48:34+0200,a8c862e9-3667-4aca-b3d4-061a7f73b92e,2026-07-23T21:15:00Z,2026-07-23T23:15:00+0200,0.0,MW,FR,FR,forecast_solar_generation,Solar,2026-08-20T04:49:42Z
2026-08-20T04:48:34Z,2026-08-20T06:48:34+0200,a8c862e9-3667-4aca-b3d4-061a7f73b92e,2026-07-23T21:30:00Z,2026-07-23T23:30:00+0200,0.0,MW,FR,FR,forecast_solar_generation,Solar,2026-08-20T04:49:42Z
2026-08-20T04:48:34Z,2026-08-20T06:48:34+0200,a8c862e9-3667-4aca-b3d4-061a7f73b92e,2026-07-23T21:45:00Z,2026-07-23T23:45:00+0200,0.0,MW,FR,FR,forecast_solar_generation,Solar,2026-08-20T04:49:42Z
2026-08-20T04:48:34Z,2026-08-20T06:48:34+0200,a8c862e9-3667-4aca-b3d4-061a7f73b92e,2026-07-23T22:00:00Z,2026-07-24T00:00:00+0200,0.0,MW,FR,FR,forecast_solar_generation,Solar,2026-08-20T04:49:42Z
2026-08-20T04:48:34Z,2026-08-20T06:48:34+0200,a8c862e9-3667-4aca-b3d4-061a7f73b92e,2026-07-23T22:15:00Z,2026-07-24T00:15:00+0200,0.0,MW,FR,FR,forecast_solar_generation,Solar,2026-08-20T04:49:42Z
2026-08-20T04:48:34Z,2026-08-20T06:48:34+0200,a8c862e9-3667-4aca-b3d4-061a7f73b92e,2026-07-23T22:30:00Z,2026-07-24T00:30:00+0200,0.0,MW,FR,FR,forecast_solar_generation,Solar,2026-08-20T04:49:42Z
2026-08-20T04:48:34Z,2026-08-20T06:48:34+0200,a8c862e9-3667-4aca-b3d4-061a7f73b92e,2026-07-23T22:45:00Z,2026-07-24T00:45:00+0200,0.0,MW,FR,FR,forecast_solar_generation,Solar,2026-08-20T04:49:42Z
2026-08-20T04:48:34Z,2026-08-20T06:48:34+0200,a8c862e9-3667-4aca-b3d4-061a7f73b92e,2026-07-23T23:00:00Z,2026-07-24T01:00:00+0200,0.0,MW,FR,FR,forecast_solar_generation,Solar,2026-08-20T04:49:42Z
2026-08-20T04:48:34Z,2026-08-20T06:48:34+0200,a8c862e9-3667-4aca-b3d4-061a7f73b92e,2026-07-23T23:15:00Z,2026-07-24T01:15:00+0200,0.0,MW,FR,FR,forecast_solar_generation,Solar,2026-08-20T04:49:42Z
2026-08-20T04:48:34Z,2026-08-20T06:48:34+0200,a8c862e9-3667-4aca-b3d4-061a7f73b92e,2026-07-23T23:30:00Z,2026-07-24T01:30:00+0200,0.0,MW,FR,FR,forecast_solar_generation,Solar,2026-08-20T04:49:42Z
2026-08-20T04:48:34Z,2026-08-20T06:48:34+0200,a8c862e9-3667-4aca-b3d4-061a7f73b92e,2026-07-23T23:45:00Z,2026-07-24T01:45:00+0200,0.0,MW,FR,FR,forecast_solar_generation,Solar,2026-08-20T04:49:42Z
2026-08-20T04:48:34Z,2026-08-20T06:48:34+0200,a8c862e9-3667-4aca-b3d4-061a7f73b92e,2026-07-24T00:00:00Z,2026-07-24T02:00:00+0200,0.0,MW,FR,FR,forecast_solar_generation,Solar,2026-08-20T04:49:42Z
2026-08-20T04:48:34Z,2026-08-20T06:48:34+0200,a8c862e9-3667-4aca-b3d4-061a7f73b92e,2026-07-24T00:15:00Z,2026-07-24T02:15:00+0200,0.0,MW,FR,FR,forecast_solar_generation,Solar,2026-08-20T04:49:42Z
2026-08-20T04:48:34Z,2026-08-20T06:48:34+0200,a8c862e9-3667-4aca-b3d4-061a7f73b92e,2026-07-24T00:30:00Z,2026-07-24T02:30:00+0200,0.0,MW,FR,FR,forecast_solar_generation,Solar,2026-08-20T04:49:42Z
2026-08-20T04:48:34Z,2026-08-20T06:48:34+0200,a8c862e9-3667-4aca-b3d4-061a7f73b92e,2026-07-24T00:45:00Z,2026-07-24T02:45:00+0200,0.0,MW,FR,FR,forecast_solar_generation,Solar,2026-08-20T04:49:42Z
2026-08-20T04:48:34Z,2026-08-20T06:48:34+0200,a8c862e9-3667-4aca-b3d4-061a7f73b92e,2026-07-24T01:00:00Z,2026-07-24T03:00:00+0200,0.0,MW,FR,FR,forecast_solar_generation,Solar,2026-08-20T04:49:42Z
2026-08-20T04:48:34Z,2026-08-20T06:48:34+0200,a8c862e9-3667-4aca-b3d4-061a7f73b92e,2026-07-24T01:15:00Z,2026-07-24T03:15:00+0200,0.0,MW,FR,FR,forecast_solar_generation,Solar,2026-08-20T04:49:42Z
2026-08-20T04:48:34Z,2026-08-20T06:48:34+0200,a8c862e9-3667-4aca-b3d4-061a7f73b92e,2026-07-24T01:30:00Z,2026-07-24T03:30:00+0200,0.0,MW,FR,FR,forecast_solar_generation,Solar,2026-08-20T04:49:42Z
2026-08-20T04:48:34Z,2026-08-20T06:48:34+0200,a8c862e9-3667-4aca-b3d4-061a7f73b92e,2026-07-24T01:45:00Z,2026-07-24T03:45:00+0200,0.0,MW,FR,FR,forecast_solar_generation,Solar,2026-08-20T04:49:42Z
2026-08-20T04:48:34Z,2026-08-20T06:48:34+0200,a8c862e9-3667-4aca-b3d4-061a7f73b92e,2026-07-24T02:00:00Z,2026-07-24T04:00:00+0200,0.0,MW,FR,FR,forecast_solar_generation,Solar,2026-08-20T04:49:42Z
2026-08-20T04:48:34Z,2026-08-20T06:48:34+0200,a8c862e9-3667-4aca-b3d4-061a7f73b92e,2026-07-24T02:15:00Z,2026-07-24T04:15:00+0200,0.0,MW,FR,FR,forecast_solar_generation,Solar,2026-08-20T04:49:42Z
2026-08-20T04:48:34Z,2026-08-20T06:48:34+0200,a8c862e9-3667-4aca-b3d4-061a7f73b92e,2026-07-24T02:30:00Z,2026-07-24T04:30:00+0200,0.0,MW,FR,FR,forecast_solar_generation,Solar,2026-08-20T04:49:42Z
2026-08-20T04:48:34Z,2026-08-20T06:48:34+0200,a8c862e9-3667-4aca-b3d4-061a7f73b92e,2026-07-24T02:45:00Z,2026-07-24T04:45:00+0200,0.0,MW,FR,FR,forecast_solar_generation,Solar,2026-08-20T04:49:42Z
2026-08-20T04:48:34Z,2026-08-20T06:48:34+0200,a8c862e9-3667-4aca-b3d4-061a7f73b92e,2026-07-24T03:00:00Z,2026-07-24T05:00:00+0200,0.0,MW,FR,FR,forecast_solar_generation,Solar,2026-08-20T04:49:42Z
2026-08-20T04:48:34Z,2026-08-20T06:48:34+0200,a8c862e9-3667-4aca-b3d4-061a7f73b92e,2026-07-24T03:15:00Z,2026-07-24T05:15:00+0200,0.0,MW,FR,FR,forecast_solar_generation,Solar,2026-08-20T04:49:42Z
2026-08-20T04:48:34Z,2026-08-20T06:48:34+0200,a8c862e9-3667-4aca-b3d4-061a7f73b92e,2026-07-24T03:30:00Z,2026-07-24T05:30:00+0200,0.0,MW,FR,FR,forecast_solar_generation,Solar,2026-08-20T04:49:42Z
2026-08-20T04:48:34Z,2026-08-20T06:48:34+0200,a8c862e9-3667-4aca-b3d4-061a7f73b92e,2026-07-24T03:45:00Z,2026-07-24T05:45:00+0200,0.0,MW,FR,FR,forecast_solar_generation,Solar,2026-08-20T04:49:42Z
2026-08-20T04:48:34Z,2026-08-20T06:48:34+0200,a8c862e9-3667-4aca-b3d4-061a7f73b92e,2026-07-24T04:00:00Z,2026-07-24T06:00:00+0200,8.46891,MW,FR,FR,forecast_solar_generation,Solar,2026-08-20T04:49:42Z
2026-08-20T04:48:34Z,2026-08-20T06:48:34+0200,a8c862e9-3667-4aca-b3d4-061a7f73b92e,2026-07-24T04:15:00Z,2026-07-24T06:15:00+0200,38.43801,MW,FR,FR,forecast_solar_generation,Solar,2026-08-20T04:49:42Z
2026-08-20T04:48:34Z,2026-08-20T06:48:34+0200,a8c862e9-3667-4aca-b3d4-061a7f73b92e,2026-07-24T04:30:00Z,2026-07-24T06:30:00+0200,104.48954,MW,FR,FR,forecast_solar_generation,Solar,2026-08-20T04:49:42Z
2026-08-20T04:48:34Z,2026-08-20T06:48:34+0200,a8c862e9-3667-4aca-b3d4-061a7f73b92e,2026-07-24T04:45:00Z,2026-07-24T06:45:00+0200,323.53073,MW,FR,FR,forecast_solar_generation,Solar,2026-08-20T04:49:42Z
2026-08-20T04:48:34Z,2026-08-20T06:48:34+0200,a8c862e9-3667-4aca-b3d4-061a7f73b92e,2026-07-24T05:00:00Z,2026-07-24T07:00:00+0200,664.698,MW,FR,FR,forecast_solar_generation,Solar,2026-08-20T04:49:42Z
2026-08-20T04:48:34Z,2026-08-20T06:48:34+0200,a8c862e9-3667-4aca-b3d4-061a7f73b92e,2026-07-24T05:15:00Z,2026-07-24T07:15:00+0200,1052.55249,MW,FR,FR,forecast_solar_generation,Solar,2026-08-20T04:49:42Z
2026-08-20T04:48:34Z,2026-08-20T06:48:34+0200,a8c862e9-3667-4aca-b3d4-061a7f73b92e,2026-07-24T05:30:00Z,2026-07-24T07:30:00+0200,1535.90649,MW,FR,FR,forecast_solar_generation,Solar,2026-08-20T04:49:42Z
2026-08-20T04:48:34Z,2026-08-20T06:48:34+0200,a8c862e9-3667-4aca-b3d4-061a7f73b92e,2026-07-24T05:45:00Z,2026-07-24T07:45:00+0200,2309.21436,MW,FR,FR,forecast_solar_generation,Solar,2026-08-20T04:49:42Z
2026-08-20T04:48:34Z,2026-08-20T06:48:34+0200,a8c862e9-3667-4aca-b3d4-061a7f73b92e,2026-07-24T06:00:00Z,2026-07-24T08:00:00+0200,3226.05371,MW,FR,FR,forecast_solar_generation,Solar,2026-08-20T04:49:42Z
2026-08-20T04:48:34Z,2026-08-20T06:48:34+0200,a8c862e9-3667-4aca-b3d4-061a7f73b92e,2026-07-24T06:15:00Z,2026-07-24T08:15:00+0200,4313.5249,MW,FR,FR,forecast_solar_generation,Solar,2026-08-20T04:49:42Z
2026-08-20T04:48:34Z,2026-08-20T06:48:34+0200,a8c862e9-3667-4aca-b3d4-061a7f73b92e,2026-07-24T06:30:00Z,2026-07-24T08:30:00+0200,5336.95215,MW,FR,FR,forecast_solar_generation,Solar,2026-08-20T04:49:42Z
2026-08-20T04:48:34Z,2026-08-20T06:48:34+0200,a8c862e9-3667-4aca-b3d4-061a7f73b92e,2026-07-24T06:45:00Z,2026-07-24T08:45:00+0200,6749.56055,MW,FR,FR,forecast_solar_generation,Solar,2026-08-20T04:49:42Z
2026-08-20T04:48:34Z,2026-08-20T06:48:34+0200,a8c862e9-3667-4aca-b3d4-061a7f73b92e,2026-07-24T07:00:00Z,2026-07-24T09:00:00+0200,7924.29248,MW,FR,FR,forecast_solar_generation,Solar,2026-08-20T04:49:42Z
2026-08-20T04:48:34Z,2026-08-20T06:48:34+0200,a8c862e9-3667-4aca-b3d4-061a7f73b92e,2026-07-24T07:15:00Z,2026-07-24T09:15:00+0200,9327.08203,MW,FR,FR,forecast_solar_generation,Solar,2026-08-20T04:49:42Z
2026-08-20T04:48:34Z,2026-08-20T06:48:34+0200,a8c862e9-3667-4aca-b3d4-061a7f73b92e,2026-07-24T07:30:00Z,2026-07-24T09:30:00+0200,10497.58398,MW,FR,FR,forecast_solar_generation,Solar,2026-08-20T04:49:42Z
2026-08-20T04:48:34Z,2026-08-20T06:48:34+0200,a8c862e9-3667-4aca-b3d4-061a7f73b92e,2026-07-24T07:45:00Z,2026-07-24T09:45:00+0200,11766.98535,MW,FR,FR,forecast_solar_generation,Solar,2026-08-20T04:49:42Z
2026-08-20T04:48:34Z,2026-08-20T06:48:34+0200,a8c862e9-3667-4aca-b3d4-061a7f73b92e,2026-07-24T08:00:00Z,2026-07-24T10:00:00+0200,12927.45117,MW,FR,FR,forecast_solar_generation,Solar,2026-08-20T04:49:42Z
2026-08-20T04:48:34Z,2026-08-20T06:48:34+0200,a8c862e9-3667-4aca-b3d4-061a7f73b92e,2026-07-24T08:15:00Z,2026-07-24T10:15:00+0200,14139.90918,MW,FR,FR,forecast_solar_generation,Solar,2026-08-20T04:49:42Z
2026-08-20T04:48:34Z,2026-08-20T06:48:34+0200,a8c862e9-3667-4aca-b3d4-061a7f73b92e,2026-07-24T08:30:00Z,2026-07-24T10:30:00+0200,15156.71191,MW,FR,FR,forecast_solar_generation,Solar,2026-08-20T04:49:42Z
2026-08-20T04:48:34Z,2026-08-20T06:48:34+0200,a8c862e9-3667-4aca-b3d4-061a7f73b92e,2026-07-24T08:45:00Z,2026-07-24T10:45:00+0200,16064.39844,MW,FR,FR,forecast_solar_generation,Solar,2026-08-20T04:49:42Z
2026-08-20T04:48:34Z,2026-08-20T06:48:34+0200,a8c862e9-3667-4aca-b3d4-061a7f73b92e,2026-07-24T09:00:00Z,2026-07-24T11:00:00+0200,16863.52344,MW,FR,FR,forecast_solar_generation,Solar,2026-08-20T04:49:42Z
2026-08-20T04:48:34Z,2026-08-20T06:48:34+0200,a8c862e9-3667-4aca-b3d4-061a7f73b92e,2026-07-24T09:15:00Z,2026-07-24T11:15:00+0200,17680.42578,MW,FR,FR,forecast_solar_generation,Solar,2026-08-20T04:49:42Z
2026-08-20T04:48:34Z,2026-08-20T06:48:34+0200,a8c862e9-3667-4aca-b3d4-061a7f73b92e,2026-07-24T09:30:00Z,2026-07-24T11:30:00+0200,18421.38672,MW,FR,FR,forecast_solar_generation,Solar,2026-08-20T04:49:42Z
2026-08-20T04:48:34Z,2026-08-20T06:48:34+0200,a8c862e9-3667-4aca-b3d4-061a7f73b92e,2026-07-24T09:45:00Z,2026-07-24T11:45:00+0200,19063.42383,MW,FR,FR,forecast_solar_generation,Solar,2026-08-20T04:49:42Z
2026-08-20T04:48:34Z,2026-08-20T06:48:34+0200,a8c862e9-3667-4aca-b3d4-061a7f73b92e,2026-07-24T10:00:00Z,2026-07-24T12:00:00+0200,19587.4043,MW,FR,FR,forecast_solar_generation,Solar,2026-08-20T04:49:42Z
2026-08-20T04:48:34Z,2026-08-20T06:48:34+0200,a8c862e9-3667-4aca-b3d4-061a7f73b92e,2026-07-24T10:15:00Z,2026-07-24T12:15:00+0200,20096.62891,MW,FR,FR,forecast_solar_generation,Solar,2026-08-20T04:49:42Z
2026-08-20T04:48:34Z,2026-08-20T06:48:34+0200,a8c862e9-3667-4aca-b3d4-061a7f73b92e,2026-07-24T10:30:00Z,2026-07-24T12:30:00+0200,20527.01172,MW,FR,FR,forecast_solar_generation,Solar,2026-08-20T04:49:42Z
2026-08-20T04:48:34Z,2026-08-20T06:48:34+0200,a8c862e9-3667-4aca-b3d4-061a7f73b92e,2026-07-24T10:45:00Z,2026-07-24T12:45:00+0200,20777.51172,MW,FR,FR,forecast_solar_generation,Solar,2026-08-20T04:49:42Z
2026-08-20T04:48:34Z,2026-08-20T06:48:34+0200,a8c862e9-3667-4aca-b3d4-061a7f73b92e,2026-07-24T11:00:00Z,2026-07-24T13:00:00+0200,21031.77539,MW,FR,FR,forecast_solar_generation,Solar,2026-08-20T04:49:42Z
2026-08-20T04:48:34Z,2026-08-20T06:48:34+0200,a8c862e9-3667-4aca-b3d4-061a7f73b92e,2026-07-24T11:15:00Z,2026-07-24T13:15:00+0200,21182.80664,MW,FR,FR,forecast_solar_generation,Solar,2026-08-20T04:49:42Z
2026-08-20T04:48:34Z,2026-08-20T06:48:34+0200,a8c862e9-3667-4aca-b3d4-061a7f73b92e,2026-07-24T11:30:00Z,2026-07-24T13:30:00+0200,21324.84961,MW,FR,FR,forecast_solar_generation,Solar,2026-08-20T04:49:42Z
2026-08-20T04:48:34Z,2026-08-20T06:48:34+0200,a8c862e9-3667-4aca-b3d4-061a7f73b92e,2026-07-24T11:45:00Z,2026-07-24T13:45:00+0200,21355.28125,MW,FR,FR,forecast_solar_generation,Solar,2026-08-20T04:49:42Z
2026-08-20T04:48:34Z,2026-08-20T06:48:34+0200,a8c862e9-3667-4aca-b3d4-061a7f73b92e,2026-07-24T12:00:00Z,2026-07-24T14:00:00+0200,21364.13672,MW,FR,FR,forecast_solar_generation,Solar,2026-08-20T04:49:42Z
2026-08-20T04:48:34Z,2026-08-20T06:48:34+0200,a8c862e9-3667-4aca-b3d4-061a7f73b92e,2026-07-24T12:15:00Z,2026-07-24T14:15:00+0200,21295.26953,MW,FR,FR,forecast_solar_generation,Solar,2026-08-20T04:49:42Z
2026-08-20T04:48:34Z,2026-08-20T06:48:34+0200,a8c862e9-3667-4aca-b3d4-061a7f73b92e,2026-07-24T12:30:00Z,2026-07-24T14:30:00+0200,21215.22266,MW,FR,FR,forecast_solar_generation,Solar,2026-08-20T04:49:42Z
2026-08-20T04:48:34Z,2026-08-20T06:48:34+0200,a8c862e9-3667-4aca-b3d4-061a7f73b92e,2026-07-24T12:45:00Z,2026-07-24T14:45:00+0200,21097.58008,MW,FR,FR,forecast_solar_generation,Solar,2026-08-20T04:49:42Z
2026-08-20T04:48:34Z,2026-08-20T06:48:34+0200,a8c862e9-3667-4aca-b3d4-061a7f73b92e,2026-07-24T13:00:00Z,2026-07-24T15:00:00+0200,20909.2168,MW,FR,FR,forecast_solar_generation,Solar,2026-08-20T04:49:42Z
2026-08-20T04:48:34Z,2026-08-20T06:48:34+0200,a8c862e9-3667-4aca-b3d4-061a7f73b92e,2026-07-24T13:15:00Z,2026-07-24T15:15:00+0200,20630.08398,MW,FR,FR,forecast_solar_generation,Solar,2026-08-20T04:49:42Z
2026-08-20T04:48:34Z,2026-08-20T06:48:34+0200,a8c862e9-3667-4aca-b3d4-061a7f73b92e,2026-07-24T13:30:00Z,2026-07-24T15:30:00+0200,20281.21484,MW,FR,FR,forecast_solar_generation,Solar,2026-08-20T04:49:42Z
2026-08-20T04:48:34Z,2026-08-20T06:48:34+0200,a8c862e9-3667-4aca-b3d4-061a7f73b92e,2026-07-24T13:45:00Z,2026-07-24T15:45:00+0200,19801.68164,MW,FR,FR,forecast_solar_generation,Solar,2026-08-20T04:49:42Z
2026-08-20T04:48:34Z,2026-08-20T06:48:34+0200,a8c862e9-3667-4aca-b3d4-061a7f73b92e,2026-07-24T14:00:00Z,2026-07-24T16:00:00+0200,19269.43945,MW,FR,FR,forecast_solar_generation,Solar,2026-08-20T04:49:42Z
2026-08-20T04:48:34Z,2026-08-20T06:48:34+0200,a8c862e9-3667-4aca-b3d4-061a7f73b92e,2026-07-24T14:15:00Z,2026-07-24T16:15:00+0200,18718.72656,MW,FR,FR,forecast_solar_generation,Solar,2026-08-20T04:49:42Z
2026-08-20T04:48:34Z,2026-08-20T06:48:34+0200,a8c862e9-3667-4aca-b3d4-061a7f73b92e,2026-07-24T14:30:00Z,2026-07-24T16:30:00+0200,18040.7832,MW,FR,FR,forecast_solar_generation,Solar,2026-08-20T04:49:42Z
2026-08-20T04:48:34Z,2026-08-20T06:48:34+0200,a8c862e9-3667-4aca-b3d4-061a7f73b92e,2026-07-24T14:45:00Z,2026-07-24T16:45:00+0200,17230.57617,MW,FR,FR,forecast_solar_generation,Solar,2026-08-20T04:49:42Z
2026-08-20T04:48:34Z,2026-08-20T06:48:34+0200,a8c862e9-3667-4aca-b3d4-061a7f73b92e,2026-07-24T15:00:00Z,2026-07-24T17:00:00+0200,16481.07422,MW,FR,FR,forecast_solar_generation,Solar,2026-08-20T04:49:42Z
2026-08-20T04:48:34Z,2026-08-20T06:48:34+0200,a8c862e9-3667-4aca-b3d4-061a7f73b92e,2026-07-24T15:15:00Z,2026-07-24T17:15:00+0200,15664.39258,MW,FR,FR,forecast_solar_generation,Solar,2026-08-20T04:49:42Z
2026-08-20T04:48:34Z,2026-08-20T06:48:34+0200,a8c862e9-3667-4aca-b3d4-061a7f73b92e,2026-07-24T15:30:00Z,2026-07-24T17:30:00+0200,14753.68555,MW,FR,FR,forecast_solar_generation,Solar,2026-08-20T04:49:42Z
2026-08-20T04:48:34Z,2026-08-20T06:48:34+0200,a8c862e9-3667-4aca-b3d4-061a7f73b92e,2026-07-24T15:45:00Z,2026-07-24T17:45:00+0200,13796.19727,MW,FR,FR,forecast_solar_generation,Solar,2026-08-20T04:49:42Z
2026-08-20T04:48:34Z,2026-08-20T06:48:34+0200,a8c862e9-3667-4aca-b3d4-061a7f73b92e,2026-07-24T16:00:00Z,2026-07-24T18:00:00+0200,12705.24023,MW,FR,FR,forecast_solar_generation,Solar,2026-08-20T04:49:42Z
2026-08-20T04:48:34Z,2026-08-20T06:48:34+0200,a8c862e9-3667-4aca-b3d4-061a7f73b92e,2026-07-24T16:15:00Z,2026-07-24T18:15:00+0200,11571.66016,MW,FR,FR,forecast_solar_generation,Solar,2026-08-20T04:49:42Z
2026-08-20T04:48:34Z,2026-08-20T06:48:34+0200,a8c862e9-3667-4aca-b3d4-061a7f73b92e,2026-07-24T16:30:00Z,2026-07-24T18:30:00+0200,10385.12695,MW,FR,FR,forecast_solar_generation,Solar,2026-08-20T04:49:42Z
2026-08-20T04:48:34Z,2026-08-20T06:48:34+0200,a8c862e9-3667-4aca-b3d4-061a7f73b92e,2026-07-24T16:45:00Z,2026-07-24T18:45:00+0200,9230.02246,MW,FR,FR,forecast_solar_generation,Solar,2026-08-20T04:49:42Z
2026-08-20T04:48:34Z,2026-08-20T06:48:34+0200,a8c862e9-3667-4aca-b3d4-061a7f73b92e,2026-07-24T17:00:00Z,2026-07-24T19:00:00+0200,7900.75244,MW,FR,FR,forecast_solar_generation,Solar,2026-08-20T04:49:42Z
2026-08-20T04:48:34Z,2026-08-20T06:48:34+0200,a8c862e9-3667-4aca-b3d4-061a7f73b92e,2026-07-24T17:15:00Z,2026-07-24T19:15:00+0200,6733.79395,MW,FR,FR,forecast_solar_generation,Solar,2026-08-20T04:49:42Z
2026-08-20T04:48:34Z,2026-08-20T06:48:34+0200,a8c862e9-3667-4aca-b3d4-061a7f73b92e,2026-07-24T17:30:00Z,2026-07-24T19:30:00+0200,5418.17383,MW,FR,FR,forecast_solar_generation,Solar,2026-08-20T04:49:42Z
2026-08-20T04:48:34Z,2026-08-20T06:48:34+0200,a8c862e9-3667-4aca-b3d4-061a7f73b92e,2026-07-24T17:45:00Z,2026-07-24T19:45:00+0200,4456.77344,MW,FR,FR,forecast_solar_generation,Solar,2026-08-20T04:49:42Z
2026-08-20T04:48:34Z,2026-08-20T06:48:34+0200,a8c862e9-3667-4aca-b3d4-061a7f73b92e,2026-07-24T18:00:00Z,2026-07-24T20:00:00+0200,3324.71191,MW,FR,FR,forecast_solar_generation,Solar,2026-08-20T04:49:42Z
2026-08-20T04:48:34Z,2026-08-20T06:48:34+0200,a8c862e9-3667-4aca-b3d4-061a7f73b92e,2026-07-24T18:15:00Z,2026-07-24T20:15:00+0200,2436.28076,MW,FR,FR,forecast_solar_generation,Solar,2026-08-20T04:49:42Z
2026-08-20T04:48:34Z,2026-08-20T06:48:34+0200,a8c862e9-3667-4aca-b3d4-061a7f73b92e,2026-07-24T18:30:00Z,2026-07-24T20:30:00+0200,1655.64307,MW,FR,FR,forecast_solar_generation,Solar,2026-08-20T04:49:42Z
2026-08-20T04:48:34Z,2026-08-20T06:48:34+0200,a8c862e9-3667-4aca-b3d4-061a7f73b92e,2026-07-24T18:45:00Z,2026-07-24T20:45:00+0200,1167.64343,MW,FR,FR,forecast_solar_generation,Solar,2026-08-20T04:49:42Z
2026-08-20T04:48:34Z,2026-08-20T06:48:34+0200,a8c862e9-3667-4aca-b3d4-061a7f73b92e,2026-07-24T19:00:00Z,2026-07-24T21:00:00+0200,730.34778,MW,FR,FR,forecast_solar_generation,Solar,2026-08-20T04:49:42Z
2026-08-20T04:48:34Z,2026-08-20T06:48:34+0200,a8c862e9-3667-4aca-b3d4-061a7f73b92e,2026-07-24T19:15:00Z,2026-07-24T21:15:00+0200,316.00851,MW,FR,FR,forecast_solar_generation,Solar,2026-08-20T04:49:42Z
2026-08-20T04:48:34Z,2026-08-20T06:48:34+0200,a8c862e9-3667-4aca-b3d4-061a7f73b92e,2026-07-24T19:30:00Z,2026-07-24T21:30:00+0200,65.29653,MW,FR,FR,forecast_solar_generation,Solar,2026-08-20T04:49:42Z
2026-08-20T04:48:34Z,2026-08-20T06:48:34+0200,a8c862e9-3667-4aca-b3d4-061a7f73b92e,2026-07-24T19:45:00Z,2026-07-24T21:45:00+0200,6.69809,MW,FR,FR,forecast_solar_generation,Solar,2026-08-20T04:49:42Z
2026-08-20T04:48:34Z,2026-08-20T06:48:34+0200,a8c862e9-3667-4aca-b3d4-061a7f73b92e,2026-07-24T20:00:00Z,2026-07-24T22:00:00+0200,0.0,MW,FR,FR,forecast_solar_generation,Solar,2026-08-20T04:49:42Z
2026-08-20T04:48:34Z,2026-08-20T06:48:34+0200,a8c862e9-3667-4aca-b3d4-061a7f73b92e,2026-07-24T20:15:00Z,2026-07-24T22:15:00+0200,0.0,MW,FR,FR,forecast_solar_generation,Solar,2026-08-20T04:49:42Z
2026-08-20T04:48:34Z,2026-08-20T06:48:34+0200,a8c862e9-3667-4aca-b3d4-061a7f73b92e,2026-07-24T20:30:00Z,2026-07-24T22:30:00+0200,0.0,MW,FR,FR,forecast_solar_generation,Solar,2026-08-20T04:49:42Z
2026-08-20T04:48:34Z,2026-08-20T06:48:34+0200,a8c862e9-3667-4aca-b3d4-061a7f73b92e,2026-07-24T20:45:00Z,2026-07-24T22:45:00+0200,0.0,MW,FR,FR,forecast_solar_generation,Solar,2026-08-20T04:49:42Z
2026-08-20T04:48:34Z,2026-08-20T06:48:34+0200,a8c862e9-3667-4aca-b3d4-061a7f73b92e,2026-07-24T21:00:00Z,2026-07-24T23:00:00+0200,0.0,MW,FR,FR,forecast_solar_generation,Solar,2026-08-20T04:49:42Z
2026-08-20T04:48:34Z,2026-08-20T06:48:34+0200,a8c862e9-3667-4aca-b3d4-061a7f73b92e,2026-07-24T21:15:00Z,2026-07-24T23:15:00+0200,0.0,MW,FR,FR,forecast_solar_generation,Solar,2026-08-20T04:49:42Z
2026-08-20T04:48:34Z,2026-08-20T06:48:34+0200,a8c862e9-3667-4aca-b3d4-061a7f73b92e,2026-07-24T21:30:00Z,2026-07-24T23:30:00+0200,0.0,MW,FR,FR,forecast_solar_generation,Solar,2026-08-20T04:49:42Z
2026-08-20T04:48:34Z,2026-08-20T06:48:34+0200,a8c862e9-3667-4aca-b3d4-061a7f73b92e,2026-07-24T21:45:00Z,2026-07-24T23:45:00+0200,0.0,MW,FR,FR,forecast_solar_generation,Solar,2026-08-20T04:49:42Z
2026-08-20T04:48:34Z,2026-08-20T06:48:34+0200,a8c862e9-3667-4aca-b3d4-061a7f73b92e,2026-07-24T22:00:00Z,2026-07-25T00:00:00+0200,0.0,MW,FR,FR,forecast_solar_generation,Solar,2026-08-20T04:49:42Z
2026-08-20T04:48:34Z,2026-08-20T06:48:34+0200,a8c862e9-3667-4aca-b3d4-061a7f73b92e,2026-07-24T22:15:00Z,2026-07-25T00:15:00+0200,0.0,MW,FR,FR,forecast_solar_generation,Solar,2026-08-20T04:49:42Z
2026-08-20T04:48:34Z,2026-08-20T06:48:34+0200,a8c862e9-3667-4aca-b3d4-061a7f73b92e,2026-07-24T22:30:00Z,2026-07-25T00:30:00+0200,0.0,MW,FR,FR,forecast_solar_generation,Solar,2026-08-20T04:49:42Z
2026-08-20T04:48:34Z,2026-08-20T06:48:34+0200,a8c862e9-3667-4aca-b3d4-061a7f73b92e,2026-07-24T22:45:00Z,2026-07-25T00:45:00+0200,0.0,MW,FR,FR,forecast_solar_generation,Solar,2026-08-20T04:49:42Z
2026-08-20T04:48:34Z,2026-08-20T06:48:34+0200,a8c862e9-3667-4aca-b3d4-061a7f73b92e,2026-07-24T23:00:00Z,2026-07-25T01:00:00+0200,0.0,MW,FR,FR,forecast_solar_generation,Solar,2026-08-20T04:49:42Z
2026-08-20T04:48:34Z,2026-08-20T06:48:34+0200,a8c862e9-3667-4aca-b3d4-061a7f73b92e,2026-07-24T23:15:00Z,2026-07-25T01:15:00+0200,0.0,MW,FR,FR,forecast_solar_generation,Solar,2026-08-20T04:49:42Z
2026-08-20T04:48:34Z,2026-08-20T06:48:34+0200,a8c862e9-3667-4aca-b3d4-061a7f73b92e,2026-07-24T23:30:00Z,2026-07-25T01:30:00+0200,0.0,MW,FR,FR,forecast_solar_generation,Solar,2026-08-20T04:49:42Z
2026-08-20T04:48:34Z,2026-08-20T06:48:34+0200,a8c862e9-3667-4aca-b3d4-061a7f73b92e,2026-07-24T23:45:00Z,2026-07-25T01:45:00+0200,0.0,MW,FR,FR,forecast_solar_generation,Solar,2026-08-20T04:49:42Z
2026-08-20T04:48:34Z,2026-08-20T06:48:34+0200,a8c862e9-3667-4aca-b3d4-061a7f73b92e,2026-07-25T00:00:00Z,2026-07-25T02:00:00+0200,0.0,MW,FR,FR,forecast_solar_generation,Solar,2026-08-20T04:49:42Z
2026-08-20T04:48:34Z,2026-08-20T06:48:34+0200,a8c862e9-3667-4aca-b3d4-061a7f73b92e,2026-07-25T00:15:00Z,2026-07-25T02:15:00+0200,0.0,MW,FR,FR,forecast_solar_generation,Solar,2026-08-20T04:49:42Z
2026-08-20T04:48:34Z,2026-08-20T06:48:34+0200,a8c862e9-3667-4aca-b3d4-061a7f73b92e,2026-07-25T00:30:00Z,2026-07-25T02:30:00+0200,0.0,MW,FR,FR,forecast_solar_generation,Solar,2026-08-20T04:49:42Z
2026-08-20T04:48:34Z,2026-08-20T06:48:34+0200,a8c862e9-3667-4aca-b3d4-061a7f73b92e,2026-07-25T00:45:00Z,2026-07-25T02:45:00+0200,0.0,MW,FR,FR,forecast_solar_generation,Solar,2026-08-20T04:49:42Z
2026-08-20T04:48:34Z,2026-08-20T06:48:34+0200,a8c862e9-3667-4aca-b3d4-061a7f73b92e,2026-07-25T01:00:00Z,2026-07-25T03:00:00+0200,0.0,MW,FR,FR,forecast_solar_generation,Solar,2026-08-20T04:49:42Z
2026-08-20T04:48:34Z,2026-08-20T06:48:34+0200,a8c862e9-3667-4aca-b3d4-061a7f73b92e,2026-07-25T01:15:00Z,2026-07-25T03:15:00+0200,0.0,MW,FR,FR,forecast_solar_generation,Solar,2026-08-20T04:49:42Z
2026-08-20T04:48:34Z,2026-08-20T06:48:34+0200,a8c862e9-3667-4aca-b3d4-061a7f73b92e,2026-07-25T01:30:00Z,2026-07-25T03:30:00+0200,0.0,MW,FR,FR,forecast_solar_generation,Solar,2026-08-20T04:49:42Z
2026-08-20T04:48:34Z,2026-08-20T06:48:34+0200,a8c862e9-3667-4aca-b3d4-061a7f73b92e,2026-07-25T01:45:00Z,2026-07-25T03:45:00+0200,0.0,MW,FR,FR,forecast_solar_generation,Solar,2026-08-20T04:49:42Z
2026-08-20T04:48:34Z,2026-08-20T06:48:34+0200,a8c862e9-3667-4aca-b3d4-061a7f73b92e,2026-07-25T02:00:00Z,2026-07-25T04:00:00+0200,0.0,MW,FR,FR,forecast_solar_generation,Solar,2026-08-20T04:49:42Z
2026-08-20T04:48:34Z,2026-08-20T06:48:34+0200,a8c862e9-3667-4aca-b3d4-061a7f73b92e,2026-07-25T02:15:00Z,2026-07-25T04:15:00+0200,0.0,MW,FR,FR,forecast_solar_generation,Solar,2026-08-20T04:49:42Z
2026-08-20T04:48:34Z,2026-08-20T06:48:34+0200,a8c862e9-3667-4aca-b3d4-061a7f73b92e,2026-07-25T02:30:00Z,2026-07-25T04:30:00+0200,0.0,MW,FR,FR,forecast_solar_generation,Solar,2026-08-20T04:49:42Z
2026-08-20T04:48:34Z,2026-08-20T06:48:34+0200,a8c862e9-3667-4aca-b3d4-061a7f73b92e,2026-07-25T02:45:00Z,2026-07-25T04:45:00+0200,0.0,MW,FR,FR,forecast_solar_generation,Solar,2026-08-20T04:49:42Z
2026-08-20T04:48:34Z,2026-08-20T06:48:34+0200,a8c862e9-3667-4aca-b3d4-061a7f73b92e,2026-07-25T03:00:00Z,2026-07-25T05:00:00+0200,0.0,MW,FR,FR,forecast_solar_generation,Solar,2026-08-20T04:49:42Z
2026-08-20T04:48:34Z,2026-08-20T06:48:34+0200,a8c862e9-3667-4aca-b3d4-061a7f73b92e,2026-07-25T03:15:00Z,2026-07-25T05:15:00+0200,0.0,MW,FR,FR,forecast_solar_generation,Solar,2026-08-20T04:49:42Z
2026-08-20T04:48:34Z,2026-08-20T06:48:34+0200,a8c862e9-3667-4aca-b3d4-061a7f73b92e,2026-07-25T03:30:00Z,2026-07-25T05:30:00+0200,0.0,MW,FR,FR,forecast_solar_generation,Solar,2026-08-20T04:49:42Z
2026-08-20T04:48:34Z,2026-08-20T06:48:34+0200,a8c862e9-3667-4aca-b3d4-061a7f73b92e,2026-07-25T03:45:00Z,2026-07-25T05:45:00+0200,0.0,MW,FR,FR,forecast_solar_generation,Solar,2026-08-20T04:49:42Z
2026-08-20T04:48:34Z,2026-08-20T06:48:34+0200,a8c862e9-3667-4aca-b3d4-061a7f73b92e,2026-07-25T04:00:00Z,2026-07-25T06:00:00+0200,7.59737,MW,FR,FR,forecast_solar_generation,Solar,2026-08-20T04:49:42Z
2026-08-20T04:48:34Z,2026-08-20T06:48:34+0200,a8c862e9-3667-4aca-b3d4-061a7f73b92e,2026-07-25T04:15:00Z,2026-07-25T06:15:00+0200,36.30123,MW,FR,FR,forecast_solar_generation,Solar,2026-08-20T04:49:42Z
2026-08-20T04:48:34Z,2026-08-20T06:48:34+0200,a8c862e9-3667-4aca-b3d4-061a7f73b92e,2026-07-25T04:30:00Z,2026-07-25T06:30:00+0200,107.37433,MW,FR,FR,forecast_solar_generation,Solar,2026-08-20T04:49:42Z
2026-08-20T04:48:34Z,2026-08-20T06:48:34+0200,a8c862e9-3667-4aca-b3d4-061a7f73b92e,2026-07-25T04:45:00Z,2026-07-25T06:45:00+0200,287.81714,MW,FR,FR,forecast_solar_generation,Solar,2026-08-20T04:49:42Z
2026-08-20T04:48:34Z,2026-08-20T06:48:34+0200,a8c862e9-3667-4aca-b3d4-061a7f73b92e,2026-07-25T05:00:00Z,2026-07-25T07:00:00+0200,570.34387,MW,FR,FR,forecast_solar_generation,Solar,2026-08-20T04:49:42Z
2026-08-20T04:48:34Z,2026-08-20T06:48:34+0200,a8c862e9-3667-4aca-b3d4-061a7f73b92e,2026-07-25T05:15:00Z,2026-07-25T07:15:00+0200,912.37805,MW,FR,FR,forecast_solar_generation,Solar,2026-08-20T04:49:42Z
2026-08-20T04:48:34Z,2026-08-20T06:48:34+0200,a8c862e9-3667-4aca-b3d4-061a7f73b92e,2026-07-25T05:30:00Z,2026-07-25T07:30:00+0200,1338.23401,MW,FR,FR,forecast_solar_generation,Solar,2026-08-20T04:49:42Z
2026-08-20T04:48:34Z,2026-08-20T06:48:34+0200,a8c862e9-3667-4aca-b3d4-061a7f73b92e,2026-07-25T05:45:00Z,2026-07-25T07:45:00+0200,1967.17456,MW,FR,FR,forecast_solar_generation,Solar,2026-08-20T04:49:42Z
2026-08-20T04:48:34Z,2026-08-20T06:48:34+0200,a8c862e9-3667-4aca-b3d4-061a7f73b92e,2026-07-25T06:00:00Z,2026-07-25T08:00:00+0200,2720.29956,MW,FR,FR,forecast_solar_generation,Solar,2026-08-20T04:49:42Z
2026-08-20T04:48:34Z,2026-08-20T06:48:34+0200,a8c862e9-3667-4aca-b3d4-061a7f73b92e,2026-07-25T06:15:00Z,2026-07-25T08:15:00+0200,3621.83569,MW,FR,FR,forecast_solar_generation,Solar,2026-08-20T04:49:42Z
2026-08-20T04:48:34Z,2026-08-20T06:48:34+0200,a8c862e9-3667-4aca-b3d4-061a7f73b92e,2026-07-25T06:30:00Z,2026-07-25T08:30:00+0200,4447.31689,MW,FR,FR,forecast_solar_generation,Solar,2026-08-20T04:49:42Z
2026-08-20T04:48:34Z,2026-08-20T06:48:34+0200,a8c862e9-3667-4aca-b3d4-061a7f73b92e,2026-07-25T06:45:00Z,2026-07-25T08:45:00+0200,5530.45215,MW,FR,FR,forecast_solar_generation,Solar,2026-08-20T04:49:42Z
2026-08-20T04:48:34Z,2026-08-20T06:48:34+0200,a8c862e9-3667-4aca-b3d4-061a7f73b92e,2026-07-25T07:00:00Z,2026-07-25T09:00:00+0200,6463.32031,MW,FR,FR,forecast_solar_generation,Solar,2026-08-20T04:49:42Z
2026-08-20T04:48:34Z,2026-08-20T06:48:34+0200,a8c862e9-3667-4aca-b3d4-061a7f73b92e,2026-07-25T07:15:00Z,2026-07-25T09:15:00+0200,7599.75391,MW,FR,FR,forecast_solar_generation,Solar,2026-08-20T04:49:42Z
2026-08-20T04:48:34Z,2026-08-20T06:48:34+0200,a8c862e9-3667-4aca-b3d4-061a7f73b92e,2026-07-25T07:30:00Z,2026-07-25T09:30:00+0200,8576.68945,MW,FR,FR,forecast_solar_generation,Solar,2026-08-20T04:49:42Z
2026-08-20T04:48:34Z,2026-08-20T06:48:34+0200,a8c862e9-3667-4aca-b3d4-061a7f73b92e,2026-07-25T07:45:00Z,2026-07-25T09:45:00+0200,9612.97852,MW,FR,FR,forecast_solar_generation,Solar,2026-08-20T04:49:42Z
2026-08-20T04:48:34Z,2026-08-20T06:48:34+0200,a8c862e9-3667-4aca-b3d4-061a7f73b92e,2026-07-25T08:00:00Z,2026-07-25T10:00:00+0200,10584.05469,MW,FR,FR,forecast_solar_generation,Solar,2026-08-20T04:49:42Z
2026-08-20T04:48:34Z,2026-08-20T06:48:34+0200,a8c862e9-3667-4aca-b3d4-061a7f73b92e,2026-07-25T08:15:00Z,2026-07-25T10:15:00+0200,11712.28613,MW,FR,FR,forecast_solar_generation,Solar,2026-08-20T04:49:42Z
2026-08-20T04:48:34Z,2026-08-20T06:48:34+0200,a8c862e9-3667-4aca-b3d4-061a7f73b92e,2026-07-25T08:30:00Z,2026-07-25T10:30:00+0200,12623.62207,MW,FR,FR,forecast_solar_generation,Solar,2026-08-20T04:49:42Z
2026-08-20T04:48:34Z,2026-08-20T06:48:34+0200,a8c862e9-3667-4aca-b3d4-061a7f73b92e,2026-07-25T08:45:00Z,2026-07-25T10:45:00+0200,13510.9834,MW,FR,FR,forecast_solar_generation,Solar,2026-08-20T04:49:42Z
2026-08-20T04:48:34Z,2026-08-20T06:48:34+0200,a8c862e9-3667-4aca-b3d4-061a7f73b92e,2026-07-25T09:00:00Z,2026-07-25T11:00:00+0200,14331.99512,MW,FR,FR,forecast_solar_generation,Solar,2026-08-20T04:49:42Z
2026-08-20T04:48:34Z,2026-08-20T06:48:34+0200,a8c862e9-3667-4aca-b3d4-061a7f73b92e,2026-07-25T09:15:00Z,2026-07-25T11:15:00+0200,15241.05371,MW,FR,FR,forecast_solar_generation,Solar,2026-08-20T04:49:42Z
2026-08-20T04:48:34Z,2026-08-20T06:48:34+0200,a8c862e9-3667-4aca-b3d4-061a7f73b92e,2026-07-25T09:30:00Z,2026-07-25T11:30:00+0200,15966.20117,MW,FR,FR,forecast_solar_generation,Solar,2026-08-20T04:49:42Z
2026-08-20T04:48:34Z,2026-08-20T06:48:34+0200,a8c862e9-3667-4aca-b3d4-061a7f73b92e,2026-07-25T09:45:00Z,2026-07-25T11:45:00+0200,16626.98242,MW,FR,FR,forecast_solar_generation,Solar,2026-08-20T04:49:42Z
2026-08-20T04:48:34Z,2026-08-20T06:48:34+0200,a8c862e9-3667-4aca-b3d4-061a7f73b92e,2026-07-25T10:00:00Z,2026-07-25T12:00:00+0200,17190.06641,MW,FR,FR,forecast_solar_generation,Solar,2026-08-20T04:49:42Z
2026-08-20T04:48:34Z,2026-08-20T06:48:34+0200,a8c862e9-3667-4aca-b3d4-061a7f73b92e,2026-07-25T10:15:00Z,2026-07-25T12:15:00+0200,17735.19727,MW,FR,FR,forecast_solar_generation,Solar,2026-08-20T04:49:42Z
2026-08-20T04:48:34Z,2026-08-20T06:48:34+0200,a8c862e9-3667-4aca-b3d4-061a7f73b92e,2026-07-25T10:30:00Z,2026-07-25T12:30:00+0200,18222.44531,MW,FR,FR,forecast_solar_generation,Solar,2026-08-20T04:49:42Z
2026-08-20T04:48:34Z,2026-08-20T06:48:34+0200,a8c862e9-3667-4aca-b3d4-061a7f73b92e,2026-07-25T10:45:00Z,2026-07-25T12:45:00+0200,18459.98828,MW,FR,FR,forecast_solar_generation,Solar,2026-08-20T04:49:42Z
2026-08-20T04:48:34Z,2026-08-20T06:48:34+0200,a8c862e9-3667-4aca-b3d4-061a7f73b92e,2026-07-25T11:00:00Z,2026-07-25T13:00:00+0200,18707.65039,MW,FR,FR,forecast_solar_generation,Solar,2026-08-20T04:49:42Z
2026-08-20T04:48:34Z,2026-08-20T06:48:34+0200,a8c862e9-3667-4aca-b3d4-061a7f73b92e,2026-07-25T11:15:00Z,2026-07-25T13:15:00+0200,18883.50586,MW,FR,FR,forecast_solar_generation,Solar,2026-08-20T04:49:42Z
2026-08-20T04:48:34Z,2026-08-20T06:48:34+0200,a8c862e9-3667-4aca-b3d4-061a7f73b92e,2026-07-25T11:30:00Z,2026-07-25T13:30:00+0200,19083.83008,MW,FR,FR,forecast_solar_generation,Solar,2026-08-20T04:49:42Z
2026-08-20T04:48:34Z,2026-08-20T06:48:34+0200,a8c862e9-3667-4aca-b3d4-061a7f73b92e,2026-07-25T11:45:00Z,2026-07-25T13:45:00+0200,19046.94141,MW,FR,FR,forecast_solar_generation,Solar,2026-08-20T04:49:42Z
2026-08-20T04:48:34Z,2026-08-20T06:48:34+0200,a8c862e9-3667-4aca-b3d4-061a7f73b92e,2026-07-25T12:00:00Z,2026-07-25T14:00:00+0200,19004.19922,MW,FR,FR,forecast_solar_generation,Solar,2026-08-20T04:49:42Z
2026-08-20T04:48:34Z,2026-08-20T06:48:34+0200,a8c862e9-3667-4aca-b3d4-061a7f73b92e,2026-07-25T12:15:00Z,2026-07-25T14:15:00+0200,18862.7207,MW,FR,FR,forecast_solar_generation,Solar,2026-08-20T04:49:42Z
2026-08-20T04:48:34Z,2026-08-20T06:48:34+0200,a8c862e9-3667-4aca-b3d4-061a7f73b92e,2026-07-25T12:30:00Z,2026-07-25T14:30:00+0200,18686.24805,MW,FR,FR,forecast_solar_generation,Solar,2026-08-20T04:49:42Z
2026-08-20T04:48:34Z,2026-08-20T06:48:34+0200,a8c862e9-3667-4aca-b3d4-061a7f73b92e,2026-07-25T12:45:00Z,2026-07-25T14:45:00+0200,18323.57031,MW,FR,FR,forecast_solar_generation,Solar,2026-08-20T04:49:42Z
2026-08-20T04:48:34Z,2026-08-20T06:48:34+0200,a8c862e9-3667-4aca-b3d4-061a7f73b92e,2026-07-25T13:00:00Z,2026-07-25T15:00:00+0200,17953.81641,MW,FR,FR,forecast_solar_generation,Solar,2026-08-20T04:49:42Z
2026-08-20T04:48:34Z,2026-08-20T06:48:34+0200,a8c862e9-3667-4aca-b3d4-061a7f73b92e,2026-07-25T13:15:00Z,2026-07-25T15:15:00+0200,17515.98047,MW,FR,FR,forecast_solar_generation,Solar,2026-08-20T04:49:42Z
2026-08-20T04:48:34Z,2026-08-20T06:48:34+0200,a8c862e9-3667-4aca-b3d4-061a7f73b92e,2026-07-25T13:30:00Z,2026-07-25T15:30:00+0200,17052.65039,MW,FR,FR,forecast_solar_generation,Solar,2026-08-20T04:49:42Z
2026-08-20T04:48:34Z,2026-08-20T06:48:34+0200,a8c862e9-3667-4aca-b3d4-061a7f73b92e,2026-07-25T13:45:00Z,2026-07-25T15:45:00+0200,16507.79102,MW,FR,FR,forecast_solar_generation,Solar,2026-08-20T04:49:42Z
2026-08-20T04:48:34Z,2026-08-20T06:48:34+0200,a8c862e9-3667-4aca-b3d4-061a7f73b92e,2026-07-25T14:00:00Z,2026-07-25T16:00:00+0200,15930.77441,MW,FR,FR,forecast_solar_generation,Solar,2026-08-20T04:49:42Z
2026-08-20T04:48:34Z,2026-08-20T06:48:34+0200,a8c862e9-3667-4aca-b3d4-061a7f73b92e,2026-07-25T14:15:00Z,2026-07-25T16:15:00+0200,15364.6416,MW,FR,FR,forecast_solar_generation,Solar,2026-08-20T04:49:42Z
2026-08-20T04:48:34Z,2026-08-20T06:48:34+0200,a8c862e9-3667-4aca-b3d4-061a7f73b92e,2026-07-25T14:30:00Z,2026-07-25T16:30:00+0200,14739.57227,MW,FR,FR,forecast_solar_generation,Solar,2026-08-20T04:49:42Z
2026-08-20T04:48:34Z,2026-08-20T06:48:34+0200,a8c862e9-3667-4aca-b3d4-061a7f73b92e,2026-07-25T14:45:00Z,2026-07-25T16:45:00+0200,14033.90332,MW,FR,FR,forecast_solar_generation,Solar,2026-08-20T04:49:42Z
2026-08-20T04:48:34Z,2026-08-20T06:48:34+0200,a8c862e9-3667-4aca-b3d4-061a7f73b92e,2026-07-25T15:00:00Z,2026-07-25T17:00:00+0200,13324.27734,MW,FR,FR,forecast_solar_generation,Solar,2026-08-20T04:49:42Z
2026-08-20T04:48:34Z,2026-08-20T06:48:34+0200,a8c862e9-3667-4aca-b3d4-061a7f73b92e,2026-07-25T15:15:00Z,2026-07-25T17:15:00+0200,12505.12695,MW,FR,FR,forecast_solar_generation,Solar,2026-08-20T04:49:42Z
2026-08-20T04:48:34Z,2026-08-20T06:48:34+0200,a8c862e9-3667-4aca-b3d4-061a7f73b92e,2026-07-25T15:30:00Z,2026-07-25T17:30:00+0200,11711.26465,MW,FR,FR,forecast_solar_generation,Solar,2026-08-20T04:49:42Z
2026-08-20T04:48:34Z,2026-08-20T06:48:34+0200,a8c862e9-3667-4aca-b3d4-061a7f73b92e,2026-07-25T15:45:00Z,2026-07-25T17:45:00+0200,10905.2959,MW,FR,FR,forecast_solar_generation,Solar,2026-08-20T04:49:42Z
2026-08-20T04:48:34Z,2026-08-20T06:48:34+0200,a8c862e9-3667-4aca-b3d4-061a7f73b92e,2026-07-25T16:00:00Z,2026-07-25T18:00:00+0200,10006.64844,MW,FR,FR,forecast_solar_generation,Solar,2026-08-20T04:49:42Z
2026-08-20T04:48:34Z,2026-08-20T06:48:34+0200,a8c862e9-3667-4aca-b3d4-061a7f73b92e,2026-07-25T16:15:00Z,2026-07-25T18:15:00+0200,9017.5,MW,FR,FR,forecast_solar_generation,Solar,2026-08-20T04:49:42Z
2026-08-20T04:48:34Z,2026-08-20T06:48:34+0200,a8c862e9-3667-4aca-b3d4-061a7f73b92e,2026-07-25T16:30:00Z,2026-07-25T18:30:00+0200,8161.7207,MW,FR,FR,forecast_solar_generation,Solar,2026-08-20T04:49:42Z
2026-08-20T04:48:34Z,2026-08-20T06:48:34+0200,a8c862e9-3667-4aca-b3d4-061a7f73b92e,2026-07-25T16:45:00Z,2026-07-25T18:45:00+0200,7341.60742,MW,FR,FR,forecast_solar_generation,Solar,2026-08-20T04:49:42Z
2026-08-20T04:48:34Z,2026-08-20T06:48:34+0200,a8c862e9-3667-4aca-b3d4-061a7f73b92e,2026-07-25T17:00:00Z,2026-07-25T19:00:00+0200,6240.5542,MW,FR,FR,forecast_solar_generation,Solar,2026-08-20T04:49:42Z
2026-08-20T04:48:34Z,2026-08-20T06:48:34+0200,a8c862e9-3667-4aca-b3d4-061a7f73b92e,2026-07-25T17:15:00Z,2026-07-25T19:15:00+0200,5421.83203,MW,FR,FR,forecast_solar_generation,Solar,2026-08-20T04:49:42Z
2026-08-20T04:48:34Z,2026-08-20T06:48:34+0200,a8c862e9-3667-4aca-b3d4-061a7f73b92e,2026-07-25T17:30:00Z,2026-07-25T19:30:00+0200,4401.4375,MW,FR,FR,forecast_solar_generation,Solar,2026-08-20T04:49:42Z
2026-08-20T04:48:34Z,2026-08-20T06:48:34+0200,a8c862e9-3667-4aca-b3d4-061a7f73b92e,2026-07-25T17:45:00Z,2026-07-25T19:45:00+0200,3645.82373,MW,FR,FR,forecast_solar_generation,Solar,2026-08-20T04:49:42Z
2026-08-20T04:48:34Z,2026-08-20T06:48:34+0200,a8c862e9-3667-4aca-b3d4-061a7f73b92e,2026-07-25T18:00:00Z,2026-07-25T20:00:00+0200,2805.67139,MW,FR,FR,forecast_solar_generation,Solar,2026-08-20T04:49:42Z
2026-08-20T04:48:34Z,2026-08-20T06:48:34+0200,a8c862e9-3667-4aca-b3d4-061a7f73b92e,2026-07-25T18:15:00Z,2026-07-25T20:15:00+0200,2100.4707,MW,FR,FR,forecast_solar_generation,Solar,2026-08-20T04:49:42Z
2026-08-20T04:48:34Z,2026-08-20T06:48:34+0200,a8c862e9-3667-4aca-b3d4-061a7f73b92e,2026-07-25T18:30:00Z,2026-07-25T20:30:00+0200,1463.8186,MW,FR,FR,forecast_solar_generation,Solar,2026-08-20T04:49:42Z
2026-08-20T04:48:34Z,2026-08-20T06:48:34+0200,a8c862e9-3667-4aca-b3d4-061a7f73b92e,2026-07-25T18:45:00Z,2026-07-25T20:45:00+0200,1034.20435,MW,FR,FR,forecast_solar_generation,Solar,2026-08-20T04:49:42Z
2026-08-20T04:48:34Z,2026-08-20T06:48:34+0200,a8c862e9-3667-4aca-b3d4-061a7f73b92e,2026-07-25T19:00:00Z,2026-07-25T21:00:00+0200,661.44104,MW,FR,FR,forecast_solar_generation,Solar,2026-08-20T04:49:42Z
2026-08-20T04:48:34Z,2026-08-20T06:48:34+0200,a8c862e9-3667-4aca-b3d4-061a7f73b92e,2026-07-25T19:15:00Z,2026-07-25T21:15:00+0200,299.02985,MW,FR,FR,forecast_solar_generation,Solar,2026-08-20T04:49:42Z
2026-08-20T04:48:34Z,2026-08-20T06:48:34+0200,a8c862e9-3667-4aca-b3d4-061a7f73b92e,2026-07-25T19:30:00Z,2026-07-25T21:30:00+0200,59.51387,MW,FR,FR,forecast_solar_generation,Solar,2026-08-20T04:49:42Z
2026-08-20T04:48:34Z,2026-08-20T06:48:34+0200,a8c862e9-3667-4aca-b3d4-061a7f73b92e,2026-07-25T19:45:00Z,2026-07-25T21:45:00+0200,5.91873,MW,FR,FR,forecast_solar_generation,Solar,2026-08-20T04:49:42Z
2026-08-20T04:48:34Z,2026-08-20T06:48:34+0200,a8c862e9-3667-4aca-b3d4-061a7f73b92e,2026-07-25T20:00:00Z,2026-07-25T22:00:00+0200,0.0,MW,FR,FR,forecast_solar_generation,Solar,2026-08-20T04:49:42Z
2026-08-20T04:48:34Z,2026-08-20T06:48:34+0200,a8c862e9-3667-4aca-b3d4-061a7f73b92e,2026-07-25T20:15:00Z,2026-07-25T22:15:00+0200,0.0,MW,FR,FR,forecast_solar_generation,Solar,2026-08-20T04:49:42Z
2026-08-20T04:48:34Z,2026-08-20T06:48:34+0200,a8c862e9-3667-4aca-b3d4-061a7f73b92e,2026-07-25T20:30:00Z,2026-07-25T22:30:00+0200,0.0,MW,FR,FR,forecast_solar_generation,Solar,2026-08-20T04:49:42Z
2026-08-20T04:48:34Z,2026-08-20T06:48:34+0200,a8c862e9-3667-4aca-b3d4-061a7f73b92e,2026-07-25T20:45:00Z,2026-07-25T22:45:00+0200,0.0,MW,FR,FR,forecast_solar_generation,Solar,2026-08-20T04:49:42Z
2026-08-20T04:48:34Z,2026-08-20T06:48:34+0200,a8c862e9-3667-4aca-b3d4-061a7f73b92e,2026-07-25T21:00:00Z,2026-07-25T23:00:00+0200,0.0,MW,FR,FR,forecast_solar_generation,Solar,2026-08-20T04:49:42Z
2026-08-20T04:48:34Z,2026-08-20T06:48:34+0200,a8c862e9-3667-4aca-b3d4-061a7f73b92e,2026-07-25T21:15:00Z,2026-07-25T23:15:00+0200,0.0,MW,FR,FR,forecast_solar_generation,Solar,2026-08-20T04:49:42Z
2026-08-20T04:48:34Z,2026-08-20T06:48:34+0200,a8c862e9-3667-4aca-b3d4-061a7f73b92e,2026-07-25T21:30:00Z,2026-07-25T23:30:00+0200,0.0,MW,FR,FR,forecast_solar_generation,Solar,2026-08-20T04:49:42Z
2026-08-20T04:48:34Z,2026-08-20T06:48:34+0200,a8c862e9-3667-4aca-b3d4-061a7f73b92e,2026-07-25T21:45:00Z,2026-07-25T23:45:00+0200,0.0,MW,FR,FR,forecast_solar_generation,Solar,2026-08-20T04:49:42Z
2026-08-20T04:48:34Z,2026-08-20T06:48:34+0200,a8c862e9-3667-4aca-b3d4-061a7f73b92e,2026-07-25T22:00:00Z,2026-07-26T00:00:00+0200,0.0,MW,FR,FR,forecast_solar_generation,Solar,2026-08-20T04:49:42Z
2026-08-20T04:48:34Z,2026-08-20T06:48:34+0200,a8c862e9-3667-4aca-b3d4-061a7f73b92e,2026-07-25T22:15:00Z,2026-07-26T00:15:00+0200,0.0,MW,FR,FR,forecast_solar_generation,Solar,2026-08-20T04:49:42Z
2026-08-20T04:48:34Z,2026-08-20T06:48:34+0200,a8c862e9-3667-4aca-b3d4-061a7f73b92e,2026-07-25T22:30:00Z,2026-07-26T00:30:00+0200,0.0,MW,FR,FR,forecast_solar_generation,Solar,2026-08-20T04:49:42Z
2026-08-20T04:48:34Z,2026-08-20T06:48:34+0200,a8c862e9-3667-4aca-b3d4-061a7f73b92e,2026-07-25T22:45:00Z,2026-07-26T00:45:00+0200,0.0,MW,FR,FR,forecast_solar_generation,Solar,2026-08-20T04:49:42Z
2026-08-20T04:48:34Z,2026-08-20T06:48:34+0200,a8c862e9-3667-4aca-b3d4-061a7f73b92e,2026-07-25T23:00:00Z,2026-07-26T01:00:00+0200,0.0,MW,FR,FR,forecast_solar_generation,Solar,2026-08-20T04:49:42Z
2026-08-20T04:48:34Z,2026-08-20T06:48:34+0200,a8c862e9-3667-4aca-b3d4-061a7f73b92e,2026-07-25T23:15:00Z,2026-07-26T01:15:00+0200,0.0,MW,FR,FR,forecast_solar_generation,Solar,2026-08-20T04:49:42Z
2026-08-20T04:48:34Z,2026-08-20T06:48:34+0200,a8c862e9-3667-4aca-b3d4-061a7f73b92e,2026-07-25T23:30:00Z,2026-07-26T01:30:00+0200,0.0,MW,FR,FR,forecast_solar_generation,Solar,2026-08-20T04:49:42Z
2026-08-20T04:48:34Z,2026-08-20T06:48:34+0200,a8c862e9-3667-4aca-b3d4-061a7f73b92e,2026-07-25T23:45:00Z,2026-07-26T01:45:00+0200,0.0,MW,FR,FR,forecast_solar_generation,Solar,2026-08-20T04:49:42Z
2026-08-20T04:48:34Z,2026-08-20T06:48:34+0200,a8c862e9-3667-4aca-b3d4-061a7f73b92e,2026-07-26T00:00:00Z,2026-07-26T02:00:00+0200,0.0,MW,FR,FR,forecast_solar_generation,Solar,2026-08-20T04:49:42Z
2026-08-20T04:48:34Z,2026-08-20T06:48:34+0200,a8c862e9-3667-4aca-b3d4-061a7f73b92e,2026-07-26T00:15:00Z,2026-07-26T02:15:00+0200,0.0,MW,FR,FR,forecast_solar_generation,Solar,2026-08-20T04:49:42Z
2026-08-20T04:48:34Z,2026-08-20T06:48:34+0200,a8c862e9-3667-4aca-b3d4-061a7f73b92e,2026-07-26T00:30:00Z,2026-07-26T02:30:00+0200,0.0,MW,FR,FR,forecast_solar_generation,Solar,2026-08-20T04:49:42Z
2026-08-20T04:48:34Z,2026-08-20T06:48:34+0200,a8c862e9-3667-4aca-b3d4-061a7f73b92e,2026-07-26T00:45:00Z,2026-07-26T02:45:00+0200,0.0,MW,FR,FR,forecast_solar_generation,Solar,2026-08-20T04:49:42Z
2026-08-20T04:48:34Z,2026-08-20T06:48:34+0200,a8c862e9-3667-4aca-b3d4-061a7f73b92e,2026-07-26T01:00:00Z,2026-07-26T03:00:00+0200,0.0,MW,FR,FR,forecast_solar_generation,Solar,2026-08-20T04:49:42Z
2026-08-20T04:48:34Z,2026-08-20T06:48:34+0200,a8c862e9-3667-4aca-b3d4-061a7f73b92e,2026-07-26T01:15:00Z,2026-07-26T03:15:00+0200,0.0,MW,FR,FR,forecast_solar_generation,Solar,2026-08-20T04:49:42Z
2026-08-20T04:48:34Z,2026-08-20T06:48:34+0200,a8c862e9-3667-4aca-b3d4-061a7f73b92e,2026-07-26T01:30:00Z,2026-07-26T03:30:00+0200,0.0,MW,FR,FR,forecast_solar_generation,Solar,2026-08-20T04:49:42Z
2026-08-20T04:48:34Z,2026-08-20T06:48:34+0200,a8c862e9-3667-4aca-b3d4-061a7f73b92e,2026-07-26T01:45:00Z,2026-07-26T03:45:00+0200,0.0,MW,FR,FR,forecast_solar_generation,Solar,2026-08-20T04:49:42Z
2026-08-20T04:48:34Z,2026-08-20T06:48:34+0200,a8c862e9-3667-4aca-b3d4-061a7f73b92e,2026-07-26T02:00:00Z,2026-07-26T04:00:00+0200,0.0,MW,FR,FR,forecast_solar_generation,Solar,2026-08-20T04:49:42Z
2026-08-20T04:48:34Z,2026-08-20T06:48:34+0200,a8c862e9-3667-4aca-b3d4-061a7f73b92e,2026-07-26T02:15:00Z,2026-07-26T04:15:00+0200,0.0,MW,FR,FR,forecast_solar_generation,Solar,2026-08-20T04:49:42Z
2026-08-20T04:48:34Z,2026-08-20T06:48:34+0200,a8c862e9-3667-4aca-b3d4-061a7f73b92e,2026-07-26T02:30:00Z,2026-07-26T04:30:00+0200,0.0,MW,FR,FR,forecast_solar_generation,Solar,2026-08-20T04:49:42Z
2026-08-20T04:48:34Z,2026-08-20T06:48:34+0200,a8c862e9-3667-4aca-b3d4-061a7f73b92e,2026-07-26T02:45:00Z,2026-07-26T04:45:00+0200,0.0,MW,FR,FR,forecast_solar_generation,Solar,2026-08-20T04:49:42Z
2026-08-20T04:48:34Z,2026-08-20T06:48:34+0200,a8c862e9-3667-4aca-b3d4-061a7f73b92e,2026-07-26T03:00:00Z,2026-07-26T05:00:00+0200,0.0,MW,FR,FR,forecast_solar_generation,Solar,2026-08-20T04:49:42Z
2026-08-20T04:48:34Z,2026-08-20T06:48:34+0200,a8c862e9-3667-4aca-b3d4-061a7f73b92e,2026-07-26T03:15:00Z,2026-07-26T05:15:00+0200,0.0,MW,FR,FR,forecast_solar_generation,Solar,2026-08-20T04:49:42Z
2026-08-20T04:48:34Z,2026-08-20T06:48:34+0200,a8c862e9-3667-4aca-b3d4-061a7f73b92e,2026-07-26T03:30:00Z,2026-07-26T05:30:00+0200,0.0,MW,FR,FR,forecast_solar_generation,Solar,2026-08-20T04:49:42Z
2026-08-20T04:48:34Z,2026-08-20T06:48:34+0200,a8c862e9-3667-4aca-b3d4-061a7f73b92e,2026-07-26T03:45:00Z,2026-07-26T05:45:00+0200,0.0,MW,FR,FR,forecast_solar_generation,Solar,2026-08-20T04:49:42Z
2026-08-20T04:48:34Z,2026-08-20T06:48:34+0200,a8c862e9-3667-4aca-b3d4-061a7f73b92e,2026-07-26T04:00:00Z,2026-07-26T06:00:00+0200,5.93257,MW,FR,FR,forecast_solar_generation,Solar,2026-08-20T04:49:42Z
2026-08-20T04:48:34Z,2026-08-20T06:48:34+0200,a8c862e9-3667-4aca-b3d4-061a7f73b92e,2026-07-26T04:15:00Z,2026-07-26T06:15:00+0200,34.15642,MW,FR,FR,forecast_solar_generation,Solar,2026-08-20T04:49:42Z
2026-08-20T04:48:34Z,2026-08-20T06:48:34+0200,a8c862e9-3667-4aca-b3d4-061a7f73b92e,2026-07-26T04:30:00Z,2026-07-26T06:30:00+0200,111.3441,MW,FR,FR,forecast_solar_generation,Solar,2026-08-20T04:49:42Z
2026-08-20T04:48:34Z,2026-08-20T06:48:34+0200,a8c862e9-3667-4aca-b3d4-061a7f73b92e,2026-07-26T04:45:00Z,2026-07-26T06:45:00+0200,276.69339,MW,FR,FR,forecast_solar_generation,Solar,2026-08-20T04:49:42Z
2026-08-20T04:48:34Z,2026-08-20T06:48:34+0200,a8c862e9-3667-4aca-b3d4-061a7f73b92e,2026-07-26T05:00:00Z,2026-07-26T07:00:00+0200,491.64926,MW,FR,FR,forecast_solar_generation,Solar,2026-08-20T04:49:42Z
2026-08-20T04:48:34Z,2026-08-20T06:48:34+0200,a8c862e9-3667-4aca-b3d4-061a7f73b92e,2026-07-26T05:15:00Z,2026-07-26T07:15:00+0200,764.68475,MW,FR,FR,forecast_solar_generation,Solar,2026-08-20T04:49:42Z
2026-08-20T04:48:34Z,2026-08-20T06:48:34+0200,a8c862e9-3667-4aca-b3d4-061a7f73b92e,2026-07-26T05:30:00Z,2026-07-26T07:30:00+0200,1108.91028,MW,FR,FR,forecast_solar_generation,Solar,2026-08-20T04:49:42Z
2026-08-20T04:48:34Z,2026-08-20T06:48:34+0200,a8c862e9-3667-4aca-b3d4-061a7f73b92e,2026-07-26T05:45:00Z,2026-07-26T07:45:00+0200,1645.37134,MW,FR,FR,forecast_solar_generation,Solar,2026-08-20T04:49:42Z
2026-08-20T04:48:34Z,2026-08-20T06:48:34+0200,a8c862e9-3667-4aca-b3d4-061a7f73b92e,2026-07-26T06:00:00Z,2026-07-26T08:00:00+0200,2301.84839,MW,FR,FR,forecast_solar_generation,Solar,2026-08-20T04:49:42Z
2026-08-20T04:48:34Z,2026-08-20T06:48:34+0200,a8c862e9-3667-4aca-b3d4-061a7f73b92e,2026-07-26T06:15:00Z,2026-07-26T08:15:00+0200,3117.2229,MW,FR,FR,forecast_solar_generation,Solar,2026-08-20T04:49:42Z
2026-08-20T04:48:34Z,2026-08-20T06:48:34+0200,a8c862e9-3667-4aca-b3d4-061a7f73b92e,2026-07-26T06:30:00Z,2026-07-26T08:30:00+0200,3858.65308,MW,FR,FR,forecast_solar_generation,Solar,2026-08-20T04:49:42Z
2026-08-20T04:48:34Z,2026-08-20T06:48:34+0200,a8c862e9-3667-4aca-b3d4-061a7f73b92e,2026-07-26T06:45:00Z,2026-07-26T08:45:00+0200,4792.27588,MW,FR,FR,forecast_solar_generation,Solar,2026-08-20T04:49:42Z
2026-08-20T04:48:34Z,2026-08-20T06:48:34+0200,a8c862e9-3667-4aca-b3d4-061a7f73b92e,2026-07-26T07:00:00Z,2026-07-26T09:00:00+0200,5641.43018,MW,FR,FR,forecast_solar_generation,Solar,2026-08-20T04:49:42Z
2026-08-20T04:48:34Z,2026-08-20T06:48:34+0200,a8c862e9-3667-4aca-b3d4-061a7f73b92e,2026-07-26T07:15:00Z,2026-07-26T09:15:00+0200,5050.15186,MW,FR,FR,forecast_solar_generation,Solar,2026-08-20T04:49:42Z
2026-08-20T04:48:34Z,2026-08-20T06:48:34+0200,a8c862e9-3667-4aca-b3d4-061a7f73b92e,2026-07-26T07:30:00Z,2026-07-26T09:30:00+0200,5726.05518,MW,FR,FR,forecast_solar_generation,Solar,2026-08-20T04:49:42Z
2026-08-20T04:48:34Z,2026-08-20T06:48:34+0200,a8c862e9-3667-4aca-b3d4-061a7f73b92e,2026-07-26T07:45:00Z,2026-07-26T09:45:00+0200,6124.47314,MW,FR,FR,forecast_solar_generation,Solar,2026-08-20T04:49:42Z
2026-08-20T04:48:34Z,2026-08-20T06:48:34+0200,a8c862e9-3667-4aca-b3d4-061a7f73b92e,2026-07-26T08:00:00Z,2026-07-26T10:00:00+0200,6680.2041,MW,FR,FR,forecast_solar_generation,Solar,2026-08-20T04:49:42Z
2026-08-20T04:48:34Z,2026-08-20T06:48:34+0200,a8c862e9-3667-4aca-b3d4-061a7f73b92e,2026-07-26T08:15:00Z,2026-07-26T10:15:00+0200,7366.69336,MW,FR,FR,forecast_solar_generation,Solar,2026-08-20T04:49:42Z
2026-08-20T04:48:34Z,2026-08-20T06:48:34+0200,a8c862e9-3667-4aca-b3d4-061a7f73b92e,2026-07-26T08:30:00Z,2026-07-26T10:30:00+0200,7890.12988,MW,FR,FR,forecast_solar_generation,Solar,2026-08-20T04:49:42Z
2026-08-20T04:48:34Z,2026-08-20T06:48:34+0200,a8c862e9-3667-4aca-b3d4-061a7f73b92e,2026-07-26T08:45:00Z,2026-07-26T10:45:00+0200,8346.6582,MW,FR,FR,forecast_solar_generation,Solar,2026-08-20T04:49:42Z
2026-08-20T04:48:34Z,2026-08-20T06:48:34+0200,a8c862e9-3667-4aca-b3d4-061a7f73b92e,2026-07-26T09:00:00Z,2026-07-26T11:00:00+0200,8794.60449,MW,FR,FR,forecast_solar_generation,Solar,2026-08-20T04:49:42Z
2026-08-20T04:48:34Z,2026-08-20T06:48:34+0200,a8c862e9-3667-4aca-b3d4-061a7f73b92e,2026-07-26T09:15:00Z,2026-07-26T11:15:00+0200,9846.20508,MW,FR,FR,forecast_solar_generation,Solar,2026-08-20T04:49:42Z
2026-08-20T04:48:34Z,2026-08-20T06:48:34+0200,a8c862e9-3667-4aca-b3d4-061a7f73b92e,2026-07-26T09:30:00Z,2026-07-26T11:30:00+0200,9939.0166,MW,FR,FR,forecast_solar_generation,Solar,2026-08-20T04:49:42Z
2026-08-20T04:48:34Z,2026-08-20T06:48:34+0200,a8c862e9-3667-4aca-b3d4-061a7f73b92e,2026-07-26T09:45:00Z,2026-07-26T11:45:00+0200,10150.46289,MW,FR,FR,forecast_solar_generation,Solar,2026-08-20T04:49:42Z
2026-08-20T04:48:34Z,2026-08-20T06:48:34+0200,a8c862e9-3667-4aca-b3d4-061a7f73b92e,2026-07-26T10:00:00Z,2026-07-26T12:00:00+0200,10392.08203,MW,FR,FR,forecast_solar_generation,Solar,2026-08-20T04:49:42Z
2026-08-20T04:48:34Z,2026-08-20T06:48:34+0200,a8c862e9-3667-4aca-b3d4-061a7f73b92e,2026-07-26T10:15:00Z,2026-07-26T12:15:00+0200,11020.06055,MW,FR,FR,forecast_solar_generation,Solar,2026-08-20T04:49:42Z
2026-08-20T04:48:34Z,2026-08-20T06:48:34+0200,a8c862e9-3667-4aca-b3d4-061a7f73b92e,2026-07-26T10:30:00Z,2026-07-26T12:30:00+0200,11292.9707,MW,FR,FR,forecast_solar_generation,Solar,2026-08-20T04:49:42Z
2026-08-20T04:48:34Z,2026-08-20T06:48:34+0200,a8c862e9-3667-4aca-b3d4-061a7f73b92e,2026-07-26T10:45:00Z,2026-07-26T12:45:00+0200,11157.93555,MW,FR,FR,forecast_solar_generation,Solar,2026-08-20T04:49:42Z
2026-08-20T04:48:34Z,2026-08-20T06:48:34+0200,a8c862e9-3667-4aca-b3d4-061a7f73b92e,2026-07-26T11:00:00Z,2026-07-26T13:00:00+0200,10645.4668,MW,FR,FR,forecast_solar_generation,Solar,2026-08-20T04:49:42Z
2026-08-20T04:48:34Z,2026-08-20T06:48:34+0200,a8c862e9-3667-4aca-b3d4-061a7f73b92e,2026-07-26T11:15:00Z,2026-07-26T13:15:00+0200,10570.3252,MW,FR,FR,forecast_solar_generation,Solar,2026-08-20T04:49:42Z
2026-08-20T04:48:34Z,2026-08-20T06:48:34+0200,a8c862e9-3667-4aca-b3d4-061a7f73b92e,2026-07-26T11:30:00Z,2026-07-26T13:30:00+0200,10419.88477,MW,FR,FR,forecast_solar_generation,Solar,2026-08-20T04:49:42Z
2026-08-20T04:48:34Z,2026-08-20T06:48:34+0200,a8c862e9-3667-4aca-b3d4-061a7f73b92e,2026-07-26T11:45:00Z,2026-07-26T13:45:00+0200,10530.48535,MW,FR,FR,forecast_solar_generation,Solar,2026-08-20T04:49:42Z
2026-08-20T04:48:34Z,2026-08-20T06:48:34+0200,a8c862e9-3667-4aca-b3d4-061a7f73b92e,2026-07-26T12:00:00Z,2026-07-26T14:00:00+0200,10649.30469,MW,FR,FR,forecast_solar_generation,Solar,2026-08-20T04:49:42Z
2026-08-20T04:48:34Z,2026-08-20T06:48:34+0200,a8c862e9-3667-4aca-b3d4-061a7f73b92e,2026-07-26T12:15:00Z,2026-07-26T14:15:00+0200,10748.51465,MW,FR,FR,forecast_solar_generation,Solar,2026-08-20T04:49:42Z
2026-08-20T04:48:34Z,2026-08-20T06:48:34+0200,a8c862e9-3667-4aca-b3d4-061a7f73b92e,2026-07-26T12:30:00Z,2026-07-26T14:30:00+0200,10820.1875,MW,FR,FR,forecast_solar_generation,Solar,2026-08-20T04:49:42Z
2026-08-20T04:48:34Z,2026-08-20T06:48:34+0200,a8c862e9-3667-4aca-b3d4-061a7f73b92e,2026-07-26T12:45:00Z,2026-07-26T14:45:00+0200,10782.62109,MW,FR,FR,forecast_solar_generation,Solar,2026-08-20T04:49:42Z
2026-08-20T04:48:34Z,2026-08-20T06:48:34+0200,a8c862e9-3667-4aca-b3d4-061a7f73b92e,2026-07-26T13:00:00Z,2026-07-26T15:00:00+0200,10693.83008,MW,FR,FR,forecast_solar_generation,Solar,2026-08-20T04:49:42Z
2026-08-20T04:48:34Z,2026-08-20T06:48:34+0200,a8c862e9-3667-4aca-b3d4-061a7f73b92e,2026-07-26T13:15:00Z,2026-07-26T15:15:00+0200,10615.14746,MW,FR,FR,forecast_solar_generation,Solar,2026-08-20T04:49:42Z
2026-08-20T04:48:34Z,2026-08-20T06:48:34+0200,a8c862e9-3667-4aca-b3d4-061a7f73b92e,2026-07-26T13:30:00Z,2026-07-26T15:30:00+0200,10477.87988,MW,FR,FR,forecast_solar_generation,Solar,2026-08-20T04:49:42Z
2026-08-20T04:48:34Z,2026-08-20T06:48:34+0200,a8c862e9-3667-4aca-b3d4-061a7f73b92e,2026-07-26T13:45:00Z,2026-07-26T15:45:00+0200,10242.19629,MW,FR,FR,forecast_solar_generation,Solar,2026-08-20T04:49:42Z
2026-08-20T04:48:34Z,2026-08-20T06:48:34+0200,a8c862e9-3667-4aca-b3d4-061a7f73b92e,2026-07-26T14:00:00Z,2026-07-26T16:00:00+0200,9975.28418,MW,FR,FR,forecast_solar_generation,Solar,2026-08-20T04:49:42Z
2026-08-20T04:48:34Z,2026-08-20T06:48:34+0200,a8c862e9-3667-4aca-b3d4-061a7f73b92e,2026-07-26T14:15:00Z,2026-07-26T16:15:00+0200,9732.05176,MW,FR,FR,forecast_solar_generation,Solar,2026-08-20T04:49:42Z
2026-08-20T04:48:34Z,2026-08-20T06:48:34+0200,a8c862e9-3667-4aca-b3d4-061a7f73b92e,2026-07-26T14:30:00Z,2026-07-26T16:30:00+0200,9430.57715,MW,FR,FR,forecast_solar_generation,Solar,2026-08-20T04:49:42Z
2026-08-20T04:48:34Z,2026-08-20T06:48:34+0200,a8c862e9-3667-4aca-b3d4-061a7f73b92e,2026-07-26T14:45:00Z,2026-07-26T16:45:00+0200,9053.60059,MW,FR,FR,forecast_solar_generation,Solar,2026-08-20T04:49:42Z
2026-08-20T04:48:34Z,2026-08-20T06:48:34+0200,a8c862e9-3667-4aca-b3d4-061a7f73b92e,2026-07-26T15:00:00Z,2026-07-26T17:00:00+0200,8646.66992,MW,FR,FR,forecast_solar_generation,Solar,2026-08-20T04:49:42Z
2026-08-20T04:48:34Z,2026-08-20T06:48:34+0200,a8c862e9-3667-4aca-b3d4-061a7f73b92e,2026-07-26T15:15:00Z,2026-07-26T17:15:00+0200,8156.19043,MW,FR,FR,forecast_solar_generation,Solar,2026-08-20T04:49:42Z
2026-08-20T04:48:34Z,2026-08-20T06:48:34+0200,a8c862e9-3667-4aca-b3d4-061a7f73b92e,2026-07-26T15:30:00Z,2026-07-26T17:30:00+0200,7663.98193,MW,FR,FR,forecast_solar_generation,Solar,2026-08-20T04:49:42Z
2026-08-20T04:48:34Z,2026-08-20T06:48:34+0200,a8c862e9-3667-4aca-b3d4-061a7f73b92e,2026-07-26T15:45:00Z,2026-07-26T17:45:00+0200,7312.04297,MW,FR,FR,forecast_solar_generation,Solar,2026-08-20T04:49:42Z
2026-08-20T04:48:34Z,2026-08-20T06:48:34+0200,a8c862e9-3667-4aca-b3d4-061a7f73b92e,2026-07-26T16:00:00Z,2026-07-26T18:00:00+0200,6856.15918,MW,FR,FR,forecast_solar_generation,Solar,2026-08-20T04:49:42Z
2026-08-20T04:48:34Z,2026-08-20T06:48:34+0200,a8c862e9-3667-4aca-b3d4-061a7f73b92e,2026-07-26T16:15:00Z,2026-07-26T18:15:00+0200,6567.94238,MW,FR,FR,forecast_solar_generation,Solar,2026-08-20T04:49:42Z
2026-08-20T04:48:34Z,2026-08-20T06:48:34+0200,a8c862e9-3667-4aca-b3d4-061a7f73b92e,2026-07-26T16:30:00Z,2026-07-26T18:30:00+0200,5881.02686,MW,FR,FR,forecast_solar_generation,Solar,2026-08-20T04:49:42Z
2026-08-20T04:48:34Z,2026-08-20T06:48:34+0200,a8c862e9-3667-4aca-b3d4-061a7f73b92e,2026-07-26T16:45:00Z,2026-07-26T18:45:00+0200,5269.46973,MW,FR,FR,forecast_solar_generation,Solar,2026-08-20T04:49:42Z
2026-08-20T04:48:34Z,2026-08-20T06:48:34+0200,a8c862e9-3667-4aca-b3d4-061a7f73b92e,2026-07-26T17:00:00Z,2026-07-26T19:00:00+0200,5620.71777,MW,FR,FR,forecast_solar_generation,Solar,2026-08-20T04:49:42Z
2026-08-20T04:48:34Z,2026-08-20T06:48:34+0200,a8c862e9-3667-4aca-b3d4-061a7f73b92e,2026-07-26T17:15:00Z,2026-07-26T19:15:00+0200,4857.53223,MW,FR,FR,forecast_solar_generation,Solar,2026-08-20T04:49:42Z
2026-08-20T04:48:34Z,2026-08-20T06:48:34+0200,a8c862e9-3667-4aca-b3d4-061a7f73b92e,2026-07-26T17:30:00Z,2026-07-26T19:30:00+0200,3892.28979,MW,FR,FR,forecast_solar_generation,Solar,2026-08-20T04:49:42Z
2026-08-20T04:48:34Z,2026-08-20T06:48:34+0200,a8c862e9-3667-4aca-b3d4-061a7f73b92e,2026-07-26T17:45:00Z,2026-07-26T19:45:00+0200,3189.14502,MW,FR,FR,forecast_solar_generation,Solar,2026-08-20T04:49:42Z
2026-08-20T04:48:34Z,2026-08-20T06:48:34+0200,a8c862e9-3667-4aca-b3d4-061a7f73b92e,2026-07-26T18:00:00Z,2026-07-26T20:00:00+0200,2376.88916,MW,FR,FR,forecast_solar_generation,Solar,2026-08-20T04:49:42Z
2026-08-20T04:48:34Z,2026-08-20T06:48:34+0200,a8c862e9-3667-4aca-b3d4-061a7f73b92e,2026-07-26T18:15:00Z,2026-07-26T20:15:00+0200,1757.8363,MW,FR,FR,forecast_solar_generation,Solar,2026-08-20T04:49:42Z
2026-08-20T04:48:34Z,2026-08-20T06:48:34+0200,a8c862e9-3667-4aca-b3d4-061a7f73b92e,2026-07-26T18:30:00Z,2026-07-26T20:30:00+0200,1228.0752,MW,FR,FR,forecast_solar_generation,Solar,2026-08-20T04:49:42Z
2026-08-20T04:48:34Z,2026-08-20T06:48:34+0200,a8c862e9-3667-4aca-b3d4-061a7f73b92e,2026-07-26T18:45:00Z,2026-07-26T20:45:00+0200,874.37122,MW,FR,FR,forecast_solar_generation,Solar,2026-08-20T04:49:42Z
2026-08-20T04:48:34Z,2026-08-20T06:48:34+0200,a8c862e9-3667-4aca-b3d4-061a7f73b92e,2026-07-26T19:00:00Z,2026-07-26T21:00:00+0200,545.48547,MW,FR,FR,forecast_solar_generation,Solar,2026-08-20T04:49:42Z
2026-08-20T04:48:34Z,2026-08-20T06:48:34+0200,a8c862e9-3667-4aca-b3d4-061a7f73b92e,2026-07-26T19:15:00Z,2026-07-26T21:15:00+0200,245.36174,MW,FR,FR,forecast_solar_generation,Solar,2026-08-20T04:49:42Z
2026-08-20T04:48:34Z,2026-08-20T06:48:34+0200,a8c862e9-3667-4aca-b3d4-061a7f73b92e,2026-07-26T19:30:00Z,2026-07-26T21:30:00+0200,50.71886,MW,FR,FR,forecast_solar_generation,Solar,2026-08-20T04:49:42Z
2026-08-20T04:48:34Z,2026-08-20T06:48:34+0200,a8c862e9-3667-4aca-b3d4-061a7f73b92e,2026-07-26T19:45:00Z,2026-07-26T21:45:00+0200,2.85809,MW,FR,FR,forecast_solar_generation,Solar,2026-08-20T04:49:42Z
2026-08-20T04:48:34Z,2026-08-20T06:48:34+0200,a8c862e9-3667-4aca-b3d4-061a7f73b92e,2026-07-26T20:00:00Z,2026-07-26T22:00:00+0200,0.0,MW,FR,FR,forecast_solar_generation,Solar,2026-08-20T04:49:42Z
2026-08-20T04:48:34Z,2026-08-20T06:48:34+0200,a8c862e9-3667-4aca-b3d4-061a7f73b92e,2026-07-26T20:15:00Z,2026-07-26T22:15:00+0200,0.0,MW,FR,FR,forecast_solar_generation,Solar,2026-08-20T04:49:42Z
2026-08-20T04:48:34Z,2026-08-20T06:48:34+0200,a8c862e9-3667-4aca-b3d4-061a7f73b92e,2026-07-26T20:30:00Z,2026-07-26T22:30:00+0200,0.0,MW,FR,FR,forecast_solar_generation,Solar,2026-08-20T04:49:42Z
2026-08-20T04:48:34Z,2026-08-20T06:48:34+0200,a8c862e9-3667-4aca-b3d4-061a7f73b92e,2026-07-26T20:45:00Z,2026-07-26T22:45:00+0200,0.0,MW,FR,FR,forecast_solar_generation,Solar,2026-08-20T04:49:42Z
2026-08-20T04:48:34Z,2026-08-20T06:48:34+0200,a8c862e9-3667-4aca-b3d4-061a7f73b92e,2026-07-26T21:00:00Z,2026-07-26T23:00:00+0200,0.0,MW,FR,FR,forecast_solar_generation,Solar,2026-08-20T04:49:42Z
2026-08-20T04:48:34Z,2026-08-20T06:48:34+0200,a8c862e9-3667-4aca-b3d4-061a7f73b92e,2026-07-26T21:15:00Z,2026-07-26T23:15:00+0200,0.0,MW,FR,FR,forecast_solar_generation,Solar,2026-08-20T04:49:42Z
2026-08-20T04:48:34Z,2026-08-20T06:48:34+0200,a8c862e9-3667-4aca-b3d4-061a7f73b92e,2026-07-26T21:30:00Z,2026-07-26T23:30:00+0200,0.0,MW,FR,FR,forecast_solar_generation,Solar,2026-08-20T04:49:42Z
2026-08-20T04:48:34Z,2026-08-20T06:48:34+0200,a8c862e9-3667-4aca-b3d4-061a7f73b92e,2026-07-26T21:45:00Z,2026-07-26T23:45:00+0200,0.0,MW,FR,FR,forecast_solar_generation,Solar,2026-08-20T04:49:42Z
2026-08-20T04:48:34Z,2026-08-20T06:48:34+0200,a8c862e9-3667-4aca-b3d4-061a7f73b92e,2026-07-26T22:00:00Z,2026-07-27T00:00:00+0200,0.0,MW,FR,FR,forecast_solar_generation,Solar,2026-08-20T04:49:42Z
2026-08-20T04:48:34Z,2026-08-20T06:48:34+0200,a8c862e9-3667-4aca-b3d4-061a7f73b92e,2026-07-26T22:15:00Z,2026-07-27T00:15:00+0200,0.0,MW,FR,FR,forecast_solar_generation,Solar,2026-08-20T04:49:42Z
2026-08-20T04:48:34Z,2026-08-20T06:48:34+0200,a8c862e9-3667-4aca-b3d4-061a7f73b92e,2026-07-26T22:30:00Z,2026-07-27T00:30:00+0200,0.0,MW,FR,FR,forecast_solar_generation,Solar,2026-08-20T04:49:42Z
2026-08-20T04:48:34Z,2026-08-20T06:48:34+0200,a8c862e9-3667-4aca-b3d4-061a7f73b92e,2026-07-26T22:45:00Z,2026-07-27T00:45:00+0200,0.0,MW,FR,FR,forecast_solar_generation,Solar,2026-08-20T04:49:42Z
2026-08-20T04:48:34Z,2026-08-20T06:48:34+0200,a8c862e9-3667-4aca-b3d4-061a7f73b92e,2026-07-26T23:00:00Z,2026-07-27T01:00:00+0200,0.0,MW,FR,FR,forecast_solar_generation,Solar,2026-08-20T04:49:42Z
2026-08-20T04:48:34Z,2026-08-20T06:48:34+0200,a8c862e9-3667-4aca-b3d4-061a7f73b92e,2026-07-26T23:15:00Z,2026-07-27T01:15:00+0200,0.0,MW,FR,FR,forecast_solar_generation,Solar,2026-08-20T04:49:42Z
2026-08-20T04:48:34Z,2026-08-20T06:48:34+0200,a8c862e9-3667-4aca-b3d4-061a7f73b92e,2026-07-26T23:30:00Z,2026-07-27T01:30:00+0200,0.0,MW,FR,FR,forecast_solar_generation,Solar,2026-08-20T04:49:42Z
2026-08-20T04:48:34Z,2026-08-20T06:48:34+0200,a8c862e9-3667-4aca-b3d4-061a7f73b92e,2026-07-26T23:45:00Z,2026-07-27T01:45:00+0200,0.0,MW,FR,FR,forecast_solar_generation,Solar,2026-08-20T04:49:42Z
2026-08-20T04:48:34Z,2026-08-20T06:48:34+0200,a8c862e9-3667-4aca-b3d4-061a7f73b92e,2026-07-27T00:00:00Z,2026-07-27T02:00:00+0200,0.0,MW,FR,FR,forecast_solar_generation,Solar,2026-08-20T04:49:42Z
2026-08-20T04:48:34Z,2026-08-20T06:48:34+0200,a8c862e9-3667-4aca-b3d4-061a7f73b92e,2026-07-27T00:15:00Z,2026-07-27T02:15:00+0200,0.0,MW,FR,FR,forecast_solar_generation,Solar,2026-08-20T04:49:42Z
2026-08-20T04:48:34Z,2026-08-20T06:48:34+0200,a8c862e9-3667-4aca-b3d4-061a7f73b92e,2026-07-27T00:30:00Z,2026-07-27T02:30:00+0200,0.0,MW,FR,FR,forecast_solar_generation,Solar,2026-08-20T04:49:42Z
2026-08-20T04:48:34Z,2026-08-20T06:48:34+0200,a8c862e9-3667-4aca-b3d4-061a7f73b92e,2026-07-27T00:45:00Z,2026-07-27T02:45:00+0200,0.0,MW,FR,FR,forecast_solar_generation,Solar,2026-08-20T04:49:42Z
2026-08-20T04:48:34Z,2026-08-20T06:48:34+0200,a8c862e9-3667-4aca-b3d4-061a7f73b92e,2026-07-27T01:00:00Z,2026-07-27T03:00:00+0200,0.0,MW,FR,FR,forecast_solar_generation,Solar,2026-08-20T04:49:42Z
2026-08-20T04:48:34Z,2026-08-20T06:48:34+0200,a8c862e9-3667-4aca-b3d4-061a7f73b92e,2026-07-27T01:15:00Z,2026-07-27T03:15:00+0200,0.0,MW,FR,FR,forecast_solar_generation,Solar,2026-08-20T04:49:42Z
2026-08-20T04:48:34Z,2026-08-20T06:48:34+0200,a8c862e9-3667-4aca-b3d4-061a7f73b92e,2026-07-27T01:30:00Z,2026-07-27T03:30:00+0200,0.0,MW,FR,FR,forecast_solar_generation,Solar,2026-08-20T04:49:42Z
2026-08-20T04:48:34Z,2026-08-20T06:48:34+0200,a8c862e9-3667-4aca-b3d4-061a7f73b92e,2026-07-27T01:45:00Z,2026-07-27T03:45:00+0200,0.0,MW,FR,FR,forecast_solar_generation,Solar,2026-08-20T04:49:42Z
2026-08-20T04:48:34Z,2026-08-20T06:48:34+0200,a8c862e9-3667-4aca-b3d4-061a7f73b92e,2026-07-27T02:00:00Z,2026-07-27T04:00:00+0200,0.0,MW,FR,FR,forecast_solar_generation,Solar,2026-08-20T04:49:42Z
2026-08-20T04:48:34Z,2026-08-20T06:48:34+0200,a8c862e9-3667-4aca-b3d4-061a7f73b92e,2026-07-27T02:15:00Z,2026-07-27T04:15:00+0200,0.0,MW,FR,FR,forecast_solar_generation,Solar,2026-08-20T04:49:42Z
2026-08-20T04:48:34Z,2026-08-20T06:48:34+0200,a8c862e9-3667-4aca-b3d4-061a7f73b92e,2026-07-27T02:30:00Z,2026-07-27T04:30:00+0200,0.0,MW,FR,FR,forecast_solar_generation,Solar,2026-08-20T04:49:42Z
2026-08-20T04:48:34Z,2026-08-20T06:48:34+0200,a8c862e9-3667-4aca-b3d4-061a7f73b92e,2026-07-27T02:45:00Z,2026-07-27T04:45:00+0200,0.0,MW,FR,FR,forecast_solar_generation,Solar,2026-08-20T04:49:42Z
2026-08-20T04:48:34Z,2026-08-20T06:48:34+0200,a8c862e9-3667-4aca-b3d4-061a7f73b92e,2026-07-27T03:00:00Z,2026-07-27T05:00:00+0200,0.0,MW,FR,FR,forecast_solar_generation,Solar,2026-08-20T04:49:42Z
2026-08-20T04:48:34Z,2026-08-20T06:48:34+0200,a8c862e9-3667-4aca-b3d4-061a7f73b92e,2026-07-27T03:15:00Z,2026-07-27T05:15:00+0200,0.0,MW,FR,FR,forecast_solar_generation,Solar,2026-08-20T04:49:42Z
2026-08-20T04:48:34Z,2026-08-20T06:48:34+0200,a8c862e9-3667-4aca-b3d4-061a7f73b92e,2026-07-27T03:30:00Z,2026-07-27T05:30:00+0200,0.0,MW,FR,FR,forecast_solar_generation,Solar,2026-08-20T04:49:42Z
2026-08-20T04:48:34Z,2026-08-20T06:48:34+0200,a8c862e9-3667-4aca-b3d4-061a7f73b92e,2026-07-27T03:45:00Z,2026-07-27T05:45:00+0200,0.0,MW,FR,FR,forecast_solar_generation,Solar,2026-08-20T04:49:42Z
2026-08-20T04:48:34Z,2026-08-20T06:48:34+0200,a8c862e9-3667-4aca-b3d4-061a7f73b92e,2026-07-27T04:00:00Z,2026-07-27T06:00:00+0200,4.33622,MW,FR,FR,forecast_solar_generation,Solar,2026-08-20T04:49:42Z
2026-08-20T04:48:34Z,2026-08-20T06:48:34+0200,a8c862e9-3667-4aca-b3d4-061a7f73b92e,2026-07-27T04:15:00Z,2026-07-27T06:15:00+0200,27.31997,MW,FR,FR,forecast_solar_generation,Solar,2026-08-20T04:49:42Z
2026-08-20T04:48:34Z,2026-08-20T06:48:34+0200,a8c862e9-3667-4aca-b3d4-061a7f73b92e,2026-07-27T04:30:00Z,2026-07-27T06:30:00+0200,90.71316,MW,FR,FR,forecast_solar_generation,Solar,2026-08-20T04:49:42Z
2026-08-20T04:48:34Z,2026-08-20T06:48:34+0200,a8c862e9-3667-4aca-b3d4-061a7f73b92e,2026-07-27T04:45:00Z,2026-07-27T06:45:00+0200,253.44566,MW,FR,FR,forecast_solar_generation,Solar,2026-08-20T04:49:42Z
2026-08-20T04:48:34Z,2026-08-20T06:48:34+0200,a8c862e9-3667-4aca-b3d4-061a7f73b92e,2026-07-27T05:00:00Z,2026-07-27T07:00:00+0200,464.07391,MW,FR,FR,forecast_solar_generation,Solar,2026-08-20T04:49:42Z
2026-08-20T04:48:34Z,2026-08-20T06:48:34+0200,a8c862e9-3667-4aca-b3d4-061a7f73b92e,2026-07-27T05:15:00Z,2026-07-27T07:15:00+0200,738.95697,MW,FR,FR,forecast_solar_generation,Solar,2026-08-20T04:49:42Z
2026-08-20T04:48:34Z,2026-08-20T06:48:34+0200,a8c862e9-3667-4aca-b3d4-061a7f73b92e,2026-07-27T05:30:00Z,2026-07-27T07:30:00+0200,1060.89697,MW,FR,FR,forecast_solar_generation,Solar,2026-08-20T04:49:42Z
2026-08-20T04:48:34Z,2026-08-20T06:48:34+0200,a8c862e9-3667-4aca-b3d4-061a7f73b92e,2026-07-27T05:45:00Z,2026-07-27T07:45:00+0200,1608.58777,MW,FR,FR,forecast_solar_generation,Solar,2026-08-20T04:49:42Z
2026-08-20T04:48:34Z,2026-08-20T06:48:34+0200,a8c862e9-3667-4aca-b3d4-061a7f73b92e,2026-07-27T06:00:00Z,2026-07-27T08:00:00+0200,2294.25391,MW,FR,FR,forecast_solar_generation,Solar,2026-08-20T04:49:42Z
2026-08-20T04:48:34Z,2026-08-20T06:48:34+0200,a8c862e9-3667-4aca-b3d4-061a7f73b92e,2026-07-27T06:15:00Z,2026-07-27T08:15:00+0200,3159.85254,MW,FR,FR,forecast_solar_generation,Solar,2026-08-20T04:49:42Z
2026-08-20T04:48:34Z,2026-08-20T06:48:34+0200,a8c862e9-3667-4aca-b3d4-061a7f73b92e,2026-07-27T06:30:00Z,2026-07-27T08:30:00+0200,3925.19897,MW,FR,FR,forecast_solar_generation,Solar,2026-08-20T04:49:42Z
2026-08-20T04:48:34Z,2026-08-20T06:48:34+0200,a8c862e9-3667-4aca-b3d4-061a7f73b92e,2026-07-27T06:45:00Z,2026-07-27T08:45:00+0200,5038.73682,MW,FR,FR,forecast_solar_generation,Solar,2026-08-20T04:49:42Z
2026-08-20T04:48:34Z,2026-08-20T06:48:34+0200,a8c862e9-3667-4aca-b3d4-061a7f73b92e,2026-07-27T07:00:00Z,2026-07-27T09:00:00+0200,6029.13477,MW,FR,FR,forecast_solar_generation,Solar,2026-08-20T04:49:42Z
2026-08-20T04:48:34Z,2026-08-20T06:48:34+0200,a8c862e9-3667-4aca-b3d4-061a7f73b92e,2026-07-27T07:15:00Z,2026-07-27T09:15:00+0200,7262.07959,MW,FR,FR,forecast_solar_generation,Solar,2026-08-20T04:49:42Z
2026-08-20T04:48:34Z,2026-08-20T06:48:34+0200,a8c862e9-3667-4aca-b3d4-061a7f73b92e,2026-07-27T07:30:00Z,2026-07-27T09:30:00+0200,8277.16406,MW,FR,FR,forecast_solar_generation,Solar,2026-08-20T04:49:42Z
2026-08-20T04:48:34Z,2026-08-20T06:48:34+0200,a8c862e9-3667-4aca-b3d4-061a7f73b92e,2026-07-27T07:45:00Z,2026-07-27T09:45:00+0200,9296.36035,MW,FR,FR,forecast_solar_generation,Solar,2026-08-20T04:49:42Z
2026-08-20T04:48:34Z,2026-08-20T06:48:34+0200,a8c862e9-3667-4aca-b3d4-061a7f73b92e,2026-07-27T08:00:00Z,2026-07-27T10:00:00+0200,10266.64453,MW,FR,FR,forecast_solar_generation,Solar,2026-08-20T04:49:42Z
2026-08-20T04:48:34Z,2026-08-20T06:48:34+0200,a8c862e9-3667-4aca-b3d4-061a7f73b92e,2026-07-27T08:15:00Z,2026-07-27T10:15:00+0200,11379.12207,MW,FR,FR,forecast_solar_generation,Solar,2026-08-20T04:49:42Z
2026-08-20T04:48:34Z,2026-08-20T06:48:34+0200,a8c862e9-3667-4aca-b3d4-061a7f73b92e,2026-07-27T08:30:00Z,2026-07-27T10:30:00+0200,12225.64648,MW,FR,FR,forecast_solar_generation,Solar,2026-08-20T04:49:42Z
2026-08-20T04:48:34Z,2026-08-20T06:48:34+0200,a8c862e9-3667-4aca-b3d4-061a7f73b92e,2026-07-27T08:45:00Z,2026-07-27T10:45:00+0200,12812.96289,MW,FR,FR,forecast_solar_generation,Solar,2026-08-20T04:49:42Z
2026-08-20T04:48:34Z,2026-08-20T06:48:34+0200,a8c862e9-3667-4aca-b3d4-061a7f73b92e,2026-07-27T09:00:00Z,2026-07-27T11:00:00+0200,13314.61816,MW,FR,FR,forecast_solar_generation,Solar,2026-08-20T04:49:42Z
2026-08-20T04:48:34Z,2026-08-20T06:48:34+0200,a8c862e9-3667-4aca-b3d4-061a7f73b92e,2026-07-27T09:15:00Z,2026-07-27T11:15:00+0200,13912.40723,MW,FR,FR,forecast_solar_generation,Solar,2026-08-20T04:49:42Z
2026-08-20T04:48:34Z,2026-08-20T06:48:34+0200,a8c862e9-3667-4aca-b3d4-061a7f73b92e,2026-07-27T09:30:00Z,2026-07-27T11:30:00+0200,14351.66113,MW,FR,FR,forecast_solar_generation,Solar,2026-08-20T04:49:42Z
2026-08-20T04:48:34Z,2026-08-20T06:48:34+0200,a8c862e9-3667-4aca-b3d4-061a7f73b92e,2026-07-27T09:45:00Z,2026-07-27T11:45:00+0200,14832.54688,MW,FR,FR,forecast_solar_generation,Solar,2026-08-20T04:49:42Z
2026-08-20T04:48:34Z,2026-08-20T06:48:34+0200,a8c862e9-3667-4aca-b3d4-061a7f73b92e,2026-07-27T10:00:00Z,2026-07-27T12:00:00+0200,15307.48828,MW,FR,FR,forecast_solar_generation,Solar,2026-08-20T04:49:42Z
2026-08-20T04:48:34Z,2026-08-20T06:48:34+0200,a8c862e9-3667-4aca-b3d4-061a7f73b92e,2026-07-27T10:15:00Z,2026-07-27T12:15:00+0200,15808.73633,MW,FR,FR,forecast_solar_generation,Solar,2026-08-20T04:49:42Z
2026-08-20T04:48:34Z,2026-08-20T06:48:34+0200,a8c862e9-3667-4aca-b3d4-061a7f73b92e,2026-07-27T10:30:00Z,2026-07-27T12:30:00+0200,16309.72656,MW,FR,FR,forecast_solar_generation,Solar,2026-08-20T04:49:42Z
2026-08-20T04:48:34Z,2026-08-20T06:48:34+0200,a8c862e9-3667-4aca-b3d4-061a7f73b92e,2026-07-27T10:45:00Z,2026-07-27T12:45:00+0200,16762.96484,MW,FR,FR,forecast_solar_generation,Solar,2026-08-20T04:49:42Z
2026-08-20T04:48:34Z,2026-08-20T06:48:34+0200,a8c862e9-3667-4aca-b3d4-061a7f73b92e,2026-07-27T11:00:00Z,2026-07-27T13:00:00+0200,13380.07227,MW,FR,FR,forecast_solar_generation,Solar,2026-08-20T04:49:42Z
2026-08-20T04:48:34Z,2026-08-20T06:48:34+0200,a8c862e9-3667-4aca-b3d4-061a7f73b92e,2026-07-27T11:15:00Z,2026-07-27T13:15:00+0200,13642.91016,MW,FR,FR,forecast_solar_generation,Solar,2026-08-20T04:49:42Z
2026-08-20T04:48:34Z,2026-08-20T06:48:34+0200,a8c862e9-3667-4aca-b3d4-061a7f73b92e,2026-07-27T11:30:00Z,2026-07-27T13:30:00+0200,13977.52637,MW,FR,FR,forecast_solar_generation,Solar,2026-08-20T04:49:42Z
2026-08-20T04:48:34Z,2026-08-20T06:48:34+0200,a8c862e9-3667-4aca-b3d4-061a7f73b92e,2026-07-27T11:45:00Z,2026-07-27T13:45:00+0200,14189.61523,MW,FR,FR,forecast_solar_generation,Solar,2026-08-20T04:49:42Z
2026-08-20T04:48:34Z,2026-08-20T06:48:34+0200,a8c862e9-3667-4aca-b3d4-061a7f73b92e,2026-07-27T12:00:00Z,2026-07-27T14:00:00+0200,14403.37695,MW,FR,FR,forecast_solar_generation,Solar,2026-08-20T04:49:42Z
2026-08-20T04:48:34Z,2026-08-20T06:48:34+0200,a8c862e9-3667-4aca-b3d4-061a7f73b92e,2026-07-27T12:15:00Z,2026-07-27T14:15:00+0200,14538.58496,MW,FR,FR,forecast_solar_generation,Solar,2026-08-20T04:49:42Z
2026-08-20T04:48:34Z,2026-08-20T06:48:34+0200,a8c862e9-3667-4aca-b3d4-061a7f73b92e,2026-07-27T12:30:00Z,2026-07-27T14:30:00+0200,14676.38867,MW,FR,FR,forecast_solar_generation,Solar,2026-08-20T04:49:42Z
2026-08-20T04:48:34Z,2026-08-20T06:48:34+0200,a8c862e9-3667-4aca-b3d4-061a7f73b92e,2026-07-27T12:45:00Z,2026-07-27T14:45:00+0200,14679.84473,MW,FR,FR,forecast_solar_generation,Solar,2026-08-20T04:49:42Z
2026-08-20T04:48:34Z,2026-08-20T06:48:34+0200,a8c862e9-3667-4aca-b3d4-061a7f73b92e,2026-07-27T13:00:00Z,2026-07-27T15:00:00+0200,14664.19141,MW,FR,FR,forecast_solar_generation,Solar,2026-08-20T04:49:42Z
2026-08-20T04:48:34Z,2026-08-20T06:48:34+0200,a8c862e9-3667-4aca-b3d4-061a7f73b92e,2026-07-27T13:15:00Z,2026-07-27T15:15:00+0200,14647.52832,MW,FR,FR,forecast_solar_generation,Solar,2026-08-20T04:49:42Z
2026-08-20T04:48:34Z,2026-08-20T06:48:34+0200,a8c862e9-3667-4aca-b3d4-061a7f73b92e,2026-07-27T13:30:00Z,2026-07-27T15:30:00+0200,14579.54492,MW,FR,FR,forecast_solar_generation,Solar,2026-08-20T04:49:42Z
2026-08-20T04:48:34Z,2026-08-20T06:48:34+0200,a8c862e9-3667-4aca-b3d4-061a7f73b92e,2026-07-27T13:45:00Z,2026-07-27T15:45:00+0200,14375.26172,MW,FR,FR,forecast_solar_generation,Solar,2026-08-20T04:49:42Z
2026-08-20T04:48:34Z,2026-08-20T06:48:34+0200,a8c862e9-3667-4aca-b3d4-061a7f73b92e,2026-07-27T14:00:00Z,2026-07-27T16:00:00+0200,14116.08496,MW,FR,FR,forecast_solar_generation,Solar,2026-08-20T04:49:42Z
2026-08-20T04:48:34Z,2026-08-20T06:48:34+0200,a8c862e9-3667-4aca-b3d4-061a7f73b92e,2026-07-27T14:15:00Z,2026-07-27T16:15:00+0200,13809.51562,MW,FR,FR,forecast_solar_generation,Solar,2026-08-20T04:49:42Z
2026-08-20T04:48:34Z,2026-08-20T06:48:34+0200,a8c862e9-3667-4aca-b3d4-061a7f73b92e,2026-07-27T14:30:00Z,2026-07-27T16:30:00+0200,13388.27051,MW,FR,FR,forecast_solar_generation,Solar,2026-08-20T04:49:42Z
2026-08-20T04:48:34Z,2026-08-20T06:48:34+0200,a8c862e9-3667-4aca-b3d4-061a7f73b92e,2026-07-27T14:45:00Z,2026-07-27T16:45:00+0200,12912.51855,MW,FR,FR,forecast_solar_generation,Solar,2026-08-20T04:49:42Z
2026-08-20T04:48:34Z,2026-08-20T06:48:34+0200,a8c862e9-3667-4aca-b3d4-061a7f73b92e,2026-07-27T15:00:00Z,2026-07-27T17:00:00+0200,12421.17188,MW,FR,FR,forecast_solar_generation,Solar,2026-08-20T04:49:42Z
2026-08-20T04:48:34Z,2026-08-20T06:48:34+0200,a8c862e9-3667-4aca-b3d4-061a7f73b92e,2026-07-27T15:15:00Z,2026-07-27T17:15:00+0200,15369.4248,MW,FR,FR,forecast_solar_generation,Solar,2026-08-20T04:49:42Z
2026-08-20T04:48:34Z,2026-08-20T06:48:34+0200,a8c862e9-3667-4aca-b3d4-061a7f73b92e,2026-07-27T15:30:00Z,2026-07-27T17:30:00+0200,14548.28418,MW,FR,FR,forecast_solar_generation,Solar,2026-08-20T04:49:42Z
2026-08-20T04:48:34Z,2026-08-20T06:48:34+0200,a8c862e9-3667-4aca-b3d4-061a7f73b92e,2026-07-27T15:45:00Z,2026-07-27T17:45:00+0200,13737.18066,MW,FR,FR,forecast_solar_generation,Solar,2026-08-20T04:49:42Z
2026-08-20T04:48:34Z,2026-08-20T06:48:34+0200,a8c862e9-3667-4aca-b3d4-061a7f73b92e,2026-07-27T16:00:00Z,2026-07-27T18:00:00+0200,12650.69922,MW,FR,FR,forecast_solar_generation,Solar,2026-08-20T04:49:42Z
2026-08-20T04:48:34Z,2026-08-20T06:48:34+0200,a8c862e9-3667-4aca-b3d4-061a7f73b92e,2026-07-27T16:15:00Z,2026-07-27T18:15:00+0200,11581.3457,MW,FR,FR,forecast_solar_generation,Solar,2026-08-20T04:49:42Z
2026-08-20T04:48:34Z,2026-08-20T06:48:34+0200,a8c862e9-3667-4aca-b3d4-061a7f73b92e,2026-07-27T16:30:00Z,2026-07-27T18:30:00+0200,10425.27832,MW,FR,FR,forecast_solar_generation,Solar,2026-08-20T04:49:42Z
2026-08-20T04:48:34Z,2026-08-20T06:48:34+0200,a8c862e9-3667-4aca-b3d4-061a7f73b92e,2026-07-27T16:45:00Z,2026-07-27T18:45:00+0200,9308.3877,MW,FR,FR,forecast_solar_generation,Solar,2026-08-20T04:49:42Z
2026-08-20T04:48:34Z,2026-08-20T06:48:34+0200,a8c862e9-3667-4aca-b3d4-061a7f73b92e,2026-07-27T17:00:00Z,2026-07-27T19:00:00+0200,7941.09033,MW,FR,FR,forecast_solar_generation,Solar,2026-08-20T04:49:42Z
2026-08-20T04:48:34Z,2026-08-20T06:48:34+0200,a8c862e9-3667-4aca-b3d4-061a7f73b92e,2026-07-27T17:15:00Z,2026-07-27T19:15:00+0200,6794.23389,MW,FR,FR,forecast_solar_generation,Solar,2026-08-20T04:49:42Z
2026-08-20T04:48:34Z,2026-08-20T06:48:34+0200,a8c862e9-3667-4aca-b3d4-061a7f73b92e,2026-07-27T17:30:00Z,2026-07-27T19:30:00+0200,5401.37158,MW,FR,FR,forecast_solar_generation,Solar,2026-08-20T04:49:42Z
2026-08-20T04:48:34Z,2026-08-20T06:48:34+0200,a8c862e9-3667-4aca-b3d4-061a7f73b92e,2026-07-27T17:45:00Z,2026-07-27T19:45:00+0200,4417.73584,MW,FR,FR,forecast_solar_generation,Solar,2026-08-20T04:49:42Z
2026-08-20T04:48:34Z,2026-08-20T06:48:34+0200,a8c862e9-3667-4aca-b3d4-061a7f73b92e,2026-07-27T18:00:00Z,2026-07-27T20:00:00+0200,3239.43945,MW,FR,FR,forecast_solar_generation,Solar,2026-08-20T04:49:42Z
2026-08-20T04:48:34Z,2026-08-20T06:48:34+0200,a8c862e9-3667-4aca-b3d4-061a7f73b92e,2026-07-27T18:15:00Z,2026-07-27T20:15:00+0200,2336.58301,MW,FR,FR,forecast_solar_generation,Solar,2026-08-20T04:49:42Z
2026-08-20T04:48:34Z,2026-08-20T06:48:34+0200,a8c862e9-3667-4aca-b3d4-061a7f73b92e,2026-07-27T18:30:00Z,2026-07-27T20:30:00+0200,1579.65051,MW,FR,FR,forecast_solar_generation,Solar,2026-08-20T04:49:42Z
2026-08-20T04:48:34Z,2026-08-20T06:48:34+0200,a8c862e9-3667-4aca-b3d4-061a7f73b92e,2026-07-27T18:45:00Z,2026-07-27T20:45:00+0200,1115.25024,MW,FR,FR,forecast_solar_generation,Solar,2026-08-20T04:49:42Z
2026-08-20T04:48:34Z,2026-08-20T06:48:34+0200,a8c862e9-3667-4aca-b3d4-061a7f73b92e,2026-07-27T19:00:00Z,2026-07-27T21:00:00+0200,689.00336,MW,FR,FR,forecast_solar_generation,Solar,2026-08-20T04:49:42Z
2026-08-20T04:48:34Z,2026-08-20T06:48:34+0200,a8c862e9-3667-4aca-b3d4-061a7f73b92e,2026-07-27T19:15:00Z,2026-07-27T21:15:00+0200,275.05542,MW,FR,FR,forecast_solar_generation,Solar,2026-08-20T04:49:42Z
2026-08-20T04:48:34Z,2026-08-20T06:48:34+0200,a8c862e9-3667-4aca-b3d4-061a7f73b92e,2026-07-27T19:30:00Z,2026-07-27T21:30:00+0200,42.01698,MW,FR,FR,forecast_solar_generation,Solar,2026-08-20T04:49:42Z
2026-08-20T04:48:34Z,2026-08-20T06:48:34+0200,a8c862e9-3667-4aca-b3d4-061a7f73b92e,2026-07-27T19:45:00Z,2026-07-27T21:45:00+0200,3.20367,MW,FR,FR,forecast_solar_generation,Solar,2026-08-20T04:49:42Z
2026-08-20T04:48:34Z,2026-08-20T06:48:34+0200,a8c862e9-3667-4aca-b3d4-061a7f73b92e,2026-07-27T20:00:00Z,2026-07-27T22:00:00+0200,0.0,MW,FR,FR,forecast_solar_generation,Solar,2026-08-20T04:49:42Z
2026-08-20T04:48:34Z,2026-08-20T06:48:34+0200,a8c862e9-3667-4aca-b3d4-061a7f73b92e,2026-07-27T20:15:00Z,2026-07-27T22:15:00+0200,0.0,MW,FR,FR,forecast_solar_generation,Solar,2026-08-20T04:49:42Z
2026-08-20T04:48:34Z,2026-08-20T06:48:34+0200,a8c862e9-3667-4aca-b3d4-061a7f73b92e,2026-07-27T20:30:00Z,2026-07-27T22:30:00+0200,0.0,MW,FR,FR,forecast_solar_generation,Solar,2026-08-20T04:49:42Z
2026-08-20T04:48:34Z,2026-08-20T06:48:34+0200,a8c862e9-3667-4aca-b3d4-061a7f73b92e,2026-07-27T20:45:00Z,2026-07-27T22:45:00+0200,0.0,MW,FR,FR,forecast_solar_generation,Solar,2026-08-20T04:49:42Z
2026-08-20T04:48:34Z,2026-08-20T06:48:34+0200,a8c862e9-3667-4aca-b3d4-061a7f73b92e,2026-07-27T21:00:00Z,2026-07-27T23:00:00+0200,0.0,MW,FR,FR,forecast_solar_generation,Solar,2026-08-20T04:49:42Z
2026-08-20T04:48:34Z,2026-08-20T06:48:34+0200,a8c862e9-3667-4aca-b3d4-061a7f73b92e,2026-07-27T21:15:00Z,2026-07-27T23:15:00+0200,0.0,MW,FR,FR,forecast_solar_generation,Solar,2026-08-20T04:49:42Z
2026-08-20T04:48:34Z,2026-08-20T06:48:34+0200,a8c862e9-3667-4aca-b3d4-061a7f73b92e,2026-07-27T21:30:00Z,2026-07-27T23:30:00+0200,0.0,MW,FR,FR,forecast_solar_generation,Solar,2026-08-20T04:49:42Z
2026-08-20T04:48:34Z,2026-08-20T06:48:34+0200,a8c862e9-3667-4aca-b3d4-061a7f73b92e,2026-07-27T21:45:00Z,2026-07-27T23:45:00+0200,0.0,MW,FR,FR,forecast_solar_generation,Solar,2026-08-20T04:49:42Z
2026-08-20T04:48:34Z,2026-08-20T06:48:34+0200,a8c862e9-3667-4aca-b3d4-061a7f73b92e,2026-07-27T22:00:00Z,2026-07-28T00:00:00+0200,0.0,MW,FR,FR,forecast_solar_generation,Solar,2026-08-20T04:49:42Z
2026-08-20T04:48:34Z,2026-08-20T06:48:34+0200,a8c862e9-3667-4aca-b3d4-061a7f73b92e,2026-07-27T22:15:00Z,2026-07-28T00:15:00+0200,0.0,MW,FR,FR,forecast_solar_generation,Solar,2026-08-20T04:49:42Z
2026-08-20T04:48:34Z,2026-08-20T06:48:34+0200,a8c862e9-3667-4aca-b3d4-061a7f73b92e,2026-07-27T22:30:00Z,2026-07-28T00:30:00+0200,0.0,MW,FR,FR,forecast_solar_generation,Solar,2026-08-20T04:49:42Z
2026-08-20T04:48:34Z,2026-08-20T06:48:34+0200,a8c862e9-3667-4aca-b3d4-061a7f73b92e,2026-07-27T22:45:00Z,2026-07-28T00:45:00+0200,0.0,MW,FR,FR,forecast_solar_generation,Solar,2026-08-20T04:49:42Z
2026-08-20T04:48:34Z,2026-08-20T06:48:34+0200,a8c862e9-3667-4aca-b3d4-061a7f73b92e,2026-07-27T23:00:00Z,2026-07-28T01:00:00+0200,0.0,MW,FR,FR,forecast_solar_generation,Solar,2026-08-20T04:49:42Z
2026-08-20T04:48:34Z,2026-08-20T06:48:34+0200,a8c862e9-3667-4aca-b3d4-061a7f73b92e,2026-07-27T23:15:00Z,2026-07-28T01:15:00+0200,0.0,MW,FR,FR,forecast_solar_generation,Solar,2026-08-20T04:49:42Z
2026-08-20T04:48:34Z,2026-08-20T06:48:34+0200,a8c862e9-3667-4aca-b3d4-061a7f73b92e,2026-07-27T23:30:00Z,2026-07-28T01:30:00+0200,0.0,MW,FR,FR,forecast_solar_generation,Solar,2026-08-20T04:49:42Z
2026-08-20T04:48:34Z,2026-08-20T06:48:34+0200,a8c862e9-3667-4aca-b3d4-061a7f73b92e,2026-07-27T23:45:00Z,2026-07-28T01:45:00+0200,0.0,MW,FR,FR,forecast_solar_generation,Solar,2026-08-20T04:49:42Z
2026-08-20T04:48:34Z,2026-08-20T06:48:34+0200,a8c862e9-3667-4aca-b3d4-061a7f73b92e,2026-07-28T00:00:00Z,2026-07-28T02:00:00+0200,0.0,MW,FR,FR,forecast_solar_generation,Solar,2026-08-20T04:49:42Z
2026-08-20T04:48:34Z,2026-08-20T06:48:34+0200,a8c862e9-3667-4aca-b3d4-061a7f73b92e,2026-07-28T00:15:00Z,2026-07-28T02:15:00+0200,0.0,MW,FR,FR,forecast_solar_generation,Solar,2026-08-20T04:49:42Z
2026-08-20T04:48:34Z,2026-08-20T06:48:34+0200,a8c862e9-3667-4aca-b3d4-061a7f73b92e,2026-07-28T00:30:00Z,2026-07-28T02:30:00+0200,0.0,MW,FR,FR,forecast_solar_generation,Solar,2026-08-20T04:49:42Z
2026-08-20T04:48:34Z,2026-08-20T06:48:34+0200,a8c862e9-3667-4aca-b3d4-061a7f73b92e,2026-07-28T00:45:00Z,2026-07-28T02:45:00+0200,0.0,MW,FR,FR,forecast_solar_generation,Solar,2026-08-20T04:49:42Z
2026-08-20T04:48:34Z,2026-08-20T06:48:34+0200,a8c862e9-3667-4aca-b3d4-061a7f73b92e,2026-07-28T01:00:00Z,2026-07-28T03:00:00+0200,0.0,MW,FR,FR,forecast_solar_generation,Solar,2026-08-20T04:49:42Z
2026-08-20T04:48:34Z,2026-08-20T06:48:34+0200,a8c862e9-3667-4aca-b3d4-061a7f73b92e,2026-07-28T01:15:00Z,2026-07-28T03:15:00+0200,0.0,MW,FR,FR,forecast_solar_generation,Solar,2026-08-20T04:49:42Z
2026-08-20T04:48:34Z,2026-08-20T06:48:34+0200,a8c862e9-3667-4aca-b3d4-061a7f73b92e,2026-07-28T01:30:00Z,2026-07-28T03:30:00+0200,0.0,MW,FR,FR,forecast_solar_generation,Solar,2026-08-20T04:49:42Z
2026-08-20T04:48:34Z,2026-08-20T06:48:34+0200,a8c862e9-3667-4aca-b3d4-061a7f73b92e,2026-07-28T01:45:00Z,2026-07-28T03:45:00+0200,0.0,MW,FR,FR,forecast_solar_generation,Solar,2026-08-20T04:49:42Z
2026-08-20T04:48:34Z,2026-08-20T06:48:34+0200,a8c862e9-3667-4aca-b3d4-061a7f73b92e,2026-07-28T02:00:00Z,2026-07-28T04:00:00+0200,0.0,MW,FR,FR,forecast_solar_generation,Solar,2026-08-20T04:49:42Z
2026-08-20T04:48:34Z,2026-08-20T06:48:34+0200,a8c862e9-3667-4aca-b3d4-061a7f73b92e,2026-07-28T02:15:00Z,2026-07-28T04:15:00+0200,0.0,MW,FR,FR,forecast_solar_generation,Solar,2026-08-20T04:49:42Z
2026-08-20T04:48:34Z,2026-08-20T06:48:34+0200,a8c862e9-3667-4aca-b3d4-061a7f73b92e,2026-07-28T02:30:00Z,2026-07-28T04:30:00+0200,0.0,MW,FR,FR,forecast_solar_generation,Solar,2026-08-20T04:49:42Z
2026-08-20T04:48:34Z,2026-08-20T06:48:34+0200,a8c862e9-3667-4aca-b3d4-061a7f73b92e,2026-07-28T02:45:00Z,2026-07-28T04:45:00+0200,0.0,MW,FR,FR,forecast_solar_generation,Solar,2026-08-20T04:49:42Z
2026-08-20T04:48:34Z,2026-08-20T06:48:34+0200,a8c862e9-3667-4aca-b3d4-061a7f73b92e,2026-07-28T03:00:00Z,2026-07-28T05:00:00+0200,0.0,MW,FR,FR,forecast_solar_generation,Solar,2026-08-20T04:49:42Z
2026-08-20T04:48:34Z,2026-08-20T06:48:34+0200,a8c862e9-3667-4aca-b3d4-061a7f73b92e,2026-07-28T03:15:00Z,2026-07-28T05:15:00+0200,0.0,MW,FR,FR,forecast_solar_generation,Solar,2026-08-20T04:49:42Z
2026-08-20T04:48:34Z,2026-08-20T06:48:34+0200,a8c862e9-3667-4aca-b3d4-061a7f73b92e,2026-07-28T03:30:00Z,2026-07-28T05:30:00+0200,0.0,MW,FR,FR,forecast_solar_generation,Solar,2026-08-20T04:49:42Z
2026-08-20T04:48:34Z,2026-08-20T06:48:34+0200,a8c862e9-3667-4aca-b3d4-061a7f73b92e,2026-07-28T03:45:00Z,2026-07-28T05:45:00+0200,0.0,MW,FR,FR,forecast_solar_generation,Solar,2026-08-20T04:49:42Z
2026-08-20T04:48:34Z,2026-08-20T06:48:34+0200,a8c862e9-3667-4aca-b3d4-061a7f73b92e,2026-07-28T04:00:00Z,2026-07-28T06:00:00+0200,3.06349,MW,FR,FR,forecast_solar_generation,Solar,2026-08-20T04:49:42Z
2026-08-20T04:48:34Z,2026-08-20T06:48:34+0200,a8c862e9-3667-4aca-b3d4-061a7f73b92e,2026-07-28T04:15:00Z,2026-07-28T06:15:00+0200,23.14548,MW,FR,FR,forecast_solar_generation,Solar,2026-08-20T04:49:42Z
2026-08-20T04:48:34Z,2026-08-20T06:48:34+0200,a8c862e9-3667-4aca-b3d4-061a7f73b92e,2026-07-28T04:30:00Z,2026-07-28T06:30:00+0200,83.23186,MW,FR,FR,forecast_solar_generation,Solar,2026-08-20T04:49:42Z
2026-08-20T04:48:34Z,2026-08-20T06:48:34+0200,a8c862e9-3667-4aca-b3d4-061a7f73b92e,2026-07-28T04:45:00Z,2026-07-28T06:45:00+0200,278.25131,MW,FR,FR,forecast_solar_generation,Solar,2026-08-20T04:49:42Z
2026-08-20T04:48:34Z,2026-08-20T06:48:34+0200,a8c862e9-3667-4aca-b3d4-061a7f73b92e,2026-07-28T05:00:00Z,2026-07-28T07:00:00+0200,581.15729,MW,FR,FR,forecast_solar_generation,Solar,2026-08-20T04:49:42Z
2026-08-20T04:48:34Z,2026-08-20T06:48:34+0200,a8c862e9-3667-4aca-b3d4-061a7f73b92e,2026-07-28T05:15:00Z,2026-07-28T07:15:00+0200,942.31415,MW,FR,FR,forecast_solar_generation,Solar,2026-08-20T04:49:42Z
2026-08-20T04:48:34Z,2026-08-20T06:48:34+0200,a8c862e9-3667-4aca-b3d4-061a7f73b92e,2026-07-28T05:30:00Z,2026-07-28T07:30:00+0200,1369.45398,MW,FR,FR,forecast_solar_generation,Solar,2026-08-20T04:49:42Z
2026-08-20T04:48:34Z,2026-08-20T06:48:34+0200,a8c862e9-3667-4aca-b3d4-061a7f73b92e,2026-07-28T05:45:00Z,2026-07-28T07:45:00+0200,2077.12817,MW,FR,FR,forecast_solar_generation,Solar,2026-08-20T04:49:42Z
2026-08-20T04:48:34Z,2026-08-20T06:48:34+0200,a8c862e9-3667-4aca-b3d4-061a7f73b92e,2026-07-28T06:00:00Z,2026-07-28T08:00:00+0200,2999.77954,MW,FR,FR,forecast_solar_generation,Solar,2026-08-20T04:49:42Z
2026-08-20T04:48:34Z,2026-08-20T06:48:34+0200,a8c862e9-3667-4aca-b3d4-061a7f73b92e,2026-07-28T06:15:00Z,2026-07-28T08:15:00+0200,4083.38672,MW,FR,FR,forecast_solar_generation,Solar,2026-08-20T04:49:42Z
2026-08-20T04:48:34Z,2026-08-20T06:48:34+0200,a8c862e9-3667-4aca-b3d4-061a7f73b92e,2026-07-28T06:30:00Z,2026-07-28T08:30:00+0200,5142.69824,MW,FR,FR,forecast_solar_generation,Solar,2026-08-20T04:49:42Z
2026-08-20T04:48:34Z,2026-08-20T06:48:34+0200,a8c862e9-3667-4aca-b3d4-061a7f73b92e,2026-07-28T06:45:00Z,2026-07-28T08:45:00+0200,6490.19775,MW,FR,FR,forecast_solar_generation,Solar,2026-08-20T04:49:42Z
2026-08-20T04:48:34Z,2026-08-20T06:48:34+0200,a8c862e9-3667-4aca-b3d4-061a7f73b92e,2026-07-28T07:00:00Z,2026-07-28T09:00:00+0200,7735.47754,MW,FR,FR,forecast_solar_generation,Solar,2026-08-20T04:49:42Z
2026-08-20T04:48:34Z,2026-08-20T06:48:34+0200,a8c862e9-3667-4aca-b3d4-061a7f73b92e,2026-07-28T07:15:00Z,2026-07-28T09:15:00+0200,9212.07227,MW,FR,FR,forecast_solar_generation,Solar,2026-08-20T04:49:42Z
2026-08-20T04:48:34Z,2026-08-20T06:48:34+0200,a8c862e9-3667-4aca-b3d4-061a7f73b92e,2026-07-28T07:30:00Z,2026-07-28T09:30:00+0200,10419.61328,MW,FR,FR,forecast_solar_generation,Solar,2026-08-20T04:49:42Z
2026-08-20T04:48:34Z,2026-08-20T06:48:34+0200,a8c862e9-3667-4aca-b3d4-061a7f73b92e,2026-07-28T07:45:00Z,2026-07-28T09:45:00+0200,11748.5459,MW,FR,FR,forecast_solar_generation,Solar,2026-08-20T04:49:42Z
2026-08-20T04:48:34Z,2026-08-20T06:48:34+0200,a8c862e9-3667-4aca-b3d4-061a7f73b92e,2026-07-28T08:00:00Z,2026-07-28T10:00:00+0200,12916.71191,MW,FR,FR,forecast_solar_generation,Solar,2026-08-20T04:49:42Z
2026-08-20T04:48:34Z,2026-08-20T06:48:34+0200,a8c862e9-3667-4aca-b3d4-061a7f73b92e,2026-07-28T08:15:00Z,2026-07-28T10:15:00+0200,14275.6709,MW,FR,FR,forecast_solar_generation,Solar,2026-08-20T04:49:42Z
2026-08-20T04:48:34Z,2026-08-20T06:48:34+0200,a8c862e9-3667-4aca-b3d4-061a7f73b92e,2026-07-28T08:30:00Z,2026-07-28T10:30:00+0200,11743.12305,MW,FR,FR,forecast_solar_generation,Solar,2026-08-20T04:49:42Z
2026-08-20T04:48:34Z,2026-08-20T06:48:34+0200,a8c862e9-3667-4aca-b3d4-061a7f73b92e,2026-07-28T08:45:00Z,2026-07-28T10:45:00+0200,12520.46387,MW,FR,FR,forecast_solar_generation,Solar,2026-08-20T04:49:42Z
2026-08-20T04:48:34Z,2026-08-20T06:48:34+0200,a8c862e9-3667-4aca-b3d4-061a7f73b92e,2026-07-28T09:00:00Z,2026-07-28T11:00:00+0200,13160.50977,MW,FR,FR,forecast_solar_generation,Solar,2026-08-20T04:49:42Z
2026-08-20T04:48:34Z,2026-08-20T06:48:34+0200,a8c862e9-3667-4aca-b3d4-061a7f73b92e,2026-07-28T09:15:00Z,2026-07-28T11:15:00+0200,13897.40918,MW,FR,FR,forecast_solar_generation,Solar,2026-08-20T04:49:42Z
2026-08-20T04:48:34Z,2026-08-20T06:48:34+0200,a8c862e9-3667-4aca-b3d4-061a7f73b92e,2026-07-28T09:30:00Z,2026-07-28T11:30:00+0200,14456.05664,MW,FR,FR,forecast_solar_generation,Solar,2026-08-20T04:49:42Z
2026-08-20T04:48:34Z,2026-08-20T06:48:34+0200,a8c862e9-3667-4aca-b3d4-061a7f73b92e,2026-07-28T09:45:00Z,2026-07-28T11:45:00+0200,14979.0918,MW,FR,FR,forecast_solar_generation,Solar,2026-08-20T04:49:42Z
2026-08-20T04:48:34Z,2026-08-20T06:48:34+0200,a8c862e9-3667-4aca-b3d4-061a7f73b92e,2026-07-28T10:00:00Z,2026-07-28T12:00:00+0200,15423.52344,MW,FR,FR,forecast_solar_generation,Solar,2026-08-20T04:49:42Z
2026-08-20T04:48:34Z,2026-08-20T06:48:34+0200,a8c862e9-3667-4aca-b3d4-061a7f73b92e,2026-07-28T10:15:00Z,2026-07-28T12:15:00+0200,20485.78516,MW,FR,FR,forecast_solar_generation,Solar,2026-08-20T04:49:42Z
2026-08-20T04:48:34Z,2026-08-20T06:48:34+0200,a8c862e9-3667-4aca-b3d4-061a7f73b92e,2026-07-28T10:30:00Z,2026-07-28T12:30:00+0200,20928.12305,MW,FR,FR,forecast_solar_generation,Solar,2026-08-20T04:49:42Z
2026-08-20T04:48:34Z,2026-08-20T06:48:34+0200,a8c862e9-3667-4aca-b3d4-061a7f73b92e,2026-07-28T10:45:00Z,2026-07-28T12:45:00+0200,16375.9541,MW,FR,FR,forecast_solar_generation,Solar,2026-08-20T04:49:42Z
2026-08-20T04:48:34Z,2026-08-20T06:48:34+0200,a8c862e9-3667-4aca-b3d4-061a7f73b92e,2026-07-28T11:00:00Z,2026-07-28T13:00:00+0200,16583.40625,MW,FR,FR,forecast_solar_generation,Solar,2026-08-20T04:49:42Z
2026-08-20T04:48:34Z,2026-08-20T06:48:34+0200,a8c862e9-3667-4aca-b3d4-061a7f73b92e,2026-07-28T11:15:00Z,2026-07-28T13:15:00+0200,16712.95312,MW,FR,FR,forecast_solar_generation,Solar,2026-08-20T04:49:42Z
2026-08-20T04:48:34Z,2026-08-20T06:48:34+0200,a8c862e9-3667-4aca-b3d4-061a7f73b92e,2026-07-28T11:30:00Z,2026-07-28T13:30:00+0200,16825.53906,MW,FR,FR,forecast_solar_generation,Solar,2026-08-20T04:49:42Z
2026-08-20T04:48:34Z,2026-08-20T06:48:34+0200,a8c862e9-3667-4aca-b3d4-061a7f73b92e,2026-07-28T11:45:00Z,2026-07-28T13:45:00+0200,16881.13477,MW,FR,FR,forecast_solar_generation,Solar,2026-08-20T04:49:42Z
2026-08-20T04:48:34Z,2026-08-20T06:48:34+0200,a8c862e9-3667-4aca-b3d4-061a7f73b92e,2026-07-28T12:00:00Z,2026-07-28T14:00:00+0200,16906.00781,MW,FR,FR,forecast_solar_generation,Solar,2026-08-20T04:49:42Z
2026-08-20T04:48:34Z,2026-08-20T06:48:34+0200,a8c862e9-3667-4aca-b3d4-061a7f73b92e,2026-07-28T12:15:00Z,2026-07-28T14:15:00+0200,16891.54883,MW,FR,FR,forecast_solar_generation,Solar,2026-08-20T04:49:42Z
2026-08-20T04:48:34Z,2026-08-20T06:48:34+0200,a8c862e9-3667-4aca-b3d4-061a7f73b92e,2026-07-28T12:30:00Z,2026-07-28T14:30:00+0200,21769.94141,MW,FR,FR,forecast_solar_generation,Solar,2026-08-20T04:49:42Z
2026-08-20T04:48:34Z,2026-08-20T06:48:34+0200,a8c862e9-3667-4aca-b3d4-061a7f73b92e,2026-07-28T12:45:00Z,2026-07-28T14:45:00+0200,21593.86914,MW,FR,FR,forecast_solar_generation,Solar,2026-08-20T04:49:42Z
2026-08-20T04:48:34Z,2026-08-20T06:48:34+0200,a8c862e9-3667-4aca-b3d4-061a7f73b92e,2026-07-28T13:00:00Z,2026-07-28T15:00:00+0200,21385.66211,MW,FR,FR,forecast_solar_generation,Solar,2026-08-20T04:49:42Z
2026-08-20T04:48:34Z,2026-08-20T06:48:34+0200,a8c862e9-3667-4aca-b3d4-061a7f73b92e,2026-07-28T13:15:00Z,2026-07-28T15:15:00+0200,21125.86719,MW,FR,FR,forecast_solar_generation,Solar,2026-08-20T04:49:42Z
2026-08-20T04:48:34Z,2026-08-20T06:48:34+0200,a8c862e9-3667-4aca-b3d4-061a7f73b92e,2026-07-28T13:30:00Z,2026-07-28T15:30:00+0200,20834.7793,MW,FR,FR,forecast_solar_generation,Solar,2026-08-20T04:49:42Z
2026-08-20T04:48:34Z,2026-08-20T06:48:34+0200,a8c862e9-3667-4aca-b3d4-061a7f73b92e,2026-07-28T13:45:00Z,2026-07-28T15:45:00+0200,20416.20117,MW,FR,FR,forecast_solar_generation,Solar,2026-08-20T04:49:42Z
2026-08-20T04:48:34Z,2026-08-20T06:48:34+0200,a8c862e9-3667-4aca-b3d4-061a7f73b92e,2026-07-28T14:00:00Z,2026-07-28T16:00:00+0200,19894.36914,MW,FR,FR,forecast_solar_generation,Solar,2026-08-20T04:49:42Z
2026-08-20T04:48:34Z,2026-08-20T06:48:34+0200,a8c862e9-3667-4aca-b3d4-061a7f73b92e,2026-07-28T14:15:00Z,2026-07-28T16:15:00+0200,19373.55273,MW,FR,FR,forecast_solar_generation,Solar,2026-08-20T04:49:42Z
2026-08-20T04:48:34Z,2026-08-20T06:48:34+0200,a8c862e9-3667-4aca-b3d4-061a7f73b92e,2026-07-28T14:30:00Z,2026-07-28T16:30:00+0200,18654.43555,MW,FR,FR,forecast_solar_generation,Solar,2026-08-20T04:49:42Z
2026-08-20T04:48:34Z,2026-08-20T06:48:34+0200,a8c862e9-3667-4aca-b3d4-061a7f73b92e,2026-07-28T14:45:00Z,2026-07-28T16:45:00+0200,17846.32422,MW,FR,FR,forecast_solar_generation,Solar,2026-08-20T04:49:42Z
2026-08-20T04:48:34Z,2026-08-20T06:48:34+0200,a8c862e9-3667-4aca-b3d4-061a7f73b92e,2026-07-28T15:00:00Z,2026-07-28T17:00:00+0200,17029.82031,MW,FR,FR,forecast_solar_generation,Solar,2026-08-20T04:49:42Z
2026-08-20T04:48:34Z,2026-08-20T06:48:34+0200,a8c862e9-3667-4aca-b3d4-061a7f73b92e,2026-07-28T15:15:00Z,2026-07-28T17:15:00+0200,16190.78711,MW,FR,FR,forecast_solar_generation,Solar,2026-08-20T04:49:42Z
2026-08-20T04:48:34Z,2026-08-20T06:48:34+0200,a8c862e9-3667-4aca-b3d4-061a7f73b92e,2026-07-28T15:30:00Z,2026-07-28T17:30:00+0200,15263.05566,MW,FR,FR,forecast_solar_generation,Solar,2026-08-20T04:49:42Z
2026-08-20T04:48:34Z,2026-08-20T06:48:34+0200,a8c862e9-3667-4aca-b3d4-061a7f73b92e,2026-07-28T15:45:00Z,2026-07-28T17:45:00+0200,14291.27539,MW,FR,FR,forecast_solar_generation,Solar,2026-08-20T04:49:42Z
2026-08-20T04:48:34Z,2026-08-20T06:48:34+0200,a8c862e9-3667-4aca-b3d4-061a7f73b92e,2026-07-28T16:00:00Z,2026-07-28T18:00:00+0200,13130.50488,MW,FR,FR,forecast_solar_generation,Solar,2026-08-20T04:49:42Z
2026-08-20T04:48:34Z,2026-08-20T06:48:34+0200,a8c862e9-3667-4aca-b3d4-061a7f73b92e,2026-07-28T16:15:00Z,2026-07-28T18:15:00+0200,11935.99805,MW,FR,FR,forecast_solar_generation,Solar,2026-08-20T04:49:42Z
2026-08-20T04:48:34Z,2026-08-20T06:48:34+0200,a8c862e9-3667-4aca-b3d4-061a7f73b92e,2026-07-28T16:30:00Z,2026-07-28T18:30:00+0200,10667.95898,MW,FR,FR,forecast_solar_generation,Solar,2026-08-20T04:49:42Z
2026-08-20T04:48:34Z,2026-08-20T06:48:34+0200,a8c862e9-3667-4aca-b3d4-061a7f73b92e,2026-07-28T16:45:00Z,2026-07-28T18:45:00+0200,9487.87891,MW,FR,FR,forecast_solar_generation,Solar,2026-08-20T04:49:42Z
2026-08-20T04:48:34Z,2026-08-20T06:48:34+0200,a8c862e9-3667-4aca-b3d4-061a7f73b92e,2026-07-28T17:00:00Z,2026-07-28T19:00:00+0200,8091.4165,MW,FR,FR,forecast_solar_generation,Solar,2026-08-20T04:49:42Z
2026-08-20T04:48:34Z,2026-08-20T06:48:34+0200,a8c862e9-3667-4aca-b3d4-061a7f73b92e,2026-07-28T17:15:00Z,2026-07-28T19:15:00+0200,6893.81543,MW,FR,FR,forecast_solar_generation,Solar,2026-08-20T04:49:42Z
2026-08-20T04:48:34Z,2026-08-20T06:48:34+0200,a8c862e9-3667-4aca-b3d4-061a7f73b92e,2026-07-28T17:30:00Z,2026-07-28T19:30:00+0200,5483.52344,MW,FR,FR,forecast_solar_generation,Solar,2026-08-20T04:49:42Z
2026-08-20T04:48:34Z,2026-08-20T06:48:34+0200,a8c862e9-3667-4aca-b3d4-061a7f73b92e,2026-07-28T17:45:00Z,2026-07-28T19:45:00+0200,4461.75879,MW,FR,FR,forecast_solar_generation,Solar,2026-08-20T04:49:42Z
2026-08-20T04:48:34Z,2026-08-20T06:48:34+0200,a8c862e9-3667-4aca-b3d4-061a7f73b92e,2026-07-28T18:00:00Z,2026-07-28T20:00:00+0200,3294.08813,MW,FR,FR,forecast_solar_generation,Solar,2026-08-20T04:49:42Z
2026-08-20T04:48:34Z,2026-08-20T06:48:34+0200,a8c862e9-3667-4aca-b3d4-061a7f73b92e,2026-07-28T18:15:00Z,2026-07-28T20:15:00+0200,2378.4917,MW,FR,FR,forecast_solar_generation,Solar,2026-08-20T04:49:42Z
2026-08-20T04:48:34Z,2026-08-20T06:48:34+0200,a8c862e9-3667-4aca-b3d4-061a7f73b92e,2026-07-28T18:30:00Z,2026-07-28T20:30:00+0200,1594.33508,MW,FR,FR,forecast_solar_generation,Solar,2026-08-20T04:49:42Z
2026-08-20T04:48:34Z,2026-08-20T06:48:34+0200,a8c862e9-3667-4aca-b3d4-061a7f73b92e,2026-07-28T18:45:00Z,2026-07-28T20:45:00+0200,1110.86938,MW,FR,FR,forecast_solar_generation,Solar,2026-08-20T04:49:42Z
2026-08-20T04:48:34Z,2026-08-20T06:48:34+0200,a8c862e9-3667-4aca-b3d4-061a7f73b92e,2026-07-28T19:00:00Z,2026-07-28T21:00:00+0200,669.21661,MW,FR,FR,forecast_solar_generation,Solar,2026-08-20T04:49:42Z
2026-08-20T04:48:34Z,2026-08-20T06:48:34+0200,a8c862e9-3667-4aca-b3d4-061a7f73b92e,2026-07-28T19:15:00Z,2026-07-28T21:15:00+0200,259.98413,MW,FR,FR,forecast_solar_generation,Solar,2026-08-20T04:49:42Z
2026-08-20T04:48:34Z,2026-08-20T06:48:34+0200,a8c862e9-3667-4aca-b3d4-061a7f73b92e,2026-07-28T19:30:00Z,2026-07-28T21:30:00+0200,35.12143,MW,FR,FR,forecast_solar_generation,Solar,2026-08-20T04:49:42Z
2026-08-20T04:48:34Z,2026-08-20T06:48:34+0200,a8c862e9-3667-4aca-b3d4-061a7f73b92e,2026-07-28T19:45:00Z,2026-07-28T21:45:00+0200,2.28153,MW,FR,FR,forecast_solar_generation,Solar,2026-08-20T04:49:42Z
2026-08-20T04:48:34Z,2026-08-20T06:48:34+0200,a8c862e9-3667-4aca-b3d4-061a7f73b92e,2026-07-28T20:00:00Z,2026-07-28T22:00:00+0200,0.0,MW,FR,FR,forecast_solar_generation,Solar,2026-08-20T04:49:42Z
2026-08-20T04:48:34Z,2026-08-20T06:48:34+0200,a8c862e9-3667-4aca-b3d4-061a7f73b92e,2026-07-28T20:15:00Z,2026-07-28T22:15:00+0200,0.0,MW,FR,FR,forecast_solar_generation,Solar,2026-08-20T04:49:42Z
2026-08-20T04:48:34Z,2026-08-20T06:48:34+0200,a8c862e9-3667-4aca-b3d4-061a7f73b92e,2026-07-28T20:30:00Z,2026-07-28T22:30:00+0200,0.0,MW,FR,FR,forecast_solar_generation,Solar,2026-08-20T04:49:42Z
2026-08-20T04:48:34Z,2026-08-20T06:48:34+0200,a8c862e9-3667-4aca-b3d4-061a7f73b92e,2026-07-28T20:45:00Z,2026-07-28T22:45:00+0200,0.0,MW,FR,FR,forecast_solar_generation,Solar,2026-08-20T04:49:42Z
2026-08-20T04:48:34Z,2026-08-20T06:48:34+0200,a8c862e9-3667-4aca-b3d4-061a7f73b92e,2026-07-28T21:00:00Z,2026-07-28T23:00:00+0200,0.0,MW,FR,FR,forecast_solar_generation,Solar,2026-08-20T04:49:42Z
2026-08-20T04:48:34Z,2026-08-20T06:48:34+0200,a8c862e9-3667-4aca-b3d4-061a7f73b92e,2026-07-28T21:15:00Z,2026-07-28T23:15:00+0200,0.0,MW,FR,FR,forecast_solar_generation,Solar,2026-08-20T04:49:42Z
2026-08-20T04:48:34Z,2026-08-20T06:48:34+0200,a8c862e9-3667-4aca-b3d4-061a7f73b92e,2026-07-28T21:30:00Z,2026-07-28T23:30:00+0200,0.0,MW,FR,FR,forecast_solar_generation,Solar,2026-08-20T04:49:42Z
2026-08-20T04:48:34Z,2026-08-20T06:48:34+0200,a8c862e9-3667-4aca-b3d4-061a7f73b92e,2026-07-28T21:45:00Z,2026-07-28T23:45:00+0200,0.0,MW,FR,FR,forecast_solar_generation,Solar,2026-08-20T04:49:42Z
2026-08-20T04:48:34Z,2026-08-20T06:48:34+0200,a8c862e9-3667-4aca-b3d4-061a7f73b92e,2026-07-28T22:00:00Z,2026-07-29T00:00:00+0200,0.0,MW,FR,FR,forecast_solar_generation,Solar,2026-08-20T04:49:42Z
2026-08-20T04:48:34Z,2026-08-20T06:48:34+0200,a8c862e9-3667-4aca-b3d4-061a7f73b92e,2026-07-28T22:15:00Z,2026-07-29T00:15:00+0200,0.0,MW,FR,FR,forecast_solar_generation,Solar,2026-08-20T04:49:42Z
2026-08-20T04:48:34Z,2026-08-20T06:48:34+0200,a8c862e9-3667-4aca-b3d4-061a7f73b92e,2026-07-28T22:30:00Z,2026-07-29T00:30:00+0200,0.0,MW,FR,FR,forecast_solar_generation,Solar,2026-08-20T04:49:42Z
2026-08-20T04:48:34Z,2026-08-20T06:48:34+0200,a8c862e9-3667-4aca-b3d4-061a7f73b92e,2026-07-28T22:45:00Z,2026-07-29T00:45:00+0200,0.0,MW,FR,FR,forecast_solar_generation,Solar,2026-08-20T04:49:42Z
2026-08-20T04:48:34Z,2026-08-20T06:48:34+0200,a8c862e9-3667-4aca-b3d4-061a7f73b92e,2026-07-28T23:00:00Z,2026-07-29T01:00:00+0200,0.0,MW,FR,FR,forecast_solar_generation,Solar,2026-08-20T04:49:42Z
2026-08-20T04:48:34Z,2026-08-20T06:48:34+0200,a8c862e9-3667-4aca-b3d4-061a7f73b92e,2026-07-28T23:15:00Z,2026-07-29T01:15:00+0200,0.0,MW,FR,FR,forecast_solar_generation,Solar,2026-08-20T04:49:42Z
2026-08-20T04:48:34Z,2026-08-20T06:48:34+0200,a8c862e9-3667-4aca-b3d4-061a7f73b92e,2026-07-28T23:30:00Z,2026-07-29T01:30:00+0200,0.0,MW,FR,FR,forecast_solar_generation,Solar,2026-08-20T04:49:42Z
2026-08-20T04:48:34Z,2026-08-20T06:48:34+0200,a8c862e9-3667-4aca-b3d4-061a7f73b92e,2026-07-28T23:45:00Z,2026-07-29T01:45:00+0200,0.0,MW,FR,FR,forecast_solar_generation,Solar,2026-08-20T04:49:42Z
2026-08-20T04:48:34Z,2026-08-20T06:48:34+0200,a8c862e9-3667-4aca-b3d4-061a7f73b92e,2026-07-29T00:00:00Z,2026-07-29T02:00:00+0200,0.0,MW,FR,FR,forecast_solar_generation,Solar,2026-08-20T04:49:42Z
2026-08-20T04:48:34Z,2026-08-20T06:48:34+0200,a8c862e9-3667-4aca-b3d4-061a7f73b92e,2026-07-29T00:15:00Z,2026-07-29T02:15:00+0200,0.0,MW,FR,FR,forecast_solar_generation,Solar,2026-08-20T04:49:42Z
2026-08-20T04:48:34Z,2026-08-20T06:48:34+0200,a8c862e9-3667-4aca-b3d4-061a7f73b92e,2026-07-29T00:30:00Z,2026-07-29T02:30:00+0200,0.0,MW,FR,FR,forecast_solar_generation,Solar,2026-08-20T04:49:42Z
2026-08-20T04:48:34Z,2026-08-20T06:48:34+0200,a8c862e9-3667-4aca-b3d4-061a7f73b92e,2026-07-29T00:45:00Z,2026-07-29T02:45:00+0200,0.0,MW,FR,FR,forecast_solar_generation,Solar,2026-08-20T04:49:42Z
2026-08-20T04:48:34Z,2026-08-20T06:48:34+0200,a8c862e9-3667-4aca-b3d4-061a7f73b92e,2026-07-29T01:00:00Z,2026-07-29T03:00:00+0200,0.0,MW,FR,FR,forecast_solar_generation,Solar,2026-08-20T04:49:42Z
2026-08-20T04:48:34Z,2026-08-20T06:48:34+0200,a8c862e9-3667-4aca-b3d4-061a7f73b92e,2026-07-29T01:15:00Z,2026-07-29T03:15:00+0200,0.0,MW,FR,FR,forecast_solar_generation,Solar,2026-08-20T04:49:42Z
2026-08-20T04:48:34Z,2026-08-20T06:48:34+0200,a8c862e9-3667-4aca-b3d4-061a7f73b92e,2026-07-29T01:30:00Z,2026-07-29T03:30:00+0200,0.0,MW,FR,FR,forecast_solar_generation,Solar,2026-08-20T04:49:42Z
2026-08-20T04:48:34Z,2026-08-20T06:48:34+0200,a8c862e9-3667-4aca-b3d4-061a7f73b92e,2026-07-29T01:45:00Z,2026-07-29T03:45:00+0200,0.0,MW,FR,FR,forecast_solar_generation,Solar,2026-08-20T04:49:42Z
2026-08-20T04:48:34Z,2026-08-20T06:48:34+0200,a8c862e9-3667-4aca-b3d4-061a7f73b92e,2026-07-29T02:00:00Z,2026-07-29T04:00:00+0200,0.0,MW,FR,FR,forecast_solar_generation,Solar,2026-08-20T04:49:42Z
2026-08-20T04:48:34Z,2026-08-20T06:48:34+0200,a8c862e9-3667-4aca-b3d4-061a7f73b92e,2026-07-29T02:15:00Z,2026-07-29T04:15:00+0200,0.0,MW,FR,FR,forecast_solar_generation,Solar,2026-08-20T04:49:42Z
2026-08-20T04:48:34Z,2026-08-20T06:48:34+0200,a8c862e9-3667-4aca-b3d4-061a7f73b92e,2026-07-29T02:30:00Z,2026-07-29T04:30:00+0200,0.0,MW,FR,FR,forecast_solar_generation,Solar,2026-08-20T04:49:42Z
2026-08-20T04:48:34Z,2026-08-20T06:48:34+0200,a8c862e9-3667-4aca-b3d4-061a7f73b92e,2026-07-29T02:45:00Z,2026-07-29T04:45:00+0200,0.0,MW,FR,FR,forecast_solar_generation,Solar,2026-08-20T04:49:42Z
2026-08-20T04:48:34Z,2026-08-20T06:48:34+0200,a8c862e9-3667-4aca-b3d4-061a7f73b92e,2026-07-29T03:00:00Z,2026-07-29T05:00:00+0200,0.0,MW,FR,FR,forecast_solar_generation,Solar,2026-08-20T04:49:42Z
2026-08-20T04:48:34Z,2026-08-20T06:48:34+0200,a8c862e9-3667-4aca-b3d4-061a7f73b92e,2026-07-29T03:15:00Z,2026-07-29T05:15:00+0200,0.0,MW,FR,FR,forecast_solar_generation,Solar,2026-08-20T04:49:42Z
2026-08-20T04:48:34Z,2026-08-20T06:48:34+0200,a8c862e9-3667-4aca-b3d4-061a7f73b92e,2026-07-29T03:30:00Z,2026-07-29T05:30:00+0200,0.0,MW,FR,FR,forecast_solar_generation,Solar,2026-08-20T04:49:42Z
2026-08-20T04:48:34Z,2026-08-20T06:48:34+0200,a8c862e9-3667-4aca-b3d4-061a7f73b92e,2026-07-29T03:45:00Z,2026-07-29T05:45:00+0200,0.0,MW,FR,FR,forecast_solar_generation,Solar,2026-08-20T04:49:42Z
2026-08-20T04:48:34Z,2026-08-20T06:48:34+0200,a8c862e9-3667-4aca-b3d4-061a7f73b92e,2026-07-29T04:00:00Z,2026-07-29T06:00:00+0200,2.18066,MW,FR,FR,forecast_solar_generation,Solar,2026-08-20T04:49:42Z
2026-08-20T04:48:34Z,2026-08-20T06:48:34+0200,a8c862e9-3667-4aca-b3d4-061a7f73b92e,2026-07-29T04:15:00Z,2026-07-29T06:15:00+0200,21.65064,MW,FR,FR,forecast_solar_generation,Solar,2026-08-20T04:49:42Z
2026-08-20T04:48:34Z,2026-08-20T06:48:34+0200,a8c862e9-3667-4aca-b3d4-061a7f73b92e,2026-07-29T04:30:00Z,2026-07-29T06:30:00+0200,77.44684,MW,FR,FR,forecast_solar_generation,Solar,2026-08-20T04:49:42Z
2026-08-20T04:48:34Z,2026-08-20T06:48:34+0200,a8c862e9-3667-4aca-b3d4-061a7f73b92e,2026-07-29T04:45:00Z,2026-07-29T06:45:00+0200,259.30994,MW,FR,FR,forecast_solar_generation,Solar,2026-08-20T04:49:42Z
2026-08-20T04:48:34Z,2026-08-20T06:48:34+0200,a8c862e9-3667-4aca-b3d4-061a7f73b92e,2026-07-29T05:00:00Z,2026-07-29T07:00:00+0200,555.87933,MW,FR,FR,forecast_solar_generation,Solar,2026-08-20T04:49:42Z
2026-08-20T04:48:34Z,2026-08-20T06:48:34+0200,a8c862e9-3667-4aca-b3d4-061a7f73b92e,2026-07-29T05:15:00Z,2026-07-29T07:15:00+0200,921.25671,MW,FR,FR,forecast_solar_generation,Solar,2026-08-20T04:49:42Z
2026-08-20T04:48:34Z,2026-08-20T06:48:34+0200,a8c862e9-3667-4aca-b3d4-061a7f73b92e,2026-07-29T05:30:00Z,2026-07-29T07:30:00+0200,1351.00073,MW,FR,FR,forecast_solar_generation,Solar,2026-08-20T04:49:42Z
2026-08-20T04:48:34Z,2026-08-20T06:48:34+0200,a8c862e9-3667-4aca-b3d4-061a7f73b92e,2026-07-29T05:45:00Z,2026-07-29T07:45:00+0200,2058.8042,MW,FR,FR,forecast_solar_generation,Solar,2026-08-20T04:49:42Z
2026-08-20T04:48:34Z,2026-08-20T06:48:34+0200,a8c862e9-3667-4aca-b3d4-061a7f73b92e,2026-07-29T06:00:00Z,2026-07-29T08:00:00+0200,2953.1084,MW,FR,FR,forecast_solar_generation,Solar,2026-08-20T04:49:42Z
2026-08-20T04:48:34Z,2026-08-20T06:48:34+0200,a8c862e9-3667-4aca-b3d4-061a7f73b92e,2026-07-29T06:15:00Z,2026-07-29T08:15:00+0200,4017.11182,MW,FR,FR,forecast_solar_generation,Solar,2026-08-20T04:49:42Z
2026-08-20T04:48:34Z,2026-08-20T06:48:34+0200,a8c862e9-3667-4aca-b3d4-061a7f73b92e,2026-07-29T06:30:00Z,2026-07-29T08:30:00+0200,5073.5332,MW,FR,FR,forecast_solar_generation,Solar,2026-08-20T04:49:42Z
2026-08-20T04:48:34Z,2026-08-20T06:48:34+0200,a8c862e9-3667-4aca-b3d4-061a7f73b92e,2026-07-29T06:45:00Z,2026-07-29T08:45:00+0200,6413.71826,MW,FR,FR,forecast_solar_generation,Solar,2026-08-20T04:49:42Z
2026-08-20T04:48:34Z,2026-08-20T06:48:34+0200,a8c862e9-3667-4aca-b3d4-061a7f73b92e,2026-07-29T07:00:00Z,2026-07-29T09:00:00+0200,7638.83643,MW,FR,FR,forecast_solar_generation,Solar,2026-08-20T04:49:42Z
2026-08-20T04:48:34Z,2026-08-20T06:48:34+0200,a8c862e9-3667-4aca-b3d4-061a7f73b92e,2026-07-29T07:15:00Z,2026-07-29T09:15:00+0200,9088.10645,MW,FR,FR,forecast_solar_generation,Solar,2026-08-20T04:49:42Z
2026-08-20T04:48:34Z,2026-08-20T06:48:34+0200,a8c862e9-3667-4aca-b3d4-061a7f73b92e,2026-07-29T07:30:00Z,2026-07-29T09:30:00+0200,10332.0166,MW,FR,FR,forecast_solar_generation,Solar,2026-08-20T04:49:42Z
2026-08-20T04:48:34Z,2026-08-20T06:48:34+0200,a8c862e9-3667-4aca-b3d4-061a7f73b92e,2026-07-29T07:45:00Z,2026-07-29T09:45:00+0200,11629.28027,MW,FR,FR,forecast_solar_generation,Solar,2026-08-20T04:49:42Z
2026-08-20T04:48:34Z,2026-08-20T06:48:34+0200,a8c862e9-3667-4aca-b3d4-061a7f73b92e,2026-07-29T08:00:00Z,2026-07-29T10:00:00+0200,12820.625,MW,FR,FR,forecast_solar_generation,Solar,2026-08-20T04:49:42Z
2026-08-20T04:48:34Z,2026-08-20T06:48:34+0200,a8c862e9-3667-4aca-b3d4-061a7f73b92e,2026-07-29T08:15:00Z,2026-07-29T10:15:00+0200,14146.90918,MW,FR,FR,forecast_solar_generation,Solar,2026-08-20T04:49:42Z
2026-08-20T04:48:34Z,2026-08-20T06:48:34+0200,a8c862e9-3667-4aca-b3d4-061a7f73b92e,2026-07-29T08:30:00Z,2026-07-29T10:30:00+0200,15170.7666,MW,FR,FR,forecast_solar_generation,Solar,2026-08-20T04:49:42Z
2026-08-20T04:48:34Z,2026-08-20T06:48:34+0200,a8c862e9-3667-4aca-b3d4-061a7f73b92e,2026-07-29T08:45:00Z,2026-07-29T10:45:00+0200,16150.82129,MW,FR,FR,forecast_solar_generation,Solar,2026-08-20T04:49:42Z
2026-08-20T04:48:34Z,2026-08-20T06:48:34+0200,a8c862e9-3667-4aca-b3d4-061a7f73b92e,2026-07-29T09:00:00Z,2026-07-29T11:00:00+0200,16971.19531,MW,FR,FR,forecast_solar_generation,Solar,2026-08-20T04:49:42Z
2026-08-20T04:48:34Z,2026-08-20T06:48:34+0200,a8c862e9-3667-4aca-b3d4-061a7f73b92e,2026-07-29T09:15:00Z,2026-07-29T11:15:00+0200,17874.39844,MW,FR,FR,forecast_solar_generation,Solar,2026-08-20T04:49:42Z
2026-08-20T04:48:34Z,2026-08-20T06:48:34+0200,a8c862e9-3667-4aca-b3d4-061a7f73b92e,2026-07-29T09:30:00Z,2026-07-29T11:30:00+0200,18574.95117,MW,FR,FR,forecast_solar_generation,Solar,2026-08-20T04:49:42Z
2026-08-20T04:48:34Z,2026-08-20T06:48:34+0200,a8c862e9-3667-4aca-b3d4-061a7f73b92e,2026-07-29T09:45:00Z,2026-07-29T11:45:00+0200,19230.0332,MW,FR,FR,forecast_solar_generation,Solar,2026-08-20T04:49:42Z
2026-08-20T04:48:34Z,2026-08-20T06:48:34+0200,a8c862e9-3667-4aca-b3d4-061a7f73b92e,2026-07-29T10:00:00Z,2026-07-29T12:00:00+0200,19766.1543,MW,FR,FR,forecast_solar_generation,Solar,2026-08-20T04:49:42Z
2026-08-20T04:48:34Z,2026-08-20T06:48:34+0200,a8c862e9-3667-4aca-b3d4-061a7f73b92e,2026-07-29T10:15:00Z,2026-07-29T12:15:00+0200,20246.92969,MW,FR,FR,forecast_solar_generation,Solar,2026-08-20T04:49:42Z
2026-08-20T04:48:34Z,2026-08-20T06:48:34+0200,a8c862e9-3667-4aca-b3d4-061a7f73b92e,2026-07-29T10:30:00Z,2026-07-29T12:30:00+0200,20679.63281,MW,FR,FR,forecast_solar_generation,Solar,2026-08-20T04:49:42Z
2026-08-20T04:48:34Z,2026-08-20T06:48:34+0200,a8c862e9-3667-4aca-b3d4-061a7f73b92e,2026-07-29T10:45:00Z,2026-07-29T12:45:00+0200,20966.72461,MW,FR,FR,forecast_solar_generation,Solar,2026-08-20T04:49:42Z
2026-08-20T04:48:34Z,2026-08-20T06:48:34+0200,a8c862e9-3667-4aca-b3d4-061a7f73b92e,2026-07-29T11:00:00Z,2026-07-29T13:00:00+0200,21264.33984,MW,FR,FR,forecast_solar_generation,Solar,2026-08-20T04:49:42Z
2026-08-20T04:48:34Z,2026-08-20T06:48:34+0200,a8c862e9-3667-4aca-b3d4-061a7f73b92e,2026-07-29T11:15:00Z,2026-07-29T13:15:00+0200,21452.38477,MW,FR,FR,forecast_solar_generation,Solar,2026-08-20T04:49:42Z
2026-08-20T04:48:34Z,2026-08-20T06:48:34+0200,a8c862e9-3667-4aca-b3d4-061a7f73b92e,2026-07-29T11:30:00Z,2026-07-29T13:30:00+0200,21614.9375,MW,FR,FR,forecast_solar_generation,Solar,2026-08-20T04:49:42Z
2026-08-20T04:48:34Z,2026-08-20T06:48:34+0200,a8c862e9-3667-4aca-b3d4-061a7f73b92e,2026-07-29T11:45:00Z,2026-07-29T13:45:00+0200,21679.09961,MW,FR,FR,forecast_solar_generation,Solar,2026-08-20T04:49:42Z
2026-08-20T04:48:34Z,2026-08-20T06:48:34+0200,a8c862e9-3667-4aca-b3d4-061a7f73b92e,2026-07-29T12:00:00Z,2026-07-29T14:00:00+0200,21706.1875,MW,FR,FR,forecast_solar_generation,Solar,2026-08-20T04:49:42Z
2026-08-20T04:48:34Z,2026-08-20T06:48:34+0200,a8c862e9-3667-4aca-b3d4-061a7f73b92e,2026-07-29T12:15:00Z,2026-07-29T14:15:00+0200,21682.81055,MW,FR,FR,forecast_solar_generation,Solar,2026-08-20T04:49:42Z
2026-08-20T04:48:34Z,2026-08-20T06:48:34+0200,a8c862e9-3667-4aca-b3d4-061a7f73b92e,2026-07-29T12:30:00Z,2026-07-29T14:30:00+0200,21623.14844,MW,FR,FR,forecast_solar_generation,Solar,2026-08-20T04:49:42Z
2026-08-20T04:48:34Z,2026-08-20T06:48:34+0200,a8c862e9-3667-4aca-b3d4-061a7f73b92e,2026-07-29T12:45:00Z,2026-07-29T14:45:00+0200,21452.00586,MW,FR,FR,forecast_solar_generation,Solar,2026-08-20T04:49:42Z
2026-08-20T04:48:34Z,2026-08-20T06:48:34+0200,a8c862e9-3667-4aca-b3d4-061a7f73b92e,2026-07-29T13:00:00Z,2026-07-29T15:00:00+0200,21230.22852,MW,FR,FR,forecast_solar_generation,Solar,2026-08-20T04:49:42Z
2026-08-20T04:48:34Z,2026-08-20T06:48:34+0200,a8c862e9-3667-4aca-b3d4-061a7f73b92e,2026-07-29T13:15:00Z,2026-07-29T15:15:00+0200,20915.85156,MW,FR,FR,forecast_solar_generation,Solar,2026-08-20T04:49:42Z
2026-08-20T04:48:34Z,2026-08-20T06:48:34+0200,a8c862e9-3667-4aca-b3d4-061a7f73b92e,2026-07-29T13:30:00Z,2026-07-29T15:30:00+0200,20579.89453,MW,FR,FR,forecast_solar_generation,Solar,2026-08-20T04:49:42Z
2026-08-20T04:48:34Z,2026-08-20T06:48:34+0200,a8c862e9-3667-4aca-b3d4-061a7f73b92e,2026-07-29T13:45:00Z,2026-07-29T15:45:00+0200,20140.37305,MW,FR,FR,forecast_solar_generation,Solar,2026-08-20T04:49:42Z
2026-08-20T04:48:34Z,2026-08-20T06:48:34+0200,a8c862e9-3667-4aca-b3d4-061a7f73b92e,2026-07-29T14:00:00Z,2026-07-29T16:00:00+0200,19639.875,MW,FR,FR,forecast_solar_generation,Solar,2026-08-20T04:49:42Z
2026-08-20T04:48:34Z,2026-08-20T06:48:34+0200,a8c862e9-3667-4aca-b3d4-061a7f73b92e,2026-07-29T14:15:00Z,2026-07-29T16:15:00+0200,19099.96875,MW,FR,FR,forecast_solar_generation,Solar,2026-08-20T04:49:42Z
2026-08-20T04:48:34Z,2026-08-20T06:48:34+0200,a8c862e9-3667-4aca-b3d4-061a7f73b92e,2026-07-29T14:30:00Z,2026-07-29T16:30:00+0200,18362.20312,MW,FR,FR,forecast_solar_generation,Solar,2026-08-20T04:49:42Z
2026-08-20T04:48:34Z,2026-08-20T06:48:34+0200,a8c862e9-3667-4aca-b3d4-061a7f73b92e,2026-07-29T14:45:00Z,2026-07-29T16:45:00+0200,17582.73242,MW,FR,FR,forecast_solar_generation,Solar,2026-08-20T04:49:42Z
2026-08-20T04:48:34Z,2026-08-20T06:48:34+0200,a8c862e9-3667-4aca-b3d4-061a7f73b92e,2026-07-29T15:00:00Z,2026-07-29T17:00:00+0200,16776.72266,MW,FR,FR,forecast_solar_generation,Solar,2026-08-20T04:49:42Z
2026-08-20T04:48:34Z,2026-08-20T06:48:34+0200,a8c862e9-3667-4aca-b3d4-061a7f73b92e,2026-07-29T15:15:00Z,2026-07-29T17:15:00+0200,15925.56934,MW,FR,FR,forecast_solar_generation,Solar,2026-08-20T04:49:42Z
2026-08-20T04:48:34Z,2026-08-20T06:48:34+0200,a8c862e9-3667-4aca-b3d4-061a7f73b92e,2026-07-29T15:30:00Z,2026-07-29T17:30:00+0200,14994.90332,MW,FR,FR,forecast_solar_generation,Solar,2026-08-20T04:49:42Z
2026-08-20T04:48:34Z,2026-08-20T06:48:34+0200,a8c862e9-3667-4aca-b3d4-061a7f73b92e,2026-07-29T15:45:00Z,2026-07-29T17:45:00+0200,14044.54297,MW,FR,FR,forecast_solar_generation,Solar,2026-08-20T04:49:42Z
2026-08-20T04:48:34Z,2026-08-20T06:48:34+0200,a8c862e9-3667-4aca-b3d4-061a7f73b92e,2026-07-29T16:00:00Z,2026-07-29T18:00:00+0200,12876.46582,MW,FR,FR,forecast_solar_generation,Solar,2026-08-20T04:49:42Z
2026-08-20T04:48:34Z,2026-08-20T06:48:34+0200,a8c862e9-3667-4aca-b3d4-061a7f73b92e,2026-07-29T16:15:00Z,2026-07-29T18:15:00+0200,11719.99121,MW,FR,FR,forecast_solar_generation,Solar,2026-08-20T04:49:42Z
2026-08-20T04:48:34Z,2026-08-20T06:48:34+0200,a8c862e9-3667-4aca-b3d4-061a7f73b92e,2026-07-29T16:30:00Z,2026-07-29T18:30:00+0200,10451.14941,MW,FR,FR,forecast_solar_generation,Solar,2026-08-20T04:49:42Z
2026-08-20T04:48:34Z,2026-08-20T06:48:34+0200,a8c862e9-3667-4aca-b3d4-061a7f73b92e,2026-07-29T16:45:00Z,2026-07-29T18:45:00+0200,9296.61914,MW,FR,FR,forecast_solar_generation,Solar,2026-08-20T04:49:42Z
2026-08-20T04:48:34Z,2026-08-20T06:48:34+0200,a8c862e9-3667-4aca-b3d4-061a7f73b92e,2026-07-29T17:00:00Z,2026-07-29T19:00:00+0200,7885.81641,MW,FR,FR,forecast_solar_generation,Solar,2026-08-20T04:49:42Z
2026-08-20T04:48:34Z,2026-08-20T06:48:34+0200,a8c862e9-3667-4aca-b3d4-061a7f73b92e,2026-07-29T17:15:00Z,2026-07-29T19:15:00+0200,6729.54492,MW,FR,FR,forecast_solar_generation,Solar,2026-08-20T04:49:42Z
2026-08-20T04:48:34Z,2026-08-20T06:48:34+0200,a8c862e9-3667-4aca-b3d4-061a7f73b92e,2026-07-29T17:30:00Z,2026-07-29T19:30:00+0200,5329.53516,MW,FR,FR,forecast_solar_generation,Solar,2026-08-20T04:49:42Z
2026-08-20T04:48:34Z,2026-08-20T06:48:34+0200,a8c862e9-3667-4aca-b3d4-061a7f73b92e,2026-07-29T17:45:00Z,2026-07-29T19:45:00+0200,4328.26514,MW,FR,FR,forecast_solar_generation,Solar,2026-08-20T04:49:42Z
2026-08-20T04:48:34Z,2026-08-20T06:48:34+0200,a8c862e9-3667-4aca-b3d4-061a7f73b92e,2026-07-29T18:00:00Z,2026-07-29T20:00:00+0200,3168.6687,MW,FR,FR,forecast_solar_generation,Solar,2026-08-20T04:49:42Z
2026-08-20T04:48:34Z,2026-08-20T06:48:34+0200,a8c862e9-3667-4aca-b3d4-061a7f73b92e,2026-07-29T18:15:00Z,2026-07-29T20:15:00+0200,2287.71045,MW,FR,FR,forecast_solar_generation,Solar,2026-08-20T04:49:42Z
2026-08-20T04:48:34Z,2026-08-20T06:48:34+0200,a8c862e9-3667-4aca-b3d4-061a7f73b92e,2026-07-29T18:30:00Z,2026-07-29T20:30:00+0200,1514.86548,MW,FR,FR,forecast_solar_generation,Solar,2026-08-20T04:49:42Z
2026-08-20T04:48:34Z,2026-08-20T06:48:34+0200,a8c862e9-3667-4aca-b3d4-061a7f73b92e,2026-07-29T18:45:00Z,2026-07-29T20:45:00+0200,1045.99036,MW,FR,FR,forecast_solar_generation,Solar,2026-08-20T04:49:42Z
2026-08-20T04:48:34Z,2026-08-20T06:48:34+0200,a8c862e9-3667-4aca-b3d4-061a7f73b92e,2026-07-29T19:00:00Z,2026-07-29T21:00:00+0200,612.38153,MW,FR,FR,forecast_solar_generation,Solar,2026-08-20T04:49:42Z
2026-08-20T04:48:34Z,2026-08-20T06:48:34+0200,a8c862e9-3667-4aca-b3d4-061a7f73b92e,2026-07-29T19:15:00Z,2026-07-29T21:15:00+0200,223.12421,MW,FR,FR,forecast_solar_generation,Solar,2026-08-20T04:49:42Z
2026-08-20T04:48:34Z,2026-08-20T06:48:34+0200,a8c862e9-3667-4aca-b3d4-061a7f73b92e,2026-07-29T19:30:00Z,2026-07-29T21:30:00+0200,28.10311,MW,FR,FR,forecast_solar_generation,Solar,2026-08-20T04:49:42Z
2026-08-20T04:48:34Z,2026-08-20T06:48:34+0200,a8c862e9-3667-4aca-b3d4-061a7f73b92e,2026-07-29T19:45:00Z,2026-07-29T21:45:00+0200,1.06638,MW,FR,FR,forecast_solar_generation,Solar,2026-08-20T04:49:42Z
2026-08-20T04:48:34Z,2026-08-20T06:48:34+0200,a8c862e9-3667-4aca-b3d4-061a7f73b92e,2026-07-29T20:00:00Z,2026-07-29T22:00:00+0200,0.0,MW,FR,FR,forecast_solar_generation,Solar,2026-08-20T04:49:42Z
2026-08-20T04:48:34Z,2026-08-20T06:48:34+0200,a8c862e9-3667-4aca-b3d4-061a7f73b92e,2026-07-29T20:15:00Z,2026-07-29T22:15:00+0200,0.0,MW,FR,FR,forecast_solar_generation,Solar,2026-08-20T04:49:42Z
2026-08-20T04:48:34Z,2026-08-20T06:48:34+0200,a8c862e9-3667-4aca-b3d4-061a7f73b92e,2026-07-29T20:30:00Z,2026-07-29T22:30:00+0200,0.0,MW,FR,FR,forecast_solar_generation,Solar,2026-08-20T04:49:42Z
2026-08-20T04:48:34Z,2026-08-20T06:48:34+0200,a8c862e9-3667-4aca-b3d4-061a7f73b92e,2026-07-29T20:45:00Z,2026-07-29T22:45:00+0200,0.0,MW,FR,FR,forecast_solar_generation,Solar,2026-08-20T04:49:42Z
2026-08-20T04:48:34Z,2026-08-20T06:48:34+0200,a8c862e9-3667-4aca-b3d4-061a7f73b92e,2026-07-29T21:00:00Z,2026-07-29T23:00:00+0200,0.0,MW,FR,FR,forecast_solar_generation,Solar,2026-08-20T04:49:42Z
2026-08-20T04:48:34Z,2026-08-20T06:48:34+0200,a8c862e9-3667-4aca-b3d4-061a7f73b92e,2026-07-29T21:15:00Z,2026-07-29T23:15:00+0200,0.0,MW,FR,FR,forecast_solar_generation,Solar,2026-08-20T04:49:42Z
2026-08-20T04:48:34Z,2026-08-20T06:48:34+0200,a8c862e9-3667-4aca-b3d4-061a7f73b92e,2026-07-29T21:30:00Z,2026-07-29T23:30:00+0200,0.0,MW,FR,FR,forecast_solar_generation,Solar,2026-08-20T04:49:42Z
2026-08-20T04:48:34Z,2026-08-20T06:48:34+0200,a8c862e9-3667-4aca-b3d4-061a7f73b92e,2026-07-29T21:45:00Z,2026-07-29T23:45:00+0200,0.0,MW,FR,FR,forecast_solar_generation,Solar,2026-08-20T04:49:42Z
2026-08-20T04:48:34Z,2026-08-20T06:48:34+0200,a8c862e9-3667-4aca-b3d4-061a7f73b92e,2026-07-29T22:00:00Z,2026-07-30T00:00:00+0200,0.0,MW,FR,FR,forecast_solar_generation,Solar,2026-08-20T04:49:42Z
2026-08-20T04:48:34Z,2026-08-20T06:48:34+0200,a8c862e9-3667-4aca-b3d4-061a7f73b92e,2026-07-29T22:15:00Z,2026-07-30T00:15:00+0200,0.0,MW,FR,FR,forecast_solar_generation,Solar,2026-08-20T04:49:42Z
2026-08-20T04:48:34Z,2026-08-20T06:48:34+0200,a8c862e9-3667-4aca-b3d4-061a7f73b92e,2026-07-29T22:30:00Z,2026-07-30T00:30:00+0200,0.0,MW,FR,FR,forecast_solar_generation,Solar,2026-08-20T04:49:42Z
2026-08-20T04:48:34Z,2026-08-20T06:48:34+0200,a8c862e9-3667-4aca-b3d4-061a7f73b92e,2026-07-29T22:45:00Z,2026-07-30T00:45:00+0200,0.0,MW,FR,FR,forecast_solar_generation,Solar,2026-08-20T04:49:42Z
2026-08-20T04:48:34Z,2026-08-20T06:48:34+0200,a8c862e9-3667-4aca-b3d4-061a7f73b92e,2026-07-29T23:00:00Z,2026-07-30T01:00:00+0200,0.0,MW,FR,FR,forecast_solar_generation,Solar,2026-08-20T04:49:42Z
2026-08-20T04:48:34Z,2026-08-20T06:48:34+0200,a8c862e9-3667-4aca-b3d4-061a7f73b92e,2026-07-29T23:15:00Z,2026-07-30T01:15:00+0200,0.0,MW,FR,FR,forecast_solar_generation,Solar,2026-08-20T04:49:42Z
2026-08-20T04:48:34Z,2026-08-20T06:48:34+0200,a8c862e9-3667-4aca-b3d4-061a7f73b92e,2026-07-29T23:30:00Z,2026-07-30T01:30:00+0200,0.0,MW,FR,FR,forecast_solar_generation,Solar,2026-08-20T04:49:42Z
2026-08-20T04:48:34Z,2026-08-20T06:48:34+0200,a8c862e9-3667-4aca-b3d4-061a7f73b92e,2026-07-29T23:45:00Z,2026-07-30T01:45:00+0200,0.0,MW,FR,FR,forecast_solar_generation,Solar,2026-08-20T04:49:42Z
2026-08-20T04:48:34Z,2026-08-20T06:48:34+0200,a8c862e9-3667-4aca-b3d4-061a7f73b92e,2026-07-30T00:00:00Z,2026-07-30T02:00:00+0200,0.0,MW,FR,FR,forecast_solar_generation,Solar,2026-08-20T04:49:42Z
2026-08-20T04:48:34Z,2026-08-20T06:48:34+0200,a8c862e9-3667-4aca-b3d4-061a7f73b92e,2026-07-30T00:15:00Z,2026-07-30T02:15:00+0200,0.0,MW,FR,FR,forecast_solar_generation,Solar,2026-08-20T04:49:42Z
2026-08-20T04:48:34Z,2026-08-20T06:48:34+0200,a8c862e9-3667-4aca-b3d4-061a7f73b92e,2026-07-30T00:30:00Z,2026-07-30T02:30:00+0200,0.0,MW,FR,FR,forecast_solar_generation,Solar,2026-08-20T04:49:42Z
2026-08-20T04:48:34Z,2026-08-20T06:48:34+0200,a8c862e9-3667-4aca-b3d4-061a7f73b92e,2026-07-30T00:45:00Z,2026-07-30T02:45:00+0200,0.0,MW,FR,FR,forecast_solar_generation,Solar,2026-08-20T04:49:42Z
2026-08-20T04:48:34Z,2026-08-20T06:48:34+0200,a8c862e9-3667-4aca-b3d4-061a7f73b92e,2026-07-30T01:00:00Z,2026-07-30T03:00:00+0200,0.0,MW,FR,FR,forecast_solar_generation,Solar,2026-08-20T04:49:42Z
2026-08-20T04:48:34Z,2026-08-20T06:48:34+0200,a8c862e9-3667-4aca-b3d4-061a7f73b92e,2026-07-30T01:15:00Z,2026-07-30T03:15:00+0200,0.0,MW,FR,FR,forecast_solar_generation,Solar,2026-08-20T04:49:42Z
2026-08-20T04:48:34Z,2026-08-20T06:48:34+0200,a8c862e9-3667-4aca-b3d4-061a7f73b92e,2026-07-30T01:30:00Z,2026-07-30T03:30:00+0200,0.0,MW,FR,FR,forecast_solar_generation,Solar,2026-08-20T04:49:42Z
2026-08-20T04:48:34Z,2026-08-20T06:48:34+0200,a8c862e9-3667-4aca-b3d4-061a7f73b92e,2026-07-30T01:45:00Z,2026-07-30T03:45:00+0200,0.0,MW,FR,FR,forecast_solar_generation,Solar,2026-08-20T04:49:42Z
2026-08-20T04:48:34Z,2026-08-20T06:48:34+0200,a8c862e9-3667-4aca-b3d4-061a7f73b92e,2026-07-30T02:00:00Z,2026-07-30T04:00:00+0200,0.0,MW,FR,FR,forecast_solar_generation,Solar,2026-08-20T04:49:42Z
2026-08-20T04:48:34Z,2026-08-20T06:48:34+0200,a8c862e9-3667-4aca-b3d4-061a7f73b92e,2026-07-30T02:15:00Z,2026-07-30T04:15:00+0200,0.0,MW,FR,FR,forecast_solar_generation,Solar,2026-08-20T04:49:42Z
2026-08-20T04:48:34Z,2026-08-20T06:48:34+0200,a8c862e9-3667-4aca-b3d4-061a7f73b92e,2026-07-30T02:30:00Z,2026-07-30T04:30:00+0200,0.0,MW,FR,FR,forecast_solar_generation,Solar,2026-08-20T04:49:42Z
2026-08-20T04:48:34Z,2026-08-20T06:48:34+0200,a8c862e9-3667-4aca-b3d4-061a7f73b92e,2026-07-30T02:45:00Z,2026-07-30T04:45:00+0200,0.0,MW,FR,FR,forecast_solar_generation,Solar,2026-08-20T04:49:42Z
2026-08-20T04:48:34Z,2026-08-20T06:48:34+0200,a8c862e9-3667-4aca-b3d4-061a7f73b92e,2026-07-30T03:00:00Z,2026-07-30T05:00:00+0200,0.0,MW,FR,FR,forecast_solar_generation,Solar,2026-08-20T04:49:42Z
2026-08-20T04:48:34Z,2026-08-20T06:48:34+0200,a8c862e9-3667-4aca-b3d4-061a7f73b92e,2026-07-30T03:15:00Z,2026-07-30T05:15:00+0200,0.0,MW,FR,FR,forecast_solar_generation,Solar,2026-08-20T04:49:42Z
2026-08-20T04:48:34Z,2026-08-20T06:48:34+0200,a8c862e9-3667-4aca-b3d4-061a7f73b92e,2026-07-30T03:30:00Z,2026-07-30T05:30:00+0200,0.0,MW,FR,FR,forecast_solar_generation,Solar,2026-08-20T04:49:42Z
2026-08-20T04:48:34Z,2026-08-20T06:48:34+0200,a8c862e9-3667-4aca-b3d4-061a7f73b92e,2026-07-30T03:45:00Z,2026-07-30T05:45:00+0200,0.0,MW,FR,FR,forecast_solar_generation,Solar,2026-08-20T04:49:42Z
2026-08-20T04:48:34Z,2026-08-20T06:48:34+0200,a8c862e9-3667-4aca-b3d4-061a7f73b92e,2026-07-30T04:00:00Z,2026-07-30T06:00:00+0200,0.66821,MW,FR,FR,forecast_solar_generation,Solar,2026-08-20T04:49:42Z
2026-08-20T04:48:34Z,2026-08-20T06:48:34+0200,a8c862e9-3667-4aca-b3d4-061a7f73b92e,2026-07-30T04:15:00Z,2026-07-30T06:15:00+0200,20.10327,MW,FR,FR,forecast_solar_generation,Solar,2026-08-20T04:49:42Z
2026-08-20T04:48:34Z,2026-08-20T06:48:34+0200,a8c862e9-3667-4aca-b3d4-061a7f73b92e,2026-07-30T04:30:00Z,2026-07-30T06:30:00+0200,83.71104,MW,FR,FR,forecast_solar_generation,Solar,2026-08-20T04:49:42Z
2026-08-20T04:48:34Z,2026-08-20T06:48:34+0200,a8c862e9-3667-4aca-b3d4-061a7f73b92e,2026-07-30T04:45:00Z,2026-07-30T06:45:00+0200,253.02617,MW,FR,FR,forecast_solar_generation,Solar,2026-08-20T04:49:42Z
2026-08-20T04:48:34Z,2026-08-20T06:48:34+0200,a8c862e9-3667-4aca-b3d4-061a7f73b92e,2026-07-30T05:00:00Z,2026-07-30T07:00:00+0200,480.58585,MW,FR,FR,forecast_solar_generation,Solar,2026-08-20T04:49:42Z
2026-08-20T04:48:34Z,2026-08-20T06:48:34+0200,a8c862e9-3667-4aca-b3d4-061a7f73b92e,2026-07-30T05:15:00Z,2026-07-30T07:15:00+0200,771.95807,MW,FR,FR,forecast_solar_generation,Solar,2026-08-20T04:49:42Z
2026-08-20T04:48:34Z,2026-08-20T06:48:34+0200,a8c862e9-3667-4aca-b3d4-061a7f73b92e,2026-07-30T05:30:00Z,2026-07-30T07:30:00+0200,1106.73181,MW,FR,FR,forecast_solar_generation,Solar,2026-08-20T04:49:42Z
2026-08-20T04:48:34Z,2026-08-20T06:48:34+0200,a8c862e9-3667-4aca-b3d4-061a7f73b92e,2026-07-30T05:45:00Z,2026-07-30T07:45:00+0200,1698.20752,MW,FR,FR,forecast_solar_generation,Solar,2026-08-20T04:49:42Z
2026-08-20T04:48:34Z,2026-08-20T06:48:34+0200,a8c862e9-3667-4aca-b3d4-061a7f73b92e,2026-07-30T06:00:00Z,2026-07-30T08:00:00+0200,2348.71167,MW,FR,FR,forecast_solar_generation,Solar,2026-08-20T04:49:42Z
2026-08-20T04:48:34Z,2026-08-20T06:48:34+0200,a8c862e9-3667-4aca-b3d4-061a7f73b92e,2026-07-30T06:15:00Z,2026-07-30T08:15:00+0200,3189.52441,MW,FR,FR,forecast_solar_generation,Solar,2026-08-20T04:49:42Z
2026-08-20T04:48:34Z,2026-08-20T06:48:34+0200,a8c862e9-3667-4aca-b3d4-061a7f73b92e,2026-07-30T06:30:00Z,2026-07-30T08:30:00+0200,3927.72168,MW,FR,FR,forecast_solar_generation,Solar,2026-08-20T04:49:42Z
2026-08-20T04:48:34Z,2026-08-20T06:48:34+0200,a8c862e9-3667-4aca-b3d4-061a7f73b92e,2026-07-30T06:45:00Z,2026-07-30T08:45:00+0200,4885.5,MW,FR,FR,forecast_solar_generation,Solar,2026-08-20T04:49:42Z
2026-08-20T04:48:34Z,2026-08-20T06:48:34+0200,a8c862e9-3667-4aca-b3d4-061a7f73b92e,2026-07-30T07:00:00Z,2026-07-30T09:00:00+0200,5699.771,MW,FR,FR,forecast_solar_generation,Solar,2026-08-20T04:49:42Z
2026-08-20T04:48:34Z,2026-08-20T06:48:34+0200,a8c862e9-3667-4aca-b3d4-061a7f73b92e,2026-07-30T07:15:00Z,2026-07-30T09:15:00+0200,6775.99072,MW,FR,FR,forecast_solar_generation,Solar,2026-08-20T04:49:42Z
2026-08-20T04:48:34Z,2026-08-20T06:48:34+0200,a8c862e9-3667-4aca-b3d4-061a7f73b92e,2026-07-30T07:30:00Z,2026-07-30T09:30:00+0200,7624.76123,MW,FR,FR,forecast_solar_generation,Solar,2026-08-20T04:49:42Z
2026-08-20T04:48:34Z,2026-08-20T06:48:34+0200,a8c862e9-3667-4aca-b3d4-061a7f73b92e,2026-07-30T07:45:00Z,2026-07-30T09:45:00+0200,8611.87793,MW,FR,FR,forecast_solar_generation,Solar,2026-08-20T04:49:42Z
2026-08-20T04:48:34Z,2026-08-20T06:48:34+0200,a8c862e9-3667-4aca-b3d4-061a7f73b92e,2026-07-30T08:00:00Z,2026-07-30T10:00:00+0200,9551.72754,MW,FR,FR,forecast_solar_generation,Solar,2026-08-20T04:49:42Z
2026-08-20T04:48:34Z,2026-08-20T06:48:34+0200,a8c862e9-3667-4aca-b3d4-061a7f73b92e,2026-07-30T08:15:00Z,2026-07-30T10:15:00+0200,10745.5293,MW,FR,FR,forecast_solar_generation,Solar,2026-08-20T04:49:42Z
2026-08-20T04:48:34Z,2026-08-20T06:48:34+0200,a8c862e9-3667-4aca-b3d4-061a7f73b92e,2026-07-30T08:30:00Z,2026-07-30T10:30:00+0200,11687.47461,MW,FR,FR,forecast_solar_generation,Solar,2026-08-20T04:49:42Z
2026-08-20T04:48:34Z,2026-08-20T06:48:34+0200,a8c862e9-3667-4aca-b3d4-061a7f73b92e,2026-07-30T08:45:00Z,2026-07-30T10:45:00+0200,12607.92676,MW,FR,FR,forecast_solar_generation,Solar,2026-08-20T04:49:42Z
2026-08-20T04:48:34Z,2026-08-20T06:48:34+0200,a8c862e9-3667-4aca-b3d4-061a7f73b92e,2026-07-30T09:00:00Z,2026-07-30T11:00:00+0200,13433.59863,MW,FR,FR,forecast_solar_generation,Solar,2026-08-20T04:49:42Z
2026-08-20T04:48:34Z,2026-08-20T06:48:34+0200,a8c862e9-3667-4aca-b3d4-061a7f73b92e,2026-07-30T09:15:00Z,2026-07-30T11:15:00+0200,14354.76074,MW,FR,FR,forecast_solar_generation,Solar,2026-08-20T04:49:42Z
2026-08-20T04:48:34Z,2026-08-20T06:48:34+0200,a8c862e9-3667-4aca-b3d4-061a7f73b92e,2026-07-30T09:30:00Z,2026-07-30T11:30:00+0200,15098.12012,MW,FR,FR,forecast_solar_generation,Solar,2026-08-20T04:49:42Z
2026-08-20T04:48:34Z,2026-08-20T06:48:34+0200,a8c862e9-3667-4aca-b3d4-061a7f73b92e,2026-07-30T09:45:00Z,2026-07-30T11:45:00+0200,15736.41309,MW,FR,FR,forecast_solar_generation,Solar,2026-08-20T04:49:42Z
2026-08-20T04:48:34Z,2026-08-20T06:48:34+0200,a8c862e9-3667-4aca-b3d4-061a7f73b92e,2026-07-30T10:00:00Z,2026-07-30T12:00:00+0200,16370.59961,MW,FR,FR,forecast_solar_generation,Solar,2026-08-20T04:49:42Z
2026-08-20T04:48:34Z,2026-08-20T06:48:34+0200,a8c862e9-3667-4aca-b3d4-061a7f73b92e,2026-07-30T10:15:00Z,2026-07-30T12:15:00+0200,17025.56445,MW,FR,FR,forecast_solar_generation,Solar,2026-08-20T04:49:42Z
2026-08-20T04:48:34Z,2026-08-20T06:48:34+0200,a8c862e9-3667-4aca-b3d4-061a7f73b92e,2026-07-30T10:30:00Z,2026-07-30T12:30:00+0200,17630.80078,MW,FR,FR,forecast_solar_generation,Solar,2026-08-20T04:49:42Z
2026-08-20T04:48:34Z,2026-08-20T06:48:34+0200,a8c862e9-3667-4aca-b3d4-061a7f73b92e,2026-07-30T10:45:00Z,2026-07-30T12:45:00+0200,17964.79297,MW,FR,FR,forecast_solar_generation,Solar,2026-08-20T04:49:42Z
2026-08-20T04:48:34Z,2026-08-20T06:48:34+0200,a8c862e9-3667-4aca-b3d4-061a7f73b92e,2026-07-30T11:00:00Z,2026-07-30T13:00:00+0200,18336.53125,MW,FR,FR,forecast_solar_generation,Solar,2026-08-20T04:49:42Z
2026-08-20T04:48:34Z,2026-08-20T06:48:34+0200,a8c862e9-3667-4aca-b3d4-061a7f73b92e,2026-07-30T11:15:00Z,2026-07-30T13:15:00+0200,18623.58398,MW,FR,FR,forecast_solar_generation,Solar,2026-08-20T04:49:42Z
2026-08-20T04:48:34Z,2026-08-20T06:48:34+0200,a8c862e9-3667-4aca-b3d4-061a7f73b92e,2026-07-30T11:30:00Z,2026-07-30T13:30:00+0200,18856.83984,MW,FR,FR,forecast_solar_generation,Solar,2026-08-20T04:49:42Z
2026-08-20T04:48:34Z,2026-08-20T06:48:34+0200,a8c862e9-3667-4aca-b3d4-061a7f73b92e,2026-07-30T11:45:00Z,2026-07-30T13:45:00+0200,18980.12109,MW,FR,FR,forecast_solar_generation,Solar,2026-08-20T04:49:42Z
2026-08-20T04:48:34Z,2026-08-20T06:48:34+0200,a8c862e9-3667-4aca-b3d4-061a7f73b92e,2026-07-30T12:00:00Z,2026-07-30T14:00:00+0200,19076.87695,MW,FR,FR,forecast_solar_generation,Solar,2026-08-20T04:49:42Z
2026-08-20T04:48:34Z,2026-08-20T06:48:34+0200,a8c862e9-3667-4aca-b3d4-061a7f73b92e,2026-07-30T12:15:00Z,2026-07-30T14:15:00+0200,19158.45703,MW,FR,FR,forecast_solar_generation,Solar,2026-08-20T04:49:42Z
2026-08-20T04:48:34Z,2026-08-20T06:48:34+0200,a8c862e9-3667-4aca-b3d4-061a7f73b92e,2026-07-30T12:30:00Z,2026-07-30T14:30:00+0200,19205.41016,MW,FR,FR,forecast_solar_generation,Solar,2026-08-20T04:49:42Z
2026-08-20T04:48:34Z,2026-08-20T06:48:34+0200,a8c862e9-3667-4aca-b3d4-061a7f73b92e,2026-07-30T12:45:00Z,2026-07-30T14:45:00+0200,19109.74219,MW,FR,FR,forecast_solar_generation,Solar,2026-08-20T04:49:42Z
2026-08-20T04:48:34Z,2026-08-20T06:48:34+0200,a8c862e9-3667-4aca-b3d4-061a7f73b92e,2026-07-30T13:00:00Z,2026-07-30T15:00:00+0200,19005.26953,MW,FR,FR,forecast_solar_generation,Solar,2026-08-20T04:49:42Z
2026-08-20T04:48:34Z,2026-08-20T06:48:34+0200,a8c862e9-3667-4aca-b3d4-061a7f73b92e,2026-07-30T13:15:00Z,2026-07-30T15:15:00+0200,18847.27344,MW,FR,FR,forecast_solar_generation,Solar,2026-08-20T04:49:42Z
2026-08-20T04:48:34Z,2026-08-20T06:48:34+0200,a8c862e9-3667-4aca-b3d4-061a7f73b92e,2026-07-30T13:30:00Z,2026-07-30T15:30:00+0200,18658.11914,MW,FR,FR,forecast_solar_generation,Solar,2026-08-20T04:49:42Z
2026-08-20T04:48:34Z,2026-08-20T06:48:34+0200,a8c862e9-3667-4aca-b3d4-061a7f73b92e,2026-07-30T13:45:00Z,2026-07-30T15:45:00+0200,18267.20117,MW,FR,FR,forecast_solar_generation,Solar,2026-08-20T04:49:42Z
2026-08-20T04:48:34Z,2026-08-20T06:48:34+0200,a8c862e9-3667-4aca-b3d4-061a7f73b92e,2026-07-30T14:00:00Z,2026-07-30T16:00:00+0200,17804.94141,MW,FR,FR,forecast_solar_generation,Solar,2026-08-20T04:49:42Z
2026-08-20T04:48:34Z,2026-08-20T06:48:34+0200,a8c862e9-3667-4aca-b3d4-061a7f73b92e,2026-07-30T14:15:00Z,2026-07-30T16:15:00+0200,17330.90039,MW,FR,FR,forecast_solar_generation,Solar,2026-08-20T04:49:42Z
2026-08-20T04:48:34Z,2026-08-20T06:48:34+0200,a8c862e9-3667-4aca-b3d4-061a7f73b92e,2026-07-30T14:30:00Z,2026-07-30T16:30:00+0200,16756.01953,MW,FR,FR,forecast_solar_generation,Solar,2026-08-20T04:49:42Z
2026-08-20T04:48:34Z,2026-08-20T06:48:34+0200,a8c862e9-3667-4aca-b3d4-061a7f73b92e,2026-07-30T14:45:00Z,2026-07-30T16:45:00+0200,16100.23828,MW,FR,FR,forecast_solar_generation,Solar,2026-08-20T04:49:42Z
2026-08-20T04:48:34Z,2026-08-20T06:48:34+0200,a8c862e9-3667-4aca-b3d4-061a7f73b92e,2026-07-30T15:00:00Z,2026-07-30T17:00:00+0200,15381.5459,MW,FR,FR,forecast_solar_generation,Solar,2026-08-20T04:49:42Z
2026-08-20T04:48:34Z,2026-08-20T06:48:34+0200,a8c862e9-3667-4aca-b3d4-061a7f73b92e,2026-07-30T15:15:00Z,2026-07-30T17:15:00+0200,14640.06543,MW,FR,FR,forecast_solar_generation,Solar,2026-08-20T04:49:42Z
2026-08-20T04:48:34Z,2026-08-20T06:48:34+0200,a8c862e9-3667-4aca-b3d4-061a7f73b92e,2026-07-30T15:30:00Z,2026-07-30T17:30:00+0200,13834.94043,MW,FR,FR,forecast_solar_generation,Solar,2026-08-20T04:49:42Z
2026-08-20T04:48:34Z,2026-08-20T06:48:34+0200,a8c862e9-3667-4aca-b3d4-061a7f73b92e,2026-07-30T15:45:00Z,2026-07-30T17:45:00+0200,12901.69434,MW,FR,FR,forecast_solar_generation,Solar,2026-08-20T04:49:42Z
2026-08-20T04:48:34Z,2026-08-20T06:48:34+0200,a8c862e9-3667-4aca-b3d4-061a7f73b92e,2026-07-30T16:00:00Z,2026-07-30T18:00:00+0200,11842.89746,MW,FR,FR,forecast_solar_generation,Solar,2026-08-20T04:49:42Z
2026-08-20T04:48:34Z,2026-08-20T06:48:34+0200,a8c862e9-3667-4aca-b3d4-061a7f73b92e,2026-07-30T16:15:00Z,2026-07-30T18:15:00+0200,10711.63672,MW,FR,FR,forecast_solar_generation,Solar,2026-08-20T04:49:42Z
2026-08-20T04:48:34Z,2026-08-20T06:48:34+0200,a8c862e9-3667-4aca-b3d4-061a7f73b92e,2026-07-30T16:30:00Z,2026-07-30T18:30:00+0200,9602.08301,MW,FR,FR,forecast_solar_generation,Solar,2026-08-20T04:49:42Z
2026-08-20T04:48:34Z,2026-08-20T06:48:34+0200,a8c862e9-3667-4aca-b3d4-061a7f73b92e,2026-07-30T16:45:00Z,2026-07-30T18:45:00+0200,8486.02051,MW,FR,FR,forecast_solar_generation,Solar,2026-08-20T04:49:42Z
2026-08-20T04:48:34Z,2026-08-20T06:48:34+0200,a8c862e9-3667-4aca-b3d4-061a7f73b92e,2026-07-30T17:00:00Z,2026-07-30T19:00:00+0200,7256.78613,MW,FR,FR,forecast_solar_generation,Solar,2026-08-20T04:49:42Z
2026-08-20T04:48:34Z,2026-08-20T06:48:34+0200,a8c862e9-3667-4aca-b3d4-061a7f73b92e,2026-07-30T17:15:00Z,2026-07-30T19:15:00+0200,6155.41016,MW,FR,FR,forecast_solar_generation,Solar,2026-08-20T04:49:42Z
2026-08-20T04:48:34Z,2026-08-20T06:48:34+0200,a8c862e9-3667-4aca-b3d4-061a7f73b92e,2026-07-30T17:30:00Z,2026-07-30T19:30:00+0200,4860.13086,MW,FR,FR,forecast_solar_generation,Solar,2026-08-20T04:49:42Z
2026-08-20T04:48:34Z,2026-08-20T06:48:34+0200,a8c862e9-3667-4aca-b3d4-061a7f73b92e,2026-07-30T17:45:00Z,2026-07-30T19:45:00+0200,3891.97314,MW,FR,FR,forecast_solar_generation,Solar,2026-08-20T04:49:42Z
2026-08-20T04:48:34Z,2026-08-20T06:48:34+0200,a8c862e9-3667-4aca-b3d4-061a7f73b92e,2026-07-30T18:00:00Z,2026-07-30T20:00:00+0200,2855.13306,MW,FR,FR,forecast_solar_generation,Solar,2026-08-20T04:49:42Z
2026-08-20T04:48:34Z,2026-08-20T06:48:34+0200,a8c862e9-3667-4aca-b3d4-061a7f73b92e,2026-07-30T18:15:00Z,2026-07-30T20:15:00+0200,2015.3595,MW,FR,FR,forecast_solar_generation,Solar,2026-08-20T04:49:42Z
2026-08-20T04:48:34Z,2026-08-20T06:48:34+0200,a8c862e9-3667-4aca-b3d4-061a7f73b92e,2026-07-30T18:30:00Z,2026-07-30T20:30:00+0200,1345.87109,MW,FR,FR,forecast_solar_generation,Solar,2026-08-20T04:49:42Z
2026-08-20T04:48:34Z,2026-08-20T06:48:34+0200,a8c862e9-3667-4aca-b3d4-061a7f73b92e,2026-07-30T18:45:00Z,2026-07-30T20:45:00+0200,930.49866,MW,FR,FR,forecast_solar_generation,Solar,2026-08-20T04:49:42Z
2026-08-20T04:48:34Z,2026-08-20T06:48:34+0200,a8c862e9-3667-4aca-b3d4-061a7f73b92e,2026-07-30T19:00:00Z,2026-07-30T21:00:00+0200,532.60114,MW,FR,FR,forecast_solar_generation,Solar,2026-08-20T04:49:42Z
2026-08-20T04:48:34Z,2026-08-20T06:48:34+0200,a8c862e9-3667-4aca-b3d4-061a7f73b92e,2026-07-30T19:15:00Z,2026-07-30T21:15:00+0200,187.06035,MW,FR,FR,forecast_solar_generation,Solar,2026-08-20T04:49:42Z
2026-08-20T04:48:34Z,2026-08-20T06:48:34+0200,a8c862e9-3667-4aca-b3d4-061a7f73b92e,2026-07-30T19:30:00Z,2026-07-30T21:30:00+0200,20.78816,MW,FR,FR,forecast_solar_generation,Solar,2026-08-20T04:49:42Z
2026-08-20T04:48:34Z,2026-08-20T06:48:34+0200,a8c862e9-3667-4aca-b3d4-061a7f73b92e,2026-07-30T19:45:00Z,2026-07-30T21:45:00+0200,0.6453,MW,FR,FR,forecast_solar_generation,Solar,2026-08-20T04:49:42Z
2026-08-20T04:48:34Z,2026-08-20T06:48:34+0200,a8c862e9-3667-4aca-b3d4-061a7f73b92e,2026-07-30T20:00:00Z,2026-07-30T22:00:00+0200,0.0,MW,FR,FR,forecast_solar_generation,Solar,2026-08-20T04:49:42Z
2026-08-20T04:48:34Z,2026-08-20T06:48:34+0200,a8c862e9-3667-4aca-b3d4-061a7f73b92e,2026-07-30T20:15:00Z,2026-07-30T22:15:00+0200,0.0,MW,FR,FR,forecast_solar_generation,Solar,2026-08-20T04:49:42Z
2026-08-20T04:48:34Z,2026-08-20T06:48:34+0200,a8c862e9-3667-4aca-b3d4-061a7f73b92e,2026-07-30T20:30:00Z,2026-07-30T22:30:00+0200,0.0,MW,FR,FR,forecast_solar_generation,Solar,2026-08-20T04:49:42Z
2026-08-20T04:48:34Z,2026-08-20T06:48:34+0200,a8c862e9-3667-4aca-b3d4-061a7f73b92e,2026-07-30T20:45:00Z,2026-07-30T22:45:00+0200,0.0,MW,FR,FR,forecast_solar_generation,Solar,2026-08-20T04:49:42Z
2026-08-20T04:48:34Z,2026-08-20T06:48:34+0200,a8c862e9-3667-4aca-b3d4-061a7f73b92e,2026-07-30T21:00:00Z,2026-07-30T23:00:00+0200,0.0,MW,FR,FR,forecast_solar_generation,Solar,2026-08-20T04:49:42Z
2026-08-20T04:48:34Z,2026-08-20T06:48:34+0200,a8c862e9-3667-4aca-b3d4-061a7f73b92e,2026-07-30T21:15:00Z,2026-07-30T23:15:00+0200,0.0,MW,FR,FR,forecast_solar_generation,Solar,2026-08-20T04:49:42Z
2026-08-20T04:48:34Z,2026-08-20T06:48:34+0200,a8c862e9-3667-4aca-b3d4-061a7f73b92e,2026-07-30T21:30:00Z,2026-07-30T23:30:00+0200,0.0,MW,FR,FR,forecast_solar_generation,Solar,2026-08-20T04:49:42Z
2026-08-20T04:48:34Z,2026-08-20T06:48:34+0200,a8c862e9-3667-4aca-b3d4-061a7f73b92e,2026-07-30T21:45:00Z,2026-07-30T23:45:00+0200,0.0,MW,FR,FR,forecast_solar_generation,Solar,2026-08-20T04:49:42Z
2026-08-20T04:48:34Z,2026-08-20T06:48:34+0200,a8c862e9-3667-4aca-b3d4-061a7f73b92e,2026-07-30T22:00:00Z,2026-07-31T00:00:00+0200,0.0,MW,FR,FR,forecast_solar_generation,Solar,2026-08-20T04:49:42Z
2026-08-20T04:48:34Z,2026-08-20T06:48:34+0200,a8c862e9-3667-4aca-b3d4-061a7f73b92e,2026-07-30T22:15:00Z,2026-07-31T00:15:00+0200,0.0,MW,FR,FR,forecast_solar_generation,Solar,2026-08-20T04:49:42Z
2026-08-20T04:48:34Z,2026-08-20T06:48:34+0200,a8c862e9-3667-4aca-b3d4-061a7f73b92e,2026-07-30T22:30:00Z,2026-07-31T00:30:00+0200,0.0,MW,FR,FR,forecast_solar_generation,Solar,2026-08-20T04:49:42Z
2026-08-20T04:48:34Z,2026-08-20T06:48:34+0200,a8c862e9-3667-4aca-b3d4-061a7f73b92e,2026-07-30T22:45:00Z,2026-07-31T00:45:00+0200,0.0,MW,FR,FR,forecast_solar_generation,Solar,2026-08-20T04:49:42Z
2026-08-20T04:48:34Z,2026-08-20T06:48:34+0200,a8c862e9-3667-4aca-b3d4-061a7f73b92e,2026-07-30T23:00:00Z,2026-07-31T01:00:00+0200,0.0,MW,FR,FR,forecast_solar_generation,Solar,2026-08-20T04:49:42Z
2026-08-20T04:48:34Z,2026-08-20T06:48:34+0200,a8c862e9-3667-4aca-b3d4-061a7f73b92e,2026-07-30T23:15:00Z,2026-07-31T01:15:00+0200,0.0,MW,FR,FR,forecast_solar_generation,Solar,2026-08-20T04:49:42Z
2026-08-20T04:48:34Z,2026-08-20T06:48:34+0200,a8c862e9-3667-4aca-b3d4-061a7f73b92e,2026-07-30T23:30:00Z,2026-07-31T01:30:00+0200,0.0,MW,FR,FR,forecast_solar_generation,Solar,2026-08-20T04:49:42Z
2026-08-20T04:48:34Z,2026-08-20T06:48:34+0200,a8c862e9-3667-4aca-b3d4-061a7f73b92e,2026-07-30T23:45:00Z,2026-07-31T01:45:00+0200,0.0,MW,FR,FR,forecast_solar_generation,Solar,2026-08-20T04:49:42Z
2026-08-20T04:48:34Z,2026-08-20T06:48:34+0200,a8c862e9-3667-4aca-b3d4-061a7f73b92e,2026-07-31T00:00:00Z,2026-07-31T02:00:00+0200,0.0,MW,FR,FR,forecast_solar_generation,Solar,2026-08-20T04:49:42Z
2026-08-20T04:48:34Z,2026-08-20T06:48:34+0200,a8c862e9-3667-4aca-b3d4-061a7f73b92e,2026-07-31T00:15:00Z,2026-07-31T02:15:00+0200,0.0,MW,FR,FR,forecast_solar_generation,Solar,2026-08-20T04:49:42Z
2026-08-20T04:48:34Z,2026-08-20T06:48:34+0200,a8c862e9-3667-4aca-b3d4-061a7f73b92e,2026-07-31T00:30:00Z,2026-07-31T02:30:00+0200,0.0,MW,FR,FR,forecast_solar_generation,Solar,2026-08-20T04:49:42Z
2026-08-20T04:48:34Z,2026-08-20T06:48:34+0200,a8c862e9-3667-4aca-b3d4-061a7f73b92e,2026-07-31T00:45:00Z,2026-07-31T02:45:00+0200,0.0,MW,FR,FR,forecast_solar_generation,Solar,2026-08-20T04:49:42Z
2026-08-20T04:48:34Z,2026-08-20T06:48:34+0200,a8c862e9-3667-4aca-b3d4-061a7f73b92e,2026-07-31T01:00:00Z,2026-07-31T03:00:00+0200,0.0,MW,FR,FR,forecast_solar_generation,Solar,2026-08-20T04:49:42Z
2026-08-20T04:48:34Z,2026-08-20T06:48:34+0200,a8c862e9-3667-4aca-b3d4-061a7f73b92e,2026-07-31T01:15:00Z,2026-07-31T03:15:00+0200,0.0,MW,FR,FR,forecast_solar_generation,Solar,2026-08-20T04:49:42Z
2026-08-20T04:48:34Z,2026-08-20T06:48:34+0200,a8c862e9-3667-4aca-b3d4-061a7f73b92e,2026-07-31T01:30:00Z,2026-07-31T03:30:00+0200,0.0,MW,FR,FR,forecast_solar_generation,Solar,2026-08-20T04:49:42Z
2026-08-20T04:48:34Z,2026-08-20T06:48:34+0200,a8c862e9-3667-4aca-b3d4-061a7f73b92e,2026-07-31T01:45:00Z,2026-07-31T03:45:00+0200,0.0,MW,FR,FR,forecast_solar_generation,Solar,2026-08-20T04:49:42Z
2026-08-20T04:48:34Z,2026-08-20T06:48:34+0200,a8c862e9-3667-4aca-b3d4-061a7f73b92e,2026-07-31T02:00:00Z,2026-07-31T04:00:00+0200,0.0,MW,FR,FR,forecast_solar_generation,Solar,2026-08-20T04:49:42Z
2026-08-20T04:48:34Z,2026-08-20T06:48:34+0200,a8c862e9-3667-4aca-b3d4-061a7f73b92e,2026-07-31T02:15:00Z,2026-07-31T04:15:00+0200,0.0,MW,FR,FR,forecast_solar_generation,Solar,2026-08-20T04:49:42Z
2026-08-20T04:48:34Z,2026-08-20T06:48:34+0200,a8c862e9-3667-4aca-b3d4-061a7f73b92e,2026-07-31T02:30:00Z,2026-07-31T04:30:00+0200,0.0,MW,FR,FR,forecast_solar_generation,Solar,2026-08-20T04:49:42Z
2026-08-20T04:48:34Z,2026-08-20T06:48:34+0200,a8c862e9-3667-4aca-b3d4-061a7f73b92e,2026-07-31T02:45:00Z,2026-07-31T04:45:00+0200,0.0,MW,FR,FR,forecast_solar_generation,Solar,2026-08-20T04:49:42Z
2026-08-20T04:48:34Z,2026-08-20T06:48:34+0200,a8c862e9-3667-4aca-b3d4-061a7f73b92e,2026-07-31T03:00:00Z,2026-07-31T05:00:00+0200,0.0,MW,FR,FR,forecast_solar_generation,Solar,2026-08-20T04:49:42Z
2026-08-20T04:48:34Z,2026-08-20T06:48:34+0200,a8c862e9-3667-4aca-b3d4-061a7f73b92e,2026-07-31T03:15:00Z,2026-07-31T05:15:00+0200,0.0,MW,FR,FR,forecast_solar_generation,Solar,2026-08-20T04:49:42Z
2026-08-20T04:48:34Z,2026-08-20T06:48:34+0200,a8c862e9-3667-4aca-b3d4-061a7f73b92e,2026-07-31T03:30:00Z,2026-07-31T05:30:00+0200,0.0,MW,FR,FR,forecast_solar_generation,Solar,2026-08-20T04:49:42Z
2026-08-20T04:48:34Z,2026-08-20T06:48:34+0200,a8c862e9-3667-4aca-b3d4-061a7f73b92e,2026-07-31T03:45:00Z,2026-07-31T05:45:00+0200,0.0,MW,FR,FR,forecast_solar_generation,Solar,2026-08-20T04:49:42Z
2026-08-20T04:48:34Z,2026-08-20T06:48:34+0200,a8c862e9-3667-4aca-b3d4-061a7f73b92e,2026-07-31T04:00:00Z,2026-07-31T06:00:00+0200,0.21576,MW,FR,FR,forecast_solar_generation,Solar,2026-08-20T04:49:42Z
2026-08-20T04:48:34Z,2026-08-20T06:48:34+0200,a8c862e9-3667-4aca-b3d4-061a7f73b92e,2026-07-31T04:15:00Z,2026-07-31T06:15:00+0200,16.03525,MW,FR,FR,forecast_solar_generation,Solar,2026-08-20T04:49:42Z
2026-08-20T04:48:34Z,2026-08-20T06:48:34+0200,a8c862e9-3667-4aca-b3d4-061a7f73b92e,2026-07-31T04:30:00Z,2026-07-31T06:30:00+0200,72.88954,MW,FR,FR,forecast_solar_generation,Solar,2026-08-20T04:49:42Z
2026-08-20T04:48:34Z,2026-08-20T06:48:34+0200,a8c862e9-3667-4aca-b3d4-061a7f73b92e,2026-07-31T04:45:00Z,2026-07-31T06:45:00+0200,214.88193,MW,FR,FR,forecast_solar_generation,Solar,2026-08-20T04:49:42Z
2026-08-20T04:48:34Z,2026-08-20T06:48:34+0200,a8c862e9-3667-4aca-b3d4-061a7f73b92e,2026-07-31T05:00:00Z,2026-07-31T07:00:00+0200,406.27579,MW,FR,FR,forecast_solar_generation,Solar,2026-08-20T04:49:42Z
2026-08-20T04:48:34Z,2026-08-20T06:48:34+0200,a8c862e9-3667-4aca-b3d4-061a7f73b92e,2026-07-31T05:15:00Z,2026-07-31T07:15:00+0200,660.72931,MW,FR,FR,forecast_solar_generation,Solar,2026-08-20T04:49:42Z
2026-08-20T04:48:34Z,2026-08-20T06:48:34+0200,a8c862e9-3667-4aca-b3d4-061a7f73b92e,2026-07-31T05:30:00Z,2026-07-31T07:30:00+0200,957.29907,MW,FR,FR,forecast_solar_generation,Solar,2026-08-20T04:49:42Z
2026-08-20T04:48:34Z,2026-08-20T06:48:34+0200,a8c862e9-3667-4aca-b3d4-061a7f73b92e,2026-07-31T05:45:00Z,2026-07-31T07:45:00+0200,1486.50757,MW,FR,FR,forecast_solar_generation,Solar,2026-08-20T04:49:42Z
2026-08-20T04:48:34Z,2026-08-20T06:48:34+0200,a8c862e9-3667-4aca-b3d4-061a7f73b92e,2026-07-31T06:00:00Z,2026-07-31T08:00:00+0200,2085.85425,MW,FR,FR,forecast_solar_generation,Solar,2026-08-20T04:49:42Z
2026-08-20T04:48:34Z,2026-08-20T06:48:34+0200,a8c862e9-3667-4aca-b3d4-061a7f73b92e,2026-07-31T06:15:00Z,2026-07-31T08:15:00+0200,2924.31201,MW,FR,FR,forecast_solar_generation,Solar,2026-08-20T04:49:42Z
2026-08-20T04:48:34Z,2026-08-20T06:48:34+0200,a8c862e9-3667-4aca-b3d4-061a7f73b92e,2026-07-31T06:30:00Z,2026-07-31T08:30:00+0200,3626.78711,MW,FR,FR,forecast_solar_generation,Solar,2026-08-20T04:49:42Z
2026-08-20T04:48:34Z,2026-08-20T06:48:34+0200,a8c862e9-3667-4aca-b3d4-061a7f73b92e,2026-07-31T06:45:00Z,2026-07-31T08:45:00+0200,4587.48193,MW,FR,FR,forecast_solar_generation,Solar,2026-08-20T04:49:42Z
2026-08-20T04:48:34Z,2026-08-20T06:48:34+0200,a8c862e9-3667-4aca-b3d4-061a7f73b92e,2026-07-31T07:00:00Z,2026-07-31T09:00:00+0200,5417.10352,MW,FR,FR,forecast_solar_generation,Solar,2026-08-20T04:49:42Z
2026-08-20T04:48:34Z,2026-08-20T06:48:34+0200,a8c862e9-3667-4aca-b3d4-061a7f73b92e,2026-07-31T07:15:00Z,2026-07-31T09:15:00+0200,6440.44092,MW,FR,FR,forecast_solar_generation,Solar,2026-08-20T04:49:42Z
2026-08-20T04:48:34Z,2026-08-20T06:48:34+0200,a8c862e9-3667-4aca-b3d4-061a7f73b92e,2026-07-31T07:30:00Z,2026-07-31T09:30:00+0200,7312.50439,MW,FR,FR,forecast_solar_generation,Solar,2026-08-20T04:49:42Z
2026-08-20T04:48:34Z,2026-08-20T06:48:34+0200,a8c862e9-3667-4aca-b3d4-061a7f73b92e,2026-07-31T07:45:00Z,2026-07-31T09:45:00+0200,8251.40039,MW,FR,FR,forecast_solar_generation,Solar,2026-08-20T04:49:42Z
2026-08-20T04:48:34Z,2026-08-20T06:48:34+0200,a8c862e9-3667-4aca-b3d4-061a7f73b92e,2026-07-31T08:00:00Z,2026-07-31T10:00:00+0200,9105.63867,MW,FR,FR,forecast_solar_generation,Solar,2026-08-20T04:49:42Z
2026-08-20T04:48:34Z,2026-08-20T06:48:34+0200,a8c862e9-3667-4aca-b3d4-061a7f73b92e,2026-07-31T08:15:00Z,2026-07-31T10:15:00+0200,10173.83496,MW,FR,FR,forecast_solar_generation,Solar,2026-08-20T04:49:42Z
2026-08-20T04:48:34Z,2026-08-20T06:48:34+0200,a8c862e9-3667-4aca-b3d4-061a7f73b92e,2026-07-31T08:30:00Z,2026-07-31T10:30:00+0200,10989.68555,MW,FR,FR,forecast_solar_generation,Solar,2026-08-20T04:49:42Z
2026-08-20T04:48:34Z,2026-08-20T06:48:34+0200,a8c862e9-3667-4aca-b3d4-061a7f73b92e,2026-07-31T08:45:00Z,2026-07-31T10:45:00+0200,11744.44141,MW,FR,FR,forecast_solar_generation,Solar,2026-08-20T04:49:42Z
2026-08-20T04:48:34Z,2026-08-20T06:48:34+0200,a8c862e9-3667-4aca-b3d4-061a7f73b92e,2026-07-31T09:00:00Z,2026-07-31T11:00:00+0200,12403.26367,MW,FR,FR,forecast_solar_generation,Solar,2026-08-20T04:49:42Z
2026-08-20T04:48:34Z,2026-08-20T06:48:34+0200,a8c862e9-3667-4aca-b3d4-061a7f73b92e,2026-07-31T09:15:00Z,2026-07-31T11:15:00+0200,13265.39355,MW,FR,FR,forecast_solar_generation,Solar,2026-08-20T04:49:42Z
2026-08-20T04:48:34Z,2026-08-20T06:48:34+0200,a8c862e9-3667-4aca-b3d4-061a7f73b92e,2026-07-31T09:30:00Z,2026-07-31T11:30:00+0200,13865.79004,MW,FR,FR,forecast_solar_generation,Solar,2026-08-20T04:49:42Z
2026-08-20T04:48:34Z,2026-08-20T06:48:34+0200,a8c862e9-3667-4aca-b3d4-061a7f73b92e,2026-07-31T09:45:00Z,2026-07-31T11:45:00+0200,14348.1543,MW,FR,FR,forecast_solar_generation,Solar,2026-08-20T04:49:42Z
2026-08-20T04:48:34Z,2026-08-20T06:48:34+0200,a8c862e9-3667-4aca-b3d4-061a7f73b92e,2026-07-31T10:00:00Z,2026-07-31T12:00:00+0200,14799.84766,MW,FR,FR,forecast_solar_generation,Solar,2026-08-20T04:49:42Z
2026-08-20T04:48:34Z,2026-08-20T06:48:34+0200,a8c862e9-3667-4aca-b3d4-061a7f73b92e,2026-07-31T10:15:00Z,2026-07-31T12:15:00+0200,15260.20215,MW,FR,FR,forecast_solar_generation,Solar,2026-08-20T04:49:42Z
2026-08-20T04:48:34Z,2026-08-20T06:48:34+0200,a8c862e9-3667-4aca-b3d4-061a7f73b92e,2026-07-31T10:30:00Z,2026-07-31T12:30:00+0200,15803.49219,MW,FR,FR,forecast_solar_generation,Solar,2026-08-20T04:49:42Z
2026-08-20T04:48:34Z,2026-08-20T06:48:34+0200,a8c862e9-3667-4aca-b3d4-061a7f73b92e,2026-07-31T10:45:00Z,2026-07-31T12:45:00+0200,16103.47559,MW,FR,FR,forecast_solar_generation,Solar,2026-08-20T04:49:42Z
2026-08-20T04:48:34Z,2026-08-20T06:48:34+0200,a8c862e9-3667-4aca-b3d4-061a7f73b92e,2026-07-31T11:00:00Z,2026-07-31T13:00:00+0200,16454.55664,MW,FR,FR,forecast_solar_generation,Solar,2026-08-20T04:49:42Z
2026-08-20T04:48:34Z,2026-08-20T06:48:34+0200,a8c862e9-3667-4aca-b3d4-061a7f73b92e,2026-07-31T11:15:00Z,2026-07-31T13:15:00+0200,16674.91211,MW,FR,FR,forecast_solar_generation,Solar,2026-08-20T04:49:42Z
2026-08-20T04:48:34Z,2026-08-20T06:48:34+0200,a8c862e9-3667-4aca-b3d4-061a7f73b92e,2026-07-31T11:30:00Z,2026-07-31T13:30:00+0200,16924.82617,MW,FR,FR,forecast_solar_generation,Solar,2026-08-20T04:49:42Z
2026-08-20T04:48:34Z,2026-08-20T06:48:34+0200,a8c862e9-3667-4aca-b3d4-061a7f73b92e,2026-07-31T11:45:00Z,2026-07-31T13:45:00+0200,16975.74609,MW,FR,FR,forecast_solar_generation,Solar,2026-08-20T04:49:42Z
2026-08-20T04:48:34Z,2026-08-20T06:48:34+0200,a8c862e9-3667-4aca-b3d4-061a7f73b92e,2026-07-31T12:00:00Z,2026-07-31T14:00:00+0200,17025.13867,MW,FR,FR,forecast_solar_generation,Solar,2026-08-20T04:49:42Z
2026-08-20T04:48:34Z,2026-08-20T06:48:34+0200,a8c862e9-3667-4aca-b3d4-061a7f73b92e,2026-07-31T12:15:00Z,2026-07-31T14:15:00+0200,17089.56836,MW,FR,FR,forecast_solar_generation,Solar,2026-08-20T04:49:42Z
2026-08-20T04:48:34Z,2026-08-20T06:48:34+0200,a8c862e9-3667-4aca-b3d4-061a7f73b92e,2026-07-31T12:30:00Z,2026-07-31T14:30:00+0200,17141.79883,MW,FR,FR,forecast_solar_generation,Solar,2026-08-20T04:49:42Z
2026-08-20T04:48:34Z,2026-08-20T06:48:34+0200,a8c862e9-3667-4aca-b3d4-061a7f73b92e,2026-07-31T12:45:00Z,2026-07-31T14:45:00+0200,17069.81445,MW,FR,FR,forecast_solar_generation,Solar,2026-08-20T04:49:42Z
2026-08-20T04:48:34Z,2026-08-20T06:48:34+0200,a8c862e9-3667-4aca-b3d4-061a7f73b92e,2026-07-31T13:00:00Z,2026-07-31T15:00:00+0200,16974.72852,MW,FR,FR,forecast_solar_generation,Solar,2026-08-20T04:49:42Z
2026-08-20T04:48:34Z,2026-08-20T06:48:34+0200,a8c862e9-3667-4aca-b3d4-061a7f73b92e,2026-07-31T13:15:00Z,2026-07-31T15:15:00+0200,16849.44141,MW,FR,FR,forecast_solar_generation,Solar,2026-08-20T04:49:42Z
2026-08-20T04:48:34Z,2026-08-20T06:48:34+0200,a8c862e9-3667-4aca-b3d4-061a7f73b92e,2026-07-31T13:30:00Z,2026-07-31T15:30:00+0200,16706.82812,MW,FR,FR,forecast_solar_generation,Solar,2026-08-20T04:49:42Z
2026-08-20T04:48:34Z,2026-08-20T06:48:34+0200,a8c862e9-3667-4aca-b3d4-061a7f73b92e,2026-07-31T13:45:00Z,2026-07-31T15:45:00+0200,16196.20117,MW,FR,FR,forecast_solar_generation,Solar,2026-08-20T04:49:42Z
2026-08-20T04:48:34Z,2026-08-20T06:48:34+0200,a8c862e9-3667-4aca-b3d4-061a7f73b92e,2026-07-31T14:00:00Z,2026-07-31T16:00:00+0200,15693.32129,MW,FR,FR,forecast_solar_generation,Solar,2026-08-20T04:49:42Z
2026-08-20T04:48:34Z,2026-08-20T06:48:34+0200,a8c862e9-3667-4aca-b3d4-061a7f73b92e,2026-07-31T14:15:00Z,2026-07-31T16:15:00+0200,15224.9707,MW,FR,FR,forecast_solar_generation,Solar,2026-08-20T04:49:42Z
2026-08-20T04:48:34Z,2026-08-20T06:48:34+0200,a8c862e9-3667-4aca-b3d4-061a7f73b92e,2026-07-31T14:30:00Z,2026-07-31T16:30:00+0200,14678.7832,MW,FR,FR,forecast_solar_generation,Solar,2026-08-20T04:49:42Z
2026-08-20T04:48:34Z,2026-08-20T06:48:34+0200,a8c862e9-3667-4aca-b3d4-061a7f73b92e,2026-07-31T14:45:00Z,2026-07-31T16:45:00+0200,14019.63379,MW,FR,FR,forecast_solar_generation,Solar,2026-08-20T04:49:42Z
2026-08-20T04:48:34Z,2026-08-20T06:48:34+0200,a8c862e9-3667-4aca-b3d4-061a7f73b92e,2026-07-31T15:00:00Z,2026-07-31T17:00:00+0200,13351.44727,MW,FR,FR,forecast_solar_generation,Solar,2026-08-20T04:49:42Z
2026-08-20T04:48:34Z,2026-08-20T06:48:34+0200,a8c862e9-3667-4aca-b3d4-061a7f73b92e,2026-07-31T15:15:00Z,2026-07-31T17:15:00+0200,12596.52051,MW,FR,FR,forecast_solar_generation,Solar,2026-08-20T04:49:42Z
2026-08-20T04:48:34Z,2026-08-20T06:48:34+0200,a8c862e9-3667-4aca-b3d4-061a7f73b92e,2026-07-31T15:30:00Z,2026-07-31T17:30:00+0200,11808.05078,MW,FR,FR,forecast_solar_generation,Solar,2026-08-20T04:49:42Z
2026-08-20T04:48:34Z,2026-08-20T06:48:34+0200,a8c862e9-3667-4aca-b3d4-061a7f73b92e,2026-07-31T15:45:00Z,2026-07-31T17:45:00+0200,11055.09082,MW,FR,FR,forecast_solar_generation,Solar,2026-08-20T04:49:42Z
2026-08-20T04:48:34Z,2026-08-20T06:48:34+0200,a8c862e9-3667-4aca-b3d4-061a7f73b92e,2026-07-31T16:00:00Z,2026-07-31T18:00:00+0200,10190.87988,MW,FR,FR,forecast_solar_generation,Solar,2026-08-20T04:49:42Z
2026-08-20T04:48:34Z,2026-08-20T06:48:34+0200,a8c862e9-3667-4aca-b3d4-061a7f73b92e,2026-07-31T16:15:00Z,2026-07-31T18:15:00+0200,9209.34668,MW,FR,FR,forecast_solar_generation,Solar,2026-08-20T04:49:42Z
2026-08-20T04:48:34Z,2026-08-20T06:48:34+0200,a8c862e9-3667-4aca-b3d4-061a7f73b92e,2026-07-31T16:30:00Z,2026-07-31T18:30:00+0200,8298.2168,MW,FR,FR,forecast_solar_generation,Solar,2026-08-20T04:49:42Z
2026-08-20T04:48:34Z,2026-08-20T06:48:34+0200,a8c862e9-3667-4aca-b3d4-061a7f73b92e,2026-07-31T16:45:00Z,2026-07-31T18:45:00+0200,7434.89844,MW,FR,FR,forecast_solar_generation,Solar,2026-08-20T04:49:42Z
2026-08-20T04:48:34Z,2026-08-20T06:48:34+0200,a8c862e9-3667-4aca-b3d4-061a7f73b92e,2026-07-31T17:00:00Z,2026-07-31T19:00:00+0200,6290.62158,MW,FR,FR,forecast_solar_generation,Solar,2026-08-20T04:49:42Z
2026-08-20T04:48:34Z,2026-08-20T06:48:34+0200,a8c862e9-3667-4aca-b3d4-061a7f73b92e,2026-07-31T17:15:00Z,2026-07-31T19:15:00+0200,5427.61182,MW,FR,FR,forecast_solar_generation,Solar,2026-08-20T04:49:42Z
2026-08-20T04:48:34Z,2026-08-20T06:48:34+0200,a8c862e9-3667-4aca-b3d4-061a7f73b92e,2026-07-31T17:30:00Z,2026-07-31T19:30:00+0200,4347.17627,MW,FR,FR,forecast_solar_generation,Solar,2026-08-20T04:49:42Z
2026-08-20T04:48:34Z,2026-08-20T06:48:34+0200,a8c862e9-3667-4aca-b3d4-061a7f73b92e,2026-07-31T17:45:00Z,2026-07-31T19:45:00+0200,3517.58789,MW,FR,FR,forecast_solar_generation,Solar,2026-08-20T04:49:42Z
2026-08-20T04:48:34Z,2026-08-20T06:48:34+0200,a8c862e9-3667-4aca-b3d4-061a7f73b92e,2026-07-31T18:00:00Z,2026-07-31T20:00:00+0200,2617.5332,MW,FR,FR,forecast_solar_generation,Solar,2026-08-20T04:49:42Z
2026-08-20T04:48:34Z,2026-08-20T06:48:34+0200,a8c862e9-3667-4aca-b3d4-061a7f73b92e,2026-07-31T18:15:00Z,2026-07-31T20:15:00+0200,1897.16272,MW,FR,FR,forecast_solar_generation,Solar,2026-08-20T04:49:42Z
2026-08-20T04:48:34Z,2026-08-20T06:48:34+0200,a8c862e9-3667-4aca-b3d4-061a7f73b92e,2026-07-31T18:30:00Z,2026-07-31T20:30:00+0200,1271.77148,MW,FR,FR,forecast_solar_generation,Solar,2026-08-20T04:49:42Z
2026-08-20T04:48:34Z,2026-08-20T06:48:34+0200,a8c862e9-3667-4aca-b3d4-061a7f73b92e,2026-07-31T18:45:00Z,2026-07-31T20:45:00+0200,882.38556,MW,FR,FR,forecast_solar_generation,Solar,2026-08-20T04:49:42Z
2026-08-20T04:48:34Z,2026-08-20T06:48:34+0200,a8c862e9-3667-4aca-b3d4-061a7f73b92e,2026-07-31T19:00:00Z,2026-07-31T21:00:00+0200,495.50525,MW,FR,FR,forecast_solar_generation,Solar,2026-08-20T04:49:42Z
2026-08-20T04:48:34Z,2026-08-20T06:48:34+0200,a8c862e9-3667-4aca-b3d4-061a7f73b92e,2026-07-31T19:15:00Z,2026-07-31T21:15:00+0200,174.67876,MW,FR,FR,forecast_solar_generation,Solar,2026-08-20T04:49:42Z
2026-08-20T04:48:34Z,2026-08-20T06:48:34+0200,a8c862e9-3667-4aca-b3d4-061a7f73b92e,2026-07-31T19:30:00Z,2026-07-31T21:30:00+0200,16.15561,MW,FR,FR,forecast_solar_generation,Solar,2026-08-20T04:49:42Z
2026-08-20T04:48:34Z,2026-08-20T06:48:34+0200,a8c862e9-3667-4aca-b3d4-061a7f73b92e,2026-07-31T19:45:00Z,2026-07-31T21:45:00+0200,0.01998,MW,FR,FR,forecast_solar_generation,Solar,2026-08-20T04:49:42Z
2026-08-20T04:48:34Z,2026-08-20T06:48:34+0200,a8c862e9-3667-4aca-b3d4-061a7f73b92e,2026-07-31T20:00:00Z,2026-07-31T22:00:00+0200,0.0,MW,FR,FR,forecast_solar_generation,Solar,2026-08-20T04:49:42Z
2026-08-20T04:48:34Z,2026-08-20T06:48:34+0200,a8c862e9-3667-4aca-b3d4-061a7f73b92e,2026-07-31T20:15:00Z,2026-07-31T22:15:00+0200,0.0,MW,FR,FR,forecast_solar_generation,Solar,2026-08-20T04:49:42Z
2026-08-20T04:48:34Z,2026-08-20T06:48:34+0200,a8c862e9-3667-4aca-b3d4-061a7f73b92e,2026-07-31T20:30:00Z,2026-07-31T22:30:00+0200,0.0,MW,FR,FR,forecast_solar_generation,Solar,2026-08-20T04:49:42Z
2026-08-20T04:48:34Z,2026-08-20T06:48:34+0200,a8c862e9-3667-4aca-b3d4-061a7f73b92e,2026-07-31T20:45:00Z,2026-07-31T22:45:00+0200,0.0,MW,FR,FR,forecast_solar_generation,Solar,2026-08-20T04:49:42Z
2026-08-20T04:48:34Z,2026-08-20T06:48:34+0200,a8c862e9-3667-4aca-b3d4-061a7f73b92e,2026-07-31T21:00:00Z,2026-07-31T23:00:00+0200,0.0,MW,FR,FR,forecast_solar_generation,Solar,2026-08-20T04:49:42Z
2026-08-20T04:48:34Z,2026-08-20T06:48:34+0200,a8c862e9-3667-4aca-b3d4-061a7f73b92e,2026-07-31T21:15:00Z,2026-07-31T23:15:00+0200,0.0,MW,FR,FR,forecast_solar_generation,Solar,2026-08-20T04:49:42Z
2026-08-20T04:48:34Z,2026-08-20T06:48:34+0200,a8c862e9-3667-4aca-b3d4-061a7f73b92e,2026-07-31T21:30:00Z,2026-07-31T23:30:00+0200,0.0,MW,FR,FR,forecast_solar_generation,Solar,2026-08-20T04:49:42Z
2026-08-20T04:48:34Z,2026-08-20T06:48:34+0200,a8c862e9-3667-4aca-b3d4-061a7f73b92e,2026-07-31T21:45:00Z,2026-07-31T23:45:00+0200,0.0,MW,FR,FR,forecast_solar_generation,Solar,2026-08-20T04:49:42Z
2026-08-20T04:48:34Z,2026-08-20T06:48:34+0200,a8c862e9-3667-4aca-b3d4-061a7f73b92e,2026-07-31T22:00:00Z,2026-08-01T00:00:00+0200,0.0,MW,FR,FR,forecast_solar_generation,Solar,2026-08-20T04:49:42Z
2026-08-20T04:48:34Z,2026-08-20T06:48:34+0200,a8c862e9-3667-4aca-b3d4-061a7f73b92e,2026-07-31T22:15:00Z,2026-08-01T00:15:00+0200,0.0,MW,FR,FR,forecast_solar_generation,Solar,2026-08-20T04:49:42Z
2026-08-20T04:48:34Z,2026-08-20T06:48:34+0200,a8c862e9-3667-4aca-b3d4-061a7f73b92e,2026-07-31T22:30:00Z,2026-08-01T00:30:00+0200,0.0,MW,FR,FR,forecast_solar_generation,Solar,2026-08-20T04:49:42Z
2026-08-20T04:48:34Z,2026-08-20T06:48:34+0200,a8c862e9-3667-4aca-b3d4-061a7f73b92e,2026-07-31T22:45:00Z,2026-08-01T00:45:00+0200,0.0,MW,FR,FR,forecast_solar_generation,Solar,2026-08-20T04:49:42Z
2026-08-20T04:48:34Z,2026-08-20T06:48:34+0200,a8c862e9-3667-4aca-b3d4-061a7f73b92e,2026-07-31T23:00:00Z,2026-08-01T01:00:00+0200,0.0,MW,FR,FR,forecast_solar_generation,Solar,2026-08-20T04:49:42Z
2026-08-20T04:48:34Z,2026-08-20T06:48:34+0200,a8c862e9-3667-4aca-b3d4-061a7f73b92e,2026-07-31T23:15:00Z,2026-08-01T01:15:00+0200,0.0,MW,FR,FR,forecast_solar_generation,Solar,2026-08-20T04:49:42Z
2026-08-20T04:48:34Z,2026-08-20T06:48:34+0200,a8c862e9-3667-4aca-b3d4-061a7f73b92e,2026-07-31T23:30:00Z,2026-08-01T01:30:00+0200,0.0,MW,FR,FR,forecast_solar_generation,Solar,2026-08-20T04:49:42Z
2026-08-20T04:48:34Z,2026-08-20T06:48:34+0200,a8c862e9-3667-4aca-b3d4-061a7f73b92e,2026-07-31T23:45:00Z,2026-08-01T01:45:00+0200,0.0,MW,FR,FR,forecast_solar_generation,Solar,2026-08-20T04:49:42Z
2026-08-20T04:48:34Z,2026-08-20T06:48:34+0200,a8c862e9-3667-4aca-b3d4-061a7f73b92e,2026-08-01T00:00:00Z,2026-08-01T02:00:00+0200,0.0,MW,FR,FR,forecast_solar_generation,Solar,2026-08-20T04:49:42Z
2026-08-20T04:48:34Z,2026-08-20T06:48:34+0200,a8c862e9-3667-4aca-b3d4-061a7f73b92e,2026-08-01T00:15:00Z,2026-08-01T02:15:00+0200,0.0,MW,FR,FR,forecast_solar_generation,Solar,2026-08-20T04:49:42Z
2026-08-20T04:48:34Z,2026-08-20T06:48:34+0200,a8c862e9-3667-4aca-b3d4-061a7f73b92e,2026-08-01T00:30:00Z,2026-08-01T02:30:00+0200,0.0,MW,FR,FR,forecast_solar_generation,Solar,2026-08-20T04:49:42Z
2026-08-20T04:48:34Z,2026-08-20T06:48:34+0200,a8c862e9-3667-4aca-b3d4-061a7f73b92e,2026-08-01T00:45:00Z,2026-08-01T02:45:00+0200,0.0,MW,FR,FR,forecast_solar_generation,Solar,2026-08-20T04:49:42Z
2026-08-20T04:48:34Z,2026-08-20T06:48:34+0200,a8c862e9-3667-4aca-b3d4-061a7f73b92e,2026-08-01T01:00:00Z,2026-08-01T03:00:00+0200,0.0,MW,FR,FR,forecast_solar_generation,Solar,2026-08-20T04:49:42Z
2026-08-20T04:48:34Z,2026-08-20T06:48:34+0200,a8c862e9-3667-4aca-b3d4-061a7f73b92e,2026-08-01T01:15:00Z,2026-08-01T03:15:00+0200,0.0,MW,FR,FR,forecast_solar_generation,Solar,2026-08-20T04:49:42Z
2026-08-20T04:48:34Z,2026-08-20T06:48:34+0200,a8c862e9-3667-4aca-b3d4-061a7f73b92e,2026-08-01T01:30:00Z,2026-08-01T03:30:00+0200,0.0,MW,FR,FR,forecast_solar_generation,Solar,2026-08-20T04:49:42Z
2026-08-20T04:48:34Z,2026-08-20T06:48:34+0200,a8c862e9-3667-4aca-b3d4-061a7f73b92e,2026-08-01T01:45:00Z,2026-08-01T03:45:00+0200,0.0,MW,FR,FR,forecast_solar_generation,Solar,2026-08-20T04:49:42Z
2026-08-20T04:48:34Z,2026-08-20T06:48:34+0200,a8c862e9-3667-4aca-b3d4-061a7f73b92e,2026-08-01T02:00:00Z,2026-08-01T04:00:00+0200,0.0,MW,FR,FR,forecast_solar_generation,Solar,2026-08-20T04:49:42Z
2026-08-20T04:48:34Z,2026-08-20T06:48:34+0200,a8c862e9-3667-4aca-b3d4-061a7f73b92e,2026-08-01T02:15:00Z,2026-08-01T04:15:00+0200,0.0,MW,FR,FR,forecast_solar_generation,Solar,2026-08-20T04:49:42Z
2026-08-20T04:48:34Z,2026-08-20T06:48:34+0200,a8c862e9-3667-4aca-b3d4-061a7f73b92e,2026-08-01T02:30:00Z,2026-08-01T04:30:00+0200,0.0,MW,FR,FR,forecast_solar_generation,Solar,2026-08-20T04:49:42Z
2026-08-20T04:48:34Z,2026-08-20T06:48:34+0200,a8c862e9-3667-4aca-b3d4-061a7f73b92e,2026-08-01T02:45:00Z,2026-08-01T04:45:00+0200,0.0,MW,FR,FR,forecast_solar_generation,Solar,2026-08-20T04:49:42Z
2026-08-20T04:48:34Z,2026-08-20T06:48:34+0200,a8c862e9-3667-4aca-b3d4-061a7f73b92e,2026-08-01T03:00:00Z,2026-08-01T05:00:00+0200,0.0,MW,FR,FR,forecast_solar_generation,Solar,2026-08-20T04:49:42Z
2026-08-20T04:48:34Z,2026-08-20T06:48:34+0200,a8c862e9-3667-4aca-b3d4-061a7f73b92e,2026-08-01T03:15:00Z,2026-08-01T05:15:00+0200,0.0,MW,FR,FR,forecast_solar_generation,Solar,2026-08-20T04:49:42Z
2026-08-20T04:48:34Z,2026-08-20T06:48:34+0200,a8c862e9-3667-4aca-b3d4-061a7f73b92e,2026-08-01T03:30:00Z,2026-08-01T05:30:00+0200,0.0,MW,FR,FR,forecast_solar_generation,Solar,2026-08-20T04:49:42Z
2026-08-20T04:48:34Z,2026-08-20T06:48:34+0200,a8c862e9-3667-4aca-b3d4-061a7f73b92e,2026-08-01T03:45:00Z,2026-08-01T05:45:00+0200,0.0,MW,FR,FR,forecast_solar_generation,Solar,2026-08-20T04:49:42Z
2026-08-20T04:48:34Z,2026-08-20T06:48:34+0200,a8c862e9-3667-4aca-b3d4-061a7f73b92e,2026-08-01T04:00:00Z,2026-08-01T06:00:00+0200,0.0,MW,FR,FR,forecast_solar_generation,Solar,2026-08-20T04:49:42Z
2026-08-20T04:48:34Z,2026-08-20T06:48:34+0200,a8c862e9-3667-4aca-b3d4-061a7f73b92e,2026-08-01T04:15:00Z,2026-08-01T06:15:00+0200,14.37124,MW,FR,FR,forecast_solar_generation,Solar,2026-08-20T04:49:42Z
2026-08-20T04:48:34Z,2026-08-20T06:48:34+0200,a8c862e9-3667-4aca-b3d4-061a7f73b92e,2026-08-01T04:30:00Z,2026-08-01T06:30:00+0200,69.11503,MW,FR,FR,forecast_solar_generation,Solar,2026-08-20T04:49:42Z
2026-08-20T04:48:34Z,2026-08-20T06:48:34+0200,a8c862e9-3667-4aca-b3d4-061a7f73b92e,2026-08-01T04:45:00Z,2026-08-01T06:45:00+0200,195.99213,MW,FR,FR,forecast_solar_generation,Solar,2026-08-20T04:49:42Z
2026-08-20T04:48:34Z,2026-08-20T06:48:34+0200,a8c862e9-3667-4aca-b3d4-061a7f73b92e,2026-08-01T05:00:00Z,2026-08-01T07:00:00+0200,428.51367,MW,FR,FR,forecast_solar_generation,Solar,2026-08-20T04:49:42Z
2026-08-20T04:48:34Z,2026-08-20T06:48:34+0200,a8c862e9-3667-4aca-b3d4-061a7f73b92e,2026-08-01T05:15:00Z,2026-08-01T07:15:00+0200,703.07196,MW,FR,FR,forecast_solar_generation,Solar,2026-08-20T04:49:42Z
2026-08-20T04:48:34Z,2026-08-20T06:48:34+0200,a8c862e9-3667-4aca-b3d4-061a7f73b92e,2026-08-01T05:30:00Z,2026-08-01T07:30:00+0200,1020.32147,MW,FR,FR,forecast_solar_generation,Solar,2026-08-20T04:49:42Z
2026-08-20T04:48:34Z,2026-08-20T06:48:34+0200,a8c862e9-3667-4aca-b3d4-061a7f73b92e,2026-08-01T05:45:00Z,2026-08-01T07:45:00+0200,1624.95032,MW,FR,FR,forecast_solar_generation,Solar,2026-08-20T04:49:42Z
2026-08-20T04:48:34Z,2026-08-20T06:48:34+0200,a8c862e9-3667-4aca-b3d4-061a7f73b92e,2026-08-01T06:00:00Z,2026-08-01T08:00:00+0200,2365.28613,MW,FR,FR,forecast_solar_generation,Solar,2026-08-20T04:49:42Z
2026-08-20T04:48:34Z,2026-08-20T06:48:34+0200,a8c862e9-3667-4aca-b3d4-061a7f73b92e,2026-08-01T06:15:00Z,2026-08-01T08:15:00+0200,3360.32593,MW,FR,FR,forecast_solar_generation,Solar,2026-08-20T04:49:42Z
2026-08-20T04:48:34Z,2026-08-20T06:48:34+0200,a8c862e9-3667-4aca-b3d4-061a7f73b92e,2026-08-01T06:30:00Z,2026-08-01T08:30:00+0200,4204.2085,MW,FR,FR,forecast_solar_generation,Solar,2026-08-20T04:49:42Z
2026-08-20T04:48:34Z,2026-08-20T06:48:34+0200,a8c862e9-3667-4aca-b3d4-061a7f73b92e,2026-08-01T06:45:00Z,2026-08-01T08:45:00+0200,5443.30029,MW,FR,FR,forecast_solar_generation,Solar,2026-08-20T04:49:42Z
2026-08-20T04:48:34Z,2026-08-20T06:48:34+0200,a8c862e9-3667-4aca-b3d4-061a7f73b92e,2026-08-01T07:00:00Z,2026-08-01T09:00:00+0200,6583.99707,MW,FR,FR,forecast_solar_generation,Solar,2026-08-20T04:49:42Z
2026-08-20T04:48:34Z,2026-08-20T06:48:34+0200,a8c862e9-3667-4aca-b3d4-061a7f73b92e,2026-08-01T07:15:00Z,2026-08-01T09:15:00+0200,7842.2915,MW,FR,FR,forecast_solar_generation,Solar,2026-08-20T04:49:42Z
2026-08-20T04:48:34Z,2026-08-20T06:48:34+0200,a8c862e9-3667-4aca-b3d4-061a7f73b92e,2026-08-01T07:30:00Z,2026-08-01T09:30:00+0200,9035.06348,MW,FR,FR,forecast_solar_generation,Solar,2026-08-20T04:49:42Z
2026-08-20T04:48:34Z,2026-08-20T06:48:34+0200,a8c862e9-3667-4aca-b3d4-061a7f73b92e,2026-08-01T07:45:00Z,2026-08-01T09:45:00+0200,10215.2666,MW,FR,FR,forecast_solar_generation,Solar,2026-08-20T04:49:42Z
2026-08-20T04:48:34Z,2026-08-20T06:48:34+0200,a8c862e9-3667-4aca-b3d4-061a7f73b92e,2026-08-01T08:00:00Z,2026-08-01T10:00:00+0200,11398.62012,MW,FR,FR,forecast_solar_generation,Solar,2026-08-20T04:49:42Z
2026-08-20T04:48:34Z,2026-08-20T06:48:34+0200,a8c862e9-3667-4aca-b3d4-061a7f73b92e,2026-08-01T08:15:00Z,2026-08-01T10:15:00+0200,12656.00586,MW,FR,FR,forecast_solar_generation,Solar,2026-08-20T04:49:42Z
2026-08-20T04:48:34Z,2026-08-20T06:48:34+0200,a8c862e9-3667-4aca-b3d4-061a7f73b92e,2026-08-01T08:30:00Z,2026-08-01T10:30:00+0200,13758.77441,MW,FR,FR,forecast_solar_generation,Solar,2026-08-20T04:49:42Z
2026-08-20T04:48:34Z,2026-08-20T06:48:34+0200,a8c862e9-3667-4aca-b3d4-061a7f73b92e,2026-08-01T08:45:00Z,2026-08-01T10:45:00+0200,14592.32129,MW,FR,FR,forecast_solar_generation,Solar,2026-08-20T04:49:42Z
2026-08-20T04:48:34Z,2026-08-20T06:48:34+0200,a8c862e9-3667-4aca-b3d4-061a7f73b92e,2026-08-01T09:00:00Z,2026-08-01T11:00:00+0200,15435.87695,MW,FR,FR,forecast_solar_generation,Solar,2026-08-20T04:49:42Z
2026-08-20T04:48:34Z,2026-08-20T06:48:34+0200,a8c862e9-3667-4aca-b3d4-061a7f73b92e,2026-08-01T09:15:00Z,2026-08-01T11:15:00+0200,16303.28711,MW,FR,FR,forecast_solar_generation,Solar,2026-08-20T04:49:42Z
2026-08-20T04:48:34Z,2026-08-20T06:48:34+0200,a8c862e9-3667-4aca-b3d4-061a7f73b92e,2026-08-01T09:30:00Z,2026-08-01T11:30:00+0200,17020.14844,MW,FR,FR,forecast_solar_generation,Solar,2026-08-20T04:49:42Z
2026-08-20T04:48:34Z,2026-08-20T06:48:34+0200,a8c862e9-3667-4aca-b3d4-061a7f73b92e,2026-08-01T09:45:00Z,2026-08-01T11:45:00+0200,17632.54492,MW,FR,FR,forecast_solar_generation,Solar,2026-08-20T04:49:42Z
2026-08-20T04:48:34Z,2026-08-20T06:48:34+0200,a8c862e9-3667-4aca-b3d4-061a7f73b92e,2026-08-01T10:00:00Z,2026-08-01T12:00:00+0200,18206.92188,MW,FR,FR,forecast_solar_generation,Solar,2026-08-20T04:49:42Z
2026-08-20T04:48:34Z,2026-08-20T06:48:34+0200,a8c862e9-3667-4aca-b3d4-061a7f73b92e,2026-08-01T10:15:00Z,2026-08-01T12:15:00+0200,18764.73047,MW,FR,FR,forecast_solar_generation,Solar,2026-08-20T04:49:42Z
2026-08-20T04:48:34Z,2026-08-20T06:48:34+0200,a8c862e9-3667-4aca-b3d4-061a7f73b92e,2026-08-01T10:30:00Z,2026-08-01T12:30:00+0200,19289.79492,MW,FR,FR,forecast_solar_generation,Solar,2026-08-20T04:49:42Z
2026-08-20T04:48:34Z,2026-08-20T06:48:34+0200,a8c862e9-3667-4aca-b3d4-061a7f73b92e,2026-08-01T10:45:00Z,2026-08-01T12:45:00+0200,19567.5918,MW,FR,FR,forecast_solar_generation,Solar,2026-08-20T04:49:42Z
2026-08-20T04:48:34Z,2026-08-20T06:48:34+0200,a8c862e9-3667-4aca-b3d4-061a7f73b92e,2026-08-01T11:00:00Z,2026-08-01T13:00:00+0200,19818.92969,MW,FR,FR,forecast_solar_generation,Solar,2026-08-20T04:49:42Z
2026-08-20T04:48:34Z,2026-08-20T06:48:34+0200,a8c862e9-3667-4aca-b3d4-061a7f73b92e,2026-08-01T11:15:00Z,2026-08-01T13:15:00+0200,19986.2207,MW,FR,FR,forecast_solar_generation,Solar,2026-08-20T04:49:42Z
2026-08-20T04:48:34Z,2026-08-20T06:48:34+0200,a8c862e9-3667-4aca-b3d4-061a7f73b92e,2026-08-01T11:30:00Z,2026-08-01T13:30:00+0200,20139.25977,MW,FR,FR,forecast_solar_generation,Solar,2026-08-20T04:49:42Z
2026-08-20T04:48:34Z,2026-08-20T06:48:34+0200,a8c862e9-3667-4aca-b3d4-061a7f73b92e,2026-08-01T11:45:00Z,2026-08-01T13:45:00+0200,20187.33984,MW,FR,FR,forecast_solar_generation,Solar,2026-08-20T04:49:42Z
2026-08-20T04:48:34Z,2026-08-20T06:48:34+0200,a8c862e9-3667-4aca-b3d4-061a7f73b92e,2026-08-01T12:00:00Z,2026-08-01T14:00:00+0200,20243.60742,MW,FR,FR,forecast_solar_generation,Solar,2026-08-20T04:49:42Z
2026-08-20T04:48:34Z,2026-08-20T06:48:34+0200,a8c862e9-3667-4aca-b3d4-061a7f73b92e,2026-08-01T12:15:00Z,2026-08-01T14:15:00+0200,20237.53711,MW,FR,FR,forecast_solar_generation,Solar,2026-08-20T04:49:42Z
2026-08-20T04:48:34Z,2026-08-20T06:48:34+0200,a8c862e9-3667-4aca-b3d4-061a7f73b92e,2026-08-01T12:30:00Z,2026-08-01T14:30:00+0200,20248.625,MW,FR,FR,forecast_solar_generation,Solar,2026-08-20T04:49:42Z
2026-08-20T04:48:34Z,2026-08-20T06:48:34+0200,a8c862e9-3667-4aca-b3d4-061a7f73b92e,2026-08-01T12:45:00Z,2026-08-01T14:45:00+0200,20104.7793,MW,FR,FR,forecast_solar_generation,Solar,2026-08-20T04:49:42Z
2026-08-20T04:48:34Z,2026-08-20T06:48:34+0200,a8c862e9-3667-4aca-b3d4-061a7f73b92e,2026-08-01T13:00:00Z,2026-08-01T15:00:00+0200,19928.36523,MW,FR,FR,forecast_solar_generation,Solar,2026-08-20T04:49:42Z
2026-08-20T04:48:34Z,2026-08-20T06:48:34+0200,a8c862e9-3667-4aca-b3d4-061a7f73b92e,2026-08-01T13:15:00Z,2026-08-01T15:15:00+0200,19683.75391,MW,FR,FR,forecast_solar_generation,Solar,2026-08-20T04:49:42Z
2026-08-20T04:48:34Z,2026-08-20T06:48:34+0200,a8c862e9-3667-4aca-b3d4-061a7f73b92e,2026-08-01T13:30:00Z,2026-08-01T15:30:00+0200,19398.10938,MW,FR,FR,forecast_solar_generation,Solar,2026-08-20T04:49:42Z
2026-08-20T04:48:34Z,2026-08-20T06:48:34+0200,a8c862e9-3667-4aca-b3d4-061a7f73b92e,2026-08-01T13:45:00Z,2026-08-01T15:45:00+0200,18860.16602,MW,FR,FR,forecast_solar_generation,Solar,2026-08-20T04:49:42Z
2026-08-20T04:48:34Z,2026-08-20T06:48:34+0200,a8c862e9-3667-4aca-b3d4-061a7f73b92e,2026-08-01T14:00:00Z,2026-08-01T16:00:00+0200,18326.56641,MW,FR,FR,forecast_solar_generation,Solar,2026-08-20T04:49:42Z
2026-08-20T04:48:34Z,2026-08-20T06:48:34+0200,a8c862e9-3667-4aca-b3d4-061a7f73b92e,2026-08-01T14:15:00Z,2026-08-01T16:15:00+0200,17714.66406,MW,FR,FR,forecast_solar_generation,Solar,2026-08-20T04:49:42Z
2026-08-20T04:48:34Z,2026-08-20T06:48:34+0200,a8c862e9-3667-4aca-b3d4-061a7f73b92e,2026-08-01T14:30:00Z,2026-08-01T16:30:00+0200,17067.68945,MW,FR,FR,forecast_solar_generation,Solar,2026-08-20T04:49:42Z
2026-08-20T04:48:34Z,2026-08-20T06:48:34+0200,a8c862e9-3667-4aca-b3d4-061a7f73b92e,2026-08-01T14:45:00Z,2026-08-01T16:45:00+0200,16345.06348,MW,FR,FR,forecast_solar_generation,Solar,2026-08-20T04:49:42Z
2026-08-20T04:48:34Z,2026-08-20T06:48:34+0200,a8c862e9-3667-4aca-b3d4-061a7f73b92e,2026-08-01T15:00:00Z,2026-08-01T17:00:00+0200,15596.78711,MW,FR,FR,forecast_solar_generation,Solar,2026-08-20T04:49:42Z
2026-08-20T04:48:34Z,2026-08-20T06:48:34+0200,a8c862e9-3667-4aca-b3d4-061a7f73b92e,2026-08-01T15:15:00Z,2026-08-01T17:15:00+0200,14745.97168,MW,FR,FR,forecast_solar_generation,Solar,2026-08-20T04:49:42Z
2026-08-20T04:48:34Z,2026-08-20T06:48:34+0200,a8c862e9-3667-4aca-b3d4-061a7f73b92e,2026-08-01T15:30:00Z,2026-08-01T17:30:00+0200,13827.45215,MW,FR,FR,forecast_solar_generation,Solar,2026-08-20T04:49:42Z
2026-08-20T04:48:34Z,2026-08-20T06:48:34+0200,a8c862e9-3667-4aca-b3d4-061a7f73b92e,2026-08-01T15:45:00Z,2026-08-01T17:45:00+0200,12855.78125,MW,FR,FR,forecast_solar_generation,Solar,2026-08-20T04:49:42Z
2026-08-20T04:48:34Z,2026-08-20T06:48:34+0200,a8c862e9-3667-4aca-b3d4-061a7f73b92e,2026-08-01T16:00:00Z,2026-08-01T18:00:00+0200,11786.9043,MW,FR,FR,forecast_solar_generation,Solar,2026-08-20T04:49:42Z
2026-08-20T04:48:34Z,2026-08-20T06:48:34+0200,a8c862e9-3667-4aca-b3d4-061a7f73b92e,2026-08-01T16:15:00Z,2026-08-01T18:15:00+0200,10608.31934,MW,FR,FR,forecast_solar_generation,Solar,2026-08-20T04:49:42Z
2026-08-20T04:48:34Z,2026-08-20T06:48:34+0200,a8c862e9-3667-4aca-b3d4-061a7f73b92e,2026-08-01T16:30:00Z,2026-08-01T18:30:00+0200,9454.28027,MW,FR,FR,forecast_solar_generation,Solar,2026-08-20T04:49:42Z
2026-08-20T04:48:34Z,2026-08-20T06:48:34+0200,a8c862e9-3667-4aca-b3d4-061a7f73b92e,2026-08-01T16:45:00Z,2026-08-01T18:45:00+0200,8364.69336,MW,FR,FR,forecast_solar_generation,Solar,2026-08-20T04:49:42Z
2026-08-20T04:48:34Z,2026-08-20T06:48:34+0200,a8c862e9-3667-4aca-b3d4-061a7f73b92e,2026-08-01T17:00:00Z,2026-08-01T19:00:00+0200,7065.86865,MW,FR,FR,forecast_solar_generation,Solar,2026-08-20T04:49:42Z
2026-08-20T04:48:34Z,2026-08-20T06:48:34+0200,a8c862e9-3667-4aca-b3d4-061a7f73b92e,2026-08-01T17:15:00Z,2026-08-01T19:15:00+0200,5990.66602,MW,FR,FR,forecast_solar_generation,Solar,2026-08-20T04:49:42Z
2026-08-20T04:48:34Z,2026-08-20T06:48:34+0200,a8c862e9-3667-4aca-b3d4-061a7f73b92e,2026-08-01T17:30:00Z,2026-08-01T19:30:00+0200,4714.99414,MW,FR,FR,forecast_solar_generation,Solar,2026-08-20T04:49:42Z
2026-08-20T04:48:34Z,2026-08-20T06:48:34+0200,a8c862e9-3667-4aca-b3d4-061a7f73b92e,2026-08-01T17:45:00Z,2026-08-01T19:45:00+0200,3763.63525,MW,FR,FR,forecast_solar_generation,Solar,2026-08-20T04:49:42Z
2026-08-20T04:48:34Z,2026-08-20T06:48:34+0200,a8c862e9-3667-4aca-b3d4-061a7f73b92e,2026-08-01T18:00:00Z,2026-08-01T20:00:00+0200,2732.34937,MW,FR,FR,forecast_solar_generation,Solar,2026-08-20T04:49:42Z
2026-08-20T04:48:34Z,2026-08-20T06:48:34+0200,a8c862e9-3667-4aca-b3d4-061a7f73b92e,2026-08-01T18:15:00Z,2026-08-01T20:15:00+0200,1927.07043,MW,FR,FR,forecast_solar_generation,Solar,2026-08-20T04:49:42Z
2026-08-20T04:48:34Z,2026-08-20T06:48:34+0200,a8c862e9-3667-4aca-b3d4-061a7f73b92e,2026-08-01T18:30:00Z,2026-08-01T20:30:00+0200,1269.68091,MW,FR,FR,forecast_solar_generation,Solar,2026-08-20T04:49:42Z
2026-08-20T04:48:34Z,2026-08-20T06:48:34+0200,a8c862e9-3667-4aca-b3d4-061a7f73b92e,2026-08-01T18:45:00Z,2026-08-01T20:45:00+0200,882.09631,MW,FR,FR,forecast_solar_generation,Solar,2026-08-20T04:49:42Z
2026-08-20T04:48:34Z,2026-08-20T06:48:34+0200,a8c862e9-3667-4aca-b3d4-061a7f73b92e,2026-08-01T19:00:00Z,2026-08-01T21:00:00+0200,482.17688,MW,FR,FR,forecast_solar_generation,Solar,2026-08-20T04:49:42Z
2026-08-20T04:48:34Z,2026-08-20T06:48:34+0200,a8c862e9-3667-4aca-b3d4-061a7f73b92e,2026-08-01T19:15:00Z,2026-08-01T21:15:00+0200,151.81421,MW,FR,FR,forecast_solar_generation,Solar,2026-08-20T04:49:42Z
2026-08-20T04:48:34Z,2026-08-20T06:48:34+0200,a8c862e9-3667-4aca-b3d4-061a7f73b92e,2026-08-01T19:30:00Z,2026-08-01T21:30:00+0200,12.57353,MW,FR,FR,forecast_solar_generation,Solar,2026-08-20T04:49:42Z
2026-08-20T04:48:34Z,2026-08-20T06:48:34+0200,a8c862e9-3667-4aca-b3d4-061a7f73b92e,2026-08-01T19:45:00Z,2026-08-01T21:45:00+0200,0.0,MW,FR,FR,forecast_solar_generation,Solar,2026-08-20T04:49:42Z
2026-08-20T04:48:34Z,2026-08-20T06:48:34+0200,a8c862e9-3667-4aca-b3d4-061a7f73b92e,2026-08-01T20:00:00Z,2026-08-01T22:00:00+0200,0.0,MW,FR,FR,forecast_solar_generation,Solar,2026-08-20T04:49:42Z
2026-08-20T04:48:34Z,2026-08-20T06:48:34+0200,a8c862e9-3667-4aca-b3d4-061a7f73b92e,2026-08-01T20:15:00Z,2026-08-01T22:15:00+0200,0.0,MW,FR,FR,forecast_solar_generation,Solar,2026-08-20T04:49:42Z
2026-08-20T04:48:34Z,2026-08-20T06:48:34+0200,a8c862e9-3667-4aca-b3d4-061a7f73b92e,2026-08-01T20:30:00Z,2026-08-01T22:30:00+0200,0.0,MW,FR,FR,forecast_solar_generation,Solar,2026-08-20T04:49:42Z
2026-08-20T04:48:34Z,2026-08-20T06:48:34+0200,a8c862e9-3667-4aca-b3d4-061a7f73b92e,2026-08-01T20:45:00Z,2026-08-01T22:45:00+0200,0.0,MW,FR,FR,forecast_solar_generation,Solar,2026-08-20T04:49:42Z
2026-08-20T04:48:34Z,2026-08-20T06:48:34+0200,a8c862e9-3667-4aca-b3d4-061a7f73b92e,2026-08-01T21:00:00Z,2026-08-01T23:00:00+0200,0.0,MW,FR,FR,forecast_solar_generation,Solar,2026-08-20T04:49:42Z
2026-08-20T04:48:34Z,2026-08-20T06:48:34+0200,a8c862e9-3667-4aca-b3d4-061a7f73b92e,2026-08-01T21:15:00Z,2026-08-01T23:15:00+0200,0.0,MW,FR,FR,forecast_solar_generation,Solar,2026-08-20T04:49:42Z
2026-08-20T04:48:34Z,2026-08-20T06:48:34+0200,a8c862e9-3667-4aca-b3d4-061a7f73b92e,2026-08-01T21:30:00Z,2026-08-01T23:30:00+0200,0.0,MW,FR,FR,forecast_solar_generation,Solar,2026-08-20T04:49:42Z
2026-08-20T04:48:34Z,2026-08-20T06:48:34+0200,a8c862e9-3667-4aca-b3d4-061a7f73b92e,2026-08-01T21:45:00Z,2026-08-01T23:45:00+0200,0.0,MW,FR,FR,forecast_solar_generation,Solar,2026-08-20T04:49:42Z
2026-08-20T04:48:34Z,2026-08-20T06:48:34+0200,a8c862e9-3667-4aca-b3d4-061a7f73b92e,2026-08-01T22:00:00Z,2026-08-02T00:00:00+0200,0.0,MW,FR,FR,forecast_solar_generation,Solar,2026-08-20T04:49:42Z
2026-08-20T04:48:34Z,2026-08-20T06:48:34+0200,a8c862e9-3667-4aca-b3d4-061a7f73b92e,2026-08-01T22:15:00Z,2026-08-02T00:15:00+0200,0.0,MW,FR,FR,forecast_solar_generation,Solar,2026-08-20T04:49:42Z
2026-08-20T04:48:34Z,2026-08-20T06:48:34+0200,a8c862e9-3667-4aca-b3d4-061a7f73b92e,2026-08-01T22:30:00Z,2026-08-02T00:30:00+0200,0.0,MW,FR,FR,forecast_solar_generation,Solar,2026-08-20T04:49:42Z
2026-08-20T04:48:34Z,2026-08-20T06:48:34+0200,a8c862e9-3667-4aca-b3d4-061a7f73b92e,2026-08-01T22:45:00Z,2026-08-02T00:45:00+0200,0.0,MW,FR,FR,forecast_solar_generation,Solar,2026-08-20T04:49:42Z
2026-08-20T04:48:34Z,2026-08-20T06:48:34+0200,a8c862e9-3667-4aca-b3d4-061a7f73b92e,2026-08-01T23:00:00Z,2026-08-02T01:00:00+0200,0.0,MW,FR,FR,forecast_solar_generation,Solar,2026-08-20T04:49:42Z
2026-08-20T04:48:34Z,2026-08-20T06:48:34+0200,a8c862e9-3667-4aca-b3d4-061a7f73b92e,2026-08-01T23:15:00Z,2026-08-02T01:15:00+0200,0.0,MW,FR,FR,forecast_solar_generation,Solar,2026-08-20T04:49:42Z
2026-08-20T04:48:34Z,2026-08-20T06:48:34+0200,a8c862e9-3667-4aca-b3d4-061a7f73b92e,2026-08-01T23:30:00Z,2026-08-02T01:30:00+0200,0.0,MW,FR,FR,forecast_solar_generation,Solar,2026-08-20T04:49:42Z
2026-08-20T04:48:34Z,2026-08-20T06:48:34+0200,a8c862e9-3667-4aca-b3d4-061a7f73b92e,2026-08-01T23:45:00Z,2026-08-02T01:45:00+0200,0.0,MW,FR,FR,forecast_solar_generation,Solar,2026-08-20T04:49:42Z
2026-08-20T04:48:34Z,2026-08-20T06:48:34+0200,a8c862e9-3667-4aca-b3d4-061a7f73b92e,2026-08-02T00:00:00Z,2026-08-02T02:00:00+0200,0.0,MW,FR,FR,forecast_solar_generation,Solar,2026-08-20T04:49:42Z
2026-08-20T04:48:34Z,2026-08-20T06:48:34+0200,a8c862e9-3667-4aca-b3d4-061a7f73b92e,2026-08-02T00:15:00Z,2026-08-02T02:15:00+0200,0.0,MW,FR,FR,forecast_solar_generation,Solar,2026-08-20T04:49:42Z
2026-08-20T04:48:34Z,2026-08-20T06:48:34+0200,a8c862e9-3667-4aca-b3d4-061a7f73b92e,2026-08-02T00:30:00Z,2026-08-02T02:30:00+0200,0.0,MW,FR,FR,forecast_solar_generation,Solar,2026-08-20T04:49:42Z
2026-08-20T04:48:34Z,2026-08-20T06:48:34+0200,a8c862e9-3667-4aca-b3d4-061a7f73b92e,2026-08-02T00:45:00Z,2026-08-02T02:45:00+0200,0.0,MW,FR,FR,forecast_solar_generation,Solar,2026-08-20T04:49:42Z
2026-08-20T04:48:34Z,2026-08-20T06:48:34+0200,a8c862e9-3667-4aca-b3d4-061a7f73b92e,2026-08-02T01:00:00Z,2026-08-02T03:00:00+0200,0.0,MW,FR,FR,forecast_solar_generation,Solar,2026-08-20T04:49:42Z
2026-08-20T04:48:34Z,2026-08-20T06:48:34+0200,a8c862e9-3667-4aca-b3d4-061a7f73b92e,2026-08-02T01:15:00Z,2026-08-02T03:15:00+0200,0.0,MW,FR,FR,forecast_solar_generation,Solar,2026-08-20T04:49:42Z
2026-08-20T04:48:34Z,2026-08-20T06:48:34+0200,a8c862e9-3667-4aca-b3d4-061a7f73b92e,2026-08-02T01:30:00Z,2026-08-02T03:30:00+0200,0.0,MW,FR,FR,forecast_solar_generation,Solar,2026-08-20T04:49:42Z
2026-08-20T04:48:34Z,2026-08-20T06:48:34+0200,a8c862e9-3667-4aca-b3d4-061a7f73b92e,2026-08-02T01:45:00Z,2026-08-02T03:45:00+0200,0.0,MW,FR,FR,forecast_solar_generation,Solar,2026-08-20T04:49:42Z
2026-08-20T04:48:34Z,2026-08-20T06:48:34+0200,a8c862e9-3667-4aca-b3d4-061a7f73b92e,2026-08-02T02:00:00Z,2026-08-02T04:00:00+0200,0.0,MW,FR,FR,forecast_solar_generation,Solar,2026-08-20T04:49:42Z
2026-08-20T04:48:34Z,2026-08-20T06:48:34+0200,a8c862e9-3667-4aca-b3d4-061a7f73b92e,2026-08-02T02:15:00Z,2026-08-02T04:15:00+0200,0.0,MW,FR,FR,forecast_solar_generation,Solar,2026-08-20T04:49:42Z
2026-08-20T04:48:34Z,2026-08-20T06:48:34+0200,a8c862e9-3667-4aca-b3d4-061a7f73b92e,2026-08-02T02:30:00Z,2026-08-02T04:30:00+0200,0.0,MW,FR,FR,forecast_solar_generation,Solar,2026-08-20T04:49:42Z
2026-08-20T04:48:34Z,2026-08-20T06:48:34+0200,a8c862e9-3667-4aca-b3d4-061a7f73b92e,2026-08-02T02:45:00Z,2026-08-02T04:45:00+0200,0.0,MW,FR,FR,forecast_solar_generation,Solar,2026-08-20T04:49:42Z
2026-08-20T04:48:34Z,2026-08-20T06:48:34+0200,a8c862e9-3667-4aca-b3d4-061a7f73b92e,2026-08-02T03:00:00Z,2026-08-02T05:00:00+0200,0.0,MW,FR,FR,forecast_solar_generation,Solar,2026-08-20T04:49:42Z
2026-08-20T04:48:34Z,2026-08-20T06:48:34+0200,a8c862e9-3667-4aca-b3d4-061a7f73b92e,2026-08-02T03:15:00Z,2026-08-02T05:15:00+0200,0.0,MW,FR,FR,forecast_solar_generation,Solar,2026-08-20T04:49:42Z
2026-08-20T04:48:34Z,2026-08-20T06:48:34+0200,a8c862e9-3667-4aca-b3d4-061a7f73b92e,2026-08-02T03:30:00Z,2026-08-02T05:30:00+0200,0.0,MW,FR,FR,forecast_solar_generation,Solar,2026-08-20T04:49:42Z
2026-08-20T04:48:34Z,2026-08-20T06:48:34+0200,a8c862e9-3667-4aca-b3d4-061a7f73b92e,2026-08-02T03:45:00Z,2026-08-02T05:45:00+0200,0.0,MW,FR,FR,forecast_solar_generation,Solar,2026-08-20T04:49:42Z
2026-08-20T04:48:34Z,2026-08-20T06:48:34+0200,a8c862e9-3667-4aca-b3d4-061a7f73b92e,2026-08-02T04:00:00Z,2026-08-02T06:00:00+0200,0.0,MW,FR,FR,forecast_solar_generation,Solar,2026-08-20T04:49:42Z
2026-08-20T04:48:34Z,2026-08-20T06:48:34+0200,a8c862e9-3667-4aca-b3d4-061a7f73b92e,2026-08-02T04:15:00Z,2026-08-02T06:15:00+0200,12.24301,MW,FR,FR,forecast_solar_generation,Solar,2026-08-20T04:49:42Z
2026-08-20T04:48:34Z,2026-08-20T06:48:34+0200,a8c862e9-3667-4aca-b3d4-061a7f73b92e,2026-08-02T04:30:00Z,2026-08-02T06:30:00+0200,64.60678,MW,FR,FR,forecast_solar_generation,Solar,2026-08-20T04:49:42Z
2026-08-20T04:48:34Z,2026-08-20T06:48:34+0200,a8c862e9-3667-4aca-b3d4-061a7f73b92e,2026-08-02T04:45:00Z,2026-08-02T06:45:00+0200,220.17879,MW,FR,FR,forecast_solar_generation,Solar,2026-08-20T04:49:42Z
2026-08-20T04:48:34Z,2026-08-20T06:48:34+0200,a8c862e9-3667-4aca-b3d4-061a7f73b92e,2026-08-02T05:00:00Z,2026-08-02T07:00:00+0200,484.14737,MW,FR,FR,forecast_solar_generation,Solar,2026-08-20T04:49:42Z
2026-08-20T04:48:34Z,2026-08-20T06:48:34+0200,a8c862e9-3667-4aca-b3d4-061a7f73b92e,2026-08-02T05:15:00Z,2026-08-02T07:15:00+0200,798.8266,MW,FR,FR,forecast_solar_generation,Solar,2026-08-20T04:49:42Z
2026-08-20T04:48:34Z,2026-08-20T06:48:34+0200,a8c862e9-3667-4aca-b3d4-061a7f73b92e,2026-08-02T05:30:00Z,2026-08-02T07:30:00+0200,1139.55847,MW,FR,FR,forecast_solar_generation,Solar,2026-08-20T04:49:42Z
2026-08-20T04:48:34Z,2026-08-20T06:48:34+0200,a8c862e9-3667-4aca-b3d4-061a7f73b92e,2026-08-02T05:45:00Z,2026-08-02T07:45:00+0200,1826.64233,MW,FR,FR,forecast_solar_generation,Solar,2026-08-20T04:49:42Z
2026-08-20T04:48:34Z,2026-08-20T06:48:34+0200,a8c862e9-3667-4aca-b3d4-061a7f73b92e,2026-08-02T06:00:00Z,2026-08-02T08:00:00+0200,2687.35156,MW,FR,FR,forecast_solar_generation,Solar,2026-08-20T04:49:42Z
2026-08-20T04:48:34Z,2026-08-20T06:48:34+0200,a8c862e9-3667-4aca-b3d4-061a7f73b92e,2026-08-02T06:15:00Z,2026-08-02T08:15:00+0200,3768.60815,MW,FR,FR,forecast_solar_generation,Solar,2026-08-20T04:49:42Z
2026-08-20T04:48:34Z,2026-08-20T06:48:34+0200,a8c862e9-3667-4aca-b3d4-061a7f73b92e,2026-08-02T06:30:00Z,2026-08-02T08:30:00+0200,4755.61182,MW,FR,FR,forecast_solar_generation,Solar,2026-08-20T04:49:42Z
2026-08-20T04:48:34Z,2026-08-20T06:48:34+0200,a8c862e9-3667-4aca-b3d4-061a7f73b92e,2026-08-02T06:45:00Z,2026-08-02T08:45:00+0200,6065.5708,MW,FR,FR,forecast_solar_generation,Solar,2026-08-20T04:49:42Z
2026-08-20T04:48:34Z,2026-08-20T06:48:34+0200,a8c862e9-3667-4aca-b3d4-061a7f73b92e,2026-08-02T07:00:00Z,2026-08-02T09:00:00+0200,7343.32422,MW,FR,FR,forecast_solar_generation,Solar,2026-08-20T04:49:42Z
2026-08-20T04:48:34Z,2026-08-20T06:48:34+0200,a8c862e9-3667-4aca-b3d4-061a7f73b92e,2026-08-02T07:15:00Z,2026-08-02T09:15:00+0200,8634.75391,MW,FR,FR,forecast_solar_generation,Solar,2026-08-20T04:49:42Z
2026-08-20T04:48:34Z,2026-08-20T06:48:34+0200,a8c862e9-3667-4aca-b3d4-061a7f73b92e,2026-08-02T07:30:00Z,2026-08-02T09:30:00+0200,9899.05371,MW,FR,FR,forecast_solar_generation,Solar,2026-08-20T04:49:42Z
2026-08-20T04:48:34Z,2026-08-20T06:48:34+0200,a8c862e9-3667-4aca-b3d4-061a7f73b92e,2026-08-02T07:45:00Z,2026-08-02T09:45:00+0200,11098.39355,MW,FR,FR,forecast_solar_generation,Solar,2026-08-20T04:49:42Z
2026-08-20T04:48:34Z,2026-08-20T06:48:34+0200,a8c862e9-3667-4aca-b3d4-061a7f73b92e,2026-08-02T08:00:00Z,2026-08-02T10:00:00+0200,12265.89648,MW,FR,FR,forecast_solar_generation,Solar,2026-08-20T04:49:42Z
2026-08-20T04:48:34Z,2026-08-20T06:48:34+0200,a8c862e9-3667-4aca-b3d4-061a7f73b92e,2026-08-02T08:15:00Z,2026-08-02T10:15:00+0200,13497.25879,MW,FR,FR,forecast_solar_generation,Solar,2026-08-20T04:49:42Z
2026-08-20T04:48:34Z,2026-08-20T06:48:34+0200,a8c862e9-3667-4aca-b3d4-061a7f73b92e,2026-08-02T08:30:00Z,2026-08-02T10:30:00+0200,14525.8916,MW,FR,FR,forecast_solar_generation,Solar,2026-08-20T04:49:42Z
2026-08-20T04:48:34Z,2026-08-20T06:48:34+0200,a8c862e9-3667-4aca-b3d4-061a7f73b92e,2026-08-02T08:45:00Z,2026-08-02T10:45:00+0200,15436.40039,MW,FR,FR,forecast_solar_generation,Solar,2026-08-20T04:49:42Z
2026-08-20T04:48:34Z,2026-08-20T06:48:34+0200,a8c862e9-3667-4aca-b3d4-061a7f73b92e,2026-08-02T09:00:00Z,2026-08-02T11:00:00+0200,12558.41504,MW,FR,FR,forecast_solar_generation,Solar,2026-08-20T04:49:42Z
2026-08-20T04:48:34Z,2026-08-20T06:48:34+0200,a8c862e9-3667-4aca-b3d4-061a7f73b92e,2026-08-02T09:15:00Z,2026-08-02T11:15:00+0200,13213.9043,MW,FR,FR,forecast_solar_generation,Solar,2026-08-20T04:49:42Z
2026-08-20T04:48:34Z,2026-08-20T06:48:34+0200,a8c862e9-3667-4aca-b3d4-061a7f73b92e,2026-08-02T09:30:00Z,2026-08-02T11:30:00+0200,13814.33496,MW,FR,FR,forecast_solar_generation,Solar,2026-08-20T04:49:42Z
2026-08-20T04:48:34Z,2026-08-20T06:48:34+0200,a8c862e9-3667-4aca-b3d4-061a7f73b92e,2026-08-02T09:45:00Z,2026-08-02T11:45:00+0200,14285.80566,MW,FR,FR,forecast_solar_generation,Solar,2026-08-20T04:49:42Z
2026-08-20T04:48:34Z,2026-08-20T06:48:34+0200,a8c862e9-3667-4aca-b3d4-061a7f73b92e,2026-08-02T10:00:00Z,2026-08-02T12:00:00+0200,14753.78418,MW,FR,FR,forecast_solar_generation,Solar,2026-08-20T04:49:42Z
2026-08-20T04:48:34Z,2026-08-20T06:48:34+0200,a8c862e9-3667-4aca-b3d4-061a7f73b92e,2026-08-02T10:15:00Z,2026-08-02T12:15:00+0200,14390.49512,MW,FR,FR,forecast_solar_generation,Solar,2026-08-20T04:49:42Z
2026-08-20T04:48:34Z,2026-08-20T06:48:34+0200,a8c862e9-3667-4aca-b3d4-061a7f73b92e,2026-08-02T10:30:00Z,2026-08-02T12:30:00+0200,14079.00488,MW,FR,FR,forecast_solar_generation,Solar,2026-08-20T04:49:42Z
2026-08-20T04:48:34Z,2026-08-20T06:48:34+0200,a8c862e9-3667-4aca-b3d4-061a7f73b92e,2026-08-02T10:45:00Z,2026-08-02T12:45:00+0200,13756.99609,MW,FR,FR,forecast_solar_generation,Solar,2026-08-20T04:49:42Z
2026-08-20T04:48:34Z,2026-08-20T06:48:34+0200,a8c862e9-3667-4aca-b3d4-061a7f73b92e,2026-08-02T11:00:00Z,2026-08-02T13:00:00+0200,13876.8457,MW,FR,FR,forecast_solar_generation,Solar,2026-08-20T04:49:42Z
2026-08-20T04:48:34Z,2026-08-20T06:48:34+0200,a8c862e9-3667-4aca-b3d4-061a7f73b92e,2026-08-02T11:15:00Z,2026-08-02T13:15:00+0200,13959.99707,MW,FR,FR,forecast_solar_generation,Solar,2026-08-20T04:49:42Z
2026-08-20T04:48:34Z,2026-08-20T06:48:34+0200,a8c862e9-3667-4aca-b3d4-061a7f73b92e,2026-08-02T11:30:00Z,2026-08-02T13:30:00+0200,14035.15527,MW,FR,FR,forecast_solar_generation,Solar,2026-08-20T04:49:42Z
2026-08-20T04:48:34Z,2026-08-20T06:48:34+0200,a8c862e9-3667-4aca-b3d4-061a7f73b92e,2026-08-02T11:45:00Z,2026-08-02T13:45:00+0200,14047.6084,MW,FR,FR,forecast_solar_generation,Solar,2026-08-20T04:49:42Z
2026-08-20T04:48:34Z,2026-08-20T06:48:34+0200,a8c862e9-3667-4aca-b3d4-061a7f73b92e,2026-08-02T12:00:00Z,2026-08-02T14:00:00+0200,14043.31055,MW,FR,FR,forecast_solar_generation,Solar,2026-08-20T04:49:42Z
2026-08-20T04:48:34Z,2026-08-20T06:48:34+0200,a8c862e9-3667-4aca-b3d4-061a7f73b92e,2026-08-02T12:15:00Z,2026-08-02T14:15:00+0200,13989.41797,MW,FR,FR,forecast_solar_generation,Solar,2026-08-20T04:49:42Z
2026-08-20T04:48:34Z,2026-08-20T06:48:34+0200,a8c862e9-3667-4aca-b3d4-061a7f73b92e,2026-08-02T12:30:00Z,2026-08-02T14:30:00+0200,13919.55273,MW,FR,FR,forecast_solar_generation,Solar,2026-08-20T04:49:42Z
2026-08-20T04:48:34Z,2026-08-20T06:48:34+0200,a8c862e9-3667-4aca-b3d4-061a7f73b92e,2026-08-02T12:45:00Z,2026-08-02T14:45:00+0200,13768.35547,MW,FR,FR,forecast_solar_generation,Solar,2026-08-20T04:49:42Z
2026-08-20T04:48:34Z,2026-08-20T06:48:34+0200,a8c862e9-3667-4aca-b3d4-061a7f73b92e,2026-08-02T13:00:00Z,2026-08-02T15:00:00+0200,13936.01074,MW,FR,FR,forecast_solar_generation,Solar,2026-08-20T04:49:42Z
2026-08-20T04:48:34Z,2026-08-20T06:48:34+0200,a8c862e9-3667-4aca-b3d4-061a7f73b92e,2026-08-02T13:15:00Z,2026-08-02T15:15:00+0200,15143.13574,MW,FR,FR,forecast_solar_generation,Solar,2026-08-20T04:49:42Z
2026-08-20T04:48:34Z,2026-08-20T06:48:34+0200,a8c862e9-3667-4aca-b3d4-061a7f73b92e,2026-08-02T13:30:00Z,2026-08-02T15:30:00+0200,14871.87109,MW,FR,FR,forecast_solar_generation,Solar,2026-08-20T04:49:42Z
2026-08-20T04:48:34Z,2026-08-20T06:48:34+0200,a8c862e9-3667-4aca-b3d4-061a7f73b92e,2026-08-02T13:45:00Z,2026-08-02T15:45:00+0200,14479.48535,MW,FR,FR,forecast_solar_generation,Solar,2026-08-20T04:49:42Z
2026-08-20T04:48:34Z,2026-08-20T06:48:34+0200,a8c862e9-3667-4aca-b3d4-061a7f73b92e,2026-08-02T14:00:00Z,2026-08-02T16:00:00+0200,18167.05664,MW,FR,FR,forecast_solar_generation,Solar,2026-08-20T04:49:42Z
2026-08-20T04:48:34Z,2026-08-20T06:48:34+0200,a8c862e9-3667-4aca-b3d4-061a7f73b92e,2026-08-02T14:15:00Z,2026-08-02T16:15:00+0200,17569.24023,MW,FR,FR,forecast_solar_generation,Solar,2026-08-20T04:49:42Z
2026-08-20T04:48:34Z,2026-08-20T06:48:34+0200,a8c862e9-3667-4aca-b3d4-061a7f73b92e,2026-08-02T14:30:00Z,2026-08-02T16:30:00+0200,16869.33008,MW,FR,FR,forecast_solar_generation,Solar,2026-08-20T04:49:42Z
2026-08-20T04:48:34Z,2026-08-20T06:48:34+0200,a8c862e9-3667-4aca-b3d4-061a7f73b92e,2026-08-02T14:45:00Z,2026-08-02T16:45:00+0200,16127.30957,MW,FR,FR,forecast_solar_generation,Solar,2026-08-20T04:49:42Z
2026-08-20T04:48:34Z,2026-08-20T06:48:34+0200,a8c862e9-3667-4aca-b3d4-061a7f73b92e,2026-08-02T15:00:00Z,2026-08-02T17:00:00+0200,15356.58008,MW,FR,FR,forecast_solar_generation,Solar,2026-08-20T04:49:42Z
2026-08-20T04:48:34Z,2026-08-20T06:48:34+0200,a8c862e9-3667-4aca-b3d4-061a7f73b92e,2026-08-02T15:15:00Z,2026-08-02T17:15:00+0200,14544.48926,MW,FR,FR,forecast_solar_generation,Solar,2026-08-20T04:49:42Z
2026-08-20T04:48:34Z,2026-08-20T06:48:34+0200,a8c862e9-3667-4aca-b3d4-061a7f73b92e,2026-08-02T15:30:00Z,2026-08-02T17:30:00+0200,13671.57422,MW,FR,FR,forecast_solar_generation,Solar,2026-08-20T04:49:42Z
2026-08-20T04:48:34Z,2026-08-20T06:48:34+0200,a8c862e9-3667-4aca-b3d4-061a7f73b92e,2026-08-02T15:45:00Z,2026-08-02T17:45:00+0200,12705.96582,MW,FR,FR,forecast_solar_generation,Solar,2026-08-20T04:49:42Z
2026-08-20T04:48:34Z,2026-08-20T06:48:34+0200,a8c862e9-3667-4aca-b3d4-061a7f73b92e,2026-08-02T16:00:00Z,2026-08-02T18:00:00+0200,11668.48828,MW,FR,FR,forecast_solar_generation,Solar,2026-08-20T04:49:42Z
2026-08-20T04:48:34Z,2026-08-20T06:48:34+0200,a8c862e9-3667-4aca-b3d4-061a7f73b92e,2026-08-02T16:15:00Z,2026-08-02T18:15:00+0200,10493.70117,MW,FR,FR,forecast_solar_generation,Solar,2026-08-20T04:49:42Z
2026-08-20T04:48:34Z,2026-08-20T06:48:34+0200,a8c862e9-3667-4aca-b3d4-061a7f73b92e,2026-08-02T16:30:00Z,2026-08-02T18:30:00+0200,9292.25195,MW,FR,FR,forecast_solar_generation,Solar,2026-08-20T04:49:42Z
2026-08-20T04:48:34Z,2026-08-20T06:48:34+0200,a8c862e9-3667-4aca-b3d4-061a7f73b92e,2026-08-02T16:45:00Z,2026-08-02T18:45:00+0200,8236.46191,MW,FR,FR,forecast_solar_generation,Solar,2026-08-20T04:49:42Z
2026-08-20T04:48:34Z,2026-08-20T06:48:34+0200,a8c862e9-3667-4aca-b3d4-061a7f73b92e,2026-08-02T17:00:00Z,2026-08-02T19:00:00+0200,6955.74121,MW,FR,FR,forecast_solar_generation,Solar,2026-08-20T04:49:42Z
2026-08-20T04:48:34Z,2026-08-20T06:48:34+0200,a8c862e9-3667-4aca-b3d4-061a7f73b92e,2026-08-02T17:15:00Z,2026-08-02T19:15:00+0200,5929.22266,MW,FR,FR,forecast_solar_generation,Solar,2026-08-20T04:49:42Z
2026-08-20T04:48:34Z,2026-08-20T06:48:34+0200,a8c862e9-3667-4aca-b3d4-061a7f73b92e,2026-08-02T17:30:00Z,2026-08-02T19:30:00+0200,4682.43701,MW,FR,FR,forecast_solar_generation,Solar,2026-08-20T04:49:42Z
2026-08-20T04:48:34Z,2026-08-20T06:48:34+0200,a8c862e9-3667-4aca-b3d4-061a7f73b92e,2026-08-02T17:45:00Z,2026-08-02T19:45:00+0200,3755.46704,MW,FR,FR,forecast_solar_generation,Solar,2026-08-20T04:49:42Z
2026-08-20T04:48:34Z,2026-08-20T06:48:34+0200,a8c862e9-3667-4aca-b3d4-061a7f73b92e,2026-08-02T18:00:00Z,2026-08-02T20:00:00+0200,2778.81641,MW,FR,FR,forecast_solar_generation,Solar,2026-08-20T04:49:42Z
2026-08-20T04:48:34Z,2026-08-20T06:48:34+0200,a8c862e9-3667-4aca-b3d4-061a7f73b92e,2026-08-02T18:15:00Z,2026-08-02T20:15:00+0200,1967.9375,MW,FR,FR,forecast_solar_generation,Solar,2026-08-20T04:49:42Z
2026-08-20T04:48:34Z,2026-08-20T06:48:34+0200,a8c862e9-3667-4aca-b3d4-061a7f73b92e,2026-08-02T18:30:00Z,2026-08-02T20:30:00+0200,1309.94873,MW,FR,FR,forecast_solar_generation,Solar,2026-08-20T04:49:42Z
2026-08-20T04:48:34Z,2026-08-20T06:48:34+0200,a8c862e9-3667-4aca-b3d4-061a7f73b92e,2026-08-02T18:45:00Z,2026-08-02T20:45:00+0200,899.98901,MW,FR,FR,forecast_solar_generation,Solar,2026-08-20T04:49:42Z
2026-08-20T04:48:34Z,2026-08-20T06:48:34+0200,a8c862e9-3667-4aca-b3d4-061a7f73b92e,2026-08-02T19:00:00Z,2026-08-02T21:00:00+0200,476.16687,MW,FR,FR,forecast_solar_generation,Solar,2026-08-20T04:49:42Z
2026-08-20T04:48:34Z,2026-08-20T06:48:34+0200,a8c862e9-3667-4aca-b3d4-061a7f73b92e,2026-08-02T19:15:00Z,2026-08-02T21:15:00+0200,140.94051,MW,FR,FR,forecast_solar_generation,Solar,2026-08-20T04:49:42Z
2026-08-20T04:48:34Z,2026-08-20T06:48:34+0200,a8c862e9-3667-4aca-b3d4-061a7f73b92e,2026-08-02T19:30:00Z,2026-08-02T21:30:00+0200,9.86446,MW,FR,FR,forecast_solar_generation,Solar,2026-08-20T04:49:42Z
2026-08-20T04:48:34Z,2026-08-20T06:48:34+0200,a8c862e9-3667-4aca-b3d4-061a7f73b92e,2026-08-02T19:45:00Z,2026-08-02T21:45:00+0200,0.0,MW,FR,FR,forecast_solar_generation,Solar,2026-08-20T04:49:42Z
2026-08-20T04:48:34Z,2026-08-20T06:48:34+0200,a8c862e9-3667-4aca-b3d4-061a7f73b92e,2026-08-02T20:00:00Z,2026-08-02T22:00:00+0200,0.0,MW,FR,FR,forecast_solar_generation,Solar,2026-08-20T04:49:42Z
2026-08-20T04:48:34Z,2026-08-20T06:48:34+0200,a8c862e9-3667-4aca-b3d4-061a7f73b92e,2026-08-02T20:15:00Z,2026-08-02T22:15:00+0200,0.0,MW,FR,FR,forecast_solar_generation,Solar,2026-08-20T04:49:42Z
2026-08-20T04:48:34Z,2026-08-20T06:48:34+0200,a8c862e9-3667-4aca-b3d4-061a7f73b92e,2026-08-02T20:30:00Z,2026-08-02T22:30:00+0200,0.0,MW,FR,FR,forecast_solar_generation,Solar,2026-08-20T04:49:42Z
2026-08-20T04:48:34Z,2026-08-20T06:48:34+0200,a8c862e9-3667-4aca-b3d4-061a7f73b92e,2026-08-02T20:45:00Z,2026-08-02T22:45:00+0200,0.0,MW,FR,FR,forecast_solar_generation,Solar,2026-08-20T04:49:42Z
2026-08-20T04:48:34Z,2026-08-20T06:48:34+0200,a8c862e9-3667-4aca-b3d4-061a7f73b92e,2026-08-02T21:00:00Z,2026-08-02T23:00:00+0200,0.0,MW,FR,FR,forecast_solar_generation,Solar,2026-08-20T04:49:42Z
2026-08-20T04:48:34Z,2026-08-20T06:48:34+0200,a8c862e9-3667-4aca-b3d4-061a7f73b92e,2026-08-02T21:15:00Z,2026-08-02T23:15:00+0200,0.0,MW,FR,FR,forecast_solar_generation,Solar,2026-08-20T04:49:42Z
2026-08-20T04:48:34Z,2026-08-20T06:48:34+0200,a8c862e9-3667-4aca-b3d4-061a7f73b92e,2026-08-02T21:30:00Z,2026-08-02T23:30:00+0200,0.0,MW,FR,FR,forecast_solar_generation,Solar,2026-08-20T04:49:42Z
2026-08-20T04:48:34Z,2026-08-20T06:48:34+0200,a8c862e9-3667-4aca-b3d4-061a7f73b92e,2026-08-02T21:45:00Z,2026-08-02T23:45:00+0200,0.0,MW,FR,FR,forecast_solar_generation,Solar,2026-08-20T04:49:42Z
2026-08-20T04:48:34Z,2026-08-20T06:48:34+0200,a8c862e9-3667-4aca-b3d4-061a7f73b92e,2026-08-02T22:00:00Z,2026-08-03T00:00:00+0200,0.0,MW,FR,FR,forecast_solar_generation,Solar,2026-08-20T04:49:42Z
2026-08-20T04:48:34Z,2026-08-20T06:48:34+0200,a8c862e9-3667-4aca-b3d4-061a7f73b92e,2026-08-02T22:15:00Z,2026-08-03T00:15:00+0200,0.0,MW,FR,FR,forecast_solar_generation,Solar,2026-08-20T04:49:42Z
2026-08-20T04:48:34Z,2026-08-20T06:48:34+0200,a8c862e9-3667-4aca-b3d4-061a7f73b92e,2026-08-02T22:30:00Z,2026-08-03T00:30:00+0200,0.0,MW,FR,FR,forecast_solar_generation,Solar,2026-08-20T04:49:42Z
2026-08-20T04:48:34Z,2026-08-20T06:48:34+0200,a8c862e9-3667-4aca-b3d4-061a7f73b92e,2026-08-02T22:45:00Z,2026-08-03T00:45:00+0200,0.0,MW,FR,FR,forecast_solar_generation,Solar,2026-08-20T04:49:42Z
2026-08-20T04:48:34Z,2026-08-20T06:48:34+0200,a8c862e9-3667-4aca-b3d4-061a7f73b92e,2026-08-02T23:00:00Z,2026-08-03T01:00:00+0200,0.0,MW,FR,FR,forecast_solar_generation,Solar,2026-08-20T04:49:42Z
2026-08-20T04:48:34Z,2026-08-20T06:48:34+0200,a8c862e9-3667-4aca-b3d4-061a7f73b92e,2026-08-02T23:15:00Z,2026-08-03T01:15:00+0200,0.0,MW,FR,FR,forecast_solar_generation,Solar,2026-08-20T04:49:42Z
2026-08-20T04:48:34Z,2026-08-20T06:48:34+0200,a8c862e9-3667-4aca-b3d4-061a7f73b92e,2026-08-02T23:30:00Z,2026-08-03T01:30:00+0200,0.0,MW,FR,FR,forecast_solar_generation,Solar,2026-08-20T04:49:42Z
2026-08-20T04:48:34Z,2026-08-20T06:48:34+0200,a8c862e9-3667-4aca-b3d4-061a7f73b92e,2026-08-02T23:45:00Z,2026-08-03T01:45:00+0200,0.0,MW,FR,FR,forecast_solar_generation,Solar,2026-08-20T04:49:42Z
2026-08-20T04:48:34Z,2026-08-20T06:48:34+0200,a8c862e9-3667-4aca-b3d4-061a7f73b92e,2026-08-03T00:00:00Z,2026-08-03T02:00:00+0200,0.0,MW,FR,FR,forecast_solar_generation,Solar,2026-08-20T04:49:42Z
2026-08-20T04:48:34Z,2026-08-20T06:48:34+0200,a8c862e9-3667-4aca-b3d4-061a7f73b92e,2026-08-03T00:15:00Z,2026-08-03T02:15:00+0200,0.0,MW,FR,FR,forecast_solar_generation,Solar,2026-08-20T04:49:42Z
2026-08-20T04:48:34Z,2026-08-20T06:48:34+0200,a8c862e9-3667-4aca-b3d4-061a7f73b92e,2026-08-03T00:30:00Z,2026-08-03T02:30:00+0200,0.0,MW,FR,FR,forecast_solar_generation,Solar,2026-08-20T04:49:42Z
2026-08-20T04:48:34Z,2026-08-20T06:48:34+0200,a8c862e9-3667-4aca-b3d4-061a7f73b92e,2026-08-03T00:45:00Z,2026-08-03T02:45:00+0200,0.0,MW,FR,FR,forecast_solar_generation,Solar,2026-08-20T04:49:42Z
2026-08-20T04:48:34Z,2026-08-20T06:48:34+0200,a8c862e9-3667-4aca-b3d4-061a7f73b92e,2026-08-03T01:00:00Z,2026-08-03T03:00:00+0200,0.0,MW,FR,FR,forecast_solar_generation,Solar,2026-08-20T04:49:42Z
2026-08-20T04:48:34Z,2026-08-20T06:48:34+0200,a8c862e9-3667-4aca-b3d4-061a7f73b92e,2026-08-03T01:15:00Z,2026-08-03T03:15:00+0200,0.0,MW,FR,FR,forecast_solar_generation,Solar,2026-08-20T04:49:42Z
2026-08-20T04:48:34Z,2026-08-20T06:48:34+0200,a8c862e9-3667-4aca-b3d4-061a7f73b92e,2026-08-03T01:30:00Z,2026-08-03T03:30:00+0200,0.0,MW,FR,FR,forecast_solar_generation,Solar,2026-08-20T04:49:42Z
2026-08-20T04:48:34Z,2026-08-20T06:48:34+0200,a8c862e9-3667-4aca-b3d4-061a7f73b92e,2026-08-03T01:45:00Z,2026-08-03T03:45:00+0200,0.0,MW,FR,FR,forecast_solar_generation,Solar,2026-08-20T04:49:42Z
2026-08-20T04:48:34Z,2026-08-20T06:48:34+0200,a8c862e9-3667-4aca-b3d4-061a7f73b92e,2026-08-03T02:00:00Z,2026-08-03T04:00:00+0200,0.0,MW,FR,FR,forecast_solar_generation,Solar,2026-08-20T04:49:42Z
2026-08-20T04:48:34Z,2026-08-20T06:48:34+0200,a8c862e9-3667-4aca-b3d4-061a7f73b92e,2026-08-03T02:15:00Z,2026-08-03T04:15:00+0200,0.0,MW,FR,FR,forecast_solar_generation,Solar,2026-08-20T04:49:42Z
2026-08-20T04:48:34Z,2026-08-20T06:48:34+0200,a8c862e9-3667-4aca-b3d4-061a7f73b92e,2026-08-03T02:30:00Z,2026-08-03T04:30:00+0200,0.0,MW,FR,FR,forecast_solar_generation,Solar,2026-08-20T04:49:42Z
2026-08-20T04:48:34Z,2026-08-20T06:48:34+0200,a8c862e9-3667-4aca-b3d4-061a7f73b92e,2026-08-03T02:45:00Z,2026-08-03T04:45:00+0200,0.0,MW,FR,FR,forecast_solar_generation,Solar,2026-08-20T04:49:42Z
2026-08-20T04:48:34Z,2026-08-20T06:48:34+0200,a8c862e9-3667-4aca-b3d4-061a7f73b92e,2026-08-03T03:00:00Z,2026-08-03T05:00:00+0200,0.0,MW,FR,FR,forecast_solar_generation,Solar,2026-08-20T04:49:42Z
2026-08-20T04:48:34Z,2026-08-20T06:48:34+0200,a8c862e9-3667-4aca-b3d4-061a7f73b92e,2026-08-03T03:15:00Z,2026-08-03T05:15:00+0200,0.0,MW,FR,FR,forecast_solar_generation,Solar,2026-08-20T04:49:42Z
2026-08-20T04:48:34Z,2026-08-20T06:48:34+0200,a8c862e9-3667-4aca-b3d4-061a7f73b92e,2026-08-03T03:30:00Z,2026-08-03T05:30:00+0200,0.0,MW,FR,FR,forecast_solar_generation,Solar,2026-08-20T04:49:42Z
2026-08-20T04:48:34Z,2026-08-20T06:48:34+0200,a8c862e9-3667-4aca-b3d4-061a7f73b92e,2026-08-03T03:45:00Z,2026-08-03T05:45:00+0200,0.0,MW,FR,FR,forecast_solar_generation,Solar,2026-08-20T04:49:42Z
2026-08-20T04:48:34Z,2026-08-20T06:48:34+0200,a8c862e9-3667-4aca-b3d4-061a7f73b92e,2026-08-03T04:00:00Z,2026-08-03T06:00:00+0200,0.0,MW,FR,FR,forecast_solar_generation,Solar,2026-08-20T04:49:42Z
2026-08-20T04:48:34Z,2026-08-20T06:48:34+0200,a8c862e9-3667-4aca-b3d4-061a7f73b92e,2026-08-03T04:15:00Z,2026-08-03T06:15:00+0200,12.168,MW,FR,FR,forecast_solar_generation,Solar,2026-08-20T04:49:42Z
2026-08-20T04:48:34Z,2026-08-20T06:48:34+0200,a8c862e9-3667-4aca-b3d4-061a7f73b92e,2026-08-03T04:30:00Z,2026-08-03T06:30:00+0200,60.39761,MW,FR,FR,forecast_solar_generation,Solar,2026-08-20T04:49:42Z
2026-08-20T04:48:34Z,2026-08-20T06:48:34+0200,a8c862e9-3667-4aca-b3d4-061a7f73b92e,2026-08-03T04:45:00Z,2026-08-03T06:45:00+0200,199.06467,MW,FR,FR,forecast_solar_generation,Solar,2026-08-20T04:49:42Z
2026-08-20T04:48:34Z,2026-08-20T06:48:34+0200,a8c862e9-3667-4aca-b3d4-061a7f73b92e,2026-08-03T05:00:00Z,2026-08-03T07:00:00+0200,429.52798,MW,FR,FR,forecast_solar_generation,Solar,2026-08-20T04:49:42Z
2026-08-20T04:48:34Z,2026-08-20T06:48:34+0200,a8c862e9-3667-4aca-b3d4-061a7f73b92e,2026-08-03T05:15:00Z,2026-08-03T07:15:00+0200,696.69336,MW,FR,FR,forecast_solar_generation,Solar,2026-08-20T04:49:42Z
2026-08-20T04:48:34Z,2026-08-20T06:48:34+0200,a8c862e9-3667-4aca-b3d4-061a7f73b92e,2026-08-03T05:30:00Z,2026-08-03T07:30:00+0200,1009.79755,MW,FR,FR,forecast_solar_generation,Solar,2026-08-20T04:49:42Z
2026-08-20T04:48:34Z,2026-08-20T06:48:34+0200,a8c862e9-3667-4aca-b3d4-061a7f73b92e,2026-08-03T05:45:00Z,2026-08-03T07:45:00+0200,1605.00354,MW,FR,FR,forecast_solar_generation,Solar,2026-08-20T04:49:42Z
2026-08-20T04:48:34Z,2026-08-20T06:48:34+0200,a8c862e9-3667-4aca-b3d4-061a7f73b92e,2026-08-03T06:00:00Z,2026-08-03T08:00:00+0200,2298.86328,MW,FR,FR,forecast_solar_generation,Solar,2026-08-20T04:49:42Z
2026-08-20T04:48:34Z,2026-08-20T06:48:34+0200,a8c862e9-3667-4aca-b3d4-061a7f73b92e,2026-08-03T06:15:00Z,2026-08-03T08:15:00+0200,3228.90649,MW,FR,FR,forecast_solar_generation,Solar,2026-08-20T04:49:42Z
2026-08-20T04:48:34Z,2026-08-20T06:48:34+0200,a8c862e9-3667-4aca-b3d4-061a7f73b92e,2026-08-03T06:30:00Z,2026-08-03T08:30:00+0200,3998.66577,MW,FR,FR,forecast_solar_generation,Solar,2026-08-20T04:49:42Z
2026-08-20T04:48:34Z,2026-08-20T06:48:34+0200,a8c862e9-3667-4aca-b3d4-061a7f73b92e,2026-08-03T06:45:00Z,2026-08-03T08:45:00+0200,5096.62012,MW,FR,FR,forecast_solar_generation,Solar,2026-08-20T04:49:42Z
2026-08-20T04:48:34Z,2026-08-20T06:48:34+0200,a8c862e9-3667-4aca-b3d4-061a7f73b92e,2026-08-03T07:00:00Z,2026-08-03T09:00:00+0200,6067.23486,MW,FR,FR,forecast_solar_generation,Solar,2026-08-20T04:49:42Z
2026-08-20T04:48:34Z,2026-08-20T06:48:34+0200,a8c862e9-3667-4aca-b3d4-061a7f73b92e,2026-08-03T07:15:00Z,2026-08-03T09:15:00+0200,7189.82422,MW,FR,FR,forecast_solar_generation,Solar,2026-08-20T04:49:42Z
2026-08-20T04:48:34Z,2026-08-20T06:48:34+0200,a8c862e9-3667-4aca-b3d4-061a7f73b92e,2026-08-03T07:30:00Z,2026-08-03T09:30:00+0200,8193.53125,MW,FR,FR,forecast_solar_generation,Solar,2026-08-20T04:49:42Z
2026-08-20T04:48:34Z,2026-08-20T06:48:34+0200,a8c862e9-3667-4aca-b3d4-061a7f73b92e,2026-08-03T07:45:00Z,2026-08-03T09:45:00+0200,9213.38281,MW,FR,FR,forecast_solar_generation,Solar,2026-08-20T04:49:42Z
2026-08-20T04:48:34Z,2026-08-20T06:48:34+0200,a8c862e9-3667-4aca-b3d4-061a7f73b92e,2026-08-03T08:00:00Z,2026-08-03T10:00:00+0200,10180.92383,MW,FR,FR,forecast_solar_generation,Solar,2026-08-20T04:49:42Z
2026-08-20T04:48:34Z,2026-08-20T06:48:34+0200,a8c862e9-3667-4aca-b3d4-061a7f73b92e,2026-08-03T08:15:00Z,2026-08-03T10:15:00+0200,11300.82129,MW,FR,FR,forecast_solar_generation,Solar,2026-08-20T04:49:42Z
2026-08-20T04:48:34Z,2026-08-20T06:48:34+0200,a8c862e9-3667-4aca-b3d4-061a7f73b92e,2026-08-03T08:30:00Z,2026-08-03T10:30:00+0200,12179.45801,MW,FR,FR,forecast_solar_generation,Solar,2026-08-20T04:49:42Z
2026-08-20T04:48:34Z,2026-08-20T06:48:34+0200,a8c862e9-3667-4aca-b3d4-061a7f73b92e,2026-08-03T08:45:00Z,2026-08-03T10:45:00+0200,12958.99316,MW,FR,FR,forecast_solar_generation,Solar,2026-08-20T04:49:42Z
2026-08-20T04:48:34Z,2026-08-20T06:48:34+0200,a8c862e9-3667-4aca-b3d4-061a7f73b92e,2026-08-03T09:00:00Z,2026-08-03T11:00:00+0200,13653.54492,MW,FR,FR,forecast_solar_generation,Solar,2026-08-20T04:49:42Z
2026-08-20T04:48:34Z,2026-08-20T06:48:34+0200,a8c862e9-3667-4aca-b3d4-061a7f73b92e,2026-08-03T09:15:00Z,2026-08-03T11:15:00+0200,14401.01172,MW,FR,FR,forecast_solar_generation,Solar,2026-08-20T04:49:42Z
2026-08-20T04:48:34Z,2026-08-20T06:48:34+0200,a8c862e9-3667-4aca-b3d4-061a7f73b92e,2026-08-03T09:30:00Z,2026-08-03T11:30:00+0200,15069.00391,MW,FR,FR,forecast_solar_generation,Solar,2026-08-20T04:49:42Z
2026-08-20T04:48:34Z,2026-08-20T06:48:34+0200,a8c862e9-3667-4aca-b3d4-061a7f73b92e,2026-08-03T09:45:00Z,2026-08-03T11:45:00+0200,15520.29492,MW,FR,FR,forecast_solar_generation,Solar,2026-08-20T04:49:42Z
2026-08-20T04:48:34Z,2026-08-20T06:48:34+0200,a8c862e9-3667-4aca-b3d4-061a7f73b92e,2026-08-03T10:00:00Z,2026-08-03T12:00:00+0200,16024.65234,MW,FR,FR,forecast_solar_generation,Solar,2026-08-20T04:49:42Z
2026-08-20T04:48:34Z,2026-08-20T06:48:34+0200,a8c862e9-3667-4aca-b3d4-061a7f73b92e,2026-08-03T10:15:00Z,2026-08-03T12:15:00+0200,16456.94922,MW,FR,FR,forecast_solar_generation,Solar,2026-08-20T04:49:42Z
2026-08-20T04:48:34Z,2026-08-20T06:48:34+0200,a8c862e9-3667-4aca-b3d4-061a7f73b92e,2026-08-03T10:30:00Z,2026-08-03T12:30:00+0200,16877.25,MW,FR,FR,forecast_solar_generation,Solar,2026-08-20T04:49:42Z
2026-08-20T04:48:34Z,2026-08-20T06:48:34+0200,a8c862e9-3667-4aca-b3d4-061a7f73b92e,2026-08-03T10:45:00Z,2026-08-03T12:45:00+0200,17127.21875,MW,FR,FR,forecast_solar_generation,Solar,2026-08-20T04:49:42Z
2026-08-20T04:48:34Z,2026-08-20T06:48:34+0200,a8c862e9-3667-4aca-b3d4-061a7f73b92e,2026-08-03T11:00:00Z,2026-08-03T13:00:00+0200,17373.38086,MW,FR,FR,forecast_solar_generation,Solar,2026-08-20T04:49:42Z
2026-08-20T04:48:34Z,2026-08-20T06:48:34+0200,a8c862e9-3667-4aca-b3d4-061a7f73b92e,2026-08-03T11:15:00Z,2026-08-03T13:15:00+0200,17604.0332,MW,FR,FR,forecast_solar_generation,Solar,2026-08-20T04:49:42Z
2026-08-20T04:48:34Z,2026-08-20T06:48:34+0200,a8c862e9-3667-4aca-b3d4-061a7f73b92e,2026-08-03T11:30:00Z,2026-08-03T13:30:00+0200,17828.38281,MW,FR,FR,forecast_solar_generation,Solar,2026-08-20T04:49:42Z
2026-08-20T04:48:34Z,2026-08-20T06:48:34+0200,a8c862e9-3667-4aca-b3d4-061a7f73b92e,2026-08-03T11:45:00Z,2026-08-03T13:45:00+0200,17838.4082,MW,FR,FR,forecast_solar_generation,Solar,2026-08-20T04:49:42Z
2026-08-20T04:48:34Z,2026-08-20T06:48:34+0200,a8c862e9-3667-4aca-b3d4-061a7f73b92e,2026-08-03T12:00:00Z,2026-08-03T14:00:00+0200,17857.69336,MW,FR,FR,forecast_solar_generation,Solar,2026-08-20T04:49:42Z
2026-08-20T04:48:34Z,2026-08-20T06:48:34+0200,a8c862e9-3667-4aca-b3d4-061a7f73b92e,2026-08-03T12:15:00Z,2026-08-03T14:15:00+0200,17893.83398,MW,FR,FR,forecast_solar_generation,Solar,2026-08-20T04:49:42Z
2026-08-20T04:48:34Z,2026-08-20T06:48:34+0200,a8c862e9-3667-4aca-b3d4-061a7f73b92e,2026-08-03T12:30:00Z,2026-08-03T14:30:00+0200,17882.37695,MW,FR,FR,forecast_solar_generation,Solar,2026-08-20T04:49:42Z
2026-08-20T04:48:34Z,2026-08-20T06:48:34+0200,a8c862e9-3667-4aca-b3d4-061a7f73b92e,2026-08-03T12:45:00Z,2026-08-03T14:45:00+0200,17539.18555,MW,FR,FR,forecast_solar_generation,Solar,2026-08-20T04:49:42Z
2026-08-20T04:48:34Z,2026-08-20T06:48:34+0200,a8c862e9-3667-4aca-b3d4-061a7f73b92e,2026-08-03T13:00:00Z,2026-08-03T15:00:00+0200,17168.33008,MW,FR,FR,forecast_solar_generation,Solar,2026-08-20T04:49:42Z
2026-08-20T04:48:34Z,2026-08-20T06:48:34+0200,a8c862e9-3667-4aca-b3d4-061a7f73b92e,2026-08-03T13:15:00Z,2026-08-03T15:15:00+0200,16738.19336,MW,FR,FR,forecast_solar_generation,Solar,2026-08-20T04:49:42Z
2026-08-20T04:48:34Z,2026-08-20T06:48:34+0200,a8c862e9-3667-4aca-b3d4-061a7f73b92e,2026-08-03T13:30:00Z,2026-08-03T15:30:00+0200,16366.05957,MW,FR,FR,forecast_solar_generation,Solar,2026-08-20T04:49:42Z
2026-08-20T04:48:34Z,2026-08-20T06:48:34+0200,a8c862e9-3667-4aca-b3d4-061a7f73b92e,2026-08-03T13:45:00Z,2026-08-03T15:45:00+0200,15764.86816,MW,FR,FR,forecast_solar_generation,Solar,2026-08-20T04:49:42Z
2026-08-20T04:48:34Z,2026-08-20T06:48:34+0200,a8c862e9-3667-4aca-b3d4-061a7f73b92e,2026-08-03T14:00:00Z,2026-08-03T16:00:00+0200,15169.21973,MW,FR,FR,forecast_solar_generation,Solar,2026-08-20T04:49:42Z
2026-08-20T04:48:34Z,2026-08-20T06:48:34+0200,a8c862e9-3667-4aca-b3d4-061a7f73b92e,2026-08-03T14:15:00Z,2026-08-03T16:15:00+0200,14670.17969,MW,FR,FR,forecast_solar_generation,Solar,2026-08-20T04:49:42Z
2026-08-20T04:48:34Z,2026-08-20T06:48:34+0200,a8c862e9-3667-4aca-b3d4-061a7f73b92e,2026-08-03T14:30:00Z,2026-08-03T16:30:00+0200,14035.03711,MW,FR,FR,forecast_solar_generation,Solar,2026-08-20T04:49:42Z
2026-08-20T04:48:34Z,2026-08-20T06:48:34+0200,a8c862e9-3667-4aca-b3d4-061a7f73b92e,2026-08-03T14:45:00Z,2026-08-03T16:45:00+0200,13360.11621,MW,FR,FR,forecast_solar_generation,Solar,2026-08-20T04:49:42Z
2026-08-20T04:48:34Z,2026-08-20T06:48:34+0200,a8c862e9-3667-4aca-b3d4-061a7f73b92e,2026-08-03T15:00:00Z,2026-08-03T17:00:00+0200,12649.21973,MW,FR,FR,forecast_solar_generation,Solar,2026-08-20T04:49:42Z
2026-08-20T04:48:34Z,2026-08-20T06:48:34+0200,a8c862e9-3667-4aca-b3d4-061a7f73b92e,2026-08-03T15:15:00Z,2026-08-03T17:15:00+0200,11861.4541,MW,FR,FR,forecast_solar_generation,Solar,2026-08-20T04:49:42Z
2026-08-20T04:48:34Z,2026-08-20T06:48:34+0200,a8c862e9-3667-4aca-b3d4-061a7f73b92e,2026-08-03T15:30:00Z,2026-08-03T17:30:00+0200,11095.87793,MW,FR,FR,forecast_solar_generation,Solar,2026-08-20T04:49:42Z
2026-08-20T04:48:34Z,2026-08-20T06:48:34+0200,a8c862e9-3667-4aca-b3d4-061a7f73b92e,2026-08-03T15:45:00Z,2026-08-03T17:45:00+0200,10268.18945,MW,FR,FR,forecast_solar_generation,Solar,2026-08-20T04:49:42Z
2026-08-20T04:48:34Z,2026-08-20T06:48:34+0200,a8c862e9-3667-4aca-b3d4-061a7f73b92e,2026-08-03T16:00:00Z,2026-08-03T18:00:00+0200,9327.53418,MW,FR,FR,forecast_solar_generation,Solar,2026-08-20T04:49:42Z
2026-08-20T04:48:34Z,2026-08-20T06:48:34+0200,a8c862e9-3667-4aca-b3d4-061a7f73b92e,2026-08-03T16:15:00Z,2026-08-03T18:15:00+0200,8362.35645,MW,FR,FR,forecast_solar_generation,Solar,2026-08-20T04:49:42Z
2026-08-20T04:48:34Z,2026-08-20T06:48:34+0200,a8c862e9-3667-4aca-b3d4-061a7f73b92e,2026-08-03T16:30:00Z,2026-08-03T18:30:00+0200,7447.84961,MW,FR,FR,forecast_solar_generation,Solar,2026-08-20T04:49:42Z
2026-08-20T04:48:34Z,2026-08-20T06:48:34+0200,a8c862e9-3667-4aca-b3d4-061a7f73b92e,2026-08-03T16:45:00Z,2026-08-03T18:45:00+0200,6633.68555,MW,FR,FR,forecast_solar_generation,Solar,2026-08-20T04:49:42Z
2026-08-20T04:48:34Z,2026-08-20T06:48:34+0200,a8c862e9-3667-4aca-b3d4-061a7f73b92e,2026-08-03T17:00:00Z,2026-08-03T19:00:00+0200,5510.57129,MW,FR,FR,forecast_solar_generation,Solar,2026-08-20T04:49:42Z
2026-08-20T04:48:34Z,2026-08-20T06:48:34+0200,a8c862e9-3667-4aca-b3d4-061a7f73b92e,2026-08-03T17:15:00Z,2026-08-03T19:15:00+0200,4708.69824,MW,FR,FR,forecast_solar_generation,Solar,2026-08-20T04:49:42Z
2026-08-20T04:48:34Z,2026-08-20T06:48:34+0200,a8c862e9-3667-4aca-b3d4-061a7f73b92e,2026-08-03T17:30:00Z,2026-08-03T19:30:00+0200,3706.27466,MW,FR,FR,forecast_solar_generation,Solar,2026-08-20T04:49:42Z
2026-08-20T04:48:34Z,2026-08-20T06:48:34+0200,a8c862e9-3667-4aca-b3d4-061a7f73b92e,2026-08-03T17:45:00Z,2026-08-03T19:45:00+0200,3007.01562,MW,FR,FR,forecast_solar_generation,Solar,2026-08-20T04:49:42Z
2026-08-20T04:48:34Z,2026-08-20T06:48:34+0200,a8c862e9-3667-4aca-b3d4-061a7f73b92e,2026-08-03T18:00:00Z,2026-08-03T20:00:00+0200,2204.39844,MW,FR,FR,forecast_solar_generation,Solar,2026-08-20T04:49:42Z
2026-08-20T04:48:34Z,2026-08-20T06:48:34+0200,a8c862e9-3667-4aca-b3d4-061a7f73b92e,2026-08-03T18:15:00Z,2026-08-03T20:15:00+0200,1584.31482,MW,FR,FR,forecast_solar_generation,Solar,2026-08-20T04:49:42Z
2026-08-20T04:48:34Z,2026-08-20T06:48:34+0200,a8c862e9-3667-4aca-b3d4-061a7f73b92e,2026-08-03T18:30:00Z,2026-08-03T20:30:00+0200,1023.80841,MW,FR,FR,forecast_solar_generation,Solar,2026-08-20T04:49:42Z
2026-08-20T04:48:34Z,2026-08-20T06:48:34+0200,a8c862e9-3667-4aca-b3d4-061a7f73b92e,2026-08-03T18:45:00Z,2026-08-03T20:45:00+0200,706.56238,MW,FR,FR,forecast_solar_generation,Solar,2026-08-20T04:49:42Z
2026-08-20T04:48:34Z,2026-08-20T06:48:34+0200,a8c862e9-3667-4aca-b3d4-061a7f73b92e,2026-08-03T19:00:00Z,2026-08-03T21:00:00+0200,371.14877,MW,FR,FR,forecast_solar_generation,Solar,2026-08-20T04:49:42Z
2026-08-20T04:48:34Z,2026-08-20T06:48:34+0200,a8c862e9-3667-4aca-b3d4-061a7f73b92e,2026-08-03T19:15:00Z,2026-08-03T21:15:00+0200,117.70853,MW,FR,FR,forecast_solar_generation,Solar,2026-08-20T04:49:42Z
2026-08-20T04:48:34Z,2026-08-20T06:48:34+0200,a8c862e9-3667-4aca-b3d4-061a7f73b92e,2026-08-03T19:30:00Z,2026-08-03T21:30:00+0200,8.58323,MW,FR,FR,forecast_solar_generation,Solar,2026-08-20T04:49:42Z
2026-08-20T04:48:34Z,2026-08-20T06:48:34+0200,a8c862e9-3667-4aca-b3d4-061a7f73b92e,2026-08-03T19:45:00Z,2026-08-03T21:45:00+0200,0.0,MW,FR,FR,forecast_solar_generation,Solar,2026-08-20T04:49:42Z
2026-08-20T04:48:34Z,2026-08-20T06:48:34+0200,a8c862e9-3667-4aca-b3d4-061a7f73b92e,2026-08-03T20:00:00Z,2026-08-03T22:00:00+0200,0.0,MW,FR,FR,forecast_solar_generation,Solar,2026-08-20T04:49:42Z
2026-08-20T04:48:34Z,2026-08-20T06:48:34+0200,a8c862e9-3667-4aca-b3d4-061a7f73b92e,2026-08-03T20:15:00Z,2026-08-03T22:15:00+0200,0.0,MW,FR,FR,forecast_solar_generation,Solar,2026-08-20T04:49:42Z
2026-08-20T04:48:34Z,2026-08-20T06:48:34+0200,a8c862e9-3667-4aca-b3d4-061a7f73b92e,2026-08-03T20:30:00Z,2026-08-03T22:30:00+0200,0.0,MW,FR,FR,forecast_solar_generation,Solar,2026-08-20T04:49:42Z
2026-08-20T04:48:34Z,2026-08-20T06:48:34+0200,a8c862e9-3667-4aca-b3d4-061a7f73b92e,2026-08-03T20:45:00Z,2026-08-03T22:45:00+0200,0.0,MW,FR,FR,forecast_solar_generation,Solar,2026-08-20T04:49:42Z
2026-08-20T04:48:34Z,2026-08-20T06:48:34+0200,a8c862e9-3667-4aca-b3d4-061a7f73b92e,2026-08-03T21:00:00Z,2026-08-03T23:00:00+0200,0.0,MW,FR,FR,forecast_solar_generation,Solar,2026-08-20T04:49:42Z
2026-08-20T04:48:34Z,2026-08-20T06:48:34+0200,a8c862e9-3667-4aca-b3d4-061a7f73b92e,2026-08-03T21:15:00Z,2026-08-03T23:15:00+0200,0.0,MW,FR,FR,forecast_solar_generation,Solar,2026-08-20T04:49:42Z
2026-08-20T04:48:34Z,2026-08-20T06:48:34+0200,a8c862e9-3667-4aca-b3d4-061a7f73b92e,2026-08-03T21:30:00Z,2026-08-03T23:30:00+0200,0.0,MW,FR,FR,forecast_solar_generation,Solar,2026-08-20T04:49:42Z
2026-08-20T04:48:34Z,2026-08-20T06:48:34+0200,a8c862e9-3667-4aca-b3d4-061a7f73b92e,2026-08-03T21:45:00Z,2026-08-03T23:45:00+0200,0.0,MW,FR,FR,forecast_solar_generation,Solar,2026-08-20T04:49:42Z
2026-08-20T04:48:34Z,2026-08-20T06:48:34+0200,a8c862e9-3667-4aca-b3d4-061a7f73b92e,2026-08-03T22:00:00Z,2026-08-04T00:00:00+0200,0.0,MW,FR,FR,forecast_solar_generation,Solar,2026-08-20T04:49:42Z
2026-08-20T04:48:34Z,2026-08-20T06:48:34+0200,a8c862e9-3667-4aca-b3d4-061a7f73b92e,2026-08-03T22:15:00Z,2026-08-04T00:15:00+0200,0.0,MW,FR,FR,forecast_solar_generation,Solar,2026-08-20T04:49:42Z
2026-08-20T04:48:34Z,2026-08-20T06:48:34+0200,a8c862e9-3667-4aca-b3d4-061a7f73b92e,2026-08-03T22:30:00Z,2026-08-04T00:30:00+0200,0.0,MW,FR,FR,forecast_solar_generation,Solar,2026-08-20T04:49:42Z
2026-08-20T04:48:34Z,2026-08-20T06:48:34+0200,a8c862e9-3667-4aca-b3d4-061a7f73b92e,2026-08-03T22:45:00Z,2026-08-04T00:45:00+0200,0.0,MW,FR,FR,forecast_solar_generation,Solar,2026-08-20T04:49:42Z
2026-08-20T04:48:34Z,2026-08-20T06:48:34+0200,a8c862e9-3667-4aca-b3d4-061a7f73b92e,2026-08-03T23:00:00Z,2026-08-04T01:00:00+0200,0.0,MW,FR,FR,forecast_solar_generation,Solar,2026-08-20T04:49:42Z
2026-08-20T04:48:34Z,2026-08-20T06:48:34+0200,a8c862e9-3667-4aca-b3d4-061a7f73b92e,2026-08-03T23:15:00Z,2026-08-04T01:15:00+0200,0.0,MW,FR,FR,forecast_solar_generation,Solar,2026-08-20T04:49:42Z
2026-08-20T04:48:34Z,2026-08-20T06:48:34+0200,a8c862e9-3667-4aca-b3d4-061a7f73b92e,2026-08-03T23:30:00Z,2026-08-04T01:30:00+0200,0.0,MW,FR,FR,forecast_solar_generation,Solar,2026-08-20T04:49:42Z
2026-08-20T04:48:34Z,2026-08-20T06:48:34+0200,a8c862e9-3667-4aca-b3d4-061a7f73b92e,2026-08-03T23:45:00Z,2026-08-04T01:45:00+0200,0.0,MW,FR,FR,forecast_solar_generation,Solar,2026-08-20T04:49:42Z
2026-08-20T04:48:34Z,2026-08-20T06:48:34+0200,a8c862e9-3667-4aca-b3d4-061a7f73b92e,2026-08-04T00:00:00Z,2026-08-04T02:00:00+0200,0.0,MW,FR,FR,forecast_solar_generation,Solar,2026-08-20T04:49:42Z
2026-08-20T04:48:34Z,2026-08-20T06:48:34+0200,a8c862e9-3667-4aca-b3d4-061a7f73b92e,2026-08-04T00:15:00Z,2026-08-04T02:15:00+0200,0.0,MW,FR,FR,forecast_solar_generation,Solar,2026-08-20T04:49:42Z
2026-08-20T04:48:34Z,2026-08-20T06:48:34+0200,a8c862e9-3667-4aca-b3d4-061a7f73b92e,2026-08-04T00:30:00Z,2026-08-04T02:30:00+0200,0.0,MW,FR,FR,forecast_solar_generation,Solar,2026-08-20T04:49:42Z
2026-08-20T04:48:34Z,2026-08-20T06:48:34+0200,a8c862e9-3667-4aca-b3d4-061a7f73b92e,2026-08-04T00:45:00Z,2026-08-04T02:45:00+0200,0.0,MW,FR,FR,forecast_solar_generation,Solar,2026-08-20T04:49:42Z
2026-08-20T04:48:34Z,2026-08-20T06:48:34+0200,a8c862e9-3667-4aca-b3d4-061a7f73b92e,2026-08-04T01:00:00Z,2026-08-04T03:00:00+0200,0.0,MW,FR,FR,forecast_solar_generation,Solar,2026-08-20T04:49:42Z
2026-08-20T04:48:34Z,2026-08-20T06:48:34+0200,a8c862e9-3667-4aca-b3d4-061a7f73b92e,2026-08-04T01:15:00Z,2026-08-04T03:15:00+0200,0.0,MW,FR,FR,forecast_solar_generation,Solar,2026-08-20T04:49:42Z
2026-08-20T04:48:34Z,2026-08-20T06:48:34+0200,a8c862e9-3667-4aca-b3d4-061a7f73b92e,2026-08-04T01:30:00Z,2026-08-04T03:30:00+0200,0.0,MW,FR,FR,forecast_solar_generation,Solar,2026-08-20T04:49:42Z
2026-08-20T04:48:34Z,2026-08-20T06:48:34+0200,a8c862e9-3667-4aca-b3d4-061a7f73b92e,2026-08-04T01:45:00Z,2026-08-04T03:45:00+0200,0.0,MW,FR,FR,forecast_solar_generation,Solar,2026-08-20T04:49:42Z
2026-08-20T04:48:34Z,2026-08-20T06:48:34+0200,a8c862e9-3667-4aca-b3d4-061a7f73b92e,2026-08-04T02:00:00Z,2026-08-04T04:00:00+0200,0.0,MW,FR,FR,forecast_solar_generation,Solar,2026-08-20T04:49:42Z
2026-08-20T04:48:34Z,2026-08-20T06:48:34+0200,a8c862e9-3667-4aca-b3d4-061a7f73b92e,2026-08-04T02:15:00Z,2026-08-04T04:15:00+0200,0.0,MW,FR,FR,forecast_solar_generation,Solar,2026-08-20T04:49:42Z
2026-08-20T04:48:34Z,2026-08-20T06:48:34+0200,a8c862e9-3667-4aca-b3d4-061a7f73b92e,2026-08-04T02:30:00Z,2026-08-04T04:30:00+0200,0.0,MW,FR,FR,forecast_solar_generation,Solar,2026-08-20T04:49:42Z
2026-08-20T04:48:34Z,2026-08-20T06:48:34+0200,a8c862e9-3667-4aca-b3d4-061a7f73b92e,2026-08-04T02:45:00Z,2026-08-04T04:45:00+0200,0.0,MW,FR,FR,forecast_solar_generation,Solar,2026-08-20T04:49:42Z
2026-08-20T04:48:34Z,2026-08-20T06:48:34+0200,a8c862e9-3667-4aca-b3d4-061a7f73b92e,2026-08-04T03:00:00Z,2026-08-04T05:00:00+0200,0.0,MW,FR,FR,forecast_solar_generation,Solar,2026-08-20T04:49:42Z
2026-08-20T04:48:34Z,2026-08-20T06:48:34+0200,a8c862e9-3667-4aca-b3d4-061a7f73b92e,2026-08-04T03:15:00Z,2026-08-04T05:15:00+0200,0.0,MW,FR,FR,forecast_solar_generation,Solar,2026-08-20T04:49:42Z
2026-08-20T04:48:34Z,2026-08-20T06:48:34+0200,a8c862e9-3667-4aca-b3d4-061a7f73b92e,2026-08-04T03:30:00Z,2026-08-04T05:30:00+0200,0.0,MW,FR,FR,forecast_solar_generation,Solar,2026-08-20T04:49:42Z
2026-08-20T04:48:34Z,2026-08-20T06:48:34+0200,a8c862e9-3667-4aca-b3d4-061a7f73b92e,2026-08-04T03:45:00Z,2026-08-04T05:45:00+0200,0.0,MW,FR,FR,forecast_solar_generation,Solar,2026-08-20T04:49:42Z
2026-08-20T04:48:34Z,2026-08-20T06:48:34+0200,a8c862e9-3667-4aca-b3d4-061a7f73b92e,2026-08-04T04:00:00Z,2026-08-04T06:00:00+0200,0.0,MW,FR,FR,forecast_solar_generation,Solar,2026-08-20T04:49:42Z
2026-08-20T04:48:34Z,2026-08-20T06:48:34+0200,a8c862e9-3667-4aca-b3d4-061a7f73b92e,2026-08-04T04:15:00Z,2026-08-04T06:15:00+0200,10.63023,MW,FR,FR,forecast_solar_generation,Solar,2026-08-20T04:49:42Z
2026-08-20T04:48:34Z,2026-08-20T06:48:34+0200,a8c862e9-3667-4aca-b3d4-061a7f73b92e,2026-08-04T04:30:00Z,2026-08-04T06:30:00+0200,62.57047,MW,FR,FR,forecast_solar_generation,Solar,2026-08-20T04:49:42Z
2026-08-20T04:48:34Z,2026-08-20T06:48:34+0200,a8c862e9-3667-4aca-b3d4-061a7f73b92e,2026-08-04T04:45:00Z,2026-08-04T06:45:00+0200,179.71053,MW,FR,FR,forecast_solar_generation,Solar,2026-08-20T04:49:42Z
2026-08-20T04:48:34Z,2026-08-20T06:48:34+0200,a8c862e9-3667-4aca-b3d4-061a7f73b92e,2026-08-04T05:00:00Z,2026-08-04T07:00:00+0200,366.11197,MW,FR,FR,forecast_solar_generation,Solar,2026-08-20T04:49:42Z
2026-08-20T04:48:34Z,2026-08-20T06:48:34+0200,a8c862e9-3667-4aca-b3d4-061a7f73b92e,2026-08-04T05:15:00Z,2026-08-04T07:15:00+0200,596.53125,MW,FR,FR,forecast_solar_generation,Solar,2026-08-20T04:49:42Z
2026-08-20T04:48:34Z,2026-08-20T06:48:34+0200,a8c862e9-3667-4aca-b3d4-061a7f73b92e,2026-08-04T05:30:00Z,2026-08-04T07:30:00+0200,879.9704,MW,FR,FR,forecast_solar_generation,Solar,2026-08-20T04:49:42Z
2026-08-20T04:48:34Z,2026-08-20T06:48:34+0200,a8c862e9-3667-4aca-b3d4-061a7f73b92e,2026-08-04T05:45:00Z,2026-08-04T07:45:00+0200,1416.42944,MW,FR,FR,forecast_solar_generation,Solar,2026-08-20T04:49:42Z
2026-08-20T04:48:34Z,2026-08-20T06:48:34+0200,a8c862e9-3667-4aca-b3d4-061a7f73b92e,2026-08-04T06:00:00Z,2026-08-04T08:00:00+0200,2013.2948,MW,FR,FR,forecast_solar_generation,Solar,2026-08-20T04:49:42Z
2026-08-20T04:48:34Z,2026-08-20T06:48:34+0200,a8c862e9-3667-4aca-b3d4-061a7f73b92e,2026-08-04T06:15:00Z,2026-08-04T08:15:00+0200,2927.97583,MW,FR,FR,forecast_solar_generation,Solar,2026-08-20T04:49:42Z
2026-08-20T04:48:34Z,2026-08-20T06:48:34+0200,a8c862e9-3667-4aca-b3d4-061a7f73b92e,2026-08-04T06:30:00Z,2026-08-04T08:30:00+0200,3610.11548,MW,FR,FR,forecast_solar_generation,Solar,2026-08-20T04:49:42Z
2026-08-20T04:48:34Z,2026-08-20T06:48:34+0200,a8c862e9-3667-4aca-b3d4-061a7f73b92e,2026-08-04T06:45:00Z,2026-08-04T08:45:00+0200,4682.7334,MW,FR,FR,forecast_solar_generation,Solar,2026-08-20T04:49:42Z
2026-08-20T04:48:34Z,2026-08-20T06:48:34+0200,a8c862e9-3667-4aca-b3d4-061a7f73b92e,2026-08-04T07:00:00Z,2026-08-04T09:00:00+0200,5552.1748,MW,FR,FR,forecast_solar_generation,Solar,2026-08-20T04:49:42Z
2026-08-20T04:48:34Z,2026-08-20T06:48:34+0200,a8c862e9-3667-4aca-b3d4-061a7f73b92e,2026-08-04T07:15:00Z,2026-08-04T09:15:00+0200,6693.73486,MW,FR,FR,forecast_solar_generation,Solar,2026-08-20T04:49:42Z
2026-08-20T04:48:34Z,2026-08-20T06:48:34+0200,a8c862e9-3667-4aca-b3d4-061a7f73b92e,2026-08-04T07:30:00Z,2026-08-04T09:30:00+0200,7651.7002,MW,FR,FR,forecast_solar_generation,Solar,2026-08-20T04:49:42Z
2026-08-20T04:48:34Z,2026-08-20T06:48:34+0200,a8c862e9-3667-4aca-b3d4-061a7f73b92e,2026-08-04T07:45:00Z,2026-08-04T09:45:00+0200,8575.91797,MW,FR,FR,forecast_solar_generation,Solar,2026-08-20T04:49:42Z
2026-08-20T04:48:34Z,2026-08-20T06:48:34+0200,a8c862e9-3667-4aca-b3d4-061a7f73b92e,2026-08-04T08:00:00Z,2026-08-04T10:00:00+0200,9473.3623,MW,FR,FR,forecast_solar_generation,Solar,2026-08-20T04:49:42Z
2026-08-20T04:48:34Z,2026-08-20T06:48:34+0200,a8c862e9-3667-4aca-b3d4-061a7f73b92e,2026-08-04T08:15:00Z,2026-08-04T10:15:00+0200,10598.13086,MW,FR,FR,forecast_solar_generation,Solar,2026-08-20T04:49:42Z
2026-08-20T04:48:34Z,2026-08-20T06:48:34+0200,a8c862e9-3667-4aca-b3d4-061a7f73b92e,2026-08-04T08:30:00Z,2026-08-04T10:30:00+0200,11407.69922,MW,FR,FR,forecast_solar_generation,Solar,2026-08-20T04:49:42Z
2026-08-20T04:48:34Z,2026-08-20T06:48:34+0200,a8c862e9-3667-4aca-b3d4-061a7f73b92e,2026-08-04T08:45:00Z,2026-08-04T10:45:00+0200,12213.72754,MW,FR,FR,forecast_solar_generation,Solar,2026-08-20T04:49:42Z
2026-08-20T04:48:34Z,2026-08-20T06:48:34+0200,a8c862e9-3667-4aca-b3d4-061a7f73b92e,2026-08-04T09:00:00Z,2026-08-04T11:00:00+0200,12990.26465,MW,FR,FR,forecast_solar_generation,Solar,2026-08-20T04:49:42Z
2026-08-20T04:48:34Z,2026-08-20T06:48:34+0200,a8c862e9-3667-4aca-b3d4-061a7f73b92e,2026-08-04T09:15:00Z,2026-08-04T11:15:00+0200,13819.27148,MW,FR,FR,forecast_solar_generation,Solar,2026-08-20T04:49:42Z
2026-08-20T04:48:34Z,2026-08-20T06:48:34+0200,a8c862e9-3667-4aca-b3d4-061a7f73b92e,2026-08-04T09:30:00Z,2026-08-04T11:30:00+0200,14537.52441,MW,FR,FR,forecast_solar_generation,Solar,2026-08-20T04:49:42Z
2026-08-20T04:48:34Z,2026-08-20T06:48:34+0200,a8c862e9-3667-4aca-b3d4-061a7f73b92e,2026-08-04T09:45:00Z,2026-08-04T11:45:00+0200,15050.67969,MW,FR,FR,forecast_solar_generation,Solar,2026-08-20T04:49:42Z
2026-08-20T04:48:34Z,2026-08-20T06:48:34+0200,a8c862e9-3667-4aca-b3d4-061a7f73b92e,2026-08-04T10:00:00Z,2026-08-04T12:00:00+0200,15658.09863,MW,FR,FR,forecast_solar_generation,Solar,2026-08-20T04:49:42Z
2026-08-20T04:48:34Z,2026-08-20T06:48:34+0200,a8c862e9-3667-4aca-b3d4-061a7f73b92e,2026-08-04T10:15:00Z,2026-08-04T12:15:00+0200,16159.93066,MW,FR,FR,forecast_solar_generation,Solar,2026-08-20T04:49:42Z
2026-08-20T04:48:34Z,2026-08-20T06:48:34+0200,a8c862e9-3667-4aca-b3d4-061a7f73b92e,2026-08-04T10:30:00Z,2026-08-04T12:30:00+0200,16803.03906,MW,FR,FR,forecast_solar_generation,Solar,2026-08-20T04:49:42Z
2026-08-20T04:48:34Z,2026-08-20T06:48:34+0200,a8c862e9-3667-4aca-b3d4-061a7f73b92e,2026-08-04T10:45:00Z,2026-08-04T12:45:00+0200,17143.99609,MW,FR,FR,forecast_solar_generation,Solar,2026-08-20T04:49:42Z
2026-08-20T04:48:34Z,2026-08-20T06:48:34+0200,a8c862e9-3667-4aca-b3d4-061a7f73b92e,2026-08-04T11:00:00Z,2026-08-04T13:00:00+0200,17489.67773,MW,FR,FR,forecast_solar_generation,Solar,2026-08-20T04:49:42Z
2026-08-20T04:48:34Z,2026-08-20T06:48:34+0200,a8c862e9-3667-4aca-b3d4-061a7f73b92e,2026-08-04T11:15:00Z,2026-08-04T13:15:00+0200,17721.62109,MW,FR,FR,forecast_solar_generation,Solar,2026-08-20T04:49:42Z
2026-08-20T04:48:34Z,2026-08-20T06:48:34+0200,a8c862e9-3667-4aca-b3d4-061a7f73b92e,2026-08-04T11:30:00Z,2026-08-04T13:30:00+0200,17974.51758,MW,FR,FR,forecast_solar_generation,Solar,2026-08-20T04:49:42Z
2026-08-20T04:48:34Z,2026-08-20T06:48:34+0200,a8c862e9-3667-4aca-b3d4-061a7f73b92e,2026-08-04T11:45:00Z,2026-08-04T13:45:00+0200,17951.05273,MW,FR,FR,forecast_solar_generation,Solar,2026-08-20T04:49:42Z
2026-08-20T04:48:34Z,2026-08-20T06:48:34+0200,a8c862e9-3667-4aca-b3d4-061a7f73b92e,2026-08-04T12:00:00Z,2026-08-04T14:00:00+0200,17983.09961,MW,FR,FR,forecast_solar_generation,Solar,2026-08-20T04:49:42Z
2026-08-20T04:48:34Z,2026-08-20T06:48:34+0200,a8c862e9-3667-4aca-b3d4-061a7f73b92e,2026-08-04T12:15:00Z,2026-08-04T14:15:00+0200,17973.22656,MW,FR,FR,forecast_solar_generation,Solar,2026-08-20T04:49:42Z
2026-08-20T04:48:34Z,2026-08-20T06:48:34+0200,a8c862e9-3667-4aca-b3d4-061a7f73b92e,2026-08-04T12:30:00Z,2026-08-04T14:30:00+0200,18000.14062,MW,FR,FR,forecast_solar_generation,Solar,2026-08-20T04:49:42Z
2026-08-20T04:48:34Z,2026-08-20T06:48:34+0200,a8c862e9-3667-4aca-b3d4-061a7f73b92e,2026-08-04T12:45:00Z,2026-08-04T14:45:00+0200,17847.89258,MW,FR,FR,forecast_solar_generation,Solar,2026-08-20T04:49:42Z
2026-08-20T04:48:34Z,2026-08-20T06:48:34+0200,a8c862e9-3667-4aca-b3d4-061a7f73b92e,2026-08-04T13:00:00Z,2026-08-04T15:00:00+0200,17669.60938,MW,FR,FR,forecast_solar_generation,Solar,2026-08-20T04:49:42Z
2026-08-20T04:48:34Z,2026-08-20T06:48:34+0200,a8c862e9-3667-4aca-b3d4-061a7f73b92e,2026-08-04T13:15:00Z,2026-08-04T15:15:00+0200,17457.84961,MW,FR,FR,forecast_solar_generation,Solar,2026-08-20T04:49:42Z
2026-08-20T04:48:34Z,2026-08-20T06:48:34+0200,a8c862e9-3667-4aca-b3d4-061a7f73b92e,2026-08-04T13:30:00Z,2026-08-04T15:30:00+0200,17220.15234,MW,FR,FR,forecast_solar_generation,Solar,2026-08-20T04:49:42Z
2026-08-20T04:48:34Z,2026-08-20T06:48:34+0200,a8c862e9-3667-4aca-b3d4-061a7f73b92e,2026-08-04T13:45:00Z,2026-08-04T15:45:00+0200,16783.48828,MW,FR,FR,forecast_solar_generation,Solar,2026-08-20T04:49:42Z
2026-08-20T04:48:34Z,2026-08-20T06:48:34+0200,a8c862e9-3667-4aca-b3d4-061a7f73b92e,2026-08-04T14:00:00Z,2026-08-04T16:00:00+0200,16373.75391,MW,FR,FR,forecast_solar_generation,Solar,2026-08-20T04:49:42Z
2026-08-20T04:48:34Z,2026-08-20T06:48:34+0200,a8c862e9-3667-4aca-b3d4-061a7f73b92e,2026-08-04T14:15:00Z,2026-08-04T16:15:00+0200,15929.58496,MW,FR,FR,forecast_solar_generation,Solar,2026-08-20T04:49:42Z
2026-08-20T04:48:34Z,2026-08-20T06:48:34+0200,a8c862e9-3667-4aca-b3d4-061a7f73b92e,2026-08-04T14:30:00Z,2026-08-04T16:30:00+0200,15388.4082,MW,FR,FR,forecast_solar_generation,Solar,2026-08-20T04:49:42Z
2026-08-20T04:48:34Z,2026-08-20T06:48:34+0200,a8c862e9-3667-4aca-b3d4-061a7f73b92e,2026-08-04T14:45:00Z,2026-08-04T16:45:00+0200,14782.69531,MW,FR,FR,forecast_solar_generation,Solar,2026-08-20T04:49:42Z
2026-08-20T04:48:34Z,2026-08-20T06:48:34+0200,a8c862e9-3667-4aca-b3d4-061a7f73b92e,2026-08-04T15:00:00Z,2026-08-04T17:00:00+0200,14157.20605,MW,FR,FR,forecast_solar_generation,Solar,2026-08-20T04:49:42Z
2026-08-20T04:48:34Z,2026-08-20T06:48:34+0200,a8c862e9-3667-4aca-b3d4-061a7f73b92e,2026-08-04T15:15:00Z,2026-08-04T17:15:00+0200,13389.68945,MW,FR,FR,forecast_solar_generation,Solar,2026-08-20T04:49:42Z
2026-08-20T04:48:34Z,2026-08-20T06:48:34+0200,a8c862e9-3667-4aca-b3d4-061a7f73b92e,2026-08-04T15:30:00Z,2026-08-04T17:30:00+0200,12603.67188,MW,FR,FR,forecast_solar_generation,Solar,2026-08-20T04:49:42Z
2026-08-20T04:48:34Z,2026-08-20T06:48:34+0200,a8c862e9-3667-4aca-b3d4-061a7f73b92e,2026-08-04T15:45:00Z,2026-08-04T17:45:00+0200,11764.21875,MW,FR,FR,forecast_solar_generation,Solar,2026-08-20T04:49:42Z
2026-08-20T04:48:34Z,2026-08-20T06:48:34+0200,a8c862e9-3667-4aca-b3d4-061a7f73b92e,2026-08-04T16:00:00Z,2026-08-04T18:00:00+0200,10829.76953,MW,FR,FR,forecast_solar_generation,Solar,2026-08-20T04:49:42Z
2026-08-20T04:48:34Z,2026-08-20T06:48:34+0200,a8c862e9-3667-4aca-b3d4-061a7f73b92e,2026-08-04T16:15:00Z,2026-08-04T18:15:00+0200,9722.81836,MW,FR,FR,forecast_solar_generation,Solar,2026-08-20T04:49:42Z
2026-08-20T04:48:34Z,2026-08-20T06:48:34+0200,a8c862e9-3667-4aca-b3d4-061a7f73b92e,2026-08-04T16:30:00Z,2026-08-04T18:30:00+0200,8665.67188,MW,FR,FR,forecast_solar_generation,Solar,2026-08-20T04:49:42Z
2026-08-20T04:48:34Z,2026-08-20T06:48:34+0200,a8c862e9-3667-4aca-b3d4-061a7f73b92e,2026-08-04T16:45:00Z,2026-08-04T18:45:00+0200,7718.33887,MW,FR,FR,forecast_solar_generation,Solar,2026-08-20T04:49:42Z
2026-08-20T04:48:34Z,2026-08-20T06:48:34+0200,a8c862e9-3667-4aca-b3d4-061a7f73b92e,2026-08-04T17:00:00Z,2026-08-04T19:00:00+0200,6465.14551,MW,FR,FR,forecast_solar_generation,Solar,2026-08-20T04:49:42Z
2026-08-20T04:48:34Z,2026-08-20T06:48:34+0200,a8c862e9-3667-4aca-b3d4-061a7f73b92e,2026-08-04T17:15:00Z,2026-08-04T19:15:00+0200,5504.32861,MW,FR,FR,forecast_solar_generation,Solar,2026-08-20T04:49:42Z
2026-08-20T04:48:34Z,2026-08-20T06:48:34+0200,a8c862e9-3667-4aca-b3d4-061a7f73b92e,2026-08-04T17:30:00Z,2026-08-04T19:30:00+0200,4311.84326,MW,FR,FR,forecast_solar_generation,Solar,2026-08-20T04:49:42Z
2026-08-20T04:48:34Z,2026-08-20T06:48:34+0200,a8c862e9-3667-4aca-b3d4-061a7f73b92e,2026-08-04T17:45:00Z,2026-08-04T19:45:00+0200,3457.80176,MW,FR,FR,forecast_solar_generation,Solar,2026-08-20T04:49:42Z
2026-08-20T04:48:34Z,2026-08-20T06:48:34+0200,a8c862e9-3667-4aca-b3d4-061a7f73b92e,2026-08-04T18:00:00Z,2026-08-04T20:00:00+0200,2508.3396,MW,FR,FR,forecast_solar_generation,Solar,2026-08-20T04:49:42Z
2026-08-20T04:48:34Z,2026-08-20T06:48:34+0200,a8c862e9-3667-4aca-b3d4-061a7f73b92e,2026-08-04T18:15:00Z,2026-08-04T20:15:00+0200,1766.34668,MW,FR,FR,forecast_solar_generation,Solar,2026-08-20T04:49:42Z
2026-08-20T04:48:34Z,2026-08-20T06:48:34+0200,a8c862e9-3667-4aca-b3d4-061a7f73b92e,2026-08-04T18:30:00Z,2026-08-04T20:30:00+0200,1153.10388,MW,FR,FR,forecast_solar_generation,Solar,2026-08-20T04:49:42Z
2026-08-20T04:48:34Z,2026-08-20T06:48:34+0200,a8c862e9-3667-4aca-b3d4-061a7f73b92e,2026-08-04T18:45:00Z,2026-08-04T20:45:00+0200,802.12439,MW,FR,FR,forecast_solar_generation,Solar,2026-08-20T04:49:42Z
2026-08-20T04:48:34Z,2026-08-20T06:48:34+0200,a8c862e9-3667-4aca-b3d4-061a7f73b92e,2026-08-04T19:00:00Z,2026-08-04T21:00:00+0200,408.10245,MW,FR,FR,forecast_solar_generation,Solar,2026-08-20T04:49:42Z
2026-08-20T04:48:34Z,2026-08-20T06:48:34+0200,a8c862e9-3667-4aca-b3d4-061a7f73b92e,2026-08-04T19:15:00Z,2026-08-04T21:15:00+0200,87.46221,MW,FR,FR,forecast_solar_generation,Solar,2026-08-20T04:49:42Z
2026-08-20T04:48:34Z,2026-08-20T06:48:34+0200,a8c862e9-3667-4aca-b3d4-061a7f73b92e,2026-08-04T19:30:00Z,2026-08-04T21:30:00+0200,5.57674,MW,FR,FR,forecast_solar_generation,Solar,2026-08-20T04:49:42Z
2026-08-20T04:48:34Z,2026-08-20T06:48:34+0200,a8c862e9-3667-4aca-b3d4-061a7f73b92e,2026-08-04T19:45:00Z,2026-08-04T21:45:00+0200,0.0,MW,FR,FR,forecast_solar_generation,Solar,2026-08-20T04:49:42Z
2026-08-20T04:48:34Z,2026-08-20T06:48:34+0200,a8c862e9-3667-4aca-b3d4-061a7f73b92e,2026-08-04T20:00:00Z,2026-08-04T22:00:00+0200,0.0,MW,FR,FR,forecast_solar_generation,Solar,2026-08-20T04:49:42Z
2026-08-20T04:48:34Z,2026-08-20T06:48:34+0200,a8c862e9-3667-4aca-b3d4-061a7f73b92e,2026-08-04T20:15:00Z,2026-08-04T22:15:00+0200,0.0,MW,FR,FR,forecast_solar_generation,Solar,2026-08-20T04:49:42Z
2026-08-20T04:48:34Z,2026-08-20T06:48:34+0200,a8c862e9-3667-4aca-b3d4-061a7f73b92e,2026-08-04T20:30:00Z,2026-08-04T22:30:00+0200,0.0,MW,FR,FR,forecast_solar_generation,Solar,2026-08-20T04:49:42Z
2026-08-20T04:48:34Z,2026-08-20T06:48:34+0200,a8c862e9-3667-4aca-b3d4-061a7f73b92e,2026-08-04T20:45:00Z,2026-08-04T22:45:00+0200,0.0,MW,FR,FR,forecast_solar_generation,Solar,2026-08-20T04:49:42Z
2026-08-20T04:48:34Z,2026-08-20T06:48:34+0200,a8c862e9-3667-4aca-b3d4-061a7f73b92e,2026-08-04T21:00:00Z,2026-08-04T23:00:00+0200,0.0,MW,FR,FR,forecast_solar_generation,Solar,2026-08-20T04:49:42Z
2026-08-20T04:48:34Z,2026-08-20T06:48:34+0200,a8c862e9-3667-4aca-b3d4-061a7f73b92e,2026-08-04T21:15:00Z,2026-08-04T23:15:00+0200,0.0,MW,FR,FR,forecast_solar_generation,Solar,2026-08-20T04:49:42Z
2026-08-20T04:48:34Z,2026-08-20T06:48:34+0200,a8c862e9-3667-4aca-b3d4-061a7f73b92e,2026-08-04T21:30:00Z,2026-08-04T23:30:00+0200,0.0,MW,FR,FR,forecast_solar_generation,Solar,2026-08-20T04:49:42Z
2026-08-20T04:48:34Z,2026-08-20T06:48:34+0200,a8c862e9-3667-4aca-b3d4-061a7f73b92e,2026-08-04T21:45:00Z,2026-08-04T23:45:00+0200,0.0,MW,FR,FR,forecast_solar_generation,Solar,2026-08-20T04:49:42Z
2026-08-20T04:48:34Z,2026-08-20T06:48:34+0200,a8c862e9-3667-4aca-b3d4-061a7f73b92e,2026-08-04T22:00:00Z,2026-08-05T00:00:00+0200,0.0,MW,FR,FR,forecast_solar_generation,Solar,2026-08-20T04:49:42Z
2026-08-20T04:48:34Z,2026-08-20T06:48:34+0200,a8c862e9-3667-4aca-b3d4-061a7f73b92e,2026-08-04T22:15:00Z,2026-08-05T00:15:00+0200,0.0,MW,FR,FR,forecast_solar_generation,Solar,2026-08-20T04:49:42Z
2026-08-20T04:48:34Z,2026-08-20T06:48:34+0200,a8c862e9-3667-4aca-b3d4-061a7f73b92e,2026-08-04T22:30:00Z,2026-08-05T00:30:00+0200,0.0,MW,FR,FR,forecast_solar_generation,Solar,2026-08-20T04:49:42Z
2026-08-20T04:48:34Z,2026-08-20T06:48:34+0200,a8c862e9-3667-4aca-b3d4-061a7f73b92e,2026-08-04T22:45:00Z,2026-08-05T00:45:00+0200,0.0,MW,FR,FR,forecast_solar_generation,Solar,2026-08-20T04:49:42Z
2026-08-20T04:48:34Z,2026-08-20T06:48:34+0200,a8c862e9-3667-4aca-b3d4-061a7f73b92e,2026-08-04T23:00:00Z,2026-08-05T01:00:00+0200,0.0,MW,FR,FR,forecast_solar_generation,Solar,2026-08-20T04:49:42Z
2026-08-20T04:48:34Z,2026-08-20T06:48:34+0200,a8c862e9-3667-4aca-b3d4-061a7f73b92e,2026-08-04T23:15:00Z,2026-08-05T01:15:00+0200,0.0,MW,FR,FR,forecast_solar_generation,Solar,2026-08-20T04:49:42Z
2026-08-20T04:48:34Z,2026-08-20T06:48:34+0200,a8c862e9-3667-4aca-b3d4-061a7f73b92e,2026-08-04T23:30:00Z,2026-08-05T01:30:00+0200,0.0,MW,FR,FR,forecast_solar_generation,Solar,2026-08-20T04:49:42Z
2026-08-20T04:48:34Z,2026-08-20T06:48:34+0200,a8c862e9-3667-4aca-b3d4-061a7f73b92e,2026-08-04T23:45:00Z,2026-08-05T01:45:00+0200,0.0,MW,FR,FR,forecast_solar_generation,Solar,2026-08-20T04:49:42Z
2026-08-20T04:48:34Z,2026-08-20T06:48:34+0200,a8c862e9-3667-4aca-b3d4-061a7f73b92e,2026-08-05T00:00:00Z,2026-08-05T02:00:00+0200,0.0,MW,FR,FR,forecast_solar_generation,Solar,2026-08-20T04:49:42Z
2026-08-20T04:48:34Z,2026-08-20T06:48:34+0200,a8c862e9-3667-4aca-b3d4-061a7f73b92e,2026-08-05T00:15:00Z,2026-08-05T02:15:00+0200,0.0,MW,FR,FR,forecast_solar_generation,Solar,2026-08-20T04:49:42Z
2026-08-20T04:48:34Z,2026-08-20T06:48:34+0200,a8c862e9-3667-4aca-b3d4-061a7f73b92e,2026-08-05T00:30:00Z,2026-08-05T02:30:00+0200,0.0,MW,FR,FR,forecast_solar_generation,Solar,2026-08-20T04:49:42Z
2026-08-20T04:48:34Z,2026-08-20T06:48:34+0200,a8c862e9-3667-4aca-b3d4-061a7f73b92e,2026-08-05T00:45:00Z,2026-08-05T02:45:00+0200,0.0,MW,FR,FR,forecast_solar_generation,Solar,2026-08-20T04:49:42Z
2026-08-20T04:48:34Z,2026-08-20T06:48:34+0200,a8c862e9-3667-4aca-b3d4-061a7f73b92e,2026-08-05T01:00:00Z,2026-08-05T03:00:00+0200,0.0,MW,FR,FR,forecast_solar_generation,Solar,2026-08-20T04:49:42Z
2026-08-20T04:48:34Z,2026-08-20T06:48:34+0200,a8c862e9-3667-4aca-b3d4-061a7f73b92e,2026-08-05T01:15:00Z,2026-08-05T03:15:00+0200,0.0,MW,FR,FR,forecast_solar_generation,Solar,2026-08-20T04:49:42Z
2026-08-20T04:48:34Z,2026-08-20T06:48:34+0200,a8c862e9-3667-4aca-b3d4-061a7f73b92e,2026-08-05T01:30:00Z,2026-08-05T03:30:00+0200,0.0,MW,FR,FR,forecast_solar_generation,Solar,2026-08-20T04:49:42Z
2026-08-20T04:48:34Z,2026-08-20T06:48:34+0200,a8c862e9-3667-4aca-b3d4-061a7f73b92e,2026-08-05T01:45:00Z,2026-08-05T03:45:00+0200,0.0,MW,FR,FR,forecast_solar_generation,Solar,2026-08-20T04:49:42Z
2026-08-20T04:48:34Z,2026-08-20T06:48:34+0200,a8c862e9-3667-4aca-b3d4-061a7f73b92e,2026-08-05T02:00:00Z,2026-08-05T04:00:00+0200,0.0,MW,FR,FR,forecast_solar_generation,Solar,2026-08-20T04:49:42Z
2026-08-20T04:48:34Z,2026-08-20T06:48:34+0200,a8c862e9-3667-4aca-b3d4-061a7f73b92e,2026-08-05T02:15:00Z,2026-08-05T04:15:00+0200,0.0,MW,FR,FR,forecast_solar_generation,Solar,2026-08-20T04:49:42Z
2026-08-20T04:48:34Z,2026-08-20T06:48:34+0200,a8c862e9-3667-4aca-b3d4-061a7f73b92e,2026-08-05T02:30:00Z,2026-08-05T04:30:00+0200,0.0,MW,FR,FR,forecast_solar_generation,Solar,2026-08-20T04:49:42Z
2026-08-20T04:48:34Z,2026-08-20T06:48:34+0200,a8c862e9-3667-4aca-b3d4-061a7f73b92e,2026-08-05T02:45:00Z,2026-08-05T04:45:00+0200,0.0,MW,FR,FR,forecast_solar_generation,Solar,2026-08-20T04:49:42Z
2026-08-20T04:48:34Z,2026-08-20T06:48:34+0200,a8c862e9-3667-4aca-b3d4-061a7f73b92e,2026-08-05T03:00:00Z,2026-08-05T05:00:00+0200,0.0,MW,FR,FR,forecast_solar_generation,Solar,2026-08-20T04:49:42Z
2026-08-20T04:48:34Z,2026-08-20T06:48:34+0200,a8c862e9-3667-4aca-b3d4-061a7f73b92e,2026-08-05T03:15:00Z,2026-08-05T05:15:00+0200,0.0,MW,FR,FR,forecast_solar_generation,Solar,2026-08-20T04:49:42Z
2026-08-20T04:48:34Z,2026-08-20T06:48:34+0200,a8c862e9-3667-4aca-b3d4-061a7f73b92e,2026-08-05T03:30:00Z,2026-08-05T05:30:00+0200,0.0,MW,FR,FR,forecast_solar_generation,Solar,2026-08-20T04:49:42Z
2026-08-20T04:48:34Z,2026-08-20T06:48:34+0200,a8c862e9-3667-4aca-b3d4-061a7f73b92e,2026-08-05T03:45:00Z,2026-08-05T05:45:00+0200,0.0,MW,FR,FR,forecast_solar_generation,Solar,2026-08-20T04:49:42Z
2026-08-20T04:48:34Z,2026-08-20T06:48:34+0200,a8c862e9-3667-4aca-b3d4-061a7f73b92e,2026-08-05T04:00:00Z,2026-08-05T06:00:00+0200,0.0,MW,FR,FR,forecast_solar_generation,Solar,2026-08-20T04:49:42Z
2026-08-20T04:48:34Z,2026-08-20T06:48:34+0200,a8c862e9-3667-4aca-b3d4-061a7f73b92e,2026-08-05T04:15:00Z,2026-08-05T06:15:00+0200,8.64893,MW,FR,FR,forecast_solar_generation,Solar,2026-08-20T04:49:42Z
2026-08-20T04:48:34Z,2026-08-20T06:48:34+0200,a8c862e9-3667-4aca-b3d4-061a7f73b92e,2026-08-05T04:30:00Z,2026-08-05T06:30:00+0200,53.42879,MW,FR,FR,forecast_solar_generation,Solar,2026-08-20T04:49:42Z
2026-08-20T04:48:34Z,2026-08-20T06:48:34+0200,a8c862e9-3667-4aca-b3d4-061a7f73b92e,2026-08-05T04:45:00Z,2026-08-05T06:45:00+0200,191.47176,MW,FR,FR,forecast_solar_generation,Solar,2026-08-20T04:49:42Z
2026-08-20T04:48:34Z,2026-08-20T06:48:34+0200,a8c862e9-3667-4aca-b3d4-061a7f73b92e,2026-08-05T05:00:00Z,2026-08-05T07:00:00+0200,430.8371,MW,FR,FR,forecast_solar_generation,Solar,2026-08-20T04:49:42Z
2026-08-20T04:48:34Z,2026-08-20T06:48:34+0200,a8c862e9-3667-4aca-b3d4-061a7f73b92e,2026-08-05T05:15:00Z,2026-08-05T07:15:00+0200,671.46289,MW,FR,FR,forecast_solar_generation,Solar,2026-08-20T04:49:42Z
2026-08-20T04:48:34Z,2026-08-20T06:48:34+0200,a8c862e9-3667-4aca-b3d4-061a7f73b92e,2026-08-05T05:30:00Z,2026-08-05T07:30:00+0200,972.86548,MW,FR,FR,forecast_solar_generation,Solar,2026-08-20T04:49:42Z
2026-08-20T04:48:34Z,2026-08-20T06:48:34+0200,a8c862e9-3667-4aca-b3d4-061a7f73b92e,2026-08-05T05:45:00Z,2026-08-05T07:45:00+0200,1550.31152,MW,FR,FR,forecast_solar_generation,Solar,2026-08-20T04:49:42Z
2026-08-20T04:48:34Z,2026-08-20T06:48:34+0200,a8c862e9-3667-4aca-b3d4-061a7f73b92e,2026-08-05T06:00:00Z,2026-08-05T08:00:00+0200,2257.98096,MW,FR,FR,forecast_solar_generation,Solar,2026-08-20T04:49:42Z
2026-08-20T04:48:34Z,2026-08-20T06:48:34+0200,a8c862e9-3667-4aca-b3d4-061a7f73b92e,2026-08-05T06:15:00Z,2026-08-05T08:15:00+0200,3251.41235,MW,FR,FR,forecast_solar_generation,Solar,2026-08-20T04:49:42Z
2026-08-20T04:48:34Z,2026-08-20T06:48:34+0200,a8c862e9-3667-4aca-b3d4-061a7f73b92e,2026-08-05T06:30:00Z,2026-08-05T08:30:00+0200,4064.53906,MW,FR,FR,forecast_solar_generation,Solar,2026-08-20T04:49:42Z
2026-08-20T04:48:34Z,2026-08-20T06:48:34+0200,a8c862e9-3667-4aca-b3d4-061a7f73b92e,2026-08-05T06:45:00Z,2026-08-05T08:45:00+0200,5258.86572,MW,FR,FR,forecast_solar_generation,Solar,2026-08-20T04:49:42Z
2026-08-20T04:48:34Z,2026-08-20T06:48:34+0200,a8c862e9-3667-4aca-b3d4-061a7f73b92e,2026-08-05T07:00:00Z,2026-08-05T09:00:00+0200,6341.67627,MW,FR,FR,forecast_solar_generation,Solar,2026-08-20T04:49:42Z
2026-08-20T04:48:34Z,2026-08-20T06:48:34+0200,a8c862e9-3667-4aca-b3d4-061a7f73b92e,2026-08-05T07:15:00Z,2026-08-05T09:15:00+0200,7595.38379,MW,FR,FR,forecast_solar_generation,Solar,2026-08-20T04:49:42Z
2026-08-20T04:48:34Z,2026-08-20T06:48:34+0200,a8c862e9-3667-4aca-b3d4-061a7f73b92e,2026-08-05T07:30:00Z,2026-08-05T09:30:00+0200,8716.1123,MW,FR,FR,forecast_solar_generation,Solar,2026-08-20T04:49:42Z
2026-08-20T04:48:34Z,2026-08-20T06:48:34+0200,a8c862e9-3667-4aca-b3d4-061a7f73b92e,2026-08-05T07:45:00Z,2026-08-05T09:45:00+0200,9821.9834,MW,FR,FR,forecast_solar_generation,Solar,2026-08-20T04:49:42Z
2026-08-20T04:48:34Z,2026-08-20T06:48:34+0200,a8c862e9-3667-4aca-b3d4-061a7f73b92e,2026-08-05T08:00:00Z,2026-08-05T10:00:00+0200,10894.14453,MW,FR,FR,forecast_solar_generation,Solar,2026-08-20T04:49:42Z
2026-08-20T04:48:34Z,2026-08-20T06:48:34+0200,a8c862e9-3667-4aca-b3d4-061a7f73b92e,2026-08-05T08:15:00Z,2026-08-05T10:15:00+0200,12073.26074,MW,FR,FR,forecast_solar_generation,Solar,2026-08-20T04:49:42Z
2026-08-20T04:48:34Z,2026-08-20T06:48:34+0200,a8c862e9-3667-4aca-b3d4-061a7f73b92e,2026-08-05T08:30:00Z,2026-08-05T10:30:00+0200,13028.83496,MW,FR,FR,forecast_solar_generation,Solar,2026-08-20T04:49:42Z
2026-08-20T04:48:34Z,2026-08-20T06:48:34+0200,a8c862e9-3667-4aca-b3d4-061a7f73b92e,2026-08-05T08:45:00Z,2026-08-05T10:45:00+0200,13831.28516,MW,FR,FR,forecast_solar_generation,Solar,2026-08-20T04:49:42Z
2026-08-20T04:48:34Z,2026-08-20T06:48:34+0200,a8c862e9-3667-4aca-b3d4-061a7f73b92e,2026-08-05T09:00:00Z,2026-08-05T11:00:00+0200,14589.05762,MW,FR,FR,forecast_solar_generation,Solar,2026-08-20T04:49:42Z
2026-08-20T04:48:34Z,2026-08-20T06:48:34+0200,a8c862e9-3667-4aca-b3d4-061a7f73b92e,2026-08-05T09:15:00Z,2026-08-05T11:15:00+0200,15356.63574,MW,FR,FR,forecast_solar_generation,Solar,2026-08-20T04:49:42Z
2026-08-20T04:48:34Z,2026-08-20T06:48:34+0200,a8c862e9-3667-4aca-b3d4-061a7f73b92e,2026-08-05T09:30:00Z,2026-08-05T11:30:00+0200,16014.80859,MW,FR,FR,forecast_solar_generation,Solar,2026-08-20T04:49:42Z
2026-08-20T04:48:34Z,2026-08-20T06:48:34+0200,a8c862e9-3667-4aca-b3d4-061a7f73b92e,2026-08-05T09:45:00Z,2026-08-05T11:45:00+0200,16528.60156,MW,FR,FR,forecast_solar_generation,Solar,2026-08-20T04:49:42Z
2026-08-20T04:48:34Z,2026-08-20T06:48:34+0200,a8c862e9-3667-4aca-b3d4-061a7f73b92e,2026-08-05T10:00:00Z,2026-08-05T12:00:00+0200,17090.79102,MW,FR,FR,forecast_solar_generation,Solar,2026-08-20T04:49:42Z
2026-08-20T04:48:34Z,2026-08-20T06:48:34+0200,a8c862e9-3667-4aca-b3d4-061a7f73b92e,2026-08-05T10:15:00Z,2026-08-05T12:15:00+0200,17494.22461,MW,FR,FR,forecast_solar_generation,Solar,2026-08-20T04:49:42Z
2026-08-20T04:48:34Z,2026-08-20T06:48:34+0200,a8c862e9-3667-4aca-b3d4-061a7f73b92e,2026-08-05T10:30:00Z,2026-08-05T12:30:00+0200,17996.10547,MW,FR,FR,forecast_solar_generation,Solar,2026-08-20T04:49:42Z
2026-08-20T04:48:34Z,2026-08-20T06:48:34+0200,a8c862e9-3667-4aca-b3d4-061a7f73b92e,2026-08-05T10:45:00Z,2026-08-05T12:45:00+0200,18240.47461,MW,FR,FR,forecast_solar_generation,Solar,2026-08-20T04:49:42Z
2026-08-20T04:48:34Z,2026-08-20T06:48:34+0200,a8c862e9-3667-4aca-b3d4-061a7f73b92e,2026-08-05T11:00:00Z,2026-08-05T13:00:00+0200,18490.85547,MW,FR,FR,forecast_solar_generation,Solar,2026-08-20T04:49:42Z
2026-08-20T04:48:34Z,2026-08-20T06:48:34+0200,a8c862e9-3667-4aca-b3d4-061a7f73b92e,2026-08-05T11:15:00Z,2026-08-05T13:15:00+0200,18636.89648,MW,FR,FR,forecast_solar_generation,Solar,2026-08-20T04:49:42Z
2026-08-20T04:48:34Z,2026-08-20T06:48:34+0200,a8c862e9-3667-4aca-b3d4-061a7f73b92e,2026-08-05T11:30:00Z,2026-08-05T13:30:00+0200,18802.6875,MW,FR,FR,forecast_solar_generation,Solar,2026-08-20T04:49:42Z
2026-08-20T04:48:34Z,2026-08-20T06:48:34+0200,a8c862e9-3667-4aca-b3d4-061a7f73b92e,2026-08-05T11:45:00Z,2026-08-05T13:45:00+0200,18734.91016,MW,FR,FR,forecast_solar_generation,Solar,2026-08-20T04:49:42Z
2026-08-20T04:48:34Z,2026-08-20T06:48:34+0200,a8c862e9-3667-4aca-b3d4-061a7f73b92e,2026-08-05T12:00:00Z,2026-08-05T14:00:00+0200,18689.61719,MW,FR,FR,forecast_solar_generation,Solar,2026-08-20T04:49:42Z
2026-08-20T04:48:34Z,2026-08-20T06:48:34+0200,a8c862e9-3667-4aca-b3d4-061a7f73b92e,2026-08-05T12:15:00Z,2026-08-05T14:15:00+0200,18613.22266,MW,FR,FR,forecast_solar_generation,Solar,2026-08-20T04:49:42Z
2026-08-20T04:48:34Z,2026-08-20T06:48:34+0200,a8c862e9-3667-4aca-b3d4-061a7f73b92e,2026-08-05T12:30:00Z,2026-08-05T14:30:00+0200,18545.46484,MW,FR,FR,forecast_solar_generation,Solar,2026-08-20T04:49:42Z
2026-08-20T04:48:34Z,2026-08-20T06:48:34+0200,a8c862e9-3667-4aca-b3d4-061a7f73b92e,2026-08-05T12:45:00Z,2026-08-05T14:45:00+0200,18373.43359,MW,FR,FR,forecast_solar_generation,Solar,2026-08-20T04:49:42Z
2026-08-20T04:48:34Z,2026-08-20T06:48:34+0200,a8c862e9-3667-4aca-b3d4-061a7f73b92e,2026-08-05T13:00:00Z,2026-08-05T15:00:00+0200,18195.02734,MW,FR,FR,forecast_solar_generation,Solar,2026-08-20T04:49:42Z
2026-08-20T04:48:34Z,2026-08-20T06:48:34+0200,a8c862e9-3667-4aca-b3d4-061a7f73b92e,2026-08-05T13:15:00Z,2026-08-05T15:15:00+0200,17979.37305,MW,FR,FR,forecast_solar_generation,Solar,2026-08-20T04:49:42Z
2026-08-20T04:48:34Z,2026-08-20T06:48:34+0200,a8c862e9-3667-4aca-b3d4-061a7f73b92e,2026-08-05T13:30:00Z,2026-08-05T15:30:00+0200,17729.52344,MW,FR,FR,forecast_solar_generation,Solar,2026-08-20T04:49:42Z
2026-08-20T04:48:34Z,2026-08-20T06:48:34+0200,a8c862e9-3667-4aca-b3d4-061a7f73b92e,2026-08-05T13:45:00Z,2026-08-05T15:45:00+0200,17276.97656,MW,FR,FR,forecast_solar_generation,Solar,2026-08-20T04:49:42Z
2026-08-20T04:48:34Z,2026-08-20T06:48:34+0200,a8c862e9-3667-4aca-b3d4-061a7f73b92e,2026-08-05T14:00:00Z,2026-08-05T16:00:00+0200,16780.58398,MW,FR,FR,forecast_solar_generation,Solar,2026-08-20T04:49:42Z
2026-08-20T04:48:34Z,2026-08-20T06:48:34+0200,a8c862e9-3667-4aca-b3d4-061a7f73b92e,2026-08-05T14:15:00Z,2026-08-05T16:15:00+0200,16307.55078,MW,FR,FR,forecast_solar_generation,Solar,2026-08-20T04:49:42Z
2026-08-20T04:48:34Z,2026-08-20T06:48:34+0200,a8c862e9-3667-4aca-b3d4-061a7f73b92e,2026-08-05T14:30:00Z,2026-08-05T16:30:00+0200,15774.16602,MW,FR,FR,forecast_solar_generation,Solar,2026-08-20T04:49:42Z
2026-08-20T04:48:34Z,2026-08-20T06:48:34+0200,a8c862e9-3667-4aca-b3d4-061a7f73b92e,2026-08-05T14:45:00Z,2026-08-05T16:45:00+0200,15126.40527,MW,FR,FR,forecast_solar_generation,Solar,2026-08-20T04:49:42Z
2026-08-20T04:48:34Z,2026-08-20T06:48:34+0200,a8c862e9-3667-4aca-b3d4-061a7f73b92e,2026-08-05T15:00:00Z,2026-08-05T17:00:00+0200,14435.1416,MW,FR,FR,forecast_solar_generation,Solar,2026-08-20T04:49:42Z
2026-08-20T04:48:34Z,2026-08-20T06:48:34+0200,a8c862e9-3667-4aca-b3d4-061a7f73b92e,2026-08-05T15:15:00Z,2026-08-05T17:15:00+0200,13636.32617,MW,FR,FR,forecast_solar_generation,Solar,2026-08-20T04:49:42Z
2026-08-20T04:48:34Z,2026-08-20T06:48:34+0200,a8c862e9-3667-4aca-b3d4-061a7f73b92e,2026-08-05T15:30:00Z,2026-08-05T17:30:00+0200,12767.24609,MW,FR,FR,forecast_solar_generation,Solar,2026-08-20T04:49:42Z
2026-08-20T04:48:34Z,2026-08-20T06:48:34+0200,a8c862e9-3667-4aca-b3d4-061a7f73b92e,2026-08-05T15:45:00Z,2026-08-05T17:45:00+0200,11965.6377,MW,FR,FR,forecast_solar_generation,Solar,2026-08-20T04:49:42Z
2026-08-20T04:48:34Z,2026-08-20T06:48:34+0200,a8c862e9-3667-4aca-b3d4-061a7f73b92e,2026-08-05T16:00:00Z,2026-08-05T18:00:00+0200,10966.93359,MW,FR,FR,forecast_solar_generation,Solar,2026-08-20T04:49:42Z
2026-08-20T04:48:34Z,2026-08-20T06:48:34+0200,a8c862e9-3667-4aca-b3d4-061a7f73b92e,2026-08-05T16:15:00Z,2026-08-05T18:15:00+0200,9841.32422,MW,FR,FR,forecast_solar_generation,Solar,2026-08-20T04:49:42Z
2026-08-20T04:48:34Z,2026-08-20T06:48:34+0200,a8c862e9-3667-4aca-b3d4-061a7f73b92e,2026-08-05T16:30:00Z,2026-08-05T18:30:00+0200,8790.91016,MW,FR,FR,forecast_solar_generation,Solar,2026-08-20T04:49:42Z
2026-08-20T04:48:34Z,2026-08-20T06:48:34+0200,a8c862e9-3667-4aca-b3d4-061a7f73b92e,2026-08-05T16:45:00Z,2026-08-05T18:45:00+0200,7848.96143,MW,FR,FR,forecast_solar_generation,Solar,2026-08-20T04:49:42Z
2026-08-20T04:48:34Z,2026-08-20T06:48:34+0200,a8c862e9-3667-4aca-b3d4-061a7f73b92e,2026-08-05T17:00:00Z,2026-08-05T19:00:00+0200,6565.82178,MW,FR,FR,forecast_solar_generation,Solar,2026-08-20T04:49:42Z
2026-08-20T04:48:34Z,2026-08-20T06:48:34+0200,a8c862e9-3667-4aca-b3d4-061a7f73b92e,2026-08-05T17:15:00Z,2026-08-05T19:15:00+0200,5589.68213,MW,FR,FR,forecast_solar_generation,Solar,2026-08-20T04:49:42Z
2026-08-20T04:48:34Z,2026-08-20T06:48:34+0200,a8c862e9-3667-4aca-b3d4-061a7f73b92e,2026-08-05T17:30:00Z,2026-08-05T19:30:00+0200,4382.55273,MW,FR,FR,forecast_solar_generation,Solar,2026-08-20T04:49:42Z
2026-08-20T04:48:34Z,2026-08-20T06:48:34+0200,a8c862e9-3667-4aca-b3d4-061a7f73b92e,2026-08-05T17:45:00Z,2026-08-05T19:45:00+0200,3525.25708,MW,FR,FR,forecast_solar_generation,Solar,2026-08-20T04:49:42Z
2026-08-20T04:48:34Z,2026-08-20T06:48:34+0200,a8c862e9-3667-4aca-b3d4-061a7f73b92e,2026-08-05T18:00:00Z,2026-08-05T20:00:00+0200,2571.53638,MW,FR,FR,forecast_solar_generation,Solar,2026-08-20T04:49:42Z
2026-08-20T04:48:34Z,2026-08-20T06:48:34+0200,a8c862e9-3667-4aca-b3d4-061a7f73b92e,2026-08-05T18:15:00Z,2026-08-05T20:15:00+0200,1832.83887,MW,FR,FR,forecast_solar_generation,Solar,2026-08-20T04:49:42Z
2026-08-20T04:48:34Z,2026-08-20T06:48:34+0200,a8c862e9-3667-4aca-b3d4-061a7f73b92e,2026-08-05T18:30:00Z,2026-08-05T20:30:00+0200,1189.63,MW,FR,FR,forecast_solar_generation,Solar,2026-08-20T04:49:42Z
2026-08-20T04:48:34Z,2026-08-20T06:48:34+0200,a8c862e9-3667-4aca-b3d4-061a7f73b92e,2026-08-05T18:45:00Z,2026-08-05T20:45:00+0200,820.45099,MW,FR,FR,forecast_solar_generation,Solar,2026-08-20T04:49:42Z
2026-08-20T04:48:34Z,2026-08-20T06:48:34+0200,a8c862e9-3667-4aca-b3d4-061a7f73b92e,2026-08-05T19:00:00Z,2026-08-05T21:00:00+0200,403.74942,MW,FR,FR,forecast_solar_generation,Solar,2026-08-20T04:49:42Z
2026-08-20T04:48:34Z,2026-08-20T06:48:34+0200,a8c862e9-3667-4aca-b3d4-061a7f73b92e,2026-08-05T19:15:00Z,2026-08-05T21:15:00+0200,89.0332,MW,FR,FR,forecast_solar_generation,Solar,2026-08-20T04:49:42Z
2026-08-20T04:48:34Z,2026-08-20T06:48:34+0200,a8c862e9-3667-4aca-b3d4-061a7f73b92e,2026-08-05T19:30:00Z,2026-08-05T21:30:00+0200,5.21991,MW,FR,FR,forecast_solar_generation,Solar,2026-08-20T04:49:42Z
2026-08-20T04:48:34Z,2026-08-20T06:48:34+0200,a8c862e9-3667-4aca-b3d4-061a7f73b92e,2026-08-05T19:45:00Z,2026-08-05T21:45:00+0200,0.0,MW,FR,FR,forecast_solar_generation,Solar,2026-08-20T04:49:42Z
2026-08-20T04:48:34Z,2026-08-20T06:48:34+0200,a8c862e9-3667-4aca-b3d4-061a7f73b92e,2026-08-05T20:00:00Z,2026-08-05T22:00:00+0200,0.0,MW,FR,FR,forecast_solar_generation,Solar,2026-08-20T04:49:42Z
2026-08-20T04:48:34Z,2026-08-20T06:48:34+0200,a8c862e9-3667-4aca-b3d4-061a7f73b92e,2026-08-05T20:15:00Z,2026-08-05T22:15:00+0200,0.0,MW,FR,FR,forecast_solar_generation,Solar,2026-08-20T04:49:42Z
2026-08-20T04:48:34Z,2026-08-20T06:48:34+0200,a8c862e9-3667-4aca-b3d4-061a7f73b92e,2026-08-05T20:30:00Z,2026-08-05T22:30:00+0200,0.0,MW,FR,FR,forecast_solar_generation,Solar,2026-08-20T04:49:42Z
2026-08-20T04:48:34Z,2026-08-20T06:48:34+0200,a8c862e9-3667-4aca-b3d4-061a7f73b92e,2026-08-05T20:45:00Z,2026-08-05T22:45:00+0200,0.0,MW,FR,FR,forecast_solar_generation,Solar,2026-08-20T04:49:42Z
2026-08-20T04:48:34Z,2026-08-20T06:48:34+0200,a8c862e9-3667-4aca-b3d4-061a7f73b92e,2026-08-05T21:00:00Z,2026-08-05T23:00:00+0200,0.0,MW,FR,FR,forecast_solar_generation,Solar,2026-08-20T04:49:42Z
2026-08-20T04:48:34Z,2026-08-20T06:48:34+0200,a8c862e9-3667-4aca-b3d4-061a7f73b92e,2026-08-05T21:15:00Z,2026-08-05T23:15:00+0200,0.0,MW,FR,FR,forecast_solar_generation,Solar,2026-08-20T04:49:42Z
2026-08-20T04:48:34Z,2026-08-20T06:48:34+0200,a8c862e9-3667-4aca-b3d4-061a7f73b92e,2026-08-05T21:30:00Z,2026-08-05T23:30:00+0200,0.0,MW,FR,FR,forecast_solar_generation,Solar,2026-08-20T04:49:42Z
2026-08-20T04:48:34Z,2026-08-20T06:48:34+0200,a8c862e9-3667-4aca-b3d4-061a7f73b92e,2026-08-05T21:45:00Z,2026-08-05T23:45:00+0200,0.0,MW,FR,FR,forecast_solar_generation,Solar,2026-08-20T04:49:42Z
2026-08-20T04:48:34Z,2026-08-20T06:48:34+0200,a8c862e9-3667-4aca-b3d4-061a7f73b92e,2026-08-05T22:00:00Z,2026-08-06T00:00:00+0200,0.0,MW,FR,FR,forecast_solar_generation,Solar,2026-08-20T04:49:42Z
2026-08-20T04:48:34Z,2026-08-20T06:48:34+0200,a8c862e9-3667-4aca-b3d4-061a7f73b92e,2026-08-05T22:15:00Z,2026-08-06T00:15:00+0200,0.0,MW,FR,FR,forecast_solar_generation,Solar,2026-08-20T04:49:42Z
2026-08-20T04:48:34Z,2026-08-20T06:48:34+0200,a8c862e9-3667-4aca-b3d4-061a7f73b92e,2026-08-05T22:30:00Z,2026-08-06T00:30:00+0200,0.0,MW,FR,FR,forecast_solar_generation,Solar,2026-08-20T04:49:42Z
2026-08-20T04:48:34Z,2026-08-20T06:48:34+0200,a8c862e9-3667-4aca-b3d4-061a7f73b92e,2026-08-05T22:45:00Z,2026-08-06T00:45:00+0200,0.0,MW,FR,FR,forecast_solar_generation,Solar,2026-08-20T04:49:42Z
2026-08-20T04:48:34Z,2026-08-20T06:48:34+0200,a8c862e9-3667-4aca-b3d4-061a7f73b92e,2026-08-05T23:00:00Z,2026-08-06T01:00:00+0200,0.0,MW,FR,FR,forecast_solar_generation,Solar,2026-08-20T04:49:42Z
2026-08-20T04:48:34Z,2026-08-20T06:48:34+0200,a8c862e9-3667-4aca-b3d4-061a7f73b92e,2026-08-05T23:15:00Z,2026-08-06T01:15:00+0200,0.0,MW,FR,FR,forecast_solar_generation,Solar,2026-08-20T04:49:42Z
2026-08-20T04:48:34Z,2026-08-20T06:48:34+0200,a8c862e9-3667-4aca-b3d4-061a7f73b92e,2026-08-05T23:30:00Z,2026-08-06T01:30:00+0200,0.0,MW,FR,FR,forecast_solar_generation,Solar,2026-08-20T04:49:42Z
2026-08-20T04:48:34Z,2026-08-20T06:48:34+0200,a8c862e9-3667-4aca-b3d4-061a7f73b92e,2026-08-05T23:45:00Z,2026-08-06T01:45:00+0200,0.0,MW,FR,FR,forecast_solar_generation,Solar,2026-08-20T04:49:42Z
2026-08-20T04:48:34Z,2026-08-20T06:48:34+0200,a8c862e9-3667-4aca-b3d4-061a7f73b92e,2026-08-06T00:00:00Z,2026-08-06T02:00:00+0200,0.0,MW,FR,FR,forecast_solar_generation,Solar,2026-08-20T04:49:42Z
2026-08-20T04:48:34Z,2026-08-20T06:48:34+0200,a8c862e9-3667-4aca-b3d4-061a7f73b92e,2026-08-06T00:15:00Z,2026-08-06T02:15:00+0200,0.0,MW,FR,FR,forecast_solar_generation,Solar,2026-08-20T04:49:42Z
2026-08-20T04:48:34Z,2026-08-20T06:48:34+0200,a8c862e9-3667-4aca-b3d4-061a7f73b92e,2026-08-06T00:30:00Z,2026-08-06T02:30:00+0200,0.0,MW,FR,FR,forecast_solar_generation,Solar,2026-08-20T04:49:42Z
2026-08-20T04:48:34Z,2026-08-20T06:48:34+0200,a8c862e9-3667-4aca-b3d4-061a7f73b92e,2026-08-06T00:45:00Z,2026-08-06T02:45:00+0200,0.0,MW,FR,FR,forecast_solar_generation,Solar,2026-08-20T04:49:42Z
2026-08-20T04:48:34Z,2026-08-20T06:48:34+0200,a8c862e9-3667-4aca-b3d4-061a7f73b92e,2026-08-06T01:00:00Z,2026-08-06T03:00:00+0200,0.0,MW,FR,FR,forecast_solar_generation,Solar,2026-08-20T04:49:42Z
2026-08-20T04:48:34Z,2026-08-20T06:48:34+0200,a8c862e9-3667-4aca-b3d4-061a7f73b92e,2026-08-06T01:15:00Z,2026-08-06T03:15:00+0200,0.0,MW,FR,FR,forecast_solar_generation,Solar,2026-08-20T04:49:42Z
2026-08-20T04:48:34Z,2026-08-20T06:48:34+0200,a8c862e9-3667-4aca-b3d4-061a7f73b92e,2026-08-06T01:30:00Z,2026-08-06T03:30:00+0200,0.0,MW,FR,FR,forecast_solar_generation,Solar,2026-08-20T04:49:42Z
2026-08-20T04:48:34Z,2026-08-20T06:48:34+0200,a8c862e9-3667-4aca-b3d4-061a7f73b92e,2026-08-06T01:45:00Z,2026-08-06T03:45:00+0200,0.0,MW,FR,FR,forecast_solar_generation,Solar,2026-08-20T04:49:42Z
2026-08-20T04:48:34Z,2026-08-20T06:48:34+0200,a8c862e9-3667-4aca-b3d4-061a7f73b92e,2026-08-06T02:00:00Z,2026-08-06T04:00:00+0200,0.0,MW,FR,FR,forecast_solar_generation,Solar,2026-08-20T04:49:42Z
2026-08-20T04:48:34Z,2026-08-20T06:48:34+0200,a8c862e9-3667-4aca-b3d4-061a7f73b92e,2026-08-06T02:15:00Z,2026-08-06T04:15:00+0200,0.0,MW,FR,FR,forecast_solar_generation,Solar,2026-08-20T04:49:42Z
2026-08-20T04:48:34Z,2026-08-20T06:48:34+0200,a8c862e9-3667-4aca-b3d4-061a7f73b92e,2026-08-06T02:30:00Z,2026-08-06T04:30:00+0200,0.0,MW,FR,FR,forecast_solar_generation,Solar,2026-08-20T04:49:42Z
2026-08-20T04:48:34Z,2026-08-20T06:48:34+0200,a8c862e9-3667-4aca-b3d4-061a7f73b92e,2026-08-06T02:45:00Z,2026-08-06T04:45:00+0200,0.0,MW,FR,FR,forecast_solar_generation,Solar,2026-08-20T04:49:42Z
2026-08-20T04:48:34Z,2026-08-20T06:48:34+0200,a8c862e9-3667-4aca-b3d4-061a7f73b92e,2026-08-06T03:00:00Z,2026-08-06T05:00:00+0200,0.0,MW,FR,FR,forecast_solar_generation,Solar,2026-08-20T04:49:42Z
2026-08-20T04:48:34Z,2026-08-20T06:48:34+0200,a8c862e9-3667-4aca-b3d4-061a7f73b92e,2026-08-06T03:15:00Z,2026-08-06T05:15:00+0200,0.0,MW,FR,FR,forecast_solar_generation,Solar,2026-08-20T04:49:42Z
2026-08-20T04:48:34Z,2026-08-20T06:48:34+0200,a8c862e9-3667-4aca-b3d4-061a7f73b92e,2026-08-06T03:30:00Z,2026-08-06T05:30:00+0200,0.0,MW,FR,FR,forecast_solar_generation,Solar,2026-08-20T04:49:42Z
2026-08-20T04:48:34Z,2026-08-20T06:48:34+0200,a8c862e9-3667-4aca-b3d4-061a7f73b92e,2026-08-06T03:45:00Z,2026-08-06T05:45:00+0200,0.0,MW,FR,FR,forecast_solar_generation,Solar,2026-08-20T04:49:42Z
2026-08-20T04:48:34Z,2026-08-20T06:48:34+0200,a8c862e9-3667-4aca-b3d4-061a7f73b92e,2026-08-06T04:00:00Z,2026-08-06T06:00:00+0200,0.0,MW,FR,FR,forecast_solar_generation,Solar,2026-08-20T04:49:42Z
2026-08-20T04:48:34Z,2026-08-20T06:48:34+0200,a8c862e9-3667-4aca-b3d4-061a7f73b92e,2026-08-06T04:15:00Z,2026-08-06T06:15:00+0200,7.03311,MW,FR,FR,forecast_solar_generation,Solar,2026-08-20T04:49:42Z
2026-08-20T04:48:34Z,2026-08-20T06:48:34+0200,a8c862e9-3667-4aca-b3d4-061a7f73b92e,2026-08-06T04:30:00Z,2026-08-06T06:30:00+0200,41.17479,MW,FR,FR,forecast_solar_generation,Solar,2026-08-20T04:49:42Z
2026-08-20T04:48:34Z,2026-08-20T06:48:34+0200,a8c862e9-3667-4aca-b3d4-061a7f73b92e,2026-08-06T04:45:00Z,2026-08-06T06:45:00+0200,176.44128,MW,FR,FR,forecast_solar_generation,Solar,2026-08-20T04:49:42Z
2026-08-20T04:48:34Z,2026-08-20T06:48:34+0200,a8c862e9-3667-4aca-b3d4-061a7f73b92e,2026-08-06T05:00:00Z,2026-08-06T07:00:00+0200,442.63409,MW,FR,FR,forecast_solar_generation,Solar,2026-08-20T04:49:42Z
2026-08-20T04:48:34Z,2026-08-20T06:48:34+0200,a8c862e9-3667-4aca-b3d4-061a7f73b92e,2026-08-06T05:15:00Z,2026-08-06T07:15:00+0200,698.86823,MW,FR,FR,forecast_solar_generation,Solar,2026-08-20T04:49:42Z
2026-08-20T04:48:34Z,2026-08-20T06:48:34+0200,a8c862e9-3667-4aca-b3d4-061a7f73b92e,2026-08-06T05:30:00Z,2026-08-06T07:30:00+0200,1009.36786,MW,FR,FR,forecast_solar_generation,Solar,2026-08-20T04:49:42Z
2026-08-20T04:48:34Z,2026-08-20T06:48:34+0200,a8c862e9-3667-4aca-b3d4-061a7f73b92e,2026-08-06T05:45:00Z,2026-08-06T07:45:00+0200,1634.30701,MW,FR,FR,forecast_solar_generation,Solar,2026-08-20T04:49:42Z
2026-08-20T04:48:34Z,2026-08-20T06:48:34+0200,a8c862e9-3667-4aca-b3d4-061a7f73b92e,2026-08-06T06:00:00Z,2026-08-06T08:00:00+0200,2385.97461,MW,FR,FR,forecast_solar_generation,Solar,2026-08-20T04:49:42Z
2026-08-20T04:48:34Z,2026-08-20T06:48:34+0200,a8c862e9-3667-4aca-b3d4-061a7f73b92e,2026-08-06T06:15:00Z,2026-08-06T08:15:00+0200,3400.6936,MW,FR,FR,forecast_solar_generation,Solar,2026-08-20T04:49:42Z
2026-08-20T04:48:34Z,2026-08-20T06:48:34+0200,a8c862e9-3667-4aca-b3d4-061a7f73b92e,2026-08-06T06:30:00Z,2026-08-06T08:30:00+0200,4260.55762,MW,FR,FR,forecast_solar_generation,Solar,2026-08-20T04:49:42Z
2026-08-20T04:48:34Z,2026-08-20T06:48:34+0200,a8c862e9-3667-4aca-b3d4-061a7f73b92e,2026-08-06T06:45:00Z,2026-08-06T08:45:00+0200,5496.20703,MW,FR,FR,forecast_solar_generation,Solar,2026-08-20T04:49:42Z
2026-08-20T04:48:34Z,2026-08-20T06:48:34+0200,a8c862e9-3667-4aca-b3d4-061a7f73b92e,2026-08-06T07:00:00Z,2026-08-06T09:00:00+0200,6656.03369,MW,FR,FR,forecast_solar_generation,Solar,2026-08-20T04:49:42Z
2026-08-20T04:48:34Z,2026-08-20T06:48:34+0200,a8c862e9-3667-4aca-b3d4-061a7f73b92e,2026-08-06T07:15:00Z,2026-08-06T09:15:00+0200,7934.80225,MW,FR,FR,forecast_solar_generation,Solar,2026-08-20T04:49:42Z
2026-08-20T04:48:34Z,2026-08-20T06:48:34+0200,a8c862e9-3667-4aca-b3d4-061a7f73b92e,2026-08-06T07:30:00Z,2026-08-06T09:30:00+0200,9123.0957,MW,FR,FR,forecast_solar_generation,Solar,2026-08-20T04:49:42Z
2026-08-20T04:48:34Z,2026-08-20T06:48:34+0200,a8c862e9-3667-4aca-b3d4-061a7f73b92e,2026-08-06T07:45:00Z,2026-08-06T09:45:00+0200,10280.93945,MW,FR,FR,forecast_solar_generation,Solar,2026-08-20T04:49:42Z
2026-08-20T04:48:34Z,2026-08-20T06:48:34+0200,a8c862e9-3667-4aca-b3d4-061a7f73b92e,2026-08-06T08:00:00Z,2026-08-06T10:00:00+0200,11399.10547,MW,FR,FR,forecast_solar_generation,Solar,2026-08-20T04:49:42Z
2026-08-20T04:48:34Z,2026-08-20T06:48:34+0200,a8c862e9-3667-4aca-b3d4-061a7f73b92e,2026-08-06T08:15:00Z,2026-08-06T10:15:00+0200,12585.375,MW,FR,FR,forecast_solar_generation,Solar,2026-08-20T04:49:42Z
2026-08-20T04:48:34Z,2026-08-20T06:48:34+0200,a8c862e9-3667-4aca-b3d4-061a7f73b92e,2026-08-06T08:30:00Z,2026-08-06T10:30:00+0200,13583.22266,MW,FR,FR,forecast_solar_generation,Solar,2026-08-20T04:49:42Z
2026-08-20T04:48:34Z,2026-08-20T06:48:34+0200,a8c862e9-3667-4aca-b3d4-061a7f73b92e,2026-08-06T08:45:00Z,2026-08-06T10:45:00+0200,14476.46289,MW,FR,FR,forecast_solar_generation,Solar,2026-08-20T04:49:42Z
2026-08-20T04:48:34Z,2026-08-20T06:48:34+0200,a8c862e9-3667-4aca-b3d4-061a7f73b92e,2026-08-06T09:00:00Z,2026-08-06T11:00:00+0200,15309.96094,MW,FR,FR,forecast_solar_generation,Solar,2026-08-20T04:49:42Z
2026-08-20T04:48:34Z,2026-08-20T06:48:34+0200,a8c862e9-3667-4aca-b3d4-061a7f73b92e,2026-08-06T09:15:00Z,2026-08-06T11:15:00+0200,16175.67676,MW,FR,FR,forecast_solar_generation,Solar,2026-08-20T04:49:42Z
2026-08-20T04:48:34Z,2026-08-20T06:48:34+0200,a8c862e9-3667-4aca-b3d4-061a7f73b92e,2026-08-06T09:30:00Z,2026-08-06T11:30:00+0200,16964.54102,MW,FR,FR,forecast_solar_generation,Solar,2026-08-20T04:49:42Z
2026-08-20T04:48:34Z,2026-08-20T06:48:34+0200,a8c862e9-3667-4aca-b3d4-061a7f73b92e,2026-08-06T09:45:00Z,2026-08-06T11:45:00+0200,17572.63867,MW,FR,FR,forecast_solar_generation,Solar,2026-08-20T04:49:42Z
2026-08-20T04:48:34Z,2026-08-20T06:48:34+0200,a8c862e9-3667-4aca-b3d4-061a7f73b92e,2026-08-06T10:00:00Z,2026-08-06T12:00:00+0200,18195.28906,MW,FR,FR,forecast_solar_generation,Solar,2026-08-20T04:49:42Z
2026-08-20T04:48:34Z,2026-08-20T06:48:34+0200,a8c862e9-3667-4aca-b3d4-061a7f73b92e,2026-08-06T10:15:00Z,2026-08-06T12:15:00+0200,18715.28906,MW,FR,FR,forecast_solar_generation,Solar,2026-08-20T04:49:42Z
2026-08-20T04:48:34Z,2026-08-20T06:48:34+0200,a8c862e9-3667-4aca-b3d4-061a7f73b92e,2026-08-06T10:30:00Z,2026-08-06T12:30:00+0200,19266.59375,MW,FR,FR,forecast_solar_generation,Solar,2026-08-20T04:49:42Z
2026-08-20T04:48:34Z,2026-08-20T06:48:34+0200,a8c862e9-3667-4aca-b3d4-061a7f73b92e,2026-08-06T10:45:00Z,2026-08-06T12:45:00+0200,19561.30664,MW,FR,FR,forecast_solar_generation,Solar,2026-08-20T04:49:42Z
2026-08-20T04:48:34Z,2026-08-20T06:48:34+0200,a8c862e9-3667-4aca-b3d4-061a7f73b92e,2026-08-06T11:00:00Z,2026-08-06T13:00:00+0200,19885.35742,MW,FR,FR,forecast_solar_generation,Solar,2026-08-20T04:49:42Z
2026-08-20T04:48:34Z,2026-08-20T06:48:34+0200,a8c862e9-3667-4aca-b3d4-061a7f73b92e,2026-08-06T11:15:00Z,2026-08-06T13:15:00+0200,20070.03516,MW,FR,FR,forecast_solar_generation,Solar,2026-08-20T04:49:42Z
2026-08-20T04:48:34Z,2026-08-20T06:48:34+0200,a8c862e9-3667-4aca-b3d4-061a7f73b92e,2026-08-06T11:30:00Z,2026-08-06T13:30:00+0200,20287.32812,MW,FR,FR,forecast_solar_generation,Solar,2026-08-20T04:49:42Z
2026-08-20T04:48:34Z,2026-08-20T06:48:34+0200,a8c862e9-3667-4aca-b3d4-061a7f73b92e,2026-08-06T11:45:00Z,2026-08-06T13:45:00+0200,20361.5293,MW,FR,FR,forecast_solar_generation,Solar,2026-08-20T04:49:42Z
2026-08-20T04:48:34Z,2026-08-20T06:48:34+0200,a8c862e9-3667-4aca-b3d4-061a7f73b92e,2026-08-06T12:00:00Z,2026-08-06T14:00:00+0200,20408.20508,MW,FR,FR,forecast_solar_generation,Solar,2026-08-20T04:49:42Z
2026-08-20T04:48:34Z,2026-08-20T06:48:34+0200,a8c862e9-3667-4aca-b3d4-061a7f73b92e,2026-08-06T12:15:00Z,2026-08-06T14:15:00+0200,20406.82031,MW,FR,FR,forecast_solar_generation,Solar,2026-08-20T04:49:42Z
2026-08-20T04:48:34Z,2026-08-20T06:48:34+0200,a8c862e9-3667-4aca-b3d4-061a7f73b92e,2026-08-06T12:30:00Z,2026-08-06T14:30:00+0200,20381.96484,MW,FR,FR,forecast_solar_generation,Solar,2026-08-20T04:49:42Z
2026-08-20T04:48:34Z,2026-08-20T06:48:34+0200,a8c862e9-3667-4aca-b3d4-061a7f73b92e,2026-08-06T12:45:00Z,2026-08-06T14:45:00+0200,20237.16211,MW,FR,FR,forecast_solar_generation,Solar,2026-08-20T04:49:42Z
2026-08-20T04:48:34Z,2026-08-20T06:48:34+0200,a8c862e9-3667-4aca-b3d4-061a7f73b92e,2026-08-06T13:00:00Z,2026-08-06T15:00:00+0200,20081.48828,MW,FR,FR,forecast_solar_generation,Solar,2026-08-20T04:49:42Z
2026-08-20T04:48:34Z,2026-08-20T06:48:34+0200,a8c862e9-3667-4aca-b3d4-061a7f73b92e,2026-08-06T13:15:00Z,2026-08-06T15:15:00+0200,19891.55859,MW,FR,FR,forecast_solar_generation,Solar,2026-08-20T04:49:42Z
2026-08-20T04:48:34Z,2026-08-20T06:48:34+0200,a8c862e9-3667-4aca-b3d4-061a7f73b92e,2026-08-06T13:30:00Z,2026-08-06T15:30:00+0200,19695.31641,MW,FR,FR,forecast_solar_generation,Solar,2026-08-20T04:49:42Z
2026-08-20T04:48:34Z,2026-08-20T06:48:34+0200,a8c862e9-3667-4aca-b3d4-061a7f73b92e,2026-08-06T13:45:00Z,2026-08-06T15:45:00+0200,19287.91797,MW,FR,FR,forecast_solar_generation,Solar,2026-08-20T04:49:42Z
2026-08-20T04:48:34Z,2026-08-20T06:48:34+0200,a8c862e9-3667-4aca-b3d4-061a7f73b92e,2026-08-06T14:00:00Z,2026-08-06T16:00:00+0200,18803.05859,MW,FR,FR,forecast_solar_generation,Solar,2026-08-20T04:49:42Z
2026-08-20T04:48:34Z,2026-08-20T06:48:34+0200,a8c862e9-3667-4aca-b3d4-061a7f73b92e,2026-08-06T14:15:00Z,2026-08-06T16:15:00+0200,18293.36328,MW,FR,FR,forecast_solar_generation,Solar,2026-08-20T04:49:42Z
2026-08-20T04:48:34Z,2026-08-20T06:48:34+0200,a8c862e9-3667-4aca-b3d4-061a7f73b92e,2026-08-06T14:30:00Z,2026-08-06T16:30:00+0200,17683.54297,MW,FR,FR,forecast_solar_generation,Solar,2026-08-20T04:49:42Z
2026-08-20T04:48:34Z,2026-08-20T06:48:34+0200,a8c862e9-3667-4aca-b3d4-061a7f73b92e,2026-08-06T14:45:00Z,2026-08-06T16:45:00+0200,16990.83203,MW,FR,FR,forecast_solar_generation,Solar,2026-08-20T04:49:42Z
2026-08-20T04:48:34Z,2026-08-20T06:48:34+0200,a8c862e9-3667-4aca-b3d4-061a7f73b92e,2026-08-06T15:00:00Z,2026-08-06T17:00:00+0200,16245.46973,MW,FR,FR,forecast_solar_generation,Solar,2026-08-20T04:49:42Z
2026-08-20T04:48:34Z,2026-08-20T06:48:34+0200,a8c862e9-3667-4aca-b3d4-061a7f73b92e,2026-08-06T15:15:00Z,2026-08-06T17:15:00+0200,15390.34863,MW,FR,FR,forecast_solar_generation,Solar,2026-08-20T04:49:42Z
2026-08-20T04:48:34Z,2026-08-20T06:48:34+0200,a8c862e9-3667-4aca-b3d4-061a7f73b92e,2026-08-06T15:30:00Z,2026-08-06T17:30:00+0200,14528.41602,MW,FR,FR,forecast_solar_generation,Solar,2026-08-20T04:49:42Z
2026-08-20T04:48:34Z,2026-08-20T06:48:34+0200,a8c862e9-3667-4aca-b3d4-061a7f73b92e,2026-08-06T15:45:00Z,2026-08-06T17:45:00+0200,13540.96777,MW,FR,FR,forecast_solar_generation,Solar,2026-08-20T04:49:42Z
2026-08-20T04:48:34Z,2026-08-20T06:48:34+0200,a8c862e9-3667-4aca-b3d4-061a7f73b92e,2026-08-06T16:00:00Z,2026-08-06T18:00:00+0200,12459.9873,MW,FR,FR,forecast_solar_generation,Solar,2026-08-20T04:49:42Z
2026-08-20T04:48:34Z,2026-08-20T06:48:34+0200,a8c862e9-3667-4aca-b3d4-061a7f73b92e,2026-08-06T16:15:00Z,2026-08-06T18:15:00+0200,11210.99902,MW,FR,FR,forecast_solar_generation,Solar,2026-08-20T04:49:42Z
2026-08-20T04:48:34Z,2026-08-20T06:48:34+0200,a8c862e9-3667-4aca-b3d4-061a7f73b92e,2026-08-06T16:30:00Z,2026-08-06T18:30:00+0200,9985.25488,MW,FR,FR,forecast_solar_generation,Solar,2026-08-20T04:49:42Z
2026-08-20T04:48:34Z,2026-08-20T06:48:34+0200,a8c862e9-3667-4aca-b3d4-061a7f73b92e,2026-08-06T16:45:00Z,2026-08-06T18:45:00+0200,8786.44336,MW,FR,FR,forecast_solar_generation,Solar,2026-08-20T04:49:42Z
2026-08-20T04:48:34Z,2026-08-20T06:48:34+0200,a8c862e9-3667-4aca-b3d4-061a7f73b92e,2026-08-06T17:00:00Z,2026-08-06T19:00:00+0200,7365.93115,MW,FR,FR,forecast_solar_generation,Solar,2026-08-20T04:49:42Z
2026-08-20T04:48:34Z,2026-08-20T06:48:34+0200,a8c862e9-3667-4aca-b3d4-061a7f73b92e,2026-08-06T17:15:00Z,2026-08-06T19:15:00+0200,6217.84961,MW,FR,FR,forecast_solar_generation,Solar,2026-08-20T04:49:42Z
2026-08-20T04:48:34Z,2026-08-20T06:48:34+0200,a8c862e9-3667-4aca-b3d4-061a7f73b92e,2026-08-06T17:30:00Z,2026-08-06T19:30:00+0200,4863.80518,MW,FR,FR,forecast_solar_generation,Solar,2026-08-20T04:49:42Z
2026-08-20T04:48:34Z,2026-08-20T06:48:34+0200,a8c862e9-3667-4aca-b3d4-061a7f73b92e,2026-08-06T17:45:00Z,2026-08-06T19:45:00+0200,3849.15894,MW,FR,FR,forecast_solar_generation,Solar,2026-08-20T04:49:42Z
2026-08-20T04:48:34Z,2026-08-20T06:48:34+0200,a8c862e9-3667-4aca-b3d4-061a7f73b92e,2026-08-06T18:00:00Z,2026-08-06T20:00:00+0200,2801.33521,MW,FR,FR,forecast_solar_generation,Solar,2026-08-20T04:49:42Z
2026-08-20T04:48:34Z,2026-08-20T06:48:34+0200,a8c862e9-3667-4aca-b3d4-061a7f73b92e,2026-08-06T18:15:00Z,2026-08-06T20:15:00+0200,1947.50122,MW,FR,FR,forecast_solar_generation,Solar,2026-08-20T04:49:42Z
2026-08-20T04:48:34Z,2026-08-20T06:48:34+0200,a8c862e9-3667-4aca-b3d4-061a7f73b92e,2026-08-06T18:30:00Z,2026-08-06T20:30:00+0200,1243.24768,MW,FR,FR,forecast_solar_generation,Solar,2026-08-20T04:49:42Z
2026-08-20T04:48:34Z,2026-08-20T06:48:34+0200,a8c862e9-3667-4aca-b3d4-061a7f73b92e,2026-08-06T18:45:00Z,2026-08-06T20:45:00+0200,840.7041,MW,FR,FR,forecast_solar_generation,Solar,2026-08-20T04:49:42Z
2026-08-20T04:48:34Z,2026-08-20T06:48:34+0200,a8c862e9-3667-4aca-b3d4-061a7f73b92e,2026-08-06T19:00:00Z,2026-08-06T21:00:00+0200,399.44446,MW,FR,FR,forecast_solar_generation,Solar,2026-08-20T04:49:42Z
2026-08-20T04:48:34Z,2026-08-20T06:48:34+0200,a8c862e9-3667-4aca-b3d4-061a7f73b92e,2026-08-06T19:15:00Z,2026-08-06T21:15:00+0200,81.70524,MW,FR,FR,forecast_solar_generation,Solar,2026-08-20T04:49:42Z
2026-08-20T04:48:34Z,2026-08-20T06:48:34+0200,a8c862e9-3667-4aca-b3d4-061a7f73b92e,2026-08-06T19:30:00Z,2026-08-06T21:30:00+0200,3.33441,MW,FR,FR,forecast_solar_generation,Solar,2026-08-20T04:49:42Z
2026-08-20T04:48:34Z,2026-08-20T06:48:34+0200,a8c862e9-3667-4aca-b3d4-061a7f73b92e,2026-08-06T19:45:00Z,2026-08-06T21:45:00+0200,0.0,MW,FR,FR,forecast_solar_generation,Solar,2026-08-20T04:49:42Z
2026-08-20T04:48:34Z,2026-08-20T06:48:34+0200,a8c862e9-3667-4aca-b3d4-061a7f73b92e,2026-08-06T20:00:00Z,2026-08-06T22:00:00+0200,0.0,MW,FR,FR,forecast_solar_generation,Solar,2026-08-20T04:49:42Z
2026-08-20T04:48:34Z,2026-08-20T06:48:34+0200,a8c862e9-3667-4aca-b3d4-061a7f73b92e,2026-08-06T20:15:00Z,2026-08-06T22:15:00+0200,0.0,MW,FR,FR,forecast_solar_generation,Solar,2026-08-20T04:49:42Z
2026-08-20T04:48:34Z,2026-08-20T06:48:34+0200,a8c862e9-3667-4aca-b3d4-061a7f73b92e,2026-08-06T20:30:00Z,2026-08-06T22:30:00+0200,0.0,MW,FR,FR,forecast_solar_generation,Solar,2026-08-20T04:49:42Z
2026-08-20T04:48:34Z,2026-08-20T06:48:34+0200,a8c862e9-3667-4aca-b3d4-061a7f73b92e,2026-08-06T20:45:00Z,2026-08-06T22:45:00+0200,0.0,MW,FR,FR,forecast_solar_generation,Solar,2026-08-20T04:49:42Z
2026-08-20T04:48:34Z,2026-08-20T06:48:34+0200,a8c862e9-3667-4aca-b3d4-061a7f73b92e,2026-08-06T21:00:00Z,2026-08-06T23:00:00+0200,0.0,MW,FR,FR,forecast_solar_generation,Solar,2026-08-20T04:49:42Z
2026-08-20T04:48:34Z,2026-08-20T06:48:34+0200,a8c862e9-3667-4aca-b3d4-061a7f73b92e,2026-08-06T21:15:00Z,2026-08-06T23:15:00+0200,0.0,MW,FR,FR,forecast_solar_generation,Solar,2026-08-20T04:49:42Z
2026-08-20T04:48:34Z,2026-08-20T06:48:34+0200,a8c862e9-3667-4aca-b3d4-061a7f73b92e,2026-08-06T21:30:00Z,2026-08-06T23:30:00+0200,0.0,MW,FR,FR,forecast_solar_generation,Solar,2026-08-20T04:49:42Z
2026-08-20T04:48:34Z,2026-08-20T06:48:34+0200,a8c862e9-3667-4aca-b3d4-061a7f73b92e,2026-08-06T21:45:00Z,2026-08-06T23:45:00+0200,0.0,MW,FR,FR,forecast_solar_generation,Solar,2026-08-20T04:49:42Z
2026-08-20T04:48:34Z,2026-08-20T06:48:34+0200,a8c862e9-3667-4aca-b3d4-061a7f73b92e,2026-08-06T22:00:00Z,2026-08-07T00:00:00+0200,0.0,MW,FR,FR,forecast_solar_generation,Solar,2026-08-20T04:49:42Z
2026-08-20T04:48:34Z,2026-08-20T06:48:34+0200,a8c862e9-3667-4aca-b3d4-061a7f73b92e,2026-08-06T22:15:00Z,2026-08-07T00:15:00+0200,0.0,MW,FR,FR,forecast_solar_generation,Solar,2026-08-20T04:49:42Z
2026-08-20T04:48:34Z,2026-08-20T06:48:34+0200,a8c862e9-3667-4aca-b3d4-061a7f73b92e,2026-08-06T22:30:00Z,2026-08-07T00:30:00+0200,0.0,MW,FR,FR,forecast_solar_generation,Solar,2026-08-20T04:49:42Z
2026-08-20T04:48:34Z,2026-08-20T06:48:34+0200,a8c862e9-3667-4aca-b3d4-061a7f73b92e,2026-08-06T22:45:00Z,2026-08-07T00:45:00+0200,0.0,MW,FR,FR,forecast_solar_generation,Solar,2026-08-20T04:49:42Z
2026-08-20T04:48:34Z,2026-08-20T06:48:34+0200,a8c862e9-3667-4aca-b3d4-061a7f73b92e,2026-08-06T23:00:00Z,2026-08-07T01:00:00+0200,0.0,MW,FR,FR,forecast_solar_generation,Solar,2026-08-20T04:49:42Z
2026-08-20T04:48:34Z,2026-08-20T06:48:34+0200,a8c862e9-3667-4aca-b3d4-061a7f73b92e,2026-08-06T23:15:00Z,2026-08-07T01:15:00+0200,0.0,MW,FR,FR,forecast_solar_generation,Solar,2026-08-20T04:49:42Z
2026-08-20T04:48:34Z,2026-08-20T06:48:34+0200,a8c862e9-3667-4aca-b3d4-061a7f73b92e,2026-08-06T23:30:00Z,2026-08-07T01:30:00+0200,0.0,MW,FR,FR,forecast_solar_generation,Solar,2026-08-20T04:49:42Z
2026-08-20T04:48:34Z,2026-08-20T06:48:34+0200,a8c862e9-3667-4aca-b3d4-061a7f73b92e,2026-08-06T23:45:00Z,2026-08-07T01:45:00+0200,0.0,MW,FR,FR,forecast_solar_generation,Solar,2026-08-20T04:49:42Z
2026-08-20T04:48:34Z,2026-08-20T06:48:34+0200,a8c862e9-3667-4aca-b3d4-061a7f73b92e,2026-08-07T00:00:00Z,2026-08-07T02:00:00+0200,0.0,MW,FR,FR,forecast_solar_generation,Solar,2026-08-20T04:49:42Z
2026-08-20T04:48:34Z,2026-08-20T06:48:34+0200,a8c862e9-3667-4aca-b3d4-061a7f73b92e,2026-08-07T00:15:00Z,2026-08-07T02:15:00+0200,0.0,MW,FR,FR,forecast_solar_generation,Solar,2026-08-20T04:49:42Z
2026-08-20T04:48:34Z,2026-08-20T06:48:34+0200,a8c862e9-3667-4aca-b3d4-061a7f73b92e,2026-08-07T00:30:00Z,2026-08-07T02:30:00+0200,0.0,MW,FR,FR,forecast_solar_generation,Solar,2026-08-20T04:49:42Z
2026-08-20T04:48:34Z,2026-08-20T06:48:34+0200,a8c862e9-3667-4aca-b3d4-061a7f73b92e,2026-08-07T00:45:00Z,2026-08-07T02:45:00+0200,0.0,MW,FR,FR,forecast_solar_generation,Solar,2026-08-20T04:49:42Z
2026-08-20T04:48:34Z,2026-08-20T06:48:34+0200,a8c862e9-3667-4aca-b3d4-061a7f73b92e,2026-08-07T01:00:00Z,2026-08-07T03:00:00+0200,0.0,MW,FR,FR,forecast_solar_generation,Solar,2026-08-20T04:49:42Z
2026-08-20T04:48:34Z,2026-08-20T06:48:34+0200,a8c862e9-3667-4aca-b3d4-061a7f73b92e,2026-08-07T01:15:00Z,2026-08-07T03:15:00+0200,0.0,MW,FR,FR,forecast_solar_generation,Solar,2026-08-20T04:49:42Z
2026-08-20T04:48:34Z,2026-08-20T06:48:34+0200,a8c862e9-3667-4aca-b3d4-061a7f73b92e,2026-08-07T01:30:00Z,2026-08-07T03:30:00+0200,0.0,MW,FR,FR,forecast_solar_generation,Solar,2026-08-20T04:49:42Z
2026-08-20T04:48:34Z,2026-08-20T06:48:34+0200,a8c862e9-3667-4aca-b3d4-061a7f73b92e,2026-08-07T01:45:00Z,2026-08-07T03:45:00+0200,0.0,MW,FR,FR,forecast_solar_generation,Solar,2026-08-20T04:49:42Z
2026-08-20T04:48:34Z,2026-08-20T06:48:34+0200,a8c862e9-3667-4aca-b3d4-061a7f73b92e,2026-08-07T02:00:00Z,2026-08-07T04:00:00+0200,0.0,MW,FR,FR,forecast_solar_generation,Solar,2026-08-20T04:49:42Z
2026-08-20T04:48:34Z,2026-08-20T06:48:34+0200,a8c862e9-3667-4aca-b3d4-061a7f73b92e,2026-08-07T02:15:00Z,2026-08-07T04:15:00+0200,0.0,MW,FR,FR,forecast_solar_generation,Solar,2026-08-20T04:49:42Z
2026-08-20T04:48:34Z,2026-08-20T06:48:34+0200,a8c862e9-3667-4aca-b3d4-061a7f73b92e,2026-08-07T02:30:00Z,2026-08-07T04:30:00+0200,0.0,MW,FR,FR,forecast_solar_generation,Solar,2026-08-20T04:49:42Z
2026-08-20T04:48:34Z,2026-08-20T06:48:34+0200,a8c862e9-3667-4aca-b3d4-061a7f73b92e,2026-08-07T02:45:00Z,2026-08-07T04:45:00+0200,0.0,MW,FR,FR,forecast_solar_generation,Solar,2026-08-20T04:49:42Z
2026-08-20T04:48:34Z,2026-08-20T06:48:34+0200,a8c862e9-3667-4aca-b3d4-061a7f73b92e,2026-08-07T03:00:00Z,2026-08-07T05:00:00+0200,0.0,MW,FR,FR,forecast_solar_generation,Solar,2026-08-20T04:49:42Z
2026-08-20T04:48:34Z,2026-08-20T06:48:34+0200,a8c862e9-3667-4aca-b3d4-061a7f73b92e,2026-08-07T03:15:00Z,2026-08-07T05:15:00+0200,0.0,MW,FR,FR,forecast_solar_generation,Solar,2026-08-20T04:49:42Z
2026-08-20T04:48:34Z,2026-08-20T06:48:34+0200,a8c862e9-3667-4aca-b3d4-061a7f73b92e,2026-08-07T03:30:00Z,2026-08-07T05:30:00+0200,0.0,MW,FR,FR,forecast_solar_generation,Solar,2026-08-20T04:49:42Z
2026-08-20T04:48:34Z,2026-08-20T06:48:34+0200,a8c862e9-3667-4aca-b3d4-061a7f73b92e,2026-08-07T03:45:00Z,2026-08-07T05:45:00+0200,0.0,MW,FR,FR,forecast_solar_generation,Solar,2026-08-20T04:49:42Z
2026-08-20T04:48:34Z,2026-08-20T06:48:34+0200,a8c862e9-3667-4aca-b3d4-061a7f73b92e,2026-08-07T04:00:00Z,2026-08-07T06:00:00+0200,0.0,MW,FR,FR,forecast_solar_generation,Solar,2026-08-20T04:49:42Z
2026-08-20T04:48:34Z,2026-08-20T06:48:34+0200,a8c862e9-3667-4aca-b3d4-061a7f73b92e,2026-08-07T04:15:00Z,2026-08-07T06:15:00+0200,4.3851,MW,FR,FR,forecast_solar_generation,Solar,2026-08-20T04:49:42Z
2026-08-20T04:48:34Z,2026-08-20T06:48:34+0200,a8c862e9-3667-4aca-b3d4-061a7f73b92e,2026-08-07T04:30:00Z,2026-08-07T06:30:00+0200,36.40062,MW,FR,FR,forecast_solar_generation,Solar,2026-08-20T04:49:42Z
2026-08-20T04:48:34Z,2026-08-20T06:48:34+0200,a8c862e9-3667-4aca-b3d4-061a7f73b92e,2026-08-07T04:45:00Z,2026-08-07T06:45:00+0200,171.66257,MW,FR,FR,forecast_solar_generation,Solar,2026-08-20T04:49:42Z
2026-08-20T04:48:34Z,2026-08-20T06:48:34+0200,a8c862e9-3667-4aca-b3d4-061a7f73b92e,2026-08-07T05:00:00Z,2026-08-07T07:00:00+0200,454.21631,MW,FR,FR,forecast_solar_generation,Solar,2026-08-20T04:49:42Z
2026-08-20T04:48:34Z,2026-08-20T06:48:34+0200,a8c862e9-3667-4aca-b3d4-061a7f73b92e,2026-08-07T05:15:00Z,2026-08-07T07:15:00+0200,734.55176,MW,FR,FR,forecast_solar_generation,Solar,2026-08-20T04:49:42Z
2026-08-20T04:48:34Z,2026-08-20T06:48:34+0200,a8c862e9-3667-4aca-b3d4-061a7f73b92e,2026-08-07T05:30:00Z,2026-08-07T07:30:00+0200,1066.39551,MW,FR,FR,forecast_solar_generation,Solar,2026-08-20T04:49:42Z
2026-08-20T04:48:34Z,2026-08-20T06:48:34+0200,a8c862e9-3667-4aca-b3d4-061a7f73b92e,2026-08-07T05:45:00Z,2026-08-07T07:45:00+0200,1766.47974,MW,FR,FR,forecast_solar_generation,Solar,2026-08-20T04:49:42Z
2026-08-20T04:48:34Z,2026-08-20T06:48:34+0200,a8c862e9-3667-4aca-b3d4-061a7f73b92e,2026-08-07T06:00:00Z,2026-08-07T08:00:00+0200,2585.08765,MW,FR,FR,forecast_solar_generation,Solar,2026-08-20T04:49:42Z
2026-08-20T04:48:34Z,2026-08-20T06:48:34+0200,a8c862e9-3667-4aca-b3d4-061a7f73b92e,2026-08-07T06:15:00Z,2026-08-07T08:15:00+0200,3730.98975,MW,FR,FR,forecast_solar_generation,Solar,2026-08-20T04:49:42Z
2026-08-20T04:48:34Z,2026-08-20T06:48:34+0200,a8c862e9-3667-4aca-b3d4-061a7f73b92e,2026-08-07T06:30:00Z,2026-08-07T08:30:00+0200,4717.5957,MW,FR,FR,forecast_solar_generation,Solar,2026-08-20T04:49:42Z
2026-08-20T04:48:34Z,2026-08-20T06:48:34+0200,a8c862e9-3667-4aca-b3d4-061a7f73b92e,2026-08-07T06:45:00Z,2026-08-07T08:45:00+0200,6123.78467,MW,FR,FR,forecast_solar_generation,Solar,2026-08-20T04:49:42Z
2026-08-20T04:48:34Z,2026-08-20T06:48:34+0200,a8c862e9-3667-4aca-b3d4-061a7f73b92e,2026-08-07T07:00:00Z,2026-08-07T09:00:00+0200,7467.99463,MW,FR,FR,forecast_solar_generation,Solar,2026-08-20T04:49:42Z
2026-08-20T04:48:34Z,2026-08-20T06:48:34+0200,a8c862e9-3667-4aca-b3d4-061a7f73b92e,2026-08-07T07:15:00Z,2026-08-07T09:15:00+0200,8924.06836,MW,FR,FR,forecast_solar_generation,Solar,2026-08-20T04:49:42Z
2026-08-20T04:48:34Z,2026-08-20T06:48:34+0200,a8c862e9-3667-4aca-b3d4-061a7f73b92e,2026-08-07T07:30:00Z,2026-08-07T09:30:00+0200,10289.9082,MW,FR,FR,forecast_solar_generation,Solar,2026-08-20T04:49:42Z
2026-08-20T04:48:34Z,2026-08-20T06:48:34+0200,a8c862e9-3667-4aca-b3d4-061a7f73b92e,2026-08-07T07:45:00Z,2026-08-07T09:45:00+0200,11576.81641,MW,FR,FR,forecast_solar_generation,Solar,2026-08-20T04:49:42Z
2026-08-20T04:48:34Z,2026-08-20T06:48:34+0200,a8c862e9-3667-4aca-b3d4-061a7f73b92e,2026-08-07T08:00:00Z,2026-08-07T10:00:00+0200,12830.96582,MW,FR,FR,forecast_solar_generation,Solar,2026-08-20T04:49:42Z
2026-08-20T04:48:34Z,2026-08-20T06:48:34+0200,a8c862e9-3667-4aca-b3d4-061a7f73b92e,2026-08-07T08:15:00Z,2026-08-07T10:15:00+0200,14150.06543,MW,FR,FR,forecast_solar_generation,Solar,2026-08-20T04:49:42Z
2026-08-20T04:48:34Z,2026-08-20T06:48:34+0200,a8c862e9-3667-4aca-b3d4-061a7f73b92e,2026-08-07T08:30:00Z,2026-08-07T10:30:00+0200,15264.05273,MW,FR,FR,forecast_solar_generation,Solar,2026-08-20T04:49:42Z
2026-08-20T04:48:34Z,2026-08-20T06:48:34+0200,a8c862e9-3667-4aca-b3d4-061a7f73b92e,2026-08-07T08:45:00Z,2026-08-07T10:45:00+0200,16232.48926,MW,FR,FR,forecast_solar_generation,Solar,2026-08-20T04:49:42Z
2026-08-20T04:48:34Z,2026-08-20T06:48:34+0200,a8c862e9-3667-4aca-b3d4-061a7f73b92e,2026-08-07T09:00:00Z,2026-08-07T11:00:00+0200,17136.44727,MW,FR,FR,forecast_solar_generation,Solar,2026-08-20T04:49:42Z
2026-08-20T04:48:34Z,2026-08-20T06:48:34+0200,a8c862e9-3667-4aca-b3d4-061a7f73b92e,2026-08-07T09:15:00Z,2026-08-07T11:15:00+0200,18036.85156,MW,FR,FR,forecast_solar_generation,Solar,2026-08-20T04:49:42Z
2026-08-20T04:48:34Z,2026-08-20T06:48:34+0200,a8c862e9-3667-4aca-b3d4-061a7f73b92e,2026-08-07T09:30:00Z,2026-08-07T11:30:00+0200,18857.95508,MW,FR,FR,forecast_solar_generation,Solar,2026-08-20T04:49:42Z
2026-08-20T04:48:34Z,2026-08-20T06:48:34+0200,a8c862e9-3667-4aca-b3d4-061a7f73b92e,2026-08-07T09:45:00Z,2026-08-07T11:45:00+0200,19482.58398,MW,FR,FR,forecast_solar_generation,Solar,2026-08-20T04:49:42Z
2026-08-20T04:48:34Z,2026-08-20T06:48:34+0200,a8c862e9-3667-4aca-b3d4-061a7f73b92e,2026-08-07T10:00:00Z,2026-08-07T12:00:00+0200,20169.49219,MW,FR,FR,forecast_solar_generation,Solar,2026-08-20T04:49:42Z
2026-08-20T04:48:34Z,2026-08-20T06:48:34+0200,a8c862e9-3667-4aca-b3d4-061a7f73b92e,2026-08-07T10:15:00Z,2026-08-07T12:15:00+0200,20697.80664,MW,FR,FR,forecast_solar_generation,Solar,2026-08-20T04:49:42Z
2026-08-20T04:48:34Z,2026-08-20T06:48:34+0200,a8c862e9-3667-4aca-b3d4-061a7f73b92e,2026-08-07T10:30:00Z,2026-08-07T12:30:00+0200,21229.16211,MW,FR,FR,forecast_solar_generation,Solar,2026-08-20T04:49:42Z
2026-08-20T04:48:34Z,2026-08-20T06:48:34+0200,a8c862e9-3667-4aca-b3d4-061a7f73b92e,2026-08-07T10:45:00Z,2026-08-07T12:45:00+0200,21525.20312,MW,FR,FR,forecast_solar_generation,Solar,2026-08-20T04:49:42Z
2026-08-20T04:48:34Z,2026-08-20T06:48:34+0200,a8c862e9-3667-4aca-b3d4-061a7f73b92e,2026-08-07T11:00:00Z,2026-08-07T13:00:00+0200,21795.69922,MW,FR,FR,forecast_solar_generation,Solar,2026-08-20T04:49:42Z
2026-08-20T04:48:34Z,2026-08-20T06:48:34+0200,a8c862e9-3667-4aca-b3d4-061a7f73b92e,2026-08-07T11:15:00Z,2026-08-07T13:15:00+0200,21994.32227,MW,FR,FR,forecast_solar_generation,Solar,2026-08-20T04:49:42Z
2026-08-20T04:48:34Z,2026-08-20T06:48:34+0200,a8c862e9-3667-4aca-b3d4-061a7f73b92e,2026-08-07T11:30:00Z,2026-08-07T13:30:00+0200,22149.12695,MW,FR,FR,forecast_solar_generation,Solar,2026-08-20T04:49:42Z
2026-08-20T04:48:34Z,2026-08-20T06:48:34+0200,a8c862e9-3667-4aca-b3d4-061a7f73b92e,2026-08-07T11:45:00Z,2026-08-07T13:45:00+0200,22202.67969,MW,FR,FR,forecast_solar_generation,Solar,2026-08-20T04:49:42Z
2026-08-20T04:48:34Z,2026-08-20T06:48:34+0200,a8c862e9-3667-4aca-b3d4-061a7f73b92e,2026-08-07T12:00:00Z,2026-08-07T14:00:00+0200,22231.98633,MW,FR,FR,forecast_solar_generation,Solar,2026-08-20T04:49:42Z
2026-08-20T04:48:34Z,2026-08-20T06:48:34+0200,a8c862e9-3667-4aca-b3d4-061a7f73b92e,2026-08-07T12:15:00Z,2026-08-07T14:15:00+0200,22217.58008,MW,FR,FR,forecast_solar_generation,Solar,2026-08-20T04:49:42Z
2026-08-20T04:48:34Z,2026-08-20T06:48:34+0200,a8c862e9-3667-4aca-b3d4-061a7f73b92e,2026-08-07T12:30:00Z,2026-08-07T14:30:00+0200,22165.30078,MW,FR,FR,forecast_solar_generation,Solar,2026-08-20T04:49:42Z
2026-08-20T04:48:34Z,2026-08-20T06:48:34+0200,a8c862e9-3667-4aca-b3d4-061a7f73b92e,2026-08-07T12:45:00Z,2026-08-07T14:45:00+0200,21963.53906,MW,FR,FR,forecast_solar_generation,Solar,2026-08-20T04:49:42Z
2026-08-20T04:48:34Z,2026-08-20T06:48:34+0200,a8c862e9-3667-4aca-b3d4-061a7f73b92e,2026-08-07T13:00:00Z,2026-08-07T15:00:00+0200,21725.39062,MW,FR,FR,forecast_solar_generation,Solar,2026-08-20T04:49:42Z
2026-08-20T04:48:34Z,2026-08-20T06:48:34+0200,a8c862e9-3667-4aca-b3d4-061a7f73b92e,2026-08-07T13:15:00Z,2026-08-07T15:15:00+0200,21456.17188,MW,FR,FR,forecast_solar_generation,Solar,2026-08-20T04:49:42Z
2026-08-20T04:48:34Z,2026-08-20T06:48:34+0200,a8c862e9-3667-4aca-b3d4-061a7f73b92e,2026-08-07T13:30:00Z,2026-08-07T15:30:00+0200,21151.97656,MW,FR,FR,forecast_solar_generation,Solar,2026-08-20T04:49:42Z
2026-08-20T04:48:34Z,2026-08-20T06:48:34+0200,a8c862e9-3667-4aca-b3d4-061a7f73b92e,2026-08-07T13:45:00Z,2026-08-07T15:45:00+0200,20695.47656,MW,FR,FR,forecast_solar_generation,Solar,2026-08-20T04:49:42Z
2026-08-20T04:48:34Z,2026-08-20T06:48:34+0200,a8c862e9-3667-4aca-b3d4-061a7f73b92e,2026-08-07T14:00:00Z,2026-08-07T16:00:00+0200,20125.12695,MW,FR,FR,forecast_solar_generation,Solar,2026-08-20T04:49:42Z
2026-08-20T04:48:34Z,2026-08-20T06:48:34+0200,a8c862e9-3667-4aca-b3d4-061a7f73b92e,2026-08-07T14:15:00Z,2026-08-07T16:15:00+0200,19468.91992,MW,FR,FR,forecast_solar_generation,Solar,2026-08-20T04:49:42Z
2026-08-20T04:48:34Z,2026-08-20T06:48:34+0200,a8c862e9-3667-4aca-b3d4-061a7f73b92e,2026-08-07T14:30:00Z,2026-08-07T16:30:00+0200,18747.57031,MW,FR,FR,forecast_solar_generation,Solar,2026-08-20T04:49:42Z
2026-08-20T04:48:34Z,2026-08-20T06:48:34+0200,a8c862e9-3667-4aca-b3d4-061a7f73b92e,2026-08-07T14:45:00Z,2026-08-07T16:45:00+0200,17968.34766,MW,FR,FR,forecast_solar_generation,Solar,2026-08-20T04:49:42Z
2026-08-20T04:48:34Z,2026-08-20T06:48:34+0200,a8c862e9-3667-4aca-b3d4-061a7f73b92e,2026-08-07T15:00:00Z,2026-08-07T17:00:00+0200,17177.36523,MW,FR,FR,forecast_solar_generation,Solar,2026-08-20T04:49:42Z
2026-08-20T04:48:34Z,2026-08-20T06:48:34+0200,a8c862e9-3667-4aca-b3d4-061a7f73b92e,2026-08-07T15:15:00Z,2026-08-07T17:15:00+0200,16251.58203,MW,FR,FR,forecast_solar_generation,Solar,2026-08-20T04:49:42Z
2026-08-20T04:48:34Z,2026-08-20T06:48:34+0200,a8c862e9-3667-4aca-b3d4-061a7f73b92e,2026-08-07T15:30:00Z,2026-08-07T17:30:00+0200,15280.88574,MW,FR,FR,forecast_solar_generation,Solar,2026-08-20T04:49:42Z
2026-08-20T04:48:34Z,2026-08-20T06:48:34+0200,a8c862e9-3667-4aca-b3d4-061a7f73b92e,2026-08-07T15:45:00Z,2026-08-07T17:45:00+0200,14216.57715,MW,FR,FR,forecast_solar_generation,Solar,2026-08-20T04:49:42Z
2026-08-20T04:48:34Z,2026-08-20T06:48:34+0200,a8c862e9-3667-4aca-b3d4-061a7f73b92e,2026-08-07T16:00:00Z,2026-08-07T18:00:00+0200,13043.70508,MW,FR,FR,forecast_solar_generation,Solar,2026-08-20T04:49:42Z
2026-08-20T04:48:34Z,2026-08-20T06:48:34+0200,a8c862e9-3667-4aca-b3d4-061a7f73b92e,2026-08-07T16:15:00Z,2026-08-07T18:15:00+0200,11735.31348,MW,FR,FR,forecast_solar_generation,Solar,2026-08-20T04:49:42Z
2026-08-20T04:48:34Z,2026-08-20T06:48:34+0200,a8c862e9-3667-4aca-b3d4-061a7f73b92e,2026-08-07T16:30:00Z,2026-08-07T18:30:00+0200,10432.69043,MW,FR,FR,forecast_solar_generation,Solar,2026-08-20T04:49:42Z
2026-08-20T04:48:34Z,2026-08-20T06:48:34+0200,a8c862e9-3667-4aca-b3d4-061a7f73b92e,2026-08-07T16:45:00Z,2026-08-07T18:45:00+0200,9168.65137,MW,FR,FR,forecast_solar_generation,Solar,2026-08-20T04:49:42Z
2026-08-20T04:48:34Z,2026-08-20T06:48:34+0200,a8c862e9-3667-4aca-b3d4-061a7f73b92e,2026-08-07T17:00:00Z,2026-08-07T19:00:00+0200,7661.40869,MW,FR,FR,forecast_solar_generation,Solar,2026-08-20T04:49:42Z
2026-08-20T04:48:34Z,2026-08-20T06:48:34+0200,a8c862e9-3667-4aca-b3d4-061a7f73b92e,2026-08-07T17:15:00Z,2026-08-07T19:15:00+0200,6437.99902,MW,FR,FR,forecast_solar_generation,Solar,2026-08-20T04:49:42Z
2026-08-20T04:48:34Z,2026-08-20T06:48:34+0200,a8c862e9-3667-4aca-b3d4-061a7f73b92e,2026-08-07T17:30:00Z,2026-08-07T19:30:00+0200,5035.00781,MW,FR,FR,forecast_solar_generation,Solar,2026-08-20T04:49:42Z
2026-08-20T04:48:34Z,2026-08-20T06:48:34+0200,a8c862e9-3667-4aca-b3d4-061a7f73b92e,2026-08-07T17:45:00Z,2026-08-07T19:45:00+0200,3970.70703,MW,FR,FR,forecast_solar_generation,Solar,2026-08-20T04:49:42Z
2026-08-20T04:48:34Z,2026-08-20T06:48:34+0200,a8c862e9-3667-4aca-b3d4-061a7f73b92e,2026-08-07T18:00:00Z,2026-08-07T20:00:00+0200,2881.77466,MW,FR,FR,forecast_solar_generation,Solar,2026-08-20T04:49:42Z
2026-08-20T04:48:34Z,2026-08-20T06:48:34+0200,a8c862e9-3667-4aca-b3d4-061a7f73b92e,2026-08-07T18:15:00Z,2026-08-07T20:15:00+0200,1996.63391,MW,FR,FR,forecast_solar_generation,Solar,2026-08-20T04:49:42Z
2026-08-20T04:48:34Z,2026-08-20T06:48:34+0200,a8c862e9-3667-4aca-b3d4-061a7f73b92e,2026-08-07T18:30:00Z,2026-08-07T20:30:00+0200,1259.49304,MW,FR,FR,forecast_solar_generation,Solar,2026-08-20T04:49:42Z
2026-08-20T04:48:34Z,2026-08-20T06:48:34+0200,a8c862e9-3667-4aca-b3d4-061a7f73b92e,2026-08-07T18:45:00Z,2026-08-07T20:45:00+0200,846.25354,MW,FR,FR,forecast_solar_generation,Solar,2026-08-20T04:49:42Z
2026-08-20T04:48:34Z,2026-08-20T06:48:34+0200,a8c862e9-3667-4aca-b3d4-061a7f73b92e,2026-08-07T19:00:00Z,2026-08-07T21:00:00+0200,386.7923,MW,FR,FR,forecast_solar_generation,Solar,2026-08-20T04:49:42Z
2026-08-20T04:48:34Z,2026-08-20T06:48:34+0200,a8c862e9-3667-4aca-b3d4-061a7f73b92e,2026-08-07T19:15:00Z,2026-08-07T21:15:00+0200,72.28975,MW,FR,FR,forecast_solar_generation,Solar,2026-08-20T04:49:42Z
2026-08-20T04:48:34Z,2026-08-20T06:48:34+0200,a8c862e9-3667-4aca-b3d4-061a7f73b92e,2026-08-07T19:30:00Z,2026-08-07T21:30:00+0200,3.21964,MW,FR,FR,forecast_solar_generation,Solar,2026-08-20T04:49:42Z
2026-08-20T04:48:34Z,2026-08-20T06:48:34+0200,a8c862e9-3667-4aca-b3d4-061a7f73b92e,2026-08-07T19:45:00Z,2026-08-07T21:45:00+0200,0.0,MW,FR,FR,forecast_solar_generation,Solar,2026-08-20T04:49:42Z
2026-08-20T04:48:34Z,2026-08-20T06:48:34+0200,a8c862e9-3667-4aca-b3d4-061a7f73b92e,2026-08-07T20:00:00Z,2026-08-07T22:00:00+0200,0.0,MW,FR,FR,forecast_solar_generation,Solar,2026-08-20T04:49:42Z
2026-08-20T04:48:34Z,2026-08-20T06:48:34+0200,a8c862e9-3667-4aca-b3d4-061a7f73b92e,2026-08-07T20:15:00Z,2026-08-07T22:15:00+0200,0.0,MW,FR,FR,forecast_solar_generation,Solar,2026-08-20T04:49:42Z
2026-08-20T04:48:34Z,2026-08-20T06:48:34+0200,a8c862e9-3667-4aca-b3d4-061a7f73b92e,2026-08-07T20:30:00Z,2026-08-07T22:30:00+0200,0.0,MW,FR,FR,forecast_solar_generation,Solar,2026-08-20T04:49:42Z
2026-08-20T04:48:34Z,2026-08-20T06:48:34+0200,a8c862e9-3667-4aca-b3d4-061a7f73b92e,2026-08-07T20:45:00Z,2026-08-07T22:45:00+0200,0.0,MW,FR,FR,forecast_solar_generation,Solar,2026-08-20T04:49:42Z
2026-08-20T04:48:34Z,2026-08-20T06:48:34+0200,a8c862e9-3667-4aca-b3d4-061a7f73b92e,2026-08-07T21:00:00Z,2026-08-07T23:00:00+0200,0.0,MW,FR,FR,forecast_solar_generation,Solar,2026-08-20T04:49:42Z
2026-08-20T04:48:34Z,2026-08-20T06:48:34+0200,a8c862e9-3667-4aca-b3d4-061a7f73b92e,2026-08-07T21:15:00Z,2026-08-07T23:15:00+0200,0.0,MW,FR,FR,forecast_solar_generation,Solar,2026-08-20T04:49:42Z
2026-08-20T04:48:34Z,2026-08-20T06:48:34+0200,a8c862e9-3667-4aca-b3d4-061a7f73b92e,2026-08-07T21:30:00Z,2026-08-07T23:30:00+0200,0.0,MW,FR,FR,forecast_solar_generation,Solar,2026-08-20T04:49:42Z
2026-08-20T04:48:34Z,2026-08-20T06:48:34+0200,a8c862e9-3667-4aca-b3d4-061a7f73b92e,2026-08-07T21:45:00Z,2026-08-07T23:45:00+0200,0.0,MW,FR,FR,forecast_solar_generation,Solar,2026-08-20T04:49:42Z
2026-08-20T04:48:34Z,2026-08-20T06:48:34+0200,a8c862e9-3667-4aca-b3d4-061a7f73b92e,2026-08-07T22:00:00Z,2026-08-08T00:00:00+0200,0.0,MW,FR,FR,forecast_solar_generation,Solar,2026-08-20T04:49:42Z
2026-08-20T04:48:34Z,2026-08-20T06:48:34+0200,a8c862e9-3667-4aca-b3d4-061a7f73b92e,2026-08-07T22:15:00Z,2026-08-08T00:15:00+0200,0.0,MW,FR,FR,forecast_solar_generation,Solar,2026-08-20T04:49:42Z
2026-08-20T04:48:34Z,2026-08-20T06:48:34+0200,a8c862e9-3667-4aca-b3d4-061a7f73b92e,2026-08-07T22:30:00Z,2026-08-08T00:30:00+0200,0.0,MW,FR,FR,forecast_solar_generation,Solar,2026-08-20T04:49:42Z
2026-08-20T04:48:34Z,2026-08-20T06:48:34+0200,a8c862e9-3667-4aca-b3d4-061a7f73b92e,2026-08-07T22:45:00Z,2026-08-08T00:45:00+0200,0.0,MW,FR,FR,forecast_solar_generation,Solar,2026-08-20T04:49:42Z
2026-08-20T04:48:34Z,2026-08-20T06:48:34+0200,a8c862e9-3667-4aca-b3d4-061a7f73b92e,2026-08-07T23:00:00Z,2026-08-08T01:00:00+0200,0.0,MW,FR,FR,forecast_solar_generation,Solar,2026-08-20T04:49:42Z
2026-08-20T04:48:34Z,2026-08-20T06:48:34+0200,a8c862e9-3667-4aca-b3d4-061a7f73b92e,2026-08-07T23:15:00Z,2026-08-08T01:15:00+0200,0.0,MW,FR,FR,forecast_solar_generation,Solar,2026-08-20T04:49:42Z
2026-08-20T04:48:34Z,2026-08-20T06:48:34+0200,a8c862e9-3667-4aca-b3d4-061a7f73b92e,2026-08-07T23:30:00Z,2026-08-08T01:30:00+0200,0.0,MW,FR,FR,forecast_solar_generation,Solar,2026-08-20T04:49:42Z
2026-08-20T04:48:34Z,2026-08-20T06:48:34+0200,a8c862e9-3667-4aca-b3d4-061a7f73b92e,2026-08-07T23:45:00Z,2026-08-08T01:45:00+0200,0.0,MW,FR,FR,forecast_solar_generation,Solar,2026-08-20T04:49:42Z
2026-08-20T04:48:34Z,2026-08-20T06:48:34+0200,a8c862e9-3667-4aca-b3d4-061a7f73b92e,2026-08-08T00:00:00Z,2026-08-08T02:00:00+0200,0.0,MW,FR,FR,forecast_solar_generation,Solar,2026-08-20T04:49:42Z
2026-08-20T04:48:34Z,2026-08-20T06:48:34+0200,a8c862e9-3667-4aca-b3d4-061a7f73b92e,2026-08-08T00:15:00Z,2026-08-08T02:15:00+0200,0.0,MW,FR,FR,forecast_solar_generation,Solar,2026-08-20T04:49:42Z
2026-08-20T04:48:34Z,2026-08-20T06:48:34+0200,a8c862e9-3667-4aca-b3d4-061a7f73b92e,2026-08-08T00:30:00Z,2026-08-08T02:30:00+0200,0.0,MW,FR,FR,forecast_solar_generation,Solar,2026-08-20T04:49:42Z
2026-08-20T04:48:34Z,2026-08-20T06:48:34+0200,a8c862e9-3667-4aca-b3d4-061a7f73b92e,2026-08-08T00:45:00Z,2026-08-08T02:45:00+0200,0.0,MW,FR,FR,forecast_solar_generation,Solar,2026-08-20T04:49:42Z
2026-08-20T04:48:34Z,2026-08-20T06:48:34+0200,a8c862e9-3667-4aca-b3d4-061a7f73b92e,2026-08-08T01:00:00Z,2026-08-08T03:00:00+0200,0.0,MW,FR,FR,forecast_solar_generation,Solar,2026-08-20T04:49:42Z
2026-08-20T04:48:34Z,2026-08-20T06:48:34+0200,a8c862e9-3667-4aca-b3d4-061a7f73b92e,2026-08-08T01:15:00Z,2026-08-08T03:15:00+0200,0.0,MW,FR,FR,forecast_solar_generation,Solar,2026-08-20T04:49:42Z
2026-08-20T04:48:34Z,2026-08-20T06:48:34+0200,a8c862e9-3667-4aca-b3d4-061a7f73b92e,2026-08-08T01:30:00Z,2026-08-08T03:30:00+0200,0.0,MW,FR,FR,forecast_solar_generation,Solar,2026-08-20T04:49:42Z
2026-08-20T04:48:34Z,2026-08-20T06:48:34+0200,a8c862e9-3667-4aca-b3d4-061a7f73b92e,2026-08-08T01:45:00Z,2026-08-08T03:45:00+0200,0.0,MW,FR,FR,forecast_solar_generation,Solar,2026-08-20T04:49:42Z
2026-08-20T04:48:34Z,2026-08-20T06:48:34+0200,a8c862e9-3667-4aca-b3d4-061a7f73b92e,2026-08-08T02:00:00Z,2026-08-08T04:00:00+0200,0.0,MW,FR,FR,forecast_solar_generation,Solar,2026-08-20T04:49:42Z
2026-08-20T04:48:34Z,2026-08-20T06:48:34+0200,a8c862e9-3667-4aca-b3d4-061a7f73b92e,2026-08-08T02:15:00Z,2026-08-08T04:15:00+0200,0.0,MW,FR,FR,forecast_solar_generation,Solar,2026-08-20T04:49:42Z
2026-08-20T04:48:34Z,2026-08-20T06:48:34+0200,a8c862e9-3667-4aca-b3d4-061a7f73b92e,2026-08-08T02:30:00Z,2026-08-08T04:30:00+0200,0.0,MW,FR,FR,forecast_solar_generation,Solar,2026-08-20T04:49:42Z
2026-08-20T04:48:34Z,2026-08-20T06:48:34+0200,a8c862e9-3667-4aca-b3d4-061a7f73b92e,2026-08-08T02:45:00Z,2026-08-08T04:45:00+0200,0.0,MW,FR,FR,forecast_solar_generation,Solar,2026-08-20T04:49:42Z
2026-08-20T04:48:34Z,2026-08-20T06:48:34+0200,a8c862e9-3667-4aca-b3d4-061a7f73b92e,2026-08-08T03:00:00Z,2026-08-08T05:00:00+0200,0.0,MW,FR,FR,forecast_solar_generation,Solar,2026-08-20T04:49:42Z
2026-08-20T04:48:34Z,2026-08-20T06:48:34+0200,a8c862e9-3667-4aca-b3d4-061a7f73b92e,2026-08-08T03:15:00Z,2026-08-08T05:15:00+0200,0.0,MW,FR,FR,forecast_solar_generation,Solar,2026-08-20T04:49:42Z
2026-08-20T04:48:34Z,2026-08-20T06:48:34+0200,a8c862e9-3667-4aca-b3d4-061a7f73b92e,2026-08-08T03:30:00Z,2026-08-08T05:30:00+0200,0.0,MW,FR,FR,forecast_solar_generation,Solar,2026-08-20T04:49:42Z
2026-08-20T04:48:34Z,2026-08-20T06:48:34+0200,a8c862e9-3667-4aca-b3d4-061a7f73b92e,2026-08-08T03:45:00Z,2026-08-08T05:45:00+0200,0.0,MW,FR,FR,forecast_solar_generation,Solar,2026-08-20T04:49:42Z
2026-08-20T04:48:34Z,2026-08-20T06:48:34+0200,a8c862e9-3667-4aca-b3d4-061a7f73b92e,2026-08-08T04:00:00Z,2026-08-08T06:00:00+0200,0.0,MW,FR,FR,forecast_solar_generation,Solar,2026-08-20T04:49:42Z
2026-08-20T04:48:34Z,2026-08-20T06:48:34+0200,a8c862e9-3667-4aca-b3d4-061a7f73b92e,2026-08-08T04:15:00Z,2026-08-08T06:15:00+0200,3.18777,MW,FR,FR,forecast_solar_generation,Solar,2026-08-20T04:49:42Z
2026-08-20T04:48:34Z,2026-08-20T06:48:34+0200,a8c862e9-3667-4aca-b3d4-061a7f73b92e,2026-08-08T04:30:00Z,2026-08-08T06:30:00+0200,33.23808,MW,FR,FR,forecast_solar_generation,Solar,2026-08-20T04:49:42Z
2026-08-20T04:48:34Z,2026-08-20T06:48:34+0200,a8c862e9-3667-4aca-b3d4-061a7f73b92e,2026-08-08T04:45:00Z,2026-08-08T06:45:00+0200,168.75414,MW,FR,FR,forecast_solar_generation,Solar,2026-08-20T04:49:42Z
2026-08-20T04:48:34Z,2026-08-20T06:48:34+0200,a8c862e9-3667-4aca-b3d4-061a7f73b92e,2026-08-08T05:00:00Z,2026-08-08T07:00:00+0200,453.05063,MW,FR,FR,forecast_solar_generation,Solar,2026-08-20T04:49:42Z
2026-08-20T04:48:34Z,2026-08-20T06:48:34+0200,a8c862e9-3667-4aca-b3d4-061a7f73b92e,2026-08-08T05:15:00Z,2026-08-08T07:15:00+0200,728.2453,MW,FR,FR,forecast_solar_generation,Solar,2026-08-20T04:49:42Z
2026-08-20T04:48:34Z,2026-08-20T06:48:34+0200,a8c862e9-3667-4aca-b3d4-061a7f73b92e,2026-08-08T05:30:00Z,2026-08-08T07:30:00+0200,1057.25488,MW,FR,FR,forecast_solar_generation,Solar,2026-08-20T04:49:42Z
2026-08-20T04:48:34Z,2026-08-20T06:48:34+0200,a8c862e9-3667-4aca-b3d4-061a7f73b92e,2026-08-08T05:45:00Z,2026-08-08T07:45:00+0200,1747.48254,MW,FR,FR,forecast_solar_generation,Solar,2026-08-20T04:49:42Z
2026-08-20T04:48:34Z,2026-08-20T06:48:34+0200,a8c862e9-3667-4aca-b3d4-061a7f73b92e,2026-08-08T06:00:00Z,2026-08-08T08:00:00+0200,2558.38428,MW,FR,FR,forecast_solar_generation,Solar,2026-08-20T04:49:42Z
2026-08-20T04:48:34Z,2026-08-20T06:48:34+0200,a8c862e9-3667-4aca-b3d4-061a7f73b92e,2026-08-08T06:15:00Z,2026-08-08T08:15:00+0200,3686.89355,MW,FR,FR,forecast_solar_generation,Solar,2026-08-20T04:49:42Z
2026-08-20T04:48:34Z,2026-08-20T06:48:34+0200,a8c862e9-3667-4aca-b3d4-061a7f73b92e,2026-08-08T06:30:00Z,2026-08-08T08:30:00+0200,4650.44922,MW,FR,FR,forecast_solar_generation,Solar,2026-08-20T04:49:42Z
2026-08-20T04:48:34Z,2026-08-20T06:48:34+0200,a8c862e9-3667-4aca-b3d4-061a7f73b92e,2026-08-08T06:45:00Z,2026-08-08T08:45:00+0200,6040.81787,MW,FR,FR,forecast_solar_generation,Solar,2026-08-20T04:49:42Z
2026-08-20T04:48:34Z,2026-08-20T06:48:34+0200,a8c862e9-3667-4aca-b3d4-061a7f73b92e,2026-08-08T07:00:00Z,2026-08-08T09:00:00+0200,7349.19482,MW,FR,FR,forecast_solar_generation,Solar,2026-08-20T04:49:42Z
2026-08-20T04:48:34Z,2026-08-20T06:48:34+0200,a8c862e9-3667-4aca-b3d4-061a7f73b92e,2026-08-08T07:15:00Z,2026-08-08T09:15:00+0200,8789.05078,MW,FR,FR,forecast_solar_generation,Solar,2026-08-20T04:49:42Z
2026-08-20T04:48:34Z,2026-08-20T06:48:34+0200,a8c862e9-3667-4aca-b3d4-061a7f73b92e,2026-08-08T07:30:00Z,2026-08-08T09:30:00+0200,10152.17676,MW,FR,FR,forecast_solar_generation,Solar,2026-08-20T04:49:42Z
2026-08-20T04:48:34Z,2026-08-20T06:48:34+0200,a8c862e9-3667-4aca-b3d4-061a7f73b92e,2026-08-08T07:45:00Z,2026-08-08T09:45:00+0200,11455.87793,MW,FR,FR,forecast_solar_generation,Solar,2026-08-20T04:49:42Z
2026-08-20T04:48:34Z,2026-08-20T06:48:34+0200,a8c862e9-3667-4aca-b3d4-061a7f73b92e,2026-08-08T08:00:00Z,2026-08-08T10:00:00+0200,12706.25195,MW,FR,FR,forecast_solar_generation,Solar,2026-08-20T04:49:42Z
2026-08-20T04:48:34Z,2026-08-20T06:48:34+0200,a8c862e9-3667-4aca-b3d4-061a7f73b92e,2026-08-08T08:15:00Z,2026-08-08T10:15:00+0200,14042.38184,MW,FR,FR,forecast_solar_generation,Solar,2026-08-20T04:49:42Z
2026-08-20T04:48:34Z,2026-08-20T06:48:34+0200,a8c862e9-3667-4aca-b3d4-061a7f73b92e,2026-08-08T08:30:00Z,2026-08-08T10:30:00+0200,15178.66699,MW,FR,FR,forecast_solar_generation,Solar,2026-08-20T04:49:42Z
2026-08-20T04:48:34Z,2026-08-20T06:48:34+0200,a8c862e9-3667-4aca-b3d4-061a7f73b92e,2026-08-08T08:45:00Z,2026-08-08T10:45:00+0200,16191.98145,MW,FR,FR,forecast_solar_generation,Solar,2026-08-20T04:49:42Z
2026-08-20T04:48:34Z,2026-08-20T06:48:34+0200,a8c862e9-3667-4aca-b3d4-061a7f73b92e,2026-08-08T09:00:00Z,2026-08-08T11:00:00+0200,12886.00879,MW,FR,FR,forecast_solar_generation,Solar,2026-08-20T04:49:42Z
2026-08-20T04:48:34Z,2026-08-20T06:48:34+0200,a8c862e9-3667-4aca-b3d4-061a7f73b92e,2026-08-08T09:15:00Z,2026-08-08T11:15:00+0200,13584.17773,MW,FR,FR,forecast_solar_generation,Solar,2026-08-20T04:49:42Z
2026-08-20T04:48:34Z,2026-08-20T06:48:34+0200,a8c862e9-3667-4aca-b3d4-061a7f73b92e,2026-08-08T09:30:00Z,2026-08-08T11:30:00+0200,14200.99902,MW,FR,FR,forecast_solar_generation,Solar,2026-08-20T04:49:42Z
2026-08-20T04:48:34Z,2026-08-20T06:48:34+0200,a8c862e9-3667-4aca-b3d4-061a7f73b92e,2026-08-08T09:45:00Z,2026-08-08T11:45:00+0200,14676.65918,MW,FR,FR,forecast_solar_generation,Solar,2026-08-20T04:49:42Z
2026-08-20T04:48:34Z,2026-08-20T06:48:34+0200,a8c862e9-3667-4aca-b3d4-061a7f73b92e,2026-08-08T10:00:00Z,2026-08-08T12:00:00+0200,13354.76367,MW,FR,FR,forecast_solar_generation,Solar,2026-08-20T04:49:42Z
2026-08-20T04:48:34Z,2026-08-20T06:48:34+0200,a8c862e9-3667-4aca-b3d4-061a7f73b92e,2026-08-08T10:15:00Z,2026-08-08T12:15:00+0200,13701.73438,MW,FR,FR,forecast_solar_generation,Solar,2026-08-20T04:49:42Z
2026-08-20T04:48:34Z,2026-08-20T06:48:34+0200,a8c862e9-3667-4aca-b3d4-061a7f73b92e,2026-08-08T10:30:00Z,2026-08-08T12:30:00+0200,14038.04297,MW,FR,FR,forecast_solar_generation,Solar,2026-08-20T04:49:42Z
2026-08-20T04:48:34Z,2026-08-20T06:48:34+0200,a8c862e9-3667-4aca-b3d4-061a7f73b92e,2026-08-08T10:45:00Z,2026-08-08T12:45:00+0200,14231.85352,MW,FR,FR,forecast_solar_generation,Solar,2026-08-20T04:49:42Z
2026-08-20T04:48:34Z,2026-08-20T06:48:34+0200,a8c862e9-3667-4aca-b3d4-061a7f73b92e,2026-08-08T11:00:00Z,2026-08-08T13:00:00+0200,14423.95508,MW,FR,FR,forecast_solar_generation,Solar,2026-08-20T04:49:42Z
2026-08-20T04:48:34Z,2026-08-20T06:48:34+0200,a8c862e9-3667-4aca-b3d4-061a7f73b92e,2026-08-08T11:15:00Z,2026-08-08T13:15:00+0200,14535.08789,MW,FR,FR,forecast_solar_generation,Solar,2026-08-20T04:49:42Z
2026-08-20T04:48:34Z,2026-08-20T06:48:34+0200,a8c862e9-3667-4aca-b3d4-061a7f73b92e,2026-08-08T11:30:00Z,2026-08-08T13:30:00+0200,14630.87988,MW,FR,FR,forecast_solar_generation,Solar,2026-08-20T04:49:42Z
2026-08-20T04:48:34Z,2026-08-20T06:48:34+0200,a8c862e9-3667-4aca-b3d4-061a7f73b92e,2026-08-08T11:45:00Z,2026-08-08T13:45:00+0200,14645.24609,MW,FR,FR,forecast_solar_generation,Solar,2026-08-20T04:49:42Z
2026-08-20T04:48:34Z,2026-08-20T06:48:34+0200,a8c862e9-3667-4aca-b3d4-061a7f73b92e,2026-08-08T12:00:00Z,2026-08-08T14:00:00+0200,14636.28418,MW,FR,FR,forecast_solar_generation,Solar,2026-08-20T04:49:42Z
2026-08-20T04:48:34Z,2026-08-20T06:48:34+0200,a8c862e9-3667-4aca-b3d4-061a7f73b92e,2026-08-08T12:15:00Z,2026-08-08T14:15:00+0200,14575.30371,MW,FR,FR,forecast_solar_generation,Solar,2026-08-20T04:49:42Z
2026-08-20T04:48:34Z,2026-08-20T06:48:34+0200,a8c862e9-3667-4aca-b3d4-061a7f73b92e,2026-08-08T12:30:00Z,2026-08-08T14:30:00+0200,14493.76074,MW,FR,FR,forecast_solar_generation,Solar,2026-08-20T04:49:42Z
2026-08-20T04:48:34Z,2026-08-20T06:48:34+0200,a8c862e9-3667-4aca-b3d4-061a7f73b92e,2026-08-08T12:45:00Z,2026-08-08T14:45:00+0200,14302.15234,MW,FR,FR,forecast_solar_generation,Solar,2026-08-20T04:49:42Z
2026-08-20T04:48:34Z,2026-08-20T06:48:34+0200,a8c862e9-3667-4aca-b3d4-061a7f73b92e,2026-08-08T13:00:00Z,2026-08-08T15:00:00+0200,14476.97461,MW,FR,FR,forecast_solar_generation,Solar,2026-08-20T04:49:42Z
2026-08-20T04:48:34Z,2026-08-20T06:48:34+0200,a8c862e9-3667-4aca-b3d4-061a7f73b92e,2026-08-08T13:15:00Z,2026-08-08T15:15:00+0200,14655.60449,MW,FR,FR,forecast_solar_generation,Solar,2026-08-20T04:49:42Z
2026-08-20T04:48:34Z,2026-08-20T06:48:34+0200,a8c862e9-3667-4aca-b3d4-061a7f73b92e,2026-08-08T13:30:00Z,2026-08-08T15:30:00+0200,15496.96777,MW,FR,FR,forecast_solar_generation,Solar,2026-08-20T04:49:42Z
2026-08-20T04:48:34Z,2026-08-20T06:48:34+0200,a8c862e9-3667-4aca-b3d4-061a7f73b92e,2026-08-08T13:45:00Z,2026-08-08T15:45:00+0200,15106.2002,MW,FR,FR,forecast_solar_generation,Solar,2026-08-20T04:49:42Z
2026-08-20T04:48:34Z,2026-08-20T06:48:34+0200,a8c862e9-3667-4aca-b3d4-061a7f73b92e,2026-08-08T14:00:00Z,2026-08-08T16:00:00+0200,14631.73633,MW,FR,FR,forecast_solar_generation,Solar,2026-08-20T04:49:42Z
2026-08-20T04:48:34Z,2026-08-20T06:48:34+0200,a8c862e9-3667-4aca-b3d4-061a7f73b92e,2026-08-08T14:15:00Z,2026-08-08T16:15:00+0200,14131.53809,MW,FR,FR,forecast_solar_generation,Solar,2026-08-20T04:49:42Z
2026-08-20T04:48:34Z,2026-08-20T06:48:34+0200,a8c862e9-3667-4aca-b3d4-061a7f73b92e,2026-08-08T14:30:00Z,2026-08-08T16:30:00+0200,13557.69434,MW,FR,FR,forecast_solar_generation,Solar,2026-08-20T04:49:42Z
2026-08-20T04:48:34Z,2026-08-20T06:48:34+0200,a8c862e9-3667-4aca-b3d4-061a7f73b92e,2026-08-08T14:45:00Z,2026-08-08T16:45:00+0200,17135.66797,MW,FR,FR,forecast_solar_generation,Solar,2026-08-20T04:49:42Z
2026-08-20T04:48:34Z,2026-08-20T06:48:34+0200,a8c862e9-3667-4aca-b3d4-061a7f73b92e,2026-08-08T15:00:00Z,2026-08-08T17:00:00+0200,16313.45215,MW,FR,FR,forecast_solar_generation,Solar,2026-08-20T04:49:42Z
2026-08-20T04:48:34Z,2026-08-20T06:48:34+0200,a8c862e9-3667-4aca-b3d4-061a7f73b92e,2026-08-08T15:15:00Z,2026-08-08T17:15:00+0200,15371.71387,MW,FR,FR,forecast_solar_generation,Solar,2026-08-20T04:49:42Z
2026-08-20T04:48:34Z,2026-08-20T06:48:34+0200,a8c862e9-3667-4aca-b3d4-061a7f73b92e,2026-08-08T15:30:00Z,2026-08-08T17:30:00+0200,14403.51758,MW,FR,FR,forecast_solar_generation,Solar,2026-08-20T04:49:42Z
2026-08-20T04:48:34Z,2026-08-20T06:48:34+0200,a8c862e9-3667-4aca-b3d4-061a7f73b92e,2026-08-08T15:45:00Z,2026-08-08T17:45:00+0200,13297.75586,MW,FR,FR,forecast_solar_generation,Solar,2026-08-20T04:49:42Z
2026-08-20T04:48:34Z,2026-08-20T06:48:34+0200,a8c862e9-3667-4aca-b3d4-061a7f73b92e,2026-08-08T16:00:00Z,2026-08-08T18:00:00+0200,12154.35547,MW,FR,FR,forecast_solar_generation,Solar,2026-08-20T04:49:42Z
2026-08-20T04:48:34Z,2026-08-20T06:48:34+0200,a8c862e9-3667-4aca-b3d4-061a7f73b92e,2026-08-08T16:15:00Z,2026-08-08T18:15:00+0200,10828.60547,MW,FR,FR,forecast_solar_generation,Solar,2026-08-20T04:49:42Z
2026-08-20T04:48:34Z,2026-08-20T06:48:34+0200,a8c862e9-3667-4aca-b3d4-061a7f73b92e,2026-08-08T16:30:00Z,2026-08-08T18:30:00+0200,9568.70508,MW,FR,FR,forecast_solar_generation,Solar,2026-08-20T04:49:42Z
2026-08-20T04:48:34Z,2026-08-20T06:48:34+0200,a8c862e9-3667-4aca-b3d4-061a7f73b92e,2026-08-08T16:45:00Z,2026-08-08T18:45:00+0200,8373.89258,MW,FR,FR,forecast_solar_generation,Solar,2026-08-20T04:49:42Z
2026-08-20T04:48:34Z,2026-08-20T06:48:34+0200,a8c862e9-3667-4aca-b3d4-061a7f73b92e,2026-08-08T17:00:00Z,2026-08-08T19:00:00+0200,6982.99658,MW,FR,FR,forecast_solar_generation,Solar,2026-08-20T04:49:42Z
2026-08-20T04:48:34Z,2026-08-20T06:48:34+0200,a8c862e9-3667-4aca-b3d4-061a7f73b92e,2026-08-08T17:15:00Z,2026-08-08T19:15:00+0200,5872.0835,MW,FR,FR,forecast_solar_generation,Solar,2026-08-20T04:49:42Z
2026-08-20T04:48:34Z,2026-08-20T06:48:34+0200,a8c862e9-3667-4aca-b3d4-061a7f73b92e,2026-08-08T17:30:00Z,2026-08-08T19:30:00+0200,4530.2373,MW,FR,FR,forecast_solar_generation,Solar,2026-08-20T04:49:42Z
2026-08-20T04:48:34Z,2026-08-20T06:48:34+0200,a8c862e9-3667-4aca-b3d4-061a7f73b92e,2026-08-08T17:45:00Z,2026-08-08T19:45:00+0200,3608.38599,MW,FR,FR,forecast_solar_generation,Solar,2026-08-20T04:49:42Z
2026-08-20T04:48:34Z,2026-08-20T06:48:34+0200,a8c862e9-3667-4aca-b3d4-061a7f73b92e,2026-08-08T18:00:00Z,2026-08-08T20:00:00+0200,2608.104,MW,FR,FR,forecast_solar_generation,Solar,2026-08-20T04:49:42Z
2026-08-20T04:48:34Z,2026-08-20T06:48:34+0200,a8c862e9-3667-4aca-b3d4-061a7f73b92e,2026-08-08T18:15:00Z,2026-08-08T20:15:00+0200,1816.64026,MW,FR,FR,forecast_solar_generation,Solar,2026-08-20T04:49:42Z
2026-08-20T04:48:34Z,2026-08-20T06:48:34+0200,a8c862e9-3667-4aca-b3d4-061a7f73b92e,2026-08-08T18:30:00Z,2026-08-08T20:30:00+0200,1137.39697,MW,FR,FR,forecast_solar_generation,Solar,2026-08-20T04:49:42Z
2026-08-20T04:48:34Z,2026-08-20T06:48:34+0200,a8c862e9-3667-4aca-b3d4-061a7f73b92e,2026-08-08T18:45:00Z,2026-08-08T20:45:00+0200,758.05145,MW,FR,FR,forecast_solar_generation,Solar,2026-08-20T04:49:42Z
2026-08-20T04:48:34Z,2026-08-20T06:48:34+0200,a8c862e9-3667-4aca-b3d4-061a7f73b92e,2026-08-08T19:00:00Z,2026-08-08T21:00:00+0200,339.83047,MW,FR,FR,forecast_solar_generation,Solar,2026-08-20T04:49:42Z
2026-08-20T04:48:34Z,2026-08-20T06:48:34+0200,a8c862e9-3667-4aca-b3d4-061a7f73b92e,2026-08-08T19:15:00Z,2026-08-08T21:15:00+0200,53.98147,MW,FR,FR,forecast_solar_generation,Solar,2026-08-20T04:49:42Z
2026-08-20T04:48:34Z,2026-08-20T06:48:34+0200,a8c862e9-3667-4aca-b3d4-061a7f73b92e,2026-08-08T19:30:00Z,2026-08-08T21:30:00+0200,1.71981,MW,FR,FR,forecast_solar_generation,Solar,2026-08-20T04:49:42Z
2026-08-20T04:48:34Z,2026-08-20T06:48:34+0200,a8c862e9-3667-4aca-b3d4-061a7f73b92e,2026-08-08T19:45:00Z,2026-08-08T21:45:00+0200,0.0,MW,FR,FR,forecast_solar_generation,Solar,2026-08-20T04:49:42Z
2026-08-20T04:48:34Z,2026-08-20T06:48:34+0200,a8c862e9-3667-4aca-b3d4-061a7f73b92e,2026-08-08T20:00:00Z,2026-08-08T22:00:00+0200,0.0,MW,FR,FR,forecast_solar_generation,Solar,2026-08-20T04:49:42Z
2026-08-20T04:48:34Z,2026-08-20T06:48:34+0200,a8c862e9-3667-4aca-b3d4-061a7f73b92e,2026-08-08T20:15:00Z,2026-08-08T22:15:00+0200,0.0,MW,FR,FR,forecast_solar_generation,Solar,2026-08-20T04:49:42Z
2026-08-20T04:48:34Z,2026-08-20T06:48:34+0200,a8c862e9-3667-4aca-b3d4-061a7f73b92e,2026-08-08T20:30:00Z,2026-08-08T22:30:00+0200,0.0,MW,FR,FR,forecast_solar_generation,Solar,2026-08-20T04:49:42Z
2026-08-20T04:48:34Z,2026-08-20T06:48:34+0200,a8c862e9-3667-4aca-b3d4-061a7f73b92e,2026-08-08T20:45:00Z,2026-08-08T22:45:00+0200,0.0,MW,FR,FR,forecast_solar_generation,Solar,2026-08-20T04:49:42Z
2026-08-20T04:48:34Z,2026-08-20T06:48:34+0200,a8c862e9-3667-4aca-b3d4-061a7f73b92e,2026-08-08T21:00:00Z,2026-08-08T23:00:00+0200,0.0,MW,FR,FR,forecast_solar_generation,Solar,2026-08-20T04:49:42Z
2026-08-20T04:48:34Z,2026-08-20T06:48:34+0200,a8c862e9-3667-4aca-b3d4-061a7f73b92e,2026-08-08T21:15:00Z,2026-08-08T23:15:00+0200,0.0,MW,FR,FR,forecast_solar_generation,Solar,2026-08-20T04:49:42Z
2026-08-20T04:48:34Z,2026-08-20T06:48:34+0200,a8c862e9-3667-4aca-b3d4-061a7f73b92e,2026-08-08T21:30:00Z,2026-08-08T23:30:00+0200,0.0,MW,FR,FR,forecast_solar_generation,Solar,2026-08-20T04:49:42Z
2026-08-20T04:48:34Z,2026-08-20T06:48:34+0200,a8c862e9-3667-4aca-b3d4-061a7f73b92e,2026-08-08T21:45:00Z,2026-08-08T23:45:00+0200,0.0,MW,FR,FR,forecast_solar_generation,Solar,2026-08-20T04:49:42Z
2026-08-20T04:48:34Z,2026-08-20T06:48:34+0200,a8c862e9-3667-4aca-b3d4-061a7f73b92e,2026-08-08T22:00:00Z,2026-08-09T00:00:00+0200,0.0,MW,FR,FR,forecast_solar_generation,Solar,2026-08-20T04:49:42Z
2026-08-20T04:48:34Z,2026-08-20T06:48:34+0200,a8c862e9-3667-4aca-b3d4-061a7f73b92e,2026-08-08T22:15:00Z,2026-08-09T00:15:00+0200,0.0,MW,FR,FR,forecast_solar_generation,Solar,2026-08-20T04:49:42Z
2026-08-20T04:48:34Z,2026-08-20T06:48:34+0200,a8c862e9-3667-4aca-b3d4-061a7f73b92e,2026-08-08T22:30:00Z,2026-08-09T00:30:00+0200,0.0,MW,FR,FR,forecast_solar_generation,Solar,2026-08-20T04:49:42Z
2026-08-20T04:48:34Z,2026-08-20T06:48:34+0200,a8c862e9-3667-4aca-b3d4-061a7f73b92e,2026-08-08T22:45:00Z,2026-08-09T00:45:00+0200,0.0,MW,FR,FR,forecast_solar_generation,Solar,2026-08-20T04:49:42Z
2026-08-20T04:48:34Z,2026-08-20T06:48:34+0200,a8c862e9-3667-4aca-b3d4-061a7f73b92e,2026-08-08T23:00:00Z,2026-08-09T01:00:00+0200,0.0,MW,FR,FR,forecast_solar_generation,Solar,2026-08-20T04:49:42Z
2026-08-20T04:48:34Z,2026-08-20T06:48:34+0200,a8c862e9-3667-4aca-b3d4-061a7f73b92e,2026-08-08T23:15:00Z,2026-08-09T01:15:00+0200,0.0,MW,FR,FR,forecast_solar_generation,Solar,2026-08-20T04:49:42Z
2026-08-20T04:48:34Z,2026-08-20T06:48:34+0200,a8c862e9-3667-4aca-b3d4-061a7f73b92e,2026-08-08T23:30:00Z,2026-08-09T01:30:00+0200,0.0,MW,FR,FR,forecast_solar_generation,Solar,2026-08-20T04:49:42Z
2026-08-20T04:48:34Z,2026-08-20T06:48:34+0200,a8c862e9-3667-4aca-b3d4-061a7f73b92e,2026-08-08T23:45:00Z,2026-08-09T01:45:00+0200,0.0,MW,FR,FR,forecast_solar_generation,Solar,2026-08-20T04:49:42Z
2026-08-20T04:48:34Z,2026-08-20T06:48:34+0200,a8c862e9-3667-4aca-b3d4-061a7f73b92e,2026-08-09T00:00:00Z,2026-08-09T02:00:00+0200,0.0,MW,FR,FR,forecast_solar_generation,Solar,2026-08-20T04:49:42Z
2026-08-20T04:48:34Z,2026-08-20T06:48:34+0200,a8c862e9-3667-4aca-b3d4-061a7f73b92e,2026-08-09T00:15:00Z,2026-08-09T02:15:00+0200,0.0,MW,FR,FR,forecast_solar_generation,Solar,2026-08-20T04:49:42Z
2026-08-20T04:48:34Z,2026-08-20T06:48:34+0200,a8c862e9-3667-4aca-b3d4-061a7f73b92e,2026-08-09T00:30:00Z,2026-08-09T02:30:00+0200,0.0,MW,FR,FR,forecast_solar_generation,Solar,2026-08-20T04:49:42Z
2026-08-20T04:48:34Z,2026-08-20T06:48:34+0200,a8c862e9-3667-4aca-b3d4-061a7f73b92e,2026-08-09T00:45:00Z,2026-08-09T02:45:00+0200,0.0,MW,FR,FR,forecast_solar_generation,Solar,2026-08-20T04:49:42Z
2026-08-20T04:48:34Z,2026-08-20T06:48:34+0200,a8c862e9-3667-4aca-b3d4-061a7f73b92e,2026-08-09T01:00:00Z,2026-08-09T03:00:00+0200,0.0,MW,FR,FR,forecast_solar_generation,Solar,2026-08-20T04:49:42Z
2026-08-20T04:48:34Z,2026-08-20T06:48:34+0200,a8c862e9-3667-4aca-b3d4-061a7f73b92e,2026-08-09T01:15:00Z,2026-08-09T03:15:00+0200,0.0,MW,FR,FR,forecast_solar_generation,Solar,2026-08-20T04:49:42Z
2026-08-20T04:48:34Z,2026-08-20T06:48:34+0200,a8c862e9-3667-4aca-b3d4-061a7f73b92e,2026-08-09T01:30:00Z,2026-08-09T03:30:00+0200,0.0,MW,FR,FR,forecast_solar_generation,Solar,2026-08-20T04:49:42Z
2026-08-20T04:48:34Z,2026-08-20T06:48:34+0200,a8c862e9-3667-4aca-b3d4-061a7f73b92e,2026-08-09T01:45:00Z,2026-08-09T03:45:00+0200,0.0,MW,FR,FR,forecast_solar_generation,Solar,2026-08-20T04:49:42Z
2026-08-20T04:48:34Z,2026-08-20T06:48:34+0200,a8c862e9-3667-4aca-b3d4-061a7f73b92e,2026-08-09T02:00:00Z,2026-08-09T04:00:00+0200,0.0,MW,FR,FR,forecast_solar_generation,Solar,2026-08-20T04:49:42Z
2026-08-20T04:48:34Z,2026-08-20T06:48:34+0200,a8c862e9-3667-4aca-b3d4-061a7f73b92e,2026-08-09T02:15:00Z,2026-08-09T04:15:00+0200,0.0,MW,FR,FR,forecast_solar_generation,Solar,2026-08-20T04:49:42Z
2026-08-20T04:48:34Z,2026-08-20T06:48:34+0200,a8c862e9-3667-4aca-b3d4-061a7f73b92e,2026-08-09T02:30:00Z,2026-08-09T04:30:00+0200,0.0,MW,FR,FR,forecast_solar_generation,Solar,2026-08-20T04:49:42Z
2026-08-20T04:48:34Z,2026-08-20T06:48:34+0200,a8c862e9-3667-4aca-b3d4-061a7f73b92e,2026-08-09T02:45:00Z,2026-08-09T04:45:00+0200,0.0,MW,FR,FR,forecast_solar_generation,Solar,2026-08-20T04:49:42Z
2026-08-20T04:48:34Z,2026-08-20T06:48:34+0200,a8c862e9-3667-4aca-b3d4-061a7f73b92e,2026-08-09T03:00:00Z,2026-08-09T05:00:00+0200,0.0,MW,FR,FR,forecast_solar_generation,Solar,2026-08-20T04:49:42Z
2026-08-20T04:48:34Z,2026-08-20T06:48:34+0200,a8c862e9-3667-4aca-b3d4-061a7f73b92e,2026-08-09T03:15:00Z,2026-08-09T05:15:00+0200,0.0,MW,FR,FR,forecast_solar_generation,Solar,2026-08-20T04:49:42Z
2026-08-20T04:48:34Z,2026-08-20T06:48:34+0200,a8c862e9-3667-4aca-b3d4-061a7f73b92e,2026-08-09T03:30:00Z,2026-08-09T05:30:00+0200,0.0,MW,FR,FR,forecast_solar_generation,Solar,2026-08-20T04:49:42Z
2026-08-20T04:48:34Z,2026-08-20T06:48:34+0200,a8c862e9-3667-4aca-b3d4-061a7f73b92e,2026-08-09T03:45:00Z,2026-08-09T05:45:00+0200,0.0,MW,FR,FR,forecast_solar_generation,Solar,2026-08-20T04:49:42Z
2026-08-20T04:48:34Z,2026-08-20T06:48:34+0200,a8c862e9-3667-4aca-b3d4-061a7f73b92e,2026-08-09T04:00:00Z,2026-08-09T06:00:00+0200,0.0,MW,FR,FR,forecast_solar_generation,Solar,2026-08-20T04:49:42Z
2026-08-20T04:48:34Z,2026-08-20T06:48:34+0200,a8c862e9-3667-4aca-b3d4-061a7f73b92e,2026-08-09T04:15:00Z,2026-08-09T06:15:00+0200,1.61821,MW,FR,FR,forecast_solar_generation,Solar,2026-08-20T04:49:42Z
2026-08-20T04:48:34Z,2026-08-20T06:48:34+0200,a8c862e9-3667-4aca-b3d4-061a7f73b92e,2026-08-09T04:30:00Z,2026-08-09T06:30:00+0200,31.29769,MW,FR,FR,forecast_solar_generation,Solar,2026-08-20T04:49:42Z
2026-08-20T04:48:34Z,2026-08-20T06:48:34+0200,a8c862e9-3667-4aca-b3d4-061a7f73b92e,2026-08-09T04:45:00Z,2026-08-09T06:45:00+0200,147.58923,MW,FR,FR,forecast_solar_generation,Solar,2026-08-20T04:49:42Z
2026-08-20T04:48:34Z,2026-08-20T06:48:34+0200,a8c862e9-3667-4aca-b3d4-061a7f73b92e,2026-08-09T05:00:00Z,2026-08-09T07:00:00+0200,377.2782,MW,FR,FR,forecast_solar_generation,Solar,2026-08-20T04:49:42Z
2026-08-20T04:48:34Z,2026-08-20T06:48:34+0200,a8c862e9-3667-4aca-b3d4-061a7f73b92e,2026-08-09T05:15:00Z,2026-08-09T07:15:00+0200,596.49951,MW,FR,FR,forecast_solar_generation,Solar,2026-08-20T04:49:42Z
2026-08-20T04:48:34Z,2026-08-20T06:48:34+0200,a8c862e9-3667-4aca-b3d4-061a7f73b92e,2026-08-09T05:30:00Z,2026-08-09T07:30:00+0200,897.25043,MW,FR,FR,forecast_solar_generation,Solar,2026-08-20T04:49:42Z
2026-08-20T04:48:34Z,2026-08-20T06:48:34+0200,a8c862e9-3667-4aca-b3d4-061a7f73b92e,2026-08-09T05:45:00Z,2026-08-09T07:45:00+0200,1495.90369,MW,FR,FR,forecast_solar_generation,Solar,2026-08-20T04:49:42Z
2026-08-20T04:48:34Z,2026-08-20T06:48:34+0200,a8c862e9-3667-4aca-b3d4-061a7f73b92e,2026-08-09T06:00:00Z,2026-08-09T08:00:00+0200,2187.86133,MW,FR,FR,forecast_solar_generation,Solar,2026-08-20T04:49:42Z
2026-08-20T04:48:34Z,2026-08-20T06:48:34+0200,a8c862e9-3667-4aca-b3d4-061a7f73b92e,2026-08-09T06:15:00Z,2026-08-09T08:15:00+0200,3176.91284,MW,FR,FR,forecast_solar_generation,Solar,2026-08-20T04:49:42Z
2026-08-20T04:48:34Z,2026-08-20T06:48:34+0200,a8c862e9-3667-4aca-b3d4-061a7f73b92e,2026-08-09T06:30:00Z,2026-08-09T08:30:00+0200,4004.20972,MW,FR,FR,forecast_solar_generation,Solar,2026-08-20T04:49:42Z
2026-08-20T04:48:34Z,2026-08-20T06:48:34+0200,a8c862e9-3667-4aca-b3d4-061a7f73b92e,2026-08-09T06:45:00Z,2026-08-09T08:45:00+0200,5173.38574,MW,FR,FR,forecast_solar_generation,Solar,2026-08-20T04:49:42Z
2026-08-20T04:48:34Z,2026-08-20T06:48:34+0200,a8c862e9-3667-4aca-b3d4-061a7f73b92e,2026-08-09T07:00:00Z,2026-08-09T09:00:00+0200,6175.75488,MW,FR,FR,forecast_solar_generation,Solar,2026-08-20T04:49:42Z
2026-08-20T04:48:34Z,2026-08-20T06:48:34+0200,a8c862e9-3667-4aca-b3d4-061a7f73b92e,2026-08-09T07:15:00Z,2026-08-09T09:15:00+0200,7412.86426,MW,FR,FR,forecast_solar_generation,Solar,2026-08-20T04:49:42Z
2026-08-20T04:48:34Z,2026-08-20T06:48:34+0200,a8c862e9-3667-4aca-b3d4-061a7f73b92e,2026-08-09T07:30:00Z,2026-08-09T09:30:00+0200,8505.17676,MW,FR,FR,forecast_solar_generation,Solar,2026-08-20T04:49:42Z
2026-08-20T04:48:34Z,2026-08-20T06:48:34+0200,a8c862e9-3667-4aca-b3d4-061a7f73b92e,2026-08-09T07:45:00Z,2026-08-09T09:45:00+0200,9565.86328,MW,FR,FR,forecast_solar_generation,Solar,2026-08-20T04:49:42Z
2026-08-20T04:48:34Z,2026-08-20T06:48:34+0200,a8c862e9-3667-4aca-b3d4-061a7f73b92e,2026-08-09T08:00:00Z,2026-08-09T10:00:00+0200,10528.38672,MW,FR,FR,forecast_solar_generation,Solar,2026-08-20T04:49:42Z
2026-08-20T04:48:34Z,2026-08-20T06:48:34+0200,a8c862e9-3667-4aca-b3d4-061a7f73b92e,2026-08-09T08:15:00Z,2026-08-09T10:15:00+0200,11722.65625,MW,FR,FR,forecast_solar_generation,Solar,2026-08-20T04:49:42Z
2026-08-20T04:48:34Z,2026-08-20T06:48:34+0200,a8c862e9-3667-4aca-b3d4-061a7f73b92e,2026-08-09T08:30:00Z,2026-08-09T10:30:00+0200,12623.34766,MW,FR,FR,forecast_solar_generation,Solar,2026-08-20T04:49:42Z
2026-08-20T04:48:34Z,2026-08-20T06:48:34+0200,a8c862e9-3667-4aca-b3d4-061a7f73b92e,2026-08-09T08:45:00Z,2026-08-09T10:45:00+0200,13508.9502,MW,FR,FR,forecast_solar_generation,Solar,2026-08-20T04:49:42Z
2026-08-20T04:48:34Z,2026-08-20T06:48:34+0200,a8c862e9-3667-4aca-b3d4-061a7f73b92e,2026-08-09T09:00:00Z,2026-08-09T11:00:00+0200,14332.7373,MW,FR,FR,forecast_solar_generation,Solar,2026-08-20T04:49:42Z
2026-08-20T04:48:34Z,2026-08-20T06:48:34+0200,a8c862e9-3667-4aca-b3d4-061a7f73b92e,2026-08-09T09:15:00Z,2026-08-09T11:15:00+0200,11684.60156,MW,FR,FR,forecast_solar_generation,Solar,2026-08-20T04:49:42Z
2026-08-20T04:48:34Z,2026-08-20T06:48:34+0200,a8c862e9-3667-4aca-b3d4-061a7f73b92e,2026-08-09T09:30:00Z,2026-08-09T11:30:00+0200,12281.15723,MW,FR,FR,forecast_solar_generation,Solar,2026-08-20T04:49:42Z
2026-08-20T04:48:34Z,2026-08-20T06:48:34+0200,a8c862e9-3667-4aca-b3d4-061a7f73b92e,2026-08-09T09:45:00Z,2026-08-09T11:45:00+0200,12692.94043,MW,FR,FR,forecast_solar_generation,Solar,2026-08-20T04:49:42Z
2026-08-20T04:48:34Z,2026-08-20T06:48:34+0200,a8c862e9-3667-4aca-b3d4-061a7f73b92e,2026-08-09T10:00:00Z,2026-08-09T12:00:00+0200,13126.64062,MW,FR,FR,forecast_solar_generation,Solar,2026-08-20T04:49:42Z
2026-08-20T04:48:34Z,2026-08-20T06:48:34+0200,a8c862e9-3667-4aca-b3d4-061a7f73b92e,2026-08-09T10:15:00Z,2026-08-09T12:15:00+0200,13487.46289,MW,FR,FR,forecast_solar_generation,Solar,2026-08-20T04:49:42Z
2026-08-20T04:48:34Z,2026-08-20T06:48:34+0200,a8c862e9-3667-4aca-b3d4-061a7f73b92e,2026-08-09T10:30:00Z,2026-08-09T12:30:00+0200,13873.0918,MW,FR,FR,forecast_solar_generation,Solar,2026-08-20T04:49:42Z
2026-08-20T04:48:34Z,2026-08-20T06:48:34+0200,a8c862e9-3667-4aca-b3d4-061a7f73b92e,2026-08-09T10:45:00Z,2026-08-09T12:45:00+0200,14105.20703,MW,FR,FR,forecast_solar_generation,Solar,2026-08-20T04:49:42Z
2026-08-20T04:48:34Z,2026-08-20T06:48:34+0200,a8c862e9-3667-4aca-b3d4-061a7f73b92e,2026-08-09T11:00:00Z,2026-08-09T13:00:00+0200,14333.57324,MW,FR,FR,forecast_solar_generation,Solar,2026-08-20T04:49:42Z
2026-08-20T04:48:34Z,2026-08-20T06:48:34+0200,a8c862e9-3667-4aca-b3d4-061a7f73b92e,2026-08-09T11:15:00Z,2026-08-09T13:15:00+0200,14519.65918,MW,FR,FR,forecast_solar_generation,Solar,2026-08-20T04:49:42Z
2026-08-20T04:48:34Z,2026-08-20T06:48:34+0200,a8c862e9-3667-4aca-b3d4-061a7f73b92e,2026-08-09T11:30:00Z,2026-08-09T13:30:00+0200,13943.91895,MW,FR,FR,forecast_solar_generation,Solar,2026-08-20T04:49:42Z
2026-08-20T04:48:34Z,2026-08-20T06:48:34+0200,a8c862e9-3667-4aca-b3d4-061a7f73b92e,2026-08-09T11:45:00Z,2026-08-09T13:45:00+0200,13939.48828,MW,FR,FR,forecast_solar_generation,Solar,2026-08-20T04:49:42Z
2026-08-20T04:48:34Z,2026-08-20T06:48:34+0200,a8c862e9-3667-4aca-b3d4-061a7f73b92e,2026-08-09T12:00:00Z,2026-08-09T14:00:00+0200,13956.92578,MW,FR,FR,forecast_solar_generation,Solar,2026-08-20T04:49:42Z
2026-08-20T04:48:34Z,2026-08-20T06:48:34+0200,a8c862e9-3667-4aca-b3d4-061a7f73b92e,2026-08-09T12:15:00Z,2026-08-09T14:15:00+0200,14732.7207,MW,FR,FR,forecast_solar_generation,Solar,2026-08-20T04:49:42Z
2026-08-20T04:48:34Z,2026-08-20T06:48:34+0200,a8c862e9-3667-4aca-b3d4-061a7f73b92e,2026-08-09T12:30:00Z,2026-08-09T14:30:00+0200,14656.30957,MW,FR,FR,forecast_solar_generation,Solar,2026-08-20T04:49:42Z
2026-08-20T04:48:34Z,2026-08-20T06:48:34+0200,a8c862e9-3667-4aca-b3d4-061a7f73b92e,2026-08-09T12:45:00Z,2026-08-09T14:45:00+0200,14425.5166,MW,FR,FR,forecast_solar_generation,Solar,2026-08-20T04:49:42Z
2026-08-20T04:48:34Z,2026-08-20T06:48:34+0200,a8c862e9-3667-4aca-b3d4-061a7f73b92e,2026-08-09T13:00:00Z,2026-08-09T15:00:00+0200,14191.29395,MW,FR,FR,forecast_solar_generation,Solar,2026-08-20T04:49:42Z
2026-08-20T04:48:34Z,2026-08-20T06:48:34+0200,a8c862e9-3667-4aca-b3d4-061a7f73b92e,2026-08-09T13:15:00Z,2026-08-09T15:15:00+0200,13928.65625,MW,FR,FR,forecast_solar_generation,Solar,2026-08-20T04:49:42Z
2026-08-20T04:48:34Z,2026-08-20T06:48:34+0200,a8c862e9-3667-4aca-b3d4-061a7f73b92e,2026-08-09T13:30:00Z,2026-08-09T15:30:00+0200,13675.82812,MW,FR,FR,forecast_solar_generation,Solar,2026-08-20T04:49:42Z
2026-08-20T04:48:34Z,2026-08-20T06:48:34+0200,a8c862e9-3667-4aca-b3d4-061a7f73b92e,2026-08-09T13:45:00Z,2026-08-09T15:45:00+0200,13299.8291,MW,FR,FR,forecast_solar_generation,Solar,2026-08-20T04:49:42Z
2026-08-20T04:48:34Z,2026-08-20T06:48:34+0200,a8c862e9-3667-4aca-b3d4-061a7f73b92e,2026-08-09T14:00:00Z,2026-08-09T16:00:00+0200,17047.66992,MW,FR,FR,forecast_solar_generation,Solar,2026-08-20T04:49:42Z
2026-08-20T04:48:34Z,2026-08-20T06:48:34+0200,a8c862e9-3667-4aca-b3d4-061a7f73b92e,2026-08-09T14:15:00Z,2026-08-09T16:15:00+0200,16530.89648,MW,FR,FR,forecast_solar_generation,Solar,2026-08-20T04:49:42Z
2026-08-20T04:48:34Z,2026-08-20T06:48:34+0200,a8c862e9-3667-4aca-b3d4-061a7f73b92e,2026-08-09T14:30:00Z,2026-08-09T16:30:00+0200,15905.84473,MW,FR,FR,forecast_solar_generation,Solar,2026-08-20T04:49:42Z
2026-08-20T04:48:34Z,2026-08-20T06:48:34+0200,a8c862e9-3667-4aca-b3d4-061a7f73b92e,2026-08-09T14:45:00Z,2026-08-09T16:45:00+0200,15156.87402,MW,FR,FR,forecast_solar_generation,Solar,2026-08-20T04:49:42Z
2026-08-20T04:48:34Z,2026-08-20T06:48:34+0200,a8c862e9-3667-4aca-b3d4-061a7f73b92e,2026-08-09T15:00:00Z,2026-08-09T17:00:00+0200,14381.48438,MW,FR,FR,forecast_solar_generation,Solar,2026-08-20T04:49:42Z
2026-08-20T04:48:34Z,2026-08-20T06:48:34+0200,a8c862e9-3667-4aca-b3d4-061a7f73b92e,2026-08-09T15:15:00Z,2026-08-09T17:15:00+0200,13493.70508,MW,FR,FR,forecast_solar_generation,Solar,2026-08-20T04:49:42Z
2026-08-20T04:48:34Z,2026-08-20T06:48:34+0200,a8c862e9-3667-4aca-b3d4-061a7f73b92e,2026-08-09T15:30:00Z,2026-08-09T17:30:00+0200,12564.4873,MW,FR,FR,forecast_solar_generation,Solar,2026-08-20T04:49:42Z
2026-08-20T04:48:34Z,2026-08-20T06:48:34+0200,a8c862e9-3667-4aca-b3d4-061a7f73b92e,2026-08-09T15:45:00Z,2026-08-09T17:45:00+0200,11587.78809,MW,FR,FR,forecast_solar_generation,Solar,2026-08-20T04:49:42Z
2026-08-20T04:48:34Z,2026-08-20T06:48:34+0200,a8c862e9-3667-4aca-b3d4-061a7f73b92e,2026-08-09T16:00:00Z,2026-08-09T18:00:00+0200,10522.9668,MW,FR,FR,forecast_solar_generation,Solar,2026-08-20T04:49:42Z
2026-08-20T04:48:34Z,2026-08-20T06:48:34+0200,a8c862e9-3667-4aca-b3d4-061a7f73b92e,2026-08-09T16:15:00Z,2026-08-09T18:15:00+0200,9338.15527,MW,FR,FR,forecast_solar_generation,Solar,2026-08-20T04:49:42Z
2026-08-20T04:48:34Z,2026-08-20T06:48:34+0200,a8c862e9-3667-4aca-b3d4-061a7f73b92e,2026-08-09T16:30:00Z,2026-08-09T18:30:00+0200,8263.40723,MW,FR,FR,forecast_solar_generation,Solar,2026-08-20T04:49:42Z
2026-08-20T04:48:34Z,2026-08-20T06:48:34+0200,a8c862e9-3667-4aca-b3d4-061a7f73b92e,2026-08-09T16:45:00Z,2026-08-09T18:45:00+0200,7299.91455,MW,FR,FR,forecast_solar_generation,Solar,2026-08-20T04:49:42Z
2026-08-20T04:48:34Z,2026-08-20T06:48:34+0200,a8c862e9-3667-4aca-b3d4-061a7f73b92e,2026-08-09T17:00:00Z,2026-08-09T19:00:00+0200,6051.53223,MW,FR,FR,forecast_solar_generation,Solar,2026-08-20T04:49:42Z
2026-08-20T04:48:34Z,2026-08-20T06:48:34+0200,a8c862e9-3667-4aca-b3d4-061a7f73b92e,2026-08-09T17:15:00Z,2026-08-09T19:15:00+0200,5139.43018,MW,FR,FR,forecast_solar_generation,Solar,2026-08-20T04:49:42Z
2026-08-20T04:48:34Z,2026-08-20T06:48:34+0200,a8c862e9-3667-4aca-b3d4-061a7f73b92e,2026-08-09T17:30:00Z,2026-08-09T19:30:00+0200,3934.8606,MW,FR,FR,forecast_solar_generation,Solar,2026-08-20T04:49:42Z
2026-08-20T04:48:34Z,2026-08-20T06:48:34+0200,a8c862e9-3667-4aca-b3d4-061a7f73b92e,2026-08-09T17:45:00Z,2026-08-09T19:45:00+0200,3193.72607,MW,FR,FR,forecast_solar_generation,Solar,2026-08-20T04:49:42Z
2026-08-20T04:48:34Z,2026-08-20T06:48:34+0200,a8c862e9-3667-4aca-b3d4-061a7f73b92e,2026-08-09T18:00:00Z,2026-08-09T20:00:00+0200,2272.29785,MW,FR,FR,forecast_solar_generation,Solar,2026-08-20T04:49:42Z
2026-08-20T04:48:34Z,2026-08-20T06:48:34+0200,a8c862e9-3667-4aca-b3d4-061a7f73b92e,2026-08-09T18:15:00Z,2026-08-09T20:15:00+0200,1580.8374,MW,FR,FR,forecast_solar_generation,Solar,2026-08-20T04:49:42Z
2026-08-20T04:48:34Z,2026-08-20T06:48:34+0200,a8c862e9-3667-4aca-b3d4-061a7f73b92e,2026-08-09T18:30:00Z,2026-08-09T20:30:00+0200,977.3197,MW,FR,FR,forecast_solar_generation,Solar,2026-08-20T04:49:42Z
2026-08-20T04:48:34Z,2026-08-20T06:48:34+0200,a8c862e9-3667-4aca-b3d4-061a7f73b92e,2026-08-09T18:45:00Z,2026-08-09T20:45:00+0200,625.89716,MW,FR,FR,forecast_solar_generation,Solar,2026-08-20T04:49:42Z
2026-08-20T04:48:34Z,2026-08-20T06:48:34+0200,a8c862e9-3667-4aca-b3d4-061a7f73b92e,2026-08-09T19:00:00Z,2026-08-09T21:00:00+0200,277.21164,MW,FR,FR,forecast_solar_generation,Solar,2026-08-20T04:49:42Z
2026-08-20T04:48:34Z,2026-08-20T06:48:34+0200,a8c862e9-3667-4aca-b3d4-061a7f73b92e,2026-08-09T19:15:00Z,2026-08-09T21:15:00+0200,39.22465,MW,FR,FR,forecast_solar_generation,Solar,2026-08-20T04:49:42Z
2026-08-20T04:48:34Z,2026-08-20T06:48:34+0200,a8c862e9-3667-4aca-b3d4-061a7f73b92e,2026-08-09T19:30:00Z,2026-08-09T21:30:00+0200,1.33796,MW,FR,FR,forecast_solar_generation,Solar,2026-08-20T04:49:42Z
2026-08-20T04:48:34Z,2026-08-20T06:48:34+0200,a8c862e9-3667-4aca-b3d4-061a7f73b92e,2026-08-09T19:45:00Z,2026-08-09T21:45:00+0200,0.0,MW,FR,FR,forecast_solar_generation,Solar,2026-08-20T04:49:42Z
2026-08-20T04:48:34Z,2026-08-20T06:48:34+0200,a8c862e9-3667-4aca-b3d4-061a7f73b92e,2026-08-09T20:00:00Z,2026-08-09T22:00:00+0200,0.0,MW,FR,FR,forecast_solar_generation,Solar,2026-08-20T04:49:42Z
2026-08-20T04:48:34Z,2026-08-20T06:48:34+0200,a8c862e9-3667-4aca-b3d4-061a7f73b92e,2026-08-09T20:15:00Z,2026-08-09T22:15:00+0200,0.0,MW,FR,FR,forecast_solar_generation,Solar,2026-08-20T04:49:42Z
2026-08-20T04:48:34Z,2026-08-20T06:48:34+0200,a8c862e9-3667-4aca-b3d4-061a7f73b92e,2026-08-09T20:30:00Z,2026-08-09T22:30:00+0200,0.0,MW,FR,FR,forecast_solar_generation,Solar,2026-08-20T04:49:42Z
2026-08-20T04:48:34Z,2026-08-20T06:48:34+0200,a8c862e9-3667-4aca-b3d4-061a7f73b92e,2026-08-09T20:45:00Z,2026-08-09T22:45:00+0200,0.0,MW,FR,FR,forecast_solar_generation,Solar,2026-08-20T04:49:42Z
2026-08-20T04:48:34Z,2026-08-20T06:48:34+0200,a8c862e9-3667-4aca-b3d4-061a7f73b92e,2026-08-09T21:00:00Z,2026-08-09T23:00:00+0200,0.0,MW,FR,FR,forecast_solar_generation,Solar,2026-08-20T04:49:42Z
2026-08-20T04:48:34Z,2026-08-20T06:48:34+0200,a8c862e9-3667-4aca-b3d4-061a7f73b92e,2026-08-09T21:15:00Z,2026-08-09T23:15:00+0200,0.0,MW,FR,FR,forecast_solar_generation,Solar,2026-08-20T04:49:42Z
2026-08-20T04:48:34Z,2026-08-20T06:48:34+0200,a8c862e9-3667-4aca-b3d4-061a7f73b92e,2026-08-09T21:30:00Z,2026-08-09T23:30:00+0200,0.0,MW,FR,FR,forecast_solar_generation,Solar,2026-08-20T04:49:42Z
2026-08-20T04:48:34Z,2026-08-20T06:48:34+0200,a8c862e9-3667-4aca-b3d4-061a7f73b92e,2026-08-09T21:45:00Z,2026-08-09T23:45:00+0200,0.0,MW,FR,FR,forecast_solar_generation,Solar,2026-08-20T04:49:42Z
2026-08-20T04:48:34Z,2026-08-20T06:48:34+0200,a8c862e9-3667-4aca-b3d4-061a7f73b92e,2026-08-09T22:00:00Z,2026-08-10T00:00:00+0200,0.0,MW,FR,FR,forecast_solar_generation,Solar,2026-08-20T04:49:42Z
2026-08-20T04:48:34Z,2026-08-20T06:48:34+0200,a8c862e9-3667-4aca-b3d4-061a7f73b92e,2026-08-09T22:15:00Z,2026-08-10T00:15:00+0200,0.0,MW,FR,FR,forecast_solar_generation,Solar,2026-08-20T04:49:42Z
2026-08-20T04:48:34Z,2026-08-20T06:48:34+0200,a8c862e9-3667-4aca-b3d4-061a7f73b92e,2026-08-09T22:30:00Z,2026-08-10T00:30:00+0200,0.0,MW,FR,FR,forecast_solar_generation,Solar,2026-08-20T04:49:42Z
2026-08-20T04:48:34Z,2026-08-20T06:48:34+0200,a8c862e9-3667-4aca-b3d4-061a7f73b92e,2026-08-09T22:45:00Z,2026-08-10T00:45:00+0200,0.0,MW,FR,FR,forecast_solar_generation,Solar,2026-08-20T04:49:42Z
2026-08-20T04:48:34Z,2026-08-20T06:48:34+0200,a8c862e9-3667-4aca-b3d4-061a7f73b92e,2026-08-09T23:00:00Z,2026-08-10T01:00:00+0200,0.0,MW,FR,FR,forecast_solar_generation,Solar,2026-08-20T04:49:42Z
2026-08-20T04:48:34Z,2026-08-20T06:48:34+0200,a8c862e9-3667-4aca-b3d4-061a7f73b92e,2026-08-09T23:15:00Z,2026-08-10T01:15:00+0200,0.0,MW,FR,FR,forecast_solar_generation,Solar,2026-08-20T04:49:42Z
2026-08-20T04:48:34Z,2026-08-20T06:48:34+0200,a8c862e9-3667-4aca-b3d4-061a7f73b92e,2026-08-09T23:30:00Z,2026-08-10T01:30:00+0200,0.0,MW,FR,FR,forecast_solar_generation,Solar,2026-08-20T04:49:42Z
2026-08-20T04:48:34Z,2026-08-20T06:48:34+0200,a8c862e9-3667-4aca-b3d4-061a7f73b92e,2026-08-09T23:45:00Z,2026-08-10T01:45:00+0200,0.0,MW,FR,FR,forecast_solar_generation,Solar,2026-08-20T04:49:42Z
2026-08-20T04:48:34Z,2026-08-20T06:48:34+0200,a8c862e9-3667-4aca-b3d4-061a7f73b92e,2026-08-10T00:00:00Z,2026-08-10T02:00:00+0200,0.0,MW,FR,FR,forecast_solar_generation,Solar,2026-08-20T04:49:42Z
2026-08-20T04:48:34Z,2026-08-20T06:48:34+0200,a8c862e9-3667-4aca-b3d4-061a7f73b92e,2026-08-10T00:15:00Z,2026-08-10T02:15:00+0200,0.0,MW,FR,FR,forecast_solar_generation,Solar,2026-08-20T04:49:42Z
2026-08-20T04:48:34Z,2026-08-20T06:48:34+0200,a8c862e9-3667-4aca-b3d4-061a7f73b92e,2026-08-10T00:30:00Z,2026-08-10T02:30:00+0200,0.0,MW,FR,FR,forecast_solar_generation,Solar,2026-08-20T04:49:42Z
2026-08-20T04:48:34Z,2026-08-20T06:48:34+0200,a8c862e9-3667-4aca-b3d4-061a7f73b92e,2026-08-10T00:45:00Z,2026-08-10T02:45:00+0200,0.0,MW,FR,FR,forecast_solar_generation,Solar,2026-08-20T04:49:42Z
2026-08-20T04:48:34Z,2026-08-20T06:48:34+0200,a8c862e9-3667-4aca-b3d4-061a7f73b92e,2026-08-10T01:00:00Z,2026-08-10T03:00:00+0200,0.0,MW,FR,FR,forecast_solar_generation,Solar,2026-08-20T04:49:42Z
2026-08-20T04:48:34Z,2026-08-20T06:48:34+0200,a8c862e9-3667-4aca-b3d4-061a7f73b92e,2026-08-10T01:15:00Z,2026-08-10T03:15:00+0200,0.0,MW,FR,FR,forecast_solar_generation,Solar,2026-08-20T04:49:42Z
2026-08-20T04:48:34Z,2026-08-20T06:48:34+0200,a8c862e9-3667-4aca-b3d4-061a7f73b92e,2026-08-10T01:30:00Z,2026-08-10T03:30:00+0200,0.0,MW,FR,FR,forecast_solar_generation,Solar,2026-08-20T04:49:42Z
2026-08-20T04:48:34Z,2026-08-20T06:48:34+0200,a8c862e9-3667-4aca-b3d4-061a7f73b92e,2026-08-10T01:45:00Z,2026-08-10T03:45:00+0200,0.0,MW,FR,FR,forecast_solar_generation,Solar,2026-08-20T04:49:42Z
2026-08-20T04:48:34Z,2026-08-20T06:48:34+0200,a8c862e9-3667-4aca-b3d4-061a7f73b92e,2026-08-10T02:00:00Z,2026-08-10T04:00:00+0200,0.0,MW,FR,FR,forecast_solar_generation,Solar,2026-08-20T04:49:42Z
2026-08-20T04:48:34Z,2026-08-20T06:48:34+0200,a8c862e9-3667-4aca-b3d4-061a7f73b92e,2026-08-10T02:15:00Z,2026-08-10T04:15:00+0200,0.0,MW,FR,FR,forecast_solar_generation,Solar,2026-08-20T04:49:42Z
2026-08-20T04:48:34Z,2026-08-20T06:48:34+0200,a8c862e9-3667-4aca-b3d4-061a7f73b92e,2026-08-10T02:30:00Z,2026-08-10T04:30:00+0200,0.0,MW,FR,FR,forecast_solar_generation,Solar,2026-08-20T04:49:42Z
2026-08-20T04:48:34Z,2026-08-20T06:48:34+0200,a8c862e9-3667-4aca-b3d4-061a7f73b92e,2026-08-10T02:45:00Z,2026-08-10T04:45:00+0200,0.0,MW,FR,FR,forecast_solar_generation,Solar,2026-08-20T04:49:42Z
2026-08-20T04:48:34Z,2026-08-20T06:48:34+0200,a8c862e9-3667-4aca-b3d4-061a7f73b92e,2026-08-10T03:00:00Z,2026-08-10T05:00:00+0200,0.0,MW,FR,FR,forecast_solar_generation,Solar,2026-08-20T04:49:42Z
2026-08-20T04:48:34Z,2026-08-20T06:48:34+0200,a8c862e9-3667-4aca-b3d4-061a7f73b92e,2026-08-10T03:15:00Z,2026-08-10T05:15:00+0200,0.0,MW,FR,FR,forecast_solar_generation,Solar,2026-08-20T04:49:42Z
2026-08-20T04:48:34Z,2026-08-20T06:48:34+0200,a8c862e9-3667-4aca-b3d4-061a7f73b92e,2026-08-10T03:30:00Z,2026-08-10T05:30:00+0200,0.0,MW,FR,FR,forecast_solar_generation,Solar,2026-08-20T04:49:42Z
2026-08-20T04:48:34Z,2026-08-20T06:48:34+0200,a8c862e9-3667-4aca-b3d4-061a7f73b92e,2026-08-10T03:45:00Z,2026-08-10T05:45:00+0200,0.0,MW,FR,FR,forecast_solar_generation,Solar,2026-08-20T04:49:42Z
2026-08-20T04:48:34Z,2026-08-20T06:48:34+0200,a8c862e9-3667-4aca-b3d4-061a7f73b92e,2026-08-10T04:00:00Z,2026-08-10T06:00:00+0200,0.0,MW,FR,FR,forecast_solar_generation,Solar,2026-08-20T04:49:42Z
2026-08-20T04:48:34Z,2026-08-20T06:48:34+0200,a8c862e9-3667-4aca-b3d4-061a7f73b92e,2026-08-10T04:15:00Z,2026-08-10T06:15:00+0200,0.29964,MW,FR,FR,forecast_solar_generation,Solar,2026-08-20T04:49:42Z
2026-08-20T04:48:34Z,2026-08-20T06:48:34+0200,a8c862e9-3667-4aca-b3d4-061a7f73b92e,2026-08-10T04:30:00Z,2026-08-10T06:30:00+0200,21.98658,MW,FR,FR,forecast_solar_generation,Solar,2026-08-20T04:49:42Z
2026-08-20T04:48:34Z,2026-08-20T06:48:34+0200,a8c862e9-3667-4aca-b3d4-061a7f73b92e,2026-08-10T04:45:00Z,2026-08-10T06:45:00+0200,120.7562,MW,FR,FR,forecast_solar_generation,Solar,2026-08-20T04:49:42Z
2026-08-20T04:48:34Z,2026-08-20T06:48:34+0200,a8c862e9-3667-4aca-b3d4-061a7f73b92e,2026-08-10T05:00:00Z,2026-08-10T07:00:00+0200,333.01422,MW,FR,FR,forecast_solar_generation,Solar,2026-08-20T04:49:42Z
2026-08-20T04:48:34Z,2026-08-20T06:48:34+0200,a8c862e9-3667-4aca-b3d4-061a7f73b92e,2026-08-10T05:15:00Z,2026-08-10T07:15:00+0200,552.29529,MW,FR,FR,forecast_solar_generation,Solar,2026-08-20T04:49:42Z
2026-08-20T04:48:34Z,2026-08-20T06:48:34+0200,a8c862e9-3667-4aca-b3d4-061a7f73b92e,2026-08-10T05:30:00Z,2026-08-10T07:30:00+0200,835.88623,MW,FR,FR,forecast_solar_generation,Solar,2026-08-20T04:49:42Z
2026-08-20T04:48:34Z,2026-08-20T06:48:34+0200,a8c862e9-3667-4aca-b3d4-061a7f73b92e,2026-08-10T05:45:00Z,2026-08-10T07:45:00+0200,1403.92834,MW,FR,FR,forecast_solar_generation,Solar,2026-08-20T04:49:42Z
2026-08-20T04:48:34Z,2026-08-20T06:48:34+0200,a8c862e9-3667-4aca-b3d4-061a7f73b92e,2026-08-10T06:00:00Z,2026-08-10T08:00:00+0200,2085.79932,MW,FR,FR,forecast_solar_generation,Solar,2026-08-20T04:49:42Z
2026-08-20T04:48:34Z,2026-08-20T06:48:34+0200,a8c862e9-3667-4aca-b3d4-061a7f73b92e,2026-08-10T06:15:00Z,2026-08-10T08:15:00+0200,3084.69336,MW,FR,FR,forecast_solar_generation,Solar,2026-08-20T04:49:42Z
2026-08-20T04:48:34Z,2026-08-20T06:48:34+0200,a8c862e9-3667-4aca-b3d4-061a7f73b92e,2026-08-10T06:30:00Z,2026-08-10T08:30:00+0200,3904.31567,MW,FR,FR,forecast_solar_generation,Solar,2026-08-20T04:49:42Z
2026-08-20T04:48:34Z,2026-08-20T06:48:34+0200,a8c862e9-3667-4aca-b3d4-061a7f73b92e,2026-08-10T06:45:00Z,2026-08-10T08:45:00+0200,5193.18652,MW,FR,FR,forecast_solar_generation,Solar,2026-08-20T04:49:42Z
2026-08-20T04:48:34Z,2026-08-20T06:48:34+0200,a8c862e9-3667-4aca-b3d4-061a7f73b92e,2026-08-10T07:00:00Z,2026-08-10T09:00:00+0200,6299.62256,MW,FR,FR,forecast_solar_generation,Solar,2026-08-20T04:49:42Z
2026-08-20T04:48:34Z,2026-08-20T06:48:34+0200,a8c862e9-3667-4aca-b3d4-061a7f73b92e,2026-08-10T07:15:00Z,2026-08-10T09:15:00+0200,7676.25293,MW,FR,FR,forecast_solar_generation,Solar,2026-08-20T04:49:42Z
2026-08-20T04:48:34Z,2026-08-20T06:48:34+0200,a8c862e9-3667-4aca-b3d4-061a7f73b92e,2026-08-10T07:30:00Z,2026-08-10T09:30:00+0200,8879.28711,MW,FR,FR,forecast_solar_generation,Solar,2026-08-20T04:49:42Z
2026-08-20T04:48:34Z,2026-08-20T06:48:34+0200,a8c862e9-3667-4aca-b3d4-061a7f73b92e,2026-08-10T07:45:00Z,2026-08-10T09:45:00+0200,10153.72559,MW,FR,FR,forecast_solar_generation,Solar,2026-08-20T04:49:42Z
2026-08-20T04:48:34Z,2026-08-20T06:48:34+0200,a8c862e9-3667-4aca-b3d4-061a7f73b92e,2026-08-10T08:00:00Z,2026-08-10T10:00:00+0200,11293.08594,MW,FR,FR,forecast_solar_generation,Solar,2026-08-20T04:49:42Z
2026-08-20T04:48:34Z,2026-08-20T06:48:34+0200,a8c862e9-3667-4aca-b3d4-061a7f73b92e,2026-08-10T08:15:00Z,2026-08-10T10:15:00+0200,12600.04395,MW,FR,FR,forecast_solar_generation,Solar,2026-08-20T04:49:42Z
2026-08-20T04:48:34Z,2026-08-20T06:48:34+0200,a8c862e9-3667-4aca-b3d4-061a7f73b92e,2026-08-10T08:30:00Z,2026-08-10T10:30:00+0200,13704.53711,MW,FR,FR,forecast_solar_generation,Solar,2026-08-20T04:49:42Z
2026-08-20T04:48:34Z,2026-08-20T06:48:34+0200,a8c862e9-3667-4aca-b3d4-061a7f73b92e,2026-08-10T08:45:00Z,2026-08-10T10:45:00+0200,14733.02051,MW,FR,FR,forecast_solar_generation,Solar,2026-08-20T04:49:42Z
2026-08-20T04:48:34Z,2026-08-20T06:48:34+0200,a8c862e9-3667-4aca-b3d4-061a7f73b92e,2026-08-10T09:00:00Z,2026-08-10T11:00:00+0200,15614.9209,MW,FR,FR,forecast_solar_generation,Solar,2026-08-20T04:49:42Z
2026-08-20T04:48:34Z,2026-08-20T06:48:34+0200,a8c862e9-3667-4aca-b3d4-061a7f73b92e,2026-08-10T09:15:00Z,2026-08-10T11:15:00+0200,16580.03516,MW,FR,FR,forecast_solar_generation,Solar,2026-08-20T04:49:42Z
2026-08-20T04:48:34Z,2026-08-20T06:48:34+0200,a8c862e9-3667-4aca-b3d4-061a7f73b92e,2026-08-10T09:30:00Z,2026-08-10T11:30:00+0200,17407.07812,MW,FR,FR,forecast_solar_generation,Solar,2026-08-20T04:49:42Z
2026-08-20T04:48:34Z,2026-08-20T06:48:34+0200,a8c862e9-3667-4aca-b3d4-061a7f73b92e,2026-08-10T09:45:00Z,2026-08-10T11:45:00+0200,18062.45703,MW,FR,FR,forecast_solar_generation,Solar,2026-08-20T04:49:42Z
2026-08-20T04:48:34Z,2026-08-20T06:48:34+0200,a8c862e9-3667-4aca-b3d4-061a7f73b92e,2026-08-10T10:00:00Z,2026-08-10T12:00:00+0200,18624.60352,MW,FR,FR,forecast_solar_generation,Solar,2026-08-20T04:49:42Z
2026-08-20T04:48:34Z,2026-08-20T06:48:34+0200,a8c862e9-3667-4aca-b3d4-061a7f73b92e,2026-08-10T10:15:00Z,2026-08-10T12:15:00+0200,19116.23828,MW,FR,FR,forecast_solar_generation,Solar,2026-08-20T04:49:42Z
2026-08-20T04:48:34Z,2026-08-20T06:48:34+0200,a8c862e9-3667-4aca-b3d4-061a7f73b92e,2026-08-10T10:30:00Z,2026-08-10T12:30:00+0200,19662.64648,MW,FR,FR,forecast_solar_generation,Solar,2026-08-20T04:49:42Z
2026-08-20T04:48:34Z,2026-08-20T06:48:34+0200,a8c862e9-3667-4aca-b3d4-061a7f73b92e,2026-08-10T10:45:00Z,2026-08-10T12:45:00+0200,19924.35938,MW,FR,FR,forecast_solar_generation,Solar,2026-08-20T04:49:42Z
2026-08-20T04:48:34Z,2026-08-20T06:48:34+0200,a8c862e9-3667-4aca-b3d4-061a7f73b92e,2026-08-10T11:00:00Z,2026-08-10T13:00:00+0200,20183.0957,MW,FR,FR,forecast_solar_generation,Solar,2026-08-20T04:49:42Z
2026-08-20T04:48:34Z,2026-08-20T06:48:34+0200,a8c862e9-3667-4aca-b3d4-061a7f73b92e,2026-08-10T11:15:00Z,2026-08-10T13:15:00+0200,20345.7207,MW,FR,FR,forecast_solar_generation,Solar,2026-08-20T04:49:42Z
2026-08-20T04:48:34Z,2026-08-20T06:48:34+0200,a8c862e9-3667-4aca-b3d4-061a7f73b92e,2026-08-10T11:30:00Z,2026-08-10T13:30:00+0200,20519.86133,MW,FR,FR,forecast_solar_generation,Solar,2026-08-20T04:49:42Z
2026-08-20T04:48:34Z,2026-08-20T06:48:34+0200,a8c862e9-3667-4aca-b3d4-061a7f73b92e,2026-08-10T11:45:00Z,2026-08-10T13:45:00+0200,20460.13867,MW,FR,FR,forecast_solar_generation,Solar,2026-08-20T04:49:42Z
2026-08-20T04:48:34Z,2026-08-20T06:48:34+0200,a8c862e9-3667-4aca-b3d4-061a7f73b92e,2026-08-10T12:00:00Z,2026-08-10T14:00:00+0200,20409.0,MW,FR,FR,forecast_solar_generation,Solar,2026-08-20T04:49:42Z
2026-08-20T04:48:34Z,2026-08-20T06:48:34+0200,a8c862e9-3667-4aca-b3d4-061a7f73b92e,2026-08-10T12:15:00Z,2026-08-10T14:15:00+0200,20306.34766,MW,FR,FR,forecast_solar_generation,Solar,2026-08-20T04:49:42Z
2026-08-20T04:48:34Z,2026-08-20T06:48:34+0200,a8c862e9-3667-4aca-b3d4-061a7f73b92e,2026-08-10T12:30:00Z,2026-08-10T14:30:00+0200,20204.92188,MW,FR,FR,forecast_solar_generation,Solar,2026-08-20T04:49:42Z
2026-08-20T04:48:34Z,2026-08-20T06:48:34+0200,a8c862e9-3667-4aca-b3d4-061a7f73b92e,2026-08-10T12:45:00Z,2026-08-10T14:45:00+0200,19909.25391,MW,FR,FR,forecast_solar_generation,Solar,2026-08-20T04:49:42Z
2026-08-20T04:48:34Z,2026-08-20T06:48:34+0200,a8c862e9-3667-4aca-b3d4-061a7f73b92e,2026-08-10T13:00:00Z,2026-08-10T15:00:00+0200,19549.22266,MW,FR,FR,forecast_solar_generation,Solar,2026-08-20T04:49:42Z
2026-08-20T04:48:34Z,2026-08-20T06:48:34+0200,a8c862e9-3667-4aca-b3d4-061a7f73b92e,2026-08-10T13:15:00Z,2026-08-10T15:15:00+0200,19184.27539,MW,FR,FR,forecast_solar_generation,Solar,2026-08-20T04:49:42Z
2026-08-20T04:48:34Z,2026-08-20T06:48:34+0200,a8c862e9-3667-4aca-b3d4-061a7f73b92e,2026-08-10T13:30:00Z,2026-08-10T15:30:00+0200,18744.91992,MW,FR,FR,forecast_solar_generation,Solar,2026-08-20T04:49:42Z
2026-08-20T04:48:34Z,2026-08-20T06:48:34+0200,a8c862e9-3667-4aca-b3d4-061a7f73b92e,2026-08-10T13:45:00Z,2026-08-10T15:45:00+0200,18058.49805,MW,FR,FR,forecast_solar_generation,Solar,2026-08-20T04:49:42Z
2026-08-20T04:48:34Z,2026-08-20T06:48:34+0200,a8c862e9-3667-4aca-b3d4-061a7f73b92e,2026-08-10T14:00:00Z,2026-08-10T16:00:00+0200,17395.07031,MW,FR,FR,forecast_solar_generation,Solar,2026-08-20T04:49:42Z
2026-08-20T04:48:34Z,2026-08-20T06:48:34+0200,a8c862e9-3667-4aca-b3d4-061a7f73b92e,2026-08-10T14:15:00Z,2026-08-10T16:15:00+0200,16730.15039,MW,FR,FR,forecast_solar_generation,Solar,2026-08-20T04:49:42Z
2026-08-20T04:48:34Z,2026-08-20T06:48:34+0200,a8c862e9-3667-4aca-b3d4-061a7f73b92e,2026-08-10T14:30:00Z,2026-08-10T16:30:00+0200,16019.375,MW,FR,FR,forecast_solar_generation,Solar,2026-08-20T04:49:42Z
2026-08-20T04:48:34Z,2026-08-20T06:48:34+0200,a8c862e9-3667-4aca-b3d4-061a7f73b92e,2026-08-10T14:45:00Z,2026-08-10T16:45:00+0200,15310.43262,MW,FR,FR,forecast_solar_generation,Solar,2026-08-20T04:49:42Z
2026-08-20T04:48:34Z,2026-08-20T06:48:34+0200,a8c862e9-3667-4aca-b3d4-061a7f73b92e,2026-08-10T15:00:00Z,2026-08-10T17:00:00+0200,14603.93164,MW,FR,FR,forecast_solar_generation,Solar,2026-08-20T04:49:42Z
2026-08-20T04:48:34Z,2026-08-20T06:48:34+0200,a8c862e9-3667-4aca-b3d4-061a7f73b92e,2026-08-10T15:15:00Z,2026-08-10T17:15:00+0200,13722.80078,MW,FR,FR,forecast_solar_generation,Solar,2026-08-20T04:49:42Z
2026-08-20T04:48:34Z,2026-08-20T06:48:34+0200,a8c862e9-3667-4aca-b3d4-061a7f73b92e,2026-08-10T15:30:00Z,2026-08-10T17:30:00+0200,12806.52344,MW,FR,FR,forecast_solar_generation,Solar,2026-08-20T04:49:42Z
2026-08-20T04:48:34Z,2026-08-20T06:48:34+0200,a8c862e9-3667-4aca-b3d4-061a7f73b92e,2026-08-10T15:45:00Z,2026-08-10T17:45:00+0200,11851.4248,MW,FR,FR,forecast_solar_generation,Solar,2026-08-20T04:49:42Z
2026-08-20T04:48:34Z,2026-08-20T06:48:34+0200,a8c862e9-3667-4aca-b3d4-061a7f73b92e,2026-08-10T16:00:00Z,2026-08-10T18:00:00+0200,10773.08105,MW,FR,FR,forecast_solar_generation,Solar,2026-08-20T04:49:42Z
2026-08-20T04:48:34Z,2026-08-20T06:48:34+0200,a8c862e9-3667-4aca-b3d4-061a7f73b92e,2026-08-10T16:15:00Z,2026-08-10T18:15:00+0200,9567.03418,MW,FR,FR,forecast_solar_generation,Solar,2026-08-20T04:49:42Z
2026-08-20T04:48:34Z,2026-08-20T06:48:34+0200,a8c862e9-3667-4aca-b3d4-061a7f73b92e,2026-08-10T16:30:00Z,2026-08-10T18:30:00+0200,8414.61914,MW,FR,FR,forecast_solar_generation,Solar,2026-08-20T04:49:42Z
2026-08-20T04:48:34Z,2026-08-20T06:48:34+0200,a8c862e9-3667-4aca-b3d4-061a7f73b92e,2026-08-10T16:45:00Z,2026-08-10T18:45:00+0200,7406.36963,MW,FR,FR,forecast_solar_generation,Solar,2026-08-20T04:49:42Z
2026-08-20T04:48:34Z,2026-08-20T06:48:34+0200,a8c862e9-3667-4aca-b3d4-061a7f73b92e,2026-08-10T17:00:00Z,2026-08-10T19:00:00+0200,6078.30029,MW,FR,FR,forecast_solar_generation,Solar,2026-08-20T04:49:42Z
2026-08-20T04:48:34Z,2026-08-20T06:48:34+0200,a8c862e9-3667-4aca-b3d4-061a7f73b92e,2026-08-10T17:15:00Z,2026-08-10T19:15:00+0200,5123.04102,MW,FR,FR,forecast_solar_generation,Solar,2026-08-20T04:49:42Z
2026-08-20T04:48:34Z,2026-08-20T06:48:34+0200,a8c862e9-3667-4aca-b3d4-061a7f73b92e,2026-08-10T17:30:00Z,2026-08-10T19:30:00+0200,3872.32983,MW,FR,FR,forecast_solar_generation,Solar,2026-08-20T04:49:42Z
2026-08-20T04:48:34Z,2026-08-20T06:48:34+0200,a8c862e9-3667-4aca-b3d4-061a7f73b92e,2026-08-10T17:45:00Z,2026-08-10T19:45:00+0200,3111.67383,MW,FR,FR,forecast_solar_generation,Solar,2026-08-20T04:49:42Z
2026-08-20T04:48:34Z,2026-08-20T06:48:34+0200,a8c862e9-3667-4aca-b3d4-061a7f73b92e,2026-08-10T18:00:00Z,2026-08-10T20:00:00+0200,2183.26709,MW,FR,FR,forecast_solar_generation,Solar,2026-08-20T04:49:42Z
2026-08-20T04:48:34Z,2026-08-20T06:48:34+0200,a8c862e9-3667-4aca-b3d4-061a7f73b92e,2026-08-10T18:15:00Z,2026-08-10T20:15:00+0200,1490.15051,MW,FR,FR,forecast_solar_generation,Solar,2026-08-20T04:49:42Z
2026-08-20T04:48:34Z,2026-08-20T06:48:34+0200,a8c862e9-3667-4aca-b3d4-061a7f73b92e,2026-08-10T18:30:00Z,2026-08-10T20:30:00+0200,903.99976,MW,FR,FR,forecast_solar_generation,Solar,2026-08-20T04:49:42Z
2026-08-20T04:48:34Z,2026-08-20T06:48:34+0200,a8c862e9-3667-4aca-b3d4-061a7f73b92e,2026-08-10T18:45:00Z,2026-08-10T20:45:00+0200,561.3512,MW,FR,FR,forecast_solar_generation,Solar,2026-08-20T04:49:42Z
2026-08-20T04:48:34Z,2026-08-20T06:48:34+0200,a8c862e9-3667-4aca-b3d4-061a7f73b92e,2026-08-10T19:00:00Z,2026-08-10T21:00:00+0200,238.78535,MW,FR,FR,forecast_solar_generation,Solar,2026-08-20T04:49:42Z
2026-08-20T04:48:34Z,2026-08-20T06:48:34+0200,a8c862e9-3667-4aca-b3d4-061a7f73b92e,2026-08-10T19:15:00Z,2026-08-10T21:15:00+0200,29.04768,MW,FR,FR,forecast_solar_generation,Solar,2026-08-20T04:49:42Z
2026-08-20T04:48:34Z,2026-08-20T06:48:34+0200,a8c862e9-3667-4aca-b3d4-061a7f73b92e,2026-08-10T19:30:00Z,2026-08-10T21:30:00+0200,0.19765,MW,FR,FR,forecast_solar_generation,Solar,2026-08-20T04:49:42Z
2026-08-20T04:48:34Z,2026-08-20T06:48:34+0200,a8c862e9-3667-4aca-b3d4-061a7f73b92e,2026-08-10T19:45:00Z,2026-08-10T21:45:00+0200,0.0,MW,FR,FR,forecast_solar_generation,Solar,2026-08-20T04:49:42Z
2026-08-20T04:48:34Z,2026-08-20T06:48:34+0200,a8c862e9-3667-4aca-b3d4-061a7f73b92e,2026-08-10T20:00:00Z,2026-08-10T22:00:00+0200,0.0,MW,FR,FR,forecast_solar_generation,Solar,2026-08-20T04:49:42Z
2026-08-20T04:48:34Z,2026-08-20T06:48:34+0200,a8c862e9-3667-4aca-b3d4-061a7f73b92e,2026-08-10T20:15:00Z,2026-08-10T22:15:00+0200,0.0,MW,FR,FR,forecast_solar_generation,Solar,2026-08-20T04:49:42Z
2026-08-20T04:48:34Z,2026-08-20T06:48:34+0200,a8c862e9-3667-4aca-b3d4-061a7f73b92e,2026-08-10T20:30:00Z,2026-08-10T22:30:00+0200,0.0,MW,FR,FR,forecast_solar_generation,Solar,2026-08-20T04:49:42Z
2026-08-20T04:48:34Z,2026-08-20T06:48:34+0200,a8c862e9-3667-4aca-b3d4-061a7f73b92e,2026-08-10T20:45:00Z,2026-08-10T22:45:00+0200,0.0,MW,FR,FR,forecast_solar_generation,Solar,2026-08-20T04:49:42Z
2026-08-20T04:48:34Z,2026-08-20T06:48:34+0200,a8c862e9-3667-4aca-b3d4-061a7f73b92e,2026-08-10T21:00:00Z,2026-08-10T23:00:00+0200,0.0,MW,FR,FR,forecast_solar_generation,Solar,2026-08-20T04:49:42Z
2026-08-20T04:48:34Z,2026-08-20T06:48:34+0200,a8c862e9-3667-4aca-b3d4-061a7f73b92e,2026-08-10T21:15:00Z,2026-08-10T23:15:00+0200,0.0,MW,FR,FR,forecast_solar_generation,Solar,2026-08-20T04:49:42Z
2026-08-20T04:48:34Z,2026-08-20T06:48:34+0200,a8c862e9-3667-4aca-b3d4-061a7f73b92e,2026-08-10T21:30:00Z,2026-08-10T23:30:00+0200,0.0,MW,FR,FR,forecast_solar_generation,Solar,2026-08-20T04:49:42Z
2026-08-20T04:48:34Z,2026-08-20T06:48:34+0200,a8c862e9-3667-4aca-b3d4-061a7f73b92e,2026-08-10T21:45:00Z,2026-08-10T23:45:00+0200,0.0,MW,FR,FR,forecast_solar_generation,Solar,2026-08-20T04:49:42Z
2026-08-20T04:48:34Z,2026-08-20T06:48:34+0200,a8c862e9-3667-4aca-b3d4-061a7f73b92e,2026-08-10T22:00:00Z,2026-08-11T00:00:00+0200,0.0,MW,FR,FR,forecast_solar_generation,Solar,2026-08-20T04:49:42Z
2026-08-20T04:48:34Z,2026-08-20T06:48:34+0200,a8c862e9-3667-4aca-b3d4-061a7f73b92e,2026-08-10T22:15:00Z,2026-08-11T00:15:00+0200,0.0,MW,FR,FR,forecast_solar_generation,Solar,2026-08-20T04:49:42Z
2026-08-20T04:48:34Z,2026-08-20T06:48:34+0200,a8c862e9-3667-4aca-b3d4-061a7f73b92e,2026-08-10T22:30:00Z,2026-08-11T00:30:00+0200,0.0,MW,FR,FR,forecast_solar_generation,Solar,2026-08-20T04:49:42Z
2026-08-20T04:48:34Z,2026-08-20T06:48:34+0200,a8c862e9-3667-4aca-b3d4-061a7f73b92e,2026-08-10T22:45:00Z,2026-08-11T00:45:00+0200,0.0,MW,FR,FR,forecast_solar_generation,Solar,2026-08-20T04:49:42Z
2026-08-20T04:48:34Z,2026-08-20T06:48:34+0200,a8c862e9-3667-4aca-b3d4-061a7f73b92e,2026-08-10T23:00:00Z,2026-08-11T01:00:00+0200,0.0,MW,FR,FR,forecast_solar_generation,Solar,2026-08-20T04:49:42Z
2026-08-20T04:48:34Z,2026-08-20T06:48:34+0200,a8c862e9-3667-4aca-b3d4-061a7f73b92e,2026-08-10T23:15:00Z,2026-08-11T01:15:00+0200,0.0,MW,FR,FR,forecast_solar_generation,Solar,2026-08-20T04:49:42Z
2026-08-20T04:48:34Z,2026-08-20T06:48:34+0200,a8c862e9-3667-4aca-b3d4-061a7f73b92e,2026-08-10T23:30:00Z,2026-08-11T01:30:00+0200,0.0,MW,FR,FR,forecast_solar_generation,Solar,2026-08-20T04:49:42Z
2026-08-20T04:48:34Z,2026-08-20T06:48:34+0200,a8c862e9-3667-4aca-b3d4-061a7f73b92e,2026-08-10T23:45:00Z,2026-08-11T01:45:00+0200,0.0,MW,FR,FR,forecast_solar_generation,Solar,2026-08-20T04:49:42Z
2026-08-20T04:48:34Z,2026-08-20T06:48:34+0200,a8c862e9-3667-4aca-b3d4-061a7f73b92e,2026-08-11T00:00:00Z,2026-08-11T02:00:00+0200,0.0,MW,FR,FR,forecast_solar_generation,Solar,2026-08-20T04:49:42Z
2026-08-20T04:48:34Z,2026-08-20T06:48:34+0200,a8c862e9-3667-4aca-b3d4-061a7f73b92e,2026-08-11T00:15:00Z,2026-08-11T02:15:00+0200,0.0,MW,FR,FR,forecast_solar_generation,Solar,2026-08-20T04:49:42Z
2026-08-20T04:48:34Z,2026-08-20T06:48:34+0200,a8c862e9-3667-4aca-b3d4-061a7f73b92e,2026-08-11T00:30:00Z,2026-08-11T02:30:00+0200,0.0,MW,FR,FR,forecast_solar_generation,Solar,2026-08-20T04:49:42Z
2026-08-20T04:48:34Z,2026-08-20T06:48:34+0200,a8c862e9-3667-4aca-b3d4-061a7f73b92e,2026-08-11T00:45:00Z,2026-08-11T02:45:00+0200,0.0,MW,FR,FR,forecast_solar_generation,Solar,2026-08-20T04:49:42Z
2026-08-20T04:48:34Z,2026-08-20T06:48:34+0200,a8c862e9-3667-4aca-b3d4-061a7f73b92e,2026-08-11T01:00:00Z,2026-08-11T03:00:00+0200,0.0,MW,FR,FR,forecast_solar_generation,Solar,2026-08-20T04:49:42Z
2026-08-20T04:48:34Z,2026-08-20T06:48:34+0200,a8c862e9-3667-4aca-b3d4-061a7f73b92e,2026-08-11T01:15:00Z,2026-08-11T03:15:00+0200,0.0,MW,FR,FR,forecast_solar_generation,Solar,2026-08-20T04:49:42Z
2026-08-20T04:48:34Z,2026-08-20T06:48:34+0200,a8c862e9-3667-4aca-b3d4-061a7f73b92e,2026-08-11T01:30:00Z,2026-08-11T03:30:00+0200,0.0,MW,FR,FR,forecast_solar_generation,Solar,2026-08-20T04:49:42Z
2026-08-20T04:48:34Z,2026-08-20T06:48:34+0200,a8c862e9-3667-4aca-b3d4-061a7f73b92e,2026-08-11T01:45:00Z,2026-08-11T03:45:00+0200,0.0,MW,FR,FR,forecast_solar_generation,Solar,2026-08-20T04:49:42Z
2026-08-20T04:48:34Z,2026-08-20T06:48:34+0200,a8c862e9-3667-4aca-b3d4-061a7f73b92e,2026-08-11T02:00:00Z,2026-08-11T04:00:00+0200,0.0,MW,FR,FR,forecast_solar_generation,Solar,2026-08-20T04:49:42Z
2026-08-20T04:48:34Z,2026-08-20T06:48:34+0200,a8c862e9-3667-4aca-b3d4-061a7f73b92e,2026-08-11T02:15:00Z,2026-08-11T04:15:00+0200,0.0,MW,FR,FR,forecast_solar_generation,Solar,2026-08-20T04:49:42Z
2026-08-20T04:48:34Z,2026-08-20T06:48:34+0200,a8c862e9-3667-4aca-b3d4-061a7f73b92e,2026-08-11T02:30:00Z,2026-08-11T04:30:00+0200,0.0,MW,FR,FR,forecast_solar_generation,Solar,2026-08-20T04:49:42Z
2026-08-20T04:48:34Z,2026-08-20T06:48:34+0200,a8c862e9-3667-4aca-b3d4-061a7f73b92e,2026-08-11T02:45:00Z,2026-08-11T04:45:00+0200,0.0,MW,FR,FR,forecast_solar_generation,Solar,2026-08-20T04:49:42Z
2026-08-20T04:48:34Z,2026-08-20T06:48:34+0200,a8c862e9-3667-4aca-b3d4-061a7f73b92e,2026-08-11T03:00:00Z,2026-08-11T05:00:00+0200,0.0,MW,FR,FR,forecast_solar_generation,Solar,2026-08-20T04:49:42Z
2026-08-20T04:48:34Z,2026-08-20T06:48:34+0200,a8c862e9-3667-4aca-b3d4-061a7f73b92e,2026-08-11T03:15:00Z,2026-08-11T05:15:00+0200,0.0,MW,FR,FR,forecast_solar_generation,Solar,2026-08-20T04:49:42Z
2026-08-20T04:48:34Z,2026-08-20T06:48:34+0200,a8c862e9-3667-4aca-b3d4-061a7f73b92e,2026-08-11T03:30:00Z,2026-08-11T05:30:00+0200,0.0,MW,FR,FR,forecast_solar_generation,Solar,2026-08-20T04:49:42Z
2026-08-20T04:48:34Z,2026-08-20T06:48:34+0200,a8c862e9-3667-4aca-b3d4-061a7f73b92e,2026-08-11T03:45:00Z,2026-08-11T05:45:00+0200,0.0,MW,FR,FR,forecast_solar_generation,Solar,2026-08-20T04:49:42Z
2026-08-20T04:48:34Z,2026-08-20T06:48:34+0200,a8c862e9-3667-4aca-b3d4-061a7f73b92e,2026-08-11T04:00:00Z,2026-08-11T06:00:00+0200,0.0,MW,FR,FR,forecast_solar_generation,Solar,2026-08-20T04:49:42Z
2026-08-20T04:48:34Z,2026-08-20T06:48:34+0200,a8c862e9-3667-4aca-b3d4-061a7f73b92e,2026-08-11T04:15:00Z,2026-08-11T06:15:00+0200,0.0,MW,FR,FR,forecast_solar_generation,Solar,2026-08-20T04:49:42Z
2026-08-20T04:48:34Z,2026-08-20T06:48:34+0200,a8c862e9-3667-4aca-b3d4-061a7f73b92e,2026-08-11T04:30:00Z,2026-08-11T06:30:00+0200,17.18264,MW,FR,FR,forecast_solar_generation,Solar,2026-08-20T04:49:42Z
2026-08-20T04:48:34Z,2026-08-20T06:48:34+0200,a8c862e9-3667-4aca-b3d4-061a7f73b92e,2026-08-11T04:45:00Z,2026-08-11T06:45:00+0200,113.75733,MW,FR,FR,forecast_solar_generation,Solar,2026-08-20T04:49:42Z
2026-08-20T04:48:34Z,2026-08-20T06:48:34+0200,a8c862e9-3667-4aca-b3d4-061a7f73b92e,2026-08-11T05:00:00Z,2026-08-11T07:00:00+0200,315.48453,MW,FR,FR,forecast_solar_generation,Solar,2026-08-20T04:49:42Z
2026-08-20T04:48:34Z,2026-08-20T06:48:34+0200,a8c862e9-3667-4aca-b3d4-061a7f73b92e,2026-08-11T05:15:00Z,2026-08-11T07:15:00+0200,539.96576,MW,FR,FR,forecast_solar_generation,Solar,2026-08-20T04:49:42Z
2026-08-20T04:48:34Z,2026-08-20T06:48:34+0200,a8c862e9-3667-4aca-b3d4-061a7f73b92e,2026-08-11T05:30:00Z,2026-08-11T07:30:00+0200,820.94537,MW,FR,FR,forecast_solar_generation,Solar,2026-08-20T04:49:42Z
2026-08-20T04:48:34Z,2026-08-20T06:48:34+0200,a8c862e9-3667-4aca-b3d4-061a7f73b92e,2026-08-11T05:45:00Z,2026-08-11T07:45:00+0200,1404.85706,MW,FR,FR,forecast_solar_generation,Solar,2026-08-20T04:49:42Z
2026-08-20T04:48:34Z,2026-08-20T06:48:34+0200,a8c862e9-3667-4aca-b3d4-061a7f73b92e,2026-08-11T06:00:00Z,2026-08-11T08:00:00+0200,2080.15527,MW,FR,FR,forecast_solar_generation,Solar,2026-08-20T04:49:42Z
2026-08-20T04:48:34Z,2026-08-20T06:48:34+0200,a8c862e9-3667-4aca-b3d4-061a7f73b92e,2026-08-11T06:15:00Z,2026-08-11T08:15:00+0200,3137.2395,MW,FR,FR,forecast_solar_generation,Solar,2026-08-20T04:49:42Z
2026-08-20T04:48:34Z,2026-08-20T06:48:34+0200,a8c862e9-3667-4aca-b3d4-061a7f73b92e,2026-08-11T06:30:00Z,2026-08-11T08:30:00+0200,3968.57349,MW,FR,FR,forecast_solar_generation,Solar,2026-08-20T04:49:42Z
2026-08-20T04:48:34Z,2026-08-20T06:48:34+0200,a8c862e9-3667-4aca-b3d4-061a7f73b92e,2026-08-11T06:45:00Z,2026-08-11T08:45:00+0200,5307.66699,MW,FR,FR,forecast_solar_generation,Solar,2026-08-20T04:49:42Z
2026-08-20T04:48:34Z,2026-08-20T06:48:34+0200,a8c862e9-3667-4aca-b3d4-061a7f73b92e,2026-08-11T07:00:00Z,2026-08-11T09:00:00+0200,6414.61279,MW,FR,FR,forecast_solar_generation,Solar,2026-08-20T04:49:42Z
2026-08-20T04:48:34Z,2026-08-20T06:48:34+0200,a8c862e9-3667-4aca-b3d4-061a7f73b92e,2026-08-11T07:15:00Z,2026-08-11T09:15:00+0200,7877.26172,MW,FR,FR,forecast_solar_generation,Solar,2026-08-20T04:49:42Z
2026-08-20T04:48:34Z,2026-08-20T06:48:34+0200,a8c862e9-3667-4aca-b3d4-061a7f73b92e,2026-08-11T07:30:00Z,2026-08-11T09:30:00+0200,9120.75488,MW,FR,FR,forecast_solar_generation,Solar,2026-08-20T04:49:42Z
2026-08-20T04:48:34Z,2026-08-20T06:48:34+0200,a8c862e9-3667-4aca-b3d4-061a7f73b92e,2026-08-11T07:45:00Z,2026-08-11T09:45:00+0200,10451.9668,MW,FR,FR,forecast_solar_generation,Solar,2026-08-20T04:49:42Z
2026-08-20T04:48:34Z,2026-08-20T06:48:34+0200,a8c862e9-3667-4aca-b3d4-061a7f73b92e,2026-08-11T08:00:00Z,2026-08-11T10:00:00+0200,11594.02734,MW,FR,FR,forecast_solar_generation,Solar,2026-08-20T04:49:42Z
2026-08-20T04:48:34Z,2026-08-20T06:48:34+0200,a8c862e9-3667-4aca-b3d4-061a7f73b92e,2026-08-11T08:15:00Z,2026-08-11T10:15:00+0200,12945.83203,MW,FR,FR,forecast_solar_generation,Solar,2026-08-20T04:49:42Z
2026-08-20T04:48:34Z,2026-08-20T06:48:34+0200,a8c862e9-3667-4aca-b3d4-061a7f73b92e,2026-08-11T08:30:00Z,2026-08-11T10:30:00+0200,14089.56836,MW,FR,FR,forecast_solar_generation,Solar,2026-08-20T04:49:42Z
2026-08-20T04:48:34Z,2026-08-20T06:48:34+0200,a8c862e9-3667-4aca-b3d4-061a7f73b92e,2026-08-11T08:45:00Z,2026-08-11T10:45:00+0200,15109.37793,MW,FR,FR,forecast_solar_generation,Solar,2026-08-20T04:49:42Z
2026-08-20T04:48:34Z,2026-08-20T06:48:34+0200,a8c862e9-3667-4aca-b3d4-061a7f73b92e,2026-08-11T09:00:00Z,2026-08-11T11:00:00+0200,16020.64844,MW,FR,FR,forecast_solar_generation,Solar,2026-08-20T04:49:42Z
2026-08-20T04:48:34Z,2026-08-20T06:48:34+0200,a8c862e9-3667-4aca-b3d4-061a7f73b92e,2026-08-11T09:15:00Z,2026-08-11T11:15:00+0200,16981.38281,MW,FR,FR,forecast_solar_generation,Solar,2026-08-20T04:49:42Z
2026-08-20T04:48:34Z,2026-08-20T06:48:34+0200,a8c862e9-3667-4aca-b3d4-061a7f73b92e,2026-08-11T09:30:00Z,2026-08-11T11:30:00+0200,17842.86328,MW,FR,FR,forecast_solar_generation,Solar,2026-08-20T04:49:42Z
2026-08-20T04:48:34Z,2026-08-20T06:48:34+0200,a8c862e9-3667-4aca-b3d4-061a7f73b92e,2026-08-11T09:45:00Z,2026-08-11T11:45:00+0200,18483.28516,MW,FR,FR,forecast_solar_generation,Solar,2026-08-20T04:49:42Z
2026-08-20T04:48:34Z,2026-08-20T06:48:34+0200,a8c862e9-3667-4aca-b3d4-061a7f73b92e,2026-08-11T10:00:00Z,2026-08-11T12:00:00+0200,19033.23633,MW,FR,FR,forecast_solar_generation,Solar,2026-08-20T04:49:42Z
2026-08-20T04:48:34Z,2026-08-20T06:48:34+0200,a8c862e9-3667-4aca-b3d4-061a7f73b92e,2026-08-11T10:15:00Z,2026-08-11T12:15:00+0200,19608.72656,MW,FR,FR,forecast_solar_generation,Solar,2026-08-20T04:49:42Z
2026-08-20T04:48:34Z,2026-08-20T06:48:34+0200,a8c862e9-3667-4aca-b3d4-061a7f73b92e,2026-08-11T10:30:00Z,2026-08-11T12:30:00+0200,20125.39844,MW,FR,FR,forecast_solar_generation,Solar,2026-08-20T04:49:42Z
2026-08-20T04:48:34Z,2026-08-20T06:48:34+0200,a8c862e9-3667-4aca-b3d4-061a7f73b92e,2026-08-11T10:45:00Z,2026-08-11T12:45:00+0200,20313.81445,MW,FR,FR,forecast_solar_generation,Solar,2026-08-20T04:49:42Z
2026-08-20T04:48:34Z,2026-08-20T06:48:34+0200,a8c862e9-3667-4aca-b3d4-061a7f73b92e,2026-08-11T11:00:00Z,2026-08-11T13:00:00+0200,20482.66211,MW,FR,FR,forecast_solar_generation,Solar,2026-08-20T04:49:42Z
2026-08-20T04:48:34Z,2026-08-20T06:48:34+0200,a8c862e9-3667-4aca-b3d4-061a7f73b92e,2026-08-11T11:15:00Z,2026-08-11T13:15:00+0200,20603.12109,MW,FR,FR,forecast_solar_generation,Solar,2026-08-20T04:49:42Z
2026-08-20T04:48:34Z,2026-08-20T06:48:34+0200,a8c862e9-3667-4aca-b3d4-061a7f73b92e,2026-08-11T11:30:00Z,2026-08-11T13:30:00+0200,20751.61719,MW,FR,FR,forecast_solar_generation,Solar,2026-08-20T04:49:42Z
2026-08-20T04:48:34Z,2026-08-20T06:48:34+0200,a8c862e9-3667-4aca-b3d4-061a7f73b92e,2026-08-11T11:45:00Z,2026-08-11T13:45:00+0200,20666.75586,MW,FR,FR,forecast_solar_generation,Solar,2026-08-20T04:49:42Z
2026-08-20T04:48:34Z,2026-08-20T06:48:34+0200,a8c862e9-3667-4aca-b3d4-061a7f73b92e,2026-08-11T12:00:00Z,2026-08-11T14:00:00+0200,20541.49414,MW,FR,FR,forecast_solar_generation,Solar,2026-08-20T04:49:42Z
2026-08-20T04:48:34Z,2026-08-20T06:48:34+0200,a8c862e9-3667-4aca-b3d4-061a7f73b92e,2026-08-11T12:15:00Z,2026-08-11T14:15:00+0200,20432.0,MW,FR,FR,forecast_solar_generation,Solar,2026-08-20T04:49:42Z
2026-08-20T04:48:34Z,2026-08-20T06:48:34+0200,a8c862e9-3667-4aca-b3d4-061a7f73b92e,2026-08-11T12:30:00Z,2026-08-11T14:30:00+0200,20297.67188,MW,FR,FR,forecast_solar_generation,Solar,2026-08-20T04:49:42Z
2026-08-20T04:48:34Z,2026-08-20T06:48:34+0200,a8c862e9-3667-4aca-b3d4-061a7f73b92e,2026-08-11T12:45:00Z,2026-08-11T14:45:00+0200,19967.49023,MW,FR,FR,forecast_solar_generation,Solar,2026-08-20T04:49:42Z
2026-08-20T04:48:34Z,2026-08-20T06:48:34+0200,a8c862e9-3667-4aca-b3d4-061a7f73b92e,2026-08-11T13:00:00Z,2026-08-11T15:00:00+0200,19613.79492,MW,FR,FR,forecast_solar_generation,Solar,2026-08-20T04:49:42Z
2026-08-20T04:48:34Z,2026-08-20T06:48:34+0200,a8c862e9-3667-4aca-b3d4-061a7f73b92e,2026-08-11T13:15:00Z,2026-08-11T15:15:00+0200,19267.68164,MW,FR,FR,forecast_solar_generation,Solar,2026-08-20T04:49:42Z
2026-08-20T04:48:34Z,2026-08-20T06:48:34+0200,a8c862e9-3667-4aca-b3d4-061a7f73b92e,2026-08-11T13:30:00Z,2026-08-11T15:30:00+0200,18835.15039,MW,FR,FR,forecast_solar_generation,Solar,2026-08-20T04:49:42Z
2026-08-20T04:48:34Z,2026-08-20T06:48:34+0200,a8c862e9-3667-4aca-b3d4-061a7f73b92e,2026-08-11T13:45:00Z,2026-08-11T15:45:00+0200,18248.54102,MW,FR,FR,forecast_solar_generation,Solar,2026-08-20T04:49:42Z
2026-08-20T04:48:34Z,2026-08-20T06:48:34+0200,a8c862e9-3667-4aca-b3d4-061a7f73b92e,2026-08-11T14:00:00Z,2026-08-11T16:00:00+0200,17719.41406,MW,FR,FR,forecast_solar_generation,Solar,2026-08-20T04:49:42Z
2026-08-20T04:48:34Z,2026-08-20T06:48:34+0200,a8c862e9-3667-4aca-b3d4-061a7f73b92e,2026-08-11T14:15:00Z,2026-08-11T16:15:00+0200,17097.64844,MW,FR,FR,forecast_solar_generation,Solar,2026-08-20T04:49:42Z
2026-08-20T04:48:34Z,2026-08-20T06:48:34+0200,a8c862e9-3667-4aca-b3d4-061a7f73b92e,2026-08-11T14:30:00Z,2026-08-11T16:30:00+0200,16491.94922,MW,FR,FR,forecast_solar_generation,Solar,2026-08-20T04:49:42Z
2026-08-20T04:48:34Z,2026-08-20T06:48:34+0200,a8c862e9-3667-4aca-b3d4-061a7f73b92e,2026-08-11T14:45:00Z,2026-08-11T16:45:00+0200,15664.59082,MW,FR,FR,forecast_solar_generation,Solar,2026-08-20T04:49:42Z
2026-08-20T04:48:34Z,2026-08-20T06:48:34+0200,a8c862e9-3667-4aca-b3d4-061a7f73b92e,2026-08-11T15:00:00Z,2026-08-11T17:00:00+0200,14861.30762,MW,FR,FR,forecast_solar_generation,Solar,2026-08-20T04:49:42Z
2026-08-20T04:48:34Z,2026-08-20T06:48:34+0200,a8c862e9-3667-4aca-b3d4-061a7f73b92e,2026-08-11T15:15:00Z,2026-08-11T17:15:00+0200,13908.83887,MW,FR,FR,forecast_solar_generation,Solar,2026-08-20T04:49:42Z
2026-08-20T04:48:34Z,2026-08-20T06:48:34+0200,a8c862e9-3667-4aca-b3d4-061a7f73b92e,2026-08-11T15:30:00Z,2026-08-11T17:30:00+0200,12917.06348,MW,FR,FR,forecast_solar_generation,Solar,2026-08-20T04:49:42Z
2026-08-20T04:48:34Z,2026-08-20T06:48:34+0200,a8c862e9-3667-4aca-b3d4-061a7f73b92e,2026-08-11T15:45:00Z,2026-08-11T17:45:00+0200,11976.56055,MW,FR,FR,forecast_solar_generation,Solar,2026-08-20T04:49:42Z
2026-08-20T04:48:34Z,2026-08-20T06:48:34+0200,a8c862e9-3667-4aca-b3d4-061a7f73b92e,2026-08-11T16:00:00Z,2026-08-11T18:00:00+0200,10909.66113,MW,FR,FR,forecast_solar_generation,Solar,2026-08-20T04:49:42Z
2026-08-20T04:48:34Z,2026-08-20T06:48:34+0200,a8c862e9-3667-4aca-b3d4-061a7f73b92e,2026-08-11T16:15:00Z,2026-08-11T18:15:00+0200,9699.61328,MW,FR,FR,forecast_solar_generation,Solar,2026-08-20T04:49:42Z
2026-08-20T04:48:34Z,2026-08-20T06:48:34+0200,a8c862e9-3667-4aca-b3d4-061a7f73b92e,2026-08-11T16:30:00Z,2026-08-11T18:30:00+0200,8511.60059,MW,FR,FR,forecast_solar_generation,Solar,2026-08-20T04:49:42Z
2026-08-20T04:48:34Z,2026-08-20T06:48:34+0200,a8c862e9-3667-4aca-b3d4-061a7f73b92e,2026-08-11T16:45:00Z,2026-08-11T18:45:00+0200,7529.14648,MW,FR,FR,forecast_solar_generation,Solar,2026-08-20T04:49:42Z
2026-08-20T04:48:34Z,2026-08-20T06:48:34+0200,a8c862e9-3667-4aca-b3d4-061a7f73b92e,2026-08-11T17:00:00Z,2026-08-11T19:00:00+0200,6189.25537,MW,FR,FR,forecast_solar_generation,Solar,2026-08-20T04:49:42Z
2026-08-20T04:48:34Z,2026-08-20T06:48:34+0200,a8c862e9-3667-4aca-b3d4-061a7f73b92e,2026-08-11T17:15:00Z,2026-08-11T19:15:00+0200,5236.00537,MW,FR,FR,forecast_solar_generation,Solar,2026-08-20T04:49:42Z
2026-08-20T04:48:34Z,2026-08-20T06:48:34+0200,a8c862e9-3667-4aca-b3d4-061a7f73b92e,2026-08-11T17:30:00Z,2026-08-11T19:30:00+0200,3954.10132,MW,FR,FR,forecast_solar_generation,Solar,2026-08-20T04:49:42Z
2026-08-20T04:48:34Z,2026-08-20T06:48:34+0200,a8c862e9-3667-4aca-b3d4-061a7f73b92e,2026-08-11T17:45:00Z,2026-08-11T19:45:00+0200,3149.70679,MW,FR,FR,forecast_solar_generation,Solar,2026-08-20T04:49:42Z
2026-08-20T04:48:34Z,2026-08-20T06:48:34+0200,a8c862e9-3667-4aca-b3d4-061a7f73b92e,2026-08-11T18:00:00Z,2026-08-11T20:00:00+0200,2186.37085,MW,FR,FR,forecast_solar_generation,Solar,2026-08-20T04:49:42Z
2026-08-20T04:48:34Z,2026-08-20T06:48:34+0200,a8c862e9-3667-4aca-b3d4-061a7f73b92e,2026-08-11T18:15:00Z,2026-08-11T20:15:00+0200,1484.03064,MW,FR,FR,forecast_solar_generation,Solar,2026-08-20T04:49:42Z
2026-08-20T04:48:34Z,2026-08-20T06:48:34+0200,a8c862e9-3667-4aca-b3d4-061a7f73b92e,2026-08-11T18:30:00Z,2026-08-11T20:30:00+0200,884.69672,MW,FR,FR,forecast_solar_generation,Solar,2026-08-20T04:49:42Z
2026-08-20T04:48:34Z,2026-08-20T06:48:34+0200,a8c862e9-3667-4aca-b3d4-061a7f73b92e,2026-08-11T18:45:00Z,2026-08-11T20:45:00+0200,533.91339,MW,FR,FR,forecast_solar_generation,Solar,2026-08-20T04:49:42Z
2026-08-20T04:48:34Z,2026-08-20T06:48:34+0200,a8c862e9-3667-4aca-b3d4-061a7f73b92e,2026-08-11T19:00:00Z,2026-08-11T21:00:00+0200,202.74272,MW,FR,FR,forecast_solar_generation,Solar,2026-08-20T04:49:42Z
2026-08-20T04:48:34Z,2026-08-20T06:48:34+0200,a8c862e9-3667-4aca-b3d4-061a7f73b92e,2026-08-11T19:15:00Z,2026-08-11T21:15:00+0200,19.14978,MW,FR,FR,forecast_solar_generation,Solar,2026-08-20T04:49:42Z
2026-08-20T04:48:34Z,2026-08-20T06:48:34+0200,a8c862e9-3667-4aca-b3d4-061a7f73b92e,2026-08-11T19:30:00Z,2026-08-11T21:30:00+0200,0.0,MW,FR,FR,forecast_solar_generation,Solar,2026-08-20T04:49:42Z
2026-08-20T04:48:34Z,2026-08-20T06:48:34+0200,a8c862e9-3667-4aca-b3d4-061a7f73b92e,2026-08-11T19:45:00Z,2026-08-11T21:45:00+0200,0.0,MW,FR,FR,forecast_solar_generation,Solar,2026-08-20T04:49:42Z
2026-08-20T04:48:34Z,2026-08-20T06:48:34+0200,a8c862e9-3667-4aca-b3d4-061a7f73b92e,2026-08-11T20:00:00Z,2026-08-11T22:00:00+0200,0.0,MW,FR,FR,forecast_solar_generation,Solar,2026-08-20T04:49:42Z
2026-08-20T04:48:34Z,2026-08-20T06:48:34+0200,a8c862e9-3667-4aca-b3d4-061a7f73b92e,2026-08-11T20:15:00Z,2026-08-11T22:15:00+0200,0.0,MW,FR,FR,forecast_solar_generation,Solar,2026-08-20T04:49:42Z
2026-08-20T04:48:34Z,2026-08-20T06:48:34+0200,a8c862e9-3667-4aca-b3d4-061a7f73b92e,2026-08-11T20:30:00Z,2026-08-11T22:30:00+0200,0.0,MW,FR,FR,forecast_solar_generation,Solar,2026-08-20T04:49:42Z
2026-08-20T04:48:34Z,2026-08-20T06:48:34+0200,a8c862e9-3667-4aca-b3d4-061a7f73b92e,2026-08-11T20:45:00Z,2026-08-11T22:45:00+0200,0.0,MW,FR,FR,forecast_solar_generation,Solar,2026-08-20T04:49:42Z
2026-08-20T04:48:34Z,2026-08-20T06:48:34+0200,a8c862e9-3667-4aca-b3d4-061a7f73b92e,2026-08-11T21:00:00Z,2026-08-11T23:00:00+0200,0.0,MW,FR,FR,forecast_solar_generation,Solar,2026-08-20T04:49:42Z
2026-08-20T04:48:34Z,2026-08-20T06:48:34+0200,a8c862e9-3667-4aca-b3d4-061a7f73b92e,2026-08-11T21:15:00Z,2026-08-11T23:15:00+0200,0.0,MW,FR,FR,forecast_solar_generation,Solar,2026-08-20T04:49:42Z
2026-08-20T04:48:34Z,2026-08-20T06:48:34+0200,a8c862e9-3667-4aca-b3d4-061a7f73b92e,2026-08-11T21:30:00Z,2026-08-11T23:30:00+0200,0.0,MW,FR,FR,forecast_solar_generation,Solar,2026-08-20T04:49:42Z
2026-08-20T04:48:34Z,2026-08-20T06:48:34+0200,a8c862e9-3667-4aca-b3d4-061a7f73b92e,2026-08-11T21:45:00Z,2026-08-11T23:45:00+0200,0.0,MW,FR,FR,forecast_solar_generation,Solar,2026-08-20T04:49:42Z
2026-08-20T04:48:34Z,2026-08-20T06:48:34+0200,a8c862e9-3667-4aca-b3d4-061a7f73b92e,2026-08-11T22:00:00Z,2026-08-12T00:00:00+0200,0.0,MW,FR,FR,forecast_solar_generation,Solar,2026-08-20T04:49:42Z
2026-08-20T04:48:34Z,2026-08-20T06:48:34+0200,a8c862e9-3667-4aca-b3d4-061a7f73b92e,2026-08-11T22:15:00Z,2026-08-12T00:15:00+0200,0.0,MW,FR,FR,forecast_solar_generation,Solar,2026-08-20T04:49:42Z
2026-08-20T04:48:34Z,2026-08-20T06:48:34+0200,a8c862e9-3667-4aca-b3d4-061a7f73b92e,2026-08-11T22:30:00Z,2026-08-12T00:30:00+0200,0.0,MW,FR,FR,forecast_solar_generation,Solar,2026-08-20T04:49:42Z
2026-08-20T04:48:34Z,2026-08-20T06:48:34+0200,a8c862e9-3667-4aca-b3d4-061a7f73b92e,2026-08-11T22:45:00Z,2026-08-12T00:45:00+0200,0.0,MW,FR,FR,forecast_solar_generation,Solar,2026-08-20T04:49:42Z
2026-08-20T04:48:34Z,2026-08-20T06:48:34+0200,a8c862e9-3667-4aca-b3d4-061a7f73b92e,2026-08-11T23:00:00Z,2026-08-12T01:00:00+0200,0.0,MW,FR,FR,forecast_solar_generation,Solar,2026-08-20T04:49:42Z
2026-08-20T04:48:34Z,2026-08-20T06:48:34+0200,a8c862e9-3667-4aca-b3d4-061a7f73b92e,2026-08-11T23:15:00Z,2026-08-12T01:15:00+0200,0.0,MW,FR,FR,forecast_solar_generation,Solar,2026-08-20T04:49:42Z
2026-08-20T04:48:34Z,2026-08-20T06:48:34+0200,a8c862e9-3667-4aca-b3d4-061a7f73b92e,2026-08-11T23:30:00Z,2026-08-12T01:30:00+0200,0.0,MW,FR,FR,forecast_solar_generation,Solar,2026-08-20T04:49:42Z
2026-08-20T04:48:34Z,2026-08-20T06:48:34+0200,a8c862e9-3667-4aca-b3d4-061a7f73b92e,2026-08-11T23:45:00Z,2026-08-12T01:45:00+0200,0.0,MW,FR,FR,forecast_solar_generation,Solar,2026-08-20T04:49:42Z
2026-08-20T04:48:34Z,2026-08-20T06:48:34+0200,a8c862e9-3667-4aca-b3d4-061a7f73b92e,2026-08-12T00:00:00Z,2026-08-12T02:00:00+0200,0.0,MW,FR,FR,forecast_solar_generation,Solar,2026-08-20T04:49:42Z
2026-08-20T04:48:34Z,2026-08-20T06:48:34+0200,a8c862e9-3667-4aca-b3d4-061a7f73b92e,2026-08-12T00:15:00Z,2026-08-12T02:15:00+0200,0.0,MW,FR,FR,forecast_solar_generation,Solar,2026-08-20T04:49:42Z
2026-08-20T04:48:34Z,2026-08-20T06:48:34+0200,a8c862e9-3667-4aca-b3d4-061a7f73b92e,2026-08-12T00:30:00Z,2026-08-12T02:30:00+0200,0.0,MW,FR,FR,forecast_solar_generation,Solar,2026-08-20T04:49:42Z
2026-08-20T04:48:34Z,2026-08-20T06:48:34+0200,a8c862e9-3667-4aca-b3d4-061a7f73b92e,2026-08-12T00:45:00Z,2026-08-12T02:45:00+0200,0.0,MW,FR,FR,forecast_solar_generation,Solar,2026-08-20T04:49:42Z
2026-08-20T04:48:34Z,2026-08-20T06:48:34+0200,a8c862e9-3667-4aca-b3d4-061a7f73b92e,2026-08-12T01:00:00Z,2026-08-12T03:00:00+0200,0.0,MW,FR,FR,forecast_solar_generation,Solar,2026-08-20T04:49:42Z
2026-08-20T04:48:34Z,2026-08-20T06:48:34+0200,a8c862e9-3667-4aca-b3d4-061a7f73b92e,2026-08-12T01:15:00Z,2026-08-12T03:15:00+0200,0.0,MW,FR,FR,forecast_solar_generation,Solar,2026-08-20T04:49:42Z
2026-08-20T04:48:34Z,2026-08-20T06:48:34+0200,a8c862e9-3667-4aca-b3d4-061a7f73b92e,2026-08-12T01:30:00Z,2026-08-12T03:30:00+0200,0.0,MW,FR,FR,forecast_solar_generation,Solar,2026-08-20T04:49:42Z
2026-08-20T04:48:34Z,2026-08-20T06:48:34+0200,a8c862e9-3667-4aca-b3d4-061a7f73b92e,2026-08-12T01:45:00Z,2026-08-12T03:45:00+0200,0.0,MW,FR,FR,forecast_solar_generation,Solar,2026-08-20T04:49:42Z
2026-08-20T04:48:34Z,2026-08-20T06:48:34+0200,a8c862e9-3667-4aca-b3d4-061a7f73b92e,2026-08-12T02:00:00Z,2026-08-12T04:00:00+0200,0.0,MW,FR,FR,forecast_solar_generation,Solar,2026-08-20T04:49:42Z
2026-08-20T04:48:34Z,2026-08-20T06:48:34+0200,a8c862e9-3667-4aca-b3d4-061a7f73b92e,2026-08-12T02:15:00Z,2026-08-12T04:15:00+0200,0.0,MW,FR,FR,forecast_solar_generation,Solar,2026-08-20T04:49:42Z
2026-08-20T04:48:34Z,2026-08-20T06:48:34+0200,a8c862e9-3667-4aca-b3d4-061a7f73b92e,2026-08-12T02:30:00Z,2026-08-12T04:30:00+0200,0.0,MW,FR,FR,forecast_solar_generation,Solar,2026-08-20T04:49:42Z
2026-08-20T04:48:34Z,2026-08-20T06:48:34+0200,a8c862e9-3667-4aca-b3d4-061a7f73b92e,2026-08-12T02:45:00Z,2026-08-12T04:45:00+0200,0.0,MW,FR,FR,forecast_solar_generation,Solar,2026-08-20T04:49:42Z
2026-08-20T04:48:34Z,2026-08-20T06:48:34+0200,a8c862e9-3667-4aca-b3d4-061a7f73b92e,2026-08-12T03:00:00Z,2026-08-12T05:00:00+0200,0.0,MW,FR,FR,forecast_solar_generation,Solar,2026-08-20T04:49:42Z
2026-08-20T04:48:34Z,2026-08-20T06:48:34+0200,a8c862e9-3667-4aca-b3d4-061a7f73b92e,2026-08-12T03:15:00Z,2026-08-12T05:15:00+0200,0.0,MW,FR,FR,forecast_solar_generation,Solar,2026-08-20T04:49:42Z
2026-08-20T04:48:34Z,2026-08-20T06:48:34+0200,a8c862e9-3667-4aca-b3d4-061a7f73b92e,2026-08-12T03:30:00Z,2026-08-12T05:30:00+0200,0.0,MW,FR,FR,forecast_solar_generation,Solar,2026-08-20T04:49:42Z
2026-08-20T04:48:34Z,2026-08-20T06:48:34+0200,a8c862e9-3667-4aca-b3d4-061a7f73b92e,2026-08-12T03:45:00Z,2026-08-12T05:45:00+0200,0.0,MW,FR,FR,forecast_solar_generation,Solar,2026-08-20T04:49:42Z
2026-08-20T04:48:34Z,2026-08-20T06:48:34+0200,a8c862e9-3667-4aca-b3d4-061a7f73b92e,2026-08-12T04:00:00Z,2026-08-12T06:00:00+0200,0.0,MW,FR,FR,forecast_solar_generation,Solar,2026-08-20T04:49:42Z
2026-08-20T04:48:34Z,2026-08-20T06:48:34+0200,a8c862e9-3667-4aca-b3d4-061a7f73b92e,2026-08-12T04:15:00Z,2026-08-12T06:15:00+0200,0.0,MW,FR,FR,forecast_solar_generation,Solar,2026-08-20T04:49:42Z
2026-08-20T04:48:34Z,2026-08-20T06:48:34+0200,a8c862e9-3667-4aca-b3d4-061a7f73b92e,2026-08-12T04:30:00Z,2026-08-12T06:30:00+0200,14.05688,MW,FR,FR,forecast_solar_generation,Solar,2026-08-20T04:49:42Z
2026-08-20T04:48:34Z,2026-08-20T06:48:34+0200,a8c862e9-3667-4aca-b3d4-061a7f73b92e,2026-08-12T04:45:00Z,2026-08-12T06:45:00+0200,105.166,MW,FR,FR,forecast_solar_generation,Solar,2026-08-20T04:49:42Z
2026-08-20T04:48:34Z,2026-08-20T06:48:34+0200,a8c862e9-3667-4aca-b3d4-061a7f73b92e,2026-08-12T05:00:00Z,2026-08-12T07:00:00+0200,319.84863,MW,FR,FR,forecast_solar_generation,Solar,2026-08-20T04:49:42Z
2026-08-20T04:48:34Z,2026-08-20T06:48:34+0200,a8c862e9-3667-4aca-b3d4-061a7f73b92e,2026-08-12T05:15:00Z,2026-08-12T07:15:00+0200,555.32239,MW,FR,FR,forecast_solar_generation,Solar,2026-08-20T04:49:42Z
2026-08-20T04:48:34Z,2026-08-20T06:48:34+0200,a8c862e9-3667-4aca-b3d4-061a7f73b92e,2026-08-12T05:30:00Z,2026-08-12T07:30:00+0200,827.78619,MW,FR,FR,forecast_solar_generation,Solar,2026-08-20T04:49:42Z
2026-08-20T04:48:34Z,2026-08-20T06:48:34+0200,a8c862e9-3667-4aca-b3d4-061a7f73b92e,2026-08-12T05:45:00Z,2026-08-12T07:45:00+0200,1433.18896,MW,FR,FR,forecast_solar_generation,Solar,2026-08-20T04:49:42Z
2026-08-20T04:48:34Z,2026-08-20T06:48:34+0200,a8c862e9-3667-4aca-b3d4-061a7f73b92e,2026-08-12T06:00:00Z,2026-08-12T08:00:00+0200,2133.16455,MW,FR,FR,forecast_solar_generation,Solar,2026-08-20T04:49:42Z
2026-08-20T04:48:34Z,2026-08-20T06:48:34+0200,a8c862e9-3667-4aca-b3d4-061a7f73b92e,2026-08-12T06:15:00Z,2026-08-12T08:15:00+0200,3256.81323,MW,FR,FR,forecast_solar_generation,Solar,2026-08-20T04:49:42Z
2026-08-20T04:48:34Z,2026-08-20T06:48:34+0200,a8c862e9-3667-4aca-b3d4-061a7f73b92e,2026-08-12T06:30:00Z,2026-08-12T08:30:00+0200,4133.58301,MW,FR,FR,forecast_solar_generation,Solar,2026-08-20T04:49:42Z
2026-08-20T04:48:34Z,2026-08-20T06:48:34+0200,a8c862e9-3667-4aca-b3d4-061a7f73b92e,2026-08-12T06:45:00Z,2026-08-12T08:45:00+0200,5524.81885,MW,FR,FR,forecast_solar_generation,Solar,2026-08-20T04:49:42Z
2026-08-20T04:48:34Z,2026-08-20T06:48:34+0200,a8c862e9-3667-4aca-b3d4-061a7f73b92e,2026-08-12T07:00:00Z,2026-08-12T09:00:00+0200,6699.99463,MW,FR,FR,forecast_solar_generation,Solar,2026-08-20T04:49:42Z
2026-08-20T04:48:34Z,2026-08-20T06:48:34+0200,a8c862e9-3667-4aca-b3d4-061a7f73b92e,2026-08-12T07:15:00Z,2026-08-12T09:15:00+0200,8246.95605,MW,FR,FR,forecast_solar_generation,Solar,2026-08-20T04:49:42Z
2026-08-20T04:48:34Z,2026-08-20T06:48:34+0200,a8c862e9-3667-4aca-b3d4-061a7f73b92e,2026-08-12T07:30:00Z,2026-08-12T09:30:00+0200,9526.11914,MW,FR,FR,forecast_solar_generation,Solar,2026-08-20T04:49:42Z
2026-08-20T04:48:34Z,2026-08-20T06:48:34+0200,a8c862e9-3667-4aca-b3d4-061a7f73b92e,2026-08-12T07:45:00Z,2026-08-12T09:45:00+0200,10874.50391,MW,FR,FR,forecast_solar_generation,Solar,2026-08-20T04:49:42Z
2026-08-20T04:48:34Z,2026-08-20T06:48:34+0200,a8c862e9-3667-4aca-b3d4-061a7f73b92e,2026-08-12T08:00:00Z,2026-08-12T10:00:00+0200,12043.84375,MW,FR,FR,forecast_solar_generation,Solar,2026-08-20T04:49:42Z
2026-08-20T04:48:34Z,2026-08-20T06:48:34+0200,a8c862e9-3667-4aca-b3d4-061a7f73b92e,2026-08-12T08:15:00Z,2026-08-12T10:15:00+0200,13435.93262,MW,FR,FR,forecast_solar_generation,Solar,2026-08-20T04:49:42Z
2026-08-20T04:48:34Z,2026-08-20T06:48:34+0200,a8c862e9-3667-4aca-b3d4-061a7f73b92e,2026-08-12T08:30:00Z,2026-08-12T10:30:00+0200,14548.58594,MW,FR,FR,forecast_solar_generation,Solar,2026-08-20T04:49:42Z
2026-08-20T04:48:34Z,2026-08-20T06:48:34+0200,a8c862e9-3667-4aca-b3d4-061a7f73b92e,2026-08-12T08:45:00Z,2026-08-12T10:45:00+0200,15557.64746,MW,FR,FR,forecast_solar_generation,Solar,2026-08-20T04:49:42Z
2026-08-20T04:48:34Z,2026-08-20T06:48:34+0200,a8c862e9-3667-4aca-b3d4-061a7f73b92e,2026-08-12T09:00:00Z,2026-08-12T11:00:00+0200,16454.5957,MW,FR,FR,forecast_solar_generation,Solar,2026-08-20T04:49:42Z
2026-08-20T04:48:34Z,2026-08-20T06:48:34+0200,a8c862e9-3667-4aca-b3d4-061a7f73b92e,2026-08-12T09:15:00Z,2026-08-12T11:15:00+0200,17365.4375,MW,FR,FR,forecast_solar_generation,Solar,2026-08-20T04:49:42Z
2026-08-20T04:48:34Z,2026-08-20T06:48:34+0200,a8c862e9-3667-4aca-b3d4-061a7f73b92e,2026-08-12T09:30:00Z,2026-08-12T11:30:00+0200,18159.41016,MW,FR,FR,forecast_solar_generation,Solar,2026-08-20T04:49:42Z
2026-08-20T04:48:34Z,2026-08-20T06:48:34+0200,a8c862e9-3667-4aca-b3d4-061a7f73b92e,2026-08-12T09:45:00Z,2026-08-12T11:45:00+0200,18782.21289,MW,FR,FR,forecast_solar_generation,Solar,2026-08-20T04:49:42Z
2026-08-20T04:48:34Z,2026-08-20T06:48:34+0200,a8c862e9-3667-4aca-b3d4-061a7f73b92e,2026-08-12T10:00:00Z,2026-08-12T12:00:00+0200,19295.4707,MW,FR,FR,forecast_solar_generation,Solar,2026-08-20T04:49:42Z
2026-08-20T04:48:34Z,2026-08-20T06:48:34+0200,a8c862e9-3667-4aca-b3d4-061a7f73b92e,2026-08-12T10:15:00Z,2026-08-12T12:15:00+0200,19811.96484,MW,FR,FR,forecast_solar_generation,Solar,2026-08-20T04:49:42Z
2026-08-20T04:48:34Z,2026-08-20T06:48:34+0200,a8c862e9-3667-4aca-b3d4-061a7f73b92e,2026-08-12T10:30:00Z,2026-08-12T12:30:00+0200,20265.27539,MW,FR,FR,forecast_solar_generation,Solar,2026-08-20T04:49:42Z
2026-08-20T04:48:34Z,2026-08-20T06:48:34+0200,a8c862e9-3667-4aca-b3d4-061a7f73b92e,2026-08-12T10:45:00Z,2026-08-12T12:45:00+0200,20528.00391,MW,FR,FR,forecast_solar_generation,Solar,2026-08-20T04:49:42Z
2026-08-20T04:48:34Z,2026-08-20T06:48:34+0200,a8c862e9-3667-4aca-b3d4-061a7f73b92e,2026-08-12T11:00:00Z,2026-08-12T13:00:00+0200,20754.24023,MW,FR,FR,forecast_solar_generation,Solar,2026-08-20T04:49:42Z
2026-08-20T04:48:34Z,2026-08-20T06:48:34+0200,a8c862e9-3667-4aca-b3d4-061a7f73b92e,2026-08-12T11:15:00Z,2026-08-12T13:15:00+0200,20910.66211,MW,FR,FR,forecast_solar_generation,Solar,2026-08-20T04:49:42Z
2026-08-20T04:48:34Z,2026-08-20T06:48:34+0200,a8c862e9-3667-4aca-b3d4-061a7f73b92e,2026-08-12T11:30:00Z,2026-08-12T13:30:00+0200,21080.10938,MW,FR,FR,forecast_solar_generation,Solar,2026-08-20T04:49:42Z
2026-08-20T04:48:34Z,2026-08-20T06:48:34+0200,a8c862e9-3667-4aca-b3d4-061a7f73b92e,2026-08-12T11:45:00Z,2026-08-12T13:45:00+0200,21060.48438,MW,FR,FR,forecast_solar_generation,Solar,2026-08-20T04:49:42Z
2026-08-20T04:48:34Z,2026-08-20T06:48:34+0200,a8c862e9-3667-4aca-b3d4-061a7f73b92e,2026-08-12T12:00:00Z,2026-08-12T14:00:00+0200,21041.24805,MW,FR,FR,forecast_solar_generation,Solar,2026-08-20T04:49:42Z
2026-08-20T04:48:34Z,2026-08-20T06:48:34+0200,a8c862e9-3667-4aca-b3d4-061a7f73b92e,2026-08-12T12:15:00Z,2026-08-12T14:15:00+0200,20986.0918,MW,FR,FR,forecast_solar_generation,Solar,2026-08-20T04:49:42Z
2026-08-20T04:48:34Z,2026-08-20T06:48:34+0200,a8c862e9-3667-4aca-b3d4-061a7f73b92e,2026-08-12T12:30:00Z,2026-08-12T14:30:00+0200,20915.42383,MW,FR,FR,forecast_solar_generation,Solar,2026-08-20T04:49:42Z
2026-08-20T04:48:34Z,2026-08-20T06:48:34+0200,a8c862e9-3667-4aca-b3d4-061a7f73b92e,2026-08-12T12:45:00Z,2026-08-12T14:45:00+0200,20654.25977,MW,FR,FR,forecast_solar_generation,Solar,2026-08-20T04:49:42Z
2026-08-20T04:48:34Z,2026-08-20T06:48:34+0200,a8c862e9-3667-4aca-b3d4-061a7f73b92e,2026-08-12T13:00:00Z,2026-08-12T15:00:00+0200,20403.91992,MW,FR,FR,forecast_solar_generation,Solar,2026-08-20T04:49:42Z
2026-08-20T04:48:34Z,2026-08-20T06:48:34+0200,a8c862e9-3667-4aca-b3d4-061a7f73b92e,2026-08-12T13:15:00Z,2026-08-12T15:15:00+0200,20094.43359,MW,FR,FR,forecast_solar_generation,Solar,2026-08-20T04:49:42Z
2026-08-20T04:48:34Z,2026-08-20T06:48:34+0200,a8c862e9-3667-4aca-b3d4-061a7f73b92e,2026-08-12T13:30:00Z,2026-08-12T15:30:00+0200,19733.55664,MW,FR,FR,forecast_solar_generation,Solar,2026-08-20T04:49:42Z
2026-08-20T04:48:34Z,2026-08-20T06:48:34+0200,a8c862e9-3667-4aca-b3d4-061a7f73b92e,2026-08-12T13:45:00Z,2026-08-12T15:45:00+0200,19124.66211,MW,FR,FR,forecast_solar_generation,Solar,2026-08-20T04:49:42Z
2026-08-20T04:48:34Z,2026-08-20T06:48:34+0200,a8c862e9-3667-4aca-b3d4-061a7f73b92e,2026-08-12T14:00:00Z,2026-08-12T16:00:00+0200,18518.57031,MW,FR,FR,forecast_solar_generation,Solar,2026-08-20T04:49:42Z
2026-08-20T04:48:34Z,2026-08-20T06:48:34+0200,a8c862e9-3667-4aca-b3d4-061a7f73b92e,2026-08-12T14:15:00Z,2026-08-12T16:15:00+0200,17862.88672,MW,FR,FR,forecast_solar_generation,Solar,2026-08-20T04:49:42Z
2026-08-20T04:48:34Z,2026-08-20T06:48:34+0200,a8c862e9-3667-4aca-b3d4-061a7f73b92e,2026-08-12T14:30:00Z,2026-08-12T16:30:00+0200,17211.07617,MW,FR,FR,forecast_solar_generation,Solar,2026-08-20T04:49:42Z
2026-08-20T04:48:34Z,2026-08-20T06:48:34+0200,a8c862e9-3667-4aca-b3d4-061a7f73b92e,2026-08-12T14:45:00Z,2026-08-12T16:45:00+0200,16412.15234,MW,FR,FR,forecast_solar_generation,Solar,2026-08-20T04:49:42Z
2026-08-20T04:48:34Z,2026-08-20T06:48:34+0200,a8c862e9-3667-4aca-b3d4-061a7f73b92e,2026-08-12T15:00:00Z,2026-08-12T17:00:00+0200,15574.79492,MW,FR,FR,forecast_solar_generation,Solar,2026-08-20T04:49:42Z
2026-08-20T04:48:34Z,2026-08-20T06:48:34+0200,a8c862e9-3667-4aca-b3d4-061a7f73b92e,2026-08-12T15:15:00Z,2026-08-12T17:15:00+0200,14631.15039,MW,FR,FR,forecast_solar_generation,Solar,2026-08-20T04:49:42Z
2026-08-20T04:48:34Z,2026-08-20T06:48:34+0200,a8c862e9-3667-4aca-b3d4-061a7f73b92e,2026-08-12T15:30:00Z,2026-08-12T17:30:00+0200,13623.37305,MW,FR,FR,forecast_solar_generation,Solar,2026-08-20T04:49:42Z
2026-08-20T04:48:34Z,2026-08-20T06:48:34+0200,a8c862e9-3667-4aca-b3d4-061a7f73b92e,2026-08-12T15:45:00Z,2026-08-12T17:45:00+0200,12618.16895,MW,FR,FR,forecast_solar_generation,Solar,2026-08-20T04:49:42Z
2026-08-20T04:48:34Z,2026-08-20T06:48:34+0200,a8c862e9-3667-4aca-b3d4-061a7f73b92e,2026-08-12T16:00:00Z,2026-08-12T18:00:00+0200,11475.76953,MW,FR,FR,forecast_solar_generation,Solar,2026-08-20T04:49:42Z
2026-08-20T04:48:34Z,2026-08-20T06:48:34+0200,a8c862e9-3667-4aca-b3d4-061a7f73b92e,2026-08-12T16:15:00Z,2026-08-12T18:15:00+0200,10194.03223,MW,FR,FR,forecast_solar_generation,Solar,2026-08-20T04:49:42Z
2026-08-20T04:48:34Z,2026-08-20T06:48:34+0200,a8c862e9-3667-4aca-b3d4-061a7f73b92e,2026-08-12T16:30:00Z,2026-08-12T18:30:00+0200,8894.48828,MW,FR,FR,forecast_solar_generation,Solar,2026-08-20T04:49:42Z
2026-08-20T04:48:34Z,2026-08-20T06:48:34+0200,a8c862e9-3667-4aca-b3d4-061a7f73b92e,2026-08-12T16:45:00Z,2026-08-12T18:45:00+0200,7738.33643,MW,FR,FR,forecast_solar_generation,Solar,2026-08-20T04:49:42Z
2026-08-20T04:48:34Z,2026-08-20T06:48:34+0200,a8c862e9-3667-4aca-b3d4-061a7f73b92e,2026-08-12T17:00:00Z,2026-08-12T19:00:00+0200,6197.75293,MW,FR,FR,forecast_solar_generation,Solar,2026-08-20T04:49:42Z
2026-08-20T04:48:34Z,2026-08-20T06:48:34+0200,a8c862e9-3667-4aca-b3d4-061a7f73b92e,2026-08-12T17:15:00Z,2026-08-12T19:15:00+0200,5097.70654,MW,FR,FR,forecast_solar_generation,Solar,2026-08-20T04:49:42Z
2026-08-20T04:48:34Z,2026-08-20T06:48:34+0200,a8c862e9-3667-4aca-b3d4-061a7f73b92e,2026-08-12T17:30:00Z,2026-08-12T19:30:00+0200,3682.98755,MW,FR,FR,forecast_solar_generation,Solar,2026-08-20T04:49:42Z
2026-08-20T04:48:34Z,2026-08-20T06:48:34+0200,a8c862e9-3667-4aca-b3d4-061a7f73b92e,2026-08-12T17:45:00Z,2026-08-12T19:45:00+0200,2821.85693,MW,FR,FR,forecast_solar_generation,Solar,2026-08-20T04:49:42Z
2026-08-20T04:48:34Z,2026-08-20T06:48:34+0200,a8c862e9-3667-4aca-b3d4-061a7f73b92e,2026-08-12T18:00:00Z,2026-08-12T20:00:00+0200,1824.93066,MW,FR,FR,forecast_solar_generation,Solar,2026-08-20T04:49:42Z
2026-08-20T04:48:34Z,2026-08-20T06:48:34+0200,a8c862e9-3667-4aca-b3d4-061a7f73b92e,2026-08-12T18:15:00Z,2026-08-12T20:15:00+0200,1079.62793,MW,FR,FR,forecast_solar_generation,Solar,2026-08-20T04:49:42Z
2026-08-20T04:48:34Z,2026-08-20T06:48:34+0200,a8c862e9-3667-4aca-b3d4-061a7f73b92e,2026-08-12T18:30:00Z,2026-08-12T20:30:00+0200,495.50085,MW,FR,FR,forecast_solar_generation,Solar,2026-08-20T04:49:42Z
2026-08-20T04:48:34Z,2026-08-20T06:48:34+0200,a8c862e9-3667-4aca-b3d4-061a7f73b92e,2026-08-12T18:45:00Z,2026-08-12T20:45:00+0200,293.00116,MW,FR,FR,forecast_solar_generation,Solar,2026-08-20T04:49:42Z
2026-08-20T04:48:34Z,2026-08-20T06:48:34+0200,a8c862e9-3667-4aca-b3d4-061a7f73b92e,2026-08-12T19:00:00Z,2026-08-12T21:00:00+0200,111.956,MW,FR,FR,forecast_solar_generation,Solar,2026-08-20T04:49:42Z
2026-08-20T04:48:34Z,2026-08-20T06:48:34+0200,a8c862e9-3667-4aca-b3d4-061a7f73b92e,2026-08-12T19:15:00Z,2026-08-12T21:15:00+0200,11.0247,MW,FR,FR,forecast_solar_generation,Solar,2026-08-20T04:49:42Z
2026-08-20T04:48:34Z,2026-08-20T06:48:34+0200,a8c862e9-3667-4aca-b3d4-061a7f73b92e,2026-08-12T19:30:00Z,2026-08-12T21:30:00+0200,0.0,MW,FR,FR,forecast_solar_generation,Solar,2026-08-20T04:49:42Z
2026-08-20T04:48:34Z,2026-08-20T06:48:34+0200,a8c862e9-3667-4aca-b3d4-061a7f73b92e,2026-08-12T19:45:00Z,2026-08-12T21:45:00+0200,0.0,MW,FR,FR,forecast_solar_generation,Solar,2026-08-20T04:49:42Z
2026-08-20T04:48:34Z,2026-08-20T06:48:34+0200,a8c862e9-3667-4aca-b3d4-061a7f73b92e,2026-08-12T20:00:00Z,2026-08-12T22:00:00+0200,0.0,MW,FR,FR,forecast_solar_generation,Solar,2026-08-20T04:49:42Z
2026-08-20T04:48:34Z,2026-08-20T06:48:34+0200,a8c862e9-3667-4aca-b3d4-061a7f73b92e,2026-08-12T20:15:00Z,2026-08-12T22:15:00+0200,0.0,MW,FR,FR,forecast_solar_generation,Solar,2026-08-20T04:49:42Z
2026-08-20T04:48:34Z,2026-08-20T06:48:34+0200,a8c862e9-3667-4aca-b3d4-061a7f73b92e,2026-08-12T20:30:00Z,2026-08-12T22:30:00+0200,0.0,MW,FR,FR,forecast_solar_generation,Solar,2026-08-20T04:49:42Z
2026-08-20T04:48:34Z,2026-08-20T06:48:34+0200,a8c862e9-3667-4aca-b3d4-061a7f73b92e,2026-08-12T20:45:00Z,2026-08-12T22:45:00+0200,0.0,MW,FR,FR,forecast_solar_generation,Solar,2026-08-20T04:49:42Z
2026-08-20T04:48:34Z,2026-08-20T06:48:34+0200,a8c862e9-3667-4aca-b3d4-061a7f73b92e,2026-08-12T21:00:00Z,2026-08-12T23:00:00+0200,0.0,MW,FR,FR,forecast_solar_generation,Solar,2026-08-20T04:49:42Z
2026-08-20T04:48:34Z,2026-08-20T06:48:34+0200,a8c862e9-3667-4aca-b3d4-061a7f73b92e,2026-08-12T21:15:00Z,2026-08-12T23:15:00+0200,0.0,MW,FR,FR,forecast_solar_generation,Solar,2026-08-20T04:49:42Z
2026-08-20T04:48:34Z,2026-08-20T06:48:34+0200,a8c862e9-3667-4aca-b3d4-061a7f73b92e,2026-08-12T21:30:00Z,2026-08-12T23:30:00+0200,0.0,MW,FR,FR,forecast_solar_generation,Solar,2026-08-20T04:49:42Z
2026-08-20T04:48:34Z,2026-08-20T06:48:34+0200,a8c862e9-3667-4aca-b3d4-061a7f73b92e,2026-08-12T21:45:00Z,2026-08-12T23:45:00+0200,0.0,MW,FR,FR,forecast_solar_generation,Solar,2026-08-20T04:49:42Z
2026-08-20T04:48:34Z,2026-08-20T06:48:34+0200,a8c862e9-3667-4aca-b3d4-061a7f73b92e,2026-08-12T22:00:00Z,2026-08-13T00:00:00+0200,0.0,MW,FR,FR,forecast_solar_generation,Solar,2026-08-20T04:49:42Z
2026-08-20T04:48:34Z,2026-08-20T06:48:34+0200,a8c862e9-3667-4aca-b3d4-061a7f73b92e,2026-08-12T22:15:00Z,2026-08-13T00:15:00+0200,0.0,MW,FR,FR,forecast_solar_generation,Solar,2026-08-20T04:49:42Z
2026-08-20T04:48:34Z,2026-08-20T06:48:34+0200,a8c862e9-3667-4aca-b3d4-061a7f73b92e,2026-08-12T22:30:00Z,2026-08-13T00:30:00+0200,0.0,MW,FR,FR,forecast_solar_generation,Solar,2026-08-20T04:49:42Z
2026-08-20T04:48:34Z,2026-08-20T06:48:34+0200,a8c862e9-3667-4aca-b3d4-061a7f73b92e,2026-08-12T22:45:00Z,2026-08-13T00:45:00+0200,0.0,MW,FR,FR,forecast_solar_generation,Solar,2026-08-20T04:49:42Z
2026-08-20T04:48:34Z,2026-08-20T06:48:34+0200,a8c862e9-3667-4aca-b3d4-061a7f73b92e,2026-08-12T23:00:00Z,2026-08-13T01:00:00+0200,0.0,MW,FR,FR,forecast_solar_generation,Solar,2026-08-20T04:49:42Z
2026-08-20T04:48:34Z,2026-08-20T06:48:34+0200,a8c862e9-3667-4aca-b3d4-061a7f73b92e,2026-08-12T23:15:00Z,2026-08-13T01:15:00+0200,0.0,MW,FR,FR,forecast_solar_generation,Solar,2026-08-20T04:49:42Z
2026-08-20T04:48:34Z,2026-08-20T06:48:34+0200,a8c862e9-3667-4aca-b3d4-061a7f73b92e,2026-08-12T23:30:00Z,2026-08-13T01:30:00+0200,0.0,MW,FR,FR,forecast_solar_generation,Solar,2026-08-20T04:49:42Z
2026-08-20T04:48:34Z,2026-08-20T06:48:34+0200,a8c862e9-3667-4aca-b3d4-061a7f73b92e,2026-08-12T23:45:00Z,2026-08-13T01:45:00+0200,0.0,MW,FR,FR,forecast_solar_generation,Solar,2026-08-20T04:49:42Z
2026-08-20T04:48:34Z,2026-08-20T06:48:34+0200,a8c862e9-3667-4aca-b3d4-061a7f73b92e,2026-08-13T00:00:00Z,2026-08-13T02:00:00+0200,0.0,MW,FR,FR,forecast_solar_generation,Solar,2026-08-20T04:49:42Z
2026-08-20T04:48:34Z,2026-08-20T06:48:34+0200,a8c862e9-3667-4aca-b3d4-061a7f73b92e,2026-08-13T00:15:00Z,2026-08-13T02:15:00+0200,0.0,MW,FR,FR,forecast_solar_generation,Solar,2026-08-20T04:49:42Z
2026-08-20T04:48:34Z,2026-08-20T06:48:34+0200,a8c862e9-3667-4aca-b3d4-061a7f73b92e,2026-08-13T00:30:00Z,2026-08-13T02:30:00+0200,0.0,MW,FR,FR,forecast_solar_generation,Solar,2026-08-20T04:49:42Z
2026-08-20T04:48:34Z,2026-08-20T06:48:34+0200,a8c862e9-3667-4aca-b3d4-061a7f73b92e,2026-08-13T00:45:00Z,2026-08-13T02:45:00+0200,0.0,MW,FR,FR,forecast_solar_generation,Solar,2026-08-20T04:49:42Z
2026-08-20T04:48:34Z,2026-08-20T06:48:34+0200,a8c862e9-3667-4aca-b3d4-061a7f73b92e,2026-08-13T01:00:00Z,2026-08-13T03:00:00+0200,0.0,MW,FR,FR,forecast_solar_generation,Solar,2026-08-20T04:49:42Z
2026-08-20T04:48:34Z,2026-08-20T06:48:34+0200,a8c862e9-3667-4aca-b3d4-061a7f73b92e,2026-08-13T01:15:00Z,2026-08-13T03:15:00+0200,0.0,MW,FR,FR,forecast_solar_generation,Solar,2026-08-20T04:49:42Z
2026-08-20T04:48:34Z,2026-08-20T06:48:34+0200,a8c862e9-3667-4aca-b3d4-061a7f73b92e,2026-08-13T01:30:00Z,2026-08-13T03:30:00+0200,0.0,MW,FR,FR,forecast_solar_generation,Solar,2026-08-20T04:49:42Z
2026-08-20T04:48:34Z,2026-08-20T06:48:34+0200,a8c862e9-3667-4aca-b3d4-061a7f73b92e,2026-08-13T01:45:00Z,2026-08-13T03:45:00+0200,0.0,MW,FR,FR,forecast_solar_generation,Solar,2026-08-20T04:49:42Z
2026-08-20T04:48:34Z,2026-08-20T06:48:34+0200,a8c862e9-3667-4aca-b3d4-061a7f73b92e,2026-08-13T02:00:00Z,2026-08-13T04:00:00+0200,0.0,MW,FR,FR,forecast_solar_generation,Solar,2026-08-20T04:49:42Z
2026-08-20T04:48:34Z,2026-08-20T06:48:34+0200,a8c862e9-3667-4aca-b3d4-061a7f73b92e,2026-08-13T02:15:00Z,2026-08-13T04:15:00+0200,0.0,MW,FR,FR,forecast_solar_generation,Solar,2026-08-20T04:49:42Z
2026-08-20T04:48:34Z,2026-08-20T06:48:34+0200,a8c862e9-3667-4aca-b3d4-061a7f73b92e,2026-08-13T02:30:00Z,2026-08-13T04:30:00+0200,0.0,MW,FR,FR,forecast_solar_generation,Solar,2026-08-20T04:49:42Z
2026-08-20T04:48:34Z,2026-08-20T06:48:34+0200,a8c862e9-3667-4aca-b3d4-061a7f73b92e,2026-08-13T02:45:00Z,2026-08-13T04:45:00+0200,0.0,MW,FR,FR,forecast_solar_generation,Solar,2026-08-20T04:49:42Z
2026-08-20T04:48:34Z,2026-08-20T06:48:34+0200,a8c862e9-3667-4aca-b3d4-061a7f73b92e,2026-08-13T03:00:00Z,2026-08-13T05:00:00+0200,0.0,MW,FR,FR,forecast_solar_generation,Solar,2026-08-20T04:49:42Z
2026-08-20T04:48:34Z,2026-08-20T06:48:34+0200,a8c862e9-3667-4aca-b3d4-061a7f73b92e,2026-08-13T03:15:00Z,2026-08-13T05:15:00+0200,0.0,MW,FR,FR,forecast_solar_generation,Solar,2026-08-20T04:49:42Z
2026-08-20T04:48:34Z,2026-08-20T06:48:34+0200,a8c862e9-3667-4aca-b3d4-061a7f73b92e,2026-08-13T03:30:00Z,2026-08-13T05:30:00+0200,0.0,MW,FR,FR,forecast_solar_generation,Solar,2026-08-20T04:49:42Z
2026-08-20T04:48:34Z,2026-08-20T06:48:34+0200,a8c862e9-3667-4aca-b3d4-061a7f73b92e,2026-08-13T03:45:00Z,2026-08-13T05:45:00+0200,0.0,MW,FR,FR,forecast_solar_generation,Solar,2026-08-20T04:49:42Z
2026-08-20T04:48:34Z,2026-08-20T06:48:34+0200,a8c862e9-3667-4aca-b3d4-061a7f73b92e,2026-08-13T04:00:00Z,2026-08-13T06:00:00+0200,0.0,MW,FR,FR,forecast_solar_generation,Solar,2026-08-20T04:49:42Z
2026-08-20T04:48:34Z,2026-08-20T06:48:34+0200,a8c862e9-3667-4aca-b3d4-061a7f73b92e,2026-08-13T04:15:00Z,2026-08-13T06:15:00+0200,0.0,MW,FR,FR,forecast_solar_generation,Solar,2026-08-20T04:49:42Z
2026-08-20T04:48:34Z,2026-08-20T06:48:34+0200,a8c862e9-3667-4aca-b3d4-061a7f73b92e,2026-08-13T04:30:00Z,2026-08-13T06:30:00+0200,13.09598,MW,FR,FR,forecast_solar_generation,Solar,2026-08-20T04:49:42Z
2026-08-20T04:48:34Z,2026-08-20T06:48:34+0200,a8c862e9-3667-4aca-b3d4-061a7f73b92e,2026-08-13T04:45:00Z,2026-08-13T06:45:00+0200,95.55958,MW,FR,FR,forecast_solar_generation,Solar,2026-08-20T04:49:42Z
2026-08-20T04:48:34Z,2026-08-20T06:48:34+0200,a8c862e9-3667-4aca-b3d4-061a7f73b92e,2026-08-13T05:00:00Z,2026-08-13T07:00:00+0200,305.79272,MW,FR,FR,forecast_solar_generation,Solar,2026-08-20T04:49:42Z
2026-08-20T04:48:34Z,2026-08-20T06:48:34+0200,a8c862e9-3667-4aca-b3d4-061a7f73b92e,2026-08-13T05:15:00Z,2026-08-13T07:15:00+0200,542.24139,MW,FR,FR,forecast_solar_generation,Solar,2026-08-20T04:49:42Z
2026-08-20T04:48:34Z,2026-08-20T06:48:34+0200,a8c862e9-3667-4aca-b3d4-061a7f73b92e,2026-08-13T05:30:00Z,2026-08-13T07:30:00+0200,815.78851,MW,FR,FR,forecast_solar_generation,Solar,2026-08-20T04:49:42Z
2026-08-20T04:48:34Z,2026-08-20T06:48:34+0200,a8c862e9-3667-4aca-b3d4-061a7f73b92e,2026-08-13T05:45:00Z,2026-08-13T07:45:00+0200,1422.32727,MW,FR,FR,forecast_solar_generation,Solar,2026-08-20T04:49:42Z
2026-08-20T04:48:34Z,2026-08-20T06:48:34+0200,a8c862e9-3667-4aca-b3d4-061a7f73b92e,2026-08-13T06:00:00Z,2026-08-13T08:00:00+0200,2112.73364,MW,FR,FR,forecast_solar_generation,Solar,2026-08-20T04:49:42Z
2026-08-20T04:48:34Z,2026-08-20T06:48:34+0200,a8c862e9-3667-4aca-b3d4-061a7f73b92e,2026-08-13T06:15:00Z,2026-08-13T08:15:00+0200,3239.44092,MW,FR,FR,forecast_solar_generation,Solar,2026-08-20T04:49:42Z
2026-08-20T04:48:34Z,2026-08-20T06:48:34+0200,a8c862e9-3667-4aca-b3d4-061a7f73b92e,2026-08-13T06:30:00Z,2026-08-13T08:30:00+0200,4114.69287,MW,FR,FR,forecast_solar_generation,Solar,2026-08-20T04:49:42Z
2026-08-20T04:48:34Z,2026-08-20T06:48:34+0200,a8c862e9-3667-4aca-b3d4-061a7f73b92e,2026-08-13T06:45:00Z,2026-08-13T08:45:00+0200,5513.64795,MW,FR,FR,forecast_solar_generation,Solar,2026-08-20T04:49:42Z
2026-08-20T04:48:34Z,2026-08-20T06:48:34+0200,a8c862e9-3667-4aca-b3d4-061a7f73b92e,2026-08-13T07:00:00Z,2026-08-13T09:00:00+0200,6683.91699,MW,FR,FR,forecast_solar_generation,Solar,2026-08-20T04:49:42Z
2026-08-20T04:48:34Z,2026-08-20T06:48:34+0200,a8c862e9-3667-4aca-b3d4-061a7f73b92e,2026-08-13T07:15:00Z,2026-08-13T09:15:00+0200,8233.38086,MW,FR,FR,forecast_solar_generation,Solar,2026-08-20T04:49:42Z
2026-08-20T04:48:34Z,2026-08-20T06:48:34+0200,a8c862e9-3667-4aca-b3d4-061a7f73b92e,2026-08-13T07:30:00Z,2026-08-13T09:30:00+0200,9516.89355,MW,FR,FR,forecast_solar_generation,Solar,2026-08-20T04:49:42Z
2026-08-20T04:48:34Z,2026-08-20T06:48:34+0200,a8c862e9-3667-4aca-b3d4-061a7f73b92e,2026-08-13T07:45:00Z,2026-08-13T09:45:00+0200,10858.24609,MW,FR,FR,forecast_solar_generation,Solar,2026-08-20T04:49:42Z
2026-08-20T04:48:34Z,2026-08-20T06:48:34+0200,a8c862e9-3667-4aca-b3d4-061a7f73b92e,2026-08-13T08:00:00Z,2026-08-13T10:00:00+0200,12047.28809,MW,FR,FR,forecast_solar_generation,Solar,2026-08-20T04:49:42Z
2026-08-20T04:48:34Z,2026-08-20T06:48:34+0200,a8c862e9-3667-4aca-b3d4-061a7f73b92e,2026-08-13T08:15:00Z,2026-08-13T10:15:00+0200,13423.48535,MW,FR,FR,forecast_solar_generation,Solar,2026-08-20T04:49:42Z
2026-08-20T04:48:34Z,2026-08-20T06:48:34+0200,a8c862e9-3667-4aca-b3d4-061a7f73b92e,2026-08-13T08:30:00Z,2026-08-13T10:30:00+0200,14543.15039,MW,FR,FR,forecast_solar_generation,Solar,2026-08-20T04:49:42Z
2026-08-20T04:48:34Z,2026-08-20T06:48:34+0200,a8c862e9-3667-4aca-b3d4-061a7f73b92e,2026-08-13T08:45:00Z,2026-08-13T10:45:00+0200,15549.32422,MW,FR,FR,forecast_solar_generation,Solar,2026-08-20T04:49:42Z
2026-08-20T04:48:34Z,2026-08-20T06:48:34+0200,a8c862e9-3667-4aca-b3d4-061a7f73b92e,2026-08-13T09:00:00Z,2026-08-13T11:00:00+0200,16427.43945,MW,FR,FR,forecast_solar_generation,Solar,2026-08-20T04:49:42Z
2026-08-20T04:48:34Z,2026-08-20T06:48:34+0200,a8c862e9-3667-4aca-b3d4-061a7f73b92e,2026-08-13T09:15:00Z,2026-08-13T11:15:00+0200,17329.89258,MW,FR,FR,forecast_solar_generation,Solar,2026-08-20T04:49:42Z
2026-08-20T04:48:34Z,2026-08-20T06:48:34+0200,a8c862e9-3667-4aca-b3d4-061a7f73b92e,2026-08-13T09:30:00Z,2026-08-13T11:30:00+0200,18116.18555,MW,FR,FR,forecast_solar_generation,Solar,2026-08-20T04:49:42Z
2026-08-20T04:48:34Z,2026-08-20T06:48:34+0200,a8c862e9-3667-4aca-b3d4-061a7f73b92e,2026-08-13T09:45:00Z,2026-08-13T11:45:00+0200,18738.34766,MW,FR,FR,forecast_solar_generation,Solar,2026-08-20T04:49:42Z
2026-08-20T04:48:34Z,2026-08-20T06:48:34+0200,a8c862e9-3667-4aca-b3d4-061a7f73b92e,2026-08-13T10:00:00Z,2026-08-13T12:00:00+0200,19278.05859,MW,FR,FR,forecast_solar_generation,Solar,2026-08-20T04:49:42Z
2026-08-20T04:48:34Z,2026-08-20T06:48:34+0200,a8c862e9-3667-4aca-b3d4-061a7f73b92e,2026-08-13T10:15:00Z,2026-08-13T12:15:00+0200,19793.98828,MW,FR,FR,forecast_solar_generation,Solar,2026-08-20T04:49:42Z
2026-08-20T04:48:34Z,2026-08-20T06:48:34+0200,a8c862e9-3667-4aca-b3d4-061a7f73b92e,2026-08-13T10:30:00Z,2026-08-13T12:30:00+0200,20259.82227,MW,FR,FR,forecast_solar_generation,Solar,2026-08-20T04:49:42Z
2026-08-20T04:48:34Z,2026-08-20T06:48:34+0200,a8c862e9-3667-4aca-b3d4-061a7f73b92e,2026-08-13T10:45:00Z,2026-08-13T12:45:00+0200,20534.42578,MW,FR,FR,forecast_solar_generation,Solar,2026-08-20T04:49:42Z
2026-08-20T04:48:34Z,2026-08-20T06:48:34+0200,a8c862e9-3667-4aca-b3d4-061a7f73b92e,2026-08-13T11:00:00Z,2026-08-13T13:00:00+0200,20768.86328,MW,FR,FR,forecast_solar_generation,Solar,2026-08-20T04:49:42Z
2026-08-20T04:48:34Z,2026-08-20T06:48:34+0200,a8c862e9-3667-4aca-b3d4-061a7f73b92e,2026-08-13T11:15:00Z,2026-08-13T13:15:00+0200,20940.82031,MW,FR,FR,forecast_solar_generation,Solar,2026-08-20T04:49:42Z
2026-08-20T04:48:34Z,2026-08-20T06:48:34+0200,a8c862e9-3667-4aca-b3d4-061a7f73b92e,2026-08-13T11:30:00Z,2026-08-13T13:30:00+0200,21117.19922,MW,FR,FR,forecast_solar_generation,Solar,2026-08-20T04:49:42Z
2026-08-20T04:48:34Z,2026-08-20T06:48:34+0200,a8c862e9-3667-4aca-b3d4-061a7f73b92e,2026-08-13T11:45:00Z,2026-08-13T13:45:00+0200,21114.50781,MW,FR,FR,forecast_solar_generation,Solar,2026-08-20T04:49:42Z
2026-08-20T04:48:34Z,2026-08-20T06:48:34+0200,a8c862e9-3667-4aca-b3d4-061a7f73b92e,2026-08-13T12:00:00Z,2026-08-13T14:00:00+0200,21083.19531,MW,FR,FR,forecast_solar_generation,Solar,2026-08-20T04:49:42Z
2026-08-20T04:48:34Z,2026-08-20T06:48:34+0200,a8c862e9-3667-4aca-b3d4-061a7f73b92e,2026-08-13T12:15:00Z,2026-08-13T14:15:00+0200,21016.51172,MW,FR,FR,forecast_solar_generation,Solar,2026-08-20T04:49:42Z
2026-08-20T04:48:34Z,2026-08-20T06:48:34+0200,a8c862e9-3667-4aca-b3d4-061a7f73b92e,2026-08-13T12:30:00Z,2026-08-13T14:30:00+0200,20955.97266,MW,FR,FR,forecast_solar_generation,Solar,2026-08-20T04:49:42Z
2026-08-20T04:48:34Z,2026-08-20T06:48:34+0200,a8c862e9-3667-4aca-b3d4-061a7f73b92e,2026-08-13T12:45:00Z,2026-08-13T14:45:00+0200,20666.45508,MW,FR,FR,forecast_solar_generation,Solar,2026-08-20T04:49:42Z
2026-08-20T04:48:34Z,2026-08-20T06:48:34+0200,a8c862e9-3667-4aca-b3d4-061a7f73b92e,2026-08-13T13:00:00Z,2026-08-13T15:00:00+0200,20390.11133,MW,FR,FR,forecast_solar_generation,Solar,2026-08-20T04:49:42Z
2026-08-20T04:48:34Z,2026-08-20T06:48:34+0200,a8c862e9-3667-4aca-b3d4-061a7f73b92e,2026-08-13T13:15:00Z,2026-08-13T15:15:00+0200,20050.30469,MW,FR,FR,forecast_solar_generation,Solar,2026-08-20T04:49:42Z
2026-08-20T04:48:34Z,2026-08-20T06:48:34+0200,a8c862e9-3667-4aca-b3d4-061a7f73b92e,2026-08-13T13:30:00Z,2026-08-13T15:30:00+0200,19656.85352,MW,FR,FR,forecast_solar_generation,Solar,2026-08-20T04:49:42Z
2026-08-20T04:48:34Z,2026-08-20T06:48:34+0200,a8c862e9-3667-4aca-b3d4-061a7f73b92e,2026-08-13T13:45:00Z,2026-08-13T15:45:00+0200,19088.29102,MW,FR,FR,forecast_solar_generation,Solar,2026-08-20T04:49:42Z
2026-08-20T04:48:34Z,2026-08-20T06:48:34+0200,a8c862e9-3667-4aca-b3d4-061a7f73b92e,2026-08-13T14:00:00Z,2026-08-13T16:00:00+0200,18441.08008,MW,FR,FR,forecast_solar_generation,Solar,2026-08-20T04:49:42Z
2026-08-20T04:48:34Z,2026-08-20T06:48:34+0200,a8c862e9-3667-4aca-b3d4-061a7f73b92e,2026-08-13T14:15:00Z,2026-08-13T16:15:00+0200,17797.78125,MW,FR,FR,forecast_solar_generation,Solar,2026-08-20T04:49:42Z
2026-08-20T04:48:34Z,2026-08-20T06:48:34+0200,a8c862e9-3667-4aca-b3d4-061a7f73b92e,2026-08-13T14:30:00Z,2026-08-13T16:30:00+0200,17092.21289,MW,FR,FR,forecast_solar_generation,Solar,2026-08-20T04:49:42Z
2026-08-20T04:48:34Z,2026-08-20T06:48:34+0200,a8c862e9-3667-4aca-b3d4-061a7f73b92e,2026-08-13T14:45:00Z,2026-08-13T16:45:00+0200,16312.9375,MW,FR,FR,forecast_solar_generation,Solar,2026-08-20T04:49:42Z
2026-08-20T04:48:34Z,2026-08-20T06:48:34+0200,a8c862e9-3667-4aca-b3d4-061a7f73b92e,2026-08-13T15:00:00Z,2026-08-13T17:00:00+0200,15492.90234,MW,FR,FR,forecast_solar_generation,Solar,2026-08-20T04:49:42Z
2026-08-20T04:48:34Z,2026-08-20T06:48:34+0200,a8c862e9-3667-4aca-b3d4-061a7f73b92e,2026-08-13T15:15:00Z,2026-08-13T17:15:00+0200,14525.20312,MW,FR,FR,forecast_solar_generation,Solar,2026-08-20T04:49:42Z
2026-08-20T04:48:34Z,2026-08-20T06:48:34+0200,a8c862e9-3667-4aca-b3d4-061a7f73b92e,2026-08-13T15:30:00Z,2026-08-13T17:30:00+0200,13517.29395,MW,FR,FR,forecast_solar_generation,Solar,2026-08-20T04:49:42Z
2026-08-20T04:48:34Z,2026-08-20T06:48:34+0200,a8c862e9-3667-4aca-b3d4-061a7f73b92e,2026-08-13T15:45:00Z,2026-08-13T17:45:00+0200,12547.24902,MW,FR,FR,forecast_solar_generation,Solar,2026-08-20T04:49:42Z
2026-08-20T04:48:34Z,2026-08-20T06:48:34+0200,a8c862e9-3667-4aca-b3d4-061a7f73b92e,2026-08-13T16:00:00Z,2026-08-13T18:00:00+0200,11400.34082,MW,FR,FR,forecast_solar_generation,Solar,2026-08-20T04:49:42Z
2026-08-20T04:48:34Z,2026-08-20T06:48:34+0200,a8c862e9-3667-4aca-b3d4-061a7f73b92e,2026-08-13T16:15:00Z,2026-08-13T18:15:00+0200,10151.26172,MW,FR,FR,forecast_solar_generation,Solar,2026-08-20T04:49:42Z
2026-08-20T04:48:34Z,2026-08-20T06:48:34+0200,a8c862e9-3667-4aca-b3d4-061a7f73b92e,2026-08-13T16:30:00Z,2026-08-13T18:30:00+0200,8864.68066,MW,FR,FR,forecast_solar_generation,Solar,2026-08-20T04:49:42Z
2026-08-20T04:48:34Z,2026-08-20T06:48:34+0200,a8c862e9-3667-4aca-b3d4-061a7f73b92e,2026-08-13T16:45:00Z,2026-08-13T18:45:00+0200,7783.23291,MW,FR,FR,forecast_solar_generation,Solar,2026-08-20T04:49:42Z
2026-08-20T04:48:34Z,2026-08-20T06:48:34+0200,a8c862e9-3667-4aca-b3d4-061a7f73b92e,2026-08-13T17:00:00Z,2026-08-13T19:00:00+0200,6356.65234,MW,FR,FR,forecast_solar_generation,Solar,2026-08-20T04:49:42Z
2026-08-20T04:48:34Z,2026-08-20T06:48:34+0200,a8c862e9-3667-4aca-b3d4-061a7f73b92e,2026-08-13T17:15:00Z,2026-08-13T19:15:00+0200,5300.2583,MW,FR,FR,forecast_solar_generation,Solar,2026-08-20T04:49:42Z
2026-08-20T04:48:34Z,2026-08-20T06:48:34+0200,a8c862e9-3667-4aca-b3d4-061a7f73b92e,2026-08-13T17:30:00Z,2026-08-13T19:30:00+0200,3929.64722,MW,FR,FR,forecast_solar_generation,Solar,2026-08-20T04:49:42Z
2026-08-20T04:48:34Z,2026-08-20T06:48:34+0200,a8c862e9-3667-4aca-b3d4-061a7f73b92e,2026-08-13T17:45:00Z,2026-08-13T19:45:00+0200,3107.61523,MW,FR,FR,forecast_solar_generation,Solar,2026-08-20T04:49:42Z
2026-08-20T04:48:34Z,2026-08-20T06:48:34+0200,a8c862e9-3667-4aca-b3d4-061a7f73b92e,2026-08-13T18:00:00Z,2026-08-13T20:00:00+0200,2118.21533,MW,FR,FR,forecast_solar_generation,Solar,2026-08-20T04:49:42Z
2026-08-20T04:48:34Z,2026-08-20T06:48:34+0200,a8c862e9-3667-4aca-b3d4-061a7f73b92e,2026-08-13T18:15:00Z,2026-08-13T20:15:00+0200,1405.07056,MW,FR,FR,forecast_solar_generation,Solar,2026-08-20T04:49:42Z
2026-08-20T04:48:34Z,2026-08-20T06:48:34+0200,a8c862e9-3667-4aca-b3d4-061a7f73b92e,2026-08-13T18:30:00Z,2026-08-13T20:30:00+0200,810.29352,MW,FR,FR,forecast_solar_generation,Solar,2026-08-20T04:49:42Z
2026-08-20T04:48:34Z,2026-08-20T06:48:34+0200,a8c862e9-3667-4aca-b3d4-061a7f73b92e,2026-08-13T18:45:00Z,2026-08-13T20:45:00+0200,454.70297,MW,FR,FR,forecast_solar_generation,Solar,2026-08-20T04:49:42Z
2026-08-20T04:48:34Z,2026-08-20T06:48:34+0200,a8c862e9-3667-4aca-b3d4-061a7f73b92e,2026-08-13T19:00:00Z,2026-08-13T21:00:00+0200,141.09415,MW,FR,FR,forecast_solar_generation,Solar,2026-08-20T04:49:42Z
2026-08-20T04:48:34Z,2026-08-20T06:48:34+0200,a8c862e9-3667-4aca-b3d4-061a7f73b92e,2026-08-13T19:15:00Z,2026-08-13T21:15:00+0200,9.93751,MW,FR,FR,forecast_solar_generation,Solar,2026-08-20T04:49:42Z
2026-08-20T04:48:34Z,2026-08-20T06:48:34+0200,a8c862e9-3667-4aca-b3d4-061a7f73b92e,2026-08-13T19:30:00Z,2026-08-13T21:30:00+0200,0.0,MW,FR,FR,forecast_solar_generation,Solar,2026-08-20T04:49:42Z
2026-08-20T04:48:34Z,2026-08-20T06:48:34+0200,a8c862e9-3667-4aca-b3d4-061a7f73b92e,2026-08-13T19:45:00Z,2026-08-13T21:45:00+0200,0.0,MW,FR,FR,forecast_solar_generation,Solar,2026-08-20T04:49:42Z
2026-08-20T04:48:34Z,2026-08-20T06:48:34+0200,a8c862e9-3667-4aca-b3d4-061a7f73b92e,2026-08-13T20:00:00Z,2026-08-13T22:00:00+0200,0.0,MW,FR,FR,forecast_solar_generation,Solar,2026-08-20T04:49:42Z
2026-08-20T04:48:34Z,2026-08-20T06:48:34+0200,a8c862e9-3667-4aca-b3d4-061a7f73b92e,2026-08-13T20:15:00Z,2026-08-13T22:15:00+0200,0.0,MW,FR,FR,forecast_solar_generation,Solar,2026-08-20T04:49:42Z
2026-08-20T04:48:34Z,2026-08-20T06:48:34+0200,a8c862e9-3667-4aca-b3d4-061a7f73b92e,2026-08-13T20:30:00Z,2026-08-13T22:30:00+0200,0.0,MW,FR,FR,forecast_solar_generation,Solar,2026-08-20T04:49:42Z
2026-08-20T04:48:34Z,2026-08-20T06:48:34+0200,a8c862e9-3667-4aca-b3d4-061a7f73b92e,2026-08-13T20:45:00Z,2026-08-13T22:45:00+0200,0.0,MW,FR,FR,forecast_solar_generation,Solar,2026-08-20T04:49:42Z
2026-08-20T04:48:34Z,2026-08-20T06:48:34+0200,a8c862e9-3667-4aca-b3d4-061a7f73b92e,2026-08-13T21:00:00Z,2026-08-13T23:00:00+0200,0.0,MW,FR,FR,forecast_solar_generation,Solar,2026-08-20T04:49:42Z
2026-08-20T04:48:34Z,2026-08-20T06:48:34+0200,a8c862e9-3667-4aca-b3d4-061a7f73b92e,2026-08-13T21:15:00Z,2026-08-13T23:15:00+0200,0.0,MW,FR,FR,forecast_solar_generation,Solar,2026-08-20T04:49:42Z
2026-08-20T04:48:34Z,2026-08-20T06:48:34+0200,a8c862e9-3667-4aca-b3d4-061a7f73b92e,2026-08-13T21:30:00Z,2026-08-13T23:30:00+0200,0.0,MW,FR,FR,forecast_solar_generation,Solar,2026-08-20T04:49:42Z
2026-08-20T04:48:34Z,2026-08-20T06:48:34+0200,a8c862e9-3667-4aca-b3d4-061a7f73b92e,2026-08-13T21:45:00Z,2026-08-13T23:45:00+0200,0.0,MW,FR,FR,forecast_solar_generation,Solar,2026-08-20T04:49:42Z
2026-08-20T04:48:34Z,2026-08-20T06:48:34+0200,a8c862e9-3667-4aca-b3d4-061a7f73b92e,2026-08-13T22:00:00Z,2026-08-14T00:00:00+0200,0.0,MW,FR,FR,forecast_solar_generation,Solar,2026-08-20T04:49:42Z
2026-08-20T04:48:34Z,2026-08-20T06:48:34+0200,a8c862e9-3667-4aca-b3d4-061a7f73b92e,2026-08-13T22:15:00Z,2026-08-14T00:15:00+0200,0.0,MW,FR,FR,forecast_solar_generation,Solar,2026-08-20T04:49:42Z
2026-08-20T04:48:34Z,2026-08-20T06:48:34+0200,a8c862e9-3667-4aca-b3d4-061a7f73b92e,2026-08-13T22:30:00Z,2026-08-14T00:30:00+0200,0.0,MW,FR,FR,forecast_solar_generation,Solar,2026-08-20T04:49:42Z
2026-08-20T04:48:34Z,2026-08-20T06:48:34+0200,a8c862e9-3667-4aca-b3d4-061a7f73b92e,2026-08-13T22:45:00Z,2026-08-14T00:45:00+0200,0.0,MW,FR,FR,forecast_solar_generation,Solar,2026-08-20T04:49:42Z
2026-08-20T04:48:34Z,2026-08-20T06:48:34+0200,a8c862e9-3667-4aca-b3d4-061a7f73b92e,2026-08-13T23:00:00Z,2026-08-14T01:00:00+0200,0.0,MW,FR,FR,forecast_solar_generation,Solar,2026-08-20T04:49:42Z
2026-08-20T04:48:34Z,2026-08-20T06:48:34+0200,a8c862e9-3667-4aca-b3d4-061a7f73b92e,2026-08-13T23:15:00Z,2026-08-14T01:15:00+0200,0.0,MW,FR,FR,forecast_solar_generation,Solar,2026-08-20T04:49:42Z
2026-08-20T04:48:34Z,2026-08-20T06:48:34+0200,a8c862e9-3667-4aca-b3d4-061a7f73b92e,2026-08-13T23:30:00Z,2026-08-14T01:30:00+0200,0.0,MW,FR,FR,forecast_solar_generation,Solar,2026-08-20T04:49:42Z
2026-08-20T04:48:34Z,2026-08-20T06:48:34+0200,a8c862e9-3667-4aca-b3d4-061a7f73b92e,2026-08-13T23:45:00Z,2026-08-14T01:45:00+0200,0.0,MW,FR,FR,forecast_solar_generation,Solar,2026-08-20T04:49:42Z
2026-08-20T04:48:34Z,2026-08-20T06:48:34+0200,a8c862e9-3667-4aca-b3d4-061a7f73b92e,2026-08-14T00:00:00Z,2026-08-14T02:00:00+0200,0.0,MW,FR,FR,forecast_solar_generation,Solar,2026-08-20T04:49:42Z
2026-08-20T04:48:34Z,2026-08-20T06:48:34+0200,a8c862e9-3667-4aca-b3d4-061a7f73b92e,2026-08-14T00:15:00Z,2026-08-14T02:15:00+0200,0.0,MW,FR,FR,forecast_solar_generation,Solar,2026-08-20T04:49:42Z
2026-08-20T04:48:34Z,2026-08-20T06:48:34+0200,a8c862e9-3667-4aca-b3d4-061a7f73b92e,2026-08-14T00:30:00Z,2026-08-14T02:30:00+0200,0.0,MW,FR,FR,forecast_solar_generation,Solar,2026-08-20T04:49:42Z
2026-08-20T04:48:34Z,2026-08-20T06:48:34+0200,a8c862e9-3667-4aca-b3d4-061a7f73b92e,2026-08-14T00:45:00Z,2026-08-14T02:45:00+0200,0.0,MW,FR,FR,forecast_solar_generation,Solar,2026-08-20T04:49:42Z
2026-08-20T04:48:34Z,2026-08-20T06:48:34+0200,a8c862e9-3667-4aca-b3d4-061a7f73b92e,2026-08-14T01:00:00Z,2026-08-14T03:00:00+0200,0.0,MW,FR,FR,forecast_solar_generation,Solar,2026-08-20T04:49:42Z
2026-08-20T04:48:34Z,2026-08-20T06:48:34+0200,a8c862e9-3667-4aca-b3d4-061a7f73b92e,2026-08-14T01:15:00Z,2026-08-14T03:15:00+0200,0.0,MW,FR,FR,forecast_solar_generation,Solar,2026-08-20T04:49:42Z
2026-08-20T04:48:34Z,2026-08-20T06:48:34+0200,a8c862e9-3667-4aca-b3d4-061a7f73b92e,2026-08-14T01:30:00Z,2026-08-14T03:30:00+0200,0.0,MW,FR,FR,forecast_solar_generation,Solar,2026-08-20T04:49:42Z
2026-08-20T04:48:34Z,2026-08-20T06:48:34+0200,a8c862e9-3667-4aca-b3d4-061a7f73b92e,2026-08-14T01:45:00Z,2026-08-14T03:45:00+0200,0.0,MW,FR,FR,forecast_solar_generation,Solar,2026-08-20T04:49:42Z
2026-08-20T04:48:34Z,2026-08-20T06:48:34+0200,a8c862e9-3667-4aca-b3d4-061a7f73b92e,2026-08-14T02:00:00Z,2026-08-14T04:00:00+0200,0.0,MW,FR,FR,forecast_solar_generation,Solar,2026-08-20T04:49:42Z
2026-08-20T04:48:34Z,2026-08-20T06:48:34+0200,a8c862e9-3667-4aca-b3d4-061a7f73b92e,2026-08-14T02:15:00Z,2026-08-14T04:15:00+0200,0.0,MW,FR,FR,forecast_solar_generation,Solar,2026-08-20T04:49:42Z
2026-08-20T04:48:34Z,2026-08-20T06:48:34+0200,a8c862e9-3667-4aca-b3d4-061a7f73b92e,2026-08-14T02:30:00Z,2026-08-14T04:30:00+0200,0.0,MW,FR,FR,forecast_solar_generation,Solar,2026-08-20T04:49:42Z
2026-08-20T04:48:34Z,2026-08-20T06:48:34+0200,a8c862e9-3667-4aca-b3d4-061a7f73b92e,2026-08-14T02:45:00Z,2026-08-14T04:45:00+0200,0.0,MW,FR,FR,forecast_solar_generation,Solar,2026-08-20T04:49:42Z
2026-08-20T04:48:34Z,2026-08-20T06:48:34+0200,a8c862e9-3667-4aca-b3d4-061a7f73b92e,2026-08-14T03:00:00Z,2026-08-14T05:00:00+0200,0.0,MW,FR,FR,forecast_solar_generation,Solar,2026-08-20T04:49:42Z
2026-08-20T04:48:34Z,2026-08-20T06:48:34+0200,a8c862e9-3667-4aca-b3d4-061a7f73b92e,2026-08-14T03:15:00Z,2026-08-14T05:15:00+0200,0.0,MW,FR,FR,forecast_solar_generation,Solar,2026-08-20T04:49:42Z
2026-08-20T04:48:34Z,2026-08-20T06:48:34+0200,a8c862e9-3667-4aca-b3d4-061a7f73b92e,2026-08-14T03:30:00Z,2026-08-14T05:30:00+0200,0.0,MW,FR,FR,forecast_solar_generation,Solar,2026-08-20T04:49:42Z
2026-08-20T04:48:34Z,2026-08-20T06:48:34+0200,a8c862e9-3667-4aca-b3d4-061a7f73b92e,2026-08-14T03:45:00Z,2026-08-14T05:45:00+0200,0.0,MW,FR,FR,forecast_solar_generation,Solar,2026-08-20T04:49:42Z
2026-08-20T04:48:34Z,2026-08-20T06:48:34+0200,a8c862e9-3667-4aca-b3d4-061a7f73b92e,2026-08-14T04:00:00Z,2026-08-14T06:00:00+0200,0.0,MW,FR,FR,forecast_solar_generation,Solar,2026-08-20T04:49:42Z
2026-08-20T04:48:34Z,2026-08-20T06:48:34+0200,a8c862e9-3667-4aca-b3d4-061a7f73b92e,2026-08-14T04:15:00Z,2026-08-14T06:15:00+0200,0.0,MW,FR,FR,forecast_solar_generation,Solar,2026-08-20T04:49:42Z
2026-08-20T04:48:34Z,2026-08-20T06:48:34+0200,a8c862e9-3667-4aca-b3d4-061a7f73b92e,2026-08-14T04:30:00Z,2026-08-14T06:30:00+0200,9.82577,MW,FR,FR,forecast_solar_generation,Solar,2026-08-20T04:49:42Z
2026-08-20T04:48:34Z,2026-08-20T06:48:34+0200,a8c862e9-3667-4aca-b3d4-061a7f73b92e,2026-08-14T04:45:00Z,2026-08-14T06:45:00+0200,82.5472,MW,FR,FR,forecast_solar_generation,Solar,2026-08-20T04:49:42Z
2026-08-20T04:48:34Z,2026-08-20T06:48:34+0200,a8c862e9-3667-4aca-b3d4-061a7f73b92e,2026-08-14T05:00:00Z,2026-08-14T07:00:00+0200,278.91846,MW,FR,FR,forecast_solar_generation,Solar,2026-08-20T04:49:42Z
2026-08-20T04:48:34Z,2026-08-20T06:48:34+0200,a8c862e9-3667-4aca-b3d4-061a7f73b92e,2026-08-14T05:15:00Z,2026-08-14T07:15:00+0200,509.32422,MW,FR,FR,forecast_solar_generation,Solar,2026-08-20T04:49:42Z
2026-08-20T04:48:34Z,2026-08-20T06:48:34+0200,a8c862e9-3667-4aca-b3d4-061a7f73b92e,2026-08-14T05:30:00Z,2026-08-14T07:30:00+0200,774.91772,MW,FR,FR,forecast_solar_generation,Solar,2026-08-20T04:49:42Z
2026-08-20T04:48:34Z,2026-08-20T06:48:34+0200,a8c862e9-3667-4aca-b3d4-061a7f73b92e,2026-08-14T05:45:00Z,2026-08-14T07:45:00+0200,1346.71924,MW,FR,FR,forecast_solar_generation,Solar,2026-08-20T04:49:42Z
2026-08-20T04:48:34Z,2026-08-20T06:48:34+0200,a8c862e9-3667-4aca-b3d4-061a7f73b92e,2026-08-14T06:00:00Z,2026-08-14T08:00:00+0200,2034.72815,MW,FR,FR,forecast_solar_generation,Solar,2026-08-20T04:49:42Z
2026-08-20T04:48:34Z,2026-08-20T06:48:34+0200,a8c862e9-3667-4aca-b3d4-061a7f73b92e,2026-08-14T06:15:00Z,2026-08-14T08:15:00+0200,3106.93091,MW,FR,FR,forecast_solar_generation,Solar,2026-08-20T04:49:42Z
2026-08-20T04:48:34Z,2026-08-20T06:48:34+0200,a8c862e9-3667-4aca-b3d4-061a7f73b92e,2026-08-14T06:30:00Z,2026-08-14T08:30:00+0200,3963.11279,MW,FR,FR,forecast_solar_generation,Solar,2026-08-20T04:49:42Z
2026-08-20T04:48:34Z,2026-08-20T06:48:34+0200,a8c862e9-3667-4aca-b3d4-061a7f73b92e,2026-08-14T06:45:00Z,2026-08-14T08:45:00+0200,5329.37695,MW,FR,FR,forecast_solar_generation,Solar,2026-08-20T04:49:42Z
2026-08-20T04:48:34Z,2026-08-20T06:48:34+0200,a8c862e9-3667-4aca-b3d4-061a7f73b92e,2026-08-14T07:00:00Z,2026-08-14T09:00:00+0200,6470.47217,MW,FR,FR,forecast_solar_generation,Solar,2026-08-20T04:49:42Z
2026-08-20T04:48:34Z,2026-08-20T06:48:34+0200,a8c862e9-3667-4aca-b3d4-061a7f73b92e,2026-08-14T07:15:00Z,2026-08-14T09:15:00+0200,7967.65332,MW,FR,FR,forecast_solar_generation,Solar,2026-08-20T04:49:42Z
2026-08-20T04:48:34Z,2026-08-20T06:48:34+0200,a8c862e9-3667-4aca-b3d4-061a7f73b92e,2026-08-14T07:30:00Z,2026-08-14T09:30:00+0200,9220.18457,MW,FR,FR,forecast_solar_generation,Solar,2026-08-20T04:49:42Z
2026-08-20T04:48:34Z,2026-08-20T06:48:34+0200,a8c862e9-3667-4aca-b3d4-061a7f73b92e,2026-08-14T07:45:00Z,2026-08-14T09:45:00+0200,10549.91016,MW,FR,FR,forecast_solar_generation,Solar,2026-08-20T04:49:42Z
2026-08-20T04:48:34Z,2026-08-20T06:48:34+0200,a8c862e9-3667-4aca-b3d4-061a7f73b92e,2026-08-14T08:00:00Z,2026-08-14T10:00:00+0200,11735.48633,MW,FR,FR,forecast_solar_generation,Solar,2026-08-20T04:49:42Z
2026-08-20T04:48:34Z,2026-08-20T06:48:34+0200,a8c862e9-3667-4aca-b3d4-061a7f73b92e,2026-08-14T08:15:00Z,2026-08-14T10:15:00+0200,13081.54492,MW,FR,FR,forecast_solar_generation,Solar,2026-08-20T04:49:42Z
2026-08-20T04:48:34Z,2026-08-20T06:48:34+0200,a8c862e9-3667-4aca-b3d4-061a7f73b92e,2026-08-14T08:30:00Z,2026-08-14T10:30:00+0200,14185.32617,MW,FR,FR,forecast_solar_generation,Solar,2026-08-20T04:49:42Z
2026-08-20T04:48:34Z,2026-08-20T06:48:34+0200,a8c862e9-3667-4aca-b3d4-061a7f73b92e,2026-08-14T08:45:00Z,2026-08-14T10:45:00+0200,15178.48828,MW,FR,FR,forecast_solar_generation,Solar,2026-08-20T04:49:42Z
2026-08-20T04:48:34Z,2026-08-20T06:48:34+0200,a8c862e9-3667-4aca-b3d4-061a7f73b92e,2026-08-14T09:00:00Z,2026-08-14T11:00:00+0200,16059.52539,MW,FR,FR,forecast_solar_generation,Solar,2026-08-20T04:49:42Z
2026-08-20T04:48:34Z,2026-08-20T06:48:34+0200,a8c862e9-3667-4aca-b3d4-061a7f73b92e,2026-08-14T09:15:00Z,2026-08-14T11:15:00+0200,16979.44727,MW,FR,FR,forecast_solar_generation,Solar,2026-08-20T04:49:42Z
2026-08-20T04:48:34Z,2026-08-20T06:48:34+0200,a8c862e9-3667-4aca-b3d4-061a7f73b92e,2026-08-14T09:30:00Z,2026-08-14T11:30:00+0200,17749.57227,MW,FR,FR,forecast_solar_generation,Solar,2026-08-20T04:49:42Z
2026-08-20T04:48:34Z,2026-08-20T06:48:34+0200,a8c862e9-3667-4aca-b3d4-061a7f73b92e,2026-08-14T09:45:00Z,2026-08-14T11:45:00+0200,18397.65234,MW,FR,FR,forecast_solar_generation,Solar,2026-08-20T04:49:42Z
2026-08-20T04:48:34Z,2026-08-20T06:48:34+0200,a8c862e9-3667-4aca-b3d4-061a7f73b92e,2026-08-14T10:00:00Z,2026-08-14T12:00:00+0200,18922.63086,MW,FR,FR,forecast_solar_generation,Solar,2026-08-20T04:49:42Z
2026-08-20T04:48:34Z,2026-08-20T06:48:34+0200,a8c862e9-3667-4aca-b3d4-061a7f73b92e,2026-08-14T10:15:00Z,2026-08-14T12:15:00+0200,19450.30469,MW,FR,FR,forecast_solar_generation,Solar,2026-08-20T04:49:42Z
2026-08-20T04:48:34Z,2026-08-20T06:48:34+0200,a8c862e9-3667-4aca-b3d4-061a7f73b92e,2026-08-14T10:30:00Z,2026-08-14T12:30:00+0200,19945.71094,MW,FR,FR,forecast_solar_generation,Solar,2026-08-20T04:49:42Z
2026-08-20T04:48:34Z,2026-08-20T06:48:34+0200,a8c862e9-3667-4aca-b3d4-061a7f73b92e,2026-08-14T10:45:00Z,2026-08-14T12:45:00+0200,20186.19727,MW,FR,FR,forecast_solar_generation,Solar,2026-08-20T04:49:42Z
2026-08-20T04:48:34Z,2026-08-20T06:48:34+0200,a8c862e9-3667-4aca-b3d4-061a7f73b92e,2026-08-14T11:00:00Z,2026-08-14T13:00:00+0200,20431.53125,MW,FR,FR,forecast_solar_generation,Solar,2026-08-20T04:49:42Z
2026-08-20T04:48:34Z,2026-08-20T06:48:34+0200,a8c862e9-3667-4aca-b3d4-061a7f73b92e,2026-08-14T11:15:00Z,2026-08-14T13:15:00+0200,20598.68359,MW,FR,FR,forecast_solar_generation,Solar,2026-08-20T04:49:42Z
2026-08-20T04:48:34Z,2026-08-20T06:48:34+0200,a8c862e9-3667-4aca-b3d4-061a7f73b92e,2026-08-14T11:30:00Z,2026-08-14T13:30:00+0200,20752.80664,MW,FR,FR,forecast_solar_generation,Solar,2026-08-20T04:49:42Z
2026-08-20T04:48:34Z,2026-08-20T06:48:34+0200,a8c862e9-3667-4aca-b3d4-061a7f73b92e,2026-08-14T11:45:00Z,2026-08-14T13:45:00+0200,20709.64844,MW,FR,FR,forecast_solar_generation,Solar,2026-08-20T04:49:42Z
2026-08-20T04:48:34Z,2026-08-20T06:48:34+0200,a8c862e9-3667-4aca-b3d4-061a7f73b92e,2026-08-14T12:00:00Z,2026-08-14T14:00:00+0200,20646.68164,MW,FR,FR,forecast_solar_generation,Solar,2026-08-20T04:49:42Z
2026-08-20T04:48:34Z,2026-08-20T06:48:34+0200,a8c862e9-3667-4aca-b3d4-061a7f73b92e,2026-08-14T12:15:00Z,2026-08-14T14:15:00+0200,20528.73047,MW,FR,FR,forecast_solar_generation,Solar,2026-08-20T04:49:42Z
2026-08-20T04:48:34Z,2026-08-20T06:48:34+0200,a8c862e9-3667-4aca-b3d4-061a7f73b92e,2026-08-14T12:30:00Z,2026-08-14T14:30:00+0200,20397.24414,MW,FR,FR,forecast_solar_generation,Solar,2026-08-20T04:49:42Z
2026-08-20T04:48:34Z,2026-08-20T06:48:34+0200,a8c862e9-3667-4aca-b3d4-061a7f73b92e,2026-08-14T12:45:00Z,2026-08-14T14:45:00+0200,20079.48047,MW,FR,FR,forecast_solar_generation,Solar,2026-08-20T04:49:42Z
2026-08-20T04:48:34Z,2026-08-20T06:48:34+0200,a8c862e9-3667-4aca-b3d4-061a7f73b92e,2026-08-14T13:00:00Z,2026-08-14T15:00:00+0200,19746.55273,MW,FR,FR,forecast_solar_generation,Solar,2026-08-20T04:49:42Z
2026-08-20T04:48:34Z,2026-08-20T06:48:34+0200,a8c862e9-3667-4aca-b3d4-061a7f73b92e,2026-08-14T13:15:00Z,2026-08-14T15:15:00+0200,19360.05859,MW,FR,FR,forecast_solar_generation,Solar,2026-08-20T04:49:42Z
2026-08-20T04:48:34Z,2026-08-20T06:48:34+0200,a8c862e9-3667-4aca-b3d4-061a7f73b92e,2026-08-14T13:30:00Z,2026-08-14T15:30:00+0200,18938.12891,MW,FR,FR,forecast_solar_generation,Solar,2026-08-20T04:49:42Z
2026-08-20T04:48:34Z,2026-08-20T06:48:34+0200,a8c862e9-3667-4aca-b3d4-061a7f73b92e,2026-08-14T13:45:00Z,2026-08-14T15:45:00+0200,18365.43945,MW,FR,FR,forecast_solar_generation,Solar,2026-08-20T04:49:42Z
2026-08-20T04:48:34Z,2026-08-20T06:48:34+0200,a8c862e9-3667-4aca-b3d4-061a7f73b92e,2026-08-14T14:00:00Z,2026-08-14T16:00:00+0200,17701.45312,MW,FR,FR,forecast_solar_generation,Solar,2026-08-20T04:49:42Z
2026-08-20T04:48:34Z,2026-08-20T06:48:34+0200,a8c862e9-3667-4aca-b3d4-061a7f73b92e,2026-08-14T14:15:00Z,2026-08-14T16:15:00+0200,17056.46094,MW,FR,FR,forecast_solar_generation,Solar,2026-08-20T04:49:42Z
2026-08-20T04:48:34Z,2026-08-20T06:48:34+0200,a8c862e9-3667-4aca-b3d4-061a7f73b92e,2026-08-14T14:30:00Z,2026-08-14T16:30:00+0200,16356.12988,MW,FR,FR,forecast_solar_generation,Solar,2026-08-20T04:49:42Z
2026-08-20T04:48:34Z,2026-08-20T06:48:34+0200,a8c862e9-3667-4aca-b3d4-061a7f73b92e,2026-08-14T14:45:00Z,2026-08-14T16:45:00+0200,15576.24805,MW,FR,FR,forecast_solar_generation,Solar,2026-08-20T04:49:42Z
2026-08-20T04:48:34Z,2026-08-20T06:48:34+0200,a8c862e9-3667-4aca-b3d4-061a7f73b92e,2026-08-14T15:00:00Z,2026-08-14T17:00:00+0200,14751.69434,MW,FR,FR,forecast_solar_generation,Solar,2026-08-20T04:49:42Z
2026-08-20T04:48:34Z,2026-08-20T06:48:34+0200,a8c862e9-3667-4aca-b3d4-061a7f73b92e,2026-08-14T15:15:00Z,2026-08-14T17:15:00+0200,13799.95215,MW,FR,FR,forecast_solar_generation,Solar,2026-08-20T04:49:42Z
2026-08-20T04:48:34Z,2026-08-20T06:48:34+0200,a8c862e9-3667-4aca-b3d4-061a7f73b92e,2026-08-14T15:30:00Z,2026-08-14T17:30:00+0200,12777.64355,MW,FR,FR,forecast_solar_generation,Solar,2026-08-20T04:49:42Z
2026-08-20T04:48:34Z,2026-08-20T06:48:34+0200,a8c862e9-3667-4aca-b3d4-061a7f73b92e,2026-08-14T15:45:00Z,2026-08-14T17:45:00+0200,11830.49316,MW,FR,FR,forecast_solar_generation,Solar,2026-08-20T04:49:42Z
2026-08-20T04:48:34Z,2026-08-20T06:48:34+0200,a8c862e9-3667-4aca-b3d4-061a7f73b92e,2026-08-14T16:00:00Z,2026-08-14T18:00:00+0200,10693.3418,MW,FR,FR,forecast_solar_generation,Solar,2026-08-20T04:49:42Z
2026-08-20T04:48:34Z,2026-08-20T06:48:34+0200,a8c862e9-3667-4aca-b3d4-061a7f73b92e,2026-08-14T16:15:00Z,2026-08-14T18:15:00+0200,9440.28027,MW,FR,FR,forecast_solar_generation,Solar,2026-08-20T04:49:42Z
2026-08-20T04:48:34Z,2026-08-20T06:48:34+0200,a8c862e9-3667-4aca-b3d4-061a7f73b92e,2026-08-14T16:30:00Z,2026-08-14T18:30:00+0200,8219.75,MW,FR,FR,forecast_solar_generation,Solar,2026-08-20T04:49:42Z
2026-08-20T04:48:34Z,2026-08-20T06:48:34+0200,a8c862e9-3667-4aca-b3d4-061a7f73b92e,2026-08-14T16:45:00Z,2026-08-14T18:45:00+0200,7236.87646,MW,FR,FR,forecast_solar_generation,Solar,2026-08-20T04:49:42Z
2026-08-20T04:48:34Z,2026-08-20T06:48:34+0200,a8c862e9-3667-4aca-b3d4-061a7f73b92e,2026-08-14T17:00:00Z,2026-08-14T19:00:00+0200,5881.32324,MW,FR,FR,forecast_solar_generation,Solar,2026-08-20T04:49:42Z
2026-08-20T04:48:34Z,2026-08-20T06:48:34+0200,a8c862e9-3667-4aca-b3d4-061a7f73b92e,2026-08-14T17:15:00Z,2026-08-14T19:15:00+0200,4903.03809,MW,FR,FR,forecast_solar_generation,Solar,2026-08-20T04:49:42Z
2026-08-20T04:48:34Z,2026-08-20T06:48:34+0200,a8c862e9-3667-4aca-b3d4-061a7f73b92e,2026-08-14T17:30:00Z,2026-08-14T19:30:00+0200,3651.97681,MW,FR,FR,forecast_solar_generation,Solar,2026-08-20T04:49:42Z
2026-08-20T04:48:34Z,2026-08-20T06:48:34+0200,a8c862e9-3667-4aca-b3d4-061a7f73b92e,2026-08-14T17:45:00Z,2026-08-14T19:45:00+0200,2908.19067,MW,FR,FR,forecast_solar_generation,Solar,2026-08-20T04:49:42Z
2026-08-20T04:48:34Z,2026-08-20T06:48:34+0200,a8c862e9-3667-4aca-b3d4-061a7f73b92e,2026-08-14T18:00:00Z,2026-08-14T20:00:00+0200,1992.09949,MW,FR,FR,forecast_solar_generation,Solar,2026-08-20T04:49:42Z
2026-08-20T04:48:34Z,2026-08-20T06:48:34+0200,a8c862e9-3667-4aca-b3d4-061a7f73b92e,2026-08-14T18:15:00Z,2026-08-14T20:15:00+0200,1317.09229,MW,FR,FR,forecast_solar_generation,Solar,2026-08-20T04:49:42Z
2026-08-20T04:48:34Z,2026-08-20T06:48:34+0200,a8c862e9-3667-4aca-b3d4-061a7f73b92e,2026-08-14T18:30:00Z,2026-08-14T20:30:00+0200,747.31567,MW,FR,FR,forecast_solar_generation,Solar,2026-08-20T04:49:42Z
2026-08-20T04:48:34Z,2026-08-20T06:48:34+0200,a8c862e9-3667-4aca-b3d4-061a7f73b92e,2026-08-14T18:45:00Z,2026-08-14T20:45:00+0200,411.28564,MW,FR,FR,forecast_solar_generation,Solar,2026-08-20T04:49:42Z
2026-08-20T04:48:34Z,2026-08-20T06:48:34+0200,a8c862e9-3667-4aca-b3d4-061a7f73b92e,2026-08-14T19:00:00Z,2026-08-14T21:00:00+0200,112.31654,MW,FR,FR,forecast_solar_generation,Solar,2026-08-20T04:49:42Z
2026-08-20T04:48:34Z,2026-08-20T06:48:34+0200,a8c862e9-3667-4aca-b3d4-061a7f73b92e,2026-08-14T19:15:00Z,2026-08-14T21:15:00+0200,8.16017,MW,FR,FR,forecast_solar_generation,Solar,2026-08-20T04:49:42Z
2026-08-20T04:48:34Z,2026-08-20T06:48:34+0200,a8c862e9-3667-4aca-b3d4-061a7f73b92e,2026-08-14T19:30:00Z,2026-08-14T21:30:00+0200,0.0,MW,FR,FR,forecast_solar_generation,Solar,2026-08-20T04:49:42Z
2026-08-20T04:48:34Z,2026-08-20T06:48:34+0200,a8c862e9-3667-4aca-b3d4-061a7f73b92e,2026-08-14T19:45:00Z,2026-08-14T21:45:00+0200,0.0,MW,FR,FR,forecast_solar_generation,Solar,2026-08-20T04:49:42Z
2026-08-20T04:48:34Z,2026-08-20T06:48:34+0200,a8c862e9-3667-4aca-b3d4-061a7f73b92e,2026-08-14T20:00:00Z,2026-08-14T22:00:00+0200,0.0,MW,FR,FR,forecast_solar_generation,Solar,2026-08-20T04:49:42Z
2026-08-20T04:48:34Z,2026-08-20T06:48:34+0200,a8c862e9-3667-4aca-b3d4-061a7f73b92e,2026-08-14T20:15:00Z,2026-08-14T22:15:00+0200,0.0,MW,FR,FR,forecast_solar_generation,Solar,2026-08-20T04:49:42Z
2026-08-20T04:48:34Z,2026-08-20T06:48:34+0200,a8c862e9-3667-4aca-b3d4-061a7f73b92e,2026-08-14T20:30:00Z,2026-08-14T22:30:00+0200,0.0,MW,FR,FR,forecast_solar_generation,Solar,2026-08-20T04:49:42Z
2026-08-20T04:48:34Z,2026-08-20T06:48:34+0200,a8c862e9-3667-4aca-b3d4-061a7f73b92e,2026-08-14T20:45:00Z,2026-08-14T22:45:00+0200,0.0,MW,FR,FR,forecast_solar_generation,Solar,2026-08-20T04:49:42Z
2026-08-20T04:48:34Z,2026-08-20T06:48:34+0200,a8c862e9-3667-4aca-b3d4-061a7f73b92e,2026-08-14T21:00:00Z,2026-08-14T23:00:00+0200,0.0,MW,FR,FR,forecast_solar_generation,Solar,2026-08-20T04:49:42Z
2026-08-20T04:48:34Z,2026-08-20T06:48:34+0200,a8c862e9-3667-4aca-b3d4-061a7f73b92e,2026-08-14T21:15:00Z,2026-08-14T23:15:00+0200,0.0,MW,FR,FR,forecast_solar_generation,Solar,2026-08-20T04:49:42Z
2026-08-20T04:48:34Z,2026-08-20T06:48:34+0200,a8c862e9-3667-4aca-b3d4-061a7f73b92e,2026-08-14T21:30:00Z,2026-08-14T23:30:00+0200,0.0,MW,FR,FR,forecast_solar_generation,Solar,2026-08-20T04:49:42Z
2026-08-20T04:48:34Z,2026-08-20T06:48:34+0200,a8c862e9-3667-4aca-b3d4-061a7f73b92e,2026-08-14T21:45:00Z,2026-08-14T23:45:00+0200,0.0,MW,FR,FR,forecast_solar_generation,Solar,2026-08-20T04:49:42Z
2026-08-20T04:48:34Z,2026-08-20T06:48:34+0200,a8c862e9-3667-4aca-b3d4-061a7f73b92e,2026-08-14T22:00:00Z,2026-08-15T00:00:00+0200,0.0,MW,FR,FR,forecast_solar_generation,Solar,2026-08-20T04:49:42Z
2026-08-20T04:48:34Z,2026-08-20T06:48:34+0200,a8c862e9-3667-4aca-b3d4-061a7f73b92e,2026-08-14T22:15:00Z,2026-08-15T00:15:00+0200,0.0,MW,FR,FR,forecast_solar_generation,Solar,2026-08-20T04:49:42Z
2026-08-20T04:48:34Z,2026-08-20T06:48:34+0200,a8c862e9-3667-4aca-b3d4-061a7f73b92e,2026-08-14T22:30:00Z,2026-08-15T00:30:00+0200,0.0,MW,FR,FR,forecast_solar_generation,Solar,2026-08-20T04:49:42Z
2026-08-20T04:48:34Z,2026-08-20T06:48:34+0200,a8c862e9-3667-4aca-b3d4-061a7f73b92e,2026-08-14T22:45:00Z,2026-08-15T00:45:00+0200,0.0,MW,FR,FR,forecast_solar_generation,Solar,2026-08-20T04:49:42Z
2026-08-20T04:48:34Z,2026-08-20T06:48:34+0200,a8c862e9-3667-4aca-b3d4-061a7f73b92e,2026-08-14T23:00:00Z,2026-08-15T01:00:00+0200,0.0,MW,FR,FR,forecast_solar_generation,Solar,2026-08-20T04:49:42Z
2026-08-20T04:48:34Z,2026-08-20T06:48:34+0200,a8c862e9-3667-4aca-b3d4-061a7f73b92e,2026-08-14T23:15:00Z,2026-08-15T01:15:00+0200,0.0,MW,FR,FR,forecast_solar_generation,Solar,2026-08-20T04:49:42Z
2026-08-20T04:48:34Z,2026-08-20T06:48:34+0200,a8c862e9-3667-4aca-b3d4-061a7f73b92e,2026-08-14T23:30:00Z,2026-08-15T01:30:00+0200,0.0,MW,FR,FR,forecast_solar_generation,Solar,2026-08-20T04:49:42Z
2026-08-20T04:48:34Z,2026-08-20T06:48:34+0200,a8c862e9-3667-4aca-b3d4-061a7f73b92e,2026-08-14T23:45:00Z,2026-08-15T01:45:00+0200,0.0,MW,FR,FR,forecast_solar_generation,Solar,2026-08-20T04:49:42Z
2026-08-20T04:48:34Z,2026-08-20T06:48:34+0200,a8c862e9-3667-4aca-b3d4-061a7f73b92e,2026-08-15T00:00:00Z,2026-08-15T02:00:00+0200,0.0,MW,FR,FR,forecast_solar_generation,Solar,2026-08-20T04:49:42Z
2026-08-20T04:48:34Z,2026-08-20T06:48:34+0200,a8c862e9-3667-4aca-b3d4-061a7f73b92e,2026-08-15T00:15:00Z,2026-08-15T02:15:00+0200,0.0,MW,FR,FR,forecast_solar_generation,Solar,2026-08-20T04:49:42Z
2026-08-20T04:48:34Z,2026-08-20T06:48:34+0200,a8c862e9-3667-4aca-b3d4-061a7f73b92e,2026-08-15T00:30:00Z,2026-08-15T02:30:00+0200,0.0,MW,FR,FR,forecast_solar_generation,Solar,2026-08-20T04:49:42Z
2026-08-20T04:48:34Z,2026-08-20T06:48:34+0200,a8c862e9-3667-4aca-b3d4-061a7f73b92e,2026-08-15T00:45:00Z,2026-08-15T02:45:00+0200,0.0,MW,FR,FR,forecast_solar_generation,Solar,2026-08-20T04:49:42Z
2026-08-20T04:48:34Z,2026-08-20T06:48:34+0200,a8c862e9-3667-4aca-b3d4-061a7f73b92e,2026-08-15T01:00:00Z,2026-08-15T03:00:00+0200,0.0,MW,FR,FR,forecast_solar_generation,Solar,2026-08-20T04:49:42Z
2026-08-20T04:48:34Z,2026-08-20T06:48:34+0200,a8c862e9-3667-4aca-b3d4-061a7f73b92e,2026-08-15T01:15:00Z,2026-08-15T03:15:00+0200,0.0,MW,FR,FR,forecast_solar_generation,Solar,2026-08-20T04:49:42Z
2026-08-20T04:48:34Z,2026-08-20T06:48:34+0200,a8c862e9-3667-4aca-b3d4-061a7f73b92e,2026-08-15T01:30:00Z,2026-08-15T03:30:00+0200,0.0,MW,FR,FR,forecast_solar_generation,Solar,2026-08-20T04:49:42Z
2026-08-20T04:48:34Z,2026-08-20T06:48:34+0200,a8c862e9-3667-4aca-b3d4-061a7f73b92e,2026-08-15T01:45:00Z,2026-08-15T03:45:00+0200,0.0,MW,FR,FR,forecast_solar_generation,Solar,2026-08-20T04:49:42Z
2026-08-20T04:48:34Z,2026-08-20T06:48:34+0200,a8c862e9-3667-4aca-b3d4-061a7f73b92e,2026-08-15T02:00:00Z,2026-08-15T04:00:00+0200,0.0,MW,FR,FR,forecast_solar_generation,Solar,2026-08-20T04:49:42Z
2026-08-20T04:48:34Z,2026-08-20T06:48:34+0200,a8c862e9-3667-4aca-b3d4-061a7f73b92e,2026-08-15T02:15:00Z,2026-08-15T04:15:00+0200,0.0,MW,FR,FR,forecast_solar_generation,Solar,2026-08-20T04:49:42Z
2026-08-20T04:48:34Z,2026-08-20T06:48:34+0200,a8c862e9-3667-4aca-b3d4-061a7f73b92e,2026-08-15T02:30:00Z,2026-08-15T04:30:00+0200,0.0,MW,FR,FR,forecast_solar_generation,Solar,2026-08-20T04:49:42Z
2026-08-20T04:48:34Z,2026-08-20T06:48:34+0200,a8c862e9-3667-4aca-b3d4-061a7f73b92e,2026-08-15T02:45:00Z,2026-08-15T04:45:00+0200,0.0,MW,FR,FR,forecast_solar_generation,Solar,2026-08-20T04:49:42Z
2026-08-20T04:48:34Z,2026-08-20T06:48:34+0200,a8c862e9-3667-4aca-b3d4-061a7f73b92e,2026-08-15T03:00:00Z,2026-08-15T05:00:00+0200,0.0,MW,FR,FR,forecast_solar_generation,Solar,2026-08-20T04:49:42Z
2026-08-20T04:48:34Z,2026-08-20T06:48:34+0200,a8c862e9-3667-4aca-b3d4-061a7f73b92e,2026-08-15T03:15:00Z,2026-08-15T05:15:00+0200,0.0,MW,FR,FR,forecast_solar_generation,Solar,2026-08-20T04:49:42Z
2026-08-20T04:48:34Z,2026-08-20T06:48:34+0200,a8c862e9-3667-4aca-b3d4-061a7f73b92e,2026-08-15T03:30:00Z,2026-08-15T05:30:00+0200,0.0,MW,FR,FR,forecast_solar_generation,Solar,2026-08-20T04:49:42Z
2026-08-20T04:48:34Z,2026-08-20T06:48:34+0200,a8c862e9-3667-4aca-b3d4-061a7f73b92e,2026-08-15T03:45:00Z,2026-08-15T05:45:00+0200,0.0,MW,FR,FR,forecast_solar_generation,Solar,2026-08-20T04:49:42Z
2026-08-20T04:48:34Z,2026-08-20T06:48:34+0200,a8c862e9-3667-4aca-b3d4-061a7f73b92e,2026-08-15T04:00:00Z,2026-08-15T06:00:00+0200,0.0,MW,FR,FR,forecast_solar_generation,Solar,2026-08-20T04:49:42Z
2026-08-20T04:48:34Z,2026-08-20T06:48:34+0200,a8c862e9-3667-4aca-b3d4-061a7f73b92e,2026-08-15T04:15:00Z,2026-08-15T06:15:00+0200,0.0,MW,FR,FR,forecast_solar_generation,Solar,2026-08-20T04:49:42Z
2026-08-20T04:48:34Z,2026-08-20T06:48:34+0200,a8c862e9-3667-4aca-b3d4-061a7f73b92e,2026-08-15T04:30:00Z,2026-08-15T06:30:00+0200,8.61394,MW,FR,FR,forecast_solar_generation,Solar,2026-08-20T04:49:42Z
2026-08-20T04:48:34Z,2026-08-20T06:48:34+0200,a8c862e9-3667-4aca-b3d4-061a7f73b92e,2026-08-15T04:45:00Z,2026-08-15T06:45:00+0200,70.10184,MW,FR,FR,forecast_solar_generation,Solar,2026-08-20T04:49:42Z
2026-08-20T04:48:34Z,2026-08-20T06:48:34+0200,a8c862e9-3667-4aca-b3d4-061a7f73b92e,2026-08-15T05:00:00Z,2026-08-15T07:00:00+0200,253.61604,MW,FR,FR,forecast_solar_generation,Solar,2026-08-20T04:49:42Z
2026-08-20T04:48:34Z,2026-08-20T06:48:34+0200,a8c862e9-3667-4aca-b3d4-061a7f73b92e,2026-08-15T05:15:00Z,2026-08-15T07:15:00+0200,482.66791,MW,FR,FR,forecast_solar_generation,Solar,2026-08-20T04:49:42Z
2026-08-20T04:48:34Z,2026-08-20T06:48:34+0200,a8c862e9-3667-4aca-b3d4-061a7f73b92e,2026-08-15T05:30:00Z,2026-08-15T07:30:00+0200,718.78223,MW,FR,FR,forecast_solar_generation,Solar,2026-08-20T04:49:42Z
2026-08-20T04:48:34Z,2026-08-20T06:48:34+0200,a8c862e9-3667-4aca-b3d4-061a7f73b92e,2026-08-15T05:45:00Z,2026-08-15T07:45:00+0200,1219.15442,MW,FR,FR,forecast_solar_generation,Solar,2026-08-20T04:49:42Z
2026-08-20T04:48:34Z,2026-08-20T06:48:34+0200,a8c862e9-3667-4aca-b3d4-061a7f73b92e,2026-08-15T06:00:00Z,2026-08-15T08:00:00+0200,1841.80591,MW,FR,FR,forecast_solar_generation,Solar,2026-08-20T04:49:42Z
2026-08-20T04:48:34Z,2026-08-20T06:48:34+0200,a8c862e9-3667-4aca-b3d4-061a7f73b92e,2026-08-15T06:15:00Z,2026-08-15T08:15:00+0200,2779.92554,MW,FR,FR,forecast_solar_generation,Solar,2026-08-20T04:49:42Z
2026-08-20T04:48:34Z,2026-08-20T06:48:34+0200,a8c862e9-3667-4aca-b3d4-061a7f73b92e,2026-08-15T06:30:00Z,2026-08-15T08:30:00+0200,3544.04907,MW,FR,FR,forecast_solar_generation,Solar,2026-08-20T04:49:42Z
2026-08-20T04:48:34Z,2026-08-20T06:48:34+0200,a8c862e9-3667-4aca-b3d4-061a7f73b92e,2026-08-15T06:45:00Z,2026-08-15T08:45:00+0200,4740.37402,MW,FR,FR,forecast_solar_generation,Solar,2026-08-20T04:49:42Z
2026-08-20T04:48:34Z,2026-08-20T06:48:34+0200,a8c862e9-3667-4aca-b3d4-061a7f73b92e,2026-08-15T07:00:00Z,2026-08-15T09:00:00+0200,5693.98047,MW,FR,FR,forecast_solar_generation,Solar,2026-08-20T04:49:42Z
2026-08-20T04:48:34Z,2026-08-20T06:48:34+0200,a8c862e9-3667-4aca-b3d4-061a7f73b92e,2026-08-15T07:15:00Z,2026-08-15T09:15:00+0200,6971.04639,MW,FR,FR,forecast_solar_generation,Solar,2026-08-20T04:49:42Z
2026-08-20T04:48:34Z,2026-08-20T06:48:34+0200,a8c862e9-3667-4aca-b3d4-061a7f73b92e,2026-08-15T07:30:00Z,2026-08-15T09:30:00+0200,7967.19385,MW,FR,FR,forecast_solar_generation,Solar,2026-08-20T04:49:42Z
2026-08-20T04:48:34Z,2026-08-20T06:48:34+0200,a8c862e9-3667-4aca-b3d4-061a7f73b92e,2026-08-15T07:45:00Z,2026-08-15T09:45:00+0200,9100.03711,MW,FR,FR,forecast_solar_generation,Solar,2026-08-20T04:49:42Z
2026-08-20T04:48:34Z,2026-08-20T06:48:34+0200,a8c862e9-3667-4aca-b3d4-061a7f73b92e,2026-08-15T08:00:00Z,2026-08-15T10:00:00+0200,10147.7334,MW,FR,FR,forecast_solar_generation,Solar,2026-08-20T04:49:42Z
2026-08-20T04:48:34Z,2026-08-20T06:48:34+0200,a8c862e9-3667-4aca-b3d4-061a7f73b92e,2026-08-15T08:15:00Z,2026-08-15T10:15:00+0200,11343.66992,MW,FR,FR,forecast_solar_generation,Solar,2026-08-20T04:49:42Z
2026-08-20T04:48:34Z,2026-08-20T06:48:34+0200,a8c862e9-3667-4aca-b3d4-061a7f73b92e,2026-08-15T08:30:00Z,2026-08-15T10:30:00+0200,12329.48145,MW,FR,FR,forecast_solar_generation,Solar,2026-08-20T04:49:42Z
2026-08-20T04:48:34Z,2026-08-20T06:48:34+0200,a8c862e9-3667-4aca-b3d4-061a7f73b92e,2026-08-15T08:45:00Z,2026-08-15T10:45:00+0200,13211.56836,MW,FR,FR,forecast_solar_generation,Solar,2026-08-20T04:49:42Z
2026-08-20T04:48:34Z,2026-08-20T06:48:34+0200,a8c862e9-3667-4aca-b3d4-061a7f73b92e,2026-08-15T09:00:00Z,2026-08-15T11:00:00+0200,14016.16406,MW,FR,FR,forecast_solar_generation,Solar,2026-08-20T04:49:42Z
2026-08-20T04:48:34Z,2026-08-20T06:48:34+0200,a8c862e9-3667-4aca-b3d4-061a7f73b92e,2026-08-15T09:15:00Z,2026-08-15T11:15:00+0200,14911.34863,MW,FR,FR,forecast_solar_generation,Solar,2026-08-20T04:49:42Z
2026-08-20T04:48:34Z,2026-08-20T06:48:34+0200,a8c862e9-3667-4aca-b3d4-061a7f73b92e,2026-08-15T09:30:00Z,2026-08-15T11:30:00+0200,15656.37402,MW,FR,FR,forecast_solar_generation,Solar,2026-08-20T04:49:42Z
2026-08-20T04:48:34Z,2026-08-20T06:48:34+0200,a8c862e9-3667-4aca-b3d4-061a7f73b92e,2026-08-15T09:45:00Z,2026-08-15T11:45:00+0200,16170.75,MW,FR,FR,forecast_solar_generation,Solar,2026-08-20T04:49:42Z
2026-08-20T04:48:34Z,2026-08-20T06:48:34+0200,a8c862e9-3667-4aca-b3d4-061a7f73b92e,2026-08-15T10:00:00Z,2026-08-15T12:00:00+0200,16671.875,MW,FR,FR,forecast_solar_generation,Solar,2026-08-20T04:49:42Z
2026-08-20T04:48:34Z,2026-08-20T06:48:34+0200,a8c862e9-3667-4aca-b3d4-061a7f73b92e,2026-08-15T10:15:00Z,2026-08-15T12:15:00+0200,17081.71484,MW,FR,FR,forecast_solar_generation,Solar,2026-08-20T04:49:42Z
2026-08-20T04:48:34Z,2026-08-20T06:48:34+0200,a8c862e9-3667-4aca-b3d4-061a7f73b92e,2026-08-15T10:30:00Z,2026-08-15T12:30:00+0200,17551.64453,MW,FR,FR,forecast_solar_generation,Solar,2026-08-20T04:49:42Z
2026-08-20T04:48:34Z,2026-08-20T06:48:34+0200,a8c862e9-3667-4aca-b3d4-061a7f73b92e,2026-08-15T10:45:00Z,2026-08-15T12:45:00+0200,17781.54297,MW,FR,FR,forecast_solar_generation,Solar,2026-08-20T04:49:42Z
2026-08-20T04:48:34Z,2026-08-20T06:48:34+0200,a8c862e9-3667-4aca-b3d4-061a7f73b92e,2026-08-15T11:00:00Z,2026-08-15T13:00:00+0200,18034.48828,MW,FR,FR,forecast_solar_generation,Solar,2026-08-20T04:49:42Z
2026-08-20T04:48:34Z,2026-08-20T06:48:34+0200,a8c862e9-3667-4aca-b3d4-061a7f73b92e,2026-08-15T11:15:00Z,2026-08-15T13:15:00+0200,18188.55859,MW,FR,FR,forecast_solar_generation,Solar,2026-08-20T04:49:42Z
2026-08-20T04:48:34Z,2026-08-20T06:48:34+0200,a8c862e9-3667-4aca-b3d4-061a7f73b92e,2026-08-15T11:30:00Z,2026-08-15T13:30:00+0200,18363.20312,MW,FR,FR,forecast_solar_generation,Solar,2026-08-20T04:49:42Z
2026-08-20T04:48:34Z,2026-08-20T06:48:34+0200,a8c862e9-3667-4aca-b3d4-061a7f73b92e,2026-08-15T11:45:00Z,2026-08-15T13:45:00+0200,18367.4375,MW,FR,FR,forecast_solar_generation,Solar,2026-08-20T04:49:42Z
2026-08-20T04:48:34Z,2026-08-20T06:48:34+0200,a8c862e9-3667-4aca-b3d4-061a7f73b92e,2026-08-15T12:00:00Z,2026-08-15T14:00:00+0200,18352.92578,MW,FR,FR,forecast_solar_generation,Solar,2026-08-20T04:49:42Z
2026-08-20T04:48:34Z,2026-08-20T06:48:34+0200,a8c862e9-3667-4aca-b3d4-061a7f73b92e,2026-08-15T12:15:00Z,2026-08-15T14:15:00+0200,18289.30469,MW,FR,FR,forecast_solar_generation,Solar,2026-08-20T04:49:42Z
2026-08-20T04:48:34Z,2026-08-20T06:48:34+0200,a8c862e9-3667-4aca-b3d4-061a7f73b92e,2026-08-15T12:30:00Z,2026-08-15T14:30:00+0200,18217.15625,MW,FR,FR,forecast_solar_generation,Solar,2026-08-20T04:49:42Z
2026-08-20T04:48:34Z,2026-08-20T06:48:34+0200,a8c862e9-3667-4aca-b3d4-061a7f73b92e,2026-08-15T12:45:00Z,2026-08-15T14:45:00+0200,17908.82031,MW,FR,FR,forecast_solar_generation,Solar,2026-08-20T04:49:42Z
2026-08-20T04:48:34Z,2026-08-20T06:48:34+0200,a8c862e9-3667-4aca-b3d4-061a7f73b92e,2026-08-15T13:00:00Z,2026-08-15T15:00:00+0200,17583.23633,MW,FR,FR,forecast_solar_generation,Solar,2026-08-20T04:49:42Z
2026-08-20T04:48:34Z,2026-08-20T06:48:34+0200,a8c862e9-3667-4aca-b3d4-061a7f73b92e,2026-08-15T13:15:00Z,2026-08-15T15:15:00+0200,17202.66016,MW,FR,FR,forecast_solar_generation,Solar,2026-08-20T04:49:42Z
2026-08-20T04:48:34Z,2026-08-20T06:48:34+0200,a8c862e9-3667-4aca-b3d4-061a7f73b92e,2026-08-15T13:30:00Z,2026-08-15T15:30:00+0200,16833.16406,MW,FR,FR,forecast_solar_generation,Solar,2026-08-20T04:49:42Z
2026-08-20T04:48:34Z,2026-08-20T06:48:34+0200,a8c862e9-3667-4aca-b3d4-061a7f73b92e,2026-08-15T13:45:00Z,2026-08-15T15:45:00+0200,16158.32324,MW,FR,FR,forecast_solar_generation,Solar,2026-08-20T04:49:42Z
2026-08-20T04:48:34Z,2026-08-20T06:48:34+0200,a8c862e9-3667-4aca-b3d4-061a7f73b92e,2026-08-15T14:00:00Z,2026-08-15T16:00:00+0200,15482.3584,MW,FR,FR,forecast_solar_generation,Solar,2026-08-20T04:49:42Z
2026-08-20T04:48:34Z,2026-08-20T06:48:34+0200,a8c862e9-3667-4aca-b3d4-061a7f73b92e,2026-08-15T14:15:00Z,2026-08-15T16:15:00+0200,14767.21289,MW,FR,FR,forecast_solar_generation,Solar,2026-08-20T04:49:42Z
2026-08-20T04:48:34Z,2026-08-20T06:48:34+0200,a8c862e9-3667-4aca-b3d4-061a7f73b92e,2026-08-15T14:30:00Z,2026-08-15T16:30:00+0200,14081.47168,MW,FR,FR,forecast_solar_generation,Solar,2026-08-20T04:49:42Z
2026-08-20T04:48:34Z,2026-08-20T06:48:34+0200,a8c862e9-3667-4aca-b3d4-061a7f73b92e,2026-08-15T14:45:00Z,2026-08-15T16:45:00+0200,13417.49707,MW,FR,FR,forecast_solar_generation,Solar,2026-08-20T04:49:42Z
2026-08-20T04:48:34Z,2026-08-20T06:48:34+0200,a8c862e9-3667-4aca-b3d4-061a7f73b92e,2026-08-15T15:00:00Z,2026-08-15T17:00:00+0200,12758.27344,MW,FR,FR,forecast_solar_generation,Solar,2026-08-20T04:49:42Z
2026-08-20T04:48:34Z,2026-08-20T06:48:34+0200,a8c862e9-3667-4aca-b3d4-061a7f73b92e,2026-08-15T15:15:00Z,2026-08-15T17:15:00+0200,11825.63379,MW,FR,FR,forecast_solar_generation,Solar,2026-08-20T04:49:42Z
2026-08-20T04:48:34Z,2026-08-20T06:48:34+0200,a8c862e9-3667-4aca-b3d4-061a7f73b92e,2026-08-15T15:30:00Z,2026-08-15T17:30:00+0200,10936.33496,MW,FR,FR,forecast_solar_generation,Solar,2026-08-20T04:49:42Z
2026-08-20T04:48:34Z,2026-08-20T06:48:34+0200,a8c862e9-3667-4aca-b3d4-061a7f73b92e,2026-08-15T15:45:00Z,2026-08-15T17:45:00+0200,10018.61133,MW,FR,FR,forecast_solar_generation,Solar,2026-08-20T04:49:42Z
2026-08-20T04:48:34Z,2026-08-20T06:48:34+0200,a8c862e9-3667-4aca-b3d4-061a7f73b92e,2026-08-15T16:00:00Z,2026-08-15T18:00:00+0200,9026.30664,MW,FR,FR,forecast_solar_generation,Solar,2026-08-20T04:49:42Z
2026-08-20T04:48:34Z,2026-08-20T06:48:34+0200,a8c862e9-3667-4aca-b3d4-061a7f73b92e,2026-08-15T16:15:00Z,2026-08-15T18:15:00+0200,7825.80762,MW,FR,FR,forecast_solar_generation,Solar,2026-08-20T04:49:42Z
2026-08-20T04:48:34Z,2026-08-20T06:48:34+0200,a8c862e9-3667-4aca-b3d4-061a7f73b92e,2026-08-15T16:30:00Z,2026-08-15T18:30:00+0200,6821.63672,MW,FR,FR,forecast_solar_generation,Solar,2026-08-20T04:49:42Z
2026-08-20T04:48:34Z,2026-08-20T06:48:34+0200,a8c862e9-3667-4aca-b3d4-061a7f73b92e,2026-08-15T16:45:00Z,2026-08-15T18:45:00+0200,5942.18408,MW,FR,FR,forecast_solar_generation,Solar,2026-08-20T04:49:42Z
2026-08-20T04:48:34Z,2026-08-20T06:48:34+0200,a8c862e9-3667-4aca-b3d4-061a7f73b92e,2026-08-15T17:00:00Z,2026-08-15T19:00:00+0200,4767.20654,MW,FR,FR,forecast_solar_generation,Solar,2026-08-20T04:49:42Z
2026-08-20T04:48:34Z,2026-08-20T06:48:34+0200,a8c862e9-3667-4aca-b3d4-061a7f73b92e,2026-08-15T17:15:00Z,2026-08-15T19:15:00+0200,3928.08203,MW,FR,FR,forecast_solar_generation,Solar,2026-08-20T04:49:42Z
2026-08-20T04:48:34Z,2026-08-20T06:48:34+0200,a8c862e9-3667-4aca-b3d4-061a7f73b92e,2026-08-15T17:30:00Z,2026-08-15T19:30:00+0200,2952.43774,MW,FR,FR,forecast_solar_generation,Solar,2026-08-20T04:49:42Z
2026-08-20T04:48:34Z,2026-08-20T06:48:34+0200,a8c862e9-3667-4aca-b3d4-061a7f73b92e,2026-08-15T17:45:00Z,2026-08-15T19:45:00+0200,2307.62329,MW,FR,FR,forecast_solar_generation,Solar,2026-08-20T04:49:42Z
2026-08-20T04:48:34Z,2026-08-20T06:48:34+0200,a8c862e9-3667-4aca-b3d4-061a7f73b92e,2026-08-15T18:00:00Z,2026-08-15T20:00:00+0200,1604.77783,MW,FR,FR,forecast_solar_generation,Solar,2026-08-20T04:49:42Z
2026-08-20T04:48:34Z,2026-08-20T06:48:34+0200,a8c862e9-3667-4aca-b3d4-061a7f73b92e,2026-08-15T18:15:00Z,2026-08-15T20:15:00+0200,1055.51672,MW,FR,FR,forecast_solar_generation,Solar,2026-08-20T04:49:42Z
2026-08-20T04:48:34Z,2026-08-20T06:48:34+0200,a8c862e9-3667-4aca-b3d4-061a7f73b92e,2026-08-15T18:30:00Z,2026-08-15T20:30:00+0200,599.22565,MW,FR,FR,forecast_solar_generation,Solar,2026-08-20T04:49:42Z
2026-08-20T04:48:34Z,2026-08-20T06:48:34+0200,a8c862e9-3667-4aca-b3d4-061a7f73b92e,2026-08-15T18:45:00Z,2026-08-15T20:45:00+0200,329.50714,MW,FR,FR,forecast_solar_generation,Solar,2026-08-20T04:49:42Z
2026-08-20T04:48:34Z,2026-08-20T06:48:34+0200,a8c862e9-3667-4aca-b3d4-061a7f73b92e,2026-08-15T19:00:00Z,2026-08-15T21:00:00+0200,83.25016,MW,FR,FR,forecast_solar_generation,Solar,2026-08-20T04:49:42Z
2026-08-20T04:48:34Z,2026-08-20T06:48:34+0200,a8c862e9-3667-4aca-b3d4-061a7f73b92e,2026-08-15T19:15:00Z,2026-08-15T21:15:00+0200,6.34262,MW,FR,FR,forecast_solar_generation,Solar,2026-08-20T04:49:42Z
2026-08-20T04:48:34Z,2026-08-20T06:48:34+0200,a8c862e9-3667-4aca-b3d4-061a7f73b92e,2026-08-15T19:30:00Z,2026-08-15T21:30:00+0200,0.0,MW,FR,FR,forecast_solar_generation,Solar,2026-08-20T04:49:42Z
2026-08-20T04:48:34Z,2026-08-20T06:48:34+0200,a8c862e9-3667-4aca-b3d4-061a7f73b92e,2026-08-15T19:45:00Z,2026-08-15T21:45:00+0200,0.0,MW,FR,FR,forecast_solar_generation,Solar,2026-08-20T04:49:42Z
2026-08-20T04:48:34Z,2026-08-20T06:48:34+0200,a8c862e9-3667-4aca-b3d4-061a7f73b92e,2026-08-15T20:00:00Z,2026-08-15T22:00:00+0200,0.0,MW,FR,FR,forecast_solar_generation,Solar,2026-08-20T04:49:42Z
2026-08-20T04:48:34Z,2026-08-20T06:48:34+0200,a8c862e9-3667-4aca-b3d4-061a7f73b92e,2026-08-15T20:15:00Z,2026-08-15T22:15:00+0200,0.0,MW,FR,FR,forecast_solar_generation,Solar,2026-08-20T04:49:42Z
2026-08-20T04:48:34Z,2026-08-20T06:48:34+0200,a8c862e9-3667-4aca-b3d4-061a7f73b92e,2026-08-15T20:30:00Z,2026-08-15T22:30:00+0200,0.0,MW,FR,FR,forecast_solar_generation,Solar,2026-08-20T04:49:42Z
2026-08-20T04:48:34Z,2026-08-20T06:48:34+0200,a8c862e9-3667-4aca-b3d4-061a7f73b92e,2026-08-15T20:45:00Z,2026-08-15T22:45:00+0200,0.0,MW,FR,FR,forecast_solar_generation,Solar,2026-08-20T04:49:42Z
2026-08-20T04:48:34Z,2026-08-20T06:48:34+0200,a8c862e9-3667-4aca-b3d4-061a7f73b92e,2026-08-15T21:00:00Z,2026-08-15T23:00:00+0200,0.0,MW,FR,FR,forecast_solar_generation,Solar,2026-08-20T04:49:42Z
2026-08-20T04:48:34Z,2026-08-20T06:48:34+0200,a8c862e9-3667-4aca-b3d4-061a7f73b92e,2026-08-15T21:15:00Z,2026-08-15T23:15:00+0200,0.0,MW,FR,FR,forecast_solar_generation,Solar,2026-08-20T04:49:42Z
2026-08-20T04:48:34Z,2026-08-20T06:48:34+0200,a8c862e9-3667-4aca-b3d4-061a7f73b92e,2026-08-15T21:30:00Z,2026-08-15T23:30:00+0200,0.0,MW,FR,FR,forecast_solar_generation,Solar,2026-08-20T04:49:42Z
2026-08-20T04:48:34Z,2026-08-20T06:48:34+0200,a8c862e9-3667-4aca-b3d4-061a7f73b92e,2026-08-15T21:45:00Z,2026-08-15T23:45:00+0200,0.0,MW,FR,FR,forecast_solar_generation,Solar,2026-08-20T04:49:42Z
2026-08-20T04:48:34Z,2026-08-20T06:48:34+0200,a8c862e9-3667-4aca-b3d4-061a7f73b92e,2026-08-15T22:00:00Z,2026-08-16T00:00:00+0200,0.0,MW,FR,FR,forecast_solar_generation,Solar,2026-08-20T04:49:42Z
2026-08-20T04:48:34Z,2026-08-20T06:48:34+0200,a8c862e9-3667-4aca-b3d4-061a7f73b92e,2026-08-15T22:15:00Z,2026-08-16T00:15:00+0200,0.0,MW,FR,FR,forecast_solar_generation,Solar,2026-08-20T04:49:42Z
2026-08-20T04:48:34Z,2026-08-20T06:48:34+0200,a8c862e9-3667-4aca-b3d4-061a7f73b92e,2026-08-15T22:30:00Z,2026-08-16T00:30:00+0200,0.0,MW,FR,FR,forecast_solar_generation,Solar,2026-08-20T04:49:42Z
2026-08-20T04:48:34Z,2026-08-20T06:48:34+0200,a8c862e9-3667-4aca-b3d4-061a7f73b92e,2026-08-15T22:45:00Z,2026-08-16T00:45:00+0200,0.0,MW,FR,FR,forecast_solar_generation,Solar,2026-08-20T04:49:42Z
2026-08-20T04:48:34Z,2026-08-20T06:48:34+0200,a8c862e9-3667-4aca-b3d4-061a7f73b92e,2026-08-15T23:00:00Z,2026-08-16T01:00:00+0200,0.0,MW,FR,FR,forecast_solar_generation,Solar,2026-08-20T04:49:42Z
2026-08-20T04:48:34Z,2026-08-20T06:48:34+0200,a8c862e9-3667-4aca-b3d4-061a7f73b92e,2026-08-15T23:15:00Z,2026-08-16T01:15:00+0200,0.0,MW,FR,FR,forecast_solar_generation,Solar,2026-08-20T04:49:42Z
2026-08-20T04:48:34Z,2026-08-20T06:48:34+0200,a8c862e9-3667-4aca-b3d4-061a7f73b92e,2026-08-15T23:30:00Z,2026-08-16T01:30:00+0200,0.0,MW,FR,FR,forecast_solar_generation,Solar,2026-08-20T04:49:42Z
2026-08-20T04:48:34Z,2026-08-20T06:48:34+0200,a8c862e9-3667-4aca-b3d4-061a7f73b92e,2026-08-15T23:45:00Z,2026-08-16T01:45:00+0200,0.0,MW,FR,FR,forecast_solar_generation,Solar,2026-08-20T04:49:42Z
2026-08-20T04:48:34Z,2026-08-20T06:48:34+0200,a8c862e9-3667-4aca-b3d4-061a7f73b92e,2026-08-16T00:00:00Z,2026-08-16T02:00:00+0200,0.0,MW,FR,FR,forecast_solar_generation,Solar,2026-08-20T04:49:42Z
2026-08-20T04:48:34Z,2026-08-20T06:48:34+0200,a8c862e9-3667-4aca-b3d4-061a7f73b92e,2026-08-16T00:15:00Z,2026-08-16T02:15:00+0200,0.0,MW,FR,FR,forecast_solar_generation,Solar,2026-08-20T04:49:42Z
2026-08-20T04:48:34Z,2026-08-20T06:48:34+0200,a8c862e9-3667-4aca-b3d4-061a7f73b92e,2026-08-16T00:30:00Z,2026-08-16T02:30:00+0200,0.0,MW,FR,FR,forecast_solar_generation,Solar,2026-08-20T04:49:42Z
2026-08-20T04:48:34Z,2026-08-20T06:48:34+0200,a8c862e9-3667-4aca-b3d4-061a7f73b92e,2026-08-16T00:45:00Z,2026-08-16T02:45:00+0200,0.0,MW,FR,FR,forecast_solar_generation,Solar,2026-08-20T04:49:42Z
2026-08-20T04:48:34Z,2026-08-20T06:48:34+0200,a8c862e9-3667-4aca-b3d4-061a7f73b92e,2026-08-16T01:00:00Z,2026-08-16T03:00:00+0200,0.0,MW,FR,FR,forecast_solar_generation,Solar,2026-08-20T04:49:42Z
2026-08-20T04:48:34Z,2026-08-20T06:48:34+0200,a8c862e9-3667-4aca-b3d4-061a7f73b92e,2026-08-16T01:15:00Z,2026-08-16T03:15:00+0200,0.0,MW,FR,FR,forecast_solar_generation,Solar,2026-08-20T04:49:42Z
2026-08-20T04:48:34Z,2026-08-20T06:48:34+0200,a8c862e9-3667-4aca-b3d4-061a7f73b92e,2026-08-16T01:30:00Z,2026-08-16T03:30:00+0200,0.0,MW,FR,FR,forecast_solar_generation,Solar,2026-08-20T04:49:42Z
2026-08-20T04:48:34Z,2026-08-20T06:48:34+0200,a8c862e9-3667-4aca-b3d4-061a7f73b92e,2026-08-16T01:45:00Z,2026-08-16T03:45:00+0200,0.0,MW,FR,FR,forecast_solar_generation,Solar,2026-08-20T04:49:42Z
2026-08-20T04:48:34Z,2026-08-20T06:48:34+0200,a8c862e9-3667-4aca-b3d4-061a7f73b92e,2026-08-16T02:00:00Z,2026-08-16T04:00:00+0200,0.0,MW,FR,FR,forecast_solar_generation,Solar,2026-08-20T04:49:42Z
2026-08-20T04:48:34Z,2026-08-20T06:48:34+0200,a8c862e9-3667-4aca-b3d4-061a7f73b92e,2026-08-16T02:15:00Z,2026-08-16T04:15:00+0200,0.0,MW,FR,FR,forecast_solar_generation,Solar,2026-08-20T04:49:42Z
2026-08-20T04:48:34Z,2026-08-20T06:48:34+0200,a8c862e9-3667-4aca-b3d4-061a7f73b92e,2026-08-16T02:30:00Z,2026-08-16T04:30:00+0200,0.0,MW,FR,FR,forecast_solar_generation,Solar,2026-08-20T04:49:42Z
2026-08-20T04:48:34Z,2026-08-20T06:48:34+0200,a8c862e9-3667-4aca-b3d4-061a7f73b92e,2026-08-16T02:45:00Z,2026-08-16T04:45:00+0200,0.0,MW,FR,FR,forecast_solar_generation,Solar,2026-08-20T04:49:42Z
2026-08-20T04:48:34Z,2026-08-20T06:48:34+0200,a8c862e9-3667-4aca-b3d4-061a7f73b92e,2026-08-16T03:00:00Z,2026-08-16T05:00:00+0200,0.0,MW,FR,FR,forecast_solar_generation,Solar,2026-08-20T04:49:42Z
2026-08-20T04:48:34Z,2026-08-20T06:48:34+0200,a8c862e9-3667-4aca-b3d4-061a7f73b92e,2026-08-16T03:15:00Z,2026-08-16T05:15:00+0200,0.0,MW,FR,FR,forecast_solar_generation,Solar,2026-08-20T04:49:42Z
2026-08-20T04:48:34Z,2026-08-20T06:48:34+0200,a8c862e9-3667-4aca-b3d4-061a7f73b92e,2026-08-16T03:30:00Z,2026-08-16T05:30:00+0200,0.0,MW,FR,FR,forecast_solar_generation,Solar,2026-08-20T04:49:42Z
2026-08-20T04:48:34Z,2026-08-20T06:48:34+0200,a8c862e9-3667-4aca-b3d4-061a7f73b92e,2026-08-16T03:45:00Z,2026-08-16T05:45:00+0200,0.0,MW,FR,FR,forecast_solar_generation,Solar,2026-08-20T04:49:42Z
2026-08-20T04:48:34Z,2026-08-20T06:48:34+0200,a8c862e9-3667-4aca-b3d4-061a7f73b92e,2026-08-16T04:00:00Z,2026-08-16T06:00:00+0200,0.0,MW,FR,FR,forecast_solar_generation,Solar,2026-08-20T04:49:42Z
2026-08-20T04:48:34Z,2026-08-20T06:48:34+0200,a8c862e9-3667-4aca-b3d4-061a7f73b92e,2026-08-16T04:15:00Z,2026-08-16T06:15:00+0200,0.0,MW,FR,FR,forecast_solar_generation,Solar,2026-08-20T04:49:42Z
2026-08-20T04:48:34Z,2026-08-20T06:48:34+0200,a8c862e9-3667-4aca-b3d4-061a7f73b92e,2026-08-16T04:30:00Z,2026-08-16T06:30:00+0200,7.43898,MW,FR,FR,forecast_solar_generation,Solar,2026-08-20T04:49:42Z
2026-08-20T04:48:34Z,2026-08-20T06:48:34+0200,a8c862e9-3667-4aca-b3d4-061a7f73b92e,2026-08-16T04:45:00Z,2026-08-16T06:45:00+0200,55.17145,MW,FR,FR,forecast_solar_generation,Solar,2026-08-20T04:49:42Z
2026-08-20T04:48:34Z,2026-08-20T06:48:34+0200,a8c862e9-3667-4aca-b3d4-061a7f73b92e,2026-08-16T05:00:00Z,2026-08-16T07:00:00+0200,209.29778,MW,FR,FR,forecast_solar_generation,Solar,2026-08-20T04:49:42Z
2026-08-20T04:48:34Z,2026-08-20T06:48:34+0200,a8c862e9-3667-4aca-b3d4-061a7f73b92e,2026-08-16T05:15:00Z,2026-08-16T07:15:00+0200,415.6217,MW,FR,FR,forecast_solar_generation,Solar,2026-08-20T04:49:42Z
2026-08-20T04:48:34Z,2026-08-20T06:48:34+0200,a8c862e9-3667-4aca-b3d4-061a7f73b92e,2026-08-16T05:30:00Z,2026-08-16T07:30:00+0200,610.86292,MW,FR,FR,forecast_solar_generation,Solar,2026-08-20T04:49:42Z
2026-08-20T04:48:34Z,2026-08-20T06:48:34+0200,a8c862e9-3667-4aca-b3d4-061a7f73b92e,2026-08-16T05:45:00Z,2026-08-16T07:45:00+0200,1061.93066,MW,FR,FR,forecast_solar_generation,Solar,2026-08-20T04:49:42Z
2026-08-20T04:48:34Z,2026-08-20T06:48:34+0200,a8c862e9-3667-4aca-b3d4-061a7f73b92e,2026-08-16T06:00:00Z,2026-08-16T08:00:00+0200,1620.40698,MW,FR,FR,forecast_solar_generation,Solar,2026-08-20T04:49:42Z
2026-08-20T04:48:34Z,2026-08-20T06:48:34+0200,a8c862e9-3667-4aca-b3d4-061a7f73b92e,2026-08-16T06:15:00Z,2026-08-16T08:15:00+0200,2466.28613,MW,FR,FR,forecast_solar_generation,Solar,2026-08-20T04:49:42Z
2026-08-20T04:48:34Z,2026-08-20T06:48:34+0200,a8c862e9-3667-4aca-b3d4-061a7f73b92e,2026-08-16T06:30:00Z,2026-08-16T08:30:00+0200,3153.96802,MW,FR,FR,forecast_solar_generation,Solar,2026-08-20T04:49:42Z
2026-08-20T04:48:34Z,2026-08-20T06:48:34+0200,a8c862e9-3667-4aca-b3d4-061a7f73b92e,2026-08-16T06:45:00Z,2026-08-16T08:45:00+0200,4286.24365,MW,FR,FR,forecast_solar_generation,Solar,2026-08-20T04:49:42Z
2026-08-20T04:48:34Z,2026-08-20T06:48:34+0200,a8c862e9-3667-4aca-b3d4-061a7f73b92e,2026-08-16T07:00:00Z,2026-08-16T09:00:00+0200,5223.81885,MW,FR,FR,forecast_solar_generation,Solar,2026-08-20T04:49:42Z
2026-08-20T04:48:34Z,2026-08-20T06:48:34+0200,a8c862e9-3667-4aca-b3d4-061a7f73b92e,2026-08-16T07:15:00Z,2026-08-16T09:15:00+0200,6496.00928,MW,FR,FR,forecast_solar_generation,Solar,2026-08-20T04:49:42Z
2026-08-20T04:48:34Z,2026-08-20T06:48:34+0200,a8c862e9-3667-4aca-b3d4-061a7f73b92e,2026-08-16T07:30:00Z,2026-08-16T09:30:00+0200,7469.66943,MW,FR,FR,forecast_solar_generation,Solar,2026-08-20T04:49:42Z
2026-08-20T04:48:34Z,2026-08-20T06:48:34+0200,a8c862e9-3667-4aca-b3d4-061a7f73b92e,2026-08-16T07:45:00Z,2026-08-16T09:45:00+0200,8608.93262,MW,FR,FR,forecast_solar_generation,Solar,2026-08-20T04:49:42Z
2026-08-20T04:48:34Z,2026-08-20T06:48:34+0200,a8c862e9-3667-4aca-b3d4-061a7f73b92e,2026-08-16T08:00:00Z,2026-08-16T10:00:00+0200,9625.54199,MW,FR,FR,forecast_solar_generation,Solar,2026-08-20T04:49:42Z
2026-08-20T04:48:34Z,2026-08-20T06:48:34+0200,a8c862e9-3667-4aca-b3d4-061a7f73b92e,2026-08-16T08:15:00Z,2026-08-16T10:15:00+0200,10832.2002,MW,FR,FR,forecast_solar_generation,Solar,2026-08-20T04:49:42Z
2026-08-20T04:48:34Z,2026-08-20T06:48:34+0200,a8c862e9-3667-4aca-b3d4-061a7f73b92e,2026-08-16T08:30:00Z,2026-08-16T10:30:00+0200,11767.05078,MW,FR,FR,forecast_solar_generation,Solar,2026-08-20T04:49:42Z
2026-08-20T04:48:34Z,2026-08-20T06:48:34+0200,a8c862e9-3667-4aca-b3d4-061a7f73b92e,2026-08-16T08:45:00Z,2026-08-16T10:45:00+0200,12688.27637,MW,FR,FR,forecast_solar_generation,Solar,2026-08-20T04:49:42Z
2026-08-20T04:48:34Z,2026-08-20T06:48:34+0200,a8c862e9-3667-4aca-b3d4-061a7f73b92e,2026-08-16T09:00:00Z,2026-08-16T11:00:00+0200,13534.7998,MW,FR,FR,forecast_solar_generation,Solar,2026-08-20T04:49:42Z
2026-08-20T04:48:34Z,2026-08-20T06:48:34+0200,a8c862e9-3667-4aca-b3d4-061a7f73b92e,2026-08-16T09:15:00Z,2026-08-16T11:15:00+0200,14400.16797,MW,FR,FR,forecast_solar_generation,Solar,2026-08-20T04:49:42Z
2026-08-20T04:48:34Z,2026-08-20T06:48:34+0200,a8c862e9-3667-4aca-b3d4-061a7f73b92e,2026-08-16T09:30:00Z,2026-08-16T11:30:00+0200,15147.95117,MW,FR,FR,forecast_solar_generation,Solar,2026-08-20T04:49:42Z
2026-08-20T04:48:34Z,2026-08-20T06:48:34+0200,a8c862e9-3667-4aca-b3d4-061a7f73b92e,2026-08-16T09:45:00Z,2026-08-16T11:45:00+0200,15723.07227,MW,FR,FR,forecast_solar_generation,Solar,2026-08-20T04:49:42Z
2026-08-20T04:48:34Z,2026-08-20T06:48:34+0200,a8c862e9-3667-4aca-b3d4-061a7f73b92e,2026-08-16T10:00:00Z,2026-08-16T12:00:00+0200,16216.01953,MW,FR,FR,forecast_solar_generation,Solar,2026-08-20T04:49:42Z
2026-08-20T04:48:34Z,2026-08-20T06:48:34+0200,a8c862e9-3667-4aca-b3d4-061a7f73b92e,2026-08-16T10:15:00Z,2026-08-16T12:15:00+0200,16609.875,MW,FR,FR,forecast_solar_generation,Solar,2026-08-20T04:49:42Z
2026-08-20T04:48:34Z,2026-08-20T06:48:34+0200,a8c862e9-3667-4aca-b3d4-061a7f73b92e,2026-08-16T10:30:00Z,2026-08-16T12:30:00+0200,17036.34961,MW,FR,FR,forecast_solar_generation,Solar,2026-08-20T04:49:42Z
2026-08-20T04:48:34Z,2026-08-20T06:48:34+0200,a8c862e9-3667-4aca-b3d4-061a7f73b92e,2026-08-16T10:45:00Z,2026-08-16T12:45:00+0200,17229.36914,MW,FR,FR,forecast_solar_generation,Solar,2026-08-20T04:49:42Z
2026-08-20T04:48:34Z,2026-08-20T06:48:34+0200,a8c862e9-3667-4aca-b3d4-061a7f73b92e,2026-08-16T11:00:00Z,2026-08-16T13:00:00+0200,17540.69727,MW,FR,FR,forecast_solar_generation,Solar,2026-08-20T04:49:42Z
2026-08-20T04:48:34Z,2026-08-20T06:48:34+0200,a8c862e9-3667-4aca-b3d4-061a7f73b92e,2026-08-16T11:15:00Z,2026-08-16T13:15:00+0200,17728.11914,MW,FR,FR,forecast_solar_generation,Solar,2026-08-20T04:49:42Z
2026-08-20T04:48:34Z,2026-08-20T06:48:34+0200,a8c862e9-3667-4aca-b3d4-061a7f73b92e,2026-08-16T11:30:00Z,2026-08-16T13:30:00+0200,17900.99219,MW,FR,FR,forecast_solar_generation,Solar,2026-08-20T04:49:42Z
2026-08-20T04:48:34Z,2026-08-20T06:48:34+0200,a8c862e9-3667-4aca-b3d4-061a7f73b92e,2026-08-16T11:45:00Z,2026-08-16T13:45:00+0200,17883.62305,MW,FR,FR,forecast_solar_generation,Solar,2026-08-20T04:49:42Z
2026-08-20T04:48:34Z,2026-08-20T06:48:34+0200,a8c862e9-3667-4aca-b3d4-061a7f73b92e,2026-08-16T12:00:00Z,2026-08-16T14:00:00+0200,17868.31445,MW,FR,FR,forecast_solar_generation,Solar,2026-08-20T04:49:42Z
2026-08-20T04:48:34Z,2026-08-20T06:48:34+0200,a8c862e9-3667-4aca-b3d4-061a7f73b92e,2026-08-16T12:15:00Z,2026-08-16T14:15:00+0200,17782.04297,MW,FR,FR,forecast_solar_generation,Solar,2026-08-20T04:49:42Z
2026-08-20T04:48:34Z,2026-08-20T06:48:34+0200,a8c862e9-3667-4aca-b3d4-061a7f73b92e,2026-08-16T12:30:00Z,2026-08-16T14:30:00+0200,17659.47852,MW,FR,FR,forecast_solar_generation,Solar,2026-08-20T04:49:42Z
2026-08-20T04:48:34Z,2026-08-20T06:48:34+0200,a8c862e9-3667-4aca-b3d4-061a7f73b92e,2026-08-16T12:45:00Z,2026-08-16T14:45:00+0200,17249.64258,MW,FR,FR,forecast_solar_generation,Solar,2026-08-20T04:49:42Z
2026-08-20T04:48:34Z,2026-08-20T06:48:34+0200,a8c862e9-3667-4aca-b3d4-061a7f73b92e,2026-08-16T13:00:00Z,2026-08-16T15:00:00+0200,16843.02734,MW,FR,FR,forecast_solar_generation,Solar,2026-08-20T04:49:42Z
2026-08-20T04:48:34Z,2026-08-20T06:48:34+0200,a8c862e9-3667-4aca-b3d4-061a7f73b92e,2026-08-16T13:15:00Z,2026-08-16T15:15:00+0200,16396.88477,MW,FR,FR,forecast_solar_generation,Solar,2026-08-20T04:49:42Z
2026-08-20T04:48:34Z,2026-08-20T06:48:34+0200,a8c862e9-3667-4aca-b3d4-061a7f73b92e,2026-08-16T13:30:00Z,2026-08-16T15:30:00+0200,16013.33789,MW,FR,FR,forecast_solar_generation,Solar,2026-08-20T04:49:42Z
2026-08-20T04:48:34Z,2026-08-20T06:48:34+0200,a8c862e9-3667-4aca-b3d4-061a7f73b92e,2026-08-16T13:45:00Z,2026-08-16T15:45:00+0200,15485.40527,MW,FR,FR,forecast_solar_generation,Solar,2026-08-20T04:49:42Z
2026-08-20T04:48:34Z,2026-08-20T06:48:34+0200,a8c862e9-3667-4aca-b3d4-061a7f73b92e,2026-08-16T14:00:00Z,2026-08-16T16:00:00+0200,14883.93555,MW,FR,FR,forecast_solar_generation,Solar,2026-08-20T04:49:42Z
2026-08-20T04:48:34Z,2026-08-20T06:48:34+0200,a8c862e9-3667-4aca-b3d4-061a7f73b92e,2026-08-16T14:15:00Z,2026-08-16T16:15:00+0200,14353.89453,MW,FR,FR,forecast_solar_generation,Solar,2026-08-20T04:49:42Z
2026-08-20T04:48:34Z,2026-08-20T06:48:34+0200,a8c862e9-3667-4aca-b3d4-061a7f73b92e,2026-08-16T14:30:00Z,2026-08-16T16:30:00+0200,13739.65137,MW,FR,FR,forecast_solar_generation,Solar,2026-08-20T04:49:42Z
2026-08-20T04:48:34Z,2026-08-20T06:48:34+0200,a8c862e9-3667-4aca-b3d4-061a7f73b92e,2026-08-16T14:45:00Z,2026-08-16T16:45:00+0200,13094.19922,MW,FR,FR,forecast_solar_generation,Solar,2026-08-20T04:49:42Z
2026-08-20T04:48:34Z,2026-08-20T06:48:34+0200,a8c862e9-3667-4aca-b3d4-061a7f73b92e,2026-08-16T15:00:00Z,2026-08-16T17:00:00+0200,12363.10352,MW,FR,FR,forecast_solar_generation,Solar,2026-08-20T04:49:42Z
2026-08-20T04:48:34Z,2026-08-20T06:48:34+0200,a8c862e9-3667-4aca-b3d4-061a7f73b92e,2026-08-16T15:15:00Z,2026-08-16T17:15:00+0200,11458.18457,MW,FR,FR,forecast_solar_generation,Solar,2026-08-20T04:49:42Z
2026-08-20T04:48:34Z,2026-08-20T06:48:34+0200,a8c862e9-3667-4aca-b3d4-061a7f73b92e,2026-08-16T15:30:00Z,2026-08-16T17:30:00+0200,10635.66797,MW,FR,FR,forecast_solar_generation,Solar,2026-08-20T04:49:42Z
2026-08-20T04:48:34Z,2026-08-20T06:48:34+0200,a8c862e9-3667-4aca-b3d4-061a7f73b92e,2026-08-16T15:45:00Z,2026-08-16T17:45:00+0200,9853.81738,MW,FR,FR,forecast_solar_generation,Solar,2026-08-20T04:49:42Z
2026-08-20T04:48:34Z,2026-08-20T06:48:34+0200,a8c862e9-3667-4aca-b3d4-061a7f73b92e,2026-08-16T16:00:00Z,2026-08-16T18:00:00+0200,8962.67383,MW,FR,FR,forecast_solar_generation,Solar,2026-08-20T04:49:42Z
2026-08-20T04:48:34Z,2026-08-20T06:48:34+0200,a8c862e9-3667-4aca-b3d4-061a7f73b92e,2026-08-16T16:15:00Z,2026-08-16T18:15:00+0200,7854.56299,MW,FR,FR,forecast_solar_generation,Solar,2026-08-20T04:49:42Z
2026-08-20T04:48:34Z,2026-08-20T06:48:34+0200,a8c862e9-3667-4aca-b3d4-061a7f73b92e,2026-08-16T16:30:00Z,2026-08-16T18:30:00+0200,6914.12549,MW,FR,FR,forecast_solar_generation,Solar,2026-08-20T04:49:42Z
2026-08-20T04:48:34Z,2026-08-20T06:48:34+0200,a8c862e9-3667-4aca-b3d4-061a7f73b92e,2026-08-16T16:45:00Z,2026-08-16T18:45:00+0200,6085.42383,MW,FR,FR,forecast_solar_generation,Solar,2026-08-20T04:49:42Z
2026-08-20T04:48:34Z,2026-08-20T06:48:34+0200,a8c862e9-3667-4aca-b3d4-061a7f73b92e,2026-08-16T17:00:00Z,2026-08-16T19:00:00+0200,4878.38721,MW,FR,FR,forecast_solar_generation,Solar,2026-08-20T04:49:42Z
2026-08-20T04:48:34Z,2026-08-20T06:48:34+0200,a8c862e9-3667-4aca-b3d4-061a7f73b92e,2026-08-16T17:15:00Z,2026-08-16T19:15:00+0200,4031.20923,MW,FR,FR,forecast_solar_generation,Solar,2026-08-20T04:49:42Z
2026-08-20T04:48:34Z,2026-08-20T06:48:34+0200,a8c862e9-3667-4aca-b3d4-061a7f73b92e,2026-08-16T17:30:00Z,2026-08-16T19:30:00+0200,2992.91479,MW,FR,FR,forecast_solar_generation,Solar,2026-08-20T04:49:42Z
2026-08-20T04:48:34Z,2026-08-20T06:48:34+0200,a8c862e9-3667-4aca-b3d4-061a7f73b92e,2026-08-16T17:45:00Z,2026-08-16T19:45:00+0200,2322.54199,MW,FR,FR,forecast_solar_generation,Solar,2026-08-20T04:49:42Z
2026-08-20T04:48:34Z,2026-08-20T06:48:34+0200,a8c862e9-3667-4aca-b3d4-061a7f73b92e,2026-08-16T18:00:00Z,2026-08-16T20:00:00+0200,1566.53992,MW,FR,FR,forecast_solar_generation,Solar,2026-08-20T04:49:42Z
2026-08-20T04:48:34Z,2026-08-20T06:48:34+0200,a8c862e9-3667-4aca-b3d4-061a7f73b92e,2026-08-16T18:15:00Z,2026-08-16T20:15:00+0200,1022.21863,MW,FR,FR,forecast_solar_generation,Solar,2026-08-20T04:49:42Z
2026-08-20T04:48:34Z,2026-08-20T06:48:34+0200,a8c862e9-3667-4aca-b3d4-061a7f73b92e,2026-08-16T18:30:00Z,2026-08-16T20:30:00+0200,583.41467,MW,FR,FR,forecast_solar_generation,Solar,2026-08-20T04:49:42Z
2026-08-20T04:48:34Z,2026-08-20T06:48:34+0200,a8c862e9-3667-4aca-b3d4-061a7f73b92e,2026-08-16T18:45:00Z,2026-08-16T20:45:00+0200,316.24872,MW,FR,FR,forecast_solar_generation,Solar,2026-08-20T04:49:42Z
2026-08-20T04:48:34Z,2026-08-20T06:48:34+0200,a8c862e9-3667-4aca-b3d4-061a7f73b92e,2026-08-16T19:00:00Z,2026-08-16T21:00:00+0200,65.96049,MW,FR,FR,forecast_solar_generation,Solar,2026-08-20T04:49:42Z
2026-08-20T04:48:34Z,2026-08-20T06:48:34+0200,a8c862e9-3667-4aca-b3d4-061a7f73b92e,2026-08-16T19:15:00Z,2026-08-16T21:15:00+0200,4.00706,MW,FR,FR,forecast_solar_generation,Solar,2026-08-20T04:49:42Z
2026-08-20T04:48:34Z,2026-08-20T06:48:34+0200,a8c862e9-3667-4aca-b3d4-061a7f73b92e,2026-08-16T19:30:00Z,2026-08-16T21:30:00+0200,0.0,MW,FR,FR,forecast_solar_generation,Solar,2026-08-20T04:49:42Z
2026-08-20T04:48:34Z,2026-08-20T06:48:34+0200,a8c862e9-3667-4aca-b3d4-061a7f73b92e,2026-08-16T19:45:00Z,2026-08-16T21:45:00+0200,0.0,MW,FR,FR,forecast_solar_generation,Solar,2026-08-20T04:49:42Z
2026-08-20T04:48:34Z,2026-08-20T06:48:34+0200,a8c862e9-3667-4aca-b3d4-061a7f73b92e,2026-08-16T20:00:00Z,2026-08-16T22:00:00+0200,0.0,MW,FR,FR,forecast_solar_generation,Solar,2026-08-20T04:49:42Z
2026-08-20T04:48:34Z,2026-08-20T06:48:34+0200,a8c862e9-3667-4aca-b3d4-061a7f73b92e,2026-08-16T20:15:00Z,2026-08-16T22:15:00+0200,0.0,MW,FR,FR,forecast_solar_generation,Solar,2026-08-20T04:49:42Z
2026-08-20T04:48:34Z,2026-08-20T06:48:34+0200,a8c862e9-3667-4aca-b3d4-061a7f73b92e,2026-08-16T20:30:00Z,2026-08-16T22:30:00+0200,0.0,MW,FR,FR,forecast_solar_generation,Solar,2026-08-20T04:49:42Z
2026-08-20T04:48:34Z,2026-08-20T06:48:34+0200,a8c862e9-3667-4aca-b3d4-061a7f73b92e,2026-08-16T20:45:00Z,2026-08-16T22:45:00+0200,0.0,MW,FR,FR,forecast_solar_generation,Solar,2026-08-20T04:49:42Z
2026-08-20T04:48:34Z,2026-08-20T06:48:34+0200,a8c862e9-3667-4aca-b3d4-061a7f73b92e,2026-08-16T21:00:00Z,2026-08-16T23:00:00+0200,0.0,MW,FR,FR,forecast_solar_generation,Solar,2026-08-20T04:49:42Z
2026-08-20T04:48:34Z,2026-08-20T06:48:34+0200,a8c862e9-3667-4aca-b3d4-061a7f73b92e,2026-08-16T21:15:00Z,2026-08-16T23:15:00+0200,0.0,MW,FR,FR,forecast_solar_generation,Solar,2026-08-20T04:49:42Z
2026-08-20T04:48:34Z,2026-08-20T06:48:34+0200,a8c862e9-3667-4aca-b3d4-061a7f73b92e,2026-08-16T21:30:00Z,2026-08-16T23:30:00+0200,0.0,MW,FR,FR,forecast_solar_generation,Solar,2026-08-20T04:49:42Z
2026-08-20T04:48:34Z,2026-08-20T06:48:34+0200,a8c862e9-3667-4aca-b3d4-061a7f73b92e,2026-08-16T21:45:00Z,2026-08-16T23:45:00+0200,0.0,MW,FR,FR,forecast_solar_generation,Solar,2026-08-20T04:49:42Z
2026-08-20T04:48:34Z,2026-08-20T06:48:34+0200,a8c862e9-3667-4aca-b3d4-061a7f73b92e,2026-08-16T22:00:00Z,2026-08-17T00:00:00+0200,0.0,MW,FR,FR,forecast_solar_generation,Solar,2026-08-20T04:49:42Z
2026-08-20T04:48:34Z,2026-08-20T06:48:34+0200,a8c862e9-3667-4aca-b3d4-061a7f73b92e,2026-08-16T22:15:00Z,2026-08-17T00:15:00+0200,0.0,MW,FR,FR,forecast_solar_generation,Solar,2026-08-20T04:49:42Z
2026-08-20T04:48:34Z,2026-08-20T06:48:34+0200,a8c862e9-3667-4aca-b3d4-061a7f73b92e,2026-08-16T22:30:00Z,2026-08-17T00:30:00+0200,0.0,MW,FR,FR,forecast_solar_generation,Solar,2026-08-20T04:49:42Z
2026-08-20T04:48:34Z,2026-08-20T06:48:34+0200,a8c862e9-3667-4aca-b3d4-061a7f73b92e,2026-08-16T22:45:00Z,2026-08-17T00:45:00+0200,0.0,MW,FR,FR,forecast_solar_generation,Solar,2026-08-20T04:49:42Z
2026-08-20T04:48:34Z,2026-08-20T06:48:34+0200,a8c862e9-3667-4aca-b3d4-061a7f73b92e,2026-08-16T23:00:00Z,2026-08-17T01:00:00+0200,0.0,MW,FR,FR,forecast_solar_generation,Solar,2026-08-20T04:49:42Z
2026-08-20T04:48:34Z,2026-08-20T06:48:34+0200,a8c862e9-3667-4aca-b3d4-061a7f73b92e,2026-08-16T23:15:00Z,2026-08-17T01:15:00+0200,0.0,MW,FR,FR,forecast_solar_generation,Solar,2026-08-20T04:49:42Z
2026-08-20T04:48:34Z,2026-08-20T06:48:34+0200,a8c862e9-3667-4aca-b3d4-061a7f73b92e,2026-08-16T23:30:00Z,2026-08-17T01:30:00+0200,0.0,MW,FR,FR,forecast_solar_generation,Solar,2026-08-20T04:49:42Z
2026-08-20T04:48:34Z,2026-08-20T06:48:34+0200,a8c862e9-3667-4aca-b3d4-061a7f73b92e,2026-08-16T23:45:00Z,2026-08-17T01:45:00+0200,0.0,MW,FR,FR,forecast_solar_generation,Solar,2026-08-20T04:49:42Z
2026-08-20T04:48:34Z,2026-08-20T06:48:34+0200,a8c862e9-3667-4aca-b3d4-061a7f73b92e,2026-08-17T00:00:00Z,2026-08-17T02:00:00+0200,0.0,MW,FR,FR,forecast_solar_generation,Solar,2026-08-20T04:49:42Z
2026-08-20T04:48:34Z,2026-08-20T06:48:34+0200,a8c862e9-3667-4aca-b3d4-061a7f73b92e,2026-08-17T00:15:00Z,2026-08-17T02:15:00+0200,0.0,MW,FR,FR,forecast_solar_generation,Solar,2026-08-20T04:49:42Z
2026-08-20T04:48:34Z,2026-08-20T06:48:34+0200,a8c862e9-3667-4aca-b3d4-061a7f73b92e,2026-08-17T00:30:00Z,2026-08-17T02:30:00+0200,0.0,MW,FR,FR,forecast_solar_generation,Solar,2026-08-20T04:49:42Z
2026-08-20T04:48:34Z,2026-08-20T06:48:34+0200,a8c862e9-3667-4aca-b3d4-061a7f73b92e,2026-08-17T00:45:00Z,2026-08-17T02:45:00+0200,0.0,MW,FR,FR,forecast_solar_generation,Solar,2026-08-20T04:49:42Z
2026-08-20T04:48:34Z,2026-08-20T06:48:34+0200,a8c862e9-3667-4aca-b3d4-061a7f73b92e,2026-08-17T01:00:00Z,2026-08-17T03:00:00+0200,0.0,MW,FR,FR,forecast_solar_generation,Solar,2026-08-20T04:49:42Z
2026-08-20T04:48:34Z,2026-08-20T06:48:34+0200,a8c862e9-3667-4aca-b3d4-061a7f73b92e,2026-08-17T01:15:00Z,2026-08-17T03:15:00+0200,0.0,MW,FR,FR,forecast_solar_generation,Solar,2026-08-20T04:49:42Z
2026-08-20T04:48:34Z,2026-08-20T06:48:34+0200,a8c862e9-3667-4aca-b3d4-061a7f73b92e,2026-08-17T01:30:00Z,2026-08-17T03:30:00+0200,0.0,MW,FR,FR,forecast_solar_generation,Solar,2026-08-20T04:49:42Z
2026-08-20T04:48:34Z,2026-08-20T06:48:34+0200,a8c862e9-3667-4aca-b3d4-061a7f73b92e,2026-08-17T01:45:00Z,2026-08-17T03:45:00+0200,0.0,MW,FR,FR,forecast_solar_generation,Solar,2026-08-20T04:49:42Z
2026-08-20T04:48:34Z,2026-08-20T06:48:34+0200,a8c862e9-3667-4aca-b3d4-061a7f73b92e,2026-08-17T02:00:00Z,2026-08-17T04:00:00+0200,0.0,MW,FR,FR,forecast_solar_generation,Solar,2026-08-20T04:49:42Z
2026-08-20T04:48:34Z,2026-08-20T06:48:34+0200,a8c862e9-3667-4aca-b3d4-061a7f73b92e,2026-08-17T02:15:00Z,2026-08-17T04:15:00+0200,0.0,MW,FR,FR,forecast_solar_generation,Solar,2026-08-20T04:49:42Z
2026-08-20T04:48:34Z,2026-08-20T06:48:34+0200,a8c862e9-3667-4aca-b3d4-061a7f73b92e,2026-08-17T02:30:00Z,2026-08-17T04:30:00+0200,0.0,MW,FR,FR,forecast_solar_generation,Solar,2026-08-20T04:49:42Z
2026-08-20T04:48:34Z,2026-08-20T06:48:34+0200,a8c862e9-3667-4aca-b3d4-061a7f73b92e,2026-08-17T02:45:00Z,2026-08-17T04:45:00+0200,0.0,MW,FR,FR,forecast_solar_generation,Solar,2026-08-20T04:49:42Z
2026-08-20T04:48:34Z,2026-08-20T06:48:34+0200,a8c862e9-3667-4aca-b3d4-061a7f73b92e,2026-08-17T03:00:00Z,2026-08-17T05:00:00+0200,0.0,MW,FR,FR,forecast_solar_generation,Solar,2026-08-20T04:49:42Z
2026-08-20T04:48:34Z,2026-08-20T06:48:34+0200,a8c862e9-3667-4aca-b3d4-061a7f73b92e,2026-08-17T03:15:00Z,2026-08-17T05:15:00+0200,0.0,MW,FR,FR,forecast_solar_generation,Solar,2026-08-20T04:49:42Z
2026-08-20T04:48:34Z,2026-08-20T06:48:34+0200,a8c862e9-3667-4aca-b3d4-061a7f73b92e,2026-08-17T03:30:00Z,2026-08-17T05:30:00+0200,0.0,MW,FR,FR,forecast_solar_generation,Solar,2026-08-20T04:49:42Z
2026-08-20T04:48:34Z,2026-08-20T06:48:34+0200,a8c862e9-3667-4aca-b3d4-061a7f73b92e,2026-08-17T03:45:00Z,2026-08-17T05:45:00+0200,0.0,MW,FR,FR,forecast_solar_generation,Solar,2026-08-20T04:49:42Z
2026-08-20T04:48:34Z,2026-08-20T06:48:34+0200,a8c862e9-3667-4aca-b3d4-061a7f73b92e,2026-08-17T04:00:00Z,2026-08-17T06:00:00+0200,0.0,MW,FR,FR,forecast_solar_generation,Solar,2026-08-20T04:49:42Z
2026-08-20T04:48:34Z,2026-08-20T06:48:34+0200,a8c862e9-3667-4aca-b3d4-061a7f73b92e,2026-08-17T04:15:00Z,2026-08-17T06:15:00+0200,0.0,MW,FR,FR,forecast_solar_generation,Solar,2026-08-20T04:49:42Z
2026-08-20T04:48:34Z,2026-08-20T06:48:34+0200,a8c862e9-3667-4aca-b3d4-061a7f73b92e,2026-08-17T04:30:00Z,2026-08-17T06:30:00+0200,3.73321,MW,FR,FR,forecast_solar_generation,Solar,2026-08-20T04:49:42Z
2026-08-20T04:48:34Z,2026-08-20T06:48:34+0200,a8c862e9-3667-4aca-b3d4-061a7f73b92e,2026-08-17T04:45:00Z,2026-08-17T06:45:00+0200,42.32684,MW,FR,FR,forecast_solar_generation,Solar,2026-08-20T04:49:42Z
2026-08-20T04:48:34Z,2026-08-20T06:48:34+0200,a8c862e9-3667-4aca-b3d4-061a7f73b92e,2026-08-17T05:00:00Z,2026-08-17T07:00:00+0200,175.58611,MW,FR,FR,forecast_solar_generation,Solar,2026-08-20T04:49:42Z
2026-08-20T04:48:34Z,2026-08-20T06:48:34+0200,a8c862e9-3667-4aca-b3d4-061a7f73b92e,2026-08-17T05:15:00Z,2026-08-17T07:15:00+0200,363.79007,MW,FR,FR,forecast_solar_generation,Solar,2026-08-20T04:49:42Z
2026-08-20T04:48:34Z,2026-08-20T06:48:34+0200,a8c862e9-3667-4aca-b3d4-061a7f73b92e,2026-08-17T05:30:00Z,2026-08-17T07:30:00+0200,523.78357,MW,FR,FR,forecast_solar_generation,Solar,2026-08-20T04:49:42Z
2026-08-20T04:48:34Z,2026-08-20T06:48:34+0200,a8c862e9-3667-4aca-b3d4-061a7f73b92e,2026-08-17T05:45:00Z,2026-08-17T07:45:00+0200,962.52679,MW,FR,FR,forecast_solar_generation,Solar,2026-08-20T04:49:42Z
2026-08-20T04:48:34Z,2026-08-20T06:48:34+0200,a8c862e9-3667-4aca-b3d4-061a7f73b92e,2026-08-17T06:00:00Z,2026-08-17T08:00:00+0200,1438.3114,MW,FR,FR,forecast_solar_generation,Solar,2026-08-20T04:49:42Z
2026-08-20T04:48:34Z,2026-08-20T06:48:34+0200,a8c862e9-3667-4aca-b3d4-061a7f73b92e,2026-08-17T06:15:00Z,2026-08-17T08:15:00+0200,2232.19824,MW,FR,FR,forecast_solar_generation,Solar,2026-08-20T04:49:42Z
2026-08-20T04:48:34Z,2026-08-20T06:48:34+0200,a8c862e9-3667-4aca-b3d4-061a7f73b92e,2026-08-17T06:30:00Z,2026-08-17T08:30:00+0200,2839.88696,MW,FR,FR,forecast_solar_generation,Solar,2026-08-20T04:49:42Z
2026-08-20T04:48:34Z,2026-08-20T06:48:34+0200,a8c862e9-3667-4aca-b3d4-061a7f73b92e,2026-08-17T06:45:00Z,2026-08-17T08:45:00+0200,3889.271,MW,FR,FR,forecast_solar_generation,Solar,2026-08-20T04:49:42Z
2026-08-20T04:48:34Z,2026-08-20T06:48:34+0200,a8c862e9-3667-4aca-b3d4-061a7f73b92e,2026-08-17T07:00:00Z,2026-08-17T09:00:00+0200,4672.73242,MW,FR,FR,forecast_solar_generation,Solar,2026-08-20T04:49:42Z
2026-08-20T04:48:34Z,2026-08-20T06:48:34+0200,a8c862e9-3667-4aca-b3d4-061a7f73b92e,2026-08-17T07:15:00Z,2026-08-17T09:15:00+0200,5850.81396,MW,FR,FR,forecast_solar_generation,Solar,2026-08-20T04:49:42Z
2026-08-20T04:48:34Z,2026-08-20T06:48:34+0200,a8c862e9-3667-4aca-b3d4-061a7f73b92e,2026-08-17T07:30:00Z,2026-08-17T09:30:00+0200,6687.88721,MW,FR,FR,forecast_solar_generation,Solar,2026-08-20T04:49:42Z
2026-08-20T04:48:34Z,2026-08-20T06:48:34+0200,a8c862e9-3667-4aca-b3d4-061a7f73b92e,2026-08-17T07:45:00Z,2026-08-17T09:45:00+0200,7727.12109,MW,FR,FR,forecast_solar_generation,Solar,2026-08-20T04:49:42Z
2026-08-20T04:48:34Z,2026-08-20T06:48:34+0200,a8c862e9-3667-4aca-b3d4-061a7f73b92e,2026-08-17T08:00:00Z,2026-08-17T10:00:00+0200,8680.92969,MW,FR,FR,forecast_solar_generation,Solar,2026-08-20T04:49:42Z
2026-08-20T04:48:34Z,2026-08-20T06:48:34+0200,a8c862e9-3667-4aca-b3d4-061a7f73b92e,2026-08-17T08:15:00Z,2026-08-17T10:15:00+0200,9835.71582,MW,FR,FR,forecast_solar_generation,Solar,2026-08-20T04:49:42Z
2026-08-20T04:48:34Z,2026-08-20T06:48:34+0200,a8c862e9-3667-4aca-b3d4-061a7f73b92e,2026-08-17T08:30:00Z,2026-08-17T10:30:00+0200,10697.93457,MW,FR,FR,forecast_solar_generation,Solar,2026-08-20T04:49:42Z
2026-08-20T04:48:34Z,2026-08-20T06:48:34+0200,a8c862e9-3667-4aca-b3d4-061a7f73b92e,2026-08-17T08:45:00Z,2026-08-17T10:45:00+0200,11524.85547,MW,FR,FR,forecast_solar_generation,Solar,2026-08-20T04:49:42Z
2026-08-20T04:48:34Z,2026-08-20T06:48:34+0200,a8c862e9-3667-4aca-b3d4-061a7f73b92e,2026-08-17T09:00:00Z,2026-08-17T11:00:00+0200,12357.97949,MW,FR,FR,forecast_solar_generation,Solar,2026-08-20T04:49:42Z
2026-08-20T04:48:34Z,2026-08-20T06:48:34+0200,a8c862e9-3667-4aca-b3d4-061a7f73b92e,2026-08-17T09:15:00Z,2026-08-17T11:15:00+0200,13185.10254,MW,FR,FR,forecast_solar_generation,Solar,2026-08-20T04:49:42Z
2026-08-20T04:48:34Z,2026-08-20T06:48:34+0200,a8c862e9-3667-4aca-b3d4-061a7f73b92e,2026-08-17T09:30:00Z,2026-08-17T11:30:00+0200,13950.23926,MW,FR,FR,forecast_solar_generation,Solar,2026-08-20T04:49:42Z
2026-08-20T04:48:34Z,2026-08-20T06:48:34+0200,a8c862e9-3667-4aca-b3d4-061a7f73b92e,2026-08-17T09:45:00Z,2026-08-17T11:45:00+0200,14429.94238,MW,FR,FR,forecast_solar_generation,Solar,2026-08-20T04:49:42Z
2026-08-20T04:48:34Z,2026-08-20T06:48:34+0200,a8c862e9-3667-4aca-b3d4-061a7f73b92e,2026-08-17T10:00:00Z,2026-08-17T12:00:00+0200,14884.98438,MW,FR,FR,forecast_solar_generation,Solar,2026-08-20T04:49:42Z
2026-08-20T04:48:34Z,2026-08-20T06:48:34+0200,a8c862e9-3667-4aca-b3d4-061a7f73b92e,2026-08-17T10:15:00Z,2026-08-17T12:15:00+0200,15278.16895,MW,FR,FR,forecast_solar_generation,Solar,2026-08-20T04:49:42Z
2026-08-20T04:48:34Z,2026-08-20T06:48:34+0200,a8c862e9-3667-4aca-b3d4-061a7f73b92e,2026-08-17T10:30:00Z,2026-08-17T12:30:00+0200,15677.18066,MW,FR,FR,forecast_solar_generation,Solar,2026-08-20T04:49:42Z
2026-08-20T04:48:34Z,2026-08-20T06:48:34+0200,a8c862e9-3667-4aca-b3d4-061a7f73b92e,2026-08-17T10:45:00Z,2026-08-17T12:45:00+0200,16043.42383,MW,FR,FR,forecast_solar_generation,Solar,2026-08-20T04:49:42Z
2026-08-20T04:48:34Z,2026-08-20T06:48:34+0200,a8c862e9-3667-4aca-b3d4-061a7f73b92e,2026-08-17T11:00:00Z,2026-08-17T13:00:00+0200,16504.93555,MW,FR,FR,forecast_solar_generation,Solar,2026-08-20T04:49:42Z
2026-08-20T04:48:34Z,2026-08-20T06:48:34+0200,a8c862e9-3667-4aca-b3d4-061a7f73b92e,2026-08-17T11:15:00Z,2026-08-17T13:15:00+0200,16926.0332,MW,FR,FR,forecast_solar_generation,Solar,2026-08-20T04:49:42Z
2026-08-20T04:48:34Z,2026-08-20T06:48:34+0200,a8c862e9-3667-4aca-b3d4-061a7f73b92e,2026-08-17T11:30:00Z,2026-08-17T13:30:00+0200,17352.80664,MW,FR,FR,forecast_solar_generation,Solar,2026-08-20T04:49:42Z
2026-08-20T04:48:34Z,2026-08-20T06:48:34+0200,a8c862e9-3667-4aca-b3d4-061a7f73b92e,2026-08-17T11:45:00Z,2026-08-17T13:45:00+0200,17384.08594,MW,FR,FR,forecast_solar_generation,Solar,2026-08-20T04:49:42Z
2026-08-20T04:48:34Z,2026-08-20T06:48:34+0200,a8c862e9-3667-4aca-b3d4-061a7f73b92e,2026-08-17T12:00:00Z,2026-08-17T14:00:00+0200,17415.01953,MW,FR,FR,forecast_solar_generation,Solar,2026-08-20T04:49:42Z
2026-08-20T04:48:34Z,2026-08-20T06:48:34+0200,a8c862e9-3667-4aca-b3d4-061a7f73b92e,2026-08-17T12:15:00Z,2026-08-17T14:15:00+0200,17428.86719,MW,FR,FR,forecast_solar_generation,Solar,2026-08-20T04:49:42Z
2026-08-20T04:48:34Z,2026-08-20T06:48:34+0200,a8c862e9-3667-4aca-b3d4-061a7f73b92e,2026-08-17T12:30:00Z,2026-08-17T14:30:00+0200,17432.375,MW,FR,FR,forecast_solar_generation,Solar,2026-08-20T04:49:42Z
2026-08-20T04:48:34Z,2026-08-20T06:48:34+0200,a8c862e9-3667-4aca-b3d4-061a7f73b92e,2026-08-17T12:45:00Z,2026-08-17T14:45:00+0200,17220.69531,MW,FR,FR,forecast_solar_generation,Solar,2026-08-20T04:49:42Z
2026-08-20T04:48:34Z,2026-08-20T06:48:34+0200,a8c862e9-3667-4aca-b3d4-061a7f73b92e,2026-08-17T13:00:00Z,2026-08-17T15:00:00+0200,16984.12695,MW,FR,FR,forecast_solar_generation,Solar,2026-08-20T04:49:42Z
2026-08-20T04:48:34Z,2026-08-20T06:48:34+0200,a8c862e9-3667-4aca-b3d4-061a7f73b92e,2026-08-17T13:15:00Z,2026-08-17T15:15:00+0200,16742.57812,MW,FR,FR,forecast_solar_generation,Solar,2026-08-20T04:49:42Z
2026-08-20T04:48:34Z,2026-08-20T06:48:34+0200,a8c862e9-3667-4aca-b3d4-061a7f73b92e,2026-08-17T13:30:00Z,2026-08-17T15:30:00+0200,16557.67969,MW,FR,FR,forecast_solar_generation,Solar,2026-08-20T04:49:42Z
2026-08-20T04:48:34Z,2026-08-20T06:48:34+0200,a8c862e9-3667-4aca-b3d4-061a7f73b92e,2026-08-17T13:45:00Z,2026-08-17T15:45:00+0200,16151.2627,MW,FR,FR,forecast_solar_generation,Solar,2026-08-20T04:49:42Z
2026-08-20T04:48:34Z,2026-08-20T06:48:34+0200,a8c862e9-3667-4aca-b3d4-061a7f73b92e,2026-08-17T14:00:00Z,2026-08-17T16:00:00+0200,15746.15918,MW,FR,FR,forecast_solar_generation,Solar,2026-08-20T04:49:42Z
2026-08-20T04:48:34Z,2026-08-20T06:48:34+0200,a8c862e9-3667-4aca-b3d4-061a7f73b92e,2026-08-17T14:15:00Z,2026-08-17T16:15:00+0200,15323.52441,MW,FR,FR,forecast_solar_generation,Solar,2026-08-20T04:49:42Z
2026-08-20T04:48:34Z,2026-08-20T06:48:34+0200,a8c862e9-3667-4aca-b3d4-061a7f73b92e,2026-08-17T14:30:00Z,2026-08-17T16:30:00+0200,14856.13086,MW,FR,FR,forecast_solar_generation,Solar,2026-08-20T04:49:42Z
2026-08-20T04:48:34Z,2026-08-20T06:48:34+0200,a8c862e9-3667-4aca-b3d4-061a7f73b92e,2026-08-17T14:45:00Z,2026-08-17T16:45:00+0200,14175.84863,MW,FR,FR,forecast_solar_generation,Solar,2026-08-20T04:49:42Z
2026-08-20T04:48:34Z,2026-08-20T06:48:34+0200,a8c862e9-3667-4aca-b3d4-061a7f73b92e,2026-08-17T15:00:00Z,2026-08-17T17:00:00+0200,13441.75488,MW,FR,FR,forecast_solar_generation,Solar,2026-08-20T04:49:42Z
2026-08-20T04:48:34Z,2026-08-20T06:48:34+0200,a8c862e9-3667-4aca-b3d4-061a7f73b92e,2026-08-17T15:15:00Z,2026-08-17T17:15:00+0200,12618.33984,MW,FR,FR,forecast_solar_generation,Solar,2026-08-20T04:49:42Z
2026-08-20T04:48:34Z,2026-08-20T06:48:34+0200,a8c862e9-3667-4aca-b3d4-061a7f73b92e,2026-08-17T15:30:00Z,2026-08-17T17:30:00+0200,11740.74609,MW,FR,FR,forecast_solar_generation,Solar,2026-08-20T04:49:42Z
2026-08-20T04:48:34Z,2026-08-20T06:48:34+0200,a8c862e9-3667-4aca-b3d4-061a7f73b92e,2026-08-17T15:45:00Z,2026-08-17T17:45:00+0200,10881.46387,MW,FR,FR,forecast_solar_generation,Solar,2026-08-20T04:49:42Z
2026-08-20T04:48:34Z,2026-08-20T06:48:34+0200,a8c862e9-3667-4aca-b3d4-061a7f73b92e,2026-08-17T16:00:00Z,2026-08-17T18:00:00+0200,9888.30859,MW,FR,FR,forecast_solar_generation,Solar,2026-08-20T04:49:42Z
2026-08-20T04:48:34Z,2026-08-20T06:48:34+0200,a8c862e9-3667-4aca-b3d4-061a7f73b92e,2026-08-17T16:15:00Z,2026-08-17T18:15:00+0200,8704.21582,MW,FR,FR,forecast_solar_generation,Solar,2026-08-20T04:49:42Z
2026-08-20T04:48:34Z,2026-08-20T06:48:34+0200,a8c862e9-3667-4aca-b3d4-061a7f73b92e,2026-08-17T16:30:00Z,2026-08-17T18:30:00+0200,7619.64502,MW,FR,FR,forecast_solar_generation,Solar,2026-08-20T04:49:42Z
2026-08-20T04:48:34Z,2026-08-20T06:48:34+0200,a8c862e9-3667-4aca-b3d4-061a7f73b92e,2026-08-17T16:45:00Z,2026-08-17T18:45:00+0200,6715.10742,MW,FR,FR,forecast_solar_generation,Solar,2026-08-20T04:49:42Z
2026-08-20T04:48:34Z,2026-08-20T06:48:34+0200,a8c862e9-3667-4aca-b3d4-061a7f73b92e,2026-08-17T17:00:00Z,2026-08-17T19:00:00+0200,5411.51367,MW,FR,FR,forecast_solar_generation,Solar,2026-08-20T04:49:42Z
2026-08-20T04:48:34Z,2026-08-20T06:48:34+0200,a8c862e9-3667-4aca-b3d4-061a7f73b92e,2026-08-17T17:15:00Z,2026-08-17T19:15:00+0200,4467.65967,MW,FR,FR,forecast_solar_generation,Solar,2026-08-20T04:49:42Z
2026-08-20T04:48:34Z,2026-08-20T06:48:34+0200,a8c862e9-3667-4aca-b3d4-061a7f73b92e,2026-08-17T17:30:00Z,2026-08-17T19:30:00+0200,3287.77783,MW,FR,FR,forecast_solar_generation,Solar,2026-08-20T04:49:42Z
2026-08-20T04:48:34Z,2026-08-20T06:48:34+0200,a8c862e9-3667-4aca-b3d4-061a7f73b92e,2026-08-17T17:45:00Z,2026-08-17T19:45:00+0200,2556.44336,MW,FR,FR,forecast_solar_generation,Solar,2026-08-20T04:49:42Z
2026-08-20T04:48:34Z,2026-08-20T06:48:34+0200,a8c862e9-3667-4aca-b3d4-061a7f73b92e,2026-08-17T18:00:00Z,2026-08-17T20:00:00+0200,1705.8584,MW,FR,FR,forecast_solar_generation,Solar,2026-08-20T04:49:42Z
2026-08-20T04:48:34Z,2026-08-20T06:48:34+0200,a8c862e9-3667-4aca-b3d4-061a7f73b92e,2026-08-17T18:15:00Z,2026-08-17T20:15:00+0200,1104.3042,MW,FR,FR,forecast_solar_generation,Solar,2026-08-20T04:49:42Z
2026-08-20T04:48:34Z,2026-08-20T06:48:34+0200,a8c862e9-3667-4aca-b3d4-061a7f73b92e,2026-08-17T18:30:00Z,2026-08-17T20:30:00+0200,608.65619,MW,FR,FR,forecast_solar_generation,Solar,2026-08-20T04:49:42Z
2026-08-20T04:48:34Z,2026-08-20T06:48:34+0200,a8c862e9-3667-4aca-b3d4-061a7f73b92e,2026-08-17T18:45:00Z,2026-08-17T20:45:00+0200,322.86902,MW,FR,FR,forecast_solar_generation,Solar,2026-08-20T04:49:42Z
2026-08-20T04:48:34Z,2026-08-20T06:48:34+0200,a8c862e9-3667-4aca-b3d4-061a7f73b92e,2026-08-17T19:00:00Z,2026-08-17T21:00:00+0200,56.60087,MW,FR,FR,forecast_solar_generation,Solar,2026-08-20T04:49:42Z
2026-08-20T04:48:34Z,2026-08-20T06:48:34+0200,a8c862e9-3667-4aca-b3d4-061a7f73b92e,2026-08-17T19:15:00Z,2026-08-17T21:15:00+0200,3.02498,MW,FR,FR,forecast_solar_generation,Solar,2026-08-20T04:49:42Z
2026-08-20T04:48:34Z,2026-08-20T06:48:34+0200,a8c862e9-3667-4aca-b3d4-061a7f73b92e,2026-08-17T19:30:00Z,2026-08-17T21:30:00+0200,0.0,MW,FR,FR,forecast_solar_generation,Solar,2026-08-20T04:49:42Z
2026-08-20T04:48:34Z,2026-08-20T06:48:34+0200,a8c862e9-3667-4aca-b3d4-061a7f73b92e,2026-08-17T19:45:00Z,2026-08-17T21:45:00+0200,0.0,MW,FR,FR,forecast_solar_generation,Solar,2026-08-20T04:49:42Z
2026-08-20T04:48:34Z,2026-08-20T06:48:34+0200,a8c862e9-3667-4aca-b3d4-061a7f73b92e,2026-08-17T20:00:00Z,2026-08-17T22:00:00+0200,0.0,MW,FR,FR,forecast_solar_generation,Solar,2026-08-20T04:49:42Z
2026-08-20T04:48:34Z,2026-08-20T06:48:34+0200,a8c862e9-3667-4aca-b3d4-061a7f73b92e,2026-08-17T20:15:00Z,2026-08-17T22:15:00+0200,0.0,MW,FR,FR,forecast_solar_generation,Solar,2026-08-20T04:49:42Z
2026-08-20T04:48:34Z,2026-08-20T06:48:34+0200,a8c862e9-3667-4aca-b3d4-061a7f73b92e,2026-08-17T20:30:00Z,2026-08-17T22:30:00+0200,0.0,MW,FR,FR,forecast_solar_generation,Solar,2026-08-20T04:49:42Z
2026-08-20T04:48:34Z,2026-08-20T06:48:34+0200,a8c862e9-3667-4aca-b3d4-061a7f73b92e,2026-08-17T20:45:00Z,2026-08-17T22:45:00+0200,0.0,MW,FR,FR,forecast_solar_generation,Solar,2026-08-20T04:49:42Z
2026-08-20T04:48:34Z,2026-08-20T06:48:34+0200,a8c862e9-3667-4aca-b3d4-061a7f73b92e,2026-08-17T21:00:00Z,2026-08-17T23:00:00+0200,0.0,MW,FR,FR,forecast_solar_generation,Solar,2026-08-20T04:49:42Z
2026-08-20T04:48:34Z,2026-08-20T06:48:34+0200,a8c862e9-3667-4aca-b3d4-061a7f73b92e,2026-08-17T21:15:00Z,2026-08-17T23:15:00+0200,0.0,MW,FR,FR,forecast_solar_generation,Solar,2026-08-20T04:49:42Z
2026-08-20T04:48:34Z,2026-08-20T06:48:34+0200,a8c862e9-3667-4aca-b3d4-061a7f73b92e,2026-08-17T21:30:00Z,2026-08-17T23:30:00+0200,0.0,MW,FR,FR,forecast_solar_generation,Solar,2026-08-20T04:49:42Z
2026-08-20T04:48:34Z,2026-08-20T06:48:34+0200,a8c862e9-3667-4aca-b3d4-061a7f73b92e,2026-08-17T21:45:00Z,2026-08-17T23:45:00+0200,0.0,MW,FR,FR,forecast_solar_generation,Solar,2026-08-20T04:49:42Z
2026-08-20T04:48:34Z,2026-08-20T06:48:34+0200,a8c862e9-3667-4aca-b3d4-061a7f73b92e,2026-08-17T22:00:00Z,2026-08-18T00:00:00+0200,0.0,MW,FR,FR,forecast_solar_generation,Solar,2026-08-20T04:49:42Z
2026-08-20T04:48:34Z,2026-08-20T06:48:34+0200,a8c862e9-3667-4aca-b3d4-061a7f73b92e,2026-08-17T22:15:00Z,2026-08-18T00:15:00+0200,0.0,MW,FR,FR,forecast_solar_generation,Solar,2026-08-20T04:49:42Z
2026-08-20T04:48:34Z,2026-08-20T06:48:34+0200,a8c862e9-3667-4aca-b3d4-061a7f73b92e,2026-08-17T22:30:00Z,2026-08-18T00:30:00+0200,0.0,MW,FR,FR,forecast_solar_generation,Solar,2026-08-20T04:49:42Z
2026-08-20T04:48:34Z,2026-08-20T06:48:34+0200,a8c862e9-3667-4aca-b3d4-061a7f73b92e,2026-08-17T22:45:00Z,2026-08-18T00:45:00+0200,0.0,MW,FR,FR,forecast_solar_generation,Solar,2026-08-20T04:49:42Z
2026-08-20T04:48:34Z,2026-08-20T06:48:34+0200,a8c862e9-3667-4aca-b3d4-061a7f73b92e,2026-08-17T23:00:00Z,2026-08-18T01:00:00+0200,0.0,MW,FR,FR,forecast_solar_generation,Solar,2026-08-20T04:49:42Z
2026-08-20T04:48:34Z,2026-08-20T06:48:34+0200,a8c862e9-3667-4aca-b3d4-061a7f73b92e,2026-08-17T23:15:00Z,2026-08-18T01:15:00+0200,0.0,MW,FR,FR,forecast_solar_generation,Solar,2026-08-20T04:49:42Z
2026-08-20T04:48:34Z,2026-08-20T06:48:34+0200,a8c862e9-3667-4aca-b3d4-061a7f73b92e,2026-08-17T23:30:00Z,2026-08-18T01:30:00+0200,0.0,MW,FR,FR,forecast_solar_generation,Solar,2026-08-20T04:49:42Z
2026-08-20T04:48:34Z,2026-08-20T06:48:34+0200,a8c862e9-3667-4aca-b3d4-061a7f73b92e,2026-08-17T23:45:00Z,2026-08-18T01:45:00+0200,0.0,MW,FR,FR,forecast_solar_generation,Solar,2026-08-20T04:49:42Z
2026-08-20T04:48:34Z,2026-08-20T06:48:34+0200,a8c862e9-3667-4aca-b3d4-061a7f73b92e,2026-08-18T00:00:00Z,2026-08-18T02:00:00+0200,0.0,MW,FR,FR,forecast_solar_generation,Solar,2026-08-20T04:49:42Z
2026-08-20T04:48:34Z,2026-08-20T06:48:34+0200,a8c862e9-3667-4aca-b3d4-061a7f73b92e,2026-08-18T00:15:00Z,2026-08-18T02:15:00+0200,0.0,MW,FR,FR,forecast_solar_generation,Solar,2026-08-20T04:49:42Z
2026-08-20T04:48:34Z,2026-08-20T06:48:34+0200,a8c862e9-3667-4aca-b3d4-061a7f73b92e,2026-08-18T00:30:00Z,2026-08-18T02:30:00+0200,0.0,MW,FR,FR,forecast_solar_generation,Solar,2026-08-20T04:49:42Z
2026-08-20T04:48:34Z,2026-08-20T06:48:34+0200,a8c862e9-3667-4aca-b3d4-061a7f73b92e,2026-08-18T00:45:00Z,2026-08-18T02:45:00+0200,0.0,MW,FR,FR,forecast_solar_generation,Solar,2026-08-20T04:49:42Z
2026-08-20T04:48:34Z,2026-08-20T06:48:34+0200,a8c862e9-3667-4aca-b3d4-061a7f73b92e,2026-08-18T01:00:00Z,2026-08-18T03:00:00+0200,0.0,MW,FR,FR,forecast_solar_generation,Solar,2026-08-20T04:49:42Z
2026-08-20T04:48:34Z,2026-08-20T06:48:34+0200,a8c862e9-3667-4aca-b3d4-061a7f73b92e,2026-08-18T01:15:00Z,2026-08-18T03:15:00+0200,0.0,MW,FR,FR,forecast_solar_generation,Solar,2026-08-20T04:49:42Z
2026-08-20T04:48:34Z,2026-08-20T06:48:34+0200,a8c862e9-3667-4aca-b3d4-061a7f73b92e,2026-08-18T01:30:00Z,2026-08-18T03:30:00+0200,0.0,MW,FR,FR,forecast_solar_generation,Solar,2026-08-20T04:49:42Z
2026-08-20T04:48:34Z,2026-08-20T06:48:34+0200,a8c862e9-3667-4aca-b3d4-061a7f73b92e,2026-08-18T01:45:00Z,2026-08-18T03:45:00+0200,0.0,MW,FR,FR,forecast_solar_generation,Solar,2026-08-20T04:49:42Z
2026-08-20T04:48:34Z,2026-08-20T06:48:34+0200,a8c862e9-3667-4aca-b3d4-061a7f73b92e,2026-08-18T02:00:00Z,2026-08-18T04:00:00+0200,0.0,MW,FR,FR,forecast_solar_generation,Solar,2026-08-20T04:49:42Z
2026-08-20T04:48:34Z,2026-08-20T06:48:34+0200,a8c862e9-3667-4aca-b3d4-061a7f73b92e,2026-08-18T02:15:00Z,2026-08-18T04:15:00+0200,0.0,MW,FR,FR,forecast_solar_generation,Solar,2026-08-20T04:49:42Z
2026-08-20T04:48:34Z,2026-08-20T06:48:34+0200,a8c862e9-3667-4aca-b3d4-061a7f73b92e,2026-08-18T02:30:00Z,2026-08-18T04:30:00+0200,0.0,MW,FR,FR,forecast_solar_generation,Solar,2026-08-20T04:49:42Z
2026-08-20T04:48:34Z,2026-08-20T06:48:34+0200,a8c862e9-3667-4aca-b3d4-061a7f73b92e,2026-08-18T02:45:00Z,2026-08-18T04:45:00+0200,0.0,MW,FR,FR,forecast_solar_generation,Solar,2026-08-20T04:49:42Z
2026-08-20T04:48:34Z,2026-08-20T06:48:34+0200,a8c862e9-3667-4aca-b3d4-061a7f73b92e,2026-08-18T03:00:00Z,2026-08-18T05:00:00+0200,0.0,MW,FR,FR,forecast_solar_generation,Solar,2026-08-20T04:49:42Z
2026-08-20T04:48:34Z,2026-08-20T06:48:34+0200,a8c862e9-3667-4aca-b3d4-061a7f73b92e,2026-08-18T03:15:00Z,2026-08-18T05:15:00+0200,0.0,MW,FR,FR,forecast_solar_generation,Solar,2026-08-20T04:49:42Z
2026-08-20T04:48:34Z,2026-08-20T06:48:34+0200,a8c862e9-3667-4aca-b3d4-061a7f73b92e,2026-08-18T03:30:00Z,2026-08-18T05:30:00+0200,0.0,MW,FR,FR,forecast_solar_generation,Solar,2026-08-20T04:49:42Z
2026-08-20T04:48:34Z,2026-08-20T06:48:34+0200,a8c862e9-3667-4aca-b3d4-061a7f73b92e,2026-08-18T03:45:00Z,2026-08-18T05:45:00+0200,0.0,MW,FR,FR,forecast_solar_generation,Solar,2026-08-20T04:49:42Z
2026-08-20T04:48:34Z,2026-08-20T06:48:34+0200,a8c862e9-3667-4aca-b3d4-061a7f73b92e,2026-08-18T04:00:00Z,2026-08-18T06:00:00+0200,0.0,MW,FR,FR,forecast_solar_generation,Solar,2026-08-20T04:49:42Z
2026-08-20T04:48:34Z,2026-08-20T06:48:34+0200,a8c862e9-3667-4aca-b3d4-061a7f73b92e,2026-08-18T04:15:00Z,2026-08-18T06:15:00+0200,0.0,MW,FR,FR,forecast_solar_generation,Solar,2026-08-20T04:49:42Z
2026-08-20T04:48:34Z,2026-08-20T06:48:34+0200,a8c862e9-3667-4aca-b3d4-061a7f73b92e,2026-08-18T04:30:00Z,2026-08-18T06:30:00+0200,1.63578,MW,FR,FR,forecast_solar_generation,Solar,2026-08-20T04:49:42Z
2026-08-20T04:48:34Z,2026-08-20T06:48:34+0200,a8c862e9-3667-4aca-b3d4-061a7f73b92e,2026-08-18T04:45:00Z,2026-08-18T06:45:00+0200,36.64394,MW,FR,FR,forecast_solar_generation,Solar,2026-08-20T04:49:42Z
2026-08-20T04:48:34Z,2026-08-20T06:48:34+0200,a8c862e9-3667-4aca-b3d4-061a7f73b92e,2026-08-18T05:00:00Z,2026-08-18T07:00:00+0200,173.81137,MW,FR,FR,forecast_solar_generation,Solar,2026-08-20T04:49:42Z
2026-08-20T04:48:34Z,2026-08-20T06:48:34+0200,a8c862e9-3667-4aca-b3d4-061a7f73b92e,2026-08-18T05:15:00Z,2026-08-18T07:15:00+0200,388.14215,MW,FR,FR,forecast_solar_generation,Solar,2026-08-20T04:49:42Z
2026-08-20T04:48:34Z,2026-08-20T06:48:34+0200,a8c862e9-3667-4aca-b3d4-061a7f73b92e,2026-08-18T05:30:00Z,2026-08-18T07:30:00+0200,559.65649,MW,FR,FR,forecast_solar_generation,Solar,2026-08-20T04:49:42Z
2026-08-20T04:48:34Z,2026-08-20T06:48:34+0200,a8c862e9-3667-4aca-b3d4-061a7f73b92e,2026-08-18T05:45:00Z,2026-08-18T07:45:00+0200,1033.90808,MW,FR,FR,forecast_solar_generation,Solar,2026-08-20T04:49:42Z
2026-08-20T04:48:34Z,2026-08-20T06:48:34+0200,a8c862e9-3667-4aca-b3d4-061a7f73b92e,2026-08-18T06:00:00Z,2026-08-18T08:00:00+0200,1576.30505,MW,FR,FR,forecast_solar_generation,Solar,2026-08-20T04:49:42Z
2026-08-20T04:48:34Z,2026-08-20T06:48:34+0200,a8c862e9-3667-4aca-b3d4-061a7f73b92e,2026-08-18T06:15:00Z,2026-08-18T08:15:00+0200,2474.28638,MW,FR,FR,forecast_solar_generation,Solar,2026-08-20T04:49:42Z
2026-08-20T04:48:34Z,2026-08-20T06:48:34+0200,a8c862e9-3667-4aca-b3d4-061a7f73b92e,2026-08-18T06:30:00Z,2026-08-18T08:30:00+0200,3176.19019,MW,FR,FR,forecast_solar_generation,Solar,2026-08-20T04:49:42Z
2026-08-20T04:48:34Z,2026-08-20T06:48:34+0200,a8c862e9-3667-4aca-b3d4-061a7f73b92e,2026-08-18T06:45:00Z,2026-08-18T08:45:00+0200,4307.51855,MW,FR,FR,forecast_solar_generation,Solar,2026-08-20T04:49:42Z
2026-08-20T04:48:34Z,2026-08-20T06:48:34+0200,a8c862e9-3667-4aca-b3d4-061a7f73b92e,2026-08-18T07:00:00Z,2026-08-18T09:00:00+0200,5190.05176,MW,FR,FR,forecast_solar_generation,Solar,2026-08-20T04:49:42Z
2026-08-20T04:48:34Z,2026-08-20T06:48:34+0200,a8c862e9-3667-4aca-b3d4-061a7f73b92e,2026-08-18T07:15:00Z,2026-08-18T09:15:00+0200,6468.95215,MW,FR,FR,forecast_solar_generation,Solar,2026-08-20T04:49:42Z
2026-08-20T04:48:34Z,2026-08-20T06:48:34+0200,a8c862e9-3667-4aca-b3d4-061a7f73b92e,2026-08-18T07:30:00Z,2026-08-18T09:30:00+0200,7392.92627,MW,FR,FR,forecast_solar_generation,Solar,2026-08-20T04:49:42Z
2026-08-20T04:48:34Z,2026-08-20T06:48:34+0200,a8c862e9-3667-4aca-b3d4-061a7f73b92e,2026-08-18T07:45:00Z,2026-08-18T09:45:00+0200,8521.67676,MW,FR,FR,forecast_solar_generation,Solar,2026-08-20T04:49:42Z
2026-08-20T04:48:34Z,2026-08-20T06:48:34+0200,a8c862e9-3667-4aca-b3d4-061a7f73b92e,2026-08-18T08:00:00Z,2026-08-18T10:00:00+0200,9491.22754,MW,FR,FR,forecast_solar_generation,Solar,2026-08-20T04:49:42Z
2026-08-20T04:48:34Z,2026-08-20T06:48:34+0200,a8c862e9-3667-4aca-b3d4-061a7f73b92e,2026-08-18T08:15:00Z,2026-08-18T10:15:00+0200,10692.25684,MW,FR,FR,forecast_solar_generation,Solar,2026-08-20T04:49:42Z
2026-08-20T04:48:34Z,2026-08-20T06:48:34+0200,a8c862e9-3667-4aca-b3d4-061a7f73b92e,2026-08-18T08:30:00Z,2026-08-18T10:30:00+0200,11568.8916,MW,FR,FR,forecast_solar_generation,Solar,2026-08-20T04:49:42Z
2026-08-20T04:48:34Z,2026-08-20T06:48:34+0200,a8c862e9-3667-4aca-b3d4-061a7f73b92e,2026-08-18T08:45:00Z,2026-08-18T10:45:00+0200,12423.06641,MW,FR,FR,forecast_solar_generation,Solar,2026-08-20T04:49:42Z
2026-08-20T04:48:34Z,2026-08-20T06:48:34+0200,a8c862e9-3667-4aca-b3d4-061a7f73b92e,2026-08-18T09:00:00Z,2026-08-18T11:00:00+0200,13114.85742,MW,FR,FR,forecast_solar_generation,Solar,2026-08-20T04:49:42Z
2026-08-20T04:48:34Z,2026-08-20T06:48:34+0200,a8c862e9-3667-4aca-b3d4-061a7f73b92e,2026-08-18T09:15:00Z,2026-08-18T11:15:00+0200,13903.21094,MW,FR,FR,forecast_solar_generation,Solar,2026-08-20T04:49:42Z
2026-08-20T04:48:34Z,2026-08-20T06:48:34+0200,a8c862e9-3667-4aca-b3d4-061a7f73b92e,2026-08-18T09:30:00Z,2026-08-18T11:30:00+0200,14581.96289,MW,FR,FR,forecast_solar_generation,Solar,2026-08-20T04:49:42Z
2026-08-20T04:48:34Z,2026-08-20T06:48:34+0200,a8c862e9-3667-4aca-b3d4-061a7f73b92e,2026-08-18T09:45:00Z,2026-08-18T11:45:00+0200,15128.89258,MW,FR,FR,forecast_solar_generation,Solar,2026-08-20T04:49:42Z
2026-08-20T04:48:34Z,2026-08-20T06:48:34+0200,a8c862e9-3667-4aca-b3d4-061a7f73b92e,2026-08-18T10:00:00Z,2026-08-18T12:00:00+0200,15645.45605,MW,FR,FR,forecast_solar_generation,Solar,2026-08-20T04:49:42Z
2026-08-20T04:48:34Z,2026-08-20T06:48:34+0200,a8c862e9-3667-4aca-b3d4-061a7f73b92e,2026-08-18T10:15:00Z,2026-08-18T12:15:00+0200,16081.55859,MW,FR,FR,forecast_solar_generation,Solar,2026-08-20T04:49:42Z
2026-08-20T04:48:34Z,2026-08-20T06:48:34+0200,a8c862e9-3667-4aca-b3d4-061a7f73b92e,2026-08-18T10:30:00Z,2026-08-18T12:30:00+0200,16543.04688,MW,FR,FR,forecast_solar_generation,Solar,2026-08-20T04:49:42Z
2026-08-20T04:48:34Z,2026-08-20T06:48:34+0200,a8c862e9-3667-4aca-b3d4-061a7f73b92e,2026-08-18T10:45:00Z,2026-08-18T12:45:00+0200,16883.33008,MW,FR,FR,forecast_solar_generation,Solar,2026-08-20T04:49:42Z
2026-08-20T04:48:34Z,2026-08-20T06:48:34+0200,a8c862e9-3667-4aca-b3d4-061a7f73b92e,2026-08-18T11:00:00Z,2026-08-18T13:00:00+0200,17245.61914,MW,FR,FR,forecast_solar_generation,Solar,2026-08-20T04:49:42Z
2026-08-20T04:48:34Z,2026-08-20T06:48:34+0200,a8c862e9-3667-4aca-b3d4-061a7f73b92e,2026-08-18T11:15:00Z,2026-08-18T13:15:00+0200,17535.95312,MW,FR,FR,forecast_solar_generation,Solar,2026-08-20T04:49:42Z
2026-08-20T04:48:34Z,2026-08-20T06:48:34+0200,a8c862e9-3667-4aca-b3d4-061a7f73b92e,2026-08-18T11:30:00Z,2026-08-18T13:30:00+0200,17835.87305,MW,FR,FR,forecast_solar_generation,Solar,2026-08-20T04:49:42Z
2026-08-20T04:48:34Z,2026-08-20T06:48:34+0200,a8c862e9-3667-4aca-b3d4-061a7f73b92e,2026-08-18T11:45:00Z,2026-08-18T13:45:00+0200,17860.77734,MW,FR,FR,forecast_solar_generation,Solar,2026-08-20T04:49:42Z
2026-08-20T04:48:34Z,2026-08-20T06:48:34+0200,a8c862e9-3667-4aca-b3d4-061a7f73b92e,2026-08-18T12:00:00Z,2026-08-18T14:00:00+0200,17884.11523,MW,FR,FR,forecast_solar_generation,Solar,2026-08-20T04:49:42Z
2026-08-20T04:48:34Z,2026-08-20T06:48:34+0200,a8c862e9-3667-4aca-b3d4-061a7f73b92e,2026-08-18T12:15:00Z,2026-08-18T14:15:00+0200,17891.25,MW,FR,FR,forecast_solar_generation,Solar,2026-08-20T04:49:42Z
2026-08-20T04:48:34Z,2026-08-20T06:48:34+0200,a8c862e9-3667-4aca-b3d4-061a7f73b92e,2026-08-18T12:30:00Z,2026-08-18T14:30:00+0200,17892.6875,MW,FR,FR,forecast_solar_generation,Solar,2026-08-20T04:49:42Z
2026-08-20T04:48:34Z,2026-08-20T06:48:34+0200,a8c862e9-3667-4aca-b3d4-061a7f73b92e,2026-08-18T12:45:00Z,2026-08-18T14:45:00+0200,17621.99414,MW,FR,FR,forecast_solar_generation,Solar,2026-08-20T04:49:42Z
2026-08-20T04:48:34Z,2026-08-20T06:48:34+0200,a8c862e9-3667-4aca-b3d4-061a7f73b92e,2026-08-18T13:00:00Z,2026-08-18T15:00:00+0200,17364.52539,MW,FR,FR,forecast_solar_generation,Solar,2026-08-20T04:49:42Z
2026-08-20T04:48:34Z,2026-08-20T06:48:34+0200,a8c862e9-3667-4aca-b3d4-061a7f73b92e,2026-08-18T13:15:00Z,2026-08-18T15:15:00+0200,17103.11328,MW,FR,FR,forecast_solar_generation,Solar,2026-08-20T04:49:42Z
2026-08-20T04:48:34Z,2026-08-20T06:48:34+0200,a8c862e9-3667-4aca-b3d4-061a7f73b92e,2026-08-18T13:30:00Z,2026-08-18T15:30:00+0200,16846.75586,MW,FR,FR,forecast_solar_generation,Solar,2026-08-20T04:49:42Z
2026-08-20T04:48:34Z,2026-08-20T06:48:34+0200,a8c862e9-3667-4aca-b3d4-061a7f73b92e,2026-08-18T13:45:00Z,2026-08-18T15:45:00+0200,16310.9873,MW,FR,FR,forecast_solar_generation,Solar,2026-08-20T04:49:42Z
2026-08-20T04:48:34Z,2026-08-20T06:48:34+0200,a8c862e9-3667-4aca-b3d4-061a7f73b92e,2026-08-18T14:00:00Z,2026-08-18T16:00:00+0200,15725.5332,MW,FR,FR,forecast_solar_generation,Solar,2026-08-20T04:49:42Z
2026-08-20T04:48:34Z,2026-08-20T06:48:34+0200,a8c862e9-3667-4aca-b3d4-061a7f73b92e,2026-08-18T14:15:00Z,2026-08-18T16:15:00+0200,15201.57324,MW,FR,FR,forecast_solar_generation,Solar,2026-08-20T04:49:42Z
2026-08-20T04:48:34Z,2026-08-20T06:48:34+0200,a8c862e9-3667-4aca-b3d4-061a7f73b92e,2026-08-18T14:30:00Z,2026-08-18T16:30:00+0200,14628.5752,MW,FR,FR,forecast_solar_generation,Solar,2026-08-20T04:49:42Z
2026-08-20T04:48:34Z,2026-08-20T06:48:34+0200,a8c862e9-3667-4aca-b3d4-061a7f73b92e,2026-08-18T14:45:00Z,2026-08-18T16:45:00+0200,13951.83691,MW,FR,FR,forecast_solar_generation,Solar,2026-08-20T04:49:42Z
2026-08-20T04:48:34Z,2026-08-20T06:48:34+0200,a8c862e9-3667-4aca-b3d4-061a7f73b92e,2026-08-18T15:00:00Z,2026-08-18T17:00:00+0200,13130.98145,MW,FR,FR,forecast_solar_generation,Solar,2026-08-20T04:49:42Z
2026-08-20T04:48:34Z,2026-08-20T06:48:34+0200,a8c862e9-3667-4aca-b3d4-061a7f73b92e,2026-08-18T15:15:00Z,2026-08-18T17:15:00+0200,12283.4873,MW,FR,FR,forecast_solar_generation,Solar,2026-08-20T04:49:42Z
2026-08-20T04:48:34Z,2026-08-20T06:48:34+0200,a8c862e9-3667-4aca-b3d4-061a7f73b92e,2026-08-18T15:30:00Z,2026-08-18T17:30:00+0200,11359.53418,MW,FR,FR,forecast_solar_generation,Solar,2026-08-20T04:49:42Z
2026-08-20T04:48:34Z,2026-08-20T06:48:34+0200,a8c862e9-3667-4aca-b3d4-061a7f73b92e,2026-08-18T15:45:00Z,2026-08-18T17:45:00+0200,10510.83203,MW,FR,FR,forecast_solar_generation,Solar,2026-08-20T04:49:42Z
2026-08-20T04:48:34Z,2026-08-20T06:48:34+0200,a8c862e9-3667-4aca-b3d4-061a7f73b92e,2026-08-18T16:00:00Z,2026-08-18T18:00:00+0200,9477.99121,MW,FR,FR,forecast_solar_generation,Solar,2026-08-20T04:49:42Z
2026-08-20T04:48:34Z,2026-08-20T06:48:34+0200,a8c862e9-3667-4aca-b3d4-061a7f73b92e,2026-08-18T16:15:00Z,2026-08-18T18:15:00+0200,8408.26758,MW,FR,FR,forecast_solar_generation,Solar,2026-08-20T04:49:42Z
2026-08-20T04:48:34Z,2026-08-20T06:48:34+0200,a8c862e9-3667-4aca-b3d4-061a7f73b92e,2026-08-18T16:30:00Z,2026-08-18T18:30:00+0200,7305.52637,MW,FR,FR,forecast_solar_generation,Solar,2026-08-20T04:49:42Z
2026-08-20T04:48:34Z,2026-08-20T06:48:34+0200,a8c862e9-3667-4aca-b3d4-061a7f73b92e,2026-08-18T16:45:00Z,2026-08-18T18:45:00+0200,6371.32275,MW,FR,FR,forecast_solar_generation,Solar,2026-08-20T04:49:42Z
2026-08-20T04:48:34Z,2026-08-20T06:48:34+0200,a8c862e9-3667-4aca-b3d4-061a7f73b92e,2026-08-18T17:00:00Z,2026-08-18T19:00:00+0200,5134.78076,MW,FR,FR,forecast_solar_generation,Solar,2026-08-20T04:49:42Z
2026-08-20T04:48:34Z,2026-08-20T06:48:34+0200,a8c862e9-3667-4aca-b3d4-061a7f73b92e,2026-08-18T17:15:00Z,2026-08-18T19:15:00+0200,4242.43945,MW,FR,FR,forecast_solar_generation,Solar,2026-08-20T04:49:42Z
2026-08-20T04:48:34Z,2026-08-20T06:48:34+0200,a8c862e9-3667-4aca-b3d4-061a7f73b92e,2026-08-18T17:30:00Z,2026-08-18T19:30:00+0200,3122.33716,MW,FR,FR,forecast_solar_generation,Solar,2026-08-20T04:49:42Z
2026-08-20T04:48:34Z,2026-08-20T06:48:34+0200,a8c862e9-3667-4aca-b3d4-061a7f73b92e,2026-08-18T17:45:00Z,2026-08-18T19:45:00+0200,2432.04224,MW,FR,FR,forecast_solar_generation,Solar,2026-08-20T04:49:42Z
2026-08-20T04:48:34Z,2026-08-20T06:48:34+0200,a8c862e9-3667-4aca-b3d4-061a7f73b92e,2026-08-18T18:00:00Z,2026-08-18T20:00:00+0200,1624.06982,MW,FR,FR,forecast_solar_generation,Solar,2026-08-20T04:49:42Z
2026-08-20T04:48:34Z,2026-08-20T06:48:34+0200,a8c862e9-3667-4aca-b3d4-061a7f73b92e,2026-08-18T18:15:00Z,2026-08-18T20:15:00+0200,1039.46289,MW,FR,FR,forecast_solar_generation,Solar,2026-08-20T04:49:42Z
2026-08-20T04:48:34Z,2026-08-20T06:48:34+0200,a8c862e9-3667-4aca-b3d4-061a7f73b92e,2026-08-18T18:30:00Z,2026-08-18T20:30:00+0200,555.37445,MW,FR,FR,forecast_solar_generation,Solar,2026-08-20T04:49:42Z
2026-08-20T04:48:34Z,2026-08-20T06:48:34+0200,a8c862e9-3667-4aca-b3d4-061a7f73b92e,2026-08-18T18:45:00Z,2026-08-18T20:45:00+0200,269.68973,MW,FR,FR,forecast_solar_generation,Solar,2026-08-20T04:49:42Z
2026-08-20T04:48:34Z,2026-08-20T06:48:34+0200,a8c862e9-3667-4aca-b3d4-061a7f73b92e,2026-08-18T19:00:00Z,2026-08-18T21:00:00+0200,41.94282,MW,FR,FR,forecast_solar_generation,Solar,2026-08-20T04:49:42Z
2026-08-20T04:48:34Z,2026-08-20T06:48:34+0200,a8c862e9-3667-4aca-b3d4-061a7f73b92e,2026-08-18T19:15:00Z,2026-08-18T21:15:00+0200,1.39767,MW,FR,FR,forecast_solar_generation,Solar,2026-08-20T04:49:42Z
2026-08-20T04:48:34Z,2026-08-20T06:48:34+0200,a8c862e9-3667-4aca-b3d4-061a7f73b92e,2026-08-18T19:30:00Z,2026-08-18T21:30:00+0200,0.0,MW,FR,FR,forecast_solar_generation,Solar,2026-08-20T04:49:42Z
2026-08-20T04:48:34Z,2026-08-20T06:48:34+0200,a8c862e9-3667-4aca-b3d4-061a7f73b92e,2026-08-18T19:45:00Z,2026-08-18T21:45:00+0200,0.0,MW,FR,FR,forecast_solar_generation,Solar,2026-08-20T04:49:42Z
2026-08-20T04:48:34Z,2026-08-20T06:48:34+0200,a8c862e9-3667-4aca-b3d4-061a7f73b92e,2026-08-18T20:00:00Z,2026-08-18T22:00:00+0200,0.0,MW,FR,FR,forecast_solar_generation,Solar,2026-08-20T04:49:42Z
2026-08-20T04:48:34Z,2026-08-20T06:48:34+0200,a8c862e9-3667-4aca-b3d4-061a7f73b92e,2026-08-18T20:15:00Z,2026-08-18T22:15:00+0200,0.0,MW,FR,FR,forecast_solar_generation,Solar,2026-08-20T04:49:42Z
2026-08-20T04:48:34Z,2026-08-20T06:48:34+0200,a8c862e9-3667-4aca-b3d4-061a7f73b92e,2026-08-18T20:30:00Z,2026-08-18T22:30:00+0200,0.0,MW,FR,FR,forecast_solar_generation,Solar,2026-08-20T04:49:42Z
2026-08-20T04:48:34Z,2026-08-20T06:48:34+0200,a8c862e9-3667-4aca-b3d4-061a7f73b92e,2026-08-18T20:45:00Z,2026-08-18T22:45:00+0200,0.0,MW,FR,FR,forecast_solar_generation,Solar,2026-08-20T04:49:42Z
2026-08-20T04:48:34Z,2026-08-20T06:48:34+0200,a8c862e9-3667-4aca-b3d4-061a7f73b92e,2026-08-18T21:00:00Z,2026-08-18T23:00:00+0200,0.0,MW,FR,FR,forecast_solar_generation,Solar,2026-08-20T04:49:42Z
2026-08-20T04:48:34Z,2026-08-20T06:48:34+0200,a8c862e9-3667-4aca-b3d4-061a7f73b92e,2026-08-18T21:15:00Z,2026-08-18T23:15:00+0200,0.0,MW,FR,FR,forecast_solar_generation,Solar,2026-08-20T04:49:42Z
2026-08-20T04:48:34Z,2026-08-20T06:48:34+0200,a8c862e9-3667-4aca-b3d4-061a7f73b92e,2026-08-18T21:30:00Z,2026-08-18T23:30:00+0200,0.0,MW,FR,FR,forecast_solar_generation,Solar,2026-08-20T04:49:42Z
2026-08-20T04:48:34Z,2026-08-20T06:48:34+0200,a8c862e9-3667-4aca-b3d4-061a7f73b92e,2026-08-18T21:45:00Z,2026-08-18T23:45:00+0200,0.0,MW,FR,FR,forecast_solar_generation,Solar,2026-08-20T04:49:42Z
2026-08-20T04:48:34Z,2026-08-20T06:48:34+0200,a8c862e9-3667-4aca-b3d4-061a7f73b92e,2026-08-18T22:00:00Z,2026-08-19T00:00:00+0200,0.0,MW,FR,FR,forecast_solar_generation,Solar,2026-08-20T04:49:42Z
2026-08-20T04:48:34Z,2026-08-20T06:48:34+0200,a8c862e9-3667-4aca-b3d4-061a7f73b92e,2026-08-18T22:15:00Z,2026-08-19T00:15:00+0200,0.0,MW,FR,FR,forecast_solar_generation,Solar,2026-08-20T04:49:42Z
2026-08-20T04:48:34Z,2026-08-20T06:48:34+0200,a8c862e9-3667-4aca-b3d4-061a7f73b92e,2026-08-18T22:30:00Z,2026-08-19T00:30:00+0200,0.0,MW,FR,FR,forecast_solar_generation,Solar,2026-08-20T04:49:42Z
2026-08-20T04:48:34Z,2026-08-20T06:48:34+0200,a8c862e9-3667-4aca-b3d4-061a7f73b92e,2026-08-18T22:45:00Z,2026-08-19T00:45:00+0200,0.0,MW,FR,FR,forecast_solar_generation,Solar,2026-08-20T04:49:42Z
2026-08-20T04:48:34Z,2026-08-20T06:48:34+0200,a8c862e9-3667-4aca-b3d4-061a7f73b92e,2026-08-18T23:00:00Z,2026-08-19T01:00:00+0200,0.0,MW,FR,FR,forecast_solar_generation,Solar,2026-08-20T04:49:42Z
2026-08-20T04:48:34Z,2026-08-20T06:48:34+0200,a8c862e9-3667-4aca-b3d4-061a7f73b92e,2026-08-18T23:15:00Z,2026-08-19T01:15:00+0200,0.0,MW,FR,FR,forecast_solar_generation,Solar,2026-08-20T04:49:42Z
2026-08-20T04:48:34Z,2026-08-20T06:48:34+0200,a8c862e9-3667-4aca-b3d4-061a7f73b92e,2026-08-18T23:30:00Z,2026-08-19T01:30:00+0200,0.0,MW,FR,FR,forecast_solar_generation,Solar,2026-08-20T04:49:42Z
2026-08-20T04:48:34Z,2026-08-20T06:48:34+0200,a8c862e9-3667-4aca-b3d4-061a7f73b92e,2026-08-18T23:45:00Z,2026-08-19T01:45:00+0200,0.0,MW,FR,FR,forecast_solar_generation,Solar,2026-08-20T04:49:42Z
2026-08-20T04:48:34Z,2026-08-20T06:48:34+0200,a8c862e9-3667-4aca-b3d4-061a7f73b92e,2026-08-19T00:00:00Z,2026-08-19T02:00:00+0200,0.0,MW,FR,FR,forecast_solar_generation,Solar,2026-08-20T04:49:42Z
2026-08-20T04:48:34Z,2026-08-20T06:48:34+0200,a8c862e9-3667-4aca-b3d4-061a7f73b92e,2026-08-19T00:15:00Z,2026-08-19T02:15:00+0200,0.0,MW,FR,FR,forecast_solar_generation,Solar,2026-08-20T04:49:42Z
2026-08-20T04:48:34Z,2026-08-20T06:48:34+0200,a8c862e9-3667-4aca-b3d4-061a7f73b92e,2026-08-19T00:30:00Z,2026-08-19T02:30:00+0200,0.0,MW,FR,FR,forecast_solar_generation,Solar,2026-08-20T04:49:42Z
2026-08-20T04:48:34Z,2026-08-20T06:48:34+0200,a8c862e9-3667-4aca-b3d4-061a7f73b92e,2026-08-19T00:45:00Z,2026-08-19T02:45:00+0200,0.0,MW,FR,FR,forecast_solar_generation,Solar,2026-08-20T04:49:42Z
2026-08-20T04:48:34Z,2026-08-20T06:48:34+0200,a8c862e9-3667-4aca-b3d4-061a7f73b92e,2026-08-19T01:00:00Z,2026-08-19T03:00:00+0200,0.0,MW,FR,FR,forecast_solar_generation,Solar,2026-08-20T04:49:42Z
2026-08-20T04:48:34Z,2026-08-20T06:48:34+0200,a8c862e9-3667-4aca-b3d4-061a7f73b92e,2026-08-19T01:15:00Z,2026-08-19T03:15:00+0200,0.0,MW,FR,FR,forecast_solar_generation,Solar,2026-08-20T04:49:42Z
2026-08-20T04:48:34Z,2026-08-20T06:48:34+0200,a8c862e9-3667-4aca-b3d4-061a7f73b92e,2026-08-19T01:30:00Z,2026-08-19T03:30:00+0200,0.0,MW,FR,FR,forecast_solar_generation,Solar,2026-08-20T04:49:42Z
2026-08-20T04:48:34Z,2026-08-20T06:48:34+0200,a8c862e9-3667-4aca-b3d4-061a7f73b92e,2026-08-19T01:45:00Z,2026-08-19T03:45:00+0200,0.0,MW,FR,FR,forecast_solar_generation,Solar,2026-08-20T04:49:42Z
2026-08-20T04:48:34Z,2026-08-20T06:48:34+0200,a8c862e9-3667-4aca-b3d4-061a7f73b92e,2026-08-19T02:00:00Z,2026-08-19T04:00:00+0200,0.0,MW,FR,FR,forecast_solar_generation,Solar,2026-08-20T04:49:42Z
2026-08-20T04:48:34Z,2026-08-20T06:48:34+0200,a8c862e9-3667-4aca-b3d4-061a7f73b92e,2026-08-19T02:15:00Z,2026-08-19T04:15:00+0200,0.0,MW,FR,FR,forecast_solar_generation,Solar,2026-08-20T04:49:42Z
2026-08-20T04:48:34Z,2026-08-20T06:48:34+0200,a8c862e9-3667-4aca-b3d4-061a7f73b92e,2026-08-19T02:30:00Z,2026-08-19T04:30:00+0200,0.0,MW,FR,FR,forecast_solar_generation,Solar,2026-08-20T04:49:42Z
2026-08-20T04:48:34Z,2026-08-20T06:48:34+0200,a8c862e9-3667-4aca-b3d4-061a7f73b92e,2026-08-19T02:45:00Z,2026-08-19T04:45:00+0200,0.0,MW,FR,FR,forecast_solar_generation,Solar,2026-08-20T04:49:42Z
2026-08-20T04:48:34Z,2026-08-20T06:48:34+0200,a8c862e9-3667-4aca-b3d4-061a7f73b92e,2026-08-19T03:00:00Z,2026-08-19T05:00:00+0200,0.0,MW,FR,FR,forecast_solar_generation,Solar,2026-08-20T04:49:42Z
2026-08-20T04:48:34Z,2026-08-20T06:48:34+0200,a8c862e9-3667-4aca-b3d4-061a7f73b92e,2026-08-19T03:15:00Z,2026-08-19T05:15:00+0200,0.0,MW,FR,FR,forecast_solar_generation,Solar,2026-08-20T04:49:42Z
2026-08-20T04:48:34Z,2026-08-20T06:48:34+0200,a8c862e9-3667-4aca-b3d4-061a7f73b92e,2026-08-19T03:30:00Z,2026-08-19T05:30:00+0200,0.0,MW,FR,FR,forecast_solar_generation,Solar,2026-08-20T04:49:42Z
2026-08-20T04:48:34Z,2026-08-20T06:48:34+0200,a8c862e9-3667-4aca-b3d4-061a7f73b92e,2026-08-19T03:45:00Z,2026-08-19T05:45:00+0200,0.0,MW,FR,FR,forecast_solar_generation,Solar,2026-08-20T04:49:42Z
2026-08-20T04:48:34Z,2026-08-20T06:48:34+0200,a8c862e9-3667-4aca-b3d4-061a7f73b92e,2026-08-19T04:00:00Z,2026-08-19T06:00:00+0200,0.0,MW,FR,FR,forecast_solar_generation,Solar,2026-08-20T04:49:42Z
2026-08-20T04:48:34Z,2026-08-20T06:48:34+0200,a8c862e9-3667-4aca-b3d4-061a7f73b92e,2026-08-19T04:15:00Z,2026-08-19T06:15:00+0200,0.0,MW,FR,FR,forecast_solar_generation,Solar,2026-08-20T04:49:42Z
2026-08-20T04:48:34Z,2026-08-20T06:48:34+0200,a8c862e9-3667-4aca-b3d4-061a7f73b92e,2026-08-19T04:30:00Z,2026-08-19T06:30:00+0200,0.3227,MW,FR,FR,forecast_solar_generation,Solar,2026-08-20T04:49:42Z
2026-08-20T04:48:34Z,2026-08-20T06:48:34+0200,a8c862e9-3667-4aca-b3d4-061a7f73b92e,2026-08-19T04:45:00Z,2026-08-19T06:45:00+0200,26.31558,MW,FR,FR,forecast_solar_generation,Solar,2026-08-20T04:49:42Z
2026-08-20T04:48:34Z,2026-08-20T06:48:34+0200,a8c862e9-3667-4aca-b3d4-061a7f73b92e,2026-08-19T05:00:00Z,2026-08-19T07:00:00+0200,155.06438,MW,FR,FR,forecast_solar_generation,Solar,2026-08-20T04:49:42Z
2026-08-20T04:48:34Z,2026-08-20T06:48:34+0200,a8c862e9-3667-4aca-b3d4-061a7f73b92e,2026-08-19T05:15:00Z,2026-08-19T07:15:00+0200,369.31039,MW,FR,FR,forecast_solar_generation,Solar,2026-08-20T04:49:42Z
2026-08-20T04:48:34Z,2026-08-20T06:48:34+0200,a8c862e9-3667-4aca-b3d4-061a7f73b92e,2026-08-19T05:30:00Z,2026-08-19T07:30:00+0200,554.026,MW,FR,FR,forecast_solar_generation,Solar,2026-08-20T04:49:42Z
2026-08-20T04:48:34Z,2026-08-20T06:48:34+0200,a8c862e9-3667-4aca-b3d4-061a7f73b92e,2026-08-19T05:45:00Z,2026-08-19T07:45:00+0200,1038.54663,MW,FR,FR,forecast_solar_generation,Solar,2026-08-20T04:49:42Z
2026-08-20T04:48:34Z,2026-08-20T06:48:34+0200,a8c862e9-3667-4aca-b3d4-061a7f73b92e,2026-08-19T06:00:00Z,2026-08-19T08:00:00+0200,1623.98962,MW,FR,FR,forecast_solar_generation,Solar,2026-08-20T04:49:42Z
2026-08-20T04:48:34Z,2026-08-20T06:48:34+0200,a8c862e9-3667-4aca-b3d4-061a7f73b92e,2026-08-19T06:15:00Z,2026-08-19T08:15:00+0200,2559.09399,MW,FR,FR,forecast_solar_generation,Solar,2026-08-20T04:49:42Z
2026-08-20T04:48:34Z,2026-08-20T06:48:34+0200,a8c862e9-3667-4aca-b3d4-061a7f73b92e,2026-08-19T06:30:00Z,2026-08-19T08:30:00+0200,3299.59424,MW,FR,FR,forecast_solar_generation,Solar,2026-08-20T04:49:42Z
2026-08-20T04:48:34Z,2026-08-20T06:48:34+0200,a8c862e9-3667-4aca-b3d4-061a7f73b92e,2026-08-19T06:45:00Z,2026-08-19T08:45:00+0200,4500.79785,MW,FR,FR,forecast_solar_generation,Solar,2026-08-20T04:49:42Z
2026-08-20T04:48:34Z,2026-08-20T06:48:34+0200,a8c862e9-3667-4aca-b3d4-061a7f73b92e,2026-08-19T07:00:00Z,2026-08-19T09:00:00+0200,5470.40918,MW,FR,FR,forecast_solar_generation,Solar,2026-08-20T04:49:42Z
2026-08-20T04:48:34Z,2026-08-20T06:48:34+0200,a8c862e9-3667-4aca-b3d4-061a7f73b92e,2026-08-19T07:15:00Z,2026-08-19T09:15:00+0200,6854.45361,MW,FR,FR,forecast_solar_generation,Solar,2026-08-20T04:49:42Z
2026-08-20T04:48:34Z,2026-08-20T06:48:34+0200,a8c862e9-3667-4aca-b3d4-061a7f73b92e,2026-08-19T07:30:00Z,2026-08-19T09:30:00+0200,7899.14014,MW,FR,FR,forecast_solar_generation,Solar,2026-08-20T04:49:42Z
2026-08-20T04:48:34Z,2026-08-20T06:48:34+0200,a8c862e9-3667-4aca-b3d4-061a7f73b92e,2026-08-19T07:45:00Z,2026-08-19T09:45:00+0200,9094.95508,MW,FR,FR,forecast_solar_generation,Solar,2026-08-20T04:49:42Z
2026-08-20T04:48:34Z,2026-08-20T06:48:34+0200,a8c862e9-3667-4aca-b3d4-061a7f73b92e,2026-08-19T08:00:00Z,2026-08-19T10:00:00+0200,10092.80664,MW,FR,FR,forecast_solar_generation,Solar,2026-08-20T04:49:42Z
2026-08-20T04:48:34Z,2026-08-20T06:48:34+0200,a8c862e9-3667-4aca-b3d4-061a7f73b92e,2026-08-19T08:15:00Z,2026-08-19T10:15:00+0200,11358.0752,MW,FR,FR,forecast_solar_generation,Solar,2026-08-20T04:49:42Z
2026-08-20T04:48:34Z,2026-08-20T06:48:34+0200,a8c862e9-3667-4aca-b3d4-061a7f73b92e,2026-08-19T08:30:00Z,2026-08-19T10:30:00+0200,12265.24707,MW,FR,FR,forecast_solar_generation,Solar,2026-08-20T04:49:42Z
2026-08-20T04:48:34Z,2026-08-20T06:48:34+0200,a8c862e9-3667-4aca-b3d4-061a7f73b92e,2026-08-19T08:45:00Z,2026-08-19T10:45:00+0200,13194.97656,MW,FR,FR,forecast_solar_generation,Solar,2026-08-20T04:49:42Z
2026-08-20T04:48:34Z,2026-08-20T06:48:34+0200,a8c862e9-3667-4aca-b3d4-061a7f73b92e,2026-08-19T09:00:00Z,2026-08-19T11:00:00+0200,13975.00684,MW,FR,FR,forecast_solar_generation,Solar,2026-08-20T04:49:42Z
2026-08-20T04:48:34Z,2026-08-20T06:48:34+0200,a8c862e9-3667-4aca-b3d4-061a7f73b92e,2026-08-19T09:15:00Z,2026-08-19T11:15:00+0200,14920.46777,MW,FR,FR,forecast_solar_generation,Solar,2026-08-20T04:49:42Z
2026-08-20T04:48:34Z,2026-08-20T06:48:34+0200,a8c862e9-3667-4aca-b3d4-061a7f73b92e,2026-08-19T09:30:00Z,2026-08-19T11:30:00+0200,15660.79492,MW,FR,FR,forecast_solar_generation,Solar,2026-08-20T04:49:42Z
2026-08-20T04:48:34Z,2026-08-20T06:48:34+0200,a8c862e9-3667-4aca-b3d4-061a7f73b92e,2026-08-19T09:45:00Z,2026-08-19T11:45:00+0200,16297.33301,MW,FR,FR,forecast_solar_generation,Solar,2026-08-20T04:49:42Z
2026-08-20T04:48:34Z,2026-08-20T06:48:34+0200,a8c862e9-3667-4aca-b3d4-061a7f73b92e,2026-08-19T10:00:00Z,2026-08-19T12:00:00+0200,16841.26172,MW,FR,FR,forecast_solar_generation,Solar,2026-08-20T04:49:42Z
2026-08-20T04:48:34Z,2026-08-20T06:48:34+0200,a8c862e9-3667-4aca-b3d4-061a7f73b92e,2026-08-19T10:15:00Z,2026-08-19T12:15:00+0200,17372.65039,MW,FR,FR,forecast_solar_generation,Solar,2026-08-20T04:49:42Z
2026-08-20T04:48:34Z,2026-08-20T06:48:34+0200,a8c862e9-3667-4aca-b3d4-061a7f73b92e,2026-08-19T10:30:00Z,2026-08-19T12:30:00+0200,17869.08398,MW,FR,FR,forecast_solar_generation,Solar,2026-08-20T04:49:42Z
2026-08-20T04:48:34Z,2026-08-20T06:48:34+0200,a8c862e9-3667-4aca-b3d4-061a7f73b92e,2026-08-19T10:45:00Z,2026-08-19T12:45:00+0200,18139.95117,MW,FR,FR,forecast_solar_generation,Solar,2026-08-20T04:49:42Z
2026-08-20T04:48:34Z,2026-08-20T06:48:34+0200,a8c862e9-3667-4aca-b3d4-061a7f73b92e,2026-08-19T11:00:00Z,2026-08-19T13:00:00+0200,18452.30469,MW,FR,FR,forecast_solar_generation,Solar,2026-08-20T04:49:42Z
2026-08-20T04:48:34Z,2026-08-20T06:48:34+0200,a8c862e9-3667-4aca-b3d4-061a7f73b92e,2026-08-19T11:15:00Z,2026-08-19T13:15:00+0200,18698.51172,MW,FR,FR,forecast_solar_generation,Solar,2026-08-20T04:49:42Z
2026-08-20T04:48:34Z,2026-08-20T06:48:34+0200,a8c862e9-3667-4aca-b3d4-061a7f73b92e,2026-08-19T11:30:00Z,2026-08-19T13:30:00+0200,18914.91797,MW,FR,FR,forecast_solar_generation,Solar,2026-08-20T04:49:42Z
2026-08-20T04:48:34Z,2026-08-20T06:48:34+0200,a8c862e9-3667-4aca-b3d4-061a7f73b92e,2026-08-19T11:45:00Z,2026-08-19T13:45:00+0200,18914.58008,MW,FR,FR,forecast_solar_generation,Solar,2026-08-20T04:49:42Z
2026-08-20T04:48:34Z,2026-08-20T06:48:34+0200,a8c862e9-3667-4aca-b3d4-061a7f73b92e,2026-08-19T12:00:00Z,2026-08-19T14:00:00+0200,18908.58984,MW,FR,FR,forecast_solar_generation,Solar,2026-08-20T04:49:42Z
2026-08-20T04:48:34Z,2026-08-20T06:48:34+0200,a8c862e9-3667-4aca-b3d4-061a7f73b92e,2026-08-19T12:15:00Z,2026-08-19T14:15:00+0200,18875.35352,MW,FR,FR,forecast_solar_generation,Solar,2026-08-20T04:49:42Z
2026-08-20T04:48:34Z,2026-08-20T06:48:34+0200,a8c862e9-3667-4aca-b3d4-061a7f73b92e,2026-08-19T12:30:00Z,2026-08-19T14:30:00+0200,18806.39844,MW,FR,FR,forecast_solar_generation,Solar,2026-08-20T04:49:42Z
2026-08-20T04:48:34Z,2026-08-20T06:48:34+0200,a8c862e9-3667-4aca-b3d4-061a7f73b92e,2026-08-19T12:45:00Z,2026-08-19T14:45:00+0200,18574.39258,MW,FR,FR,forecast_solar_generation,Solar,2026-08-20T04:49:42Z
2026-08-20T04:48:34Z,2026-08-20T06:48:34+0200,a8c862e9-3667-4aca-b3d4-061a7f73b92e,2026-08-19T13:00:00Z,2026-08-19T15:00:00+0200,18290.95508,MW,FR,FR,forecast_solar_generation,Solar,2026-08-20T04:49:42Z
2026-08-20T04:48:34Z,2026-08-20T06:48:34+0200,a8c862e9-3667-4aca-b3d4-061a7f73b92e,2026-08-19T13:15:00Z,2026-08-19T15:15:00+0200,18002.35547,MW,FR,FR,forecast_solar_generation,Solar,2026-08-20T04:49:42Z
2026-08-20T04:48:34Z,2026-08-20T06:48:34+0200,a8c862e9-3667-4aca-b3d4-061a7f73b92e,2026-08-19T13:30:00Z,2026-08-19T15:30:00+0200,17661.91211,MW,FR,FR,forecast_solar_generation,Solar,2026-08-20T04:49:42Z
2026-08-20T04:48:34Z,2026-08-20T06:48:34+0200,a8c862e9-3667-4aca-b3d4-061a7f73b92e,2026-08-19T13:45:00Z,2026-08-19T15:45:00+0200,17104.5293,MW,FR,FR,forecast_solar_generation,Solar,2026-08-20T04:49:42Z
2026-08-20T04:48:34Z,2026-08-20T06:48:34+0200,a8c862e9-3667-4aca-b3d4-061a7f73b92e,2026-08-19T14:00:00Z,2026-08-19T16:00:00+0200,16469.19727,MW,FR,FR,forecast_solar_generation,Solar,2026-08-20T04:49:42Z
2026-08-20T04:48:34Z,2026-08-20T06:48:34+0200,a8c862e9-3667-4aca-b3d4-061a7f73b92e,2026-08-19T14:15:00Z,2026-08-19T16:15:00+0200,15925.76758,MW,FR,FR,forecast_solar_generation,Solar,2026-08-20T04:49:42Z
2026-08-20T04:48:34Z,2026-08-20T06:48:34+0200,a8c862e9-3667-4aca-b3d4-061a7f73b92e,2026-08-19T14:30:00Z,2026-08-19T16:30:00+0200,15247.07422,MW,FR,FR,forecast_solar_generation,Solar,2026-08-20T04:49:42Z
2026-08-20T04:48:34Z,2026-08-20T06:48:34+0200,a8c862e9-3667-4aca-b3d4-061a7f73b92e,2026-08-19T14:45:00Z,2026-08-19T16:45:00+0200,14555.87988,MW,FR,FR,forecast_solar_generation,Solar,2026-08-20T04:49:42Z
2026-08-20T04:48:34Z,2026-08-20T06:48:34+0200,a8c862e9-3667-4aca-b3d4-061a7f73b92e,2026-08-19T15:00:00Z,2026-08-19T17:00:00+0200,13777.74609,MW,FR,FR,forecast_solar_generation,Solar,2026-08-20T04:49:42Z
2026-08-20T04:48:34Z,2026-08-20T06:48:34+0200,a8c862e9-3667-4aca-b3d4-061a7f73b92e,2026-08-19T15:15:00Z,2026-08-19T17:15:00+0200,12864.29785,MW,FR,FR,forecast_solar_generation,Solar,2026-08-20T04:49:42Z
2026-08-20T04:48:34Z,2026-08-20T06:48:34+0200,a8c862e9-3667-4aca-b3d4-061a7f73b92e,2026-08-19T15:30:00Z,2026-08-19T17:30:00+0200,11913.87793,MW,FR,FR,forecast_solar_generation,Solar,2026-08-20T04:49:42Z
2026-08-20T04:48:34Z,2026-08-20T06:48:34+0200,a8c862e9-3667-4aca-b3d4-061a7f73b92e,2026-08-19T15:45:00Z,2026-08-19T17:45:00+0200,10991.80762,MW,FR,FR,forecast_solar_generation,Solar,2026-08-20T04:49:42Z
2026-08-20T04:48:34Z,2026-08-20T06:48:34+0200,a8c862e9-3667-4aca-b3d4-061a7f73b92e,2026-08-19T16:00:00Z,2026-08-19T18:00:00+0200,9838.7334,MW,FR,FR,forecast_solar_generation,Solar,2026-08-20T04:49:42Z
2026-08-20T04:48:34Z,2026-08-20T06:48:34+0200,a8c862e9-3667-4aca-b3d4-061a7f73b92e,2026-08-19T16:15:00Z,2026-08-19T18:15:00+0200,8547.08398,MW,FR,FR,forecast_solar_generation,Solar,2026-08-20T04:49:42Z
2026-08-20T04:48:34Z,2026-08-20T06:48:34+0200,a8c862e9-3667-4aca-b3d4-061a7f73b92e,2026-08-19T16:30:00Z,2026-08-19T18:30:00+0200,7368.51953,MW,FR,FR,forecast_solar_generation,Solar,2026-08-20T04:49:42Z
2026-08-20T04:48:34Z,2026-08-20T06:48:34+0200,a8c862e9-3667-4aca-b3d4-061a7f73b92e,2026-08-19T16:45:00Z,2026-08-19T18:45:00+0200,6449.95361,MW,FR,FR,forecast_solar_generation,Solar,2026-08-20T04:49:42Z
2026-08-20T04:48:34Z,2026-08-20T06:48:34+0200,a8c862e9-3667-4aca-b3d4-061a7f73b92e,2026-08-19T17:00:00Z,2026-08-19T19:00:00+0200,5098.85498,MW,FR,FR,forecast_solar_generation,Solar,2026-08-20T04:49:42Z
2026-08-20T04:48:34Z,2026-08-20T06:48:34+0200,a8c862e9-3667-4aca-b3d4-061a7f73b92e,2026-08-19T17:15:00Z,2026-08-19T19:15:00+0200,4169.24756,MW,FR,FR,forecast_solar_generation,Solar,2026-08-20T04:49:42Z
2026-08-20T04:48:34Z,2026-08-20T06:48:34+0200,a8c862e9-3667-4aca-b3d4-061a7f73b92e,2026-08-19T17:30:00Z,2026-08-19T19:30:00+0200,3047.77222,MW,FR,FR,forecast_solar_generation,Solar,2026-08-20T04:49:42Z
2026-08-20T04:48:34Z,2026-08-20T06:48:34+0200,a8c862e9-3667-4aca-b3d4-061a7f73b92e,2026-08-19T17:45:00Z,2026-08-19T19:45:00+0200,2372.06738,MW,FR,FR,forecast_solar_generation,Solar,2026-08-20T04:49:42Z
2026-08-20T04:48:34Z,2026-08-20T06:48:34+0200,a8c862e9-3667-4aca-b3d4-061a7f73b92e,2026-08-19T18:00:00Z,2026-08-19T20:00:00+0200,1578.96472,MW,FR,FR,forecast_solar_generation,Solar,2026-08-20T04:49:42Z
2026-08-20T04:48:34Z,2026-08-20T06:48:34+0200,a8c862e9-3667-4aca-b3d4-061a7f73b92e,2026-08-19T18:15:00Z,2026-08-19T20:15:00+0200,1007.00574,MW,FR,FR,forecast_solar_generation,Solar,2026-08-20T04:49:42Z
2026-08-20T04:48:34Z,2026-08-20T06:48:34+0200,a8c862e9-3667-4aca-b3d4-061a7f73b92e,2026-08-19T18:30:00Z,2026-08-19T20:30:00+0200,503.70227,MW,FR,FR,forecast_solar_generation,Solar,2026-08-20T04:49:42Z
2026-08-20T04:48:34Z,2026-08-20T06:48:34+0200,a8c862e9-3667-4aca-b3d4-061a7f73b92e,2026-08-19T18:45:00Z,2026-08-19T20:45:00+0200,226.24893,MW,FR,FR,forecast_solar_generation,Solar,2026-08-20T04:49:42Z
2026-08-20T04:48:34Z,2026-08-20T06:48:34+0200,a8c862e9-3667-4aca-b3d4-061a7f73b92e,2026-08-19T19:00:00Z,2026-08-19T21:00:00+0200,35.51597,MW,FR,FR,forecast_solar_generation,Solar,2026-08-20T04:49:42Z
2026-08-20T04:48:34Z,2026-08-20T06:48:34+0200,a8c862e9-3667-4aca-b3d4-061a7f73b92e,2026-08-19T19:15:00Z,2026-08-19T21:15:00+0200,0.58873,MW,FR,FR,forecast_solar_generation,Solar,2026-08-20T04:49:42Z
2026-08-20T04:48:34Z,2026-08-20T06:48:34+0200,a8c862e9-3667-4aca-b3d4-061a7f73b92e,2026-08-19T19:30:00Z,2026-08-19T21:30:00+0200,0.0,MW,FR,FR,forecast_solar_generation,Solar,2026-08-20T04:49:42Z
2026-08-20T04:48:34Z,2026-08-20T06:48:34+0200,a8c862e9-3667-4aca-b3d4-061a7f73b92e,2026-08-19T19:45:00Z,2026-08-19T21:45:00+0200,0.0,MW,FR,FR,forecast_solar_generation,Solar,2026-08-20T04:49:42Z
2026-08-20T04:48:34Z,2026-08-20T06:48:34+0200,a8c862e9-3667-4aca-b3d4-061a7f73b92e,2026-08-19T20:00:00Z,2026-08-19T22:00:00+0200,0.0,MW,FR,FR,forecast_solar_generation,Solar,2026-08-20T04:49:42Z
2026-08-20T04:48:34Z,2026-08-20T06:48:34+0200,a8c862e9-3667-4aca-b3d4-061a7f73b92e,2026-08-19T20:15:00Z,2026-08-19T22:15:00+0200,0.0,MW,FR,FR,forecast_solar_generation,Solar,2026-08-20T04:49:42Z
2026-08-20T04:48:34Z,2026-08-20T06:48:34+0200,a8c862e9-3667-4aca-b3d4-061a7f73b92e,2026-08-19T20:30:00Z,2026-08-19T22:30:00+0200,0.0,MW,FR,FR,forecast_solar_generation,Solar,2026-08-20T04:49:42Z
2026-08-20T04:48:34Z,2026-08-20T06:48:34+0200,a8c862e9-3667-4aca-b3d4-061a7f73b92e,2026-08-19T20:45:00Z,2026-08-19T22:45:00+0200,0.0,MW,FR,FR,forecast_solar_generation,Solar,2026-08-20T04:49:42Z
2026-08-20T04:48:34Z,2026-08-20T06:48:34+0200,a8c862e9-3667-4aca-b3d4-061a7f73b92e,2026-08-19T21:00:00Z,2026-08-19T23:00:00+0200,0.0,MW,FR,FR,forecast_solar_generation,Solar,2026-08-20T04:49:42Z
2026-08-20T04:48:34Z,2026-08-20T06:48:34+0200,a8c862e9-3667-4aca-b3d4-061a7f73b92e,2026-08-19T21:15:00Z,2026-08-19T23:15:00+0200,0.0,MW,FR,FR,forecast_solar_generation,Solar,2026-08-20T04:49:42Z
2026-08-20T04:48:34Z,2026-08-20T06:48:34+0200,a8c862e9-3667-4aca-b3d4-061a7f73b92e,2026-08-19T21:30:00Z,2026-08-19T23:30:00+0200,0.0,MW,FR,FR,forecast_solar_generation,Solar,2026-08-20T04:49:42Z
2026-08-20T04:48:34Z,2026-08-20T06:48:34+0200,a8c862e9-3667-4aca-b3d4-061a7f73b92e,2026-08-19T21:45:00Z,2026-08-19T23:45:00+0200,0.0,MW,FR,FR,forecast_solar_generation,Solar,2026-08-20T04:49:42Z
2026-08-20T04:48:34Z,2026-08-20T06:48:34+0200,a8c862e9-3667-4aca-b3d4-061a7f73b92e,2026-08-19T22:00:00Z,2026-08-20T00:00:00+0200,0.0,MW,FR,FR,forecast_solar_generation,Solar,2026-08-20T04:49:42Z
2026-08-20T04:48:34Z,2026-08-20T06:48:34+0200,a8c862e9-3667-4aca-b3d4-061a7f73b92e,2026-08-19T22:15:00Z,2026-08-20T00:15:00+0200,0.0,MW,FR,FR,forecast_solar_generation,Solar,2026-08-20T04:49:42Z
2026-08-20T04:48:34Z,2026-08-20T06:48:34+0200,a8c862e9-3667-4aca-b3d4-061a7f73b92e,2026-08-19T22:30:00Z,2026-08-20T00:30:00+0200,0.0,MW,FR,FR,forecast_solar_generation,Solar,2026-08-20T04:49:42Z
2026-08-20T04:48:34Z,2026-08-20T06:48:34+0200,a8c862e9-3667-4aca-b3d4-061a7f73b92e,2026-08-19T22:45:00Z,2026-08-20T00:45:00+0200,0.0,MW,FR,FR,forecast_solar_generation,Solar,2026-08-20T04:49:42Z
2026-08-20T04:48:34Z,2026-08-20T06:48:34+0200,a8c862e9-3667-4aca-b3d4-061a7f73b92e,2026-08-19T23:00:00Z,2026-08-20T01:00:00+0200,0.0,MW,FR,FR,forecast_solar_generation,Solar,2026-08-20T04:49:42Z
2026-08-20T04:48:34Z,2026-08-20T06:48:34+0200,a8c862e9-3667-4aca-b3d4-061a7f73b92e,2026-08-19T23:15:00Z,2026-08-20T01:15:00+0200,0.0,MW,FR,FR,forecast_solar_generation,Solar,2026-08-20T04:49:42Z
2026-08-20T04:48:34Z,2026-08-20T06:48:34+0200,a8c862e9-3667-4aca-b3d4-061a7f73b92e,2026-08-19T23:30:00Z,2026-08-20T01:30:00+0200,0.0,MW,FR,FR,forecast_solar_generation,Solar,2026-08-20T04:49:42Z
2026-08-20T04:48:34Z,2026-08-20T06:48:34+0200,a8c862e9-3667-4aca-b3d4-061a7f73b92e,2026-08-19T23:45:00Z,2026-08-20T01:45:00+0200,0.0,MW,FR,FR,forecast_solar_generation,Solar,2026-08-20T04:49:42Z
2026-08-20T04:48:34Z,2026-08-20T06:48:34+0200,a8c862e9-3667-4aca-b3d4-061a7f73b92e,2026-08-20T00:00:00Z,2026-08-20T02:00:00+0200,0.0,MW,FR,FR,forecast_solar_generation,Solar,2026-08-20T04:49:42Z
2026-08-20T04:48:34Z,2026-08-20T06:48:34+0200,a8c862e9-3667-4aca-b3d4-061a7f73b92e,2026-08-20T00:15:00Z,2026-08-20T02:15:00+0200,0.0,MW,FR,FR,forecast_solar_generation,Solar,2026-08-20T04:49:42Z
2026-08-20T04:48:34Z,2026-08-20T06:48:34+0200,a8c862e9-3667-4aca-b3d4-061a7f73b92e,2026-08-20T00:30:00Z,2026-08-20T02:30:00+0200,0.0,MW,FR,FR,forecast_solar_generation,Solar,2026-08-20T04:49:42Z
2026-08-20T04:48:34Z,2026-08-20T06:48:34+0200,a8c862e9-3667-4aca-b3d4-061a7f73b92e,2026-08-20T00:45:00Z,2026-08-20T02:45:00+0200,0.0,MW,FR,FR,forecast_solar_generation,Solar,2026-08-20T04:49:42Z
2026-08-20T04:48:34Z,2026-08-20T06:48:34+0200,a8c862e9-3667-4aca-b3d4-061a7f73b92e,2026-08-20T01:00:00Z,2026-08-20T03:00:00+0200,0.0,MW,FR,FR,forecast_solar_generation,Solar,2026-08-20T04:49:42Z
2026-08-20T04:48:34Z,2026-08-20T06:48:34+0200,a8c862e9-3667-4aca-b3d4-061a7f73b92e,2026-08-20T01:15:00Z,2026-08-20T03:15:00+0200,0.0,MW,FR,FR,forecast_solar_generation,Solar,2026-08-20T04:49:42Z
2026-08-20T04:48:34Z,2026-08-20T06:48:34+0200,a8c862e9-3667-4aca-b3d4-061a7f73b92e,2026-08-20T01:30:00Z,2026-08-20T03:30:00+0200,0.0,MW,FR,FR,forecast_solar_generation,Solar,2026-08-20T04:49:42Z
2026-08-20T04:48:34Z,2026-08-20T06:48:34+0200,a8c862e9-3667-4aca-b3d4-061a7f73b92e,2026-08-20T01:45:00Z,2026-08-20T03:45:00+0200,0.0,MW,FR,FR,forecast_solar_generation,Solar,2026-08-20T04:49:42Z
2026-08-20T04:48:34Z,2026-08-20T06:48:34+0200,a8c862e9-3667-4aca-b3d4-061a7f73b92e,2026-08-20T02:00:00Z,2026-08-20T04:00:00+0200,0.0,MW,FR,FR,forecast_solar_generation,Solar,2026-08-20T04:49:42Z
2026-08-20T04:48:34Z,2026-08-20T06:48:34+0200,a8c862e9-3667-4aca-b3d4-061a7f73b92e,2026-08-20T02:15:00Z,2026-08-20T04:15:00+0200,0.0,MW,FR,FR,forecast_solar_generation,Solar,2026-08-20T04:49:42Z
2026-08-20T04:48:34Z,2026-08-20T06:48:34+0200,a8c862e9-3667-4aca-b3d4-061a7f73b92e,2026-08-20T02:30:00Z,2026-08-20T04:30:00+0200,0.0,MW,FR,FR,forecast_solar_generation,Solar,2026-08-20T04:49:42Z
2026-08-20T04:48:34Z,2026-08-20T06:48:34+0200,a8c862e9-3667-4aca-b3d4-061a7f73b92e,2026-08-20T02:45:00Z,2026-08-20T04:45:00+0200,0.0,MW,FR,FR,forecast_solar_generation,Solar,2026-08-20T04:49:42Z
2026-08-20T04:48:34Z,2026-08-20T06:48:34+0200,a8c862e9-3667-4aca-b3d4-061a7f73b92e,2026-08-20T03:00:00Z,2026-08-20T05:00:00+0200,0.0,MW,FR,FR,forecast_solar_generation,Solar,2026-08-20T04:49:42Z
2026-08-20T04:48:34Z,2026-08-20T06:48:34+0200,a8c862e9-3667-4aca-b3d4-061a7f73b92e,2026-08-20T03:15:00Z,2026-08-20T05:15:00+0200,0.0,MW,FR,FR,forecast_solar_generation,Solar,2026-08-20T04:49:42Z
2026-08-20T04:48:34Z,2026-08-20T06:48:34+0200,a8c862e9-3667-4aca-b3d4-061a7f73b92e,2026-08-20T03:30:00Z,2026-08-20T05:30:00+0200,0.0,MW,FR,FR,forecast_solar_generation,Solar,2026-08-20T04:49:42Z
2026-08-20T04:48:34Z,2026-08-20T06:48:34+0200,a8c862e9-3667-4aca-b3d4-061a7f73b92e,2026-08-20T03:45:00Z,2026-08-20T05:45:00+0200,0.0,MW,FR,FR,forecast_solar_generation,Solar,2026-08-20T04:49:42Z
2026-08-20T04:48:34Z,2026-08-20T06:48:34+0200,a8c862e9-3667-4aca-b3d4-061a7f73b92e,2026-08-20T04:00:00Z,2026-08-20T06:00:00+0200,0.0,MW,FR,FR,forecast_solar_generation,Solar,2026-08-20T04:49:42Z
2026-08-20T04:48:34Z,2026-08-20T06:48:34+0200,a8c862e9-3667-4aca-b3d4-061a7f73b92e,2026-08-20T04:15:00Z,2026-08-20T06:15:00+0200,0.0,MW,FR,FR,forecast_solar_generation,Solar,2026-08-20T04:49:42Z
2026-08-20T04:48:34Z,2026-08-20T06:48:34+0200,a8c862e9-3667-4aca-b3d4-061a7f73b92e,2026-08-20T04:30:00Z,2026-08-20T06:30:00+0200,0.0,MW,FR,FR,forecast_solar_generation,Solar,2026-08-20T04:49:42Z
2026-08-20T04:48:34Z,2026-08-20T06:48:34+0200,a8c862e9-3667-4aca-b3d4-061a7f73b92e,2026-08-20T04:45:00Z,2026-08-20T06:45:00+0200,22.36164,MW,FR,FR,forecast_solar_generation,Solar,2026-08-20T04:49:42Z
