collection_time_utc,collection_time_local,run_id,timestamp_utc,timestamp_local,value,unit,country,entsoe_area,variable,source,updated_at_utc
2026-09-05T05:27:44Z,2026-09-05T07:27:44+0200,6fa8c2dd-45b2-4464-b895-03e207d68865,2026-08-29T05:45:00Z,2026-08-29T07:45:00+0200,93.13,EUR/MWh,DK1,DK_1,day_ahead_price,value,2026-09-05T05:30:27Z
2026-09-05T05:27:44Z,2026-09-05T07:27:44+0200,6fa8c2dd-45b2-4464-b895-03e207d68865,2026-08-29T06:00:00Z,2026-08-29T08:00:00+0200,106.95,EUR/MWh,DK1,DK_1,day_ahead_price,value,2026-09-05T05:30:27Z
2026-09-05T05:27:44Z,2026-09-05T07:27:44+0200,6fa8c2dd-45b2-4464-b895-03e207d68865,2026-08-29T06:15:00Z,2026-08-29T08:15:00+0200,84.13,EUR/MWh,DK1,DK_1,day_ahead_price,value,2026-09-05T05:30:27Z
2026-09-05T05:27:44Z,2026-09-05T07:27:44+0200,6fa8c2dd-45b2-4464-b895-03e207d68865,2026-08-29T06:30:00Z,2026-08-29T08:30:00+0200,41.87,EUR/MWh,DK1,DK_1,day_ahead_price,value,2026-09-05T05:30:27Z
2026-09-05T05:27:44Z,2026-09-05T07:27:44+0200,6fa8c2dd-45b2-4464-b895-03e207d68865,2026-08-29T06:45:00Z,2026-08-29T08:45:00+0200,10.1,EUR/MWh,DK1,DK_1,day_ahead_price,value,2026-09-05T05:30:27Z
2026-09-05T05:27:44Z,2026-09-05T07:27:44+0200,6fa8c2dd-45b2-4464-b895-03e207d68865,2026-08-29T07:00:00Z,2026-08-29T09:00:00+0200,18.49,EUR/MWh,DK1,DK_1,day_ahead_price,value,2026-09-05T05:30:27Z
2026-09-05T05:27:44Z,2026-09-05T07:27:44+0200,6fa8c2dd-45b2-4464-b895-03e207d68865,2026-08-29T07:15:00Z,2026-08-29T09:15:00+0200,3.51,EUR/MWh,DK1,DK_1,day_ahead_price,value,2026-09-05T05:30:27Z
2026-09-05T05:27:44Z,2026-09-05T07:27:44+0200,6fa8c2dd-45b2-4464-b895-03e207d68865,2026-08-29T07:30:00Z,2026-08-29T09:30:00+0200,2.97,EUR/MWh,DK1,DK_1,day_ahead_price,value,2026-09-05T05:30:27Z
2026-09-05T05:27:44Z,2026-09-05T07:27:44+0200,6fa8c2dd-45b2-4464-b895-03e207d68865,2026-08-29T07:45:00Z,2026-08-29T09:45:00+0200,2.89,EUR/MWh,DK1,DK_1,day_ahead_price,value,2026-09-05T05:30:27Z
2026-09-05T05:27:44Z,2026-09-05T07:27:44+0200,6fa8c2dd-45b2-4464-b895-03e207d68865,2026-08-29T08:00:00Z,2026-08-29T10:00:00+0200,2.95,EUR/MWh,DK1,DK_1,day_ahead_price,value,2026-09-05T05:30:27Z
2026-09-05T05:27:44Z,2026-09-05T07:27:44+0200,6fa8c2dd-45b2-4464-b895-03e207d68865,2026-08-29T08:15:00Z,2026-08-29T10:15:00+0200,2.75,EUR/MWh,DK1,DK_1,day_ahead_price,value,2026-09-05T05:30:27Z
2026-09-05T05:27:44Z,2026-09-05T07:27:44+0200,6fa8c2dd-45b2-4464-b895-03e207d68865,2026-08-29T08:30:00Z,2026-08-29T10:30:00+0200,2.44,EUR/MWh,DK1,DK_1,day_ahead_price,value,2026-09-05T05:30:27Z
2026-09-05T05:27:44Z,2026-09-05T07:27:44+0200,6fa8c2dd-45b2-4464-b895-03e207d68865,2026-08-29T08:45:00Z,2026-08-29T10:45:00+0200,2.42,EUR/MWh,DK1,DK_1,day_ahead_price,value,2026-09-05T05:30:27Z
2026-09-05T05:27:44Z,2026-09-05T07:27:44+0200,6fa8c2dd-45b2-4464-b895-03e207d68865,2026-08-29T09:00:00Z,2026-08-29T11:00:00+0200,2.14,EUR/MWh,DK1,DK_1,day_ahead_price,value,2026-09-05T05:30:27Z
2026-09-05T05:27:44Z,2026-09-05T07:27:44+0200,6fa8c2dd-45b2-4464-b895-03e207d68865,2026-08-29T09:15:00Z,2026-08-29T11:15:00+0200,2.14,EUR/MWh,DK1,DK_1,day_ahead_price,value,2026-09-05T05:30:27Z
2026-09-05T05:27:44Z,2026-09-05T07:27:44+0200,6fa8c2dd-45b2-4464-b895-03e207d68865,2026-08-29T09:30:00Z,2026-08-29T11:30:00+0200,2.08,EUR/MWh,DK1,DK_1,day_ahead_price,value,2026-09-05T05:30:27Z
2026-09-05T05:27:44Z,2026-09-05T07:27:44+0200,6fa8c2dd-45b2-4464-b895-03e207d68865,2026-08-29T09:45:00Z,2026-08-29T11:45:00+0200,2.03,EUR/MWh,DK1,DK_1,day_ahead_price,value,2026-09-05T05:30:27Z
2026-09-05T05:27:44Z,2026-09-05T07:27:44+0200,6fa8c2dd-45b2-4464-b895-03e207d68865,2026-08-29T10:00:00Z,2026-08-29T12:00:00+0200,1.87,EUR/MWh,DK1,DK_1,day_ahead_price,value,2026-09-05T05:30:27Z
2026-09-05T05:27:44Z,2026-09-05T07:27:44+0200,6fa8c2dd-45b2-4464-b895-03e207d68865,2026-08-29T10:15:00Z,2026-08-29T12:15:00+0200,1.57,EUR/MWh,DK1,DK_1,day_ahead_price,value,2026-09-05T05:30:27Z
2026-09-05T05:27:44Z,2026-09-05T07:27:44+0200,6fa8c2dd-45b2-4464-b895-03e207d68865,2026-08-29T10:30:00Z,2026-08-29T12:30:00+0200,1.54,EUR/MWh,DK1,DK_1,day_ahead_price,value,2026-09-05T05:30:27Z
2026-09-05T05:27:44Z,2026-09-05T07:27:44+0200,6fa8c2dd-45b2-4464-b895-03e207d68865,2026-08-29T10:45:00Z,2026-08-29T12:45:00+0200,1.35,EUR/MWh,DK1,DK_1,day_ahead_price,value,2026-09-05T05:30:27Z
2026-09-05T05:27:44Z,2026-09-05T07:27:44+0200,6fa8c2dd-45b2-4464-b895-03e207d68865,2026-08-29T11:00:00Z,2026-08-29T13:00:00+0200,1.33,EUR/MWh,DK1,DK_1,day_ahead_price,value,2026-09-05T05:30:27Z
2026-09-05T05:27:44Z,2026-09-05T07:27:44+0200,6fa8c2dd-45b2-4464-b895-03e207d68865,2026-08-29T11:15:00Z,2026-08-29T13:15:00+0200,1.31,EUR/MWh,DK1,DK_1,day_ahead_price,value,2026-09-05T05:30:27Z
2026-09-05T05:27:44Z,2026-09-05T07:27:44+0200,6fa8c2dd-45b2-4464-b895-03e207d68865,2026-08-29T11:30:00Z,2026-08-29T13:30:00+0200,0.13,EUR/MWh,DK1,DK_1,day_ahead_price,value,2026-09-05T05:30:27Z
2026-09-05T05:27:44Z,2026-09-05T07:27:44+0200,6fa8c2dd-45b2-4464-b895-03e207d68865,2026-08-29T11:45:00Z,2026-08-29T13:45:00+0200,0.1,EUR/MWh,DK1,DK_1,day_ahead_price,value,2026-09-05T05:30:27Z
2026-09-05T05:27:44Z,2026-09-05T07:27:44+0200,6fa8c2dd-45b2-4464-b895-03e207d68865,2026-08-29T12:00:00Z,2026-08-29T14:00:00+0200,0.56,EUR/MWh,DK1,DK_1,day_ahead_price,value,2026-09-05T05:30:27Z
2026-09-05T05:27:44Z,2026-09-05T07:27:44+0200,6fa8c2dd-45b2-4464-b895-03e207d68865,2026-08-29T12:15:00Z,2026-08-29T14:15:00+0200,0.55,EUR/MWh,DK1,DK_1,day_ahead_price,value,2026-09-05T05:30:27Z
2026-09-05T05:27:44Z,2026-09-05T07:27:44+0200,6fa8c2dd-45b2-4464-b895-03e207d68865,2026-08-29T12:30:00Z,2026-08-29T14:30:00+0200,0.57,EUR/MWh,DK1,DK_1,day_ahead_price,value,2026-09-05T05:30:27Z
2026-09-05T05:27:44Z,2026-09-05T07:27:44+0200,6fa8c2dd-45b2-4464-b895-03e207d68865,2026-08-29T12:45:00Z,2026-08-29T14:45:00+0200,0.1,EUR/MWh,DK1,DK_1,day_ahead_price,value,2026-09-05T05:30:27Z
2026-09-05T05:27:44Z,2026-09-05T07:27:44+0200,6fa8c2dd-45b2-4464-b895-03e207d68865,2026-08-29T13:00:00Z,2026-08-29T15:00:00+0200,0.67,EUR/MWh,DK1,DK_1,day_ahead_price,value,2026-09-05T05:30:27Z
2026-09-05T05:27:44Z,2026-09-05T07:27:44+0200,6fa8c2dd-45b2-4464-b895-03e207d68865,2026-08-29T13:15:00Z,2026-08-29T15:15:00+0200,0.73,EUR/MWh,DK1,DK_1,day_ahead_price,value,2026-09-05T05:30:27Z
2026-09-05T05:27:44Z,2026-09-05T07:27:44+0200,6fa8c2dd-45b2-4464-b895-03e207d68865,2026-08-29T13:30:00Z,2026-08-29T15:30:00+0200,1.54,EUR/MWh,DK1,DK_1,day_ahead_price,value,2026-09-05T05:30:27Z
2026-09-05T05:27:44Z,2026-09-05T07:27:44+0200,6fa8c2dd-45b2-4464-b895-03e207d68865,2026-08-29T13:45:00Z,2026-08-29T15:45:00+0200,5.07,EUR/MWh,DK1,DK_1,day_ahead_price,value,2026-09-05T05:30:27Z
2026-09-05T05:27:44Z,2026-09-05T07:27:44+0200,6fa8c2dd-45b2-4464-b895-03e207d68865,2026-08-29T14:00:00Z,2026-08-29T16:00:00+0200,0.52,EUR/MWh,DK1,DK_1,day_ahead_price,value,2026-09-05T05:30:27Z
2026-09-05T05:27:44Z,2026-09-05T07:27:44+0200,6fa8c2dd-45b2-4464-b895-03e207d68865,2026-08-29T14:15:00Z,2026-08-29T16:15:00+0200,4.55,EUR/MWh,DK1,DK_1,day_ahead_price,value,2026-09-05T05:30:27Z
2026-09-05T05:27:44Z,2026-09-05T07:27:44+0200,6fa8c2dd-45b2-4464-b895-03e207d68865,2026-08-29T14:30:00Z,2026-08-29T16:30:00+0200,33.45,EUR/MWh,DK1,DK_1,day_ahead_price,value,2026-09-05T05:30:27Z
2026-09-05T05:27:44Z,2026-09-05T07:27:44+0200,6fa8c2dd-45b2-4464-b895-03e207d68865,2026-08-29T14:45:00Z,2026-08-29T16:45:00+0200,66.72,EUR/MWh,DK1,DK_1,day_ahead_price,value,2026-09-05T05:30:27Z
2026-09-05T05:27:44Z,2026-09-05T07:27:44+0200,6fa8c2dd-45b2-4464-b895-03e207d68865,2026-08-29T15:00:00Z,2026-08-29T17:00:00+0200,53.19,EUR/MWh,DK1,DK_1,day_ahead_price,value,2026-09-05T05:30:27Z
2026-09-05T05:27:44Z,2026-09-05T07:27:44+0200,6fa8c2dd-45b2-4464-b895-03e207d68865,2026-08-29T15:15:00Z,2026-08-29T17:15:00+0200,100.27,EUR/MWh,DK1,DK_1,day_ahead_price,value,2026-09-05T05:30:27Z
2026-09-05T05:27:44Z,2026-09-05T07:27:44+0200,6fa8c2dd-45b2-4464-b895-03e207d68865,2026-08-29T15:30:00Z,2026-08-29T17:30:00+0200,130.78,EUR/MWh,DK1,DK_1,day_ahead_price,value,2026-09-05T05:30:27Z
2026-09-05T05:27:44Z,2026-09-05T07:27:44+0200,6fa8c2dd-45b2-4464-b895-03e207d68865,2026-08-29T15:45:00Z,2026-08-29T17:45:00+0200,165.13,EUR/MWh,DK1,DK_1,day_ahead_price,value,2026-09-05T05:30:27Z
2026-09-05T05:27:44Z,2026-09-05T07:27:44+0200,6fa8c2dd-45b2-4464-b895-03e207d68865,2026-08-29T16:00:00Z,2026-08-29T18:00:00+0200,142.56,EUR/MWh,DK1,DK_1,day_ahead_price,value,2026-09-05T05:30:27Z
2026-09-05T05:27:44Z,2026-09-05T07:27:44+0200,6fa8c2dd-45b2-4464-b895-03e207d68865,2026-08-29T16:15:00Z,2026-08-29T18:15:00+0200,148.29,EUR/MWh,DK1,DK_1,day_ahead_price,value,2026-09-05T05:30:27Z
2026-09-05T05:27:44Z,2026-09-05T07:27:44+0200,6fa8c2dd-45b2-4464-b895-03e207d68865,2026-08-29T16:30:00Z,2026-08-29T18:30:00+0200,180.05,EUR/MWh,DK1,DK_1,day_ahead_price,value,2026-09-05T05:30:27Z
2026-09-05T05:27:44Z,2026-09-05T07:27:44+0200,6fa8c2dd-45b2-4464-b895-03e207d68865,2026-08-29T16:45:00Z,2026-08-29T18:45:00+0200,196.26,EUR/MWh,DK1,DK_1,day_ahead_price,value,2026-09-05T05:30:27Z
2026-09-05T05:27:44Z,2026-09-05T07:27:44+0200,6fa8c2dd-45b2-4464-b895-03e207d68865,2026-08-29T17:00:00Z,2026-08-29T19:00:00+0200,178.57,EUR/MWh,DK1,DK_1,day_ahead_price,value,2026-09-05T05:30:27Z
2026-09-05T05:27:44Z,2026-09-05T07:27:44+0200,6fa8c2dd-45b2-4464-b895-03e207d68865,2026-08-29T17:15:00Z,2026-08-29T19:15:00+0200,188.41,EUR/MWh,DK1,DK_1,day_ahead_price,value,2026-09-05T05:30:27Z
2026-09-05T05:27:44Z,2026-09-05T07:27:44+0200,6fa8c2dd-45b2-4464-b895-03e207d68865,2026-08-29T17:30:00Z,2026-08-29T19:30:00+0200,202.52,EUR/MWh,DK1,DK_1,day_ahead_price,value,2026-09-05T05:30:27Z
2026-09-05T05:27:44Z,2026-09-05T07:27:44+0200,6fa8c2dd-45b2-4464-b895-03e207d68865,2026-08-29T17:45:00Z,2026-08-29T19:45:00+0200,212.09,EUR/MWh,DK1,DK_1,day_ahead_price,value,2026-09-05T05:30:27Z
2026-09-05T05:27:44Z,2026-09-05T07:27:44+0200,6fa8c2dd-45b2-4464-b895-03e207d68865,2026-08-29T18:00:00Z,2026-08-29T20:00:00+0200,219.4,EUR/MWh,DK1,DK_1,day_ahead_price,value,2026-09-05T05:30:27Z
2026-09-05T05:27:44Z,2026-09-05T07:27:44+0200,6fa8c2dd-45b2-4464-b895-03e207d68865,2026-08-29T18:15:00Z,2026-08-29T20:15:00+0200,200.62,EUR/MWh,DK1,DK_1,day_ahead_price,value,2026-09-05T05:30:27Z
2026-09-05T05:27:44Z,2026-09-05T07:27:44+0200,6fa8c2dd-45b2-4464-b895-03e207d68865,2026-08-29T18:30:00Z,2026-08-29T20:30:00+0200,182.84,EUR/MWh,DK1,DK_1,day_ahead_price,value,2026-09-05T05:30:27Z
2026-09-05T05:27:44Z,2026-09-05T07:27:44+0200,6fa8c2dd-45b2-4464-b895-03e207d68865,2026-08-29T18:45:00Z,2026-08-29T20:45:00+0200,182.05,EUR/MWh,DK1,DK_1,day_ahead_price,value,2026-09-05T05:30:27Z
2026-09-05T05:27:44Z,2026-09-05T07:27:44+0200,6fa8c2dd-45b2-4464-b895-03e207d68865,2026-08-29T19:00:00Z,2026-08-29T21:00:00+0200,204.27,EUR/MWh,DK1,DK_1,day_ahead_price,value,2026-09-05T05:30:27Z
2026-09-05T05:27:44Z,2026-09-05T07:27:44+0200,6fa8c2dd-45b2-4464-b895-03e207d68865,2026-08-29T19:15:00Z,2026-08-29T21:15:00+0200,177.1,EUR/MWh,DK1,DK_1,day_ahead_price,value,2026-09-05T05:30:27Z
2026-09-05T05:27:44Z,2026-09-05T07:27:44+0200,6fa8c2dd-45b2-4464-b895-03e207d68865,2026-08-29T19:30:00Z,2026-08-29T21:30:00+0200,165.02,EUR/MWh,DK1,DK_1,day_ahead_price,value,2026-09-05T05:30:27Z
2026-09-05T05:27:44Z,2026-09-05T07:27:44+0200,6fa8c2dd-45b2-4464-b895-03e207d68865,2026-08-29T19:45:00Z,2026-08-29T21:45:00+0200,156.68,EUR/MWh,DK1,DK_1,day_ahead_price,value,2026-09-05T05:30:27Z
2026-09-05T05:27:44Z,2026-09-05T07:27:44+0200,6fa8c2dd-45b2-4464-b895-03e207d68865,2026-08-29T20:00:00Z,2026-08-29T22:00:00+0200,179.05,EUR/MWh,DK1,DK_1,day_ahead_price,value,2026-09-05T05:30:27Z
2026-09-05T05:27:44Z,2026-09-05T07:27:44+0200,6fa8c2dd-45b2-4464-b895-03e207d68865,2026-08-29T20:15:00Z,2026-08-29T22:15:00+0200,160.08,EUR/MWh,DK1,DK_1,day_ahead_price,value,2026-09-05T05:30:27Z
2026-09-05T05:27:44Z,2026-09-05T07:27:44+0200,6fa8c2dd-45b2-4464-b895-03e207d68865,2026-08-29T20:30:00Z,2026-08-29T22:30:00+0200,157.14,EUR/MWh,DK1,DK_1,day_ahead_price,value,2026-09-05T05:30:27Z
2026-09-05T05:27:44Z,2026-09-05T07:27:44+0200,6fa8c2dd-45b2-4464-b895-03e207d68865,2026-08-29T20:45:00Z,2026-08-29T22:45:00+0200,150.71,EUR/MWh,DK1,DK_1,day_ahead_price,value,2026-09-05T05:30:27Z
2026-09-05T05:27:44Z,2026-09-05T07:27:44+0200,6fa8c2dd-45b2-4464-b895-03e207d68865,2026-08-29T21:00:00Z,2026-08-29T23:00:00+0200,149.5,EUR/MWh,DK1,DK_1,day_ahead_price,value,2026-09-05T05:30:27Z
2026-09-05T05:27:44Z,2026-09-05T07:27:44+0200,6fa8c2dd-45b2-4464-b895-03e207d68865,2026-08-29T21:15:00Z,2026-08-29T23:15:00+0200,144.56,EUR/MWh,DK1,DK_1,day_ahead_price,value,2026-09-05T05:30:27Z
2026-09-05T05:27:44Z,2026-09-05T07:27:44+0200,6fa8c2dd-45b2-4464-b895-03e207d68865,2026-08-29T21:30:00Z,2026-08-29T23:30:00+0200,144.59,EUR/MWh,DK1,DK_1,day_ahead_price,value,2026-09-05T05:30:27Z
2026-09-05T05:27:44Z,2026-09-05T07:27:44+0200,6fa8c2dd-45b2-4464-b895-03e207d68865,2026-08-29T21:45:00Z,2026-08-29T23:45:00+0200,138.86,EUR/MWh,DK1,DK_1,day_ahead_price,value,2026-09-05T05:30:27Z
2026-09-05T05:27:44Z,2026-09-05T07:27:44+0200,6fa8c2dd-45b2-4464-b895-03e207d68865,2026-08-29T22:00:00Z,2026-08-30T00:00:00+0200,134.73,EUR/MWh,DK1,DK_1,day_ahead_price,value,2026-09-05T05:30:27Z
2026-09-05T05:27:44Z,2026-09-05T07:27:44+0200,6fa8c2dd-45b2-4464-b895-03e207d68865,2026-08-29T22:15:00Z,2026-08-30T00:15:00+0200,123.91,EUR/MWh,DK1,DK_1,day_ahead_price,value,2026-09-05T05:30:27Z
2026-09-05T05:27:44Z,2026-09-05T07:27:44+0200,6fa8c2dd-45b2-4464-b895-03e207d68865,2026-08-29T22:30:00Z,2026-08-30T00:30:00+0200,110.28,EUR/MWh,DK1,DK_1,day_ahead_price,value,2026-09-05T05:30:27Z
2026-09-05T05:27:44Z,2026-09-05T07:27:44+0200,6fa8c2dd-45b2-4464-b895-03e207d68865,2026-08-29T22:45:00Z,2026-08-30T00:45:00+0200,99.14,EUR/MWh,DK1,DK_1,day_ahead_price,value,2026-09-05T05:30:27Z
2026-09-05T05:27:44Z,2026-09-05T07:27:44+0200,6fa8c2dd-45b2-4464-b895-03e207d68865,2026-08-29T23:00:00Z,2026-08-30T01:00:00+0200,108.36,EUR/MWh,DK1,DK_1,day_ahead_price,value,2026-09-05T05:30:27Z
2026-09-05T05:27:44Z,2026-09-05T07:27:44+0200,6fa8c2dd-45b2-4464-b895-03e207d68865,2026-08-29T23:15:00Z,2026-08-30T01:15:00+0200,103.61,EUR/MWh,DK1,DK_1,day_ahead_price,value,2026-09-05T05:30:27Z
2026-09-05T05:27:44Z,2026-09-05T07:27:44+0200,6fa8c2dd-45b2-4464-b895-03e207d68865,2026-08-29T23:30:00Z,2026-08-30T01:30:00+0200,100.86,EUR/MWh,DK1,DK_1,day_ahead_price,value,2026-09-05T05:30:27Z
2026-09-05T05:27:44Z,2026-09-05T07:27:44+0200,6fa8c2dd-45b2-4464-b895-03e207d68865,2026-08-29T23:45:00Z,2026-08-30T01:45:00+0200,96.36,EUR/MWh,DK1,DK_1,day_ahead_price,value,2026-09-05T05:30:27Z
2026-09-05T05:27:44Z,2026-09-05T07:27:44+0200,6fa8c2dd-45b2-4464-b895-03e207d68865,2026-08-30T00:00:00Z,2026-08-30T02:00:00+0200,98.79,EUR/MWh,DK1,DK_1,day_ahead_price,value,2026-09-05T05:30:27Z
2026-09-05T05:27:44Z,2026-09-05T07:27:44+0200,6fa8c2dd-45b2-4464-b895-03e207d68865,2026-08-30T00:15:00Z,2026-08-30T02:15:00+0200,88.49,EUR/MWh,DK1,DK_1,day_ahead_price,value,2026-09-05T05:30:27Z
2026-09-05T05:27:44Z,2026-09-05T07:27:44+0200,6fa8c2dd-45b2-4464-b895-03e207d68865,2026-08-30T00:30:00Z,2026-08-30T02:30:00+0200,82.42,EUR/MWh,DK1,DK_1,day_ahead_price,value,2026-09-05T05:30:27Z
2026-09-05T05:27:44Z,2026-09-05T07:27:44+0200,6fa8c2dd-45b2-4464-b895-03e207d68865,2026-08-30T00:45:00Z,2026-08-30T02:45:00+0200,77.89,EUR/MWh,DK1,DK_1,day_ahead_price,value,2026-09-05T05:30:27Z
2026-09-05T05:27:44Z,2026-09-05T07:27:44+0200,6fa8c2dd-45b2-4464-b895-03e207d68865,2026-08-30T01:00:00Z,2026-08-30T03:00:00+0200,89.37,EUR/MWh,DK1,DK_1,day_ahead_price,value,2026-09-05T05:30:27Z
2026-09-05T05:27:44Z,2026-09-05T07:27:44+0200,6fa8c2dd-45b2-4464-b895-03e207d68865,2026-08-30T01:15:00Z,2026-08-30T03:15:00+0200,80.4,EUR/MWh,DK1,DK_1,day_ahead_price,value,2026-09-05T05:30:27Z
2026-09-05T05:27:44Z,2026-09-05T07:27:44+0200,6fa8c2dd-45b2-4464-b895-03e207d68865,2026-08-30T01:30:00Z,2026-08-30T03:30:00+0200,76.37,EUR/MWh,DK1,DK_1,day_ahead_price,value,2026-09-05T05:30:27Z
2026-09-05T05:27:44Z,2026-09-05T07:27:44+0200,6fa8c2dd-45b2-4464-b895-03e207d68865,2026-08-30T01:45:00Z,2026-08-30T03:45:00+0200,67.87,EUR/MWh,DK1,DK_1,day_ahead_price,value,2026-09-05T05:30:27Z
2026-09-05T05:27:44Z,2026-09-05T07:27:44+0200,6fa8c2dd-45b2-4464-b895-03e207d68865,2026-08-30T02:00:00Z,2026-08-30T04:00:00+0200,71.87,EUR/MWh,DK1,DK_1,day_ahead_price,value,2026-09-05T05:30:27Z
2026-09-05T05:27:44Z,2026-09-05T07:27:44+0200,6fa8c2dd-45b2-4464-b895-03e207d68865,2026-08-30T02:15:00Z,2026-08-30T04:15:00+0200,68.27,EUR/MWh,DK1,DK_1,day_ahead_price,value,2026-09-05T05:30:27Z
2026-09-05T05:27:44Z,2026-09-05T07:27:44+0200,6fa8c2dd-45b2-4464-b895-03e207d68865,2026-08-30T02:30:00Z,2026-08-30T04:30:00+0200,69.53,EUR/MWh,DK1,DK_1,day_ahead_price,value,2026-09-05T05:30:27Z
2026-09-05T05:27:44Z,2026-09-05T07:27:44+0200,6fa8c2dd-45b2-4464-b895-03e207d68865,2026-08-30T02:45:00Z,2026-08-30T04:45:00+0200,70.39,EUR/MWh,DK1,DK_1,day_ahead_price,value,2026-09-05T05:30:27Z
2026-09-05T05:27:44Z,2026-09-05T07:27:44+0200,6fa8c2dd-45b2-4464-b895-03e207d68865,2026-08-30T03:00:00Z,2026-08-30T05:00:00+0200,75.17,EUR/MWh,DK1,DK_1,day_ahead_price,value,2026-09-05T05:30:27Z
2026-09-05T05:27:44Z,2026-09-05T07:27:44+0200,6fa8c2dd-45b2-4464-b895-03e207d68865,2026-08-30T03:15:00Z,2026-08-30T05:15:00+0200,72.65,EUR/MWh,DK1,DK_1,day_ahead_price,value,2026-09-05T05:30:27Z
2026-09-05T05:27:44Z,2026-09-05T07:27:44+0200,6fa8c2dd-45b2-4464-b895-03e207d68865,2026-08-30T03:30:00Z,2026-08-30T05:30:00+0200,73.99,EUR/MWh,DK1,DK_1,day_ahead_price,value,2026-09-05T05:30:27Z
2026-09-05T05:27:44Z,2026-09-05T07:27:44+0200,6fa8c2dd-45b2-4464-b895-03e207d68865,2026-08-30T03:45:00Z,2026-08-30T05:45:00+0200,75.03,EUR/MWh,DK1,DK_1,day_ahead_price,value,2026-09-05T05:30:27Z
2026-09-05T05:27:44Z,2026-09-05T07:27:44+0200,6fa8c2dd-45b2-4464-b895-03e207d68865,2026-08-30T04:00:00Z,2026-08-30T06:00:00+0200,68.48,EUR/MWh,DK1,DK_1,day_ahead_price,value,2026-09-05T05:30:27Z
2026-09-05T05:27:44Z,2026-09-05T07:27:44+0200,6fa8c2dd-45b2-4464-b895-03e207d68865,2026-08-30T04:15:00Z,2026-08-30T06:15:00+0200,71.71,EUR/MWh,DK1,DK_1,day_ahead_price,value,2026-09-05T05:30:27Z
2026-09-05T05:27:44Z,2026-09-05T07:27:44+0200,6fa8c2dd-45b2-4464-b895-03e207d68865,2026-08-30T04:30:00Z,2026-08-30T06:30:00+0200,76.39,EUR/MWh,DK1,DK_1,day_ahead_price,value,2026-09-05T05:30:27Z
2026-09-05T05:27:44Z,2026-09-05T07:27:44+0200,6fa8c2dd-45b2-4464-b895-03e207d68865,2026-08-30T04:45:00Z,2026-08-30T06:45:00+0200,76.09,EUR/MWh,DK1,DK_1,day_ahead_price,value,2026-09-05T05:30:27Z
2026-09-05T05:27:44Z,2026-09-05T07:27:44+0200,6fa8c2dd-45b2-4464-b895-03e207d68865,2026-08-30T05:00:00Z,2026-08-30T07:00:00+0200,76.21,EUR/MWh,DK1,DK_1,day_ahead_price,value,2026-09-05T05:30:27Z
2026-09-05T05:27:44Z,2026-09-05T07:27:44+0200,6fa8c2dd-45b2-4464-b895-03e207d68865,2026-08-30T05:15:00Z,2026-08-30T07:15:00+0200,72.01,EUR/MWh,DK1,DK_1,day_ahead_price,value,2026-09-05T05:30:27Z
2026-09-05T05:27:44Z,2026-09-05T07:27:44+0200,6fa8c2dd-45b2-4464-b895-03e207d68865,2026-08-30T05:30:00Z,2026-08-30T07:30:00+0200,62.83,EUR/MWh,DK1,DK_1,day_ahead_price,value,2026-09-05T05:30:27Z
2026-09-05T05:27:44Z,2026-09-05T07:27:44+0200,6fa8c2dd-45b2-4464-b895-03e207d68865,2026-08-30T05:45:00Z,2026-08-30T07:45:00+0200,42.26,EUR/MWh,DK1,DK_1,day_ahead_price,value,2026-09-05T05:30:27Z
2026-09-05T05:27:44Z,2026-09-05T07:27:44+0200,6fa8c2dd-45b2-4464-b895-03e207d68865,2026-08-30T06:00:00Z,2026-08-30T08:00:00+0200,99.7,EUR/MWh,DK1,DK_1,day_ahead_price,value,2026-09-05T05:30:27Z
2026-09-05T05:27:44Z,2026-09-05T07:27:44+0200,6fa8c2dd-45b2-4464-b895-03e207d68865,2026-08-30T06:15:00Z,2026-08-30T08:15:00+0200,74.19,EUR/MWh,DK1,DK_1,day_ahead_price,value,2026-09-05T05:30:27Z
2026-09-05T05:27:44Z,2026-09-05T07:27:44+0200,6fa8c2dd-45b2-4464-b895-03e207d68865,2026-08-30T06:30:00Z,2026-08-30T08:30:00+0200,19.71,EUR/MWh,DK1,DK_1,day_ahead_price,value,2026-09-05T05:30:27Z
2026-09-05T05:27:44Z,2026-09-05T07:27:44+0200,6fa8c2dd-45b2-4464-b895-03e207d68865,2026-08-30T06:45:00Z,2026-08-30T08:45:00+0200,6.62,EUR/MWh,DK1,DK_1,day_ahead_price,value,2026-09-05T05:30:27Z
2026-09-05T05:27:44Z,2026-09-05T07:27:44+0200,6fa8c2dd-45b2-4464-b895-03e207d68865,2026-08-30T07:00:00Z,2026-08-30T09:00:00+0200,11.93,EUR/MWh,DK1,DK_1,day_ahead_price,value,2026-09-05T05:30:27Z
2026-09-05T05:27:44Z,2026-09-05T07:27:44+0200,6fa8c2dd-45b2-4464-b895-03e207d68865,2026-08-30T07:15:00Z,2026-08-30T09:15:00+0200,12.93,EUR/MWh,DK1,DK_1,day_ahead_price,value,2026-09-05T05:30:27Z
2026-09-05T05:27:44Z,2026-09-05T07:27:44+0200,6fa8c2dd-45b2-4464-b895-03e207d68865,2026-08-30T07:30:00Z,2026-08-30T09:30:00+0200,12.14,EUR/MWh,DK1,DK_1,day_ahead_price,value,2026-09-05T05:30:27Z
2026-09-05T05:27:44Z,2026-09-05T07:27:44+0200,6fa8c2dd-45b2-4464-b895-03e207d68865,2026-08-30T07:45:00Z,2026-08-30T09:45:00+0200,13.73,EUR/MWh,DK1,DK_1,day_ahead_price,value,2026-09-05T05:30:27Z
2026-09-05T05:27:44Z,2026-09-05T07:27:44+0200,6fa8c2dd-45b2-4464-b895-03e207d68865,2026-08-30T08:00:00Z,2026-08-30T10:00:00+0200,15.78,EUR/MWh,DK1,DK_1,day_ahead_price,value,2026-09-05T05:30:27Z
2026-09-05T05:27:44Z,2026-09-05T07:27:44+0200,6fa8c2dd-45b2-4464-b895-03e207d68865,2026-08-30T08:15:00Z,2026-08-30T10:15:00+0200,14.99,EUR/MWh,DK1,DK_1,day_ahead_price,value,2026-09-05T05:30:27Z
2026-09-05T05:27:44Z,2026-09-05T07:27:44+0200,6fa8c2dd-45b2-4464-b895-03e207d68865,2026-08-30T08:30:00Z,2026-08-30T10:30:00+0200,13.38,EUR/MWh,DK1,DK_1,day_ahead_price,value,2026-09-05T05:30:27Z
2026-09-05T05:27:44Z,2026-09-05T07:27:44+0200,6fa8c2dd-45b2-4464-b895-03e207d68865,2026-08-30T08:45:00Z,2026-08-30T10:45:00+0200,12.05,EUR/MWh,DK1,DK_1,day_ahead_price,value,2026-09-05T05:30:27Z
2026-09-05T05:27:44Z,2026-09-05T07:27:44+0200,6fa8c2dd-45b2-4464-b895-03e207d68865,2026-08-30T09:00:00Z,2026-08-30T11:00:00+0200,18.85,EUR/MWh,DK1,DK_1,day_ahead_price,value,2026-09-05T05:30:27Z
2026-09-05T05:27:44Z,2026-09-05T07:27:44+0200,6fa8c2dd-45b2-4464-b895-03e207d68865,2026-08-30T09:15:00Z,2026-08-30T11:15:00+0200,17.58,EUR/MWh,DK1,DK_1,day_ahead_price,value,2026-09-05T05:30:27Z
2026-09-05T05:27:44Z,2026-09-05T07:27:44+0200,6fa8c2dd-45b2-4464-b895-03e207d68865,2026-08-30T09:30:00Z,2026-08-30T11:30:00+0200,14.26,EUR/MWh,DK1,DK_1,day_ahead_price,value,2026-09-05T05:30:27Z
2026-09-05T05:27:44Z,2026-09-05T07:27:44+0200,6fa8c2dd-45b2-4464-b895-03e207d68865,2026-08-30T09:45:00Z,2026-08-30T11:45:00+0200,14.26,EUR/MWh,DK1,DK_1,day_ahead_price,value,2026-09-05T05:30:27Z
2026-09-05T05:27:44Z,2026-09-05T07:27:44+0200,6fa8c2dd-45b2-4464-b895-03e207d68865,2026-08-30T10:00:00Z,2026-08-30T12:00:00+0200,17.89,EUR/MWh,DK1,DK_1,day_ahead_price,value,2026-09-05T05:30:27Z
2026-09-05T05:27:44Z,2026-09-05T07:27:44+0200,6fa8c2dd-45b2-4464-b895-03e207d68865,2026-08-30T10:15:00Z,2026-08-30T12:15:00+0200,16.08,EUR/MWh,DK1,DK_1,day_ahead_price,value,2026-09-05T05:30:27Z
2026-09-05T05:27:44Z,2026-09-05T07:27:44+0200,6fa8c2dd-45b2-4464-b895-03e207d68865,2026-08-30T10:30:00Z,2026-08-30T12:30:00+0200,14.88,EUR/MWh,DK1,DK_1,day_ahead_price,value,2026-09-05T05:30:27Z
2026-09-05T05:27:44Z,2026-09-05T07:27:44+0200,6fa8c2dd-45b2-4464-b895-03e207d68865,2026-08-30T10:45:00Z,2026-08-30T12:45:00+0200,14.25,EUR/MWh,DK1,DK_1,day_ahead_price,value,2026-09-05T05:30:27Z
2026-09-05T05:27:44Z,2026-09-05T07:27:44+0200,6fa8c2dd-45b2-4464-b895-03e207d68865,2026-08-30T11:00:00Z,2026-08-30T13:00:00+0200,14.25,EUR/MWh,DK1,DK_1,day_ahead_price,value,2026-09-05T05:30:27Z
2026-09-05T05:27:44Z,2026-09-05T07:27:44+0200,6fa8c2dd-45b2-4464-b895-03e207d68865,2026-08-30T11:15:00Z,2026-08-30T13:15:00+0200,14.26,EUR/MWh,DK1,DK_1,day_ahead_price,value,2026-09-05T05:30:27Z
2026-09-05T05:27:44Z,2026-09-05T07:27:44+0200,6fa8c2dd-45b2-4464-b895-03e207d68865,2026-08-30T11:30:00Z,2026-08-30T13:30:00+0200,14.25,EUR/MWh,DK1,DK_1,day_ahead_price,value,2026-09-05T05:30:27Z
2026-09-05T05:27:44Z,2026-09-05T07:27:44+0200,6fa8c2dd-45b2-4464-b895-03e207d68865,2026-08-30T11:45:00Z,2026-08-30T13:45:00+0200,14.25,EUR/MWh,DK1,DK_1,day_ahead_price,value,2026-09-05T05:30:27Z
2026-09-05T05:27:44Z,2026-09-05T07:27:44+0200,6fa8c2dd-45b2-4464-b895-03e207d68865,2026-08-30T12:00:00Z,2026-08-30T14:00:00+0200,14.25,EUR/MWh,DK1,DK_1,day_ahead_price,value,2026-09-05T05:30:27Z
2026-09-05T05:27:44Z,2026-09-05T07:27:44+0200,6fa8c2dd-45b2-4464-b895-03e207d68865,2026-08-30T12:15:00Z,2026-08-30T14:15:00+0200,14.66,EUR/MWh,DK1,DK_1,day_ahead_price,value,2026-09-05T05:30:27Z
2026-09-05T05:27:44Z,2026-09-05T07:27:44+0200,6fa8c2dd-45b2-4464-b895-03e207d68865,2026-08-30T12:30:00Z,2026-08-30T14:30:00+0200,14.98,EUR/MWh,DK1,DK_1,day_ahead_price,value,2026-09-05T05:30:27Z
2026-09-05T05:27:44Z,2026-09-05T07:27:44+0200,6fa8c2dd-45b2-4464-b895-03e207d68865,2026-08-30T12:45:00Z,2026-08-30T14:45:00+0200,9.49,EUR/MWh,DK1,DK_1,day_ahead_price,value,2026-09-05T05:30:27Z
2026-09-05T05:27:44Z,2026-09-05T07:27:44+0200,6fa8c2dd-45b2-4464-b895-03e207d68865,2026-08-30T13:00:00Z,2026-08-30T15:00:00+0200,5.44,EUR/MWh,DK1,DK_1,day_ahead_price,value,2026-09-05T05:30:27Z
2026-09-05T05:27:44Z,2026-09-05T07:27:44+0200,6fa8c2dd-45b2-4464-b895-03e207d68865,2026-08-30T13:15:00Z,2026-08-30T15:15:00+0200,4.99,EUR/MWh,DK1,DK_1,day_ahead_price,value,2026-09-05T05:30:27Z
2026-09-05T05:27:44Z,2026-09-05T07:27:44+0200,6fa8c2dd-45b2-4464-b895-03e207d68865,2026-08-30T13:30:00Z,2026-08-30T15:30:00+0200,4.14,EUR/MWh,DK1,DK_1,day_ahead_price,value,2026-09-05T05:30:27Z
2026-09-05T05:27:44Z,2026-09-05T07:27:44+0200,6fa8c2dd-45b2-4464-b895-03e207d68865,2026-08-30T13:45:00Z,2026-08-30T15:45:00+0200,5.07,EUR/MWh,DK1,DK_1,day_ahead_price,value,2026-09-05T05:30:27Z
2026-09-05T05:27:44Z,2026-09-05T07:27:44+0200,6fa8c2dd-45b2-4464-b895-03e207d68865,2026-08-30T14:00:00Z,2026-08-30T16:00:00+0200,2.06,EUR/MWh,DK1,DK_1,day_ahead_price,value,2026-09-05T05:30:27Z
2026-09-05T05:27:44Z,2026-09-05T07:27:44+0200,6fa8c2dd-45b2-4464-b895-03e207d68865,2026-08-30T14:15:00Z,2026-08-30T16:15:00+0200,1.34,EUR/MWh,DK1,DK_1,day_ahead_price,value,2026-09-05T05:30:27Z
2026-09-05T05:27:44Z,2026-09-05T07:27:44+0200,6fa8c2dd-45b2-4464-b895-03e207d68865,2026-08-30T14:30:00Z,2026-08-30T16:30:00+0200,6.87,EUR/MWh,DK1,DK_1,day_ahead_price,value,2026-09-05T05:30:27Z
2026-09-05T05:27:44Z,2026-09-05T07:27:44+0200,6fa8c2dd-45b2-4464-b895-03e207d68865,2026-08-30T14:45:00Z,2026-08-30T16:45:00+0200,19.91,EUR/MWh,DK1,DK_1,day_ahead_price,value,2026-09-05T05:30:27Z
2026-09-05T05:27:44Z,2026-09-05T07:27:44+0200,6fa8c2dd-45b2-4464-b895-03e207d68865,2026-08-30T15:00:00Z,2026-08-30T17:00:00+0200,5.71,EUR/MWh,DK1,DK_1,day_ahead_price,value,2026-09-05T05:30:27Z
2026-09-05T05:27:44Z,2026-09-05T07:27:44+0200,6fa8c2dd-45b2-4464-b895-03e207d68865,2026-08-30T15:15:00Z,2026-08-30T17:15:00+0200,34.71,EUR/MWh,DK1,DK_1,day_ahead_price,value,2026-09-05T05:30:27Z
2026-09-05T05:27:44Z,2026-09-05T07:27:44+0200,6fa8c2dd-45b2-4464-b895-03e207d68865,2026-08-30T15:30:00Z,2026-08-30T17:30:00+0200,74.93,EUR/MWh,DK1,DK_1,day_ahead_price,value,2026-09-05T05:30:27Z
2026-09-05T05:27:44Z,2026-09-05T07:27:44+0200,6fa8c2dd-45b2-4464-b895-03e207d68865,2026-08-30T15:45:00Z,2026-08-30T17:45:00+0200,134.14,EUR/MWh,DK1,DK_1,day_ahead_price,value,2026-09-05T05:30:27Z
2026-09-05T05:27:44Z,2026-09-05T07:27:44+0200,6fa8c2dd-45b2-4464-b895-03e207d68865,2026-08-30T16:00:00Z,2026-08-30T18:00:00+0200,108.61,EUR/MWh,DK1,DK_1,day_ahead_price,value,2026-09-05T05:30:27Z
2026-09-05T05:27:44Z,2026-09-05T07:27:44+0200,6fa8c2dd-45b2-4464-b895-03e207d68865,2026-08-30T16:15:00Z,2026-08-30T18:15:00+0200,159.0,EUR/MWh,DK1,DK_1,day_ahead_price,value,2026-09-05T05:30:27Z
2026-09-05T05:27:44Z,2026-09-05T07:27:44+0200,6fa8c2dd-45b2-4464-b895-03e207d68865,2026-08-30T16:30:00Z,2026-08-30T18:30:00+0200,180.24,EUR/MWh,DK1,DK_1,day_ahead_price,value,2026-09-05T05:30:27Z
2026-09-05T05:27:44Z,2026-09-05T07:27:44+0200,6fa8c2dd-45b2-4464-b895-03e207d68865,2026-08-30T16:45:00Z,2026-08-30T18:45:00+0200,200.61,EUR/MWh,DK1,DK_1,day_ahead_price,value,2026-09-05T05:30:27Z
2026-09-05T05:27:44Z,2026-09-05T07:27:44+0200,6fa8c2dd-45b2-4464-b895-03e207d68865,2026-08-30T17:00:00Z,2026-08-30T19:00:00+0200,169.27,EUR/MWh,DK1,DK_1,day_ahead_price,value,2026-09-05T05:30:27Z
2026-09-05T05:27:44Z,2026-09-05T07:27:44+0200,6fa8c2dd-45b2-4464-b895-03e207d68865,2026-08-30T17:15:00Z,2026-08-30T19:15:00+0200,180.6,EUR/MWh,DK1,DK_1,day_ahead_price,value,2026-09-05T05:30:27Z
2026-09-05T05:27:44Z,2026-09-05T07:27:44+0200,6fa8c2dd-45b2-4464-b895-03e207d68865,2026-08-30T17:30:00Z,2026-08-30T19:30:00+0200,187.83,EUR/MWh,DK1,DK_1,day_ahead_price,value,2026-09-05T05:30:27Z
2026-09-05T05:27:44Z,2026-09-05T07:27:44+0200,6fa8c2dd-45b2-4464-b895-03e207d68865,2026-08-30T17:45:00Z,2026-08-30T19:45:00+0200,198.51,EUR/MWh,DK1,DK_1,day_ahead_price,value,2026-09-05T05:30:27Z
2026-09-05T05:27:44Z,2026-09-05T07:27:44+0200,6fa8c2dd-45b2-4464-b895-03e207d68865,2026-08-30T18:00:00Z,2026-08-30T20:00:00+0200,174.4,EUR/MWh,DK1,DK_1,day_ahead_price,value,2026-09-05T05:30:27Z
2026-09-05T05:27:44Z,2026-09-05T07:27:44+0200,6fa8c2dd-45b2-4464-b895-03e207d68865,2026-08-30T18:15:00Z,2026-08-30T20:15:00+0200,184.57,EUR/MWh,DK1,DK_1,day_ahead_price,value,2026-09-05T05:30:27Z
2026-09-05T05:27:44Z,2026-09-05T07:27:44+0200,6fa8c2dd-45b2-4464-b895-03e207d68865,2026-08-30T18:30:00Z,2026-08-30T20:30:00+0200,201.37,EUR/MWh,DK1,DK_1,day_ahead_price,value,2026-09-05T05:30:27Z
2026-09-05T05:27:44Z,2026-09-05T07:27:44+0200,6fa8c2dd-45b2-4464-b895-03e207d68865,2026-08-30T18:45:00Z,2026-08-30T20:45:00+0200,212.21,EUR/MWh,DK1,DK_1,day_ahead_price,value,2026-09-05T05:30:27Z
2026-09-05T05:27:44Z,2026-09-05T07:27:44+0200,6fa8c2dd-45b2-4464-b895-03e207d68865,2026-08-30T19:00:00Z,2026-08-30T21:00:00+0200,203.9,EUR/MWh,DK1,DK_1,day_ahead_price,value,2026-09-05T05:30:27Z
2026-09-05T05:27:44Z,2026-09-05T07:27:44+0200,6fa8c2dd-45b2-4464-b895-03e207d68865,2026-08-30T19:15:00Z,2026-08-30T21:15:00+0200,199.95,EUR/MWh,DK1,DK_1,day_ahead_price,value,2026-09-05T05:30:27Z
2026-09-05T05:27:44Z,2026-09-05T07:27:44+0200,6fa8c2dd-45b2-4464-b895-03e207d68865,2026-08-30T19:30:00Z,2026-08-30T21:30:00+0200,187.79,EUR/MWh,DK1,DK_1,day_ahead_price,value,2026-09-05T05:30:27Z
2026-09-05T05:27:44Z,2026-09-05T07:27:44+0200,6fa8c2dd-45b2-4464-b895-03e207d68865,2026-08-30T19:45:00Z,2026-08-30T21:45:00+0200,179.79,EUR/MWh,DK1,DK_1,day_ahead_price,value,2026-09-05T05:30:27Z
2026-09-05T05:27:44Z,2026-09-05T07:27:44+0200,6fa8c2dd-45b2-4464-b895-03e207d68865,2026-08-30T20:00:00Z,2026-08-30T22:00:00+0200,189.32,EUR/MWh,DK1,DK_1,day_ahead_price,value,2026-09-05T05:30:27Z
2026-09-05T05:27:44Z,2026-09-05T07:27:44+0200,6fa8c2dd-45b2-4464-b895-03e207d68865,2026-08-30T20:15:00Z,2026-08-30T22:15:00+0200,179.93,EUR/MWh,DK1,DK_1,day_ahead_price,value,2026-09-05T05:30:27Z
2026-09-05T05:27:44Z,2026-09-05T07:27:44+0200,6fa8c2dd-45b2-4464-b895-03e207d68865,2026-08-30T20:30:00Z,2026-08-30T22:30:00+0200,180.62,EUR/MWh,DK1,DK_1,day_ahead_price,value,2026-09-05T05:30:27Z
2026-09-05T05:27:44Z,2026-09-05T07:27:44+0200,6fa8c2dd-45b2-4464-b895-03e207d68865,2026-08-30T20:45:00Z,2026-08-30T22:45:00+0200,174.97,EUR/MWh,DK1,DK_1,day_ahead_price,value,2026-09-05T05:30:27Z
2026-09-05T05:27:44Z,2026-09-05T07:27:44+0200,6fa8c2dd-45b2-4464-b895-03e207d68865,2026-08-30T21:00:00Z,2026-08-30T23:00:00+0200,178.69,EUR/MWh,DK1,DK_1,day_ahead_price,value,2026-09-05T05:30:27Z
2026-09-05T05:27:44Z,2026-09-05T07:27:44+0200,6fa8c2dd-45b2-4464-b895-03e207d68865,2026-08-30T21:15:00Z,2026-08-30T23:15:00+0200,167.24,EUR/MWh,DK1,DK_1,day_ahead_price,value,2026-09-05T05:30:27Z
2026-09-05T05:27:44Z,2026-09-05T07:27:44+0200,6fa8c2dd-45b2-4464-b895-03e207d68865,2026-08-30T21:30:00Z,2026-08-30T23:30:00+0200,166.54,EUR/MWh,DK1,DK_1,day_ahead_price,value,2026-09-05T05:30:27Z
2026-09-05T05:27:44Z,2026-09-05T07:27:44+0200,6fa8c2dd-45b2-4464-b895-03e207d68865,2026-08-30T21:45:00Z,2026-08-30T23:45:00+0200,161.38,EUR/MWh,DK1,DK_1,day_ahead_price,value,2026-09-05T05:30:27Z
2026-09-05T05:27:44Z,2026-09-05T07:27:44+0200,6fa8c2dd-45b2-4464-b895-03e207d68865,2026-08-30T22:00:00Z,2026-08-31T00:00:00+0200,188.16,EUR/MWh,DK1,DK_1,day_ahead_price,value,2026-09-05T05:30:27Z
2026-09-05T05:27:44Z,2026-09-05T07:27:44+0200,6fa8c2dd-45b2-4464-b895-03e207d68865,2026-08-30T22:15:00Z,2026-08-31T00:15:00+0200,174.580002,EUR/MWh,DK1,DK_1,day_ahead_price,value,2026-09-05T05:30:27Z
2026-09-05T05:27:44Z,2026-09-05T07:27:44+0200,6fa8c2dd-45b2-4464-b895-03e207d68865,2026-08-30T22:30:00Z,2026-08-31T00:30:00+0200,169.059998,EUR/MWh,DK1,DK_1,day_ahead_price,value,2026-09-05T05:30:27Z
2026-09-05T05:27:44Z,2026-09-05T07:27:44+0200,6fa8c2dd-45b2-4464-b895-03e207d68865,2026-08-30T22:45:00Z,2026-08-31T00:45:00+0200,165.059998,EUR/MWh,DK1,DK_1,day_ahead_price,value,2026-09-05T05:30:27Z
2026-09-05T05:27:44Z,2026-09-05T07:27:44+0200,6fa8c2dd-45b2-4464-b895-03e207d68865,2026-08-30T23:00:00Z,2026-08-31T01:00:00+0200,168.389999,EUR/MWh,DK1,DK_1,day_ahead_price,value,2026-09-05T05:30:27Z
2026-09-05T05:27:44Z,2026-09-05T07:27:44+0200,6fa8c2dd-45b2-4464-b895-03e207d68865,2026-08-30T23:15:00Z,2026-08-31T01:15:00+0200,164.24,EUR/MWh,DK1,DK_1,day_ahead_price,value,2026-09-05T05:30:27Z
2026-09-05T05:27:44Z,2026-09-05T07:27:44+0200,6fa8c2dd-45b2-4464-b895-03e207d68865,2026-08-30T23:30:00Z,2026-08-31T01:30:00+0200,158.7,EUR/MWh,DK1,DK_1,day_ahead_price,value,2026-09-05T05:30:27Z
2026-09-05T05:27:44Z,2026-09-05T07:27:44+0200,6fa8c2dd-45b2-4464-b895-03e207d68865,2026-08-30T23:45:00Z,2026-08-31T01:45:00+0200,156.67,EUR/MWh,DK1,DK_1,day_ahead_price,value,2026-09-05T05:30:27Z
2026-09-05T05:27:44Z,2026-09-05T07:27:44+0200,6fa8c2dd-45b2-4464-b895-03e207d68865,2026-08-31T00:00:00Z,2026-08-31T02:00:00+0200,163.14,EUR/MWh,DK1,DK_1,day_ahead_price,value,2026-09-05T05:30:27Z
2026-09-05T05:27:44Z,2026-09-05T07:27:44+0200,6fa8c2dd-45b2-4464-b895-03e207d68865,2026-08-31T00:15:00Z,2026-08-31T02:15:00+0200,152.12,EUR/MWh,DK1,DK_1,day_ahead_price,value,2026-09-05T05:30:27Z
2026-09-05T05:27:44Z,2026-09-05T07:27:44+0200,6fa8c2dd-45b2-4464-b895-03e207d68865,2026-08-31T00:30:00Z,2026-08-31T02:30:00+0200,146.44,EUR/MWh,DK1,DK_1,day_ahead_price,value,2026-09-05T05:30:27Z
2026-09-05T05:27:44Z,2026-09-05T07:27:44+0200,6fa8c2dd-45b2-4464-b895-03e207d68865,2026-08-31T00:45:00Z,2026-08-31T02:45:00+0200,143.51,EUR/MWh,DK1,DK_1,day_ahead_price,value,2026-09-05T05:30:27Z
2026-09-05T05:27:44Z,2026-09-05T07:27:44+0200,6fa8c2dd-45b2-4464-b895-03e207d68865,2026-08-31T01:00:00Z,2026-08-31T03:00:00+0200,149.16,EUR/MWh,DK1,DK_1,day_ahead_price,value,2026-09-05T05:30:27Z
2026-09-05T05:27:44Z,2026-09-05T07:27:44+0200,6fa8c2dd-45b2-4464-b895-03e207d68865,2026-08-31T01:15:00Z,2026-08-31T03:15:00+0200,145.72,EUR/MWh,DK1,DK_1,day_ahead_price,value,2026-09-05T05:30:27Z
2026-09-05T05:27:44Z,2026-09-05T07:27:44+0200,6fa8c2dd-45b2-4464-b895-03e207d68865,2026-08-31T01:30:00Z,2026-08-31T03:30:00+0200,142.759995,EUR/MWh,DK1,DK_1,day_ahead_price,value,2026-09-05T05:30:27Z
2026-09-05T05:27:44Z,2026-09-05T07:27:44+0200,6fa8c2dd-45b2-4464-b895-03e207d68865,2026-08-31T01:45:00Z,2026-08-31T03:45:00+0200,140.360001,EUR/MWh,DK1,DK_1,day_ahead_price,value,2026-09-05T05:30:27Z
2026-09-05T05:27:44Z,2026-09-05T07:27:44+0200,6fa8c2dd-45b2-4464-b895-03e207d68865,2026-08-31T02:00:00Z,2026-08-31T04:00:00+0200,139.57,EUR/MWh,DK1,DK_1,day_ahead_price,value,2026-09-05T05:30:27Z
2026-09-05T05:27:44Z,2026-09-05T07:27:44+0200,6fa8c2dd-45b2-4464-b895-03e207d68865,2026-08-31T02:15:00Z,2026-08-31T04:15:00+0200,137.99,EUR/MWh,DK1,DK_1,day_ahead_price,value,2026-09-05T05:30:27Z
2026-09-05T05:27:44Z,2026-09-05T07:27:44+0200,6fa8c2dd-45b2-4464-b895-03e207d68865,2026-08-31T02:30:00Z,2026-08-31T04:30:00+0200,138.429993,EUR/MWh,DK1,DK_1,day_ahead_price,value,2026-09-05T05:30:27Z
2026-09-05T05:27:44Z,2026-09-05T07:27:44+0200,6fa8c2dd-45b2-4464-b895-03e207d68865,2026-08-31T02:45:00Z,2026-08-31T04:45:00+0200,139.529999,EUR/MWh,DK1,DK_1,day_ahead_price,value,2026-09-05T05:30:27Z
2026-09-05T05:27:44Z,2026-09-05T07:27:44+0200,6fa8c2dd-45b2-4464-b895-03e207d68865,2026-08-31T03:00:00Z,2026-08-31T05:00:00+0200,139.179993,EUR/MWh,DK1,DK_1,day_ahead_price,value,2026-09-05T05:30:27Z
2026-09-05T05:27:44Z,2026-09-05T07:27:44+0200,6fa8c2dd-45b2-4464-b895-03e207d68865,2026-08-31T03:15:00Z,2026-08-31T05:15:00+0200,138.14,EUR/MWh,DK1,DK_1,day_ahead_price,value,2026-09-05T05:30:27Z
2026-09-05T05:27:44Z,2026-09-05T07:27:44+0200,6fa8c2dd-45b2-4464-b895-03e207d68865,2026-08-31T03:30:00Z,2026-08-31T05:30:00+0200,139.93,EUR/MWh,DK1,DK_1,day_ahead_price,value,2026-09-05T05:30:27Z
2026-09-05T05:27:44Z,2026-09-05T07:27:44+0200,6fa8c2dd-45b2-4464-b895-03e207d68865,2026-08-31T03:45:00Z,2026-08-31T05:45:00+0200,147.25,EUR/MWh,DK1,DK_1,day_ahead_price,value,2026-09-05T05:30:27Z
2026-09-05T05:27:44Z,2026-09-05T07:27:44+0200,6fa8c2dd-45b2-4464-b895-03e207d68865,2026-08-31T04:00:00Z,2026-08-31T06:00:00+0200,149.199997,EUR/MWh,DK1,DK_1,day_ahead_price,value,2026-09-05T05:30:27Z
2026-09-05T05:27:44Z,2026-09-05T07:27:44+0200,6fa8c2dd-45b2-4464-b895-03e207d68865,2026-08-31T04:15:00Z,2026-08-31T06:15:00+0200,152.44,EUR/MWh,DK1,DK_1,day_ahead_price,value,2026-09-05T05:30:27Z
2026-09-05T05:27:44Z,2026-09-05T07:27:44+0200,6fa8c2dd-45b2-4464-b895-03e207d68865,2026-08-31T04:30:00Z,2026-08-31T06:30:00+0200,156.039993,EUR/MWh,DK1,DK_1,day_ahead_price,value,2026-09-05T05:30:27Z
2026-09-05T05:27:44Z,2026-09-05T07:27:44+0200,6fa8c2dd-45b2-4464-b895-03e207d68865,2026-08-31T04:45:00Z,2026-08-31T06:45:00+0200,157.539993,EUR/MWh,DK1,DK_1,day_ahead_price,value,2026-09-05T05:30:27Z
2026-09-05T05:27:44Z,2026-09-05T07:27:44+0200,6fa8c2dd-45b2-4464-b895-03e207d68865,2026-08-31T05:00:00Z,2026-08-31T07:00:00+0200,166.240005,EUR/MWh,DK1,DK_1,day_ahead_price,value,2026-09-05T05:30:27Z
2026-09-05T05:27:44Z,2026-09-05T07:27:44+0200,6fa8c2dd-45b2-4464-b895-03e207d68865,2026-08-31T05:15:00Z,2026-08-31T07:15:00+0200,166.440002,EUR/MWh,DK1,DK_1,day_ahead_price,value,2026-09-05T05:30:27Z
2026-09-05T05:27:44Z,2026-09-05T07:27:44+0200,6fa8c2dd-45b2-4464-b895-03e207d68865,2026-08-31T05:30:00Z,2026-08-31T07:30:00+0200,165.869995,EUR/MWh,DK1,DK_1,day_ahead_price,value,2026-09-05T05:30:27Z
2026-09-05T05:27:44Z,2026-09-05T07:27:44+0200,6fa8c2dd-45b2-4464-b895-03e207d68865,2026-08-31T05:45:00Z,2026-08-31T07:45:00+0200,164.720001,EUR/MWh,DK1,DK_1,day_ahead_price,value,2026-09-05T05:30:27Z
2026-09-05T05:27:44Z,2026-09-05T07:27:44+0200,6fa8c2dd-45b2-4464-b895-03e207d68865,2026-08-31T06:00:00Z,2026-08-31T08:00:00+0200,184.399994,EUR/MWh,DK1,DK_1,day_ahead_price,value,2026-09-05T05:30:27Z
2026-09-05T05:27:44Z,2026-09-05T07:27:44+0200,6fa8c2dd-45b2-4464-b895-03e207d68865,2026-08-31T06:15:00Z,2026-08-31T08:15:00+0200,174.58,EUR/MWh,DK1,DK_1,day_ahead_price,value,2026-09-05T05:30:27Z
2026-09-05T05:27:44Z,2026-09-05T07:27:44+0200,6fa8c2dd-45b2-4464-b895-03e207d68865,2026-08-31T06:30:00Z,2026-08-31T08:30:00+0200,160.51,EUR/MWh,DK1,DK_1,day_ahead_price,value,2026-09-05T05:30:27Z
2026-09-05T05:27:44Z,2026-09-05T07:27:44+0200,6fa8c2dd-45b2-4464-b895-03e207d68865,2026-08-31T06:45:00Z,2026-08-31T08:45:00+0200,130.0,EUR/MWh,DK1,DK_1,day_ahead_price,value,2026-09-05T05:30:27Z
2026-09-05T05:27:44Z,2026-09-05T07:27:44+0200,6fa8c2dd-45b2-4464-b895-03e207d68865,2026-08-31T07:00:00Z,2026-08-31T09:00:00+0200,174.41,EUR/MWh,DK1,DK_1,day_ahead_price,value,2026-09-05T05:30:27Z
2026-09-05T05:27:44Z,2026-09-05T07:27:44+0200,6fa8c2dd-45b2-4464-b895-03e207d68865,2026-08-31T07:15:00Z,2026-08-31T09:15:00+0200,136.29,EUR/MWh,DK1,DK_1,day_ahead_price,value,2026-09-05T05:30:27Z
2026-09-05T05:27:44Z,2026-09-05T07:27:44+0200,6fa8c2dd-45b2-4464-b895-03e207d68865,2026-08-31T07:30:00Z,2026-08-31T09:30:00+0200,110.279999,EUR/MWh,DK1,DK_1,day_ahead_price,value,2026-09-05T05:30:27Z
2026-09-05T05:27:44Z,2026-09-05T07:27:44+0200,6fa8c2dd-45b2-4464-b895-03e207d68865,2026-08-31T07:45:00Z,2026-08-31T09:45:00+0200,105.22,EUR/MWh,DK1,DK_1,day_ahead_price,value,2026-09-05T05:30:27Z
2026-09-05T05:27:44Z,2026-09-05T07:27:44+0200,6fa8c2dd-45b2-4464-b895-03e207d68865,2026-08-31T08:00:00Z,2026-08-31T10:00:00+0200,99.330002,EUR/MWh,DK1,DK_1,day_ahead_price,value,2026-09-05T05:30:27Z
2026-09-05T05:27:44Z,2026-09-05T07:27:44+0200,6fa8c2dd-45b2-4464-b895-03e207d68865,2026-08-31T08:15:00Z,2026-08-31T10:15:00+0200,106.47,EUR/MWh,DK1,DK_1,day_ahead_price,value,2026-09-05T05:30:27Z
2026-09-05T05:27:44Z,2026-09-05T07:27:44+0200,6fa8c2dd-45b2-4464-b895-03e207d68865,2026-08-31T08:30:00Z,2026-08-31T10:30:00+0200,96.31,EUR/MWh,DK1,DK_1,day_ahead_price,value,2026-09-05T05:30:27Z
2026-09-05T05:27:44Z,2026-09-05T07:27:44+0200,6fa8c2dd-45b2-4464-b895-03e207d68865,2026-08-31T08:45:00Z,2026-08-31T10:45:00+0200,80.4,EUR/MWh,DK1,DK_1,day_ahead_price,value,2026-09-05T05:30:27Z
2026-09-05T05:27:44Z,2026-09-05T07:27:44+0200,6fa8c2dd-45b2-4464-b895-03e207d68865,2026-08-31T09:00:00Z,2026-08-31T11:00:00+0200,46.52,EUR/MWh,DK1,DK_1,day_ahead_price,value,2026-09-05T05:30:27Z
2026-09-05T05:27:44Z,2026-09-05T07:27:44+0200,6fa8c2dd-45b2-4464-b895-03e207d68865,2026-08-31T09:15:00Z,2026-08-31T11:15:00+0200,41.150002,EUR/MWh,DK1,DK_1,day_ahead_price,value,2026-09-05T05:30:27Z
2026-09-05T05:27:44Z,2026-09-05T07:27:44+0200,6fa8c2dd-45b2-4464-b895-03e207d68865,2026-08-31T09:30:00Z,2026-08-31T11:30:00+0200,33.44,EUR/MWh,DK1,DK_1,day_ahead_price,value,2026-09-05T05:30:27Z
2026-09-05T05:27:44Z,2026-09-05T07:27:44+0200,6fa8c2dd-45b2-4464-b895-03e207d68865,2026-08-31T09:45:00Z,2026-08-31T11:45:00+0200,20.93,EUR/MWh,DK1,DK_1,day_ahead_price,value,2026-09-05T05:30:27Z
2026-09-05T05:27:44Z,2026-09-05T07:27:44+0200,6fa8c2dd-45b2-4464-b895-03e207d68865,2026-08-31T10:00:00Z,2026-08-31T12:00:00+0200,30.64,EUR/MWh,DK1,DK_1,day_ahead_price,value,2026-09-05T05:30:27Z
2026-09-05T05:27:44Z,2026-09-05T07:27:44+0200,6fa8c2dd-45b2-4464-b895-03e207d68865,2026-08-31T10:15:00Z,2026-08-31T12:15:00+0200,31.94,EUR/MWh,DK1,DK_1,day_ahead_price,value,2026-09-05T05:30:27Z
2026-09-05T05:27:44Z,2026-09-05T07:27:44+0200,6fa8c2dd-45b2-4464-b895-03e207d68865,2026-08-31T10:30:00Z,2026-08-31T12:30:00+0200,29.299999,EUR/MWh,DK1,DK_1,day_ahead_price,value,2026-09-05T05:30:27Z
2026-09-05T05:27:44Z,2026-09-05T07:27:44+0200,6fa8c2dd-45b2-4464-b895-03e207d68865,2026-08-31T10:45:00Z,2026-08-31T12:45:00+0200,24.48,EUR/MWh,DK1,DK_1,day_ahead_price,value,2026-09-05T05:30:27Z
2026-09-05T05:27:44Z,2026-09-05T07:27:44+0200,6fa8c2dd-45b2-4464-b895-03e207d68865,2026-08-31T11:00:00Z,2026-08-31T13:00:00+0200,27.26,EUR/MWh,DK1,DK_1,day_ahead_price,value,2026-09-05T05:30:27Z
2026-09-05T05:27:44Z,2026-09-05T07:27:44+0200,6fa8c2dd-45b2-4464-b895-03e207d68865,2026-08-31T11:15:00Z,2026-08-31T13:15:00+0200,33.6,EUR/MWh,DK1,DK_1,day_ahead_price,value,2026-09-05T05:30:27Z
2026-09-05T05:27:44Z,2026-09-05T07:27:44+0200,6fa8c2dd-45b2-4464-b895-03e207d68865,2026-08-31T11:30:00Z,2026-08-31T13:30:00+0200,23.74,EUR/MWh,DK1,DK_1,day_ahead_price,value,2026-09-05T05:30:27Z
2026-09-05T05:27:44Z,2026-09-05T07:27:44+0200,6fa8c2dd-45b2-4464-b895-03e207d68865,2026-08-31T11:45:00Z,2026-08-31T13:45:00+0200,20.07,EUR/MWh,DK1,DK_1,day_ahead_price,value,2026-09-05T05:30:27Z
2026-09-05T05:27:44Z,2026-09-05T07:27:44+0200,6fa8c2dd-45b2-4464-b895-03e207d68865,2026-08-31T12:00:00Z,2026-08-31T14:00:00+0200,14.99,EUR/MWh,DK1,DK_1,day_ahead_price,value,2026-09-05T05:30:27Z
2026-09-05T05:27:44Z,2026-09-05T07:27:44+0200,6fa8c2dd-45b2-4464-b895-03e207d68865,2026-08-31T12:15:00Z,2026-08-31T14:15:00+0200,17.68,EUR/MWh,DK1,DK_1,day_ahead_price,value,2026-09-05T05:30:27Z
2026-09-05T05:27:44Z,2026-09-05T07:27:44+0200,6fa8c2dd-45b2-4464-b895-03e207d68865,2026-08-31T12:30:00Z,2026-08-31T14:30:00+0200,20.07,EUR/MWh,DK1,DK_1,day_ahead_price,value,2026-09-05T05:30:27Z
2026-09-05T05:27:44Z,2026-09-05T07:27:44+0200,6fa8c2dd-45b2-4464-b895-03e207d68865,2026-08-31T12:45:00Z,2026-08-31T14:45:00+0200,23.299999,EUR/MWh,DK1,DK_1,day_ahead_price,value,2026-09-05T05:30:27Z
2026-09-05T05:27:44Z,2026-09-05T07:27:44+0200,6fa8c2dd-45b2-4464-b895-03e207d68865,2026-08-31T13:00:00Z,2026-08-31T15:00:00+0200,10.57,EUR/MWh,DK1,DK_1,day_ahead_price,value,2026-09-05T05:30:27Z
2026-09-05T05:27:44Z,2026-09-05T07:27:44+0200,6fa8c2dd-45b2-4464-b895-03e207d68865,2026-08-31T13:15:00Z,2026-08-31T15:15:00+0200,13.2,EUR/MWh,DK1,DK_1,day_ahead_price,value,2026-09-05T05:30:27Z
2026-09-05T05:27:44Z,2026-09-05T07:27:44+0200,6fa8c2dd-45b2-4464-b895-03e207d68865,2026-08-31T13:30:00Z,2026-08-31T15:30:00+0200,24.09,EUR/MWh,DK1,DK_1,day_ahead_price,value,2026-09-05T05:30:27Z
2026-09-05T05:27:44Z,2026-09-05T07:27:44+0200,6fa8c2dd-45b2-4464-b895-03e207d68865,2026-08-31T13:45:00Z,2026-08-31T15:45:00+0200,39.66,EUR/MWh,DK1,DK_1,day_ahead_price,value,2026-09-05T05:30:27Z
2026-09-05T05:27:44Z,2026-09-05T07:27:44+0200,6fa8c2dd-45b2-4464-b895-03e207d68865,2026-08-31T14:00:00Z,2026-08-31T16:00:00+0200,38.869999,EUR/MWh,DK1,DK_1,day_ahead_price,value,2026-09-05T05:30:27Z
2026-09-05T05:27:44Z,2026-09-05T07:27:44+0200,6fa8c2dd-45b2-4464-b895-03e207d68865,2026-08-31T14:15:00Z,2026-08-31T16:15:00+0200,44.17,EUR/MWh,DK1,DK_1,day_ahead_price,value,2026-09-05T05:30:27Z
2026-09-05T05:27:44Z,2026-09-05T07:27:44+0200,6fa8c2dd-45b2-4464-b895-03e207d68865,2026-08-31T14:30:00Z,2026-08-31T16:30:00+0200,71.139999,EUR/MWh,DK1,DK_1,day_ahead_price,value,2026-09-05T05:30:27Z
2026-09-05T05:27:44Z,2026-09-05T07:27:44+0200,6fa8c2dd-45b2-4464-b895-03e207d68865,2026-08-31T14:45:00Z,2026-08-31T16:45:00+0200,52.939999,EUR/MWh,DK1,DK_1,day_ahead_price,value,2026-09-05T05:30:27Z
2026-09-05T05:27:44Z,2026-09-05T07:27:44+0200,6fa8c2dd-45b2-4464-b895-03e207d68865,2026-08-31T15:00:00Z,2026-08-31T17:00:00+0200,56.5,EUR/MWh,DK1,DK_1,day_ahead_price,value,2026-09-05T05:30:27Z
2026-09-05T05:27:44Z,2026-09-05T07:27:44+0200,6fa8c2dd-45b2-4464-b895-03e207d68865,2026-08-31T15:15:00Z,2026-08-31T17:15:00+0200,78.139999,EUR/MWh,DK1,DK_1,day_ahead_price,value,2026-09-05T05:30:27Z
2026-09-05T05:27:44Z,2026-09-05T07:27:44+0200,6fa8c2dd-45b2-4464-b895-03e207d68865,2026-08-31T15:30:00Z,2026-08-31T17:30:00+0200,111.13,EUR/MWh,DK1,DK_1,day_ahead_price,value,2026-09-05T05:30:27Z
2026-09-05T05:27:44Z,2026-09-05T07:27:44+0200,6fa8c2dd-45b2-4464-b895-03e207d68865,2026-08-31T15:45:00Z,2026-08-31T17:45:00+0200,125.279999,EUR/MWh,DK1,DK_1,day_ahead_price,value,2026-09-05T05:30:27Z
2026-09-05T05:27:44Z,2026-09-05T07:27:44+0200,6fa8c2dd-45b2-4464-b895-03e207d68865,2026-08-31T16:00:00Z,2026-08-31T18:00:00+0200,122.330002,EUR/MWh,DK1,DK_1,day_ahead_price,value,2026-09-05T05:30:27Z
2026-09-05T05:27:44Z,2026-09-05T07:27:44+0200,6fa8c2dd-45b2-4464-b895-03e207d68865,2026-08-31T16:15:00Z,2026-08-31T18:15:00+0200,143.9,EUR/MWh,DK1,DK_1,day_ahead_price,value,2026-09-05T05:30:27Z
2026-09-05T05:27:44Z,2026-09-05T07:27:44+0200,6fa8c2dd-45b2-4464-b895-03e207d68865,2026-08-31T16:30:00Z,2026-08-31T18:30:00+0200,168.83,EUR/MWh,DK1,DK_1,day_ahead_price,value,2026-09-05T05:30:27Z
2026-09-05T05:27:44Z,2026-09-05T07:27:44+0200,6fa8c2dd-45b2-4464-b895-03e207d68865,2026-08-31T16:45:00Z,2026-08-31T18:45:00+0200,200.13,EUR/MWh,DK1,DK_1,day_ahead_price,value,2026-09-05T05:30:27Z
2026-09-05T05:27:44Z,2026-09-05T07:27:44+0200,6fa8c2dd-45b2-4464-b895-03e207d68865,2026-08-31T17:00:00Z,2026-08-31T19:00:00+0200,168.529999,EUR/MWh,DK1,DK_1,day_ahead_price,value,2026-09-05T05:30:27Z
2026-09-05T05:27:44Z,2026-09-05T07:27:44+0200,6fa8c2dd-45b2-4464-b895-03e207d68865,2026-08-31T17:15:00Z,2026-08-31T19:15:00+0200,180.48,EUR/MWh,DK1,DK_1,day_ahead_price,value,2026-09-05T05:30:27Z
2026-09-05T05:27:44Z,2026-09-05T07:27:44+0200,6fa8c2dd-45b2-4464-b895-03e207d68865,2026-08-31T17:30:00Z,2026-08-31T19:30:00+0200,182.75,EUR/MWh,DK1,DK_1,day_ahead_price,value,2026-09-05T05:30:27Z
2026-09-05T05:27:44Z,2026-09-05T07:27:44+0200,6fa8c2dd-45b2-4464-b895-03e207d68865,2026-08-31T17:45:00Z,2026-08-31T19:45:00+0200,208.169998,EUR/MWh,DK1,DK_1,day_ahead_price,value,2026-09-05T05:30:27Z
2026-09-05T05:27:44Z,2026-09-05T07:27:44+0200,6fa8c2dd-45b2-4464-b895-03e207d68865,2026-08-31T18:00:00Z,2026-08-31T20:00:00+0200,179.559998,EUR/MWh,DK1,DK_1,day_ahead_price,value,2026-09-05T05:30:27Z
2026-09-05T05:27:44Z,2026-09-05T07:27:44+0200,6fa8c2dd-45b2-4464-b895-03e207d68865,2026-08-31T18:15:00Z,2026-08-31T20:15:00+0200,192.5,EUR/MWh,DK1,DK_1,day_ahead_price,value,2026-09-05T05:30:27Z
2026-09-05T05:27:44Z,2026-09-05T07:27:44+0200,6fa8c2dd-45b2-4464-b895-03e207d68865,2026-08-31T18:30:00Z,2026-08-31T20:30:00+0200,198.529999,EUR/MWh,DK1,DK_1,day_ahead_price,value,2026-09-05T05:30:27Z
2026-09-05T05:27:44Z,2026-09-05T07:27:44+0200,6fa8c2dd-45b2-4464-b895-03e207d68865,2026-08-31T18:45:00Z,2026-08-31T20:45:00+0200,191.59,EUR/MWh,DK1,DK_1,day_ahead_price,value,2026-09-05T05:30:27Z
2026-09-05T05:27:44Z,2026-09-05T07:27:44+0200,6fa8c2dd-45b2-4464-b895-03e207d68865,2026-08-31T19:00:00Z,2026-08-31T21:00:00+0200,207.37,EUR/MWh,DK1,DK_1,day_ahead_price,value,2026-09-05T05:30:27Z
2026-09-05T05:27:44Z,2026-09-05T07:27:44+0200,6fa8c2dd-45b2-4464-b895-03e207d68865,2026-08-31T19:15:00Z,2026-08-31T21:15:00+0200,181.45,EUR/MWh,DK1,DK_1,day_ahead_price,value,2026-09-05T05:30:27Z
2026-09-05T05:27:44Z,2026-09-05T07:27:44+0200,6fa8c2dd-45b2-4464-b895-03e207d68865,2026-08-31T19:30:00Z,2026-08-31T21:30:00+0200,175.74,EUR/MWh,DK1,DK_1,day_ahead_price,value,2026-09-05T05:30:27Z
2026-09-05T05:27:44Z,2026-09-05T07:27:44+0200,6fa8c2dd-45b2-4464-b895-03e207d68865,2026-08-31T19:45:00Z,2026-08-31T21:45:00+0200,164.43,EUR/MWh,DK1,DK_1,day_ahead_price,value,2026-09-05T05:30:27Z
2026-09-05T05:27:44Z,2026-09-05T07:27:44+0200,6fa8c2dd-45b2-4464-b895-03e207d68865,2026-08-31T20:00:00Z,2026-08-31T22:00:00+0200,175.65,EUR/MWh,DK1,DK_1,day_ahead_price,value,2026-09-05T05:30:27Z
2026-09-05T05:27:44Z,2026-09-05T07:27:44+0200,6fa8c2dd-45b2-4464-b895-03e207d68865,2026-08-31T20:15:00Z,2026-08-31T22:15:00+0200,169.54,EUR/MWh,DK1,DK_1,day_ahead_price,value,2026-09-05T05:30:27Z
2026-09-05T05:27:44Z,2026-09-05T07:27:44+0200,6fa8c2dd-45b2-4464-b895-03e207d68865,2026-08-31T20:30:00Z,2026-08-31T22:30:00+0200,173.0,EUR/MWh,DK1,DK_1,day_ahead_price,value,2026-09-05T05:30:27Z
2026-09-05T05:27:44Z,2026-09-05T07:27:44+0200,6fa8c2dd-45b2-4464-b895-03e207d68865,2026-08-31T20:45:00Z,2026-08-31T22:45:00+0200,167.479996,EUR/MWh,DK1,DK_1,day_ahead_price,value,2026-09-05T05:30:27Z
2026-09-05T05:27:44Z,2026-09-05T07:27:44+0200,6fa8c2dd-45b2-4464-b895-03e207d68865,2026-08-31T21:00:00Z,2026-08-31T23:00:00+0200,161.160004,EUR/MWh,DK1,DK_1,day_ahead_price,value,2026-09-05T05:30:27Z
2026-09-05T05:27:44Z,2026-09-05T07:27:44+0200,6fa8c2dd-45b2-4464-b895-03e207d68865,2026-08-31T21:15:00Z,2026-08-31T23:15:00+0200,155.67,EUR/MWh,DK1,DK_1,day_ahead_price,value,2026-09-05T05:30:27Z
2026-09-05T05:27:44Z,2026-09-05T07:27:44+0200,6fa8c2dd-45b2-4464-b895-03e207d68865,2026-08-31T21:30:00Z,2026-08-31T23:30:00+0200,151.11,EUR/MWh,DK1,DK_1,day_ahead_price,value,2026-09-05T05:30:27Z
2026-09-05T05:27:44Z,2026-09-05T07:27:44+0200,6fa8c2dd-45b2-4464-b895-03e207d68865,2026-08-31T21:45:00Z,2026-08-31T23:45:00+0200,145.6,EUR/MWh,DK1,DK_1,day_ahead_price,value,2026-09-05T05:30:27Z
2026-09-05T05:27:44Z,2026-09-05T07:27:44+0200,6fa8c2dd-45b2-4464-b895-03e207d68865,2026-08-31T22:00:00Z,2026-09-01T00:00:00+0200,156.68,EUR/MWh,DK1,DK_1,day_ahead_price,value,2026-09-05T05:30:27Z
2026-09-05T05:27:44Z,2026-09-05T07:27:44+0200,6fa8c2dd-45b2-4464-b895-03e207d68865,2026-08-31T22:15:00Z,2026-09-01T00:15:00+0200,150.45,EUR/MWh,DK1,DK_1,day_ahead_price,value,2026-09-05T05:30:27Z
2026-09-05T05:27:44Z,2026-09-05T07:27:44+0200,6fa8c2dd-45b2-4464-b895-03e207d68865,2026-08-31T22:30:00Z,2026-09-01T00:30:00+0200,145.35,EUR/MWh,DK1,DK_1,day_ahead_price,value,2026-09-05T05:30:27Z
2026-09-05T05:27:44Z,2026-09-05T07:27:44+0200,6fa8c2dd-45b2-4464-b895-03e207d68865,2026-08-31T22:45:00Z,2026-09-01T00:45:00+0200,144.41,EUR/MWh,DK1,DK_1,day_ahead_price,value,2026-09-05T05:30:27Z
2026-09-05T05:27:44Z,2026-09-05T07:27:44+0200,6fa8c2dd-45b2-4464-b895-03e207d68865,2026-08-31T23:00:00Z,2026-09-01T01:00:00+0200,144.15,EUR/MWh,DK1,DK_1,day_ahead_price,value,2026-09-05T05:30:27Z
2026-09-05T05:27:44Z,2026-09-05T07:27:44+0200,6fa8c2dd-45b2-4464-b895-03e207d68865,2026-08-31T23:15:00Z,2026-09-01T01:15:00+0200,141.62,EUR/MWh,DK1,DK_1,day_ahead_price,value,2026-09-05T05:30:27Z
2026-09-05T05:27:44Z,2026-09-05T07:27:44+0200,6fa8c2dd-45b2-4464-b895-03e207d68865,2026-08-31T23:30:00Z,2026-09-01T01:30:00+0200,141.58,EUR/MWh,DK1,DK_1,day_ahead_price,value,2026-09-05T05:30:27Z
2026-09-05T05:27:44Z,2026-09-05T07:27:44+0200,6fa8c2dd-45b2-4464-b895-03e207d68865,2026-08-31T23:45:00Z,2026-09-01T01:45:00+0200,138.94,EUR/MWh,DK1,DK_1,day_ahead_price,value,2026-09-05T05:30:27Z
2026-09-05T05:27:44Z,2026-09-05T07:27:44+0200,6fa8c2dd-45b2-4464-b895-03e207d68865,2026-09-01T00:00:00Z,2026-09-01T02:00:00+0200,135.96,EUR/MWh,DK1,DK_1,day_ahead_price,value,2026-09-05T05:30:27Z
2026-09-05T05:27:44Z,2026-09-05T07:27:44+0200,6fa8c2dd-45b2-4464-b895-03e207d68865,2026-09-01T00:15:00Z,2026-09-01T02:15:00+0200,140.82,EUR/MWh,DK1,DK_1,day_ahead_price,value,2026-09-05T05:30:27Z
2026-09-05T05:27:44Z,2026-09-05T07:27:44+0200,6fa8c2dd-45b2-4464-b895-03e207d68865,2026-09-01T00:30:00Z,2026-09-01T02:30:00+0200,136.05,EUR/MWh,DK1,DK_1,day_ahead_price,value,2026-09-05T05:30:27Z
2026-09-05T05:27:44Z,2026-09-05T07:27:44+0200,6fa8c2dd-45b2-4464-b895-03e207d68865,2026-09-01T00:45:00Z,2026-09-01T02:45:00+0200,136.93,EUR/MWh,DK1,DK_1,day_ahead_price,value,2026-09-05T05:30:27Z
2026-09-05T05:27:44Z,2026-09-05T07:27:44+0200,6fa8c2dd-45b2-4464-b895-03e207d68865,2026-09-01T01:00:00Z,2026-09-01T03:00:00+0200,137.72,EUR/MWh,DK1,DK_1,day_ahead_price,value,2026-09-05T05:30:27Z
2026-09-05T05:27:44Z,2026-09-05T07:27:44+0200,6fa8c2dd-45b2-4464-b895-03e207d68865,2026-09-01T01:15:00Z,2026-09-01T03:15:00+0200,140.62,EUR/MWh,DK1,DK_1,day_ahead_price,value,2026-09-05T05:30:27Z
2026-09-05T05:27:44Z,2026-09-05T07:27:44+0200,6fa8c2dd-45b2-4464-b895-03e207d68865,2026-09-01T01:30:00Z,2026-09-01T03:30:00+0200,141.7,EUR/MWh,DK1,DK_1,day_ahead_price,value,2026-09-05T05:30:27Z
2026-09-05T05:27:44Z,2026-09-05T07:27:44+0200,6fa8c2dd-45b2-4464-b895-03e207d68865,2026-09-01T01:45:00Z,2026-09-01T03:45:00+0200,141.32,EUR/MWh,DK1,DK_1,day_ahead_price,value,2026-09-05T05:30:27Z
2026-09-05T05:27:44Z,2026-09-05T07:27:44+0200,6fa8c2dd-45b2-4464-b895-03e207d68865,2026-09-01T02:00:00Z,2026-09-01T04:00:00+0200,145.92,EUR/MWh,DK1,DK_1,day_ahead_price,value,2026-09-05T05:30:27Z
2026-09-05T05:27:44Z,2026-09-05T07:27:44+0200,6fa8c2dd-45b2-4464-b895-03e207d68865,2026-09-01T02:15:00Z,2026-09-01T04:15:00+0200,142.91,EUR/MWh,DK1,DK_1,day_ahead_price,value,2026-09-05T05:30:27Z
2026-09-05T05:27:44Z,2026-09-05T07:27:44+0200,6fa8c2dd-45b2-4464-b895-03e207d68865,2026-09-01T02:30:00Z,2026-09-01T04:30:00+0200,144.7,EUR/MWh,DK1,DK_1,day_ahead_price,value,2026-09-05T05:30:27Z
2026-09-05T05:27:44Z,2026-09-05T07:27:44+0200,6fa8c2dd-45b2-4464-b895-03e207d68865,2026-09-01T02:45:00Z,2026-09-01T04:45:00+0200,146.37,EUR/MWh,DK1,DK_1,day_ahead_price,value,2026-09-05T05:30:27Z
2026-09-05T05:27:44Z,2026-09-05T07:27:44+0200,6fa8c2dd-45b2-4464-b895-03e207d68865,2026-09-01T03:00:00Z,2026-09-01T05:00:00+0200,146.45,EUR/MWh,DK1,DK_1,day_ahead_price,value,2026-09-05T05:30:27Z
2026-09-05T05:27:44Z,2026-09-05T07:27:44+0200,6fa8c2dd-45b2-4464-b895-03e207d68865,2026-09-01T03:15:00Z,2026-09-01T05:15:00+0200,150.04,EUR/MWh,DK1,DK_1,day_ahead_price,value,2026-09-05T05:30:27Z
2026-09-05T05:27:44Z,2026-09-05T07:27:44+0200,6fa8c2dd-45b2-4464-b895-03e207d68865,2026-09-01T03:30:00Z,2026-09-01T05:30:00+0200,160.74,EUR/MWh,DK1,DK_1,day_ahead_price,value,2026-09-05T05:30:27Z
2026-09-05T05:27:44Z,2026-09-05T07:27:44+0200,6fa8c2dd-45b2-4464-b895-03e207d68865,2026-09-01T03:45:00Z,2026-09-01T05:45:00+0200,167.02,EUR/MWh,DK1,DK_1,day_ahead_price,value,2026-09-05T05:30:27Z
2026-09-05T05:27:44Z,2026-09-05T07:27:44+0200,6fa8c2dd-45b2-4464-b895-03e207d68865,2026-09-01T04:00:00Z,2026-09-01T06:00:00+0200,176.51,EUR/MWh,DK1,DK_1,day_ahead_price,value,2026-09-05T05:30:27Z
2026-09-05T05:27:44Z,2026-09-05T07:27:44+0200,6fa8c2dd-45b2-4464-b895-03e207d68865,2026-09-01T04:15:00Z,2026-09-01T06:15:00+0200,187.92,EUR/MWh,DK1,DK_1,day_ahead_price,value,2026-09-05T05:30:27Z
2026-09-05T05:27:44Z,2026-09-05T07:27:44+0200,6fa8c2dd-45b2-4464-b895-03e207d68865,2026-09-01T04:30:00Z,2026-09-01T06:30:00+0200,190.82,EUR/MWh,DK1,DK_1,day_ahead_price,value,2026-09-05T05:30:27Z
2026-09-05T05:27:44Z,2026-09-05T07:27:44+0200,6fa8c2dd-45b2-4464-b895-03e207d68865,2026-09-01T04:45:00Z,2026-09-01T06:45:00+0200,194.72,EUR/MWh,DK1,DK_1,day_ahead_price,value,2026-09-05T05:30:27Z
2026-09-05T05:27:44Z,2026-09-05T07:27:44+0200,6fa8c2dd-45b2-4464-b895-03e207d68865,2026-09-01T05:00:00Z,2026-09-01T07:00:00+0200,205.96,EUR/MWh,DK1,DK_1,day_ahead_price,value,2026-09-05T05:30:27Z
2026-09-05T05:27:44Z,2026-09-05T07:27:44+0200,6fa8c2dd-45b2-4464-b895-03e207d68865,2026-09-01T05:15:00Z,2026-09-01T07:15:00+0200,210.16,EUR/MWh,DK1,DK_1,day_ahead_price,value,2026-09-05T05:30:27Z
2026-09-05T05:27:44Z,2026-09-05T07:27:44+0200,6fa8c2dd-45b2-4464-b895-03e207d68865,2026-09-01T05:30:00Z,2026-09-01T07:30:00+0200,205.98,EUR/MWh,DK1,DK_1,day_ahead_price,value,2026-09-05T05:30:27Z
2026-09-05T05:27:44Z,2026-09-05T07:27:44+0200,6fa8c2dd-45b2-4464-b895-03e207d68865,2026-09-01T05:45:00Z,2026-09-01T07:45:00+0200,196.09,EUR/MWh,DK1,DK_1,day_ahead_price,value,2026-09-05T05:30:27Z
2026-09-05T05:27:44Z,2026-09-05T07:27:44+0200,6fa8c2dd-45b2-4464-b895-03e207d68865,2026-09-01T06:00:00Z,2026-09-01T08:00:00+0200,215.58,EUR/MWh,DK1,DK_1,day_ahead_price,value,2026-09-05T05:30:27Z
2026-09-05T05:27:44Z,2026-09-05T07:27:44+0200,6fa8c2dd-45b2-4464-b895-03e207d68865,2026-09-01T06:15:00Z,2026-09-01T08:15:00+0200,201.44,EUR/MWh,DK1,DK_1,day_ahead_price,value,2026-09-05T05:30:27Z
2026-09-05T05:27:44Z,2026-09-05T07:27:44+0200,6fa8c2dd-45b2-4464-b895-03e207d68865,2026-09-01T06:30:00Z,2026-09-01T08:30:00+0200,187.46,EUR/MWh,DK1,DK_1,day_ahead_price,value,2026-09-05T05:30:27Z
2026-09-05T05:27:44Z,2026-09-05T07:27:44+0200,6fa8c2dd-45b2-4464-b895-03e207d68865,2026-09-01T06:45:00Z,2026-09-01T08:45:00+0200,165.49,EUR/MWh,DK1,DK_1,day_ahead_price,value,2026-09-05T05:30:27Z
2026-09-05T05:27:44Z,2026-09-05T07:27:44+0200,6fa8c2dd-45b2-4464-b895-03e207d68865,2026-09-01T07:00:00Z,2026-09-01T09:00:00+0200,184.57,EUR/MWh,DK1,DK_1,day_ahead_price,value,2026-09-05T05:30:27Z
2026-09-05T05:27:44Z,2026-09-05T07:27:44+0200,6fa8c2dd-45b2-4464-b895-03e207d68865,2026-09-01T07:15:00Z,2026-09-01T09:15:00+0200,162.78,EUR/MWh,DK1,DK_1,day_ahead_price,value,2026-09-05T05:30:27Z
2026-09-05T05:27:44Z,2026-09-05T07:27:44+0200,6fa8c2dd-45b2-4464-b895-03e207d68865,2026-09-01T07:30:00Z,2026-09-01T09:30:00+0200,135.84,EUR/MWh,DK1,DK_1,day_ahead_price,value,2026-09-05T05:30:27Z
2026-09-05T05:27:44Z,2026-09-05T07:27:44+0200,6fa8c2dd-45b2-4464-b895-03e207d68865,2026-09-01T07:45:00Z,2026-09-01T09:45:00+0200,114.89,EUR/MWh,DK1,DK_1,day_ahead_price,value,2026-09-05T05:30:27Z
2026-09-05T05:27:44Z,2026-09-05T07:27:44+0200,6fa8c2dd-45b2-4464-b895-03e207d68865,2026-09-01T08:00:00Z,2026-09-01T10:00:00+0200,135.91,EUR/MWh,DK1,DK_1,day_ahead_price,value,2026-09-05T05:30:27Z
2026-09-05T05:27:44Z,2026-09-05T07:27:44+0200,6fa8c2dd-45b2-4464-b895-03e207d68865,2026-09-01T08:15:00Z,2026-09-01T10:15:00+0200,121.53,EUR/MWh,DK1,DK_1,day_ahead_price,value,2026-09-05T05:30:27Z
2026-09-05T05:27:44Z,2026-09-05T07:27:44+0200,6fa8c2dd-45b2-4464-b895-03e207d68865,2026-09-01T08:30:00Z,2026-09-01T10:30:00+0200,116.9,EUR/MWh,DK1,DK_1,day_ahead_price,value,2026-09-05T05:30:27Z
2026-09-05T05:27:44Z,2026-09-05T07:27:44+0200,6fa8c2dd-45b2-4464-b895-03e207d68865,2026-09-01T08:45:00Z,2026-09-01T10:45:00+0200,105.77,EUR/MWh,DK1,DK_1,day_ahead_price,value,2026-09-05T05:30:27Z
2026-09-05T05:27:44Z,2026-09-05T07:27:44+0200,6fa8c2dd-45b2-4464-b895-03e207d68865,2026-09-01T09:00:00Z,2026-09-01T11:00:00+0200,111.31,EUR/MWh,DK1,DK_1,day_ahead_price,value,2026-09-05T05:30:27Z
2026-09-05T05:27:44Z,2026-09-05T07:27:44+0200,6fa8c2dd-45b2-4464-b895-03e207d68865,2026-09-01T09:15:00Z,2026-09-01T11:15:00+0200,96.33,EUR/MWh,DK1,DK_1,day_ahead_price,value,2026-09-05T05:30:27Z
2026-09-05T05:27:44Z,2026-09-05T07:27:44+0200,6fa8c2dd-45b2-4464-b895-03e207d68865,2026-09-01T09:30:00Z,2026-09-01T11:30:00+0200,81.06,EUR/MWh,DK1,DK_1,day_ahead_price,value,2026-09-05T05:30:27Z
2026-09-05T05:27:44Z,2026-09-05T07:27:44+0200,6fa8c2dd-45b2-4464-b895-03e207d68865,2026-09-01T09:45:00Z,2026-09-01T11:45:00+0200,71.29,EUR/MWh,DK1,DK_1,day_ahead_price,value,2026-09-05T05:30:27Z
2026-09-05T05:27:44Z,2026-09-05T07:27:44+0200,6fa8c2dd-45b2-4464-b895-03e207d68865,2026-09-01T10:00:00Z,2026-09-01T12:00:00+0200,66.17,EUR/MWh,DK1,DK_1,day_ahead_price,value,2026-09-05T05:30:27Z
2026-09-05T05:27:44Z,2026-09-05T07:27:44+0200,6fa8c2dd-45b2-4464-b895-03e207d68865,2026-09-01T10:15:00Z,2026-09-01T12:15:00+0200,54.45,EUR/MWh,DK1,DK_1,day_ahead_price,value,2026-09-05T05:30:27Z
2026-09-05T05:27:44Z,2026-09-05T07:27:44+0200,6fa8c2dd-45b2-4464-b895-03e207d68865,2026-09-01T10:30:00Z,2026-09-01T12:30:00+0200,48.24,EUR/MWh,DK1,DK_1,day_ahead_price,value,2026-09-05T05:30:27Z
2026-09-05T05:27:44Z,2026-09-05T07:27:44+0200,6fa8c2dd-45b2-4464-b895-03e207d68865,2026-09-01T10:45:00Z,2026-09-01T12:45:00+0200,42.34,EUR/MWh,DK1,DK_1,day_ahead_price,value,2026-09-05T05:30:27Z
2026-09-05T05:27:44Z,2026-09-05T07:27:44+0200,6fa8c2dd-45b2-4464-b895-03e207d68865,2026-09-01T11:00:00Z,2026-09-01T13:00:00+0200,46.53,EUR/MWh,DK1,DK_1,day_ahead_price,value,2026-09-05T05:30:27Z
2026-09-05T05:27:44Z,2026-09-05T07:27:44+0200,6fa8c2dd-45b2-4464-b895-03e207d68865,2026-09-01T11:15:00Z,2026-09-01T13:15:00+0200,44.6,EUR/MWh,DK1,DK_1,day_ahead_price,value,2026-09-05T05:30:27Z
2026-09-05T05:27:44Z,2026-09-05T07:27:44+0200,6fa8c2dd-45b2-4464-b895-03e207d68865,2026-09-01T11:30:00Z,2026-09-01T13:30:00+0200,38.07,EUR/MWh,DK1,DK_1,day_ahead_price,value,2026-09-05T05:30:27Z
2026-09-05T05:27:44Z,2026-09-05T07:27:44+0200,6fa8c2dd-45b2-4464-b895-03e207d68865,2026-09-01T11:45:00Z,2026-09-01T13:45:00+0200,33.99,EUR/MWh,DK1,DK_1,day_ahead_price,value,2026-09-05T05:30:27Z
2026-09-05T05:27:44Z,2026-09-05T07:27:44+0200,6fa8c2dd-45b2-4464-b895-03e207d68865,2026-09-01T12:00:00Z,2026-09-01T14:00:00+0200,52.73,EUR/MWh,DK1,DK_1,day_ahead_price,value,2026-09-05T05:30:27Z
2026-09-05T05:27:44Z,2026-09-05T07:27:44+0200,6fa8c2dd-45b2-4464-b895-03e207d68865,2026-09-01T12:15:00Z,2026-09-01T14:15:00+0200,43.47,EUR/MWh,DK1,DK_1,day_ahead_price,value,2026-09-05T05:30:27Z
2026-09-05T05:27:44Z,2026-09-05T07:27:44+0200,6fa8c2dd-45b2-4464-b895-03e207d68865,2026-09-01T12:30:00Z,2026-09-01T14:30:00+0200,43.48,EUR/MWh,DK1,DK_1,day_ahead_price,value,2026-09-05T05:30:27Z
2026-09-05T05:27:44Z,2026-09-05T07:27:44+0200,6fa8c2dd-45b2-4464-b895-03e207d68865,2026-09-01T12:45:00Z,2026-09-01T14:45:00+0200,44.57,EUR/MWh,DK1,DK_1,day_ahead_price,value,2026-09-05T05:30:27Z
2026-09-05T05:27:44Z,2026-09-05T07:27:44+0200,6fa8c2dd-45b2-4464-b895-03e207d68865,2026-09-01T13:00:00Z,2026-09-01T15:00:00+0200,38.86,EUR/MWh,DK1,DK_1,day_ahead_price,value,2026-09-05T05:30:27Z
2026-09-05T05:27:44Z,2026-09-05T07:27:44+0200,6fa8c2dd-45b2-4464-b895-03e207d68865,2026-09-01T13:15:00Z,2026-09-01T15:15:00+0200,43.74,EUR/MWh,DK1,DK_1,day_ahead_price,value,2026-09-05T05:30:27Z
2026-09-05T05:27:44Z,2026-09-05T07:27:44+0200,6fa8c2dd-45b2-4464-b895-03e207d68865,2026-09-01T13:30:00Z,2026-09-01T15:30:00+0200,63.12,EUR/MWh,DK1,DK_1,day_ahead_price,value,2026-09-05T05:30:27Z
2026-09-05T05:27:44Z,2026-09-05T07:27:44+0200,6fa8c2dd-45b2-4464-b895-03e207d68865,2026-09-01T13:45:00Z,2026-09-01T15:45:00+0200,71.39,EUR/MWh,DK1,DK_1,day_ahead_price,value,2026-09-05T05:30:27Z
2026-09-05T05:27:44Z,2026-09-05T07:27:44+0200,6fa8c2dd-45b2-4464-b895-03e207d68865,2026-09-01T14:00:00Z,2026-09-01T16:00:00+0200,60.59,EUR/MWh,DK1,DK_1,day_ahead_price,value,2026-09-05T05:30:27Z
2026-09-05T05:27:44Z,2026-09-05T07:27:44+0200,6fa8c2dd-45b2-4464-b895-03e207d68865,2026-09-01T14:15:00Z,2026-09-01T16:15:00+0200,84.09,EUR/MWh,DK1,DK_1,day_ahead_price,value,2026-09-05T05:30:27Z
2026-09-05T05:27:44Z,2026-09-05T07:27:44+0200,6fa8c2dd-45b2-4464-b895-03e207d68865,2026-09-01T14:30:00Z,2026-09-01T16:30:00+0200,110.08,EUR/MWh,DK1,DK_1,day_ahead_price,value,2026-09-05T05:30:27Z
2026-09-05T05:27:44Z,2026-09-05T07:27:44+0200,6fa8c2dd-45b2-4464-b895-03e207d68865,2026-09-01T14:45:00Z,2026-09-01T16:45:00+0200,121.58,EUR/MWh,DK1,DK_1,day_ahead_price,value,2026-09-05T05:30:27Z
2026-09-05T05:27:44Z,2026-09-05T07:27:44+0200,6fa8c2dd-45b2-4464-b895-03e207d68865,2026-09-01T15:00:00Z,2026-09-01T17:00:00+0200,110.61,EUR/MWh,DK1,DK_1,day_ahead_price,value,2026-09-05T05:30:27Z
2026-09-05T05:27:44Z,2026-09-05T07:27:44+0200,6fa8c2dd-45b2-4464-b895-03e207d68865,2026-09-01T15:15:00Z,2026-09-01T17:15:00+0200,126.19,EUR/MWh,DK1,DK_1,day_ahead_price,value,2026-09-05T05:30:27Z
2026-09-05T05:27:44Z,2026-09-05T07:27:44+0200,6fa8c2dd-45b2-4464-b895-03e207d68865,2026-09-01T15:30:00Z,2026-09-01T17:30:00+0200,150.02,EUR/MWh,DK1,DK_1,day_ahead_price,value,2026-09-05T05:30:27Z
2026-09-05T05:27:44Z,2026-09-05T07:27:44+0200,6fa8c2dd-45b2-4464-b895-03e207d68865,2026-09-01T15:45:00Z,2026-09-01T17:45:00+0200,169.18,EUR/MWh,DK1,DK_1,day_ahead_price,value,2026-09-05T05:30:27Z
2026-09-05T05:27:44Z,2026-09-05T07:27:44+0200,6fa8c2dd-45b2-4464-b895-03e207d68865,2026-09-01T16:00:00Z,2026-09-01T18:00:00+0200,139.95,EUR/MWh,DK1,DK_1,day_ahead_price,value,2026-09-05T05:30:27Z
2026-09-05T05:27:44Z,2026-09-05T07:27:44+0200,6fa8c2dd-45b2-4464-b895-03e207d68865,2026-09-01T16:15:00Z,2026-09-01T18:15:00+0200,173.27,EUR/MWh,DK1,DK_1,day_ahead_price,value,2026-09-05T05:30:27Z
2026-09-05T05:27:44Z,2026-09-05T07:27:44+0200,6fa8c2dd-45b2-4464-b895-03e207d68865,2026-09-01T16:30:00Z,2026-09-01T18:30:00+0200,186.21,EUR/MWh,DK1,DK_1,day_ahead_price,value,2026-09-05T05:30:27Z
2026-09-05T05:27:44Z,2026-09-05T07:27:44+0200,6fa8c2dd-45b2-4464-b895-03e207d68865,2026-09-01T16:45:00Z,2026-09-01T18:45:00+0200,199.61,EUR/MWh,DK1,DK_1,day_ahead_price,value,2026-09-05T05:30:27Z
2026-09-05T05:27:44Z,2026-09-05T07:27:44+0200,6fa8c2dd-45b2-4464-b895-03e207d68865,2026-09-01T17:00:00Z,2026-09-01T19:00:00+0200,197.3,EUR/MWh,DK1,DK_1,day_ahead_price,value,2026-09-05T05:30:27Z
2026-09-05T05:27:44Z,2026-09-05T07:27:44+0200,6fa8c2dd-45b2-4464-b895-03e207d68865,2026-09-01T17:15:00Z,2026-09-01T19:15:00+0200,205.05,EUR/MWh,DK1,DK_1,day_ahead_price,value,2026-09-05T05:30:27Z
2026-09-05T05:27:44Z,2026-09-05T07:27:44+0200,6fa8c2dd-45b2-4464-b895-03e207d68865,2026-09-01T17:30:00Z,2026-09-01T19:30:00+0200,221.22,EUR/MWh,DK1,DK_1,day_ahead_price,value,2026-09-05T05:30:27Z
2026-09-05T05:27:44Z,2026-09-05T07:27:44+0200,6fa8c2dd-45b2-4464-b895-03e207d68865,2026-09-01T17:45:00Z,2026-09-01T19:45:00+0200,232.65,EUR/MWh,DK1,DK_1,day_ahead_price,value,2026-09-05T05:30:27Z
2026-09-05T05:27:44Z,2026-09-05T07:27:44+0200,6fa8c2dd-45b2-4464-b895-03e207d68865,2026-09-01T18:00:00Z,2026-09-01T20:00:00+0200,214.23,EUR/MWh,DK1,DK_1,day_ahead_price,value,2026-09-05T05:30:27Z
2026-09-05T05:27:44Z,2026-09-05T07:27:44+0200,6fa8c2dd-45b2-4464-b895-03e207d68865,2026-09-01T18:15:00Z,2026-09-01T20:15:00+0200,218.08,EUR/MWh,DK1,DK_1,day_ahead_price,value,2026-09-05T05:30:27Z
2026-09-05T05:27:44Z,2026-09-05T07:27:44+0200,6fa8c2dd-45b2-4464-b895-03e207d68865,2026-09-01T18:30:00Z,2026-09-01T20:30:00+0200,216.28,EUR/MWh,DK1,DK_1,day_ahead_price,value,2026-09-05T05:30:27Z
2026-09-05T05:27:44Z,2026-09-05T07:27:44+0200,6fa8c2dd-45b2-4464-b895-03e207d68865,2026-09-01T18:45:00Z,2026-09-01T20:45:00+0200,208.46,EUR/MWh,DK1,DK_1,day_ahead_price,value,2026-09-05T05:30:27Z
2026-09-05T05:27:44Z,2026-09-05T07:27:44+0200,6fa8c2dd-45b2-4464-b895-03e207d68865,2026-09-01T19:00:00Z,2026-09-01T21:00:00+0200,228.57,EUR/MWh,DK1,DK_1,day_ahead_price,value,2026-09-05T05:30:27Z
2026-09-05T05:27:44Z,2026-09-05T07:27:44+0200,6fa8c2dd-45b2-4464-b895-03e207d68865,2026-09-01T19:15:00Z,2026-09-01T21:15:00+0200,220.1,EUR/MWh,DK1,DK_1,day_ahead_price,value,2026-09-05T05:30:27Z
2026-09-05T05:27:44Z,2026-09-05T07:27:44+0200,6fa8c2dd-45b2-4464-b895-03e207d68865,2026-09-01T19:30:00Z,2026-09-01T21:30:00+0200,217.14,EUR/MWh,DK1,DK_1,day_ahead_price,value,2026-09-05T05:30:27Z
2026-09-05T05:27:44Z,2026-09-05T07:27:44+0200,6fa8c2dd-45b2-4464-b895-03e207d68865,2026-09-01T19:45:00Z,2026-09-01T21:45:00+0200,206.09,EUR/MWh,DK1,DK_1,day_ahead_price,value,2026-09-05T05:30:27Z
2026-09-05T05:27:44Z,2026-09-05T07:27:44+0200,6fa8c2dd-45b2-4464-b895-03e207d68865,2026-09-01T20:00:00Z,2026-09-01T22:00:00+0200,211.98,EUR/MWh,DK1,DK_1,day_ahead_price,value,2026-09-05T05:30:27Z
2026-09-05T05:27:44Z,2026-09-05T07:27:44+0200,6fa8c2dd-45b2-4464-b895-03e207d68865,2026-09-01T20:15:00Z,2026-09-01T22:15:00+0200,199.15,EUR/MWh,DK1,DK_1,day_ahead_price,value,2026-09-05T05:30:27Z
2026-09-05T05:27:44Z,2026-09-05T07:27:44+0200,6fa8c2dd-45b2-4464-b895-03e207d68865,2026-09-01T20:30:00Z,2026-09-01T22:30:00+0200,194.58,EUR/MWh,DK1,DK_1,day_ahead_price,value,2026-09-05T05:30:27Z
2026-09-05T05:27:44Z,2026-09-05T07:27:44+0200,6fa8c2dd-45b2-4464-b895-03e207d68865,2026-09-01T20:45:00Z,2026-09-01T22:45:00+0200,190.86,EUR/MWh,DK1,DK_1,day_ahead_price,value,2026-09-05T05:30:27Z
2026-09-05T05:27:44Z,2026-09-05T07:27:44+0200,6fa8c2dd-45b2-4464-b895-03e207d68865,2026-09-01T21:00:00Z,2026-09-01T23:00:00+0200,188.45,EUR/MWh,DK1,DK_1,day_ahead_price,value,2026-09-05T05:30:27Z
2026-09-05T05:27:44Z,2026-09-05T07:27:44+0200,6fa8c2dd-45b2-4464-b895-03e207d68865,2026-09-01T21:15:00Z,2026-09-01T23:15:00+0200,179.43,EUR/MWh,DK1,DK_1,day_ahead_price,value,2026-09-05T05:30:27Z
2026-09-05T05:27:44Z,2026-09-05T07:27:44+0200,6fa8c2dd-45b2-4464-b895-03e207d68865,2026-09-01T21:30:00Z,2026-09-01T23:30:00+0200,175.98,EUR/MWh,DK1,DK_1,day_ahead_price,value,2026-09-05T05:30:27Z
2026-09-05T05:27:44Z,2026-09-05T07:27:44+0200,6fa8c2dd-45b2-4464-b895-03e207d68865,2026-09-01T21:45:00Z,2026-09-01T23:45:00+0200,171.19,EUR/MWh,DK1,DK_1,day_ahead_price,value,2026-09-05T05:30:27Z
2026-09-05T05:27:44Z,2026-09-05T07:27:44+0200,6fa8c2dd-45b2-4464-b895-03e207d68865,2026-09-01T22:00:00Z,2026-09-02T00:00:00+0200,159.78,EUR/MWh,DK1,DK_1,day_ahead_price,value,2026-09-05T05:30:27Z
2026-09-05T05:27:44Z,2026-09-05T07:27:44+0200,6fa8c2dd-45b2-4464-b895-03e207d68865,2026-09-01T22:15:00Z,2026-09-02T00:15:00+0200,160.12,EUR/MWh,DK1,DK_1,day_ahead_price,value,2026-09-05T05:30:27Z
2026-09-05T05:27:44Z,2026-09-05T07:27:44+0200,6fa8c2dd-45b2-4464-b895-03e207d68865,2026-09-01T22:30:00Z,2026-09-02T00:30:00+0200,157.16,EUR/MWh,DK1,DK_1,day_ahead_price,value,2026-09-05T05:30:27Z
2026-09-05T05:27:44Z,2026-09-05T07:27:44+0200,6fa8c2dd-45b2-4464-b895-03e207d68865,2026-09-01T22:45:00Z,2026-09-02T00:45:00+0200,148.38,EUR/MWh,DK1,DK_1,day_ahead_price,value,2026-09-05T05:30:27Z
2026-09-05T05:27:44Z,2026-09-05T07:27:44+0200,6fa8c2dd-45b2-4464-b895-03e207d68865,2026-09-01T23:00:00Z,2026-09-02T01:00:00+0200,153.57,EUR/MWh,DK1,DK_1,day_ahead_price,value,2026-09-05T05:30:27Z
2026-09-05T05:27:44Z,2026-09-05T07:27:44+0200,6fa8c2dd-45b2-4464-b895-03e207d68865,2026-09-01T23:15:00Z,2026-09-02T01:15:00+0200,149.47,EUR/MWh,DK1,DK_1,day_ahead_price,value,2026-09-05T05:30:27Z
2026-09-05T05:27:44Z,2026-09-05T07:27:44+0200,6fa8c2dd-45b2-4464-b895-03e207d68865,2026-09-01T23:30:00Z,2026-09-02T01:30:00+0200,148.19,EUR/MWh,DK1,DK_1,day_ahead_price,value,2026-09-05T05:30:27Z
2026-09-05T05:27:44Z,2026-09-05T07:27:44+0200,6fa8c2dd-45b2-4464-b895-03e207d68865,2026-09-01T23:45:00Z,2026-09-02T01:45:00+0200,146.76,EUR/MWh,DK1,DK_1,day_ahead_price,value,2026-09-05T05:30:27Z
2026-09-05T05:27:44Z,2026-09-05T07:27:44+0200,6fa8c2dd-45b2-4464-b895-03e207d68865,2026-09-02T00:00:00Z,2026-09-02T02:00:00+0200,148.28,EUR/MWh,DK1,DK_1,day_ahead_price,value,2026-09-05T05:30:27Z
2026-09-05T05:27:44Z,2026-09-05T07:27:44+0200,6fa8c2dd-45b2-4464-b895-03e207d68865,2026-09-02T00:15:00Z,2026-09-02T02:15:00+0200,143.96,EUR/MWh,DK1,DK_1,day_ahead_price,value,2026-09-05T05:30:27Z
2026-09-05T05:27:44Z,2026-09-05T07:27:44+0200,6fa8c2dd-45b2-4464-b895-03e207d68865,2026-09-02T00:30:00Z,2026-09-02T02:30:00+0200,143.9,EUR/MWh,DK1,DK_1,day_ahead_price,value,2026-09-05T05:30:27Z
2026-09-05T05:27:44Z,2026-09-05T07:27:44+0200,6fa8c2dd-45b2-4464-b895-03e207d68865,2026-09-02T00:45:00Z,2026-09-02T02:45:00+0200,143.88,EUR/MWh,DK1,DK_1,day_ahead_price,value,2026-09-05T05:30:27Z
2026-09-05T05:27:44Z,2026-09-05T07:27:44+0200,6fa8c2dd-45b2-4464-b895-03e207d68865,2026-09-02T01:00:00Z,2026-09-02T03:00:00+0200,142.1,EUR/MWh,DK1,DK_1,day_ahead_price,value,2026-09-05T05:30:27Z
2026-09-05T05:27:44Z,2026-09-05T07:27:44+0200,6fa8c2dd-45b2-4464-b895-03e207d68865,2026-09-02T01:15:00Z,2026-09-02T03:15:00+0200,143.71,EUR/MWh,DK1,DK_1,day_ahead_price,value,2026-09-05T05:30:27Z
2026-09-05T05:27:44Z,2026-09-05T07:27:44+0200,6fa8c2dd-45b2-4464-b895-03e207d68865,2026-09-02T01:30:00Z,2026-09-02T03:30:00+0200,143.92,EUR/MWh,DK1,DK_1,day_ahead_price,value,2026-09-05T05:30:27Z
2026-09-05T05:27:44Z,2026-09-05T07:27:44+0200,6fa8c2dd-45b2-4464-b895-03e207d68865,2026-09-02T01:45:00Z,2026-09-02T03:45:00+0200,143.05,EUR/MWh,DK1,DK_1,day_ahead_price,value,2026-09-05T05:30:27Z
2026-09-05T05:27:44Z,2026-09-05T07:27:44+0200,6fa8c2dd-45b2-4464-b895-03e207d68865,2026-09-02T02:00:00Z,2026-09-02T04:00:00+0200,140.02,EUR/MWh,DK1,DK_1,day_ahead_price,value,2026-09-05T05:30:27Z
2026-09-05T05:27:44Z,2026-09-05T07:27:44+0200,6fa8c2dd-45b2-4464-b895-03e207d68865,2026-09-02T02:15:00Z,2026-09-02T04:15:00+0200,140.35,EUR/MWh,DK1,DK_1,day_ahead_price,value,2026-09-05T05:30:27Z
2026-09-05T05:27:44Z,2026-09-05T07:27:44+0200,6fa8c2dd-45b2-4464-b895-03e207d68865,2026-09-02T02:30:00Z,2026-09-02T04:30:00+0200,142.12,EUR/MWh,DK1,DK_1,day_ahead_price,value,2026-09-05T05:30:27Z
2026-09-05T05:27:44Z,2026-09-05T07:27:44+0200,6fa8c2dd-45b2-4464-b895-03e207d68865,2026-09-02T02:45:00Z,2026-09-02T04:45:00+0200,140.31,EUR/MWh,DK1,DK_1,day_ahead_price,value,2026-09-05T05:30:27Z
2026-09-05T05:27:44Z,2026-09-05T07:27:44+0200,6fa8c2dd-45b2-4464-b895-03e207d68865,2026-09-02T03:00:00Z,2026-09-02T05:00:00+0200,136.57,EUR/MWh,DK1,DK_1,day_ahead_price,value,2026-09-05T05:30:27Z
2026-09-05T05:27:44Z,2026-09-05T07:27:44+0200,6fa8c2dd-45b2-4464-b895-03e207d68865,2026-09-02T03:15:00Z,2026-09-02T05:15:00+0200,138.03,EUR/MWh,DK1,DK_1,day_ahead_price,value,2026-09-05T05:30:27Z
2026-09-05T05:27:44Z,2026-09-05T07:27:44+0200,6fa8c2dd-45b2-4464-b895-03e207d68865,2026-09-02T03:30:00Z,2026-09-02T05:30:00+0200,145.77,EUR/MWh,DK1,DK_1,day_ahead_price,value,2026-09-05T05:30:27Z
2026-09-05T05:27:44Z,2026-09-05T07:27:44+0200,6fa8c2dd-45b2-4464-b895-03e207d68865,2026-09-02T03:45:00Z,2026-09-02T05:45:00+0200,151.96,EUR/MWh,DK1,DK_1,day_ahead_price,value,2026-09-05T05:30:27Z
2026-09-05T05:27:44Z,2026-09-05T07:27:44+0200,6fa8c2dd-45b2-4464-b895-03e207d68865,2026-09-02T04:00:00Z,2026-09-02T06:00:00+0200,164.58,EUR/MWh,DK1,DK_1,day_ahead_price,value,2026-09-05T05:30:27Z
2026-09-05T05:27:44Z,2026-09-05T07:27:44+0200,6fa8c2dd-45b2-4464-b895-03e207d68865,2026-09-02T04:15:00Z,2026-09-02T06:15:00+0200,167.72,EUR/MWh,DK1,DK_1,day_ahead_price,value,2026-09-05T05:30:27Z
2026-09-05T05:27:44Z,2026-09-05T07:27:44+0200,6fa8c2dd-45b2-4464-b895-03e207d68865,2026-09-02T04:30:00Z,2026-09-02T06:30:00+0200,170.01,EUR/MWh,DK1,DK_1,day_ahead_price,value,2026-09-05T05:30:27Z
2026-09-05T05:27:44Z,2026-09-05T07:27:44+0200,6fa8c2dd-45b2-4464-b895-03e207d68865,2026-09-02T04:45:00Z,2026-09-02T06:45:00+0200,171.38,EUR/MWh,DK1,DK_1,day_ahead_price,value,2026-09-05T05:30:27Z
2026-09-05T05:27:44Z,2026-09-05T07:27:44+0200,6fa8c2dd-45b2-4464-b895-03e207d68865,2026-09-02T05:00:00Z,2026-09-02T07:00:00+0200,177.58,EUR/MWh,DK1,DK_1,day_ahead_price,value,2026-09-05T05:30:27Z
2026-09-05T05:27:44Z,2026-09-05T07:27:44+0200,6fa8c2dd-45b2-4464-b895-03e207d68865,2026-09-02T05:15:00Z,2026-09-02T07:15:00+0200,187.01,EUR/MWh,DK1,DK_1,day_ahead_price,value,2026-09-05T05:30:27Z
2026-09-05T05:27:44Z,2026-09-05T07:27:44+0200,6fa8c2dd-45b2-4464-b895-03e207d68865,2026-09-02T05:30:00Z,2026-09-02T07:30:00+0200,188.27,EUR/MWh,DK1,DK_1,day_ahead_price,value,2026-09-05T05:30:27Z
2026-09-05T05:27:44Z,2026-09-05T07:27:44+0200,6fa8c2dd-45b2-4464-b895-03e207d68865,2026-09-02T05:45:00Z,2026-09-02T07:45:00+0200,190.7,EUR/MWh,DK1,DK_1,day_ahead_price,value,2026-09-05T05:30:27Z
2026-09-05T05:27:44Z,2026-09-05T07:27:44+0200,6fa8c2dd-45b2-4464-b895-03e207d68865,2026-09-02T06:00:00Z,2026-09-02T08:00:00+0200,177.49,EUR/MWh,DK1,DK_1,day_ahead_price,value,2026-09-05T05:30:27Z
2026-09-05T05:27:44Z,2026-09-05T07:27:44+0200,6fa8c2dd-45b2-4464-b895-03e207d68865,2026-09-02T06:15:00Z,2026-09-02T08:15:00+0200,176.32,EUR/MWh,DK1,DK_1,day_ahead_price,value,2026-09-05T05:30:27Z
2026-09-05T05:27:44Z,2026-09-05T07:27:44+0200,6fa8c2dd-45b2-4464-b895-03e207d68865,2026-09-02T06:30:00Z,2026-09-02T08:30:00+0200,173.85,EUR/MWh,DK1,DK_1,day_ahead_price,value,2026-09-05T05:30:27Z
2026-09-05T05:27:44Z,2026-09-05T07:27:44+0200,6fa8c2dd-45b2-4464-b895-03e207d68865,2026-09-02T06:45:00Z,2026-09-02T08:45:00+0200,169.57,EUR/MWh,DK1,DK_1,day_ahead_price,value,2026-09-05T05:30:27Z
2026-09-05T05:27:44Z,2026-09-05T07:27:44+0200,6fa8c2dd-45b2-4464-b895-03e207d68865,2026-09-02T07:00:00Z,2026-09-02T09:00:00+0200,173.8,EUR/MWh,DK1,DK_1,day_ahead_price,value,2026-09-05T05:30:27Z
2026-09-05T05:27:44Z,2026-09-05T07:27:44+0200,6fa8c2dd-45b2-4464-b895-03e207d68865,2026-09-02T07:15:00Z,2026-09-02T09:15:00+0200,168.49,EUR/MWh,DK1,DK_1,day_ahead_price,value,2026-09-05T05:30:27Z
2026-09-05T05:27:44Z,2026-09-05T07:27:44+0200,6fa8c2dd-45b2-4464-b895-03e207d68865,2026-09-02T07:30:00Z,2026-09-02T09:30:00+0200,160.12,EUR/MWh,DK1,DK_1,day_ahead_price,value,2026-09-05T05:30:27Z
2026-09-05T05:27:44Z,2026-09-05T07:27:44+0200,6fa8c2dd-45b2-4464-b895-03e207d68865,2026-09-02T07:45:00Z,2026-09-02T09:45:00+0200,142.08,EUR/MWh,DK1,DK_1,day_ahead_price,value,2026-09-05T05:30:27Z
2026-09-05T05:27:44Z,2026-09-05T07:27:44+0200,6fa8c2dd-45b2-4464-b895-03e207d68865,2026-09-02T08:00:00Z,2026-09-02T10:00:00+0200,130.68,EUR/MWh,DK1,DK_1,day_ahead_price,value,2026-09-05T05:30:27Z
2026-09-05T05:27:44Z,2026-09-05T07:27:44+0200,6fa8c2dd-45b2-4464-b895-03e207d68865,2026-09-02T08:15:00Z,2026-09-02T10:15:00+0200,129.9,EUR/MWh,DK1,DK_1,day_ahead_price,value,2026-09-05T05:30:27Z
2026-09-05T05:27:44Z,2026-09-05T07:27:44+0200,6fa8c2dd-45b2-4464-b895-03e207d68865,2026-09-02T08:30:00Z,2026-09-02T10:30:00+0200,132.12,EUR/MWh,DK1,DK_1,day_ahead_price,value,2026-09-05T05:30:27Z
2026-09-05T05:27:44Z,2026-09-05T07:27:44+0200,6fa8c2dd-45b2-4464-b895-03e207d68865,2026-09-02T08:45:00Z,2026-09-02T10:45:00+0200,122.0,EUR/MWh,DK1,DK_1,day_ahead_price,value,2026-09-05T05:30:27Z
2026-09-05T05:27:44Z,2026-09-05T07:27:44+0200,6fa8c2dd-45b2-4464-b895-03e207d68865,2026-09-02T09:00:00Z,2026-09-02T11:00:00+0200,112.21,EUR/MWh,DK1,DK_1,day_ahead_price,value,2026-09-05T05:30:27Z
2026-09-05T05:27:44Z,2026-09-05T07:27:44+0200,6fa8c2dd-45b2-4464-b895-03e207d68865,2026-09-02T09:15:00Z,2026-09-02T11:15:00+0200,110.66,EUR/MWh,DK1,DK_1,day_ahead_price,value,2026-09-05T05:30:27Z
2026-09-05T05:27:44Z,2026-09-05T07:27:44+0200,6fa8c2dd-45b2-4464-b895-03e207d68865,2026-09-02T09:30:00Z,2026-09-02T11:30:00+0200,109.69,EUR/MWh,DK1,DK_1,day_ahead_price,value,2026-09-05T05:30:27Z
2026-09-05T05:27:44Z,2026-09-05T07:27:44+0200,6fa8c2dd-45b2-4464-b895-03e207d68865,2026-09-02T09:45:00Z,2026-09-02T11:45:00+0200,103.96,EUR/MWh,DK1,DK_1,day_ahead_price,value,2026-09-05T05:30:27Z
2026-09-05T05:27:44Z,2026-09-05T07:27:44+0200,6fa8c2dd-45b2-4464-b895-03e207d68865,2026-09-02T10:00:00Z,2026-09-02T12:00:00+0200,104.58,EUR/MWh,DK1,DK_1,day_ahead_price,value,2026-09-05T05:30:27Z
2026-09-05T05:27:44Z,2026-09-05T07:27:44+0200,6fa8c2dd-45b2-4464-b895-03e207d68865,2026-09-02T10:15:00Z,2026-09-02T12:15:00+0200,102.76,EUR/MWh,DK1,DK_1,day_ahead_price,value,2026-09-05T05:30:27Z
2026-09-05T05:27:44Z,2026-09-05T07:27:44+0200,6fa8c2dd-45b2-4464-b895-03e207d68865,2026-09-02T10:30:00Z,2026-09-02T12:30:00+0200,99.28,EUR/MWh,DK1,DK_1,day_ahead_price,value,2026-09-05T05:30:27Z
2026-09-05T05:27:44Z,2026-09-05T07:27:44+0200,6fa8c2dd-45b2-4464-b895-03e207d68865,2026-09-02T10:45:00Z,2026-09-02T12:45:00+0200,102.87,EUR/MWh,DK1,DK_1,day_ahead_price,value,2026-09-05T05:30:27Z
2026-09-05T05:27:44Z,2026-09-05T07:27:44+0200,6fa8c2dd-45b2-4464-b895-03e207d68865,2026-09-02T11:00:00Z,2026-09-02T13:00:00+0200,97.41,EUR/MWh,DK1,DK_1,day_ahead_price,value,2026-09-05T05:30:27Z
2026-09-05T05:27:44Z,2026-09-05T07:27:44+0200,6fa8c2dd-45b2-4464-b895-03e207d68865,2026-09-02T11:15:00Z,2026-09-02T13:15:00+0200,92.8,EUR/MWh,DK1,DK_1,day_ahead_price,value,2026-09-05T05:30:27Z
2026-09-05T05:27:44Z,2026-09-05T07:27:44+0200,6fa8c2dd-45b2-4464-b895-03e207d68865,2026-09-02T11:30:00Z,2026-09-02T13:30:00+0200,91.1,EUR/MWh,DK1,DK_1,day_ahead_price,value,2026-09-05T05:30:27Z
2026-09-05T05:27:44Z,2026-09-05T07:27:44+0200,6fa8c2dd-45b2-4464-b895-03e207d68865,2026-09-02T11:45:00Z,2026-09-02T13:45:00+0200,83.73,EUR/MWh,DK1,DK_1,day_ahead_price,value,2026-09-05T05:30:27Z
2026-09-05T05:27:44Z,2026-09-05T07:27:44+0200,6fa8c2dd-45b2-4464-b895-03e207d68865,2026-09-02T12:00:00Z,2026-09-02T14:00:00+0200,98.29,EUR/MWh,DK1,DK_1,day_ahead_price,value,2026-09-05T05:30:27Z
2026-09-05T05:27:44Z,2026-09-05T07:27:44+0200,6fa8c2dd-45b2-4464-b895-03e207d68865,2026-09-02T12:15:00Z,2026-09-02T14:15:00+0200,97.9,EUR/MWh,DK1,DK_1,day_ahead_price,value,2026-09-05T05:30:27Z
2026-09-05T05:27:44Z,2026-09-05T07:27:44+0200,6fa8c2dd-45b2-4464-b895-03e207d68865,2026-09-02T12:30:00Z,2026-09-02T14:30:00+0200,100.1,EUR/MWh,DK1,DK_1,day_ahead_price,value,2026-09-05T05:30:27Z
2026-09-05T05:27:44Z,2026-09-05T07:27:44+0200,6fa8c2dd-45b2-4464-b895-03e207d68865,2026-09-02T12:45:00Z,2026-09-02T14:45:00+0200,104.72,EUR/MWh,DK1,DK_1,day_ahead_price,value,2026-09-05T05:30:27Z
2026-09-05T05:27:44Z,2026-09-05T07:27:44+0200,6fa8c2dd-45b2-4464-b895-03e207d68865,2026-09-02T13:00:00Z,2026-09-02T15:00:00+0200,105.65,EUR/MWh,DK1,DK_1,day_ahead_price,value,2026-09-05T05:30:27Z
2026-09-05T05:27:44Z,2026-09-05T07:27:44+0200,6fa8c2dd-45b2-4464-b895-03e207d68865,2026-09-02T13:15:00Z,2026-09-02T15:15:00+0200,110.6,EUR/MWh,DK1,DK_1,day_ahead_price,value,2026-09-05T05:30:27Z
2026-09-05T05:27:44Z,2026-09-05T07:27:44+0200,6fa8c2dd-45b2-4464-b895-03e207d68865,2026-09-02T13:30:00Z,2026-09-02T15:30:00+0200,116.73,EUR/MWh,DK1,DK_1,day_ahead_price,value,2026-09-05T05:30:27Z
2026-09-05T05:27:44Z,2026-09-05T07:27:44+0200,6fa8c2dd-45b2-4464-b895-03e207d68865,2026-09-02T13:45:00Z,2026-09-02T15:45:00+0200,116.13,EUR/MWh,DK1,DK_1,day_ahead_price,value,2026-09-05T05:30:27Z
2026-09-05T05:27:44Z,2026-09-05T07:27:44+0200,6fa8c2dd-45b2-4464-b895-03e207d68865,2026-09-02T14:00:00Z,2026-09-02T16:00:00+0200,117.02,EUR/MWh,DK1,DK_1,day_ahead_price,value,2026-09-05T05:30:27Z
2026-09-05T05:27:44Z,2026-09-05T07:27:44+0200,6fa8c2dd-45b2-4464-b895-03e207d68865,2026-09-02T14:15:00Z,2026-09-02T16:15:00+0200,127.89,EUR/MWh,DK1,DK_1,day_ahead_price,value,2026-09-05T05:30:27Z
2026-09-05T05:27:44Z,2026-09-05T07:27:44+0200,6fa8c2dd-45b2-4464-b895-03e207d68865,2026-09-02T14:30:00Z,2026-09-02T16:30:00+0200,140.96,EUR/MWh,DK1,DK_1,day_ahead_price,value,2026-09-05T05:30:27Z
2026-09-05T05:27:44Z,2026-09-05T07:27:44+0200,6fa8c2dd-45b2-4464-b895-03e207d68865,2026-09-02T14:45:00Z,2026-09-02T16:45:00+0200,155.6,EUR/MWh,DK1,DK_1,day_ahead_price,value,2026-09-05T05:30:27Z
2026-09-05T05:27:44Z,2026-09-05T07:27:44+0200,6fa8c2dd-45b2-4464-b895-03e207d68865,2026-09-02T15:00:00Z,2026-09-02T17:00:00+0200,141.48,EUR/MWh,DK1,DK_1,day_ahead_price,value,2026-09-05T05:30:27Z
2026-09-05T05:27:44Z,2026-09-05T07:27:44+0200,6fa8c2dd-45b2-4464-b895-03e207d68865,2026-09-02T15:15:00Z,2026-09-02T17:15:00+0200,160.07,EUR/MWh,DK1,DK_1,day_ahead_price,value,2026-09-05T05:30:27Z
2026-09-05T05:27:44Z,2026-09-05T07:27:44+0200,6fa8c2dd-45b2-4464-b895-03e207d68865,2026-09-02T15:30:00Z,2026-09-02T17:30:00+0200,169.0,EUR/MWh,DK1,DK_1,day_ahead_price,value,2026-09-05T05:30:27Z
2026-09-05T05:27:44Z,2026-09-05T07:27:44+0200,6fa8c2dd-45b2-4464-b895-03e207d68865,2026-09-02T15:45:00Z,2026-09-02T17:45:00+0200,168.2,EUR/MWh,DK1,DK_1,day_ahead_price,value,2026-09-05T05:30:27Z
2026-09-05T05:27:44Z,2026-09-05T07:27:44+0200,6fa8c2dd-45b2-4464-b895-03e207d68865,2026-09-02T16:00:00Z,2026-09-02T18:00:00+0200,176.12,EUR/MWh,DK1,DK_1,day_ahead_price,value,2026-09-05T05:30:27Z
2026-09-05T05:27:44Z,2026-09-05T07:27:44+0200,6fa8c2dd-45b2-4464-b895-03e207d68865,2026-09-02T16:15:00Z,2026-09-02T18:15:00+0200,192.21,EUR/MWh,DK1,DK_1,day_ahead_price,value,2026-09-05T05:30:27Z
2026-09-05T05:27:44Z,2026-09-05T07:27:44+0200,6fa8c2dd-45b2-4464-b895-03e207d68865,2026-09-02T16:30:00Z,2026-09-02T18:30:00+0200,204.04,EUR/MWh,DK1,DK_1,day_ahead_price,value,2026-09-05T05:30:27Z
2026-09-05T05:27:44Z,2026-09-05T07:27:44+0200,6fa8c2dd-45b2-4464-b895-03e207d68865,2026-09-02T16:45:00Z,2026-09-02T18:45:00+0200,216.35,EUR/MWh,DK1,DK_1,day_ahead_price,value,2026-09-05T05:30:27Z
2026-09-05T05:27:44Z,2026-09-05T07:27:44+0200,6fa8c2dd-45b2-4464-b895-03e207d68865,2026-09-02T17:00:00Z,2026-09-02T19:00:00+0200,223.4,EUR/MWh,DK1,DK_1,day_ahead_price,value,2026-09-05T05:30:27Z
2026-09-05T05:27:44Z,2026-09-05T07:27:44+0200,6fa8c2dd-45b2-4464-b895-03e207d68865,2026-09-02T17:15:00Z,2026-09-02T19:15:00+0200,238.07,EUR/MWh,DK1,DK_1,day_ahead_price,value,2026-09-05T05:30:27Z
2026-09-05T05:27:44Z,2026-09-05T07:27:44+0200,6fa8c2dd-45b2-4464-b895-03e207d68865,2026-09-02T17:30:00Z,2026-09-02T19:30:00+0200,249.94,EUR/MWh,DK1,DK_1,day_ahead_price,value,2026-09-05T05:30:27Z
2026-09-05T05:27:44Z,2026-09-05T07:27:44+0200,6fa8c2dd-45b2-4464-b895-03e207d68865,2026-09-02T17:45:00Z,2026-09-02T19:45:00+0200,253.12,EUR/MWh,DK1,DK_1,day_ahead_price,value,2026-09-05T05:30:27Z
2026-09-05T05:27:44Z,2026-09-05T07:27:44+0200,6fa8c2dd-45b2-4464-b895-03e207d68865,2026-09-02T18:00:00Z,2026-09-02T20:00:00+0200,253.62,EUR/MWh,DK1,DK_1,day_ahead_price,value,2026-09-05T05:30:27Z
2026-09-05T05:27:44Z,2026-09-05T07:27:44+0200,6fa8c2dd-45b2-4464-b895-03e207d68865,2026-09-02T18:15:00Z,2026-09-02T20:15:00+0200,239.24,EUR/MWh,DK1,DK_1,day_ahead_price,value,2026-09-05T05:30:27Z
2026-09-05T05:27:44Z,2026-09-05T07:27:44+0200,6fa8c2dd-45b2-4464-b895-03e207d68865,2026-09-02T18:30:00Z,2026-09-02T20:30:00+0200,241.83,EUR/MWh,DK1,DK_1,day_ahead_price,value,2026-09-05T05:30:27Z
2026-09-05T05:27:44Z,2026-09-05T07:27:44+0200,6fa8c2dd-45b2-4464-b895-03e207d68865,2026-09-02T18:45:00Z,2026-09-02T20:45:00+0200,244.76,EUR/MWh,DK1,DK_1,day_ahead_price,value,2026-09-05T05:30:27Z
2026-09-05T05:27:44Z,2026-09-05T07:27:44+0200,6fa8c2dd-45b2-4464-b895-03e207d68865,2026-09-02T19:00:00Z,2026-09-02T21:00:00+0200,233.81,EUR/MWh,DK1,DK_1,day_ahead_price,value,2026-09-05T05:30:27Z
2026-09-05T05:27:44Z,2026-09-05T07:27:44+0200,6fa8c2dd-45b2-4464-b895-03e207d68865,2026-09-02T19:15:00Z,2026-09-02T21:15:00+0200,215.9,EUR/MWh,DK1,DK_1,day_ahead_price,value,2026-09-05T05:30:27Z
2026-09-05T05:27:44Z,2026-09-05T07:27:44+0200,6fa8c2dd-45b2-4464-b895-03e207d68865,2026-09-02T19:30:00Z,2026-09-02T21:30:00+0200,210.86,EUR/MWh,DK1,DK_1,day_ahead_price,value,2026-09-05T05:30:27Z
2026-09-05T05:27:44Z,2026-09-05T07:27:44+0200,6fa8c2dd-45b2-4464-b895-03e207d68865,2026-09-02T19:45:00Z,2026-09-02T21:45:00+0200,197.54,EUR/MWh,DK1,DK_1,day_ahead_price,value,2026-09-05T05:30:27Z
2026-09-05T05:27:44Z,2026-09-05T07:27:44+0200,6fa8c2dd-45b2-4464-b895-03e207d68865,2026-09-02T20:00:00Z,2026-09-02T22:00:00+0200,199.32,EUR/MWh,DK1,DK_1,day_ahead_price,value,2026-09-05T05:30:27Z
2026-09-05T05:27:44Z,2026-09-05T07:27:44+0200,6fa8c2dd-45b2-4464-b895-03e207d68865,2026-09-02T20:15:00Z,2026-09-02T22:15:00+0200,193.68,EUR/MWh,DK1,DK_1,day_ahead_price,value,2026-09-05T05:30:27Z
2026-09-05T05:27:44Z,2026-09-05T07:27:44+0200,6fa8c2dd-45b2-4464-b895-03e207d68865,2026-09-02T20:30:00Z,2026-09-02T22:30:00+0200,198.37,EUR/MWh,DK1,DK_1,day_ahead_price,value,2026-09-05T05:30:27Z
2026-09-05T05:27:44Z,2026-09-05T07:27:44+0200,6fa8c2dd-45b2-4464-b895-03e207d68865,2026-09-02T20:45:00Z,2026-09-02T22:45:00+0200,187.01,EUR/MWh,DK1,DK_1,day_ahead_price,value,2026-09-05T05:30:27Z
2026-09-05T05:27:44Z,2026-09-05T07:27:44+0200,6fa8c2dd-45b2-4464-b895-03e207d68865,2026-09-02T21:00:00Z,2026-09-02T23:00:00+0200,177.05,EUR/MWh,DK1,DK_1,day_ahead_price,value,2026-09-05T05:30:27Z
2026-09-05T05:27:44Z,2026-09-05T07:27:44+0200,6fa8c2dd-45b2-4464-b895-03e207d68865,2026-09-02T21:15:00Z,2026-09-02T23:15:00+0200,166.49,EUR/MWh,DK1,DK_1,day_ahead_price,value,2026-09-05T05:30:27Z
2026-09-05T05:27:44Z,2026-09-05T07:27:44+0200,6fa8c2dd-45b2-4464-b895-03e207d68865,2026-09-02T21:30:00Z,2026-09-02T23:30:00+0200,163.15,EUR/MWh,DK1,DK_1,day_ahead_price,value,2026-09-05T05:30:27Z
2026-09-05T05:27:44Z,2026-09-05T07:27:44+0200,6fa8c2dd-45b2-4464-b895-03e207d68865,2026-09-02T21:45:00Z,2026-09-02T23:45:00+0200,152.02,EUR/MWh,DK1,DK_1,day_ahead_price,value,2026-09-05T05:30:27Z
2026-09-05T05:27:44Z,2026-09-05T07:27:44+0200,6fa8c2dd-45b2-4464-b895-03e207d68865,2026-09-02T22:00:00Z,2026-09-03T00:00:00+0200,200.52,EUR/MWh,DK1,DK_1,day_ahead_price,value,2026-09-05T05:30:27Z
2026-09-05T05:27:44Z,2026-09-05T07:27:44+0200,6fa8c2dd-45b2-4464-b895-03e207d68865,2026-09-02T22:15:00Z,2026-09-03T00:15:00+0200,178.16,EUR/MWh,DK1,DK_1,day_ahead_price,value,2026-09-05T05:30:27Z
2026-09-05T05:27:44Z,2026-09-05T07:27:44+0200,6fa8c2dd-45b2-4464-b895-03e207d68865,2026-09-02T22:30:00Z,2026-09-03T00:30:00+0200,168.87,EUR/MWh,DK1,DK_1,day_ahead_price,value,2026-09-05T05:30:27Z
2026-09-05T05:27:44Z,2026-09-05T07:27:44+0200,6fa8c2dd-45b2-4464-b895-03e207d68865,2026-09-02T22:45:00Z,2026-09-03T00:45:00+0200,162.47,EUR/MWh,DK1,DK_1,day_ahead_price,value,2026-09-05T05:30:27Z
2026-09-05T05:27:44Z,2026-09-05T07:27:44+0200,6fa8c2dd-45b2-4464-b895-03e207d68865,2026-09-02T23:00:00Z,2026-09-03T01:00:00+0200,179.96,EUR/MWh,DK1,DK_1,day_ahead_price,value,2026-09-05T05:30:27Z
2026-09-05T05:27:44Z,2026-09-05T07:27:44+0200,6fa8c2dd-45b2-4464-b895-03e207d68865,2026-09-02T23:15:00Z,2026-09-03T01:15:00+0200,167.49,EUR/MWh,DK1,DK_1,day_ahead_price,value,2026-09-05T05:30:27Z
2026-09-05T05:27:44Z,2026-09-05T07:27:44+0200,6fa8c2dd-45b2-4464-b895-03e207d68865,2026-09-02T23:30:00Z,2026-09-03T01:30:00+0200,169.26,EUR/MWh,DK1,DK_1,day_ahead_price,value,2026-09-05T05:30:27Z
2026-09-05T05:27:44Z,2026-09-05T07:27:44+0200,6fa8c2dd-45b2-4464-b895-03e207d68865,2026-09-02T23:45:00Z,2026-09-03T01:45:00+0200,162.71,EUR/MWh,DK1,DK_1,day_ahead_price,value,2026-09-05T05:30:27Z
2026-09-05T05:27:44Z,2026-09-05T07:27:44+0200,6fa8c2dd-45b2-4464-b895-03e207d68865,2026-09-03T00:00:00Z,2026-09-03T02:00:00+0200,171.37,EUR/MWh,DK1,DK_1,day_ahead_price,value,2026-09-05T05:30:27Z
2026-09-05T05:27:44Z,2026-09-05T07:27:44+0200,6fa8c2dd-45b2-4464-b895-03e207d68865,2026-09-03T00:15:00Z,2026-09-03T02:15:00+0200,155.3,EUR/MWh,DK1,DK_1,day_ahead_price,value,2026-09-05T05:30:27Z
2026-09-05T05:27:44Z,2026-09-05T07:27:44+0200,6fa8c2dd-45b2-4464-b895-03e207d68865,2026-09-03T00:30:00Z,2026-09-03T02:30:00+0200,147.93,EUR/MWh,DK1,DK_1,day_ahead_price,value,2026-09-05T05:30:27Z
2026-09-05T05:27:44Z,2026-09-05T07:27:44+0200,6fa8c2dd-45b2-4464-b895-03e207d68865,2026-09-03T00:45:00Z,2026-09-03T02:45:00+0200,145.55,EUR/MWh,DK1,DK_1,day_ahead_price,value,2026-09-05T05:30:27Z
2026-09-05T05:27:44Z,2026-09-05T07:27:44+0200,6fa8c2dd-45b2-4464-b895-03e207d68865,2026-09-03T01:00:00Z,2026-09-03T03:00:00+0200,145.76,EUR/MWh,DK1,DK_1,day_ahead_price,value,2026-09-05T05:30:27Z
2026-09-05T05:27:44Z,2026-09-05T07:27:44+0200,6fa8c2dd-45b2-4464-b895-03e207d68865,2026-09-03T01:15:00Z,2026-09-03T03:15:00+0200,146.97,EUR/MWh,DK1,DK_1,day_ahead_price,value,2026-09-05T05:30:27Z
2026-09-05T05:27:44Z,2026-09-05T07:27:44+0200,6fa8c2dd-45b2-4464-b895-03e207d68865,2026-09-03T01:30:00Z,2026-09-03T03:30:00+0200,145.68,EUR/MWh,DK1,DK_1,day_ahead_price,value,2026-09-05T05:30:27Z
2026-09-05T05:27:44Z,2026-09-05T07:27:44+0200,6fa8c2dd-45b2-4464-b895-03e207d68865,2026-09-03T01:45:00Z,2026-09-03T03:45:00+0200,142.25,EUR/MWh,DK1,DK_1,day_ahead_price,value,2026-09-05T05:30:27Z
2026-09-05T05:27:44Z,2026-09-05T07:27:44+0200,6fa8c2dd-45b2-4464-b895-03e207d68865,2026-09-03T02:00:00Z,2026-09-03T04:00:00+0200,144.99,EUR/MWh,DK1,DK_1,day_ahead_price,value,2026-09-05T05:30:27Z
2026-09-05T05:27:44Z,2026-09-05T07:27:44+0200,6fa8c2dd-45b2-4464-b895-03e207d68865,2026-09-03T02:15:00Z,2026-09-03T04:15:00+0200,143.57,EUR/MWh,DK1,DK_1,day_ahead_price,value,2026-09-05T05:30:27Z
2026-09-05T05:27:44Z,2026-09-05T07:27:44+0200,6fa8c2dd-45b2-4464-b895-03e207d68865,2026-09-03T02:30:00Z,2026-09-03T04:30:00+0200,141.91,EUR/MWh,DK1,DK_1,day_ahead_price,value,2026-09-05T05:30:27Z
2026-09-05T05:27:44Z,2026-09-05T07:27:44+0200,6fa8c2dd-45b2-4464-b895-03e207d68865,2026-09-03T02:45:00Z,2026-09-03T04:45:00+0200,136.53,EUR/MWh,DK1,DK_1,day_ahead_price,value,2026-09-05T05:30:27Z
2026-09-05T05:27:44Z,2026-09-05T07:27:44+0200,6fa8c2dd-45b2-4464-b895-03e207d68865,2026-09-03T03:00:00Z,2026-09-03T05:00:00+0200,143.83,EUR/MWh,DK1,DK_1,day_ahead_price,value,2026-09-05T05:30:27Z
2026-09-05T05:27:44Z,2026-09-05T07:27:44+0200,6fa8c2dd-45b2-4464-b895-03e207d68865,2026-09-03T03:15:00Z,2026-09-03T05:15:00+0200,140.47,EUR/MWh,DK1,DK_1,day_ahead_price,value,2026-09-05T05:30:27Z
2026-09-05T05:27:44Z,2026-09-05T07:27:44+0200,6fa8c2dd-45b2-4464-b895-03e207d68865,2026-09-03T03:30:00Z,2026-09-03T05:30:00+0200,143.9,EUR/MWh,DK1,DK_1,day_ahead_price,value,2026-09-05T05:30:27Z
2026-09-05T05:27:44Z,2026-09-05T07:27:44+0200,6fa8c2dd-45b2-4464-b895-03e207d68865,2026-09-03T03:45:00Z,2026-09-03T05:45:00+0200,153.74,EUR/MWh,DK1,DK_1,day_ahead_price,value,2026-09-05T05:30:27Z
2026-09-05T05:27:44Z,2026-09-05T07:27:44+0200,6fa8c2dd-45b2-4464-b895-03e207d68865,2026-09-03T04:00:00Z,2026-09-03T06:00:00+0200,158.3,EUR/MWh,DK1,DK_1,day_ahead_price,value,2026-09-05T05:30:27Z
2026-09-05T05:27:44Z,2026-09-05T07:27:44+0200,6fa8c2dd-45b2-4464-b895-03e207d68865,2026-09-03T04:15:00Z,2026-09-03T06:15:00+0200,174.47,EUR/MWh,DK1,DK_1,day_ahead_price,value,2026-09-05T05:30:27Z
2026-09-05T05:27:44Z,2026-09-05T07:27:44+0200,6fa8c2dd-45b2-4464-b895-03e207d68865,2026-09-03T04:30:00Z,2026-09-03T06:30:00+0200,179.88,EUR/MWh,DK1,DK_1,day_ahead_price,value,2026-09-05T05:30:27Z
2026-09-05T05:27:44Z,2026-09-05T07:27:44+0200,6fa8c2dd-45b2-4464-b895-03e207d68865,2026-09-03T04:45:00Z,2026-09-03T06:45:00+0200,179.13,EUR/MWh,DK1,DK_1,day_ahead_price,value,2026-09-05T05:30:27Z
2026-09-05T05:27:44Z,2026-09-05T07:27:44+0200,6fa8c2dd-45b2-4464-b895-03e207d68865,2026-09-03T05:00:00Z,2026-09-03T07:00:00+0200,194.72,EUR/MWh,DK1,DK_1,day_ahead_price,value,2026-09-05T05:30:27Z
2026-09-05T05:27:44Z,2026-09-05T07:27:44+0200,6fa8c2dd-45b2-4464-b895-03e207d68865,2026-09-03T05:15:00Z,2026-09-03T07:15:00+0200,193.47,EUR/MWh,DK1,DK_1,day_ahead_price,value,2026-09-05T05:30:27Z
2026-09-05T05:27:44Z,2026-09-05T07:27:44+0200,6fa8c2dd-45b2-4464-b895-03e207d68865,2026-09-03T05:30:00Z,2026-09-03T07:30:00+0200,187.14,EUR/MWh,DK1,DK_1,day_ahead_price,value,2026-09-05T05:30:27Z
2026-09-05T05:27:44Z,2026-09-05T07:27:44+0200,6fa8c2dd-45b2-4464-b895-03e207d68865,2026-09-03T05:45:00Z,2026-09-03T07:45:00+0200,180.71,EUR/MWh,DK1,DK_1,day_ahead_price,value,2026-09-05T05:30:27Z
2026-09-05T05:27:44Z,2026-09-05T07:27:44+0200,6fa8c2dd-45b2-4464-b895-03e207d68865,2026-09-03T06:00:00Z,2026-09-03T08:00:00+0200,206.06,EUR/MWh,DK1,DK_1,day_ahead_price,value,2026-09-05T05:30:27Z
2026-09-05T05:27:44Z,2026-09-05T07:27:44+0200,6fa8c2dd-45b2-4464-b895-03e207d68865,2026-09-03T06:15:00Z,2026-09-03T08:15:00+0200,187.29,EUR/MWh,DK1,DK_1,day_ahead_price,value,2026-09-05T05:30:27Z
2026-09-05T05:27:44Z,2026-09-05T07:27:44+0200,6fa8c2dd-45b2-4464-b895-03e207d68865,2026-09-03T06:30:00Z,2026-09-03T08:30:00+0200,176.99,EUR/MWh,DK1,DK_1,day_ahead_price,value,2026-09-05T05:30:27Z
2026-09-05T05:27:44Z,2026-09-05T07:27:44+0200,6fa8c2dd-45b2-4464-b895-03e207d68865,2026-09-03T06:45:00Z,2026-09-03T08:45:00+0200,150.0,EUR/MWh,DK1,DK_1,day_ahead_price,value,2026-09-05T05:30:27Z
2026-09-05T05:27:44Z,2026-09-05T07:27:44+0200,6fa8c2dd-45b2-4464-b895-03e207d68865,2026-09-03T07:00:00Z,2026-09-03T09:00:00+0200,185.21,EUR/MWh,DK1,DK_1,day_ahead_price,value,2026-09-05T05:30:27Z
2026-09-05T05:27:44Z,2026-09-05T07:27:44+0200,6fa8c2dd-45b2-4464-b895-03e207d68865,2026-09-03T07:15:00Z,2026-09-03T09:15:00+0200,156.62,EUR/MWh,DK1,DK_1,day_ahead_price,value,2026-09-05T05:30:27Z
2026-09-05T05:27:44Z,2026-09-05T07:27:44+0200,6fa8c2dd-45b2-4464-b895-03e207d68865,2026-09-03T07:30:00Z,2026-09-03T09:30:00+0200,135.0,EUR/MWh,DK1,DK_1,day_ahead_price,value,2026-09-05T05:30:27Z
2026-09-05T05:27:44Z,2026-09-05T07:27:44+0200,6fa8c2dd-45b2-4464-b895-03e207d68865,2026-09-03T07:45:00Z,2026-09-03T09:45:00+0200,121.5,EUR/MWh,DK1,DK_1,day_ahead_price,value,2026-09-05T05:30:27Z
2026-09-05T05:27:44Z,2026-09-05T07:27:44+0200,6fa8c2dd-45b2-4464-b895-03e207d68865,2026-09-03T08:00:00Z,2026-09-03T10:00:00+0200,132.45,EUR/MWh,DK1,DK_1,day_ahead_price,value,2026-09-05T05:30:27Z
2026-09-05T05:27:44Z,2026-09-05T07:27:44+0200,6fa8c2dd-45b2-4464-b895-03e207d68865,2026-09-03T08:15:00Z,2026-09-03T10:15:00+0200,120.56,EUR/MWh,DK1,DK_1,day_ahead_price,value,2026-09-05T05:30:27Z
2026-09-05T05:27:44Z,2026-09-05T07:27:44+0200,6fa8c2dd-45b2-4464-b895-03e207d68865,2026-09-03T08:30:00Z,2026-09-03T10:30:00+0200,115.67,EUR/MWh,DK1,DK_1,day_ahead_price,value,2026-09-05T05:30:27Z
2026-09-05T05:27:44Z,2026-09-05T07:27:44+0200,6fa8c2dd-45b2-4464-b895-03e207d68865,2026-09-03T08:45:00Z,2026-09-03T10:45:00+0200,104.06,EUR/MWh,DK1,DK_1,day_ahead_price,value,2026-09-05T05:30:27Z
2026-09-05T05:27:44Z,2026-09-05T07:27:44+0200,6fa8c2dd-45b2-4464-b895-03e207d68865,2026-09-03T09:00:00Z,2026-09-03T11:00:00+0200,110.09,EUR/MWh,DK1,DK_1,day_ahead_price,value,2026-09-05T05:30:27Z
2026-09-05T05:27:44Z,2026-09-05T07:27:44+0200,6fa8c2dd-45b2-4464-b895-03e207d68865,2026-09-03T09:15:00Z,2026-09-03T11:15:00+0200,100.11,EUR/MWh,DK1,DK_1,day_ahead_price,value,2026-09-05T05:30:27Z
2026-09-05T05:27:44Z,2026-09-05T07:27:44+0200,6fa8c2dd-45b2-4464-b895-03e207d68865,2026-09-03T09:30:00Z,2026-09-03T11:30:00+0200,73.92,EUR/MWh,DK1,DK_1,day_ahead_price,value,2026-09-05T05:30:27Z
2026-09-05T05:27:44Z,2026-09-05T07:27:44+0200,6fa8c2dd-45b2-4464-b895-03e207d68865,2026-09-03T09:45:00Z,2026-09-03T11:45:00+0200,62.97,EUR/MWh,DK1,DK_1,day_ahead_price,value,2026-09-05T05:30:27Z
2026-09-05T05:27:44Z,2026-09-05T07:27:44+0200,6fa8c2dd-45b2-4464-b895-03e207d68865,2026-09-03T10:00:00Z,2026-09-03T12:00:00+0200,82.9,EUR/MWh,DK1,DK_1,day_ahead_price,value,2026-09-05T05:30:27Z
2026-09-05T05:27:44Z,2026-09-05T07:27:44+0200,6fa8c2dd-45b2-4464-b895-03e207d68865,2026-09-03T10:15:00Z,2026-09-03T12:15:00+0200,54.39,EUR/MWh,DK1,DK_1,day_ahead_price,value,2026-09-05T05:30:27Z
2026-09-05T05:27:44Z,2026-09-05T07:27:44+0200,6fa8c2dd-45b2-4464-b895-03e207d68865,2026-09-03T10:30:00Z,2026-09-03T12:30:00+0200,41.97,EUR/MWh,DK1,DK_1,day_ahead_price,value,2026-09-05T05:30:27Z
2026-09-05T05:27:44Z,2026-09-05T07:27:44+0200,6fa8c2dd-45b2-4464-b895-03e207d68865,2026-09-03T10:45:00Z,2026-09-03T12:45:00+0200,34.28,EUR/MWh,DK1,DK_1,day_ahead_price,value,2026-09-05T05:30:27Z
2026-09-05T05:27:44Z,2026-09-05T07:27:44+0200,6fa8c2dd-45b2-4464-b895-03e207d68865,2026-09-03T11:00:00Z,2026-09-03T13:00:00+0200,41.91,EUR/MWh,DK1,DK_1,day_ahead_price,value,2026-09-05T05:30:27Z
2026-09-05T05:27:44Z,2026-09-05T07:27:44+0200,6fa8c2dd-45b2-4464-b895-03e207d68865,2026-09-03T11:15:00Z,2026-09-03T13:15:00+0200,36.67,EUR/MWh,DK1,DK_1,day_ahead_price,value,2026-09-05T05:30:27Z
2026-09-05T05:27:44Z,2026-09-05T07:27:44+0200,6fa8c2dd-45b2-4464-b895-03e207d68865,2026-09-03T11:30:00Z,2026-09-03T13:30:00+0200,30.18,EUR/MWh,DK1,DK_1,day_ahead_price,value,2026-09-05T05:30:27Z
2026-09-05T05:27:44Z,2026-09-05T07:27:44+0200,6fa8c2dd-45b2-4464-b895-03e207d68865,2026-09-03T11:45:00Z,2026-09-03T13:45:00+0200,20.09,EUR/MWh,DK1,DK_1,day_ahead_price,value,2026-09-05T05:30:27Z
2026-09-05T05:27:44Z,2026-09-05T07:27:44+0200,6fa8c2dd-45b2-4464-b895-03e207d68865,2026-09-03T12:00:00Z,2026-09-03T14:00:00+0200,34.28,EUR/MWh,DK1,DK_1,day_ahead_price,value,2026-09-05T05:30:27Z
2026-09-05T05:27:44Z,2026-09-05T07:27:44+0200,6fa8c2dd-45b2-4464-b895-03e207d68865,2026-09-03T12:15:00Z,2026-09-03T14:15:00+0200,29.77,EUR/MWh,DK1,DK_1,day_ahead_price,value,2026-09-05T05:30:27Z
2026-09-05T05:27:44Z,2026-09-05T07:27:44+0200,6fa8c2dd-45b2-4464-b895-03e207d68865,2026-09-03T12:30:00Z,2026-09-03T14:30:00+0200,37.7,EUR/MWh,DK1,DK_1,day_ahead_price,value,2026-09-05T05:30:27Z
2026-09-05T05:27:44Z,2026-09-05T07:27:44+0200,6fa8c2dd-45b2-4464-b895-03e207d68865,2026-09-03T12:45:00Z,2026-09-03T14:45:00+0200,43.64,EUR/MWh,DK1,DK_1,day_ahead_price,value,2026-09-05T05:30:27Z
2026-09-05T05:27:44Z,2026-09-05T07:27:44+0200,6fa8c2dd-45b2-4464-b895-03e207d68865,2026-09-03T13:00:00Z,2026-09-03T15:00:00+0200,26.73,EUR/MWh,DK1,DK_1,day_ahead_price,value,2026-09-05T05:30:27Z
2026-09-05T05:27:44Z,2026-09-05T07:27:44+0200,6fa8c2dd-45b2-4464-b895-03e207d68865,2026-09-03T13:15:00Z,2026-09-03T15:15:00+0200,29.83,EUR/MWh,DK1,DK_1,day_ahead_price,value,2026-09-05T05:30:27Z
2026-09-05T05:27:44Z,2026-09-05T07:27:44+0200,6fa8c2dd-45b2-4464-b895-03e207d68865,2026-09-03T13:30:00Z,2026-09-03T15:30:00+0200,39.52,EUR/MWh,DK1,DK_1,day_ahead_price,value,2026-09-05T05:30:27Z
2026-09-05T05:27:44Z,2026-09-05T07:27:44+0200,6fa8c2dd-45b2-4464-b895-03e207d68865,2026-09-03T13:45:00Z,2026-09-03T15:45:00+0200,50.16,EUR/MWh,DK1,DK_1,day_ahead_price,value,2026-09-05T05:30:27Z
2026-09-05T05:27:44Z,2026-09-05T07:27:44+0200,6fa8c2dd-45b2-4464-b895-03e207d68865,2026-09-03T14:00:00Z,2026-09-03T16:00:00+0200,46.17,EUR/MWh,DK1,DK_1,day_ahead_price,value,2026-09-05T05:30:27Z
2026-09-05T05:27:44Z,2026-09-05T07:27:44+0200,6fa8c2dd-45b2-4464-b895-03e207d68865,2026-09-03T14:15:00Z,2026-09-03T16:15:00+0200,53.3,EUR/MWh,DK1,DK_1,day_ahead_price,value,2026-09-05T05:30:27Z
2026-09-05T05:27:44Z,2026-09-05T07:27:44+0200,6fa8c2dd-45b2-4464-b895-03e207d68865,2026-09-03T14:30:00Z,2026-09-03T16:30:00+0200,73.56,EUR/MWh,DK1,DK_1,day_ahead_price,value,2026-09-05T05:30:27Z
2026-09-05T05:27:44Z,2026-09-05T07:27:44+0200,6fa8c2dd-45b2-4464-b895-03e207d68865,2026-09-03T14:45:00Z,2026-09-03T16:45:00+0200,89.14,EUR/MWh,DK1,DK_1,day_ahead_price,value,2026-09-05T05:30:27Z
2026-09-05T05:27:44Z,2026-09-05T07:27:44+0200,6fa8c2dd-45b2-4464-b895-03e207d68865,2026-09-03T15:00:00Z,2026-09-03T17:00:00+0200,75.89,EUR/MWh,DK1,DK_1,day_ahead_price,value,2026-09-05T05:30:27Z
2026-09-05T05:27:44Z,2026-09-05T07:27:44+0200,6fa8c2dd-45b2-4464-b895-03e207d68865,2026-09-03T15:15:00Z,2026-09-03T17:15:00+0200,104.45,EUR/MWh,DK1,DK_1,day_ahead_price,value,2026-09-05T05:30:27Z
2026-09-05T05:27:44Z,2026-09-05T07:27:44+0200,6fa8c2dd-45b2-4464-b895-03e207d68865,2026-09-03T15:30:00Z,2026-09-03T17:30:00+0200,131.81,EUR/MWh,DK1,DK_1,day_ahead_price,value,2026-09-05T05:30:27Z
2026-09-05T05:27:44Z,2026-09-05T07:27:44+0200,6fa8c2dd-45b2-4464-b895-03e207d68865,2026-09-03T15:45:00Z,2026-09-03T17:45:00+0200,143.0,EUR/MWh,DK1,DK_1,day_ahead_price,value,2026-09-05T05:30:27Z
2026-09-05T05:27:44Z,2026-09-05T07:27:44+0200,6fa8c2dd-45b2-4464-b895-03e207d68865,2026-09-03T16:00:00Z,2026-09-03T18:00:00+0200,133.96,EUR/MWh,DK1,DK_1,day_ahead_price,value,2026-09-05T05:30:27Z
2026-09-05T05:27:44Z,2026-09-05T07:27:44+0200,6fa8c2dd-45b2-4464-b895-03e207d68865,2026-09-03T16:15:00Z,2026-09-03T18:15:00+0200,150.16,EUR/MWh,DK1,DK_1,day_ahead_price,value,2026-09-05T05:30:27Z
2026-09-05T05:27:44Z,2026-09-05T07:27:44+0200,6fa8c2dd-45b2-4464-b895-03e207d68865,2026-09-03T16:30:00Z,2026-09-03T18:30:00+0200,158.23,EUR/MWh,DK1,DK_1,day_ahead_price,value,2026-09-05T05:30:27Z
2026-09-05T05:27:44Z,2026-09-05T07:27:44+0200,6fa8c2dd-45b2-4464-b895-03e207d68865,2026-09-03T16:45:00Z,2026-09-03T18:45:00+0200,149.21,EUR/MWh,DK1,DK_1,day_ahead_price,value,2026-09-05T05:30:27Z
2026-09-05T05:27:44Z,2026-09-05T07:27:44+0200,6fa8c2dd-45b2-4464-b895-03e207d68865,2026-09-03T17:00:00Z,2026-09-03T19:00:00+0200,168.59,EUR/MWh,DK1,DK_1,day_ahead_price,value,2026-09-05T05:30:27Z
2026-09-05T05:27:44Z,2026-09-05T07:27:44+0200,6fa8c2dd-45b2-4464-b895-03e207d68865,2026-09-03T17:15:00Z,2026-09-03T19:15:00+0200,165.15,EUR/MWh,DK1,DK_1,day_ahead_price,value,2026-09-05T05:30:27Z
2026-09-05T05:27:44Z,2026-09-05T07:27:44+0200,6fa8c2dd-45b2-4464-b895-03e207d68865,2026-09-03T17:30:00Z,2026-09-03T19:30:00+0200,165.96,EUR/MWh,DK1,DK_1,day_ahead_price,value,2026-09-05T05:30:27Z
2026-09-05T05:27:44Z,2026-09-05T07:27:44+0200,6fa8c2dd-45b2-4464-b895-03e207d68865,2026-09-03T17:45:00Z,2026-09-03T19:45:00+0200,158.91,EUR/MWh,DK1,DK_1,day_ahead_price,value,2026-09-05T05:30:27Z
2026-09-05T05:27:44Z,2026-09-05T07:27:44+0200,6fa8c2dd-45b2-4464-b895-03e207d68865,2026-09-03T18:00:00Z,2026-09-03T20:00:00+0200,167.06,EUR/MWh,DK1,DK_1,day_ahead_price,value,2026-09-05T05:30:27Z
2026-09-05T05:27:44Z,2026-09-05T07:27:44+0200,6fa8c2dd-45b2-4464-b895-03e207d68865,2026-09-03T18:15:00Z,2026-09-03T20:15:00+0200,168.56,EUR/MWh,DK1,DK_1,day_ahead_price,value,2026-09-05T05:30:27Z
2026-09-05T05:27:44Z,2026-09-05T07:27:44+0200,6fa8c2dd-45b2-4464-b895-03e207d68865,2026-09-03T18:30:00Z,2026-09-03T20:30:00+0200,168.94,EUR/MWh,DK1,DK_1,day_ahead_price,value,2026-09-05T05:30:27Z
2026-09-05T05:27:44Z,2026-09-05T07:27:44+0200,6fa8c2dd-45b2-4464-b895-03e207d68865,2026-09-03T18:45:00Z,2026-09-03T20:45:00+0200,167.02,EUR/MWh,DK1,DK_1,day_ahead_price,value,2026-09-05T05:30:27Z
2026-09-05T05:27:44Z,2026-09-05T07:27:44+0200,6fa8c2dd-45b2-4464-b895-03e207d68865,2026-09-03T19:00:00Z,2026-09-03T21:00:00+0200,162.37,EUR/MWh,DK1,DK_1,day_ahead_price,value,2026-09-05T05:30:27Z
2026-09-05T05:27:44Z,2026-09-05T07:27:44+0200,6fa8c2dd-45b2-4464-b895-03e207d68865,2026-09-03T19:15:00Z,2026-09-03T21:15:00+0200,159.5,EUR/MWh,DK1,DK_1,day_ahead_price,value,2026-09-05T05:30:27Z
2026-09-05T05:27:44Z,2026-09-05T07:27:44+0200,6fa8c2dd-45b2-4464-b895-03e207d68865,2026-09-03T19:30:00Z,2026-09-03T21:30:00+0200,157.4,EUR/MWh,DK1,DK_1,day_ahead_price,value,2026-09-05T05:30:27Z
2026-09-05T05:27:44Z,2026-09-05T07:27:44+0200,6fa8c2dd-45b2-4464-b895-03e207d68865,2026-09-03T19:45:00Z,2026-09-03T21:45:00+0200,152.84,EUR/MWh,DK1,DK_1,day_ahead_price,value,2026-09-05T05:30:27Z
2026-09-05T05:27:44Z,2026-09-05T07:27:44+0200,6fa8c2dd-45b2-4464-b895-03e207d68865,2026-09-03T20:00:00Z,2026-09-03T22:00:00+0200,154.29,EUR/MWh,DK1,DK_1,day_ahead_price,value,2026-09-05T05:30:27Z
2026-09-05T05:27:44Z,2026-09-05T07:27:44+0200,6fa8c2dd-45b2-4464-b895-03e207d68865,2026-09-03T20:15:00Z,2026-09-03T22:15:00+0200,152.3,EUR/MWh,DK1,DK_1,day_ahead_price,value,2026-09-05T05:30:27Z
2026-09-05T05:27:44Z,2026-09-05T07:27:44+0200,6fa8c2dd-45b2-4464-b895-03e207d68865,2026-09-03T20:30:00Z,2026-09-03T22:30:00+0200,150.28,EUR/MWh,DK1,DK_1,day_ahead_price,value,2026-09-05T05:30:27Z
2026-09-05T05:27:44Z,2026-09-05T07:27:44+0200,6fa8c2dd-45b2-4464-b895-03e207d68865,2026-09-03T20:45:00Z,2026-09-03T22:45:00+0200,146.79,EUR/MWh,DK1,DK_1,day_ahead_price,value,2026-09-05T05:30:27Z
2026-09-05T05:27:44Z,2026-09-05T07:27:44+0200,6fa8c2dd-45b2-4464-b895-03e207d68865,2026-09-03T21:00:00Z,2026-09-03T23:00:00+0200,139.89,EUR/MWh,DK1,DK_1,day_ahead_price,value,2026-09-05T05:30:27Z
2026-09-05T05:27:44Z,2026-09-05T07:27:44+0200,6fa8c2dd-45b2-4464-b895-03e207d68865,2026-09-03T21:15:00Z,2026-09-03T23:15:00+0200,136.32,EUR/MWh,DK1,DK_1,day_ahead_price,value,2026-09-05T05:30:27Z
2026-09-05T05:27:44Z,2026-09-05T07:27:44+0200,6fa8c2dd-45b2-4464-b895-03e207d68865,2026-09-03T21:30:00Z,2026-09-03T23:30:00+0200,133.99,EUR/MWh,DK1,DK_1,day_ahead_price,value,2026-09-05T05:30:27Z
2026-09-05T05:27:44Z,2026-09-05T07:27:44+0200,6fa8c2dd-45b2-4464-b895-03e207d68865,2026-09-03T21:45:00Z,2026-09-03T23:45:00+0200,132.51,EUR/MWh,DK1,DK_1,day_ahead_price,value,2026-09-05T05:30:27Z
2026-09-05T05:27:44Z,2026-09-05T07:27:44+0200,6fa8c2dd-45b2-4464-b895-03e207d68865,2026-09-03T22:00:00Z,2026-09-04T00:00:00+0200,81.510002,EUR/MWh,DK1,DK_1,day_ahead_price,value,2026-09-05T05:30:27Z
2026-09-05T05:27:44Z,2026-09-05T07:27:44+0200,6fa8c2dd-45b2-4464-b895-03e207d68865,2026-09-03T22:15:00Z,2026-09-04T00:15:00+0200,113.25,EUR/MWh,DK1,DK_1,day_ahead_price,value,2026-09-05T05:30:27Z
2026-09-05T05:27:44Z,2026-09-05T07:27:44+0200,6fa8c2dd-45b2-4464-b895-03e207d68865,2026-09-03T22:30:00Z,2026-09-04T00:30:00+0200,115.760002,EUR/MWh,DK1,DK_1,day_ahead_price,value,2026-09-05T05:30:27Z
2026-09-05T05:27:44Z,2026-09-05T07:27:44+0200,6fa8c2dd-45b2-4464-b895-03e207d68865,2026-09-03T22:45:00Z,2026-09-04T00:45:00+0200,113.800003,EUR/MWh,DK1,DK_1,day_ahead_price,value,2026-09-05T05:30:27Z
2026-09-05T05:27:44Z,2026-09-05T07:27:44+0200,6fa8c2dd-45b2-4464-b895-03e207d68865,2026-09-03T23:00:00Z,2026-09-04T01:00:00+0200,112.74,EUR/MWh,DK1,DK_1,day_ahead_price,value,2026-09-05T05:30:27Z
2026-09-05T05:27:44Z,2026-09-05T07:27:44+0200,6fa8c2dd-45b2-4464-b895-03e207d68865,2026-09-03T23:15:00Z,2026-09-04T01:15:00+0200,113.64,EUR/MWh,DK1,DK_1,day_ahead_price,value,2026-09-05T05:30:27Z
2026-09-05T05:27:44Z,2026-09-05T07:27:44+0200,6fa8c2dd-45b2-4464-b895-03e207d68865,2026-09-03T23:30:00Z,2026-09-04T01:30:00+0200,113.77,EUR/MWh,DK1,DK_1,day_ahead_price,value,2026-09-05T05:30:27Z
2026-09-05T05:27:44Z,2026-09-05T07:27:44+0200,6fa8c2dd-45b2-4464-b895-03e207d68865,2026-09-03T23:45:00Z,2026-09-04T01:45:00+0200,116.07,EUR/MWh,DK1,DK_1,day_ahead_price,value,2026-09-05T05:30:27Z
2026-09-05T05:27:44Z,2026-09-05T07:27:44+0200,6fa8c2dd-45b2-4464-b895-03e207d68865,2026-09-04T00:00:00Z,2026-09-04T02:00:00+0200,112.15,EUR/MWh,DK1,DK_1,day_ahead_price,value,2026-09-05T05:30:27Z
2026-09-05T05:27:44Z,2026-09-05T07:27:44+0200,6fa8c2dd-45b2-4464-b895-03e207d68865,2026-09-04T00:15:00Z,2026-09-04T02:15:00+0200,112.480003,EUR/MWh,DK1,DK_1,day_ahead_price,value,2026-09-05T05:30:27Z
2026-09-05T05:27:44Z,2026-09-05T07:27:44+0200,6fa8c2dd-45b2-4464-b895-03e207d68865,2026-09-04T00:30:00Z,2026-09-04T02:30:00+0200,113.529999,EUR/MWh,DK1,DK_1,day_ahead_price,value,2026-09-05T05:30:27Z
2026-09-05T05:27:44Z,2026-09-05T07:27:44+0200,6fa8c2dd-45b2-4464-b895-03e207d68865,2026-09-04T00:45:00Z,2026-09-04T02:45:00+0200,114.16,EUR/MWh,DK1,DK_1,day_ahead_price,value,2026-09-05T05:30:27Z
2026-09-05T05:27:44Z,2026-09-05T07:27:44+0200,6fa8c2dd-45b2-4464-b895-03e207d68865,2026-09-04T01:00:00Z,2026-09-04T03:00:00+0200,117.309998,EUR/MWh,DK1,DK_1,day_ahead_price,value,2026-09-05T05:30:27Z
2026-09-05T05:27:44Z,2026-09-05T07:27:44+0200,6fa8c2dd-45b2-4464-b895-03e207d68865,2026-09-04T01:15:00Z,2026-09-04T03:15:00+0200,116.97,EUR/MWh,DK1,DK_1,day_ahead_price,value,2026-09-05T05:30:27Z
2026-09-05T05:27:44Z,2026-09-05T07:27:44+0200,6fa8c2dd-45b2-4464-b895-03e207d68865,2026-09-04T01:30:00Z,2026-09-04T03:30:00+0200,114.94,EUR/MWh,DK1,DK_1,day_ahead_price,value,2026-09-05T05:30:27Z
2026-09-05T05:27:44Z,2026-09-05T07:27:44+0200,6fa8c2dd-45b2-4464-b895-03e207d68865,2026-09-04T01:45:00Z,2026-09-04T03:45:00+0200,116.77,EUR/MWh,DK1,DK_1,day_ahead_price,value,2026-09-05T05:30:27Z
2026-09-05T05:27:44Z,2026-09-05T07:27:44+0200,6fa8c2dd-45b2-4464-b895-03e207d68865,2026-09-04T02:00:00Z,2026-09-04T04:00:00+0200,113.74,EUR/MWh,DK1,DK_1,day_ahead_price,value,2026-09-05T05:30:27Z
2026-09-05T05:27:44Z,2026-09-05T07:27:44+0200,6fa8c2dd-45b2-4464-b895-03e207d68865,2026-09-04T02:15:00Z,2026-09-04T04:15:00+0200,113.940002,EUR/MWh,DK1,DK_1,day_ahead_price,value,2026-09-05T05:30:27Z
2026-09-05T05:27:44Z,2026-09-05T07:27:44+0200,6fa8c2dd-45b2-4464-b895-03e207d68865,2026-09-04T02:30:00Z,2026-09-04T04:30:00+0200,113.989998,EUR/MWh,DK1,DK_1,day_ahead_price,value,2026-09-05T05:30:27Z
2026-09-05T05:27:44Z,2026-09-05T07:27:44+0200,6fa8c2dd-45b2-4464-b895-03e207d68865,2026-09-04T02:45:00Z,2026-09-04T04:45:00+0200,113.76,EUR/MWh,DK1,DK_1,day_ahead_price,value,2026-09-05T05:30:27Z
2026-09-05T05:27:44Z,2026-09-05T07:27:44+0200,6fa8c2dd-45b2-4464-b895-03e207d68865,2026-09-04T03:00:00Z,2026-09-04T05:00:00+0200,118.73,EUR/MWh,DK1,DK_1,day_ahead_price,value,2026-09-05T05:30:27Z
2026-09-05T05:27:44Z,2026-09-05T07:27:44+0200,6fa8c2dd-45b2-4464-b895-03e207d68865,2026-09-04T03:15:00Z,2026-09-04T05:15:00+0200,120.93,EUR/MWh,DK1,DK_1,day_ahead_price,value,2026-09-05T05:30:27Z
2026-09-05T05:27:44Z,2026-09-05T07:27:44+0200,6fa8c2dd-45b2-4464-b895-03e207d68865,2026-09-04T03:30:00Z,2026-09-04T05:30:00+0200,119.53,EUR/MWh,DK1,DK_1,day_ahead_price,value,2026-09-05T05:30:27Z
2026-09-05T05:27:44Z,2026-09-05T07:27:44+0200,6fa8c2dd-45b2-4464-b895-03e207d68865,2026-09-04T03:45:00Z,2026-09-04T05:45:00+0200,126.04,EUR/MWh,DK1,DK_1,day_ahead_price,value,2026-09-05T05:30:27Z
2026-09-05T05:27:44Z,2026-09-05T07:27:44+0200,6fa8c2dd-45b2-4464-b895-03e207d68865,2026-09-04T04:00:00Z,2026-09-04T06:00:00+0200,135.37,EUR/MWh,DK1,DK_1,day_ahead_price,value,2026-09-05T05:30:27Z
2026-09-05T05:27:44Z,2026-09-05T07:27:44+0200,6fa8c2dd-45b2-4464-b895-03e207d68865,2026-09-04T04:15:00Z,2026-09-04T06:15:00+0200,148.669998,EUR/MWh,DK1,DK_1,day_ahead_price,value,2026-09-05T05:30:27Z
2026-09-05T05:27:44Z,2026-09-05T07:27:44+0200,6fa8c2dd-45b2-4464-b895-03e207d68865,2026-09-04T04:30:00Z,2026-09-04T06:30:00+0200,150.08,EUR/MWh,DK1,DK_1,day_ahead_price,value,2026-09-05T05:30:27Z
2026-09-05T05:27:44Z,2026-09-05T07:27:44+0200,6fa8c2dd-45b2-4464-b895-03e207d68865,2026-09-04T04:45:00Z,2026-09-04T06:45:00+0200,151.160004,EUR/MWh,DK1,DK_1,day_ahead_price,value,2026-09-05T05:30:27Z
2026-09-05T05:27:44Z,2026-09-05T07:27:44+0200,6fa8c2dd-45b2-4464-b895-03e207d68865,2026-09-04T05:00:00Z,2026-09-04T07:00:00+0200,168.949997,EUR/MWh,DK1,DK_1,day_ahead_price,value,2026-09-05T05:30:27Z
2026-09-05T05:27:44Z,2026-09-05T07:27:44+0200,6fa8c2dd-45b2-4464-b895-03e207d68865,2026-09-04T05:15:00Z,2026-09-04T07:15:00+0200,163.330002,EUR/MWh,DK1,DK_1,day_ahead_price,value,2026-09-05T05:30:27Z
2026-09-05T05:27:44Z,2026-09-05T07:27:44+0200,6fa8c2dd-45b2-4464-b895-03e207d68865,2026-09-04T05:30:00Z,2026-09-04T07:30:00+0200,163.12,EUR/MWh,DK1,DK_1,day_ahead_price,value,2026-09-05T05:30:27Z
2026-09-05T05:27:44Z,2026-09-05T07:27:44+0200,6fa8c2dd-45b2-4464-b895-03e207d68865,2026-09-04T05:45:00Z,2026-09-04T07:45:00+0200,160.43,EUR/MWh,DK1,DK_1,day_ahead_price,value,2026-09-05T05:30:27Z
2026-09-05T05:27:44Z,2026-09-05T07:27:44+0200,6fa8c2dd-45b2-4464-b895-03e207d68865,2026-09-04T06:00:00Z,2026-09-04T08:00:00+0200,163.08,EUR/MWh,DK1,DK_1,day_ahead_price,value,2026-09-05T05:30:27Z
2026-09-05T05:27:44Z,2026-09-05T07:27:44+0200,6fa8c2dd-45b2-4464-b895-03e207d68865,2026-09-04T06:15:00Z,2026-09-04T08:15:00+0200,163.020004,EUR/MWh,DK1,DK_1,day_ahead_price,value,2026-09-05T05:30:27Z
2026-09-05T05:27:44Z,2026-09-05T07:27:44+0200,6fa8c2dd-45b2-4464-b895-03e207d68865,2026-09-04T06:30:00Z,2026-09-04T08:30:00+0200,154.919998,EUR/MWh,DK1,DK_1,day_ahead_price,value,2026-09-05T05:30:27Z
2026-09-05T05:27:44Z,2026-09-05T07:27:44+0200,6fa8c2dd-45b2-4464-b895-03e207d68865,2026-09-04T06:45:00Z,2026-09-04T08:45:00+0200,147.0,EUR/MWh,DK1,DK_1,day_ahead_price,value,2026-09-05T05:30:27Z
2026-09-05T05:27:44Z,2026-09-05T07:27:44+0200,6fa8c2dd-45b2-4464-b895-03e207d68865,2026-09-04T07:00:00Z,2026-09-04T09:00:00+0200,147.860001,EUR/MWh,DK1,DK_1,day_ahead_price,value,2026-09-05T05:30:27Z
2026-09-05T05:27:44Z,2026-09-05T07:27:44+0200,6fa8c2dd-45b2-4464-b895-03e207d68865,2026-09-04T07:15:00Z,2026-09-04T09:15:00+0200,142.97,EUR/MWh,DK1,DK_1,day_ahead_price,value,2026-09-05T05:30:27Z
2026-09-05T05:27:44Z,2026-09-05T07:27:44+0200,6fa8c2dd-45b2-4464-b895-03e207d68865,2026-09-04T07:30:00Z,2026-09-04T09:30:00+0200,139.18,EUR/MWh,DK1,DK_1,day_ahead_price,value,2026-09-05T05:30:27Z
2026-09-05T05:27:44Z,2026-09-05T07:27:44+0200,6fa8c2dd-45b2-4464-b895-03e207d68865,2026-09-04T07:45:00Z,2026-09-04T09:45:00+0200,155.279999,EUR/MWh,DK1,DK_1,day_ahead_price,value,2026-09-05T05:30:27Z
2026-09-05T05:27:44Z,2026-09-05T07:27:44+0200,6fa8c2dd-45b2-4464-b895-03e207d68865,2026-09-04T08:00:00Z,2026-09-04T10:00:00+0200,120.660004,EUR/MWh,DK1,DK_1,day_ahead_price,value,2026-09-05T05:30:27Z
2026-09-05T05:27:44Z,2026-09-05T07:27:44+0200,6fa8c2dd-45b2-4464-b895-03e207d68865,2026-09-04T08:15:00Z,2026-09-04T10:15:00+0200,113.59,EUR/MWh,DK1,DK_1,day_ahead_price,value,2026-09-05T05:30:27Z
2026-09-05T05:27:44Z,2026-09-05T07:27:44+0200,6fa8c2dd-45b2-4464-b895-03e207d68865,2026-09-04T08:30:00Z,2026-09-04T10:30:00+0200,111.18,EUR/MWh,DK1,DK_1,day_ahead_price,value,2026-09-05T05:30:27Z
2026-09-05T05:27:44Z,2026-09-05T07:27:44+0200,6fa8c2dd-45b2-4464-b895-03e207d68865,2026-09-04T08:45:00Z,2026-09-04T10:45:00+0200,115.49,EUR/MWh,DK1,DK_1,day_ahead_price,value,2026-09-05T05:30:27Z
2026-09-05T05:27:44Z,2026-09-05T07:27:44+0200,6fa8c2dd-45b2-4464-b895-03e207d68865,2026-09-04T09:00:00Z,2026-09-04T11:00:00+0200,76.239998,EUR/MWh,DK1,DK_1,day_ahead_price,value,2026-09-05T05:30:27Z
2026-09-05T05:27:44Z,2026-09-05T07:27:44+0200,6fa8c2dd-45b2-4464-b895-03e207d68865,2026-09-04T09:15:00Z,2026-09-04T11:15:00+0200,83.81,EUR/MWh,DK1,DK_1,day_ahead_price,value,2026-09-05T05:30:27Z
2026-09-05T05:27:44Z,2026-09-05T07:27:44+0200,6fa8c2dd-45b2-4464-b895-03e207d68865,2026-09-04T09:30:00Z,2026-09-04T11:30:00+0200,70.91,EUR/MWh,DK1,DK_1,day_ahead_price,value,2026-09-05T05:30:27Z
2026-09-05T05:27:44Z,2026-09-05T07:27:44+0200,6fa8c2dd-45b2-4464-b895-03e207d68865,2026-09-04T09:45:00Z,2026-09-04T11:45:00+0200,63.54,EUR/MWh,DK1,DK_1,day_ahead_price,value,2026-09-05T05:30:27Z
2026-09-05T05:27:44Z,2026-09-05T07:27:44+0200,6fa8c2dd-45b2-4464-b895-03e207d68865,2026-09-04T10:00:00Z,2026-09-04T12:00:00+0200,69.290001,EUR/MWh,DK1,DK_1,day_ahead_price,value,2026-09-05T05:30:27Z
2026-09-05T05:27:44Z,2026-09-05T07:27:44+0200,6fa8c2dd-45b2-4464-b895-03e207d68865,2026-09-04T10:15:00Z,2026-09-04T12:15:00+0200,62.37,EUR/MWh,DK1,DK_1,day_ahead_price,value,2026-09-05T05:30:27Z
2026-09-05T05:27:44Z,2026-09-05T07:27:44+0200,6fa8c2dd-45b2-4464-b895-03e207d68865,2026-09-04T10:30:00Z,2026-09-04T12:30:00+0200,57.39,EUR/MWh,DK1,DK_1,day_ahead_price,value,2026-09-05T05:30:27Z
2026-09-05T05:27:44Z,2026-09-05T07:27:44+0200,6fa8c2dd-45b2-4464-b895-03e207d68865,2026-09-04T10:45:00Z,2026-09-04T12:45:00+0200,55.54,EUR/MWh,DK1,DK_1,day_ahead_price,value,2026-09-05T05:30:27Z
2026-09-05T05:27:44Z,2026-09-05T07:27:44+0200,6fa8c2dd-45b2-4464-b895-03e207d68865,2026-09-04T11:00:00Z,2026-09-04T13:00:00+0200,55.029999,EUR/MWh,DK1,DK_1,day_ahead_price,value,2026-09-05T05:30:27Z
2026-09-05T05:27:44Z,2026-09-05T07:27:44+0200,6fa8c2dd-45b2-4464-b895-03e207d68865,2026-09-04T11:15:00Z,2026-09-04T13:15:00+0200,54.11,EUR/MWh,DK1,DK_1,day_ahead_price,value,2026-09-05T05:30:27Z
2026-09-05T05:27:44Z,2026-09-05T07:27:44+0200,6fa8c2dd-45b2-4464-b895-03e207d68865,2026-09-04T11:30:00Z,2026-09-04T13:30:00+0200,47.5,EUR/MWh,DK1,DK_1,day_ahead_price,value,2026-09-05T05:30:27Z
2026-09-05T05:27:44Z,2026-09-05T07:27:44+0200,6fa8c2dd-45b2-4464-b895-03e207d68865,2026-09-04T11:45:00Z,2026-09-04T13:45:00+0200,41.97,EUR/MWh,DK1,DK_1,day_ahead_price,value,2026-09-05T05:30:27Z
2026-09-05T05:27:44Z,2026-09-05T07:27:44+0200,6fa8c2dd-45b2-4464-b895-03e207d68865,2026-09-04T12:00:00Z,2026-09-04T14:00:00+0200,56.47,EUR/MWh,DK1,DK_1,day_ahead_price,value,2026-09-05T05:30:27Z
2026-09-05T05:27:44Z,2026-09-05T07:27:44+0200,6fa8c2dd-45b2-4464-b895-03e207d68865,2026-09-04T12:15:00Z,2026-09-04T14:15:00+0200,50.4,EUR/MWh,DK1,DK_1,day_ahead_price,value,2026-09-05T05:30:27Z
2026-09-05T05:27:44Z,2026-09-05T07:27:44+0200,6fa8c2dd-45b2-4464-b895-03e207d68865,2026-09-04T12:30:00Z,2026-09-04T14:30:00+0200,50.54,EUR/MWh,DK1,DK_1,day_ahead_price,value,2026-09-05T05:30:27Z
2026-09-05T05:27:44Z,2026-09-05T07:27:44+0200,6fa8c2dd-45b2-4464-b895-03e207d68865,2026-09-04T12:45:00Z,2026-09-04T14:45:00+0200,50.16,EUR/MWh,DK1,DK_1,day_ahead_price,value,2026-09-05T05:30:27Z
2026-09-05T05:27:44Z,2026-09-05T07:27:44+0200,6fa8c2dd-45b2-4464-b895-03e207d68865,2026-09-04T13:00:00Z,2026-09-04T15:00:00+0200,41.95,EUR/MWh,DK1,DK_1,day_ahead_price,value,2026-09-05T05:30:27Z
2026-09-05T05:27:44Z,2026-09-05T07:27:44+0200,6fa8c2dd-45b2-4464-b895-03e207d68865,2026-09-04T13:15:00Z,2026-09-04T15:15:00+0200,42.43,EUR/MWh,DK1,DK_1,day_ahead_price,value,2026-09-05T05:30:27Z
2026-09-05T05:27:44Z,2026-09-05T07:27:44+0200,6fa8c2dd-45b2-4464-b895-03e207d68865,2026-09-04T13:30:00Z,2026-09-04T15:30:00+0200,58.89,EUR/MWh,DK1,DK_1,day_ahead_price,value,2026-09-05T05:30:27Z
2026-09-05T05:27:44Z,2026-09-05T07:27:44+0200,6fa8c2dd-45b2-4464-b895-03e207d68865,2026-09-04T13:45:00Z,2026-09-04T15:45:00+0200,63.64,EUR/MWh,DK1,DK_1,day_ahead_price,value,2026-09-05T05:30:27Z
2026-09-05T05:27:44Z,2026-09-05T07:27:44+0200,6fa8c2dd-45b2-4464-b895-03e207d68865,2026-09-04T14:00:00Z,2026-09-04T16:00:00+0200,65.51,EUR/MWh,DK1,DK_1,day_ahead_price,value,2026-09-05T05:30:27Z
2026-09-05T05:27:44Z,2026-09-05T07:27:44+0200,6fa8c2dd-45b2-4464-b895-03e207d68865,2026-09-04T14:15:00Z,2026-09-04T16:15:00+0200,59.03,EUR/MWh,DK1,DK_1,day_ahead_price,value,2026-09-05T05:30:27Z
2026-09-05T05:27:44Z,2026-09-05T07:27:44+0200,6fa8c2dd-45b2-4464-b895-03e207d68865,2026-09-04T14:30:00Z,2026-09-04T16:30:00+0200,51.560001,EUR/MWh,DK1,DK_1,day_ahead_price,value,2026-09-05T05:30:27Z
2026-09-05T05:27:44Z,2026-09-05T07:27:44+0200,6fa8c2dd-45b2-4464-b895-03e207d68865,2026-09-04T14:45:00Z,2026-09-04T16:45:00+0200,52.349998,EUR/MWh,DK1,DK_1,day_ahead_price,value,2026-09-05T05:30:27Z
2026-09-05T05:27:44Z,2026-09-05T07:27:44+0200,6fa8c2dd-45b2-4464-b895-03e207d68865,2026-09-04T15:00:00Z,2026-09-04T17:00:00+0200,38.98,EUR/MWh,DK1,DK_1,day_ahead_price,value,2026-09-05T05:30:27Z
2026-09-05T05:27:44Z,2026-09-05T07:27:44+0200,6fa8c2dd-45b2-4464-b895-03e207d68865,2026-09-04T15:15:00Z,2026-09-04T17:15:00+0200,56.18,EUR/MWh,DK1,DK_1,day_ahead_price,value,2026-09-05T05:30:27Z
2026-09-05T05:27:44Z,2026-09-05T07:27:44+0200,6fa8c2dd-45b2-4464-b895-03e207d68865,2026-09-04T15:30:00Z,2026-09-04T17:30:00+0200,73.5,EUR/MWh,DK1,DK_1,day_ahead_price,value,2026-09-05T05:30:27Z
2026-09-05T05:27:44Z,2026-09-05T07:27:44+0200,6fa8c2dd-45b2-4464-b895-03e207d68865,2026-09-04T15:45:00Z,2026-09-04T17:45:00+0200,93.139999,EUR/MWh,DK1,DK_1,day_ahead_price,value,2026-09-05T05:30:27Z
2026-09-05T05:27:44Z,2026-09-05T07:27:44+0200,6fa8c2dd-45b2-4464-b895-03e207d68865,2026-09-04T16:00:00Z,2026-09-04T18:00:00+0200,73.2,EUR/MWh,DK1,DK_1,day_ahead_price,value,2026-09-05T05:30:27Z
2026-09-05T05:27:44Z,2026-09-05T07:27:44+0200,6fa8c2dd-45b2-4464-b895-03e207d68865,2026-09-04T16:15:00Z,2026-09-04T18:15:00+0200,104.52,EUR/MWh,DK1,DK_1,day_ahead_price,value,2026-09-05T05:30:27Z
2026-09-05T05:27:44Z,2026-09-05T07:27:44+0200,6fa8c2dd-45b2-4464-b895-03e207d68865,2026-09-04T16:30:00Z,2026-09-04T18:30:00+0200,118.68,EUR/MWh,DK1,DK_1,day_ahead_price,value,2026-09-05T05:30:27Z
2026-09-05T05:27:44Z,2026-09-05T07:27:44+0200,6fa8c2dd-45b2-4464-b895-03e207d68865,2026-09-04T16:45:00Z,2026-09-04T18:45:00+0200,122.43,EUR/MWh,DK1,DK_1,day_ahead_price,value,2026-09-05T05:30:27Z
2026-09-05T05:27:44Z,2026-09-05T07:27:44+0200,6fa8c2dd-45b2-4464-b895-03e207d68865,2026-09-04T17:00:00Z,2026-09-04T19:00:00+0200,122.21,EUR/MWh,DK1,DK_1,day_ahead_price,value,2026-09-05T05:30:27Z
2026-09-05T05:27:44Z,2026-09-05T07:27:44+0200,6fa8c2dd-45b2-4464-b895-03e207d68865,2026-09-04T17:15:00Z,2026-09-04T19:15:00+0200,126.32,EUR/MWh,DK1,DK_1,day_ahead_price,value,2026-09-05T05:30:27Z
2026-09-05T05:27:44Z,2026-09-05T07:27:44+0200,6fa8c2dd-45b2-4464-b895-03e207d68865,2026-09-04T17:30:00Z,2026-09-04T19:30:00+0200,127.370003,EUR/MWh,DK1,DK_1,day_ahead_price,value,2026-09-05T05:30:27Z
2026-09-05T05:27:44Z,2026-09-05T07:27:44+0200,6fa8c2dd-45b2-4464-b895-03e207d68865,2026-09-04T17:45:00Z,2026-09-04T19:45:00+0200,127.15,EUR/MWh,DK1,DK_1,day_ahead_price,value,2026-09-05T05:30:27Z
2026-09-05T05:27:44Z,2026-09-05T07:27:44+0200,6fa8c2dd-45b2-4464-b895-03e207d68865,2026-09-04T18:00:00Z,2026-09-04T20:00:00+0200,127.79,EUR/MWh,DK1,DK_1,day_ahead_price,value,2026-09-05T05:30:27Z
2026-09-05T05:27:44Z,2026-09-05T07:27:44+0200,6fa8c2dd-45b2-4464-b895-03e207d68865,2026-09-04T18:15:00Z,2026-09-04T20:15:00+0200,125.71,EUR/MWh,DK1,DK_1,day_ahead_price,value,2026-09-05T05:30:27Z
2026-09-05T05:27:44Z,2026-09-05T07:27:44+0200,6fa8c2dd-45b2-4464-b895-03e207d68865,2026-09-04T18:30:00Z,2026-09-04T20:30:00+0200,124.39,EUR/MWh,DK1,DK_1,day_ahead_price,value,2026-09-05T05:30:27Z
2026-09-05T05:27:44Z,2026-09-05T07:27:44+0200,6fa8c2dd-45b2-4464-b895-03e207d68865,2026-09-04T18:45:00Z,2026-09-04T20:45:00+0200,125.139999,EUR/MWh,DK1,DK_1,day_ahead_price,value,2026-09-05T05:30:27Z
2026-09-05T05:27:44Z,2026-09-05T07:27:44+0200,6fa8c2dd-45b2-4464-b895-03e207d68865,2026-09-04T19:00:00Z,2026-09-04T21:00:00+0200,124.19,EUR/MWh,DK1,DK_1,day_ahead_price,value,2026-09-05T05:30:27Z
2026-09-05T05:27:44Z,2026-09-05T07:27:44+0200,6fa8c2dd-45b2-4464-b895-03e207d68865,2026-09-04T19:15:00Z,2026-09-04T21:15:00+0200,119.8,EUR/MWh,DK1,DK_1,day_ahead_price,value,2026-09-05T05:30:27Z
2026-09-05T05:27:44Z,2026-09-05T07:27:44+0200,6fa8c2dd-45b2-4464-b895-03e207d68865,2026-09-04T19:30:00Z,2026-09-04T21:30:00+0200,112.76,EUR/MWh,DK1,DK_1,day_ahead_price,value,2026-09-05T05:30:27Z
2026-09-05T05:27:44Z,2026-09-05T07:27:44+0200,6fa8c2dd-45b2-4464-b895-03e207d68865,2026-09-04T19:45:00Z,2026-09-04T21:45:00+0200,110.43,EUR/MWh,DK1,DK_1,day_ahead_price,value,2026-09-05T05:30:27Z
2026-09-05T05:27:44Z,2026-09-05T07:27:44+0200,6fa8c2dd-45b2-4464-b895-03e207d68865,2026-09-04T20:00:00Z,2026-09-04T22:00:00+0200,112.87,EUR/MWh,DK1,DK_1,day_ahead_price,value,2026-09-05T05:30:27Z
2026-09-05T05:27:44Z,2026-09-05T07:27:44+0200,6fa8c2dd-45b2-4464-b895-03e207d68865,2026-09-04T20:15:00Z,2026-09-04T22:15:00+0200,108.949997,EUR/MWh,DK1,DK_1,day_ahead_price,value,2026-09-05T05:30:27Z
2026-09-05T05:27:44Z,2026-09-05T07:27:44+0200,6fa8c2dd-45b2-4464-b895-03e207d68865,2026-09-04T20:30:00Z,2026-09-04T22:30:00+0200,94.19,EUR/MWh,DK1,DK_1,day_ahead_price,value,2026-09-05T05:30:27Z
2026-09-05T05:27:44Z,2026-09-05T07:27:44+0200,6fa8c2dd-45b2-4464-b895-03e207d68865,2026-09-04T20:45:00Z,2026-09-04T22:45:00+0200,82.790001,EUR/MWh,DK1,DK_1,day_ahead_price,value,2026-09-05T05:30:27Z
2026-09-05T05:27:44Z,2026-09-05T07:27:44+0200,6fa8c2dd-45b2-4464-b895-03e207d68865,2026-09-04T21:00:00Z,2026-09-04T23:00:00+0200,84.7,EUR/MWh,DK1,DK_1,day_ahead_price,value,2026-09-05T05:30:27Z
2026-09-05T05:27:44Z,2026-09-05T07:27:44+0200,6fa8c2dd-45b2-4464-b895-03e207d68865,2026-09-04T21:15:00Z,2026-09-04T23:15:00+0200,80.190002,EUR/MWh,DK1,DK_1,day_ahead_price,value,2026-09-05T05:30:27Z
2026-09-05T05:27:44Z,2026-09-05T07:27:44+0200,6fa8c2dd-45b2-4464-b895-03e207d68865,2026-09-04T21:30:00Z,2026-09-04T23:30:00+0200,73.330002,EUR/MWh,DK1,DK_1,day_ahead_price,value,2026-09-05T05:30:27Z
2026-09-05T05:27:44Z,2026-09-05T07:27:44+0200,6fa8c2dd-45b2-4464-b895-03e207d68865,2026-09-04T21:45:00Z,2026-09-04T23:45:00+0200,60.57,EUR/MWh,DK1,DK_1,day_ahead_price,value,2026-09-05T05:30:27Z
2026-09-05T05:27:44Z,2026-09-05T07:27:44+0200,6fa8c2dd-45b2-4464-b895-03e207d68865,2026-09-04T22:00:00Z,2026-09-05T00:00:00+0200,51.91,EUR/MWh,DK1,DK_1,day_ahead_price,value,2026-09-05T05:30:27Z
2026-09-05T05:27:44Z,2026-09-05T07:27:44+0200,6fa8c2dd-45b2-4464-b895-03e207d68865,2026-09-04T22:15:00Z,2026-09-05T00:15:00+0200,52.73,EUR/MWh,DK1,DK_1,day_ahead_price,value,2026-09-05T05:30:27Z
2026-09-05T05:27:44Z,2026-09-05T07:27:44+0200,6fa8c2dd-45b2-4464-b895-03e207d68865,2026-09-04T22:30:00Z,2026-09-05T00:30:00+0200,52.73,EUR/MWh,DK1,DK_1,day_ahead_price,value,2026-09-05T05:30:27Z
2026-09-05T05:27:44Z,2026-09-05T07:27:44+0200,6fa8c2dd-45b2-4464-b895-03e207d68865,2026-09-04T22:45:00Z,2026-09-05T00:45:00+0200,47.5,EUR/MWh,DK1,DK_1,day_ahead_price,value,2026-09-05T05:30:27Z
2026-09-05T05:27:44Z,2026-09-05T07:27:44+0200,6fa8c2dd-45b2-4464-b895-03e207d68865,2026-09-04T23:00:00Z,2026-09-05T01:00:00+0200,48.82,EUR/MWh,DK1,DK_1,day_ahead_price,value,2026-09-05T05:30:27Z
2026-09-05T05:27:44Z,2026-09-05T07:27:44+0200,6fa8c2dd-45b2-4464-b895-03e207d68865,2026-09-04T23:15:00Z,2026-09-05T01:15:00+0200,45.93,EUR/MWh,DK1,DK_1,day_ahead_price,value,2026-09-05T05:30:27Z
2026-09-05T05:27:44Z,2026-09-05T07:27:44+0200,6fa8c2dd-45b2-4464-b895-03e207d68865,2026-09-04T23:30:00Z,2026-09-05T01:30:00+0200,49.13,EUR/MWh,DK1,DK_1,day_ahead_price,value,2026-09-05T05:30:27Z
2026-09-05T05:27:44Z,2026-09-05T07:27:44+0200,6fa8c2dd-45b2-4464-b895-03e207d68865,2026-09-04T23:45:00Z,2026-09-05T01:45:00+0200,50.88,EUR/MWh,DK1,DK_1,day_ahead_price,value,2026-09-05T05:30:27Z
2026-09-05T05:27:44Z,2026-09-05T07:27:44+0200,6fa8c2dd-45b2-4464-b895-03e207d68865,2026-09-05T00:00:00Z,2026-09-05T02:00:00+0200,52.62,EUR/MWh,DK1,DK_1,day_ahead_price,value,2026-09-05T05:30:27Z
2026-09-05T05:27:44Z,2026-09-05T07:27:44+0200,6fa8c2dd-45b2-4464-b895-03e207d68865,2026-09-05T00:15:00Z,2026-09-05T02:15:00+0200,53.58,EUR/MWh,DK1,DK_1,day_ahead_price,value,2026-09-05T05:30:27Z
2026-09-05T05:27:44Z,2026-09-05T07:27:44+0200,6fa8c2dd-45b2-4464-b895-03e207d68865,2026-09-05T00:30:00Z,2026-09-05T02:30:00+0200,54.83,EUR/MWh,DK1,DK_1,day_ahead_price,value,2026-09-05T05:30:27Z
2026-09-05T05:27:44Z,2026-09-05T07:27:44+0200,6fa8c2dd-45b2-4464-b895-03e207d68865,2026-09-05T00:45:00Z,2026-09-05T02:45:00+0200,56.38,EUR/MWh,DK1,DK_1,day_ahead_price,value,2026-09-05T05:30:27Z
2026-09-05T05:27:44Z,2026-09-05T07:27:44+0200,6fa8c2dd-45b2-4464-b895-03e207d68865,2026-09-05T01:00:00Z,2026-09-05T03:00:00+0200,53.08,EUR/MWh,DK1,DK_1,day_ahead_price,value,2026-09-05T05:30:27Z
2026-09-05T05:27:44Z,2026-09-05T07:27:44+0200,6fa8c2dd-45b2-4464-b895-03e207d68865,2026-09-05T01:15:00Z,2026-09-05T03:15:00+0200,53.01,EUR/MWh,DK1,DK_1,day_ahead_price,value,2026-09-05T05:30:27Z
2026-09-05T05:27:44Z,2026-09-05T07:27:44+0200,6fa8c2dd-45b2-4464-b895-03e207d68865,2026-09-05T01:30:00Z,2026-09-05T03:30:00+0200,52.09,EUR/MWh,DK1,DK_1,day_ahead_price,value,2026-09-05T05:30:27Z
2026-09-05T05:27:44Z,2026-09-05T07:27:44+0200,6fa8c2dd-45b2-4464-b895-03e207d68865,2026-09-05T01:45:00Z,2026-09-05T03:45:00+0200,52.44,EUR/MWh,DK1,DK_1,day_ahead_price,value,2026-09-05T05:30:27Z
2026-09-05T05:27:44Z,2026-09-05T07:27:44+0200,6fa8c2dd-45b2-4464-b895-03e207d68865,2026-09-05T02:00:00Z,2026-09-05T04:00:00+0200,48.31,EUR/MWh,DK1,DK_1,day_ahead_price,value,2026-09-05T05:30:27Z
2026-09-05T05:27:44Z,2026-09-05T07:27:44+0200,6fa8c2dd-45b2-4464-b895-03e207d68865,2026-09-05T02:15:00Z,2026-09-05T04:15:00+0200,48.72,EUR/MWh,DK1,DK_1,day_ahead_price,value,2026-09-05T05:30:27Z
2026-09-05T05:27:44Z,2026-09-05T07:27:44+0200,6fa8c2dd-45b2-4464-b895-03e207d68865,2026-09-05T02:30:00Z,2026-09-05T04:30:00+0200,48.51,EUR/MWh,DK1,DK_1,day_ahead_price,value,2026-09-05T05:30:27Z
2026-09-05T05:27:44Z,2026-09-05T07:27:44+0200,6fa8c2dd-45b2-4464-b895-03e207d68865,2026-09-05T02:45:00Z,2026-09-05T04:45:00+0200,47.65,EUR/MWh,DK1,DK_1,day_ahead_price,value,2026-09-05T05:30:27Z
2026-09-05T05:27:44Z,2026-09-05T07:27:44+0200,6fa8c2dd-45b2-4464-b895-03e207d68865,2026-09-05T03:00:00Z,2026-09-05T05:00:00+0200,49.69,EUR/MWh,DK1,DK_1,day_ahead_price,value,2026-09-05T05:30:27Z
2026-09-05T05:27:44Z,2026-09-05T07:27:44+0200,6fa8c2dd-45b2-4464-b895-03e207d68865,2026-09-05T03:15:00Z,2026-09-05T05:15:00+0200,49.34,EUR/MWh,DK1,DK_1,day_ahead_price,value,2026-09-05T05:30:27Z
2026-09-05T05:27:44Z,2026-09-05T07:27:44+0200,6fa8c2dd-45b2-4464-b895-03e207d68865,2026-09-05T03:30:00Z,2026-09-05T05:30:00+0200,51.68,EUR/MWh,DK1,DK_1,day_ahead_price,value,2026-09-05T05:30:27Z
2026-09-05T05:27:44Z,2026-09-05T07:27:44+0200,6fa8c2dd-45b2-4464-b895-03e207d68865,2026-09-05T03:45:00Z,2026-09-05T05:45:00+0200,54.14,EUR/MWh,DK1,DK_1,day_ahead_price,value,2026-09-05T05:30:27Z
2026-09-05T05:27:44Z,2026-09-05T07:27:44+0200,6fa8c2dd-45b2-4464-b895-03e207d68865,2026-09-05T04:00:00Z,2026-09-05T06:00:00+0200,55.25,EUR/MWh,DK1,DK_1,day_ahead_price,value,2026-09-05T05:30:27Z
2026-09-05T05:27:44Z,2026-09-05T07:27:44+0200,6fa8c2dd-45b2-4464-b895-03e207d68865,2026-09-05T04:15:00Z,2026-09-05T06:15:00+0200,50.61,EUR/MWh,DK1,DK_1,day_ahead_price,value,2026-09-05T05:30:27Z
2026-09-05T05:27:44Z,2026-09-05T07:27:44+0200,6fa8c2dd-45b2-4464-b895-03e207d68865,2026-09-05T04:30:00Z,2026-09-05T06:30:00+0200,49.4,EUR/MWh,DK1,DK_1,day_ahead_price,value,2026-09-05T05:30:27Z
2026-09-05T05:27:44Z,2026-09-05T07:27:44+0200,6fa8c2dd-45b2-4464-b895-03e207d68865,2026-09-05T04:45:00Z,2026-09-05T06:45:00+0200,50.4,EUR/MWh,DK1,DK_1,day_ahead_price,value,2026-09-05T05:30:27Z
2026-09-05T05:27:44Z,2026-09-05T07:27:44+0200,6fa8c2dd-45b2-4464-b895-03e207d68865,2026-09-05T05:00:00Z,2026-09-05T07:00:00+0200,59.5,EUR/MWh,DK1,DK_1,day_ahead_price,value,2026-09-05T05:30:27Z
2026-09-05T05:27:44Z,2026-09-05T07:27:44+0200,6fa8c2dd-45b2-4464-b895-03e207d68865,2026-09-05T05:15:00Z,2026-09-05T07:15:00+0200,63.74,EUR/MWh,DK1,DK_1,day_ahead_price,value,2026-09-05T05:30:27Z
2026-09-05T05:27:44Z,2026-09-05T07:27:44+0200,6fa8c2dd-45b2-4464-b895-03e207d68865,2026-09-05T05:30:00Z,2026-09-05T07:30:00+0200,55.85,EUR/MWh,DK1,DK_1,day_ahead_price,value,2026-09-05T05:30:27Z
2026-09-05T05:27:44Z,2026-09-05T07:27:44+0200,6fa8c2dd-45b2-4464-b895-03e207d68865,2026-09-05T05:45:00Z,2026-09-05T07:45:00+0200,52.31,EUR/MWh,DK1,DK_1,day_ahead_price,value,2026-09-05T05:30:42Z
2026-09-05T05:27:44Z,2026-09-05T07:27:44+0200,6fa8c2dd-45b2-4464-b895-03e207d68865,2026-09-05T06:00:00Z,2026-09-05T08:00:00+0200,48.75,EUR/MWh,DK1,DK_1,day_ahead_price,value,2026-09-05T05:30:42Z
2026-09-05T05:27:44Z,2026-09-05T07:27:44+0200,6fa8c2dd-45b2-4464-b895-03e207d68865,2026-09-05T06:15:00Z,2026-09-05T08:15:00+0200,44.2,EUR/MWh,DK1,DK_1,day_ahead_price,value,2026-09-05T05:30:42Z
2026-09-05T05:27:44Z,2026-09-05T07:27:44+0200,6fa8c2dd-45b2-4464-b895-03e207d68865,2026-09-05T06:30:00Z,2026-09-05T08:30:00+0200,28.35,EUR/MWh,DK1,DK_1,day_ahead_price,value,2026-09-05T05:30:42Z
2026-09-05T05:27:44Z,2026-09-05T07:27:44+0200,6fa8c2dd-45b2-4464-b895-03e207d68865,2026-09-05T06:45:00Z,2026-09-05T08:45:00+0200,2.48,EUR/MWh,DK1,DK_1,day_ahead_price,value,2026-09-05T05:30:42Z
2026-09-05T05:27:44Z,2026-09-05T07:27:44+0200,6fa8c2dd-45b2-4464-b895-03e207d68865,2026-09-05T07:00:00Z,2026-09-05T09:00:00+0200,-0.04,EUR/MWh,DK1,DK_1,day_ahead_price,value,2026-09-05T05:30:42Z
2026-09-05T05:27:44Z,2026-09-05T07:27:44+0200,6fa8c2dd-45b2-4464-b895-03e207d68865,2026-09-05T07:15:00Z,2026-09-05T09:15:00+0200,-0.03,EUR/MWh,DK1,DK_1,day_ahead_price,value,2026-09-05T05:30:42Z
2026-09-05T05:27:44Z,2026-09-05T07:27:44+0200,6fa8c2dd-45b2-4464-b895-03e207d68865,2026-09-05T07:30:00Z,2026-09-05T09:30:00+0200,-0.01,EUR/MWh,DK1,DK_1,day_ahead_price,value,2026-09-05T05:30:42Z
2026-09-05T05:27:44Z,2026-09-05T07:27:44+0200,6fa8c2dd-45b2-4464-b895-03e207d68865,2026-09-05T07:45:00Z,2026-09-05T09:45:00+0200,-0.01,EUR/MWh,DK1,DK_1,day_ahead_price,value,2026-09-05T05:30:42Z
2026-09-05T05:27:44Z,2026-09-05T07:27:44+0200,6fa8c2dd-45b2-4464-b895-03e207d68865,2026-09-05T08:00:00Z,2026-09-05T10:00:00+0200,0.07,EUR/MWh,DK1,DK_1,day_ahead_price,value,2026-09-05T05:30:42Z
2026-09-05T05:27:44Z,2026-09-05T07:27:44+0200,6fa8c2dd-45b2-4464-b895-03e207d68865,2026-09-05T08:15:00Z,2026-09-05T10:15:00+0200,0.1,EUR/MWh,DK1,DK_1,day_ahead_price,value,2026-09-05T05:30:42Z
2026-09-05T05:27:44Z,2026-09-05T07:27:44+0200,6fa8c2dd-45b2-4464-b895-03e207d68865,2026-09-05T08:30:00Z,2026-09-05T10:30:00+0200,0.1,EUR/MWh,DK1,DK_1,day_ahead_price,value,2026-09-05T05:30:42Z
2026-09-05T05:27:44Z,2026-09-05T07:27:44+0200,6fa8c2dd-45b2-4464-b895-03e207d68865,2026-09-05T08:45:00Z,2026-09-05T10:45:00+0200,-0.01,EUR/MWh,DK1,DK_1,day_ahead_price,value,2026-09-05T05:30:42Z
2026-09-05T05:27:44Z,2026-09-05T07:27:44+0200,6fa8c2dd-45b2-4464-b895-03e207d68865,2026-09-05T09:00:00Z,2026-09-05T11:00:00+0200,-0.01,EUR/MWh,DK1,DK_1,day_ahead_price,value,2026-09-05T05:30:42Z
2026-09-05T05:27:44Z,2026-09-05T07:27:44+0200,6fa8c2dd-45b2-4464-b895-03e207d68865,2026-09-05T09:15:00Z,2026-09-05T11:15:00+0200,-0.02,EUR/MWh,DK1,DK_1,day_ahead_price,value,2026-09-05T05:30:42Z
2026-09-05T05:27:44Z,2026-09-05T07:27:44+0200,6fa8c2dd-45b2-4464-b895-03e207d68865,2026-09-05T09:30:00Z,2026-09-05T11:30:00+0200,-0.05,EUR/MWh,DK1,DK_1,day_ahead_price,value,2026-09-05T05:30:42Z
2026-09-05T05:27:44Z,2026-09-05T07:27:44+0200,6fa8c2dd-45b2-4464-b895-03e207d68865,2026-09-05T09:45:00Z,2026-09-05T11:45:00+0200,-0.04,EUR/MWh,DK1,DK_1,day_ahead_price,value,2026-09-05T05:30:42Z
2026-09-05T05:27:44Z,2026-09-05T07:27:44+0200,6fa8c2dd-45b2-4464-b895-03e207d68865,2026-09-05T10:00:00Z,2026-09-05T12:00:00+0200,0.0,EUR/MWh,DK1,DK_1,day_ahead_price,value,2026-09-05T05:30:42Z
2026-09-05T05:27:44Z,2026-09-05T07:27:44+0200,6fa8c2dd-45b2-4464-b895-03e207d68865,2026-09-05T10:15:00Z,2026-09-05T12:15:00+0200,0.0,EUR/MWh,DK1,DK_1,day_ahead_price,value,2026-09-05T05:30:42Z
2026-09-05T05:27:44Z,2026-09-05T07:27:44+0200,6fa8c2dd-45b2-4464-b895-03e207d68865,2026-09-05T10:30:00Z,2026-09-05T12:30:00+0200,0.0,EUR/MWh,DK1,DK_1,day_ahead_price,value,2026-09-05T05:30:42Z
2026-09-05T05:27:44Z,2026-09-05T07:27:44+0200,6fa8c2dd-45b2-4464-b895-03e207d68865,2026-09-05T10:45:00Z,2026-09-05T12:45:00+0200,0.0,EUR/MWh,DK1,DK_1,day_ahead_price,value,2026-09-05T05:30:42Z
2026-09-05T05:27:44Z,2026-09-05T07:27:44+0200,6fa8c2dd-45b2-4464-b895-03e207d68865,2026-09-05T11:00:00Z,2026-09-05T13:00:00+0200,-0.01,EUR/MWh,DK1,DK_1,day_ahead_price,value,2026-09-05T05:30:42Z
2026-09-05T05:27:44Z,2026-09-05T07:27:44+0200,6fa8c2dd-45b2-4464-b895-03e207d68865,2026-09-05T11:15:00Z,2026-09-05T13:15:00+0200,-0.02,EUR/MWh,DK1,DK_1,day_ahead_price,value,2026-09-05T05:30:42Z
2026-09-05T05:27:44Z,2026-09-05T07:27:44+0200,6fa8c2dd-45b2-4464-b895-03e207d68865,2026-09-05T11:30:00Z,2026-09-05T13:30:00+0200,-0.04,EUR/MWh,DK1,DK_1,day_ahead_price,value,2026-09-05T05:30:42Z
2026-09-05T05:27:44Z,2026-09-05T07:27:44+0200,6fa8c2dd-45b2-4464-b895-03e207d68865,2026-09-05T11:45:00Z,2026-09-05T13:45:00+0200,-0.07,EUR/MWh,DK1,DK_1,day_ahead_price,value,2026-09-05T05:30:42Z
2026-09-05T05:27:44Z,2026-09-05T07:27:44+0200,6fa8c2dd-45b2-4464-b895-03e207d68865,2026-09-05T12:00:00Z,2026-09-05T14:00:00+0200,-0.03,EUR/MWh,DK1,DK_1,day_ahead_price,value,2026-09-05T05:30:42Z
2026-09-05T05:27:44Z,2026-09-05T07:27:44+0200,6fa8c2dd-45b2-4464-b895-03e207d68865,2026-09-05T12:15:00Z,2026-09-05T14:15:00+0200,-0.05,EUR/MWh,DK1,DK_1,day_ahead_price,value,2026-09-05T05:30:42Z
2026-09-05T05:27:44Z,2026-09-05T07:27:44+0200,6fa8c2dd-45b2-4464-b895-03e207d68865,2026-09-05T12:30:00Z,2026-09-05T14:30:00+0200,-0.03,EUR/MWh,DK1,DK_1,day_ahead_price,value,2026-09-05T05:30:42Z
2026-09-05T05:27:44Z,2026-09-05T07:27:44+0200,6fa8c2dd-45b2-4464-b895-03e207d68865,2026-09-05T12:45:00Z,2026-09-05T14:45:00+0200,-0.02,EUR/MWh,DK1,DK_1,day_ahead_price,value,2026-09-05T05:30:42Z
2026-09-05T05:27:44Z,2026-09-05T07:27:44+0200,6fa8c2dd-45b2-4464-b895-03e207d68865,2026-09-05T13:00:00Z,2026-09-05T15:00:00+0200,-0.04,EUR/MWh,DK1,DK_1,day_ahead_price,value,2026-09-05T05:30:42Z
2026-09-05T05:27:44Z,2026-09-05T07:27:44+0200,6fa8c2dd-45b2-4464-b895-03e207d68865,2026-09-05T13:15:00Z,2026-09-05T15:15:00+0200,-0.04,EUR/MWh,DK1,DK_1,day_ahead_price,value,2026-09-05T05:30:42Z
2026-09-05T05:27:44Z,2026-09-05T07:27:44+0200,6fa8c2dd-45b2-4464-b895-03e207d68865,2026-09-05T13:30:00Z,2026-09-05T15:30:00+0200,-0.02,EUR/MWh,DK1,DK_1,day_ahead_price,value,2026-09-05T05:30:42Z
2026-09-05T05:27:44Z,2026-09-05T07:27:44+0200,6fa8c2dd-45b2-4464-b895-03e207d68865,2026-09-05T13:45:00Z,2026-09-05T15:45:00+0200,-0.01,EUR/MWh,DK1,DK_1,day_ahead_price,value,2026-09-05T05:30:42Z
2026-09-05T05:27:44Z,2026-09-05T07:27:44+0200,6fa8c2dd-45b2-4464-b895-03e207d68865,2026-09-05T14:00:00Z,2026-09-05T16:00:00+0200,-0.01,EUR/MWh,DK1,DK_1,day_ahead_price,value,2026-09-05T05:30:42Z
2026-09-05T05:27:44Z,2026-09-05T07:27:44+0200,6fa8c2dd-45b2-4464-b895-03e207d68865,2026-09-05T14:15:00Z,2026-09-05T16:15:00+0200,0.0,EUR/MWh,DK1,DK_1,day_ahead_price,value,2026-09-05T05:30:42Z
2026-09-05T05:27:44Z,2026-09-05T07:27:44+0200,6fa8c2dd-45b2-4464-b895-03e207d68865,2026-09-05T14:30:00Z,2026-09-05T16:30:00+0200,1.4,EUR/MWh,DK1,DK_1,day_ahead_price,value,2026-09-05T05:30:42Z
2026-09-05T05:27:44Z,2026-09-05T07:27:44+0200,6fa8c2dd-45b2-4464-b895-03e207d68865,2026-09-05T14:45:00Z,2026-09-05T16:45:00+0200,1.33,EUR/MWh,DK1,DK_1,day_ahead_price,value,2026-09-05T05:30:42Z
2026-09-05T05:27:44Z,2026-09-05T07:27:44+0200,6fa8c2dd-45b2-4464-b895-03e207d68865,2026-09-05T15:00:00Z,2026-09-05T17:00:00+0200,-0.03,EUR/MWh,DK1,DK_1,day_ahead_price,value,2026-09-05T05:30:42Z
2026-09-05T05:27:44Z,2026-09-05T07:27:44+0200,6fa8c2dd-45b2-4464-b895-03e207d68865,2026-09-05T15:15:00Z,2026-09-05T17:15:00+0200,-0.01,EUR/MWh,DK1,DK_1,day_ahead_price,value,2026-09-05T05:30:42Z
2026-09-05T05:27:44Z,2026-09-05T07:27:44+0200,6fa8c2dd-45b2-4464-b895-03e207d68865,2026-09-05T15:30:00Z,2026-09-05T17:30:00+0200,-0.01,EUR/MWh,DK1,DK_1,day_ahead_price,value,2026-09-05T05:30:42Z
2026-09-05T05:27:44Z,2026-09-05T07:27:44+0200,6fa8c2dd-45b2-4464-b895-03e207d68865,2026-09-05T15:45:00Z,2026-09-05T17:45:00+0200,0.0,EUR/MWh,DK1,DK_1,day_ahead_price,value,2026-09-05T05:30:42Z
2026-09-05T05:27:44Z,2026-09-05T07:27:44+0200,6fa8c2dd-45b2-4464-b895-03e207d68865,2026-09-05T16:00:00Z,2026-09-05T18:00:00+0200,-0.21,EUR/MWh,DK1,DK_1,day_ahead_price,value,2026-09-05T05:30:42Z
2026-09-05T05:27:44Z,2026-09-05T07:27:44+0200,6fa8c2dd-45b2-4464-b895-03e207d68865,2026-09-05T16:15:00Z,2026-09-05T18:15:00+0200,-0.01,EUR/MWh,DK1,DK_1,day_ahead_price,value,2026-09-05T05:30:42Z
2026-09-05T05:27:44Z,2026-09-05T07:27:44+0200,6fa8c2dd-45b2-4464-b895-03e207d68865,2026-09-05T16:30:00Z,2026-09-05T18:30:00+0200,8.47,EUR/MWh,DK1,DK_1,day_ahead_price,value,2026-09-05T05:30:42Z
2026-09-05T05:27:44Z,2026-09-05T07:27:44+0200,6fa8c2dd-45b2-4464-b895-03e207d68865,2026-09-05T16:45:00Z,2026-09-05T18:45:00+0200,43.74,EUR/MWh,DK1,DK_1,day_ahead_price,value,2026-09-05T05:30:42Z
2026-09-05T05:27:44Z,2026-09-05T07:27:44+0200,6fa8c2dd-45b2-4464-b895-03e207d68865,2026-09-05T17:00:00Z,2026-09-05T19:00:00+0200,57.89,EUR/MWh,DK1,DK_1,day_ahead_price,value,2026-09-05T05:30:42Z
2026-09-05T05:27:44Z,2026-09-05T07:27:44+0200,6fa8c2dd-45b2-4464-b895-03e207d68865,2026-09-05T17:15:00Z,2026-09-05T19:15:00+0200,74.6,EUR/MWh,DK1,DK_1,day_ahead_price,value,2026-09-05T05:30:42Z
2026-09-05T05:27:44Z,2026-09-05T07:27:44+0200,6fa8c2dd-45b2-4464-b895-03e207d68865,2026-09-05T17:30:00Z,2026-09-05T19:30:00+0200,72.53,EUR/MWh,DK1,DK_1,day_ahead_price,value,2026-09-05T05:30:42Z
2026-09-05T05:27:44Z,2026-09-05T07:27:44+0200,6fa8c2dd-45b2-4464-b895-03e207d68865,2026-09-05T17:45:00Z,2026-09-05T19:45:00+0200,74.5,EUR/MWh,DK1,DK_1,day_ahead_price,value,2026-09-05T05:30:42Z
2026-09-05T05:27:44Z,2026-09-05T07:27:44+0200,6fa8c2dd-45b2-4464-b895-03e207d68865,2026-09-05T18:00:00Z,2026-09-05T20:00:00+0200,87.03,EUR/MWh,DK1,DK_1,day_ahead_price,value,2026-09-05T05:30:42Z
2026-09-05T05:27:44Z,2026-09-05T07:27:44+0200,6fa8c2dd-45b2-4464-b895-03e207d68865,2026-09-05T18:15:00Z,2026-09-05T20:15:00+0200,86.74,EUR/MWh,DK1,DK_1,day_ahead_price,value,2026-09-05T05:30:42Z
2026-09-05T05:27:44Z,2026-09-05T07:27:44+0200,6fa8c2dd-45b2-4464-b895-03e207d68865,2026-09-05T18:30:00Z,2026-09-05T20:30:00+0200,87.3,EUR/MWh,DK1,DK_1,day_ahead_price,value,2026-09-05T05:30:42Z
2026-09-05T05:27:44Z,2026-09-05T07:27:44+0200,6fa8c2dd-45b2-4464-b895-03e207d68865,2026-09-05T18:45:00Z,2026-09-05T20:45:00+0200,85.28,EUR/MWh,DK1,DK_1,day_ahead_price,value,2026-09-05T05:30:42Z
2026-09-05T05:27:44Z,2026-09-05T07:27:44+0200,6fa8c2dd-45b2-4464-b895-03e207d68865,2026-09-05T19:00:00Z,2026-09-05T21:00:00+0200,79.23,EUR/MWh,DK1,DK_1,day_ahead_price,value,2026-09-05T05:30:42Z
2026-09-05T05:27:44Z,2026-09-05T07:27:44+0200,6fa8c2dd-45b2-4464-b895-03e207d68865,2026-09-05T19:15:00Z,2026-09-05T21:15:00+0200,78.61,EUR/MWh,DK1,DK_1,day_ahead_price,value,2026-09-05T05:30:42Z
2026-09-05T05:27:44Z,2026-09-05T07:27:44+0200,6fa8c2dd-45b2-4464-b895-03e207d68865,2026-09-05T19:30:00Z,2026-09-05T21:30:00+0200,75.07,EUR/MWh,DK1,DK_1,day_ahead_price,value,2026-09-05T05:30:42Z
2026-09-05T05:27:44Z,2026-09-05T07:27:44+0200,6fa8c2dd-45b2-4464-b895-03e207d68865,2026-09-05T19:45:00Z,2026-09-05T21:45:00+0200,76.29,EUR/MWh,DK1,DK_1,day_ahead_price,value,2026-09-05T05:30:42Z
2026-09-05T05:27:44Z,2026-09-05T07:27:44+0200,6fa8c2dd-45b2-4464-b895-03e207d68865,2026-09-05T20:00:00Z,2026-09-05T22:00:00+0200,81.78,EUR/MWh,DK1,DK_1,day_ahead_price,value,2026-09-05T05:30:42Z
2026-09-05T05:27:44Z,2026-09-05T07:27:44+0200,6fa8c2dd-45b2-4464-b895-03e207d68865,2026-09-05T20:15:00Z,2026-09-05T22:15:00+0200,79.4,EUR/MWh,DK1,DK_1,day_ahead_price,value,2026-09-05T05:30:42Z
2026-09-05T05:27:44Z,2026-09-05T07:27:44+0200,6fa8c2dd-45b2-4464-b895-03e207d68865,2026-09-05T20:30:00Z,2026-09-05T22:30:00+0200,76.43,EUR/MWh,DK1,DK_1,day_ahead_price,value,2026-09-05T05:30:42Z
2026-09-05T05:27:44Z,2026-09-05T07:27:44+0200,6fa8c2dd-45b2-4464-b895-03e207d68865,2026-09-05T20:45:00Z,2026-09-05T22:45:00+0200,74.4,EUR/MWh,DK1,DK_1,day_ahead_price,value,2026-09-05T05:30:42Z
2026-09-05T05:27:44Z,2026-09-05T07:27:44+0200,6fa8c2dd-45b2-4464-b895-03e207d68865,2026-09-05T21:00:00Z,2026-09-05T23:00:00+0200,71.15,EUR/MWh,DK1,DK_1,day_ahead_price,value,2026-09-05T05:30:42Z
2026-09-05T05:27:44Z,2026-09-05T07:27:44+0200,6fa8c2dd-45b2-4464-b895-03e207d68865,2026-09-05T21:15:00Z,2026-09-05T23:15:00+0200,73.1,EUR/MWh,DK1,DK_1,day_ahead_price,value,2026-09-05T05:30:42Z
2026-09-05T05:27:44Z,2026-09-05T07:27:44+0200,6fa8c2dd-45b2-4464-b895-03e207d68865,2026-09-05T21:30:00Z,2026-09-05T23:30:00+0200,76.28,EUR/MWh,DK1,DK_1,day_ahead_price,value,2026-09-05T05:30:42Z
2026-09-05T05:27:44Z,2026-09-05T07:27:44+0200,6fa8c2dd-45b2-4464-b895-03e207d68865,2026-09-05T21:45:00Z,2026-09-05T23:45:00+0200,77.39,EUR/MWh,DK1,DK_1,day_ahead_price,value,2026-09-05T05:30:42Z
