collection_time_utc,collection_time_local,run_id,timestamp_utc,timestamp_local,value,unit,country,entsoe_area,variable,source,updated_at_utc
2026-08-02T23:49:28Z,2026-08-03T01:49:28+0200,65d3fff1-7125-472d-bbc3-1b240f9c8d5b,2026-07-03T00:00:00Z,2026-07-03T02:00:00+0200,782.366,MW,NL,NL,actual_onshore_wind_generation,Wind Onshore | Actual Aggregated,2026-08-02T23:51:38Z
2026-08-02T23:49:28Z,2026-08-03T01:49:28+0200,65d3fff1-7125-472d-bbc3-1b240f9c8d5b,2026-07-03T00:00:00Z,2026-07-03T02:00:00+0200,1.977,MW,NL,NL,actual_onshore_wind_generation,Wind Onshore | Actual Consumption,2026-08-02T23:51:38Z
2026-08-02T23:49:28Z,2026-08-03T01:49:28+0200,65d3fff1-7125-472d-bbc3-1b240f9c8d5b,2026-07-03T00:15:00Z,2026-07-03T02:15:00+0200,776.983,MW,NL,NL,actual_onshore_wind_generation,Wind Onshore | Actual Aggregated,2026-08-02T23:51:38Z
2026-08-02T23:49:28Z,2026-08-03T01:49:28+0200,65d3fff1-7125-472d-bbc3-1b240f9c8d5b,2026-07-03T00:15:00Z,2026-07-03T02:15:00+0200,1.84,MW,NL,NL,actual_onshore_wind_generation,Wind Onshore | Actual Consumption,2026-08-02T23:51:38Z
2026-08-02T23:49:28Z,2026-08-03T01:49:28+0200,65d3fff1-7125-472d-bbc3-1b240f9c8d5b,2026-07-03T00:30:00Z,2026-07-03T02:30:00+0200,784.392,MW,NL,NL,actual_onshore_wind_generation,Wind Onshore | Actual Aggregated,2026-08-02T23:51:38Z
2026-08-02T23:49:28Z,2026-08-03T01:49:28+0200,65d3fff1-7125-472d-bbc3-1b240f9c8d5b,2026-07-03T00:30:00Z,2026-07-03T02:30:00+0200,1.843,MW,NL,NL,actual_onshore_wind_generation,Wind Onshore | Actual Consumption,2026-08-02T23:51:38Z
2026-08-02T23:49:28Z,2026-08-03T01:49:28+0200,65d3fff1-7125-472d-bbc3-1b240f9c8d5b,2026-07-03T00:45:00Z,2026-07-03T02:45:00+0200,791.435,MW,NL,NL,actual_onshore_wind_generation,Wind Onshore | Actual Aggregated,2026-08-02T23:51:38Z
2026-08-02T23:49:28Z,2026-08-03T01:49:28+0200,65d3fff1-7125-472d-bbc3-1b240f9c8d5b,2026-07-03T00:45:00Z,2026-07-03T02:45:00+0200,1.786,MW,NL,NL,actual_onshore_wind_generation,Wind Onshore | Actual Consumption,2026-08-02T23:51:38Z
2026-08-02T23:49:28Z,2026-08-03T01:49:28+0200,65d3fff1-7125-472d-bbc3-1b240f9c8d5b,2026-07-03T01:00:00Z,2026-07-03T03:00:00+0200,775.697,MW,NL,NL,actual_onshore_wind_generation,Wind Onshore | Actual Aggregated,2026-08-02T23:51:38Z
2026-08-02T23:49:28Z,2026-08-03T01:49:28+0200,65d3fff1-7125-472d-bbc3-1b240f9c8d5b,2026-07-03T01:00:00Z,2026-07-03T03:00:00+0200,1.706,MW,NL,NL,actual_onshore_wind_generation,Wind Onshore | Actual Consumption,2026-08-02T23:51:38Z
2026-08-02T23:49:28Z,2026-08-03T01:49:28+0200,65d3fff1-7125-472d-bbc3-1b240f9c8d5b,2026-07-03T01:15:00Z,2026-07-03T03:15:00+0200,757.358,MW,NL,NL,actual_onshore_wind_generation,Wind Onshore | Actual Aggregated,2026-08-02T23:51:38Z
2026-08-02T23:49:28Z,2026-08-03T01:49:28+0200,65d3fff1-7125-472d-bbc3-1b240f9c8d5b,2026-07-03T01:15:00Z,2026-07-03T03:15:00+0200,1.719,MW,NL,NL,actual_onshore_wind_generation,Wind Onshore | Actual Consumption,2026-08-02T23:51:38Z
2026-08-02T23:49:28Z,2026-08-03T01:49:28+0200,65d3fff1-7125-472d-bbc3-1b240f9c8d5b,2026-07-03T01:30:00Z,2026-07-03T03:30:00+0200,759.844,MW,NL,NL,actual_onshore_wind_generation,Wind Onshore | Actual Aggregated,2026-08-02T23:51:38Z
2026-08-02T23:49:28Z,2026-08-03T01:49:28+0200,65d3fff1-7125-472d-bbc3-1b240f9c8d5b,2026-07-03T01:30:00Z,2026-07-03T03:30:00+0200,1.734,MW,NL,NL,actual_onshore_wind_generation,Wind Onshore | Actual Consumption,2026-08-02T23:51:38Z
2026-08-02T23:49:28Z,2026-08-03T01:49:28+0200,65d3fff1-7125-472d-bbc3-1b240f9c8d5b,2026-07-03T01:45:00Z,2026-07-03T03:45:00+0200,831.21,MW,NL,NL,actual_onshore_wind_generation,Wind Onshore | Actual Aggregated,2026-08-02T23:51:38Z
2026-08-02T23:49:28Z,2026-08-03T01:49:28+0200,65d3fff1-7125-472d-bbc3-1b240f9c8d5b,2026-07-03T01:45:00Z,2026-07-03T03:45:00+0200,1.544,MW,NL,NL,actual_onshore_wind_generation,Wind Onshore | Actual Consumption,2026-08-02T23:51:38Z
2026-08-02T23:49:28Z,2026-08-03T01:49:28+0200,65d3fff1-7125-472d-bbc3-1b240f9c8d5b,2026-07-03T02:00:00Z,2026-07-03T04:00:00+0200,899.303,MW,NL,NL,actual_onshore_wind_generation,Wind Onshore | Actual Aggregated,2026-08-02T23:51:38Z
2026-08-02T23:49:28Z,2026-08-03T01:49:28+0200,65d3fff1-7125-472d-bbc3-1b240f9c8d5b,2026-07-03T02:00:00Z,2026-07-03T04:00:00+0200,1.457,MW,NL,NL,actual_onshore_wind_generation,Wind Onshore | Actual Consumption,2026-08-02T23:51:38Z
2026-08-02T23:49:28Z,2026-08-03T01:49:28+0200,65d3fff1-7125-472d-bbc3-1b240f9c8d5b,2026-07-03T02:15:00Z,2026-07-03T04:15:00+0200,1005.589,MW,NL,NL,actual_onshore_wind_generation,Wind Onshore | Actual Aggregated,2026-08-02T23:51:38Z
2026-08-02T23:49:28Z,2026-08-03T01:49:28+0200,65d3fff1-7125-472d-bbc3-1b240f9c8d5b,2026-07-03T02:15:00Z,2026-07-03T04:15:00+0200,1.507,MW,NL,NL,actual_onshore_wind_generation,Wind Onshore | Actual Consumption,2026-08-02T23:51:38Z
2026-08-02T23:49:28Z,2026-08-03T01:49:28+0200,65d3fff1-7125-472d-bbc3-1b240f9c8d5b,2026-07-03T02:30:00Z,2026-07-03T04:30:00+0200,1057.747,MW,NL,NL,actual_onshore_wind_generation,Wind Onshore | Actual Aggregated,2026-08-02T23:51:38Z
2026-08-02T23:49:28Z,2026-08-03T01:49:28+0200,65d3fff1-7125-472d-bbc3-1b240f9c8d5b,2026-07-03T02:30:00Z,2026-07-03T04:30:00+0200,1.36,MW,NL,NL,actual_onshore_wind_generation,Wind Onshore | Actual Consumption,2026-08-02T23:51:38Z
2026-08-02T23:49:28Z,2026-08-03T01:49:28+0200,65d3fff1-7125-472d-bbc3-1b240f9c8d5b,2026-07-03T02:45:00Z,2026-07-03T04:45:00+0200,1095.224,MW,NL,NL,actual_onshore_wind_generation,Wind Onshore | Actual Aggregated,2026-08-02T23:51:38Z
2026-08-02T23:49:28Z,2026-08-03T01:49:28+0200,65d3fff1-7125-472d-bbc3-1b240f9c8d5b,2026-07-03T02:45:00Z,2026-07-03T04:45:00+0200,1.416,MW,NL,NL,actual_onshore_wind_generation,Wind Onshore | Actual Consumption,2026-08-02T23:51:38Z
2026-08-02T23:49:28Z,2026-08-03T01:49:28+0200,65d3fff1-7125-472d-bbc3-1b240f9c8d5b,2026-07-03T03:00:00Z,2026-07-03T05:00:00+0200,1063.2,MW,NL,NL,actual_onshore_wind_generation,Wind Onshore | Actual Aggregated,2026-08-02T23:51:38Z
2026-08-02T23:49:28Z,2026-08-03T01:49:28+0200,65d3fff1-7125-472d-bbc3-1b240f9c8d5b,2026-07-03T03:00:00Z,2026-07-03T05:00:00+0200,1.284,MW,NL,NL,actual_onshore_wind_generation,Wind Onshore | Actual Consumption,2026-08-02T23:51:38Z
2026-08-02T23:49:28Z,2026-08-03T01:49:28+0200,65d3fff1-7125-472d-bbc3-1b240f9c8d5b,2026-07-03T03:15:00Z,2026-07-03T05:15:00+0200,1069.394,MW,NL,NL,actual_onshore_wind_generation,Wind Onshore | Actual Aggregated,2026-08-02T23:51:38Z
2026-08-02T23:49:28Z,2026-08-03T01:49:28+0200,65d3fff1-7125-472d-bbc3-1b240f9c8d5b,2026-07-03T03:15:00Z,2026-07-03T05:15:00+0200,1.029,MW,NL,NL,actual_onshore_wind_generation,Wind Onshore | Actual Consumption,2026-08-02T23:51:38Z
2026-08-02T23:49:28Z,2026-08-03T01:49:28+0200,65d3fff1-7125-472d-bbc3-1b240f9c8d5b,2026-07-03T03:30:00Z,2026-07-03T05:30:00+0200,1025.094,MW,NL,NL,actual_onshore_wind_generation,Wind Onshore | Actual Aggregated,2026-08-02T23:51:38Z
2026-08-02T23:49:28Z,2026-08-03T01:49:28+0200,65d3fff1-7125-472d-bbc3-1b240f9c8d5b,2026-07-03T03:30:00Z,2026-07-03T05:30:00+0200,0.607,MW,NL,NL,actual_onshore_wind_generation,Wind Onshore | Actual Consumption,2026-08-02T23:51:38Z
2026-08-02T23:49:28Z,2026-08-03T01:49:28+0200,65d3fff1-7125-472d-bbc3-1b240f9c8d5b,2026-07-03T03:45:00Z,2026-07-03T05:45:00+0200,933.652,MW,NL,NL,actual_onshore_wind_generation,Wind Onshore | Actual Aggregated,2026-08-02T23:51:38Z
2026-08-02T23:49:28Z,2026-08-03T01:49:28+0200,65d3fff1-7125-472d-bbc3-1b240f9c8d5b,2026-07-03T03:45:00Z,2026-07-03T05:45:00+0200,0.258,MW,NL,NL,actual_onshore_wind_generation,Wind Onshore | Actual Consumption,2026-08-02T23:51:38Z
2026-08-02T23:49:28Z,2026-08-03T01:49:28+0200,65d3fff1-7125-472d-bbc3-1b240f9c8d5b,2026-07-03T04:00:00Z,2026-07-03T06:00:00+0200,922.39,MW,NL,NL,actual_onshore_wind_generation,Wind Onshore | Actual Aggregated,2026-08-02T23:51:38Z
2026-08-02T23:49:28Z,2026-08-03T01:49:28+0200,65d3fff1-7125-472d-bbc3-1b240f9c8d5b,2026-07-03T04:00:00Z,2026-07-03T06:00:00+0200,0.216,MW,NL,NL,actual_onshore_wind_generation,Wind Onshore | Actual Consumption,2026-08-02T23:51:38Z
2026-08-02T23:49:28Z,2026-08-03T01:49:28+0200,65d3fff1-7125-472d-bbc3-1b240f9c8d5b,2026-07-03T04:15:00Z,2026-07-03T06:15:00+0200,867.549,MW,NL,NL,actual_onshore_wind_generation,Wind Onshore | Actual Aggregated,2026-08-02T23:51:38Z
2026-08-02T23:49:28Z,2026-08-03T01:49:28+0200,65d3fff1-7125-472d-bbc3-1b240f9c8d5b,2026-07-03T04:15:00Z,2026-07-03T06:15:00+0200,0.198,MW,NL,NL,actual_onshore_wind_generation,Wind Onshore | Actual Consumption,2026-08-02T23:51:38Z
2026-08-02T23:49:28Z,2026-08-03T01:49:28+0200,65d3fff1-7125-472d-bbc3-1b240f9c8d5b,2026-07-03T04:30:00Z,2026-07-03T06:30:00+0200,820.311,MW,NL,NL,actual_onshore_wind_generation,Wind Onshore | Actual Aggregated,2026-08-02T23:51:38Z
2026-08-02T23:49:28Z,2026-08-03T01:49:28+0200,65d3fff1-7125-472d-bbc3-1b240f9c8d5b,2026-07-03T04:30:00Z,2026-07-03T06:30:00+0200,0.155,MW,NL,NL,actual_onshore_wind_generation,Wind Onshore | Actual Consumption,2026-08-02T23:51:38Z
2026-08-02T23:49:28Z,2026-08-03T01:49:28+0200,65d3fff1-7125-472d-bbc3-1b240f9c8d5b,2026-07-03T04:45:00Z,2026-07-03T06:45:00+0200,781.146,MW,NL,NL,actual_onshore_wind_generation,Wind Onshore | Actual Aggregated,2026-08-02T23:51:38Z
2026-08-02T23:49:28Z,2026-08-03T01:49:28+0200,65d3fff1-7125-472d-bbc3-1b240f9c8d5b,2026-07-03T04:45:00Z,2026-07-03T06:45:00+0200,0.17,MW,NL,NL,actual_onshore_wind_generation,Wind Onshore | Actual Consumption,2026-08-02T23:51:38Z
2026-08-02T23:49:28Z,2026-08-03T01:49:28+0200,65d3fff1-7125-472d-bbc3-1b240f9c8d5b,2026-07-03T05:00:00Z,2026-07-03T07:00:00+0200,772.444,MW,NL,NL,actual_onshore_wind_generation,Wind Onshore | Actual Aggregated,2026-08-02T23:51:38Z
2026-08-02T23:49:28Z,2026-08-03T01:49:28+0200,65d3fff1-7125-472d-bbc3-1b240f9c8d5b,2026-07-03T05:00:00Z,2026-07-03T07:00:00+0200,0.168,MW,NL,NL,actual_onshore_wind_generation,Wind Onshore | Actual Consumption,2026-08-02T23:51:38Z
2026-08-02T23:49:28Z,2026-08-03T01:49:28+0200,65d3fff1-7125-472d-bbc3-1b240f9c8d5b,2026-07-03T05:15:00Z,2026-07-03T07:15:00+0200,746.62,MW,NL,NL,actual_onshore_wind_generation,Wind Onshore | Actual Aggregated,2026-08-02T23:51:38Z
2026-08-02T23:49:28Z,2026-08-03T01:49:28+0200,65d3fff1-7125-472d-bbc3-1b240f9c8d5b,2026-07-03T05:15:00Z,2026-07-03T07:15:00+0200,0.15,MW,NL,NL,actual_onshore_wind_generation,Wind Onshore | Actual Consumption,2026-08-02T23:51:38Z
2026-08-02T23:49:28Z,2026-08-03T01:49:28+0200,65d3fff1-7125-472d-bbc3-1b240f9c8d5b,2026-07-03T05:30:00Z,2026-07-03T07:30:00+0200,706.997,MW,NL,NL,actual_onshore_wind_generation,Wind Onshore | Actual Aggregated,2026-08-02T23:51:38Z
2026-08-02T23:49:28Z,2026-08-03T01:49:28+0200,65d3fff1-7125-472d-bbc3-1b240f9c8d5b,2026-07-03T05:30:00Z,2026-07-03T07:30:00+0200,0.154,MW,NL,NL,actual_onshore_wind_generation,Wind Onshore | Actual Consumption,2026-08-02T23:51:38Z
2026-08-02T23:49:28Z,2026-08-03T01:49:28+0200,65d3fff1-7125-472d-bbc3-1b240f9c8d5b,2026-07-03T05:45:00Z,2026-07-03T07:45:00+0200,681.472,MW,NL,NL,actual_onshore_wind_generation,Wind Onshore | Actual Aggregated,2026-08-02T23:51:38Z
2026-08-02T23:49:28Z,2026-08-03T01:49:28+0200,65d3fff1-7125-472d-bbc3-1b240f9c8d5b,2026-07-03T05:45:00Z,2026-07-03T07:45:00+0200,0.183,MW,NL,NL,actual_onshore_wind_generation,Wind Onshore | Actual Consumption,2026-08-02T23:51:38Z
2026-08-02T23:49:28Z,2026-08-03T01:49:28+0200,65d3fff1-7125-472d-bbc3-1b240f9c8d5b,2026-07-03T06:00:00Z,2026-07-03T08:00:00+0200,651.751,MW,NL,NL,actual_onshore_wind_generation,Wind Onshore | Actual Aggregated,2026-08-02T23:51:38Z
2026-08-02T23:49:28Z,2026-08-03T01:49:28+0200,65d3fff1-7125-472d-bbc3-1b240f9c8d5b,2026-07-03T06:00:00Z,2026-07-03T08:00:00+0200,0.309,MW,NL,NL,actual_onshore_wind_generation,Wind Onshore | Actual Consumption,2026-08-02T23:51:38Z
2026-08-02T23:49:28Z,2026-08-03T01:49:28+0200,65d3fff1-7125-472d-bbc3-1b240f9c8d5b,2026-07-03T06:15:00Z,2026-07-03T08:15:00+0200,652.216,MW,NL,NL,actual_onshore_wind_generation,Wind Onshore | Actual Aggregated,2026-08-02T23:51:38Z
2026-08-02T23:49:28Z,2026-08-03T01:49:28+0200,65d3fff1-7125-472d-bbc3-1b240f9c8d5b,2026-07-03T06:15:00Z,2026-07-03T08:15:00+0200,0.258,MW,NL,NL,actual_onshore_wind_generation,Wind Onshore | Actual Consumption,2026-08-02T23:51:38Z
2026-08-02T23:49:28Z,2026-08-03T01:49:28+0200,65d3fff1-7125-472d-bbc3-1b240f9c8d5b,2026-07-03T06:30:00Z,2026-07-03T08:30:00+0200,643.732,MW,NL,NL,actual_onshore_wind_generation,Wind Onshore | Actual Aggregated,2026-08-02T23:51:38Z
2026-08-02T23:49:28Z,2026-08-03T01:49:28+0200,65d3fff1-7125-472d-bbc3-1b240f9c8d5b,2026-07-03T06:30:00Z,2026-07-03T08:30:00+0200,0.333,MW,NL,NL,actual_onshore_wind_generation,Wind Onshore | Actual Consumption,2026-08-02T23:51:38Z
2026-08-02T23:49:28Z,2026-08-03T01:49:28+0200,65d3fff1-7125-472d-bbc3-1b240f9c8d5b,2026-07-03T06:45:00Z,2026-07-03T08:45:00+0200,644.373,MW,NL,NL,actual_onshore_wind_generation,Wind Onshore | Actual Aggregated,2026-08-02T23:51:38Z
2026-08-02T23:49:28Z,2026-08-03T01:49:28+0200,65d3fff1-7125-472d-bbc3-1b240f9c8d5b,2026-07-03T06:45:00Z,2026-07-03T08:45:00+0200,0.393,MW,NL,NL,actual_onshore_wind_generation,Wind Onshore | Actual Consumption,2026-08-02T23:51:38Z
2026-08-02T23:49:28Z,2026-08-03T01:49:28+0200,65d3fff1-7125-472d-bbc3-1b240f9c8d5b,2026-07-03T07:00:00Z,2026-07-03T09:00:00+0200,607.507,MW,NL,NL,actual_onshore_wind_generation,Wind Onshore | Actual Aggregated,2026-08-02T23:51:38Z
2026-08-02T23:49:28Z,2026-08-03T01:49:28+0200,65d3fff1-7125-472d-bbc3-1b240f9c8d5b,2026-07-03T07:00:00Z,2026-07-03T09:00:00+0200,0.716,MW,NL,NL,actual_onshore_wind_generation,Wind Onshore | Actual Consumption,2026-08-02T23:51:38Z
2026-08-02T23:49:28Z,2026-08-03T01:49:28+0200,65d3fff1-7125-472d-bbc3-1b240f9c8d5b,2026-07-03T07:15:00Z,2026-07-03T09:15:00+0200,617.536,MW,NL,NL,actual_onshore_wind_generation,Wind Onshore | Actual Aggregated,2026-08-02T23:51:38Z
2026-08-02T23:49:28Z,2026-08-03T01:49:28+0200,65d3fff1-7125-472d-bbc3-1b240f9c8d5b,2026-07-03T07:15:00Z,2026-07-03T09:15:00+0200,0.604,MW,NL,NL,actual_onshore_wind_generation,Wind Onshore | Actual Consumption,2026-08-02T23:51:38Z
2026-08-02T23:49:28Z,2026-08-03T01:49:28+0200,65d3fff1-7125-472d-bbc3-1b240f9c8d5b,2026-07-03T07:30:00Z,2026-07-03T09:30:00+0200,624.224,MW,NL,NL,actual_onshore_wind_generation,Wind Onshore | Actual Aggregated,2026-08-02T23:51:38Z
2026-08-02T23:49:28Z,2026-08-03T01:49:28+0200,65d3fff1-7125-472d-bbc3-1b240f9c8d5b,2026-07-03T07:30:00Z,2026-07-03T09:30:00+0200,0.538,MW,NL,NL,actual_onshore_wind_generation,Wind Onshore | Actual Consumption,2026-08-02T23:51:38Z
2026-08-02T23:49:28Z,2026-08-03T01:49:28+0200,65d3fff1-7125-472d-bbc3-1b240f9c8d5b,2026-07-03T07:45:00Z,2026-07-03T09:45:00+0200,654.597,MW,NL,NL,actual_onshore_wind_generation,Wind Onshore | Actual Aggregated,2026-08-02T23:51:38Z
2026-08-02T23:49:28Z,2026-08-03T01:49:28+0200,65d3fff1-7125-472d-bbc3-1b240f9c8d5b,2026-07-03T07:45:00Z,2026-07-03T09:45:00+0200,0.749,MW,NL,NL,actual_onshore_wind_generation,Wind Onshore | Actual Consumption,2026-08-02T23:51:38Z
2026-08-02T23:49:28Z,2026-08-03T01:49:28+0200,65d3fff1-7125-472d-bbc3-1b240f9c8d5b,2026-07-03T08:00:00Z,2026-07-03T10:00:00+0200,671.927,MW,NL,NL,actual_onshore_wind_generation,Wind Onshore | Actual Aggregated,2026-08-02T23:51:38Z
2026-08-02T23:49:28Z,2026-08-03T01:49:28+0200,65d3fff1-7125-472d-bbc3-1b240f9c8d5b,2026-07-03T08:00:00Z,2026-07-03T10:00:00+0200,0.731,MW,NL,NL,actual_onshore_wind_generation,Wind Onshore | Actual Consumption,2026-08-02T23:51:38Z
2026-08-02T23:49:28Z,2026-08-03T01:49:28+0200,65d3fff1-7125-472d-bbc3-1b240f9c8d5b,2026-07-03T08:15:00Z,2026-07-03T10:15:00+0200,656.535,MW,NL,NL,actual_onshore_wind_generation,Wind Onshore | Actual Aggregated,2026-08-02T23:51:38Z
2026-08-02T23:49:28Z,2026-08-03T01:49:28+0200,65d3fff1-7125-472d-bbc3-1b240f9c8d5b,2026-07-03T08:15:00Z,2026-07-03T10:15:00+0200,0.717,MW,NL,NL,actual_onshore_wind_generation,Wind Onshore | Actual Consumption,2026-08-02T23:51:38Z
2026-08-02T23:49:28Z,2026-08-03T01:49:28+0200,65d3fff1-7125-472d-bbc3-1b240f9c8d5b,2026-07-03T08:30:00Z,2026-07-03T10:30:00+0200,703.888,MW,NL,NL,actual_onshore_wind_generation,Wind Onshore | Actual Aggregated,2026-08-02T23:51:38Z
2026-08-02T23:49:28Z,2026-08-03T01:49:28+0200,65d3fff1-7125-472d-bbc3-1b240f9c8d5b,2026-07-03T08:30:00Z,2026-07-03T10:30:00+0200,0.727,MW,NL,NL,actual_onshore_wind_generation,Wind Onshore | Actual Consumption,2026-08-02T23:51:38Z
2026-08-02T23:49:28Z,2026-08-03T01:49:28+0200,65d3fff1-7125-472d-bbc3-1b240f9c8d5b,2026-07-03T08:45:00Z,2026-07-03T10:45:00+0200,710.321,MW,NL,NL,actual_onshore_wind_generation,Wind Onshore | Actual Aggregated,2026-08-02T23:51:38Z
2026-08-02T23:49:28Z,2026-08-03T01:49:28+0200,65d3fff1-7125-472d-bbc3-1b240f9c8d5b,2026-07-03T08:45:00Z,2026-07-03T10:45:00+0200,0.83,MW,NL,NL,actual_onshore_wind_generation,Wind Onshore | Actual Consumption,2026-08-02T23:51:38Z
2026-08-02T23:49:28Z,2026-08-03T01:49:28+0200,65d3fff1-7125-472d-bbc3-1b240f9c8d5b,2026-07-03T09:00:00Z,2026-07-03T11:00:00+0200,777.647,MW,NL,NL,actual_onshore_wind_generation,Wind Onshore | Actual Aggregated,2026-08-02T23:51:38Z
2026-08-02T23:49:28Z,2026-08-03T01:49:28+0200,65d3fff1-7125-472d-bbc3-1b240f9c8d5b,2026-07-03T09:00:00Z,2026-07-03T11:00:00+0200,0.895,MW,NL,NL,actual_onshore_wind_generation,Wind Onshore | Actual Consumption,2026-08-02T23:51:38Z
2026-08-02T23:49:28Z,2026-08-03T01:49:28+0200,65d3fff1-7125-472d-bbc3-1b240f9c8d5b,2026-07-03T09:15:00Z,2026-07-03T11:15:00+0200,784.732,MW,NL,NL,actual_onshore_wind_generation,Wind Onshore | Actual Aggregated,2026-08-02T23:51:38Z
2026-08-02T23:49:28Z,2026-08-03T01:49:28+0200,65d3fff1-7125-472d-bbc3-1b240f9c8d5b,2026-07-03T09:15:00Z,2026-07-03T11:15:00+0200,0.943,MW,NL,NL,actual_onshore_wind_generation,Wind Onshore | Actual Consumption,2026-08-02T23:51:38Z
2026-08-02T23:49:28Z,2026-08-03T01:49:28+0200,65d3fff1-7125-472d-bbc3-1b240f9c8d5b,2026-07-03T09:30:00Z,2026-07-03T11:30:00+0200,824.808,MW,NL,NL,actual_onshore_wind_generation,Wind Onshore | Actual Aggregated,2026-08-02T23:51:38Z
2026-08-02T23:49:28Z,2026-08-03T01:49:28+0200,65d3fff1-7125-472d-bbc3-1b240f9c8d5b,2026-07-03T09:30:00Z,2026-07-03T11:30:00+0200,0.838,MW,NL,NL,actual_onshore_wind_generation,Wind Onshore | Actual Consumption,2026-08-02T23:51:38Z
2026-08-02T23:49:28Z,2026-08-03T01:49:28+0200,65d3fff1-7125-472d-bbc3-1b240f9c8d5b,2026-07-03T09:45:00Z,2026-07-03T11:45:00+0200,872.329,MW,NL,NL,actual_onshore_wind_generation,Wind Onshore | Actual Aggregated,2026-08-02T23:51:38Z
2026-08-02T23:49:28Z,2026-08-03T01:49:28+0200,65d3fff1-7125-472d-bbc3-1b240f9c8d5b,2026-07-03T09:45:00Z,2026-07-03T11:45:00+0200,0.964,MW,NL,NL,actual_onshore_wind_generation,Wind Onshore | Actual Consumption,2026-08-02T23:51:38Z
2026-08-02T23:49:28Z,2026-08-03T01:49:28+0200,65d3fff1-7125-472d-bbc3-1b240f9c8d5b,2026-07-03T10:00:00Z,2026-07-03T12:00:00+0200,892.224,MW,NL,NL,actual_onshore_wind_generation,Wind Onshore | Actual Aggregated,2026-08-02T23:51:38Z
2026-08-02T23:49:28Z,2026-08-03T01:49:28+0200,65d3fff1-7125-472d-bbc3-1b240f9c8d5b,2026-07-03T10:00:00Z,2026-07-03T12:00:00+0200,0.748,MW,NL,NL,actual_onshore_wind_generation,Wind Onshore | Actual Consumption,2026-08-02T23:51:38Z
2026-08-02T23:49:28Z,2026-08-03T01:49:28+0200,65d3fff1-7125-472d-bbc3-1b240f9c8d5b,2026-07-03T10:15:00Z,2026-07-03T12:15:00+0200,887.202,MW,NL,NL,actual_onshore_wind_generation,Wind Onshore | Actual Aggregated,2026-08-02T23:51:38Z
2026-08-02T23:49:28Z,2026-08-03T01:49:28+0200,65d3fff1-7125-472d-bbc3-1b240f9c8d5b,2026-07-03T10:15:00Z,2026-07-03T12:15:00+0200,0.875,MW,NL,NL,actual_onshore_wind_generation,Wind Onshore | Actual Consumption,2026-08-02T23:51:38Z
2026-08-02T23:49:28Z,2026-08-03T01:49:28+0200,65d3fff1-7125-472d-bbc3-1b240f9c8d5b,2026-07-03T10:30:00Z,2026-07-03T12:30:00+0200,899.575,MW,NL,NL,actual_onshore_wind_generation,Wind Onshore | Actual Aggregated,2026-08-02T23:51:38Z
2026-08-02T23:49:28Z,2026-08-03T01:49:28+0200,65d3fff1-7125-472d-bbc3-1b240f9c8d5b,2026-07-03T10:30:00Z,2026-07-03T12:30:00+0200,0.973,MW,NL,NL,actual_onshore_wind_generation,Wind Onshore | Actual Consumption,2026-08-02T23:51:38Z
2026-08-02T23:49:28Z,2026-08-03T01:49:28+0200,65d3fff1-7125-472d-bbc3-1b240f9c8d5b,2026-07-03T10:45:00Z,2026-07-03T12:45:00+0200,897.128,MW,NL,NL,actual_onshore_wind_generation,Wind Onshore | Actual Aggregated,2026-08-02T23:51:38Z
2026-08-02T23:49:28Z,2026-08-03T01:49:28+0200,65d3fff1-7125-472d-bbc3-1b240f9c8d5b,2026-07-03T10:45:00Z,2026-07-03T12:45:00+0200,1.013,MW,NL,NL,actual_onshore_wind_generation,Wind Onshore | Actual Consumption,2026-08-02T23:51:38Z
2026-08-02T23:49:28Z,2026-08-03T01:49:28+0200,65d3fff1-7125-472d-bbc3-1b240f9c8d5b,2026-07-03T11:00:00Z,2026-07-03T13:00:00+0200,860.728,MW,NL,NL,actual_onshore_wind_generation,Wind Onshore | Actual Aggregated,2026-08-02T23:51:38Z
2026-08-02T23:49:28Z,2026-08-03T01:49:28+0200,65d3fff1-7125-472d-bbc3-1b240f9c8d5b,2026-07-03T11:00:00Z,2026-07-03T13:00:00+0200,0.909,MW,NL,NL,actual_onshore_wind_generation,Wind Onshore | Actual Consumption,2026-08-02T23:51:38Z
2026-08-02T23:49:28Z,2026-08-03T01:49:28+0200,65d3fff1-7125-472d-bbc3-1b240f9c8d5b,2026-07-03T11:15:00Z,2026-07-03T13:15:00+0200,870.548,MW,NL,NL,actual_onshore_wind_generation,Wind Onshore | Actual Aggregated,2026-08-02T23:51:38Z
2026-08-02T23:49:28Z,2026-08-03T01:49:28+0200,65d3fff1-7125-472d-bbc3-1b240f9c8d5b,2026-07-03T11:15:00Z,2026-07-03T13:15:00+0200,0.968,MW,NL,NL,actual_onshore_wind_generation,Wind Onshore | Actual Consumption,2026-08-02T23:51:38Z
2026-08-02T23:49:28Z,2026-08-03T01:49:28+0200,65d3fff1-7125-472d-bbc3-1b240f9c8d5b,2026-07-03T11:30:00Z,2026-07-03T13:30:00+0200,844.391,MW,NL,NL,actual_onshore_wind_generation,Wind Onshore | Actual Aggregated,2026-08-02T23:51:38Z
2026-08-02T23:49:28Z,2026-08-03T01:49:28+0200,65d3fff1-7125-472d-bbc3-1b240f9c8d5b,2026-07-03T11:30:00Z,2026-07-03T13:30:00+0200,0.985,MW,NL,NL,actual_onshore_wind_generation,Wind Onshore | Actual Consumption,2026-08-02T23:51:38Z
2026-08-02T23:49:28Z,2026-08-03T01:49:28+0200,65d3fff1-7125-472d-bbc3-1b240f9c8d5b,2026-07-03T11:45:00Z,2026-07-03T13:45:00+0200,823.375,MW,NL,NL,actual_onshore_wind_generation,Wind Onshore | Actual Aggregated,2026-08-02T23:51:38Z
2026-08-02T23:49:28Z,2026-08-03T01:49:28+0200,65d3fff1-7125-472d-bbc3-1b240f9c8d5b,2026-07-03T11:45:00Z,2026-07-03T13:45:00+0200,0.774,MW,NL,NL,actual_onshore_wind_generation,Wind Onshore | Actual Consumption,2026-08-02T23:51:38Z
2026-08-02T23:49:28Z,2026-08-03T01:49:28+0200,65d3fff1-7125-472d-bbc3-1b240f9c8d5b,2026-07-03T12:00:00Z,2026-07-03T14:00:00+0200,822.745,MW,NL,NL,actual_onshore_wind_generation,Wind Onshore | Actual Aggregated,2026-08-02T23:51:38Z
2026-08-02T23:49:28Z,2026-08-03T01:49:28+0200,65d3fff1-7125-472d-bbc3-1b240f9c8d5b,2026-07-03T12:00:00Z,2026-07-03T14:00:00+0200,0.958,MW,NL,NL,actual_onshore_wind_generation,Wind Onshore | Actual Consumption,2026-08-02T23:51:38Z
2026-08-02T23:49:28Z,2026-08-03T01:49:28+0200,65d3fff1-7125-472d-bbc3-1b240f9c8d5b,2026-07-03T12:15:00Z,2026-07-03T14:15:00+0200,823.492,MW,NL,NL,actual_onshore_wind_generation,Wind Onshore | Actual Aggregated,2026-08-02T23:51:38Z
2026-08-02T23:49:28Z,2026-08-03T01:49:28+0200,65d3fff1-7125-472d-bbc3-1b240f9c8d5b,2026-07-03T12:15:00Z,2026-07-03T14:15:00+0200,0.884,MW,NL,NL,actual_onshore_wind_generation,Wind Onshore | Actual Consumption,2026-08-02T23:51:38Z
2026-08-02T23:49:28Z,2026-08-03T01:49:28+0200,65d3fff1-7125-472d-bbc3-1b240f9c8d5b,2026-07-03T12:30:00Z,2026-07-03T14:30:00+0200,818.634,MW,NL,NL,actual_onshore_wind_generation,Wind Onshore | Actual Aggregated,2026-08-02T23:51:38Z
2026-08-02T23:49:28Z,2026-08-03T01:49:28+0200,65d3fff1-7125-472d-bbc3-1b240f9c8d5b,2026-07-03T12:30:00Z,2026-07-03T14:30:00+0200,0.828,MW,NL,NL,actual_onshore_wind_generation,Wind Onshore | Actual Consumption,2026-08-02T23:51:38Z
2026-08-02T23:49:28Z,2026-08-03T01:49:28+0200,65d3fff1-7125-472d-bbc3-1b240f9c8d5b,2026-07-03T12:45:00Z,2026-07-03T14:45:00+0200,824.667,MW,NL,NL,actual_onshore_wind_generation,Wind Onshore | Actual Aggregated,2026-08-02T23:51:38Z
2026-08-02T23:49:28Z,2026-08-03T01:49:28+0200,65d3fff1-7125-472d-bbc3-1b240f9c8d5b,2026-07-03T12:45:00Z,2026-07-03T14:45:00+0200,0.886,MW,NL,NL,actual_onshore_wind_generation,Wind Onshore | Actual Consumption,2026-08-02T23:51:38Z
2026-08-02T23:49:28Z,2026-08-03T01:49:28+0200,65d3fff1-7125-472d-bbc3-1b240f9c8d5b,2026-07-03T13:00:00Z,2026-07-03T15:00:00+0200,794.344,MW,NL,NL,actual_onshore_wind_generation,Wind Onshore | Actual Aggregated,2026-08-02T23:51:38Z
2026-08-02T23:49:28Z,2026-08-03T01:49:28+0200,65d3fff1-7125-472d-bbc3-1b240f9c8d5b,2026-07-03T13:00:00Z,2026-07-03T15:00:00+0200,0.88,MW,NL,NL,actual_onshore_wind_generation,Wind Onshore | Actual Consumption,2026-08-02T23:51:38Z
2026-08-02T23:49:28Z,2026-08-03T01:49:28+0200,65d3fff1-7125-472d-bbc3-1b240f9c8d5b,2026-07-03T13:15:00Z,2026-07-03T15:15:00+0200,794.793,MW,NL,NL,actual_onshore_wind_generation,Wind Onshore | Actual Aggregated,2026-08-02T23:51:38Z
2026-08-02T23:49:28Z,2026-08-03T01:49:28+0200,65d3fff1-7125-472d-bbc3-1b240f9c8d5b,2026-07-03T13:15:00Z,2026-07-03T15:15:00+0200,0.927,MW,NL,NL,actual_onshore_wind_generation,Wind Onshore | Actual Consumption,2026-08-02T23:51:38Z
2026-08-02T23:49:28Z,2026-08-03T01:49:28+0200,65d3fff1-7125-472d-bbc3-1b240f9c8d5b,2026-07-03T13:30:00Z,2026-07-03T15:30:00+0200,851.717,MW,NL,NL,actual_onshore_wind_generation,Wind Onshore | Actual Aggregated,2026-08-02T23:51:38Z
2026-08-02T23:49:28Z,2026-08-03T01:49:28+0200,65d3fff1-7125-472d-bbc3-1b240f9c8d5b,2026-07-03T13:30:00Z,2026-07-03T15:30:00+0200,0.938,MW,NL,NL,actual_onshore_wind_generation,Wind Onshore | Actual Consumption,2026-08-02T23:51:38Z
2026-08-02T23:49:28Z,2026-08-03T01:49:28+0200,65d3fff1-7125-472d-bbc3-1b240f9c8d5b,2026-07-03T13:45:00Z,2026-07-03T15:45:00+0200,832.047,MW,NL,NL,actual_onshore_wind_generation,Wind Onshore | Actual Aggregated,2026-08-02T23:51:38Z
2026-08-02T23:49:28Z,2026-08-03T01:49:28+0200,65d3fff1-7125-472d-bbc3-1b240f9c8d5b,2026-07-03T13:45:00Z,2026-07-03T15:45:00+0200,0.893,MW,NL,NL,actual_onshore_wind_generation,Wind Onshore | Actual Consumption,2026-08-02T23:51:38Z
2026-08-02T23:49:28Z,2026-08-03T01:49:28+0200,65d3fff1-7125-472d-bbc3-1b240f9c8d5b,2026-07-03T14:00:00Z,2026-07-03T16:00:00+0200,818.643,MW,NL,NL,actual_onshore_wind_generation,Wind Onshore | Actual Aggregated,2026-08-02T23:51:38Z
2026-08-02T23:49:28Z,2026-08-03T01:49:28+0200,65d3fff1-7125-472d-bbc3-1b240f9c8d5b,2026-07-03T14:00:00Z,2026-07-03T16:00:00+0200,0.876,MW,NL,NL,actual_onshore_wind_generation,Wind Onshore | Actual Consumption,2026-08-02T23:51:38Z
2026-08-02T23:49:28Z,2026-08-03T01:49:28+0200,65d3fff1-7125-472d-bbc3-1b240f9c8d5b,2026-07-03T14:15:00Z,2026-07-03T16:15:00+0200,774.37,MW,NL,NL,actual_onshore_wind_generation,Wind Onshore | Actual Aggregated,2026-08-02T23:51:38Z
2026-08-02T23:49:28Z,2026-08-03T01:49:28+0200,65d3fff1-7125-472d-bbc3-1b240f9c8d5b,2026-07-03T14:15:00Z,2026-07-03T16:15:00+0200,0.864,MW,NL,NL,actual_onshore_wind_generation,Wind Onshore | Actual Consumption,2026-08-02T23:51:38Z
2026-08-02T23:49:28Z,2026-08-03T01:49:28+0200,65d3fff1-7125-472d-bbc3-1b240f9c8d5b,2026-07-03T14:30:00Z,2026-07-03T16:30:00+0200,748.123,MW,NL,NL,actual_onshore_wind_generation,Wind Onshore | Actual Aggregated,2026-08-02T23:51:38Z
2026-08-02T23:49:28Z,2026-08-03T01:49:28+0200,65d3fff1-7125-472d-bbc3-1b240f9c8d5b,2026-07-03T14:30:00Z,2026-07-03T16:30:00+0200,0.757,MW,NL,NL,actual_onshore_wind_generation,Wind Onshore | Actual Consumption,2026-08-02T23:51:38Z
2026-08-02T23:49:28Z,2026-08-03T01:49:28+0200,65d3fff1-7125-472d-bbc3-1b240f9c8d5b,2026-07-03T14:45:00Z,2026-07-03T16:45:00+0200,738.879,MW,NL,NL,actual_onshore_wind_generation,Wind Onshore | Actual Aggregated,2026-08-02T23:51:38Z
2026-08-02T23:49:28Z,2026-08-03T01:49:28+0200,65d3fff1-7125-472d-bbc3-1b240f9c8d5b,2026-07-03T14:45:00Z,2026-07-03T16:45:00+0200,0.628,MW,NL,NL,actual_onshore_wind_generation,Wind Onshore | Actual Consumption,2026-08-02T23:51:38Z
2026-08-02T23:49:28Z,2026-08-03T01:49:28+0200,65d3fff1-7125-472d-bbc3-1b240f9c8d5b,2026-07-03T15:00:00Z,2026-07-03T17:00:00+0200,703.066,MW,NL,NL,actual_onshore_wind_generation,Wind Onshore | Actual Aggregated,2026-08-02T23:51:38Z
2026-08-02T23:49:28Z,2026-08-03T01:49:28+0200,65d3fff1-7125-472d-bbc3-1b240f9c8d5b,2026-07-03T15:00:00Z,2026-07-03T17:00:00+0200,0.643,MW,NL,NL,actual_onshore_wind_generation,Wind Onshore | Actual Consumption,2026-08-02T23:51:38Z
2026-08-02T23:49:28Z,2026-08-03T01:49:28+0200,65d3fff1-7125-472d-bbc3-1b240f9c8d5b,2026-07-03T15:15:00Z,2026-07-03T17:15:00+0200,756.02,MW,NL,NL,actual_onshore_wind_generation,Wind Onshore | Actual Aggregated,2026-08-02T23:51:38Z
2026-08-02T23:49:28Z,2026-08-03T01:49:28+0200,65d3fff1-7125-472d-bbc3-1b240f9c8d5b,2026-07-03T15:15:00Z,2026-07-03T17:15:00+0200,0.595,MW,NL,NL,actual_onshore_wind_generation,Wind Onshore | Actual Consumption,2026-08-02T23:51:38Z
2026-08-02T23:49:28Z,2026-08-03T01:49:28+0200,65d3fff1-7125-472d-bbc3-1b240f9c8d5b,2026-07-03T15:30:00Z,2026-07-03T17:30:00+0200,712.411,MW,NL,NL,actual_onshore_wind_generation,Wind Onshore | Actual Aggregated,2026-08-02T23:51:38Z
2026-08-02T23:49:28Z,2026-08-03T01:49:28+0200,65d3fff1-7125-472d-bbc3-1b240f9c8d5b,2026-07-03T15:30:00Z,2026-07-03T17:30:00+0200,0.71,MW,NL,NL,actual_onshore_wind_generation,Wind Onshore | Actual Consumption,2026-08-02T23:51:38Z
2026-08-02T23:49:28Z,2026-08-03T01:49:28+0200,65d3fff1-7125-472d-bbc3-1b240f9c8d5b,2026-07-03T15:45:00Z,2026-07-03T17:45:00+0200,690.949,MW,NL,NL,actual_onshore_wind_generation,Wind Onshore | Actual Aggregated,2026-08-02T23:51:38Z
2026-08-02T23:49:28Z,2026-08-03T01:49:28+0200,65d3fff1-7125-472d-bbc3-1b240f9c8d5b,2026-07-03T15:45:00Z,2026-07-03T17:45:00+0200,0.543,MW,NL,NL,actual_onshore_wind_generation,Wind Onshore | Actual Consumption,2026-08-02T23:51:38Z
2026-08-02T23:49:28Z,2026-08-03T01:49:28+0200,65d3fff1-7125-472d-bbc3-1b240f9c8d5b,2026-07-03T16:00:00Z,2026-07-03T18:00:00+0200,658.12,MW,NL,NL,actual_onshore_wind_generation,Wind Onshore | Actual Aggregated,2026-08-02T23:51:38Z
2026-08-02T23:49:28Z,2026-08-03T01:49:28+0200,65d3fff1-7125-472d-bbc3-1b240f9c8d5b,2026-07-03T16:00:00Z,2026-07-03T18:00:00+0200,0.456,MW,NL,NL,actual_onshore_wind_generation,Wind Onshore | Actual Consumption,2026-08-02T23:51:38Z
2026-08-02T23:49:28Z,2026-08-03T01:49:28+0200,65d3fff1-7125-472d-bbc3-1b240f9c8d5b,2026-07-03T16:15:00Z,2026-07-03T18:15:00+0200,599.651,MW,NL,NL,actual_onshore_wind_generation,Wind Onshore | Actual Aggregated,2026-08-02T23:51:38Z
2026-08-02T23:49:28Z,2026-08-03T01:49:28+0200,65d3fff1-7125-472d-bbc3-1b240f9c8d5b,2026-07-03T16:15:00Z,2026-07-03T18:15:00+0200,0.427,MW,NL,NL,actual_onshore_wind_generation,Wind Onshore | Actual Consumption,2026-08-02T23:51:38Z
2026-08-02T23:49:28Z,2026-08-03T01:49:28+0200,65d3fff1-7125-472d-bbc3-1b240f9c8d5b,2026-07-03T16:30:00Z,2026-07-03T18:30:00+0200,569.595,MW,NL,NL,actual_onshore_wind_generation,Wind Onshore | Actual Aggregated,2026-08-02T23:51:38Z
2026-08-02T23:49:28Z,2026-08-03T01:49:28+0200,65d3fff1-7125-472d-bbc3-1b240f9c8d5b,2026-07-03T16:30:00Z,2026-07-03T18:30:00+0200,0.353,MW,NL,NL,actual_onshore_wind_generation,Wind Onshore | Actual Consumption,2026-08-02T23:51:38Z
2026-08-02T23:49:28Z,2026-08-03T01:49:28+0200,65d3fff1-7125-472d-bbc3-1b240f9c8d5b,2026-07-03T16:45:00Z,2026-07-03T18:45:00+0200,534.741,MW,NL,NL,actual_onshore_wind_generation,Wind Onshore | Actual Aggregated,2026-08-02T23:51:38Z
2026-08-02T23:49:28Z,2026-08-03T01:49:28+0200,65d3fff1-7125-472d-bbc3-1b240f9c8d5b,2026-07-03T16:45:00Z,2026-07-03T18:45:00+0200,0.264,MW,NL,NL,actual_onshore_wind_generation,Wind Onshore | Actual Consumption,2026-08-02T23:51:38Z
2026-08-02T23:49:28Z,2026-08-03T01:49:28+0200,65d3fff1-7125-472d-bbc3-1b240f9c8d5b,2026-07-03T17:00:00Z,2026-07-03T19:00:00+0200,494.373,MW,NL,NL,actual_onshore_wind_generation,Wind Onshore | Actual Aggregated,2026-08-02T23:51:38Z
2026-08-02T23:49:28Z,2026-08-03T01:49:28+0200,65d3fff1-7125-472d-bbc3-1b240f9c8d5b,2026-07-03T17:00:00Z,2026-07-03T19:00:00+0200,0.261,MW,NL,NL,actual_onshore_wind_generation,Wind Onshore | Actual Consumption,2026-08-02T23:51:38Z
2026-08-02T23:49:28Z,2026-08-03T01:49:28+0200,65d3fff1-7125-472d-bbc3-1b240f9c8d5b,2026-07-03T17:15:00Z,2026-07-03T19:15:00+0200,455.716,MW,NL,NL,actual_onshore_wind_generation,Wind Onshore | Actual Aggregated,2026-08-02T23:51:38Z
2026-08-02T23:49:28Z,2026-08-03T01:49:28+0200,65d3fff1-7125-472d-bbc3-1b240f9c8d5b,2026-07-03T17:15:00Z,2026-07-03T19:15:00+0200,0.314,MW,NL,NL,actual_onshore_wind_generation,Wind Onshore | Actual Consumption,2026-08-02T23:51:38Z
2026-08-02T23:49:28Z,2026-08-03T01:49:28+0200,65d3fff1-7125-472d-bbc3-1b240f9c8d5b,2026-07-03T17:30:00Z,2026-07-03T19:30:00+0200,419.339,MW,NL,NL,actual_onshore_wind_generation,Wind Onshore | Actual Aggregated,2026-08-02T23:51:38Z
2026-08-02T23:49:28Z,2026-08-03T01:49:28+0200,65d3fff1-7125-472d-bbc3-1b240f9c8d5b,2026-07-03T17:30:00Z,2026-07-03T19:30:00+0200,0.527,MW,NL,NL,actual_onshore_wind_generation,Wind Onshore | Actual Consumption,2026-08-02T23:51:38Z
2026-08-02T23:49:28Z,2026-08-03T01:49:28+0200,65d3fff1-7125-472d-bbc3-1b240f9c8d5b,2026-07-03T17:45:00Z,2026-07-03T19:45:00+0200,392.256,MW,NL,NL,actual_onshore_wind_generation,Wind Onshore | Actual Aggregated,2026-08-02T23:51:38Z
2026-08-02T23:49:28Z,2026-08-03T01:49:28+0200,65d3fff1-7125-472d-bbc3-1b240f9c8d5b,2026-07-03T17:45:00Z,2026-07-03T19:45:00+0200,0.838,MW,NL,NL,actual_onshore_wind_generation,Wind Onshore | Actual Consumption,2026-08-02T23:51:38Z
2026-08-02T23:49:28Z,2026-08-03T01:49:28+0200,65d3fff1-7125-472d-bbc3-1b240f9c8d5b,2026-07-03T18:00:00Z,2026-07-03T20:00:00+0200,363.271,MW,NL,NL,actual_onshore_wind_generation,Wind Onshore | Actual Aggregated,2026-08-02T23:51:38Z
2026-08-02T23:49:28Z,2026-08-03T01:49:28+0200,65d3fff1-7125-472d-bbc3-1b240f9c8d5b,2026-07-03T18:00:00Z,2026-07-03T20:00:00+0200,1.269,MW,NL,NL,actual_onshore_wind_generation,Wind Onshore | Actual Consumption,2026-08-02T23:51:38Z
2026-08-02T23:49:28Z,2026-08-03T01:49:28+0200,65d3fff1-7125-472d-bbc3-1b240f9c8d5b,2026-07-03T18:15:00Z,2026-07-03T20:15:00+0200,308.783,MW,NL,NL,actual_onshore_wind_generation,Wind Onshore | Actual Aggregated,2026-08-02T23:51:38Z
2026-08-02T23:49:28Z,2026-08-03T01:49:28+0200,65d3fff1-7125-472d-bbc3-1b240f9c8d5b,2026-07-03T18:15:00Z,2026-07-03T20:15:00+0200,1.813,MW,NL,NL,actual_onshore_wind_generation,Wind Onshore | Actual Consumption,2026-08-02T23:51:38Z
2026-08-02T23:49:28Z,2026-08-03T01:49:28+0200,65d3fff1-7125-472d-bbc3-1b240f9c8d5b,2026-07-03T18:30:00Z,2026-07-03T20:30:00+0200,265.464,MW,NL,NL,actual_onshore_wind_generation,Wind Onshore | Actual Aggregated,2026-08-02T23:51:38Z
2026-08-02T23:49:28Z,2026-08-03T01:49:28+0200,65d3fff1-7125-472d-bbc3-1b240f9c8d5b,2026-07-03T18:30:00Z,2026-07-03T20:30:00+0200,1.918,MW,NL,NL,actual_onshore_wind_generation,Wind Onshore | Actual Consumption,2026-08-02T23:51:38Z
2026-08-02T23:49:28Z,2026-08-03T01:49:28+0200,65d3fff1-7125-472d-bbc3-1b240f9c8d5b,2026-07-03T18:45:00Z,2026-07-03T20:45:00+0200,241.474,MW,NL,NL,actual_onshore_wind_generation,Wind Onshore | Actual Aggregated,2026-08-02T23:51:38Z
2026-08-02T23:49:28Z,2026-08-03T01:49:28+0200,65d3fff1-7125-472d-bbc3-1b240f9c8d5b,2026-07-03T18:45:00Z,2026-07-03T20:45:00+0200,2.384,MW,NL,NL,actual_onshore_wind_generation,Wind Onshore | Actual Consumption,2026-08-02T23:51:38Z
2026-08-02T23:49:28Z,2026-08-03T01:49:28+0200,65d3fff1-7125-472d-bbc3-1b240f9c8d5b,2026-07-03T19:00:00Z,2026-07-03T21:00:00+0200,211.551,MW,NL,NL,actual_onshore_wind_generation,Wind Onshore | Actual Aggregated,2026-08-02T23:51:38Z
2026-08-02T23:49:28Z,2026-08-03T01:49:28+0200,65d3fff1-7125-472d-bbc3-1b240f9c8d5b,2026-07-03T19:00:00Z,2026-07-03T21:00:00+0200,2.737,MW,NL,NL,actual_onshore_wind_generation,Wind Onshore | Actual Consumption,2026-08-02T23:51:38Z
2026-08-02T23:49:28Z,2026-08-03T01:49:28+0200,65d3fff1-7125-472d-bbc3-1b240f9c8d5b,2026-07-03T19:15:00Z,2026-07-03T21:15:00+0200,201.114,MW,NL,NL,actual_onshore_wind_generation,Wind Onshore | Actual Aggregated,2026-08-02T23:51:38Z
2026-08-02T23:49:28Z,2026-08-03T01:49:28+0200,65d3fff1-7125-472d-bbc3-1b240f9c8d5b,2026-07-03T19:15:00Z,2026-07-03T21:15:00+0200,2.831,MW,NL,NL,actual_onshore_wind_generation,Wind Onshore | Actual Consumption,2026-08-02T23:51:38Z
2026-08-02T23:49:28Z,2026-08-03T01:49:28+0200,65d3fff1-7125-472d-bbc3-1b240f9c8d5b,2026-07-03T19:30:00Z,2026-07-03T21:30:00+0200,192.838,MW,NL,NL,actual_onshore_wind_generation,Wind Onshore | Actual Aggregated,2026-08-02T23:51:38Z
2026-08-02T23:49:28Z,2026-08-03T01:49:28+0200,65d3fff1-7125-472d-bbc3-1b240f9c8d5b,2026-07-03T19:30:00Z,2026-07-03T21:30:00+0200,2.999,MW,NL,NL,actual_onshore_wind_generation,Wind Onshore | Actual Consumption,2026-08-02T23:51:38Z
2026-08-02T23:49:28Z,2026-08-03T01:49:28+0200,65d3fff1-7125-472d-bbc3-1b240f9c8d5b,2026-07-03T19:45:00Z,2026-07-03T21:45:00+0200,184.49,MW,NL,NL,actual_onshore_wind_generation,Wind Onshore | Actual Aggregated,2026-08-02T23:51:38Z
2026-08-02T23:49:28Z,2026-08-03T01:49:28+0200,65d3fff1-7125-472d-bbc3-1b240f9c8d5b,2026-07-03T19:45:00Z,2026-07-03T21:45:00+0200,3.647,MW,NL,NL,actual_onshore_wind_generation,Wind Onshore | Actual Consumption,2026-08-02T23:51:38Z
2026-08-02T23:49:28Z,2026-08-03T01:49:28+0200,65d3fff1-7125-472d-bbc3-1b240f9c8d5b,2026-07-03T20:00:00Z,2026-07-03T22:00:00+0200,166.247,MW,NL,NL,actual_onshore_wind_generation,Wind Onshore | Actual Aggregated,2026-08-02T23:51:38Z
2026-08-02T23:49:28Z,2026-08-03T01:49:28+0200,65d3fff1-7125-472d-bbc3-1b240f9c8d5b,2026-07-03T20:00:00Z,2026-07-03T22:00:00+0200,4.387,MW,NL,NL,actual_onshore_wind_generation,Wind Onshore | Actual Consumption,2026-08-02T23:51:38Z
2026-08-02T23:49:28Z,2026-08-03T01:49:28+0200,65d3fff1-7125-472d-bbc3-1b240f9c8d5b,2026-07-03T20:15:00Z,2026-07-03T22:15:00+0200,152.525,MW,NL,NL,actual_onshore_wind_generation,Wind Onshore | Actual Aggregated,2026-08-02T23:51:38Z
2026-08-02T23:49:28Z,2026-08-03T01:49:28+0200,65d3fff1-7125-472d-bbc3-1b240f9c8d5b,2026-07-03T20:15:00Z,2026-07-03T22:15:00+0200,5.379,MW,NL,NL,actual_onshore_wind_generation,Wind Onshore | Actual Consumption,2026-08-02T23:51:38Z
2026-08-02T23:49:28Z,2026-08-03T01:49:28+0200,65d3fff1-7125-472d-bbc3-1b240f9c8d5b,2026-07-03T20:30:00Z,2026-07-03T22:30:00+0200,153.093,MW,NL,NL,actual_onshore_wind_generation,Wind Onshore | Actual Aggregated,2026-08-02T23:51:38Z
2026-08-02T23:49:28Z,2026-08-03T01:49:28+0200,65d3fff1-7125-472d-bbc3-1b240f9c8d5b,2026-07-03T20:30:00Z,2026-07-03T22:30:00+0200,5.064,MW,NL,NL,actual_onshore_wind_generation,Wind Onshore | Actual Consumption,2026-08-02T23:51:38Z
2026-08-02T23:49:28Z,2026-08-03T01:49:28+0200,65d3fff1-7125-472d-bbc3-1b240f9c8d5b,2026-07-03T20:45:00Z,2026-07-03T22:45:00+0200,169.394,MW,NL,NL,actual_onshore_wind_generation,Wind Onshore | Actual Aggregated,2026-08-02T23:51:38Z
2026-08-02T23:49:28Z,2026-08-03T01:49:28+0200,65d3fff1-7125-472d-bbc3-1b240f9c8d5b,2026-07-03T20:45:00Z,2026-07-03T22:45:00+0200,3.555,MW,NL,NL,actual_onshore_wind_generation,Wind Onshore | Actual Consumption,2026-08-02T23:51:38Z
2026-08-02T23:49:28Z,2026-08-03T01:49:28+0200,65d3fff1-7125-472d-bbc3-1b240f9c8d5b,2026-07-03T21:00:00Z,2026-07-03T23:00:00+0200,197.088,MW,NL,NL,actual_onshore_wind_generation,Wind Onshore | Actual Aggregated,2026-08-02T23:51:38Z
2026-08-02T23:49:28Z,2026-08-03T01:49:28+0200,65d3fff1-7125-472d-bbc3-1b240f9c8d5b,2026-07-03T21:00:00Z,2026-07-03T23:00:00+0200,2.931,MW,NL,NL,actual_onshore_wind_generation,Wind Onshore | Actual Consumption,2026-08-02T23:51:38Z
2026-08-02T23:49:28Z,2026-08-03T01:49:28+0200,65d3fff1-7125-472d-bbc3-1b240f9c8d5b,2026-07-03T21:15:00Z,2026-07-03T23:15:00+0200,207.21,MW,NL,NL,actual_onshore_wind_generation,Wind Onshore | Actual Aggregated,2026-08-02T23:51:38Z
2026-08-02T23:49:28Z,2026-08-03T01:49:28+0200,65d3fff1-7125-472d-bbc3-1b240f9c8d5b,2026-07-03T21:15:00Z,2026-07-03T23:15:00+0200,2.77,MW,NL,NL,actual_onshore_wind_generation,Wind Onshore | Actual Consumption,2026-08-02T23:51:38Z
2026-08-02T23:49:28Z,2026-08-03T01:49:28+0200,65d3fff1-7125-472d-bbc3-1b240f9c8d5b,2026-07-03T21:30:00Z,2026-07-03T23:30:00+0200,205.614,MW,NL,NL,actual_onshore_wind_generation,Wind Onshore | Actual Aggregated,2026-08-02T23:51:38Z
2026-08-02T23:49:28Z,2026-08-03T01:49:28+0200,65d3fff1-7125-472d-bbc3-1b240f9c8d5b,2026-07-03T21:30:00Z,2026-07-03T23:30:00+0200,3.442,MW,NL,NL,actual_onshore_wind_generation,Wind Onshore | Actual Consumption,2026-08-02T23:51:38Z
2026-08-02T23:49:28Z,2026-08-03T01:49:28+0200,65d3fff1-7125-472d-bbc3-1b240f9c8d5b,2026-07-03T21:45:00Z,2026-07-03T23:45:00+0200,196.461,MW,NL,NL,actual_onshore_wind_generation,Wind Onshore | Actual Aggregated,2026-08-02T23:51:38Z
2026-08-02T23:49:28Z,2026-08-03T01:49:28+0200,65d3fff1-7125-472d-bbc3-1b240f9c8d5b,2026-07-03T21:45:00Z,2026-07-03T23:45:00+0200,3.872,MW,NL,NL,actual_onshore_wind_generation,Wind Onshore | Actual Consumption,2026-08-02T23:51:38Z
2026-08-02T23:49:28Z,2026-08-03T01:49:28+0200,65d3fff1-7125-472d-bbc3-1b240f9c8d5b,2026-07-03T22:00:00Z,2026-07-04T00:00:00+0200,200.268,MW,NL,NL,actual_onshore_wind_generation,Wind Onshore | Actual Aggregated,2026-08-02T23:51:38Z
2026-08-02T23:49:28Z,2026-08-03T01:49:28+0200,65d3fff1-7125-472d-bbc3-1b240f9c8d5b,2026-07-03T22:00:00Z,2026-07-04T00:00:00+0200,2.651,MW,NL,NL,actual_onshore_wind_generation,Wind Onshore | Actual Consumption,2026-08-02T23:51:38Z
2026-08-02T23:49:28Z,2026-08-03T01:49:28+0200,65d3fff1-7125-472d-bbc3-1b240f9c8d5b,2026-07-03T22:15:00Z,2026-07-04T00:15:00+0200,232.813,MW,NL,NL,actual_onshore_wind_generation,Wind Onshore | Actual Aggregated,2026-08-02T23:51:38Z
2026-08-02T23:49:28Z,2026-08-03T01:49:28+0200,65d3fff1-7125-472d-bbc3-1b240f9c8d5b,2026-07-03T22:15:00Z,2026-07-04T00:15:00+0200,2.121,MW,NL,NL,actual_onshore_wind_generation,Wind Onshore | Actual Consumption,2026-08-02T23:51:38Z
2026-08-02T23:49:28Z,2026-08-03T01:49:28+0200,65d3fff1-7125-472d-bbc3-1b240f9c8d5b,2026-07-03T22:30:00Z,2026-07-04T00:30:00+0200,253.615,MW,NL,NL,actual_onshore_wind_generation,Wind Onshore | Actual Aggregated,2026-08-02T23:51:38Z
2026-08-02T23:49:28Z,2026-08-03T01:49:28+0200,65d3fff1-7125-472d-bbc3-1b240f9c8d5b,2026-07-03T22:30:00Z,2026-07-04T00:30:00+0200,1.769,MW,NL,NL,actual_onshore_wind_generation,Wind Onshore | Actual Consumption,2026-08-02T23:51:38Z
2026-08-02T23:49:28Z,2026-08-03T01:49:28+0200,65d3fff1-7125-472d-bbc3-1b240f9c8d5b,2026-07-03T22:45:00Z,2026-07-04T00:45:00+0200,279.416,MW,NL,NL,actual_onshore_wind_generation,Wind Onshore | Actual Aggregated,2026-08-02T23:51:38Z
2026-08-02T23:49:28Z,2026-08-03T01:49:28+0200,65d3fff1-7125-472d-bbc3-1b240f9c8d5b,2026-07-03T22:45:00Z,2026-07-04T00:45:00+0200,1.59,MW,NL,NL,actual_onshore_wind_generation,Wind Onshore | Actual Consumption,2026-08-02T23:51:38Z
2026-08-02T23:49:28Z,2026-08-03T01:49:28+0200,65d3fff1-7125-472d-bbc3-1b240f9c8d5b,2026-07-03T23:00:00Z,2026-07-04T01:00:00+0200,269.396,MW,NL,NL,actual_onshore_wind_generation,Wind Onshore | Actual Aggregated,2026-08-02T23:51:38Z
2026-08-02T23:49:28Z,2026-08-03T01:49:28+0200,65d3fff1-7125-472d-bbc3-1b240f9c8d5b,2026-07-03T23:00:00Z,2026-07-04T01:00:00+0200,1.955,MW,NL,NL,actual_onshore_wind_generation,Wind Onshore | Actual Consumption,2026-08-02T23:51:38Z
2026-08-02T23:49:28Z,2026-08-03T01:49:28+0200,65d3fff1-7125-472d-bbc3-1b240f9c8d5b,2026-07-03T23:15:00Z,2026-07-04T01:15:00+0200,292.428,MW,NL,NL,actual_onshore_wind_generation,Wind Onshore | Actual Aggregated,2026-08-02T23:51:38Z
2026-08-02T23:49:28Z,2026-08-03T01:49:28+0200,65d3fff1-7125-472d-bbc3-1b240f9c8d5b,2026-07-03T23:15:00Z,2026-07-04T01:15:00+0200,2.149,MW,NL,NL,actual_onshore_wind_generation,Wind Onshore | Actual Consumption,2026-08-02T23:51:38Z
2026-08-02T23:49:28Z,2026-08-03T01:49:28+0200,65d3fff1-7125-472d-bbc3-1b240f9c8d5b,2026-07-03T23:30:00Z,2026-07-04T01:30:00+0200,345.652,MW,NL,NL,actual_onshore_wind_generation,Wind Onshore | Actual Aggregated,2026-08-02T23:51:38Z
2026-08-02T23:49:28Z,2026-08-03T01:49:28+0200,65d3fff1-7125-472d-bbc3-1b240f9c8d5b,2026-07-03T23:30:00Z,2026-07-04T01:30:00+0200,1.547,MW,NL,NL,actual_onshore_wind_generation,Wind Onshore | Actual Consumption,2026-08-02T23:51:38Z
2026-08-02T23:49:28Z,2026-08-03T01:49:28+0200,65d3fff1-7125-472d-bbc3-1b240f9c8d5b,2026-07-03T23:45:00Z,2026-07-04T01:45:00+0200,386.211,MW,NL,NL,actual_onshore_wind_generation,Wind Onshore | Actual Aggregated,2026-08-02T23:51:38Z
2026-08-02T23:49:28Z,2026-08-03T01:49:28+0200,65d3fff1-7125-472d-bbc3-1b240f9c8d5b,2026-07-03T23:45:00Z,2026-07-04T01:45:00+0200,1.398,MW,NL,NL,actual_onshore_wind_generation,Wind Onshore | Actual Consumption,2026-08-02T23:51:38Z
2026-08-02T23:49:28Z,2026-08-03T01:49:28+0200,65d3fff1-7125-472d-bbc3-1b240f9c8d5b,2026-07-04T00:00:00Z,2026-07-04T02:00:00+0200,434.848,MW,NL,NL,actual_onshore_wind_generation,Wind Onshore | Actual Aggregated,2026-08-02T23:51:38Z
2026-08-02T23:49:28Z,2026-08-03T01:49:28+0200,65d3fff1-7125-472d-bbc3-1b240f9c8d5b,2026-07-04T00:00:00Z,2026-07-04T02:00:00+0200,1.39,MW,NL,NL,actual_onshore_wind_generation,Wind Onshore | Actual Consumption,2026-08-02T23:51:38Z
2026-08-02T23:49:28Z,2026-08-03T01:49:28+0200,65d3fff1-7125-472d-bbc3-1b240f9c8d5b,2026-07-04T00:15:00Z,2026-07-04T02:15:00+0200,463.484,MW,NL,NL,actual_onshore_wind_generation,Wind Onshore | Actual Aggregated,2026-08-02T23:51:38Z
2026-08-02T23:49:28Z,2026-08-03T01:49:28+0200,65d3fff1-7125-472d-bbc3-1b240f9c8d5b,2026-07-04T00:15:00Z,2026-07-04T02:15:00+0200,1.39,MW,NL,NL,actual_onshore_wind_generation,Wind Onshore | Actual Consumption,2026-08-02T23:51:38Z
2026-08-02T23:49:28Z,2026-08-03T01:49:28+0200,65d3fff1-7125-472d-bbc3-1b240f9c8d5b,2026-07-04T00:30:00Z,2026-07-04T02:30:00+0200,546.968,MW,NL,NL,actual_onshore_wind_generation,Wind Onshore | Actual Aggregated,2026-08-02T23:51:38Z
2026-08-02T23:49:28Z,2026-08-03T01:49:28+0200,65d3fff1-7125-472d-bbc3-1b240f9c8d5b,2026-07-04T00:30:00Z,2026-07-04T02:30:00+0200,1.314,MW,NL,NL,actual_onshore_wind_generation,Wind Onshore | Actual Consumption,2026-08-02T23:51:38Z
2026-08-02T23:49:28Z,2026-08-03T01:49:28+0200,65d3fff1-7125-472d-bbc3-1b240f9c8d5b,2026-07-04T00:45:00Z,2026-07-04T02:45:00+0200,619.522,MW,NL,NL,actual_onshore_wind_generation,Wind Onshore | Actual Aggregated,2026-08-02T23:51:38Z
2026-08-02T23:49:28Z,2026-08-03T01:49:28+0200,65d3fff1-7125-472d-bbc3-1b240f9c8d5b,2026-07-04T00:45:00Z,2026-07-04T02:45:00+0200,1.29,MW,NL,NL,actual_onshore_wind_generation,Wind Onshore | Actual Consumption,2026-08-02T23:51:38Z
2026-08-02T23:49:28Z,2026-08-03T01:49:28+0200,65d3fff1-7125-472d-bbc3-1b240f9c8d5b,2026-07-04T01:00:00Z,2026-07-04T03:00:00+0200,668.159,MW,NL,NL,actual_onshore_wind_generation,Wind Onshore | Actual Aggregated,2026-08-02T23:51:38Z
2026-08-02T23:49:28Z,2026-08-03T01:49:28+0200,65d3fff1-7125-472d-bbc3-1b240f9c8d5b,2026-07-04T01:00:00Z,2026-07-04T03:00:00+0200,1.294,MW,NL,NL,actual_onshore_wind_generation,Wind Onshore | Actual Consumption,2026-08-02T23:51:38Z
2026-08-02T23:49:28Z,2026-08-03T01:49:28+0200,65d3fff1-7125-472d-bbc3-1b240f9c8d5b,2026-07-04T01:15:00Z,2026-07-04T03:15:00+0200,696.074,MW,NL,NL,actual_onshore_wind_generation,Wind Onshore | Actual Aggregated,2026-08-02T23:51:38Z
2026-08-02T23:49:28Z,2026-08-03T01:49:28+0200,65d3fff1-7125-472d-bbc3-1b240f9c8d5b,2026-07-04T01:15:00Z,2026-07-04T03:15:00+0200,1.332,MW,NL,NL,actual_onshore_wind_generation,Wind Onshore | Actual Consumption,2026-08-02T23:51:38Z
2026-08-02T23:49:28Z,2026-08-03T01:49:28+0200,65d3fff1-7125-472d-bbc3-1b240f9c8d5b,2026-07-04T01:30:00Z,2026-07-04T03:30:00+0200,694.517,MW,NL,NL,actual_onshore_wind_generation,Wind Onshore | Actual Aggregated,2026-08-02T23:51:38Z
2026-08-02T23:49:28Z,2026-08-03T01:49:28+0200,65d3fff1-7125-472d-bbc3-1b240f9c8d5b,2026-07-04T01:30:00Z,2026-07-04T03:30:00+0200,1.354,MW,NL,NL,actual_onshore_wind_generation,Wind Onshore | Actual Consumption,2026-08-02T23:51:38Z
2026-08-02T23:49:28Z,2026-08-03T01:49:28+0200,65d3fff1-7125-472d-bbc3-1b240f9c8d5b,2026-07-04T01:45:00Z,2026-07-04T03:45:00+0200,738.328,MW,NL,NL,actual_onshore_wind_generation,Wind Onshore | Actual Aggregated,2026-08-02T23:51:38Z
2026-08-02T23:49:28Z,2026-08-03T01:49:28+0200,65d3fff1-7125-472d-bbc3-1b240f9c8d5b,2026-07-04T01:45:00Z,2026-07-04T03:45:00+0200,1.322,MW,NL,NL,actual_onshore_wind_generation,Wind Onshore | Actual Consumption,2026-08-02T23:51:38Z
2026-08-02T23:49:28Z,2026-08-03T01:49:28+0200,65d3fff1-7125-472d-bbc3-1b240f9c8d5b,2026-07-04T02:00:00Z,2026-07-04T04:00:00+0200,847.435,MW,NL,NL,actual_onshore_wind_generation,Wind Onshore | Actual Aggregated,2026-08-02T23:51:38Z
2026-08-02T23:49:28Z,2026-08-03T01:49:28+0200,65d3fff1-7125-472d-bbc3-1b240f9c8d5b,2026-07-04T02:00:00Z,2026-07-04T04:00:00+0200,1.325,MW,NL,NL,actual_onshore_wind_generation,Wind Onshore | Actual Consumption,2026-08-02T23:51:38Z
2026-08-02T23:49:28Z,2026-08-03T01:49:28+0200,65d3fff1-7125-472d-bbc3-1b240f9c8d5b,2026-07-04T02:15:00Z,2026-07-04T04:15:00+0200,870.794,MW,NL,NL,actual_onshore_wind_generation,Wind Onshore | Actual Aggregated,2026-08-02T23:51:38Z
2026-08-02T23:49:28Z,2026-08-03T01:49:28+0200,65d3fff1-7125-472d-bbc3-1b240f9c8d5b,2026-07-04T02:15:00Z,2026-07-04T04:15:00+0200,1.3,MW,NL,NL,actual_onshore_wind_generation,Wind Onshore | Actual Consumption,2026-08-02T23:51:38Z
2026-08-02T23:49:28Z,2026-08-03T01:49:28+0200,65d3fff1-7125-472d-bbc3-1b240f9c8d5b,2026-07-04T02:30:00Z,2026-07-04T04:30:00+0200,851.009,MW,NL,NL,actual_onshore_wind_generation,Wind Onshore | Actual Aggregated,2026-08-02T23:51:38Z
2026-08-02T23:49:28Z,2026-08-03T01:49:28+0200,65d3fff1-7125-472d-bbc3-1b240f9c8d5b,2026-07-04T02:30:00Z,2026-07-04T04:30:00+0200,1.324,MW,NL,NL,actual_onshore_wind_generation,Wind Onshore | Actual Consumption,2026-08-02T23:51:38Z
2026-08-02T23:49:28Z,2026-08-03T01:49:28+0200,65d3fff1-7125-472d-bbc3-1b240f9c8d5b,2026-07-04T02:45:00Z,2026-07-04T04:45:00+0200,865.204,MW,NL,NL,actual_onshore_wind_generation,Wind Onshore | Actual Aggregated,2026-08-02T23:51:38Z
2026-08-02T23:49:28Z,2026-08-03T01:49:28+0200,65d3fff1-7125-472d-bbc3-1b240f9c8d5b,2026-07-04T02:45:00Z,2026-07-04T04:45:00+0200,1.291,MW,NL,NL,actual_onshore_wind_generation,Wind Onshore | Actual Consumption,2026-08-02T23:51:38Z
2026-08-02T23:49:28Z,2026-08-03T01:49:28+0200,65d3fff1-7125-472d-bbc3-1b240f9c8d5b,2026-07-04T03:00:00Z,2026-07-04T05:00:00+0200,887.318,MW,NL,NL,actual_onshore_wind_generation,Wind Onshore | Actual Aggregated,2026-08-02T23:51:38Z
2026-08-02T23:49:28Z,2026-08-03T01:49:28+0200,65d3fff1-7125-472d-bbc3-1b240f9c8d5b,2026-07-04T03:00:00Z,2026-07-04T05:00:00+0200,1.187,MW,NL,NL,actual_onshore_wind_generation,Wind Onshore | Actual Consumption,2026-08-02T23:51:38Z
2026-08-02T23:49:28Z,2026-08-03T01:49:28+0200,65d3fff1-7125-472d-bbc3-1b240f9c8d5b,2026-07-04T03:15:00Z,2026-07-04T05:15:00+0200,935.251,MW,NL,NL,actual_onshore_wind_generation,Wind Onshore | Actual Aggregated,2026-08-02T23:51:38Z
2026-08-02T23:49:28Z,2026-08-03T01:49:28+0200,65d3fff1-7125-472d-bbc3-1b240f9c8d5b,2026-07-04T03:15:00Z,2026-07-04T05:15:00+0200,1.018,MW,NL,NL,actual_onshore_wind_generation,Wind Onshore | Actual Consumption,2026-08-02T23:51:38Z
2026-08-02T23:49:28Z,2026-08-03T01:49:28+0200,65d3fff1-7125-472d-bbc3-1b240f9c8d5b,2026-07-04T03:30:00Z,2026-07-04T05:30:00+0200,961.92,MW,NL,NL,actual_onshore_wind_generation,Wind Onshore | Actual Aggregated,2026-08-02T23:51:38Z
2026-08-02T23:49:28Z,2026-08-03T01:49:28+0200,65d3fff1-7125-472d-bbc3-1b240f9c8d5b,2026-07-04T03:30:00Z,2026-07-04T05:30:00+0200,0.917,MW,NL,NL,actual_onshore_wind_generation,Wind Onshore | Actual Consumption,2026-08-02T23:51:38Z
2026-08-02T23:49:28Z,2026-08-03T01:49:28+0200,65d3fff1-7125-472d-bbc3-1b240f9c8d5b,2026-07-04T03:45:00Z,2026-07-04T05:45:00+0200,956.4,MW,NL,NL,actual_onshore_wind_generation,Wind Onshore | Actual Aggregated,2026-08-02T23:51:38Z
2026-08-02T23:49:28Z,2026-08-03T01:49:28+0200,65d3fff1-7125-472d-bbc3-1b240f9c8d5b,2026-07-04T03:45:00Z,2026-07-04T05:45:00+0200,0.312,MW,NL,NL,actual_onshore_wind_generation,Wind Onshore | Actual Consumption,2026-08-02T23:51:38Z
2026-08-02T23:49:28Z,2026-08-03T01:49:28+0200,65d3fff1-7125-472d-bbc3-1b240f9c8d5b,2026-07-04T04:00:00Z,2026-07-04T06:00:00+0200,943.069,MW,NL,NL,actual_onshore_wind_generation,Wind Onshore | Actual Aggregated,2026-08-02T23:51:38Z
2026-08-02T23:49:28Z,2026-08-03T01:49:28+0200,65d3fff1-7125-472d-bbc3-1b240f9c8d5b,2026-07-04T04:00:00Z,2026-07-04T06:00:00+0200,0.301,MW,NL,NL,actual_onshore_wind_generation,Wind Onshore | Actual Consumption,2026-08-02T23:51:38Z
2026-08-02T23:49:28Z,2026-08-03T01:49:28+0200,65d3fff1-7125-472d-bbc3-1b240f9c8d5b,2026-07-04T04:15:00Z,2026-07-04T06:15:00+0200,921.746,MW,NL,NL,actual_onshore_wind_generation,Wind Onshore | Actual Aggregated,2026-08-02T23:51:38Z
2026-08-02T23:49:28Z,2026-08-03T01:49:28+0200,65d3fff1-7125-472d-bbc3-1b240f9c8d5b,2026-07-04T04:15:00Z,2026-07-04T06:15:00+0200,0.294,MW,NL,NL,actual_onshore_wind_generation,Wind Onshore | Actual Consumption,2026-08-02T23:51:38Z
2026-08-02T23:49:28Z,2026-08-03T01:49:28+0200,65d3fff1-7125-472d-bbc3-1b240f9c8d5b,2026-07-04T04:30:00Z,2026-07-04T06:30:00+0200,910.413,MW,NL,NL,actual_onshore_wind_generation,Wind Onshore | Actual Aggregated,2026-08-02T23:51:38Z
2026-08-02T23:49:28Z,2026-08-03T01:49:28+0200,65d3fff1-7125-472d-bbc3-1b240f9c8d5b,2026-07-04T04:30:00Z,2026-07-04T06:30:00+0200,0.265,MW,NL,NL,actual_onshore_wind_generation,Wind Onshore | Actual Consumption,2026-08-02T23:51:38Z
2026-08-02T23:49:28Z,2026-08-03T01:49:28+0200,65d3fff1-7125-472d-bbc3-1b240f9c8d5b,2026-07-04T04:45:00Z,2026-07-04T06:45:00+0200,954.302,MW,NL,NL,actual_onshore_wind_generation,Wind Onshore | Actual Aggregated,2026-08-02T23:51:38Z
2026-08-02T23:49:28Z,2026-08-03T01:49:28+0200,65d3fff1-7125-472d-bbc3-1b240f9c8d5b,2026-07-04T04:45:00Z,2026-07-04T06:45:00+0200,0.247,MW,NL,NL,actual_onshore_wind_generation,Wind Onshore | Actual Consumption,2026-08-02T23:51:38Z
2026-08-02T23:49:28Z,2026-08-03T01:49:28+0200,65d3fff1-7125-472d-bbc3-1b240f9c8d5b,2026-07-04T05:00:00Z,2026-07-04T07:00:00+0200,1033.017,MW,NL,NL,actual_onshore_wind_generation,Wind Onshore | Actual Aggregated,2026-08-02T23:51:38Z
2026-08-02T23:49:28Z,2026-08-03T01:49:28+0200,65d3fff1-7125-472d-bbc3-1b240f9c8d5b,2026-07-04T05:00:00Z,2026-07-04T07:00:00+0200,0.249,MW,NL,NL,actual_onshore_wind_generation,Wind Onshore | Actual Consumption,2026-08-02T23:51:38Z
2026-08-02T23:49:28Z,2026-08-03T01:49:28+0200,65d3fff1-7125-472d-bbc3-1b240f9c8d5b,2026-07-04T05:15:00Z,2026-07-04T07:15:00+0200,1154.404,MW,NL,NL,actual_onshore_wind_generation,Wind Onshore | Actual Aggregated,2026-08-02T23:51:38Z
2026-08-02T23:49:28Z,2026-08-03T01:49:28+0200,65d3fff1-7125-472d-bbc3-1b240f9c8d5b,2026-07-04T05:15:00Z,2026-07-04T07:15:00+0200,0.274,MW,NL,NL,actual_onshore_wind_generation,Wind Onshore | Actual Consumption,2026-08-02T23:51:38Z
2026-08-02T23:49:28Z,2026-08-03T01:49:28+0200,65d3fff1-7125-472d-bbc3-1b240f9c8d5b,2026-07-04T05:30:00Z,2026-07-04T07:30:00+0200,1217.195,MW,NL,NL,actual_onshore_wind_generation,Wind Onshore | Actual Aggregated,2026-08-02T23:51:38Z
2026-08-02T23:49:28Z,2026-08-03T01:49:28+0200,65d3fff1-7125-472d-bbc3-1b240f9c8d5b,2026-07-04T05:30:00Z,2026-07-04T07:30:00+0200,0.266,MW,NL,NL,actual_onshore_wind_generation,Wind Onshore | Actual Consumption,2026-08-02T23:51:38Z
2026-08-02T23:49:28Z,2026-08-03T01:49:28+0200,65d3fff1-7125-472d-bbc3-1b240f9c8d5b,2026-07-04T05:45:00Z,2026-07-04T07:45:00+0200,1212.255,MW,NL,NL,actual_onshore_wind_generation,Wind Onshore | Actual Aggregated,2026-08-02T23:51:38Z
2026-08-02T23:49:28Z,2026-08-03T01:49:28+0200,65d3fff1-7125-472d-bbc3-1b240f9c8d5b,2026-07-04T05:45:00Z,2026-07-04T07:45:00+0200,0.202,MW,NL,NL,actual_onshore_wind_generation,Wind Onshore | Actual Consumption,2026-08-02T23:51:38Z
2026-08-02T23:49:28Z,2026-08-03T01:49:28+0200,65d3fff1-7125-472d-bbc3-1b240f9c8d5b,2026-07-04T06:00:00Z,2026-07-04T08:00:00+0200,1205.137,MW,NL,NL,actual_onshore_wind_generation,Wind Onshore | Actual Aggregated,2026-08-02T23:51:38Z
2026-08-02T23:49:28Z,2026-08-03T01:49:28+0200,65d3fff1-7125-472d-bbc3-1b240f9c8d5b,2026-07-04T06:00:00Z,2026-07-04T08:00:00+0200,0.171,MW,NL,NL,actual_onshore_wind_generation,Wind Onshore | Actual Consumption,2026-08-02T23:51:38Z
2026-08-02T23:49:28Z,2026-08-03T01:49:28+0200,65d3fff1-7125-472d-bbc3-1b240f9c8d5b,2026-07-04T06:15:00Z,2026-07-04T08:15:00+0200,1175.365,MW,NL,NL,actual_onshore_wind_generation,Wind Onshore | Actual Aggregated,2026-08-02T23:51:38Z
2026-08-02T23:49:28Z,2026-08-03T01:49:28+0200,65d3fff1-7125-472d-bbc3-1b240f9c8d5b,2026-07-04T06:15:00Z,2026-07-04T08:15:00+0200,0.214,MW,NL,NL,actual_onshore_wind_generation,Wind Onshore | Actual Consumption,2026-08-02T23:51:38Z
2026-08-02T23:49:28Z,2026-08-03T01:49:28+0200,65d3fff1-7125-472d-bbc3-1b240f9c8d5b,2026-07-04T06:30:00Z,2026-07-04T08:30:00+0200,1130.504,MW,NL,NL,actual_onshore_wind_generation,Wind Onshore | Actual Aggregated,2026-08-02T23:51:38Z
2026-08-02T23:49:28Z,2026-08-03T01:49:28+0200,65d3fff1-7125-472d-bbc3-1b240f9c8d5b,2026-07-04T06:30:00Z,2026-07-04T08:30:00+0200,0.257,MW,NL,NL,actual_onshore_wind_generation,Wind Onshore | Actual Consumption,2026-08-02T23:51:38Z
2026-08-02T23:49:28Z,2026-08-03T01:49:28+0200,65d3fff1-7125-472d-bbc3-1b240f9c8d5b,2026-07-04T06:45:00Z,2026-07-04T08:45:00+0200,1059.872,MW,NL,NL,actual_onshore_wind_generation,Wind Onshore | Actual Aggregated,2026-08-02T23:51:38Z
2026-08-02T23:49:28Z,2026-08-03T01:49:28+0200,65d3fff1-7125-472d-bbc3-1b240f9c8d5b,2026-07-04T06:45:00Z,2026-07-04T08:45:00+0200,0.321,MW,NL,NL,actual_onshore_wind_generation,Wind Onshore | Actual Consumption,2026-08-02T23:51:38Z
2026-08-02T23:49:28Z,2026-08-03T01:49:28+0200,65d3fff1-7125-472d-bbc3-1b240f9c8d5b,2026-07-04T07:00:00Z,2026-07-04T09:00:00+0200,1095.964,MW,NL,NL,actual_onshore_wind_generation,Wind Onshore | Actual Aggregated,2026-08-02T23:51:38Z
2026-08-02T23:49:28Z,2026-08-03T01:49:28+0200,65d3fff1-7125-472d-bbc3-1b240f9c8d5b,2026-07-04T07:00:00Z,2026-07-04T09:00:00+0200,0.349,MW,NL,NL,actual_onshore_wind_generation,Wind Onshore | Actual Consumption,2026-08-02T23:51:38Z
2026-08-02T23:49:28Z,2026-08-03T01:49:28+0200,65d3fff1-7125-472d-bbc3-1b240f9c8d5b,2026-07-04T07:15:00Z,2026-07-04T09:15:00+0200,1112.677,MW,NL,NL,actual_onshore_wind_generation,Wind Onshore | Actual Aggregated,2026-08-02T23:51:38Z
2026-08-02T23:49:28Z,2026-08-03T01:49:28+0200,65d3fff1-7125-472d-bbc3-1b240f9c8d5b,2026-07-04T07:15:00Z,2026-07-04T09:15:00+0200,0.425,MW,NL,NL,actual_onshore_wind_generation,Wind Onshore | Actual Consumption,2026-08-02T23:51:38Z
2026-08-02T23:49:28Z,2026-08-03T01:49:28+0200,65d3fff1-7125-472d-bbc3-1b240f9c8d5b,2026-07-04T07:30:00Z,2026-07-04T09:30:00+0200,1151.685,MW,NL,NL,actual_onshore_wind_generation,Wind Onshore | Actual Aggregated,2026-08-02T23:51:38Z
2026-08-02T23:49:28Z,2026-08-03T01:49:28+0200,65d3fff1-7125-472d-bbc3-1b240f9c8d5b,2026-07-04T07:30:00Z,2026-07-04T09:30:00+0200,0.442,MW,NL,NL,actual_onshore_wind_generation,Wind Onshore | Actual Consumption,2026-08-02T23:51:38Z
2026-08-02T23:49:28Z,2026-08-03T01:49:28+0200,65d3fff1-7125-472d-bbc3-1b240f9c8d5b,2026-07-04T07:45:00Z,2026-07-04T09:45:00+0200,1281.737,MW,NL,NL,actual_onshore_wind_generation,Wind Onshore | Actual Aggregated,2026-08-02T23:51:38Z
2026-08-02T23:49:28Z,2026-08-03T01:49:28+0200,65d3fff1-7125-472d-bbc3-1b240f9c8d5b,2026-07-04T07:45:00Z,2026-07-04T09:45:00+0200,0.454,MW,NL,NL,actual_onshore_wind_generation,Wind Onshore | Actual Consumption,2026-08-02T23:51:38Z
2026-08-02T23:49:28Z,2026-08-03T01:49:28+0200,65d3fff1-7125-472d-bbc3-1b240f9c8d5b,2026-07-04T08:00:00Z,2026-07-04T10:00:00+0200,1295.412,MW,NL,NL,actual_onshore_wind_generation,Wind Onshore | Actual Aggregated,2026-08-02T23:51:38Z
2026-08-02T23:49:28Z,2026-08-03T01:49:28+0200,65d3fff1-7125-472d-bbc3-1b240f9c8d5b,2026-07-04T08:00:00Z,2026-07-04T10:00:00+0200,0.54,MW,NL,NL,actual_onshore_wind_generation,Wind Onshore | Actual Consumption,2026-08-02T23:51:38Z
2026-08-02T23:49:28Z,2026-08-03T01:49:28+0200,65d3fff1-7125-472d-bbc3-1b240f9c8d5b,2026-07-04T08:15:00Z,2026-07-04T10:15:00+0200,1271.782,MW,NL,NL,actual_onshore_wind_generation,Wind Onshore | Actual Aggregated,2026-08-02T23:51:38Z
2026-08-02T23:49:28Z,2026-08-03T01:49:28+0200,65d3fff1-7125-472d-bbc3-1b240f9c8d5b,2026-07-04T08:15:00Z,2026-07-04T10:15:00+0200,0.798,MW,NL,NL,actual_onshore_wind_generation,Wind Onshore | Actual Consumption,2026-08-02T23:51:38Z
2026-08-02T23:49:28Z,2026-08-03T01:49:28+0200,65d3fff1-7125-472d-bbc3-1b240f9c8d5b,2026-07-04T08:30:00Z,2026-07-04T10:30:00+0200,1115.256,MW,NL,NL,actual_onshore_wind_generation,Wind Onshore | Actual Aggregated,2026-08-02T23:51:38Z
2026-08-02T23:49:28Z,2026-08-03T01:49:28+0200,65d3fff1-7125-472d-bbc3-1b240f9c8d5b,2026-07-04T08:30:00Z,2026-07-04T10:30:00+0200,1.158,MW,NL,NL,actual_onshore_wind_generation,Wind Onshore | Actual Consumption,2026-08-02T23:51:38Z
2026-08-02T23:49:28Z,2026-08-03T01:49:28+0200,65d3fff1-7125-472d-bbc3-1b240f9c8d5b,2026-07-04T08:45:00Z,2026-07-04T10:45:00+0200,1314.008,MW,NL,NL,actual_onshore_wind_generation,Wind Onshore | Actual Aggregated,2026-08-02T23:51:38Z
2026-08-02T23:49:28Z,2026-08-03T01:49:28+0200,65d3fff1-7125-472d-bbc3-1b240f9c8d5b,2026-07-04T08:45:00Z,2026-07-04T10:45:00+0200,1.212,MW,NL,NL,actual_onshore_wind_generation,Wind Onshore | Actual Consumption,2026-08-02T23:51:38Z
2026-08-02T23:49:28Z,2026-08-03T01:49:28+0200,65d3fff1-7125-472d-bbc3-1b240f9c8d5b,2026-07-04T09:00:00Z,2026-07-04T11:00:00+0200,1283.804,MW,NL,NL,actual_onshore_wind_generation,Wind Onshore | Actual Aggregated,2026-08-02T23:51:38Z
2026-08-02T23:49:28Z,2026-08-03T01:49:28+0200,65d3fff1-7125-472d-bbc3-1b240f9c8d5b,2026-07-04T09:00:00Z,2026-07-04T11:00:00+0200,1.251,MW,NL,NL,actual_onshore_wind_generation,Wind Onshore | Actual Consumption,2026-08-02T23:51:38Z
2026-08-02T23:49:28Z,2026-08-03T01:49:28+0200,65d3fff1-7125-472d-bbc3-1b240f9c8d5b,2026-07-04T09:15:00Z,2026-07-04T11:15:00+0200,1316.259,MW,NL,NL,actual_onshore_wind_generation,Wind Onshore | Actual Aggregated,2026-08-02T23:51:38Z
2026-08-02T23:49:28Z,2026-08-03T01:49:28+0200,65d3fff1-7125-472d-bbc3-1b240f9c8d5b,2026-07-04T09:15:00Z,2026-07-04T11:15:00+0200,1.383,MW,NL,NL,actual_onshore_wind_generation,Wind Onshore | Actual Consumption,2026-08-02T23:51:38Z
2026-08-02T23:49:28Z,2026-08-03T01:49:28+0200,65d3fff1-7125-472d-bbc3-1b240f9c8d5b,2026-07-04T09:30:00Z,2026-07-04T11:30:00+0200,1264.351,MW,NL,NL,actual_onshore_wind_generation,Wind Onshore | Actual Aggregated,2026-08-02T23:51:38Z
2026-08-02T23:49:28Z,2026-08-03T01:49:28+0200,65d3fff1-7125-472d-bbc3-1b240f9c8d5b,2026-07-04T09:30:00Z,2026-07-04T11:30:00+0200,1.251,MW,NL,NL,actual_onshore_wind_generation,Wind Onshore | Actual Consumption,2026-08-02T23:51:38Z
2026-08-02T23:49:28Z,2026-08-03T01:49:28+0200,65d3fff1-7125-472d-bbc3-1b240f9c8d5b,2026-07-04T09:45:00Z,2026-07-04T11:45:00+0200,1275.779,MW,NL,NL,actual_onshore_wind_generation,Wind Onshore | Actual Aggregated,2026-08-02T23:51:38Z
2026-08-02T23:49:28Z,2026-08-03T01:49:28+0200,65d3fff1-7125-472d-bbc3-1b240f9c8d5b,2026-07-04T09:45:00Z,2026-07-04T11:45:00+0200,1.294,MW,NL,NL,actual_onshore_wind_generation,Wind Onshore | Actual Consumption,2026-08-02T23:51:38Z
2026-08-02T23:49:28Z,2026-08-03T01:49:28+0200,65d3fff1-7125-472d-bbc3-1b240f9c8d5b,2026-07-04T10:00:00Z,2026-07-04T12:00:00+0200,1263.867,MW,NL,NL,actual_onshore_wind_generation,Wind Onshore | Actual Aggregated,2026-08-02T23:51:38Z
2026-08-02T23:49:28Z,2026-08-03T01:49:28+0200,65d3fff1-7125-472d-bbc3-1b240f9c8d5b,2026-07-04T10:00:00Z,2026-07-04T12:00:00+0200,1.502,MW,NL,NL,actual_onshore_wind_generation,Wind Onshore | Actual Consumption,2026-08-02T23:51:38Z
2026-08-02T23:49:28Z,2026-08-03T01:49:28+0200,65d3fff1-7125-472d-bbc3-1b240f9c8d5b,2026-07-04T10:15:00Z,2026-07-04T12:15:00+0200,1281.367,MW,NL,NL,actual_onshore_wind_generation,Wind Onshore | Actual Aggregated,2026-08-02T23:51:38Z
2026-08-02T23:49:28Z,2026-08-03T01:49:28+0200,65d3fff1-7125-472d-bbc3-1b240f9c8d5b,2026-07-04T10:15:00Z,2026-07-04T12:15:00+0200,1.628,MW,NL,NL,actual_onshore_wind_generation,Wind Onshore | Actual Consumption,2026-08-02T23:51:38Z
2026-08-02T23:49:28Z,2026-08-03T01:49:28+0200,65d3fff1-7125-472d-bbc3-1b240f9c8d5b,2026-07-04T10:30:00Z,2026-07-04T12:30:00+0200,1279.168,MW,NL,NL,actual_onshore_wind_generation,Wind Onshore | Actual Aggregated,2026-08-02T23:51:38Z
2026-08-02T23:49:28Z,2026-08-03T01:49:28+0200,65d3fff1-7125-472d-bbc3-1b240f9c8d5b,2026-07-04T10:30:00Z,2026-07-04T12:30:00+0200,1.442,MW,NL,NL,actual_onshore_wind_generation,Wind Onshore | Actual Consumption,2026-08-02T23:51:38Z
2026-08-02T23:49:28Z,2026-08-03T01:49:28+0200,65d3fff1-7125-472d-bbc3-1b240f9c8d5b,2026-07-04T10:45:00Z,2026-07-04T12:45:00+0200,1074.112,MW,NL,NL,actual_onshore_wind_generation,Wind Onshore | Actual Aggregated,2026-08-02T23:51:38Z
2026-08-02T23:49:28Z,2026-08-03T01:49:28+0200,65d3fff1-7125-472d-bbc3-1b240f9c8d5b,2026-07-04T10:45:00Z,2026-07-04T12:45:00+0200,1.669,MW,NL,NL,actual_onshore_wind_generation,Wind Onshore | Actual Consumption,2026-08-02T23:51:38Z
2026-08-02T23:49:28Z,2026-08-03T01:49:28+0200,65d3fff1-7125-472d-bbc3-1b240f9c8d5b,2026-07-04T11:00:00Z,2026-07-04T13:00:00+0200,1084.725,MW,NL,NL,actual_onshore_wind_generation,Wind Onshore | Actual Aggregated,2026-08-02T23:51:38Z
2026-08-02T23:49:28Z,2026-08-03T01:49:28+0200,65d3fff1-7125-472d-bbc3-1b240f9c8d5b,2026-07-04T11:00:00Z,2026-07-04T13:00:00+0200,1.615,MW,NL,NL,actual_onshore_wind_generation,Wind Onshore | Actual Consumption,2026-08-02T23:51:38Z
2026-08-02T23:49:28Z,2026-08-03T01:49:28+0200,65d3fff1-7125-472d-bbc3-1b240f9c8d5b,2026-07-04T11:15:00Z,2026-07-04T13:15:00+0200,945.346,MW,NL,NL,actual_onshore_wind_generation,Wind Onshore | Actual Aggregated,2026-08-02T23:51:38Z
2026-08-02T23:49:28Z,2026-08-03T01:49:28+0200,65d3fff1-7125-472d-bbc3-1b240f9c8d5b,2026-07-04T11:15:00Z,2026-07-04T13:15:00+0200,1.673,MW,NL,NL,actual_onshore_wind_generation,Wind Onshore | Actual Consumption,2026-08-02T23:51:38Z
2026-08-02T23:49:28Z,2026-08-03T01:49:28+0200,65d3fff1-7125-472d-bbc3-1b240f9c8d5b,2026-07-04T11:30:00Z,2026-07-04T13:30:00+0200,699.122,MW,NL,NL,actual_onshore_wind_generation,Wind Onshore | Actual Aggregated,2026-08-02T23:51:38Z
2026-08-02T23:49:28Z,2026-08-03T01:49:28+0200,65d3fff1-7125-472d-bbc3-1b240f9c8d5b,2026-07-04T11:30:00Z,2026-07-04T13:30:00+0200,1.178,MW,NL,NL,actual_onshore_wind_generation,Wind Onshore | Actual Consumption,2026-08-02T23:51:38Z
2026-08-02T23:49:28Z,2026-08-03T01:49:28+0200,65d3fff1-7125-472d-bbc3-1b240f9c8d5b,2026-07-04T11:45:00Z,2026-07-04T13:45:00+0200,937.767,MW,NL,NL,actual_onshore_wind_generation,Wind Onshore | Actual Aggregated,2026-08-02T23:51:38Z
2026-08-02T23:49:28Z,2026-08-03T01:49:28+0200,65d3fff1-7125-472d-bbc3-1b240f9c8d5b,2026-07-04T11:45:00Z,2026-07-04T13:45:00+0200,0.998,MW,NL,NL,actual_onshore_wind_generation,Wind Onshore | Actual Consumption,2026-08-02T23:51:38Z
2026-08-02T23:49:28Z,2026-08-03T01:49:28+0200,65d3fff1-7125-472d-bbc3-1b240f9c8d5b,2026-07-04T12:00:00Z,2026-07-04T14:00:00+0200,1035.915,MW,NL,NL,actual_onshore_wind_generation,Wind Onshore | Actual Aggregated,2026-08-02T23:51:38Z
2026-08-02T23:49:28Z,2026-08-03T01:49:28+0200,65d3fff1-7125-472d-bbc3-1b240f9c8d5b,2026-07-04T12:00:00Z,2026-07-04T14:00:00+0200,1.126,MW,NL,NL,actual_onshore_wind_generation,Wind Onshore | Actual Consumption,2026-08-02T23:51:38Z
2026-08-02T23:49:28Z,2026-08-03T01:49:28+0200,65d3fff1-7125-472d-bbc3-1b240f9c8d5b,2026-07-04T12:15:00Z,2026-07-04T14:15:00+0200,1140.768,MW,NL,NL,actual_onshore_wind_generation,Wind Onshore | Actual Aggregated,2026-08-02T23:51:38Z
2026-08-02T23:49:28Z,2026-08-03T01:49:28+0200,65d3fff1-7125-472d-bbc3-1b240f9c8d5b,2026-07-04T12:15:00Z,2026-07-04T14:15:00+0200,1.026,MW,NL,NL,actual_onshore_wind_generation,Wind Onshore | Actual Consumption,2026-08-02T23:51:38Z
2026-08-02T23:49:28Z,2026-08-03T01:49:28+0200,65d3fff1-7125-472d-bbc3-1b240f9c8d5b,2026-07-04T12:30:00Z,2026-07-04T14:30:00+0200,1158.603,MW,NL,NL,actual_onshore_wind_generation,Wind Onshore | Actual Aggregated,2026-08-02T23:51:38Z
2026-08-02T23:49:28Z,2026-08-03T01:49:28+0200,65d3fff1-7125-472d-bbc3-1b240f9c8d5b,2026-07-04T12:30:00Z,2026-07-04T14:30:00+0200,1.482,MW,NL,NL,actual_onshore_wind_generation,Wind Onshore | Actual Consumption,2026-08-02T23:51:38Z
2026-08-02T23:49:28Z,2026-08-03T01:49:28+0200,65d3fff1-7125-472d-bbc3-1b240f9c8d5b,2026-07-04T12:45:00Z,2026-07-04T14:45:00+0200,946.144,MW,NL,NL,actual_onshore_wind_generation,Wind Onshore | Actual Aggregated,2026-08-02T23:51:38Z
2026-08-02T23:49:28Z,2026-08-03T01:49:28+0200,65d3fff1-7125-472d-bbc3-1b240f9c8d5b,2026-07-04T12:45:00Z,2026-07-04T14:45:00+0200,1.579,MW,NL,NL,actual_onshore_wind_generation,Wind Onshore | Actual Consumption,2026-08-02T23:51:38Z
2026-08-02T23:49:28Z,2026-08-03T01:49:28+0200,65d3fff1-7125-472d-bbc3-1b240f9c8d5b,2026-07-04T13:00:00Z,2026-07-04T15:00:00+0200,1010.344,MW,NL,NL,actual_onshore_wind_generation,Wind Onshore | Actual Aggregated,2026-08-02T23:51:38Z
2026-08-02T23:49:28Z,2026-08-03T01:49:28+0200,65d3fff1-7125-472d-bbc3-1b240f9c8d5b,2026-07-04T13:00:00Z,2026-07-04T15:00:00+0200,1.514,MW,NL,NL,actual_onshore_wind_generation,Wind Onshore | Actual Consumption,2026-08-02T23:51:38Z
2026-08-02T23:49:28Z,2026-08-03T01:49:28+0200,65d3fff1-7125-472d-bbc3-1b240f9c8d5b,2026-07-04T13:15:00Z,2026-07-04T15:15:00+0200,1091.942,MW,NL,NL,actual_onshore_wind_generation,Wind Onshore | Actual Aggregated,2026-08-02T23:51:38Z
2026-08-02T23:49:28Z,2026-08-03T01:49:28+0200,65d3fff1-7125-472d-bbc3-1b240f9c8d5b,2026-07-04T13:15:00Z,2026-07-04T15:15:00+0200,1.548,MW,NL,NL,actual_onshore_wind_generation,Wind Onshore | Actual Consumption,2026-08-02T23:51:38Z
2026-08-02T23:49:28Z,2026-08-03T01:49:28+0200,65d3fff1-7125-472d-bbc3-1b240f9c8d5b,2026-07-04T13:30:00Z,2026-07-04T15:30:00+0200,1420.047,MW,NL,NL,actual_onshore_wind_generation,Wind Onshore | Actual Aggregated,2026-08-02T23:51:38Z
2026-08-02T23:49:28Z,2026-08-03T01:49:28+0200,65d3fff1-7125-472d-bbc3-1b240f9c8d5b,2026-07-04T13:30:00Z,2026-07-04T15:30:00+0200,1.489,MW,NL,NL,actual_onshore_wind_generation,Wind Onshore | Actual Consumption,2026-08-02T23:51:38Z
2026-08-02T23:49:28Z,2026-08-03T01:49:28+0200,65d3fff1-7125-472d-bbc3-1b240f9c8d5b,2026-07-04T13:45:00Z,2026-07-04T15:45:00+0200,1447.749,MW,NL,NL,actual_onshore_wind_generation,Wind Onshore | Actual Aggregated,2026-08-02T23:51:38Z
2026-08-02T23:49:28Z,2026-08-03T01:49:28+0200,65d3fff1-7125-472d-bbc3-1b240f9c8d5b,2026-07-04T13:45:00Z,2026-07-04T15:45:00+0200,1.05,MW,NL,NL,actual_onshore_wind_generation,Wind Onshore | Actual Consumption,2026-08-02T23:51:38Z
2026-08-02T23:49:28Z,2026-08-03T01:49:28+0200,65d3fff1-7125-472d-bbc3-1b240f9c8d5b,2026-07-04T14:00:00Z,2026-07-04T16:00:00+0200,1409.139,MW,NL,NL,actual_onshore_wind_generation,Wind Onshore | Actual Aggregated,2026-08-02T23:51:38Z
2026-08-02T23:49:28Z,2026-08-03T01:49:28+0200,65d3fff1-7125-472d-bbc3-1b240f9c8d5b,2026-07-04T14:00:00Z,2026-07-04T16:00:00+0200,1.48,MW,NL,NL,actual_onshore_wind_generation,Wind Onshore | Actual Consumption,2026-08-02T23:51:38Z
2026-08-02T23:49:28Z,2026-08-03T01:49:28+0200,65d3fff1-7125-472d-bbc3-1b240f9c8d5b,2026-07-04T14:15:00Z,2026-07-04T16:15:00+0200,1337.389,MW,NL,NL,actual_onshore_wind_generation,Wind Onshore | Actual Aggregated,2026-08-02T23:51:38Z
2026-08-02T23:49:28Z,2026-08-03T01:49:28+0200,65d3fff1-7125-472d-bbc3-1b240f9c8d5b,2026-07-04T14:15:00Z,2026-07-04T16:15:00+0200,1.355,MW,NL,NL,actual_onshore_wind_generation,Wind Onshore | Actual Consumption,2026-08-02T23:51:38Z
2026-08-02T23:49:28Z,2026-08-03T01:49:28+0200,65d3fff1-7125-472d-bbc3-1b240f9c8d5b,2026-07-04T14:30:00Z,2026-07-04T16:30:00+0200,1294.118,MW,NL,NL,actual_onshore_wind_generation,Wind Onshore | Actual Aggregated,2026-08-02T23:51:38Z
2026-08-02T23:49:28Z,2026-08-03T01:49:28+0200,65d3fff1-7125-472d-bbc3-1b240f9c8d5b,2026-07-04T14:30:00Z,2026-07-04T16:30:00+0200,1.099,MW,NL,NL,actual_onshore_wind_generation,Wind Onshore | Actual Consumption,2026-08-02T23:51:38Z
2026-08-02T23:49:28Z,2026-08-03T01:49:28+0200,65d3fff1-7125-472d-bbc3-1b240f9c8d5b,2026-07-04T14:45:00Z,2026-07-04T16:45:00+0200,1253.294,MW,NL,NL,actual_onshore_wind_generation,Wind Onshore | Actual Aggregated,2026-08-02T23:51:38Z
2026-08-02T23:49:28Z,2026-08-03T01:49:28+0200,65d3fff1-7125-472d-bbc3-1b240f9c8d5b,2026-07-04T14:45:00Z,2026-07-04T16:45:00+0200,0.899,MW,NL,NL,actual_onshore_wind_generation,Wind Onshore | Actual Consumption,2026-08-02T23:51:38Z
2026-08-02T23:49:28Z,2026-08-03T01:49:28+0200,65d3fff1-7125-472d-bbc3-1b240f9c8d5b,2026-07-04T15:00:00Z,2026-07-04T17:00:00+0200,1286.512,MW,NL,NL,actual_onshore_wind_generation,Wind Onshore | Actual Aggregated,2026-08-02T23:51:38Z
2026-08-02T23:49:28Z,2026-08-03T01:49:28+0200,65d3fff1-7125-472d-bbc3-1b240f9c8d5b,2026-07-04T15:00:00Z,2026-07-04T17:00:00+0200,0.265,MW,NL,NL,actual_onshore_wind_generation,Wind Onshore | Actual Consumption,2026-08-02T23:51:38Z
2026-08-02T23:49:28Z,2026-08-03T01:49:28+0200,65d3fff1-7125-472d-bbc3-1b240f9c8d5b,2026-07-04T15:15:00Z,2026-07-04T17:15:00+0200,1247.656,MW,NL,NL,actual_onshore_wind_generation,Wind Onshore | Actual Aggregated,2026-08-02T23:51:38Z
2026-08-02T23:49:28Z,2026-08-03T01:49:28+0200,65d3fff1-7125-472d-bbc3-1b240f9c8d5b,2026-07-04T15:15:00Z,2026-07-04T17:15:00+0200,0.237,MW,NL,NL,actual_onshore_wind_generation,Wind Onshore | Actual Consumption,2026-08-02T23:51:38Z
2026-08-02T23:49:28Z,2026-08-03T01:49:28+0200,65d3fff1-7125-472d-bbc3-1b240f9c8d5b,2026-07-04T15:30:00Z,2026-07-04T17:30:00+0200,1240.831,MW,NL,NL,actual_onshore_wind_generation,Wind Onshore | Actual Aggregated,2026-08-02T23:51:38Z
2026-08-02T23:49:28Z,2026-08-03T01:49:28+0200,65d3fff1-7125-472d-bbc3-1b240f9c8d5b,2026-07-04T15:30:00Z,2026-07-04T17:30:00+0200,0.19,MW,NL,NL,actual_onshore_wind_generation,Wind Onshore | Actual Consumption,2026-08-02T23:51:38Z
2026-08-02T23:49:28Z,2026-08-03T01:49:28+0200,65d3fff1-7125-472d-bbc3-1b240f9c8d5b,2026-07-04T15:45:00Z,2026-07-04T17:45:00+0200,1219.716,MW,NL,NL,actual_onshore_wind_generation,Wind Onshore | Actual Aggregated,2026-08-02T23:51:38Z
2026-08-02T23:49:28Z,2026-08-03T01:49:28+0200,65d3fff1-7125-472d-bbc3-1b240f9c8d5b,2026-07-04T15:45:00Z,2026-07-04T17:45:00+0200,0.17,MW,NL,NL,actual_onshore_wind_generation,Wind Onshore | Actual Consumption,2026-08-02T23:51:38Z
2026-08-02T23:49:28Z,2026-08-03T01:49:28+0200,65d3fff1-7125-472d-bbc3-1b240f9c8d5b,2026-07-04T16:00:00Z,2026-07-04T18:00:00+0200,1179.537,MW,NL,NL,actual_onshore_wind_generation,Wind Onshore | Actual Aggregated,2026-08-02T23:51:38Z
2026-08-02T23:49:28Z,2026-08-03T01:49:28+0200,65d3fff1-7125-472d-bbc3-1b240f9c8d5b,2026-07-04T16:00:00Z,2026-07-04T18:00:00+0200,0.194,MW,NL,NL,actual_onshore_wind_generation,Wind Onshore | Actual Consumption,2026-08-02T23:51:38Z
2026-08-02T23:49:28Z,2026-08-03T01:49:28+0200,65d3fff1-7125-472d-bbc3-1b240f9c8d5b,2026-07-04T16:15:00Z,2026-07-04T18:15:00+0200,1168.377,MW,NL,NL,actual_onshore_wind_generation,Wind Onshore | Actual Aggregated,2026-08-02T23:51:38Z
2026-08-02T23:49:28Z,2026-08-03T01:49:28+0200,65d3fff1-7125-472d-bbc3-1b240f9c8d5b,2026-07-04T16:15:00Z,2026-07-04T18:15:00+0200,0.179,MW,NL,NL,actual_onshore_wind_generation,Wind Onshore | Actual Consumption,2026-08-02T23:51:38Z
2026-08-02T23:49:28Z,2026-08-03T01:49:28+0200,65d3fff1-7125-472d-bbc3-1b240f9c8d5b,2026-07-04T16:30:00Z,2026-07-04T18:30:00+0200,1071.603,MW,NL,NL,actual_onshore_wind_generation,Wind Onshore | Actual Aggregated,2026-08-02T23:51:38Z
2026-08-02T23:49:28Z,2026-08-03T01:49:28+0200,65d3fff1-7125-472d-bbc3-1b240f9c8d5b,2026-07-04T16:30:00Z,2026-07-04T18:30:00+0200,0.252,MW,NL,NL,actual_onshore_wind_generation,Wind Onshore | Actual Consumption,2026-08-02T23:51:38Z
2026-08-02T23:49:28Z,2026-08-03T01:49:28+0200,65d3fff1-7125-472d-bbc3-1b240f9c8d5b,2026-07-04T16:45:00Z,2026-07-04T18:45:00+0200,1170.963,MW,NL,NL,actual_onshore_wind_generation,Wind Onshore | Actual Aggregated,2026-08-02T23:51:38Z
2026-08-02T23:49:28Z,2026-08-03T01:49:28+0200,65d3fff1-7125-472d-bbc3-1b240f9c8d5b,2026-07-04T16:45:00Z,2026-07-04T18:45:00+0200,0.182,MW,NL,NL,actual_onshore_wind_generation,Wind Onshore | Actual Consumption,2026-08-02T23:51:38Z
2026-08-02T23:49:28Z,2026-08-03T01:49:28+0200,65d3fff1-7125-472d-bbc3-1b240f9c8d5b,2026-07-04T17:00:00Z,2026-07-04T19:00:00+0200,1095.723,MW,NL,NL,actual_onshore_wind_generation,Wind Onshore | Actual Aggregated,2026-08-02T23:51:38Z
2026-08-02T23:49:28Z,2026-08-03T01:49:28+0200,65d3fff1-7125-472d-bbc3-1b240f9c8d5b,2026-07-04T17:00:00Z,2026-07-04T19:00:00+0200,0.156,MW,NL,NL,actual_onshore_wind_generation,Wind Onshore | Actual Consumption,2026-08-02T23:51:38Z
2026-08-02T23:49:28Z,2026-08-03T01:49:28+0200,65d3fff1-7125-472d-bbc3-1b240f9c8d5b,2026-07-04T17:15:00Z,2026-07-04T19:15:00+0200,968.9,MW,NL,NL,actual_onshore_wind_generation,Wind Onshore | Actual Aggregated,2026-08-02T23:51:38Z
2026-08-02T23:49:28Z,2026-08-03T01:49:28+0200,65d3fff1-7125-472d-bbc3-1b240f9c8d5b,2026-07-04T17:15:00Z,2026-07-04T19:15:00+0200,0.174,MW,NL,NL,actual_onshore_wind_generation,Wind Onshore | Actual Consumption,2026-08-02T23:51:38Z
2026-08-02T23:49:28Z,2026-08-03T01:49:28+0200,65d3fff1-7125-472d-bbc3-1b240f9c8d5b,2026-07-04T17:30:00Z,2026-07-04T19:30:00+0200,876.126,MW,NL,NL,actual_onshore_wind_generation,Wind Onshore | Actual Aggregated,2026-08-02T23:51:38Z
2026-08-02T23:49:28Z,2026-08-03T01:49:28+0200,65d3fff1-7125-472d-bbc3-1b240f9c8d5b,2026-07-04T17:30:00Z,2026-07-04T19:30:00+0200,0.2,MW,NL,NL,actual_onshore_wind_generation,Wind Onshore | Actual Consumption,2026-08-02T23:51:38Z
2026-08-02T23:49:28Z,2026-08-03T01:49:28+0200,65d3fff1-7125-472d-bbc3-1b240f9c8d5b,2026-07-04T17:45:00Z,2026-07-04T19:45:00+0200,832.726,MW,NL,NL,actual_onshore_wind_generation,Wind Onshore | Actual Aggregated,2026-08-02T23:51:38Z
2026-08-02T23:49:28Z,2026-08-03T01:49:28+0200,65d3fff1-7125-472d-bbc3-1b240f9c8d5b,2026-07-04T17:45:00Z,2026-07-04T19:45:00+0200,0.164,MW,NL,NL,actual_onshore_wind_generation,Wind Onshore | Actual Consumption,2026-08-02T23:51:38Z
2026-08-02T23:49:28Z,2026-08-03T01:49:28+0200,65d3fff1-7125-472d-bbc3-1b240f9c8d5b,2026-07-04T18:00:00Z,2026-07-04T20:00:00+0200,769.8,MW,NL,NL,actual_onshore_wind_generation,Wind Onshore | Actual Aggregated,2026-08-02T23:51:38Z
2026-08-02T23:49:28Z,2026-08-03T01:49:28+0200,65d3fff1-7125-472d-bbc3-1b240f9c8d5b,2026-07-04T18:00:00Z,2026-07-04T20:00:00+0200,0.193,MW,NL,NL,actual_onshore_wind_generation,Wind Onshore | Actual Consumption,2026-08-02T23:51:38Z
2026-08-02T23:49:28Z,2026-08-03T01:49:28+0200,65d3fff1-7125-472d-bbc3-1b240f9c8d5b,2026-07-04T18:15:00Z,2026-07-04T20:15:00+0200,723.085,MW,NL,NL,actual_onshore_wind_generation,Wind Onshore | Actual Aggregated,2026-08-02T23:51:38Z
2026-08-02T23:49:28Z,2026-08-03T01:49:28+0200,65d3fff1-7125-472d-bbc3-1b240f9c8d5b,2026-07-04T18:15:00Z,2026-07-04T20:15:00+0200,0.154,MW,NL,NL,actual_onshore_wind_generation,Wind Onshore | Actual Consumption,2026-08-02T23:51:38Z
2026-08-02T23:49:28Z,2026-08-03T01:49:28+0200,65d3fff1-7125-472d-bbc3-1b240f9c8d5b,2026-07-04T18:30:00Z,2026-07-04T20:30:00+0200,672.197,MW,NL,NL,actual_onshore_wind_generation,Wind Onshore | Actual Aggregated,2026-08-02T23:51:38Z
2026-08-02T23:49:28Z,2026-08-03T01:49:28+0200,65d3fff1-7125-472d-bbc3-1b240f9c8d5b,2026-07-04T18:30:00Z,2026-07-04T20:30:00+0200,0.151,MW,NL,NL,actual_onshore_wind_generation,Wind Onshore | Actual Consumption,2026-08-02T23:51:38Z
2026-08-02T23:49:28Z,2026-08-03T01:49:28+0200,65d3fff1-7125-472d-bbc3-1b240f9c8d5b,2026-07-04T18:45:00Z,2026-07-04T20:45:00+0200,674.657,MW,NL,NL,actual_onshore_wind_generation,Wind Onshore | Actual Aggregated,2026-08-02T23:51:38Z
2026-08-02T23:49:28Z,2026-08-03T01:49:28+0200,65d3fff1-7125-472d-bbc3-1b240f9c8d5b,2026-07-04T18:45:00Z,2026-07-04T20:45:00+0200,0.157,MW,NL,NL,actual_onshore_wind_generation,Wind Onshore | Actual Consumption,2026-08-02T23:51:38Z
2026-08-02T23:49:28Z,2026-08-03T01:49:28+0200,65d3fff1-7125-472d-bbc3-1b240f9c8d5b,2026-07-04T19:00:00Z,2026-07-04T21:00:00+0200,653.974,MW,NL,NL,actual_onshore_wind_generation,Wind Onshore | Actual Aggregated,2026-08-02T23:51:38Z
2026-08-02T23:49:28Z,2026-08-03T01:49:28+0200,65d3fff1-7125-472d-bbc3-1b240f9c8d5b,2026-07-04T19:00:00Z,2026-07-04T21:00:00+0200,0.163,MW,NL,NL,actual_onshore_wind_generation,Wind Onshore | Actual Consumption,2026-08-02T23:51:38Z
2026-08-02T23:49:28Z,2026-08-03T01:49:28+0200,65d3fff1-7125-472d-bbc3-1b240f9c8d5b,2026-07-04T19:15:00Z,2026-07-04T21:15:00+0200,654.08,MW,NL,NL,actual_onshore_wind_generation,Wind Onshore | Actual Aggregated,2026-08-02T23:51:38Z
2026-08-02T23:49:28Z,2026-08-03T01:49:28+0200,65d3fff1-7125-472d-bbc3-1b240f9c8d5b,2026-07-04T19:15:00Z,2026-07-04T21:15:00+0200,0.207,MW,NL,NL,actual_onshore_wind_generation,Wind Onshore | Actual Consumption,2026-08-02T23:51:38Z
2026-08-02T23:49:28Z,2026-08-03T01:49:28+0200,65d3fff1-7125-472d-bbc3-1b240f9c8d5b,2026-07-04T19:30:00Z,2026-07-04T21:30:00+0200,663.012,MW,NL,NL,actual_onshore_wind_generation,Wind Onshore | Actual Aggregated,2026-08-02T23:51:38Z
2026-08-02T23:49:28Z,2026-08-03T01:49:28+0200,65d3fff1-7125-472d-bbc3-1b240f9c8d5b,2026-07-04T19:30:00Z,2026-07-04T21:30:00+0200,0.372,MW,NL,NL,actual_onshore_wind_generation,Wind Onshore | Actual Consumption,2026-08-02T23:51:38Z
2026-08-02T23:49:28Z,2026-08-03T01:49:28+0200,65d3fff1-7125-472d-bbc3-1b240f9c8d5b,2026-07-04T19:45:00Z,2026-07-04T21:45:00+0200,677.695,MW,NL,NL,actual_onshore_wind_generation,Wind Onshore | Actual Aggregated,2026-08-02T23:51:38Z
2026-08-02T23:49:28Z,2026-08-03T01:49:28+0200,65d3fff1-7125-472d-bbc3-1b240f9c8d5b,2026-07-04T19:45:00Z,2026-07-04T21:45:00+0200,0.923,MW,NL,NL,actual_onshore_wind_generation,Wind Onshore | Actual Consumption,2026-08-02T23:51:38Z
2026-08-02T23:49:28Z,2026-08-03T01:49:28+0200,65d3fff1-7125-472d-bbc3-1b240f9c8d5b,2026-07-04T20:00:00Z,2026-07-04T22:00:00+0200,706.407,MW,NL,NL,actual_onshore_wind_generation,Wind Onshore | Actual Aggregated,2026-08-02T23:51:38Z
2026-08-02T23:49:28Z,2026-08-03T01:49:28+0200,65d3fff1-7125-472d-bbc3-1b240f9c8d5b,2026-07-04T20:00:00Z,2026-07-04T22:00:00+0200,1.298,MW,NL,NL,actual_onshore_wind_generation,Wind Onshore | Actual Consumption,2026-08-02T23:51:38Z
2026-08-02T23:49:28Z,2026-08-03T01:49:28+0200,65d3fff1-7125-472d-bbc3-1b240f9c8d5b,2026-07-04T20:15:00Z,2026-07-04T22:15:00+0200,774.341,MW,NL,NL,actual_onshore_wind_generation,Wind Onshore | Actual Aggregated,2026-08-02T23:51:38Z
2026-08-02T23:49:28Z,2026-08-03T01:49:28+0200,65d3fff1-7125-472d-bbc3-1b240f9c8d5b,2026-07-04T20:15:00Z,2026-07-04T22:15:00+0200,1.452,MW,NL,NL,actual_onshore_wind_generation,Wind Onshore | Actual Consumption,2026-08-02T23:51:38Z
2026-08-02T23:49:28Z,2026-08-03T01:49:28+0200,65d3fff1-7125-472d-bbc3-1b240f9c8d5b,2026-07-04T20:30:00Z,2026-07-04T22:30:00+0200,831.325,MW,NL,NL,actual_onshore_wind_generation,Wind Onshore | Actual Aggregated,2026-08-02T23:51:38Z
2026-08-02T23:49:28Z,2026-08-03T01:49:28+0200,65d3fff1-7125-472d-bbc3-1b240f9c8d5b,2026-07-04T20:30:00Z,2026-07-04T22:30:00+0200,1.416,MW,NL,NL,actual_onshore_wind_generation,Wind Onshore | Actual Consumption,2026-08-02T23:51:38Z
2026-08-02T23:49:28Z,2026-08-03T01:49:28+0200,65d3fff1-7125-472d-bbc3-1b240f9c8d5b,2026-07-04T20:45:00Z,2026-07-04T22:45:00+0200,869.452,MW,NL,NL,actual_onshore_wind_generation,Wind Onshore | Actual Aggregated,2026-08-02T23:51:38Z
2026-08-02T23:49:28Z,2026-08-03T01:49:28+0200,65d3fff1-7125-472d-bbc3-1b240f9c8d5b,2026-07-04T20:45:00Z,2026-07-04T22:45:00+0200,1.385,MW,NL,NL,actual_onshore_wind_generation,Wind Onshore | Actual Consumption,2026-08-02T23:51:38Z
2026-08-02T23:49:28Z,2026-08-03T01:49:28+0200,65d3fff1-7125-472d-bbc3-1b240f9c8d5b,2026-07-04T21:00:00Z,2026-07-04T23:00:00+0200,882.519,MW,NL,NL,actual_onshore_wind_generation,Wind Onshore | Actual Aggregated,2026-08-02T23:51:38Z
2026-08-02T23:49:28Z,2026-08-03T01:49:28+0200,65d3fff1-7125-472d-bbc3-1b240f9c8d5b,2026-07-04T21:00:00Z,2026-07-04T23:00:00+0200,1.426,MW,NL,NL,actual_onshore_wind_generation,Wind Onshore | Actual Consumption,2026-08-02T23:51:38Z
2026-08-02T23:49:28Z,2026-08-03T01:49:28+0200,65d3fff1-7125-472d-bbc3-1b240f9c8d5b,2026-07-04T21:15:00Z,2026-07-04T23:15:00+0200,848.456,MW,NL,NL,actual_onshore_wind_generation,Wind Onshore | Actual Aggregated,2026-08-02T23:51:38Z
2026-08-02T23:49:28Z,2026-08-03T01:49:28+0200,65d3fff1-7125-472d-bbc3-1b240f9c8d5b,2026-07-04T21:15:00Z,2026-07-04T23:15:00+0200,1.425,MW,NL,NL,actual_onshore_wind_generation,Wind Onshore | Actual Consumption,2026-08-02T23:51:38Z
2026-08-02T23:49:28Z,2026-08-03T01:49:28+0200,65d3fff1-7125-472d-bbc3-1b240f9c8d5b,2026-07-04T21:30:00Z,2026-07-04T23:30:00+0200,902.144,MW,NL,NL,actual_onshore_wind_generation,Wind Onshore | Actual Aggregated,2026-08-02T23:51:38Z
2026-08-02T23:49:28Z,2026-08-03T01:49:28+0200,65d3fff1-7125-472d-bbc3-1b240f9c8d5b,2026-07-04T21:30:00Z,2026-07-04T23:30:00+0200,1.308,MW,NL,NL,actual_onshore_wind_generation,Wind Onshore | Actual Consumption,2026-08-02T23:51:38Z
2026-08-02T23:49:28Z,2026-08-03T01:49:28+0200,65d3fff1-7125-472d-bbc3-1b240f9c8d5b,2026-07-04T21:45:00Z,2026-07-04T23:45:00+0200,935.259,MW,NL,NL,actual_onshore_wind_generation,Wind Onshore | Actual Aggregated,2026-08-02T23:51:38Z
2026-08-02T23:49:28Z,2026-08-03T01:49:28+0200,65d3fff1-7125-472d-bbc3-1b240f9c8d5b,2026-07-04T21:45:00Z,2026-07-04T23:45:00+0200,1.25,MW,NL,NL,actual_onshore_wind_generation,Wind Onshore | Actual Consumption,2026-08-02T23:51:38Z
2026-08-02T23:49:28Z,2026-08-03T01:49:28+0200,65d3fff1-7125-472d-bbc3-1b240f9c8d5b,2026-07-04T22:00:00Z,2026-07-05T00:00:00+0200,951.475,MW,NL,NL,actual_onshore_wind_generation,Wind Onshore | Actual Aggregated,2026-08-02T23:51:38Z
2026-08-02T23:49:28Z,2026-08-03T01:49:28+0200,65d3fff1-7125-472d-bbc3-1b240f9c8d5b,2026-07-04T22:00:00Z,2026-07-05T00:00:00+0200,1.29,MW,NL,NL,actual_onshore_wind_generation,Wind Onshore | Actual Consumption,2026-08-02T23:51:38Z
2026-08-02T23:49:28Z,2026-08-03T01:49:28+0200,65d3fff1-7125-472d-bbc3-1b240f9c8d5b,2026-07-04T22:15:00Z,2026-07-05T00:15:00+0200,993.53,MW,NL,NL,actual_onshore_wind_generation,Wind Onshore | Actual Aggregated,2026-08-02T23:51:38Z
2026-08-02T23:49:28Z,2026-08-03T01:49:28+0200,65d3fff1-7125-472d-bbc3-1b240f9c8d5b,2026-07-04T22:15:00Z,2026-07-05T00:15:00+0200,1.285,MW,NL,NL,actual_onshore_wind_generation,Wind Onshore | Actual Consumption,2026-08-02T23:51:38Z
2026-08-02T23:49:28Z,2026-08-03T01:49:28+0200,65d3fff1-7125-472d-bbc3-1b240f9c8d5b,2026-07-04T22:30:00Z,2026-07-05T00:30:00+0200,1008.127,MW,NL,NL,actual_onshore_wind_generation,Wind Onshore | Actual Aggregated,2026-08-02T23:51:38Z
2026-08-02T23:49:28Z,2026-08-03T01:49:28+0200,65d3fff1-7125-472d-bbc3-1b240f9c8d5b,2026-07-04T22:30:00Z,2026-07-05T00:30:00+0200,1.198,MW,NL,NL,actual_onshore_wind_generation,Wind Onshore | Actual Consumption,2026-08-02T23:51:38Z
2026-08-02T23:49:28Z,2026-08-03T01:49:28+0200,65d3fff1-7125-472d-bbc3-1b240f9c8d5b,2026-07-04T22:45:00Z,2026-07-05T00:45:00+0200,1042.208,MW,NL,NL,actual_onshore_wind_generation,Wind Onshore | Actual Aggregated,2026-08-02T23:51:38Z
2026-08-02T23:49:28Z,2026-08-03T01:49:28+0200,65d3fff1-7125-472d-bbc3-1b240f9c8d5b,2026-07-04T22:45:00Z,2026-07-05T00:45:00+0200,1.241,MW,NL,NL,actual_onshore_wind_generation,Wind Onshore | Actual Consumption,2026-08-02T23:51:38Z
2026-08-02T23:49:28Z,2026-08-03T01:49:28+0200,65d3fff1-7125-472d-bbc3-1b240f9c8d5b,2026-07-04T23:00:00Z,2026-07-05T01:00:00+0200,1122.146,MW,NL,NL,actual_onshore_wind_generation,Wind Onshore | Actual Aggregated,2026-08-02T23:51:38Z
2026-08-02T23:49:28Z,2026-08-03T01:49:28+0200,65d3fff1-7125-472d-bbc3-1b240f9c8d5b,2026-07-04T23:00:00Z,2026-07-05T01:00:00+0200,1.285,MW,NL,NL,actual_onshore_wind_generation,Wind Onshore | Actual Consumption,2026-08-02T23:51:38Z
2026-08-02T23:49:28Z,2026-08-03T01:49:28+0200,65d3fff1-7125-472d-bbc3-1b240f9c8d5b,2026-07-04T23:15:00Z,2026-07-05T01:15:00+0200,1138.252,MW,NL,NL,actual_onshore_wind_generation,Wind Onshore | Actual Aggregated,2026-08-02T23:51:38Z
2026-08-02T23:49:28Z,2026-08-03T01:49:28+0200,65d3fff1-7125-472d-bbc3-1b240f9c8d5b,2026-07-04T23:15:00Z,2026-07-05T01:15:00+0200,1.301,MW,NL,NL,actual_onshore_wind_generation,Wind Onshore | Actual Consumption,2026-08-02T23:51:38Z
2026-08-02T23:49:28Z,2026-08-03T01:49:28+0200,65d3fff1-7125-472d-bbc3-1b240f9c8d5b,2026-07-04T23:30:00Z,2026-07-05T01:30:00+0200,1080.404,MW,NL,NL,actual_onshore_wind_generation,Wind Onshore | Actual Aggregated,2026-08-02T23:51:38Z
2026-08-02T23:49:28Z,2026-08-03T01:49:28+0200,65d3fff1-7125-472d-bbc3-1b240f9c8d5b,2026-07-04T23:30:00Z,2026-07-05T01:30:00+0200,1.396,MW,NL,NL,actual_onshore_wind_generation,Wind Onshore | Actual Consumption,2026-08-02T23:51:38Z
2026-08-02T23:49:28Z,2026-08-03T01:49:28+0200,65d3fff1-7125-472d-bbc3-1b240f9c8d5b,2026-07-04T23:45:00Z,2026-07-05T01:45:00+0200,1133.068,MW,NL,NL,actual_onshore_wind_generation,Wind Onshore | Actual Aggregated,2026-08-02T23:51:38Z
2026-08-02T23:49:28Z,2026-08-03T01:49:28+0200,65d3fff1-7125-472d-bbc3-1b240f9c8d5b,2026-07-04T23:45:00Z,2026-07-05T01:45:00+0200,1.292,MW,NL,NL,actual_onshore_wind_generation,Wind Onshore | Actual Consumption,2026-08-02T23:51:38Z
2026-08-02T23:49:28Z,2026-08-03T01:49:28+0200,65d3fff1-7125-472d-bbc3-1b240f9c8d5b,2026-07-05T00:00:00Z,2026-07-05T02:00:00+0200,1207.344,MW,NL,NL,actual_onshore_wind_generation,Wind Onshore | Actual Aggregated,2026-08-02T23:51:38Z
2026-08-02T23:49:28Z,2026-08-03T01:49:28+0200,65d3fff1-7125-472d-bbc3-1b240f9c8d5b,2026-07-05T00:00:00Z,2026-07-05T02:00:00+0200,1.323,MW,NL,NL,actual_onshore_wind_generation,Wind Onshore | Actual Consumption,2026-08-02T23:51:38Z
2026-08-02T23:49:28Z,2026-08-03T01:49:28+0200,65d3fff1-7125-472d-bbc3-1b240f9c8d5b,2026-07-05T00:15:00Z,2026-07-05T02:15:00+0200,1251.99,MW,NL,NL,actual_onshore_wind_generation,Wind Onshore | Actual Aggregated,2026-08-02T23:51:38Z
2026-08-02T23:49:28Z,2026-08-03T01:49:28+0200,65d3fff1-7125-472d-bbc3-1b240f9c8d5b,2026-07-05T00:15:00Z,2026-07-05T02:15:00+0200,1.268,MW,NL,NL,actual_onshore_wind_generation,Wind Onshore | Actual Consumption,2026-08-02T23:51:38Z
2026-08-02T23:49:28Z,2026-08-03T01:49:28+0200,65d3fff1-7125-472d-bbc3-1b240f9c8d5b,2026-07-05T00:30:00Z,2026-07-05T02:30:00+0200,1247.743,MW,NL,NL,actual_onshore_wind_generation,Wind Onshore | Actual Aggregated,2026-08-02T23:51:38Z
2026-08-02T23:49:28Z,2026-08-03T01:49:28+0200,65d3fff1-7125-472d-bbc3-1b240f9c8d5b,2026-07-05T00:30:00Z,2026-07-05T02:30:00+0200,1.219,MW,NL,NL,actual_onshore_wind_generation,Wind Onshore | Actual Consumption,2026-08-02T23:51:38Z
2026-08-02T23:49:28Z,2026-08-03T01:49:28+0200,65d3fff1-7125-472d-bbc3-1b240f9c8d5b,2026-07-05T00:45:00Z,2026-07-05T02:45:00+0200,1213.916,MW,NL,NL,actual_onshore_wind_generation,Wind Onshore | Actual Aggregated,2026-08-02T23:51:38Z
2026-08-02T23:49:28Z,2026-08-03T01:49:28+0200,65d3fff1-7125-472d-bbc3-1b240f9c8d5b,2026-07-05T00:45:00Z,2026-07-05T02:45:00+0200,1.273,MW,NL,NL,actual_onshore_wind_generation,Wind Onshore | Actual Consumption,2026-08-02T23:51:38Z
2026-08-02T23:49:28Z,2026-08-03T01:49:28+0200,65d3fff1-7125-472d-bbc3-1b240f9c8d5b,2026-07-05T01:00:00Z,2026-07-05T03:00:00+0200,1176.904,MW,NL,NL,actual_onshore_wind_generation,Wind Onshore | Actual Aggregated,2026-08-02T23:51:38Z
2026-08-02T23:49:28Z,2026-08-03T01:49:28+0200,65d3fff1-7125-472d-bbc3-1b240f9c8d5b,2026-07-05T01:00:00Z,2026-07-05T03:00:00+0200,1.256,MW,NL,NL,actual_onshore_wind_generation,Wind Onshore | Actual Consumption,2026-08-02T23:51:38Z
2026-08-02T23:49:28Z,2026-08-03T01:49:28+0200,65d3fff1-7125-472d-bbc3-1b240f9c8d5b,2026-07-05T01:15:00Z,2026-07-05T03:15:00+0200,1147.061,MW,NL,NL,actual_onshore_wind_generation,Wind Onshore | Actual Aggregated,2026-08-02T23:51:38Z
2026-08-02T23:49:28Z,2026-08-03T01:49:28+0200,65d3fff1-7125-472d-bbc3-1b240f9c8d5b,2026-07-05T01:15:00Z,2026-07-05T03:15:00+0200,1.279,MW,NL,NL,actual_onshore_wind_generation,Wind Onshore | Actual Consumption,2026-08-02T23:51:38Z
2026-08-02T23:49:28Z,2026-08-03T01:49:28+0200,65d3fff1-7125-472d-bbc3-1b240f9c8d5b,2026-07-05T01:30:00Z,2026-07-05T03:30:00+0200,1146.346,MW,NL,NL,actual_onshore_wind_generation,Wind Onshore | Actual Aggregated,2026-08-02T23:51:38Z
2026-08-02T23:49:28Z,2026-08-03T01:49:28+0200,65d3fff1-7125-472d-bbc3-1b240f9c8d5b,2026-07-05T01:30:00Z,2026-07-05T03:30:00+0200,1.261,MW,NL,NL,actual_onshore_wind_generation,Wind Onshore | Actual Consumption,2026-08-02T23:51:38Z
2026-08-02T23:49:28Z,2026-08-03T01:49:28+0200,65d3fff1-7125-472d-bbc3-1b240f9c8d5b,2026-07-05T01:45:00Z,2026-07-05T03:45:00+0200,1151.665,MW,NL,NL,actual_onshore_wind_generation,Wind Onshore | Actual Aggregated,2026-08-02T23:51:38Z
2026-08-02T23:49:28Z,2026-08-03T01:49:28+0200,65d3fff1-7125-472d-bbc3-1b240f9c8d5b,2026-07-05T01:45:00Z,2026-07-05T03:45:00+0200,1.298,MW,NL,NL,actual_onshore_wind_generation,Wind Onshore | Actual Consumption,2026-08-02T23:51:38Z
2026-08-02T23:49:28Z,2026-08-03T01:49:28+0200,65d3fff1-7125-472d-bbc3-1b240f9c8d5b,2026-07-05T02:00:00Z,2026-07-05T04:00:00+0200,1112.463,MW,NL,NL,actual_onshore_wind_generation,Wind Onshore | Actual Aggregated,2026-08-02T23:51:38Z
2026-08-02T23:49:28Z,2026-08-03T01:49:28+0200,65d3fff1-7125-472d-bbc3-1b240f9c8d5b,2026-07-05T02:00:00Z,2026-07-05T04:00:00+0200,1.33,MW,NL,NL,actual_onshore_wind_generation,Wind Onshore | Actual Consumption,2026-08-02T23:51:38Z
2026-08-02T23:49:28Z,2026-08-03T01:49:28+0200,65d3fff1-7125-472d-bbc3-1b240f9c8d5b,2026-07-05T02:15:00Z,2026-07-05T04:15:00+0200,1113.416,MW,NL,NL,actual_onshore_wind_generation,Wind Onshore | Actual Aggregated,2026-08-02T23:51:38Z
2026-08-02T23:49:28Z,2026-08-03T01:49:28+0200,65d3fff1-7125-472d-bbc3-1b240f9c8d5b,2026-07-05T02:15:00Z,2026-07-05T04:15:00+0200,1.33,MW,NL,NL,actual_onshore_wind_generation,Wind Onshore | Actual Consumption,2026-08-02T23:51:38Z
2026-08-02T23:49:28Z,2026-08-03T01:49:28+0200,65d3fff1-7125-472d-bbc3-1b240f9c8d5b,2026-07-05T02:30:00Z,2026-07-05T04:30:00+0200,1068.829,MW,NL,NL,actual_onshore_wind_generation,Wind Onshore | Actual Aggregated,2026-08-02T23:51:38Z
2026-08-02T23:49:28Z,2026-08-03T01:49:28+0200,65d3fff1-7125-472d-bbc3-1b240f9c8d5b,2026-07-05T02:30:00Z,2026-07-05T04:30:00+0200,1.304,MW,NL,NL,actual_onshore_wind_generation,Wind Onshore | Actual Consumption,2026-08-02T23:51:38Z
2026-08-02T23:49:28Z,2026-08-03T01:49:28+0200,65d3fff1-7125-472d-bbc3-1b240f9c8d5b,2026-07-05T02:45:00Z,2026-07-05T04:45:00+0200,979.454,MW,NL,NL,actual_onshore_wind_generation,Wind Onshore | Actual Aggregated,2026-08-02T23:51:38Z
2026-08-02T23:49:28Z,2026-08-03T01:49:28+0200,65d3fff1-7125-472d-bbc3-1b240f9c8d5b,2026-07-05T02:45:00Z,2026-07-05T04:45:00+0200,1.285,MW,NL,NL,actual_onshore_wind_generation,Wind Onshore | Actual Consumption,2026-08-02T23:51:38Z
2026-08-02T23:49:28Z,2026-08-03T01:49:28+0200,65d3fff1-7125-472d-bbc3-1b240f9c8d5b,2026-07-05T03:00:00Z,2026-07-05T05:00:00+0200,917.562,MW,NL,NL,actual_onshore_wind_generation,Wind Onshore | Actual Aggregated,2026-08-02T23:51:38Z
2026-08-02T23:49:28Z,2026-08-03T01:49:28+0200,65d3fff1-7125-472d-bbc3-1b240f9c8d5b,2026-07-05T03:00:00Z,2026-07-05T05:00:00+0200,1.157,MW,NL,NL,actual_onshore_wind_generation,Wind Onshore | Actual Consumption,2026-08-02T23:51:38Z
2026-08-02T23:49:28Z,2026-08-03T01:49:28+0200,65d3fff1-7125-472d-bbc3-1b240f9c8d5b,2026-07-05T03:15:00Z,2026-07-05T05:15:00+0200,858.553,MW,NL,NL,actual_onshore_wind_generation,Wind Onshore | Actual Aggregated,2026-08-02T23:51:38Z
2026-08-02T23:49:28Z,2026-08-03T01:49:28+0200,65d3fff1-7125-472d-bbc3-1b240f9c8d5b,2026-07-05T03:15:00Z,2026-07-05T05:15:00+0200,1.091,MW,NL,NL,actual_onshore_wind_generation,Wind Onshore | Actual Consumption,2026-08-02T23:51:38Z
2026-08-02T23:49:28Z,2026-08-03T01:49:28+0200,65d3fff1-7125-472d-bbc3-1b240f9c8d5b,2026-07-05T03:30:00Z,2026-07-05T05:30:00+0200,858.103,MW,NL,NL,actual_onshore_wind_generation,Wind Onshore | Actual Aggregated,2026-08-02T23:51:38Z
2026-08-02T23:49:28Z,2026-08-03T01:49:28+0200,65d3fff1-7125-472d-bbc3-1b240f9c8d5b,2026-07-05T03:30:00Z,2026-07-05T05:30:00+0200,1.053,MW,NL,NL,actual_onshore_wind_generation,Wind Onshore | Actual Consumption,2026-08-02T23:51:38Z
2026-08-02T23:49:28Z,2026-08-03T01:49:28+0200,65d3fff1-7125-472d-bbc3-1b240f9c8d5b,2026-07-05T03:45:00Z,2026-07-05T05:45:00+0200,832.105,MW,NL,NL,actual_onshore_wind_generation,Wind Onshore | Actual Aggregated,2026-08-02T23:51:38Z
2026-08-02T23:49:28Z,2026-08-03T01:49:28+0200,65d3fff1-7125-472d-bbc3-1b240f9c8d5b,2026-07-05T03:45:00Z,2026-07-05T05:45:00+0200,0.496,MW,NL,NL,actual_onshore_wind_generation,Wind Onshore | Actual Consumption,2026-08-02T23:51:38Z
2026-08-02T23:49:28Z,2026-08-03T01:49:28+0200,65d3fff1-7125-472d-bbc3-1b240f9c8d5b,2026-07-05T04:00:00Z,2026-07-05T06:00:00+0200,749.5,MW,NL,NL,actual_onshore_wind_generation,Wind Onshore | Actual Aggregated,2026-08-02T23:51:38Z
2026-08-02T23:49:28Z,2026-08-03T01:49:28+0200,65d3fff1-7125-472d-bbc3-1b240f9c8d5b,2026-07-05T04:00:00Z,2026-07-05T06:00:00+0200,0.227,MW,NL,NL,actual_onshore_wind_generation,Wind Onshore | Actual Consumption,2026-08-02T23:51:38Z
2026-08-02T23:49:28Z,2026-08-03T01:49:28+0200,65d3fff1-7125-472d-bbc3-1b240f9c8d5b,2026-07-05T04:15:00Z,2026-07-05T06:15:00+0200,744.529,MW,NL,NL,actual_onshore_wind_generation,Wind Onshore | Actual Aggregated,2026-08-02T23:51:38Z
2026-08-02T23:49:28Z,2026-08-03T01:49:28+0200,65d3fff1-7125-472d-bbc3-1b240f9c8d5b,2026-07-05T04:15:00Z,2026-07-05T06:15:00+0200,0.188,MW,NL,NL,actual_onshore_wind_generation,Wind Onshore | Actual Consumption,2026-08-02T23:51:38Z
2026-08-02T23:49:28Z,2026-08-03T01:49:28+0200,65d3fff1-7125-472d-bbc3-1b240f9c8d5b,2026-07-05T04:30:00Z,2026-07-05T06:30:00+0200,703.22,MW,NL,NL,actual_onshore_wind_generation,Wind Onshore | Actual Aggregated,2026-08-02T23:51:38Z
2026-08-02T23:49:28Z,2026-08-03T01:49:28+0200,65d3fff1-7125-472d-bbc3-1b240f9c8d5b,2026-07-05T04:30:00Z,2026-07-05T06:30:00+0200,0.164,MW,NL,NL,actual_onshore_wind_generation,Wind Onshore | Actual Consumption,2026-08-02T23:51:38Z
2026-08-02T23:49:28Z,2026-08-03T01:49:28+0200,65d3fff1-7125-472d-bbc3-1b240f9c8d5b,2026-07-05T04:45:00Z,2026-07-05T06:45:00+0200,632.532,MW,NL,NL,actual_onshore_wind_generation,Wind Onshore | Actual Aggregated,2026-08-02T23:51:38Z
2026-08-02T23:49:28Z,2026-08-03T01:49:28+0200,65d3fff1-7125-472d-bbc3-1b240f9c8d5b,2026-07-05T04:45:00Z,2026-07-05T06:45:00+0200,0.16,MW,NL,NL,actual_onshore_wind_generation,Wind Onshore | Actual Consumption,2026-08-02T23:51:38Z
2026-08-02T23:49:28Z,2026-08-03T01:49:28+0200,65d3fff1-7125-472d-bbc3-1b240f9c8d5b,2026-07-05T05:00:00Z,2026-07-05T07:00:00+0200,619.01,MW,NL,NL,actual_onshore_wind_generation,Wind Onshore | Actual Aggregated,2026-08-02T23:51:38Z
2026-08-02T23:49:28Z,2026-08-03T01:49:28+0200,65d3fff1-7125-472d-bbc3-1b240f9c8d5b,2026-07-05T05:00:00Z,2026-07-05T07:00:00+0200,0.17,MW,NL,NL,actual_onshore_wind_generation,Wind Onshore | Actual Consumption,2026-08-02T23:51:38Z
2026-08-02T23:49:28Z,2026-08-03T01:49:28+0200,65d3fff1-7125-472d-bbc3-1b240f9c8d5b,2026-07-05T05:15:00Z,2026-07-05T07:15:00+0200,589.934,MW,NL,NL,actual_onshore_wind_generation,Wind Onshore | Actual Aggregated,2026-08-02T23:51:38Z
2026-08-02T23:49:28Z,2026-08-03T01:49:28+0200,65d3fff1-7125-472d-bbc3-1b240f9c8d5b,2026-07-05T05:15:00Z,2026-07-05T07:15:00+0200,0.171,MW,NL,NL,actual_onshore_wind_generation,Wind Onshore | Actual Consumption,2026-08-02T23:51:38Z
2026-08-02T23:49:28Z,2026-08-03T01:49:28+0200,65d3fff1-7125-472d-bbc3-1b240f9c8d5b,2026-07-05T05:30:00Z,2026-07-05T07:30:00+0200,564.094,MW,NL,NL,actual_onshore_wind_generation,Wind Onshore | Actual Aggregated,2026-08-02T23:51:38Z
2026-08-02T23:49:28Z,2026-08-03T01:49:28+0200,65d3fff1-7125-472d-bbc3-1b240f9c8d5b,2026-07-05T05:30:00Z,2026-07-05T07:30:00+0200,0.166,MW,NL,NL,actual_onshore_wind_generation,Wind Onshore | Actual Consumption,2026-08-02T23:51:38Z
2026-08-02T23:49:28Z,2026-08-03T01:49:28+0200,65d3fff1-7125-472d-bbc3-1b240f9c8d5b,2026-07-05T05:45:00Z,2026-07-05T07:45:00+0200,606.992,MW,NL,NL,actual_onshore_wind_generation,Wind Onshore | Actual Aggregated,2026-08-02T23:51:38Z
2026-08-02T23:49:28Z,2026-08-03T01:49:28+0200,65d3fff1-7125-472d-bbc3-1b240f9c8d5b,2026-07-05T05:45:00Z,2026-07-05T07:45:00+0200,0.181,MW,NL,NL,actual_onshore_wind_generation,Wind Onshore | Actual Consumption,2026-08-02T23:51:38Z
2026-08-02T23:49:28Z,2026-08-03T01:49:28+0200,65d3fff1-7125-472d-bbc3-1b240f9c8d5b,2026-07-05T06:00:00Z,2026-07-05T08:00:00+0200,607.459,MW,NL,NL,actual_onshore_wind_generation,Wind Onshore | Actual Aggregated,2026-08-02T23:51:38Z
2026-08-02T23:49:28Z,2026-08-03T01:49:28+0200,65d3fff1-7125-472d-bbc3-1b240f9c8d5b,2026-07-05T06:00:00Z,2026-07-05T08:00:00+0200,0.172,MW,NL,NL,actual_onshore_wind_generation,Wind Onshore | Actual Consumption,2026-08-02T23:51:38Z
2026-08-02T23:49:28Z,2026-08-03T01:49:28+0200,65d3fff1-7125-472d-bbc3-1b240f9c8d5b,2026-07-05T06:15:00Z,2026-07-05T08:15:00+0200,581.065,MW,NL,NL,actual_onshore_wind_generation,Wind Onshore | Actual Aggregated,2026-08-02T23:51:38Z
2026-08-02T23:49:28Z,2026-08-03T01:49:28+0200,65d3fff1-7125-472d-bbc3-1b240f9c8d5b,2026-07-05T06:15:00Z,2026-07-05T08:15:00+0200,0.164,MW,NL,NL,actual_onshore_wind_generation,Wind Onshore | Actual Consumption,2026-08-02T23:51:38Z
2026-08-02T23:49:28Z,2026-08-03T01:49:28+0200,65d3fff1-7125-472d-bbc3-1b240f9c8d5b,2026-07-05T06:30:00Z,2026-07-05T08:30:00+0200,588.076,MW,NL,NL,actual_onshore_wind_generation,Wind Onshore | Actual Aggregated,2026-08-02T23:51:38Z
2026-08-02T23:49:28Z,2026-08-03T01:49:28+0200,65d3fff1-7125-472d-bbc3-1b240f9c8d5b,2026-07-05T06:30:00Z,2026-07-05T08:30:00+0200,0.16,MW,NL,NL,actual_onshore_wind_generation,Wind Onshore | Actual Consumption,2026-08-02T23:51:38Z
2026-08-02T23:49:28Z,2026-08-03T01:49:28+0200,65d3fff1-7125-472d-bbc3-1b240f9c8d5b,2026-07-05T06:45:00Z,2026-07-05T08:45:00+0200,547.689,MW,NL,NL,actual_onshore_wind_generation,Wind Onshore | Actual Aggregated,2026-08-02T23:51:38Z
2026-08-02T23:49:28Z,2026-08-03T01:49:28+0200,65d3fff1-7125-472d-bbc3-1b240f9c8d5b,2026-07-05T06:45:00Z,2026-07-05T08:45:00+0200,0.229,MW,NL,NL,actual_onshore_wind_generation,Wind Onshore | Actual Consumption,2026-08-02T23:51:38Z
2026-08-02T23:49:28Z,2026-08-03T01:49:28+0200,65d3fff1-7125-472d-bbc3-1b240f9c8d5b,2026-07-05T07:00:00Z,2026-07-05T09:00:00+0200,553.852,MW,NL,NL,actual_onshore_wind_generation,Wind Onshore | Actual Aggregated,2026-08-02T23:51:38Z
2026-08-02T23:49:28Z,2026-08-03T01:49:28+0200,65d3fff1-7125-472d-bbc3-1b240f9c8d5b,2026-07-05T07:00:00Z,2026-07-05T09:00:00+0200,0.179,MW,NL,NL,actual_onshore_wind_generation,Wind Onshore | Actual Consumption,2026-08-02T23:51:38Z
2026-08-02T23:49:28Z,2026-08-03T01:49:28+0200,65d3fff1-7125-472d-bbc3-1b240f9c8d5b,2026-07-05T07:15:00Z,2026-07-05T09:15:00+0200,501.394,MW,NL,NL,actual_onshore_wind_generation,Wind Onshore | Actual Aggregated,2026-08-02T23:51:38Z
2026-08-02T23:49:28Z,2026-08-03T01:49:28+0200,65d3fff1-7125-472d-bbc3-1b240f9c8d5b,2026-07-05T07:15:00Z,2026-07-05T09:15:00+0200,0.169,MW,NL,NL,actual_onshore_wind_generation,Wind Onshore | Actual Consumption,2026-08-02T23:51:38Z
2026-08-02T23:49:28Z,2026-08-03T01:49:28+0200,65d3fff1-7125-472d-bbc3-1b240f9c8d5b,2026-07-05T07:30:00Z,2026-07-05T09:30:00+0200,492.408,MW,NL,NL,actual_onshore_wind_generation,Wind Onshore | Actual Aggregated,2026-08-02T23:51:38Z
2026-08-02T23:49:28Z,2026-08-03T01:49:28+0200,65d3fff1-7125-472d-bbc3-1b240f9c8d5b,2026-07-05T07:30:00Z,2026-07-05T09:30:00+0200,0.165,MW,NL,NL,actual_onshore_wind_generation,Wind Onshore | Actual Consumption,2026-08-02T23:51:38Z
2026-08-02T23:49:28Z,2026-08-03T01:49:28+0200,65d3fff1-7125-472d-bbc3-1b240f9c8d5b,2026-07-05T07:45:00Z,2026-07-05T09:45:00+0200,560.675,MW,NL,NL,actual_onshore_wind_generation,Wind Onshore | Actual Aggregated,2026-08-02T23:51:38Z
2026-08-02T23:49:28Z,2026-08-03T01:49:28+0200,65d3fff1-7125-472d-bbc3-1b240f9c8d5b,2026-07-05T07:45:00Z,2026-07-05T09:45:00+0200,0.221,MW,NL,NL,actual_onshore_wind_generation,Wind Onshore | Actual Consumption,2026-08-02T23:51:38Z
2026-08-02T23:49:28Z,2026-08-03T01:49:28+0200,65d3fff1-7125-472d-bbc3-1b240f9c8d5b,2026-07-05T08:00:00Z,2026-07-05T10:00:00+0200,565.097,MW,NL,NL,actual_onshore_wind_generation,Wind Onshore | Actual Aggregated,2026-08-02T23:51:38Z
2026-08-02T23:49:28Z,2026-08-03T01:49:28+0200,65d3fff1-7125-472d-bbc3-1b240f9c8d5b,2026-07-05T08:00:00Z,2026-07-05T10:00:00+0200,0.215,MW,NL,NL,actual_onshore_wind_generation,Wind Onshore | Actual Consumption,2026-08-02T23:51:38Z
2026-08-02T23:49:28Z,2026-08-03T01:49:28+0200,65d3fff1-7125-472d-bbc3-1b240f9c8d5b,2026-07-05T08:15:00Z,2026-07-05T10:15:00+0200,575.543,MW,NL,NL,actual_onshore_wind_generation,Wind Onshore | Actual Aggregated,2026-08-02T23:51:38Z
2026-08-02T23:49:28Z,2026-08-03T01:49:28+0200,65d3fff1-7125-472d-bbc3-1b240f9c8d5b,2026-07-05T08:15:00Z,2026-07-05T10:15:00+0200,0.171,MW,NL,NL,actual_onshore_wind_generation,Wind Onshore | Actual Consumption,2026-08-02T23:51:38Z
2026-08-02T23:49:28Z,2026-08-03T01:49:28+0200,65d3fff1-7125-472d-bbc3-1b240f9c8d5b,2026-07-05T08:30:00Z,2026-07-05T10:30:00+0200,606.818,MW,NL,NL,actual_onshore_wind_generation,Wind Onshore | Actual Aggregated,2026-08-02T23:51:38Z
2026-08-02T23:49:28Z,2026-08-03T01:49:28+0200,65d3fff1-7125-472d-bbc3-1b240f9c8d5b,2026-07-05T08:30:00Z,2026-07-05T10:30:00+0200,0.178,MW,NL,NL,actual_onshore_wind_generation,Wind Onshore | Actual Consumption,2026-08-02T23:51:38Z
2026-08-02T23:49:28Z,2026-08-03T01:49:28+0200,65d3fff1-7125-472d-bbc3-1b240f9c8d5b,2026-07-05T08:45:00Z,2026-07-05T10:45:00+0200,701.856,MW,NL,NL,actual_onshore_wind_generation,Wind Onshore | Actual Aggregated,2026-08-02T23:51:38Z
2026-08-02T23:49:28Z,2026-08-03T01:49:28+0200,65d3fff1-7125-472d-bbc3-1b240f9c8d5b,2026-07-05T08:45:00Z,2026-07-05T10:45:00+0200,0.407,MW,NL,NL,actual_onshore_wind_generation,Wind Onshore | Actual Consumption,2026-08-02T23:51:38Z
2026-08-02T23:49:28Z,2026-08-03T01:49:28+0200,65d3fff1-7125-472d-bbc3-1b240f9c8d5b,2026-07-05T09:00:00Z,2026-07-05T11:00:00+0200,717.794,MW,NL,NL,actual_onshore_wind_generation,Wind Onshore | Actual Aggregated,2026-08-02T23:51:38Z
2026-08-02T23:49:28Z,2026-08-03T01:49:28+0200,65d3fff1-7125-472d-bbc3-1b240f9c8d5b,2026-07-05T09:00:00Z,2026-07-05T11:00:00+0200,0.249,MW,NL,NL,actual_onshore_wind_generation,Wind Onshore | Actual Consumption,2026-08-02T23:51:38Z
2026-08-02T23:49:28Z,2026-08-03T01:49:28+0200,65d3fff1-7125-472d-bbc3-1b240f9c8d5b,2026-07-05T09:15:00Z,2026-07-05T11:15:00+0200,759.127,MW,NL,NL,actual_onshore_wind_generation,Wind Onshore | Actual Aggregated,2026-08-02T23:51:38Z
2026-08-02T23:49:28Z,2026-08-03T01:49:28+0200,65d3fff1-7125-472d-bbc3-1b240f9c8d5b,2026-07-05T09:15:00Z,2026-07-05T11:15:00+0200,0.392,MW,NL,NL,actual_onshore_wind_generation,Wind Onshore | Actual Consumption,2026-08-02T23:51:38Z
2026-08-02T23:49:28Z,2026-08-03T01:49:28+0200,65d3fff1-7125-472d-bbc3-1b240f9c8d5b,2026-07-05T09:30:00Z,2026-07-05T11:30:00+0200,848.102,MW,NL,NL,actual_onshore_wind_generation,Wind Onshore | Actual Aggregated,2026-08-02T23:51:38Z
2026-08-02T23:49:28Z,2026-08-03T01:49:28+0200,65d3fff1-7125-472d-bbc3-1b240f9c8d5b,2026-07-05T09:30:00Z,2026-07-05T11:30:00+0200,0.381,MW,NL,NL,actual_onshore_wind_generation,Wind Onshore | Actual Consumption,2026-08-02T23:51:38Z
2026-08-02T23:49:28Z,2026-08-03T01:49:28+0200,65d3fff1-7125-472d-bbc3-1b240f9c8d5b,2026-07-05T09:45:00Z,2026-07-05T11:45:00+0200,916.196,MW,NL,NL,actual_onshore_wind_generation,Wind Onshore | Actual Aggregated,2026-08-02T23:51:38Z
2026-08-02T23:49:28Z,2026-08-03T01:49:28+0200,65d3fff1-7125-472d-bbc3-1b240f9c8d5b,2026-07-05T09:45:00Z,2026-07-05T11:45:00+0200,0.282,MW,NL,NL,actual_onshore_wind_generation,Wind Onshore | Actual Consumption,2026-08-02T23:51:38Z
2026-08-02T23:49:28Z,2026-08-03T01:49:28+0200,65d3fff1-7125-472d-bbc3-1b240f9c8d5b,2026-07-05T10:00:00Z,2026-07-05T12:00:00+0200,946.678,MW,NL,NL,actual_onshore_wind_generation,Wind Onshore | Actual Aggregated,2026-08-02T23:51:38Z
2026-08-02T23:49:28Z,2026-08-03T01:49:28+0200,65d3fff1-7125-472d-bbc3-1b240f9c8d5b,2026-07-05T10:00:00Z,2026-07-05T12:00:00+0200,0.447,MW,NL,NL,actual_onshore_wind_generation,Wind Onshore | Actual Consumption,2026-08-02T23:51:38Z
2026-08-02T23:49:28Z,2026-08-03T01:49:28+0200,65d3fff1-7125-472d-bbc3-1b240f9c8d5b,2026-07-05T10:15:00Z,2026-07-05T12:15:00+0200,994.13,MW,NL,NL,actual_onshore_wind_generation,Wind Onshore | Actual Aggregated,2026-08-02T23:51:38Z
2026-08-02T23:49:28Z,2026-08-03T01:49:28+0200,65d3fff1-7125-472d-bbc3-1b240f9c8d5b,2026-07-05T10:15:00Z,2026-07-05T12:15:00+0200,0.494,MW,NL,NL,actual_onshore_wind_generation,Wind Onshore | Actual Consumption,2026-08-02T23:51:38Z
2026-08-02T23:49:28Z,2026-08-03T01:49:28+0200,65d3fff1-7125-472d-bbc3-1b240f9c8d5b,2026-07-05T10:30:00Z,2026-07-05T12:30:00+0200,922.345,MW,NL,NL,actual_onshore_wind_generation,Wind Onshore | Actual Aggregated,2026-08-02T23:51:38Z
2026-08-02T23:49:28Z,2026-08-03T01:49:28+0200,65d3fff1-7125-472d-bbc3-1b240f9c8d5b,2026-07-05T10:30:00Z,2026-07-05T12:30:00+0200,0.31,MW,NL,NL,actual_onshore_wind_generation,Wind Onshore | Actual Consumption,2026-08-02T23:51:38Z
2026-08-02T23:49:28Z,2026-08-03T01:49:28+0200,65d3fff1-7125-472d-bbc3-1b240f9c8d5b,2026-07-05T10:45:00Z,2026-07-05T12:45:00+0200,895.347,MW,NL,NL,actual_onshore_wind_generation,Wind Onshore | Actual Aggregated,2026-08-02T23:51:38Z
2026-08-02T23:49:28Z,2026-08-03T01:49:28+0200,65d3fff1-7125-472d-bbc3-1b240f9c8d5b,2026-07-05T10:45:00Z,2026-07-05T12:45:00+0200,0.21,MW,NL,NL,actual_onshore_wind_generation,Wind Onshore | Actual Consumption,2026-08-02T23:51:38Z
2026-08-02T23:49:28Z,2026-08-03T01:49:28+0200,65d3fff1-7125-472d-bbc3-1b240f9c8d5b,2026-07-05T11:00:00Z,2026-07-05T13:00:00+0200,922.666,MW,NL,NL,actual_onshore_wind_generation,Wind Onshore | Actual Aggregated,2026-08-02T23:51:38Z
2026-08-02T23:49:28Z,2026-08-03T01:49:28+0200,65d3fff1-7125-472d-bbc3-1b240f9c8d5b,2026-07-05T11:00:00Z,2026-07-05T13:00:00+0200,0.315,MW,NL,NL,actual_onshore_wind_generation,Wind Onshore | Actual Consumption,2026-08-02T23:51:38Z
2026-08-02T23:49:28Z,2026-08-03T01:49:28+0200,65d3fff1-7125-472d-bbc3-1b240f9c8d5b,2026-07-05T11:15:00Z,2026-07-05T13:15:00+0200,953.224,MW,NL,NL,actual_onshore_wind_generation,Wind Onshore | Actual Aggregated,2026-08-02T23:51:38Z
2026-08-02T23:49:28Z,2026-08-03T01:49:28+0200,65d3fff1-7125-472d-bbc3-1b240f9c8d5b,2026-07-05T11:15:00Z,2026-07-05T13:15:00+0200,0.494,MW,NL,NL,actual_onshore_wind_generation,Wind Onshore | Actual Consumption,2026-08-02T23:51:38Z
2026-08-02T23:49:28Z,2026-08-03T01:49:28+0200,65d3fff1-7125-472d-bbc3-1b240f9c8d5b,2026-07-05T11:30:00Z,2026-07-05T13:30:00+0200,999.859,MW,NL,NL,actual_onshore_wind_generation,Wind Onshore | Actual Aggregated,2026-08-02T23:51:38Z
2026-08-02T23:49:28Z,2026-08-03T01:49:28+0200,65d3fff1-7125-472d-bbc3-1b240f9c8d5b,2026-07-05T11:30:00Z,2026-07-05T13:30:00+0200,0.454,MW,NL,NL,actual_onshore_wind_generation,Wind Onshore | Actual Consumption,2026-08-02T23:51:38Z
2026-08-02T23:49:28Z,2026-08-03T01:49:28+0200,65d3fff1-7125-472d-bbc3-1b240f9c8d5b,2026-07-05T11:45:00Z,2026-07-05T13:45:00+0200,942.491,MW,NL,NL,actual_onshore_wind_generation,Wind Onshore | Actual Aggregated,2026-08-02T23:51:38Z
2026-08-02T23:49:28Z,2026-08-03T01:49:28+0200,65d3fff1-7125-472d-bbc3-1b240f9c8d5b,2026-07-05T11:45:00Z,2026-07-05T13:45:00+0200,0.592,MW,NL,NL,actual_onshore_wind_generation,Wind Onshore | Actual Consumption,2026-08-02T23:51:38Z
2026-08-02T23:49:28Z,2026-08-03T01:49:28+0200,65d3fff1-7125-472d-bbc3-1b240f9c8d5b,2026-07-05T12:00:00Z,2026-07-05T14:00:00+0200,922.82,MW,NL,NL,actual_onshore_wind_generation,Wind Onshore | Actual Aggregated,2026-08-02T23:51:38Z
2026-08-02T23:49:28Z,2026-08-03T01:49:28+0200,65d3fff1-7125-472d-bbc3-1b240f9c8d5b,2026-07-05T12:00:00Z,2026-07-05T14:00:00+0200,0.636,MW,NL,NL,actual_onshore_wind_generation,Wind Onshore | Actual Consumption,2026-08-02T23:51:38Z
2026-08-02T23:49:28Z,2026-08-03T01:49:28+0200,65d3fff1-7125-472d-bbc3-1b240f9c8d5b,2026-07-05T12:15:00Z,2026-07-05T14:15:00+0200,991.679,MW,NL,NL,actual_onshore_wind_generation,Wind Onshore | Actual Aggregated,2026-08-02T23:51:38Z
2026-08-02T23:49:28Z,2026-08-03T01:49:28+0200,65d3fff1-7125-472d-bbc3-1b240f9c8d5b,2026-07-05T12:15:00Z,2026-07-05T14:15:00+0200,0.803,MW,NL,NL,actual_onshore_wind_generation,Wind Onshore | Actual Consumption,2026-08-02T23:51:38Z
2026-08-02T23:49:28Z,2026-08-03T01:49:28+0200,65d3fff1-7125-472d-bbc3-1b240f9c8d5b,2026-07-05T12:30:00Z,2026-07-05T14:30:00+0200,1030.903,MW,NL,NL,actual_onshore_wind_generation,Wind Onshore | Actual Aggregated,2026-08-02T23:51:38Z
2026-08-02T23:49:28Z,2026-08-03T01:49:28+0200,65d3fff1-7125-472d-bbc3-1b240f9c8d5b,2026-07-05T12:30:00Z,2026-07-05T14:30:00+0200,0.643,MW,NL,NL,actual_onshore_wind_generation,Wind Onshore | Actual Consumption,2026-08-02T23:51:38Z
2026-08-02T23:49:28Z,2026-08-03T01:49:28+0200,65d3fff1-7125-472d-bbc3-1b240f9c8d5b,2026-07-05T12:45:00Z,2026-07-05T14:45:00+0200,1124.817,MW,NL,NL,actual_onshore_wind_generation,Wind Onshore | Actual Aggregated,2026-08-02T23:51:38Z
2026-08-02T23:49:28Z,2026-08-03T01:49:28+0200,65d3fff1-7125-472d-bbc3-1b240f9c8d5b,2026-07-05T12:45:00Z,2026-07-05T14:45:00+0200,0.462,MW,NL,NL,actual_onshore_wind_generation,Wind Onshore | Actual Consumption,2026-08-02T23:51:38Z
2026-08-02T23:49:28Z,2026-08-03T01:49:28+0200,65d3fff1-7125-472d-bbc3-1b240f9c8d5b,2026-07-05T13:00:00Z,2026-07-05T15:00:00+0200,1124.04,MW,NL,NL,actual_onshore_wind_generation,Wind Onshore | Actual Aggregated,2026-08-02T23:51:38Z
2026-08-02T23:49:28Z,2026-08-03T01:49:28+0200,65d3fff1-7125-472d-bbc3-1b240f9c8d5b,2026-07-05T13:00:00Z,2026-07-05T15:00:00+0200,0.299,MW,NL,NL,actual_onshore_wind_generation,Wind Onshore | Actual Consumption,2026-08-02T23:51:38Z
2026-08-02T23:49:28Z,2026-08-03T01:49:28+0200,65d3fff1-7125-472d-bbc3-1b240f9c8d5b,2026-07-05T13:15:00Z,2026-07-05T15:15:00+0200,1169.978,MW,NL,NL,actual_onshore_wind_generation,Wind Onshore | Actual Aggregated,2026-08-02T23:51:38Z
2026-08-02T23:49:28Z,2026-08-03T01:49:28+0200,65d3fff1-7125-472d-bbc3-1b240f9c8d5b,2026-07-05T13:15:00Z,2026-07-05T15:15:00+0200,0.283,MW,NL,NL,actual_onshore_wind_generation,Wind Onshore | Actual Consumption,2026-08-02T23:51:38Z
2026-08-02T23:49:28Z,2026-08-03T01:49:28+0200,65d3fff1-7125-472d-bbc3-1b240f9c8d5b,2026-07-05T13:30:00Z,2026-07-05T15:30:00+0200,1184.092,MW,NL,NL,actual_onshore_wind_generation,Wind Onshore | Actual Aggregated,2026-08-02T23:51:38Z
2026-08-02T23:49:28Z,2026-08-03T01:49:28+0200,65d3fff1-7125-472d-bbc3-1b240f9c8d5b,2026-07-05T13:30:00Z,2026-07-05T15:30:00+0200,0.397,MW,NL,NL,actual_onshore_wind_generation,Wind Onshore | Actual Consumption,2026-08-02T23:51:38Z
2026-08-02T23:49:28Z,2026-08-03T01:49:28+0200,65d3fff1-7125-472d-bbc3-1b240f9c8d5b,2026-07-05T13:45:00Z,2026-07-05T15:45:00+0200,1276.776,MW,NL,NL,actual_onshore_wind_generation,Wind Onshore | Actual Aggregated,2026-08-02T23:51:38Z
2026-08-02T23:49:28Z,2026-08-03T01:49:28+0200,65d3fff1-7125-472d-bbc3-1b240f9c8d5b,2026-07-05T13:45:00Z,2026-07-05T15:45:00+0200,0.441,MW,NL,NL,actual_onshore_wind_generation,Wind Onshore | Actual Consumption,2026-08-02T23:51:38Z
2026-08-02T23:49:28Z,2026-08-03T01:49:28+0200,65d3fff1-7125-472d-bbc3-1b240f9c8d5b,2026-07-05T14:00:00Z,2026-07-05T16:00:00+0200,1215.192,MW,NL,NL,actual_onshore_wind_generation,Wind Onshore | Actual Aggregated,2026-08-02T23:51:38Z
2026-08-02T23:49:28Z,2026-08-03T01:49:28+0200,65d3fff1-7125-472d-bbc3-1b240f9c8d5b,2026-07-05T14:00:00Z,2026-07-05T16:00:00+0200,0.513,MW,NL,NL,actual_onshore_wind_generation,Wind Onshore | Actual Consumption,2026-08-02T23:51:38Z
2026-08-02T23:49:28Z,2026-08-03T01:49:28+0200,65d3fff1-7125-472d-bbc3-1b240f9c8d5b,2026-07-05T14:15:00Z,2026-07-05T16:15:00+0200,1244.517,MW,NL,NL,actual_onshore_wind_generation,Wind Onshore | Actual Aggregated,2026-08-02T23:51:38Z
2026-08-02T23:49:28Z,2026-08-03T01:49:28+0200,65d3fff1-7125-472d-bbc3-1b240f9c8d5b,2026-07-05T14:15:00Z,2026-07-05T16:15:00+0200,0.224,MW,NL,NL,actual_onshore_wind_generation,Wind Onshore | Actual Consumption,2026-08-02T23:51:38Z
2026-08-02T23:49:28Z,2026-08-03T01:49:28+0200,65d3fff1-7125-472d-bbc3-1b240f9c8d5b,2026-07-05T14:30:00Z,2026-07-05T16:30:00+0200,1346.189,MW,NL,NL,actual_onshore_wind_generation,Wind Onshore | Actual Aggregated,2026-08-02T23:51:38Z
2026-08-02T23:49:28Z,2026-08-03T01:49:28+0200,65d3fff1-7125-472d-bbc3-1b240f9c8d5b,2026-07-05T14:30:00Z,2026-07-05T16:30:00+0200,0.28,MW,NL,NL,actual_onshore_wind_generation,Wind Onshore | Actual Consumption,2026-08-02T23:51:38Z
2026-08-02T23:49:28Z,2026-08-03T01:49:28+0200,65d3fff1-7125-472d-bbc3-1b240f9c8d5b,2026-07-05T14:45:00Z,2026-07-05T16:45:00+0200,1347.835,MW,NL,NL,actual_onshore_wind_generation,Wind Onshore | Actual Aggregated,2026-08-02T23:51:38Z
2026-08-02T23:49:28Z,2026-08-03T01:49:28+0200,65d3fff1-7125-472d-bbc3-1b240f9c8d5b,2026-07-05T14:45:00Z,2026-07-05T16:45:00+0200,0.402,MW,NL,NL,actual_onshore_wind_generation,Wind Onshore | Actual Consumption,2026-08-02T23:51:38Z
2026-08-02T23:49:28Z,2026-08-03T01:49:28+0200,65d3fff1-7125-472d-bbc3-1b240f9c8d5b,2026-07-05T15:00:00Z,2026-07-05T17:00:00+0200,1345.574,MW,NL,NL,actual_onshore_wind_generation,Wind Onshore | Actual Aggregated,2026-08-02T23:51:38Z
2026-08-02T23:49:28Z,2026-08-03T01:49:28+0200,65d3fff1-7125-472d-bbc3-1b240f9c8d5b,2026-07-05T15:00:00Z,2026-07-05T17:00:00+0200,0.327,MW,NL,NL,actual_onshore_wind_generation,Wind Onshore | Actual Consumption,2026-08-02T23:51:38Z
2026-08-02T23:49:28Z,2026-08-03T01:49:28+0200,65d3fff1-7125-472d-bbc3-1b240f9c8d5b,2026-07-05T15:15:00Z,2026-07-05T17:15:00+0200,1340.409,MW,NL,NL,actual_onshore_wind_generation,Wind Onshore | Actual Aggregated,2026-08-02T23:51:38Z
2026-08-02T23:49:28Z,2026-08-03T01:49:28+0200,65d3fff1-7125-472d-bbc3-1b240f9c8d5b,2026-07-05T15:15:00Z,2026-07-05T17:15:00+0200,0.506,MW,NL,NL,actual_onshore_wind_generation,Wind Onshore | Actual Consumption,2026-08-02T23:51:38Z
2026-08-02T23:49:28Z,2026-08-03T01:49:28+0200,65d3fff1-7125-472d-bbc3-1b240f9c8d5b,2026-07-05T15:30:00Z,2026-07-05T17:30:00+0200,1251.03,MW,NL,NL,actual_onshore_wind_generation,Wind Onshore | Actual Aggregated,2026-08-02T23:51:38Z
2026-08-02T23:49:28Z,2026-08-03T01:49:28+0200,65d3fff1-7125-472d-bbc3-1b240f9c8d5b,2026-07-05T15:30:00Z,2026-07-05T17:30:00+0200,0.45,MW,NL,NL,actual_onshore_wind_generation,Wind Onshore | Actual Consumption,2026-08-02T23:51:38Z
2026-08-02T23:49:28Z,2026-08-03T01:49:28+0200,65d3fff1-7125-472d-bbc3-1b240f9c8d5b,2026-07-05T15:45:00Z,2026-07-05T17:45:00+0200,1153.414,MW,NL,NL,actual_onshore_wind_generation,Wind Onshore | Actual Aggregated,2026-08-02T23:51:38Z
2026-08-02T23:49:28Z,2026-08-03T01:49:28+0200,65d3fff1-7125-472d-bbc3-1b240f9c8d5b,2026-07-05T15:45:00Z,2026-07-05T17:45:00+0200,0.413,MW,NL,NL,actual_onshore_wind_generation,Wind Onshore | Actual Consumption,2026-08-02T23:51:38Z
2026-08-02T23:49:28Z,2026-08-03T01:49:28+0200,65d3fff1-7125-472d-bbc3-1b240f9c8d5b,2026-07-05T16:00:00Z,2026-07-05T18:00:00+0200,1129.579,MW,NL,NL,actual_onshore_wind_generation,Wind Onshore | Actual Aggregated,2026-08-02T23:51:38Z
2026-08-02T23:49:28Z,2026-08-03T01:49:28+0200,65d3fff1-7125-472d-bbc3-1b240f9c8d5b,2026-07-05T16:00:00Z,2026-07-05T18:00:00+0200,0.299,MW,NL,NL,actual_onshore_wind_generation,Wind Onshore | Actual Consumption,2026-08-02T23:51:38Z
2026-08-02T23:49:28Z,2026-08-03T01:49:28+0200,65d3fff1-7125-472d-bbc3-1b240f9c8d5b,2026-07-05T16:15:00Z,2026-07-05T18:15:00+0200,1163.177,MW,NL,NL,actual_onshore_wind_generation,Wind Onshore | Actual Aggregated,2026-08-02T23:51:38Z
2026-08-02T23:49:28Z,2026-08-03T01:49:28+0200,65d3fff1-7125-472d-bbc3-1b240f9c8d5b,2026-07-05T16:15:00Z,2026-07-05T18:15:00+0200,0.214,MW,NL,NL,actual_onshore_wind_generation,Wind Onshore | Actual Consumption,2026-08-02T23:51:38Z
2026-08-02T23:49:28Z,2026-08-03T01:49:28+0200,65d3fff1-7125-472d-bbc3-1b240f9c8d5b,2026-07-05T16:30:00Z,2026-07-05T18:30:00+0200,1159.532,MW,NL,NL,actual_onshore_wind_generation,Wind Onshore | Actual Aggregated,2026-08-02T23:51:38Z
2026-08-02T23:49:28Z,2026-08-03T01:49:28+0200,65d3fff1-7125-472d-bbc3-1b240f9c8d5b,2026-07-05T16:30:00Z,2026-07-05T18:30:00+0200,0.275,MW,NL,NL,actual_onshore_wind_generation,Wind Onshore | Actual Consumption,2026-08-02T23:51:38Z
2026-08-02T23:49:28Z,2026-08-03T01:49:28+0200,65d3fff1-7125-472d-bbc3-1b240f9c8d5b,2026-07-05T16:45:00Z,2026-07-05T18:45:00+0200,1160.604,MW,NL,NL,actual_onshore_wind_generation,Wind Onshore | Actual Aggregated,2026-08-02T23:51:38Z
2026-08-02T23:49:28Z,2026-08-03T01:49:28+0200,65d3fff1-7125-472d-bbc3-1b240f9c8d5b,2026-07-05T16:45:00Z,2026-07-05T18:45:00+0200,0.266,MW,NL,NL,actual_onshore_wind_generation,Wind Onshore | Actual Consumption,2026-08-02T23:51:38Z
2026-08-02T23:49:28Z,2026-08-03T01:49:28+0200,65d3fff1-7125-472d-bbc3-1b240f9c8d5b,2026-07-05T17:00:00Z,2026-07-05T19:00:00+0200,1133.962,MW,NL,NL,actual_onshore_wind_generation,Wind Onshore | Actual Aggregated,2026-08-02T23:51:38Z
2026-08-02T23:49:28Z,2026-08-03T01:49:28+0200,65d3fff1-7125-472d-bbc3-1b240f9c8d5b,2026-07-05T17:00:00Z,2026-07-05T19:00:00+0200,0.218,MW,NL,NL,actual_onshore_wind_generation,Wind Onshore | Actual Consumption,2026-08-02T23:51:38Z
2026-08-02T23:49:28Z,2026-08-03T01:49:28+0200,65d3fff1-7125-472d-bbc3-1b240f9c8d5b,2026-07-05T17:15:00Z,2026-07-05T19:15:00+0200,1151.161,MW,NL,NL,actual_onshore_wind_generation,Wind Onshore | Actual Aggregated,2026-08-02T23:51:38Z
2026-08-02T23:49:28Z,2026-08-03T01:49:28+0200,65d3fff1-7125-472d-bbc3-1b240f9c8d5b,2026-07-05T17:15:00Z,2026-07-05T19:15:00+0200,0.245,MW,NL,NL,actual_onshore_wind_generation,Wind Onshore | Actual Consumption,2026-08-02T23:51:38Z
2026-08-02T23:49:28Z,2026-08-03T01:49:28+0200,65d3fff1-7125-472d-bbc3-1b240f9c8d5b,2026-07-05T17:30:00Z,2026-07-05T19:30:00+0200,1085.822,MW,NL,NL,actual_onshore_wind_generation,Wind Onshore | Actual Aggregated,2026-08-02T23:51:38Z
2026-08-02T23:49:28Z,2026-08-03T01:49:28+0200,65d3fff1-7125-472d-bbc3-1b240f9c8d5b,2026-07-05T17:30:00Z,2026-07-05T19:30:00+0200,0.227,MW,NL,NL,actual_onshore_wind_generation,Wind Onshore | Actual Consumption,2026-08-02T23:51:38Z
2026-08-02T23:49:28Z,2026-08-03T01:49:28+0200,65d3fff1-7125-472d-bbc3-1b240f9c8d5b,2026-07-05T17:45:00Z,2026-07-05T19:45:00+0200,1064.322,MW,NL,NL,actual_onshore_wind_generation,Wind Onshore | Actual Aggregated,2026-08-02T23:51:38Z
2026-08-02T23:49:28Z,2026-08-03T01:49:28+0200,65d3fff1-7125-472d-bbc3-1b240f9c8d5b,2026-07-05T17:45:00Z,2026-07-05T19:45:00+0200,0.207,MW,NL,NL,actual_onshore_wind_generation,Wind Onshore | Actual Consumption,2026-08-02T23:51:38Z
2026-08-02T23:49:28Z,2026-08-03T01:49:28+0200,65d3fff1-7125-472d-bbc3-1b240f9c8d5b,2026-07-05T18:00:00Z,2026-07-05T20:00:00+0200,929.365,MW,NL,NL,actual_onshore_wind_generation,Wind Onshore | Actual Aggregated,2026-08-02T23:51:38Z
2026-08-02T23:49:28Z,2026-08-03T01:49:28+0200,65d3fff1-7125-472d-bbc3-1b240f9c8d5b,2026-07-05T18:00:00Z,2026-07-05T20:00:00+0200,0.182,MW,NL,NL,actual_onshore_wind_generation,Wind Onshore | Actual Consumption,2026-08-02T23:51:38Z
2026-08-02T23:49:28Z,2026-08-03T01:49:28+0200,65d3fff1-7125-472d-bbc3-1b240f9c8d5b,2026-07-05T18:15:00Z,2026-07-05T20:15:00+0200,822.015,MW,NL,NL,actual_onshore_wind_generation,Wind Onshore | Actual Aggregated,2026-08-02T23:51:38Z
2026-08-02T23:49:28Z,2026-08-03T01:49:28+0200,65d3fff1-7125-472d-bbc3-1b240f9c8d5b,2026-07-05T18:15:00Z,2026-07-05T20:15:00+0200,0.255,MW,NL,NL,actual_onshore_wind_generation,Wind Onshore | Actual Consumption,2026-08-02T23:51:38Z
2026-08-02T23:49:28Z,2026-08-03T01:49:28+0200,65d3fff1-7125-472d-bbc3-1b240f9c8d5b,2026-07-05T18:30:00Z,2026-07-05T20:30:00+0200,712.919,MW,NL,NL,actual_onshore_wind_generation,Wind Onshore | Actual Aggregated,2026-08-02T23:51:38Z
2026-08-02T23:49:28Z,2026-08-03T01:49:28+0200,65d3fff1-7125-472d-bbc3-1b240f9c8d5b,2026-07-05T18:30:00Z,2026-07-05T20:30:00+0200,0.338,MW,NL,NL,actual_onshore_wind_generation,Wind Onshore | Actual Consumption,2026-08-02T23:51:38Z
2026-08-02T23:49:28Z,2026-08-03T01:49:28+0200,65d3fff1-7125-472d-bbc3-1b240f9c8d5b,2026-07-05T18:45:00Z,2026-07-05T20:45:00+0200,614.94,MW,NL,NL,actual_onshore_wind_generation,Wind Onshore | Actual Aggregated,2026-08-02T23:51:38Z
2026-08-02T23:49:28Z,2026-08-03T01:49:28+0200,65d3fff1-7125-472d-bbc3-1b240f9c8d5b,2026-07-05T18:45:00Z,2026-07-05T20:45:00+0200,1.006,MW,NL,NL,actual_onshore_wind_generation,Wind Onshore | Actual Consumption,2026-08-02T23:51:38Z
2026-08-02T23:49:28Z,2026-08-03T01:49:28+0200,65d3fff1-7125-472d-bbc3-1b240f9c8d5b,2026-07-05T19:00:00Z,2026-07-05T21:00:00+0200,541.574,MW,NL,NL,actual_onshore_wind_generation,Wind Onshore | Actual Aggregated,2026-08-02T23:51:38Z
2026-08-02T23:49:28Z,2026-08-03T01:49:28+0200,65d3fff1-7125-472d-bbc3-1b240f9c8d5b,2026-07-05T19:00:00Z,2026-07-05T21:00:00+0200,1.205,MW,NL,NL,actual_onshore_wind_generation,Wind Onshore | Actual Consumption,2026-08-02T23:51:38Z
2026-08-02T23:49:28Z,2026-08-03T01:49:28+0200,65d3fff1-7125-472d-bbc3-1b240f9c8d5b,2026-07-05T19:15:00Z,2026-07-05T21:15:00+0200,530.271,MW,NL,NL,actual_onshore_wind_generation,Wind Onshore | Actual Aggregated,2026-08-02T23:51:38Z
2026-08-02T23:49:28Z,2026-08-03T01:49:28+0200,65d3fff1-7125-472d-bbc3-1b240f9c8d5b,2026-07-05T19:15:00Z,2026-07-05T21:15:00+0200,1.179,MW,NL,NL,actual_onshore_wind_generation,Wind Onshore | Actual Consumption,2026-08-02T23:51:38Z
2026-08-02T23:49:28Z,2026-08-03T01:49:28+0200,65d3fff1-7125-472d-bbc3-1b240f9c8d5b,2026-07-05T19:30:00Z,2026-07-05T21:30:00+0200,493.529,MW,NL,NL,actual_onshore_wind_generation,Wind Onshore | Actual Aggregated,2026-08-02T23:51:38Z
2026-08-02T23:49:28Z,2026-08-03T01:49:28+0200,65d3fff1-7125-472d-bbc3-1b240f9c8d5b,2026-07-05T19:30:00Z,2026-07-05T21:30:00+0200,1.395,MW,NL,NL,actual_onshore_wind_generation,Wind Onshore | Actual Consumption,2026-08-02T23:51:38Z
2026-08-02T23:49:28Z,2026-08-03T01:49:28+0200,65d3fff1-7125-472d-bbc3-1b240f9c8d5b,2026-07-05T19:45:00Z,2026-07-05T21:45:00+0200,451.401,MW,NL,NL,actual_onshore_wind_generation,Wind Onshore | Actual Aggregated,2026-08-02T23:51:38Z
2026-08-02T23:49:28Z,2026-08-03T01:49:28+0200,65d3fff1-7125-472d-bbc3-1b240f9c8d5b,2026-07-05T19:45:00Z,2026-07-05T21:45:00+0200,2.158,MW,NL,NL,actual_onshore_wind_generation,Wind Onshore | Actual Consumption,2026-08-02T23:51:38Z
2026-08-02T23:49:28Z,2026-08-03T01:49:28+0200,65d3fff1-7125-472d-bbc3-1b240f9c8d5b,2026-07-05T20:00:00Z,2026-07-05T22:00:00+0200,368.141,MW,NL,NL,actual_onshore_wind_generation,Wind Onshore | Actual Aggregated,2026-08-02T23:51:38Z
2026-08-02T23:49:28Z,2026-08-03T01:49:28+0200,65d3fff1-7125-472d-bbc3-1b240f9c8d5b,2026-07-05T20:00:00Z,2026-07-05T22:00:00+0200,2.919,MW,NL,NL,actual_onshore_wind_generation,Wind Onshore | Actual Consumption,2026-08-02T23:51:38Z
2026-08-02T23:49:28Z,2026-08-03T01:49:28+0200,65d3fff1-7125-472d-bbc3-1b240f9c8d5b,2026-07-05T20:15:00Z,2026-07-05T22:15:00+0200,326.746,MW,NL,NL,actual_onshore_wind_generation,Wind Onshore | Actual Aggregated,2026-08-02T23:51:38Z
2026-08-02T23:49:28Z,2026-08-03T01:49:28+0200,65d3fff1-7125-472d-bbc3-1b240f9c8d5b,2026-07-05T20:15:00Z,2026-07-05T22:15:00+0200,2.631,MW,NL,NL,actual_onshore_wind_generation,Wind Onshore | Actual Consumption,2026-08-02T23:51:38Z
2026-08-02T23:49:28Z,2026-08-03T01:49:28+0200,65d3fff1-7125-472d-bbc3-1b240f9c8d5b,2026-07-05T20:30:00Z,2026-07-05T22:30:00+0200,316.082,MW,NL,NL,actual_onshore_wind_generation,Wind Onshore | Actual Aggregated,2026-08-02T23:51:38Z
2026-08-02T23:49:28Z,2026-08-03T01:49:28+0200,65d3fff1-7125-472d-bbc3-1b240f9c8d5b,2026-07-05T20:30:00Z,2026-07-05T22:30:00+0200,2.745,MW,NL,NL,actual_onshore_wind_generation,Wind Onshore | Actual Consumption,2026-08-02T23:51:38Z
2026-08-02T23:49:28Z,2026-08-03T01:49:28+0200,65d3fff1-7125-472d-bbc3-1b240f9c8d5b,2026-07-05T20:45:00Z,2026-07-05T22:45:00+0200,305.181,MW,NL,NL,actual_onshore_wind_generation,Wind Onshore | Actual Aggregated,2026-08-02T23:51:38Z
2026-08-02T23:49:28Z,2026-08-03T01:49:28+0200,65d3fff1-7125-472d-bbc3-1b240f9c8d5b,2026-07-05T20:45:00Z,2026-07-05T22:45:00+0200,2.554,MW,NL,NL,actual_onshore_wind_generation,Wind Onshore | Actual Consumption,2026-08-02T23:51:38Z
2026-08-02T23:49:28Z,2026-08-03T01:49:28+0200,65d3fff1-7125-472d-bbc3-1b240f9c8d5b,2026-07-05T21:00:00Z,2026-07-05T23:00:00+0200,287.372,MW,NL,NL,actual_onshore_wind_generation,Wind Onshore | Actual Aggregated,2026-08-02T23:51:38Z
2026-08-02T23:49:28Z,2026-08-03T01:49:28+0200,65d3fff1-7125-472d-bbc3-1b240f9c8d5b,2026-07-05T21:00:00Z,2026-07-05T23:00:00+0200,2.341,MW,NL,NL,actual_onshore_wind_generation,Wind Onshore | Actual Consumption,2026-08-02T23:51:38Z
2026-08-02T23:49:28Z,2026-08-03T01:49:28+0200,65d3fff1-7125-472d-bbc3-1b240f9c8d5b,2026-07-05T21:15:00Z,2026-07-05T23:15:00+0200,277.804,MW,NL,NL,actual_onshore_wind_generation,Wind Onshore | Actual Aggregated,2026-08-02T23:51:38Z
2026-08-02T23:49:28Z,2026-08-03T01:49:28+0200,65d3fff1-7125-472d-bbc3-1b240f9c8d5b,2026-07-05T21:15:00Z,2026-07-05T23:15:00+0200,2.312,MW,NL,NL,actual_onshore_wind_generation,Wind Onshore | Actual Consumption,2026-08-02T23:51:38Z
2026-08-02T23:49:28Z,2026-08-03T01:49:28+0200,65d3fff1-7125-472d-bbc3-1b240f9c8d5b,2026-07-05T21:30:00Z,2026-07-05T23:30:00+0200,307.427,MW,NL,NL,actual_onshore_wind_generation,Wind Onshore | Actual Aggregated,2026-08-02T23:51:38Z
2026-08-02T23:49:28Z,2026-08-03T01:49:28+0200,65d3fff1-7125-472d-bbc3-1b240f9c8d5b,2026-07-05T21:30:00Z,2026-07-05T23:30:00+0200,1.632,MW,NL,NL,actual_onshore_wind_generation,Wind Onshore | Actual Consumption,2026-08-02T23:51:38Z
2026-08-02T23:49:28Z,2026-08-03T01:49:28+0200,65d3fff1-7125-472d-bbc3-1b240f9c8d5b,2026-07-05T21:45:00Z,2026-07-05T23:45:00+0200,316.712,MW,NL,NL,actual_onshore_wind_generation,Wind Onshore | Actual Aggregated,2026-08-02T23:51:38Z
2026-08-02T23:49:28Z,2026-08-03T01:49:28+0200,65d3fff1-7125-472d-bbc3-1b240f9c8d5b,2026-07-05T21:45:00Z,2026-07-05T23:45:00+0200,1.569,MW,NL,NL,actual_onshore_wind_generation,Wind Onshore | Actual Consumption,2026-08-02T23:51:38Z
2026-08-02T23:49:28Z,2026-08-03T01:49:28+0200,65d3fff1-7125-472d-bbc3-1b240f9c8d5b,2026-07-05T22:00:00Z,2026-07-06T00:00:00+0200,330.286,MW,NL,NL,actual_onshore_wind_generation,Wind Onshore | Actual Aggregated,2026-08-02T23:51:38Z
2026-08-02T23:49:28Z,2026-08-03T01:49:28+0200,65d3fff1-7125-472d-bbc3-1b240f9c8d5b,2026-07-05T22:00:00Z,2026-07-06T00:00:00+0200,1.578,MW,NL,NL,actual_onshore_wind_generation,Wind Onshore | Actual Consumption,2026-08-02T23:51:38Z
2026-08-02T23:49:28Z,2026-08-03T01:49:28+0200,65d3fff1-7125-472d-bbc3-1b240f9c8d5b,2026-07-05T22:15:00Z,2026-07-06T00:15:00+0200,324.651,MW,NL,NL,actual_onshore_wind_generation,Wind Onshore | Actual Aggregated,2026-08-02T23:51:38Z
2026-08-02T23:49:28Z,2026-08-03T01:49:28+0200,65d3fff1-7125-472d-bbc3-1b240f9c8d5b,2026-07-05T22:15:00Z,2026-07-06T00:15:00+0200,1.455,MW,NL,NL,actual_onshore_wind_generation,Wind Onshore | Actual Consumption,2026-08-02T23:51:38Z
2026-08-02T23:49:28Z,2026-08-03T01:49:28+0200,65d3fff1-7125-472d-bbc3-1b240f9c8d5b,2026-07-05T22:30:00Z,2026-07-06T00:30:00+0200,330.509,MW,NL,NL,actual_onshore_wind_generation,Wind Onshore | Actual Aggregated,2026-08-02T23:51:38Z
2026-08-02T23:49:28Z,2026-08-03T01:49:28+0200,65d3fff1-7125-472d-bbc3-1b240f9c8d5b,2026-07-05T22:30:00Z,2026-07-06T00:30:00+0200,1.474,MW,NL,NL,actual_onshore_wind_generation,Wind Onshore | Actual Consumption,2026-08-02T23:51:38Z
2026-08-02T23:49:28Z,2026-08-03T01:49:28+0200,65d3fff1-7125-472d-bbc3-1b240f9c8d5b,2026-07-05T22:45:00Z,2026-07-06T00:45:00+0200,341.435,MW,NL,NL,actual_onshore_wind_generation,Wind Onshore | Actual Aggregated,2026-08-02T23:51:38Z
2026-08-02T23:49:28Z,2026-08-03T01:49:28+0200,65d3fff1-7125-472d-bbc3-1b240f9c8d5b,2026-07-05T22:45:00Z,2026-07-06T00:45:00+0200,1.455,MW,NL,NL,actual_onshore_wind_generation,Wind Onshore | Actual Consumption,2026-08-02T23:51:38Z
2026-08-02T23:49:28Z,2026-08-03T01:49:28+0200,65d3fff1-7125-472d-bbc3-1b240f9c8d5b,2026-07-05T23:00:00Z,2026-07-06T01:00:00+0200,374.882,MW,NL,NL,actual_onshore_wind_generation,Wind Onshore | Actual Aggregated,2026-08-02T23:51:38Z
2026-08-02T23:49:28Z,2026-08-03T01:49:28+0200,65d3fff1-7125-472d-bbc3-1b240f9c8d5b,2026-07-05T23:00:00Z,2026-07-06T01:00:00+0200,1.481,MW,NL,NL,actual_onshore_wind_generation,Wind Onshore | Actual Consumption,2026-08-02T23:51:38Z
2026-08-02T23:49:28Z,2026-08-03T01:49:28+0200,65d3fff1-7125-472d-bbc3-1b240f9c8d5b,2026-07-05T23:15:00Z,2026-07-06T01:15:00+0200,171.673,MW,NL,NL,actual_onshore_wind_generation,Wind Onshore | Actual Aggregated,2026-08-02T23:51:38Z
2026-08-02T23:49:28Z,2026-08-03T01:49:28+0200,65d3fff1-7125-472d-bbc3-1b240f9c8d5b,2026-07-05T23:15:00Z,2026-07-06T01:15:00+0200,0.0,MW,NL,NL,actual_onshore_wind_generation,Wind Onshore | Actual Consumption,2026-08-02T23:51:38Z
2026-08-02T23:49:28Z,2026-08-03T01:49:28+0200,65d3fff1-7125-472d-bbc3-1b240f9c8d5b,2026-07-05T23:30:00Z,2026-07-06T01:30:00+0200,199.563,MW,NL,NL,actual_onshore_wind_generation,Wind Onshore | Actual Aggregated,2026-08-02T23:51:38Z
2026-08-02T23:49:28Z,2026-08-03T01:49:28+0200,65d3fff1-7125-472d-bbc3-1b240f9c8d5b,2026-07-05T23:30:00Z,2026-07-06T01:30:00+0200,0.0,MW,NL,NL,actual_onshore_wind_generation,Wind Onshore | Actual Consumption,2026-08-02T23:51:38Z
2026-08-02T23:49:28Z,2026-08-03T01:49:28+0200,65d3fff1-7125-472d-bbc3-1b240f9c8d5b,2026-07-05T23:45:00Z,2026-07-06T01:45:00+0200,223.431,MW,NL,NL,actual_onshore_wind_generation,Wind Onshore | Actual Aggregated,2026-08-02T23:51:38Z
2026-08-02T23:49:28Z,2026-08-03T01:49:28+0200,65d3fff1-7125-472d-bbc3-1b240f9c8d5b,2026-07-05T23:45:00Z,2026-07-06T01:45:00+0200,0.0,MW,NL,NL,actual_onshore_wind_generation,Wind Onshore | Actual Consumption,2026-08-02T23:51:38Z
2026-08-02T23:49:28Z,2026-08-03T01:49:28+0200,65d3fff1-7125-472d-bbc3-1b240f9c8d5b,2026-07-06T00:00:00Z,2026-07-06T02:00:00+0200,243.697,MW,NL,NL,actual_onshore_wind_generation,Wind Onshore | Actual Aggregated,2026-08-02T23:51:38Z
2026-08-02T23:49:28Z,2026-08-03T01:49:28+0200,65d3fff1-7125-472d-bbc3-1b240f9c8d5b,2026-07-06T00:00:00Z,2026-07-06T02:00:00+0200,0.0,MW,NL,NL,actual_onshore_wind_generation,Wind Onshore | Actual Consumption,2026-08-02T23:51:38Z
2026-08-02T23:49:28Z,2026-08-03T01:49:28+0200,65d3fff1-7125-472d-bbc3-1b240f9c8d5b,2026-07-06T00:15:00Z,2026-07-06T02:15:00+0200,268.239,MW,NL,NL,actual_onshore_wind_generation,Wind Onshore | Actual Aggregated,2026-08-02T23:51:38Z
2026-08-02T23:49:28Z,2026-08-03T01:49:28+0200,65d3fff1-7125-472d-bbc3-1b240f9c8d5b,2026-07-06T00:15:00Z,2026-07-06T02:15:00+0200,0.0,MW,NL,NL,actual_onshore_wind_generation,Wind Onshore | Actual Consumption,2026-08-02T23:51:38Z
2026-08-02T23:49:28Z,2026-08-03T01:49:28+0200,65d3fff1-7125-472d-bbc3-1b240f9c8d5b,2026-07-06T00:30:00Z,2026-07-06T02:30:00+0200,280.086,MW,NL,NL,actual_onshore_wind_generation,Wind Onshore | Actual Aggregated,2026-08-02T23:51:38Z
2026-08-02T23:49:28Z,2026-08-03T01:49:28+0200,65d3fff1-7125-472d-bbc3-1b240f9c8d5b,2026-07-06T00:30:00Z,2026-07-06T02:30:00+0200,0.0,MW,NL,NL,actual_onshore_wind_generation,Wind Onshore | Actual Consumption,2026-08-02T23:51:38Z
2026-08-02T23:49:28Z,2026-08-03T01:49:28+0200,65d3fff1-7125-472d-bbc3-1b240f9c8d5b,2026-07-06T00:45:00Z,2026-07-06T02:45:00+0200,292.516,MW,NL,NL,actual_onshore_wind_generation,Wind Onshore | Actual Aggregated,2026-08-02T23:51:38Z
2026-08-02T23:49:28Z,2026-08-03T01:49:28+0200,65d3fff1-7125-472d-bbc3-1b240f9c8d5b,2026-07-06T00:45:00Z,2026-07-06T02:45:00+0200,0.0,MW,NL,NL,actual_onshore_wind_generation,Wind Onshore | Actual Consumption,2026-08-02T23:51:38Z
2026-08-02T23:49:28Z,2026-08-03T01:49:28+0200,65d3fff1-7125-472d-bbc3-1b240f9c8d5b,2026-07-06T01:00:00Z,2026-07-06T03:00:00+0200,306.606,MW,NL,NL,actual_onshore_wind_generation,Wind Onshore | Actual Aggregated,2026-08-02T23:51:38Z
2026-08-02T23:49:28Z,2026-08-03T01:49:28+0200,65d3fff1-7125-472d-bbc3-1b240f9c8d5b,2026-07-06T01:00:00Z,2026-07-06T03:00:00+0200,0.0,MW,NL,NL,actual_onshore_wind_generation,Wind Onshore | Actual Consumption,2026-08-02T23:51:38Z
2026-08-02T23:49:28Z,2026-08-03T01:49:28+0200,65d3fff1-7125-472d-bbc3-1b240f9c8d5b,2026-07-06T01:15:00Z,2026-07-06T03:15:00+0200,323.399,MW,NL,NL,actual_onshore_wind_generation,Wind Onshore | Actual Aggregated,2026-08-02T23:51:38Z
2026-08-02T23:49:28Z,2026-08-03T01:49:28+0200,65d3fff1-7125-472d-bbc3-1b240f9c8d5b,2026-07-06T01:15:00Z,2026-07-06T03:15:00+0200,0.0,MW,NL,NL,actual_onshore_wind_generation,Wind Onshore | Actual Consumption,2026-08-02T23:51:38Z
2026-08-02T23:49:28Z,2026-08-03T01:49:28+0200,65d3fff1-7125-472d-bbc3-1b240f9c8d5b,2026-07-06T01:30:00Z,2026-07-06T03:30:00+0200,386.045,MW,NL,NL,actual_onshore_wind_generation,Wind Onshore | Actual Aggregated,2026-08-02T23:51:38Z
2026-08-02T23:49:28Z,2026-08-03T01:49:28+0200,65d3fff1-7125-472d-bbc3-1b240f9c8d5b,2026-07-06T01:30:00Z,2026-07-06T03:30:00+0200,0.0,MW,NL,NL,actual_onshore_wind_generation,Wind Onshore | Actual Consumption,2026-08-02T23:51:38Z
2026-08-02T23:49:28Z,2026-08-03T01:49:28+0200,65d3fff1-7125-472d-bbc3-1b240f9c8d5b,2026-07-06T01:45:00Z,2026-07-06T03:45:00+0200,401.818,MW,NL,NL,actual_onshore_wind_generation,Wind Onshore | Actual Aggregated,2026-08-02T23:51:38Z
2026-08-02T23:49:28Z,2026-08-03T01:49:28+0200,65d3fff1-7125-472d-bbc3-1b240f9c8d5b,2026-07-06T01:45:00Z,2026-07-06T03:45:00+0200,0.0,MW,NL,NL,actual_onshore_wind_generation,Wind Onshore | Actual Consumption,2026-08-02T23:51:38Z
2026-08-02T23:49:28Z,2026-08-03T01:49:28+0200,65d3fff1-7125-472d-bbc3-1b240f9c8d5b,2026-07-06T02:00:00Z,2026-07-06T04:00:00+0200,358.031,MW,NL,NL,actual_onshore_wind_generation,Wind Onshore | Actual Aggregated,2026-08-02T23:51:38Z
2026-08-02T23:49:28Z,2026-08-03T01:49:28+0200,65d3fff1-7125-472d-bbc3-1b240f9c8d5b,2026-07-06T02:00:00Z,2026-07-06T04:00:00+0200,0.0,MW,NL,NL,actual_onshore_wind_generation,Wind Onshore | Actual Consumption,2026-08-02T23:51:38Z
2026-08-02T23:49:28Z,2026-08-03T01:49:28+0200,65d3fff1-7125-472d-bbc3-1b240f9c8d5b,2026-07-06T02:15:00Z,2026-07-06T04:15:00+0200,322.502,MW,NL,NL,actual_onshore_wind_generation,Wind Onshore | Actual Aggregated,2026-08-02T23:51:38Z
2026-08-02T23:49:28Z,2026-08-03T01:49:28+0200,65d3fff1-7125-472d-bbc3-1b240f9c8d5b,2026-07-06T02:15:00Z,2026-07-06T04:15:00+0200,0.0,MW,NL,NL,actual_onshore_wind_generation,Wind Onshore | Actual Consumption,2026-08-02T23:51:38Z
2026-08-02T23:49:28Z,2026-08-03T01:49:28+0200,65d3fff1-7125-472d-bbc3-1b240f9c8d5b,2026-07-06T02:30:00Z,2026-07-06T04:30:00+0200,337.194,MW,NL,NL,actual_onshore_wind_generation,Wind Onshore | Actual Aggregated,2026-08-02T23:51:38Z
2026-08-02T23:49:28Z,2026-08-03T01:49:28+0200,65d3fff1-7125-472d-bbc3-1b240f9c8d5b,2026-07-06T02:30:00Z,2026-07-06T04:30:00+0200,0.0,MW,NL,NL,actual_onshore_wind_generation,Wind Onshore | Actual Consumption,2026-08-02T23:51:38Z
2026-08-02T23:49:28Z,2026-08-03T01:49:28+0200,65d3fff1-7125-472d-bbc3-1b240f9c8d5b,2026-07-06T02:45:00Z,2026-07-06T04:45:00+0200,389.461,MW,NL,NL,actual_onshore_wind_generation,Wind Onshore | Actual Aggregated,2026-08-02T23:51:38Z
2026-08-02T23:49:28Z,2026-08-03T01:49:28+0200,65d3fff1-7125-472d-bbc3-1b240f9c8d5b,2026-07-06T02:45:00Z,2026-07-06T04:45:00+0200,0.0,MW,NL,NL,actual_onshore_wind_generation,Wind Onshore | Actual Consumption,2026-08-02T23:51:38Z
2026-08-02T23:49:28Z,2026-08-03T01:49:28+0200,65d3fff1-7125-472d-bbc3-1b240f9c8d5b,2026-07-06T03:00:00Z,2026-07-06T05:00:00+0200,433.679,MW,NL,NL,actual_onshore_wind_generation,Wind Onshore | Actual Aggregated,2026-08-02T23:51:38Z
2026-08-02T23:49:28Z,2026-08-03T01:49:28+0200,65d3fff1-7125-472d-bbc3-1b240f9c8d5b,2026-07-06T03:00:00Z,2026-07-06T05:00:00+0200,0.0,MW,NL,NL,actual_onshore_wind_generation,Wind Onshore | Actual Consumption,2026-08-02T23:51:38Z
2026-08-02T23:49:28Z,2026-08-03T01:49:28+0200,65d3fff1-7125-472d-bbc3-1b240f9c8d5b,2026-07-06T03:15:00Z,2026-07-06T05:15:00+0200,424.638,MW,NL,NL,actual_onshore_wind_generation,Wind Onshore | Actual Aggregated,2026-08-02T23:51:38Z
2026-08-02T23:49:28Z,2026-08-03T01:49:28+0200,65d3fff1-7125-472d-bbc3-1b240f9c8d5b,2026-07-06T03:15:00Z,2026-07-06T05:15:00+0200,0.0,MW,NL,NL,actual_onshore_wind_generation,Wind Onshore | Actual Consumption,2026-08-02T23:51:38Z
2026-08-02T23:49:28Z,2026-08-03T01:49:28+0200,65d3fff1-7125-472d-bbc3-1b240f9c8d5b,2026-07-06T03:30:00Z,2026-07-06T05:30:00+0200,424.856,MW,NL,NL,actual_onshore_wind_generation,Wind Onshore | Actual Aggregated,2026-08-02T23:51:38Z
2026-08-02T23:49:28Z,2026-08-03T01:49:28+0200,65d3fff1-7125-472d-bbc3-1b240f9c8d5b,2026-07-06T03:30:00Z,2026-07-06T05:30:00+0200,0.0,MW,NL,NL,actual_onshore_wind_generation,Wind Onshore | Actual Consumption,2026-08-02T23:51:38Z
2026-08-02T23:49:28Z,2026-08-03T01:49:28+0200,65d3fff1-7125-472d-bbc3-1b240f9c8d5b,2026-07-06T03:45:00Z,2026-07-06T05:45:00+0200,460.218,MW,NL,NL,actual_onshore_wind_generation,Wind Onshore | Actual Aggregated,2026-08-02T23:51:38Z
2026-08-02T23:49:28Z,2026-08-03T01:49:28+0200,65d3fff1-7125-472d-bbc3-1b240f9c8d5b,2026-07-06T03:45:00Z,2026-07-06T05:45:00+0200,0.0,MW,NL,NL,actual_onshore_wind_generation,Wind Onshore | Actual Consumption,2026-08-02T23:51:38Z
2026-08-02T23:49:28Z,2026-08-03T01:49:28+0200,65d3fff1-7125-472d-bbc3-1b240f9c8d5b,2026-07-06T04:00:00Z,2026-07-06T06:00:00+0200,499.101,MW,NL,NL,actual_onshore_wind_generation,Wind Onshore | Actual Aggregated,2026-08-02T23:51:38Z
2026-08-02T23:49:28Z,2026-08-03T01:49:28+0200,65d3fff1-7125-472d-bbc3-1b240f9c8d5b,2026-07-06T04:00:00Z,2026-07-06T06:00:00+0200,0.0,MW,NL,NL,actual_onshore_wind_generation,Wind Onshore | Actual Consumption,2026-08-02T23:51:38Z
2026-08-02T23:49:28Z,2026-08-03T01:49:28+0200,65d3fff1-7125-472d-bbc3-1b240f9c8d5b,2026-07-06T04:15:00Z,2026-07-06T06:15:00+0200,519.07,MW,NL,NL,actual_onshore_wind_generation,Wind Onshore | Actual Aggregated,2026-08-02T23:51:38Z
2026-08-02T23:49:28Z,2026-08-03T01:49:28+0200,65d3fff1-7125-472d-bbc3-1b240f9c8d5b,2026-07-06T04:15:00Z,2026-07-06T06:15:00+0200,0.0,MW,NL,NL,actual_onshore_wind_generation,Wind Onshore | Actual Consumption,2026-08-02T23:51:38Z
2026-08-02T23:49:28Z,2026-08-03T01:49:28+0200,65d3fff1-7125-472d-bbc3-1b240f9c8d5b,2026-07-06T04:30:00Z,2026-07-06T06:30:00+0200,555.734,MW,NL,NL,actual_onshore_wind_generation,Wind Onshore | Actual Aggregated,2026-08-02T23:51:38Z
2026-08-02T23:49:28Z,2026-08-03T01:49:28+0200,65d3fff1-7125-472d-bbc3-1b240f9c8d5b,2026-07-06T04:30:00Z,2026-07-06T06:30:00+0200,0.0,MW,NL,NL,actual_onshore_wind_generation,Wind Onshore | Actual Consumption,2026-08-02T23:51:38Z
2026-08-02T23:49:28Z,2026-08-03T01:49:28+0200,65d3fff1-7125-472d-bbc3-1b240f9c8d5b,2026-07-06T04:45:00Z,2026-07-06T06:45:00+0200,581.204,MW,NL,NL,actual_onshore_wind_generation,Wind Onshore | Actual Aggregated,2026-08-02T23:51:38Z
2026-08-02T23:49:28Z,2026-08-03T01:49:28+0200,65d3fff1-7125-472d-bbc3-1b240f9c8d5b,2026-07-06T04:45:00Z,2026-07-06T06:45:00+0200,0.0,MW,NL,NL,actual_onshore_wind_generation,Wind Onshore | Actual Consumption,2026-08-02T23:51:38Z
2026-08-02T23:49:28Z,2026-08-03T01:49:28+0200,65d3fff1-7125-472d-bbc3-1b240f9c8d5b,2026-07-06T05:00:00Z,2026-07-06T07:00:00+0200,570.938,MW,NL,NL,actual_onshore_wind_generation,Wind Onshore | Actual Aggregated,2026-08-02T23:51:38Z
2026-08-02T23:49:28Z,2026-08-03T01:49:28+0200,65d3fff1-7125-472d-bbc3-1b240f9c8d5b,2026-07-06T05:00:00Z,2026-07-06T07:00:00+0200,0.0,MW,NL,NL,actual_onshore_wind_generation,Wind Onshore | Actual Consumption,2026-08-02T23:51:38Z
2026-08-02T23:49:28Z,2026-08-03T01:49:28+0200,65d3fff1-7125-472d-bbc3-1b240f9c8d5b,2026-07-06T05:15:00Z,2026-07-06T07:15:00+0200,551.91,MW,NL,NL,actual_onshore_wind_generation,Wind Onshore | Actual Aggregated,2026-08-02T23:51:38Z
2026-08-02T23:49:28Z,2026-08-03T01:49:28+0200,65d3fff1-7125-472d-bbc3-1b240f9c8d5b,2026-07-06T05:15:00Z,2026-07-06T07:15:00+0200,0.0,MW,NL,NL,actual_onshore_wind_generation,Wind Onshore | Actual Consumption,2026-08-02T23:51:38Z
2026-08-02T23:49:28Z,2026-08-03T01:49:28+0200,65d3fff1-7125-472d-bbc3-1b240f9c8d5b,2026-07-06T05:30:00Z,2026-07-06T07:30:00+0200,514.147,MW,NL,NL,actual_onshore_wind_generation,Wind Onshore | Actual Aggregated,2026-08-02T23:51:38Z
2026-08-02T23:49:28Z,2026-08-03T01:49:28+0200,65d3fff1-7125-472d-bbc3-1b240f9c8d5b,2026-07-06T05:30:00Z,2026-07-06T07:30:00+0200,0.0,MW,NL,NL,actual_onshore_wind_generation,Wind Onshore | Actual Consumption,2026-08-02T23:51:38Z
2026-08-02T23:49:28Z,2026-08-03T01:49:28+0200,65d3fff1-7125-472d-bbc3-1b240f9c8d5b,2026-07-06T05:45:00Z,2026-07-06T07:45:00+0200,463.407,MW,NL,NL,actual_onshore_wind_generation,Wind Onshore | Actual Aggregated,2026-08-02T23:51:38Z
2026-08-02T23:49:28Z,2026-08-03T01:49:28+0200,65d3fff1-7125-472d-bbc3-1b240f9c8d5b,2026-07-06T05:45:00Z,2026-07-06T07:45:00+0200,0.0,MW,NL,NL,actual_onshore_wind_generation,Wind Onshore | Actual Consumption,2026-08-02T23:51:38Z
2026-08-02T23:49:28Z,2026-08-03T01:49:28+0200,65d3fff1-7125-472d-bbc3-1b240f9c8d5b,2026-07-06T06:00:00Z,2026-07-06T08:00:00+0200,447.336,MW,NL,NL,actual_onshore_wind_generation,Wind Onshore | Actual Aggregated,2026-08-02T23:51:38Z
2026-08-02T23:49:28Z,2026-08-03T01:49:28+0200,65d3fff1-7125-472d-bbc3-1b240f9c8d5b,2026-07-06T06:00:00Z,2026-07-06T08:00:00+0200,0.0,MW,NL,NL,actual_onshore_wind_generation,Wind Onshore | Actual Consumption,2026-08-02T23:51:38Z
2026-08-02T23:49:28Z,2026-08-03T01:49:28+0200,65d3fff1-7125-472d-bbc3-1b240f9c8d5b,2026-07-06T06:15:00Z,2026-07-06T08:15:00+0200,445.172,MW,NL,NL,actual_onshore_wind_generation,Wind Onshore | Actual Aggregated,2026-08-02T23:51:38Z
2026-08-02T23:49:28Z,2026-08-03T01:49:28+0200,65d3fff1-7125-472d-bbc3-1b240f9c8d5b,2026-07-06T06:15:00Z,2026-07-06T08:15:00+0200,0.0,MW,NL,NL,actual_onshore_wind_generation,Wind Onshore | Actual Consumption,2026-08-02T23:51:38Z
2026-08-02T23:49:28Z,2026-08-03T01:49:28+0200,65d3fff1-7125-472d-bbc3-1b240f9c8d5b,2026-07-06T06:30:00Z,2026-07-06T08:30:00+0200,455.226,MW,NL,NL,actual_onshore_wind_generation,Wind Onshore | Actual Aggregated,2026-08-02T23:51:38Z
2026-08-02T23:49:28Z,2026-08-03T01:49:28+0200,65d3fff1-7125-472d-bbc3-1b240f9c8d5b,2026-07-06T06:30:00Z,2026-07-06T08:30:00+0200,0.0,MW,NL,NL,actual_onshore_wind_generation,Wind Onshore | Actual Consumption,2026-08-02T23:51:38Z
2026-08-02T23:49:28Z,2026-08-03T01:49:28+0200,65d3fff1-7125-472d-bbc3-1b240f9c8d5b,2026-07-06T06:45:00Z,2026-07-06T08:45:00+0200,449.387,MW,NL,NL,actual_onshore_wind_generation,Wind Onshore | Actual Aggregated,2026-08-02T23:51:38Z
2026-08-02T23:49:28Z,2026-08-03T01:49:28+0200,65d3fff1-7125-472d-bbc3-1b240f9c8d5b,2026-07-06T06:45:00Z,2026-07-06T08:45:00+0200,0.0,MW,NL,NL,actual_onshore_wind_generation,Wind Onshore | Actual Consumption,2026-08-02T23:51:38Z
2026-08-02T23:49:28Z,2026-08-03T01:49:28+0200,65d3fff1-7125-472d-bbc3-1b240f9c8d5b,2026-07-06T07:00:00Z,2026-07-06T09:00:00+0200,454.294,MW,NL,NL,actual_onshore_wind_generation,Wind Onshore | Actual Aggregated,2026-08-02T23:51:38Z
2026-08-02T23:49:28Z,2026-08-03T01:49:28+0200,65d3fff1-7125-472d-bbc3-1b240f9c8d5b,2026-07-06T07:00:00Z,2026-07-06T09:00:00+0200,0.0,MW,NL,NL,actual_onshore_wind_generation,Wind Onshore | Actual Consumption,2026-08-02T23:51:38Z
2026-08-02T23:49:28Z,2026-08-03T01:49:28+0200,65d3fff1-7125-472d-bbc3-1b240f9c8d5b,2026-07-06T07:15:00Z,2026-07-06T09:15:00+0200,451.076,MW,NL,NL,actual_onshore_wind_generation,Wind Onshore | Actual Aggregated,2026-08-02T23:51:38Z
2026-08-02T23:49:28Z,2026-08-03T01:49:28+0200,65d3fff1-7125-472d-bbc3-1b240f9c8d5b,2026-07-06T07:15:00Z,2026-07-06T09:15:00+0200,0.0,MW,NL,NL,actual_onshore_wind_generation,Wind Onshore | Actual Consumption,2026-08-02T23:51:38Z
2026-08-02T23:49:28Z,2026-08-03T01:49:28+0200,65d3fff1-7125-472d-bbc3-1b240f9c8d5b,2026-07-06T07:30:00Z,2026-07-06T09:30:00+0200,467.363,MW,NL,NL,actual_onshore_wind_generation,Wind Onshore | Actual Aggregated,2026-08-02T23:51:38Z
2026-08-02T23:49:28Z,2026-08-03T01:49:28+0200,65d3fff1-7125-472d-bbc3-1b240f9c8d5b,2026-07-06T07:30:00Z,2026-07-06T09:30:00+0200,0.0,MW,NL,NL,actual_onshore_wind_generation,Wind Onshore | Actual Consumption,2026-08-02T23:51:38Z
2026-08-02T23:49:28Z,2026-08-03T01:49:28+0200,65d3fff1-7125-472d-bbc3-1b240f9c8d5b,2026-07-06T07:45:00Z,2026-07-06T09:45:00+0200,557.945,MW,NL,NL,actual_onshore_wind_generation,Wind Onshore | Actual Aggregated,2026-08-02T23:51:38Z
2026-08-02T23:49:28Z,2026-08-03T01:49:28+0200,65d3fff1-7125-472d-bbc3-1b240f9c8d5b,2026-07-06T07:45:00Z,2026-07-06T09:45:00+0200,0.0,MW,NL,NL,actual_onshore_wind_generation,Wind Onshore | Actual Consumption,2026-08-02T23:51:38Z
2026-08-02T23:49:28Z,2026-08-03T01:49:28+0200,65d3fff1-7125-472d-bbc3-1b240f9c8d5b,2026-07-06T08:00:00Z,2026-07-06T10:00:00+0200,624.103,MW,NL,NL,actual_onshore_wind_generation,Wind Onshore | Actual Aggregated,2026-08-02T23:51:38Z
2026-08-02T23:49:28Z,2026-08-03T01:49:28+0200,65d3fff1-7125-472d-bbc3-1b240f9c8d5b,2026-07-06T08:00:00Z,2026-07-06T10:00:00+0200,0.0,MW,NL,NL,actual_onshore_wind_generation,Wind Onshore | Actual Consumption,2026-08-02T23:51:38Z
2026-08-02T23:49:28Z,2026-08-03T01:49:28+0200,65d3fff1-7125-472d-bbc3-1b240f9c8d5b,2026-07-06T08:15:00Z,2026-07-06T10:15:00+0200,674.301,MW,NL,NL,actual_onshore_wind_generation,Wind Onshore | Actual Aggregated,2026-08-02T23:51:38Z
2026-08-02T23:49:28Z,2026-08-03T01:49:28+0200,65d3fff1-7125-472d-bbc3-1b240f9c8d5b,2026-07-06T08:15:00Z,2026-07-06T10:15:00+0200,0.0,MW,NL,NL,actual_onshore_wind_generation,Wind Onshore | Actual Consumption,2026-08-02T23:51:38Z
2026-08-02T23:49:28Z,2026-08-03T01:49:28+0200,65d3fff1-7125-472d-bbc3-1b240f9c8d5b,2026-07-06T08:30:00Z,2026-07-06T10:30:00+0200,766.323,MW,NL,NL,actual_onshore_wind_generation,Wind Onshore | Actual Aggregated,2026-08-02T23:51:38Z
2026-08-02T23:49:28Z,2026-08-03T01:49:28+0200,65d3fff1-7125-472d-bbc3-1b240f9c8d5b,2026-07-06T08:30:00Z,2026-07-06T10:30:00+0200,0.0,MW,NL,NL,actual_onshore_wind_generation,Wind Onshore | Actual Consumption,2026-08-02T23:51:38Z
2026-08-02T23:49:28Z,2026-08-03T01:49:28+0200,65d3fff1-7125-472d-bbc3-1b240f9c8d5b,2026-07-06T08:45:00Z,2026-07-06T10:45:00+0200,795.894,MW,NL,NL,actual_onshore_wind_generation,Wind Onshore | Actual Aggregated,2026-08-02T23:51:38Z
2026-08-02T23:49:28Z,2026-08-03T01:49:28+0200,65d3fff1-7125-472d-bbc3-1b240f9c8d5b,2026-07-06T08:45:00Z,2026-07-06T10:45:00+0200,0.0,MW,NL,NL,actual_onshore_wind_generation,Wind Onshore | Actual Consumption,2026-08-02T23:51:38Z
2026-08-02T23:49:28Z,2026-08-03T01:49:28+0200,65d3fff1-7125-472d-bbc3-1b240f9c8d5b,2026-07-06T09:00:00Z,2026-07-06T11:00:00+0200,753.949,MW,NL,NL,actual_onshore_wind_generation,Wind Onshore | Actual Aggregated,2026-08-02T23:51:38Z
2026-08-02T23:49:28Z,2026-08-03T01:49:28+0200,65d3fff1-7125-472d-bbc3-1b240f9c8d5b,2026-07-06T09:00:00Z,2026-07-06T11:00:00+0200,0.0,MW,NL,NL,actual_onshore_wind_generation,Wind Onshore | Actual Consumption,2026-08-02T23:51:38Z
2026-08-02T23:49:28Z,2026-08-03T01:49:28+0200,65d3fff1-7125-472d-bbc3-1b240f9c8d5b,2026-07-06T09:15:00Z,2026-07-06T11:15:00+0200,763.646,MW,NL,NL,actual_onshore_wind_generation,Wind Onshore | Actual Aggregated,2026-08-02T23:51:38Z
2026-08-02T23:49:28Z,2026-08-03T01:49:28+0200,65d3fff1-7125-472d-bbc3-1b240f9c8d5b,2026-07-06T09:15:00Z,2026-07-06T11:15:00+0200,0.0,MW,NL,NL,actual_onshore_wind_generation,Wind Onshore | Actual Consumption,2026-08-02T23:51:38Z
2026-08-02T23:49:28Z,2026-08-03T01:49:28+0200,65d3fff1-7125-472d-bbc3-1b240f9c8d5b,2026-07-06T09:30:00Z,2026-07-06T11:30:00+0200,754.793,MW,NL,NL,actual_onshore_wind_generation,Wind Onshore | Actual Aggregated,2026-08-02T23:51:38Z
2026-08-02T23:49:28Z,2026-08-03T01:49:28+0200,65d3fff1-7125-472d-bbc3-1b240f9c8d5b,2026-07-06T09:30:00Z,2026-07-06T11:30:00+0200,0.0,MW,NL,NL,actual_onshore_wind_generation,Wind Onshore | Actual Consumption,2026-08-02T23:51:38Z
2026-08-02T23:49:28Z,2026-08-03T01:49:28+0200,65d3fff1-7125-472d-bbc3-1b240f9c8d5b,2026-07-06T09:45:00Z,2026-07-06T11:45:00+0200,811.593,MW,NL,NL,actual_onshore_wind_generation,Wind Onshore | Actual Aggregated,2026-08-02T23:51:38Z
2026-08-02T23:49:28Z,2026-08-03T01:49:28+0200,65d3fff1-7125-472d-bbc3-1b240f9c8d5b,2026-07-06T09:45:00Z,2026-07-06T11:45:00+0200,0.0,MW,NL,NL,actual_onshore_wind_generation,Wind Onshore | Actual Consumption,2026-08-02T23:51:38Z
2026-08-02T23:49:28Z,2026-08-03T01:49:28+0200,65d3fff1-7125-472d-bbc3-1b240f9c8d5b,2026-07-06T10:00:00Z,2026-07-06T12:00:00+0200,816.76,MW,NL,NL,actual_onshore_wind_generation,Wind Onshore | Actual Aggregated,2026-08-02T23:51:38Z
2026-08-02T23:49:28Z,2026-08-03T01:49:28+0200,65d3fff1-7125-472d-bbc3-1b240f9c8d5b,2026-07-06T10:00:00Z,2026-07-06T12:00:00+0200,0.0,MW,NL,NL,actual_onshore_wind_generation,Wind Onshore | Actual Consumption,2026-08-02T23:51:38Z
2026-08-02T23:49:28Z,2026-08-03T01:49:28+0200,65d3fff1-7125-472d-bbc3-1b240f9c8d5b,2026-07-06T10:15:00Z,2026-07-06T12:15:00+0200,810.601,MW,NL,NL,actual_onshore_wind_generation,Wind Onshore | Actual Aggregated,2026-08-02T23:51:38Z
2026-08-02T23:49:28Z,2026-08-03T01:49:28+0200,65d3fff1-7125-472d-bbc3-1b240f9c8d5b,2026-07-06T10:15:00Z,2026-07-06T12:15:00+0200,0.0,MW,NL,NL,actual_onshore_wind_generation,Wind Onshore | Actual Consumption,2026-08-02T23:51:38Z
2026-08-02T23:49:28Z,2026-08-03T01:49:28+0200,65d3fff1-7125-472d-bbc3-1b240f9c8d5b,2026-07-06T10:30:00Z,2026-07-06T12:30:00+0200,772.878,MW,NL,NL,actual_onshore_wind_generation,Wind Onshore | Actual Aggregated,2026-08-02T23:51:38Z
2026-08-02T23:49:28Z,2026-08-03T01:49:28+0200,65d3fff1-7125-472d-bbc3-1b240f9c8d5b,2026-07-06T10:30:00Z,2026-07-06T12:30:00+0200,0.0,MW,NL,NL,actual_onshore_wind_generation,Wind Onshore | Actual Consumption,2026-08-02T23:51:38Z
2026-08-02T23:49:28Z,2026-08-03T01:49:28+0200,65d3fff1-7125-472d-bbc3-1b240f9c8d5b,2026-07-06T10:45:00Z,2026-07-06T12:45:00+0200,744.422,MW,NL,NL,actual_onshore_wind_generation,Wind Onshore | Actual Aggregated,2026-08-02T23:51:38Z
2026-08-02T23:49:28Z,2026-08-03T01:49:28+0200,65d3fff1-7125-472d-bbc3-1b240f9c8d5b,2026-07-06T10:45:00Z,2026-07-06T12:45:00+0200,0.0,MW,NL,NL,actual_onshore_wind_generation,Wind Onshore | Actual Consumption,2026-08-02T23:51:38Z
2026-08-02T23:49:28Z,2026-08-03T01:49:28+0200,65d3fff1-7125-472d-bbc3-1b240f9c8d5b,2026-07-06T11:00:00Z,2026-07-06T13:00:00+0200,718.345,MW,NL,NL,actual_onshore_wind_generation,Wind Onshore | Actual Aggregated,2026-08-02T23:51:38Z
2026-08-02T23:49:28Z,2026-08-03T01:49:28+0200,65d3fff1-7125-472d-bbc3-1b240f9c8d5b,2026-07-06T11:00:00Z,2026-07-06T13:00:00+0200,0.0,MW,NL,NL,actual_onshore_wind_generation,Wind Onshore | Actual Consumption,2026-08-02T23:51:38Z
2026-08-02T23:49:28Z,2026-08-03T01:49:28+0200,65d3fff1-7125-472d-bbc3-1b240f9c8d5b,2026-07-06T11:15:00Z,2026-07-06T13:15:00+0200,720.299,MW,NL,NL,actual_onshore_wind_generation,Wind Onshore | Actual Aggregated,2026-08-02T23:51:38Z
2026-08-02T23:49:28Z,2026-08-03T01:49:28+0200,65d3fff1-7125-472d-bbc3-1b240f9c8d5b,2026-07-06T11:15:00Z,2026-07-06T13:15:00+0200,0.0,MW,NL,NL,actual_onshore_wind_generation,Wind Onshore | Actual Consumption,2026-08-02T23:51:38Z
2026-08-02T23:49:28Z,2026-08-03T01:49:28+0200,65d3fff1-7125-472d-bbc3-1b240f9c8d5b,2026-07-06T11:30:00Z,2026-07-06T13:30:00+0200,731.781,MW,NL,NL,actual_onshore_wind_generation,Wind Onshore | Actual Aggregated,2026-08-02T23:51:38Z
2026-08-02T23:49:28Z,2026-08-03T01:49:28+0200,65d3fff1-7125-472d-bbc3-1b240f9c8d5b,2026-07-06T11:30:00Z,2026-07-06T13:30:00+0200,0.0,MW,NL,NL,actual_onshore_wind_generation,Wind Onshore | Actual Consumption,2026-08-02T23:51:38Z
2026-08-02T23:49:28Z,2026-08-03T01:49:28+0200,65d3fff1-7125-472d-bbc3-1b240f9c8d5b,2026-07-06T11:45:00Z,2026-07-06T13:45:00+0200,730.067,MW,NL,NL,actual_onshore_wind_generation,Wind Onshore | Actual Aggregated,2026-08-02T23:51:38Z
2026-08-02T23:49:28Z,2026-08-03T01:49:28+0200,65d3fff1-7125-472d-bbc3-1b240f9c8d5b,2026-07-06T11:45:00Z,2026-07-06T13:45:00+0200,0.0,MW,NL,NL,actual_onshore_wind_generation,Wind Onshore | Actual Consumption,2026-08-02T23:51:38Z
2026-08-02T23:49:28Z,2026-08-03T01:49:28+0200,65d3fff1-7125-472d-bbc3-1b240f9c8d5b,2026-07-06T12:00:00Z,2026-07-06T14:00:00+0200,771.582,MW,NL,NL,actual_onshore_wind_generation,Wind Onshore | Actual Aggregated,2026-08-02T23:51:38Z
2026-08-02T23:49:28Z,2026-08-03T01:49:28+0200,65d3fff1-7125-472d-bbc3-1b240f9c8d5b,2026-07-06T12:00:00Z,2026-07-06T14:00:00+0200,0.0,MW,NL,NL,actual_onshore_wind_generation,Wind Onshore | Actual Consumption,2026-08-02T23:51:38Z
2026-08-02T23:49:28Z,2026-08-03T01:49:28+0200,65d3fff1-7125-472d-bbc3-1b240f9c8d5b,2026-07-06T12:15:00Z,2026-07-06T14:15:00+0200,766.212,MW,NL,NL,actual_onshore_wind_generation,Wind Onshore | Actual Aggregated,2026-08-02T23:51:38Z
2026-08-02T23:49:28Z,2026-08-03T01:49:28+0200,65d3fff1-7125-472d-bbc3-1b240f9c8d5b,2026-07-06T12:15:00Z,2026-07-06T14:15:00+0200,0.0,MW,NL,NL,actual_onshore_wind_generation,Wind Onshore | Actual Consumption,2026-08-02T23:51:38Z
2026-08-02T23:49:28Z,2026-08-03T01:49:28+0200,65d3fff1-7125-472d-bbc3-1b240f9c8d5b,2026-07-06T12:30:00Z,2026-07-06T14:30:00+0200,718.959,MW,NL,NL,actual_onshore_wind_generation,Wind Onshore | Actual Aggregated,2026-08-02T23:51:38Z
2026-08-02T23:49:28Z,2026-08-03T01:49:28+0200,65d3fff1-7125-472d-bbc3-1b240f9c8d5b,2026-07-06T12:30:00Z,2026-07-06T14:30:00+0200,0.0,MW,NL,NL,actual_onshore_wind_generation,Wind Onshore | Actual Consumption,2026-08-02T23:51:38Z
2026-08-02T23:49:28Z,2026-08-03T01:49:28+0200,65d3fff1-7125-472d-bbc3-1b240f9c8d5b,2026-07-06T12:45:00Z,2026-07-06T14:45:00+0200,687.944,MW,NL,NL,actual_onshore_wind_generation,Wind Onshore | Actual Aggregated,2026-08-02T23:51:38Z
2026-08-02T23:49:28Z,2026-08-03T01:49:28+0200,65d3fff1-7125-472d-bbc3-1b240f9c8d5b,2026-07-06T12:45:00Z,2026-07-06T14:45:00+0200,0.0,MW,NL,NL,actual_onshore_wind_generation,Wind Onshore | Actual Consumption,2026-08-02T23:51:38Z
2026-08-02T23:49:28Z,2026-08-03T01:49:28+0200,65d3fff1-7125-472d-bbc3-1b240f9c8d5b,2026-07-06T13:00:00Z,2026-07-06T15:00:00+0200,670.476,MW,NL,NL,actual_onshore_wind_generation,Wind Onshore | Actual Aggregated,2026-08-02T23:51:38Z
2026-08-02T23:49:28Z,2026-08-03T01:49:28+0200,65d3fff1-7125-472d-bbc3-1b240f9c8d5b,2026-07-06T13:00:00Z,2026-07-06T15:00:00+0200,0.0,MW,NL,NL,actual_onshore_wind_generation,Wind Onshore | Actual Consumption,2026-08-02T23:51:38Z
2026-08-02T23:49:28Z,2026-08-03T01:49:28+0200,65d3fff1-7125-472d-bbc3-1b240f9c8d5b,2026-07-06T13:15:00Z,2026-07-06T15:15:00+0200,696.369,MW,NL,NL,actual_onshore_wind_generation,Wind Onshore | Actual Aggregated,2026-08-02T23:51:38Z
2026-08-02T23:49:28Z,2026-08-03T01:49:28+0200,65d3fff1-7125-472d-bbc3-1b240f9c8d5b,2026-07-06T13:15:00Z,2026-07-06T15:15:00+0200,0.0,MW,NL,NL,actual_onshore_wind_generation,Wind Onshore | Actual Consumption,2026-08-02T23:51:38Z
2026-08-02T23:49:28Z,2026-08-03T01:49:28+0200,65d3fff1-7125-472d-bbc3-1b240f9c8d5b,2026-07-06T13:30:00Z,2026-07-06T15:30:00+0200,690.152,MW,NL,NL,actual_onshore_wind_generation,Wind Onshore | Actual Aggregated,2026-08-02T23:51:38Z
2026-08-02T23:49:28Z,2026-08-03T01:49:28+0200,65d3fff1-7125-472d-bbc3-1b240f9c8d5b,2026-07-06T13:30:00Z,2026-07-06T15:30:00+0200,0.0,MW,NL,NL,actual_onshore_wind_generation,Wind Onshore | Actual Consumption,2026-08-02T23:51:38Z
2026-08-02T23:49:28Z,2026-08-03T01:49:28+0200,65d3fff1-7125-472d-bbc3-1b240f9c8d5b,2026-07-06T13:45:00Z,2026-07-06T15:45:00+0200,660.91,MW,NL,NL,actual_onshore_wind_generation,Wind Onshore | Actual Aggregated,2026-08-02T23:51:38Z
2026-08-02T23:49:28Z,2026-08-03T01:49:28+0200,65d3fff1-7125-472d-bbc3-1b240f9c8d5b,2026-07-06T13:45:00Z,2026-07-06T15:45:00+0200,0.0,MW,NL,NL,actual_onshore_wind_generation,Wind Onshore | Actual Consumption,2026-08-02T23:51:38Z
2026-08-02T23:49:28Z,2026-08-03T01:49:28+0200,65d3fff1-7125-472d-bbc3-1b240f9c8d5b,2026-07-06T14:00:00Z,2026-07-06T16:00:00+0200,648.666,MW,NL,NL,actual_onshore_wind_generation,Wind Onshore | Actual Aggregated,2026-08-02T23:51:38Z
2026-08-02T23:49:28Z,2026-08-03T01:49:28+0200,65d3fff1-7125-472d-bbc3-1b240f9c8d5b,2026-07-06T14:00:00Z,2026-07-06T16:00:00+0200,0.0,MW,NL,NL,actual_onshore_wind_generation,Wind Onshore | Actual Consumption,2026-08-02T23:51:38Z
2026-08-02T23:49:28Z,2026-08-03T01:49:28+0200,65d3fff1-7125-472d-bbc3-1b240f9c8d5b,2026-07-06T14:15:00Z,2026-07-06T16:15:00+0200,627.622,MW,NL,NL,actual_onshore_wind_generation,Wind Onshore | Actual Aggregated,2026-08-02T23:51:38Z
2026-08-02T23:49:28Z,2026-08-03T01:49:28+0200,65d3fff1-7125-472d-bbc3-1b240f9c8d5b,2026-07-06T14:15:00Z,2026-07-06T16:15:00+0200,0.0,MW,NL,NL,actual_onshore_wind_generation,Wind Onshore | Actual Consumption,2026-08-02T23:51:38Z
2026-08-02T23:49:28Z,2026-08-03T01:49:28+0200,65d3fff1-7125-472d-bbc3-1b240f9c8d5b,2026-07-06T14:30:00Z,2026-07-06T16:30:00+0200,646.174,MW,NL,NL,actual_onshore_wind_generation,Wind Onshore | Actual Aggregated,2026-08-02T23:51:38Z
2026-08-02T23:49:28Z,2026-08-03T01:49:28+0200,65d3fff1-7125-472d-bbc3-1b240f9c8d5b,2026-07-06T14:30:00Z,2026-07-06T16:30:00+0200,0.0,MW,NL,NL,actual_onshore_wind_generation,Wind Onshore | Actual Consumption,2026-08-02T23:51:38Z
2026-08-02T23:49:28Z,2026-08-03T01:49:28+0200,65d3fff1-7125-472d-bbc3-1b240f9c8d5b,2026-07-06T14:45:00Z,2026-07-06T16:45:00+0200,586.915,MW,NL,NL,actual_onshore_wind_generation,Wind Onshore | Actual Aggregated,2026-08-02T23:51:38Z
2026-08-02T23:49:28Z,2026-08-03T01:49:28+0200,65d3fff1-7125-472d-bbc3-1b240f9c8d5b,2026-07-06T14:45:00Z,2026-07-06T16:45:00+0200,0.0,MW,NL,NL,actual_onshore_wind_generation,Wind Onshore | Actual Consumption,2026-08-02T23:51:38Z
2026-08-02T23:49:28Z,2026-08-03T01:49:28+0200,65d3fff1-7125-472d-bbc3-1b240f9c8d5b,2026-07-06T15:00:00Z,2026-07-06T17:00:00+0200,509.098,MW,NL,NL,actual_onshore_wind_generation,Wind Onshore | Actual Aggregated,2026-08-02T23:51:38Z
2026-08-02T23:49:28Z,2026-08-03T01:49:28+0200,65d3fff1-7125-472d-bbc3-1b240f9c8d5b,2026-07-06T15:00:00Z,2026-07-06T17:00:00+0200,0.0,MW,NL,NL,actual_onshore_wind_generation,Wind Onshore | Actual Consumption,2026-08-02T23:51:38Z
2026-08-02T23:49:28Z,2026-08-03T01:49:28+0200,65d3fff1-7125-472d-bbc3-1b240f9c8d5b,2026-07-06T15:15:00Z,2026-07-06T17:15:00+0200,483.23,MW,NL,NL,actual_onshore_wind_generation,Wind Onshore | Actual Aggregated,2026-08-02T23:51:38Z
2026-08-02T23:49:28Z,2026-08-03T01:49:28+0200,65d3fff1-7125-472d-bbc3-1b240f9c8d5b,2026-07-06T15:15:00Z,2026-07-06T17:15:00+0200,0.0,MW,NL,NL,actual_onshore_wind_generation,Wind Onshore | Actual Consumption,2026-08-02T23:51:38Z
2026-08-02T23:49:28Z,2026-08-03T01:49:28+0200,65d3fff1-7125-472d-bbc3-1b240f9c8d5b,2026-07-06T15:30:00Z,2026-07-06T17:30:00+0200,454.483,MW,NL,NL,actual_onshore_wind_generation,Wind Onshore | Actual Aggregated,2026-08-02T23:51:38Z
2026-08-02T23:49:28Z,2026-08-03T01:49:28+0200,65d3fff1-7125-472d-bbc3-1b240f9c8d5b,2026-07-06T15:30:00Z,2026-07-06T17:30:00+0200,0.0,MW,NL,NL,actual_onshore_wind_generation,Wind Onshore | Actual Consumption,2026-08-02T23:51:38Z
2026-08-02T23:49:28Z,2026-08-03T01:49:28+0200,65d3fff1-7125-472d-bbc3-1b240f9c8d5b,2026-07-06T15:45:00Z,2026-07-06T17:45:00+0200,475.781,MW,NL,NL,actual_onshore_wind_generation,Wind Onshore | Actual Aggregated,2026-08-02T23:51:38Z
2026-08-02T23:49:28Z,2026-08-03T01:49:28+0200,65d3fff1-7125-472d-bbc3-1b240f9c8d5b,2026-07-06T15:45:00Z,2026-07-06T17:45:00+0200,0.0,MW,NL,NL,actual_onshore_wind_generation,Wind Onshore | Actual Consumption,2026-08-02T23:51:38Z
2026-08-02T23:49:28Z,2026-08-03T01:49:28+0200,65d3fff1-7125-472d-bbc3-1b240f9c8d5b,2026-07-06T16:00:00Z,2026-07-06T18:00:00+0200,456.879,MW,NL,NL,actual_onshore_wind_generation,Wind Onshore | Actual Aggregated,2026-08-02T23:51:38Z
2026-08-02T23:49:28Z,2026-08-03T01:49:28+0200,65d3fff1-7125-472d-bbc3-1b240f9c8d5b,2026-07-06T16:00:00Z,2026-07-06T18:00:00+0200,0.0,MW,NL,NL,actual_onshore_wind_generation,Wind Onshore | Actual Consumption,2026-08-02T23:51:38Z
2026-08-02T23:49:28Z,2026-08-03T01:49:28+0200,65d3fff1-7125-472d-bbc3-1b240f9c8d5b,2026-07-06T16:15:00Z,2026-07-06T18:15:00+0200,401.034,MW,NL,NL,actual_onshore_wind_generation,Wind Onshore | Actual Aggregated,2026-08-02T23:51:38Z
2026-08-02T23:49:28Z,2026-08-03T01:49:28+0200,65d3fff1-7125-472d-bbc3-1b240f9c8d5b,2026-07-06T16:15:00Z,2026-07-06T18:15:00+0200,0.0,MW,NL,NL,actual_onshore_wind_generation,Wind Onshore | Actual Consumption,2026-08-02T23:51:38Z
2026-08-02T23:49:28Z,2026-08-03T01:49:28+0200,65d3fff1-7125-472d-bbc3-1b240f9c8d5b,2026-07-06T16:30:00Z,2026-07-06T18:30:00+0200,419.386,MW,NL,NL,actual_onshore_wind_generation,Wind Onshore | Actual Aggregated,2026-08-02T23:51:38Z
2026-08-02T23:49:28Z,2026-08-03T01:49:28+0200,65d3fff1-7125-472d-bbc3-1b240f9c8d5b,2026-07-06T16:30:00Z,2026-07-06T18:30:00+0200,0.0,MW,NL,NL,actual_onshore_wind_generation,Wind Onshore | Actual Consumption,2026-08-02T23:51:38Z
2026-08-02T23:49:28Z,2026-08-03T01:49:28+0200,65d3fff1-7125-472d-bbc3-1b240f9c8d5b,2026-07-06T16:45:00Z,2026-07-06T18:45:00+0200,378.849,MW,NL,NL,actual_onshore_wind_generation,Wind Onshore | Actual Aggregated,2026-08-02T23:51:38Z
2026-08-02T23:49:28Z,2026-08-03T01:49:28+0200,65d3fff1-7125-472d-bbc3-1b240f9c8d5b,2026-07-06T16:45:00Z,2026-07-06T18:45:00+0200,0.0,MW,NL,NL,actual_onshore_wind_generation,Wind Onshore | Actual Consumption,2026-08-02T23:51:38Z
2026-08-02T23:49:28Z,2026-08-03T01:49:28+0200,65d3fff1-7125-472d-bbc3-1b240f9c8d5b,2026-07-06T17:00:00Z,2026-07-06T19:00:00+0200,378.989,MW,NL,NL,actual_onshore_wind_generation,Wind Onshore | Actual Aggregated,2026-08-02T23:51:38Z
2026-08-02T23:49:28Z,2026-08-03T01:49:28+0200,65d3fff1-7125-472d-bbc3-1b240f9c8d5b,2026-07-06T17:00:00Z,2026-07-06T19:00:00+0200,0.0,MW,NL,NL,actual_onshore_wind_generation,Wind Onshore | Actual Consumption,2026-08-02T23:51:38Z
2026-08-02T23:49:28Z,2026-08-03T01:49:28+0200,65d3fff1-7125-472d-bbc3-1b240f9c8d5b,2026-07-06T17:15:00Z,2026-07-06T19:15:00+0200,328.228,MW,NL,NL,actual_onshore_wind_generation,Wind Onshore | Actual Aggregated,2026-08-02T23:51:38Z
2026-08-02T23:49:28Z,2026-08-03T01:49:28+0200,65d3fff1-7125-472d-bbc3-1b240f9c8d5b,2026-07-06T17:15:00Z,2026-07-06T19:15:00+0200,0.0,MW,NL,NL,actual_onshore_wind_generation,Wind Onshore | Actual Consumption,2026-08-02T23:51:38Z
2026-08-02T23:49:28Z,2026-08-03T01:49:28+0200,65d3fff1-7125-472d-bbc3-1b240f9c8d5b,2026-07-06T17:30:00Z,2026-07-06T19:30:00+0200,295.711,MW,NL,NL,actual_onshore_wind_generation,Wind Onshore | Actual Aggregated,2026-08-02T23:51:38Z
2026-08-02T23:49:28Z,2026-08-03T01:49:28+0200,65d3fff1-7125-472d-bbc3-1b240f9c8d5b,2026-07-06T17:30:00Z,2026-07-06T19:30:00+0200,0.0,MW,NL,NL,actual_onshore_wind_generation,Wind Onshore | Actual Consumption,2026-08-02T23:51:38Z
2026-08-02T23:49:28Z,2026-08-03T01:49:28+0200,65d3fff1-7125-472d-bbc3-1b240f9c8d5b,2026-07-06T17:45:00Z,2026-07-06T19:45:00+0200,268.135,MW,NL,NL,actual_onshore_wind_generation,Wind Onshore | Actual Aggregated,2026-08-02T23:51:38Z
2026-08-02T23:49:28Z,2026-08-03T01:49:28+0200,65d3fff1-7125-472d-bbc3-1b240f9c8d5b,2026-07-06T17:45:00Z,2026-07-06T19:45:00+0200,0.0,MW,NL,NL,actual_onshore_wind_generation,Wind Onshore | Actual Consumption,2026-08-02T23:51:38Z
2026-08-02T23:49:28Z,2026-08-03T01:49:28+0200,65d3fff1-7125-472d-bbc3-1b240f9c8d5b,2026-07-06T18:00:00Z,2026-07-06T20:00:00+0200,251.21,MW,NL,NL,actual_onshore_wind_generation,Wind Onshore | Actual Aggregated,2026-08-02T23:51:38Z
2026-08-02T23:49:28Z,2026-08-03T01:49:28+0200,65d3fff1-7125-472d-bbc3-1b240f9c8d5b,2026-07-06T18:00:00Z,2026-07-06T20:00:00+0200,0.0,MW,NL,NL,actual_onshore_wind_generation,Wind Onshore | Actual Consumption,2026-08-02T23:51:38Z
2026-08-02T23:49:28Z,2026-08-03T01:49:28+0200,65d3fff1-7125-472d-bbc3-1b240f9c8d5b,2026-07-06T18:15:00Z,2026-07-06T20:15:00+0200,254.731,MW,NL,NL,actual_onshore_wind_generation,Wind Onshore | Actual Aggregated,2026-08-02T23:51:38Z
2026-08-02T23:49:28Z,2026-08-03T01:49:28+0200,65d3fff1-7125-472d-bbc3-1b240f9c8d5b,2026-07-06T18:15:00Z,2026-07-06T20:15:00+0200,0.0,MW,NL,NL,actual_onshore_wind_generation,Wind Onshore | Actual Consumption,2026-08-02T23:51:38Z
2026-08-02T23:49:28Z,2026-08-03T01:49:28+0200,65d3fff1-7125-472d-bbc3-1b240f9c8d5b,2026-07-06T18:30:00Z,2026-07-06T20:30:00+0200,278.304,MW,NL,NL,actual_onshore_wind_generation,Wind Onshore | Actual Aggregated,2026-08-02T23:51:38Z
2026-08-02T23:49:28Z,2026-08-03T01:49:28+0200,65d3fff1-7125-472d-bbc3-1b240f9c8d5b,2026-07-06T18:30:00Z,2026-07-06T20:30:00+0200,0.0,MW,NL,NL,actual_onshore_wind_generation,Wind Onshore | Actual Consumption,2026-08-02T23:51:38Z
2026-08-02T23:49:28Z,2026-08-03T01:49:28+0200,65d3fff1-7125-472d-bbc3-1b240f9c8d5b,2026-07-06T18:45:00Z,2026-07-06T20:45:00+0200,276.595,MW,NL,NL,actual_onshore_wind_generation,Wind Onshore | Actual Aggregated,2026-08-02T23:51:38Z
2026-08-02T23:49:28Z,2026-08-03T01:49:28+0200,65d3fff1-7125-472d-bbc3-1b240f9c8d5b,2026-07-06T18:45:00Z,2026-07-06T20:45:00+0200,0.0,MW,NL,NL,actual_onshore_wind_generation,Wind Onshore | Actual Consumption,2026-08-02T23:51:38Z
2026-08-02T23:49:28Z,2026-08-03T01:49:28+0200,65d3fff1-7125-472d-bbc3-1b240f9c8d5b,2026-07-06T19:00:00Z,2026-07-06T21:00:00+0200,306.397,MW,NL,NL,actual_onshore_wind_generation,Wind Onshore | Actual Aggregated,2026-08-02T23:51:38Z
2026-08-02T23:49:28Z,2026-08-03T01:49:28+0200,65d3fff1-7125-472d-bbc3-1b240f9c8d5b,2026-07-06T19:00:00Z,2026-07-06T21:00:00+0200,0.0,MW,NL,NL,actual_onshore_wind_generation,Wind Onshore | Actual Consumption,2026-08-02T23:51:38Z
2026-08-02T23:49:28Z,2026-08-03T01:49:28+0200,65d3fff1-7125-472d-bbc3-1b240f9c8d5b,2026-07-06T19:15:00Z,2026-07-06T21:15:00+0200,338.887,MW,NL,NL,actual_onshore_wind_generation,Wind Onshore | Actual Aggregated,2026-08-02T23:51:38Z
2026-08-02T23:49:28Z,2026-08-03T01:49:28+0200,65d3fff1-7125-472d-bbc3-1b240f9c8d5b,2026-07-06T19:15:00Z,2026-07-06T21:15:00+0200,0.0,MW,NL,NL,actual_onshore_wind_generation,Wind Onshore | Actual Consumption,2026-08-02T23:51:38Z
2026-08-02T23:49:28Z,2026-08-03T01:49:28+0200,65d3fff1-7125-472d-bbc3-1b240f9c8d5b,2026-07-06T19:30:00Z,2026-07-06T21:30:00+0200,327.705,MW,NL,NL,actual_onshore_wind_generation,Wind Onshore | Actual Aggregated,2026-08-02T23:51:38Z
2026-08-02T23:49:28Z,2026-08-03T01:49:28+0200,65d3fff1-7125-472d-bbc3-1b240f9c8d5b,2026-07-06T19:30:00Z,2026-07-06T21:30:00+0200,0.0,MW,NL,NL,actual_onshore_wind_generation,Wind Onshore | Actual Consumption,2026-08-02T23:51:38Z
2026-08-02T23:49:28Z,2026-08-03T01:49:28+0200,65d3fff1-7125-472d-bbc3-1b240f9c8d5b,2026-07-06T19:45:00Z,2026-07-06T21:45:00+0200,333.011,MW,NL,NL,actual_onshore_wind_generation,Wind Onshore | Actual Aggregated,2026-08-02T23:51:38Z
2026-08-02T23:49:28Z,2026-08-03T01:49:28+0200,65d3fff1-7125-472d-bbc3-1b240f9c8d5b,2026-07-06T19:45:00Z,2026-07-06T21:45:00+0200,0.0,MW,NL,NL,actual_onshore_wind_generation,Wind Onshore | Actual Consumption,2026-08-02T23:51:38Z
2026-08-02T23:49:28Z,2026-08-03T01:49:28+0200,65d3fff1-7125-472d-bbc3-1b240f9c8d5b,2026-07-06T20:00:00Z,2026-07-06T22:00:00+0200,358.637,MW,NL,NL,actual_onshore_wind_generation,Wind Onshore | Actual Aggregated,2026-08-02T23:51:38Z
2026-08-02T23:49:28Z,2026-08-03T01:49:28+0200,65d3fff1-7125-472d-bbc3-1b240f9c8d5b,2026-07-06T20:00:00Z,2026-07-06T22:00:00+0200,0.0,MW,NL,NL,actual_onshore_wind_generation,Wind Onshore | Actual Consumption,2026-08-02T23:51:38Z
2026-08-02T23:49:28Z,2026-08-03T01:49:28+0200,65d3fff1-7125-472d-bbc3-1b240f9c8d5b,2026-07-06T20:15:00Z,2026-07-06T22:15:00+0200,393.368,MW,NL,NL,actual_onshore_wind_generation,Wind Onshore | Actual Aggregated,2026-08-02T23:51:38Z
2026-08-02T23:49:28Z,2026-08-03T01:49:28+0200,65d3fff1-7125-472d-bbc3-1b240f9c8d5b,2026-07-06T20:15:00Z,2026-07-06T22:15:00+0200,0.0,MW,NL,NL,actual_onshore_wind_generation,Wind Onshore | Actual Consumption,2026-08-02T23:51:38Z
2026-08-02T23:49:28Z,2026-08-03T01:49:28+0200,65d3fff1-7125-472d-bbc3-1b240f9c8d5b,2026-07-06T20:30:00Z,2026-07-06T22:30:00+0200,416.749,MW,NL,NL,actual_onshore_wind_generation,Wind Onshore | Actual Aggregated,2026-08-02T23:51:38Z
2026-08-02T23:49:28Z,2026-08-03T01:49:28+0200,65d3fff1-7125-472d-bbc3-1b240f9c8d5b,2026-07-06T20:30:00Z,2026-07-06T22:30:00+0200,0.0,MW,NL,NL,actual_onshore_wind_generation,Wind Onshore | Actual Consumption,2026-08-02T23:51:38Z
2026-08-02T23:49:28Z,2026-08-03T01:49:28+0200,65d3fff1-7125-472d-bbc3-1b240f9c8d5b,2026-07-06T20:45:00Z,2026-07-06T22:45:00+0200,438.366,MW,NL,NL,actual_onshore_wind_generation,Wind Onshore | Actual Aggregated,2026-08-02T23:51:38Z
2026-08-02T23:49:28Z,2026-08-03T01:49:28+0200,65d3fff1-7125-472d-bbc3-1b240f9c8d5b,2026-07-06T20:45:00Z,2026-07-06T22:45:00+0200,0.0,MW,NL,NL,actual_onshore_wind_generation,Wind Onshore | Actual Consumption,2026-08-02T23:51:38Z
2026-08-02T23:49:28Z,2026-08-03T01:49:28+0200,65d3fff1-7125-472d-bbc3-1b240f9c8d5b,2026-07-06T21:00:00Z,2026-07-06T23:00:00+0200,426.685,MW,NL,NL,actual_onshore_wind_generation,Wind Onshore | Actual Aggregated,2026-08-02T23:51:38Z
2026-08-02T23:49:28Z,2026-08-03T01:49:28+0200,65d3fff1-7125-472d-bbc3-1b240f9c8d5b,2026-07-06T21:00:00Z,2026-07-06T23:00:00+0200,0.0,MW,NL,NL,actual_onshore_wind_generation,Wind Onshore | Actual Consumption,2026-08-02T23:51:38Z
2026-08-02T23:49:28Z,2026-08-03T01:49:28+0200,65d3fff1-7125-472d-bbc3-1b240f9c8d5b,2026-07-06T21:15:00Z,2026-07-06T23:15:00+0200,420.377,MW,NL,NL,actual_onshore_wind_generation,Wind Onshore | Actual Aggregated,2026-08-02T23:51:38Z
2026-08-02T23:49:28Z,2026-08-03T01:49:28+0200,65d3fff1-7125-472d-bbc3-1b240f9c8d5b,2026-07-06T21:15:00Z,2026-07-06T23:15:00+0200,0.0,MW,NL,NL,actual_onshore_wind_generation,Wind Onshore | Actual Consumption,2026-08-02T23:51:38Z
2026-08-02T23:49:28Z,2026-08-03T01:49:28+0200,65d3fff1-7125-472d-bbc3-1b240f9c8d5b,2026-07-06T21:30:00Z,2026-07-06T23:30:00+0200,452.732,MW,NL,NL,actual_onshore_wind_generation,Wind Onshore | Actual Aggregated,2026-08-02T23:51:38Z
2026-08-02T23:49:28Z,2026-08-03T01:49:28+0200,65d3fff1-7125-472d-bbc3-1b240f9c8d5b,2026-07-06T21:30:00Z,2026-07-06T23:30:00+0200,0.0,MW,NL,NL,actual_onshore_wind_generation,Wind Onshore | Actual Consumption,2026-08-02T23:51:38Z
2026-08-02T23:49:28Z,2026-08-03T01:49:28+0200,65d3fff1-7125-472d-bbc3-1b240f9c8d5b,2026-07-06T21:45:00Z,2026-07-06T23:45:00+0200,476.591,MW,NL,NL,actual_onshore_wind_generation,Wind Onshore | Actual Aggregated,2026-08-02T23:51:38Z
2026-08-02T23:49:28Z,2026-08-03T01:49:28+0200,65d3fff1-7125-472d-bbc3-1b240f9c8d5b,2026-07-06T21:45:00Z,2026-07-06T23:45:00+0200,0.0,MW,NL,NL,actual_onshore_wind_generation,Wind Onshore | Actual Consumption,2026-08-02T23:51:38Z
2026-08-02T23:49:28Z,2026-08-03T01:49:28+0200,65d3fff1-7125-472d-bbc3-1b240f9c8d5b,2026-07-06T22:00:00Z,2026-07-07T00:00:00+0200,453.816,MW,NL,NL,actual_onshore_wind_generation,Wind Onshore | Actual Aggregated,2026-08-02T23:51:38Z
2026-08-02T23:49:28Z,2026-08-03T01:49:28+0200,65d3fff1-7125-472d-bbc3-1b240f9c8d5b,2026-07-06T22:00:00Z,2026-07-07T00:00:00+0200,0.0,MW,NL,NL,actual_onshore_wind_generation,Wind Onshore | Actual Consumption,2026-08-02T23:51:38Z
2026-08-02T23:49:28Z,2026-08-03T01:49:28+0200,65d3fff1-7125-472d-bbc3-1b240f9c8d5b,2026-07-06T22:15:00Z,2026-07-07T00:15:00+0200,431.614,MW,NL,NL,actual_onshore_wind_generation,Wind Onshore | Actual Aggregated,2026-08-02T23:51:38Z
2026-08-02T23:49:28Z,2026-08-03T01:49:28+0200,65d3fff1-7125-472d-bbc3-1b240f9c8d5b,2026-07-06T22:15:00Z,2026-07-07T00:15:00+0200,0.0,MW,NL,NL,actual_onshore_wind_generation,Wind Onshore | Actual Consumption,2026-08-02T23:51:38Z
2026-08-02T23:49:28Z,2026-08-03T01:49:28+0200,65d3fff1-7125-472d-bbc3-1b240f9c8d5b,2026-07-06T22:30:00Z,2026-07-07T00:30:00+0200,404.189,MW,NL,NL,actual_onshore_wind_generation,Wind Onshore | Actual Aggregated,2026-08-02T23:51:38Z
2026-08-02T23:49:28Z,2026-08-03T01:49:28+0200,65d3fff1-7125-472d-bbc3-1b240f9c8d5b,2026-07-06T22:30:00Z,2026-07-07T00:30:00+0200,0.0,MW,NL,NL,actual_onshore_wind_generation,Wind Onshore | Actual Consumption,2026-08-02T23:51:38Z
2026-08-02T23:49:28Z,2026-08-03T01:49:28+0200,65d3fff1-7125-472d-bbc3-1b240f9c8d5b,2026-07-06T22:45:00Z,2026-07-07T00:45:00+0200,376.816,MW,NL,NL,actual_onshore_wind_generation,Wind Onshore | Actual Aggregated,2026-08-02T23:51:38Z
2026-08-02T23:49:28Z,2026-08-03T01:49:28+0200,65d3fff1-7125-472d-bbc3-1b240f9c8d5b,2026-07-06T22:45:00Z,2026-07-07T00:45:00+0200,0.0,MW,NL,NL,actual_onshore_wind_generation,Wind Onshore | Actual Consumption,2026-08-02T23:51:38Z
2026-08-02T23:49:28Z,2026-08-03T01:49:28+0200,65d3fff1-7125-472d-bbc3-1b240f9c8d5b,2026-07-06T23:00:00Z,2026-07-07T01:00:00+0200,367.356,MW,NL,NL,actual_onshore_wind_generation,Wind Onshore | Actual Aggregated,2026-08-02T23:51:38Z
2026-08-02T23:49:28Z,2026-08-03T01:49:28+0200,65d3fff1-7125-472d-bbc3-1b240f9c8d5b,2026-07-06T23:00:00Z,2026-07-07T01:00:00+0200,0.0,MW,NL,NL,actual_onshore_wind_generation,Wind Onshore | Actual Consumption,2026-08-02T23:51:38Z
2026-08-02T23:49:28Z,2026-08-03T01:49:28+0200,65d3fff1-7125-472d-bbc3-1b240f9c8d5b,2026-07-06T23:15:00Z,2026-07-07T01:15:00+0200,302.838,MW,NL,NL,actual_onshore_wind_generation,Wind Onshore | Actual Aggregated,2026-08-02T23:51:38Z
2026-08-02T23:49:28Z,2026-08-03T01:49:28+0200,65d3fff1-7125-472d-bbc3-1b240f9c8d5b,2026-07-06T23:15:00Z,2026-07-07T01:15:00+0200,0.0,MW,NL,NL,actual_onshore_wind_generation,Wind Onshore | Actual Consumption,2026-08-02T23:51:38Z
2026-08-02T23:49:28Z,2026-08-03T01:49:28+0200,65d3fff1-7125-472d-bbc3-1b240f9c8d5b,2026-07-06T23:30:00Z,2026-07-07T01:30:00+0200,301.908,MW,NL,NL,actual_onshore_wind_generation,Wind Onshore | Actual Aggregated,2026-08-02T23:51:38Z
2026-08-02T23:49:28Z,2026-08-03T01:49:28+0200,65d3fff1-7125-472d-bbc3-1b240f9c8d5b,2026-07-06T23:30:00Z,2026-07-07T01:30:00+0200,0.0,MW,NL,NL,actual_onshore_wind_generation,Wind Onshore | Actual Consumption,2026-08-02T23:51:38Z
2026-08-02T23:49:28Z,2026-08-03T01:49:28+0200,65d3fff1-7125-472d-bbc3-1b240f9c8d5b,2026-07-06T23:45:00Z,2026-07-07T01:45:00+0200,278.034,MW,NL,NL,actual_onshore_wind_generation,Wind Onshore | Actual Aggregated,2026-08-02T23:51:38Z
2026-08-02T23:49:28Z,2026-08-03T01:49:28+0200,65d3fff1-7125-472d-bbc3-1b240f9c8d5b,2026-07-06T23:45:00Z,2026-07-07T01:45:00+0200,0.0,MW,NL,NL,actual_onshore_wind_generation,Wind Onshore | Actual Consumption,2026-08-02T23:51:38Z
2026-08-02T23:49:28Z,2026-08-03T01:49:28+0200,65d3fff1-7125-472d-bbc3-1b240f9c8d5b,2026-07-07T00:00:00Z,2026-07-07T02:00:00+0200,254.282,MW,NL,NL,actual_onshore_wind_generation,Wind Onshore | Actual Aggregated,2026-08-02T23:51:38Z
2026-08-02T23:49:28Z,2026-08-03T01:49:28+0200,65d3fff1-7125-472d-bbc3-1b240f9c8d5b,2026-07-07T00:00:00Z,2026-07-07T02:00:00+0200,0.0,MW,NL,NL,actual_onshore_wind_generation,Wind Onshore | Actual Consumption,2026-08-02T23:51:38Z
2026-08-02T23:49:28Z,2026-08-03T01:49:28+0200,65d3fff1-7125-472d-bbc3-1b240f9c8d5b,2026-07-07T00:15:00Z,2026-07-07T02:15:00+0200,248.919,MW,NL,NL,actual_onshore_wind_generation,Wind Onshore | Actual Aggregated,2026-08-02T23:51:38Z
2026-08-02T23:49:28Z,2026-08-03T01:49:28+0200,65d3fff1-7125-472d-bbc3-1b240f9c8d5b,2026-07-07T00:15:00Z,2026-07-07T02:15:00+0200,0.0,MW,NL,NL,actual_onshore_wind_generation,Wind Onshore | Actual Consumption,2026-08-02T23:51:38Z
2026-08-02T23:49:28Z,2026-08-03T01:49:28+0200,65d3fff1-7125-472d-bbc3-1b240f9c8d5b,2026-07-07T00:30:00Z,2026-07-07T02:30:00+0200,254.233,MW,NL,NL,actual_onshore_wind_generation,Wind Onshore | Actual Aggregated,2026-08-02T23:51:38Z
2026-08-02T23:49:28Z,2026-08-03T01:49:28+0200,65d3fff1-7125-472d-bbc3-1b240f9c8d5b,2026-07-07T00:30:00Z,2026-07-07T02:30:00+0200,0.0,MW,NL,NL,actual_onshore_wind_generation,Wind Onshore | Actual Consumption,2026-08-02T23:51:38Z
2026-08-02T23:49:28Z,2026-08-03T01:49:28+0200,65d3fff1-7125-472d-bbc3-1b240f9c8d5b,2026-07-07T00:45:00Z,2026-07-07T02:45:00+0200,281.007,MW,NL,NL,actual_onshore_wind_generation,Wind Onshore | Actual Aggregated,2026-08-02T23:51:38Z
2026-08-02T23:49:28Z,2026-08-03T01:49:28+0200,65d3fff1-7125-472d-bbc3-1b240f9c8d5b,2026-07-07T00:45:00Z,2026-07-07T02:45:00+0200,0.0,MW,NL,NL,actual_onshore_wind_generation,Wind Onshore | Actual Consumption,2026-08-02T23:51:38Z
2026-08-02T23:49:28Z,2026-08-03T01:49:28+0200,65d3fff1-7125-472d-bbc3-1b240f9c8d5b,2026-07-07T01:00:00Z,2026-07-07T03:00:00+0200,294.562,MW,NL,NL,actual_onshore_wind_generation,Wind Onshore | Actual Aggregated,2026-08-02T23:51:38Z
2026-08-02T23:49:28Z,2026-08-03T01:49:28+0200,65d3fff1-7125-472d-bbc3-1b240f9c8d5b,2026-07-07T01:00:00Z,2026-07-07T03:00:00+0200,0.0,MW,NL,NL,actual_onshore_wind_generation,Wind Onshore | Actual Consumption,2026-08-02T23:51:38Z
2026-08-02T23:49:28Z,2026-08-03T01:49:28+0200,65d3fff1-7125-472d-bbc3-1b240f9c8d5b,2026-07-07T01:15:00Z,2026-07-07T03:15:00+0200,297.771,MW,NL,NL,actual_onshore_wind_generation,Wind Onshore | Actual Aggregated,2026-08-02T23:51:38Z
2026-08-02T23:49:28Z,2026-08-03T01:49:28+0200,65d3fff1-7125-472d-bbc3-1b240f9c8d5b,2026-07-07T01:15:00Z,2026-07-07T03:15:00+0200,0.0,MW,NL,NL,actual_onshore_wind_generation,Wind Onshore | Actual Consumption,2026-08-02T23:51:38Z
2026-08-02T23:49:28Z,2026-08-03T01:49:28+0200,65d3fff1-7125-472d-bbc3-1b240f9c8d5b,2026-07-07T01:30:00Z,2026-07-07T03:30:00+0200,237.894,MW,NL,NL,actual_onshore_wind_generation,Wind Onshore | Actual Aggregated,2026-08-02T23:51:38Z
2026-08-02T23:49:28Z,2026-08-03T01:49:28+0200,65d3fff1-7125-472d-bbc3-1b240f9c8d5b,2026-07-07T01:30:00Z,2026-07-07T03:30:00+0200,0.0,MW,NL,NL,actual_onshore_wind_generation,Wind Onshore | Actual Consumption,2026-08-02T23:51:38Z
2026-08-02T23:49:28Z,2026-08-03T01:49:28+0200,65d3fff1-7125-472d-bbc3-1b240f9c8d5b,2026-07-07T01:45:00Z,2026-07-07T03:45:00+0200,219.99,MW,NL,NL,actual_onshore_wind_generation,Wind Onshore | Actual Aggregated,2026-08-02T23:51:38Z
2026-08-02T23:49:28Z,2026-08-03T01:49:28+0200,65d3fff1-7125-472d-bbc3-1b240f9c8d5b,2026-07-07T01:45:00Z,2026-07-07T03:45:00+0200,0.0,MW,NL,NL,actual_onshore_wind_generation,Wind Onshore | Actual Consumption,2026-08-02T23:51:38Z
2026-08-02T23:49:28Z,2026-08-03T01:49:28+0200,65d3fff1-7125-472d-bbc3-1b240f9c8d5b,2026-07-07T02:00:00Z,2026-07-07T04:00:00+0200,229.03,MW,NL,NL,actual_onshore_wind_generation,Wind Onshore | Actual Aggregated,2026-08-02T23:51:38Z
2026-08-02T23:49:28Z,2026-08-03T01:49:28+0200,65d3fff1-7125-472d-bbc3-1b240f9c8d5b,2026-07-07T02:00:00Z,2026-07-07T04:00:00+0200,0.0,MW,NL,NL,actual_onshore_wind_generation,Wind Onshore | Actual Consumption,2026-08-02T23:51:38Z
2026-08-02T23:49:28Z,2026-08-03T01:49:28+0200,65d3fff1-7125-472d-bbc3-1b240f9c8d5b,2026-07-07T02:15:00Z,2026-07-07T04:15:00+0200,286.383,MW,NL,NL,actual_onshore_wind_generation,Wind Onshore | Actual Aggregated,2026-08-02T23:51:38Z
2026-08-02T23:49:28Z,2026-08-03T01:49:28+0200,65d3fff1-7125-472d-bbc3-1b240f9c8d5b,2026-07-07T02:15:00Z,2026-07-07T04:15:00+0200,0.0,MW,NL,NL,actual_onshore_wind_generation,Wind Onshore | Actual Consumption,2026-08-02T23:51:38Z
2026-08-02T23:49:28Z,2026-08-03T01:49:28+0200,65d3fff1-7125-472d-bbc3-1b240f9c8d5b,2026-07-07T02:30:00Z,2026-07-07T04:30:00+0200,339.107,MW,NL,NL,actual_onshore_wind_generation,Wind Onshore | Actual Aggregated,2026-08-02T23:51:38Z
2026-08-02T23:49:28Z,2026-08-03T01:49:28+0200,65d3fff1-7125-472d-bbc3-1b240f9c8d5b,2026-07-07T02:30:00Z,2026-07-07T04:30:00+0200,0.0,MW,NL,NL,actual_onshore_wind_generation,Wind Onshore | Actual Consumption,2026-08-02T23:51:38Z
2026-08-02T23:49:28Z,2026-08-03T01:49:28+0200,65d3fff1-7125-472d-bbc3-1b240f9c8d5b,2026-07-07T02:45:00Z,2026-07-07T04:45:00+0200,358.107,MW,NL,NL,actual_onshore_wind_generation,Wind Onshore | Actual Aggregated,2026-08-02T23:51:38Z
2026-08-02T23:49:28Z,2026-08-03T01:49:28+0200,65d3fff1-7125-472d-bbc3-1b240f9c8d5b,2026-07-07T02:45:00Z,2026-07-07T04:45:00+0200,0.0,MW,NL,NL,actual_onshore_wind_generation,Wind Onshore | Actual Consumption,2026-08-02T23:51:38Z
2026-08-02T23:49:28Z,2026-08-03T01:49:28+0200,65d3fff1-7125-472d-bbc3-1b240f9c8d5b,2026-07-07T03:00:00Z,2026-07-07T05:00:00+0200,340.067,MW,NL,NL,actual_onshore_wind_generation,Wind Onshore | Actual Aggregated,2026-08-02T23:51:38Z
2026-08-02T23:49:28Z,2026-08-03T01:49:28+0200,65d3fff1-7125-472d-bbc3-1b240f9c8d5b,2026-07-07T03:00:00Z,2026-07-07T05:00:00+0200,0.0,MW,NL,NL,actual_onshore_wind_generation,Wind Onshore | Actual Consumption,2026-08-02T23:51:38Z
2026-08-02T23:49:28Z,2026-08-03T01:49:28+0200,65d3fff1-7125-472d-bbc3-1b240f9c8d5b,2026-07-07T03:15:00Z,2026-07-07T05:15:00+0200,324.639,MW,NL,NL,actual_onshore_wind_generation,Wind Onshore | Actual Aggregated,2026-08-02T23:51:38Z
2026-08-02T23:49:28Z,2026-08-03T01:49:28+0200,65d3fff1-7125-472d-bbc3-1b240f9c8d5b,2026-07-07T03:15:00Z,2026-07-07T05:15:00+0200,0.0,MW,NL,NL,actual_onshore_wind_generation,Wind Onshore | Actual Consumption,2026-08-02T23:51:38Z
2026-08-02T23:49:28Z,2026-08-03T01:49:28+0200,65d3fff1-7125-472d-bbc3-1b240f9c8d5b,2026-07-07T03:30:00Z,2026-07-07T05:30:00+0200,398.386,MW,NL,NL,actual_onshore_wind_generation,Wind Onshore | Actual Aggregated,2026-08-02T23:51:38Z
2026-08-02T23:49:28Z,2026-08-03T01:49:28+0200,65d3fff1-7125-472d-bbc3-1b240f9c8d5b,2026-07-07T03:30:00Z,2026-07-07T05:30:00+0200,0.0,MW,NL,NL,actual_onshore_wind_generation,Wind Onshore | Actual Consumption,2026-08-02T23:51:38Z
2026-08-02T23:49:28Z,2026-08-03T01:49:28+0200,65d3fff1-7125-472d-bbc3-1b240f9c8d5b,2026-07-07T03:45:00Z,2026-07-07T05:45:00+0200,427.836,MW,NL,NL,actual_onshore_wind_generation,Wind Onshore | Actual Aggregated,2026-08-02T23:51:38Z
2026-08-02T23:49:28Z,2026-08-03T01:49:28+0200,65d3fff1-7125-472d-bbc3-1b240f9c8d5b,2026-07-07T03:45:00Z,2026-07-07T05:45:00+0200,0.0,MW,NL,NL,actual_onshore_wind_generation,Wind Onshore | Actual Consumption,2026-08-02T23:51:38Z
2026-08-02T23:49:28Z,2026-08-03T01:49:28+0200,65d3fff1-7125-472d-bbc3-1b240f9c8d5b,2026-07-07T04:00:00Z,2026-07-07T06:00:00+0200,457.309,MW,NL,NL,actual_onshore_wind_generation,Wind Onshore | Actual Aggregated,2026-08-02T23:51:38Z
2026-08-02T23:49:28Z,2026-08-03T01:49:28+0200,65d3fff1-7125-472d-bbc3-1b240f9c8d5b,2026-07-07T04:00:00Z,2026-07-07T06:00:00+0200,0.0,MW,NL,NL,actual_onshore_wind_generation,Wind Onshore | Actual Consumption,2026-08-02T23:51:38Z
2026-08-02T23:49:28Z,2026-08-03T01:49:28+0200,65d3fff1-7125-472d-bbc3-1b240f9c8d5b,2026-07-07T04:15:00Z,2026-07-07T06:15:00+0200,417.352,MW,NL,NL,actual_onshore_wind_generation,Wind Onshore | Actual Aggregated,2026-08-02T23:51:38Z
2026-08-02T23:49:28Z,2026-08-03T01:49:28+0200,65d3fff1-7125-472d-bbc3-1b240f9c8d5b,2026-07-07T04:15:00Z,2026-07-07T06:15:00+0200,0.0,MW,NL,NL,actual_onshore_wind_generation,Wind Onshore | Actual Consumption,2026-08-02T23:51:38Z
2026-08-02T23:49:28Z,2026-08-03T01:49:28+0200,65d3fff1-7125-472d-bbc3-1b240f9c8d5b,2026-07-07T04:30:00Z,2026-07-07T06:30:00+0200,437.504,MW,NL,NL,actual_onshore_wind_generation,Wind Onshore | Actual Aggregated,2026-08-02T23:51:38Z
2026-08-02T23:49:28Z,2026-08-03T01:49:28+0200,65d3fff1-7125-472d-bbc3-1b240f9c8d5b,2026-07-07T04:30:00Z,2026-07-07T06:30:00+0200,0.0,MW,NL,NL,actual_onshore_wind_generation,Wind Onshore | Actual Consumption,2026-08-02T23:51:38Z
2026-08-02T23:49:28Z,2026-08-03T01:49:28+0200,65d3fff1-7125-472d-bbc3-1b240f9c8d5b,2026-07-07T04:45:00Z,2026-07-07T06:45:00+0200,446.473,MW,NL,NL,actual_onshore_wind_generation,Wind Onshore | Actual Aggregated,2026-08-02T23:51:38Z
2026-08-02T23:49:28Z,2026-08-03T01:49:28+0200,65d3fff1-7125-472d-bbc3-1b240f9c8d5b,2026-07-07T04:45:00Z,2026-07-07T06:45:00+0200,0.0,MW,NL,NL,actual_onshore_wind_generation,Wind Onshore | Actual Consumption,2026-08-02T23:51:38Z
2026-08-02T23:49:28Z,2026-08-03T01:49:28+0200,65d3fff1-7125-472d-bbc3-1b240f9c8d5b,2026-07-07T05:00:00Z,2026-07-07T07:00:00+0200,460.05,MW,NL,NL,actual_onshore_wind_generation,Wind Onshore | Actual Aggregated,2026-08-02T23:51:38Z
2026-08-02T23:49:28Z,2026-08-03T01:49:28+0200,65d3fff1-7125-472d-bbc3-1b240f9c8d5b,2026-07-07T05:00:00Z,2026-07-07T07:00:00+0200,0.0,MW,NL,NL,actual_onshore_wind_generation,Wind Onshore | Actual Consumption,2026-08-02T23:51:38Z
2026-08-02T23:49:28Z,2026-08-03T01:49:28+0200,65d3fff1-7125-472d-bbc3-1b240f9c8d5b,2026-07-07T05:15:00Z,2026-07-07T07:15:00+0200,508.884,MW,NL,NL,actual_onshore_wind_generation,Wind Onshore | Actual Aggregated,2026-08-02T23:51:38Z
2026-08-02T23:49:28Z,2026-08-03T01:49:28+0200,65d3fff1-7125-472d-bbc3-1b240f9c8d5b,2026-07-07T05:15:00Z,2026-07-07T07:15:00+0200,0.0,MW,NL,NL,actual_onshore_wind_generation,Wind Onshore | Actual Consumption,2026-08-02T23:51:38Z
2026-08-02T23:49:28Z,2026-08-03T01:49:28+0200,65d3fff1-7125-472d-bbc3-1b240f9c8d5b,2026-07-07T05:30:00Z,2026-07-07T07:30:00+0200,553.888,MW,NL,NL,actual_onshore_wind_generation,Wind Onshore | Actual Aggregated,2026-08-02T23:51:38Z
2026-08-02T23:49:28Z,2026-08-03T01:49:28+0200,65d3fff1-7125-472d-bbc3-1b240f9c8d5b,2026-07-07T05:30:00Z,2026-07-07T07:30:00+0200,0.0,MW,NL,NL,actual_onshore_wind_generation,Wind Onshore | Actual Consumption,2026-08-02T23:51:38Z
2026-08-02T23:49:28Z,2026-08-03T01:49:28+0200,65d3fff1-7125-472d-bbc3-1b240f9c8d5b,2026-07-07T05:45:00Z,2026-07-07T07:45:00+0200,558.277,MW,NL,NL,actual_onshore_wind_generation,Wind Onshore | Actual Aggregated,2026-08-02T23:51:38Z
2026-08-02T23:49:28Z,2026-08-03T01:49:28+0200,65d3fff1-7125-472d-bbc3-1b240f9c8d5b,2026-07-07T05:45:00Z,2026-07-07T07:45:00+0200,0.0,MW,NL,NL,actual_onshore_wind_generation,Wind Onshore | Actual Consumption,2026-08-02T23:51:38Z
2026-08-02T23:49:28Z,2026-08-03T01:49:28+0200,65d3fff1-7125-472d-bbc3-1b240f9c8d5b,2026-07-07T06:00:00Z,2026-07-07T08:00:00+0200,522.041,MW,NL,NL,actual_onshore_wind_generation,Wind Onshore | Actual Aggregated,2026-08-02T23:51:38Z
2026-08-02T23:49:28Z,2026-08-03T01:49:28+0200,65d3fff1-7125-472d-bbc3-1b240f9c8d5b,2026-07-07T06:00:00Z,2026-07-07T08:00:00+0200,0.0,MW,NL,NL,actual_onshore_wind_generation,Wind Onshore | Actual Consumption,2026-08-02T23:51:38Z
2026-08-02T23:49:28Z,2026-08-03T01:49:28+0200,65d3fff1-7125-472d-bbc3-1b240f9c8d5b,2026-07-07T06:15:00Z,2026-07-07T08:15:00+0200,456.714,MW,NL,NL,actual_onshore_wind_generation,Wind Onshore | Actual Aggregated,2026-08-02T23:51:38Z
2026-08-02T23:49:28Z,2026-08-03T01:49:28+0200,65d3fff1-7125-472d-bbc3-1b240f9c8d5b,2026-07-07T06:15:00Z,2026-07-07T08:15:00+0200,0.0,MW,NL,NL,actual_onshore_wind_generation,Wind Onshore | Actual Consumption,2026-08-02T23:51:38Z
2026-08-02T23:49:28Z,2026-08-03T01:49:28+0200,65d3fff1-7125-472d-bbc3-1b240f9c8d5b,2026-07-07T06:30:00Z,2026-07-07T08:30:00+0200,496.676,MW,NL,NL,actual_onshore_wind_generation,Wind Onshore | Actual Aggregated,2026-08-02T23:51:38Z
2026-08-02T23:49:28Z,2026-08-03T01:49:28+0200,65d3fff1-7125-472d-bbc3-1b240f9c8d5b,2026-07-07T06:30:00Z,2026-07-07T08:30:00+0200,0.0,MW,NL,NL,actual_onshore_wind_generation,Wind Onshore | Actual Consumption,2026-08-02T23:51:38Z
2026-08-02T23:49:28Z,2026-08-03T01:49:28+0200,65d3fff1-7125-472d-bbc3-1b240f9c8d5b,2026-07-07T06:45:00Z,2026-07-07T08:45:00+0200,507.991,MW,NL,NL,actual_onshore_wind_generation,Wind Onshore | Actual Aggregated,2026-08-02T23:51:38Z
2026-08-02T23:49:28Z,2026-08-03T01:49:28+0200,65d3fff1-7125-472d-bbc3-1b240f9c8d5b,2026-07-07T06:45:00Z,2026-07-07T08:45:00+0200,0.0,MW,NL,NL,actual_onshore_wind_generation,Wind Onshore | Actual Consumption,2026-08-02T23:51:38Z
2026-08-02T23:49:28Z,2026-08-03T01:49:28+0200,65d3fff1-7125-472d-bbc3-1b240f9c8d5b,2026-07-07T07:00:00Z,2026-07-07T09:00:00+0200,478.999,MW,NL,NL,actual_onshore_wind_generation,Wind Onshore | Actual Aggregated,2026-08-02T23:51:38Z
2026-08-02T23:49:28Z,2026-08-03T01:49:28+0200,65d3fff1-7125-472d-bbc3-1b240f9c8d5b,2026-07-07T07:00:00Z,2026-07-07T09:00:00+0200,0.0,MW,NL,NL,actual_onshore_wind_generation,Wind Onshore | Actual Consumption,2026-08-02T23:51:38Z
2026-08-02T23:49:28Z,2026-08-03T01:49:28+0200,65d3fff1-7125-472d-bbc3-1b240f9c8d5b,2026-07-07T07:15:00Z,2026-07-07T09:15:00+0200,499.273,MW,NL,NL,actual_onshore_wind_generation,Wind Onshore | Actual Aggregated,2026-08-02T23:51:38Z
2026-08-02T23:49:28Z,2026-08-03T01:49:28+0200,65d3fff1-7125-472d-bbc3-1b240f9c8d5b,2026-07-07T07:15:00Z,2026-07-07T09:15:00+0200,0.0,MW,NL,NL,actual_onshore_wind_generation,Wind Onshore | Actual Consumption,2026-08-02T23:51:38Z
2026-08-02T23:49:28Z,2026-08-03T01:49:28+0200,65d3fff1-7125-472d-bbc3-1b240f9c8d5b,2026-07-07T07:30:00Z,2026-07-07T09:30:00+0200,427.015,MW,NL,NL,actual_onshore_wind_generation,Wind Onshore | Actual Aggregated,2026-08-02T23:51:38Z
2026-08-02T23:49:28Z,2026-08-03T01:49:28+0200,65d3fff1-7125-472d-bbc3-1b240f9c8d5b,2026-07-07T07:30:00Z,2026-07-07T09:30:00+0200,0.0,MW,NL,NL,actual_onshore_wind_generation,Wind Onshore | Actual Consumption,2026-08-02T23:51:38Z
2026-08-02T23:49:28Z,2026-08-03T01:49:28+0200,65d3fff1-7125-472d-bbc3-1b240f9c8d5b,2026-07-07T07:45:00Z,2026-07-07T09:45:00+0200,432.654,MW,NL,NL,actual_onshore_wind_generation,Wind Onshore | Actual Aggregated,2026-08-02T23:51:38Z
2026-08-02T23:49:28Z,2026-08-03T01:49:28+0200,65d3fff1-7125-472d-bbc3-1b240f9c8d5b,2026-07-07T07:45:00Z,2026-07-07T09:45:00+0200,0.0,MW,NL,NL,actual_onshore_wind_generation,Wind Onshore | Actual Consumption,2026-08-02T23:51:38Z
2026-08-02T23:49:28Z,2026-08-03T01:49:28+0200,65d3fff1-7125-472d-bbc3-1b240f9c8d5b,2026-07-07T08:00:00Z,2026-07-07T10:00:00+0200,427.103,MW,NL,NL,actual_onshore_wind_generation,Wind Onshore | Actual Aggregated,2026-08-02T23:51:38Z
2026-08-02T23:49:28Z,2026-08-03T01:49:28+0200,65d3fff1-7125-472d-bbc3-1b240f9c8d5b,2026-07-07T08:00:00Z,2026-07-07T10:00:00+0200,0.0,MW,NL,NL,actual_onshore_wind_generation,Wind Onshore | Actual Consumption,2026-08-02T23:51:38Z
2026-08-02T23:49:28Z,2026-08-03T01:49:28+0200,65d3fff1-7125-472d-bbc3-1b240f9c8d5b,2026-07-07T08:15:00Z,2026-07-07T10:15:00+0200,362.748,MW,NL,NL,actual_onshore_wind_generation,Wind Onshore | Actual Aggregated,2026-08-02T23:51:38Z
2026-08-02T23:49:28Z,2026-08-03T01:49:28+0200,65d3fff1-7125-472d-bbc3-1b240f9c8d5b,2026-07-07T08:15:00Z,2026-07-07T10:15:00+0200,0.0,MW,NL,NL,actual_onshore_wind_generation,Wind Onshore | Actual Consumption,2026-08-02T23:51:38Z
2026-08-02T23:49:28Z,2026-08-03T01:49:28+0200,65d3fff1-7125-472d-bbc3-1b240f9c8d5b,2026-07-07T08:30:00Z,2026-07-07T10:30:00+0200,392.033,MW,NL,NL,actual_onshore_wind_generation,Wind Onshore | Actual Aggregated,2026-08-02T23:51:38Z
2026-08-02T23:49:28Z,2026-08-03T01:49:28+0200,65d3fff1-7125-472d-bbc3-1b240f9c8d5b,2026-07-07T08:30:00Z,2026-07-07T10:30:00+0200,0.0,MW,NL,NL,actual_onshore_wind_generation,Wind Onshore | Actual Consumption,2026-08-02T23:51:38Z
2026-08-02T23:49:28Z,2026-08-03T01:49:28+0200,65d3fff1-7125-472d-bbc3-1b240f9c8d5b,2026-07-07T08:45:00Z,2026-07-07T10:45:00+0200,368.179,MW,NL,NL,actual_onshore_wind_generation,Wind Onshore | Actual Aggregated,2026-08-02T23:51:38Z
2026-08-02T23:49:28Z,2026-08-03T01:49:28+0200,65d3fff1-7125-472d-bbc3-1b240f9c8d5b,2026-07-07T08:45:00Z,2026-07-07T10:45:00+0200,0.0,MW,NL,NL,actual_onshore_wind_generation,Wind Onshore | Actual Consumption,2026-08-02T23:51:38Z
2026-08-02T23:49:28Z,2026-08-03T01:49:28+0200,65d3fff1-7125-472d-bbc3-1b240f9c8d5b,2026-07-07T09:00:00Z,2026-07-07T11:00:00+0200,309.32,MW,NL,NL,actual_onshore_wind_generation,Wind Onshore | Actual Aggregated,2026-08-02T23:51:38Z
2026-08-02T23:49:28Z,2026-08-03T01:49:28+0200,65d3fff1-7125-472d-bbc3-1b240f9c8d5b,2026-07-07T09:00:00Z,2026-07-07T11:00:00+0200,0.0,MW,NL,NL,actual_onshore_wind_generation,Wind Onshore | Actual Consumption,2026-08-02T23:51:38Z
2026-08-02T23:49:28Z,2026-08-03T01:49:28+0200,65d3fff1-7125-472d-bbc3-1b240f9c8d5b,2026-07-07T09:15:00Z,2026-07-07T11:15:00+0200,288.205,MW,NL,NL,actual_onshore_wind_generation,Wind Onshore | Actual Aggregated,2026-08-02T23:51:38Z
2026-08-02T23:49:28Z,2026-08-03T01:49:28+0200,65d3fff1-7125-472d-bbc3-1b240f9c8d5b,2026-07-07T09:15:00Z,2026-07-07T11:15:00+0200,0.0,MW,NL,NL,actual_onshore_wind_generation,Wind Onshore | Actual Consumption,2026-08-02T23:51:38Z
2026-08-02T23:49:28Z,2026-08-03T01:49:28+0200,65d3fff1-7125-472d-bbc3-1b240f9c8d5b,2026-07-07T09:30:00Z,2026-07-07T11:30:00+0200,328.143,MW,NL,NL,actual_onshore_wind_generation,Wind Onshore | Actual Aggregated,2026-08-02T23:51:38Z
2026-08-02T23:49:28Z,2026-08-03T01:49:28+0200,65d3fff1-7125-472d-bbc3-1b240f9c8d5b,2026-07-07T09:30:00Z,2026-07-07T11:30:00+0200,0.0,MW,NL,NL,actual_onshore_wind_generation,Wind Onshore | Actual Consumption,2026-08-02T23:51:38Z
2026-08-02T23:49:28Z,2026-08-03T01:49:28+0200,65d3fff1-7125-472d-bbc3-1b240f9c8d5b,2026-07-07T09:45:00Z,2026-07-07T11:45:00+0200,375.147,MW,NL,NL,actual_onshore_wind_generation,Wind Onshore | Actual Aggregated,2026-08-02T23:51:38Z
2026-08-02T23:49:28Z,2026-08-03T01:49:28+0200,65d3fff1-7125-472d-bbc3-1b240f9c8d5b,2026-07-07T09:45:00Z,2026-07-07T11:45:00+0200,0.0,MW,NL,NL,actual_onshore_wind_generation,Wind Onshore | Actual Consumption,2026-08-02T23:51:38Z
2026-08-02T23:49:28Z,2026-08-03T01:49:28+0200,65d3fff1-7125-472d-bbc3-1b240f9c8d5b,2026-07-07T10:00:00Z,2026-07-07T12:00:00+0200,405.452,MW,NL,NL,actual_onshore_wind_generation,Wind Onshore | Actual Aggregated,2026-08-02T23:51:38Z
2026-08-02T23:49:28Z,2026-08-03T01:49:28+0200,65d3fff1-7125-472d-bbc3-1b240f9c8d5b,2026-07-07T10:00:00Z,2026-07-07T12:00:00+0200,0.0,MW,NL,NL,actual_onshore_wind_generation,Wind Onshore | Actual Consumption,2026-08-02T23:51:38Z
2026-08-02T23:49:28Z,2026-08-03T01:49:28+0200,65d3fff1-7125-472d-bbc3-1b240f9c8d5b,2026-07-07T10:15:00Z,2026-07-07T12:15:00+0200,430.537,MW,NL,NL,actual_onshore_wind_generation,Wind Onshore | Actual Aggregated,2026-08-02T23:51:38Z
2026-08-02T23:49:28Z,2026-08-03T01:49:28+0200,65d3fff1-7125-472d-bbc3-1b240f9c8d5b,2026-07-07T10:15:00Z,2026-07-07T12:15:00+0200,0.0,MW,NL,NL,actual_onshore_wind_generation,Wind Onshore | Actual Consumption,2026-08-02T23:51:38Z
2026-08-02T23:49:28Z,2026-08-03T01:49:28+0200,65d3fff1-7125-472d-bbc3-1b240f9c8d5b,2026-07-07T10:30:00Z,2026-07-07T12:30:00+0200,442.699,MW,NL,NL,actual_onshore_wind_generation,Wind Onshore | Actual Aggregated,2026-08-02T23:51:38Z
2026-08-02T23:49:28Z,2026-08-03T01:49:28+0200,65d3fff1-7125-472d-bbc3-1b240f9c8d5b,2026-07-07T10:30:00Z,2026-07-07T12:30:00+0200,0.0,MW,NL,NL,actual_onshore_wind_generation,Wind Onshore | Actual Consumption,2026-08-02T23:51:38Z
2026-08-02T23:49:28Z,2026-08-03T01:49:28+0200,65d3fff1-7125-472d-bbc3-1b240f9c8d5b,2026-07-07T10:45:00Z,2026-07-07T12:45:00+0200,496.231,MW,NL,NL,actual_onshore_wind_generation,Wind Onshore | Actual Aggregated,2026-08-02T23:51:38Z
2026-08-02T23:49:28Z,2026-08-03T01:49:28+0200,65d3fff1-7125-472d-bbc3-1b240f9c8d5b,2026-07-07T10:45:00Z,2026-07-07T12:45:00+0200,0.0,MW,NL,NL,actual_onshore_wind_generation,Wind Onshore | Actual Consumption,2026-08-02T23:51:38Z
2026-08-02T23:49:28Z,2026-08-03T01:49:28+0200,65d3fff1-7125-472d-bbc3-1b240f9c8d5b,2026-07-07T11:00:00Z,2026-07-07T13:00:00+0200,496.417,MW,NL,NL,actual_onshore_wind_generation,Wind Onshore | Actual Aggregated,2026-08-02T23:51:38Z
2026-08-02T23:49:28Z,2026-08-03T01:49:28+0200,65d3fff1-7125-472d-bbc3-1b240f9c8d5b,2026-07-07T11:00:00Z,2026-07-07T13:00:00+0200,0.0,MW,NL,NL,actual_onshore_wind_generation,Wind Onshore | Actual Consumption,2026-08-02T23:51:38Z
2026-08-02T23:49:28Z,2026-08-03T01:49:28+0200,65d3fff1-7125-472d-bbc3-1b240f9c8d5b,2026-07-07T11:15:00Z,2026-07-07T13:15:00+0200,515.197,MW,NL,NL,actual_onshore_wind_generation,Wind Onshore | Actual Aggregated,2026-08-02T23:51:38Z
2026-08-02T23:49:28Z,2026-08-03T01:49:28+0200,65d3fff1-7125-472d-bbc3-1b240f9c8d5b,2026-07-07T11:15:00Z,2026-07-07T13:15:00+0200,0.0,MW,NL,NL,actual_onshore_wind_generation,Wind Onshore | Actual Consumption,2026-08-02T23:51:38Z
2026-08-02T23:49:28Z,2026-08-03T01:49:28+0200,65d3fff1-7125-472d-bbc3-1b240f9c8d5b,2026-07-07T11:30:00Z,2026-07-07T13:30:00+0200,559.233,MW,NL,NL,actual_onshore_wind_generation,Wind Onshore | Actual Aggregated,2026-08-02T23:51:38Z
2026-08-02T23:49:28Z,2026-08-03T01:49:28+0200,65d3fff1-7125-472d-bbc3-1b240f9c8d5b,2026-07-07T11:30:00Z,2026-07-07T13:30:00+0200,0.0,MW,NL,NL,actual_onshore_wind_generation,Wind Onshore | Actual Consumption,2026-08-02T23:51:38Z
2026-08-02T23:49:28Z,2026-08-03T01:49:28+0200,65d3fff1-7125-472d-bbc3-1b240f9c8d5b,2026-07-07T11:45:00Z,2026-07-07T13:45:00+0200,456.305,MW,NL,NL,actual_onshore_wind_generation,Wind Onshore | Actual Aggregated,2026-08-02T23:51:38Z
2026-08-02T23:49:28Z,2026-08-03T01:49:28+0200,65d3fff1-7125-472d-bbc3-1b240f9c8d5b,2026-07-07T11:45:00Z,2026-07-07T13:45:00+0200,0.0,MW,NL,NL,actual_onshore_wind_generation,Wind Onshore | Actual Consumption,2026-08-02T23:51:38Z
2026-08-02T23:49:28Z,2026-08-03T01:49:28+0200,65d3fff1-7125-472d-bbc3-1b240f9c8d5b,2026-07-07T12:00:00Z,2026-07-07T14:00:00+0200,472.611,MW,NL,NL,actual_onshore_wind_generation,Wind Onshore | Actual Aggregated,2026-08-02T23:51:38Z
2026-08-02T23:49:28Z,2026-08-03T01:49:28+0200,65d3fff1-7125-472d-bbc3-1b240f9c8d5b,2026-07-07T12:00:00Z,2026-07-07T14:00:00+0200,0.0,MW,NL,NL,actual_onshore_wind_generation,Wind Onshore | Actual Consumption,2026-08-02T23:51:38Z
2026-08-02T23:49:28Z,2026-08-03T01:49:28+0200,65d3fff1-7125-472d-bbc3-1b240f9c8d5b,2026-07-07T12:15:00Z,2026-07-07T14:15:00+0200,475.014,MW,NL,NL,actual_onshore_wind_generation,Wind Onshore | Actual Aggregated,2026-08-02T23:51:38Z
2026-08-02T23:49:28Z,2026-08-03T01:49:28+0200,65d3fff1-7125-472d-bbc3-1b240f9c8d5b,2026-07-07T12:15:00Z,2026-07-07T14:15:00+0200,0.0,MW,NL,NL,actual_onshore_wind_generation,Wind Onshore | Actual Consumption,2026-08-02T23:51:38Z
2026-08-02T23:49:28Z,2026-08-03T01:49:28+0200,65d3fff1-7125-472d-bbc3-1b240f9c8d5b,2026-07-07T12:30:00Z,2026-07-07T14:30:00+0200,527.465,MW,NL,NL,actual_onshore_wind_generation,Wind Onshore | Actual Aggregated,2026-08-02T23:51:38Z
2026-08-02T23:49:28Z,2026-08-03T01:49:28+0200,65d3fff1-7125-472d-bbc3-1b240f9c8d5b,2026-07-07T12:30:00Z,2026-07-07T14:30:00+0200,0.0,MW,NL,NL,actual_onshore_wind_generation,Wind Onshore | Actual Consumption,2026-08-02T23:51:38Z
2026-08-02T23:49:28Z,2026-08-03T01:49:28+0200,65d3fff1-7125-472d-bbc3-1b240f9c8d5b,2026-07-07T12:45:00Z,2026-07-07T14:45:00+0200,516.063,MW,NL,NL,actual_onshore_wind_generation,Wind Onshore | Actual Aggregated,2026-08-02T23:51:38Z
2026-08-02T23:49:28Z,2026-08-03T01:49:28+0200,65d3fff1-7125-472d-bbc3-1b240f9c8d5b,2026-07-07T12:45:00Z,2026-07-07T14:45:00+0200,0.0,MW,NL,NL,actual_onshore_wind_generation,Wind Onshore | Actual Consumption,2026-08-02T23:51:38Z
2026-08-02T23:49:28Z,2026-08-03T01:49:28+0200,65d3fff1-7125-472d-bbc3-1b240f9c8d5b,2026-07-07T13:00:00Z,2026-07-07T15:00:00+0200,554.249,MW,NL,NL,actual_onshore_wind_generation,Wind Onshore | Actual Aggregated,2026-08-02T23:51:38Z
2026-08-02T23:49:28Z,2026-08-03T01:49:28+0200,65d3fff1-7125-472d-bbc3-1b240f9c8d5b,2026-07-07T13:00:00Z,2026-07-07T15:00:00+0200,0.0,MW,NL,NL,actual_onshore_wind_generation,Wind Onshore | Actual Consumption,2026-08-02T23:51:38Z
2026-08-02T23:49:28Z,2026-08-03T01:49:28+0200,65d3fff1-7125-472d-bbc3-1b240f9c8d5b,2026-07-07T13:15:00Z,2026-07-07T15:15:00+0200,581.957,MW,NL,NL,actual_onshore_wind_generation,Wind Onshore | Actual Aggregated,2026-08-02T23:51:38Z
2026-08-02T23:49:28Z,2026-08-03T01:49:28+0200,65d3fff1-7125-472d-bbc3-1b240f9c8d5b,2026-07-07T13:15:00Z,2026-07-07T15:15:00+0200,0.0,MW,NL,NL,actual_onshore_wind_generation,Wind Onshore | Actual Consumption,2026-08-02T23:51:38Z
2026-08-02T23:49:28Z,2026-08-03T01:49:28+0200,65d3fff1-7125-472d-bbc3-1b240f9c8d5b,2026-07-07T13:30:00Z,2026-07-07T15:30:00+0200,609.021,MW,NL,NL,actual_onshore_wind_generation,Wind Onshore | Actual Aggregated,2026-08-02T23:51:38Z
2026-08-02T23:49:28Z,2026-08-03T01:49:28+0200,65d3fff1-7125-472d-bbc3-1b240f9c8d5b,2026-07-07T13:30:00Z,2026-07-07T15:30:00+0200,0.0,MW,NL,NL,actual_onshore_wind_generation,Wind Onshore | Actual Consumption,2026-08-02T23:51:38Z
2026-08-02T23:49:28Z,2026-08-03T01:49:28+0200,65d3fff1-7125-472d-bbc3-1b240f9c8d5b,2026-07-07T13:45:00Z,2026-07-07T15:45:00+0200,701.201,MW,NL,NL,actual_onshore_wind_generation,Wind Onshore | Actual Aggregated,2026-08-02T23:51:38Z
2026-08-02T23:49:28Z,2026-08-03T01:49:28+0200,65d3fff1-7125-472d-bbc3-1b240f9c8d5b,2026-07-07T13:45:00Z,2026-07-07T15:45:00+0200,0.0,MW,NL,NL,actual_onshore_wind_generation,Wind Onshore | Actual Consumption,2026-08-02T23:51:38Z
2026-08-02T23:49:28Z,2026-08-03T01:49:28+0200,65d3fff1-7125-472d-bbc3-1b240f9c8d5b,2026-07-07T14:00:00Z,2026-07-07T16:00:00+0200,711.429,MW,NL,NL,actual_onshore_wind_generation,Wind Onshore | Actual Aggregated,2026-08-02T23:51:38Z
2026-08-02T23:49:28Z,2026-08-03T01:49:28+0200,65d3fff1-7125-472d-bbc3-1b240f9c8d5b,2026-07-07T14:00:00Z,2026-07-07T16:00:00+0200,0.0,MW,NL,NL,actual_onshore_wind_generation,Wind Onshore | Actual Consumption,2026-08-02T23:51:38Z
2026-08-02T23:49:28Z,2026-08-03T01:49:28+0200,65d3fff1-7125-472d-bbc3-1b240f9c8d5b,2026-07-07T14:15:00Z,2026-07-07T16:15:00+0200,666.654,MW,NL,NL,actual_onshore_wind_generation,Wind Onshore | Actual Aggregated,2026-08-02T23:51:38Z
2026-08-02T23:49:28Z,2026-08-03T01:49:28+0200,65d3fff1-7125-472d-bbc3-1b240f9c8d5b,2026-07-07T14:15:00Z,2026-07-07T16:15:00+0200,0.0,MW,NL,NL,actual_onshore_wind_generation,Wind Onshore | Actual Consumption,2026-08-02T23:51:38Z
2026-08-02T23:49:28Z,2026-08-03T01:49:28+0200,65d3fff1-7125-472d-bbc3-1b240f9c8d5b,2026-07-07T14:30:00Z,2026-07-07T16:30:00+0200,654.311,MW,NL,NL,actual_onshore_wind_generation,Wind Onshore | Actual Aggregated,2026-08-02T23:51:38Z
2026-08-02T23:49:28Z,2026-08-03T01:49:28+0200,65d3fff1-7125-472d-bbc3-1b240f9c8d5b,2026-07-07T14:30:00Z,2026-07-07T16:30:00+0200,0.0,MW,NL,NL,actual_onshore_wind_generation,Wind Onshore | Actual Consumption,2026-08-02T23:51:38Z
2026-08-02T23:49:28Z,2026-08-03T01:49:28+0200,65d3fff1-7125-472d-bbc3-1b240f9c8d5b,2026-07-07T14:45:00Z,2026-07-07T16:45:00+0200,646.81,MW,NL,NL,actual_onshore_wind_generation,Wind Onshore | Actual Aggregated,2026-08-02T23:51:38Z
2026-08-02T23:49:28Z,2026-08-03T01:49:28+0200,65d3fff1-7125-472d-bbc3-1b240f9c8d5b,2026-07-07T14:45:00Z,2026-07-07T16:45:00+0200,0.0,MW,NL,NL,actual_onshore_wind_generation,Wind Onshore | Actual Consumption,2026-08-02T23:51:38Z
2026-08-02T23:49:28Z,2026-08-03T01:49:28+0200,65d3fff1-7125-472d-bbc3-1b240f9c8d5b,2026-07-07T15:00:00Z,2026-07-07T17:00:00+0200,643.917,MW,NL,NL,actual_onshore_wind_generation,Wind Onshore | Actual Aggregated,2026-08-02T23:51:38Z
2026-08-02T23:49:28Z,2026-08-03T01:49:28+0200,65d3fff1-7125-472d-bbc3-1b240f9c8d5b,2026-07-07T15:00:00Z,2026-07-07T17:00:00+0200,0.0,MW,NL,NL,actual_onshore_wind_generation,Wind Onshore | Actual Consumption,2026-08-02T23:51:38Z
2026-08-02T23:49:28Z,2026-08-03T01:49:28+0200,65d3fff1-7125-472d-bbc3-1b240f9c8d5b,2026-07-07T15:15:00Z,2026-07-07T17:15:00+0200,687.854,MW,NL,NL,actual_onshore_wind_generation,Wind Onshore | Actual Aggregated,2026-08-02T23:51:38Z
2026-08-02T23:49:28Z,2026-08-03T01:49:28+0200,65d3fff1-7125-472d-bbc3-1b240f9c8d5b,2026-07-07T15:15:00Z,2026-07-07T17:15:00+0200,0.0,MW,NL,NL,actual_onshore_wind_generation,Wind Onshore | Actual Consumption,2026-08-02T23:51:38Z
2026-08-02T23:49:28Z,2026-08-03T01:49:28+0200,65d3fff1-7125-472d-bbc3-1b240f9c8d5b,2026-07-07T15:30:00Z,2026-07-07T17:30:00+0200,674.731,MW,NL,NL,actual_onshore_wind_generation,Wind Onshore | Actual Aggregated,2026-08-02T23:51:38Z
2026-08-02T23:49:28Z,2026-08-03T01:49:28+0200,65d3fff1-7125-472d-bbc3-1b240f9c8d5b,2026-07-07T15:30:00Z,2026-07-07T17:30:00+0200,0.0,MW,NL,NL,actual_onshore_wind_generation,Wind Onshore | Actual Consumption,2026-08-02T23:51:38Z
2026-08-02T23:49:28Z,2026-08-03T01:49:28+0200,65d3fff1-7125-472d-bbc3-1b240f9c8d5b,2026-07-07T15:45:00Z,2026-07-07T17:45:00+0200,642.776,MW,NL,NL,actual_onshore_wind_generation,Wind Onshore | Actual Aggregated,2026-08-02T23:51:38Z
2026-08-02T23:49:28Z,2026-08-03T01:49:28+0200,65d3fff1-7125-472d-bbc3-1b240f9c8d5b,2026-07-07T15:45:00Z,2026-07-07T17:45:00+0200,0.0,MW,NL,NL,actual_onshore_wind_generation,Wind Onshore | Actual Consumption,2026-08-02T23:51:38Z
2026-08-02T23:49:28Z,2026-08-03T01:49:28+0200,65d3fff1-7125-472d-bbc3-1b240f9c8d5b,2026-07-07T16:00:00Z,2026-07-07T18:00:00+0200,596.141,MW,NL,NL,actual_onshore_wind_generation,Wind Onshore | Actual Aggregated,2026-08-02T23:51:38Z
2026-08-02T23:49:28Z,2026-08-03T01:49:28+0200,65d3fff1-7125-472d-bbc3-1b240f9c8d5b,2026-07-07T16:00:00Z,2026-07-07T18:00:00+0200,0.0,MW,NL,NL,actual_onshore_wind_generation,Wind Onshore | Actual Consumption,2026-08-02T23:51:38Z
2026-08-02T23:49:28Z,2026-08-03T01:49:28+0200,65d3fff1-7125-472d-bbc3-1b240f9c8d5b,2026-07-07T16:15:00Z,2026-07-07T18:15:00+0200,592.903,MW,NL,NL,actual_onshore_wind_generation,Wind Onshore | Actual Aggregated,2026-08-02T23:51:38Z
2026-08-02T23:49:28Z,2026-08-03T01:49:28+0200,65d3fff1-7125-472d-bbc3-1b240f9c8d5b,2026-07-07T16:15:00Z,2026-07-07T18:15:00+0200,0.0,MW,NL,NL,actual_onshore_wind_generation,Wind Onshore | Actual Consumption,2026-08-02T23:51:38Z
2026-08-02T23:49:28Z,2026-08-03T01:49:28+0200,65d3fff1-7125-472d-bbc3-1b240f9c8d5b,2026-07-07T16:30:00Z,2026-07-07T18:30:00+0200,590.316,MW,NL,NL,actual_onshore_wind_generation,Wind Onshore | Actual Aggregated,2026-08-02T23:51:38Z
2026-08-02T23:49:28Z,2026-08-03T01:49:28+0200,65d3fff1-7125-472d-bbc3-1b240f9c8d5b,2026-07-07T16:30:00Z,2026-07-07T18:30:00+0200,0.0,MW,NL,NL,actual_onshore_wind_generation,Wind Onshore | Actual Consumption,2026-08-02T23:51:38Z
2026-08-02T23:49:28Z,2026-08-03T01:49:28+0200,65d3fff1-7125-472d-bbc3-1b240f9c8d5b,2026-07-07T16:45:00Z,2026-07-07T18:45:00+0200,544.157,MW,NL,NL,actual_onshore_wind_generation,Wind Onshore | Actual Aggregated,2026-08-02T23:51:38Z
2026-08-02T23:49:28Z,2026-08-03T01:49:28+0200,65d3fff1-7125-472d-bbc3-1b240f9c8d5b,2026-07-07T16:45:00Z,2026-07-07T18:45:00+0200,0.0,MW,NL,NL,actual_onshore_wind_generation,Wind Onshore | Actual Consumption,2026-08-02T23:51:38Z
2026-08-02T23:49:28Z,2026-08-03T01:49:28+0200,65d3fff1-7125-472d-bbc3-1b240f9c8d5b,2026-07-07T17:00:00Z,2026-07-07T19:00:00+0200,506.286,MW,NL,NL,actual_onshore_wind_generation,Wind Onshore | Actual Aggregated,2026-08-02T23:51:38Z
2026-08-02T23:49:28Z,2026-08-03T01:49:28+0200,65d3fff1-7125-472d-bbc3-1b240f9c8d5b,2026-07-07T17:00:00Z,2026-07-07T19:00:00+0200,0.0,MW,NL,NL,actual_onshore_wind_generation,Wind Onshore | Actual Consumption,2026-08-02T23:51:38Z
2026-08-02T23:49:28Z,2026-08-03T01:49:28+0200,65d3fff1-7125-472d-bbc3-1b240f9c8d5b,2026-07-07T17:15:00Z,2026-07-07T19:15:00+0200,516.609,MW,NL,NL,actual_onshore_wind_generation,Wind Onshore | Actual Aggregated,2026-08-02T23:51:38Z
2026-08-02T23:49:28Z,2026-08-03T01:49:28+0200,65d3fff1-7125-472d-bbc3-1b240f9c8d5b,2026-07-07T17:15:00Z,2026-07-07T19:15:00+0200,0.0,MW,NL,NL,actual_onshore_wind_generation,Wind Onshore | Actual Consumption,2026-08-02T23:51:38Z
2026-08-02T23:49:28Z,2026-08-03T01:49:28+0200,65d3fff1-7125-472d-bbc3-1b240f9c8d5b,2026-07-07T17:30:00Z,2026-07-07T19:30:00+0200,501.823,MW,NL,NL,actual_onshore_wind_generation,Wind Onshore | Actual Aggregated,2026-08-02T23:51:38Z
2026-08-02T23:49:28Z,2026-08-03T01:49:28+0200,65d3fff1-7125-472d-bbc3-1b240f9c8d5b,2026-07-07T17:30:00Z,2026-07-07T19:30:00+0200,0.0,MW,NL,NL,actual_onshore_wind_generation,Wind Onshore | Actual Consumption,2026-08-02T23:51:38Z
2026-08-02T23:49:28Z,2026-08-03T01:49:28+0200,65d3fff1-7125-472d-bbc3-1b240f9c8d5b,2026-07-07T17:45:00Z,2026-07-07T19:45:00+0200,531.016,MW,NL,NL,actual_onshore_wind_generation,Wind Onshore | Actual Aggregated,2026-08-02T23:51:38Z
2026-08-02T23:49:28Z,2026-08-03T01:49:28+0200,65d3fff1-7125-472d-bbc3-1b240f9c8d5b,2026-07-07T17:45:00Z,2026-07-07T19:45:00+0200,0.0,MW,NL,NL,actual_onshore_wind_generation,Wind Onshore | Actual Consumption,2026-08-02T23:51:38Z
2026-08-02T23:49:28Z,2026-08-03T01:49:28+0200,65d3fff1-7125-472d-bbc3-1b240f9c8d5b,2026-07-07T18:00:00Z,2026-07-07T20:00:00+0200,517.607,MW,NL,NL,actual_onshore_wind_generation,Wind Onshore | Actual Aggregated,2026-08-02T23:51:38Z
2026-08-02T23:49:28Z,2026-08-03T01:49:28+0200,65d3fff1-7125-472d-bbc3-1b240f9c8d5b,2026-07-07T18:00:00Z,2026-07-07T20:00:00+0200,0.0,MW,NL,NL,actual_onshore_wind_generation,Wind Onshore | Actual Consumption,2026-08-02T23:51:38Z
2026-08-02T23:49:28Z,2026-08-03T01:49:28+0200,65d3fff1-7125-472d-bbc3-1b240f9c8d5b,2026-07-07T18:15:00Z,2026-07-07T20:15:00+0200,504.829,MW,NL,NL,actual_onshore_wind_generation,Wind Onshore | Actual Aggregated,2026-08-02T23:51:38Z
2026-08-02T23:49:28Z,2026-08-03T01:49:28+0200,65d3fff1-7125-472d-bbc3-1b240f9c8d5b,2026-07-07T18:15:00Z,2026-07-07T20:15:00+0200,0.0,MW,NL,NL,actual_onshore_wind_generation,Wind Onshore | Actual Consumption,2026-08-02T23:51:38Z
2026-08-02T23:49:28Z,2026-08-03T01:49:28+0200,65d3fff1-7125-472d-bbc3-1b240f9c8d5b,2026-07-07T18:30:00Z,2026-07-07T20:30:00+0200,452.532,MW,NL,NL,actual_onshore_wind_generation,Wind Onshore | Actual Aggregated,2026-08-02T23:51:38Z
2026-08-02T23:49:28Z,2026-08-03T01:49:28+0200,65d3fff1-7125-472d-bbc3-1b240f9c8d5b,2026-07-07T18:30:00Z,2026-07-07T20:30:00+0200,0.0,MW,NL,NL,actual_onshore_wind_generation,Wind Onshore | Actual Consumption,2026-08-02T23:51:38Z
2026-08-02T23:49:28Z,2026-08-03T01:49:28+0200,65d3fff1-7125-472d-bbc3-1b240f9c8d5b,2026-07-07T18:45:00Z,2026-07-07T20:45:00+0200,419.385,MW,NL,NL,actual_onshore_wind_generation,Wind Onshore | Actual Aggregated,2026-08-02T23:51:38Z
2026-08-02T23:49:28Z,2026-08-03T01:49:28+0200,65d3fff1-7125-472d-bbc3-1b240f9c8d5b,2026-07-07T18:45:00Z,2026-07-07T20:45:00+0200,0.0,MW,NL,NL,actual_onshore_wind_generation,Wind Onshore | Actual Consumption,2026-08-02T23:51:38Z
2026-08-02T23:49:28Z,2026-08-03T01:49:28+0200,65d3fff1-7125-472d-bbc3-1b240f9c8d5b,2026-07-07T19:00:00Z,2026-07-07T21:00:00+0200,378.379,MW,NL,NL,actual_onshore_wind_generation,Wind Onshore | Actual Aggregated,2026-08-02T23:51:38Z
2026-08-02T23:49:28Z,2026-08-03T01:49:28+0200,65d3fff1-7125-472d-bbc3-1b240f9c8d5b,2026-07-07T19:00:00Z,2026-07-07T21:00:00+0200,0.0,MW,NL,NL,actual_onshore_wind_generation,Wind Onshore | Actual Consumption,2026-08-02T23:51:38Z
2026-08-02T23:49:28Z,2026-08-03T01:49:28+0200,65d3fff1-7125-472d-bbc3-1b240f9c8d5b,2026-07-07T19:15:00Z,2026-07-07T21:15:00+0200,358.661,MW,NL,NL,actual_onshore_wind_generation,Wind Onshore | Actual Aggregated,2026-08-02T23:51:38Z
2026-08-02T23:49:28Z,2026-08-03T01:49:28+0200,65d3fff1-7125-472d-bbc3-1b240f9c8d5b,2026-07-07T19:15:00Z,2026-07-07T21:15:00+0200,0.0,MW,NL,NL,actual_onshore_wind_generation,Wind Onshore | Actual Consumption,2026-08-02T23:51:38Z
2026-08-02T23:49:28Z,2026-08-03T01:49:28+0200,65d3fff1-7125-472d-bbc3-1b240f9c8d5b,2026-07-07T19:30:00Z,2026-07-07T21:30:00+0200,348.496,MW,NL,NL,actual_onshore_wind_generation,Wind Onshore | Actual Aggregated,2026-08-02T23:51:38Z
2026-08-02T23:49:28Z,2026-08-03T01:49:28+0200,65d3fff1-7125-472d-bbc3-1b240f9c8d5b,2026-07-07T19:30:00Z,2026-07-07T21:30:00+0200,0.0,MW,NL,NL,actual_onshore_wind_generation,Wind Onshore | Actual Consumption,2026-08-02T23:51:38Z
2026-08-02T23:49:28Z,2026-08-03T01:49:28+0200,65d3fff1-7125-472d-bbc3-1b240f9c8d5b,2026-07-07T19:45:00Z,2026-07-07T21:45:00+0200,329.059,MW,NL,NL,actual_onshore_wind_generation,Wind Onshore | Actual Aggregated,2026-08-02T23:51:38Z
2026-08-02T23:49:28Z,2026-08-03T01:49:28+0200,65d3fff1-7125-472d-bbc3-1b240f9c8d5b,2026-07-07T19:45:00Z,2026-07-07T21:45:00+0200,0.0,MW,NL,NL,actual_onshore_wind_generation,Wind Onshore | Actual Consumption,2026-08-02T23:51:38Z
2026-08-02T23:49:28Z,2026-08-03T01:49:28+0200,65d3fff1-7125-472d-bbc3-1b240f9c8d5b,2026-07-07T20:00:00Z,2026-07-07T22:00:00+0200,307.153,MW,NL,NL,actual_onshore_wind_generation,Wind Onshore | Actual Aggregated,2026-08-02T23:51:38Z
2026-08-02T23:49:28Z,2026-08-03T01:49:28+0200,65d3fff1-7125-472d-bbc3-1b240f9c8d5b,2026-07-07T20:00:00Z,2026-07-07T22:00:00+0200,0.0,MW,NL,NL,actual_onshore_wind_generation,Wind Onshore | Actual Consumption,2026-08-02T23:51:38Z
2026-08-02T23:49:28Z,2026-08-03T01:49:28+0200,65d3fff1-7125-472d-bbc3-1b240f9c8d5b,2026-07-07T20:15:00Z,2026-07-07T22:15:00+0200,265.579,MW,NL,NL,actual_onshore_wind_generation,Wind Onshore | Actual Aggregated,2026-08-02T23:51:38Z
2026-08-02T23:49:28Z,2026-08-03T01:49:28+0200,65d3fff1-7125-472d-bbc3-1b240f9c8d5b,2026-07-07T20:15:00Z,2026-07-07T22:15:00+0200,0.0,MW,NL,NL,actual_onshore_wind_generation,Wind Onshore | Actual Consumption,2026-08-02T23:51:38Z
2026-08-02T23:49:28Z,2026-08-03T01:49:28+0200,65d3fff1-7125-472d-bbc3-1b240f9c8d5b,2026-07-07T20:30:00Z,2026-07-07T22:30:00+0200,248.246,MW,NL,NL,actual_onshore_wind_generation,Wind Onshore | Actual Aggregated,2026-08-02T23:51:38Z
2026-08-02T23:49:28Z,2026-08-03T01:49:28+0200,65d3fff1-7125-472d-bbc3-1b240f9c8d5b,2026-07-07T20:30:00Z,2026-07-07T22:30:00+0200,0.0,MW,NL,NL,actual_onshore_wind_generation,Wind Onshore | Actual Consumption,2026-08-02T23:51:38Z
2026-08-02T23:49:28Z,2026-08-03T01:49:28+0200,65d3fff1-7125-472d-bbc3-1b240f9c8d5b,2026-07-07T20:45:00Z,2026-07-07T22:45:00+0200,238.21,MW,NL,NL,actual_onshore_wind_generation,Wind Onshore | Actual Aggregated,2026-08-02T23:51:38Z
2026-08-02T23:49:28Z,2026-08-03T01:49:28+0200,65d3fff1-7125-472d-bbc3-1b240f9c8d5b,2026-07-07T20:45:00Z,2026-07-07T22:45:00+0200,0.0,MW,NL,NL,actual_onshore_wind_generation,Wind Onshore | Actual Consumption,2026-08-02T23:51:38Z
2026-08-02T23:49:28Z,2026-08-03T01:49:28+0200,65d3fff1-7125-472d-bbc3-1b240f9c8d5b,2026-07-07T21:00:00Z,2026-07-07T23:00:00+0200,230.68,MW,NL,NL,actual_onshore_wind_generation,Wind Onshore | Actual Aggregated,2026-08-02T23:51:38Z
2026-08-02T23:49:28Z,2026-08-03T01:49:28+0200,65d3fff1-7125-472d-bbc3-1b240f9c8d5b,2026-07-07T21:00:00Z,2026-07-07T23:00:00+0200,0.0,MW,NL,NL,actual_onshore_wind_generation,Wind Onshore | Actual Consumption,2026-08-02T23:51:38Z
2026-08-02T23:49:28Z,2026-08-03T01:49:28+0200,65d3fff1-7125-472d-bbc3-1b240f9c8d5b,2026-07-07T21:15:00Z,2026-07-07T23:15:00+0200,211.776,MW,NL,NL,actual_onshore_wind_generation,Wind Onshore | Actual Aggregated,2026-08-02T23:51:38Z
2026-08-02T23:49:28Z,2026-08-03T01:49:28+0200,65d3fff1-7125-472d-bbc3-1b240f9c8d5b,2026-07-07T21:15:00Z,2026-07-07T23:15:00+0200,0.0,MW,NL,NL,actual_onshore_wind_generation,Wind Onshore | Actual Consumption,2026-08-02T23:51:38Z
2026-08-02T23:49:28Z,2026-08-03T01:49:28+0200,65d3fff1-7125-472d-bbc3-1b240f9c8d5b,2026-07-07T21:30:00Z,2026-07-07T23:30:00+0200,196.755,MW,NL,NL,actual_onshore_wind_generation,Wind Onshore | Actual Aggregated,2026-08-02T23:51:38Z
2026-08-02T23:49:28Z,2026-08-03T01:49:28+0200,65d3fff1-7125-472d-bbc3-1b240f9c8d5b,2026-07-07T21:30:00Z,2026-07-07T23:30:00+0200,0.0,MW,NL,NL,actual_onshore_wind_generation,Wind Onshore | Actual Consumption,2026-08-02T23:51:38Z
2026-08-02T23:49:28Z,2026-08-03T01:49:28+0200,65d3fff1-7125-472d-bbc3-1b240f9c8d5b,2026-07-07T21:45:00Z,2026-07-07T23:45:00+0200,203.145,MW,NL,NL,actual_onshore_wind_generation,Wind Onshore | Actual Aggregated,2026-08-02T23:51:38Z
2026-08-02T23:49:28Z,2026-08-03T01:49:28+0200,65d3fff1-7125-472d-bbc3-1b240f9c8d5b,2026-07-07T21:45:00Z,2026-07-07T23:45:00+0200,0.0,MW,NL,NL,actual_onshore_wind_generation,Wind Onshore | Actual Consumption,2026-08-02T23:51:38Z
2026-08-02T23:49:28Z,2026-08-03T01:49:28+0200,65d3fff1-7125-472d-bbc3-1b240f9c8d5b,2026-07-07T22:00:00Z,2026-07-08T00:00:00+0200,178.822,MW,NL,NL,actual_onshore_wind_generation,Wind Onshore | Actual Aggregated,2026-08-02T23:51:38Z
2026-08-02T23:49:28Z,2026-08-03T01:49:28+0200,65d3fff1-7125-472d-bbc3-1b240f9c8d5b,2026-07-07T22:00:00Z,2026-07-08T00:00:00+0200,0.0,MW,NL,NL,actual_onshore_wind_generation,Wind Onshore | Actual Consumption,2026-08-02T23:51:38Z
2026-08-02T23:49:28Z,2026-08-03T01:49:28+0200,65d3fff1-7125-472d-bbc3-1b240f9c8d5b,2026-07-07T22:15:00Z,2026-07-08T00:15:00+0200,213.723,MW,NL,NL,actual_onshore_wind_generation,Wind Onshore | Actual Aggregated,2026-08-02T23:51:38Z
2026-08-02T23:49:28Z,2026-08-03T01:49:28+0200,65d3fff1-7125-472d-bbc3-1b240f9c8d5b,2026-07-07T22:15:00Z,2026-07-08T00:15:00+0200,0.0,MW,NL,NL,actual_onshore_wind_generation,Wind Onshore | Actual Consumption,2026-08-02T23:51:38Z
2026-08-02T23:49:28Z,2026-08-03T01:49:28+0200,65d3fff1-7125-472d-bbc3-1b240f9c8d5b,2026-07-07T22:30:00Z,2026-07-08T00:30:00+0200,221.941,MW,NL,NL,actual_onshore_wind_generation,Wind Onshore | Actual Aggregated,2026-08-02T23:51:38Z
2026-08-02T23:49:28Z,2026-08-03T01:49:28+0200,65d3fff1-7125-472d-bbc3-1b240f9c8d5b,2026-07-07T22:30:00Z,2026-07-08T00:30:00+0200,0.0,MW,NL,NL,actual_onshore_wind_generation,Wind Onshore | Actual Consumption,2026-08-02T23:51:38Z
2026-08-02T23:49:28Z,2026-08-03T01:49:28+0200,65d3fff1-7125-472d-bbc3-1b240f9c8d5b,2026-07-07T22:45:00Z,2026-07-08T00:45:00+0200,254.491,MW,NL,NL,actual_onshore_wind_generation,Wind Onshore | Actual Aggregated,2026-08-02T23:51:38Z
2026-08-02T23:49:28Z,2026-08-03T01:49:28+0200,65d3fff1-7125-472d-bbc3-1b240f9c8d5b,2026-07-07T22:45:00Z,2026-07-08T00:45:00+0200,0.0,MW,NL,NL,actual_onshore_wind_generation,Wind Onshore | Actual Consumption,2026-08-02T23:51:38Z
2026-08-02T23:49:28Z,2026-08-03T01:49:28+0200,65d3fff1-7125-472d-bbc3-1b240f9c8d5b,2026-07-07T23:00:00Z,2026-07-08T01:00:00+0200,269.31,MW,NL,NL,actual_onshore_wind_generation,Wind Onshore | Actual Aggregated,2026-08-02T23:51:38Z
2026-08-02T23:49:28Z,2026-08-03T01:49:28+0200,65d3fff1-7125-472d-bbc3-1b240f9c8d5b,2026-07-07T23:00:00Z,2026-07-08T01:00:00+0200,0.0,MW,NL,NL,actual_onshore_wind_generation,Wind Onshore | Actual Consumption,2026-08-02T23:51:38Z
2026-08-02T23:49:28Z,2026-08-03T01:49:28+0200,65d3fff1-7125-472d-bbc3-1b240f9c8d5b,2026-07-07T23:15:00Z,2026-07-08T01:15:00+0200,269.242,MW,NL,NL,actual_onshore_wind_generation,Wind Onshore | Actual Aggregated,2026-08-02T23:51:38Z
2026-08-02T23:49:28Z,2026-08-03T01:49:28+0200,65d3fff1-7125-472d-bbc3-1b240f9c8d5b,2026-07-07T23:15:00Z,2026-07-08T01:15:00+0200,0.0,MW,NL,NL,actual_onshore_wind_generation,Wind Onshore | Actual Consumption,2026-08-02T23:51:38Z
2026-08-02T23:49:28Z,2026-08-03T01:49:28+0200,65d3fff1-7125-472d-bbc3-1b240f9c8d5b,2026-07-07T23:30:00Z,2026-07-08T01:30:00+0200,288.843,MW,NL,NL,actual_onshore_wind_generation,Wind Onshore | Actual Aggregated,2026-08-02T23:51:38Z
2026-08-02T23:49:28Z,2026-08-03T01:49:28+0200,65d3fff1-7125-472d-bbc3-1b240f9c8d5b,2026-07-07T23:30:00Z,2026-07-08T01:30:00+0200,0.0,MW,NL,NL,actual_onshore_wind_generation,Wind Onshore | Actual Consumption,2026-08-02T23:51:38Z
2026-08-02T23:49:28Z,2026-08-03T01:49:28+0200,65d3fff1-7125-472d-bbc3-1b240f9c8d5b,2026-07-07T23:45:00Z,2026-07-08T01:45:00+0200,284.222,MW,NL,NL,actual_onshore_wind_generation,Wind Onshore | Actual Aggregated,2026-08-02T23:51:38Z
2026-08-02T23:49:28Z,2026-08-03T01:49:28+0200,65d3fff1-7125-472d-bbc3-1b240f9c8d5b,2026-07-07T23:45:00Z,2026-07-08T01:45:00+0200,0.0,MW,NL,NL,actual_onshore_wind_generation,Wind Onshore | Actual Consumption,2026-08-02T23:51:38Z
2026-08-02T23:49:28Z,2026-08-03T01:49:28+0200,65d3fff1-7125-472d-bbc3-1b240f9c8d5b,2026-07-08T00:00:00Z,2026-07-08T02:00:00+0200,269.205,MW,NL,NL,actual_onshore_wind_generation,Wind Onshore | Actual Aggregated,2026-08-02T23:51:38Z
2026-08-02T23:49:28Z,2026-08-03T01:49:28+0200,65d3fff1-7125-472d-bbc3-1b240f9c8d5b,2026-07-08T00:00:00Z,2026-07-08T02:00:00+0200,0.0,MW,NL,NL,actual_onshore_wind_generation,Wind Onshore | Actual Consumption,2026-08-02T23:51:38Z
2026-08-02T23:49:28Z,2026-08-03T01:49:28+0200,65d3fff1-7125-472d-bbc3-1b240f9c8d5b,2026-07-08T00:15:00Z,2026-07-08T02:15:00+0200,245.664,MW,NL,NL,actual_onshore_wind_generation,Wind Onshore | Actual Aggregated,2026-08-02T23:51:38Z
2026-08-02T23:49:28Z,2026-08-03T01:49:28+0200,65d3fff1-7125-472d-bbc3-1b240f9c8d5b,2026-07-08T00:15:00Z,2026-07-08T02:15:00+0200,0.0,MW,NL,NL,actual_onshore_wind_generation,Wind Onshore | Actual Consumption,2026-08-02T23:51:38Z
2026-08-02T23:49:28Z,2026-08-03T01:49:28+0200,65d3fff1-7125-472d-bbc3-1b240f9c8d5b,2026-07-08T00:30:00Z,2026-07-08T02:30:00+0200,238.702,MW,NL,NL,actual_onshore_wind_generation,Wind Onshore | Actual Aggregated,2026-08-02T23:51:38Z
2026-08-02T23:49:28Z,2026-08-03T01:49:28+0200,65d3fff1-7125-472d-bbc3-1b240f9c8d5b,2026-07-08T00:30:00Z,2026-07-08T02:30:00+0200,0.0,MW,NL,NL,actual_onshore_wind_generation,Wind Onshore | Actual Consumption,2026-08-02T23:51:38Z
2026-08-02T23:49:28Z,2026-08-03T01:49:28+0200,65d3fff1-7125-472d-bbc3-1b240f9c8d5b,2026-07-08T00:45:00Z,2026-07-08T02:45:00+0200,224.11,MW,NL,NL,actual_onshore_wind_generation,Wind Onshore | Actual Aggregated,2026-08-02T23:51:38Z
2026-08-02T23:49:28Z,2026-08-03T01:49:28+0200,65d3fff1-7125-472d-bbc3-1b240f9c8d5b,2026-07-08T00:45:00Z,2026-07-08T02:45:00+0200,0.0,MW,NL,NL,actual_onshore_wind_generation,Wind Onshore | Actual Consumption,2026-08-02T23:51:38Z
2026-08-02T23:49:28Z,2026-08-03T01:49:28+0200,65d3fff1-7125-472d-bbc3-1b240f9c8d5b,2026-07-08T01:00:00Z,2026-07-08T03:00:00+0200,209.279,MW,NL,NL,actual_onshore_wind_generation,Wind Onshore | Actual Aggregated,2026-08-02T23:51:38Z
2026-08-02T23:49:28Z,2026-08-03T01:49:28+0200,65d3fff1-7125-472d-bbc3-1b240f9c8d5b,2026-07-08T01:00:00Z,2026-07-08T03:00:00+0200,0.0,MW,NL,NL,actual_onshore_wind_generation,Wind Onshore | Actual Consumption,2026-08-02T23:51:38Z
2026-08-02T23:49:28Z,2026-08-03T01:49:28+0200,65d3fff1-7125-472d-bbc3-1b240f9c8d5b,2026-07-08T01:15:00Z,2026-07-08T03:15:00+0200,211.548,MW,NL,NL,actual_onshore_wind_generation,Wind Onshore | Actual Aggregated,2026-08-02T23:51:38Z
2026-08-02T23:49:28Z,2026-08-03T01:49:28+0200,65d3fff1-7125-472d-bbc3-1b240f9c8d5b,2026-07-08T01:15:00Z,2026-07-08T03:15:00+0200,0.0,MW,NL,NL,actual_onshore_wind_generation,Wind Onshore | Actual Consumption,2026-08-02T23:51:38Z
2026-08-02T23:49:28Z,2026-08-03T01:49:28+0200,65d3fff1-7125-472d-bbc3-1b240f9c8d5b,2026-07-08T01:30:00Z,2026-07-08T03:30:00+0200,218.723,MW,NL,NL,actual_onshore_wind_generation,Wind Onshore | Actual Aggregated,2026-08-02T23:51:38Z
2026-08-02T23:49:28Z,2026-08-03T01:49:28+0200,65d3fff1-7125-472d-bbc3-1b240f9c8d5b,2026-07-08T01:30:00Z,2026-07-08T03:30:00+0200,0.0,MW,NL,NL,actual_onshore_wind_generation,Wind Onshore | Actual Consumption,2026-08-02T23:51:38Z
2026-08-02T23:49:28Z,2026-08-03T01:49:28+0200,65d3fff1-7125-472d-bbc3-1b240f9c8d5b,2026-07-08T01:45:00Z,2026-07-08T03:45:00+0200,206.893,MW,NL,NL,actual_onshore_wind_generation,Wind Onshore | Actual Aggregated,2026-08-02T23:51:38Z
2026-08-02T23:49:28Z,2026-08-03T01:49:28+0200,65d3fff1-7125-472d-bbc3-1b240f9c8d5b,2026-07-08T01:45:00Z,2026-07-08T03:45:00+0200,0.0,MW,NL,NL,actual_onshore_wind_generation,Wind Onshore | Actual Consumption,2026-08-02T23:51:38Z
2026-08-02T23:49:28Z,2026-08-03T01:49:28+0200,65d3fff1-7125-472d-bbc3-1b240f9c8d5b,2026-07-08T02:00:00Z,2026-07-08T04:00:00+0200,217.961,MW,NL,NL,actual_onshore_wind_generation,Wind Onshore | Actual Aggregated,2026-08-02T23:51:38Z
2026-08-02T23:49:28Z,2026-08-03T01:49:28+0200,65d3fff1-7125-472d-bbc3-1b240f9c8d5b,2026-07-08T02:00:00Z,2026-07-08T04:00:00+0200,0.0,MW,NL,NL,actual_onshore_wind_generation,Wind Onshore | Actual Consumption,2026-08-02T23:51:38Z
2026-08-02T23:49:28Z,2026-08-03T01:49:28+0200,65d3fff1-7125-472d-bbc3-1b240f9c8d5b,2026-07-08T02:15:00Z,2026-07-08T04:15:00+0200,235.812,MW,NL,NL,actual_onshore_wind_generation,Wind Onshore | Actual Aggregated,2026-08-02T23:51:38Z
2026-08-02T23:49:28Z,2026-08-03T01:49:28+0200,65d3fff1-7125-472d-bbc3-1b240f9c8d5b,2026-07-08T02:15:00Z,2026-07-08T04:15:00+0200,0.0,MW,NL,NL,actual_onshore_wind_generation,Wind Onshore | Actual Consumption,2026-08-02T23:51:38Z
2026-08-02T23:49:28Z,2026-08-03T01:49:28+0200,65d3fff1-7125-472d-bbc3-1b240f9c8d5b,2026-07-08T02:30:00Z,2026-07-08T04:30:00+0200,261.23,MW,NL,NL,actual_onshore_wind_generation,Wind Onshore | Actual Aggregated,2026-08-02T23:51:38Z
2026-08-02T23:49:28Z,2026-08-03T01:49:28+0200,65d3fff1-7125-472d-bbc3-1b240f9c8d5b,2026-07-08T02:30:00Z,2026-07-08T04:30:00+0200,0.0,MW,NL,NL,actual_onshore_wind_generation,Wind Onshore | Actual Consumption,2026-08-02T23:51:38Z
2026-08-02T23:49:28Z,2026-08-03T01:49:28+0200,65d3fff1-7125-472d-bbc3-1b240f9c8d5b,2026-07-08T02:45:00Z,2026-07-08T04:45:00+0200,281.812,MW,NL,NL,actual_onshore_wind_generation,Wind Onshore | Actual Aggregated,2026-08-02T23:51:38Z
2026-08-02T23:49:28Z,2026-08-03T01:49:28+0200,65d3fff1-7125-472d-bbc3-1b240f9c8d5b,2026-07-08T02:45:00Z,2026-07-08T04:45:00+0200,0.0,MW,NL,NL,actual_onshore_wind_generation,Wind Onshore | Actual Consumption,2026-08-02T23:51:38Z
2026-08-02T23:49:28Z,2026-08-03T01:49:28+0200,65d3fff1-7125-472d-bbc3-1b240f9c8d5b,2026-07-08T03:00:00Z,2026-07-08T05:00:00+0200,275.05,MW,NL,NL,actual_onshore_wind_generation,Wind Onshore | Actual Aggregated,2026-08-02T23:51:38Z
2026-08-02T23:49:28Z,2026-08-03T01:49:28+0200,65d3fff1-7125-472d-bbc3-1b240f9c8d5b,2026-07-08T03:00:00Z,2026-07-08T05:00:00+0200,0.0,MW,NL,NL,actual_onshore_wind_generation,Wind Onshore | Actual Consumption,2026-08-02T23:51:38Z
2026-08-02T23:49:28Z,2026-08-03T01:49:28+0200,65d3fff1-7125-472d-bbc3-1b240f9c8d5b,2026-07-08T03:15:00Z,2026-07-08T05:15:00+0200,285.398,MW,NL,NL,actual_onshore_wind_generation,Wind Onshore | Actual Aggregated,2026-08-02T23:51:38Z
2026-08-02T23:49:28Z,2026-08-03T01:49:28+0200,65d3fff1-7125-472d-bbc3-1b240f9c8d5b,2026-07-08T03:15:00Z,2026-07-08T05:15:00+0200,0.0,MW,NL,NL,actual_onshore_wind_generation,Wind Onshore | Actual Consumption,2026-08-02T23:51:38Z
2026-08-02T23:49:28Z,2026-08-03T01:49:28+0200,65d3fff1-7125-472d-bbc3-1b240f9c8d5b,2026-07-08T03:30:00Z,2026-07-08T05:30:00+0200,282.597,MW,NL,NL,actual_onshore_wind_generation,Wind Onshore | Actual Aggregated,2026-08-02T23:51:38Z
2026-08-02T23:49:28Z,2026-08-03T01:49:28+0200,65d3fff1-7125-472d-bbc3-1b240f9c8d5b,2026-07-08T03:30:00Z,2026-07-08T05:30:00+0200,0.0,MW,NL,NL,actual_onshore_wind_generation,Wind Onshore | Actual Consumption,2026-08-02T23:51:38Z
2026-08-02T23:49:28Z,2026-08-03T01:49:28+0200,65d3fff1-7125-472d-bbc3-1b240f9c8d5b,2026-07-08T03:45:00Z,2026-07-08T05:45:00+0200,280.97,MW,NL,NL,actual_onshore_wind_generation,Wind Onshore | Actual Aggregated,2026-08-02T23:51:38Z
2026-08-02T23:49:28Z,2026-08-03T01:49:28+0200,65d3fff1-7125-472d-bbc3-1b240f9c8d5b,2026-07-08T03:45:00Z,2026-07-08T05:45:00+0200,0.0,MW,NL,NL,actual_onshore_wind_generation,Wind Onshore | Actual Consumption,2026-08-02T23:51:38Z
2026-08-02T23:49:28Z,2026-08-03T01:49:28+0200,65d3fff1-7125-472d-bbc3-1b240f9c8d5b,2026-07-08T04:00:00Z,2026-07-08T06:00:00+0200,268.757,MW,NL,NL,actual_onshore_wind_generation,Wind Onshore | Actual Aggregated,2026-08-02T23:51:38Z
2026-08-02T23:49:28Z,2026-08-03T01:49:28+0200,65d3fff1-7125-472d-bbc3-1b240f9c8d5b,2026-07-08T04:00:00Z,2026-07-08T06:00:00+0200,0.0,MW,NL,NL,actual_onshore_wind_generation,Wind Onshore | Actual Consumption,2026-08-02T23:51:38Z
2026-08-02T23:49:28Z,2026-08-03T01:49:28+0200,65d3fff1-7125-472d-bbc3-1b240f9c8d5b,2026-07-08T04:15:00Z,2026-07-08T06:15:00+0200,269.873,MW,NL,NL,actual_onshore_wind_generation,Wind Onshore | Actual Aggregated,2026-08-02T23:51:38Z
2026-08-02T23:49:28Z,2026-08-03T01:49:28+0200,65d3fff1-7125-472d-bbc3-1b240f9c8d5b,2026-07-08T04:15:00Z,2026-07-08T06:15:00+0200,0.0,MW,NL,NL,actual_onshore_wind_generation,Wind Onshore | Actual Consumption,2026-08-02T23:51:38Z
2026-08-02T23:49:28Z,2026-08-03T01:49:28+0200,65d3fff1-7125-472d-bbc3-1b240f9c8d5b,2026-07-08T04:30:00Z,2026-07-08T06:30:00+0200,310.194,MW,NL,NL,actual_onshore_wind_generation,Wind Onshore | Actual Aggregated,2026-08-02T23:51:38Z
2026-08-02T23:49:28Z,2026-08-03T01:49:28+0200,65d3fff1-7125-472d-bbc3-1b240f9c8d5b,2026-07-08T04:30:00Z,2026-07-08T06:30:00+0200,0.0,MW,NL,NL,actual_onshore_wind_generation,Wind Onshore | Actual Consumption,2026-08-02T23:51:38Z
2026-08-02T23:49:28Z,2026-08-03T01:49:28+0200,65d3fff1-7125-472d-bbc3-1b240f9c8d5b,2026-07-08T04:45:00Z,2026-07-08T06:45:00+0200,324.959,MW,NL,NL,actual_onshore_wind_generation,Wind Onshore | Actual Aggregated,2026-08-02T23:51:38Z
2026-08-02T23:49:28Z,2026-08-03T01:49:28+0200,65d3fff1-7125-472d-bbc3-1b240f9c8d5b,2026-07-08T04:45:00Z,2026-07-08T06:45:00+0200,0.0,MW,NL,NL,actual_onshore_wind_generation,Wind Onshore | Actual Consumption,2026-08-02T23:51:38Z
2026-08-02T23:49:28Z,2026-08-03T01:49:28+0200,65d3fff1-7125-472d-bbc3-1b240f9c8d5b,2026-07-08T05:00:00Z,2026-07-08T07:00:00+0200,313.184,MW,NL,NL,actual_onshore_wind_generation,Wind Onshore | Actual Aggregated,2026-08-02T23:51:38Z
2026-08-02T23:49:28Z,2026-08-03T01:49:28+0200,65d3fff1-7125-472d-bbc3-1b240f9c8d5b,2026-07-08T05:00:00Z,2026-07-08T07:00:00+0200,0.0,MW,NL,NL,actual_onshore_wind_generation,Wind Onshore | Actual Consumption,2026-08-02T23:51:38Z
2026-08-02T23:49:28Z,2026-08-03T01:49:28+0200,65d3fff1-7125-472d-bbc3-1b240f9c8d5b,2026-07-08T05:15:00Z,2026-07-08T07:15:00+0200,265.039,MW,NL,NL,actual_onshore_wind_generation,Wind Onshore | Actual Aggregated,2026-08-02T23:51:38Z
2026-08-02T23:49:28Z,2026-08-03T01:49:28+0200,65d3fff1-7125-472d-bbc3-1b240f9c8d5b,2026-07-08T05:15:00Z,2026-07-08T07:15:00+0200,0.0,MW,NL,NL,actual_onshore_wind_generation,Wind Onshore | Actual Consumption,2026-08-02T23:51:38Z
2026-08-02T23:49:28Z,2026-08-03T01:49:28+0200,65d3fff1-7125-472d-bbc3-1b240f9c8d5b,2026-07-08T05:30:00Z,2026-07-08T07:30:00+0200,308.12,MW,NL,NL,actual_onshore_wind_generation,Wind Onshore | Actual Aggregated,2026-08-02T23:51:38Z
2026-08-02T23:49:28Z,2026-08-03T01:49:28+0200,65d3fff1-7125-472d-bbc3-1b240f9c8d5b,2026-07-08T05:30:00Z,2026-07-08T07:30:00+0200,0.0,MW,NL,NL,actual_onshore_wind_generation,Wind Onshore | Actual Consumption,2026-08-02T23:51:38Z
2026-08-02T23:49:28Z,2026-08-03T01:49:28+0200,65d3fff1-7125-472d-bbc3-1b240f9c8d5b,2026-07-08T05:45:00Z,2026-07-08T07:45:00+0200,276.586,MW,NL,NL,actual_onshore_wind_generation,Wind Onshore | Actual Aggregated,2026-08-02T23:51:38Z
2026-08-02T23:49:28Z,2026-08-03T01:49:28+0200,65d3fff1-7125-472d-bbc3-1b240f9c8d5b,2026-07-08T05:45:00Z,2026-07-08T07:45:00+0200,0.0,MW,NL,NL,actual_onshore_wind_generation,Wind Onshore | Actual Consumption,2026-08-02T23:51:38Z
2026-08-02T23:49:28Z,2026-08-03T01:49:28+0200,65d3fff1-7125-472d-bbc3-1b240f9c8d5b,2026-07-08T06:00:00Z,2026-07-08T08:00:00+0200,247.64,MW,NL,NL,actual_onshore_wind_generation,Wind Onshore | Actual Aggregated,2026-08-02T23:51:38Z
2026-08-02T23:49:28Z,2026-08-03T01:49:28+0200,65d3fff1-7125-472d-bbc3-1b240f9c8d5b,2026-07-08T06:00:00Z,2026-07-08T08:00:00+0200,0.0,MW,NL,NL,actual_onshore_wind_generation,Wind Onshore | Actual Consumption,2026-08-02T23:51:38Z
2026-08-02T23:49:28Z,2026-08-03T01:49:28+0200,65d3fff1-7125-472d-bbc3-1b240f9c8d5b,2026-07-08T06:15:00Z,2026-07-08T08:15:00+0200,233.59,MW,NL,NL,actual_onshore_wind_generation,Wind Onshore | Actual Aggregated,2026-08-02T23:51:38Z
2026-08-02T23:49:28Z,2026-08-03T01:49:28+0200,65d3fff1-7125-472d-bbc3-1b240f9c8d5b,2026-07-08T06:15:00Z,2026-07-08T08:15:00+0200,0.0,MW,NL,NL,actual_onshore_wind_generation,Wind Onshore | Actual Consumption,2026-08-02T23:51:38Z
2026-08-02T23:49:28Z,2026-08-03T01:49:28+0200,65d3fff1-7125-472d-bbc3-1b240f9c8d5b,2026-07-08T06:30:00Z,2026-07-08T08:30:00+0200,221.161,MW,NL,NL,actual_onshore_wind_generation,Wind Onshore | Actual Aggregated,2026-08-02T23:51:38Z
2026-08-02T23:49:28Z,2026-08-03T01:49:28+0200,65d3fff1-7125-472d-bbc3-1b240f9c8d5b,2026-07-08T06:30:00Z,2026-07-08T08:30:00+0200,0.0,MW,NL,NL,actual_onshore_wind_generation,Wind Onshore | Actual Consumption,2026-08-02T23:51:38Z
2026-08-02T23:49:28Z,2026-08-03T01:49:28+0200,65d3fff1-7125-472d-bbc3-1b240f9c8d5b,2026-07-08T06:45:00Z,2026-07-08T08:45:00+0200,214.728,MW,NL,NL,actual_onshore_wind_generation,Wind Onshore | Actual Aggregated,2026-08-02T23:51:38Z
2026-08-02T23:49:28Z,2026-08-03T01:49:28+0200,65d3fff1-7125-472d-bbc3-1b240f9c8d5b,2026-07-08T06:45:00Z,2026-07-08T08:45:00+0200,0.0,MW,NL,NL,actual_onshore_wind_generation,Wind Onshore | Actual Consumption,2026-08-02T23:51:38Z
2026-08-02T23:49:28Z,2026-08-03T01:49:28+0200,65d3fff1-7125-472d-bbc3-1b240f9c8d5b,2026-07-08T07:00:00Z,2026-07-08T09:00:00+0200,212.293,MW,NL,NL,actual_onshore_wind_generation,Wind Onshore | Actual Aggregated,2026-08-02T23:51:38Z
2026-08-02T23:49:28Z,2026-08-03T01:49:28+0200,65d3fff1-7125-472d-bbc3-1b240f9c8d5b,2026-07-08T07:00:00Z,2026-07-08T09:00:00+0200,0.0,MW,NL,NL,actual_onshore_wind_generation,Wind Onshore | Actual Consumption,2026-08-02T23:51:38Z
2026-08-02T23:49:28Z,2026-08-03T01:49:28+0200,65d3fff1-7125-472d-bbc3-1b240f9c8d5b,2026-07-08T07:15:00Z,2026-07-08T09:15:00+0200,189.126,MW,NL,NL,actual_onshore_wind_generation,Wind Onshore | Actual Aggregated,2026-08-02T23:51:38Z
2026-08-02T23:49:28Z,2026-08-03T01:49:28+0200,65d3fff1-7125-472d-bbc3-1b240f9c8d5b,2026-07-08T07:15:00Z,2026-07-08T09:15:00+0200,0.0,MW,NL,NL,actual_onshore_wind_generation,Wind Onshore | Actual Consumption,2026-08-02T23:51:38Z
2026-08-02T23:49:28Z,2026-08-03T01:49:28+0200,65d3fff1-7125-472d-bbc3-1b240f9c8d5b,2026-07-08T07:30:00Z,2026-07-08T09:30:00+0200,180.61,MW,NL,NL,actual_onshore_wind_generation,Wind Onshore | Actual Aggregated,2026-08-02T23:51:38Z
2026-08-02T23:49:28Z,2026-08-03T01:49:28+0200,65d3fff1-7125-472d-bbc3-1b240f9c8d5b,2026-07-08T07:30:00Z,2026-07-08T09:30:00+0200,0.0,MW,NL,NL,actual_onshore_wind_generation,Wind Onshore | Actual Consumption,2026-08-02T23:51:38Z
2026-08-02T23:49:28Z,2026-08-03T01:49:28+0200,65d3fff1-7125-472d-bbc3-1b240f9c8d5b,2026-07-08T07:45:00Z,2026-07-08T09:45:00+0200,178.164,MW,NL,NL,actual_onshore_wind_generation,Wind Onshore | Actual Aggregated,2026-08-02T23:51:38Z
2026-08-02T23:49:28Z,2026-08-03T01:49:28+0200,65d3fff1-7125-472d-bbc3-1b240f9c8d5b,2026-07-08T07:45:00Z,2026-07-08T09:45:00+0200,0.0,MW,NL,NL,actual_onshore_wind_generation,Wind Onshore | Actual Consumption,2026-08-02T23:51:38Z
2026-08-02T23:49:28Z,2026-08-03T01:49:28+0200,65d3fff1-7125-472d-bbc3-1b240f9c8d5b,2026-07-08T08:00:00Z,2026-07-08T10:00:00+0200,156.69,MW,NL,NL,actual_onshore_wind_generation,Wind Onshore | Actual Aggregated,2026-08-02T23:51:38Z
2026-08-02T23:49:28Z,2026-08-03T01:49:28+0200,65d3fff1-7125-472d-bbc3-1b240f9c8d5b,2026-07-08T08:00:00Z,2026-07-08T10:00:00+0200,0.0,MW,NL,NL,actual_onshore_wind_generation,Wind Onshore | Actual Consumption,2026-08-02T23:51:38Z
2026-08-02T23:49:28Z,2026-08-03T01:49:28+0200,65d3fff1-7125-472d-bbc3-1b240f9c8d5b,2026-07-08T08:15:00Z,2026-07-08T10:15:00+0200,140.307,MW,NL,NL,actual_onshore_wind_generation,Wind Onshore | Actual Aggregated,2026-08-02T23:51:38Z
2026-08-02T23:49:28Z,2026-08-03T01:49:28+0200,65d3fff1-7125-472d-bbc3-1b240f9c8d5b,2026-07-08T08:15:00Z,2026-07-08T10:15:00+0200,0.0,MW,NL,NL,actual_onshore_wind_generation,Wind Onshore | Actual Consumption,2026-08-02T23:51:38Z
2026-08-02T23:49:28Z,2026-08-03T01:49:28+0200,65d3fff1-7125-472d-bbc3-1b240f9c8d5b,2026-07-08T08:30:00Z,2026-07-08T10:30:00+0200,133.69,MW,NL,NL,actual_onshore_wind_generation,Wind Onshore | Actual Aggregated,2026-08-02T23:51:38Z
2026-08-02T23:49:28Z,2026-08-03T01:49:28+0200,65d3fff1-7125-472d-bbc3-1b240f9c8d5b,2026-07-08T08:30:00Z,2026-07-08T10:30:00+0200,0.0,MW,NL,NL,actual_onshore_wind_generation,Wind Onshore | Actual Consumption,2026-08-02T23:51:38Z
2026-08-02T23:49:28Z,2026-08-03T01:49:28+0200,65d3fff1-7125-472d-bbc3-1b240f9c8d5b,2026-07-08T08:45:00Z,2026-07-08T10:45:00+0200,130.588,MW,NL,NL,actual_onshore_wind_generation,Wind Onshore | Actual Aggregated,2026-08-02T23:51:38Z
2026-08-02T23:49:28Z,2026-08-03T01:49:28+0200,65d3fff1-7125-472d-bbc3-1b240f9c8d5b,2026-07-08T08:45:00Z,2026-07-08T10:45:00+0200,0.0,MW,NL,NL,actual_onshore_wind_generation,Wind Onshore | Actual Consumption,2026-08-02T23:51:38Z
2026-08-02T23:49:28Z,2026-08-03T01:49:28+0200,65d3fff1-7125-472d-bbc3-1b240f9c8d5b,2026-07-08T09:00:00Z,2026-07-08T11:00:00+0200,141.39,MW,NL,NL,actual_onshore_wind_generation,Wind Onshore | Actual Aggregated,2026-08-02T23:51:38Z
2026-08-02T23:49:28Z,2026-08-03T01:49:28+0200,65d3fff1-7125-472d-bbc3-1b240f9c8d5b,2026-07-08T09:00:00Z,2026-07-08T11:00:00+0200,0.0,MW,NL,NL,actual_onshore_wind_generation,Wind Onshore | Actual Consumption,2026-08-02T23:51:38Z
2026-08-02T23:49:28Z,2026-08-03T01:49:28+0200,65d3fff1-7125-472d-bbc3-1b240f9c8d5b,2026-07-08T09:15:00Z,2026-07-08T11:15:00+0200,144.547,MW,NL,NL,actual_onshore_wind_generation,Wind Onshore | Actual Aggregated,2026-08-02T23:51:38Z
2026-08-02T23:49:28Z,2026-08-03T01:49:28+0200,65d3fff1-7125-472d-bbc3-1b240f9c8d5b,2026-07-08T09:15:00Z,2026-07-08T11:15:00+0200,0.0,MW,NL,NL,actual_onshore_wind_generation,Wind Onshore | Actual Consumption,2026-08-02T23:51:38Z
2026-08-02T23:49:28Z,2026-08-03T01:49:28+0200,65d3fff1-7125-472d-bbc3-1b240f9c8d5b,2026-07-08T09:30:00Z,2026-07-08T11:30:00+0200,171.144,MW,NL,NL,actual_onshore_wind_generation,Wind Onshore | Actual Aggregated,2026-08-02T23:51:38Z
2026-08-02T23:49:28Z,2026-08-03T01:49:28+0200,65d3fff1-7125-472d-bbc3-1b240f9c8d5b,2026-07-08T09:30:00Z,2026-07-08T11:30:00+0200,0.0,MW,NL,NL,actual_onshore_wind_generation,Wind Onshore | Actual Consumption,2026-08-02T23:51:38Z
2026-08-02T23:49:28Z,2026-08-03T01:49:28+0200,65d3fff1-7125-472d-bbc3-1b240f9c8d5b,2026-07-08T09:45:00Z,2026-07-08T11:45:00+0200,167.149,MW,NL,NL,actual_onshore_wind_generation,Wind Onshore | Actual Aggregated,2026-08-02T23:51:38Z
2026-08-02T23:49:28Z,2026-08-03T01:49:28+0200,65d3fff1-7125-472d-bbc3-1b240f9c8d5b,2026-07-08T09:45:00Z,2026-07-08T11:45:00+0200,0.0,MW,NL,NL,actual_onshore_wind_generation,Wind Onshore | Actual Consumption,2026-08-02T23:51:38Z
2026-08-02T23:49:28Z,2026-08-03T01:49:28+0200,65d3fff1-7125-472d-bbc3-1b240f9c8d5b,2026-07-08T10:00:00Z,2026-07-08T12:00:00+0200,161.136,MW,NL,NL,actual_onshore_wind_generation,Wind Onshore | Actual Aggregated,2026-08-02T23:51:38Z
2026-08-02T23:49:28Z,2026-08-03T01:49:28+0200,65d3fff1-7125-472d-bbc3-1b240f9c8d5b,2026-07-08T10:00:00Z,2026-07-08T12:00:00+0200,0.0,MW,NL,NL,actual_onshore_wind_generation,Wind Onshore | Actual Consumption,2026-08-02T23:51:38Z
2026-08-02T23:49:28Z,2026-08-03T01:49:28+0200,65d3fff1-7125-472d-bbc3-1b240f9c8d5b,2026-07-08T10:15:00Z,2026-07-08T12:15:00+0200,164.38,MW,NL,NL,actual_onshore_wind_generation,Wind Onshore | Actual Aggregated,2026-08-02T23:51:38Z
2026-08-02T23:49:28Z,2026-08-03T01:49:28+0200,65d3fff1-7125-472d-bbc3-1b240f9c8d5b,2026-07-08T10:15:00Z,2026-07-08T12:15:00+0200,0.0,MW,NL,NL,actual_onshore_wind_generation,Wind Onshore | Actual Consumption,2026-08-02T23:51:38Z
2026-08-02T23:49:28Z,2026-08-03T01:49:28+0200,65d3fff1-7125-472d-bbc3-1b240f9c8d5b,2026-07-08T10:30:00Z,2026-07-08T12:30:00+0200,167.271,MW,NL,NL,actual_onshore_wind_generation,Wind Onshore | Actual Aggregated,2026-08-02T23:51:38Z
2026-08-02T23:49:28Z,2026-08-03T01:49:28+0200,65d3fff1-7125-472d-bbc3-1b240f9c8d5b,2026-07-08T10:30:00Z,2026-07-08T12:30:00+0200,0.0,MW,NL,NL,actual_onshore_wind_generation,Wind Onshore | Actual Consumption,2026-08-02T23:51:38Z
2026-08-02T23:49:28Z,2026-08-03T01:49:28+0200,65d3fff1-7125-472d-bbc3-1b240f9c8d5b,2026-07-08T10:45:00Z,2026-07-08T12:45:00+0200,182.047,MW,NL,NL,actual_onshore_wind_generation,Wind Onshore | Actual Aggregated,2026-08-02T23:51:38Z
2026-08-02T23:49:28Z,2026-08-03T01:49:28+0200,65d3fff1-7125-472d-bbc3-1b240f9c8d5b,2026-07-08T10:45:00Z,2026-07-08T12:45:00+0200,0.0,MW,NL,NL,actual_onshore_wind_generation,Wind Onshore | Actual Consumption,2026-08-02T23:51:38Z
2026-08-02T23:49:28Z,2026-08-03T01:49:28+0200,65d3fff1-7125-472d-bbc3-1b240f9c8d5b,2026-07-08T11:00:00Z,2026-07-08T13:00:00+0200,180.727,MW,NL,NL,actual_onshore_wind_generation,Wind Onshore | Actual Aggregated,2026-08-02T23:51:38Z
2026-08-02T23:49:28Z,2026-08-03T01:49:28+0200,65d3fff1-7125-472d-bbc3-1b240f9c8d5b,2026-07-08T11:00:00Z,2026-07-08T13:00:00+0200,0.0,MW,NL,NL,actual_onshore_wind_generation,Wind Onshore | Actual Consumption,2026-08-02T23:51:38Z
2026-08-02T23:49:28Z,2026-08-03T01:49:28+0200,65d3fff1-7125-472d-bbc3-1b240f9c8d5b,2026-07-08T11:15:00Z,2026-07-08T13:15:00+0200,169.964,MW,NL,NL,actual_onshore_wind_generation,Wind Onshore | Actual Aggregated,2026-08-02T23:51:38Z
2026-08-02T23:49:28Z,2026-08-03T01:49:28+0200,65d3fff1-7125-472d-bbc3-1b240f9c8d5b,2026-07-08T11:15:00Z,2026-07-08T13:15:00+0200,0.0,MW,NL,NL,actual_onshore_wind_generation,Wind Onshore | Actual Consumption,2026-08-02T23:51:38Z
2026-08-02T23:49:28Z,2026-08-03T01:49:28+0200,65d3fff1-7125-472d-bbc3-1b240f9c8d5b,2026-07-08T11:30:00Z,2026-07-08T13:30:00+0200,155.308,MW,NL,NL,actual_onshore_wind_generation,Wind Onshore | Actual Aggregated,2026-08-02T23:51:38Z
2026-08-02T23:49:28Z,2026-08-03T01:49:28+0200,65d3fff1-7125-472d-bbc3-1b240f9c8d5b,2026-07-08T11:30:00Z,2026-07-08T13:30:00+0200,0.0,MW,NL,NL,actual_onshore_wind_generation,Wind Onshore | Actual Consumption,2026-08-02T23:51:38Z
2026-08-02T23:49:28Z,2026-08-03T01:49:28+0200,65d3fff1-7125-472d-bbc3-1b240f9c8d5b,2026-07-08T11:45:00Z,2026-07-08T13:45:00+0200,126.069,MW,NL,NL,actual_onshore_wind_generation,Wind Onshore | Actual Aggregated,2026-08-02T23:51:38Z
2026-08-02T23:49:28Z,2026-08-03T01:49:28+0200,65d3fff1-7125-472d-bbc3-1b240f9c8d5b,2026-07-08T11:45:00Z,2026-07-08T13:45:00+0200,0.0,MW,NL,NL,actual_onshore_wind_generation,Wind Onshore | Actual Consumption,2026-08-02T23:51:38Z
2026-08-02T23:49:28Z,2026-08-03T01:49:28+0200,65d3fff1-7125-472d-bbc3-1b240f9c8d5b,2026-07-08T12:00:00Z,2026-07-08T14:00:00+0200,116.269,MW,NL,NL,actual_onshore_wind_generation,Wind Onshore | Actual Aggregated,2026-08-02T23:51:38Z
2026-08-02T23:49:28Z,2026-08-03T01:49:28+0200,65d3fff1-7125-472d-bbc3-1b240f9c8d5b,2026-07-08T12:00:00Z,2026-07-08T14:00:00+0200,0.0,MW,NL,NL,actual_onshore_wind_generation,Wind Onshore | Actual Consumption,2026-08-02T23:51:38Z
2026-08-02T23:49:28Z,2026-08-03T01:49:28+0200,65d3fff1-7125-472d-bbc3-1b240f9c8d5b,2026-07-08T12:15:00Z,2026-07-08T14:15:00+0200,100.332,MW,NL,NL,actual_onshore_wind_generation,Wind Onshore | Actual Aggregated,2026-08-02T23:51:38Z
2026-08-02T23:49:28Z,2026-08-03T01:49:28+0200,65d3fff1-7125-472d-bbc3-1b240f9c8d5b,2026-07-08T12:15:00Z,2026-07-08T14:15:00+0200,0.0,MW,NL,NL,actual_onshore_wind_generation,Wind Onshore | Actual Consumption,2026-08-02T23:51:38Z
2026-08-02T23:49:28Z,2026-08-03T01:49:28+0200,65d3fff1-7125-472d-bbc3-1b240f9c8d5b,2026-07-08T12:30:00Z,2026-07-08T14:30:00+0200,98.288,MW,NL,NL,actual_onshore_wind_generation,Wind Onshore | Actual Aggregated,2026-08-02T23:51:38Z
2026-08-02T23:49:28Z,2026-08-03T01:49:28+0200,65d3fff1-7125-472d-bbc3-1b240f9c8d5b,2026-07-08T12:30:00Z,2026-07-08T14:30:00+0200,0.0,MW,NL,NL,actual_onshore_wind_generation,Wind Onshore | Actual Consumption,2026-08-02T23:51:38Z
2026-08-02T23:49:28Z,2026-08-03T01:49:28+0200,65d3fff1-7125-472d-bbc3-1b240f9c8d5b,2026-07-08T12:45:00Z,2026-07-08T14:45:00+0200,91.771,MW,NL,NL,actual_onshore_wind_generation,Wind Onshore | Actual Aggregated,2026-08-02T23:51:38Z
2026-08-02T23:49:28Z,2026-08-03T01:49:28+0200,65d3fff1-7125-472d-bbc3-1b240f9c8d5b,2026-07-08T12:45:00Z,2026-07-08T14:45:00+0200,0.0,MW,NL,NL,actual_onshore_wind_generation,Wind Onshore | Actual Consumption,2026-08-02T23:51:38Z
2026-08-02T23:49:28Z,2026-08-03T01:49:28+0200,65d3fff1-7125-472d-bbc3-1b240f9c8d5b,2026-07-08T13:00:00Z,2026-07-08T15:00:00+0200,85.013,MW,NL,NL,actual_onshore_wind_generation,Wind Onshore | Actual Aggregated,2026-08-02T23:51:38Z
2026-08-02T23:49:28Z,2026-08-03T01:49:28+0200,65d3fff1-7125-472d-bbc3-1b240f9c8d5b,2026-07-08T13:00:00Z,2026-07-08T15:00:00+0200,0.0,MW,NL,NL,actual_onshore_wind_generation,Wind Onshore | Actual Consumption,2026-08-02T23:51:38Z
2026-08-02T23:49:28Z,2026-08-03T01:49:28+0200,65d3fff1-7125-472d-bbc3-1b240f9c8d5b,2026-07-08T13:15:00Z,2026-07-08T15:15:00+0200,84.024,MW,NL,NL,actual_onshore_wind_generation,Wind Onshore | Actual Aggregated,2026-08-02T23:51:38Z
2026-08-02T23:49:28Z,2026-08-03T01:49:28+0200,65d3fff1-7125-472d-bbc3-1b240f9c8d5b,2026-07-08T13:15:00Z,2026-07-08T15:15:00+0200,0.0,MW,NL,NL,actual_onshore_wind_generation,Wind Onshore | Actual Consumption,2026-08-02T23:51:38Z
2026-08-02T23:49:28Z,2026-08-03T01:49:28+0200,65d3fff1-7125-472d-bbc3-1b240f9c8d5b,2026-07-08T13:30:00Z,2026-07-08T15:30:00+0200,90.788,MW,NL,NL,actual_onshore_wind_generation,Wind Onshore | Actual Aggregated,2026-08-02T23:51:38Z
2026-08-02T23:49:28Z,2026-08-03T01:49:28+0200,65d3fff1-7125-472d-bbc3-1b240f9c8d5b,2026-07-08T13:30:00Z,2026-07-08T15:30:00+0200,0.0,MW,NL,NL,actual_onshore_wind_generation,Wind Onshore | Actual Consumption,2026-08-02T23:51:38Z
2026-08-02T23:49:28Z,2026-08-03T01:49:28+0200,65d3fff1-7125-472d-bbc3-1b240f9c8d5b,2026-07-08T13:45:00Z,2026-07-08T15:45:00+0200,116.413,MW,NL,NL,actual_onshore_wind_generation,Wind Onshore | Actual Aggregated,2026-08-02T23:51:38Z
2026-08-02T23:49:28Z,2026-08-03T01:49:28+0200,65d3fff1-7125-472d-bbc3-1b240f9c8d5b,2026-07-08T13:45:00Z,2026-07-08T15:45:00+0200,0.0,MW,NL,NL,actual_onshore_wind_generation,Wind Onshore | Actual Consumption,2026-08-02T23:51:38Z
2026-08-02T23:49:28Z,2026-08-03T01:49:28+0200,65d3fff1-7125-472d-bbc3-1b240f9c8d5b,2026-07-08T14:00:00Z,2026-07-08T16:00:00+0200,134.891,MW,NL,NL,actual_onshore_wind_generation,Wind Onshore | Actual Aggregated,2026-08-02T23:51:38Z
2026-08-02T23:49:28Z,2026-08-03T01:49:28+0200,65d3fff1-7125-472d-bbc3-1b240f9c8d5b,2026-07-08T14:00:00Z,2026-07-08T16:00:00+0200,0.0,MW,NL,NL,actual_onshore_wind_generation,Wind Onshore | Actual Consumption,2026-08-02T23:51:38Z
2026-08-02T23:49:28Z,2026-08-03T01:49:28+0200,65d3fff1-7125-472d-bbc3-1b240f9c8d5b,2026-07-08T14:15:00Z,2026-07-08T16:15:00+0200,134.791,MW,NL,NL,actual_onshore_wind_generation,Wind Onshore | Actual Aggregated,2026-08-02T23:51:38Z
2026-08-02T23:49:28Z,2026-08-03T01:49:28+0200,65d3fff1-7125-472d-bbc3-1b240f9c8d5b,2026-07-08T14:15:00Z,2026-07-08T16:15:00+0200,0.0,MW,NL,NL,actual_onshore_wind_generation,Wind Onshore | Actual Consumption,2026-08-02T23:51:38Z
2026-08-02T23:49:28Z,2026-08-03T01:49:28+0200,65d3fff1-7125-472d-bbc3-1b240f9c8d5b,2026-07-08T14:30:00Z,2026-07-08T16:30:00+0200,138.736,MW,NL,NL,actual_onshore_wind_generation,Wind Onshore | Actual Aggregated,2026-08-02T23:51:38Z
2026-08-02T23:49:28Z,2026-08-03T01:49:28+0200,65d3fff1-7125-472d-bbc3-1b240f9c8d5b,2026-07-08T14:30:00Z,2026-07-08T16:30:00+0200,0.0,MW,NL,NL,actual_onshore_wind_generation,Wind Onshore | Actual Consumption,2026-08-02T23:51:38Z
2026-08-02T23:49:28Z,2026-08-03T01:49:28+0200,65d3fff1-7125-472d-bbc3-1b240f9c8d5b,2026-07-08T14:45:00Z,2026-07-08T16:45:00+0200,140.432,MW,NL,NL,actual_onshore_wind_generation,Wind Onshore | Actual Aggregated,2026-08-02T23:51:38Z
2026-08-02T23:49:28Z,2026-08-03T01:49:28+0200,65d3fff1-7125-472d-bbc3-1b240f9c8d5b,2026-07-08T14:45:00Z,2026-07-08T16:45:00+0200,0.0,MW,NL,NL,actual_onshore_wind_generation,Wind Onshore | Actual Consumption,2026-08-02T23:51:38Z
2026-08-02T23:49:28Z,2026-08-03T01:49:28+0200,65d3fff1-7125-472d-bbc3-1b240f9c8d5b,2026-07-08T15:00:00Z,2026-07-08T17:00:00+0200,120.726,MW,NL,NL,actual_onshore_wind_generation,Wind Onshore | Actual Aggregated,2026-08-02T23:51:38Z
2026-08-02T23:49:28Z,2026-08-03T01:49:28+0200,65d3fff1-7125-472d-bbc3-1b240f9c8d5b,2026-07-08T15:00:00Z,2026-07-08T17:00:00+0200,0.0,MW,NL,NL,actual_onshore_wind_generation,Wind Onshore | Actual Consumption,2026-08-02T23:51:38Z
2026-08-02T23:49:28Z,2026-08-03T01:49:28+0200,65d3fff1-7125-472d-bbc3-1b240f9c8d5b,2026-07-08T15:15:00Z,2026-07-08T17:15:00+0200,113.22,MW,NL,NL,actual_onshore_wind_generation,Wind Onshore | Actual Aggregated,2026-08-02T23:51:38Z
2026-08-02T23:49:28Z,2026-08-03T01:49:28+0200,65d3fff1-7125-472d-bbc3-1b240f9c8d5b,2026-07-08T15:15:00Z,2026-07-08T17:15:00+0200,0.0,MW,NL,NL,actual_onshore_wind_generation,Wind Onshore | Actual Consumption,2026-08-02T23:51:38Z
2026-08-02T23:49:28Z,2026-08-03T01:49:28+0200,65d3fff1-7125-472d-bbc3-1b240f9c8d5b,2026-07-08T15:30:00Z,2026-07-08T17:30:00+0200,122.974,MW,NL,NL,actual_onshore_wind_generation,Wind Onshore | Actual Aggregated,2026-08-02T23:51:38Z
2026-08-02T23:49:28Z,2026-08-03T01:49:28+0200,65d3fff1-7125-472d-bbc3-1b240f9c8d5b,2026-07-08T15:30:00Z,2026-07-08T17:30:00+0200,0.0,MW,NL,NL,actual_onshore_wind_generation,Wind Onshore | Actual Consumption,2026-08-02T23:51:38Z
2026-08-02T23:49:28Z,2026-08-03T01:49:28+0200,65d3fff1-7125-472d-bbc3-1b240f9c8d5b,2026-07-08T15:45:00Z,2026-07-08T17:45:00+0200,115.67,MW,NL,NL,actual_onshore_wind_generation,Wind Onshore | Actual Aggregated,2026-08-02T23:51:38Z
2026-08-02T23:49:28Z,2026-08-03T01:49:28+0200,65d3fff1-7125-472d-bbc3-1b240f9c8d5b,2026-07-08T15:45:00Z,2026-07-08T17:45:00+0200,0.0,MW,NL,NL,actual_onshore_wind_generation,Wind Onshore | Actual Consumption,2026-08-02T23:51:38Z
2026-08-02T23:49:28Z,2026-08-03T01:49:28+0200,65d3fff1-7125-472d-bbc3-1b240f9c8d5b,2026-07-08T16:00:00Z,2026-07-08T18:00:00+0200,122.903,MW,NL,NL,actual_onshore_wind_generation,Wind Onshore | Actual Aggregated,2026-08-02T23:51:38Z
2026-08-02T23:49:28Z,2026-08-03T01:49:28+0200,65d3fff1-7125-472d-bbc3-1b240f9c8d5b,2026-07-08T16:00:00Z,2026-07-08T18:00:00+0200,0.0,MW,NL,NL,actual_onshore_wind_generation,Wind Onshore | Actual Consumption,2026-08-02T23:51:38Z
2026-08-02T23:49:28Z,2026-08-03T01:49:28+0200,65d3fff1-7125-472d-bbc3-1b240f9c8d5b,2026-07-08T16:15:00Z,2026-07-08T18:15:00+0200,134.883,MW,NL,NL,actual_onshore_wind_generation,Wind Onshore | Actual Aggregated,2026-08-02T23:51:38Z
2026-08-02T23:49:28Z,2026-08-03T01:49:28+0200,65d3fff1-7125-472d-bbc3-1b240f9c8d5b,2026-07-08T16:15:00Z,2026-07-08T18:15:00+0200,0.0,MW,NL,NL,actual_onshore_wind_generation,Wind Onshore | Actual Consumption,2026-08-02T23:51:38Z
2026-08-02T23:49:28Z,2026-08-03T01:49:28+0200,65d3fff1-7125-472d-bbc3-1b240f9c8d5b,2026-07-08T16:30:00Z,2026-07-08T18:30:00+0200,143.092,MW,NL,NL,actual_onshore_wind_generation,Wind Onshore | Actual Aggregated,2026-08-02T23:51:38Z
2026-08-02T23:49:28Z,2026-08-03T01:49:28+0200,65d3fff1-7125-472d-bbc3-1b240f9c8d5b,2026-07-08T16:30:00Z,2026-07-08T18:30:00+0200,0.0,MW,NL,NL,actual_onshore_wind_generation,Wind Onshore | Actual Consumption,2026-08-02T23:51:38Z
2026-08-02T23:49:28Z,2026-08-03T01:49:28+0200,65d3fff1-7125-472d-bbc3-1b240f9c8d5b,2026-07-08T16:45:00Z,2026-07-08T18:45:00+0200,151.064,MW,NL,NL,actual_onshore_wind_generation,Wind Onshore | Actual Aggregated,2026-08-02T23:51:38Z
2026-08-02T23:49:28Z,2026-08-03T01:49:28+0200,65d3fff1-7125-472d-bbc3-1b240f9c8d5b,2026-07-08T16:45:00Z,2026-07-08T18:45:00+0200,0.0,MW,NL,NL,actual_onshore_wind_generation,Wind Onshore | Actual Consumption,2026-08-02T23:51:38Z
2026-08-02T23:49:28Z,2026-08-03T01:49:28+0200,65d3fff1-7125-472d-bbc3-1b240f9c8d5b,2026-07-08T17:00:00Z,2026-07-08T19:00:00+0200,151.754,MW,NL,NL,actual_onshore_wind_generation,Wind Onshore | Actual Aggregated,2026-08-02T23:51:38Z
2026-08-02T23:49:28Z,2026-08-03T01:49:28+0200,65d3fff1-7125-472d-bbc3-1b240f9c8d5b,2026-07-08T17:00:00Z,2026-07-08T19:00:00+0200,0.0,MW,NL,NL,actual_onshore_wind_generation,Wind Onshore | Actual Consumption,2026-08-02T23:51:38Z
2026-08-02T23:49:28Z,2026-08-03T01:49:28+0200,65d3fff1-7125-472d-bbc3-1b240f9c8d5b,2026-07-08T17:15:00Z,2026-07-08T19:15:00+0200,148.306,MW,NL,NL,actual_onshore_wind_generation,Wind Onshore | Actual Aggregated,2026-08-02T23:51:38Z
2026-08-02T23:49:28Z,2026-08-03T01:49:28+0200,65d3fff1-7125-472d-bbc3-1b240f9c8d5b,2026-07-08T17:15:00Z,2026-07-08T19:15:00+0200,0.282,MW,NL,NL,actual_onshore_wind_generation,Wind Onshore | Actual Consumption,2026-08-02T23:51:38Z
2026-08-02T23:49:28Z,2026-08-03T01:49:28+0200,65d3fff1-7125-472d-bbc3-1b240f9c8d5b,2026-07-08T17:30:00Z,2026-07-08T19:30:00+0200,141.206,MW,NL,NL,actual_onshore_wind_generation,Wind Onshore | Actual Aggregated,2026-08-02T23:51:38Z
2026-08-02T23:49:28Z,2026-08-03T01:49:28+0200,65d3fff1-7125-472d-bbc3-1b240f9c8d5b,2026-07-08T17:30:00Z,2026-07-08T19:30:00+0200,0.0,MW,NL,NL,actual_onshore_wind_generation,Wind Onshore | Actual Consumption,2026-08-02T23:51:38Z
2026-08-02T23:49:28Z,2026-08-03T01:49:28+0200,65d3fff1-7125-472d-bbc3-1b240f9c8d5b,2026-07-08T17:45:00Z,2026-07-08T19:45:00+0200,133.513,MW,NL,NL,actual_onshore_wind_generation,Wind Onshore | Actual Aggregated,2026-08-02T23:51:38Z
2026-08-02T23:49:28Z,2026-08-03T01:49:28+0200,65d3fff1-7125-472d-bbc3-1b240f9c8d5b,2026-07-08T17:45:00Z,2026-07-08T19:45:00+0200,0.0,MW,NL,NL,actual_onshore_wind_generation,Wind Onshore | Actual Consumption,2026-08-02T23:51:38Z
2026-08-02T23:49:28Z,2026-08-03T01:49:28+0200,65d3fff1-7125-472d-bbc3-1b240f9c8d5b,2026-07-08T18:00:00Z,2026-07-08T20:00:00+0200,120.682,MW,NL,NL,actual_onshore_wind_generation,Wind Onshore | Actual Aggregated,2026-08-02T23:51:38Z
2026-08-02T23:49:28Z,2026-08-03T01:49:28+0200,65d3fff1-7125-472d-bbc3-1b240f9c8d5b,2026-07-08T18:00:00Z,2026-07-08T20:00:00+0200,0.373,MW,NL,NL,actual_onshore_wind_generation,Wind Onshore | Actual Consumption,2026-08-02T23:51:38Z
2026-08-02T23:49:28Z,2026-08-03T01:49:28+0200,65d3fff1-7125-472d-bbc3-1b240f9c8d5b,2026-07-08T18:15:00Z,2026-07-08T20:15:00+0200,102.542,MW,NL,NL,actual_onshore_wind_generation,Wind Onshore | Actual Aggregated,2026-08-02T23:51:38Z
2026-08-02T23:49:28Z,2026-08-03T01:49:28+0200,65d3fff1-7125-472d-bbc3-1b240f9c8d5b,2026-07-08T18:15:00Z,2026-07-08T20:15:00+0200,0.0,MW,NL,NL,actual_onshore_wind_generation,Wind Onshore | Actual Consumption,2026-08-02T23:51:38Z
2026-08-02T23:49:28Z,2026-08-03T01:49:28+0200,65d3fff1-7125-472d-bbc3-1b240f9c8d5b,2026-07-08T18:30:00Z,2026-07-08T20:30:00+0200,87.815,MW,NL,NL,actual_onshore_wind_generation,Wind Onshore | Actual Aggregated,2026-08-02T23:51:38Z
2026-08-02T23:49:28Z,2026-08-03T01:49:28+0200,65d3fff1-7125-472d-bbc3-1b240f9c8d5b,2026-07-08T18:30:00Z,2026-07-08T20:30:00+0200,0.0,MW,NL,NL,actual_onshore_wind_generation,Wind Onshore | Actual Consumption,2026-08-02T23:51:38Z
2026-08-02T23:49:28Z,2026-08-03T01:49:28+0200,65d3fff1-7125-472d-bbc3-1b240f9c8d5b,2026-07-08T18:45:00Z,2026-07-08T20:45:00+0200,92.13,MW,NL,NL,actual_onshore_wind_generation,Wind Onshore | Actual Aggregated,2026-08-02T23:51:38Z
2026-08-02T23:49:28Z,2026-08-03T01:49:28+0200,65d3fff1-7125-472d-bbc3-1b240f9c8d5b,2026-07-08T18:45:00Z,2026-07-08T20:45:00+0200,0.0,MW,NL,NL,actual_onshore_wind_generation,Wind Onshore | Actual Consumption,2026-08-02T23:51:38Z
2026-08-02T23:49:28Z,2026-08-03T01:49:28+0200,65d3fff1-7125-472d-bbc3-1b240f9c8d5b,2026-07-08T19:00:00Z,2026-07-08T21:00:00+0200,91.017,MW,NL,NL,actual_onshore_wind_generation,Wind Onshore | Actual Aggregated,2026-08-02T23:51:38Z
2026-08-02T23:49:28Z,2026-08-03T01:49:28+0200,65d3fff1-7125-472d-bbc3-1b240f9c8d5b,2026-07-08T19:00:00Z,2026-07-08T21:00:00+0200,0.0,MW,NL,NL,actual_onshore_wind_generation,Wind Onshore | Actual Consumption,2026-08-02T23:51:38Z
2026-08-02T23:49:28Z,2026-08-03T01:49:28+0200,65d3fff1-7125-472d-bbc3-1b240f9c8d5b,2026-07-08T19:15:00Z,2026-07-08T21:15:00+0200,79.684,MW,NL,NL,actual_onshore_wind_generation,Wind Onshore | Actual Aggregated,2026-08-02T23:51:38Z
2026-08-02T23:49:28Z,2026-08-03T01:49:28+0200,65d3fff1-7125-472d-bbc3-1b240f9c8d5b,2026-07-08T19:15:00Z,2026-07-08T21:15:00+0200,0.0,MW,NL,NL,actual_onshore_wind_generation,Wind Onshore | Actual Consumption,2026-08-02T23:51:38Z
2026-08-02T23:49:28Z,2026-08-03T01:49:28+0200,65d3fff1-7125-472d-bbc3-1b240f9c8d5b,2026-07-08T19:30:00Z,2026-07-08T21:30:00+0200,76.027,MW,NL,NL,actual_onshore_wind_generation,Wind Onshore | Actual Aggregated,2026-08-02T23:51:38Z
2026-08-02T23:49:28Z,2026-08-03T01:49:28+0200,65d3fff1-7125-472d-bbc3-1b240f9c8d5b,2026-07-08T19:30:00Z,2026-07-08T21:30:00+0200,0.0,MW,NL,NL,actual_onshore_wind_generation,Wind Onshore | Actual Consumption,2026-08-02T23:51:38Z
2026-08-02T23:49:28Z,2026-08-03T01:49:28+0200,65d3fff1-7125-472d-bbc3-1b240f9c8d5b,2026-07-08T19:45:00Z,2026-07-08T21:45:00+0200,82.114,MW,NL,NL,actual_onshore_wind_generation,Wind Onshore | Actual Aggregated,2026-08-02T23:51:38Z
2026-08-02T23:49:28Z,2026-08-03T01:49:28+0200,65d3fff1-7125-472d-bbc3-1b240f9c8d5b,2026-07-08T19:45:00Z,2026-07-08T21:45:00+0200,0.059,MW,NL,NL,actual_onshore_wind_generation,Wind Onshore | Actual Consumption,2026-08-02T23:51:38Z
2026-08-02T23:49:28Z,2026-08-03T01:49:28+0200,65d3fff1-7125-472d-bbc3-1b240f9c8d5b,2026-07-08T20:00:00Z,2026-07-08T22:00:00+0200,77.699,MW,NL,NL,actual_onshore_wind_generation,Wind Onshore | Actual Aggregated,2026-08-02T23:51:38Z
2026-08-02T23:49:28Z,2026-08-03T01:49:28+0200,65d3fff1-7125-472d-bbc3-1b240f9c8d5b,2026-07-08T20:00:00Z,2026-07-08T22:00:00+0200,0.306,MW,NL,NL,actual_onshore_wind_generation,Wind Onshore | Actual Consumption,2026-08-02T23:51:38Z
2026-08-02T23:49:28Z,2026-08-03T01:49:28+0200,65d3fff1-7125-472d-bbc3-1b240f9c8d5b,2026-07-08T20:15:00Z,2026-07-08T22:15:00+0200,69.304,MW,NL,NL,actual_onshore_wind_generation,Wind Onshore | Actual Aggregated,2026-08-02T23:51:38Z
2026-08-02T23:49:28Z,2026-08-03T01:49:28+0200,65d3fff1-7125-472d-bbc3-1b240f9c8d5b,2026-07-08T20:15:00Z,2026-07-08T22:15:00+0200,0.374,MW,NL,NL,actual_onshore_wind_generation,Wind Onshore | Actual Consumption,2026-08-02T23:51:38Z
2026-08-02T23:49:28Z,2026-08-03T01:49:28+0200,65d3fff1-7125-472d-bbc3-1b240f9c8d5b,2026-07-08T20:30:00Z,2026-07-08T22:30:00+0200,53.9,MW,NL,NL,actual_onshore_wind_generation,Wind Onshore | Actual Aggregated,2026-08-02T23:51:38Z
2026-08-02T23:49:28Z,2026-08-03T01:49:28+0200,65d3fff1-7125-472d-bbc3-1b240f9c8d5b,2026-07-08T20:30:00Z,2026-07-08T22:30:00+0200,0.357,MW,NL,NL,actual_onshore_wind_generation,Wind Onshore | Actual Consumption,2026-08-02T23:51:38Z
2026-08-02T23:49:28Z,2026-08-03T01:49:28+0200,65d3fff1-7125-472d-bbc3-1b240f9c8d5b,2026-07-08T20:45:00Z,2026-07-08T22:45:00+0200,53.383,MW,NL,NL,actual_onshore_wind_generation,Wind Onshore | Actual Aggregated,2026-08-02T23:51:38Z
2026-08-02T23:49:28Z,2026-08-03T01:49:28+0200,65d3fff1-7125-472d-bbc3-1b240f9c8d5b,2026-07-08T20:45:00Z,2026-07-08T22:45:00+0200,0.39,MW,NL,NL,actual_onshore_wind_generation,Wind Onshore | Actual Consumption,2026-08-02T23:51:38Z
2026-08-02T23:49:28Z,2026-08-03T01:49:28+0200,65d3fff1-7125-472d-bbc3-1b240f9c8d5b,2026-07-08T21:00:00Z,2026-07-08T23:00:00+0200,54.221,MW,NL,NL,actual_onshore_wind_generation,Wind Onshore | Actual Aggregated,2026-08-02T23:51:38Z
2026-08-02T23:49:28Z,2026-08-03T01:49:28+0200,65d3fff1-7125-472d-bbc3-1b240f9c8d5b,2026-07-08T21:00:00Z,2026-07-08T23:00:00+0200,0.203,MW,NL,NL,actual_onshore_wind_generation,Wind Onshore | Actual Consumption,2026-08-02T23:51:38Z
2026-08-02T23:49:28Z,2026-08-03T01:49:28+0200,65d3fff1-7125-472d-bbc3-1b240f9c8d5b,2026-07-08T21:15:00Z,2026-07-08T23:15:00+0200,65.596,MW,NL,NL,actual_onshore_wind_generation,Wind Onshore | Actual Aggregated,2026-08-02T23:51:38Z
2026-08-02T23:49:28Z,2026-08-03T01:49:28+0200,65d3fff1-7125-472d-bbc3-1b240f9c8d5b,2026-07-08T21:15:00Z,2026-07-08T23:15:00+0200,0.266,MW,NL,NL,actual_onshore_wind_generation,Wind Onshore | Actual Consumption,2026-08-02T23:51:38Z
2026-08-02T23:49:28Z,2026-08-03T01:49:28+0200,65d3fff1-7125-472d-bbc3-1b240f9c8d5b,2026-07-08T21:30:00Z,2026-07-08T23:30:00+0200,60.511,MW,NL,NL,actual_onshore_wind_generation,Wind Onshore | Actual Aggregated,2026-08-02T23:51:38Z
2026-08-02T23:49:28Z,2026-08-03T01:49:28+0200,65d3fff1-7125-472d-bbc3-1b240f9c8d5b,2026-07-08T21:30:00Z,2026-07-08T23:30:00+0200,0.082,MW,NL,NL,actual_onshore_wind_generation,Wind Onshore | Actual Consumption,2026-08-02T23:51:38Z
2026-08-02T23:49:28Z,2026-08-03T01:49:28+0200,65d3fff1-7125-472d-bbc3-1b240f9c8d5b,2026-07-08T21:45:00Z,2026-07-08T23:45:00+0200,61.521,MW,NL,NL,actual_onshore_wind_generation,Wind Onshore | Actual Aggregated,2026-08-02T23:51:38Z
2026-08-02T23:49:28Z,2026-08-03T01:49:28+0200,65d3fff1-7125-472d-bbc3-1b240f9c8d5b,2026-07-08T21:45:00Z,2026-07-08T23:45:00+0200,0.092,MW,NL,NL,actual_onshore_wind_generation,Wind Onshore | Actual Consumption,2026-08-02T23:51:38Z
2026-08-02T23:49:28Z,2026-08-03T01:49:28+0200,65d3fff1-7125-472d-bbc3-1b240f9c8d5b,2026-07-08T22:00:00Z,2026-07-09T00:00:00+0200,50.532,MW,NL,NL,actual_onshore_wind_generation,Wind Onshore | Actual Aggregated,2026-08-02T23:51:38Z
2026-08-02T23:49:28Z,2026-08-03T01:49:28+0200,65d3fff1-7125-472d-bbc3-1b240f9c8d5b,2026-07-08T22:00:00Z,2026-07-09T00:00:00+0200,0.0,MW,NL,NL,actual_onshore_wind_generation,Wind Onshore | Actual Consumption,2026-08-02T23:51:38Z
2026-08-02T23:49:28Z,2026-08-03T01:49:28+0200,65d3fff1-7125-472d-bbc3-1b240f9c8d5b,2026-07-08T22:15:00Z,2026-07-09T00:15:00+0200,41.706,MW,NL,NL,actual_onshore_wind_generation,Wind Onshore | Actual Aggregated,2026-08-02T23:51:38Z
2026-08-02T23:49:28Z,2026-08-03T01:49:28+0200,65d3fff1-7125-472d-bbc3-1b240f9c8d5b,2026-07-08T22:15:00Z,2026-07-09T00:15:00+0200,0.005,MW,NL,NL,actual_onshore_wind_generation,Wind Onshore | Actual Consumption,2026-08-02T23:51:38Z
2026-08-02T23:49:28Z,2026-08-03T01:49:28+0200,65d3fff1-7125-472d-bbc3-1b240f9c8d5b,2026-07-08T22:30:00Z,2026-07-09T00:30:00+0200,38.128,MW,NL,NL,actual_onshore_wind_generation,Wind Onshore | Actual Aggregated,2026-08-02T23:51:38Z
2026-08-02T23:49:28Z,2026-08-03T01:49:28+0200,65d3fff1-7125-472d-bbc3-1b240f9c8d5b,2026-07-08T22:30:00Z,2026-07-09T00:30:00+0200,0.535,MW,NL,NL,actual_onshore_wind_generation,Wind Onshore | Actual Consumption,2026-08-02T23:51:38Z
2026-08-02T23:49:28Z,2026-08-03T01:49:28+0200,65d3fff1-7125-472d-bbc3-1b240f9c8d5b,2026-07-08T22:45:00Z,2026-07-09T00:45:00+0200,30.177,MW,NL,NL,actual_onshore_wind_generation,Wind Onshore | Actual Aggregated,2026-08-02T23:51:38Z
2026-08-02T23:49:28Z,2026-08-03T01:49:28+0200,65d3fff1-7125-472d-bbc3-1b240f9c8d5b,2026-07-08T22:45:00Z,2026-07-09T00:45:00+0200,1.127,MW,NL,NL,actual_onshore_wind_generation,Wind Onshore | Actual Consumption,2026-08-02T23:51:38Z
2026-08-02T23:49:28Z,2026-08-03T01:49:28+0200,65d3fff1-7125-472d-bbc3-1b240f9c8d5b,2026-07-08T23:00:00Z,2026-07-09T01:00:00+0200,31.096,MW,NL,NL,actual_onshore_wind_generation,Wind Onshore | Actual Aggregated,2026-08-02T23:51:38Z
2026-08-02T23:49:28Z,2026-08-03T01:49:28+0200,65d3fff1-7125-472d-bbc3-1b240f9c8d5b,2026-07-08T23:00:00Z,2026-07-09T01:00:00+0200,2.269,MW,NL,NL,actual_onshore_wind_generation,Wind Onshore | Actual Consumption,2026-08-02T23:51:38Z
2026-08-02T23:49:28Z,2026-08-03T01:49:28+0200,65d3fff1-7125-472d-bbc3-1b240f9c8d5b,2026-07-08T23:15:00Z,2026-07-09T01:15:00+0200,32.479,MW,NL,NL,actual_onshore_wind_generation,Wind Onshore | Actual Aggregated,2026-08-02T23:51:38Z
2026-08-02T23:49:28Z,2026-08-03T01:49:28+0200,65d3fff1-7125-472d-bbc3-1b240f9c8d5b,2026-07-08T23:15:00Z,2026-07-09T01:15:00+0200,2.753,MW,NL,NL,actual_onshore_wind_generation,Wind Onshore | Actual Consumption,2026-08-02T23:51:38Z
2026-08-02T23:49:28Z,2026-08-03T01:49:28+0200,65d3fff1-7125-472d-bbc3-1b240f9c8d5b,2026-07-08T23:30:00Z,2026-07-09T01:30:00+0200,40.212,MW,NL,NL,actual_onshore_wind_generation,Wind Onshore | Actual Aggregated,2026-08-02T23:51:38Z
2026-08-02T23:49:28Z,2026-08-03T01:49:28+0200,65d3fff1-7125-472d-bbc3-1b240f9c8d5b,2026-07-08T23:30:00Z,2026-07-09T01:30:00+0200,3.495,MW,NL,NL,actual_onshore_wind_generation,Wind Onshore | Actual Consumption,2026-08-02T23:51:38Z
2026-08-02T23:49:28Z,2026-08-03T01:49:28+0200,65d3fff1-7125-472d-bbc3-1b240f9c8d5b,2026-07-08T23:45:00Z,2026-07-09T01:45:00+0200,42.095,MW,NL,NL,actual_onshore_wind_generation,Wind Onshore | Actual Aggregated,2026-08-02T23:51:38Z
2026-08-02T23:49:28Z,2026-08-03T01:49:28+0200,65d3fff1-7125-472d-bbc3-1b240f9c8d5b,2026-07-08T23:45:00Z,2026-07-09T01:45:00+0200,3.314,MW,NL,NL,actual_onshore_wind_generation,Wind Onshore | Actual Consumption,2026-08-02T23:51:38Z
2026-08-02T23:49:28Z,2026-08-03T01:49:28+0200,65d3fff1-7125-472d-bbc3-1b240f9c8d5b,2026-07-09T00:00:00Z,2026-07-09T02:00:00+0200,35.032,MW,NL,NL,actual_onshore_wind_generation,Wind Onshore | Actual Aggregated,2026-08-02T23:51:38Z
2026-08-02T23:49:28Z,2026-08-03T01:49:28+0200,65d3fff1-7125-472d-bbc3-1b240f9c8d5b,2026-07-09T00:00:00Z,2026-07-09T02:00:00+0200,2.671,MW,NL,NL,actual_onshore_wind_generation,Wind Onshore | Actual Consumption,2026-08-02T23:51:38Z
2026-08-02T23:49:28Z,2026-08-03T01:49:28+0200,65d3fff1-7125-472d-bbc3-1b240f9c8d5b,2026-07-09T00:15:00Z,2026-07-09T02:15:00+0200,21.282,MW,NL,NL,actual_onshore_wind_generation,Wind Onshore | Actual Aggregated,2026-08-02T23:51:38Z
2026-08-02T23:49:28Z,2026-08-03T01:49:28+0200,65d3fff1-7125-472d-bbc3-1b240f9c8d5b,2026-07-09T00:15:00Z,2026-07-09T02:15:00+0200,1.607,MW,NL,NL,actual_onshore_wind_generation,Wind Onshore | Actual Consumption,2026-08-02T23:51:38Z
2026-08-02T23:49:28Z,2026-08-03T01:49:28+0200,65d3fff1-7125-472d-bbc3-1b240f9c8d5b,2026-07-09T00:30:00Z,2026-07-09T02:30:00+0200,25.076,MW,NL,NL,actual_onshore_wind_generation,Wind Onshore | Actual Aggregated,2026-08-02T23:51:38Z
2026-08-02T23:49:28Z,2026-08-03T01:49:28+0200,65d3fff1-7125-472d-bbc3-1b240f9c8d5b,2026-07-09T00:30:00Z,2026-07-09T02:30:00+0200,1.792,MW,NL,NL,actual_onshore_wind_generation,Wind Onshore | Actual Consumption,2026-08-02T23:51:38Z
2026-08-02T23:49:28Z,2026-08-03T01:49:28+0200,65d3fff1-7125-472d-bbc3-1b240f9c8d5b,2026-07-09T00:45:00Z,2026-07-09T02:45:00+0200,26.491,MW,NL,NL,actual_onshore_wind_generation,Wind Onshore | Actual Aggregated,2026-08-02T23:51:38Z
2026-08-02T23:49:28Z,2026-08-03T01:49:28+0200,65d3fff1-7125-472d-bbc3-1b240f9c8d5b,2026-07-09T00:45:00Z,2026-07-09T02:45:00+0200,1.421,MW,NL,NL,actual_onshore_wind_generation,Wind Onshore | Actual Consumption,2026-08-02T23:51:38Z
2026-08-02T23:49:28Z,2026-08-03T01:49:28+0200,65d3fff1-7125-472d-bbc3-1b240f9c8d5b,2026-07-09T01:00:00Z,2026-07-09T03:00:00+0200,24.924,MW,NL,NL,actual_onshore_wind_generation,Wind Onshore | Actual Aggregated,2026-08-02T23:51:38Z
2026-08-02T23:49:28Z,2026-08-03T01:49:28+0200,65d3fff1-7125-472d-bbc3-1b240f9c8d5b,2026-07-09T01:00:00Z,2026-07-09T03:00:00+0200,1.412,MW,NL,NL,actual_onshore_wind_generation,Wind Onshore | Actual Consumption,2026-08-02T23:51:38Z
2026-08-02T23:49:28Z,2026-08-03T01:49:28+0200,65d3fff1-7125-472d-bbc3-1b240f9c8d5b,2026-07-09T01:15:00Z,2026-07-09T03:15:00+0200,21.389,MW,NL,NL,actual_onshore_wind_generation,Wind Onshore | Actual Aggregated,2026-08-02T23:51:38Z
2026-08-02T23:49:28Z,2026-08-03T01:49:28+0200,65d3fff1-7125-472d-bbc3-1b240f9c8d5b,2026-07-09T01:15:00Z,2026-07-09T03:15:00+0200,1.9,MW,NL,NL,actual_onshore_wind_generation,Wind Onshore | Actual Consumption,2026-08-02T23:51:38Z
2026-08-02T23:49:28Z,2026-08-03T01:49:28+0200,65d3fff1-7125-472d-bbc3-1b240f9c8d5b,2026-07-09T01:30:00Z,2026-07-09T03:30:00+0200,19.063,MW,NL,NL,actual_onshore_wind_generation,Wind Onshore | Actual Aggregated,2026-08-02T23:51:38Z
2026-08-02T23:49:28Z,2026-08-03T01:49:28+0200,65d3fff1-7125-472d-bbc3-1b240f9c8d5b,2026-07-09T01:30:00Z,2026-07-09T03:30:00+0200,2.835,MW,NL,NL,actual_onshore_wind_generation,Wind Onshore | Actual Consumption,2026-08-02T23:51:38Z
2026-08-02T23:49:28Z,2026-08-03T01:49:28+0200,65d3fff1-7125-472d-bbc3-1b240f9c8d5b,2026-07-09T01:45:00Z,2026-07-09T03:45:00+0200,15.601,MW,NL,NL,actual_onshore_wind_generation,Wind Onshore | Actual Aggregated,2026-08-02T23:51:38Z
2026-08-02T23:49:28Z,2026-08-03T01:49:28+0200,65d3fff1-7125-472d-bbc3-1b240f9c8d5b,2026-07-09T01:45:00Z,2026-07-09T03:45:00+0200,2.184,MW,NL,NL,actual_onshore_wind_generation,Wind Onshore | Actual Consumption,2026-08-02T23:51:38Z
2026-08-02T23:49:28Z,2026-08-03T01:49:28+0200,65d3fff1-7125-472d-bbc3-1b240f9c8d5b,2026-07-09T02:00:00Z,2026-07-09T04:00:00+0200,14.437,MW,NL,NL,actual_onshore_wind_generation,Wind Onshore | Actual Aggregated,2026-08-02T23:51:38Z
2026-08-02T23:49:28Z,2026-08-03T01:49:28+0200,65d3fff1-7125-472d-bbc3-1b240f9c8d5b,2026-07-09T02:00:00Z,2026-07-09T04:00:00+0200,5.046,MW,NL,NL,actual_onshore_wind_generation,Wind Onshore | Actual Consumption,2026-08-02T23:51:38Z
2026-08-02T23:49:28Z,2026-08-03T01:49:28+0200,65d3fff1-7125-472d-bbc3-1b240f9c8d5b,2026-07-09T02:15:00Z,2026-07-09T04:15:00+0200,16.356,MW,NL,NL,actual_onshore_wind_generation,Wind Onshore | Actual Aggregated,2026-08-02T23:51:38Z
2026-08-02T23:49:28Z,2026-08-03T01:49:28+0200,65d3fff1-7125-472d-bbc3-1b240f9c8d5b,2026-07-09T02:15:00Z,2026-07-09T04:15:00+0200,5.435,MW,NL,NL,actual_onshore_wind_generation,Wind Onshore | Actual Consumption,2026-08-02T23:51:38Z
2026-08-02T23:49:28Z,2026-08-03T01:49:28+0200,65d3fff1-7125-472d-bbc3-1b240f9c8d5b,2026-07-09T02:30:00Z,2026-07-09T04:30:00+0200,14.818,MW,NL,NL,actual_onshore_wind_generation,Wind Onshore | Actual Aggregated,2026-08-02T23:51:38Z
2026-08-02T23:49:28Z,2026-08-03T01:49:28+0200,65d3fff1-7125-472d-bbc3-1b240f9c8d5b,2026-07-09T02:30:00Z,2026-07-09T04:30:00+0200,5.762,MW,NL,NL,actual_onshore_wind_generation,Wind Onshore | Actual Consumption,2026-08-02T23:51:38Z
2026-08-02T23:49:28Z,2026-08-03T01:49:28+0200,65d3fff1-7125-472d-bbc3-1b240f9c8d5b,2026-07-09T02:45:00Z,2026-07-09T04:45:00+0200,12.139,MW,NL,NL,actual_onshore_wind_generation,Wind Onshore | Actual Aggregated,2026-08-02T23:51:38Z
2026-08-02T23:49:28Z,2026-08-03T01:49:28+0200,65d3fff1-7125-472d-bbc3-1b240f9c8d5b,2026-07-09T02:45:00Z,2026-07-09T04:45:00+0200,7.857,MW,NL,NL,actual_onshore_wind_generation,Wind Onshore | Actual Consumption,2026-08-02T23:51:38Z
2026-08-02T23:49:28Z,2026-08-03T01:49:28+0200,65d3fff1-7125-472d-bbc3-1b240f9c8d5b,2026-07-09T03:00:00Z,2026-07-09T05:00:00+0200,9.016,MW,NL,NL,actual_onshore_wind_generation,Wind Onshore | Actual Aggregated,2026-08-02T23:51:38Z
2026-08-02T23:49:28Z,2026-08-03T01:49:28+0200,65d3fff1-7125-472d-bbc3-1b240f9c8d5b,2026-07-09T03:00:00Z,2026-07-09T05:00:00+0200,8.888,MW,NL,NL,actual_onshore_wind_generation,Wind Onshore | Actual Consumption,2026-08-02T23:51:38Z
2026-08-02T23:49:28Z,2026-08-03T01:49:28+0200,65d3fff1-7125-472d-bbc3-1b240f9c8d5b,2026-07-09T03:15:00Z,2026-07-09T05:15:00+0200,10.152,MW,NL,NL,actual_onshore_wind_generation,Wind Onshore | Actual Aggregated,2026-08-02T23:51:38Z
2026-08-02T23:49:28Z,2026-08-03T01:49:28+0200,65d3fff1-7125-472d-bbc3-1b240f9c8d5b,2026-07-09T03:15:00Z,2026-07-09T05:15:00+0200,9.815,MW,NL,NL,actual_onshore_wind_generation,Wind Onshore | Actual Consumption,2026-08-02T23:51:38Z
2026-08-02T23:49:28Z,2026-08-03T01:49:28+0200,65d3fff1-7125-472d-bbc3-1b240f9c8d5b,2026-07-09T03:30:00Z,2026-07-09T05:30:00+0200,9.041,MW,NL,NL,actual_onshore_wind_generation,Wind Onshore | Actual Aggregated,2026-08-02T23:51:38Z
2026-08-02T23:49:28Z,2026-08-03T01:49:28+0200,65d3fff1-7125-472d-bbc3-1b240f9c8d5b,2026-07-09T03:30:00Z,2026-07-09T05:30:00+0200,9.144,MW,NL,NL,actual_onshore_wind_generation,Wind Onshore | Actual Consumption,2026-08-02T23:51:38Z
2026-08-02T23:49:28Z,2026-08-03T01:49:28+0200,65d3fff1-7125-472d-bbc3-1b240f9c8d5b,2026-07-09T03:45:00Z,2026-07-09T05:45:00+0200,6.874,MW,NL,NL,actual_onshore_wind_generation,Wind Onshore | Actual Aggregated,2026-08-02T23:51:38Z
2026-08-02T23:49:28Z,2026-08-03T01:49:28+0200,65d3fff1-7125-472d-bbc3-1b240f9c8d5b,2026-07-09T03:45:00Z,2026-07-09T05:45:00+0200,8.718,MW,NL,NL,actual_onshore_wind_generation,Wind Onshore | Actual Consumption,2026-08-02T23:51:38Z
2026-08-02T23:49:28Z,2026-08-03T01:49:28+0200,65d3fff1-7125-472d-bbc3-1b240f9c8d5b,2026-07-09T04:00:00Z,2026-07-09T06:00:00+0200,6.322,MW,NL,NL,actual_onshore_wind_generation,Wind Onshore | Actual Aggregated,2026-08-02T23:51:38Z
2026-08-02T23:49:28Z,2026-08-03T01:49:28+0200,65d3fff1-7125-472d-bbc3-1b240f9c8d5b,2026-07-09T04:00:00Z,2026-07-09T06:00:00+0200,7.968,MW,NL,NL,actual_onshore_wind_generation,Wind Onshore | Actual Consumption,2026-08-02T23:51:38Z
2026-08-02T23:49:28Z,2026-08-03T01:49:28+0200,65d3fff1-7125-472d-bbc3-1b240f9c8d5b,2026-07-09T04:15:00Z,2026-07-09T06:15:00+0200,5.06,MW,NL,NL,actual_onshore_wind_generation,Wind Onshore | Actual Aggregated,2026-08-02T23:51:38Z
2026-08-02T23:49:28Z,2026-08-03T01:49:28+0200,65d3fff1-7125-472d-bbc3-1b240f9c8d5b,2026-07-09T04:15:00Z,2026-07-09T06:15:00+0200,8.002,MW,NL,NL,actual_onshore_wind_generation,Wind Onshore | Actual Consumption,2026-08-02T23:51:38Z
2026-08-02T23:49:28Z,2026-08-03T01:49:28+0200,65d3fff1-7125-472d-bbc3-1b240f9c8d5b,2026-07-09T04:30:00Z,2026-07-09T06:30:00+0200,4.495,MW,NL,NL,actual_onshore_wind_generation,Wind Onshore | Actual Aggregated,2026-08-02T23:51:38Z
2026-08-02T23:49:28Z,2026-08-03T01:49:28+0200,65d3fff1-7125-472d-bbc3-1b240f9c8d5b,2026-07-09T04:30:00Z,2026-07-09T06:30:00+0200,8.111,MW,NL,NL,actual_onshore_wind_generation,Wind Onshore | Actual Consumption,2026-08-02T23:51:38Z
2026-08-02T23:49:28Z,2026-08-03T01:49:28+0200,65d3fff1-7125-472d-bbc3-1b240f9c8d5b,2026-07-09T04:45:00Z,2026-07-09T06:45:00+0200,6.53,MW,NL,NL,actual_onshore_wind_generation,Wind Onshore | Actual Aggregated,2026-08-02T23:51:38Z
2026-08-02T23:49:28Z,2026-08-03T01:49:28+0200,65d3fff1-7125-472d-bbc3-1b240f9c8d5b,2026-07-09T04:45:00Z,2026-07-09T06:45:00+0200,7.831,MW,NL,NL,actual_onshore_wind_generation,Wind Onshore | Actual Consumption,2026-08-02T23:51:38Z
2026-08-02T23:49:28Z,2026-08-03T01:49:28+0200,65d3fff1-7125-472d-bbc3-1b240f9c8d5b,2026-07-09T05:00:00Z,2026-07-09T07:00:00+0200,7.733,MW,NL,NL,actual_onshore_wind_generation,Wind Onshore | Actual Aggregated,2026-08-02T23:51:38Z
2026-08-02T23:49:28Z,2026-08-03T01:49:28+0200,65d3fff1-7125-472d-bbc3-1b240f9c8d5b,2026-07-09T05:00:00Z,2026-07-09T07:00:00+0200,7.687,MW,NL,NL,actual_onshore_wind_generation,Wind Onshore | Actual Consumption,2026-08-02T23:51:38Z
2026-08-02T23:49:28Z,2026-08-03T01:49:28+0200,65d3fff1-7125-472d-bbc3-1b240f9c8d5b,2026-07-09T05:15:00Z,2026-07-09T07:15:00+0200,8.257,MW,NL,NL,actual_onshore_wind_generation,Wind Onshore | Actual Aggregated,2026-08-02T23:51:38Z
2026-08-02T23:49:28Z,2026-08-03T01:49:28+0200,65d3fff1-7125-472d-bbc3-1b240f9c8d5b,2026-07-09T05:15:00Z,2026-07-09T07:15:00+0200,7.504,MW,NL,NL,actual_onshore_wind_generation,Wind Onshore | Actual Consumption,2026-08-02T23:51:38Z
2026-08-02T23:49:28Z,2026-08-03T01:49:28+0200,65d3fff1-7125-472d-bbc3-1b240f9c8d5b,2026-07-09T05:30:00Z,2026-07-09T07:30:00+0200,10.647,MW,NL,NL,actual_onshore_wind_generation,Wind Onshore | Actual Aggregated,2026-08-02T23:51:38Z
2026-08-02T23:49:28Z,2026-08-03T01:49:28+0200,65d3fff1-7125-472d-bbc3-1b240f9c8d5b,2026-07-09T05:30:00Z,2026-07-09T07:30:00+0200,7.372,MW,NL,NL,actual_onshore_wind_generation,Wind Onshore | Actual Consumption,2026-08-02T23:51:38Z
2026-08-02T23:49:28Z,2026-08-03T01:49:28+0200,65d3fff1-7125-472d-bbc3-1b240f9c8d5b,2026-07-09T05:45:00Z,2026-07-09T07:45:00+0200,11.18,MW,NL,NL,actual_onshore_wind_generation,Wind Onshore | Actual Aggregated,2026-08-02T23:51:38Z
2026-08-02T23:49:28Z,2026-08-03T01:49:28+0200,65d3fff1-7125-472d-bbc3-1b240f9c8d5b,2026-07-09T05:45:00Z,2026-07-09T07:45:00+0200,7.081,MW,NL,NL,actual_onshore_wind_generation,Wind Onshore | Actual Consumption,2026-08-02T23:51:38Z
2026-08-02T23:49:28Z,2026-08-03T01:49:28+0200,65d3fff1-7125-472d-bbc3-1b240f9c8d5b,2026-07-09T06:00:00Z,2026-07-09T08:00:00+0200,10.704,MW,NL,NL,actual_onshore_wind_generation,Wind Onshore | Actual Aggregated,2026-08-02T23:51:38Z
2026-08-02T23:49:28Z,2026-08-03T01:49:28+0200,65d3fff1-7125-472d-bbc3-1b240f9c8d5b,2026-07-09T06:00:00Z,2026-07-09T08:00:00+0200,7.755,MW,NL,NL,actual_onshore_wind_generation,Wind Onshore | Actual Consumption,2026-08-02T23:51:38Z
2026-08-02T23:49:28Z,2026-08-03T01:49:28+0200,65d3fff1-7125-472d-bbc3-1b240f9c8d5b,2026-07-09T06:15:00Z,2026-07-09T08:15:00+0200,9.982,MW,NL,NL,actual_onshore_wind_generation,Wind Onshore | Actual Aggregated,2026-08-02T23:51:38Z
2026-08-02T23:49:28Z,2026-08-03T01:49:28+0200,65d3fff1-7125-472d-bbc3-1b240f9c8d5b,2026-07-09T06:15:00Z,2026-07-09T08:15:00+0200,8.027,MW,NL,NL,actual_onshore_wind_generation,Wind Onshore | Actual Consumption,2026-08-02T23:51:38Z
2026-08-02T23:49:28Z,2026-08-03T01:49:28+0200,65d3fff1-7125-472d-bbc3-1b240f9c8d5b,2026-07-09T06:30:00Z,2026-07-09T08:30:00+0200,9.009,MW,NL,NL,actual_onshore_wind_generation,Wind Onshore | Actual Aggregated,2026-08-02T23:51:38Z
2026-08-02T23:49:28Z,2026-08-03T01:49:28+0200,65d3fff1-7125-472d-bbc3-1b240f9c8d5b,2026-07-09T06:30:00Z,2026-07-09T08:30:00+0200,8.171,MW,NL,NL,actual_onshore_wind_generation,Wind Onshore | Actual Consumption,2026-08-02T23:51:38Z
2026-08-02T23:49:28Z,2026-08-03T01:49:28+0200,65d3fff1-7125-472d-bbc3-1b240f9c8d5b,2026-07-09T06:45:00Z,2026-07-09T08:45:00+0200,8.634,MW,NL,NL,actual_onshore_wind_generation,Wind Onshore | Actual Aggregated,2026-08-02T23:51:38Z
2026-08-02T23:49:28Z,2026-08-03T01:49:28+0200,65d3fff1-7125-472d-bbc3-1b240f9c8d5b,2026-07-09T06:45:00Z,2026-07-09T08:45:00+0200,8.186,MW,NL,NL,actual_onshore_wind_generation,Wind Onshore | Actual Consumption,2026-08-02T23:51:38Z
2026-08-02T23:49:28Z,2026-08-03T01:49:28+0200,65d3fff1-7125-472d-bbc3-1b240f9c8d5b,2026-07-09T07:00:00Z,2026-07-09T09:00:00+0200,9.801,MW,NL,NL,actual_onshore_wind_generation,Wind Onshore | Actual Aggregated,2026-08-02T23:51:38Z
2026-08-02T23:49:28Z,2026-08-03T01:49:28+0200,65d3fff1-7125-472d-bbc3-1b240f9c8d5b,2026-07-09T07:00:00Z,2026-07-09T09:00:00+0200,8.157,MW,NL,NL,actual_onshore_wind_generation,Wind Onshore | Actual Consumption,2026-08-02T23:51:38Z
2026-08-02T23:49:28Z,2026-08-03T01:49:28+0200,65d3fff1-7125-472d-bbc3-1b240f9c8d5b,2026-07-09T07:15:00Z,2026-07-09T09:15:00+0200,9.379,MW,NL,NL,actual_onshore_wind_generation,Wind Onshore | Actual Aggregated,2026-08-02T23:51:38Z
2026-08-02T23:49:28Z,2026-08-03T01:49:28+0200,65d3fff1-7125-472d-bbc3-1b240f9c8d5b,2026-07-09T07:15:00Z,2026-07-09T09:15:00+0200,8.251,MW,NL,NL,actual_onshore_wind_generation,Wind Onshore | Actual Consumption,2026-08-02T23:51:38Z
2026-08-02T23:49:28Z,2026-08-03T01:49:28+0200,65d3fff1-7125-472d-bbc3-1b240f9c8d5b,2026-07-09T07:30:00Z,2026-07-09T09:30:00+0200,9.576,MW,NL,NL,actual_onshore_wind_generation,Wind Onshore | Actual Aggregated,2026-08-02T23:51:38Z
2026-08-02T23:49:28Z,2026-08-03T01:49:28+0200,65d3fff1-7125-472d-bbc3-1b240f9c8d5b,2026-07-09T07:30:00Z,2026-07-09T09:30:00+0200,8.429,MW,NL,NL,actual_onshore_wind_generation,Wind Onshore | Actual Consumption,2026-08-02T23:51:38Z
2026-08-02T23:49:28Z,2026-08-03T01:49:28+0200,65d3fff1-7125-472d-bbc3-1b240f9c8d5b,2026-07-09T07:45:00Z,2026-07-09T09:45:00+0200,8.932,MW,NL,NL,actual_onshore_wind_generation,Wind Onshore | Actual Aggregated,2026-08-02T23:51:38Z
2026-08-02T23:49:28Z,2026-08-03T01:49:28+0200,65d3fff1-7125-472d-bbc3-1b240f9c8d5b,2026-07-09T07:45:00Z,2026-07-09T09:45:00+0200,8.236,MW,NL,NL,actual_onshore_wind_generation,Wind Onshore | Actual Consumption,2026-08-02T23:51:38Z
2026-08-02T23:49:28Z,2026-08-03T01:49:28+0200,65d3fff1-7125-472d-bbc3-1b240f9c8d5b,2026-07-09T08:00:00Z,2026-07-09T10:00:00+0200,11.998,MW,NL,NL,actual_onshore_wind_generation,Wind Onshore | Actual Aggregated,2026-08-02T23:51:38Z
2026-08-02T23:49:28Z,2026-08-03T01:49:28+0200,65d3fff1-7125-472d-bbc3-1b240f9c8d5b,2026-07-09T08:00:00Z,2026-07-09T10:00:00+0200,7.949,MW,NL,NL,actual_onshore_wind_generation,Wind Onshore | Actual Consumption,2026-08-02T23:51:38Z
2026-08-02T23:49:28Z,2026-08-03T01:49:28+0200,65d3fff1-7125-472d-bbc3-1b240f9c8d5b,2026-07-09T08:15:00Z,2026-07-09T10:15:00+0200,13.536,MW,NL,NL,actual_onshore_wind_generation,Wind Onshore | Actual Aggregated,2026-08-02T23:51:38Z
2026-08-02T23:49:28Z,2026-08-03T01:49:28+0200,65d3fff1-7125-472d-bbc3-1b240f9c8d5b,2026-07-09T08:15:00Z,2026-07-09T10:15:00+0200,8.387,MW,NL,NL,actual_onshore_wind_generation,Wind Onshore | Actual Consumption,2026-08-02T23:51:38Z
2026-08-02T23:49:28Z,2026-08-03T01:49:28+0200,65d3fff1-7125-472d-bbc3-1b240f9c8d5b,2026-07-09T08:30:00Z,2026-07-09T10:30:00+0200,11.107,MW,NL,NL,actual_onshore_wind_generation,Wind Onshore | Actual Aggregated,2026-08-02T23:51:38Z
2026-08-02T23:49:28Z,2026-08-03T01:49:28+0200,65d3fff1-7125-472d-bbc3-1b240f9c8d5b,2026-07-09T08:30:00Z,2026-07-09T10:30:00+0200,7.974,MW,NL,NL,actual_onshore_wind_generation,Wind Onshore | Actual Consumption,2026-08-02T23:51:38Z
2026-08-02T23:49:28Z,2026-08-03T01:49:28+0200,65d3fff1-7125-472d-bbc3-1b240f9c8d5b,2026-07-09T08:45:00Z,2026-07-09T10:45:00+0200,11.801,MW,NL,NL,actual_onshore_wind_generation,Wind Onshore | Actual Aggregated,2026-08-02T23:51:38Z
2026-08-02T23:49:28Z,2026-08-03T01:49:28+0200,65d3fff1-7125-472d-bbc3-1b240f9c8d5b,2026-07-09T08:45:00Z,2026-07-09T10:45:00+0200,7.807,MW,NL,NL,actual_onshore_wind_generation,Wind Onshore | Actual Consumption,2026-08-02T23:51:38Z
2026-08-02T23:49:28Z,2026-08-03T01:49:28+0200,65d3fff1-7125-472d-bbc3-1b240f9c8d5b,2026-07-09T09:00:00Z,2026-07-09T11:00:00+0200,13.206,MW,NL,NL,actual_onshore_wind_generation,Wind Onshore | Actual Aggregated,2026-08-02T23:51:38Z
2026-08-02T23:49:28Z,2026-08-03T01:49:28+0200,65d3fff1-7125-472d-bbc3-1b240f9c8d5b,2026-07-09T09:00:00Z,2026-07-09T11:00:00+0200,7.566,MW,NL,NL,actual_onshore_wind_generation,Wind Onshore | Actual Consumption,2026-08-02T23:51:38Z
2026-08-02T23:49:28Z,2026-08-03T01:49:28+0200,65d3fff1-7125-472d-bbc3-1b240f9c8d5b,2026-07-09T09:15:00Z,2026-07-09T11:15:00+0200,10.747,MW,NL,NL,actual_onshore_wind_generation,Wind Onshore | Actual Aggregated,2026-08-02T23:51:38Z
2026-08-02T23:49:28Z,2026-08-03T01:49:28+0200,65d3fff1-7125-472d-bbc3-1b240f9c8d5b,2026-07-09T09:15:00Z,2026-07-09T11:15:00+0200,7.559,MW,NL,NL,actual_onshore_wind_generation,Wind Onshore | Actual Consumption,2026-08-02T23:51:38Z
2026-08-02T23:49:28Z,2026-08-03T01:49:28+0200,65d3fff1-7125-472d-bbc3-1b240f9c8d5b,2026-07-09T09:30:00Z,2026-07-09T11:30:00+0200,11.461,MW,NL,NL,actual_onshore_wind_generation,Wind Onshore | Actual Aggregated,2026-08-02T23:51:38Z
2026-08-02T23:49:28Z,2026-08-03T01:49:28+0200,65d3fff1-7125-472d-bbc3-1b240f9c8d5b,2026-07-09T09:30:00Z,2026-07-09T11:30:00+0200,7.408,MW,NL,NL,actual_onshore_wind_generation,Wind Onshore | Actual Consumption,2026-08-02T23:51:38Z
2026-08-02T23:49:28Z,2026-08-03T01:49:28+0200,65d3fff1-7125-472d-bbc3-1b240f9c8d5b,2026-07-09T09:45:00Z,2026-07-09T11:45:00+0200,12.003,MW,NL,NL,actual_onshore_wind_generation,Wind Onshore | Actual Aggregated,2026-08-02T23:51:38Z
2026-08-02T23:49:28Z,2026-08-03T01:49:28+0200,65d3fff1-7125-472d-bbc3-1b240f9c8d5b,2026-07-09T09:45:00Z,2026-07-09T11:45:00+0200,7.832,MW,NL,NL,actual_onshore_wind_generation,Wind Onshore | Actual Consumption,2026-08-02T23:51:38Z
2026-08-02T23:49:28Z,2026-08-03T01:49:28+0200,65d3fff1-7125-472d-bbc3-1b240f9c8d5b,2026-07-09T10:00:00Z,2026-07-09T12:00:00+0200,10.661,MW,NL,NL,actual_onshore_wind_generation,Wind Onshore | Actual Aggregated,2026-08-02T23:51:38Z
2026-08-02T23:49:28Z,2026-08-03T01:49:28+0200,65d3fff1-7125-472d-bbc3-1b240f9c8d5b,2026-07-09T10:00:00Z,2026-07-09T12:00:00+0200,7.229,MW,NL,NL,actual_onshore_wind_generation,Wind Onshore | Actual Consumption,2026-08-02T23:51:38Z
2026-08-02T23:49:28Z,2026-08-03T01:49:28+0200,65d3fff1-7125-472d-bbc3-1b240f9c8d5b,2026-07-09T10:15:00Z,2026-07-09T12:15:00+0200,10.669,MW,NL,NL,actual_onshore_wind_generation,Wind Onshore | Actual Aggregated,2026-08-02T23:51:38Z
2026-08-02T23:49:28Z,2026-08-03T01:49:28+0200,65d3fff1-7125-472d-bbc3-1b240f9c8d5b,2026-07-09T10:15:00Z,2026-07-09T12:15:00+0200,7.369,MW,NL,NL,actual_onshore_wind_generation,Wind Onshore | Actual Consumption,2026-08-02T23:51:38Z
2026-08-02T23:49:28Z,2026-08-03T01:49:28+0200,65d3fff1-7125-472d-bbc3-1b240f9c8d5b,2026-07-09T10:30:00Z,2026-07-09T12:30:00+0200,9.024,MW,NL,NL,actual_onshore_wind_generation,Wind Onshore | Actual Aggregated,2026-08-02T23:51:38Z
2026-08-02T23:49:28Z,2026-08-03T01:49:28+0200,65d3fff1-7125-472d-bbc3-1b240f9c8d5b,2026-07-09T10:30:00Z,2026-07-09T12:30:00+0200,7.249,MW,NL,NL,actual_onshore_wind_generation,Wind Onshore | Actual Consumption,2026-08-02T23:51:38Z
2026-08-02T23:49:28Z,2026-08-03T01:49:28+0200,65d3fff1-7125-472d-bbc3-1b240f9c8d5b,2026-07-09T10:45:00Z,2026-07-09T12:45:00+0200,6.317,MW,NL,NL,actual_onshore_wind_generation,Wind Onshore | Actual Aggregated,2026-08-02T23:51:38Z
2026-08-02T23:49:28Z,2026-08-03T01:49:28+0200,65d3fff1-7125-472d-bbc3-1b240f9c8d5b,2026-07-09T10:45:00Z,2026-07-09T12:45:00+0200,7.099,MW,NL,NL,actual_onshore_wind_generation,Wind Onshore | Actual Consumption,2026-08-02T23:51:38Z
2026-08-02T23:49:28Z,2026-08-03T01:49:28+0200,65d3fff1-7125-472d-bbc3-1b240f9c8d5b,2026-07-09T11:00:00Z,2026-07-09T13:00:00+0200,6.098,MW,NL,NL,actual_onshore_wind_generation,Wind Onshore | Actual Aggregated,2026-08-02T23:51:38Z
2026-08-02T23:49:28Z,2026-08-03T01:49:28+0200,65d3fff1-7125-472d-bbc3-1b240f9c8d5b,2026-07-09T11:00:00Z,2026-07-09T13:00:00+0200,7.471,MW,NL,NL,actual_onshore_wind_generation,Wind Onshore | Actual Consumption,2026-08-02T23:51:38Z
2026-08-02T23:49:28Z,2026-08-03T01:49:28+0200,65d3fff1-7125-472d-bbc3-1b240f9c8d5b,2026-07-09T11:15:00Z,2026-07-09T13:15:00+0200,8.589,MW,NL,NL,actual_onshore_wind_generation,Wind Onshore | Actual Aggregated,2026-08-02T23:51:38Z
2026-08-02T23:49:28Z,2026-08-03T01:49:28+0200,65d3fff1-7125-472d-bbc3-1b240f9c8d5b,2026-07-09T11:15:00Z,2026-07-09T13:15:00+0200,7.403,MW,NL,NL,actual_onshore_wind_generation,Wind Onshore | Actual Consumption,2026-08-02T23:51:38Z
2026-08-02T23:49:28Z,2026-08-03T01:49:28+0200,65d3fff1-7125-472d-bbc3-1b240f9c8d5b,2026-07-09T11:30:00Z,2026-07-09T13:30:00+0200,12.39,MW,NL,NL,actual_onshore_wind_generation,Wind Onshore | Actual Aggregated,2026-08-02T23:51:38Z
2026-08-02T23:49:28Z,2026-08-03T01:49:28+0200,65d3fff1-7125-472d-bbc3-1b240f9c8d5b,2026-07-09T11:30:00Z,2026-07-09T13:30:00+0200,7.333,MW,NL,NL,actual_onshore_wind_generation,Wind Onshore | Actual Consumption,2026-08-02T23:51:38Z
2026-08-02T23:49:28Z,2026-08-03T01:49:28+0200,65d3fff1-7125-472d-bbc3-1b240f9c8d5b,2026-07-09T11:45:00Z,2026-07-09T13:45:00+0200,14.469,MW,NL,NL,actual_onshore_wind_generation,Wind Onshore | Actual Aggregated,2026-08-02T23:51:38Z
2026-08-02T23:49:28Z,2026-08-03T01:49:28+0200,65d3fff1-7125-472d-bbc3-1b240f9c8d5b,2026-07-09T11:45:00Z,2026-07-09T13:45:00+0200,7.012,MW,NL,NL,actual_onshore_wind_generation,Wind Onshore | Actual Consumption,2026-08-02T23:51:38Z
2026-08-02T23:49:28Z,2026-08-03T01:49:28+0200,65d3fff1-7125-472d-bbc3-1b240f9c8d5b,2026-07-09T12:00:00Z,2026-07-09T14:00:00+0200,14.346,MW,NL,NL,actual_onshore_wind_generation,Wind Onshore | Actual Aggregated,2026-08-02T23:51:38Z
2026-08-02T23:49:28Z,2026-08-03T01:49:28+0200,65d3fff1-7125-472d-bbc3-1b240f9c8d5b,2026-07-09T12:00:00Z,2026-07-09T14:00:00+0200,6.052,MW,NL,NL,actual_onshore_wind_generation,Wind Onshore | Actual Consumption,2026-08-02T23:51:38Z
2026-08-02T23:49:28Z,2026-08-03T01:49:28+0200,65d3fff1-7125-472d-bbc3-1b240f9c8d5b,2026-07-09T12:15:00Z,2026-07-09T14:15:00+0200,7.437,MW,NL,NL,actual_onshore_wind_generation,Wind Onshore | Actual Aggregated,2026-08-02T23:51:38Z
2026-08-02T23:49:28Z,2026-08-03T01:49:28+0200,65d3fff1-7125-472d-bbc3-1b240f9c8d5b,2026-07-09T12:15:00Z,2026-07-09T14:15:00+0200,6.12,MW,NL,NL,actual_onshore_wind_generation,Wind Onshore | Actual Consumption,2026-08-02T23:51:38Z
2026-08-02T23:49:28Z,2026-08-03T01:49:28+0200,65d3fff1-7125-472d-bbc3-1b240f9c8d5b,2026-07-09T12:30:00Z,2026-07-09T14:30:00+0200,9.006,MW,NL,NL,actual_onshore_wind_generation,Wind Onshore | Actual Aggregated,2026-08-02T23:51:38Z
2026-08-02T23:49:28Z,2026-08-03T01:49:28+0200,65d3fff1-7125-472d-bbc3-1b240f9c8d5b,2026-07-09T12:30:00Z,2026-07-09T14:30:00+0200,6.348,MW,NL,NL,actual_onshore_wind_generation,Wind Onshore | Actual Consumption,2026-08-02T23:51:38Z
2026-08-02T23:49:28Z,2026-08-03T01:49:28+0200,65d3fff1-7125-472d-bbc3-1b240f9c8d5b,2026-07-09T12:45:00Z,2026-07-09T14:45:00+0200,10.069,MW,NL,NL,actual_onshore_wind_generation,Wind Onshore | Actual Aggregated,2026-08-02T23:51:38Z
2026-08-02T23:49:28Z,2026-08-03T01:49:28+0200,65d3fff1-7125-472d-bbc3-1b240f9c8d5b,2026-07-09T12:45:00Z,2026-07-09T14:45:00+0200,7.029,MW,NL,NL,actual_onshore_wind_generation,Wind Onshore | Actual Consumption,2026-08-02T23:51:38Z
2026-08-02T23:49:28Z,2026-08-03T01:49:28+0200,65d3fff1-7125-472d-bbc3-1b240f9c8d5b,2026-07-09T13:00:00Z,2026-07-09T15:00:00+0200,15.501,MW,NL,NL,actual_onshore_wind_generation,Wind Onshore | Actual Aggregated,2026-08-02T23:51:38Z
2026-08-02T23:49:28Z,2026-08-03T01:49:28+0200,65d3fff1-7125-472d-bbc3-1b240f9c8d5b,2026-07-09T13:00:00Z,2026-07-09T15:00:00+0200,6.734,MW,NL,NL,actual_onshore_wind_generation,Wind Onshore | Actual Consumption,2026-08-02T23:51:38Z
2026-08-02T23:49:28Z,2026-08-03T01:49:28+0200,65d3fff1-7125-472d-bbc3-1b240f9c8d5b,2026-07-09T13:15:00Z,2026-07-09T15:15:00+0200,14.427,MW,NL,NL,actual_onshore_wind_generation,Wind Onshore | Actual Aggregated,2026-08-02T23:51:38Z
2026-08-02T23:49:28Z,2026-08-03T01:49:28+0200,65d3fff1-7125-472d-bbc3-1b240f9c8d5b,2026-07-09T13:15:00Z,2026-07-09T15:15:00+0200,6.868,MW,NL,NL,actual_onshore_wind_generation,Wind Onshore | Actual Consumption,2026-08-02T23:51:38Z
2026-08-02T23:49:28Z,2026-08-03T01:49:28+0200,65d3fff1-7125-472d-bbc3-1b240f9c8d5b,2026-07-09T13:30:00Z,2026-07-09T15:30:00+0200,13.882,MW,NL,NL,actual_onshore_wind_generation,Wind Onshore | Actual Aggregated,2026-08-02T23:51:38Z
2026-08-02T23:49:28Z,2026-08-03T01:49:28+0200,65d3fff1-7125-472d-bbc3-1b240f9c8d5b,2026-07-09T13:30:00Z,2026-07-09T15:30:00+0200,6.541,MW,NL,NL,actual_onshore_wind_generation,Wind Onshore | Actual Consumption,2026-08-02T23:51:38Z
2026-08-02T23:49:28Z,2026-08-03T01:49:28+0200,65d3fff1-7125-472d-bbc3-1b240f9c8d5b,2026-07-09T13:45:00Z,2026-07-09T15:45:00+0200,13.489,MW,NL,NL,actual_onshore_wind_generation,Wind Onshore | Actual Aggregated,2026-08-02T23:51:38Z
2026-08-02T23:49:28Z,2026-08-03T01:49:28+0200,65d3fff1-7125-472d-bbc3-1b240f9c8d5b,2026-07-09T13:45:00Z,2026-07-09T15:45:00+0200,6.657,MW,NL,NL,actual_onshore_wind_generation,Wind Onshore | Actual Consumption,2026-08-02T23:51:38Z
2026-08-02T23:49:28Z,2026-08-03T01:49:28+0200,65d3fff1-7125-472d-bbc3-1b240f9c8d5b,2026-07-09T14:00:00Z,2026-07-09T16:00:00+0200,14.245,MW,NL,NL,actual_onshore_wind_generation,Wind Onshore | Actual Aggregated,2026-08-02T23:51:38Z
2026-08-02T23:49:28Z,2026-08-03T01:49:28+0200,65d3fff1-7125-472d-bbc3-1b240f9c8d5b,2026-07-09T14:00:00Z,2026-07-09T16:00:00+0200,6.667,MW,NL,NL,actual_onshore_wind_generation,Wind Onshore | Actual Consumption,2026-08-02T23:51:38Z
2026-08-02T23:49:28Z,2026-08-03T01:49:28+0200,65d3fff1-7125-472d-bbc3-1b240f9c8d5b,2026-07-09T14:15:00Z,2026-07-09T16:15:00+0200,16.689,MW,NL,NL,actual_onshore_wind_generation,Wind Onshore | Actual Aggregated,2026-08-02T23:51:38Z
2026-08-02T23:49:28Z,2026-08-03T01:49:28+0200,65d3fff1-7125-472d-bbc3-1b240f9c8d5b,2026-07-09T14:15:00Z,2026-07-09T16:15:00+0200,6.238,MW,NL,NL,actual_onshore_wind_generation,Wind Onshore | Actual Consumption,2026-08-02T23:51:38Z
2026-08-02T23:49:28Z,2026-08-03T01:49:28+0200,65d3fff1-7125-472d-bbc3-1b240f9c8d5b,2026-07-09T14:30:00Z,2026-07-09T16:30:00+0200,16.236,MW,NL,NL,actual_onshore_wind_generation,Wind Onshore | Actual Aggregated,2026-08-02T23:51:38Z
2026-08-02T23:49:28Z,2026-08-03T01:49:28+0200,65d3fff1-7125-472d-bbc3-1b240f9c8d5b,2026-07-09T14:30:00Z,2026-07-09T16:30:00+0200,6.311,MW,NL,NL,actual_onshore_wind_generation,Wind Onshore | Actual Consumption,2026-08-02T23:51:38Z
2026-08-02T23:49:28Z,2026-08-03T01:49:28+0200,65d3fff1-7125-472d-bbc3-1b240f9c8d5b,2026-07-09T14:45:00Z,2026-07-09T16:45:00+0200,15.657,MW,NL,NL,actual_onshore_wind_generation,Wind Onshore | Actual Aggregated,2026-08-02T23:51:38Z
2026-08-02T23:49:28Z,2026-08-03T01:49:28+0200,65d3fff1-7125-472d-bbc3-1b240f9c8d5b,2026-07-09T14:45:00Z,2026-07-09T16:45:00+0200,6.266,MW,NL,NL,actual_onshore_wind_generation,Wind Onshore | Actual Consumption,2026-08-02T23:51:38Z
2026-08-02T23:49:28Z,2026-08-03T01:49:28+0200,65d3fff1-7125-472d-bbc3-1b240f9c8d5b,2026-07-09T15:00:00Z,2026-07-09T17:00:00+0200,17.691,MW,NL,NL,actual_onshore_wind_generation,Wind Onshore | Actual Aggregated,2026-08-02T23:51:38Z
2026-08-02T23:49:28Z,2026-08-03T01:49:28+0200,65d3fff1-7125-472d-bbc3-1b240f9c8d5b,2026-07-09T15:00:00Z,2026-07-09T17:00:00+0200,6.095,MW,NL,NL,actual_onshore_wind_generation,Wind Onshore | Actual Consumption,2026-08-02T23:51:38Z
2026-08-02T23:49:28Z,2026-08-03T01:49:28+0200,65d3fff1-7125-472d-bbc3-1b240f9c8d5b,2026-07-09T15:15:00Z,2026-07-09T17:15:00+0200,15.894,MW,NL,NL,actual_onshore_wind_generation,Wind Onshore | Actual Aggregated,2026-08-02T23:51:38Z
2026-08-02T23:49:28Z,2026-08-03T01:49:28+0200,65d3fff1-7125-472d-bbc3-1b240f9c8d5b,2026-07-09T15:15:00Z,2026-07-09T17:15:00+0200,5.712,MW,NL,NL,actual_onshore_wind_generation,Wind Onshore | Actual Consumption,2026-08-02T23:51:38Z
2026-08-02T23:49:28Z,2026-08-03T01:49:28+0200,65d3fff1-7125-472d-bbc3-1b240f9c8d5b,2026-07-09T15:30:00Z,2026-07-09T17:30:00+0200,17.692,MW,NL,NL,actual_onshore_wind_generation,Wind Onshore | Actual Aggregated,2026-08-02T23:51:38Z
2026-08-02T23:49:28Z,2026-08-03T01:49:28+0200,65d3fff1-7125-472d-bbc3-1b240f9c8d5b,2026-07-09T15:30:00Z,2026-07-09T17:30:00+0200,4.101,MW,NL,NL,actual_onshore_wind_generation,Wind Onshore | Actual Consumption,2026-08-02T23:51:38Z
2026-08-02T23:49:28Z,2026-08-03T01:49:28+0200,65d3fff1-7125-472d-bbc3-1b240f9c8d5b,2026-07-09T15:45:00Z,2026-07-09T17:45:00+0200,18.352,MW,NL,NL,actual_onshore_wind_generation,Wind Onshore | Actual Aggregated,2026-08-02T23:51:38Z
2026-08-02T23:49:28Z,2026-08-03T01:49:28+0200,65d3fff1-7125-472d-bbc3-1b240f9c8d5b,2026-07-09T15:45:00Z,2026-07-09T17:45:00+0200,3.76,MW,NL,NL,actual_onshore_wind_generation,Wind Onshore | Actual Consumption,2026-08-02T23:51:38Z
2026-08-02T23:49:28Z,2026-08-03T01:49:28+0200,65d3fff1-7125-472d-bbc3-1b240f9c8d5b,2026-07-09T16:00:00Z,2026-07-09T18:00:00+0200,18.05,MW,NL,NL,actual_onshore_wind_generation,Wind Onshore | Actual Aggregated,2026-08-02T23:51:38Z
2026-08-02T23:49:28Z,2026-08-03T01:49:28+0200,65d3fff1-7125-472d-bbc3-1b240f9c8d5b,2026-07-09T16:00:00Z,2026-07-09T18:00:00+0200,3.996,MW,NL,NL,actual_onshore_wind_generation,Wind Onshore | Actual Consumption,2026-08-02T23:51:38Z
2026-08-02T23:49:28Z,2026-08-03T01:49:28+0200,65d3fff1-7125-472d-bbc3-1b240f9c8d5b,2026-07-09T16:15:00Z,2026-07-09T18:15:00+0200,16.312,MW,NL,NL,actual_onshore_wind_generation,Wind Onshore | Actual Aggregated,2026-08-02T23:51:38Z
2026-08-02T23:49:28Z,2026-08-03T01:49:28+0200,65d3fff1-7125-472d-bbc3-1b240f9c8d5b,2026-07-09T16:15:00Z,2026-07-09T18:15:00+0200,3.882,MW,NL,NL,actual_onshore_wind_generation,Wind Onshore | Actual Consumption,2026-08-02T23:51:38Z
2026-08-02T23:49:28Z,2026-08-03T01:49:28+0200,65d3fff1-7125-472d-bbc3-1b240f9c8d5b,2026-07-09T16:30:00Z,2026-07-09T18:30:00+0200,15.979,MW,NL,NL,actual_onshore_wind_generation,Wind Onshore | Actual Aggregated,2026-08-02T23:51:38Z
2026-08-02T23:49:28Z,2026-08-03T01:49:28+0200,65d3fff1-7125-472d-bbc3-1b240f9c8d5b,2026-07-09T16:30:00Z,2026-07-09T18:30:00+0200,4.102,MW,NL,NL,actual_onshore_wind_generation,Wind Onshore | Actual Consumption,2026-08-02T23:51:38Z
2026-08-02T23:49:28Z,2026-08-03T01:49:28+0200,65d3fff1-7125-472d-bbc3-1b240f9c8d5b,2026-07-09T16:45:00Z,2026-07-09T18:45:00+0200,13.552,MW,NL,NL,actual_onshore_wind_generation,Wind Onshore | Actual Aggregated,2026-08-02T23:51:38Z
2026-08-02T23:49:28Z,2026-08-03T01:49:28+0200,65d3fff1-7125-472d-bbc3-1b240f9c8d5b,2026-07-09T16:45:00Z,2026-07-09T18:45:00+0200,4.4,MW,NL,NL,actual_onshore_wind_generation,Wind Onshore | Actual Consumption,2026-08-02T23:51:38Z
2026-08-02T23:49:28Z,2026-08-03T01:49:28+0200,65d3fff1-7125-472d-bbc3-1b240f9c8d5b,2026-07-09T17:00:00Z,2026-07-09T19:00:00+0200,18.091,MW,NL,NL,actual_onshore_wind_generation,Wind Onshore | Actual Aggregated,2026-08-02T23:51:38Z
2026-08-02T23:49:28Z,2026-08-03T01:49:28+0200,65d3fff1-7125-472d-bbc3-1b240f9c8d5b,2026-07-09T17:00:00Z,2026-07-09T19:00:00+0200,5.596,MW,NL,NL,actual_onshore_wind_generation,Wind Onshore | Actual Consumption,2026-08-02T23:51:38Z
2026-08-02T23:49:28Z,2026-08-03T01:49:28+0200,65d3fff1-7125-472d-bbc3-1b240f9c8d5b,2026-07-09T17:15:00Z,2026-07-09T19:15:00+0200,16.357,MW,NL,NL,actual_onshore_wind_generation,Wind Onshore | Actual Aggregated,2026-08-02T23:51:38Z
2026-08-02T23:49:28Z,2026-08-03T01:49:28+0200,65d3fff1-7125-472d-bbc3-1b240f9c8d5b,2026-07-09T17:15:00Z,2026-07-09T19:15:00+0200,5.633,MW,NL,NL,actual_onshore_wind_generation,Wind Onshore | Actual Consumption,2026-08-02T23:51:38Z
2026-08-02T23:49:28Z,2026-08-03T01:49:28+0200,65d3fff1-7125-472d-bbc3-1b240f9c8d5b,2026-07-09T17:30:00Z,2026-07-09T19:30:00+0200,16.147,MW,NL,NL,actual_onshore_wind_generation,Wind Onshore | Actual Aggregated,2026-08-02T23:51:38Z
2026-08-02T23:49:28Z,2026-08-03T01:49:28+0200,65d3fff1-7125-472d-bbc3-1b240f9c8d5b,2026-07-09T17:30:00Z,2026-07-09T19:30:00+0200,5.45,MW,NL,NL,actual_onshore_wind_generation,Wind Onshore | Actual Consumption,2026-08-02T23:51:38Z
2026-08-02T23:49:28Z,2026-08-03T01:49:28+0200,65d3fff1-7125-472d-bbc3-1b240f9c8d5b,2026-07-09T17:45:00Z,2026-07-09T19:45:00+0200,13.672,MW,NL,NL,actual_onshore_wind_generation,Wind Onshore | Actual Aggregated,2026-08-02T23:51:38Z
2026-08-02T23:49:28Z,2026-08-03T01:49:28+0200,65d3fff1-7125-472d-bbc3-1b240f9c8d5b,2026-07-09T17:45:00Z,2026-07-09T19:45:00+0200,3.698,MW,NL,NL,actual_onshore_wind_generation,Wind Onshore | Actual Consumption,2026-08-02T23:51:38Z
2026-08-02T23:49:28Z,2026-08-03T01:49:28+0200,65d3fff1-7125-472d-bbc3-1b240f9c8d5b,2026-07-09T18:00:00Z,2026-07-09T20:00:00+0200,12.265,MW,NL,NL,actual_onshore_wind_generation,Wind Onshore | Actual Aggregated,2026-08-02T23:51:38Z
2026-08-02T23:49:28Z,2026-08-03T01:49:28+0200,65d3fff1-7125-472d-bbc3-1b240f9c8d5b,2026-07-09T18:00:00Z,2026-07-09T20:00:00+0200,2.997,MW,NL,NL,actual_onshore_wind_generation,Wind Onshore | Actual Consumption,2026-08-02T23:51:38Z
2026-08-02T23:49:28Z,2026-08-03T01:49:28+0200,65d3fff1-7125-472d-bbc3-1b240f9c8d5b,2026-07-09T18:15:00Z,2026-07-09T20:15:00+0200,16.178,MW,NL,NL,actual_onshore_wind_generation,Wind Onshore | Actual Aggregated,2026-08-02T23:51:38Z
2026-08-02T23:49:28Z,2026-08-03T01:49:28+0200,65d3fff1-7125-472d-bbc3-1b240f9c8d5b,2026-07-09T18:15:00Z,2026-07-09T20:15:00+0200,2.648,MW,NL,NL,actual_onshore_wind_generation,Wind Onshore | Actual Consumption,2026-08-02T23:51:38Z
2026-08-02T23:49:28Z,2026-08-03T01:49:28+0200,65d3fff1-7125-472d-bbc3-1b240f9c8d5b,2026-07-09T18:30:00Z,2026-07-09T20:30:00+0200,18.388,MW,NL,NL,actual_onshore_wind_generation,Wind Onshore | Actual Aggregated,2026-08-02T23:51:38Z
2026-08-02T23:49:28Z,2026-08-03T01:49:28+0200,65d3fff1-7125-472d-bbc3-1b240f9c8d5b,2026-07-09T18:30:00Z,2026-07-09T20:30:00+0200,1.258,MW,NL,NL,actual_onshore_wind_generation,Wind Onshore | Actual Consumption,2026-08-02T23:51:38Z
2026-08-02T23:49:28Z,2026-08-03T01:49:28+0200,65d3fff1-7125-472d-bbc3-1b240f9c8d5b,2026-07-09T18:45:00Z,2026-07-09T20:45:00+0200,22.054,MW,NL,NL,actual_onshore_wind_generation,Wind Onshore | Actual Aggregated,2026-08-02T23:51:38Z
2026-08-02T23:49:28Z,2026-08-03T01:49:28+0200,65d3fff1-7125-472d-bbc3-1b240f9c8d5b,2026-07-09T18:45:00Z,2026-07-09T20:45:00+0200,0.101,MW,NL,NL,actual_onshore_wind_generation,Wind Onshore | Actual Consumption,2026-08-02T23:51:38Z
2026-08-02T23:49:28Z,2026-08-03T01:49:28+0200,65d3fff1-7125-472d-bbc3-1b240f9c8d5b,2026-07-09T19:00:00Z,2026-07-09T21:00:00+0200,22.932,MW,NL,NL,actual_onshore_wind_generation,Wind Onshore | Actual Aggregated,2026-08-02T23:51:38Z
2026-08-02T23:49:28Z,2026-08-03T01:49:28+0200,65d3fff1-7125-472d-bbc3-1b240f9c8d5b,2026-07-09T19:00:00Z,2026-07-09T21:00:00+0200,0.005,MW,NL,NL,actual_onshore_wind_generation,Wind Onshore | Actual Consumption,2026-08-02T23:51:38Z
2026-08-02T23:49:28Z,2026-08-03T01:49:28+0200,65d3fff1-7125-472d-bbc3-1b240f9c8d5b,2026-07-09T19:15:00Z,2026-07-09T21:15:00+0200,31.669,MW,NL,NL,actual_onshore_wind_generation,Wind Onshore | Actual Aggregated,2026-08-02T23:51:38Z
2026-08-02T23:49:28Z,2026-08-03T01:49:28+0200,65d3fff1-7125-472d-bbc3-1b240f9c8d5b,2026-07-09T19:15:00Z,2026-07-09T21:15:00+0200,0.0,MW,NL,NL,actual_onshore_wind_generation,Wind Onshore | Actual Consumption,2026-08-02T23:51:38Z
2026-08-02T23:49:28Z,2026-08-03T01:49:28+0200,65d3fff1-7125-472d-bbc3-1b240f9c8d5b,2026-07-09T19:30:00Z,2026-07-09T21:30:00+0200,44.586,MW,NL,NL,actual_onshore_wind_generation,Wind Onshore | Actual Aggregated,2026-08-02T23:51:38Z
2026-08-02T23:49:28Z,2026-08-03T01:49:28+0200,65d3fff1-7125-472d-bbc3-1b240f9c8d5b,2026-07-09T19:30:00Z,2026-07-09T21:30:00+0200,0.0,MW,NL,NL,actual_onshore_wind_generation,Wind Onshore | Actual Consumption,2026-08-02T23:51:38Z
2026-08-02T23:49:28Z,2026-08-03T01:49:28+0200,65d3fff1-7125-472d-bbc3-1b240f9c8d5b,2026-07-09T19:45:00Z,2026-07-09T21:45:00+0200,49.576,MW,NL,NL,actual_onshore_wind_generation,Wind Onshore | Actual Aggregated,2026-08-02T23:51:38Z
2026-08-02T23:49:28Z,2026-08-03T01:49:28+0200,65d3fff1-7125-472d-bbc3-1b240f9c8d5b,2026-07-09T19:45:00Z,2026-07-09T21:45:00+0200,0.0,MW,NL,NL,actual_onshore_wind_generation,Wind Onshore | Actual Consumption,2026-08-02T23:51:38Z
2026-08-02T23:49:28Z,2026-08-03T01:49:28+0200,65d3fff1-7125-472d-bbc3-1b240f9c8d5b,2026-07-09T20:00:00Z,2026-07-09T22:00:00+0200,54.915,MW,NL,NL,actual_onshore_wind_generation,Wind Onshore | Actual Aggregated,2026-08-02T23:51:38Z
2026-08-02T23:49:28Z,2026-08-03T01:49:28+0200,65d3fff1-7125-472d-bbc3-1b240f9c8d5b,2026-07-09T20:00:00Z,2026-07-09T22:00:00+0200,0.289,MW,NL,NL,actual_onshore_wind_generation,Wind Onshore | Actual Consumption,2026-08-02T23:51:38Z
2026-08-02T23:49:28Z,2026-08-03T01:49:28+0200,65d3fff1-7125-472d-bbc3-1b240f9c8d5b,2026-07-09T20:15:00Z,2026-07-09T22:15:00+0200,65.599,MW,NL,NL,actual_onshore_wind_generation,Wind Onshore | Actual Aggregated,2026-08-02T23:51:38Z
2026-08-02T23:49:28Z,2026-08-03T01:49:28+0200,65d3fff1-7125-472d-bbc3-1b240f9c8d5b,2026-07-09T20:15:00Z,2026-07-09T22:15:00+0200,0.225,MW,NL,NL,actual_onshore_wind_generation,Wind Onshore | Actual Consumption,2026-08-02T23:51:38Z
2026-08-02T23:49:28Z,2026-08-03T01:49:28+0200,65d3fff1-7125-472d-bbc3-1b240f9c8d5b,2026-07-09T20:30:00Z,2026-07-09T22:30:00+0200,81.273,MW,NL,NL,actual_onshore_wind_generation,Wind Onshore | Actual Aggregated,2026-08-02T23:51:38Z
2026-08-02T23:49:28Z,2026-08-03T01:49:28+0200,65d3fff1-7125-472d-bbc3-1b240f9c8d5b,2026-07-09T20:30:00Z,2026-07-09T22:30:00+0200,0.117,MW,NL,NL,actual_onshore_wind_generation,Wind Onshore | Actual Consumption,2026-08-02T23:51:38Z
2026-08-02T23:49:28Z,2026-08-03T01:49:28+0200,65d3fff1-7125-472d-bbc3-1b240f9c8d5b,2026-07-09T20:45:00Z,2026-07-09T22:45:00+0200,88.776,MW,NL,NL,actual_onshore_wind_generation,Wind Onshore | Actual Aggregated,2026-08-02T23:51:38Z
2026-08-02T23:49:28Z,2026-08-03T01:49:28+0200,65d3fff1-7125-472d-bbc3-1b240f9c8d5b,2026-07-09T20:45:00Z,2026-07-09T22:45:00+0200,0.054,MW,NL,NL,actual_onshore_wind_generation,Wind Onshore | Actual Consumption,2026-08-02T23:51:38Z
2026-08-02T23:49:28Z,2026-08-03T01:49:28+0200,65d3fff1-7125-472d-bbc3-1b240f9c8d5b,2026-07-09T21:00:00Z,2026-07-09T23:00:00+0200,84.097,MW,NL,NL,actual_onshore_wind_generation,Wind Onshore | Actual Aggregated,2026-08-02T23:51:38Z
2026-08-02T23:49:28Z,2026-08-03T01:49:28+0200,65d3fff1-7125-472d-bbc3-1b240f9c8d5b,2026-07-09T21:00:00Z,2026-07-09T23:00:00+0200,0.0,MW,NL,NL,actual_onshore_wind_generation,Wind Onshore | Actual Consumption,2026-08-02T23:51:38Z
2026-08-02T23:49:28Z,2026-08-03T01:49:28+0200,65d3fff1-7125-472d-bbc3-1b240f9c8d5b,2026-07-09T21:15:00Z,2026-07-09T23:15:00+0200,85.052,MW,NL,NL,actual_onshore_wind_generation,Wind Onshore | Actual Aggregated,2026-08-02T23:51:38Z
2026-08-02T23:49:28Z,2026-08-03T01:49:28+0200,65d3fff1-7125-472d-bbc3-1b240f9c8d5b,2026-07-09T21:15:00Z,2026-07-09T23:15:00+0200,0.0,MW,NL,NL,actual_onshore_wind_generation,Wind Onshore | Actual Consumption,2026-08-02T23:51:38Z
2026-08-02T23:49:28Z,2026-08-03T01:49:28+0200,65d3fff1-7125-472d-bbc3-1b240f9c8d5b,2026-07-09T21:30:00Z,2026-07-09T23:30:00+0200,81.438,MW,NL,NL,actual_onshore_wind_generation,Wind Onshore | Actual Aggregated,2026-08-02T23:51:38Z
2026-08-02T23:49:28Z,2026-08-03T01:49:28+0200,65d3fff1-7125-472d-bbc3-1b240f9c8d5b,2026-07-09T21:30:00Z,2026-07-09T23:30:00+0200,0.0,MW,NL,NL,actual_onshore_wind_generation,Wind Onshore | Actual Consumption,2026-08-02T23:51:38Z
2026-08-02T23:49:28Z,2026-08-03T01:49:28+0200,65d3fff1-7125-472d-bbc3-1b240f9c8d5b,2026-07-09T21:45:00Z,2026-07-09T23:45:00+0200,75.138,MW,NL,NL,actual_onshore_wind_generation,Wind Onshore | Actual Aggregated,2026-08-02T23:51:38Z
2026-08-02T23:49:28Z,2026-08-03T01:49:28+0200,65d3fff1-7125-472d-bbc3-1b240f9c8d5b,2026-07-09T21:45:00Z,2026-07-09T23:45:00+0200,0.0,MW,NL,NL,actual_onshore_wind_generation,Wind Onshore | Actual Consumption,2026-08-02T23:51:38Z
2026-08-02T23:49:28Z,2026-08-03T01:49:28+0200,65d3fff1-7125-472d-bbc3-1b240f9c8d5b,2026-07-09T22:00:00Z,2026-07-10T00:00:00+0200,82.772,MW,NL,NL,actual_onshore_wind_generation,Wind Onshore | Actual Aggregated,2026-08-02T23:51:38Z
2026-08-02T23:49:28Z,2026-08-03T01:49:28+0200,65d3fff1-7125-472d-bbc3-1b240f9c8d5b,2026-07-09T22:00:00Z,2026-07-10T00:00:00+0200,0.0,MW,NL,NL,actual_onshore_wind_generation,Wind Onshore | Actual Consumption,2026-08-02T23:51:38Z
2026-08-02T23:49:28Z,2026-08-03T01:49:28+0200,65d3fff1-7125-472d-bbc3-1b240f9c8d5b,2026-07-09T22:15:00Z,2026-07-10T00:15:00+0200,90.89,MW,NL,NL,actual_onshore_wind_generation,Wind Onshore | Actual Aggregated,2026-08-02T23:51:38Z
2026-08-02T23:49:28Z,2026-08-03T01:49:28+0200,65d3fff1-7125-472d-bbc3-1b240f9c8d5b,2026-07-09T22:15:00Z,2026-07-10T00:15:00+0200,0.184,MW,NL,NL,actual_onshore_wind_generation,Wind Onshore | Actual Consumption,2026-08-02T23:51:38Z
2026-08-02T23:49:28Z,2026-08-03T01:49:28+0200,65d3fff1-7125-472d-bbc3-1b240f9c8d5b,2026-07-09T22:30:00Z,2026-07-10T00:30:00+0200,89.376,MW,NL,NL,actual_onshore_wind_generation,Wind Onshore | Actual Aggregated,2026-08-02T23:51:38Z
2026-08-02T23:49:28Z,2026-08-03T01:49:28+0200,65d3fff1-7125-472d-bbc3-1b240f9c8d5b,2026-07-09T22:30:00Z,2026-07-10T00:30:00+0200,0.0,MW,NL,NL,actual_onshore_wind_generation,Wind Onshore | Actual Consumption,2026-08-02T23:51:38Z
2026-08-02T23:49:28Z,2026-08-03T01:49:28+0200,65d3fff1-7125-472d-bbc3-1b240f9c8d5b,2026-07-09T22:45:00Z,2026-07-10T00:45:00+0200,81.495,MW,NL,NL,actual_onshore_wind_generation,Wind Onshore | Actual Aggregated,2026-08-02T23:51:38Z
2026-08-02T23:49:28Z,2026-08-03T01:49:28+0200,65d3fff1-7125-472d-bbc3-1b240f9c8d5b,2026-07-09T22:45:00Z,2026-07-10T00:45:00+0200,0.0,MW,NL,NL,actual_onshore_wind_generation,Wind Onshore | Actual Consumption,2026-08-02T23:51:38Z
2026-08-02T23:49:28Z,2026-08-03T01:49:28+0200,65d3fff1-7125-472d-bbc3-1b240f9c8d5b,2026-07-09T23:00:00Z,2026-07-10T01:00:00+0200,67.978,MW,NL,NL,actual_onshore_wind_generation,Wind Onshore | Actual Aggregated,2026-08-02T23:51:38Z
2026-08-02T23:49:28Z,2026-08-03T01:49:28+0200,65d3fff1-7125-472d-bbc3-1b240f9c8d5b,2026-07-09T23:00:00Z,2026-07-10T01:00:00+0200,0.0,MW,NL,NL,actual_onshore_wind_generation,Wind Onshore | Actual Consumption,2026-08-02T23:51:38Z
2026-08-02T23:49:28Z,2026-08-03T01:49:28+0200,65d3fff1-7125-472d-bbc3-1b240f9c8d5b,2026-07-09T23:15:00Z,2026-07-10T01:15:00+0200,56.002,MW,NL,NL,actual_onshore_wind_generation,Wind Onshore | Actual Aggregated,2026-08-02T23:51:38Z
2026-08-02T23:49:28Z,2026-08-03T01:49:28+0200,65d3fff1-7125-472d-bbc3-1b240f9c8d5b,2026-07-09T23:15:00Z,2026-07-10T01:15:00+0200,0.863,MW,NL,NL,actual_onshore_wind_generation,Wind Onshore | Actual Consumption,2026-08-02T23:51:38Z
2026-08-02T23:49:28Z,2026-08-03T01:49:28+0200,65d3fff1-7125-472d-bbc3-1b240f9c8d5b,2026-07-09T23:30:00Z,2026-07-10T01:30:00+0200,51.21,MW,NL,NL,actual_onshore_wind_generation,Wind Onshore | Actual Aggregated,2026-08-02T23:51:38Z
2026-08-02T23:49:28Z,2026-08-03T01:49:28+0200,65d3fff1-7125-472d-bbc3-1b240f9c8d5b,2026-07-09T23:30:00Z,2026-07-10T01:30:00+0200,2.728,MW,NL,NL,actual_onshore_wind_generation,Wind Onshore | Actual Consumption,2026-08-02T23:51:38Z
2026-08-02T23:49:28Z,2026-08-03T01:49:28+0200,65d3fff1-7125-472d-bbc3-1b240f9c8d5b,2026-07-09T23:45:00Z,2026-07-10T01:45:00+0200,51.281,MW,NL,NL,actual_onshore_wind_generation,Wind Onshore | Actual Aggregated,2026-08-02T23:51:38Z
2026-08-02T23:49:28Z,2026-08-03T01:49:28+0200,65d3fff1-7125-472d-bbc3-1b240f9c8d5b,2026-07-09T23:45:00Z,2026-07-10T01:45:00+0200,3.289,MW,NL,NL,actual_onshore_wind_generation,Wind Onshore | Actual Consumption,2026-08-02T23:51:38Z
2026-08-02T23:49:28Z,2026-08-03T01:49:28+0200,65d3fff1-7125-472d-bbc3-1b240f9c8d5b,2026-07-10T00:00:00Z,2026-07-10T02:00:00+0200,55.474,MW,NL,NL,actual_onshore_wind_generation,Wind Onshore | Actual Aggregated,2026-08-02T23:51:38Z
2026-08-02T23:49:28Z,2026-08-03T01:49:28+0200,65d3fff1-7125-472d-bbc3-1b240f9c8d5b,2026-07-10T00:00:00Z,2026-07-10T02:00:00+0200,3.764,MW,NL,NL,actual_onshore_wind_generation,Wind Onshore | Actual Consumption,2026-08-02T23:51:38Z
2026-08-02T23:49:28Z,2026-08-03T01:49:28+0200,65d3fff1-7125-472d-bbc3-1b240f9c8d5b,2026-07-10T00:15:00Z,2026-07-10T02:15:00+0200,59.15,MW,NL,NL,actual_onshore_wind_generation,Wind Onshore | Actual Aggregated,2026-08-02T23:51:38Z
2026-08-02T23:49:28Z,2026-08-03T01:49:28+0200,65d3fff1-7125-472d-bbc3-1b240f9c8d5b,2026-07-10T00:15:00Z,2026-07-10T02:15:00+0200,3.142,MW,NL,NL,actual_onshore_wind_generation,Wind Onshore | Actual Consumption,2026-08-02T23:51:38Z
2026-08-02T23:49:28Z,2026-08-03T01:49:28+0200,65d3fff1-7125-472d-bbc3-1b240f9c8d5b,2026-07-10T00:30:00Z,2026-07-10T02:30:00+0200,55.302,MW,NL,NL,actual_onshore_wind_generation,Wind Onshore | Actual Aggregated,2026-08-02T23:51:38Z
2026-08-02T23:49:28Z,2026-08-03T01:49:28+0200,65d3fff1-7125-472d-bbc3-1b240f9c8d5b,2026-07-10T00:30:00Z,2026-07-10T02:30:00+0200,1.394,MW,NL,NL,actual_onshore_wind_generation,Wind Onshore | Actual Consumption,2026-08-02T23:51:38Z
2026-08-02T23:49:28Z,2026-08-03T01:49:28+0200,65d3fff1-7125-472d-bbc3-1b240f9c8d5b,2026-07-10T00:45:00Z,2026-07-10T02:45:00+0200,51.96,MW,NL,NL,actual_onshore_wind_generation,Wind Onshore | Actual Aggregated,2026-08-02T23:51:38Z
2026-08-02T23:49:28Z,2026-08-03T01:49:28+0200,65d3fff1-7125-472d-bbc3-1b240f9c8d5b,2026-07-10T00:45:00Z,2026-07-10T02:45:00+0200,0.042,MW,NL,NL,actual_onshore_wind_generation,Wind Onshore | Actual Consumption,2026-08-02T23:51:38Z
2026-08-02T23:49:28Z,2026-08-03T01:49:28+0200,65d3fff1-7125-472d-bbc3-1b240f9c8d5b,2026-07-10T01:00:00Z,2026-07-10T03:00:00+0200,49.935,MW,NL,NL,actual_onshore_wind_generation,Wind Onshore | Actual Aggregated,2026-08-02T23:51:38Z
2026-08-02T23:49:28Z,2026-08-03T01:49:28+0200,65d3fff1-7125-472d-bbc3-1b240f9c8d5b,2026-07-10T01:00:00Z,2026-07-10T03:00:00+0200,0.237,MW,NL,NL,actual_onshore_wind_generation,Wind Onshore | Actual Consumption,2026-08-02T23:51:38Z
2026-08-02T23:49:28Z,2026-08-03T01:49:28+0200,65d3fff1-7125-472d-bbc3-1b240f9c8d5b,2026-07-10T01:15:00Z,2026-07-10T03:15:00+0200,47.072,MW,NL,NL,actual_onshore_wind_generation,Wind Onshore | Actual Aggregated,2026-08-02T23:51:38Z
2026-08-02T23:49:28Z,2026-08-03T01:49:28+0200,65d3fff1-7125-472d-bbc3-1b240f9c8d5b,2026-07-10T01:15:00Z,2026-07-10T03:15:00+0200,0.0,MW,NL,NL,actual_onshore_wind_generation,Wind Onshore | Actual Consumption,2026-08-02T23:51:38Z
2026-08-02T23:49:28Z,2026-08-03T01:49:28+0200,65d3fff1-7125-472d-bbc3-1b240f9c8d5b,2026-07-10T01:30:00Z,2026-07-10T03:30:00+0200,46.455,MW,NL,NL,actual_onshore_wind_generation,Wind Onshore | Actual Aggregated,2026-08-02T23:51:38Z
2026-08-02T23:49:28Z,2026-08-03T01:49:28+0200,65d3fff1-7125-472d-bbc3-1b240f9c8d5b,2026-07-10T01:30:00Z,2026-07-10T03:30:00+0200,0.554,MW,NL,NL,actual_onshore_wind_generation,Wind Onshore | Actual Consumption,2026-08-02T23:51:38Z
2026-08-02T23:49:28Z,2026-08-03T01:49:28+0200,65d3fff1-7125-472d-bbc3-1b240f9c8d5b,2026-07-10T01:45:00Z,2026-07-10T03:45:00+0200,43.319,MW,NL,NL,actual_onshore_wind_generation,Wind Onshore | Actual Aggregated,2026-08-02T23:51:38Z
2026-08-02T23:49:28Z,2026-08-03T01:49:28+0200,65d3fff1-7125-472d-bbc3-1b240f9c8d5b,2026-07-10T01:45:00Z,2026-07-10T03:45:00+0200,1.569,MW,NL,NL,actual_onshore_wind_generation,Wind Onshore | Actual Consumption,2026-08-02T23:51:38Z
2026-08-02T23:49:28Z,2026-08-03T01:49:28+0200,65d3fff1-7125-472d-bbc3-1b240f9c8d5b,2026-07-10T02:00:00Z,2026-07-10T04:00:00+0200,43.895,MW,NL,NL,actual_onshore_wind_generation,Wind Onshore | Actual Aggregated,2026-08-02T23:51:38Z
2026-08-02T23:49:28Z,2026-08-03T01:49:28+0200,65d3fff1-7125-472d-bbc3-1b240f9c8d5b,2026-07-10T02:00:00Z,2026-07-10T04:00:00+0200,3.026,MW,NL,NL,actual_onshore_wind_generation,Wind Onshore | Actual Consumption,2026-08-02T23:51:38Z
2026-08-02T23:49:28Z,2026-08-03T01:49:28+0200,65d3fff1-7125-472d-bbc3-1b240f9c8d5b,2026-07-10T02:15:00Z,2026-07-10T04:15:00+0200,43.669,MW,NL,NL,actual_onshore_wind_generation,Wind Onshore | Actual Aggregated,2026-08-02T23:51:38Z
2026-08-02T23:49:28Z,2026-08-03T01:49:28+0200,65d3fff1-7125-472d-bbc3-1b240f9c8d5b,2026-07-10T02:15:00Z,2026-07-10T04:15:00+0200,2.981,MW,NL,NL,actual_onshore_wind_generation,Wind Onshore | Actual Consumption,2026-08-02T23:51:38Z
2026-08-02T23:49:28Z,2026-08-03T01:49:28+0200,65d3fff1-7125-472d-bbc3-1b240f9c8d5b,2026-07-10T02:30:00Z,2026-07-10T04:30:00+0200,41.925,MW,NL,NL,actual_onshore_wind_generation,Wind Onshore | Actual Aggregated,2026-08-02T23:51:38Z
2026-08-02T23:49:28Z,2026-08-03T01:49:28+0200,65d3fff1-7125-472d-bbc3-1b240f9c8d5b,2026-07-10T02:30:00Z,2026-07-10T04:30:00+0200,2.369,MW,NL,NL,actual_onshore_wind_generation,Wind Onshore | Actual Consumption,2026-08-02T23:51:38Z
2026-08-02T23:49:28Z,2026-08-03T01:49:28+0200,65d3fff1-7125-472d-bbc3-1b240f9c8d5b,2026-07-10T02:45:00Z,2026-07-10T04:45:00+0200,42.8,MW,NL,NL,actual_onshore_wind_generation,Wind Onshore | Actual Aggregated,2026-08-02T23:51:38Z
2026-08-02T23:49:28Z,2026-08-03T01:49:28+0200,65d3fff1-7125-472d-bbc3-1b240f9c8d5b,2026-07-10T02:45:00Z,2026-07-10T04:45:00+0200,0.795,MW,NL,NL,actual_onshore_wind_generation,Wind Onshore | Actual Consumption,2026-08-02T23:51:38Z
2026-08-02T23:49:28Z,2026-08-03T01:49:28+0200,65d3fff1-7125-472d-bbc3-1b240f9c8d5b,2026-07-10T03:00:00Z,2026-07-10T05:00:00+0200,44.365,MW,NL,NL,actual_onshore_wind_generation,Wind Onshore | Actual Aggregated,2026-08-02T23:51:38Z
2026-08-02T23:49:28Z,2026-08-03T01:49:28+0200,65d3fff1-7125-472d-bbc3-1b240f9c8d5b,2026-07-10T03:00:00Z,2026-07-10T05:00:00+0200,0.0,MW,NL,NL,actual_onshore_wind_generation,Wind Onshore | Actual Consumption,2026-08-02T23:51:38Z
2026-08-02T23:49:28Z,2026-08-03T01:49:28+0200,65d3fff1-7125-472d-bbc3-1b240f9c8d5b,2026-07-10T03:15:00Z,2026-07-10T05:15:00+0200,50.223,MW,NL,NL,actual_onshore_wind_generation,Wind Onshore | Actual Aggregated,2026-08-02T23:51:38Z
2026-08-02T23:49:28Z,2026-08-03T01:49:28+0200,65d3fff1-7125-472d-bbc3-1b240f9c8d5b,2026-07-10T03:15:00Z,2026-07-10T05:15:00+0200,0.0,MW,NL,NL,actual_onshore_wind_generation,Wind Onshore | Actual Consumption,2026-08-02T23:51:38Z
2026-08-02T23:49:28Z,2026-08-03T01:49:28+0200,65d3fff1-7125-472d-bbc3-1b240f9c8d5b,2026-07-10T03:30:00Z,2026-07-10T05:30:00+0200,49.212,MW,NL,NL,actual_onshore_wind_generation,Wind Onshore | Actual Aggregated,2026-08-02T23:51:38Z
2026-08-02T23:49:28Z,2026-08-03T01:49:28+0200,65d3fff1-7125-472d-bbc3-1b240f9c8d5b,2026-07-10T03:30:00Z,2026-07-10T05:30:00+0200,0.0,MW,NL,NL,actual_onshore_wind_generation,Wind Onshore | Actual Consumption,2026-08-02T23:51:38Z
2026-08-02T23:49:28Z,2026-08-03T01:49:28+0200,65d3fff1-7125-472d-bbc3-1b240f9c8d5b,2026-07-10T03:45:00Z,2026-07-10T05:45:00+0200,42.347,MW,NL,NL,actual_onshore_wind_generation,Wind Onshore | Actual Aggregated,2026-08-02T23:51:38Z
2026-08-02T23:49:28Z,2026-08-03T01:49:28+0200,65d3fff1-7125-472d-bbc3-1b240f9c8d5b,2026-07-10T03:45:00Z,2026-07-10T05:45:00+0200,0.0,MW,NL,NL,actual_onshore_wind_generation,Wind Onshore | Actual Consumption,2026-08-02T23:51:38Z
2026-08-02T23:49:28Z,2026-08-03T01:49:28+0200,65d3fff1-7125-472d-bbc3-1b240f9c8d5b,2026-07-10T04:00:00Z,2026-07-10T06:00:00+0200,46.252,MW,NL,NL,actual_onshore_wind_generation,Wind Onshore | Actual Aggregated,2026-08-02T23:51:38Z
2026-08-02T23:49:28Z,2026-08-03T01:49:28+0200,65d3fff1-7125-472d-bbc3-1b240f9c8d5b,2026-07-10T04:00:00Z,2026-07-10T06:00:00+0200,0.0,MW,NL,NL,actual_onshore_wind_generation,Wind Onshore | Actual Consumption,2026-08-02T23:51:38Z
2026-08-02T23:49:28Z,2026-08-03T01:49:28+0200,65d3fff1-7125-472d-bbc3-1b240f9c8d5b,2026-07-10T04:15:00Z,2026-07-10T06:15:00+0200,52.143,MW,NL,NL,actual_onshore_wind_generation,Wind Onshore | Actual Aggregated,2026-08-02T23:51:38Z
2026-08-02T23:49:28Z,2026-08-03T01:49:28+0200,65d3fff1-7125-472d-bbc3-1b240f9c8d5b,2026-07-10T04:15:00Z,2026-07-10T06:15:00+0200,0.0,MW,NL,NL,actual_onshore_wind_generation,Wind Onshore | Actual Consumption,2026-08-02T23:51:38Z
2026-08-02T23:49:28Z,2026-08-03T01:49:28+0200,65d3fff1-7125-472d-bbc3-1b240f9c8d5b,2026-07-10T04:30:00Z,2026-07-10T06:30:00+0200,61.955,MW,NL,NL,actual_onshore_wind_generation,Wind Onshore | Actual Aggregated,2026-08-02T23:51:38Z
2026-08-02T23:49:28Z,2026-08-03T01:49:28+0200,65d3fff1-7125-472d-bbc3-1b240f9c8d5b,2026-07-10T04:30:00Z,2026-07-10T06:30:00+0200,0.0,MW,NL,NL,actual_onshore_wind_generation,Wind Onshore | Actual Consumption,2026-08-02T23:51:38Z
2026-08-02T23:49:28Z,2026-08-03T01:49:28+0200,65d3fff1-7125-472d-bbc3-1b240f9c8d5b,2026-07-10T04:45:00Z,2026-07-10T06:45:00+0200,61.006,MW,NL,NL,actual_onshore_wind_generation,Wind Onshore | Actual Aggregated,2026-08-02T23:51:38Z
2026-08-02T23:49:28Z,2026-08-03T01:49:28+0200,65d3fff1-7125-472d-bbc3-1b240f9c8d5b,2026-07-10T04:45:00Z,2026-07-10T06:45:00+0200,0.0,MW,NL,NL,actual_onshore_wind_generation,Wind Onshore | Actual Consumption,2026-08-02T23:51:38Z
2026-08-02T23:49:28Z,2026-08-03T01:49:28+0200,65d3fff1-7125-472d-bbc3-1b240f9c8d5b,2026-07-10T05:00:00Z,2026-07-10T07:00:00+0200,49.436,MW,NL,NL,actual_onshore_wind_generation,Wind Onshore | Actual Aggregated,2026-08-02T23:51:38Z
2026-08-02T23:49:28Z,2026-08-03T01:49:28+0200,65d3fff1-7125-472d-bbc3-1b240f9c8d5b,2026-07-10T05:00:00Z,2026-07-10T07:00:00+0200,0.016,MW,NL,NL,actual_onshore_wind_generation,Wind Onshore | Actual Consumption,2026-08-02T23:51:38Z
2026-08-02T23:49:28Z,2026-08-03T01:49:28+0200,65d3fff1-7125-472d-bbc3-1b240f9c8d5b,2026-07-10T05:15:00Z,2026-07-10T07:15:00+0200,36.671,MW,NL,NL,actual_onshore_wind_generation,Wind Onshore | Actual Aggregated,2026-08-02T23:51:38Z
2026-08-02T23:49:28Z,2026-08-03T01:49:28+0200,65d3fff1-7125-472d-bbc3-1b240f9c8d5b,2026-07-10T05:15:00Z,2026-07-10T07:15:00+0200,0.347,MW,NL,NL,actual_onshore_wind_generation,Wind Onshore | Actual Consumption,2026-08-02T23:51:38Z
2026-08-02T23:49:28Z,2026-08-03T01:49:28+0200,65d3fff1-7125-472d-bbc3-1b240f9c8d5b,2026-07-10T05:30:00Z,2026-07-10T07:30:00+0200,26.229,MW,NL,NL,actual_onshore_wind_generation,Wind Onshore | Actual Aggregated,2026-08-02T23:51:38Z
2026-08-02T23:49:28Z,2026-08-03T01:49:28+0200,65d3fff1-7125-472d-bbc3-1b240f9c8d5b,2026-07-10T05:30:00Z,2026-07-10T07:30:00+0200,2.226,MW,NL,NL,actual_onshore_wind_generation,Wind Onshore | Actual Consumption,2026-08-02T23:51:38Z
2026-08-02T23:49:28Z,2026-08-03T01:49:28+0200,65d3fff1-7125-472d-bbc3-1b240f9c8d5b,2026-07-10T05:45:00Z,2026-07-10T07:45:00+0200,20.084,MW,NL,NL,actual_onshore_wind_generation,Wind Onshore | Actual Aggregated,2026-08-02T23:51:38Z
2026-08-02T23:49:28Z,2026-08-03T01:49:28+0200,65d3fff1-7125-472d-bbc3-1b240f9c8d5b,2026-07-10T05:45:00Z,2026-07-10T07:45:00+0200,2.822,MW,NL,NL,actual_onshore_wind_generation,Wind Onshore | Actual Consumption,2026-08-02T23:51:38Z
2026-08-02T23:49:28Z,2026-08-03T01:49:28+0200,65d3fff1-7125-472d-bbc3-1b240f9c8d5b,2026-07-10T06:00:00Z,2026-07-10T08:00:00+0200,16.705,MW,NL,NL,actual_onshore_wind_generation,Wind Onshore | Actual Aggregated,2026-08-02T23:51:38Z
2026-08-02T23:49:28Z,2026-08-03T01:49:28+0200,65d3fff1-7125-472d-bbc3-1b240f9c8d5b,2026-07-10T06:00:00Z,2026-07-10T08:00:00+0200,3.8,MW,NL,NL,actual_onshore_wind_generation,Wind Onshore | Actual Consumption,2026-08-02T23:51:38Z
2026-08-02T23:49:28Z,2026-08-03T01:49:28+0200,65d3fff1-7125-472d-bbc3-1b240f9c8d5b,2026-07-10T06:15:00Z,2026-07-10T08:15:00+0200,14.054,MW,NL,NL,actual_onshore_wind_generation,Wind Onshore | Actual Aggregated,2026-08-02T23:51:38Z
2026-08-02T23:49:28Z,2026-08-03T01:49:28+0200,65d3fff1-7125-472d-bbc3-1b240f9c8d5b,2026-07-10T06:15:00Z,2026-07-10T08:15:00+0200,3.836,MW,NL,NL,actual_onshore_wind_generation,Wind Onshore | Actual Consumption,2026-08-02T23:51:38Z
2026-08-02T23:49:28Z,2026-08-03T01:49:28+0200,65d3fff1-7125-472d-bbc3-1b240f9c8d5b,2026-07-10T06:30:00Z,2026-07-10T08:30:00+0200,9.865,MW,NL,NL,actual_onshore_wind_generation,Wind Onshore | Actual Aggregated,2026-08-02T23:51:38Z
2026-08-02T23:49:28Z,2026-08-03T01:49:28+0200,65d3fff1-7125-472d-bbc3-1b240f9c8d5b,2026-07-10T06:30:00Z,2026-07-10T08:30:00+0200,4.019,MW,NL,NL,actual_onshore_wind_generation,Wind Onshore | Actual Consumption,2026-08-02T23:51:38Z
2026-08-02T23:49:28Z,2026-08-03T01:49:28+0200,65d3fff1-7125-472d-bbc3-1b240f9c8d5b,2026-07-10T06:45:00Z,2026-07-10T08:45:00+0200,9.523,MW,NL,NL,actual_onshore_wind_generation,Wind Onshore | Actual Aggregated,2026-08-02T23:51:38Z
2026-08-02T23:49:28Z,2026-08-03T01:49:28+0200,65d3fff1-7125-472d-bbc3-1b240f9c8d5b,2026-07-10T06:45:00Z,2026-07-10T08:45:00+0200,4.361,MW,NL,NL,actual_onshore_wind_generation,Wind Onshore | Actual Consumption,2026-08-02T23:51:38Z
2026-08-02T23:49:28Z,2026-08-03T01:49:28+0200,65d3fff1-7125-472d-bbc3-1b240f9c8d5b,2026-07-10T07:00:00Z,2026-07-10T09:00:00+0200,8.338,MW,NL,NL,actual_onshore_wind_generation,Wind Onshore | Actual Aggregated,2026-08-02T23:51:38Z
2026-08-02T23:49:28Z,2026-08-03T01:49:28+0200,65d3fff1-7125-472d-bbc3-1b240f9c8d5b,2026-07-10T07:00:00Z,2026-07-10T09:00:00+0200,4.256,MW,NL,NL,actual_onshore_wind_generation,Wind Onshore | Actual Consumption,2026-08-02T23:51:38Z
2026-08-02T23:49:28Z,2026-08-03T01:49:28+0200,65d3fff1-7125-472d-bbc3-1b240f9c8d5b,2026-07-10T07:15:00Z,2026-07-10T09:15:00+0200,9.258,MW,NL,NL,actual_onshore_wind_generation,Wind Onshore | Actual Aggregated,2026-08-02T23:51:38Z
2026-08-02T23:49:28Z,2026-08-03T01:49:28+0200,65d3fff1-7125-472d-bbc3-1b240f9c8d5b,2026-07-10T07:15:00Z,2026-07-10T09:15:00+0200,4.81,MW,NL,NL,actual_onshore_wind_generation,Wind Onshore | Actual Consumption,2026-08-02T23:51:38Z
2026-08-02T23:49:28Z,2026-08-03T01:49:28+0200,65d3fff1-7125-472d-bbc3-1b240f9c8d5b,2026-07-10T07:30:00Z,2026-07-10T09:30:00+0200,7.964,MW,NL,NL,actual_onshore_wind_generation,Wind Onshore | Actual Aggregated,2026-08-02T23:51:38Z
2026-08-02T23:49:28Z,2026-08-03T01:49:28+0200,65d3fff1-7125-472d-bbc3-1b240f9c8d5b,2026-07-10T07:30:00Z,2026-07-10T09:30:00+0200,4.888,MW,NL,NL,actual_onshore_wind_generation,Wind Onshore | Actual Consumption,2026-08-02T23:51:38Z
2026-08-02T23:49:28Z,2026-08-03T01:49:28+0200,65d3fff1-7125-472d-bbc3-1b240f9c8d5b,2026-07-10T07:45:00Z,2026-07-10T09:45:00+0200,10.104,MW,NL,NL,actual_onshore_wind_generation,Wind Onshore | Actual Aggregated,2026-08-02T23:51:38Z
2026-08-02T23:49:28Z,2026-08-03T01:49:28+0200,65d3fff1-7125-472d-bbc3-1b240f9c8d5b,2026-07-10T07:45:00Z,2026-07-10T09:45:00+0200,5.062,MW,NL,NL,actual_onshore_wind_generation,Wind Onshore | Actual Consumption,2026-08-02T23:51:38Z
2026-08-02T23:49:28Z,2026-08-03T01:49:28+0200,65d3fff1-7125-472d-bbc3-1b240f9c8d5b,2026-07-10T08:00:00Z,2026-07-10T10:00:00+0200,7.552,MW,NL,NL,actual_onshore_wind_generation,Wind Onshore | Actual Aggregated,2026-08-02T23:51:38Z
2026-08-02T23:49:28Z,2026-08-03T01:49:28+0200,65d3fff1-7125-472d-bbc3-1b240f9c8d5b,2026-07-10T08:00:00Z,2026-07-10T10:00:00+0200,5.519,MW,NL,NL,actual_onshore_wind_generation,Wind Onshore | Actual Consumption,2026-08-02T23:51:38Z
2026-08-02T23:49:28Z,2026-08-03T01:49:28+0200,65d3fff1-7125-472d-bbc3-1b240f9c8d5b,2026-07-10T08:15:00Z,2026-07-10T10:15:00+0200,7.654,MW,NL,NL,actual_onshore_wind_generation,Wind Onshore | Actual Aggregated,2026-08-02T23:51:38Z
2026-08-02T23:49:28Z,2026-08-03T01:49:28+0200,65d3fff1-7125-472d-bbc3-1b240f9c8d5b,2026-07-10T08:15:00Z,2026-07-10T10:15:00+0200,6.225,MW,NL,NL,actual_onshore_wind_generation,Wind Onshore | Actual Consumption,2026-08-02T23:51:38Z
2026-08-02T23:49:28Z,2026-08-03T01:49:28+0200,65d3fff1-7125-472d-bbc3-1b240f9c8d5b,2026-07-10T08:30:00Z,2026-07-10T10:30:00+0200,5.831,MW,NL,NL,actual_onshore_wind_generation,Wind Onshore | Actual Aggregated,2026-08-02T23:51:38Z
2026-08-02T23:49:28Z,2026-08-03T01:49:28+0200,65d3fff1-7125-472d-bbc3-1b240f9c8d5b,2026-07-10T08:30:00Z,2026-07-10T10:30:00+0200,6.066,MW,NL,NL,actual_onshore_wind_generation,Wind Onshore | Actual Consumption,2026-08-02T23:51:38Z
2026-08-02T23:49:28Z,2026-08-03T01:49:28+0200,65d3fff1-7125-472d-bbc3-1b240f9c8d5b,2026-07-10T08:45:00Z,2026-07-10T10:45:00+0200,4.819,MW,NL,NL,actual_onshore_wind_generation,Wind Onshore | Actual Aggregated,2026-08-02T23:51:38Z
2026-08-02T23:49:28Z,2026-08-03T01:49:28+0200,65d3fff1-7125-472d-bbc3-1b240f9c8d5b,2026-07-10T08:45:00Z,2026-07-10T10:45:00+0200,6.693,MW,NL,NL,actual_onshore_wind_generation,Wind Onshore | Actual Consumption,2026-08-02T23:51:38Z
2026-08-02T23:49:28Z,2026-08-03T01:49:28+0200,65d3fff1-7125-472d-bbc3-1b240f9c8d5b,2026-07-10T09:00:00Z,2026-07-10T11:00:00+0200,5.267,MW,NL,NL,actual_onshore_wind_generation,Wind Onshore | Actual Aggregated,2026-08-02T23:51:38Z
2026-08-02T23:49:28Z,2026-08-03T01:49:28+0200,65d3fff1-7125-472d-bbc3-1b240f9c8d5b,2026-07-10T09:00:00Z,2026-07-10T11:00:00+0200,6.943,MW,NL,NL,actual_onshore_wind_generation,Wind Onshore | Actual Consumption,2026-08-02T23:51:38Z
2026-08-02T23:49:28Z,2026-08-03T01:49:28+0200,65d3fff1-7125-472d-bbc3-1b240f9c8d5b,2026-07-10T09:15:00Z,2026-07-10T11:15:00+0200,5.665,MW,NL,NL,actual_onshore_wind_generation,Wind Onshore | Actual Aggregated,2026-08-02T23:51:38Z
2026-08-02T23:49:28Z,2026-08-03T01:49:28+0200,65d3fff1-7125-472d-bbc3-1b240f9c8d5b,2026-07-10T09:15:00Z,2026-07-10T11:15:00+0200,7.253,MW,NL,NL,actual_onshore_wind_generation,Wind Onshore | Actual Consumption,2026-08-02T23:51:38Z
2026-08-02T23:49:28Z,2026-08-03T01:49:28+0200,65d3fff1-7125-472d-bbc3-1b240f9c8d5b,2026-07-10T09:30:00Z,2026-07-10T11:30:00+0200,5.671,MW,NL,NL,actual_onshore_wind_generation,Wind Onshore | Actual Aggregated,2026-08-02T23:51:38Z
2026-08-02T23:49:28Z,2026-08-03T01:49:28+0200,65d3fff1-7125-472d-bbc3-1b240f9c8d5b,2026-07-10T09:30:00Z,2026-07-10T11:30:00+0200,6.931,MW,NL,NL,actual_onshore_wind_generation,Wind Onshore | Actual Consumption,2026-08-02T23:51:38Z
2026-08-02T23:49:28Z,2026-08-03T01:49:28+0200,65d3fff1-7125-472d-bbc3-1b240f9c8d5b,2026-07-10T09:45:00Z,2026-07-10T11:45:00+0200,9.146,MW,NL,NL,actual_onshore_wind_generation,Wind Onshore | Actual Aggregated,2026-08-02T23:51:38Z
2026-08-02T23:49:28Z,2026-08-03T01:49:28+0200,65d3fff1-7125-472d-bbc3-1b240f9c8d5b,2026-07-10T09:45:00Z,2026-07-10T11:45:00+0200,6.91,MW,NL,NL,actual_onshore_wind_generation,Wind Onshore | Actual Consumption,2026-08-02T23:51:38Z
2026-08-02T23:49:28Z,2026-08-03T01:49:28+0200,65d3fff1-7125-472d-bbc3-1b240f9c8d5b,2026-07-10T10:00:00Z,2026-07-10T12:00:00+0200,10.425,MW,NL,NL,actual_onshore_wind_generation,Wind Onshore | Actual Aggregated,2026-08-02T23:51:38Z
2026-08-02T23:49:28Z,2026-08-03T01:49:28+0200,65d3fff1-7125-472d-bbc3-1b240f9c8d5b,2026-07-10T10:00:00Z,2026-07-10T12:00:00+0200,6.452,MW,NL,NL,actual_onshore_wind_generation,Wind Onshore | Actual Consumption,2026-08-02T23:51:38Z
2026-08-02T23:49:28Z,2026-08-03T01:49:28+0200,65d3fff1-7125-472d-bbc3-1b240f9c8d5b,2026-07-10T10:15:00Z,2026-07-10T12:15:00+0200,12.616,MW,NL,NL,actual_onshore_wind_generation,Wind Onshore | Actual Aggregated,2026-08-02T23:51:38Z
2026-08-02T23:49:28Z,2026-08-03T01:49:28+0200,65d3fff1-7125-472d-bbc3-1b240f9c8d5b,2026-07-10T10:15:00Z,2026-07-10T12:15:00+0200,6.4,MW,NL,NL,actual_onshore_wind_generation,Wind Onshore | Actual Consumption,2026-08-02T23:51:38Z
2026-08-02T23:49:28Z,2026-08-03T01:49:28+0200,65d3fff1-7125-472d-bbc3-1b240f9c8d5b,2026-07-10T10:30:00Z,2026-07-10T12:30:00+0200,16.952,MW,NL,NL,actual_onshore_wind_generation,Wind Onshore | Actual Aggregated,2026-08-02T23:51:38Z
2026-08-02T23:49:28Z,2026-08-03T01:49:28+0200,65d3fff1-7125-472d-bbc3-1b240f9c8d5b,2026-07-10T10:30:00Z,2026-07-10T12:30:00+0200,5.79,MW,NL,NL,actual_onshore_wind_generation,Wind Onshore | Actual Consumption,2026-08-02T23:51:38Z
2026-08-02T23:49:28Z,2026-08-03T01:49:28+0200,65d3fff1-7125-472d-bbc3-1b240f9c8d5b,2026-07-10T10:45:00Z,2026-07-10T12:45:00+0200,24.965,MW,NL,NL,actual_onshore_wind_generation,Wind Onshore | Actual Aggregated,2026-08-02T23:51:38Z
2026-08-02T23:49:28Z,2026-08-03T01:49:28+0200,65d3fff1-7125-472d-bbc3-1b240f9c8d5b,2026-07-10T10:45:00Z,2026-07-10T12:45:00+0200,5.569,MW,NL,NL,actual_onshore_wind_generation,Wind Onshore | Actual Consumption,2026-08-02T23:51:38Z
2026-08-02T23:49:28Z,2026-08-03T01:49:28+0200,65d3fff1-7125-472d-bbc3-1b240f9c8d5b,2026-07-10T11:00:00Z,2026-07-10T13:00:00+0200,27.317,MW,NL,NL,actual_onshore_wind_generation,Wind Onshore | Actual Aggregated,2026-08-02T23:51:38Z
2026-08-02T23:49:28Z,2026-08-03T01:49:28+0200,65d3fff1-7125-472d-bbc3-1b240f9c8d5b,2026-07-10T11:00:00Z,2026-07-10T13:00:00+0200,4.373,MW,NL,NL,actual_onshore_wind_generation,Wind Onshore | Actual Consumption,2026-08-02T23:51:38Z
2026-08-02T23:49:28Z,2026-08-03T01:49:28+0200,65d3fff1-7125-472d-bbc3-1b240f9c8d5b,2026-07-10T11:15:00Z,2026-07-10T13:15:00+0200,33.893,MW,NL,NL,actual_onshore_wind_generation,Wind Onshore | Actual Aggregated,2026-08-02T23:51:38Z
2026-08-02T23:49:28Z,2026-08-03T01:49:28+0200,65d3fff1-7125-472d-bbc3-1b240f9c8d5b,2026-07-10T11:15:00Z,2026-07-10T13:15:00+0200,1.76,MW,NL,NL,actual_onshore_wind_generation,Wind Onshore | Actual Consumption,2026-08-02T23:51:38Z
2026-08-02T23:49:28Z,2026-08-03T01:49:28+0200,65d3fff1-7125-472d-bbc3-1b240f9c8d5b,2026-07-10T11:30:00Z,2026-07-10T13:30:00+0200,41.134,MW,NL,NL,actual_onshore_wind_generation,Wind Onshore | Actual Aggregated,2026-08-02T23:51:38Z
2026-08-02T23:49:28Z,2026-08-03T01:49:28+0200,65d3fff1-7125-472d-bbc3-1b240f9c8d5b,2026-07-10T11:30:00Z,2026-07-10T13:30:00+0200,0.307,MW,NL,NL,actual_onshore_wind_generation,Wind Onshore | Actual Consumption,2026-08-02T23:51:38Z
2026-08-02T23:49:28Z,2026-08-03T01:49:28+0200,65d3fff1-7125-472d-bbc3-1b240f9c8d5b,2026-07-10T11:45:00Z,2026-07-10T13:45:00+0200,45.523,MW,NL,NL,actual_onshore_wind_generation,Wind Onshore | Actual Aggregated,2026-08-02T23:51:38Z
2026-08-02T23:49:28Z,2026-08-03T01:49:28+0200,65d3fff1-7125-472d-bbc3-1b240f9c8d5b,2026-07-10T11:45:00Z,2026-07-10T13:45:00+0200,0.092,MW,NL,NL,actual_onshore_wind_generation,Wind Onshore | Actual Consumption,2026-08-02T23:51:38Z
2026-08-02T23:49:28Z,2026-08-03T01:49:28+0200,65d3fff1-7125-472d-bbc3-1b240f9c8d5b,2026-07-10T12:00:00Z,2026-07-10T14:00:00+0200,55.686,MW,NL,NL,actual_onshore_wind_generation,Wind Onshore | Actual Aggregated,2026-08-02T23:51:38Z
2026-08-02T23:49:28Z,2026-08-03T01:49:28+0200,65d3fff1-7125-472d-bbc3-1b240f9c8d5b,2026-07-10T12:00:00Z,2026-07-10T14:00:00+0200,0.005,MW,NL,NL,actual_onshore_wind_generation,Wind Onshore | Actual Consumption,2026-08-02T23:51:38Z
2026-08-02T23:49:28Z,2026-08-03T01:49:28+0200,65d3fff1-7125-472d-bbc3-1b240f9c8d5b,2026-07-10T12:15:00Z,2026-07-10T14:15:00+0200,67.039,MW,NL,NL,actual_onshore_wind_generation,Wind Onshore | Actual Aggregated,2026-08-02T23:51:38Z
2026-08-02T23:49:28Z,2026-08-03T01:49:28+0200,65d3fff1-7125-472d-bbc3-1b240f9c8d5b,2026-07-10T12:15:00Z,2026-07-10T14:15:00+0200,0.0,MW,NL,NL,actual_onshore_wind_generation,Wind Onshore | Actual Consumption,2026-08-02T23:51:38Z
2026-08-02T23:49:28Z,2026-08-03T01:49:28+0200,65d3fff1-7125-472d-bbc3-1b240f9c8d5b,2026-07-10T12:30:00Z,2026-07-10T14:30:00+0200,69.34,MW,NL,NL,actual_onshore_wind_generation,Wind Onshore | Actual Aggregated,2026-08-02T23:51:38Z
2026-08-02T23:49:28Z,2026-08-03T01:49:28+0200,65d3fff1-7125-472d-bbc3-1b240f9c8d5b,2026-07-10T12:30:00Z,2026-07-10T14:30:00+0200,0.0,MW,NL,NL,actual_onshore_wind_generation,Wind Onshore | Actual Consumption,2026-08-02T23:51:38Z
2026-08-02T23:49:28Z,2026-08-03T01:49:28+0200,65d3fff1-7125-472d-bbc3-1b240f9c8d5b,2026-07-10T12:45:00Z,2026-07-10T14:45:00+0200,82.393,MW,NL,NL,actual_onshore_wind_generation,Wind Onshore | Actual Aggregated,2026-08-02T23:51:38Z
2026-08-02T23:49:28Z,2026-08-03T01:49:28+0200,65d3fff1-7125-472d-bbc3-1b240f9c8d5b,2026-07-10T12:45:00Z,2026-07-10T14:45:00+0200,0.0,MW,NL,NL,actual_onshore_wind_generation,Wind Onshore | Actual Consumption,2026-08-02T23:51:38Z
2026-08-02T23:49:28Z,2026-08-03T01:49:28+0200,65d3fff1-7125-472d-bbc3-1b240f9c8d5b,2026-07-10T13:00:00Z,2026-07-10T15:00:00+0200,96.209,MW,NL,NL,actual_onshore_wind_generation,Wind Onshore | Actual Aggregated,2026-08-02T23:51:38Z
2026-08-02T23:49:28Z,2026-08-03T01:49:28+0200,65d3fff1-7125-472d-bbc3-1b240f9c8d5b,2026-07-10T13:00:00Z,2026-07-10T15:00:00+0200,0.0,MW,NL,NL,actual_onshore_wind_generation,Wind Onshore | Actual Consumption,2026-08-02T23:51:38Z
2026-08-02T23:49:28Z,2026-08-03T01:49:28+0200,65d3fff1-7125-472d-bbc3-1b240f9c8d5b,2026-07-10T13:15:00Z,2026-07-10T15:15:00+0200,112.419,MW,NL,NL,actual_onshore_wind_generation,Wind Onshore | Actual Aggregated,2026-08-02T23:51:38Z
2026-08-02T23:49:28Z,2026-08-03T01:49:28+0200,65d3fff1-7125-472d-bbc3-1b240f9c8d5b,2026-07-10T13:15:00Z,2026-07-10T15:15:00+0200,0.0,MW,NL,NL,actual_onshore_wind_generation,Wind Onshore | Actual Consumption,2026-08-02T23:51:38Z
2026-08-02T23:49:28Z,2026-08-03T01:49:28+0200,65d3fff1-7125-472d-bbc3-1b240f9c8d5b,2026-07-10T13:30:00Z,2026-07-10T15:30:00+0200,126.786,MW,NL,NL,actual_onshore_wind_generation,Wind Onshore | Actual Aggregated,2026-08-02T23:51:38Z
2026-08-02T23:49:28Z,2026-08-03T01:49:28+0200,65d3fff1-7125-472d-bbc3-1b240f9c8d5b,2026-07-10T13:30:00Z,2026-07-10T15:30:00+0200,0.0,MW,NL,NL,actual_onshore_wind_generation,Wind Onshore | Actual Consumption,2026-08-02T23:51:38Z
2026-08-02T23:49:28Z,2026-08-03T01:49:28+0200,65d3fff1-7125-472d-bbc3-1b240f9c8d5b,2026-07-10T13:45:00Z,2026-07-10T15:45:00+0200,149.1,MW,NL,NL,actual_onshore_wind_generation,Wind Onshore | Actual Aggregated,2026-08-02T23:51:38Z
2026-08-02T23:49:28Z,2026-08-03T01:49:28+0200,65d3fff1-7125-472d-bbc3-1b240f9c8d5b,2026-07-10T13:45:00Z,2026-07-10T15:45:00+0200,0.0,MW,NL,NL,actual_onshore_wind_generation,Wind Onshore | Actual Consumption,2026-08-02T23:51:38Z
2026-08-02T23:49:28Z,2026-08-03T01:49:28+0200,65d3fff1-7125-472d-bbc3-1b240f9c8d5b,2026-07-10T14:00:00Z,2026-07-10T16:00:00+0200,150.286,MW,NL,NL,actual_onshore_wind_generation,Wind Onshore | Actual Aggregated,2026-08-02T23:51:38Z
2026-08-02T23:49:28Z,2026-08-03T01:49:28+0200,65d3fff1-7125-472d-bbc3-1b240f9c8d5b,2026-07-10T14:00:00Z,2026-07-10T16:00:00+0200,0.0,MW,NL,NL,actual_onshore_wind_generation,Wind Onshore | Actual Consumption,2026-08-02T23:51:38Z
2026-08-02T23:49:28Z,2026-08-03T01:49:28+0200,65d3fff1-7125-472d-bbc3-1b240f9c8d5b,2026-07-10T14:15:00Z,2026-07-10T16:15:00+0200,146.637,MW,NL,NL,actual_onshore_wind_generation,Wind Onshore | Actual Aggregated,2026-08-02T23:51:38Z
2026-08-02T23:49:28Z,2026-08-03T01:49:28+0200,65d3fff1-7125-472d-bbc3-1b240f9c8d5b,2026-07-10T14:15:00Z,2026-07-10T16:15:00+0200,0.0,MW,NL,NL,actual_onshore_wind_generation,Wind Onshore | Actual Consumption,2026-08-02T23:51:38Z
2026-08-02T23:49:28Z,2026-08-03T01:49:28+0200,65d3fff1-7125-472d-bbc3-1b240f9c8d5b,2026-07-10T14:30:00Z,2026-07-10T16:30:00+0200,143.823,MW,NL,NL,actual_onshore_wind_generation,Wind Onshore | Actual Aggregated,2026-08-02T23:51:38Z
2026-08-02T23:49:28Z,2026-08-03T01:49:28+0200,65d3fff1-7125-472d-bbc3-1b240f9c8d5b,2026-07-10T14:30:00Z,2026-07-10T16:30:00+0200,0.0,MW,NL,NL,actual_onshore_wind_generation,Wind Onshore | Actual Consumption,2026-08-02T23:51:38Z
2026-08-02T23:49:28Z,2026-08-03T01:49:28+0200,65d3fff1-7125-472d-bbc3-1b240f9c8d5b,2026-07-10T14:45:00Z,2026-07-10T16:45:00+0200,141.248,MW,NL,NL,actual_onshore_wind_generation,Wind Onshore | Actual Aggregated,2026-08-02T23:51:38Z
2026-08-02T23:49:28Z,2026-08-03T01:49:28+0200,65d3fff1-7125-472d-bbc3-1b240f9c8d5b,2026-07-10T14:45:00Z,2026-07-10T16:45:00+0200,0.0,MW,NL,NL,actual_onshore_wind_generation,Wind Onshore | Actual Consumption,2026-08-02T23:51:38Z
2026-08-02T23:49:28Z,2026-08-03T01:49:28+0200,65d3fff1-7125-472d-bbc3-1b240f9c8d5b,2026-07-10T15:00:00Z,2026-07-10T17:00:00+0200,132.844,MW,NL,NL,actual_onshore_wind_generation,Wind Onshore | Actual Aggregated,2026-08-02T23:51:38Z
2026-08-02T23:49:28Z,2026-08-03T01:49:28+0200,65d3fff1-7125-472d-bbc3-1b240f9c8d5b,2026-07-10T15:00:00Z,2026-07-10T17:00:00+0200,0.0,MW,NL,NL,actual_onshore_wind_generation,Wind Onshore | Actual Consumption,2026-08-02T23:51:38Z
2026-08-02T23:49:28Z,2026-08-03T01:49:28+0200,65d3fff1-7125-472d-bbc3-1b240f9c8d5b,2026-07-10T15:15:00Z,2026-07-10T17:15:00+0200,140.016,MW,NL,NL,actual_onshore_wind_generation,Wind Onshore | Actual Aggregated,2026-08-02T23:51:38Z
2026-08-02T23:49:28Z,2026-08-03T01:49:28+0200,65d3fff1-7125-472d-bbc3-1b240f9c8d5b,2026-07-10T15:15:00Z,2026-07-10T17:15:00+0200,0.0,MW,NL,NL,actual_onshore_wind_generation,Wind Onshore | Actual Consumption,2026-08-02T23:51:38Z
2026-08-02T23:49:28Z,2026-08-03T01:49:28+0200,65d3fff1-7125-472d-bbc3-1b240f9c8d5b,2026-07-10T15:30:00Z,2026-07-10T17:30:00+0200,142.303,MW,NL,NL,actual_onshore_wind_generation,Wind Onshore | Actual Aggregated,2026-08-02T23:51:38Z
2026-08-02T23:49:28Z,2026-08-03T01:49:28+0200,65d3fff1-7125-472d-bbc3-1b240f9c8d5b,2026-07-10T15:30:00Z,2026-07-10T17:30:00+0200,0.0,MW,NL,NL,actual_onshore_wind_generation,Wind Onshore | Actual Consumption,2026-08-02T23:51:38Z
2026-08-02T23:49:28Z,2026-08-03T01:49:28+0200,65d3fff1-7125-472d-bbc3-1b240f9c8d5b,2026-07-10T15:45:00Z,2026-07-10T17:45:00+0200,154.513,MW,NL,NL,actual_onshore_wind_generation,Wind Onshore | Actual Aggregated,2026-08-02T23:51:38Z
2026-08-02T23:49:28Z,2026-08-03T01:49:28+0200,65d3fff1-7125-472d-bbc3-1b240f9c8d5b,2026-07-10T15:45:00Z,2026-07-10T17:45:00+0200,0.0,MW,NL,NL,actual_onshore_wind_generation,Wind Onshore | Actual Consumption,2026-08-02T23:51:38Z
2026-08-02T23:49:28Z,2026-08-03T01:49:28+0200,65d3fff1-7125-472d-bbc3-1b240f9c8d5b,2026-07-10T16:00:00Z,2026-07-10T18:00:00+0200,175.758,MW,NL,NL,actual_onshore_wind_generation,Wind Onshore | Actual Aggregated,2026-08-02T23:51:38Z
2026-08-02T23:49:28Z,2026-08-03T01:49:28+0200,65d3fff1-7125-472d-bbc3-1b240f9c8d5b,2026-07-10T16:00:00Z,2026-07-10T18:00:00+0200,0.0,MW,NL,NL,actual_onshore_wind_generation,Wind Onshore | Actual Consumption,2026-08-02T23:51:38Z
2026-08-02T23:49:28Z,2026-08-03T01:49:28+0200,65d3fff1-7125-472d-bbc3-1b240f9c8d5b,2026-07-10T16:15:00Z,2026-07-10T18:15:00+0200,189.443,MW,NL,NL,actual_onshore_wind_generation,Wind Onshore | Actual Aggregated,2026-08-02T23:51:38Z
2026-08-02T23:49:28Z,2026-08-03T01:49:28+0200,65d3fff1-7125-472d-bbc3-1b240f9c8d5b,2026-07-10T16:15:00Z,2026-07-10T18:15:00+0200,0.0,MW,NL,NL,actual_onshore_wind_generation,Wind Onshore | Actual Consumption,2026-08-02T23:51:38Z
2026-08-02T23:49:28Z,2026-08-03T01:49:28+0200,65d3fff1-7125-472d-bbc3-1b240f9c8d5b,2026-07-10T16:30:00Z,2026-07-10T18:30:00+0200,205.247,MW,NL,NL,actual_onshore_wind_generation,Wind Onshore | Actual Aggregated,2026-08-02T23:51:38Z
2026-08-02T23:49:28Z,2026-08-03T01:49:28+0200,65d3fff1-7125-472d-bbc3-1b240f9c8d5b,2026-07-10T16:30:00Z,2026-07-10T18:30:00+0200,0.0,MW,NL,NL,actual_onshore_wind_generation,Wind Onshore | Actual Consumption,2026-08-02T23:51:38Z
2026-08-02T23:49:28Z,2026-08-03T01:49:28+0200,65d3fff1-7125-472d-bbc3-1b240f9c8d5b,2026-07-10T16:45:00Z,2026-07-10T18:45:00+0200,223.554,MW,NL,NL,actual_onshore_wind_generation,Wind Onshore | Actual Aggregated,2026-08-02T23:51:38Z
2026-08-02T23:49:28Z,2026-08-03T01:49:28+0200,65d3fff1-7125-472d-bbc3-1b240f9c8d5b,2026-07-10T16:45:00Z,2026-07-10T18:45:00+0200,0.0,MW,NL,NL,actual_onshore_wind_generation,Wind Onshore | Actual Consumption,2026-08-02T23:51:38Z
2026-08-02T23:49:28Z,2026-08-03T01:49:28+0200,65d3fff1-7125-472d-bbc3-1b240f9c8d5b,2026-07-10T17:00:00Z,2026-07-10T19:00:00+0200,223.43,MW,NL,NL,actual_onshore_wind_generation,Wind Onshore | Actual Aggregated,2026-08-02T23:51:38Z
2026-08-02T23:49:28Z,2026-08-03T01:49:28+0200,65d3fff1-7125-472d-bbc3-1b240f9c8d5b,2026-07-10T17:00:00Z,2026-07-10T19:00:00+0200,0.0,MW,NL,NL,actual_onshore_wind_generation,Wind Onshore | Actual Consumption,2026-08-02T23:51:38Z
2026-08-02T23:49:28Z,2026-08-03T01:49:28+0200,65d3fff1-7125-472d-bbc3-1b240f9c8d5b,2026-07-10T17:15:00Z,2026-07-10T19:15:00+0200,237.29,MW,NL,NL,actual_onshore_wind_generation,Wind Onshore | Actual Aggregated,2026-08-02T23:51:38Z
2026-08-02T23:49:28Z,2026-08-03T01:49:28+0200,65d3fff1-7125-472d-bbc3-1b240f9c8d5b,2026-07-10T17:15:00Z,2026-07-10T19:15:00+0200,0.0,MW,NL,NL,actual_onshore_wind_generation,Wind Onshore | Actual Consumption,2026-08-02T23:51:38Z
2026-08-02T23:49:28Z,2026-08-03T01:49:28+0200,65d3fff1-7125-472d-bbc3-1b240f9c8d5b,2026-07-10T17:30:00Z,2026-07-10T19:30:00+0200,237.595,MW,NL,NL,actual_onshore_wind_generation,Wind Onshore | Actual Aggregated,2026-08-02T23:51:38Z
2026-08-02T23:49:28Z,2026-08-03T01:49:28+0200,65d3fff1-7125-472d-bbc3-1b240f9c8d5b,2026-07-10T17:30:00Z,2026-07-10T19:30:00+0200,0.0,MW,NL,NL,actual_onshore_wind_generation,Wind Onshore | Actual Consumption,2026-08-02T23:51:38Z
2026-08-02T23:49:28Z,2026-08-03T01:49:28+0200,65d3fff1-7125-472d-bbc3-1b240f9c8d5b,2026-07-10T17:45:00Z,2026-07-10T19:45:00+0200,239.531,MW,NL,NL,actual_onshore_wind_generation,Wind Onshore | Actual Aggregated,2026-08-02T23:51:38Z
2026-08-02T23:49:28Z,2026-08-03T01:49:28+0200,65d3fff1-7125-472d-bbc3-1b240f9c8d5b,2026-07-10T17:45:00Z,2026-07-10T19:45:00+0200,0.0,MW,NL,NL,actual_onshore_wind_generation,Wind Onshore | Actual Consumption,2026-08-02T23:51:38Z
2026-08-02T23:49:28Z,2026-08-03T01:49:28+0200,65d3fff1-7125-472d-bbc3-1b240f9c8d5b,2026-07-10T18:00:00Z,2026-07-10T20:00:00+0200,232.689,MW,NL,NL,actual_onshore_wind_generation,Wind Onshore | Actual Aggregated,2026-08-02T23:51:38Z
2026-08-02T23:49:28Z,2026-08-03T01:49:28+0200,65d3fff1-7125-472d-bbc3-1b240f9c8d5b,2026-07-10T18:00:00Z,2026-07-10T20:00:00+0200,0.0,MW,NL,NL,actual_onshore_wind_generation,Wind Onshore | Actual Consumption,2026-08-02T23:51:38Z
2026-08-02T23:49:28Z,2026-08-03T01:49:28+0200,65d3fff1-7125-472d-bbc3-1b240f9c8d5b,2026-07-10T18:15:00Z,2026-07-10T20:15:00+0200,243.886,MW,NL,NL,actual_onshore_wind_generation,Wind Onshore | Actual Aggregated,2026-08-02T23:51:38Z
2026-08-02T23:49:28Z,2026-08-03T01:49:28+0200,65d3fff1-7125-472d-bbc3-1b240f9c8d5b,2026-07-10T18:15:00Z,2026-07-10T20:15:00+0200,0.0,MW,NL,NL,actual_onshore_wind_generation,Wind Onshore | Actual Consumption,2026-08-02T23:51:38Z
2026-08-02T23:49:28Z,2026-08-03T01:49:28+0200,65d3fff1-7125-472d-bbc3-1b240f9c8d5b,2026-07-10T18:30:00Z,2026-07-10T20:30:00+0200,226.475,MW,NL,NL,actual_onshore_wind_generation,Wind Onshore | Actual Aggregated,2026-08-02T23:51:38Z
2026-08-02T23:49:28Z,2026-08-03T01:49:28+0200,65d3fff1-7125-472d-bbc3-1b240f9c8d5b,2026-07-10T18:30:00Z,2026-07-10T20:30:00+0200,0.0,MW,NL,NL,actual_onshore_wind_generation,Wind Onshore | Actual Consumption,2026-08-02T23:51:38Z
2026-08-02T23:49:28Z,2026-08-03T01:49:28+0200,65d3fff1-7125-472d-bbc3-1b240f9c8d5b,2026-07-10T18:45:00Z,2026-07-10T20:45:00+0200,208.502,MW,NL,NL,actual_onshore_wind_generation,Wind Onshore | Actual Aggregated,2026-08-02T23:51:38Z
2026-08-02T23:49:28Z,2026-08-03T01:49:28+0200,65d3fff1-7125-472d-bbc3-1b240f9c8d5b,2026-07-10T18:45:00Z,2026-07-10T20:45:00+0200,0.0,MW,NL,NL,actual_onshore_wind_generation,Wind Onshore | Actual Consumption,2026-08-02T23:51:38Z
2026-08-02T23:49:28Z,2026-08-03T01:49:28+0200,65d3fff1-7125-472d-bbc3-1b240f9c8d5b,2026-07-10T19:00:00Z,2026-07-10T21:00:00+0200,192.558,MW,NL,NL,actual_onshore_wind_generation,Wind Onshore | Actual Aggregated,2026-08-02T23:51:38Z
2026-08-02T23:49:28Z,2026-08-03T01:49:28+0200,65d3fff1-7125-472d-bbc3-1b240f9c8d5b,2026-07-10T19:00:00Z,2026-07-10T21:00:00+0200,0.0,MW,NL,NL,actual_onshore_wind_generation,Wind Onshore | Actual Consumption,2026-08-02T23:51:38Z
2026-08-02T23:49:28Z,2026-08-03T01:49:28+0200,65d3fff1-7125-472d-bbc3-1b240f9c8d5b,2026-07-10T19:15:00Z,2026-07-10T21:15:00+0200,184.564,MW,NL,NL,actual_onshore_wind_generation,Wind Onshore | Actual Aggregated,2026-08-02T23:51:38Z
2026-08-02T23:49:28Z,2026-08-03T01:49:28+0200,65d3fff1-7125-472d-bbc3-1b240f9c8d5b,2026-07-10T19:15:00Z,2026-07-10T21:15:00+0200,0.0,MW,NL,NL,actual_onshore_wind_generation,Wind Onshore | Actual Consumption,2026-08-02T23:51:38Z
2026-08-02T23:49:28Z,2026-08-03T01:49:28+0200,65d3fff1-7125-472d-bbc3-1b240f9c8d5b,2026-07-10T19:30:00Z,2026-07-10T21:30:00+0200,174.026,MW,NL,NL,actual_onshore_wind_generation,Wind Onshore | Actual Aggregated,2026-08-02T23:51:38Z
2026-08-02T23:49:28Z,2026-08-03T01:49:28+0200,65d3fff1-7125-472d-bbc3-1b240f9c8d5b,2026-07-10T19:30:00Z,2026-07-10T21:30:00+0200,0.0,MW,NL,NL,actual_onshore_wind_generation,Wind Onshore | Actual Consumption,2026-08-02T23:51:38Z
2026-08-02T23:49:28Z,2026-08-03T01:49:28+0200,65d3fff1-7125-472d-bbc3-1b240f9c8d5b,2026-07-10T19:45:00Z,2026-07-10T21:45:00+0200,165.869,MW,NL,NL,actual_onshore_wind_generation,Wind Onshore | Actual Aggregated,2026-08-02T23:51:38Z
2026-08-02T23:49:28Z,2026-08-03T01:49:28+0200,65d3fff1-7125-472d-bbc3-1b240f9c8d5b,2026-07-10T19:45:00Z,2026-07-10T21:45:00+0200,0.0,MW,NL,NL,actual_onshore_wind_generation,Wind Onshore | Actual Consumption,2026-08-02T23:51:38Z
2026-08-02T23:49:28Z,2026-08-03T01:49:28+0200,65d3fff1-7125-472d-bbc3-1b240f9c8d5b,2026-07-10T20:00:00Z,2026-07-10T22:00:00+0200,169.261,MW,NL,NL,actual_onshore_wind_generation,Wind Onshore | Actual Aggregated,2026-08-02T23:51:38Z
2026-08-02T23:49:28Z,2026-08-03T01:49:28+0200,65d3fff1-7125-472d-bbc3-1b240f9c8d5b,2026-07-10T20:00:00Z,2026-07-10T22:00:00+0200,0.0,MW,NL,NL,actual_onshore_wind_generation,Wind Onshore | Actual Consumption,2026-08-02T23:51:38Z
2026-08-02T23:49:28Z,2026-08-03T01:49:28+0200,65d3fff1-7125-472d-bbc3-1b240f9c8d5b,2026-07-10T20:15:00Z,2026-07-10T22:15:00+0200,178.479,MW,NL,NL,actual_onshore_wind_generation,Wind Onshore | Actual Aggregated,2026-08-02T23:51:38Z
2026-08-02T23:49:28Z,2026-08-03T01:49:28+0200,65d3fff1-7125-472d-bbc3-1b240f9c8d5b,2026-07-10T20:15:00Z,2026-07-10T22:15:00+0200,0.0,MW,NL,NL,actual_onshore_wind_generation,Wind Onshore | Actual Consumption,2026-08-02T23:51:38Z
2026-08-02T23:49:28Z,2026-08-03T01:49:28+0200,65d3fff1-7125-472d-bbc3-1b240f9c8d5b,2026-07-10T20:30:00Z,2026-07-10T22:30:00+0200,173.776,MW,NL,NL,actual_onshore_wind_generation,Wind Onshore | Actual Aggregated,2026-08-02T23:51:38Z
2026-08-02T23:49:28Z,2026-08-03T01:49:28+0200,65d3fff1-7125-472d-bbc3-1b240f9c8d5b,2026-07-10T20:30:00Z,2026-07-10T22:30:00+0200,0.0,MW,NL,NL,actual_onshore_wind_generation,Wind Onshore | Actual Consumption,2026-08-02T23:51:38Z
2026-08-02T23:49:28Z,2026-08-03T01:49:28+0200,65d3fff1-7125-472d-bbc3-1b240f9c8d5b,2026-07-10T20:45:00Z,2026-07-10T22:45:00+0200,174.695,MW,NL,NL,actual_onshore_wind_generation,Wind Onshore | Actual Aggregated,2026-08-02T23:51:38Z
2026-08-02T23:49:28Z,2026-08-03T01:49:28+0200,65d3fff1-7125-472d-bbc3-1b240f9c8d5b,2026-07-10T20:45:00Z,2026-07-10T22:45:00+0200,0.0,MW,NL,NL,actual_onshore_wind_generation,Wind Onshore | Actual Consumption,2026-08-02T23:51:38Z
2026-08-02T23:49:28Z,2026-08-03T01:49:28+0200,65d3fff1-7125-472d-bbc3-1b240f9c8d5b,2026-07-10T21:00:00Z,2026-07-10T23:00:00+0200,172.159,MW,NL,NL,actual_onshore_wind_generation,Wind Onshore | Actual Aggregated,2026-08-02T23:51:38Z
2026-08-02T23:49:28Z,2026-08-03T01:49:28+0200,65d3fff1-7125-472d-bbc3-1b240f9c8d5b,2026-07-10T21:00:00Z,2026-07-10T23:00:00+0200,0.0,MW,NL,NL,actual_onshore_wind_generation,Wind Onshore | Actual Consumption,2026-08-02T23:51:38Z
2026-08-02T23:49:28Z,2026-08-03T01:49:28+0200,65d3fff1-7125-472d-bbc3-1b240f9c8d5b,2026-07-10T21:15:00Z,2026-07-10T23:15:00+0200,173.777,MW,NL,NL,actual_onshore_wind_generation,Wind Onshore | Actual Aggregated,2026-08-02T23:51:38Z
2026-08-02T23:49:28Z,2026-08-03T01:49:28+0200,65d3fff1-7125-472d-bbc3-1b240f9c8d5b,2026-07-10T21:15:00Z,2026-07-10T23:15:00+0200,0.0,MW,NL,NL,actual_onshore_wind_generation,Wind Onshore | Actual Consumption,2026-08-02T23:51:38Z
2026-08-02T23:49:28Z,2026-08-03T01:49:28+0200,65d3fff1-7125-472d-bbc3-1b240f9c8d5b,2026-07-10T21:30:00Z,2026-07-10T23:30:00+0200,170.695,MW,NL,NL,actual_onshore_wind_generation,Wind Onshore | Actual Aggregated,2026-08-02T23:51:38Z
2026-08-02T23:49:28Z,2026-08-03T01:49:28+0200,65d3fff1-7125-472d-bbc3-1b240f9c8d5b,2026-07-10T21:30:00Z,2026-07-10T23:30:00+0200,0.0,MW,NL,NL,actual_onshore_wind_generation,Wind Onshore | Actual Consumption,2026-08-02T23:51:38Z
2026-08-02T23:49:28Z,2026-08-03T01:49:28+0200,65d3fff1-7125-472d-bbc3-1b240f9c8d5b,2026-07-10T21:45:00Z,2026-07-10T23:45:00+0200,152.677,MW,NL,NL,actual_onshore_wind_generation,Wind Onshore | Actual Aggregated,2026-08-02T23:51:38Z
2026-08-02T23:49:28Z,2026-08-03T01:49:28+0200,65d3fff1-7125-472d-bbc3-1b240f9c8d5b,2026-07-10T21:45:00Z,2026-07-10T23:45:00+0200,0.0,MW,NL,NL,actual_onshore_wind_generation,Wind Onshore | Actual Consumption,2026-08-02T23:51:38Z
2026-08-02T23:49:28Z,2026-08-03T01:49:28+0200,65d3fff1-7125-472d-bbc3-1b240f9c8d5b,2026-07-10T22:00:00Z,2026-07-11T00:00:00+0200,155.156,MW,NL,NL,actual_onshore_wind_generation,Wind Onshore | Actual Aggregated,2026-08-02T23:51:38Z
2026-08-02T23:49:28Z,2026-08-03T01:49:28+0200,65d3fff1-7125-472d-bbc3-1b240f9c8d5b,2026-07-10T22:00:00Z,2026-07-11T00:00:00+0200,0.0,MW,NL,NL,actual_onshore_wind_generation,Wind Onshore | Actual Consumption,2026-08-02T23:51:38Z
2026-08-02T23:49:28Z,2026-08-03T01:49:28+0200,65d3fff1-7125-472d-bbc3-1b240f9c8d5b,2026-07-10T22:15:00Z,2026-07-11T00:15:00+0200,154.668,MW,NL,NL,actual_onshore_wind_generation,Wind Onshore | Actual Aggregated,2026-08-02T23:51:38Z
2026-08-02T23:49:28Z,2026-08-03T01:49:28+0200,65d3fff1-7125-472d-bbc3-1b240f9c8d5b,2026-07-10T22:15:00Z,2026-07-11T00:15:00+0200,0.0,MW,NL,NL,actual_onshore_wind_generation,Wind Onshore | Actual Consumption,2026-08-02T23:51:38Z
2026-08-02T23:49:28Z,2026-08-03T01:49:28+0200,65d3fff1-7125-472d-bbc3-1b240f9c8d5b,2026-07-10T22:30:00Z,2026-07-11T00:30:00+0200,156.482,MW,NL,NL,actual_onshore_wind_generation,Wind Onshore | Actual Aggregated,2026-08-02T23:51:38Z
2026-08-02T23:49:28Z,2026-08-03T01:49:28+0200,65d3fff1-7125-472d-bbc3-1b240f9c8d5b,2026-07-10T22:30:00Z,2026-07-11T00:30:00+0200,0.0,MW,NL,NL,actual_onshore_wind_generation,Wind Onshore | Actual Consumption,2026-08-02T23:51:38Z
2026-08-02T23:49:28Z,2026-08-03T01:49:28+0200,65d3fff1-7125-472d-bbc3-1b240f9c8d5b,2026-07-10T22:45:00Z,2026-07-11T00:45:00+0200,148.523,MW,NL,NL,actual_onshore_wind_generation,Wind Onshore | Actual Aggregated,2026-08-02T23:51:38Z
2026-08-02T23:49:28Z,2026-08-03T01:49:28+0200,65d3fff1-7125-472d-bbc3-1b240f9c8d5b,2026-07-10T22:45:00Z,2026-07-11T00:45:00+0200,0.0,MW,NL,NL,actual_onshore_wind_generation,Wind Onshore | Actual Consumption,2026-08-02T23:51:38Z
2026-08-02T23:49:28Z,2026-08-03T01:49:28+0200,65d3fff1-7125-472d-bbc3-1b240f9c8d5b,2026-07-10T23:00:00Z,2026-07-11T01:00:00+0200,138.509,MW,NL,NL,actual_onshore_wind_generation,Wind Onshore | Actual Aggregated,2026-08-02T23:51:38Z
2026-08-02T23:49:28Z,2026-08-03T01:49:28+0200,65d3fff1-7125-472d-bbc3-1b240f9c8d5b,2026-07-10T23:00:00Z,2026-07-11T01:00:00+0200,0.0,MW,NL,NL,actual_onshore_wind_generation,Wind Onshore | Actual Consumption,2026-08-02T23:51:38Z
2026-08-02T23:49:28Z,2026-08-03T01:49:28+0200,65d3fff1-7125-472d-bbc3-1b240f9c8d5b,2026-07-10T23:15:00Z,2026-07-11T01:15:00+0200,134.946,MW,NL,NL,actual_onshore_wind_generation,Wind Onshore | Actual Aggregated,2026-08-02T23:51:38Z
2026-08-02T23:49:28Z,2026-08-03T01:49:28+0200,65d3fff1-7125-472d-bbc3-1b240f9c8d5b,2026-07-10T23:15:00Z,2026-07-11T01:15:00+0200,0.0,MW,NL,NL,actual_onshore_wind_generation,Wind Onshore | Actual Consumption,2026-08-02T23:51:38Z
2026-08-02T23:49:28Z,2026-08-03T01:49:28+0200,65d3fff1-7125-472d-bbc3-1b240f9c8d5b,2026-07-10T23:30:00Z,2026-07-11T01:30:00+0200,125.248,MW,NL,NL,actual_onshore_wind_generation,Wind Onshore | Actual Aggregated,2026-08-02T23:51:38Z
2026-08-02T23:49:28Z,2026-08-03T01:49:28+0200,65d3fff1-7125-472d-bbc3-1b240f9c8d5b,2026-07-10T23:30:00Z,2026-07-11T01:30:00+0200,0.0,MW,NL,NL,actual_onshore_wind_generation,Wind Onshore | Actual Consumption,2026-08-02T23:51:38Z
2026-08-02T23:49:28Z,2026-08-03T01:49:28+0200,65d3fff1-7125-472d-bbc3-1b240f9c8d5b,2026-07-10T23:45:00Z,2026-07-11T01:45:00+0200,120.254,MW,NL,NL,actual_onshore_wind_generation,Wind Onshore | Actual Aggregated,2026-08-02T23:51:38Z
2026-08-02T23:49:28Z,2026-08-03T01:49:28+0200,65d3fff1-7125-472d-bbc3-1b240f9c8d5b,2026-07-10T23:45:00Z,2026-07-11T01:45:00+0200,0.0,MW,NL,NL,actual_onshore_wind_generation,Wind Onshore | Actual Consumption,2026-08-02T23:51:38Z
2026-08-02T23:49:28Z,2026-08-03T01:49:28+0200,65d3fff1-7125-472d-bbc3-1b240f9c8d5b,2026-07-11T00:00:00Z,2026-07-11T02:00:00+0200,111.424,MW,NL,NL,actual_onshore_wind_generation,Wind Onshore | Actual Aggregated,2026-08-02T23:51:38Z
2026-08-02T23:49:28Z,2026-08-03T01:49:28+0200,65d3fff1-7125-472d-bbc3-1b240f9c8d5b,2026-07-11T00:00:00Z,2026-07-11T02:00:00+0200,0.0,MW,NL,NL,actual_onshore_wind_generation,Wind Onshore | Actual Consumption,2026-08-02T23:51:38Z
2026-08-02T23:49:28Z,2026-08-03T01:49:28+0200,65d3fff1-7125-472d-bbc3-1b240f9c8d5b,2026-07-11T00:15:00Z,2026-07-11T02:15:00+0200,102.322,MW,NL,NL,actual_onshore_wind_generation,Wind Onshore | Actual Aggregated,2026-08-02T23:51:38Z
2026-08-02T23:49:28Z,2026-08-03T01:49:28+0200,65d3fff1-7125-472d-bbc3-1b240f9c8d5b,2026-07-11T00:15:00Z,2026-07-11T02:15:00+0200,0.0,MW,NL,NL,actual_onshore_wind_generation,Wind Onshore | Actual Consumption,2026-08-02T23:51:38Z
2026-08-02T23:49:28Z,2026-08-03T01:49:28+0200,65d3fff1-7125-472d-bbc3-1b240f9c8d5b,2026-07-11T00:30:00Z,2026-07-11T02:30:00+0200,102.139,MW,NL,NL,actual_onshore_wind_generation,Wind Onshore | Actual Aggregated,2026-08-02T23:51:38Z
2026-08-02T23:49:28Z,2026-08-03T01:49:28+0200,65d3fff1-7125-472d-bbc3-1b240f9c8d5b,2026-07-11T00:30:00Z,2026-07-11T02:30:00+0200,0.0,MW,NL,NL,actual_onshore_wind_generation,Wind Onshore | Actual Consumption,2026-08-02T23:51:38Z
2026-08-02T23:49:28Z,2026-08-03T01:49:28+0200,65d3fff1-7125-472d-bbc3-1b240f9c8d5b,2026-07-11T00:45:00Z,2026-07-11T02:45:00+0200,90.668,MW,NL,NL,actual_onshore_wind_generation,Wind Onshore | Actual Aggregated,2026-08-02T23:51:38Z
2026-08-02T23:49:28Z,2026-08-03T01:49:28+0200,65d3fff1-7125-472d-bbc3-1b240f9c8d5b,2026-07-11T00:45:00Z,2026-07-11T02:45:00+0200,0.0,MW,NL,NL,actual_onshore_wind_generation,Wind Onshore | Actual Consumption,2026-08-02T23:51:38Z
2026-08-02T23:49:28Z,2026-08-03T01:49:28+0200,65d3fff1-7125-472d-bbc3-1b240f9c8d5b,2026-07-11T01:00:00Z,2026-07-11T03:00:00+0200,84.472,MW,NL,NL,actual_onshore_wind_generation,Wind Onshore | Actual Aggregated,2026-08-02T23:51:38Z
2026-08-02T23:49:28Z,2026-08-03T01:49:28+0200,65d3fff1-7125-472d-bbc3-1b240f9c8d5b,2026-07-11T01:00:00Z,2026-07-11T03:00:00+0200,0.0,MW,NL,NL,actual_onshore_wind_generation,Wind Onshore | Actual Consumption,2026-08-02T23:51:38Z
2026-08-02T23:49:28Z,2026-08-03T01:49:28+0200,65d3fff1-7125-472d-bbc3-1b240f9c8d5b,2026-07-11T01:15:00Z,2026-07-11T03:15:00+0200,91.988,MW,NL,NL,actual_onshore_wind_generation,Wind Onshore | Actual Aggregated,2026-08-02T23:51:38Z
2026-08-02T23:49:28Z,2026-08-03T01:49:28+0200,65d3fff1-7125-472d-bbc3-1b240f9c8d5b,2026-07-11T01:15:00Z,2026-07-11T03:15:00+0200,0.0,MW,NL,NL,actual_onshore_wind_generation,Wind Onshore | Actual Consumption,2026-08-02T23:51:38Z
2026-08-02T23:49:28Z,2026-08-03T01:49:28+0200,65d3fff1-7125-472d-bbc3-1b240f9c8d5b,2026-07-11T01:30:00Z,2026-07-11T03:30:00+0200,91.539,MW,NL,NL,actual_onshore_wind_generation,Wind Onshore | Actual Aggregated,2026-08-02T23:51:38Z
2026-08-02T23:49:28Z,2026-08-03T01:49:28+0200,65d3fff1-7125-472d-bbc3-1b240f9c8d5b,2026-07-11T01:30:00Z,2026-07-11T03:30:00+0200,0.0,MW,NL,NL,actual_onshore_wind_generation,Wind Onshore | Actual Consumption,2026-08-02T23:51:38Z
2026-08-02T23:49:28Z,2026-08-03T01:49:28+0200,65d3fff1-7125-472d-bbc3-1b240f9c8d5b,2026-07-11T01:45:00Z,2026-07-11T03:45:00+0200,83.458,MW,NL,NL,actual_onshore_wind_generation,Wind Onshore | Actual Aggregated,2026-08-02T23:51:38Z
2026-08-02T23:49:28Z,2026-08-03T01:49:28+0200,65d3fff1-7125-472d-bbc3-1b240f9c8d5b,2026-07-11T01:45:00Z,2026-07-11T03:45:00+0200,0.0,MW,NL,NL,actual_onshore_wind_generation,Wind Onshore | Actual Consumption,2026-08-02T23:51:38Z
2026-08-02T23:49:28Z,2026-08-03T01:49:28+0200,65d3fff1-7125-472d-bbc3-1b240f9c8d5b,2026-07-11T02:00:00Z,2026-07-11T04:00:00+0200,78.329,MW,NL,NL,actual_onshore_wind_generation,Wind Onshore | Actual Aggregated,2026-08-02T23:51:38Z
2026-08-02T23:49:28Z,2026-08-03T01:49:28+0200,65d3fff1-7125-472d-bbc3-1b240f9c8d5b,2026-07-11T02:00:00Z,2026-07-11T04:00:00+0200,0.0,MW,NL,NL,actual_onshore_wind_generation,Wind Onshore | Actual Consumption,2026-08-02T23:51:38Z
2026-08-02T23:49:28Z,2026-08-03T01:49:28+0200,65d3fff1-7125-472d-bbc3-1b240f9c8d5b,2026-07-11T02:15:00Z,2026-07-11T04:15:00+0200,68.536,MW,NL,NL,actual_onshore_wind_generation,Wind Onshore | Actual Aggregated,2026-08-02T23:51:38Z
2026-08-02T23:49:28Z,2026-08-03T01:49:28+0200,65d3fff1-7125-472d-bbc3-1b240f9c8d5b,2026-07-11T02:15:00Z,2026-07-11T04:15:00+0200,0.0,MW,NL,NL,actual_onshore_wind_generation,Wind Onshore | Actual Consumption,2026-08-02T23:51:38Z
2026-08-02T23:49:28Z,2026-08-03T01:49:28+0200,65d3fff1-7125-472d-bbc3-1b240f9c8d5b,2026-07-11T02:30:00Z,2026-07-11T04:30:00+0200,61.733,MW,NL,NL,actual_onshore_wind_generation,Wind Onshore | Actual Aggregated,2026-08-02T23:51:38Z
2026-08-02T23:49:28Z,2026-08-03T01:49:28+0200,65d3fff1-7125-472d-bbc3-1b240f9c8d5b,2026-07-11T02:30:00Z,2026-07-11T04:30:00+0200,0.0,MW,NL,NL,actual_onshore_wind_generation,Wind Onshore | Actual Consumption,2026-08-02T23:51:38Z
2026-08-02T23:49:28Z,2026-08-03T01:49:28+0200,65d3fff1-7125-472d-bbc3-1b240f9c8d5b,2026-07-11T02:45:00Z,2026-07-11T04:45:00+0200,52.757,MW,NL,NL,actual_onshore_wind_generation,Wind Onshore | Actual Aggregated,2026-08-02T23:51:38Z
2026-08-02T23:49:28Z,2026-08-03T01:49:28+0200,65d3fff1-7125-472d-bbc3-1b240f9c8d5b,2026-07-11T02:45:00Z,2026-07-11T04:45:00+0200,0.0,MW,NL,NL,actual_onshore_wind_generation,Wind Onshore | Actual Consumption,2026-08-02T23:51:38Z
2026-08-02T23:49:28Z,2026-08-03T01:49:28+0200,65d3fff1-7125-472d-bbc3-1b240f9c8d5b,2026-07-11T03:00:00Z,2026-07-11T05:00:00+0200,40.031,MW,NL,NL,actual_onshore_wind_generation,Wind Onshore | Actual Aggregated,2026-08-02T23:51:38Z
2026-08-02T23:49:28Z,2026-08-03T01:49:28+0200,65d3fff1-7125-472d-bbc3-1b240f9c8d5b,2026-07-11T03:00:00Z,2026-07-11T05:00:00+0200,0.264,MW,NL,NL,actual_onshore_wind_generation,Wind Onshore | Actual Consumption,2026-08-02T23:51:38Z
2026-08-02T23:49:28Z,2026-08-03T01:49:28+0200,65d3fff1-7125-472d-bbc3-1b240f9c8d5b,2026-07-11T03:15:00Z,2026-07-11T05:15:00+0200,33.748,MW,NL,NL,actual_onshore_wind_generation,Wind Onshore | Actual Aggregated,2026-08-02T23:51:38Z
2026-08-02T23:49:28Z,2026-08-03T01:49:28+0200,65d3fff1-7125-472d-bbc3-1b240f9c8d5b,2026-07-11T03:15:00Z,2026-07-11T05:15:00+0200,0.987,MW,NL,NL,actual_onshore_wind_generation,Wind Onshore | Actual Consumption,2026-08-02T23:51:38Z
2026-08-02T23:49:28Z,2026-08-03T01:49:28+0200,65d3fff1-7125-472d-bbc3-1b240f9c8d5b,2026-07-11T03:30:00Z,2026-07-11T05:30:00+0200,33.925,MW,NL,NL,actual_onshore_wind_generation,Wind Onshore | Actual Aggregated,2026-08-02T23:51:38Z
2026-08-02T23:49:28Z,2026-08-03T01:49:28+0200,65d3fff1-7125-472d-bbc3-1b240f9c8d5b,2026-07-11T03:30:00Z,2026-07-11T05:30:00+0200,0.394,MW,NL,NL,actual_onshore_wind_generation,Wind Onshore | Actual Consumption,2026-08-02T23:51:38Z
2026-08-02T23:49:28Z,2026-08-03T01:49:28+0200,65d3fff1-7125-472d-bbc3-1b240f9c8d5b,2026-07-11T03:45:00Z,2026-07-11T05:45:00+0200,29.179,MW,NL,NL,actual_onshore_wind_generation,Wind Onshore | Actual Aggregated,2026-08-02T23:51:38Z
2026-08-02T23:49:28Z,2026-08-03T01:49:28+0200,65d3fff1-7125-472d-bbc3-1b240f9c8d5b,2026-07-11T03:45:00Z,2026-07-11T05:45:00+0200,0.0,MW,NL,NL,actual_onshore_wind_generation,Wind Onshore | Actual Consumption,2026-08-02T23:51:38Z
2026-08-02T23:49:28Z,2026-08-03T01:49:28+0200,65d3fff1-7125-472d-bbc3-1b240f9c8d5b,2026-07-11T04:00:00Z,2026-07-11T06:00:00+0200,28.477,MW,NL,NL,actual_onshore_wind_generation,Wind Onshore | Actual Aggregated,2026-08-02T23:51:38Z
2026-08-02T23:49:28Z,2026-08-03T01:49:28+0200,65d3fff1-7125-472d-bbc3-1b240f9c8d5b,2026-07-11T04:00:00Z,2026-07-11T06:00:00+0200,0.0,MW,NL,NL,actual_onshore_wind_generation,Wind Onshore | Actual Consumption,2026-08-02T23:51:38Z
2026-08-02T23:49:28Z,2026-08-03T01:49:28+0200,65d3fff1-7125-472d-bbc3-1b240f9c8d5b,2026-07-11T04:15:00Z,2026-07-11T06:15:00+0200,25.637,MW,NL,NL,actual_onshore_wind_generation,Wind Onshore | Actual Aggregated,2026-08-02T23:51:38Z
2026-08-02T23:49:28Z,2026-08-03T01:49:28+0200,65d3fff1-7125-472d-bbc3-1b240f9c8d5b,2026-07-11T04:15:00Z,2026-07-11T06:15:00+0200,1.542,MW,NL,NL,actual_onshore_wind_generation,Wind Onshore | Actual Consumption,2026-08-02T23:51:38Z
2026-08-02T23:49:28Z,2026-08-03T01:49:28+0200,65d3fff1-7125-472d-bbc3-1b240f9c8d5b,2026-07-11T04:30:00Z,2026-07-11T06:30:00+0200,27.055,MW,NL,NL,actual_onshore_wind_generation,Wind Onshore | Actual Aggregated,2026-08-02T23:51:38Z
2026-08-02T23:49:28Z,2026-08-03T01:49:28+0200,65d3fff1-7125-472d-bbc3-1b240f9c8d5b,2026-07-11T04:30:00Z,2026-07-11T06:30:00+0200,1.614,MW,NL,NL,actual_onshore_wind_generation,Wind Onshore | Actual Consumption,2026-08-02T23:51:38Z
2026-08-02T23:49:28Z,2026-08-03T01:49:28+0200,65d3fff1-7125-472d-bbc3-1b240f9c8d5b,2026-07-11T04:45:00Z,2026-07-11T06:45:00+0200,26.092,MW,NL,NL,actual_onshore_wind_generation,Wind Onshore | Actual Aggregated,2026-08-02T23:51:38Z
2026-08-02T23:49:28Z,2026-08-03T01:49:28+0200,65d3fff1-7125-472d-bbc3-1b240f9c8d5b,2026-07-11T04:45:00Z,2026-07-11T06:45:00+0200,2.355,MW,NL,NL,actual_onshore_wind_generation,Wind Onshore | Actual Consumption,2026-08-02T23:51:38Z
2026-08-02T23:49:28Z,2026-08-03T01:49:28+0200,65d3fff1-7125-472d-bbc3-1b240f9c8d5b,2026-07-11T05:00:00Z,2026-07-11T07:00:00+0200,26.669,MW,NL,NL,actual_onshore_wind_generation,Wind Onshore | Actual Aggregated,2026-08-02T23:51:38Z
2026-08-02T23:49:28Z,2026-08-03T01:49:28+0200,65d3fff1-7125-472d-bbc3-1b240f9c8d5b,2026-07-11T05:00:00Z,2026-07-11T07:00:00+0200,2.268,MW,NL,NL,actual_onshore_wind_generation,Wind Onshore | Actual Consumption,2026-08-02T23:51:38Z
2026-08-02T23:49:28Z,2026-08-03T01:49:28+0200,65d3fff1-7125-472d-bbc3-1b240f9c8d5b,2026-07-11T05:15:00Z,2026-07-11T07:15:00+0200,28.092,MW,NL,NL,actual_onshore_wind_generation,Wind Onshore | Actual Aggregated,2026-08-02T23:51:38Z
2026-08-02T23:49:28Z,2026-08-03T01:49:28+0200,65d3fff1-7125-472d-bbc3-1b240f9c8d5b,2026-07-11T05:15:00Z,2026-07-11T07:15:00+0200,0.185,MW,NL,NL,actual_onshore_wind_generation,Wind Onshore | Actual Consumption,2026-08-02T23:51:38Z
2026-08-02T23:49:28Z,2026-08-03T01:49:28+0200,65d3fff1-7125-472d-bbc3-1b240f9c8d5b,2026-07-11T05:30:00Z,2026-07-11T07:30:00+0200,29.578,MW,NL,NL,actual_onshore_wind_generation,Wind Onshore | Actual Aggregated,2026-08-02T23:51:38Z
2026-08-02T23:49:28Z,2026-08-03T01:49:28+0200,65d3fff1-7125-472d-bbc3-1b240f9c8d5b,2026-07-11T05:30:00Z,2026-07-11T07:30:00+0200,0.0,MW,NL,NL,actual_onshore_wind_generation,Wind Onshore | Actual Consumption,2026-08-02T23:51:38Z
2026-08-02T23:49:28Z,2026-08-03T01:49:28+0200,65d3fff1-7125-472d-bbc3-1b240f9c8d5b,2026-07-11T05:45:00Z,2026-07-11T07:45:00+0200,25.982,MW,NL,NL,actual_onshore_wind_generation,Wind Onshore | Actual Aggregated,2026-08-02T23:51:38Z
2026-08-02T23:49:28Z,2026-08-03T01:49:28+0200,65d3fff1-7125-472d-bbc3-1b240f9c8d5b,2026-07-11T05:45:00Z,2026-07-11T07:45:00+0200,0.0,MW,NL,NL,actual_onshore_wind_generation,Wind Onshore | Actual Consumption,2026-08-02T23:51:38Z
2026-08-02T23:49:28Z,2026-08-03T01:49:28+0200,65d3fff1-7125-472d-bbc3-1b240f9c8d5b,2026-07-11T06:00:00Z,2026-07-11T08:00:00+0200,26.643,MW,NL,NL,actual_onshore_wind_generation,Wind Onshore | Actual Aggregated,2026-08-02T23:51:38Z
2026-08-02T23:49:28Z,2026-08-03T01:49:28+0200,65d3fff1-7125-472d-bbc3-1b240f9c8d5b,2026-07-11T06:00:00Z,2026-07-11T08:00:00+0200,0.0,MW,NL,NL,actual_onshore_wind_generation,Wind Onshore | Actual Consumption,2026-08-02T23:51:38Z
2026-08-02T23:49:28Z,2026-08-03T01:49:28+0200,65d3fff1-7125-472d-bbc3-1b240f9c8d5b,2026-07-11T06:15:00Z,2026-07-11T08:15:00+0200,30.924,MW,NL,NL,actual_onshore_wind_generation,Wind Onshore | Actual Aggregated,2026-08-02T23:51:38Z
2026-08-02T23:49:28Z,2026-08-03T01:49:28+0200,65d3fff1-7125-472d-bbc3-1b240f9c8d5b,2026-07-11T06:15:00Z,2026-07-11T08:15:00+0200,0.0,MW,NL,NL,actual_onshore_wind_generation,Wind Onshore | Actual Consumption,2026-08-02T23:51:38Z
2026-08-02T23:49:28Z,2026-08-03T01:49:28+0200,65d3fff1-7125-472d-bbc3-1b240f9c8d5b,2026-07-11T06:30:00Z,2026-07-11T08:30:00+0200,33.777,MW,NL,NL,actual_onshore_wind_generation,Wind Onshore | Actual Aggregated,2026-08-02T23:51:38Z
2026-08-02T23:49:28Z,2026-08-03T01:49:28+0200,65d3fff1-7125-472d-bbc3-1b240f9c8d5b,2026-07-11T06:30:00Z,2026-07-11T08:30:00+0200,0.0,MW,NL,NL,actual_onshore_wind_generation,Wind Onshore | Actual Consumption,2026-08-02T23:51:38Z
2026-08-02T23:49:28Z,2026-08-03T01:49:28+0200,65d3fff1-7125-472d-bbc3-1b240f9c8d5b,2026-07-11T06:45:00Z,2026-07-11T08:45:00+0200,34.131,MW,NL,NL,actual_onshore_wind_generation,Wind Onshore | Actual Aggregated,2026-08-02T23:51:38Z
2026-08-02T23:49:28Z,2026-08-03T01:49:28+0200,65d3fff1-7125-472d-bbc3-1b240f9c8d5b,2026-07-11T06:45:00Z,2026-07-11T08:45:00+0200,0.0,MW,NL,NL,actual_onshore_wind_generation,Wind Onshore | Actual Consumption,2026-08-02T23:51:38Z
2026-08-02T23:49:28Z,2026-08-03T01:49:28+0200,65d3fff1-7125-472d-bbc3-1b240f9c8d5b,2026-07-11T07:00:00Z,2026-07-11T09:00:00+0200,42.914,MW,NL,NL,actual_onshore_wind_generation,Wind Onshore | Actual Aggregated,2026-08-02T23:51:38Z
2026-08-02T23:49:28Z,2026-08-03T01:49:28+0200,65d3fff1-7125-472d-bbc3-1b240f9c8d5b,2026-07-11T07:00:00Z,2026-07-11T09:00:00+0200,0.0,MW,NL,NL,actual_onshore_wind_generation,Wind Onshore | Actual Consumption,2026-08-02T23:51:38Z
2026-08-02T23:49:28Z,2026-08-03T01:49:28+0200,65d3fff1-7125-472d-bbc3-1b240f9c8d5b,2026-07-11T07:15:00Z,2026-07-11T09:15:00+0200,48.037,MW,NL,NL,actual_onshore_wind_generation,Wind Onshore | Actual Aggregated,2026-08-02T23:51:38Z
2026-08-02T23:49:28Z,2026-08-03T01:49:28+0200,65d3fff1-7125-472d-bbc3-1b240f9c8d5b,2026-07-11T07:15:00Z,2026-07-11T09:15:00+0200,0.0,MW,NL,NL,actual_onshore_wind_generation,Wind Onshore | Actual Consumption,2026-08-02T23:51:38Z
2026-08-02T23:49:28Z,2026-08-03T01:49:28+0200,65d3fff1-7125-472d-bbc3-1b240f9c8d5b,2026-07-11T07:30:00Z,2026-07-11T09:30:00+0200,49.722,MW,NL,NL,actual_onshore_wind_generation,Wind Onshore | Actual Aggregated,2026-08-02T23:51:38Z
2026-08-02T23:49:28Z,2026-08-03T01:49:28+0200,65d3fff1-7125-472d-bbc3-1b240f9c8d5b,2026-07-11T07:30:00Z,2026-07-11T09:30:00+0200,0.0,MW,NL,NL,actual_onshore_wind_generation,Wind Onshore | Actual Consumption,2026-08-02T23:51:38Z
2026-08-02T23:49:28Z,2026-08-03T01:49:28+0200,65d3fff1-7125-472d-bbc3-1b240f9c8d5b,2026-07-11T07:45:00Z,2026-07-11T09:45:00+0200,50.305,MW,NL,NL,actual_onshore_wind_generation,Wind Onshore | Actual Aggregated,2026-08-02T23:51:38Z
2026-08-02T23:49:28Z,2026-08-03T01:49:28+0200,65d3fff1-7125-472d-bbc3-1b240f9c8d5b,2026-07-11T07:45:00Z,2026-07-11T09:45:00+0200,0.0,MW,NL,NL,actual_onshore_wind_generation,Wind Onshore | Actual Consumption,2026-08-02T23:51:38Z
2026-08-02T23:49:28Z,2026-08-03T01:49:28+0200,65d3fff1-7125-472d-bbc3-1b240f9c8d5b,2026-07-11T08:00:00Z,2026-07-11T10:00:00+0200,50.402,MW,NL,NL,actual_onshore_wind_generation,Wind Onshore | Actual Aggregated,2026-08-02T23:51:38Z
2026-08-02T23:49:28Z,2026-08-03T01:49:28+0200,65d3fff1-7125-472d-bbc3-1b240f9c8d5b,2026-07-11T08:00:00Z,2026-07-11T10:00:00+0200,0.0,MW,NL,NL,actual_onshore_wind_generation,Wind Onshore | Actual Consumption,2026-08-02T23:51:38Z
2026-08-02T23:49:28Z,2026-08-03T01:49:28+0200,65d3fff1-7125-472d-bbc3-1b240f9c8d5b,2026-07-11T08:15:00Z,2026-07-11T10:15:00+0200,46.967,MW,NL,NL,actual_onshore_wind_generation,Wind Onshore | Actual Aggregated,2026-08-02T23:51:38Z
2026-08-02T23:49:28Z,2026-08-03T01:49:28+0200,65d3fff1-7125-472d-bbc3-1b240f9c8d5b,2026-07-11T08:15:00Z,2026-07-11T10:15:00+0200,0.0,MW,NL,NL,actual_onshore_wind_generation,Wind Onshore | Actual Consumption,2026-08-02T23:51:38Z
2026-08-02T23:49:28Z,2026-08-03T01:49:28+0200,65d3fff1-7125-472d-bbc3-1b240f9c8d5b,2026-07-11T08:30:00Z,2026-07-11T10:30:00+0200,36.563,MW,NL,NL,actual_onshore_wind_generation,Wind Onshore | Actual Aggregated,2026-08-02T23:51:38Z
2026-08-02T23:49:28Z,2026-08-03T01:49:28+0200,65d3fff1-7125-472d-bbc3-1b240f9c8d5b,2026-07-11T08:30:00Z,2026-07-11T10:30:00+0200,0.0,MW,NL,NL,actual_onshore_wind_generation,Wind Onshore | Actual Consumption,2026-08-02T23:51:38Z
2026-08-02T23:49:28Z,2026-08-03T01:49:28+0200,65d3fff1-7125-472d-bbc3-1b240f9c8d5b,2026-07-11T08:45:00Z,2026-07-11T10:45:00+0200,31.333,MW,NL,NL,actual_onshore_wind_generation,Wind Onshore | Actual Aggregated,2026-08-02T23:51:38Z
2026-08-02T23:49:28Z,2026-08-03T01:49:28+0200,65d3fff1-7125-472d-bbc3-1b240f9c8d5b,2026-07-11T08:45:00Z,2026-07-11T10:45:00+0200,0.323,MW,NL,NL,actual_onshore_wind_generation,Wind Onshore | Actual Consumption,2026-08-02T23:51:38Z
2026-08-02T23:49:28Z,2026-08-03T01:49:28+0200,65d3fff1-7125-472d-bbc3-1b240f9c8d5b,2026-07-11T09:00:00Z,2026-07-11T11:00:00+0200,31.045,MW,NL,NL,actual_onshore_wind_generation,Wind Onshore | Actual Aggregated,2026-08-02T23:51:38Z
2026-08-02T23:49:28Z,2026-08-03T01:49:28+0200,65d3fff1-7125-472d-bbc3-1b240f9c8d5b,2026-07-11T09:00:00Z,2026-07-11T11:00:00+0200,0.275,MW,NL,NL,actual_onshore_wind_generation,Wind Onshore | Actual Consumption,2026-08-02T23:51:38Z
2026-08-02T23:49:28Z,2026-08-03T01:49:28+0200,65d3fff1-7125-472d-bbc3-1b240f9c8d5b,2026-07-11T09:15:00Z,2026-07-11T11:15:00+0200,25.94,MW,NL,NL,actual_onshore_wind_generation,Wind Onshore | Actual Aggregated,2026-08-02T23:51:38Z
2026-08-02T23:49:28Z,2026-08-03T01:49:28+0200,65d3fff1-7125-472d-bbc3-1b240f9c8d5b,2026-07-11T09:15:00Z,2026-07-11T11:15:00+0200,0.081,MW,NL,NL,actual_onshore_wind_generation,Wind Onshore | Actual Consumption,2026-08-02T23:51:38Z
2026-08-02T23:49:28Z,2026-08-03T01:49:28+0200,65d3fff1-7125-472d-bbc3-1b240f9c8d5b,2026-07-11T09:30:00Z,2026-07-11T11:30:00+0200,17.33,MW,NL,NL,actual_onshore_wind_generation,Wind Onshore | Actual Aggregated,2026-08-02T23:51:38Z
2026-08-02T23:49:28Z,2026-08-03T01:49:28+0200,65d3fff1-7125-472d-bbc3-1b240f9c8d5b,2026-07-11T09:30:00Z,2026-07-11T11:30:00+0200,0.3,MW,NL,NL,actual_onshore_wind_generation,Wind Onshore | Actual Consumption,2026-08-02T23:51:38Z
2026-08-02T23:49:28Z,2026-08-03T01:49:28+0200,65d3fff1-7125-472d-bbc3-1b240f9c8d5b,2026-07-11T09:45:00Z,2026-07-11T11:45:00+0200,14.668,MW,NL,NL,actual_onshore_wind_generation,Wind Onshore | Actual Aggregated,2026-08-02T23:51:38Z
2026-08-02T23:49:28Z,2026-08-03T01:49:28+0200,65d3fff1-7125-472d-bbc3-1b240f9c8d5b,2026-07-11T09:45:00Z,2026-07-11T11:45:00+0200,1.863,MW,NL,NL,actual_onshore_wind_generation,Wind Onshore | Actual Consumption,2026-08-02T23:51:38Z
2026-08-02T23:49:28Z,2026-08-03T01:49:28+0200,65d3fff1-7125-472d-bbc3-1b240f9c8d5b,2026-07-11T10:00:00Z,2026-07-11T12:00:00+0200,20.262,MW,NL,NL,actual_onshore_wind_generation,Wind Onshore | Actual Aggregated,2026-08-02T23:51:38Z
2026-08-02T23:49:28Z,2026-08-03T01:49:28+0200,65d3fff1-7125-472d-bbc3-1b240f9c8d5b,2026-07-11T10:00:00Z,2026-07-11T12:00:00+0200,3.556,MW,NL,NL,actual_onshore_wind_generation,Wind Onshore | Actual Consumption,2026-08-02T23:51:38Z
2026-08-02T23:49:28Z,2026-08-03T01:49:28+0200,65d3fff1-7125-472d-bbc3-1b240f9c8d5b,2026-07-11T10:15:00Z,2026-07-11T12:15:00+0200,20.953,MW,NL,NL,actual_onshore_wind_generation,Wind Onshore | Actual Aggregated,2026-08-02T23:51:38Z
2026-08-02T23:49:28Z,2026-08-03T01:49:28+0200,65d3fff1-7125-472d-bbc3-1b240f9c8d5b,2026-07-11T10:15:00Z,2026-07-11T12:15:00+0200,4.258,MW,NL,NL,actual_onshore_wind_generation,Wind Onshore | Actual Consumption,2026-08-02T23:51:38Z
2026-08-02T23:49:28Z,2026-08-03T01:49:28+0200,65d3fff1-7125-472d-bbc3-1b240f9c8d5b,2026-07-11T10:30:00Z,2026-07-11T12:30:00+0200,17.339,MW,NL,NL,actual_onshore_wind_generation,Wind Onshore | Actual Aggregated,2026-08-02T23:51:38Z
2026-08-02T23:49:28Z,2026-08-03T01:49:28+0200,65d3fff1-7125-472d-bbc3-1b240f9c8d5b,2026-07-11T10:30:00Z,2026-07-11T12:30:00+0200,4.306,MW,NL,NL,actual_onshore_wind_generation,Wind Onshore | Actual Consumption,2026-08-02T23:51:38Z
2026-08-02T23:49:28Z,2026-08-03T01:49:28+0200,65d3fff1-7125-472d-bbc3-1b240f9c8d5b,2026-07-11T10:45:00Z,2026-07-11T12:45:00+0200,14.848,MW,NL,NL,actual_onshore_wind_generation,Wind Onshore | Actual Aggregated,2026-08-02T23:51:38Z
2026-08-02T23:49:28Z,2026-08-03T01:49:28+0200,65d3fff1-7125-472d-bbc3-1b240f9c8d5b,2026-07-11T10:45:00Z,2026-07-11T12:45:00+0200,4.976,MW,NL,NL,actual_onshore_wind_generation,Wind Onshore | Actual Consumption,2026-08-02T23:51:38Z
2026-08-02T23:49:28Z,2026-08-03T01:49:28+0200,65d3fff1-7125-472d-bbc3-1b240f9c8d5b,2026-07-11T11:00:00Z,2026-07-11T13:00:00+0200,17.349,MW,NL,NL,actual_onshore_wind_generation,Wind Onshore | Actual Aggregated,2026-08-02T23:51:38Z
2026-08-02T23:49:28Z,2026-08-03T01:49:28+0200,65d3fff1-7125-472d-bbc3-1b240f9c8d5b,2026-07-11T11:00:00Z,2026-07-11T13:00:00+0200,4.278,MW,NL,NL,actual_onshore_wind_generation,Wind Onshore | Actual Consumption,2026-08-02T23:51:38Z
2026-08-02T23:49:28Z,2026-08-03T01:49:28+0200,65d3fff1-7125-472d-bbc3-1b240f9c8d5b,2026-07-11T11:15:00Z,2026-07-11T13:15:00+0200,21.642,MW,NL,NL,actual_onshore_wind_generation,Wind Onshore | Actual Aggregated,2026-08-02T23:51:38Z
2026-08-02T23:49:28Z,2026-08-03T01:49:28+0200,65d3fff1-7125-472d-bbc3-1b240f9c8d5b,2026-07-11T11:15:00Z,2026-07-11T13:15:00+0200,0.728,MW,NL,NL,actual_onshore_wind_generation,Wind Onshore | Actual Consumption,2026-08-02T23:51:38Z
2026-08-02T23:49:28Z,2026-08-03T01:49:28+0200,65d3fff1-7125-472d-bbc3-1b240f9c8d5b,2026-07-11T11:30:00Z,2026-07-11T13:30:00+0200,26.741,MW,NL,NL,actual_onshore_wind_generation,Wind Onshore | Actual Aggregated,2026-08-02T23:51:38Z
2026-08-02T23:49:28Z,2026-08-03T01:49:28+0200,65d3fff1-7125-472d-bbc3-1b240f9c8d5b,2026-07-11T11:30:00Z,2026-07-11T13:30:00+0200,0.402,MW,NL,NL,actual_onshore_wind_generation,Wind Onshore | Actual Consumption,2026-08-02T23:51:38Z
2026-08-02T23:49:28Z,2026-08-03T01:49:28+0200,65d3fff1-7125-472d-bbc3-1b240f9c8d5b,2026-07-11T11:45:00Z,2026-07-11T13:45:00+0200,33.107,MW,NL,NL,actual_onshore_wind_generation,Wind Onshore | Actual Aggregated,2026-08-02T23:51:38Z
2026-08-02T23:49:28Z,2026-08-03T01:49:28+0200,65d3fff1-7125-472d-bbc3-1b240f9c8d5b,2026-07-11T11:45:00Z,2026-07-11T13:45:00+0200,0.455,MW,NL,NL,actual_onshore_wind_generation,Wind Onshore | Actual Consumption,2026-08-02T23:51:38Z
2026-08-02T23:49:28Z,2026-08-03T01:49:28+0200,65d3fff1-7125-472d-bbc3-1b240f9c8d5b,2026-07-11T12:00:00Z,2026-07-11T14:00:00+0200,36.425,MW,NL,NL,actual_onshore_wind_generation,Wind Onshore | Actual Aggregated,2026-08-02T23:51:38Z
2026-08-02T23:49:28Z,2026-08-03T01:49:28+0200,65d3fff1-7125-472d-bbc3-1b240f9c8d5b,2026-07-11T12:00:00Z,2026-07-11T14:00:00+0200,0.0,MW,NL,NL,actual_onshore_wind_generation,Wind Onshore | Actual Consumption,2026-08-02T23:51:38Z
2026-08-02T23:49:28Z,2026-08-03T01:49:28+0200,65d3fff1-7125-472d-bbc3-1b240f9c8d5b,2026-07-11T12:15:00Z,2026-07-11T14:15:00+0200,41.435,MW,NL,NL,actual_onshore_wind_generation,Wind Onshore | Actual Aggregated,2026-08-02T23:51:38Z
2026-08-02T23:49:28Z,2026-08-03T01:49:28+0200,65d3fff1-7125-472d-bbc3-1b240f9c8d5b,2026-07-11T12:15:00Z,2026-07-11T14:15:00+0200,0.0,MW,NL,NL,actual_onshore_wind_generation,Wind Onshore | Actual Consumption,2026-08-02T23:51:38Z
2026-08-02T23:49:28Z,2026-08-03T01:49:28+0200,65d3fff1-7125-472d-bbc3-1b240f9c8d5b,2026-07-11T12:30:00Z,2026-07-11T14:30:00+0200,51.04,MW,NL,NL,actual_onshore_wind_generation,Wind Onshore | Actual Aggregated,2026-08-02T23:51:38Z
2026-08-02T23:49:28Z,2026-08-03T01:49:28+0200,65d3fff1-7125-472d-bbc3-1b240f9c8d5b,2026-07-11T12:30:00Z,2026-07-11T14:30:00+0200,0.0,MW,NL,NL,actual_onshore_wind_generation,Wind Onshore | Actual Consumption,2026-08-02T23:51:38Z
2026-08-02T23:49:28Z,2026-08-03T01:49:28+0200,65d3fff1-7125-472d-bbc3-1b240f9c8d5b,2026-07-11T12:45:00Z,2026-07-11T14:45:00+0200,48.549,MW,NL,NL,actual_onshore_wind_generation,Wind Onshore | Actual Aggregated,2026-08-02T23:51:38Z
2026-08-02T23:49:28Z,2026-08-03T01:49:28+0200,65d3fff1-7125-472d-bbc3-1b240f9c8d5b,2026-07-11T12:45:00Z,2026-07-11T14:45:00+0200,0.0,MW,NL,NL,actual_onshore_wind_generation,Wind Onshore | Actual Consumption,2026-08-02T23:51:38Z
2026-08-02T23:49:28Z,2026-08-03T01:49:28+0200,65d3fff1-7125-472d-bbc3-1b240f9c8d5b,2026-07-11T13:00:00Z,2026-07-11T15:00:00+0200,38.132,MW,NL,NL,actual_onshore_wind_generation,Wind Onshore | Actual Aggregated,2026-08-02T23:51:38Z
2026-08-02T23:49:28Z,2026-08-03T01:49:28+0200,65d3fff1-7125-472d-bbc3-1b240f9c8d5b,2026-07-11T13:00:00Z,2026-07-11T15:00:00+0200,0.0,MW,NL,NL,actual_onshore_wind_generation,Wind Onshore | Actual Consumption,2026-08-02T23:51:38Z
2026-08-02T23:49:28Z,2026-08-03T01:49:28+0200,65d3fff1-7125-472d-bbc3-1b240f9c8d5b,2026-07-11T13:15:00Z,2026-07-11T15:15:00+0200,42.152,MW,NL,NL,actual_onshore_wind_generation,Wind Onshore | Actual Aggregated,2026-08-02T23:51:38Z
2026-08-02T23:49:28Z,2026-08-03T01:49:28+0200,65d3fff1-7125-472d-bbc3-1b240f9c8d5b,2026-07-11T13:15:00Z,2026-07-11T15:15:00+0200,0.558,MW,NL,NL,actual_onshore_wind_generation,Wind Onshore | Actual Consumption,2026-08-02T23:51:38Z
2026-08-02T23:49:28Z,2026-08-03T01:49:28+0200,65d3fff1-7125-472d-bbc3-1b240f9c8d5b,2026-07-11T13:30:00Z,2026-07-11T15:30:00+0200,38.336,MW,NL,NL,actual_onshore_wind_generation,Wind Onshore | Actual Aggregated,2026-08-02T23:51:38Z
2026-08-02T23:49:28Z,2026-08-03T01:49:28+0200,65d3fff1-7125-472d-bbc3-1b240f9c8d5b,2026-07-11T13:30:00Z,2026-07-11T15:30:00+0200,1.695,MW,NL,NL,actual_onshore_wind_generation,Wind Onshore | Actual Consumption,2026-08-02T23:51:38Z
2026-08-02T23:49:28Z,2026-08-03T01:49:28+0200,65d3fff1-7125-472d-bbc3-1b240f9c8d5b,2026-07-11T13:45:00Z,2026-07-11T15:45:00+0200,51.359,MW,NL,NL,actual_onshore_wind_generation,Wind Onshore | Actual Aggregated,2026-08-02T23:51:38Z
2026-08-02T23:49:28Z,2026-08-03T01:49:28+0200,65d3fff1-7125-472d-bbc3-1b240f9c8d5b,2026-07-11T13:45:00Z,2026-07-11T15:45:00+0200,0.0,MW,NL,NL,actual_onshore_wind_generation,Wind Onshore | Actual Consumption,2026-08-02T23:51:38Z
2026-08-02T23:49:28Z,2026-08-03T01:49:28+0200,65d3fff1-7125-472d-bbc3-1b240f9c8d5b,2026-07-11T14:00:00Z,2026-07-11T16:00:00+0200,117.039,MW,NL,NL,actual_onshore_wind_generation,Wind Onshore | Actual Aggregated,2026-08-02T23:51:38Z
2026-08-02T23:49:28Z,2026-08-03T01:49:28+0200,65d3fff1-7125-472d-bbc3-1b240f9c8d5b,2026-07-11T14:00:00Z,2026-07-11T16:00:00+0200,0.0,MW,NL,NL,actual_onshore_wind_generation,Wind Onshore | Actual Consumption,2026-08-02T23:51:38Z
2026-08-02T23:49:28Z,2026-08-03T01:49:28+0200,65d3fff1-7125-472d-bbc3-1b240f9c8d5b,2026-07-11T14:15:00Z,2026-07-11T16:15:00+0200,175.163,MW,NL,NL,actual_onshore_wind_generation,Wind Onshore | Actual Aggregated,2026-08-02T23:51:38Z
2026-08-02T23:49:28Z,2026-08-03T01:49:28+0200,65d3fff1-7125-472d-bbc3-1b240f9c8d5b,2026-07-11T14:15:00Z,2026-07-11T16:15:00+0200,0.0,MW,NL,NL,actual_onshore_wind_generation,Wind Onshore | Actual Consumption,2026-08-02T23:51:38Z
2026-08-02T23:49:28Z,2026-08-03T01:49:28+0200,65d3fff1-7125-472d-bbc3-1b240f9c8d5b,2026-07-11T14:30:00Z,2026-07-11T16:30:00+0200,193.162,MW,NL,NL,actual_onshore_wind_generation,Wind Onshore | Actual Aggregated,2026-08-02T23:51:38Z
2026-08-02T23:49:28Z,2026-08-03T01:49:28+0200,65d3fff1-7125-472d-bbc3-1b240f9c8d5b,2026-07-11T14:30:00Z,2026-07-11T16:30:00+0200,0.0,MW,NL,NL,actual_onshore_wind_generation,Wind Onshore | Actual Consumption,2026-08-02T23:51:38Z
2026-08-02T23:49:28Z,2026-08-03T01:49:28+0200,65d3fff1-7125-472d-bbc3-1b240f9c8d5b,2026-07-11T14:45:00Z,2026-07-11T16:45:00+0200,189.692,MW,NL,NL,actual_onshore_wind_generation,Wind Onshore | Actual Aggregated,2026-08-02T23:51:38Z
2026-08-02T23:49:28Z,2026-08-03T01:49:28+0200,65d3fff1-7125-472d-bbc3-1b240f9c8d5b,2026-07-11T14:45:00Z,2026-07-11T16:45:00+0200,0.0,MW,NL,NL,actual_onshore_wind_generation,Wind Onshore | Actual Consumption,2026-08-02T23:51:38Z
2026-08-02T23:49:28Z,2026-08-03T01:49:28+0200,65d3fff1-7125-472d-bbc3-1b240f9c8d5b,2026-07-11T15:00:00Z,2026-07-11T17:00:00+0200,214.517,MW,NL,NL,actual_onshore_wind_generation,Wind Onshore | Actual Aggregated,2026-08-02T23:51:38Z
2026-08-02T23:49:28Z,2026-08-03T01:49:28+0200,65d3fff1-7125-472d-bbc3-1b240f9c8d5b,2026-07-11T15:00:00Z,2026-07-11T17:00:00+0200,0.0,MW,NL,NL,actual_onshore_wind_generation,Wind Onshore | Actual Consumption,2026-08-02T23:51:38Z
2026-08-02T23:49:28Z,2026-08-03T01:49:28+0200,65d3fff1-7125-472d-bbc3-1b240f9c8d5b,2026-07-11T15:15:00Z,2026-07-11T17:15:00+0200,239.929,MW,NL,NL,actual_onshore_wind_generation,Wind Onshore | Actual Aggregated,2026-08-02T23:51:38Z
2026-08-02T23:49:28Z,2026-08-03T01:49:28+0200,65d3fff1-7125-472d-bbc3-1b240f9c8d5b,2026-07-11T15:15:00Z,2026-07-11T17:15:00+0200,0.0,MW,NL,NL,actual_onshore_wind_generation,Wind Onshore | Actual Consumption,2026-08-02T23:51:38Z
2026-08-02T23:49:28Z,2026-08-03T01:49:28+0200,65d3fff1-7125-472d-bbc3-1b240f9c8d5b,2026-07-11T15:30:00Z,2026-07-11T17:30:00+0200,241.785,MW,NL,NL,actual_onshore_wind_generation,Wind Onshore | Actual Aggregated,2026-08-02T23:51:38Z
2026-08-02T23:49:28Z,2026-08-03T01:49:28+0200,65d3fff1-7125-472d-bbc3-1b240f9c8d5b,2026-07-11T15:30:00Z,2026-07-11T17:30:00+0200,0.0,MW,NL,NL,actual_onshore_wind_generation,Wind Onshore | Actual Consumption,2026-08-02T23:51:38Z
2026-08-02T23:49:28Z,2026-08-03T01:49:28+0200,65d3fff1-7125-472d-bbc3-1b240f9c8d5b,2026-07-11T15:45:00Z,2026-07-11T17:45:00+0200,223.069,MW,NL,NL,actual_onshore_wind_generation,Wind Onshore | Actual Aggregated,2026-08-02T23:51:38Z
2026-08-02T23:49:28Z,2026-08-03T01:49:28+0200,65d3fff1-7125-472d-bbc3-1b240f9c8d5b,2026-07-11T15:45:00Z,2026-07-11T17:45:00+0200,0.0,MW,NL,NL,actual_onshore_wind_generation,Wind Onshore | Actual Consumption,2026-08-02T23:51:38Z
2026-08-02T23:49:28Z,2026-08-03T01:49:28+0200,65d3fff1-7125-472d-bbc3-1b240f9c8d5b,2026-07-11T16:00:00Z,2026-07-11T18:00:00+0200,212.325,MW,NL,NL,actual_onshore_wind_generation,Wind Onshore | Actual Aggregated,2026-08-02T23:51:38Z
2026-08-02T23:49:28Z,2026-08-03T01:49:28+0200,65d3fff1-7125-472d-bbc3-1b240f9c8d5b,2026-07-11T16:00:00Z,2026-07-11T18:00:00+0200,0.0,MW,NL,NL,actual_onshore_wind_generation,Wind Onshore | Actual Consumption,2026-08-02T23:51:38Z
2026-08-02T23:49:28Z,2026-08-03T01:49:28+0200,65d3fff1-7125-472d-bbc3-1b240f9c8d5b,2026-07-11T16:15:00Z,2026-07-11T18:15:00+0200,196.054,MW,NL,NL,actual_onshore_wind_generation,Wind Onshore | Actual Aggregated,2026-08-02T23:51:38Z
2026-08-02T23:49:28Z,2026-08-03T01:49:28+0200,65d3fff1-7125-472d-bbc3-1b240f9c8d5b,2026-07-11T16:15:00Z,2026-07-11T18:15:00+0200,0.0,MW,NL,NL,actual_onshore_wind_generation,Wind Onshore | Actual Consumption,2026-08-02T23:51:38Z
2026-08-02T23:49:28Z,2026-08-03T01:49:28+0200,65d3fff1-7125-472d-bbc3-1b240f9c8d5b,2026-07-11T16:30:00Z,2026-07-11T18:30:00+0200,203.998,MW,NL,NL,actual_onshore_wind_generation,Wind Onshore | Actual Aggregated,2026-08-02T23:51:38Z
2026-08-02T23:49:28Z,2026-08-03T01:49:28+0200,65d3fff1-7125-472d-bbc3-1b240f9c8d5b,2026-07-11T16:30:00Z,2026-07-11T18:30:00+0200,0.0,MW,NL,NL,actual_onshore_wind_generation,Wind Onshore | Actual Consumption,2026-08-02T23:51:38Z
2026-08-02T23:49:28Z,2026-08-03T01:49:28+0200,65d3fff1-7125-472d-bbc3-1b240f9c8d5b,2026-07-11T16:45:00Z,2026-07-11T18:45:00+0200,217.714,MW,NL,NL,actual_onshore_wind_generation,Wind Onshore | Actual Aggregated,2026-08-02T23:51:38Z
2026-08-02T23:49:28Z,2026-08-03T01:49:28+0200,65d3fff1-7125-472d-bbc3-1b240f9c8d5b,2026-07-11T16:45:00Z,2026-07-11T18:45:00+0200,0.0,MW,NL,NL,actual_onshore_wind_generation,Wind Onshore | Actual Consumption,2026-08-02T23:51:38Z
2026-08-02T23:49:28Z,2026-08-03T01:49:28+0200,65d3fff1-7125-472d-bbc3-1b240f9c8d5b,2026-07-11T17:00:00Z,2026-07-11T19:00:00+0200,208.752,MW,NL,NL,actual_onshore_wind_generation,Wind Onshore | Actual Aggregated,2026-08-02T23:51:38Z
2026-08-02T23:49:28Z,2026-08-03T01:49:28+0200,65d3fff1-7125-472d-bbc3-1b240f9c8d5b,2026-07-11T17:00:00Z,2026-07-11T19:00:00+0200,0.0,MW,NL,NL,actual_onshore_wind_generation,Wind Onshore | Actual Consumption,2026-08-02T23:51:38Z
2026-08-02T23:49:28Z,2026-08-03T01:49:28+0200,65d3fff1-7125-472d-bbc3-1b240f9c8d5b,2026-07-11T17:15:00Z,2026-07-11T19:15:00+0200,248.789,MW,NL,NL,actual_onshore_wind_generation,Wind Onshore | Actual Aggregated,2026-08-02T23:51:38Z
2026-08-02T23:49:28Z,2026-08-03T01:49:28+0200,65d3fff1-7125-472d-bbc3-1b240f9c8d5b,2026-07-11T17:15:00Z,2026-07-11T19:15:00+0200,0.0,MW,NL,NL,actual_onshore_wind_generation,Wind Onshore | Actual Consumption,2026-08-02T23:51:38Z
2026-08-02T23:49:28Z,2026-08-03T01:49:28+0200,65d3fff1-7125-472d-bbc3-1b240f9c8d5b,2026-07-11T17:30:00Z,2026-07-11T19:30:00+0200,282.117,MW,NL,NL,actual_onshore_wind_generation,Wind Onshore | Actual Aggregated,2026-08-02T23:51:38Z
2026-08-02T23:49:28Z,2026-08-03T01:49:28+0200,65d3fff1-7125-472d-bbc3-1b240f9c8d5b,2026-07-11T17:30:00Z,2026-07-11T19:30:00+0200,0.0,MW,NL,NL,actual_onshore_wind_generation,Wind Onshore | Actual Consumption,2026-08-02T23:51:38Z
2026-08-02T23:49:28Z,2026-08-03T01:49:28+0200,65d3fff1-7125-472d-bbc3-1b240f9c8d5b,2026-07-11T17:45:00Z,2026-07-11T19:45:00+0200,288.506,MW,NL,NL,actual_onshore_wind_generation,Wind Onshore | Actual Aggregated,2026-08-02T23:51:38Z
2026-08-02T23:49:28Z,2026-08-03T01:49:28+0200,65d3fff1-7125-472d-bbc3-1b240f9c8d5b,2026-07-11T17:45:00Z,2026-07-11T19:45:00+0200,0.0,MW,NL,NL,actual_onshore_wind_generation,Wind Onshore | Actual Consumption,2026-08-02T23:51:38Z
2026-08-02T23:49:28Z,2026-08-03T01:49:28+0200,65d3fff1-7125-472d-bbc3-1b240f9c8d5b,2026-07-11T18:00:00Z,2026-07-11T20:00:00+0200,312.217,MW,NL,NL,actual_onshore_wind_generation,Wind Onshore | Actual Aggregated,2026-08-02T23:51:38Z
2026-08-02T23:49:28Z,2026-08-03T01:49:28+0200,65d3fff1-7125-472d-bbc3-1b240f9c8d5b,2026-07-11T18:00:00Z,2026-07-11T20:00:00+0200,0.0,MW,NL,NL,actual_onshore_wind_generation,Wind Onshore | Actual Consumption,2026-08-02T23:51:38Z
2026-08-02T23:49:28Z,2026-08-03T01:49:28+0200,65d3fff1-7125-472d-bbc3-1b240f9c8d5b,2026-07-11T18:15:00Z,2026-07-11T20:15:00+0200,315.074,MW,NL,NL,actual_onshore_wind_generation,Wind Onshore | Actual Aggregated,2026-08-02T23:51:38Z
2026-08-02T23:49:28Z,2026-08-03T01:49:28+0200,65d3fff1-7125-472d-bbc3-1b240f9c8d5b,2026-07-11T18:15:00Z,2026-07-11T20:15:00+0200,0.0,MW,NL,NL,actual_onshore_wind_generation,Wind Onshore | Actual Consumption,2026-08-02T23:51:38Z
2026-08-02T23:49:28Z,2026-08-03T01:49:28+0200,65d3fff1-7125-472d-bbc3-1b240f9c8d5b,2026-07-11T18:30:00Z,2026-07-11T20:30:00+0200,304.395,MW,NL,NL,actual_onshore_wind_generation,Wind Onshore | Actual Aggregated,2026-08-02T23:51:38Z
2026-08-02T23:49:28Z,2026-08-03T01:49:28+0200,65d3fff1-7125-472d-bbc3-1b240f9c8d5b,2026-07-11T18:30:00Z,2026-07-11T20:30:00+0200,0.0,MW,NL,NL,actual_onshore_wind_generation,Wind Onshore | Actual Consumption,2026-08-02T23:51:38Z
2026-08-02T23:49:28Z,2026-08-03T01:49:28+0200,65d3fff1-7125-472d-bbc3-1b240f9c8d5b,2026-07-11T18:45:00Z,2026-07-11T20:45:00+0200,268.585,MW,NL,NL,actual_onshore_wind_generation,Wind Onshore | Actual Aggregated,2026-08-02T23:51:38Z
2026-08-02T23:49:28Z,2026-08-03T01:49:28+0200,65d3fff1-7125-472d-bbc3-1b240f9c8d5b,2026-07-11T18:45:00Z,2026-07-11T20:45:00+0200,0.0,MW,NL,NL,actual_onshore_wind_generation,Wind Onshore | Actual Consumption,2026-08-02T23:51:38Z
2026-08-02T23:49:28Z,2026-08-03T01:49:28+0200,65d3fff1-7125-472d-bbc3-1b240f9c8d5b,2026-07-11T19:00:00Z,2026-07-11T21:00:00+0200,269.019,MW,NL,NL,actual_onshore_wind_generation,Wind Onshore | Actual Aggregated,2026-08-02T23:51:38Z
2026-08-02T23:49:28Z,2026-08-03T01:49:28+0200,65d3fff1-7125-472d-bbc3-1b240f9c8d5b,2026-07-11T19:00:00Z,2026-07-11T21:00:00+0200,0.0,MW,NL,NL,actual_onshore_wind_generation,Wind Onshore | Actual Consumption,2026-08-02T23:51:38Z
2026-08-02T23:49:28Z,2026-08-03T01:49:28+0200,65d3fff1-7125-472d-bbc3-1b240f9c8d5b,2026-07-11T19:15:00Z,2026-07-11T21:15:00+0200,248.894,MW,NL,NL,actual_onshore_wind_generation,Wind Onshore | Actual Aggregated,2026-08-02T23:51:38Z
2026-08-02T23:49:28Z,2026-08-03T01:49:28+0200,65d3fff1-7125-472d-bbc3-1b240f9c8d5b,2026-07-11T19:15:00Z,2026-07-11T21:15:00+0200,0.0,MW,NL,NL,actual_onshore_wind_generation,Wind Onshore | Actual Consumption,2026-08-02T23:51:38Z
2026-08-02T23:49:28Z,2026-08-03T01:49:28+0200,65d3fff1-7125-472d-bbc3-1b240f9c8d5b,2026-07-11T19:30:00Z,2026-07-11T21:30:00+0200,233.037,MW,NL,NL,actual_onshore_wind_generation,Wind Onshore | Actual Aggregated,2026-08-02T23:51:38Z
2026-08-02T23:49:28Z,2026-08-03T01:49:28+0200,65d3fff1-7125-472d-bbc3-1b240f9c8d5b,2026-07-11T19:30:00Z,2026-07-11T21:30:00+0200,0.0,MW,NL,NL,actual_onshore_wind_generation,Wind Onshore | Actual Consumption,2026-08-02T23:51:38Z
2026-08-02T23:49:28Z,2026-08-03T01:49:28+0200,65d3fff1-7125-472d-bbc3-1b240f9c8d5b,2026-07-11T19:45:00Z,2026-07-11T21:45:00+0200,223.883,MW,NL,NL,actual_onshore_wind_generation,Wind Onshore | Actual Aggregated,2026-08-02T23:51:38Z
2026-08-02T23:49:28Z,2026-08-03T01:49:28+0200,65d3fff1-7125-472d-bbc3-1b240f9c8d5b,2026-07-11T19:45:00Z,2026-07-11T21:45:00+0200,0.0,MW,NL,NL,actual_onshore_wind_generation,Wind Onshore | Actual Consumption,2026-08-02T23:51:38Z
2026-08-02T23:49:28Z,2026-08-03T01:49:28+0200,65d3fff1-7125-472d-bbc3-1b240f9c8d5b,2026-07-11T20:00:00Z,2026-07-11T22:00:00+0200,212.165,MW,NL,NL,actual_onshore_wind_generation,Wind Onshore | Actual Aggregated,2026-08-02T23:51:38Z
2026-08-02T23:49:28Z,2026-08-03T01:49:28+0200,65d3fff1-7125-472d-bbc3-1b240f9c8d5b,2026-07-11T20:00:00Z,2026-07-11T22:00:00+0200,0.0,MW,NL,NL,actual_onshore_wind_generation,Wind Onshore | Actual Consumption,2026-08-02T23:51:38Z
2026-08-02T23:49:28Z,2026-08-03T01:49:28+0200,65d3fff1-7125-472d-bbc3-1b240f9c8d5b,2026-07-11T20:15:00Z,2026-07-11T22:15:00+0200,209.547,MW,NL,NL,actual_onshore_wind_generation,Wind Onshore | Actual Aggregated,2026-08-02T23:51:38Z
2026-08-02T23:49:28Z,2026-08-03T01:49:28+0200,65d3fff1-7125-472d-bbc3-1b240f9c8d5b,2026-07-11T20:15:00Z,2026-07-11T22:15:00+0200,0.0,MW,NL,NL,actual_onshore_wind_generation,Wind Onshore | Actual Consumption,2026-08-02T23:51:38Z
2026-08-02T23:49:28Z,2026-08-03T01:49:28+0200,65d3fff1-7125-472d-bbc3-1b240f9c8d5b,2026-07-11T20:30:00Z,2026-07-11T22:30:00+0200,225.101,MW,NL,NL,actual_onshore_wind_generation,Wind Onshore | Actual Aggregated,2026-08-02T23:51:38Z
2026-08-02T23:49:28Z,2026-08-03T01:49:28+0200,65d3fff1-7125-472d-bbc3-1b240f9c8d5b,2026-07-11T20:30:00Z,2026-07-11T22:30:00+0200,0.0,MW,NL,NL,actual_onshore_wind_generation,Wind Onshore | Actual Consumption,2026-08-02T23:51:38Z
2026-08-02T23:49:28Z,2026-08-03T01:49:28+0200,65d3fff1-7125-472d-bbc3-1b240f9c8d5b,2026-07-11T20:45:00Z,2026-07-11T22:45:00+0200,241.42,MW,NL,NL,actual_onshore_wind_generation,Wind Onshore | Actual Aggregated,2026-08-02T23:51:38Z
2026-08-02T23:49:28Z,2026-08-03T01:49:28+0200,65d3fff1-7125-472d-bbc3-1b240f9c8d5b,2026-07-11T20:45:00Z,2026-07-11T22:45:00+0200,0.0,MW,NL,NL,actual_onshore_wind_generation,Wind Onshore | Actual Consumption,2026-08-02T23:51:38Z
2026-08-02T23:49:28Z,2026-08-03T01:49:28+0200,65d3fff1-7125-472d-bbc3-1b240f9c8d5b,2026-07-11T21:00:00Z,2026-07-11T23:00:00+0200,230.192,MW,NL,NL,actual_onshore_wind_generation,Wind Onshore | Actual Aggregated,2026-08-02T23:51:38Z
2026-08-02T23:49:28Z,2026-08-03T01:49:28+0200,65d3fff1-7125-472d-bbc3-1b240f9c8d5b,2026-07-11T21:00:00Z,2026-07-11T23:00:00+0200,0.0,MW,NL,NL,actual_onshore_wind_generation,Wind Onshore | Actual Consumption,2026-08-02T23:51:38Z
2026-08-02T23:49:28Z,2026-08-03T01:49:28+0200,65d3fff1-7125-472d-bbc3-1b240f9c8d5b,2026-07-11T21:15:00Z,2026-07-11T23:15:00+0200,223.851,MW,NL,NL,actual_onshore_wind_generation,Wind Onshore | Actual Aggregated,2026-08-02T23:51:38Z
2026-08-02T23:49:28Z,2026-08-03T01:49:28+0200,65d3fff1-7125-472d-bbc3-1b240f9c8d5b,2026-07-11T21:15:00Z,2026-07-11T23:15:00+0200,0.0,MW,NL,NL,actual_onshore_wind_generation,Wind Onshore | Actual Consumption,2026-08-02T23:51:38Z
2026-08-02T23:49:28Z,2026-08-03T01:49:28+0200,65d3fff1-7125-472d-bbc3-1b240f9c8d5b,2026-07-11T21:30:00Z,2026-07-11T23:30:00+0200,207.848,MW,NL,NL,actual_onshore_wind_generation,Wind Onshore | Actual Aggregated,2026-08-02T23:51:38Z
2026-08-02T23:49:28Z,2026-08-03T01:49:28+0200,65d3fff1-7125-472d-bbc3-1b240f9c8d5b,2026-07-11T21:30:00Z,2026-07-11T23:30:00+0200,0.0,MW,NL,NL,actual_onshore_wind_generation,Wind Onshore | Actual Consumption,2026-08-02T23:51:38Z
2026-08-02T23:49:28Z,2026-08-03T01:49:28+0200,65d3fff1-7125-472d-bbc3-1b240f9c8d5b,2026-07-11T21:45:00Z,2026-07-11T23:45:00+0200,210.889,MW,NL,NL,actual_onshore_wind_generation,Wind Onshore | Actual Aggregated,2026-08-02T23:51:38Z
2026-08-02T23:49:28Z,2026-08-03T01:49:28+0200,65d3fff1-7125-472d-bbc3-1b240f9c8d5b,2026-07-11T21:45:00Z,2026-07-11T23:45:00+0200,0.0,MW,NL,NL,actual_onshore_wind_generation,Wind Onshore | Actual Consumption,2026-08-02T23:51:38Z
2026-08-02T23:49:28Z,2026-08-03T01:49:28+0200,65d3fff1-7125-472d-bbc3-1b240f9c8d5b,2026-07-11T22:00:00Z,2026-07-12T00:00:00+0200,198.595,MW,NL,NL,actual_onshore_wind_generation,Wind Onshore | Actual Aggregated,2026-08-02T23:51:38Z
2026-08-02T23:49:28Z,2026-08-03T01:49:28+0200,65d3fff1-7125-472d-bbc3-1b240f9c8d5b,2026-07-11T22:00:00Z,2026-07-12T00:00:00+0200,0.0,MW,NL,NL,actual_onshore_wind_generation,Wind Onshore | Actual Consumption,2026-08-02T23:51:38Z
2026-08-02T23:49:28Z,2026-08-03T01:49:28+0200,65d3fff1-7125-472d-bbc3-1b240f9c8d5b,2026-07-11T22:15:00Z,2026-07-12T00:15:00+0200,191.16,MW,NL,NL,actual_onshore_wind_generation,Wind Onshore | Actual Aggregated,2026-08-02T23:51:38Z
2026-08-02T23:49:28Z,2026-08-03T01:49:28+0200,65d3fff1-7125-472d-bbc3-1b240f9c8d5b,2026-07-11T22:15:00Z,2026-07-12T00:15:00+0200,0.0,MW,NL,NL,actual_onshore_wind_generation,Wind Onshore | Actual Consumption,2026-08-02T23:51:38Z
2026-08-02T23:49:28Z,2026-08-03T01:49:28+0200,65d3fff1-7125-472d-bbc3-1b240f9c8d5b,2026-07-11T22:30:00Z,2026-07-12T00:30:00+0200,202.72,MW,NL,NL,actual_onshore_wind_generation,Wind Onshore | Actual Aggregated,2026-08-02T23:51:38Z
2026-08-02T23:49:28Z,2026-08-03T01:49:28+0200,65d3fff1-7125-472d-bbc3-1b240f9c8d5b,2026-07-11T22:30:00Z,2026-07-12T00:30:00+0200,0.0,MW,NL,NL,actual_onshore_wind_generation,Wind Onshore | Actual Consumption,2026-08-02T23:51:38Z
2026-08-02T23:49:28Z,2026-08-03T01:49:28+0200,65d3fff1-7125-472d-bbc3-1b240f9c8d5b,2026-07-11T22:45:00Z,2026-07-12T00:45:00+0200,201.54,MW,NL,NL,actual_onshore_wind_generation,Wind Onshore | Actual Aggregated,2026-08-02T23:51:38Z
2026-08-02T23:49:28Z,2026-08-03T01:49:28+0200,65d3fff1-7125-472d-bbc3-1b240f9c8d5b,2026-07-11T22:45:00Z,2026-07-12T00:45:00+0200,0.0,MW,NL,NL,actual_onshore_wind_generation,Wind Onshore | Actual Consumption,2026-08-02T23:51:38Z
2026-08-02T23:49:28Z,2026-08-03T01:49:28+0200,65d3fff1-7125-472d-bbc3-1b240f9c8d5b,2026-07-11T23:00:00Z,2026-07-12T01:00:00+0200,196.961,MW,NL,NL,actual_onshore_wind_generation,Wind Onshore | Actual Aggregated,2026-08-02T23:51:38Z
2026-08-02T23:49:28Z,2026-08-03T01:49:28+0200,65d3fff1-7125-472d-bbc3-1b240f9c8d5b,2026-07-11T23:00:00Z,2026-07-12T01:00:00+0200,0.0,MW,NL,NL,actual_onshore_wind_generation,Wind Onshore | Actual Consumption,2026-08-02T23:51:38Z
2026-08-02T23:49:28Z,2026-08-03T01:49:28+0200,65d3fff1-7125-472d-bbc3-1b240f9c8d5b,2026-07-11T23:15:00Z,2026-07-12T01:15:00+0200,159.137,MW,NL,NL,actual_onshore_wind_generation,Wind Onshore | Actual Aggregated,2026-08-02T23:51:38Z
2026-08-02T23:49:28Z,2026-08-03T01:49:28+0200,65d3fff1-7125-472d-bbc3-1b240f9c8d5b,2026-07-11T23:15:00Z,2026-07-12T01:15:00+0200,0.0,MW,NL,NL,actual_onshore_wind_generation,Wind Onshore | Actual Consumption,2026-08-02T23:51:38Z
2026-08-02T23:49:28Z,2026-08-03T01:49:28+0200,65d3fff1-7125-472d-bbc3-1b240f9c8d5b,2026-07-11T23:30:00Z,2026-07-12T01:30:00+0200,138.648,MW,NL,NL,actual_onshore_wind_generation,Wind Onshore | Actual Aggregated,2026-08-02T23:51:38Z
2026-08-02T23:49:28Z,2026-08-03T01:49:28+0200,65d3fff1-7125-472d-bbc3-1b240f9c8d5b,2026-07-11T23:30:00Z,2026-07-12T01:30:00+0200,0.0,MW,NL,NL,actual_onshore_wind_generation,Wind Onshore | Actual Consumption,2026-08-02T23:51:38Z
2026-08-02T23:49:28Z,2026-08-03T01:49:28+0200,65d3fff1-7125-472d-bbc3-1b240f9c8d5b,2026-07-11T23:45:00Z,2026-07-12T01:45:00+0200,145.526,MW,NL,NL,actual_onshore_wind_generation,Wind Onshore | Actual Aggregated,2026-08-02T23:51:38Z
2026-08-02T23:49:28Z,2026-08-03T01:49:28+0200,65d3fff1-7125-472d-bbc3-1b240f9c8d5b,2026-07-11T23:45:00Z,2026-07-12T01:45:00+0200,0.0,MW,NL,NL,actual_onshore_wind_generation,Wind Onshore | Actual Consumption,2026-08-02T23:51:38Z
2026-08-02T23:49:28Z,2026-08-03T01:49:28+0200,65d3fff1-7125-472d-bbc3-1b240f9c8d5b,2026-07-12T00:00:00Z,2026-07-12T02:00:00+0200,145.426,MW,NL,NL,actual_onshore_wind_generation,Wind Onshore | Actual Aggregated,2026-08-02T23:51:38Z
2026-08-02T23:49:28Z,2026-08-03T01:49:28+0200,65d3fff1-7125-472d-bbc3-1b240f9c8d5b,2026-07-12T00:00:00Z,2026-07-12T02:00:00+0200,0.0,MW,NL,NL,actual_onshore_wind_generation,Wind Onshore | Actual Consumption,2026-08-02T23:51:38Z
2026-08-02T23:49:28Z,2026-08-03T01:49:28+0200,65d3fff1-7125-472d-bbc3-1b240f9c8d5b,2026-07-12T00:15:00Z,2026-07-12T02:15:00+0200,140.947,MW,NL,NL,actual_onshore_wind_generation,Wind Onshore | Actual Aggregated,2026-08-02T23:51:38Z
2026-08-02T23:49:28Z,2026-08-03T01:49:28+0200,65d3fff1-7125-472d-bbc3-1b240f9c8d5b,2026-07-12T00:15:00Z,2026-07-12T02:15:00+0200,0.0,MW,NL,NL,actual_onshore_wind_generation,Wind Onshore | Actual Consumption,2026-08-02T23:51:38Z
2026-08-02T23:49:28Z,2026-08-03T01:49:28+0200,65d3fff1-7125-472d-bbc3-1b240f9c8d5b,2026-07-12T00:30:00Z,2026-07-12T02:30:00+0200,131.68,MW,NL,NL,actual_onshore_wind_generation,Wind Onshore | Actual Aggregated,2026-08-02T23:51:38Z
2026-08-02T23:49:28Z,2026-08-03T01:49:28+0200,65d3fff1-7125-472d-bbc3-1b240f9c8d5b,2026-07-12T00:30:00Z,2026-07-12T02:30:00+0200,0.0,MW,NL,NL,actual_onshore_wind_generation,Wind Onshore | Actual Consumption,2026-08-02T23:51:38Z
2026-08-02T23:49:28Z,2026-08-03T01:49:28+0200,65d3fff1-7125-472d-bbc3-1b240f9c8d5b,2026-07-12T00:45:00Z,2026-07-12T02:45:00+0200,114.523,MW,NL,NL,actual_onshore_wind_generation,Wind Onshore | Actual Aggregated,2026-08-02T23:51:38Z
2026-08-02T23:49:28Z,2026-08-03T01:49:28+0200,65d3fff1-7125-472d-bbc3-1b240f9c8d5b,2026-07-12T00:45:00Z,2026-07-12T02:45:00+0200,0.0,MW,NL,NL,actual_onshore_wind_generation,Wind Onshore | Actual Consumption,2026-08-02T23:51:38Z
2026-08-02T23:49:28Z,2026-08-03T01:49:28+0200,65d3fff1-7125-472d-bbc3-1b240f9c8d5b,2026-07-12T01:00:00Z,2026-07-12T03:00:00+0200,115.638,MW,NL,NL,actual_onshore_wind_generation,Wind Onshore | Actual Aggregated,2026-08-02T23:51:38Z
2026-08-02T23:49:28Z,2026-08-03T01:49:28+0200,65d3fff1-7125-472d-bbc3-1b240f9c8d5b,2026-07-12T01:00:00Z,2026-07-12T03:00:00+0200,0.0,MW,NL,NL,actual_onshore_wind_generation,Wind Onshore | Actual Consumption,2026-08-02T23:51:38Z
2026-08-02T23:49:28Z,2026-08-03T01:49:28+0200,65d3fff1-7125-472d-bbc3-1b240f9c8d5b,2026-07-12T01:15:00Z,2026-07-12T03:15:00+0200,116.417,MW,NL,NL,actual_onshore_wind_generation,Wind Onshore | Actual Aggregated,2026-08-02T23:51:38Z
2026-08-02T23:49:28Z,2026-08-03T01:49:28+0200,65d3fff1-7125-472d-bbc3-1b240f9c8d5b,2026-07-12T01:15:00Z,2026-07-12T03:15:00+0200,0.0,MW,NL,NL,actual_onshore_wind_generation,Wind Onshore | Actual Consumption,2026-08-02T23:51:38Z
2026-08-02T23:49:28Z,2026-08-03T01:49:28+0200,65d3fff1-7125-472d-bbc3-1b240f9c8d5b,2026-07-12T01:30:00Z,2026-07-12T03:30:00+0200,120.502,MW,NL,NL,actual_onshore_wind_generation,Wind Onshore | Actual Aggregated,2026-08-02T23:51:38Z
2026-08-02T23:49:28Z,2026-08-03T01:49:28+0200,65d3fff1-7125-472d-bbc3-1b240f9c8d5b,2026-07-12T01:30:00Z,2026-07-12T03:30:00+0200,0.0,MW,NL,NL,actual_onshore_wind_generation,Wind Onshore | Actual Consumption,2026-08-02T23:51:38Z
2026-08-02T23:49:28Z,2026-08-03T01:49:28+0200,65d3fff1-7125-472d-bbc3-1b240f9c8d5b,2026-07-12T01:45:00Z,2026-07-12T03:45:00+0200,128.997,MW,NL,NL,actual_onshore_wind_generation,Wind Onshore | Actual Aggregated,2026-08-02T23:51:38Z
2026-08-02T23:49:28Z,2026-08-03T01:49:28+0200,65d3fff1-7125-472d-bbc3-1b240f9c8d5b,2026-07-12T01:45:00Z,2026-07-12T03:45:00+0200,0.0,MW,NL,NL,actual_onshore_wind_generation,Wind Onshore | Actual Consumption,2026-08-02T23:51:38Z
2026-08-02T23:49:28Z,2026-08-03T01:49:28+0200,65d3fff1-7125-472d-bbc3-1b240f9c8d5b,2026-07-12T02:00:00Z,2026-07-12T04:00:00+0200,118.63,MW,NL,NL,actual_onshore_wind_generation,Wind Onshore | Actual Aggregated,2026-08-02T23:51:38Z
2026-08-02T23:49:28Z,2026-08-03T01:49:28+0200,65d3fff1-7125-472d-bbc3-1b240f9c8d5b,2026-07-12T02:00:00Z,2026-07-12T04:00:00+0200,0.0,MW,NL,NL,actual_onshore_wind_generation,Wind Onshore | Actual Consumption,2026-08-02T23:51:38Z
2026-08-02T23:49:28Z,2026-08-03T01:49:28+0200,65d3fff1-7125-472d-bbc3-1b240f9c8d5b,2026-07-12T02:15:00Z,2026-07-12T04:15:00+0200,126.326,MW,NL,NL,actual_onshore_wind_generation,Wind Onshore | Actual Aggregated,2026-08-02T23:51:38Z
2026-08-02T23:49:28Z,2026-08-03T01:49:28+0200,65d3fff1-7125-472d-bbc3-1b240f9c8d5b,2026-07-12T02:15:00Z,2026-07-12T04:15:00+0200,0.0,MW,NL,NL,actual_onshore_wind_generation,Wind Onshore | Actual Consumption,2026-08-02T23:51:38Z
2026-08-02T23:49:28Z,2026-08-03T01:49:28+0200,65d3fff1-7125-472d-bbc3-1b240f9c8d5b,2026-07-12T02:30:00Z,2026-07-12T04:30:00+0200,137.424,MW,NL,NL,actual_onshore_wind_generation,Wind Onshore | Actual Aggregated,2026-08-02T23:51:38Z
2026-08-02T23:49:28Z,2026-08-03T01:49:28+0200,65d3fff1-7125-472d-bbc3-1b240f9c8d5b,2026-07-12T02:30:00Z,2026-07-12T04:30:00+0200,0.0,MW,NL,NL,actual_onshore_wind_generation,Wind Onshore | Actual Consumption,2026-08-02T23:51:38Z
2026-08-02T23:49:28Z,2026-08-03T01:49:28+0200,65d3fff1-7125-472d-bbc3-1b240f9c8d5b,2026-07-12T02:45:00Z,2026-07-12T04:45:00+0200,134.405,MW,NL,NL,actual_onshore_wind_generation,Wind Onshore | Actual Aggregated,2026-08-02T23:51:38Z
2026-08-02T23:49:28Z,2026-08-03T01:49:28+0200,65d3fff1-7125-472d-bbc3-1b240f9c8d5b,2026-07-12T02:45:00Z,2026-07-12T04:45:00+0200,0.0,MW,NL,NL,actual_onshore_wind_generation,Wind Onshore | Actual Consumption,2026-08-02T23:51:38Z
2026-08-02T23:49:28Z,2026-08-03T01:49:28+0200,65d3fff1-7125-472d-bbc3-1b240f9c8d5b,2026-07-12T03:00:00Z,2026-07-12T05:00:00+0200,130.938,MW,NL,NL,actual_onshore_wind_generation,Wind Onshore | Actual Aggregated,2026-08-02T23:51:38Z
2026-08-02T23:49:28Z,2026-08-03T01:49:28+0200,65d3fff1-7125-472d-bbc3-1b240f9c8d5b,2026-07-12T03:00:00Z,2026-07-12T05:00:00+0200,0.0,MW,NL,NL,actual_onshore_wind_generation,Wind Onshore | Actual Consumption,2026-08-02T23:51:38Z
2026-08-02T23:49:28Z,2026-08-03T01:49:28+0200,65d3fff1-7125-472d-bbc3-1b240f9c8d5b,2026-07-12T03:15:00Z,2026-07-12T05:15:00+0200,125.927,MW,NL,NL,actual_onshore_wind_generation,Wind Onshore | Actual Aggregated,2026-08-02T23:51:38Z
2026-08-02T23:49:28Z,2026-08-03T01:49:28+0200,65d3fff1-7125-472d-bbc3-1b240f9c8d5b,2026-07-12T03:15:00Z,2026-07-12T05:15:00+0200,0.0,MW,NL,NL,actual_onshore_wind_generation,Wind Onshore | Actual Consumption,2026-08-02T23:51:38Z
2026-08-02T23:49:28Z,2026-08-03T01:49:28+0200,65d3fff1-7125-472d-bbc3-1b240f9c8d5b,2026-07-12T03:30:00Z,2026-07-12T05:30:00+0200,123.226,MW,NL,NL,actual_onshore_wind_generation,Wind Onshore | Actual Aggregated,2026-08-02T23:51:38Z
2026-08-02T23:49:28Z,2026-08-03T01:49:28+0200,65d3fff1-7125-472d-bbc3-1b240f9c8d5b,2026-07-12T03:30:00Z,2026-07-12T05:30:00+0200,0.0,MW,NL,NL,actual_onshore_wind_generation,Wind Onshore | Actual Consumption,2026-08-02T23:51:38Z
2026-08-02T23:49:28Z,2026-08-03T01:49:28+0200,65d3fff1-7125-472d-bbc3-1b240f9c8d5b,2026-07-12T03:45:00Z,2026-07-12T05:45:00+0200,118.893,MW,NL,NL,actual_onshore_wind_generation,Wind Onshore | Actual Aggregated,2026-08-02T23:51:38Z
2026-08-02T23:49:28Z,2026-08-03T01:49:28+0200,65d3fff1-7125-472d-bbc3-1b240f9c8d5b,2026-07-12T03:45:00Z,2026-07-12T05:45:00+0200,0.0,MW,NL,NL,actual_onshore_wind_generation,Wind Onshore | Actual Consumption,2026-08-02T23:51:38Z
2026-08-02T23:49:28Z,2026-08-03T01:49:28+0200,65d3fff1-7125-472d-bbc3-1b240f9c8d5b,2026-07-12T04:00:00Z,2026-07-12T06:00:00+0200,103.557,MW,NL,NL,actual_onshore_wind_generation,Wind Onshore | Actual Aggregated,2026-08-02T23:51:38Z
2026-08-02T23:49:28Z,2026-08-03T01:49:28+0200,65d3fff1-7125-472d-bbc3-1b240f9c8d5b,2026-07-12T04:00:00Z,2026-07-12T06:00:00+0200,0.0,MW,NL,NL,actual_onshore_wind_generation,Wind Onshore | Actual Consumption,2026-08-02T23:51:38Z
2026-08-02T23:49:28Z,2026-08-03T01:49:28+0200,65d3fff1-7125-472d-bbc3-1b240f9c8d5b,2026-07-12T04:15:00Z,2026-07-12T06:15:00+0200,102.277,MW,NL,NL,actual_onshore_wind_generation,Wind Onshore | Actual Aggregated,2026-08-02T23:51:38Z
2026-08-02T23:49:28Z,2026-08-03T01:49:28+0200,65d3fff1-7125-472d-bbc3-1b240f9c8d5b,2026-07-12T04:15:00Z,2026-07-12T06:15:00+0200,0.0,MW,NL,NL,actual_onshore_wind_generation,Wind Onshore | Actual Consumption,2026-08-02T23:51:38Z
2026-08-02T23:49:28Z,2026-08-03T01:49:28+0200,65d3fff1-7125-472d-bbc3-1b240f9c8d5b,2026-07-12T04:30:00Z,2026-07-12T06:30:00+0200,122.343,MW,NL,NL,actual_onshore_wind_generation,Wind Onshore | Actual Aggregated,2026-08-02T23:51:38Z
2026-08-02T23:49:28Z,2026-08-03T01:49:28+0200,65d3fff1-7125-472d-bbc3-1b240f9c8d5b,2026-07-12T04:30:00Z,2026-07-12T06:30:00+0200,0.0,MW,NL,NL,actual_onshore_wind_generation,Wind Onshore | Actual Consumption,2026-08-02T23:51:38Z
2026-08-02T23:49:28Z,2026-08-03T01:49:28+0200,65d3fff1-7125-472d-bbc3-1b240f9c8d5b,2026-07-12T04:45:00Z,2026-07-12T06:45:00+0200,130.359,MW,NL,NL,actual_onshore_wind_generation,Wind Onshore | Actual Aggregated,2026-08-02T23:51:38Z
2026-08-02T23:49:28Z,2026-08-03T01:49:28+0200,65d3fff1-7125-472d-bbc3-1b240f9c8d5b,2026-07-12T04:45:00Z,2026-07-12T06:45:00+0200,0.0,MW,NL,NL,actual_onshore_wind_generation,Wind Onshore | Actual Consumption,2026-08-02T23:51:38Z
2026-08-02T23:49:28Z,2026-08-03T01:49:28+0200,65d3fff1-7125-472d-bbc3-1b240f9c8d5b,2026-07-12T05:00:00Z,2026-07-12T07:00:00+0200,145.464,MW,NL,NL,actual_onshore_wind_generation,Wind Onshore | Actual Aggregated,2026-08-02T23:51:38Z
2026-08-02T23:49:28Z,2026-08-03T01:49:28+0200,65d3fff1-7125-472d-bbc3-1b240f9c8d5b,2026-07-12T05:00:00Z,2026-07-12T07:00:00+0200,0.014,MW,NL,NL,actual_onshore_wind_generation,Wind Onshore | Actual Consumption,2026-08-02T23:51:38Z
2026-08-02T23:49:28Z,2026-08-03T01:49:28+0200,65d3fff1-7125-472d-bbc3-1b240f9c8d5b,2026-07-12T05:15:00Z,2026-07-12T07:15:00+0200,136.427,MW,NL,NL,actual_onshore_wind_generation,Wind Onshore | Actual Aggregated,2026-08-02T23:51:38Z
2026-08-02T23:49:28Z,2026-08-03T01:49:28+0200,65d3fff1-7125-472d-bbc3-1b240f9c8d5b,2026-07-12T05:15:00Z,2026-07-12T07:15:00+0200,0.0,MW,NL,NL,actual_onshore_wind_generation,Wind Onshore | Actual Consumption,2026-08-02T23:51:38Z
2026-08-02T23:49:28Z,2026-08-03T01:49:28+0200,65d3fff1-7125-472d-bbc3-1b240f9c8d5b,2026-07-12T05:30:00Z,2026-07-12T07:30:00+0200,145.322,MW,NL,NL,actual_onshore_wind_generation,Wind Onshore | Actual Aggregated,2026-08-02T23:51:38Z
2026-08-02T23:49:28Z,2026-08-03T01:49:28+0200,65d3fff1-7125-472d-bbc3-1b240f9c8d5b,2026-07-12T05:30:00Z,2026-07-12T07:30:00+0200,0.242,MW,NL,NL,actual_onshore_wind_generation,Wind Onshore | Actual Consumption,2026-08-02T23:51:38Z
2026-08-02T23:49:28Z,2026-08-03T01:49:28+0200,65d3fff1-7125-472d-bbc3-1b240f9c8d5b,2026-07-12T05:45:00Z,2026-07-12T07:45:00+0200,174.894,MW,NL,NL,actual_onshore_wind_generation,Wind Onshore | Actual Aggregated,2026-08-02T23:51:38Z
2026-08-02T23:49:28Z,2026-08-03T01:49:28+0200,65d3fff1-7125-472d-bbc3-1b240f9c8d5b,2026-07-12T05:45:00Z,2026-07-12T07:45:00+0200,0.0,MW,NL,NL,actual_onshore_wind_generation,Wind Onshore | Actual Consumption,2026-08-02T23:51:38Z
2026-08-02T23:49:28Z,2026-08-03T01:49:28+0200,65d3fff1-7125-472d-bbc3-1b240f9c8d5b,2026-07-12T06:00:00Z,2026-07-12T08:00:00+0200,179.328,MW,NL,NL,actual_onshore_wind_generation,Wind Onshore | Actual Aggregated,2026-08-02T23:51:38Z
2026-08-02T23:49:28Z,2026-08-03T01:49:28+0200,65d3fff1-7125-472d-bbc3-1b240f9c8d5b,2026-07-12T06:00:00Z,2026-07-12T08:00:00+0200,0.0,MW,NL,NL,actual_onshore_wind_generation,Wind Onshore | Actual Consumption,2026-08-02T23:51:38Z
2026-08-02T23:49:28Z,2026-08-03T01:49:28+0200,65d3fff1-7125-472d-bbc3-1b240f9c8d5b,2026-07-12T06:15:00Z,2026-07-12T08:15:00+0200,164.809,MW,NL,NL,actual_onshore_wind_generation,Wind Onshore | Actual Aggregated,2026-08-02T23:51:38Z
2026-08-02T23:49:28Z,2026-08-03T01:49:28+0200,65d3fff1-7125-472d-bbc3-1b240f9c8d5b,2026-07-12T06:15:00Z,2026-07-12T08:15:00+0200,0.0,MW,NL,NL,actual_onshore_wind_generation,Wind Onshore | Actual Consumption,2026-08-02T23:51:38Z
2026-08-02T23:49:28Z,2026-08-03T01:49:28+0200,65d3fff1-7125-472d-bbc3-1b240f9c8d5b,2026-07-12T06:30:00Z,2026-07-12T08:30:00+0200,155.065,MW,NL,NL,actual_onshore_wind_generation,Wind Onshore | Actual Aggregated,2026-08-02T23:51:38Z
2026-08-02T23:49:28Z,2026-08-03T01:49:28+0200,65d3fff1-7125-472d-bbc3-1b240f9c8d5b,2026-07-12T06:30:00Z,2026-07-12T08:30:00+0200,0.0,MW,NL,NL,actual_onshore_wind_generation,Wind Onshore | Actual Consumption,2026-08-02T23:51:38Z
2026-08-02T23:49:28Z,2026-08-03T01:49:28+0200,65d3fff1-7125-472d-bbc3-1b240f9c8d5b,2026-07-12T06:45:00Z,2026-07-12T08:45:00+0200,139.873,MW,NL,NL,actual_onshore_wind_generation,Wind Onshore | Actual Aggregated,2026-08-02T23:51:38Z
2026-08-02T23:49:28Z,2026-08-03T01:49:28+0200,65d3fff1-7125-472d-bbc3-1b240f9c8d5b,2026-07-12T06:45:00Z,2026-07-12T08:45:00+0200,0.0,MW,NL,NL,actual_onshore_wind_generation,Wind Onshore | Actual Consumption,2026-08-02T23:51:38Z
2026-08-02T23:49:28Z,2026-08-03T01:49:28+0200,65d3fff1-7125-472d-bbc3-1b240f9c8d5b,2026-07-12T07:00:00Z,2026-07-12T09:00:00+0200,119.666,MW,NL,NL,actual_onshore_wind_generation,Wind Onshore | Actual Aggregated,2026-08-02T23:51:38Z
2026-08-02T23:49:28Z,2026-08-03T01:49:28+0200,65d3fff1-7125-472d-bbc3-1b240f9c8d5b,2026-07-12T07:00:00Z,2026-07-12T09:00:00+0200,0.0,MW,NL,NL,actual_onshore_wind_generation,Wind Onshore | Actual Consumption,2026-08-02T23:51:38Z
2026-08-02T23:49:28Z,2026-08-03T01:49:28+0200,65d3fff1-7125-472d-bbc3-1b240f9c8d5b,2026-07-12T07:15:00Z,2026-07-12T09:15:00+0200,124.234,MW,NL,NL,actual_onshore_wind_generation,Wind Onshore | Actual Aggregated,2026-08-02T23:51:38Z
2026-08-02T23:49:28Z,2026-08-03T01:49:28+0200,65d3fff1-7125-472d-bbc3-1b240f9c8d5b,2026-07-12T07:15:00Z,2026-07-12T09:15:00+0200,0.0,MW,NL,NL,actual_onshore_wind_generation,Wind Onshore | Actual Consumption,2026-08-02T23:51:38Z
2026-08-02T23:49:28Z,2026-08-03T01:49:28+0200,65d3fff1-7125-472d-bbc3-1b240f9c8d5b,2026-07-12T07:30:00Z,2026-07-12T09:30:00+0200,125.265,MW,NL,NL,actual_onshore_wind_generation,Wind Onshore | Actual Aggregated,2026-08-02T23:51:38Z
2026-08-02T23:49:28Z,2026-08-03T01:49:28+0200,65d3fff1-7125-472d-bbc3-1b240f9c8d5b,2026-07-12T07:30:00Z,2026-07-12T09:30:00+0200,0.0,MW,NL,NL,actual_onshore_wind_generation,Wind Onshore | Actual Consumption,2026-08-02T23:51:38Z
2026-08-02T23:49:28Z,2026-08-03T01:49:28+0200,65d3fff1-7125-472d-bbc3-1b240f9c8d5b,2026-07-12T07:45:00Z,2026-07-12T09:45:00+0200,126.295,MW,NL,NL,actual_onshore_wind_generation,Wind Onshore | Actual Aggregated,2026-08-02T23:51:38Z
2026-08-02T23:49:28Z,2026-08-03T01:49:28+0200,65d3fff1-7125-472d-bbc3-1b240f9c8d5b,2026-07-12T07:45:00Z,2026-07-12T09:45:00+0200,0.0,MW,NL,NL,actual_onshore_wind_generation,Wind Onshore | Actual Consumption,2026-08-02T23:51:38Z
2026-08-02T23:49:28Z,2026-08-03T01:49:28+0200,65d3fff1-7125-472d-bbc3-1b240f9c8d5b,2026-07-12T08:00:00Z,2026-07-12T10:00:00+0200,43.345,MW,NL,NL,actual_onshore_wind_generation,Wind Onshore | Actual Aggregated,2026-08-02T23:51:38Z
2026-08-02T23:49:28Z,2026-08-03T01:49:28+0200,65d3fff1-7125-472d-bbc3-1b240f9c8d5b,2026-07-12T08:00:00Z,2026-07-12T10:00:00+0200,0.417,MW,NL,NL,actual_onshore_wind_generation,Wind Onshore | Actual Consumption,2026-08-02T23:51:38Z
2026-08-02T23:49:28Z,2026-08-03T01:49:28+0200,65d3fff1-7125-472d-bbc3-1b240f9c8d5b,2026-07-12T08:15:00Z,2026-07-12T10:15:00+0200,145.617,MW,NL,NL,actual_onshore_wind_generation,Wind Onshore | Actual Aggregated,2026-08-02T23:51:38Z
2026-08-02T23:49:28Z,2026-08-03T01:49:28+0200,65d3fff1-7125-472d-bbc3-1b240f9c8d5b,2026-07-12T08:15:00Z,2026-07-12T10:15:00+0200,0.0,MW,NL,NL,actual_onshore_wind_generation,Wind Onshore | Actual Consumption,2026-08-02T23:51:38Z
2026-08-02T23:49:28Z,2026-08-03T01:49:28+0200,65d3fff1-7125-472d-bbc3-1b240f9c8d5b,2026-07-12T08:30:00Z,2026-07-12T10:30:00+0200,177.967,MW,NL,NL,actual_onshore_wind_generation,Wind Onshore | Actual Aggregated,2026-08-02T23:51:38Z
2026-08-02T23:49:28Z,2026-08-03T01:49:28+0200,65d3fff1-7125-472d-bbc3-1b240f9c8d5b,2026-07-12T08:30:00Z,2026-07-12T10:30:00+0200,0.0,MW,NL,NL,actual_onshore_wind_generation,Wind Onshore | Actual Consumption,2026-08-02T23:51:38Z
2026-08-02T23:49:28Z,2026-08-03T01:49:28+0200,65d3fff1-7125-472d-bbc3-1b240f9c8d5b,2026-07-12T08:45:00Z,2026-07-12T10:45:00+0200,179.977,MW,NL,NL,actual_onshore_wind_generation,Wind Onshore | Actual Aggregated,2026-08-02T23:51:38Z
2026-08-02T23:49:28Z,2026-08-03T01:49:28+0200,65d3fff1-7125-472d-bbc3-1b240f9c8d5b,2026-07-12T08:45:00Z,2026-07-12T10:45:00+0200,0.0,MW,NL,NL,actual_onshore_wind_generation,Wind Onshore | Actual Consumption,2026-08-02T23:51:38Z
2026-08-02T23:49:28Z,2026-08-03T01:49:28+0200,65d3fff1-7125-472d-bbc3-1b240f9c8d5b,2026-07-12T09:00:00Z,2026-07-12T11:00:00+0200,180.599,MW,NL,NL,actual_onshore_wind_generation,Wind Onshore | Actual Aggregated,2026-08-02T23:51:38Z
2026-08-02T23:49:28Z,2026-08-03T01:49:28+0200,65d3fff1-7125-472d-bbc3-1b240f9c8d5b,2026-07-12T09:00:00Z,2026-07-12T11:00:00+0200,0.0,MW,NL,NL,actual_onshore_wind_generation,Wind Onshore | Actual Consumption,2026-08-02T23:51:38Z
2026-08-02T23:49:28Z,2026-08-03T01:49:28+0200,65d3fff1-7125-472d-bbc3-1b240f9c8d5b,2026-07-12T09:15:00Z,2026-07-12T11:15:00+0200,187.921,MW,NL,NL,actual_onshore_wind_generation,Wind Onshore | Actual Aggregated,2026-08-02T23:51:38Z
2026-08-02T23:49:28Z,2026-08-03T01:49:28+0200,65d3fff1-7125-472d-bbc3-1b240f9c8d5b,2026-07-12T09:15:00Z,2026-07-12T11:15:00+0200,0.0,MW,NL,NL,actual_onshore_wind_generation,Wind Onshore | Actual Consumption,2026-08-02T23:51:38Z
2026-08-02T23:49:28Z,2026-08-03T01:49:28+0200,65d3fff1-7125-472d-bbc3-1b240f9c8d5b,2026-07-12T09:30:00Z,2026-07-12T11:30:00+0200,53.861,MW,NL,NL,actual_onshore_wind_generation,Wind Onshore | Actual Aggregated,2026-08-02T23:51:38Z
2026-08-02T23:49:28Z,2026-08-03T01:49:28+0200,65d3fff1-7125-472d-bbc3-1b240f9c8d5b,2026-07-12T09:30:00Z,2026-07-12T11:30:00+0200,0.037,MW,NL,NL,actual_onshore_wind_generation,Wind Onshore | Actual Consumption,2026-08-02T23:51:38Z
2026-08-02T23:49:28Z,2026-08-03T01:49:28+0200,65d3fff1-7125-472d-bbc3-1b240f9c8d5b,2026-07-12T09:45:00Z,2026-07-12T11:45:00+0200,50.946,MW,NL,NL,actual_onshore_wind_generation,Wind Onshore | Actual Aggregated,2026-08-02T23:51:38Z
2026-08-02T23:49:28Z,2026-08-03T01:49:28+0200,65d3fff1-7125-472d-bbc3-1b240f9c8d5b,2026-07-12T09:45:00Z,2026-07-12T11:45:00+0200,0.024,MW,NL,NL,actual_onshore_wind_generation,Wind Onshore | Actual Consumption,2026-08-02T23:51:38Z
2026-08-02T23:49:28Z,2026-08-03T01:49:28+0200,65d3fff1-7125-472d-bbc3-1b240f9c8d5b,2026-07-12T10:00:00Z,2026-07-12T12:00:00+0200,57.111,MW,NL,NL,actual_onshore_wind_generation,Wind Onshore | Actual Aggregated,2026-08-02T23:51:38Z
2026-08-02T23:49:28Z,2026-08-03T01:49:28+0200,65d3fff1-7125-472d-bbc3-1b240f9c8d5b,2026-07-12T10:00:00Z,2026-07-12T12:00:00+0200,0.0,MW,NL,NL,actual_onshore_wind_generation,Wind Onshore | Actual Consumption,2026-08-02T23:51:38Z
2026-08-02T23:49:28Z,2026-08-03T01:49:28+0200,65d3fff1-7125-472d-bbc3-1b240f9c8d5b,2026-07-12T10:15:00Z,2026-07-12T12:15:00+0200,64.359,MW,NL,NL,actual_onshore_wind_generation,Wind Onshore | Actual Aggregated,2026-08-02T23:51:38Z
2026-08-02T23:49:28Z,2026-08-03T01:49:28+0200,65d3fff1-7125-472d-bbc3-1b240f9c8d5b,2026-07-12T10:15:00Z,2026-07-12T12:15:00+0200,0.035,MW,NL,NL,actual_onshore_wind_generation,Wind Onshore | Actual Consumption,2026-08-02T23:51:38Z
2026-08-02T23:49:28Z,2026-08-03T01:49:28+0200,65d3fff1-7125-472d-bbc3-1b240f9c8d5b,2026-07-12T10:30:00Z,2026-07-12T12:30:00+0200,60.207,MW,NL,NL,actual_onshore_wind_generation,Wind Onshore | Actual Aggregated,2026-08-02T23:51:38Z
2026-08-02T23:49:28Z,2026-08-03T01:49:28+0200,65d3fff1-7125-472d-bbc3-1b240f9c8d5b,2026-07-12T10:30:00Z,2026-07-12T12:30:00+0200,0.018,MW,NL,NL,actual_onshore_wind_generation,Wind Onshore | Actual Consumption,2026-08-02T23:51:38Z
2026-08-02T23:49:28Z,2026-08-03T01:49:28+0200,65d3fff1-7125-472d-bbc3-1b240f9c8d5b,2026-07-12T10:45:00Z,2026-07-12T12:45:00+0200,64.474,MW,NL,NL,actual_onshore_wind_generation,Wind Onshore | Actual Aggregated,2026-08-02T23:51:38Z
2026-08-02T23:49:28Z,2026-08-03T01:49:28+0200,65d3fff1-7125-472d-bbc3-1b240f9c8d5b,2026-07-12T10:45:00Z,2026-07-12T12:45:00+0200,0.0,MW,NL,NL,actual_onshore_wind_generation,Wind Onshore | Actual Consumption,2026-08-02T23:51:38Z
2026-08-02T23:49:28Z,2026-08-03T01:49:28+0200,65d3fff1-7125-472d-bbc3-1b240f9c8d5b,2026-07-12T11:00:00Z,2026-07-12T13:00:00+0200,86.28,MW,NL,NL,actual_onshore_wind_generation,Wind Onshore | Actual Aggregated,2026-08-02T23:51:38Z
2026-08-02T23:49:28Z,2026-08-03T01:49:28+0200,65d3fff1-7125-472d-bbc3-1b240f9c8d5b,2026-07-12T11:00:00Z,2026-07-12T13:00:00+0200,0.0,MW,NL,NL,actual_onshore_wind_generation,Wind Onshore | Actual Consumption,2026-08-02T23:51:38Z
2026-08-02T23:49:28Z,2026-08-03T01:49:28+0200,65d3fff1-7125-472d-bbc3-1b240f9c8d5b,2026-07-12T11:15:00Z,2026-07-12T13:15:00+0200,95.934,MW,NL,NL,actual_onshore_wind_generation,Wind Onshore | Actual Aggregated,2026-08-02T23:51:38Z
2026-08-02T23:49:28Z,2026-08-03T01:49:28+0200,65d3fff1-7125-472d-bbc3-1b240f9c8d5b,2026-07-12T11:15:00Z,2026-07-12T13:15:00+0200,0.0,MW,NL,NL,actual_onshore_wind_generation,Wind Onshore | Actual Consumption,2026-08-02T23:51:38Z
2026-08-02T23:49:28Z,2026-08-03T01:49:28+0200,65d3fff1-7125-472d-bbc3-1b240f9c8d5b,2026-07-12T11:30:00Z,2026-07-12T13:30:00+0200,98.539,MW,NL,NL,actual_onshore_wind_generation,Wind Onshore | Actual Aggregated,2026-08-02T23:51:38Z
2026-08-02T23:49:28Z,2026-08-03T01:49:28+0200,65d3fff1-7125-472d-bbc3-1b240f9c8d5b,2026-07-12T11:30:00Z,2026-07-12T13:30:00+0200,0.027,MW,NL,NL,actual_onshore_wind_generation,Wind Onshore | Actual Consumption,2026-08-02T23:51:38Z
2026-08-02T23:49:28Z,2026-08-03T01:49:28+0200,65d3fff1-7125-472d-bbc3-1b240f9c8d5b,2026-07-12T11:45:00Z,2026-07-12T13:45:00+0200,101.927,MW,NL,NL,actual_onshore_wind_generation,Wind Onshore | Actual Aggregated,2026-08-02T23:51:38Z
2026-08-02T23:49:28Z,2026-08-03T01:49:28+0200,65d3fff1-7125-472d-bbc3-1b240f9c8d5b,2026-07-12T11:45:00Z,2026-07-12T13:45:00+0200,0.0,MW,NL,NL,actual_onshore_wind_generation,Wind Onshore | Actual Consumption,2026-08-02T23:51:38Z
2026-08-02T23:49:28Z,2026-08-03T01:49:28+0200,65d3fff1-7125-472d-bbc3-1b240f9c8d5b,2026-07-12T12:00:00Z,2026-07-12T14:00:00+0200,128.826,MW,NL,NL,actual_onshore_wind_generation,Wind Onshore | Actual Aggregated,2026-08-02T23:51:38Z
2026-08-02T23:49:28Z,2026-08-03T01:49:28+0200,65d3fff1-7125-472d-bbc3-1b240f9c8d5b,2026-07-12T12:00:00Z,2026-07-12T14:00:00+0200,0.007,MW,NL,NL,actual_onshore_wind_generation,Wind Onshore | Actual Consumption,2026-08-02T23:51:38Z
2026-08-02T23:49:28Z,2026-08-03T01:49:28+0200,65d3fff1-7125-472d-bbc3-1b240f9c8d5b,2026-07-12T12:15:00Z,2026-07-12T14:15:00+0200,122.663,MW,NL,NL,actual_onshore_wind_generation,Wind Onshore | Actual Aggregated,2026-08-02T23:51:38Z
2026-08-02T23:49:28Z,2026-08-03T01:49:28+0200,65d3fff1-7125-472d-bbc3-1b240f9c8d5b,2026-07-12T12:15:00Z,2026-07-12T14:15:00+0200,0.006,MW,NL,NL,actual_onshore_wind_generation,Wind Onshore | Actual Consumption,2026-08-02T23:51:38Z
2026-08-02T23:49:28Z,2026-08-03T01:49:28+0200,65d3fff1-7125-472d-bbc3-1b240f9c8d5b,2026-07-12T12:30:00Z,2026-07-12T14:30:00+0200,128.783,MW,NL,NL,actual_onshore_wind_generation,Wind Onshore | Actual Aggregated,2026-08-02T23:51:38Z
2026-08-02T23:49:28Z,2026-08-03T01:49:28+0200,65d3fff1-7125-472d-bbc3-1b240f9c8d5b,2026-07-12T12:30:00Z,2026-07-12T14:30:00+0200,0.002,MW,NL,NL,actual_onshore_wind_generation,Wind Onshore | Actual Consumption,2026-08-02T23:51:38Z
2026-08-02T23:49:28Z,2026-08-03T01:49:28+0200,65d3fff1-7125-472d-bbc3-1b240f9c8d5b,2026-07-12T12:45:00Z,2026-07-12T14:45:00+0200,141.251,MW,NL,NL,actual_onshore_wind_generation,Wind Onshore | Actual Aggregated,2026-08-02T23:51:38Z
2026-08-02T23:49:28Z,2026-08-03T01:49:28+0200,65d3fff1-7125-472d-bbc3-1b240f9c8d5b,2026-07-12T12:45:00Z,2026-07-12T14:45:00+0200,0.0,MW,NL,NL,actual_onshore_wind_generation,Wind Onshore | Actual Consumption,2026-08-02T23:51:38Z
2026-08-02T23:49:28Z,2026-08-03T01:49:28+0200,65d3fff1-7125-472d-bbc3-1b240f9c8d5b,2026-07-12T13:00:00Z,2026-07-12T15:00:00+0200,151.102,MW,NL,NL,actual_onshore_wind_generation,Wind Onshore | Actual Aggregated,2026-08-02T23:51:38Z
2026-08-02T23:49:28Z,2026-08-03T01:49:28+0200,65d3fff1-7125-472d-bbc3-1b240f9c8d5b,2026-07-12T13:00:00Z,2026-07-12T15:00:00+0200,0.0,MW,NL,NL,actual_onshore_wind_generation,Wind Onshore | Actual Consumption,2026-08-02T23:51:38Z
2026-08-02T23:49:28Z,2026-08-03T01:49:28+0200,65d3fff1-7125-472d-bbc3-1b240f9c8d5b,2026-07-12T13:15:00Z,2026-07-12T15:15:00+0200,142.342,MW,NL,NL,actual_onshore_wind_generation,Wind Onshore | Actual Aggregated,2026-08-02T23:51:38Z
2026-08-02T23:49:28Z,2026-08-03T01:49:28+0200,65d3fff1-7125-472d-bbc3-1b240f9c8d5b,2026-07-12T13:15:00Z,2026-07-12T15:15:00+0200,0.005,MW,NL,NL,actual_onshore_wind_generation,Wind Onshore | Actual Consumption,2026-08-02T23:51:38Z
2026-08-02T23:49:28Z,2026-08-03T01:49:28+0200,65d3fff1-7125-472d-bbc3-1b240f9c8d5b,2026-07-12T13:30:00Z,2026-07-12T15:30:00+0200,137.286,MW,NL,NL,actual_onshore_wind_generation,Wind Onshore | Actual Aggregated,2026-08-02T23:51:38Z
2026-08-02T23:49:28Z,2026-08-03T01:49:28+0200,65d3fff1-7125-472d-bbc3-1b240f9c8d5b,2026-07-12T13:30:00Z,2026-07-12T15:30:00+0200,0.0,MW,NL,NL,actual_onshore_wind_generation,Wind Onshore | Actual Consumption,2026-08-02T23:51:38Z
2026-08-02T23:49:28Z,2026-08-03T01:49:28+0200,65d3fff1-7125-472d-bbc3-1b240f9c8d5b,2026-07-12T13:45:00Z,2026-07-12T15:45:00+0200,159.824,MW,NL,NL,actual_onshore_wind_generation,Wind Onshore | Actual Aggregated,2026-08-02T23:51:38Z
2026-08-02T23:49:28Z,2026-08-03T01:49:28+0200,65d3fff1-7125-472d-bbc3-1b240f9c8d5b,2026-07-12T13:45:00Z,2026-07-12T15:45:00+0200,0.006,MW,NL,NL,actual_onshore_wind_generation,Wind Onshore | Actual Consumption,2026-08-02T23:51:38Z
2026-08-02T23:49:28Z,2026-08-03T01:49:28+0200,65d3fff1-7125-472d-bbc3-1b240f9c8d5b,2026-07-12T14:00:00Z,2026-07-12T16:00:00+0200,172.705,MW,NL,NL,actual_onshore_wind_generation,Wind Onshore | Actual Aggregated,2026-08-02T23:51:38Z
2026-08-02T23:49:28Z,2026-08-03T01:49:28+0200,65d3fff1-7125-472d-bbc3-1b240f9c8d5b,2026-07-12T14:00:00Z,2026-07-12T16:00:00+0200,0.0,MW,NL,NL,actual_onshore_wind_generation,Wind Onshore | Actual Consumption,2026-08-02T23:51:38Z
2026-08-02T23:49:28Z,2026-08-03T01:49:28+0200,65d3fff1-7125-472d-bbc3-1b240f9c8d5b,2026-07-12T14:15:00Z,2026-07-12T16:15:00+0200,175.249,MW,NL,NL,actual_onshore_wind_generation,Wind Onshore | Actual Aggregated,2026-08-02T23:51:38Z
2026-08-02T23:49:28Z,2026-08-03T01:49:28+0200,65d3fff1-7125-472d-bbc3-1b240f9c8d5b,2026-07-12T14:15:00Z,2026-07-12T16:15:00+0200,0.0,MW,NL,NL,actual_onshore_wind_generation,Wind Onshore | Actual Consumption,2026-08-02T23:51:38Z
2026-08-02T23:49:28Z,2026-08-03T01:49:28+0200,65d3fff1-7125-472d-bbc3-1b240f9c8d5b,2026-07-12T14:30:00Z,2026-07-12T16:30:00+0200,354.787,MW,NL,NL,actual_onshore_wind_generation,Wind Onshore | Actual Aggregated,2026-08-02T23:51:38Z
2026-08-02T23:49:28Z,2026-08-03T01:49:28+0200,65d3fff1-7125-472d-bbc3-1b240f9c8d5b,2026-07-12T14:30:00Z,2026-07-12T16:30:00+0200,0.0,MW,NL,NL,actual_onshore_wind_generation,Wind Onshore | Actual Consumption,2026-08-02T23:51:38Z
2026-08-02T23:49:28Z,2026-08-03T01:49:28+0200,65d3fff1-7125-472d-bbc3-1b240f9c8d5b,2026-07-12T14:45:00Z,2026-07-12T16:45:00+0200,199.227,MW,NL,NL,actual_onshore_wind_generation,Wind Onshore | Actual Aggregated,2026-08-02T23:51:38Z
2026-08-02T23:49:28Z,2026-08-03T01:49:28+0200,65d3fff1-7125-472d-bbc3-1b240f9c8d5b,2026-07-12T14:45:00Z,2026-07-12T16:45:00+0200,0.0,MW,NL,NL,actual_onshore_wind_generation,Wind Onshore | Actual Consumption,2026-08-02T23:51:38Z
2026-08-02T23:49:28Z,2026-08-03T01:49:28+0200,65d3fff1-7125-472d-bbc3-1b240f9c8d5b,2026-07-12T15:00:00Z,2026-07-12T17:00:00+0200,475.458,MW,NL,NL,actual_onshore_wind_generation,Wind Onshore | Actual Aggregated,2026-08-02T23:51:38Z
2026-08-02T23:49:28Z,2026-08-03T01:49:28+0200,65d3fff1-7125-472d-bbc3-1b240f9c8d5b,2026-07-12T15:00:00Z,2026-07-12T17:00:00+0200,0.0,MW,NL,NL,actual_onshore_wind_generation,Wind Onshore | Actual Consumption,2026-08-02T23:51:38Z
2026-08-02T23:49:28Z,2026-08-03T01:49:28+0200,65d3fff1-7125-472d-bbc3-1b240f9c8d5b,2026-07-12T15:15:00Z,2026-07-12T17:15:00+0200,210.08,MW,NL,NL,actual_onshore_wind_generation,Wind Onshore | Actual Aggregated,2026-08-02T23:51:38Z
2026-08-02T23:49:28Z,2026-08-03T01:49:28+0200,65d3fff1-7125-472d-bbc3-1b240f9c8d5b,2026-07-12T15:15:00Z,2026-07-12T17:15:00+0200,0.0,MW,NL,NL,actual_onshore_wind_generation,Wind Onshore | Actual Consumption,2026-08-02T23:51:38Z
2026-08-02T23:49:28Z,2026-08-03T01:49:28+0200,65d3fff1-7125-472d-bbc3-1b240f9c8d5b,2026-07-12T15:30:00Z,2026-07-12T17:30:00+0200,481.335,MW,NL,NL,actual_onshore_wind_generation,Wind Onshore | Actual Aggregated,2026-08-02T23:51:38Z
2026-08-02T23:49:28Z,2026-08-03T01:49:28+0200,65d3fff1-7125-472d-bbc3-1b240f9c8d5b,2026-07-12T15:30:00Z,2026-07-12T17:30:00+0200,0.0,MW,NL,NL,actual_onshore_wind_generation,Wind Onshore | Actual Consumption,2026-08-02T23:51:38Z
2026-08-02T23:49:28Z,2026-08-03T01:49:28+0200,65d3fff1-7125-472d-bbc3-1b240f9c8d5b,2026-07-12T15:45:00Z,2026-07-12T17:45:00+0200,423.502,MW,NL,NL,actual_onshore_wind_generation,Wind Onshore | Actual Aggregated,2026-08-02T23:51:38Z
2026-08-02T23:49:28Z,2026-08-03T01:49:28+0200,65d3fff1-7125-472d-bbc3-1b240f9c8d5b,2026-07-12T15:45:00Z,2026-07-12T17:45:00+0200,0.0,MW,NL,NL,actual_onshore_wind_generation,Wind Onshore | Actual Consumption,2026-08-02T23:51:38Z
2026-08-02T23:49:28Z,2026-08-03T01:49:28+0200,65d3fff1-7125-472d-bbc3-1b240f9c8d5b,2026-07-12T16:00:00Z,2026-07-12T18:00:00+0200,400.235,MW,NL,NL,actual_onshore_wind_generation,Wind Onshore | Actual Aggregated,2026-08-02T23:51:38Z
2026-08-02T23:49:28Z,2026-08-03T01:49:28+0200,65d3fff1-7125-472d-bbc3-1b240f9c8d5b,2026-07-12T16:00:00Z,2026-07-12T18:00:00+0200,0.0,MW,NL,NL,actual_onshore_wind_generation,Wind Onshore | Actual Consumption,2026-08-02T23:51:38Z
2026-08-02T23:49:28Z,2026-08-03T01:49:28+0200,65d3fff1-7125-472d-bbc3-1b240f9c8d5b,2026-07-12T16:15:00Z,2026-07-12T18:15:00+0200,382.077,MW,NL,NL,actual_onshore_wind_generation,Wind Onshore | Actual Aggregated,2026-08-02T23:51:38Z
2026-08-02T23:49:28Z,2026-08-03T01:49:28+0200,65d3fff1-7125-472d-bbc3-1b240f9c8d5b,2026-07-12T16:15:00Z,2026-07-12T18:15:00+0200,0.0,MW,NL,NL,actual_onshore_wind_generation,Wind Onshore | Actual Consumption,2026-08-02T23:51:38Z
2026-08-02T23:49:28Z,2026-08-03T01:49:28+0200,65d3fff1-7125-472d-bbc3-1b240f9c8d5b,2026-07-12T16:30:00Z,2026-07-12T18:30:00+0200,395.825,MW,NL,NL,actual_onshore_wind_generation,Wind Onshore | Actual Aggregated,2026-08-02T23:51:38Z
2026-08-02T23:49:28Z,2026-08-03T01:49:28+0200,65d3fff1-7125-472d-bbc3-1b240f9c8d5b,2026-07-12T16:30:00Z,2026-07-12T18:30:00+0200,0.0,MW,NL,NL,actual_onshore_wind_generation,Wind Onshore | Actual Consumption,2026-08-02T23:51:38Z
2026-08-02T23:49:28Z,2026-08-03T01:49:28+0200,65d3fff1-7125-472d-bbc3-1b240f9c8d5b,2026-07-12T16:45:00Z,2026-07-12T18:45:00+0200,402.822,MW,NL,NL,actual_onshore_wind_generation,Wind Onshore | Actual Aggregated,2026-08-02T23:51:38Z
2026-08-02T23:49:28Z,2026-08-03T01:49:28+0200,65d3fff1-7125-472d-bbc3-1b240f9c8d5b,2026-07-12T16:45:00Z,2026-07-12T18:45:00+0200,0.0,MW,NL,NL,actual_onshore_wind_generation,Wind Onshore | Actual Consumption,2026-08-02T23:51:38Z
2026-08-02T23:49:28Z,2026-08-03T01:49:28+0200,65d3fff1-7125-472d-bbc3-1b240f9c8d5b,2026-07-12T17:00:00Z,2026-07-12T19:00:00+0200,397.336,MW,NL,NL,actual_onshore_wind_generation,Wind Onshore | Actual Aggregated,2026-08-02T23:51:38Z
2026-08-02T23:49:28Z,2026-08-03T01:49:28+0200,65d3fff1-7125-472d-bbc3-1b240f9c8d5b,2026-07-12T17:00:00Z,2026-07-12T19:00:00+0200,0.0,MW,NL,NL,actual_onshore_wind_generation,Wind Onshore | Actual Consumption,2026-08-02T23:51:38Z
2026-08-02T23:49:28Z,2026-08-03T01:49:28+0200,65d3fff1-7125-472d-bbc3-1b240f9c8d5b,2026-07-12T17:15:00Z,2026-07-12T19:15:00+0200,397.725,MW,NL,NL,actual_onshore_wind_generation,Wind Onshore | Actual Aggregated,2026-08-02T23:51:38Z
2026-08-02T23:49:28Z,2026-08-03T01:49:28+0200,65d3fff1-7125-472d-bbc3-1b240f9c8d5b,2026-07-12T17:15:00Z,2026-07-12T19:15:00+0200,0.0,MW,NL,NL,actual_onshore_wind_generation,Wind Onshore | Actual Consumption,2026-08-02T23:51:38Z
2026-08-02T23:49:28Z,2026-08-03T01:49:28+0200,65d3fff1-7125-472d-bbc3-1b240f9c8d5b,2026-07-12T17:30:00Z,2026-07-12T19:30:00+0200,399.772,MW,NL,NL,actual_onshore_wind_generation,Wind Onshore | Actual Aggregated,2026-08-02T23:51:38Z
2026-08-02T23:49:28Z,2026-08-03T01:49:28+0200,65d3fff1-7125-472d-bbc3-1b240f9c8d5b,2026-07-12T17:30:00Z,2026-07-12T19:30:00+0200,0.0,MW,NL,NL,actual_onshore_wind_generation,Wind Onshore | Actual Consumption,2026-08-02T23:51:38Z
2026-08-02T23:49:28Z,2026-08-03T01:49:28+0200,65d3fff1-7125-472d-bbc3-1b240f9c8d5b,2026-07-12T17:45:00Z,2026-07-12T19:45:00+0200,403.813,MW,NL,NL,actual_onshore_wind_generation,Wind Onshore | Actual Aggregated,2026-08-02T23:51:38Z
2026-08-02T23:49:28Z,2026-08-03T01:49:28+0200,65d3fff1-7125-472d-bbc3-1b240f9c8d5b,2026-07-12T17:45:00Z,2026-07-12T19:45:00+0200,0.0,MW,NL,NL,actual_onshore_wind_generation,Wind Onshore | Actual Consumption,2026-08-02T23:51:38Z
2026-08-02T23:49:28Z,2026-08-03T01:49:28+0200,65d3fff1-7125-472d-bbc3-1b240f9c8d5b,2026-07-12T18:00:00Z,2026-07-12T20:00:00+0200,396.439,MW,NL,NL,actual_onshore_wind_generation,Wind Onshore | Actual Aggregated,2026-08-02T23:51:38Z
2026-08-02T23:49:28Z,2026-08-03T01:49:28+0200,65d3fff1-7125-472d-bbc3-1b240f9c8d5b,2026-07-12T18:00:00Z,2026-07-12T20:00:00+0200,0.0,MW,NL,NL,actual_onshore_wind_generation,Wind Onshore | Actual Consumption,2026-08-02T23:51:38Z
2026-08-02T23:49:28Z,2026-08-03T01:49:28+0200,65d3fff1-7125-472d-bbc3-1b240f9c8d5b,2026-07-12T18:15:00Z,2026-07-12T20:15:00+0200,390.397,MW,NL,NL,actual_onshore_wind_generation,Wind Onshore | Actual Aggregated,2026-08-02T23:51:38Z
2026-08-02T23:49:28Z,2026-08-03T01:49:28+0200,65d3fff1-7125-472d-bbc3-1b240f9c8d5b,2026-07-12T18:15:00Z,2026-07-12T20:15:00+0200,0.0,MW,NL,NL,actual_onshore_wind_generation,Wind Onshore | Actual Consumption,2026-08-02T23:51:38Z
2026-08-02T23:49:28Z,2026-08-03T01:49:28+0200,65d3fff1-7125-472d-bbc3-1b240f9c8d5b,2026-07-12T18:30:00Z,2026-07-12T20:30:00+0200,380.498,MW,NL,NL,actual_onshore_wind_generation,Wind Onshore | Actual Aggregated,2026-08-02T23:51:38Z
2026-08-02T23:49:28Z,2026-08-03T01:49:28+0200,65d3fff1-7125-472d-bbc3-1b240f9c8d5b,2026-07-12T18:30:00Z,2026-07-12T20:30:00+0200,0.0,MW,NL,NL,actual_onshore_wind_generation,Wind Onshore | Actual Consumption,2026-08-02T23:51:38Z
2026-08-02T23:49:28Z,2026-08-03T01:49:28+0200,65d3fff1-7125-472d-bbc3-1b240f9c8d5b,2026-07-12T18:45:00Z,2026-07-12T20:45:00+0200,377.139,MW,NL,NL,actual_onshore_wind_generation,Wind Onshore | Actual Aggregated,2026-08-02T23:51:38Z
2026-08-02T23:49:28Z,2026-08-03T01:49:28+0200,65d3fff1-7125-472d-bbc3-1b240f9c8d5b,2026-07-12T18:45:00Z,2026-07-12T20:45:00+0200,0.0,MW,NL,NL,actual_onshore_wind_generation,Wind Onshore | Actual Consumption,2026-08-02T23:51:38Z
2026-08-02T23:49:28Z,2026-08-03T01:49:28+0200,65d3fff1-7125-472d-bbc3-1b240f9c8d5b,2026-07-12T19:00:00Z,2026-07-12T21:00:00+0200,403.939,MW,NL,NL,actual_onshore_wind_generation,Wind Onshore | Actual Aggregated,2026-08-02T23:51:38Z
2026-08-02T23:49:28Z,2026-08-03T01:49:28+0200,65d3fff1-7125-472d-bbc3-1b240f9c8d5b,2026-07-12T19:00:00Z,2026-07-12T21:00:00+0200,0.0,MW,NL,NL,actual_onshore_wind_generation,Wind Onshore | Actual Consumption,2026-08-02T23:51:38Z
2026-08-02T23:49:28Z,2026-08-03T01:49:28+0200,65d3fff1-7125-472d-bbc3-1b240f9c8d5b,2026-07-12T19:15:00Z,2026-07-12T21:15:00+0200,394.337,MW,NL,NL,actual_onshore_wind_generation,Wind Onshore | Actual Aggregated,2026-08-02T23:51:38Z
2026-08-02T23:49:28Z,2026-08-03T01:49:28+0200,65d3fff1-7125-472d-bbc3-1b240f9c8d5b,2026-07-12T19:15:00Z,2026-07-12T21:15:00+0200,0.0,MW,NL,NL,actual_onshore_wind_generation,Wind Onshore | Actual Consumption,2026-08-02T23:51:38Z
2026-08-02T23:49:28Z,2026-08-03T01:49:28+0200,65d3fff1-7125-472d-bbc3-1b240f9c8d5b,2026-07-12T19:30:00Z,2026-07-12T21:30:00+0200,331.789,MW,NL,NL,actual_onshore_wind_generation,Wind Onshore | Actual Aggregated,2026-08-02T23:51:38Z
2026-08-02T23:49:28Z,2026-08-03T01:49:28+0200,65d3fff1-7125-472d-bbc3-1b240f9c8d5b,2026-07-12T19:30:00Z,2026-07-12T21:30:00+0200,0.0,MW,NL,NL,actual_onshore_wind_generation,Wind Onshore | Actual Consumption,2026-08-02T23:51:38Z
2026-08-02T23:49:28Z,2026-08-03T01:49:28+0200,65d3fff1-7125-472d-bbc3-1b240f9c8d5b,2026-07-12T19:45:00Z,2026-07-12T21:45:00+0200,296.152,MW,NL,NL,actual_onshore_wind_generation,Wind Onshore | Actual Aggregated,2026-08-02T23:51:38Z
2026-08-02T23:49:28Z,2026-08-03T01:49:28+0200,65d3fff1-7125-472d-bbc3-1b240f9c8d5b,2026-07-12T19:45:00Z,2026-07-12T21:45:00+0200,0.0,MW,NL,NL,actual_onshore_wind_generation,Wind Onshore | Actual Consumption,2026-08-02T23:51:38Z
2026-08-02T23:49:28Z,2026-08-03T01:49:28+0200,65d3fff1-7125-472d-bbc3-1b240f9c8d5b,2026-07-12T20:00:00Z,2026-07-12T22:00:00+0200,322.538,MW,NL,NL,actual_onshore_wind_generation,Wind Onshore | Actual Aggregated,2026-08-02T23:51:38Z
2026-08-02T23:49:28Z,2026-08-03T01:49:28+0200,65d3fff1-7125-472d-bbc3-1b240f9c8d5b,2026-07-12T20:00:00Z,2026-07-12T22:00:00+0200,0.0,MW,NL,NL,actual_onshore_wind_generation,Wind Onshore | Actual Consumption,2026-08-02T23:51:38Z
2026-08-02T23:49:28Z,2026-08-03T01:49:28+0200,65d3fff1-7125-472d-bbc3-1b240f9c8d5b,2026-07-12T20:15:00Z,2026-07-12T22:15:00+0200,335.904,MW,NL,NL,actual_onshore_wind_generation,Wind Onshore | Actual Aggregated,2026-08-02T23:51:38Z
2026-08-02T23:49:28Z,2026-08-03T01:49:28+0200,65d3fff1-7125-472d-bbc3-1b240f9c8d5b,2026-07-12T20:15:00Z,2026-07-12T22:15:00+0200,0.0,MW,NL,NL,actual_onshore_wind_generation,Wind Onshore | Actual Consumption,2026-08-02T23:51:38Z
2026-08-02T23:49:28Z,2026-08-03T01:49:28+0200,65d3fff1-7125-472d-bbc3-1b240f9c8d5b,2026-07-12T20:30:00Z,2026-07-12T22:30:00+0200,317.835,MW,NL,NL,actual_onshore_wind_generation,Wind Onshore | Actual Aggregated,2026-08-02T23:51:38Z
2026-08-02T23:49:28Z,2026-08-03T01:49:28+0200,65d3fff1-7125-472d-bbc3-1b240f9c8d5b,2026-07-12T20:30:00Z,2026-07-12T22:30:00+0200,0.0,MW,NL,NL,actual_onshore_wind_generation,Wind Onshore | Actual Consumption,2026-08-02T23:51:38Z
2026-08-02T23:49:28Z,2026-08-03T01:49:28+0200,65d3fff1-7125-472d-bbc3-1b240f9c8d5b,2026-07-12T20:45:00Z,2026-07-12T22:45:00+0200,317.995,MW,NL,NL,actual_onshore_wind_generation,Wind Onshore | Actual Aggregated,2026-08-02T23:51:38Z
2026-08-02T23:49:28Z,2026-08-03T01:49:28+0200,65d3fff1-7125-472d-bbc3-1b240f9c8d5b,2026-07-12T20:45:00Z,2026-07-12T22:45:00+0200,0.0,MW,NL,NL,actual_onshore_wind_generation,Wind Onshore | Actual Consumption,2026-08-02T23:51:38Z
2026-08-02T23:49:28Z,2026-08-03T01:49:28+0200,65d3fff1-7125-472d-bbc3-1b240f9c8d5b,2026-07-12T21:00:00Z,2026-07-12T23:00:00+0200,305.667,MW,NL,NL,actual_onshore_wind_generation,Wind Onshore | Actual Aggregated,2026-08-02T23:51:38Z
2026-08-02T23:49:28Z,2026-08-03T01:49:28+0200,65d3fff1-7125-472d-bbc3-1b240f9c8d5b,2026-07-12T21:00:00Z,2026-07-12T23:00:00+0200,0.0,MW,NL,NL,actual_onshore_wind_generation,Wind Onshore | Actual Consumption,2026-08-02T23:51:38Z
2026-08-02T23:49:28Z,2026-08-03T01:49:28+0200,65d3fff1-7125-472d-bbc3-1b240f9c8d5b,2026-07-12T21:15:00Z,2026-07-12T23:15:00+0200,287.148,MW,NL,NL,actual_onshore_wind_generation,Wind Onshore | Actual Aggregated,2026-08-02T23:51:38Z
2026-08-02T23:49:28Z,2026-08-03T01:49:28+0200,65d3fff1-7125-472d-bbc3-1b240f9c8d5b,2026-07-12T21:15:00Z,2026-07-12T23:15:00+0200,0.0,MW,NL,NL,actual_onshore_wind_generation,Wind Onshore | Actual Consumption,2026-08-02T23:51:38Z
2026-08-02T23:49:28Z,2026-08-03T01:49:28+0200,65d3fff1-7125-472d-bbc3-1b240f9c8d5b,2026-07-12T21:30:00Z,2026-07-12T23:30:00+0200,300.175,MW,NL,NL,actual_onshore_wind_generation,Wind Onshore | Actual Aggregated,2026-08-02T23:51:38Z
2026-08-02T23:49:28Z,2026-08-03T01:49:28+0200,65d3fff1-7125-472d-bbc3-1b240f9c8d5b,2026-07-12T21:30:00Z,2026-07-12T23:30:00+0200,0.0,MW,NL,NL,actual_onshore_wind_generation,Wind Onshore | Actual Consumption,2026-08-02T23:51:38Z
2026-08-02T23:49:28Z,2026-08-03T01:49:28+0200,65d3fff1-7125-472d-bbc3-1b240f9c8d5b,2026-07-12T21:45:00Z,2026-07-12T23:45:00+0200,285.06,MW,NL,NL,actual_onshore_wind_generation,Wind Onshore | Actual Aggregated,2026-08-02T23:51:38Z
2026-08-02T23:49:28Z,2026-08-03T01:49:28+0200,65d3fff1-7125-472d-bbc3-1b240f9c8d5b,2026-07-12T21:45:00Z,2026-07-12T23:45:00+0200,0.0,MW,NL,NL,actual_onshore_wind_generation,Wind Onshore | Actual Consumption,2026-08-02T23:51:38Z
2026-08-02T23:49:28Z,2026-08-03T01:49:28+0200,65d3fff1-7125-472d-bbc3-1b240f9c8d5b,2026-07-12T22:00:00Z,2026-07-13T00:00:00+0200,250.171,MW,NL,NL,actual_onshore_wind_generation,Wind Onshore | Actual Aggregated,2026-08-02T23:51:38Z
2026-08-02T23:49:28Z,2026-08-03T01:49:28+0200,65d3fff1-7125-472d-bbc3-1b240f9c8d5b,2026-07-12T22:00:00Z,2026-07-13T00:00:00+0200,0.0,MW,NL,NL,actual_onshore_wind_generation,Wind Onshore | Actual Consumption,2026-08-02T23:51:38Z
2026-08-02T23:49:28Z,2026-08-03T01:49:28+0200,65d3fff1-7125-472d-bbc3-1b240f9c8d5b,2026-07-12T22:15:00Z,2026-07-13T00:15:00+0200,248.1,MW,NL,NL,actual_onshore_wind_generation,Wind Onshore | Actual Aggregated,2026-08-02T23:51:38Z
2026-08-02T23:49:28Z,2026-08-03T01:49:28+0200,65d3fff1-7125-472d-bbc3-1b240f9c8d5b,2026-07-12T22:15:00Z,2026-07-13T00:15:00+0200,0.0,MW,NL,NL,actual_onshore_wind_generation,Wind Onshore | Actual Consumption,2026-08-02T23:51:38Z
2026-08-02T23:49:28Z,2026-08-03T01:49:28+0200,65d3fff1-7125-472d-bbc3-1b240f9c8d5b,2026-07-12T22:30:00Z,2026-07-13T00:30:00+0200,219.616,MW,NL,NL,actual_onshore_wind_generation,Wind Onshore | Actual Aggregated,2026-08-02T23:51:38Z
2026-08-02T23:49:28Z,2026-08-03T01:49:28+0200,65d3fff1-7125-472d-bbc3-1b240f9c8d5b,2026-07-12T22:30:00Z,2026-07-13T00:30:00+0200,0.0,MW,NL,NL,actual_onshore_wind_generation,Wind Onshore | Actual Consumption,2026-08-02T23:51:38Z
2026-08-02T23:49:28Z,2026-08-03T01:49:28+0200,65d3fff1-7125-472d-bbc3-1b240f9c8d5b,2026-07-12T22:45:00Z,2026-07-13T00:45:00+0200,218.506,MW,NL,NL,actual_onshore_wind_generation,Wind Onshore | Actual Aggregated,2026-08-02T23:51:38Z
2026-08-02T23:49:28Z,2026-08-03T01:49:28+0200,65d3fff1-7125-472d-bbc3-1b240f9c8d5b,2026-07-12T22:45:00Z,2026-07-13T00:45:00+0200,0.0,MW,NL,NL,actual_onshore_wind_generation,Wind Onshore | Actual Consumption,2026-08-02T23:51:38Z
2026-08-02T23:49:28Z,2026-08-03T01:49:28+0200,65d3fff1-7125-472d-bbc3-1b240f9c8d5b,2026-07-12T23:00:00Z,2026-07-13T01:00:00+0200,228.67,MW,NL,NL,actual_onshore_wind_generation,Wind Onshore | Actual Aggregated,2026-08-02T23:51:38Z
2026-08-02T23:49:28Z,2026-08-03T01:49:28+0200,65d3fff1-7125-472d-bbc3-1b240f9c8d5b,2026-07-12T23:00:00Z,2026-07-13T01:00:00+0200,0.0,MW,NL,NL,actual_onshore_wind_generation,Wind Onshore | Actual Consumption,2026-08-02T23:51:38Z
2026-08-02T23:49:28Z,2026-08-03T01:49:28+0200,65d3fff1-7125-472d-bbc3-1b240f9c8d5b,2026-07-12T23:15:00Z,2026-07-13T01:15:00+0200,215.789,MW,NL,NL,actual_onshore_wind_generation,Wind Onshore | Actual Aggregated,2026-08-02T23:51:38Z
2026-08-02T23:49:28Z,2026-08-03T01:49:28+0200,65d3fff1-7125-472d-bbc3-1b240f9c8d5b,2026-07-12T23:15:00Z,2026-07-13T01:15:00+0200,0.0,MW,NL,NL,actual_onshore_wind_generation,Wind Onshore | Actual Consumption,2026-08-02T23:51:38Z
2026-08-02T23:49:28Z,2026-08-03T01:49:28+0200,65d3fff1-7125-472d-bbc3-1b240f9c8d5b,2026-07-12T23:30:00Z,2026-07-13T01:30:00+0200,195.901,MW,NL,NL,actual_onshore_wind_generation,Wind Onshore | Actual Aggregated,2026-08-02T23:51:38Z
2026-08-02T23:49:28Z,2026-08-03T01:49:28+0200,65d3fff1-7125-472d-bbc3-1b240f9c8d5b,2026-07-12T23:30:00Z,2026-07-13T01:30:00+0200,0.0,MW,NL,NL,actual_onshore_wind_generation,Wind Onshore | Actual Consumption,2026-08-02T23:51:38Z
2026-08-02T23:49:28Z,2026-08-03T01:49:28+0200,65d3fff1-7125-472d-bbc3-1b240f9c8d5b,2026-07-12T23:45:00Z,2026-07-13T01:45:00+0200,198.599,MW,NL,NL,actual_onshore_wind_generation,Wind Onshore | Actual Aggregated,2026-08-02T23:51:38Z
2026-08-02T23:49:28Z,2026-08-03T01:49:28+0200,65d3fff1-7125-472d-bbc3-1b240f9c8d5b,2026-07-12T23:45:00Z,2026-07-13T01:45:00+0200,0.0,MW,NL,NL,actual_onshore_wind_generation,Wind Onshore | Actual Consumption,2026-08-02T23:51:38Z
2026-08-02T23:49:28Z,2026-08-03T01:49:28+0200,65d3fff1-7125-472d-bbc3-1b240f9c8d5b,2026-07-13T00:00:00Z,2026-07-13T02:00:00+0200,176.396,MW,NL,NL,actual_onshore_wind_generation,Wind Onshore | Actual Aggregated,2026-08-02T23:51:38Z
2026-08-02T23:49:28Z,2026-08-03T01:49:28+0200,65d3fff1-7125-472d-bbc3-1b240f9c8d5b,2026-07-13T00:00:00Z,2026-07-13T02:00:00+0200,0.0,MW,NL,NL,actual_onshore_wind_generation,Wind Onshore | Actual Consumption,2026-08-02T23:51:38Z
2026-08-02T23:49:28Z,2026-08-03T01:49:28+0200,65d3fff1-7125-472d-bbc3-1b240f9c8d5b,2026-07-13T00:15:00Z,2026-07-13T02:15:00+0200,173.114,MW,NL,NL,actual_onshore_wind_generation,Wind Onshore | Actual Aggregated,2026-08-02T23:51:38Z
2026-08-02T23:49:28Z,2026-08-03T01:49:28+0200,65d3fff1-7125-472d-bbc3-1b240f9c8d5b,2026-07-13T00:15:00Z,2026-07-13T02:15:00+0200,0.0,MW,NL,NL,actual_onshore_wind_generation,Wind Onshore | Actual Consumption,2026-08-02T23:51:38Z
2026-08-02T23:49:28Z,2026-08-03T01:49:28+0200,65d3fff1-7125-472d-bbc3-1b240f9c8d5b,2026-07-13T00:30:00Z,2026-07-13T02:30:00+0200,175.333,MW,NL,NL,actual_onshore_wind_generation,Wind Onshore | Actual Aggregated,2026-08-02T23:51:38Z
2026-08-02T23:49:28Z,2026-08-03T01:49:28+0200,65d3fff1-7125-472d-bbc3-1b240f9c8d5b,2026-07-13T00:30:00Z,2026-07-13T02:30:00+0200,0.0,MW,NL,NL,actual_onshore_wind_generation,Wind Onshore | Actual Consumption,2026-08-02T23:51:38Z
2026-08-02T23:49:28Z,2026-08-03T01:49:28+0200,65d3fff1-7125-472d-bbc3-1b240f9c8d5b,2026-07-13T00:45:00Z,2026-07-13T02:45:00+0200,183.408,MW,NL,NL,actual_onshore_wind_generation,Wind Onshore | Actual Aggregated,2026-08-02T23:51:38Z
2026-08-02T23:49:28Z,2026-08-03T01:49:28+0200,65d3fff1-7125-472d-bbc3-1b240f9c8d5b,2026-07-13T00:45:00Z,2026-07-13T02:45:00+0200,0.0,MW,NL,NL,actual_onshore_wind_generation,Wind Onshore | Actual Consumption,2026-08-02T23:51:38Z
2026-08-02T23:49:28Z,2026-08-03T01:49:28+0200,65d3fff1-7125-472d-bbc3-1b240f9c8d5b,2026-07-13T01:00:00Z,2026-07-13T03:00:00+0200,178.7,MW,NL,NL,actual_onshore_wind_generation,Wind Onshore | Actual Aggregated,2026-08-02T23:51:38Z
2026-08-02T23:49:28Z,2026-08-03T01:49:28+0200,65d3fff1-7125-472d-bbc3-1b240f9c8d5b,2026-07-13T01:00:00Z,2026-07-13T03:00:00+0200,0.0,MW,NL,NL,actual_onshore_wind_generation,Wind Onshore | Actual Consumption,2026-08-02T23:51:38Z
2026-08-02T23:49:28Z,2026-08-03T01:49:28+0200,65d3fff1-7125-472d-bbc3-1b240f9c8d5b,2026-07-13T01:15:00Z,2026-07-13T03:15:00+0200,168.845,MW,NL,NL,actual_onshore_wind_generation,Wind Onshore | Actual Aggregated,2026-08-02T23:51:38Z
2026-08-02T23:49:28Z,2026-08-03T01:49:28+0200,65d3fff1-7125-472d-bbc3-1b240f9c8d5b,2026-07-13T01:15:00Z,2026-07-13T03:15:00+0200,0.0,MW,NL,NL,actual_onshore_wind_generation,Wind Onshore | Actual Consumption,2026-08-02T23:51:38Z
2026-08-02T23:49:28Z,2026-08-03T01:49:28+0200,65d3fff1-7125-472d-bbc3-1b240f9c8d5b,2026-07-13T01:30:00Z,2026-07-13T03:30:00+0200,151.197,MW,NL,NL,actual_onshore_wind_generation,Wind Onshore | Actual Aggregated,2026-08-02T23:51:38Z
2026-08-02T23:49:28Z,2026-08-03T01:49:28+0200,65d3fff1-7125-472d-bbc3-1b240f9c8d5b,2026-07-13T01:30:00Z,2026-07-13T03:30:00+0200,0.0,MW,NL,NL,actual_onshore_wind_generation,Wind Onshore | Actual Consumption,2026-08-02T23:51:38Z
2026-08-02T23:49:28Z,2026-08-03T01:49:28+0200,65d3fff1-7125-472d-bbc3-1b240f9c8d5b,2026-07-13T01:45:00Z,2026-07-13T03:45:00+0200,145.266,MW,NL,NL,actual_onshore_wind_generation,Wind Onshore | Actual Aggregated,2026-08-02T23:51:38Z
2026-08-02T23:49:28Z,2026-08-03T01:49:28+0200,65d3fff1-7125-472d-bbc3-1b240f9c8d5b,2026-07-13T01:45:00Z,2026-07-13T03:45:00+0200,0.0,MW,NL,NL,actual_onshore_wind_generation,Wind Onshore | Actual Consumption,2026-08-02T23:51:38Z
2026-08-02T23:49:28Z,2026-08-03T01:49:28+0200,65d3fff1-7125-472d-bbc3-1b240f9c8d5b,2026-07-13T02:00:00Z,2026-07-13T04:00:00+0200,141.982,MW,NL,NL,actual_onshore_wind_generation,Wind Onshore | Actual Aggregated,2026-08-02T23:51:38Z
2026-08-02T23:49:28Z,2026-08-03T01:49:28+0200,65d3fff1-7125-472d-bbc3-1b240f9c8d5b,2026-07-13T02:00:00Z,2026-07-13T04:00:00+0200,0.0,MW,NL,NL,actual_onshore_wind_generation,Wind Onshore | Actual Consumption,2026-08-02T23:51:38Z
2026-08-02T23:49:28Z,2026-08-03T01:49:28+0200,65d3fff1-7125-472d-bbc3-1b240f9c8d5b,2026-07-13T02:15:00Z,2026-07-13T04:15:00+0200,131.961,MW,NL,NL,actual_onshore_wind_generation,Wind Onshore | Actual Aggregated,2026-08-02T23:51:38Z
2026-08-02T23:49:28Z,2026-08-03T01:49:28+0200,65d3fff1-7125-472d-bbc3-1b240f9c8d5b,2026-07-13T02:15:00Z,2026-07-13T04:15:00+0200,0.0,MW,NL,NL,actual_onshore_wind_generation,Wind Onshore | Actual Consumption,2026-08-02T23:51:38Z
2026-08-02T23:49:28Z,2026-08-03T01:49:28+0200,65d3fff1-7125-472d-bbc3-1b240f9c8d5b,2026-07-13T02:30:00Z,2026-07-13T04:30:00+0200,128.457,MW,NL,NL,actual_onshore_wind_generation,Wind Onshore | Actual Aggregated,2026-08-02T23:51:38Z
2026-08-02T23:49:28Z,2026-08-03T01:49:28+0200,65d3fff1-7125-472d-bbc3-1b240f9c8d5b,2026-07-13T02:30:00Z,2026-07-13T04:30:00+0200,0.0,MW,NL,NL,actual_onshore_wind_generation,Wind Onshore | Actual Consumption,2026-08-02T23:51:38Z
2026-08-02T23:49:28Z,2026-08-03T01:49:28+0200,65d3fff1-7125-472d-bbc3-1b240f9c8d5b,2026-07-13T02:45:00Z,2026-07-13T04:45:00+0200,131.32,MW,NL,NL,actual_onshore_wind_generation,Wind Onshore | Actual Aggregated,2026-08-02T23:51:38Z
2026-08-02T23:49:28Z,2026-08-03T01:49:28+0200,65d3fff1-7125-472d-bbc3-1b240f9c8d5b,2026-07-13T02:45:00Z,2026-07-13T04:45:00+0200,0.0,MW,NL,NL,actual_onshore_wind_generation,Wind Onshore | Actual Consumption,2026-08-02T23:51:38Z
2026-08-02T23:49:28Z,2026-08-03T01:49:28+0200,65d3fff1-7125-472d-bbc3-1b240f9c8d5b,2026-07-13T03:00:00Z,2026-07-13T05:00:00+0200,120.277,MW,NL,NL,actual_onshore_wind_generation,Wind Onshore | Actual Aggregated,2026-08-02T23:51:38Z
2026-08-02T23:49:28Z,2026-08-03T01:49:28+0200,65d3fff1-7125-472d-bbc3-1b240f9c8d5b,2026-07-13T03:00:00Z,2026-07-13T05:00:00+0200,0.0,MW,NL,NL,actual_onshore_wind_generation,Wind Onshore | Actual Consumption,2026-08-02T23:51:38Z
2026-08-02T23:49:28Z,2026-08-03T01:49:28+0200,65d3fff1-7125-472d-bbc3-1b240f9c8d5b,2026-07-13T03:15:00Z,2026-07-13T05:15:00+0200,117.943,MW,NL,NL,actual_onshore_wind_generation,Wind Onshore | Actual Aggregated,2026-08-02T23:51:38Z
2026-08-02T23:49:28Z,2026-08-03T01:49:28+0200,65d3fff1-7125-472d-bbc3-1b240f9c8d5b,2026-07-13T03:15:00Z,2026-07-13T05:15:00+0200,0.0,MW,NL,NL,actual_onshore_wind_generation,Wind Onshore | Actual Consumption,2026-08-02T23:51:38Z
2026-08-02T23:49:28Z,2026-08-03T01:49:28+0200,65d3fff1-7125-472d-bbc3-1b240f9c8d5b,2026-07-13T03:30:00Z,2026-07-13T05:30:00+0200,117.865,MW,NL,NL,actual_onshore_wind_generation,Wind Onshore | Actual Aggregated,2026-08-02T23:51:38Z
2026-08-02T23:49:28Z,2026-08-03T01:49:28+0200,65d3fff1-7125-472d-bbc3-1b240f9c8d5b,2026-07-13T03:30:00Z,2026-07-13T05:30:00+0200,0.0,MW,NL,NL,actual_onshore_wind_generation,Wind Onshore | Actual Consumption,2026-08-02T23:51:38Z
2026-08-02T23:49:28Z,2026-08-03T01:49:28+0200,65d3fff1-7125-472d-bbc3-1b240f9c8d5b,2026-07-13T03:45:00Z,2026-07-13T05:45:00+0200,96.215,MW,NL,NL,actual_onshore_wind_generation,Wind Onshore | Actual Aggregated,2026-08-02T23:51:38Z
2026-08-02T23:49:28Z,2026-08-03T01:49:28+0200,65d3fff1-7125-472d-bbc3-1b240f9c8d5b,2026-07-13T03:45:00Z,2026-07-13T05:45:00+0200,0.0,MW,NL,NL,actual_onshore_wind_generation,Wind Onshore | Actual Consumption,2026-08-02T23:51:38Z
2026-08-02T23:49:28Z,2026-08-03T01:49:28+0200,65d3fff1-7125-472d-bbc3-1b240f9c8d5b,2026-07-13T04:00:00Z,2026-07-13T06:00:00+0200,91.947,MW,NL,NL,actual_onshore_wind_generation,Wind Onshore | Actual Aggregated,2026-08-02T23:51:38Z
2026-08-02T23:49:28Z,2026-08-03T01:49:28+0200,65d3fff1-7125-472d-bbc3-1b240f9c8d5b,2026-07-13T04:00:00Z,2026-07-13T06:00:00+0200,0.0,MW,NL,NL,actual_onshore_wind_generation,Wind Onshore | Actual Consumption,2026-08-02T23:51:38Z
2026-08-02T23:49:28Z,2026-08-03T01:49:28+0200,65d3fff1-7125-472d-bbc3-1b240f9c8d5b,2026-07-13T04:15:00Z,2026-07-13T06:15:00+0200,93.889,MW,NL,NL,actual_onshore_wind_generation,Wind Onshore | Actual Aggregated,2026-08-02T23:51:38Z
2026-08-02T23:49:28Z,2026-08-03T01:49:28+0200,65d3fff1-7125-472d-bbc3-1b240f9c8d5b,2026-07-13T04:15:00Z,2026-07-13T06:15:00+0200,0.29,MW,NL,NL,actual_onshore_wind_generation,Wind Onshore | Actual Consumption,2026-08-02T23:51:38Z
2026-08-02T23:49:28Z,2026-08-03T01:49:28+0200,65d3fff1-7125-472d-bbc3-1b240f9c8d5b,2026-07-13T04:30:00Z,2026-07-13T06:30:00+0200,102.715,MW,NL,NL,actual_onshore_wind_generation,Wind Onshore | Actual Aggregated,2026-08-02T23:51:38Z
2026-08-02T23:49:28Z,2026-08-03T01:49:28+0200,65d3fff1-7125-472d-bbc3-1b240f9c8d5b,2026-07-13T04:30:00Z,2026-07-13T06:30:00+0200,0.252,MW,NL,NL,actual_onshore_wind_generation,Wind Onshore | Actual Consumption,2026-08-02T23:51:38Z
2026-08-02T23:49:28Z,2026-08-03T01:49:28+0200,65d3fff1-7125-472d-bbc3-1b240f9c8d5b,2026-07-13T04:45:00Z,2026-07-13T06:45:00+0200,106.792,MW,NL,NL,actual_onshore_wind_generation,Wind Onshore | Actual Aggregated,2026-08-02T23:51:38Z
2026-08-02T23:49:28Z,2026-08-03T01:49:28+0200,65d3fff1-7125-472d-bbc3-1b240f9c8d5b,2026-07-13T04:45:00Z,2026-07-13T06:45:00+0200,0.454,MW,NL,NL,actual_onshore_wind_generation,Wind Onshore | Actual Consumption,2026-08-02T23:51:38Z
2026-08-02T23:49:28Z,2026-08-03T01:49:28+0200,65d3fff1-7125-472d-bbc3-1b240f9c8d5b,2026-07-13T05:00:00Z,2026-07-13T07:00:00+0200,89.878,MW,NL,NL,actual_onshore_wind_generation,Wind Onshore | Actual Aggregated,2026-08-02T23:51:38Z
2026-08-02T23:49:28Z,2026-08-03T01:49:28+0200,65d3fff1-7125-472d-bbc3-1b240f9c8d5b,2026-07-13T05:00:00Z,2026-07-13T07:00:00+0200,0.252,MW,NL,NL,actual_onshore_wind_generation,Wind Onshore | Actual Consumption,2026-08-02T23:51:38Z
2026-08-02T23:49:28Z,2026-08-03T01:49:28+0200,65d3fff1-7125-472d-bbc3-1b240f9c8d5b,2026-07-13T05:15:00Z,2026-07-13T07:15:00+0200,75.604,MW,NL,NL,actual_onshore_wind_generation,Wind Onshore | Actual Aggregated,2026-08-02T23:51:38Z
2026-08-02T23:49:28Z,2026-08-03T01:49:28+0200,65d3fff1-7125-472d-bbc3-1b240f9c8d5b,2026-07-13T05:15:00Z,2026-07-13T07:15:00+0200,0.257,MW,NL,NL,actual_onshore_wind_generation,Wind Onshore | Actual Consumption,2026-08-02T23:51:38Z
2026-08-02T23:49:28Z,2026-08-03T01:49:28+0200,65d3fff1-7125-472d-bbc3-1b240f9c8d5b,2026-07-13T05:30:00Z,2026-07-13T07:30:00+0200,64.873,MW,NL,NL,actual_onshore_wind_generation,Wind Onshore | Actual Aggregated,2026-08-02T23:51:38Z
2026-08-02T23:49:28Z,2026-08-03T01:49:28+0200,65d3fff1-7125-472d-bbc3-1b240f9c8d5b,2026-07-13T05:30:00Z,2026-07-13T07:30:00+0200,1.052,MW,NL,NL,actual_onshore_wind_generation,Wind Onshore | Actual Consumption,2026-08-02T23:51:38Z
2026-08-02T23:49:28Z,2026-08-03T01:49:28+0200,65d3fff1-7125-472d-bbc3-1b240f9c8d5b,2026-07-13T05:45:00Z,2026-07-13T07:45:00+0200,56.87,MW,NL,NL,actual_onshore_wind_generation,Wind Onshore | Actual Aggregated,2026-08-02T23:51:38Z
2026-08-02T23:49:28Z,2026-08-03T01:49:28+0200,65d3fff1-7125-472d-bbc3-1b240f9c8d5b,2026-07-13T05:45:00Z,2026-07-13T07:45:00+0200,2.088,MW,NL,NL,actual_onshore_wind_generation,Wind Onshore | Actual Consumption,2026-08-02T23:51:38Z
2026-08-02T23:49:28Z,2026-08-03T01:49:28+0200,65d3fff1-7125-472d-bbc3-1b240f9c8d5b,2026-07-13T06:00:00Z,2026-07-13T08:00:00+0200,58.425,MW,NL,NL,actual_onshore_wind_generation,Wind Onshore | Actual Aggregated,2026-08-02T23:51:38Z
2026-08-02T23:49:28Z,2026-08-03T01:49:28+0200,65d3fff1-7125-472d-bbc3-1b240f9c8d5b,2026-07-13T06:00:00Z,2026-07-13T08:00:00+0200,2.327,MW,NL,NL,actual_onshore_wind_generation,Wind Onshore | Actual Consumption,2026-08-02T23:51:38Z
2026-08-02T23:49:28Z,2026-08-03T01:49:28+0200,65d3fff1-7125-472d-bbc3-1b240f9c8d5b,2026-07-13T06:15:00Z,2026-07-13T08:15:00+0200,57.475,MW,NL,NL,actual_onshore_wind_generation,Wind Onshore | Actual Aggregated,2026-08-02T23:51:38Z
2026-08-02T23:49:28Z,2026-08-03T01:49:28+0200,65d3fff1-7125-472d-bbc3-1b240f9c8d5b,2026-07-13T06:15:00Z,2026-07-13T08:15:00+0200,2.629,MW,NL,NL,actual_onshore_wind_generation,Wind Onshore | Actual Consumption,2026-08-02T23:51:38Z
2026-08-02T23:49:28Z,2026-08-03T01:49:28+0200,65d3fff1-7125-472d-bbc3-1b240f9c8d5b,2026-07-13T06:30:00Z,2026-07-13T08:30:00+0200,43.182,MW,NL,NL,actual_onshore_wind_generation,Wind Onshore | Actual Aggregated,2026-08-02T23:51:38Z
2026-08-02T23:49:28Z,2026-08-03T01:49:28+0200,65d3fff1-7125-472d-bbc3-1b240f9c8d5b,2026-07-13T06:30:00Z,2026-07-13T08:30:00+0200,2.442,MW,NL,NL,actual_onshore_wind_generation,Wind Onshore | Actual Consumption,2026-08-02T23:51:38Z
2026-08-02T23:49:28Z,2026-08-03T01:49:28+0200,65d3fff1-7125-472d-bbc3-1b240f9c8d5b,2026-07-13T06:45:00Z,2026-07-13T08:45:00+0200,51.723,MW,NL,NL,actual_onshore_wind_generation,Wind Onshore | Actual Aggregated,2026-08-02T23:51:38Z
2026-08-02T23:49:28Z,2026-08-03T01:49:28+0200,65d3fff1-7125-472d-bbc3-1b240f9c8d5b,2026-07-13T06:45:00Z,2026-07-13T08:45:00+0200,2.55,MW,NL,NL,actual_onshore_wind_generation,Wind Onshore | Actual Consumption,2026-08-02T23:51:38Z
2026-08-02T23:49:28Z,2026-08-03T01:49:28+0200,65d3fff1-7125-472d-bbc3-1b240f9c8d5b,2026-07-13T07:00:00Z,2026-07-13T09:00:00+0200,51.736,MW,NL,NL,actual_onshore_wind_generation,Wind Onshore | Actual Aggregated,2026-08-02T23:51:38Z
2026-08-02T23:49:28Z,2026-08-03T01:49:28+0200,65d3fff1-7125-472d-bbc3-1b240f9c8d5b,2026-07-13T07:00:00Z,2026-07-13T09:00:00+0200,2.485,MW,NL,NL,actual_onshore_wind_generation,Wind Onshore | Actual Consumption,2026-08-02T23:51:38Z
2026-08-02T23:49:28Z,2026-08-03T01:49:28+0200,65d3fff1-7125-472d-bbc3-1b240f9c8d5b,2026-07-13T07:15:00Z,2026-07-13T09:15:00+0200,55.126,MW,NL,NL,actual_onshore_wind_generation,Wind Onshore | Actual Aggregated,2026-08-02T23:51:38Z
2026-08-02T23:49:28Z,2026-08-03T01:49:28+0200,65d3fff1-7125-472d-bbc3-1b240f9c8d5b,2026-07-13T07:15:00Z,2026-07-13T09:15:00+0200,2.68,MW,NL,NL,actual_onshore_wind_generation,Wind Onshore | Actual Consumption,2026-08-02T23:51:38Z
2026-08-02T23:49:28Z,2026-08-03T01:49:28+0200,65d3fff1-7125-472d-bbc3-1b240f9c8d5b,2026-07-13T07:30:00Z,2026-07-13T09:30:00+0200,66.51,MW,NL,NL,actual_onshore_wind_generation,Wind Onshore | Actual Aggregated,2026-08-02T23:51:38Z
2026-08-02T23:49:28Z,2026-08-03T01:49:28+0200,65d3fff1-7125-472d-bbc3-1b240f9c8d5b,2026-07-13T07:30:00Z,2026-07-13T09:30:00+0200,2.464,MW,NL,NL,actual_onshore_wind_generation,Wind Onshore | Actual Consumption,2026-08-02T23:51:38Z
2026-08-02T23:49:28Z,2026-08-03T01:49:28+0200,65d3fff1-7125-472d-bbc3-1b240f9c8d5b,2026-07-13T07:45:00Z,2026-07-13T09:45:00+0200,61.154,MW,NL,NL,actual_onshore_wind_generation,Wind Onshore | Actual Aggregated,2026-08-02T23:51:38Z
2026-08-02T23:49:28Z,2026-08-03T01:49:28+0200,65d3fff1-7125-472d-bbc3-1b240f9c8d5b,2026-07-13T07:45:00Z,2026-07-13T09:45:00+0200,2.068,MW,NL,NL,actual_onshore_wind_generation,Wind Onshore | Actual Consumption,2026-08-02T23:51:38Z
2026-08-02T23:49:28Z,2026-08-03T01:49:28+0200,65d3fff1-7125-472d-bbc3-1b240f9c8d5b,2026-07-13T08:00:00Z,2026-07-13T10:00:00+0200,62.034,MW,NL,NL,actual_onshore_wind_generation,Wind Onshore | Actual Aggregated,2026-08-02T23:51:38Z
2026-08-02T23:49:28Z,2026-08-03T01:49:28+0200,65d3fff1-7125-472d-bbc3-1b240f9c8d5b,2026-07-13T08:00:00Z,2026-07-13T10:00:00+0200,1.123,MW,NL,NL,actual_onshore_wind_generation,Wind Onshore | Actual Consumption,2026-08-02T23:51:38Z
2026-08-02T23:49:28Z,2026-08-03T01:49:28+0200,65d3fff1-7125-472d-bbc3-1b240f9c8d5b,2026-07-13T08:15:00Z,2026-07-13T10:15:00+0200,61.456,MW,NL,NL,actual_onshore_wind_generation,Wind Onshore | Actual Aggregated,2026-08-02T23:51:38Z
2026-08-02T23:49:28Z,2026-08-03T01:49:28+0200,65d3fff1-7125-472d-bbc3-1b240f9c8d5b,2026-07-13T08:15:00Z,2026-07-13T10:15:00+0200,1.328,MW,NL,NL,actual_onshore_wind_generation,Wind Onshore | Actual Consumption,2026-08-02T23:51:38Z
2026-08-02T23:49:28Z,2026-08-03T01:49:28+0200,65d3fff1-7125-472d-bbc3-1b240f9c8d5b,2026-07-13T08:30:00Z,2026-07-13T10:30:00+0200,63.864,MW,NL,NL,actual_onshore_wind_generation,Wind Onshore | Actual Aggregated,2026-08-02T23:51:38Z
2026-08-02T23:49:28Z,2026-08-03T01:49:28+0200,65d3fff1-7125-472d-bbc3-1b240f9c8d5b,2026-07-13T08:30:00Z,2026-07-13T10:30:00+0200,1.588,MW,NL,NL,actual_onshore_wind_generation,Wind Onshore | Actual Consumption,2026-08-02T23:51:38Z
2026-08-02T23:49:28Z,2026-08-03T01:49:28+0200,65d3fff1-7125-472d-bbc3-1b240f9c8d5b,2026-07-13T08:45:00Z,2026-07-13T10:45:00+0200,58.756,MW,NL,NL,actual_onshore_wind_generation,Wind Onshore | Actual Aggregated,2026-08-02T23:51:38Z
2026-08-02T23:49:28Z,2026-08-03T01:49:28+0200,65d3fff1-7125-472d-bbc3-1b240f9c8d5b,2026-07-13T08:45:00Z,2026-07-13T10:45:00+0200,0.398,MW,NL,NL,actual_onshore_wind_generation,Wind Onshore | Actual Consumption,2026-08-02T23:51:38Z
2026-08-02T23:49:28Z,2026-08-03T01:49:28+0200,65d3fff1-7125-472d-bbc3-1b240f9c8d5b,2026-07-13T09:00:00Z,2026-07-13T11:00:00+0200,59.831,MW,NL,NL,actual_onshore_wind_generation,Wind Onshore | Actual Aggregated,2026-08-02T23:51:38Z
2026-08-02T23:49:28Z,2026-08-03T01:49:28+0200,65d3fff1-7125-472d-bbc3-1b240f9c8d5b,2026-07-13T09:00:00Z,2026-07-13T11:00:00+0200,0.788,MW,NL,NL,actual_onshore_wind_generation,Wind Onshore | Actual Consumption,2026-08-02T23:51:38Z
2026-08-02T23:49:28Z,2026-08-03T01:49:28+0200,65d3fff1-7125-472d-bbc3-1b240f9c8d5b,2026-07-13T09:15:00Z,2026-07-13T11:15:00+0200,61.436,MW,NL,NL,actual_onshore_wind_generation,Wind Onshore | Actual Aggregated,2026-08-02T23:51:38Z
2026-08-02T23:49:28Z,2026-08-03T01:49:28+0200,65d3fff1-7125-472d-bbc3-1b240f9c8d5b,2026-07-13T09:15:00Z,2026-07-13T11:15:00+0200,0.532,MW,NL,NL,actual_onshore_wind_generation,Wind Onshore | Actual Consumption,2026-08-02T23:51:38Z
2026-08-02T23:49:28Z,2026-08-03T01:49:28+0200,65d3fff1-7125-472d-bbc3-1b240f9c8d5b,2026-07-13T09:30:00Z,2026-07-13T11:30:00+0200,72.637,MW,NL,NL,actual_onshore_wind_generation,Wind Onshore | Actual Aggregated,2026-08-02T23:51:38Z
2026-08-02T23:49:28Z,2026-08-03T01:49:28+0200,65d3fff1-7125-472d-bbc3-1b240f9c8d5b,2026-07-13T09:30:00Z,2026-07-13T11:30:00+0200,0.185,MW,NL,NL,actual_onshore_wind_generation,Wind Onshore | Actual Consumption,2026-08-02T23:51:38Z
2026-08-02T23:49:28Z,2026-08-03T01:49:28+0200,65d3fff1-7125-472d-bbc3-1b240f9c8d5b,2026-07-13T09:45:00Z,2026-07-13T11:45:00+0200,84.823,MW,NL,NL,actual_onshore_wind_generation,Wind Onshore | Actual Aggregated,2026-08-02T23:51:38Z
2026-08-02T23:49:28Z,2026-08-03T01:49:28+0200,65d3fff1-7125-472d-bbc3-1b240f9c8d5b,2026-07-13T09:45:00Z,2026-07-13T11:45:00+0200,0.005,MW,NL,NL,actual_onshore_wind_generation,Wind Onshore | Actual Consumption,2026-08-02T23:51:38Z
2026-08-02T23:49:28Z,2026-08-03T01:49:28+0200,65d3fff1-7125-472d-bbc3-1b240f9c8d5b,2026-07-13T10:00:00Z,2026-07-13T12:00:00+0200,112.71,MW,NL,NL,actual_onshore_wind_generation,Wind Onshore | Actual Aggregated,2026-08-02T23:51:38Z
2026-08-02T23:49:28Z,2026-08-03T01:49:28+0200,65d3fff1-7125-472d-bbc3-1b240f9c8d5b,2026-07-13T10:00:00Z,2026-07-13T12:00:00+0200,0.004,MW,NL,NL,actual_onshore_wind_generation,Wind Onshore | Actual Consumption,2026-08-02T23:51:38Z
2026-08-02T23:49:28Z,2026-08-03T01:49:28+0200,65d3fff1-7125-472d-bbc3-1b240f9c8d5b,2026-07-13T10:15:00Z,2026-07-13T12:15:00+0200,145.84,MW,NL,NL,actual_onshore_wind_generation,Wind Onshore | Actual Aggregated,2026-08-02T23:51:38Z
2026-08-02T23:49:28Z,2026-08-03T01:49:28+0200,65d3fff1-7125-472d-bbc3-1b240f9c8d5b,2026-07-13T10:15:00Z,2026-07-13T12:15:00+0200,0.0,MW,NL,NL,actual_onshore_wind_generation,Wind Onshore | Actual Consumption,2026-08-02T23:51:38Z
2026-08-02T23:49:28Z,2026-08-03T01:49:28+0200,65d3fff1-7125-472d-bbc3-1b240f9c8d5b,2026-07-13T10:30:00Z,2026-07-13T12:30:00+0200,182.933,MW,NL,NL,actual_onshore_wind_generation,Wind Onshore | Actual Aggregated,2026-08-02T23:51:38Z
2026-08-02T23:49:28Z,2026-08-03T01:49:28+0200,65d3fff1-7125-472d-bbc3-1b240f9c8d5b,2026-07-13T10:30:00Z,2026-07-13T12:30:00+0200,0.0,MW,NL,NL,actual_onshore_wind_generation,Wind Onshore | Actual Consumption,2026-08-02T23:51:38Z
2026-08-02T23:49:28Z,2026-08-03T01:49:28+0200,65d3fff1-7125-472d-bbc3-1b240f9c8d5b,2026-07-13T10:45:00Z,2026-07-13T12:45:00+0200,196.113,MW,NL,NL,actual_onshore_wind_generation,Wind Onshore | Actual Aggregated,2026-08-02T23:51:38Z
2026-08-02T23:49:28Z,2026-08-03T01:49:28+0200,65d3fff1-7125-472d-bbc3-1b240f9c8d5b,2026-07-13T10:45:00Z,2026-07-13T12:45:00+0200,0.0,MW,NL,NL,actual_onshore_wind_generation,Wind Onshore | Actual Consumption,2026-08-02T23:51:38Z
2026-08-02T23:49:28Z,2026-08-03T01:49:28+0200,65d3fff1-7125-472d-bbc3-1b240f9c8d5b,2026-07-13T11:00:00Z,2026-07-13T13:00:00+0200,203.165,MW,NL,NL,actual_onshore_wind_generation,Wind Onshore | Actual Aggregated,2026-08-02T23:51:38Z
2026-08-02T23:49:28Z,2026-08-03T01:49:28+0200,65d3fff1-7125-472d-bbc3-1b240f9c8d5b,2026-07-13T11:00:00Z,2026-07-13T13:00:00+0200,0.0,MW,NL,NL,actual_onshore_wind_generation,Wind Onshore | Actual Consumption,2026-08-02T23:51:38Z
2026-08-02T23:49:28Z,2026-08-03T01:49:28+0200,65d3fff1-7125-472d-bbc3-1b240f9c8d5b,2026-07-13T11:15:00Z,2026-07-13T13:15:00+0200,203.983,MW,NL,NL,actual_onshore_wind_generation,Wind Onshore | Actual Aggregated,2026-08-02T23:51:38Z
2026-08-02T23:49:28Z,2026-08-03T01:49:28+0200,65d3fff1-7125-472d-bbc3-1b240f9c8d5b,2026-07-13T11:15:00Z,2026-07-13T13:15:00+0200,0.0,MW,NL,NL,actual_onshore_wind_generation,Wind Onshore | Actual Consumption,2026-08-02T23:51:38Z
2026-08-02T23:49:28Z,2026-08-03T01:49:28+0200,65d3fff1-7125-472d-bbc3-1b240f9c8d5b,2026-07-13T11:30:00Z,2026-07-13T13:30:00+0200,201.514,MW,NL,NL,actual_onshore_wind_generation,Wind Onshore | Actual Aggregated,2026-08-02T23:51:38Z
2026-08-02T23:49:28Z,2026-08-03T01:49:28+0200,65d3fff1-7125-472d-bbc3-1b240f9c8d5b,2026-07-13T11:30:00Z,2026-07-13T13:30:00+0200,0.0,MW,NL,NL,actual_onshore_wind_generation,Wind Onshore | Actual Consumption,2026-08-02T23:51:38Z
2026-08-02T23:49:28Z,2026-08-03T01:49:28+0200,65d3fff1-7125-472d-bbc3-1b240f9c8d5b,2026-07-13T11:45:00Z,2026-07-13T13:45:00+0200,220.447,MW,NL,NL,actual_onshore_wind_generation,Wind Onshore | Actual Aggregated,2026-08-02T23:51:38Z
2026-08-02T23:49:28Z,2026-08-03T01:49:28+0200,65d3fff1-7125-472d-bbc3-1b240f9c8d5b,2026-07-13T11:45:00Z,2026-07-13T13:45:00+0200,0.0,MW,NL,NL,actual_onshore_wind_generation,Wind Onshore | Actual Consumption,2026-08-02T23:51:38Z
2026-08-02T23:49:28Z,2026-08-03T01:49:28+0200,65d3fff1-7125-472d-bbc3-1b240f9c8d5b,2026-07-13T12:00:00Z,2026-07-13T14:00:00+0200,204.738,MW,NL,NL,actual_onshore_wind_generation,Wind Onshore | Actual Aggregated,2026-08-02T23:51:38Z
2026-08-02T23:49:28Z,2026-08-03T01:49:28+0200,65d3fff1-7125-472d-bbc3-1b240f9c8d5b,2026-07-13T12:00:00Z,2026-07-13T14:00:00+0200,0.0,MW,NL,NL,actual_onshore_wind_generation,Wind Onshore | Actual Consumption,2026-08-02T23:51:38Z
2026-08-02T23:49:28Z,2026-08-03T01:49:28+0200,65d3fff1-7125-472d-bbc3-1b240f9c8d5b,2026-07-13T12:15:00Z,2026-07-13T14:15:00+0200,193.414,MW,NL,NL,actual_onshore_wind_generation,Wind Onshore | Actual Aggregated,2026-08-02T23:51:38Z
2026-08-02T23:49:28Z,2026-08-03T01:49:28+0200,65d3fff1-7125-472d-bbc3-1b240f9c8d5b,2026-07-13T12:15:00Z,2026-07-13T14:15:00+0200,0.0,MW,NL,NL,actual_onshore_wind_generation,Wind Onshore | Actual Consumption,2026-08-02T23:51:38Z
2026-08-02T23:49:28Z,2026-08-03T01:49:28+0200,65d3fff1-7125-472d-bbc3-1b240f9c8d5b,2026-07-13T12:30:00Z,2026-07-13T14:30:00+0200,197.013,MW,NL,NL,actual_onshore_wind_generation,Wind Onshore | Actual Aggregated,2026-08-02T23:51:38Z
2026-08-02T23:49:28Z,2026-08-03T01:49:28+0200,65d3fff1-7125-472d-bbc3-1b240f9c8d5b,2026-07-13T12:30:00Z,2026-07-13T14:30:00+0200,0.0,MW,NL,NL,actual_onshore_wind_generation,Wind Onshore | Actual Consumption,2026-08-02T23:51:38Z
2026-08-02T23:49:28Z,2026-08-03T01:49:28+0200,65d3fff1-7125-472d-bbc3-1b240f9c8d5b,2026-07-13T12:45:00Z,2026-07-13T14:45:00+0200,196.653,MW,NL,NL,actual_onshore_wind_generation,Wind Onshore | Actual Aggregated,2026-08-02T23:51:38Z
2026-08-02T23:49:28Z,2026-08-03T01:49:28+0200,65d3fff1-7125-472d-bbc3-1b240f9c8d5b,2026-07-13T12:45:00Z,2026-07-13T14:45:00+0200,0.0,MW,NL,NL,actual_onshore_wind_generation,Wind Onshore | Actual Consumption,2026-08-02T23:51:38Z
2026-08-02T23:49:28Z,2026-08-03T01:49:28+0200,65d3fff1-7125-472d-bbc3-1b240f9c8d5b,2026-07-13T13:00:00Z,2026-07-13T15:00:00+0200,219.391,MW,NL,NL,actual_onshore_wind_generation,Wind Onshore | Actual Aggregated,2026-08-02T23:51:38Z
2026-08-02T23:49:28Z,2026-08-03T01:49:28+0200,65d3fff1-7125-472d-bbc3-1b240f9c8d5b,2026-07-13T13:00:00Z,2026-07-13T15:00:00+0200,0.0,MW,NL,NL,actual_onshore_wind_generation,Wind Onshore | Actual Consumption,2026-08-02T23:51:38Z
2026-08-02T23:49:28Z,2026-08-03T01:49:28+0200,65d3fff1-7125-472d-bbc3-1b240f9c8d5b,2026-07-13T13:15:00Z,2026-07-13T15:15:00+0200,242.909,MW,NL,NL,actual_onshore_wind_generation,Wind Onshore | Actual Aggregated,2026-08-02T23:51:38Z
2026-08-02T23:49:28Z,2026-08-03T01:49:28+0200,65d3fff1-7125-472d-bbc3-1b240f9c8d5b,2026-07-13T13:15:00Z,2026-07-13T15:15:00+0200,0.0,MW,NL,NL,actual_onshore_wind_generation,Wind Onshore | Actual Consumption,2026-08-02T23:51:38Z
2026-08-02T23:49:28Z,2026-08-03T01:49:28+0200,65d3fff1-7125-472d-bbc3-1b240f9c8d5b,2026-07-13T13:30:00Z,2026-07-13T15:30:00+0200,238.374,MW,NL,NL,actual_onshore_wind_generation,Wind Onshore | Actual Aggregated,2026-08-02T23:51:38Z
2026-08-02T23:49:28Z,2026-08-03T01:49:28+0200,65d3fff1-7125-472d-bbc3-1b240f9c8d5b,2026-07-13T13:30:00Z,2026-07-13T15:30:00+0200,0.0,MW,NL,NL,actual_onshore_wind_generation,Wind Onshore | Actual Consumption,2026-08-02T23:51:38Z
2026-08-02T23:49:28Z,2026-08-03T01:49:28+0200,65d3fff1-7125-472d-bbc3-1b240f9c8d5b,2026-07-13T13:45:00Z,2026-07-13T15:45:00+0200,251.973,MW,NL,NL,actual_onshore_wind_generation,Wind Onshore | Actual Aggregated,2026-08-02T23:51:38Z
2026-08-02T23:49:28Z,2026-08-03T01:49:28+0200,65d3fff1-7125-472d-bbc3-1b240f9c8d5b,2026-07-13T13:45:00Z,2026-07-13T15:45:00+0200,0.0,MW,NL,NL,actual_onshore_wind_generation,Wind Onshore | Actual Consumption,2026-08-02T23:51:38Z
2026-08-02T23:49:28Z,2026-08-03T01:49:28+0200,65d3fff1-7125-472d-bbc3-1b240f9c8d5b,2026-07-13T14:00:00Z,2026-07-13T16:00:00+0200,236.134,MW,NL,NL,actual_onshore_wind_generation,Wind Onshore | Actual Aggregated,2026-08-02T23:51:38Z
2026-08-02T23:49:28Z,2026-08-03T01:49:28+0200,65d3fff1-7125-472d-bbc3-1b240f9c8d5b,2026-07-13T14:00:00Z,2026-07-13T16:00:00+0200,0.0,MW,NL,NL,actual_onshore_wind_generation,Wind Onshore | Actual Consumption,2026-08-02T23:51:38Z
2026-08-02T23:49:28Z,2026-08-03T01:49:28+0200,65d3fff1-7125-472d-bbc3-1b240f9c8d5b,2026-07-13T14:15:00Z,2026-07-13T16:15:00+0200,200.423,MW,NL,NL,actual_onshore_wind_generation,Wind Onshore | Actual Aggregated,2026-08-02T23:51:38Z
2026-08-02T23:49:28Z,2026-08-03T01:49:28+0200,65d3fff1-7125-472d-bbc3-1b240f9c8d5b,2026-07-13T14:15:00Z,2026-07-13T16:15:00+0200,0.0,MW,NL,NL,actual_onshore_wind_generation,Wind Onshore | Actual Consumption,2026-08-02T23:51:38Z
2026-08-02T23:49:28Z,2026-08-03T01:49:28+0200,65d3fff1-7125-472d-bbc3-1b240f9c8d5b,2026-07-13T14:30:00Z,2026-07-13T16:30:00+0200,242.2,MW,NL,NL,actual_onshore_wind_generation,Wind Onshore | Actual Aggregated,2026-08-02T23:51:38Z
2026-08-02T23:49:28Z,2026-08-03T01:49:28+0200,65d3fff1-7125-472d-bbc3-1b240f9c8d5b,2026-07-13T14:30:00Z,2026-07-13T16:30:00+0200,0.0,MW,NL,NL,actual_onshore_wind_generation,Wind Onshore | Actual Consumption,2026-08-02T23:51:38Z
2026-08-02T23:49:28Z,2026-08-03T01:49:28+0200,65d3fff1-7125-472d-bbc3-1b240f9c8d5b,2026-07-13T14:45:00Z,2026-07-13T16:45:00+0200,232.412,MW,NL,NL,actual_onshore_wind_generation,Wind Onshore | Actual Aggregated,2026-08-02T23:51:38Z
2026-08-02T23:49:28Z,2026-08-03T01:49:28+0200,65d3fff1-7125-472d-bbc3-1b240f9c8d5b,2026-07-13T14:45:00Z,2026-07-13T16:45:00+0200,0.0,MW,NL,NL,actual_onshore_wind_generation,Wind Onshore | Actual Consumption,2026-08-02T23:51:38Z
2026-08-02T23:49:28Z,2026-08-03T01:49:28+0200,65d3fff1-7125-472d-bbc3-1b240f9c8d5b,2026-07-13T15:00:00Z,2026-07-13T17:00:00+0200,244.857,MW,NL,NL,actual_onshore_wind_generation,Wind Onshore | Actual Aggregated,2026-08-02T23:51:38Z
2026-08-02T23:49:28Z,2026-08-03T01:49:28+0200,65d3fff1-7125-472d-bbc3-1b240f9c8d5b,2026-07-13T15:00:00Z,2026-07-13T17:00:00+0200,0.0,MW,NL,NL,actual_onshore_wind_generation,Wind Onshore | Actual Consumption,2026-08-02T23:51:38Z
2026-08-02T23:49:28Z,2026-08-03T01:49:28+0200,65d3fff1-7125-472d-bbc3-1b240f9c8d5b,2026-07-13T15:15:00Z,2026-07-13T17:15:00+0200,223.466,MW,NL,NL,actual_onshore_wind_generation,Wind Onshore | Actual Aggregated,2026-08-02T23:51:38Z
2026-08-02T23:49:28Z,2026-08-03T01:49:28+0200,65d3fff1-7125-472d-bbc3-1b240f9c8d5b,2026-07-13T15:15:00Z,2026-07-13T17:15:00+0200,0.0,MW,NL,NL,actual_onshore_wind_generation,Wind Onshore | Actual Consumption,2026-08-02T23:51:38Z
2026-08-02T23:49:28Z,2026-08-03T01:49:28+0200,65d3fff1-7125-472d-bbc3-1b240f9c8d5b,2026-07-13T15:30:00Z,2026-07-13T17:30:00+0200,236.803,MW,NL,NL,actual_onshore_wind_generation,Wind Onshore | Actual Aggregated,2026-08-02T23:51:38Z
2026-08-02T23:49:28Z,2026-08-03T01:49:28+0200,65d3fff1-7125-472d-bbc3-1b240f9c8d5b,2026-07-13T15:30:00Z,2026-07-13T17:30:00+0200,0.0,MW,NL,NL,actual_onshore_wind_generation,Wind Onshore | Actual Consumption,2026-08-02T23:51:38Z
2026-08-02T23:49:28Z,2026-08-03T01:49:28+0200,65d3fff1-7125-472d-bbc3-1b240f9c8d5b,2026-07-13T15:45:00Z,2026-07-13T17:45:00+0200,255.669,MW,NL,NL,actual_onshore_wind_generation,Wind Onshore | Actual Aggregated,2026-08-02T23:51:38Z
2026-08-02T23:49:28Z,2026-08-03T01:49:28+0200,65d3fff1-7125-472d-bbc3-1b240f9c8d5b,2026-07-13T15:45:00Z,2026-07-13T17:45:00+0200,0.0,MW,NL,NL,actual_onshore_wind_generation,Wind Onshore | Actual Consumption,2026-08-02T23:51:38Z
2026-08-02T23:49:28Z,2026-08-03T01:49:28+0200,65d3fff1-7125-472d-bbc3-1b240f9c8d5b,2026-07-13T16:00:00Z,2026-07-13T18:00:00+0200,291.315,MW,NL,NL,actual_onshore_wind_generation,Wind Onshore | Actual Aggregated,2026-08-02T23:51:38Z
2026-08-02T23:49:28Z,2026-08-03T01:49:28+0200,65d3fff1-7125-472d-bbc3-1b240f9c8d5b,2026-07-13T16:00:00Z,2026-07-13T18:00:00+0200,0.0,MW,NL,NL,actual_onshore_wind_generation,Wind Onshore | Actual Consumption,2026-08-02T23:51:38Z
2026-08-02T23:49:28Z,2026-08-03T01:49:28+0200,65d3fff1-7125-472d-bbc3-1b240f9c8d5b,2026-07-13T16:15:00Z,2026-07-13T18:15:00+0200,276.518,MW,NL,NL,actual_onshore_wind_generation,Wind Onshore | Actual Aggregated,2026-08-02T23:51:38Z
2026-08-02T23:49:28Z,2026-08-03T01:49:28+0200,65d3fff1-7125-472d-bbc3-1b240f9c8d5b,2026-07-13T16:15:00Z,2026-07-13T18:15:00+0200,0.0,MW,NL,NL,actual_onshore_wind_generation,Wind Onshore | Actual Consumption,2026-08-02T23:51:38Z
2026-08-02T23:49:28Z,2026-08-03T01:49:28+0200,65d3fff1-7125-472d-bbc3-1b240f9c8d5b,2026-07-13T16:30:00Z,2026-07-13T18:30:00+0200,315.542,MW,NL,NL,actual_onshore_wind_generation,Wind Onshore | Actual Aggregated,2026-08-02T23:51:38Z
2026-08-02T23:49:28Z,2026-08-03T01:49:28+0200,65d3fff1-7125-472d-bbc3-1b240f9c8d5b,2026-07-13T16:30:00Z,2026-07-13T18:30:00+0200,0.0,MW,NL,NL,actual_onshore_wind_generation,Wind Onshore | Actual Consumption,2026-08-02T23:51:38Z
2026-08-02T23:49:28Z,2026-08-03T01:49:28+0200,65d3fff1-7125-472d-bbc3-1b240f9c8d5b,2026-07-13T16:45:00Z,2026-07-13T18:45:00+0200,355.367,MW,NL,NL,actual_onshore_wind_generation,Wind Onshore | Actual Aggregated,2026-08-02T23:51:38Z
2026-08-02T23:49:28Z,2026-08-03T01:49:28+0200,65d3fff1-7125-472d-bbc3-1b240f9c8d5b,2026-07-13T16:45:00Z,2026-07-13T18:45:00+0200,0.0,MW,NL,NL,actual_onshore_wind_generation,Wind Onshore | Actual Consumption,2026-08-02T23:51:38Z
2026-08-02T23:49:28Z,2026-08-03T01:49:28+0200,65d3fff1-7125-472d-bbc3-1b240f9c8d5b,2026-07-13T17:00:00Z,2026-07-13T19:00:00+0200,415.055,MW,NL,NL,actual_onshore_wind_generation,Wind Onshore | Actual Aggregated,2026-08-02T23:51:38Z
2026-08-02T23:49:28Z,2026-08-03T01:49:28+0200,65d3fff1-7125-472d-bbc3-1b240f9c8d5b,2026-07-13T17:00:00Z,2026-07-13T19:00:00+0200,0.0,MW,NL,NL,actual_onshore_wind_generation,Wind Onshore | Actual Consumption,2026-08-02T23:51:38Z
2026-08-02T23:49:28Z,2026-08-03T01:49:28+0200,65d3fff1-7125-472d-bbc3-1b240f9c8d5b,2026-07-13T17:15:00Z,2026-07-13T19:15:00+0200,404.403,MW,NL,NL,actual_onshore_wind_generation,Wind Onshore | Actual Aggregated,2026-08-02T23:51:38Z
2026-08-02T23:49:28Z,2026-08-03T01:49:28+0200,65d3fff1-7125-472d-bbc3-1b240f9c8d5b,2026-07-13T17:15:00Z,2026-07-13T19:15:00+0200,0.0,MW,NL,NL,actual_onshore_wind_generation,Wind Onshore | Actual Consumption,2026-08-02T23:51:38Z
2026-08-02T23:49:28Z,2026-08-03T01:49:28+0200,65d3fff1-7125-472d-bbc3-1b240f9c8d5b,2026-07-13T17:30:00Z,2026-07-13T19:30:00+0200,402.971,MW,NL,NL,actual_onshore_wind_generation,Wind Onshore | Actual Aggregated,2026-08-02T23:51:38Z
2026-08-02T23:49:28Z,2026-08-03T01:49:28+0200,65d3fff1-7125-472d-bbc3-1b240f9c8d5b,2026-07-13T17:30:00Z,2026-07-13T19:30:00+0200,0.0,MW,NL,NL,actual_onshore_wind_generation,Wind Onshore | Actual Consumption,2026-08-02T23:51:38Z
2026-08-02T23:49:28Z,2026-08-03T01:49:28+0200,65d3fff1-7125-472d-bbc3-1b240f9c8d5b,2026-07-13T17:45:00Z,2026-07-13T19:45:00+0200,386.773,MW,NL,NL,actual_onshore_wind_generation,Wind Onshore | Actual Aggregated,2026-08-02T23:51:38Z
2026-08-02T23:49:28Z,2026-08-03T01:49:28+0200,65d3fff1-7125-472d-bbc3-1b240f9c8d5b,2026-07-13T17:45:00Z,2026-07-13T19:45:00+0200,0.0,MW,NL,NL,actual_onshore_wind_generation,Wind Onshore | Actual Consumption,2026-08-02T23:51:38Z
2026-08-02T23:49:28Z,2026-08-03T01:49:28+0200,65d3fff1-7125-472d-bbc3-1b240f9c8d5b,2026-07-13T18:00:00Z,2026-07-13T20:00:00+0200,370.328,MW,NL,NL,actual_onshore_wind_generation,Wind Onshore | Actual Aggregated,2026-08-02T23:51:38Z
2026-08-02T23:49:28Z,2026-08-03T01:49:28+0200,65d3fff1-7125-472d-bbc3-1b240f9c8d5b,2026-07-13T18:00:00Z,2026-07-13T20:00:00+0200,0.0,MW,NL,NL,actual_onshore_wind_generation,Wind Onshore | Actual Consumption,2026-08-02T23:51:38Z
2026-08-02T23:49:28Z,2026-08-03T01:49:28+0200,65d3fff1-7125-472d-bbc3-1b240f9c8d5b,2026-07-13T18:15:00Z,2026-07-13T20:15:00+0200,372.611,MW,NL,NL,actual_onshore_wind_generation,Wind Onshore | Actual Aggregated,2026-08-02T23:51:38Z
2026-08-02T23:49:28Z,2026-08-03T01:49:28+0200,65d3fff1-7125-472d-bbc3-1b240f9c8d5b,2026-07-13T18:15:00Z,2026-07-13T20:15:00+0200,0.0,MW,NL,NL,actual_onshore_wind_generation,Wind Onshore | Actual Consumption,2026-08-02T23:51:38Z
2026-08-02T23:49:28Z,2026-08-03T01:49:28+0200,65d3fff1-7125-472d-bbc3-1b240f9c8d5b,2026-07-13T18:30:00Z,2026-07-13T20:30:00+0200,373.305,MW,NL,NL,actual_onshore_wind_generation,Wind Onshore | Actual Aggregated,2026-08-02T23:51:38Z
2026-08-02T23:49:28Z,2026-08-03T01:49:28+0200,65d3fff1-7125-472d-bbc3-1b240f9c8d5b,2026-07-13T18:30:00Z,2026-07-13T20:30:00+0200,0.0,MW,NL,NL,actual_onshore_wind_generation,Wind Onshore | Actual Consumption,2026-08-02T23:51:38Z
2026-08-02T23:49:28Z,2026-08-03T01:49:28+0200,65d3fff1-7125-472d-bbc3-1b240f9c8d5b,2026-07-13T18:45:00Z,2026-07-13T20:45:00+0200,387.389,MW,NL,NL,actual_onshore_wind_generation,Wind Onshore | Actual Aggregated,2026-08-02T23:51:38Z
2026-08-02T23:49:28Z,2026-08-03T01:49:28+0200,65d3fff1-7125-472d-bbc3-1b240f9c8d5b,2026-07-13T18:45:00Z,2026-07-13T20:45:00+0200,0.0,MW,NL,NL,actual_onshore_wind_generation,Wind Onshore | Actual Consumption,2026-08-02T23:51:38Z
2026-08-02T23:49:28Z,2026-08-03T01:49:28+0200,65d3fff1-7125-472d-bbc3-1b240f9c8d5b,2026-07-13T19:00:00Z,2026-07-13T21:00:00+0200,424.946,MW,NL,NL,actual_onshore_wind_generation,Wind Onshore | Actual Aggregated,2026-08-02T23:51:38Z
2026-08-02T23:49:28Z,2026-08-03T01:49:28+0200,65d3fff1-7125-472d-bbc3-1b240f9c8d5b,2026-07-13T19:00:00Z,2026-07-13T21:00:00+0200,0.0,MW,NL,NL,actual_onshore_wind_generation,Wind Onshore | Actual Consumption,2026-08-02T23:51:38Z
2026-08-02T23:49:28Z,2026-08-03T01:49:28+0200,65d3fff1-7125-472d-bbc3-1b240f9c8d5b,2026-07-13T19:15:00Z,2026-07-13T21:15:00+0200,406.315,MW,NL,NL,actual_onshore_wind_generation,Wind Onshore | Actual Aggregated,2026-08-02T23:51:38Z
2026-08-02T23:49:28Z,2026-08-03T01:49:28+0200,65d3fff1-7125-472d-bbc3-1b240f9c8d5b,2026-07-13T19:15:00Z,2026-07-13T21:15:00+0200,0.0,MW,NL,NL,actual_onshore_wind_generation,Wind Onshore | Actual Consumption,2026-08-02T23:51:38Z
2026-08-02T23:49:28Z,2026-08-03T01:49:28+0200,65d3fff1-7125-472d-bbc3-1b240f9c8d5b,2026-07-13T19:30:00Z,2026-07-13T21:30:00+0200,394.604,MW,NL,NL,actual_onshore_wind_generation,Wind Onshore | Actual Aggregated,2026-08-02T23:51:38Z
2026-08-02T23:49:28Z,2026-08-03T01:49:28+0200,65d3fff1-7125-472d-bbc3-1b240f9c8d5b,2026-07-13T19:30:00Z,2026-07-13T21:30:00+0200,0.0,MW,NL,NL,actual_onshore_wind_generation,Wind Onshore | Actual Consumption,2026-08-02T23:51:38Z
2026-08-02T23:49:28Z,2026-08-03T01:49:28+0200,65d3fff1-7125-472d-bbc3-1b240f9c8d5b,2026-07-13T19:45:00Z,2026-07-13T21:45:00+0200,396.367,MW,NL,NL,actual_onshore_wind_generation,Wind Onshore | Actual Aggregated,2026-08-02T23:51:38Z
2026-08-02T23:49:28Z,2026-08-03T01:49:28+0200,65d3fff1-7125-472d-bbc3-1b240f9c8d5b,2026-07-13T19:45:00Z,2026-07-13T21:45:00+0200,0.0,MW,NL,NL,actual_onshore_wind_generation,Wind Onshore | Actual Consumption,2026-08-02T23:51:38Z
2026-08-02T23:49:28Z,2026-08-03T01:49:28+0200,65d3fff1-7125-472d-bbc3-1b240f9c8d5b,2026-07-13T20:00:00Z,2026-07-13T22:00:00+0200,420.352,MW,NL,NL,actual_onshore_wind_generation,Wind Onshore | Actual Aggregated,2026-08-02T23:51:38Z
2026-08-02T23:49:28Z,2026-08-03T01:49:28+0200,65d3fff1-7125-472d-bbc3-1b240f9c8d5b,2026-07-13T20:00:00Z,2026-07-13T22:00:00+0200,0.0,MW,NL,NL,actual_onshore_wind_generation,Wind Onshore | Actual Consumption,2026-08-02T23:51:38Z
2026-08-02T23:49:28Z,2026-08-03T01:49:28+0200,65d3fff1-7125-472d-bbc3-1b240f9c8d5b,2026-07-13T20:15:00Z,2026-07-13T22:15:00+0200,416.626,MW,NL,NL,actual_onshore_wind_generation,Wind Onshore | Actual Aggregated,2026-08-02T23:51:38Z
2026-08-02T23:49:28Z,2026-08-03T01:49:28+0200,65d3fff1-7125-472d-bbc3-1b240f9c8d5b,2026-07-13T20:15:00Z,2026-07-13T22:15:00+0200,0.0,MW,NL,NL,actual_onshore_wind_generation,Wind Onshore | Actual Consumption,2026-08-02T23:51:38Z
2026-08-02T23:49:28Z,2026-08-03T01:49:28+0200,65d3fff1-7125-472d-bbc3-1b240f9c8d5b,2026-07-13T20:30:00Z,2026-07-13T22:30:00+0200,414.785,MW,NL,NL,actual_onshore_wind_generation,Wind Onshore | Actual Aggregated,2026-08-02T23:51:38Z
2026-08-02T23:49:28Z,2026-08-03T01:49:28+0200,65d3fff1-7125-472d-bbc3-1b240f9c8d5b,2026-07-13T20:30:00Z,2026-07-13T22:30:00+0200,0.0,MW,NL,NL,actual_onshore_wind_generation,Wind Onshore | Actual Consumption,2026-08-02T23:51:38Z
2026-08-02T23:49:28Z,2026-08-03T01:49:28+0200,65d3fff1-7125-472d-bbc3-1b240f9c8d5b,2026-07-13T20:45:00Z,2026-07-13T22:45:00+0200,424.029,MW,NL,NL,actual_onshore_wind_generation,Wind Onshore | Actual Aggregated,2026-08-02T23:51:38Z
2026-08-02T23:49:28Z,2026-08-03T01:49:28+0200,65d3fff1-7125-472d-bbc3-1b240f9c8d5b,2026-07-13T20:45:00Z,2026-07-13T22:45:00+0200,0.0,MW,NL,NL,actual_onshore_wind_generation,Wind Onshore | Actual Consumption,2026-08-02T23:51:38Z
2026-08-02T23:49:28Z,2026-08-03T01:49:28+0200,65d3fff1-7125-472d-bbc3-1b240f9c8d5b,2026-07-13T21:00:00Z,2026-07-13T23:00:00+0200,450.882,MW,NL,NL,actual_onshore_wind_generation,Wind Onshore | Actual Aggregated,2026-08-02T23:51:38Z
2026-08-02T23:49:28Z,2026-08-03T01:49:28+0200,65d3fff1-7125-472d-bbc3-1b240f9c8d5b,2026-07-13T21:00:00Z,2026-07-13T23:00:00+0200,0.0,MW,NL,NL,actual_onshore_wind_generation,Wind Onshore | Actual Consumption,2026-08-02T23:51:38Z
2026-08-02T23:49:28Z,2026-08-03T01:49:28+0200,65d3fff1-7125-472d-bbc3-1b240f9c8d5b,2026-07-13T21:15:00Z,2026-07-13T23:15:00+0200,444.792,MW,NL,NL,actual_onshore_wind_generation,Wind Onshore | Actual Aggregated,2026-08-02T23:51:38Z
2026-08-02T23:49:28Z,2026-08-03T01:49:28+0200,65d3fff1-7125-472d-bbc3-1b240f9c8d5b,2026-07-13T21:15:00Z,2026-07-13T23:15:00+0200,0.0,MW,NL,NL,actual_onshore_wind_generation,Wind Onshore | Actual Consumption,2026-08-02T23:51:38Z
2026-08-02T23:49:28Z,2026-08-03T01:49:28+0200,65d3fff1-7125-472d-bbc3-1b240f9c8d5b,2026-07-13T21:30:00Z,2026-07-13T23:30:00+0200,440.28,MW,NL,NL,actual_onshore_wind_generation,Wind Onshore | Actual Aggregated,2026-08-02T23:51:38Z
2026-08-02T23:49:28Z,2026-08-03T01:49:28+0200,65d3fff1-7125-472d-bbc3-1b240f9c8d5b,2026-07-13T21:30:00Z,2026-07-13T23:30:00+0200,0.0,MW,NL,NL,actual_onshore_wind_generation,Wind Onshore | Actual Consumption,2026-08-02T23:51:38Z
2026-08-02T23:49:28Z,2026-08-03T01:49:28+0200,65d3fff1-7125-472d-bbc3-1b240f9c8d5b,2026-07-13T21:45:00Z,2026-07-13T23:45:00+0200,430.544,MW,NL,NL,actual_onshore_wind_generation,Wind Onshore | Actual Aggregated,2026-08-02T23:51:38Z
2026-08-02T23:49:28Z,2026-08-03T01:49:28+0200,65d3fff1-7125-472d-bbc3-1b240f9c8d5b,2026-07-13T21:45:00Z,2026-07-13T23:45:00+0200,0.0,MW,NL,NL,actual_onshore_wind_generation,Wind Onshore | Actual Consumption,2026-08-02T23:51:38Z
2026-08-02T23:49:28Z,2026-08-03T01:49:28+0200,65d3fff1-7125-472d-bbc3-1b240f9c8d5b,2026-07-13T22:00:00Z,2026-07-14T00:00:00+0200,407.635,MW,NL,NL,actual_onshore_wind_generation,Wind Onshore | Actual Aggregated,2026-08-02T23:51:38Z
2026-08-02T23:49:28Z,2026-08-03T01:49:28+0200,65d3fff1-7125-472d-bbc3-1b240f9c8d5b,2026-07-13T22:00:00Z,2026-07-14T00:00:00+0200,0.0,MW,NL,NL,actual_onshore_wind_generation,Wind Onshore | Actual Consumption,2026-08-02T23:51:38Z
2026-08-02T23:49:28Z,2026-08-03T01:49:28+0200,65d3fff1-7125-472d-bbc3-1b240f9c8d5b,2026-07-13T22:15:00Z,2026-07-14T00:15:00+0200,412.589,MW,NL,NL,actual_onshore_wind_generation,Wind Onshore | Actual Aggregated,2026-08-02T23:51:38Z
2026-08-02T23:49:28Z,2026-08-03T01:49:28+0200,65d3fff1-7125-472d-bbc3-1b240f9c8d5b,2026-07-13T22:15:00Z,2026-07-14T00:15:00+0200,0.0,MW,NL,NL,actual_onshore_wind_generation,Wind Onshore | Actual Consumption,2026-08-02T23:51:38Z
2026-08-02T23:49:28Z,2026-08-03T01:49:28+0200,65d3fff1-7125-472d-bbc3-1b240f9c8d5b,2026-07-13T22:30:00Z,2026-07-14T00:30:00+0200,415.399,MW,NL,NL,actual_onshore_wind_generation,Wind Onshore | Actual Aggregated,2026-08-02T23:51:38Z
2026-08-02T23:49:28Z,2026-08-03T01:49:28+0200,65d3fff1-7125-472d-bbc3-1b240f9c8d5b,2026-07-13T22:30:00Z,2026-07-14T00:30:00+0200,0.0,MW,NL,NL,actual_onshore_wind_generation,Wind Onshore | Actual Consumption,2026-08-02T23:51:38Z
2026-08-02T23:49:28Z,2026-08-03T01:49:28+0200,65d3fff1-7125-472d-bbc3-1b240f9c8d5b,2026-07-13T22:45:00Z,2026-07-14T00:45:00+0200,431.957,MW,NL,NL,actual_onshore_wind_generation,Wind Onshore | Actual Aggregated,2026-08-02T23:51:38Z
2026-08-02T23:49:28Z,2026-08-03T01:49:28+0200,65d3fff1-7125-472d-bbc3-1b240f9c8d5b,2026-07-13T22:45:00Z,2026-07-14T00:45:00+0200,0.0,MW,NL,NL,actual_onshore_wind_generation,Wind Onshore | Actual Consumption,2026-08-02T23:51:38Z
2026-08-02T23:49:28Z,2026-08-03T01:49:28+0200,65d3fff1-7125-472d-bbc3-1b240f9c8d5b,2026-07-13T23:00:00Z,2026-07-14T01:00:00+0200,456.166,MW,NL,NL,actual_onshore_wind_generation,Wind Onshore | Actual Aggregated,2026-08-02T23:51:38Z
2026-08-02T23:49:28Z,2026-08-03T01:49:28+0200,65d3fff1-7125-472d-bbc3-1b240f9c8d5b,2026-07-13T23:00:00Z,2026-07-14T01:00:00+0200,0.0,MW,NL,NL,actual_onshore_wind_generation,Wind Onshore | Actual Consumption,2026-08-02T23:51:38Z
2026-08-02T23:49:28Z,2026-08-03T01:49:28+0200,65d3fff1-7125-472d-bbc3-1b240f9c8d5b,2026-07-13T23:15:00Z,2026-07-14T01:15:00+0200,438.351,MW,NL,NL,actual_onshore_wind_generation,Wind Onshore | Actual Aggregated,2026-08-02T23:51:38Z
2026-08-02T23:49:28Z,2026-08-03T01:49:28+0200,65d3fff1-7125-472d-bbc3-1b240f9c8d5b,2026-07-13T23:15:00Z,2026-07-14T01:15:00+0200,0.0,MW,NL,NL,actual_onshore_wind_generation,Wind Onshore | Actual Consumption,2026-08-02T23:51:38Z
2026-08-02T23:49:28Z,2026-08-03T01:49:28+0200,65d3fff1-7125-472d-bbc3-1b240f9c8d5b,2026-07-13T23:30:00Z,2026-07-14T01:30:00+0200,380.827,MW,NL,NL,actual_onshore_wind_generation,Wind Onshore | Actual Aggregated,2026-08-02T23:51:38Z
2026-08-02T23:49:28Z,2026-08-03T01:49:28+0200,65d3fff1-7125-472d-bbc3-1b240f9c8d5b,2026-07-13T23:30:00Z,2026-07-14T01:30:00+0200,0.0,MW,NL,NL,actual_onshore_wind_generation,Wind Onshore | Actual Consumption,2026-08-02T23:51:38Z
2026-08-02T23:49:28Z,2026-08-03T01:49:28+0200,65d3fff1-7125-472d-bbc3-1b240f9c8d5b,2026-07-13T23:45:00Z,2026-07-14T01:45:00+0200,376.074,MW,NL,NL,actual_onshore_wind_generation,Wind Onshore | Actual Aggregated,2026-08-02T23:51:38Z
2026-08-02T23:49:28Z,2026-08-03T01:49:28+0200,65d3fff1-7125-472d-bbc3-1b240f9c8d5b,2026-07-13T23:45:00Z,2026-07-14T01:45:00+0200,0.0,MW,NL,NL,actual_onshore_wind_generation,Wind Onshore | Actual Consumption,2026-08-02T23:51:38Z
2026-08-02T23:49:28Z,2026-08-03T01:49:28+0200,65d3fff1-7125-472d-bbc3-1b240f9c8d5b,2026-07-14T00:00:00Z,2026-07-14T02:00:00+0200,347.625,MW,NL,NL,actual_onshore_wind_generation,Wind Onshore | Actual Aggregated,2026-08-02T23:51:38Z
2026-08-02T23:49:28Z,2026-08-03T01:49:28+0200,65d3fff1-7125-472d-bbc3-1b240f9c8d5b,2026-07-14T00:00:00Z,2026-07-14T02:00:00+0200,0.0,MW,NL,NL,actual_onshore_wind_generation,Wind Onshore | Actual Consumption,2026-08-02T23:51:38Z
2026-08-02T23:49:28Z,2026-08-03T01:49:28+0200,65d3fff1-7125-472d-bbc3-1b240f9c8d5b,2026-07-14T00:15:00Z,2026-07-14T02:15:00+0200,363.743,MW,NL,NL,actual_onshore_wind_generation,Wind Onshore | Actual Aggregated,2026-08-02T23:51:38Z
2026-08-02T23:49:28Z,2026-08-03T01:49:28+0200,65d3fff1-7125-472d-bbc3-1b240f9c8d5b,2026-07-14T00:15:00Z,2026-07-14T02:15:00+0200,0.0,MW,NL,NL,actual_onshore_wind_generation,Wind Onshore | Actual Consumption,2026-08-02T23:51:38Z
2026-08-02T23:49:28Z,2026-08-03T01:49:28+0200,65d3fff1-7125-472d-bbc3-1b240f9c8d5b,2026-07-14T00:30:00Z,2026-07-14T02:30:00+0200,338.93,MW,NL,NL,actual_onshore_wind_generation,Wind Onshore | Actual Aggregated,2026-08-02T23:51:38Z
2026-08-02T23:49:28Z,2026-08-03T01:49:28+0200,65d3fff1-7125-472d-bbc3-1b240f9c8d5b,2026-07-14T00:30:00Z,2026-07-14T02:30:00+0200,0.0,MW,NL,NL,actual_onshore_wind_generation,Wind Onshore | Actual Consumption,2026-08-02T23:51:38Z
2026-08-02T23:49:28Z,2026-08-03T01:49:28+0200,65d3fff1-7125-472d-bbc3-1b240f9c8d5b,2026-07-14T00:45:00Z,2026-07-14T02:45:00+0200,336.494,MW,NL,NL,actual_onshore_wind_generation,Wind Onshore | Actual Aggregated,2026-08-02T23:51:38Z
2026-08-02T23:49:28Z,2026-08-03T01:49:28+0200,65d3fff1-7125-472d-bbc3-1b240f9c8d5b,2026-07-14T00:45:00Z,2026-07-14T02:45:00+0200,0.0,MW,NL,NL,actual_onshore_wind_generation,Wind Onshore | Actual Consumption,2026-08-02T23:51:38Z
2026-08-02T23:49:28Z,2026-08-03T01:49:28+0200,65d3fff1-7125-472d-bbc3-1b240f9c8d5b,2026-07-14T01:00:00Z,2026-07-14T03:00:00+0200,342.099,MW,NL,NL,actual_onshore_wind_generation,Wind Onshore | Actual Aggregated,2026-08-02T23:51:38Z
2026-08-02T23:49:28Z,2026-08-03T01:49:28+0200,65d3fff1-7125-472d-bbc3-1b240f9c8d5b,2026-07-14T01:00:00Z,2026-07-14T03:00:00+0200,0.0,MW,NL,NL,actual_onshore_wind_generation,Wind Onshore | Actual Consumption,2026-08-02T23:51:38Z
2026-08-02T23:49:28Z,2026-08-03T01:49:28+0200,65d3fff1-7125-472d-bbc3-1b240f9c8d5b,2026-07-14T01:15:00Z,2026-07-14T03:15:00+0200,336.094,MW,NL,NL,actual_onshore_wind_generation,Wind Onshore | Actual Aggregated,2026-08-02T23:51:38Z
2026-08-02T23:49:28Z,2026-08-03T01:49:28+0200,65d3fff1-7125-472d-bbc3-1b240f9c8d5b,2026-07-14T01:15:00Z,2026-07-14T03:15:00+0200,0.0,MW,NL,NL,actual_onshore_wind_generation,Wind Onshore | Actual Consumption,2026-08-02T23:51:38Z
2026-08-02T23:49:28Z,2026-08-03T01:49:28+0200,65d3fff1-7125-472d-bbc3-1b240f9c8d5b,2026-07-14T01:30:00Z,2026-07-14T03:30:00+0200,339.55,MW,NL,NL,actual_onshore_wind_generation,Wind Onshore | Actual Aggregated,2026-08-02T23:51:38Z
2026-08-02T23:49:28Z,2026-08-03T01:49:28+0200,65d3fff1-7125-472d-bbc3-1b240f9c8d5b,2026-07-14T01:30:00Z,2026-07-14T03:30:00+0200,0.0,MW,NL,NL,actual_onshore_wind_generation,Wind Onshore | Actual Consumption,2026-08-02T23:51:38Z
2026-08-02T23:49:28Z,2026-08-03T01:49:28+0200,65d3fff1-7125-472d-bbc3-1b240f9c8d5b,2026-07-14T01:45:00Z,2026-07-14T03:45:00+0200,317.895,MW,NL,NL,actual_onshore_wind_generation,Wind Onshore | Actual Aggregated,2026-08-02T23:51:38Z
2026-08-02T23:49:28Z,2026-08-03T01:49:28+0200,65d3fff1-7125-472d-bbc3-1b240f9c8d5b,2026-07-14T01:45:00Z,2026-07-14T03:45:00+0200,0.0,MW,NL,NL,actual_onshore_wind_generation,Wind Onshore | Actual Consumption,2026-08-02T23:51:38Z
2026-08-02T23:49:28Z,2026-08-03T01:49:28+0200,65d3fff1-7125-472d-bbc3-1b240f9c8d5b,2026-07-14T02:00:00Z,2026-07-14T04:00:00+0200,329.364,MW,NL,NL,actual_onshore_wind_generation,Wind Onshore | Actual Aggregated,2026-08-02T23:51:38Z
2026-08-02T23:49:28Z,2026-08-03T01:49:28+0200,65d3fff1-7125-472d-bbc3-1b240f9c8d5b,2026-07-14T02:00:00Z,2026-07-14T04:00:00+0200,0.0,MW,NL,NL,actual_onshore_wind_generation,Wind Onshore | Actual Consumption,2026-08-02T23:51:38Z
2026-08-02T23:49:28Z,2026-08-03T01:49:28+0200,65d3fff1-7125-472d-bbc3-1b240f9c8d5b,2026-07-14T02:15:00Z,2026-07-14T04:15:00+0200,363.395,MW,NL,NL,actual_onshore_wind_generation,Wind Onshore | Actual Aggregated,2026-08-02T23:51:38Z
2026-08-02T23:49:28Z,2026-08-03T01:49:28+0200,65d3fff1-7125-472d-bbc3-1b240f9c8d5b,2026-07-14T02:15:00Z,2026-07-14T04:15:00+0200,0.0,MW,NL,NL,actual_onshore_wind_generation,Wind Onshore | Actual Consumption,2026-08-02T23:51:38Z
2026-08-02T23:49:28Z,2026-08-03T01:49:28+0200,65d3fff1-7125-472d-bbc3-1b240f9c8d5b,2026-07-14T02:30:00Z,2026-07-14T04:30:00+0200,362.243,MW,NL,NL,actual_onshore_wind_generation,Wind Onshore | Actual Aggregated,2026-08-02T23:51:38Z
2026-08-02T23:49:28Z,2026-08-03T01:49:28+0200,65d3fff1-7125-472d-bbc3-1b240f9c8d5b,2026-07-14T02:30:00Z,2026-07-14T04:30:00+0200,0.0,MW,NL,NL,actual_onshore_wind_generation,Wind Onshore | Actual Consumption,2026-08-02T23:51:38Z
2026-08-02T23:49:28Z,2026-08-03T01:49:28+0200,65d3fff1-7125-472d-bbc3-1b240f9c8d5b,2026-07-14T02:45:00Z,2026-07-14T04:45:00+0200,377.508,MW,NL,NL,actual_onshore_wind_generation,Wind Onshore | Actual Aggregated,2026-08-02T23:51:38Z
2026-08-02T23:49:28Z,2026-08-03T01:49:28+0200,65d3fff1-7125-472d-bbc3-1b240f9c8d5b,2026-07-14T02:45:00Z,2026-07-14T04:45:00+0200,0.0,MW,NL,NL,actual_onshore_wind_generation,Wind Onshore | Actual Consumption,2026-08-02T23:51:38Z
2026-08-02T23:49:28Z,2026-08-03T01:49:28+0200,65d3fff1-7125-472d-bbc3-1b240f9c8d5b,2026-07-14T03:00:00Z,2026-07-14T05:00:00+0200,408.356,MW,NL,NL,actual_onshore_wind_generation,Wind Onshore | Actual Aggregated,2026-08-02T23:51:38Z
2026-08-02T23:49:28Z,2026-08-03T01:49:28+0200,65d3fff1-7125-472d-bbc3-1b240f9c8d5b,2026-07-14T03:00:00Z,2026-07-14T05:00:00+0200,0.0,MW,NL,NL,actual_onshore_wind_generation,Wind Onshore | Actual Consumption,2026-08-02T23:51:38Z
2026-08-02T23:49:28Z,2026-08-03T01:49:28+0200,65d3fff1-7125-472d-bbc3-1b240f9c8d5b,2026-07-14T03:15:00Z,2026-07-14T05:15:00+0200,416.614,MW,NL,NL,actual_onshore_wind_generation,Wind Onshore | Actual Aggregated,2026-08-02T23:51:38Z
2026-08-02T23:49:28Z,2026-08-03T01:49:28+0200,65d3fff1-7125-472d-bbc3-1b240f9c8d5b,2026-07-14T03:15:00Z,2026-07-14T05:15:00+0200,0.0,MW,NL,NL,actual_onshore_wind_generation,Wind Onshore | Actual Consumption,2026-08-02T23:51:38Z
2026-08-02T23:49:28Z,2026-08-03T01:49:28+0200,65d3fff1-7125-472d-bbc3-1b240f9c8d5b,2026-07-14T03:30:00Z,2026-07-14T05:30:00+0200,438.558,MW,NL,NL,actual_onshore_wind_generation,Wind Onshore | Actual Aggregated,2026-08-02T23:51:38Z
2026-08-02T23:49:28Z,2026-08-03T01:49:28+0200,65d3fff1-7125-472d-bbc3-1b240f9c8d5b,2026-07-14T03:30:00Z,2026-07-14T05:30:00+0200,0.0,MW,NL,NL,actual_onshore_wind_generation,Wind Onshore | Actual Consumption,2026-08-02T23:51:38Z
2026-08-02T23:49:28Z,2026-08-03T01:49:28+0200,65d3fff1-7125-472d-bbc3-1b240f9c8d5b,2026-07-14T03:45:00Z,2026-07-14T05:45:00+0200,445.848,MW,NL,NL,actual_onshore_wind_generation,Wind Onshore | Actual Aggregated,2026-08-02T23:51:38Z
2026-08-02T23:49:28Z,2026-08-03T01:49:28+0200,65d3fff1-7125-472d-bbc3-1b240f9c8d5b,2026-07-14T03:45:00Z,2026-07-14T05:45:00+0200,0.0,MW,NL,NL,actual_onshore_wind_generation,Wind Onshore | Actual Consumption,2026-08-02T23:51:38Z
2026-08-02T23:49:28Z,2026-08-03T01:49:28+0200,65d3fff1-7125-472d-bbc3-1b240f9c8d5b,2026-07-14T04:00:00Z,2026-07-14T06:00:00+0200,419.987,MW,NL,NL,actual_onshore_wind_generation,Wind Onshore | Actual Aggregated,2026-08-02T23:51:38Z
2026-08-02T23:49:28Z,2026-08-03T01:49:28+0200,65d3fff1-7125-472d-bbc3-1b240f9c8d5b,2026-07-14T04:00:00Z,2026-07-14T06:00:00+0200,0.0,MW,NL,NL,actual_onshore_wind_generation,Wind Onshore | Actual Consumption,2026-08-02T23:51:38Z
2026-08-02T23:49:28Z,2026-08-03T01:49:28+0200,65d3fff1-7125-472d-bbc3-1b240f9c8d5b,2026-07-14T04:15:00Z,2026-07-14T06:15:00+0200,411.865,MW,NL,NL,actual_onshore_wind_generation,Wind Onshore | Actual Aggregated,2026-08-02T23:51:38Z
2026-08-02T23:49:28Z,2026-08-03T01:49:28+0200,65d3fff1-7125-472d-bbc3-1b240f9c8d5b,2026-07-14T04:15:00Z,2026-07-14T06:15:00+0200,0.0,MW,NL,NL,actual_onshore_wind_generation,Wind Onshore | Actual Consumption,2026-08-02T23:51:38Z
2026-08-02T23:49:28Z,2026-08-03T01:49:28+0200,65d3fff1-7125-472d-bbc3-1b240f9c8d5b,2026-07-14T04:30:00Z,2026-07-14T06:30:00+0200,427.236,MW,NL,NL,actual_onshore_wind_generation,Wind Onshore | Actual Aggregated,2026-08-02T23:51:38Z
2026-08-02T23:49:28Z,2026-08-03T01:49:28+0200,65d3fff1-7125-472d-bbc3-1b240f9c8d5b,2026-07-14T04:30:00Z,2026-07-14T06:30:00+0200,0.0,MW,NL,NL,actual_onshore_wind_generation,Wind Onshore | Actual Consumption,2026-08-02T23:51:38Z
2026-08-02T23:49:28Z,2026-08-03T01:49:28+0200,65d3fff1-7125-472d-bbc3-1b240f9c8d5b,2026-07-14T04:45:00Z,2026-07-14T06:45:00+0200,423.137,MW,NL,NL,actual_onshore_wind_generation,Wind Onshore | Actual Aggregated,2026-08-02T23:51:38Z
2026-08-02T23:49:28Z,2026-08-03T01:49:28+0200,65d3fff1-7125-472d-bbc3-1b240f9c8d5b,2026-07-14T04:45:00Z,2026-07-14T06:45:00+0200,0.0,MW,NL,NL,actual_onshore_wind_generation,Wind Onshore | Actual Consumption,2026-08-02T23:51:38Z
2026-08-02T23:49:28Z,2026-08-03T01:49:28+0200,65d3fff1-7125-472d-bbc3-1b240f9c8d5b,2026-07-14T05:00:00Z,2026-07-14T07:00:00+0200,401.465,MW,NL,NL,actual_onshore_wind_generation,Wind Onshore | Actual Aggregated,2026-08-02T23:51:38Z
2026-08-02T23:49:28Z,2026-08-03T01:49:28+0200,65d3fff1-7125-472d-bbc3-1b240f9c8d5b,2026-07-14T05:00:00Z,2026-07-14T07:00:00+0200,0.0,MW,NL,NL,actual_onshore_wind_generation,Wind Onshore | Actual Consumption,2026-08-02T23:51:38Z
2026-08-02T23:49:28Z,2026-08-03T01:49:28+0200,65d3fff1-7125-472d-bbc3-1b240f9c8d5b,2026-07-14T05:15:00Z,2026-07-14T07:15:00+0200,381.775,MW,NL,NL,actual_onshore_wind_generation,Wind Onshore | Actual Aggregated,2026-08-02T23:51:38Z
2026-08-02T23:49:28Z,2026-08-03T01:49:28+0200,65d3fff1-7125-472d-bbc3-1b240f9c8d5b,2026-07-14T05:15:00Z,2026-07-14T07:15:00+0200,0.0,MW,NL,NL,actual_onshore_wind_generation,Wind Onshore | Actual Consumption,2026-08-02T23:51:38Z
2026-08-02T23:49:28Z,2026-08-03T01:49:28+0200,65d3fff1-7125-472d-bbc3-1b240f9c8d5b,2026-07-14T05:30:00Z,2026-07-14T07:30:00+0200,335.562,MW,NL,NL,actual_onshore_wind_generation,Wind Onshore | Actual Aggregated,2026-08-02T23:51:38Z
2026-08-02T23:49:28Z,2026-08-03T01:49:28+0200,65d3fff1-7125-472d-bbc3-1b240f9c8d5b,2026-07-14T05:30:00Z,2026-07-14T07:30:00+0200,0.0,MW,NL,NL,actual_onshore_wind_generation,Wind Onshore | Actual Consumption,2026-08-02T23:51:38Z
2026-08-02T23:49:28Z,2026-08-03T01:49:28+0200,65d3fff1-7125-472d-bbc3-1b240f9c8d5b,2026-07-14T05:45:00Z,2026-07-14T07:45:00+0200,319.456,MW,NL,NL,actual_onshore_wind_generation,Wind Onshore | Actual Aggregated,2026-08-02T23:51:38Z
2026-08-02T23:49:28Z,2026-08-03T01:49:28+0200,65d3fff1-7125-472d-bbc3-1b240f9c8d5b,2026-07-14T05:45:00Z,2026-07-14T07:45:00+0200,0.0,MW,NL,NL,actual_onshore_wind_generation,Wind Onshore | Actual Consumption,2026-08-02T23:51:38Z
2026-08-02T23:49:28Z,2026-08-03T01:49:28+0200,65d3fff1-7125-472d-bbc3-1b240f9c8d5b,2026-07-14T06:00:00Z,2026-07-14T08:00:00+0200,299.77,MW,NL,NL,actual_onshore_wind_generation,Wind Onshore | Actual Aggregated,2026-08-02T23:51:38Z
2026-08-02T23:49:28Z,2026-08-03T01:49:28+0200,65d3fff1-7125-472d-bbc3-1b240f9c8d5b,2026-07-14T06:00:00Z,2026-07-14T08:00:00+0200,0.0,MW,NL,NL,actual_onshore_wind_generation,Wind Onshore | Actual Consumption,2026-08-02T23:51:38Z
2026-08-02T23:49:28Z,2026-08-03T01:49:28+0200,65d3fff1-7125-472d-bbc3-1b240f9c8d5b,2026-07-14T06:15:00Z,2026-07-14T08:15:00+0200,273.477,MW,NL,NL,actual_onshore_wind_generation,Wind Onshore | Actual Aggregated,2026-08-02T23:51:38Z
2026-08-02T23:49:28Z,2026-08-03T01:49:28+0200,65d3fff1-7125-472d-bbc3-1b240f9c8d5b,2026-07-14T06:15:00Z,2026-07-14T08:15:00+0200,0.0,MW,NL,NL,actual_onshore_wind_generation,Wind Onshore | Actual Consumption,2026-08-02T23:51:38Z
2026-08-02T23:49:28Z,2026-08-03T01:49:28+0200,65d3fff1-7125-472d-bbc3-1b240f9c8d5b,2026-07-14T06:30:00Z,2026-07-14T08:30:00+0200,249.18,MW,NL,NL,actual_onshore_wind_generation,Wind Onshore | Actual Aggregated,2026-08-02T23:51:38Z
2026-08-02T23:49:28Z,2026-08-03T01:49:28+0200,65d3fff1-7125-472d-bbc3-1b240f9c8d5b,2026-07-14T06:30:00Z,2026-07-14T08:30:00+0200,0.0,MW,NL,NL,actual_onshore_wind_generation,Wind Onshore | Actual Consumption,2026-08-02T23:51:38Z
2026-08-02T23:49:28Z,2026-08-03T01:49:28+0200,65d3fff1-7125-472d-bbc3-1b240f9c8d5b,2026-07-14T06:45:00Z,2026-07-14T08:45:00+0200,209.375,MW,NL,NL,actual_onshore_wind_generation,Wind Onshore | Actual Aggregated,2026-08-02T23:51:38Z
2026-08-02T23:49:28Z,2026-08-03T01:49:28+0200,65d3fff1-7125-472d-bbc3-1b240f9c8d5b,2026-07-14T06:45:00Z,2026-07-14T08:45:00+0200,0.0,MW,NL,NL,actual_onshore_wind_generation,Wind Onshore | Actual Consumption,2026-08-02T23:51:38Z
2026-08-02T23:49:28Z,2026-08-03T01:49:28+0200,65d3fff1-7125-472d-bbc3-1b240f9c8d5b,2026-07-14T07:00:00Z,2026-07-14T09:00:00+0200,222.274,MW,NL,NL,actual_onshore_wind_generation,Wind Onshore | Actual Aggregated,2026-08-02T23:51:38Z
2026-08-02T23:49:28Z,2026-08-03T01:49:28+0200,65d3fff1-7125-472d-bbc3-1b240f9c8d5b,2026-07-14T07:00:00Z,2026-07-14T09:00:00+0200,0.0,MW,NL,NL,actual_onshore_wind_generation,Wind Onshore | Actual Consumption,2026-08-02T23:51:38Z
2026-08-02T23:49:28Z,2026-08-03T01:49:28+0200,65d3fff1-7125-472d-bbc3-1b240f9c8d5b,2026-07-14T07:15:00Z,2026-07-14T09:15:00+0200,214.221,MW,NL,NL,actual_onshore_wind_generation,Wind Onshore | Actual Aggregated,2026-08-02T23:51:38Z
2026-08-02T23:49:28Z,2026-08-03T01:49:28+0200,65d3fff1-7125-472d-bbc3-1b240f9c8d5b,2026-07-14T07:15:00Z,2026-07-14T09:15:00+0200,0.0,MW,NL,NL,actual_onshore_wind_generation,Wind Onshore | Actual Consumption,2026-08-02T23:51:38Z
2026-08-02T23:49:28Z,2026-08-03T01:49:28+0200,65d3fff1-7125-472d-bbc3-1b240f9c8d5b,2026-07-14T07:30:00Z,2026-07-14T09:30:00+0200,219.468,MW,NL,NL,actual_onshore_wind_generation,Wind Onshore | Actual Aggregated,2026-08-02T23:51:38Z
2026-08-02T23:49:28Z,2026-08-03T01:49:28+0200,65d3fff1-7125-472d-bbc3-1b240f9c8d5b,2026-07-14T07:30:00Z,2026-07-14T09:30:00+0200,0.0,MW,NL,NL,actual_onshore_wind_generation,Wind Onshore | Actual Consumption,2026-08-02T23:51:38Z
2026-08-02T23:49:28Z,2026-08-03T01:49:28+0200,65d3fff1-7125-472d-bbc3-1b240f9c8d5b,2026-07-14T07:45:00Z,2026-07-14T09:45:00+0200,203.755,MW,NL,NL,actual_onshore_wind_generation,Wind Onshore | Actual Aggregated,2026-08-02T23:51:38Z
2026-08-02T23:49:28Z,2026-08-03T01:49:28+0200,65d3fff1-7125-472d-bbc3-1b240f9c8d5b,2026-07-14T07:45:00Z,2026-07-14T09:45:00+0200,0.0,MW,NL,NL,actual_onshore_wind_generation,Wind Onshore | Actual Consumption,2026-08-02T23:51:38Z
2026-08-02T23:49:28Z,2026-08-03T01:49:28+0200,65d3fff1-7125-472d-bbc3-1b240f9c8d5b,2026-07-14T08:00:00Z,2026-07-14T10:00:00+0200,186.585,MW,NL,NL,actual_onshore_wind_generation,Wind Onshore | Actual Aggregated,2026-08-02T23:51:38Z
2026-08-02T23:49:28Z,2026-08-03T01:49:28+0200,65d3fff1-7125-472d-bbc3-1b240f9c8d5b,2026-07-14T08:00:00Z,2026-07-14T10:00:00+0200,0.0,MW,NL,NL,actual_onshore_wind_generation,Wind Onshore | Actual Consumption,2026-08-02T23:51:38Z
2026-08-02T23:49:28Z,2026-08-03T01:49:28+0200,65d3fff1-7125-472d-bbc3-1b240f9c8d5b,2026-07-14T08:15:00Z,2026-07-14T10:15:00+0200,186.699,MW,NL,NL,actual_onshore_wind_generation,Wind Onshore | Actual Aggregated,2026-08-02T23:51:38Z
2026-08-02T23:49:28Z,2026-08-03T01:49:28+0200,65d3fff1-7125-472d-bbc3-1b240f9c8d5b,2026-07-14T08:15:00Z,2026-07-14T10:15:00+0200,0.0,MW,NL,NL,actual_onshore_wind_generation,Wind Onshore | Actual Consumption,2026-08-02T23:51:38Z
2026-08-02T23:49:28Z,2026-08-03T01:49:28+0200,65d3fff1-7125-472d-bbc3-1b240f9c8d5b,2026-07-14T08:30:00Z,2026-07-14T10:30:00+0200,178.184,MW,NL,NL,actual_onshore_wind_generation,Wind Onshore | Actual Aggregated,2026-08-02T23:51:38Z
2026-08-02T23:49:28Z,2026-08-03T01:49:28+0200,65d3fff1-7125-472d-bbc3-1b240f9c8d5b,2026-07-14T08:30:00Z,2026-07-14T10:30:00+0200,0.0,MW,NL,NL,actual_onshore_wind_generation,Wind Onshore | Actual Consumption,2026-08-02T23:51:38Z
2026-08-02T23:49:28Z,2026-08-03T01:49:28+0200,65d3fff1-7125-472d-bbc3-1b240f9c8d5b,2026-07-14T08:45:00Z,2026-07-14T10:45:00+0200,193.088,MW,NL,NL,actual_onshore_wind_generation,Wind Onshore | Actual Aggregated,2026-08-02T23:51:38Z
2026-08-02T23:49:28Z,2026-08-03T01:49:28+0200,65d3fff1-7125-472d-bbc3-1b240f9c8d5b,2026-07-14T08:45:00Z,2026-07-14T10:45:00+0200,0.0,MW,NL,NL,actual_onshore_wind_generation,Wind Onshore | Actual Consumption,2026-08-02T23:51:38Z
2026-08-02T23:49:28Z,2026-08-03T01:49:28+0200,65d3fff1-7125-472d-bbc3-1b240f9c8d5b,2026-07-14T09:00:00Z,2026-07-14T11:00:00+0200,226.307,MW,NL,NL,actual_onshore_wind_generation,Wind Onshore | Actual Aggregated,2026-08-02T23:51:38Z
2026-08-02T23:49:28Z,2026-08-03T01:49:28+0200,65d3fff1-7125-472d-bbc3-1b240f9c8d5b,2026-07-14T09:00:00Z,2026-07-14T11:00:00+0200,0.0,MW,NL,NL,actual_onshore_wind_generation,Wind Onshore | Actual Consumption,2026-08-02T23:51:38Z
2026-08-02T23:49:28Z,2026-08-03T01:49:28+0200,65d3fff1-7125-472d-bbc3-1b240f9c8d5b,2026-07-14T09:15:00Z,2026-07-14T11:15:00+0200,246.841,MW,NL,NL,actual_onshore_wind_generation,Wind Onshore | Actual Aggregated,2026-08-02T23:51:38Z
2026-08-02T23:49:28Z,2026-08-03T01:49:28+0200,65d3fff1-7125-472d-bbc3-1b240f9c8d5b,2026-07-14T09:15:00Z,2026-07-14T11:15:00+0200,0.0,MW,NL,NL,actual_onshore_wind_generation,Wind Onshore | Actual Consumption,2026-08-02T23:51:38Z
2026-08-02T23:49:28Z,2026-08-03T01:49:28+0200,65d3fff1-7125-472d-bbc3-1b240f9c8d5b,2026-07-14T09:30:00Z,2026-07-14T11:30:00+0200,261.546,MW,NL,NL,actual_onshore_wind_generation,Wind Onshore | Actual Aggregated,2026-08-02T23:51:38Z
2026-08-02T23:49:28Z,2026-08-03T01:49:28+0200,65d3fff1-7125-472d-bbc3-1b240f9c8d5b,2026-07-14T09:30:00Z,2026-07-14T11:30:00+0200,0.0,MW,NL,NL,actual_onshore_wind_generation,Wind Onshore | Actual Consumption,2026-08-02T23:51:38Z
2026-08-02T23:49:28Z,2026-08-03T01:49:28+0200,65d3fff1-7125-472d-bbc3-1b240f9c8d5b,2026-07-14T09:45:00Z,2026-07-14T11:45:00+0200,256.361,MW,NL,NL,actual_onshore_wind_generation,Wind Onshore | Actual Aggregated,2026-08-02T23:51:38Z
2026-08-02T23:49:28Z,2026-08-03T01:49:28+0200,65d3fff1-7125-472d-bbc3-1b240f9c8d5b,2026-07-14T09:45:00Z,2026-07-14T11:45:00+0200,0.0,MW,NL,NL,actual_onshore_wind_generation,Wind Onshore | Actual Consumption,2026-08-02T23:51:38Z
2026-08-02T23:49:28Z,2026-08-03T01:49:28+0200,65d3fff1-7125-472d-bbc3-1b240f9c8d5b,2026-07-14T10:00:00Z,2026-07-14T12:00:00+0200,234.754,MW,NL,NL,actual_onshore_wind_generation,Wind Onshore | Actual Aggregated,2026-08-02T23:51:38Z
2026-08-02T23:49:28Z,2026-08-03T01:49:28+0200,65d3fff1-7125-472d-bbc3-1b240f9c8d5b,2026-07-14T10:00:00Z,2026-07-14T12:00:00+0200,0.0,MW,NL,NL,actual_onshore_wind_generation,Wind Onshore | Actual Consumption,2026-08-02T23:51:38Z
2026-08-02T23:49:28Z,2026-08-03T01:49:28+0200,65d3fff1-7125-472d-bbc3-1b240f9c8d5b,2026-07-14T10:15:00Z,2026-07-14T12:15:00+0200,232.583,MW,NL,NL,actual_onshore_wind_generation,Wind Onshore | Actual Aggregated,2026-08-02T23:51:38Z
2026-08-02T23:49:28Z,2026-08-03T01:49:28+0200,65d3fff1-7125-472d-bbc3-1b240f9c8d5b,2026-07-14T10:15:00Z,2026-07-14T12:15:00+0200,0.0,MW,NL,NL,actual_onshore_wind_generation,Wind Onshore | Actual Consumption,2026-08-02T23:51:38Z
2026-08-02T23:49:28Z,2026-08-03T01:49:28+0200,65d3fff1-7125-472d-bbc3-1b240f9c8d5b,2026-07-14T10:30:00Z,2026-07-14T12:30:00+0200,243.909,MW,NL,NL,actual_onshore_wind_generation,Wind Onshore | Actual Aggregated,2026-08-02T23:51:38Z
2026-08-02T23:49:28Z,2026-08-03T01:49:28+0200,65d3fff1-7125-472d-bbc3-1b240f9c8d5b,2026-07-14T10:30:00Z,2026-07-14T12:30:00+0200,0.0,MW,NL,NL,actual_onshore_wind_generation,Wind Onshore | Actual Consumption,2026-08-02T23:51:38Z
2026-08-02T23:49:28Z,2026-08-03T01:49:28+0200,65d3fff1-7125-472d-bbc3-1b240f9c8d5b,2026-07-14T10:45:00Z,2026-07-14T12:45:00+0200,262.375,MW,NL,NL,actual_onshore_wind_generation,Wind Onshore | Actual Aggregated,2026-08-02T23:51:38Z
2026-08-02T23:49:28Z,2026-08-03T01:49:28+0200,65d3fff1-7125-472d-bbc3-1b240f9c8d5b,2026-07-14T10:45:00Z,2026-07-14T12:45:00+0200,0.0,MW,NL,NL,actual_onshore_wind_generation,Wind Onshore | Actual Consumption,2026-08-02T23:51:38Z
2026-08-02T23:49:28Z,2026-08-03T01:49:28+0200,65d3fff1-7125-472d-bbc3-1b240f9c8d5b,2026-07-14T11:00:00Z,2026-07-14T13:00:00+0200,305.089,MW,NL,NL,actual_onshore_wind_generation,Wind Onshore | Actual Aggregated,2026-08-02T23:51:38Z
2026-08-02T23:49:28Z,2026-08-03T01:49:28+0200,65d3fff1-7125-472d-bbc3-1b240f9c8d5b,2026-07-14T11:00:00Z,2026-07-14T13:00:00+0200,0.0,MW,NL,NL,actual_onshore_wind_generation,Wind Onshore | Actual Consumption,2026-08-02T23:51:38Z
2026-08-02T23:49:28Z,2026-08-03T01:49:28+0200,65d3fff1-7125-472d-bbc3-1b240f9c8d5b,2026-07-14T11:15:00Z,2026-07-14T13:15:00+0200,330.56,MW,NL,NL,actual_onshore_wind_generation,Wind Onshore | Actual Aggregated,2026-08-02T23:51:38Z
2026-08-02T23:49:28Z,2026-08-03T01:49:28+0200,65d3fff1-7125-472d-bbc3-1b240f9c8d5b,2026-07-14T11:15:00Z,2026-07-14T13:15:00+0200,0.0,MW,NL,NL,actual_onshore_wind_generation,Wind Onshore | Actual Consumption,2026-08-02T23:51:38Z
2026-08-02T23:49:28Z,2026-08-03T01:49:28+0200,65d3fff1-7125-472d-bbc3-1b240f9c8d5b,2026-07-14T11:30:00Z,2026-07-14T13:30:00+0200,328.95,MW,NL,NL,actual_onshore_wind_generation,Wind Onshore | Actual Aggregated,2026-08-02T23:51:38Z
2026-08-02T23:49:28Z,2026-08-03T01:49:28+0200,65d3fff1-7125-472d-bbc3-1b240f9c8d5b,2026-07-14T11:30:00Z,2026-07-14T13:30:00+0200,0.0,MW,NL,NL,actual_onshore_wind_generation,Wind Onshore | Actual Consumption,2026-08-02T23:51:38Z
2026-08-02T23:49:28Z,2026-08-03T01:49:28+0200,65d3fff1-7125-472d-bbc3-1b240f9c8d5b,2026-07-14T11:45:00Z,2026-07-14T13:45:00+0200,333.389,MW,NL,NL,actual_onshore_wind_generation,Wind Onshore | Actual Aggregated,2026-08-02T23:51:38Z
2026-08-02T23:49:28Z,2026-08-03T01:49:28+0200,65d3fff1-7125-472d-bbc3-1b240f9c8d5b,2026-07-14T11:45:00Z,2026-07-14T13:45:00+0200,0.0,MW,NL,NL,actual_onshore_wind_generation,Wind Onshore | Actual Consumption,2026-08-02T23:51:38Z
2026-08-02T23:49:28Z,2026-08-03T01:49:28+0200,65d3fff1-7125-472d-bbc3-1b240f9c8d5b,2026-07-14T12:00:00Z,2026-07-14T14:00:00+0200,328.751,MW,NL,NL,actual_onshore_wind_generation,Wind Onshore | Actual Aggregated,2026-08-02T23:51:38Z
2026-08-02T23:49:28Z,2026-08-03T01:49:28+0200,65d3fff1-7125-472d-bbc3-1b240f9c8d5b,2026-07-14T12:00:00Z,2026-07-14T14:00:00+0200,0.0,MW,NL,NL,actual_onshore_wind_generation,Wind Onshore | Actual Consumption,2026-08-02T23:51:38Z
2026-08-02T23:49:28Z,2026-08-03T01:49:28+0200,65d3fff1-7125-472d-bbc3-1b240f9c8d5b,2026-07-14T12:15:00Z,2026-07-14T14:15:00+0200,329.218,MW,NL,NL,actual_onshore_wind_generation,Wind Onshore | Actual Aggregated,2026-08-02T23:51:38Z
2026-08-02T23:49:28Z,2026-08-03T01:49:28+0200,65d3fff1-7125-472d-bbc3-1b240f9c8d5b,2026-07-14T12:15:00Z,2026-07-14T14:15:00+0200,0.0,MW,NL,NL,actual_onshore_wind_generation,Wind Onshore | Actual Consumption,2026-08-02T23:51:38Z
2026-08-02T23:49:28Z,2026-08-03T01:49:28+0200,65d3fff1-7125-472d-bbc3-1b240f9c8d5b,2026-07-14T12:30:00Z,2026-07-14T14:30:00+0200,357.605,MW,NL,NL,actual_onshore_wind_generation,Wind Onshore | Actual Aggregated,2026-08-02T23:51:38Z
2026-08-02T23:49:28Z,2026-08-03T01:49:28+0200,65d3fff1-7125-472d-bbc3-1b240f9c8d5b,2026-07-14T12:30:00Z,2026-07-14T14:30:00+0200,0.0,MW,NL,NL,actual_onshore_wind_generation,Wind Onshore | Actual Consumption,2026-08-02T23:51:38Z
2026-08-02T23:49:28Z,2026-08-03T01:49:28+0200,65d3fff1-7125-472d-bbc3-1b240f9c8d5b,2026-07-14T12:45:00Z,2026-07-14T14:45:00+0200,333.222,MW,NL,NL,actual_onshore_wind_generation,Wind Onshore | Actual Aggregated,2026-08-02T23:51:38Z
2026-08-02T23:49:28Z,2026-08-03T01:49:28+0200,65d3fff1-7125-472d-bbc3-1b240f9c8d5b,2026-07-14T12:45:00Z,2026-07-14T14:45:00+0200,0.0,MW,NL,NL,actual_onshore_wind_generation,Wind Onshore | Actual Consumption,2026-08-02T23:51:38Z
2026-08-02T23:49:28Z,2026-08-03T01:49:28+0200,65d3fff1-7125-472d-bbc3-1b240f9c8d5b,2026-07-14T13:00:00Z,2026-07-14T15:00:00+0200,349.539,MW,NL,NL,actual_onshore_wind_generation,Wind Onshore | Actual Aggregated,2026-08-02T23:51:38Z
2026-08-02T23:49:28Z,2026-08-03T01:49:28+0200,65d3fff1-7125-472d-bbc3-1b240f9c8d5b,2026-07-14T13:00:00Z,2026-07-14T15:00:00+0200,0.0,MW,NL,NL,actual_onshore_wind_generation,Wind Onshore | Actual Consumption,2026-08-02T23:51:38Z
2026-08-02T23:49:28Z,2026-08-03T01:49:28+0200,65d3fff1-7125-472d-bbc3-1b240f9c8d5b,2026-07-14T13:15:00Z,2026-07-14T15:15:00+0200,347.989,MW,NL,NL,actual_onshore_wind_generation,Wind Onshore | Actual Aggregated,2026-08-02T23:51:38Z
2026-08-02T23:49:28Z,2026-08-03T01:49:28+0200,65d3fff1-7125-472d-bbc3-1b240f9c8d5b,2026-07-14T13:15:00Z,2026-07-14T15:15:00+0200,0.0,MW,NL,NL,actual_onshore_wind_generation,Wind Onshore | Actual Consumption,2026-08-02T23:51:38Z
2026-08-02T23:49:28Z,2026-08-03T01:49:28+0200,65d3fff1-7125-472d-bbc3-1b240f9c8d5b,2026-07-14T13:30:00Z,2026-07-14T15:30:00+0200,360.861,MW,NL,NL,actual_onshore_wind_generation,Wind Onshore | Actual Aggregated,2026-08-02T23:51:38Z
2026-08-02T23:49:28Z,2026-08-03T01:49:28+0200,65d3fff1-7125-472d-bbc3-1b240f9c8d5b,2026-07-14T13:30:00Z,2026-07-14T15:30:00+0200,0.0,MW,NL,NL,actual_onshore_wind_generation,Wind Onshore | Actual Consumption,2026-08-02T23:51:38Z
2026-08-02T23:49:28Z,2026-08-03T01:49:28+0200,65d3fff1-7125-472d-bbc3-1b240f9c8d5b,2026-07-14T13:45:00Z,2026-07-14T15:45:00+0200,380.158,MW,NL,NL,actual_onshore_wind_generation,Wind Onshore | Actual Aggregated,2026-08-02T23:51:38Z
2026-08-02T23:49:28Z,2026-08-03T01:49:28+0200,65d3fff1-7125-472d-bbc3-1b240f9c8d5b,2026-07-14T13:45:00Z,2026-07-14T15:45:00+0200,0.0,MW,NL,NL,actual_onshore_wind_generation,Wind Onshore | Actual Consumption,2026-08-02T23:51:38Z
2026-08-02T23:49:28Z,2026-08-03T01:49:28+0200,65d3fff1-7125-472d-bbc3-1b240f9c8d5b,2026-07-14T14:00:00Z,2026-07-14T16:00:00+0200,447.19,MW,NL,NL,actual_onshore_wind_generation,Wind Onshore | Actual Aggregated,2026-08-02T23:51:38Z
2026-08-02T23:49:28Z,2026-08-03T01:49:28+0200,65d3fff1-7125-472d-bbc3-1b240f9c8d5b,2026-07-14T14:00:00Z,2026-07-14T16:00:00+0200,0.0,MW,NL,NL,actual_onshore_wind_generation,Wind Onshore | Actual Consumption,2026-08-02T23:51:38Z
2026-08-02T23:49:28Z,2026-08-03T01:49:28+0200,65d3fff1-7125-472d-bbc3-1b240f9c8d5b,2026-07-14T14:15:00Z,2026-07-14T16:15:00+0200,451.805,MW,NL,NL,actual_onshore_wind_generation,Wind Onshore | Actual Aggregated,2026-08-02T23:51:38Z
2026-08-02T23:49:28Z,2026-08-03T01:49:28+0200,65d3fff1-7125-472d-bbc3-1b240f9c8d5b,2026-07-14T14:15:00Z,2026-07-14T16:15:00+0200,0.0,MW,NL,NL,actual_onshore_wind_generation,Wind Onshore | Actual Consumption,2026-08-02T23:51:38Z
2026-08-02T23:49:28Z,2026-08-03T01:49:28+0200,65d3fff1-7125-472d-bbc3-1b240f9c8d5b,2026-07-14T14:30:00Z,2026-07-14T16:30:00+0200,443.644,MW,NL,NL,actual_onshore_wind_generation,Wind Onshore | Actual Aggregated,2026-08-02T23:51:38Z
2026-08-02T23:49:28Z,2026-08-03T01:49:28+0200,65d3fff1-7125-472d-bbc3-1b240f9c8d5b,2026-07-14T14:30:00Z,2026-07-14T16:30:00+0200,0.0,MW,NL,NL,actual_onshore_wind_generation,Wind Onshore | Actual Consumption,2026-08-02T23:51:38Z
2026-08-02T23:49:28Z,2026-08-03T01:49:28+0200,65d3fff1-7125-472d-bbc3-1b240f9c8d5b,2026-07-14T14:45:00Z,2026-07-14T16:45:00+0200,410.13,MW,NL,NL,actual_onshore_wind_generation,Wind Onshore | Actual Aggregated,2026-08-02T23:51:38Z
2026-08-02T23:49:28Z,2026-08-03T01:49:28+0200,65d3fff1-7125-472d-bbc3-1b240f9c8d5b,2026-07-14T14:45:00Z,2026-07-14T16:45:00+0200,0.0,MW,NL,NL,actual_onshore_wind_generation,Wind Onshore | Actual Consumption,2026-08-02T23:51:38Z
2026-08-02T23:49:28Z,2026-08-03T01:49:28+0200,65d3fff1-7125-472d-bbc3-1b240f9c8d5b,2026-07-14T15:00:00Z,2026-07-14T17:00:00+0200,448.017,MW,NL,NL,actual_onshore_wind_generation,Wind Onshore | Actual Aggregated,2026-08-02T23:51:38Z
2026-08-02T23:49:28Z,2026-08-03T01:49:28+0200,65d3fff1-7125-472d-bbc3-1b240f9c8d5b,2026-07-14T15:00:00Z,2026-07-14T17:00:00+0200,0.0,MW,NL,NL,actual_onshore_wind_generation,Wind Onshore | Actual Consumption,2026-08-02T23:51:38Z
2026-08-02T23:49:28Z,2026-08-03T01:49:28+0200,65d3fff1-7125-472d-bbc3-1b240f9c8d5b,2026-07-14T15:15:00Z,2026-07-14T17:15:00+0200,475.376,MW,NL,NL,actual_onshore_wind_generation,Wind Onshore | Actual Aggregated,2026-08-02T23:51:38Z
2026-08-02T23:49:28Z,2026-08-03T01:49:28+0200,65d3fff1-7125-472d-bbc3-1b240f9c8d5b,2026-07-14T15:15:00Z,2026-07-14T17:15:00+0200,0.0,MW,NL,NL,actual_onshore_wind_generation,Wind Onshore | Actual Consumption,2026-08-02T23:51:38Z
2026-08-02T23:49:28Z,2026-08-03T01:49:28+0200,65d3fff1-7125-472d-bbc3-1b240f9c8d5b,2026-07-14T15:30:00Z,2026-07-14T17:30:00+0200,505.581,MW,NL,NL,actual_onshore_wind_generation,Wind Onshore | Actual Aggregated,2026-08-02T23:51:38Z
2026-08-02T23:49:28Z,2026-08-03T01:49:28+0200,65d3fff1-7125-472d-bbc3-1b240f9c8d5b,2026-07-14T15:30:00Z,2026-07-14T17:30:00+0200,0.0,MW,NL,NL,actual_onshore_wind_generation,Wind Onshore | Actual Consumption,2026-08-02T23:51:38Z
2026-08-02T23:49:28Z,2026-08-03T01:49:28+0200,65d3fff1-7125-472d-bbc3-1b240f9c8d5b,2026-07-14T15:45:00Z,2026-07-14T17:45:00+0200,516.651,MW,NL,NL,actual_onshore_wind_generation,Wind Onshore | Actual Aggregated,2026-08-02T23:51:38Z
2026-08-02T23:49:28Z,2026-08-03T01:49:28+0200,65d3fff1-7125-472d-bbc3-1b240f9c8d5b,2026-07-14T15:45:00Z,2026-07-14T17:45:00+0200,0.0,MW,NL,NL,actual_onshore_wind_generation,Wind Onshore | Actual Consumption,2026-08-02T23:51:38Z
2026-08-02T23:49:28Z,2026-08-03T01:49:28+0200,65d3fff1-7125-472d-bbc3-1b240f9c8d5b,2026-07-14T16:00:00Z,2026-07-14T18:00:00+0200,523.531,MW,NL,NL,actual_onshore_wind_generation,Wind Onshore | Actual Aggregated,2026-08-02T23:51:38Z
2026-08-02T23:49:28Z,2026-08-03T01:49:28+0200,65d3fff1-7125-472d-bbc3-1b240f9c8d5b,2026-07-14T16:00:00Z,2026-07-14T18:00:00+0200,0.0,MW,NL,NL,actual_onshore_wind_generation,Wind Onshore | Actual Consumption,2026-08-02T23:51:38Z
2026-08-02T23:49:28Z,2026-08-03T01:49:28+0200,65d3fff1-7125-472d-bbc3-1b240f9c8d5b,2026-07-14T16:15:00Z,2026-07-14T18:15:00+0200,589.346,MW,NL,NL,actual_onshore_wind_generation,Wind Onshore | Actual Aggregated,2026-08-02T23:51:38Z
2026-08-02T23:49:28Z,2026-08-03T01:49:28+0200,65d3fff1-7125-472d-bbc3-1b240f9c8d5b,2026-07-14T16:15:00Z,2026-07-14T18:15:00+0200,0.0,MW,NL,NL,actual_onshore_wind_generation,Wind Onshore | Actual Consumption,2026-08-02T23:51:38Z
2026-08-02T23:49:28Z,2026-08-03T01:49:28+0200,65d3fff1-7125-472d-bbc3-1b240f9c8d5b,2026-07-14T16:30:00Z,2026-07-14T18:30:00+0200,609.613,MW,NL,NL,actual_onshore_wind_generation,Wind Onshore | Actual Aggregated,2026-08-02T23:51:38Z
2026-08-02T23:49:28Z,2026-08-03T01:49:28+0200,65d3fff1-7125-472d-bbc3-1b240f9c8d5b,2026-07-14T16:30:00Z,2026-07-14T18:30:00+0200,0.0,MW,NL,NL,actual_onshore_wind_generation,Wind Onshore | Actual Consumption,2026-08-02T23:51:38Z
2026-08-02T23:49:28Z,2026-08-03T01:49:28+0200,65d3fff1-7125-472d-bbc3-1b240f9c8d5b,2026-07-14T16:45:00Z,2026-07-14T18:45:00+0200,617.135,MW,NL,NL,actual_onshore_wind_generation,Wind Onshore | Actual Aggregated,2026-08-02T23:51:38Z
2026-08-02T23:49:28Z,2026-08-03T01:49:28+0200,65d3fff1-7125-472d-bbc3-1b240f9c8d5b,2026-07-14T16:45:00Z,2026-07-14T18:45:00+0200,0.0,MW,NL,NL,actual_onshore_wind_generation,Wind Onshore | Actual Consumption,2026-08-02T23:51:38Z
2026-08-02T23:49:28Z,2026-08-03T01:49:28+0200,65d3fff1-7125-472d-bbc3-1b240f9c8d5b,2026-07-14T17:00:00Z,2026-07-14T19:00:00+0200,639.41,MW,NL,NL,actual_onshore_wind_generation,Wind Onshore | Actual Aggregated,2026-08-02T23:51:38Z
2026-08-02T23:49:28Z,2026-08-03T01:49:28+0200,65d3fff1-7125-472d-bbc3-1b240f9c8d5b,2026-07-14T17:00:00Z,2026-07-14T19:00:00+0200,0.0,MW,NL,NL,actual_onshore_wind_generation,Wind Onshore | Actual Consumption,2026-08-02T23:51:38Z
2026-08-02T23:49:28Z,2026-08-03T01:49:28+0200,65d3fff1-7125-472d-bbc3-1b240f9c8d5b,2026-07-14T17:15:00Z,2026-07-14T19:15:00+0200,617.409,MW,NL,NL,actual_onshore_wind_generation,Wind Onshore | Actual Aggregated,2026-08-02T23:51:38Z
2026-08-02T23:49:28Z,2026-08-03T01:49:28+0200,65d3fff1-7125-472d-bbc3-1b240f9c8d5b,2026-07-14T17:15:00Z,2026-07-14T19:15:00+0200,0.0,MW,NL,NL,actual_onshore_wind_generation,Wind Onshore | Actual Consumption,2026-08-02T23:51:38Z
2026-08-02T23:49:28Z,2026-08-03T01:49:28+0200,65d3fff1-7125-472d-bbc3-1b240f9c8d5b,2026-07-14T17:30:00Z,2026-07-14T19:30:00+0200,567.147,MW,NL,NL,actual_onshore_wind_generation,Wind Onshore | Actual Aggregated,2026-08-02T23:51:38Z
2026-08-02T23:49:28Z,2026-08-03T01:49:28+0200,65d3fff1-7125-472d-bbc3-1b240f9c8d5b,2026-07-14T17:30:00Z,2026-07-14T19:30:00+0200,0.0,MW,NL,NL,actual_onshore_wind_generation,Wind Onshore | Actual Consumption,2026-08-02T23:51:38Z
2026-08-02T23:49:28Z,2026-08-03T01:49:28+0200,65d3fff1-7125-472d-bbc3-1b240f9c8d5b,2026-07-14T17:45:00Z,2026-07-14T19:45:00+0200,549.294,MW,NL,NL,actual_onshore_wind_generation,Wind Onshore | Actual Aggregated,2026-08-02T23:51:38Z
2026-08-02T23:49:28Z,2026-08-03T01:49:28+0200,65d3fff1-7125-472d-bbc3-1b240f9c8d5b,2026-07-14T17:45:00Z,2026-07-14T19:45:00+0200,0.0,MW,NL,NL,actual_onshore_wind_generation,Wind Onshore | Actual Consumption,2026-08-02T23:51:38Z
2026-08-02T23:49:28Z,2026-08-03T01:49:28+0200,65d3fff1-7125-472d-bbc3-1b240f9c8d5b,2026-07-14T18:00:00Z,2026-07-14T20:00:00+0200,486.729,MW,NL,NL,actual_onshore_wind_generation,Wind Onshore | Actual Aggregated,2026-08-02T23:51:38Z
2026-08-02T23:49:28Z,2026-08-03T01:49:28+0200,65d3fff1-7125-472d-bbc3-1b240f9c8d5b,2026-07-14T18:00:00Z,2026-07-14T20:00:00+0200,0.0,MW,NL,NL,actual_onshore_wind_generation,Wind Onshore | Actual Consumption,2026-08-02T23:51:38Z
2026-08-02T23:49:28Z,2026-08-03T01:49:28+0200,65d3fff1-7125-472d-bbc3-1b240f9c8d5b,2026-07-14T18:15:00Z,2026-07-14T20:15:00+0200,441.914,MW,NL,NL,actual_onshore_wind_generation,Wind Onshore | Actual Aggregated,2026-08-02T23:51:38Z
2026-08-02T23:49:28Z,2026-08-03T01:49:28+0200,65d3fff1-7125-472d-bbc3-1b240f9c8d5b,2026-07-14T18:15:00Z,2026-07-14T20:15:00+0200,0.0,MW,NL,NL,actual_onshore_wind_generation,Wind Onshore | Actual Consumption,2026-08-02T23:51:38Z
2026-08-02T23:49:28Z,2026-08-03T01:49:28+0200,65d3fff1-7125-472d-bbc3-1b240f9c8d5b,2026-07-14T18:30:00Z,2026-07-14T20:30:00+0200,424.197,MW,NL,NL,actual_onshore_wind_generation,Wind Onshore | Actual Aggregated,2026-08-02T23:51:38Z
2026-08-02T23:49:28Z,2026-08-03T01:49:28+0200,65d3fff1-7125-472d-bbc3-1b240f9c8d5b,2026-07-14T18:30:00Z,2026-07-14T20:30:00+0200,0.0,MW,NL,NL,actual_onshore_wind_generation,Wind Onshore | Actual Consumption,2026-08-02T23:51:38Z
2026-08-02T23:49:28Z,2026-08-03T01:49:28+0200,65d3fff1-7125-472d-bbc3-1b240f9c8d5b,2026-07-14T18:45:00Z,2026-07-14T20:45:00+0200,449.949,MW,NL,NL,actual_onshore_wind_generation,Wind Onshore | Actual Aggregated,2026-08-02T23:51:38Z
2026-08-02T23:49:28Z,2026-08-03T01:49:28+0200,65d3fff1-7125-472d-bbc3-1b240f9c8d5b,2026-07-14T18:45:00Z,2026-07-14T20:45:00+0200,0.0,MW,NL,NL,actual_onshore_wind_generation,Wind Onshore | Actual Consumption,2026-08-02T23:51:38Z
2026-08-02T23:49:28Z,2026-08-03T01:49:28+0200,65d3fff1-7125-472d-bbc3-1b240f9c8d5b,2026-07-14T19:00:00Z,2026-07-14T21:00:00+0200,437.791,MW,NL,NL,actual_onshore_wind_generation,Wind Onshore | Actual Aggregated,2026-08-02T23:51:38Z
2026-08-02T23:49:28Z,2026-08-03T01:49:28+0200,65d3fff1-7125-472d-bbc3-1b240f9c8d5b,2026-07-14T19:00:00Z,2026-07-14T21:00:00+0200,0.0,MW,NL,NL,actual_onshore_wind_generation,Wind Onshore | Actual Consumption,2026-08-02T23:51:38Z
2026-08-02T23:49:28Z,2026-08-03T01:49:28+0200,65d3fff1-7125-472d-bbc3-1b240f9c8d5b,2026-07-14T19:15:00Z,2026-07-14T21:15:00+0200,428.481,MW,NL,NL,actual_onshore_wind_generation,Wind Onshore | Actual Aggregated,2026-08-02T23:51:38Z
2026-08-02T23:49:28Z,2026-08-03T01:49:28+0200,65d3fff1-7125-472d-bbc3-1b240f9c8d5b,2026-07-14T19:15:00Z,2026-07-14T21:15:00+0200,0.0,MW,NL,NL,actual_onshore_wind_generation,Wind Onshore | Actual Consumption,2026-08-02T23:51:38Z
2026-08-02T23:49:28Z,2026-08-03T01:49:28+0200,65d3fff1-7125-472d-bbc3-1b240f9c8d5b,2026-07-14T19:30:00Z,2026-07-14T21:30:00+0200,464.351,MW,NL,NL,actual_onshore_wind_generation,Wind Onshore | Actual Aggregated,2026-08-02T23:51:38Z
2026-08-02T23:49:28Z,2026-08-03T01:49:28+0200,65d3fff1-7125-472d-bbc3-1b240f9c8d5b,2026-07-14T19:30:00Z,2026-07-14T21:30:00+0200,0.0,MW,NL,NL,actual_onshore_wind_generation,Wind Onshore | Actual Consumption,2026-08-02T23:51:38Z
2026-08-02T23:49:28Z,2026-08-03T01:49:28+0200,65d3fff1-7125-472d-bbc3-1b240f9c8d5b,2026-07-14T19:45:00Z,2026-07-14T21:45:00+0200,455.161,MW,NL,NL,actual_onshore_wind_generation,Wind Onshore | Actual Aggregated,2026-08-02T23:51:38Z
2026-08-02T23:49:28Z,2026-08-03T01:49:28+0200,65d3fff1-7125-472d-bbc3-1b240f9c8d5b,2026-07-14T19:45:00Z,2026-07-14T21:45:00+0200,0.0,MW,NL,NL,actual_onshore_wind_generation,Wind Onshore | Actual Consumption,2026-08-02T23:51:38Z
2026-08-02T23:49:28Z,2026-08-03T01:49:28+0200,65d3fff1-7125-472d-bbc3-1b240f9c8d5b,2026-07-14T20:00:00Z,2026-07-14T22:00:00+0200,483.873,MW,NL,NL,actual_onshore_wind_generation,Wind Onshore | Actual Aggregated,2026-08-02T23:51:38Z
2026-08-02T23:49:28Z,2026-08-03T01:49:28+0200,65d3fff1-7125-472d-bbc3-1b240f9c8d5b,2026-07-14T20:00:00Z,2026-07-14T22:00:00+0200,0.0,MW,NL,NL,actual_onshore_wind_generation,Wind Onshore | Actual Consumption,2026-08-02T23:51:38Z
2026-08-02T23:49:28Z,2026-08-03T01:49:28+0200,65d3fff1-7125-472d-bbc3-1b240f9c8d5b,2026-07-14T20:15:00Z,2026-07-14T22:15:00+0200,470.529,MW,NL,NL,actual_onshore_wind_generation,Wind Onshore | Actual Aggregated,2026-08-02T23:51:38Z
2026-08-02T23:49:28Z,2026-08-03T01:49:28+0200,65d3fff1-7125-472d-bbc3-1b240f9c8d5b,2026-07-14T20:15:00Z,2026-07-14T22:15:00+0200,0.0,MW,NL,NL,actual_onshore_wind_generation,Wind Onshore | Actual Consumption,2026-08-02T23:51:38Z
2026-08-02T23:49:28Z,2026-08-03T01:49:28+0200,65d3fff1-7125-472d-bbc3-1b240f9c8d5b,2026-07-14T20:30:00Z,2026-07-14T22:30:00+0200,507.741,MW,NL,NL,actual_onshore_wind_generation,Wind Onshore | Actual Aggregated,2026-08-02T23:51:38Z
2026-08-02T23:49:28Z,2026-08-03T01:49:28+0200,65d3fff1-7125-472d-bbc3-1b240f9c8d5b,2026-07-14T20:30:00Z,2026-07-14T22:30:00+0200,0.0,MW,NL,NL,actual_onshore_wind_generation,Wind Onshore | Actual Consumption,2026-08-02T23:51:38Z
2026-08-02T23:49:28Z,2026-08-03T01:49:28+0200,65d3fff1-7125-472d-bbc3-1b240f9c8d5b,2026-07-14T20:45:00Z,2026-07-14T22:45:00+0200,528.35,MW,NL,NL,actual_onshore_wind_generation,Wind Onshore | Actual Aggregated,2026-08-02T23:51:38Z
2026-08-02T23:49:28Z,2026-08-03T01:49:28+0200,65d3fff1-7125-472d-bbc3-1b240f9c8d5b,2026-07-14T20:45:00Z,2026-07-14T22:45:00+0200,0.0,MW,NL,NL,actual_onshore_wind_generation,Wind Onshore | Actual Consumption,2026-08-02T23:51:38Z
2026-08-02T23:49:28Z,2026-08-03T01:49:28+0200,65d3fff1-7125-472d-bbc3-1b240f9c8d5b,2026-07-14T21:00:00Z,2026-07-14T23:00:00+0200,530.209,MW,NL,NL,actual_onshore_wind_generation,Wind Onshore | Actual Aggregated,2026-08-02T23:51:38Z
2026-08-02T23:49:28Z,2026-08-03T01:49:28+0200,65d3fff1-7125-472d-bbc3-1b240f9c8d5b,2026-07-14T21:00:00Z,2026-07-14T23:00:00+0200,0.0,MW,NL,NL,actual_onshore_wind_generation,Wind Onshore | Actual Consumption,2026-08-02T23:51:38Z
2026-08-02T23:49:28Z,2026-08-03T01:49:28+0200,65d3fff1-7125-472d-bbc3-1b240f9c8d5b,2026-07-14T21:15:00Z,2026-07-14T23:15:00+0200,460.689,MW,NL,NL,actual_onshore_wind_generation,Wind Onshore | Actual Aggregated,2026-08-02T23:51:38Z
2026-08-02T23:49:28Z,2026-08-03T01:49:28+0200,65d3fff1-7125-472d-bbc3-1b240f9c8d5b,2026-07-14T21:15:00Z,2026-07-14T23:15:00+0200,0.0,MW,NL,NL,actual_onshore_wind_generation,Wind Onshore | Actual Consumption,2026-08-02T23:51:38Z
2026-08-02T23:49:28Z,2026-08-03T01:49:28+0200,65d3fff1-7125-472d-bbc3-1b240f9c8d5b,2026-07-14T21:30:00Z,2026-07-14T23:30:00+0200,445.382,MW,NL,NL,actual_onshore_wind_generation,Wind Onshore | Actual Aggregated,2026-08-02T23:51:38Z
2026-08-02T23:49:28Z,2026-08-03T01:49:28+0200,65d3fff1-7125-472d-bbc3-1b240f9c8d5b,2026-07-14T21:30:00Z,2026-07-14T23:30:00+0200,0.0,MW,NL,NL,actual_onshore_wind_generation,Wind Onshore | Actual Consumption,2026-08-02T23:51:38Z
2026-08-02T23:49:28Z,2026-08-03T01:49:28+0200,65d3fff1-7125-472d-bbc3-1b240f9c8d5b,2026-07-14T21:45:00Z,2026-07-14T23:45:00+0200,439.871,MW,NL,NL,actual_onshore_wind_generation,Wind Onshore | Actual Aggregated,2026-08-02T23:51:38Z
2026-08-02T23:49:28Z,2026-08-03T01:49:28+0200,65d3fff1-7125-472d-bbc3-1b240f9c8d5b,2026-07-14T21:45:00Z,2026-07-14T23:45:00+0200,0.0,MW,NL,NL,actual_onshore_wind_generation,Wind Onshore | Actual Consumption,2026-08-02T23:51:38Z
2026-08-02T23:49:28Z,2026-08-03T01:49:28+0200,65d3fff1-7125-472d-bbc3-1b240f9c8d5b,2026-07-14T22:00:00Z,2026-07-15T00:00:00+0200,483.915,MW,NL,NL,actual_onshore_wind_generation,Wind Onshore | Actual Aggregated,2026-08-02T23:51:38Z
2026-08-02T23:49:28Z,2026-08-03T01:49:28+0200,65d3fff1-7125-472d-bbc3-1b240f9c8d5b,2026-07-14T22:00:00Z,2026-07-15T00:00:00+0200,0.0,MW,NL,NL,actual_onshore_wind_generation,Wind Onshore | Actual Consumption,2026-08-02T23:51:38Z
2026-08-02T23:49:28Z,2026-08-03T01:49:28+0200,65d3fff1-7125-472d-bbc3-1b240f9c8d5b,2026-07-14T22:15:00Z,2026-07-15T00:15:00+0200,487.277,MW,NL,NL,actual_onshore_wind_generation,Wind Onshore | Actual Aggregated,2026-08-02T23:51:38Z
2026-08-02T23:49:28Z,2026-08-03T01:49:28+0200,65d3fff1-7125-472d-bbc3-1b240f9c8d5b,2026-07-14T22:15:00Z,2026-07-15T00:15:00+0200,0.0,MW,NL,NL,actual_onshore_wind_generation,Wind Onshore | Actual Consumption,2026-08-02T23:51:38Z
2026-08-02T23:49:28Z,2026-08-03T01:49:28+0200,65d3fff1-7125-472d-bbc3-1b240f9c8d5b,2026-07-14T22:30:00Z,2026-07-15T00:30:00+0200,453.151,MW,NL,NL,actual_onshore_wind_generation,Wind Onshore | Actual Aggregated,2026-08-02T23:51:38Z
2026-08-02T23:49:28Z,2026-08-03T01:49:28+0200,65d3fff1-7125-472d-bbc3-1b240f9c8d5b,2026-07-14T22:30:00Z,2026-07-15T00:30:00+0200,0.0,MW,NL,NL,actual_onshore_wind_generation,Wind Onshore | Actual Consumption,2026-08-02T23:51:38Z
2026-08-02T23:49:28Z,2026-08-03T01:49:28+0200,65d3fff1-7125-472d-bbc3-1b240f9c8d5b,2026-07-14T22:45:00Z,2026-07-15T00:45:00+0200,444.079,MW,NL,NL,actual_onshore_wind_generation,Wind Onshore | Actual Aggregated,2026-08-02T23:51:38Z
2026-08-02T23:49:28Z,2026-08-03T01:49:28+0200,65d3fff1-7125-472d-bbc3-1b240f9c8d5b,2026-07-14T22:45:00Z,2026-07-15T00:45:00+0200,0.0,MW,NL,NL,actual_onshore_wind_generation,Wind Onshore | Actual Consumption,2026-08-02T23:51:38Z
2026-08-02T23:49:28Z,2026-08-03T01:49:28+0200,65d3fff1-7125-472d-bbc3-1b240f9c8d5b,2026-07-14T23:00:00Z,2026-07-15T01:00:00+0200,454.439,MW,NL,NL,actual_onshore_wind_generation,Wind Onshore | Actual Aggregated,2026-08-02T23:51:38Z
2026-08-02T23:49:28Z,2026-08-03T01:49:28+0200,65d3fff1-7125-472d-bbc3-1b240f9c8d5b,2026-07-14T23:00:00Z,2026-07-15T01:00:00+0200,0.0,MW,NL,NL,actual_onshore_wind_generation,Wind Onshore | Actual Consumption,2026-08-02T23:51:38Z
2026-08-02T23:49:28Z,2026-08-03T01:49:28+0200,65d3fff1-7125-472d-bbc3-1b240f9c8d5b,2026-07-14T23:15:00Z,2026-07-15T01:15:00+0200,463.781,MW,NL,NL,actual_onshore_wind_generation,Wind Onshore | Actual Aggregated,2026-08-02T23:51:38Z
2026-08-02T23:49:28Z,2026-08-03T01:49:28+0200,65d3fff1-7125-472d-bbc3-1b240f9c8d5b,2026-07-14T23:15:00Z,2026-07-15T01:15:00+0200,0.0,MW,NL,NL,actual_onshore_wind_generation,Wind Onshore | Actual Consumption,2026-08-02T23:51:38Z
2026-08-02T23:49:28Z,2026-08-03T01:49:28+0200,65d3fff1-7125-472d-bbc3-1b240f9c8d5b,2026-07-14T23:30:00Z,2026-07-15T01:30:00+0200,458.494,MW,NL,NL,actual_onshore_wind_generation,Wind Onshore | Actual Aggregated,2026-08-02T23:51:38Z
2026-08-02T23:49:28Z,2026-08-03T01:49:28+0200,65d3fff1-7125-472d-bbc3-1b240f9c8d5b,2026-07-14T23:30:00Z,2026-07-15T01:30:00+0200,0.0,MW,NL,NL,actual_onshore_wind_generation,Wind Onshore | Actual Consumption,2026-08-02T23:51:38Z
2026-08-02T23:49:28Z,2026-08-03T01:49:28+0200,65d3fff1-7125-472d-bbc3-1b240f9c8d5b,2026-07-14T23:45:00Z,2026-07-15T01:45:00+0200,452.604,MW,NL,NL,actual_onshore_wind_generation,Wind Onshore | Actual Aggregated,2026-08-02T23:51:38Z
2026-08-02T23:49:28Z,2026-08-03T01:49:28+0200,65d3fff1-7125-472d-bbc3-1b240f9c8d5b,2026-07-14T23:45:00Z,2026-07-15T01:45:00+0200,0.0,MW,NL,NL,actual_onshore_wind_generation,Wind Onshore | Actual Consumption,2026-08-02T23:51:38Z
2026-08-02T23:49:28Z,2026-08-03T01:49:28+0200,65d3fff1-7125-472d-bbc3-1b240f9c8d5b,2026-07-15T00:00:00Z,2026-07-15T02:00:00+0200,472.857,MW,NL,NL,actual_onshore_wind_generation,Wind Onshore | Actual Aggregated,2026-08-02T23:51:38Z
2026-08-02T23:49:28Z,2026-08-03T01:49:28+0200,65d3fff1-7125-472d-bbc3-1b240f9c8d5b,2026-07-15T00:00:00Z,2026-07-15T02:00:00+0200,0.0,MW,NL,NL,actual_onshore_wind_generation,Wind Onshore | Actual Consumption,2026-08-02T23:51:38Z
2026-08-02T23:49:28Z,2026-08-03T01:49:28+0200,65d3fff1-7125-472d-bbc3-1b240f9c8d5b,2026-07-15T00:15:00Z,2026-07-15T02:15:00+0200,462.788,MW,NL,NL,actual_onshore_wind_generation,Wind Onshore | Actual Aggregated,2026-08-02T23:51:38Z
2026-08-02T23:49:28Z,2026-08-03T01:49:28+0200,65d3fff1-7125-472d-bbc3-1b240f9c8d5b,2026-07-15T00:15:00Z,2026-07-15T02:15:00+0200,0.0,MW,NL,NL,actual_onshore_wind_generation,Wind Onshore | Actual Consumption,2026-08-02T23:51:38Z
2026-08-02T23:49:28Z,2026-08-03T01:49:28+0200,65d3fff1-7125-472d-bbc3-1b240f9c8d5b,2026-07-15T00:30:00Z,2026-07-15T02:30:00+0200,452.438,MW,NL,NL,actual_onshore_wind_generation,Wind Onshore | Actual Aggregated,2026-08-02T23:51:38Z
2026-08-02T23:49:28Z,2026-08-03T01:49:28+0200,65d3fff1-7125-472d-bbc3-1b240f9c8d5b,2026-07-15T00:30:00Z,2026-07-15T02:30:00+0200,0.0,MW,NL,NL,actual_onshore_wind_generation,Wind Onshore | Actual Consumption,2026-08-02T23:51:38Z
2026-08-02T23:49:28Z,2026-08-03T01:49:28+0200,65d3fff1-7125-472d-bbc3-1b240f9c8d5b,2026-07-15T00:45:00Z,2026-07-15T02:45:00+0200,429.602,MW,NL,NL,actual_onshore_wind_generation,Wind Onshore | Actual Aggregated,2026-08-02T23:51:38Z
2026-08-02T23:49:28Z,2026-08-03T01:49:28+0200,65d3fff1-7125-472d-bbc3-1b240f9c8d5b,2026-07-15T00:45:00Z,2026-07-15T02:45:00+0200,0.0,MW,NL,NL,actual_onshore_wind_generation,Wind Onshore | Actual Consumption,2026-08-02T23:51:38Z
2026-08-02T23:49:28Z,2026-08-03T01:49:28+0200,65d3fff1-7125-472d-bbc3-1b240f9c8d5b,2026-07-15T01:00:00Z,2026-07-15T03:00:00+0200,414.824,MW,NL,NL,actual_onshore_wind_generation,Wind Onshore | Actual Aggregated,2026-08-02T23:51:38Z
2026-08-02T23:49:28Z,2026-08-03T01:49:28+0200,65d3fff1-7125-472d-bbc3-1b240f9c8d5b,2026-07-15T01:00:00Z,2026-07-15T03:00:00+0200,0.0,MW,NL,NL,actual_onshore_wind_generation,Wind Onshore | Actual Consumption,2026-08-02T23:51:38Z
2026-08-02T23:49:28Z,2026-08-03T01:49:28+0200,65d3fff1-7125-472d-bbc3-1b240f9c8d5b,2026-07-15T01:15:00Z,2026-07-15T03:15:00+0200,418.069,MW,NL,NL,actual_onshore_wind_generation,Wind Onshore | Actual Aggregated,2026-08-02T23:51:38Z
2026-08-02T23:49:28Z,2026-08-03T01:49:28+0200,65d3fff1-7125-472d-bbc3-1b240f9c8d5b,2026-07-15T01:15:00Z,2026-07-15T03:15:00+0200,0.0,MW,NL,NL,actual_onshore_wind_generation,Wind Onshore | Actual Consumption,2026-08-02T23:51:38Z
2026-08-02T23:49:28Z,2026-08-03T01:49:28+0200,65d3fff1-7125-472d-bbc3-1b240f9c8d5b,2026-07-15T01:30:00Z,2026-07-15T03:30:00+0200,411.199,MW,NL,NL,actual_onshore_wind_generation,Wind Onshore | Actual Aggregated,2026-08-02T23:51:38Z
2026-08-02T23:49:28Z,2026-08-03T01:49:28+0200,65d3fff1-7125-472d-bbc3-1b240f9c8d5b,2026-07-15T01:30:00Z,2026-07-15T03:30:00+0200,0.0,MW,NL,NL,actual_onshore_wind_generation,Wind Onshore | Actual Consumption,2026-08-02T23:51:38Z
2026-08-02T23:49:28Z,2026-08-03T01:49:28+0200,65d3fff1-7125-472d-bbc3-1b240f9c8d5b,2026-07-15T01:45:00Z,2026-07-15T03:45:00+0200,407.363,MW,NL,NL,actual_onshore_wind_generation,Wind Onshore | Actual Aggregated,2026-08-02T23:51:38Z
2026-08-02T23:49:28Z,2026-08-03T01:49:28+0200,65d3fff1-7125-472d-bbc3-1b240f9c8d5b,2026-07-15T01:45:00Z,2026-07-15T03:45:00+0200,0.0,MW,NL,NL,actual_onshore_wind_generation,Wind Onshore | Actual Consumption,2026-08-02T23:51:38Z
2026-08-02T23:49:28Z,2026-08-03T01:49:28+0200,65d3fff1-7125-472d-bbc3-1b240f9c8d5b,2026-07-15T02:00:00Z,2026-07-15T04:00:00+0200,385.313,MW,NL,NL,actual_onshore_wind_generation,Wind Onshore | Actual Aggregated,2026-08-02T23:51:38Z
2026-08-02T23:49:28Z,2026-08-03T01:49:28+0200,65d3fff1-7125-472d-bbc3-1b240f9c8d5b,2026-07-15T02:00:00Z,2026-07-15T04:00:00+0200,0.0,MW,NL,NL,actual_onshore_wind_generation,Wind Onshore | Actual Consumption,2026-08-02T23:51:38Z
2026-08-02T23:49:28Z,2026-08-03T01:49:28+0200,65d3fff1-7125-472d-bbc3-1b240f9c8d5b,2026-07-15T02:15:00Z,2026-07-15T04:15:00+0200,363.419,MW,NL,NL,actual_onshore_wind_generation,Wind Onshore | Actual Aggregated,2026-08-02T23:51:38Z
2026-08-02T23:49:28Z,2026-08-03T01:49:28+0200,65d3fff1-7125-472d-bbc3-1b240f9c8d5b,2026-07-15T02:15:00Z,2026-07-15T04:15:00+0200,0.0,MW,NL,NL,actual_onshore_wind_generation,Wind Onshore | Actual Consumption,2026-08-02T23:51:38Z
2026-08-02T23:49:28Z,2026-08-03T01:49:28+0200,65d3fff1-7125-472d-bbc3-1b240f9c8d5b,2026-07-15T02:30:00Z,2026-07-15T04:30:00+0200,385.887,MW,NL,NL,actual_onshore_wind_generation,Wind Onshore | Actual Aggregated,2026-08-02T23:51:38Z
2026-08-02T23:49:28Z,2026-08-03T01:49:28+0200,65d3fff1-7125-472d-bbc3-1b240f9c8d5b,2026-07-15T02:30:00Z,2026-07-15T04:30:00+0200,0.0,MW,NL,NL,actual_onshore_wind_generation,Wind Onshore | Actual Consumption,2026-08-02T23:51:38Z
2026-08-02T23:49:28Z,2026-08-03T01:49:28+0200,65d3fff1-7125-472d-bbc3-1b240f9c8d5b,2026-07-15T02:45:00Z,2026-07-15T04:45:00+0200,333.523,MW,NL,NL,actual_onshore_wind_generation,Wind Onshore | Actual Aggregated,2026-08-02T23:51:38Z
2026-08-02T23:49:28Z,2026-08-03T01:49:28+0200,65d3fff1-7125-472d-bbc3-1b240f9c8d5b,2026-07-15T02:45:00Z,2026-07-15T04:45:00+0200,0.0,MW,NL,NL,actual_onshore_wind_generation,Wind Onshore | Actual Consumption,2026-08-02T23:51:38Z
2026-08-02T23:49:28Z,2026-08-03T01:49:28+0200,65d3fff1-7125-472d-bbc3-1b240f9c8d5b,2026-07-15T03:00:00Z,2026-07-15T05:00:00+0200,311.891,MW,NL,NL,actual_onshore_wind_generation,Wind Onshore | Actual Aggregated,2026-08-02T23:51:38Z
2026-08-02T23:49:28Z,2026-08-03T01:49:28+0200,65d3fff1-7125-472d-bbc3-1b240f9c8d5b,2026-07-15T03:00:00Z,2026-07-15T05:00:00+0200,0.0,MW,NL,NL,actual_onshore_wind_generation,Wind Onshore | Actual Consumption,2026-08-02T23:51:38Z
2026-08-02T23:49:28Z,2026-08-03T01:49:28+0200,65d3fff1-7125-472d-bbc3-1b240f9c8d5b,2026-07-15T03:15:00Z,2026-07-15T05:15:00+0200,301.504,MW,NL,NL,actual_onshore_wind_generation,Wind Onshore | Actual Aggregated,2026-08-02T23:51:38Z
2026-08-02T23:49:28Z,2026-08-03T01:49:28+0200,65d3fff1-7125-472d-bbc3-1b240f9c8d5b,2026-07-15T03:15:00Z,2026-07-15T05:15:00+0200,0.0,MW,NL,NL,actual_onshore_wind_generation,Wind Onshore | Actual Consumption,2026-08-02T23:51:38Z
2026-08-02T23:49:28Z,2026-08-03T01:49:28+0200,65d3fff1-7125-472d-bbc3-1b240f9c8d5b,2026-07-15T03:30:00Z,2026-07-15T05:30:00+0200,322.964,MW,NL,NL,actual_onshore_wind_generation,Wind Onshore | Actual Aggregated,2026-08-02T23:51:38Z
2026-08-02T23:49:28Z,2026-08-03T01:49:28+0200,65d3fff1-7125-472d-bbc3-1b240f9c8d5b,2026-07-15T03:30:00Z,2026-07-15T05:30:00+0200,0.0,MW,NL,NL,actual_onshore_wind_generation,Wind Onshore | Actual Consumption,2026-08-02T23:51:38Z
2026-08-02T23:49:28Z,2026-08-03T01:49:28+0200,65d3fff1-7125-472d-bbc3-1b240f9c8d5b,2026-07-15T03:45:00Z,2026-07-15T05:45:00+0200,304.993,MW,NL,NL,actual_onshore_wind_generation,Wind Onshore | Actual Aggregated,2026-08-02T23:51:38Z
2026-08-02T23:49:28Z,2026-08-03T01:49:28+0200,65d3fff1-7125-472d-bbc3-1b240f9c8d5b,2026-07-15T03:45:00Z,2026-07-15T05:45:00+0200,0.0,MW,NL,NL,actual_onshore_wind_generation,Wind Onshore | Actual Consumption,2026-08-02T23:51:38Z
2026-08-02T23:49:28Z,2026-08-03T01:49:28+0200,65d3fff1-7125-472d-bbc3-1b240f9c8d5b,2026-07-15T04:00:00Z,2026-07-15T06:00:00+0200,307.924,MW,NL,NL,actual_onshore_wind_generation,Wind Onshore | Actual Aggregated,2026-08-02T23:51:38Z
2026-08-02T23:49:28Z,2026-08-03T01:49:28+0200,65d3fff1-7125-472d-bbc3-1b240f9c8d5b,2026-07-15T04:00:00Z,2026-07-15T06:00:00+0200,0.0,MW,NL,NL,actual_onshore_wind_generation,Wind Onshore | Actual Consumption,2026-08-02T23:51:38Z
2026-08-02T23:49:28Z,2026-08-03T01:49:28+0200,65d3fff1-7125-472d-bbc3-1b240f9c8d5b,2026-07-15T04:15:00Z,2026-07-15T06:15:00+0200,301.681,MW,NL,NL,actual_onshore_wind_generation,Wind Onshore | Actual Aggregated,2026-08-02T23:51:38Z
2026-08-02T23:49:28Z,2026-08-03T01:49:28+0200,65d3fff1-7125-472d-bbc3-1b240f9c8d5b,2026-07-15T04:15:00Z,2026-07-15T06:15:00+0200,0.0,MW,NL,NL,actual_onshore_wind_generation,Wind Onshore | Actual Consumption,2026-08-02T23:51:38Z
2026-08-02T23:49:28Z,2026-08-03T01:49:28+0200,65d3fff1-7125-472d-bbc3-1b240f9c8d5b,2026-07-15T04:30:00Z,2026-07-15T06:30:00+0200,283.396,MW,NL,NL,actual_onshore_wind_generation,Wind Onshore | Actual Aggregated,2026-08-02T23:51:38Z
2026-08-02T23:49:28Z,2026-08-03T01:49:28+0200,65d3fff1-7125-472d-bbc3-1b240f9c8d5b,2026-07-15T04:30:00Z,2026-07-15T06:30:00+0200,0.0,MW,NL,NL,actual_onshore_wind_generation,Wind Onshore | Actual Consumption,2026-08-02T23:51:38Z
2026-08-02T23:49:28Z,2026-08-03T01:49:28+0200,65d3fff1-7125-472d-bbc3-1b240f9c8d5b,2026-07-15T04:45:00Z,2026-07-15T06:45:00+0200,267.65,MW,NL,NL,actual_onshore_wind_generation,Wind Onshore | Actual Aggregated,2026-08-02T23:51:38Z
2026-08-02T23:49:28Z,2026-08-03T01:49:28+0200,65d3fff1-7125-472d-bbc3-1b240f9c8d5b,2026-07-15T04:45:00Z,2026-07-15T06:45:00+0200,0.0,MW,NL,NL,actual_onshore_wind_generation,Wind Onshore | Actual Consumption,2026-08-02T23:51:38Z
2026-08-02T23:49:28Z,2026-08-03T01:49:28+0200,65d3fff1-7125-472d-bbc3-1b240f9c8d5b,2026-07-15T05:00:00Z,2026-07-15T07:00:00+0200,257.609,MW,NL,NL,actual_onshore_wind_generation,Wind Onshore | Actual Aggregated,2026-08-02T23:51:38Z
2026-08-02T23:49:28Z,2026-08-03T01:49:28+0200,65d3fff1-7125-472d-bbc3-1b240f9c8d5b,2026-07-15T05:00:00Z,2026-07-15T07:00:00+0200,0.0,MW,NL,NL,actual_onshore_wind_generation,Wind Onshore | Actual Consumption,2026-08-02T23:51:38Z
2026-08-02T23:49:28Z,2026-08-03T01:49:28+0200,65d3fff1-7125-472d-bbc3-1b240f9c8d5b,2026-07-15T05:15:00Z,2026-07-15T07:15:00+0200,211.432,MW,NL,NL,actual_onshore_wind_generation,Wind Onshore | Actual Aggregated,2026-08-02T23:51:38Z
2026-08-02T23:49:28Z,2026-08-03T01:49:28+0200,65d3fff1-7125-472d-bbc3-1b240f9c8d5b,2026-07-15T05:15:00Z,2026-07-15T07:15:00+0200,0.0,MW,NL,NL,actual_onshore_wind_generation,Wind Onshore | Actual Consumption,2026-08-02T23:51:38Z
2026-08-02T23:49:28Z,2026-08-03T01:49:28+0200,65d3fff1-7125-472d-bbc3-1b240f9c8d5b,2026-07-15T05:30:00Z,2026-07-15T07:30:00+0200,180.693,MW,NL,NL,actual_onshore_wind_generation,Wind Onshore | Actual Aggregated,2026-08-02T23:51:38Z
2026-08-02T23:49:28Z,2026-08-03T01:49:28+0200,65d3fff1-7125-472d-bbc3-1b240f9c8d5b,2026-07-15T05:30:00Z,2026-07-15T07:30:00+0200,0.0,MW,NL,NL,actual_onshore_wind_generation,Wind Onshore | Actual Consumption,2026-08-02T23:51:38Z
2026-08-02T23:49:28Z,2026-08-03T01:49:28+0200,65d3fff1-7125-472d-bbc3-1b240f9c8d5b,2026-07-15T05:45:00Z,2026-07-15T07:45:00+0200,154.448,MW,NL,NL,actual_onshore_wind_generation,Wind Onshore | Actual Aggregated,2026-08-02T23:51:38Z
2026-08-02T23:49:28Z,2026-08-03T01:49:28+0200,65d3fff1-7125-472d-bbc3-1b240f9c8d5b,2026-07-15T05:45:00Z,2026-07-15T07:45:00+0200,0.0,MW,NL,NL,actual_onshore_wind_generation,Wind Onshore | Actual Consumption,2026-08-02T23:51:38Z
2026-08-02T23:49:28Z,2026-08-03T01:49:28+0200,65d3fff1-7125-472d-bbc3-1b240f9c8d5b,2026-07-15T06:00:00Z,2026-07-15T08:00:00+0200,135.281,MW,NL,NL,actual_onshore_wind_generation,Wind Onshore | Actual Aggregated,2026-08-02T23:51:38Z
2026-08-02T23:49:28Z,2026-08-03T01:49:28+0200,65d3fff1-7125-472d-bbc3-1b240f9c8d5b,2026-07-15T06:00:00Z,2026-07-15T08:00:00+0200,0.0,MW,NL,NL,actual_onshore_wind_generation,Wind Onshore | Actual Consumption,2026-08-02T23:51:38Z
2026-08-02T23:49:28Z,2026-08-03T01:49:28+0200,65d3fff1-7125-472d-bbc3-1b240f9c8d5b,2026-07-15T06:15:00Z,2026-07-15T08:15:00+0200,119.552,MW,NL,NL,actual_onshore_wind_generation,Wind Onshore | Actual Aggregated,2026-08-02T23:51:38Z
2026-08-02T23:49:28Z,2026-08-03T01:49:28+0200,65d3fff1-7125-472d-bbc3-1b240f9c8d5b,2026-07-15T06:15:00Z,2026-07-15T08:15:00+0200,0.0,MW,NL,NL,actual_onshore_wind_generation,Wind Onshore | Actual Consumption,2026-08-02T23:51:38Z
2026-08-02T23:49:28Z,2026-08-03T01:49:28+0200,65d3fff1-7125-472d-bbc3-1b240f9c8d5b,2026-07-15T06:30:00Z,2026-07-15T08:30:00+0200,107.708,MW,NL,NL,actual_onshore_wind_generation,Wind Onshore | Actual Aggregated,2026-08-02T23:51:38Z
2026-08-02T23:49:28Z,2026-08-03T01:49:28+0200,65d3fff1-7125-472d-bbc3-1b240f9c8d5b,2026-07-15T06:30:00Z,2026-07-15T08:30:00+0200,0.0,MW,NL,NL,actual_onshore_wind_generation,Wind Onshore | Actual Consumption,2026-08-02T23:51:38Z
2026-08-02T23:49:28Z,2026-08-03T01:49:28+0200,65d3fff1-7125-472d-bbc3-1b240f9c8d5b,2026-07-15T06:45:00Z,2026-07-15T08:45:00+0200,92.41,MW,NL,NL,actual_onshore_wind_generation,Wind Onshore | Actual Aggregated,2026-08-02T23:51:38Z
2026-08-02T23:49:28Z,2026-08-03T01:49:28+0200,65d3fff1-7125-472d-bbc3-1b240f9c8d5b,2026-07-15T06:45:00Z,2026-07-15T08:45:00+0200,0.0,MW,NL,NL,actual_onshore_wind_generation,Wind Onshore | Actual Consumption,2026-08-02T23:51:38Z
2026-08-02T23:49:28Z,2026-08-03T01:49:28+0200,65d3fff1-7125-472d-bbc3-1b240f9c8d5b,2026-07-15T07:00:00Z,2026-07-15T09:00:00+0200,74.255,MW,NL,NL,actual_onshore_wind_generation,Wind Onshore | Actual Aggregated,2026-08-02T23:51:38Z
2026-08-02T23:49:28Z,2026-08-03T01:49:28+0200,65d3fff1-7125-472d-bbc3-1b240f9c8d5b,2026-07-15T07:00:00Z,2026-07-15T09:00:00+0200,0.0,MW,NL,NL,actual_onshore_wind_generation,Wind Onshore | Actual Consumption,2026-08-02T23:51:38Z
2026-08-02T23:49:28Z,2026-08-03T01:49:28+0200,65d3fff1-7125-472d-bbc3-1b240f9c8d5b,2026-07-15T07:15:00Z,2026-07-15T09:15:00+0200,65.794,MW,NL,NL,actual_onshore_wind_generation,Wind Onshore | Actual Aggregated,2026-08-02T23:51:38Z
2026-08-02T23:49:28Z,2026-08-03T01:49:28+0200,65d3fff1-7125-472d-bbc3-1b240f9c8d5b,2026-07-15T07:15:00Z,2026-07-15T09:15:00+0200,0.0,MW,NL,NL,actual_onshore_wind_generation,Wind Onshore | Actual Consumption,2026-08-02T23:51:38Z
2026-08-02T23:49:28Z,2026-08-03T01:49:28+0200,65d3fff1-7125-472d-bbc3-1b240f9c8d5b,2026-07-15T07:30:00Z,2026-07-15T09:30:00+0200,64.359,MW,NL,NL,actual_onshore_wind_generation,Wind Onshore | Actual Aggregated,2026-08-02T23:51:38Z
2026-08-02T23:49:28Z,2026-08-03T01:49:28+0200,65d3fff1-7125-472d-bbc3-1b240f9c8d5b,2026-07-15T07:30:00Z,2026-07-15T09:30:00+0200,0.0,MW,NL,NL,actual_onshore_wind_generation,Wind Onshore | Actual Consumption,2026-08-02T23:51:38Z
2026-08-02T23:49:28Z,2026-08-03T01:49:28+0200,65d3fff1-7125-472d-bbc3-1b240f9c8d5b,2026-07-15T07:45:00Z,2026-07-15T09:45:00+0200,64.397,MW,NL,NL,actual_onshore_wind_generation,Wind Onshore | Actual Aggregated,2026-08-02T23:51:38Z
2026-08-02T23:49:28Z,2026-08-03T01:49:28+0200,65d3fff1-7125-472d-bbc3-1b240f9c8d5b,2026-07-15T07:45:00Z,2026-07-15T09:45:00+0200,0.0,MW,NL,NL,actual_onshore_wind_generation,Wind Onshore | Actual Consumption,2026-08-02T23:51:38Z
2026-08-02T23:49:28Z,2026-08-03T01:49:28+0200,65d3fff1-7125-472d-bbc3-1b240f9c8d5b,2026-07-15T08:00:00Z,2026-07-15T10:00:00+0200,75.007,MW,NL,NL,actual_onshore_wind_generation,Wind Onshore | Actual Aggregated,2026-08-02T23:51:38Z
2026-08-02T23:49:28Z,2026-08-03T01:49:28+0200,65d3fff1-7125-472d-bbc3-1b240f9c8d5b,2026-07-15T08:00:00Z,2026-07-15T10:00:00+0200,0.0,MW,NL,NL,actual_onshore_wind_generation,Wind Onshore | Actual Consumption,2026-08-02T23:51:38Z
2026-08-02T23:49:28Z,2026-08-03T01:49:28+0200,65d3fff1-7125-472d-bbc3-1b240f9c8d5b,2026-07-15T08:15:00Z,2026-07-15T10:15:00+0200,75.673,MW,NL,NL,actual_onshore_wind_generation,Wind Onshore | Actual Aggregated,2026-08-02T23:51:38Z
2026-08-02T23:49:28Z,2026-08-03T01:49:28+0200,65d3fff1-7125-472d-bbc3-1b240f9c8d5b,2026-07-15T08:15:00Z,2026-07-15T10:15:00+0200,0.0,MW,NL,NL,actual_onshore_wind_generation,Wind Onshore | Actual Consumption,2026-08-02T23:51:38Z
2026-08-02T23:49:28Z,2026-08-03T01:49:28+0200,65d3fff1-7125-472d-bbc3-1b240f9c8d5b,2026-07-15T08:30:00Z,2026-07-15T10:30:00+0200,83.739,MW,NL,NL,actual_onshore_wind_generation,Wind Onshore | Actual Aggregated,2026-08-02T23:51:38Z
2026-08-02T23:49:28Z,2026-08-03T01:49:28+0200,65d3fff1-7125-472d-bbc3-1b240f9c8d5b,2026-07-15T08:30:00Z,2026-07-15T10:30:00+0200,0.0,MW,NL,NL,actual_onshore_wind_generation,Wind Onshore | Actual Consumption,2026-08-02T23:51:38Z
2026-08-02T23:49:28Z,2026-08-03T01:49:28+0200,65d3fff1-7125-472d-bbc3-1b240f9c8d5b,2026-07-15T08:45:00Z,2026-07-15T10:45:00+0200,92.166,MW,NL,NL,actual_onshore_wind_generation,Wind Onshore | Actual Aggregated,2026-08-02T23:51:38Z
2026-08-02T23:49:28Z,2026-08-03T01:49:28+0200,65d3fff1-7125-472d-bbc3-1b240f9c8d5b,2026-07-15T08:45:00Z,2026-07-15T10:45:00+0200,0.0,MW,NL,NL,actual_onshore_wind_generation,Wind Onshore | Actual Consumption,2026-08-02T23:51:38Z
2026-08-02T23:49:28Z,2026-08-03T01:49:28+0200,65d3fff1-7125-472d-bbc3-1b240f9c8d5b,2026-07-15T09:00:00Z,2026-07-15T11:00:00+0200,97.777,MW,NL,NL,actual_onshore_wind_generation,Wind Onshore | Actual Aggregated,2026-08-02T23:51:38Z
2026-08-02T23:49:28Z,2026-08-03T01:49:28+0200,65d3fff1-7125-472d-bbc3-1b240f9c8d5b,2026-07-15T09:00:00Z,2026-07-15T11:00:00+0200,0.0,MW,NL,NL,actual_onshore_wind_generation,Wind Onshore | Actual Consumption,2026-08-02T23:51:38Z
2026-08-02T23:49:28Z,2026-08-03T01:49:28+0200,65d3fff1-7125-472d-bbc3-1b240f9c8d5b,2026-07-15T09:15:00Z,2026-07-15T11:15:00+0200,119.036,MW,NL,NL,actual_onshore_wind_generation,Wind Onshore | Actual Aggregated,2026-08-02T23:51:38Z
2026-08-02T23:49:28Z,2026-08-03T01:49:28+0200,65d3fff1-7125-472d-bbc3-1b240f9c8d5b,2026-07-15T09:15:00Z,2026-07-15T11:15:00+0200,0.0,MW,NL,NL,actual_onshore_wind_generation,Wind Onshore | Actual Consumption,2026-08-02T23:51:38Z
2026-08-02T23:49:28Z,2026-08-03T01:49:28+0200,65d3fff1-7125-472d-bbc3-1b240f9c8d5b,2026-07-15T09:30:00Z,2026-07-15T11:30:00+0200,133.519,MW,NL,NL,actual_onshore_wind_generation,Wind Onshore | Actual Aggregated,2026-08-02T23:51:38Z
2026-08-02T23:49:28Z,2026-08-03T01:49:28+0200,65d3fff1-7125-472d-bbc3-1b240f9c8d5b,2026-07-15T09:30:00Z,2026-07-15T11:30:00+0200,0.0,MW,NL,NL,actual_onshore_wind_generation,Wind Onshore | Actual Consumption,2026-08-02T23:51:38Z
2026-08-02T23:49:28Z,2026-08-03T01:49:28+0200,65d3fff1-7125-472d-bbc3-1b240f9c8d5b,2026-07-15T09:45:00Z,2026-07-15T11:45:00+0200,146.848,MW,NL,NL,actual_onshore_wind_generation,Wind Onshore | Actual Aggregated,2026-08-02T23:51:38Z
2026-08-02T23:49:28Z,2026-08-03T01:49:28+0200,65d3fff1-7125-472d-bbc3-1b240f9c8d5b,2026-07-15T09:45:00Z,2026-07-15T11:45:00+0200,0.0,MW,NL,NL,actual_onshore_wind_generation,Wind Onshore | Actual Consumption,2026-08-02T23:51:38Z
2026-08-02T23:49:28Z,2026-08-03T01:49:28+0200,65d3fff1-7125-472d-bbc3-1b240f9c8d5b,2026-07-15T10:00:00Z,2026-07-15T12:00:00+0200,161.413,MW,NL,NL,actual_onshore_wind_generation,Wind Onshore | Actual Aggregated,2026-08-02T23:51:38Z
2026-08-02T23:49:28Z,2026-08-03T01:49:28+0200,65d3fff1-7125-472d-bbc3-1b240f9c8d5b,2026-07-15T10:00:00Z,2026-07-15T12:00:00+0200,0.0,MW,NL,NL,actual_onshore_wind_generation,Wind Onshore | Actual Consumption,2026-08-02T23:51:38Z
2026-08-02T23:49:28Z,2026-08-03T01:49:28+0200,65d3fff1-7125-472d-bbc3-1b240f9c8d5b,2026-07-15T10:15:00Z,2026-07-15T12:15:00+0200,187.909,MW,NL,NL,actual_onshore_wind_generation,Wind Onshore | Actual Aggregated,2026-08-02T23:51:38Z
2026-08-02T23:49:28Z,2026-08-03T01:49:28+0200,65d3fff1-7125-472d-bbc3-1b240f9c8d5b,2026-07-15T10:15:00Z,2026-07-15T12:15:00+0200,0.0,MW,NL,NL,actual_onshore_wind_generation,Wind Onshore | Actual Consumption,2026-08-02T23:51:38Z
2026-08-02T23:49:28Z,2026-08-03T01:49:28+0200,65d3fff1-7125-472d-bbc3-1b240f9c8d5b,2026-07-15T10:30:00Z,2026-07-15T12:30:00+0200,211.219,MW,NL,NL,actual_onshore_wind_generation,Wind Onshore | Actual Aggregated,2026-08-02T23:51:38Z
2026-08-02T23:49:28Z,2026-08-03T01:49:28+0200,65d3fff1-7125-472d-bbc3-1b240f9c8d5b,2026-07-15T10:30:00Z,2026-07-15T12:30:00+0200,0.0,MW,NL,NL,actual_onshore_wind_generation,Wind Onshore | Actual Consumption,2026-08-02T23:51:38Z
2026-08-02T23:49:28Z,2026-08-03T01:49:28+0200,65d3fff1-7125-472d-bbc3-1b240f9c8d5b,2026-07-15T10:45:00Z,2026-07-15T12:45:00+0200,213.448,MW,NL,NL,actual_onshore_wind_generation,Wind Onshore | Actual Aggregated,2026-08-02T23:51:38Z
2026-08-02T23:49:28Z,2026-08-03T01:49:28+0200,65d3fff1-7125-472d-bbc3-1b240f9c8d5b,2026-07-15T10:45:00Z,2026-07-15T12:45:00+0200,0.0,MW,NL,NL,actual_onshore_wind_generation,Wind Onshore | Actual Consumption,2026-08-02T23:51:38Z
2026-08-02T23:49:28Z,2026-08-03T01:49:28+0200,65d3fff1-7125-472d-bbc3-1b240f9c8d5b,2026-07-15T11:00:00Z,2026-07-15T13:00:00+0200,223.945,MW,NL,NL,actual_onshore_wind_generation,Wind Onshore | Actual Aggregated,2026-08-02T23:51:38Z
2026-08-02T23:49:28Z,2026-08-03T01:49:28+0200,65d3fff1-7125-472d-bbc3-1b240f9c8d5b,2026-07-15T11:00:00Z,2026-07-15T13:00:00+0200,0.0,MW,NL,NL,actual_onshore_wind_generation,Wind Onshore | Actual Consumption,2026-08-02T23:51:38Z
2026-08-02T23:49:28Z,2026-08-03T01:49:28+0200,65d3fff1-7125-472d-bbc3-1b240f9c8d5b,2026-07-15T11:15:00Z,2026-07-15T13:15:00+0200,230.496,MW,NL,NL,actual_onshore_wind_generation,Wind Onshore | Actual Aggregated,2026-08-02T23:51:38Z
2026-08-02T23:49:28Z,2026-08-03T01:49:28+0200,65d3fff1-7125-472d-bbc3-1b240f9c8d5b,2026-07-15T11:15:00Z,2026-07-15T13:15:00+0200,0.0,MW,NL,NL,actual_onshore_wind_generation,Wind Onshore | Actual Consumption,2026-08-02T23:51:38Z
2026-08-02T23:49:28Z,2026-08-03T01:49:28+0200,65d3fff1-7125-472d-bbc3-1b240f9c8d5b,2026-07-15T11:30:00Z,2026-07-15T13:30:00+0200,210.294,MW,NL,NL,actual_onshore_wind_generation,Wind Onshore | Actual Aggregated,2026-08-02T23:51:38Z
2026-08-02T23:49:28Z,2026-08-03T01:49:28+0200,65d3fff1-7125-472d-bbc3-1b240f9c8d5b,2026-07-15T11:30:00Z,2026-07-15T13:30:00+0200,0.0,MW,NL,NL,actual_onshore_wind_generation,Wind Onshore | Actual Consumption,2026-08-02T23:51:38Z
2026-08-02T23:49:28Z,2026-08-03T01:49:28+0200,65d3fff1-7125-472d-bbc3-1b240f9c8d5b,2026-07-15T11:45:00Z,2026-07-15T13:45:00+0200,215.085,MW,NL,NL,actual_onshore_wind_generation,Wind Onshore | Actual Aggregated,2026-08-02T23:51:38Z
2026-08-02T23:49:28Z,2026-08-03T01:49:28+0200,65d3fff1-7125-472d-bbc3-1b240f9c8d5b,2026-07-15T11:45:00Z,2026-07-15T13:45:00+0200,0.0,MW,NL,NL,actual_onshore_wind_generation,Wind Onshore | Actual Consumption,2026-08-02T23:51:38Z
2026-08-02T23:49:28Z,2026-08-03T01:49:28+0200,65d3fff1-7125-472d-bbc3-1b240f9c8d5b,2026-07-15T12:00:00Z,2026-07-15T14:00:00+0200,206.293,MW,NL,NL,actual_onshore_wind_generation,Wind Onshore | Actual Aggregated,2026-08-02T23:51:38Z
2026-08-02T23:49:28Z,2026-08-03T01:49:28+0200,65d3fff1-7125-472d-bbc3-1b240f9c8d5b,2026-07-15T12:00:00Z,2026-07-15T14:00:00+0200,0.0,MW,NL,NL,actual_onshore_wind_generation,Wind Onshore | Actual Consumption,2026-08-02T23:51:38Z
2026-08-02T23:49:28Z,2026-08-03T01:49:28+0200,65d3fff1-7125-472d-bbc3-1b240f9c8d5b,2026-07-15T12:15:00Z,2026-07-15T14:15:00+0200,212.822,MW,NL,NL,actual_onshore_wind_generation,Wind Onshore | Actual Aggregated,2026-08-02T23:51:38Z
2026-08-02T23:49:28Z,2026-08-03T01:49:28+0200,65d3fff1-7125-472d-bbc3-1b240f9c8d5b,2026-07-15T12:15:00Z,2026-07-15T14:15:00+0200,0.0,MW,NL,NL,actual_onshore_wind_generation,Wind Onshore | Actual Consumption,2026-08-02T23:51:38Z
2026-08-02T23:49:28Z,2026-08-03T01:49:28+0200,65d3fff1-7125-472d-bbc3-1b240f9c8d5b,2026-07-15T12:30:00Z,2026-07-15T14:30:00+0200,211.904,MW,NL,NL,actual_onshore_wind_generation,Wind Onshore | Actual Aggregated,2026-08-02T23:51:38Z
2026-08-02T23:49:28Z,2026-08-03T01:49:28+0200,65d3fff1-7125-472d-bbc3-1b240f9c8d5b,2026-07-15T12:30:00Z,2026-07-15T14:30:00+0200,0.0,MW,NL,NL,actual_onshore_wind_generation,Wind Onshore | Actual Consumption,2026-08-02T23:51:38Z
2026-08-02T23:49:28Z,2026-08-03T01:49:28+0200,65d3fff1-7125-472d-bbc3-1b240f9c8d5b,2026-07-15T12:45:00Z,2026-07-15T14:45:00+0200,222.256,MW,NL,NL,actual_onshore_wind_generation,Wind Onshore | Actual Aggregated,2026-08-02T23:51:38Z
2026-08-02T23:49:28Z,2026-08-03T01:49:28+0200,65d3fff1-7125-472d-bbc3-1b240f9c8d5b,2026-07-15T12:45:00Z,2026-07-15T14:45:00+0200,0.0,MW,NL,NL,actual_onshore_wind_generation,Wind Onshore | Actual Consumption,2026-08-02T23:51:38Z
2026-08-02T23:49:28Z,2026-08-03T01:49:28+0200,65d3fff1-7125-472d-bbc3-1b240f9c8d5b,2026-07-15T13:00:00Z,2026-07-15T15:00:00+0200,228.947,MW,NL,NL,actual_onshore_wind_generation,Wind Onshore | Actual Aggregated,2026-08-02T23:51:38Z
2026-08-02T23:49:28Z,2026-08-03T01:49:28+0200,65d3fff1-7125-472d-bbc3-1b240f9c8d5b,2026-07-15T13:00:00Z,2026-07-15T15:00:00+0200,0.0,MW,NL,NL,actual_onshore_wind_generation,Wind Onshore | Actual Consumption,2026-08-02T23:51:38Z
2026-08-02T23:49:28Z,2026-08-03T01:49:28+0200,65d3fff1-7125-472d-bbc3-1b240f9c8d5b,2026-07-15T13:15:00Z,2026-07-15T15:15:00+0200,243.312,MW,NL,NL,actual_onshore_wind_generation,Wind Onshore | Actual Aggregated,2026-08-02T23:51:38Z
2026-08-02T23:49:28Z,2026-08-03T01:49:28+0200,65d3fff1-7125-472d-bbc3-1b240f9c8d5b,2026-07-15T13:15:00Z,2026-07-15T15:15:00+0200,0.0,MW,NL,NL,actual_onshore_wind_generation,Wind Onshore | Actual Consumption,2026-08-02T23:51:38Z
2026-08-02T23:49:28Z,2026-08-03T01:49:28+0200,65d3fff1-7125-472d-bbc3-1b240f9c8d5b,2026-07-15T13:30:00Z,2026-07-15T15:30:00+0200,248.745,MW,NL,NL,actual_onshore_wind_generation,Wind Onshore | Actual Aggregated,2026-08-02T23:51:38Z
2026-08-02T23:49:28Z,2026-08-03T01:49:28+0200,65d3fff1-7125-472d-bbc3-1b240f9c8d5b,2026-07-15T13:30:00Z,2026-07-15T15:30:00+0200,0.0,MW,NL,NL,actual_onshore_wind_generation,Wind Onshore | Actual Consumption,2026-08-02T23:51:38Z
2026-08-02T23:49:28Z,2026-08-03T01:49:28+0200,65d3fff1-7125-472d-bbc3-1b240f9c8d5b,2026-07-15T13:45:00Z,2026-07-15T15:45:00+0200,292.307,MW,NL,NL,actual_onshore_wind_generation,Wind Onshore | Actual Aggregated,2026-08-02T23:51:38Z
2026-08-02T23:49:28Z,2026-08-03T01:49:28+0200,65d3fff1-7125-472d-bbc3-1b240f9c8d5b,2026-07-15T13:45:00Z,2026-07-15T15:45:00+0200,0.0,MW,NL,NL,actual_onshore_wind_generation,Wind Onshore | Actual Consumption,2026-08-02T23:51:38Z
2026-08-02T23:49:28Z,2026-08-03T01:49:28+0200,65d3fff1-7125-472d-bbc3-1b240f9c8d5b,2026-07-15T14:00:00Z,2026-07-15T16:00:00+0200,317.593,MW,NL,NL,actual_onshore_wind_generation,Wind Onshore | Actual Aggregated,2026-08-02T23:51:38Z
2026-08-02T23:49:28Z,2026-08-03T01:49:28+0200,65d3fff1-7125-472d-bbc3-1b240f9c8d5b,2026-07-15T14:00:00Z,2026-07-15T16:00:00+0200,0.0,MW,NL,NL,actual_onshore_wind_generation,Wind Onshore | Actual Consumption,2026-08-02T23:51:38Z
2026-08-02T23:49:28Z,2026-08-03T01:49:28+0200,65d3fff1-7125-472d-bbc3-1b240f9c8d5b,2026-07-15T14:15:00Z,2026-07-15T16:15:00+0200,414.806,MW,NL,NL,actual_onshore_wind_generation,Wind Onshore | Actual Aggregated,2026-08-02T23:51:38Z
2026-08-02T23:49:28Z,2026-08-03T01:49:28+0200,65d3fff1-7125-472d-bbc3-1b240f9c8d5b,2026-07-15T14:15:00Z,2026-07-15T16:15:00+0200,0.0,MW,NL,NL,actual_onshore_wind_generation,Wind Onshore | Actual Consumption,2026-08-02T23:51:38Z
2026-08-02T23:49:28Z,2026-08-03T01:49:28+0200,65d3fff1-7125-472d-bbc3-1b240f9c8d5b,2026-07-15T14:30:00Z,2026-07-15T16:30:00+0200,382.839,MW,NL,NL,actual_onshore_wind_generation,Wind Onshore | Actual Aggregated,2026-08-02T23:51:38Z
2026-08-02T23:49:28Z,2026-08-03T01:49:28+0200,65d3fff1-7125-472d-bbc3-1b240f9c8d5b,2026-07-15T14:30:00Z,2026-07-15T16:30:00+0200,0.0,MW,NL,NL,actual_onshore_wind_generation,Wind Onshore | Actual Consumption,2026-08-02T23:51:38Z
2026-08-02T23:49:28Z,2026-08-03T01:49:28+0200,65d3fff1-7125-472d-bbc3-1b240f9c8d5b,2026-07-15T14:45:00Z,2026-07-15T16:45:00+0200,391.781,MW,NL,NL,actual_onshore_wind_generation,Wind Onshore | Actual Aggregated,2026-08-02T23:51:38Z
2026-08-02T23:49:28Z,2026-08-03T01:49:28+0200,65d3fff1-7125-472d-bbc3-1b240f9c8d5b,2026-07-15T14:45:00Z,2026-07-15T16:45:00+0200,0.0,MW,NL,NL,actual_onshore_wind_generation,Wind Onshore | Actual Consumption,2026-08-02T23:51:38Z
2026-08-02T23:49:28Z,2026-08-03T01:49:28+0200,65d3fff1-7125-472d-bbc3-1b240f9c8d5b,2026-07-15T15:00:00Z,2026-07-15T17:00:00+0200,372.227,MW,NL,NL,actual_onshore_wind_generation,Wind Onshore | Actual Aggregated,2026-08-02T23:51:38Z
2026-08-02T23:49:28Z,2026-08-03T01:49:28+0200,65d3fff1-7125-472d-bbc3-1b240f9c8d5b,2026-07-15T15:00:00Z,2026-07-15T17:00:00+0200,0.0,MW,NL,NL,actual_onshore_wind_generation,Wind Onshore | Actual Consumption,2026-08-02T23:51:38Z
2026-08-02T23:49:28Z,2026-08-03T01:49:28+0200,65d3fff1-7125-472d-bbc3-1b240f9c8d5b,2026-07-15T15:15:00Z,2026-07-15T17:15:00+0200,400.713,MW,NL,NL,actual_onshore_wind_generation,Wind Onshore | Actual Aggregated,2026-08-02T23:51:38Z
2026-08-02T23:49:28Z,2026-08-03T01:49:28+0200,65d3fff1-7125-472d-bbc3-1b240f9c8d5b,2026-07-15T15:15:00Z,2026-07-15T17:15:00+0200,0.0,MW,NL,NL,actual_onshore_wind_generation,Wind Onshore | Actual Consumption,2026-08-02T23:51:38Z
2026-08-02T23:49:28Z,2026-08-03T01:49:28+0200,65d3fff1-7125-472d-bbc3-1b240f9c8d5b,2026-07-15T15:30:00Z,2026-07-15T17:30:00+0200,436.653,MW,NL,NL,actual_onshore_wind_generation,Wind Onshore | Actual Aggregated,2026-08-02T23:51:38Z
2026-08-02T23:49:28Z,2026-08-03T01:49:28+0200,65d3fff1-7125-472d-bbc3-1b240f9c8d5b,2026-07-15T15:30:00Z,2026-07-15T17:30:00+0200,0.0,MW,NL,NL,actual_onshore_wind_generation,Wind Onshore | Actual Consumption,2026-08-02T23:51:38Z
2026-08-02T23:49:28Z,2026-08-03T01:49:28+0200,65d3fff1-7125-472d-bbc3-1b240f9c8d5b,2026-07-15T15:45:00Z,2026-07-15T17:45:00+0200,478.002,MW,NL,NL,actual_onshore_wind_generation,Wind Onshore | Actual Aggregated,2026-08-02T23:51:38Z
2026-08-02T23:49:28Z,2026-08-03T01:49:28+0200,65d3fff1-7125-472d-bbc3-1b240f9c8d5b,2026-07-15T15:45:00Z,2026-07-15T17:45:00+0200,0.0,MW,NL,NL,actual_onshore_wind_generation,Wind Onshore | Actual Consumption,2026-08-02T23:51:38Z
2026-08-02T23:49:28Z,2026-08-03T01:49:28+0200,65d3fff1-7125-472d-bbc3-1b240f9c8d5b,2026-07-15T16:00:00Z,2026-07-15T18:00:00+0200,473.582,MW,NL,NL,actual_onshore_wind_generation,Wind Onshore | Actual Aggregated,2026-08-02T23:51:38Z
2026-08-02T23:49:28Z,2026-08-03T01:49:28+0200,65d3fff1-7125-472d-bbc3-1b240f9c8d5b,2026-07-15T16:00:00Z,2026-07-15T18:00:00+0200,0.0,MW,NL,NL,actual_onshore_wind_generation,Wind Onshore | Actual Consumption,2026-08-02T23:51:38Z
2026-08-02T23:49:28Z,2026-08-03T01:49:28+0200,65d3fff1-7125-472d-bbc3-1b240f9c8d5b,2026-07-15T16:15:00Z,2026-07-15T18:15:00+0200,460.053,MW,NL,NL,actual_onshore_wind_generation,Wind Onshore | Actual Aggregated,2026-08-02T23:51:38Z
2026-08-02T23:49:28Z,2026-08-03T01:49:28+0200,65d3fff1-7125-472d-bbc3-1b240f9c8d5b,2026-07-15T16:15:00Z,2026-07-15T18:15:00+0200,0.0,MW,NL,NL,actual_onshore_wind_generation,Wind Onshore | Actual Consumption,2026-08-02T23:51:38Z
2026-08-02T23:49:28Z,2026-08-03T01:49:28+0200,65d3fff1-7125-472d-bbc3-1b240f9c8d5b,2026-07-15T16:30:00Z,2026-07-15T18:30:00+0200,444.156,MW,NL,NL,actual_onshore_wind_generation,Wind Onshore | Actual Aggregated,2026-08-02T23:51:38Z
2026-08-02T23:49:28Z,2026-08-03T01:49:28+0200,65d3fff1-7125-472d-bbc3-1b240f9c8d5b,2026-07-15T16:30:00Z,2026-07-15T18:30:00+0200,0.0,MW,NL,NL,actual_onshore_wind_generation,Wind Onshore | Actual Consumption,2026-08-02T23:51:38Z
2026-08-02T23:49:28Z,2026-08-03T01:49:28+0200,65d3fff1-7125-472d-bbc3-1b240f9c8d5b,2026-07-15T16:45:00Z,2026-07-15T18:45:00+0200,463.484,MW,NL,NL,actual_onshore_wind_generation,Wind Onshore | Actual Aggregated,2026-08-02T23:51:38Z
2026-08-02T23:49:28Z,2026-08-03T01:49:28+0200,65d3fff1-7125-472d-bbc3-1b240f9c8d5b,2026-07-15T16:45:00Z,2026-07-15T18:45:00+0200,0.0,MW,NL,NL,actual_onshore_wind_generation,Wind Onshore | Actual Consumption,2026-08-02T23:51:38Z
2026-08-02T23:49:28Z,2026-08-03T01:49:28+0200,65d3fff1-7125-472d-bbc3-1b240f9c8d5b,2026-07-15T17:00:00Z,2026-07-15T19:00:00+0200,508.103,MW,NL,NL,actual_onshore_wind_generation,Wind Onshore | Actual Aggregated,2026-08-02T23:51:38Z
2026-08-02T23:49:28Z,2026-08-03T01:49:28+0200,65d3fff1-7125-472d-bbc3-1b240f9c8d5b,2026-07-15T17:00:00Z,2026-07-15T19:00:00+0200,0.0,MW,NL,NL,actual_onshore_wind_generation,Wind Onshore | Actual Consumption,2026-08-02T23:51:38Z
2026-08-02T23:49:28Z,2026-08-03T01:49:28+0200,65d3fff1-7125-472d-bbc3-1b240f9c8d5b,2026-07-15T17:15:00Z,2026-07-15T19:15:00+0200,454.692,MW,NL,NL,actual_onshore_wind_generation,Wind Onshore | Actual Aggregated,2026-08-02T23:51:38Z
2026-08-02T23:49:28Z,2026-08-03T01:49:28+0200,65d3fff1-7125-472d-bbc3-1b240f9c8d5b,2026-07-15T17:15:00Z,2026-07-15T19:15:00+0200,0.0,MW,NL,NL,actual_onshore_wind_generation,Wind Onshore | Actual Consumption,2026-08-02T23:51:38Z
2026-08-02T23:49:28Z,2026-08-03T01:49:28+0200,65d3fff1-7125-472d-bbc3-1b240f9c8d5b,2026-07-15T17:30:00Z,2026-07-15T19:30:00+0200,433.111,MW,NL,NL,actual_onshore_wind_generation,Wind Onshore | Actual Aggregated,2026-08-02T23:51:38Z
2026-08-02T23:49:28Z,2026-08-03T01:49:28+0200,65d3fff1-7125-472d-bbc3-1b240f9c8d5b,2026-07-15T17:30:00Z,2026-07-15T19:30:00+0200,0.0,MW,NL,NL,actual_onshore_wind_generation,Wind Onshore | Actual Consumption,2026-08-02T23:51:38Z
2026-08-02T23:49:28Z,2026-08-03T01:49:28+0200,65d3fff1-7125-472d-bbc3-1b240f9c8d5b,2026-07-15T17:45:00Z,2026-07-15T19:45:00+0200,438.327,MW,NL,NL,actual_onshore_wind_generation,Wind Onshore | Actual Aggregated,2026-08-02T23:51:38Z
2026-08-02T23:49:28Z,2026-08-03T01:49:28+0200,65d3fff1-7125-472d-bbc3-1b240f9c8d5b,2026-07-15T17:45:00Z,2026-07-15T19:45:00+0200,0.0,MW,NL,NL,actual_onshore_wind_generation,Wind Onshore | Actual Consumption,2026-08-02T23:51:38Z
2026-08-02T23:49:28Z,2026-08-03T01:49:28+0200,65d3fff1-7125-472d-bbc3-1b240f9c8d5b,2026-07-15T18:00:00Z,2026-07-15T20:00:00+0200,418.477,MW,NL,NL,actual_onshore_wind_generation,Wind Onshore | Actual Aggregated,2026-08-02T23:51:38Z
2026-08-02T23:49:28Z,2026-08-03T01:49:28+0200,65d3fff1-7125-472d-bbc3-1b240f9c8d5b,2026-07-15T18:00:00Z,2026-07-15T20:00:00+0200,0.0,MW,NL,NL,actual_onshore_wind_generation,Wind Onshore | Actual Consumption,2026-08-02T23:51:38Z
2026-08-02T23:49:28Z,2026-08-03T01:49:28+0200,65d3fff1-7125-472d-bbc3-1b240f9c8d5b,2026-07-15T18:15:00Z,2026-07-15T20:15:00+0200,416.979,MW,NL,NL,actual_onshore_wind_generation,Wind Onshore | Actual Aggregated,2026-08-02T23:51:38Z
2026-08-02T23:49:28Z,2026-08-03T01:49:28+0200,65d3fff1-7125-472d-bbc3-1b240f9c8d5b,2026-07-15T18:15:00Z,2026-07-15T20:15:00+0200,0.0,MW,NL,NL,actual_onshore_wind_generation,Wind Onshore | Actual Consumption,2026-08-02T23:51:38Z
2026-08-02T23:49:28Z,2026-08-03T01:49:28+0200,65d3fff1-7125-472d-bbc3-1b240f9c8d5b,2026-07-15T18:30:00Z,2026-07-15T20:30:00+0200,423.988,MW,NL,NL,actual_onshore_wind_generation,Wind Onshore | Actual Aggregated,2026-08-02T23:51:38Z
2026-08-02T23:49:28Z,2026-08-03T01:49:28+0200,65d3fff1-7125-472d-bbc3-1b240f9c8d5b,2026-07-15T18:30:00Z,2026-07-15T20:30:00+0200,0.0,MW,NL,NL,actual_onshore_wind_generation,Wind Onshore | Actual Consumption,2026-08-02T23:51:38Z
2026-08-02T23:49:28Z,2026-08-03T01:49:28+0200,65d3fff1-7125-472d-bbc3-1b240f9c8d5b,2026-07-15T18:45:00Z,2026-07-15T20:45:00+0200,394.019,MW,NL,NL,actual_onshore_wind_generation,Wind Onshore | Actual Aggregated,2026-08-02T23:51:38Z
2026-08-02T23:49:28Z,2026-08-03T01:49:28+0200,65d3fff1-7125-472d-bbc3-1b240f9c8d5b,2026-07-15T18:45:00Z,2026-07-15T20:45:00+0200,0.0,MW,NL,NL,actual_onshore_wind_generation,Wind Onshore | Actual Consumption,2026-08-02T23:51:38Z
2026-08-02T23:49:28Z,2026-08-03T01:49:28+0200,65d3fff1-7125-472d-bbc3-1b240f9c8d5b,2026-07-15T19:00:00Z,2026-07-15T21:00:00+0200,365.573,MW,NL,NL,actual_onshore_wind_generation,Wind Onshore | Actual Aggregated,2026-08-02T23:51:38Z
2026-08-02T23:49:28Z,2026-08-03T01:49:28+0200,65d3fff1-7125-472d-bbc3-1b240f9c8d5b,2026-07-15T19:00:00Z,2026-07-15T21:00:00+0200,0.0,MW,NL,NL,actual_onshore_wind_generation,Wind Onshore | Actual Consumption,2026-08-02T23:51:38Z
2026-08-02T23:49:28Z,2026-08-03T01:49:28+0200,65d3fff1-7125-472d-bbc3-1b240f9c8d5b,2026-07-15T19:15:00Z,2026-07-15T21:15:00+0200,383.487,MW,NL,NL,actual_onshore_wind_generation,Wind Onshore | Actual Aggregated,2026-08-02T23:51:38Z
2026-08-02T23:49:28Z,2026-08-03T01:49:28+0200,65d3fff1-7125-472d-bbc3-1b240f9c8d5b,2026-07-15T19:15:00Z,2026-07-15T21:15:00+0200,0.0,MW,NL,NL,actual_onshore_wind_generation,Wind Onshore | Actual Consumption,2026-08-02T23:51:38Z
2026-08-02T23:49:28Z,2026-08-03T01:49:28+0200,65d3fff1-7125-472d-bbc3-1b240f9c8d5b,2026-07-15T19:30:00Z,2026-07-15T21:30:00+0200,389.955,MW,NL,NL,actual_onshore_wind_generation,Wind Onshore | Actual Aggregated,2026-08-02T23:51:38Z
2026-08-02T23:49:28Z,2026-08-03T01:49:28+0200,65d3fff1-7125-472d-bbc3-1b240f9c8d5b,2026-07-15T19:30:00Z,2026-07-15T21:30:00+0200,0.0,MW,NL,NL,actual_onshore_wind_generation,Wind Onshore | Actual Consumption,2026-08-02T23:51:38Z
2026-08-02T23:49:28Z,2026-08-03T01:49:28+0200,65d3fff1-7125-472d-bbc3-1b240f9c8d5b,2026-07-15T19:45:00Z,2026-07-15T21:45:00+0200,467.437,MW,NL,NL,actual_onshore_wind_generation,Wind Onshore | Actual Aggregated,2026-08-02T23:51:38Z
2026-08-02T23:49:28Z,2026-08-03T01:49:28+0200,65d3fff1-7125-472d-bbc3-1b240f9c8d5b,2026-07-15T19:45:00Z,2026-07-15T21:45:00+0200,0.0,MW,NL,NL,actual_onshore_wind_generation,Wind Onshore | Actual Consumption,2026-08-02T23:51:38Z
2026-08-02T23:49:28Z,2026-08-03T01:49:28+0200,65d3fff1-7125-472d-bbc3-1b240f9c8d5b,2026-07-15T20:00:00Z,2026-07-15T22:00:00+0200,470.7,MW,NL,NL,actual_onshore_wind_generation,Wind Onshore | Actual Aggregated,2026-08-02T23:51:38Z
2026-08-02T23:49:28Z,2026-08-03T01:49:28+0200,65d3fff1-7125-472d-bbc3-1b240f9c8d5b,2026-07-15T20:00:00Z,2026-07-15T22:00:00+0200,0.0,MW,NL,NL,actual_onshore_wind_generation,Wind Onshore | Actual Consumption,2026-08-02T23:51:38Z
2026-08-02T23:49:28Z,2026-08-03T01:49:28+0200,65d3fff1-7125-472d-bbc3-1b240f9c8d5b,2026-07-15T20:15:00Z,2026-07-15T22:15:00+0200,448.957,MW,NL,NL,actual_onshore_wind_generation,Wind Onshore | Actual Aggregated,2026-08-02T23:51:38Z
2026-08-02T23:49:28Z,2026-08-03T01:49:28+0200,65d3fff1-7125-472d-bbc3-1b240f9c8d5b,2026-07-15T20:15:00Z,2026-07-15T22:15:00+0200,0.0,MW,NL,NL,actual_onshore_wind_generation,Wind Onshore | Actual Consumption,2026-08-02T23:51:38Z
2026-08-02T23:49:28Z,2026-08-03T01:49:28+0200,65d3fff1-7125-472d-bbc3-1b240f9c8d5b,2026-07-15T20:30:00Z,2026-07-15T22:30:00+0200,420.062,MW,NL,NL,actual_onshore_wind_generation,Wind Onshore | Actual Aggregated,2026-08-02T23:51:38Z
2026-08-02T23:49:28Z,2026-08-03T01:49:28+0200,65d3fff1-7125-472d-bbc3-1b240f9c8d5b,2026-07-15T20:30:00Z,2026-07-15T22:30:00+0200,0.0,MW,NL,NL,actual_onshore_wind_generation,Wind Onshore | Actual Consumption,2026-08-02T23:51:38Z
2026-08-02T23:49:28Z,2026-08-03T01:49:28+0200,65d3fff1-7125-472d-bbc3-1b240f9c8d5b,2026-07-15T20:45:00Z,2026-07-15T22:45:00+0200,404.38,MW,NL,NL,actual_onshore_wind_generation,Wind Onshore | Actual Aggregated,2026-08-02T23:51:38Z
2026-08-02T23:49:28Z,2026-08-03T01:49:28+0200,65d3fff1-7125-472d-bbc3-1b240f9c8d5b,2026-07-15T20:45:00Z,2026-07-15T22:45:00+0200,0.0,MW,NL,NL,actual_onshore_wind_generation,Wind Onshore | Actual Consumption,2026-08-02T23:51:38Z
2026-08-02T23:49:28Z,2026-08-03T01:49:28+0200,65d3fff1-7125-472d-bbc3-1b240f9c8d5b,2026-07-15T21:00:00Z,2026-07-15T23:00:00+0200,396.601,MW,NL,NL,actual_onshore_wind_generation,Wind Onshore | Actual Aggregated,2026-08-02T23:51:38Z
2026-08-02T23:49:28Z,2026-08-03T01:49:28+0200,65d3fff1-7125-472d-bbc3-1b240f9c8d5b,2026-07-15T21:00:00Z,2026-07-15T23:00:00+0200,0.0,MW,NL,NL,actual_onshore_wind_generation,Wind Onshore | Actual Consumption,2026-08-02T23:51:38Z
2026-08-02T23:49:28Z,2026-08-03T01:49:28+0200,65d3fff1-7125-472d-bbc3-1b240f9c8d5b,2026-07-15T21:15:00Z,2026-07-15T23:15:00+0200,361.066,MW,NL,NL,actual_onshore_wind_generation,Wind Onshore | Actual Aggregated,2026-08-02T23:51:38Z
2026-08-02T23:49:28Z,2026-08-03T01:49:28+0200,65d3fff1-7125-472d-bbc3-1b240f9c8d5b,2026-07-15T21:15:00Z,2026-07-15T23:15:00+0200,0.0,MW,NL,NL,actual_onshore_wind_generation,Wind Onshore | Actual Consumption,2026-08-02T23:51:38Z
2026-08-02T23:49:28Z,2026-08-03T01:49:28+0200,65d3fff1-7125-472d-bbc3-1b240f9c8d5b,2026-07-15T21:30:00Z,2026-07-15T23:30:00+0200,372.173,MW,NL,NL,actual_onshore_wind_generation,Wind Onshore | Actual Aggregated,2026-08-02T23:51:38Z
2026-08-02T23:49:28Z,2026-08-03T01:49:28+0200,65d3fff1-7125-472d-bbc3-1b240f9c8d5b,2026-07-15T21:30:00Z,2026-07-15T23:30:00+0200,0.0,MW,NL,NL,actual_onshore_wind_generation,Wind Onshore | Actual Consumption,2026-08-02T23:51:38Z
2026-08-02T23:49:28Z,2026-08-03T01:49:28+0200,65d3fff1-7125-472d-bbc3-1b240f9c8d5b,2026-07-15T21:45:00Z,2026-07-15T23:45:00+0200,345.409,MW,NL,NL,actual_onshore_wind_generation,Wind Onshore | Actual Aggregated,2026-08-02T23:51:38Z
2026-08-02T23:49:28Z,2026-08-03T01:49:28+0200,65d3fff1-7125-472d-bbc3-1b240f9c8d5b,2026-07-15T21:45:00Z,2026-07-15T23:45:00+0200,0.0,MW,NL,NL,actual_onshore_wind_generation,Wind Onshore | Actual Consumption,2026-08-02T23:51:38Z
2026-08-02T23:49:28Z,2026-08-03T01:49:28+0200,65d3fff1-7125-472d-bbc3-1b240f9c8d5b,2026-07-15T22:00:00Z,2026-07-16T00:00:00+0200,314.038,MW,NL,NL,actual_onshore_wind_generation,Wind Onshore | Actual Aggregated,2026-08-02T23:51:38Z
2026-08-02T23:49:28Z,2026-08-03T01:49:28+0200,65d3fff1-7125-472d-bbc3-1b240f9c8d5b,2026-07-15T22:00:00Z,2026-07-16T00:00:00+0200,0.0,MW,NL,NL,actual_onshore_wind_generation,Wind Onshore | Actual Consumption,2026-08-02T23:51:38Z
2026-08-02T23:49:28Z,2026-08-03T01:49:28+0200,65d3fff1-7125-472d-bbc3-1b240f9c8d5b,2026-07-15T22:15:00Z,2026-07-16T00:15:00+0200,307.486,MW,NL,NL,actual_onshore_wind_generation,Wind Onshore | Actual Aggregated,2026-08-02T23:51:38Z
2026-08-02T23:49:28Z,2026-08-03T01:49:28+0200,65d3fff1-7125-472d-bbc3-1b240f9c8d5b,2026-07-15T22:15:00Z,2026-07-16T00:15:00+0200,0.0,MW,NL,NL,actual_onshore_wind_generation,Wind Onshore | Actual Consumption,2026-08-02T23:51:38Z
2026-08-02T23:49:28Z,2026-08-03T01:49:28+0200,65d3fff1-7125-472d-bbc3-1b240f9c8d5b,2026-07-15T22:30:00Z,2026-07-16T00:30:00+0200,303.29,MW,NL,NL,actual_onshore_wind_generation,Wind Onshore | Actual Aggregated,2026-08-02T23:51:38Z
2026-08-02T23:49:28Z,2026-08-03T01:49:28+0200,65d3fff1-7125-472d-bbc3-1b240f9c8d5b,2026-07-15T22:30:00Z,2026-07-16T00:30:00+0200,0.0,MW,NL,NL,actual_onshore_wind_generation,Wind Onshore | Actual Consumption,2026-08-02T23:51:38Z
2026-08-02T23:49:28Z,2026-08-03T01:49:28+0200,65d3fff1-7125-472d-bbc3-1b240f9c8d5b,2026-07-15T22:45:00Z,2026-07-16T00:45:00+0200,295.585,MW,NL,NL,actual_onshore_wind_generation,Wind Onshore | Actual Aggregated,2026-08-02T23:51:38Z
2026-08-02T23:49:28Z,2026-08-03T01:49:28+0200,65d3fff1-7125-472d-bbc3-1b240f9c8d5b,2026-07-15T22:45:00Z,2026-07-16T00:45:00+0200,0.0,MW,NL,NL,actual_onshore_wind_generation,Wind Onshore | Actual Consumption,2026-08-02T23:51:38Z
2026-08-02T23:49:28Z,2026-08-03T01:49:28+0200,65d3fff1-7125-472d-bbc3-1b240f9c8d5b,2026-07-15T23:00:00Z,2026-07-16T01:00:00+0200,315.524,MW,NL,NL,actual_onshore_wind_generation,Wind Onshore | Actual Aggregated,2026-08-02T23:51:38Z
2026-08-02T23:49:28Z,2026-08-03T01:49:28+0200,65d3fff1-7125-472d-bbc3-1b240f9c8d5b,2026-07-15T23:00:00Z,2026-07-16T01:00:00+0200,0.0,MW,NL,NL,actual_onshore_wind_generation,Wind Onshore | Actual Consumption,2026-08-02T23:51:38Z
2026-08-02T23:49:28Z,2026-08-03T01:49:28+0200,65d3fff1-7125-472d-bbc3-1b240f9c8d5b,2026-07-15T23:15:00Z,2026-07-16T01:15:00+0200,329.101,MW,NL,NL,actual_onshore_wind_generation,Wind Onshore | Actual Aggregated,2026-08-02T23:51:38Z
2026-08-02T23:49:28Z,2026-08-03T01:49:28+0200,65d3fff1-7125-472d-bbc3-1b240f9c8d5b,2026-07-15T23:15:00Z,2026-07-16T01:15:00+0200,0.0,MW,NL,NL,actual_onshore_wind_generation,Wind Onshore | Actual Consumption,2026-08-02T23:51:38Z
2026-08-02T23:49:28Z,2026-08-03T01:49:28+0200,65d3fff1-7125-472d-bbc3-1b240f9c8d5b,2026-07-15T23:30:00Z,2026-07-16T01:30:00+0200,327.795,MW,NL,NL,actual_onshore_wind_generation,Wind Onshore | Actual Aggregated,2026-08-02T23:51:38Z
2026-08-02T23:49:28Z,2026-08-03T01:49:28+0200,65d3fff1-7125-472d-bbc3-1b240f9c8d5b,2026-07-15T23:30:00Z,2026-07-16T01:30:00+0200,0.0,MW,NL,NL,actual_onshore_wind_generation,Wind Onshore | Actual Consumption,2026-08-02T23:51:38Z
2026-08-02T23:49:28Z,2026-08-03T01:49:28+0200,65d3fff1-7125-472d-bbc3-1b240f9c8d5b,2026-07-15T23:45:00Z,2026-07-16T01:45:00+0200,309.56,MW,NL,NL,actual_onshore_wind_generation,Wind Onshore | Actual Aggregated,2026-08-02T23:51:38Z
2026-08-02T23:49:28Z,2026-08-03T01:49:28+0200,65d3fff1-7125-472d-bbc3-1b240f9c8d5b,2026-07-15T23:45:00Z,2026-07-16T01:45:00+0200,0.0,MW,NL,NL,actual_onshore_wind_generation,Wind Onshore | Actual Consumption,2026-08-02T23:51:38Z
2026-08-02T23:49:28Z,2026-08-03T01:49:28+0200,65d3fff1-7125-472d-bbc3-1b240f9c8d5b,2026-07-16T00:00:00Z,2026-07-16T02:00:00+0200,295.949,MW,NL,NL,actual_onshore_wind_generation,Wind Onshore | Actual Aggregated,2026-08-02T23:51:38Z
2026-08-02T23:49:28Z,2026-08-03T01:49:28+0200,65d3fff1-7125-472d-bbc3-1b240f9c8d5b,2026-07-16T00:00:00Z,2026-07-16T02:00:00+0200,0.0,MW,NL,NL,actual_onshore_wind_generation,Wind Onshore | Actual Consumption,2026-08-02T23:51:38Z
2026-08-02T23:49:28Z,2026-08-03T01:49:28+0200,65d3fff1-7125-472d-bbc3-1b240f9c8d5b,2026-07-16T00:15:00Z,2026-07-16T02:15:00+0200,283.271,MW,NL,NL,actual_onshore_wind_generation,Wind Onshore | Actual Aggregated,2026-08-02T23:51:38Z
2026-08-02T23:49:28Z,2026-08-03T01:49:28+0200,65d3fff1-7125-472d-bbc3-1b240f9c8d5b,2026-07-16T00:15:00Z,2026-07-16T02:15:00+0200,0.0,MW,NL,NL,actual_onshore_wind_generation,Wind Onshore | Actual Consumption,2026-08-02T23:51:38Z
2026-08-02T23:49:28Z,2026-08-03T01:49:28+0200,65d3fff1-7125-472d-bbc3-1b240f9c8d5b,2026-07-16T00:30:00Z,2026-07-16T02:30:00+0200,271.005,MW,NL,NL,actual_onshore_wind_generation,Wind Onshore | Actual Aggregated,2026-08-02T23:51:38Z
2026-08-02T23:49:28Z,2026-08-03T01:49:28+0200,65d3fff1-7125-472d-bbc3-1b240f9c8d5b,2026-07-16T00:30:00Z,2026-07-16T02:30:00+0200,0.0,MW,NL,NL,actual_onshore_wind_generation,Wind Onshore | Actual Consumption,2026-08-02T23:51:38Z
2026-08-02T23:49:28Z,2026-08-03T01:49:28+0200,65d3fff1-7125-472d-bbc3-1b240f9c8d5b,2026-07-16T00:45:00Z,2026-07-16T02:45:00+0200,289.336,MW,NL,NL,actual_onshore_wind_generation,Wind Onshore | Actual Aggregated,2026-08-02T23:51:38Z
2026-08-02T23:49:28Z,2026-08-03T01:49:28+0200,65d3fff1-7125-472d-bbc3-1b240f9c8d5b,2026-07-16T00:45:00Z,2026-07-16T02:45:00+0200,0.0,MW,NL,NL,actual_onshore_wind_generation,Wind Onshore | Actual Consumption,2026-08-02T23:51:38Z
2026-08-02T23:49:28Z,2026-08-03T01:49:28+0200,65d3fff1-7125-472d-bbc3-1b240f9c8d5b,2026-07-16T01:00:00Z,2026-07-16T03:00:00+0200,277.804,MW,NL,NL,actual_onshore_wind_generation,Wind Onshore | Actual Aggregated,2026-08-02T23:51:38Z
2026-08-02T23:49:28Z,2026-08-03T01:49:28+0200,65d3fff1-7125-472d-bbc3-1b240f9c8d5b,2026-07-16T01:00:00Z,2026-07-16T03:00:00+0200,0.0,MW,NL,NL,actual_onshore_wind_generation,Wind Onshore | Actual Consumption,2026-08-02T23:51:38Z
2026-08-02T23:49:28Z,2026-08-03T01:49:28+0200,65d3fff1-7125-472d-bbc3-1b240f9c8d5b,2026-07-16T01:15:00Z,2026-07-16T03:15:00+0200,278.38,MW,NL,NL,actual_onshore_wind_generation,Wind Onshore | Actual Aggregated,2026-08-02T23:51:38Z
2026-08-02T23:49:28Z,2026-08-03T01:49:28+0200,65d3fff1-7125-472d-bbc3-1b240f9c8d5b,2026-07-16T01:15:00Z,2026-07-16T03:15:00+0200,0.0,MW,NL,NL,actual_onshore_wind_generation,Wind Onshore | Actual Consumption,2026-08-02T23:51:38Z
2026-08-02T23:49:28Z,2026-08-03T01:49:28+0200,65d3fff1-7125-472d-bbc3-1b240f9c8d5b,2026-07-16T01:30:00Z,2026-07-16T03:30:00+0200,269.201,MW,NL,NL,actual_onshore_wind_generation,Wind Onshore | Actual Aggregated,2026-08-02T23:51:38Z
2026-08-02T23:49:28Z,2026-08-03T01:49:28+0200,65d3fff1-7125-472d-bbc3-1b240f9c8d5b,2026-07-16T01:30:00Z,2026-07-16T03:30:00+0200,0.0,MW,NL,NL,actual_onshore_wind_generation,Wind Onshore | Actual Consumption,2026-08-02T23:51:38Z
2026-08-02T23:49:28Z,2026-08-03T01:49:28+0200,65d3fff1-7125-472d-bbc3-1b240f9c8d5b,2026-07-16T01:45:00Z,2026-07-16T03:45:00+0200,264.788,MW,NL,NL,actual_onshore_wind_generation,Wind Onshore | Actual Aggregated,2026-08-02T23:51:38Z
2026-08-02T23:49:28Z,2026-08-03T01:49:28+0200,65d3fff1-7125-472d-bbc3-1b240f9c8d5b,2026-07-16T01:45:00Z,2026-07-16T03:45:00+0200,0.0,MW,NL,NL,actual_onshore_wind_generation,Wind Onshore | Actual Consumption,2026-08-02T23:51:38Z
2026-08-02T23:49:28Z,2026-08-03T01:49:28+0200,65d3fff1-7125-472d-bbc3-1b240f9c8d5b,2026-07-16T02:00:00Z,2026-07-16T04:00:00+0200,262.433,MW,NL,NL,actual_onshore_wind_generation,Wind Onshore | Actual Aggregated,2026-08-02T23:51:38Z
2026-08-02T23:49:28Z,2026-08-03T01:49:28+0200,65d3fff1-7125-472d-bbc3-1b240f9c8d5b,2026-07-16T02:00:00Z,2026-07-16T04:00:00+0200,0.0,MW,NL,NL,actual_onshore_wind_generation,Wind Onshore | Actual Consumption,2026-08-02T23:51:38Z
2026-08-02T23:49:28Z,2026-08-03T01:49:28+0200,65d3fff1-7125-472d-bbc3-1b240f9c8d5b,2026-07-16T02:15:00Z,2026-07-16T04:15:00+0200,278.074,MW,NL,NL,actual_onshore_wind_generation,Wind Onshore | Actual Aggregated,2026-08-02T23:51:38Z
2026-08-02T23:49:28Z,2026-08-03T01:49:28+0200,65d3fff1-7125-472d-bbc3-1b240f9c8d5b,2026-07-16T02:15:00Z,2026-07-16T04:15:00+0200,0.0,MW,NL,NL,actual_onshore_wind_generation,Wind Onshore | Actual Consumption,2026-08-02T23:51:38Z
2026-08-02T23:49:28Z,2026-08-03T01:49:28+0200,65d3fff1-7125-472d-bbc3-1b240f9c8d5b,2026-07-16T02:30:00Z,2026-07-16T04:30:00+0200,260.502,MW,NL,NL,actual_onshore_wind_generation,Wind Onshore | Actual Aggregated,2026-08-02T23:51:38Z
2026-08-02T23:49:28Z,2026-08-03T01:49:28+0200,65d3fff1-7125-472d-bbc3-1b240f9c8d5b,2026-07-16T02:30:00Z,2026-07-16T04:30:00+0200,0.0,MW,NL,NL,actual_onshore_wind_generation,Wind Onshore | Actual Consumption,2026-08-02T23:51:38Z
2026-08-02T23:49:28Z,2026-08-03T01:49:28+0200,65d3fff1-7125-472d-bbc3-1b240f9c8d5b,2026-07-16T02:45:00Z,2026-07-16T04:45:00+0200,259.38,MW,NL,NL,actual_onshore_wind_generation,Wind Onshore | Actual Aggregated,2026-08-02T23:51:38Z
2026-08-02T23:49:28Z,2026-08-03T01:49:28+0200,65d3fff1-7125-472d-bbc3-1b240f9c8d5b,2026-07-16T02:45:00Z,2026-07-16T04:45:00+0200,0.0,MW,NL,NL,actual_onshore_wind_generation,Wind Onshore | Actual Consumption,2026-08-02T23:51:38Z
2026-08-02T23:49:28Z,2026-08-03T01:49:28+0200,65d3fff1-7125-472d-bbc3-1b240f9c8d5b,2026-07-16T03:00:00Z,2026-07-16T05:00:00+0200,263.388,MW,NL,NL,actual_onshore_wind_generation,Wind Onshore | Actual Aggregated,2026-08-02T23:51:38Z
2026-08-02T23:49:28Z,2026-08-03T01:49:28+0200,65d3fff1-7125-472d-bbc3-1b240f9c8d5b,2026-07-16T03:00:00Z,2026-07-16T05:00:00+0200,0.0,MW,NL,NL,actual_onshore_wind_generation,Wind Onshore | Actual Consumption,2026-08-02T23:51:38Z
2026-08-02T23:49:28Z,2026-08-03T01:49:28+0200,65d3fff1-7125-472d-bbc3-1b240f9c8d5b,2026-07-16T03:15:00Z,2026-07-16T05:15:00+0200,230.517,MW,NL,NL,actual_onshore_wind_generation,Wind Onshore | Actual Aggregated,2026-08-02T23:51:38Z
2026-08-02T23:49:28Z,2026-08-03T01:49:28+0200,65d3fff1-7125-472d-bbc3-1b240f9c8d5b,2026-07-16T03:15:00Z,2026-07-16T05:15:00+0200,0.0,MW,NL,NL,actual_onshore_wind_generation,Wind Onshore | Actual Consumption,2026-08-02T23:51:38Z
2026-08-02T23:49:28Z,2026-08-03T01:49:28+0200,65d3fff1-7125-472d-bbc3-1b240f9c8d5b,2026-07-16T03:30:00Z,2026-07-16T05:30:00+0200,206.456,MW,NL,NL,actual_onshore_wind_generation,Wind Onshore | Actual Aggregated,2026-08-02T23:51:38Z
2026-08-02T23:49:28Z,2026-08-03T01:49:28+0200,65d3fff1-7125-472d-bbc3-1b240f9c8d5b,2026-07-16T03:30:00Z,2026-07-16T05:30:00+0200,0.0,MW,NL,NL,actual_onshore_wind_generation,Wind Onshore | Actual Consumption,2026-08-02T23:51:38Z
2026-08-02T23:49:28Z,2026-08-03T01:49:28+0200,65d3fff1-7125-472d-bbc3-1b240f9c8d5b,2026-07-16T03:45:00Z,2026-07-16T05:45:00+0200,206.354,MW,NL,NL,actual_onshore_wind_generation,Wind Onshore | Actual Aggregated,2026-08-02T23:51:38Z
2026-08-02T23:49:28Z,2026-08-03T01:49:28+0200,65d3fff1-7125-472d-bbc3-1b240f9c8d5b,2026-07-16T03:45:00Z,2026-07-16T05:45:00+0200,0.0,MW,NL,NL,actual_onshore_wind_generation,Wind Onshore | Actual Consumption,2026-08-02T23:51:38Z
2026-08-02T23:49:28Z,2026-08-03T01:49:28+0200,65d3fff1-7125-472d-bbc3-1b240f9c8d5b,2026-07-16T04:00:00Z,2026-07-16T06:00:00+0200,196.504,MW,NL,NL,actual_onshore_wind_generation,Wind Onshore | Actual Aggregated,2026-08-02T23:51:38Z
2026-08-02T23:49:28Z,2026-08-03T01:49:28+0200,65d3fff1-7125-472d-bbc3-1b240f9c8d5b,2026-07-16T04:00:00Z,2026-07-16T06:00:00+0200,0.0,MW,NL,NL,actual_onshore_wind_generation,Wind Onshore | Actual Consumption,2026-08-02T23:51:38Z
2026-08-02T23:49:28Z,2026-08-03T01:49:28+0200,65d3fff1-7125-472d-bbc3-1b240f9c8d5b,2026-07-16T04:15:00Z,2026-07-16T06:15:00+0200,203.453,MW,NL,NL,actual_onshore_wind_generation,Wind Onshore | Actual Aggregated,2026-08-02T23:51:38Z
2026-08-02T23:49:28Z,2026-08-03T01:49:28+0200,65d3fff1-7125-472d-bbc3-1b240f9c8d5b,2026-07-16T04:15:00Z,2026-07-16T06:15:00+0200,0.0,MW,NL,NL,actual_onshore_wind_generation,Wind Onshore | Actual Consumption,2026-08-02T23:51:38Z
2026-08-02T23:49:28Z,2026-08-03T01:49:28+0200,65d3fff1-7125-472d-bbc3-1b240f9c8d5b,2026-07-16T04:30:00Z,2026-07-16T06:30:00+0200,193.519,MW,NL,NL,actual_onshore_wind_generation,Wind Onshore | Actual Aggregated,2026-08-02T23:51:38Z
2026-08-02T23:49:28Z,2026-08-03T01:49:28+0200,65d3fff1-7125-472d-bbc3-1b240f9c8d5b,2026-07-16T04:30:00Z,2026-07-16T06:30:00+0200,0.0,MW,NL,NL,actual_onshore_wind_generation,Wind Onshore | Actual Consumption,2026-08-02T23:51:38Z
2026-08-02T23:49:28Z,2026-08-03T01:49:28+0200,65d3fff1-7125-472d-bbc3-1b240f9c8d5b,2026-07-16T04:45:00Z,2026-07-16T06:45:00+0200,217.131,MW,NL,NL,actual_onshore_wind_generation,Wind Onshore | Actual Aggregated,2026-08-02T23:51:38Z
2026-08-02T23:49:28Z,2026-08-03T01:49:28+0200,65d3fff1-7125-472d-bbc3-1b240f9c8d5b,2026-07-16T04:45:00Z,2026-07-16T06:45:00+0200,0.0,MW,NL,NL,actual_onshore_wind_generation,Wind Onshore | Actual Consumption,2026-08-02T23:51:38Z
2026-08-02T23:49:28Z,2026-08-03T01:49:28+0200,65d3fff1-7125-472d-bbc3-1b240f9c8d5b,2026-07-16T05:00:00Z,2026-07-16T07:00:00+0200,233.818,MW,NL,NL,actual_onshore_wind_generation,Wind Onshore | Actual Aggregated,2026-08-02T23:51:38Z
2026-08-02T23:49:28Z,2026-08-03T01:49:28+0200,65d3fff1-7125-472d-bbc3-1b240f9c8d5b,2026-07-16T05:00:00Z,2026-07-16T07:00:00+0200,0.0,MW,NL,NL,actual_onshore_wind_generation,Wind Onshore | Actual Consumption,2026-08-02T23:51:38Z
2026-08-02T23:49:28Z,2026-08-03T01:49:28+0200,65d3fff1-7125-472d-bbc3-1b240f9c8d5b,2026-07-16T05:15:00Z,2026-07-16T07:15:00+0200,226.548,MW,NL,NL,actual_onshore_wind_generation,Wind Onshore | Actual Aggregated,2026-08-02T23:51:38Z
2026-08-02T23:49:28Z,2026-08-03T01:49:28+0200,65d3fff1-7125-472d-bbc3-1b240f9c8d5b,2026-07-16T05:15:00Z,2026-07-16T07:15:00+0200,0.0,MW,NL,NL,actual_onshore_wind_generation,Wind Onshore | Actual Consumption,2026-08-02T23:51:38Z
2026-08-02T23:49:28Z,2026-08-03T01:49:28+0200,65d3fff1-7125-472d-bbc3-1b240f9c8d5b,2026-07-16T05:30:00Z,2026-07-16T07:30:00+0200,210.022,MW,NL,NL,actual_onshore_wind_generation,Wind Onshore | Actual Aggregated,2026-08-02T23:51:38Z
2026-08-02T23:49:28Z,2026-08-03T01:49:28+0200,65d3fff1-7125-472d-bbc3-1b240f9c8d5b,2026-07-16T05:30:00Z,2026-07-16T07:30:00+0200,0.0,MW,NL,NL,actual_onshore_wind_generation,Wind Onshore | Actual Consumption,2026-08-02T23:51:38Z
2026-08-02T23:49:28Z,2026-08-03T01:49:28+0200,65d3fff1-7125-472d-bbc3-1b240f9c8d5b,2026-07-16T05:45:00Z,2026-07-16T07:45:00+0200,192.463,MW,NL,NL,actual_onshore_wind_generation,Wind Onshore | Actual Aggregated,2026-08-02T23:51:38Z
2026-08-02T23:49:28Z,2026-08-03T01:49:28+0200,65d3fff1-7125-472d-bbc3-1b240f9c8d5b,2026-07-16T05:45:00Z,2026-07-16T07:45:00+0200,0.0,MW,NL,NL,actual_onshore_wind_generation,Wind Onshore | Actual Consumption,2026-08-02T23:51:38Z
2026-08-02T23:49:28Z,2026-08-03T01:49:28+0200,65d3fff1-7125-472d-bbc3-1b240f9c8d5b,2026-07-16T06:00:00Z,2026-07-16T08:00:00+0200,162.642,MW,NL,NL,actual_onshore_wind_generation,Wind Onshore | Actual Aggregated,2026-08-02T23:51:38Z
2026-08-02T23:49:28Z,2026-08-03T01:49:28+0200,65d3fff1-7125-472d-bbc3-1b240f9c8d5b,2026-07-16T06:00:00Z,2026-07-16T08:00:00+0200,0.0,MW,NL,NL,actual_onshore_wind_generation,Wind Onshore | Actual Consumption,2026-08-02T23:51:38Z
2026-08-02T23:49:28Z,2026-08-03T01:49:28+0200,65d3fff1-7125-472d-bbc3-1b240f9c8d5b,2026-07-16T06:15:00Z,2026-07-16T08:15:00+0200,131.716,MW,NL,NL,actual_onshore_wind_generation,Wind Onshore | Actual Aggregated,2026-08-02T23:51:38Z
2026-08-02T23:49:28Z,2026-08-03T01:49:28+0200,65d3fff1-7125-472d-bbc3-1b240f9c8d5b,2026-07-16T06:15:00Z,2026-07-16T08:15:00+0200,0.0,MW,NL,NL,actual_onshore_wind_generation,Wind Onshore | Actual Consumption,2026-08-02T23:51:38Z
2026-08-02T23:49:28Z,2026-08-03T01:49:28+0200,65d3fff1-7125-472d-bbc3-1b240f9c8d5b,2026-07-16T06:30:00Z,2026-07-16T08:30:00+0200,132.984,MW,NL,NL,actual_onshore_wind_generation,Wind Onshore | Actual Aggregated,2026-08-02T23:51:38Z
2026-08-02T23:49:28Z,2026-08-03T01:49:28+0200,65d3fff1-7125-472d-bbc3-1b240f9c8d5b,2026-07-16T06:30:00Z,2026-07-16T08:30:00+0200,0.0,MW,NL,NL,actual_onshore_wind_generation,Wind Onshore | Actual Consumption,2026-08-02T23:51:38Z
2026-08-02T23:49:28Z,2026-08-03T01:49:28+0200,65d3fff1-7125-472d-bbc3-1b240f9c8d5b,2026-07-16T06:45:00Z,2026-07-16T08:45:00+0200,144.013,MW,NL,NL,actual_onshore_wind_generation,Wind Onshore | Actual Aggregated,2026-08-02T23:51:38Z
2026-08-02T23:49:28Z,2026-08-03T01:49:28+0200,65d3fff1-7125-472d-bbc3-1b240f9c8d5b,2026-07-16T06:45:00Z,2026-07-16T08:45:00+0200,0.0,MW,NL,NL,actual_onshore_wind_generation,Wind Onshore | Actual Consumption,2026-08-02T23:51:38Z
2026-08-02T23:49:28Z,2026-08-03T01:49:28+0200,65d3fff1-7125-472d-bbc3-1b240f9c8d5b,2026-07-16T07:00:00Z,2026-07-16T09:00:00+0200,142.567,MW,NL,NL,actual_onshore_wind_generation,Wind Onshore | Actual Aggregated,2026-08-02T23:51:38Z
2026-08-02T23:49:28Z,2026-08-03T01:49:28+0200,65d3fff1-7125-472d-bbc3-1b240f9c8d5b,2026-07-16T07:00:00Z,2026-07-16T09:00:00+0200,0.659,MW,NL,NL,actual_onshore_wind_generation,Wind Onshore | Actual Consumption,2026-08-02T23:51:38Z
2026-08-02T23:49:28Z,2026-08-03T01:49:28+0200,65d3fff1-7125-472d-bbc3-1b240f9c8d5b,2026-07-16T07:15:00Z,2026-07-16T09:15:00+0200,149.825,MW,NL,NL,actual_onshore_wind_generation,Wind Onshore | Actual Aggregated,2026-08-02T23:51:38Z
2026-08-02T23:49:28Z,2026-08-03T01:49:28+0200,65d3fff1-7125-472d-bbc3-1b240f9c8d5b,2026-07-16T07:15:00Z,2026-07-16T09:15:00+0200,0.0,MW,NL,NL,actual_onshore_wind_generation,Wind Onshore | Actual Consumption,2026-08-02T23:51:38Z
2026-08-02T23:49:28Z,2026-08-03T01:49:28+0200,65d3fff1-7125-472d-bbc3-1b240f9c8d5b,2026-07-16T07:30:00Z,2026-07-16T09:30:00+0200,160.374,MW,NL,NL,actual_onshore_wind_generation,Wind Onshore | Actual Aggregated,2026-08-02T23:51:38Z
2026-08-02T23:49:28Z,2026-08-03T01:49:28+0200,65d3fff1-7125-472d-bbc3-1b240f9c8d5b,2026-07-16T07:30:00Z,2026-07-16T09:30:00+0200,0.0,MW,NL,NL,actual_onshore_wind_generation,Wind Onshore | Actual Consumption,2026-08-02T23:51:38Z
2026-08-02T23:49:28Z,2026-08-03T01:49:28+0200,65d3fff1-7125-472d-bbc3-1b240f9c8d5b,2026-07-16T07:45:00Z,2026-07-16T09:45:00+0200,104.494,MW,NL,NL,actual_onshore_wind_generation,Wind Onshore | Actual Aggregated,2026-08-02T23:51:38Z
2026-08-02T23:49:28Z,2026-08-03T01:49:28+0200,65d3fff1-7125-472d-bbc3-1b240f9c8d5b,2026-07-16T07:45:00Z,2026-07-16T09:45:00+0200,0.0,MW,NL,NL,actual_onshore_wind_generation,Wind Onshore | Actual Consumption,2026-08-02T23:51:38Z
2026-08-02T23:49:28Z,2026-08-03T01:49:28+0200,65d3fff1-7125-472d-bbc3-1b240f9c8d5b,2026-07-16T08:00:00Z,2026-07-16T10:00:00+0200,80.657,MW,NL,NL,actual_onshore_wind_generation,Wind Onshore | Actual Aggregated,2026-08-02T23:51:38Z
2026-08-02T23:49:28Z,2026-08-03T01:49:28+0200,65d3fff1-7125-472d-bbc3-1b240f9c8d5b,2026-07-16T08:00:00Z,2026-07-16T10:00:00+0200,0.0,MW,NL,NL,actual_onshore_wind_generation,Wind Onshore | Actual Consumption,2026-08-02T23:51:38Z
2026-08-02T23:49:28Z,2026-08-03T01:49:28+0200,65d3fff1-7125-472d-bbc3-1b240f9c8d5b,2026-07-16T08:15:00Z,2026-07-16T10:15:00+0200,34.661,MW,NL,NL,actual_onshore_wind_generation,Wind Onshore | Actual Aggregated,2026-08-02T23:51:38Z
2026-08-02T23:49:28Z,2026-08-03T01:49:28+0200,65d3fff1-7125-472d-bbc3-1b240f9c8d5b,2026-07-16T08:15:00Z,2026-07-16T10:15:00+0200,1.513,MW,NL,NL,actual_onshore_wind_generation,Wind Onshore | Actual Consumption,2026-08-02T23:51:38Z
2026-08-02T23:49:28Z,2026-08-03T01:49:28+0200,65d3fff1-7125-472d-bbc3-1b240f9c8d5b,2026-07-16T08:30:00Z,2026-07-16T10:30:00+0200,15.706,MW,NL,NL,actual_onshore_wind_generation,Wind Onshore | Actual Aggregated,2026-08-02T23:51:38Z
2026-08-02T23:49:28Z,2026-08-03T01:49:28+0200,65d3fff1-7125-472d-bbc3-1b240f9c8d5b,2026-07-16T08:30:00Z,2026-07-16T10:30:00+0200,3.569,MW,NL,NL,actual_onshore_wind_generation,Wind Onshore | Actual Consumption,2026-08-02T23:51:38Z
2026-08-02T23:49:28Z,2026-08-03T01:49:28+0200,65d3fff1-7125-472d-bbc3-1b240f9c8d5b,2026-07-16T08:45:00Z,2026-07-16T10:45:00+0200,10.709,MW,NL,NL,actual_onshore_wind_generation,Wind Onshore | Actual Aggregated,2026-08-02T23:51:38Z
2026-08-02T23:49:28Z,2026-08-03T01:49:28+0200,65d3fff1-7125-472d-bbc3-1b240f9c8d5b,2026-07-16T08:45:00Z,2026-07-16T10:45:00+0200,4.124,MW,NL,NL,actual_onshore_wind_generation,Wind Onshore | Actual Consumption,2026-08-02T23:51:38Z
2026-08-02T23:49:28Z,2026-08-03T01:49:28+0200,65d3fff1-7125-472d-bbc3-1b240f9c8d5b,2026-07-16T09:00:00Z,2026-07-16T11:00:00+0200,15.66,MW,NL,NL,actual_onshore_wind_generation,Wind Onshore | Actual Aggregated,2026-08-02T23:51:38Z
2026-08-02T23:49:28Z,2026-08-03T01:49:28+0200,65d3fff1-7125-472d-bbc3-1b240f9c8d5b,2026-07-16T09:00:00Z,2026-07-16T11:00:00+0200,3.01,MW,NL,NL,actual_onshore_wind_generation,Wind Onshore | Actual Consumption,2026-08-02T23:51:38Z
2026-08-02T23:49:28Z,2026-08-03T01:49:28+0200,65d3fff1-7125-472d-bbc3-1b240f9c8d5b,2026-07-16T09:15:00Z,2026-07-16T11:15:00+0200,23.753,MW,NL,NL,actual_onshore_wind_generation,Wind Onshore | Actual Aggregated,2026-08-02T23:51:38Z
2026-08-02T23:49:28Z,2026-08-03T01:49:28+0200,65d3fff1-7125-472d-bbc3-1b240f9c8d5b,2026-07-16T09:15:00Z,2026-07-16T11:15:00+0200,2.262,MW,NL,NL,actual_onshore_wind_generation,Wind Onshore | Actual Consumption,2026-08-02T23:51:38Z
2026-08-02T23:49:28Z,2026-08-03T01:49:28+0200,65d3fff1-7125-472d-bbc3-1b240f9c8d5b,2026-07-16T09:30:00Z,2026-07-16T11:30:00+0200,32.867,MW,NL,NL,actual_onshore_wind_generation,Wind Onshore | Actual Aggregated,2026-08-02T23:51:38Z
2026-08-02T23:49:28Z,2026-08-03T01:49:28+0200,65d3fff1-7125-472d-bbc3-1b240f9c8d5b,2026-07-16T09:30:00Z,2026-07-16T11:30:00+0200,1.45,MW,NL,NL,actual_onshore_wind_generation,Wind Onshore | Actual Consumption,2026-08-02T23:51:38Z
2026-08-02T23:49:28Z,2026-08-03T01:49:28+0200,65d3fff1-7125-472d-bbc3-1b240f9c8d5b,2026-07-16T09:45:00Z,2026-07-16T11:45:00+0200,41.158,MW,NL,NL,actual_onshore_wind_generation,Wind Onshore | Actual Aggregated,2026-08-02T23:51:38Z
2026-08-02T23:49:28Z,2026-08-03T01:49:28+0200,65d3fff1-7125-472d-bbc3-1b240f9c8d5b,2026-07-16T09:45:00Z,2026-07-16T11:45:00+0200,1.574,MW,NL,NL,actual_onshore_wind_generation,Wind Onshore | Actual Consumption,2026-08-02T23:51:38Z
2026-08-02T23:49:28Z,2026-08-03T01:49:28+0200,65d3fff1-7125-472d-bbc3-1b240f9c8d5b,2026-07-16T10:00:00Z,2026-07-16T12:00:00+0200,37.598,MW,NL,NL,actual_onshore_wind_generation,Wind Onshore | Actual Aggregated,2026-08-02T23:51:38Z
2026-08-02T23:49:28Z,2026-08-03T01:49:28+0200,65d3fff1-7125-472d-bbc3-1b240f9c8d5b,2026-07-16T10:00:00Z,2026-07-16T12:00:00+0200,1.342,MW,NL,NL,actual_onshore_wind_generation,Wind Onshore | Actual Consumption,2026-08-02T23:51:38Z
2026-08-02T23:49:28Z,2026-08-03T01:49:28+0200,65d3fff1-7125-472d-bbc3-1b240f9c8d5b,2026-07-16T10:15:00Z,2026-07-16T12:15:00+0200,15.202,MW,NL,NL,actual_onshore_wind_generation,Wind Onshore | Actual Aggregated,2026-08-02T23:51:38Z
2026-08-02T23:49:28Z,2026-08-03T01:49:28+0200,65d3fff1-7125-472d-bbc3-1b240f9c8d5b,2026-07-16T10:15:00Z,2026-07-16T12:15:00+0200,1.253,MW,NL,NL,actual_onshore_wind_generation,Wind Onshore | Actual Consumption,2026-08-02T23:51:38Z
2026-08-02T23:49:28Z,2026-08-03T01:49:28+0200,65d3fff1-7125-472d-bbc3-1b240f9c8d5b,2026-07-16T10:30:00Z,2026-07-16T12:30:00+0200,10.46,MW,NL,NL,actual_onshore_wind_generation,Wind Onshore | Actual Aggregated,2026-08-02T23:51:38Z
2026-08-02T23:49:28Z,2026-08-03T01:49:28+0200,65d3fff1-7125-472d-bbc3-1b240f9c8d5b,2026-07-16T10:30:00Z,2026-07-16T12:30:00+0200,2.107,MW,NL,NL,actual_onshore_wind_generation,Wind Onshore | Actual Consumption,2026-08-02T23:51:38Z
2026-08-02T23:49:28Z,2026-08-03T01:49:28+0200,65d3fff1-7125-472d-bbc3-1b240f9c8d5b,2026-07-16T10:45:00Z,2026-07-16T12:45:00+0200,9.563,MW,NL,NL,actual_onshore_wind_generation,Wind Onshore | Actual Aggregated,2026-08-02T23:51:38Z
2026-08-02T23:49:28Z,2026-08-03T01:49:28+0200,65d3fff1-7125-472d-bbc3-1b240f9c8d5b,2026-07-16T10:45:00Z,2026-07-16T12:45:00+0200,1.515,MW,NL,NL,actual_onshore_wind_generation,Wind Onshore | Actual Consumption,2026-08-02T23:51:38Z
2026-08-02T23:49:28Z,2026-08-03T01:49:28+0200,65d3fff1-7125-472d-bbc3-1b240f9c8d5b,2026-07-16T11:00:00Z,2026-07-16T13:00:00+0200,11.033,MW,NL,NL,actual_onshore_wind_generation,Wind Onshore | Actual Aggregated,2026-08-02T23:51:38Z
2026-08-02T23:49:28Z,2026-08-03T01:49:28+0200,65d3fff1-7125-472d-bbc3-1b240f9c8d5b,2026-07-16T11:00:00Z,2026-07-16T13:00:00+0200,1.508,MW,NL,NL,actual_onshore_wind_generation,Wind Onshore | Actual Consumption,2026-08-02T23:51:38Z
2026-08-02T23:49:28Z,2026-08-03T01:49:28+0200,65d3fff1-7125-472d-bbc3-1b240f9c8d5b,2026-07-16T11:15:00Z,2026-07-16T13:15:00+0200,29.355,MW,NL,NL,actual_onshore_wind_generation,Wind Onshore | Actual Aggregated,2026-08-02T23:51:38Z
2026-08-02T23:49:28Z,2026-08-03T01:49:28+0200,65d3fff1-7125-472d-bbc3-1b240f9c8d5b,2026-07-16T11:15:00Z,2026-07-16T13:15:00+0200,1.495,MW,NL,NL,actual_onshore_wind_generation,Wind Onshore | Actual Consumption,2026-08-02T23:51:38Z
2026-08-02T23:49:28Z,2026-08-03T01:49:28+0200,65d3fff1-7125-472d-bbc3-1b240f9c8d5b,2026-07-16T11:30:00Z,2026-07-16T13:30:00+0200,30.62,MW,NL,NL,actual_onshore_wind_generation,Wind Onshore | Actual Aggregated,2026-08-02T23:51:38Z
2026-08-02T23:49:28Z,2026-08-03T01:49:28+0200,65d3fff1-7125-472d-bbc3-1b240f9c8d5b,2026-07-16T11:30:00Z,2026-07-16T13:30:00+0200,1.48,MW,NL,NL,actual_onshore_wind_generation,Wind Onshore | Actual Consumption,2026-08-02T23:51:38Z
2026-08-02T23:49:28Z,2026-08-03T01:49:28+0200,65d3fff1-7125-472d-bbc3-1b240f9c8d5b,2026-07-16T11:45:00Z,2026-07-16T13:45:00+0200,34.059,MW,NL,NL,actual_onshore_wind_generation,Wind Onshore | Actual Aggregated,2026-08-02T23:51:38Z
2026-08-02T23:49:28Z,2026-08-03T01:49:28+0200,65d3fff1-7125-472d-bbc3-1b240f9c8d5b,2026-07-16T11:45:00Z,2026-07-16T13:45:00+0200,1.499,MW,NL,NL,actual_onshore_wind_generation,Wind Onshore | Actual Consumption,2026-08-02T23:51:38Z
2026-08-02T23:49:28Z,2026-08-03T01:49:28+0200,65d3fff1-7125-472d-bbc3-1b240f9c8d5b,2026-07-16T12:00:00Z,2026-07-16T14:00:00+0200,52.232,MW,NL,NL,actual_onshore_wind_generation,Wind Onshore | Actual Aggregated,2026-08-02T23:51:38Z
2026-08-02T23:49:28Z,2026-08-03T01:49:28+0200,65d3fff1-7125-472d-bbc3-1b240f9c8d5b,2026-07-16T12:00:00Z,2026-07-16T14:00:00+0200,1.223,MW,NL,NL,actual_onshore_wind_generation,Wind Onshore | Actual Consumption,2026-08-02T23:51:38Z
2026-08-02T23:49:28Z,2026-08-03T01:49:28+0200,65d3fff1-7125-472d-bbc3-1b240f9c8d5b,2026-07-16T12:15:00Z,2026-07-16T14:15:00+0200,62.144,MW,NL,NL,actual_onshore_wind_generation,Wind Onshore | Actual Aggregated,2026-08-02T23:51:38Z
2026-08-02T23:49:28Z,2026-08-03T01:49:28+0200,65d3fff1-7125-472d-bbc3-1b240f9c8d5b,2026-07-16T12:15:00Z,2026-07-16T14:15:00+0200,0.888,MW,NL,NL,actual_onshore_wind_generation,Wind Onshore | Actual Consumption,2026-08-02T23:51:38Z
2026-08-02T23:49:28Z,2026-08-03T01:49:28+0200,65d3fff1-7125-472d-bbc3-1b240f9c8d5b,2026-07-16T12:30:00Z,2026-07-16T14:30:00+0200,57.557,MW,NL,NL,actual_onshore_wind_generation,Wind Onshore | Actual Aggregated,2026-08-02T23:51:38Z
2026-08-02T23:49:28Z,2026-08-03T01:49:28+0200,65d3fff1-7125-472d-bbc3-1b240f9c8d5b,2026-07-16T12:30:00Z,2026-07-16T14:30:00+0200,0.0,MW,NL,NL,actual_onshore_wind_generation,Wind Onshore | Actual Consumption,2026-08-02T23:51:38Z
2026-08-02T23:49:28Z,2026-08-03T01:49:28+0200,65d3fff1-7125-472d-bbc3-1b240f9c8d5b,2026-07-16T12:45:00Z,2026-07-16T14:45:00+0200,44.823,MW,NL,NL,actual_onshore_wind_generation,Wind Onshore | Actual Aggregated,2026-08-02T23:51:38Z
2026-08-02T23:49:28Z,2026-08-03T01:49:28+0200,65d3fff1-7125-472d-bbc3-1b240f9c8d5b,2026-07-16T12:45:00Z,2026-07-16T14:45:00+0200,0.0,MW,NL,NL,actual_onshore_wind_generation,Wind Onshore | Actual Consumption,2026-08-02T23:51:38Z
2026-08-02T23:49:28Z,2026-08-03T01:49:28+0200,65d3fff1-7125-472d-bbc3-1b240f9c8d5b,2026-07-16T13:00:00Z,2026-07-16T15:00:00+0200,41.196,MW,NL,NL,actual_onshore_wind_generation,Wind Onshore | Actual Aggregated,2026-08-02T23:51:38Z
2026-08-02T23:49:28Z,2026-08-03T01:49:28+0200,65d3fff1-7125-472d-bbc3-1b240f9c8d5b,2026-07-16T13:00:00Z,2026-07-16T15:00:00+0200,0.316,MW,NL,NL,actual_onshore_wind_generation,Wind Onshore | Actual Consumption,2026-08-02T23:51:38Z
2026-08-02T23:49:28Z,2026-08-03T01:49:28+0200,65d3fff1-7125-472d-bbc3-1b240f9c8d5b,2026-07-16T13:15:00Z,2026-07-16T15:15:00+0200,38.007,MW,NL,NL,actual_onshore_wind_generation,Wind Onshore | Actual Aggregated,2026-08-02T23:51:38Z
2026-08-02T23:49:28Z,2026-08-03T01:49:28+0200,65d3fff1-7125-472d-bbc3-1b240f9c8d5b,2026-07-16T13:15:00Z,2026-07-16T15:15:00+0200,1.294,MW,NL,NL,actual_onshore_wind_generation,Wind Onshore | Actual Consumption,2026-08-02T23:51:38Z
2026-08-02T23:49:28Z,2026-08-03T01:49:28+0200,65d3fff1-7125-472d-bbc3-1b240f9c8d5b,2026-07-16T13:30:00Z,2026-07-16T15:30:00+0200,52.147,MW,NL,NL,actual_onshore_wind_generation,Wind Onshore | Actual Aggregated,2026-08-02T23:51:38Z
2026-08-02T23:49:28Z,2026-08-03T01:49:28+0200,65d3fff1-7125-472d-bbc3-1b240f9c8d5b,2026-07-16T13:30:00Z,2026-07-16T15:30:00+0200,0.0,MW,NL,NL,actual_onshore_wind_generation,Wind Onshore | Actual Consumption,2026-08-02T23:51:38Z
2026-08-02T23:49:28Z,2026-08-03T01:49:28+0200,65d3fff1-7125-472d-bbc3-1b240f9c8d5b,2026-07-16T13:45:00Z,2026-07-16T15:45:00+0200,63.45,MW,NL,NL,actual_onshore_wind_generation,Wind Onshore | Actual Aggregated,2026-08-02T23:51:38Z
2026-08-02T23:49:28Z,2026-08-03T01:49:28+0200,65d3fff1-7125-472d-bbc3-1b240f9c8d5b,2026-07-16T13:45:00Z,2026-07-16T15:45:00+0200,0.0,MW,NL,NL,actual_onshore_wind_generation,Wind Onshore | Actual Consumption,2026-08-02T23:51:38Z
2026-08-02T23:49:28Z,2026-08-03T01:49:28+0200,65d3fff1-7125-472d-bbc3-1b240f9c8d5b,2026-07-16T14:00:00Z,2026-07-16T16:00:00+0200,75.045,MW,NL,NL,actual_onshore_wind_generation,Wind Onshore | Actual Aggregated,2026-08-02T23:51:38Z
2026-08-02T23:49:28Z,2026-08-03T01:49:28+0200,65d3fff1-7125-472d-bbc3-1b240f9c8d5b,2026-07-16T14:00:00Z,2026-07-16T16:00:00+0200,0.0,MW,NL,NL,actual_onshore_wind_generation,Wind Onshore | Actual Consumption,2026-08-02T23:51:38Z
2026-08-02T23:49:28Z,2026-08-03T01:49:28+0200,65d3fff1-7125-472d-bbc3-1b240f9c8d5b,2026-07-16T14:15:00Z,2026-07-16T16:15:00+0200,106.762,MW,NL,NL,actual_onshore_wind_generation,Wind Onshore | Actual Aggregated,2026-08-02T23:51:38Z
2026-08-02T23:49:28Z,2026-08-03T01:49:28+0200,65d3fff1-7125-472d-bbc3-1b240f9c8d5b,2026-07-16T14:15:00Z,2026-07-16T16:15:00+0200,0.0,MW,NL,NL,actual_onshore_wind_generation,Wind Onshore | Actual Consumption,2026-08-02T23:51:38Z
2026-08-02T23:49:28Z,2026-08-03T01:49:28+0200,65d3fff1-7125-472d-bbc3-1b240f9c8d5b,2026-07-16T14:30:00Z,2026-07-16T16:30:00+0200,123.922,MW,NL,NL,actual_onshore_wind_generation,Wind Onshore | Actual Aggregated,2026-08-02T23:51:38Z
2026-08-02T23:49:28Z,2026-08-03T01:49:28+0200,65d3fff1-7125-472d-bbc3-1b240f9c8d5b,2026-07-16T14:30:00Z,2026-07-16T16:30:00+0200,0.0,MW,NL,NL,actual_onshore_wind_generation,Wind Onshore | Actual Consumption,2026-08-02T23:51:38Z
2026-08-02T23:49:28Z,2026-08-03T01:49:28+0200,65d3fff1-7125-472d-bbc3-1b240f9c8d5b,2026-07-16T14:45:00Z,2026-07-16T16:45:00+0200,102.489,MW,NL,NL,actual_onshore_wind_generation,Wind Onshore | Actual Aggregated,2026-08-02T23:51:38Z
2026-08-02T23:49:28Z,2026-08-03T01:49:28+0200,65d3fff1-7125-472d-bbc3-1b240f9c8d5b,2026-07-16T14:45:00Z,2026-07-16T16:45:00+0200,0.0,MW,NL,NL,actual_onshore_wind_generation,Wind Onshore | Actual Consumption,2026-08-02T23:51:38Z
2026-08-02T23:49:28Z,2026-08-03T01:49:28+0200,65d3fff1-7125-472d-bbc3-1b240f9c8d5b,2026-07-16T15:00:00Z,2026-07-16T17:00:00+0200,96.473,MW,NL,NL,actual_onshore_wind_generation,Wind Onshore | Actual Aggregated,2026-08-02T23:51:38Z
2026-08-02T23:49:28Z,2026-08-03T01:49:28+0200,65d3fff1-7125-472d-bbc3-1b240f9c8d5b,2026-07-16T15:00:00Z,2026-07-16T17:00:00+0200,0.0,MW,NL,NL,actual_onshore_wind_generation,Wind Onshore | Actual Consumption,2026-08-02T23:51:38Z
2026-08-02T23:49:28Z,2026-08-03T01:49:28+0200,65d3fff1-7125-472d-bbc3-1b240f9c8d5b,2026-07-16T15:15:00Z,2026-07-16T17:15:00+0200,81.17,MW,NL,NL,actual_onshore_wind_generation,Wind Onshore | Actual Aggregated,2026-08-02T23:51:38Z
2026-08-02T23:49:28Z,2026-08-03T01:49:28+0200,65d3fff1-7125-472d-bbc3-1b240f9c8d5b,2026-07-16T15:15:00Z,2026-07-16T17:15:00+0200,0.0,MW,NL,NL,actual_onshore_wind_generation,Wind Onshore | Actual Consumption,2026-08-02T23:51:38Z
2026-08-02T23:49:28Z,2026-08-03T01:49:28+0200,65d3fff1-7125-472d-bbc3-1b240f9c8d5b,2026-07-16T15:30:00Z,2026-07-16T17:30:00+0200,82.531,MW,NL,NL,actual_onshore_wind_generation,Wind Onshore | Actual Aggregated,2026-08-02T23:51:38Z
2026-08-02T23:49:28Z,2026-08-03T01:49:28+0200,65d3fff1-7125-472d-bbc3-1b240f9c8d5b,2026-07-16T15:30:00Z,2026-07-16T17:30:00+0200,0.0,MW,NL,NL,actual_onshore_wind_generation,Wind Onshore | Actual Consumption,2026-08-02T23:51:38Z
2026-08-02T23:49:28Z,2026-08-03T01:49:28+0200,65d3fff1-7125-472d-bbc3-1b240f9c8d5b,2026-07-16T15:45:00Z,2026-07-16T17:45:00+0200,97.858,MW,NL,NL,actual_onshore_wind_generation,Wind Onshore | Actual Aggregated,2026-08-02T23:51:38Z
2026-08-02T23:49:28Z,2026-08-03T01:49:28+0200,65d3fff1-7125-472d-bbc3-1b240f9c8d5b,2026-07-16T15:45:00Z,2026-07-16T17:45:00+0200,0.0,MW,NL,NL,actual_onshore_wind_generation,Wind Onshore | Actual Consumption,2026-08-02T23:51:38Z
2026-08-02T23:49:28Z,2026-08-03T01:49:28+0200,65d3fff1-7125-472d-bbc3-1b240f9c8d5b,2026-07-16T16:00:00Z,2026-07-16T18:00:00+0200,95.453,MW,NL,NL,actual_onshore_wind_generation,Wind Onshore | Actual Aggregated,2026-08-02T23:51:38Z
2026-08-02T23:49:28Z,2026-08-03T01:49:28+0200,65d3fff1-7125-472d-bbc3-1b240f9c8d5b,2026-07-16T16:00:00Z,2026-07-16T18:00:00+0200,0.0,MW,NL,NL,actual_onshore_wind_generation,Wind Onshore | Actual Consumption,2026-08-02T23:51:38Z
2026-08-02T23:49:28Z,2026-08-03T01:49:28+0200,65d3fff1-7125-472d-bbc3-1b240f9c8d5b,2026-07-16T16:15:00Z,2026-07-16T18:15:00+0200,84.968,MW,NL,NL,actual_onshore_wind_generation,Wind Onshore | Actual Aggregated,2026-08-02T23:51:38Z
2026-08-02T23:49:28Z,2026-08-03T01:49:28+0200,65d3fff1-7125-472d-bbc3-1b240f9c8d5b,2026-07-16T16:15:00Z,2026-07-16T18:15:00+0200,0.0,MW,NL,NL,actual_onshore_wind_generation,Wind Onshore | Actual Consumption,2026-08-02T23:51:38Z
2026-08-02T23:49:28Z,2026-08-03T01:49:28+0200,65d3fff1-7125-472d-bbc3-1b240f9c8d5b,2026-07-16T16:30:00Z,2026-07-16T18:30:00+0200,101.382,MW,NL,NL,actual_onshore_wind_generation,Wind Onshore | Actual Aggregated,2026-08-02T23:51:38Z
2026-08-02T23:49:28Z,2026-08-03T01:49:28+0200,65d3fff1-7125-472d-bbc3-1b240f9c8d5b,2026-07-16T16:30:00Z,2026-07-16T18:30:00+0200,0.0,MW,NL,NL,actual_onshore_wind_generation,Wind Onshore | Actual Consumption,2026-08-02T23:51:38Z
2026-08-02T23:49:28Z,2026-08-03T01:49:28+0200,65d3fff1-7125-472d-bbc3-1b240f9c8d5b,2026-07-16T16:45:00Z,2026-07-16T18:45:00+0200,121.543,MW,NL,NL,actual_onshore_wind_generation,Wind Onshore | Actual Aggregated,2026-08-02T23:51:38Z
2026-08-02T23:49:28Z,2026-08-03T01:49:28+0200,65d3fff1-7125-472d-bbc3-1b240f9c8d5b,2026-07-16T16:45:00Z,2026-07-16T18:45:00+0200,0.0,MW,NL,NL,actual_onshore_wind_generation,Wind Onshore | Actual Consumption,2026-08-02T23:51:38Z
2026-08-02T23:49:28Z,2026-08-03T01:49:28+0200,65d3fff1-7125-472d-bbc3-1b240f9c8d5b,2026-07-16T17:00:00Z,2026-07-16T19:00:00+0200,135.604,MW,NL,NL,actual_onshore_wind_generation,Wind Onshore | Actual Aggregated,2026-08-02T23:51:38Z
2026-08-02T23:49:28Z,2026-08-03T01:49:28+0200,65d3fff1-7125-472d-bbc3-1b240f9c8d5b,2026-07-16T17:00:00Z,2026-07-16T19:00:00+0200,0.0,MW,NL,NL,actual_onshore_wind_generation,Wind Onshore | Actual Consumption,2026-08-02T23:51:38Z
2026-08-02T23:49:28Z,2026-08-03T01:49:28+0200,65d3fff1-7125-472d-bbc3-1b240f9c8d5b,2026-07-16T17:15:00Z,2026-07-16T19:15:00+0200,139.581,MW,NL,NL,actual_onshore_wind_generation,Wind Onshore | Actual Aggregated,2026-08-02T23:51:38Z
2026-08-02T23:49:28Z,2026-08-03T01:49:28+0200,65d3fff1-7125-472d-bbc3-1b240f9c8d5b,2026-07-16T17:15:00Z,2026-07-16T19:15:00+0200,0.0,MW,NL,NL,actual_onshore_wind_generation,Wind Onshore | Actual Consumption,2026-08-02T23:51:38Z
2026-08-02T23:49:28Z,2026-08-03T01:49:28+0200,65d3fff1-7125-472d-bbc3-1b240f9c8d5b,2026-07-16T17:30:00Z,2026-07-16T19:30:00+0200,139.449,MW,NL,NL,actual_onshore_wind_generation,Wind Onshore | Actual Aggregated,2026-08-02T23:51:38Z
2026-08-02T23:49:28Z,2026-08-03T01:49:28+0200,65d3fff1-7125-472d-bbc3-1b240f9c8d5b,2026-07-16T17:30:00Z,2026-07-16T19:30:00+0200,0.0,MW,NL,NL,actual_onshore_wind_generation,Wind Onshore | Actual Consumption,2026-08-02T23:51:38Z
2026-08-02T23:49:28Z,2026-08-03T01:49:28+0200,65d3fff1-7125-472d-bbc3-1b240f9c8d5b,2026-07-16T17:45:00Z,2026-07-16T19:45:00+0200,140.705,MW,NL,NL,actual_onshore_wind_generation,Wind Onshore | Actual Aggregated,2026-08-02T23:51:38Z
2026-08-02T23:49:28Z,2026-08-03T01:49:28+0200,65d3fff1-7125-472d-bbc3-1b240f9c8d5b,2026-07-16T17:45:00Z,2026-07-16T19:45:00+0200,0.0,MW,NL,NL,actual_onshore_wind_generation,Wind Onshore | Actual Consumption,2026-08-02T23:51:38Z
2026-08-02T23:49:28Z,2026-08-03T01:49:28+0200,65d3fff1-7125-472d-bbc3-1b240f9c8d5b,2026-07-16T18:00:00Z,2026-07-16T20:00:00+0200,134.696,MW,NL,NL,actual_onshore_wind_generation,Wind Onshore | Actual Aggregated,2026-08-02T23:51:38Z
2026-08-02T23:49:28Z,2026-08-03T01:49:28+0200,65d3fff1-7125-472d-bbc3-1b240f9c8d5b,2026-07-16T18:00:00Z,2026-07-16T20:00:00+0200,0.0,MW,NL,NL,actual_onshore_wind_generation,Wind Onshore | Actual Consumption,2026-08-02T23:51:38Z
2026-08-02T23:49:28Z,2026-08-03T01:49:28+0200,65d3fff1-7125-472d-bbc3-1b240f9c8d5b,2026-07-16T18:15:00Z,2026-07-16T20:15:00+0200,124.173,MW,NL,NL,actual_onshore_wind_generation,Wind Onshore | Actual Aggregated,2026-08-02T23:51:38Z
2026-08-02T23:49:28Z,2026-08-03T01:49:28+0200,65d3fff1-7125-472d-bbc3-1b240f9c8d5b,2026-07-16T18:15:00Z,2026-07-16T20:15:00+0200,0.0,MW,NL,NL,actual_onshore_wind_generation,Wind Onshore | Actual Consumption,2026-08-02T23:51:38Z
2026-08-02T23:49:28Z,2026-08-03T01:49:28+0200,65d3fff1-7125-472d-bbc3-1b240f9c8d5b,2026-07-16T18:30:00Z,2026-07-16T20:30:00+0200,126.366,MW,NL,NL,actual_onshore_wind_generation,Wind Onshore | Actual Aggregated,2026-08-02T23:51:38Z
2026-08-02T23:49:28Z,2026-08-03T01:49:28+0200,65d3fff1-7125-472d-bbc3-1b240f9c8d5b,2026-07-16T18:30:00Z,2026-07-16T20:30:00+0200,0.0,MW,NL,NL,actual_onshore_wind_generation,Wind Onshore | Actual Consumption,2026-08-02T23:51:38Z
2026-08-02T23:49:28Z,2026-08-03T01:49:28+0200,65d3fff1-7125-472d-bbc3-1b240f9c8d5b,2026-07-16T18:45:00Z,2026-07-16T20:45:00+0200,134.83,MW,NL,NL,actual_onshore_wind_generation,Wind Onshore | Actual Aggregated,2026-08-02T23:51:38Z
2026-08-02T23:49:28Z,2026-08-03T01:49:28+0200,65d3fff1-7125-472d-bbc3-1b240f9c8d5b,2026-07-16T18:45:00Z,2026-07-16T20:45:00+0200,0.0,MW,NL,NL,actual_onshore_wind_generation,Wind Onshore | Actual Consumption,2026-08-02T23:51:38Z
2026-08-02T23:49:28Z,2026-08-03T01:49:28+0200,65d3fff1-7125-472d-bbc3-1b240f9c8d5b,2026-07-16T19:00:00Z,2026-07-16T21:00:00+0200,136.482,MW,NL,NL,actual_onshore_wind_generation,Wind Onshore | Actual Aggregated,2026-08-02T23:51:38Z
2026-08-02T23:49:28Z,2026-08-03T01:49:28+0200,65d3fff1-7125-472d-bbc3-1b240f9c8d5b,2026-07-16T19:00:00Z,2026-07-16T21:00:00+0200,0.0,MW,NL,NL,actual_onshore_wind_generation,Wind Onshore | Actual Consumption,2026-08-02T23:51:38Z
2026-08-02T23:49:28Z,2026-08-03T01:49:28+0200,65d3fff1-7125-472d-bbc3-1b240f9c8d5b,2026-07-16T19:15:00Z,2026-07-16T21:15:00+0200,138.619,MW,NL,NL,actual_onshore_wind_generation,Wind Onshore | Actual Aggregated,2026-08-02T23:51:38Z
2026-08-02T23:49:28Z,2026-08-03T01:49:28+0200,65d3fff1-7125-472d-bbc3-1b240f9c8d5b,2026-07-16T19:15:00Z,2026-07-16T21:15:00+0200,0.0,MW,NL,NL,actual_onshore_wind_generation,Wind Onshore | Actual Consumption,2026-08-02T23:51:38Z
2026-08-02T23:49:28Z,2026-08-03T01:49:28+0200,65d3fff1-7125-472d-bbc3-1b240f9c8d5b,2026-07-16T19:30:00Z,2026-07-16T21:30:00+0200,127.859,MW,NL,NL,actual_onshore_wind_generation,Wind Onshore | Actual Aggregated,2026-08-02T23:51:38Z
2026-08-02T23:49:28Z,2026-08-03T01:49:28+0200,65d3fff1-7125-472d-bbc3-1b240f9c8d5b,2026-07-16T19:30:00Z,2026-07-16T21:30:00+0200,0.0,MW,NL,NL,actual_onshore_wind_generation,Wind Onshore | Actual Consumption,2026-08-02T23:51:38Z
2026-08-02T23:49:28Z,2026-08-03T01:49:28+0200,65d3fff1-7125-472d-bbc3-1b240f9c8d5b,2026-07-16T19:45:00Z,2026-07-16T21:45:00+0200,106.551,MW,NL,NL,actual_onshore_wind_generation,Wind Onshore | Actual Aggregated,2026-08-02T23:51:38Z
2026-08-02T23:49:28Z,2026-08-03T01:49:28+0200,65d3fff1-7125-472d-bbc3-1b240f9c8d5b,2026-07-16T19:45:00Z,2026-07-16T21:45:00+0200,0.0,MW,NL,NL,actual_onshore_wind_generation,Wind Onshore | Actual Consumption,2026-08-02T23:51:38Z
2026-08-02T23:49:28Z,2026-08-03T01:49:28+0200,65d3fff1-7125-472d-bbc3-1b240f9c8d5b,2026-07-16T20:00:00Z,2026-07-16T22:00:00+0200,103.366,MW,NL,NL,actual_onshore_wind_generation,Wind Onshore | Actual Aggregated,2026-08-02T23:51:38Z
2026-08-02T23:49:28Z,2026-08-03T01:49:28+0200,65d3fff1-7125-472d-bbc3-1b240f9c8d5b,2026-07-16T20:00:00Z,2026-07-16T22:00:00+0200,0.0,MW,NL,NL,actual_onshore_wind_generation,Wind Onshore | Actual Consumption,2026-08-02T23:51:38Z
2026-08-02T23:49:28Z,2026-08-03T01:49:28+0200,65d3fff1-7125-472d-bbc3-1b240f9c8d5b,2026-07-16T20:15:00Z,2026-07-16T22:15:00+0200,96.089,MW,NL,NL,actual_onshore_wind_generation,Wind Onshore | Actual Aggregated,2026-08-02T23:51:38Z
2026-08-02T23:49:28Z,2026-08-03T01:49:28+0200,65d3fff1-7125-472d-bbc3-1b240f9c8d5b,2026-07-16T20:15:00Z,2026-07-16T22:15:00+0200,0.0,MW,NL,NL,actual_onshore_wind_generation,Wind Onshore | Actual Consumption,2026-08-02T23:51:38Z
2026-08-02T23:49:28Z,2026-08-03T01:49:28+0200,65d3fff1-7125-472d-bbc3-1b240f9c8d5b,2026-07-16T20:30:00Z,2026-07-16T22:30:00+0200,98.242,MW,NL,NL,actual_onshore_wind_generation,Wind Onshore | Actual Aggregated,2026-08-02T23:51:38Z
2026-08-02T23:49:28Z,2026-08-03T01:49:28+0200,65d3fff1-7125-472d-bbc3-1b240f9c8d5b,2026-07-16T20:30:00Z,2026-07-16T22:30:00+0200,0.0,MW,NL,NL,actual_onshore_wind_generation,Wind Onshore | Actual Consumption,2026-08-02T23:51:38Z
2026-08-02T23:49:28Z,2026-08-03T01:49:28+0200,65d3fff1-7125-472d-bbc3-1b240f9c8d5b,2026-07-16T20:45:00Z,2026-07-16T22:45:00+0200,95.881,MW,NL,NL,actual_onshore_wind_generation,Wind Onshore | Actual Aggregated,2026-08-02T23:51:38Z
2026-08-02T23:49:28Z,2026-08-03T01:49:28+0200,65d3fff1-7125-472d-bbc3-1b240f9c8d5b,2026-07-16T20:45:00Z,2026-07-16T22:45:00+0200,0.0,MW,NL,NL,actual_onshore_wind_generation,Wind Onshore | Actual Consumption,2026-08-02T23:51:38Z
2026-08-02T23:49:28Z,2026-08-03T01:49:28+0200,65d3fff1-7125-472d-bbc3-1b240f9c8d5b,2026-07-16T21:00:00Z,2026-07-16T23:00:00+0200,82.591,MW,NL,NL,actual_onshore_wind_generation,Wind Onshore | Actual Aggregated,2026-08-02T23:51:38Z
2026-08-02T23:49:28Z,2026-08-03T01:49:28+0200,65d3fff1-7125-472d-bbc3-1b240f9c8d5b,2026-07-16T21:00:00Z,2026-07-16T23:00:00+0200,0.0,MW,NL,NL,actual_onshore_wind_generation,Wind Onshore | Actual Consumption,2026-08-02T23:51:38Z
2026-08-02T23:49:28Z,2026-08-03T01:49:28+0200,65d3fff1-7125-472d-bbc3-1b240f9c8d5b,2026-07-16T21:15:00Z,2026-07-16T23:15:00+0200,78.664,MW,NL,NL,actual_onshore_wind_generation,Wind Onshore | Actual Aggregated,2026-08-02T23:51:38Z
2026-08-02T23:49:28Z,2026-08-03T01:49:28+0200,65d3fff1-7125-472d-bbc3-1b240f9c8d5b,2026-07-16T21:15:00Z,2026-07-16T23:15:00+0200,0.0,MW,NL,NL,actual_onshore_wind_generation,Wind Onshore | Actual Consumption,2026-08-02T23:51:38Z
2026-08-02T23:49:28Z,2026-08-03T01:49:28+0200,65d3fff1-7125-472d-bbc3-1b240f9c8d5b,2026-07-16T21:30:00Z,2026-07-16T23:30:00+0200,79.504,MW,NL,NL,actual_onshore_wind_generation,Wind Onshore | Actual Aggregated,2026-08-02T23:51:38Z
2026-08-02T23:49:28Z,2026-08-03T01:49:28+0200,65d3fff1-7125-472d-bbc3-1b240f9c8d5b,2026-07-16T21:30:00Z,2026-07-16T23:30:00+0200,0.0,MW,NL,NL,actual_onshore_wind_generation,Wind Onshore | Actual Consumption,2026-08-02T23:51:38Z
2026-08-02T23:49:28Z,2026-08-03T01:49:28+0200,65d3fff1-7125-472d-bbc3-1b240f9c8d5b,2026-07-16T21:45:00Z,2026-07-16T23:45:00+0200,87.348,MW,NL,NL,actual_onshore_wind_generation,Wind Onshore | Actual Aggregated,2026-08-02T23:51:38Z
2026-08-02T23:49:28Z,2026-08-03T01:49:28+0200,65d3fff1-7125-472d-bbc3-1b240f9c8d5b,2026-07-16T21:45:00Z,2026-07-16T23:45:00+0200,0.0,MW,NL,NL,actual_onshore_wind_generation,Wind Onshore | Actual Consumption,2026-08-02T23:51:38Z
2026-08-02T23:49:28Z,2026-08-03T01:49:28+0200,65d3fff1-7125-472d-bbc3-1b240f9c8d5b,2026-07-16T22:00:00Z,2026-07-17T00:00:00+0200,84.365,MW,NL,NL,actual_onshore_wind_generation,Wind Onshore | Actual Aggregated,2026-08-02T23:51:38Z
2026-08-02T23:49:28Z,2026-08-03T01:49:28+0200,65d3fff1-7125-472d-bbc3-1b240f9c8d5b,2026-07-16T22:00:00Z,2026-07-17T00:00:00+0200,0.0,MW,NL,NL,actual_onshore_wind_generation,Wind Onshore | Actual Consumption,2026-08-02T23:51:38Z
2026-08-02T23:49:28Z,2026-08-03T01:49:28+0200,65d3fff1-7125-472d-bbc3-1b240f9c8d5b,2026-07-16T22:15:00Z,2026-07-17T00:15:00+0200,87.092,MW,NL,NL,actual_onshore_wind_generation,Wind Onshore | Actual Aggregated,2026-08-02T23:51:38Z
2026-08-02T23:49:28Z,2026-08-03T01:49:28+0200,65d3fff1-7125-472d-bbc3-1b240f9c8d5b,2026-07-16T22:15:00Z,2026-07-17T00:15:00+0200,0.0,MW,NL,NL,actual_onshore_wind_generation,Wind Onshore | Actual Consumption,2026-08-02T23:51:38Z
2026-08-02T23:49:28Z,2026-08-03T01:49:28+0200,65d3fff1-7125-472d-bbc3-1b240f9c8d5b,2026-07-16T22:30:00Z,2026-07-17T00:30:00+0200,72.195,MW,NL,NL,actual_onshore_wind_generation,Wind Onshore | Actual Aggregated,2026-08-02T23:51:38Z
2026-08-02T23:49:28Z,2026-08-03T01:49:28+0200,65d3fff1-7125-472d-bbc3-1b240f9c8d5b,2026-07-16T22:30:00Z,2026-07-17T00:30:00+0200,0.0,MW,NL,NL,actual_onshore_wind_generation,Wind Onshore | Actual Consumption,2026-08-02T23:51:38Z
2026-08-02T23:49:28Z,2026-08-03T01:49:28+0200,65d3fff1-7125-472d-bbc3-1b240f9c8d5b,2026-07-16T22:45:00Z,2026-07-17T00:45:00+0200,67.994,MW,NL,NL,actual_onshore_wind_generation,Wind Onshore | Actual Aggregated,2026-08-02T23:51:38Z
2026-08-02T23:49:28Z,2026-08-03T01:49:28+0200,65d3fff1-7125-472d-bbc3-1b240f9c8d5b,2026-07-16T22:45:00Z,2026-07-17T00:45:00+0200,0.0,MW,NL,NL,actual_onshore_wind_generation,Wind Onshore | Actual Consumption,2026-08-02T23:51:38Z
2026-08-02T23:49:28Z,2026-08-03T01:49:28+0200,65d3fff1-7125-472d-bbc3-1b240f9c8d5b,2026-07-16T23:00:00Z,2026-07-17T01:00:00+0200,65.242,MW,NL,NL,actual_onshore_wind_generation,Wind Onshore | Actual Aggregated,2026-08-02T23:51:38Z
2026-08-02T23:49:28Z,2026-08-03T01:49:28+0200,65d3fff1-7125-472d-bbc3-1b240f9c8d5b,2026-07-16T23:00:00Z,2026-07-17T01:00:00+0200,0.0,MW,NL,NL,actual_onshore_wind_generation,Wind Onshore | Actual Consumption,2026-08-02T23:51:38Z
2026-08-02T23:49:28Z,2026-08-03T01:49:28+0200,65d3fff1-7125-472d-bbc3-1b240f9c8d5b,2026-07-16T23:15:00Z,2026-07-17T01:15:00+0200,65.113,MW,NL,NL,actual_onshore_wind_generation,Wind Onshore | Actual Aggregated,2026-08-02T23:51:38Z
2026-08-02T23:49:28Z,2026-08-03T01:49:28+0200,65d3fff1-7125-472d-bbc3-1b240f9c8d5b,2026-07-16T23:15:00Z,2026-07-17T01:15:00+0200,0.0,MW,NL,NL,actual_onshore_wind_generation,Wind Onshore | Actual Consumption,2026-08-02T23:51:38Z
2026-08-02T23:49:28Z,2026-08-03T01:49:28+0200,65d3fff1-7125-472d-bbc3-1b240f9c8d5b,2026-07-16T23:30:00Z,2026-07-17T01:30:00+0200,50.488,MW,NL,NL,actual_onshore_wind_generation,Wind Onshore | Actual Aggregated,2026-08-02T23:51:38Z
2026-08-02T23:49:28Z,2026-08-03T01:49:28+0200,65d3fff1-7125-472d-bbc3-1b240f9c8d5b,2026-07-16T23:30:00Z,2026-07-17T01:30:00+0200,0.0,MW,NL,NL,actual_onshore_wind_generation,Wind Onshore | Actual Consumption,2026-08-02T23:51:38Z
2026-08-02T23:49:28Z,2026-08-03T01:49:28+0200,65d3fff1-7125-472d-bbc3-1b240f9c8d5b,2026-07-16T23:45:00Z,2026-07-17T01:45:00+0200,47.328,MW,NL,NL,actual_onshore_wind_generation,Wind Onshore | Actual Aggregated,2026-08-02T23:51:38Z
2026-08-02T23:49:28Z,2026-08-03T01:49:28+0200,65d3fff1-7125-472d-bbc3-1b240f9c8d5b,2026-07-16T23:45:00Z,2026-07-17T01:45:00+0200,0.0,MW,NL,NL,actual_onshore_wind_generation,Wind Onshore | Actual Consumption,2026-08-02T23:51:38Z
2026-08-02T23:49:28Z,2026-08-03T01:49:28+0200,65d3fff1-7125-472d-bbc3-1b240f9c8d5b,2026-07-17T00:00:00Z,2026-07-17T02:00:00+0200,47.184,MW,NL,NL,actual_onshore_wind_generation,Wind Onshore | Actual Aggregated,2026-08-02T23:51:38Z
2026-08-02T23:49:28Z,2026-08-03T01:49:28+0200,65d3fff1-7125-472d-bbc3-1b240f9c8d5b,2026-07-17T00:00:00Z,2026-07-17T02:00:00+0200,0.0,MW,NL,NL,actual_onshore_wind_generation,Wind Onshore | Actual Consumption,2026-08-02T23:51:38Z
2026-08-02T23:49:28Z,2026-08-03T01:49:28+0200,65d3fff1-7125-472d-bbc3-1b240f9c8d5b,2026-07-17T00:15:00Z,2026-07-17T02:15:00+0200,42.849,MW,NL,NL,actual_onshore_wind_generation,Wind Onshore | Actual Aggregated,2026-08-02T23:51:38Z
2026-08-02T23:49:28Z,2026-08-03T01:49:28+0200,65d3fff1-7125-472d-bbc3-1b240f9c8d5b,2026-07-17T00:15:00Z,2026-07-17T02:15:00+0200,0.037,MW,NL,NL,actual_onshore_wind_generation,Wind Onshore | Actual Consumption,2026-08-02T23:51:38Z
2026-08-02T23:49:28Z,2026-08-03T01:49:28+0200,65d3fff1-7125-472d-bbc3-1b240f9c8d5b,2026-07-17T00:30:00Z,2026-07-17T02:30:00+0200,33.653,MW,NL,NL,actual_onshore_wind_generation,Wind Onshore | Actual Aggregated,2026-08-02T23:51:38Z
2026-08-02T23:49:28Z,2026-08-03T01:49:28+0200,65d3fff1-7125-472d-bbc3-1b240f9c8d5b,2026-07-17T00:30:00Z,2026-07-17T02:30:00+0200,0.229,MW,NL,NL,actual_onshore_wind_generation,Wind Onshore | Actual Consumption,2026-08-02T23:51:38Z
2026-08-02T23:49:28Z,2026-08-03T01:49:28+0200,65d3fff1-7125-472d-bbc3-1b240f9c8d5b,2026-07-17T00:45:00Z,2026-07-17T02:45:00+0200,16.688,MW,NL,NL,actual_onshore_wind_generation,Wind Onshore | Actual Aggregated,2026-08-02T23:51:38Z
2026-08-02T23:49:28Z,2026-08-03T01:49:28+0200,65d3fff1-7125-472d-bbc3-1b240f9c8d5b,2026-07-17T00:45:00Z,2026-07-17T02:45:00+0200,4.327,MW,NL,NL,actual_onshore_wind_generation,Wind Onshore | Actual Consumption,2026-08-02T23:51:38Z
2026-08-02T23:49:28Z,2026-08-03T01:49:28+0200,65d3fff1-7125-472d-bbc3-1b240f9c8d5b,2026-07-17T01:00:00Z,2026-07-17T03:00:00+0200,11.487,MW,NL,NL,actual_onshore_wind_generation,Wind Onshore | Actual Aggregated,2026-08-02T23:51:38Z
2026-08-02T23:49:28Z,2026-08-03T01:49:28+0200,65d3fff1-7125-472d-bbc3-1b240f9c8d5b,2026-07-17T01:00:00Z,2026-07-17T03:00:00+0200,4.687,MW,NL,NL,actual_onshore_wind_generation,Wind Onshore | Actual Consumption,2026-08-02T23:51:38Z
2026-08-02T23:49:28Z,2026-08-03T01:49:28+0200,65d3fff1-7125-472d-bbc3-1b240f9c8d5b,2026-07-17T01:15:00Z,2026-07-17T03:15:00+0200,10.224,MW,NL,NL,actual_onshore_wind_generation,Wind Onshore | Actual Aggregated,2026-08-02T23:51:38Z
2026-08-02T23:49:28Z,2026-08-03T01:49:28+0200,65d3fff1-7125-472d-bbc3-1b240f9c8d5b,2026-07-17T01:15:00Z,2026-07-17T03:15:00+0200,4.51,MW,NL,NL,actual_onshore_wind_generation,Wind Onshore | Actual Consumption,2026-08-02T23:51:38Z
2026-08-02T23:49:28Z,2026-08-03T01:49:28+0200,65d3fff1-7125-472d-bbc3-1b240f9c8d5b,2026-07-17T01:30:00Z,2026-07-17T03:30:00+0200,11.71,MW,NL,NL,actual_onshore_wind_generation,Wind Onshore | Actual Aggregated,2026-08-02T23:51:38Z
2026-08-02T23:49:28Z,2026-08-03T01:49:28+0200,65d3fff1-7125-472d-bbc3-1b240f9c8d5b,2026-07-17T01:30:00Z,2026-07-17T03:30:00+0200,4.785,MW,NL,NL,actual_onshore_wind_generation,Wind Onshore | Actual Consumption,2026-08-02T23:51:38Z
2026-08-02T23:49:28Z,2026-08-03T01:49:28+0200,65d3fff1-7125-472d-bbc3-1b240f9c8d5b,2026-07-17T01:45:00Z,2026-07-17T03:45:00+0200,13.151,MW,NL,NL,actual_onshore_wind_generation,Wind Onshore | Actual Aggregated,2026-08-02T23:51:38Z
2026-08-02T23:49:28Z,2026-08-03T01:49:28+0200,65d3fff1-7125-472d-bbc3-1b240f9c8d5b,2026-07-17T01:45:00Z,2026-07-17T03:45:00+0200,4.971,MW,NL,NL,actual_onshore_wind_generation,Wind Onshore | Actual Consumption,2026-08-02T23:51:38Z
2026-08-02T23:49:28Z,2026-08-03T01:49:28+0200,65d3fff1-7125-472d-bbc3-1b240f9c8d5b,2026-07-17T02:00:00Z,2026-07-17T04:00:00+0200,16.089,MW,NL,NL,actual_onshore_wind_generation,Wind Onshore | Actual Aggregated,2026-08-02T23:51:38Z
2026-08-02T23:49:28Z,2026-08-03T01:49:28+0200,65d3fff1-7125-472d-bbc3-1b240f9c8d5b,2026-07-17T02:00:00Z,2026-07-17T04:00:00+0200,4.43,MW,NL,NL,actual_onshore_wind_generation,Wind Onshore | Actual Consumption,2026-08-02T23:51:38Z
2026-08-02T23:49:28Z,2026-08-03T01:49:28+0200,65d3fff1-7125-472d-bbc3-1b240f9c8d5b,2026-07-17T02:15:00Z,2026-07-17T04:15:00+0200,27.784,MW,NL,NL,actual_onshore_wind_generation,Wind Onshore | Actual Aggregated,2026-08-02T23:51:38Z
2026-08-02T23:49:28Z,2026-08-03T01:49:28+0200,65d3fff1-7125-472d-bbc3-1b240f9c8d5b,2026-07-17T02:15:00Z,2026-07-17T04:15:00+0200,3.834,MW,NL,NL,actual_onshore_wind_generation,Wind Onshore | Actual Consumption,2026-08-02T23:51:38Z
2026-08-02T23:49:28Z,2026-08-03T01:49:28+0200,65d3fff1-7125-472d-bbc3-1b240f9c8d5b,2026-07-17T02:30:00Z,2026-07-17T04:30:00+0200,45.67,MW,NL,NL,actual_onshore_wind_generation,Wind Onshore | Actual Aggregated,2026-08-02T23:51:38Z
2026-08-02T23:49:28Z,2026-08-03T01:49:28+0200,65d3fff1-7125-472d-bbc3-1b240f9c8d5b,2026-07-17T02:30:00Z,2026-07-17T04:30:00+0200,0.0,MW,NL,NL,actual_onshore_wind_generation,Wind Onshore | Actual Consumption,2026-08-02T23:51:38Z
2026-08-02T23:49:28Z,2026-08-03T01:49:28+0200,65d3fff1-7125-472d-bbc3-1b240f9c8d5b,2026-07-17T02:45:00Z,2026-07-17T04:45:00+0200,49.875,MW,NL,NL,actual_onshore_wind_generation,Wind Onshore | Actual Aggregated,2026-08-02T23:51:38Z
2026-08-02T23:49:28Z,2026-08-03T01:49:28+0200,65d3fff1-7125-472d-bbc3-1b240f9c8d5b,2026-07-17T02:45:00Z,2026-07-17T04:45:00+0200,0.0,MW,NL,NL,actual_onshore_wind_generation,Wind Onshore | Actual Consumption,2026-08-02T23:51:38Z
2026-08-02T23:49:28Z,2026-08-03T01:49:28+0200,65d3fff1-7125-472d-bbc3-1b240f9c8d5b,2026-07-17T03:00:00Z,2026-07-17T05:00:00+0200,76.486,MW,NL,NL,actual_onshore_wind_generation,Wind Onshore | Actual Aggregated,2026-08-02T23:51:38Z
2026-08-02T23:49:28Z,2026-08-03T01:49:28+0200,65d3fff1-7125-472d-bbc3-1b240f9c8d5b,2026-07-17T03:00:00Z,2026-07-17T05:00:00+0200,0.0,MW,NL,NL,actual_onshore_wind_generation,Wind Onshore | Actual Consumption,2026-08-02T23:51:38Z
2026-08-02T23:49:28Z,2026-08-03T01:49:28+0200,65d3fff1-7125-472d-bbc3-1b240f9c8d5b,2026-07-17T03:15:00Z,2026-07-17T05:15:00+0200,104.527,MW,NL,NL,actual_onshore_wind_generation,Wind Onshore | Actual Aggregated,2026-08-02T23:51:38Z
2026-08-02T23:49:28Z,2026-08-03T01:49:28+0200,65d3fff1-7125-472d-bbc3-1b240f9c8d5b,2026-07-17T03:15:00Z,2026-07-17T05:15:00+0200,0.0,MW,NL,NL,actual_onshore_wind_generation,Wind Onshore | Actual Consumption,2026-08-02T23:51:38Z
2026-08-02T23:49:28Z,2026-08-03T01:49:28+0200,65d3fff1-7125-472d-bbc3-1b240f9c8d5b,2026-07-17T03:30:00Z,2026-07-17T05:30:00+0200,130.03,MW,NL,NL,actual_onshore_wind_generation,Wind Onshore | Actual Aggregated,2026-08-02T23:51:38Z
2026-08-02T23:49:28Z,2026-08-03T01:49:28+0200,65d3fff1-7125-472d-bbc3-1b240f9c8d5b,2026-07-17T03:30:00Z,2026-07-17T05:30:00+0200,0.0,MW,NL,NL,actual_onshore_wind_generation,Wind Onshore | Actual Consumption,2026-08-02T23:51:38Z
2026-08-02T23:49:28Z,2026-08-03T01:49:28+0200,65d3fff1-7125-472d-bbc3-1b240f9c8d5b,2026-07-17T03:45:00Z,2026-07-17T05:45:00+0200,136.184,MW,NL,NL,actual_onshore_wind_generation,Wind Onshore | Actual Aggregated,2026-08-02T23:51:38Z
2026-08-02T23:49:28Z,2026-08-03T01:49:28+0200,65d3fff1-7125-472d-bbc3-1b240f9c8d5b,2026-07-17T03:45:00Z,2026-07-17T05:45:00+0200,0.0,MW,NL,NL,actual_onshore_wind_generation,Wind Onshore | Actual Consumption,2026-08-02T23:51:38Z
2026-08-02T23:49:28Z,2026-08-03T01:49:28+0200,65d3fff1-7125-472d-bbc3-1b240f9c8d5b,2026-07-17T04:00:00Z,2026-07-17T06:00:00+0200,129.138,MW,NL,NL,actual_onshore_wind_generation,Wind Onshore | Actual Aggregated,2026-08-02T23:51:38Z
2026-08-02T23:49:28Z,2026-08-03T01:49:28+0200,65d3fff1-7125-472d-bbc3-1b240f9c8d5b,2026-07-17T04:00:00Z,2026-07-17T06:00:00+0200,0.0,MW,NL,NL,actual_onshore_wind_generation,Wind Onshore | Actual Consumption,2026-08-02T23:51:38Z
2026-08-02T23:49:28Z,2026-08-03T01:49:28+0200,65d3fff1-7125-472d-bbc3-1b240f9c8d5b,2026-07-17T04:15:00Z,2026-07-17T06:15:00+0200,125.49,MW,NL,NL,actual_onshore_wind_generation,Wind Onshore | Actual Aggregated,2026-08-02T23:51:38Z
2026-08-02T23:49:28Z,2026-08-03T01:49:28+0200,65d3fff1-7125-472d-bbc3-1b240f9c8d5b,2026-07-17T04:15:00Z,2026-07-17T06:15:00+0200,0.0,MW,NL,NL,actual_onshore_wind_generation,Wind Onshore | Actual Consumption,2026-08-02T23:51:38Z
2026-08-02T23:49:28Z,2026-08-03T01:49:28+0200,65d3fff1-7125-472d-bbc3-1b240f9c8d5b,2026-07-17T04:30:00Z,2026-07-17T06:30:00+0200,124.11,MW,NL,NL,actual_onshore_wind_generation,Wind Onshore | Actual Aggregated,2026-08-02T23:51:38Z
2026-08-02T23:49:28Z,2026-08-03T01:49:28+0200,65d3fff1-7125-472d-bbc3-1b240f9c8d5b,2026-07-17T04:30:00Z,2026-07-17T06:30:00+0200,0.0,MW,NL,NL,actual_onshore_wind_generation,Wind Onshore | Actual Consumption,2026-08-02T23:51:38Z
2026-08-02T23:49:28Z,2026-08-03T01:49:28+0200,65d3fff1-7125-472d-bbc3-1b240f9c8d5b,2026-07-17T04:45:00Z,2026-07-17T06:45:00+0200,124.843,MW,NL,NL,actual_onshore_wind_generation,Wind Onshore | Actual Aggregated,2026-08-02T23:51:38Z
2026-08-02T23:49:28Z,2026-08-03T01:49:28+0200,65d3fff1-7125-472d-bbc3-1b240f9c8d5b,2026-07-17T04:45:00Z,2026-07-17T06:45:00+0200,0.0,MW,NL,NL,actual_onshore_wind_generation,Wind Onshore | Actual Consumption,2026-08-02T23:51:38Z
2026-08-02T23:49:28Z,2026-08-03T01:49:28+0200,65d3fff1-7125-472d-bbc3-1b240f9c8d5b,2026-07-17T05:00:00Z,2026-07-17T07:00:00+0200,131.957,MW,NL,NL,actual_onshore_wind_generation,Wind Onshore | Actual Aggregated,2026-08-02T23:51:38Z
2026-08-02T23:49:28Z,2026-08-03T01:49:28+0200,65d3fff1-7125-472d-bbc3-1b240f9c8d5b,2026-07-17T05:00:00Z,2026-07-17T07:00:00+0200,0.0,MW,NL,NL,actual_onshore_wind_generation,Wind Onshore | Actual Consumption,2026-08-02T23:51:38Z
2026-08-02T23:49:28Z,2026-08-03T01:49:28+0200,65d3fff1-7125-472d-bbc3-1b240f9c8d5b,2026-07-17T05:15:00Z,2026-07-17T07:15:00+0200,121.109,MW,NL,NL,actual_onshore_wind_generation,Wind Onshore | Actual Aggregated,2026-08-02T23:51:38Z
2026-08-02T23:49:28Z,2026-08-03T01:49:28+0200,65d3fff1-7125-472d-bbc3-1b240f9c8d5b,2026-07-17T05:15:00Z,2026-07-17T07:15:00+0200,0.0,MW,NL,NL,actual_onshore_wind_generation,Wind Onshore | Actual Consumption,2026-08-02T23:51:38Z
2026-08-02T23:49:28Z,2026-08-03T01:49:28+0200,65d3fff1-7125-472d-bbc3-1b240f9c8d5b,2026-07-17T05:30:00Z,2026-07-17T07:30:00+0200,95.024,MW,NL,NL,actual_onshore_wind_generation,Wind Onshore | Actual Aggregated,2026-08-02T23:51:38Z
2026-08-02T23:49:28Z,2026-08-03T01:49:28+0200,65d3fff1-7125-472d-bbc3-1b240f9c8d5b,2026-07-17T05:30:00Z,2026-07-17T07:30:00+0200,0.0,MW,NL,NL,actual_onshore_wind_generation,Wind Onshore | Actual Consumption,2026-08-02T23:51:38Z
2026-08-02T23:49:28Z,2026-08-03T01:49:28+0200,65d3fff1-7125-472d-bbc3-1b240f9c8d5b,2026-07-17T05:45:00Z,2026-07-17T07:45:00+0200,76.559,MW,NL,NL,actual_onshore_wind_generation,Wind Onshore | Actual Aggregated,2026-08-02T23:51:38Z
2026-08-02T23:49:28Z,2026-08-03T01:49:28+0200,65d3fff1-7125-472d-bbc3-1b240f9c8d5b,2026-07-17T05:45:00Z,2026-07-17T07:45:00+0200,0.651,MW,NL,NL,actual_onshore_wind_generation,Wind Onshore | Actual Consumption,2026-08-02T23:51:38Z
2026-08-02T23:49:28Z,2026-08-03T01:49:28+0200,65d3fff1-7125-472d-bbc3-1b240f9c8d5b,2026-07-17T06:00:00Z,2026-07-17T08:00:00+0200,64.935,MW,NL,NL,actual_onshore_wind_generation,Wind Onshore | Actual Aggregated,2026-08-02T23:51:38Z
2026-08-02T23:49:28Z,2026-08-03T01:49:28+0200,65d3fff1-7125-472d-bbc3-1b240f9c8d5b,2026-07-17T06:00:00Z,2026-07-17T08:00:00+0200,0.237,MW,NL,NL,actual_onshore_wind_generation,Wind Onshore | Actual Consumption,2026-08-02T23:51:38Z
2026-08-02T23:49:28Z,2026-08-03T01:49:28+0200,65d3fff1-7125-472d-bbc3-1b240f9c8d5b,2026-07-17T06:15:00Z,2026-07-17T08:15:00+0200,54.982,MW,NL,NL,actual_onshore_wind_generation,Wind Onshore | Actual Aggregated,2026-08-02T23:51:38Z
2026-08-02T23:49:28Z,2026-08-03T01:49:28+0200,65d3fff1-7125-472d-bbc3-1b240f9c8d5b,2026-07-17T06:15:00Z,2026-07-17T08:15:00+0200,0.27,MW,NL,NL,actual_onshore_wind_generation,Wind Onshore | Actual Consumption,2026-08-02T23:51:38Z
2026-08-02T23:49:28Z,2026-08-03T01:49:28+0200,65d3fff1-7125-472d-bbc3-1b240f9c8d5b,2026-07-17T06:30:00Z,2026-07-17T08:30:00+0200,35.538,MW,NL,NL,actual_onshore_wind_generation,Wind Onshore | Actual Aggregated,2026-08-02T23:51:38Z
2026-08-02T23:49:28Z,2026-08-03T01:49:28+0200,65d3fff1-7125-472d-bbc3-1b240f9c8d5b,2026-07-17T06:30:00Z,2026-07-17T08:30:00+0200,0.142,MW,NL,NL,actual_onshore_wind_generation,Wind Onshore | Actual Consumption,2026-08-02T23:51:38Z
2026-08-02T23:49:28Z,2026-08-03T01:49:28+0200,65d3fff1-7125-472d-bbc3-1b240f9c8d5b,2026-07-17T06:45:00Z,2026-07-17T08:45:00+0200,49.994,MW,NL,NL,actual_onshore_wind_generation,Wind Onshore | Actual Aggregated,2026-08-02T23:51:38Z
2026-08-02T23:49:28Z,2026-08-03T01:49:28+0200,65d3fff1-7125-472d-bbc3-1b240f9c8d5b,2026-07-17T06:45:00Z,2026-07-17T08:45:00+0200,0.0,MW,NL,NL,actual_onshore_wind_generation,Wind Onshore | Actual Consumption,2026-08-02T23:51:38Z
2026-08-02T23:49:28Z,2026-08-03T01:49:28+0200,65d3fff1-7125-472d-bbc3-1b240f9c8d5b,2026-07-17T07:00:00Z,2026-07-17T09:00:00+0200,69.387,MW,NL,NL,actual_onshore_wind_generation,Wind Onshore | Actual Aggregated,2026-08-02T23:51:38Z
2026-08-02T23:49:28Z,2026-08-03T01:49:28+0200,65d3fff1-7125-472d-bbc3-1b240f9c8d5b,2026-07-17T07:00:00Z,2026-07-17T09:00:00+0200,0.0,MW,NL,NL,actual_onshore_wind_generation,Wind Onshore | Actual Consumption,2026-08-02T23:51:38Z
2026-08-02T23:49:28Z,2026-08-03T01:49:28+0200,65d3fff1-7125-472d-bbc3-1b240f9c8d5b,2026-07-17T07:15:00Z,2026-07-17T09:15:00+0200,90.76,MW,NL,NL,actual_onshore_wind_generation,Wind Onshore | Actual Aggregated,2026-08-02T23:51:38Z
2026-08-02T23:49:28Z,2026-08-03T01:49:28+0200,65d3fff1-7125-472d-bbc3-1b240f9c8d5b,2026-07-17T07:15:00Z,2026-07-17T09:15:00+0200,0.0,MW,NL,NL,actual_onshore_wind_generation,Wind Onshore | Actual Consumption,2026-08-02T23:51:38Z
2026-08-02T23:49:28Z,2026-08-03T01:49:28+0200,65d3fff1-7125-472d-bbc3-1b240f9c8d5b,2026-07-17T07:30:00Z,2026-07-17T09:30:00+0200,88.615,MW,NL,NL,actual_onshore_wind_generation,Wind Onshore | Actual Aggregated,2026-08-02T23:51:38Z
2026-08-02T23:49:28Z,2026-08-03T01:49:28+0200,65d3fff1-7125-472d-bbc3-1b240f9c8d5b,2026-07-17T07:30:00Z,2026-07-17T09:30:00+0200,0.0,MW,NL,NL,actual_onshore_wind_generation,Wind Onshore | Actual Consumption,2026-08-02T23:51:38Z
2026-08-02T23:49:28Z,2026-08-03T01:49:28+0200,65d3fff1-7125-472d-bbc3-1b240f9c8d5b,2026-07-17T07:45:00Z,2026-07-17T09:45:00+0200,78.114,MW,NL,NL,actual_onshore_wind_generation,Wind Onshore | Actual Aggregated,2026-08-02T23:51:38Z
2026-08-02T23:49:28Z,2026-08-03T01:49:28+0200,65d3fff1-7125-472d-bbc3-1b240f9c8d5b,2026-07-17T07:45:00Z,2026-07-17T09:45:00+0200,0.0,MW,NL,NL,actual_onshore_wind_generation,Wind Onshore | Actual Consumption,2026-08-02T23:51:38Z
2026-08-02T23:49:28Z,2026-08-03T01:49:28+0200,65d3fff1-7125-472d-bbc3-1b240f9c8d5b,2026-07-17T08:00:00Z,2026-07-17T10:00:00+0200,89.203,MW,NL,NL,actual_onshore_wind_generation,Wind Onshore | Actual Aggregated,2026-08-02T23:51:38Z
2026-08-02T23:49:28Z,2026-08-03T01:49:28+0200,65d3fff1-7125-472d-bbc3-1b240f9c8d5b,2026-07-17T08:00:00Z,2026-07-17T10:00:00+0200,0.0,MW,NL,NL,actual_onshore_wind_generation,Wind Onshore | Actual Consumption,2026-08-02T23:51:38Z
2026-08-02T23:49:28Z,2026-08-03T01:49:28+0200,65d3fff1-7125-472d-bbc3-1b240f9c8d5b,2026-07-17T08:15:00Z,2026-07-17T10:15:00+0200,78.984,MW,NL,NL,actual_onshore_wind_generation,Wind Onshore | Actual Aggregated,2026-08-02T23:51:38Z
2026-08-02T23:49:28Z,2026-08-03T01:49:28+0200,65d3fff1-7125-472d-bbc3-1b240f9c8d5b,2026-07-17T08:15:00Z,2026-07-17T10:15:00+0200,0.0,MW,NL,NL,actual_onshore_wind_generation,Wind Onshore | Actual Consumption,2026-08-02T23:51:38Z
2026-08-02T23:49:28Z,2026-08-03T01:49:28+0200,65d3fff1-7125-472d-bbc3-1b240f9c8d5b,2026-07-17T08:30:00Z,2026-07-17T10:30:00+0200,79.921,MW,NL,NL,actual_onshore_wind_generation,Wind Onshore | Actual Aggregated,2026-08-02T23:51:38Z
2026-08-02T23:49:28Z,2026-08-03T01:49:28+0200,65d3fff1-7125-472d-bbc3-1b240f9c8d5b,2026-07-17T08:30:00Z,2026-07-17T10:30:00+0200,0.0,MW,NL,NL,actual_onshore_wind_generation,Wind Onshore | Actual Consumption,2026-08-02T23:51:38Z
2026-08-02T23:49:28Z,2026-08-03T01:49:28+0200,65d3fff1-7125-472d-bbc3-1b240f9c8d5b,2026-07-17T08:45:00Z,2026-07-17T10:45:00+0200,90.437,MW,NL,NL,actual_onshore_wind_generation,Wind Onshore | Actual Aggregated,2026-08-02T23:51:38Z
2026-08-02T23:49:28Z,2026-08-03T01:49:28+0200,65d3fff1-7125-472d-bbc3-1b240f9c8d5b,2026-07-17T08:45:00Z,2026-07-17T10:45:00+0200,0.0,MW,NL,NL,actual_onshore_wind_generation,Wind Onshore | Actual Consumption,2026-08-02T23:51:38Z
2026-08-02T23:49:28Z,2026-08-03T01:49:28+0200,65d3fff1-7125-472d-bbc3-1b240f9c8d5b,2026-07-17T09:00:00Z,2026-07-17T11:00:00+0200,103.471,MW,NL,NL,actual_onshore_wind_generation,Wind Onshore | Actual Aggregated,2026-08-02T23:51:38Z
2026-08-02T23:49:28Z,2026-08-03T01:49:28+0200,65d3fff1-7125-472d-bbc3-1b240f9c8d5b,2026-07-17T09:00:00Z,2026-07-17T11:00:00+0200,0.0,MW,NL,NL,actual_onshore_wind_generation,Wind Onshore | Actual Consumption,2026-08-02T23:51:38Z
2026-08-02T23:49:28Z,2026-08-03T01:49:28+0200,65d3fff1-7125-472d-bbc3-1b240f9c8d5b,2026-07-17T09:15:00Z,2026-07-17T11:15:00+0200,115.6,MW,NL,NL,actual_onshore_wind_generation,Wind Onshore | Actual Aggregated,2026-08-02T23:51:38Z
2026-08-02T23:49:28Z,2026-08-03T01:49:28+0200,65d3fff1-7125-472d-bbc3-1b240f9c8d5b,2026-07-17T09:15:00Z,2026-07-17T11:15:00+0200,0.0,MW,NL,NL,actual_onshore_wind_generation,Wind Onshore | Actual Consumption,2026-08-02T23:51:38Z
2026-08-02T23:49:28Z,2026-08-03T01:49:28+0200,65d3fff1-7125-472d-bbc3-1b240f9c8d5b,2026-07-17T09:30:00Z,2026-07-17T11:30:00+0200,117.912,MW,NL,NL,actual_onshore_wind_generation,Wind Onshore | Actual Aggregated,2026-08-02T23:51:38Z
2026-08-02T23:49:28Z,2026-08-03T01:49:28+0200,65d3fff1-7125-472d-bbc3-1b240f9c8d5b,2026-07-17T09:30:00Z,2026-07-17T11:30:00+0200,0.0,MW,NL,NL,actual_onshore_wind_generation,Wind Onshore | Actual Consumption,2026-08-02T23:51:38Z
2026-08-02T23:49:28Z,2026-08-03T01:49:28+0200,65d3fff1-7125-472d-bbc3-1b240f9c8d5b,2026-07-17T09:45:00Z,2026-07-17T11:45:00+0200,118.268,MW,NL,NL,actual_onshore_wind_generation,Wind Onshore | Actual Aggregated,2026-08-02T23:51:38Z
2026-08-02T23:49:28Z,2026-08-03T01:49:28+0200,65d3fff1-7125-472d-bbc3-1b240f9c8d5b,2026-07-17T09:45:00Z,2026-07-17T11:45:00+0200,0.0,MW,NL,NL,actual_onshore_wind_generation,Wind Onshore | Actual Consumption,2026-08-02T23:51:38Z
2026-08-02T23:49:28Z,2026-08-03T01:49:28+0200,65d3fff1-7125-472d-bbc3-1b240f9c8d5b,2026-07-17T10:00:00Z,2026-07-17T12:00:00+0200,136.022,MW,NL,NL,actual_onshore_wind_generation,Wind Onshore | Actual Aggregated,2026-08-02T23:51:38Z
2026-08-02T23:49:28Z,2026-08-03T01:49:28+0200,65d3fff1-7125-472d-bbc3-1b240f9c8d5b,2026-07-17T10:00:00Z,2026-07-17T12:00:00+0200,0.0,MW,NL,NL,actual_onshore_wind_generation,Wind Onshore | Actual Consumption,2026-08-02T23:51:38Z
2026-08-02T23:49:28Z,2026-08-03T01:49:28+0200,65d3fff1-7125-472d-bbc3-1b240f9c8d5b,2026-07-17T10:15:00Z,2026-07-17T12:15:00+0200,144.572,MW,NL,NL,actual_onshore_wind_generation,Wind Onshore | Actual Aggregated,2026-08-02T23:51:38Z
2026-08-02T23:49:28Z,2026-08-03T01:49:28+0200,65d3fff1-7125-472d-bbc3-1b240f9c8d5b,2026-07-17T10:15:00Z,2026-07-17T12:15:00+0200,0.0,MW,NL,NL,actual_onshore_wind_generation,Wind Onshore | Actual Consumption,2026-08-02T23:51:38Z
2026-08-02T23:49:28Z,2026-08-03T01:49:28+0200,65d3fff1-7125-472d-bbc3-1b240f9c8d5b,2026-07-17T10:30:00Z,2026-07-17T12:30:00+0200,159.264,MW,NL,NL,actual_onshore_wind_generation,Wind Onshore | Actual Aggregated,2026-08-02T23:51:38Z
2026-08-02T23:49:28Z,2026-08-03T01:49:28+0200,65d3fff1-7125-472d-bbc3-1b240f9c8d5b,2026-07-17T10:30:00Z,2026-07-17T12:30:00+0200,0.0,MW,NL,NL,actual_onshore_wind_generation,Wind Onshore | Actual Consumption,2026-08-02T23:51:38Z
2026-08-02T23:49:28Z,2026-08-03T01:49:28+0200,65d3fff1-7125-472d-bbc3-1b240f9c8d5b,2026-07-17T10:45:00Z,2026-07-17T12:45:00+0200,180.482,MW,NL,NL,actual_onshore_wind_generation,Wind Onshore | Actual Aggregated,2026-08-02T23:51:38Z
2026-08-02T23:49:28Z,2026-08-03T01:49:28+0200,65d3fff1-7125-472d-bbc3-1b240f9c8d5b,2026-07-17T10:45:00Z,2026-07-17T12:45:00+0200,0.0,MW,NL,NL,actual_onshore_wind_generation,Wind Onshore | Actual Consumption,2026-08-02T23:51:38Z
2026-08-02T23:49:28Z,2026-08-03T01:49:28+0200,65d3fff1-7125-472d-bbc3-1b240f9c8d5b,2026-07-17T11:00:00Z,2026-07-17T13:00:00+0200,187.551,MW,NL,NL,actual_onshore_wind_generation,Wind Onshore | Actual Aggregated,2026-08-02T23:51:38Z
2026-08-02T23:49:28Z,2026-08-03T01:49:28+0200,65d3fff1-7125-472d-bbc3-1b240f9c8d5b,2026-07-17T11:00:00Z,2026-07-17T13:00:00+0200,0.0,MW,NL,NL,actual_onshore_wind_generation,Wind Onshore | Actual Consumption,2026-08-02T23:51:38Z
2026-08-02T23:49:28Z,2026-08-03T01:49:28+0200,65d3fff1-7125-472d-bbc3-1b240f9c8d5b,2026-07-17T11:15:00Z,2026-07-17T13:15:00+0200,195.215,MW,NL,NL,actual_onshore_wind_generation,Wind Onshore | Actual Aggregated,2026-08-02T23:51:38Z
2026-08-02T23:49:28Z,2026-08-03T01:49:28+0200,65d3fff1-7125-472d-bbc3-1b240f9c8d5b,2026-07-17T11:15:00Z,2026-07-17T13:15:00+0200,0.0,MW,NL,NL,actual_onshore_wind_generation,Wind Onshore | Actual Consumption,2026-08-02T23:51:38Z
2026-08-02T23:49:28Z,2026-08-03T01:49:28+0200,65d3fff1-7125-472d-bbc3-1b240f9c8d5b,2026-07-17T11:30:00Z,2026-07-17T13:30:00+0200,177.397,MW,NL,NL,actual_onshore_wind_generation,Wind Onshore | Actual Aggregated,2026-08-02T23:51:38Z
2026-08-02T23:49:28Z,2026-08-03T01:49:28+0200,65d3fff1-7125-472d-bbc3-1b240f9c8d5b,2026-07-17T11:30:00Z,2026-07-17T13:30:00+0200,0.0,MW,NL,NL,actual_onshore_wind_generation,Wind Onshore | Actual Consumption,2026-08-02T23:51:38Z
2026-08-02T23:49:28Z,2026-08-03T01:49:28+0200,65d3fff1-7125-472d-bbc3-1b240f9c8d5b,2026-07-17T11:45:00Z,2026-07-17T13:45:00+0200,177.4,MW,NL,NL,actual_onshore_wind_generation,Wind Onshore | Actual Aggregated,2026-08-02T23:51:38Z
2026-08-02T23:49:28Z,2026-08-03T01:49:28+0200,65d3fff1-7125-472d-bbc3-1b240f9c8d5b,2026-07-17T11:45:00Z,2026-07-17T13:45:00+0200,0.0,MW,NL,NL,actual_onshore_wind_generation,Wind Onshore | Actual Consumption,2026-08-02T23:51:38Z
2026-08-02T23:49:28Z,2026-08-03T01:49:28+0200,65d3fff1-7125-472d-bbc3-1b240f9c8d5b,2026-07-17T12:00:00Z,2026-07-17T14:00:00+0200,202.488,MW,NL,NL,actual_onshore_wind_generation,Wind Onshore | Actual Aggregated,2026-08-02T23:51:38Z
2026-08-02T23:49:28Z,2026-08-03T01:49:28+0200,65d3fff1-7125-472d-bbc3-1b240f9c8d5b,2026-07-17T12:00:00Z,2026-07-17T14:00:00+0200,0.0,MW,NL,NL,actual_onshore_wind_generation,Wind Onshore | Actual Consumption,2026-08-02T23:51:38Z
2026-08-02T23:49:28Z,2026-08-03T01:49:28+0200,65d3fff1-7125-472d-bbc3-1b240f9c8d5b,2026-07-17T12:15:00Z,2026-07-17T14:15:00+0200,218.76,MW,NL,NL,actual_onshore_wind_generation,Wind Onshore | Actual Aggregated,2026-08-02T23:51:38Z
2026-08-02T23:49:28Z,2026-08-03T01:49:28+0200,65d3fff1-7125-472d-bbc3-1b240f9c8d5b,2026-07-17T12:15:00Z,2026-07-17T14:15:00+0200,0.0,MW,NL,NL,actual_onshore_wind_generation,Wind Onshore | Actual Consumption,2026-08-02T23:51:38Z
2026-08-02T23:49:28Z,2026-08-03T01:49:28+0200,65d3fff1-7125-472d-bbc3-1b240f9c8d5b,2026-07-17T12:30:00Z,2026-07-17T14:30:00+0200,215.72,MW,NL,NL,actual_onshore_wind_generation,Wind Onshore | Actual Aggregated,2026-08-02T23:51:38Z
2026-08-02T23:49:28Z,2026-08-03T01:49:28+0200,65d3fff1-7125-472d-bbc3-1b240f9c8d5b,2026-07-17T12:30:00Z,2026-07-17T14:30:00+0200,0.0,MW,NL,NL,actual_onshore_wind_generation,Wind Onshore | Actual Consumption,2026-08-02T23:51:38Z
2026-08-02T23:49:28Z,2026-08-03T01:49:28+0200,65d3fff1-7125-472d-bbc3-1b240f9c8d5b,2026-07-17T12:45:00Z,2026-07-17T14:45:00+0200,219.015,MW,NL,NL,actual_onshore_wind_generation,Wind Onshore | Actual Aggregated,2026-08-02T23:51:38Z
2026-08-02T23:49:28Z,2026-08-03T01:49:28+0200,65d3fff1-7125-472d-bbc3-1b240f9c8d5b,2026-07-17T12:45:00Z,2026-07-17T14:45:00+0200,0.0,MW,NL,NL,actual_onshore_wind_generation,Wind Onshore | Actual Consumption,2026-08-02T23:51:38Z
2026-08-02T23:49:28Z,2026-08-03T01:49:28+0200,65d3fff1-7125-472d-bbc3-1b240f9c8d5b,2026-07-17T13:00:00Z,2026-07-17T15:00:00+0200,241.78,MW,NL,NL,actual_onshore_wind_generation,Wind Onshore | Actual Aggregated,2026-08-02T23:51:38Z
2026-08-02T23:49:28Z,2026-08-03T01:49:28+0200,65d3fff1-7125-472d-bbc3-1b240f9c8d5b,2026-07-17T13:00:00Z,2026-07-17T15:00:00+0200,0.0,MW,NL,NL,actual_onshore_wind_generation,Wind Onshore | Actual Consumption,2026-08-02T23:51:38Z
2026-08-02T23:49:28Z,2026-08-03T01:49:28+0200,65d3fff1-7125-472d-bbc3-1b240f9c8d5b,2026-07-17T13:15:00Z,2026-07-17T15:15:00+0200,252.893,MW,NL,NL,actual_onshore_wind_generation,Wind Onshore | Actual Aggregated,2026-08-02T23:51:38Z
2026-08-02T23:49:28Z,2026-08-03T01:49:28+0200,65d3fff1-7125-472d-bbc3-1b240f9c8d5b,2026-07-17T13:15:00Z,2026-07-17T15:15:00+0200,0.0,MW,NL,NL,actual_onshore_wind_generation,Wind Onshore | Actual Consumption,2026-08-02T23:51:38Z
2026-08-02T23:49:28Z,2026-08-03T01:49:28+0200,65d3fff1-7125-472d-bbc3-1b240f9c8d5b,2026-07-17T13:30:00Z,2026-07-17T15:30:00+0200,259.994,MW,NL,NL,actual_onshore_wind_generation,Wind Onshore | Actual Aggregated,2026-08-02T23:51:38Z
2026-08-02T23:49:28Z,2026-08-03T01:49:28+0200,65d3fff1-7125-472d-bbc3-1b240f9c8d5b,2026-07-17T13:30:00Z,2026-07-17T15:30:00+0200,0.0,MW,NL,NL,actual_onshore_wind_generation,Wind Onshore | Actual Consumption,2026-08-02T23:51:38Z
2026-08-02T23:49:28Z,2026-08-03T01:49:28+0200,65d3fff1-7125-472d-bbc3-1b240f9c8d5b,2026-07-17T13:45:00Z,2026-07-17T15:45:00+0200,310.441,MW,NL,NL,actual_onshore_wind_generation,Wind Onshore | Actual Aggregated,2026-08-02T23:51:38Z
2026-08-02T23:49:28Z,2026-08-03T01:49:28+0200,65d3fff1-7125-472d-bbc3-1b240f9c8d5b,2026-07-17T13:45:00Z,2026-07-17T15:45:00+0200,0.0,MW,NL,NL,actual_onshore_wind_generation,Wind Onshore | Actual Consumption,2026-08-02T23:51:38Z
2026-08-02T23:49:28Z,2026-08-03T01:49:28+0200,65d3fff1-7125-472d-bbc3-1b240f9c8d5b,2026-07-17T14:00:00Z,2026-07-17T16:00:00+0200,323.033,MW,NL,NL,actual_onshore_wind_generation,Wind Onshore | Actual Aggregated,2026-08-02T23:51:38Z
2026-08-02T23:49:28Z,2026-08-03T01:49:28+0200,65d3fff1-7125-472d-bbc3-1b240f9c8d5b,2026-07-17T14:00:00Z,2026-07-17T16:00:00+0200,0.0,MW,NL,NL,actual_onshore_wind_generation,Wind Onshore | Actual Consumption,2026-08-02T23:51:38Z
2026-08-02T23:49:28Z,2026-08-03T01:49:28+0200,65d3fff1-7125-472d-bbc3-1b240f9c8d5b,2026-07-17T14:15:00Z,2026-07-17T16:15:00+0200,298.528,MW,NL,NL,actual_onshore_wind_generation,Wind Onshore | Actual Aggregated,2026-08-02T23:51:38Z
2026-08-02T23:49:28Z,2026-08-03T01:49:28+0200,65d3fff1-7125-472d-bbc3-1b240f9c8d5b,2026-07-17T14:15:00Z,2026-07-17T16:15:00+0200,0.0,MW,NL,NL,actual_onshore_wind_generation,Wind Onshore | Actual Consumption,2026-08-02T23:51:38Z
2026-08-02T23:49:28Z,2026-08-03T01:49:28+0200,65d3fff1-7125-472d-bbc3-1b240f9c8d5b,2026-07-17T14:30:00Z,2026-07-17T16:30:00+0200,283.297,MW,NL,NL,actual_onshore_wind_generation,Wind Onshore | Actual Aggregated,2026-08-02T23:51:38Z
2026-08-02T23:49:28Z,2026-08-03T01:49:28+0200,65d3fff1-7125-472d-bbc3-1b240f9c8d5b,2026-07-17T14:30:00Z,2026-07-17T16:30:00+0200,0.0,MW,NL,NL,actual_onshore_wind_generation,Wind Onshore | Actual Consumption,2026-08-02T23:51:38Z
2026-08-02T23:49:28Z,2026-08-03T01:49:28+0200,65d3fff1-7125-472d-bbc3-1b240f9c8d5b,2026-07-17T14:45:00Z,2026-07-17T16:45:00+0200,299.257,MW,NL,NL,actual_onshore_wind_generation,Wind Onshore | Actual Aggregated,2026-08-02T23:51:38Z
2026-08-02T23:49:28Z,2026-08-03T01:49:28+0200,65d3fff1-7125-472d-bbc3-1b240f9c8d5b,2026-07-17T14:45:00Z,2026-07-17T16:45:00+0200,0.0,MW,NL,NL,actual_onshore_wind_generation,Wind Onshore | Actual Consumption,2026-08-02T23:51:38Z
2026-08-02T23:49:28Z,2026-08-03T01:49:28+0200,65d3fff1-7125-472d-bbc3-1b240f9c8d5b,2026-07-17T15:00:00Z,2026-07-17T17:00:00+0200,288.962,MW,NL,NL,actual_onshore_wind_generation,Wind Onshore | Actual Aggregated,2026-08-02T23:51:38Z
2026-08-02T23:49:28Z,2026-08-03T01:49:28+0200,65d3fff1-7125-472d-bbc3-1b240f9c8d5b,2026-07-17T15:00:00Z,2026-07-17T17:00:00+0200,0.0,MW,NL,NL,actual_onshore_wind_generation,Wind Onshore | Actual Consumption,2026-08-02T23:51:38Z
2026-08-02T23:49:28Z,2026-08-03T01:49:28+0200,65d3fff1-7125-472d-bbc3-1b240f9c8d5b,2026-07-17T15:15:00Z,2026-07-17T17:15:00+0200,306.972,MW,NL,NL,actual_onshore_wind_generation,Wind Onshore | Actual Aggregated,2026-08-02T23:51:38Z
2026-08-02T23:49:28Z,2026-08-03T01:49:28+0200,65d3fff1-7125-472d-bbc3-1b240f9c8d5b,2026-07-17T15:15:00Z,2026-07-17T17:15:00+0200,0.0,MW,NL,NL,actual_onshore_wind_generation,Wind Onshore | Actual Consumption,2026-08-02T23:51:38Z
2026-08-02T23:49:28Z,2026-08-03T01:49:28+0200,65d3fff1-7125-472d-bbc3-1b240f9c8d5b,2026-07-17T15:30:00Z,2026-07-17T17:30:00+0200,279.858,MW,NL,NL,actual_onshore_wind_generation,Wind Onshore | Actual Aggregated,2026-08-02T23:51:38Z
2026-08-02T23:49:28Z,2026-08-03T01:49:28+0200,65d3fff1-7125-472d-bbc3-1b240f9c8d5b,2026-07-17T15:30:00Z,2026-07-17T17:30:00+0200,0.0,MW,NL,NL,actual_onshore_wind_generation,Wind Onshore | Actual Consumption,2026-08-02T23:51:38Z
2026-08-02T23:49:28Z,2026-08-03T01:49:28+0200,65d3fff1-7125-472d-bbc3-1b240f9c8d5b,2026-07-17T15:45:00Z,2026-07-17T17:45:00+0200,264.229,MW,NL,NL,actual_onshore_wind_generation,Wind Onshore | Actual Aggregated,2026-08-02T23:51:38Z
2026-08-02T23:49:28Z,2026-08-03T01:49:28+0200,65d3fff1-7125-472d-bbc3-1b240f9c8d5b,2026-07-17T15:45:00Z,2026-07-17T17:45:00+0200,0.0,MW,NL,NL,actual_onshore_wind_generation,Wind Onshore | Actual Consumption,2026-08-02T23:51:38Z
2026-08-02T23:49:28Z,2026-08-03T01:49:28+0200,65d3fff1-7125-472d-bbc3-1b240f9c8d5b,2026-07-17T16:00:00Z,2026-07-17T18:00:00+0200,263.825,MW,NL,NL,actual_onshore_wind_generation,Wind Onshore | Actual Aggregated,2026-08-02T23:51:38Z
2026-08-02T23:49:28Z,2026-08-03T01:49:28+0200,65d3fff1-7125-472d-bbc3-1b240f9c8d5b,2026-07-17T16:00:00Z,2026-07-17T18:00:00+0200,0.0,MW,NL,NL,actual_onshore_wind_generation,Wind Onshore | Actual Consumption,2026-08-02T23:51:38Z
2026-08-02T23:49:28Z,2026-08-03T01:49:28+0200,65d3fff1-7125-472d-bbc3-1b240f9c8d5b,2026-07-17T16:15:00Z,2026-07-17T18:15:00+0200,320.891,MW,NL,NL,actual_onshore_wind_generation,Wind Onshore | Actual Aggregated,2026-08-02T23:51:38Z
2026-08-02T23:49:28Z,2026-08-03T01:49:28+0200,65d3fff1-7125-472d-bbc3-1b240f9c8d5b,2026-07-17T16:15:00Z,2026-07-17T18:15:00+0200,0.0,MW,NL,NL,actual_onshore_wind_generation,Wind Onshore | Actual Consumption,2026-08-02T23:51:38Z
2026-08-02T23:49:28Z,2026-08-03T01:49:28+0200,65d3fff1-7125-472d-bbc3-1b240f9c8d5b,2026-07-17T16:30:00Z,2026-07-17T18:30:00+0200,339.21,MW,NL,NL,actual_onshore_wind_generation,Wind Onshore | Actual Aggregated,2026-08-02T23:51:38Z
2026-08-02T23:49:28Z,2026-08-03T01:49:28+0200,65d3fff1-7125-472d-bbc3-1b240f9c8d5b,2026-07-17T16:30:00Z,2026-07-17T18:30:00+0200,0.0,MW,NL,NL,actual_onshore_wind_generation,Wind Onshore | Actual Consumption,2026-08-02T23:51:38Z
2026-08-02T23:49:28Z,2026-08-03T01:49:28+0200,65d3fff1-7125-472d-bbc3-1b240f9c8d5b,2026-07-17T16:45:00Z,2026-07-17T18:45:00+0200,315.345,MW,NL,NL,actual_onshore_wind_generation,Wind Onshore | Actual Aggregated,2026-08-02T23:51:38Z
2026-08-02T23:49:28Z,2026-08-03T01:49:28+0200,65d3fff1-7125-472d-bbc3-1b240f9c8d5b,2026-07-17T16:45:00Z,2026-07-17T18:45:00+0200,0.0,MW,NL,NL,actual_onshore_wind_generation,Wind Onshore | Actual Consumption,2026-08-02T23:51:38Z
2026-08-02T23:49:28Z,2026-08-03T01:49:28+0200,65d3fff1-7125-472d-bbc3-1b240f9c8d5b,2026-07-17T17:00:00Z,2026-07-17T19:00:00+0200,328.043,MW,NL,NL,actual_onshore_wind_generation,Wind Onshore | Actual Aggregated,2026-08-02T23:51:38Z
2026-08-02T23:49:28Z,2026-08-03T01:49:28+0200,65d3fff1-7125-472d-bbc3-1b240f9c8d5b,2026-07-17T17:00:00Z,2026-07-17T19:00:00+0200,0.0,MW,NL,NL,actual_onshore_wind_generation,Wind Onshore | Actual Consumption,2026-08-02T23:51:38Z
2026-08-02T23:49:28Z,2026-08-03T01:49:28+0200,65d3fff1-7125-472d-bbc3-1b240f9c8d5b,2026-07-17T17:15:00Z,2026-07-17T19:15:00+0200,321.57,MW,NL,NL,actual_onshore_wind_generation,Wind Onshore | Actual Aggregated,2026-08-02T23:51:38Z
2026-08-02T23:49:28Z,2026-08-03T01:49:28+0200,65d3fff1-7125-472d-bbc3-1b240f9c8d5b,2026-07-17T17:15:00Z,2026-07-17T19:15:00+0200,0.0,MW,NL,NL,actual_onshore_wind_generation,Wind Onshore | Actual Consumption,2026-08-02T23:51:38Z
2026-08-02T23:49:28Z,2026-08-03T01:49:28+0200,65d3fff1-7125-472d-bbc3-1b240f9c8d5b,2026-07-17T17:30:00Z,2026-07-17T19:30:00+0200,304.07,MW,NL,NL,actual_onshore_wind_generation,Wind Onshore | Actual Aggregated,2026-08-02T23:51:38Z
2026-08-02T23:49:28Z,2026-08-03T01:49:28+0200,65d3fff1-7125-472d-bbc3-1b240f9c8d5b,2026-07-17T17:30:00Z,2026-07-17T19:30:00+0200,0.0,MW,NL,NL,actual_onshore_wind_generation,Wind Onshore | Actual Consumption,2026-08-02T23:51:38Z
2026-08-02T23:49:28Z,2026-08-03T01:49:28+0200,65d3fff1-7125-472d-bbc3-1b240f9c8d5b,2026-07-17T17:45:00Z,2026-07-17T19:45:00+0200,280.477,MW,NL,NL,actual_onshore_wind_generation,Wind Onshore | Actual Aggregated,2026-08-02T23:51:38Z
2026-08-02T23:49:28Z,2026-08-03T01:49:28+0200,65d3fff1-7125-472d-bbc3-1b240f9c8d5b,2026-07-17T17:45:00Z,2026-07-17T19:45:00+0200,0.0,MW,NL,NL,actual_onshore_wind_generation,Wind Onshore | Actual Consumption,2026-08-02T23:51:38Z
2026-08-02T23:49:28Z,2026-08-03T01:49:28+0200,65d3fff1-7125-472d-bbc3-1b240f9c8d5b,2026-07-17T18:00:00Z,2026-07-17T20:00:00+0200,253.785,MW,NL,NL,actual_onshore_wind_generation,Wind Onshore | Actual Aggregated,2026-08-02T23:51:38Z
2026-08-02T23:49:28Z,2026-08-03T01:49:28+0200,65d3fff1-7125-472d-bbc3-1b240f9c8d5b,2026-07-17T18:00:00Z,2026-07-17T20:00:00+0200,0.0,MW,NL,NL,actual_onshore_wind_generation,Wind Onshore | Actual Consumption,2026-08-02T23:51:38Z
2026-08-02T23:49:28Z,2026-08-03T01:49:28+0200,65d3fff1-7125-472d-bbc3-1b240f9c8d5b,2026-07-17T18:15:00Z,2026-07-17T20:15:00+0200,212.55,MW,NL,NL,actual_onshore_wind_generation,Wind Onshore | Actual Aggregated,2026-08-02T23:51:38Z
2026-08-02T23:49:28Z,2026-08-03T01:49:28+0200,65d3fff1-7125-472d-bbc3-1b240f9c8d5b,2026-07-17T18:15:00Z,2026-07-17T20:15:00+0200,0.0,MW,NL,NL,actual_onshore_wind_generation,Wind Onshore | Actual Consumption,2026-08-02T23:51:38Z
2026-08-02T23:49:28Z,2026-08-03T01:49:28+0200,65d3fff1-7125-472d-bbc3-1b240f9c8d5b,2026-07-17T18:30:00Z,2026-07-17T20:30:00+0200,200.262,MW,NL,NL,actual_onshore_wind_generation,Wind Onshore | Actual Aggregated,2026-08-02T23:51:38Z
2026-08-02T23:49:28Z,2026-08-03T01:49:28+0200,65d3fff1-7125-472d-bbc3-1b240f9c8d5b,2026-07-17T18:30:00Z,2026-07-17T20:30:00+0200,0.0,MW,NL,NL,actual_onshore_wind_generation,Wind Onshore | Actual Consumption,2026-08-02T23:51:38Z
2026-08-02T23:49:28Z,2026-08-03T01:49:28+0200,65d3fff1-7125-472d-bbc3-1b240f9c8d5b,2026-07-17T18:45:00Z,2026-07-17T20:45:00+0200,201.777,MW,NL,NL,actual_onshore_wind_generation,Wind Onshore | Actual Aggregated,2026-08-02T23:51:38Z
2026-08-02T23:49:28Z,2026-08-03T01:49:28+0200,65d3fff1-7125-472d-bbc3-1b240f9c8d5b,2026-07-17T18:45:00Z,2026-07-17T20:45:00+0200,0.0,MW,NL,NL,actual_onshore_wind_generation,Wind Onshore | Actual Consumption,2026-08-02T23:51:38Z
2026-08-02T23:49:28Z,2026-08-03T01:49:28+0200,65d3fff1-7125-472d-bbc3-1b240f9c8d5b,2026-07-17T19:00:00Z,2026-07-17T21:00:00+0200,204.563,MW,NL,NL,actual_onshore_wind_generation,Wind Onshore | Actual Aggregated,2026-08-02T23:51:38Z
2026-08-02T23:49:28Z,2026-08-03T01:49:28+0200,65d3fff1-7125-472d-bbc3-1b240f9c8d5b,2026-07-17T19:00:00Z,2026-07-17T21:00:00+0200,0.0,MW,NL,NL,actual_onshore_wind_generation,Wind Onshore | Actual Consumption,2026-08-02T23:51:38Z
2026-08-02T23:49:28Z,2026-08-03T01:49:28+0200,65d3fff1-7125-472d-bbc3-1b240f9c8d5b,2026-07-17T19:15:00Z,2026-07-17T21:15:00+0200,196.325,MW,NL,NL,actual_onshore_wind_generation,Wind Onshore | Actual Aggregated,2026-08-02T23:51:38Z
2026-08-02T23:49:28Z,2026-08-03T01:49:28+0200,65d3fff1-7125-472d-bbc3-1b240f9c8d5b,2026-07-17T19:15:00Z,2026-07-17T21:15:00+0200,0.0,MW,NL,NL,actual_onshore_wind_generation,Wind Onshore | Actual Consumption,2026-08-02T23:51:38Z
2026-08-02T23:49:28Z,2026-08-03T01:49:28+0200,65d3fff1-7125-472d-bbc3-1b240f9c8d5b,2026-07-17T19:30:00Z,2026-07-17T21:30:00+0200,183.179,MW,NL,NL,actual_onshore_wind_generation,Wind Onshore | Actual Aggregated,2026-08-02T23:51:38Z
2026-08-02T23:49:28Z,2026-08-03T01:49:28+0200,65d3fff1-7125-472d-bbc3-1b240f9c8d5b,2026-07-17T19:30:00Z,2026-07-17T21:30:00+0200,0.0,MW,NL,NL,actual_onshore_wind_generation,Wind Onshore | Actual Consumption,2026-08-02T23:51:38Z
2026-08-02T23:49:28Z,2026-08-03T01:49:28+0200,65d3fff1-7125-472d-bbc3-1b240f9c8d5b,2026-07-17T19:45:00Z,2026-07-17T21:45:00+0200,165.632,MW,NL,NL,actual_onshore_wind_generation,Wind Onshore | Actual Aggregated,2026-08-02T23:51:38Z
2026-08-02T23:49:28Z,2026-08-03T01:49:28+0200,65d3fff1-7125-472d-bbc3-1b240f9c8d5b,2026-07-17T19:45:00Z,2026-07-17T21:45:00+0200,0.0,MW,NL,NL,actual_onshore_wind_generation,Wind Onshore | Actual Consumption,2026-08-02T23:51:38Z
2026-08-02T23:49:28Z,2026-08-03T01:49:28+0200,65d3fff1-7125-472d-bbc3-1b240f9c8d5b,2026-07-17T20:00:00Z,2026-07-17T22:00:00+0200,154.841,MW,NL,NL,actual_onshore_wind_generation,Wind Onshore | Actual Aggregated,2026-08-02T23:51:38Z
2026-08-02T23:49:28Z,2026-08-03T01:49:28+0200,65d3fff1-7125-472d-bbc3-1b240f9c8d5b,2026-07-17T20:00:00Z,2026-07-17T22:00:00+0200,0.0,MW,NL,NL,actual_onshore_wind_generation,Wind Onshore | Actual Consumption,2026-08-02T23:51:38Z
2026-08-02T23:49:28Z,2026-08-03T01:49:28+0200,65d3fff1-7125-472d-bbc3-1b240f9c8d5b,2026-07-17T20:15:00Z,2026-07-17T22:15:00+0200,144.863,MW,NL,NL,actual_onshore_wind_generation,Wind Onshore | Actual Aggregated,2026-08-02T23:51:38Z
2026-08-02T23:49:28Z,2026-08-03T01:49:28+0200,65d3fff1-7125-472d-bbc3-1b240f9c8d5b,2026-07-17T20:15:00Z,2026-07-17T22:15:00+0200,0.0,MW,NL,NL,actual_onshore_wind_generation,Wind Onshore | Actual Consumption,2026-08-02T23:51:38Z
2026-08-02T23:49:28Z,2026-08-03T01:49:28+0200,65d3fff1-7125-472d-bbc3-1b240f9c8d5b,2026-07-17T20:30:00Z,2026-07-17T22:30:00+0200,140.862,MW,NL,NL,actual_onshore_wind_generation,Wind Onshore | Actual Aggregated,2026-08-02T23:51:38Z
2026-08-02T23:49:28Z,2026-08-03T01:49:28+0200,65d3fff1-7125-472d-bbc3-1b240f9c8d5b,2026-07-17T20:30:00Z,2026-07-17T22:30:00+0200,0.0,MW,NL,NL,actual_onshore_wind_generation,Wind Onshore | Actual Consumption,2026-08-02T23:51:38Z
2026-08-02T23:49:28Z,2026-08-03T01:49:28+0200,65d3fff1-7125-472d-bbc3-1b240f9c8d5b,2026-07-17T20:45:00Z,2026-07-17T22:45:00+0200,167.714,MW,NL,NL,actual_onshore_wind_generation,Wind Onshore | Actual Aggregated,2026-08-02T23:51:38Z
2026-08-02T23:49:28Z,2026-08-03T01:49:28+0200,65d3fff1-7125-472d-bbc3-1b240f9c8d5b,2026-07-17T20:45:00Z,2026-07-17T22:45:00+0200,0.0,MW,NL,NL,actual_onshore_wind_generation,Wind Onshore | Actual Consumption,2026-08-02T23:51:38Z
2026-08-02T23:49:28Z,2026-08-03T01:49:28+0200,65d3fff1-7125-472d-bbc3-1b240f9c8d5b,2026-07-17T21:00:00Z,2026-07-17T23:00:00+0200,170.085,MW,NL,NL,actual_onshore_wind_generation,Wind Onshore | Actual Aggregated,2026-08-02T23:51:38Z
2026-08-02T23:49:28Z,2026-08-03T01:49:28+0200,65d3fff1-7125-472d-bbc3-1b240f9c8d5b,2026-07-17T21:00:00Z,2026-07-17T23:00:00+0200,0.0,MW,NL,NL,actual_onshore_wind_generation,Wind Onshore | Actual Consumption,2026-08-02T23:51:38Z
2026-08-02T23:49:28Z,2026-08-03T01:49:28+0200,65d3fff1-7125-472d-bbc3-1b240f9c8d5b,2026-07-17T21:15:00Z,2026-07-17T23:15:00+0200,192.212,MW,NL,NL,actual_onshore_wind_generation,Wind Onshore | Actual Aggregated,2026-08-02T23:51:38Z
2026-08-02T23:49:28Z,2026-08-03T01:49:28+0200,65d3fff1-7125-472d-bbc3-1b240f9c8d5b,2026-07-17T21:15:00Z,2026-07-17T23:15:00+0200,0.0,MW,NL,NL,actual_onshore_wind_generation,Wind Onshore | Actual Consumption,2026-08-02T23:51:38Z
2026-08-02T23:49:28Z,2026-08-03T01:49:28+0200,65d3fff1-7125-472d-bbc3-1b240f9c8d5b,2026-07-17T21:30:00Z,2026-07-17T23:30:00+0200,217.175,MW,NL,NL,actual_onshore_wind_generation,Wind Onshore | Actual Aggregated,2026-08-02T23:51:38Z
2026-08-02T23:49:28Z,2026-08-03T01:49:28+0200,65d3fff1-7125-472d-bbc3-1b240f9c8d5b,2026-07-17T21:30:00Z,2026-07-17T23:30:00+0200,0.0,MW,NL,NL,actual_onshore_wind_generation,Wind Onshore | Actual Consumption,2026-08-02T23:51:38Z
2026-08-02T23:49:28Z,2026-08-03T01:49:28+0200,65d3fff1-7125-472d-bbc3-1b240f9c8d5b,2026-07-17T21:45:00Z,2026-07-17T23:45:00+0200,251.512,MW,NL,NL,actual_onshore_wind_generation,Wind Onshore | Actual Aggregated,2026-08-02T23:51:38Z
2026-08-02T23:49:28Z,2026-08-03T01:49:28+0200,65d3fff1-7125-472d-bbc3-1b240f9c8d5b,2026-07-17T21:45:00Z,2026-07-17T23:45:00+0200,0.0,MW,NL,NL,actual_onshore_wind_generation,Wind Onshore | Actual Consumption,2026-08-02T23:51:38Z
2026-08-02T23:49:28Z,2026-08-03T01:49:28+0200,65d3fff1-7125-472d-bbc3-1b240f9c8d5b,2026-07-17T22:00:00Z,2026-07-18T00:00:00+0200,275.109,MW,NL,NL,actual_onshore_wind_generation,Wind Onshore | Actual Aggregated,2026-08-02T23:51:38Z
2026-08-02T23:49:28Z,2026-08-03T01:49:28+0200,65d3fff1-7125-472d-bbc3-1b240f9c8d5b,2026-07-17T22:00:00Z,2026-07-18T00:00:00+0200,0.0,MW,NL,NL,actual_onshore_wind_generation,Wind Onshore | Actual Consumption,2026-08-02T23:51:38Z
2026-08-02T23:49:28Z,2026-08-03T01:49:28+0200,65d3fff1-7125-472d-bbc3-1b240f9c8d5b,2026-07-17T22:15:00Z,2026-07-18T00:15:00+0200,293.11,MW,NL,NL,actual_onshore_wind_generation,Wind Onshore | Actual Aggregated,2026-08-02T23:51:38Z
2026-08-02T23:49:28Z,2026-08-03T01:49:28+0200,65d3fff1-7125-472d-bbc3-1b240f9c8d5b,2026-07-17T22:15:00Z,2026-07-18T00:15:00+0200,0.0,MW,NL,NL,actual_onshore_wind_generation,Wind Onshore | Actual Consumption,2026-08-02T23:51:38Z
2026-08-02T23:49:28Z,2026-08-03T01:49:28+0200,65d3fff1-7125-472d-bbc3-1b240f9c8d5b,2026-07-17T22:30:00Z,2026-07-18T00:30:00+0200,351.798,MW,NL,NL,actual_onshore_wind_generation,Wind Onshore | Actual Aggregated,2026-08-02T23:51:38Z
2026-08-02T23:49:28Z,2026-08-03T01:49:28+0200,65d3fff1-7125-472d-bbc3-1b240f9c8d5b,2026-07-17T22:30:00Z,2026-07-18T00:30:00+0200,0.0,MW,NL,NL,actual_onshore_wind_generation,Wind Onshore | Actual Consumption,2026-08-02T23:51:38Z
2026-08-02T23:49:28Z,2026-08-03T01:49:28+0200,65d3fff1-7125-472d-bbc3-1b240f9c8d5b,2026-07-17T22:45:00Z,2026-07-18T00:45:00+0200,364.408,MW,NL,NL,actual_onshore_wind_generation,Wind Onshore | Actual Aggregated,2026-08-02T23:51:38Z
2026-08-02T23:49:28Z,2026-08-03T01:49:28+0200,65d3fff1-7125-472d-bbc3-1b240f9c8d5b,2026-07-17T22:45:00Z,2026-07-18T00:45:00+0200,0.0,MW,NL,NL,actual_onshore_wind_generation,Wind Onshore | Actual Consumption,2026-08-02T23:51:38Z
2026-08-02T23:49:28Z,2026-08-03T01:49:28+0200,65d3fff1-7125-472d-bbc3-1b240f9c8d5b,2026-07-17T23:00:00Z,2026-07-18T01:00:00+0200,428.801,MW,NL,NL,actual_onshore_wind_generation,Wind Onshore | Actual Aggregated,2026-08-02T23:51:38Z
2026-08-02T23:49:28Z,2026-08-03T01:49:28+0200,65d3fff1-7125-472d-bbc3-1b240f9c8d5b,2026-07-17T23:00:00Z,2026-07-18T01:00:00+0200,0.0,MW,NL,NL,actual_onshore_wind_generation,Wind Onshore | Actual Consumption,2026-08-02T23:51:38Z
2026-08-02T23:49:28Z,2026-08-03T01:49:28+0200,65d3fff1-7125-472d-bbc3-1b240f9c8d5b,2026-07-17T23:15:00Z,2026-07-18T01:15:00+0200,428.243,MW,NL,NL,actual_onshore_wind_generation,Wind Onshore | Actual Aggregated,2026-08-02T23:51:38Z
2026-08-02T23:49:28Z,2026-08-03T01:49:28+0200,65d3fff1-7125-472d-bbc3-1b240f9c8d5b,2026-07-17T23:15:00Z,2026-07-18T01:15:00+0200,0.0,MW,NL,NL,actual_onshore_wind_generation,Wind Onshore | Actual Consumption,2026-08-02T23:51:38Z
2026-08-02T23:49:28Z,2026-08-03T01:49:28+0200,65d3fff1-7125-472d-bbc3-1b240f9c8d5b,2026-07-17T23:30:00Z,2026-07-18T01:30:00+0200,446.111,MW,NL,NL,actual_onshore_wind_generation,Wind Onshore | Actual Aggregated,2026-08-02T23:51:38Z
2026-08-02T23:49:28Z,2026-08-03T01:49:28+0200,65d3fff1-7125-472d-bbc3-1b240f9c8d5b,2026-07-17T23:30:00Z,2026-07-18T01:30:00+0200,0.0,MW,NL,NL,actual_onshore_wind_generation,Wind Onshore | Actual Consumption,2026-08-02T23:51:38Z
2026-08-02T23:49:28Z,2026-08-03T01:49:28+0200,65d3fff1-7125-472d-bbc3-1b240f9c8d5b,2026-07-17T23:45:00Z,2026-07-18T01:45:00+0200,430.822,MW,NL,NL,actual_onshore_wind_generation,Wind Onshore | Actual Aggregated,2026-08-02T23:51:38Z
2026-08-02T23:49:28Z,2026-08-03T01:49:28+0200,65d3fff1-7125-472d-bbc3-1b240f9c8d5b,2026-07-17T23:45:00Z,2026-07-18T01:45:00+0200,0.0,MW,NL,NL,actual_onshore_wind_generation,Wind Onshore | Actual Consumption,2026-08-02T23:51:38Z
2026-08-02T23:49:28Z,2026-08-03T01:49:28+0200,65d3fff1-7125-472d-bbc3-1b240f9c8d5b,2026-07-18T00:00:00Z,2026-07-18T02:00:00+0200,465.845,MW,NL,NL,actual_onshore_wind_generation,Wind Onshore | Actual Aggregated,2026-08-02T23:51:38Z
2026-08-02T23:49:28Z,2026-08-03T01:49:28+0200,65d3fff1-7125-472d-bbc3-1b240f9c8d5b,2026-07-18T00:00:00Z,2026-07-18T02:00:00+0200,0.0,MW,NL,NL,actual_onshore_wind_generation,Wind Onshore | Actual Consumption,2026-08-02T23:51:38Z
2026-08-02T23:49:28Z,2026-08-03T01:49:28+0200,65d3fff1-7125-472d-bbc3-1b240f9c8d5b,2026-07-18T00:15:00Z,2026-07-18T02:15:00+0200,430.112,MW,NL,NL,actual_onshore_wind_generation,Wind Onshore | Actual Aggregated,2026-08-02T23:51:38Z
2026-08-02T23:49:28Z,2026-08-03T01:49:28+0200,65d3fff1-7125-472d-bbc3-1b240f9c8d5b,2026-07-18T00:15:00Z,2026-07-18T02:15:00+0200,0.0,MW,NL,NL,actual_onshore_wind_generation,Wind Onshore | Actual Consumption,2026-08-02T23:51:38Z
2026-08-02T23:49:28Z,2026-08-03T01:49:28+0200,65d3fff1-7125-472d-bbc3-1b240f9c8d5b,2026-07-18T00:30:00Z,2026-07-18T02:30:00+0200,419.29,MW,NL,NL,actual_onshore_wind_generation,Wind Onshore | Actual Aggregated,2026-08-02T23:51:38Z
2026-08-02T23:49:28Z,2026-08-03T01:49:28+0200,65d3fff1-7125-472d-bbc3-1b240f9c8d5b,2026-07-18T00:30:00Z,2026-07-18T02:30:00+0200,0.0,MW,NL,NL,actual_onshore_wind_generation,Wind Onshore | Actual Consumption,2026-08-02T23:51:38Z
2026-08-02T23:49:28Z,2026-08-03T01:49:28+0200,65d3fff1-7125-472d-bbc3-1b240f9c8d5b,2026-07-18T00:45:00Z,2026-07-18T02:45:00+0200,439.044,MW,NL,NL,actual_onshore_wind_generation,Wind Onshore | Actual Aggregated,2026-08-02T23:51:38Z
2026-08-02T23:49:28Z,2026-08-03T01:49:28+0200,65d3fff1-7125-472d-bbc3-1b240f9c8d5b,2026-07-18T00:45:00Z,2026-07-18T02:45:00+0200,0.0,MW,NL,NL,actual_onshore_wind_generation,Wind Onshore | Actual Consumption,2026-08-02T23:51:38Z
2026-08-02T23:49:28Z,2026-08-03T01:49:28+0200,65d3fff1-7125-472d-bbc3-1b240f9c8d5b,2026-07-18T01:00:00Z,2026-07-18T03:00:00+0200,399.796,MW,NL,NL,actual_onshore_wind_generation,Wind Onshore | Actual Aggregated,2026-08-02T23:51:38Z
2026-08-02T23:49:28Z,2026-08-03T01:49:28+0200,65d3fff1-7125-472d-bbc3-1b240f9c8d5b,2026-07-18T01:00:00Z,2026-07-18T03:00:00+0200,0.0,MW,NL,NL,actual_onshore_wind_generation,Wind Onshore | Actual Consumption,2026-08-02T23:51:38Z
2026-08-02T23:49:28Z,2026-08-03T01:49:28+0200,65d3fff1-7125-472d-bbc3-1b240f9c8d5b,2026-07-18T01:15:00Z,2026-07-18T03:15:00+0200,393.421,MW,NL,NL,actual_onshore_wind_generation,Wind Onshore | Actual Aggregated,2026-08-02T23:51:38Z
2026-08-02T23:49:28Z,2026-08-03T01:49:28+0200,65d3fff1-7125-472d-bbc3-1b240f9c8d5b,2026-07-18T01:15:00Z,2026-07-18T03:15:00+0200,0.0,MW,NL,NL,actual_onshore_wind_generation,Wind Onshore | Actual Consumption,2026-08-02T23:51:38Z
2026-08-02T23:49:28Z,2026-08-03T01:49:28+0200,65d3fff1-7125-472d-bbc3-1b240f9c8d5b,2026-07-18T01:30:00Z,2026-07-18T03:30:00+0200,387.228,MW,NL,NL,actual_onshore_wind_generation,Wind Onshore | Actual Aggregated,2026-08-02T23:51:38Z
2026-08-02T23:49:28Z,2026-08-03T01:49:28+0200,65d3fff1-7125-472d-bbc3-1b240f9c8d5b,2026-07-18T01:30:00Z,2026-07-18T03:30:00+0200,0.0,MW,NL,NL,actual_onshore_wind_generation,Wind Onshore | Actual Consumption,2026-08-02T23:51:38Z
2026-08-02T23:49:28Z,2026-08-03T01:49:28+0200,65d3fff1-7125-472d-bbc3-1b240f9c8d5b,2026-07-18T01:45:00Z,2026-07-18T03:45:00+0200,394.384,MW,NL,NL,actual_onshore_wind_generation,Wind Onshore | Actual Aggregated,2026-08-02T23:51:38Z
2026-08-02T23:49:28Z,2026-08-03T01:49:28+0200,65d3fff1-7125-472d-bbc3-1b240f9c8d5b,2026-07-18T01:45:00Z,2026-07-18T03:45:00+0200,0.0,MW,NL,NL,actual_onshore_wind_generation,Wind Onshore | Actual Consumption,2026-08-02T23:51:38Z
2026-08-02T23:49:28Z,2026-08-03T01:49:28+0200,65d3fff1-7125-472d-bbc3-1b240f9c8d5b,2026-07-18T02:00:00Z,2026-07-18T04:00:00+0200,383.685,MW,NL,NL,actual_onshore_wind_generation,Wind Onshore | Actual Aggregated,2026-08-02T23:51:38Z
2026-08-02T23:49:28Z,2026-08-03T01:49:28+0200,65d3fff1-7125-472d-bbc3-1b240f9c8d5b,2026-07-18T02:00:00Z,2026-07-18T04:00:00+0200,0.0,MW,NL,NL,actual_onshore_wind_generation,Wind Onshore | Actual Consumption,2026-08-02T23:51:38Z
2026-08-02T23:49:28Z,2026-08-03T01:49:28+0200,65d3fff1-7125-472d-bbc3-1b240f9c8d5b,2026-07-18T02:15:00Z,2026-07-18T04:15:00+0200,404.331,MW,NL,NL,actual_onshore_wind_generation,Wind Onshore | Actual Aggregated,2026-08-02T23:51:38Z
2026-08-02T23:49:28Z,2026-08-03T01:49:28+0200,65d3fff1-7125-472d-bbc3-1b240f9c8d5b,2026-07-18T02:15:00Z,2026-07-18T04:15:00+0200,0.0,MW,NL,NL,actual_onshore_wind_generation,Wind Onshore | Actual Consumption,2026-08-02T23:51:38Z
2026-08-02T23:49:28Z,2026-08-03T01:49:28+0200,65d3fff1-7125-472d-bbc3-1b240f9c8d5b,2026-07-18T02:30:00Z,2026-07-18T04:30:00+0200,432.138,MW,NL,NL,actual_onshore_wind_generation,Wind Onshore | Actual Aggregated,2026-08-02T23:51:38Z
2026-08-02T23:49:28Z,2026-08-03T01:49:28+0200,65d3fff1-7125-472d-bbc3-1b240f9c8d5b,2026-07-18T02:30:00Z,2026-07-18T04:30:00+0200,0.0,MW,NL,NL,actual_onshore_wind_generation,Wind Onshore | Actual Consumption,2026-08-02T23:51:38Z
2026-08-02T23:49:28Z,2026-08-03T01:49:28+0200,65d3fff1-7125-472d-bbc3-1b240f9c8d5b,2026-07-18T02:45:00Z,2026-07-18T04:45:00+0200,419.412,MW,NL,NL,actual_onshore_wind_generation,Wind Onshore | Actual Aggregated,2026-08-02T23:51:38Z
2026-08-02T23:49:28Z,2026-08-03T01:49:28+0200,65d3fff1-7125-472d-bbc3-1b240f9c8d5b,2026-07-18T02:45:00Z,2026-07-18T04:45:00+0200,0.0,MW,NL,NL,actual_onshore_wind_generation,Wind Onshore | Actual Consumption,2026-08-02T23:51:38Z
2026-08-02T23:49:28Z,2026-08-03T01:49:28+0200,65d3fff1-7125-472d-bbc3-1b240f9c8d5b,2026-07-18T03:00:00Z,2026-07-18T05:00:00+0200,436.58,MW,NL,NL,actual_onshore_wind_generation,Wind Onshore | Actual Aggregated,2026-08-02T23:51:38Z
2026-08-02T23:49:28Z,2026-08-03T01:49:28+0200,65d3fff1-7125-472d-bbc3-1b240f9c8d5b,2026-07-18T03:00:00Z,2026-07-18T05:00:00+0200,0.0,MW,NL,NL,actual_onshore_wind_generation,Wind Onshore | Actual Consumption,2026-08-02T23:51:38Z
2026-08-02T23:49:28Z,2026-08-03T01:49:28+0200,65d3fff1-7125-472d-bbc3-1b240f9c8d5b,2026-07-18T03:15:00Z,2026-07-18T05:15:00+0200,466.686,MW,NL,NL,actual_onshore_wind_generation,Wind Onshore | Actual Aggregated,2026-08-02T23:51:38Z
2026-08-02T23:49:28Z,2026-08-03T01:49:28+0200,65d3fff1-7125-472d-bbc3-1b240f9c8d5b,2026-07-18T03:15:00Z,2026-07-18T05:15:00+0200,0.0,MW,NL,NL,actual_onshore_wind_generation,Wind Onshore | Actual Consumption,2026-08-02T23:51:38Z
2026-08-02T23:49:28Z,2026-08-03T01:49:28+0200,65d3fff1-7125-472d-bbc3-1b240f9c8d5b,2026-07-18T03:30:00Z,2026-07-18T05:30:00+0200,438.007,MW,NL,NL,actual_onshore_wind_generation,Wind Onshore | Actual Aggregated,2026-08-02T23:51:38Z
2026-08-02T23:49:28Z,2026-08-03T01:49:28+0200,65d3fff1-7125-472d-bbc3-1b240f9c8d5b,2026-07-18T03:30:00Z,2026-07-18T05:30:00+0200,0.0,MW,NL,NL,actual_onshore_wind_generation,Wind Onshore | Actual Consumption,2026-08-02T23:51:38Z
2026-08-02T23:49:28Z,2026-08-03T01:49:28+0200,65d3fff1-7125-472d-bbc3-1b240f9c8d5b,2026-07-18T03:45:00Z,2026-07-18T05:45:00+0200,404.845,MW,NL,NL,actual_onshore_wind_generation,Wind Onshore | Actual Aggregated,2026-08-02T23:51:38Z
2026-08-02T23:49:28Z,2026-08-03T01:49:28+0200,65d3fff1-7125-472d-bbc3-1b240f9c8d5b,2026-07-18T03:45:00Z,2026-07-18T05:45:00+0200,0.0,MW,NL,NL,actual_onshore_wind_generation,Wind Onshore | Actual Consumption,2026-08-02T23:51:38Z
2026-08-02T23:49:28Z,2026-08-03T01:49:28+0200,65d3fff1-7125-472d-bbc3-1b240f9c8d5b,2026-07-18T04:00:00Z,2026-07-18T06:00:00+0200,410.771,MW,NL,NL,actual_onshore_wind_generation,Wind Onshore | Actual Aggregated,2026-08-02T23:51:38Z
2026-08-02T23:49:28Z,2026-08-03T01:49:28+0200,65d3fff1-7125-472d-bbc3-1b240f9c8d5b,2026-07-18T04:00:00Z,2026-07-18T06:00:00+0200,0.0,MW,NL,NL,actual_onshore_wind_generation,Wind Onshore | Actual Consumption,2026-08-02T23:51:38Z
2026-08-02T23:49:28Z,2026-08-03T01:49:28+0200,65d3fff1-7125-472d-bbc3-1b240f9c8d5b,2026-07-18T04:15:00Z,2026-07-18T06:15:00+0200,372.574,MW,NL,NL,actual_onshore_wind_generation,Wind Onshore | Actual Aggregated,2026-08-02T23:51:38Z
2026-08-02T23:49:28Z,2026-08-03T01:49:28+0200,65d3fff1-7125-472d-bbc3-1b240f9c8d5b,2026-07-18T04:15:00Z,2026-07-18T06:15:00+0200,0.0,MW,NL,NL,actual_onshore_wind_generation,Wind Onshore | Actual Consumption,2026-08-02T23:51:38Z
2026-08-02T23:49:28Z,2026-08-03T01:49:28+0200,65d3fff1-7125-472d-bbc3-1b240f9c8d5b,2026-07-18T04:30:00Z,2026-07-18T06:30:00+0200,374.883,MW,NL,NL,actual_onshore_wind_generation,Wind Onshore | Actual Aggregated,2026-08-02T23:51:38Z
2026-08-02T23:49:28Z,2026-08-03T01:49:28+0200,65d3fff1-7125-472d-bbc3-1b240f9c8d5b,2026-07-18T04:30:00Z,2026-07-18T06:30:00+0200,0.0,MW,NL,NL,actual_onshore_wind_generation,Wind Onshore | Actual Consumption,2026-08-02T23:51:38Z
2026-08-02T23:49:28Z,2026-08-03T01:49:28+0200,65d3fff1-7125-472d-bbc3-1b240f9c8d5b,2026-07-18T04:45:00Z,2026-07-18T06:45:00+0200,345.163,MW,NL,NL,actual_onshore_wind_generation,Wind Onshore | Actual Aggregated,2026-08-02T23:51:38Z
2026-08-02T23:49:28Z,2026-08-03T01:49:28+0200,65d3fff1-7125-472d-bbc3-1b240f9c8d5b,2026-07-18T04:45:00Z,2026-07-18T06:45:00+0200,0.0,MW,NL,NL,actual_onshore_wind_generation,Wind Onshore | Actual Consumption,2026-08-02T23:51:38Z
2026-08-02T23:49:28Z,2026-08-03T01:49:28+0200,65d3fff1-7125-472d-bbc3-1b240f9c8d5b,2026-07-18T05:00:00Z,2026-07-18T07:00:00+0200,318.374,MW,NL,NL,actual_onshore_wind_generation,Wind Onshore | Actual Aggregated,2026-08-02T23:51:38Z
2026-08-02T23:49:28Z,2026-08-03T01:49:28+0200,65d3fff1-7125-472d-bbc3-1b240f9c8d5b,2026-07-18T05:00:00Z,2026-07-18T07:00:00+0200,0.0,MW,NL,NL,actual_onshore_wind_generation,Wind Onshore | Actual Consumption,2026-08-02T23:51:38Z
2026-08-02T23:49:28Z,2026-08-03T01:49:28+0200,65d3fff1-7125-472d-bbc3-1b240f9c8d5b,2026-07-18T05:15:00Z,2026-07-18T07:15:00+0200,267.678,MW,NL,NL,actual_onshore_wind_generation,Wind Onshore | Actual Aggregated,2026-08-02T23:51:38Z
2026-08-02T23:49:28Z,2026-08-03T01:49:28+0200,65d3fff1-7125-472d-bbc3-1b240f9c8d5b,2026-07-18T05:15:00Z,2026-07-18T07:15:00+0200,0.0,MW,NL,NL,actual_onshore_wind_generation,Wind Onshore | Actual Consumption,2026-08-02T23:51:38Z
2026-08-02T23:49:28Z,2026-08-03T01:49:28+0200,65d3fff1-7125-472d-bbc3-1b240f9c8d5b,2026-07-18T05:30:00Z,2026-07-18T07:30:00+0200,286.243,MW,NL,NL,actual_onshore_wind_generation,Wind Onshore | Actual Aggregated,2026-08-02T23:51:38Z
2026-08-02T23:49:28Z,2026-08-03T01:49:28+0200,65d3fff1-7125-472d-bbc3-1b240f9c8d5b,2026-07-18T05:30:00Z,2026-07-18T07:30:00+0200,0.0,MW,NL,NL,actual_onshore_wind_generation,Wind Onshore | Actual Consumption,2026-08-02T23:51:38Z
2026-08-02T23:49:28Z,2026-08-03T01:49:28+0200,65d3fff1-7125-472d-bbc3-1b240f9c8d5b,2026-07-18T05:45:00Z,2026-07-18T07:45:00+0200,389.718,MW,NL,NL,actual_onshore_wind_generation,Wind Onshore | Actual Aggregated,2026-08-02T23:51:38Z
2026-08-02T23:49:28Z,2026-08-03T01:49:28+0200,65d3fff1-7125-472d-bbc3-1b240f9c8d5b,2026-07-18T05:45:00Z,2026-07-18T07:45:00+0200,0.0,MW,NL,NL,actual_onshore_wind_generation,Wind Onshore | Actual Consumption,2026-08-02T23:51:38Z
2026-08-02T23:49:28Z,2026-08-03T01:49:28+0200,65d3fff1-7125-472d-bbc3-1b240f9c8d5b,2026-07-18T06:00:00Z,2026-07-18T08:00:00+0200,425.992,MW,NL,NL,actual_onshore_wind_generation,Wind Onshore | Actual Aggregated,2026-08-02T23:51:38Z
2026-08-02T23:49:28Z,2026-08-03T01:49:28+0200,65d3fff1-7125-472d-bbc3-1b240f9c8d5b,2026-07-18T06:00:00Z,2026-07-18T08:00:00+0200,0.0,MW,NL,NL,actual_onshore_wind_generation,Wind Onshore | Actual Consumption,2026-08-02T23:51:38Z
2026-08-02T23:49:28Z,2026-08-03T01:49:28+0200,65d3fff1-7125-472d-bbc3-1b240f9c8d5b,2026-07-18T06:15:00Z,2026-07-18T08:15:00+0200,373.872,MW,NL,NL,actual_onshore_wind_generation,Wind Onshore | Actual Aggregated,2026-08-02T23:51:38Z
2026-08-02T23:49:28Z,2026-08-03T01:49:28+0200,65d3fff1-7125-472d-bbc3-1b240f9c8d5b,2026-07-18T06:15:00Z,2026-07-18T08:15:00+0200,0.0,MW,NL,NL,actual_onshore_wind_generation,Wind Onshore | Actual Consumption,2026-08-02T23:51:38Z
2026-08-02T23:49:28Z,2026-08-03T01:49:28+0200,65d3fff1-7125-472d-bbc3-1b240f9c8d5b,2026-07-18T06:30:00Z,2026-07-18T08:30:00+0200,342.831,MW,NL,NL,actual_onshore_wind_generation,Wind Onshore | Actual Aggregated,2026-08-02T23:51:38Z
2026-08-02T23:49:28Z,2026-08-03T01:49:28+0200,65d3fff1-7125-472d-bbc3-1b240f9c8d5b,2026-07-18T06:30:00Z,2026-07-18T08:30:00+0200,0.0,MW,NL,NL,actual_onshore_wind_generation,Wind Onshore | Actual Consumption,2026-08-02T23:51:38Z
2026-08-02T23:49:28Z,2026-08-03T01:49:28+0200,65d3fff1-7125-472d-bbc3-1b240f9c8d5b,2026-07-18T06:45:00Z,2026-07-18T08:45:00+0200,331.148,MW,NL,NL,actual_onshore_wind_generation,Wind Onshore | Actual Aggregated,2026-08-02T23:51:38Z
2026-08-02T23:49:28Z,2026-08-03T01:49:28+0200,65d3fff1-7125-472d-bbc3-1b240f9c8d5b,2026-07-18T06:45:00Z,2026-07-18T08:45:00+0200,0.0,MW,NL,NL,actual_onshore_wind_generation,Wind Onshore | Actual Consumption,2026-08-02T23:51:38Z
2026-08-02T23:49:28Z,2026-08-03T01:49:28+0200,65d3fff1-7125-472d-bbc3-1b240f9c8d5b,2026-07-18T07:00:00Z,2026-07-18T09:00:00+0200,373.886,MW,NL,NL,actual_onshore_wind_generation,Wind Onshore | Actual Aggregated,2026-08-02T23:51:38Z
2026-08-02T23:49:28Z,2026-08-03T01:49:28+0200,65d3fff1-7125-472d-bbc3-1b240f9c8d5b,2026-07-18T07:00:00Z,2026-07-18T09:00:00+0200,0.0,MW,NL,NL,actual_onshore_wind_generation,Wind Onshore | Actual Consumption,2026-08-02T23:51:38Z
2026-08-02T23:49:28Z,2026-08-03T01:49:28+0200,65d3fff1-7125-472d-bbc3-1b240f9c8d5b,2026-07-18T07:15:00Z,2026-07-18T09:15:00+0200,451.973,MW,NL,NL,actual_onshore_wind_generation,Wind Onshore | Actual Aggregated,2026-08-02T23:51:38Z
2026-08-02T23:49:28Z,2026-08-03T01:49:28+0200,65d3fff1-7125-472d-bbc3-1b240f9c8d5b,2026-07-18T07:15:00Z,2026-07-18T09:15:00+0200,0.0,MW,NL,NL,actual_onshore_wind_generation,Wind Onshore | Actual Consumption,2026-08-02T23:51:38Z
2026-08-02T23:49:28Z,2026-08-03T01:49:28+0200,65d3fff1-7125-472d-bbc3-1b240f9c8d5b,2026-07-18T07:30:00Z,2026-07-18T09:30:00+0200,468.215,MW,NL,NL,actual_onshore_wind_generation,Wind Onshore | Actual Aggregated,2026-08-02T23:51:38Z
2026-08-02T23:49:28Z,2026-08-03T01:49:28+0200,65d3fff1-7125-472d-bbc3-1b240f9c8d5b,2026-07-18T07:30:00Z,2026-07-18T09:30:00+0200,0.0,MW,NL,NL,actual_onshore_wind_generation,Wind Onshore | Actual Consumption,2026-08-02T23:51:38Z
2026-08-02T23:49:28Z,2026-08-03T01:49:28+0200,65d3fff1-7125-472d-bbc3-1b240f9c8d5b,2026-07-18T07:45:00Z,2026-07-18T09:45:00+0200,425.55,MW,NL,NL,actual_onshore_wind_generation,Wind Onshore | Actual Aggregated,2026-08-02T23:51:38Z
2026-08-02T23:49:28Z,2026-08-03T01:49:28+0200,65d3fff1-7125-472d-bbc3-1b240f9c8d5b,2026-07-18T07:45:00Z,2026-07-18T09:45:00+0200,0.0,MW,NL,NL,actual_onshore_wind_generation,Wind Onshore | Actual Consumption,2026-08-02T23:51:38Z
2026-08-02T23:49:28Z,2026-08-03T01:49:28+0200,65d3fff1-7125-472d-bbc3-1b240f9c8d5b,2026-07-18T08:00:00Z,2026-07-18T10:00:00+0200,338.547,MW,NL,NL,actual_onshore_wind_generation,Wind Onshore | Actual Aggregated,2026-08-02T23:51:38Z
2026-08-02T23:49:28Z,2026-08-03T01:49:28+0200,65d3fff1-7125-472d-bbc3-1b240f9c8d5b,2026-07-18T08:00:00Z,2026-07-18T10:00:00+0200,0.0,MW,NL,NL,actual_onshore_wind_generation,Wind Onshore | Actual Consumption,2026-08-02T23:51:38Z
2026-08-02T23:49:28Z,2026-08-03T01:49:28+0200,65d3fff1-7125-472d-bbc3-1b240f9c8d5b,2026-07-18T08:15:00Z,2026-07-18T10:15:00+0200,343.542,MW,NL,NL,actual_onshore_wind_generation,Wind Onshore | Actual Aggregated,2026-08-02T23:51:38Z
2026-08-02T23:49:28Z,2026-08-03T01:49:28+0200,65d3fff1-7125-472d-bbc3-1b240f9c8d5b,2026-07-18T08:15:00Z,2026-07-18T10:15:00+0200,0.0,MW,NL,NL,actual_onshore_wind_generation,Wind Onshore | Actual Consumption,2026-08-02T23:51:38Z
2026-08-02T23:49:28Z,2026-08-03T01:49:28+0200,65d3fff1-7125-472d-bbc3-1b240f9c8d5b,2026-07-18T08:30:00Z,2026-07-18T10:30:00+0200,372.652,MW,NL,NL,actual_onshore_wind_generation,Wind Onshore | Actual Aggregated,2026-08-02T23:51:38Z
2026-08-02T23:49:28Z,2026-08-03T01:49:28+0200,65d3fff1-7125-472d-bbc3-1b240f9c8d5b,2026-07-18T08:30:00Z,2026-07-18T10:30:00+0200,0.0,MW,NL,NL,actual_onshore_wind_generation,Wind Onshore | Actual Consumption,2026-08-02T23:51:38Z
2026-08-02T23:49:28Z,2026-08-03T01:49:28+0200,65d3fff1-7125-472d-bbc3-1b240f9c8d5b,2026-07-18T08:45:00Z,2026-07-18T10:45:00+0200,373.958,MW,NL,NL,actual_onshore_wind_generation,Wind Onshore | Actual Aggregated,2026-08-02T23:51:38Z
2026-08-02T23:49:28Z,2026-08-03T01:49:28+0200,65d3fff1-7125-472d-bbc3-1b240f9c8d5b,2026-07-18T08:45:00Z,2026-07-18T10:45:00+0200,0.0,MW,NL,NL,actual_onshore_wind_generation,Wind Onshore | Actual Consumption,2026-08-02T23:51:38Z
2026-08-02T23:49:28Z,2026-08-03T01:49:28+0200,65d3fff1-7125-472d-bbc3-1b240f9c8d5b,2026-07-18T09:00:00Z,2026-07-18T11:00:00+0200,395.636,MW,NL,NL,actual_onshore_wind_generation,Wind Onshore | Actual Aggregated,2026-08-02T23:51:38Z
2026-08-02T23:49:28Z,2026-08-03T01:49:28+0200,65d3fff1-7125-472d-bbc3-1b240f9c8d5b,2026-07-18T09:00:00Z,2026-07-18T11:00:00+0200,0.0,MW,NL,NL,actual_onshore_wind_generation,Wind Onshore | Actual Consumption,2026-08-02T23:51:38Z
2026-08-02T23:49:28Z,2026-08-03T01:49:28+0200,65d3fff1-7125-472d-bbc3-1b240f9c8d5b,2026-07-18T09:15:00Z,2026-07-18T11:15:00+0200,290.823,MW,NL,NL,actual_onshore_wind_generation,Wind Onshore | Actual Aggregated,2026-08-02T23:51:38Z
2026-08-02T23:49:28Z,2026-08-03T01:49:28+0200,65d3fff1-7125-472d-bbc3-1b240f9c8d5b,2026-07-18T09:15:00Z,2026-07-18T11:15:00+0200,0.0,MW,NL,NL,actual_onshore_wind_generation,Wind Onshore | Actual Consumption,2026-08-02T23:51:38Z
2026-08-02T23:49:28Z,2026-08-03T01:49:28+0200,65d3fff1-7125-472d-bbc3-1b240f9c8d5b,2026-07-18T09:30:00Z,2026-07-18T11:30:00+0200,283.881,MW,NL,NL,actual_onshore_wind_generation,Wind Onshore | Actual Aggregated,2026-08-02T23:51:38Z
2026-08-02T23:49:28Z,2026-08-03T01:49:28+0200,65d3fff1-7125-472d-bbc3-1b240f9c8d5b,2026-07-18T09:30:00Z,2026-07-18T11:30:00+0200,0.0,MW,NL,NL,actual_onshore_wind_generation,Wind Onshore | Actual Consumption,2026-08-02T23:51:38Z
2026-08-02T23:49:28Z,2026-08-03T01:49:28+0200,65d3fff1-7125-472d-bbc3-1b240f9c8d5b,2026-07-18T09:45:00Z,2026-07-18T11:45:00+0200,256.819,MW,NL,NL,actual_onshore_wind_generation,Wind Onshore | Actual Aggregated,2026-08-02T23:51:38Z
2026-08-02T23:49:28Z,2026-08-03T01:49:28+0200,65d3fff1-7125-472d-bbc3-1b240f9c8d5b,2026-07-18T09:45:00Z,2026-07-18T11:45:00+0200,0.0,MW,NL,NL,actual_onshore_wind_generation,Wind Onshore | Actual Consumption,2026-08-02T23:51:38Z
2026-08-02T23:49:28Z,2026-08-03T01:49:28+0200,65d3fff1-7125-472d-bbc3-1b240f9c8d5b,2026-07-18T10:00:00Z,2026-07-18T12:00:00+0200,264.336,MW,NL,NL,actual_onshore_wind_generation,Wind Onshore | Actual Aggregated,2026-08-02T23:51:38Z
2026-08-02T23:49:28Z,2026-08-03T01:49:28+0200,65d3fff1-7125-472d-bbc3-1b240f9c8d5b,2026-07-18T10:00:00Z,2026-07-18T12:00:00+0200,0.0,MW,NL,NL,actual_onshore_wind_generation,Wind Onshore | Actual Consumption,2026-08-02T23:51:38Z
2026-08-02T23:49:28Z,2026-08-03T01:49:28+0200,65d3fff1-7125-472d-bbc3-1b240f9c8d5b,2026-07-18T10:15:00Z,2026-07-18T12:15:00+0200,284.031,MW,NL,NL,actual_onshore_wind_generation,Wind Onshore | Actual Aggregated,2026-08-02T23:51:38Z
2026-08-02T23:49:28Z,2026-08-03T01:49:28+0200,65d3fff1-7125-472d-bbc3-1b240f9c8d5b,2026-07-18T10:15:00Z,2026-07-18T12:15:00+0200,0.0,MW,NL,NL,actual_onshore_wind_generation,Wind Onshore | Actual Consumption,2026-08-02T23:51:38Z
2026-08-02T23:49:28Z,2026-08-03T01:49:28+0200,65d3fff1-7125-472d-bbc3-1b240f9c8d5b,2026-07-18T10:30:00Z,2026-07-18T12:30:00+0200,286.568,MW,NL,NL,actual_onshore_wind_generation,Wind Onshore | Actual Aggregated,2026-08-02T23:51:38Z
2026-08-02T23:49:28Z,2026-08-03T01:49:28+0200,65d3fff1-7125-472d-bbc3-1b240f9c8d5b,2026-07-18T10:30:00Z,2026-07-18T12:30:00+0200,0.0,MW,NL,NL,actual_onshore_wind_generation,Wind Onshore | Actual Consumption,2026-08-02T23:51:38Z
2026-08-02T23:49:28Z,2026-08-03T01:49:28+0200,65d3fff1-7125-472d-bbc3-1b240f9c8d5b,2026-07-18T10:45:00Z,2026-07-18T12:45:00+0200,356.065,MW,NL,NL,actual_onshore_wind_generation,Wind Onshore | Actual Aggregated,2026-08-02T23:51:38Z
2026-08-02T23:49:28Z,2026-08-03T01:49:28+0200,65d3fff1-7125-472d-bbc3-1b240f9c8d5b,2026-07-18T10:45:00Z,2026-07-18T12:45:00+0200,0.0,MW,NL,NL,actual_onshore_wind_generation,Wind Onshore | Actual Consumption,2026-08-02T23:51:38Z
2026-08-02T23:49:28Z,2026-08-03T01:49:28+0200,65d3fff1-7125-472d-bbc3-1b240f9c8d5b,2026-07-18T11:00:00Z,2026-07-18T13:00:00+0200,283.561,MW,NL,NL,actual_onshore_wind_generation,Wind Onshore | Actual Aggregated,2026-08-02T23:51:38Z
2026-08-02T23:49:28Z,2026-08-03T01:49:28+0200,65d3fff1-7125-472d-bbc3-1b240f9c8d5b,2026-07-18T11:00:00Z,2026-07-18T13:00:00+0200,0.0,MW,NL,NL,actual_onshore_wind_generation,Wind Onshore | Actual Consumption,2026-08-02T23:51:38Z
2026-08-02T23:49:28Z,2026-08-03T01:49:28+0200,65d3fff1-7125-472d-bbc3-1b240f9c8d5b,2026-07-18T11:15:00Z,2026-07-18T13:15:00+0200,277.203,MW,NL,NL,actual_onshore_wind_generation,Wind Onshore | Actual Aggregated,2026-08-02T23:51:38Z
2026-08-02T23:49:28Z,2026-08-03T01:49:28+0200,65d3fff1-7125-472d-bbc3-1b240f9c8d5b,2026-07-18T11:15:00Z,2026-07-18T13:15:00+0200,0.0,MW,NL,NL,actual_onshore_wind_generation,Wind Onshore | Actual Consumption,2026-08-02T23:51:38Z
2026-08-02T23:49:28Z,2026-08-03T01:49:28+0200,65d3fff1-7125-472d-bbc3-1b240f9c8d5b,2026-07-18T11:30:00Z,2026-07-18T13:30:00+0200,270.067,MW,NL,NL,actual_onshore_wind_generation,Wind Onshore | Actual Aggregated,2026-08-02T23:51:38Z
2026-08-02T23:49:28Z,2026-08-03T01:49:28+0200,65d3fff1-7125-472d-bbc3-1b240f9c8d5b,2026-07-18T11:30:00Z,2026-07-18T13:30:00+0200,0.0,MW,NL,NL,actual_onshore_wind_generation,Wind Onshore | Actual Consumption,2026-08-02T23:51:38Z
2026-08-02T23:49:28Z,2026-08-03T01:49:28+0200,65d3fff1-7125-472d-bbc3-1b240f9c8d5b,2026-07-18T11:45:00Z,2026-07-18T13:45:00+0200,272.065,MW,NL,NL,actual_onshore_wind_generation,Wind Onshore | Actual Aggregated,2026-08-02T23:51:38Z
2026-08-02T23:49:28Z,2026-08-03T01:49:28+0200,65d3fff1-7125-472d-bbc3-1b240f9c8d5b,2026-07-18T11:45:00Z,2026-07-18T13:45:00+0200,0.0,MW,NL,NL,actual_onshore_wind_generation,Wind Onshore | Actual Consumption,2026-08-02T23:51:38Z
2026-08-02T23:49:28Z,2026-08-03T01:49:28+0200,65d3fff1-7125-472d-bbc3-1b240f9c8d5b,2026-07-18T12:00:00Z,2026-07-18T14:00:00+0200,460.016,MW,NL,NL,actual_onshore_wind_generation,Wind Onshore | Actual Aggregated,2026-08-02T23:51:38Z
2026-08-02T23:49:28Z,2026-08-03T01:49:28+0200,65d3fff1-7125-472d-bbc3-1b240f9c8d5b,2026-07-18T12:00:00Z,2026-07-18T14:00:00+0200,0.0,MW,NL,NL,actual_onshore_wind_generation,Wind Onshore | Actual Consumption,2026-08-02T23:51:38Z
2026-08-02T23:49:28Z,2026-08-03T01:49:28+0200,65d3fff1-7125-472d-bbc3-1b240f9c8d5b,2026-07-18T12:15:00Z,2026-07-18T14:15:00+0200,446.678,MW,NL,NL,actual_onshore_wind_generation,Wind Onshore | Actual Aggregated,2026-08-02T23:51:38Z
2026-08-02T23:49:28Z,2026-08-03T01:49:28+0200,65d3fff1-7125-472d-bbc3-1b240f9c8d5b,2026-07-18T12:15:00Z,2026-07-18T14:15:00+0200,0.0,MW,NL,NL,actual_onshore_wind_generation,Wind Onshore | Actual Consumption,2026-08-02T23:51:38Z
2026-08-02T23:49:28Z,2026-08-03T01:49:28+0200,65d3fff1-7125-472d-bbc3-1b240f9c8d5b,2026-07-18T12:30:00Z,2026-07-18T14:30:00+0200,423.401,MW,NL,NL,actual_onshore_wind_generation,Wind Onshore | Actual Aggregated,2026-08-02T23:51:38Z
2026-08-02T23:49:28Z,2026-08-03T01:49:28+0200,65d3fff1-7125-472d-bbc3-1b240f9c8d5b,2026-07-18T12:30:00Z,2026-07-18T14:30:00+0200,0.0,MW,NL,NL,actual_onshore_wind_generation,Wind Onshore | Actual Consumption,2026-08-02T23:51:38Z
2026-08-02T23:49:28Z,2026-08-03T01:49:28+0200,65d3fff1-7125-472d-bbc3-1b240f9c8d5b,2026-07-18T12:45:00Z,2026-07-18T14:45:00+0200,341.368,MW,NL,NL,actual_onshore_wind_generation,Wind Onshore | Actual Aggregated,2026-08-02T23:51:38Z
2026-08-02T23:49:28Z,2026-08-03T01:49:28+0200,65d3fff1-7125-472d-bbc3-1b240f9c8d5b,2026-07-18T12:45:00Z,2026-07-18T14:45:00+0200,0.0,MW,NL,NL,actual_onshore_wind_generation,Wind Onshore | Actual Consumption,2026-08-02T23:51:38Z
2026-08-02T23:49:28Z,2026-08-03T01:49:28+0200,65d3fff1-7125-472d-bbc3-1b240f9c8d5b,2026-07-18T13:00:00Z,2026-07-18T15:00:00+0200,355.208,MW,NL,NL,actual_onshore_wind_generation,Wind Onshore | Actual Aggregated,2026-08-02T23:51:38Z
2026-08-02T23:49:28Z,2026-08-03T01:49:28+0200,65d3fff1-7125-472d-bbc3-1b240f9c8d5b,2026-07-18T13:00:00Z,2026-07-18T15:00:00+0200,0.0,MW,NL,NL,actual_onshore_wind_generation,Wind Onshore | Actual Consumption,2026-08-02T23:51:38Z
2026-08-02T23:49:28Z,2026-08-03T01:49:28+0200,65d3fff1-7125-472d-bbc3-1b240f9c8d5b,2026-07-18T13:15:00Z,2026-07-18T15:15:00+0200,314.074,MW,NL,NL,actual_onshore_wind_generation,Wind Onshore | Actual Aggregated,2026-08-02T23:51:38Z
2026-08-02T23:49:28Z,2026-08-03T01:49:28+0200,65d3fff1-7125-472d-bbc3-1b240f9c8d5b,2026-07-18T13:15:00Z,2026-07-18T15:15:00+0200,0.0,MW,NL,NL,actual_onshore_wind_generation,Wind Onshore | Actual Consumption,2026-08-02T23:51:38Z
2026-08-02T23:49:28Z,2026-08-03T01:49:28+0200,65d3fff1-7125-472d-bbc3-1b240f9c8d5b,2026-07-18T13:30:00Z,2026-07-18T15:30:00+0200,358.741,MW,NL,NL,actual_onshore_wind_generation,Wind Onshore | Actual Aggregated,2026-08-02T23:51:38Z
2026-08-02T23:49:28Z,2026-08-03T01:49:28+0200,65d3fff1-7125-472d-bbc3-1b240f9c8d5b,2026-07-18T13:30:00Z,2026-07-18T15:30:00+0200,0.0,MW,NL,NL,actual_onshore_wind_generation,Wind Onshore | Actual Consumption,2026-08-02T23:51:38Z
2026-08-02T23:49:28Z,2026-08-03T01:49:28+0200,65d3fff1-7125-472d-bbc3-1b240f9c8d5b,2026-07-18T13:45:00Z,2026-07-18T15:45:00+0200,471.514,MW,NL,NL,actual_onshore_wind_generation,Wind Onshore | Actual Aggregated,2026-08-02T23:51:38Z
2026-08-02T23:49:28Z,2026-08-03T01:49:28+0200,65d3fff1-7125-472d-bbc3-1b240f9c8d5b,2026-07-18T13:45:00Z,2026-07-18T15:45:00+0200,0.0,MW,NL,NL,actual_onshore_wind_generation,Wind Onshore | Actual Consumption,2026-08-02T23:51:38Z
2026-08-02T23:49:28Z,2026-08-03T01:49:28+0200,65d3fff1-7125-472d-bbc3-1b240f9c8d5b,2026-07-18T14:00:00Z,2026-07-18T16:00:00+0200,433.838,MW,NL,NL,actual_onshore_wind_generation,Wind Onshore | Actual Aggregated,2026-08-02T23:51:38Z
2026-08-02T23:49:28Z,2026-08-03T01:49:28+0200,65d3fff1-7125-472d-bbc3-1b240f9c8d5b,2026-07-18T14:00:00Z,2026-07-18T16:00:00+0200,0.0,MW,NL,NL,actual_onshore_wind_generation,Wind Onshore | Actual Consumption,2026-08-02T23:51:38Z
2026-08-02T23:49:28Z,2026-08-03T01:49:28+0200,65d3fff1-7125-472d-bbc3-1b240f9c8d5b,2026-07-18T14:15:00Z,2026-07-18T16:15:00+0200,402.713,MW,NL,NL,actual_onshore_wind_generation,Wind Onshore | Actual Aggregated,2026-08-02T23:51:38Z
2026-08-02T23:49:28Z,2026-08-03T01:49:28+0200,65d3fff1-7125-472d-bbc3-1b240f9c8d5b,2026-07-18T14:15:00Z,2026-07-18T16:15:00+0200,0.0,MW,NL,NL,actual_onshore_wind_generation,Wind Onshore | Actual Consumption,2026-08-02T23:51:38Z
2026-08-02T23:49:28Z,2026-08-03T01:49:28+0200,65d3fff1-7125-472d-bbc3-1b240f9c8d5b,2026-07-18T14:30:00Z,2026-07-18T16:30:00+0200,432.285,MW,NL,NL,actual_onshore_wind_generation,Wind Onshore | Actual Aggregated,2026-08-02T23:51:38Z
2026-08-02T23:49:28Z,2026-08-03T01:49:28+0200,65d3fff1-7125-472d-bbc3-1b240f9c8d5b,2026-07-18T14:30:00Z,2026-07-18T16:30:00+0200,0.0,MW,NL,NL,actual_onshore_wind_generation,Wind Onshore | Actual Consumption,2026-08-02T23:51:38Z
2026-08-02T23:49:28Z,2026-08-03T01:49:28+0200,65d3fff1-7125-472d-bbc3-1b240f9c8d5b,2026-07-18T14:45:00Z,2026-07-18T16:45:00+0200,455.269,MW,NL,NL,actual_onshore_wind_generation,Wind Onshore | Actual Aggregated,2026-08-02T23:51:38Z
2026-08-02T23:49:28Z,2026-08-03T01:49:28+0200,65d3fff1-7125-472d-bbc3-1b240f9c8d5b,2026-07-18T14:45:00Z,2026-07-18T16:45:00+0200,0.0,MW,NL,NL,actual_onshore_wind_generation,Wind Onshore | Actual Consumption,2026-08-02T23:51:38Z
2026-08-02T23:49:28Z,2026-08-03T01:49:28+0200,65d3fff1-7125-472d-bbc3-1b240f9c8d5b,2026-07-18T15:00:00Z,2026-07-18T17:00:00+0200,460.838,MW,NL,NL,actual_onshore_wind_generation,Wind Onshore | Actual Aggregated,2026-08-02T23:51:38Z
2026-08-02T23:49:28Z,2026-08-03T01:49:28+0200,65d3fff1-7125-472d-bbc3-1b240f9c8d5b,2026-07-18T15:00:00Z,2026-07-18T17:00:00+0200,0.0,MW,NL,NL,actual_onshore_wind_generation,Wind Onshore | Actual Consumption,2026-08-02T23:51:38Z
2026-08-02T23:49:28Z,2026-08-03T01:49:28+0200,65d3fff1-7125-472d-bbc3-1b240f9c8d5b,2026-07-18T15:15:00Z,2026-07-18T17:15:00+0200,424.118,MW,NL,NL,actual_onshore_wind_generation,Wind Onshore | Actual Aggregated,2026-08-02T23:51:38Z
2026-08-02T23:49:28Z,2026-08-03T01:49:28+0200,65d3fff1-7125-472d-bbc3-1b240f9c8d5b,2026-07-18T15:15:00Z,2026-07-18T17:15:00+0200,0.0,MW,NL,NL,actual_onshore_wind_generation,Wind Onshore | Actual Consumption,2026-08-02T23:51:38Z
2026-08-02T23:49:28Z,2026-08-03T01:49:28+0200,65d3fff1-7125-472d-bbc3-1b240f9c8d5b,2026-07-18T15:30:00Z,2026-07-18T17:30:00+0200,485.348,MW,NL,NL,actual_onshore_wind_generation,Wind Onshore | Actual Aggregated,2026-08-02T23:51:38Z
2026-08-02T23:49:28Z,2026-08-03T01:49:28+0200,65d3fff1-7125-472d-bbc3-1b240f9c8d5b,2026-07-18T15:30:00Z,2026-07-18T17:30:00+0200,0.0,MW,NL,NL,actual_onshore_wind_generation,Wind Onshore | Actual Consumption,2026-08-02T23:51:38Z
2026-08-02T23:49:28Z,2026-08-03T01:49:28+0200,65d3fff1-7125-472d-bbc3-1b240f9c8d5b,2026-07-18T15:45:00Z,2026-07-18T17:45:00+0200,369.755,MW,NL,NL,actual_onshore_wind_generation,Wind Onshore | Actual Aggregated,2026-08-02T23:51:38Z
2026-08-02T23:49:28Z,2026-08-03T01:49:28+0200,65d3fff1-7125-472d-bbc3-1b240f9c8d5b,2026-07-18T15:45:00Z,2026-07-18T17:45:00+0200,0.0,MW,NL,NL,actual_onshore_wind_generation,Wind Onshore | Actual Consumption,2026-08-02T23:51:38Z
2026-08-02T23:49:28Z,2026-08-03T01:49:28+0200,65d3fff1-7125-472d-bbc3-1b240f9c8d5b,2026-07-18T16:00:00Z,2026-07-18T18:00:00+0200,309.679,MW,NL,NL,actual_onshore_wind_generation,Wind Onshore | Actual Aggregated,2026-08-02T23:51:38Z
2026-08-02T23:49:28Z,2026-08-03T01:49:28+0200,65d3fff1-7125-472d-bbc3-1b240f9c8d5b,2026-07-18T16:00:00Z,2026-07-18T18:00:00+0200,0.0,MW,NL,NL,actual_onshore_wind_generation,Wind Onshore | Actual Consumption,2026-08-02T23:51:38Z
2026-08-02T23:49:28Z,2026-08-03T01:49:28+0200,65d3fff1-7125-472d-bbc3-1b240f9c8d5b,2026-07-18T16:15:00Z,2026-07-18T18:15:00+0200,423.254,MW,NL,NL,actual_onshore_wind_generation,Wind Onshore | Actual Aggregated,2026-08-02T23:51:38Z
2026-08-02T23:49:28Z,2026-08-03T01:49:28+0200,65d3fff1-7125-472d-bbc3-1b240f9c8d5b,2026-07-18T16:15:00Z,2026-07-18T18:15:00+0200,0.0,MW,NL,NL,actual_onshore_wind_generation,Wind Onshore | Actual Consumption,2026-08-02T23:51:38Z
2026-08-02T23:49:28Z,2026-08-03T01:49:28+0200,65d3fff1-7125-472d-bbc3-1b240f9c8d5b,2026-07-18T16:30:00Z,2026-07-18T18:30:00+0200,556.753,MW,NL,NL,actual_onshore_wind_generation,Wind Onshore | Actual Aggregated,2026-08-02T23:51:38Z
2026-08-02T23:49:28Z,2026-08-03T01:49:28+0200,65d3fff1-7125-472d-bbc3-1b240f9c8d5b,2026-07-18T16:30:00Z,2026-07-18T18:30:00+0200,0.0,MW,NL,NL,actual_onshore_wind_generation,Wind Onshore | Actual Consumption,2026-08-02T23:51:38Z
2026-08-02T23:49:28Z,2026-08-03T01:49:28+0200,65d3fff1-7125-472d-bbc3-1b240f9c8d5b,2026-07-18T16:45:00Z,2026-07-18T18:45:00+0200,511.643,MW,NL,NL,actual_onshore_wind_generation,Wind Onshore | Actual Aggregated,2026-08-02T23:51:38Z
2026-08-02T23:49:28Z,2026-08-03T01:49:28+0200,65d3fff1-7125-472d-bbc3-1b240f9c8d5b,2026-07-18T16:45:00Z,2026-07-18T18:45:00+0200,0.0,MW,NL,NL,actual_onshore_wind_generation,Wind Onshore | Actual Consumption,2026-08-02T23:51:38Z
2026-08-02T23:49:28Z,2026-08-03T01:49:28+0200,65d3fff1-7125-472d-bbc3-1b240f9c8d5b,2026-07-18T17:00:00Z,2026-07-18T19:00:00+0200,489.894,MW,NL,NL,actual_onshore_wind_generation,Wind Onshore | Actual Aggregated,2026-08-02T23:51:38Z
2026-08-02T23:49:28Z,2026-08-03T01:49:28+0200,65d3fff1-7125-472d-bbc3-1b240f9c8d5b,2026-07-18T17:00:00Z,2026-07-18T19:00:00+0200,0.0,MW,NL,NL,actual_onshore_wind_generation,Wind Onshore | Actual Consumption,2026-08-02T23:51:38Z
2026-08-02T23:49:28Z,2026-08-03T01:49:28+0200,65d3fff1-7125-472d-bbc3-1b240f9c8d5b,2026-07-18T17:15:00Z,2026-07-18T19:15:00+0200,485.789,MW,NL,NL,actual_onshore_wind_generation,Wind Onshore | Actual Aggregated,2026-08-02T23:51:38Z
2026-08-02T23:49:28Z,2026-08-03T01:49:28+0200,65d3fff1-7125-472d-bbc3-1b240f9c8d5b,2026-07-18T17:15:00Z,2026-07-18T19:15:00+0200,0.0,MW,NL,NL,actual_onshore_wind_generation,Wind Onshore | Actual Consumption,2026-08-02T23:51:38Z
2026-08-02T23:49:28Z,2026-08-03T01:49:28+0200,65d3fff1-7125-472d-bbc3-1b240f9c8d5b,2026-07-18T17:30:00Z,2026-07-18T19:30:00+0200,494.413,MW,NL,NL,actual_onshore_wind_generation,Wind Onshore | Actual Aggregated,2026-08-02T23:51:38Z
2026-08-02T23:49:28Z,2026-08-03T01:49:28+0200,65d3fff1-7125-472d-bbc3-1b240f9c8d5b,2026-07-18T17:30:00Z,2026-07-18T19:30:00+0200,0.0,MW,NL,NL,actual_onshore_wind_generation,Wind Onshore | Actual Consumption,2026-08-02T23:51:38Z
2026-08-02T23:49:28Z,2026-08-03T01:49:28+0200,65d3fff1-7125-472d-bbc3-1b240f9c8d5b,2026-07-18T17:45:00Z,2026-07-18T19:45:00+0200,541.117,MW,NL,NL,actual_onshore_wind_generation,Wind Onshore | Actual Aggregated,2026-08-02T23:51:38Z
2026-08-02T23:49:28Z,2026-08-03T01:49:28+0200,65d3fff1-7125-472d-bbc3-1b240f9c8d5b,2026-07-18T17:45:00Z,2026-07-18T19:45:00+0200,0.0,MW,NL,NL,actual_onshore_wind_generation,Wind Onshore | Actual Consumption,2026-08-02T23:51:38Z
2026-08-02T23:49:28Z,2026-08-03T01:49:28+0200,65d3fff1-7125-472d-bbc3-1b240f9c8d5b,2026-07-18T18:00:00Z,2026-07-18T20:00:00+0200,516.7,MW,NL,NL,actual_onshore_wind_generation,Wind Onshore | Actual Aggregated,2026-08-02T23:51:38Z
2026-08-02T23:49:28Z,2026-08-03T01:49:28+0200,65d3fff1-7125-472d-bbc3-1b240f9c8d5b,2026-07-18T18:00:00Z,2026-07-18T20:00:00+0200,0.0,MW,NL,NL,actual_onshore_wind_generation,Wind Onshore | Actual Consumption,2026-08-02T23:51:38Z
2026-08-02T23:49:28Z,2026-08-03T01:49:28+0200,65d3fff1-7125-472d-bbc3-1b240f9c8d5b,2026-07-18T18:15:00Z,2026-07-18T20:15:00+0200,523.758,MW,NL,NL,actual_onshore_wind_generation,Wind Onshore | Actual Aggregated,2026-08-02T23:51:38Z
2026-08-02T23:49:28Z,2026-08-03T01:49:28+0200,65d3fff1-7125-472d-bbc3-1b240f9c8d5b,2026-07-18T18:15:00Z,2026-07-18T20:15:00+0200,0.0,MW,NL,NL,actual_onshore_wind_generation,Wind Onshore | Actual Consumption,2026-08-02T23:51:38Z
2026-08-02T23:49:28Z,2026-08-03T01:49:28+0200,65d3fff1-7125-472d-bbc3-1b240f9c8d5b,2026-07-18T18:30:00Z,2026-07-18T20:30:00+0200,556.686,MW,NL,NL,actual_onshore_wind_generation,Wind Onshore | Actual Aggregated,2026-08-02T23:51:38Z
2026-08-02T23:49:28Z,2026-08-03T01:49:28+0200,65d3fff1-7125-472d-bbc3-1b240f9c8d5b,2026-07-18T18:30:00Z,2026-07-18T20:30:00+0200,0.0,MW,NL,NL,actual_onshore_wind_generation,Wind Onshore | Actual Consumption,2026-08-02T23:51:38Z
2026-08-02T23:49:28Z,2026-08-03T01:49:28+0200,65d3fff1-7125-472d-bbc3-1b240f9c8d5b,2026-07-18T18:45:00Z,2026-07-18T20:45:00+0200,591.659,MW,NL,NL,actual_onshore_wind_generation,Wind Onshore | Actual Aggregated,2026-08-02T23:51:38Z
2026-08-02T23:49:28Z,2026-08-03T01:49:28+0200,65d3fff1-7125-472d-bbc3-1b240f9c8d5b,2026-07-18T18:45:00Z,2026-07-18T20:45:00+0200,0.0,MW,NL,NL,actual_onshore_wind_generation,Wind Onshore | Actual Consumption,2026-08-02T23:51:38Z
2026-08-02T23:49:28Z,2026-08-03T01:49:28+0200,65d3fff1-7125-472d-bbc3-1b240f9c8d5b,2026-07-18T19:00:00Z,2026-07-18T21:00:00+0200,579.545,MW,NL,NL,actual_onshore_wind_generation,Wind Onshore | Actual Aggregated,2026-08-02T23:51:38Z
2026-08-02T23:49:28Z,2026-08-03T01:49:28+0200,65d3fff1-7125-472d-bbc3-1b240f9c8d5b,2026-07-18T19:00:00Z,2026-07-18T21:00:00+0200,0.0,MW,NL,NL,actual_onshore_wind_generation,Wind Onshore | Actual Consumption,2026-08-02T23:51:38Z
2026-08-02T23:49:28Z,2026-08-03T01:49:28+0200,65d3fff1-7125-472d-bbc3-1b240f9c8d5b,2026-07-18T19:15:00Z,2026-07-18T21:15:00+0200,640.92,MW,NL,NL,actual_onshore_wind_generation,Wind Onshore | Actual Aggregated,2026-08-02T23:51:38Z
2026-08-02T23:49:28Z,2026-08-03T01:49:28+0200,65d3fff1-7125-472d-bbc3-1b240f9c8d5b,2026-07-18T19:15:00Z,2026-07-18T21:15:00+0200,0.0,MW,NL,NL,actual_onshore_wind_generation,Wind Onshore | Actual Consumption,2026-08-02T23:51:38Z
2026-08-02T23:49:28Z,2026-08-03T01:49:28+0200,65d3fff1-7125-472d-bbc3-1b240f9c8d5b,2026-07-18T19:30:00Z,2026-07-18T21:30:00+0200,585.879,MW,NL,NL,actual_onshore_wind_generation,Wind Onshore | Actual Aggregated,2026-08-02T23:51:38Z
2026-08-02T23:49:28Z,2026-08-03T01:49:28+0200,65d3fff1-7125-472d-bbc3-1b240f9c8d5b,2026-07-18T19:30:00Z,2026-07-18T21:30:00+0200,0.0,MW,NL,NL,actual_onshore_wind_generation,Wind Onshore | Actual Consumption,2026-08-02T23:51:38Z
2026-08-02T23:49:28Z,2026-08-03T01:49:28+0200,65d3fff1-7125-472d-bbc3-1b240f9c8d5b,2026-07-18T19:45:00Z,2026-07-18T21:45:00+0200,525.958,MW,NL,NL,actual_onshore_wind_generation,Wind Onshore | Actual Aggregated,2026-08-02T23:51:38Z
2026-08-02T23:49:28Z,2026-08-03T01:49:28+0200,65d3fff1-7125-472d-bbc3-1b240f9c8d5b,2026-07-18T19:45:00Z,2026-07-18T21:45:00+0200,0.0,MW,NL,NL,actual_onshore_wind_generation,Wind Onshore | Actual Consumption,2026-08-02T23:51:38Z
2026-08-02T23:49:28Z,2026-08-03T01:49:28+0200,65d3fff1-7125-472d-bbc3-1b240f9c8d5b,2026-07-18T20:00:00Z,2026-07-18T22:00:00+0200,553.614,MW,NL,NL,actual_onshore_wind_generation,Wind Onshore | Actual Aggregated,2026-08-02T23:51:38Z
2026-08-02T23:49:28Z,2026-08-03T01:49:28+0200,65d3fff1-7125-472d-bbc3-1b240f9c8d5b,2026-07-18T20:00:00Z,2026-07-18T22:00:00+0200,0.0,MW,NL,NL,actual_onshore_wind_generation,Wind Onshore | Actual Consumption,2026-08-02T23:51:38Z
2026-08-02T23:49:28Z,2026-08-03T01:49:28+0200,65d3fff1-7125-472d-bbc3-1b240f9c8d5b,2026-07-18T20:15:00Z,2026-07-18T22:15:00+0200,581.042,MW,NL,NL,actual_onshore_wind_generation,Wind Onshore | Actual Aggregated,2026-08-02T23:51:38Z
2026-08-02T23:49:28Z,2026-08-03T01:49:28+0200,65d3fff1-7125-472d-bbc3-1b240f9c8d5b,2026-07-18T20:15:00Z,2026-07-18T22:15:00+0200,0.0,MW,NL,NL,actual_onshore_wind_generation,Wind Onshore | Actual Consumption,2026-08-02T23:51:38Z
2026-08-02T23:49:28Z,2026-08-03T01:49:28+0200,65d3fff1-7125-472d-bbc3-1b240f9c8d5b,2026-07-18T20:30:00Z,2026-07-18T22:30:00+0200,533.012,MW,NL,NL,actual_onshore_wind_generation,Wind Onshore | Actual Aggregated,2026-08-02T23:51:38Z
2026-08-02T23:49:28Z,2026-08-03T01:49:28+0200,65d3fff1-7125-472d-bbc3-1b240f9c8d5b,2026-07-18T20:30:00Z,2026-07-18T22:30:00+0200,0.0,MW,NL,NL,actual_onshore_wind_generation,Wind Onshore | Actual Consumption,2026-08-02T23:51:38Z
2026-08-02T23:49:28Z,2026-08-03T01:49:28+0200,65d3fff1-7125-472d-bbc3-1b240f9c8d5b,2026-07-18T20:45:00Z,2026-07-18T22:45:00+0200,531.912,MW,NL,NL,actual_onshore_wind_generation,Wind Onshore | Actual Aggregated,2026-08-02T23:51:38Z
2026-08-02T23:49:28Z,2026-08-03T01:49:28+0200,65d3fff1-7125-472d-bbc3-1b240f9c8d5b,2026-07-18T20:45:00Z,2026-07-18T22:45:00+0200,0.0,MW,NL,NL,actual_onshore_wind_generation,Wind Onshore | Actual Consumption,2026-08-02T23:51:38Z
2026-08-02T23:49:28Z,2026-08-03T01:49:28+0200,65d3fff1-7125-472d-bbc3-1b240f9c8d5b,2026-07-18T21:00:00Z,2026-07-18T23:00:00+0200,493.556,MW,NL,NL,actual_onshore_wind_generation,Wind Onshore | Actual Aggregated,2026-08-02T23:51:38Z
2026-08-02T23:49:28Z,2026-08-03T01:49:28+0200,65d3fff1-7125-472d-bbc3-1b240f9c8d5b,2026-07-18T21:00:00Z,2026-07-18T23:00:00+0200,0.0,MW,NL,NL,actual_onshore_wind_generation,Wind Onshore | Actual Consumption,2026-08-02T23:51:38Z
2026-08-02T23:49:28Z,2026-08-03T01:49:28+0200,65d3fff1-7125-472d-bbc3-1b240f9c8d5b,2026-07-18T21:15:00Z,2026-07-18T23:15:00+0200,531.532,MW,NL,NL,actual_onshore_wind_generation,Wind Onshore | Actual Aggregated,2026-08-02T23:51:38Z
2026-08-02T23:49:28Z,2026-08-03T01:49:28+0200,65d3fff1-7125-472d-bbc3-1b240f9c8d5b,2026-07-18T21:15:00Z,2026-07-18T23:15:00+0200,0.0,MW,NL,NL,actual_onshore_wind_generation,Wind Onshore | Actual Consumption,2026-08-02T23:51:38Z
2026-08-02T23:49:28Z,2026-08-03T01:49:28+0200,65d3fff1-7125-472d-bbc3-1b240f9c8d5b,2026-07-18T21:30:00Z,2026-07-18T23:30:00+0200,550.345,MW,NL,NL,actual_onshore_wind_generation,Wind Onshore | Actual Aggregated,2026-08-02T23:51:38Z
2026-08-02T23:49:28Z,2026-08-03T01:49:28+0200,65d3fff1-7125-472d-bbc3-1b240f9c8d5b,2026-07-18T21:30:00Z,2026-07-18T23:30:00+0200,0.0,MW,NL,NL,actual_onshore_wind_generation,Wind Onshore | Actual Consumption,2026-08-02T23:51:38Z
2026-08-02T23:49:28Z,2026-08-03T01:49:28+0200,65d3fff1-7125-472d-bbc3-1b240f9c8d5b,2026-07-18T21:45:00Z,2026-07-18T23:45:00+0200,586.63,MW,NL,NL,actual_onshore_wind_generation,Wind Onshore | Actual Aggregated,2026-08-02T23:51:38Z
2026-08-02T23:49:28Z,2026-08-03T01:49:28+0200,65d3fff1-7125-472d-bbc3-1b240f9c8d5b,2026-07-18T21:45:00Z,2026-07-18T23:45:00+0200,0.0,MW,NL,NL,actual_onshore_wind_generation,Wind Onshore | Actual Consumption,2026-08-02T23:51:38Z
2026-08-02T23:49:28Z,2026-08-03T01:49:28+0200,65d3fff1-7125-472d-bbc3-1b240f9c8d5b,2026-07-18T22:00:00Z,2026-07-19T00:00:00+0200,602.32,MW,NL,NL,actual_onshore_wind_generation,Wind Onshore | Actual Aggregated,2026-08-02T23:51:38Z
2026-08-02T23:49:28Z,2026-08-03T01:49:28+0200,65d3fff1-7125-472d-bbc3-1b240f9c8d5b,2026-07-18T22:00:00Z,2026-07-19T00:00:00+0200,0.0,MW,NL,NL,actual_onshore_wind_generation,Wind Onshore | Actual Consumption,2026-08-02T23:51:38Z
2026-08-02T23:49:28Z,2026-08-03T01:49:28+0200,65d3fff1-7125-472d-bbc3-1b240f9c8d5b,2026-07-18T22:15:00Z,2026-07-19T00:15:00+0200,624.93,MW,NL,NL,actual_onshore_wind_generation,Wind Onshore | Actual Aggregated,2026-08-02T23:51:38Z
2026-08-02T23:49:28Z,2026-08-03T01:49:28+0200,65d3fff1-7125-472d-bbc3-1b240f9c8d5b,2026-07-18T22:15:00Z,2026-07-19T00:15:00+0200,0.0,MW,NL,NL,actual_onshore_wind_generation,Wind Onshore | Actual Consumption,2026-08-02T23:51:38Z
2026-08-02T23:49:28Z,2026-08-03T01:49:28+0200,65d3fff1-7125-472d-bbc3-1b240f9c8d5b,2026-07-18T22:30:00Z,2026-07-19T00:30:00+0200,673.475,MW,NL,NL,actual_onshore_wind_generation,Wind Onshore | Actual Aggregated,2026-08-02T23:51:38Z
2026-08-02T23:49:28Z,2026-08-03T01:49:28+0200,65d3fff1-7125-472d-bbc3-1b240f9c8d5b,2026-07-18T22:30:00Z,2026-07-19T00:30:00+0200,0.0,MW,NL,NL,actual_onshore_wind_generation,Wind Onshore | Actual Consumption,2026-08-02T23:51:38Z
2026-08-02T23:49:28Z,2026-08-03T01:49:28+0200,65d3fff1-7125-472d-bbc3-1b240f9c8d5b,2026-07-18T22:45:00Z,2026-07-19T00:45:00+0200,712.647,MW,NL,NL,actual_onshore_wind_generation,Wind Onshore | Actual Aggregated,2026-08-02T23:51:38Z
2026-08-02T23:49:28Z,2026-08-03T01:49:28+0200,65d3fff1-7125-472d-bbc3-1b240f9c8d5b,2026-07-18T22:45:00Z,2026-07-19T00:45:00+0200,0.0,MW,NL,NL,actual_onshore_wind_generation,Wind Onshore | Actual Consumption,2026-08-02T23:51:38Z
2026-08-02T23:49:28Z,2026-08-03T01:49:28+0200,65d3fff1-7125-472d-bbc3-1b240f9c8d5b,2026-07-18T23:00:00Z,2026-07-19T01:00:00+0200,740.504,MW,NL,NL,actual_onshore_wind_generation,Wind Onshore | Actual Aggregated,2026-08-02T23:51:38Z
2026-08-02T23:49:28Z,2026-08-03T01:49:28+0200,65d3fff1-7125-472d-bbc3-1b240f9c8d5b,2026-07-18T23:00:00Z,2026-07-19T01:00:00+0200,0.0,MW,NL,NL,actual_onshore_wind_generation,Wind Onshore | Actual Consumption,2026-08-02T23:51:38Z
2026-08-02T23:49:28Z,2026-08-03T01:49:28+0200,65d3fff1-7125-472d-bbc3-1b240f9c8d5b,2026-07-18T23:15:00Z,2026-07-19T01:15:00+0200,757.601,MW,NL,NL,actual_onshore_wind_generation,Wind Onshore | Actual Aggregated,2026-08-02T23:51:38Z
2026-08-02T23:49:28Z,2026-08-03T01:49:28+0200,65d3fff1-7125-472d-bbc3-1b240f9c8d5b,2026-07-18T23:15:00Z,2026-07-19T01:15:00+0200,0.0,MW,NL,NL,actual_onshore_wind_generation,Wind Onshore | Actual Consumption,2026-08-02T23:51:38Z
2026-08-02T23:49:28Z,2026-08-03T01:49:28+0200,65d3fff1-7125-472d-bbc3-1b240f9c8d5b,2026-07-18T23:30:00Z,2026-07-19T01:30:00+0200,778.563,MW,NL,NL,actual_onshore_wind_generation,Wind Onshore | Actual Aggregated,2026-08-02T23:51:38Z
2026-08-02T23:49:28Z,2026-08-03T01:49:28+0200,65d3fff1-7125-472d-bbc3-1b240f9c8d5b,2026-07-18T23:30:00Z,2026-07-19T01:30:00+0200,0.0,MW,NL,NL,actual_onshore_wind_generation,Wind Onshore | Actual Consumption,2026-08-02T23:51:38Z
2026-08-02T23:49:28Z,2026-08-03T01:49:28+0200,65d3fff1-7125-472d-bbc3-1b240f9c8d5b,2026-07-18T23:45:00Z,2026-07-19T01:45:00+0200,742.69,MW,NL,NL,actual_onshore_wind_generation,Wind Onshore | Actual Aggregated,2026-08-02T23:51:38Z
2026-08-02T23:49:28Z,2026-08-03T01:49:28+0200,65d3fff1-7125-472d-bbc3-1b240f9c8d5b,2026-07-18T23:45:00Z,2026-07-19T01:45:00+0200,0.0,MW,NL,NL,actual_onshore_wind_generation,Wind Onshore | Actual Consumption,2026-08-02T23:51:38Z
2026-08-02T23:49:28Z,2026-08-03T01:49:28+0200,65d3fff1-7125-472d-bbc3-1b240f9c8d5b,2026-07-19T00:00:00Z,2026-07-19T02:00:00+0200,750.155,MW,NL,NL,actual_onshore_wind_generation,Wind Onshore | Actual Aggregated,2026-08-02T23:51:38Z
2026-08-02T23:49:28Z,2026-08-03T01:49:28+0200,65d3fff1-7125-472d-bbc3-1b240f9c8d5b,2026-07-19T00:00:00Z,2026-07-19T02:00:00+0200,0.0,MW,NL,NL,actual_onshore_wind_generation,Wind Onshore | Actual Consumption,2026-08-02T23:51:38Z
2026-08-02T23:49:28Z,2026-08-03T01:49:28+0200,65d3fff1-7125-472d-bbc3-1b240f9c8d5b,2026-07-19T00:15:00Z,2026-07-19T02:15:00+0200,743.443,MW,NL,NL,actual_onshore_wind_generation,Wind Onshore | Actual Aggregated,2026-08-02T23:51:38Z
2026-08-02T23:49:28Z,2026-08-03T01:49:28+0200,65d3fff1-7125-472d-bbc3-1b240f9c8d5b,2026-07-19T00:15:00Z,2026-07-19T02:15:00+0200,0.0,MW,NL,NL,actual_onshore_wind_generation,Wind Onshore | Actual Consumption,2026-08-02T23:51:38Z
2026-08-02T23:49:28Z,2026-08-03T01:49:28+0200,65d3fff1-7125-472d-bbc3-1b240f9c8d5b,2026-07-19T00:30:00Z,2026-07-19T02:30:00+0200,757.128,MW,NL,NL,actual_onshore_wind_generation,Wind Onshore | Actual Aggregated,2026-08-02T23:51:38Z
2026-08-02T23:49:28Z,2026-08-03T01:49:28+0200,65d3fff1-7125-472d-bbc3-1b240f9c8d5b,2026-07-19T00:30:00Z,2026-07-19T02:30:00+0200,0.0,MW,NL,NL,actual_onshore_wind_generation,Wind Onshore | Actual Consumption,2026-08-02T23:51:38Z
2026-08-02T23:49:28Z,2026-08-03T01:49:28+0200,65d3fff1-7125-472d-bbc3-1b240f9c8d5b,2026-07-19T00:45:00Z,2026-07-19T02:45:00+0200,775.689,MW,NL,NL,actual_onshore_wind_generation,Wind Onshore | Actual Aggregated,2026-08-02T23:51:38Z
2026-08-02T23:49:28Z,2026-08-03T01:49:28+0200,65d3fff1-7125-472d-bbc3-1b240f9c8d5b,2026-07-19T00:45:00Z,2026-07-19T02:45:00+0200,0.0,MW,NL,NL,actual_onshore_wind_generation,Wind Onshore | Actual Consumption,2026-08-02T23:51:38Z
2026-08-02T23:49:28Z,2026-08-03T01:49:28+0200,65d3fff1-7125-472d-bbc3-1b240f9c8d5b,2026-07-19T01:00:00Z,2026-07-19T03:00:00+0200,775.061,MW,NL,NL,actual_onshore_wind_generation,Wind Onshore | Actual Aggregated,2026-08-02T23:51:38Z
2026-08-02T23:49:28Z,2026-08-03T01:49:28+0200,65d3fff1-7125-472d-bbc3-1b240f9c8d5b,2026-07-19T01:00:00Z,2026-07-19T03:00:00+0200,0.0,MW,NL,NL,actual_onshore_wind_generation,Wind Onshore | Actual Consumption,2026-08-02T23:51:38Z
2026-08-02T23:49:28Z,2026-08-03T01:49:28+0200,65d3fff1-7125-472d-bbc3-1b240f9c8d5b,2026-07-19T01:15:00Z,2026-07-19T03:15:00+0200,785.744,MW,NL,NL,actual_onshore_wind_generation,Wind Onshore | Actual Aggregated,2026-08-02T23:51:38Z
2026-08-02T23:49:28Z,2026-08-03T01:49:28+0200,65d3fff1-7125-472d-bbc3-1b240f9c8d5b,2026-07-19T01:15:00Z,2026-07-19T03:15:00+0200,0.0,MW,NL,NL,actual_onshore_wind_generation,Wind Onshore | Actual Consumption,2026-08-02T23:51:38Z
2026-08-02T23:49:28Z,2026-08-03T01:49:28+0200,65d3fff1-7125-472d-bbc3-1b240f9c8d5b,2026-07-19T01:30:00Z,2026-07-19T03:30:00+0200,737.319,MW,NL,NL,actual_onshore_wind_generation,Wind Onshore | Actual Aggregated,2026-08-02T23:51:38Z
2026-08-02T23:49:28Z,2026-08-03T01:49:28+0200,65d3fff1-7125-472d-bbc3-1b240f9c8d5b,2026-07-19T01:30:00Z,2026-07-19T03:30:00+0200,0.0,MW,NL,NL,actual_onshore_wind_generation,Wind Onshore | Actual Consumption,2026-08-02T23:51:38Z
2026-08-02T23:49:28Z,2026-08-03T01:49:28+0200,65d3fff1-7125-472d-bbc3-1b240f9c8d5b,2026-07-19T01:45:00Z,2026-07-19T03:45:00+0200,766.986,MW,NL,NL,actual_onshore_wind_generation,Wind Onshore | Actual Aggregated,2026-08-02T23:51:38Z
2026-08-02T23:49:28Z,2026-08-03T01:49:28+0200,65d3fff1-7125-472d-bbc3-1b240f9c8d5b,2026-07-19T01:45:00Z,2026-07-19T03:45:00+0200,0.0,MW,NL,NL,actual_onshore_wind_generation,Wind Onshore | Actual Consumption,2026-08-02T23:51:38Z
2026-08-02T23:49:28Z,2026-08-03T01:49:28+0200,65d3fff1-7125-472d-bbc3-1b240f9c8d5b,2026-07-19T02:00:00Z,2026-07-19T04:00:00+0200,797.559,MW,NL,NL,actual_onshore_wind_generation,Wind Onshore | Actual Aggregated,2026-08-02T23:51:38Z
2026-08-02T23:49:28Z,2026-08-03T01:49:28+0200,65d3fff1-7125-472d-bbc3-1b240f9c8d5b,2026-07-19T02:00:00Z,2026-07-19T04:00:00+0200,0.0,MW,NL,NL,actual_onshore_wind_generation,Wind Onshore | Actual Consumption,2026-08-02T23:51:38Z
2026-08-02T23:49:28Z,2026-08-03T01:49:28+0200,65d3fff1-7125-472d-bbc3-1b240f9c8d5b,2026-07-19T02:15:00Z,2026-07-19T04:15:00+0200,760.297,MW,NL,NL,actual_onshore_wind_generation,Wind Onshore | Actual Aggregated,2026-08-02T23:51:38Z
2026-08-02T23:49:28Z,2026-08-03T01:49:28+0200,65d3fff1-7125-472d-bbc3-1b240f9c8d5b,2026-07-19T02:15:00Z,2026-07-19T04:15:00+0200,0.0,MW,NL,NL,actual_onshore_wind_generation,Wind Onshore | Actual Consumption,2026-08-02T23:51:38Z
2026-08-02T23:49:28Z,2026-08-03T01:49:28+0200,65d3fff1-7125-472d-bbc3-1b240f9c8d5b,2026-07-19T02:30:00Z,2026-07-19T04:30:00+0200,783.464,MW,NL,NL,actual_onshore_wind_generation,Wind Onshore | Actual Aggregated,2026-08-02T23:51:38Z
2026-08-02T23:49:28Z,2026-08-03T01:49:28+0200,65d3fff1-7125-472d-bbc3-1b240f9c8d5b,2026-07-19T02:30:00Z,2026-07-19T04:30:00+0200,0.0,MW,NL,NL,actual_onshore_wind_generation,Wind Onshore | Actual Consumption,2026-08-02T23:51:38Z
2026-08-02T23:49:28Z,2026-08-03T01:49:28+0200,65d3fff1-7125-472d-bbc3-1b240f9c8d5b,2026-07-19T02:45:00Z,2026-07-19T04:45:00+0200,760.408,MW,NL,NL,actual_onshore_wind_generation,Wind Onshore | Actual Aggregated,2026-08-02T23:51:38Z
2026-08-02T23:49:28Z,2026-08-03T01:49:28+0200,65d3fff1-7125-472d-bbc3-1b240f9c8d5b,2026-07-19T02:45:00Z,2026-07-19T04:45:00+0200,0.0,MW,NL,NL,actual_onshore_wind_generation,Wind Onshore | Actual Consumption,2026-08-02T23:51:38Z
2026-08-02T23:49:28Z,2026-08-03T01:49:28+0200,65d3fff1-7125-472d-bbc3-1b240f9c8d5b,2026-07-19T03:00:00Z,2026-07-19T05:00:00+0200,763.619,MW,NL,NL,actual_onshore_wind_generation,Wind Onshore | Actual Aggregated,2026-08-02T23:51:38Z
2026-08-02T23:49:28Z,2026-08-03T01:49:28+0200,65d3fff1-7125-472d-bbc3-1b240f9c8d5b,2026-07-19T03:00:00Z,2026-07-19T05:00:00+0200,0.0,MW,NL,NL,actual_onshore_wind_generation,Wind Onshore | Actual Consumption,2026-08-02T23:51:38Z
2026-08-02T23:49:28Z,2026-08-03T01:49:28+0200,65d3fff1-7125-472d-bbc3-1b240f9c8d5b,2026-07-19T03:15:00Z,2026-07-19T05:15:00+0200,753.378,MW,NL,NL,actual_onshore_wind_generation,Wind Onshore | Actual Aggregated,2026-08-02T23:51:38Z
2026-08-02T23:49:28Z,2026-08-03T01:49:28+0200,65d3fff1-7125-472d-bbc3-1b240f9c8d5b,2026-07-19T03:15:00Z,2026-07-19T05:15:00+0200,0.0,MW,NL,NL,actual_onshore_wind_generation,Wind Onshore | Actual Consumption,2026-08-02T23:51:38Z
2026-08-02T23:49:28Z,2026-08-03T01:49:28+0200,65d3fff1-7125-472d-bbc3-1b240f9c8d5b,2026-07-19T03:30:00Z,2026-07-19T05:30:00+0200,751.978,MW,NL,NL,actual_onshore_wind_generation,Wind Onshore | Actual Aggregated,2026-08-02T23:51:38Z
2026-08-02T23:49:28Z,2026-08-03T01:49:28+0200,65d3fff1-7125-472d-bbc3-1b240f9c8d5b,2026-07-19T03:30:00Z,2026-07-19T05:30:00+0200,0.0,MW,NL,NL,actual_onshore_wind_generation,Wind Onshore | Actual Consumption,2026-08-02T23:51:38Z
2026-08-02T23:49:28Z,2026-08-03T01:49:28+0200,65d3fff1-7125-472d-bbc3-1b240f9c8d5b,2026-07-19T03:45:00Z,2026-07-19T05:45:00+0200,761.688,MW,NL,NL,actual_onshore_wind_generation,Wind Onshore | Actual Aggregated,2026-08-02T23:51:38Z
2026-08-02T23:49:28Z,2026-08-03T01:49:28+0200,65d3fff1-7125-472d-bbc3-1b240f9c8d5b,2026-07-19T03:45:00Z,2026-07-19T05:45:00+0200,0.0,MW,NL,NL,actual_onshore_wind_generation,Wind Onshore | Actual Consumption,2026-08-02T23:51:38Z
2026-08-02T23:49:28Z,2026-08-03T01:49:28+0200,65d3fff1-7125-472d-bbc3-1b240f9c8d5b,2026-07-19T04:00:00Z,2026-07-19T06:00:00+0200,740.788,MW,NL,NL,actual_onshore_wind_generation,Wind Onshore | Actual Aggregated,2026-08-02T23:51:38Z
2026-08-02T23:49:28Z,2026-08-03T01:49:28+0200,65d3fff1-7125-472d-bbc3-1b240f9c8d5b,2026-07-19T04:00:00Z,2026-07-19T06:00:00+0200,0.0,MW,NL,NL,actual_onshore_wind_generation,Wind Onshore | Actual Consumption,2026-08-02T23:51:38Z
2026-08-02T23:49:28Z,2026-08-03T01:49:28+0200,65d3fff1-7125-472d-bbc3-1b240f9c8d5b,2026-07-19T04:15:00Z,2026-07-19T06:15:00+0200,718.777,MW,NL,NL,actual_onshore_wind_generation,Wind Onshore | Actual Aggregated,2026-08-02T23:51:38Z
2026-08-02T23:49:28Z,2026-08-03T01:49:28+0200,65d3fff1-7125-472d-bbc3-1b240f9c8d5b,2026-07-19T04:15:00Z,2026-07-19T06:15:00+0200,0.0,MW,NL,NL,actual_onshore_wind_generation,Wind Onshore | Actual Consumption,2026-08-02T23:51:38Z
2026-08-02T23:49:28Z,2026-08-03T01:49:28+0200,65d3fff1-7125-472d-bbc3-1b240f9c8d5b,2026-07-19T04:30:00Z,2026-07-19T06:30:00+0200,710.071,MW,NL,NL,actual_onshore_wind_generation,Wind Onshore | Actual Aggregated,2026-08-02T23:51:38Z
2026-08-02T23:49:28Z,2026-08-03T01:49:28+0200,65d3fff1-7125-472d-bbc3-1b240f9c8d5b,2026-07-19T04:30:00Z,2026-07-19T06:30:00+0200,0.0,MW,NL,NL,actual_onshore_wind_generation,Wind Onshore | Actual Consumption,2026-08-02T23:51:38Z
2026-08-02T23:49:28Z,2026-08-03T01:49:28+0200,65d3fff1-7125-472d-bbc3-1b240f9c8d5b,2026-07-19T04:45:00Z,2026-07-19T06:45:00+0200,703.581,MW,NL,NL,actual_onshore_wind_generation,Wind Onshore | Actual Aggregated,2026-08-02T23:51:38Z
2026-08-02T23:49:28Z,2026-08-03T01:49:28+0200,65d3fff1-7125-472d-bbc3-1b240f9c8d5b,2026-07-19T04:45:00Z,2026-07-19T06:45:00+0200,0.0,MW,NL,NL,actual_onshore_wind_generation,Wind Onshore | Actual Consumption,2026-08-02T23:51:38Z
2026-08-02T23:49:28Z,2026-08-03T01:49:28+0200,65d3fff1-7125-472d-bbc3-1b240f9c8d5b,2026-07-19T05:00:00Z,2026-07-19T07:00:00+0200,706.815,MW,NL,NL,actual_onshore_wind_generation,Wind Onshore | Actual Aggregated,2026-08-02T23:51:38Z
2026-08-02T23:49:28Z,2026-08-03T01:49:28+0200,65d3fff1-7125-472d-bbc3-1b240f9c8d5b,2026-07-19T05:00:00Z,2026-07-19T07:00:00+0200,0.0,MW,NL,NL,actual_onshore_wind_generation,Wind Onshore | Actual Consumption,2026-08-02T23:51:38Z
2026-08-02T23:49:28Z,2026-08-03T01:49:28+0200,65d3fff1-7125-472d-bbc3-1b240f9c8d5b,2026-07-19T05:15:00Z,2026-07-19T07:15:00+0200,648.836,MW,NL,NL,actual_onshore_wind_generation,Wind Onshore | Actual Aggregated,2026-08-02T23:51:38Z
2026-08-02T23:49:28Z,2026-08-03T01:49:28+0200,65d3fff1-7125-472d-bbc3-1b240f9c8d5b,2026-07-19T05:15:00Z,2026-07-19T07:15:00+0200,0.0,MW,NL,NL,actual_onshore_wind_generation,Wind Onshore | Actual Consumption,2026-08-02T23:51:38Z
2026-08-02T23:49:28Z,2026-08-03T01:49:28+0200,65d3fff1-7125-472d-bbc3-1b240f9c8d5b,2026-07-19T05:30:00Z,2026-07-19T07:30:00+0200,646.16,MW,NL,NL,actual_onshore_wind_generation,Wind Onshore | Actual Aggregated,2026-08-02T23:51:38Z
2026-08-02T23:49:28Z,2026-08-03T01:49:28+0200,65d3fff1-7125-472d-bbc3-1b240f9c8d5b,2026-07-19T05:30:00Z,2026-07-19T07:30:00+0200,0.0,MW,NL,NL,actual_onshore_wind_generation,Wind Onshore | Actual Consumption,2026-08-02T23:51:38Z
2026-08-02T23:49:28Z,2026-08-03T01:49:28+0200,65d3fff1-7125-472d-bbc3-1b240f9c8d5b,2026-07-19T05:45:00Z,2026-07-19T07:45:00+0200,666.014,MW,NL,NL,actual_onshore_wind_generation,Wind Onshore | Actual Aggregated,2026-08-02T23:51:38Z
2026-08-02T23:49:28Z,2026-08-03T01:49:28+0200,65d3fff1-7125-472d-bbc3-1b240f9c8d5b,2026-07-19T05:45:00Z,2026-07-19T07:45:00+0200,0.0,MW,NL,NL,actual_onshore_wind_generation,Wind Onshore | Actual Consumption,2026-08-02T23:51:38Z
2026-08-02T23:49:28Z,2026-08-03T01:49:28+0200,65d3fff1-7125-472d-bbc3-1b240f9c8d5b,2026-07-19T06:00:00Z,2026-07-19T08:00:00+0200,639.108,MW,NL,NL,actual_onshore_wind_generation,Wind Onshore | Actual Aggregated,2026-08-02T23:51:38Z
2026-08-02T23:49:28Z,2026-08-03T01:49:28+0200,65d3fff1-7125-472d-bbc3-1b240f9c8d5b,2026-07-19T06:00:00Z,2026-07-19T08:00:00+0200,0.0,MW,NL,NL,actual_onshore_wind_generation,Wind Onshore | Actual Consumption,2026-08-02T23:51:38Z
2026-08-02T23:49:28Z,2026-08-03T01:49:28+0200,65d3fff1-7125-472d-bbc3-1b240f9c8d5b,2026-07-19T06:15:00Z,2026-07-19T08:15:00+0200,673.053,MW,NL,NL,actual_onshore_wind_generation,Wind Onshore | Actual Aggregated,2026-08-02T23:51:38Z
2026-08-02T23:49:28Z,2026-08-03T01:49:28+0200,65d3fff1-7125-472d-bbc3-1b240f9c8d5b,2026-07-19T06:15:00Z,2026-07-19T08:15:00+0200,0.0,MW,NL,NL,actual_onshore_wind_generation,Wind Onshore | Actual Consumption,2026-08-02T23:51:38Z
2026-08-02T23:49:28Z,2026-08-03T01:49:28+0200,65d3fff1-7125-472d-bbc3-1b240f9c8d5b,2026-07-19T06:30:00Z,2026-07-19T08:30:00+0200,631.907,MW,NL,NL,actual_onshore_wind_generation,Wind Onshore | Actual Aggregated,2026-08-02T23:51:38Z
2026-08-02T23:49:28Z,2026-08-03T01:49:28+0200,65d3fff1-7125-472d-bbc3-1b240f9c8d5b,2026-07-19T06:30:00Z,2026-07-19T08:30:00+0200,0.0,MW,NL,NL,actual_onshore_wind_generation,Wind Onshore | Actual Consumption,2026-08-02T23:51:38Z
2026-08-02T23:49:28Z,2026-08-03T01:49:28+0200,65d3fff1-7125-472d-bbc3-1b240f9c8d5b,2026-07-19T06:45:00Z,2026-07-19T08:45:00+0200,654.827,MW,NL,NL,actual_onshore_wind_generation,Wind Onshore | Actual Aggregated,2026-08-02T23:51:38Z
2026-08-02T23:49:28Z,2026-08-03T01:49:28+0200,65d3fff1-7125-472d-bbc3-1b240f9c8d5b,2026-07-19T06:45:00Z,2026-07-19T08:45:00+0200,0.0,MW,NL,NL,actual_onshore_wind_generation,Wind Onshore | Actual Consumption,2026-08-02T23:51:38Z
2026-08-02T23:49:28Z,2026-08-03T01:49:28+0200,65d3fff1-7125-472d-bbc3-1b240f9c8d5b,2026-07-19T07:00:00Z,2026-07-19T09:00:00+0200,701.814,MW,NL,NL,actual_onshore_wind_generation,Wind Onshore | Actual Aggregated,2026-08-02T23:51:38Z
2026-08-02T23:49:28Z,2026-08-03T01:49:28+0200,65d3fff1-7125-472d-bbc3-1b240f9c8d5b,2026-07-19T07:00:00Z,2026-07-19T09:00:00+0200,0.0,MW,NL,NL,actual_onshore_wind_generation,Wind Onshore | Actual Consumption,2026-08-02T23:51:38Z
2026-08-02T23:49:28Z,2026-08-03T01:49:28+0200,65d3fff1-7125-472d-bbc3-1b240f9c8d5b,2026-07-19T07:15:00Z,2026-07-19T09:15:00+0200,727.142,MW,NL,NL,actual_onshore_wind_generation,Wind Onshore | Actual Aggregated,2026-08-02T23:51:38Z
2026-08-02T23:49:28Z,2026-08-03T01:49:28+0200,65d3fff1-7125-472d-bbc3-1b240f9c8d5b,2026-07-19T07:15:00Z,2026-07-19T09:15:00+0200,0.0,MW,NL,NL,actual_onshore_wind_generation,Wind Onshore | Actual Consumption,2026-08-02T23:51:38Z
2026-08-02T23:49:28Z,2026-08-03T01:49:28+0200,65d3fff1-7125-472d-bbc3-1b240f9c8d5b,2026-07-19T07:30:00Z,2026-07-19T09:30:00+0200,733.815,MW,NL,NL,actual_onshore_wind_generation,Wind Onshore | Actual Aggregated,2026-08-02T23:51:38Z
2026-08-02T23:49:28Z,2026-08-03T01:49:28+0200,65d3fff1-7125-472d-bbc3-1b240f9c8d5b,2026-07-19T07:30:00Z,2026-07-19T09:30:00+0200,0.0,MW,NL,NL,actual_onshore_wind_generation,Wind Onshore | Actual Consumption,2026-08-02T23:51:38Z
2026-08-02T23:49:28Z,2026-08-03T01:49:28+0200,65d3fff1-7125-472d-bbc3-1b240f9c8d5b,2026-07-19T07:45:00Z,2026-07-19T09:45:00+0200,736.244,MW,NL,NL,actual_onshore_wind_generation,Wind Onshore | Actual Aggregated,2026-08-02T23:51:38Z
2026-08-02T23:49:28Z,2026-08-03T01:49:28+0200,65d3fff1-7125-472d-bbc3-1b240f9c8d5b,2026-07-19T07:45:00Z,2026-07-19T09:45:00+0200,0.0,MW,NL,NL,actual_onshore_wind_generation,Wind Onshore | Actual Consumption,2026-08-02T23:51:38Z
2026-08-02T23:49:28Z,2026-08-03T01:49:28+0200,65d3fff1-7125-472d-bbc3-1b240f9c8d5b,2026-07-19T08:00:00Z,2026-07-19T10:00:00+0200,749.248,MW,NL,NL,actual_onshore_wind_generation,Wind Onshore | Actual Aggregated,2026-08-02T23:51:38Z
2026-08-02T23:49:28Z,2026-08-03T01:49:28+0200,65d3fff1-7125-472d-bbc3-1b240f9c8d5b,2026-07-19T08:00:00Z,2026-07-19T10:00:00+0200,0.0,MW,NL,NL,actual_onshore_wind_generation,Wind Onshore | Actual Consumption,2026-08-02T23:51:38Z
2026-08-02T23:49:28Z,2026-08-03T01:49:28+0200,65d3fff1-7125-472d-bbc3-1b240f9c8d5b,2026-07-19T08:15:00Z,2026-07-19T10:15:00+0200,728.121,MW,NL,NL,actual_onshore_wind_generation,Wind Onshore | Actual Aggregated,2026-08-02T23:51:38Z
2026-08-02T23:49:28Z,2026-08-03T01:49:28+0200,65d3fff1-7125-472d-bbc3-1b240f9c8d5b,2026-07-19T08:15:00Z,2026-07-19T10:15:00+0200,0.0,MW,NL,NL,actual_onshore_wind_generation,Wind Onshore | Actual Consumption,2026-08-02T23:51:38Z
2026-08-02T23:49:28Z,2026-08-03T01:49:28+0200,65d3fff1-7125-472d-bbc3-1b240f9c8d5b,2026-07-19T08:30:00Z,2026-07-19T10:30:00+0200,743.172,MW,NL,NL,actual_onshore_wind_generation,Wind Onshore | Actual Aggregated,2026-08-02T23:51:38Z
2026-08-02T23:49:28Z,2026-08-03T01:49:28+0200,65d3fff1-7125-472d-bbc3-1b240f9c8d5b,2026-07-19T08:30:00Z,2026-07-19T10:30:00+0200,0.0,MW,NL,NL,actual_onshore_wind_generation,Wind Onshore | Actual Consumption,2026-08-02T23:51:38Z
2026-08-02T23:49:28Z,2026-08-03T01:49:28+0200,65d3fff1-7125-472d-bbc3-1b240f9c8d5b,2026-07-19T08:45:00Z,2026-07-19T10:45:00+0200,755.472,MW,NL,NL,actual_onshore_wind_generation,Wind Onshore | Actual Aggregated,2026-08-02T23:51:38Z
2026-08-02T23:49:28Z,2026-08-03T01:49:28+0200,65d3fff1-7125-472d-bbc3-1b240f9c8d5b,2026-07-19T08:45:00Z,2026-07-19T10:45:00+0200,0.0,MW,NL,NL,actual_onshore_wind_generation,Wind Onshore | Actual Consumption,2026-08-02T23:51:38Z
2026-08-02T23:49:28Z,2026-08-03T01:49:28+0200,65d3fff1-7125-472d-bbc3-1b240f9c8d5b,2026-07-19T09:00:00Z,2026-07-19T11:00:00+0200,780.663,MW,NL,NL,actual_onshore_wind_generation,Wind Onshore | Actual Aggregated,2026-08-02T23:51:38Z
2026-08-02T23:49:28Z,2026-08-03T01:49:28+0200,65d3fff1-7125-472d-bbc3-1b240f9c8d5b,2026-07-19T09:00:00Z,2026-07-19T11:00:00+0200,0.0,MW,NL,NL,actual_onshore_wind_generation,Wind Onshore | Actual Consumption,2026-08-02T23:51:38Z
2026-08-02T23:49:28Z,2026-08-03T01:49:28+0200,65d3fff1-7125-472d-bbc3-1b240f9c8d5b,2026-07-19T09:15:00Z,2026-07-19T11:15:00+0200,733.888,MW,NL,NL,actual_onshore_wind_generation,Wind Onshore | Actual Aggregated,2026-08-02T23:51:38Z
2026-08-02T23:49:28Z,2026-08-03T01:49:28+0200,65d3fff1-7125-472d-bbc3-1b240f9c8d5b,2026-07-19T09:15:00Z,2026-07-19T11:15:00+0200,0.0,MW,NL,NL,actual_onshore_wind_generation,Wind Onshore | Actual Consumption,2026-08-02T23:51:38Z
2026-08-02T23:49:28Z,2026-08-03T01:49:28+0200,65d3fff1-7125-472d-bbc3-1b240f9c8d5b,2026-07-19T09:30:00Z,2026-07-19T11:30:00+0200,750.029,MW,NL,NL,actual_onshore_wind_generation,Wind Onshore | Actual Aggregated,2026-08-02T23:51:38Z
2026-08-02T23:49:28Z,2026-08-03T01:49:28+0200,65d3fff1-7125-472d-bbc3-1b240f9c8d5b,2026-07-19T09:30:00Z,2026-07-19T11:30:00+0200,0.0,MW,NL,NL,actual_onshore_wind_generation,Wind Onshore | Actual Consumption,2026-08-02T23:51:38Z
2026-08-02T23:49:28Z,2026-08-03T01:49:28+0200,65d3fff1-7125-472d-bbc3-1b240f9c8d5b,2026-07-19T09:45:00Z,2026-07-19T11:45:00+0200,724.091,MW,NL,NL,actual_onshore_wind_generation,Wind Onshore | Actual Aggregated,2026-08-02T23:51:38Z
2026-08-02T23:49:28Z,2026-08-03T01:49:28+0200,65d3fff1-7125-472d-bbc3-1b240f9c8d5b,2026-07-19T09:45:00Z,2026-07-19T11:45:00+0200,0.0,MW,NL,NL,actual_onshore_wind_generation,Wind Onshore | Actual Consumption,2026-08-02T23:51:38Z
2026-08-02T23:49:28Z,2026-08-03T01:49:28+0200,65d3fff1-7125-472d-bbc3-1b240f9c8d5b,2026-07-19T10:00:00Z,2026-07-19T12:00:00+0200,725.577,MW,NL,NL,actual_onshore_wind_generation,Wind Onshore | Actual Aggregated,2026-08-02T23:51:38Z
2026-08-02T23:49:28Z,2026-08-03T01:49:28+0200,65d3fff1-7125-472d-bbc3-1b240f9c8d5b,2026-07-19T10:00:00Z,2026-07-19T12:00:00+0200,0.0,MW,NL,NL,actual_onshore_wind_generation,Wind Onshore | Actual Consumption,2026-08-02T23:51:38Z
2026-08-02T23:49:28Z,2026-08-03T01:49:28+0200,65d3fff1-7125-472d-bbc3-1b240f9c8d5b,2026-07-19T10:15:00Z,2026-07-19T12:15:00+0200,761.413,MW,NL,NL,actual_onshore_wind_generation,Wind Onshore | Actual Aggregated,2026-08-02T23:51:38Z
2026-08-02T23:49:28Z,2026-08-03T01:49:28+0200,65d3fff1-7125-472d-bbc3-1b240f9c8d5b,2026-07-19T10:15:00Z,2026-07-19T12:15:00+0200,0.0,MW,NL,NL,actual_onshore_wind_generation,Wind Onshore | Actual Consumption,2026-08-02T23:51:38Z
2026-08-02T23:49:28Z,2026-08-03T01:49:28+0200,65d3fff1-7125-472d-bbc3-1b240f9c8d5b,2026-07-19T10:30:00Z,2026-07-19T12:30:00+0200,751.678,MW,NL,NL,actual_onshore_wind_generation,Wind Onshore | Actual Aggregated,2026-08-02T23:51:38Z
2026-08-02T23:49:28Z,2026-08-03T01:49:28+0200,65d3fff1-7125-472d-bbc3-1b240f9c8d5b,2026-07-19T10:30:00Z,2026-07-19T12:30:00+0200,0.0,MW,NL,NL,actual_onshore_wind_generation,Wind Onshore | Actual Consumption,2026-08-02T23:51:38Z
2026-08-02T23:49:28Z,2026-08-03T01:49:28+0200,65d3fff1-7125-472d-bbc3-1b240f9c8d5b,2026-07-19T10:45:00Z,2026-07-19T12:45:00+0200,721.958,MW,NL,NL,actual_onshore_wind_generation,Wind Onshore | Actual Aggregated,2026-08-02T23:51:38Z
2026-08-02T23:49:28Z,2026-08-03T01:49:28+0200,65d3fff1-7125-472d-bbc3-1b240f9c8d5b,2026-07-19T10:45:00Z,2026-07-19T12:45:00+0200,0.0,MW,NL,NL,actual_onshore_wind_generation,Wind Onshore | Actual Consumption,2026-08-02T23:51:38Z
2026-08-02T23:49:28Z,2026-08-03T01:49:28+0200,65d3fff1-7125-472d-bbc3-1b240f9c8d5b,2026-07-19T11:00:00Z,2026-07-19T13:00:00+0200,726.403,MW,NL,NL,actual_onshore_wind_generation,Wind Onshore | Actual Aggregated,2026-08-02T23:51:38Z
2026-08-02T23:49:28Z,2026-08-03T01:49:28+0200,65d3fff1-7125-472d-bbc3-1b240f9c8d5b,2026-07-19T11:00:00Z,2026-07-19T13:00:00+0200,0.0,MW,NL,NL,actual_onshore_wind_generation,Wind Onshore | Actual Consumption,2026-08-02T23:51:38Z
2026-08-02T23:49:28Z,2026-08-03T01:49:28+0200,65d3fff1-7125-472d-bbc3-1b240f9c8d5b,2026-07-19T11:15:00Z,2026-07-19T13:15:00+0200,709.46,MW,NL,NL,actual_onshore_wind_generation,Wind Onshore | Actual Aggregated,2026-08-02T23:51:38Z
2026-08-02T23:49:28Z,2026-08-03T01:49:28+0200,65d3fff1-7125-472d-bbc3-1b240f9c8d5b,2026-07-19T11:15:00Z,2026-07-19T13:15:00+0200,0.0,MW,NL,NL,actual_onshore_wind_generation,Wind Onshore | Actual Consumption,2026-08-02T23:51:38Z
2026-08-02T23:49:28Z,2026-08-03T01:49:28+0200,65d3fff1-7125-472d-bbc3-1b240f9c8d5b,2026-07-19T11:30:00Z,2026-07-19T13:30:00+0200,694.224,MW,NL,NL,actual_onshore_wind_generation,Wind Onshore | Actual Aggregated,2026-08-02T23:51:38Z
2026-08-02T23:49:28Z,2026-08-03T01:49:28+0200,65d3fff1-7125-472d-bbc3-1b240f9c8d5b,2026-07-19T11:30:00Z,2026-07-19T13:30:00+0200,0.0,MW,NL,NL,actual_onshore_wind_generation,Wind Onshore | Actual Consumption,2026-08-02T23:51:38Z
2026-08-02T23:49:28Z,2026-08-03T01:49:28+0200,65d3fff1-7125-472d-bbc3-1b240f9c8d5b,2026-07-19T11:45:00Z,2026-07-19T13:45:00+0200,684.214,MW,NL,NL,actual_onshore_wind_generation,Wind Onshore | Actual Aggregated,2026-08-02T23:51:38Z
2026-08-02T23:49:28Z,2026-08-03T01:49:28+0200,65d3fff1-7125-472d-bbc3-1b240f9c8d5b,2026-07-19T11:45:00Z,2026-07-19T13:45:00+0200,0.0,MW,NL,NL,actual_onshore_wind_generation,Wind Onshore | Actual Consumption,2026-08-02T23:51:38Z
2026-08-02T23:49:28Z,2026-08-03T01:49:28+0200,65d3fff1-7125-472d-bbc3-1b240f9c8d5b,2026-07-19T12:00:00Z,2026-07-19T14:00:00+0200,712.418,MW,NL,NL,actual_onshore_wind_generation,Wind Onshore | Actual Aggregated,2026-08-02T23:51:38Z
2026-08-02T23:49:28Z,2026-08-03T01:49:28+0200,65d3fff1-7125-472d-bbc3-1b240f9c8d5b,2026-07-19T12:00:00Z,2026-07-19T14:00:00+0200,0.0,MW,NL,NL,actual_onshore_wind_generation,Wind Onshore | Actual Consumption,2026-08-02T23:51:38Z
2026-08-02T23:49:28Z,2026-08-03T01:49:28+0200,65d3fff1-7125-472d-bbc3-1b240f9c8d5b,2026-07-19T12:15:00Z,2026-07-19T14:15:00+0200,693.591,MW,NL,NL,actual_onshore_wind_generation,Wind Onshore | Actual Aggregated,2026-08-02T23:51:38Z
2026-08-02T23:49:28Z,2026-08-03T01:49:28+0200,65d3fff1-7125-472d-bbc3-1b240f9c8d5b,2026-07-19T12:15:00Z,2026-07-19T14:15:00+0200,0.0,MW,NL,NL,actual_onshore_wind_generation,Wind Onshore | Actual Consumption,2026-08-02T23:51:38Z
2026-08-02T23:49:28Z,2026-08-03T01:49:28+0200,65d3fff1-7125-472d-bbc3-1b240f9c8d5b,2026-07-19T12:30:00Z,2026-07-19T14:30:00+0200,654.714,MW,NL,NL,actual_onshore_wind_generation,Wind Onshore | Actual Aggregated,2026-08-02T23:51:38Z
2026-08-02T23:49:28Z,2026-08-03T01:49:28+0200,65d3fff1-7125-472d-bbc3-1b240f9c8d5b,2026-07-19T12:30:00Z,2026-07-19T14:30:00+0200,0.0,MW,NL,NL,actual_onshore_wind_generation,Wind Onshore | Actual Consumption,2026-08-02T23:51:38Z
2026-08-02T23:49:28Z,2026-08-03T01:49:28+0200,65d3fff1-7125-472d-bbc3-1b240f9c8d5b,2026-07-19T12:45:00Z,2026-07-19T14:45:00+0200,710.665,MW,NL,NL,actual_onshore_wind_generation,Wind Onshore | Actual Aggregated,2026-08-02T23:51:38Z
2026-08-02T23:49:28Z,2026-08-03T01:49:28+0200,65d3fff1-7125-472d-bbc3-1b240f9c8d5b,2026-07-19T12:45:00Z,2026-07-19T14:45:00+0200,0.0,MW,NL,NL,actual_onshore_wind_generation,Wind Onshore | Actual Consumption,2026-08-02T23:51:38Z
2026-08-02T23:49:28Z,2026-08-03T01:49:28+0200,65d3fff1-7125-472d-bbc3-1b240f9c8d5b,2026-07-19T13:00:00Z,2026-07-19T15:00:00+0200,650.297,MW,NL,NL,actual_onshore_wind_generation,Wind Onshore | Actual Aggregated,2026-08-02T23:51:38Z
2026-08-02T23:49:28Z,2026-08-03T01:49:28+0200,65d3fff1-7125-472d-bbc3-1b240f9c8d5b,2026-07-19T13:00:00Z,2026-07-19T15:00:00+0200,0.0,MW,NL,NL,actual_onshore_wind_generation,Wind Onshore | Actual Consumption,2026-08-02T23:51:38Z
2026-08-02T23:49:28Z,2026-08-03T01:49:28+0200,65d3fff1-7125-472d-bbc3-1b240f9c8d5b,2026-07-19T13:15:00Z,2026-07-19T15:15:00+0200,573.751,MW,NL,NL,actual_onshore_wind_generation,Wind Onshore | Actual Aggregated,2026-08-02T23:51:38Z
2026-08-02T23:49:28Z,2026-08-03T01:49:28+0200,65d3fff1-7125-472d-bbc3-1b240f9c8d5b,2026-07-19T13:15:00Z,2026-07-19T15:15:00+0200,0.0,MW,NL,NL,actual_onshore_wind_generation,Wind Onshore | Actual Consumption,2026-08-02T23:51:38Z
2026-08-02T23:49:28Z,2026-08-03T01:49:28+0200,65d3fff1-7125-472d-bbc3-1b240f9c8d5b,2026-07-19T13:30:00Z,2026-07-19T15:30:00+0200,609.173,MW,NL,NL,actual_onshore_wind_generation,Wind Onshore | Actual Aggregated,2026-08-02T23:51:38Z
2026-08-02T23:49:28Z,2026-08-03T01:49:28+0200,65d3fff1-7125-472d-bbc3-1b240f9c8d5b,2026-07-19T13:30:00Z,2026-07-19T15:30:00+0200,0.0,MW,NL,NL,actual_onshore_wind_generation,Wind Onshore | Actual Consumption,2026-08-02T23:51:38Z
2026-08-02T23:49:28Z,2026-08-03T01:49:28+0200,65d3fff1-7125-472d-bbc3-1b240f9c8d5b,2026-07-19T13:45:00Z,2026-07-19T15:45:00+0200,625.132,MW,NL,NL,actual_onshore_wind_generation,Wind Onshore | Actual Aggregated,2026-08-02T23:51:38Z
2026-08-02T23:49:28Z,2026-08-03T01:49:28+0200,65d3fff1-7125-472d-bbc3-1b240f9c8d5b,2026-07-19T13:45:00Z,2026-07-19T15:45:00+0200,0.0,MW,NL,NL,actual_onshore_wind_generation,Wind Onshore | Actual Consumption,2026-08-02T23:51:38Z
2026-08-02T23:49:28Z,2026-08-03T01:49:28+0200,65d3fff1-7125-472d-bbc3-1b240f9c8d5b,2026-07-19T14:00:00Z,2026-07-19T16:00:00+0200,674.832,MW,NL,NL,actual_onshore_wind_generation,Wind Onshore | Actual Aggregated,2026-08-02T23:51:38Z
2026-08-02T23:49:28Z,2026-08-03T01:49:28+0200,65d3fff1-7125-472d-bbc3-1b240f9c8d5b,2026-07-19T14:00:00Z,2026-07-19T16:00:00+0200,0.0,MW,NL,NL,actual_onshore_wind_generation,Wind Onshore | Actual Consumption,2026-08-02T23:51:38Z
2026-08-02T23:49:28Z,2026-08-03T01:49:28+0200,65d3fff1-7125-472d-bbc3-1b240f9c8d5b,2026-07-19T14:15:00Z,2026-07-19T16:15:00+0200,647.961,MW,NL,NL,actual_onshore_wind_generation,Wind Onshore | Actual Aggregated,2026-08-02T23:51:38Z
2026-08-02T23:49:28Z,2026-08-03T01:49:28+0200,65d3fff1-7125-472d-bbc3-1b240f9c8d5b,2026-07-19T14:15:00Z,2026-07-19T16:15:00+0200,0.0,MW,NL,NL,actual_onshore_wind_generation,Wind Onshore | Actual Consumption,2026-08-02T23:51:38Z
2026-08-02T23:49:28Z,2026-08-03T01:49:28+0200,65d3fff1-7125-472d-bbc3-1b240f9c8d5b,2026-07-19T14:30:00Z,2026-07-19T16:30:00+0200,573.825,MW,NL,NL,actual_onshore_wind_generation,Wind Onshore | Actual Aggregated,2026-08-02T23:51:38Z
2026-08-02T23:49:28Z,2026-08-03T01:49:28+0200,65d3fff1-7125-472d-bbc3-1b240f9c8d5b,2026-07-19T14:30:00Z,2026-07-19T16:30:00+0200,0.0,MW,NL,NL,actual_onshore_wind_generation,Wind Onshore | Actual Consumption,2026-08-02T23:51:38Z
2026-08-02T23:49:28Z,2026-08-03T01:49:28+0200,65d3fff1-7125-472d-bbc3-1b240f9c8d5b,2026-07-19T14:45:00Z,2026-07-19T16:45:00+0200,634.493,MW,NL,NL,actual_onshore_wind_generation,Wind Onshore | Actual Aggregated,2026-08-02T23:51:38Z
2026-08-02T23:49:28Z,2026-08-03T01:49:28+0200,65d3fff1-7125-472d-bbc3-1b240f9c8d5b,2026-07-19T14:45:00Z,2026-07-19T16:45:00+0200,0.0,MW,NL,NL,actual_onshore_wind_generation,Wind Onshore | Actual Consumption,2026-08-02T23:51:38Z
2026-08-02T23:49:28Z,2026-08-03T01:49:28+0200,65d3fff1-7125-472d-bbc3-1b240f9c8d5b,2026-07-19T15:00:00Z,2026-07-19T17:00:00+0200,656.936,MW,NL,NL,actual_onshore_wind_generation,Wind Onshore | Actual Aggregated,2026-08-02T23:51:38Z
2026-08-02T23:49:28Z,2026-08-03T01:49:28+0200,65d3fff1-7125-472d-bbc3-1b240f9c8d5b,2026-07-19T15:00:00Z,2026-07-19T17:00:00+0200,0.0,MW,NL,NL,actual_onshore_wind_generation,Wind Onshore | Actual Consumption,2026-08-02T23:51:38Z
2026-08-02T23:49:28Z,2026-08-03T01:49:28+0200,65d3fff1-7125-472d-bbc3-1b240f9c8d5b,2026-07-19T15:15:00Z,2026-07-19T17:15:00+0200,668.239,MW,NL,NL,actual_onshore_wind_generation,Wind Onshore | Actual Aggregated,2026-08-02T23:51:38Z
2026-08-02T23:49:28Z,2026-08-03T01:49:28+0200,65d3fff1-7125-472d-bbc3-1b240f9c8d5b,2026-07-19T15:15:00Z,2026-07-19T17:15:00+0200,0.0,MW,NL,NL,actual_onshore_wind_generation,Wind Onshore | Actual Consumption,2026-08-02T23:51:38Z
2026-08-02T23:49:28Z,2026-08-03T01:49:28+0200,65d3fff1-7125-472d-bbc3-1b240f9c8d5b,2026-07-19T15:30:00Z,2026-07-19T17:30:00+0200,690.608,MW,NL,NL,actual_onshore_wind_generation,Wind Onshore | Actual Aggregated,2026-08-02T23:51:38Z
2026-08-02T23:49:28Z,2026-08-03T01:49:28+0200,65d3fff1-7125-472d-bbc3-1b240f9c8d5b,2026-07-19T15:30:00Z,2026-07-19T17:30:00+0200,0.0,MW,NL,NL,actual_onshore_wind_generation,Wind Onshore | Actual Consumption,2026-08-02T23:51:38Z
2026-08-02T23:49:28Z,2026-08-03T01:49:28+0200,65d3fff1-7125-472d-bbc3-1b240f9c8d5b,2026-07-19T15:45:00Z,2026-07-19T17:45:00+0200,684.753,MW,NL,NL,actual_onshore_wind_generation,Wind Onshore | Actual Aggregated,2026-08-02T23:51:38Z
2026-08-02T23:49:28Z,2026-08-03T01:49:28+0200,65d3fff1-7125-472d-bbc3-1b240f9c8d5b,2026-07-19T15:45:00Z,2026-07-19T17:45:00+0200,0.0,MW,NL,NL,actual_onshore_wind_generation,Wind Onshore | Actual Consumption,2026-08-02T23:51:38Z
2026-08-02T23:49:28Z,2026-08-03T01:49:28+0200,65d3fff1-7125-472d-bbc3-1b240f9c8d5b,2026-07-19T16:00:00Z,2026-07-19T18:00:00+0200,689.314,MW,NL,NL,actual_onshore_wind_generation,Wind Onshore | Actual Aggregated,2026-08-02T23:51:38Z
2026-08-02T23:49:28Z,2026-08-03T01:49:28+0200,65d3fff1-7125-472d-bbc3-1b240f9c8d5b,2026-07-19T16:00:00Z,2026-07-19T18:00:00+0200,0.0,MW,NL,NL,actual_onshore_wind_generation,Wind Onshore | Actual Consumption,2026-08-02T23:51:38Z
2026-08-02T23:49:28Z,2026-08-03T01:49:28+0200,65d3fff1-7125-472d-bbc3-1b240f9c8d5b,2026-07-19T16:15:00Z,2026-07-19T18:15:00+0200,606.688,MW,NL,NL,actual_onshore_wind_generation,Wind Onshore | Actual Aggregated,2026-08-02T23:51:38Z
2026-08-02T23:49:28Z,2026-08-03T01:49:28+0200,65d3fff1-7125-472d-bbc3-1b240f9c8d5b,2026-07-19T16:15:00Z,2026-07-19T18:15:00+0200,0.0,MW,NL,NL,actual_onshore_wind_generation,Wind Onshore | Actual Consumption,2026-08-02T23:51:38Z
2026-08-02T23:49:28Z,2026-08-03T01:49:28+0200,65d3fff1-7125-472d-bbc3-1b240f9c8d5b,2026-07-19T16:30:00Z,2026-07-19T18:30:00+0200,697.108,MW,NL,NL,actual_onshore_wind_generation,Wind Onshore | Actual Aggregated,2026-08-02T23:51:38Z
2026-08-02T23:49:28Z,2026-08-03T01:49:28+0200,65d3fff1-7125-472d-bbc3-1b240f9c8d5b,2026-07-19T16:30:00Z,2026-07-19T18:30:00+0200,0.0,MW,NL,NL,actual_onshore_wind_generation,Wind Onshore | Actual Consumption,2026-08-02T23:51:38Z
2026-08-02T23:49:28Z,2026-08-03T01:49:28+0200,65d3fff1-7125-472d-bbc3-1b240f9c8d5b,2026-07-19T16:45:00Z,2026-07-19T18:45:00+0200,706.791,MW,NL,NL,actual_onshore_wind_generation,Wind Onshore | Actual Aggregated,2026-08-02T23:51:38Z
2026-08-02T23:49:28Z,2026-08-03T01:49:28+0200,65d3fff1-7125-472d-bbc3-1b240f9c8d5b,2026-07-19T16:45:00Z,2026-07-19T18:45:00+0200,0.0,MW,NL,NL,actual_onshore_wind_generation,Wind Onshore | Actual Consumption,2026-08-02T23:51:38Z
2026-08-02T23:49:28Z,2026-08-03T01:49:28+0200,65d3fff1-7125-472d-bbc3-1b240f9c8d5b,2026-07-19T17:00:00Z,2026-07-19T19:00:00+0200,692.296,MW,NL,NL,actual_onshore_wind_generation,Wind Onshore | Actual Aggregated,2026-08-02T23:51:38Z
2026-08-02T23:49:28Z,2026-08-03T01:49:28+0200,65d3fff1-7125-472d-bbc3-1b240f9c8d5b,2026-07-19T17:00:00Z,2026-07-19T19:00:00+0200,0.0,MW,NL,NL,actual_onshore_wind_generation,Wind Onshore | Actual Consumption,2026-08-02T23:51:38Z
2026-08-02T23:49:28Z,2026-08-03T01:49:28+0200,65d3fff1-7125-472d-bbc3-1b240f9c8d5b,2026-07-19T17:15:00Z,2026-07-19T19:15:00+0200,672.497,MW,NL,NL,actual_onshore_wind_generation,Wind Onshore | Actual Aggregated,2026-08-02T23:51:38Z
2026-08-02T23:49:28Z,2026-08-03T01:49:28+0200,65d3fff1-7125-472d-bbc3-1b240f9c8d5b,2026-07-19T17:15:00Z,2026-07-19T19:15:00+0200,0.0,MW,NL,NL,actual_onshore_wind_generation,Wind Onshore | Actual Consumption,2026-08-02T23:51:38Z
2026-08-02T23:49:28Z,2026-08-03T01:49:28+0200,65d3fff1-7125-472d-bbc3-1b240f9c8d5b,2026-07-19T17:30:00Z,2026-07-19T19:30:00+0200,628.783,MW,NL,NL,actual_onshore_wind_generation,Wind Onshore | Actual Aggregated,2026-08-02T23:51:38Z
2026-08-02T23:49:28Z,2026-08-03T01:49:28+0200,65d3fff1-7125-472d-bbc3-1b240f9c8d5b,2026-07-19T17:30:00Z,2026-07-19T19:30:00+0200,0.0,MW,NL,NL,actual_onshore_wind_generation,Wind Onshore | Actual Consumption,2026-08-02T23:51:38Z
2026-08-02T23:49:28Z,2026-08-03T01:49:28+0200,65d3fff1-7125-472d-bbc3-1b240f9c8d5b,2026-07-19T17:45:00Z,2026-07-19T19:45:00+0200,577.221,MW,NL,NL,actual_onshore_wind_generation,Wind Onshore | Actual Aggregated,2026-08-02T23:51:38Z
2026-08-02T23:49:28Z,2026-08-03T01:49:28+0200,65d3fff1-7125-472d-bbc3-1b240f9c8d5b,2026-07-19T17:45:00Z,2026-07-19T19:45:00+0200,0.0,MW,NL,NL,actual_onshore_wind_generation,Wind Onshore | Actual Consumption,2026-08-02T23:51:38Z
2026-08-02T23:49:28Z,2026-08-03T01:49:28+0200,65d3fff1-7125-472d-bbc3-1b240f9c8d5b,2026-07-19T18:00:00Z,2026-07-19T20:00:00+0200,566.881,MW,NL,NL,actual_onshore_wind_generation,Wind Onshore | Actual Aggregated,2026-08-02T23:51:38Z
2026-08-02T23:49:28Z,2026-08-03T01:49:28+0200,65d3fff1-7125-472d-bbc3-1b240f9c8d5b,2026-07-19T18:00:00Z,2026-07-19T20:00:00+0200,0.0,MW,NL,NL,actual_onshore_wind_generation,Wind Onshore | Actual Consumption,2026-08-02T23:51:38Z
2026-08-02T23:49:28Z,2026-08-03T01:49:28+0200,65d3fff1-7125-472d-bbc3-1b240f9c8d5b,2026-07-19T18:15:00Z,2026-07-19T20:15:00+0200,583.305,MW,NL,NL,actual_onshore_wind_generation,Wind Onshore | Actual Aggregated,2026-08-02T23:51:38Z
2026-08-02T23:49:28Z,2026-08-03T01:49:28+0200,65d3fff1-7125-472d-bbc3-1b240f9c8d5b,2026-07-19T18:15:00Z,2026-07-19T20:15:00+0200,0.0,MW,NL,NL,actual_onshore_wind_generation,Wind Onshore | Actual Consumption,2026-08-02T23:51:38Z
2026-08-02T23:49:28Z,2026-08-03T01:49:28+0200,65d3fff1-7125-472d-bbc3-1b240f9c8d5b,2026-07-19T18:30:00Z,2026-07-19T20:30:00+0200,531.541,MW,NL,NL,actual_onshore_wind_generation,Wind Onshore | Actual Aggregated,2026-08-02T23:51:38Z
2026-08-02T23:49:28Z,2026-08-03T01:49:28+0200,65d3fff1-7125-472d-bbc3-1b240f9c8d5b,2026-07-19T18:30:00Z,2026-07-19T20:30:00+0200,0.0,MW,NL,NL,actual_onshore_wind_generation,Wind Onshore | Actual Consumption,2026-08-02T23:51:38Z
2026-08-02T23:49:28Z,2026-08-03T01:49:28+0200,65d3fff1-7125-472d-bbc3-1b240f9c8d5b,2026-07-19T18:45:00Z,2026-07-19T20:45:00+0200,507.161,MW,NL,NL,actual_onshore_wind_generation,Wind Onshore | Actual Aggregated,2026-08-02T23:51:38Z
2026-08-02T23:49:28Z,2026-08-03T01:49:28+0200,65d3fff1-7125-472d-bbc3-1b240f9c8d5b,2026-07-19T18:45:00Z,2026-07-19T20:45:00+0200,0.0,MW,NL,NL,actual_onshore_wind_generation,Wind Onshore | Actual Consumption,2026-08-02T23:51:38Z
2026-08-02T23:49:28Z,2026-08-03T01:49:28+0200,65d3fff1-7125-472d-bbc3-1b240f9c8d5b,2026-07-19T19:00:00Z,2026-07-19T21:00:00+0200,460.167,MW,NL,NL,actual_onshore_wind_generation,Wind Onshore | Actual Aggregated,2026-08-02T23:51:38Z
2026-08-02T23:49:28Z,2026-08-03T01:49:28+0200,65d3fff1-7125-472d-bbc3-1b240f9c8d5b,2026-07-19T19:00:00Z,2026-07-19T21:00:00+0200,0.0,MW,NL,NL,actual_onshore_wind_generation,Wind Onshore | Actual Consumption,2026-08-02T23:51:38Z
2026-08-02T23:49:28Z,2026-08-03T01:49:28+0200,65d3fff1-7125-472d-bbc3-1b240f9c8d5b,2026-07-19T19:15:00Z,2026-07-19T21:15:00+0200,486.272,MW,NL,NL,actual_onshore_wind_generation,Wind Onshore | Actual Aggregated,2026-08-02T23:51:38Z
2026-08-02T23:49:28Z,2026-08-03T01:49:28+0200,65d3fff1-7125-472d-bbc3-1b240f9c8d5b,2026-07-19T19:15:00Z,2026-07-19T21:15:00+0200,0.0,MW,NL,NL,actual_onshore_wind_generation,Wind Onshore | Actual Consumption,2026-08-02T23:51:38Z
2026-08-02T23:49:28Z,2026-08-03T01:49:28+0200,65d3fff1-7125-472d-bbc3-1b240f9c8d5b,2026-07-19T19:30:00Z,2026-07-19T21:30:00+0200,434.168,MW,NL,NL,actual_onshore_wind_generation,Wind Onshore | Actual Aggregated,2026-08-02T23:51:38Z
2026-08-02T23:49:28Z,2026-08-03T01:49:28+0200,65d3fff1-7125-472d-bbc3-1b240f9c8d5b,2026-07-19T19:30:00Z,2026-07-19T21:30:00+0200,0.0,MW,NL,NL,actual_onshore_wind_generation,Wind Onshore | Actual Consumption,2026-08-02T23:51:38Z
2026-08-02T23:49:28Z,2026-08-03T01:49:28+0200,65d3fff1-7125-472d-bbc3-1b240f9c8d5b,2026-07-19T19:45:00Z,2026-07-19T21:45:00+0200,446.417,MW,NL,NL,actual_onshore_wind_generation,Wind Onshore | Actual Aggregated,2026-08-02T23:51:38Z
2026-08-02T23:49:28Z,2026-08-03T01:49:28+0200,65d3fff1-7125-472d-bbc3-1b240f9c8d5b,2026-07-19T19:45:00Z,2026-07-19T21:45:00+0200,0.0,MW,NL,NL,actual_onshore_wind_generation,Wind Onshore | Actual Consumption,2026-08-02T23:51:38Z
2026-08-02T23:49:28Z,2026-08-03T01:49:28+0200,65d3fff1-7125-472d-bbc3-1b240f9c8d5b,2026-07-19T20:00:00Z,2026-07-19T22:00:00+0200,466.211,MW,NL,NL,actual_onshore_wind_generation,Wind Onshore | Actual Aggregated,2026-08-02T23:51:38Z
2026-08-02T23:49:28Z,2026-08-03T01:49:28+0200,65d3fff1-7125-472d-bbc3-1b240f9c8d5b,2026-07-19T20:00:00Z,2026-07-19T22:00:00+0200,0.0,MW,NL,NL,actual_onshore_wind_generation,Wind Onshore | Actual Consumption,2026-08-02T23:51:38Z
2026-08-02T23:49:28Z,2026-08-03T01:49:28+0200,65d3fff1-7125-472d-bbc3-1b240f9c8d5b,2026-07-19T20:15:00Z,2026-07-19T22:15:00+0200,437.954,MW,NL,NL,actual_onshore_wind_generation,Wind Onshore | Actual Aggregated,2026-08-02T23:51:38Z
2026-08-02T23:49:28Z,2026-08-03T01:49:28+0200,65d3fff1-7125-472d-bbc3-1b240f9c8d5b,2026-07-19T20:15:00Z,2026-07-19T22:15:00+0200,0.0,MW,NL,NL,actual_onshore_wind_generation,Wind Onshore | Actual Consumption,2026-08-02T23:51:38Z
2026-08-02T23:49:28Z,2026-08-03T01:49:28+0200,65d3fff1-7125-472d-bbc3-1b240f9c8d5b,2026-07-19T20:30:00Z,2026-07-19T22:30:00+0200,376.999,MW,NL,NL,actual_onshore_wind_generation,Wind Onshore | Actual Aggregated,2026-08-02T23:51:38Z
2026-08-02T23:49:28Z,2026-08-03T01:49:28+0200,65d3fff1-7125-472d-bbc3-1b240f9c8d5b,2026-07-19T20:30:00Z,2026-07-19T22:30:00+0200,0.0,MW,NL,NL,actual_onshore_wind_generation,Wind Onshore | Actual Consumption,2026-08-02T23:51:38Z
2026-08-02T23:49:28Z,2026-08-03T01:49:28+0200,65d3fff1-7125-472d-bbc3-1b240f9c8d5b,2026-07-19T20:45:00Z,2026-07-19T22:45:00+0200,419.138,MW,NL,NL,actual_onshore_wind_generation,Wind Onshore | Actual Aggregated,2026-08-02T23:51:38Z
2026-08-02T23:49:28Z,2026-08-03T01:49:28+0200,65d3fff1-7125-472d-bbc3-1b240f9c8d5b,2026-07-19T20:45:00Z,2026-07-19T22:45:00+0200,0.0,MW,NL,NL,actual_onshore_wind_generation,Wind Onshore | Actual Consumption,2026-08-02T23:51:38Z
2026-08-02T23:49:28Z,2026-08-03T01:49:28+0200,65d3fff1-7125-472d-bbc3-1b240f9c8d5b,2026-07-19T21:00:00Z,2026-07-19T23:00:00+0200,511.961,MW,NL,NL,actual_onshore_wind_generation,Wind Onshore | Actual Aggregated,2026-08-02T23:51:38Z
2026-08-02T23:49:28Z,2026-08-03T01:49:28+0200,65d3fff1-7125-472d-bbc3-1b240f9c8d5b,2026-07-19T21:00:00Z,2026-07-19T23:00:00+0200,0.0,MW,NL,NL,actual_onshore_wind_generation,Wind Onshore | Actual Consumption,2026-08-02T23:51:38Z
2026-08-02T23:49:28Z,2026-08-03T01:49:28+0200,65d3fff1-7125-472d-bbc3-1b240f9c8d5b,2026-07-19T21:15:00Z,2026-07-19T23:15:00+0200,466.889,MW,NL,NL,actual_onshore_wind_generation,Wind Onshore | Actual Aggregated,2026-08-02T23:51:38Z
2026-08-02T23:49:28Z,2026-08-03T01:49:28+0200,65d3fff1-7125-472d-bbc3-1b240f9c8d5b,2026-07-19T21:15:00Z,2026-07-19T23:15:00+0200,0.0,MW,NL,NL,actual_onshore_wind_generation,Wind Onshore | Actual Consumption,2026-08-02T23:51:38Z
2026-08-02T23:49:28Z,2026-08-03T01:49:28+0200,65d3fff1-7125-472d-bbc3-1b240f9c8d5b,2026-07-19T21:30:00Z,2026-07-19T23:30:00+0200,393.675,MW,NL,NL,actual_onshore_wind_generation,Wind Onshore | Actual Aggregated,2026-08-02T23:51:38Z
2026-08-02T23:49:28Z,2026-08-03T01:49:28+0200,65d3fff1-7125-472d-bbc3-1b240f9c8d5b,2026-07-19T21:30:00Z,2026-07-19T23:30:00+0200,0.0,MW,NL,NL,actual_onshore_wind_generation,Wind Onshore | Actual Consumption,2026-08-02T23:51:38Z
2026-08-02T23:49:28Z,2026-08-03T01:49:28+0200,65d3fff1-7125-472d-bbc3-1b240f9c8d5b,2026-07-19T21:45:00Z,2026-07-19T23:45:00+0200,438.163,MW,NL,NL,actual_onshore_wind_generation,Wind Onshore | Actual Aggregated,2026-08-02T23:51:38Z
2026-08-02T23:49:28Z,2026-08-03T01:49:28+0200,65d3fff1-7125-472d-bbc3-1b240f9c8d5b,2026-07-19T21:45:00Z,2026-07-19T23:45:00+0200,0.0,MW,NL,NL,actual_onshore_wind_generation,Wind Onshore | Actual Consumption,2026-08-02T23:51:38Z
2026-08-02T23:49:28Z,2026-08-03T01:49:28+0200,65d3fff1-7125-472d-bbc3-1b240f9c8d5b,2026-07-19T22:00:00Z,2026-07-20T00:00:00+0200,465.27,MW,NL,NL,actual_onshore_wind_generation,Wind Onshore | Actual Aggregated,2026-08-02T23:51:38Z
2026-08-02T23:49:28Z,2026-08-03T01:49:28+0200,65d3fff1-7125-472d-bbc3-1b240f9c8d5b,2026-07-19T22:00:00Z,2026-07-20T00:00:00+0200,0.0,MW,NL,NL,actual_onshore_wind_generation,Wind Onshore | Actual Consumption,2026-08-02T23:51:38Z
2026-08-02T23:49:28Z,2026-08-03T01:49:28+0200,65d3fff1-7125-472d-bbc3-1b240f9c8d5b,2026-07-19T22:15:00Z,2026-07-20T00:15:00+0200,463.647,MW,NL,NL,actual_onshore_wind_generation,Wind Onshore | Actual Aggregated,2026-08-02T23:51:38Z
2026-08-02T23:49:28Z,2026-08-03T01:49:28+0200,65d3fff1-7125-472d-bbc3-1b240f9c8d5b,2026-07-19T22:15:00Z,2026-07-20T00:15:00+0200,0.0,MW,NL,NL,actual_onshore_wind_generation,Wind Onshore | Actual Consumption,2026-08-02T23:51:38Z
2026-08-02T23:49:28Z,2026-08-03T01:49:28+0200,65d3fff1-7125-472d-bbc3-1b240f9c8d5b,2026-07-19T22:30:00Z,2026-07-20T00:30:00+0200,469.799,MW,NL,NL,actual_onshore_wind_generation,Wind Onshore | Actual Aggregated,2026-08-02T23:51:38Z
2026-08-02T23:49:28Z,2026-08-03T01:49:28+0200,65d3fff1-7125-472d-bbc3-1b240f9c8d5b,2026-07-19T22:30:00Z,2026-07-20T00:30:00+0200,0.0,MW,NL,NL,actual_onshore_wind_generation,Wind Onshore | Actual Consumption,2026-08-02T23:51:38Z
2026-08-02T23:49:28Z,2026-08-03T01:49:28+0200,65d3fff1-7125-472d-bbc3-1b240f9c8d5b,2026-07-19T22:45:00Z,2026-07-20T00:45:00+0200,510.614,MW,NL,NL,actual_onshore_wind_generation,Wind Onshore | Actual Aggregated,2026-08-02T23:51:38Z
2026-08-02T23:49:28Z,2026-08-03T01:49:28+0200,65d3fff1-7125-472d-bbc3-1b240f9c8d5b,2026-07-19T22:45:00Z,2026-07-20T00:45:00+0200,0.0,MW,NL,NL,actual_onshore_wind_generation,Wind Onshore | Actual Consumption,2026-08-02T23:51:38Z
2026-08-02T23:49:28Z,2026-08-03T01:49:28+0200,65d3fff1-7125-472d-bbc3-1b240f9c8d5b,2026-07-19T23:00:00Z,2026-07-20T01:00:00+0200,461.418,MW,NL,NL,actual_onshore_wind_generation,Wind Onshore | Actual Aggregated,2026-08-02T23:51:38Z
2026-08-02T23:49:28Z,2026-08-03T01:49:28+0200,65d3fff1-7125-472d-bbc3-1b240f9c8d5b,2026-07-19T23:00:00Z,2026-07-20T01:00:00+0200,0.0,MW,NL,NL,actual_onshore_wind_generation,Wind Onshore | Actual Consumption,2026-08-02T23:51:38Z
2026-08-02T23:49:28Z,2026-08-03T01:49:28+0200,65d3fff1-7125-472d-bbc3-1b240f9c8d5b,2026-07-19T23:15:00Z,2026-07-20T01:15:00+0200,497.896,MW,NL,NL,actual_onshore_wind_generation,Wind Onshore | Actual Aggregated,2026-08-02T23:51:38Z
2026-08-02T23:49:28Z,2026-08-03T01:49:28+0200,65d3fff1-7125-472d-bbc3-1b240f9c8d5b,2026-07-19T23:15:00Z,2026-07-20T01:15:00+0200,0.0,MW,NL,NL,actual_onshore_wind_generation,Wind Onshore | Actual Consumption,2026-08-02T23:51:38Z
2026-08-02T23:49:28Z,2026-08-03T01:49:28+0200,65d3fff1-7125-472d-bbc3-1b240f9c8d5b,2026-07-19T23:30:00Z,2026-07-20T01:30:00+0200,524.203,MW,NL,NL,actual_onshore_wind_generation,Wind Onshore | Actual Aggregated,2026-08-02T23:51:38Z
2026-08-02T23:49:28Z,2026-08-03T01:49:28+0200,65d3fff1-7125-472d-bbc3-1b240f9c8d5b,2026-07-19T23:30:00Z,2026-07-20T01:30:00+0200,0.0,MW,NL,NL,actual_onshore_wind_generation,Wind Onshore | Actual Consumption,2026-08-02T23:51:38Z
2026-08-02T23:49:28Z,2026-08-03T01:49:28+0200,65d3fff1-7125-472d-bbc3-1b240f9c8d5b,2026-07-19T23:45:00Z,2026-07-20T01:45:00+0200,544.978,MW,NL,NL,actual_onshore_wind_generation,Wind Onshore | Actual Aggregated,2026-08-02T23:51:38Z
2026-08-02T23:49:28Z,2026-08-03T01:49:28+0200,65d3fff1-7125-472d-bbc3-1b240f9c8d5b,2026-07-19T23:45:00Z,2026-07-20T01:45:00+0200,0.0,MW,NL,NL,actual_onshore_wind_generation,Wind Onshore | Actual Consumption,2026-08-02T23:51:38Z
2026-08-02T23:49:28Z,2026-08-03T01:49:28+0200,65d3fff1-7125-472d-bbc3-1b240f9c8d5b,2026-07-20T00:00:00Z,2026-07-20T02:00:00+0200,515.079,MW,NL,NL,actual_onshore_wind_generation,Wind Onshore | Actual Aggregated,2026-08-02T23:51:38Z
2026-08-02T23:49:28Z,2026-08-03T01:49:28+0200,65d3fff1-7125-472d-bbc3-1b240f9c8d5b,2026-07-20T00:00:00Z,2026-07-20T02:00:00+0200,0.0,MW,NL,NL,actual_onshore_wind_generation,Wind Onshore | Actual Consumption,2026-08-02T23:51:38Z
2026-08-02T23:49:28Z,2026-08-03T01:49:28+0200,65d3fff1-7125-472d-bbc3-1b240f9c8d5b,2026-07-20T00:15:00Z,2026-07-20T02:15:00+0200,459.555,MW,NL,NL,actual_onshore_wind_generation,Wind Onshore | Actual Aggregated,2026-08-02T23:51:38Z
2026-08-02T23:49:28Z,2026-08-03T01:49:28+0200,65d3fff1-7125-472d-bbc3-1b240f9c8d5b,2026-07-20T00:15:00Z,2026-07-20T02:15:00+0200,0.0,MW,NL,NL,actual_onshore_wind_generation,Wind Onshore | Actual Consumption,2026-08-02T23:51:38Z
2026-08-02T23:49:28Z,2026-08-03T01:49:28+0200,65d3fff1-7125-472d-bbc3-1b240f9c8d5b,2026-07-20T00:30:00Z,2026-07-20T02:30:00+0200,467.048,MW,NL,NL,actual_onshore_wind_generation,Wind Onshore | Actual Aggregated,2026-08-02T23:51:38Z
2026-08-02T23:49:28Z,2026-08-03T01:49:28+0200,65d3fff1-7125-472d-bbc3-1b240f9c8d5b,2026-07-20T00:30:00Z,2026-07-20T02:30:00+0200,0.0,MW,NL,NL,actual_onshore_wind_generation,Wind Onshore | Actual Consumption,2026-08-02T23:51:38Z
2026-08-02T23:49:28Z,2026-08-03T01:49:28+0200,65d3fff1-7125-472d-bbc3-1b240f9c8d5b,2026-07-20T00:45:00Z,2026-07-20T02:45:00+0200,374.672,MW,NL,NL,actual_onshore_wind_generation,Wind Onshore | Actual Aggregated,2026-08-02T23:51:38Z
2026-08-02T23:49:28Z,2026-08-03T01:49:28+0200,65d3fff1-7125-472d-bbc3-1b240f9c8d5b,2026-07-20T00:45:00Z,2026-07-20T02:45:00+0200,0.0,MW,NL,NL,actual_onshore_wind_generation,Wind Onshore | Actual Consumption,2026-08-02T23:51:38Z
2026-08-02T23:49:28Z,2026-08-03T01:49:28+0200,65d3fff1-7125-472d-bbc3-1b240f9c8d5b,2026-07-20T01:00:00Z,2026-07-20T03:00:00+0200,372.109,MW,NL,NL,actual_onshore_wind_generation,Wind Onshore | Actual Aggregated,2026-08-02T23:51:38Z
2026-08-02T23:49:28Z,2026-08-03T01:49:28+0200,65d3fff1-7125-472d-bbc3-1b240f9c8d5b,2026-07-20T01:00:00Z,2026-07-20T03:00:00+0200,0.0,MW,NL,NL,actual_onshore_wind_generation,Wind Onshore | Actual Consumption,2026-08-02T23:51:38Z
2026-08-02T23:49:28Z,2026-08-03T01:49:28+0200,65d3fff1-7125-472d-bbc3-1b240f9c8d5b,2026-07-20T01:15:00Z,2026-07-20T03:15:00+0200,364.868,MW,NL,NL,actual_onshore_wind_generation,Wind Onshore | Actual Aggregated,2026-08-02T23:51:38Z
2026-08-02T23:49:28Z,2026-08-03T01:49:28+0200,65d3fff1-7125-472d-bbc3-1b240f9c8d5b,2026-07-20T01:15:00Z,2026-07-20T03:15:00+0200,0.0,MW,NL,NL,actual_onshore_wind_generation,Wind Onshore | Actual Consumption,2026-08-02T23:51:38Z
2026-08-02T23:49:28Z,2026-08-03T01:49:28+0200,65d3fff1-7125-472d-bbc3-1b240f9c8d5b,2026-07-20T01:30:00Z,2026-07-20T03:30:00+0200,360.757,MW,NL,NL,actual_onshore_wind_generation,Wind Onshore | Actual Aggregated,2026-08-02T23:51:38Z
2026-08-02T23:49:28Z,2026-08-03T01:49:28+0200,65d3fff1-7125-472d-bbc3-1b240f9c8d5b,2026-07-20T01:30:00Z,2026-07-20T03:30:00+0200,0.0,MW,NL,NL,actual_onshore_wind_generation,Wind Onshore | Actual Consumption,2026-08-02T23:51:38Z
2026-08-02T23:49:28Z,2026-08-03T01:49:28+0200,65d3fff1-7125-472d-bbc3-1b240f9c8d5b,2026-07-20T01:45:00Z,2026-07-20T03:45:00+0200,321.458,MW,NL,NL,actual_onshore_wind_generation,Wind Onshore | Actual Aggregated,2026-08-02T23:51:38Z
2026-08-02T23:49:28Z,2026-08-03T01:49:28+0200,65d3fff1-7125-472d-bbc3-1b240f9c8d5b,2026-07-20T01:45:00Z,2026-07-20T03:45:00+0200,0.0,MW,NL,NL,actual_onshore_wind_generation,Wind Onshore | Actual Consumption,2026-08-02T23:51:38Z
2026-08-02T23:49:28Z,2026-08-03T01:49:28+0200,65d3fff1-7125-472d-bbc3-1b240f9c8d5b,2026-07-20T02:00:00Z,2026-07-20T04:00:00+0200,321.58,MW,NL,NL,actual_onshore_wind_generation,Wind Onshore | Actual Aggregated,2026-08-02T23:51:38Z
2026-08-02T23:49:28Z,2026-08-03T01:49:28+0200,65d3fff1-7125-472d-bbc3-1b240f9c8d5b,2026-07-20T02:00:00Z,2026-07-20T04:00:00+0200,0.0,MW,NL,NL,actual_onshore_wind_generation,Wind Onshore | Actual Consumption,2026-08-02T23:51:38Z
2026-08-02T23:49:28Z,2026-08-03T01:49:28+0200,65d3fff1-7125-472d-bbc3-1b240f9c8d5b,2026-07-20T02:15:00Z,2026-07-20T04:15:00+0200,342.404,MW,NL,NL,actual_onshore_wind_generation,Wind Onshore | Actual Aggregated,2026-08-02T23:51:38Z
2026-08-02T23:49:28Z,2026-08-03T01:49:28+0200,65d3fff1-7125-472d-bbc3-1b240f9c8d5b,2026-07-20T02:15:00Z,2026-07-20T04:15:00+0200,0.0,MW,NL,NL,actual_onshore_wind_generation,Wind Onshore | Actual Consumption,2026-08-02T23:51:38Z
2026-08-02T23:49:28Z,2026-08-03T01:49:28+0200,65d3fff1-7125-472d-bbc3-1b240f9c8d5b,2026-07-20T02:30:00Z,2026-07-20T04:30:00+0200,398.19,MW,NL,NL,actual_onshore_wind_generation,Wind Onshore | Actual Aggregated,2026-08-02T23:51:38Z
2026-08-02T23:49:28Z,2026-08-03T01:49:28+0200,65d3fff1-7125-472d-bbc3-1b240f9c8d5b,2026-07-20T02:30:00Z,2026-07-20T04:30:00+0200,0.0,MW,NL,NL,actual_onshore_wind_generation,Wind Onshore | Actual Consumption,2026-08-02T23:51:38Z
2026-08-02T23:49:28Z,2026-08-03T01:49:28+0200,65d3fff1-7125-472d-bbc3-1b240f9c8d5b,2026-07-20T02:45:00Z,2026-07-20T04:45:00+0200,402.54,MW,NL,NL,actual_onshore_wind_generation,Wind Onshore | Actual Aggregated,2026-08-02T23:51:38Z
2026-08-02T23:49:28Z,2026-08-03T01:49:28+0200,65d3fff1-7125-472d-bbc3-1b240f9c8d5b,2026-07-20T02:45:00Z,2026-07-20T04:45:00+0200,0.0,MW,NL,NL,actual_onshore_wind_generation,Wind Onshore | Actual Consumption,2026-08-02T23:51:38Z
2026-08-02T23:49:28Z,2026-08-03T01:49:28+0200,65d3fff1-7125-472d-bbc3-1b240f9c8d5b,2026-07-20T03:00:00Z,2026-07-20T05:00:00+0200,395.434,MW,NL,NL,actual_onshore_wind_generation,Wind Onshore | Actual Aggregated,2026-08-02T23:51:38Z
2026-08-02T23:49:28Z,2026-08-03T01:49:28+0200,65d3fff1-7125-472d-bbc3-1b240f9c8d5b,2026-07-20T03:00:00Z,2026-07-20T05:00:00+0200,0.0,MW,NL,NL,actual_onshore_wind_generation,Wind Onshore | Actual Consumption,2026-08-02T23:51:38Z
2026-08-02T23:49:28Z,2026-08-03T01:49:28+0200,65d3fff1-7125-472d-bbc3-1b240f9c8d5b,2026-07-20T03:15:00Z,2026-07-20T05:15:00+0200,382.408,MW,NL,NL,actual_onshore_wind_generation,Wind Onshore | Actual Aggregated,2026-08-02T23:51:38Z
2026-08-02T23:49:28Z,2026-08-03T01:49:28+0200,65d3fff1-7125-472d-bbc3-1b240f9c8d5b,2026-07-20T03:15:00Z,2026-07-20T05:15:00+0200,0.0,MW,NL,NL,actual_onshore_wind_generation,Wind Onshore | Actual Consumption,2026-08-02T23:51:38Z
2026-08-02T23:49:28Z,2026-08-03T01:49:28+0200,65d3fff1-7125-472d-bbc3-1b240f9c8d5b,2026-07-20T03:30:00Z,2026-07-20T05:30:00+0200,379.322,MW,NL,NL,actual_onshore_wind_generation,Wind Onshore | Actual Aggregated,2026-08-02T23:51:38Z
2026-08-02T23:49:28Z,2026-08-03T01:49:28+0200,65d3fff1-7125-472d-bbc3-1b240f9c8d5b,2026-07-20T03:30:00Z,2026-07-20T05:30:00+0200,0.0,MW,NL,NL,actual_onshore_wind_generation,Wind Onshore | Actual Consumption,2026-08-02T23:51:38Z
2026-08-02T23:49:28Z,2026-08-03T01:49:28+0200,65d3fff1-7125-472d-bbc3-1b240f9c8d5b,2026-07-20T03:45:00Z,2026-07-20T05:45:00+0200,354.643,MW,NL,NL,actual_onshore_wind_generation,Wind Onshore | Actual Aggregated,2026-08-02T23:51:38Z
2026-08-02T23:49:28Z,2026-08-03T01:49:28+0200,65d3fff1-7125-472d-bbc3-1b240f9c8d5b,2026-07-20T03:45:00Z,2026-07-20T05:45:00+0200,0.0,MW,NL,NL,actual_onshore_wind_generation,Wind Onshore | Actual Consumption,2026-08-02T23:51:38Z
2026-08-02T23:49:28Z,2026-08-03T01:49:28+0200,65d3fff1-7125-472d-bbc3-1b240f9c8d5b,2026-07-20T04:00:00Z,2026-07-20T06:00:00+0200,327.136,MW,NL,NL,actual_onshore_wind_generation,Wind Onshore | Actual Aggregated,2026-08-02T23:51:38Z
2026-08-02T23:49:28Z,2026-08-03T01:49:28+0200,65d3fff1-7125-472d-bbc3-1b240f9c8d5b,2026-07-20T04:00:00Z,2026-07-20T06:00:00+0200,0.0,MW,NL,NL,actual_onshore_wind_generation,Wind Onshore | Actual Consumption,2026-08-02T23:51:38Z
2026-08-02T23:49:28Z,2026-08-03T01:49:28+0200,65d3fff1-7125-472d-bbc3-1b240f9c8d5b,2026-07-20T04:15:00Z,2026-07-20T06:15:00+0200,386.294,MW,NL,NL,actual_onshore_wind_generation,Wind Onshore | Actual Aggregated,2026-08-02T23:51:38Z
2026-08-02T23:49:28Z,2026-08-03T01:49:28+0200,65d3fff1-7125-472d-bbc3-1b240f9c8d5b,2026-07-20T04:15:00Z,2026-07-20T06:15:00+0200,0.0,MW,NL,NL,actual_onshore_wind_generation,Wind Onshore | Actual Consumption,2026-08-02T23:51:38Z
2026-08-02T23:49:28Z,2026-08-03T01:49:28+0200,65d3fff1-7125-472d-bbc3-1b240f9c8d5b,2026-07-20T04:30:00Z,2026-07-20T06:30:00+0200,375.64,MW,NL,NL,actual_onshore_wind_generation,Wind Onshore | Actual Aggregated,2026-08-02T23:51:38Z
2026-08-02T23:49:28Z,2026-08-03T01:49:28+0200,65d3fff1-7125-472d-bbc3-1b240f9c8d5b,2026-07-20T04:30:00Z,2026-07-20T06:30:00+0200,0.0,MW,NL,NL,actual_onshore_wind_generation,Wind Onshore | Actual Consumption,2026-08-02T23:51:38Z
2026-08-02T23:49:28Z,2026-08-03T01:49:28+0200,65d3fff1-7125-472d-bbc3-1b240f9c8d5b,2026-07-20T04:45:00Z,2026-07-20T06:45:00+0200,355.525,MW,NL,NL,actual_onshore_wind_generation,Wind Onshore | Actual Aggregated,2026-08-02T23:51:38Z
2026-08-02T23:49:28Z,2026-08-03T01:49:28+0200,65d3fff1-7125-472d-bbc3-1b240f9c8d5b,2026-07-20T04:45:00Z,2026-07-20T06:45:00+0200,0.0,MW,NL,NL,actual_onshore_wind_generation,Wind Onshore | Actual Consumption,2026-08-02T23:51:38Z
2026-08-02T23:49:28Z,2026-08-03T01:49:28+0200,65d3fff1-7125-472d-bbc3-1b240f9c8d5b,2026-07-20T05:00:00Z,2026-07-20T07:00:00+0200,296.177,MW,NL,NL,actual_onshore_wind_generation,Wind Onshore | Actual Aggregated,2026-08-02T23:51:38Z
2026-08-02T23:49:28Z,2026-08-03T01:49:28+0200,65d3fff1-7125-472d-bbc3-1b240f9c8d5b,2026-07-20T05:00:00Z,2026-07-20T07:00:00+0200,0.0,MW,NL,NL,actual_onshore_wind_generation,Wind Onshore | Actual Consumption,2026-08-02T23:51:38Z
2026-08-02T23:49:28Z,2026-08-03T01:49:28+0200,65d3fff1-7125-472d-bbc3-1b240f9c8d5b,2026-07-20T05:15:00Z,2026-07-20T07:15:00+0200,279.6,MW,NL,NL,actual_onshore_wind_generation,Wind Onshore | Actual Aggregated,2026-08-02T23:51:38Z
2026-08-02T23:49:28Z,2026-08-03T01:49:28+0200,65d3fff1-7125-472d-bbc3-1b240f9c8d5b,2026-07-20T05:15:00Z,2026-07-20T07:15:00+0200,0.0,MW,NL,NL,actual_onshore_wind_generation,Wind Onshore | Actual Consumption,2026-08-02T23:51:38Z
2026-08-02T23:49:28Z,2026-08-03T01:49:28+0200,65d3fff1-7125-472d-bbc3-1b240f9c8d5b,2026-07-20T05:30:00Z,2026-07-20T07:30:00+0200,264.962,MW,NL,NL,actual_onshore_wind_generation,Wind Onshore | Actual Aggregated,2026-08-02T23:51:38Z
2026-08-02T23:49:28Z,2026-08-03T01:49:28+0200,65d3fff1-7125-472d-bbc3-1b240f9c8d5b,2026-07-20T05:30:00Z,2026-07-20T07:30:00+0200,0.0,MW,NL,NL,actual_onshore_wind_generation,Wind Onshore | Actual Consumption,2026-08-02T23:51:38Z
2026-08-02T23:49:28Z,2026-08-03T01:49:28+0200,65d3fff1-7125-472d-bbc3-1b240f9c8d5b,2026-07-20T05:45:00Z,2026-07-20T07:45:00+0200,277.108,MW,NL,NL,actual_onshore_wind_generation,Wind Onshore | Actual Aggregated,2026-08-02T23:51:38Z
2026-08-02T23:49:28Z,2026-08-03T01:49:28+0200,65d3fff1-7125-472d-bbc3-1b240f9c8d5b,2026-07-20T05:45:00Z,2026-07-20T07:45:00+0200,0.0,MW,NL,NL,actual_onshore_wind_generation,Wind Onshore | Actual Consumption,2026-08-02T23:51:38Z
2026-08-02T23:49:28Z,2026-08-03T01:49:28+0200,65d3fff1-7125-472d-bbc3-1b240f9c8d5b,2026-07-20T06:00:00Z,2026-07-20T08:00:00+0200,328.111,MW,NL,NL,actual_onshore_wind_generation,Wind Onshore | Actual Aggregated,2026-08-02T23:51:38Z
2026-08-02T23:49:28Z,2026-08-03T01:49:28+0200,65d3fff1-7125-472d-bbc3-1b240f9c8d5b,2026-07-20T06:00:00Z,2026-07-20T08:00:00+0200,0.0,MW,NL,NL,actual_onshore_wind_generation,Wind Onshore | Actual Consumption,2026-08-02T23:51:38Z
2026-08-02T23:49:28Z,2026-08-03T01:49:28+0200,65d3fff1-7125-472d-bbc3-1b240f9c8d5b,2026-07-20T06:15:00Z,2026-07-20T08:15:00+0200,310.484,MW,NL,NL,actual_onshore_wind_generation,Wind Onshore | Actual Aggregated,2026-08-02T23:51:38Z
2026-08-02T23:49:28Z,2026-08-03T01:49:28+0200,65d3fff1-7125-472d-bbc3-1b240f9c8d5b,2026-07-20T06:15:00Z,2026-07-20T08:15:00+0200,0.0,MW,NL,NL,actual_onshore_wind_generation,Wind Onshore | Actual Consumption,2026-08-02T23:51:38Z
2026-08-02T23:49:28Z,2026-08-03T01:49:28+0200,65d3fff1-7125-472d-bbc3-1b240f9c8d5b,2026-07-20T06:30:00Z,2026-07-20T08:30:00+0200,300.44,MW,NL,NL,actual_onshore_wind_generation,Wind Onshore | Actual Aggregated,2026-08-02T23:51:38Z
2026-08-02T23:49:28Z,2026-08-03T01:49:28+0200,65d3fff1-7125-472d-bbc3-1b240f9c8d5b,2026-07-20T06:30:00Z,2026-07-20T08:30:00+0200,0.0,MW,NL,NL,actual_onshore_wind_generation,Wind Onshore | Actual Consumption,2026-08-02T23:51:38Z
2026-08-02T23:49:28Z,2026-08-03T01:49:28+0200,65d3fff1-7125-472d-bbc3-1b240f9c8d5b,2026-07-20T06:45:00Z,2026-07-20T08:45:00+0200,299.626,MW,NL,NL,actual_onshore_wind_generation,Wind Onshore | Actual Aggregated,2026-08-02T23:51:38Z
2026-08-02T23:49:28Z,2026-08-03T01:49:28+0200,65d3fff1-7125-472d-bbc3-1b240f9c8d5b,2026-07-20T06:45:00Z,2026-07-20T08:45:00+0200,0.0,MW,NL,NL,actual_onshore_wind_generation,Wind Onshore | Actual Consumption,2026-08-02T23:51:38Z
2026-08-02T23:49:28Z,2026-08-03T01:49:28+0200,65d3fff1-7125-472d-bbc3-1b240f9c8d5b,2026-07-20T07:00:00Z,2026-07-20T09:00:00+0200,251.73,MW,NL,NL,actual_onshore_wind_generation,Wind Onshore | Actual Aggregated,2026-08-02T23:51:38Z
2026-08-02T23:49:28Z,2026-08-03T01:49:28+0200,65d3fff1-7125-472d-bbc3-1b240f9c8d5b,2026-07-20T07:00:00Z,2026-07-20T09:00:00+0200,0.0,MW,NL,NL,actual_onshore_wind_generation,Wind Onshore | Actual Consumption,2026-08-02T23:51:38Z
2026-08-02T23:49:28Z,2026-08-03T01:49:28+0200,65d3fff1-7125-472d-bbc3-1b240f9c8d5b,2026-07-20T07:15:00Z,2026-07-20T09:15:00+0200,215.935,MW,NL,NL,actual_onshore_wind_generation,Wind Onshore | Actual Aggregated,2026-08-02T23:51:38Z
2026-08-02T23:49:28Z,2026-08-03T01:49:28+0200,65d3fff1-7125-472d-bbc3-1b240f9c8d5b,2026-07-20T07:15:00Z,2026-07-20T09:15:00+0200,0.0,MW,NL,NL,actual_onshore_wind_generation,Wind Onshore | Actual Consumption,2026-08-02T23:51:38Z
2026-08-02T23:49:28Z,2026-08-03T01:49:28+0200,65d3fff1-7125-472d-bbc3-1b240f9c8d5b,2026-07-20T07:30:00Z,2026-07-20T09:30:00+0200,201.505,MW,NL,NL,actual_onshore_wind_generation,Wind Onshore | Actual Aggregated,2026-08-02T23:51:38Z
2026-08-02T23:49:28Z,2026-08-03T01:49:28+0200,65d3fff1-7125-472d-bbc3-1b240f9c8d5b,2026-07-20T07:30:00Z,2026-07-20T09:30:00+0200,0.0,MW,NL,NL,actual_onshore_wind_generation,Wind Onshore | Actual Consumption,2026-08-02T23:51:38Z
2026-08-02T23:49:28Z,2026-08-03T01:49:28+0200,65d3fff1-7125-472d-bbc3-1b240f9c8d5b,2026-07-20T07:45:00Z,2026-07-20T09:45:00+0200,225.81,MW,NL,NL,actual_onshore_wind_generation,Wind Onshore | Actual Aggregated,2026-08-02T23:51:38Z
2026-08-02T23:49:28Z,2026-08-03T01:49:28+0200,65d3fff1-7125-472d-bbc3-1b240f9c8d5b,2026-07-20T07:45:00Z,2026-07-20T09:45:00+0200,0.0,MW,NL,NL,actual_onshore_wind_generation,Wind Onshore | Actual Consumption,2026-08-02T23:51:38Z
2026-08-02T23:49:28Z,2026-08-03T01:49:28+0200,65d3fff1-7125-472d-bbc3-1b240f9c8d5b,2026-07-20T08:00:00Z,2026-07-20T10:00:00+0200,243.619,MW,NL,NL,actual_onshore_wind_generation,Wind Onshore | Actual Aggregated,2026-08-02T23:51:38Z
2026-08-02T23:49:28Z,2026-08-03T01:49:28+0200,65d3fff1-7125-472d-bbc3-1b240f9c8d5b,2026-07-20T08:00:00Z,2026-07-20T10:00:00+0200,0.0,MW,NL,NL,actual_onshore_wind_generation,Wind Onshore | Actual Consumption,2026-08-02T23:51:38Z
2026-08-02T23:49:28Z,2026-08-03T01:49:28+0200,65d3fff1-7125-472d-bbc3-1b240f9c8d5b,2026-07-20T08:15:00Z,2026-07-20T10:15:00+0200,237.473,MW,NL,NL,actual_onshore_wind_generation,Wind Onshore | Actual Aggregated,2026-08-02T23:51:38Z
2026-08-02T23:49:28Z,2026-08-03T01:49:28+0200,65d3fff1-7125-472d-bbc3-1b240f9c8d5b,2026-07-20T08:15:00Z,2026-07-20T10:15:00+0200,0.0,MW,NL,NL,actual_onshore_wind_generation,Wind Onshore | Actual Consumption,2026-08-02T23:51:38Z
2026-08-02T23:49:28Z,2026-08-03T01:49:28+0200,65d3fff1-7125-472d-bbc3-1b240f9c8d5b,2026-07-20T08:30:00Z,2026-07-20T10:30:00+0200,259.986,MW,NL,NL,actual_onshore_wind_generation,Wind Onshore | Actual Aggregated,2026-08-02T23:51:38Z
2026-08-02T23:49:28Z,2026-08-03T01:49:28+0200,65d3fff1-7125-472d-bbc3-1b240f9c8d5b,2026-07-20T08:30:00Z,2026-07-20T10:30:00+0200,0.0,MW,NL,NL,actual_onshore_wind_generation,Wind Onshore | Actual Consumption,2026-08-02T23:51:38Z
2026-08-02T23:49:28Z,2026-08-03T01:49:28+0200,65d3fff1-7125-472d-bbc3-1b240f9c8d5b,2026-07-20T08:45:00Z,2026-07-20T10:45:00+0200,257.276,MW,NL,NL,actual_onshore_wind_generation,Wind Onshore | Actual Aggregated,2026-08-02T23:51:38Z
2026-08-02T23:49:28Z,2026-08-03T01:49:28+0200,65d3fff1-7125-472d-bbc3-1b240f9c8d5b,2026-07-20T08:45:00Z,2026-07-20T10:45:00+0200,0.0,MW,NL,NL,actual_onshore_wind_generation,Wind Onshore | Actual Consumption,2026-08-02T23:51:38Z
2026-08-02T23:49:28Z,2026-08-03T01:49:28+0200,65d3fff1-7125-472d-bbc3-1b240f9c8d5b,2026-07-20T09:00:00Z,2026-07-20T11:00:00+0200,254.441,MW,NL,NL,actual_onshore_wind_generation,Wind Onshore | Actual Aggregated,2026-08-02T23:51:38Z
2026-08-02T23:49:28Z,2026-08-03T01:49:28+0200,65d3fff1-7125-472d-bbc3-1b240f9c8d5b,2026-07-20T09:00:00Z,2026-07-20T11:00:00+0200,0.0,MW,NL,NL,actual_onshore_wind_generation,Wind Onshore | Actual Consumption,2026-08-02T23:51:38Z
2026-08-02T23:49:28Z,2026-08-03T01:49:28+0200,65d3fff1-7125-472d-bbc3-1b240f9c8d5b,2026-07-20T09:15:00Z,2026-07-20T11:15:00+0200,239.248,MW,NL,NL,actual_onshore_wind_generation,Wind Onshore | Actual Aggregated,2026-08-02T23:51:38Z
2026-08-02T23:49:28Z,2026-08-03T01:49:28+0200,65d3fff1-7125-472d-bbc3-1b240f9c8d5b,2026-07-20T09:15:00Z,2026-07-20T11:15:00+0200,0.0,MW,NL,NL,actual_onshore_wind_generation,Wind Onshore | Actual Consumption,2026-08-02T23:51:38Z
2026-08-02T23:49:28Z,2026-08-03T01:49:28+0200,65d3fff1-7125-472d-bbc3-1b240f9c8d5b,2026-07-20T09:30:00Z,2026-07-20T11:30:00+0200,241.276,MW,NL,NL,actual_onshore_wind_generation,Wind Onshore | Actual Aggregated,2026-08-02T23:51:38Z
2026-08-02T23:49:28Z,2026-08-03T01:49:28+0200,65d3fff1-7125-472d-bbc3-1b240f9c8d5b,2026-07-20T09:30:00Z,2026-07-20T11:30:00+0200,0.0,MW,NL,NL,actual_onshore_wind_generation,Wind Onshore | Actual Consumption,2026-08-02T23:51:38Z
2026-08-02T23:49:28Z,2026-08-03T01:49:28+0200,65d3fff1-7125-472d-bbc3-1b240f9c8d5b,2026-07-20T09:45:00Z,2026-07-20T11:45:00+0200,237.931,MW,NL,NL,actual_onshore_wind_generation,Wind Onshore | Actual Aggregated,2026-08-02T23:51:38Z
2026-08-02T23:49:28Z,2026-08-03T01:49:28+0200,65d3fff1-7125-472d-bbc3-1b240f9c8d5b,2026-07-20T09:45:00Z,2026-07-20T11:45:00+0200,0.0,MW,NL,NL,actual_onshore_wind_generation,Wind Onshore | Actual Consumption,2026-08-02T23:51:38Z
2026-08-02T23:49:28Z,2026-08-03T01:49:28+0200,65d3fff1-7125-472d-bbc3-1b240f9c8d5b,2026-07-20T10:00:00Z,2026-07-20T12:00:00+0200,224.92,MW,NL,NL,actual_onshore_wind_generation,Wind Onshore | Actual Aggregated,2026-08-02T23:51:38Z
2026-08-02T23:49:28Z,2026-08-03T01:49:28+0200,65d3fff1-7125-472d-bbc3-1b240f9c8d5b,2026-07-20T10:00:00Z,2026-07-20T12:00:00+0200,0.0,MW,NL,NL,actual_onshore_wind_generation,Wind Onshore | Actual Consumption,2026-08-02T23:51:38Z
2026-08-02T23:49:28Z,2026-08-03T01:49:28+0200,65d3fff1-7125-472d-bbc3-1b240f9c8d5b,2026-07-20T10:15:00Z,2026-07-20T12:15:00+0200,210.684,MW,NL,NL,actual_onshore_wind_generation,Wind Onshore | Actual Aggregated,2026-08-02T23:51:38Z
2026-08-02T23:49:28Z,2026-08-03T01:49:28+0200,65d3fff1-7125-472d-bbc3-1b240f9c8d5b,2026-07-20T10:15:00Z,2026-07-20T12:15:00+0200,0.0,MW,NL,NL,actual_onshore_wind_generation,Wind Onshore | Actual Consumption,2026-08-02T23:51:38Z
2026-08-02T23:49:28Z,2026-08-03T01:49:28+0200,65d3fff1-7125-472d-bbc3-1b240f9c8d5b,2026-07-20T10:30:00Z,2026-07-20T12:30:00+0200,199.078,MW,NL,NL,actual_onshore_wind_generation,Wind Onshore | Actual Aggregated,2026-08-02T23:51:38Z
2026-08-02T23:49:28Z,2026-08-03T01:49:28+0200,65d3fff1-7125-472d-bbc3-1b240f9c8d5b,2026-07-20T10:30:00Z,2026-07-20T12:30:00+0200,0.0,MW,NL,NL,actual_onshore_wind_generation,Wind Onshore | Actual Consumption,2026-08-02T23:51:38Z
2026-08-02T23:49:28Z,2026-08-03T01:49:28+0200,65d3fff1-7125-472d-bbc3-1b240f9c8d5b,2026-07-20T10:45:00Z,2026-07-20T12:45:00+0200,174.871,MW,NL,NL,actual_onshore_wind_generation,Wind Onshore | Actual Aggregated,2026-08-02T23:51:38Z
2026-08-02T23:49:28Z,2026-08-03T01:49:28+0200,65d3fff1-7125-472d-bbc3-1b240f9c8d5b,2026-07-20T10:45:00Z,2026-07-20T12:45:00+0200,0.0,MW,NL,NL,actual_onshore_wind_generation,Wind Onshore | Actual Consumption,2026-08-02T23:51:38Z
2026-08-02T23:49:28Z,2026-08-03T01:49:28+0200,65d3fff1-7125-472d-bbc3-1b240f9c8d5b,2026-07-20T11:00:00Z,2026-07-20T13:00:00+0200,178.032,MW,NL,NL,actual_onshore_wind_generation,Wind Onshore | Actual Aggregated,2026-08-02T23:51:38Z
2026-08-02T23:49:28Z,2026-08-03T01:49:28+0200,65d3fff1-7125-472d-bbc3-1b240f9c8d5b,2026-07-20T11:00:00Z,2026-07-20T13:00:00+0200,0.0,MW,NL,NL,actual_onshore_wind_generation,Wind Onshore | Actual Consumption,2026-08-02T23:51:38Z
2026-08-02T23:49:28Z,2026-08-03T01:49:28+0200,65d3fff1-7125-472d-bbc3-1b240f9c8d5b,2026-07-20T11:15:00Z,2026-07-20T13:15:00+0200,183.105,MW,NL,NL,actual_onshore_wind_generation,Wind Onshore | Actual Aggregated,2026-08-02T23:51:38Z
2026-08-02T23:49:28Z,2026-08-03T01:49:28+0200,65d3fff1-7125-472d-bbc3-1b240f9c8d5b,2026-07-20T11:15:00Z,2026-07-20T13:15:00+0200,0.0,MW,NL,NL,actual_onshore_wind_generation,Wind Onshore | Actual Consumption,2026-08-02T23:51:38Z
2026-08-02T23:49:28Z,2026-08-03T01:49:28+0200,65d3fff1-7125-472d-bbc3-1b240f9c8d5b,2026-07-20T11:30:00Z,2026-07-20T13:30:00+0200,191.169,MW,NL,NL,actual_onshore_wind_generation,Wind Onshore | Actual Aggregated,2026-08-02T23:51:38Z
2026-08-02T23:49:28Z,2026-08-03T01:49:28+0200,65d3fff1-7125-472d-bbc3-1b240f9c8d5b,2026-07-20T11:30:00Z,2026-07-20T13:30:00+0200,0.0,MW,NL,NL,actual_onshore_wind_generation,Wind Onshore | Actual Consumption,2026-08-02T23:51:38Z
2026-08-02T23:49:28Z,2026-08-03T01:49:28+0200,65d3fff1-7125-472d-bbc3-1b240f9c8d5b,2026-07-20T11:45:00Z,2026-07-20T13:45:00+0200,203.274,MW,NL,NL,actual_onshore_wind_generation,Wind Onshore | Actual Aggregated,2026-08-02T23:51:38Z
2026-08-02T23:49:28Z,2026-08-03T01:49:28+0200,65d3fff1-7125-472d-bbc3-1b240f9c8d5b,2026-07-20T11:45:00Z,2026-07-20T13:45:00+0200,0.0,MW,NL,NL,actual_onshore_wind_generation,Wind Onshore | Actual Consumption,2026-08-02T23:51:38Z
2026-08-02T23:49:28Z,2026-08-03T01:49:28+0200,65d3fff1-7125-472d-bbc3-1b240f9c8d5b,2026-07-20T12:00:00Z,2026-07-20T14:00:00+0200,212.366,MW,NL,NL,actual_onshore_wind_generation,Wind Onshore | Actual Aggregated,2026-08-02T23:51:38Z
2026-08-02T23:49:28Z,2026-08-03T01:49:28+0200,65d3fff1-7125-472d-bbc3-1b240f9c8d5b,2026-07-20T12:00:00Z,2026-07-20T14:00:00+0200,0.0,MW,NL,NL,actual_onshore_wind_generation,Wind Onshore | Actual Consumption,2026-08-02T23:51:38Z
2026-08-02T23:49:28Z,2026-08-03T01:49:28+0200,65d3fff1-7125-472d-bbc3-1b240f9c8d5b,2026-07-20T12:15:00Z,2026-07-20T14:15:00+0200,202.377,MW,NL,NL,actual_onshore_wind_generation,Wind Onshore | Actual Aggregated,2026-08-02T23:51:38Z
2026-08-02T23:49:28Z,2026-08-03T01:49:28+0200,65d3fff1-7125-472d-bbc3-1b240f9c8d5b,2026-07-20T12:15:00Z,2026-07-20T14:15:00+0200,0.0,MW,NL,NL,actual_onshore_wind_generation,Wind Onshore | Actual Consumption,2026-08-02T23:51:38Z
2026-08-02T23:49:28Z,2026-08-03T01:49:28+0200,65d3fff1-7125-472d-bbc3-1b240f9c8d5b,2026-07-20T12:30:00Z,2026-07-20T14:30:00+0200,184.72,MW,NL,NL,actual_onshore_wind_generation,Wind Onshore | Actual Aggregated,2026-08-02T23:51:38Z
2026-08-02T23:49:28Z,2026-08-03T01:49:28+0200,65d3fff1-7125-472d-bbc3-1b240f9c8d5b,2026-07-20T12:30:00Z,2026-07-20T14:30:00+0200,0.0,MW,NL,NL,actual_onshore_wind_generation,Wind Onshore | Actual Consumption,2026-08-02T23:51:38Z
2026-08-02T23:49:28Z,2026-08-03T01:49:28+0200,65d3fff1-7125-472d-bbc3-1b240f9c8d5b,2026-07-20T12:45:00Z,2026-07-20T14:45:00+0200,189.934,MW,NL,NL,actual_onshore_wind_generation,Wind Onshore | Actual Aggregated,2026-08-02T23:51:38Z
2026-08-02T23:49:28Z,2026-08-03T01:49:28+0200,65d3fff1-7125-472d-bbc3-1b240f9c8d5b,2026-07-20T12:45:00Z,2026-07-20T14:45:00+0200,0.0,MW,NL,NL,actual_onshore_wind_generation,Wind Onshore | Actual Consumption,2026-08-02T23:51:38Z
2026-08-02T23:49:28Z,2026-08-03T01:49:28+0200,65d3fff1-7125-472d-bbc3-1b240f9c8d5b,2026-07-20T13:00:00Z,2026-07-20T15:00:00+0200,203.532,MW,NL,NL,actual_onshore_wind_generation,Wind Onshore | Actual Aggregated,2026-08-02T23:51:38Z
2026-08-02T23:49:28Z,2026-08-03T01:49:28+0200,65d3fff1-7125-472d-bbc3-1b240f9c8d5b,2026-07-20T13:00:00Z,2026-07-20T15:00:00+0200,0.0,MW,NL,NL,actual_onshore_wind_generation,Wind Onshore | Actual Consumption,2026-08-02T23:51:38Z
2026-08-02T23:49:28Z,2026-08-03T01:49:28+0200,65d3fff1-7125-472d-bbc3-1b240f9c8d5b,2026-07-20T13:15:00Z,2026-07-20T15:15:00+0200,206.382,MW,NL,NL,actual_onshore_wind_generation,Wind Onshore | Actual Aggregated,2026-08-02T23:51:38Z
2026-08-02T23:49:28Z,2026-08-03T01:49:28+0200,65d3fff1-7125-472d-bbc3-1b240f9c8d5b,2026-07-20T13:15:00Z,2026-07-20T15:15:00+0200,0.0,MW,NL,NL,actual_onshore_wind_generation,Wind Onshore | Actual Consumption,2026-08-02T23:51:38Z
2026-08-02T23:49:28Z,2026-08-03T01:49:28+0200,65d3fff1-7125-472d-bbc3-1b240f9c8d5b,2026-07-20T13:30:00Z,2026-07-20T15:30:00+0200,223.627,MW,NL,NL,actual_onshore_wind_generation,Wind Onshore | Actual Aggregated,2026-08-02T23:51:38Z
2026-08-02T23:49:28Z,2026-08-03T01:49:28+0200,65d3fff1-7125-472d-bbc3-1b240f9c8d5b,2026-07-20T13:30:00Z,2026-07-20T15:30:00+0200,0.0,MW,NL,NL,actual_onshore_wind_generation,Wind Onshore | Actual Consumption,2026-08-02T23:51:38Z
2026-08-02T23:49:28Z,2026-08-03T01:49:28+0200,65d3fff1-7125-472d-bbc3-1b240f9c8d5b,2026-07-20T13:45:00Z,2026-07-20T15:45:00+0200,247.122,MW,NL,NL,actual_onshore_wind_generation,Wind Onshore | Actual Aggregated,2026-08-02T23:51:38Z
2026-08-02T23:49:28Z,2026-08-03T01:49:28+0200,65d3fff1-7125-472d-bbc3-1b240f9c8d5b,2026-07-20T13:45:00Z,2026-07-20T15:45:00+0200,0.0,MW,NL,NL,actual_onshore_wind_generation,Wind Onshore | Actual Consumption,2026-08-02T23:51:38Z
2026-08-02T23:49:28Z,2026-08-03T01:49:28+0200,65d3fff1-7125-472d-bbc3-1b240f9c8d5b,2026-07-20T14:00:00Z,2026-07-20T16:00:00+0200,249.739,MW,NL,NL,actual_onshore_wind_generation,Wind Onshore | Actual Aggregated,2026-08-02T23:51:38Z
2026-08-02T23:49:28Z,2026-08-03T01:49:28+0200,65d3fff1-7125-472d-bbc3-1b240f9c8d5b,2026-07-20T14:00:00Z,2026-07-20T16:00:00+0200,0.0,MW,NL,NL,actual_onshore_wind_generation,Wind Onshore | Actual Consumption,2026-08-02T23:51:38Z
2026-08-02T23:49:28Z,2026-08-03T01:49:28+0200,65d3fff1-7125-472d-bbc3-1b240f9c8d5b,2026-07-20T14:15:00Z,2026-07-20T16:15:00+0200,237.385,MW,NL,NL,actual_onshore_wind_generation,Wind Onshore | Actual Aggregated,2026-08-02T23:51:38Z
2026-08-02T23:49:28Z,2026-08-03T01:49:28+0200,65d3fff1-7125-472d-bbc3-1b240f9c8d5b,2026-07-20T14:15:00Z,2026-07-20T16:15:00+0200,0.0,MW,NL,NL,actual_onshore_wind_generation,Wind Onshore | Actual Consumption,2026-08-02T23:51:38Z
2026-08-02T23:49:28Z,2026-08-03T01:49:28+0200,65d3fff1-7125-472d-bbc3-1b240f9c8d5b,2026-07-20T14:30:00Z,2026-07-20T16:30:00+0200,238.86,MW,NL,NL,actual_onshore_wind_generation,Wind Onshore | Actual Aggregated,2026-08-02T23:51:38Z
2026-08-02T23:49:28Z,2026-08-03T01:49:28+0200,65d3fff1-7125-472d-bbc3-1b240f9c8d5b,2026-07-20T14:30:00Z,2026-07-20T16:30:00+0200,0.0,MW,NL,NL,actual_onshore_wind_generation,Wind Onshore | Actual Consumption,2026-08-02T23:51:38Z
2026-08-02T23:49:28Z,2026-08-03T01:49:28+0200,65d3fff1-7125-472d-bbc3-1b240f9c8d5b,2026-07-20T14:45:00Z,2026-07-20T16:45:00+0200,237.448,MW,NL,NL,actual_onshore_wind_generation,Wind Onshore | Actual Aggregated,2026-08-02T23:51:38Z
2026-08-02T23:49:28Z,2026-08-03T01:49:28+0200,65d3fff1-7125-472d-bbc3-1b240f9c8d5b,2026-07-20T14:45:00Z,2026-07-20T16:45:00+0200,0.0,MW,NL,NL,actual_onshore_wind_generation,Wind Onshore | Actual Consumption,2026-08-02T23:51:38Z
2026-08-02T23:49:28Z,2026-08-03T01:49:28+0200,65d3fff1-7125-472d-bbc3-1b240f9c8d5b,2026-07-20T15:00:00Z,2026-07-20T17:00:00+0200,235.607,MW,NL,NL,actual_onshore_wind_generation,Wind Onshore | Actual Aggregated,2026-08-02T23:51:38Z
2026-08-02T23:49:28Z,2026-08-03T01:49:28+0200,65d3fff1-7125-472d-bbc3-1b240f9c8d5b,2026-07-20T15:00:00Z,2026-07-20T17:00:00+0200,0.0,MW,NL,NL,actual_onshore_wind_generation,Wind Onshore | Actual Consumption,2026-08-02T23:51:38Z
2026-08-02T23:49:28Z,2026-08-03T01:49:28+0200,65d3fff1-7125-472d-bbc3-1b240f9c8d5b,2026-07-20T15:15:00Z,2026-07-20T17:15:00+0200,239.569,MW,NL,NL,actual_onshore_wind_generation,Wind Onshore | Actual Aggregated,2026-08-02T23:51:38Z
2026-08-02T23:49:28Z,2026-08-03T01:49:28+0200,65d3fff1-7125-472d-bbc3-1b240f9c8d5b,2026-07-20T15:15:00Z,2026-07-20T17:15:00+0200,0.0,MW,NL,NL,actual_onshore_wind_generation,Wind Onshore | Actual Consumption,2026-08-02T23:51:38Z
2026-08-02T23:49:28Z,2026-08-03T01:49:28+0200,65d3fff1-7125-472d-bbc3-1b240f9c8d5b,2026-07-20T15:30:00Z,2026-07-20T17:30:00+0200,235.626,MW,NL,NL,actual_onshore_wind_generation,Wind Onshore | Actual Aggregated,2026-08-02T23:51:38Z
2026-08-02T23:49:28Z,2026-08-03T01:49:28+0200,65d3fff1-7125-472d-bbc3-1b240f9c8d5b,2026-07-20T15:30:00Z,2026-07-20T17:30:00+0200,0.0,MW,NL,NL,actual_onshore_wind_generation,Wind Onshore | Actual Consumption,2026-08-02T23:51:38Z
2026-08-02T23:49:28Z,2026-08-03T01:49:28+0200,65d3fff1-7125-472d-bbc3-1b240f9c8d5b,2026-07-20T15:45:00Z,2026-07-20T17:45:00+0200,241.556,MW,NL,NL,actual_onshore_wind_generation,Wind Onshore | Actual Aggregated,2026-08-02T23:51:38Z
2026-08-02T23:49:28Z,2026-08-03T01:49:28+0200,65d3fff1-7125-472d-bbc3-1b240f9c8d5b,2026-07-20T15:45:00Z,2026-07-20T17:45:00+0200,0.0,MW,NL,NL,actual_onshore_wind_generation,Wind Onshore | Actual Consumption,2026-08-02T23:51:38Z
2026-08-02T23:49:28Z,2026-08-03T01:49:28+0200,65d3fff1-7125-472d-bbc3-1b240f9c8d5b,2026-07-20T16:00:00Z,2026-07-20T18:00:00+0200,237.944,MW,NL,NL,actual_onshore_wind_generation,Wind Onshore | Actual Aggregated,2026-08-02T23:51:38Z
2026-08-02T23:49:28Z,2026-08-03T01:49:28+0200,65d3fff1-7125-472d-bbc3-1b240f9c8d5b,2026-07-20T16:00:00Z,2026-07-20T18:00:00+0200,0.0,MW,NL,NL,actual_onshore_wind_generation,Wind Onshore | Actual Consumption,2026-08-02T23:51:38Z
2026-08-02T23:49:28Z,2026-08-03T01:49:28+0200,65d3fff1-7125-472d-bbc3-1b240f9c8d5b,2026-07-20T16:15:00Z,2026-07-20T18:15:00+0200,241.873,MW,NL,NL,actual_onshore_wind_generation,Wind Onshore | Actual Aggregated,2026-08-02T23:51:38Z
2026-08-02T23:49:28Z,2026-08-03T01:49:28+0200,65d3fff1-7125-472d-bbc3-1b240f9c8d5b,2026-07-20T16:15:00Z,2026-07-20T18:15:00+0200,0.0,MW,NL,NL,actual_onshore_wind_generation,Wind Onshore | Actual Consumption,2026-08-02T23:51:38Z
2026-08-02T23:49:28Z,2026-08-03T01:49:28+0200,65d3fff1-7125-472d-bbc3-1b240f9c8d5b,2026-07-20T16:30:00Z,2026-07-20T18:30:00+0200,277.235,MW,NL,NL,actual_onshore_wind_generation,Wind Onshore | Actual Aggregated,2026-08-02T23:51:38Z
2026-08-02T23:49:28Z,2026-08-03T01:49:28+0200,65d3fff1-7125-472d-bbc3-1b240f9c8d5b,2026-07-20T16:30:00Z,2026-07-20T18:30:00+0200,0.0,MW,NL,NL,actual_onshore_wind_generation,Wind Onshore | Actual Consumption,2026-08-02T23:51:38Z
2026-08-02T23:49:28Z,2026-08-03T01:49:28+0200,65d3fff1-7125-472d-bbc3-1b240f9c8d5b,2026-07-20T16:45:00Z,2026-07-20T18:45:00+0200,275.8,MW,NL,NL,actual_onshore_wind_generation,Wind Onshore | Actual Aggregated,2026-08-02T23:51:38Z
2026-08-02T23:49:28Z,2026-08-03T01:49:28+0200,65d3fff1-7125-472d-bbc3-1b240f9c8d5b,2026-07-20T16:45:00Z,2026-07-20T18:45:00+0200,0.0,MW,NL,NL,actual_onshore_wind_generation,Wind Onshore | Actual Consumption,2026-08-02T23:51:38Z
2026-08-02T23:49:28Z,2026-08-03T01:49:28+0200,65d3fff1-7125-472d-bbc3-1b240f9c8d5b,2026-07-20T17:00:00Z,2026-07-20T19:00:00+0200,258.494,MW,NL,NL,actual_onshore_wind_generation,Wind Onshore | Actual Aggregated,2026-08-02T23:51:38Z
2026-08-02T23:49:28Z,2026-08-03T01:49:28+0200,65d3fff1-7125-472d-bbc3-1b240f9c8d5b,2026-07-20T17:00:00Z,2026-07-20T19:00:00+0200,0.0,MW,NL,NL,actual_onshore_wind_generation,Wind Onshore | Actual Consumption,2026-08-02T23:51:38Z
2026-08-02T23:49:28Z,2026-08-03T01:49:28+0200,65d3fff1-7125-472d-bbc3-1b240f9c8d5b,2026-07-20T17:15:00Z,2026-07-20T19:15:00+0200,242.54,MW,NL,NL,actual_onshore_wind_generation,Wind Onshore | Actual Aggregated,2026-08-02T23:51:38Z
2026-08-02T23:49:28Z,2026-08-03T01:49:28+0200,65d3fff1-7125-472d-bbc3-1b240f9c8d5b,2026-07-20T17:15:00Z,2026-07-20T19:15:00+0200,0.0,MW,NL,NL,actual_onshore_wind_generation,Wind Onshore | Actual Consumption,2026-08-02T23:51:38Z
2026-08-02T23:49:28Z,2026-08-03T01:49:28+0200,65d3fff1-7125-472d-bbc3-1b240f9c8d5b,2026-07-20T17:30:00Z,2026-07-20T19:30:00+0200,243.084,MW,NL,NL,actual_onshore_wind_generation,Wind Onshore | Actual Aggregated,2026-08-02T23:51:38Z
2026-08-02T23:49:28Z,2026-08-03T01:49:28+0200,65d3fff1-7125-472d-bbc3-1b240f9c8d5b,2026-07-20T17:30:00Z,2026-07-20T19:30:00+0200,0.0,MW,NL,NL,actual_onshore_wind_generation,Wind Onshore | Actual Consumption,2026-08-02T23:51:38Z
2026-08-02T23:49:28Z,2026-08-03T01:49:28+0200,65d3fff1-7125-472d-bbc3-1b240f9c8d5b,2026-07-20T17:45:00Z,2026-07-20T19:45:00+0200,235.585,MW,NL,NL,actual_onshore_wind_generation,Wind Onshore | Actual Aggregated,2026-08-02T23:51:38Z
2026-08-02T23:49:28Z,2026-08-03T01:49:28+0200,65d3fff1-7125-472d-bbc3-1b240f9c8d5b,2026-07-20T17:45:00Z,2026-07-20T19:45:00+0200,0.0,MW,NL,NL,actual_onshore_wind_generation,Wind Onshore | Actual Consumption,2026-08-02T23:51:38Z
2026-08-02T23:49:28Z,2026-08-03T01:49:28+0200,65d3fff1-7125-472d-bbc3-1b240f9c8d5b,2026-07-20T18:00:00Z,2026-07-20T20:00:00+0200,233.719,MW,NL,NL,actual_onshore_wind_generation,Wind Onshore | Actual Aggregated,2026-08-02T23:51:38Z
2026-08-02T23:49:28Z,2026-08-03T01:49:28+0200,65d3fff1-7125-472d-bbc3-1b240f9c8d5b,2026-07-20T18:00:00Z,2026-07-20T20:00:00+0200,0.0,MW,NL,NL,actual_onshore_wind_generation,Wind Onshore | Actual Consumption,2026-08-02T23:51:38Z
2026-08-02T23:49:28Z,2026-08-03T01:49:28+0200,65d3fff1-7125-472d-bbc3-1b240f9c8d5b,2026-07-20T18:15:00Z,2026-07-20T20:15:00+0200,224.818,MW,NL,NL,actual_onshore_wind_generation,Wind Onshore | Actual Aggregated,2026-08-02T23:51:38Z
2026-08-02T23:49:28Z,2026-08-03T01:49:28+0200,65d3fff1-7125-472d-bbc3-1b240f9c8d5b,2026-07-20T18:15:00Z,2026-07-20T20:15:00+0200,0.0,MW,NL,NL,actual_onshore_wind_generation,Wind Onshore | Actual Consumption,2026-08-02T23:51:38Z
2026-08-02T23:49:28Z,2026-08-03T01:49:28+0200,65d3fff1-7125-472d-bbc3-1b240f9c8d5b,2026-07-20T18:30:00Z,2026-07-20T20:30:00+0200,215.297,MW,NL,NL,actual_onshore_wind_generation,Wind Onshore | Actual Aggregated,2026-08-02T23:51:38Z
2026-08-02T23:49:28Z,2026-08-03T01:49:28+0200,65d3fff1-7125-472d-bbc3-1b240f9c8d5b,2026-07-20T18:30:00Z,2026-07-20T20:30:00+0200,0.0,MW,NL,NL,actual_onshore_wind_generation,Wind Onshore | Actual Consumption,2026-08-02T23:51:38Z
2026-08-02T23:49:28Z,2026-08-03T01:49:28+0200,65d3fff1-7125-472d-bbc3-1b240f9c8d5b,2026-07-20T18:45:00Z,2026-07-20T20:45:00+0200,209.064,MW,NL,NL,actual_onshore_wind_generation,Wind Onshore | Actual Aggregated,2026-08-02T23:51:38Z
2026-08-02T23:49:28Z,2026-08-03T01:49:28+0200,65d3fff1-7125-472d-bbc3-1b240f9c8d5b,2026-07-20T18:45:00Z,2026-07-20T20:45:00+0200,0.0,MW,NL,NL,actual_onshore_wind_generation,Wind Onshore | Actual Consumption,2026-08-02T23:51:38Z
2026-08-02T23:49:28Z,2026-08-03T01:49:28+0200,65d3fff1-7125-472d-bbc3-1b240f9c8d5b,2026-07-20T19:00:00Z,2026-07-20T21:00:00+0200,181.417,MW,NL,NL,actual_onshore_wind_generation,Wind Onshore | Actual Aggregated,2026-08-02T23:51:38Z
2026-08-02T23:49:28Z,2026-08-03T01:49:28+0200,65d3fff1-7125-472d-bbc3-1b240f9c8d5b,2026-07-20T19:00:00Z,2026-07-20T21:00:00+0200,0.0,MW,NL,NL,actual_onshore_wind_generation,Wind Onshore | Actual Consumption,2026-08-02T23:51:38Z
2026-08-02T23:49:28Z,2026-08-03T01:49:28+0200,65d3fff1-7125-472d-bbc3-1b240f9c8d5b,2026-07-20T19:15:00Z,2026-07-20T21:15:00+0200,181.498,MW,NL,NL,actual_onshore_wind_generation,Wind Onshore | Actual Aggregated,2026-08-02T23:51:38Z
2026-08-02T23:49:28Z,2026-08-03T01:49:28+0200,65d3fff1-7125-472d-bbc3-1b240f9c8d5b,2026-07-20T19:15:00Z,2026-07-20T21:15:00+0200,0.0,MW,NL,NL,actual_onshore_wind_generation,Wind Onshore | Actual Consumption,2026-08-02T23:51:38Z
2026-08-02T23:49:28Z,2026-08-03T01:49:28+0200,65d3fff1-7125-472d-bbc3-1b240f9c8d5b,2026-07-20T19:30:00Z,2026-07-20T21:30:00+0200,175.971,MW,NL,NL,actual_onshore_wind_generation,Wind Onshore | Actual Aggregated,2026-08-02T23:51:38Z
2026-08-02T23:49:28Z,2026-08-03T01:49:28+0200,65d3fff1-7125-472d-bbc3-1b240f9c8d5b,2026-07-20T19:30:00Z,2026-07-20T21:30:00+0200,0.0,MW,NL,NL,actual_onshore_wind_generation,Wind Onshore | Actual Consumption,2026-08-02T23:51:38Z
2026-08-02T23:49:28Z,2026-08-03T01:49:28+0200,65d3fff1-7125-472d-bbc3-1b240f9c8d5b,2026-07-20T19:45:00Z,2026-07-20T21:45:00+0200,182.402,MW,NL,NL,actual_onshore_wind_generation,Wind Onshore | Actual Aggregated,2026-08-02T23:51:38Z
2026-08-02T23:49:28Z,2026-08-03T01:49:28+0200,65d3fff1-7125-472d-bbc3-1b240f9c8d5b,2026-07-20T19:45:00Z,2026-07-20T21:45:00+0200,0.0,MW,NL,NL,actual_onshore_wind_generation,Wind Onshore | Actual Consumption,2026-08-02T23:51:38Z
2026-08-02T23:49:28Z,2026-08-03T01:49:28+0200,65d3fff1-7125-472d-bbc3-1b240f9c8d5b,2026-07-20T20:00:00Z,2026-07-20T22:00:00+0200,175.376,MW,NL,NL,actual_onshore_wind_generation,Wind Onshore | Actual Aggregated,2026-08-02T23:51:38Z
2026-08-02T23:49:28Z,2026-08-03T01:49:28+0200,65d3fff1-7125-472d-bbc3-1b240f9c8d5b,2026-07-20T20:00:00Z,2026-07-20T22:00:00+0200,0.0,MW,NL,NL,actual_onshore_wind_generation,Wind Onshore | Actual Consumption,2026-08-02T23:51:38Z
2026-08-02T23:49:28Z,2026-08-03T01:49:28+0200,65d3fff1-7125-472d-bbc3-1b240f9c8d5b,2026-07-20T20:15:00Z,2026-07-20T22:15:00+0200,175.746,MW,NL,NL,actual_onshore_wind_generation,Wind Onshore | Actual Aggregated,2026-08-02T23:51:38Z
2026-08-02T23:49:28Z,2026-08-03T01:49:28+0200,65d3fff1-7125-472d-bbc3-1b240f9c8d5b,2026-07-20T20:15:00Z,2026-07-20T22:15:00+0200,0.0,MW,NL,NL,actual_onshore_wind_generation,Wind Onshore | Actual Consumption,2026-08-02T23:51:38Z
2026-08-02T23:49:28Z,2026-08-03T01:49:28+0200,65d3fff1-7125-472d-bbc3-1b240f9c8d5b,2026-07-20T20:30:00Z,2026-07-20T22:30:00+0200,155.882,MW,NL,NL,actual_onshore_wind_generation,Wind Onshore | Actual Aggregated,2026-08-02T23:51:38Z
2026-08-02T23:49:28Z,2026-08-03T01:49:28+0200,65d3fff1-7125-472d-bbc3-1b240f9c8d5b,2026-07-20T20:30:00Z,2026-07-20T22:30:00+0200,0.0,MW,NL,NL,actual_onshore_wind_generation,Wind Onshore | Actual Consumption,2026-08-02T23:51:38Z
2026-08-02T23:49:28Z,2026-08-03T01:49:28+0200,65d3fff1-7125-472d-bbc3-1b240f9c8d5b,2026-07-20T20:45:00Z,2026-07-20T22:45:00+0200,144.455,MW,NL,NL,actual_onshore_wind_generation,Wind Onshore | Actual Aggregated,2026-08-02T23:51:38Z
2026-08-02T23:49:28Z,2026-08-03T01:49:28+0200,65d3fff1-7125-472d-bbc3-1b240f9c8d5b,2026-07-20T20:45:00Z,2026-07-20T22:45:00+0200,0.0,MW,NL,NL,actual_onshore_wind_generation,Wind Onshore | Actual Consumption,2026-08-02T23:51:38Z
2026-08-02T23:49:28Z,2026-08-03T01:49:28+0200,65d3fff1-7125-472d-bbc3-1b240f9c8d5b,2026-07-20T21:00:00Z,2026-07-20T23:00:00+0200,129.185,MW,NL,NL,actual_onshore_wind_generation,Wind Onshore | Actual Aggregated,2026-08-02T23:51:38Z
2026-08-02T23:49:28Z,2026-08-03T01:49:28+0200,65d3fff1-7125-472d-bbc3-1b240f9c8d5b,2026-07-20T21:00:00Z,2026-07-20T23:00:00+0200,0.0,MW,NL,NL,actual_onshore_wind_generation,Wind Onshore | Actual Consumption,2026-08-02T23:51:38Z
2026-08-02T23:49:28Z,2026-08-03T01:49:28+0200,65d3fff1-7125-472d-bbc3-1b240f9c8d5b,2026-07-20T21:15:00Z,2026-07-20T23:15:00+0200,118.479,MW,NL,NL,actual_onshore_wind_generation,Wind Onshore | Actual Aggregated,2026-08-02T23:51:38Z
2026-08-02T23:49:28Z,2026-08-03T01:49:28+0200,65d3fff1-7125-472d-bbc3-1b240f9c8d5b,2026-07-20T21:15:00Z,2026-07-20T23:15:00+0200,0.0,MW,NL,NL,actual_onshore_wind_generation,Wind Onshore | Actual Consumption,2026-08-02T23:51:38Z
2026-08-02T23:49:28Z,2026-08-03T01:49:28+0200,65d3fff1-7125-472d-bbc3-1b240f9c8d5b,2026-07-20T21:30:00Z,2026-07-20T23:30:00+0200,115.223,MW,NL,NL,actual_onshore_wind_generation,Wind Onshore | Actual Aggregated,2026-08-02T23:51:38Z
2026-08-02T23:49:28Z,2026-08-03T01:49:28+0200,65d3fff1-7125-472d-bbc3-1b240f9c8d5b,2026-07-20T21:30:00Z,2026-07-20T23:30:00+0200,0.0,MW,NL,NL,actual_onshore_wind_generation,Wind Onshore | Actual Consumption,2026-08-02T23:51:38Z
2026-08-02T23:49:28Z,2026-08-03T01:49:28+0200,65d3fff1-7125-472d-bbc3-1b240f9c8d5b,2026-07-20T21:45:00Z,2026-07-20T23:45:00+0200,114.384,MW,NL,NL,actual_onshore_wind_generation,Wind Onshore | Actual Aggregated,2026-08-02T23:51:38Z
2026-08-02T23:49:28Z,2026-08-03T01:49:28+0200,65d3fff1-7125-472d-bbc3-1b240f9c8d5b,2026-07-20T21:45:00Z,2026-07-20T23:45:00+0200,0.0,MW,NL,NL,actual_onshore_wind_generation,Wind Onshore | Actual Consumption,2026-08-02T23:51:38Z
2026-08-02T23:49:28Z,2026-08-03T01:49:28+0200,65d3fff1-7125-472d-bbc3-1b240f9c8d5b,2026-07-20T22:00:00Z,2026-07-21T00:00:00+0200,104.057,MW,NL,NL,actual_onshore_wind_generation,Wind Onshore | Actual Aggregated,2026-08-02T23:51:38Z
2026-08-02T23:49:28Z,2026-08-03T01:49:28+0200,65d3fff1-7125-472d-bbc3-1b240f9c8d5b,2026-07-20T22:00:00Z,2026-07-21T00:00:00+0200,0.0,MW,NL,NL,actual_onshore_wind_generation,Wind Onshore | Actual Consumption,2026-08-02T23:51:38Z
2026-08-02T23:49:28Z,2026-08-03T01:49:28+0200,65d3fff1-7125-472d-bbc3-1b240f9c8d5b,2026-07-20T22:15:00Z,2026-07-21T00:15:00+0200,86.384,MW,NL,NL,actual_onshore_wind_generation,Wind Onshore | Actual Aggregated,2026-08-02T23:51:38Z
2026-08-02T23:49:28Z,2026-08-03T01:49:28+0200,65d3fff1-7125-472d-bbc3-1b240f9c8d5b,2026-07-20T22:15:00Z,2026-07-21T00:15:00+0200,0.0,MW,NL,NL,actual_onshore_wind_generation,Wind Onshore | Actual Consumption,2026-08-02T23:51:38Z
2026-08-02T23:49:28Z,2026-08-03T01:49:28+0200,65d3fff1-7125-472d-bbc3-1b240f9c8d5b,2026-07-20T22:30:00Z,2026-07-21T00:30:00+0200,74.798,MW,NL,NL,actual_onshore_wind_generation,Wind Onshore | Actual Aggregated,2026-08-02T23:51:38Z
2026-08-02T23:49:28Z,2026-08-03T01:49:28+0200,65d3fff1-7125-472d-bbc3-1b240f9c8d5b,2026-07-20T22:30:00Z,2026-07-21T00:30:00+0200,0.0,MW,NL,NL,actual_onshore_wind_generation,Wind Onshore | Actual Consumption,2026-08-02T23:51:38Z
2026-08-02T23:49:28Z,2026-08-03T01:49:28+0200,65d3fff1-7125-472d-bbc3-1b240f9c8d5b,2026-07-20T22:45:00Z,2026-07-21T00:45:00+0200,76.976,MW,NL,NL,actual_onshore_wind_generation,Wind Onshore | Actual Aggregated,2026-08-02T23:51:38Z
2026-08-02T23:49:28Z,2026-08-03T01:49:28+0200,65d3fff1-7125-472d-bbc3-1b240f9c8d5b,2026-07-20T22:45:00Z,2026-07-21T00:45:00+0200,0.478,MW,NL,NL,actual_onshore_wind_generation,Wind Onshore | Actual Consumption,2026-08-02T23:51:38Z
2026-08-02T23:49:28Z,2026-08-03T01:49:28+0200,65d3fff1-7125-472d-bbc3-1b240f9c8d5b,2026-07-20T23:00:00Z,2026-07-21T01:00:00+0200,81.698,MW,NL,NL,actual_onshore_wind_generation,Wind Onshore | Actual Aggregated,2026-08-02T23:51:38Z
2026-08-02T23:49:28Z,2026-08-03T01:49:28+0200,65d3fff1-7125-472d-bbc3-1b240f9c8d5b,2026-07-20T23:00:00Z,2026-07-21T01:00:00+0200,0.251,MW,NL,NL,actual_onshore_wind_generation,Wind Onshore | Actual Consumption,2026-08-02T23:51:38Z
2026-08-02T23:49:28Z,2026-08-03T01:49:28+0200,65d3fff1-7125-472d-bbc3-1b240f9c8d5b,2026-07-20T23:15:00Z,2026-07-21T01:15:00+0200,71.09,MW,NL,NL,actual_onshore_wind_generation,Wind Onshore | Actual Aggregated,2026-08-02T23:51:38Z
2026-08-02T23:49:28Z,2026-08-03T01:49:28+0200,65d3fff1-7125-472d-bbc3-1b240f9c8d5b,2026-07-20T23:15:00Z,2026-07-21T01:15:00+0200,0.635,MW,NL,NL,actual_onshore_wind_generation,Wind Onshore | Actual Consumption,2026-08-02T23:51:38Z
2026-08-02T23:49:28Z,2026-08-03T01:49:28+0200,65d3fff1-7125-472d-bbc3-1b240f9c8d5b,2026-07-20T23:30:00Z,2026-07-21T01:30:00+0200,68.46,MW,NL,NL,actual_onshore_wind_generation,Wind Onshore | Actual Aggregated,2026-08-02T23:51:38Z
2026-08-02T23:49:28Z,2026-08-03T01:49:28+0200,65d3fff1-7125-472d-bbc3-1b240f9c8d5b,2026-07-20T23:30:00Z,2026-07-21T01:30:00+0200,0.836,MW,NL,NL,actual_onshore_wind_generation,Wind Onshore | Actual Consumption,2026-08-02T23:51:38Z
2026-08-02T23:49:28Z,2026-08-03T01:49:28+0200,65d3fff1-7125-472d-bbc3-1b240f9c8d5b,2026-07-20T23:45:00Z,2026-07-21T01:45:00+0200,70.668,MW,NL,NL,actual_onshore_wind_generation,Wind Onshore | Actual Aggregated,2026-08-02T23:51:38Z
2026-08-02T23:49:28Z,2026-08-03T01:49:28+0200,65d3fff1-7125-472d-bbc3-1b240f9c8d5b,2026-07-20T23:45:00Z,2026-07-21T01:45:00+0200,0.8,MW,NL,NL,actual_onshore_wind_generation,Wind Onshore | Actual Consumption,2026-08-02T23:51:38Z
2026-08-02T23:49:28Z,2026-08-03T01:49:28+0200,65d3fff1-7125-472d-bbc3-1b240f9c8d5b,2026-07-21T00:00:00Z,2026-07-21T02:00:00+0200,59.574,MW,NL,NL,actual_onshore_wind_generation,Wind Onshore | Actual Aggregated,2026-08-02T23:51:38Z
2026-08-02T23:49:28Z,2026-08-03T01:49:28+0200,65d3fff1-7125-472d-bbc3-1b240f9c8d5b,2026-07-21T00:00:00Z,2026-07-21T02:00:00+0200,0.991,MW,NL,NL,actual_onshore_wind_generation,Wind Onshore | Actual Consumption,2026-08-02T23:51:38Z
2026-08-02T23:49:28Z,2026-08-03T01:49:28+0200,65d3fff1-7125-472d-bbc3-1b240f9c8d5b,2026-07-21T00:15:00Z,2026-07-21T02:15:00+0200,59.036,MW,NL,NL,actual_onshore_wind_generation,Wind Onshore | Actual Aggregated,2026-08-02T23:51:38Z
2026-08-02T23:49:28Z,2026-08-03T01:49:28+0200,65d3fff1-7125-472d-bbc3-1b240f9c8d5b,2026-07-21T00:15:00Z,2026-07-21T02:15:00+0200,1.243,MW,NL,NL,actual_onshore_wind_generation,Wind Onshore | Actual Consumption,2026-08-02T23:51:38Z
2026-08-02T23:49:28Z,2026-08-03T01:49:28+0200,65d3fff1-7125-472d-bbc3-1b240f9c8d5b,2026-07-21T00:30:00Z,2026-07-21T02:30:00+0200,53.864,MW,NL,NL,actual_onshore_wind_generation,Wind Onshore | Actual Aggregated,2026-08-02T23:51:38Z
2026-08-02T23:49:28Z,2026-08-03T01:49:28+0200,65d3fff1-7125-472d-bbc3-1b240f9c8d5b,2026-07-21T00:30:00Z,2026-07-21T02:30:00+0200,0.864,MW,NL,NL,actual_onshore_wind_generation,Wind Onshore | Actual Consumption,2026-08-02T23:51:38Z
2026-08-02T23:49:28Z,2026-08-03T01:49:28+0200,65d3fff1-7125-472d-bbc3-1b240f9c8d5b,2026-07-21T00:45:00Z,2026-07-21T02:45:00+0200,58.015,MW,NL,NL,actual_onshore_wind_generation,Wind Onshore | Actual Aggregated,2026-08-02T23:51:38Z
2026-08-02T23:49:28Z,2026-08-03T01:49:28+0200,65d3fff1-7125-472d-bbc3-1b240f9c8d5b,2026-07-21T00:45:00Z,2026-07-21T02:45:00+0200,0.87,MW,NL,NL,actual_onshore_wind_generation,Wind Onshore | Actual Consumption,2026-08-02T23:51:38Z
2026-08-02T23:49:28Z,2026-08-03T01:49:28+0200,65d3fff1-7125-472d-bbc3-1b240f9c8d5b,2026-07-21T01:00:00Z,2026-07-21T03:00:00+0200,65.798,MW,NL,NL,actual_onshore_wind_generation,Wind Onshore | Actual Aggregated,2026-08-02T23:51:38Z
2026-08-02T23:49:28Z,2026-08-03T01:49:28+0200,65d3fff1-7125-472d-bbc3-1b240f9c8d5b,2026-07-21T01:00:00Z,2026-07-21T03:00:00+0200,1.048,MW,NL,NL,actual_onshore_wind_generation,Wind Onshore | Actual Consumption,2026-08-02T23:51:38Z
2026-08-02T23:49:28Z,2026-08-03T01:49:28+0200,65d3fff1-7125-472d-bbc3-1b240f9c8d5b,2026-07-21T01:15:00Z,2026-07-21T03:15:00+0200,74.095,MW,NL,NL,actual_onshore_wind_generation,Wind Onshore | Actual Aggregated,2026-08-02T23:51:38Z
2026-08-02T23:49:28Z,2026-08-03T01:49:28+0200,65d3fff1-7125-472d-bbc3-1b240f9c8d5b,2026-07-21T01:15:00Z,2026-07-21T03:15:00+0200,1.275,MW,NL,NL,actual_onshore_wind_generation,Wind Onshore | Actual Consumption,2026-08-02T23:51:38Z
2026-08-02T23:49:28Z,2026-08-03T01:49:28+0200,65d3fff1-7125-472d-bbc3-1b240f9c8d5b,2026-07-21T01:30:00Z,2026-07-21T03:30:00+0200,74.858,MW,NL,NL,actual_onshore_wind_generation,Wind Onshore | Actual Aggregated,2026-08-02T23:51:38Z
2026-08-02T23:49:28Z,2026-08-03T01:49:28+0200,65d3fff1-7125-472d-bbc3-1b240f9c8d5b,2026-07-21T01:30:00Z,2026-07-21T03:30:00+0200,1.43,MW,NL,NL,actual_onshore_wind_generation,Wind Onshore | Actual Consumption,2026-08-02T23:51:38Z
2026-08-02T23:49:28Z,2026-08-03T01:49:28+0200,65d3fff1-7125-472d-bbc3-1b240f9c8d5b,2026-07-21T01:45:00Z,2026-07-21T03:45:00+0200,74.678,MW,NL,NL,actual_onshore_wind_generation,Wind Onshore | Actual Aggregated,2026-08-02T23:51:38Z
2026-08-02T23:49:28Z,2026-08-03T01:49:28+0200,65d3fff1-7125-472d-bbc3-1b240f9c8d5b,2026-07-21T01:45:00Z,2026-07-21T03:45:00+0200,1.395,MW,NL,NL,actual_onshore_wind_generation,Wind Onshore | Actual Consumption,2026-08-02T23:51:38Z
2026-08-02T23:49:28Z,2026-08-03T01:49:28+0200,65d3fff1-7125-472d-bbc3-1b240f9c8d5b,2026-07-21T02:00:00Z,2026-07-21T04:00:00+0200,78.999,MW,NL,NL,actual_onshore_wind_generation,Wind Onshore | Actual Aggregated,2026-08-02T23:51:38Z
2026-08-02T23:49:28Z,2026-08-03T01:49:28+0200,65d3fff1-7125-472d-bbc3-1b240f9c8d5b,2026-07-21T02:00:00Z,2026-07-21T04:00:00+0200,1.596,MW,NL,NL,actual_onshore_wind_generation,Wind Onshore | Actual Consumption,2026-08-02T23:51:38Z
2026-08-02T23:49:28Z,2026-08-03T01:49:28+0200,65d3fff1-7125-472d-bbc3-1b240f9c8d5b,2026-07-21T02:15:00Z,2026-07-21T04:15:00+0200,85.651,MW,NL,NL,actual_onshore_wind_generation,Wind Onshore | Actual Aggregated,2026-08-02T23:51:38Z
2026-08-02T23:49:28Z,2026-08-03T01:49:28+0200,65d3fff1-7125-472d-bbc3-1b240f9c8d5b,2026-07-21T02:15:00Z,2026-07-21T04:15:00+0200,1.395,MW,NL,NL,actual_onshore_wind_generation,Wind Onshore | Actual Consumption,2026-08-02T23:51:38Z
2026-08-02T23:49:28Z,2026-08-03T01:49:28+0200,65d3fff1-7125-472d-bbc3-1b240f9c8d5b,2026-07-21T02:30:00Z,2026-07-21T04:30:00+0200,93.143,MW,NL,NL,actual_onshore_wind_generation,Wind Onshore | Actual Aggregated,2026-08-02T23:51:38Z
2026-08-02T23:49:28Z,2026-08-03T01:49:28+0200,65d3fff1-7125-472d-bbc3-1b240f9c8d5b,2026-07-21T02:30:00Z,2026-07-21T04:30:00+0200,1.593,MW,NL,NL,actual_onshore_wind_generation,Wind Onshore | Actual Consumption,2026-08-02T23:51:38Z
2026-08-02T23:49:28Z,2026-08-03T01:49:28+0200,65d3fff1-7125-472d-bbc3-1b240f9c8d5b,2026-07-21T02:45:00Z,2026-07-21T04:45:00+0200,96.27,MW,NL,NL,actual_onshore_wind_generation,Wind Onshore | Actual Aggregated,2026-08-02T23:51:38Z
2026-08-02T23:49:28Z,2026-08-03T01:49:28+0200,65d3fff1-7125-472d-bbc3-1b240f9c8d5b,2026-07-21T02:45:00Z,2026-07-21T04:45:00+0200,1.984,MW,NL,NL,actual_onshore_wind_generation,Wind Onshore | Actual Consumption,2026-08-02T23:51:38Z
2026-08-02T23:49:28Z,2026-08-03T01:49:28+0200,65d3fff1-7125-472d-bbc3-1b240f9c8d5b,2026-07-21T03:00:00Z,2026-07-21T05:00:00+0200,96.356,MW,NL,NL,actual_onshore_wind_generation,Wind Onshore | Actual Aggregated,2026-08-02T23:51:38Z
2026-08-02T23:49:28Z,2026-08-03T01:49:28+0200,65d3fff1-7125-472d-bbc3-1b240f9c8d5b,2026-07-21T03:00:00Z,2026-07-21T05:00:00+0200,1.862,MW,NL,NL,actual_onshore_wind_generation,Wind Onshore | Actual Consumption,2026-08-02T23:51:38Z
2026-08-02T23:49:28Z,2026-08-03T01:49:28+0200,65d3fff1-7125-472d-bbc3-1b240f9c8d5b,2026-07-21T03:15:00Z,2026-07-21T05:15:00+0200,90.559,MW,NL,NL,actual_onshore_wind_generation,Wind Onshore | Actual Aggregated,2026-08-02T23:51:38Z
2026-08-02T23:49:28Z,2026-08-03T01:49:28+0200,65d3fff1-7125-472d-bbc3-1b240f9c8d5b,2026-07-21T03:15:00Z,2026-07-21T05:15:00+0200,1.454,MW,NL,NL,actual_onshore_wind_generation,Wind Onshore | Actual Consumption,2026-08-02T23:51:38Z
2026-08-02T23:49:28Z,2026-08-03T01:49:28+0200,65d3fff1-7125-472d-bbc3-1b240f9c8d5b,2026-07-21T03:30:00Z,2026-07-21T05:30:00+0200,91.178,MW,NL,NL,actual_onshore_wind_generation,Wind Onshore | Actual Aggregated,2026-08-02T23:51:38Z
2026-08-02T23:49:28Z,2026-08-03T01:49:28+0200,65d3fff1-7125-472d-bbc3-1b240f9c8d5b,2026-07-21T03:30:00Z,2026-07-21T05:30:00+0200,1.326,MW,NL,NL,actual_onshore_wind_generation,Wind Onshore | Actual Consumption,2026-08-02T23:51:38Z
2026-08-02T23:49:28Z,2026-08-03T01:49:28+0200,65d3fff1-7125-472d-bbc3-1b240f9c8d5b,2026-07-21T03:45:00Z,2026-07-21T05:45:00+0200,97.803,MW,NL,NL,actual_onshore_wind_generation,Wind Onshore | Actual Aggregated,2026-08-02T23:51:38Z
2026-08-02T23:49:28Z,2026-08-03T01:49:28+0200,65d3fff1-7125-472d-bbc3-1b240f9c8d5b,2026-07-21T03:45:00Z,2026-07-21T05:45:00+0200,1.436,MW,NL,NL,actual_onshore_wind_generation,Wind Onshore | Actual Consumption,2026-08-02T23:51:38Z
2026-08-02T23:49:28Z,2026-08-03T01:49:28+0200,65d3fff1-7125-472d-bbc3-1b240f9c8d5b,2026-07-21T04:00:00Z,2026-07-21T06:00:00+0200,98.677,MW,NL,NL,actual_onshore_wind_generation,Wind Onshore | Actual Aggregated,2026-08-02T23:51:38Z
2026-08-02T23:49:28Z,2026-08-03T01:49:28+0200,65d3fff1-7125-472d-bbc3-1b240f9c8d5b,2026-07-21T04:00:00Z,2026-07-21T06:00:00+0200,1.174,MW,NL,NL,actual_onshore_wind_generation,Wind Onshore | Actual Consumption,2026-08-02T23:51:38Z
2026-08-02T23:49:28Z,2026-08-03T01:49:28+0200,65d3fff1-7125-472d-bbc3-1b240f9c8d5b,2026-07-21T04:15:00Z,2026-07-21T06:15:00+0200,90.127,MW,NL,NL,actual_onshore_wind_generation,Wind Onshore | Actual Aggregated,2026-08-02T23:51:38Z
2026-08-02T23:49:28Z,2026-08-03T01:49:28+0200,65d3fff1-7125-472d-bbc3-1b240f9c8d5b,2026-07-21T04:15:00Z,2026-07-21T06:15:00+0200,1.468,MW,NL,NL,actual_onshore_wind_generation,Wind Onshore | Actual Consumption,2026-08-02T23:51:38Z
2026-08-02T23:49:28Z,2026-08-03T01:49:28+0200,65d3fff1-7125-472d-bbc3-1b240f9c8d5b,2026-07-21T04:30:00Z,2026-07-21T06:30:00+0200,88.594,MW,NL,NL,actual_onshore_wind_generation,Wind Onshore | Actual Aggregated,2026-08-02T23:51:38Z
2026-08-02T23:49:28Z,2026-08-03T01:49:28+0200,65d3fff1-7125-472d-bbc3-1b240f9c8d5b,2026-07-21T04:30:00Z,2026-07-21T06:30:00+0200,1.478,MW,NL,NL,actual_onshore_wind_generation,Wind Onshore | Actual Consumption,2026-08-02T23:51:38Z
2026-08-02T23:49:28Z,2026-08-03T01:49:28+0200,65d3fff1-7125-472d-bbc3-1b240f9c8d5b,2026-07-21T04:45:00Z,2026-07-21T06:45:00+0200,78.832,MW,NL,NL,actual_onshore_wind_generation,Wind Onshore | Actual Aggregated,2026-08-02T23:51:38Z
2026-08-02T23:49:28Z,2026-08-03T01:49:28+0200,65d3fff1-7125-472d-bbc3-1b240f9c8d5b,2026-07-21T04:45:00Z,2026-07-21T06:45:00+0200,3.582,MW,NL,NL,actual_onshore_wind_generation,Wind Onshore | Actual Consumption,2026-08-02T23:51:38Z
2026-08-02T23:49:28Z,2026-08-03T01:49:28+0200,65d3fff1-7125-472d-bbc3-1b240f9c8d5b,2026-07-21T05:00:00Z,2026-07-21T07:00:00+0200,50.223,MW,NL,NL,actual_onshore_wind_generation,Wind Onshore | Actual Aggregated,2026-08-02T23:51:38Z
2026-08-02T23:49:28Z,2026-08-03T01:49:28+0200,65d3fff1-7125-472d-bbc3-1b240f9c8d5b,2026-07-21T05:00:00Z,2026-07-21T07:00:00+0200,3.381,MW,NL,NL,actual_onshore_wind_generation,Wind Onshore | Actual Consumption,2026-08-02T23:51:38Z
2026-08-02T23:49:28Z,2026-08-03T01:49:28+0200,65d3fff1-7125-472d-bbc3-1b240f9c8d5b,2026-07-21T05:15:00Z,2026-07-21T07:15:00+0200,48.726,MW,NL,NL,actual_onshore_wind_generation,Wind Onshore | Actual Aggregated,2026-08-02T23:51:38Z
2026-08-02T23:49:28Z,2026-08-03T01:49:28+0200,65d3fff1-7125-472d-bbc3-1b240f9c8d5b,2026-07-21T05:15:00Z,2026-07-21T07:15:00+0200,3.394,MW,NL,NL,actual_onshore_wind_generation,Wind Onshore | Actual Consumption,2026-08-02T23:51:38Z
2026-08-02T23:49:28Z,2026-08-03T01:49:28+0200,65d3fff1-7125-472d-bbc3-1b240f9c8d5b,2026-07-21T05:30:00Z,2026-07-21T07:30:00+0200,45.587,MW,NL,NL,actual_onshore_wind_generation,Wind Onshore | Actual Aggregated,2026-08-02T23:51:38Z
2026-08-02T23:49:28Z,2026-08-03T01:49:28+0200,65d3fff1-7125-472d-bbc3-1b240f9c8d5b,2026-07-21T05:30:00Z,2026-07-21T07:30:00+0200,1.804,MW,NL,NL,actual_onshore_wind_generation,Wind Onshore | Actual Consumption,2026-08-02T23:51:38Z
2026-08-02T23:49:28Z,2026-08-03T01:49:28+0200,65d3fff1-7125-472d-bbc3-1b240f9c8d5b,2026-07-21T05:45:00Z,2026-07-21T07:45:00+0200,40.058,MW,NL,NL,actual_onshore_wind_generation,Wind Onshore | Actual Aggregated,2026-08-02T23:51:38Z
2026-08-02T23:49:28Z,2026-08-03T01:49:28+0200,65d3fff1-7125-472d-bbc3-1b240f9c8d5b,2026-07-21T05:45:00Z,2026-07-21T07:45:00+0200,1.687,MW,NL,NL,actual_onshore_wind_generation,Wind Onshore | Actual Consumption,2026-08-02T23:51:38Z
2026-08-02T23:49:28Z,2026-08-03T01:49:28+0200,65d3fff1-7125-472d-bbc3-1b240f9c8d5b,2026-07-21T06:00:00Z,2026-07-21T08:00:00+0200,30.409,MW,NL,NL,actual_onshore_wind_generation,Wind Onshore | Actual Aggregated,2026-08-02T23:51:38Z
2026-08-02T23:49:28Z,2026-08-03T01:49:28+0200,65d3fff1-7125-472d-bbc3-1b240f9c8d5b,2026-07-21T06:00:00Z,2026-07-21T08:00:00+0200,1.579,MW,NL,NL,actual_onshore_wind_generation,Wind Onshore | Actual Consumption,2026-08-02T23:51:38Z
2026-08-02T23:49:28Z,2026-08-03T01:49:28+0200,65d3fff1-7125-472d-bbc3-1b240f9c8d5b,2026-07-21T06:15:00Z,2026-07-21T08:15:00+0200,27.118,MW,NL,NL,actual_onshore_wind_generation,Wind Onshore | Actual Aggregated,2026-08-02T23:51:38Z
2026-08-02T23:49:28Z,2026-08-03T01:49:28+0200,65d3fff1-7125-472d-bbc3-1b240f9c8d5b,2026-07-21T06:15:00Z,2026-07-21T08:15:00+0200,1.571,MW,NL,NL,actual_onshore_wind_generation,Wind Onshore | Actual Consumption,2026-08-02T23:51:38Z
2026-08-02T23:49:28Z,2026-08-03T01:49:28+0200,65d3fff1-7125-472d-bbc3-1b240f9c8d5b,2026-07-21T06:30:00Z,2026-07-21T08:30:00+0200,24.553,MW,NL,NL,actual_onshore_wind_generation,Wind Onshore | Actual Aggregated,2026-08-02T23:51:38Z
2026-08-02T23:49:28Z,2026-08-03T01:49:28+0200,65d3fff1-7125-472d-bbc3-1b240f9c8d5b,2026-07-21T06:30:00Z,2026-07-21T08:30:00+0200,1.701,MW,NL,NL,actual_onshore_wind_generation,Wind Onshore | Actual Consumption,2026-08-02T23:51:38Z
2026-08-02T23:49:28Z,2026-08-03T01:49:28+0200,65d3fff1-7125-472d-bbc3-1b240f9c8d5b,2026-07-21T06:45:00Z,2026-07-21T08:45:00+0200,21.386,MW,NL,NL,actual_onshore_wind_generation,Wind Onshore | Actual Aggregated,2026-08-02T23:51:38Z
2026-08-02T23:49:28Z,2026-08-03T01:49:28+0200,65d3fff1-7125-472d-bbc3-1b240f9c8d5b,2026-07-21T06:45:00Z,2026-07-21T08:45:00+0200,1.415,MW,NL,NL,actual_onshore_wind_generation,Wind Onshore | Actual Consumption,2026-08-02T23:51:38Z
2026-08-02T23:49:28Z,2026-08-03T01:49:28+0200,65d3fff1-7125-472d-bbc3-1b240f9c8d5b,2026-07-21T07:00:00Z,2026-07-21T09:00:00+0200,22.184,MW,NL,NL,actual_onshore_wind_generation,Wind Onshore | Actual Aggregated,2026-08-02T23:51:38Z
2026-08-02T23:49:28Z,2026-08-03T01:49:28+0200,65d3fff1-7125-472d-bbc3-1b240f9c8d5b,2026-07-21T07:00:00Z,2026-07-21T09:00:00+0200,1.435,MW,NL,NL,actual_onshore_wind_generation,Wind Onshore | Actual Consumption,2026-08-02T23:51:38Z
2026-08-02T23:49:28Z,2026-08-03T01:49:28+0200,65d3fff1-7125-472d-bbc3-1b240f9c8d5b,2026-07-21T07:15:00Z,2026-07-21T09:15:00+0200,17.19,MW,NL,NL,actual_onshore_wind_generation,Wind Onshore | Actual Aggregated,2026-08-02T23:51:38Z
2026-08-02T23:49:28Z,2026-08-03T01:49:28+0200,65d3fff1-7125-472d-bbc3-1b240f9c8d5b,2026-07-21T07:15:00Z,2026-07-21T09:15:00+0200,1.19,MW,NL,NL,actual_onshore_wind_generation,Wind Onshore | Actual Consumption,2026-08-02T23:51:38Z
2026-08-02T23:49:28Z,2026-08-03T01:49:28+0200,65d3fff1-7125-472d-bbc3-1b240f9c8d5b,2026-07-21T07:30:00Z,2026-07-21T09:30:00+0200,16.027,MW,NL,NL,actual_onshore_wind_generation,Wind Onshore | Actual Aggregated,2026-08-02T23:51:38Z
2026-08-02T23:49:28Z,2026-08-03T01:49:28+0200,65d3fff1-7125-472d-bbc3-1b240f9c8d5b,2026-07-21T07:30:00Z,2026-07-21T09:30:00+0200,0.899,MW,NL,NL,actual_onshore_wind_generation,Wind Onshore | Actual Consumption,2026-08-02T23:51:38Z
2026-08-02T23:49:28Z,2026-08-03T01:49:28+0200,65d3fff1-7125-472d-bbc3-1b240f9c8d5b,2026-07-21T07:45:00Z,2026-07-21T09:45:00+0200,17.558,MW,NL,NL,actual_onshore_wind_generation,Wind Onshore | Actual Aggregated,2026-08-02T23:51:38Z
2026-08-02T23:49:28Z,2026-08-03T01:49:28+0200,65d3fff1-7125-472d-bbc3-1b240f9c8d5b,2026-07-21T07:45:00Z,2026-07-21T09:45:00+0200,0.446,MW,NL,NL,actual_onshore_wind_generation,Wind Onshore | Actual Consumption,2026-08-02T23:51:38Z
2026-08-02T23:49:28Z,2026-08-03T01:49:28+0200,65d3fff1-7125-472d-bbc3-1b240f9c8d5b,2026-07-21T08:00:00Z,2026-07-21T10:00:00+0200,15.488,MW,NL,NL,actual_onshore_wind_generation,Wind Onshore | Actual Aggregated,2026-08-02T23:51:38Z
2026-08-02T23:49:28Z,2026-08-03T01:49:28+0200,65d3fff1-7125-472d-bbc3-1b240f9c8d5b,2026-07-21T08:00:00Z,2026-07-21T10:00:00+0200,0.0,MW,NL,NL,actual_onshore_wind_generation,Wind Onshore | Actual Consumption,2026-08-02T23:51:38Z
2026-08-02T23:49:28Z,2026-08-03T01:49:28+0200,65d3fff1-7125-472d-bbc3-1b240f9c8d5b,2026-07-21T08:15:00Z,2026-07-21T10:15:00+0200,17.302,MW,NL,NL,actual_onshore_wind_generation,Wind Onshore | Actual Aggregated,2026-08-02T23:51:38Z
2026-08-02T23:49:28Z,2026-08-03T01:49:28+0200,65d3fff1-7125-472d-bbc3-1b240f9c8d5b,2026-07-21T08:15:00Z,2026-07-21T10:15:00+0200,0.0,MW,NL,NL,actual_onshore_wind_generation,Wind Onshore | Actual Consumption,2026-08-02T23:51:38Z
2026-08-02T23:49:28Z,2026-08-03T01:49:28+0200,65d3fff1-7125-472d-bbc3-1b240f9c8d5b,2026-07-21T08:30:00Z,2026-07-21T10:30:00+0200,16.083,MW,NL,NL,actual_onshore_wind_generation,Wind Onshore | Actual Aggregated,2026-08-02T23:51:38Z
2026-08-02T23:49:28Z,2026-08-03T01:49:28+0200,65d3fff1-7125-472d-bbc3-1b240f9c8d5b,2026-07-21T08:30:00Z,2026-07-21T10:30:00+0200,0.0,MW,NL,NL,actual_onshore_wind_generation,Wind Onshore | Actual Consumption,2026-08-02T23:51:38Z
2026-08-02T23:49:28Z,2026-08-03T01:49:28+0200,65d3fff1-7125-472d-bbc3-1b240f9c8d5b,2026-07-21T08:45:00Z,2026-07-21T10:45:00+0200,15.507,MW,NL,NL,actual_onshore_wind_generation,Wind Onshore | Actual Aggregated,2026-08-02T23:51:38Z
2026-08-02T23:49:28Z,2026-08-03T01:49:28+0200,65d3fff1-7125-472d-bbc3-1b240f9c8d5b,2026-07-21T08:45:00Z,2026-07-21T10:45:00+0200,0.0,MW,NL,NL,actual_onshore_wind_generation,Wind Onshore | Actual Consumption,2026-08-02T23:51:38Z
2026-08-02T23:49:28Z,2026-08-03T01:49:28+0200,65d3fff1-7125-472d-bbc3-1b240f9c8d5b,2026-07-21T09:00:00Z,2026-07-21T11:00:00+0200,22.557,MW,NL,NL,actual_onshore_wind_generation,Wind Onshore | Actual Aggregated,2026-08-02T23:51:38Z
2026-08-02T23:49:28Z,2026-08-03T01:49:28+0200,65d3fff1-7125-472d-bbc3-1b240f9c8d5b,2026-07-21T09:00:00Z,2026-07-21T11:00:00+0200,0.0,MW,NL,NL,actual_onshore_wind_generation,Wind Onshore | Actual Consumption,2026-08-02T23:51:38Z
2026-08-02T23:49:28Z,2026-08-03T01:49:28+0200,65d3fff1-7125-472d-bbc3-1b240f9c8d5b,2026-07-21T09:15:00Z,2026-07-21T11:15:00+0200,27.403,MW,NL,NL,actual_onshore_wind_generation,Wind Onshore | Actual Aggregated,2026-08-02T23:51:38Z
2026-08-02T23:49:28Z,2026-08-03T01:49:28+0200,65d3fff1-7125-472d-bbc3-1b240f9c8d5b,2026-07-21T09:15:00Z,2026-07-21T11:15:00+0200,0.0,MW,NL,NL,actual_onshore_wind_generation,Wind Onshore | Actual Consumption,2026-08-02T23:51:38Z
2026-08-02T23:49:28Z,2026-08-03T01:49:28+0200,65d3fff1-7125-472d-bbc3-1b240f9c8d5b,2026-07-21T09:30:00Z,2026-07-21T11:30:00+0200,35.422,MW,NL,NL,actual_onshore_wind_generation,Wind Onshore | Actual Aggregated,2026-08-02T23:51:38Z
2026-08-02T23:49:28Z,2026-08-03T01:49:28+0200,65d3fff1-7125-472d-bbc3-1b240f9c8d5b,2026-07-21T09:30:00Z,2026-07-21T11:30:00+0200,0.0,MW,NL,NL,actual_onshore_wind_generation,Wind Onshore | Actual Consumption,2026-08-02T23:51:38Z
2026-08-02T23:49:28Z,2026-08-03T01:49:28+0200,65d3fff1-7125-472d-bbc3-1b240f9c8d5b,2026-07-21T09:45:00Z,2026-07-21T11:45:00+0200,35.367,MW,NL,NL,actual_onshore_wind_generation,Wind Onshore | Actual Aggregated,2026-08-02T23:51:38Z
2026-08-02T23:49:28Z,2026-08-03T01:49:28+0200,65d3fff1-7125-472d-bbc3-1b240f9c8d5b,2026-07-21T09:45:00Z,2026-07-21T11:45:00+0200,0.0,MW,NL,NL,actual_onshore_wind_generation,Wind Onshore | Actual Consumption,2026-08-02T23:51:38Z
2026-08-02T23:49:28Z,2026-08-03T01:49:28+0200,65d3fff1-7125-472d-bbc3-1b240f9c8d5b,2026-07-21T10:00:00Z,2026-07-21T12:00:00+0200,38.821,MW,NL,NL,actual_onshore_wind_generation,Wind Onshore | Actual Aggregated,2026-08-02T23:51:38Z
2026-08-02T23:49:28Z,2026-08-03T01:49:28+0200,65d3fff1-7125-472d-bbc3-1b240f9c8d5b,2026-07-21T10:00:00Z,2026-07-21T12:00:00+0200,0.0,MW,NL,NL,actual_onshore_wind_generation,Wind Onshore | Actual Consumption,2026-08-02T23:51:38Z
2026-08-02T23:49:28Z,2026-08-03T01:49:28+0200,65d3fff1-7125-472d-bbc3-1b240f9c8d5b,2026-07-21T10:15:00Z,2026-07-21T12:15:00+0200,40.298,MW,NL,NL,actual_onshore_wind_generation,Wind Onshore | Actual Aggregated,2026-08-02T23:51:38Z
2026-08-02T23:49:28Z,2026-08-03T01:49:28+0200,65d3fff1-7125-472d-bbc3-1b240f9c8d5b,2026-07-21T10:15:00Z,2026-07-21T12:15:00+0200,0.0,MW,NL,NL,actual_onshore_wind_generation,Wind Onshore | Actual Consumption,2026-08-02T23:51:38Z
2026-08-02T23:49:28Z,2026-08-03T01:49:28+0200,65d3fff1-7125-472d-bbc3-1b240f9c8d5b,2026-07-21T10:30:00Z,2026-07-21T12:30:00+0200,43.288,MW,NL,NL,actual_onshore_wind_generation,Wind Onshore | Actual Aggregated,2026-08-02T23:51:38Z
2026-08-02T23:49:28Z,2026-08-03T01:49:28+0200,65d3fff1-7125-472d-bbc3-1b240f9c8d5b,2026-07-21T10:30:00Z,2026-07-21T12:30:00+0200,0.0,MW,NL,NL,actual_onshore_wind_generation,Wind Onshore | Actual Consumption,2026-08-02T23:51:38Z
2026-08-02T23:49:28Z,2026-08-03T01:49:28+0200,65d3fff1-7125-472d-bbc3-1b240f9c8d5b,2026-07-21T10:45:00Z,2026-07-21T12:45:00+0200,53.099,MW,NL,NL,actual_onshore_wind_generation,Wind Onshore | Actual Aggregated,2026-08-02T23:51:38Z
2026-08-02T23:49:28Z,2026-08-03T01:49:28+0200,65d3fff1-7125-472d-bbc3-1b240f9c8d5b,2026-07-21T10:45:00Z,2026-07-21T12:45:00+0200,0.0,MW,NL,NL,actual_onshore_wind_generation,Wind Onshore | Actual Consumption,2026-08-02T23:51:38Z
2026-08-02T23:49:28Z,2026-08-03T01:49:28+0200,65d3fff1-7125-472d-bbc3-1b240f9c8d5b,2026-07-21T11:00:00Z,2026-07-21T13:00:00+0200,64.662,MW,NL,NL,actual_onshore_wind_generation,Wind Onshore | Actual Aggregated,2026-08-02T23:51:38Z
2026-08-02T23:49:28Z,2026-08-03T01:49:28+0200,65d3fff1-7125-472d-bbc3-1b240f9c8d5b,2026-07-21T11:00:00Z,2026-07-21T13:00:00+0200,0.0,MW,NL,NL,actual_onshore_wind_generation,Wind Onshore | Actual Consumption,2026-08-02T23:51:38Z
2026-08-02T23:49:28Z,2026-08-03T01:49:28+0200,65d3fff1-7125-472d-bbc3-1b240f9c8d5b,2026-07-21T11:15:00Z,2026-07-21T13:15:00+0200,64.842,MW,NL,NL,actual_onshore_wind_generation,Wind Onshore | Actual Aggregated,2026-08-02T23:51:38Z
2026-08-02T23:49:28Z,2026-08-03T01:49:28+0200,65d3fff1-7125-472d-bbc3-1b240f9c8d5b,2026-07-21T11:15:00Z,2026-07-21T13:15:00+0200,0.0,MW,NL,NL,actual_onshore_wind_generation,Wind Onshore | Actual Consumption,2026-08-02T23:51:38Z
2026-08-02T23:49:28Z,2026-08-03T01:49:28+0200,65d3fff1-7125-472d-bbc3-1b240f9c8d5b,2026-07-21T11:30:00Z,2026-07-21T13:30:00+0200,64.213,MW,NL,NL,actual_onshore_wind_generation,Wind Onshore | Actual Aggregated,2026-08-02T23:51:38Z
2026-08-02T23:49:28Z,2026-08-03T01:49:28+0200,65d3fff1-7125-472d-bbc3-1b240f9c8d5b,2026-07-21T11:30:00Z,2026-07-21T13:30:00+0200,0.0,MW,NL,NL,actual_onshore_wind_generation,Wind Onshore | Actual Consumption,2026-08-02T23:51:38Z
2026-08-02T23:49:28Z,2026-08-03T01:49:28+0200,65d3fff1-7125-472d-bbc3-1b240f9c8d5b,2026-07-21T11:45:00Z,2026-07-21T13:45:00+0200,65.692,MW,NL,NL,actual_onshore_wind_generation,Wind Onshore | Actual Aggregated,2026-08-02T23:51:38Z
2026-08-02T23:49:28Z,2026-08-03T01:49:28+0200,65d3fff1-7125-472d-bbc3-1b240f9c8d5b,2026-07-21T11:45:00Z,2026-07-21T13:45:00+0200,0.0,MW,NL,NL,actual_onshore_wind_generation,Wind Onshore | Actual Consumption,2026-08-02T23:51:38Z
2026-08-02T23:49:28Z,2026-08-03T01:49:28+0200,65d3fff1-7125-472d-bbc3-1b240f9c8d5b,2026-07-21T12:00:00Z,2026-07-21T14:00:00+0200,74.172,MW,NL,NL,actual_onshore_wind_generation,Wind Onshore | Actual Aggregated,2026-08-02T23:51:38Z
2026-08-02T23:49:28Z,2026-08-03T01:49:28+0200,65d3fff1-7125-472d-bbc3-1b240f9c8d5b,2026-07-21T12:00:00Z,2026-07-21T14:00:00+0200,0.0,MW,NL,NL,actual_onshore_wind_generation,Wind Onshore | Actual Consumption,2026-08-02T23:51:38Z
2026-08-02T23:49:28Z,2026-08-03T01:49:28+0200,65d3fff1-7125-472d-bbc3-1b240f9c8d5b,2026-07-21T12:15:00Z,2026-07-21T14:15:00+0200,66.481,MW,NL,NL,actual_onshore_wind_generation,Wind Onshore | Actual Aggregated,2026-08-02T23:51:38Z
2026-08-02T23:49:28Z,2026-08-03T01:49:28+0200,65d3fff1-7125-472d-bbc3-1b240f9c8d5b,2026-07-21T12:15:00Z,2026-07-21T14:15:00+0200,0.0,MW,NL,NL,actual_onshore_wind_generation,Wind Onshore | Actual Consumption,2026-08-02T23:51:38Z
2026-08-02T23:49:28Z,2026-08-03T01:49:28+0200,65d3fff1-7125-472d-bbc3-1b240f9c8d5b,2026-07-21T12:30:00Z,2026-07-21T14:30:00+0200,72.946,MW,NL,NL,actual_onshore_wind_generation,Wind Onshore | Actual Aggregated,2026-08-02T23:51:38Z
2026-08-02T23:49:28Z,2026-08-03T01:49:28+0200,65d3fff1-7125-472d-bbc3-1b240f9c8d5b,2026-07-21T12:30:00Z,2026-07-21T14:30:00+0200,0.0,MW,NL,NL,actual_onshore_wind_generation,Wind Onshore | Actual Consumption,2026-08-02T23:51:38Z
2026-08-02T23:49:28Z,2026-08-03T01:49:28+0200,65d3fff1-7125-472d-bbc3-1b240f9c8d5b,2026-07-21T12:45:00Z,2026-07-21T14:45:00+0200,80.076,MW,NL,NL,actual_onshore_wind_generation,Wind Onshore | Actual Aggregated,2026-08-02T23:51:38Z
2026-08-02T23:49:28Z,2026-08-03T01:49:28+0200,65d3fff1-7125-472d-bbc3-1b240f9c8d5b,2026-07-21T12:45:00Z,2026-07-21T14:45:00+0200,0.0,MW,NL,NL,actual_onshore_wind_generation,Wind Onshore | Actual Consumption,2026-08-02T23:51:38Z
2026-08-02T23:49:28Z,2026-08-03T01:49:28+0200,65d3fff1-7125-472d-bbc3-1b240f9c8d5b,2026-07-21T13:00:00Z,2026-07-21T15:00:00+0200,72.789,MW,NL,NL,actual_onshore_wind_generation,Wind Onshore | Actual Aggregated,2026-08-02T23:51:38Z
2026-08-02T23:49:28Z,2026-08-03T01:49:28+0200,65d3fff1-7125-472d-bbc3-1b240f9c8d5b,2026-07-21T13:00:00Z,2026-07-21T15:00:00+0200,0.0,MW,NL,NL,actual_onshore_wind_generation,Wind Onshore | Actual Consumption,2026-08-02T23:51:38Z
2026-08-02T23:49:28Z,2026-08-03T01:49:28+0200,65d3fff1-7125-472d-bbc3-1b240f9c8d5b,2026-07-21T13:15:00Z,2026-07-21T15:15:00+0200,81.491,MW,NL,NL,actual_onshore_wind_generation,Wind Onshore | Actual Aggregated,2026-08-02T23:51:38Z
2026-08-02T23:49:28Z,2026-08-03T01:49:28+0200,65d3fff1-7125-472d-bbc3-1b240f9c8d5b,2026-07-21T13:15:00Z,2026-07-21T15:15:00+0200,0.0,MW,NL,NL,actual_onshore_wind_generation,Wind Onshore | Actual Consumption,2026-08-02T23:51:38Z
2026-08-02T23:49:28Z,2026-08-03T01:49:28+0200,65d3fff1-7125-472d-bbc3-1b240f9c8d5b,2026-07-21T13:30:00Z,2026-07-21T15:30:00+0200,93.263,MW,NL,NL,actual_onshore_wind_generation,Wind Onshore | Actual Aggregated,2026-08-02T23:51:38Z
2026-08-02T23:49:28Z,2026-08-03T01:49:28+0200,65d3fff1-7125-472d-bbc3-1b240f9c8d5b,2026-07-21T13:30:00Z,2026-07-21T15:30:00+0200,0.0,MW,NL,NL,actual_onshore_wind_generation,Wind Onshore | Actual Consumption,2026-08-02T23:51:38Z
2026-08-02T23:49:28Z,2026-08-03T01:49:28+0200,65d3fff1-7125-472d-bbc3-1b240f9c8d5b,2026-07-21T13:45:00Z,2026-07-21T15:45:00+0200,98.639,MW,NL,NL,actual_onshore_wind_generation,Wind Onshore | Actual Aggregated,2026-08-02T23:51:38Z
2026-08-02T23:49:28Z,2026-08-03T01:49:28+0200,65d3fff1-7125-472d-bbc3-1b240f9c8d5b,2026-07-21T13:45:00Z,2026-07-21T15:45:00+0200,0.0,MW,NL,NL,actual_onshore_wind_generation,Wind Onshore | Actual Consumption,2026-08-02T23:51:38Z
2026-08-02T23:49:28Z,2026-08-03T01:49:28+0200,65d3fff1-7125-472d-bbc3-1b240f9c8d5b,2026-07-21T14:00:00Z,2026-07-21T16:00:00+0200,101.561,MW,NL,NL,actual_onshore_wind_generation,Wind Onshore | Actual Aggregated,2026-08-02T23:51:38Z
2026-08-02T23:49:28Z,2026-08-03T01:49:28+0200,65d3fff1-7125-472d-bbc3-1b240f9c8d5b,2026-07-21T14:00:00Z,2026-07-21T16:00:00+0200,0.0,MW,NL,NL,actual_onshore_wind_generation,Wind Onshore | Actual Consumption,2026-08-02T23:51:38Z
2026-08-02T23:49:28Z,2026-08-03T01:49:28+0200,65d3fff1-7125-472d-bbc3-1b240f9c8d5b,2026-07-21T14:15:00Z,2026-07-21T16:15:00+0200,113.505,MW,NL,NL,actual_onshore_wind_generation,Wind Onshore | Actual Aggregated,2026-08-02T23:51:38Z
2026-08-02T23:49:28Z,2026-08-03T01:49:28+0200,65d3fff1-7125-472d-bbc3-1b240f9c8d5b,2026-07-21T14:15:00Z,2026-07-21T16:15:00+0200,0.0,MW,NL,NL,actual_onshore_wind_generation,Wind Onshore | Actual Consumption,2026-08-02T23:51:38Z
2026-08-02T23:49:28Z,2026-08-03T01:49:28+0200,65d3fff1-7125-472d-bbc3-1b240f9c8d5b,2026-07-21T14:30:00Z,2026-07-21T16:30:00+0200,117.545,MW,NL,NL,actual_onshore_wind_generation,Wind Onshore | Actual Aggregated,2026-08-02T23:51:38Z
2026-08-02T23:49:28Z,2026-08-03T01:49:28+0200,65d3fff1-7125-472d-bbc3-1b240f9c8d5b,2026-07-21T14:30:00Z,2026-07-21T16:30:00+0200,0.0,MW,NL,NL,actual_onshore_wind_generation,Wind Onshore | Actual Consumption,2026-08-02T23:51:38Z
2026-08-02T23:49:28Z,2026-08-03T01:49:28+0200,65d3fff1-7125-472d-bbc3-1b240f9c8d5b,2026-07-21T14:45:00Z,2026-07-21T16:45:00+0200,112.382,MW,NL,NL,actual_onshore_wind_generation,Wind Onshore | Actual Aggregated,2026-08-02T23:51:38Z
2026-08-02T23:49:28Z,2026-08-03T01:49:28+0200,65d3fff1-7125-472d-bbc3-1b240f9c8d5b,2026-07-21T14:45:00Z,2026-07-21T16:45:00+0200,0.0,MW,NL,NL,actual_onshore_wind_generation,Wind Onshore | Actual Consumption,2026-08-02T23:51:38Z
2026-08-02T23:49:28Z,2026-08-03T01:49:28+0200,65d3fff1-7125-472d-bbc3-1b240f9c8d5b,2026-07-21T15:00:00Z,2026-07-21T17:00:00+0200,124.763,MW,NL,NL,actual_onshore_wind_generation,Wind Onshore | Actual Aggregated,2026-08-02T23:51:38Z
2026-08-02T23:49:28Z,2026-08-03T01:49:28+0200,65d3fff1-7125-472d-bbc3-1b240f9c8d5b,2026-07-21T15:00:00Z,2026-07-21T17:00:00+0200,0.0,MW,NL,NL,actual_onshore_wind_generation,Wind Onshore | Actual Consumption,2026-08-02T23:51:38Z
2026-08-02T23:49:28Z,2026-08-03T01:49:28+0200,65d3fff1-7125-472d-bbc3-1b240f9c8d5b,2026-07-21T15:15:00Z,2026-07-21T17:15:00+0200,130.96,MW,NL,NL,actual_onshore_wind_generation,Wind Onshore | Actual Aggregated,2026-08-02T23:51:38Z
2026-08-02T23:49:28Z,2026-08-03T01:49:28+0200,65d3fff1-7125-472d-bbc3-1b240f9c8d5b,2026-07-21T15:15:00Z,2026-07-21T17:15:00+0200,0.0,MW,NL,NL,actual_onshore_wind_generation,Wind Onshore | Actual Consumption,2026-08-02T23:51:38Z
2026-08-02T23:49:28Z,2026-08-03T01:49:28+0200,65d3fff1-7125-472d-bbc3-1b240f9c8d5b,2026-07-21T15:30:00Z,2026-07-21T17:30:00+0200,133.72,MW,NL,NL,actual_onshore_wind_generation,Wind Onshore | Actual Aggregated,2026-08-02T23:51:38Z
2026-08-02T23:49:28Z,2026-08-03T01:49:28+0200,65d3fff1-7125-472d-bbc3-1b240f9c8d5b,2026-07-21T15:30:00Z,2026-07-21T17:30:00+0200,0.0,MW,NL,NL,actual_onshore_wind_generation,Wind Onshore | Actual Consumption,2026-08-02T23:51:38Z
2026-08-02T23:49:28Z,2026-08-03T01:49:28+0200,65d3fff1-7125-472d-bbc3-1b240f9c8d5b,2026-07-21T15:45:00Z,2026-07-21T17:45:00+0200,145.625,MW,NL,NL,actual_onshore_wind_generation,Wind Onshore | Actual Aggregated,2026-08-02T23:51:38Z
2026-08-02T23:49:28Z,2026-08-03T01:49:28+0200,65d3fff1-7125-472d-bbc3-1b240f9c8d5b,2026-07-21T15:45:00Z,2026-07-21T17:45:00+0200,0.0,MW,NL,NL,actual_onshore_wind_generation,Wind Onshore | Actual Consumption,2026-08-02T23:51:38Z
2026-08-02T23:49:28Z,2026-08-03T01:49:28+0200,65d3fff1-7125-472d-bbc3-1b240f9c8d5b,2026-07-21T16:00:00Z,2026-07-21T18:00:00+0200,147.089,MW,NL,NL,actual_onshore_wind_generation,Wind Onshore | Actual Aggregated,2026-08-02T23:51:38Z
2026-08-02T23:49:28Z,2026-08-03T01:49:28+0200,65d3fff1-7125-472d-bbc3-1b240f9c8d5b,2026-07-21T16:00:00Z,2026-07-21T18:00:00+0200,0.0,MW,NL,NL,actual_onshore_wind_generation,Wind Onshore | Actual Consumption,2026-08-02T23:51:38Z
2026-08-02T23:49:28Z,2026-08-03T01:49:28+0200,65d3fff1-7125-472d-bbc3-1b240f9c8d5b,2026-07-21T16:15:00Z,2026-07-21T18:15:00+0200,115.318,MW,NL,NL,actual_onshore_wind_generation,Wind Onshore | Actual Aggregated,2026-08-02T23:51:38Z
2026-08-02T23:49:28Z,2026-08-03T01:49:28+0200,65d3fff1-7125-472d-bbc3-1b240f9c8d5b,2026-07-21T16:15:00Z,2026-07-21T18:15:00+0200,0.0,MW,NL,NL,actual_onshore_wind_generation,Wind Onshore | Actual Consumption,2026-08-02T23:51:38Z
2026-08-02T23:49:28Z,2026-08-03T01:49:28+0200,65d3fff1-7125-472d-bbc3-1b240f9c8d5b,2026-07-21T16:30:00Z,2026-07-21T18:30:00+0200,96.682,MW,NL,NL,actual_onshore_wind_generation,Wind Onshore | Actual Aggregated,2026-08-02T23:51:38Z
2026-08-02T23:49:28Z,2026-08-03T01:49:28+0200,65d3fff1-7125-472d-bbc3-1b240f9c8d5b,2026-07-21T16:30:00Z,2026-07-21T18:30:00+0200,0.0,MW,NL,NL,actual_onshore_wind_generation,Wind Onshore | Actual Consumption,2026-08-02T23:51:38Z
2026-08-02T23:49:28Z,2026-08-03T01:49:28+0200,65d3fff1-7125-472d-bbc3-1b240f9c8d5b,2026-07-21T16:45:00Z,2026-07-21T18:45:00+0200,116.659,MW,NL,NL,actual_onshore_wind_generation,Wind Onshore | Actual Aggregated,2026-08-02T23:51:38Z
2026-08-02T23:49:28Z,2026-08-03T01:49:28+0200,65d3fff1-7125-472d-bbc3-1b240f9c8d5b,2026-07-21T16:45:00Z,2026-07-21T18:45:00+0200,0.0,MW,NL,NL,actual_onshore_wind_generation,Wind Onshore | Actual Consumption,2026-08-02T23:51:38Z
2026-08-02T23:49:28Z,2026-08-03T01:49:28+0200,65d3fff1-7125-472d-bbc3-1b240f9c8d5b,2026-07-21T17:00:00Z,2026-07-21T19:00:00+0200,114.43,MW,NL,NL,actual_onshore_wind_generation,Wind Onshore | Actual Aggregated,2026-08-02T23:51:38Z
2026-08-02T23:49:28Z,2026-08-03T01:49:28+0200,65d3fff1-7125-472d-bbc3-1b240f9c8d5b,2026-07-21T17:00:00Z,2026-07-21T19:00:00+0200,0.0,MW,NL,NL,actual_onshore_wind_generation,Wind Onshore | Actual Consumption,2026-08-02T23:51:38Z
2026-08-02T23:49:28Z,2026-08-03T01:49:28+0200,65d3fff1-7125-472d-bbc3-1b240f9c8d5b,2026-07-21T17:15:00Z,2026-07-21T19:15:00+0200,123.727,MW,NL,NL,actual_onshore_wind_generation,Wind Onshore | Actual Aggregated,2026-08-02T23:51:38Z
2026-08-02T23:49:28Z,2026-08-03T01:49:28+0200,65d3fff1-7125-472d-bbc3-1b240f9c8d5b,2026-07-21T17:15:00Z,2026-07-21T19:15:00+0200,0.0,MW,NL,NL,actual_onshore_wind_generation,Wind Onshore | Actual Consumption,2026-08-02T23:51:38Z
2026-08-02T23:49:28Z,2026-08-03T01:49:28+0200,65d3fff1-7125-472d-bbc3-1b240f9c8d5b,2026-07-21T17:30:00Z,2026-07-21T19:30:00+0200,127.052,MW,NL,NL,actual_onshore_wind_generation,Wind Onshore | Actual Aggregated,2026-08-02T23:51:38Z
2026-08-02T23:49:28Z,2026-08-03T01:49:28+0200,65d3fff1-7125-472d-bbc3-1b240f9c8d5b,2026-07-21T17:30:00Z,2026-07-21T19:30:00+0200,0.0,MW,NL,NL,actual_onshore_wind_generation,Wind Onshore | Actual Consumption,2026-08-02T23:51:38Z
2026-08-02T23:49:28Z,2026-08-03T01:49:28+0200,65d3fff1-7125-472d-bbc3-1b240f9c8d5b,2026-07-21T17:45:00Z,2026-07-21T19:45:00+0200,111.728,MW,NL,NL,actual_onshore_wind_generation,Wind Onshore | Actual Aggregated,2026-08-02T23:51:38Z
2026-08-02T23:49:28Z,2026-08-03T01:49:28+0200,65d3fff1-7125-472d-bbc3-1b240f9c8d5b,2026-07-21T17:45:00Z,2026-07-21T19:45:00+0200,0.0,MW,NL,NL,actual_onshore_wind_generation,Wind Onshore | Actual Consumption,2026-08-02T23:51:38Z
2026-08-02T23:49:28Z,2026-08-03T01:49:28+0200,65d3fff1-7125-472d-bbc3-1b240f9c8d5b,2026-07-21T18:00:00Z,2026-07-21T20:00:00+0200,137.399,MW,NL,NL,actual_onshore_wind_generation,Wind Onshore | Actual Aggregated,2026-08-02T23:51:38Z
2026-08-02T23:49:28Z,2026-08-03T01:49:28+0200,65d3fff1-7125-472d-bbc3-1b240f9c8d5b,2026-07-21T18:00:00Z,2026-07-21T20:00:00+0200,0.0,MW,NL,NL,actual_onshore_wind_generation,Wind Onshore | Actual Consumption,2026-08-02T23:51:38Z
2026-08-02T23:49:28Z,2026-08-03T01:49:28+0200,65d3fff1-7125-472d-bbc3-1b240f9c8d5b,2026-07-21T18:15:00Z,2026-07-21T20:15:00+0200,145.862,MW,NL,NL,actual_onshore_wind_generation,Wind Onshore | Actual Aggregated,2026-08-02T23:51:38Z
2026-08-02T23:49:28Z,2026-08-03T01:49:28+0200,65d3fff1-7125-472d-bbc3-1b240f9c8d5b,2026-07-21T18:15:00Z,2026-07-21T20:15:00+0200,0.0,MW,NL,NL,actual_onshore_wind_generation,Wind Onshore | Actual Consumption,2026-08-02T23:51:38Z
2026-08-02T23:49:28Z,2026-08-03T01:49:28+0200,65d3fff1-7125-472d-bbc3-1b240f9c8d5b,2026-07-21T18:30:00Z,2026-07-21T20:30:00+0200,173.979,MW,NL,NL,actual_onshore_wind_generation,Wind Onshore | Actual Aggregated,2026-08-02T23:51:38Z
2026-08-02T23:49:28Z,2026-08-03T01:49:28+0200,65d3fff1-7125-472d-bbc3-1b240f9c8d5b,2026-07-21T18:30:00Z,2026-07-21T20:30:00+0200,0.0,MW,NL,NL,actual_onshore_wind_generation,Wind Onshore | Actual Consumption,2026-08-02T23:51:38Z
2026-08-02T23:49:28Z,2026-08-03T01:49:28+0200,65d3fff1-7125-472d-bbc3-1b240f9c8d5b,2026-07-21T18:45:00Z,2026-07-21T20:45:00+0200,160.456,MW,NL,NL,actual_onshore_wind_generation,Wind Onshore | Actual Aggregated,2026-08-02T23:51:38Z
2026-08-02T23:49:28Z,2026-08-03T01:49:28+0200,65d3fff1-7125-472d-bbc3-1b240f9c8d5b,2026-07-21T18:45:00Z,2026-07-21T20:45:00+0200,0.0,MW,NL,NL,actual_onshore_wind_generation,Wind Onshore | Actual Consumption,2026-08-02T23:51:38Z
2026-08-02T23:49:28Z,2026-08-03T01:49:28+0200,65d3fff1-7125-472d-bbc3-1b240f9c8d5b,2026-07-21T19:00:00Z,2026-07-21T21:00:00+0200,141.161,MW,NL,NL,actual_onshore_wind_generation,Wind Onshore | Actual Aggregated,2026-08-02T23:51:38Z
2026-08-02T23:49:28Z,2026-08-03T01:49:28+0200,65d3fff1-7125-472d-bbc3-1b240f9c8d5b,2026-07-21T19:00:00Z,2026-07-21T21:00:00+0200,0.0,MW,NL,NL,actual_onshore_wind_generation,Wind Onshore | Actual Consumption,2026-08-02T23:51:38Z
2026-08-02T23:49:28Z,2026-08-03T01:49:28+0200,65d3fff1-7125-472d-bbc3-1b240f9c8d5b,2026-07-21T19:15:00Z,2026-07-21T21:15:00+0200,133.933,MW,NL,NL,actual_onshore_wind_generation,Wind Onshore | Actual Aggregated,2026-08-02T23:51:38Z
2026-08-02T23:49:28Z,2026-08-03T01:49:28+0200,65d3fff1-7125-472d-bbc3-1b240f9c8d5b,2026-07-21T19:15:00Z,2026-07-21T21:15:00+0200,0.0,MW,NL,NL,actual_onshore_wind_generation,Wind Onshore | Actual Consumption,2026-08-02T23:51:38Z
2026-08-02T23:49:28Z,2026-08-03T01:49:28+0200,65d3fff1-7125-472d-bbc3-1b240f9c8d5b,2026-07-21T19:30:00Z,2026-07-21T21:30:00+0200,123.458,MW,NL,NL,actual_onshore_wind_generation,Wind Onshore | Actual Aggregated,2026-08-02T23:51:38Z
2026-08-02T23:49:28Z,2026-08-03T01:49:28+0200,65d3fff1-7125-472d-bbc3-1b240f9c8d5b,2026-07-21T19:30:00Z,2026-07-21T21:30:00+0200,0.0,MW,NL,NL,actual_onshore_wind_generation,Wind Onshore | Actual Consumption,2026-08-02T23:51:38Z
2026-08-02T23:49:28Z,2026-08-03T01:49:28+0200,65d3fff1-7125-472d-bbc3-1b240f9c8d5b,2026-07-21T19:45:00Z,2026-07-21T21:45:00+0200,122.391,MW,NL,NL,actual_onshore_wind_generation,Wind Onshore | Actual Aggregated,2026-08-02T23:51:38Z
2026-08-02T23:49:28Z,2026-08-03T01:49:28+0200,65d3fff1-7125-472d-bbc3-1b240f9c8d5b,2026-07-21T19:45:00Z,2026-07-21T21:45:00+0200,0.0,MW,NL,NL,actual_onshore_wind_generation,Wind Onshore | Actual Consumption,2026-08-02T23:51:38Z
2026-08-02T23:49:28Z,2026-08-03T01:49:28+0200,65d3fff1-7125-472d-bbc3-1b240f9c8d5b,2026-07-21T20:00:00Z,2026-07-21T22:00:00+0200,130.931,MW,NL,NL,actual_onshore_wind_generation,Wind Onshore | Actual Aggregated,2026-08-02T23:51:38Z
2026-08-02T23:49:28Z,2026-08-03T01:49:28+0200,65d3fff1-7125-472d-bbc3-1b240f9c8d5b,2026-07-21T20:00:00Z,2026-07-21T22:00:00+0200,0.0,MW,NL,NL,actual_onshore_wind_generation,Wind Onshore | Actual Consumption,2026-08-02T23:51:38Z
2026-08-02T23:49:28Z,2026-08-03T01:49:28+0200,65d3fff1-7125-472d-bbc3-1b240f9c8d5b,2026-07-21T20:15:00Z,2026-07-21T22:15:00+0200,135.233,MW,NL,NL,actual_onshore_wind_generation,Wind Onshore | Actual Aggregated,2026-08-02T23:51:38Z
2026-08-02T23:49:28Z,2026-08-03T01:49:28+0200,65d3fff1-7125-472d-bbc3-1b240f9c8d5b,2026-07-21T20:15:00Z,2026-07-21T22:15:00+0200,0.0,MW,NL,NL,actual_onshore_wind_generation,Wind Onshore | Actual Consumption,2026-08-02T23:51:38Z
2026-08-02T23:49:28Z,2026-08-03T01:49:28+0200,65d3fff1-7125-472d-bbc3-1b240f9c8d5b,2026-07-21T20:30:00Z,2026-07-21T22:30:00+0200,145.326,MW,NL,NL,actual_onshore_wind_generation,Wind Onshore | Actual Aggregated,2026-08-02T23:51:38Z
2026-08-02T23:49:28Z,2026-08-03T01:49:28+0200,65d3fff1-7125-472d-bbc3-1b240f9c8d5b,2026-07-21T20:30:00Z,2026-07-21T22:30:00+0200,0.0,MW,NL,NL,actual_onshore_wind_generation,Wind Onshore | Actual Consumption,2026-08-02T23:51:38Z
2026-08-02T23:49:28Z,2026-08-03T01:49:28+0200,65d3fff1-7125-472d-bbc3-1b240f9c8d5b,2026-07-21T20:45:00Z,2026-07-21T22:45:00+0200,148.851,MW,NL,NL,actual_onshore_wind_generation,Wind Onshore | Actual Aggregated,2026-08-02T23:51:38Z
2026-08-02T23:49:28Z,2026-08-03T01:49:28+0200,65d3fff1-7125-472d-bbc3-1b240f9c8d5b,2026-07-21T20:45:00Z,2026-07-21T22:45:00+0200,0.0,MW,NL,NL,actual_onshore_wind_generation,Wind Onshore | Actual Consumption,2026-08-02T23:51:38Z
2026-08-02T23:49:28Z,2026-08-03T01:49:28+0200,65d3fff1-7125-472d-bbc3-1b240f9c8d5b,2026-07-21T21:00:00Z,2026-07-21T23:00:00+0200,121.63,MW,NL,NL,actual_onshore_wind_generation,Wind Onshore | Actual Aggregated,2026-08-02T23:51:38Z
2026-08-02T23:49:28Z,2026-08-03T01:49:28+0200,65d3fff1-7125-472d-bbc3-1b240f9c8d5b,2026-07-21T21:00:00Z,2026-07-21T23:00:00+0200,0.0,MW,NL,NL,actual_onshore_wind_generation,Wind Onshore | Actual Consumption,2026-08-02T23:51:38Z
2026-08-02T23:49:28Z,2026-08-03T01:49:28+0200,65d3fff1-7125-472d-bbc3-1b240f9c8d5b,2026-07-21T21:15:00Z,2026-07-21T23:15:00+0200,85.586,MW,NL,NL,actual_onshore_wind_generation,Wind Onshore | Actual Aggregated,2026-08-02T23:51:38Z
2026-08-02T23:49:28Z,2026-08-03T01:49:28+0200,65d3fff1-7125-472d-bbc3-1b240f9c8d5b,2026-07-21T21:15:00Z,2026-07-21T23:15:00+0200,0.0,MW,NL,NL,actual_onshore_wind_generation,Wind Onshore | Actual Consumption,2026-08-02T23:51:38Z
2026-08-02T23:49:28Z,2026-08-03T01:49:28+0200,65d3fff1-7125-472d-bbc3-1b240f9c8d5b,2026-07-21T21:30:00Z,2026-07-21T23:30:00+0200,74.035,MW,NL,NL,actual_onshore_wind_generation,Wind Onshore | Actual Aggregated,2026-08-02T23:51:38Z
2026-08-02T23:49:28Z,2026-08-03T01:49:28+0200,65d3fff1-7125-472d-bbc3-1b240f9c8d5b,2026-07-21T21:30:00Z,2026-07-21T23:30:00+0200,0.0,MW,NL,NL,actual_onshore_wind_generation,Wind Onshore | Actual Consumption,2026-08-02T23:51:38Z
2026-08-02T23:49:28Z,2026-08-03T01:49:28+0200,65d3fff1-7125-472d-bbc3-1b240f9c8d5b,2026-07-21T21:45:00Z,2026-07-21T23:45:00+0200,68.209,MW,NL,NL,actual_onshore_wind_generation,Wind Onshore | Actual Aggregated,2026-08-02T23:51:38Z
2026-08-02T23:49:28Z,2026-08-03T01:49:28+0200,65d3fff1-7125-472d-bbc3-1b240f9c8d5b,2026-07-21T21:45:00Z,2026-07-21T23:45:00+0200,0.0,MW,NL,NL,actual_onshore_wind_generation,Wind Onshore | Actual Consumption,2026-08-02T23:51:38Z
2026-08-02T23:49:28Z,2026-08-03T01:49:28+0200,65d3fff1-7125-472d-bbc3-1b240f9c8d5b,2026-07-21T22:00:00Z,2026-07-22T00:00:00+0200,78.708,MW,NL,NL,actual_onshore_wind_generation,Wind Onshore | Actual Aggregated,2026-08-02T23:51:38Z
2026-08-02T23:49:28Z,2026-08-03T01:49:28+0200,65d3fff1-7125-472d-bbc3-1b240f9c8d5b,2026-07-21T22:00:00Z,2026-07-22T00:00:00+0200,0.0,MW,NL,NL,actual_onshore_wind_generation,Wind Onshore | Actual Consumption,2026-08-02T23:51:38Z
2026-08-02T23:49:28Z,2026-08-03T01:49:28+0200,65d3fff1-7125-472d-bbc3-1b240f9c8d5b,2026-07-21T22:15:00Z,2026-07-22T00:15:00+0200,82.485,MW,NL,NL,actual_onshore_wind_generation,Wind Onshore | Actual Aggregated,2026-08-02T23:51:38Z
2026-08-02T23:49:28Z,2026-08-03T01:49:28+0200,65d3fff1-7125-472d-bbc3-1b240f9c8d5b,2026-07-21T22:15:00Z,2026-07-22T00:15:00+0200,0.0,MW,NL,NL,actual_onshore_wind_generation,Wind Onshore | Actual Consumption,2026-08-02T23:51:38Z
2026-08-02T23:49:28Z,2026-08-03T01:49:28+0200,65d3fff1-7125-472d-bbc3-1b240f9c8d5b,2026-07-21T22:30:00Z,2026-07-22T00:30:00+0200,63.429,MW,NL,NL,actual_onshore_wind_generation,Wind Onshore | Actual Aggregated,2026-08-02T23:51:38Z
2026-08-02T23:49:28Z,2026-08-03T01:49:28+0200,65d3fff1-7125-472d-bbc3-1b240f9c8d5b,2026-07-21T22:30:00Z,2026-07-22T00:30:00+0200,0.126,MW,NL,NL,actual_onshore_wind_generation,Wind Onshore | Actual Consumption,2026-08-02T23:51:38Z
2026-08-02T23:49:28Z,2026-08-03T01:49:28+0200,65d3fff1-7125-472d-bbc3-1b240f9c8d5b,2026-07-21T22:45:00Z,2026-07-22T00:45:00+0200,43.272,MW,NL,NL,actual_onshore_wind_generation,Wind Onshore | Actual Aggregated,2026-08-02T23:51:38Z
2026-08-02T23:49:28Z,2026-08-03T01:49:28+0200,65d3fff1-7125-472d-bbc3-1b240f9c8d5b,2026-07-21T22:45:00Z,2026-07-22T00:45:00+0200,0.0,MW,NL,NL,actual_onshore_wind_generation,Wind Onshore | Actual Consumption,2026-08-02T23:51:38Z
2026-08-02T23:49:28Z,2026-08-03T01:49:28+0200,65d3fff1-7125-472d-bbc3-1b240f9c8d5b,2026-07-21T23:00:00Z,2026-07-22T01:00:00+0200,45.148,MW,NL,NL,actual_onshore_wind_generation,Wind Onshore | Actual Aggregated,2026-08-02T23:51:38Z
2026-08-02T23:49:28Z,2026-08-03T01:49:28+0200,65d3fff1-7125-472d-bbc3-1b240f9c8d5b,2026-07-21T23:00:00Z,2026-07-22T01:00:00+0200,0.0,MW,NL,NL,actual_onshore_wind_generation,Wind Onshore | Actual Consumption,2026-08-02T23:51:38Z
2026-08-02T23:49:28Z,2026-08-03T01:49:28+0200,65d3fff1-7125-472d-bbc3-1b240f9c8d5b,2026-07-21T23:15:00Z,2026-07-22T01:15:00+0200,92.556,MW,NL,NL,actual_onshore_wind_generation,Wind Onshore | Actual Aggregated,2026-08-02T23:51:38Z
2026-08-02T23:49:28Z,2026-08-03T01:49:28+0200,65d3fff1-7125-472d-bbc3-1b240f9c8d5b,2026-07-21T23:15:00Z,2026-07-22T01:15:00+0200,0.0,MW,NL,NL,actual_onshore_wind_generation,Wind Onshore | Actual Consumption,2026-08-02T23:51:38Z
2026-08-02T23:49:28Z,2026-08-03T01:49:28+0200,65d3fff1-7125-472d-bbc3-1b240f9c8d5b,2026-07-21T23:30:00Z,2026-07-22T01:30:00+0200,135.124,MW,NL,NL,actual_onshore_wind_generation,Wind Onshore | Actual Aggregated,2026-08-02T23:51:38Z
2026-08-02T23:49:28Z,2026-08-03T01:49:28+0200,65d3fff1-7125-472d-bbc3-1b240f9c8d5b,2026-07-21T23:30:00Z,2026-07-22T01:30:00+0200,0.0,MW,NL,NL,actual_onshore_wind_generation,Wind Onshore | Actual Consumption,2026-08-02T23:51:38Z
2026-08-02T23:49:28Z,2026-08-03T01:49:28+0200,65d3fff1-7125-472d-bbc3-1b240f9c8d5b,2026-07-21T23:45:00Z,2026-07-22T01:45:00+0200,108.249,MW,NL,NL,actual_onshore_wind_generation,Wind Onshore | Actual Aggregated,2026-08-02T23:51:38Z
2026-08-02T23:49:28Z,2026-08-03T01:49:28+0200,65d3fff1-7125-472d-bbc3-1b240f9c8d5b,2026-07-21T23:45:00Z,2026-07-22T01:45:00+0200,0.0,MW,NL,NL,actual_onshore_wind_generation,Wind Onshore | Actual Consumption,2026-08-02T23:51:38Z
2026-08-02T23:49:28Z,2026-08-03T01:49:28+0200,65d3fff1-7125-472d-bbc3-1b240f9c8d5b,2026-07-22T00:00:00Z,2026-07-22T02:00:00+0200,90.343,MW,NL,NL,actual_onshore_wind_generation,Wind Onshore | Actual Aggregated,2026-08-02T23:51:38Z
2026-08-02T23:49:28Z,2026-08-03T01:49:28+0200,65d3fff1-7125-472d-bbc3-1b240f9c8d5b,2026-07-22T00:00:00Z,2026-07-22T02:00:00+0200,0.0,MW,NL,NL,actual_onshore_wind_generation,Wind Onshore | Actual Consumption,2026-08-02T23:51:38Z
2026-08-02T23:49:28Z,2026-08-03T01:49:28+0200,65d3fff1-7125-472d-bbc3-1b240f9c8d5b,2026-07-22T00:15:00Z,2026-07-22T02:15:00+0200,88.052,MW,NL,NL,actual_onshore_wind_generation,Wind Onshore | Actual Aggregated,2026-08-02T23:51:38Z
2026-08-02T23:49:28Z,2026-08-03T01:49:28+0200,65d3fff1-7125-472d-bbc3-1b240f9c8d5b,2026-07-22T00:15:00Z,2026-07-22T02:15:00+0200,0.0,MW,NL,NL,actual_onshore_wind_generation,Wind Onshore | Actual Consumption,2026-08-02T23:51:38Z
2026-08-02T23:49:28Z,2026-08-03T01:49:28+0200,65d3fff1-7125-472d-bbc3-1b240f9c8d5b,2026-07-22T00:30:00Z,2026-07-22T02:30:00+0200,92.524,MW,NL,NL,actual_onshore_wind_generation,Wind Onshore | Actual Aggregated,2026-08-02T23:51:38Z
2026-08-02T23:49:28Z,2026-08-03T01:49:28+0200,65d3fff1-7125-472d-bbc3-1b240f9c8d5b,2026-07-22T00:30:00Z,2026-07-22T02:30:00+0200,0.0,MW,NL,NL,actual_onshore_wind_generation,Wind Onshore | Actual Consumption,2026-08-02T23:51:38Z
2026-08-02T23:49:28Z,2026-08-03T01:49:28+0200,65d3fff1-7125-472d-bbc3-1b240f9c8d5b,2026-07-22T00:45:00Z,2026-07-22T02:45:00+0200,55.766,MW,NL,NL,actual_onshore_wind_generation,Wind Onshore | Actual Aggregated,2026-08-02T23:51:38Z
2026-08-02T23:49:28Z,2026-08-03T01:49:28+0200,65d3fff1-7125-472d-bbc3-1b240f9c8d5b,2026-07-22T00:45:00Z,2026-07-22T02:45:00+0200,0.0,MW,NL,NL,actual_onshore_wind_generation,Wind Onshore | Actual Consumption,2026-08-02T23:51:38Z
2026-08-02T23:49:28Z,2026-08-03T01:49:28+0200,65d3fff1-7125-472d-bbc3-1b240f9c8d5b,2026-07-22T01:00:00Z,2026-07-22T03:00:00+0200,100.944,MW,NL,NL,actual_onshore_wind_generation,Wind Onshore | Actual Aggregated,2026-08-02T23:51:38Z
2026-08-02T23:49:28Z,2026-08-03T01:49:28+0200,65d3fff1-7125-472d-bbc3-1b240f9c8d5b,2026-07-22T01:00:00Z,2026-07-22T03:00:00+0200,0.0,MW,NL,NL,actual_onshore_wind_generation,Wind Onshore | Actual Consumption,2026-08-02T23:51:38Z
2026-08-02T23:49:28Z,2026-08-03T01:49:28+0200,65d3fff1-7125-472d-bbc3-1b240f9c8d5b,2026-07-22T01:15:00Z,2026-07-22T03:15:00+0200,143.561,MW,NL,NL,actual_onshore_wind_generation,Wind Onshore | Actual Aggregated,2026-08-02T23:51:38Z
2026-08-02T23:49:28Z,2026-08-03T01:49:28+0200,65d3fff1-7125-472d-bbc3-1b240f9c8d5b,2026-07-22T01:15:00Z,2026-07-22T03:15:00+0200,0.0,MW,NL,NL,actual_onshore_wind_generation,Wind Onshore | Actual Consumption,2026-08-02T23:51:38Z
2026-08-02T23:49:28Z,2026-08-03T01:49:28+0200,65d3fff1-7125-472d-bbc3-1b240f9c8d5b,2026-07-22T01:30:00Z,2026-07-22T03:30:00+0200,154.549,MW,NL,NL,actual_onshore_wind_generation,Wind Onshore | Actual Aggregated,2026-08-02T23:51:38Z
2026-08-02T23:49:28Z,2026-08-03T01:49:28+0200,65d3fff1-7125-472d-bbc3-1b240f9c8d5b,2026-07-22T01:30:00Z,2026-07-22T03:30:00+0200,0.0,MW,NL,NL,actual_onshore_wind_generation,Wind Onshore | Actual Consumption,2026-08-02T23:51:38Z
2026-08-02T23:49:28Z,2026-08-03T01:49:28+0200,65d3fff1-7125-472d-bbc3-1b240f9c8d5b,2026-07-22T01:45:00Z,2026-07-22T03:45:00+0200,180.991,MW,NL,NL,actual_onshore_wind_generation,Wind Onshore | Actual Aggregated,2026-08-02T23:51:38Z
2026-08-02T23:49:28Z,2026-08-03T01:49:28+0200,65d3fff1-7125-472d-bbc3-1b240f9c8d5b,2026-07-22T01:45:00Z,2026-07-22T03:45:00+0200,0.0,MW,NL,NL,actual_onshore_wind_generation,Wind Onshore | Actual Consumption,2026-08-02T23:51:38Z
2026-08-02T23:49:28Z,2026-08-03T01:49:28+0200,65d3fff1-7125-472d-bbc3-1b240f9c8d5b,2026-07-22T02:00:00Z,2026-07-22T04:00:00+0200,168.697,MW,NL,NL,actual_onshore_wind_generation,Wind Onshore | Actual Aggregated,2026-08-02T23:51:38Z
2026-08-02T23:49:28Z,2026-08-03T01:49:28+0200,65d3fff1-7125-472d-bbc3-1b240f9c8d5b,2026-07-22T02:00:00Z,2026-07-22T04:00:00+0200,0.0,MW,NL,NL,actual_onshore_wind_generation,Wind Onshore | Actual Consumption,2026-08-02T23:51:38Z
2026-08-02T23:49:28Z,2026-08-03T01:49:28+0200,65d3fff1-7125-472d-bbc3-1b240f9c8d5b,2026-07-22T02:15:00Z,2026-07-22T04:15:00+0200,148.945,MW,NL,NL,actual_onshore_wind_generation,Wind Onshore | Actual Aggregated,2026-08-02T23:51:38Z
2026-08-02T23:49:28Z,2026-08-03T01:49:28+0200,65d3fff1-7125-472d-bbc3-1b240f9c8d5b,2026-07-22T02:15:00Z,2026-07-22T04:15:00+0200,0.0,MW,NL,NL,actual_onshore_wind_generation,Wind Onshore | Actual Consumption,2026-08-02T23:51:38Z
2026-08-02T23:49:28Z,2026-08-03T01:49:28+0200,65d3fff1-7125-472d-bbc3-1b240f9c8d5b,2026-07-22T02:30:00Z,2026-07-22T04:30:00+0200,126.019,MW,NL,NL,actual_onshore_wind_generation,Wind Onshore | Actual Aggregated,2026-08-02T23:51:38Z
2026-08-02T23:49:28Z,2026-08-03T01:49:28+0200,65d3fff1-7125-472d-bbc3-1b240f9c8d5b,2026-07-22T02:30:00Z,2026-07-22T04:30:00+0200,0.0,MW,NL,NL,actual_onshore_wind_generation,Wind Onshore | Actual Consumption,2026-08-02T23:51:38Z
2026-08-02T23:49:28Z,2026-08-03T01:49:28+0200,65d3fff1-7125-472d-bbc3-1b240f9c8d5b,2026-07-22T02:45:00Z,2026-07-22T04:45:00+0200,136.056,MW,NL,NL,actual_onshore_wind_generation,Wind Onshore | Actual Aggregated,2026-08-02T23:51:38Z
2026-08-02T23:49:28Z,2026-08-03T01:49:28+0200,65d3fff1-7125-472d-bbc3-1b240f9c8d5b,2026-07-22T02:45:00Z,2026-07-22T04:45:00+0200,0.0,MW,NL,NL,actual_onshore_wind_generation,Wind Onshore | Actual Consumption,2026-08-02T23:51:38Z
2026-08-02T23:49:28Z,2026-08-03T01:49:28+0200,65d3fff1-7125-472d-bbc3-1b240f9c8d5b,2026-07-22T03:00:00Z,2026-07-22T05:00:00+0200,130.015,MW,NL,NL,actual_onshore_wind_generation,Wind Onshore | Actual Aggregated,2026-08-02T23:51:38Z
2026-08-02T23:49:28Z,2026-08-03T01:49:28+0200,65d3fff1-7125-472d-bbc3-1b240f9c8d5b,2026-07-22T03:00:00Z,2026-07-22T05:00:00+0200,0.0,MW,NL,NL,actual_onshore_wind_generation,Wind Onshore | Actual Consumption,2026-08-02T23:51:38Z
2026-08-02T23:49:28Z,2026-08-03T01:49:28+0200,65d3fff1-7125-472d-bbc3-1b240f9c8d5b,2026-07-22T03:15:00Z,2026-07-22T05:15:00+0200,205.317,MW,NL,NL,actual_onshore_wind_generation,Wind Onshore | Actual Aggregated,2026-08-02T23:51:38Z
2026-08-02T23:49:28Z,2026-08-03T01:49:28+0200,65d3fff1-7125-472d-bbc3-1b240f9c8d5b,2026-07-22T03:15:00Z,2026-07-22T05:15:00+0200,0.0,MW,NL,NL,actual_onshore_wind_generation,Wind Onshore | Actual Consumption,2026-08-02T23:51:38Z
2026-08-02T23:49:28Z,2026-08-03T01:49:28+0200,65d3fff1-7125-472d-bbc3-1b240f9c8d5b,2026-07-22T03:30:00Z,2026-07-22T05:30:00+0200,227.66,MW,NL,NL,actual_onshore_wind_generation,Wind Onshore | Actual Aggregated,2026-08-02T23:51:38Z
2026-08-02T23:49:28Z,2026-08-03T01:49:28+0200,65d3fff1-7125-472d-bbc3-1b240f9c8d5b,2026-07-22T03:30:00Z,2026-07-22T05:30:00+0200,0.0,MW,NL,NL,actual_onshore_wind_generation,Wind Onshore | Actual Consumption,2026-08-02T23:51:38Z
2026-08-02T23:49:28Z,2026-08-03T01:49:28+0200,65d3fff1-7125-472d-bbc3-1b240f9c8d5b,2026-07-22T03:45:00Z,2026-07-22T05:45:00+0200,183.564,MW,NL,NL,actual_onshore_wind_generation,Wind Onshore | Actual Aggregated,2026-08-02T23:51:38Z
2026-08-02T23:49:28Z,2026-08-03T01:49:28+0200,65d3fff1-7125-472d-bbc3-1b240f9c8d5b,2026-07-22T03:45:00Z,2026-07-22T05:45:00+0200,0.0,MW,NL,NL,actual_onshore_wind_generation,Wind Onshore | Actual Consumption,2026-08-02T23:51:38Z
2026-08-02T23:49:28Z,2026-08-03T01:49:28+0200,65d3fff1-7125-472d-bbc3-1b240f9c8d5b,2026-07-22T04:00:00Z,2026-07-22T06:00:00+0200,237.701,MW,NL,NL,actual_onshore_wind_generation,Wind Onshore | Actual Aggregated,2026-08-02T23:51:38Z
2026-08-02T23:49:28Z,2026-08-03T01:49:28+0200,65d3fff1-7125-472d-bbc3-1b240f9c8d5b,2026-07-22T04:00:00Z,2026-07-22T06:00:00+0200,0.0,MW,NL,NL,actual_onshore_wind_generation,Wind Onshore | Actual Consumption,2026-08-02T23:51:38Z
2026-08-02T23:49:28Z,2026-08-03T01:49:28+0200,65d3fff1-7125-472d-bbc3-1b240f9c8d5b,2026-07-22T04:15:00Z,2026-07-22T06:15:00+0200,252.809,MW,NL,NL,actual_onshore_wind_generation,Wind Onshore | Actual Aggregated,2026-08-02T23:51:38Z
2026-08-02T23:49:28Z,2026-08-03T01:49:28+0200,65d3fff1-7125-472d-bbc3-1b240f9c8d5b,2026-07-22T04:15:00Z,2026-07-22T06:15:00+0200,0.0,MW,NL,NL,actual_onshore_wind_generation,Wind Onshore | Actual Consumption,2026-08-02T23:51:38Z
2026-08-02T23:49:28Z,2026-08-03T01:49:28+0200,65d3fff1-7125-472d-bbc3-1b240f9c8d5b,2026-07-22T04:30:00Z,2026-07-22T06:30:00+0200,200.126,MW,NL,NL,actual_onshore_wind_generation,Wind Onshore | Actual Aggregated,2026-08-02T23:51:38Z
2026-08-02T23:49:28Z,2026-08-03T01:49:28+0200,65d3fff1-7125-472d-bbc3-1b240f9c8d5b,2026-07-22T04:30:00Z,2026-07-22T06:30:00+0200,0.0,MW,NL,NL,actual_onshore_wind_generation,Wind Onshore | Actual Consumption,2026-08-02T23:51:38Z
2026-08-02T23:49:28Z,2026-08-03T01:49:28+0200,65d3fff1-7125-472d-bbc3-1b240f9c8d5b,2026-07-22T04:45:00Z,2026-07-22T06:45:00+0200,157.765,MW,NL,NL,actual_onshore_wind_generation,Wind Onshore | Actual Aggregated,2026-08-02T23:51:38Z
2026-08-02T23:49:28Z,2026-08-03T01:49:28+0200,65d3fff1-7125-472d-bbc3-1b240f9c8d5b,2026-07-22T04:45:00Z,2026-07-22T06:45:00+0200,0.0,MW,NL,NL,actual_onshore_wind_generation,Wind Onshore | Actual Consumption,2026-08-02T23:51:38Z
2026-08-02T23:49:28Z,2026-08-03T01:49:28+0200,65d3fff1-7125-472d-bbc3-1b240f9c8d5b,2026-07-22T05:00:00Z,2026-07-22T07:00:00+0200,169.385,MW,NL,NL,actual_onshore_wind_generation,Wind Onshore | Actual Aggregated,2026-08-02T23:51:38Z
2026-08-02T23:49:28Z,2026-08-03T01:49:28+0200,65d3fff1-7125-472d-bbc3-1b240f9c8d5b,2026-07-22T05:00:00Z,2026-07-22T07:00:00+0200,0.0,MW,NL,NL,actual_onshore_wind_generation,Wind Onshore | Actual Consumption,2026-08-02T23:51:38Z
2026-08-02T23:49:28Z,2026-08-03T01:49:28+0200,65d3fff1-7125-472d-bbc3-1b240f9c8d5b,2026-07-22T05:15:00Z,2026-07-22T07:15:00+0200,185.617,MW,NL,NL,actual_onshore_wind_generation,Wind Onshore | Actual Aggregated,2026-08-02T23:51:38Z
2026-08-02T23:49:28Z,2026-08-03T01:49:28+0200,65d3fff1-7125-472d-bbc3-1b240f9c8d5b,2026-07-22T05:15:00Z,2026-07-22T07:15:00+0200,0.0,MW,NL,NL,actual_onshore_wind_generation,Wind Onshore | Actual Consumption,2026-08-02T23:51:38Z
2026-08-02T23:49:28Z,2026-08-03T01:49:28+0200,65d3fff1-7125-472d-bbc3-1b240f9c8d5b,2026-07-22T05:30:00Z,2026-07-22T07:30:00+0200,283.173,MW,NL,NL,actual_onshore_wind_generation,Wind Onshore | Actual Aggregated,2026-08-02T23:51:38Z
2026-08-02T23:49:28Z,2026-08-03T01:49:28+0200,65d3fff1-7125-472d-bbc3-1b240f9c8d5b,2026-07-22T05:30:00Z,2026-07-22T07:30:00+0200,0.0,MW,NL,NL,actual_onshore_wind_generation,Wind Onshore | Actual Consumption,2026-08-02T23:51:38Z
2026-08-02T23:49:28Z,2026-08-03T01:49:28+0200,65d3fff1-7125-472d-bbc3-1b240f9c8d5b,2026-07-22T05:45:00Z,2026-07-22T07:45:00+0200,284.926,MW,NL,NL,actual_onshore_wind_generation,Wind Onshore | Actual Aggregated,2026-08-02T23:51:38Z
2026-08-02T23:49:28Z,2026-08-03T01:49:28+0200,65d3fff1-7125-472d-bbc3-1b240f9c8d5b,2026-07-22T05:45:00Z,2026-07-22T07:45:00+0200,0.0,MW,NL,NL,actual_onshore_wind_generation,Wind Onshore | Actual Consumption,2026-08-02T23:51:38Z
2026-08-02T23:49:28Z,2026-08-03T01:49:28+0200,65d3fff1-7125-472d-bbc3-1b240f9c8d5b,2026-07-22T06:00:00Z,2026-07-22T08:00:00+0200,179.791,MW,NL,NL,actual_onshore_wind_generation,Wind Onshore | Actual Aggregated,2026-08-02T23:51:38Z
2026-08-02T23:49:28Z,2026-08-03T01:49:28+0200,65d3fff1-7125-472d-bbc3-1b240f9c8d5b,2026-07-22T06:00:00Z,2026-07-22T08:00:00+0200,0.0,MW,NL,NL,actual_onshore_wind_generation,Wind Onshore | Actual Consumption,2026-08-02T23:51:38Z
2026-08-02T23:49:28Z,2026-08-03T01:49:28+0200,65d3fff1-7125-472d-bbc3-1b240f9c8d5b,2026-07-22T06:15:00Z,2026-07-22T08:15:00+0200,178.413,MW,NL,NL,actual_onshore_wind_generation,Wind Onshore | Actual Aggregated,2026-08-02T23:51:38Z
2026-08-02T23:49:28Z,2026-08-03T01:49:28+0200,65d3fff1-7125-472d-bbc3-1b240f9c8d5b,2026-07-22T06:15:00Z,2026-07-22T08:15:00+0200,0.0,MW,NL,NL,actual_onshore_wind_generation,Wind Onshore | Actual Consumption,2026-08-02T23:51:38Z
2026-08-02T23:49:28Z,2026-08-03T01:49:28+0200,65d3fff1-7125-472d-bbc3-1b240f9c8d5b,2026-07-22T06:30:00Z,2026-07-22T08:30:00+0200,250.005,MW,NL,NL,actual_onshore_wind_generation,Wind Onshore | Actual Aggregated,2026-08-02T23:51:38Z
2026-08-02T23:49:28Z,2026-08-03T01:49:28+0200,65d3fff1-7125-472d-bbc3-1b240f9c8d5b,2026-07-22T06:30:00Z,2026-07-22T08:30:00+0200,0.0,MW,NL,NL,actual_onshore_wind_generation,Wind Onshore | Actual Consumption,2026-08-02T23:51:38Z
2026-08-02T23:49:28Z,2026-08-03T01:49:28+0200,65d3fff1-7125-472d-bbc3-1b240f9c8d5b,2026-07-22T06:45:00Z,2026-07-22T08:45:00+0200,213.71,MW,NL,NL,actual_onshore_wind_generation,Wind Onshore | Actual Aggregated,2026-08-02T23:51:38Z
2026-08-02T23:49:28Z,2026-08-03T01:49:28+0200,65d3fff1-7125-472d-bbc3-1b240f9c8d5b,2026-07-22T06:45:00Z,2026-07-22T08:45:00+0200,0.0,MW,NL,NL,actual_onshore_wind_generation,Wind Onshore | Actual Consumption,2026-08-02T23:51:38Z
2026-08-02T23:49:28Z,2026-08-03T01:49:28+0200,65d3fff1-7125-472d-bbc3-1b240f9c8d5b,2026-07-22T07:00:00Z,2026-07-22T09:00:00+0200,284.656,MW,NL,NL,actual_onshore_wind_generation,Wind Onshore | Actual Aggregated,2026-08-02T23:51:38Z
2026-08-02T23:49:28Z,2026-08-03T01:49:28+0200,65d3fff1-7125-472d-bbc3-1b240f9c8d5b,2026-07-22T07:00:00Z,2026-07-22T09:00:00+0200,0.0,MW,NL,NL,actual_onshore_wind_generation,Wind Onshore | Actual Consumption,2026-08-02T23:51:38Z
2026-08-02T23:49:28Z,2026-08-03T01:49:28+0200,65d3fff1-7125-472d-bbc3-1b240f9c8d5b,2026-07-22T07:15:00Z,2026-07-22T09:15:00+0200,322.406,MW,NL,NL,actual_onshore_wind_generation,Wind Onshore | Actual Aggregated,2026-08-02T23:51:38Z
2026-08-02T23:49:28Z,2026-08-03T01:49:28+0200,65d3fff1-7125-472d-bbc3-1b240f9c8d5b,2026-07-22T07:15:00Z,2026-07-22T09:15:00+0200,0.0,MW,NL,NL,actual_onshore_wind_generation,Wind Onshore | Actual Consumption,2026-08-02T23:51:38Z
2026-08-02T23:49:28Z,2026-08-03T01:49:28+0200,65d3fff1-7125-472d-bbc3-1b240f9c8d5b,2026-07-22T07:30:00Z,2026-07-22T09:30:00+0200,398.771,MW,NL,NL,actual_onshore_wind_generation,Wind Onshore | Actual Aggregated,2026-08-02T23:51:38Z
2026-08-02T23:49:28Z,2026-08-03T01:49:28+0200,65d3fff1-7125-472d-bbc3-1b240f9c8d5b,2026-07-22T07:30:00Z,2026-07-22T09:30:00+0200,0.0,MW,NL,NL,actual_onshore_wind_generation,Wind Onshore | Actual Consumption,2026-08-02T23:51:38Z
2026-08-02T23:49:28Z,2026-08-03T01:49:28+0200,65d3fff1-7125-472d-bbc3-1b240f9c8d5b,2026-07-22T07:45:00Z,2026-07-22T09:45:00+0200,300.793,MW,NL,NL,actual_onshore_wind_generation,Wind Onshore | Actual Aggregated,2026-08-02T23:51:38Z
2026-08-02T23:49:28Z,2026-08-03T01:49:28+0200,65d3fff1-7125-472d-bbc3-1b240f9c8d5b,2026-07-22T07:45:00Z,2026-07-22T09:45:00+0200,0.0,MW,NL,NL,actual_onshore_wind_generation,Wind Onshore | Actual Consumption,2026-08-02T23:51:38Z
2026-08-02T23:49:28Z,2026-08-03T01:49:28+0200,65d3fff1-7125-472d-bbc3-1b240f9c8d5b,2026-07-22T08:00:00Z,2026-07-22T10:00:00+0200,252.899,MW,NL,NL,actual_onshore_wind_generation,Wind Onshore | Actual Aggregated,2026-08-02T23:51:38Z
2026-08-02T23:49:28Z,2026-08-03T01:49:28+0200,65d3fff1-7125-472d-bbc3-1b240f9c8d5b,2026-07-22T08:00:00Z,2026-07-22T10:00:00+0200,0.0,MW,NL,NL,actual_onshore_wind_generation,Wind Onshore | Actual Consumption,2026-08-02T23:51:38Z
2026-08-02T23:49:28Z,2026-08-03T01:49:28+0200,65d3fff1-7125-472d-bbc3-1b240f9c8d5b,2026-07-22T08:15:00Z,2026-07-22T10:15:00+0200,242.029,MW,NL,NL,actual_onshore_wind_generation,Wind Onshore | Actual Aggregated,2026-08-02T23:51:38Z
2026-08-02T23:49:28Z,2026-08-03T01:49:28+0200,65d3fff1-7125-472d-bbc3-1b240f9c8d5b,2026-07-22T08:15:00Z,2026-07-22T10:15:00+0200,0.0,MW,NL,NL,actual_onshore_wind_generation,Wind Onshore | Actual Consumption,2026-08-02T23:51:38Z
2026-08-02T23:49:28Z,2026-08-03T01:49:28+0200,65d3fff1-7125-472d-bbc3-1b240f9c8d5b,2026-07-22T08:30:00Z,2026-07-22T10:30:00+0200,361.114,MW,NL,NL,actual_onshore_wind_generation,Wind Onshore | Actual Aggregated,2026-08-02T23:51:38Z
2026-08-02T23:49:28Z,2026-08-03T01:49:28+0200,65d3fff1-7125-472d-bbc3-1b240f9c8d5b,2026-07-22T08:30:00Z,2026-07-22T10:30:00+0200,0.0,MW,NL,NL,actual_onshore_wind_generation,Wind Onshore | Actual Consumption,2026-08-02T23:51:38Z
2026-08-02T23:49:28Z,2026-08-03T01:49:28+0200,65d3fff1-7125-472d-bbc3-1b240f9c8d5b,2026-07-22T08:45:00Z,2026-07-22T10:45:00+0200,316.776,MW,NL,NL,actual_onshore_wind_generation,Wind Onshore | Actual Aggregated,2026-08-02T23:51:38Z
2026-08-02T23:49:28Z,2026-08-03T01:49:28+0200,65d3fff1-7125-472d-bbc3-1b240f9c8d5b,2026-07-22T08:45:00Z,2026-07-22T10:45:00+0200,0.0,MW,NL,NL,actual_onshore_wind_generation,Wind Onshore | Actual Consumption,2026-08-02T23:51:38Z
2026-08-02T23:49:28Z,2026-08-03T01:49:28+0200,65d3fff1-7125-472d-bbc3-1b240f9c8d5b,2026-07-22T09:00:00Z,2026-07-22T11:00:00+0200,360.436,MW,NL,NL,actual_onshore_wind_generation,Wind Onshore | Actual Aggregated,2026-08-02T23:51:38Z
2026-08-02T23:49:28Z,2026-08-03T01:49:28+0200,65d3fff1-7125-472d-bbc3-1b240f9c8d5b,2026-07-22T09:00:00Z,2026-07-22T11:00:00+0200,0.0,MW,NL,NL,actual_onshore_wind_generation,Wind Onshore | Actual Consumption,2026-08-02T23:51:38Z
2026-08-02T23:49:28Z,2026-08-03T01:49:28+0200,65d3fff1-7125-472d-bbc3-1b240f9c8d5b,2026-07-22T09:15:00Z,2026-07-22T11:15:00+0200,362.282,MW,NL,NL,actual_onshore_wind_generation,Wind Onshore | Actual Aggregated,2026-08-02T23:51:38Z
2026-08-02T23:49:28Z,2026-08-03T01:49:28+0200,65d3fff1-7125-472d-bbc3-1b240f9c8d5b,2026-07-22T09:15:00Z,2026-07-22T11:15:00+0200,0.0,MW,NL,NL,actual_onshore_wind_generation,Wind Onshore | Actual Consumption,2026-08-02T23:51:38Z
2026-08-02T23:49:28Z,2026-08-03T01:49:28+0200,65d3fff1-7125-472d-bbc3-1b240f9c8d5b,2026-07-22T09:30:00Z,2026-07-22T11:30:00+0200,293.723,MW,NL,NL,actual_onshore_wind_generation,Wind Onshore | Actual Aggregated,2026-08-02T23:51:38Z
2026-08-02T23:49:28Z,2026-08-03T01:49:28+0200,65d3fff1-7125-472d-bbc3-1b240f9c8d5b,2026-07-22T09:30:00Z,2026-07-22T11:30:00+0200,0.0,MW,NL,NL,actual_onshore_wind_generation,Wind Onshore | Actual Consumption,2026-08-02T23:51:38Z
2026-08-02T23:49:28Z,2026-08-03T01:49:28+0200,65d3fff1-7125-472d-bbc3-1b240f9c8d5b,2026-07-22T09:45:00Z,2026-07-22T11:45:00+0200,340.519,MW,NL,NL,actual_onshore_wind_generation,Wind Onshore | Actual Aggregated,2026-08-02T23:51:38Z
2026-08-02T23:49:28Z,2026-08-03T01:49:28+0200,65d3fff1-7125-472d-bbc3-1b240f9c8d5b,2026-07-22T09:45:00Z,2026-07-22T11:45:00+0200,0.0,MW,NL,NL,actual_onshore_wind_generation,Wind Onshore | Actual Consumption,2026-08-02T23:51:38Z
2026-08-02T23:49:28Z,2026-08-03T01:49:28+0200,65d3fff1-7125-472d-bbc3-1b240f9c8d5b,2026-07-22T10:00:00Z,2026-07-22T12:00:00+0200,377.853,MW,NL,NL,actual_onshore_wind_generation,Wind Onshore | Actual Aggregated,2026-08-02T23:51:38Z
2026-08-02T23:49:28Z,2026-08-03T01:49:28+0200,65d3fff1-7125-472d-bbc3-1b240f9c8d5b,2026-07-22T10:00:00Z,2026-07-22T12:00:00+0200,0.0,MW,NL,NL,actual_onshore_wind_generation,Wind Onshore | Actual Consumption,2026-08-02T23:51:38Z
2026-08-02T23:49:28Z,2026-08-03T01:49:28+0200,65d3fff1-7125-472d-bbc3-1b240f9c8d5b,2026-07-22T10:15:00Z,2026-07-22T12:15:00+0200,463.853,MW,NL,NL,actual_onshore_wind_generation,Wind Onshore | Actual Aggregated,2026-08-02T23:51:38Z
2026-08-02T23:49:28Z,2026-08-03T01:49:28+0200,65d3fff1-7125-472d-bbc3-1b240f9c8d5b,2026-07-22T10:15:00Z,2026-07-22T12:15:00+0200,0.0,MW,NL,NL,actual_onshore_wind_generation,Wind Onshore | Actual Consumption,2026-08-02T23:51:38Z
2026-08-02T23:49:28Z,2026-08-03T01:49:28+0200,65d3fff1-7125-472d-bbc3-1b240f9c8d5b,2026-07-22T10:30:00Z,2026-07-22T12:30:00+0200,402.808,MW,NL,NL,actual_onshore_wind_generation,Wind Onshore | Actual Aggregated,2026-08-02T23:51:38Z
2026-08-02T23:49:28Z,2026-08-03T01:49:28+0200,65d3fff1-7125-472d-bbc3-1b240f9c8d5b,2026-07-22T10:30:00Z,2026-07-22T12:30:00+0200,0.0,MW,NL,NL,actual_onshore_wind_generation,Wind Onshore | Actual Consumption,2026-08-02T23:51:38Z
2026-08-02T23:49:28Z,2026-08-03T01:49:28+0200,65d3fff1-7125-472d-bbc3-1b240f9c8d5b,2026-07-22T10:45:00Z,2026-07-22T12:45:00+0200,411.678,MW,NL,NL,actual_onshore_wind_generation,Wind Onshore | Actual Aggregated,2026-08-02T23:51:38Z
2026-08-02T23:49:28Z,2026-08-03T01:49:28+0200,65d3fff1-7125-472d-bbc3-1b240f9c8d5b,2026-07-22T10:45:00Z,2026-07-22T12:45:00+0200,0.0,MW,NL,NL,actual_onshore_wind_generation,Wind Onshore | Actual Consumption,2026-08-02T23:51:38Z
2026-08-02T23:49:28Z,2026-08-03T01:49:28+0200,65d3fff1-7125-472d-bbc3-1b240f9c8d5b,2026-07-22T11:00:00Z,2026-07-22T13:00:00+0200,445.964,MW,NL,NL,actual_onshore_wind_generation,Wind Onshore | Actual Aggregated,2026-08-02T23:51:38Z
2026-08-02T23:49:28Z,2026-08-03T01:49:28+0200,65d3fff1-7125-472d-bbc3-1b240f9c8d5b,2026-07-22T11:00:00Z,2026-07-22T13:00:00+0200,0.0,MW,NL,NL,actual_onshore_wind_generation,Wind Onshore | Actual Consumption,2026-08-02T23:51:38Z
2026-08-02T23:49:28Z,2026-08-03T01:49:28+0200,65d3fff1-7125-472d-bbc3-1b240f9c8d5b,2026-07-22T11:15:00Z,2026-07-22T13:15:00+0200,458.796,MW,NL,NL,actual_onshore_wind_generation,Wind Onshore | Actual Aggregated,2026-08-02T23:51:38Z
2026-08-02T23:49:28Z,2026-08-03T01:49:28+0200,65d3fff1-7125-472d-bbc3-1b240f9c8d5b,2026-07-22T11:15:00Z,2026-07-22T13:15:00+0200,0.0,MW,NL,NL,actual_onshore_wind_generation,Wind Onshore | Actual Consumption,2026-08-02T23:51:38Z
2026-08-02T23:49:28Z,2026-08-03T01:49:28+0200,65d3fff1-7125-472d-bbc3-1b240f9c8d5b,2026-07-22T11:30:00Z,2026-07-22T13:30:00+0200,451.131,MW,NL,NL,actual_onshore_wind_generation,Wind Onshore | Actual Aggregated,2026-08-02T23:51:38Z
2026-08-02T23:49:28Z,2026-08-03T01:49:28+0200,65d3fff1-7125-472d-bbc3-1b240f9c8d5b,2026-07-22T11:30:00Z,2026-07-22T13:30:00+0200,0.0,MW,NL,NL,actual_onshore_wind_generation,Wind Onshore | Actual Consumption,2026-08-02T23:51:38Z
2026-08-02T23:49:28Z,2026-08-03T01:49:28+0200,65d3fff1-7125-472d-bbc3-1b240f9c8d5b,2026-07-22T11:45:00Z,2026-07-22T13:45:00+0200,432.374,MW,NL,NL,actual_onshore_wind_generation,Wind Onshore | Actual Aggregated,2026-08-02T23:51:38Z
2026-08-02T23:49:28Z,2026-08-03T01:49:28+0200,65d3fff1-7125-472d-bbc3-1b240f9c8d5b,2026-07-22T11:45:00Z,2026-07-22T13:45:00+0200,0.0,MW,NL,NL,actual_onshore_wind_generation,Wind Onshore | Actual Consumption,2026-08-02T23:51:38Z
2026-08-02T23:49:28Z,2026-08-03T01:49:28+0200,65d3fff1-7125-472d-bbc3-1b240f9c8d5b,2026-07-22T12:00:00Z,2026-07-22T14:00:00+0200,423.311,MW,NL,NL,actual_onshore_wind_generation,Wind Onshore | Actual Aggregated,2026-08-02T23:51:38Z
2026-08-02T23:49:28Z,2026-08-03T01:49:28+0200,65d3fff1-7125-472d-bbc3-1b240f9c8d5b,2026-07-22T12:00:00Z,2026-07-22T14:00:00+0200,0.0,MW,NL,NL,actual_onshore_wind_generation,Wind Onshore | Actual Consumption,2026-08-02T23:51:38Z
2026-08-02T23:49:28Z,2026-08-03T01:49:28+0200,65d3fff1-7125-472d-bbc3-1b240f9c8d5b,2026-07-22T12:15:00Z,2026-07-22T14:15:00+0200,383.589,MW,NL,NL,actual_onshore_wind_generation,Wind Onshore | Actual Aggregated,2026-08-02T23:51:38Z
2026-08-02T23:49:28Z,2026-08-03T01:49:28+0200,65d3fff1-7125-472d-bbc3-1b240f9c8d5b,2026-07-22T12:15:00Z,2026-07-22T14:15:00+0200,0.0,MW,NL,NL,actual_onshore_wind_generation,Wind Onshore | Actual Consumption,2026-08-02T23:51:38Z
2026-08-02T23:49:28Z,2026-08-03T01:49:28+0200,65d3fff1-7125-472d-bbc3-1b240f9c8d5b,2026-07-22T12:30:00Z,2026-07-22T14:30:00+0200,427.09,MW,NL,NL,actual_onshore_wind_generation,Wind Onshore | Actual Aggregated,2026-08-02T23:51:38Z
2026-08-02T23:49:28Z,2026-08-03T01:49:28+0200,65d3fff1-7125-472d-bbc3-1b240f9c8d5b,2026-07-22T12:30:00Z,2026-07-22T14:30:00+0200,0.0,MW,NL,NL,actual_onshore_wind_generation,Wind Onshore | Actual Consumption,2026-08-02T23:51:38Z
2026-08-02T23:49:28Z,2026-08-03T01:49:28+0200,65d3fff1-7125-472d-bbc3-1b240f9c8d5b,2026-07-22T12:45:00Z,2026-07-22T14:45:00+0200,440.164,MW,NL,NL,actual_onshore_wind_generation,Wind Onshore | Actual Aggregated,2026-08-02T23:51:38Z
2026-08-02T23:49:28Z,2026-08-03T01:49:28+0200,65d3fff1-7125-472d-bbc3-1b240f9c8d5b,2026-07-22T12:45:00Z,2026-07-22T14:45:00+0200,0.0,MW,NL,NL,actual_onshore_wind_generation,Wind Onshore | Actual Consumption,2026-08-02T23:51:38Z
2026-08-02T23:49:28Z,2026-08-03T01:49:28+0200,65d3fff1-7125-472d-bbc3-1b240f9c8d5b,2026-07-22T13:00:00Z,2026-07-22T15:00:00+0200,375.139,MW,NL,NL,actual_onshore_wind_generation,Wind Onshore | Actual Aggregated,2026-08-02T23:51:38Z
2026-08-02T23:49:28Z,2026-08-03T01:49:28+0200,65d3fff1-7125-472d-bbc3-1b240f9c8d5b,2026-07-22T13:00:00Z,2026-07-22T15:00:00+0200,0.0,MW,NL,NL,actual_onshore_wind_generation,Wind Onshore | Actual Consumption,2026-08-02T23:51:38Z
2026-08-02T23:49:28Z,2026-08-03T01:49:28+0200,65d3fff1-7125-472d-bbc3-1b240f9c8d5b,2026-07-22T13:15:00Z,2026-07-22T15:15:00+0200,345.663,MW,NL,NL,actual_onshore_wind_generation,Wind Onshore | Actual Aggregated,2026-08-02T23:51:38Z
2026-08-02T23:49:28Z,2026-08-03T01:49:28+0200,65d3fff1-7125-472d-bbc3-1b240f9c8d5b,2026-07-22T13:15:00Z,2026-07-22T15:15:00+0200,0.0,MW,NL,NL,actual_onshore_wind_generation,Wind Onshore | Actual Consumption,2026-08-02T23:51:38Z
2026-08-02T23:49:28Z,2026-08-03T01:49:28+0200,65d3fff1-7125-472d-bbc3-1b240f9c8d5b,2026-07-22T13:30:00Z,2026-07-22T15:30:00+0200,320.908,MW,NL,NL,actual_onshore_wind_generation,Wind Onshore | Actual Aggregated,2026-08-02T23:51:38Z
2026-08-02T23:49:28Z,2026-08-03T01:49:28+0200,65d3fff1-7125-472d-bbc3-1b240f9c8d5b,2026-07-22T13:30:00Z,2026-07-22T15:30:00+0200,0.0,MW,NL,NL,actual_onshore_wind_generation,Wind Onshore | Actual Consumption,2026-08-02T23:51:38Z
2026-08-02T23:49:28Z,2026-08-03T01:49:28+0200,65d3fff1-7125-472d-bbc3-1b240f9c8d5b,2026-07-22T13:45:00Z,2026-07-22T15:45:00+0200,350.352,MW,NL,NL,actual_onshore_wind_generation,Wind Onshore | Actual Aggregated,2026-08-02T23:51:38Z
2026-08-02T23:49:28Z,2026-08-03T01:49:28+0200,65d3fff1-7125-472d-bbc3-1b240f9c8d5b,2026-07-22T13:45:00Z,2026-07-22T15:45:00+0200,0.0,MW,NL,NL,actual_onshore_wind_generation,Wind Onshore | Actual Consumption,2026-08-02T23:51:38Z
2026-08-02T23:49:28Z,2026-08-03T01:49:28+0200,65d3fff1-7125-472d-bbc3-1b240f9c8d5b,2026-07-22T14:00:00Z,2026-07-22T16:00:00+0200,444.761,MW,NL,NL,actual_onshore_wind_generation,Wind Onshore | Actual Aggregated,2026-08-02T23:51:38Z
2026-08-02T23:49:28Z,2026-08-03T01:49:28+0200,65d3fff1-7125-472d-bbc3-1b240f9c8d5b,2026-07-22T14:00:00Z,2026-07-22T16:00:00+0200,0.0,MW,NL,NL,actual_onshore_wind_generation,Wind Onshore | Actual Consumption,2026-08-02T23:51:38Z
2026-08-02T23:49:28Z,2026-08-03T01:49:28+0200,65d3fff1-7125-472d-bbc3-1b240f9c8d5b,2026-07-22T14:15:00Z,2026-07-22T16:15:00+0200,413.291,MW,NL,NL,actual_onshore_wind_generation,Wind Onshore | Actual Aggregated,2026-08-02T23:51:38Z
2026-08-02T23:49:28Z,2026-08-03T01:49:28+0200,65d3fff1-7125-472d-bbc3-1b240f9c8d5b,2026-07-22T14:15:00Z,2026-07-22T16:15:00+0200,0.0,MW,NL,NL,actual_onshore_wind_generation,Wind Onshore | Actual Consumption,2026-08-02T23:51:38Z
2026-08-02T23:49:28Z,2026-08-03T01:49:28+0200,65d3fff1-7125-472d-bbc3-1b240f9c8d5b,2026-07-22T14:30:00Z,2026-07-22T16:30:00+0200,434.117,MW,NL,NL,actual_onshore_wind_generation,Wind Onshore | Actual Aggregated,2026-08-02T23:51:38Z
2026-08-02T23:49:28Z,2026-08-03T01:49:28+0200,65d3fff1-7125-472d-bbc3-1b240f9c8d5b,2026-07-22T14:30:00Z,2026-07-22T16:30:00+0200,0.0,MW,NL,NL,actual_onshore_wind_generation,Wind Onshore | Actual Consumption,2026-08-02T23:51:38Z
2026-08-02T23:49:28Z,2026-08-03T01:49:28+0200,65d3fff1-7125-472d-bbc3-1b240f9c8d5b,2026-07-22T14:45:00Z,2026-07-22T16:45:00+0200,432.799,MW,NL,NL,actual_onshore_wind_generation,Wind Onshore | Actual Aggregated,2026-08-02T23:51:38Z
2026-08-02T23:49:28Z,2026-08-03T01:49:28+0200,65d3fff1-7125-472d-bbc3-1b240f9c8d5b,2026-07-22T14:45:00Z,2026-07-22T16:45:00+0200,0.0,MW,NL,NL,actual_onshore_wind_generation,Wind Onshore | Actual Consumption,2026-08-02T23:51:38Z
2026-08-02T23:49:28Z,2026-08-03T01:49:28+0200,65d3fff1-7125-472d-bbc3-1b240f9c8d5b,2026-07-22T15:00:00Z,2026-07-22T17:00:00+0200,415.23,MW,NL,NL,actual_onshore_wind_generation,Wind Onshore | Actual Aggregated,2026-08-02T23:51:38Z
2026-08-02T23:49:28Z,2026-08-03T01:49:28+0200,65d3fff1-7125-472d-bbc3-1b240f9c8d5b,2026-07-22T15:00:00Z,2026-07-22T17:00:00+0200,0.0,MW,NL,NL,actual_onshore_wind_generation,Wind Onshore | Actual Consumption,2026-08-02T23:51:38Z
2026-08-02T23:49:28Z,2026-08-03T01:49:28+0200,65d3fff1-7125-472d-bbc3-1b240f9c8d5b,2026-07-22T15:15:00Z,2026-07-22T17:15:00+0200,425.123,MW,NL,NL,actual_onshore_wind_generation,Wind Onshore | Actual Aggregated,2026-08-02T23:51:38Z
2026-08-02T23:49:28Z,2026-08-03T01:49:28+0200,65d3fff1-7125-472d-bbc3-1b240f9c8d5b,2026-07-22T15:15:00Z,2026-07-22T17:15:00+0200,0.0,MW,NL,NL,actual_onshore_wind_generation,Wind Onshore | Actual Consumption,2026-08-02T23:51:38Z
2026-08-02T23:49:28Z,2026-08-03T01:49:28+0200,65d3fff1-7125-472d-bbc3-1b240f9c8d5b,2026-07-22T15:30:00Z,2026-07-22T17:30:00+0200,396.757,MW,NL,NL,actual_onshore_wind_generation,Wind Onshore | Actual Aggregated,2026-08-02T23:51:38Z
2026-08-02T23:49:28Z,2026-08-03T01:49:28+0200,65d3fff1-7125-472d-bbc3-1b240f9c8d5b,2026-07-22T15:30:00Z,2026-07-22T17:30:00+0200,0.0,MW,NL,NL,actual_onshore_wind_generation,Wind Onshore | Actual Consumption,2026-08-02T23:51:38Z
2026-08-02T23:49:28Z,2026-08-03T01:49:28+0200,65d3fff1-7125-472d-bbc3-1b240f9c8d5b,2026-07-22T15:45:00Z,2026-07-22T17:45:00+0200,427.958,MW,NL,NL,actual_onshore_wind_generation,Wind Onshore | Actual Aggregated,2026-08-02T23:51:38Z
2026-08-02T23:49:28Z,2026-08-03T01:49:28+0200,65d3fff1-7125-472d-bbc3-1b240f9c8d5b,2026-07-22T15:45:00Z,2026-07-22T17:45:00+0200,0.0,MW,NL,NL,actual_onshore_wind_generation,Wind Onshore | Actual Consumption,2026-08-02T23:51:38Z
2026-08-02T23:49:28Z,2026-08-03T01:49:28+0200,65d3fff1-7125-472d-bbc3-1b240f9c8d5b,2026-07-22T16:00:00Z,2026-07-22T18:00:00+0200,452.281,MW,NL,NL,actual_onshore_wind_generation,Wind Onshore | Actual Aggregated,2026-08-02T23:51:38Z
2026-08-02T23:49:28Z,2026-08-03T01:49:28+0200,65d3fff1-7125-472d-bbc3-1b240f9c8d5b,2026-07-22T16:00:00Z,2026-07-22T18:00:00+0200,0.0,MW,NL,NL,actual_onshore_wind_generation,Wind Onshore | Actual Consumption,2026-08-02T23:51:38Z
2026-08-02T23:49:28Z,2026-08-03T01:49:28+0200,65d3fff1-7125-472d-bbc3-1b240f9c8d5b,2026-07-22T16:15:00Z,2026-07-22T18:15:00+0200,394.983,MW,NL,NL,actual_onshore_wind_generation,Wind Onshore | Actual Aggregated,2026-08-02T23:51:38Z
2026-08-02T23:49:28Z,2026-08-03T01:49:28+0200,65d3fff1-7125-472d-bbc3-1b240f9c8d5b,2026-07-22T16:15:00Z,2026-07-22T18:15:00+0200,0.0,MW,NL,NL,actual_onshore_wind_generation,Wind Onshore | Actual Consumption,2026-08-02T23:51:38Z
2026-08-02T23:49:28Z,2026-08-03T01:49:28+0200,65d3fff1-7125-472d-bbc3-1b240f9c8d5b,2026-07-22T16:30:00Z,2026-07-22T18:30:00+0200,408.431,MW,NL,NL,actual_onshore_wind_generation,Wind Onshore | Actual Aggregated,2026-08-02T23:51:38Z
2026-08-02T23:49:28Z,2026-08-03T01:49:28+0200,65d3fff1-7125-472d-bbc3-1b240f9c8d5b,2026-07-22T16:30:00Z,2026-07-22T18:30:00+0200,0.077,MW,NL,NL,actual_onshore_wind_generation,Wind Onshore | Actual Consumption,2026-08-02T23:51:38Z
2026-08-02T23:49:28Z,2026-08-03T01:49:28+0200,65d3fff1-7125-472d-bbc3-1b240f9c8d5b,2026-07-22T16:45:00Z,2026-07-22T18:45:00+0200,377.43,MW,NL,NL,actual_onshore_wind_generation,Wind Onshore | Actual Aggregated,2026-08-02T23:51:38Z
2026-08-02T23:49:28Z,2026-08-03T01:49:28+0200,65d3fff1-7125-472d-bbc3-1b240f9c8d5b,2026-07-22T16:45:00Z,2026-07-22T18:45:00+0200,0.699,MW,NL,NL,actual_onshore_wind_generation,Wind Onshore | Actual Consumption,2026-08-02T23:51:38Z
2026-08-02T23:49:28Z,2026-08-03T01:49:28+0200,65d3fff1-7125-472d-bbc3-1b240f9c8d5b,2026-07-22T17:00:00Z,2026-07-22T19:00:00+0200,393.737,MW,NL,NL,actual_onshore_wind_generation,Wind Onshore | Actual Aggregated,2026-08-02T23:51:38Z
2026-08-02T23:49:28Z,2026-08-03T01:49:28+0200,65d3fff1-7125-472d-bbc3-1b240f9c8d5b,2026-07-22T17:00:00Z,2026-07-22T19:00:00+0200,1.276,MW,NL,NL,actual_onshore_wind_generation,Wind Onshore | Actual Consumption,2026-08-02T23:51:38Z
2026-08-02T23:49:28Z,2026-08-03T01:49:28+0200,65d3fff1-7125-472d-bbc3-1b240f9c8d5b,2026-07-22T17:15:00Z,2026-07-22T19:15:00+0200,504.427,MW,NL,NL,actual_onshore_wind_generation,Wind Onshore | Actual Aggregated,2026-08-02T23:51:38Z
2026-08-02T23:49:28Z,2026-08-03T01:49:28+0200,65d3fff1-7125-472d-bbc3-1b240f9c8d5b,2026-07-22T17:15:00Z,2026-07-22T19:15:00+0200,0.0,MW,NL,NL,actual_onshore_wind_generation,Wind Onshore | Actual Consumption,2026-08-02T23:51:38Z
2026-08-02T23:49:28Z,2026-08-03T01:49:28+0200,65d3fff1-7125-472d-bbc3-1b240f9c8d5b,2026-07-22T17:30:00Z,2026-07-22T19:30:00+0200,582.701,MW,NL,NL,actual_onshore_wind_generation,Wind Onshore | Actual Aggregated,2026-08-02T23:51:38Z
2026-08-02T23:49:28Z,2026-08-03T01:49:28+0200,65d3fff1-7125-472d-bbc3-1b240f9c8d5b,2026-07-22T17:30:00Z,2026-07-22T19:30:00+0200,0.0,MW,NL,NL,actual_onshore_wind_generation,Wind Onshore | Actual Consumption,2026-08-02T23:51:38Z
2026-08-02T23:49:28Z,2026-08-03T01:49:28+0200,65d3fff1-7125-472d-bbc3-1b240f9c8d5b,2026-07-22T17:45:00Z,2026-07-22T19:45:00+0200,650.369,MW,NL,NL,actual_onshore_wind_generation,Wind Onshore | Actual Aggregated,2026-08-02T23:51:38Z
2026-08-02T23:49:28Z,2026-08-03T01:49:28+0200,65d3fff1-7125-472d-bbc3-1b240f9c8d5b,2026-07-22T17:45:00Z,2026-07-22T19:45:00+0200,0.0,MW,NL,NL,actual_onshore_wind_generation,Wind Onshore | Actual Consumption,2026-08-02T23:51:38Z
2026-08-02T23:49:28Z,2026-08-03T01:49:28+0200,65d3fff1-7125-472d-bbc3-1b240f9c8d5b,2026-07-22T18:00:00Z,2026-07-22T20:00:00+0200,608.478,MW,NL,NL,actual_onshore_wind_generation,Wind Onshore | Actual Aggregated,2026-08-02T23:51:38Z
2026-08-02T23:49:28Z,2026-08-03T01:49:28+0200,65d3fff1-7125-472d-bbc3-1b240f9c8d5b,2026-07-22T18:00:00Z,2026-07-22T20:00:00+0200,0.0,MW,NL,NL,actual_onshore_wind_generation,Wind Onshore | Actual Consumption,2026-08-02T23:51:38Z
2026-08-02T23:49:28Z,2026-08-03T01:49:28+0200,65d3fff1-7125-472d-bbc3-1b240f9c8d5b,2026-07-22T18:15:00Z,2026-07-22T20:15:00+0200,598.729,MW,NL,NL,actual_onshore_wind_generation,Wind Onshore | Actual Aggregated,2026-08-02T23:51:38Z
2026-08-02T23:49:28Z,2026-08-03T01:49:28+0200,65d3fff1-7125-472d-bbc3-1b240f9c8d5b,2026-07-22T18:15:00Z,2026-07-22T20:15:00+0200,0.0,MW,NL,NL,actual_onshore_wind_generation,Wind Onshore | Actual Consumption,2026-08-02T23:51:38Z
2026-08-02T23:49:28Z,2026-08-03T01:49:28+0200,65d3fff1-7125-472d-bbc3-1b240f9c8d5b,2026-07-22T18:30:00Z,2026-07-22T20:30:00+0200,610.993,MW,NL,NL,actual_onshore_wind_generation,Wind Onshore | Actual Aggregated,2026-08-02T23:51:38Z
2026-08-02T23:49:28Z,2026-08-03T01:49:28+0200,65d3fff1-7125-472d-bbc3-1b240f9c8d5b,2026-07-22T18:30:00Z,2026-07-22T20:30:00+0200,0.0,MW,NL,NL,actual_onshore_wind_generation,Wind Onshore | Actual Consumption,2026-08-02T23:51:38Z
2026-08-02T23:49:28Z,2026-08-03T01:49:28+0200,65d3fff1-7125-472d-bbc3-1b240f9c8d5b,2026-07-22T18:45:00Z,2026-07-22T20:45:00+0200,587.343,MW,NL,NL,actual_onshore_wind_generation,Wind Onshore | Actual Aggregated,2026-08-02T23:51:38Z
2026-08-02T23:49:28Z,2026-08-03T01:49:28+0200,65d3fff1-7125-472d-bbc3-1b240f9c8d5b,2026-07-22T18:45:00Z,2026-07-22T20:45:00+0200,0.0,MW,NL,NL,actual_onshore_wind_generation,Wind Onshore | Actual Consumption,2026-08-02T23:51:38Z
2026-08-02T23:49:28Z,2026-08-03T01:49:28+0200,65d3fff1-7125-472d-bbc3-1b240f9c8d5b,2026-07-22T19:00:00Z,2026-07-22T21:00:00+0200,489.352,MW,NL,NL,actual_onshore_wind_generation,Wind Onshore | Actual Aggregated,2026-08-02T23:51:38Z
2026-08-02T23:49:28Z,2026-08-03T01:49:28+0200,65d3fff1-7125-472d-bbc3-1b240f9c8d5b,2026-07-22T19:00:00Z,2026-07-22T21:00:00+0200,0.0,MW,NL,NL,actual_onshore_wind_generation,Wind Onshore | Actual Consumption,2026-08-02T23:51:38Z
2026-08-02T23:49:28Z,2026-08-03T01:49:28+0200,65d3fff1-7125-472d-bbc3-1b240f9c8d5b,2026-07-22T19:15:00Z,2026-07-22T21:15:00+0200,469.341,MW,NL,NL,actual_onshore_wind_generation,Wind Onshore | Actual Aggregated,2026-08-02T23:51:38Z
2026-08-02T23:49:28Z,2026-08-03T01:49:28+0200,65d3fff1-7125-472d-bbc3-1b240f9c8d5b,2026-07-22T19:15:00Z,2026-07-22T21:15:00+0200,0.0,MW,NL,NL,actual_onshore_wind_generation,Wind Onshore | Actual Consumption,2026-08-02T23:51:38Z
2026-08-02T23:49:28Z,2026-08-03T01:49:28+0200,65d3fff1-7125-472d-bbc3-1b240f9c8d5b,2026-07-22T19:30:00Z,2026-07-22T21:30:00+0200,489.614,MW,NL,NL,actual_onshore_wind_generation,Wind Onshore | Actual Aggregated,2026-08-02T23:51:38Z
2026-08-02T23:49:28Z,2026-08-03T01:49:28+0200,65d3fff1-7125-472d-bbc3-1b240f9c8d5b,2026-07-22T19:30:00Z,2026-07-22T21:30:00+0200,0.0,MW,NL,NL,actual_onshore_wind_generation,Wind Onshore | Actual Consumption,2026-08-02T23:51:38Z
2026-08-02T23:49:28Z,2026-08-03T01:49:28+0200,65d3fff1-7125-472d-bbc3-1b240f9c8d5b,2026-07-22T19:45:00Z,2026-07-22T21:45:00+0200,483.701,MW,NL,NL,actual_onshore_wind_generation,Wind Onshore | Actual Aggregated,2026-08-02T23:51:38Z
2026-08-02T23:49:28Z,2026-08-03T01:49:28+0200,65d3fff1-7125-472d-bbc3-1b240f9c8d5b,2026-07-22T19:45:00Z,2026-07-22T21:45:00+0200,0.0,MW,NL,NL,actual_onshore_wind_generation,Wind Onshore | Actual Consumption,2026-08-02T23:51:38Z
2026-08-02T23:49:28Z,2026-08-03T01:49:28+0200,65d3fff1-7125-472d-bbc3-1b240f9c8d5b,2026-07-22T20:00:00Z,2026-07-22T22:00:00+0200,477.813,MW,NL,NL,actual_onshore_wind_generation,Wind Onshore | Actual Aggregated,2026-08-02T23:51:38Z
2026-08-02T23:49:28Z,2026-08-03T01:49:28+0200,65d3fff1-7125-472d-bbc3-1b240f9c8d5b,2026-07-22T20:00:00Z,2026-07-22T22:00:00+0200,0.0,MW,NL,NL,actual_onshore_wind_generation,Wind Onshore | Actual Consumption,2026-08-02T23:51:38Z
2026-08-02T23:49:28Z,2026-08-03T01:49:28+0200,65d3fff1-7125-472d-bbc3-1b240f9c8d5b,2026-07-22T20:15:00Z,2026-07-22T22:15:00+0200,517.307,MW,NL,NL,actual_onshore_wind_generation,Wind Onshore | Actual Aggregated,2026-08-02T23:51:38Z
2026-08-02T23:49:28Z,2026-08-03T01:49:28+0200,65d3fff1-7125-472d-bbc3-1b240f9c8d5b,2026-07-22T20:15:00Z,2026-07-22T22:15:00+0200,0.0,MW,NL,NL,actual_onshore_wind_generation,Wind Onshore | Actual Consumption,2026-08-02T23:51:38Z
2026-08-02T23:49:28Z,2026-08-03T01:49:28+0200,65d3fff1-7125-472d-bbc3-1b240f9c8d5b,2026-07-22T20:30:00Z,2026-07-22T22:30:00+0200,512.425,MW,NL,NL,actual_onshore_wind_generation,Wind Onshore | Actual Aggregated,2026-08-02T23:51:38Z
2026-08-02T23:49:28Z,2026-08-03T01:49:28+0200,65d3fff1-7125-472d-bbc3-1b240f9c8d5b,2026-07-22T20:30:00Z,2026-07-22T22:30:00+0200,0.0,MW,NL,NL,actual_onshore_wind_generation,Wind Onshore | Actual Consumption,2026-08-02T23:51:38Z
2026-08-02T23:49:28Z,2026-08-03T01:49:28+0200,65d3fff1-7125-472d-bbc3-1b240f9c8d5b,2026-07-22T20:45:00Z,2026-07-22T22:45:00+0200,497.659,MW,NL,NL,actual_onshore_wind_generation,Wind Onshore | Actual Aggregated,2026-08-02T23:51:38Z
2026-08-02T23:49:28Z,2026-08-03T01:49:28+0200,65d3fff1-7125-472d-bbc3-1b240f9c8d5b,2026-07-22T20:45:00Z,2026-07-22T22:45:00+0200,0.0,MW,NL,NL,actual_onshore_wind_generation,Wind Onshore | Actual Consumption,2026-08-02T23:51:38Z
2026-08-02T23:49:28Z,2026-08-03T01:49:28+0200,65d3fff1-7125-472d-bbc3-1b240f9c8d5b,2026-07-22T21:00:00Z,2026-07-22T23:00:00+0200,519.371,MW,NL,NL,actual_onshore_wind_generation,Wind Onshore | Actual Aggregated,2026-08-02T23:51:38Z
2026-08-02T23:49:28Z,2026-08-03T01:49:28+0200,65d3fff1-7125-472d-bbc3-1b240f9c8d5b,2026-07-22T21:00:00Z,2026-07-22T23:00:00+0200,0.0,MW,NL,NL,actual_onshore_wind_generation,Wind Onshore | Actual Consumption,2026-08-02T23:51:38Z
2026-08-02T23:49:28Z,2026-08-03T01:49:28+0200,65d3fff1-7125-472d-bbc3-1b240f9c8d5b,2026-07-22T21:15:00Z,2026-07-22T23:15:00+0200,500.133,MW,NL,NL,actual_onshore_wind_generation,Wind Onshore | Actual Aggregated,2026-08-02T23:51:38Z
2026-08-02T23:49:28Z,2026-08-03T01:49:28+0200,65d3fff1-7125-472d-bbc3-1b240f9c8d5b,2026-07-22T21:15:00Z,2026-07-22T23:15:00+0200,0.0,MW,NL,NL,actual_onshore_wind_generation,Wind Onshore | Actual Consumption,2026-08-02T23:51:38Z
2026-08-02T23:49:28Z,2026-08-03T01:49:28+0200,65d3fff1-7125-472d-bbc3-1b240f9c8d5b,2026-07-22T21:30:00Z,2026-07-22T23:30:00+0200,504.88,MW,NL,NL,actual_onshore_wind_generation,Wind Onshore | Actual Aggregated,2026-08-02T23:51:38Z
2026-08-02T23:49:28Z,2026-08-03T01:49:28+0200,65d3fff1-7125-472d-bbc3-1b240f9c8d5b,2026-07-22T21:30:00Z,2026-07-22T23:30:00+0200,0.0,MW,NL,NL,actual_onshore_wind_generation,Wind Onshore | Actual Consumption,2026-08-02T23:51:38Z
2026-08-02T23:49:28Z,2026-08-03T01:49:28+0200,65d3fff1-7125-472d-bbc3-1b240f9c8d5b,2026-07-22T21:45:00Z,2026-07-22T23:45:00+0200,484.229,MW,NL,NL,actual_onshore_wind_generation,Wind Onshore | Actual Aggregated,2026-08-02T23:51:38Z
2026-08-02T23:49:28Z,2026-08-03T01:49:28+0200,65d3fff1-7125-472d-bbc3-1b240f9c8d5b,2026-07-22T21:45:00Z,2026-07-22T23:45:00+0200,0.0,MW,NL,NL,actual_onshore_wind_generation,Wind Onshore | Actual Consumption,2026-08-02T23:51:38Z
2026-08-02T23:49:28Z,2026-08-03T01:49:28+0200,65d3fff1-7125-472d-bbc3-1b240f9c8d5b,2026-07-22T22:00:00Z,2026-07-23T00:00:00+0200,482.87,MW,NL,NL,actual_onshore_wind_generation,Wind Onshore | Actual Aggregated,2026-08-02T23:51:38Z
2026-08-02T23:49:28Z,2026-08-03T01:49:28+0200,65d3fff1-7125-472d-bbc3-1b240f9c8d5b,2026-07-22T22:00:00Z,2026-07-23T00:00:00+0200,0.0,MW,NL,NL,actual_onshore_wind_generation,Wind Onshore | Actual Consumption,2026-08-02T23:51:38Z
2026-08-02T23:49:28Z,2026-08-03T01:49:28+0200,65d3fff1-7125-472d-bbc3-1b240f9c8d5b,2026-07-22T22:15:00Z,2026-07-23T00:15:00+0200,488.049,MW,NL,NL,actual_onshore_wind_generation,Wind Onshore | Actual Aggregated,2026-08-02T23:51:38Z
2026-08-02T23:49:28Z,2026-08-03T01:49:28+0200,65d3fff1-7125-472d-bbc3-1b240f9c8d5b,2026-07-22T22:15:00Z,2026-07-23T00:15:00+0200,0.0,MW,NL,NL,actual_onshore_wind_generation,Wind Onshore | Actual Consumption,2026-08-02T23:51:38Z
2026-08-02T23:49:28Z,2026-08-03T01:49:28+0200,65d3fff1-7125-472d-bbc3-1b240f9c8d5b,2026-07-22T22:30:00Z,2026-07-23T00:30:00+0200,461.162,MW,NL,NL,actual_onshore_wind_generation,Wind Onshore | Actual Aggregated,2026-08-02T23:51:38Z
2026-08-02T23:49:28Z,2026-08-03T01:49:28+0200,65d3fff1-7125-472d-bbc3-1b240f9c8d5b,2026-07-22T22:30:00Z,2026-07-23T00:30:00+0200,0.0,MW,NL,NL,actual_onshore_wind_generation,Wind Onshore | Actual Consumption,2026-08-02T23:51:38Z
2026-08-02T23:49:28Z,2026-08-03T01:49:28+0200,65d3fff1-7125-472d-bbc3-1b240f9c8d5b,2026-07-22T22:45:00Z,2026-07-23T00:45:00+0200,395.386,MW,NL,NL,actual_onshore_wind_generation,Wind Onshore | Actual Aggregated,2026-08-02T23:51:38Z
2026-08-02T23:49:28Z,2026-08-03T01:49:28+0200,65d3fff1-7125-472d-bbc3-1b240f9c8d5b,2026-07-22T22:45:00Z,2026-07-23T00:45:00+0200,0.0,MW,NL,NL,actual_onshore_wind_generation,Wind Onshore | Actual Consumption,2026-08-02T23:51:38Z
2026-08-02T23:49:28Z,2026-08-03T01:49:28+0200,65d3fff1-7125-472d-bbc3-1b240f9c8d5b,2026-07-22T23:00:00Z,2026-07-23T01:00:00+0200,397.36,MW,NL,NL,actual_onshore_wind_generation,Wind Onshore | Actual Aggregated,2026-08-02T23:51:38Z
2026-08-02T23:49:28Z,2026-08-03T01:49:28+0200,65d3fff1-7125-472d-bbc3-1b240f9c8d5b,2026-07-22T23:00:00Z,2026-07-23T01:00:00+0200,0.0,MW,NL,NL,actual_onshore_wind_generation,Wind Onshore | Actual Consumption,2026-08-02T23:51:38Z
2026-08-02T23:49:28Z,2026-08-03T01:49:28+0200,65d3fff1-7125-472d-bbc3-1b240f9c8d5b,2026-07-22T23:15:00Z,2026-07-23T01:15:00+0200,425.264,MW,NL,NL,actual_onshore_wind_generation,Wind Onshore | Actual Aggregated,2026-08-02T23:51:38Z
2026-08-02T23:49:28Z,2026-08-03T01:49:28+0200,65d3fff1-7125-472d-bbc3-1b240f9c8d5b,2026-07-22T23:15:00Z,2026-07-23T01:15:00+0200,0.0,MW,NL,NL,actual_onshore_wind_generation,Wind Onshore | Actual Consumption,2026-08-02T23:51:38Z
2026-08-02T23:49:28Z,2026-08-03T01:49:28+0200,65d3fff1-7125-472d-bbc3-1b240f9c8d5b,2026-07-22T23:30:00Z,2026-07-23T01:30:00+0200,395.666,MW,NL,NL,actual_onshore_wind_generation,Wind Onshore | Actual Aggregated,2026-08-02T23:51:38Z
2026-08-02T23:49:28Z,2026-08-03T01:49:28+0200,65d3fff1-7125-472d-bbc3-1b240f9c8d5b,2026-07-22T23:30:00Z,2026-07-23T01:30:00+0200,0.0,MW,NL,NL,actual_onshore_wind_generation,Wind Onshore | Actual Consumption,2026-08-02T23:51:38Z
2026-08-02T23:49:28Z,2026-08-03T01:49:28+0200,65d3fff1-7125-472d-bbc3-1b240f9c8d5b,2026-07-22T23:45:00Z,2026-07-23T01:45:00+0200,308.552,MW,NL,NL,actual_onshore_wind_generation,Wind Onshore | Actual Aggregated,2026-08-02T23:51:38Z
2026-08-02T23:49:28Z,2026-08-03T01:49:28+0200,65d3fff1-7125-472d-bbc3-1b240f9c8d5b,2026-07-22T23:45:00Z,2026-07-23T01:45:00+0200,0.0,MW,NL,NL,actual_onshore_wind_generation,Wind Onshore | Actual Consumption,2026-08-02T23:51:38Z
2026-08-02T23:49:28Z,2026-08-03T01:49:28+0200,65d3fff1-7125-472d-bbc3-1b240f9c8d5b,2026-07-23T00:00:00Z,2026-07-23T02:00:00+0200,289.154,MW,NL,NL,actual_onshore_wind_generation,Wind Onshore | Actual Aggregated,2026-08-02T23:51:38Z
2026-08-02T23:49:28Z,2026-08-03T01:49:28+0200,65d3fff1-7125-472d-bbc3-1b240f9c8d5b,2026-07-23T00:00:00Z,2026-07-23T02:00:00+0200,0.0,MW,NL,NL,actual_onshore_wind_generation,Wind Onshore | Actual Consumption,2026-08-02T23:51:38Z
2026-08-02T23:49:28Z,2026-08-03T01:49:28+0200,65d3fff1-7125-472d-bbc3-1b240f9c8d5b,2026-07-23T00:15:00Z,2026-07-23T02:15:00+0200,287.193,MW,NL,NL,actual_onshore_wind_generation,Wind Onshore | Actual Aggregated,2026-08-02T23:51:38Z
2026-08-02T23:49:28Z,2026-08-03T01:49:28+0200,65d3fff1-7125-472d-bbc3-1b240f9c8d5b,2026-07-23T00:15:00Z,2026-07-23T02:15:00+0200,0.0,MW,NL,NL,actual_onshore_wind_generation,Wind Onshore | Actual Consumption,2026-08-02T23:51:38Z
2026-08-02T23:49:28Z,2026-08-03T01:49:28+0200,65d3fff1-7125-472d-bbc3-1b240f9c8d5b,2026-07-23T00:30:00Z,2026-07-23T02:30:00+0200,307.456,MW,NL,NL,actual_onshore_wind_generation,Wind Onshore | Actual Aggregated,2026-08-02T23:51:38Z
2026-08-02T23:49:28Z,2026-08-03T01:49:28+0200,65d3fff1-7125-472d-bbc3-1b240f9c8d5b,2026-07-23T00:30:00Z,2026-07-23T02:30:00+0200,0.0,MW,NL,NL,actual_onshore_wind_generation,Wind Onshore | Actual Consumption,2026-08-02T23:51:38Z
2026-08-02T23:49:28Z,2026-08-03T01:49:28+0200,65d3fff1-7125-472d-bbc3-1b240f9c8d5b,2026-07-23T00:45:00Z,2026-07-23T02:45:00+0200,267.425,MW,NL,NL,actual_onshore_wind_generation,Wind Onshore | Actual Aggregated,2026-08-02T23:51:38Z
2026-08-02T23:49:28Z,2026-08-03T01:49:28+0200,65d3fff1-7125-472d-bbc3-1b240f9c8d5b,2026-07-23T00:45:00Z,2026-07-23T02:45:00+0200,0.0,MW,NL,NL,actual_onshore_wind_generation,Wind Onshore | Actual Consumption,2026-08-02T23:51:38Z
2026-08-02T23:49:28Z,2026-08-03T01:49:28+0200,65d3fff1-7125-472d-bbc3-1b240f9c8d5b,2026-07-23T01:00:00Z,2026-07-23T03:00:00+0200,268.72,MW,NL,NL,actual_onshore_wind_generation,Wind Onshore | Actual Aggregated,2026-08-02T23:51:38Z
2026-08-02T23:49:28Z,2026-08-03T01:49:28+0200,65d3fff1-7125-472d-bbc3-1b240f9c8d5b,2026-07-23T01:00:00Z,2026-07-23T03:00:00+0200,0.0,MW,NL,NL,actual_onshore_wind_generation,Wind Onshore | Actual Consumption,2026-08-02T23:51:38Z
2026-08-02T23:49:28Z,2026-08-03T01:49:28+0200,65d3fff1-7125-472d-bbc3-1b240f9c8d5b,2026-07-23T01:15:00Z,2026-07-23T03:15:00+0200,259.446,MW,NL,NL,actual_onshore_wind_generation,Wind Onshore | Actual Aggregated,2026-08-02T23:51:38Z
2026-08-02T23:49:28Z,2026-08-03T01:49:28+0200,65d3fff1-7125-472d-bbc3-1b240f9c8d5b,2026-07-23T01:15:00Z,2026-07-23T03:15:00+0200,0.0,MW,NL,NL,actual_onshore_wind_generation,Wind Onshore | Actual Consumption,2026-08-02T23:51:38Z
2026-08-02T23:49:28Z,2026-08-03T01:49:28+0200,65d3fff1-7125-472d-bbc3-1b240f9c8d5b,2026-07-23T01:30:00Z,2026-07-23T03:30:00+0200,260.859,MW,NL,NL,actual_onshore_wind_generation,Wind Onshore | Actual Aggregated,2026-08-02T23:51:38Z
2026-08-02T23:49:28Z,2026-08-03T01:49:28+0200,65d3fff1-7125-472d-bbc3-1b240f9c8d5b,2026-07-23T01:30:00Z,2026-07-23T03:30:00+0200,0.0,MW,NL,NL,actual_onshore_wind_generation,Wind Onshore | Actual Consumption,2026-08-02T23:51:38Z
2026-08-02T23:49:28Z,2026-08-03T01:49:28+0200,65d3fff1-7125-472d-bbc3-1b240f9c8d5b,2026-07-23T01:45:00Z,2026-07-23T03:45:00+0200,259.147,MW,NL,NL,actual_onshore_wind_generation,Wind Onshore | Actual Aggregated,2026-08-02T23:51:38Z
2026-08-02T23:49:28Z,2026-08-03T01:49:28+0200,65d3fff1-7125-472d-bbc3-1b240f9c8d5b,2026-07-23T01:45:00Z,2026-07-23T03:45:00+0200,0.0,MW,NL,NL,actual_onshore_wind_generation,Wind Onshore | Actual Consumption,2026-08-02T23:51:38Z
2026-08-02T23:49:28Z,2026-08-03T01:49:28+0200,65d3fff1-7125-472d-bbc3-1b240f9c8d5b,2026-07-23T02:00:00Z,2026-07-23T04:00:00+0200,233.308,MW,NL,NL,actual_onshore_wind_generation,Wind Onshore | Actual Aggregated,2026-08-02T23:51:38Z
2026-08-02T23:49:28Z,2026-08-03T01:49:28+0200,65d3fff1-7125-472d-bbc3-1b240f9c8d5b,2026-07-23T02:00:00Z,2026-07-23T04:00:00+0200,0.0,MW,NL,NL,actual_onshore_wind_generation,Wind Onshore | Actual Consumption,2026-08-02T23:51:38Z
2026-08-02T23:49:28Z,2026-08-03T01:49:28+0200,65d3fff1-7125-472d-bbc3-1b240f9c8d5b,2026-07-23T02:15:00Z,2026-07-23T04:15:00+0200,269.041,MW,NL,NL,actual_onshore_wind_generation,Wind Onshore | Actual Aggregated,2026-08-02T23:51:38Z
2026-08-02T23:49:28Z,2026-08-03T01:49:28+0200,65d3fff1-7125-472d-bbc3-1b240f9c8d5b,2026-07-23T02:15:00Z,2026-07-23T04:15:00+0200,0.0,MW,NL,NL,actual_onshore_wind_generation,Wind Onshore | Actual Consumption,2026-08-02T23:51:38Z
2026-08-02T23:49:28Z,2026-08-03T01:49:28+0200,65d3fff1-7125-472d-bbc3-1b240f9c8d5b,2026-07-23T02:30:00Z,2026-07-23T04:30:00+0200,281.156,MW,NL,NL,actual_onshore_wind_generation,Wind Onshore | Actual Aggregated,2026-08-02T23:51:38Z
2026-08-02T23:49:28Z,2026-08-03T01:49:28+0200,65d3fff1-7125-472d-bbc3-1b240f9c8d5b,2026-07-23T02:30:00Z,2026-07-23T04:30:00+0200,0.0,MW,NL,NL,actual_onshore_wind_generation,Wind Onshore | Actual Consumption,2026-08-02T23:51:38Z
2026-08-02T23:49:28Z,2026-08-03T01:49:28+0200,65d3fff1-7125-472d-bbc3-1b240f9c8d5b,2026-07-23T02:45:00Z,2026-07-23T04:45:00+0200,300.752,MW,NL,NL,actual_onshore_wind_generation,Wind Onshore | Actual Aggregated,2026-08-02T23:51:38Z
2026-08-02T23:49:28Z,2026-08-03T01:49:28+0200,65d3fff1-7125-472d-bbc3-1b240f9c8d5b,2026-07-23T02:45:00Z,2026-07-23T04:45:00+0200,0.0,MW,NL,NL,actual_onshore_wind_generation,Wind Onshore | Actual Consumption,2026-08-02T23:51:38Z
2026-08-02T23:49:28Z,2026-08-03T01:49:28+0200,65d3fff1-7125-472d-bbc3-1b240f9c8d5b,2026-07-23T03:00:00Z,2026-07-23T05:00:00+0200,298.458,MW,NL,NL,actual_onshore_wind_generation,Wind Onshore | Actual Aggregated,2026-08-02T23:51:38Z
2026-08-02T23:49:28Z,2026-08-03T01:49:28+0200,65d3fff1-7125-472d-bbc3-1b240f9c8d5b,2026-07-23T03:00:00Z,2026-07-23T05:00:00+0200,0.0,MW,NL,NL,actual_onshore_wind_generation,Wind Onshore | Actual Consumption,2026-08-02T23:51:38Z
2026-08-02T23:49:28Z,2026-08-03T01:49:28+0200,65d3fff1-7125-472d-bbc3-1b240f9c8d5b,2026-07-23T03:15:00Z,2026-07-23T05:15:00+0200,292.909,MW,NL,NL,actual_onshore_wind_generation,Wind Onshore | Actual Aggregated,2026-08-02T23:51:38Z
2026-08-02T23:49:28Z,2026-08-03T01:49:28+0200,65d3fff1-7125-472d-bbc3-1b240f9c8d5b,2026-07-23T03:15:00Z,2026-07-23T05:15:00+0200,0.0,MW,NL,NL,actual_onshore_wind_generation,Wind Onshore | Actual Consumption,2026-08-02T23:51:38Z
2026-08-02T23:49:28Z,2026-08-03T01:49:28+0200,65d3fff1-7125-472d-bbc3-1b240f9c8d5b,2026-07-23T03:30:00Z,2026-07-23T05:30:00+0200,343.199,MW,NL,NL,actual_onshore_wind_generation,Wind Onshore | Actual Aggregated,2026-08-02T23:51:38Z
2026-08-02T23:49:28Z,2026-08-03T01:49:28+0200,65d3fff1-7125-472d-bbc3-1b240f9c8d5b,2026-07-23T03:30:00Z,2026-07-23T05:30:00+0200,0.0,MW,NL,NL,actual_onshore_wind_generation,Wind Onshore | Actual Consumption,2026-08-02T23:51:38Z
2026-08-02T23:49:28Z,2026-08-03T01:49:28+0200,65d3fff1-7125-472d-bbc3-1b240f9c8d5b,2026-07-23T03:45:00Z,2026-07-23T05:45:00+0200,317.856,MW,NL,NL,actual_onshore_wind_generation,Wind Onshore | Actual Aggregated,2026-08-02T23:51:38Z
2026-08-02T23:49:28Z,2026-08-03T01:49:28+0200,65d3fff1-7125-472d-bbc3-1b240f9c8d5b,2026-07-23T03:45:00Z,2026-07-23T05:45:00+0200,0.0,MW,NL,NL,actual_onshore_wind_generation,Wind Onshore | Actual Consumption,2026-08-02T23:51:38Z
2026-08-02T23:49:28Z,2026-08-03T01:49:28+0200,65d3fff1-7125-472d-bbc3-1b240f9c8d5b,2026-07-23T04:00:00Z,2026-07-23T06:00:00+0200,354.281,MW,NL,NL,actual_onshore_wind_generation,Wind Onshore | Actual Aggregated,2026-08-02T23:51:38Z
2026-08-02T23:49:28Z,2026-08-03T01:49:28+0200,65d3fff1-7125-472d-bbc3-1b240f9c8d5b,2026-07-23T04:00:00Z,2026-07-23T06:00:00+0200,0.0,MW,NL,NL,actual_onshore_wind_generation,Wind Onshore | Actual Consumption,2026-08-02T23:51:38Z
2026-08-02T23:49:28Z,2026-08-03T01:49:28+0200,65d3fff1-7125-472d-bbc3-1b240f9c8d5b,2026-07-23T04:15:00Z,2026-07-23T06:15:00+0200,376.842,MW,NL,NL,actual_onshore_wind_generation,Wind Onshore | Actual Aggregated,2026-08-02T23:51:38Z
2026-08-02T23:49:28Z,2026-08-03T01:49:28+0200,65d3fff1-7125-472d-bbc3-1b240f9c8d5b,2026-07-23T04:15:00Z,2026-07-23T06:15:00+0200,0.0,MW,NL,NL,actual_onshore_wind_generation,Wind Onshore | Actual Consumption,2026-08-02T23:51:38Z
2026-08-02T23:49:28Z,2026-08-03T01:49:28+0200,65d3fff1-7125-472d-bbc3-1b240f9c8d5b,2026-07-23T04:30:00Z,2026-07-23T06:30:00+0200,425.362,MW,NL,NL,actual_onshore_wind_generation,Wind Onshore | Actual Aggregated,2026-08-02T23:51:38Z
2026-08-02T23:49:28Z,2026-08-03T01:49:28+0200,65d3fff1-7125-472d-bbc3-1b240f9c8d5b,2026-07-23T04:30:00Z,2026-07-23T06:30:00+0200,0.0,MW,NL,NL,actual_onshore_wind_generation,Wind Onshore | Actual Consumption,2026-08-02T23:51:38Z
2026-08-02T23:49:28Z,2026-08-03T01:49:28+0200,65d3fff1-7125-472d-bbc3-1b240f9c8d5b,2026-07-23T04:45:00Z,2026-07-23T06:45:00+0200,321.106,MW,NL,NL,actual_onshore_wind_generation,Wind Onshore | Actual Aggregated,2026-08-02T23:51:38Z
2026-08-02T23:49:28Z,2026-08-03T01:49:28+0200,65d3fff1-7125-472d-bbc3-1b240f9c8d5b,2026-07-23T04:45:00Z,2026-07-23T06:45:00+0200,0.0,MW,NL,NL,actual_onshore_wind_generation,Wind Onshore | Actual Consumption,2026-08-02T23:51:38Z
2026-08-02T23:49:28Z,2026-08-03T01:49:28+0200,65d3fff1-7125-472d-bbc3-1b240f9c8d5b,2026-07-23T05:00:00Z,2026-07-23T07:00:00+0200,314.42,MW,NL,NL,actual_onshore_wind_generation,Wind Onshore | Actual Aggregated,2026-08-02T23:51:38Z
2026-08-02T23:49:28Z,2026-08-03T01:49:28+0200,65d3fff1-7125-472d-bbc3-1b240f9c8d5b,2026-07-23T05:00:00Z,2026-07-23T07:00:00+0200,2.716,MW,NL,NL,actual_onshore_wind_generation,Wind Onshore | Actual Consumption,2026-08-02T23:51:38Z
2026-08-02T23:49:28Z,2026-08-03T01:49:28+0200,65d3fff1-7125-472d-bbc3-1b240f9c8d5b,2026-07-23T05:15:00Z,2026-07-23T07:15:00+0200,203.328,MW,NL,NL,actual_onshore_wind_generation,Wind Onshore | Actual Aggregated,2026-08-02T23:51:38Z
2026-08-02T23:49:28Z,2026-08-03T01:49:28+0200,65d3fff1-7125-472d-bbc3-1b240f9c8d5b,2026-07-23T05:15:00Z,2026-07-23T07:15:00+0200,1.948,MW,NL,NL,actual_onshore_wind_generation,Wind Onshore | Actual Consumption,2026-08-02T23:51:38Z
2026-08-02T23:49:28Z,2026-08-03T01:49:28+0200,65d3fff1-7125-472d-bbc3-1b240f9c8d5b,2026-07-23T05:30:00Z,2026-07-23T07:30:00+0200,173.701,MW,NL,NL,actual_onshore_wind_generation,Wind Onshore | Actual Aggregated,2026-08-02T23:51:38Z
2026-08-02T23:49:28Z,2026-08-03T01:49:28+0200,65d3fff1-7125-472d-bbc3-1b240f9c8d5b,2026-07-23T05:30:00Z,2026-07-23T07:30:00+0200,0.234,MW,NL,NL,actual_onshore_wind_generation,Wind Onshore | Actual Consumption,2026-08-02T23:51:38Z
2026-08-02T23:49:28Z,2026-08-03T01:49:28+0200,65d3fff1-7125-472d-bbc3-1b240f9c8d5b,2026-07-23T05:45:00Z,2026-07-23T07:45:00+0200,174.867,MW,NL,NL,actual_onshore_wind_generation,Wind Onshore | Actual Aggregated,2026-08-02T23:51:38Z
2026-08-02T23:49:28Z,2026-08-03T01:49:28+0200,65d3fff1-7125-472d-bbc3-1b240f9c8d5b,2026-07-23T05:45:00Z,2026-07-23T07:45:00+0200,0.0,MW,NL,NL,actual_onshore_wind_generation,Wind Onshore | Actual Consumption,2026-08-02T23:51:38Z
2026-08-02T23:49:28Z,2026-08-03T01:49:28+0200,65d3fff1-7125-472d-bbc3-1b240f9c8d5b,2026-07-23T06:00:00Z,2026-07-23T08:00:00+0200,174.902,MW,NL,NL,actual_onshore_wind_generation,Wind Onshore | Actual Aggregated,2026-08-02T23:51:38Z
2026-08-02T23:49:28Z,2026-08-03T01:49:28+0200,65d3fff1-7125-472d-bbc3-1b240f9c8d5b,2026-07-23T06:00:00Z,2026-07-23T08:00:00+0200,0.0,MW,NL,NL,actual_onshore_wind_generation,Wind Onshore | Actual Consumption,2026-08-02T23:51:38Z
2026-08-02T23:49:28Z,2026-08-03T01:49:28+0200,65d3fff1-7125-472d-bbc3-1b240f9c8d5b,2026-07-23T06:15:00Z,2026-07-23T08:15:00+0200,148.543,MW,NL,NL,actual_onshore_wind_generation,Wind Onshore | Actual Aggregated,2026-08-02T23:51:38Z
2026-08-02T23:49:28Z,2026-08-03T01:49:28+0200,65d3fff1-7125-472d-bbc3-1b240f9c8d5b,2026-07-23T06:15:00Z,2026-07-23T08:15:00+0200,0.0,MW,NL,NL,actual_onshore_wind_generation,Wind Onshore | Actual Consumption,2026-08-02T23:51:38Z
2026-08-02T23:49:28Z,2026-08-03T01:49:28+0200,65d3fff1-7125-472d-bbc3-1b240f9c8d5b,2026-07-23T06:30:00Z,2026-07-23T08:30:00+0200,106.183,MW,NL,NL,actual_onshore_wind_generation,Wind Onshore | Actual Aggregated,2026-08-02T23:51:38Z
2026-08-02T23:49:28Z,2026-08-03T01:49:28+0200,65d3fff1-7125-472d-bbc3-1b240f9c8d5b,2026-07-23T06:30:00Z,2026-07-23T08:30:00+0200,0.0,MW,NL,NL,actual_onshore_wind_generation,Wind Onshore | Actual Consumption,2026-08-02T23:51:38Z
2026-08-02T23:49:28Z,2026-08-03T01:49:28+0200,65d3fff1-7125-472d-bbc3-1b240f9c8d5b,2026-07-23T06:45:00Z,2026-07-23T08:45:00+0200,125.29,MW,NL,NL,actual_onshore_wind_generation,Wind Onshore | Actual Aggregated,2026-08-02T23:51:38Z
2026-08-02T23:49:28Z,2026-08-03T01:49:28+0200,65d3fff1-7125-472d-bbc3-1b240f9c8d5b,2026-07-23T06:45:00Z,2026-07-23T08:45:00+0200,0.0,MW,NL,NL,actual_onshore_wind_generation,Wind Onshore | Actual Consumption,2026-08-02T23:51:38Z
2026-08-02T23:49:28Z,2026-08-03T01:49:28+0200,65d3fff1-7125-472d-bbc3-1b240f9c8d5b,2026-07-23T07:00:00Z,2026-07-23T09:00:00+0200,141.371,MW,NL,NL,actual_onshore_wind_generation,Wind Onshore | Actual Aggregated,2026-08-02T23:51:38Z
2026-08-02T23:49:28Z,2026-08-03T01:49:28+0200,65d3fff1-7125-472d-bbc3-1b240f9c8d5b,2026-07-23T07:00:00Z,2026-07-23T09:00:00+0200,0.0,MW,NL,NL,actual_onshore_wind_generation,Wind Onshore | Actual Consumption,2026-08-02T23:51:38Z
2026-08-02T23:49:28Z,2026-08-03T01:49:28+0200,65d3fff1-7125-472d-bbc3-1b240f9c8d5b,2026-07-23T07:15:00Z,2026-07-23T09:15:00+0200,143.504,MW,NL,NL,actual_onshore_wind_generation,Wind Onshore | Actual Aggregated,2026-08-02T23:51:38Z
2026-08-02T23:49:28Z,2026-08-03T01:49:28+0200,65d3fff1-7125-472d-bbc3-1b240f9c8d5b,2026-07-23T07:15:00Z,2026-07-23T09:15:00+0200,0.0,MW,NL,NL,actual_onshore_wind_generation,Wind Onshore | Actual Consumption,2026-08-02T23:51:38Z
2026-08-02T23:49:28Z,2026-08-03T01:49:28+0200,65d3fff1-7125-472d-bbc3-1b240f9c8d5b,2026-07-23T07:30:00Z,2026-07-23T09:30:00+0200,123.526,MW,NL,NL,actual_onshore_wind_generation,Wind Onshore | Actual Aggregated,2026-08-02T23:51:38Z
2026-08-02T23:49:28Z,2026-08-03T01:49:28+0200,65d3fff1-7125-472d-bbc3-1b240f9c8d5b,2026-07-23T07:30:00Z,2026-07-23T09:30:00+0200,0.0,MW,NL,NL,actual_onshore_wind_generation,Wind Onshore | Actual Consumption,2026-08-02T23:51:38Z
2026-08-02T23:49:28Z,2026-08-03T01:49:28+0200,65d3fff1-7125-472d-bbc3-1b240f9c8d5b,2026-07-23T07:45:00Z,2026-07-23T09:45:00+0200,95.505,MW,NL,NL,actual_onshore_wind_generation,Wind Onshore | Actual Aggregated,2026-08-02T23:51:38Z
2026-08-02T23:49:28Z,2026-08-03T01:49:28+0200,65d3fff1-7125-472d-bbc3-1b240f9c8d5b,2026-07-23T07:45:00Z,2026-07-23T09:45:00+0200,0.0,MW,NL,NL,actual_onshore_wind_generation,Wind Onshore | Actual Consumption,2026-08-02T23:51:38Z
2026-08-02T23:49:28Z,2026-08-03T01:49:28+0200,65d3fff1-7125-472d-bbc3-1b240f9c8d5b,2026-07-23T08:00:00Z,2026-07-23T10:00:00+0200,102.484,MW,NL,NL,actual_onshore_wind_generation,Wind Onshore | Actual Aggregated,2026-08-02T23:51:38Z
2026-08-02T23:49:28Z,2026-08-03T01:49:28+0200,65d3fff1-7125-472d-bbc3-1b240f9c8d5b,2026-07-23T08:00:00Z,2026-07-23T10:00:00+0200,0.0,MW,NL,NL,actual_onshore_wind_generation,Wind Onshore | Actual Consumption,2026-08-02T23:51:38Z
2026-08-02T23:49:28Z,2026-08-03T01:49:28+0200,65d3fff1-7125-472d-bbc3-1b240f9c8d5b,2026-07-23T08:15:00Z,2026-07-23T10:15:00+0200,131.957,MW,NL,NL,actual_onshore_wind_generation,Wind Onshore | Actual Aggregated,2026-08-02T23:51:38Z
2026-08-02T23:49:28Z,2026-08-03T01:49:28+0200,65d3fff1-7125-472d-bbc3-1b240f9c8d5b,2026-07-23T08:15:00Z,2026-07-23T10:15:00+0200,0.0,MW,NL,NL,actual_onshore_wind_generation,Wind Onshore | Actual Consumption,2026-08-02T23:51:38Z
2026-08-02T23:49:28Z,2026-08-03T01:49:28+0200,65d3fff1-7125-472d-bbc3-1b240f9c8d5b,2026-07-23T08:30:00Z,2026-07-23T10:30:00+0200,163.521,MW,NL,NL,actual_onshore_wind_generation,Wind Onshore | Actual Aggregated,2026-08-02T23:51:38Z
2026-08-02T23:49:28Z,2026-08-03T01:49:28+0200,65d3fff1-7125-472d-bbc3-1b240f9c8d5b,2026-07-23T08:30:00Z,2026-07-23T10:30:00+0200,0.0,MW,NL,NL,actual_onshore_wind_generation,Wind Onshore | Actual Consumption,2026-08-02T23:51:38Z
2026-08-02T23:49:28Z,2026-08-03T01:49:28+0200,65d3fff1-7125-472d-bbc3-1b240f9c8d5b,2026-07-23T08:45:00Z,2026-07-23T10:45:00+0200,140.103,MW,NL,NL,actual_onshore_wind_generation,Wind Onshore | Actual Aggregated,2026-08-02T23:51:38Z
2026-08-02T23:49:28Z,2026-08-03T01:49:28+0200,65d3fff1-7125-472d-bbc3-1b240f9c8d5b,2026-07-23T08:45:00Z,2026-07-23T10:45:00+0200,0.0,MW,NL,NL,actual_onshore_wind_generation,Wind Onshore | Actual Consumption,2026-08-02T23:51:38Z
2026-08-02T23:49:28Z,2026-08-03T01:49:28+0200,65d3fff1-7125-472d-bbc3-1b240f9c8d5b,2026-07-23T09:00:00Z,2026-07-23T11:00:00+0200,105.063,MW,NL,NL,actual_onshore_wind_generation,Wind Onshore | Actual Aggregated,2026-08-02T23:51:38Z
2026-08-02T23:49:28Z,2026-08-03T01:49:28+0200,65d3fff1-7125-472d-bbc3-1b240f9c8d5b,2026-07-23T09:00:00Z,2026-07-23T11:00:00+0200,0.0,MW,NL,NL,actual_onshore_wind_generation,Wind Onshore | Actual Consumption,2026-08-02T23:51:38Z
2026-08-02T23:49:28Z,2026-08-03T01:49:28+0200,65d3fff1-7125-472d-bbc3-1b240f9c8d5b,2026-07-23T09:15:00Z,2026-07-23T11:15:00+0200,152.555,MW,NL,NL,actual_onshore_wind_generation,Wind Onshore | Actual Aggregated,2026-08-02T23:51:38Z
2026-08-02T23:49:28Z,2026-08-03T01:49:28+0200,65d3fff1-7125-472d-bbc3-1b240f9c8d5b,2026-07-23T09:15:00Z,2026-07-23T11:15:00+0200,0.0,MW,NL,NL,actual_onshore_wind_generation,Wind Onshore | Actual Consumption,2026-08-02T23:51:38Z
2026-08-02T23:49:28Z,2026-08-03T01:49:28+0200,65d3fff1-7125-472d-bbc3-1b240f9c8d5b,2026-07-23T09:30:00Z,2026-07-23T11:30:00+0200,155.145,MW,NL,NL,actual_onshore_wind_generation,Wind Onshore | Actual Aggregated,2026-08-02T23:51:38Z
2026-08-02T23:49:28Z,2026-08-03T01:49:28+0200,65d3fff1-7125-472d-bbc3-1b240f9c8d5b,2026-07-23T09:30:00Z,2026-07-23T11:30:00+0200,0.0,MW,NL,NL,actual_onshore_wind_generation,Wind Onshore | Actual Consumption,2026-08-02T23:51:38Z
2026-08-02T23:49:28Z,2026-08-03T01:49:28+0200,65d3fff1-7125-472d-bbc3-1b240f9c8d5b,2026-07-23T09:45:00Z,2026-07-23T11:45:00+0200,137.79,MW,NL,NL,actual_onshore_wind_generation,Wind Onshore | Actual Aggregated,2026-08-02T23:51:38Z
2026-08-02T23:49:28Z,2026-08-03T01:49:28+0200,65d3fff1-7125-472d-bbc3-1b240f9c8d5b,2026-07-23T09:45:00Z,2026-07-23T11:45:00+0200,0.0,MW,NL,NL,actual_onshore_wind_generation,Wind Onshore | Actual Consumption,2026-08-02T23:51:38Z
2026-08-02T23:49:28Z,2026-08-03T01:49:28+0200,65d3fff1-7125-472d-bbc3-1b240f9c8d5b,2026-07-23T10:00:00Z,2026-07-23T12:00:00+0200,118.077,MW,NL,NL,actual_onshore_wind_generation,Wind Onshore | Actual Aggregated,2026-08-02T23:51:38Z
2026-08-02T23:49:28Z,2026-08-03T01:49:28+0200,65d3fff1-7125-472d-bbc3-1b240f9c8d5b,2026-07-23T10:00:00Z,2026-07-23T12:00:00+0200,0.0,MW,NL,NL,actual_onshore_wind_generation,Wind Onshore | Actual Consumption,2026-08-02T23:51:38Z
2026-08-02T23:49:28Z,2026-08-03T01:49:28+0200,65d3fff1-7125-472d-bbc3-1b240f9c8d5b,2026-07-23T10:15:00Z,2026-07-23T12:15:00+0200,112.483,MW,NL,NL,actual_onshore_wind_generation,Wind Onshore | Actual Aggregated,2026-08-02T23:51:38Z
2026-08-02T23:49:28Z,2026-08-03T01:49:28+0200,65d3fff1-7125-472d-bbc3-1b240f9c8d5b,2026-07-23T10:15:00Z,2026-07-23T12:15:00+0200,0.0,MW,NL,NL,actual_onshore_wind_generation,Wind Onshore | Actual Consumption,2026-08-02T23:51:38Z
2026-08-02T23:49:28Z,2026-08-03T01:49:28+0200,65d3fff1-7125-472d-bbc3-1b240f9c8d5b,2026-07-23T10:30:00Z,2026-07-23T12:30:00+0200,127.731,MW,NL,NL,actual_onshore_wind_generation,Wind Onshore | Actual Aggregated,2026-08-02T23:51:38Z
2026-08-02T23:49:28Z,2026-08-03T01:49:28+0200,65d3fff1-7125-472d-bbc3-1b240f9c8d5b,2026-07-23T10:30:00Z,2026-07-23T12:30:00+0200,0.0,MW,NL,NL,actual_onshore_wind_generation,Wind Onshore | Actual Consumption,2026-08-02T23:51:38Z
2026-08-02T23:49:28Z,2026-08-03T01:49:28+0200,65d3fff1-7125-472d-bbc3-1b240f9c8d5b,2026-07-23T10:45:00Z,2026-07-23T12:45:00+0200,136.265,MW,NL,NL,actual_onshore_wind_generation,Wind Onshore | Actual Aggregated,2026-08-02T23:51:38Z
2026-08-02T23:49:28Z,2026-08-03T01:49:28+0200,65d3fff1-7125-472d-bbc3-1b240f9c8d5b,2026-07-23T10:45:00Z,2026-07-23T12:45:00+0200,0.0,MW,NL,NL,actual_onshore_wind_generation,Wind Onshore | Actual Consumption,2026-08-02T23:51:38Z
2026-08-02T23:49:28Z,2026-08-03T01:49:28+0200,65d3fff1-7125-472d-bbc3-1b240f9c8d5b,2026-07-23T11:00:00Z,2026-07-23T13:00:00+0200,131.372,MW,NL,NL,actual_onshore_wind_generation,Wind Onshore | Actual Aggregated,2026-08-02T23:51:38Z
2026-08-02T23:49:28Z,2026-08-03T01:49:28+0200,65d3fff1-7125-472d-bbc3-1b240f9c8d5b,2026-07-23T11:00:00Z,2026-07-23T13:00:00+0200,0.0,MW,NL,NL,actual_onshore_wind_generation,Wind Onshore | Actual Consumption,2026-08-02T23:51:38Z
2026-08-02T23:49:28Z,2026-08-03T01:49:28+0200,65d3fff1-7125-472d-bbc3-1b240f9c8d5b,2026-07-23T11:15:00Z,2026-07-23T13:15:00+0200,136.752,MW,NL,NL,actual_onshore_wind_generation,Wind Onshore | Actual Aggregated,2026-08-02T23:51:38Z
2026-08-02T23:49:28Z,2026-08-03T01:49:28+0200,65d3fff1-7125-472d-bbc3-1b240f9c8d5b,2026-07-23T11:15:00Z,2026-07-23T13:15:00+0200,0.0,MW,NL,NL,actual_onshore_wind_generation,Wind Onshore | Actual Consumption,2026-08-02T23:51:38Z
2026-08-02T23:49:28Z,2026-08-03T01:49:28+0200,65d3fff1-7125-472d-bbc3-1b240f9c8d5b,2026-07-23T11:30:00Z,2026-07-23T13:30:00+0200,127.007,MW,NL,NL,actual_onshore_wind_generation,Wind Onshore | Actual Aggregated,2026-08-02T23:51:38Z
2026-08-02T23:49:28Z,2026-08-03T01:49:28+0200,65d3fff1-7125-472d-bbc3-1b240f9c8d5b,2026-07-23T11:30:00Z,2026-07-23T13:30:00+0200,0.0,MW,NL,NL,actual_onshore_wind_generation,Wind Onshore | Actual Consumption,2026-08-02T23:51:38Z
2026-08-02T23:49:28Z,2026-08-03T01:49:28+0200,65d3fff1-7125-472d-bbc3-1b240f9c8d5b,2026-07-23T11:45:00Z,2026-07-23T13:45:00+0200,122.956,MW,NL,NL,actual_onshore_wind_generation,Wind Onshore | Actual Aggregated,2026-08-02T23:51:38Z
2026-08-02T23:49:28Z,2026-08-03T01:49:28+0200,65d3fff1-7125-472d-bbc3-1b240f9c8d5b,2026-07-23T11:45:00Z,2026-07-23T13:45:00+0200,0.0,MW,NL,NL,actual_onshore_wind_generation,Wind Onshore | Actual Consumption,2026-08-02T23:51:38Z
2026-08-02T23:49:28Z,2026-08-03T01:49:28+0200,65d3fff1-7125-472d-bbc3-1b240f9c8d5b,2026-07-23T12:00:00Z,2026-07-23T14:00:00+0200,123.853,MW,NL,NL,actual_onshore_wind_generation,Wind Onshore | Actual Aggregated,2026-08-02T23:51:38Z
2026-08-02T23:49:28Z,2026-08-03T01:49:28+0200,65d3fff1-7125-472d-bbc3-1b240f9c8d5b,2026-07-23T12:00:00Z,2026-07-23T14:00:00+0200,0.0,MW,NL,NL,actual_onshore_wind_generation,Wind Onshore | Actual Consumption,2026-08-02T23:51:38Z
2026-08-02T23:49:28Z,2026-08-03T01:49:28+0200,65d3fff1-7125-472d-bbc3-1b240f9c8d5b,2026-07-23T12:15:00Z,2026-07-23T14:15:00+0200,170.987,MW,NL,NL,actual_onshore_wind_generation,Wind Onshore | Actual Aggregated,2026-08-02T23:51:38Z
2026-08-02T23:49:28Z,2026-08-03T01:49:28+0200,65d3fff1-7125-472d-bbc3-1b240f9c8d5b,2026-07-23T12:15:00Z,2026-07-23T14:15:00+0200,0.0,MW,NL,NL,actual_onshore_wind_generation,Wind Onshore | Actual Consumption,2026-08-02T23:51:38Z
2026-08-02T23:49:28Z,2026-08-03T01:49:28+0200,65d3fff1-7125-472d-bbc3-1b240f9c8d5b,2026-07-23T12:30:00Z,2026-07-23T14:30:00+0200,144.778,MW,NL,NL,actual_onshore_wind_generation,Wind Onshore | Actual Aggregated,2026-08-02T23:51:38Z
2026-08-02T23:49:28Z,2026-08-03T01:49:28+0200,65d3fff1-7125-472d-bbc3-1b240f9c8d5b,2026-07-23T12:30:00Z,2026-07-23T14:30:00+0200,0.0,MW,NL,NL,actual_onshore_wind_generation,Wind Onshore | Actual Consumption,2026-08-02T23:51:38Z
2026-08-02T23:49:28Z,2026-08-03T01:49:28+0200,65d3fff1-7125-472d-bbc3-1b240f9c8d5b,2026-07-23T12:45:00Z,2026-07-23T14:45:00+0200,121.44,MW,NL,NL,actual_onshore_wind_generation,Wind Onshore | Actual Aggregated,2026-08-02T23:51:38Z
2026-08-02T23:49:28Z,2026-08-03T01:49:28+0200,65d3fff1-7125-472d-bbc3-1b240f9c8d5b,2026-07-23T12:45:00Z,2026-07-23T14:45:00+0200,0.0,MW,NL,NL,actual_onshore_wind_generation,Wind Onshore | Actual Consumption,2026-08-02T23:51:38Z
2026-08-02T23:49:28Z,2026-08-03T01:49:28+0200,65d3fff1-7125-472d-bbc3-1b240f9c8d5b,2026-07-23T13:00:00Z,2026-07-23T15:00:00+0200,130.347,MW,NL,NL,actual_onshore_wind_generation,Wind Onshore | Actual Aggregated,2026-08-02T23:51:38Z
2026-08-02T23:49:28Z,2026-08-03T01:49:28+0200,65d3fff1-7125-472d-bbc3-1b240f9c8d5b,2026-07-23T13:00:00Z,2026-07-23T15:00:00+0200,0.0,MW,NL,NL,actual_onshore_wind_generation,Wind Onshore | Actual Consumption,2026-08-02T23:51:38Z
2026-08-02T23:49:28Z,2026-08-03T01:49:28+0200,65d3fff1-7125-472d-bbc3-1b240f9c8d5b,2026-07-23T13:15:00Z,2026-07-23T15:15:00+0200,155.826,MW,NL,NL,actual_onshore_wind_generation,Wind Onshore | Actual Aggregated,2026-08-02T23:51:38Z
2026-08-02T23:49:28Z,2026-08-03T01:49:28+0200,65d3fff1-7125-472d-bbc3-1b240f9c8d5b,2026-07-23T13:15:00Z,2026-07-23T15:15:00+0200,0.0,MW,NL,NL,actual_onshore_wind_generation,Wind Onshore | Actual Consumption,2026-08-02T23:51:38Z
2026-08-02T23:49:28Z,2026-08-03T01:49:28+0200,65d3fff1-7125-472d-bbc3-1b240f9c8d5b,2026-07-23T13:30:00Z,2026-07-23T15:30:00+0200,142.669,MW,NL,NL,actual_onshore_wind_generation,Wind Onshore | Actual Aggregated,2026-08-02T23:51:38Z
2026-08-02T23:49:28Z,2026-08-03T01:49:28+0200,65d3fff1-7125-472d-bbc3-1b240f9c8d5b,2026-07-23T13:30:00Z,2026-07-23T15:30:00+0200,0.0,MW,NL,NL,actual_onshore_wind_generation,Wind Onshore | Actual Consumption,2026-08-02T23:51:38Z
2026-08-02T23:49:28Z,2026-08-03T01:49:28+0200,65d3fff1-7125-472d-bbc3-1b240f9c8d5b,2026-07-23T13:45:00Z,2026-07-23T15:45:00+0200,136.284,MW,NL,NL,actual_onshore_wind_generation,Wind Onshore | Actual Aggregated,2026-08-02T23:51:38Z
2026-08-02T23:49:28Z,2026-08-03T01:49:28+0200,65d3fff1-7125-472d-bbc3-1b240f9c8d5b,2026-07-23T13:45:00Z,2026-07-23T15:45:00+0200,0.0,MW,NL,NL,actual_onshore_wind_generation,Wind Onshore | Actual Consumption,2026-08-02T23:51:38Z
2026-08-02T23:49:28Z,2026-08-03T01:49:28+0200,65d3fff1-7125-472d-bbc3-1b240f9c8d5b,2026-07-23T14:00:00Z,2026-07-23T16:00:00+0200,147.67,MW,NL,NL,actual_onshore_wind_generation,Wind Onshore | Actual Aggregated,2026-08-02T23:51:38Z
2026-08-02T23:49:28Z,2026-08-03T01:49:28+0200,65d3fff1-7125-472d-bbc3-1b240f9c8d5b,2026-07-23T14:00:00Z,2026-07-23T16:00:00+0200,0.0,MW,NL,NL,actual_onshore_wind_generation,Wind Onshore | Actual Consumption,2026-08-02T23:51:38Z
2026-08-02T23:49:28Z,2026-08-03T01:49:28+0200,65d3fff1-7125-472d-bbc3-1b240f9c8d5b,2026-07-23T14:15:00Z,2026-07-23T16:15:00+0200,155.086,MW,NL,NL,actual_onshore_wind_generation,Wind Onshore | Actual Aggregated,2026-08-02T23:51:38Z
2026-08-02T23:49:28Z,2026-08-03T01:49:28+0200,65d3fff1-7125-472d-bbc3-1b240f9c8d5b,2026-07-23T14:15:00Z,2026-07-23T16:15:00+0200,0.0,MW,NL,NL,actual_onshore_wind_generation,Wind Onshore | Actual Consumption,2026-08-02T23:51:38Z
2026-08-02T23:49:28Z,2026-08-03T01:49:28+0200,65d3fff1-7125-472d-bbc3-1b240f9c8d5b,2026-07-23T14:30:00Z,2026-07-23T16:30:00+0200,139.829,MW,NL,NL,actual_onshore_wind_generation,Wind Onshore | Actual Aggregated,2026-08-02T23:51:38Z
2026-08-02T23:49:28Z,2026-08-03T01:49:28+0200,65d3fff1-7125-472d-bbc3-1b240f9c8d5b,2026-07-23T14:30:00Z,2026-07-23T16:30:00+0200,0.0,MW,NL,NL,actual_onshore_wind_generation,Wind Onshore | Actual Consumption,2026-08-02T23:51:38Z
2026-08-02T23:49:28Z,2026-08-03T01:49:28+0200,65d3fff1-7125-472d-bbc3-1b240f9c8d5b,2026-07-23T14:45:00Z,2026-07-23T16:45:00+0200,131.834,MW,NL,NL,actual_onshore_wind_generation,Wind Onshore | Actual Aggregated,2026-08-02T23:51:38Z
2026-08-02T23:49:28Z,2026-08-03T01:49:28+0200,65d3fff1-7125-472d-bbc3-1b240f9c8d5b,2026-07-23T14:45:00Z,2026-07-23T16:45:00+0200,0.0,MW,NL,NL,actual_onshore_wind_generation,Wind Onshore | Actual Consumption,2026-08-02T23:51:38Z
2026-08-02T23:49:28Z,2026-08-03T01:49:28+0200,65d3fff1-7125-472d-bbc3-1b240f9c8d5b,2026-07-23T15:00:00Z,2026-07-23T17:00:00+0200,158.834,MW,NL,NL,actual_onshore_wind_generation,Wind Onshore | Actual Aggregated,2026-08-02T23:51:38Z
2026-08-02T23:49:28Z,2026-08-03T01:49:28+0200,65d3fff1-7125-472d-bbc3-1b240f9c8d5b,2026-07-23T15:00:00Z,2026-07-23T17:00:00+0200,0.0,MW,NL,NL,actual_onshore_wind_generation,Wind Onshore | Actual Consumption,2026-08-02T23:51:38Z
2026-08-02T23:49:28Z,2026-08-03T01:49:28+0200,65d3fff1-7125-472d-bbc3-1b240f9c8d5b,2026-07-23T15:15:00Z,2026-07-23T17:15:00+0200,194.613,MW,NL,NL,actual_onshore_wind_generation,Wind Onshore | Actual Aggregated,2026-08-02T23:51:38Z
2026-08-02T23:49:28Z,2026-08-03T01:49:28+0200,65d3fff1-7125-472d-bbc3-1b240f9c8d5b,2026-07-23T15:15:00Z,2026-07-23T17:15:00+0200,0.0,MW,NL,NL,actual_onshore_wind_generation,Wind Onshore | Actual Consumption,2026-08-02T23:51:38Z
2026-08-02T23:49:28Z,2026-08-03T01:49:28+0200,65d3fff1-7125-472d-bbc3-1b240f9c8d5b,2026-07-23T15:30:00Z,2026-07-23T17:30:00+0200,187.71,MW,NL,NL,actual_onshore_wind_generation,Wind Onshore | Actual Aggregated,2026-08-02T23:51:38Z
2026-08-02T23:49:28Z,2026-08-03T01:49:28+0200,65d3fff1-7125-472d-bbc3-1b240f9c8d5b,2026-07-23T15:30:00Z,2026-07-23T17:30:00+0200,0.0,MW,NL,NL,actual_onshore_wind_generation,Wind Onshore | Actual Consumption,2026-08-02T23:51:38Z
2026-08-02T23:49:28Z,2026-08-03T01:49:28+0200,65d3fff1-7125-472d-bbc3-1b240f9c8d5b,2026-07-23T15:45:00Z,2026-07-23T17:45:00+0200,157.061,MW,NL,NL,actual_onshore_wind_generation,Wind Onshore | Actual Aggregated,2026-08-02T23:51:38Z
2026-08-02T23:49:28Z,2026-08-03T01:49:28+0200,65d3fff1-7125-472d-bbc3-1b240f9c8d5b,2026-07-23T15:45:00Z,2026-07-23T17:45:00+0200,0.0,MW,NL,NL,actual_onshore_wind_generation,Wind Onshore | Actual Consumption,2026-08-02T23:51:38Z
2026-08-02T23:49:28Z,2026-08-03T01:49:28+0200,65d3fff1-7125-472d-bbc3-1b240f9c8d5b,2026-07-23T16:00:00Z,2026-07-23T18:00:00+0200,123.187,MW,NL,NL,actual_onshore_wind_generation,Wind Onshore | Actual Aggregated,2026-08-02T23:51:38Z
2026-08-02T23:49:28Z,2026-08-03T01:49:28+0200,65d3fff1-7125-472d-bbc3-1b240f9c8d5b,2026-07-23T16:00:00Z,2026-07-23T18:00:00+0200,0.0,MW,NL,NL,actual_onshore_wind_generation,Wind Onshore | Actual Consumption,2026-08-02T23:51:38Z
2026-08-02T23:49:28Z,2026-08-03T01:49:28+0200,65d3fff1-7125-472d-bbc3-1b240f9c8d5b,2026-07-23T16:15:00Z,2026-07-23T18:15:00+0200,121.654,MW,NL,NL,actual_onshore_wind_generation,Wind Onshore | Actual Aggregated,2026-08-02T23:51:38Z
2026-08-02T23:49:28Z,2026-08-03T01:49:28+0200,65d3fff1-7125-472d-bbc3-1b240f9c8d5b,2026-07-23T16:15:00Z,2026-07-23T18:15:00+0200,0.0,MW,NL,NL,actual_onshore_wind_generation,Wind Onshore | Actual Consumption,2026-08-02T23:51:38Z
2026-08-02T23:49:28Z,2026-08-03T01:49:28+0200,65d3fff1-7125-472d-bbc3-1b240f9c8d5b,2026-07-23T16:30:00Z,2026-07-23T18:30:00+0200,124.723,MW,NL,NL,actual_onshore_wind_generation,Wind Onshore | Actual Aggregated,2026-08-02T23:51:38Z
2026-08-02T23:49:28Z,2026-08-03T01:49:28+0200,65d3fff1-7125-472d-bbc3-1b240f9c8d5b,2026-07-23T16:30:00Z,2026-07-23T18:30:00+0200,0.0,MW,NL,NL,actual_onshore_wind_generation,Wind Onshore | Actual Consumption,2026-08-02T23:51:38Z
2026-08-02T23:49:28Z,2026-08-03T01:49:28+0200,65d3fff1-7125-472d-bbc3-1b240f9c8d5b,2026-07-23T16:45:00Z,2026-07-23T18:45:00+0200,108.859,MW,NL,NL,actual_onshore_wind_generation,Wind Onshore | Actual Aggregated,2026-08-02T23:51:38Z
2026-08-02T23:49:28Z,2026-08-03T01:49:28+0200,65d3fff1-7125-472d-bbc3-1b240f9c8d5b,2026-07-23T16:45:00Z,2026-07-23T18:45:00+0200,0.0,MW,NL,NL,actual_onshore_wind_generation,Wind Onshore | Actual Consumption,2026-08-02T23:51:38Z
2026-08-02T23:49:28Z,2026-08-03T01:49:28+0200,65d3fff1-7125-472d-bbc3-1b240f9c8d5b,2026-07-23T17:00:00Z,2026-07-23T19:00:00+0200,106.509,MW,NL,NL,actual_onshore_wind_generation,Wind Onshore | Actual Aggregated,2026-08-02T23:51:38Z
2026-08-02T23:49:28Z,2026-08-03T01:49:28+0200,65d3fff1-7125-472d-bbc3-1b240f9c8d5b,2026-07-23T17:00:00Z,2026-07-23T19:00:00+0200,0.0,MW,NL,NL,actual_onshore_wind_generation,Wind Onshore | Actual Consumption,2026-08-02T23:51:38Z
2026-08-02T23:49:28Z,2026-08-03T01:49:28+0200,65d3fff1-7125-472d-bbc3-1b240f9c8d5b,2026-07-23T17:15:00Z,2026-07-23T19:15:00+0200,97.215,MW,NL,NL,actual_onshore_wind_generation,Wind Onshore | Actual Aggregated,2026-08-02T23:51:38Z
2026-08-02T23:49:28Z,2026-08-03T01:49:28+0200,65d3fff1-7125-472d-bbc3-1b240f9c8d5b,2026-07-23T17:15:00Z,2026-07-23T19:15:00+0200,0.0,MW,NL,NL,actual_onshore_wind_generation,Wind Onshore | Actual Consumption,2026-08-02T23:51:38Z
2026-08-02T23:49:28Z,2026-08-03T01:49:28+0200,65d3fff1-7125-472d-bbc3-1b240f9c8d5b,2026-07-23T17:30:00Z,2026-07-23T19:30:00+0200,82.234,MW,NL,NL,actual_onshore_wind_generation,Wind Onshore | Actual Aggregated,2026-08-02T23:51:38Z
2026-08-02T23:49:28Z,2026-08-03T01:49:28+0200,65d3fff1-7125-472d-bbc3-1b240f9c8d5b,2026-07-23T17:30:00Z,2026-07-23T19:30:00+0200,0.0,MW,NL,NL,actual_onshore_wind_generation,Wind Onshore | Actual Consumption,2026-08-02T23:51:38Z
2026-08-02T23:49:28Z,2026-08-03T01:49:28+0200,65d3fff1-7125-472d-bbc3-1b240f9c8d5b,2026-07-23T17:45:00Z,2026-07-23T19:45:00+0200,71.309,MW,NL,NL,actual_onshore_wind_generation,Wind Onshore | Actual Aggregated,2026-08-02T23:51:38Z
2026-08-02T23:49:28Z,2026-08-03T01:49:28+0200,65d3fff1-7125-472d-bbc3-1b240f9c8d5b,2026-07-23T17:45:00Z,2026-07-23T19:45:00+0200,0.0,MW,NL,NL,actual_onshore_wind_generation,Wind Onshore | Actual Consumption,2026-08-02T23:51:38Z
2026-08-02T23:49:28Z,2026-08-03T01:49:28+0200,65d3fff1-7125-472d-bbc3-1b240f9c8d5b,2026-07-23T18:00:00Z,2026-07-23T20:00:00+0200,58.555,MW,NL,NL,actual_onshore_wind_generation,Wind Onshore | Actual Aggregated,2026-08-02T23:51:38Z
2026-08-02T23:49:28Z,2026-08-03T01:49:28+0200,65d3fff1-7125-472d-bbc3-1b240f9c8d5b,2026-07-23T18:00:00Z,2026-07-23T20:00:00+0200,0.0,MW,NL,NL,actual_onshore_wind_generation,Wind Onshore | Actual Consumption,2026-08-02T23:51:38Z
2026-08-02T23:49:28Z,2026-08-03T01:49:28+0200,65d3fff1-7125-472d-bbc3-1b240f9c8d5b,2026-07-23T18:15:00Z,2026-07-23T20:15:00+0200,56.361,MW,NL,NL,actual_onshore_wind_generation,Wind Onshore | Actual Aggregated,2026-08-02T23:51:38Z
2026-08-02T23:49:28Z,2026-08-03T01:49:28+0200,65d3fff1-7125-472d-bbc3-1b240f9c8d5b,2026-07-23T18:15:00Z,2026-07-23T20:15:00+0200,0.0,MW,NL,NL,actual_onshore_wind_generation,Wind Onshore | Actual Consumption,2026-08-02T23:51:38Z
2026-08-02T23:49:28Z,2026-08-03T01:49:28+0200,65d3fff1-7125-472d-bbc3-1b240f9c8d5b,2026-07-23T18:30:00Z,2026-07-23T20:30:00+0200,53.272,MW,NL,NL,actual_onshore_wind_generation,Wind Onshore | Actual Aggregated,2026-08-02T23:51:38Z
2026-08-02T23:49:28Z,2026-08-03T01:49:28+0200,65d3fff1-7125-472d-bbc3-1b240f9c8d5b,2026-07-23T18:30:00Z,2026-07-23T20:30:00+0200,0.0,MW,NL,NL,actual_onshore_wind_generation,Wind Onshore | Actual Consumption,2026-08-02T23:51:38Z
2026-08-02T23:49:28Z,2026-08-03T01:49:28+0200,65d3fff1-7125-472d-bbc3-1b240f9c8d5b,2026-07-23T18:45:00Z,2026-07-23T20:45:00+0200,54.039,MW,NL,NL,actual_onshore_wind_generation,Wind Onshore | Actual Aggregated,2026-08-02T23:51:38Z
2026-08-02T23:49:28Z,2026-08-03T01:49:28+0200,65d3fff1-7125-472d-bbc3-1b240f9c8d5b,2026-07-23T18:45:00Z,2026-07-23T20:45:00+0200,0.0,MW,NL,NL,actual_onshore_wind_generation,Wind Onshore | Actual Consumption,2026-08-02T23:51:38Z
2026-08-02T23:49:28Z,2026-08-03T01:49:28+0200,65d3fff1-7125-472d-bbc3-1b240f9c8d5b,2026-07-23T19:00:00Z,2026-07-23T21:00:00+0200,50.723,MW,NL,NL,actual_onshore_wind_generation,Wind Onshore | Actual Aggregated,2026-08-02T23:51:38Z
2026-08-02T23:49:28Z,2026-08-03T01:49:28+0200,65d3fff1-7125-472d-bbc3-1b240f9c8d5b,2026-07-23T19:00:00Z,2026-07-23T21:00:00+0200,0.0,MW,NL,NL,actual_onshore_wind_generation,Wind Onshore | Actual Consumption,2026-08-02T23:51:38Z
2026-08-02T23:49:28Z,2026-08-03T01:49:28+0200,65d3fff1-7125-472d-bbc3-1b240f9c8d5b,2026-07-23T19:15:00Z,2026-07-23T21:15:00+0200,45.961,MW,NL,NL,actual_onshore_wind_generation,Wind Onshore | Actual Aggregated,2026-08-02T23:51:38Z
2026-08-02T23:49:28Z,2026-08-03T01:49:28+0200,65d3fff1-7125-472d-bbc3-1b240f9c8d5b,2026-07-23T19:15:00Z,2026-07-23T21:15:00+0200,0.0,MW,NL,NL,actual_onshore_wind_generation,Wind Onshore | Actual Consumption,2026-08-02T23:51:38Z
2026-08-02T23:49:28Z,2026-08-03T01:49:28+0200,65d3fff1-7125-472d-bbc3-1b240f9c8d5b,2026-07-23T19:30:00Z,2026-07-23T21:30:00+0200,41.806,MW,NL,NL,actual_onshore_wind_generation,Wind Onshore | Actual Aggregated,2026-08-02T23:51:38Z
2026-08-02T23:49:28Z,2026-08-03T01:49:28+0200,65d3fff1-7125-472d-bbc3-1b240f9c8d5b,2026-07-23T19:30:00Z,2026-07-23T21:30:00+0200,0.0,MW,NL,NL,actual_onshore_wind_generation,Wind Onshore | Actual Consumption,2026-08-02T23:51:38Z
2026-08-02T23:49:28Z,2026-08-03T01:49:28+0200,65d3fff1-7125-472d-bbc3-1b240f9c8d5b,2026-07-23T19:45:00Z,2026-07-23T21:45:00+0200,38.144,MW,NL,NL,actual_onshore_wind_generation,Wind Onshore | Actual Aggregated,2026-08-02T23:51:38Z
2026-08-02T23:49:28Z,2026-08-03T01:49:28+0200,65d3fff1-7125-472d-bbc3-1b240f9c8d5b,2026-07-23T19:45:00Z,2026-07-23T21:45:00+0200,0.0,MW,NL,NL,actual_onshore_wind_generation,Wind Onshore | Actual Consumption,2026-08-02T23:51:38Z
2026-08-02T23:49:28Z,2026-08-03T01:49:28+0200,65d3fff1-7125-472d-bbc3-1b240f9c8d5b,2026-07-23T20:00:00Z,2026-07-23T22:00:00+0200,43.888,MW,NL,NL,actual_onshore_wind_generation,Wind Onshore | Actual Aggregated,2026-08-02T23:51:38Z
2026-08-02T23:49:28Z,2026-08-03T01:49:28+0200,65d3fff1-7125-472d-bbc3-1b240f9c8d5b,2026-07-23T20:00:00Z,2026-07-23T22:00:00+0200,0.0,MW,NL,NL,actual_onshore_wind_generation,Wind Onshore | Actual Consumption,2026-08-02T23:51:38Z
2026-08-02T23:49:28Z,2026-08-03T01:49:28+0200,65d3fff1-7125-472d-bbc3-1b240f9c8d5b,2026-07-23T20:15:00Z,2026-07-23T22:15:00+0200,42.286,MW,NL,NL,actual_onshore_wind_generation,Wind Onshore | Actual Aggregated,2026-08-02T23:51:38Z
2026-08-02T23:49:28Z,2026-08-03T01:49:28+0200,65d3fff1-7125-472d-bbc3-1b240f9c8d5b,2026-07-23T20:15:00Z,2026-07-23T22:15:00+0200,0.0,MW,NL,NL,actual_onshore_wind_generation,Wind Onshore | Actual Consumption,2026-08-02T23:51:38Z
2026-08-02T23:49:28Z,2026-08-03T01:49:28+0200,65d3fff1-7125-472d-bbc3-1b240f9c8d5b,2026-07-23T20:30:00Z,2026-07-23T22:30:00+0200,23.726,MW,NL,NL,actual_onshore_wind_generation,Wind Onshore | Actual Aggregated,2026-08-02T23:51:38Z
2026-08-02T23:49:28Z,2026-08-03T01:49:28+0200,65d3fff1-7125-472d-bbc3-1b240f9c8d5b,2026-07-23T20:30:00Z,2026-07-23T22:30:00+0200,0.0,MW,NL,NL,actual_onshore_wind_generation,Wind Onshore | Actual Consumption,2026-08-02T23:51:38Z
2026-08-02T23:49:28Z,2026-08-03T01:49:28+0200,65d3fff1-7125-472d-bbc3-1b240f9c8d5b,2026-07-23T20:45:00Z,2026-07-23T22:45:00+0200,17.049,MW,NL,NL,actual_onshore_wind_generation,Wind Onshore | Actual Aggregated,2026-08-02T23:51:38Z
2026-08-02T23:49:28Z,2026-08-03T01:49:28+0200,65d3fff1-7125-472d-bbc3-1b240f9c8d5b,2026-07-23T20:45:00Z,2026-07-23T22:45:00+0200,1.262,MW,NL,NL,actual_onshore_wind_generation,Wind Onshore | Actual Consumption,2026-08-02T23:51:38Z
2026-08-02T23:49:28Z,2026-08-03T01:49:28+0200,65d3fff1-7125-472d-bbc3-1b240f9c8d5b,2026-07-23T21:00:00Z,2026-07-23T23:00:00+0200,25.265,MW,NL,NL,actual_onshore_wind_generation,Wind Onshore | Actual Aggregated,2026-08-02T23:51:38Z
2026-08-02T23:49:28Z,2026-08-03T01:49:28+0200,65d3fff1-7125-472d-bbc3-1b240f9c8d5b,2026-07-23T21:00:00Z,2026-07-23T23:00:00+0200,1.974,MW,NL,NL,actual_onshore_wind_generation,Wind Onshore | Actual Consumption,2026-08-02T23:51:38Z
2026-08-02T23:49:28Z,2026-08-03T01:49:28+0200,65d3fff1-7125-472d-bbc3-1b240f9c8d5b,2026-07-23T21:15:00Z,2026-07-23T23:15:00+0200,35.774,MW,NL,NL,actual_onshore_wind_generation,Wind Onshore | Actual Aggregated,2026-08-02T23:51:38Z
2026-08-02T23:49:28Z,2026-08-03T01:49:28+0200,65d3fff1-7125-472d-bbc3-1b240f9c8d5b,2026-07-23T21:15:00Z,2026-07-23T23:15:00+0200,0.638,MW,NL,NL,actual_onshore_wind_generation,Wind Onshore | Actual Consumption,2026-08-02T23:51:38Z
2026-08-02T23:49:28Z,2026-08-03T01:49:28+0200,65d3fff1-7125-472d-bbc3-1b240f9c8d5b,2026-07-23T21:30:00Z,2026-07-23T23:30:00+0200,40.174,MW,NL,NL,actual_onshore_wind_generation,Wind Onshore | Actual Aggregated,2026-08-02T23:51:38Z
2026-08-02T23:49:28Z,2026-08-03T01:49:28+0200,65d3fff1-7125-472d-bbc3-1b240f9c8d5b,2026-07-23T21:30:00Z,2026-07-23T23:30:00+0200,0.372,MW,NL,NL,actual_onshore_wind_generation,Wind Onshore | Actual Consumption,2026-08-02T23:51:38Z
2026-08-02T23:49:28Z,2026-08-03T01:49:28+0200,65d3fff1-7125-472d-bbc3-1b240f9c8d5b,2026-07-23T21:45:00Z,2026-07-23T23:45:00+0200,37.466,MW,NL,NL,actual_onshore_wind_generation,Wind Onshore | Actual Aggregated,2026-08-02T23:51:38Z
2026-08-02T23:49:28Z,2026-08-03T01:49:28+0200,65d3fff1-7125-472d-bbc3-1b240f9c8d5b,2026-07-23T21:45:00Z,2026-07-23T23:45:00+0200,0.456,MW,NL,NL,actual_onshore_wind_generation,Wind Onshore | Actual Consumption,2026-08-02T23:51:38Z
2026-08-02T23:49:28Z,2026-08-03T01:49:28+0200,65d3fff1-7125-472d-bbc3-1b240f9c8d5b,2026-07-23T22:00:00Z,2026-07-24T00:00:00+0200,33.68,MW,NL,NL,actual_onshore_wind_generation,Wind Onshore | Actual Aggregated,2026-08-02T23:51:38Z
2026-08-02T23:49:28Z,2026-08-03T01:49:28+0200,65d3fff1-7125-472d-bbc3-1b240f9c8d5b,2026-07-23T22:00:00Z,2026-07-24T00:00:00+0200,0.41,MW,NL,NL,actual_onshore_wind_generation,Wind Onshore | Actual Consumption,2026-08-02T23:51:38Z
2026-08-02T23:49:28Z,2026-08-03T01:49:28+0200,65d3fff1-7125-472d-bbc3-1b240f9c8d5b,2026-07-23T22:15:00Z,2026-07-24T00:15:00+0200,33.106,MW,NL,NL,actual_onshore_wind_generation,Wind Onshore | Actual Aggregated,2026-08-02T23:51:38Z
2026-08-02T23:49:28Z,2026-08-03T01:49:28+0200,65d3fff1-7125-472d-bbc3-1b240f9c8d5b,2026-07-23T22:15:00Z,2026-07-24T00:15:00+0200,0.135,MW,NL,NL,actual_onshore_wind_generation,Wind Onshore | Actual Consumption,2026-08-02T23:51:38Z
2026-08-02T23:49:28Z,2026-08-03T01:49:28+0200,65d3fff1-7125-472d-bbc3-1b240f9c8d5b,2026-07-23T22:30:00Z,2026-07-24T00:30:00+0200,37.727,MW,NL,NL,actual_onshore_wind_generation,Wind Onshore | Actual Aggregated,2026-08-02T23:51:38Z
2026-08-02T23:49:28Z,2026-08-03T01:49:28+0200,65d3fff1-7125-472d-bbc3-1b240f9c8d5b,2026-07-23T22:30:00Z,2026-07-24T00:30:00+0200,0.759,MW,NL,NL,actual_onshore_wind_generation,Wind Onshore | Actual Consumption,2026-08-02T23:51:38Z
2026-08-02T23:49:28Z,2026-08-03T01:49:28+0200,65d3fff1-7125-472d-bbc3-1b240f9c8d5b,2026-07-23T22:45:00Z,2026-07-24T00:45:00+0200,35.747,MW,NL,NL,actual_onshore_wind_generation,Wind Onshore | Actual Aggregated,2026-08-02T23:51:38Z
2026-08-02T23:49:28Z,2026-08-03T01:49:28+0200,65d3fff1-7125-472d-bbc3-1b240f9c8d5b,2026-07-23T22:45:00Z,2026-07-24T00:45:00+0200,0.999,MW,NL,NL,actual_onshore_wind_generation,Wind Onshore | Actual Consumption,2026-08-02T23:51:38Z
2026-08-02T23:49:28Z,2026-08-03T01:49:28+0200,65d3fff1-7125-472d-bbc3-1b240f9c8d5b,2026-07-23T23:00:00Z,2026-07-24T01:00:00+0200,34.51,MW,NL,NL,actual_onshore_wind_generation,Wind Onshore | Actual Aggregated,2026-08-02T23:51:38Z
2026-08-02T23:49:28Z,2026-08-03T01:49:28+0200,65d3fff1-7125-472d-bbc3-1b240f9c8d5b,2026-07-23T23:00:00Z,2026-07-24T01:00:00+0200,0.448,MW,NL,NL,actual_onshore_wind_generation,Wind Onshore | Actual Consumption,2026-08-02T23:51:38Z
2026-08-02T23:49:28Z,2026-08-03T01:49:28+0200,65d3fff1-7125-472d-bbc3-1b240f9c8d5b,2026-07-23T23:15:00Z,2026-07-24T01:15:00+0200,43.692,MW,NL,NL,actual_onshore_wind_generation,Wind Onshore | Actual Aggregated,2026-08-02T23:51:38Z
2026-08-02T23:49:28Z,2026-08-03T01:49:28+0200,65d3fff1-7125-472d-bbc3-1b240f9c8d5b,2026-07-23T23:15:00Z,2026-07-24T01:15:00+0200,0.252,MW,NL,NL,actual_onshore_wind_generation,Wind Onshore | Actual Consumption,2026-08-02T23:51:38Z
2026-08-02T23:49:28Z,2026-08-03T01:49:28+0200,65d3fff1-7125-472d-bbc3-1b240f9c8d5b,2026-07-23T23:30:00Z,2026-07-24T01:30:00+0200,53.257,MW,NL,NL,actual_onshore_wind_generation,Wind Onshore | Actual Aggregated,2026-08-02T23:51:38Z
2026-08-02T23:49:28Z,2026-08-03T01:49:28+0200,65d3fff1-7125-472d-bbc3-1b240f9c8d5b,2026-07-23T23:30:00Z,2026-07-24T01:30:00+0200,0.608,MW,NL,NL,actual_onshore_wind_generation,Wind Onshore | Actual Consumption,2026-08-02T23:51:38Z
2026-08-02T23:49:28Z,2026-08-03T01:49:28+0200,65d3fff1-7125-472d-bbc3-1b240f9c8d5b,2026-07-23T23:45:00Z,2026-07-24T01:45:00+0200,56.272,MW,NL,NL,actual_onshore_wind_generation,Wind Onshore | Actual Aggregated,2026-08-02T23:51:38Z
2026-08-02T23:49:28Z,2026-08-03T01:49:28+0200,65d3fff1-7125-472d-bbc3-1b240f9c8d5b,2026-07-23T23:45:00Z,2026-07-24T01:45:00+0200,0.682,MW,NL,NL,actual_onshore_wind_generation,Wind Onshore | Actual Consumption,2026-08-02T23:51:38Z
2026-08-02T23:49:28Z,2026-08-03T01:49:28+0200,65d3fff1-7125-472d-bbc3-1b240f9c8d5b,2026-07-24T00:00:00Z,2026-07-24T02:00:00+0200,33.256,MW,NL,NL,actual_onshore_wind_generation,Wind Onshore | Actual Aggregated,2026-08-02T23:51:38Z
2026-08-02T23:49:28Z,2026-08-03T01:49:28+0200,65d3fff1-7125-472d-bbc3-1b240f9c8d5b,2026-07-24T00:00:00Z,2026-07-24T02:00:00+0200,0.642,MW,NL,NL,actual_onshore_wind_generation,Wind Onshore | Actual Consumption,2026-08-02T23:51:38Z
2026-08-02T23:49:28Z,2026-08-03T01:49:28+0200,65d3fff1-7125-472d-bbc3-1b240f9c8d5b,2026-07-24T00:15:00Z,2026-07-24T02:15:00+0200,25.607,MW,NL,NL,actual_onshore_wind_generation,Wind Onshore | Actual Aggregated,2026-08-02T23:51:38Z
2026-08-02T23:49:28Z,2026-08-03T01:49:28+0200,65d3fff1-7125-472d-bbc3-1b240f9c8d5b,2026-07-24T00:15:00Z,2026-07-24T02:15:00+0200,0.487,MW,NL,NL,actual_onshore_wind_generation,Wind Onshore | Actual Consumption,2026-08-02T23:51:38Z
2026-08-02T23:49:28Z,2026-08-03T01:49:28+0200,65d3fff1-7125-472d-bbc3-1b240f9c8d5b,2026-07-24T00:30:00Z,2026-07-24T02:30:00+0200,25.137,MW,NL,NL,actual_onshore_wind_generation,Wind Onshore | Actual Aggregated,2026-08-02T23:51:38Z
2026-08-02T23:49:28Z,2026-08-03T01:49:28+0200,65d3fff1-7125-472d-bbc3-1b240f9c8d5b,2026-07-24T00:30:00Z,2026-07-24T02:30:00+0200,0.634,MW,NL,NL,actual_onshore_wind_generation,Wind Onshore | Actual Consumption,2026-08-02T23:51:38Z
2026-08-02T23:49:28Z,2026-08-03T01:49:28+0200,65d3fff1-7125-472d-bbc3-1b240f9c8d5b,2026-07-24T00:45:00Z,2026-07-24T02:45:00+0200,25.342,MW,NL,NL,actual_onshore_wind_generation,Wind Onshore | Actual Aggregated,2026-08-02T23:51:38Z
2026-08-02T23:49:28Z,2026-08-03T01:49:28+0200,65d3fff1-7125-472d-bbc3-1b240f9c8d5b,2026-07-24T00:45:00Z,2026-07-24T02:45:00+0200,0.797,MW,NL,NL,actual_onshore_wind_generation,Wind Onshore | Actual Consumption,2026-08-02T23:51:38Z
2026-08-02T23:49:28Z,2026-08-03T01:49:28+0200,65d3fff1-7125-472d-bbc3-1b240f9c8d5b,2026-07-24T01:00:00Z,2026-07-24T03:00:00+0200,22.193,MW,NL,NL,actual_onshore_wind_generation,Wind Onshore | Actual Aggregated,2026-08-02T23:51:38Z
2026-08-02T23:49:28Z,2026-08-03T01:49:28+0200,65d3fff1-7125-472d-bbc3-1b240f9c8d5b,2026-07-24T01:00:00Z,2026-07-24T03:00:00+0200,0.557,MW,NL,NL,actual_onshore_wind_generation,Wind Onshore | Actual Consumption,2026-08-02T23:51:38Z
2026-08-02T23:49:28Z,2026-08-03T01:49:28+0200,65d3fff1-7125-472d-bbc3-1b240f9c8d5b,2026-07-24T01:15:00Z,2026-07-24T03:15:00+0200,15.442,MW,NL,NL,actual_onshore_wind_generation,Wind Onshore | Actual Aggregated,2026-08-02T23:51:38Z
2026-08-02T23:49:28Z,2026-08-03T01:49:28+0200,65d3fff1-7125-472d-bbc3-1b240f9c8d5b,2026-07-24T01:15:00Z,2026-07-24T03:15:00+0200,0.933,MW,NL,NL,actual_onshore_wind_generation,Wind Onshore | Actual Consumption,2026-08-02T23:51:38Z
2026-08-02T23:49:28Z,2026-08-03T01:49:28+0200,65d3fff1-7125-472d-bbc3-1b240f9c8d5b,2026-07-24T01:30:00Z,2026-07-24T03:30:00+0200,12.931,MW,NL,NL,actual_onshore_wind_generation,Wind Onshore | Actual Aggregated,2026-08-02T23:51:38Z
2026-08-02T23:49:28Z,2026-08-03T01:49:28+0200,65d3fff1-7125-472d-bbc3-1b240f9c8d5b,2026-07-24T01:30:00Z,2026-07-24T03:30:00+0200,0.829,MW,NL,NL,actual_onshore_wind_generation,Wind Onshore | Actual Consumption,2026-08-02T23:51:38Z
2026-08-02T23:49:28Z,2026-08-03T01:49:28+0200,65d3fff1-7125-472d-bbc3-1b240f9c8d5b,2026-07-24T01:45:00Z,2026-07-24T03:45:00+0200,17.064,MW,NL,NL,actual_onshore_wind_generation,Wind Onshore | Actual Aggregated,2026-08-02T23:51:38Z
2026-08-02T23:49:28Z,2026-08-03T01:49:28+0200,65d3fff1-7125-472d-bbc3-1b240f9c8d5b,2026-07-24T01:45:00Z,2026-07-24T03:45:00+0200,0.986,MW,NL,NL,actual_onshore_wind_generation,Wind Onshore | Actual Consumption,2026-08-02T23:51:38Z
2026-08-02T23:49:28Z,2026-08-03T01:49:28+0200,65d3fff1-7125-472d-bbc3-1b240f9c8d5b,2026-07-24T02:00:00Z,2026-07-24T04:00:00+0200,21.223,MW,NL,NL,actual_onshore_wind_generation,Wind Onshore | Actual Aggregated,2026-08-02T23:51:38Z
2026-08-02T23:49:28Z,2026-08-03T01:49:28+0200,65d3fff1-7125-472d-bbc3-1b240f9c8d5b,2026-07-24T02:00:00Z,2026-07-24T04:00:00+0200,0.901,MW,NL,NL,actual_onshore_wind_generation,Wind Onshore | Actual Consumption,2026-08-02T23:51:38Z
2026-08-02T23:49:28Z,2026-08-03T01:49:28+0200,65d3fff1-7125-472d-bbc3-1b240f9c8d5b,2026-07-24T02:15:00Z,2026-07-24T04:15:00+0200,11.494,MW,NL,NL,actual_onshore_wind_generation,Wind Onshore | Actual Aggregated,2026-08-02T23:51:38Z
2026-08-02T23:49:28Z,2026-08-03T01:49:28+0200,65d3fff1-7125-472d-bbc3-1b240f9c8d5b,2026-07-24T02:15:00Z,2026-07-24T04:15:00+0200,0.987,MW,NL,NL,actual_onshore_wind_generation,Wind Onshore | Actual Consumption,2026-08-02T23:51:38Z
2026-08-02T23:49:28Z,2026-08-03T01:49:28+0200,65d3fff1-7125-472d-bbc3-1b240f9c8d5b,2026-07-24T02:30:00Z,2026-07-24T04:30:00+0200,8.559,MW,NL,NL,actual_onshore_wind_generation,Wind Onshore | Actual Aggregated,2026-08-02T23:51:38Z
2026-08-02T23:49:28Z,2026-08-03T01:49:28+0200,65d3fff1-7125-472d-bbc3-1b240f9c8d5b,2026-07-24T02:30:00Z,2026-07-24T04:30:00+0200,2.529,MW,NL,NL,actual_onshore_wind_generation,Wind Onshore | Actual Consumption,2026-08-02T23:51:38Z
2026-08-02T23:49:28Z,2026-08-03T01:49:28+0200,65d3fff1-7125-472d-bbc3-1b240f9c8d5b,2026-07-24T02:45:00Z,2026-07-24T04:45:00+0200,6.955,MW,NL,NL,actual_onshore_wind_generation,Wind Onshore | Actual Aggregated,2026-08-02T23:51:38Z
2026-08-02T23:49:28Z,2026-08-03T01:49:28+0200,65d3fff1-7125-472d-bbc3-1b240f9c8d5b,2026-07-24T02:45:00Z,2026-07-24T04:45:00+0200,2.68,MW,NL,NL,actual_onshore_wind_generation,Wind Onshore | Actual Consumption,2026-08-02T23:51:38Z
2026-08-02T23:49:28Z,2026-08-03T01:49:28+0200,65d3fff1-7125-472d-bbc3-1b240f9c8d5b,2026-07-24T03:00:00Z,2026-07-24T05:00:00+0200,9.689,MW,NL,NL,actual_onshore_wind_generation,Wind Onshore | Actual Aggregated,2026-08-02T23:51:38Z
2026-08-02T23:49:28Z,2026-08-03T01:49:28+0200,65d3fff1-7125-472d-bbc3-1b240f9c8d5b,2026-07-24T03:00:00Z,2026-07-24T05:00:00+0200,2.599,MW,NL,NL,actual_onshore_wind_generation,Wind Onshore | Actual Consumption,2026-08-02T23:51:38Z
2026-08-02T23:49:28Z,2026-08-03T01:49:28+0200,65d3fff1-7125-472d-bbc3-1b240f9c8d5b,2026-07-24T03:15:00Z,2026-07-24T05:15:00+0200,11.243,MW,NL,NL,actual_onshore_wind_generation,Wind Onshore | Actual Aggregated,2026-08-02T23:51:38Z
2026-08-02T23:49:28Z,2026-08-03T01:49:28+0200,65d3fff1-7125-472d-bbc3-1b240f9c8d5b,2026-07-24T03:15:00Z,2026-07-24T05:15:00+0200,3.039,MW,NL,NL,actual_onshore_wind_generation,Wind Onshore | Actual Consumption,2026-08-02T23:51:38Z
2026-08-02T23:49:28Z,2026-08-03T01:49:28+0200,65d3fff1-7125-472d-bbc3-1b240f9c8d5b,2026-07-24T03:30:00Z,2026-07-24T05:30:00+0200,8.567,MW,NL,NL,actual_onshore_wind_generation,Wind Onshore | Actual Aggregated,2026-08-02T23:51:38Z
2026-08-02T23:49:28Z,2026-08-03T01:49:28+0200,65d3fff1-7125-472d-bbc3-1b240f9c8d5b,2026-07-24T03:30:00Z,2026-07-24T05:30:00+0200,3.379,MW,NL,NL,actual_onshore_wind_generation,Wind Onshore | Actual Consumption,2026-08-02T23:51:38Z
2026-08-02T23:49:28Z,2026-08-03T01:49:28+0200,65d3fff1-7125-472d-bbc3-1b240f9c8d5b,2026-07-24T03:45:00Z,2026-07-24T05:45:00+0200,6.743,MW,NL,NL,actual_onshore_wind_generation,Wind Onshore | Actual Aggregated,2026-08-02T23:51:38Z
2026-08-02T23:49:28Z,2026-08-03T01:49:28+0200,65d3fff1-7125-472d-bbc3-1b240f9c8d5b,2026-07-24T03:45:00Z,2026-07-24T05:45:00+0200,2.904,MW,NL,NL,actual_onshore_wind_generation,Wind Onshore | Actual Consumption,2026-08-02T23:51:38Z
2026-08-02T23:49:28Z,2026-08-03T01:49:28+0200,65d3fff1-7125-472d-bbc3-1b240f9c8d5b,2026-07-24T04:00:00Z,2026-07-24T06:00:00+0200,8.071,MW,NL,NL,actual_onshore_wind_generation,Wind Onshore | Actual Aggregated,2026-08-02T23:51:38Z
2026-08-02T23:49:28Z,2026-08-03T01:49:28+0200,65d3fff1-7125-472d-bbc3-1b240f9c8d5b,2026-07-24T04:00:00Z,2026-07-24T06:00:00+0200,2.393,MW,NL,NL,actual_onshore_wind_generation,Wind Onshore | Actual Consumption,2026-08-02T23:51:38Z
2026-08-02T23:49:28Z,2026-08-03T01:49:28+0200,65d3fff1-7125-472d-bbc3-1b240f9c8d5b,2026-07-24T04:15:00Z,2026-07-24T06:15:00+0200,12.073,MW,NL,NL,actual_onshore_wind_generation,Wind Onshore | Actual Aggregated,2026-08-02T23:51:38Z
2026-08-02T23:49:28Z,2026-08-03T01:49:28+0200,65d3fff1-7125-472d-bbc3-1b240f9c8d5b,2026-07-24T04:15:00Z,2026-07-24T06:15:00+0200,1.715,MW,NL,NL,actual_onshore_wind_generation,Wind Onshore | Actual Consumption,2026-08-02T23:51:38Z
2026-08-02T23:49:28Z,2026-08-03T01:49:28+0200,65d3fff1-7125-472d-bbc3-1b240f9c8d5b,2026-07-24T04:30:00Z,2026-07-24T06:30:00+0200,16.027,MW,NL,NL,actual_onshore_wind_generation,Wind Onshore | Actual Aggregated,2026-08-02T23:51:38Z
2026-08-02T23:49:28Z,2026-08-03T01:49:28+0200,65d3fff1-7125-472d-bbc3-1b240f9c8d5b,2026-07-24T04:30:00Z,2026-07-24T06:30:00+0200,0.67,MW,NL,NL,actual_onshore_wind_generation,Wind Onshore | Actual Consumption,2026-08-02T23:51:38Z
2026-08-02T23:49:28Z,2026-08-03T01:49:28+0200,65d3fff1-7125-472d-bbc3-1b240f9c8d5b,2026-07-24T04:45:00Z,2026-07-24T06:45:00+0200,15.529,MW,NL,NL,actual_onshore_wind_generation,Wind Onshore | Actual Aggregated,2026-08-02T23:51:38Z
2026-08-02T23:49:28Z,2026-08-03T01:49:28+0200,65d3fff1-7125-472d-bbc3-1b240f9c8d5b,2026-07-24T04:45:00Z,2026-07-24T06:45:00+0200,0.0,MW,NL,NL,actual_onshore_wind_generation,Wind Onshore | Actual Consumption,2026-08-02T23:51:38Z
2026-08-02T23:49:28Z,2026-08-03T01:49:28+0200,65d3fff1-7125-472d-bbc3-1b240f9c8d5b,2026-07-24T05:00:00Z,2026-07-24T07:00:00+0200,16.388,MW,NL,NL,actual_onshore_wind_generation,Wind Onshore | Actual Aggregated,2026-08-02T23:51:38Z
2026-08-02T23:49:28Z,2026-08-03T01:49:28+0200,65d3fff1-7125-472d-bbc3-1b240f9c8d5b,2026-07-24T05:00:00Z,2026-07-24T07:00:00+0200,0.13,MW,NL,NL,actual_onshore_wind_generation,Wind Onshore | Actual Consumption,2026-08-02T23:51:38Z
2026-08-02T23:49:28Z,2026-08-03T01:49:28+0200,65d3fff1-7125-472d-bbc3-1b240f9c8d5b,2026-07-24T05:15:00Z,2026-07-24T07:15:00+0200,14.575,MW,NL,NL,actual_onshore_wind_generation,Wind Onshore | Actual Aggregated,2026-08-02T23:51:38Z
2026-08-02T23:49:28Z,2026-08-03T01:49:28+0200,65d3fff1-7125-472d-bbc3-1b240f9c8d5b,2026-07-24T05:15:00Z,2026-07-24T07:15:00+0200,0.764,MW,NL,NL,actual_onshore_wind_generation,Wind Onshore | Actual Consumption,2026-08-02T23:51:38Z
2026-08-02T23:49:28Z,2026-08-03T01:49:28+0200,65d3fff1-7125-472d-bbc3-1b240f9c8d5b,2026-07-24T05:30:00Z,2026-07-24T07:30:00+0200,14.662,MW,NL,NL,actual_onshore_wind_generation,Wind Onshore | Actual Aggregated,2026-08-02T23:51:38Z
2026-08-02T23:49:28Z,2026-08-03T01:49:28+0200,65d3fff1-7125-472d-bbc3-1b240f9c8d5b,2026-07-24T05:30:00Z,2026-07-24T07:30:00+0200,0.7,MW,NL,NL,actual_onshore_wind_generation,Wind Onshore | Actual Consumption,2026-08-02T23:51:38Z
2026-08-02T23:49:28Z,2026-08-03T01:49:28+0200,65d3fff1-7125-472d-bbc3-1b240f9c8d5b,2026-07-24T05:45:00Z,2026-07-24T07:45:00+0200,14.064,MW,NL,NL,actual_onshore_wind_generation,Wind Onshore | Actual Aggregated,2026-08-02T23:51:38Z
2026-08-02T23:49:28Z,2026-08-03T01:49:28+0200,65d3fff1-7125-472d-bbc3-1b240f9c8d5b,2026-07-24T05:45:00Z,2026-07-24T07:45:00+0200,0.506,MW,NL,NL,actual_onshore_wind_generation,Wind Onshore | Actual Consumption,2026-08-02T23:51:38Z
2026-08-02T23:49:28Z,2026-08-03T01:49:28+0200,65d3fff1-7125-472d-bbc3-1b240f9c8d5b,2026-07-24T06:00:00Z,2026-07-24T08:00:00+0200,12.163,MW,NL,NL,actual_onshore_wind_generation,Wind Onshore | Actual Aggregated,2026-08-02T23:51:38Z
2026-08-02T23:49:28Z,2026-08-03T01:49:28+0200,65d3fff1-7125-472d-bbc3-1b240f9c8d5b,2026-07-24T06:00:00Z,2026-07-24T08:00:00+0200,0.446,MW,NL,NL,actual_onshore_wind_generation,Wind Onshore | Actual Consumption,2026-08-02T23:51:38Z
2026-08-02T23:49:28Z,2026-08-03T01:49:28+0200,65d3fff1-7125-472d-bbc3-1b240f9c8d5b,2026-07-24T06:15:00Z,2026-07-24T08:15:00+0200,8.382,MW,NL,NL,actual_onshore_wind_generation,Wind Onshore | Actual Aggregated,2026-08-02T23:51:38Z
2026-08-02T23:49:28Z,2026-08-03T01:49:28+0200,65d3fff1-7125-472d-bbc3-1b240f9c8d5b,2026-07-24T06:15:00Z,2026-07-24T08:15:00+0200,1.321,MW,NL,NL,actual_onshore_wind_generation,Wind Onshore | Actual Consumption,2026-08-02T23:51:38Z
2026-08-02T23:49:28Z,2026-08-03T01:49:28+0200,65d3fff1-7125-472d-bbc3-1b240f9c8d5b,2026-07-24T06:30:00Z,2026-07-24T08:30:00+0200,10.393,MW,NL,NL,actual_onshore_wind_generation,Wind Onshore | Actual Aggregated,2026-08-02T23:51:38Z
2026-08-02T23:49:28Z,2026-08-03T01:49:28+0200,65d3fff1-7125-472d-bbc3-1b240f9c8d5b,2026-07-24T06:30:00Z,2026-07-24T08:30:00+0200,1.825,MW,NL,NL,actual_onshore_wind_generation,Wind Onshore | Actual Consumption,2026-08-02T23:51:38Z
2026-08-02T23:49:28Z,2026-08-03T01:49:28+0200,65d3fff1-7125-472d-bbc3-1b240f9c8d5b,2026-07-24T06:45:00Z,2026-07-24T08:45:00+0200,8.736,MW,NL,NL,actual_onshore_wind_generation,Wind Onshore | Actual Aggregated,2026-08-02T23:51:38Z
2026-08-02T23:49:28Z,2026-08-03T01:49:28+0200,65d3fff1-7125-472d-bbc3-1b240f9c8d5b,2026-07-24T06:45:00Z,2026-07-24T08:45:00+0200,1.78,MW,NL,NL,actual_onshore_wind_generation,Wind Onshore | Actual Consumption,2026-08-02T23:51:38Z
2026-08-02T23:49:28Z,2026-08-03T01:49:28+0200,65d3fff1-7125-472d-bbc3-1b240f9c8d5b,2026-07-24T07:00:00Z,2026-07-24T09:00:00+0200,4.185,MW,NL,NL,actual_onshore_wind_generation,Wind Onshore | Actual Aggregated,2026-08-02T23:51:38Z
2026-08-02T23:49:28Z,2026-08-03T01:49:28+0200,65d3fff1-7125-472d-bbc3-1b240f9c8d5b,2026-07-24T07:00:00Z,2026-07-24T09:00:00+0200,1.629,MW,NL,NL,actual_onshore_wind_generation,Wind Onshore | Actual Consumption,2026-08-02T23:51:38Z
2026-08-02T23:49:28Z,2026-08-03T01:49:28+0200,65d3fff1-7125-472d-bbc3-1b240f9c8d5b,2026-07-24T07:15:00Z,2026-07-24T09:15:00+0200,4.838,MW,NL,NL,actual_onshore_wind_generation,Wind Onshore | Actual Aggregated,2026-08-02T23:51:38Z
2026-08-02T23:49:28Z,2026-08-03T01:49:28+0200,65d3fff1-7125-472d-bbc3-1b240f9c8d5b,2026-07-24T07:15:00Z,2026-07-24T09:15:00+0200,1.647,MW,NL,NL,actual_onshore_wind_generation,Wind Onshore | Actual Consumption,2026-08-02T23:51:38Z
2026-08-02T23:49:28Z,2026-08-03T01:49:28+0200,65d3fff1-7125-472d-bbc3-1b240f9c8d5b,2026-07-24T07:30:00Z,2026-07-24T09:30:00+0200,3.403,MW,NL,NL,actual_onshore_wind_generation,Wind Onshore | Actual Aggregated,2026-08-02T23:51:38Z
2026-08-02T23:49:28Z,2026-08-03T01:49:28+0200,65d3fff1-7125-472d-bbc3-1b240f9c8d5b,2026-07-24T07:30:00Z,2026-07-24T09:30:00+0200,3.447,MW,NL,NL,actual_onshore_wind_generation,Wind Onshore | Actual Consumption,2026-08-02T23:51:38Z
2026-08-02T23:49:28Z,2026-08-03T01:49:28+0200,65d3fff1-7125-472d-bbc3-1b240f9c8d5b,2026-07-24T07:45:00Z,2026-07-24T09:45:00+0200,2.784,MW,NL,NL,actual_onshore_wind_generation,Wind Onshore | Actual Aggregated,2026-08-02T23:51:38Z
2026-08-02T23:49:28Z,2026-08-03T01:49:28+0200,65d3fff1-7125-472d-bbc3-1b240f9c8d5b,2026-07-24T07:45:00Z,2026-07-24T09:45:00+0200,4.382,MW,NL,NL,actual_onshore_wind_generation,Wind Onshore | Actual Consumption,2026-08-02T23:51:38Z
2026-08-02T23:49:28Z,2026-08-03T01:49:28+0200,65d3fff1-7125-472d-bbc3-1b240f9c8d5b,2026-07-24T08:00:00Z,2026-07-24T10:00:00+0200,8.07,MW,NL,NL,actual_onshore_wind_generation,Wind Onshore | Actual Aggregated,2026-08-02T23:51:38Z
2026-08-02T23:49:28Z,2026-08-03T01:49:28+0200,65d3fff1-7125-472d-bbc3-1b240f9c8d5b,2026-07-24T08:00:00Z,2026-07-24T10:00:00+0200,5.943,MW,NL,NL,actual_onshore_wind_generation,Wind Onshore | Actual Consumption,2026-08-02T23:51:38Z
2026-08-02T23:49:28Z,2026-08-03T01:49:28+0200,65d3fff1-7125-472d-bbc3-1b240f9c8d5b,2026-07-24T08:15:00Z,2026-07-24T10:15:00+0200,10.682,MW,NL,NL,actual_onshore_wind_generation,Wind Onshore | Actual Aggregated,2026-08-02T23:51:38Z
2026-08-02T23:49:28Z,2026-08-03T01:49:28+0200,65d3fff1-7125-472d-bbc3-1b240f9c8d5b,2026-07-24T08:15:00Z,2026-07-24T10:15:00+0200,7.014,MW,NL,NL,actual_onshore_wind_generation,Wind Onshore | Actual Consumption,2026-08-02T23:51:38Z
2026-08-02T23:49:28Z,2026-08-03T01:49:28+0200,65d3fff1-7125-472d-bbc3-1b240f9c8d5b,2026-07-24T08:30:00Z,2026-07-24T10:30:00+0200,5.68,MW,NL,NL,actual_onshore_wind_generation,Wind Onshore | Actual Aggregated,2026-08-02T23:51:38Z
2026-08-02T23:49:28Z,2026-08-03T01:49:28+0200,65d3fff1-7125-472d-bbc3-1b240f9c8d5b,2026-07-24T08:30:00Z,2026-07-24T10:30:00+0200,7.136,MW,NL,NL,actual_onshore_wind_generation,Wind Onshore | Actual Consumption,2026-08-02T23:51:38Z
2026-08-02T23:49:28Z,2026-08-03T01:49:28+0200,65d3fff1-7125-472d-bbc3-1b240f9c8d5b,2026-07-24T08:45:00Z,2026-07-24T10:45:00+0200,8.34,MW,NL,NL,actual_onshore_wind_generation,Wind Onshore | Actual Aggregated,2026-08-02T23:51:38Z
2026-08-02T23:49:28Z,2026-08-03T01:49:28+0200,65d3fff1-7125-472d-bbc3-1b240f9c8d5b,2026-07-24T08:45:00Z,2026-07-24T10:45:00+0200,7.042,MW,NL,NL,actual_onshore_wind_generation,Wind Onshore | Actual Consumption,2026-08-02T23:51:38Z
2026-08-02T23:49:28Z,2026-08-03T01:49:28+0200,65d3fff1-7125-472d-bbc3-1b240f9c8d5b,2026-07-24T09:00:00Z,2026-07-24T11:00:00+0200,5.068,MW,NL,NL,actual_onshore_wind_generation,Wind Onshore | Actual Aggregated,2026-08-02T23:51:38Z
2026-08-02T23:49:28Z,2026-08-03T01:49:28+0200,65d3fff1-7125-472d-bbc3-1b240f9c8d5b,2026-07-24T09:00:00Z,2026-07-24T11:00:00+0200,7.179,MW,NL,NL,actual_onshore_wind_generation,Wind Onshore | Actual Consumption,2026-08-02T23:51:38Z
2026-08-02T23:49:28Z,2026-08-03T01:49:28+0200,65d3fff1-7125-472d-bbc3-1b240f9c8d5b,2026-07-24T09:15:00Z,2026-07-24T11:15:00+0200,5.656,MW,NL,NL,actual_onshore_wind_generation,Wind Onshore | Actual Aggregated,2026-08-02T23:51:38Z
2026-08-02T23:49:28Z,2026-08-03T01:49:28+0200,65d3fff1-7125-472d-bbc3-1b240f9c8d5b,2026-07-24T09:15:00Z,2026-07-24T11:15:00+0200,7.183,MW,NL,NL,actual_onshore_wind_generation,Wind Onshore | Actual Consumption,2026-08-02T23:51:38Z
2026-08-02T23:49:28Z,2026-08-03T01:49:28+0200,65d3fff1-7125-472d-bbc3-1b240f9c8d5b,2026-07-24T09:30:00Z,2026-07-24T11:30:00+0200,8.055,MW,NL,NL,actual_onshore_wind_generation,Wind Onshore | Actual Aggregated,2026-08-02T23:51:38Z
2026-08-02T23:49:28Z,2026-08-03T01:49:28+0200,65d3fff1-7125-472d-bbc3-1b240f9c8d5b,2026-07-24T09:30:00Z,2026-07-24T11:30:00+0200,7.097,MW,NL,NL,actual_onshore_wind_generation,Wind Onshore | Actual Consumption,2026-08-02T23:51:38Z
2026-08-02T23:49:28Z,2026-08-03T01:49:28+0200,65d3fff1-7125-472d-bbc3-1b240f9c8d5b,2026-07-24T09:45:00Z,2026-07-24T11:45:00+0200,5.75,MW,NL,NL,actual_onshore_wind_generation,Wind Onshore | Actual Aggregated,2026-08-02T23:51:38Z
2026-08-02T23:49:28Z,2026-08-03T01:49:28+0200,65d3fff1-7125-472d-bbc3-1b240f9c8d5b,2026-07-24T09:45:00Z,2026-07-24T11:45:00+0200,7.317,MW,NL,NL,actual_onshore_wind_generation,Wind Onshore | Actual Consumption,2026-08-02T23:51:38Z
2026-08-02T23:49:28Z,2026-08-03T01:49:28+0200,65d3fff1-7125-472d-bbc3-1b240f9c8d5b,2026-07-24T10:00:00Z,2026-07-24T12:00:00+0200,4.155,MW,NL,NL,actual_onshore_wind_generation,Wind Onshore | Actual Aggregated,2026-08-02T23:51:38Z
2026-08-02T23:49:28Z,2026-08-03T01:49:28+0200,65d3fff1-7125-472d-bbc3-1b240f9c8d5b,2026-07-24T10:00:00Z,2026-07-24T12:00:00+0200,6.998,MW,NL,NL,actual_onshore_wind_generation,Wind Onshore | Actual Consumption,2026-08-02T23:51:38Z
2026-08-02T23:49:28Z,2026-08-03T01:49:28+0200,65d3fff1-7125-472d-bbc3-1b240f9c8d5b,2026-07-24T10:15:00Z,2026-07-24T12:15:00+0200,2.44,MW,NL,NL,actual_onshore_wind_generation,Wind Onshore | Actual Aggregated,2026-08-02T23:51:38Z
2026-08-02T23:49:28Z,2026-08-03T01:49:28+0200,65d3fff1-7125-472d-bbc3-1b240f9c8d5b,2026-07-24T10:15:00Z,2026-07-24T12:15:00+0200,6.841,MW,NL,NL,actual_onshore_wind_generation,Wind Onshore | Actual Consumption,2026-08-02T23:51:38Z
2026-08-02T23:49:28Z,2026-08-03T01:49:28+0200,65d3fff1-7125-472d-bbc3-1b240f9c8d5b,2026-07-24T10:30:00Z,2026-07-24T12:30:00+0200,1.191,MW,NL,NL,actual_onshore_wind_generation,Wind Onshore | Actual Aggregated,2026-08-02T23:51:38Z
2026-08-02T23:49:28Z,2026-08-03T01:49:28+0200,65d3fff1-7125-472d-bbc3-1b240f9c8d5b,2026-07-24T10:30:00Z,2026-07-24T12:30:00+0200,6.908,MW,NL,NL,actual_onshore_wind_generation,Wind Onshore | Actual Consumption,2026-08-02T23:51:38Z
2026-08-02T23:49:28Z,2026-08-03T01:49:28+0200,65d3fff1-7125-472d-bbc3-1b240f9c8d5b,2026-07-24T10:45:00Z,2026-07-24T12:45:00+0200,2.305,MW,NL,NL,actual_onshore_wind_generation,Wind Onshore | Actual Aggregated,2026-08-02T23:51:38Z
2026-08-02T23:49:28Z,2026-08-03T01:49:28+0200,65d3fff1-7125-472d-bbc3-1b240f9c8d5b,2026-07-24T10:45:00Z,2026-07-24T12:45:00+0200,6.918,MW,NL,NL,actual_onshore_wind_generation,Wind Onshore | Actual Consumption,2026-08-02T23:51:38Z
2026-08-02T23:49:28Z,2026-08-03T01:49:28+0200,65d3fff1-7125-472d-bbc3-1b240f9c8d5b,2026-07-24T11:00:00Z,2026-07-24T13:00:00+0200,2.399,MW,NL,NL,actual_onshore_wind_generation,Wind Onshore | Actual Aggregated,2026-08-02T23:51:38Z
2026-08-02T23:49:28Z,2026-08-03T01:49:28+0200,65d3fff1-7125-472d-bbc3-1b240f9c8d5b,2026-07-24T11:00:00Z,2026-07-24T13:00:00+0200,6.772,MW,NL,NL,actual_onshore_wind_generation,Wind Onshore | Actual Consumption,2026-08-02T23:51:38Z
2026-08-02T23:49:28Z,2026-08-03T01:49:28+0200,65d3fff1-7125-472d-bbc3-1b240f9c8d5b,2026-07-24T11:15:00Z,2026-07-24T13:15:00+0200,0.342,MW,NL,NL,actual_onshore_wind_generation,Wind Onshore | Actual Aggregated,2026-08-02T23:51:38Z
2026-08-02T23:49:28Z,2026-08-03T01:49:28+0200,65d3fff1-7125-472d-bbc3-1b240f9c8d5b,2026-07-24T11:15:00Z,2026-07-24T13:15:00+0200,6.974,MW,NL,NL,actual_onshore_wind_generation,Wind Onshore | Actual Consumption,2026-08-02T23:51:38Z
2026-08-02T23:49:28Z,2026-08-03T01:49:28+0200,65d3fff1-7125-472d-bbc3-1b240f9c8d5b,2026-07-24T11:30:00Z,2026-07-24T13:30:00+0200,0.318,MW,NL,NL,actual_onshore_wind_generation,Wind Onshore | Actual Aggregated,2026-08-02T23:51:38Z
2026-08-02T23:49:28Z,2026-08-03T01:49:28+0200,65d3fff1-7125-472d-bbc3-1b240f9c8d5b,2026-07-24T11:30:00Z,2026-07-24T13:30:00+0200,7.623,MW,NL,NL,actual_onshore_wind_generation,Wind Onshore | Actual Consumption,2026-08-02T23:51:38Z
2026-08-02T23:49:28Z,2026-08-03T01:49:28+0200,65d3fff1-7125-472d-bbc3-1b240f9c8d5b,2026-07-24T11:45:00Z,2026-07-24T13:45:00+0200,0.29,MW,NL,NL,actual_onshore_wind_generation,Wind Onshore | Actual Aggregated,2026-08-02T23:51:38Z
2026-08-02T23:49:28Z,2026-08-03T01:49:28+0200,65d3fff1-7125-472d-bbc3-1b240f9c8d5b,2026-07-24T11:45:00Z,2026-07-24T13:45:00+0200,7.54,MW,NL,NL,actual_onshore_wind_generation,Wind Onshore | Actual Consumption,2026-08-02T23:51:38Z
2026-08-02T23:49:28Z,2026-08-03T01:49:28+0200,65d3fff1-7125-472d-bbc3-1b240f9c8d5b,2026-07-24T12:00:00Z,2026-07-24T14:00:00+0200,0.29,MW,NL,NL,actual_onshore_wind_generation,Wind Onshore | Actual Aggregated,2026-08-02T23:51:38Z
2026-08-02T23:49:28Z,2026-08-03T01:49:28+0200,65d3fff1-7125-472d-bbc3-1b240f9c8d5b,2026-07-24T12:00:00Z,2026-07-24T14:00:00+0200,7.137,MW,NL,NL,actual_onshore_wind_generation,Wind Onshore | Actual Consumption,2026-08-02T23:51:38Z
2026-08-02T23:49:28Z,2026-08-03T01:49:28+0200,65d3fff1-7125-472d-bbc3-1b240f9c8d5b,2026-07-24T12:15:00Z,2026-07-24T14:15:00+0200,0.675,MW,NL,NL,actual_onshore_wind_generation,Wind Onshore | Actual Aggregated,2026-08-02T23:51:38Z
2026-08-02T23:49:28Z,2026-08-03T01:49:28+0200,65d3fff1-7125-472d-bbc3-1b240f9c8d5b,2026-07-24T12:15:00Z,2026-07-24T14:15:00+0200,5.931,MW,NL,NL,actual_onshore_wind_generation,Wind Onshore | Actual Consumption,2026-08-02T23:51:38Z
2026-08-02T23:49:28Z,2026-08-03T01:49:28+0200,65d3fff1-7125-472d-bbc3-1b240f9c8d5b,2026-07-24T12:30:00Z,2026-07-24T14:30:00+0200,0.648,MW,NL,NL,actual_onshore_wind_generation,Wind Onshore | Actual Aggregated,2026-08-02T23:51:38Z
2026-08-02T23:49:28Z,2026-08-03T01:49:28+0200,65d3fff1-7125-472d-bbc3-1b240f9c8d5b,2026-07-24T12:30:00Z,2026-07-24T14:30:00+0200,4.963,MW,NL,NL,actual_onshore_wind_generation,Wind Onshore | Actual Consumption,2026-08-02T23:51:38Z
2026-08-02T23:49:28Z,2026-08-03T01:49:28+0200,65d3fff1-7125-472d-bbc3-1b240f9c8d5b,2026-07-24T12:45:00Z,2026-07-24T14:45:00+0200,1.478,MW,NL,NL,actual_onshore_wind_generation,Wind Onshore | Actual Aggregated,2026-08-02T23:51:38Z
2026-08-02T23:49:28Z,2026-08-03T01:49:28+0200,65d3fff1-7125-472d-bbc3-1b240f9c8d5b,2026-07-24T12:45:00Z,2026-07-24T14:45:00+0200,5.111,MW,NL,NL,actual_onshore_wind_generation,Wind Onshore | Actual Consumption,2026-08-02T23:51:38Z
2026-08-02T23:49:28Z,2026-08-03T01:49:28+0200,65d3fff1-7125-472d-bbc3-1b240f9c8d5b,2026-07-24T13:00:00Z,2026-07-24T15:00:00+0200,2.603,MW,NL,NL,actual_onshore_wind_generation,Wind Onshore | Actual Aggregated,2026-08-02T23:51:38Z
2026-08-02T23:49:28Z,2026-08-03T01:49:28+0200,65d3fff1-7125-472d-bbc3-1b240f9c8d5b,2026-07-24T13:00:00Z,2026-07-24T15:00:00+0200,5.169,MW,NL,NL,actual_onshore_wind_generation,Wind Onshore | Actual Consumption,2026-08-02T23:51:38Z
2026-08-02T23:49:28Z,2026-08-03T01:49:28+0200,65d3fff1-7125-472d-bbc3-1b240f9c8d5b,2026-07-24T13:15:00Z,2026-07-24T15:15:00+0200,5.327,MW,NL,NL,actual_onshore_wind_generation,Wind Onshore | Actual Aggregated,2026-08-02T23:51:38Z
2026-08-02T23:49:28Z,2026-08-03T01:49:28+0200,65d3fff1-7125-472d-bbc3-1b240f9c8d5b,2026-07-24T13:15:00Z,2026-07-24T15:15:00+0200,1.826,MW,NL,NL,actual_onshore_wind_generation,Wind Onshore | Actual Consumption,2026-08-02T23:51:38Z
2026-08-02T23:49:28Z,2026-08-03T01:49:28+0200,65d3fff1-7125-472d-bbc3-1b240f9c8d5b,2026-07-24T13:30:00Z,2026-07-24T15:30:00+0200,5.014,MW,NL,NL,actual_onshore_wind_generation,Wind Onshore | Actual Aggregated,2026-08-02T23:51:38Z
2026-08-02T23:49:28Z,2026-08-03T01:49:28+0200,65d3fff1-7125-472d-bbc3-1b240f9c8d5b,2026-07-24T13:30:00Z,2026-07-24T15:30:00+0200,4.556,MW,NL,NL,actual_onshore_wind_generation,Wind Onshore | Actual Consumption,2026-08-02T23:51:38Z
2026-08-02T23:49:28Z,2026-08-03T01:49:28+0200,65d3fff1-7125-472d-bbc3-1b240f9c8d5b,2026-07-24T13:45:00Z,2026-07-24T15:45:00+0200,6.162,MW,NL,NL,actual_onshore_wind_generation,Wind Onshore | Actual Aggregated,2026-08-02T23:51:38Z
2026-08-02T23:49:28Z,2026-08-03T01:49:28+0200,65d3fff1-7125-472d-bbc3-1b240f9c8d5b,2026-07-24T13:45:00Z,2026-07-24T15:45:00+0200,4.611,MW,NL,NL,actual_onshore_wind_generation,Wind Onshore | Actual Consumption,2026-08-02T23:51:38Z
2026-08-02T23:49:28Z,2026-08-03T01:49:28+0200,65d3fff1-7125-472d-bbc3-1b240f9c8d5b,2026-07-24T14:00:00Z,2026-07-24T16:00:00+0200,3.923,MW,NL,NL,actual_onshore_wind_generation,Wind Onshore | Actual Aggregated,2026-08-02T23:51:38Z
2026-08-02T23:49:28Z,2026-08-03T01:49:28+0200,65d3fff1-7125-472d-bbc3-1b240f9c8d5b,2026-07-24T14:00:00Z,2026-07-24T16:00:00+0200,4.812,MW,NL,NL,actual_onshore_wind_generation,Wind Onshore | Actual Consumption,2026-08-02T23:51:38Z
2026-08-02T23:49:28Z,2026-08-03T01:49:28+0200,65d3fff1-7125-472d-bbc3-1b240f9c8d5b,2026-07-24T14:15:00Z,2026-07-24T16:15:00+0200,3.476,MW,NL,NL,actual_onshore_wind_generation,Wind Onshore | Actual Aggregated,2026-08-02T23:51:38Z
2026-08-02T23:49:28Z,2026-08-03T01:49:28+0200,65d3fff1-7125-472d-bbc3-1b240f9c8d5b,2026-07-24T14:15:00Z,2026-07-24T16:15:00+0200,5.041,MW,NL,NL,actual_onshore_wind_generation,Wind Onshore | Actual Consumption,2026-08-02T23:51:38Z
2026-08-02T23:49:28Z,2026-08-03T01:49:28+0200,65d3fff1-7125-472d-bbc3-1b240f9c8d5b,2026-07-24T14:30:00Z,2026-07-24T16:30:00+0200,4.796,MW,NL,NL,actual_onshore_wind_generation,Wind Onshore | Actual Aggregated,2026-08-02T23:51:38Z
2026-08-02T23:49:28Z,2026-08-03T01:49:28+0200,65d3fff1-7125-472d-bbc3-1b240f9c8d5b,2026-07-24T14:30:00Z,2026-07-24T16:30:00+0200,4.942,MW,NL,NL,actual_onshore_wind_generation,Wind Onshore | Actual Consumption,2026-08-02T23:51:38Z
2026-08-02T23:49:28Z,2026-08-03T01:49:28+0200,65d3fff1-7125-472d-bbc3-1b240f9c8d5b,2026-07-24T14:45:00Z,2026-07-24T16:45:00+0200,5.157,MW,NL,NL,actual_onshore_wind_generation,Wind Onshore | Actual Aggregated,2026-08-02T23:51:38Z
2026-08-02T23:49:28Z,2026-08-03T01:49:28+0200,65d3fff1-7125-472d-bbc3-1b240f9c8d5b,2026-07-24T14:45:00Z,2026-07-24T16:45:00+0200,4.78,MW,NL,NL,actual_onshore_wind_generation,Wind Onshore | Actual Consumption,2026-08-02T23:51:38Z
2026-08-02T23:49:28Z,2026-08-03T01:49:28+0200,65d3fff1-7125-472d-bbc3-1b240f9c8d5b,2026-07-24T15:00:00Z,2026-07-24T17:00:00+0200,5.901,MW,NL,NL,actual_onshore_wind_generation,Wind Onshore | Actual Aggregated,2026-08-02T23:51:38Z
2026-08-02T23:49:28Z,2026-08-03T01:49:28+0200,65d3fff1-7125-472d-bbc3-1b240f9c8d5b,2026-07-24T15:00:00Z,2026-07-24T17:00:00+0200,4.755,MW,NL,NL,actual_onshore_wind_generation,Wind Onshore | Actual Consumption,2026-08-02T23:51:38Z
2026-08-02T23:49:28Z,2026-08-03T01:49:28+0200,65d3fff1-7125-472d-bbc3-1b240f9c8d5b,2026-07-24T15:15:00Z,2026-07-24T17:15:00+0200,5.889,MW,NL,NL,actual_onshore_wind_generation,Wind Onshore | Actual Aggregated,2026-08-02T23:51:38Z
2026-08-02T23:49:28Z,2026-08-03T01:49:28+0200,65d3fff1-7125-472d-bbc3-1b240f9c8d5b,2026-07-24T15:15:00Z,2026-07-24T17:15:00+0200,5.062,MW,NL,NL,actual_onshore_wind_generation,Wind Onshore | Actual Consumption,2026-08-02T23:51:38Z
2026-08-02T23:49:28Z,2026-08-03T01:49:28+0200,65d3fff1-7125-472d-bbc3-1b240f9c8d5b,2026-07-24T15:30:00Z,2026-07-24T17:30:00+0200,4.027,MW,NL,NL,actual_onshore_wind_generation,Wind Onshore | Actual Aggregated,2026-08-02T23:51:38Z
2026-08-02T23:49:28Z,2026-08-03T01:49:28+0200,65d3fff1-7125-472d-bbc3-1b240f9c8d5b,2026-07-24T15:30:00Z,2026-07-24T17:30:00+0200,5.489,MW,NL,NL,actual_onshore_wind_generation,Wind Onshore | Actual Consumption,2026-08-02T23:51:38Z
2026-08-02T23:49:28Z,2026-08-03T01:49:28+0200,65d3fff1-7125-472d-bbc3-1b240f9c8d5b,2026-07-24T15:45:00Z,2026-07-24T17:45:00+0200,2.845,MW,NL,NL,actual_onshore_wind_generation,Wind Onshore | Actual Aggregated,2026-08-02T23:51:38Z
2026-08-02T23:49:28Z,2026-08-03T01:49:28+0200,65d3fff1-7125-472d-bbc3-1b240f9c8d5b,2026-07-24T15:45:00Z,2026-07-24T17:45:00+0200,6.464,MW,NL,NL,actual_onshore_wind_generation,Wind Onshore | Actual Consumption,2026-08-02T23:51:38Z
2026-08-02T23:49:28Z,2026-08-03T01:49:28+0200,65d3fff1-7125-472d-bbc3-1b240f9c8d5b,2026-07-24T16:00:00Z,2026-07-24T18:00:00+0200,4.086,MW,NL,NL,actual_onshore_wind_generation,Wind Onshore | Actual Aggregated,2026-08-02T23:51:38Z
2026-08-02T23:49:28Z,2026-08-03T01:49:28+0200,65d3fff1-7125-472d-bbc3-1b240f9c8d5b,2026-07-24T16:00:00Z,2026-07-24T18:00:00+0200,6.509,MW,NL,NL,actual_onshore_wind_generation,Wind Onshore | Actual Consumption,2026-08-02T23:51:38Z
2026-08-02T23:49:28Z,2026-08-03T01:49:28+0200,65d3fff1-7125-472d-bbc3-1b240f9c8d5b,2026-07-24T16:15:00Z,2026-07-24T18:15:00+0200,2.413,MW,NL,NL,actual_onshore_wind_generation,Wind Onshore | Actual Aggregated,2026-08-02T23:51:38Z
2026-08-02T23:49:28Z,2026-08-03T01:49:28+0200,65d3fff1-7125-472d-bbc3-1b240f9c8d5b,2026-07-24T16:15:00Z,2026-07-24T18:15:00+0200,5.982,MW,NL,NL,actual_onshore_wind_generation,Wind Onshore | Actual Consumption,2026-08-02T23:51:38Z
2026-08-02T23:49:28Z,2026-08-03T01:49:28+0200,65d3fff1-7125-472d-bbc3-1b240f9c8d5b,2026-07-24T16:30:00Z,2026-07-24T18:30:00+0200,4.272,MW,NL,NL,actual_onshore_wind_generation,Wind Onshore | Actual Aggregated,2026-08-02T23:51:38Z
2026-08-02T23:49:28Z,2026-08-03T01:49:28+0200,65d3fff1-7125-472d-bbc3-1b240f9c8d5b,2026-07-24T16:30:00Z,2026-07-24T18:30:00+0200,5.637,MW,NL,NL,actual_onshore_wind_generation,Wind Onshore | Actual Consumption,2026-08-02T23:51:38Z
2026-08-02T23:49:28Z,2026-08-03T01:49:28+0200,65d3fff1-7125-472d-bbc3-1b240f9c8d5b,2026-07-24T16:45:00Z,2026-07-24T18:45:00+0200,2.02,MW,NL,NL,actual_onshore_wind_generation,Wind Onshore | Actual Aggregated,2026-08-02T23:51:38Z
2026-08-02T23:49:28Z,2026-08-03T01:49:28+0200,65d3fff1-7125-472d-bbc3-1b240f9c8d5b,2026-07-24T16:45:00Z,2026-07-24T18:45:00+0200,5.868,MW,NL,NL,actual_onshore_wind_generation,Wind Onshore | Actual Consumption,2026-08-02T23:51:38Z
2026-08-02T23:49:28Z,2026-08-03T01:49:28+0200,65d3fff1-7125-472d-bbc3-1b240f9c8d5b,2026-07-24T17:00:00Z,2026-07-24T19:00:00+0200,2.484,MW,NL,NL,actual_onshore_wind_generation,Wind Onshore | Actual Aggregated,2026-08-02T23:51:38Z
2026-08-02T23:49:28Z,2026-08-03T01:49:28+0200,65d3fff1-7125-472d-bbc3-1b240f9c8d5b,2026-07-24T17:00:00Z,2026-07-24T19:00:00+0200,7.057,MW,NL,NL,actual_onshore_wind_generation,Wind Onshore | Actual Consumption,2026-08-02T23:51:38Z
2026-08-02T23:49:28Z,2026-08-03T01:49:28+0200,65d3fff1-7125-472d-bbc3-1b240f9c8d5b,2026-07-24T17:15:00Z,2026-07-24T19:15:00+0200,3.404,MW,NL,NL,actual_onshore_wind_generation,Wind Onshore | Actual Aggregated,2026-08-02T23:51:38Z
2026-08-02T23:49:28Z,2026-08-03T01:49:28+0200,65d3fff1-7125-472d-bbc3-1b240f9c8d5b,2026-07-24T17:15:00Z,2026-07-24T19:15:00+0200,6.879,MW,NL,NL,actual_onshore_wind_generation,Wind Onshore | Actual Consumption,2026-08-02T23:51:38Z
2026-08-02T23:49:28Z,2026-08-03T01:49:28+0200,65d3fff1-7125-472d-bbc3-1b240f9c8d5b,2026-07-24T17:30:00Z,2026-07-24T19:30:00+0200,3.696,MW,NL,NL,actual_onshore_wind_generation,Wind Onshore | Actual Aggregated,2026-08-02T23:51:38Z
2026-08-02T23:49:28Z,2026-08-03T01:49:28+0200,65d3fff1-7125-472d-bbc3-1b240f9c8d5b,2026-07-24T17:30:00Z,2026-07-24T19:30:00+0200,5.6,MW,NL,NL,actual_onshore_wind_generation,Wind Onshore | Actual Consumption,2026-08-02T23:51:38Z
2026-08-02T23:49:28Z,2026-08-03T01:49:28+0200,65d3fff1-7125-472d-bbc3-1b240f9c8d5b,2026-07-24T17:45:00Z,2026-07-24T19:45:00+0200,4.967,MW,NL,NL,actual_onshore_wind_generation,Wind Onshore | Actual Aggregated,2026-08-02T23:51:38Z
2026-08-02T23:49:28Z,2026-08-03T01:49:28+0200,65d3fff1-7125-472d-bbc3-1b240f9c8d5b,2026-07-24T17:45:00Z,2026-07-24T19:45:00+0200,3.728,MW,NL,NL,actual_onshore_wind_generation,Wind Onshore | Actual Consumption,2026-08-02T23:51:38Z
2026-08-02T23:49:28Z,2026-08-03T01:49:28+0200,65d3fff1-7125-472d-bbc3-1b240f9c8d5b,2026-07-24T18:00:00Z,2026-07-24T20:00:00+0200,3.844,MW,NL,NL,actual_onshore_wind_generation,Wind Onshore | Actual Aggregated,2026-08-02T23:51:38Z
2026-08-02T23:49:28Z,2026-08-03T01:49:28+0200,65d3fff1-7125-472d-bbc3-1b240f9c8d5b,2026-07-24T18:00:00Z,2026-07-24T20:00:00+0200,3.83,MW,NL,NL,actual_onshore_wind_generation,Wind Onshore | Actual Consumption,2026-08-02T23:51:38Z
2026-08-02T23:49:28Z,2026-08-03T01:49:28+0200,65d3fff1-7125-472d-bbc3-1b240f9c8d5b,2026-07-24T18:15:00Z,2026-07-24T20:15:00+0200,3.498,MW,NL,NL,actual_onshore_wind_generation,Wind Onshore | Actual Aggregated,2026-08-02T23:51:38Z
2026-08-02T23:49:28Z,2026-08-03T01:49:28+0200,65d3fff1-7125-472d-bbc3-1b240f9c8d5b,2026-07-24T18:15:00Z,2026-07-24T20:15:00+0200,3.968,MW,NL,NL,actual_onshore_wind_generation,Wind Onshore | Actual Consumption,2026-08-02T23:51:38Z
2026-08-02T23:49:28Z,2026-08-03T01:49:28+0200,65d3fff1-7125-472d-bbc3-1b240f9c8d5b,2026-07-24T18:30:00Z,2026-07-24T20:30:00+0200,3.119,MW,NL,NL,actual_onshore_wind_generation,Wind Onshore | Actual Aggregated,2026-08-02T23:51:38Z
2026-08-02T23:49:28Z,2026-08-03T01:49:28+0200,65d3fff1-7125-472d-bbc3-1b240f9c8d5b,2026-07-24T18:30:00Z,2026-07-24T20:30:00+0200,5.184,MW,NL,NL,actual_onshore_wind_generation,Wind Onshore | Actual Consumption,2026-08-02T23:51:38Z
2026-08-02T23:49:28Z,2026-08-03T01:49:28+0200,65d3fff1-7125-472d-bbc3-1b240f9c8d5b,2026-07-24T18:45:00Z,2026-07-24T20:45:00+0200,1.29,MW,NL,NL,actual_onshore_wind_generation,Wind Onshore | Actual Aggregated,2026-08-02T23:51:38Z
2026-08-02T23:49:28Z,2026-08-03T01:49:28+0200,65d3fff1-7125-472d-bbc3-1b240f9c8d5b,2026-07-24T18:45:00Z,2026-07-24T20:45:00+0200,5.838,MW,NL,NL,actual_onshore_wind_generation,Wind Onshore | Actual Consumption,2026-08-02T23:51:38Z
2026-08-02T23:49:28Z,2026-08-03T01:49:28+0200,65d3fff1-7125-472d-bbc3-1b240f9c8d5b,2026-07-24T19:00:00Z,2026-07-24T21:00:00+0200,0.0,MW,NL,NL,actual_onshore_wind_generation,Wind Onshore | Actual Aggregated,2026-08-02T23:51:38Z
2026-08-02T23:49:28Z,2026-08-03T01:49:28+0200,65d3fff1-7125-472d-bbc3-1b240f9c8d5b,2026-07-24T19:00:00Z,2026-07-24T21:00:00+0200,6.006,MW,NL,NL,actual_onshore_wind_generation,Wind Onshore | Actual Consumption,2026-08-02T23:51:38Z
2026-08-02T23:49:28Z,2026-08-03T01:49:28+0200,65d3fff1-7125-472d-bbc3-1b240f9c8d5b,2026-07-24T19:15:00Z,2026-07-24T21:15:00+0200,0.0,MW,NL,NL,actual_onshore_wind_generation,Wind Onshore | Actual Aggregated,2026-08-02T23:51:38Z
2026-08-02T23:49:28Z,2026-08-03T01:49:28+0200,65d3fff1-7125-472d-bbc3-1b240f9c8d5b,2026-07-24T19:15:00Z,2026-07-24T21:15:00+0200,6.252,MW,NL,NL,actual_onshore_wind_generation,Wind Onshore | Actual Consumption,2026-08-02T23:51:38Z
2026-08-02T23:49:28Z,2026-08-03T01:49:28+0200,65d3fff1-7125-472d-bbc3-1b240f9c8d5b,2026-07-24T19:30:00Z,2026-07-24T21:30:00+0200,0.03,MW,NL,NL,actual_onshore_wind_generation,Wind Onshore | Actual Aggregated,2026-08-02T23:51:38Z
2026-08-02T23:49:28Z,2026-08-03T01:49:28+0200,65d3fff1-7125-472d-bbc3-1b240f9c8d5b,2026-07-24T19:30:00Z,2026-07-24T21:30:00+0200,6.904,MW,NL,NL,actual_onshore_wind_generation,Wind Onshore | Actual Consumption,2026-08-02T23:51:38Z
2026-08-02T23:49:28Z,2026-08-03T01:49:28+0200,65d3fff1-7125-472d-bbc3-1b240f9c8d5b,2026-07-24T19:45:00Z,2026-07-24T21:45:00+0200,0.031,MW,NL,NL,actual_onshore_wind_generation,Wind Onshore | Actual Aggregated,2026-08-02T23:51:38Z
2026-08-02T23:49:28Z,2026-08-03T01:49:28+0200,65d3fff1-7125-472d-bbc3-1b240f9c8d5b,2026-07-24T19:45:00Z,2026-07-24T21:45:00+0200,6.923,MW,NL,NL,actual_onshore_wind_generation,Wind Onshore | Actual Consumption,2026-08-02T23:51:38Z
2026-08-02T23:49:28Z,2026-08-03T01:49:28+0200,65d3fff1-7125-472d-bbc3-1b240f9c8d5b,2026-07-24T20:00:00Z,2026-07-24T22:00:00+0200,1.645,MW,NL,NL,actual_onshore_wind_generation,Wind Onshore | Actual Aggregated,2026-08-02T23:51:38Z
2026-08-02T23:49:28Z,2026-08-03T01:49:28+0200,65d3fff1-7125-472d-bbc3-1b240f9c8d5b,2026-07-24T20:00:00Z,2026-07-24T22:00:00+0200,6.598,MW,NL,NL,actual_onshore_wind_generation,Wind Onshore | Actual Consumption,2026-08-02T23:51:38Z
2026-08-02T23:49:28Z,2026-08-03T01:49:28+0200,65d3fff1-7125-472d-bbc3-1b240f9c8d5b,2026-07-24T20:15:00Z,2026-07-24T22:15:00+0200,2.584,MW,NL,NL,actual_onshore_wind_generation,Wind Onshore | Actual Aggregated,2026-08-02T23:51:38Z
2026-08-02T23:49:28Z,2026-08-03T01:49:28+0200,65d3fff1-7125-472d-bbc3-1b240f9c8d5b,2026-07-24T20:15:00Z,2026-07-24T22:15:00+0200,6.759,MW,NL,NL,actual_onshore_wind_generation,Wind Onshore | Actual Consumption,2026-08-02T23:51:38Z
2026-08-02T23:49:28Z,2026-08-03T01:49:28+0200,65d3fff1-7125-472d-bbc3-1b240f9c8d5b,2026-07-24T20:30:00Z,2026-07-24T22:30:00+0200,2.088,MW,NL,NL,actual_onshore_wind_generation,Wind Onshore | Actual Aggregated,2026-08-02T23:51:38Z
2026-08-02T23:49:28Z,2026-08-03T01:49:28+0200,65d3fff1-7125-472d-bbc3-1b240f9c8d5b,2026-07-24T20:30:00Z,2026-07-24T22:30:00+0200,6.851,MW,NL,NL,actual_onshore_wind_generation,Wind Onshore | Actual Consumption,2026-08-02T23:51:38Z
2026-08-02T23:49:28Z,2026-08-03T01:49:28+0200,65d3fff1-7125-472d-bbc3-1b240f9c8d5b,2026-07-24T20:45:00Z,2026-07-24T22:45:00+0200,2.96,MW,NL,NL,actual_onshore_wind_generation,Wind Onshore | Actual Aggregated,2026-08-02T23:51:38Z
2026-08-02T23:49:28Z,2026-08-03T01:49:28+0200,65d3fff1-7125-472d-bbc3-1b240f9c8d5b,2026-07-24T20:45:00Z,2026-07-24T22:45:00+0200,6.898,MW,NL,NL,actual_onshore_wind_generation,Wind Onshore | Actual Consumption,2026-08-02T23:51:38Z
2026-08-02T23:49:28Z,2026-08-03T01:49:28+0200,65d3fff1-7125-472d-bbc3-1b240f9c8d5b,2026-07-24T21:00:00Z,2026-07-24T23:00:00+0200,3.405,MW,NL,NL,actual_onshore_wind_generation,Wind Onshore | Actual Aggregated,2026-08-02T23:51:38Z
2026-08-02T23:49:28Z,2026-08-03T01:49:28+0200,65d3fff1-7125-472d-bbc3-1b240f9c8d5b,2026-07-24T21:00:00Z,2026-07-24T23:00:00+0200,7.129,MW,NL,NL,actual_onshore_wind_generation,Wind Onshore | Actual Consumption,2026-08-02T23:51:38Z
2026-08-02T23:49:28Z,2026-08-03T01:49:28+0200,65d3fff1-7125-472d-bbc3-1b240f9c8d5b,2026-07-24T21:15:00Z,2026-07-24T23:15:00+0200,4.33,MW,NL,NL,actual_onshore_wind_generation,Wind Onshore | Actual Aggregated,2026-08-02T23:51:38Z
2026-08-02T23:49:28Z,2026-08-03T01:49:28+0200,65d3fff1-7125-472d-bbc3-1b240f9c8d5b,2026-07-24T21:15:00Z,2026-07-24T23:15:00+0200,7.123,MW,NL,NL,actual_onshore_wind_generation,Wind Onshore | Actual Consumption,2026-08-02T23:51:38Z
2026-08-02T23:49:28Z,2026-08-03T01:49:28+0200,65d3fff1-7125-472d-bbc3-1b240f9c8d5b,2026-07-24T21:30:00Z,2026-07-24T23:30:00+0200,3.838,MW,NL,NL,actual_onshore_wind_generation,Wind Onshore | Actual Aggregated,2026-08-02T23:51:38Z
2026-08-02T23:49:28Z,2026-08-03T01:49:28+0200,65d3fff1-7125-472d-bbc3-1b240f9c8d5b,2026-07-24T21:30:00Z,2026-07-24T23:30:00+0200,6.847,MW,NL,NL,actual_onshore_wind_generation,Wind Onshore | Actual Consumption,2026-08-02T23:51:38Z
2026-08-02T23:49:28Z,2026-08-03T01:49:28+0200,65d3fff1-7125-472d-bbc3-1b240f9c8d5b,2026-07-24T21:45:00Z,2026-07-24T23:45:00+0200,3.51,MW,NL,NL,actual_onshore_wind_generation,Wind Onshore | Actual Aggregated,2026-08-02T23:51:38Z
2026-08-02T23:49:28Z,2026-08-03T01:49:28+0200,65d3fff1-7125-472d-bbc3-1b240f9c8d5b,2026-07-24T21:45:00Z,2026-07-24T23:45:00+0200,6.509,MW,NL,NL,actual_onshore_wind_generation,Wind Onshore | Actual Consumption,2026-08-02T23:51:38Z
2026-08-02T23:49:28Z,2026-08-03T01:49:28+0200,65d3fff1-7125-472d-bbc3-1b240f9c8d5b,2026-07-24T22:00:00Z,2026-07-25T00:00:00+0200,5.567,MW,NL,NL,actual_onshore_wind_generation,Wind Onshore | Actual Aggregated,2026-08-02T23:51:38Z
2026-08-02T23:49:28Z,2026-08-03T01:49:28+0200,65d3fff1-7125-472d-bbc3-1b240f9c8d5b,2026-07-24T22:00:00Z,2026-07-25T00:00:00+0200,6.27,MW,NL,NL,actual_onshore_wind_generation,Wind Onshore | Actual Consumption,2026-08-02T23:51:38Z
2026-08-02T23:49:28Z,2026-08-03T01:49:28+0200,65d3fff1-7125-472d-bbc3-1b240f9c8d5b,2026-07-24T22:15:00Z,2026-07-25T00:15:00+0200,9.932,MW,NL,NL,actual_onshore_wind_generation,Wind Onshore | Actual Aggregated,2026-08-02T23:51:38Z
2026-08-02T23:49:28Z,2026-08-03T01:49:28+0200,65d3fff1-7125-472d-bbc3-1b240f9c8d5b,2026-07-24T22:15:00Z,2026-07-25T00:15:00+0200,6.272,MW,NL,NL,actual_onshore_wind_generation,Wind Onshore | Actual Consumption,2026-08-02T23:51:38Z
2026-08-02T23:49:28Z,2026-08-03T01:49:28+0200,65d3fff1-7125-472d-bbc3-1b240f9c8d5b,2026-07-24T22:30:00Z,2026-07-25T00:30:00+0200,14.332,MW,NL,NL,actual_onshore_wind_generation,Wind Onshore | Actual Aggregated,2026-08-02T23:51:38Z
2026-08-02T23:49:28Z,2026-08-03T01:49:28+0200,65d3fff1-7125-472d-bbc3-1b240f9c8d5b,2026-07-24T22:30:00Z,2026-07-25T00:30:00+0200,6.249,MW,NL,NL,actual_onshore_wind_generation,Wind Onshore | Actual Consumption,2026-08-02T23:51:38Z
2026-08-02T23:49:28Z,2026-08-03T01:49:28+0200,65d3fff1-7125-472d-bbc3-1b240f9c8d5b,2026-07-24T22:45:00Z,2026-07-25T00:45:00+0200,18.906,MW,NL,NL,actual_onshore_wind_generation,Wind Onshore | Actual Aggregated,2026-08-02T23:51:38Z
2026-08-02T23:49:28Z,2026-08-03T01:49:28+0200,65d3fff1-7125-472d-bbc3-1b240f9c8d5b,2026-07-24T22:45:00Z,2026-07-25T00:45:00+0200,5.616,MW,NL,NL,actual_onshore_wind_generation,Wind Onshore | Actual Consumption,2026-08-02T23:51:38Z
2026-08-02T23:49:28Z,2026-08-03T01:49:28+0200,65d3fff1-7125-472d-bbc3-1b240f9c8d5b,2026-07-24T23:00:00Z,2026-07-25T01:00:00+0200,26.524,MW,NL,NL,actual_onshore_wind_generation,Wind Onshore | Actual Aggregated,2026-08-02T23:51:38Z
2026-08-02T23:49:28Z,2026-08-03T01:49:28+0200,65d3fff1-7125-472d-bbc3-1b240f9c8d5b,2026-07-24T23:00:00Z,2026-07-25T01:00:00+0200,3.772,MW,NL,NL,actual_onshore_wind_generation,Wind Onshore | Actual Consumption,2026-08-02T23:51:38Z
2026-08-02T23:49:28Z,2026-08-03T01:49:28+0200,65d3fff1-7125-472d-bbc3-1b240f9c8d5b,2026-07-24T23:15:00Z,2026-07-25T01:15:00+0200,25.871,MW,NL,NL,actual_onshore_wind_generation,Wind Onshore | Actual Aggregated,2026-08-02T23:51:38Z
2026-08-02T23:49:28Z,2026-08-03T01:49:28+0200,65d3fff1-7125-472d-bbc3-1b240f9c8d5b,2026-07-24T23:15:00Z,2026-07-25T01:15:00+0200,3.914,MW,NL,NL,actual_onshore_wind_generation,Wind Onshore | Actual Consumption,2026-08-02T23:51:38Z
2026-08-02T23:49:28Z,2026-08-03T01:49:28+0200,65d3fff1-7125-472d-bbc3-1b240f9c8d5b,2026-07-24T23:30:00Z,2026-07-25T01:30:00+0200,25.308,MW,NL,NL,actual_onshore_wind_generation,Wind Onshore | Actual Aggregated,2026-08-02T23:51:38Z
2026-08-02T23:49:28Z,2026-08-03T01:49:28+0200,65d3fff1-7125-472d-bbc3-1b240f9c8d5b,2026-07-24T23:30:00Z,2026-07-25T01:30:00+0200,3.677,MW,NL,NL,actual_onshore_wind_generation,Wind Onshore | Actual Consumption,2026-08-02T23:51:38Z
2026-08-02T23:49:28Z,2026-08-03T01:49:28+0200,65d3fff1-7125-472d-bbc3-1b240f9c8d5b,2026-07-24T23:45:00Z,2026-07-25T01:45:00+0200,24.801,MW,NL,NL,actual_onshore_wind_generation,Wind Onshore | Actual Aggregated,2026-08-02T23:51:38Z
2026-08-02T23:49:28Z,2026-08-03T01:49:28+0200,65d3fff1-7125-472d-bbc3-1b240f9c8d5b,2026-07-24T23:45:00Z,2026-07-25T01:45:00+0200,2.36,MW,NL,NL,actual_onshore_wind_generation,Wind Onshore | Actual Consumption,2026-08-02T23:51:38Z
2026-08-02T23:49:28Z,2026-08-03T01:49:28+0200,65d3fff1-7125-472d-bbc3-1b240f9c8d5b,2026-07-25T00:00:00Z,2026-07-25T02:00:00+0200,27.129,MW,NL,NL,actual_onshore_wind_generation,Wind Onshore | Actual Aggregated,2026-08-02T23:51:38Z
2026-08-02T23:49:28Z,2026-08-03T01:49:28+0200,65d3fff1-7125-472d-bbc3-1b240f9c8d5b,2026-07-25T00:00:00Z,2026-07-25T02:00:00+0200,1.192,MW,NL,NL,actual_onshore_wind_generation,Wind Onshore | Actual Consumption,2026-08-02T23:51:38Z
2026-08-02T23:49:28Z,2026-08-03T01:49:28+0200,65d3fff1-7125-472d-bbc3-1b240f9c8d5b,2026-07-25T00:15:00Z,2026-07-25T02:15:00+0200,33.7,MW,NL,NL,actual_onshore_wind_generation,Wind Onshore | Actual Aggregated,2026-08-02T23:51:38Z
2026-08-02T23:49:28Z,2026-08-03T01:49:28+0200,65d3fff1-7125-472d-bbc3-1b240f9c8d5b,2026-07-25T00:15:00Z,2026-07-25T02:15:00+0200,1.201,MW,NL,NL,actual_onshore_wind_generation,Wind Onshore | Actual Consumption,2026-08-02T23:51:38Z
2026-08-02T23:49:28Z,2026-08-03T01:49:28+0200,65d3fff1-7125-472d-bbc3-1b240f9c8d5b,2026-07-25T00:30:00Z,2026-07-25T02:30:00+0200,31.775,MW,NL,NL,actual_onshore_wind_generation,Wind Onshore | Actual Aggregated,2026-08-02T23:51:38Z
2026-08-02T23:49:28Z,2026-08-03T01:49:28+0200,65d3fff1-7125-472d-bbc3-1b240f9c8d5b,2026-07-25T00:30:00Z,2026-07-25T02:30:00+0200,1.813,MW,NL,NL,actual_onshore_wind_generation,Wind Onshore | Actual Consumption,2026-08-02T23:51:38Z
2026-08-02T23:49:28Z,2026-08-03T01:49:28+0200,65d3fff1-7125-472d-bbc3-1b240f9c8d5b,2026-07-25T00:45:00Z,2026-07-25T02:45:00+0200,36.387,MW,NL,NL,actual_onshore_wind_generation,Wind Onshore | Actual Aggregated,2026-08-02T23:51:38Z
2026-08-02T23:49:28Z,2026-08-03T01:49:28+0200,65d3fff1-7125-472d-bbc3-1b240f9c8d5b,2026-07-25T00:45:00Z,2026-07-25T02:45:00+0200,1.467,MW,NL,NL,actual_onshore_wind_generation,Wind Onshore | Actual Consumption,2026-08-02T23:51:38Z
2026-08-02T23:49:28Z,2026-08-03T01:49:28+0200,65d3fff1-7125-472d-bbc3-1b240f9c8d5b,2026-07-25T01:00:00Z,2026-07-25T03:00:00+0200,33.227,MW,NL,NL,actual_onshore_wind_generation,Wind Onshore | Actual Aggregated,2026-08-02T23:51:38Z
2026-08-02T23:49:28Z,2026-08-03T01:49:28+0200,65d3fff1-7125-472d-bbc3-1b240f9c8d5b,2026-07-25T01:00:00Z,2026-07-25T03:00:00+0200,1.197,MW,NL,NL,actual_onshore_wind_generation,Wind Onshore | Actual Consumption,2026-08-02T23:51:38Z
2026-08-02T23:49:28Z,2026-08-03T01:49:28+0200,65d3fff1-7125-472d-bbc3-1b240f9c8d5b,2026-07-25T01:15:00Z,2026-07-25T03:15:00+0200,41.802,MW,NL,NL,actual_onshore_wind_generation,Wind Onshore | Actual Aggregated,2026-08-02T23:51:38Z
2026-08-02T23:49:28Z,2026-08-03T01:49:28+0200,65d3fff1-7125-472d-bbc3-1b240f9c8d5b,2026-07-25T01:15:00Z,2026-07-25T03:15:00+0200,1.231,MW,NL,NL,actual_onshore_wind_generation,Wind Onshore | Actual Consumption,2026-08-02T23:51:38Z
2026-08-02T23:49:28Z,2026-08-03T01:49:28+0200,65d3fff1-7125-472d-bbc3-1b240f9c8d5b,2026-07-25T01:30:00Z,2026-07-25T03:30:00+0200,66.85,MW,NL,NL,actual_onshore_wind_generation,Wind Onshore | Actual Aggregated,2026-08-02T23:51:38Z
2026-08-02T23:49:28Z,2026-08-03T01:49:28+0200,65d3fff1-7125-472d-bbc3-1b240f9c8d5b,2026-07-25T01:30:00Z,2026-07-25T03:30:00+0200,0.4,MW,NL,NL,actual_onshore_wind_generation,Wind Onshore | Actual Consumption,2026-08-02T23:51:38Z
2026-08-02T23:49:28Z,2026-08-03T01:49:28+0200,65d3fff1-7125-472d-bbc3-1b240f9c8d5b,2026-07-25T01:45:00Z,2026-07-25T03:45:00+0200,99.454,MW,NL,NL,actual_onshore_wind_generation,Wind Onshore | Actual Aggregated,2026-08-02T23:51:38Z
2026-08-02T23:49:28Z,2026-08-03T01:49:28+0200,65d3fff1-7125-472d-bbc3-1b240f9c8d5b,2026-07-25T01:45:00Z,2026-07-25T03:45:00+0200,0.0,MW,NL,NL,actual_onshore_wind_generation,Wind Onshore | Actual Consumption,2026-08-02T23:51:38Z
2026-08-02T23:49:28Z,2026-08-03T01:49:28+0200,65d3fff1-7125-472d-bbc3-1b240f9c8d5b,2026-07-25T02:00:00Z,2026-07-25T04:00:00+0200,108.414,MW,NL,NL,actual_onshore_wind_generation,Wind Onshore | Actual Aggregated,2026-08-02T23:51:38Z
2026-08-02T23:49:28Z,2026-08-03T01:49:28+0200,65d3fff1-7125-472d-bbc3-1b240f9c8d5b,2026-07-25T02:00:00Z,2026-07-25T04:00:00+0200,0.0,MW,NL,NL,actual_onshore_wind_generation,Wind Onshore | Actual Consumption,2026-08-02T23:51:38Z
2026-08-02T23:49:28Z,2026-08-03T01:49:28+0200,65d3fff1-7125-472d-bbc3-1b240f9c8d5b,2026-07-25T02:15:00Z,2026-07-25T04:15:00+0200,118.805,MW,NL,NL,actual_onshore_wind_generation,Wind Onshore | Actual Aggregated,2026-08-02T23:51:38Z
2026-08-02T23:49:28Z,2026-08-03T01:49:28+0200,65d3fff1-7125-472d-bbc3-1b240f9c8d5b,2026-07-25T02:15:00Z,2026-07-25T04:15:00+0200,0.0,MW,NL,NL,actual_onshore_wind_generation,Wind Onshore | Actual Consumption,2026-08-02T23:51:38Z
2026-08-02T23:49:28Z,2026-08-03T01:49:28+0200,65d3fff1-7125-472d-bbc3-1b240f9c8d5b,2026-07-25T02:30:00Z,2026-07-25T04:30:00+0200,147.328,MW,NL,NL,actual_onshore_wind_generation,Wind Onshore | Actual Aggregated,2026-08-02T23:51:38Z
2026-08-02T23:49:28Z,2026-08-03T01:49:28+0200,65d3fff1-7125-472d-bbc3-1b240f9c8d5b,2026-07-25T02:30:00Z,2026-07-25T04:30:00+0200,0.0,MW,NL,NL,actual_onshore_wind_generation,Wind Onshore | Actual Consumption,2026-08-02T23:51:38Z
2026-08-02T23:49:28Z,2026-08-03T01:49:28+0200,65d3fff1-7125-472d-bbc3-1b240f9c8d5b,2026-07-25T02:45:00Z,2026-07-25T04:45:00+0200,182.043,MW,NL,NL,actual_onshore_wind_generation,Wind Onshore | Actual Aggregated,2026-08-02T23:51:38Z
2026-08-02T23:49:28Z,2026-08-03T01:49:28+0200,65d3fff1-7125-472d-bbc3-1b240f9c8d5b,2026-07-25T02:45:00Z,2026-07-25T04:45:00+0200,0.0,MW,NL,NL,actual_onshore_wind_generation,Wind Onshore | Actual Consumption,2026-08-02T23:51:38Z
2026-08-02T23:49:28Z,2026-08-03T01:49:28+0200,65d3fff1-7125-472d-bbc3-1b240f9c8d5b,2026-07-25T03:00:00Z,2026-07-25T05:00:00+0200,229.347,MW,NL,NL,actual_onshore_wind_generation,Wind Onshore | Actual Aggregated,2026-08-02T23:51:38Z
2026-08-02T23:49:28Z,2026-08-03T01:49:28+0200,65d3fff1-7125-472d-bbc3-1b240f9c8d5b,2026-07-25T03:00:00Z,2026-07-25T05:00:00+0200,0.0,MW,NL,NL,actual_onshore_wind_generation,Wind Onshore | Actual Consumption,2026-08-02T23:51:38Z
2026-08-02T23:49:28Z,2026-08-03T01:49:28+0200,65d3fff1-7125-472d-bbc3-1b240f9c8d5b,2026-07-25T03:15:00Z,2026-07-25T05:15:00+0200,264.002,MW,NL,NL,actual_onshore_wind_generation,Wind Onshore | Actual Aggregated,2026-08-02T23:51:38Z
2026-08-02T23:49:28Z,2026-08-03T01:49:28+0200,65d3fff1-7125-472d-bbc3-1b240f9c8d5b,2026-07-25T03:15:00Z,2026-07-25T05:15:00+0200,0.0,MW,NL,NL,actual_onshore_wind_generation,Wind Onshore | Actual Consumption,2026-08-02T23:51:38Z
2026-08-02T23:49:28Z,2026-08-03T01:49:28+0200,65d3fff1-7125-472d-bbc3-1b240f9c8d5b,2026-07-25T03:30:00Z,2026-07-25T05:30:00+0200,262.873,MW,NL,NL,actual_onshore_wind_generation,Wind Onshore | Actual Aggregated,2026-08-02T23:51:38Z
2026-08-02T23:49:28Z,2026-08-03T01:49:28+0200,65d3fff1-7125-472d-bbc3-1b240f9c8d5b,2026-07-25T03:30:00Z,2026-07-25T05:30:00+0200,0.0,MW,NL,NL,actual_onshore_wind_generation,Wind Onshore | Actual Consumption,2026-08-02T23:51:38Z
2026-08-02T23:49:28Z,2026-08-03T01:49:28+0200,65d3fff1-7125-472d-bbc3-1b240f9c8d5b,2026-07-25T03:45:00Z,2026-07-25T05:45:00+0200,282.857,MW,NL,NL,actual_onshore_wind_generation,Wind Onshore | Actual Aggregated,2026-08-02T23:51:38Z
2026-08-02T23:49:28Z,2026-08-03T01:49:28+0200,65d3fff1-7125-472d-bbc3-1b240f9c8d5b,2026-07-25T03:45:00Z,2026-07-25T05:45:00+0200,0.0,MW,NL,NL,actual_onshore_wind_generation,Wind Onshore | Actual Consumption,2026-08-02T23:51:38Z
2026-08-02T23:49:28Z,2026-08-03T01:49:28+0200,65d3fff1-7125-472d-bbc3-1b240f9c8d5b,2026-07-25T04:00:00Z,2026-07-25T06:00:00+0200,284.931,MW,NL,NL,actual_onshore_wind_generation,Wind Onshore | Actual Aggregated,2026-08-02T23:51:38Z
2026-08-02T23:49:28Z,2026-08-03T01:49:28+0200,65d3fff1-7125-472d-bbc3-1b240f9c8d5b,2026-07-25T04:00:00Z,2026-07-25T06:00:00+0200,0.0,MW,NL,NL,actual_onshore_wind_generation,Wind Onshore | Actual Consumption,2026-08-02T23:51:38Z
2026-08-02T23:49:28Z,2026-08-03T01:49:28+0200,65d3fff1-7125-472d-bbc3-1b240f9c8d5b,2026-07-25T04:15:00Z,2026-07-25T06:15:00+0200,308.15,MW,NL,NL,actual_onshore_wind_generation,Wind Onshore | Actual Aggregated,2026-08-02T23:51:38Z
2026-08-02T23:49:28Z,2026-08-03T01:49:28+0200,65d3fff1-7125-472d-bbc3-1b240f9c8d5b,2026-07-25T04:15:00Z,2026-07-25T06:15:00+0200,0.0,MW,NL,NL,actual_onshore_wind_generation,Wind Onshore | Actual Consumption,2026-08-02T23:51:38Z
2026-08-02T23:49:28Z,2026-08-03T01:49:28+0200,65d3fff1-7125-472d-bbc3-1b240f9c8d5b,2026-07-25T04:30:00Z,2026-07-25T06:30:00+0200,292.015,MW,NL,NL,actual_onshore_wind_generation,Wind Onshore | Actual Aggregated,2026-08-02T23:51:38Z
2026-08-02T23:49:28Z,2026-08-03T01:49:28+0200,65d3fff1-7125-472d-bbc3-1b240f9c8d5b,2026-07-25T04:30:00Z,2026-07-25T06:30:00+0200,0.0,MW,NL,NL,actual_onshore_wind_generation,Wind Onshore | Actual Consumption,2026-08-02T23:51:38Z
2026-08-02T23:49:28Z,2026-08-03T01:49:28+0200,65d3fff1-7125-472d-bbc3-1b240f9c8d5b,2026-07-25T04:45:00Z,2026-07-25T06:45:00+0200,287.739,MW,NL,NL,actual_onshore_wind_generation,Wind Onshore | Actual Aggregated,2026-08-02T23:51:38Z
2026-08-02T23:49:28Z,2026-08-03T01:49:28+0200,65d3fff1-7125-472d-bbc3-1b240f9c8d5b,2026-07-25T04:45:00Z,2026-07-25T06:45:00+0200,0.0,MW,NL,NL,actual_onshore_wind_generation,Wind Onshore | Actual Consumption,2026-08-02T23:51:38Z
2026-08-02T23:49:28Z,2026-08-03T01:49:28+0200,65d3fff1-7125-472d-bbc3-1b240f9c8d5b,2026-07-25T05:00:00Z,2026-07-25T07:00:00+0200,277.987,MW,NL,NL,actual_onshore_wind_generation,Wind Onshore | Actual Aggregated,2026-08-02T23:51:38Z
2026-08-02T23:49:28Z,2026-08-03T01:49:28+0200,65d3fff1-7125-472d-bbc3-1b240f9c8d5b,2026-07-25T05:00:00Z,2026-07-25T07:00:00+0200,0.0,MW,NL,NL,actual_onshore_wind_generation,Wind Onshore | Actual Consumption,2026-08-02T23:51:38Z
2026-08-02T23:49:28Z,2026-08-03T01:49:28+0200,65d3fff1-7125-472d-bbc3-1b240f9c8d5b,2026-07-25T05:15:00Z,2026-07-25T07:15:00+0200,320.294,MW,NL,NL,actual_onshore_wind_generation,Wind Onshore | Actual Aggregated,2026-08-02T23:51:38Z
2026-08-02T23:49:28Z,2026-08-03T01:49:28+0200,65d3fff1-7125-472d-bbc3-1b240f9c8d5b,2026-07-25T05:15:00Z,2026-07-25T07:15:00+0200,0.0,MW,NL,NL,actual_onshore_wind_generation,Wind Onshore | Actual Consumption,2026-08-02T23:51:38Z
2026-08-02T23:49:28Z,2026-08-03T01:49:28+0200,65d3fff1-7125-472d-bbc3-1b240f9c8d5b,2026-07-25T05:30:00Z,2026-07-25T07:30:00+0200,315.257,MW,NL,NL,actual_onshore_wind_generation,Wind Onshore | Actual Aggregated,2026-08-02T23:51:38Z
2026-08-02T23:49:28Z,2026-08-03T01:49:28+0200,65d3fff1-7125-472d-bbc3-1b240f9c8d5b,2026-07-25T05:30:00Z,2026-07-25T07:30:00+0200,0.0,MW,NL,NL,actual_onshore_wind_generation,Wind Onshore | Actual Consumption,2026-08-02T23:51:38Z
2026-08-02T23:49:28Z,2026-08-03T01:49:28+0200,65d3fff1-7125-472d-bbc3-1b240f9c8d5b,2026-07-25T05:45:00Z,2026-07-25T07:45:00+0200,252.766,MW,NL,NL,actual_onshore_wind_generation,Wind Onshore | Actual Aggregated,2026-08-02T23:51:38Z
2026-08-02T23:49:28Z,2026-08-03T01:49:28+0200,65d3fff1-7125-472d-bbc3-1b240f9c8d5b,2026-07-25T05:45:00Z,2026-07-25T07:45:00+0200,0.0,MW,NL,NL,actual_onshore_wind_generation,Wind Onshore | Actual Consumption,2026-08-02T23:51:38Z
2026-08-02T23:49:28Z,2026-08-03T01:49:28+0200,65d3fff1-7125-472d-bbc3-1b240f9c8d5b,2026-07-25T06:00:00Z,2026-07-25T08:00:00+0200,232.744,MW,NL,NL,actual_onshore_wind_generation,Wind Onshore | Actual Aggregated,2026-08-02T23:51:38Z
2026-08-02T23:49:28Z,2026-08-03T01:49:28+0200,65d3fff1-7125-472d-bbc3-1b240f9c8d5b,2026-07-25T06:00:00Z,2026-07-25T08:00:00+0200,0.0,MW,NL,NL,actual_onshore_wind_generation,Wind Onshore | Actual Consumption,2026-08-02T23:51:38Z
2026-08-02T23:49:28Z,2026-08-03T01:49:28+0200,65d3fff1-7125-472d-bbc3-1b240f9c8d5b,2026-07-25T06:15:00Z,2026-07-25T08:15:00+0200,224.876,MW,NL,NL,actual_onshore_wind_generation,Wind Onshore | Actual Aggregated,2026-08-02T23:51:38Z
2026-08-02T23:49:28Z,2026-08-03T01:49:28+0200,65d3fff1-7125-472d-bbc3-1b240f9c8d5b,2026-07-25T06:15:00Z,2026-07-25T08:15:00+0200,0.0,MW,NL,NL,actual_onshore_wind_generation,Wind Onshore | Actual Consumption,2026-08-02T23:51:38Z
2026-08-02T23:49:28Z,2026-08-03T01:49:28+0200,65d3fff1-7125-472d-bbc3-1b240f9c8d5b,2026-07-25T06:30:00Z,2026-07-25T08:30:00+0200,182.936,MW,NL,NL,actual_onshore_wind_generation,Wind Onshore | Actual Aggregated,2026-08-02T23:51:38Z
2026-08-02T23:49:28Z,2026-08-03T01:49:28+0200,65d3fff1-7125-472d-bbc3-1b240f9c8d5b,2026-07-25T06:30:00Z,2026-07-25T08:30:00+0200,0.0,MW,NL,NL,actual_onshore_wind_generation,Wind Onshore | Actual Consumption,2026-08-02T23:51:38Z
2026-08-02T23:49:28Z,2026-08-03T01:49:28+0200,65d3fff1-7125-472d-bbc3-1b240f9c8d5b,2026-07-25T06:45:00Z,2026-07-25T08:45:00+0200,180.294,MW,NL,NL,actual_onshore_wind_generation,Wind Onshore | Actual Aggregated,2026-08-02T23:51:38Z
2026-08-02T23:49:28Z,2026-08-03T01:49:28+0200,65d3fff1-7125-472d-bbc3-1b240f9c8d5b,2026-07-25T06:45:00Z,2026-07-25T08:45:00+0200,0.0,MW,NL,NL,actual_onshore_wind_generation,Wind Onshore | Actual Consumption,2026-08-02T23:51:38Z
2026-08-02T23:49:28Z,2026-08-03T01:49:28+0200,65d3fff1-7125-472d-bbc3-1b240f9c8d5b,2026-07-25T07:00:00Z,2026-07-25T09:00:00+0200,178.346,MW,NL,NL,actual_onshore_wind_generation,Wind Onshore | Actual Aggregated,2026-08-02T23:51:38Z
2026-08-02T23:49:28Z,2026-08-03T01:49:28+0200,65d3fff1-7125-472d-bbc3-1b240f9c8d5b,2026-07-25T07:00:00Z,2026-07-25T09:00:00+0200,0.0,MW,NL,NL,actual_onshore_wind_generation,Wind Onshore | Actual Consumption,2026-08-02T23:51:38Z
2026-08-02T23:49:28Z,2026-08-03T01:49:28+0200,65d3fff1-7125-472d-bbc3-1b240f9c8d5b,2026-07-25T07:15:00Z,2026-07-25T09:15:00+0200,153.329,MW,NL,NL,actual_onshore_wind_generation,Wind Onshore | Actual Aggregated,2026-08-02T23:51:38Z
2026-08-02T23:49:28Z,2026-08-03T01:49:28+0200,65d3fff1-7125-472d-bbc3-1b240f9c8d5b,2026-07-25T07:15:00Z,2026-07-25T09:15:00+0200,0.075,MW,NL,NL,actual_onshore_wind_generation,Wind Onshore | Actual Consumption,2026-08-02T23:51:38Z
2026-08-02T23:49:28Z,2026-08-03T01:49:28+0200,65d3fff1-7125-472d-bbc3-1b240f9c8d5b,2026-07-25T07:30:00Z,2026-07-25T09:30:00+0200,147.137,MW,NL,NL,actual_onshore_wind_generation,Wind Onshore | Actual Aggregated,2026-08-02T23:51:38Z
2026-08-02T23:49:28Z,2026-08-03T01:49:28+0200,65d3fff1-7125-472d-bbc3-1b240f9c8d5b,2026-07-25T07:30:00Z,2026-07-25T09:30:00+0200,0.0,MW,NL,NL,actual_onshore_wind_generation,Wind Onshore | Actual Consumption,2026-08-02T23:51:38Z
2026-08-02T23:49:28Z,2026-08-03T01:49:28+0200,65d3fff1-7125-472d-bbc3-1b240f9c8d5b,2026-07-25T07:45:00Z,2026-07-25T09:45:00+0200,126.317,MW,NL,NL,actual_onshore_wind_generation,Wind Onshore | Actual Aggregated,2026-08-02T23:51:38Z
2026-08-02T23:49:28Z,2026-08-03T01:49:28+0200,65d3fff1-7125-472d-bbc3-1b240f9c8d5b,2026-07-25T07:45:00Z,2026-07-25T09:45:00+0200,0.0,MW,NL,NL,actual_onshore_wind_generation,Wind Onshore | Actual Consumption,2026-08-02T23:51:38Z
2026-08-02T23:49:28Z,2026-08-03T01:49:28+0200,65d3fff1-7125-472d-bbc3-1b240f9c8d5b,2026-07-25T08:00:00Z,2026-07-25T10:00:00+0200,116.02,MW,NL,NL,actual_onshore_wind_generation,Wind Onshore | Actual Aggregated,2026-08-02T23:51:38Z
2026-08-02T23:49:28Z,2026-08-03T01:49:28+0200,65d3fff1-7125-472d-bbc3-1b240f9c8d5b,2026-07-25T08:00:00Z,2026-07-25T10:00:00+0200,0.0,MW,NL,NL,actual_onshore_wind_generation,Wind Onshore | Actual Consumption,2026-08-02T23:51:38Z
2026-08-02T23:49:28Z,2026-08-03T01:49:28+0200,65d3fff1-7125-472d-bbc3-1b240f9c8d5b,2026-07-25T08:15:00Z,2026-07-25T10:15:00+0200,111.349,MW,NL,NL,actual_onshore_wind_generation,Wind Onshore | Actual Aggregated,2026-08-02T23:51:38Z
2026-08-02T23:49:28Z,2026-08-03T01:49:28+0200,65d3fff1-7125-472d-bbc3-1b240f9c8d5b,2026-07-25T08:15:00Z,2026-07-25T10:15:00+0200,0.0,MW,NL,NL,actual_onshore_wind_generation,Wind Onshore | Actual Consumption,2026-08-02T23:51:38Z
2026-08-02T23:49:28Z,2026-08-03T01:49:28+0200,65d3fff1-7125-472d-bbc3-1b240f9c8d5b,2026-07-25T08:30:00Z,2026-07-25T10:30:00+0200,103.458,MW,NL,NL,actual_onshore_wind_generation,Wind Onshore | Actual Aggregated,2026-08-02T23:51:38Z
2026-08-02T23:49:28Z,2026-08-03T01:49:28+0200,65d3fff1-7125-472d-bbc3-1b240f9c8d5b,2026-07-25T08:30:00Z,2026-07-25T10:30:00+0200,0.0,MW,NL,NL,actual_onshore_wind_generation,Wind Onshore | Actual Consumption,2026-08-02T23:51:38Z
2026-08-02T23:49:28Z,2026-08-03T01:49:28+0200,65d3fff1-7125-472d-bbc3-1b240f9c8d5b,2026-07-25T08:45:00Z,2026-07-25T10:45:00+0200,108.878,MW,NL,NL,actual_onshore_wind_generation,Wind Onshore | Actual Aggregated,2026-08-02T23:51:38Z
2026-08-02T23:49:28Z,2026-08-03T01:49:28+0200,65d3fff1-7125-472d-bbc3-1b240f9c8d5b,2026-07-25T08:45:00Z,2026-07-25T10:45:00+0200,0.0,MW,NL,NL,actual_onshore_wind_generation,Wind Onshore | Actual Consumption,2026-08-02T23:51:38Z
2026-08-02T23:49:28Z,2026-08-03T01:49:28+0200,65d3fff1-7125-472d-bbc3-1b240f9c8d5b,2026-07-25T09:00:00Z,2026-07-25T11:00:00+0200,115.369,MW,NL,NL,actual_onshore_wind_generation,Wind Onshore | Actual Aggregated,2026-08-02T23:51:38Z
2026-08-02T23:49:28Z,2026-08-03T01:49:28+0200,65d3fff1-7125-472d-bbc3-1b240f9c8d5b,2026-07-25T09:00:00Z,2026-07-25T11:00:00+0200,0.0,MW,NL,NL,actual_onshore_wind_generation,Wind Onshore | Actual Consumption,2026-08-02T23:51:38Z
2026-08-02T23:49:28Z,2026-08-03T01:49:28+0200,65d3fff1-7125-472d-bbc3-1b240f9c8d5b,2026-07-25T09:15:00Z,2026-07-25T11:15:00+0200,113.263,MW,NL,NL,actual_onshore_wind_generation,Wind Onshore | Actual Aggregated,2026-08-02T23:51:38Z
2026-08-02T23:49:28Z,2026-08-03T01:49:28+0200,65d3fff1-7125-472d-bbc3-1b240f9c8d5b,2026-07-25T09:15:00Z,2026-07-25T11:15:00+0200,0.0,MW,NL,NL,actual_onshore_wind_generation,Wind Onshore | Actual Consumption,2026-08-02T23:51:38Z
2026-08-02T23:49:28Z,2026-08-03T01:49:28+0200,65d3fff1-7125-472d-bbc3-1b240f9c8d5b,2026-07-25T09:30:00Z,2026-07-25T11:30:00+0200,107.596,MW,NL,NL,actual_onshore_wind_generation,Wind Onshore | Actual Aggregated,2026-08-02T23:51:38Z
2026-08-02T23:49:28Z,2026-08-03T01:49:28+0200,65d3fff1-7125-472d-bbc3-1b240f9c8d5b,2026-07-25T09:30:00Z,2026-07-25T11:30:00+0200,0.0,MW,NL,NL,actual_onshore_wind_generation,Wind Onshore | Actual Consumption,2026-08-02T23:51:38Z
2026-08-02T23:49:28Z,2026-08-03T01:49:28+0200,65d3fff1-7125-472d-bbc3-1b240f9c8d5b,2026-07-25T09:45:00Z,2026-07-25T11:45:00+0200,121.256,MW,NL,NL,actual_onshore_wind_generation,Wind Onshore | Actual Aggregated,2026-08-02T23:51:38Z
2026-08-02T23:49:28Z,2026-08-03T01:49:28+0200,65d3fff1-7125-472d-bbc3-1b240f9c8d5b,2026-07-25T09:45:00Z,2026-07-25T11:45:00+0200,0.0,MW,NL,NL,actual_onshore_wind_generation,Wind Onshore | Actual Consumption,2026-08-02T23:51:38Z
2026-08-02T23:49:28Z,2026-08-03T01:49:28+0200,65d3fff1-7125-472d-bbc3-1b240f9c8d5b,2026-07-25T10:00:00Z,2026-07-25T12:00:00+0200,121.182,MW,NL,NL,actual_onshore_wind_generation,Wind Onshore | Actual Aggregated,2026-08-02T23:51:38Z
2026-08-02T23:49:28Z,2026-08-03T01:49:28+0200,65d3fff1-7125-472d-bbc3-1b240f9c8d5b,2026-07-25T10:00:00Z,2026-07-25T12:00:00+0200,0.0,MW,NL,NL,actual_onshore_wind_generation,Wind Onshore | Actual Consumption,2026-08-02T23:51:38Z
2026-08-02T23:49:28Z,2026-08-03T01:49:28+0200,65d3fff1-7125-472d-bbc3-1b240f9c8d5b,2026-07-25T10:15:00Z,2026-07-25T12:15:00+0200,122.917,MW,NL,NL,actual_onshore_wind_generation,Wind Onshore | Actual Aggregated,2026-08-02T23:51:38Z
2026-08-02T23:49:28Z,2026-08-03T01:49:28+0200,65d3fff1-7125-472d-bbc3-1b240f9c8d5b,2026-07-25T10:15:00Z,2026-07-25T12:15:00+0200,0.0,MW,NL,NL,actual_onshore_wind_generation,Wind Onshore | Actual Consumption,2026-08-02T23:51:38Z
2026-08-02T23:49:28Z,2026-08-03T01:49:28+0200,65d3fff1-7125-472d-bbc3-1b240f9c8d5b,2026-07-25T10:30:00Z,2026-07-25T12:30:00+0200,131.551,MW,NL,NL,actual_onshore_wind_generation,Wind Onshore | Actual Aggregated,2026-08-02T23:51:38Z
2026-08-02T23:49:28Z,2026-08-03T01:49:28+0200,65d3fff1-7125-472d-bbc3-1b240f9c8d5b,2026-07-25T10:30:00Z,2026-07-25T12:30:00+0200,0.0,MW,NL,NL,actual_onshore_wind_generation,Wind Onshore | Actual Consumption,2026-08-02T23:51:38Z
2026-08-02T23:49:28Z,2026-08-03T01:49:28+0200,65d3fff1-7125-472d-bbc3-1b240f9c8d5b,2026-07-25T10:45:00Z,2026-07-25T12:45:00+0200,72.955,MW,NL,NL,actual_onshore_wind_generation,Wind Onshore | Actual Aggregated,2026-08-02T23:51:38Z
2026-08-02T23:49:28Z,2026-08-03T01:49:28+0200,65d3fff1-7125-472d-bbc3-1b240f9c8d5b,2026-07-25T10:45:00Z,2026-07-25T12:45:00+0200,0.0,MW,NL,NL,actual_onshore_wind_generation,Wind Onshore | Actual Consumption,2026-08-02T23:51:38Z
2026-08-02T23:49:28Z,2026-08-03T01:49:28+0200,65d3fff1-7125-472d-bbc3-1b240f9c8d5b,2026-07-25T11:00:00Z,2026-07-25T13:00:00+0200,78.297,MW,NL,NL,actual_onshore_wind_generation,Wind Onshore | Actual Aggregated,2026-08-02T23:51:38Z
2026-08-02T23:49:28Z,2026-08-03T01:49:28+0200,65d3fff1-7125-472d-bbc3-1b240f9c8d5b,2026-07-25T11:00:00Z,2026-07-25T13:00:00+0200,0.0,MW,NL,NL,actual_onshore_wind_generation,Wind Onshore | Actual Consumption,2026-08-02T23:51:38Z
2026-08-02T23:49:28Z,2026-08-03T01:49:28+0200,65d3fff1-7125-472d-bbc3-1b240f9c8d5b,2026-07-25T11:15:00Z,2026-07-25T13:15:00+0200,98.304,MW,NL,NL,actual_onshore_wind_generation,Wind Onshore | Actual Aggregated,2026-08-02T23:51:38Z
2026-08-02T23:49:28Z,2026-08-03T01:49:28+0200,65d3fff1-7125-472d-bbc3-1b240f9c8d5b,2026-07-25T11:15:00Z,2026-07-25T13:15:00+0200,0.075,MW,NL,NL,actual_onshore_wind_generation,Wind Onshore | Actual Consumption,2026-08-02T23:51:38Z
2026-08-02T23:49:28Z,2026-08-03T01:49:28+0200,65d3fff1-7125-472d-bbc3-1b240f9c8d5b,2026-07-25T11:30:00Z,2026-07-25T13:30:00+0200,124.619,MW,NL,NL,actual_onshore_wind_generation,Wind Onshore | Actual Aggregated,2026-08-02T23:51:38Z
2026-08-02T23:49:28Z,2026-08-03T01:49:28+0200,65d3fff1-7125-472d-bbc3-1b240f9c8d5b,2026-07-25T11:30:00Z,2026-07-25T13:30:00+0200,0.0,MW,NL,NL,actual_onshore_wind_generation,Wind Onshore | Actual Consumption,2026-08-02T23:51:38Z
2026-08-02T23:49:28Z,2026-08-03T01:49:28+0200,65d3fff1-7125-472d-bbc3-1b240f9c8d5b,2026-07-25T11:45:00Z,2026-07-25T13:45:00+0200,112.906,MW,NL,NL,actual_onshore_wind_generation,Wind Onshore | Actual Aggregated,2026-08-02T23:51:38Z
2026-08-02T23:49:28Z,2026-08-03T01:49:28+0200,65d3fff1-7125-472d-bbc3-1b240f9c8d5b,2026-07-25T11:45:00Z,2026-07-25T13:45:00+0200,0.021,MW,NL,NL,actual_onshore_wind_generation,Wind Onshore | Actual Consumption,2026-08-02T23:51:38Z
2026-08-02T23:49:28Z,2026-08-03T01:49:28+0200,65d3fff1-7125-472d-bbc3-1b240f9c8d5b,2026-07-25T12:00:00Z,2026-07-25T14:00:00+0200,110.823,MW,NL,NL,actual_onshore_wind_generation,Wind Onshore | Actual Aggregated,2026-08-02T23:51:38Z
2026-08-02T23:49:28Z,2026-08-03T01:49:28+0200,65d3fff1-7125-472d-bbc3-1b240f9c8d5b,2026-07-25T12:00:00Z,2026-07-25T14:00:00+0200,0.016,MW,NL,NL,actual_onshore_wind_generation,Wind Onshore | Actual Consumption,2026-08-02T23:51:38Z
2026-08-02T23:49:28Z,2026-08-03T01:49:28+0200,65d3fff1-7125-472d-bbc3-1b240f9c8d5b,2026-07-25T12:15:00Z,2026-07-25T14:15:00+0200,99.587,MW,NL,NL,actual_onshore_wind_generation,Wind Onshore | Actual Aggregated,2026-08-02T23:51:38Z
2026-08-02T23:49:28Z,2026-08-03T01:49:28+0200,65d3fff1-7125-472d-bbc3-1b240f9c8d5b,2026-07-25T12:15:00Z,2026-07-25T14:15:00+0200,0.0,MW,NL,NL,actual_onshore_wind_generation,Wind Onshore | Actual Consumption,2026-08-02T23:51:38Z
2026-08-02T23:49:28Z,2026-08-03T01:49:28+0200,65d3fff1-7125-472d-bbc3-1b240f9c8d5b,2026-07-25T12:30:00Z,2026-07-25T14:30:00+0200,107.41,MW,NL,NL,actual_onshore_wind_generation,Wind Onshore | Actual Aggregated,2026-08-02T23:51:38Z
2026-08-02T23:49:28Z,2026-08-03T01:49:28+0200,65d3fff1-7125-472d-bbc3-1b240f9c8d5b,2026-07-25T12:30:00Z,2026-07-25T14:30:00+0200,0.0,MW,NL,NL,actual_onshore_wind_generation,Wind Onshore | Actual Consumption,2026-08-02T23:51:38Z
2026-08-02T23:49:28Z,2026-08-03T01:49:28+0200,65d3fff1-7125-472d-bbc3-1b240f9c8d5b,2026-07-25T12:45:00Z,2026-07-25T14:45:00+0200,142.931,MW,NL,NL,actual_onshore_wind_generation,Wind Onshore | Actual Aggregated,2026-08-02T23:51:38Z
2026-08-02T23:49:28Z,2026-08-03T01:49:28+0200,65d3fff1-7125-472d-bbc3-1b240f9c8d5b,2026-07-25T12:45:00Z,2026-07-25T14:45:00+0200,0.0,MW,NL,NL,actual_onshore_wind_generation,Wind Onshore | Actual Consumption,2026-08-02T23:51:38Z
2026-08-02T23:49:28Z,2026-08-03T01:49:28+0200,65d3fff1-7125-472d-bbc3-1b240f9c8d5b,2026-07-25T13:00:00Z,2026-07-25T15:00:00+0200,208.622,MW,NL,NL,actual_onshore_wind_generation,Wind Onshore | Actual Aggregated,2026-08-02T23:51:38Z
2026-08-02T23:49:28Z,2026-08-03T01:49:28+0200,65d3fff1-7125-472d-bbc3-1b240f9c8d5b,2026-07-25T13:00:00Z,2026-07-25T15:00:00+0200,0.0,MW,NL,NL,actual_onshore_wind_generation,Wind Onshore | Actual Consumption,2026-08-02T23:51:38Z
2026-08-02T23:49:28Z,2026-08-03T01:49:28+0200,65d3fff1-7125-472d-bbc3-1b240f9c8d5b,2026-07-25T13:15:00Z,2026-07-25T15:15:00+0200,249.519,MW,NL,NL,actual_onshore_wind_generation,Wind Onshore | Actual Aggregated,2026-08-02T23:51:38Z
2026-08-02T23:49:28Z,2026-08-03T01:49:28+0200,65d3fff1-7125-472d-bbc3-1b240f9c8d5b,2026-07-25T13:15:00Z,2026-07-25T15:15:00+0200,0.0,MW,NL,NL,actual_onshore_wind_generation,Wind Onshore | Actual Consumption,2026-08-02T23:51:38Z
2026-08-02T23:49:28Z,2026-08-03T01:49:28+0200,65d3fff1-7125-472d-bbc3-1b240f9c8d5b,2026-07-25T13:30:00Z,2026-07-25T15:30:00+0200,248.06,MW,NL,NL,actual_onshore_wind_generation,Wind Onshore | Actual Aggregated,2026-08-02T23:51:38Z
2026-08-02T23:49:28Z,2026-08-03T01:49:28+0200,65d3fff1-7125-472d-bbc3-1b240f9c8d5b,2026-07-25T13:30:00Z,2026-07-25T15:30:00+0200,0.0,MW,NL,NL,actual_onshore_wind_generation,Wind Onshore | Actual Consumption,2026-08-02T23:51:38Z
2026-08-02T23:49:28Z,2026-08-03T01:49:28+0200,65d3fff1-7125-472d-bbc3-1b240f9c8d5b,2026-07-25T13:45:00Z,2026-07-25T15:45:00+0200,262.932,MW,NL,NL,actual_onshore_wind_generation,Wind Onshore | Actual Aggregated,2026-08-02T23:51:38Z
2026-08-02T23:49:28Z,2026-08-03T01:49:28+0200,65d3fff1-7125-472d-bbc3-1b240f9c8d5b,2026-07-25T13:45:00Z,2026-07-25T15:45:00+0200,0.0,MW,NL,NL,actual_onshore_wind_generation,Wind Onshore | Actual Consumption,2026-08-02T23:51:38Z
2026-08-02T23:49:28Z,2026-08-03T01:49:28+0200,65d3fff1-7125-472d-bbc3-1b240f9c8d5b,2026-07-25T14:00:00Z,2026-07-25T16:00:00+0200,254.626,MW,NL,NL,actual_onshore_wind_generation,Wind Onshore | Actual Aggregated,2026-08-02T23:51:38Z
2026-08-02T23:49:28Z,2026-08-03T01:49:28+0200,65d3fff1-7125-472d-bbc3-1b240f9c8d5b,2026-07-25T14:00:00Z,2026-07-25T16:00:00+0200,0.0,MW,NL,NL,actual_onshore_wind_generation,Wind Onshore | Actual Consumption,2026-08-02T23:51:38Z
2026-08-02T23:49:28Z,2026-08-03T01:49:28+0200,65d3fff1-7125-472d-bbc3-1b240f9c8d5b,2026-07-25T14:15:00Z,2026-07-25T16:15:00+0200,232.05,MW,NL,NL,actual_onshore_wind_generation,Wind Onshore | Actual Aggregated,2026-08-02T23:51:38Z
2026-08-02T23:49:28Z,2026-08-03T01:49:28+0200,65d3fff1-7125-472d-bbc3-1b240f9c8d5b,2026-07-25T14:15:00Z,2026-07-25T16:15:00+0200,0.0,MW,NL,NL,actual_onshore_wind_generation,Wind Onshore | Actual Consumption,2026-08-02T23:51:38Z
2026-08-02T23:49:28Z,2026-08-03T01:49:28+0200,65d3fff1-7125-472d-bbc3-1b240f9c8d5b,2026-07-25T14:30:00Z,2026-07-25T16:30:00+0200,227.568,MW,NL,NL,actual_onshore_wind_generation,Wind Onshore | Actual Aggregated,2026-08-02T23:51:38Z
2026-08-02T23:49:28Z,2026-08-03T01:49:28+0200,65d3fff1-7125-472d-bbc3-1b240f9c8d5b,2026-07-25T14:30:00Z,2026-07-25T16:30:00+0200,0.0,MW,NL,NL,actual_onshore_wind_generation,Wind Onshore | Actual Consumption,2026-08-02T23:51:38Z
2026-08-02T23:49:28Z,2026-08-03T01:49:28+0200,65d3fff1-7125-472d-bbc3-1b240f9c8d5b,2026-07-25T14:45:00Z,2026-07-25T16:45:00+0200,239.927,MW,NL,NL,actual_onshore_wind_generation,Wind Onshore | Actual Aggregated,2026-08-02T23:51:38Z
2026-08-02T23:49:28Z,2026-08-03T01:49:28+0200,65d3fff1-7125-472d-bbc3-1b240f9c8d5b,2026-07-25T14:45:00Z,2026-07-25T16:45:00+0200,0.0,MW,NL,NL,actual_onshore_wind_generation,Wind Onshore | Actual Consumption,2026-08-02T23:51:38Z
2026-08-02T23:49:28Z,2026-08-03T01:49:28+0200,65d3fff1-7125-472d-bbc3-1b240f9c8d5b,2026-07-25T15:00:00Z,2026-07-25T17:00:00+0200,216.336,MW,NL,NL,actual_onshore_wind_generation,Wind Onshore | Actual Aggregated,2026-08-02T23:51:38Z
2026-08-02T23:49:28Z,2026-08-03T01:49:28+0200,65d3fff1-7125-472d-bbc3-1b240f9c8d5b,2026-07-25T15:00:00Z,2026-07-25T17:00:00+0200,0.0,MW,NL,NL,actual_onshore_wind_generation,Wind Onshore | Actual Consumption,2026-08-02T23:51:38Z
2026-08-02T23:49:28Z,2026-08-03T01:49:28+0200,65d3fff1-7125-472d-bbc3-1b240f9c8d5b,2026-07-25T15:15:00Z,2026-07-25T17:15:00+0200,196.457,MW,NL,NL,actual_onshore_wind_generation,Wind Onshore | Actual Aggregated,2026-08-02T23:51:38Z
2026-08-02T23:49:28Z,2026-08-03T01:49:28+0200,65d3fff1-7125-472d-bbc3-1b240f9c8d5b,2026-07-25T15:15:00Z,2026-07-25T17:15:00+0200,0.0,MW,NL,NL,actual_onshore_wind_generation,Wind Onshore | Actual Consumption,2026-08-02T23:51:38Z
2026-08-02T23:49:28Z,2026-08-03T01:49:28+0200,65d3fff1-7125-472d-bbc3-1b240f9c8d5b,2026-07-25T15:30:00Z,2026-07-25T17:30:00+0200,202.604,MW,NL,NL,actual_onshore_wind_generation,Wind Onshore | Actual Aggregated,2026-08-02T23:51:38Z
2026-08-02T23:49:28Z,2026-08-03T01:49:28+0200,65d3fff1-7125-472d-bbc3-1b240f9c8d5b,2026-07-25T15:30:00Z,2026-07-25T17:30:00+0200,0.0,MW,NL,NL,actual_onshore_wind_generation,Wind Onshore | Actual Consumption,2026-08-02T23:51:38Z
2026-08-02T23:49:28Z,2026-08-03T01:49:28+0200,65d3fff1-7125-472d-bbc3-1b240f9c8d5b,2026-07-25T15:45:00Z,2026-07-25T17:45:00+0200,207.737,MW,NL,NL,actual_onshore_wind_generation,Wind Onshore | Actual Aggregated,2026-08-02T23:51:38Z
2026-08-02T23:49:28Z,2026-08-03T01:49:28+0200,65d3fff1-7125-472d-bbc3-1b240f9c8d5b,2026-07-25T15:45:00Z,2026-07-25T17:45:00+0200,0.0,MW,NL,NL,actual_onshore_wind_generation,Wind Onshore | Actual Consumption,2026-08-02T23:51:38Z
2026-08-02T23:49:28Z,2026-08-03T01:49:28+0200,65d3fff1-7125-472d-bbc3-1b240f9c8d5b,2026-07-25T16:00:00Z,2026-07-25T18:00:00+0200,202.946,MW,NL,NL,actual_onshore_wind_generation,Wind Onshore | Actual Aggregated,2026-08-02T23:51:38Z
2026-08-02T23:49:28Z,2026-08-03T01:49:28+0200,65d3fff1-7125-472d-bbc3-1b240f9c8d5b,2026-07-25T16:00:00Z,2026-07-25T18:00:00+0200,0.0,MW,NL,NL,actual_onshore_wind_generation,Wind Onshore | Actual Consumption,2026-08-02T23:51:38Z
2026-08-02T23:49:28Z,2026-08-03T01:49:28+0200,65d3fff1-7125-472d-bbc3-1b240f9c8d5b,2026-07-25T16:15:00Z,2026-07-25T18:15:00+0200,196.542,MW,NL,NL,actual_onshore_wind_generation,Wind Onshore | Actual Aggregated,2026-08-02T23:51:38Z
2026-08-02T23:49:28Z,2026-08-03T01:49:28+0200,65d3fff1-7125-472d-bbc3-1b240f9c8d5b,2026-07-25T16:15:00Z,2026-07-25T18:15:00+0200,0.0,MW,NL,NL,actual_onshore_wind_generation,Wind Onshore | Actual Consumption,2026-08-02T23:51:38Z
2026-08-02T23:49:28Z,2026-08-03T01:49:28+0200,65d3fff1-7125-472d-bbc3-1b240f9c8d5b,2026-07-25T16:30:00Z,2026-07-25T18:30:00+0200,193.016,MW,NL,NL,actual_onshore_wind_generation,Wind Onshore | Actual Aggregated,2026-08-02T23:51:38Z
2026-08-02T23:49:28Z,2026-08-03T01:49:28+0200,65d3fff1-7125-472d-bbc3-1b240f9c8d5b,2026-07-25T16:30:00Z,2026-07-25T18:30:00+0200,0.0,MW,NL,NL,actual_onshore_wind_generation,Wind Onshore | Actual Consumption,2026-08-02T23:51:38Z
2026-08-02T23:49:28Z,2026-08-03T01:49:28+0200,65d3fff1-7125-472d-bbc3-1b240f9c8d5b,2026-07-25T16:45:00Z,2026-07-25T18:45:00+0200,174.955,MW,NL,NL,actual_onshore_wind_generation,Wind Onshore | Actual Aggregated,2026-08-02T23:51:38Z
2026-08-02T23:49:28Z,2026-08-03T01:49:28+0200,65d3fff1-7125-472d-bbc3-1b240f9c8d5b,2026-07-25T16:45:00Z,2026-07-25T18:45:00+0200,0.0,MW,NL,NL,actual_onshore_wind_generation,Wind Onshore | Actual Consumption,2026-08-02T23:51:38Z
2026-08-02T23:49:28Z,2026-08-03T01:49:28+0200,65d3fff1-7125-472d-bbc3-1b240f9c8d5b,2026-07-25T17:00:00Z,2026-07-25T19:00:00+0200,154.286,MW,NL,NL,actual_onshore_wind_generation,Wind Onshore | Actual Aggregated,2026-08-02T23:51:38Z
2026-08-02T23:49:28Z,2026-08-03T01:49:28+0200,65d3fff1-7125-472d-bbc3-1b240f9c8d5b,2026-07-25T17:00:00Z,2026-07-25T19:00:00+0200,0.0,MW,NL,NL,actual_onshore_wind_generation,Wind Onshore | Actual Consumption,2026-08-02T23:51:38Z
2026-08-02T23:49:28Z,2026-08-03T01:49:28+0200,65d3fff1-7125-472d-bbc3-1b240f9c8d5b,2026-07-25T17:15:00Z,2026-07-25T19:15:00+0200,149.521,MW,NL,NL,actual_onshore_wind_generation,Wind Onshore | Actual Aggregated,2026-08-02T23:51:38Z
2026-08-02T23:49:28Z,2026-08-03T01:49:28+0200,65d3fff1-7125-472d-bbc3-1b240f9c8d5b,2026-07-25T17:15:00Z,2026-07-25T19:15:00+0200,0.0,MW,NL,NL,actual_onshore_wind_generation,Wind Onshore | Actual Consumption,2026-08-02T23:51:38Z
2026-08-02T23:49:28Z,2026-08-03T01:49:28+0200,65d3fff1-7125-472d-bbc3-1b240f9c8d5b,2026-07-25T17:30:00Z,2026-07-25T19:30:00+0200,129.087,MW,NL,NL,actual_onshore_wind_generation,Wind Onshore | Actual Aggregated,2026-08-02T23:51:38Z
2026-08-02T23:49:28Z,2026-08-03T01:49:28+0200,65d3fff1-7125-472d-bbc3-1b240f9c8d5b,2026-07-25T17:30:00Z,2026-07-25T19:30:00+0200,0.0,MW,NL,NL,actual_onshore_wind_generation,Wind Onshore | Actual Consumption,2026-08-02T23:51:38Z
2026-08-02T23:49:28Z,2026-08-03T01:49:28+0200,65d3fff1-7125-472d-bbc3-1b240f9c8d5b,2026-07-25T17:45:00Z,2026-07-25T19:45:00+0200,114.791,MW,NL,NL,actual_onshore_wind_generation,Wind Onshore | Actual Aggregated,2026-08-02T23:51:38Z
2026-08-02T23:49:28Z,2026-08-03T01:49:28+0200,65d3fff1-7125-472d-bbc3-1b240f9c8d5b,2026-07-25T17:45:00Z,2026-07-25T19:45:00+0200,0.0,MW,NL,NL,actual_onshore_wind_generation,Wind Onshore | Actual Consumption,2026-08-02T23:51:38Z
2026-08-02T23:49:28Z,2026-08-03T01:49:28+0200,65d3fff1-7125-472d-bbc3-1b240f9c8d5b,2026-07-25T18:00:00Z,2026-07-25T20:00:00+0200,105.586,MW,NL,NL,actual_onshore_wind_generation,Wind Onshore | Actual Aggregated,2026-08-02T23:51:38Z
2026-08-02T23:49:28Z,2026-08-03T01:49:28+0200,65d3fff1-7125-472d-bbc3-1b240f9c8d5b,2026-07-25T18:00:00Z,2026-07-25T20:00:00+0200,0.0,MW,NL,NL,actual_onshore_wind_generation,Wind Onshore | Actual Consumption,2026-08-02T23:51:38Z
2026-08-02T23:49:28Z,2026-08-03T01:49:28+0200,65d3fff1-7125-472d-bbc3-1b240f9c8d5b,2026-07-25T18:15:00Z,2026-07-25T20:15:00+0200,111.098,MW,NL,NL,actual_onshore_wind_generation,Wind Onshore | Actual Aggregated,2026-08-02T23:51:38Z
2026-08-02T23:49:28Z,2026-08-03T01:49:28+0200,65d3fff1-7125-472d-bbc3-1b240f9c8d5b,2026-07-25T18:15:00Z,2026-07-25T20:15:00+0200,0.0,MW,NL,NL,actual_onshore_wind_generation,Wind Onshore | Actual Consumption,2026-08-02T23:51:38Z
2026-08-02T23:49:28Z,2026-08-03T01:49:28+0200,65d3fff1-7125-472d-bbc3-1b240f9c8d5b,2026-07-25T18:30:00Z,2026-07-25T20:30:00+0200,141.355,MW,NL,NL,actual_onshore_wind_generation,Wind Onshore | Actual Aggregated,2026-08-02T23:51:38Z
2026-08-02T23:49:28Z,2026-08-03T01:49:28+0200,65d3fff1-7125-472d-bbc3-1b240f9c8d5b,2026-07-25T18:30:00Z,2026-07-25T20:30:00+0200,0.0,MW,NL,NL,actual_onshore_wind_generation,Wind Onshore | Actual Consumption,2026-08-02T23:51:38Z
2026-08-02T23:49:28Z,2026-08-03T01:49:28+0200,65d3fff1-7125-472d-bbc3-1b240f9c8d5b,2026-07-25T18:45:00Z,2026-07-25T20:45:00+0200,138.803,MW,NL,NL,actual_onshore_wind_generation,Wind Onshore | Actual Aggregated,2026-08-02T23:51:38Z
2026-08-02T23:49:28Z,2026-08-03T01:49:28+0200,65d3fff1-7125-472d-bbc3-1b240f9c8d5b,2026-07-25T18:45:00Z,2026-07-25T20:45:00+0200,0.0,MW,NL,NL,actual_onshore_wind_generation,Wind Onshore | Actual Consumption,2026-08-02T23:51:38Z
2026-08-02T23:49:28Z,2026-08-03T01:49:28+0200,65d3fff1-7125-472d-bbc3-1b240f9c8d5b,2026-07-25T19:00:00Z,2026-07-25T21:00:00+0200,134.425,MW,NL,NL,actual_onshore_wind_generation,Wind Onshore | Actual Aggregated,2026-08-02T23:51:38Z
2026-08-02T23:49:28Z,2026-08-03T01:49:28+0200,65d3fff1-7125-472d-bbc3-1b240f9c8d5b,2026-07-25T19:00:00Z,2026-07-25T21:00:00+0200,0.0,MW,NL,NL,actual_onshore_wind_generation,Wind Onshore | Actual Consumption,2026-08-02T23:51:38Z
2026-08-02T23:49:28Z,2026-08-03T01:49:28+0200,65d3fff1-7125-472d-bbc3-1b240f9c8d5b,2026-07-25T19:15:00Z,2026-07-25T21:15:00+0200,149.778,MW,NL,NL,actual_onshore_wind_generation,Wind Onshore | Actual Aggregated,2026-08-02T23:51:38Z
2026-08-02T23:49:28Z,2026-08-03T01:49:28+0200,65d3fff1-7125-472d-bbc3-1b240f9c8d5b,2026-07-25T19:15:00Z,2026-07-25T21:15:00+0200,0.0,MW,NL,NL,actual_onshore_wind_generation,Wind Onshore | Actual Consumption,2026-08-02T23:51:38Z
2026-08-02T23:49:28Z,2026-08-03T01:49:28+0200,65d3fff1-7125-472d-bbc3-1b240f9c8d5b,2026-07-25T19:30:00Z,2026-07-25T21:30:00+0200,141.018,MW,NL,NL,actual_onshore_wind_generation,Wind Onshore | Actual Aggregated,2026-08-02T23:51:38Z
2026-08-02T23:49:28Z,2026-08-03T01:49:28+0200,65d3fff1-7125-472d-bbc3-1b240f9c8d5b,2026-07-25T19:30:00Z,2026-07-25T21:30:00+0200,0.0,MW,NL,NL,actual_onshore_wind_generation,Wind Onshore | Actual Consumption,2026-08-02T23:51:38Z
2026-08-02T23:49:28Z,2026-08-03T01:49:28+0200,65d3fff1-7125-472d-bbc3-1b240f9c8d5b,2026-07-25T19:45:00Z,2026-07-25T21:45:00+0200,145.454,MW,NL,NL,actual_onshore_wind_generation,Wind Onshore | Actual Aggregated,2026-08-02T23:51:38Z
2026-08-02T23:49:28Z,2026-08-03T01:49:28+0200,65d3fff1-7125-472d-bbc3-1b240f9c8d5b,2026-07-25T19:45:00Z,2026-07-25T21:45:00+0200,0.0,MW,NL,NL,actual_onshore_wind_generation,Wind Onshore | Actual Consumption,2026-08-02T23:51:38Z
2026-08-02T23:49:28Z,2026-08-03T01:49:28+0200,65d3fff1-7125-472d-bbc3-1b240f9c8d5b,2026-07-25T20:00:00Z,2026-07-25T22:00:00+0200,144.827,MW,NL,NL,actual_onshore_wind_generation,Wind Onshore | Actual Aggregated,2026-08-02T23:51:38Z
2026-08-02T23:49:28Z,2026-08-03T01:49:28+0200,65d3fff1-7125-472d-bbc3-1b240f9c8d5b,2026-07-25T20:00:00Z,2026-07-25T22:00:00+0200,0.0,MW,NL,NL,actual_onshore_wind_generation,Wind Onshore | Actual Consumption,2026-08-02T23:51:38Z
2026-08-02T23:49:28Z,2026-08-03T01:49:28+0200,65d3fff1-7125-472d-bbc3-1b240f9c8d5b,2026-07-25T20:15:00Z,2026-07-25T22:15:00+0200,156.262,MW,NL,NL,actual_onshore_wind_generation,Wind Onshore | Actual Aggregated,2026-08-02T23:51:38Z
2026-08-02T23:49:28Z,2026-08-03T01:49:28+0200,65d3fff1-7125-472d-bbc3-1b240f9c8d5b,2026-07-25T20:15:00Z,2026-07-25T22:15:00+0200,0.0,MW,NL,NL,actual_onshore_wind_generation,Wind Onshore | Actual Consumption,2026-08-02T23:51:38Z
2026-08-02T23:49:28Z,2026-08-03T01:49:28+0200,65d3fff1-7125-472d-bbc3-1b240f9c8d5b,2026-07-25T20:30:00Z,2026-07-25T22:30:00+0200,166.577,MW,NL,NL,actual_onshore_wind_generation,Wind Onshore | Actual Aggregated,2026-08-02T23:51:38Z
2026-08-02T23:49:28Z,2026-08-03T01:49:28+0200,65d3fff1-7125-472d-bbc3-1b240f9c8d5b,2026-07-25T20:30:00Z,2026-07-25T22:30:00+0200,0.0,MW,NL,NL,actual_onshore_wind_generation,Wind Onshore | Actual Consumption,2026-08-02T23:51:38Z
2026-08-02T23:49:28Z,2026-08-03T01:49:28+0200,65d3fff1-7125-472d-bbc3-1b240f9c8d5b,2026-07-25T20:45:00Z,2026-07-25T22:45:00+0200,161.217,MW,NL,NL,actual_onshore_wind_generation,Wind Onshore | Actual Aggregated,2026-08-02T23:51:38Z
2026-08-02T23:49:28Z,2026-08-03T01:49:28+0200,65d3fff1-7125-472d-bbc3-1b240f9c8d5b,2026-07-25T20:45:00Z,2026-07-25T22:45:00+0200,0.0,MW,NL,NL,actual_onshore_wind_generation,Wind Onshore | Actual Consumption,2026-08-02T23:51:38Z
2026-08-02T23:49:28Z,2026-08-03T01:49:28+0200,65d3fff1-7125-472d-bbc3-1b240f9c8d5b,2026-07-25T21:00:00Z,2026-07-25T23:00:00+0200,184.061,MW,NL,NL,actual_onshore_wind_generation,Wind Onshore | Actual Aggregated,2026-08-02T23:51:38Z
2026-08-02T23:49:28Z,2026-08-03T01:49:28+0200,65d3fff1-7125-472d-bbc3-1b240f9c8d5b,2026-07-25T21:00:00Z,2026-07-25T23:00:00+0200,0.0,MW,NL,NL,actual_onshore_wind_generation,Wind Onshore | Actual Consumption,2026-08-02T23:51:38Z
2026-08-02T23:49:28Z,2026-08-03T01:49:28+0200,65d3fff1-7125-472d-bbc3-1b240f9c8d5b,2026-07-25T21:15:00Z,2026-07-25T23:15:00+0200,202.643,MW,NL,NL,actual_onshore_wind_generation,Wind Onshore | Actual Aggregated,2026-08-02T23:51:38Z
2026-08-02T23:49:28Z,2026-08-03T01:49:28+0200,65d3fff1-7125-472d-bbc3-1b240f9c8d5b,2026-07-25T21:15:00Z,2026-07-25T23:15:00+0200,0.0,MW,NL,NL,actual_onshore_wind_generation,Wind Onshore | Actual Consumption,2026-08-02T23:51:38Z
2026-08-02T23:49:28Z,2026-08-03T01:49:28+0200,65d3fff1-7125-472d-bbc3-1b240f9c8d5b,2026-07-25T21:30:00Z,2026-07-25T23:30:00+0200,232.989,MW,NL,NL,actual_onshore_wind_generation,Wind Onshore | Actual Aggregated,2026-08-02T23:51:38Z
2026-08-02T23:49:28Z,2026-08-03T01:49:28+0200,65d3fff1-7125-472d-bbc3-1b240f9c8d5b,2026-07-25T21:30:00Z,2026-07-25T23:30:00+0200,0.0,MW,NL,NL,actual_onshore_wind_generation,Wind Onshore | Actual Consumption,2026-08-02T23:51:38Z
2026-08-02T23:49:28Z,2026-08-03T01:49:28+0200,65d3fff1-7125-472d-bbc3-1b240f9c8d5b,2026-07-25T21:45:00Z,2026-07-25T23:45:00+0200,238.801,MW,NL,NL,actual_onshore_wind_generation,Wind Onshore | Actual Aggregated,2026-08-02T23:51:38Z
2026-08-02T23:49:28Z,2026-08-03T01:49:28+0200,65d3fff1-7125-472d-bbc3-1b240f9c8d5b,2026-07-25T21:45:00Z,2026-07-25T23:45:00+0200,0.0,MW,NL,NL,actual_onshore_wind_generation,Wind Onshore | Actual Consumption,2026-08-02T23:51:38Z
2026-08-02T23:49:28Z,2026-08-03T01:49:28+0200,65d3fff1-7125-472d-bbc3-1b240f9c8d5b,2026-07-25T22:00:00Z,2026-07-26T00:00:00+0200,247.846,MW,NL,NL,actual_onshore_wind_generation,Wind Onshore | Actual Aggregated,2026-08-02T23:51:38Z
2026-08-02T23:49:28Z,2026-08-03T01:49:28+0200,65d3fff1-7125-472d-bbc3-1b240f9c8d5b,2026-07-25T22:00:00Z,2026-07-26T00:00:00+0200,0.0,MW,NL,NL,actual_onshore_wind_generation,Wind Onshore | Actual Consumption,2026-08-02T23:51:38Z
2026-08-02T23:49:28Z,2026-08-03T01:49:28+0200,65d3fff1-7125-472d-bbc3-1b240f9c8d5b,2026-07-25T22:15:00Z,2026-07-26T00:15:00+0200,255.928,MW,NL,NL,actual_onshore_wind_generation,Wind Onshore | Actual Aggregated,2026-08-02T23:51:38Z
2026-08-02T23:49:28Z,2026-08-03T01:49:28+0200,65d3fff1-7125-472d-bbc3-1b240f9c8d5b,2026-07-25T22:15:00Z,2026-07-26T00:15:00+0200,0.0,MW,NL,NL,actual_onshore_wind_generation,Wind Onshore | Actual Consumption,2026-08-02T23:51:38Z
2026-08-02T23:49:28Z,2026-08-03T01:49:28+0200,65d3fff1-7125-472d-bbc3-1b240f9c8d5b,2026-07-25T22:30:00Z,2026-07-26T00:30:00+0200,260.014,MW,NL,NL,actual_onshore_wind_generation,Wind Onshore | Actual Aggregated,2026-08-02T23:51:38Z
2026-08-02T23:49:28Z,2026-08-03T01:49:28+0200,65d3fff1-7125-472d-bbc3-1b240f9c8d5b,2026-07-25T22:30:00Z,2026-07-26T00:30:00+0200,0.0,MW,NL,NL,actual_onshore_wind_generation,Wind Onshore | Actual Consumption,2026-08-02T23:51:38Z
2026-08-02T23:49:28Z,2026-08-03T01:49:28+0200,65d3fff1-7125-472d-bbc3-1b240f9c8d5b,2026-07-25T22:45:00Z,2026-07-26T00:45:00+0200,237.555,MW,NL,NL,actual_onshore_wind_generation,Wind Onshore | Actual Aggregated,2026-08-02T23:51:38Z
2026-08-02T23:49:28Z,2026-08-03T01:49:28+0200,65d3fff1-7125-472d-bbc3-1b240f9c8d5b,2026-07-25T22:45:00Z,2026-07-26T00:45:00+0200,0.0,MW,NL,NL,actual_onshore_wind_generation,Wind Onshore | Actual Consumption,2026-08-02T23:51:38Z
2026-08-02T23:49:28Z,2026-08-03T01:49:28+0200,65d3fff1-7125-472d-bbc3-1b240f9c8d5b,2026-07-25T23:00:00Z,2026-07-26T01:00:00+0200,209.946,MW,NL,NL,actual_onshore_wind_generation,Wind Onshore | Actual Aggregated,2026-08-02T23:51:38Z
2026-08-02T23:49:28Z,2026-08-03T01:49:28+0200,65d3fff1-7125-472d-bbc3-1b240f9c8d5b,2026-07-25T23:00:00Z,2026-07-26T01:00:00+0200,0.0,MW,NL,NL,actual_onshore_wind_generation,Wind Onshore | Actual Consumption,2026-08-02T23:51:38Z
2026-08-02T23:49:28Z,2026-08-03T01:49:28+0200,65d3fff1-7125-472d-bbc3-1b240f9c8d5b,2026-07-25T23:15:00Z,2026-07-26T01:15:00+0200,218.746,MW,NL,NL,actual_onshore_wind_generation,Wind Onshore | Actual Aggregated,2026-08-02T23:51:38Z
2026-08-02T23:49:28Z,2026-08-03T01:49:28+0200,65d3fff1-7125-472d-bbc3-1b240f9c8d5b,2026-07-25T23:15:00Z,2026-07-26T01:15:00+0200,3.371,MW,NL,NL,actual_onshore_wind_generation,Wind Onshore | Actual Consumption,2026-08-02T23:51:38Z
2026-08-02T23:49:28Z,2026-08-03T01:49:28+0200,65d3fff1-7125-472d-bbc3-1b240f9c8d5b,2026-07-25T23:30:00Z,2026-07-26T01:30:00+0200,205.339,MW,NL,NL,actual_onshore_wind_generation,Wind Onshore | Actual Aggregated,2026-08-02T23:51:38Z
2026-08-02T23:49:28Z,2026-08-03T01:49:28+0200,65d3fff1-7125-472d-bbc3-1b240f9c8d5b,2026-07-25T23:30:00Z,2026-07-26T01:30:00+0200,2.015,MW,NL,NL,actual_onshore_wind_generation,Wind Onshore | Actual Consumption,2026-08-02T23:51:38Z
2026-08-02T23:49:28Z,2026-08-03T01:49:28+0200,65d3fff1-7125-472d-bbc3-1b240f9c8d5b,2026-07-25T23:45:00Z,2026-07-26T01:45:00+0200,184.746,MW,NL,NL,actual_onshore_wind_generation,Wind Onshore | Actual Aggregated,2026-08-02T23:51:38Z
2026-08-02T23:49:28Z,2026-08-03T01:49:28+0200,65d3fff1-7125-472d-bbc3-1b240f9c8d5b,2026-07-25T23:45:00Z,2026-07-26T01:45:00+0200,3.391,MW,NL,NL,actual_onshore_wind_generation,Wind Onshore | Actual Consumption,2026-08-02T23:51:38Z
2026-08-02T23:49:28Z,2026-08-03T01:49:28+0200,65d3fff1-7125-472d-bbc3-1b240f9c8d5b,2026-07-26T00:00:00Z,2026-07-26T02:00:00+0200,184.276,MW,NL,NL,actual_onshore_wind_generation,Wind Onshore | Actual Aggregated,2026-08-02T23:51:38Z
2026-08-02T23:49:28Z,2026-08-03T01:49:28+0200,65d3fff1-7125-472d-bbc3-1b240f9c8d5b,2026-07-26T00:00:00Z,2026-07-26T02:00:00+0200,0.0,MW,NL,NL,actual_onshore_wind_generation,Wind Onshore | Actual Consumption,2026-08-02T23:51:38Z
2026-08-02T23:49:28Z,2026-08-03T01:49:28+0200,65d3fff1-7125-472d-bbc3-1b240f9c8d5b,2026-07-26T00:15:00Z,2026-07-26T02:15:00+0200,161.945,MW,NL,NL,actual_onshore_wind_generation,Wind Onshore | Actual Aggregated,2026-08-02T23:51:38Z
2026-08-02T23:49:28Z,2026-08-03T01:49:28+0200,65d3fff1-7125-472d-bbc3-1b240f9c8d5b,2026-07-26T00:15:00Z,2026-07-26T02:15:00+0200,0.668,MW,NL,NL,actual_onshore_wind_generation,Wind Onshore | Actual Consumption,2026-08-02T23:51:38Z
2026-08-02T23:49:28Z,2026-08-03T01:49:28+0200,65d3fff1-7125-472d-bbc3-1b240f9c8d5b,2026-07-26T00:30:00Z,2026-07-26T02:30:00+0200,151.179,MW,NL,NL,actual_onshore_wind_generation,Wind Onshore | Actual Aggregated,2026-08-02T23:51:38Z
2026-08-02T23:49:28Z,2026-08-03T01:49:28+0200,65d3fff1-7125-472d-bbc3-1b240f9c8d5b,2026-07-26T00:30:00Z,2026-07-26T02:30:00+0200,0.0,MW,NL,NL,actual_onshore_wind_generation,Wind Onshore | Actual Consumption,2026-08-02T23:51:38Z
2026-08-02T23:49:28Z,2026-08-03T01:49:28+0200,65d3fff1-7125-472d-bbc3-1b240f9c8d5b,2026-07-26T00:45:00Z,2026-07-26T02:45:00+0200,161.623,MW,NL,NL,actual_onshore_wind_generation,Wind Onshore | Actual Aggregated,2026-08-02T23:51:38Z
2026-08-02T23:49:28Z,2026-08-03T01:49:28+0200,65d3fff1-7125-472d-bbc3-1b240f9c8d5b,2026-07-26T00:45:00Z,2026-07-26T02:45:00+0200,1.781,MW,NL,NL,actual_onshore_wind_generation,Wind Onshore | Actual Consumption,2026-08-02T23:51:38Z
2026-08-02T23:49:28Z,2026-08-03T01:49:28+0200,65d3fff1-7125-472d-bbc3-1b240f9c8d5b,2026-07-26T01:00:00Z,2026-07-26T03:00:00+0200,166.406,MW,NL,NL,actual_onshore_wind_generation,Wind Onshore | Actual Aggregated,2026-08-02T23:51:38Z
2026-08-02T23:49:28Z,2026-08-03T01:49:28+0200,65d3fff1-7125-472d-bbc3-1b240f9c8d5b,2026-07-26T01:00:00Z,2026-07-26T03:00:00+0200,0.979,MW,NL,NL,actual_onshore_wind_generation,Wind Onshore | Actual Consumption,2026-08-02T23:51:38Z
2026-08-02T23:49:28Z,2026-08-03T01:49:28+0200,65d3fff1-7125-472d-bbc3-1b240f9c8d5b,2026-07-26T01:15:00Z,2026-07-26T03:15:00+0200,141.07,MW,NL,NL,actual_onshore_wind_generation,Wind Onshore | Actual Aggregated,2026-08-02T23:51:38Z
2026-08-02T23:49:28Z,2026-08-03T01:49:28+0200,65d3fff1-7125-472d-bbc3-1b240f9c8d5b,2026-07-26T01:15:00Z,2026-07-26T03:15:00+0200,3.173,MW,NL,NL,actual_onshore_wind_generation,Wind Onshore | Actual Consumption,2026-08-02T23:51:38Z
2026-08-02T23:49:28Z,2026-08-03T01:49:28+0200,65d3fff1-7125-472d-bbc3-1b240f9c8d5b,2026-07-26T01:30:00Z,2026-07-26T03:30:00+0200,115.181,MW,NL,NL,actual_onshore_wind_generation,Wind Onshore | Actual Aggregated,2026-08-02T23:51:38Z
2026-08-02T23:49:28Z,2026-08-03T01:49:28+0200,65d3fff1-7125-472d-bbc3-1b240f9c8d5b,2026-07-26T01:30:00Z,2026-07-26T03:30:00+0200,4.227,MW,NL,NL,actual_onshore_wind_generation,Wind Onshore | Actual Consumption,2026-08-02T23:51:38Z
2026-08-02T23:49:28Z,2026-08-03T01:49:28+0200,65d3fff1-7125-472d-bbc3-1b240f9c8d5b,2026-07-26T01:45:00Z,2026-07-26T03:45:00+0200,119.121,MW,NL,NL,actual_onshore_wind_generation,Wind Onshore | Actual Aggregated,2026-08-02T23:51:38Z
2026-08-02T23:49:28Z,2026-08-03T01:49:28+0200,65d3fff1-7125-472d-bbc3-1b240f9c8d5b,2026-07-26T01:45:00Z,2026-07-26T03:45:00+0200,0.0,MW,NL,NL,actual_onshore_wind_generation,Wind Onshore | Actual Consumption,2026-08-02T23:51:38Z
2026-08-02T23:49:28Z,2026-08-03T01:49:28+0200,65d3fff1-7125-472d-bbc3-1b240f9c8d5b,2026-07-26T02:00:00Z,2026-07-26T04:00:00+0200,106.788,MW,NL,NL,actual_onshore_wind_generation,Wind Onshore | Actual Aggregated,2026-08-02T23:51:38Z
2026-08-02T23:49:28Z,2026-08-03T01:49:28+0200,65d3fff1-7125-472d-bbc3-1b240f9c8d5b,2026-07-26T02:00:00Z,2026-07-26T04:00:00+0200,0.0,MW,NL,NL,actual_onshore_wind_generation,Wind Onshore | Actual Consumption,2026-08-02T23:51:38Z
2026-08-02T23:49:28Z,2026-08-03T01:49:28+0200,65d3fff1-7125-472d-bbc3-1b240f9c8d5b,2026-07-26T02:15:00Z,2026-07-26T04:15:00+0200,128.49,MW,NL,NL,actual_onshore_wind_generation,Wind Onshore | Actual Aggregated,2026-08-02T23:51:38Z
2026-08-02T23:49:28Z,2026-08-03T01:49:28+0200,65d3fff1-7125-472d-bbc3-1b240f9c8d5b,2026-07-26T02:15:00Z,2026-07-26T04:15:00+0200,0.0,MW,NL,NL,actual_onshore_wind_generation,Wind Onshore | Actual Consumption,2026-08-02T23:51:38Z
2026-08-02T23:49:28Z,2026-08-03T01:49:28+0200,65d3fff1-7125-472d-bbc3-1b240f9c8d5b,2026-07-26T02:30:00Z,2026-07-26T04:30:00+0200,148.624,MW,NL,NL,actual_onshore_wind_generation,Wind Onshore | Actual Aggregated,2026-08-02T23:51:38Z
2026-08-02T23:49:28Z,2026-08-03T01:49:28+0200,65d3fff1-7125-472d-bbc3-1b240f9c8d5b,2026-07-26T02:30:00Z,2026-07-26T04:30:00+0200,0.0,MW,NL,NL,actual_onshore_wind_generation,Wind Onshore | Actual Consumption,2026-08-02T23:51:38Z
2026-08-02T23:49:28Z,2026-08-03T01:49:28+0200,65d3fff1-7125-472d-bbc3-1b240f9c8d5b,2026-07-26T02:45:00Z,2026-07-26T04:45:00+0200,146.714,MW,NL,NL,actual_onshore_wind_generation,Wind Onshore | Actual Aggregated,2026-08-02T23:51:38Z
2026-08-02T23:49:28Z,2026-08-03T01:49:28+0200,65d3fff1-7125-472d-bbc3-1b240f9c8d5b,2026-07-26T02:45:00Z,2026-07-26T04:45:00+0200,0.797,MW,NL,NL,actual_onshore_wind_generation,Wind Onshore | Actual Consumption,2026-08-02T23:51:38Z
2026-08-02T23:49:28Z,2026-08-03T01:49:28+0200,65d3fff1-7125-472d-bbc3-1b240f9c8d5b,2026-07-26T03:00:00Z,2026-07-26T05:00:00+0200,133.071,MW,NL,NL,actual_onshore_wind_generation,Wind Onshore | Actual Aggregated,2026-08-02T23:51:38Z
2026-08-02T23:49:28Z,2026-08-03T01:49:28+0200,65d3fff1-7125-472d-bbc3-1b240f9c8d5b,2026-07-26T03:00:00Z,2026-07-26T05:00:00+0200,0.668,MW,NL,NL,actual_onshore_wind_generation,Wind Onshore | Actual Consumption,2026-08-02T23:51:38Z
2026-08-02T23:49:28Z,2026-08-03T01:49:28+0200,65d3fff1-7125-472d-bbc3-1b240f9c8d5b,2026-07-26T03:15:00Z,2026-07-26T05:15:00+0200,110.957,MW,NL,NL,actual_onshore_wind_generation,Wind Onshore | Actual Aggregated,2026-08-02T23:51:38Z
2026-08-02T23:49:28Z,2026-08-03T01:49:28+0200,65d3fff1-7125-472d-bbc3-1b240f9c8d5b,2026-07-26T03:15:00Z,2026-07-26T05:15:00+0200,0.0,MW,NL,NL,actual_onshore_wind_generation,Wind Onshore | Actual Consumption,2026-08-02T23:51:38Z
2026-08-02T23:49:28Z,2026-08-03T01:49:28+0200,65d3fff1-7125-472d-bbc3-1b240f9c8d5b,2026-07-26T03:30:00Z,2026-07-26T05:30:00+0200,96.638,MW,NL,NL,actual_onshore_wind_generation,Wind Onshore | Actual Aggregated,2026-08-02T23:51:38Z
2026-08-02T23:49:28Z,2026-08-03T01:49:28+0200,65d3fff1-7125-472d-bbc3-1b240f9c8d5b,2026-07-26T03:30:00Z,2026-07-26T05:30:00+0200,0.0,MW,NL,NL,actual_onshore_wind_generation,Wind Onshore | Actual Consumption,2026-08-02T23:51:38Z
2026-08-02T23:49:28Z,2026-08-03T01:49:28+0200,65d3fff1-7125-472d-bbc3-1b240f9c8d5b,2026-07-26T03:45:00Z,2026-07-26T05:45:00+0200,100.314,MW,NL,NL,actual_onshore_wind_generation,Wind Onshore | Actual Aggregated,2026-08-02T23:51:38Z
2026-08-02T23:49:28Z,2026-08-03T01:49:28+0200,65d3fff1-7125-472d-bbc3-1b240f9c8d5b,2026-07-26T03:45:00Z,2026-07-26T05:45:00+0200,0.0,MW,NL,NL,actual_onshore_wind_generation,Wind Onshore | Actual Consumption,2026-08-02T23:51:38Z
2026-08-02T23:49:28Z,2026-08-03T01:49:28+0200,65d3fff1-7125-472d-bbc3-1b240f9c8d5b,2026-07-26T04:00:00Z,2026-07-26T06:00:00+0200,138.052,MW,NL,NL,actual_onshore_wind_generation,Wind Onshore | Actual Aggregated,2026-08-02T23:51:38Z
2026-08-02T23:49:28Z,2026-08-03T01:49:28+0200,65d3fff1-7125-472d-bbc3-1b240f9c8d5b,2026-07-26T04:00:00Z,2026-07-26T06:00:00+0200,0.0,MW,NL,NL,actual_onshore_wind_generation,Wind Onshore | Actual Consumption,2026-08-02T23:51:38Z
2026-08-02T23:49:28Z,2026-08-03T01:49:28+0200,65d3fff1-7125-472d-bbc3-1b240f9c8d5b,2026-07-26T04:15:00Z,2026-07-26T06:15:00+0200,141.151,MW,NL,NL,actual_onshore_wind_generation,Wind Onshore | Actual Aggregated,2026-08-02T23:51:38Z
2026-08-02T23:49:28Z,2026-08-03T01:49:28+0200,65d3fff1-7125-472d-bbc3-1b240f9c8d5b,2026-07-26T04:15:00Z,2026-07-26T06:15:00+0200,0.0,MW,NL,NL,actual_onshore_wind_generation,Wind Onshore | Actual Consumption,2026-08-02T23:51:38Z
2026-08-02T23:49:28Z,2026-08-03T01:49:28+0200,65d3fff1-7125-472d-bbc3-1b240f9c8d5b,2026-07-26T04:30:00Z,2026-07-26T06:30:00+0200,143.23,MW,NL,NL,actual_onshore_wind_generation,Wind Onshore | Actual Aggregated,2026-08-02T23:51:38Z
2026-08-02T23:49:28Z,2026-08-03T01:49:28+0200,65d3fff1-7125-472d-bbc3-1b240f9c8d5b,2026-07-26T04:30:00Z,2026-07-26T06:30:00+0200,0.0,MW,NL,NL,actual_onshore_wind_generation,Wind Onshore | Actual Consumption,2026-08-02T23:51:38Z
2026-08-02T23:49:28Z,2026-08-03T01:49:28+0200,65d3fff1-7125-472d-bbc3-1b240f9c8d5b,2026-07-26T04:45:00Z,2026-07-26T06:45:00+0200,146.828,MW,NL,NL,actual_onshore_wind_generation,Wind Onshore | Actual Aggregated,2026-08-02T23:51:38Z
2026-08-02T23:49:28Z,2026-08-03T01:49:28+0200,65d3fff1-7125-472d-bbc3-1b240f9c8d5b,2026-07-26T04:45:00Z,2026-07-26T06:45:00+0200,0.0,MW,NL,NL,actual_onshore_wind_generation,Wind Onshore | Actual Consumption,2026-08-02T23:51:38Z
2026-08-02T23:49:28Z,2026-08-03T01:49:28+0200,65d3fff1-7125-472d-bbc3-1b240f9c8d5b,2026-07-26T05:00:00Z,2026-07-26T07:00:00+0200,160.318,MW,NL,NL,actual_onshore_wind_generation,Wind Onshore | Actual Aggregated,2026-08-02T23:51:38Z
2026-08-02T23:49:28Z,2026-08-03T01:49:28+0200,65d3fff1-7125-472d-bbc3-1b240f9c8d5b,2026-07-26T05:00:00Z,2026-07-26T07:00:00+0200,0.0,MW,NL,NL,actual_onshore_wind_generation,Wind Onshore | Actual Consumption,2026-08-02T23:51:38Z
2026-08-02T23:49:28Z,2026-08-03T01:49:28+0200,65d3fff1-7125-472d-bbc3-1b240f9c8d5b,2026-07-26T05:15:00Z,2026-07-26T07:15:00+0200,166.363,MW,NL,NL,actual_onshore_wind_generation,Wind Onshore | Actual Aggregated,2026-08-02T23:51:38Z
2026-08-02T23:49:28Z,2026-08-03T01:49:28+0200,65d3fff1-7125-472d-bbc3-1b240f9c8d5b,2026-07-26T05:15:00Z,2026-07-26T07:15:00+0200,0.0,MW,NL,NL,actual_onshore_wind_generation,Wind Onshore | Actual Consumption,2026-08-02T23:51:38Z
2026-08-02T23:49:28Z,2026-08-03T01:49:28+0200,65d3fff1-7125-472d-bbc3-1b240f9c8d5b,2026-07-26T05:30:00Z,2026-07-26T07:30:00+0200,158.946,MW,NL,NL,actual_onshore_wind_generation,Wind Onshore | Actual Aggregated,2026-08-02T23:51:38Z
2026-08-02T23:49:28Z,2026-08-03T01:49:28+0200,65d3fff1-7125-472d-bbc3-1b240f9c8d5b,2026-07-26T05:30:00Z,2026-07-26T07:30:00+0200,0.0,MW,NL,NL,actual_onshore_wind_generation,Wind Onshore | Actual Consumption,2026-08-02T23:51:38Z
2026-08-02T23:49:28Z,2026-08-03T01:49:28+0200,65d3fff1-7125-472d-bbc3-1b240f9c8d5b,2026-07-26T05:45:00Z,2026-07-26T07:45:00+0200,177.843,MW,NL,NL,actual_onshore_wind_generation,Wind Onshore | Actual Aggregated,2026-08-02T23:51:38Z
2026-08-02T23:49:28Z,2026-08-03T01:49:28+0200,65d3fff1-7125-472d-bbc3-1b240f9c8d5b,2026-07-26T05:45:00Z,2026-07-26T07:45:00+0200,0.0,MW,NL,NL,actual_onshore_wind_generation,Wind Onshore | Actual Consumption,2026-08-02T23:51:38Z
2026-08-02T23:49:28Z,2026-08-03T01:49:28+0200,65d3fff1-7125-472d-bbc3-1b240f9c8d5b,2026-07-26T06:00:00Z,2026-07-26T08:00:00+0200,198.378,MW,NL,NL,actual_onshore_wind_generation,Wind Onshore | Actual Aggregated,2026-08-02T23:51:38Z
2026-08-02T23:49:28Z,2026-08-03T01:49:28+0200,65d3fff1-7125-472d-bbc3-1b240f9c8d5b,2026-07-26T06:00:00Z,2026-07-26T08:00:00+0200,0.0,MW,NL,NL,actual_onshore_wind_generation,Wind Onshore | Actual Consumption,2026-08-02T23:51:38Z
2026-08-02T23:49:28Z,2026-08-03T01:49:28+0200,65d3fff1-7125-472d-bbc3-1b240f9c8d5b,2026-07-26T06:15:00Z,2026-07-26T08:15:00+0200,210.114,MW,NL,NL,actual_onshore_wind_generation,Wind Onshore | Actual Aggregated,2026-08-02T23:51:38Z
2026-08-02T23:49:28Z,2026-08-03T01:49:28+0200,65d3fff1-7125-472d-bbc3-1b240f9c8d5b,2026-07-26T06:15:00Z,2026-07-26T08:15:00+0200,0.0,MW,NL,NL,actual_onshore_wind_generation,Wind Onshore | Actual Consumption,2026-08-02T23:51:38Z
2026-08-02T23:49:28Z,2026-08-03T01:49:28+0200,65d3fff1-7125-472d-bbc3-1b240f9c8d5b,2026-07-26T06:30:00Z,2026-07-26T08:30:00+0200,209.714,MW,NL,NL,actual_onshore_wind_generation,Wind Onshore | Actual Aggregated,2026-08-02T23:51:38Z
2026-08-02T23:49:28Z,2026-08-03T01:49:28+0200,65d3fff1-7125-472d-bbc3-1b240f9c8d5b,2026-07-26T06:30:00Z,2026-07-26T08:30:00+0200,0.0,MW,NL,NL,actual_onshore_wind_generation,Wind Onshore | Actual Consumption,2026-08-02T23:51:38Z
2026-08-02T23:49:28Z,2026-08-03T01:49:28+0200,65d3fff1-7125-472d-bbc3-1b240f9c8d5b,2026-07-26T06:45:00Z,2026-07-26T08:45:00+0200,205.32,MW,NL,NL,actual_onshore_wind_generation,Wind Onshore | Actual Aggregated,2026-08-02T23:51:38Z
2026-08-02T23:49:28Z,2026-08-03T01:49:28+0200,65d3fff1-7125-472d-bbc3-1b240f9c8d5b,2026-07-26T06:45:00Z,2026-07-26T08:45:00+0200,0.0,MW,NL,NL,actual_onshore_wind_generation,Wind Onshore | Actual Consumption,2026-08-02T23:51:38Z
2026-08-02T23:49:28Z,2026-08-03T01:49:28+0200,65d3fff1-7125-472d-bbc3-1b240f9c8d5b,2026-07-26T07:00:00Z,2026-07-26T09:00:00+0200,223.458,MW,NL,NL,actual_onshore_wind_generation,Wind Onshore | Actual Aggregated,2026-08-02T23:51:38Z
2026-08-02T23:49:28Z,2026-08-03T01:49:28+0200,65d3fff1-7125-472d-bbc3-1b240f9c8d5b,2026-07-26T07:00:00Z,2026-07-26T09:00:00+0200,0.0,MW,NL,NL,actual_onshore_wind_generation,Wind Onshore | Actual Consumption,2026-08-02T23:51:38Z
2026-08-02T23:49:28Z,2026-08-03T01:49:28+0200,65d3fff1-7125-472d-bbc3-1b240f9c8d5b,2026-07-26T07:15:00Z,2026-07-26T09:15:00+0200,236.905,MW,NL,NL,actual_onshore_wind_generation,Wind Onshore | Actual Aggregated,2026-08-02T23:51:38Z
2026-08-02T23:49:28Z,2026-08-03T01:49:28+0200,65d3fff1-7125-472d-bbc3-1b240f9c8d5b,2026-07-26T07:15:00Z,2026-07-26T09:15:00+0200,0.0,MW,NL,NL,actual_onshore_wind_generation,Wind Onshore | Actual Consumption,2026-08-02T23:51:38Z
2026-08-02T23:49:28Z,2026-08-03T01:49:28+0200,65d3fff1-7125-472d-bbc3-1b240f9c8d5b,2026-07-26T07:30:00Z,2026-07-26T09:30:00+0200,249.583,MW,NL,NL,actual_onshore_wind_generation,Wind Onshore | Actual Aggregated,2026-08-02T23:51:38Z
2026-08-02T23:49:28Z,2026-08-03T01:49:28+0200,65d3fff1-7125-472d-bbc3-1b240f9c8d5b,2026-07-26T07:30:00Z,2026-07-26T09:30:00+0200,0.0,MW,NL,NL,actual_onshore_wind_generation,Wind Onshore | Actual Consumption,2026-08-02T23:51:38Z
2026-08-02T23:49:28Z,2026-08-03T01:49:28+0200,65d3fff1-7125-472d-bbc3-1b240f9c8d5b,2026-07-26T07:45:00Z,2026-07-26T09:45:00+0200,270.725,MW,NL,NL,actual_onshore_wind_generation,Wind Onshore | Actual Aggregated,2026-08-02T23:51:38Z
2026-08-02T23:49:28Z,2026-08-03T01:49:28+0200,65d3fff1-7125-472d-bbc3-1b240f9c8d5b,2026-07-26T07:45:00Z,2026-07-26T09:45:00+0200,0.0,MW,NL,NL,actual_onshore_wind_generation,Wind Onshore | Actual Consumption,2026-08-02T23:51:38Z
2026-08-02T23:49:28Z,2026-08-03T01:49:28+0200,65d3fff1-7125-472d-bbc3-1b240f9c8d5b,2026-07-26T08:00:00Z,2026-07-26T10:00:00+0200,258.886,MW,NL,NL,actual_onshore_wind_generation,Wind Onshore | Actual Aggregated,2026-08-02T23:51:38Z
2026-08-02T23:49:28Z,2026-08-03T01:49:28+0200,65d3fff1-7125-472d-bbc3-1b240f9c8d5b,2026-07-26T08:00:00Z,2026-07-26T10:00:00+0200,0.0,MW,NL,NL,actual_onshore_wind_generation,Wind Onshore | Actual Consumption,2026-08-02T23:51:38Z
2026-08-02T23:49:28Z,2026-08-03T01:49:28+0200,65d3fff1-7125-472d-bbc3-1b240f9c8d5b,2026-07-26T08:15:00Z,2026-07-26T10:15:00+0200,367.075,MW,NL,NL,actual_onshore_wind_generation,Wind Onshore | Actual Aggregated,2026-08-02T23:51:38Z
2026-08-02T23:49:28Z,2026-08-03T01:49:28+0200,65d3fff1-7125-472d-bbc3-1b240f9c8d5b,2026-07-26T08:15:00Z,2026-07-26T10:15:00+0200,0.0,MW,NL,NL,actual_onshore_wind_generation,Wind Onshore | Actual Consumption,2026-08-02T23:51:38Z
2026-08-02T23:49:28Z,2026-08-03T01:49:28+0200,65d3fff1-7125-472d-bbc3-1b240f9c8d5b,2026-07-26T08:30:00Z,2026-07-26T10:30:00+0200,474.866,MW,NL,NL,actual_onshore_wind_generation,Wind Onshore | Actual Aggregated,2026-08-02T23:51:38Z
2026-08-02T23:49:28Z,2026-08-03T01:49:28+0200,65d3fff1-7125-472d-bbc3-1b240f9c8d5b,2026-07-26T08:30:00Z,2026-07-26T10:30:00+0200,0.0,MW,NL,NL,actual_onshore_wind_generation,Wind Onshore | Actual Consumption,2026-08-02T23:51:38Z
2026-08-02T23:49:28Z,2026-08-03T01:49:28+0200,65d3fff1-7125-472d-bbc3-1b240f9c8d5b,2026-07-26T08:45:00Z,2026-07-26T10:45:00+0200,538.668,MW,NL,NL,actual_onshore_wind_generation,Wind Onshore | Actual Aggregated,2026-08-02T23:51:38Z
2026-08-02T23:49:28Z,2026-08-03T01:49:28+0200,65d3fff1-7125-472d-bbc3-1b240f9c8d5b,2026-07-26T08:45:00Z,2026-07-26T10:45:00+0200,0.0,MW,NL,NL,actual_onshore_wind_generation,Wind Onshore | Actual Consumption,2026-08-02T23:51:38Z
2026-08-02T23:49:28Z,2026-08-03T01:49:28+0200,65d3fff1-7125-472d-bbc3-1b240f9c8d5b,2026-07-26T09:00:00Z,2026-07-26T11:00:00+0200,629.259,MW,NL,NL,actual_onshore_wind_generation,Wind Onshore | Actual Aggregated,2026-08-02T23:51:38Z
2026-08-02T23:49:28Z,2026-08-03T01:49:28+0200,65d3fff1-7125-472d-bbc3-1b240f9c8d5b,2026-07-26T09:00:00Z,2026-07-26T11:00:00+0200,0.0,MW,NL,NL,actual_onshore_wind_generation,Wind Onshore | Actual Consumption,2026-08-02T23:51:38Z
2026-08-02T23:49:28Z,2026-08-03T01:49:28+0200,65d3fff1-7125-472d-bbc3-1b240f9c8d5b,2026-07-26T09:15:00Z,2026-07-26T11:15:00+0200,786.253,MW,NL,NL,actual_onshore_wind_generation,Wind Onshore | Actual Aggregated,2026-08-02T23:51:38Z
2026-08-02T23:49:28Z,2026-08-03T01:49:28+0200,65d3fff1-7125-472d-bbc3-1b240f9c8d5b,2026-07-26T09:15:00Z,2026-07-26T11:15:00+0200,0.0,MW,NL,NL,actual_onshore_wind_generation,Wind Onshore | Actual Consumption,2026-08-02T23:51:38Z
2026-08-02T23:49:28Z,2026-08-03T01:49:28+0200,65d3fff1-7125-472d-bbc3-1b240f9c8d5b,2026-07-26T09:30:00Z,2026-07-26T11:30:00+0200,782.884,MW,NL,NL,actual_onshore_wind_generation,Wind Onshore | Actual Aggregated,2026-08-02T23:51:38Z
2026-08-02T23:49:28Z,2026-08-03T01:49:28+0200,65d3fff1-7125-472d-bbc3-1b240f9c8d5b,2026-07-26T09:30:00Z,2026-07-26T11:30:00+0200,0.0,MW,NL,NL,actual_onshore_wind_generation,Wind Onshore | Actual Consumption,2026-08-02T23:51:38Z
2026-08-02T23:49:28Z,2026-08-03T01:49:28+0200,65d3fff1-7125-472d-bbc3-1b240f9c8d5b,2026-07-26T09:45:00Z,2026-07-26T11:45:00+0200,748.384,MW,NL,NL,actual_onshore_wind_generation,Wind Onshore | Actual Aggregated,2026-08-02T23:51:38Z
2026-08-02T23:49:28Z,2026-08-03T01:49:28+0200,65d3fff1-7125-472d-bbc3-1b240f9c8d5b,2026-07-26T09:45:00Z,2026-07-26T11:45:00+0200,0.0,MW,NL,NL,actual_onshore_wind_generation,Wind Onshore | Actual Consumption,2026-08-02T23:51:38Z
2026-08-02T23:49:28Z,2026-08-03T01:49:28+0200,65d3fff1-7125-472d-bbc3-1b240f9c8d5b,2026-07-26T10:00:00Z,2026-07-26T12:00:00+0200,753.562,MW,NL,NL,actual_onshore_wind_generation,Wind Onshore | Actual Aggregated,2026-08-02T23:51:38Z
2026-08-02T23:49:28Z,2026-08-03T01:49:28+0200,65d3fff1-7125-472d-bbc3-1b240f9c8d5b,2026-07-26T10:00:00Z,2026-07-26T12:00:00+0200,0.0,MW,NL,NL,actual_onshore_wind_generation,Wind Onshore | Actual Consumption,2026-08-02T23:51:38Z
2026-08-02T23:49:28Z,2026-08-03T01:49:28+0200,65d3fff1-7125-472d-bbc3-1b240f9c8d5b,2026-07-26T10:15:00Z,2026-07-26T12:15:00+0200,812.841,MW,NL,NL,actual_onshore_wind_generation,Wind Onshore | Actual Aggregated,2026-08-02T23:51:38Z
2026-08-02T23:49:28Z,2026-08-03T01:49:28+0200,65d3fff1-7125-472d-bbc3-1b240f9c8d5b,2026-07-26T10:15:00Z,2026-07-26T12:15:00+0200,0.0,MW,NL,NL,actual_onshore_wind_generation,Wind Onshore | Actual Consumption,2026-08-02T23:51:38Z
2026-08-02T23:49:28Z,2026-08-03T01:49:28+0200,65d3fff1-7125-472d-bbc3-1b240f9c8d5b,2026-07-26T10:30:00Z,2026-07-26T12:30:00+0200,804.488,MW,NL,NL,actual_onshore_wind_generation,Wind Onshore | Actual Aggregated,2026-08-02T23:51:38Z
2026-08-02T23:49:28Z,2026-08-03T01:49:28+0200,65d3fff1-7125-472d-bbc3-1b240f9c8d5b,2026-07-26T10:30:00Z,2026-07-26T12:30:00+0200,0.0,MW,NL,NL,actual_onshore_wind_generation,Wind Onshore | Actual Consumption,2026-08-02T23:51:38Z
2026-08-02T23:49:28Z,2026-08-03T01:49:28+0200,65d3fff1-7125-472d-bbc3-1b240f9c8d5b,2026-07-26T10:45:00Z,2026-07-26T12:45:00+0200,877.645,MW,NL,NL,actual_onshore_wind_generation,Wind Onshore | Actual Aggregated,2026-08-02T23:51:38Z
2026-08-02T23:49:28Z,2026-08-03T01:49:28+0200,65d3fff1-7125-472d-bbc3-1b240f9c8d5b,2026-07-26T10:45:00Z,2026-07-26T12:45:00+0200,0.0,MW,NL,NL,actual_onshore_wind_generation,Wind Onshore | Actual Consumption,2026-08-02T23:51:38Z
2026-08-02T23:49:28Z,2026-08-03T01:49:28+0200,65d3fff1-7125-472d-bbc3-1b240f9c8d5b,2026-07-26T11:00:00Z,2026-07-26T13:00:00+0200,898.437,MW,NL,NL,actual_onshore_wind_generation,Wind Onshore | Actual Aggregated,2026-08-02T23:51:38Z
2026-08-02T23:49:28Z,2026-08-03T01:49:28+0200,65d3fff1-7125-472d-bbc3-1b240f9c8d5b,2026-07-26T11:00:00Z,2026-07-26T13:00:00+0200,0.0,MW,NL,NL,actual_onshore_wind_generation,Wind Onshore | Actual Consumption,2026-08-02T23:51:38Z
2026-08-02T23:49:28Z,2026-08-03T01:49:28+0200,65d3fff1-7125-472d-bbc3-1b240f9c8d5b,2026-07-26T11:15:00Z,2026-07-26T13:15:00+0200,895.437,MW,NL,NL,actual_onshore_wind_generation,Wind Onshore | Actual Aggregated,2026-08-02T23:51:38Z
2026-08-02T23:49:28Z,2026-08-03T01:49:28+0200,65d3fff1-7125-472d-bbc3-1b240f9c8d5b,2026-07-26T11:15:00Z,2026-07-26T13:15:00+0200,0.0,MW,NL,NL,actual_onshore_wind_generation,Wind Onshore | Actual Consumption,2026-08-02T23:51:38Z
2026-08-02T23:49:28Z,2026-08-03T01:49:28+0200,65d3fff1-7125-472d-bbc3-1b240f9c8d5b,2026-07-26T11:30:00Z,2026-07-26T13:30:00+0200,892.261,MW,NL,NL,actual_onshore_wind_generation,Wind Onshore | Actual Aggregated,2026-08-02T23:51:38Z
2026-08-02T23:49:28Z,2026-08-03T01:49:28+0200,65d3fff1-7125-472d-bbc3-1b240f9c8d5b,2026-07-26T11:30:00Z,2026-07-26T13:30:00+0200,0.0,MW,NL,NL,actual_onshore_wind_generation,Wind Onshore | Actual Consumption,2026-08-02T23:51:38Z
2026-08-02T23:49:28Z,2026-08-03T01:49:28+0200,65d3fff1-7125-472d-bbc3-1b240f9c8d5b,2026-07-26T11:45:00Z,2026-07-26T13:45:00+0200,857.078,MW,NL,NL,actual_onshore_wind_generation,Wind Onshore | Actual Aggregated,2026-08-02T23:51:38Z
2026-08-02T23:49:28Z,2026-08-03T01:49:28+0200,65d3fff1-7125-472d-bbc3-1b240f9c8d5b,2026-07-26T11:45:00Z,2026-07-26T13:45:00+0200,0.0,MW,NL,NL,actual_onshore_wind_generation,Wind Onshore | Actual Consumption,2026-08-02T23:51:38Z
2026-08-02T23:49:28Z,2026-08-03T01:49:28+0200,65d3fff1-7125-472d-bbc3-1b240f9c8d5b,2026-07-26T12:00:00Z,2026-07-26T14:00:00+0200,839.652,MW,NL,NL,actual_onshore_wind_generation,Wind Onshore | Actual Aggregated,2026-08-02T23:51:38Z
2026-08-02T23:49:28Z,2026-08-03T01:49:28+0200,65d3fff1-7125-472d-bbc3-1b240f9c8d5b,2026-07-26T12:00:00Z,2026-07-26T14:00:00+0200,0.0,MW,NL,NL,actual_onshore_wind_generation,Wind Onshore | Actual Consumption,2026-08-02T23:51:38Z
2026-08-02T23:49:28Z,2026-08-03T01:49:28+0200,65d3fff1-7125-472d-bbc3-1b240f9c8d5b,2026-07-26T12:15:00Z,2026-07-26T14:15:00+0200,785.267,MW,NL,NL,actual_onshore_wind_generation,Wind Onshore | Actual Aggregated,2026-08-02T23:51:38Z
2026-08-02T23:49:28Z,2026-08-03T01:49:28+0200,65d3fff1-7125-472d-bbc3-1b240f9c8d5b,2026-07-26T12:15:00Z,2026-07-26T14:15:00+0200,0.0,MW,NL,NL,actual_onshore_wind_generation,Wind Onshore | Actual Consumption,2026-08-02T23:51:38Z
2026-08-02T23:49:28Z,2026-08-03T01:49:28+0200,65d3fff1-7125-472d-bbc3-1b240f9c8d5b,2026-07-26T12:30:00Z,2026-07-26T14:30:00+0200,823.942,MW,NL,NL,actual_onshore_wind_generation,Wind Onshore | Actual Aggregated,2026-08-02T23:51:38Z
2026-08-02T23:49:28Z,2026-08-03T01:49:28+0200,65d3fff1-7125-472d-bbc3-1b240f9c8d5b,2026-07-26T12:30:00Z,2026-07-26T14:30:00+0200,0.0,MW,NL,NL,actual_onshore_wind_generation,Wind Onshore | Actual Consumption,2026-08-02T23:51:38Z
2026-08-02T23:49:28Z,2026-08-03T01:49:28+0200,65d3fff1-7125-472d-bbc3-1b240f9c8d5b,2026-07-26T12:45:00Z,2026-07-26T14:45:00+0200,842.136,MW,NL,NL,actual_onshore_wind_generation,Wind Onshore | Actual Aggregated,2026-08-02T23:51:38Z
2026-08-02T23:49:28Z,2026-08-03T01:49:28+0200,65d3fff1-7125-472d-bbc3-1b240f9c8d5b,2026-07-26T12:45:00Z,2026-07-26T14:45:00+0200,0.0,MW,NL,NL,actual_onshore_wind_generation,Wind Onshore | Actual Consumption,2026-08-02T23:51:38Z
2026-08-02T23:49:28Z,2026-08-03T01:49:28+0200,65d3fff1-7125-472d-bbc3-1b240f9c8d5b,2026-07-26T13:00:00Z,2026-07-26T15:00:00+0200,856.664,MW,NL,NL,actual_onshore_wind_generation,Wind Onshore | Actual Aggregated,2026-08-02T23:51:38Z
2026-08-02T23:49:28Z,2026-08-03T01:49:28+0200,65d3fff1-7125-472d-bbc3-1b240f9c8d5b,2026-07-26T13:00:00Z,2026-07-26T15:00:00+0200,0.0,MW,NL,NL,actual_onshore_wind_generation,Wind Onshore | Actual Consumption,2026-08-02T23:51:38Z
2026-08-02T23:49:28Z,2026-08-03T01:49:28+0200,65d3fff1-7125-472d-bbc3-1b240f9c8d5b,2026-07-26T13:15:00Z,2026-07-26T15:15:00+0200,877.756,MW,NL,NL,actual_onshore_wind_generation,Wind Onshore | Actual Aggregated,2026-08-02T23:51:38Z
2026-08-02T23:49:28Z,2026-08-03T01:49:28+0200,65d3fff1-7125-472d-bbc3-1b240f9c8d5b,2026-07-26T13:15:00Z,2026-07-26T15:15:00+0200,0.0,MW,NL,NL,actual_onshore_wind_generation,Wind Onshore | Actual Consumption,2026-08-02T23:51:38Z
2026-08-02T23:49:28Z,2026-08-03T01:49:28+0200,65d3fff1-7125-472d-bbc3-1b240f9c8d5b,2026-07-26T13:30:00Z,2026-07-26T15:30:00+0200,885.467,MW,NL,NL,actual_onshore_wind_generation,Wind Onshore | Actual Aggregated,2026-08-02T23:51:38Z
2026-08-02T23:49:28Z,2026-08-03T01:49:28+0200,65d3fff1-7125-472d-bbc3-1b240f9c8d5b,2026-07-26T13:30:00Z,2026-07-26T15:30:00+0200,0.0,MW,NL,NL,actual_onshore_wind_generation,Wind Onshore | Actual Consumption,2026-08-02T23:51:38Z
2026-08-02T23:49:28Z,2026-08-03T01:49:28+0200,65d3fff1-7125-472d-bbc3-1b240f9c8d5b,2026-07-26T13:45:00Z,2026-07-26T15:45:00+0200,859.533,MW,NL,NL,actual_onshore_wind_generation,Wind Onshore | Actual Aggregated,2026-08-02T23:51:38Z
2026-08-02T23:49:28Z,2026-08-03T01:49:28+0200,65d3fff1-7125-472d-bbc3-1b240f9c8d5b,2026-07-26T13:45:00Z,2026-07-26T15:45:00+0200,0.0,MW,NL,NL,actual_onshore_wind_generation,Wind Onshore | Actual Consumption,2026-08-02T23:51:38Z
2026-08-02T23:49:28Z,2026-08-03T01:49:28+0200,65d3fff1-7125-472d-bbc3-1b240f9c8d5b,2026-07-26T14:00:00Z,2026-07-26T16:00:00+0200,835.01,MW,NL,NL,actual_onshore_wind_generation,Wind Onshore | Actual Aggregated,2026-08-02T23:51:38Z
2026-08-02T23:49:28Z,2026-08-03T01:49:28+0200,65d3fff1-7125-472d-bbc3-1b240f9c8d5b,2026-07-26T14:00:00Z,2026-07-26T16:00:00+0200,0.0,MW,NL,NL,actual_onshore_wind_generation,Wind Onshore | Actual Consumption,2026-08-02T23:51:38Z
2026-08-02T23:49:28Z,2026-08-03T01:49:28+0200,65d3fff1-7125-472d-bbc3-1b240f9c8d5b,2026-07-26T14:15:00Z,2026-07-26T16:15:00+0200,883.521,MW,NL,NL,actual_onshore_wind_generation,Wind Onshore | Actual Aggregated,2026-08-02T23:51:38Z
2026-08-02T23:49:28Z,2026-08-03T01:49:28+0200,65d3fff1-7125-472d-bbc3-1b240f9c8d5b,2026-07-26T14:15:00Z,2026-07-26T16:15:00+0200,0.0,MW,NL,NL,actual_onshore_wind_generation,Wind Onshore | Actual Consumption,2026-08-02T23:51:38Z
2026-08-02T23:49:28Z,2026-08-03T01:49:28+0200,65d3fff1-7125-472d-bbc3-1b240f9c8d5b,2026-07-26T14:30:00Z,2026-07-26T16:30:00+0200,854.85,MW,NL,NL,actual_onshore_wind_generation,Wind Onshore | Actual Aggregated,2026-08-02T23:51:38Z
2026-08-02T23:49:28Z,2026-08-03T01:49:28+0200,65d3fff1-7125-472d-bbc3-1b240f9c8d5b,2026-07-26T14:30:00Z,2026-07-26T16:30:00+0200,0.0,MW,NL,NL,actual_onshore_wind_generation,Wind Onshore | Actual Consumption,2026-08-02T23:51:38Z
2026-08-02T23:49:28Z,2026-08-03T01:49:28+0200,65d3fff1-7125-472d-bbc3-1b240f9c8d5b,2026-07-26T14:45:00Z,2026-07-26T16:45:00+0200,787.299,MW,NL,NL,actual_onshore_wind_generation,Wind Onshore | Actual Aggregated,2026-08-02T23:51:38Z
2026-08-02T23:49:28Z,2026-08-03T01:49:28+0200,65d3fff1-7125-472d-bbc3-1b240f9c8d5b,2026-07-26T14:45:00Z,2026-07-26T16:45:00+0200,0.0,MW,NL,NL,actual_onshore_wind_generation,Wind Onshore | Actual Consumption,2026-08-02T23:51:38Z
2026-08-02T23:49:28Z,2026-08-03T01:49:28+0200,65d3fff1-7125-472d-bbc3-1b240f9c8d5b,2026-07-26T15:00:00Z,2026-07-26T17:00:00+0200,764.155,MW,NL,NL,actual_onshore_wind_generation,Wind Onshore | Actual Aggregated,2026-08-02T23:51:38Z
2026-08-02T23:49:28Z,2026-08-03T01:49:28+0200,65d3fff1-7125-472d-bbc3-1b240f9c8d5b,2026-07-26T15:00:00Z,2026-07-26T17:00:00+0200,0.0,MW,NL,NL,actual_onshore_wind_generation,Wind Onshore | Actual Consumption,2026-08-02T23:51:38Z
2026-08-02T23:49:28Z,2026-08-03T01:49:28+0200,65d3fff1-7125-472d-bbc3-1b240f9c8d5b,2026-07-26T15:15:00Z,2026-07-26T17:15:00+0200,757.057,MW,NL,NL,actual_onshore_wind_generation,Wind Onshore | Actual Aggregated,2026-08-02T23:51:38Z
2026-08-02T23:49:28Z,2026-08-03T01:49:28+0200,65d3fff1-7125-472d-bbc3-1b240f9c8d5b,2026-07-26T15:15:00Z,2026-07-26T17:15:00+0200,0.0,MW,NL,NL,actual_onshore_wind_generation,Wind Onshore | Actual Consumption,2026-08-02T23:51:38Z
2026-08-02T23:49:28Z,2026-08-03T01:49:28+0200,65d3fff1-7125-472d-bbc3-1b240f9c8d5b,2026-07-26T15:30:00Z,2026-07-26T17:30:00+0200,805.05,MW,NL,NL,actual_onshore_wind_generation,Wind Onshore | Actual Aggregated,2026-08-02T23:51:38Z
2026-08-02T23:49:28Z,2026-08-03T01:49:28+0200,65d3fff1-7125-472d-bbc3-1b240f9c8d5b,2026-07-26T15:30:00Z,2026-07-26T17:30:00+0200,0.0,MW,NL,NL,actual_onshore_wind_generation,Wind Onshore | Actual Consumption,2026-08-02T23:51:38Z
2026-08-02T23:49:28Z,2026-08-03T01:49:28+0200,65d3fff1-7125-472d-bbc3-1b240f9c8d5b,2026-07-26T15:45:00Z,2026-07-26T17:45:00+0200,786.76,MW,NL,NL,actual_onshore_wind_generation,Wind Onshore | Actual Aggregated,2026-08-02T23:51:38Z
2026-08-02T23:49:28Z,2026-08-03T01:49:28+0200,65d3fff1-7125-472d-bbc3-1b240f9c8d5b,2026-07-26T15:45:00Z,2026-07-26T17:45:00+0200,0.0,MW,NL,NL,actual_onshore_wind_generation,Wind Onshore | Actual Consumption,2026-08-02T23:51:38Z
2026-08-02T23:49:28Z,2026-08-03T01:49:28+0200,65d3fff1-7125-472d-bbc3-1b240f9c8d5b,2026-07-26T16:00:00Z,2026-07-26T18:00:00+0200,781.147,MW,NL,NL,actual_onshore_wind_generation,Wind Onshore | Actual Aggregated,2026-08-02T23:51:38Z
2026-08-02T23:49:28Z,2026-08-03T01:49:28+0200,65d3fff1-7125-472d-bbc3-1b240f9c8d5b,2026-07-26T16:00:00Z,2026-07-26T18:00:00+0200,0.0,MW,NL,NL,actual_onshore_wind_generation,Wind Onshore | Actual Consumption,2026-08-02T23:51:38Z
2026-08-02T23:49:28Z,2026-08-03T01:49:28+0200,65d3fff1-7125-472d-bbc3-1b240f9c8d5b,2026-07-26T16:15:00Z,2026-07-26T18:15:00+0200,845.716,MW,NL,NL,actual_onshore_wind_generation,Wind Onshore | Actual Aggregated,2026-08-02T23:51:38Z
2026-08-02T23:49:28Z,2026-08-03T01:49:28+0200,65d3fff1-7125-472d-bbc3-1b240f9c8d5b,2026-07-26T16:15:00Z,2026-07-26T18:15:00+0200,0.0,MW,NL,NL,actual_onshore_wind_generation,Wind Onshore | Actual Consumption,2026-08-02T23:51:38Z
2026-08-02T23:49:28Z,2026-08-03T01:49:28+0200,65d3fff1-7125-472d-bbc3-1b240f9c8d5b,2026-07-26T16:30:00Z,2026-07-26T18:30:00+0200,801.987,MW,NL,NL,actual_onshore_wind_generation,Wind Onshore | Actual Aggregated,2026-08-02T23:51:38Z
2026-08-02T23:49:28Z,2026-08-03T01:49:28+0200,65d3fff1-7125-472d-bbc3-1b240f9c8d5b,2026-07-26T16:30:00Z,2026-07-26T18:30:00+0200,0.0,MW,NL,NL,actual_onshore_wind_generation,Wind Onshore | Actual Consumption,2026-08-02T23:51:38Z
2026-08-02T23:49:28Z,2026-08-03T01:49:28+0200,65d3fff1-7125-472d-bbc3-1b240f9c8d5b,2026-07-26T16:45:00Z,2026-07-26T18:45:00+0200,833.357,MW,NL,NL,actual_onshore_wind_generation,Wind Onshore | Actual Aggregated,2026-08-02T23:51:38Z
2026-08-02T23:49:28Z,2026-08-03T01:49:28+0200,65d3fff1-7125-472d-bbc3-1b240f9c8d5b,2026-07-26T16:45:00Z,2026-07-26T18:45:00+0200,0.0,MW,NL,NL,actual_onshore_wind_generation,Wind Onshore | Actual Consumption,2026-08-02T23:51:38Z
2026-08-02T23:49:28Z,2026-08-03T01:49:28+0200,65d3fff1-7125-472d-bbc3-1b240f9c8d5b,2026-07-26T17:00:00Z,2026-07-26T19:00:00+0200,806.783,MW,NL,NL,actual_onshore_wind_generation,Wind Onshore | Actual Aggregated,2026-08-02T23:51:38Z
2026-08-02T23:49:28Z,2026-08-03T01:49:28+0200,65d3fff1-7125-472d-bbc3-1b240f9c8d5b,2026-07-26T17:00:00Z,2026-07-26T19:00:00+0200,0.0,MW,NL,NL,actual_onshore_wind_generation,Wind Onshore | Actual Consumption,2026-08-02T23:51:38Z
2026-08-02T23:49:28Z,2026-08-03T01:49:28+0200,65d3fff1-7125-472d-bbc3-1b240f9c8d5b,2026-07-26T17:15:00Z,2026-07-26T19:15:00+0200,817.25,MW,NL,NL,actual_onshore_wind_generation,Wind Onshore | Actual Aggregated,2026-08-02T23:51:38Z
2026-08-02T23:49:28Z,2026-08-03T01:49:28+0200,65d3fff1-7125-472d-bbc3-1b240f9c8d5b,2026-07-26T17:15:00Z,2026-07-26T19:15:00+0200,0.0,MW,NL,NL,actual_onshore_wind_generation,Wind Onshore | Actual Consumption,2026-08-02T23:51:38Z
2026-08-02T23:49:28Z,2026-08-03T01:49:28+0200,65d3fff1-7125-472d-bbc3-1b240f9c8d5b,2026-07-26T17:30:00Z,2026-07-26T19:30:00+0200,841.79,MW,NL,NL,actual_onshore_wind_generation,Wind Onshore | Actual Aggregated,2026-08-02T23:51:38Z
2026-08-02T23:49:28Z,2026-08-03T01:49:28+0200,65d3fff1-7125-472d-bbc3-1b240f9c8d5b,2026-07-26T17:30:00Z,2026-07-26T19:30:00+0200,0.0,MW,NL,NL,actual_onshore_wind_generation,Wind Onshore | Actual Consumption,2026-08-02T23:51:38Z
2026-08-02T23:49:28Z,2026-08-03T01:49:28+0200,65d3fff1-7125-472d-bbc3-1b240f9c8d5b,2026-07-26T17:45:00Z,2026-07-26T19:45:00+0200,818.852,MW,NL,NL,actual_onshore_wind_generation,Wind Onshore | Actual Aggregated,2026-08-02T23:51:38Z
2026-08-02T23:49:28Z,2026-08-03T01:49:28+0200,65d3fff1-7125-472d-bbc3-1b240f9c8d5b,2026-07-26T17:45:00Z,2026-07-26T19:45:00+0200,0.0,MW,NL,NL,actual_onshore_wind_generation,Wind Onshore | Actual Consumption,2026-08-02T23:51:38Z
2026-08-02T23:49:28Z,2026-08-03T01:49:28+0200,65d3fff1-7125-472d-bbc3-1b240f9c8d5b,2026-07-26T18:00:00Z,2026-07-26T20:00:00+0200,760.553,MW,NL,NL,actual_onshore_wind_generation,Wind Onshore | Actual Aggregated,2026-08-02T23:51:38Z
2026-08-02T23:49:28Z,2026-08-03T01:49:28+0200,65d3fff1-7125-472d-bbc3-1b240f9c8d5b,2026-07-26T18:00:00Z,2026-07-26T20:00:00+0200,0.0,MW,NL,NL,actual_onshore_wind_generation,Wind Onshore | Actual Consumption,2026-08-02T23:51:38Z
2026-08-02T23:49:28Z,2026-08-03T01:49:28+0200,65d3fff1-7125-472d-bbc3-1b240f9c8d5b,2026-07-26T18:15:00Z,2026-07-26T20:15:00+0200,711.795,MW,NL,NL,actual_onshore_wind_generation,Wind Onshore | Actual Aggregated,2026-08-02T23:51:38Z
2026-08-02T23:49:28Z,2026-08-03T01:49:28+0200,65d3fff1-7125-472d-bbc3-1b240f9c8d5b,2026-07-26T18:15:00Z,2026-07-26T20:15:00+0200,0.0,MW,NL,NL,actual_onshore_wind_generation,Wind Onshore | Actual Consumption,2026-08-02T23:51:38Z
2026-08-02T23:49:28Z,2026-08-03T01:49:28+0200,65d3fff1-7125-472d-bbc3-1b240f9c8d5b,2026-07-26T18:30:00Z,2026-07-26T20:30:00+0200,673.061,MW,NL,NL,actual_onshore_wind_generation,Wind Onshore | Actual Aggregated,2026-08-02T23:51:38Z
2026-08-02T23:49:28Z,2026-08-03T01:49:28+0200,65d3fff1-7125-472d-bbc3-1b240f9c8d5b,2026-07-26T18:30:00Z,2026-07-26T20:30:00+0200,0.0,MW,NL,NL,actual_onshore_wind_generation,Wind Onshore | Actual Consumption,2026-08-02T23:51:38Z
2026-08-02T23:49:28Z,2026-08-03T01:49:28+0200,65d3fff1-7125-472d-bbc3-1b240f9c8d5b,2026-07-26T18:45:00Z,2026-07-26T20:45:00+0200,670.792,MW,NL,NL,actual_onshore_wind_generation,Wind Onshore | Actual Aggregated,2026-08-02T23:51:38Z
2026-08-02T23:49:28Z,2026-08-03T01:49:28+0200,65d3fff1-7125-472d-bbc3-1b240f9c8d5b,2026-07-26T18:45:00Z,2026-07-26T20:45:00+0200,0.0,MW,NL,NL,actual_onshore_wind_generation,Wind Onshore | Actual Consumption,2026-08-02T23:51:38Z
2026-08-02T23:49:28Z,2026-08-03T01:49:28+0200,65d3fff1-7125-472d-bbc3-1b240f9c8d5b,2026-07-26T19:00:00Z,2026-07-26T21:00:00+0200,711.129,MW,NL,NL,actual_onshore_wind_generation,Wind Onshore | Actual Aggregated,2026-08-02T23:51:38Z
2026-08-02T23:49:28Z,2026-08-03T01:49:28+0200,65d3fff1-7125-472d-bbc3-1b240f9c8d5b,2026-07-26T19:00:00Z,2026-07-26T21:00:00+0200,0.0,MW,NL,NL,actual_onshore_wind_generation,Wind Onshore | Actual Consumption,2026-08-02T23:51:38Z
2026-08-02T23:49:28Z,2026-08-03T01:49:28+0200,65d3fff1-7125-472d-bbc3-1b240f9c8d5b,2026-07-26T19:15:00Z,2026-07-26T21:15:00+0200,711.724,MW,NL,NL,actual_onshore_wind_generation,Wind Onshore | Actual Aggregated,2026-08-02T23:51:38Z
2026-08-02T23:49:28Z,2026-08-03T01:49:28+0200,65d3fff1-7125-472d-bbc3-1b240f9c8d5b,2026-07-26T19:15:00Z,2026-07-26T21:15:00+0200,0.0,MW,NL,NL,actual_onshore_wind_generation,Wind Onshore | Actual Consumption,2026-08-02T23:51:38Z
2026-08-02T23:49:28Z,2026-08-03T01:49:28+0200,65d3fff1-7125-472d-bbc3-1b240f9c8d5b,2026-07-26T19:30:00Z,2026-07-26T21:30:00+0200,706.203,MW,NL,NL,actual_onshore_wind_generation,Wind Onshore | Actual Aggregated,2026-08-02T23:51:38Z
2026-08-02T23:49:28Z,2026-08-03T01:49:28+0200,65d3fff1-7125-472d-bbc3-1b240f9c8d5b,2026-07-26T19:30:00Z,2026-07-26T21:30:00+0200,0.0,MW,NL,NL,actual_onshore_wind_generation,Wind Onshore | Actual Consumption,2026-08-02T23:51:38Z
2026-08-02T23:49:28Z,2026-08-03T01:49:28+0200,65d3fff1-7125-472d-bbc3-1b240f9c8d5b,2026-07-26T19:45:00Z,2026-07-26T21:45:00+0200,702.737,MW,NL,NL,actual_onshore_wind_generation,Wind Onshore | Actual Aggregated,2026-08-02T23:51:38Z
2026-08-02T23:49:28Z,2026-08-03T01:49:28+0200,65d3fff1-7125-472d-bbc3-1b240f9c8d5b,2026-07-26T19:45:00Z,2026-07-26T21:45:00+0200,0.0,MW,NL,NL,actual_onshore_wind_generation,Wind Onshore | Actual Consumption,2026-08-02T23:51:38Z
2026-08-02T23:49:28Z,2026-08-03T01:49:28+0200,65d3fff1-7125-472d-bbc3-1b240f9c8d5b,2026-07-26T20:00:00Z,2026-07-26T22:00:00+0200,660.351,MW,NL,NL,actual_onshore_wind_generation,Wind Onshore | Actual Aggregated,2026-08-02T23:51:38Z
2026-08-02T23:49:28Z,2026-08-03T01:49:28+0200,65d3fff1-7125-472d-bbc3-1b240f9c8d5b,2026-07-26T20:00:00Z,2026-07-26T22:00:00+0200,0.0,MW,NL,NL,actual_onshore_wind_generation,Wind Onshore | Actual Consumption,2026-08-02T23:51:38Z
2026-08-02T23:49:28Z,2026-08-03T01:49:28+0200,65d3fff1-7125-472d-bbc3-1b240f9c8d5b,2026-07-26T20:15:00Z,2026-07-26T22:15:00+0200,571.428,MW,NL,NL,actual_onshore_wind_generation,Wind Onshore | Actual Aggregated,2026-08-02T23:51:38Z
2026-08-02T23:49:28Z,2026-08-03T01:49:28+0200,65d3fff1-7125-472d-bbc3-1b240f9c8d5b,2026-07-26T20:15:00Z,2026-07-26T22:15:00+0200,0.0,MW,NL,NL,actual_onshore_wind_generation,Wind Onshore | Actual Consumption,2026-08-02T23:51:38Z
2026-08-02T23:49:28Z,2026-08-03T01:49:28+0200,65d3fff1-7125-472d-bbc3-1b240f9c8d5b,2026-07-26T20:30:00Z,2026-07-26T22:30:00+0200,555.372,MW,NL,NL,actual_onshore_wind_generation,Wind Onshore | Actual Aggregated,2026-08-02T23:51:38Z
2026-08-02T23:49:28Z,2026-08-03T01:49:28+0200,65d3fff1-7125-472d-bbc3-1b240f9c8d5b,2026-07-26T20:30:00Z,2026-07-26T22:30:00+0200,0.0,MW,NL,NL,actual_onshore_wind_generation,Wind Onshore | Actual Consumption,2026-08-02T23:51:38Z
2026-08-02T23:49:28Z,2026-08-03T01:49:28+0200,65d3fff1-7125-472d-bbc3-1b240f9c8d5b,2026-07-26T20:45:00Z,2026-07-26T22:45:00+0200,559.77,MW,NL,NL,actual_onshore_wind_generation,Wind Onshore | Actual Aggregated,2026-08-02T23:51:38Z
2026-08-02T23:49:28Z,2026-08-03T01:49:28+0200,65d3fff1-7125-472d-bbc3-1b240f9c8d5b,2026-07-26T20:45:00Z,2026-07-26T22:45:00+0200,0.0,MW,NL,NL,actual_onshore_wind_generation,Wind Onshore | Actual Consumption,2026-08-02T23:51:38Z
2026-08-02T23:49:28Z,2026-08-03T01:49:28+0200,65d3fff1-7125-472d-bbc3-1b240f9c8d5b,2026-07-26T21:00:00Z,2026-07-26T23:00:00+0200,523.713,MW,NL,NL,actual_onshore_wind_generation,Wind Onshore | Actual Aggregated,2026-08-02T23:51:38Z
2026-08-02T23:49:28Z,2026-08-03T01:49:28+0200,65d3fff1-7125-472d-bbc3-1b240f9c8d5b,2026-07-26T21:00:00Z,2026-07-26T23:00:00+0200,0.0,MW,NL,NL,actual_onshore_wind_generation,Wind Onshore | Actual Consumption,2026-08-02T23:51:38Z
2026-08-02T23:49:28Z,2026-08-03T01:49:28+0200,65d3fff1-7125-472d-bbc3-1b240f9c8d5b,2026-07-26T21:15:00Z,2026-07-26T23:15:00+0200,538.993,MW,NL,NL,actual_onshore_wind_generation,Wind Onshore | Actual Aggregated,2026-08-02T23:51:38Z
2026-08-02T23:49:28Z,2026-08-03T01:49:28+0200,65d3fff1-7125-472d-bbc3-1b240f9c8d5b,2026-07-26T21:15:00Z,2026-07-26T23:15:00+0200,0.0,MW,NL,NL,actual_onshore_wind_generation,Wind Onshore | Actual Consumption,2026-08-02T23:51:38Z
2026-08-02T23:49:28Z,2026-08-03T01:49:28+0200,65d3fff1-7125-472d-bbc3-1b240f9c8d5b,2026-07-26T21:30:00Z,2026-07-26T23:30:00+0200,532.263,MW,NL,NL,actual_onshore_wind_generation,Wind Onshore | Actual Aggregated,2026-08-02T23:51:38Z
2026-08-02T23:49:28Z,2026-08-03T01:49:28+0200,65d3fff1-7125-472d-bbc3-1b240f9c8d5b,2026-07-26T21:30:00Z,2026-07-26T23:30:00+0200,0.0,MW,NL,NL,actual_onshore_wind_generation,Wind Onshore | Actual Consumption,2026-08-02T23:51:38Z
2026-08-02T23:49:28Z,2026-08-03T01:49:28+0200,65d3fff1-7125-472d-bbc3-1b240f9c8d5b,2026-07-26T21:45:00Z,2026-07-26T23:45:00+0200,620.343,MW,NL,NL,actual_onshore_wind_generation,Wind Onshore | Actual Aggregated,2026-08-02T23:51:38Z
2026-08-02T23:49:28Z,2026-08-03T01:49:28+0200,65d3fff1-7125-472d-bbc3-1b240f9c8d5b,2026-07-26T21:45:00Z,2026-07-26T23:45:00+0200,0.0,MW,NL,NL,actual_onshore_wind_generation,Wind Onshore | Actual Consumption,2026-08-02T23:51:38Z
2026-08-02T23:49:28Z,2026-08-03T01:49:28+0200,65d3fff1-7125-472d-bbc3-1b240f9c8d5b,2026-07-26T22:00:00Z,2026-07-27T00:00:00+0200,579.347,MW,NL,NL,actual_onshore_wind_generation,Wind Onshore | Actual Aggregated,2026-08-02T23:51:38Z
2026-08-02T23:49:28Z,2026-08-03T01:49:28+0200,65d3fff1-7125-472d-bbc3-1b240f9c8d5b,2026-07-26T22:00:00Z,2026-07-27T00:00:00+0200,0.0,MW,NL,NL,actual_onshore_wind_generation,Wind Onshore | Actual Consumption,2026-08-02T23:51:38Z
2026-08-02T23:49:28Z,2026-08-03T01:49:28+0200,65d3fff1-7125-472d-bbc3-1b240f9c8d5b,2026-07-26T22:15:00Z,2026-07-27T00:15:00+0200,618.231,MW,NL,NL,actual_onshore_wind_generation,Wind Onshore | Actual Aggregated,2026-08-02T23:51:38Z
2026-08-02T23:49:28Z,2026-08-03T01:49:28+0200,65d3fff1-7125-472d-bbc3-1b240f9c8d5b,2026-07-26T22:15:00Z,2026-07-27T00:15:00+0200,0.0,MW,NL,NL,actual_onshore_wind_generation,Wind Onshore | Actual Consumption,2026-08-02T23:51:38Z
2026-08-02T23:49:28Z,2026-08-03T01:49:28+0200,65d3fff1-7125-472d-bbc3-1b240f9c8d5b,2026-07-26T22:30:00Z,2026-07-27T00:30:00+0200,630.831,MW,NL,NL,actual_onshore_wind_generation,Wind Onshore | Actual Aggregated,2026-08-02T23:51:38Z
2026-08-02T23:49:28Z,2026-08-03T01:49:28+0200,65d3fff1-7125-472d-bbc3-1b240f9c8d5b,2026-07-26T22:30:00Z,2026-07-27T00:30:00+0200,0.0,MW,NL,NL,actual_onshore_wind_generation,Wind Onshore | Actual Consumption,2026-08-02T23:51:38Z
2026-08-02T23:49:28Z,2026-08-03T01:49:28+0200,65d3fff1-7125-472d-bbc3-1b240f9c8d5b,2026-07-26T22:45:00Z,2026-07-27T00:45:00+0200,586.092,MW,NL,NL,actual_onshore_wind_generation,Wind Onshore | Actual Aggregated,2026-08-02T23:51:38Z
2026-08-02T23:49:28Z,2026-08-03T01:49:28+0200,65d3fff1-7125-472d-bbc3-1b240f9c8d5b,2026-07-26T22:45:00Z,2026-07-27T00:45:00+0200,0.0,MW,NL,NL,actual_onshore_wind_generation,Wind Onshore | Actual Consumption,2026-08-02T23:51:38Z
2026-08-02T23:49:28Z,2026-08-03T01:49:28+0200,65d3fff1-7125-472d-bbc3-1b240f9c8d5b,2026-07-26T23:00:00Z,2026-07-27T01:00:00+0200,588.517,MW,NL,NL,actual_onshore_wind_generation,Wind Onshore | Actual Aggregated,2026-08-02T23:51:38Z
2026-08-02T23:49:28Z,2026-08-03T01:49:28+0200,65d3fff1-7125-472d-bbc3-1b240f9c8d5b,2026-07-26T23:00:00Z,2026-07-27T01:00:00+0200,0.0,MW,NL,NL,actual_onshore_wind_generation,Wind Onshore | Actual Consumption,2026-08-02T23:51:38Z
2026-08-02T23:49:28Z,2026-08-03T01:49:28+0200,65d3fff1-7125-472d-bbc3-1b240f9c8d5b,2026-07-26T23:15:00Z,2026-07-27T01:15:00+0200,571.847,MW,NL,NL,actual_onshore_wind_generation,Wind Onshore | Actual Aggregated,2026-08-02T23:51:38Z
2026-08-02T23:49:28Z,2026-08-03T01:49:28+0200,65d3fff1-7125-472d-bbc3-1b240f9c8d5b,2026-07-26T23:15:00Z,2026-07-27T01:15:00+0200,0.0,MW,NL,NL,actual_onshore_wind_generation,Wind Onshore | Actual Consumption,2026-08-02T23:51:38Z
2026-08-02T23:49:28Z,2026-08-03T01:49:28+0200,65d3fff1-7125-472d-bbc3-1b240f9c8d5b,2026-07-26T23:30:00Z,2026-07-27T01:30:00+0200,596.983,MW,NL,NL,actual_onshore_wind_generation,Wind Onshore | Actual Aggregated,2026-08-02T23:51:38Z
2026-08-02T23:49:28Z,2026-08-03T01:49:28+0200,65d3fff1-7125-472d-bbc3-1b240f9c8d5b,2026-07-26T23:30:00Z,2026-07-27T01:30:00+0200,0.0,MW,NL,NL,actual_onshore_wind_generation,Wind Onshore | Actual Consumption,2026-08-02T23:51:38Z
2026-08-02T23:49:28Z,2026-08-03T01:49:28+0200,65d3fff1-7125-472d-bbc3-1b240f9c8d5b,2026-07-26T23:45:00Z,2026-07-27T01:45:00+0200,582.283,MW,NL,NL,actual_onshore_wind_generation,Wind Onshore | Actual Aggregated,2026-08-02T23:51:38Z
2026-08-02T23:49:28Z,2026-08-03T01:49:28+0200,65d3fff1-7125-472d-bbc3-1b240f9c8d5b,2026-07-26T23:45:00Z,2026-07-27T01:45:00+0200,0.0,MW,NL,NL,actual_onshore_wind_generation,Wind Onshore | Actual Consumption,2026-08-02T23:51:38Z
2026-08-02T23:49:28Z,2026-08-03T01:49:28+0200,65d3fff1-7125-472d-bbc3-1b240f9c8d5b,2026-07-27T00:00:00Z,2026-07-27T02:00:00+0200,605.278,MW,NL,NL,actual_onshore_wind_generation,Wind Onshore | Actual Aggregated,2026-08-02T23:51:38Z
2026-08-02T23:49:28Z,2026-08-03T01:49:28+0200,65d3fff1-7125-472d-bbc3-1b240f9c8d5b,2026-07-27T00:00:00Z,2026-07-27T02:00:00+0200,0.0,MW,NL,NL,actual_onshore_wind_generation,Wind Onshore | Actual Consumption,2026-08-02T23:51:38Z
2026-08-02T23:49:28Z,2026-08-03T01:49:28+0200,65d3fff1-7125-472d-bbc3-1b240f9c8d5b,2026-07-27T00:15:00Z,2026-07-27T02:15:00+0200,543.011,MW,NL,NL,actual_onshore_wind_generation,Wind Onshore | Actual Aggregated,2026-08-02T23:51:38Z
2026-08-02T23:49:28Z,2026-08-03T01:49:28+0200,65d3fff1-7125-472d-bbc3-1b240f9c8d5b,2026-07-27T00:15:00Z,2026-07-27T02:15:00+0200,0.0,MW,NL,NL,actual_onshore_wind_generation,Wind Onshore | Actual Consumption,2026-08-02T23:51:38Z
2026-08-02T23:49:28Z,2026-08-03T01:49:28+0200,65d3fff1-7125-472d-bbc3-1b240f9c8d5b,2026-07-27T00:30:00Z,2026-07-27T02:30:00+0200,528.769,MW,NL,NL,actual_onshore_wind_generation,Wind Onshore | Actual Aggregated,2026-08-02T23:51:38Z
2026-08-02T23:49:28Z,2026-08-03T01:49:28+0200,65d3fff1-7125-472d-bbc3-1b240f9c8d5b,2026-07-27T00:30:00Z,2026-07-27T02:30:00+0200,0.0,MW,NL,NL,actual_onshore_wind_generation,Wind Onshore | Actual Consumption,2026-08-02T23:51:38Z
2026-08-02T23:49:28Z,2026-08-03T01:49:28+0200,65d3fff1-7125-472d-bbc3-1b240f9c8d5b,2026-07-27T00:45:00Z,2026-07-27T02:45:00+0200,563.371,MW,NL,NL,actual_onshore_wind_generation,Wind Onshore | Actual Aggregated,2026-08-02T23:51:38Z
2026-08-02T23:49:28Z,2026-08-03T01:49:28+0200,65d3fff1-7125-472d-bbc3-1b240f9c8d5b,2026-07-27T00:45:00Z,2026-07-27T02:45:00+0200,0.0,MW,NL,NL,actual_onshore_wind_generation,Wind Onshore | Actual Consumption,2026-08-02T23:51:38Z
2026-08-02T23:49:28Z,2026-08-03T01:49:28+0200,65d3fff1-7125-472d-bbc3-1b240f9c8d5b,2026-07-27T01:00:00Z,2026-07-27T03:00:00+0200,528.174,MW,NL,NL,actual_onshore_wind_generation,Wind Onshore | Actual Aggregated,2026-08-02T23:51:38Z
2026-08-02T23:49:28Z,2026-08-03T01:49:28+0200,65d3fff1-7125-472d-bbc3-1b240f9c8d5b,2026-07-27T01:00:00Z,2026-07-27T03:00:00+0200,0.0,MW,NL,NL,actual_onshore_wind_generation,Wind Onshore | Actual Consumption,2026-08-02T23:51:38Z
2026-08-02T23:49:28Z,2026-08-03T01:49:28+0200,65d3fff1-7125-472d-bbc3-1b240f9c8d5b,2026-07-27T01:15:00Z,2026-07-27T03:15:00+0200,471.634,MW,NL,NL,actual_onshore_wind_generation,Wind Onshore | Actual Aggregated,2026-08-02T23:51:38Z
2026-08-02T23:49:28Z,2026-08-03T01:49:28+0200,65d3fff1-7125-472d-bbc3-1b240f9c8d5b,2026-07-27T01:15:00Z,2026-07-27T03:15:00+0200,0.0,MW,NL,NL,actual_onshore_wind_generation,Wind Onshore | Actual Consumption,2026-08-02T23:51:38Z
2026-08-02T23:49:28Z,2026-08-03T01:49:28+0200,65d3fff1-7125-472d-bbc3-1b240f9c8d5b,2026-07-27T01:30:00Z,2026-07-27T03:30:00+0200,430.758,MW,NL,NL,actual_onshore_wind_generation,Wind Onshore | Actual Aggregated,2026-08-02T23:51:38Z
2026-08-02T23:49:28Z,2026-08-03T01:49:28+0200,65d3fff1-7125-472d-bbc3-1b240f9c8d5b,2026-07-27T01:30:00Z,2026-07-27T03:30:00+0200,0.0,MW,NL,NL,actual_onshore_wind_generation,Wind Onshore | Actual Consumption,2026-08-02T23:51:38Z
2026-08-02T23:49:28Z,2026-08-03T01:49:28+0200,65d3fff1-7125-472d-bbc3-1b240f9c8d5b,2026-07-27T01:45:00Z,2026-07-27T03:45:00+0200,405.77,MW,NL,NL,actual_onshore_wind_generation,Wind Onshore | Actual Aggregated,2026-08-02T23:51:38Z
2026-08-02T23:49:28Z,2026-08-03T01:49:28+0200,65d3fff1-7125-472d-bbc3-1b240f9c8d5b,2026-07-27T01:45:00Z,2026-07-27T03:45:00+0200,0.0,MW,NL,NL,actual_onshore_wind_generation,Wind Onshore | Actual Consumption,2026-08-02T23:51:38Z
2026-08-02T23:49:28Z,2026-08-03T01:49:28+0200,65d3fff1-7125-472d-bbc3-1b240f9c8d5b,2026-07-27T02:00:00Z,2026-07-27T04:00:00+0200,394.774,MW,NL,NL,actual_onshore_wind_generation,Wind Onshore | Actual Aggregated,2026-08-02T23:51:38Z
2026-08-02T23:49:28Z,2026-08-03T01:49:28+0200,65d3fff1-7125-472d-bbc3-1b240f9c8d5b,2026-07-27T02:00:00Z,2026-07-27T04:00:00+0200,0.0,MW,NL,NL,actual_onshore_wind_generation,Wind Onshore | Actual Consumption,2026-08-02T23:51:38Z
2026-08-02T23:49:28Z,2026-08-03T01:49:28+0200,65d3fff1-7125-472d-bbc3-1b240f9c8d5b,2026-07-27T02:15:00Z,2026-07-27T04:15:00+0200,374.803,MW,NL,NL,actual_onshore_wind_generation,Wind Onshore | Actual Aggregated,2026-08-02T23:51:38Z
2026-08-02T23:49:28Z,2026-08-03T01:49:28+0200,65d3fff1-7125-472d-bbc3-1b240f9c8d5b,2026-07-27T02:15:00Z,2026-07-27T04:15:00+0200,0.0,MW,NL,NL,actual_onshore_wind_generation,Wind Onshore | Actual Consumption,2026-08-02T23:51:38Z
2026-08-02T23:49:28Z,2026-08-03T01:49:28+0200,65d3fff1-7125-472d-bbc3-1b240f9c8d5b,2026-07-27T02:30:00Z,2026-07-27T04:30:00+0200,335.291,MW,NL,NL,actual_onshore_wind_generation,Wind Onshore | Actual Aggregated,2026-08-02T23:51:38Z
2026-08-02T23:49:28Z,2026-08-03T01:49:28+0200,65d3fff1-7125-472d-bbc3-1b240f9c8d5b,2026-07-27T02:30:00Z,2026-07-27T04:30:00+0200,0.0,MW,NL,NL,actual_onshore_wind_generation,Wind Onshore | Actual Consumption,2026-08-02T23:51:38Z
2026-08-02T23:49:28Z,2026-08-03T01:49:28+0200,65d3fff1-7125-472d-bbc3-1b240f9c8d5b,2026-07-27T02:45:00Z,2026-07-27T04:45:00+0200,308.016,MW,NL,NL,actual_onshore_wind_generation,Wind Onshore | Actual Aggregated,2026-08-02T23:51:38Z
2026-08-02T23:49:28Z,2026-08-03T01:49:28+0200,65d3fff1-7125-472d-bbc3-1b240f9c8d5b,2026-07-27T02:45:00Z,2026-07-27T04:45:00+0200,0.0,MW,NL,NL,actual_onshore_wind_generation,Wind Onshore | Actual Consumption,2026-08-02T23:51:38Z
2026-08-02T23:49:28Z,2026-08-03T01:49:28+0200,65d3fff1-7125-472d-bbc3-1b240f9c8d5b,2026-07-27T03:00:00Z,2026-07-27T05:00:00+0200,247.819,MW,NL,NL,actual_onshore_wind_generation,Wind Onshore | Actual Aggregated,2026-08-02T23:51:38Z
2026-08-02T23:49:28Z,2026-08-03T01:49:28+0200,65d3fff1-7125-472d-bbc3-1b240f9c8d5b,2026-07-27T03:00:00Z,2026-07-27T05:00:00+0200,0.0,MW,NL,NL,actual_onshore_wind_generation,Wind Onshore | Actual Consumption,2026-08-02T23:51:38Z
2026-08-02T23:49:28Z,2026-08-03T01:49:28+0200,65d3fff1-7125-472d-bbc3-1b240f9c8d5b,2026-07-27T03:15:00Z,2026-07-27T05:15:00+0200,228.029,MW,NL,NL,actual_onshore_wind_generation,Wind Onshore | Actual Aggregated,2026-08-02T23:51:38Z
2026-08-02T23:49:28Z,2026-08-03T01:49:28+0200,65d3fff1-7125-472d-bbc3-1b240f9c8d5b,2026-07-27T03:15:00Z,2026-07-27T05:15:00+0200,0.0,MW,NL,NL,actual_onshore_wind_generation,Wind Onshore | Actual Consumption,2026-08-02T23:51:38Z
2026-08-02T23:49:28Z,2026-08-03T01:49:28+0200,65d3fff1-7125-472d-bbc3-1b240f9c8d5b,2026-07-27T03:30:00Z,2026-07-27T05:30:00+0200,207.566,MW,NL,NL,actual_onshore_wind_generation,Wind Onshore | Actual Aggregated,2026-08-02T23:51:38Z
2026-08-02T23:49:28Z,2026-08-03T01:49:28+0200,65d3fff1-7125-472d-bbc3-1b240f9c8d5b,2026-07-27T03:30:00Z,2026-07-27T05:30:00+0200,0.0,MW,NL,NL,actual_onshore_wind_generation,Wind Onshore | Actual Consumption,2026-08-02T23:51:38Z
2026-08-02T23:49:28Z,2026-08-03T01:49:28+0200,65d3fff1-7125-472d-bbc3-1b240f9c8d5b,2026-07-27T03:45:00Z,2026-07-27T05:45:00+0200,186.15,MW,NL,NL,actual_onshore_wind_generation,Wind Onshore | Actual Aggregated,2026-08-02T23:51:38Z
2026-08-02T23:49:28Z,2026-08-03T01:49:28+0200,65d3fff1-7125-472d-bbc3-1b240f9c8d5b,2026-07-27T03:45:00Z,2026-07-27T05:45:00+0200,0.0,MW,NL,NL,actual_onshore_wind_generation,Wind Onshore | Actual Consumption,2026-08-02T23:51:38Z
2026-08-02T23:49:28Z,2026-08-03T01:49:28+0200,65d3fff1-7125-472d-bbc3-1b240f9c8d5b,2026-07-27T04:00:00Z,2026-07-27T06:00:00+0200,141.641,MW,NL,NL,actual_onshore_wind_generation,Wind Onshore | Actual Aggregated,2026-08-02T23:51:38Z
2026-08-02T23:49:28Z,2026-08-03T01:49:28+0200,65d3fff1-7125-472d-bbc3-1b240f9c8d5b,2026-07-27T04:00:00Z,2026-07-27T06:00:00+0200,0.0,MW,NL,NL,actual_onshore_wind_generation,Wind Onshore | Actual Consumption,2026-08-02T23:51:38Z
2026-08-02T23:49:28Z,2026-08-03T01:49:28+0200,65d3fff1-7125-472d-bbc3-1b240f9c8d5b,2026-07-27T04:15:00Z,2026-07-27T06:15:00+0200,125.24,MW,NL,NL,actual_onshore_wind_generation,Wind Onshore | Actual Aggregated,2026-08-02T23:51:38Z
2026-08-02T23:49:28Z,2026-08-03T01:49:28+0200,65d3fff1-7125-472d-bbc3-1b240f9c8d5b,2026-07-27T04:15:00Z,2026-07-27T06:15:00+0200,0.0,MW,NL,NL,actual_onshore_wind_generation,Wind Onshore | Actual Consumption,2026-08-02T23:51:38Z
2026-08-02T23:49:28Z,2026-08-03T01:49:28+0200,65d3fff1-7125-472d-bbc3-1b240f9c8d5b,2026-07-27T04:30:00Z,2026-07-27T06:30:00+0200,136.141,MW,NL,NL,actual_onshore_wind_generation,Wind Onshore | Actual Aggregated,2026-08-02T23:51:38Z
2026-08-02T23:49:28Z,2026-08-03T01:49:28+0200,65d3fff1-7125-472d-bbc3-1b240f9c8d5b,2026-07-27T04:30:00Z,2026-07-27T06:30:00+0200,0.0,MW,NL,NL,actual_onshore_wind_generation,Wind Onshore | Actual Consumption,2026-08-02T23:51:38Z
2026-08-02T23:49:28Z,2026-08-03T01:49:28+0200,65d3fff1-7125-472d-bbc3-1b240f9c8d5b,2026-07-27T04:45:00Z,2026-07-27T06:45:00+0200,118.034,MW,NL,NL,actual_onshore_wind_generation,Wind Onshore | Actual Aggregated,2026-08-02T23:51:38Z
2026-08-02T23:49:28Z,2026-08-03T01:49:28+0200,65d3fff1-7125-472d-bbc3-1b240f9c8d5b,2026-07-27T04:45:00Z,2026-07-27T06:45:00+0200,0.0,MW,NL,NL,actual_onshore_wind_generation,Wind Onshore | Actual Consumption,2026-08-02T23:51:38Z
2026-08-02T23:49:28Z,2026-08-03T01:49:28+0200,65d3fff1-7125-472d-bbc3-1b240f9c8d5b,2026-07-27T05:00:00Z,2026-07-27T07:00:00+0200,95.599,MW,NL,NL,actual_onshore_wind_generation,Wind Onshore | Actual Aggregated,2026-08-02T23:51:38Z
2026-08-02T23:49:28Z,2026-08-03T01:49:28+0200,65d3fff1-7125-472d-bbc3-1b240f9c8d5b,2026-07-27T05:00:00Z,2026-07-27T07:00:00+0200,0.0,MW,NL,NL,actual_onshore_wind_generation,Wind Onshore | Actual Consumption,2026-08-02T23:51:38Z
2026-08-02T23:49:28Z,2026-08-03T01:49:28+0200,65d3fff1-7125-472d-bbc3-1b240f9c8d5b,2026-07-27T05:15:00Z,2026-07-27T07:15:00+0200,81.698,MW,NL,NL,actual_onshore_wind_generation,Wind Onshore | Actual Aggregated,2026-08-02T23:51:38Z
2026-08-02T23:49:28Z,2026-08-03T01:49:28+0200,65d3fff1-7125-472d-bbc3-1b240f9c8d5b,2026-07-27T05:15:00Z,2026-07-27T07:15:00+0200,0.0,MW,NL,NL,actual_onshore_wind_generation,Wind Onshore | Actual Consumption,2026-08-02T23:51:38Z
2026-08-02T23:49:28Z,2026-08-03T01:49:28+0200,65d3fff1-7125-472d-bbc3-1b240f9c8d5b,2026-07-27T05:30:00Z,2026-07-27T07:30:00+0200,72.448,MW,NL,NL,actual_onshore_wind_generation,Wind Onshore | Actual Aggregated,2026-08-02T23:51:38Z
2026-08-02T23:49:28Z,2026-08-03T01:49:28+0200,65d3fff1-7125-472d-bbc3-1b240f9c8d5b,2026-07-27T05:30:00Z,2026-07-27T07:30:00+0200,0.0,MW,NL,NL,actual_onshore_wind_generation,Wind Onshore | Actual Consumption,2026-08-02T23:51:38Z
2026-08-02T23:49:28Z,2026-08-03T01:49:28+0200,65d3fff1-7125-472d-bbc3-1b240f9c8d5b,2026-07-27T05:45:00Z,2026-07-27T07:45:00+0200,67.923,MW,NL,NL,actual_onshore_wind_generation,Wind Onshore | Actual Aggregated,2026-08-02T23:51:38Z
2026-08-02T23:49:28Z,2026-08-03T01:49:28+0200,65d3fff1-7125-472d-bbc3-1b240f9c8d5b,2026-07-27T05:45:00Z,2026-07-27T07:45:00+0200,1.513,MW,NL,NL,actual_onshore_wind_generation,Wind Onshore | Actual Consumption,2026-08-02T23:51:38Z
2026-08-02T23:49:28Z,2026-08-03T01:49:28+0200,65d3fff1-7125-472d-bbc3-1b240f9c8d5b,2026-07-27T06:00:00Z,2026-07-27T08:00:00+0200,53.824,MW,NL,NL,actual_onshore_wind_generation,Wind Onshore | Actual Aggregated,2026-08-02T23:51:38Z
2026-08-02T23:49:28Z,2026-08-03T01:49:28+0200,65d3fff1-7125-472d-bbc3-1b240f9c8d5b,2026-07-27T06:00:00Z,2026-07-27T08:00:00+0200,0.767,MW,NL,NL,actual_onshore_wind_generation,Wind Onshore | Actual Consumption,2026-08-02T23:51:38Z
2026-08-02T23:49:28Z,2026-08-03T01:49:28+0200,65d3fff1-7125-472d-bbc3-1b240f9c8d5b,2026-07-27T06:15:00Z,2026-07-27T08:15:00+0200,66.371,MW,NL,NL,actual_onshore_wind_generation,Wind Onshore | Actual Aggregated,2026-08-02T23:51:38Z
2026-08-02T23:49:28Z,2026-08-03T01:49:28+0200,65d3fff1-7125-472d-bbc3-1b240f9c8d5b,2026-07-27T06:15:00Z,2026-07-27T08:15:00+0200,1.106,MW,NL,NL,actual_onshore_wind_generation,Wind Onshore | Actual Consumption,2026-08-02T23:51:38Z
2026-08-02T23:49:28Z,2026-08-03T01:49:28+0200,65d3fff1-7125-472d-bbc3-1b240f9c8d5b,2026-07-27T06:30:00Z,2026-07-27T08:30:00+0200,82.482,MW,NL,NL,actual_onshore_wind_generation,Wind Onshore | Actual Aggregated,2026-08-02T23:51:38Z
2026-08-02T23:49:28Z,2026-08-03T01:49:28+0200,65d3fff1-7125-472d-bbc3-1b240f9c8d5b,2026-07-27T06:30:00Z,2026-07-27T08:30:00+0200,2.619,MW,NL,NL,actual_onshore_wind_generation,Wind Onshore | Actual Consumption,2026-08-02T23:51:38Z
2026-08-02T23:49:28Z,2026-08-03T01:49:28+0200,65d3fff1-7125-472d-bbc3-1b240f9c8d5b,2026-07-27T06:45:00Z,2026-07-27T08:45:00+0200,47.879,MW,NL,NL,actual_onshore_wind_generation,Wind Onshore | Actual Aggregated,2026-08-02T23:51:38Z
2026-08-02T23:49:28Z,2026-08-03T01:49:28+0200,65d3fff1-7125-472d-bbc3-1b240f9c8d5b,2026-07-27T06:45:00Z,2026-07-27T08:45:00+0200,2.154,MW,NL,NL,actual_onshore_wind_generation,Wind Onshore | Actual Consumption,2026-08-02T23:51:38Z
2026-08-02T23:49:28Z,2026-08-03T01:49:28+0200,65d3fff1-7125-472d-bbc3-1b240f9c8d5b,2026-07-27T07:00:00Z,2026-07-27T09:00:00+0200,40.989,MW,NL,NL,actual_onshore_wind_generation,Wind Onshore | Actual Aggregated,2026-08-02T23:51:38Z
2026-08-02T23:49:28Z,2026-08-03T01:49:28+0200,65d3fff1-7125-472d-bbc3-1b240f9c8d5b,2026-07-27T07:00:00Z,2026-07-27T09:00:00+0200,1.025,MW,NL,NL,actual_onshore_wind_generation,Wind Onshore | Actual Consumption,2026-08-02T23:51:38Z
2026-08-02T23:49:28Z,2026-08-03T01:49:28+0200,65d3fff1-7125-472d-bbc3-1b240f9c8d5b,2026-07-27T07:15:00Z,2026-07-27T09:15:00+0200,43.267,MW,NL,NL,actual_onshore_wind_generation,Wind Onshore | Actual Aggregated,2026-08-02T23:51:38Z
2026-08-02T23:49:28Z,2026-08-03T01:49:28+0200,65d3fff1-7125-472d-bbc3-1b240f9c8d5b,2026-07-27T07:15:00Z,2026-07-27T09:15:00+0200,1.497,MW,NL,NL,actual_onshore_wind_generation,Wind Onshore | Actual Consumption,2026-08-02T23:51:38Z
2026-08-02T23:49:28Z,2026-08-03T01:49:28+0200,65d3fff1-7125-472d-bbc3-1b240f9c8d5b,2026-07-27T07:30:00Z,2026-07-27T09:30:00+0200,36.7,MW,NL,NL,actual_onshore_wind_generation,Wind Onshore | Actual Aggregated,2026-08-02T23:51:38Z
2026-08-02T23:49:28Z,2026-08-03T01:49:28+0200,65d3fff1-7125-472d-bbc3-1b240f9c8d5b,2026-07-27T07:30:00Z,2026-07-27T09:30:00+0200,0.0,MW,NL,NL,actual_onshore_wind_generation,Wind Onshore | Actual Consumption,2026-08-02T23:51:38Z
2026-08-02T23:49:28Z,2026-08-03T01:49:28+0200,65d3fff1-7125-472d-bbc3-1b240f9c8d5b,2026-07-27T07:45:00Z,2026-07-27T09:45:00+0200,53.578,MW,NL,NL,actual_onshore_wind_generation,Wind Onshore | Actual Aggregated,2026-08-02T23:51:38Z
2026-08-02T23:49:28Z,2026-08-03T01:49:28+0200,65d3fff1-7125-472d-bbc3-1b240f9c8d5b,2026-07-27T07:45:00Z,2026-07-27T09:45:00+0200,0.0,MW,NL,NL,actual_onshore_wind_generation,Wind Onshore | Actual Consumption,2026-08-02T23:51:38Z
2026-08-02T23:49:28Z,2026-08-03T01:49:28+0200,65d3fff1-7125-472d-bbc3-1b240f9c8d5b,2026-07-27T08:00:00Z,2026-07-27T10:00:00+0200,73.972,MW,NL,NL,actual_onshore_wind_generation,Wind Onshore | Actual Aggregated,2026-08-02T23:51:38Z
2026-08-02T23:49:28Z,2026-08-03T01:49:28+0200,65d3fff1-7125-472d-bbc3-1b240f9c8d5b,2026-07-27T08:00:00Z,2026-07-27T10:00:00+0200,0.0,MW,NL,NL,actual_onshore_wind_generation,Wind Onshore | Actual Consumption,2026-08-02T23:51:38Z
2026-08-02T23:49:28Z,2026-08-03T01:49:28+0200,65d3fff1-7125-472d-bbc3-1b240f9c8d5b,2026-07-27T08:15:00Z,2026-07-27T10:15:00+0200,93.445,MW,NL,NL,actual_onshore_wind_generation,Wind Onshore | Actual Aggregated,2026-08-02T23:51:38Z
2026-08-02T23:49:28Z,2026-08-03T01:49:28+0200,65d3fff1-7125-472d-bbc3-1b240f9c8d5b,2026-07-27T08:15:00Z,2026-07-27T10:15:00+0200,0.0,MW,NL,NL,actual_onshore_wind_generation,Wind Onshore | Actual Consumption,2026-08-02T23:51:38Z
2026-08-02T23:49:28Z,2026-08-03T01:49:28+0200,65d3fff1-7125-472d-bbc3-1b240f9c8d5b,2026-07-27T08:30:00Z,2026-07-27T10:30:00+0200,120.487,MW,NL,NL,actual_onshore_wind_generation,Wind Onshore | Actual Aggregated,2026-08-02T23:51:38Z
2026-08-02T23:49:28Z,2026-08-03T01:49:28+0200,65d3fff1-7125-472d-bbc3-1b240f9c8d5b,2026-07-27T08:30:00Z,2026-07-27T10:30:00+0200,0.0,MW,NL,NL,actual_onshore_wind_generation,Wind Onshore | Actual Consumption,2026-08-02T23:51:38Z
2026-08-02T23:49:28Z,2026-08-03T01:49:28+0200,65d3fff1-7125-472d-bbc3-1b240f9c8d5b,2026-07-27T08:45:00Z,2026-07-27T10:45:00+0200,85.997,MW,NL,NL,actual_onshore_wind_generation,Wind Onshore | Actual Aggregated,2026-08-02T23:51:38Z
2026-08-02T23:49:28Z,2026-08-03T01:49:28+0200,65d3fff1-7125-472d-bbc3-1b240f9c8d5b,2026-07-27T08:45:00Z,2026-07-27T10:45:00+0200,0.477,MW,NL,NL,actual_onshore_wind_generation,Wind Onshore | Actual Consumption,2026-08-02T23:51:38Z
2026-08-02T23:49:28Z,2026-08-03T01:49:28+0200,65d3fff1-7125-472d-bbc3-1b240f9c8d5b,2026-07-27T09:00:00Z,2026-07-27T11:00:00+0200,76.327,MW,NL,NL,actual_onshore_wind_generation,Wind Onshore | Actual Aggregated,2026-08-02T23:51:38Z
2026-08-02T23:49:28Z,2026-08-03T01:49:28+0200,65d3fff1-7125-472d-bbc3-1b240f9c8d5b,2026-07-27T09:00:00Z,2026-07-27T11:00:00+0200,0.814,MW,NL,NL,actual_onshore_wind_generation,Wind Onshore | Actual Consumption,2026-08-02T23:51:38Z
2026-08-02T23:49:28Z,2026-08-03T01:49:28+0200,65d3fff1-7125-472d-bbc3-1b240f9c8d5b,2026-07-27T09:15:00Z,2026-07-27T11:15:00+0200,68.439,MW,NL,NL,actual_onshore_wind_generation,Wind Onshore | Actual Aggregated,2026-08-02T23:51:38Z
2026-08-02T23:49:28Z,2026-08-03T01:49:28+0200,65d3fff1-7125-472d-bbc3-1b240f9c8d5b,2026-07-27T09:15:00Z,2026-07-27T11:15:00+0200,2.855,MW,NL,NL,actual_onshore_wind_generation,Wind Onshore | Actual Consumption,2026-08-02T23:51:38Z
2026-08-02T23:49:28Z,2026-08-03T01:49:28+0200,65d3fff1-7125-472d-bbc3-1b240f9c8d5b,2026-07-27T09:30:00Z,2026-07-27T11:30:00+0200,78.543,MW,NL,NL,actual_onshore_wind_generation,Wind Onshore | Actual Aggregated,2026-08-02T23:51:38Z
2026-08-02T23:49:28Z,2026-08-03T01:49:28+0200,65d3fff1-7125-472d-bbc3-1b240f9c8d5b,2026-07-27T09:30:00Z,2026-07-27T11:30:00+0200,1.632,MW,NL,NL,actual_onshore_wind_generation,Wind Onshore | Actual Consumption,2026-08-02T23:51:38Z
2026-08-02T23:49:28Z,2026-08-03T01:49:28+0200,65d3fff1-7125-472d-bbc3-1b240f9c8d5b,2026-07-27T09:45:00Z,2026-07-27T11:45:00+0200,88.508,MW,NL,NL,actual_onshore_wind_generation,Wind Onshore | Actual Aggregated,2026-08-02T23:51:38Z
2026-08-02T23:49:28Z,2026-08-03T01:49:28+0200,65d3fff1-7125-472d-bbc3-1b240f9c8d5b,2026-07-27T09:45:00Z,2026-07-27T11:45:00+0200,3.209,MW,NL,NL,actual_onshore_wind_generation,Wind Onshore | Actual Consumption,2026-08-02T23:51:38Z
2026-08-02T23:49:28Z,2026-08-03T01:49:28+0200,65d3fff1-7125-472d-bbc3-1b240f9c8d5b,2026-07-27T10:00:00Z,2026-07-27T12:00:00+0200,97.056,MW,NL,NL,actual_onshore_wind_generation,Wind Onshore | Actual Aggregated,2026-08-02T23:51:38Z
2026-08-02T23:49:28Z,2026-08-03T01:49:28+0200,65d3fff1-7125-472d-bbc3-1b240f9c8d5b,2026-07-27T10:00:00Z,2026-07-27T12:00:00+0200,1.485,MW,NL,NL,actual_onshore_wind_generation,Wind Onshore | Actual Consumption,2026-08-02T23:51:38Z
2026-08-02T23:49:28Z,2026-08-03T01:49:28+0200,65d3fff1-7125-472d-bbc3-1b240f9c8d5b,2026-07-27T10:15:00Z,2026-07-27T12:15:00+0200,138.524,MW,NL,NL,actual_onshore_wind_generation,Wind Onshore | Actual Aggregated,2026-08-02T23:51:38Z
2026-08-02T23:49:28Z,2026-08-03T01:49:28+0200,65d3fff1-7125-472d-bbc3-1b240f9c8d5b,2026-07-27T10:15:00Z,2026-07-27T12:15:00+0200,0.499,MW,NL,NL,actual_onshore_wind_generation,Wind Onshore | Actual Consumption,2026-08-02T23:51:38Z
2026-08-02T23:49:28Z,2026-08-03T01:49:28+0200,65d3fff1-7125-472d-bbc3-1b240f9c8d5b,2026-07-27T10:30:00Z,2026-07-27T12:30:00+0200,150.551,MW,NL,NL,actual_onshore_wind_generation,Wind Onshore | Actual Aggregated,2026-08-02T23:51:38Z
2026-08-02T23:49:28Z,2026-08-03T01:49:28+0200,65d3fff1-7125-472d-bbc3-1b240f9c8d5b,2026-07-27T10:30:00Z,2026-07-27T12:30:00+0200,0.0,MW,NL,NL,actual_onshore_wind_generation,Wind Onshore | Actual Consumption,2026-08-02T23:51:38Z
2026-08-02T23:49:28Z,2026-08-03T01:49:28+0200,65d3fff1-7125-472d-bbc3-1b240f9c8d5b,2026-07-27T10:45:00Z,2026-07-27T12:45:00+0200,146.499,MW,NL,NL,actual_onshore_wind_generation,Wind Onshore | Actual Aggregated,2026-08-02T23:51:38Z
2026-08-02T23:49:28Z,2026-08-03T01:49:28+0200,65d3fff1-7125-472d-bbc3-1b240f9c8d5b,2026-07-27T10:45:00Z,2026-07-27T12:45:00+0200,0.0,MW,NL,NL,actual_onshore_wind_generation,Wind Onshore | Actual Consumption,2026-08-02T23:51:38Z
2026-08-02T23:49:28Z,2026-08-03T01:49:28+0200,65d3fff1-7125-472d-bbc3-1b240f9c8d5b,2026-07-27T11:00:00Z,2026-07-27T13:00:00+0200,182.5,MW,NL,NL,actual_onshore_wind_generation,Wind Onshore | Actual Aggregated,2026-08-02T23:51:38Z
2026-08-02T23:49:28Z,2026-08-03T01:49:28+0200,65d3fff1-7125-472d-bbc3-1b240f9c8d5b,2026-07-27T11:00:00Z,2026-07-27T13:00:00+0200,0.0,MW,NL,NL,actual_onshore_wind_generation,Wind Onshore | Actual Consumption,2026-08-02T23:51:38Z
2026-08-02T23:49:28Z,2026-08-03T01:49:28+0200,65d3fff1-7125-472d-bbc3-1b240f9c8d5b,2026-07-27T11:15:00Z,2026-07-27T13:15:00+0200,254.684,MW,NL,NL,actual_onshore_wind_generation,Wind Onshore | Actual Aggregated,2026-08-02T23:51:38Z
2026-08-02T23:49:28Z,2026-08-03T01:49:28+0200,65d3fff1-7125-472d-bbc3-1b240f9c8d5b,2026-07-27T11:15:00Z,2026-07-27T13:15:00+0200,0.0,MW,NL,NL,actual_onshore_wind_generation,Wind Onshore | Actual Consumption,2026-08-02T23:51:38Z
2026-08-02T23:49:28Z,2026-08-03T01:49:28+0200,65d3fff1-7125-472d-bbc3-1b240f9c8d5b,2026-07-27T11:30:00Z,2026-07-27T13:30:00+0200,314.103,MW,NL,NL,actual_onshore_wind_generation,Wind Onshore | Actual Aggregated,2026-08-02T23:51:38Z
2026-08-02T23:49:28Z,2026-08-03T01:49:28+0200,65d3fff1-7125-472d-bbc3-1b240f9c8d5b,2026-07-27T11:30:00Z,2026-07-27T13:30:00+0200,0.0,MW,NL,NL,actual_onshore_wind_generation,Wind Onshore | Actual Consumption,2026-08-02T23:51:38Z
2026-08-02T23:49:28Z,2026-08-03T01:49:28+0200,65d3fff1-7125-472d-bbc3-1b240f9c8d5b,2026-07-27T11:45:00Z,2026-07-27T13:45:00+0200,290.424,MW,NL,NL,actual_onshore_wind_generation,Wind Onshore | Actual Aggregated,2026-08-02T23:51:38Z
2026-08-02T23:49:28Z,2026-08-03T01:49:28+0200,65d3fff1-7125-472d-bbc3-1b240f9c8d5b,2026-07-27T11:45:00Z,2026-07-27T13:45:00+0200,0.0,MW,NL,NL,actual_onshore_wind_generation,Wind Onshore | Actual Consumption,2026-08-02T23:51:38Z
2026-08-02T23:49:28Z,2026-08-03T01:49:28+0200,65d3fff1-7125-472d-bbc3-1b240f9c8d5b,2026-07-27T12:00:00Z,2026-07-27T14:00:00+0200,258.106,MW,NL,NL,actual_onshore_wind_generation,Wind Onshore | Actual Aggregated,2026-08-02T23:51:38Z
2026-08-02T23:49:28Z,2026-08-03T01:49:28+0200,65d3fff1-7125-472d-bbc3-1b240f9c8d5b,2026-07-27T12:00:00Z,2026-07-27T14:00:00+0200,0.0,MW,NL,NL,actual_onshore_wind_generation,Wind Onshore | Actual Consumption,2026-08-02T23:51:38Z
2026-08-02T23:49:28Z,2026-08-03T01:49:28+0200,65d3fff1-7125-472d-bbc3-1b240f9c8d5b,2026-07-27T12:15:00Z,2026-07-27T14:15:00+0200,269.622,MW,NL,NL,actual_onshore_wind_generation,Wind Onshore | Actual Aggregated,2026-08-02T23:51:38Z
2026-08-02T23:49:28Z,2026-08-03T01:49:28+0200,65d3fff1-7125-472d-bbc3-1b240f9c8d5b,2026-07-27T12:15:00Z,2026-07-27T14:15:00+0200,0.0,MW,NL,NL,actual_onshore_wind_generation,Wind Onshore | Actual Consumption,2026-08-02T23:51:38Z
2026-08-02T23:49:28Z,2026-08-03T01:49:28+0200,65d3fff1-7125-472d-bbc3-1b240f9c8d5b,2026-07-27T12:30:00Z,2026-07-27T14:30:00+0200,286.55,MW,NL,NL,actual_onshore_wind_generation,Wind Onshore | Actual Aggregated,2026-08-02T23:51:38Z
2026-08-02T23:49:28Z,2026-08-03T01:49:28+0200,65d3fff1-7125-472d-bbc3-1b240f9c8d5b,2026-07-27T12:30:00Z,2026-07-27T14:30:00+0200,0.0,MW,NL,NL,actual_onshore_wind_generation,Wind Onshore | Actual Consumption,2026-08-02T23:51:38Z
2026-08-02T23:49:28Z,2026-08-03T01:49:28+0200,65d3fff1-7125-472d-bbc3-1b240f9c8d5b,2026-07-27T12:45:00Z,2026-07-27T14:45:00+0200,271.024,MW,NL,NL,actual_onshore_wind_generation,Wind Onshore | Actual Aggregated,2026-08-02T23:51:38Z
2026-08-02T23:49:28Z,2026-08-03T01:49:28+0200,65d3fff1-7125-472d-bbc3-1b240f9c8d5b,2026-07-27T12:45:00Z,2026-07-27T14:45:00+0200,0.0,MW,NL,NL,actual_onshore_wind_generation,Wind Onshore | Actual Consumption,2026-08-02T23:51:38Z
2026-08-02T23:49:28Z,2026-08-03T01:49:28+0200,65d3fff1-7125-472d-bbc3-1b240f9c8d5b,2026-07-27T13:00:00Z,2026-07-27T15:00:00+0200,232.296,MW,NL,NL,actual_onshore_wind_generation,Wind Onshore | Actual Aggregated,2026-08-02T23:51:38Z
2026-08-02T23:49:28Z,2026-08-03T01:49:28+0200,65d3fff1-7125-472d-bbc3-1b240f9c8d5b,2026-07-27T13:00:00Z,2026-07-27T15:00:00+0200,0.0,MW,NL,NL,actual_onshore_wind_generation,Wind Onshore | Actual Consumption,2026-08-02T23:51:38Z
2026-08-02T23:49:28Z,2026-08-03T01:49:28+0200,65d3fff1-7125-472d-bbc3-1b240f9c8d5b,2026-07-27T13:15:00Z,2026-07-27T15:15:00+0200,204.677,MW,NL,NL,actual_onshore_wind_generation,Wind Onshore | Actual Aggregated,2026-08-02T23:51:38Z
2026-08-02T23:49:28Z,2026-08-03T01:49:28+0200,65d3fff1-7125-472d-bbc3-1b240f9c8d5b,2026-07-27T13:15:00Z,2026-07-27T15:15:00+0200,0.0,MW,NL,NL,actual_onshore_wind_generation,Wind Onshore | Actual Consumption,2026-08-02T23:51:38Z
2026-08-02T23:49:28Z,2026-08-03T01:49:28+0200,65d3fff1-7125-472d-bbc3-1b240f9c8d5b,2026-07-27T13:30:00Z,2026-07-27T15:30:00+0200,175.214,MW,NL,NL,actual_onshore_wind_generation,Wind Onshore | Actual Aggregated,2026-08-02T23:51:38Z
2026-08-02T23:49:28Z,2026-08-03T01:49:28+0200,65d3fff1-7125-472d-bbc3-1b240f9c8d5b,2026-07-27T13:30:00Z,2026-07-27T15:30:00+0200,2.305,MW,NL,NL,actual_onshore_wind_generation,Wind Onshore | Actual Consumption,2026-08-02T23:51:38Z
2026-08-02T23:49:28Z,2026-08-03T01:49:28+0200,65d3fff1-7125-472d-bbc3-1b240f9c8d5b,2026-07-27T13:45:00Z,2026-07-27T15:45:00+0200,171.956,MW,NL,NL,actual_onshore_wind_generation,Wind Onshore | Actual Aggregated,2026-08-02T23:51:38Z
2026-08-02T23:49:28Z,2026-08-03T01:49:28+0200,65d3fff1-7125-472d-bbc3-1b240f9c8d5b,2026-07-27T13:45:00Z,2026-07-27T15:45:00+0200,3.51,MW,NL,NL,actual_onshore_wind_generation,Wind Onshore | Actual Consumption,2026-08-02T23:51:38Z
2026-08-02T23:49:28Z,2026-08-03T01:49:28+0200,65d3fff1-7125-472d-bbc3-1b240f9c8d5b,2026-07-27T14:00:00Z,2026-07-27T16:00:00+0200,157.791,MW,NL,NL,actual_onshore_wind_generation,Wind Onshore | Actual Aggregated,2026-08-02T23:51:38Z
2026-08-02T23:49:28Z,2026-08-03T01:49:28+0200,65d3fff1-7125-472d-bbc3-1b240f9c8d5b,2026-07-27T14:00:00Z,2026-07-27T16:00:00+0200,3.287,MW,NL,NL,actual_onshore_wind_generation,Wind Onshore | Actual Consumption,2026-08-02T23:51:38Z
2026-08-02T23:49:28Z,2026-08-03T01:49:28+0200,65d3fff1-7125-472d-bbc3-1b240f9c8d5b,2026-07-27T14:15:00Z,2026-07-27T16:15:00+0200,172.468,MW,NL,NL,actual_onshore_wind_generation,Wind Onshore | Actual Aggregated,2026-08-02T23:51:38Z
2026-08-02T23:49:28Z,2026-08-03T01:49:28+0200,65d3fff1-7125-472d-bbc3-1b240f9c8d5b,2026-07-27T14:15:00Z,2026-07-27T16:15:00+0200,0.0,MW,NL,NL,actual_onshore_wind_generation,Wind Onshore | Actual Consumption,2026-08-02T23:51:38Z
2026-08-02T23:49:28Z,2026-08-03T01:49:28+0200,65d3fff1-7125-472d-bbc3-1b240f9c8d5b,2026-07-27T14:30:00Z,2026-07-27T16:30:00+0200,166.76,MW,NL,NL,actual_onshore_wind_generation,Wind Onshore | Actual Aggregated,2026-08-02T23:51:38Z
2026-08-02T23:49:28Z,2026-08-03T01:49:28+0200,65d3fff1-7125-472d-bbc3-1b240f9c8d5b,2026-07-27T14:30:00Z,2026-07-27T16:30:00+0200,0.0,MW,NL,NL,actual_onshore_wind_generation,Wind Onshore | Actual Consumption,2026-08-02T23:51:38Z
2026-08-02T23:49:28Z,2026-08-03T01:49:28+0200,65d3fff1-7125-472d-bbc3-1b240f9c8d5b,2026-07-27T14:45:00Z,2026-07-27T16:45:00+0200,172.945,MW,NL,NL,actual_onshore_wind_generation,Wind Onshore | Actual Aggregated,2026-08-02T23:51:38Z
2026-08-02T23:49:28Z,2026-08-03T01:49:28+0200,65d3fff1-7125-472d-bbc3-1b240f9c8d5b,2026-07-27T14:45:00Z,2026-07-27T16:45:00+0200,0.0,MW,NL,NL,actual_onshore_wind_generation,Wind Onshore | Actual Consumption,2026-08-02T23:51:38Z
2026-08-02T23:49:28Z,2026-08-03T01:49:28+0200,65d3fff1-7125-472d-bbc3-1b240f9c8d5b,2026-07-27T15:00:00Z,2026-07-27T17:00:00+0200,184.695,MW,NL,NL,actual_onshore_wind_generation,Wind Onshore | Actual Aggregated,2026-08-02T23:51:38Z
2026-08-02T23:49:28Z,2026-08-03T01:49:28+0200,65d3fff1-7125-472d-bbc3-1b240f9c8d5b,2026-07-27T15:00:00Z,2026-07-27T17:00:00+0200,0.0,MW,NL,NL,actual_onshore_wind_generation,Wind Onshore | Actual Consumption,2026-08-02T23:51:38Z
2026-08-02T23:49:28Z,2026-08-03T01:49:28+0200,65d3fff1-7125-472d-bbc3-1b240f9c8d5b,2026-07-27T15:15:00Z,2026-07-27T17:15:00+0200,180.355,MW,NL,NL,actual_onshore_wind_generation,Wind Onshore | Actual Aggregated,2026-08-02T23:51:38Z
2026-08-02T23:49:28Z,2026-08-03T01:49:28+0200,65d3fff1-7125-472d-bbc3-1b240f9c8d5b,2026-07-27T15:15:00Z,2026-07-27T17:15:00+0200,0.0,MW,NL,NL,actual_onshore_wind_generation,Wind Onshore | Actual Consumption,2026-08-02T23:51:38Z
2026-08-02T23:49:28Z,2026-08-03T01:49:28+0200,65d3fff1-7125-472d-bbc3-1b240f9c8d5b,2026-07-27T15:30:00Z,2026-07-27T17:30:00+0200,196.572,MW,NL,NL,actual_onshore_wind_generation,Wind Onshore | Actual Aggregated,2026-08-02T23:51:38Z
2026-08-02T23:49:28Z,2026-08-03T01:49:28+0200,65d3fff1-7125-472d-bbc3-1b240f9c8d5b,2026-07-27T15:30:00Z,2026-07-27T17:30:00+0200,0.0,MW,NL,NL,actual_onshore_wind_generation,Wind Onshore | Actual Consumption,2026-08-02T23:51:38Z
2026-08-02T23:49:28Z,2026-08-03T01:49:28+0200,65d3fff1-7125-472d-bbc3-1b240f9c8d5b,2026-07-27T15:45:00Z,2026-07-27T17:45:00+0200,218.156,MW,NL,NL,actual_onshore_wind_generation,Wind Onshore | Actual Aggregated,2026-08-02T23:51:38Z
2026-08-02T23:49:28Z,2026-08-03T01:49:28+0200,65d3fff1-7125-472d-bbc3-1b240f9c8d5b,2026-07-27T15:45:00Z,2026-07-27T17:45:00+0200,0.0,MW,NL,NL,actual_onshore_wind_generation,Wind Onshore | Actual Consumption,2026-08-02T23:51:38Z
2026-08-02T23:49:28Z,2026-08-03T01:49:28+0200,65d3fff1-7125-472d-bbc3-1b240f9c8d5b,2026-07-27T16:00:00Z,2026-07-27T18:00:00+0200,230.069,MW,NL,NL,actual_onshore_wind_generation,Wind Onshore | Actual Aggregated,2026-08-02T23:51:38Z
2026-08-02T23:49:28Z,2026-08-03T01:49:28+0200,65d3fff1-7125-472d-bbc3-1b240f9c8d5b,2026-07-27T16:00:00Z,2026-07-27T18:00:00+0200,0.0,MW,NL,NL,actual_onshore_wind_generation,Wind Onshore | Actual Consumption,2026-08-02T23:51:38Z
2026-08-02T23:49:28Z,2026-08-03T01:49:28+0200,65d3fff1-7125-472d-bbc3-1b240f9c8d5b,2026-07-27T16:15:00Z,2026-07-27T18:15:00+0200,210.189,MW,NL,NL,actual_onshore_wind_generation,Wind Onshore | Actual Aggregated,2026-08-02T23:51:38Z
2026-08-02T23:49:28Z,2026-08-03T01:49:28+0200,65d3fff1-7125-472d-bbc3-1b240f9c8d5b,2026-07-27T16:15:00Z,2026-07-27T18:15:00+0200,0.0,MW,NL,NL,actual_onshore_wind_generation,Wind Onshore | Actual Consumption,2026-08-02T23:51:38Z
2026-08-02T23:49:28Z,2026-08-03T01:49:28+0200,65d3fff1-7125-472d-bbc3-1b240f9c8d5b,2026-07-27T16:30:00Z,2026-07-27T18:30:00+0200,186.541,MW,NL,NL,actual_onshore_wind_generation,Wind Onshore | Actual Aggregated,2026-08-02T23:51:38Z
2026-08-02T23:49:28Z,2026-08-03T01:49:28+0200,65d3fff1-7125-472d-bbc3-1b240f9c8d5b,2026-07-27T16:30:00Z,2026-07-27T18:30:00+0200,0.0,MW,NL,NL,actual_onshore_wind_generation,Wind Onshore | Actual Consumption,2026-08-02T23:51:38Z
2026-08-02T23:49:28Z,2026-08-03T01:49:28+0200,65d3fff1-7125-472d-bbc3-1b240f9c8d5b,2026-07-27T16:45:00Z,2026-07-27T18:45:00+0200,152.896,MW,NL,NL,actual_onshore_wind_generation,Wind Onshore | Actual Aggregated,2026-08-02T23:51:38Z
2026-08-02T23:49:28Z,2026-08-03T01:49:28+0200,65d3fff1-7125-472d-bbc3-1b240f9c8d5b,2026-07-27T16:45:00Z,2026-07-27T18:45:00+0200,0.0,MW,NL,NL,actual_onshore_wind_generation,Wind Onshore | Actual Consumption,2026-08-02T23:51:38Z
2026-08-02T23:49:28Z,2026-08-03T01:49:28+0200,65d3fff1-7125-472d-bbc3-1b240f9c8d5b,2026-07-27T17:00:00Z,2026-07-27T19:00:00+0200,146.31,MW,NL,NL,actual_onshore_wind_generation,Wind Onshore | Actual Aggregated,2026-08-02T23:51:38Z
2026-08-02T23:49:28Z,2026-08-03T01:49:28+0200,65d3fff1-7125-472d-bbc3-1b240f9c8d5b,2026-07-27T17:00:00Z,2026-07-27T19:00:00+0200,0.0,MW,NL,NL,actual_onshore_wind_generation,Wind Onshore | Actual Consumption,2026-08-02T23:51:38Z
2026-08-02T23:49:28Z,2026-08-03T01:49:28+0200,65d3fff1-7125-472d-bbc3-1b240f9c8d5b,2026-07-27T17:15:00Z,2026-07-27T19:15:00+0200,142.889,MW,NL,NL,actual_onshore_wind_generation,Wind Onshore | Actual Aggregated,2026-08-02T23:51:38Z
2026-08-02T23:49:28Z,2026-08-03T01:49:28+0200,65d3fff1-7125-472d-bbc3-1b240f9c8d5b,2026-07-27T17:15:00Z,2026-07-27T19:15:00+0200,0.0,MW,NL,NL,actual_onshore_wind_generation,Wind Onshore | Actual Consumption,2026-08-02T23:51:38Z
2026-08-02T23:49:28Z,2026-08-03T01:49:28+0200,65d3fff1-7125-472d-bbc3-1b240f9c8d5b,2026-07-27T17:30:00Z,2026-07-27T19:30:00+0200,143.19,MW,NL,NL,actual_onshore_wind_generation,Wind Onshore | Actual Aggregated,2026-08-02T23:51:38Z
2026-08-02T23:49:28Z,2026-08-03T01:49:28+0200,65d3fff1-7125-472d-bbc3-1b240f9c8d5b,2026-07-27T17:30:00Z,2026-07-27T19:30:00+0200,0.0,MW,NL,NL,actual_onshore_wind_generation,Wind Onshore | Actual Consumption,2026-08-02T23:51:38Z
2026-08-02T23:49:28Z,2026-08-03T01:49:28+0200,65d3fff1-7125-472d-bbc3-1b240f9c8d5b,2026-07-27T17:45:00Z,2026-07-27T19:45:00+0200,149.766,MW,NL,NL,actual_onshore_wind_generation,Wind Onshore | Actual Aggregated,2026-08-02T23:51:38Z
2026-08-02T23:49:28Z,2026-08-03T01:49:28+0200,65d3fff1-7125-472d-bbc3-1b240f9c8d5b,2026-07-27T17:45:00Z,2026-07-27T19:45:00+0200,0.0,MW,NL,NL,actual_onshore_wind_generation,Wind Onshore | Actual Consumption,2026-08-02T23:51:38Z
2026-08-02T23:49:28Z,2026-08-03T01:49:28+0200,65d3fff1-7125-472d-bbc3-1b240f9c8d5b,2026-07-27T18:00:00Z,2026-07-27T20:00:00+0200,181.299,MW,NL,NL,actual_onshore_wind_generation,Wind Onshore | Actual Aggregated,2026-08-02T23:51:38Z
2026-08-02T23:49:28Z,2026-08-03T01:49:28+0200,65d3fff1-7125-472d-bbc3-1b240f9c8d5b,2026-07-27T18:00:00Z,2026-07-27T20:00:00+0200,0.0,MW,NL,NL,actual_onshore_wind_generation,Wind Onshore | Actual Consumption,2026-08-02T23:51:38Z
2026-08-02T23:49:28Z,2026-08-03T01:49:28+0200,65d3fff1-7125-472d-bbc3-1b240f9c8d5b,2026-07-27T18:15:00Z,2026-07-27T20:15:00+0200,174.08,MW,NL,NL,actual_onshore_wind_generation,Wind Onshore | Actual Aggregated,2026-08-02T23:51:38Z
2026-08-02T23:49:28Z,2026-08-03T01:49:28+0200,65d3fff1-7125-472d-bbc3-1b240f9c8d5b,2026-07-27T18:15:00Z,2026-07-27T20:15:00+0200,0.0,MW,NL,NL,actual_onshore_wind_generation,Wind Onshore | Actual Consumption,2026-08-02T23:51:38Z
2026-08-02T23:49:28Z,2026-08-03T01:49:28+0200,65d3fff1-7125-472d-bbc3-1b240f9c8d5b,2026-07-27T18:30:00Z,2026-07-27T20:30:00+0200,157.163,MW,NL,NL,actual_onshore_wind_generation,Wind Onshore | Actual Aggregated,2026-08-02T23:51:38Z
2026-08-02T23:49:28Z,2026-08-03T01:49:28+0200,65d3fff1-7125-472d-bbc3-1b240f9c8d5b,2026-07-27T18:30:00Z,2026-07-27T20:30:00+0200,0.0,MW,NL,NL,actual_onshore_wind_generation,Wind Onshore | Actual Consumption,2026-08-02T23:51:38Z
2026-08-02T23:49:28Z,2026-08-03T01:49:28+0200,65d3fff1-7125-472d-bbc3-1b240f9c8d5b,2026-07-27T18:45:00Z,2026-07-27T20:45:00+0200,154.788,MW,NL,NL,actual_onshore_wind_generation,Wind Onshore | Actual Aggregated,2026-08-02T23:51:38Z
2026-08-02T23:49:28Z,2026-08-03T01:49:28+0200,65d3fff1-7125-472d-bbc3-1b240f9c8d5b,2026-07-27T18:45:00Z,2026-07-27T20:45:00+0200,0.0,MW,NL,NL,actual_onshore_wind_generation,Wind Onshore | Actual Consumption,2026-08-02T23:51:38Z
2026-08-02T23:49:28Z,2026-08-03T01:49:28+0200,65d3fff1-7125-472d-bbc3-1b240f9c8d5b,2026-07-27T19:00:00Z,2026-07-27T21:00:00+0200,176.134,MW,NL,NL,actual_onshore_wind_generation,Wind Onshore | Actual Aggregated,2026-08-02T23:51:38Z
2026-08-02T23:49:28Z,2026-08-03T01:49:28+0200,65d3fff1-7125-472d-bbc3-1b240f9c8d5b,2026-07-27T19:00:00Z,2026-07-27T21:00:00+0200,0.0,MW,NL,NL,actual_onshore_wind_generation,Wind Onshore | Actual Consumption,2026-08-02T23:51:38Z
2026-08-02T23:49:28Z,2026-08-03T01:49:28+0200,65d3fff1-7125-472d-bbc3-1b240f9c8d5b,2026-07-27T19:15:00Z,2026-07-27T21:15:00+0200,183.81,MW,NL,NL,actual_onshore_wind_generation,Wind Onshore | Actual Aggregated,2026-08-02T23:51:38Z
2026-08-02T23:49:28Z,2026-08-03T01:49:28+0200,65d3fff1-7125-472d-bbc3-1b240f9c8d5b,2026-07-27T19:15:00Z,2026-07-27T21:15:00+0200,0.0,MW,NL,NL,actual_onshore_wind_generation,Wind Onshore | Actual Consumption,2026-08-02T23:51:38Z
2026-08-02T23:49:28Z,2026-08-03T01:49:28+0200,65d3fff1-7125-472d-bbc3-1b240f9c8d5b,2026-07-27T19:30:00Z,2026-07-27T21:30:00+0200,194.386,MW,NL,NL,actual_onshore_wind_generation,Wind Onshore | Actual Aggregated,2026-08-02T23:51:38Z
2026-08-02T23:49:28Z,2026-08-03T01:49:28+0200,65d3fff1-7125-472d-bbc3-1b240f9c8d5b,2026-07-27T19:30:00Z,2026-07-27T21:30:00+0200,0.0,MW,NL,NL,actual_onshore_wind_generation,Wind Onshore | Actual Consumption,2026-08-02T23:51:38Z
2026-08-02T23:49:28Z,2026-08-03T01:49:28+0200,65d3fff1-7125-472d-bbc3-1b240f9c8d5b,2026-07-27T19:45:00Z,2026-07-27T21:45:00+0200,190.007,MW,NL,NL,actual_onshore_wind_generation,Wind Onshore | Actual Aggregated,2026-08-02T23:51:38Z
2026-08-02T23:49:28Z,2026-08-03T01:49:28+0200,65d3fff1-7125-472d-bbc3-1b240f9c8d5b,2026-07-27T19:45:00Z,2026-07-27T21:45:00+0200,0.0,MW,NL,NL,actual_onshore_wind_generation,Wind Onshore | Actual Consumption,2026-08-02T23:51:38Z
2026-08-02T23:49:28Z,2026-08-03T01:49:28+0200,65d3fff1-7125-472d-bbc3-1b240f9c8d5b,2026-07-27T20:00:00Z,2026-07-27T22:00:00+0200,194.579,MW,NL,NL,actual_onshore_wind_generation,Wind Onshore | Actual Aggregated,2026-08-02T23:51:38Z
2026-08-02T23:49:28Z,2026-08-03T01:49:28+0200,65d3fff1-7125-472d-bbc3-1b240f9c8d5b,2026-07-27T20:00:00Z,2026-07-27T22:00:00+0200,0.0,MW,NL,NL,actual_onshore_wind_generation,Wind Onshore | Actual Consumption,2026-08-02T23:51:38Z
2026-08-02T23:49:28Z,2026-08-03T01:49:28+0200,65d3fff1-7125-472d-bbc3-1b240f9c8d5b,2026-07-27T20:15:00Z,2026-07-27T22:15:00+0200,198.81,MW,NL,NL,actual_onshore_wind_generation,Wind Onshore | Actual Aggregated,2026-08-02T23:51:38Z
2026-08-02T23:49:28Z,2026-08-03T01:49:28+0200,65d3fff1-7125-472d-bbc3-1b240f9c8d5b,2026-07-27T20:15:00Z,2026-07-27T22:15:00+0200,0.0,MW,NL,NL,actual_onshore_wind_generation,Wind Onshore | Actual Consumption,2026-08-02T23:51:38Z
2026-08-02T23:49:28Z,2026-08-03T01:49:28+0200,65d3fff1-7125-472d-bbc3-1b240f9c8d5b,2026-07-27T20:30:00Z,2026-07-27T22:30:00+0200,208.168,MW,NL,NL,actual_onshore_wind_generation,Wind Onshore | Actual Aggregated,2026-08-02T23:51:38Z
2026-08-02T23:49:28Z,2026-08-03T01:49:28+0200,65d3fff1-7125-472d-bbc3-1b240f9c8d5b,2026-07-27T20:30:00Z,2026-07-27T22:30:00+0200,0.0,MW,NL,NL,actual_onshore_wind_generation,Wind Onshore | Actual Consumption,2026-08-02T23:51:38Z
2026-08-02T23:49:28Z,2026-08-03T01:49:28+0200,65d3fff1-7125-472d-bbc3-1b240f9c8d5b,2026-07-27T20:45:00Z,2026-07-27T22:45:00+0200,200.931,MW,NL,NL,actual_onshore_wind_generation,Wind Onshore | Actual Aggregated,2026-08-02T23:51:38Z
2026-08-02T23:49:28Z,2026-08-03T01:49:28+0200,65d3fff1-7125-472d-bbc3-1b240f9c8d5b,2026-07-27T20:45:00Z,2026-07-27T22:45:00+0200,0.0,MW,NL,NL,actual_onshore_wind_generation,Wind Onshore | Actual Consumption,2026-08-02T23:51:38Z
2026-08-02T23:49:28Z,2026-08-03T01:49:28+0200,65d3fff1-7125-472d-bbc3-1b240f9c8d5b,2026-07-27T21:00:00Z,2026-07-27T23:00:00+0200,188.109,MW,NL,NL,actual_onshore_wind_generation,Wind Onshore | Actual Aggregated,2026-08-02T23:51:38Z
2026-08-02T23:49:28Z,2026-08-03T01:49:28+0200,65d3fff1-7125-472d-bbc3-1b240f9c8d5b,2026-07-27T21:00:00Z,2026-07-27T23:00:00+0200,0.0,MW,NL,NL,actual_onshore_wind_generation,Wind Onshore | Actual Consumption,2026-08-02T23:51:38Z
2026-08-02T23:49:28Z,2026-08-03T01:49:28+0200,65d3fff1-7125-472d-bbc3-1b240f9c8d5b,2026-07-27T21:15:00Z,2026-07-27T23:15:00+0200,182.594,MW,NL,NL,actual_onshore_wind_generation,Wind Onshore | Actual Aggregated,2026-08-02T23:51:38Z
2026-08-02T23:49:28Z,2026-08-03T01:49:28+0200,65d3fff1-7125-472d-bbc3-1b240f9c8d5b,2026-07-27T21:15:00Z,2026-07-27T23:15:00+0200,0.0,MW,NL,NL,actual_onshore_wind_generation,Wind Onshore | Actual Consumption,2026-08-02T23:51:38Z
2026-08-02T23:49:28Z,2026-08-03T01:49:28+0200,65d3fff1-7125-472d-bbc3-1b240f9c8d5b,2026-07-27T21:30:00Z,2026-07-27T23:30:00+0200,181.966,MW,NL,NL,actual_onshore_wind_generation,Wind Onshore | Actual Aggregated,2026-08-02T23:51:38Z
2026-08-02T23:49:28Z,2026-08-03T01:49:28+0200,65d3fff1-7125-472d-bbc3-1b240f9c8d5b,2026-07-27T21:30:00Z,2026-07-27T23:30:00+0200,0.0,MW,NL,NL,actual_onshore_wind_generation,Wind Onshore | Actual Consumption,2026-08-02T23:51:38Z
2026-08-02T23:49:28Z,2026-08-03T01:49:28+0200,65d3fff1-7125-472d-bbc3-1b240f9c8d5b,2026-07-27T21:45:00Z,2026-07-27T23:45:00+0200,170.927,MW,NL,NL,actual_onshore_wind_generation,Wind Onshore | Actual Aggregated,2026-08-02T23:51:38Z
2026-08-02T23:49:28Z,2026-08-03T01:49:28+0200,65d3fff1-7125-472d-bbc3-1b240f9c8d5b,2026-07-27T21:45:00Z,2026-07-27T23:45:00+0200,0.0,MW,NL,NL,actual_onshore_wind_generation,Wind Onshore | Actual Consumption,2026-08-02T23:51:38Z
2026-08-02T23:49:28Z,2026-08-03T01:49:28+0200,65d3fff1-7125-472d-bbc3-1b240f9c8d5b,2026-07-27T22:00:00Z,2026-07-28T00:00:00+0200,167.739,MW,NL,NL,actual_onshore_wind_generation,Wind Onshore | Actual Aggregated,2026-08-02T23:51:38Z
2026-08-02T23:49:28Z,2026-08-03T01:49:28+0200,65d3fff1-7125-472d-bbc3-1b240f9c8d5b,2026-07-27T22:00:00Z,2026-07-28T00:00:00+0200,0.0,MW,NL,NL,actual_onshore_wind_generation,Wind Onshore | Actual Consumption,2026-08-02T23:51:38Z
2026-08-02T23:49:28Z,2026-08-03T01:49:28+0200,65d3fff1-7125-472d-bbc3-1b240f9c8d5b,2026-07-27T22:15:00Z,2026-07-28T00:15:00+0200,145.782,MW,NL,NL,actual_onshore_wind_generation,Wind Onshore | Actual Aggregated,2026-08-02T23:51:38Z
2026-08-02T23:49:28Z,2026-08-03T01:49:28+0200,65d3fff1-7125-472d-bbc3-1b240f9c8d5b,2026-07-27T22:15:00Z,2026-07-28T00:15:00+0200,0.0,MW,NL,NL,actual_onshore_wind_generation,Wind Onshore | Actual Consumption,2026-08-02T23:51:38Z
2026-08-02T23:49:28Z,2026-08-03T01:49:28+0200,65d3fff1-7125-472d-bbc3-1b240f9c8d5b,2026-07-27T22:30:00Z,2026-07-28T00:30:00+0200,152.713,MW,NL,NL,actual_onshore_wind_generation,Wind Onshore | Actual Aggregated,2026-08-02T23:51:38Z
2026-08-02T23:49:28Z,2026-08-03T01:49:28+0200,65d3fff1-7125-472d-bbc3-1b240f9c8d5b,2026-07-27T22:30:00Z,2026-07-28T00:30:00+0200,0.0,MW,NL,NL,actual_onshore_wind_generation,Wind Onshore | Actual Consumption,2026-08-02T23:51:38Z
2026-08-02T23:49:28Z,2026-08-03T01:49:28+0200,65d3fff1-7125-472d-bbc3-1b240f9c8d5b,2026-07-27T22:45:00Z,2026-07-28T00:45:00+0200,181.713,MW,NL,NL,actual_onshore_wind_generation,Wind Onshore | Actual Aggregated,2026-08-02T23:51:38Z
2026-08-02T23:49:28Z,2026-08-03T01:49:28+0200,65d3fff1-7125-472d-bbc3-1b240f9c8d5b,2026-07-27T22:45:00Z,2026-07-28T00:45:00+0200,0.0,MW,NL,NL,actual_onshore_wind_generation,Wind Onshore | Actual Consumption,2026-08-02T23:51:38Z
2026-08-02T23:49:28Z,2026-08-03T01:49:28+0200,65d3fff1-7125-472d-bbc3-1b240f9c8d5b,2026-07-27T23:00:00Z,2026-07-28T01:00:00+0200,185.839,MW,NL,NL,actual_onshore_wind_generation,Wind Onshore | Actual Aggregated,2026-08-02T23:51:38Z
2026-08-02T23:49:28Z,2026-08-03T01:49:28+0200,65d3fff1-7125-472d-bbc3-1b240f9c8d5b,2026-07-27T23:00:00Z,2026-07-28T01:00:00+0200,0.0,MW,NL,NL,actual_onshore_wind_generation,Wind Onshore | Actual Consumption,2026-08-02T23:51:38Z
2026-08-02T23:49:28Z,2026-08-03T01:49:28+0200,65d3fff1-7125-472d-bbc3-1b240f9c8d5b,2026-07-27T23:15:00Z,2026-07-28T01:15:00+0200,181.037,MW,NL,NL,actual_onshore_wind_generation,Wind Onshore | Actual Aggregated,2026-08-02T23:51:38Z
2026-08-02T23:49:28Z,2026-08-03T01:49:28+0200,65d3fff1-7125-472d-bbc3-1b240f9c8d5b,2026-07-27T23:15:00Z,2026-07-28T01:15:00+0200,0.0,MW,NL,NL,actual_onshore_wind_generation,Wind Onshore | Actual Consumption,2026-08-02T23:51:38Z
2026-08-02T23:49:28Z,2026-08-03T01:49:28+0200,65d3fff1-7125-472d-bbc3-1b240f9c8d5b,2026-07-27T23:30:00Z,2026-07-28T01:30:00+0200,175.039,MW,NL,NL,actual_onshore_wind_generation,Wind Onshore | Actual Aggregated,2026-08-02T23:51:38Z
2026-08-02T23:49:28Z,2026-08-03T01:49:28+0200,65d3fff1-7125-472d-bbc3-1b240f9c8d5b,2026-07-27T23:30:00Z,2026-07-28T01:30:00+0200,0.0,MW,NL,NL,actual_onshore_wind_generation,Wind Onshore | Actual Consumption,2026-08-02T23:51:38Z
2026-08-02T23:49:28Z,2026-08-03T01:49:28+0200,65d3fff1-7125-472d-bbc3-1b240f9c8d5b,2026-07-27T23:45:00Z,2026-07-28T01:45:00+0200,164.607,MW,NL,NL,actual_onshore_wind_generation,Wind Onshore | Actual Aggregated,2026-08-02T23:51:38Z
2026-08-02T23:49:28Z,2026-08-03T01:49:28+0200,65d3fff1-7125-472d-bbc3-1b240f9c8d5b,2026-07-27T23:45:00Z,2026-07-28T01:45:00+0200,0.0,MW,NL,NL,actual_onshore_wind_generation,Wind Onshore | Actual Consumption,2026-08-02T23:51:38Z
2026-08-02T23:49:28Z,2026-08-03T01:49:28+0200,65d3fff1-7125-472d-bbc3-1b240f9c8d5b,2026-07-28T00:00:00Z,2026-07-28T02:00:00+0200,182.77,MW,NL,NL,actual_onshore_wind_generation,Wind Onshore | Actual Aggregated,2026-08-02T23:51:38Z
2026-08-02T23:49:28Z,2026-08-03T01:49:28+0200,65d3fff1-7125-472d-bbc3-1b240f9c8d5b,2026-07-28T00:00:00Z,2026-07-28T02:00:00+0200,0.0,MW,NL,NL,actual_onshore_wind_generation,Wind Onshore | Actual Consumption,2026-08-02T23:51:38Z
2026-08-02T23:49:28Z,2026-08-03T01:49:28+0200,65d3fff1-7125-472d-bbc3-1b240f9c8d5b,2026-07-28T00:15:00Z,2026-07-28T02:15:00+0200,193.427,MW,NL,NL,actual_onshore_wind_generation,Wind Onshore | Actual Aggregated,2026-08-02T23:51:38Z
2026-08-02T23:49:28Z,2026-08-03T01:49:28+0200,65d3fff1-7125-472d-bbc3-1b240f9c8d5b,2026-07-28T00:15:00Z,2026-07-28T02:15:00+0200,0.0,MW,NL,NL,actual_onshore_wind_generation,Wind Onshore | Actual Consumption,2026-08-02T23:51:38Z
2026-08-02T23:49:28Z,2026-08-03T01:49:28+0200,65d3fff1-7125-472d-bbc3-1b240f9c8d5b,2026-07-28T00:30:00Z,2026-07-28T02:30:00+0200,205.863,MW,NL,NL,actual_onshore_wind_generation,Wind Onshore | Actual Aggregated,2026-08-02T23:51:38Z
2026-08-02T23:49:28Z,2026-08-03T01:49:28+0200,65d3fff1-7125-472d-bbc3-1b240f9c8d5b,2026-07-28T00:30:00Z,2026-07-28T02:30:00+0200,0.0,MW,NL,NL,actual_onshore_wind_generation,Wind Onshore | Actual Consumption,2026-08-02T23:51:38Z
2026-08-02T23:49:28Z,2026-08-03T01:49:28+0200,65d3fff1-7125-472d-bbc3-1b240f9c8d5b,2026-07-28T00:45:00Z,2026-07-28T02:45:00+0200,222.17,MW,NL,NL,actual_onshore_wind_generation,Wind Onshore | Actual Aggregated,2026-08-02T23:51:38Z
2026-08-02T23:49:28Z,2026-08-03T01:49:28+0200,65d3fff1-7125-472d-bbc3-1b240f9c8d5b,2026-07-28T00:45:00Z,2026-07-28T02:45:00+0200,0.0,MW,NL,NL,actual_onshore_wind_generation,Wind Onshore | Actual Consumption,2026-08-02T23:51:38Z
2026-08-02T23:49:28Z,2026-08-03T01:49:28+0200,65d3fff1-7125-472d-bbc3-1b240f9c8d5b,2026-07-28T01:00:00Z,2026-07-28T03:00:00+0200,225.286,MW,NL,NL,actual_onshore_wind_generation,Wind Onshore | Actual Aggregated,2026-08-02T23:51:38Z
2026-08-02T23:49:28Z,2026-08-03T01:49:28+0200,65d3fff1-7125-472d-bbc3-1b240f9c8d5b,2026-07-28T01:00:00Z,2026-07-28T03:00:00+0200,0.0,MW,NL,NL,actual_onshore_wind_generation,Wind Onshore | Actual Consumption,2026-08-02T23:51:38Z
2026-08-02T23:49:28Z,2026-08-03T01:49:28+0200,65d3fff1-7125-472d-bbc3-1b240f9c8d5b,2026-07-28T01:15:00Z,2026-07-28T03:15:00+0200,231.755,MW,NL,NL,actual_onshore_wind_generation,Wind Onshore | Actual Aggregated,2026-08-02T23:51:38Z
2026-08-02T23:49:28Z,2026-08-03T01:49:28+0200,65d3fff1-7125-472d-bbc3-1b240f9c8d5b,2026-07-28T01:15:00Z,2026-07-28T03:15:00+0200,0.0,MW,NL,NL,actual_onshore_wind_generation,Wind Onshore | Actual Consumption,2026-08-02T23:51:38Z
2026-08-02T23:49:28Z,2026-08-03T01:49:28+0200,65d3fff1-7125-472d-bbc3-1b240f9c8d5b,2026-07-28T01:30:00Z,2026-07-28T03:30:00+0200,243.648,MW,NL,NL,actual_onshore_wind_generation,Wind Onshore | Actual Aggregated,2026-08-02T23:51:38Z
2026-08-02T23:49:28Z,2026-08-03T01:49:28+0200,65d3fff1-7125-472d-bbc3-1b240f9c8d5b,2026-07-28T01:30:00Z,2026-07-28T03:30:00+0200,0.0,MW,NL,NL,actual_onshore_wind_generation,Wind Onshore | Actual Consumption,2026-08-02T23:51:38Z
2026-08-02T23:49:28Z,2026-08-03T01:49:28+0200,65d3fff1-7125-472d-bbc3-1b240f9c8d5b,2026-07-28T01:45:00Z,2026-07-28T03:45:00+0200,266.555,MW,NL,NL,actual_onshore_wind_generation,Wind Onshore | Actual Aggregated,2026-08-02T23:51:38Z
2026-08-02T23:49:28Z,2026-08-03T01:49:28+0200,65d3fff1-7125-472d-bbc3-1b240f9c8d5b,2026-07-28T01:45:00Z,2026-07-28T03:45:00+0200,0.0,MW,NL,NL,actual_onshore_wind_generation,Wind Onshore | Actual Consumption,2026-08-02T23:51:38Z
2026-08-02T23:49:28Z,2026-08-03T01:49:28+0200,65d3fff1-7125-472d-bbc3-1b240f9c8d5b,2026-07-28T02:00:00Z,2026-07-28T04:00:00+0200,256.879,MW,NL,NL,actual_onshore_wind_generation,Wind Onshore | Actual Aggregated,2026-08-02T23:51:38Z
2026-08-02T23:49:28Z,2026-08-03T01:49:28+0200,65d3fff1-7125-472d-bbc3-1b240f9c8d5b,2026-07-28T02:00:00Z,2026-07-28T04:00:00+0200,0.0,MW,NL,NL,actual_onshore_wind_generation,Wind Onshore | Actual Consumption,2026-08-02T23:51:38Z
2026-08-02T23:49:28Z,2026-08-03T01:49:28+0200,65d3fff1-7125-472d-bbc3-1b240f9c8d5b,2026-07-28T02:15:00Z,2026-07-28T04:15:00+0200,270.186,MW,NL,NL,actual_onshore_wind_generation,Wind Onshore | Actual Aggregated,2026-08-02T23:51:38Z
2026-08-02T23:49:28Z,2026-08-03T01:49:28+0200,65d3fff1-7125-472d-bbc3-1b240f9c8d5b,2026-07-28T02:15:00Z,2026-07-28T04:15:00+0200,0.0,MW,NL,NL,actual_onshore_wind_generation,Wind Onshore | Actual Consumption,2026-08-02T23:51:38Z
2026-08-02T23:49:28Z,2026-08-03T01:49:28+0200,65d3fff1-7125-472d-bbc3-1b240f9c8d5b,2026-07-28T02:30:00Z,2026-07-28T04:30:00+0200,306.2,MW,NL,NL,actual_onshore_wind_generation,Wind Onshore | Actual Aggregated,2026-08-02T23:51:38Z
2026-08-02T23:49:28Z,2026-08-03T01:49:28+0200,65d3fff1-7125-472d-bbc3-1b240f9c8d5b,2026-07-28T02:30:00Z,2026-07-28T04:30:00+0200,0.0,MW,NL,NL,actual_onshore_wind_generation,Wind Onshore | Actual Consumption,2026-08-02T23:51:38Z
2026-08-02T23:49:28Z,2026-08-03T01:49:28+0200,65d3fff1-7125-472d-bbc3-1b240f9c8d5b,2026-07-28T02:45:00Z,2026-07-28T04:45:00+0200,325.0,MW,NL,NL,actual_onshore_wind_generation,Wind Onshore | Actual Aggregated,2026-08-02T23:51:38Z
2026-08-02T23:49:28Z,2026-08-03T01:49:28+0200,65d3fff1-7125-472d-bbc3-1b240f9c8d5b,2026-07-28T02:45:00Z,2026-07-28T04:45:00+0200,0.0,MW,NL,NL,actual_onshore_wind_generation,Wind Onshore | Actual Consumption,2026-08-02T23:51:38Z
2026-08-02T23:49:28Z,2026-08-03T01:49:28+0200,65d3fff1-7125-472d-bbc3-1b240f9c8d5b,2026-07-28T03:00:00Z,2026-07-28T05:00:00+0200,318.413,MW,NL,NL,actual_onshore_wind_generation,Wind Onshore | Actual Aggregated,2026-08-02T23:51:38Z
2026-08-02T23:49:28Z,2026-08-03T01:49:28+0200,65d3fff1-7125-472d-bbc3-1b240f9c8d5b,2026-07-28T03:00:00Z,2026-07-28T05:00:00+0200,0.0,MW,NL,NL,actual_onshore_wind_generation,Wind Onshore | Actual Consumption,2026-08-02T23:51:38Z
2026-08-02T23:49:28Z,2026-08-03T01:49:28+0200,65d3fff1-7125-472d-bbc3-1b240f9c8d5b,2026-07-28T03:15:00Z,2026-07-28T05:15:00+0200,326.271,MW,NL,NL,actual_onshore_wind_generation,Wind Onshore | Actual Aggregated,2026-08-02T23:51:38Z
2026-08-02T23:49:28Z,2026-08-03T01:49:28+0200,65d3fff1-7125-472d-bbc3-1b240f9c8d5b,2026-07-28T03:15:00Z,2026-07-28T05:15:00+0200,0.0,MW,NL,NL,actual_onshore_wind_generation,Wind Onshore | Actual Consumption,2026-08-02T23:51:38Z
2026-08-02T23:49:28Z,2026-08-03T01:49:28+0200,65d3fff1-7125-472d-bbc3-1b240f9c8d5b,2026-07-28T03:30:00Z,2026-07-28T05:30:00+0200,317.824,MW,NL,NL,actual_onshore_wind_generation,Wind Onshore | Actual Aggregated,2026-08-02T23:51:38Z
2026-08-02T23:49:28Z,2026-08-03T01:49:28+0200,65d3fff1-7125-472d-bbc3-1b240f9c8d5b,2026-07-28T03:30:00Z,2026-07-28T05:30:00+0200,0.0,MW,NL,NL,actual_onshore_wind_generation,Wind Onshore | Actual Consumption,2026-08-02T23:51:38Z
2026-08-02T23:49:28Z,2026-08-03T01:49:28+0200,65d3fff1-7125-472d-bbc3-1b240f9c8d5b,2026-07-28T03:45:00Z,2026-07-28T05:45:00+0200,312.785,MW,NL,NL,actual_onshore_wind_generation,Wind Onshore | Actual Aggregated,2026-08-02T23:51:38Z
2026-08-02T23:49:28Z,2026-08-03T01:49:28+0200,65d3fff1-7125-472d-bbc3-1b240f9c8d5b,2026-07-28T03:45:00Z,2026-07-28T05:45:00+0200,0.0,MW,NL,NL,actual_onshore_wind_generation,Wind Onshore | Actual Consumption,2026-08-02T23:51:38Z
2026-08-02T23:49:28Z,2026-08-03T01:49:28+0200,65d3fff1-7125-472d-bbc3-1b240f9c8d5b,2026-07-28T04:00:00Z,2026-07-28T06:00:00+0200,317.972,MW,NL,NL,actual_onshore_wind_generation,Wind Onshore | Actual Aggregated,2026-08-02T23:51:38Z
2026-08-02T23:49:28Z,2026-08-03T01:49:28+0200,65d3fff1-7125-472d-bbc3-1b240f9c8d5b,2026-07-28T04:00:00Z,2026-07-28T06:00:00+0200,0.0,MW,NL,NL,actual_onshore_wind_generation,Wind Onshore | Actual Consumption,2026-08-02T23:51:38Z
2026-08-02T23:49:28Z,2026-08-03T01:49:28+0200,65d3fff1-7125-472d-bbc3-1b240f9c8d5b,2026-07-28T04:15:00Z,2026-07-28T06:15:00+0200,344.176,MW,NL,NL,actual_onshore_wind_generation,Wind Onshore | Actual Aggregated,2026-08-02T23:51:38Z
2026-08-02T23:49:28Z,2026-08-03T01:49:28+0200,65d3fff1-7125-472d-bbc3-1b240f9c8d5b,2026-07-28T04:15:00Z,2026-07-28T06:15:00+0200,0.0,MW,NL,NL,actual_onshore_wind_generation,Wind Onshore | Actual Consumption,2026-08-02T23:51:38Z
2026-08-02T23:49:28Z,2026-08-03T01:49:28+0200,65d3fff1-7125-472d-bbc3-1b240f9c8d5b,2026-07-28T04:30:00Z,2026-07-28T06:30:00+0200,343.093,MW,NL,NL,actual_onshore_wind_generation,Wind Onshore | Actual Aggregated,2026-08-02T23:51:38Z
2026-08-02T23:49:28Z,2026-08-03T01:49:28+0200,65d3fff1-7125-472d-bbc3-1b240f9c8d5b,2026-07-28T04:30:00Z,2026-07-28T06:30:00+0200,0.0,MW,NL,NL,actual_onshore_wind_generation,Wind Onshore | Actual Consumption,2026-08-02T23:51:38Z
2026-08-02T23:49:28Z,2026-08-03T01:49:28+0200,65d3fff1-7125-472d-bbc3-1b240f9c8d5b,2026-07-28T04:45:00Z,2026-07-28T06:45:00+0200,319.698,MW,NL,NL,actual_onshore_wind_generation,Wind Onshore | Actual Aggregated,2026-08-02T23:51:38Z
2026-08-02T23:49:28Z,2026-08-03T01:49:28+0200,65d3fff1-7125-472d-bbc3-1b240f9c8d5b,2026-07-28T04:45:00Z,2026-07-28T06:45:00+0200,0.0,MW,NL,NL,actual_onshore_wind_generation,Wind Onshore | Actual Consumption,2026-08-02T23:51:38Z
2026-08-02T23:49:28Z,2026-08-03T01:49:28+0200,65d3fff1-7125-472d-bbc3-1b240f9c8d5b,2026-07-28T05:00:00Z,2026-07-28T07:00:00+0200,291.116,MW,NL,NL,actual_onshore_wind_generation,Wind Onshore | Actual Aggregated,2026-08-02T23:51:38Z
2026-08-02T23:49:28Z,2026-08-03T01:49:28+0200,65d3fff1-7125-472d-bbc3-1b240f9c8d5b,2026-07-28T05:00:00Z,2026-07-28T07:00:00+0200,0.0,MW,NL,NL,actual_onshore_wind_generation,Wind Onshore | Actual Consumption,2026-08-02T23:51:38Z
2026-08-02T23:49:28Z,2026-08-03T01:49:28+0200,65d3fff1-7125-472d-bbc3-1b240f9c8d5b,2026-07-28T05:15:00Z,2026-07-28T07:15:00+0200,284.108,MW,NL,NL,actual_onshore_wind_generation,Wind Onshore | Actual Aggregated,2026-08-02T23:51:38Z
2026-08-02T23:49:28Z,2026-08-03T01:49:28+0200,65d3fff1-7125-472d-bbc3-1b240f9c8d5b,2026-07-28T05:15:00Z,2026-07-28T07:15:00+0200,0.0,MW,NL,NL,actual_onshore_wind_generation,Wind Onshore | Actual Consumption,2026-08-02T23:51:38Z
2026-08-02T23:49:28Z,2026-08-03T01:49:28+0200,65d3fff1-7125-472d-bbc3-1b240f9c8d5b,2026-07-28T05:30:00Z,2026-07-28T07:30:00+0200,244.815,MW,NL,NL,actual_onshore_wind_generation,Wind Onshore | Actual Aggregated,2026-08-02T23:51:38Z
2026-08-02T23:49:28Z,2026-08-03T01:49:28+0200,65d3fff1-7125-472d-bbc3-1b240f9c8d5b,2026-07-28T05:30:00Z,2026-07-28T07:30:00+0200,0.0,MW,NL,NL,actual_onshore_wind_generation,Wind Onshore | Actual Consumption,2026-08-02T23:51:38Z
2026-08-02T23:49:28Z,2026-08-03T01:49:28+0200,65d3fff1-7125-472d-bbc3-1b240f9c8d5b,2026-07-28T05:45:00Z,2026-07-28T07:45:00+0200,229.514,MW,NL,NL,actual_onshore_wind_generation,Wind Onshore | Actual Aggregated,2026-08-02T23:51:38Z
2026-08-02T23:49:28Z,2026-08-03T01:49:28+0200,65d3fff1-7125-472d-bbc3-1b240f9c8d5b,2026-07-28T05:45:00Z,2026-07-28T07:45:00+0200,0.0,MW,NL,NL,actual_onshore_wind_generation,Wind Onshore | Actual Consumption,2026-08-02T23:51:38Z
2026-08-02T23:49:28Z,2026-08-03T01:49:28+0200,65d3fff1-7125-472d-bbc3-1b240f9c8d5b,2026-07-28T06:00:00Z,2026-07-28T08:00:00+0200,208.964,MW,NL,NL,actual_onshore_wind_generation,Wind Onshore | Actual Aggregated,2026-08-02T23:51:38Z
2026-08-02T23:49:28Z,2026-08-03T01:49:28+0200,65d3fff1-7125-472d-bbc3-1b240f9c8d5b,2026-07-28T06:00:00Z,2026-07-28T08:00:00+0200,0.0,MW,NL,NL,actual_onshore_wind_generation,Wind Onshore | Actual Consumption,2026-08-02T23:51:38Z
2026-08-02T23:49:28Z,2026-08-03T01:49:28+0200,65d3fff1-7125-472d-bbc3-1b240f9c8d5b,2026-07-28T06:15:00Z,2026-07-28T08:15:00+0200,189.296,MW,NL,NL,actual_onshore_wind_generation,Wind Onshore | Actual Aggregated,2026-08-02T23:51:38Z
2026-08-02T23:49:28Z,2026-08-03T01:49:28+0200,65d3fff1-7125-472d-bbc3-1b240f9c8d5b,2026-07-28T06:15:00Z,2026-07-28T08:15:00+0200,0.0,MW,NL,NL,actual_onshore_wind_generation,Wind Onshore | Actual Consumption,2026-08-02T23:51:38Z
2026-08-02T23:49:28Z,2026-08-03T01:49:28+0200,65d3fff1-7125-472d-bbc3-1b240f9c8d5b,2026-07-28T06:30:00Z,2026-07-28T08:30:00+0200,171.804,MW,NL,NL,actual_onshore_wind_generation,Wind Onshore | Actual Aggregated,2026-08-02T23:51:38Z
2026-08-02T23:49:28Z,2026-08-03T01:49:28+0200,65d3fff1-7125-472d-bbc3-1b240f9c8d5b,2026-07-28T06:30:00Z,2026-07-28T08:30:00+0200,0.0,MW,NL,NL,actual_onshore_wind_generation,Wind Onshore | Actual Consumption,2026-08-02T23:51:38Z
2026-08-02T23:49:28Z,2026-08-03T01:49:28+0200,65d3fff1-7125-472d-bbc3-1b240f9c8d5b,2026-07-28T06:45:00Z,2026-07-28T08:45:00+0200,149.616,MW,NL,NL,actual_onshore_wind_generation,Wind Onshore | Actual Aggregated,2026-08-02T23:51:38Z
2026-08-02T23:49:28Z,2026-08-03T01:49:28+0200,65d3fff1-7125-472d-bbc3-1b240f9c8d5b,2026-07-28T06:45:00Z,2026-07-28T08:45:00+0200,0.0,MW,NL,NL,actual_onshore_wind_generation,Wind Onshore | Actual Consumption,2026-08-02T23:51:38Z
2026-08-02T23:49:28Z,2026-08-03T01:49:28+0200,65d3fff1-7125-472d-bbc3-1b240f9c8d5b,2026-07-28T07:00:00Z,2026-07-28T09:00:00+0200,141.469,MW,NL,NL,actual_onshore_wind_generation,Wind Onshore | Actual Aggregated,2026-08-02T23:51:38Z
2026-08-02T23:49:28Z,2026-08-03T01:49:28+0200,65d3fff1-7125-472d-bbc3-1b240f9c8d5b,2026-07-28T07:00:00Z,2026-07-28T09:00:00+0200,0.0,MW,NL,NL,actual_onshore_wind_generation,Wind Onshore | Actual Consumption,2026-08-02T23:51:38Z
2026-08-02T23:49:28Z,2026-08-03T01:49:28+0200,65d3fff1-7125-472d-bbc3-1b240f9c8d5b,2026-07-28T07:15:00Z,2026-07-28T09:15:00+0200,141.361,MW,NL,NL,actual_onshore_wind_generation,Wind Onshore | Actual Aggregated,2026-08-02T23:51:38Z
2026-08-02T23:49:28Z,2026-08-03T01:49:28+0200,65d3fff1-7125-472d-bbc3-1b240f9c8d5b,2026-07-28T07:15:00Z,2026-07-28T09:15:00+0200,0.0,MW,NL,NL,actual_onshore_wind_generation,Wind Onshore | Actual Consumption,2026-08-02T23:51:38Z
2026-08-02T23:49:28Z,2026-08-03T01:49:28+0200,65d3fff1-7125-472d-bbc3-1b240f9c8d5b,2026-07-28T07:30:00Z,2026-07-28T09:30:00+0200,136.392,MW,NL,NL,actual_onshore_wind_generation,Wind Onshore | Actual Aggregated,2026-08-02T23:51:38Z
2026-08-02T23:49:28Z,2026-08-03T01:49:28+0200,65d3fff1-7125-472d-bbc3-1b240f9c8d5b,2026-07-28T07:30:00Z,2026-07-28T09:30:00+0200,0.0,MW,NL,NL,actual_onshore_wind_generation,Wind Onshore | Actual Consumption,2026-08-02T23:51:38Z
2026-08-02T23:49:28Z,2026-08-03T01:49:28+0200,65d3fff1-7125-472d-bbc3-1b240f9c8d5b,2026-07-28T07:45:00Z,2026-07-28T09:45:00+0200,122.202,MW,NL,NL,actual_onshore_wind_generation,Wind Onshore | Actual Aggregated,2026-08-02T23:51:38Z
2026-08-02T23:49:28Z,2026-08-03T01:49:28+0200,65d3fff1-7125-472d-bbc3-1b240f9c8d5b,2026-07-28T07:45:00Z,2026-07-28T09:45:00+0200,0.0,MW,NL,NL,actual_onshore_wind_generation,Wind Onshore | Actual Consumption,2026-08-02T23:51:38Z
2026-08-02T23:49:28Z,2026-08-03T01:49:28+0200,65d3fff1-7125-472d-bbc3-1b240f9c8d5b,2026-07-28T08:00:00Z,2026-07-28T10:00:00+0200,120.718,MW,NL,NL,actual_onshore_wind_generation,Wind Onshore | Actual Aggregated,2026-08-02T23:51:38Z
2026-08-02T23:49:28Z,2026-08-03T01:49:28+0200,65d3fff1-7125-472d-bbc3-1b240f9c8d5b,2026-07-28T08:00:00Z,2026-07-28T10:00:00+0200,0.0,MW,NL,NL,actual_onshore_wind_generation,Wind Onshore | Actual Consumption,2026-08-02T23:51:38Z
2026-08-02T23:49:28Z,2026-08-03T01:49:28+0200,65d3fff1-7125-472d-bbc3-1b240f9c8d5b,2026-07-28T08:15:00Z,2026-07-28T10:15:00+0200,120.372,MW,NL,NL,actual_onshore_wind_generation,Wind Onshore | Actual Aggregated,2026-08-02T23:51:38Z
2026-08-02T23:49:28Z,2026-08-03T01:49:28+0200,65d3fff1-7125-472d-bbc3-1b240f9c8d5b,2026-07-28T08:15:00Z,2026-07-28T10:15:00+0200,0.0,MW,NL,NL,actual_onshore_wind_generation,Wind Onshore | Actual Consumption,2026-08-02T23:51:38Z
2026-08-02T23:49:28Z,2026-08-03T01:49:28+0200,65d3fff1-7125-472d-bbc3-1b240f9c8d5b,2026-07-28T08:30:00Z,2026-07-28T10:30:00+0200,104.211,MW,NL,NL,actual_onshore_wind_generation,Wind Onshore | Actual Aggregated,2026-08-02T23:51:38Z
2026-08-02T23:49:28Z,2026-08-03T01:49:28+0200,65d3fff1-7125-472d-bbc3-1b240f9c8d5b,2026-07-28T08:30:00Z,2026-07-28T10:30:00+0200,0.0,MW,NL,NL,actual_onshore_wind_generation,Wind Onshore | Actual Consumption,2026-08-02T23:51:38Z
2026-08-02T23:49:28Z,2026-08-03T01:49:28+0200,65d3fff1-7125-472d-bbc3-1b240f9c8d5b,2026-07-28T08:45:00Z,2026-07-28T10:45:00+0200,98.665,MW,NL,NL,actual_onshore_wind_generation,Wind Onshore | Actual Aggregated,2026-08-02T23:51:38Z
2026-08-02T23:49:28Z,2026-08-03T01:49:28+0200,65d3fff1-7125-472d-bbc3-1b240f9c8d5b,2026-07-28T08:45:00Z,2026-07-28T10:45:00+0200,0.383,MW,NL,NL,actual_onshore_wind_generation,Wind Onshore | Actual Consumption,2026-08-02T23:51:38Z
2026-08-02T23:49:28Z,2026-08-03T01:49:28+0200,65d3fff1-7125-472d-bbc3-1b240f9c8d5b,2026-07-28T09:00:00Z,2026-07-28T11:00:00+0200,96.035,MW,NL,NL,actual_onshore_wind_generation,Wind Onshore | Actual Aggregated,2026-08-02T23:51:38Z
2026-08-02T23:49:28Z,2026-08-03T01:49:28+0200,65d3fff1-7125-472d-bbc3-1b240f9c8d5b,2026-07-28T09:00:00Z,2026-07-28T11:00:00+0200,0.658,MW,NL,NL,actual_onshore_wind_generation,Wind Onshore | Actual Consumption,2026-08-02T23:51:38Z
2026-08-02T23:49:28Z,2026-08-03T01:49:28+0200,65d3fff1-7125-472d-bbc3-1b240f9c8d5b,2026-07-28T09:15:00Z,2026-07-28T11:15:00+0200,80.851,MW,NL,NL,actual_onshore_wind_generation,Wind Onshore | Actual Aggregated,2026-08-02T23:51:38Z
2026-08-02T23:49:28Z,2026-08-03T01:49:28+0200,65d3fff1-7125-472d-bbc3-1b240f9c8d5b,2026-07-28T09:15:00Z,2026-07-28T11:15:00+0200,0.0,MW,NL,NL,actual_onshore_wind_generation,Wind Onshore | Actual Consumption,2026-08-02T23:51:38Z
2026-08-02T23:49:28Z,2026-08-03T01:49:28+0200,65d3fff1-7125-472d-bbc3-1b240f9c8d5b,2026-07-28T09:30:00Z,2026-07-28T11:30:00+0200,74.609,MW,NL,NL,actual_onshore_wind_generation,Wind Onshore | Actual Aggregated,2026-08-02T23:51:38Z
2026-08-02T23:49:28Z,2026-08-03T01:49:28+0200,65d3fff1-7125-472d-bbc3-1b240f9c8d5b,2026-07-28T09:30:00Z,2026-07-28T11:30:00+0200,0.0,MW,NL,NL,actual_onshore_wind_generation,Wind Onshore | Actual Consumption,2026-08-02T23:51:38Z
2026-08-02T23:49:28Z,2026-08-03T01:49:28+0200,65d3fff1-7125-472d-bbc3-1b240f9c8d5b,2026-07-28T09:45:00Z,2026-07-28T11:45:00+0200,75.104,MW,NL,NL,actual_onshore_wind_generation,Wind Onshore | Actual Aggregated,2026-08-02T23:51:38Z
2026-08-02T23:49:28Z,2026-08-03T01:49:28+0200,65d3fff1-7125-472d-bbc3-1b240f9c8d5b,2026-07-28T09:45:00Z,2026-07-28T11:45:00+0200,0.0,MW,NL,NL,actual_onshore_wind_generation,Wind Onshore | Actual Consumption,2026-08-02T23:51:38Z
2026-08-02T23:49:28Z,2026-08-03T01:49:28+0200,65d3fff1-7125-472d-bbc3-1b240f9c8d5b,2026-07-28T10:00:00Z,2026-07-28T12:00:00+0200,65.301,MW,NL,NL,actual_onshore_wind_generation,Wind Onshore | Actual Aggregated,2026-08-02T23:51:38Z
2026-08-02T23:49:28Z,2026-08-03T01:49:28+0200,65d3fff1-7125-472d-bbc3-1b240f9c8d5b,2026-07-28T10:00:00Z,2026-07-28T12:00:00+0200,0.0,MW,NL,NL,actual_onshore_wind_generation,Wind Onshore | Actual Consumption,2026-08-02T23:51:38Z
2026-08-02T23:49:28Z,2026-08-03T01:49:28+0200,65d3fff1-7125-472d-bbc3-1b240f9c8d5b,2026-07-28T10:15:00Z,2026-07-28T12:15:00+0200,61.273,MW,NL,NL,actual_onshore_wind_generation,Wind Onshore | Actual Aggregated,2026-08-02T23:51:38Z
2026-08-02T23:49:28Z,2026-08-03T01:49:28+0200,65d3fff1-7125-472d-bbc3-1b240f9c8d5b,2026-07-28T10:15:00Z,2026-07-28T12:15:00+0200,0.345,MW,NL,NL,actual_onshore_wind_generation,Wind Onshore | Actual Consumption,2026-08-02T23:51:38Z
2026-08-02T23:49:28Z,2026-08-03T01:49:28+0200,65d3fff1-7125-472d-bbc3-1b240f9c8d5b,2026-07-28T10:30:00Z,2026-07-28T12:30:00+0200,68.116,MW,NL,NL,actual_onshore_wind_generation,Wind Onshore | Actual Aggregated,2026-08-02T23:51:38Z
2026-08-02T23:49:28Z,2026-08-03T01:49:28+0200,65d3fff1-7125-472d-bbc3-1b240f9c8d5b,2026-07-28T10:30:00Z,2026-07-28T12:30:00+0200,0.058,MW,NL,NL,actual_onshore_wind_generation,Wind Onshore | Actual Consumption,2026-08-02T23:51:38Z
2026-08-02T23:49:28Z,2026-08-03T01:49:28+0200,65d3fff1-7125-472d-bbc3-1b240f9c8d5b,2026-07-28T10:45:00Z,2026-07-28T12:45:00+0200,79.859,MW,NL,NL,actual_onshore_wind_generation,Wind Onshore | Actual Aggregated,2026-08-02T23:51:38Z
2026-08-02T23:49:28Z,2026-08-03T01:49:28+0200,65d3fff1-7125-472d-bbc3-1b240f9c8d5b,2026-07-28T10:45:00Z,2026-07-28T12:45:00+0200,0.963,MW,NL,NL,actual_onshore_wind_generation,Wind Onshore | Actual Consumption,2026-08-02T23:51:38Z
2026-08-02T23:49:28Z,2026-08-03T01:49:28+0200,65d3fff1-7125-472d-bbc3-1b240f9c8d5b,2026-07-28T11:00:00Z,2026-07-28T13:00:00+0200,87.469,MW,NL,NL,actual_onshore_wind_generation,Wind Onshore | Actual Aggregated,2026-08-02T23:51:38Z
2026-08-02T23:49:28Z,2026-08-03T01:49:28+0200,65d3fff1-7125-472d-bbc3-1b240f9c8d5b,2026-07-28T11:00:00Z,2026-07-28T13:00:00+0200,2.664,MW,NL,NL,actual_onshore_wind_generation,Wind Onshore | Actual Consumption,2026-08-02T23:51:38Z
2026-08-02T23:49:28Z,2026-08-03T01:49:28+0200,65d3fff1-7125-472d-bbc3-1b240f9c8d5b,2026-07-28T11:15:00Z,2026-07-28T13:15:00+0200,76.987,MW,NL,NL,actual_onshore_wind_generation,Wind Onshore | Actual Aggregated,2026-08-02T23:51:38Z
2026-08-02T23:49:28Z,2026-08-03T01:49:28+0200,65d3fff1-7125-472d-bbc3-1b240f9c8d5b,2026-07-28T11:15:00Z,2026-07-28T13:15:00+0200,3.332,MW,NL,NL,actual_onshore_wind_generation,Wind Onshore | Actual Consumption,2026-08-02T23:51:38Z
2026-08-02T23:49:28Z,2026-08-03T01:49:28+0200,65d3fff1-7125-472d-bbc3-1b240f9c8d5b,2026-07-28T11:30:00Z,2026-07-28T13:30:00+0200,63.787,MW,NL,NL,actual_onshore_wind_generation,Wind Onshore | Actual Aggregated,2026-08-02T23:51:38Z
2026-08-02T23:49:28Z,2026-08-03T01:49:28+0200,65d3fff1-7125-472d-bbc3-1b240f9c8d5b,2026-07-28T11:30:00Z,2026-07-28T13:30:00+0200,2.411,MW,NL,NL,actual_onshore_wind_generation,Wind Onshore | Actual Consumption,2026-08-02T23:51:38Z
2026-08-02T23:49:28Z,2026-08-03T01:49:28+0200,65d3fff1-7125-472d-bbc3-1b240f9c8d5b,2026-07-28T11:45:00Z,2026-07-28T13:45:00+0200,66.703,MW,NL,NL,actual_onshore_wind_generation,Wind Onshore | Actual Aggregated,2026-08-02T23:51:38Z
2026-08-02T23:49:28Z,2026-08-03T01:49:28+0200,65d3fff1-7125-472d-bbc3-1b240f9c8d5b,2026-07-28T11:45:00Z,2026-07-28T13:45:00+0200,0.826,MW,NL,NL,actual_onshore_wind_generation,Wind Onshore | Actual Consumption,2026-08-02T23:51:38Z
2026-08-02T23:49:28Z,2026-08-03T01:49:28+0200,65d3fff1-7125-472d-bbc3-1b240f9c8d5b,2026-07-28T12:00:00Z,2026-07-28T14:00:00+0200,76.131,MW,NL,NL,actual_onshore_wind_generation,Wind Onshore | Actual Aggregated,2026-08-02T23:51:38Z
2026-08-02T23:49:28Z,2026-08-03T01:49:28+0200,65d3fff1-7125-472d-bbc3-1b240f9c8d5b,2026-07-28T12:00:00Z,2026-07-28T14:00:00+0200,0.0,MW,NL,NL,actual_onshore_wind_generation,Wind Onshore | Actual Consumption,2026-08-02T23:51:38Z
2026-08-02T23:49:28Z,2026-08-03T01:49:28+0200,65d3fff1-7125-472d-bbc3-1b240f9c8d5b,2026-07-28T12:15:00Z,2026-07-28T14:15:00+0200,77.635,MW,NL,NL,actual_onshore_wind_generation,Wind Onshore | Actual Aggregated,2026-08-02T23:51:38Z
2026-08-02T23:49:28Z,2026-08-03T01:49:28+0200,65d3fff1-7125-472d-bbc3-1b240f9c8d5b,2026-07-28T12:15:00Z,2026-07-28T14:15:00+0200,0.0,MW,NL,NL,actual_onshore_wind_generation,Wind Onshore | Actual Consumption,2026-08-02T23:51:38Z
2026-08-02T23:49:28Z,2026-08-03T01:49:28+0200,65d3fff1-7125-472d-bbc3-1b240f9c8d5b,2026-07-28T12:30:00Z,2026-07-28T14:30:00+0200,102.201,MW,NL,NL,actual_onshore_wind_generation,Wind Onshore | Actual Aggregated,2026-08-02T23:51:38Z
2026-08-02T23:49:28Z,2026-08-03T01:49:28+0200,65d3fff1-7125-472d-bbc3-1b240f9c8d5b,2026-07-28T12:30:00Z,2026-07-28T14:30:00+0200,0.0,MW,NL,NL,actual_onshore_wind_generation,Wind Onshore | Actual Consumption,2026-08-02T23:51:38Z
2026-08-02T23:49:28Z,2026-08-03T01:49:28+0200,65d3fff1-7125-472d-bbc3-1b240f9c8d5b,2026-07-28T12:45:00Z,2026-07-28T14:45:00+0200,117.887,MW,NL,NL,actual_onshore_wind_generation,Wind Onshore | Actual Aggregated,2026-08-02T23:51:38Z
2026-08-02T23:49:28Z,2026-08-03T01:49:28+0200,65d3fff1-7125-472d-bbc3-1b240f9c8d5b,2026-07-28T12:45:00Z,2026-07-28T14:45:00+0200,0.0,MW,NL,NL,actual_onshore_wind_generation,Wind Onshore | Actual Consumption,2026-08-02T23:51:38Z
2026-08-02T23:49:28Z,2026-08-03T01:49:28+0200,65d3fff1-7125-472d-bbc3-1b240f9c8d5b,2026-07-28T13:00:00Z,2026-07-28T15:00:00+0200,105.126,MW,NL,NL,actual_onshore_wind_generation,Wind Onshore | Actual Aggregated,2026-08-02T23:51:38Z
2026-08-02T23:49:28Z,2026-08-03T01:49:28+0200,65d3fff1-7125-472d-bbc3-1b240f9c8d5b,2026-07-28T13:00:00Z,2026-07-28T15:00:00+0200,0.0,MW,NL,NL,actual_onshore_wind_generation,Wind Onshore | Actual Consumption,2026-08-02T23:51:38Z
2026-08-02T23:49:28Z,2026-08-03T01:49:28+0200,65d3fff1-7125-472d-bbc3-1b240f9c8d5b,2026-07-28T13:15:00Z,2026-07-28T15:15:00+0200,99.378,MW,NL,NL,actual_onshore_wind_generation,Wind Onshore | Actual Aggregated,2026-08-02T23:51:38Z
2026-08-02T23:49:28Z,2026-08-03T01:49:28+0200,65d3fff1-7125-472d-bbc3-1b240f9c8d5b,2026-07-28T13:15:00Z,2026-07-28T15:15:00+0200,0.0,MW,NL,NL,actual_onshore_wind_generation,Wind Onshore | Actual Consumption,2026-08-02T23:51:38Z
2026-08-02T23:49:28Z,2026-08-03T01:49:28+0200,65d3fff1-7125-472d-bbc3-1b240f9c8d5b,2026-07-28T13:30:00Z,2026-07-28T15:30:00+0200,93.33,MW,NL,NL,actual_onshore_wind_generation,Wind Onshore | Actual Aggregated,2026-08-02T23:51:38Z
2026-08-02T23:49:28Z,2026-08-03T01:49:28+0200,65d3fff1-7125-472d-bbc3-1b240f9c8d5b,2026-07-28T13:30:00Z,2026-07-28T15:30:00+0200,0.0,MW,NL,NL,actual_onshore_wind_generation,Wind Onshore | Actual Consumption,2026-08-02T23:51:38Z
2026-08-02T23:49:28Z,2026-08-03T01:49:28+0200,65d3fff1-7125-472d-bbc3-1b240f9c8d5b,2026-07-28T13:45:00Z,2026-07-28T15:45:00+0200,96.332,MW,NL,NL,actual_onshore_wind_generation,Wind Onshore | Actual Aggregated,2026-08-02T23:51:38Z
2026-08-02T23:49:28Z,2026-08-03T01:49:28+0200,65d3fff1-7125-472d-bbc3-1b240f9c8d5b,2026-07-28T13:45:00Z,2026-07-28T15:45:00+0200,0.0,MW,NL,NL,actual_onshore_wind_generation,Wind Onshore | Actual Consumption,2026-08-02T23:51:38Z
2026-08-02T23:49:28Z,2026-08-03T01:49:28+0200,65d3fff1-7125-472d-bbc3-1b240f9c8d5b,2026-07-28T14:00:00Z,2026-07-28T16:00:00+0200,89.322,MW,NL,NL,actual_onshore_wind_generation,Wind Onshore | Actual Aggregated,2026-08-02T23:51:38Z
2026-08-02T23:49:28Z,2026-08-03T01:49:28+0200,65d3fff1-7125-472d-bbc3-1b240f9c8d5b,2026-07-28T14:00:00Z,2026-07-28T16:00:00+0200,0.0,MW,NL,NL,actual_onshore_wind_generation,Wind Onshore | Actual Consumption,2026-08-02T23:51:38Z
2026-08-02T23:49:28Z,2026-08-03T01:49:28+0200,65d3fff1-7125-472d-bbc3-1b240f9c8d5b,2026-07-28T14:15:00Z,2026-07-28T16:15:00+0200,103.687,MW,NL,NL,actual_onshore_wind_generation,Wind Onshore | Actual Aggregated,2026-08-02T23:51:38Z
2026-08-02T23:49:28Z,2026-08-03T01:49:28+0200,65d3fff1-7125-472d-bbc3-1b240f9c8d5b,2026-07-28T14:15:00Z,2026-07-28T16:15:00+0200,0.0,MW,NL,NL,actual_onshore_wind_generation,Wind Onshore | Actual Consumption,2026-08-02T23:51:38Z
2026-08-02T23:49:28Z,2026-08-03T01:49:28+0200,65d3fff1-7125-472d-bbc3-1b240f9c8d5b,2026-07-28T14:30:00Z,2026-07-28T16:30:00+0200,118.422,MW,NL,NL,actual_onshore_wind_generation,Wind Onshore | Actual Aggregated,2026-08-02T23:51:38Z
2026-08-02T23:49:28Z,2026-08-03T01:49:28+0200,65d3fff1-7125-472d-bbc3-1b240f9c8d5b,2026-07-28T14:30:00Z,2026-07-28T16:30:00+0200,0.223,MW,NL,NL,actual_onshore_wind_generation,Wind Onshore | Actual Consumption,2026-08-02T23:51:38Z
2026-08-02T23:49:28Z,2026-08-03T01:49:28+0200,65d3fff1-7125-472d-bbc3-1b240f9c8d5b,2026-07-28T14:45:00Z,2026-07-28T16:45:00+0200,119.057,MW,NL,NL,actual_onshore_wind_generation,Wind Onshore | Actual Aggregated,2026-08-02T23:51:38Z
2026-08-02T23:49:28Z,2026-08-03T01:49:28+0200,65d3fff1-7125-472d-bbc3-1b240f9c8d5b,2026-07-28T14:45:00Z,2026-07-28T16:45:00+0200,0.341,MW,NL,NL,actual_onshore_wind_generation,Wind Onshore | Actual Consumption,2026-08-02T23:51:38Z
2026-08-02T23:49:28Z,2026-08-03T01:49:28+0200,65d3fff1-7125-472d-bbc3-1b240f9c8d5b,2026-07-28T15:00:00Z,2026-07-28T17:00:00+0200,90.964,MW,NL,NL,actual_onshore_wind_generation,Wind Onshore | Actual Aggregated,2026-08-02T23:51:38Z
2026-08-02T23:49:28Z,2026-08-03T01:49:28+0200,65d3fff1-7125-472d-bbc3-1b240f9c8d5b,2026-07-28T15:00:00Z,2026-07-28T17:00:00+0200,0.619,MW,NL,NL,actual_onshore_wind_generation,Wind Onshore | Actual Consumption,2026-08-02T23:51:38Z
2026-08-02T23:49:28Z,2026-08-03T01:49:28+0200,65d3fff1-7125-472d-bbc3-1b240f9c8d5b,2026-07-28T15:15:00Z,2026-07-28T17:15:00+0200,85.568,MW,NL,NL,actual_onshore_wind_generation,Wind Onshore | Actual Aggregated,2026-08-02T23:51:38Z
2026-08-02T23:49:28Z,2026-08-03T01:49:28+0200,65d3fff1-7125-472d-bbc3-1b240f9c8d5b,2026-07-28T15:15:00Z,2026-07-28T17:15:00+0200,0.696,MW,NL,NL,actual_onshore_wind_generation,Wind Onshore | Actual Consumption,2026-08-02T23:51:38Z
2026-08-02T23:49:28Z,2026-08-03T01:49:28+0200,65d3fff1-7125-472d-bbc3-1b240f9c8d5b,2026-07-28T15:30:00Z,2026-07-28T17:30:00+0200,81.616,MW,NL,NL,actual_onshore_wind_generation,Wind Onshore | Actual Aggregated,2026-08-02T23:51:38Z
2026-08-02T23:49:28Z,2026-08-03T01:49:28+0200,65d3fff1-7125-472d-bbc3-1b240f9c8d5b,2026-07-28T15:30:00Z,2026-07-28T17:30:00+0200,0.505,MW,NL,NL,actual_onshore_wind_generation,Wind Onshore | Actual Consumption,2026-08-02T23:51:38Z
2026-08-02T23:49:28Z,2026-08-03T01:49:28+0200,65d3fff1-7125-472d-bbc3-1b240f9c8d5b,2026-07-28T15:45:00Z,2026-07-28T17:45:00+0200,87.619,MW,NL,NL,actual_onshore_wind_generation,Wind Onshore | Actual Aggregated,2026-08-02T23:51:38Z
2026-08-02T23:49:28Z,2026-08-03T01:49:28+0200,65d3fff1-7125-472d-bbc3-1b240f9c8d5b,2026-07-28T15:45:00Z,2026-07-28T17:45:00+0200,0.858,MW,NL,NL,actual_onshore_wind_generation,Wind Onshore | Actual Consumption,2026-08-02T23:51:38Z
2026-08-02T23:49:28Z,2026-08-03T01:49:28+0200,65d3fff1-7125-472d-bbc3-1b240f9c8d5b,2026-07-28T16:00:00Z,2026-07-28T18:00:00+0200,90.814,MW,NL,NL,actual_onshore_wind_generation,Wind Onshore | Actual Aggregated,2026-08-02T23:51:38Z
2026-08-02T23:49:28Z,2026-08-03T01:49:28+0200,65d3fff1-7125-472d-bbc3-1b240f9c8d5b,2026-07-28T16:00:00Z,2026-07-28T18:00:00+0200,0.674,MW,NL,NL,actual_onshore_wind_generation,Wind Onshore | Actual Consumption,2026-08-02T23:51:38Z
2026-08-02T23:49:28Z,2026-08-03T01:49:28+0200,65d3fff1-7125-472d-bbc3-1b240f9c8d5b,2026-07-28T16:15:00Z,2026-07-28T18:15:00+0200,100.928,MW,NL,NL,actual_onshore_wind_generation,Wind Onshore | Actual Aggregated,2026-08-02T23:51:38Z
2026-08-02T23:49:28Z,2026-08-03T01:49:28+0200,65d3fff1-7125-472d-bbc3-1b240f9c8d5b,2026-07-28T16:15:00Z,2026-07-28T18:15:00+0200,0.479,MW,NL,NL,actual_onshore_wind_generation,Wind Onshore | Actual Consumption,2026-08-02T23:51:38Z
2026-08-02T23:49:28Z,2026-08-03T01:49:28+0200,65d3fff1-7125-472d-bbc3-1b240f9c8d5b,2026-07-28T16:30:00Z,2026-07-28T18:30:00+0200,78.309,MW,NL,NL,actual_onshore_wind_generation,Wind Onshore | Actual Aggregated,2026-08-02T23:51:38Z
2026-08-02T23:49:28Z,2026-08-03T01:49:28+0200,65d3fff1-7125-472d-bbc3-1b240f9c8d5b,2026-07-28T16:30:00Z,2026-07-28T18:30:00+0200,0.435,MW,NL,NL,actual_onshore_wind_generation,Wind Onshore | Actual Consumption,2026-08-02T23:51:38Z
2026-08-02T23:49:28Z,2026-08-03T01:49:28+0200,65d3fff1-7125-472d-bbc3-1b240f9c8d5b,2026-07-28T16:45:00Z,2026-07-28T18:45:00+0200,57.14,MW,NL,NL,actual_onshore_wind_generation,Wind Onshore | Actual Aggregated,2026-08-02T23:51:38Z
2026-08-02T23:49:28Z,2026-08-03T01:49:28+0200,65d3fff1-7125-472d-bbc3-1b240f9c8d5b,2026-07-28T16:45:00Z,2026-07-28T18:45:00+0200,1.305,MW,NL,NL,actual_onshore_wind_generation,Wind Onshore | Actual Consumption,2026-08-02T23:51:38Z
2026-08-02T23:49:28Z,2026-08-03T01:49:28+0200,65d3fff1-7125-472d-bbc3-1b240f9c8d5b,2026-07-28T17:00:00Z,2026-07-28T19:00:00+0200,40.925,MW,NL,NL,actual_onshore_wind_generation,Wind Onshore | Actual Aggregated,2026-08-02T23:51:38Z
2026-08-02T23:49:28Z,2026-08-03T01:49:28+0200,65d3fff1-7125-472d-bbc3-1b240f9c8d5b,2026-07-28T17:00:00Z,2026-07-28T19:00:00+0200,1.619,MW,NL,NL,actual_onshore_wind_generation,Wind Onshore | Actual Consumption,2026-08-02T23:51:38Z
2026-08-02T23:49:28Z,2026-08-03T01:49:28+0200,65d3fff1-7125-472d-bbc3-1b240f9c8d5b,2026-07-28T17:15:00Z,2026-07-28T19:15:00+0200,31.527,MW,NL,NL,actual_onshore_wind_generation,Wind Onshore | Actual Aggregated,2026-08-02T23:51:38Z
2026-08-02T23:49:28Z,2026-08-03T01:49:28+0200,65d3fff1-7125-472d-bbc3-1b240f9c8d5b,2026-07-28T17:15:00Z,2026-07-28T19:15:00+0200,1.841,MW,NL,NL,actual_onshore_wind_generation,Wind Onshore | Actual Consumption,2026-08-02T23:51:38Z
2026-08-02T23:49:28Z,2026-08-03T01:49:28+0200,65d3fff1-7125-472d-bbc3-1b240f9c8d5b,2026-07-28T17:30:00Z,2026-07-28T19:30:00+0200,23.686,MW,NL,NL,actual_onshore_wind_generation,Wind Onshore | Actual Aggregated,2026-08-02T23:51:38Z
2026-08-02T23:49:28Z,2026-08-03T01:49:28+0200,65d3fff1-7125-472d-bbc3-1b240f9c8d5b,2026-07-28T17:30:00Z,2026-07-28T19:30:00+0200,2.301,MW,NL,NL,actual_onshore_wind_generation,Wind Onshore | Actual Consumption,2026-08-02T23:51:38Z
2026-08-02T23:49:28Z,2026-08-03T01:49:28+0200,65d3fff1-7125-472d-bbc3-1b240f9c8d5b,2026-07-28T17:45:00Z,2026-07-28T19:45:00+0200,8.735,MW,NL,NL,actual_onshore_wind_generation,Wind Onshore | Actual Aggregated,2026-08-02T23:51:38Z
2026-08-02T23:49:28Z,2026-08-03T01:49:28+0200,65d3fff1-7125-472d-bbc3-1b240f9c8d5b,2026-07-28T17:45:00Z,2026-07-28T19:45:00+0200,2.581,MW,NL,NL,actual_onshore_wind_generation,Wind Onshore | Actual Consumption,2026-08-02T23:51:38Z
2026-08-02T23:49:28Z,2026-08-03T01:49:28+0200,65d3fff1-7125-472d-bbc3-1b240f9c8d5b,2026-07-28T18:00:00Z,2026-07-28T20:00:00+0200,2.768,MW,NL,NL,actual_onshore_wind_generation,Wind Onshore | Actual Aggregated,2026-08-02T23:51:38Z
2026-08-02T23:49:28Z,2026-08-03T01:49:28+0200,65d3fff1-7125-472d-bbc3-1b240f9c8d5b,2026-07-28T18:00:00Z,2026-07-28T20:00:00+0200,4.991,MW,NL,NL,actual_onshore_wind_generation,Wind Onshore | Actual Consumption,2026-08-02T23:51:38Z
2026-08-02T23:49:28Z,2026-08-03T01:49:28+0200,65d3fff1-7125-472d-bbc3-1b240f9c8d5b,2026-07-28T18:15:00Z,2026-07-28T20:15:00+0200,2.437,MW,NL,NL,actual_onshore_wind_generation,Wind Onshore | Actual Aggregated,2026-08-02T23:51:38Z
2026-08-02T23:49:28Z,2026-08-03T01:49:28+0200,65d3fff1-7125-472d-bbc3-1b240f9c8d5b,2026-07-28T18:15:00Z,2026-07-28T20:15:00+0200,6.598,MW,NL,NL,actual_onshore_wind_generation,Wind Onshore | Actual Consumption,2026-08-02T23:51:38Z
2026-08-02T23:49:28Z,2026-08-03T01:49:28+0200,65d3fff1-7125-472d-bbc3-1b240f9c8d5b,2026-07-28T18:30:00Z,2026-07-28T20:30:00+0200,6.334,MW,NL,NL,actual_onshore_wind_generation,Wind Onshore | Actual Aggregated,2026-08-02T23:51:38Z
2026-08-02T23:49:28Z,2026-08-03T01:49:28+0200,65d3fff1-7125-472d-bbc3-1b240f9c8d5b,2026-07-28T18:30:00Z,2026-07-28T20:30:00+0200,6.615,MW,NL,NL,actual_onshore_wind_generation,Wind Onshore | Actual Consumption,2026-08-02T23:51:38Z
2026-08-02T23:49:28Z,2026-08-03T01:49:28+0200,65d3fff1-7125-472d-bbc3-1b240f9c8d5b,2026-07-28T18:45:00Z,2026-07-28T20:45:00+0200,6.555,MW,NL,NL,actual_onshore_wind_generation,Wind Onshore | Actual Aggregated,2026-08-02T23:51:38Z
2026-08-02T23:49:28Z,2026-08-03T01:49:28+0200,65d3fff1-7125-472d-bbc3-1b240f9c8d5b,2026-07-28T18:45:00Z,2026-07-28T20:45:00+0200,6.677,MW,NL,NL,actual_onshore_wind_generation,Wind Onshore | Actual Consumption,2026-08-02T23:51:38Z
2026-08-02T23:49:28Z,2026-08-03T01:49:28+0200,65d3fff1-7125-472d-bbc3-1b240f9c8d5b,2026-07-28T19:00:00Z,2026-07-28T21:00:00+0200,7.179,MW,NL,NL,actual_onshore_wind_generation,Wind Onshore | Actual Aggregated,2026-08-02T23:51:38Z
2026-08-02T23:49:28Z,2026-08-03T01:49:28+0200,65d3fff1-7125-472d-bbc3-1b240f9c8d5b,2026-07-28T19:00:00Z,2026-07-28T21:00:00+0200,6.721,MW,NL,NL,actual_onshore_wind_generation,Wind Onshore | Actual Consumption,2026-08-02T23:51:38Z
2026-08-02T23:49:28Z,2026-08-03T01:49:28+0200,65d3fff1-7125-472d-bbc3-1b240f9c8d5b,2026-07-28T19:15:00Z,2026-07-28T21:15:00+0200,7.956,MW,NL,NL,actual_onshore_wind_generation,Wind Onshore | Actual Aggregated,2026-08-02T23:51:38Z
2026-08-02T23:49:28Z,2026-08-03T01:49:28+0200,65d3fff1-7125-472d-bbc3-1b240f9c8d5b,2026-07-28T19:15:00Z,2026-07-28T21:15:00+0200,6.947,MW,NL,NL,actual_onshore_wind_generation,Wind Onshore | Actual Consumption,2026-08-02T23:51:38Z
2026-08-02T23:49:28Z,2026-08-03T01:49:28+0200,65d3fff1-7125-472d-bbc3-1b240f9c8d5b,2026-07-28T19:30:00Z,2026-07-28T21:30:00+0200,7.784,MW,NL,NL,actual_onshore_wind_generation,Wind Onshore | Actual Aggregated,2026-08-02T23:51:38Z
2026-08-02T23:49:28Z,2026-08-03T01:49:28+0200,65d3fff1-7125-472d-bbc3-1b240f9c8d5b,2026-07-28T19:30:00Z,2026-07-28T21:30:00+0200,7.062,MW,NL,NL,actual_onshore_wind_generation,Wind Onshore | Actual Consumption,2026-08-02T23:51:38Z
2026-08-02T23:49:28Z,2026-08-03T01:49:28+0200,65d3fff1-7125-472d-bbc3-1b240f9c8d5b,2026-07-28T19:45:00Z,2026-07-28T21:45:00+0200,8.837,MW,NL,NL,actual_onshore_wind_generation,Wind Onshore | Actual Aggregated,2026-08-02T23:51:38Z
2026-08-02T23:49:28Z,2026-08-03T01:49:28+0200,65d3fff1-7125-472d-bbc3-1b240f9c8d5b,2026-07-28T19:45:00Z,2026-07-28T21:45:00+0200,6.722,MW,NL,NL,actual_onshore_wind_generation,Wind Onshore | Actual Consumption,2026-08-02T23:51:38Z
2026-08-02T23:49:28Z,2026-08-03T01:49:28+0200,65d3fff1-7125-472d-bbc3-1b240f9c8d5b,2026-07-28T20:00:00Z,2026-07-28T22:00:00+0200,10.027,MW,NL,NL,actual_onshore_wind_generation,Wind Onshore | Actual Aggregated,2026-08-02T23:51:38Z
2026-08-02T23:49:28Z,2026-08-03T01:49:28+0200,65d3fff1-7125-472d-bbc3-1b240f9c8d5b,2026-07-28T20:00:00Z,2026-07-28T22:00:00+0200,6.875,MW,NL,NL,actual_onshore_wind_generation,Wind Onshore | Actual Consumption,2026-08-02T23:51:38Z
2026-08-02T23:49:28Z,2026-08-03T01:49:28+0200,65d3fff1-7125-472d-bbc3-1b240f9c8d5b,2026-07-28T20:15:00Z,2026-07-28T22:15:00+0200,10.726,MW,NL,NL,actual_onshore_wind_generation,Wind Onshore | Actual Aggregated,2026-08-02T23:51:38Z
2026-08-02T23:49:28Z,2026-08-03T01:49:28+0200,65d3fff1-7125-472d-bbc3-1b240f9c8d5b,2026-07-28T20:15:00Z,2026-07-28T22:15:00+0200,7.179,MW,NL,NL,actual_onshore_wind_generation,Wind Onshore | Actual Consumption,2026-08-02T23:51:38Z
2026-08-02T23:49:28Z,2026-08-03T01:49:28+0200,65d3fff1-7125-472d-bbc3-1b240f9c8d5b,2026-07-28T20:30:00Z,2026-07-28T22:30:00+0200,12.545,MW,NL,NL,actual_onshore_wind_generation,Wind Onshore | Actual Aggregated,2026-08-02T23:51:38Z
2026-08-02T23:49:28Z,2026-08-03T01:49:28+0200,65d3fff1-7125-472d-bbc3-1b240f9c8d5b,2026-07-28T20:30:00Z,2026-07-28T22:30:00+0200,7.084,MW,NL,NL,actual_onshore_wind_generation,Wind Onshore | Actual Consumption,2026-08-02T23:51:38Z
2026-08-02T23:49:28Z,2026-08-03T01:49:28+0200,65d3fff1-7125-472d-bbc3-1b240f9c8d5b,2026-07-28T20:45:00Z,2026-07-28T22:45:00+0200,14.23,MW,NL,NL,actual_onshore_wind_generation,Wind Onshore | Actual Aggregated,2026-08-02T23:51:38Z
2026-08-02T23:49:28Z,2026-08-03T01:49:28+0200,65d3fff1-7125-472d-bbc3-1b240f9c8d5b,2026-07-28T20:45:00Z,2026-07-28T22:45:00+0200,7.044,MW,NL,NL,actual_onshore_wind_generation,Wind Onshore | Actual Consumption,2026-08-02T23:51:38Z
2026-08-02T23:49:28Z,2026-08-03T01:49:28+0200,65d3fff1-7125-472d-bbc3-1b240f9c8d5b,2026-07-28T21:00:00Z,2026-07-28T23:00:00+0200,15.927,MW,NL,NL,actual_onshore_wind_generation,Wind Onshore | Actual Aggregated,2026-08-02T23:51:38Z
2026-08-02T23:49:28Z,2026-08-03T01:49:28+0200,65d3fff1-7125-472d-bbc3-1b240f9c8d5b,2026-07-28T21:00:00Z,2026-07-28T23:00:00+0200,6.955,MW,NL,NL,actual_onshore_wind_generation,Wind Onshore | Actual Consumption,2026-08-02T23:51:38Z
2026-08-02T23:49:28Z,2026-08-03T01:49:28+0200,65d3fff1-7125-472d-bbc3-1b240f9c8d5b,2026-07-28T21:15:00Z,2026-07-28T23:15:00+0200,21.082,MW,NL,NL,actual_onshore_wind_generation,Wind Onshore | Actual Aggregated,2026-08-02T23:51:38Z
2026-08-02T23:49:28Z,2026-08-03T01:49:28+0200,65d3fff1-7125-472d-bbc3-1b240f9c8d5b,2026-07-28T21:15:00Z,2026-07-28T23:15:00+0200,2.797,MW,NL,NL,actual_onshore_wind_generation,Wind Onshore | Actual Consumption,2026-08-02T23:51:38Z
2026-08-02T23:49:28Z,2026-08-03T01:49:28+0200,65d3fff1-7125-472d-bbc3-1b240f9c8d5b,2026-07-28T21:30:00Z,2026-07-28T23:30:00+0200,29.527,MW,NL,NL,actual_onshore_wind_generation,Wind Onshore | Actual Aggregated,2026-08-02T23:51:38Z
2026-08-02T23:49:28Z,2026-08-03T01:49:28+0200,65d3fff1-7125-472d-bbc3-1b240f9c8d5b,2026-07-28T21:30:00Z,2026-07-28T23:30:00+0200,2.667,MW,NL,NL,actual_onshore_wind_generation,Wind Onshore | Actual Consumption,2026-08-02T23:51:38Z
2026-08-02T23:49:28Z,2026-08-03T01:49:28+0200,65d3fff1-7125-472d-bbc3-1b240f9c8d5b,2026-07-28T21:45:00Z,2026-07-28T23:45:00+0200,25.789,MW,NL,NL,actual_onshore_wind_generation,Wind Onshore | Actual Aggregated,2026-08-02T23:51:38Z
2026-08-02T23:49:28Z,2026-08-03T01:49:28+0200,65d3fff1-7125-472d-bbc3-1b240f9c8d5b,2026-07-28T21:45:00Z,2026-07-28T23:45:00+0200,1.857,MW,NL,NL,actual_onshore_wind_generation,Wind Onshore | Actual Consumption,2026-08-02T23:51:38Z
2026-08-02T23:49:28Z,2026-08-03T01:49:28+0200,65d3fff1-7125-472d-bbc3-1b240f9c8d5b,2026-07-28T22:00:00Z,2026-07-29T00:00:00+0200,28.601,MW,NL,NL,actual_onshore_wind_generation,Wind Onshore | Actual Aggregated,2026-08-02T23:51:38Z
2026-08-02T23:49:28Z,2026-08-03T01:49:28+0200,65d3fff1-7125-472d-bbc3-1b240f9c8d5b,2026-07-28T22:00:00Z,2026-07-29T00:00:00+0200,0.923,MW,NL,NL,actual_onshore_wind_generation,Wind Onshore | Actual Consumption,2026-08-02T23:51:38Z
2026-08-02T23:49:28Z,2026-08-03T01:49:28+0200,65d3fff1-7125-472d-bbc3-1b240f9c8d5b,2026-07-28T22:15:00Z,2026-07-29T00:15:00+0200,39.584,MW,NL,NL,actual_onshore_wind_generation,Wind Onshore | Actual Aggregated,2026-08-02T23:51:38Z
2026-08-02T23:49:28Z,2026-08-03T01:49:28+0200,65d3fff1-7125-472d-bbc3-1b240f9c8d5b,2026-07-28T22:15:00Z,2026-07-29T00:15:00+0200,0.007,MW,NL,NL,actual_onshore_wind_generation,Wind Onshore | Actual Consumption,2026-08-02T23:51:38Z
2026-08-02T23:49:28Z,2026-08-03T01:49:28+0200,65d3fff1-7125-472d-bbc3-1b240f9c8d5b,2026-07-28T22:30:00Z,2026-07-29T00:30:00+0200,54.755,MW,NL,NL,actual_onshore_wind_generation,Wind Onshore | Actual Aggregated,2026-08-02T23:51:38Z
2026-08-02T23:49:28Z,2026-08-03T01:49:28+0200,65d3fff1-7125-472d-bbc3-1b240f9c8d5b,2026-07-28T22:30:00Z,2026-07-29T00:30:00+0200,0.0,MW,NL,NL,actual_onshore_wind_generation,Wind Onshore | Actual Consumption,2026-08-02T23:51:38Z
2026-08-02T23:49:28Z,2026-08-03T01:49:28+0200,65d3fff1-7125-472d-bbc3-1b240f9c8d5b,2026-07-28T22:45:00Z,2026-07-29T00:45:00+0200,66.096,MW,NL,NL,actual_onshore_wind_generation,Wind Onshore | Actual Aggregated,2026-08-02T23:51:38Z
2026-08-02T23:49:28Z,2026-08-03T01:49:28+0200,65d3fff1-7125-472d-bbc3-1b240f9c8d5b,2026-07-28T22:45:00Z,2026-07-29T00:45:00+0200,0.0,MW,NL,NL,actual_onshore_wind_generation,Wind Onshore | Actual Consumption,2026-08-02T23:51:38Z
2026-08-02T23:49:28Z,2026-08-03T01:49:28+0200,65d3fff1-7125-472d-bbc3-1b240f9c8d5b,2026-07-28T23:00:00Z,2026-07-29T01:00:00+0200,70.934,MW,NL,NL,actual_onshore_wind_generation,Wind Onshore | Actual Aggregated,2026-08-02T23:51:38Z
2026-08-02T23:49:28Z,2026-08-03T01:49:28+0200,65d3fff1-7125-472d-bbc3-1b240f9c8d5b,2026-07-28T23:00:00Z,2026-07-29T01:00:00+0200,0.0,MW,NL,NL,actual_onshore_wind_generation,Wind Onshore | Actual Consumption,2026-08-02T23:51:38Z
2026-08-02T23:49:28Z,2026-08-03T01:49:28+0200,65d3fff1-7125-472d-bbc3-1b240f9c8d5b,2026-07-28T23:15:00Z,2026-07-29T01:15:00+0200,79.231,MW,NL,NL,actual_onshore_wind_generation,Wind Onshore | Actual Aggregated,2026-08-02T23:51:38Z
2026-08-02T23:49:28Z,2026-08-03T01:49:28+0200,65d3fff1-7125-472d-bbc3-1b240f9c8d5b,2026-07-28T23:15:00Z,2026-07-29T01:15:00+0200,0.0,MW,NL,NL,actual_onshore_wind_generation,Wind Onshore | Actual Consumption,2026-08-02T23:51:38Z
2026-08-02T23:49:28Z,2026-08-03T01:49:28+0200,65d3fff1-7125-472d-bbc3-1b240f9c8d5b,2026-07-28T23:30:00Z,2026-07-29T01:30:00+0200,106.815,MW,NL,NL,actual_onshore_wind_generation,Wind Onshore | Actual Aggregated,2026-08-02T23:51:38Z
2026-08-02T23:49:28Z,2026-08-03T01:49:28+0200,65d3fff1-7125-472d-bbc3-1b240f9c8d5b,2026-07-28T23:30:00Z,2026-07-29T01:30:00+0200,0.0,MW,NL,NL,actual_onshore_wind_generation,Wind Onshore | Actual Consumption,2026-08-02T23:51:38Z
2026-08-02T23:49:28Z,2026-08-03T01:49:28+0200,65d3fff1-7125-472d-bbc3-1b240f9c8d5b,2026-07-28T23:45:00Z,2026-07-29T01:45:00+0200,127.595,MW,NL,NL,actual_onshore_wind_generation,Wind Onshore | Actual Aggregated,2026-08-02T23:51:38Z
2026-08-02T23:49:28Z,2026-08-03T01:49:28+0200,65d3fff1-7125-472d-bbc3-1b240f9c8d5b,2026-07-28T23:45:00Z,2026-07-29T01:45:00+0200,0.0,MW,NL,NL,actual_onshore_wind_generation,Wind Onshore | Actual Consumption,2026-08-02T23:51:38Z
2026-08-02T23:49:28Z,2026-08-03T01:49:28+0200,65d3fff1-7125-472d-bbc3-1b240f9c8d5b,2026-07-29T00:00:00Z,2026-07-29T02:00:00+0200,125.454,MW,NL,NL,actual_onshore_wind_generation,Wind Onshore | Actual Aggregated,2026-08-02T23:51:38Z
2026-08-02T23:49:28Z,2026-08-03T01:49:28+0200,65d3fff1-7125-472d-bbc3-1b240f9c8d5b,2026-07-29T00:00:00Z,2026-07-29T02:00:00+0200,0.0,MW,NL,NL,actual_onshore_wind_generation,Wind Onshore | Actual Consumption,2026-08-02T23:51:38Z
2026-08-02T23:49:28Z,2026-08-03T01:49:28+0200,65d3fff1-7125-472d-bbc3-1b240f9c8d5b,2026-07-29T00:15:00Z,2026-07-29T02:15:00+0200,125.289,MW,NL,NL,actual_onshore_wind_generation,Wind Onshore | Actual Aggregated,2026-08-02T23:51:38Z
2026-08-02T23:49:28Z,2026-08-03T01:49:28+0200,65d3fff1-7125-472d-bbc3-1b240f9c8d5b,2026-07-29T00:15:00Z,2026-07-29T02:15:00+0200,0.0,MW,NL,NL,actual_onshore_wind_generation,Wind Onshore | Actual Consumption,2026-08-02T23:51:38Z
2026-08-02T23:49:28Z,2026-08-03T01:49:28+0200,65d3fff1-7125-472d-bbc3-1b240f9c8d5b,2026-07-29T00:30:00Z,2026-07-29T02:30:00+0200,134.567,MW,NL,NL,actual_onshore_wind_generation,Wind Onshore | Actual Aggregated,2026-08-02T23:51:38Z
2026-08-02T23:49:28Z,2026-08-03T01:49:28+0200,65d3fff1-7125-472d-bbc3-1b240f9c8d5b,2026-07-29T00:30:00Z,2026-07-29T02:30:00+0200,0.0,MW,NL,NL,actual_onshore_wind_generation,Wind Onshore | Actual Consumption,2026-08-02T23:51:38Z
2026-08-02T23:49:28Z,2026-08-03T01:49:28+0200,65d3fff1-7125-472d-bbc3-1b240f9c8d5b,2026-07-29T00:45:00Z,2026-07-29T02:45:00+0200,131.274,MW,NL,NL,actual_onshore_wind_generation,Wind Onshore | Actual Aggregated,2026-08-02T23:51:38Z
2026-08-02T23:49:28Z,2026-08-03T01:49:28+0200,65d3fff1-7125-472d-bbc3-1b240f9c8d5b,2026-07-29T00:45:00Z,2026-07-29T02:45:00+0200,0.0,MW,NL,NL,actual_onshore_wind_generation,Wind Onshore | Actual Consumption,2026-08-02T23:51:38Z
2026-08-02T23:49:28Z,2026-08-03T01:49:28+0200,65d3fff1-7125-472d-bbc3-1b240f9c8d5b,2026-07-29T01:00:00Z,2026-07-29T03:00:00+0200,133.547,MW,NL,NL,actual_onshore_wind_generation,Wind Onshore | Actual Aggregated,2026-08-02T23:51:38Z
2026-08-02T23:49:28Z,2026-08-03T01:49:28+0200,65d3fff1-7125-472d-bbc3-1b240f9c8d5b,2026-07-29T01:00:00Z,2026-07-29T03:00:00+0200,0.0,MW,NL,NL,actual_onshore_wind_generation,Wind Onshore | Actual Consumption,2026-08-02T23:51:38Z
2026-08-02T23:49:28Z,2026-08-03T01:49:28+0200,65d3fff1-7125-472d-bbc3-1b240f9c8d5b,2026-07-29T01:15:00Z,2026-07-29T03:15:00+0200,140.295,MW,NL,NL,actual_onshore_wind_generation,Wind Onshore | Actual Aggregated,2026-08-02T23:51:38Z
2026-08-02T23:49:28Z,2026-08-03T01:49:28+0200,65d3fff1-7125-472d-bbc3-1b240f9c8d5b,2026-07-29T01:15:00Z,2026-07-29T03:15:00+0200,0.0,MW,NL,NL,actual_onshore_wind_generation,Wind Onshore | Actual Consumption,2026-08-02T23:51:38Z
2026-08-02T23:49:28Z,2026-08-03T01:49:28+0200,65d3fff1-7125-472d-bbc3-1b240f9c8d5b,2026-07-29T01:30:00Z,2026-07-29T03:30:00+0200,137.752,MW,NL,NL,actual_onshore_wind_generation,Wind Onshore | Actual Aggregated,2026-08-02T23:51:38Z
2026-08-02T23:49:28Z,2026-08-03T01:49:28+0200,65d3fff1-7125-472d-bbc3-1b240f9c8d5b,2026-07-29T01:30:00Z,2026-07-29T03:30:00+0200,0.0,MW,NL,NL,actual_onshore_wind_generation,Wind Onshore | Actual Consumption,2026-08-02T23:51:38Z
2026-08-02T23:49:28Z,2026-08-03T01:49:28+0200,65d3fff1-7125-472d-bbc3-1b240f9c8d5b,2026-07-29T01:45:00Z,2026-07-29T03:45:00+0200,125.021,MW,NL,NL,actual_onshore_wind_generation,Wind Onshore | Actual Aggregated,2026-08-02T23:51:38Z
2026-08-02T23:49:28Z,2026-08-03T01:49:28+0200,65d3fff1-7125-472d-bbc3-1b240f9c8d5b,2026-07-29T01:45:00Z,2026-07-29T03:45:00+0200,0.0,MW,NL,NL,actual_onshore_wind_generation,Wind Onshore | Actual Consumption,2026-08-02T23:51:38Z
2026-08-02T23:49:28Z,2026-08-03T01:49:28+0200,65d3fff1-7125-472d-bbc3-1b240f9c8d5b,2026-07-29T02:00:00Z,2026-07-29T04:00:00+0200,138.755,MW,NL,NL,actual_onshore_wind_generation,Wind Onshore | Actual Aggregated,2026-08-02T23:51:38Z
2026-08-02T23:49:28Z,2026-08-03T01:49:28+0200,65d3fff1-7125-472d-bbc3-1b240f9c8d5b,2026-07-29T02:00:00Z,2026-07-29T04:00:00+0200,0.0,MW,NL,NL,actual_onshore_wind_generation,Wind Onshore | Actual Consumption,2026-08-02T23:51:38Z
2026-08-02T23:49:28Z,2026-08-03T01:49:28+0200,65d3fff1-7125-472d-bbc3-1b240f9c8d5b,2026-07-29T02:15:00Z,2026-07-29T04:15:00+0200,155.447,MW,NL,NL,actual_onshore_wind_generation,Wind Onshore | Actual Aggregated,2026-08-02T23:51:38Z
2026-08-02T23:49:28Z,2026-08-03T01:49:28+0200,65d3fff1-7125-472d-bbc3-1b240f9c8d5b,2026-07-29T02:15:00Z,2026-07-29T04:15:00+0200,0.0,MW,NL,NL,actual_onshore_wind_generation,Wind Onshore | Actual Consumption,2026-08-02T23:51:38Z
2026-08-02T23:49:28Z,2026-08-03T01:49:28+0200,65d3fff1-7125-472d-bbc3-1b240f9c8d5b,2026-07-29T02:30:00Z,2026-07-29T04:30:00+0200,178.56,MW,NL,NL,actual_onshore_wind_generation,Wind Onshore | Actual Aggregated,2026-08-02T23:51:38Z
2026-08-02T23:49:28Z,2026-08-03T01:49:28+0200,65d3fff1-7125-472d-bbc3-1b240f9c8d5b,2026-07-29T02:30:00Z,2026-07-29T04:30:00+0200,0.0,MW,NL,NL,actual_onshore_wind_generation,Wind Onshore | Actual Consumption,2026-08-02T23:51:38Z
2026-08-02T23:49:28Z,2026-08-03T01:49:28+0200,65d3fff1-7125-472d-bbc3-1b240f9c8d5b,2026-07-29T02:45:00Z,2026-07-29T04:45:00+0200,165.633,MW,NL,NL,actual_onshore_wind_generation,Wind Onshore | Actual Aggregated,2026-08-02T23:51:38Z
2026-08-02T23:49:28Z,2026-08-03T01:49:28+0200,65d3fff1-7125-472d-bbc3-1b240f9c8d5b,2026-07-29T02:45:00Z,2026-07-29T04:45:00+0200,0.0,MW,NL,NL,actual_onshore_wind_generation,Wind Onshore | Actual Consumption,2026-08-02T23:51:38Z
2026-08-02T23:49:28Z,2026-08-03T01:49:28+0200,65d3fff1-7125-472d-bbc3-1b240f9c8d5b,2026-07-29T03:00:00Z,2026-07-29T05:00:00+0200,153.555,MW,NL,NL,actual_onshore_wind_generation,Wind Onshore | Actual Aggregated,2026-08-02T23:51:38Z
2026-08-02T23:49:28Z,2026-08-03T01:49:28+0200,65d3fff1-7125-472d-bbc3-1b240f9c8d5b,2026-07-29T03:00:00Z,2026-07-29T05:00:00+0200,0.0,MW,NL,NL,actual_onshore_wind_generation,Wind Onshore | Actual Consumption,2026-08-02T23:51:38Z
2026-08-02T23:49:28Z,2026-08-03T01:49:28+0200,65d3fff1-7125-472d-bbc3-1b240f9c8d5b,2026-07-29T03:15:00Z,2026-07-29T05:15:00+0200,146.159,MW,NL,NL,actual_onshore_wind_generation,Wind Onshore | Actual Aggregated,2026-08-02T23:51:38Z
2026-08-02T23:49:28Z,2026-08-03T01:49:28+0200,65d3fff1-7125-472d-bbc3-1b240f9c8d5b,2026-07-29T03:15:00Z,2026-07-29T05:15:00+0200,0.0,MW,NL,NL,actual_onshore_wind_generation,Wind Onshore | Actual Consumption,2026-08-02T23:51:38Z
2026-08-02T23:49:28Z,2026-08-03T01:49:28+0200,65d3fff1-7125-472d-bbc3-1b240f9c8d5b,2026-07-29T03:30:00Z,2026-07-29T05:30:00+0200,143.311,MW,NL,NL,actual_onshore_wind_generation,Wind Onshore | Actual Aggregated,2026-08-02T23:51:38Z
2026-08-02T23:49:28Z,2026-08-03T01:49:28+0200,65d3fff1-7125-472d-bbc3-1b240f9c8d5b,2026-07-29T03:30:00Z,2026-07-29T05:30:00+0200,0.0,MW,NL,NL,actual_onshore_wind_generation,Wind Onshore | Actual Consumption,2026-08-02T23:51:38Z
2026-08-02T23:49:28Z,2026-08-03T01:49:28+0200,65d3fff1-7125-472d-bbc3-1b240f9c8d5b,2026-07-29T03:45:00Z,2026-07-29T05:45:00+0200,165.969,MW,NL,NL,actual_onshore_wind_generation,Wind Onshore | Actual Aggregated,2026-08-02T23:51:38Z
2026-08-02T23:49:28Z,2026-08-03T01:49:28+0200,65d3fff1-7125-472d-bbc3-1b240f9c8d5b,2026-07-29T03:45:00Z,2026-07-29T05:45:00+0200,0.0,MW,NL,NL,actual_onshore_wind_generation,Wind Onshore | Actual Consumption,2026-08-02T23:51:38Z
2026-08-02T23:49:28Z,2026-08-03T01:49:28+0200,65d3fff1-7125-472d-bbc3-1b240f9c8d5b,2026-07-29T04:00:00Z,2026-07-29T06:00:00+0200,168.454,MW,NL,NL,actual_onshore_wind_generation,Wind Onshore | Actual Aggregated,2026-08-02T23:51:38Z
2026-08-02T23:49:28Z,2026-08-03T01:49:28+0200,65d3fff1-7125-472d-bbc3-1b240f9c8d5b,2026-07-29T04:00:00Z,2026-07-29T06:00:00+0200,0.0,MW,NL,NL,actual_onshore_wind_generation,Wind Onshore | Actual Consumption,2026-08-02T23:51:38Z
2026-08-02T23:49:28Z,2026-08-03T01:49:28+0200,65d3fff1-7125-472d-bbc3-1b240f9c8d5b,2026-07-29T04:15:00Z,2026-07-29T06:15:00+0200,160.677,MW,NL,NL,actual_onshore_wind_generation,Wind Onshore | Actual Aggregated,2026-08-02T23:51:38Z
2026-08-02T23:49:28Z,2026-08-03T01:49:28+0200,65d3fff1-7125-472d-bbc3-1b240f9c8d5b,2026-07-29T04:15:00Z,2026-07-29T06:15:00+0200,0.0,MW,NL,NL,actual_onshore_wind_generation,Wind Onshore | Actual Consumption,2026-08-02T23:51:38Z
2026-08-02T23:49:28Z,2026-08-03T01:49:28+0200,65d3fff1-7125-472d-bbc3-1b240f9c8d5b,2026-07-29T04:30:00Z,2026-07-29T06:30:00+0200,155.245,MW,NL,NL,actual_onshore_wind_generation,Wind Onshore | Actual Aggregated,2026-08-02T23:51:38Z
2026-08-02T23:49:28Z,2026-08-03T01:49:28+0200,65d3fff1-7125-472d-bbc3-1b240f9c8d5b,2026-07-29T04:30:00Z,2026-07-29T06:30:00+0200,0.0,MW,NL,NL,actual_onshore_wind_generation,Wind Onshore | Actual Consumption,2026-08-02T23:51:38Z
2026-08-02T23:49:28Z,2026-08-03T01:49:28+0200,65d3fff1-7125-472d-bbc3-1b240f9c8d5b,2026-07-29T04:45:00Z,2026-07-29T06:45:00+0200,166.403,MW,NL,NL,actual_onshore_wind_generation,Wind Onshore | Actual Aggregated,2026-08-02T23:51:38Z
2026-08-02T23:49:28Z,2026-08-03T01:49:28+0200,65d3fff1-7125-472d-bbc3-1b240f9c8d5b,2026-07-29T04:45:00Z,2026-07-29T06:45:00+0200,0.0,MW,NL,NL,actual_onshore_wind_generation,Wind Onshore | Actual Consumption,2026-08-02T23:51:38Z
2026-08-02T23:49:28Z,2026-08-03T01:49:28+0200,65d3fff1-7125-472d-bbc3-1b240f9c8d5b,2026-07-29T05:00:00Z,2026-07-29T07:00:00+0200,170.952,MW,NL,NL,actual_onshore_wind_generation,Wind Onshore | Actual Aggregated,2026-08-02T23:51:38Z
2026-08-02T23:49:28Z,2026-08-03T01:49:28+0200,65d3fff1-7125-472d-bbc3-1b240f9c8d5b,2026-07-29T05:00:00Z,2026-07-29T07:00:00+0200,0.0,MW,NL,NL,actual_onshore_wind_generation,Wind Onshore | Actual Consumption,2026-08-02T23:51:38Z
2026-08-02T23:49:28Z,2026-08-03T01:49:28+0200,65d3fff1-7125-472d-bbc3-1b240f9c8d5b,2026-07-29T05:15:00Z,2026-07-29T07:15:00+0200,149.906,MW,NL,NL,actual_onshore_wind_generation,Wind Onshore | Actual Aggregated,2026-08-02T23:51:38Z
2026-08-02T23:49:28Z,2026-08-03T01:49:28+0200,65d3fff1-7125-472d-bbc3-1b240f9c8d5b,2026-07-29T05:15:00Z,2026-07-29T07:15:00+0200,0.0,MW,NL,NL,actual_onshore_wind_generation,Wind Onshore | Actual Consumption,2026-08-02T23:51:38Z
2026-08-02T23:49:28Z,2026-08-03T01:49:28+0200,65d3fff1-7125-472d-bbc3-1b240f9c8d5b,2026-07-29T05:30:00Z,2026-07-29T07:30:00+0200,128.02,MW,NL,NL,actual_onshore_wind_generation,Wind Onshore | Actual Aggregated,2026-08-02T23:51:38Z
2026-08-02T23:49:28Z,2026-08-03T01:49:28+0200,65d3fff1-7125-472d-bbc3-1b240f9c8d5b,2026-07-29T05:30:00Z,2026-07-29T07:30:00+0200,0.0,MW,NL,NL,actual_onshore_wind_generation,Wind Onshore | Actual Consumption,2026-08-02T23:51:38Z
2026-08-02T23:49:28Z,2026-08-03T01:49:28+0200,65d3fff1-7125-472d-bbc3-1b240f9c8d5b,2026-07-29T05:45:00Z,2026-07-29T07:45:00+0200,109.774,MW,NL,NL,actual_onshore_wind_generation,Wind Onshore | Actual Aggregated,2026-08-02T23:51:38Z
2026-08-02T23:49:28Z,2026-08-03T01:49:28+0200,65d3fff1-7125-472d-bbc3-1b240f9c8d5b,2026-07-29T05:45:00Z,2026-07-29T07:45:00+0200,0.0,MW,NL,NL,actual_onshore_wind_generation,Wind Onshore | Actual Consumption,2026-08-02T23:51:38Z
2026-08-02T23:49:28Z,2026-08-03T01:49:28+0200,65d3fff1-7125-472d-bbc3-1b240f9c8d5b,2026-07-29T06:00:00Z,2026-07-29T08:00:00+0200,104.18,MW,NL,NL,actual_onshore_wind_generation,Wind Onshore | Actual Aggregated,2026-08-02T23:51:38Z
2026-08-02T23:49:28Z,2026-08-03T01:49:28+0200,65d3fff1-7125-472d-bbc3-1b240f9c8d5b,2026-07-29T06:00:00Z,2026-07-29T08:00:00+0200,0.0,MW,NL,NL,actual_onshore_wind_generation,Wind Onshore | Actual Consumption,2026-08-02T23:51:38Z
2026-08-02T23:49:28Z,2026-08-03T01:49:28+0200,65d3fff1-7125-472d-bbc3-1b240f9c8d5b,2026-07-29T06:15:00Z,2026-07-29T08:15:00+0200,95.277,MW,NL,NL,actual_onshore_wind_generation,Wind Onshore | Actual Aggregated,2026-08-02T23:51:38Z
2026-08-02T23:49:28Z,2026-08-03T01:49:28+0200,65d3fff1-7125-472d-bbc3-1b240f9c8d5b,2026-07-29T06:15:00Z,2026-07-29T08:15:00+0200,0.0,MW,NL,NL,actual_onshore_wind_generation,Wind Onshore | Actual Consumption,2026-08-02T23:51:38Z
2026-08-02T23:49:28Z,2026-08-03T01:49:28+0200,65d3fff1-7125-472d-bbc3-1b240f9c8d5b,2026-07-29T06:30:00Z,2026-07-29T08:30:00+0200,72.897,MW,NL,NL,actual_onshore_wind_generation,Wind Onshore | Actual Aggregated,2026-08-02T23:51:38Z
2026-08-02T23:49:28Z,2026-08-03T01:49:28+0200,65d3fff1-7125-472d-bbc3-1b240f9c8d5b,2026-07-29T06:30:00Z,2026-07-29T08:30:00+0200,0.676,MW,NL,NL,actual_onshore_wind_generation,Wind Onshore | Actual Consumption,2026-08-02T23:51:38Z
2026-08-02T23:49:28Z,2026-08-03T01:49:28+0200,65d3fff1-7125-472d-bbc3-1b240f9c8d5b,2026-07-29T06:45:00Z,2026-07-29T08:45:00+0200,50.75,MW,NL,NL,actual_onshore_wind_generation,Wind Onshore | Actual Aggregated,2026-08-02T23:51:38Z
2026-08-02T23:49:28Z,2026-08-03T01:49:28+0200,65d3fff1-7125-472d-bbc3-1b240f9c8d5b,2026-07-29T06:45:00Z,2026-07-29T08:45:00+0200,1.387,MW,NL,NL,actual_onshore_wind_generation,Wind Onshore | Actual Consumption,2026-08-02T23:51:38Z
2026-08-02T23:49:28Z,2026-08-03T01:49:28+0200,65d3fff1-7125-472d-bbc3-1b240f9c8d5b,2026-07-29T07:00:00Z,2026-07-29T09:00:00+0200,38.292,MW,NL,NL,actual_onshore_wind_generation,Wind Onshore | Actual Aggregated,2026-08-02T23:51:38Z
2026-08-02T23:49:28Z,2026-08-03T01:49:28+0200,65d3fff1-7125-472d-bbc3-1b240f9c8d5b,2026-07-29T07:00:00Z,2026-07-29T09:00:00+0200,2.023,MW,NL,NL,actual_onshore_wind_generation,Wind Onshore | Actual Consumption,2026-08-02T23:51:38Z
2026-08-02T23:49:28Z,2026-08-03T01:49:28+0200,65d3fff1-7125-472d-bbc3-1b240f9c8d5b,2026-07-29T07:15:00Z,2026-07-29T09:15:00+0200,27.068,MW,NL,NL,actual_onshore_wind_generation,Wind Onshore | Actual Aggregated,2026-08-02T23:51:38Z
2026-08-02T23:49:28Z,2026-08-03T01:49:28+0200,65d3fff1-7125-472d-bbc3-1b240f9c8d5b,2026-07-29T07:15:00Z,2026-07-29T09:15:00+0200,2.384,MW,NL,NL,actual_onshore_wind_generation,Wind Onshore | Actual Consumption,2026-08-02T23:51:38Z
2026-08-02T23:49:28Z,2026-08-03T01:49:28+0200,65d3fff1-7125-472d-bbc3-1b240f9c8d5b,2026-07-29T07:30:00Z,2026-07-29T09:30:00+0200,14.439,MW,NL,NL,actual_onshore_wind_generation,Wind Onshore | Actual Aggregated,2026-08-02T23:51:38Z
2026-08-02T23:49:28Z,2026-08-03T01:49:28+0200,65d3fff1-7125-472d-bbc3-1b240f9c8d5b,2026-07-29T07:30:00Z,2026-07-29T09:30:00+0200,2.812,MW,NL,NL,actual_onshore_wind_generation,Wind Onshore | Actual Consumption,2026-08-02T23:51:38Z
2026-08-02T23:49:28Z,2026-08-03T01:49:28+0200,65d3fff1-7125-472d-bbc3-1b240f9c8d5b,2026-07-29T07:45:00Z,2026-07-29T09:45:00+0200,10.253,MW,NL,NL,actual_onshore_wind_generation,Wind Onshore | Actual Aggregated,2026-08-02T23:51:38Z
2026-08-02T23:49:28Z,2026-08-03T01:49:28+0200,65d3fff1-7125-472d-bbc3-1b240f9c8d5b,2026-07-29T07:45:00Z,2026-07-29T09:45:00+0200,3.137,MW,NL,NL,actual_onshore_wind_generation,Wind Onshore | Actual Consumption,2026-08-02T23:51:38Z
2026-08-02T23:49:28Z,2026-08-03T01:49:28+0200,65d3fff1-7125-472d-bbc3-1b240f9c8d5b,2026-07-29T08:00:00Z,2026-07-29T10:00:00+0200,7.163,MW,NL,NL,actual_onshore_wind_generation,Wind Onshore | Actual Aggregated,2026-08-02T23:51:38Z
2026-08-02T23:49:28Z,2026-08-03T01:49:28+0200,65d3fff1-7125-472d-bbc3-1b240f9c8d5b,2026-07-29T08:00:00Z,2026-07-29T10:00:00+0200,3.422,MW,NL,NL,actual_onshore_wind_generation,Wind Onshore | Actual Consumption,2026-08-02T23:51:38Z
2026-08-02T23:49:28Z,2026-08-03T01:49:28+0200,65d3fff1-7125-472d-bbc3-1b240f9c8d5b,2026-07-29T08:15:00Z,2026-07-29T10:15:00+0200,7.52,MW,NL,NL,actual_onshore_wind_generation,Wind Onshore | Actual Aggregated,2026-08-02T23:51:38Z
2026-08-02T23:49:28Z,2026-08-03T01:49:28+0200,65d3fff1-7125-472d-bbc3-1b240f9c8d5b,2026-07-29T08:15:00Z,2026-07-29T10:15:00+0200,3.569,MW,NL,NL,actual_onshore_wind_generation,Wind Onshore | Actual Consumption,2026-08-02T23:51:38Z
2026-08-02T23:49:28Z,2026-08-03T01:49:28+0200,65d3fff1-7125-472d-bbc3-1b240f9c8d5b,2026-07-29T08:30:00Z,2026-07-29T10:30:00+0200,9.975,MW,NL,NL,actual_onshore_wind_generation,Wind Onshore | Actual Aggregated,2026-08-02T23:51:38Z
2026-08-02T23:49:28Z,2026-08-03T01:49:28+0200,65d3fff1-7125-472d-bbc3-1b240f9c8d5b,2026-07-29T08:30:00Z,2026-07-29T10:30:00+0200,3.698,MW,NL,NL,actual_onshore_wind_generation,Wind Onshore | Actual Consumption,2026-08-02T23:51:38Z
2026-08-02T23:49:28Z,2026-08-03T01:49:28+0200,65d3fff1-7125-472d-bbc3-1b240f9c8d5b,2026-07-29T08:45:00Z,2026-07-29T10:45:00+0200,9.69,MW,NL,NL,actual_onshore_wind_generation,Wind Onshore | Actual Aggregated,2026-08-02T23:51:38Z
2026-08-02T23:49:28Z,2026-08-03T01:49:28+0200,65d3fff1-7125-472d-bbc3-1b240f9c8d5b,2026-07-29T08:45:00Z,2026-07-29T10:45:00+0200,3.554,MW,NL,NL,actual_onshore_wind_generation,Wind Onshore | Actual Consumption,2026-08-02T23:51:38Z
2026-08-02T23:49:28Z,2026-08-03T01:49:28+0200,65d3fff1-7125-472d-bbc3-1b240f9c8d5b,2026-07-29T09:00:00Z,2026-07-29T11:00:00+0200,9.909,MW,NL,NL,actual_onshore_wind_generation,Wind Onshore | Actual Aggregated,2026-08-02T23:51:38Z
2026-08-02T23:49:28Z,2026-08-03T01:49:28+0200,65d3fff1-7125-472d-bbc3-1b240f9c8d5b,2026-07-29T09:00:00Z,2026-07-29T11:00:00+0200,3.424,MW,NL,NL,actual_onshore_wind_generation,Wind Onshore | Actual Consumption,2026-08-02T23:51:38Z
2026-08-02T23:49:28Z,2026-08-03T01:49:28+0200,65d3fff1-7125-472d-bbc3-1b240f9c8d5b,2026-07-29T09:15:00Z,2026-07-29T11:15:00+0200,10.531,MW,NL,NL,actual_onshore_wind_generation,Wind Onshore | Actual Aggregated,2026-08-02T23:51:38Z
2026-08-02T23:49:28Z,2026-08-03T01:49:28+0200,65d3fff1-7125-472d-bbc3-1b240f9c8d5b,2026-07-29T09:15:00Z,2026-07-29T11:15:00+0200,3.711,MW,NL,NL,actual_onshore_wind_generation,Wind Onshore | Actual Consumption,2026-08-02T23:51:38Z
2026-08-02T23:49:28Z,2026-08-03T01:49:28+0200,65d3fff1-7125-472d-bbc3-1b240f9c8d5b,2026-07-29T09:30:00Z,2026-07-29T11:30:00+0200,6.768,MW,NL,NL,actual_onshore_wind_generation,Wind Onshore | Actual Aggregated,2026-08-02T23:51:38Z
2026-08-02T23:49:28Z,2026-08-03T01:49:28+0200,65d3fff1-7125-472d-bbc3-1b240f9c8d5b,2026-07-29T09:30:00Z,2026-07-29T11:30:00+0200,4.713,MW,NL,NL,actual_onshore_wind_generation,Wind Onshore | Actual Consumption,2026-08-02T23:51:38Z
2026-08-02T23:49:28Z,2026-08-03T01:49:28+0200,65d3fff1-7125-472d-bbc3-1b240f9c8d5b,2026-07-29T09:45:00Z,2026-07-29T11:45:00+0200,5.731,MW,NL,NL,actual_onshore_wind_generation,Wind Onshore | Actual Aggregated,2026-08-02T23:51:38Z
2026-08-02T23:49:28Z,2026-08-03T01:49:28+0200,65d3fff1-7125-472d-bbc3-1b240f9c8d5b,2026-07-29T09:45:00Z,2026-07-29T11:45:00+0200,5.748,MW,NL,NL,actual_onshore_wind_generation,Wind Onshore | Actual Consumption,2026-08-02T23:51:38Z
2026-08-02T23:49:28Z,2026-08-03T01:49:28+0200,65d3fff1-7125-472d-bbc3-1b240f9c8d5b,2026-07-29T10:00:00Z,2026-07-29T12:00:00+0200,7.069,MW,NL,NL,actual_onshore_wind_generation,Wind Onshore | Actual Aggregated,2026-08-02T23:51:38Z
2026-08-02T23:49:28Z,2026-08-03T01:49:28+0200,65d3fff1-7125-472d-bbc3-1b240f9c8d5b,2026-07-29T10:00:00Z,2026-07-29T12:00:00+0200,6.174,MW,NL,NL,actual_onshore_wind_generation,Wind Onshore | Actual Consumption,2026-08-02T23:51:38Z
2026-08-02T23:49:28Z,2026-08-03T01:49:28+0200,65d3fff1-7125-472d-bbc3-1b240f9c8d5b,2026-07-29T10:15:00Z,2026-07-29T12:15:00+0200,7.262,MW,NL,NL,actual_onshore_wind_generation,Wind Onshore | Actual Aggregated,2026-08-02T23:51:38Z
2026-08-02T23:49:28Z,2026-08-03T01:49:28+0200,65d3fff1-7125-472d-bbc3-1b240f9c8d5b,2026-07-29T10:15:00Z,2026-07-29T12:15:00+0200,6.121,MW,NL,NL,actual_onshore_wind_generation,Wind Onshore | Actual Consumption,2026-08-02T23:51:38Z
2026-08-02T23:49:28Z,2026-08-03T01:49:28+0200,65d3fff1-7125-472d-bbc3-1b240f9c8d5b,2026-07-29T10:30:00Z,2026-07-29T12:30:00+0200,9.907,MW,NL,NL,actual_onshore_wind_generation,Wind Onshore | Actual Aggregated,2026-08-02T23:51:38Z
2026-08-02T23:49:28Z,2026-08-03T01:49:28+0200,65d3fff1-7125-472d-bbc3-1b240f9c8d5b,2026-07-29T10:30:00Z,2026-07-29T12:30:00+0200,3.226,MW,NL,NL,actual_onshore_wind_generation,Wind Onshore | Actual Consumption,2026-08-02T23:51:38Z
2026-08-02T23:49:28Z,2026-08-03T01:49:28+0200,65d3fff1-7125-472d-bbc3-1b240f9c8d5b,2026-07-29T10:45:00Z,2026-07-29T12:45:00+0200,13.748,MW,NL,NL,actual_onshore_wind_generation,Wind Onshore | Actual Aggregated,2026-08-02T23:51:38Z
2026-08-02T23:49:28Z,2026-08-03T01:49:28+0200,65d3fff1-7125-472d-bbc3-1b240f9c8d5b,2026-07-29T10:45:00Z,2026-07-29T12:45:00+0200,1.627,MW,NL,NL,actual_onshore_wind_generation,Wind Onshore | Actual Consumption,2026-08-02T23:51:38Z
2026-08-02T23:49:28Z,2026-08-03T01:49:28+0200,65d3fff1-7125-472d-bbc3-1b240f9c8d5b,2026-07-29T11:00:00Z,2026-07-29T13:00:00+0200,12.708,MW,NL,NL,actual_onshore_wind_generation,Wind Onshore | Actual Aggregated,2026-08-02T23:51:38Z
2026-08-02T23:49:28Z,2026-08-03T01:49:28+0200,65d3fff1-7125-472d-bbc3-1b240f9c8d5b,2026-07-29T11:00:00Z,2026-07-29T13:00:00+0200,0.932,MW,NL,NL,actual_onshore_wind_generation,Wind Onshore | Actual Consumption,2026-08-02T23:51:38Z
2026-08-02T23:49:28Z,2026-08-03T01:49:28+0200,65d3fff1-7125-472d-bbc3-1b240f9c8d5b,2026-07-29T11:15:00Z,2026-07-29T13:15:00+0200,13.404,MW,NL,NL,actual_onshore_wind_generation,Wind Onshore | Actual Aggregated,2026-08-02T23:51:38Z
2026-08-02T23:49:28Z,2026-08-03T01:49:28+0200,65d3fff1-7125-472d-bbc3-1b240f9c8d5b,2026-07-29T11:15:00Z,2026-07-29T13:15:00+0200,0.614,MW,NL,NL,actual_onshore_wind_generation,Wind Onshore | Actual Consumption,2026-08-02T23:51:38Z
2026-08-02T23:49:28Z,2026-08-03T01:49:28+0200,65d3fff1-7125-472d-bbc3-1b240f9c8d5b,2026-07-29T11:30:00Z,2026-07-29T13:30:00+0200,11.29,MW,NL,NL,actual_onshore_wind_generation,Wind Onshore | Actual Aggregated,2026-08-02T23:51:38Z
2026-08-02T23:49:28Z,2026-08-03T01:49:28+0200,65d3fff1-7125-472d-bbc3-1b240f9c8d5b,2026-07-29T11:30:00Z,2026-07-29T13:30:00+0200,0.597,MW,NL,NL,actual_onshore_wind_generation,Wind Onshore | Actual Consumption,2026-08-02T23:51:38Z
2026-08-02T23:49:28Z,2026-08-03T01:49:28+0200,65d3fff1-7125-472d-bbc3-1b240f9c8d5b,2026-07-29T11:45:00Z,2026-07-29T13:45:00+0200,12.387,MW,NL,NL,actual_onshore_wind_generation,Wind Onshore | Actual Aggregated,2026-08-02T23:51:38Z
2026-08-02T23:49:28Z,2026-08-03T01:49:28+0200,65d3fff1-7125-472d-bbc3-1b240f9c8d5b,2026-07-29T11:45:00Z,2026-07-29T13:45:00+0200,0.787,MW,NL,NL,actual_onshore_wind_generation,Wind Onshore | Actual Consumption,2026-08-02T23:51:38Z
2026-08-02T23:49:28Z,2026-08-03T01:49:28+0200,65d3fff1-7125-472d-bbc3-1b240f9c8d5b,2026-07-29T12:00:00Z,2026-07-29T14:00:00+0200,13.554,MW,NL,NL,actual_onshore_wind_generation,Wind Onshore | Actual Aggregated,2026-08-02T23:51:38Z
2026-08-02T23:49:28Z,2026-08-03T01:49:28+0200,65d3fff1-7125-472d-bbc3-1b240f9c8d5b,2026-07-29T12:00:00Z,2026-07-29T14:00:00+0200,1.259,MW,NL,NL,actual_onshore_wind_generation,Wind Onshore | Actual Consumption,2026-08-02T23:51:38Z
2026-08-02T23:49:28Z,2026-08-03T01:49:28+0200,65d3fff1-7125-472d-bbc3-1b240f9c8d5b,2026-07-29T12:15:00Z,2026-07-29T14:15:00+0200,16.431,MW,NL,NL,actual_onshore_wind_generation,Wind Onshore | Actual Aggregated,2026-08-02T23:51:38Z
2026-08-02T23:49:28Z,2026-08-03T01:49:28+0200,65d3fff1-7125-472d-bbc3-1b240f9c8d5b,2026-07-29T12:15:00Z,2026-07-29T14:15:00+0200,2.585,MW,NL,NL,actual_onshore_wind_generation,Wind Onshore | Actual Consumption,2026-08-02T23:51:38Z
2026-08-02T23:49:28Z,2026-08-03T01:49:28+0200,65d3fff1-7125-472d-bbc3-1b240f9c8d5b,2026-07-29T12:30:00Z,2026-07-29T14:30:00+0200,24.159,MW,NL,NL,actual_onshore_wind_generation,Wind Onshore | Actual Aggregated,2026-08-02T23:51:38Z
2026-08-02T23:49:28Z,2026-08-03T01:49:28+0200,65d3fff1-7125-472d-bbc3-1b240f9c8d5b,2026-07-29T12:30:00Z,2026-07-29T14:30:00+0200,2.685,MW,NL,NL,actual_onshore_wind_generation,Wind Onshore | Actual Consumption,2026-08-02T23:51:38Z
2026-08-02T23:49:28Z,2026-08-03T01:49:28+0200,65d3fff1-7125-472d-bbc3-1b240f9c8d5b,2026-07-29T12:45:00Z,2026-07-29T14:45:00+0200,28.986,MW,NL,NL,actual_onshore_wind_generation,Wind Onshore | Actual Aggregated,2026-08-02T23:51:38Z
2026-08-02T23:49:28Z,2026-08-03T01:49:28+0200,65d3fff1-7125-472d-bbc3-1b240f9c8d5b,2026-07-29T12:45:00Z,2026-07-29T14:45:00+0200,3.939,MW,NL,NL,actual_onshore_wind_generation,Wind Onshore | Actual Consumption,2026-08-02T23:51:38Z
2026-08-02T23:49:28Z,2026-08-03T01:49:28+0200,65d3fff1-7125-472d-bbc3-1b240f9c8d5b,2026-07-29T13:00:00Z,2026-07-29T15:00:00+0200,32.047,MW,NL,NL,actual_onshore_wind_generation,Wind Onshore | Actual Aggregated,2026-08-02T23:51:38Z
2026-08-02T23:49:28Z,2026-08-03T01:49:28+0200,65d3fff1-7125-472d-bbc3-1b240f9c8d5b,2026-07-29T13:00:00Z,2026-07-29T15:00:00+0200,3.909,MW,NL,NL,actual_onshore_wind_generation,Wind Onshore | Actual Consumption,2026-08-02T23:51:38Z
2026-08-02T23:49:28Z,2026-08-03T01:49:28+0200,65d3fff1-7125-472d-bbc3-1b240f9c8d5b,2026-07-29T13:15:00Z,2026-07-29T15:15:00+0200,30.581,MW,NL,NL,actual_onshore_wind_generation,Wind Onshore | Actual Aggregated,2026-08-02T23:51:38Z
2026-08-02T23:49:28Z,2026-08-03T01:49:28+0200,65d3fff1-7125-472d-bbc3-1b240f9c8d5b,2026-07-29T13:15:00Z,2026-07-29T15:15:00+0200,4.108,MW,NL,NL,actual_onshore_wind_generation,Wind Onshore | Actual Consumption,2026-08-02T23:51:38Z
2026-08-02T23:49:28Z,2026-08-03T01:49:28+0200,65d3fff1-7125-472d-bbc3-1b240f9c8d5b,2026-07-29T13:30:00Z,2026-07-29T15:30:00+0200,32.873,MW,NL,NL,actual_onshore_wind_generation,Wind Onshore | Actual Aggregated,2026-08-02T23:51:38Z
2026-08-02T23:49:28Z,2026-08-03T01:49:28+0200,65d3fff1-7125-472d-bbc3-1b240f9c8d5b,2026-07-29T13:30:00Z,2026-07-29T15:30:00+0200,4.42,MW,NL,NL,actual_onshore_wind_generation,Wind Onshore | Actual Consumption,2026-08-02T23:51:38Z
2026-08-02T23:49:28Z,2026-08-03T01:49:28+0200,65d3fff1-7125-472d-bbc3-1b240f9c8d5b,2026-07-29T13:45:00Z,2026-07-29T15:45:00+0200,25.051,MW,NL,NL,actual_onshore_wind_generation,Wind Onshore | Actual Aggregated,2026-08-02T23:51:38Z
2026-08-02T23:49:28Z,2026-08-03T01:49:28+0200,65d3fff1-7125-472d-bbc3-1b240f9c8d5b,2026-07-29T13:45:00Z,2026-07-29T15:45:00+0200,4.843,MW,NL,NL,actual_onshore_wind_generation,Wind Onshore | Actual Consumption,2026-08-02T23:51:38Z
2026-08-02T23:49:28Z,2026-08-03T01:49:28+0200,65d3fff1-7125-472d-bbc3-1b240f9c8d5b,2026-07-29T14:00:00Z,2026-07-29T16:00:00+0200,28.809,MW,NL,NL,actual_onshore_wind_generation,Wind Onshore | Actual Aggregated,2026-08-02T23:51:38Z
2026-08-02T23:49:28Z,2026-08-03T01:49:28+0200,65d3fff1-7125-472d-bbc3-1b240f9c8d5b,2026-07-29T14:00:00Z,2026-07-29T16:00:00+0200,4.495,MW,NL,NL,actual_onshore_wind_generation,Wind Onshore | Actual Consumption,2026-08-02T23:51:38Z
2026-08-02T23:49:28Z,2026-08-03T01:49:28+0200,65d3fff1-7125-472d-bbc3-1b240f9c8d5b,2026-07-29T14:15:00Z,2026-07-29T16:15:00+0200,24.684,MW,NL,NL,actual_onshore_wind_generation,Wind Onshore | Actual Aggregated,2026-08-02T23:51:38Z
2026-08-02T23:49:28Z,2026-08-03T01:49:28+0200,65d3fff1-7125-472d-bbc3-1b240f9c8d5b,2026-07-29T14:15:00Z,2026-07-29T16:15:00+0200,4.545,MW,NL,NL,actual_onshore_wind_generation,Wind Onshore | Actual Consumption,2026-08-02T23:51:38Z
2026-08-02T23:49:28Z,2026-08-03T01:49:28+0200,65d3fff1-7125-472d-bbc3-1b240f9c8d5b,2026-07-29T14:30:00Z,2026-07-29T16:30:00+0200,23.67,MW,NL,NL,actual_onshore_wind_generation,Wind Onshore | Actual Aggregated,2026-08-02T23:51:38Z
2026-08-02T23:49:28Z,2026-08-03T01:49:28+0200,65d3fff1-7125-472d-bbc3-1b240f9c8d5b,2026-07-29T14:30:00Z,2026-07-29T16:30:00+0200,4.726,MW,NL,NL,actual_onshore_wind_generation,Wind Onshore | Actual Consumption,2026-08-02T23:51:38Z
2026-08-02T23:49:28Z,2026-08-03T01:49:28+0200,65d3fff1-7125-472d-bbc3-1b240f9c8d5b,2026-07-29T14:45:00Z,2026-07-29T16:45:00+0200,27.194,MW,NL,NL,actual_onshore_wind_generation,Wind Onshore | Actual Aggregated,2026-08-02T23:51:38Z
2026-08-02T23:49:28Z,2026-08-03T01:49:28+0200,65d3fff1-7125-472d-bbc3-1b240f9c8d5b,2026-07-29T14:45:00Z,2026-07-29T16:45:00+0200,3.151,MW,NL,NL,actual_onshore_wind_generation,Wind Onshore | Actual Consumption,2026-08-02T23:51:38Z
2026-08-02T23:49:28Z,2026-08-03T01:49:28+0200,65d3fff1-7125-472d-bbc3-1b240f9c8d5b,2026-07-29T15:00:00Z,2026-07-29T17:00:00+0200,24.906,MW,NL,NL,actual_onshore_wind_generation,Wind Onshore | Actual Aggregated,2026-08-02T23:51:38Z
2026-08-02T23:49:28Z,2026-08-03T01:49:28+0200,65d3fff1-7125-472d-bbc3-1b240f9c8d5b,2026-07-29T15:00:00Z,2026-07-29T17:00:00+0200,2.213,MW,NL,NL,actual_onshore_wind_generation,Wind Onshore | Actual Consumption,2026-08-02T23:51:38Z
2026-08-02T23:49:28Z,2026-08-03T01:49:28+0200,65d3fff1-7125-472d-bbc3-1b240f9c8d5b,2026-07-29T15:15:00Z,2026-07-29T17:15:00+0200,19.354,MW,NL,NL,actual_onshore_wind_generation,Wind Onshore | Actual Aggregated,2026-08-02T23:51:38Z
2026-08-02T23:49:28Z,2026-08-03T01:49:28+0200,65d3fff1-7125-472d-bbc3-1b240f9c8d5b,2026-07-29T15:15:00Z,2026-07-29T17:15:00+0200,2.027,MW,NL,NL,actual_onshore_wind_generation,Wind Onshore | Actual Consumption,2026-08-02T23:51:38Z
2026-08-02T23:49:28Z,2026-08-03T01:49:28+0200,65d3fff1-7125-472d-bbc3-1b240f9c8d5b,2026-07-29T15:30:00Z,2026-07-29T17:30:00+0200,13.607,MW,NL,NL,actual_onshore_wind_generation,Wind Onshore | Actual Aggregated,2026-08-02T23:51:38Z
2026-08-02T23:49:28Z,2026-08-03T01:49:28+0200,65d3fff1-7125-472d-bbc3-1b240f9c8d5b,2026-07-29T15:30:00Z,2026-07-29T17:30:00+0200,2.407,MW,NL,NL,actual_onshore_wind_generation,Wind Onshore | Actual Consumption,2026-08-02T23:51:38Z
2026-08-02T23:49:28Z,2026-08-03T01:49:28+0200,65d3fff1-7125-472d-bbc3-1b240f9c8d5b,2026-07-29T15:45:00Z,2026-07-29T17:45:00+0200,12.494,MW,NL,NL,actual_onshore_wind_generation,Wind Onshore | Actual Aggregated,2026-08-02T23:51:38Z
2026-08-02T23:49:28Z,2026-08-03T01:49:28+0200,65d3fff1-7125-472d-bbc3-1b240f9c8d5b,2026-07-29T15:45:00Z,2026-07-29T17:45:00+0200,3.751,MW,NL,NL,actual_onshore_wind_generation,Wind Onshore | Actual Consumption,2026-08-02T23:51:38Z
2026-08-02T23:49:28Z,2026-08-03T01:49:28+0200,65d3fff1-7125-472d-bbc3-1b240f9c8d5b,2026-07-29T16:00:00Z,2026-07-29T18:00:00+0200,16.501,MW,NL,NL,actual_onshore_wind_generation,Wind Onshore | Actual Aggregated,2026-08-02T23:51:38Z
2026-08-02T23:49:28Z,2026-08-03T01:49:28+0200,65d3fff1-7125-472d-bbc3-1b240f9c8d5b,2026-07-29T16:00:00Z,2026-07-29T18:00:00+0200,4.913,MW,NL,NL,actual_onshore_wind_generation,Wind Onshore | Actual Consumption,2026-08-02T23:51:38Z
2026-08-02T23:49:28Z,2026-08-03T01:49:28+0200,65d3fff1-7125-472d-bbc3-1b240f9c8d5b,2026-07-29T16:15:00Z,2026-07-29T18:15:00+0200,14.719,MW,NL,NL,actual_onshore_wind_generation,Wind Onshore | Actual Aggregated,2026-08-02T23:51:38Z
2026-08-02T23:49:28Z,2026-08-03T01:49:28+0200,65d3fff1-7125-472d-bbc3-1b240f9c8d5b,2026-07-29T16:15:00Z,2026-07-29T18:15:00+0200,5.173,MW,NL,NL,actual_onshore_wind_generation,Wind Onshore | Actual Consumption,2026-08-02T23:51:38Z
2026-08-02T23:49:28Z,2026-08-03T01:49:28+0200,65d3fff1-7125-472d-bbc3-1b240f9c8d5b,2026-07-29T16:30:00Z,2026-07-29T18:30:00+0200,10.721,MW,NL,NL,actual_onshore_wind_generation,Wind Onshore | Actual Aggregated,2026-08-02T23:51:38Z
2026-08-02T23:49:28Z,2026-08-03T01:49:28+0200,65d3fff1-7125-472d-bbc3-1b240f9c8d5b,2026-07-29T16:30:00Z,2026-07-29T18:30:00+0200,5.2,MW,NL,NL,actual_onshore_wind_generation,Wind Onshore | Actual Consumption,2026-08-02T23:51:38Z
2026-08-02T23:49:28Z,2026-08-03T01:49:28+0200,65d3fff1-7125-472d-bbc3-1b240f9c8d5b,2026-07-29T16:45:00Z,2026-07-29T18:45:00+0200,8.053,MW,NL,NL,actual_onshore_wind_generation,Wind Onshore | Actual Aggregated,2026-08-02T23:51:38Z
2026-08-02T23:49:28Z,2026-08-03T01:49:28+0200,65d3fff1-7125-472d-bbc3-1b240f9c8d5b,2026-07-29T16:45:00Z,2026-07-29T18:45:00+0200,6.106,MW,NL,NL,actual_onshore_wind_generation,Wind Onshore | Actual Consumption,2026-08-02T23:51:38Z
2026-08-02T23:49:28Z,2026-08-03T01:49:28+0200,65d3fff1-7125-472d-bbc3-1b240f9c8d5b,2026-07-29T17:00:00Z,2026-07-29T19:00:00+0200,4.167,MW,NL,NL,actual_onshore_wind_generation,Wind Onshore | Actual Aggregated,2026-08-02T23:51:38Z
2026-08-02T23:49:28Z,2026-08-03T01:49:28+0200,65d3fff1-7125-472d-bbc3-1b240f9c8d5b,2026-07-29T17:00:00Z,2026-07-29T19:00:00+0200,6.535,MW,NL,NL,actual_onshore_wind_generation,Wind Onshore | Actual Consumption,2026-08-02T23:51:38Z
2026-08-02T23:49:28Z,2026-08-03T01:49:28+0200,65d3fff1-7125-472d-bbc3-1b240f9c8d5b,2026-07-29T17:15:00Z,2026-07-29T19:15:00+0200,3.519,MW,NL,NL,actual_onshore_wind_generation,Wind Onshore | Actual Aggregated,2026-08-02T23:51:38Z
2026-08-02T23:49:28Z,2026-08-03T01:49:28+0200,65d3fff1-7125-472d-bbc3-1b240f9c8d5b,2026-07-29T17:15:00Z,2026-07-29T19:15:00+0200,7.056,MW,NL,NL,actual_onshore_wind_generation,Wind Onshore | Actual Consumption,2026-08-02T23:51:38Z
2026-08-02T23:49:28Z,2026-08-03T01:49:28+0200,65d3fff1-7125-472d-bbc3-1b240f9c8d5b,2026-07-29T17:30:00Z,2026-07-29T19:30:00+0200,2.431,MW,NL,NL,actual_onshore_wind_generation,Wind Onshore | Actual Aggregated,2026-08-02T23:51:38Z
2026-08-02T23:49:28Z,2026-08-03T01:49:28+0200,65d3fff1-7125-472d-bbc3-1b240f9c8d5b,2026-07-29T17:30:00Z,2026-07-29T19:30:00+0200,7.353,MW,NL,NL,actual_onshore_wind_generation,Wind Onshore | Actual Consumption,2026-08-02T23:51:38Z
2026-08-02T23:49:28Z,2026-08-03T01:49:28+0200,65d3fff1-7125-472d-bbc3-1b240f9c8d5b,2026-07-29T17:45:00Z,2026-07-29T19:45:00+0200,2.096,MW,NL,NL,actual_onshore_wind_generation,Wind Onshore | Actual Aggregated,2026-08-02T23:51:38Z
2026-08-02T23:49:28Z,2026-08-03T01:49:28+0200,65d3fff1-7125-472d-bbc3-1b240f9c8d5b,2026-07-29T17:45:00Z,2026-07-29T19:45:00+0200,7.774,MW,NL,NL,actual_onshore_wind_generation,Wind Onshore | Actual Consumption,2026-08-02T23:51:38Z
2026-08-02T23:49:28Z,2026-08-03T01:49:28+0200,65d3fff1-7125-472d-bbc3-1b240f9c8d5b,2026-07-29T18:00:00Z,2026-07-29T20:00:00+0200,1.617,MW,NL,NL,actual_onshore_wind_generation,Wind Onshore | Actual Aggregated,2026-08-02T23:51:38Z
2026-08-02T23:49:28Z,2026-08-03T01:49:28+0200,65d3fff1-7125-472d-bbc3-1b240f9c8d5b,2026-07-29T18:00:00Z,2026-07-29T20:00:00+0200,7.443,MW,NL,NL,actual_onshore_wind_generation,Wind Onshore | Actual Consumption,2026-08-02T23:51:38Z
2026-08-02T23:49:28Z,2026-08-03T01:49:28+0200,65d3fff1-7125-472d-bbc3-1b240f9c8d5b,2026-07-29T18:15:00Z,2026-07-29T20:15:00+0200,4.335,MW,NL,NL,actual_onshore_wind_generation,Wind Onshore | Actual Aggregated,2026-08-02T23:51:38Z
2026-08-02T23:49:28Z,2026-08-03T01:49:28+0200,65d3fff1-7125-472d-bbc3-1b240f9c8d5b,2026-07-29T18:15:00Z,2026-07-29T20:15:00+0200,6.888,MW,NL,NL,actual_onshore_wind_generation,Wind Onshore | Actual Consumption,2026-08-02T23:51:38Z
2026-08-02T23:49:28Z,2026-08-03T01:49:28+0200,65d3fff1-7125-472d-bbc3-1b240f9c8d5b,2026-07-29T18:30:00Z,2026-07-29T20:30:00+0200,3.683,MW,NL,NL,actual_onshore_wind_generation,Wind Onshore | Actual Aggregated,2026-08-02T23:51:38Z
2026-08-02T23:49:28Z,2026-08-03T01:49:28+0200,65d3fff1-7125-472d-bbc3-1b240f9c8d5b,2026-07-29T18:30:00Z,2026-07-29T20:30:00+0200,6.645,MW,NL,NL,actual_onshore_wind_generation,Wind Onshore | Actual Consumption,2026-08-02T23:51:38Z
2026-08-02T23:49:28Z,2026-08-03T01:49:28+0200,65d3fff1-7125-472d-bbc3-1b240f9c8d5b,2026-07-29T18:45:00Z,2026-07-29T20:45:00+0200,5.76,MW,NL,NL,actual_onshore_wind_generation,Wind Onshore | Actual Aggregated,2026-08-02T23:51:38Z
2026-08-02T23:49:28Z,2026-08-03T01:49:28+0200,65d3fff1-7125-472d-bbc3-1b240f9c8d5b,2026-07-29T18:45:00Z,2026-07-29T20:45:00+0200,6.335,MW,NL,NL,actual_onshore_wind_generation,Wind Onshore | Actual Consumption,2026-08-02T23:51:38Z
2026-08-02T23:49:28Z,2026-08-03T01:49:28+0200,65d3fff1-7125-472d-bbc3-1b240f9c8d5b,2026-07-29T19:00:00Z,2026-07-29T21:00:00+0200,8.545,MW,NL,NL,actual_onshore_wind_generation,Wind Onshore | Actual Aggregated,2026-08-02T23:51:38Z
2026-08-02T23:49:28Z,2026-08-03T01:49:28+0200,65d3fff1-7125-472d-bbc3-1b240f9c8d5b,2026-07-29T19:00:00Z,2026-07-29T21:00:00+0200,4.816,MW,NL,NL,actual_onshore_wind_generation,Wind Onshore | Actual Consumption,2026-08-02T23:51:38Z
2026-08-02T23:49:28Z,2026-08-03T01:49:28+0200,65d3fff1-7125-472d-bbc3-1b240f9c8d5b,2026-07-29T19:15:00Z,2026-07-29T21:15:00+0200,17.395,MW,NL,NL,actual_onshore_wind_generation,Wind Onshore | Actual Aggregated,2026-08-02T23:51:38Z
2026-08-02T23:49:28Z,2026-08-03T01:49:28+0200,65d3fff1-7125-472d-bbc3-1b240f9c8d5b,2026-07-29T19:15:00Z,2026-07-29T21:15:00+0200,0.434,MW,NL,NL,actual_onshore_wind_generation,Wind Onshore | Actual Consumption,2026-08-02T23:51:38Z
2026-08-02T23:49:28Z,2026-08-03T01:49:28+0200,65d3fff1-7125-472d-bbc3-1b240f9c8d5b,2026-07-29T19:30:00Z,2026-07-29T21:30:00+0200,29.093,MW,NL,NL,actual_onshore_wind_generation,Wind Onshore | Actual Aggregated,2026-08-02T23:51:38Z
2026-08-02T23:49:28Z,2026-08-03T01:49:28+0200,65d3fff1-7125-472d-bbc3-1b240f9c8d5b,2026-07-29T19:30:00Z,2026-07-29T21:30:00+0200,0.271,MW,NL,NL,actual_onshore_wind_generation,Wind Onshore | Actual Consumption,2026-08-02T23:51:38Z
2026-08-02T23:49:28Z,2026-08-03T01:49:28+0200,65d3fff1-7125-472d-bbc3-1b240f9c8d5b,2026-07-29T19:45:00Z,2026-07-29T21:45:00+0200,38.391,MW,NL,NL,actual_onshore_wind_generation,Wind Onshore | Actual Aggregated,2026-08-02T23:51:38Z
2026-08-02T23:49:28Z,2026-08-03T01:49:28+0200,65d3fff1-7125-472d-bbc3-1b240f9c8d5b,2026-07-29T19:45:00Z,2026-07-29T21:45:00+0200,0.381,MW,NL,NL,actual_onshore_wind_generation,Wind Onshore | Actual Consumption,2026-08-02T23:51:38Z
2026-08-02T23:49:28Z,2026-08-03T01:49:28+0200,65d3fff1-7125-472d-bbc3-1b240f9c8d5b,2026-07-29T20:00:00Z,2026-07-29T22:00:00+0200,66.019,MW,NL,NL,actual_onshore_wind_generation,Wind Onshore | Actual Aggregated,2026-08-02T23:51:38Z
2026-08-02T23:49:28Z,2026-08-03T01:49:28+0200,65d3fff1-7125-472d-bbc3-1b240f9c8d5b,2026-07-29T20:00:00Z,2026-07-29T22:00:00+0200,0.387,MW,NL,NL,actual_onshore_wind_generation,Wind Onshore | Actual Consumption,2026-08-02T23:51:38Z
2026-08-02T23:49:28Z,2026-08-03T01:49:28+0200,65d3fff1-7125-472d-bbc3-1b240f9c8d5b,2026-07-29T20:15:00Z,2026-07-29T22:15:00+0200,90.668,MW,NL,NL,actual_onshore_wind_generation,Wind Onshore | Actual Aggregated,2026-08-02T23:51:38Z
2026-08-02T23:49:28Z,2026-08-03T01:49:28+0200,65d3fff1-7125-472d-bbc3-1b240f9c8d5b,2026-07-29T20:15:00Z,2026-07-29T22:15:00+0200,0.387,MW,NL,NL,actual_onshore_wind_generation,Wind Onshore | Actual Consumption,2026-08-02T23:51:38Z
2026-08-02T23:49:28Z,2026-08-03T01:49:28+0200,65d3fff1-7125-472d-bbc3-1b240f9c8d5b,2026-07-29T20:30:00Z,2026-07-29T22:30:00+0200,110.809,MW,NL,NL,actual_onshore_wind_generation,Wind Onshore | Actual Aggregated,2026-08-02T23:51:38Z
2026-08-02T23:49:28Z,2026-08-03T01:49:28+0200,65d3fff1-7125-472d-bbc3-1b240f9c8d5b,2026-07-29T20:30:00Z,2026-07-29T22:30:00+0200,0.387,MW,NL,NL,actual_onshore_wind_generation,Wind Onshore | Actual Consumption,2026-08-02T23:51:38Z
2026-08-02T23:49:28Z,2026-08-03T01:49:28+0200,65d3fff1-7125-472d-bbc3-1b240f9c8d5b,2026-07-29T20:45:00Z,2026-07-29T22:45:00+0200,145.336,MW,NL,NL,actual_onshore_wind_generation,Wind Onshore | Actual Aggregated,2026-08-02T23:51:38Z
2026-08-02T23:49:28Z,2026-08-03T01:49:28+0200,65d3fff1-7125-472d-bbc3-1b240f9c8d5b,2026-07-29T20:45:00Z,2026-07-29T22:45:00+0200,0.316,MW,NL,NL,actual_onshore_wind_generation,Wind Onshore | Actual Consumption,2026-08-02T23:51:38Z
2026-08-02T23:49:28Z,2026-08-03T01:49:28+0200,65d3fff1-7125-472d-bbc3-1b240f9c8d5b,2026-07-29T21:00:00Z,2026-07-29T23:00:00+0200,176.774,MW,NL,NL,actual_onshore_wind_generation,Wind Onshore | Actual Aggregated,2026-08-02T23:51:38Z
2026-08-02T23:49:28Z,2026-08-03T01:49:28+0200,65d3fff1-7125-472d-bbc3-1b240f9c8d5b,2026-07-29T21:00:00Z,2026-07-29T23:00:00+0200,0.29,MW,NL,NL,actual_onshore_wind_generation,Wind Onshore | Actual Consumption,2026-08-02T23:51:38Z
2026-08-02T23:49:28Z,2026-08-03T01:49:28+0200,65d3fff1-7125-472d-bbc3-1b240f9c8d5b,2026-07-29T21:15:00Z,2026-07-29T23:15:00+0200,206.898,MW,NL,NL,actual_onshore_wind_generation,Wind Onshore | Actual Aggregated,2026-08-02T23:51:38Z
2026-08-02T23:49:28Z,2026-08-03T01:49:28+0200,65d3fff1-7125-472d-bbc3-1b240f9c8d5b,2026-07-29T21:15:00Z,2026-07-29T23:15:00+0200,0.29,MW,NL,NL,actual_onshore_wind_generation,Wind Onshore | Actual Consumption,2026-08-02T23:51:38Z
2026-08-02T23:49:28Z,2026-08-03T01:49:28+0200,65d3fff1-7125-472d-bbc3-1b240f9c8d5b,2026-07-29T21:30:00Z,2026-07-29T23:30:00+0200,241.156,MW,NL,NL,actual_onshore_wind_generation,Wind Onshore | Actual Aggregated,2026-08-02T23:51:38Z
2026-08-02T23:49:28Z,2026-08-03T01:49:28+0200,65d3fff1-7125-472d-bbc3-1b240f9c8d5b,2026-07-29T21:30:00Z,2026-07-29T23:30:00+0200,0.0,MW,NL,NL,actual_onshore_wind_generation,Wind Onshore | Actual Consumption,2026-08-02T23:51:38Z
2026-08-02T23:49:28Z,2026-08-03T01:49:28+0200,65d3fff1-7125-472d-bbc3-1b240f9c8d5b,2026-07-29T21:45:00Z,2026-07-29T23:45:00+0200,281.425,MW,NL,NL,actual_onshore_wind_generation,Wind Onshore | Actual Aggregated,2026-08-02T23:51:38Z
2026-08-02T23:49:28Z,2026-08-03T01:49:28+0200,65d3fff1-7125-472d-bbc3-1b240f9c8d5b,2026-07-29T21:45:00Z,2026-07-29T23:45:00+0200,0.0,MW,NL,NL,actual_onshore_wind_generation,Wind Onshore | Actual Consumption,2026-08-02T23:51:38Z
2026-08-02T23:49:28Z,2026-08-03T01:49:28+0200,65d3fff1-7125-472d-bbc3-1b240f9c8d5b,2026-07-29T22:00:00Z,2026-07-30T00:00:00+0200,295.993,MW,NL,NL,actual_onshore_wind_generation,Wind Onshore | Actual Aggregated,2026-08-02T23:51:38Z
2026-08-02T23:49:28Z,2026-08-03T01:49:28+0200,65d3fff1-7125-472d-bbc3-1b240f9c8d5b,2026-07-29T22:00:00Z,2026-07-30T00:00:00+0200,0.0,MW,NL,NL,actual_onshore_wind_generation,Wind Onshore | Actual Consumption,2026-08-02T23:51:38Z
2026-08-02T23:49:28Z,2026-08-03T01:49:28+0200,65d3fff1-7125-472d-bbc3-1b240f9c8d5b,2026-07-29T22:15:00Z,2026-07-30T00:15:00+0200,314.155,MW,NL,NL,actual_onshore_wind_generation,Wind Onshore | Actual Aggregated,2026-08-02T23:51:38Z
2026-08-02T23:49:28Z,2026-08-03T01:49:28+0200,65d3fff1-7125-472d-bbc3-1b240f9c8d5b,2026-07-29T22:15:00Z,2026-07-30T00:15:00+0200,0.0,MW,NL,NL,actual_onshore_wind_generation,Wind Onshore | Actual Consumption,2026-08-02T23:51:38Z
2026-08-02T23:49:28Z,2026-08-03T01:49:28+0200,65d3fff1-7125-472d-bbc3-1b240f9c8d5b,2026-07-29T22:30:00Z,2026-07-30T00:30:00+0200,350.971,MW,NL,NL,actual_onshore_wind_generation,Wind Onshore | Actual Aggregated,2026-08-02T23:51:38Z
2026-08-02T23:49:28Z,2026-08-03T01:49:28+0200,65d3fff1-7125-472d-bbc3-1b240f9c8d5b,2026-07-29T22:30:00Z,2026-07-30T00:30:00+0200,0.0,MW,NL,NL,actual_onshore_wind_generation,Wind Onshore | Actual Consumption,2026-08-02T23:51:38Z
2026-08-02T23:49:28Z,2026-08-03T01:49:28+0200,65d3fff1-7125-472d-bbc3-1b240f9c8d5b,2026-07-29T22:45:00Z,2026-07-30T00:45:00+0200,413.597,MW,NL,NL,actual_onshore_wind_generation,Wind Onshore | Actual Aggregated,2026-08-02T23:51:38Z
2026-08-02T23:49:28Z,2026-08-03T01:49:28+0200,65d3fff1-7125-472d-bbc3-1b240f9c8d5b,2026-07-29T22:45:00Z,2026-07-30T00:45:00+0200,0.0,MW,NL,NL,actual_onshore_wind_generation,Wind Onshore | Actual Consumption,2026-08-02T23:51:38Z
2026-08-02T23:49:28Z,2026-08-03T01:49:28+0200,65d3fff1-7125-472d-bbc3-1b240f9c8d5b,2026-07-29T23:00:00Z,2026-07-30T01:00:00+0200,463.536,MW,NL,NL,actual_onshore_wind_generation,Wind Onshore | Actual Aggregated,2026-08-02T23:51:38Z
2026-08-02T23:49:28Z,2026-08-03T01:49:28+0200,65d3fff1-7125-472d-bbc3-1b240f9c8d5b,2026-07-29T23:00:00Z,2026-07-30T01:00:00+0200,0.0,MW,NL,NL,actual_onshore_wind_generation,Wind Onshore | Actual Consumption,2026-08-02T23:51:38Z
2026-08-02T23:49:28Z,2026-08-03T01:49:28+0200,65d3fff1-7125-472d-bbc3-1b240f9c8d5b,2026-07-29T23:15:00Z,2026-07-30T01:15:00+0200,490.798,MW,NL,NL,actual_onshore_wind_generation,Wind Onshore | Actual Aggregated,2026-08-02T23:51:38Z
2026-08-02T23:49:28Z,2026-08-03T01:49:28+0200,65d3fff1-7125-472d-bbc3-1b240f9c8d5b,2026-07-29T23:15:00Z,2026-07-30T01:15:00+0200,0.0,MW,NL,NL,actual_onshore_wind_generation,Wind Onshore | Actual Consumption,2026-08-02T23:51:38Z
2026-08-02T23:49:28Z,2026-08-03T01:49:28+0200,65d3fff1-7125-472d-bbc3-1b240f9c8d5b,2026-07-29T23:30:00Z,2026-07-30T01:30:00+0200,502.734,MW,NL,NL,actual_onshore_wind_generation,Wind Onshore | Actual Aggregated,2026-08-02T23:51:38Z
2026-08-02T23:49:28Z,2026-08-03T01:49:28+0200,65d3fff1-7125-472d-bbc3-1b240f9c8d5b,2026-07-29T23:30:00Z,2026-07-30T01:30:00+0200,0.0,MW,NL,NL,actual_onshore_wind_generation,Wind Onshore | Actual Consumption,2026-08-02T23:51:38Z
2026-08-02T23:49:28Z,2026-08-03T01:49:28+0200,65d3fff1-7125-472d-bbc3-1b240f9c8d5b,2026-07-29T23:45:00Z,2026-07-30T01:45:00+0200,513.175,MW,NL,NL,actual_onshore_wind_generation,Wind Onshore | Actual Aggregated,2026-08-02T23:51:38Z
2026-08-02T23:49:28Z,2026-08-03T01:49:28+0200,65d3fff1-7125-472d-bbc3-1b240f9c8d5b,2026-07-29T23:45:00Z,2026-07-30T01:45:00+0200,0.0,MW,NL,NL,actual_onshore_wind_generation,Wind Onshore | Actual Consumption,2026-08-02T23:51:38Z
2026-08-02T23:49:28Z,2026-08-03T01:49:28+0200,65d3fff1-7125-472d-bbc3-1b240f9c8d5b,2026-07-30T00:00:00Z,2026-07-30T02:00:00+0200,529.41,MW,NL,NL,actual_onshore_wind_generation,Wind Onshore | Actual Aggregated,2026-08-02T23:51:38Z
2026-08-02T23:49:28Z,2026-08-03T01:49:28+0200,65d3fff1-7125-472d-bbc3-1b240f9c8d5b,2026-07-30T00:00:00Z,2026-07-30T02:00:00+0200,0.0,MW,NL,NL,actual_onshore_wind_generation,Wind Onshore | Actual Consumption,2026-08-02T23:51:38Z
2026-08-02T23:49:28Z,2026-08-03T01:49:28+0200,65d3fff1-7125-472d-bbc3-1b240f9c8d5b,2026-07-30T00:15:00Z,2026-07-30T02:15:00+0200,530.723,MW,NL,NL,actual_onshore_wind_generation,Wind Onshore | Actual Aggregated,2026-08-02T23:51:38Z
2026-08-02T23:49:28Z,2026-08-03T01:49:28+0200,65d3fff1-7125-472d-bbc3-1b240f9c8d5b,2026-07-30T00:15:00Z,2026-07-30T02:15:00+0200,0.0,MW,NL,NL,actual_onshore_wind_generation,Wind Onshore | Actual Consumption,2026-08-02T23:51:38Z
2026-08-02T23:49:28Z,2026-08-03T01:49:28+0200,65d3fff1-7125-472d-bbc3-1b240f9c8d5b,2026-07-30T00:30:00Z,2026-07-30T02:30:00+0200,519.284,MW,NL,NL,actual_onshore_wind_generation,Wind Onshore | Actual Aggregated,2026-08-02T23:51:38Z
2026-08-02T23:49:28Z,2026-08-03T01:49:28+0200,65d3fff1-7125-472d-bbc3-1b240f9c8d5b,2026-07-30T00:30:00Z,2026-07-30T02:30:00+0200,0.0,MW,NL,NL,actual_onshore_wind_generation,Wind Onshore | Actual Consumption,2026-08-02T23:51:38Z
2026-08-02T23:49:28Z,2026-08-03T01:49:28+0200,65d3fff1-7125-472d-bbc3-1b240f9c8d5b,2026-07-30T00:45:00Z,2026-07-30T02:45:00+0200,537.911,MW,NL,NL,actual_onshore_wind_generation,Wind Onshore | Actual Aggregated,2026-08-02T23:51:38Z
2026-08-02T23:49:28Z,2026-08-03T01:49:28+0200,65d3fff1-7125-472d-bbc3-1b240f9c8d5b,2026-07-30T00:45:00Z,2026-07-30T02:45:00+0200,0.0,MW,NL,NL,actual_onshore_wind_generation,Wind Onshore | Actual Consumption,2026-08-02T23:51:38Z
2026-08-02T23:49:28Z,2026-08-03T01:49:28+0200,65d3fff1-7125-472d-bbc3-1b240f9c8d5b,2026-07-30T01:00:00Z,2026-07-30T03:00:00+0200,534.831,MW,NL,NL,actual_onshore_wind_generation,Wind Onshore | Actual Aggregated,2026-08-02T23:51:38Z
2026-08-02T23:49:28Z,2026-08-03T01:49:28+0200,65d3fff1-7125-472d-bbc3-1b240f9c8d5b,2026-07-30T01:00:00Z,2026-07-30T03:00:00+0200,0.0,MW,NL,NL,actual_onshore_wind_generation,Wind Onshore | Actual Consumption,2026-08-02T23:51:38Z
2026-08-02T23:49:28Z,2026-08-03T01:49:28+0200,65d3fff1-7125-472d-bbc3-1b240f9c8d5b,2026-07-30T01:15:00Z,2026-07-30T03:15:00+0200,489.601,MW,NL,NL,actual_onshore_wind_generation,Wind Onshore | Actual Aggregated,2026-08-02T23:51:38Z
2026-08-02T23:49:28Z,2026-08-03T01:49:28+0200,65d3fff1-7125-472d-bbc3-1b240f9c8d5b,2026-07-30T01:15:00Z,2026-07-30T03:15:00+0200,0.0,MW,NL,NL,actual_onshore_wind_generation,Wind Onshore | Actual Consumption,2026-08-02T23:51:38Z
2026-08-02T23:49:28Z,2026-08-03T01:49:28+0200,65d3fff1-7125-472d-bbc3-1b240f9c8d5b,2026-07-30T01:30:00Z,2026-07-30T03:30:00+0200,437.742,MW,NL,NL,actual_onshore_wind_generation,Wind Onshore | Actual Aggregated,2026-08-02T23:51:38Z
2026-08-02T23:49:28Z,2026-08-03T01:49:28+0200,65d3fff1-7125-472d-bbc3-1b240f9c8d5b,2026-07-30T01:30:00Z,2026-07-30T03:30:00+0200,0.0,MW,NL,NL,actual_onshore_wind_generation,Wind Onshore | Actual Consumption,2026-08-02T23:51:38Z
2026-08-02T23:49:28Z,2026-08-03T01:49:28+0200,65d3fff1-7125-472d-bbc3-1b240f9c8d5b,2026-07-30T01:45:00Z,2026-07-30T03:45:00+0200,443.064,MW,NL,NL,actual_onshore_wind_generation,Wind Onshore | Actual Aggregated,2026-08-02T23:51:38Z
2026-08-02T23:49:28Z,2026-08-03T01:49:28+0200,65d3fff1-7125-472d-bbc3-1b240f9c8d5b,2026-07-30T01:45:00Z,2026-07-30T03:45:00+0200,0.0,MW,NL,NL,actual_onshore_wind_generation,Wind Onshore | Actual Consumption,2026-08-02T23:51:38Z
2026-08-02T23:49:28Z,2026-08-03T01:49:28+0200,65d3fff1-7125-472d-bbc3-1b240f9c8d5b,2026-07-30T02:00:00Z,2026-07-30T04:00:00+0200,497.921,MW,NL,NL,actual_onshore_wind_generation,Wind Onshore | Actual Aggregated,2026-08-02T23:51:38Z
2026-08-02T23:49:28Z,2026-08-03T01:49:28+0200,65d3fff1-7125-472d-bbc3-1b240f9c8d5b,2026-07-30T02:00:00Z,2026-07-30T04:00:00+0200,0.0,MW,NL,NL,actual_onshore_wind_generation,Wind Onshore | Actual Consumption,2026-08-02T23:51:38Z
2026-08-02T23:49:28Z,2026-08-03T01:49:28+0200,65d3fff1-7125-472d-bbc3-1b240f9c8d5b,2026-07-30T02:15:00Z,2026-07-30T04:15:00+0200,488.29,MW,NL,NL,actual_onshore_wind_generation,Wind Onshore | Actual Aggregated,2026-08-02T23:51:38Z
2026-08-02T23:49:28Z,2026-08-03T01:49:28+0200,65d3fff1-7125-472d-bbc3-1b240f9c8d5b,2026-07-30T02:15:00Z,2026-07-30T04:15:00+0200,0.0,MW,NL,NL,actual_onshore_wind_generation,Wind Onshore | Actual Consumption,2026-08-02T23:51:38Z
2026-08-02T23:49:28Z,2026-08-03T01:49:28+0200,65d3fff1-7125-472d-bbc3-1b240f9c8d5b,2026-07-30T02:30:00Z,2026-07-30T04:30:00+0200,489.881,MW,NL,NL,actual_onshore_wind_generation,Wind Onshore | Actual Aggregated,2026-08-02T23:51:38Z
2026-08-02T23:49:28Z,2026-08-03T01:49:28+0200,65d3fff1-7125-472d-bbc3-1b240f9c8d5b,2026-07-30T02:30:00Z,2026-07-30T04:30:00+0200,0.0,MW,NL,NL,actual_onshore_wind_generation,Wind Onshore | Actual Consumption,2026-08-02T23:51:38Z
2026-08-02T23:49:28Z,2026-08-03T01:49:28+0200,65d3fff1-7125-472d-bbc3-1b240f9c8d5b,2026-07-30T02:45:00Z,2026-07-30T04:45:00+0200,461.919,MW,NL,NL,actual_onshore_wind_generation,Wind Onshore | Actual Aggregated,2026-08-02T23:51:38Z
2026-08-02T23:49:28Z,2026-08-03T01:49:28+0200,65d3fff1-7125-472d-bbc3-1b240f9c8d5b,2026-07-30T02:45:00Z,2026-07-30T04:45:00+0200,0.0,MW,NL,NL,actual_onshore_wind_generation,Wind Onshore | Actual Consumption,2026-08-02T23:51:38Z
2026-08-02T23:49:28Z,2026-08-03T01:49:28+0200,65d3fff1-7125-472d-bbc3-1b240f9c8d5b,2026-07-30T03:00:00Z,2026-07-30T05:00:00+0200,395.919,MW,NL,NL,actual_onshore_wind_generation,Wind Onshore | Actual Aggregated,2026-08-02T23:51:38Z
2026-08-02T23:49:28Z,2026-08-03T01:49:28+0200,65d3fff1-7125-472d-bbc3-1b240f9c8d5b,2026-07-30T03:00:00Z,2026-07-30T05:00:00+0200,0.0,MW,NL,NL,actual_onshore_wind_generation,Wind Onshore | Actual Consumption,2026-08-02T23:51:38Z
2026-08-02T23:49:28Z,2026-08-03T01:49:28+0200,65d3fff1-7125-472d-bbc3-1b240f9c8d5b,2026-07-30T03:15:00Z,2026-07-30T05:15:00+0200,334.865,MW,NL,NL,actual_onshore_wind_generation,Wind Onshore | Actual Aggregated,2026-08-02T23:51:38Z
2026-08-02T23:49:28Z,2026-08-03T01:49:28+0200,65d3fff1-7125-472d-bbc3-1b240f9c8d5b,2026-07-30T03:15:00Z,2026-07-30T05:15:00+0200,0.0,MW,NL,NL,actual_onshore_wind_generation,Wind Onshore | Actual Consumption,2026-08-02T23:51:38Z
2026-08-02T23:49:28Z,2026-08-03T01:49:28+0200,65d3fff1-7125-472d-bbc3-1b240f9c8d5b,2026-07-30T03:30:00Z,2026-07-30T05:30:00+0200,325.302,MW,NL,NL,actual_onshore_wind_generation,Wind Onshore | Actual Aggregated,2026-08-02T23:51:38Z
2026-08-02T23:49:28Z,2026-08-03T01:49:28+0200,65d3fff1-7125-472d-bbc3-1b240f9c8d5b,2026-07-30T03:30:00Z,2026-07-30T05:30:00+0200,0.0,MW,NL,NL,actual_onshore_wind_generation,Wind Onshore | Actual Consumption,2026-08-02T23:51:38Z
2026-08-02T23:49:28Z,2026-08-03T01:49:28+0200,65d3fff1-7125-472d-bbc3-1b240f9c8d5b,2026-07-30T03:45:00Z,2026-07-30T05:45:00+0200,307.804,MW,NL,NL,actual_onshore_wind_generation,Wind Onshore | Actual Aggregated,2026-08-02T23:51:38Z
2026-08-02T23:49:28Z,2026-08-03T01:49:28+0200,65d3fff1-7125-472d-bbc3-1b240f9c8d5b,2026-07-30T03:45:00Z,2026-07-30T05:45:00+0200,0.0,MW,NL,NL,actual_onshore_wind_generation,Wind Onshore | Actual Consumption,2026-08-02T23:51:38Z
2026-08-02T23:49:28Z,2026-08-03T01:49:28+0200,65d3fff1-7125-472d-bbc3-1b240f9c8d5b,2026-07-30T04:00:00Z,2026-07-30T06:00:00+0200,327.57,MW,NL,NL,actual_onshore_wind_generation,Wind Onshore | Actual Aggregated,2026-08-02T23:51:38Z
2026-08-02T23:49:28Z,2026-08-03T01:49:28+0200,65d3fff1-7125-472d-bbc3-1b240f9c8d5b,2026-07-30T04:00:00Z,2026-07-30T06:00:00+0200,0.0,MW,NL,NL,actual_onshore_wind_generation,Wind Onshore | Actual Consumption,2026-08-02T23:51:38Z
2026-08-02T23:49:28Z,2026-08-03T01:49:28+0200,65d3fff1-7125-472d-bbc3-1b240f9c8d5b,2026-07-30T04:15:00Z,2026-07-30T06:15:00+0200,358.8,MW,NL,NL,actual_onshore_wind_generation,Wind Onshore | Actual Aggregated,2026-08-02T23:51:38Z
2026-08-02T23:49:28Z,2026-08-03T01:49:28+0200,65d3fff1-7125-472d-bbc3-1b240f9c8d5b,2026-07-30T04:15:00Z,2026-07-30T06:15:00+0200,0.0,MW,NL,NL,actual_onshore_wind_generation,Wind Onshore | Actual Consumption,2026-08-02T23:51:38Z
2026-08-02T23:49:28Z,2026-08-03T01:49:28+0200,65d3fff1-7125-472d-bbc3-1b240f9c8d5b,2026-07-30T04:30:00Z,2026-07-30T06:30:00+0200,379.202,MW,NL,NL,actual_onshore_wind_generation,Wind Onshore | Actual Aggregated,2026-08-02T23:51:38Z
2026-08-02T23:49:28Z,2026-08-03T01:49:28+0200,65d3fff1-7125-472d-bbc3-1b240f9c8d5b,2026-07-30T04:30:00Z,2026-07-30T06:30:00+0200,0.0,MW,NL,NL,actual_onshore_wind_generation,Wind Onshore | Actual Consumption,2026-08-02T23:51:38Z
2026-08-02T23:49:28Z,2026-08-03T01:49:28+0200,65d3fff1-7125-472d-bbc3-1b240f9c8d5b,2026-07-30T04:45:00Z,2026-07-30T06:45:00+0200,394.087,MW,NL,NL,actual_onshore_wind_generation,Wind Onshore | Actual Aggregated,2026-08-02T23:51:38Z
2026-08-02T23:49:28Z,2026-08-03T01:49:28+0200,65d3fff1-7125-472d-bbc3-1b240f9c8d5b,2026-07-30T04:45:00Z,2026-07-30T06:45:00+0200,0.0,MW,NL,NL,actual_onshore_wind_generation,Wind Onshore | Actual Consumption,2026-08-02T23:51:38Z
2026-08-02T23:49:28Z,2026-08-03T01:49:28+0200,65d3fff1-7125-472d-bbc3-1b240f9c8d5b,2026-07-30T05:00:00Z,2026-07-30T07:00:00+0200,356.41,MW,NL,NL,actual_onshore_wind_generation,Wind Onshore | Actual Aggregated,2026-08-02T23:51:38Z
2026-08-02T23:49:28Z,2026-08-03T01:49:28+0200,65d3fff1-7125-472d-bbc3-1b240f9c8d5b,2026-07-30T05:00:00Z,2026-07-30T07:00:00+0200,0.0,MW,NL,NL,actual_onshore_wind_generation,Wind Onshore | Actual Consumption,2026-08-02T23:51:38Z
2026-08-02T23:49:28Z,2026-08-03T01:49:28+0200,65d3fff1-7125-472d-bbc3-1b240f9c8d5b,2026-07-30T05:15:00Z,2026-07-30T07:15:00+0200,342.766,MW,NL,NL,actual_onshore_wind_generation,Wind Onshore | Actual Aggregated,2026-08-02T23:51:38Z
2026-08-02T23:49:28Z,2026-08-03T01:49:28+0200,65d3fff1-7125-472d-bbc3-1b240f9c8d5b,2026-07-30T05:15:00Z,2026-07-30T07:15:00+0200,0.0,MW,NL,NL,actual_onshore_wind_generation,Wind Onshore | Actual Consumption,2026-08-02T23:51:38Z
2026-08-02T23:49:28Z,2026-08-03T01:49:28+0200,65d3fff1-7125-472d-bbc3-1b240f9c8d5b,2026-07-30T05:30:00Z,2026-07-30T07:30:00+0200,371.088,MW,NL,NL,actual_onshore_wind_generation,Wind Onshore | Actual Aggregated,2026-08-02T23:51:38Z
2026-08-02T23:49:28Z,2026-08-03T01:49:28+0200,65d3fff1-7125-472d-bbc3-1b240f9c8d5b,2026-07-30T05:30:00Z,2026-07-30T07:30:00+0200,0.0,MW,NL,NL,actual_onshore_wind_generation,Wind Onshore | Actual Consumption,2026-08-02T23:51:38Z
2026-08-02T23:49:28Z,2026-08-03T01:49:28+0200,65d3fff1-7125-472d-bbc3-1b240f9c8d5b,2026-07-30T05:45:00Z,2026-07-30T07:45:00+0200,335.238,MW,NL,NL,actual_onshore_wind_generation,Wind Onshore | Actual Aggregated,2026-08-02T23:51:38Z
2026-08-02T23:49:28Z,2026-08-03T01:49:28+0200,65d3fff1-7125-472d-bbc3-1b240f9c8d5b,2026-07-30T05:45:00Z,2026-07-30T07:45:00+0200,0.0,MW,NL,NL,actual_onshore_wind_generation,Wind Onshore | Actual Consumption,2026-08-02T23:51:38Z
2026-08-02T23:49:28Z,2026-08-03T01:49:28+0200,65d3fff1-7125-472d-bbc3-1b240f9c8d5b,2026-07-30T06:00:00Z,2026-07-30T08:00:00+0200,286.579,MW,NL,NL,actual_onshore_wind_generation,Wind Onshore | Actual Aggregated,2026-08-02T23:51:38Z
2026-08-02T23:49:28Z,2026-08-03T01:49:28+0200,65d3fff1-7125-472d-bbc3-1b240f9c8d5b,2026-07-30T06:00:00Z,2026-07-30T08:00:00+0200,0.0,MW,NL,NL,actual_onshore_wind_generation,Wind Onshore | Actual Consumption,2026-08-02T23:51:38Z
2026-08-02T23:49:28Z,2026-08-03T01:49:28+0200,65d3fff1-7125-472d-bbc3-1b240f9c8d5b,2026-07-30T06:15:00Z,2026-07-30T08:15:00+0200,209.214,MW,NL,NL,actual_onshore_wind_generation,Wind Onshore | Actual Aggregated,2026-08-02T23:51:38Z
2026-08-02T23:49:28Z,2026-08-03T01:49:28+0200,65d3fff1-7125-472d-bbc3-1b240f9c8d5b,2026-07-30T06:15:00Z,2026-07-30T08:15:00+0200,0.0,MW,NL,NL,actual_onshore_wind_generation,Wind Onshore | Actual Consumption,2026-08-02T23:51:38Z
2026-08-02T23:49:28Z,2026-08-03T01:49:28+0200,65d3fff1-7125-472d-bbc3-1b240f9c8d5b,2026-07-30T06:30:00Z,2026-07-30T08:30:00+0200,204.066,MW,NL,NL,actual_onshore_wind_generation,Wind Onshore | Actual Aggregated,2026-08-02T23:51:38Z
2026-08-02T23:49:28Z,2026-08-03T01:49:28+0200,65d3fff1-7125-472d-bbc3-1b240f9c8d5b,2026-07-30T06:30:00Z,2026-07-30T08:30:00+0200,0.0,MW,NL,NL,actual_onshore_wind_generation,Wind Onshore | Actual Consumption,2026-08-02T23:51:38Z
2026-08-02T23:49:28Z,2026-08-03T01:49:28+0200,65d3fff1-7125-472d-bbc3-1b240f9c8d5b,2026-07-30T06:45:00Z,2026-07-30T08:45:00+0200,198.599,MW,NL,NL,actual_onshore_wind_generation,Wind Onshore | Actual Aggregated,2026-08-02T23:51:38Z
2026-08-02T23:49:28Z,2026-08-03T01:49:28+0200,65d3fff1-7125-472d-bbc3-1b240f9c8d5b,2026-07-30T06:45:00Z,2026-07-30T08:45:00+0200,0.0,MW,NL,NL,actual_onshore_wind_generation,Wind Onshore | Actual Consumption,2026-08-02T23:51:38Z
2026-08-02T23:49:28Z,2026-08-03T01:49:28+0200,65d3fff1-7125-472d-bbc3-1b240f9c8d5b,2026-07-30T07:00:00Z,2026-07-30T09:00:00+0200,187.044,MW,NL,NL,actual_onshore_wind_generation,Wind Onshore | Actual Aggregated,2026-08-02T23:51:38Z
2026-08-02T23:49:28Z,2026-08-03T01:49:28+0200,65d3fff1-7125-472d-bbc3-1b240f9c8d5b,2026-07-30T07:00:00Z,2026-07-30T09:00:00+0200,0.0,MW,NL,NL,actual_onshore_wind_generation,Wind Onshore | Actual Consumption,2026-08-02T23:51:38Z
2026-08-02T23:49:28Z,2026-08-03T01:49:28+0200,65d3fff1-7125-472d-bbc3-1b240f9c8d5b,2026-07-30T07:15:00Z,2026-07-30T09:15:00+0200,168.221,MW,NL,NL,actual_onshore_wind_generation,Wind Onshore | Actual Aggregated,2026-08-02T23:51:38Z
2026-08-02T23:49:28Z,2026-08-03T01:49:28+0200,65d3fff1-7125-472d-bbc3-1b240f9c8d5b,2026-07-30T07:15:00Z,2026-07-30T09:15:00+0200,0.0,MW,NL,NL,actual_onshore_wind_generation,Wind Onshore | Actual Consumption,2026-08-02T23:51:38Z
2026-08-02T23:49:28Z,2026-08-03T01:49:28+0200,65d3fff1-7125-472d-bbc3-1b240f9c8d5b,2026-07-30T07:30:00Z,2026-07-30T09:30:00+0200,141.304,MW,NL,NL,actual_onshore_wind_generation,Wind Onshore | Actual Aggregated,2026-08-02T23:51:38Z
2026-08-02T23:49:28Z,2026-08-03T01:49:28+0200,65d3fff1-7125-472d-bbc3-1b240f9c8d5b,2026-07-30T07:30:00Z,2026-07-30T09:30:00+0200,0.0,MW,NL,NL,actual_onshore_wind_generation,Wind Onshore | Actual Consumption,2026-08-02T23:51:38Z
2026-08-02T23:49:28Z,2026-08-03T01:49:28+0200,65d3fff1-7125-472d-bbc3-1b240f9c8d5b,2026-07-30T07:45:00Z,2026-07-30T09:45:00+0200,120.417,MW,NL,NL,actual_onshore_wind_generation,Wind Onshore | Actual Aggregated,2026-08-02T23:51:38Z
2026-08-02T23:49:28Z,2026-08-03T01:49:28+0200,65d3fff1-7125-472d-bbc3-1b240f9c8d5b,2026-07-30T07:45:00Z,2026-07-30T09:45:00+0200,0.0,MW,NL,NL,actual_onshore_wind_generation,Wind Onshore | Actual Consumption,2026-08-02T23:51:38Z
2026-08-02T23:49:28Z,2026-08-03T01:49:28+0200,65d3fff1-7125-472d-bbc3-1b240f9c8d5b,2026-07-30T08:00:00Z,2026-07-30T10:00:00+0200,103.296,MW,NL,NL,actual_onshore_wind_generation,Wind Onshore | Actual Aggregated,2026-08-02T23:51:38Z
2026-08-02T23:49:28Z,2026-08-03T01:49:28+0200,65d3fff1-7125-472d-bbc3-1b240f9c8d5b,2026-07-30T08:00:00Z,2026-07-30T10:00:00+0200,0.0,MW,NL,NL,actual_onshore_wind_generation,Wind Onshore | Actual Consumption,2026-08-02T23:51:38Z
2026-08-02T23:49:28Z,2026-08-03T01:49:28+0200,65d3fff1-7125-472d-bbc3-1b240f9c8d5b,2026-07-30T08:15:00Z,2026-07-30T10:15:00+0200,97.199,MW,NL,NL,actual_onshore_wind_generation,Wind Onshore | Actual Aggregated,2026-08-02T23:51:38Z
2026-08-02T23:49:28Z,2026-08-03T01:49:28+0200,65d3fff1-7125-472d-bbc3-1b240f9c8d5b,2026-07-30T08:15:00Z,2026-07-30T10:15:00+0200,0.062,MW,NL,NL,actual_onshore_wind_generation,Wind Onshore | Actual Consumption,2026-08-02T23:51:38Z
2026-08-02T23:49:28Z,2026-08-03T01:49:28+0200,65d3fff1-7125-472d-bbc3-1b240f9c8d5b,2026-07-30T08:30:00Z,2026-07-30T10:30:00+0200,105.929,MW,NL,NL,actual_onshore_wind_generation,Wind Onshore | Actual Aggregated,2026-08-02T23:51:38Z
2026-08-02T23:49:28Z,2026-08-03T01:49:28+0200,65d3fff1-7125-472d-bbc3-1b240f9c8d5b,2026-07-30T08:30:00Z,2026-07-30T10:30:00+0200,0.0,MW,NL,NL,actual_onshore_wind_generation,Wind Onshore | Actual Consumption,2026-08-02T23:51:38Z
2026-08-02T23:49:28Z,2026-08-03T01:49:28+0200,65d3fff1-7125-472d-bbc3-1b240f9c8d5b,2026-07-30T08:45:00Z,2026-07-30T10:45:00+0200,141.956,MW,NL,NL,actual_onshore_wind_generation,Wind Onshore | Actual Aggregated,2026-08-02T23:51:38Z
2026-08-02T23:49:28Z,2026-08-03T01:49:28+0200,65d3fff1-7125-472d-bbc3-1b240f9c8d5b,2026-07-30T08:45:00Z,2026-07-30T10:45:00+0200,0.0,MW,NL,NL,actual_onshore_wind_generation,Wind Onshore | Actual Consumption,2026-08-02T23:51:38Z
2026-08-02T23:49:28Z,2026-08-03T01:49:28+0200,65d3fff1-7125-472d-bbc3-1b240f9c8d5b,2026-07-30T09:00:00Z,2026-07-30T11:00:00+0200,139.486,MW,NL,NL,actual_onshore_wind_generation,Wind Onshore | Actual Aggregated,2026-08-02T23:51:38Z
2026-08-02T23:49:28Z,2026-08-03T01:49:28+0200,65d3fff1-7125-472d-bbc3-1b240f9c8d5b,2026-07-30T09:00:00Z,2026-07-30T11:00:00+0200,0.0,MW,NL,NL,actual_onshore_wind_generation,Wind Onshore | Actual Consumption,2026-08-02T23:51:38Z
2026-08-02T23:49:28Z,2026-08-03T01:49:28+0200,65d3fff1-7125-472d-bbc3-1b240f9c8d5b,2026-07-30T09:15:00Z,2026-07-30T11:15:00+0200,136.227,MW,NL,NL,actual_onshore_wind_generation,Wind Onshore | Actual Aggregated,2026-08-02T23:51:38Z
2026-08-02T23:49:28Z,2026-08-03T01:49:28+0200,65d3fff1-7125-472d-bbc3-1b240f9c8d5b,2026-07-30T09:15:00Z,2026-07-30T11:15:00+0200,0.0,MW,NL,NL,actual_onshore_wind_generation,Wind Onshore | Actual Consumption,2026-08-02T23:51:38Z
2026-08-02T23:49:28Z,2026-08-03T01:49:28+0200,65d3fff1-7125-472d-bbc3-1b240f9c8d5b,2026-07-30T09:30:00Z,2026-07-30T11:30:00+0200,128.909,MW,NL,NL,actual_onshore_wind_generation,Wind Onshore | Actual Aggregated,2026-08-02T23:51:38Z
2026-08-02T23:49:28Z,2026-08-03T01:49:28+0200,65d3fff1-7125-472d-bbc3-1b240f9c8d5b,2026-07-30T09:30:00Z,2026-07-30T11:30:00+0200,0.0,MW,NL,NL,actual_onshore_wind_generation,Wind Onshore | Actual Consumption,2026-08-02T23:51:38Z
2026-08-02T23:49:28Z,2026-08-03T01:49:28+0200,65d3fff1-7125-472d-bbc3-1b240f9c8d5b,2026-07-30T09:45:00Z,2026-07-30T11:45:00+0200,100.352,MW,NL,NL,actual_onshore_wind_generation,Wind Onshore | Actual Aggregated,2026-08-02T23:51:38Z
2026-08-02T23:49:28Z,2026-08-03T01:49:28+0200,65d3fff1-7125-472d-bbc3-1b240f9c8d5b,2026-07-30T09:45:00Z,2026-07-30T11:45:00+0200,0.0,MW,NL,NL,actual_onshore_wind_generation,Wind Onshore | Actual Consumption,2026-08-02T23:51:38Z
2026-08-02T23:49:28Z,2026-08-03T01:49:28+0200,65d3fff1-7125-472d-bbc3-1b240f9c8d5b,2026-07-30T10:00:00Z,2026-07-30T12:00:00+0200,116.404,MW,NL,NL,actual_onshore_wind_generation,Wind Onshore | Actual Aggregated,2026-08-02T23:51:38Z
2026-08-02T23:49:28Z,2026-08-03T01:49:28+0200,65d3fff1-7125-472d-bbc3-1b240f9c8d5b,2026-07-30T10:00:00Z,2026-07-30T12:00:00+0200,0.0,MW,NL,NL,actual_onshore_wind_generation,Wind Onshore | Actual Consumption,2026-08-02T23:51:38Z
2026-08-02T23:49:28Z,2026-08-03T01:49:28+0200,65d3fff1-7125-472d-bbc3-1b240f9c8d5b,2026-07-30T10:15:00Z,2026-07-30T12:15:00+0200,134.133,MW,NL,NL,actual_onshore_wind_generation,Wind Onshore | Actual Aggregated,2026-08-02T23:51:38Z
2026-08-02T23:49:28Z,2026-08-03T01:49:28+0200,65d3fff1-7125-472d-bbc3-1b240f9c8d5b,2026-07-30T10:15:00Z,2026-07-30T12:15:00+0200,0.0,MW,NL,NL,actual_onshore_wind_generation,Wind Onshore | Actual Consumption,2026-08-02T23:51:38Z
2026-08-02T23:49:28Z,2026-08-03T01:49:28+0200,65d3fff1-7125-472d-bbc3-1b240f9c8d5b,2026-07-30T10:30:00Z,2026-07-30T12:30:00+0200,178.512,MW,NL,NL,actual_onshore_wind_generation,Wind Onshore | Actual Aggregated,2026-08-02T23:51:38Z
2026-08-02T23:49:28Z,2026-08-03T01:49:28+0200,65d3fff1-7125-472d-bbc3-1b240f9c8d5b,2026-07-30T10:30:00Z,2026-07-30T12:30:00+0200,0.0,MW,NL,NL,actual_onshore_wind_generation,Wind Onshore | Actual Consumption,2026-08-02T23:51:38Z
2026-08-02T23:49:28Z,2026-08-03T01:49:28+0200,65d3fff1-7125-472d-bbc3-1b240f9c8d5b,2026-07-30T10:45:00Z,2026-07-30T12:45:00+0200,206.516,MW,NL,NL,actual_onshore_wind_generation,Wind Onshore | Actual Aggregated,2026-08-02T23:51:38Z
2026-08-02T23:49:28Z,2026-08-03T01:49:28+0200,65d3fff1-7125-472d-bbc3-1b240f9c8d5b,2026-07-30T10:45:00Z,2026-07-30T12:45:00+0200,0.0,MW,NL,NL,actual_onshore_wind_generation,Wind Onshore | Actual Consumption,2026-08-02T23:51:38Z
2026-08-02T23:49:28Z,2026-08-03T01:49:28+0200,65d3fff1-7125-472d-bbc3-1b240f9c8d5b,2026-07-30T11:00:00Z,2026-07-30T13:00:00+0200,216.024,MW,NL,NL,actual_onshore_wind_generation,Wind Onshore | Actual Aggregated,2026-08-02T23:51:38Z
2026-08-02T23:49:28Z,2026-08-03T01:49:28+0200,65d3fff1-7125-472d-bbc3-1b240f9c8d5b,2026-07-30T11:00:00Z,2026-07-30T13:00:00+0200,0.0,MW,NL,NL,actual_onshore_wind_generation,Wind Onshore | Actual Consumption,2026-08-02T23:51:38Z
2026-08-02T23:49:28Z,2026-08-03T01:49:28+0200,65d3fff1-7125-472d-bbc3-1b240f9c8d5b,2026-07-30T11:15:00Z,2026-07-30T13:15:00+0200,207.828,MW,NL,NL,actual_onshore_wind_generation,Wind Onshore | Actual Aggregated,2026-08-02T23:51:38Z
2026-08-02T23:49:28Z,2026-08-03T01:49:28+0200,65d3fff1-7125-472d-bbc3-1b240f9c8d5b,2026-07-30T11:15:00Z,2026-07-30T13:15:00+0200,0.0,MW,NL,NL,actual_onshore_wind_generation,Wind Onshore | Actual Consumption,2026-08-02T23:51:38Z
2026-08-02T23:49:28Z,2026-08-03T01:49:28+0200,65d3fff1-7125-472d-bbc3-1b240f9c8d5b,2026-07-30T11:30:00Z,2026-07-30T13:30:00+0200,224.453,MW,NL,NL,actual_onshore_wind_generation,Wind Onshore | Actual Aggregated,2026-08-02T23:51:38Z
2026-08-02T23:49:28Z,2026-08-03T01:49:28+0200,65d3fff1-7125-472d-bbc3-1b240f9c8d5b,2026-07-30T11:30:00Z,2026-07-30T13:30:00+0200,0.0,MW,NL,NL,actual_onshore_wind_generation,Wind Onshore | Actual Consumption,2026-08-02T23:51:38Z
2026-08-02T23:49:28Z,2026-08-03T01:49:28+0200,65d3fff1-7125-472d-bbc3-1b240f9c8d5b,2026-07-30T11:45:00Z,2026-07-30T13:45:00+0200,217.638,MW,NL,NL,actual_onshore_wind_generation,Wind Onshore | Actual Aggregated,2026-08-02T23:51:38Z
2026-08-02T23:49:28Z,2026-08-03T01:49:28+0200,65d3fff1-7125-472d-bbc3-1b240f9c8d5b,2026-07-30T11:45:00Z,2026-07-30T13:45:00+0200,0.0,MW,NL,NL,actual_onshore_wind_generation,Wind Onshore | Actual Consumption,2026-08-02T23:51:38Z
2026-08-02T23:49:28Z,2026-08-03T01:49:28+0200,65d3fff1-7125-472d-bbc3-1b240f9c8d5b,2026-07-30T12:00:00Z,2026-07-30T14:00:00+0200,180.607,MW,NL,NL,actual_onshore_wind_generation,Wind Onshore | Actual Aggregated,2026-08-02T23:51:38Z
2026-08-02T23:49:28Z,2026-08-03T01:49:28+0200,65d3fff1-7125-472d-bbc3-1b240f9c8d5b,2026-07-30T12:00:00Z,2026-07-30T14:00:00+0200,0.0,MW,NL,NL,actual_onshore_wind_generation,Wind Onshore | Actual Consumption,2026-08-02T23:51:38Z
2026-08-02T23:49:28Z,2026-08-03T01:49:28+0200,65d3fff1-7125-472d-bbc3-1b240f9c8d5b,2026-07-30T12:15:00Z,2026-07-30T14:15:00+0200,155.703,MW,NL,NL,actual_onshore_wind_generation,Wind Onshore | Actual Aggregated,2026-08-02T23:51:38Z
2026-08-02T23:49:28Z,2026-08-03T01:49:28+0200,65d3fff1-7125-472d-bbc3-1b240f9c8d5b,2026-07-30T12:15:00Z,2026-07-30T14:15:00+0200,0.0,MW,NL,NL,actual_onshore_wind_generation,Wind Onshore | Actual Consumption,2026-08-02T23:51:38Z
2026-08-02T23:49:28Z,2026-08-03T01:49:28+0200,65d3fff1-7125-472d-bbc3-1b240f9c8d5b,2026-07-30T12:30:00Z,2026-07-30T14:30:00+0200,130.119,MW,NL,NL,actual_onshore_wind_generation,Wind Onshore | Actual Aggregated,2026-08-02T23:51:38Z
2026-08-02T23:49:28Z,2026-08-03T01:49:28+0200,65d3fff1-7125-472d-bbc3-1b240f9c8d5b,2026-07-30T12:30:00Z,2026-07-30T14:30:00+0200,0.0,MW,NL,NL,actual_onshore_wind_generation,Wind Onshore | Actual Consumption,2026-08-02T23:51:38Z
2026-08-02T23:49:28Z,2026-08-03T01:49:28+0200,65d3fff1-7125-472d-bbc3-1b240f9c8d5b,2026-07-30T12:45:00Z,2026-07-30T14:45:00+0200,114.161,MW,NL,NL,actual_onshore_wind_generation,Wind Onshore | Actual Aggregated,2026-08-02T23:51:38Z
2026-08-02T23:49:28Z,2026-08-03T01:49:28+0200,65d3fff1-7125-472d-bbc3-1b240f9c8d5b,2026-07-30T12:45:00Z,2026-07-30T14:45:00+0200,0.0,MW,NL,NL,actual_onshore_wind_generation,Wind Onshore | Actual Consumption,2026-08-02T23:51:38Z
2026-08-02T23:49:28Z,2026-08-03T01:49:28+0200,65d3fff1-7125-472d-bbc3-1b240f9c8d5b,2026-07-30T13:00:00Z,2026-07-30T15:00:00+0200,105.792,MW,NL,NL,actual_onshore_wind_generation,Wind Onshore | Actual Aggregated,2026-08-02T23:51:38Z
2026-08-02T23:49:28Z,2026-08-03T01:49:28+0200,65d3fff1-7125-472d-bbc3-1b240f9c8d5b,2026-07-30T13:00:00Z,2026-07-30T15:00:00+0200,0.0,MW,NL,NL,actual_onshore_wind_generation,Wind Onshore | Actual Consumption,2026-08-02T23:51:38Z
2026-08-02T23:49:28Z,2026-08-03T01:49:28+0200,65d3fff1-7125-472d-bbc3-1b240f9c8d5b,2026-07-30T13:15:00Z,2026-07-30T15:15:00+0200,104.751,MW,NL,NL,actual_onshore_wind_generation,Wind Onshore | Actual Aggregated,2026-08-02T23:51:38Z
2026-08-02T23:49:28Z,2026-08-03T01:49:28+0200,65d3fff1-7125-472d-bbc3-1b240f9c8d5b,2026-07-30T13:15:00Z,2026-07-30T15:15:00+0200,0.009,MW,NL,NL,actual_onshore_wind_generation,Wind Onshore | Actual Consumption,2026-08-02T23:51:38Z
2026-08-02T23:49:28Z,2026-08-03T01:49:28+0200,65d3fff1-7125-472d-bbc3-1b240f9c8d5b,2026-07-30T13:30:00Z,2026-07-30T15:30:00+0200,96.63,MW,NL,NL,actual_onshore_wind_generation,Wind Onshore | Actual Aggregated,2026-08-02T23:51:38Z
2026-08-02T23:49:28Z,2026-08-03T01:49:28+0200,65d3fff1-7125-472d-bbc3-1b240f9c8d5b,2026-07-30T13:30:00Z,2026-07-30T15:30:00+0200,0.0,MW,NL,NL,actual_onshore_wind_generation,Wind Onshore | Actual Consumption,2026-08-02T23:51:38Z
2026-08-02T23:49:28Z,2026-08-03T01:49:28+0200,65d3fff1-7125-472d-bbc3-1b240f9c8d5b,2026-07-30T13:45:00Z,2026-07-30T15:45:00+0200,82.535,MW,NL,NL,actual_onshore_wind_generation,Wind Onshore | Actual Aggregated,2026-08-02T23:51:38Z
2026-08-02T23:49:28Z,2026-08-03T01:49:28+0200,65d3fff1-7125-472d-bbc3-1b240f9c8d5b,2026-07-30T13:45:00Z,2026-07-30T15:45:00+0200,1.198,MW,NL,NL,actual_onshore_wind_generation,Wind Onshore | Actual Consumption,2026-08-02T23:51:38Z
2026-08-02T23:49:28Z,2026-08-03T01:49:28+0200,65d3fff1-7125-472d-bbc3-1b240f9c8d5b,2026-07-30T14:00:00Z,2026-07-30T16:00:00+0200,64.58,MW,NL,NL,actual_onshore_wind_generation,Wind Onshore | Actual Aggregated,2026-08-02T23:51:38Z
2026-08-02T23:49:28Z,2026-08-03T01:49:28+0200,65d3fff1-7125-472d-bbc3-1b240f9c8d5b,2026-07-30T14:00:00Z,2026-07-30T16:00:00+0200,3.345,MW,NL,NL,actual_onshore_wind_generation,Wind Onshore | Actual Consumption,2026-08-02T23:51:38Z
2026-08-02T23:49:28Z,2026-08-03T01:49:28+0200,65d3fff1-7125-472d-bbc3-1b240f9c8d5b,2026-07-30T14:15:00Z,2026-07-30T16:15:00+0200,50.539,MW,NL,NL,actual_onshore_wind_generation,Wind Onshore | Actual Aggregated,2026-08-02T23:51:38Z
2026-08-02T23:49:28Z,2026-08-03T01:49:28+0200,65d3fff1-7125-472d-bbc3-1b240f9c8d5b,2026-07-30T14:15:00Z,2026-07-30T16:15:00+0200,3.795,MW,NL,NL,actual_onshore_wind_generation,Wind Onshore | Actual Consumption,2026-08-02T23:51:38Z
2026-08-02T23:49:28Z,2026-08-03T01:49:28+0200,65d3fff1-7125-472d-bbc3-1b240f9c8d5b,2026-07-30T14:30:00Z,2026-07-30T16:30:00+0200,47.959,MW,NL,NL,actual_onshore_wind_generation,Wind Onshore | Actual Aggregated,2026-08-02T23:51:38Z
2026-08-02T23:49:28Z,2026-08-03T01:49:28+0200,65d3fff1-7125-472d-bbc3-1b240f9c8d5b,2026-07-30T14:30:00Z,2026-07-30T16:30:00+0200,3.965,MW,NL,NL,actual_onshore_wind_generation,Wind Onshore | Actual Consumption,2026-08-02T23:51:38Z
2026-08-02T23:49:28Z,2026-08-03T01:49:28+0200,65d3fff1-7125-472d-bbc3-1b240f9c8d5b,2026-07-30T14:45:00Z,2026-07-30T16:45:00+0200,37.518,MW,NL,NL,actual_onshore_wind_generation,Wind Onshore | Actual Aggregated,2026-08-02T23:51:38Z
2026-08-02T23:49:28Z,2026-08-03T01:49:28+0200,65d3fff1-7125-472d-bbc3-1b240f9c8d5b,2026-07-30T14:45:00Z,2026-07-30T16:45:00+0200,3.96,MW,NL,NL,actual_onshore_wind_generation,Wind Onshore | Actual Consumption,2026-08-02T23:51:38Z
2026-08-02T23:49:28Z,2026-08-03T01:49:28+0200,65d3fff1-7125-472d-bbc3-1b240f9c8d5b,2026-07-30T15:00:00Z,2026-07-30T17:00:00+0200,24.514,MW,NL,NL,actual_onshore_wind_generation,Wind Onshore | Actual Aggregated,2026-08-02T23:51:38Z
2026-08-02T23:49:28Z,2026-08-03T01:49:28+0200,65d3fff1-7125-472d-bbc3-1b240f9c8d5b,2026-07-30T15:00:00Z,2026-07-30T17:00:00+0200,5.834,MW,NL,NL,actual_onshore_wind_generation,Wind Onshore | Actual Consumption,2026-08-02T23:51:38Z
2026-08-02T23:49:28Z,2026-08-03T01:49:28+0200,65d3fff1-7125-472d-bbc3-1b240f9c8d5b,2026-07-30T15:15:00Z,2026-07-30T17:15:00+0200,17.012,MW,NL,NL,actual_onshore_wind_generation,Wind Onshore | Actual Aggregated,2026-08-02T23:51:38Z
2026-08-02T23:49:28Z,2026-08-03T01:49:28+0200,65d3fff1-7125-472d-bbc3-1b240f9c8d5b,2026-07-30T15:15:00Z,2026-07-30T17:15:00+0200,6.599,MW,NL,NL,actual_onshore_wind_generation,Wind Onshore | Actual Consumption,2026-08-02T23:51:38Z
2026-08-02T23:49:28Z,2026-08-03T01:49:28+0200,65d3fff1-7125-472d-bbc3-1b240f9c8d5b,2026-07-30T15:30:00Z,2026-07-30T17:30:00+0200,10.147,MW,NL,NL,actual_onshore_wind_generation,Wind Onshore | Actual Aggregated,2026-08-02T23:51:38Z
2026-08-02T23:49:28Z,2026-08-03T01:49:28+0200,65d3fff1-7125-472d-bbc3-1b240f9c8d5b,2026-07-30T15:30:00Z,2026-07-30T17:30:00+0200,7.043,MW,NL,NL,actual_onshore_wind_generation,Wind Onshore | Actual Consumption,2026-08-02T23:51:38Z
2026-08-02T23:49:28Z,2026-08-03T01:49:28+0200,65d3fff1-7125-472d-bbc3-1b240f9c8d5b,2026-07-30T15:45:00Z,2026-07-30T17:45:00+0200,10.035,MW,NL,NL,actual_onshore_wind_generation,Wind Onshore | Actual Aggregated,2026-08-02T23:51:38Z
2026-08-02T23:49:28Z,2026-08-03T01:49:28+0200,65d3fff1-7125-472d-bbc3-1b240f9c8d5b,2026-07-30T15:45:00Z,2026-07-30T17:45:00+0200,7.067,MW,NL,NL,actual_onshore_wind_generation,Wind Onshore | Actual Consumption,2026-08-02T23:51:38Z
2026-08-02T23:49:28Z,2026-08-03T01:49:28+0200,65d3fff1-7125-472d-bbc3-1b240f9c8d5b,2026-07-30T16:00:00Z,2026-07-30T18:00:00+0200,14.768,MW,NL,NL,actual_onshore_wind_generation,Wind Onshore | Actual Aggregated,2026-08-02T23:51:38Z
2026-08-02T23:49:28Z,2026-08-03T01:49:28+0200,65d3fff1-7125-472d-bbc3-1b240f9c8d5b,2026-07-30T16:00:00Z,2026-07-30T18:00:00+0200,1.606,MW,NL,NL,actual_onshore_wind_generation,Wind Onshore | Actual Consumption,2026-08-02T23:51:38Z
2026-08-02T23:49:28Z,2026-08-03T01:49:28+0200,65d3fff1-7125-472d-bbc3-1b240f9c8d5b,2026-07-30T16:15:00Z,2026-07-30T18:15:00+0200,14.325,MW,NL,NL,actual_onshore_wind_generation,Wind Onshore | Actual Aggregated,2026-08-02T23:51:38Z
2026-08-02T23:49:28Z,2026-08-03T01:49:28+0200,65d3fff1-7125-472d-bbc3-1b240f9c8d5b,2026-07-30T16:15:00Z,2026-07-30T18:15:00+0200,0.282,MW,NL,NL,actual_onshore_wind_generation,Wind Onshore | Actual Consumption,2026-08-02T23:51:38Z
2026-08-02T23:49:28Z,2026-08-03T01:49:28+0200,65d3fff1-7125-472d-bbc3-1b240f9c8d5b,2026-07-30T16:30:00Z,2026-07-30T18:30:00+0200,12.204,MW,NL,NL,actual_onshore_wind_generation,Wind Onshore | Actual Aggregated,2026-08-02T23:51:38Z
2026-08-02T23:49:28Z,2026-08-03T01:49:28+0200,65d3fff1-7125-472d-bbc3-1b240f9c8d5b,2026-07-30T16:30:00Z,2026-07-30T18:30:00+0200,3.866,MW,NL,NL,actual_onshore_wind_generation,Wind Onshore | Actual Consumption,2026-08-02T23:51:38Z
2026-08-02T23:49:28Z,2026-08-03T01:49:28+0200,65d3fff1-7125-472d-bbc3-1b240f9c8d5b,2026-07-30T16:45:00Z,2026-07-30T18:45:00+0200,10.074,MW,NL,NL,actual_onshore_wind_generation,Wind Onshore | Actual Aggregated,2026-08-02T23:51:38Z
2026-08-02T23:49:28Z,2026-08-03T01:49:28+0200,65d3fff1-7125-472d-bbc3-1b240f9c8d5b,2026-07-30T16:45:00Z,2026-07-30T18:45:00+0200,4.944,MW,NL,NL,actual_onshore_wind_generation,Wind Onshore | Actual Consumption,2026-08-02T23:51:38Z
2026-08-02T23:49:28Z,2026-08-03T01:49:28+0200,65d3fff1-7125-472d-bbc3-1b240f9c8d5b,2026-07-30T17:00:00Z,2026-07-30T19:00:00+0200,5.364,MW,NL,NL,actual_onshore_wind_generation,Wind Onshore | Actual Aggregated,2026-08-02T23:51:38Z
2026-08-02T23:49:28Z,2026-08-03T01:49:28+0200,65d3fff1-7125-472d-bbc3-1b240f9c8d5b,2026-07-30T17:00:00Z,2026-07-30T19:00:00+0200,2.331,MW,NL,NL,actual_onshore_wind_generation,Wind Onshore | Actual Consumption,2026-08-02T23:51:38Z
2026-08-02T23:49:28Z,2026-08-03T01:49:28+0200,65d3fff1-7125-472d-bbc3-1b240f9c8d5b,2026-07-30T17:15:00Z,2026-07-30T19:15:00+0200,10.062,MW,NL,NL,actual_onshore_wind_generation,Wind Onshore | Actual Aggregated,2026-08-02T23:51:38Z
2026-08-02T23:49:28Z,2026-08-03T01:49:28+0200,65d3fff1-7125-472d-bbc3-1b240f9c8d5b,2026-07-30T17:15:00Z,2026-07-30T19:15:00+0200,4.04,MW,NL,NL,actual_onshore_wind_generation,Wind Onshore | Actual Consumption,2026-08-02T23:51:38Z
2026-08-02T23:49:28Z,2026-08-03T01:49:28+0200,65d3fff1-7125-472d-bbc3-1b240f9c8d5b,2026-07-30T17:30:00Z,2026-07-30T19:30:00+0200,10.825,MW,NL,NL,actual_onshore_wind_generation,Wind Onshore | Actual Aggregated,2026-08-02T23:51:38Z
2026-08-02T23:49:28Z,2026-08-03T01:49:28+0200,65d3fff1-7125-472d-bbc3-1b240f9c8d5b,2026-07-30T17:30:00Z,2026-07-30T19:30:00+0200,3.536,MW,NL,NL,actual_onshore_wind_generation,Wind Onshore | Actual Consumption,2026-08-02T23:51:38Z
2026-08-02T23:49:28Z,2026-08-03T01:49:28+0200,65d3fff1-7125-472d-bbc3-1b240f9c8d5b,2026-07-30T17:45:00Z,2026-07-30T19:45:00+0200,9.058,MW,NL,NL,actual_onshore_wind_generation,Wind Onshore | Actual Aggregated,2026-08-02T23:51:38Z
2026-08-02T23:49:28Z,2026-08-03T01:49:28+0200,65d3fff1-7125-472d-bbc3-1b240f9c8d5b,2026-07-30T17:45:00Z,2026-07-30T19:45:00+0200,3.968,MW,NL,NL,actual_onshore_wind_generation,Wind Onshore | Actual Consumption,2026-08-02T23:51:38Z
2026-08-02T23:49:28Z,2026-08-03T01:49:28+0200,65d3fff1-7125-472d-bbc3-1b240f9c8d5b,2026-07-30T18:00:00Z,2026-07-30T20:00:00+0200,5.533,MW,NL,NL,actual_onshore_wind_generation,Wind Onshore | Actual Aggregated,2026-08-02T23:51:38Z
2026-08-02T23:49:28Z,2026-08-03T01:49:28+0200,65d3fff1-7125-472d-bbc3-1b240f9c8d5b,2026-07-30T18:00:00Z,2026-07-30T20:00:00+0200,6.668,MW,NL,NL,actual_onshore_wind_generation,Wind Onshore | Actual Consumption,2026-08-02T23:51:38Z
2026-08-02T23:49:28Z,2026-08-03T01:49:28+0200,65d3fff1-7125-472d-bbc3-1b240f9c8d5b,2026-07-30T18:15:00Z,2026-07-30T20:15:00+0200,7.216,MW,NL,NL,actual_onshore_wind_generation,Wind Onshore | Actual Aggregated,2026-08-02T23:51:38Z
2026-08-02T23:49:28Z,2026-08-03T01:49:28+0200,65d3fff1-7125-472d-bbc3-1b240f9c8d5b,2026-07-30T18:15:00Z,2026-07-30T20:15:00+0200,6.479,MW,NL,NL,actual_onshore_wind_generation,Wind Onshore | Actual Consumption,2026-08-02T23:51:38Z
2026-08-02T23:49:28Z,2026-08-03T01:49:28+0200,65d3fff1-7125-472d-bbc3-1b240f9c8d5b,2026-07-30T18:30:00Z,2026-07-30T20:30:00+0200,3.765,MW,NL,NL,actual_onshore_wind_generation,Wind Onshore | Actual Aggregated,2026-08-02T23:51:38Z
2026-08-02T23:49:28Z,2026-08-03T01:49:28+0200,65d3fff1-7125-472d-bbc3-1b240f9c8d5b,2026-07-30T18:30:00Z,2026-07-30T20:30:00+0200,6.462,MW,NL,NL,actual_onshore_wind_generation,Wind Onshore | Actual Consumption,2026-08-02T23:51:38Z
2026-08-02T23:49:28Z,2026-08-03T01:49:28+0200,65d3fff1-7125-472d-bbc3-1b240f9c8d5b,2026-07-30T18:45:00Z,2026-07-30T20:45:00+0200,2.085,MW,NL,NL,actual_onshore_wind_generation,Wind Onshore | Actual Aggregated,2026-08-02T23:51:38Z
2026-08-02T23:49:28Z,2026-08-03T01:49:28+0200,65d3fff1-7125-472d-bbc3-1b240f9c8d5b,2026-07-30T18:45:00Z,2026-07-30T20:45:00+0200,6.446,MW,NL,NL,actual_onshore_wind_generation,Wind Onshore | Actual Consumption,2026-08-02T23:51:38Z
2026-08-02T23:49:28Z,2026-08-03T01:49:28+0200,65d3fff1-7125-472d-bbc3-1b240f9c8d5b,2026-07-30T19:00:00Z,2026-07-30T21:00:00+0200,0.506,MW,NL,NL,actual_onshore_wind_generation,Wind Onshore | Actual Aggregated,2026-08-02T23:51:38Z
2026-08-02T23:49:28Z,2026-08-03T01:49:28+0200,65d3fff1-7125-472d-bbc3-1b240f9c8d5b,2026-07-30T19:00:00Z,2026-07-30T21:00:00+0200,6.873,MW,NL,NL,actual_onshore_wind_generation,Wind Onshore | Actual Consumption,2026-08-02T23:51:38Z
2026-08-02T23:49:28Z,2026-08-03T01:49:28+0200,65d3fff1-7125-472d-bbc3-1b240f9c8d5b,2026-07-30T19:15:00Z,2026-07-30T21:15:00+0200,1.283,MW,NL,NL,actual_onshore_wind_generation,Wind Onshore | Actual Aggregated,2026-08-02T23:51:38Z
2026-08-02T23:49:28Z,2026-08-03T01:49:28+0200,65d3fff1-7125-472d-bbc3-1b240f9c8d5b,2026-07-30T19:15:00Z,2026-07-30T21:15:00+0200,6.5,MW,NL,NL,actual_onshore_wind_generation,Wind Onshore | Actual Consumption,2026-08-02T23:51:38Z
2026-08-02T23:49:28Z,2026-08-03T01:49:28+0200,65d3fff1-7125-472d-bbc3-1b240f9c8d5b,2026-07-30T19:30:00Z,2026-07-30T21:30:00+0200,1.251,MW,NL,NL,actual_onshore_wind_generation,Wind Onshore | Actual Aggregated,2026-08-02T23:51:38Z
2026-08-02T23:49:28Z,2026-08-03T01:49:28+0200,65d3fff1-7125-472d-bbc3-1b240f9c8d5b,2026-07-30T19:30:00Z,2026-07-30T21:30:00+0200,6.422,MW,NL,NL,actual_onshore_wind_generation,Wind Onshore | Actual Consumption,2026-08-02T23:51:38Z
2026-08-02T23:49:28Z,2026-08-03T01:49:28+0200,65d3fff1-7125-472d-bbc3-1b240f9c8d5b,2026-07-30T19:45:00Z,2026-07-30T21:45:00+0200,2.75,MW,NL,NL,actual_onshore_wind_generation,Wind Onshore | Actual Aggregated,2026-08-02T23:51:38Z
2026-08-02T23:49:28Z,2026-08-03T01:49:28+0200,65d3fff1-7125-472d-bbc3-1b240f9c8d5b,2026-07-30T19:45:00Z,2026-07-30T21:45:00+0200,6.434,MW,NL,NL,actual_onshore_wind_generation,Wind Onshore | Actual Consumption,2026-08-02T23:51:38Z
2026-08-02T23:49:28Z,2026-08-03T01:49:28+0200,65d3fff1-7125-472d-bbc3-1b240f9c8d5b,2026-07-30T20:00:00Z,2026-07-30T22:00:00+0200,4.249,MW,NL,NL,actual_onshore_wind_generation,Wind Onshore | Actual Aggregated,2026-08-02T23:51:38Z
2026-08-02T23:49:28Z,2026-08-03T01:49:28+0200,65d3fff1-7125-472d-bbc3-1b240f9c8d5b,2026-07-30T20:00:00Z,2026-07-30T22:00:00+0200,6.381,MW,NL,NL,actual_onshore_wind_generation,Wind Onshore | Actual Consumption,2026-08-02T23:51:38Z
2026-08-02T23:49:28Z,2026-08-03T01:49:28+0200,65d3fff1-7125-472d-bbc3-1b240f9c8d5b,2026-07-30T20:15:00Z,2026-07-30T22:15:00+0200,6.01,MW,NL,NL,actual_onshore_wind_generation,Wind Onshore | Actual Aggregated,2026-08-02T23:51:38Z
2026-08-02T23:49:28Z,2026-08-03T01:49:28+0200,65d3fff1-7125-472d-bbc3-1b240f9c8d5b,2026-07-30T20:15:00Z,2026-07-30T22:15:00+0200,6.297,MW,NL,NL,actual_onshore_wind_generation,Wind Onshore | Actual Consumption,2026-08-02T23:51:38Z
2026-08-02T23:49:28Z,2026-08-03T01:49:28+0200,65d3fff1-7125-472d-bbc3-1b240f9c8d5b,2026-07-30T20:30:00Z,2026-07-30T22:30:00+0200,4.201,MW,NL,NL,actual_onshore_wind_generation,Wind Onshore | Actual Aggregated,2026-08-02T23:51:38Z
2026-08-02T23:49:28Z,2026-08-03T01:49:28+0200,65d3fff1-7125-472d-bbc3-1b240f9c8d5b,2026-07-30T20:30:00Z,2026-07-30T22:30:00+0200,4.945,MW,NL,NL,actual_onshore_wind_generation,Wind Onshore | Actual Consumption,2026-08-02T23:51:38Z
2026-08-02T23:49:28Z,2026-08-03T01:49:28+0200,65d3fff1-7125-472d-bbc3-1b240f9c8d5b,2026-07-30T20:45:00Z,2026-07-30T22:45:00+0200,5.411,MW,NL,NL,actual_onshore_wind_generation,Wind Onshore | Actual Aggregated,2026-08-02T23:51:38Z
2026-08-02T23:49:28Z,2026-08-03T01:49:28+0200,65d3fff1-7125-472d-bbc3-1b240f9c8d5b,2026-07-30T20:45:00Z,2026-07-30T22:45:00+0200,6.261,MW,NL,NL,actual_onshore_wind_generation,Wind Onshore | Actual Consumption,2026-08-02T23:51:38Z
2026-08-02T23:49:28Z,2026-08-03T01:49:28+0200,65d3fff1-7125-472d-bbc3-1b240f9c8d5b,2026-07-30T21:00:00Z,2026-07-30T23:00:00+0200,5.095,MW,NL,NL,actual_onshore_wind_generation,Wind Onshore | Actual Aggregated,2026-08-02T23:51:38Z
2026-08-02T23:49:28Z,2026-08-03T01:49:28+0200,65d3fff1-7125-472d-bbc3-1b240f9c8d5b,2026-07-30T21:00:00Z,2026-07-30T23:00:00+0200,6.532,MW,NL,NL,actual_onshore_wind_generation,Wind Onshore | Actual Consumption,2026-08-02T23:51:38Z
2026-08-02T23:49:28Z,2026-08-03T01:49:28+0200,65d3fff1-7125-472d-bbc3-1b240f9c8d5b,2026-07-30T21:15:00Z,2026-07-30T23:15:00+0200,5.201,MW,NL,NL,actual_onshore_wind_generation,Wind Onshore | Actual Aggregated,2026-08-02T23:51:38Z
2026-08-02T23:49:28Z,2026-08-03T01:49:28+0200,65d3fff1-7125-472d-bbc3-1b240f9c8d5b,2026-07-30T21:15:00Z,2026-07-30T23:15:00+0200,6.457,MW,NL,NL,actual_onshore_wind_generation,Wind Onshore | Actual Consumption,2026-08-02T23:51:38Z
2026-08-02T23:49:28Z,2026-08-03T01:49:28+0200,65d3fff1-7125-472d-bbc3-1b240f9c8d5b,2026-07-30T21:30:00Z,2026-07-30T23:30:00+0200,5.13,MW,NL,NL,actual_onshore_wind_generation,Wind Onshore | Actual Aggregated,2026-08-02T23:51:38Z
2026-08-02T23:49:28Z,2026-08-03T01:49:28+0200,65d3fff1-7125-472d-bbc3-1b240f9c8d5b,2026-07-30T21:30:00Z,2026-07-30T23:30:00+0200,6.322,MW,NL,NL,actual_onshore_wind_generation,Wind Onshore | Actual Consumption,2026-08-02T23:51:38Z
2026-08-02T23:49:28Z,2026-08-03T01:49:28+0200,65d3fff1-7125-472d-bbc3-1b240f9c8d5b,2026-07-30T21:45:00Z,2026-07-30T23:45:00+0200,4.249,MW,NL,NL,actual_onshore_wind_generation,Wind Onshore | Actual Aggregated,2026-08-02T23:51:38Z
2026-08-02T23:49:28Z,2026-08-03T01:49:28+0200,65d3fff1-7125-472d-bbc3-1b240f9c8d5b,2026-07-30T21:45:00Z,2026-07-30T23:45:00+0200,6.374,MW,NL,NL,actual_onshore_wind_generation,Wind Onshore | Actual Consumption,2026-08-02T23:51:38Z
2026-08-02T23:49:28Z,2026-08-03T01:49:28+0200,65d3fff1-7125-472d-bbc3-1b240f9c8d5b,2026-07-30T22:00:00Z,2026-07-31T00:00:00+0200,3.71,MW,NL,NL,actual_onshore_wind_generation,Wind Onshore | Actual Aggregated,2026-08-02T23:51:38Z
2026-08-02T23:49:28Z,2026-08-03T01:49:28+0200,65d3fff1-7125-472d-bbc3-1b240f9c8d5b,2026-07-30T22:00:00Z,2026-07-31T00:00:00+0200,6.366,MW,NL,NL,actual_onshore_wind_generation,Wind Onshore | Actual Consumption,2026-08-02T23:51:38Z
2026-08-02T23:49:28Z,2026-08-03T01:49:28+0200,65d3fff1-7125-472d-bbc3-1b240f9c8d5b,2026-07-30T22:15:00Z,2026-07-31T00:15:00+0200,1.75,MW,NL,NL,actual_onshore_wind_generation,Wind Onshore | Actual Aggregated,2026-08-02T23:51:38Z
2026-08-02T23:49:28Z,2026-08-03T01:49:28+0200,65d3fff1-7125-472d-bbc3-1b240f9c8d5b,2026-07-30T22:15:00Z,2026-07-31T00:15:00+0200,6.737,MW,NL,NL,actual_onshore_wind_generation,Wind Onshore | Actual Consumption,2026-08-02T23:51:38Z
2026-08-02T23:49:28Z,2026-08-03T01:49:28+0200,65d3fff1-7125-472d-bbc3-1b240f9c8d5b,2026-07-30T22:30:00Z,2026-07-31T00:30:00+0200,11.207,MW,NL,NL,actual_onshore_wind_generation,Wind Onshore | Actual Aggregated,2026-08-02T23:51:38Z
2026-08-02T23:49:28Z,2026-08-03T01:49:28+0200,65d3fff1-7125-472d-bbc3-1b240f9c8d5b,2026-07-30T22:30:00Z,2026-07-31T00:30:00+0200,3.996,MW,NL,NL,actual_onshore_wind_generation,Wind Onshore | Actual Consumption,2026-08-02T23:51:38Z
2026-08-02T23:49:28Z,2026-08-03T01:49:28+0200,65d3fff1-7125-472d-bbc3-1b240f9c8d5b,2026-07-30T22:45:00Z,2026-07-31T00:45:00+0200,12.18,MW,NL,NL,actual_onshore_wind_generation,Wind Onshore | Actual Aggregated,2026-08-02T23:51:38Z
2026-08-02T23:49:28Z,2026-08-03T01:49:28+0200,65d3fff1-7125-472d-bbc3-1b240f9c8d5b,2026-07-30T22:45:00Z,2026-07-31T00:45:00+0200,4.985,MW,NL,NL,actual_onshore_wind_generation,Wind Onshore | Actual Consumption,2026-08-02T23:51:38Z
2026-08-02T23:49:28Z,2026-08-03T01:49:28+0200,65d3fff1-7125-472d-bbc3-1b240f9c8d5b,2026-07-30T23:00:00Z,2026-07-31T01:00:00+0200,7.019,MW,NL,NL,actual_onshore_wind_generation,Wind Onshore | Actual Aggregated,2026-08-02T23:51:38Z
2026-08-02T23:49:28Z,2026-08-03T01:49:28+0200,65d3fff1-7125-472d-bbc3-1b240f9c8d5b,2026-07-30T23:00:00Z,2026-07-31T01:00:00+0200,5.666,MW,NL,NL,actual_onshore_wind_generation,Wind Onshore | Actual Consumption,2026-08-02T23:51:38Z
2026-08-02T23:49:28Z,2026-08-03T01:49:28+0200,65d3fff1-7125-472d-bbc3-1b240f9c8d5b,2026-07-30T23:15:00Z,2026-07-31T01:15:00+0200,4.295,MW,NL,NL,actual_onshore_wind_generation,Wind Onshore | Actual Aggregated,2026-08-02T23:51:38Z
2026-08-02T23:49:28Z,2026-08-03T01:49:28+0200,65d3fff1-7125-472d-bbc3-1b240f9c8d5b,2026-07-30T23:15:00Z,2026-07-31T01:15:00+0200,5.456,MW,NL,NL,actual_onshore_wind_generation,Wind Onshore | Actual Consumption,2026-08-02T23:51:38Z
2026-08-02T23:49:28Z,2026-08-03T01:49:28+0200,65d3fff1-7125-472d-bbc3-1b240f9c8d5b,2026-07-30T23:30:00Z,2026-07-31T01:30:00+0200,6.552,MW,NL,NL,actual_onshore_wind_generation,Wind Onshore | Actual Aggregated,2026-08-02T23:51:38Z
2026-08-02T23:49:28Z,2026-08-03T01:49:28+0200,65d3fff1-7125-472d-bbc3-1b240f9c8d5b,2026-07-30T23:30:00Z,2026-07-31T01:30:00+0200,2.852,MW,NL,NL,actual_onshore_wind_generation,Wind Onshore | Actual Consumption,2026-08-02T23:51:38Z
2026-08-02T23:49:28Z,2026-08-03T01:49:28+0200,65d3fff1-7125-472d-bbc3-1b240f9c8d5b,2026-07-30T23:45:00Z,2026-07-31T01:45:00+0200,10.228,MW,NL,NL,actual_onshore_wind_generation,Wind Onshore | Actual Aggregated,2026-08-02T23:51:38Z
2026-08-02T23:49:28Z,2026-08-03T01:49:28+0200,65d3fff1-7125-472d-bbc3-1b240f9c8d5b,2026-07-30T23:45:00Z,2026-07-31T01:45:00+0200,1.416,MW,NL,NL,actual_onshore_wind_generation,Wind Onshore | Actual Consumption,2026-08-02T23:51:38Z
2026-08-02T23:49:28Z,2026-08-03T01:49:28+0200,65d3fff1-7125-472d-bbc3-1b240f9c8d5b,2026-07-31T00:00:00Z,2026-07-31T02:00:00+0200,15.667,MW,NL,NL,actual_onshore_wind_generation,Wind Onshore | Actual Aggregated,2026-08-02T23:51:38Z
2026-08-02T23:49:28Z,2026-08-03T01:49:28+0200,65d3fff1-7125-472d-bbc3-1b240f9c8d5b,2026-07-31T00:00:00Z,2026-07-31T02:00:00+0200,1.606,MW,NL,NL,actual_onshore_wind_generation,Wind Onshore | Actual Consumption,2026-08-02T23:51:38Z
2026-08-02T23:49:28Z,2026-08-03T01:49:28+0200,65d3fff1-7125-472d-bbc3-1b240f9c8d5b,2026-07-31T00:15:00Z,2026-07-31T02:15:00+0200,20.09,MW,NL,NL,actual_onshore_wind_generation,Wind Onshore | Actual Aggregated,2026-08-02T23:51:38Z
2026-08-02T23:49:28Z,2026-08-03T01:49:28+0200,65d3fff1-7125-472d-bbc3-1b240f9c8d5b,2026-07-31T00:15:00Z,2026-07-31T02:15:00+0200,0.258,MW,NL,NL,actual_onshore_wind_generation,Wind Onshore | Actual Consumption,2026-08-02T23:51:38Z
2026-08-02T23:49:28Z,2026-08-03T01:49:28+0200,65d3fff1-7125-472d-bbc3-1b240f9c8d5b,2026-07-31T00:30:00Z,2026-07-31T02:30:00+0200,23.822,MW,NL,NL,actual_onshore_wind_generation,Wind Onshore | Actual Aggregated,2026-08-02T23:51:38Z
2026-08-02T23:49:28Z,2026-08-03T01:49:28+0200,65d3fff1-7125-472d-bbc3-1b240f9c8d5b,2026-07-31T00:30:00Z,2026-07-31T02:30:00+0200,0.284,MW,NL,NL,actual_onshore_wind_generation,Wind Onshore | Actual Consumption,2026-08-02T23:51:38Z
2026-08-02T23:49:28Z,2026-08-03T01:49:28+0200,65d3fff1-7125-472d-bbc3-1b240f9c8d5b,2026-07-31T00:45:00Z,2026-07-31T02:45:00+0200,23.561,MW,NL,NL,actual_onshore_wind_generation,Wind Onshore | Actual Aggregated,2026-08-02T23:51:38Z
2026-08-02T23:49:28Z,2026-08-03T01:49:28+0200,65d3fff1-7125-472d-bbc3-1b240f9c8d5b,2026-07-31T00:45:00Z,2026-07-31T02:45:00+0200,0.258,MW,NL,NL,actual_onshore_wind_generation,Wind Onshore | Actual Consumption,2026-08-02T23:51:38Z
2026-08-02T23:49:28Z,2026-08-03T01:49:28+0200,65d3fff1-7125-472d-bbc3-1b240f9c8d5b,2026-07-31T01:00:00Z,2026-07-31T03:00:00+0200,35.4,MW,NL,NL,actual_onshore_wind_generation,Wind Onshore | Actual Aggregated,2026-08-02T23:51:38Z
2026-08-02T23:49:28Z,2026-08-03T01:49:28+0200,65d3fff1-7125-472d-bbc3-1b240f9c8d5b,2026-07-31T01:00:00Z,2026-07-31T03:00:00+0200,0.425,MW,NL,NL,actual_onshore_wind_generation,Wind Onshore | Actual Consumption,2026-08-02T23:51:38Z
2026-08-02T23:49:28Z,2026-08-03T01:49:28+0200,65d3fff1-7125-472d-bbc3-1b240f9c8d5b,2026-07-31T01:15:00Z,2026-07-31T03:15:00+0200,39.813,MW,NL,NL,actual_onshore_wind_generation,Wind Onshore | Actual Aggregated,2026-08-02T23:51:38Z
2026-08-02T23:49:28Z,2026-08-03T01:49:28+0200,65d3fff1-7125-472d-bbc3-1b240f9c8d5b,2026-07-31T01:15:00Z,2026-07-31T03:15:00+0200,0.529,MW,NL,NL,actual_onshore_wind_generation,Wind Onshore | Actual Consumption,2026-08-02T23:51:38Z
2026-08-02T23:49:28Z,2026-08-03T01:49:28+0200,65d3fff1-7125-472d-bbc3-1b240f9c8d5b,2026-07-31T01:30:00Z,2026-07-31T03:30:00+0200,31.127,MW,NL,NL,actual_onshore_wind_generation,Wind Onshore | Actual Aggregated,2026-08-02T23:51:38Z
2026-08-02T23:49:28Z,2026-08-03T01:49:28+0200,65d3fff1-7125-472d-bbc3-1b240f9c8d5b,2026-07-31T01:30:00Z,2026-07-31T03:30:00+0200,0.367,MW,NL,NL,actual_onshore_wind_generation,Wind Onshore | Actual Consumption,2026-08-02T23:51:38Z
2026-08-02T23:49:28Z,2026-08-03T01:49:28+0200,65d3fff1-7125-472d-bbc3-1b240f9c8d5b,2026-07-31T01:45:00Z,2026-07-31T03:45:00+0200,28.454,MW,NL,NL,actual_onshore_wind_generation,Wind Onshore | Actual Aggregated,2026-08-02T23:51:38Z
2026-08-02T23:49:28Z,2026-08-03T01:49:28+0200,65d3fff1-7125-472d-bbc3-1b240f9c8d5b,2026-07-31T01:45:00Z,2026-07-31T03:45:00+0200,0.432,MW,NL,NL,actual_onshore_wind_generation,Wind Onshore | Actual Consumption,2026-08-02T23:51:38Z
2026-08-02T23:49:28Z,2026-08-03T01:49:28+0200,65d3fff1-7125-472d-bbc3-1b240f9c8d5b,2026-07-31T02:00:00Z,2026-07-31T04:00:00+0200,31.19,MW,NL,NL,actual_onshore_wind_generation,Wind Onshore | Actual Aggregated,2026-08-02T23:51:38Z
2026-08-02T23:49:28Z,2026-08-03T01:49:28+0200,65d3fff1-7125-472d-bbc3-1b240f9c8d5b,2026-07-31T02:00:00Z,2026-07-31T04:00:00+0200,0.264,MW,NL,NL,actual_onshore_wind_generation,Wind Onshore | Actual Consumption,2026-08-02T23:51:38Z
2026-08-02T23:49:28Z,2026-08-03T01:49:28+0200,65d3fff1-7125-472d-bbc3-1b240f9c8d5b,2026-07-31T02:15:00Z,2026-07-31T04:15:00+0200,37.437,MW,NL,NL,actual_onshore_wind_generation,Wind Onshore | Actual Aggregated,2026-08-02T23:51:38Z
2026-08-02T23:49:28Z,2026-08-03T01:49:28+0200,65d3fff1-7125-472d-bbc3-1b240f9c8d5b,2026-07-31T02:15:00Z,2026-07-31T04:15:00+0200,0.264,MW,NL,NL,actual_onshore_wind_generation,Wind Onshore | Actual Consumption,2026-08-02T23:51:38Z
2026-08-02T23:49:28Z,2026-08-03T01:49:28+0200,65d3fff1-7125-472d-bbc3-1b240f9c8d5b,2026-07-31T02:30:00Z,2026-07-31T04:30:00+0200,38.555,MW,NL,NL,actual_onshore_wind_generation,Wind Onshore | Actual Aggregated,2026-08-02T23:51:38Z
2026-08-02T23:49:28Z,2026-08-03T01:49:28+0200,65d3fff1-7125-472d-bbc3-1b240f9c8d5b,2026-07-31T02:30:00Z,2026-07-31T04:30:00+0200,0.0,MW,NL,NL,actual_onshore_wind_generation,Wind Onshore | Actual Consumption,2026-08-02T23:51:38Z
2026-08-02T23:49:28Z,2026-08-03T01:49:28+0200,65d3fff1-7125-472d-bbc3-1b240f9c8d5b,2026-07-31T02:45:00Z,2026-07-31T04:45:00+0200,42.097,MW,NL,NL,actual_onshore_wind_generation,Wind Onshore | Actual Aggregated,2026-08-02T23:51:38Z
2026-08-02T23:49:28Z,2026-08-03T01:49:28+0200,65d3fff1-7125-472d-bbc3-1b240f9c8d5b,2026-07-31T02:45:00Z,2026-07-31T04:45:00+0200,0.0,MW,NL,NL,actual_onshore_wind_generation,Wind Onshore | Actual Consumption,2026-08-02T23:51:38Z
2026-08-02T23:49:28Z,2026-08-03T01:49:28+0200,65d3fff1-7125-472d-bbc3-1b240f9c8d5b,2026-07-31T03:00:00Z,2026-07-31T05:00:00+0200,41.956,MW,NL,NL,actual_onshore_wind_generation,Wind Onshore | Actual Aggregated,2026-08-02T23:51:38Z
2026-08-02T23:49:28Z,2026-08-03T01:49:28+0200,65d3fff1-7125-472d-bbc3-1b240f9c8d5b,2026-07-31T03:00:00Z,2026-07-31T05:00:00+0200,0.0,MW,NL,NL,actual_onshore_wind_generation,Wind Onshore | Actual Consumption,2026-08-02T23:51:38Z
2026-08-02T23:49:28Z,2026-08-03T01:49:28+0200,65d3fff1-7125-472d-bbc3-1b240f9c8d5b,2026-07-31T03:15:00Z,2026-07-31T05:15:00+0200,40.556,MW,NL,NL,actual_onshore_wind_generation,Wind Onshore | Actual Aggregated,2026-08-02T23:51:38Z
2026-08-02T23:49:28Z,2026-08-03T01:49:28+0200,65d3fff1-7125-472d-bbc3-1b240f9c8d5b,2026-07-31T03:15:00Z,2026-07-31T05:15:00+0200,0.0,MW,NL,NL,actual_onshore_wind_generation,Wind Onshore | Actual Consumption,2026-08-02T23:51:38Z
2026-08-02T23:49:28Z,2026-08-03T01:49:28+0200,65d3fff1-7125-472d-bbc3-1b240f9c8d5b,2026-07-31T03:30:00Z,2026-07-31T05:30:00+0200,39.66,MW,NL,NL,actual_onshore_wind_generation,Wind Onshore | Actual Aggregated,2026-08-02T23:51:38Z
2026-08-02T23:49:28Z,2026-08-03T01:49:28+0200,65d3fff1-7125-472d-bbc3-1b240f9c8d5b,2026-07-31T03:30:00Z,2026-07-31T05:30:00+0200,0.178,MW,NL,NL,actual_onshore_wind_generation,Wind Onshore | Actual Consumption,2026-08-02T23:51:38Z
2026-08-02T23:49:28Z,2026-08-03T01:49:28+0200,65d3fff1-7125-472d-bbc3-1b240f9c8d5b,2026-07-31T03:45:00Z,2026-07-31T05:45:00+0200,43.014,MW,NL,NL,actual_onshore_wind_generation,Wind Onshore | Actual Aggregated,2026-08-02T23:51:38Z
2026-08-02T23:49:28Z,2026-08-03T01:49:28+0200,65d3fff1-7125-472d-bbc3-1b240f9c8d5b,2026-07-31T03:45:00Z,2026-07-31T05:45:00+0200,0.0,MW,NL,NL,actual_onshore_wind_generation,Wind Onshore | Actual Consumption,2026-08-02T23:51:38Z
2026-08-02T23:49:28Z,2026-08-03T01:49:28+0200,65d3fff1-7125-472d-bbc3-1b240f9c8d5b,2026-07-31T04:00:00Z,2026-07-31T06:00:00+0200,45.284,MW,NL,NL,actual_onshore_wind_generation,Wind Onshore | Actual Aggregated,2026-08-02T23:51:38Z
2026-08-02T23:49:28Z,2026-08-03T01:49:28+0200,65d3fff1-7125-472d-bbc3-1b240f9c8d5b,2026-07-31T04:00:00Z,2026-07-31T06:00:00+0200,0.0,MW,NL,NL,actual_onshore_wind_generation,Wind Onshore | Actual Consumption,2026-08-02T23:51:38Z
2026-08-02T23:49:28Z,2026-08-03T01:49:28+0200,65d3fff1-7125-472d-bbc3-1b240f9c8d5b,2026-07-31T04:15:00Z,2026-07-31T06:15:00+0200,41.302,MW,NL,NL,actual_onshore_wind_generation,Wind Onshore | Actual Aggregated,2026-08-02T23:51:38Z
2026-08-02T23:49:28Z,2026-08-03T01:49:28+0200,65d3fff1-7125-472d-bbc3-1b240f9c8d5b,2026-07-31T04:15:00Z,2026-07-31T06:15:00+0200,0.147,MW,NL,NL,actual_onshore_wind_generation,Wind Onshore | Actual Consumption,2026-08-02T23:51:38Z
2026-08-02T23:49:28Z,2026-08-03T01:49:28+0200,65d3fff1-7125-472d-bbc3-1b240f9c8d5b,2026-07-31T04:30:00Z,2026-07-31T06:30:00+0200,37.913,MW,NL,NL,actual_onshore_wind_generation,Wind Onshore | Actual Aggregated,2026-08-02T23:51:38Z
2026-08-02T23:49:28Z,2026-08-03T01:49:28+0200,65d3fff1-7125-472d-bbc3-1b240f9c8d5b,2026-07-31T04:30:00Z,2026-07-31T06:30:00+0200,2.206,MW,NL,NL,actual_onshore_wind_generation,Wind Onshore | Actual Consumption,2026-08-02T23:51:38Z
2026-08-02T23:49:28Z,2026-08-03T01:49:28+0200,65d3fff1-7125-472d-bbc3-1b240f9c8d5b,2026-07-31T04:45:00Z,2026-07-31T06:45:00+0200,80.37,MW,NL,NL,actual_onshore_wind_generation,Wind Onshore | Actual Aggregated,2026-08-02T23:51:38Z
2026-08-02T23:49:28Z,2026-08-03T01:49:28+0200,65d3fff1-7125-472d-bbc3-1b240f9c8d5b,2026-07-31T04:45:00Z,2026-07-31T06:45:00+0200,0.0,MW,NL,NL,actual_onshore_wind_generation,Wind Onshore | Actual Consumption,2026-08-02T23:51:38Z
2026-08-02T23:49:28Z,2026-08-03T01:49:28+0200,65d3fff1-7125-472d-bbc3-1b240f9c8d5b,2026-07-31T05:00:00Z,2026-07-31T07:00:00+0200,224.362,MW,NL,NL,actual_onshore_wind_generation,Wind Onshore | Actual Aggregated,2026-08-02T23:51:38Z
2026-08-02T23:49:28Z,2026-08-03T01:49:28+0200,65d3fff1-7125-472d-bbc3-1b240f9c8d5b,2026-07-31T05:00:00Z,2026-07-31T07:00:00+0200,0.0,MW,NL,NL,actual_onshore_wind_generation,Wind Onshore | Actual Consumption,2026-08-02T23:51:38Z
2026-08-02T23:49:28Z,2026-08-03T01:49:28+0200,65d3fff1-7125-472d-bbc3-1b240f9c8d5b,2026-07-31T05:15:00Z,2026-07-31T07:15:00+0200,257.833,MW,NL,NL,actual_onshore_wind_generation,Wind Onshore | Actual Aggregated,2026-08-02T23:51:38Z
2026-08-02T23:49:28Z,2026-08-03T01:49:28+0200,65d3fff1-7125-472d-bbc3-1b240f9c8d5b,2026-07-31T05:15:00Z,2026-07-31T07:15:00+0200,0.0,MW,NL,NL,actual_onshore_wind_generation,Wind Onshore | Actual Consumption,2026-08-02T23:51:38Z
2026-08-02T23:49:28Z,2026-08-03T01:49:28+0200,65d3fff1-7125-472d-bbc3-1b240f9c8d5b,2026-07-31T05:30:00Z,2026-07-31T07:30:00+0200,227.549,MW,NL,NL,actual_onshore_wind_generation,Wind Onshore | Actual Aggregated,2026-08-02T23:51:38Z
2026-08-02T23:49:28Z,2026-08-03T01:49:28+0200,65d3fff1-7125-472d-bbc3-1b240f9c8d5b,2026-07-31T05:30:00Z,2026-07-31T07:30:00+0200,0.858,MW,NL,NL,actual_onshore_wind_generation,Wind Onshore | Actual Consumption,2026-08-02T23:51:38Z
2026-08-02T23:49:28Z,2026-08-03T01:49:28+0200,65d3fff1-7125-472d-bbc3-1b240f9c8d5b,2026-07-31T05:45:00Z,2026-07-31T07:45:00+0200,174.857,MW,NL,NL,actual_onshore_wind_generation,Wind Onshore | Actual Aggregated,2026-08-02T23:51:38Z
2026-08-02T23:49:28Z,2026-08-03T01:49:28+0200,65d3fff1-7125-472d-bbc3-1b240f9c8d5b,2026-07-31T05:45:00Z,2026-07-31T07:45:00+0200,0.983,MW,NL,NL,actual_onshore_wind_generation,Wind Onshore | Actual Consumption,2026-08-02T23:51:38Z
2026-08-02T23:49:28Z,2026-08-03T01:49:28+0200,65d3fff1-7125-472d-bbc3-1b240f9c8d5b,2026-07-31T06:00:00Z,2026-07-31T08:00:00+0200,136.592,MW,NL,NL,actual_onshore_wind_generation,Wind Onshore | Actual Aggregated,2026-08-02T23:51:38Z
2026-08-02T23:49:28Z,2026-08-03T01:49:28+0200,65d3fff1-7125-472d-bbc3-1b240f9c8d5b,2026-07-31T06:00:00Z,2026-07-31T08:00:00+0200,1.192,MW,NL,NL,actual_onshore_wind_generation,Wind Onshore | Actual Consumption,2026-08-02T23:51:38Z
2026-08-02T23:49:28Z,2026-08-03T01:49:28+0200,65d3fff1-7125-472d-bbc3-1b240f9c8d5b,2026-07-31T06:15:00Z,2026-07-31T08:15:00+0200,141.924,MW,NL,NL,actual_onshore_wind_generation,Wind Onshore | Actual Aggregated,2026-08-02T23:51:38Z
2026-08-02T23:49:28Z,2026-08-03T01:49:28+0200,65d3fff1-7125-472d-bbc3-1b240f9c8d5b,2026-07-31T06:15:00Z,2026-07-31T08:15:00+0200,2.03,MW,NL,NL,actual_onshore_wind_generation,Wind Onshore | Actual Consumption,2026-08-02T23:51:38Z
2026-08-02T23:49:28Z,2026-08-03T01:49:28+0200,65d3fff1-7125-472d-bbc3-1b240f9c8d5b,2026-07-31T06:30:00Z,2026-07-31T08:30:00+0200,128.729,MW,NL,NL,actual_onshore_wind_generation,Wind Onshore | Actual Aggregated,2026-08-02T23:51:38Z
2026-08-02T23:49:28Z,2026-08-03T01:49:28+0200,65d3fff1-7125-472d-bbc3-1b240f9c8d5b,2026-07-31T06:30:00Z,2026-07-31T08:30:00+0200,2.921,MW,NL,NL,actual_onshore_wind_generation,Wind Onshore | Actual Consumption,2026-08-02T23:51:38Z
2026-08-02T23:49:28Z,2026-08-03T01:49:28+0200,65d3fff1-7125-472d-bbc3-1b240f9c8d5b,2026-07-31T06:45:00Z,2026-07-31T08:45:00+0200,128.246,MW,NL,NL,actual_onshore_wind_generation,Wind Onshore | Actual Aggregated,2026-08-02T23:51:38Z
2026-08-02T23:49:28Z,2026-08-03T01:49:28+0200,65d3fff1-7125-472d-bbc3-1b240f9c8d5b,2026-07-31T06:45:00Z,2026-07-31T08:45:00+0200,3.026,MW,NL,NL,actual_onshore_wind_generation,Wind Onshore | Actual Consumption,2026-08-02T23:51:38Z
2026-08-02T23:49:28Z,2026-08-03T01:49:28+0200,65d3fff1-7125-472d-bbc3-1b240f9c8d5b,2026-07-31T07:00:00Z,2026-07-31T09:00:00+0200,125.929,MW,NL,NL,actual_onshore_wind_generation,Wind Onshore | Actual Aggregated,2026-08-02T23:51:38Z
2026-08-02T23:49:28Z,2026-08-03T01:49:28+0200,65d3fff1-7125-472d-bbc3-1b240f9c8d5b,2026-07-31T07:00:00Z,2026-07-31T09:00:00+0200,1.21,MW,NL,NL,actual_onshore_wind_generation,Wind Onshore | Actual Consumption,2026-08-02T23:51:38Z
2026-08-02T23:49:28Z,2026-08-03T01:49:28+0200,65d3fff1-7125-472d-bbc3-1b240f9c8d5b,2026-07-31T07:15:00Z,2026-07-31T09:15:00+0200,136.611,MW,NL,NL,actual_onshore_wind_generation,Wind Onshore | Actual Aggregated,2026-08-02T23:51:38Z
2026-08-02T23:49:28Z,2026-08-03T01:49:28+0200,65d3fff1-7125-472d-bbc3-1b240f9c8d5b,2026-07-31T07:15:00Z,2026-07-31T09:15:00+0200,1.28,MW,NL,NL,actual_onshore_wind_generation,Wind Onshore | Actual Consumption,2026-08-02T23:51:38Z
2026-08-02T23:49:28Z,2026-08-03T01:49:28+0200,65d3fff1-7125-472d-bbc3-1b240f9c8d5b,2026-07-31T07:30:00Z,2026-07-31T09:30:00+0200,129.989,MW,NL,NL,actual_onshore_wind_generation,Wind Onshore | Actual Aggregated,2026-08-02T23:51:38Z
2026-08-02T23:49:28Z,2026-08-03T01:49:28+0200,65d3fff1-7125-472d-bbc3-1b240f9c8d5b,2026-07-31T07:30:00Z,2026-07-31T09:30:00+0200,0.474,MW,NL,NL,actual_onshore_wind_generation,Wind Onshore | Actual Consumption,2026-08-02T23:51:38Z
2026-08-02T23:49:28Z,2026-08-03T01:49:28+0200,65d3fff1-7125-472d-bbc3-1b240f9c8d5b,2026-07-31T07:45:00Z,2026-07-31T09:45:00+0200,122.923,MW,NL,NL,actual_onshore_wind_generation,Wind Onshore | Actual Aggregated,2026-08-02T23:51:38Z
2026-08-02T23:49:28Z,2026-08-03T01:49:28+0200,65d3fff1-7125-472d-bbc3-1b240f9c8d5b,2026-07-31T07:45:00Z,2026-07-31T09:45:00+0200,0.702,MW,NL,NL,actual_onshore_wind_generation,Wind Onshore | Actual Consumption,2026-08-02T23:51:38Z
2026-08-02T23:49:28Z,2026-08-03T01:49:28+0200,65d3fff1-7125-472d-bbc3-1b240f9c8d5b,2026-07-31T08:00:00Z,2026-07-31T10:00:00+0200,124.56,MW,NL,NL,actual_onshore_wind_generation,Wind Onshore | Actual Aggregated,2026-08-02T23:51:38Z
2026-08-02T23:49:28Z,2026-08-03T01:49:28+0200,65d3fff1-7125-472d-bbc3-1b240f9c8d5b,2026-07-31T08:00:00Z,2026-07-31T10:00:00+0200,0.741,MW,NL,NL,actual_onshore_wind_generation,Wind Onshore | Actual Consumption,2026-08-02T23:51:38Z
2026-08-02T23:49:28Z,2026-08-03T01:49:28+0200,65d3fff1-7125-472d-bbc3-1b240f9c8d5b,2026-07-31T08:15:00Z,2026-07-31T10:15:00+0200,129.843,MW,NL,NL,actual_onshore_wind_generation,Wind Onshore | Actual Aggregated,2026-08-02T23:51:38Z
2026-08-02T23:49:28Z,2026-08-03T01:49:28+0200,65d3fff1-7125-472d-bbc3-1b240f9c8d5b,2026-07-31T08:15:00Z,2026-07-31T10:15:00+0200,0.791,MW,NL,NL,actual_onshore_wind_generation,Wind Onshore | Actual Consumption,2026-08-02T23:51:38Z
2026-08-02T23:49:28Z,2026-08-03T01:49:28+0200,65d3fff1-7125-472d-bbc3-1b240f9c8d5b,2026-07-31T08:30:00Z,2026-07-31T10:30:00+0200,132.822,MW,NL,NL,actual_onshore_wind_generation,Wind Onshore | Actual Aggregated,2026-08-02T23:51:38Z
2026-08-02T23:49:28Z,2026-08-03T01:49:28+0200,65d3fff1-7125-472d-bbc3-1b240f9c8d5b,2026-07-31T08:30:00Z,2026-07-31T10:30:00+0200,0.565,MW,NL,NL,actual_onshore_wind_generation,Wind Onshore | Actual Consumption,2026-08-02T23:51:38Z
2026-08-02T23:49:28Z,2026-08-03T01:49:28+0200,65d3fff1-7125-472d-bbc3-1b240f9c8d5b,2026-07-31T08:45:00Z,2026-07-31T10:45:00+0200,140.149,MW,NL,NL,actual_onshore_wind_generation,Wind Onshore | Actual Aggregated,2026-08-02T23:51:38Z
2026-08-02T23:49:28Z,2026-08-03T01:49:28+0200,65d3fff1-7125-472d-bbc3-1b240f9c8d5b,2026-07-31T08:45:00Z,2026-07-31T10:45:00+0200,0.0,MW,NL,NL,actual_onshore_wind_generation,Wind Onshore | Actual Consumption,2026-08-02T23:51:38Z
2026-08-02T23:49:28Z,2026-08-03T01:49:28+0200,65d3fff1-7125-472d-bbc3-1b240f9c8d5b,2026-07-31T09:00:00Z,2026-07-31T11:00:00+0200,157.059,MW,NL,NL,actual_onshore_wind_generation,Wind Onshore | Actual Aggregated,2026-08-02T23:51:38Z
2026-08-02T23:49:28Z,2026-08-03T01:49:28+0200,65d3fff1-7125-472d-bbc3-1b240f9c8d5b,2026-07-31T09:00:00Z,2026-07-31T11:00:00+0200,0.0,MW,NL,NL,actual_onshore_wind_generation,Wind Onshore | Actual Consumption,2026-08-02T23:51:38Z
2026-08-02T23:49:28Z,2026-08-03T01:49:28+0200,65d3fff1-7125-472d-bbc3-1b240f9c8d5b,2026-07-31T09:15:00Z,2026-07-31T11:15:00+0200,143.026,MW,NL,NL,actual_onshore_wind_generation,Wind Onshore | Actual Aggregated,2026-08-02T23:51:38Z
2026-08-02T23:49:28Z,2026-08-03T01:49:28+0200,65d3fff1-7125-472d-bbc3-1b240f9c8d5b,2026-07-31T09:15:00Z,2026-07-31T11:15:00+0200,0.0,MW,NL,NL,actual_onshore_wind_generation,Wind Onshore | Actual Consumption,2026-08-02T23:51:38Z
2026-08-02T23:49:28Z,2026-08-03T01:49:28+0200,65d3fff1-7125-472d-bbc3-1b240f9c8d5b,2026-07-31T09:30:00Z,2026-07-31T11:30:00+0200,120.627,MW,NL,NL,actual_onshore_wind_generation,Wind Onshore | Actual Aggregated,2026-08-02T23:51:38Z
2026-08-02T23:49:28Z,2026-08-03T01:49:28+0200,65d3fff1-7125-472d-bbc3-1b240f9c8d5b,2026-07-31T09:30:00Z,2026-07-31T11:30:00+0200,0.0,MW,NL,NL,actual_onshore_wind_generation,Wind Onshore | Actual Consumption,2026-08-02T23:51:38Z
2026-08-02T23:49:28Z,2026-08-03T01:49:28+0200,65d3fff1-7125-472d-bbc3-1b240f9c8d5b,2026-07-31T09:45:00Z,2026-07-31T11:45:00+0200,123.798,MW,NL,NL,actual_onshore_wind_generation,Wind Onshore | Actual Aggregated,2026-08-02T23:51:38Z
2026-08-02T23:49:28Z,2026-08-03T01:49:28+0200,65d3fff1-7125-472d-bbc3-1b240f9c8d5b,2026-07-31T09:45:00Z,2026-07-31T11:45:00+0200,0.0,MW,NL,NL,actual_onshore_wind_generation,Wind Onshore | Actual Consumption,2026-08-02T23:51:38Z
2026-08-02T23:49:28Z,2026-08-03T01:49:28+0200,65d3fff1-7125-472d-bbc3-1b240f9c8d5b,2026-07-31T10:00:00Z,2026-07-31T12:00:00+0200,119.645,MW,NL,NL,actual_onshore_wind_generation,Wind Onshore | Actual Aggregated,2026-08-02T23:51:38Z
2026-08-02T23:49:28Z,2026-08-03T01:49:28+0200,65d3fff1-7125-472d-bbc3-1b240f9c8d5b,2026-07-31T10:00:00Z,2026-07-31T12:00:00+0200,0.0,MW,NL,NL,actual_onshore_wind_generation,Wind Onshore | Actual Consumption,2026-08-02T23:51:38Z
2026-08-02T23:49:28Z,2026-08-03T01:49:28+0200,65d3fff1-7125-472d-bbc3-1b240f9c8d5b,2026-07-31T10:15:00Z,2026-07-31T12:15:00+0200,115.665,MW,NL,NL,actual_onshore_wind_generation,Wind Onshore | Actual Aggregated,2026-08-02T23:51:38Z
2026-08-02T23:49:28Z,2026-08-03T01:49:28+0200,65d3fff1-7125-472d-bbc3-1b240f9c8d5b,2026-07-31T10:15:00Z,2026-07-31T12:15:00+0200,0.0,MW,NL,NL,actual_onshore_wind_generation,Wind Onshore | Actual Consumption,2026-08-02T23:51:38Z
2026-08-02T23:49:28Z,2026-08-03T01:49:28+0200,65d3fff1-7125-472d-bbc3-1b240f9c8d5b,2026-07-31T10:30:00Z,2026-07-31T12:30:00+0200,122.067,MW,NL,NL,actual_onshore_wind_generation,Wind Onshore | Actual Aggregated,2026-08-02T23:51:38Z
2026-08-02T23:49:28Z,2026-08-03T01:49:28+0200,65d3fff1-7125-472d-bbc3-1b240f9c8d5b,2026-07-31T10:30:00Z,2026-07-31T12:30:00+0200,0.0,MW,NL,NL,actual_onshore_wind_generation,Wind Onshore | Actual Consumption,2026-08-02T23:51:38Z
2026-08-02T23:49:28Z,2026-08-03T01:49:28+0200,65d3fff1-7125-472d-bbc3-1b240f9c8d5b,2026-07-31T10:45:00Z,2026-07-31T12:45:00+0200,114.755,MW,NL,NL,actual_onshore_wind_generation,Wind Onshore | Actual Aggregated,2026-08-02T23:51:38Z
2026-08-02T23:49:28Z,2026-08-03T01:49:28+0200,65d3fff1-7125-472d-bbc3-1b240f9c8d5b,2026-07-31T10:45:00Z,2026-07-31T12:45:00+0200,0.0,MW,NL,NL,actual_onshore_wind_generation,Wind Onshore | Actual Consumption,2026-08-02T23:51:38Z
2026-08-02T23:49:28Z,2026-08-03T01:49:28+0200,65d3fff1-7125-472d-bbc3-1b240f9c8d5b,2026-07-31T11:00:00Z,2026-07-31T13:00:00+0200,103.516,MW,NL,NL,actual_onshore_wind_generation,Wind Onshore | Actual Aggregated,2026-08-02T23:51:38Z
2026-08-02T23:49:28Z,2026-08-03T01:49:28+0200,65d3fff1-7125-472d-bbc3-1b240f9c8d5b,2026-07-31T11:00:00Z,2026-07-31T13:00:00+0200,0.0,MW,NL,NL,actual_onshore_wind_generation,Wind Onshore | Actual Consumption,2026-08-02T23:51:38Z
2026-08-02T23:49:28Z,2026-08-03T01:49:28+0200,65d3fff1-7125-472d-bbc3-1b240f9c8d5b,2026-07-31T11:15:00Z,2026-07-31T13:15:00+0200,107.524,MW,NL,NL,actual_onshore_wind_generation,Wind Onshore | Actual Aggregated,2026-08-02T23:51:38Z
2026-08-02T23:49:28Z,2026-08-03T01:49:28+0200,65d3fff1-7125-472d-bbc3-1b240f9c8d5b,2026-07-31T11:15:00Z,2026-07-31T13:15:00+0200,0.0,MW,NL,NL,actual_onshore_wind_generation,Wind Onshore | Actual Consumption,2026-08-02T23:51:38Z
2026-08-02T23:49:28Z,2026-08-03T01:49:28+0200,65d3fff1-7125-472d-bbc3-1b240f9c8d5b,2026-07-31T11:30:00Z,2026-07-31T13:30:00+0200,132.901,MW,NL,NL,actual_onshore_wind_generation,Wind Onshore | Actual Aggregated,2026-08-02T23:51:38Z
2026-08-02T23:49:28Z,2026-08-03T01:49:28+0200,65d3fff1-7125-472d-bbc3-1b240f9c8d5b,2026-07-31T11:30:00Z,2026-07-31T13:30:00+0200,0.0,MW,NL,NL,actual_onshore_wind_generation,Wind Onshore | Actual Consumption,2026-08-02T23:51:38Z
2026-08-02T23:49:28Z,2026-08-03T01:49:28+0200,65d3fff1-7125-472d-bbc3-1b240f9c8d5b,2026-07-31T11:45:00Z,2026-07-31T13:45:00+0200,145.168,MW,NL,NL,actual_onshore_wind_generation,Wind Onshore | Actual Aggregated,2026-08-02T23:51:38Z
2026-08-02T23:49:28Z,2026-08-03T01:49:28+0200,65d3fff1-7125-472d-bbc3-1b240f9c8d5b,2026-07-31T11:45:00Z,2026-07-31T13:45:00+0200,0.0,MW,NL,NL,actual_onshore_wind_generation,Wind Onshore | Actual Consumption,2026-08-02T23:51:38Z
2026-08-02T23:49:28Z,2026-08-03T01:49:28+0200,65d3fff1-7125-472d-bbc3-1b240f9c8d5b,2026-07-31T12:00:00Z,2026-07-31T14:00:00+0200,161.509,MW,NL,NL,actual_onshore_wind_generation,Wind Onshore | Actual Aggregated,2026-08-02T23:51:38Z
2026-08-02T23:49:28Z,2026-08-03T01:49:28+0200,65d3fff1-7125-472d-bbc3-1b240f9c8d5b,2026-07-31T12:00:00Z,2026-07-31T14:00:00+0200,0.0,MW,NL,NL,actual_onshore_wind_generation,Wind Onshore | Actual Consumption,2026-08-02T23:51:38Z
2026-08-02T23:49:28Z,2026-08-03T01:49:28+0200,65d3fff1-7125-472d-bbc3-1b240f9c8d5b,2026-07-31T12:15:00Z,2026-07-31T14:15:00+0200,163.007,MW,NL,NL,actual_onshore_wind_generation,Wind Onshore | Actual Aggregated,2026-08-02T23:51:38Z
2026-08-02T23:49:28Z,2026-08-03T01:49:28+0200,65d3fff1-7125-472d-bbc3-1b240f9c8d5b,2026-07-31T12:15:00Z,2026-07-31T14:15:00+0200,0.0,MW,NL,NL,actual_onshore_wind_generation,Wind Onshore | Actual Consumption,2026-08-02T23:51:38Z
2026-08-02T23:49:28Z,2026-08-03T01:49:28+0200,65d3fff1-7125-472d-bbc3-1b240f9c8d5b,2026-07-31T12:30:00Z,2026-07-31T14:30:00+0200,168.135,MW,NL,NL,actual_onshore_wind_generation,Wind Onshore | Actual Aggregated,2026-08-02T23:51:38Z
2026-08-02T23:49:28Z,2026-08-03T01:49:28+0200,65d3fff1-7125-472d-bbc3-1b240f9c8d5b,2026-07-31T12:30:00Z,2026-07-31T14:30:00+0200,0.0,MW,NL,NL,actual_onshore_wind_generation,Wind Onshore | Actual Consumption,2026-08-02T23:51:38Z
2026-08-02T23:49:28Z,2026-08-03T01:49:28+0200,65d3fff1-7125-472d-bbc3-1b240f9c8d5b,2026-07-31T12:45:00Z,2026-07-31T14:45:00+0200,169.04,MW,NL,NL,actual_onshore_wind_generation,Wind Onshore | Actual Aggregated,2026-08-02T23:51:38Z
2026-08-02T23:49:28Z,2026-08-03T01:49:28+0200,65d3fff1-7125-472d-bbc3-1b240f9c8d5b,2026-07-31T12:45:00Z,2026-07-31T14:45:00+0200,0.0,MW,NL,NL,actual_onshore_wind_generation,Wind Onshore | Actual Consumption,2026-08-02T23:51:38Z
2026-08-02T23:49:28Z,2026-08-03T01:49:28+0200,65d3fff1-7125-472d-bbc3-1b240f9c8d5b,2026-07-31T13:00:00Z,2026-07-31T15:00:00+0200,181.675,MW,NL,NL,actual_onshore_wind_generation,Wind Onshore | Actual Aggregated,2026-08-02T23:51:38Z
2026-08-02T23:49:28Z,2026-08-03T01:49:28+0200,65d3fff1-7125-472d-bbc3-1b240f9c8d5b,2026-07-31T13:00:00Z,2026-07-31T15:00:00+0200,0.0,MW,NL,NL,actual_onshore_wind_generation,Wind Onshore | Actual Consumption,2026-08-02T23:51:38Z
2026-08-02T23:49:28Z,2026-08-03T01:49:28+0200,65d3fff1-7125-472d-bbc3-1b240f9c8d5b,2026-07-31T13:15:00Z,2026-07-31T15:15:00+0200,183.923,MW,NL,NL,actual_onshore_wind_generation,Wind Onshore | Actual Aggregated,2026-08-02T23:51:38Z
2026-08-02T23:49:28Z,2026-08-03T01:49:28+0200,65d3fff1-7125-472d-bbc3-1b240f9c8d5b,2026-07-31T13:15:00Z,2026-07-31T15:15:00+0200,0.0,MW,NL,NL,actual_onshore_wind_generation,Wind Onshore | Actual Consumption,2026-08-02T23:51:38Z
2026-08-02T23:49:28Z,2026-08-03T01:49:28+0200,65d3fff1-7125-472d-bbc3-1b240f9c8d5b,2026-07-31T13:30:00Z,2026-07-31T15:30:00+0200,200.594,MW,NL,NL,actual_onshore_wind_generation,Wind Onshore | Actual Aggregated,2026-08-02T23:51:38Z
2026-08-02T23:49:28Z,2026-08-03T01:49:28+0200,65d3fff1-7125-472d-bbc3-1b240f9c8d5b,2026-07-31T13:30:00Z,2026-07-31T15:30:00+0200,0.0,MW,NL,NL,actual_onshore_wind_generation,Wind Onshore | Actual Consumption,2026-08-02T23:51:38Z
2026-08-02T23:49:28Z,2026-08-03T01:49:28+0200,65d3fff1-7125-472d-bbc3-1b240f9c8d5b,2026-07-31T13:45:00Z,2026-07-31T15:45:00+0200,217.608,MW,NL,NL,actual_onshore_wind_generation,Wind Onshore | Actual Aggregated,2026-08-02T23:51:38Z
2026-08-02T23:49:28Z,2026-08-03T01:49:28+0200,65d3fff1-7125-472d-bbc3-1b240f9c8d5b,2026-07-31T13:45:00Z,2026-07-31T15:45:00+0200,0.0,MW,NL,NL,actual_onshore_wind_generation,Wind Onshore | Actual Consumption,2026-08-02T23:51:38Z
2026-08-02T23:49:28Z,2026-08-03T01:49:28+0200,65d3fff1-7125-472d-bbc3-1b240f9c8d5b,2026-07-31T14:00:00Z,2026-07-31T16:00:00+0200,218.543,MW,NL,NL,actual_onshore_wind_generation,Wind Onshore | Actual Aggregated,2026-08-02T23:51:38Z
2026-08-02T23:49:28Z,2026-08-03T01:49:28+0200,65d3fff1-7125-472d-bbc3-1b240f9c8d5b,2026-07-31T14:00:00Z,2026-07-31T16:00:00+0200,0.0,MW,NL,NL,actual_onshore_wind_generation,Wind Onshore | Actual Consumption,2026-08-02T23:51:38Z
2026-08-02T23:49:28Z,2026-08-03T01:49:28+0200,65d3fff1-7125-472d-bbc3-1b240f9c8d5b,2026-07-31T14:15:00Z,2026-07-31T16:15:00+0200,217.173,MW,NL,NL,actual_onshore_wind_generation,Wind Onshore | Actual Aggregated,2026-08-02T23:51:38Z
2026-08-02T23:49:28Z,2026-08-03T01:49:28+0200,65d3fff1-7125-472d-bbc3-1b240f9c8d5b,2026-07-31T14:15:00Z,2026-07-31T16:15:00+0200,0.0,MW,NL,NL,actual_onshore_wind_generation,Wind Onshore | Actual Consumption,2026-08-02T23:51:38Z
2026-08-02T23:49:28Z,2026-08-03T01:49:28+0200,65d3fff1-7125-472d-bbc3-1b240f9c8d5b,2026-07-31T14:30:00Z,2026-07-31T16:30:00+0200,203.959,MW,NL,NL,actual_onshore_wind_generation,Wind Onshore | Actual Aggregated,2026-08-02T23:51:38Z
2026-08-02T23:49:28Z,2026-08-03T01:49:28+0200,65d3fff1-7125-472d-bbc3-1b240f9c8d5b,2026-07-31T14:30:00Z,2026-07-31T16:30:00+0200,0.0,MW,NL,NL,actual_onshore_wind_generation,Wind Onshore | Actual Consumption,2026-08-02T23:51:38Z
2026-08-02T23:49:28Z,2026-08-03T01:49:28+0200,65d3fff1-7125-472d-bbc3-1b240f9c8d5b,2026-07-31T14:45:00Z,2026-07-31T16:45:00+0200,203.741,MW,NL,NL,actual_onshore_wind_generation,Wind Onshore | Actual Aggregated,2026-08-02T23:51:38Z
2026-08-02T23:49:28Z,2026-08-03T01:49:28+0200,65d3fff1-7125-472d-bbc3-1b240f9c8d5b,2026-07-31T14:45:00Z,2026-07-31T16:45:00+0200,0.0,MW,NL,NL,actual_onshore_wind_generation,Wind Onshore | Actual Consumption,2026-08-02T23:51:38Z
2026-08-02T23:49:28Z,2026-08-03T01:49:28+0200,65d3fff1-7125-472d-bbc3-1b240f9c8d5b,2026-07-31T15:00:00Z,2026-07-31T17:00:00+0200,194.521,MW,NL,NL,actual_onshore_wind_generation,Wind Onshore | Actual Aggregated,2026-08-02T23:51:38Z
2026-08-02T23:49:28Z,2026-08-03T01:49:28+0200,65d3fff1-7125-472d-bbc3-1b240f9c8d5b,2026-07-31T15:00:00Z,2026-07-31T17:00:00+0200,0.0,MW,NL,NL,actual_onshore_wind_generation,Wind Onshore | Actual Consumption,2026-08-02T23:51:38Z
2026-08-02T23:49:28Z,2026-08-03T01:49:28+0200,65d3fff1-7125-472d-bbc3-1b240f9c8d5b,2026-07-31T15:15:00Z,2026-07-31T17:15:00+0200,202.985,MW,NL,NL,actual_onshore_wind_generation,Wind Onshore | Actual Aggregated,2026-08-02T23:51:38Z
2026-08-02T23:49:28Z,2026-08-03T01:49:28+0200,65d3fff1-7125-472d-bbc3-1b240f9c8d5b,2026-07-31T15:15:00Z,2026-07-31T17:15:00+0200,0.0,MW,NL,NL,actual_onshore_wind_generation,Wind Onshore | Actual Consumption,2026-08-02T23:51:38Z
2026-08-02T23:49:28Z,2026-08-03T01:49:28+0200,65d3fff1-7125-472d-bbc3-1b240f9c8d5b,2026-07-31T15:30:00Z,2026-07-31T17:30:00+0200,177.283,MW,NL,NL,actual_onshore_wind_generation,Wind Onshore | Actual Aggregated,2026-08-02T23:51:38Z
2026-08-02T23:49:28Z,2026-08-03T01:49:28+0200,65d3fff1-7125-472d-bbc3-1b240f9c8d5b,2026-07-31T15:30:00Z,2026-07-31T17:30:00+0200,0.0,MW,NL,NL,actual_onshore_wind_generation,Wind Onshore | Actual Consumption,2026-08-02T23:51:38Z
2026-08-02T23:49:28Z,2026-08-03T01:49:28+0200,65d3fff1-7125-472d-bbc3-1b240f9c8d5b,2026-07-31T15:45:00Z,2026-07-31T17:45:00+0200,160.052,MW,NL,NL,actual_onshore_wind_generation,Wind Onshore | Actual Aggregated,2026-08-02T23:51:38Z
2026-08-02T23:49:28Z,2026-08-03T01:49:28+0200,65d3fff1-7125-472d-bbc3-1b240f9c8d5b,2026-07-31T15:45:00Z,2026-07-31T17:45:00+0200,0.0,MW,NL,NL,actual_onshore_wind_generation,Wind Onshore | Actual Consumption,2026-08-02T23:51:38Z
2026-08-02T23:49:28Z,2026-08-03T01:49:28+0200,65d3fff1-7125-472d-bbc3-1b240f9c8d5b,2026-07-31T16:00:00Z,2026-07-31T18:00:00+0200,161.84,MW,NL,NL,actual_onshore_wind_generation,Wind Onshore | Actual Aggregated,2026-08-02T23:51:38Z
2026-08-02T23:49:28Z,2026-08-03T01:49:28+0200,65d3fff1-7125-472d-bbc3-1b240f9c8d5b,2026-07-31T16:00:00Z,2026-07-31T18:00:00+0200,0.0,MW,NL,NL,actual_onshore_wind_generation,Wind Onshore | Actual Consumption,2026-08-02T23:51:38Z
2026-08-02T23:49:28Z,2026-08-03T01:49:28+0200,65d3fff1-7125-472d-bbc3-1b240f9c8d5b,2026-07-31T16:15:00Z,2026-07-31T18:15:00+0200,182.281,MW,NL,NL,actual_onshore_wind_generation,Wind Onshore | Actual Aggregated,2026-08-02T23:51:38Z
2026-08-02T23:49:28Z,2026-08-03T01:49:28+0200,65d3fff1-7125-472d-bbc3-1b240f9c8d5b,2026-07-31T16:15:00Z,2026-07-31T18:15:00+0200,0.0,MW,NL,NL,actual_onshore_wind_generation,Wind Onshore | Actual Consumption,2026-08-02T23:51:38Z
2026-08-02T23:49:28Z,2026-08-03T01:49:28+0200,65d3fff1-7125-472d-bbc3-1b240f9c8d5b,2026-07-31T16:30:00Z,2026-07-31T18:30:00+0200,171.546,MW,NL,NL,actual_onshore_wind_generation,Wind Onshore | Actual Aggregated,2026-08-02T23:51:38Z
2026-08-02T23:49:28Z,2026-08-03T01:49:28+0200,65d3fff1-7125-472d-bbc3-1b240f9c8d5b,2026-07-31T16:30:00Z,2026-07-31T18:30:00+0200,0.0,MW,NL,NL,actual_onshore_wind_generation,Wind Onshore | Actual Consumption,2026-08-02T23:51:38Z
2026-08-02T23:49:28Z,2026-08-03T01:49:28+0200,65d3fff1-7125-472d-bbc3-1b240f9c8d5b,2026-07-31T16:45:00Z,2026-07-31T18:45:00+0200,171.187,MW,NL,NL,actual_onshore_wind_generation,Wind Onshore | Actual Aggregated,2026-08-02T23:51:38Z
2026-08-02T23:49:28Z,2026-08-03T01:49:28+0200,65d3fff1-7125-472d-bbc3-1b240f9c8d5b,2026-07-31T16:45:00Z,2026-07-31T18:45:00+0200,0.0,MW,NL,NL,actual_onshore_wind_generation,Wind Onshore | Actual Consumption,2026-08-02T23:51:38Z
2026-08-02T23:49:28Z,2026-08-03T01:49:28+0200,65d3fff1-7125-472d-bbc3-1b240f9c8d5b,2026-07-31T17:00:00Z,2026-07-31T19:00:00+0200,178.432,MW,NL,NL,actual_onshore_wind_generation,Wind Onshore | Actual Aggregated,2026-08-02T23:51:38Z
2026-08-02T23:49:28Z,2026-08-03T01:49:28+0200,65d3fff1-7125-472d-bbc3-1b240f9c8d5b,2026-07-31T17:00:00Z,2026-07-31T19:00:00+0200,0.0,MW,NL,NL,actual_onshore_wind_generation,Wind Onshore | Actual Consumption,2026-08-02T23:51:38Z
2026-08-02T23:49:28Z,2026-08-03T01:49:28+0200,65d3fff1-7125-472d-bbc3-1b240f9c8d5b,2026-07-31T17:15:00Z,2026-07-31T19:15:00+0200,184.437,MW,NL,NL,actual_onshore_wind_generation,Wind Onshore | Actual Aggregated,2026-08-02T23:51:38Z
2026-08-02T23:49:28Z,2026-08-03T01:49:28+0200,65d3fff1-7125-472d-bbc3-1b240f9c8d5b,2026-07-31T17:15:00Z,2026-07-31T19:15:00+0200,0.0,MW,NL,NL,actual_onshore_wind_generation,Wind Onshore | Actual Consumption,2026-08-02T23:51:38Z
2026-08-02T23:49:28Z,2026-08-03T01:49:28+0200,65d3fff1-7125-472d-bbc3-1b240f9c8d5b,2026-07-31T17:30:00Z,2026-07-31T19:30:00+0200,187.721,MW,NL,NL,actual_onshore_wind_generation,Wind Onshore | Actual Aggregated,2026-08-02T23:51:38Z
2026-08-02T23:49:28Z,2026-08-03T01:49:28+0200,65d3fff1-7125-472d-bbc3-1b240f9c8d5b,2026-07-31T17:30:00Z,2026-07-31T19:30:00+0200,0.0,MW,NL,NL,actual_onshore_wind_generation,Wind Onshore | Actual Consumption,2026-08-02T23:51:38Z
2026-08-02T23:49:28Z,2026-08-03T01:49:28+0200,65d3fff1-7125-472d-bbc3-1b240f9c8d5b,2026-07-31T17:45:00Z,2026-07-31T19:45:00+0200,179.547,MW,NL,NL,actual_onshore_wind_generation,Wind Onshore | Actual Aggregated,2026-08-02T23:51:38Z
2026-08-02T23:49:28Z,2026-08-03T01:49:28+0200,65d3fff1-7125-472d-bbc3-1b240f9c8d5b,2026-07-31T17:45:00Z,2026-07-31T19:45:00+0200,0.0,MW,NL,NL,actual_onshore_wind_generation,Wind Onshore | Actual Consumption,2026-08-02T23:51:38Z
2026-08-02T23:49:28Z,2026-08-03T01:49:28+0200,65d3fff1-7125-472d-bbc3-1b240f9c8d5b,2026-07-31T18:00:00Z,2026-07-31T20:00:00+0200,183.727,MW,NL,NL,actual_onshore_wind_generation,Wind Onshore | Actual Aggregated,2026-08-02T23:51:38Z
2026-08-02T23:49:28Z,2026-08-03T01:49:28+0200,65d3fff1-7125-472d-bbc3-1b240f9c8d5b,2026-07-31T18:00:00Z,2026-07-31T20:00:00+0200,0.0,MW,NL,NL,actual_onshore_wind_generation,Wind Onshore | Actual Consumption,2026-08-02T23:51:38Z
2026-08-02T23:49:28Z,2026-08-03T01:49:28+0200,65d3fff1-7125-472d-bbc3-1b240f9c8d5b,2026-07-31T18:15:00Z,2026-07-31T20:15:00+0200,185.57,MW,NL,NL,actual_onshore_wind_generation,Wind Onshore | Actual Aggregated,2026-08-02T23:51:38Z
2026-08-02T23:49:28Z,2026-08-03T01:49:28+0200,65d3fff1-7125-472d-bbc3-1b240f9c8d5b,2026-07-31T18:15:00Z,2026-07-31T20:15:00+0200,0.0,MW,NL,NL,actual_onshore_wind_generation,Wind Onshore | Actual Consumption,2026-08-02T23:51:38Z
2026-08-02T23:49:28Z,2026-08-03T01:49:28+0200,65d3fff1-7125-472d-bbc3-1b240f9c8d5b,2026-07-31T18:30:00Z,2026-07-31T20:30:00+0200,182.493,MW,NL,NL,actual_onshore_wind_generation,Wind Onshore | Actual Aggregated,2026-08-02T23:51:38Z
2026-08-02T23:49:28Z,2026-08-03T01:49:28+0200,65d3fff1-7125-472d-bbc3-1b240f9c8d5b,2026-07-31T18:30:00Z,2026-07-31T20:30:00+0200,0.0,MW,NL,NL,actual_onshore_wind_generation,Wind Onshore | Actual Consumption,2026-08-02T23:51:38Z
2026-08-02T23:49:28Z,2026-08-03T01:49:28+0200,65d3fff1-7125-472d-bbc3-1b240f9c8d5b,2026-07-31T18:45:00Z,2026-07-31T20:45:00+0200,173.811,MW,NL,NL,actual_onshore_wind_generation,Wind Onshore | Actual Aggregated,2026-08-02T23:51:38Z
2026-08-02T23:49:28Z,2026-08-03T01:49:28+0200,65d3fff1-7125-472d-bbc3-1b240f9c8d5b,2026-07-31T18:45:00Z,2026-07-31T20:45:00+0200,0.0,MW,NL,NL,actual_onshore_wind_generation,Wind Onshore | Actual Consumption,2026-08-02T23:51:38Z
2026-08-02T23:49:28Z,2026-08-03T01:49:28+0200,65d3fff1-7125-472d-bbc3-1b240f9c8d5b,2026-07-31T19:00:00Z,2026-07-31T21:00:00+0200,145.566,MW,NL,NL,actual_onshore_wind_generation,Wind Onshore | Actual Aggregated,2026-08-02T23:51:38Z
2026-08-02T23:49:28Z,2026-08-03T01:49:28+0200,65d3fff1-7125-472d-bbc3-1b240f9c8d5b,2026-07-31T19:00:00Z,2026-07-31T21:00:00+0200,0.0,MW,NL,NL,actual_onshore_wind_generation,Wind Onshore | Actual Consumption,2026-08-02T23:51:38Z
2026-08-02T23:49:28Z,2026-08-03T01:49:28+0200,65d3fff1-7125-472d-bbc3-1b240f9c8d5b,2026-07-31T19:15:00Z,2026-07-31T21:15:00+0200,142.897,MW,NL,NL,actual_onshore_wind_generation,Wind Onshore | Actual Aggregated,2026-08-02T23:51:38Z
2026-08-02T23:49:28Z,2026-08-03T01:49:28+0200,65d3fff1-7125-472d-bbc3-1b240f9c8d5b,2026-07-31T19:15:00Z,2026-07-31T21:15:00+0200,0.0,MW,NL,NL,actual_onshore_wind_generation,Wind Onshore | Actual Consumption,2026-08-02T23:51:38Z
2026-08-02T23:49:28Z,2026-08-03T01:49:28+0200,65d3fff1-7125-472d-bbc3-1b240f9c8d5b,2026-07-31T19:30:00Z,2026-07-31T21:30:00+0200,133.799,MW,NL,NL,actual_onshore_wind_generation,Wind Onshore | Actual Aggregated,2026-08-02T23:51:38Z
2026-08-02T23:49:28Z,2026-08-03T01:49:28+0200,65d3fff1-7125-472d-bbc3-1b240f9c8d5b,2026-07-31T19:30:00Z,2026-07-31T21:30:00+0200,0.0,MW,NL,NL,actual_onshore_wind_generation,Wind Onshore | Actual Consumption,2026-08-02T23:51:38Z
2026-08-02T23:49:28Z,2026-08-03T01:49:28+0200,65d3fff1-7125-472d-bbc3-1b240f9c8d5b,2026-07-31T19:45:00Z,2026-07-31T21:45:00+0200,117.555,MW,NL,NL,actual_onshore_wind_generation,Wind Onshore | Actual Aggregated,2026-08-02T23:51:38Z
2026-08-02T23:49:28Z,2026-08-03T01:49:28+0200,65d3fff1-7125-472d-bbc3-1b240f9c8d5b,2026-07-31T19:45:00Z,2026-07-31T21:45:00+0200,0.0,MW,NL,NL,actual_onshore_wind_generation,Wind Onshore | Actual Consumption,2026-08-02T23:51:38Z
2026-08-02T23:49:28Z,2026-08-03T01:49:28+0200,65d3fff1-7125-472d-bbc3-1b240f9c8d5b,2026-07-31T20:00:00Z,2026-07-31T22:00:00+0200,98.271,MW,NL,NL,actual_onshore_wind_generation,Wind Onshore | Actual Aggregated,2026-08-02T23:51:38Z
2026-08-02T23:49:28Z,2026-08-03T01:49:28+0200,65d3fff1-7125-472d-bbc3-1b240f9c8d5b,2026-07-31T20:00:00Z,2026-07-31T22:00:00+0200,0.0,MW,NL,NL,actual_onshore_wind_generation,Wind Onshore | Actual Consumption,2026-08-02T23:51:38Z
2026-08-02T23:49:28Z,2026-08-03T01:49:28+0200,65d3fff1-7125-472d-bbc3-1b240f9c8d5b,2026-07-31T20:15:00Z,2026-07-31T22:15:00+0200,74.22,MW,NL,NL,actual_onshore_wind_generation,Wind Onshore | Actual Aggregated,2026-08-02T23:51:38Z
2026-08-02T23:49:28Z,2026-08-03T01:49:28+0200,65d3fff1-7125-472d-bbc3-1b240f9c8d5b,2026-07-31T20:15:00Z,2026-07-31T22:15:00+0200,1.127,MW,NL,NL,actual_onshore_wind_generation,Wind Onshore | Actual Consumption,2026-08-02T23:51:38Z
2026-08-02T23:49:28Z,2026-08-03T01:49:28+0200,65d3fff1-7125-472d-bbc3-1b240f9c8d5b,2026-07-31T20:30:00Z,2026-07-31T22:30:00+0200,59.804,MW,NL,NL,actual_onshore_wind_generation,Wind Onshore | Actual Aggregated,2026-08-02T23:51:38Z
2026-08-02T23:49:28Z,2026-08-03T01:49:28+0200,65d3fff1-7125-472d-bbc3-1b240f9c8d5b,2026-07-31T20:30:00Z,2026-07-31T22:30:00+0200,2.623,MW,NL,NL,actual_onshore_wind_generation,Wind Onshore | Actual Consumption,2026-08-02T23:51:38Z
2026-08-02T23:49:28Z,2026-08-03T01:49:28+0200,65d3fff1-7125-472d-bbc3-1b240f9c8d5b,2026-07-31T20:45:00Z,2026-07-31T22:45:00+0200,61.504,MW,NL,NL,actual_onshore_wind_generation,Wind Onshore | Actual Aggregated,2026-08-02T23:51:38Z
2026-08-02T23:49:28Z,2026-08-03T01:49:28+0200,65d3fff1-7125-472d-bbc3-1b240f9c8d5b,2026-07-31T20:45:00Z,2026-07-31T22:45:00+0200,0.0,MW,NL,NL,actual_onshore_wind_generation,Wind Onshore | Actual Consumption,2026-08-02T23:51:38Z
2026-08-02T23:49:28Z,2026-08-03T01:49:28+0200,65d3fff1-7125-472d-bbc3-1b240f9c8d5b,2026-07-31T21:00:00Z,2026-07-31T23:00:00+0200,58.871,MW,NL,NL,actual_onshore_wind_generation,Wind Onshore | Actual Aggregated,2026-08-02T23:51:38Z
2026-08-02T23:49:28Z,2026-08-03T01:49:28+0200,65d3fff1-7125-472d-bbc3-1b240f9c8d5b,2026-07-31T21:00:00Z,2026-07-31T23:00:00+0200,0.0,MW,NL,NL,actual_onshore_wind_generation,Wind Onshore | Actual Consumption,2026-08-02T23:51:38Z
2026-08-02T23:49:28Z,2026-08-03T01:49:28+0200,65d3fff1-7125-472d-bbc3-1b240f9c8d5b,2026-07-31T21:15:00Z,2026-07-31T23:15:00+0200,47.751,MW,NL,NL,actual_onshore_wind_generation,Wind Onshore | Actual Aggregated,2026-08-02T23:51:38Z
2026-08-02T23:49:28Z,2026-08-03T01:49:28+0200,65d3fff1-7125-472d-bbc3-1b240f9c8d5b,2026-07-31T21:15:00Z,2026-07-31T23:15:00+0200,0.0,MW,NL,NL,actual_onshore_wind_generation,Wind Onshore | Actual Consumption,2026-08-02T23:51:38Z
2026-08-02T23:49:28Z,2026-08-03T01:49:28+0200,65d3fff1-7125-472d-bbc3-1b240f9c8d5b,2026-07-31T21:30:00Z,2026-07-31T23:30:00+0200,31.684,MW,NL,NL,actual_onshore_wind_generation,Wind Onshore | Actual Aggregated,2026-08-02T23:51:38Z
2026-08-02T23:49:28Z,2026-08-03T01:49:28+0200,65d3fff1-7125-472d-bbc3-1b240f9c8d5b,2026-07-31T21:30:00Z,2026-07-31T23:30:00+0200,2.481,MW,NL,NL,actual_onshore_wind_generation,Wind Onshore | Actual Consumption,2026-08-02T23:51:38Z
2026-08-02T23:49:28Z,2026-08-03T01:49:28+0200,65d3fff1-7125-472d-bbc3-1b240f9c8d5b,2026-07-31T21:45:00Z,2026-07-31T23:45:00+0200,23.663,MW,NL,NL,actual_onshore_wind_generation,Wind Onshore | Actual Aggregated,2026-08-02T23:51:38Z
2026-08-02T23:49:28Z,2026-08-03T01:49:28+0200,65d3fff1-7125-472d-bbc3-1b240f9c8d5b,2026-07-31T21:45:00Z,2026-07-31T23:45:00+0200,4.359,MW,NL,NL,actual_onshore_wind_generation,Wind Onshore | Actual Consumption,2026-08-02T23:51:38Z
2026-08-02T23:49:28Z,2026-08-03T01:49:28+0200,65d3fff1-7125-472d-bbc3-1b240f9c8d5b,2026-07-31T22:00:00Z,2026-08-01T00:00:00+0200,17.985,MW,NL,NL,actual_onshore_wind_generation,Wind Onshore | Actual Aggregated,2026-08-02T23:51:38Z
2026-08-02T23:49:28Z,2026-08-03T01:49:28+0200,65d3fff1-7125-472d-bbc3-1b240f9c8d5b,2026-07-31T22:00:00Z,2026-08-01T00:00:00+0200,4.371,MW,NL,NL,actual_onshore_wind_generation,Wind Onshore | Actual Consumption,2026-08-02T23:51:38Z
2026-08-02T23:49:28Z,2026-08-03T01:49:28+0200,65d3fff1-7125-472d-bbc3-1b240f9c8d5b,2026-07-31T22:15:00Z,2026-08-01T00:15:00+0200,19.42,MW,NL,NL,actual_onshore_wind_generation,Wind Onshore | Actual Aggregated,2026-08-02T23:51:38Z
2026-08-02T23:49:28Z,2026-08-03T01:49:28+0200,65d3fff1-7125-472d-bbc3-1b240f9c8d5b,2026-07-31T22:15:00Z,2026-08-01T00:15:00+0200,4.632,MW,NL,NL,actual_onshore_wind_generation,Wind Onshore | Actual Consumption,2026-08-02T23:51:38Z
2026-08-02T23:49:28Z,2026-08-03T01:49:28+0200,65d3fff1-7125-472d-bbc3-1b240f9c8d5b,2026-07-31T22:30:00Z,2026-08-01T00:30:00+0200,20.22,MW,NL,NL,actual_onshore_wind_generation,Wind Onshore | Actual Aggregated,2026-08-02T23:51:38Z
2026-08-02T23:49:28Z,2026-08-03T01:49:28+0200,65d3fff1-7125-472d-bbc3-1b240f9c8d5b,2026-07-31T22:30:00Z,2026-08-01T00:30:00+0200,4.88,MW,NL,NL,actual_onshore_wind_generation,Wind Onshore | Actual Consumption,2026-08-02T23:51:38Z
2026-08-02T23:49:28Z,2026-08-03T01:49:28+0200,65d3fff1-7125-472d-bbc3-1b240f9c8d5b,2026-07-31T22:45:00Z,2026-08-01T00:45:00+0200,17.369,MW,NL,NL,actual_onshore_wind_generation,Wind Onshore | Actual Aggregated,2026-08-02T23:51:38Z
2026-08-02T23:49:28Z,2026-08-03T01:49:28+0200,65d3fff1-7125-472d-bbc3-1b240f9c8d5b,2026-07-31T22:45:00Z,2026-08-01T00:45:00+0200,10.837,MW,NL,NL,actual_onshore_wind_generation,Wind Onshore | Actual Consumption,2026-08-02T23:51:38Z
2026-08-02T23:49:28Z,2026-08-03T01:49:28+0200,65d3fff1-7125-472d-bbc3-1b240f9c8d5b,2026-07-31T23:00:00Z,2026-08-01T01:00:00+0200,13.421,MW,NL,NL,actual_onshore_wind_generation,Wind Onshore | Actual Aggregated,2026-08-02T23:51:38Z
2026-08-02T23:49:28Z,2026-08-03T01:49:28+0200,65d3fff1-7125-472d-bbc3-1b240f9c8d5b,2026-07-31T23:00:00Z,2026-08-01T01:00:00+0200,11.708,MW,NL,NL,actual_onshore_wind_generation,Wind Onshore | Actual Consumption,2026-08-02T23:51:38Z
2026-08-02T23:49:28Z,2026-08-03T01:49:28+0200,65d3fff1-7125-472d-bbc3-1b240f9c8d5b,2026-07-31T23:15:00Z,2026-08-01T01:15:00+0200,13.1,MW,NL,NL,actual_onshore_wind_generation,Wind Onshore | Actual Aggregated,2026-08-02T23:51:38Z
2026-08-02T23:49:28Z,2026-08-03T01:49:28+0200,65d3fff1-7125-472d-bbc3-1b240f9c8d5b,2026-07-31T23:15:00Z,2026-08-01T01:15:00+0200,12.23,MW,NL,NL,actual_onshore_wind_generation,Wind Onshore | Actual Consumption,2026-08-02T23:51:38Z
2026-08-02T23:49:28Z,2026-08-03T01:49:28+0200,65d3fff1-7125-472d-bbc3-1b240f9c8d5b,2026-07-31T23:30:00Z,2026-08-01T01:30:00+0200,11.552,MW,NL,NL,actual_onshore_wind_generation,Wind Onshore | Actual Aggregated,2026-08-02T23:51:38Z
2026-08-02T23:49:28Z,2026-08-03T01:49:28+0200,65d3fff1-7125-472d-bbc3-1b240f9c8d5b,2026-07-31T23:30:00Z,2026-08-01T01:30:00+0200,12.317,MW,NL,NL,actual_onshore_wind_generation,Wind Onshore | Actual Consumption,2026-08-02T23:51:38Z
2026-08-02T23:49:28Z,2026-08-03T01:49:28+0200,65d3fff1-7125-472d-bbc3-1b240f9c8d5b,2026-07-31T23:45:00Z,2026-08-01T01:45:00+0200,9.207,MW,NL,NL,actual_onshore_wind_generation,Wind Onshore | Actual Aggregated,2026-08-02T23:51:38Z
2026-08-02T23:49:28Z,2026-08-03T01:49:28+0200,65d3fff1-7125-472d-bbc3-1b240f9c8d5b,2026-07-31T23:45:00Z,2026-08-01T01:45:00+0200,12.029,MW,NL,NL,actual_onshore_wind_generation,Wind Onshore | Actual Consumption,2026-08-02T23:51:38Z
2026-08-02T23:49:28Z,2026-08-03T01:49:28+0200,65d3fff1-7125-472d-bbc3-1b240f9c8d5b,2026-08-01T00:00:00Z,2026-08-01T02:00:00+0200,6.984,MW,NL,NL,actual_onshore_wind_generation,Wind Onshore | Actual Aggregated,2026-08-02T23:51:38Z
2026-08-02T23:49:28Z,2026-08-03T01:49:28+0200,65d3fff1-7125-472d-bbc3-1b240f9c8d5b,2026-08-01T00:00:00Z,2026-08-01T02:00:00+0200,11.978,MW,NL,NL,actual_onshore_wind_generation,Wind Onshore | Actual Consumption,2026-08-02T23:51:38Z
2026-08-02T23:49:28Z,2026-08-03T01:49:28+0200,65d3fff1-7125-472d-bbc3-1b240f9c8d5b,2026-08-01T00:15:00Z,2026-08-01T02:15:00+0200,5.153,MW,NL,NL,actual_onshore_wind_generation,Wind Onshore | Actual Aggregated,2026-08-02T23:51:38Z
2026-08-02T23:49:28Z,2026-08-03T01:49:28+0200,65d3fff1-7125-472d-bbc3-1b240f9c8d5b,2026-08-01T00:15:00Z,2026-08-01T02:15:00+0200,12.119,MW,NL,NL,actual_onshore_wind_generation,Wind Onshore | Actual Consumption,2026-08-02T23:51:38Z
2026-08-02T23:49:28Z,2026-08-03T01:49:28+0200,65d3fff1-7125-472d-bbc3-1b240f9c8d5b,2026-08-01T00:30:00Z,2026-08-01T02:30:00+0200,4.21,MW,NL,NL,actual_onshore_wind_generation,Wind Onshore | Actual Aggregated,2026-08-02T23:51:38Z
2026-08-02T23:49:28Z,2026-08-03T01:49:28+0200,65d3fff1-7125-472d-bbc3-1b240f9c8d5b,2026-08-01T00:30:00Z,2026-08-01T02:30:00+0200,12.535,MW,NL,NL,actual_onshore_wind_generation,Wind Onshore | Actual Consumption,2026-08-02T23:51:38Z
2026-08-02T23:49:28Z,2026-08-03T01:49:28+0200,65d3fff1-7125-472d-bbc3-1b240f9c8d5b,2026-08-01T00:45:00Z,2026-08-01T02:45:00+0200,5.985,MW,NL,NL,actual_onshore_wind_generation,Wind Onshore | Actual Aggregated,2026-08-02T23:51:38Z
2026-08-02T23:49:28Z,2026-08-03T01:49:28+0200,65d3fff1-7125-472d-bbc3-1b240f9c8d5b,2026-08-01T00:45:00Z,2026-08-01T02:45:00+0200,13.122,MW,NL,NL,actual_onshore_wind_generation,Wind Onshore | Actual Consumption,2026-08-02T23:51:38Z
2026-08-02T23:49:28Z,2026-08-03T01:49:28+0200,65d3fff1-7125-472d-bbc3-1b240f9c8d5b,2026-08-01T01:00:00Z,2026-08-01T03:00:00+0200,7.169,MW,NL,NL,actual_onshore_wind_generation,Wind Onshore | Actual Aggregated,2026-08-02T23:51:38Z
2026-08-02T23:49:28Z,2026-08-03T01:49:28+0200,65d3fff1-7125-472d-bbc3-1b240f9c8d5b,2026-08-01T01:00:00Z,2026-08-01T03:00:00+0200,12.849,MW,NL,NL,actual_onshore_wind_generation,Wind Onshore | Actual Consumption,2026-08-02T23:51:38Z
2026-08-02T23:49:28Z,2026-08-03T01:49:28+0200,65d3fff1-7125-472d-bbc3-1b240f9c8d5b,2026-08-01T01:15:00Z,2026-08-01T03:15:00+0200,5.958,MW,NL,NL,actual_onshore_wind_generation,Wind Onshore | Actual Aggregated,2026-08-02T23:51:38Z
2026-08-02T23:49:28Z,2026-08-03T01:49:28+0200,65d3fff1-7125-472d-bbc3-1b240f9c8d5b,2026-08-01T01:15:00Z,2026-08-01T03:15:00+0200,12.984,MW,NL,NL,actual_onshore_wind_generation,Wind Onshore | Actual Consumption,2026-08-02T23:51:38Z
2026-08-02T23:49:28Z,2026-08-03T01:49:28+0200,65d3fff1-7125-472d-bbc3-1b240f9c8d5b,2026-08-01T01:30:00Z,2026-08-01T03:30:00+0200,3.3,MW,NL,NL,actual_onshore_wind_generation,Wind Onshore | Actual Aggregated,2026-08-02T23:51:38Z
2026-08-02T23:49:28Z,2026-08-03T01:49:28+0200,65d3fff1-7125-472d-bbc3-1b240f9c8d5b,2026-08-01T01:30:00Z,2026-08-01T03:30:00+0200,13.514,MW,NL,NL,actual_onshore_wind_generation,Wind Onshore | Actual Consumption,2026-08-02T23:51:38Z
2026-08-02T23:49:28Z,2026-08-03T01:49:28+0200,65d3fff1-7125-472d-bbc3-1b240f9c8d5b,2026-08-01T01:45:00Z,2026-08-01T03:45:00+0200,0.369,MW,NL,NL,actual_onshore_wind_generation,Wind Onshore | Actual Aggregated,2026-08-02T23:51:38Z
2026-08-02T23:49:28Z,2026-08-03T01:49:28+0200,65d3fff1-7125-472d-bbc3-1b240f9c8d5b,2026-08-01T01:45:00Z,2026-08-01T03:45:00+0200,13.511,MW,NL,NL,actual_onshore_wind_generation,Wind Onshore | Actual Consumption,2026-08-02T23:51:38Z
2026-08-02T23:49:28Z,2026-08-03T01:49:28+0200,65d3fff1-7125-472d-bbc3-1b240f9c8d5b,2026-08-01T02:00:00Z,2026-08-01T04:00:00+0200,0.0,MW,NL,NL,actual_onshore_wind_generation,Wind Onshore | Actual Aggregated,2026-08-02T23:51:38Z
2026-08-02T23:49:28Z,2026-08-03T01:49:28+0200,65d3fff1-7125-472d-bbc3-1b240f9c8d5b,2026-08-01T02:00:00Z,2026-08-01T04:00:00+0200,13.245,MW,NL,NL,actual_onshore_wind_generation,Wind Onshore | Actual Consumption,2026-08-02T23:51:38Z
2026-08-02T23:49:28Z,2026-08-03T01:49:28+0200,65d3fff1-7125-472d-bbc3-1b240f9c8d5b,2026-08-01T02:15:00Z,2026-08-01T04:15:00+0200,0.0,MW,NL,NL,actual_onshore_wind_generation,Wind Onshore | Actual Aggregated,2026-08-02T23:51:38Z
2026-08-02T23:49:28Z,2026-08-03T01:49:28+0200,65d3fff1-7125-472d-bbc3-1b240f9c8d5b,2026-08-01T02:15:00Z,2026-08-01T04:15:00+0200,13.365,MW,NL,NL,actual_onshore_wind_generation,Wind Onshore | Actual Consumption,2026-08-02T23:51:38Z
2026-08-02T23:49:28Z,2026-08-03T01:49:28+0200,65d3fff1-7125-472d-bbc3-1b240f9c8d5b,2026-08-01T02:30:00Z,2026-08-01T04:30:00+0200,0.0,MW,NL,NL,actual_onshore_wind_generation,Wind Onshore | Actual Aggregated,2026-08-02T23:51:38Z
2026-08-02T23:49:28Z,2026-08-03T01:49:28+0200,65d3fff1-7125-472d-bbc3-1b240f9c8d5b,2026-08-01T02:30:00Z,2026-08-01T04:30:00+0200,10.775,MW,NL,NL,actual_onshore_wind_generation,Wind Onshore | Actual Consumption,2026-08-02T23:51:38Z
2026-08-02T23:49:28Z,2026-08-03T01:49:28+0200,65d3fff1-7125-472d-bbc3-1b240f9c8d5b,2026-08-01T02:45:00Z,2026-08-01T04:45:00+0200,0.368,MW,NL,NL,actual_onshore_wind_generation,Wind Onshore | Actual Aggregated,2026-08-02T23:51:38Z
2026-08-02T23:49:28Z,2026-08-03T01:49:28+0200,65d3fff1-7125-472d-bbc3-1b240f9c8d5b,2026-08-01T02:45:00Z,2026-08-01T04:45:00+0200,6.573,MW,NL,NL,actual_onshore_wind_generation,Wind Onshore | Actual Consumption,2026-08-02T23:51:38Z
2026-08-02T23:49:28Z,2026-08-03T01:49:28+0200,65d3fff1-7125-472d-bbc3-1b240f9c8d5b,2026-08-01T03:00:00Z,2026-08-01T05:00:00+0200,0.387,MW,NL,NL,actual_onshore_wind_generation,Wind Onshore | Actual Aggregated,2026-08-02T23:51:38Z
2026-08-02T23:49:28Z,2026-08-03T01:49:28+0200,65d3fff1-7125-472d-bbc3-1b240f9c8d5b,2026-08-01T03:00:00Z,2026-08-01T05:00:00+0200,8.049,MW,NL,NL,actual_onshore_wind_generation,Wind Onshore | Actual Consumption,2026-08-02T23:51:38Z
2026-08-02T23:49:28Z,2026-08-03T01:49:28+0200,65d3fff1-7125-472d-bbc3-1b240f9c8d5b,2026-08-01T03:15:00Z,2026-08-01T05:15:00+0200,0.387,MW,NL,NL,actual_onshore_wind_generation,Wind Onshore | Actual Aggregated,2026-08-02T23:51:38Z
2026-08-02T23:49:28Z,2026-08-03T01:49:28+0200,65d3fff1-7125-472d-bbc3-1b240f9c8d5b,2026-08-01T03:15:00Z,2026-08-01T05:15:00+0200,7.906,MW,NL,NL,actual_onshore_wind_generation,Wind Onshore | Actual Consumption,2026-08-02T23:51:38Z
2026-08-02T23:49:28Z,2026-08-03T01:49:28+0200,65d3fff1-7125-472d-bbc3-1b240f9c8d5b,2026-08-01T03:30:00Z,2026-08-01T05:30:00+0200,0.29,MW,NL,NL,actual_onshore_wind_generation,Wind Onshore | Actual Aggregated,2026-08-02T23:51:38Z
2026-08-02T23:49:28Z,2026-08-03T01:49:28+0200,65d3fff1-7125-472d-bbc3-1b240f9c8d5b,2026-08-01T03:30:00Z,2026-08-01T05:30:00+0200,8.198,MW,NL,NL,actual_onshore_wind_generation,Wind Onshore | Actual Consumption,2026-08-02T23:51:38Z
2026-08-02T23:49:28Z,2026-08-03T01:49:28+0200,65d3fff1-7125-472d-bbc3-1b240f9c8d5b,2026-08-01T03:45:00Z,2026-08-01T05:45:00+0200,0.29,MW,NL,NL,actual_onshore_wind_generation,Wind Onshore | Actual Aggregated,2026-08-02T23:51:38Z
2026-08-02T23:49:28Z,2026-08-03T01:49:28+0200,65d3fff1-7125-472d-bbc3-1b240f9c8d5b,2026-08-01T03:45:00Z,2026-08-01T05:45:00+0200,7.283,MW,NL,NL,actual_onshore_wind_generation,Wind Onshore | Actual Consumption,2026-08-02T23:51:38Z
2026-08-02T23:49:28Z,2026-08-03T01:49:28+0200,65d3fff1-7125-472d-bbc3-1b240f9c8d5b,2026-08-01T04:00:00Z,2026-08-01T06:00:00+0200,0.29,MW,NL,NL,actual_onshore_wind_generation,Wind Onshore | Actual Aggregated,2026-08-02T23:51:38Z
2026-08-02T23:49:28Z,2026-08-03T01:49:28+0200,65d3fff1-7125-472d-bbc3-1b240f9c8d5b,2026-08-01T04:00:00Z,2026-08-01T06:00:00+0200,8.888,MW,NL,NL,actual_onshore_wind_generation,Wind Onshore | Actual Consumption,2026-08-02T23:51:38Z
2026-08-02T23:49:28Z,2026-08-03T01:49:28+0200,65d3fff1-7125-472d-bbc3-1b240f9c8d5b,2026-08-01T04:15:00Z,2026-08-01T06:15:00+0200,0.29,MW,NL,NL,actual_onshore_wind_generation,Wind Onshore | Actual Aggregated,2026-08-02T23:51:38Z
2026-08-02T23:49:28Z,2026-08-03T01:49:28+0200,65d3fff1-7125-472d-bbc3-1b240f9c8d5b,2026-08-01T04:15:00Z,2026-08-01T06:15:00+0200,10.685,MW,NL,NL,actual_onshore_wind_generation,Wind Onshore | Actual Consumption,2026-08-02T23:51:38Z
2026-08-02T23:49:28Z,2026-08-03T01:49:28+0200,65d3fff1-7125-472d-bbc3-1b240f9c8d5b,2026-08-01T04:30:00Z,2026-08-01T06:30:00+0200,0.29,MW,NL,NL,actual_onshore_wind_generation,Wind Onshore | Actual Aggregated,2026-08-02T23:51:38Z
2026-08-02T23:49:28Z,2026-08-03T01:49:28+0200,65d3fff1-7125-472d-bbc3-1b240f9c8d5b,2026-08-01T04:30:00Z,2026-08-01T06:30:00+0200,10.957,MW,NL,NL,actual_onshore_wind_generation,Wind Onshore | Actual Consumption,2026-08-02T23:51:38Z
2026-08-02T23:49:28Z,2026-08-03T01:49:28+0200,65d3fff1-7125-472d-bbc3-1b240f9c8d5b,2026-08-01T04:45:00Z,2026-08-01T06:45:00+0200,0.426,MW,NL,NL,actual_onshore_wind_generation,Wind Onshore | Actual Aggregated,2026-08-02T23:51:38Z
2026-08-02T23:49:28Z,2026-08-03T01:49:28+0200,65d3fff1-7125-472d-bbc3-1b240f9c8d5b,2026-08-01T04:45:00Z,2026-08-01T06:45:00+0200,7.174,MW,NL,NL,actual_onshore_wind_generation,Wind Onshore | Actual Consumption,2026-08-02T23:51:38Z
2026-08-02T23:49:28Z,2026-08-03T01:49:28+0200,65d3fff1-7125-472d-bbc3-1b240f9c8d5b,2026-08-01T05:00:00Z,2026-08-01T07:00:00+0200,0.29,MW,NL,NL,actual_onshore_wind_generation,Wind Onshore | Actual Aggregated,2026-08-02T23:51:38Z
2026-08-02T23:49:28Z,2026-08-03T01:49:28+0200,65d3fff1-7125-472d-bbc3-1b240f9c8d5b,2026-08-01T05:00:00Z,2026-08-01T07:00:00+0200,7.882,MW,NL,NL,actual_onshore_wind_generation,Wind Onshore | Actual Consumption,2026-08-02T23:51:38Z
2026-08-02T23:49:28Z,2026-08-03T01:49:28+0200,65d3fff1-7125-472d-bbc3-1b240f9c8d5b,2026-08-01T05:15:00Z,2026-08-01T07:15:00+0200,0.38,MW,NL,NL,actual_onshore_wind_generation,Wind Onshore | Actual Aggregated,2026-08-02T23:51:38Z
2026-08-02T23:49:28Z,2026-08-03T01:49:28+0200,65d3fff1-7125-472d-bbc3-1b240f9c8d5b,2026-08-01T05:15:00Z,2026-08-01T07:15:00+0200,13.402,MW,NL,NL,actual_onshore_wind_generation,Wind Onshore | Actual Consumption,2026-08-02T23:51:38Z
2026-08-02T23:49:28Z,2026-08-03T01:49:28+0200,65d3fff1-7125-472d-bbc3-1b240f9c8d5b,2026-08-01T05:30:00Z,2026-08-01T07:30:00+0200,0.877,MW,NL,NL,actual_onshore_wind_generation,Wind Onshore | Actual Aggregated,2026-08-02T23:51:38Z
2026-08-02T23:49:28Z,2026-08-03T01:49:28+0200,65d3fff1-7125-472d-bbc3-1b240f9c8d5b,2026-08-01T05:30:00Z,2026-08-01T07:30:00+0200,12.971,MW,NL,NL,actual_onshore_wind_generation,Wind Onshore | Actual Consumption,2026-08-02T23:51:38Z
2026-08-02T23:49:28Z,2026-08-03T01:49:28+0200,65d3fff1-7125-472d-bbc3-1b240f9c8d5b,2026-08-01T05:45:00Z,2026-08-01T07:45:00+0200,1.27,MW,NL,NL,actual_onshore_wind_generation,Wind Onshore | Actual Aggregated,2026-08-02T23:51:38Z
2026-08-02T23:49:28Z,2026-08-03T01:49:28+0200,65d3fff1-7125-472d-bbc3-1b240f9c8d5b,2026-08-01T05:45:00Z,2026-08-01T07:45:00+0200,10.668,MW,NL,NL,actual_onshore_wind_generation,Wind Onshore | Actual Consumption,2026-08-02T23:51:38Z
2026-08-02T23:49:28Z,2026-08-03T01:49:28+0200,65d3fff1-7125-472d-bbc3-1b240f9c8d5b,2026-08-01T06:00:00Z,2026-08-01T08:00:00+0200,1.412,MW,NL,NL,actual_onshore_wind_generation,Wind Onshore | Actual Aggregated,2026-08-02T23:51:38Z
2026-08-02T23:49:28Z,2026-08-03T01:49:28+0200,65d3fff1-7125-472d-bbc3-1b240f9c8d5b,2026-08-01T06:00:00Z,2026-08-01T08:00:00+0200,10.271,MW,NL,NL,actual_onshore_wind_generation,Wind Onshore | Actual Consumption,2026-08-02T23:51:38Z
2026-08-02T23:49:28Z,2026-08-03T01:49:28+0200,65d3fff1-7125-472d-bbc3-1b240f9c8d5b,2026-08-01T06:15:00Z,2026-08-01T08:15:00+0200,2.006,MW,NL,NL,actual_onshore_wind_generation,Wind Onshore | Actual Aggregated,2026-08-02T23:51:38Z
2026-08-02T23:49:28Z,2026-08-03T01:49:28+0200,65d3fff1-7125-472d-bbc3-1b240f9c8d5b,2026-08-01T06:15:00Z,2026-08-01T08:15:00+0200,12.446,MW,NL,NL,actual_onshore_wind_generation,Wind Onshore | Actual Consumption,2026-08-02T23:51:38Z
2026-08-02T23:49:28Z,2026-08-03T01:49:28+0200,65d3fff1-7125-472d-bbc3-1b240f9c8d5b,2026-08-01T06:30:00Z,2026-08-01T08:30:00+0200,3.179,MW,NL,NL,actual_onshore_wind_generation,Wind Onshore | Actual Aggregated,2026-08-02T23:51:38Z
2026-08-02T23:49:28Z,2026-08-03T01:49:28+0200,65d3fff1-7125-472d-bbc3-1b240f9c8d5b,2026-08-01T06:30:00Z,2026-08-01T08:30:00+0200,13.407,MW,NL,NL,actual_onshore_wind_generation,Wind Onshore | Actual Consumption,2026-08-02T23:51:38Z
2026-08-02T23:49:28Z,2026-08-03T01:49:28+0200,65d3fff1-7125-472d-bbc3-1b240f9c8d5b,2026-08-01T06:45:00Z,2026-08-01T08:45:00+0200,1.715,MW,NL,NL,actual_onshore_wind_generation,Wind Onshore | Actual Aggregated,2026-08-02T23:51:38Z
2026-08-02T23:49:28Z,2026-08-03T01:49:28+0200,65d3fff1-7125-472d-bbc3-1b240f9c8d5b,2026-08-01T06:45:00Z,2026-08-01T08:45:00+0200,13.297,MW,NL,NL,actual_onshore_wind_generation,Wind Onshore | Actual Consumption,2026-08-02T23:51:38Z
2026-08-02T23:49:28Z,2026-08-03T01:49:28+0200,65d3fff1-7125-472d-bbc3-1b240f9c8d5b,2026-08-01T07:00:00Z,2026-08-01T09:00:00+0200,0.89,MW,NL,NL,actual_onshore_wind_generation,Wind Onshore | Actual Aggregated,2026-08-02T23:51:38Z
2026-08-02T23:49:28Z,2026-08-03T01:49:28+0200,65d3fff1-7125-472d-bbc3-1b240f9c8d5b,2026-08-01T07:00:00Z,2026-08-01T09:00:00+0200,12.933,MW,NL,NL,actual_onshore_wind_generation,Wind Onshore | Actual Consumption,2026-08-02T23:51:38Z
2026-08-02T23:49:28Z,2026-08-03T01:49:28+0200,65d3fff1-7125-472d-bbc3-1b240f9c8d5b,2026-08-01T07:15:00Z,2026-08-01T09:15:00+0200,0.29,MW,NL,NL,actual_onshore_wind_generation,Wind Onshore | Actual Aggregated,2026-08-02T23:51:38Z
2026-08-02T23:49:28Z,2026-08-03T01:49:28+0200,65d3fff1-7125-472d-bbc3-1b240f9c8d5b,2026-08-01T07:15:00Z,2026-08-01T09:15:00+0200,13.12,MW,NL,NL,actual_onshore_wind_generation,Wind Onshore | Actual Consumption,2026-08-02T23:51:38Z
2026-08-02T23:49:28Z,2026-08-03T01:49:28+0200,65d3fff1-7125-472d-bbc3-1b240f9c8d5b,2026-08-01T07:30:00Z,2026-08-01T09:30:00+0200,0.277,MW,NL,NL,actual_onshore_wind_generation,Wind Onshore | Actual Aggregated,2026-08-02T23:51:38Z
2026-08-02T23:49:28Z,2026-08-03T01:49:28+0200,65d3fff1-7125-472d-bbc3-1b240f9c8d5b,2026-08-01T07:30:00Z,2026-08-01T09:30:00+0200,13.389,MW,NL,NL,actual_onshore_wind_generation,Wind Onshore | Actual Consumption,2026-08-02T23:51:38Z
2026-08-02T23:49:28Z,2026-08-03T01:49:28+0200,65d3fff1-7125-472d-bbc3-1b240f9c8d5b,2026-08-01T07:45:00Z,2026-08-01T09:45:00+0200,0.419,MW,NL,NL,actual_onshore_wind_generation,Wind Onshore | Actual Aggregated,2026-08-02T23:51:38Z
2026-08-02T23:49:28Z,2026-08-03T01:49:28+0200,65d3fff1-7125-472d-bbc3-1b240f9c8d5b,2026-08-01T07:45:00Z,2026-08-01T09:45:00+0200,13.04,MW,NL,NL,actual_onshore_wind_generation,Wind Onshore | Actual Consumption,2026-08-02T23:51:38Z
2026-08-02T23:49:28Z,2026-08-03T01:49:28+0200,65d3fff1-7125-472d-bbc3-1b240f9c8d5b,2026-08-01T08:00:00Z,2026-08-01T10:00:00+0200,0.729,MW,NL,NL,actual_onshore_wind_generation,Wind Onshore | Actual Aggregated,2026-08-02T23:51:38Z
2026-08-02T23:49:28Z,2026-08-03T01:49:28+0200,65d3fff1-7125-472d-bbc3-1b240f9c8d5b,2026-08-01T08:00:00Z,2026-08-01T10:00:00+0200,12.887,MW,NL,NL,actual_onshore_wind_generation,Wind Onshore | Actual Consumption,2026-08-02T23:51:38Z
2026-08-02T23:49:28Z,2026-08-03T01:49:28+0200,65d3fff1-7125-472d-bbc3-1b240f9c8d5b,2026-08-01T08:15:00Z,2026-08-01T10:15:00+0200,0.871,MW,NL,NL,actual_onshore_wind_generation,Wind Onshore | Actual Aggregated,2026-08-02T23:51:38Z
2026-08-02T23:49:28Z,2026-08-03T01:49:28+0200,65d3fff1-7125-472d-bbc3-1b240f9c8d5b,2026-08-01T08:15:00Z,2026-08-01T10:15:00+0200,9.505,MW,NL,NL,actual_onshore_wind_generation,Wind Onshore | Actual Consumption,2026-08-02T23:51:38Z
2026-08-02T23:49:28Z,2026-08-03T01:49:28+0200,65d3fff1-7125-472d-bbc3-1b240f9c8d5b,2026-08-01T08:30:00Z,2026-08-01T10:30:00+0200,1.399,MW,NL,NL,actual_onshore_wind_generation,Wind Onshore | Actual Aggregated,2026-08-02T23:51:38Z
2026-08-02T23:49:28Z,2026-08-03T01:49:28+0200,65d3fff1-7125-472d-bbc3-1b240f9c8d5b,2026-08-01T08:30:00Z,2026-08-01T10:30:00+0200,8.795,MW,NL,NL,actual_onshore_wind_generation,Wind Onshore | Actual Consumption,2026-08-02T23:51:38Z
2026-08-02T23:49:28Z,2026-08-03T01:49:28+0200,65d3fff1-7125-472d-bbc3-1b240f9c8d5b,2026-08-01T08:45:00Z,2026-08-01T10:45:00+0200,1.019,MW,NL,NL,actual_onshore_wind_generation,Wind Onshore | Actual Aggregated,2026-08-02T23:51:38Z
2026-08-02T23:49:28Z,2026-08-03T01:49:28+0200,65d3fff1-7125-472d-bbc3-1b240f9c8d5b,2026-08-01T08:45:00Z,2026-08-01T10:45:00+0200,8.338,MW,NL,NL,actual_onshore_wind_generation,Wind Onshore | Actual Consumption,2026-08-02T23:51:38Z
2026-08-02T23:49:28Z,2026-08-03T01:49:28+0200,65d3fff1-7125-472d-bbc3-1b240f9c8d5b,2026-08-01T09:00:00Z,2026-08-01T11:00:00+0200,0.903,MW,NL,NL,actual_onshore_wind_generation,Wind Onshore | Actual Aggregated,2026-08-02T23:51:38Z
2026-08-02T23:49:28Z,2026-08-03T01:49:28+0200,65d3fff1-7125-472d-bbc3-1b240f9c8d5b,2026-08-01T09:00:00Z,2026-08-01T11:00:00+0200,7.864,MW,NL,NL,actual_onshore_wind_generation,Wind Onshore | Actual Consumption,2026-08-02T23:51:38Z
2026-08-02T23:49:28Z,2026-08-03T01:49:28+0200,65d3fff1-7125-472d-bbc3-1b240f9c8d5b,2026-08-01T09:15:00Z,2026-08-01T11:15:00+0200,0.832,MW,NL,NL,actual_onshore_wind_generation,Wind Onshore | Actual Aggregated,2026-08-02T23:51:38Z
2026-08-02T23:49:28Z,2026-08-03T01:49:28+0200,65d3fff1-7125-472d-bbc3-1b240f9c8d5b,2026-08-01T09:15:00Z,2026-08-01T11:15:00+0200,7.924,MW,NL,NL,actual_onshore_wind_generation,Wind Onshore | Actual Consumption,2026-08-02T23:51:38Z
2026-08-02T23:49:28Z,2026-08-03T01:49:28+0200,65d3fff1-7125-472d-bbc3-1b240f9c8d5b,2026-08-01T09:30:00Z,2026-08-01T11:30:00+0200,0.658,MW,NL,NL,actual_onshore_wind_generation,Wind Onshore | Actual Aggregated,2026-08-02T23:51:38Z
2026-08-02T23:49:28Z,2026-08-03T01:49:28+0200,65d3fff1-7125-472d-bbc3-1b240f9c8d5b,2026-08-01T09:30:00Z,2026-08-01T11:30:00+0200,7.664,MW,NL,NL,actual_onshore_wind_generation,Wind Onshore | Actual Consumption,2026-08-02T23:51:38Z
2026-08-02T23:49:28Z,2026-08-03T01:49:28+0200,65d3fff1-7125-472d-bbc3-1b240f9c8d5b,2026-08-01T09:45:00Z,2026-08-01T11:45:00+0200,0.393,MW,NL,NL,actual_onshore_wind_generation,Wind Onshore | Actual Aggregated,2026-08-02T23:51:38Z
2026-08-02T23:49:28Z,2026-08-03T01:49:28+0200,65d3fff1-7125-472d-bbc3-1b240f9c8d5b,2026-08-01T09:45:00Z,2026-08-01T11:45:00+0200,7.888,MW,NL,NL,actual_onshore_wind_generation,Wind Onshore | Actual Consumption,2026-08-02T23:51:38Z
2026-08-02T23:49:28Z,2026-08-03T01:49:28+0200,65d3fff1-7125-472d-bbc3-1b240f9c8d5b,2026-08-01T10:00:00Z,2026-08-01T12:00:00+0200,0.523,MW,NL,NL,actual_onshore_wind_generation,Wind Onshore | Actual Aggregated,2026-08-02T23:51:38Z
2026-08-02T23:49:28Z,2026-08-03T01:49:28+0200,65d3fff1-7125-472d-bbc3-1b240f9c8d5b,2026-08-01T10:00:00Z,2026-08-01T12:00:00+0200,8.214,MW,NL,NL,actual_onshore_wind_generation,Wind Onshore | Actual Consumption,2026-08-02T23:51:38Z
2026-08-02T23:49:28Z,2026-08-03T01:49:28+0200,65d3fff1-7125-472d-bbc3-1b240f9c8d5b,2026-08-01T10:15:00Z,2026-08-01T12:15:00+0200,0.619,MW,NL,NL,actual_onshore_wind_generation,Wind Onshore | Actual Aggregated,2026-08-02T23:51:38Z
2026-08-02T23:49:28Z,2026-08-03T01:49:28+0200,65d3fff1-7125-472d-bbc3-1b240f9c8d5b,2026-08-01T10:15:00Z,2026-08-01T12:15:00+0200,7.903,MW,NL,NL,actual_onshore_wind_generation,Wind Onshore | Actual Consumption,2026-08-02T23:51:38Z
2026-08-02T23:49:28Z,2026-08-03T01:49:28+0200,65d3fff1-7125-472d-bbc3-1b240f9c8d5b,2026-08-01T10:30:00Z,2026-08-01T12:30:00+0200,1.09,MW,NL,NL,actual_onshore_wind_generation,Wind Onshore | Actual Aggregated,2026-08-02T23:51:38Z
2026-08-02T23:49:28Z,2026-08-03T01:49:28+0200,65d3fff1-7125-472d-bbc3-1b240f9c8d5b,2026-08-01T10:30:00Z,2026-08-01T12:30:00+0200,7.639,MW,NL,NL,actual_onshore_wind_generation,Wind Onshore | Actual Consumption,2026-08-02T23:51:38Z
2026-08-02T23:49:28Z,2026-08-03T01:49:28+0200,65d3fff1-7125-472d-bbc3-1b240f9c8d5b,2026-08-01T10:45:00Z,2026-08-01T12:45:00+0200,1.238,MW,NL,NL,actual_onshore_wind_generation,Wind Onshore | Actual Aggregated,2026-08-02T23:51:38Z
2026-08-02T23:49:28Z,2026-08-03T01:49:28+0200,65d3fff1-7125-472d-bbc3-1b240f9c8d5b,2026-08-01T10:45:00Z,2026-08-01T12:45:00+0200,7.052,MW,NL,NL,actual_onshore_wind_generation,Wind Onshore | Actual Consumption,2026-08-02T23:51:38Z
2026-08-02T23:49:28Z,2026-08-03T01:49:28+0200,65d3fff1-7125-472d-bbc3-1b240f9c8d5b,2026-08-01T11:00:00Z,2026-08-01T13:00:00+0200,1.685,MW,NL,NL,actual_onshore_wind_generation,Wind Onshore | Actual Aggregated,2026-08-02T23:51:38Z
2026-08-02T23:49:28Z,2026-08-03T01:49:28+0200,65d3fff1-7125-472d-bbc3-1b240f9c8d5b,2026-08-01T11:00:00Z,2026-08-01T13:00:00+0200,4.926,MW,NL,NL,actual_onshore_wind_generation,Wind Onshore | Actual Consumption,2026-08-02T23:51:38Z
2026-08-02T23:49:28Z,2026-08-03T01:49:28+0200,65d3fff1-7125-472d-bbc3-1b240f9c8d5b,2026-08-01T11:15:00Z,2026-08-01T13:15:00+0200,5.283,MW,NL,NL,actual_onshore_wind_generation,Wind Onshore | Actual Aggregated,2026-08-02T23:51:38Z
2026-08-02T23:49:28Z,2026-08-03T01:49:28+0200,65d3fff1-7125-472d-bbc3-1b240f9c8d5b,2026-08-01T11:15:00Z,2026-08-01T13:15:00+0200,3.168,MW,NL,NL,actual_onshore_wind_generation,Wind Onshore | Actual Consumption,2026-08-02T23:51:38Z
2026-08-02T23:49:28Z,2026-08-03T01:49:28+0200,65d3fff1-7125-472d-bbc3-1b240f9c8d5b,2026-08-01T11:30:00Z,2026-08-01T13:30:00+0200,12.898,MW,NL,NL,actual_onshore_wind_generation,Wind Onshore | Actual Aggregated,2026-08-02T23:51:38Z
2026-08-02T23:49:28Z,2026-08-03T01:49:28+0200,65d3fff1-7125-472d-bbc3-1b240f9c8d5b,2026-08-01T11:30:00Z,2026-08-01T13:30:00+0200,3.136,MW,NL,NL,actual_onshore_wind_generation,Wind Onshore | Actual Consumption,2026-08-02T23:51:38Z
2026-08-02T23:49:28Z,2026-08-03T01:49:28+0200,65d3fff1-7125-472d-bbc3-1b240f9c8d5b,2026-08-01T11:45:00Z,2026-08-01T13:45:00+0200,12.279,MW,NL,NL,actual_onshore_wind_generation,Wind Onshore | Actual Aggregated,2026-08-02T23:51:38Z
2026-08-02T23:49:28Z,2026-08-03T01:49:28+0200,65d3fff1-7125-472d-bbc3-1b240f9c8d5b,2026-08-01T11:45:00Z,2026-08-01T13:45:00+0200,2.77,MW,NL,NL,actual_onshore_wind_generation,Wind Onshore | Actual Consumption,2026-08-02T23:51:38Z
2026-08-02T23:49:28Z,2026-08-03T01:49:28+0200,65d3fff1-7125-472d-bbc3-1b240f9c8d5b,2026-08-01T12:00:00Z,2026-08-01T14:00:00+0200,5.953,MW,NL,NL,actual_onshore_wind_generation,Wind Onshore | Actual Aggregated,2026-08-02T23:51:38Z
2026-08-02T23:49:28Z,2026-08-03T01:49:28+0200,65d3fff1-7125-472d-bbc3-1b240f9c8d5b,2026-08-01T12:00:00Z,2026-08-01T14:00:00+0200,2.924,MW,NL,NL,actual_onshore_wind_generation,Wind Onshore | Actual Consumption,2026-08-02T23:51:38Z
2026-08-02T23:49:28Z,2026-08-03T01:49:28+0200,65d3fff1-7125-472d-bbc3-1b240f9c8d5b,2026-08-01T12:15:00Z,2026-08-01T14:15:00+0200,9.62,MW,NL,NL,actual_onshore_wind_generation,Wind Onshore | Actual Aggregated,2026-08-02T23:51:38Z
2026-08-02T23:49:28Z,2026-08-03T01:49:28+0200,65d3fff1-7125-472d-bbc3-1b240f9c8d5b,2026-08-01T12:15:00Z,2026-08-01T14:15:00+0200,3.252,MW,NL,NL,actual_onshore_wind_generation,Wind Onshore | Actual Consumption,2026-08-02T23:51:38Z
2026-08-02T23:49:28Z,2026-08-03T01:49:28+0200,65d3fff1-7125-472d-bbc3-1b240f9c8d5b,2026-08-01T12:30:00Z,2026-08-01T14:30:00+0200,14.503,MW,NL,NL,actual_onshore_wind_generation,Wind Onshore | Actual Aggregated,2026-08-02T23:51:38Z
2026-08-02T23:49:28Z,2026-08-03T01:49:28+0200,65d3fff1-7125-472d-bbc3-1b240f9c8d5b,2026-08-01T12:30:00Z,2026-08-01T14:30:00+0200,3.406,MW,NL,NL,actual_onshore_wind_generation,Wind Onshore | Actual Consumption,2026-08-02T23:51:38Z
2026-08-02T23:49:28Z,2026-08-03T01:49:28+0200,65d3fff1-7125-472d-bbc3-1b240f9c8d5b,2026-08-01T12:45:00Z,2026-08-01T14:45:00+0200,21.656,MW,NL,NL,actual_onshore_wind_generation,Wind Onshore | Actual Aggregated,2026-08-02T23:51:38Z
2026-08-02T23:49:28Z,2026-08-03T01:49:28+0200,65d3fff1-7125-472d-bbc3-1b240f9c8d5b,2026-08-01T12:45:00Z,2026-08-01T14:45:00+0200,3.651,MW,NL,NL,actual_onshore_wind_generation,Wind Onshore | Actual Consumption,2026-08-02T23:51:38Z
2026-08-02T23:49:28Z,2026-08-03T01:49:28+0200,65d3fff1-7125-472d-bbc3-1b240f9c8d5b,2026-08-01T13:00:00Z,2026-08-01T15:00:00+0200,41.052,MW,NL,NL,actual_onshore_wind_generation,Wind Onshore | Actual Aggregated,2026-08-02T23:51:38Z
2026-08-02T23:49:28Z,2026-08-03T01:49:28+0200,65d3fff1-7125-472d-bbc3-1b240f9c8d5b,2026-08-01T13:00:00Z,2026-08-01T15:00:00+0200,3.507,MW,NL,NL,actual_onshore_wind_generation,Wind Onshore | Actual Consumption,2026-08-02T23:51:38Z
2026-08-02T23:49:28Z,2026-08-03T01:49:28+0200,65d3fff1-7125-472d-bbc3-1b240f9c8d5b,2026-08-01T13:15:00Z,2026-08-01T15:15:00+0200,52.336,MW,NL,NL,actual_onshore_wind_generation,Wind Onshore | Actual Aggregated,2026-08-02T23:51:38Z
2026-08-02T23:49:28Z,2026-08-03T01:49:28+0200,65d3fff1-7125-472d-bbc3-1b240f9c8d5b,2026-08-01T13:15:00Z,2026-08-01T15:15:00+0200,3.346,MW,NL,NL,actual_onshore_wind_generation,Wind Onshore | Actual Consumption,2026-08-02T23:51:38Z
2026-08-02T23:49:28Z,2026-08-03T01:49:28+0200,65d3fff1-7125-472d-bbc3-1b240f9c8d5b,2026-08-01T13:30:00Z,2026-08-01T15:30:00+0200,59.35,MW,NL,NL,actual_onshore_wind_generation,Wind Onshore | Actual Aggregated,2026-08-02T23:51:38Z
2026-08-02T23:49:28Z,2026-08-03T01:49:28+0200,65d3fff1-7125-472d-bbc3-1b240f9c8d5b,2026-08-01T13:30:00Z,2026-08-01T15:30:00+0200,3.472,MW,NL,NL,actual_onshore_wind_generation,Wind Onshore | Actual Consumption,2026-08-02T23:51:38Z
2026-08-02T23:49:28Z,2026-08-03T01:49:28+0200,65d3fff1-7125-472d-bbc3-1b240f9c8d5b,2026-08-01T13:45:00Z,2026-08-01T15:45:00+0200,61.123,MW,NL,NL,actual_onshore_wind_generation,Wind Onshore | Actual Aggregated,2026-08-02T23:51:38Z
2026-08-02T23:49:28Z,2026-08-03T01:49:28+0200,65d3fff1-7125-472d-bbc3-1b240f9c8d5b,2026-08-01T13:45:00Z,2026-08-01T15:45:00+0200,3.804,MW,NL,NL,actual_onshore_wind_generation,Wind Onshore | Actual Consumption,2026-08-02T23:51:38Z
2026-08-02T23:49:28Z,2026-08-03T01:49:28+0200,65d3fff1-7125-472d-bbc3-1b240f9c8d5b,2026-08-01T14:00:00Z,2026-08-01T16:00:00+0200,61.112,MW,NL,NL,actual_onshore_wind_generation,Wind Onshore | Actual Aggregated,2026-08-02T23:51:38Z
2026-08-02T23:49:28Z,2026-08-03T01:49:28+0200,65d3fff1-7125-472d-bbc3-1b240f9c8d5b,2026-08-01T14:00:00Z,2026-08-01T16:00:00+0200,3.282,MW,NL,NL,actual_onshore_wind_generation,Wind Onshore | Actual Consumption,2026-08-02T23:51:38Z
2026-08-02T23:49:28Z,2026-08-03T01:49:28+0200,65d3fff1-7125-472d-bbc3-1b240f9c8d5b,2026-08-01T14:15:00Z,2026-08-01T16:15:00+0200,66.837,MW,NL,NL,actual_onshore_wind_generation,Wind Onshore | Actual Aggregated,2026-08-02T23:51:38Z
2026-08-02T23:49:28Z,2026-08-03T01:49:28+0200,65d3fff1-7125-472d-bbc3-1b240f9c8d5b,2026-08-01T14:15:00Z,2026-08-01T16:15:00+0200,3.172,MW,NL,NL,actual_onshore_wind_generation,Wind Onshore | Actual Consumption,2026-08-02T23:51:38Z
2026-08-02T23:49:28Z,2026-08-03T01:49:28+0200,65d3fff1-7125-472d-bbc3-1b240f9c8d5b,2026-08-01T14:30:00Z,2026-08-01T16:30:00+0200,64.077,MW,NL,NL,actual_onshore_wind_generation,Wind Onshore | Actual Aggregated,2026-08-02T23:51:38Z
2026-08-02T23:49:28Z,2026-08-03T01:49:28+0200,65d3fff1-7125-472d-bbc3-1b240f9c8d5b,2026-08-01T14:30:00Z,2026-08-01T16:30:00+0200,4.022,MW,NL,NL,actual_onshore_wind_generation,Wind Onshore | Actual Consumption,2026-08-02T23:51:38Z
2026-08-02T23:49:28Z,2026-08-03T01:49:28+0200,65d3fff1-7125-472d-bbc3-1b240f9c8d5b,2026-08-01T14:45:00Z,2026-08-01T16:45:00+0200,62.922,MW,NL,NL,actual_onshore_wind_generation,Wind Onshore | Actual Aggregated,2026-08-02T23:51:38Z
2026-08-02T23:49:28Z,2026-08-03T01:49:28+0200,65d3fff1-7125-472d-bbc3-1b240f9c8d5b,2026-08-01T14:45:00Z,2026-08-01T16:45:00+0200,4.146,MW,NL,NL,actual_onshore_wind_generation,Wind Onshore | Actual Consumption,2026-08-02T23:51:38Z
2026-08-02T23:49:28Z,2026-08-03T01:49:28+0200,65d3fff1-7125-472d-bbc3-1b240f9c8d5b,2026-08-01T15:00:00Z,2026-08-01T17:00:00+0200,60.293,MW,NL,NL,actual_onshore_wind_generation,Wind Onshore | Actual Aggregated,2026-08-02T23:51:38Z
2026-08-02T23:49:28Z,2026-08-03T01:49:28+0200,65d3fff1-7125-472d-bbc3-1b240f9c8d5b,2026-08-01T15:00:00Z,2026-08-01T17:00:00+0200,4.241,MW,NL,NL,actual_onshore_wind_generation,Wind Onshore | Actual Consumption,2026-08-02T23:51:38Z
2026-08-02T23:49:28Z,2026-08-03T01:49:28+0200,65d3fff1-7125-472d-bbc3-1b240f9c8d5b,2026-08-01T15:15:00Z,2026-08-01T17:15:00+0200,65.018,MW,NL,NL,actual_onshore_wind_generation,Wind Onshore | Actual Aggregated,2026-08-02T23:51:38Z
2026-08-02T23:49:28Z,2026-08-03T01:49:28+0200,65d3fff1-7125-472d-bbc3-1b240f9c8d5b,2026-08-01T15:15:00Z,2026-08-01T17:15:00+0200,3.359,MW,NL,NL,actual_onshore_wind_generation,Wind Onshore | Actual Consumption,2026-08-02T23:51:38Z
2026-08-02T23:49:28Z,2026-08-03T01:49:28+0200,65d3fff1-7125-472d-bbc3-1b240f9c8d5b,2026-08-01T15:30:00Z,2026-08-01T17:30:00+0200,54.731,MW,NL,NL,actual_onshore_wind_generation,Wind Onshore | Actual Aggregated,2026-08-02T23:51:38Z
2026-08-02T23:49:28Z,2026-08-03T01:49:28+0200,65d3fff1-7125-472d-bbc3-1b240f9c8d5b,2026-08-01T15:30:00Z,2026-08-01T17:30:00+0200,3.478,MW,NL,NL,actual_onshore_wind_generation,Wind Onshore | Actual Consumption,2026-08-02T23:51:38Z
2026-08-02T23:49:28Z,2026-08-03T01:49:28+0200,65d3fff1-7125-472d-bbc3-1b240f9c8d5b,2026-08-01T15:45:00Z,2026-08-01T17:45:00+0200,45.434,MW,NL,NL,actual_onshore_wind_generation,Wind Onshore | Actual Aggregated,2026-08-02T23:51:38Z
2026-08-02T23:49:28Z,2026-08-03T01:49:28+0200,65d3fff1-7125-472d-bbc3-1b240f9c8d5b,2026-08-01T15:45:00Z,2026-08-01T17:45:00+0200,2.489,MW,NL,NL,actual_onshore_wind_generation,Wind Onshore | Actual Consumption,2026-08-02T23:51:38Z
2026-08-02T23:49:28Z,2026-08-03T01:49:28+0200,65d3fff1-7125-472d-bbc3-1b240f9c8d5b,2026-08-01T16:00:00Z,2026-08-01T18:00:00+0200,46.189,MW,NL,NL,actual_onshore_wind_generation,Wind Onshore | Actual Aggregated,2026-08-02T23:51:38Z
2026-08-02T23:49:28Z,2026-08-03T01:49:28+0200,65d3fff1-7125-472d-bbc3-1b240f9c8d5b,2026-08-01T16:00:00Z,2026-08-01T18:00:00+0200,0.592,MW,NL,NL,actual_onshore_wind_generation,Wind Onshore | Actual Consumption,2026-08-02T23:51:38Z
2026-08-02T23:49:28Z,2026-08-03T01:49:28+0200,65d3fff1-7125-472d-bbc3-1b240f9c8d5b,2026-08-01T16:15:00Z,2026-08-01T18:15:00+0200,57.017,MW,NL,NL,actual_onshore_wind_generation,Wind Onshore | Actual Aggregated,2026-08-02T23:51:38Z
2026-08-02T23:49:28Z,2026-08-03T01:49:28+0200,65d3fff1-7125-472d-bbc3-1b240f9c8d5b,2026-08-01T16:15:00Z,2026-08-01T18:15:00+0200,0.112,MW,NL,NL,actual_onshore_wind_generation,Wind Onshore | Actual Consumption,2026-08-02T23:51:38Z
2026-08-02T23:49:28Z,2026-08-03T01:49:28+0200,65d3fff1-7125-472d-bbc3-1b240f9c8d5b,2026-08-01T16:30:00Z,2026-08-01T18:30:00+0200,55.04,MW,NL,NL,actual_onshore_wind_generation,Wind Onshore | Actual Aggregated,2026-08-02T23:51:38Z
2026-08-02T23:49:28Z,2026-08-03T01:49:28+0200,65d3fff1-7125-472d-bbc3-1b240f9c8d5b,2026-08-01T16:30:00Z,2026-08-01T18:30:00+0200,0.992,MW,NL,NL,actual_onshore_wind_generation,Wind Onshore | Actual Consumption,2026-08-02T23:51:38Z
2026-08-02T23:49:28Z,2026-08-03T01:49:28+0200,65d3fff1-7125-472d-bbc3-1b240f9c8d5b,2026-08-01T16:45:00Z,2026-08-01T18:45:00+0200,48.48,MW,NL,NL,actual_onshore_wind_generation,Wind Onshore | Actual Aggregated,2026-08-02T23:51:38Z
2026-08-02T23:49:28Z,2026-08-03T01:49:28+0200,65d3fff1-7125-472d-bbc3-1b240f9c8d5b,2026-08-01T16:45:00Z,2026-08-01T18:45:00+0200,1.23,MW,NL,NL,actual_onshore_wind_generation,Wind Onshore | Actual Consumption,2026-08-02T23:51:38Z
2026-08-02T23:49:28Z,2026-08-03T01:49:28+0200,65d3fff1-7125-472d-bbc3-1b240f9c8d5b,2026-08-01T17:00:00Z,2026-08-01T19:00:00+0200,40.194,MW,NL,NL,actual_onshore_wind_generation,Wind Onshore | Actual Aggregated,2026-08-02T23:51:38Z
2026-08-02T23:49:28Z,2026-08-03T01:49:28+0200,65d3fff1-7125-472d-bbc3-1b240f9c8d5b,2026-08-01T17:00:00Z,2026-08-01T19:00:00+0200,0.52,MW,NL,NL,actual_onshore_wind_generation,Wind Onshore | Actual Consumption,2026-08-02T23:51:38Z
2026-08-02T23:49:28Z,2026-08-03T01:49:28+0200,65d3fff1-7125-472d-bbc3-1b240f9c8d5b,2026-08-01T17:15:00Z,2026-08-01T19:15:00+0200,30.979,MW,NL,NL,actual_onshore_wind_generation,Wind Onshore | Actual Aggregated,2026-08-02T23:51:38Z
2026-08-02T23:49:28Z,2026-08-03T01:49:28+0200,65d3fff1-7125-472d-bbc3-1b240f9c8d5b,2026-08-01T17:15:00Z,2026-08-01T19:15:00+0200,1.273,MW,NL,NL,actual_onshore_wind_generation,Wind Onshore | Actual Consumption,2026-08-02T23:51:38Z
2026-08-02T23:49:28Z,2026-08-03T01:49:28+0200,65d3fff1-7125-472d-bbc3-1b240f9c8d5b,2026-08-01T17:30:00Z,2026-08-01T19:30:00+0200,23.084,MW,NL,NL,actual_onshore_wind_generation,Wind Onshore | Actual Aggregated,2026-08-02T23:51:38Z
2026-08-02T23:49:28Z,2026-08-03T01:49:28+0200,65d3fff1-7125-472d-bbc3-1b240f9c8d5b,2026-08-01T17:30:00Z,2026-08-01T19:30:00+0200,6.544,MW,NL,NL,actual_onshore_wind_generation,Wind Onshore | Actual Consumption,2026-08-02T23:51:38Z
2026-08-02T23:49:28Z,2026-08-03T01:49:28+0200,65d3fff1-7125-472d-bbc3-1b240f9c8d5b,2026-08-01T17:45:00Z,2026-08-01T19:45:00+0200,19.482,MW,NL,NL,actual_onshore_wind_generation,Wind Onshore | Actual Aggregated,2026-08-02T23:51:38Z
2026-08-02T23:49:28Z,2026-08-03T01:49:28+0200,65d3fff1-7125-472d-bbc3-1b240f9c8d5b,2026-08-01T17:45:00Z,2026-08-01T19:45:00+0200,7.479,MW,NL,NL,actual_onshore_wind_generation,Wind Onshore | Actual Consumption,2026-08-02T23:51:38Z
2026-08-02T23:49:28Z,2026-08-03T01:49:28+0200,65d3fff1-7125-472d-bbc3-1b240f9c8d5b,2026-08-01T18:00:00Z,2026-08-01T20:00:00+0200,20.676,MW,NL,NL,actual_onshore_wind_generation,Wind Onshore | Actual Aggregated,2026-08-02T23:51:38Z
2026-08-02T23:49:28Z,2026-08-03T01:49:28+0200,65d3fff1-7125-472d-bbc3-1b240f9c8d5b,2026-08-01T18:00:00Z,2026-08-01T20:00:00+0200,7.469,MW,NL,NL,actual_onshore_wind_generation,Wind Onshore | Actual Consumption,2026-08-02T23:51:38Z
2026-08-02T23:49:28Z,2026-08-03T01:49:28+0200,65d3fff1-7125-472d-bbc3-1b240f9c8d5b,2026-08-01T18:15:00Z,2026-08-01T20:15:00+0200,16.768,MW,NL,NL,actual_onshore_wind_generation,Wind Onshore | Actual Aggregated,2026-08-02T23:51:38Z
2026-08-02T23:49:28Z,2026-08-03T01:49:28+0200,65d3fff1-7125-472d-bbc3-1b240f9c8d5b,2026-08-01T18:15:00Z,2026-08-01T20:15:00+0200,7.617,MW,NL,NL,actual_onshore_wind_generation,Wind Onshore | Actual Consumption,2026-08-02T23:51:38Z
2026-08-02T23:49:28Z,2026-08-03T01:49:28+0200,65d3fff1-7125-472d-bbc3-1b240f9c8d5b,2026-08-01T18:30:00Z,2026-08-01T20:30:00+0200,11.535,MW,NL,NL,actual_onshore_wind_generation,Wind Onshore | Actual Aggregated,2026-08-02T23:51:38Z
2026-08-02T23:49:28Z,2026-08-03T01:49:28+0200,65d3fff1-7125-472d-bbc3-1b240f9c8d5b,2026-08-01T18:30:00Z,2026-08-01T20:30:00+0200,7.905,MW,NL,NL,actual_onshore_wind_generation,Wind Onshore | Actual Consumption,2026-08-02T23:51:38Z
2026-08-02T23:49:28Z,2026-08-03T01:49:28+0200,65d3fff1-7125-472d-bbc3-1b240f9c8d5b,2026-08-01T18:45:00Z,2026-08-01T20:45:00+0200,9.055,MW,NL,NL,actual_onshore_wind_generation,Wind Onshore | Actual Aggregated,2026-08-02T23:51:38Z
2026-08-02T23:49:28Z,2026-08-03T01:49:28+0200,65d3fff1-7125-472d-bbc3-1b240f9c8d5b,2026-08-01T18:45:00Z,2026-08-01T20:45:00+0200,8.919,MW,NL,NL,actual_onshore_wind_generation,Wind Onshore | Actual Consumption,2026-08-02T23:51:38Z
2026-08-02T23:49:28Z,2026-08-03T01:49:28+0200,65d3fff1-7125-472d-bbc3-1b240f9c8d5b,2026-08-01T19:00:00Z,2026-08-01T21:00:00+0200,7.983,MW,NL,NL,actual_onshore_wind_generation,Wind Onshore | Actual Aggregated,2026-08-02T23:51:38Z
2026-08-02T23:49:28Z,2026-08-03T01:49:28+0200,65d3fff1-7125-472d-bbc3-1b240f9c8d5b,2026-08-01T19:00:00Z,2026-08-01T21:00:00+0200,9.848,MW,NL,NL,actual_onshore_wind_generation,Wind Onshore | Actual Consumption,2026-08-02T23:51:38Z
2026-08-02T23:49:28Z,2026-08-03T01:49:28+0200,65d3fff1-7125-472d-bbc3-1b240f9c8d5b,2026-08-01T19:15:00Z,2026-08-01T21:15:00+0200,5.554,MW,NL,NL,actual_onshore_wind_generation,Wind Onshore | Actual Aggregated,2026-08-02T23:51:38Z
2026-08-02T23:49:28Z,2026-08-03T01:49:28+0200,65d3fff1-7125-472d-bbc3-1b240f9c8d5b,2026-08-01T19:15:00Z,2026-08-01T21:15:00+0200,10.272,MW,NL,NL,actual_onshore_wind_generation,Wind Onshore | Actual Consumption,2026-08-02T23:51:38Z
2026-08-02T23:49:28Z,2026-08-03T01:49:28+0200,65d3fff1-7125-472d-bbc3-1b240f9c8d5b,2026-08-01T19:30:00Z,2026-08-01T21:30:00+0200,4.684,MW,NL,NL,actual_onshore_wind_generation,Wind Onshore | Actual Aggregated,2026-08-02T23:51:38Z
2026-08-02T23:49:28Z,2026-08-03T01:49:28+0200,65d3fff1-7125-472d-bbc3-1b240f9c8d5b,2026-08-01T19:30:00Z,2026-08-01T21:30:00+0200,11.643,MW,NL,NL,actual_onshore_wind_generation,Wind Onshore | Actual Consumption,2026-08-02T23:51:38Z
2026-08-02T23:49:28Z,2026-08-03T01:49:28+0200,65d3fff1-7125-472d-bbc3-1b240f9c8d5b,2026-08-01T19:45:00Z,2026-08-01T21:45:00+0200,5.092,MW,NL,NL,actual_onshore_wind_generation,Wind Onshore | Actual Aggregated,2026-08-02T23:51:38Z
2026-08-02T23:49:28Z,2026-08-03T01:49:28+0200,65d3fff1-7125-472d-bbc3-1b240f9c8d5b,2026-08-01T19:45:00Z,2026-08-01T21:45:00+0200,11.944,MW,NL,NL,actual_onshore_wind_generation,Wind Onshore | Actual Consumption,2026-08-02T23:51:38Z
2026-08-02T23:49:28Z,2026-08-03T01:49:28+0200,65d3fff1-7125-472d-bbc3-1b240f9c8d5b,2026-08-01T20:00:00Z,2026-08-01T22:00:00+0200,5.651,MW,NL,NL,actual_onshore_wind_generation,Wind Onshore | Actual Aggregated,2026-08-02T23:51:38Z
2026-08-02T23:49:28Z,2026-08-03T01:49:28+0200,65d3fff1-7125-472d-bbc3-1b240f9c8d5b,2026-08-01T20:00:00Z,2026-08-01T22:00:00+0200,11.738,MW,NL,NL,actual_onshore_wind_generation,Wind Onshore | Actual Consumption,2026-08-02T23:51:38Z
2026-08-02T23:49:28Z,2026-08-03T01:49:28+0200,65d3fff1-7125-472d-bbc3-1b240f9c8d5b,2026-08-01T20:15:00Z,2026-08-01T22:15:00+0200,3.561,MW,NL,NL,actual_onshore_wind_generation,Wind Onshore | Actual Aggregated,2026-08-02T23:51:38Z
2026-08-02T23:49:28Z,2026-08-03T01:49:28+0200,65d3fff1-7125-472d-bbc3-1b240f9c8d5b,2026-08-01T20:15:00Z,2026-08-01T22:15:00+0200,11.792,MW,NL,NL,actual_onshore_wind_generation,Wind Onshore | Actual Consumption,2026-08-02T23:51:38Z
2026-08-02T23:49:28Z,2026-08-03T01:49:28+0200,65d3fff1-7125-472d-bbc3-1b240f9c8d5b,2026-08-01T20:30:00Z,2026-08-01T22:30:00+0200,3.331,MW,NL,NL,actual_onshore_wind_generation,Wind Onshore | Actual Aggregated,2026-08-02T23:51:38Z
2026-08-02T23:49:28Z,2026-08-03T01:49:28+0200,65d3fff1-7125-472d-bbc3-1b240f9c8d5b,2026-08-01T20:30:00Z,2026-08-01T22:30:00+0200,12.122,MW,NL,NL,actual_onshore_wind_generation,Wind Onshore | Actual Consumption,2026-08-02T23:51:38Z
2026-08-02T23:49:28Z,2026-08-03T01:49:28+0200,65d3fff1-7125-472d-bbc3-1b240f9c8d5b,2026-08-01T20:45:00Z,2026-08-01T22:45:00+0200,3.186,MW,NL,NL,actual_onshore_wind_generation,Wind Onshore | Actual Aggregated,2026-08-02T23:51:38Z
2026-08-02T23:49:28Z,2026-08-03T01:49:28+0200,65d3fff1-7125-472d-bbc3-1b240f9c8d5b,2026-08-01T20:45:00Z,2026-08-01T22:45:00+0200,11.971,MW,NL,NL,actual_onshore_wind_generation,Wind Onshore | Actual Consumption,2026-08-02T23:51:38Z
2026-08-02T23:49:28Z,2026-08-03T01:49:28+0200,65d3fff1-7125-472d-bbc3-1b240f9c8d5b,2026-08-01T21:00:00Z,2026-08-01T23:00:00+0200,3.69,MW,NL,NL,actual_onshore_wind_generation,Wind Onshore | Actual Aggregated,2026-08-02T23:51:38Z
2026-08-02T23:49:28Z,2026-08-03T01:49:28+0200,65d3fff1-7125-472d-bbc3-1b240f9c8d5b,2026-08-01T21:00:00Z,2026-08-01T23:00:00+0200,11.6,MW,NL,NL,actual_onshore_wind_generation,Wind Onshore | Actual Consumption,2026-08-02T23:51:38Z
2026-08-02T23:49:28Z,2026-08-03T01:49:28+0200,65d3fff1-7125-472d-bbc3-1b240f9c8d5b,2026-08-01T21:15:00Z,2026-08-01T23:15:00+0200,2.535,MW,NL,NL,actual_onshore_wind_generation,Wind Onshore | Actual Aggregated,2026-08-02T23:51:38Z
2026-08-02T23:49:28Z,2026-08-03T01:49:28+0200,65d3fff1-7125-472d-bbc3-1b240f9c8d5b,2026-08-01T21:15:00Z,2026-08-01T23:15:00+0200,11.387,MW,NL,NL,actual_onshore_wind_generation,Wind Onshore | Actual Consumption,2026-08-02T23:51:38Z
2026-08-02T23:49:28Z,2026-08-03T01:49:28+0200,65d3fff1-7125-472d-bbc3-1b240f9c8d5b,2026-08-01T21:30:00Z,2026-08-01T23:30:00+0200,0.047,MW,NL,NL,actual_onshore_wind_generation,Wind Onshore | Actual Aggregated,2026-08-02T23:51:38Z
2026-08-02T23:49:28Z,2026-08-03T01:49:28+0200,65d3fff1-7125-472d-bbc3-1b240f9c8d5b,2026-08-01T21:30:00Z,2026-08-01T23:30:00+0200,11.465,MW,NL,NL,actual_onshore_wind_generation,Wind Onshore | Actual Consumption,2026-08-02T23:51:38Z
2026-08-02T23:49:28Z,2026-08-03T01:49:28+0200,65d3fff1-7125-472d-bbc3-1b240f9c8d5b,2026-08-01T21:45:00Z,2026-08-01T23:45:00+0200,1.81,MW,NL,NL,actual_onshore_wind_generation,Wind Onshore | Actual Aggregated,2026-08-02T23:51:38Z
2026-08-02T23:49:28Z,2026-08-03T01:49:28+0200,65d3fff1-7125-472d-bbc3-1b240f9c8d5b,2026-08-01T21:45:00Z,2026-08-01T23:45:00+0200,11.137,MW,NL,NL,actual_onshore_wind_generation,Wind Onshore | Actual Consumption,2026-08-02T23:51:38Z
2026-08-02T23:49:28Z,2026-08-03T01:49:28+0200,65d3fff1-7125-472d-bbc3-1b240f9c8d5b,2026-08-01T22:00:00Z,2026-08-02T00:00:00+0200,3.962,MW,NL,NL,actual_onshore_wind_generation,Wind Onshore | Actual Aggregated,2026-08-02T23:51:38Z
2026-08-02T23:49:28Z,2026-08-03T01:49:28+0200,65d3fff1-7125-472d-bbc3-1b240f9c8d5b,2026-08-01T22:00:00Z,2026-08-02T00:00:00+0200,11.184,MW,NL,NL,actual_onshore_wind_generation,Wind Onshore | Actual Consumption,2026-08-02T23:51:38Z
2026-08-02T23:49:28Z,2026-08-03T01:49:28+0200,65d3fff1-7125-472d-bbc3-1b240f9c8d5b,2026-08-01T22:15:00Z,2026-08-02T00:15:00+0200,6.755,MW,NL,NL,actual_onshore_wind_generation,Wind Onshore | Actual Aggregated,2026-08-02T23:51:38Z
2026-08-02T23:49:28Z,2026-08-03T01:49:28+0200,65d3fff1-7125-472d-bbc3-1b240f9c8d5b,2026-08-01T22:15:00Z,2026-08-02T00:15:00+0200,10.73,MW,NL,NL,actual_onshore_wind_generation,Wind Onshore | Actual Consumption,2026-08-02T23:51:38Z
2026-08-02T23:49:28Z,2026-08-03T01:49:28+0200,65d3fff1-7125-472d-bbc3-1b240f9c8d5b,2026-08-01T22:30:00Z,2026-08-02T00:30:00+0200,7.546,MW,NL,NL,actual_onshore_wind_generation,Wind Onshore | Actual Aggregated,2026-08-02T23:51:38Z
2026-08-02T23:49:28Z,2026-08-03T01:49:28+0200,65d3fff1-7125-472d-bbc3-1b240f9c8d5b,2026-08-01T22:30:00Z,2026-08-02T00:30:00+0200,11.183,MW,NL,NL,actual_onshore_wind_generation,Wind Onshore | Actual Consumption,2026-08-02T23:51:38Z
2026-08-02T23:49:28Z,2026-08-03T01:49:28+0200,65d3fff1-7125-472d-bbc3-1b240f9c8d5b,2026-08-01T22:45:00Z,2026-08-02T00:45:00+0200,8.163,MW,NL,NL,actual_onshore_wind_generation,Wind Onshore | Actual Aggregated,2026-08-02T23:51:38Z
2026-08-02T23:49:28Z,2026-08-03T01:49:28+0200,65d3fff1-7125-472d-bbc3-1b240f9c8d5b,2026-08-01T22:45:00Z,2026-08-02T00:45:00+0200,11.045,MW,NL,NL,actual_onshore_wind_generation,Wind Onshore | Actual Consumption,2026-08-02T23:51:38Z
2026-08-02T23:49:28Z,2026-08-03T01:49:28+0200,65d3fff1-7125-472d-bbc3-1b240f9c8d5b,2026-08-01T23:00:00Z,2026-08-02T01:00:00+0200,8.724,MW,NL,NL,actual_onshore_wind_generation,Wind Onshore | Actual Aggregated,2026-08-02T23:51:38Z
2026-08-02T23:49:28Z,2026-08-03T01:49:28+0200,65d3fff1-7125-472d-bbc3-1b240f9c8d5b,2026-08-01T23:00:00Z,2026-08-02T01:00:00+0200,11.082,MW,NL,NL,actual_onshore_wind_generation,Wind Onshore | Actual Consumption,2026-08-02T23:51:38Z
2026-08-02T23:49:28Z,2026-08-03T01:49:28+0200,65d3fff1-7125-472d-bbc3-1b240f9c8d5b,2026-08-01T23:15:00Z,2026-08-02T01:15:00+0200,7.425,MW,NL,NL,actual_onshore_wind_generation,Wind Onshore | Actual Aggregated,2026-08-02T23:51:38Z
2026-08-02T23:49:28Z,2026-08-03T01:49:28+0200,65d3fff1-7125-472d-bbc3-1b240f9c8d5b,2026-08-01T23:15:00Z,2026-08-02T01:15:00+0200,11.092,MW,NL,NL,actual_onshore_wind_generation,Wind Onshore | Actual Consumption,2026-08-02T23:51:38Z
2026-08-02T23:49:28Z,2026-08-03T01:49:28+0200,65d3fff1-7125-472d-bbc3-1b240f9c8d5b,2026-08-01T23:30:00Z,2026-08-02T01:30:00+0200,10.072,MW,NL,NL,actual_onshore_wind_generation,Wind Onshore | Actual Aggregated,2026-08-02T23:51:38Z
2026-08-02T23:49:28Z,2026-08-03T01:49:28+0200,65d3fff1-7125-472d-bbc3-1b240f9c8d5b,2026-08-01T23:30:00Z,2026-08-02T01:30:00+0200,10.864,MW,NL,NL,actual_onshore_wind_generation,Wind Onshore | Actual Consumption,2026-08-02T23:51:38Z
2026-08-02T23:49:28Z,2026-08-03T01:49:28+0200,65d3fff1-7125-472d-bbc3-1b240f9c8d5b,2026-08-01T23:45:00Z,2026-08-02T01:45:00+0200,25.853,MW,NL,NL,actual_onshore_wind_generation,Wind Onshore | Actual Aggregated,2026-08-02T23:51:38Z
2026-08-02T23:49:28Z,2026-08-03T01:49:28+0200,65d3fff1-7125-472d-bbc3-1b240f9c8d5b,2026-08-01T23:45:00Z,2026-08-02T01:45:00+0200,7.464,MW,NL,NL,actual_onshore_wind_generation,Wind Onshore | Actual Consumption,2026-08-02T23:51:38Z
2026-08-02T23:49:28Z,2026-08-03T01:49:28+0200,65d3fff1-7125-472d-bbc3-1b240f9c8d5b,2026-08-02T00:00:00Z,2026-08-02T02:00:00+0200,23.959,MW,NL,NL,actual_onshore_wind_generation,Wind Onshore | Actual Aggregated,2026-08-02T23:51:38Z
2026-08-02T23:49:28Z,2026-08-03T01:49:28+0200,65d3fff1-7125-472d-bbc3-1b240f9c8d5b,2026-08-02T00:00:00Z,2026-08-02T02:00:00+0200,7.644,MW,NL,NL,actual_onshore_wind_generation,Wind Onshore | Actual Consumption,2026-08-02T23:51:38Z
2026-08-02T23:49:28Z,2026-08-03T01:49:28+0200,65d3fff1-7125-472d-bbc3-1b240f9c8d5b,2026-08-02T00:15:00Z,2026-08-02T02:15:00+0200,24.533,MW,NL,NL,actual_onshore_wind_generation,Wind Onshore | Actual Aggregated,2026-08-02T23:51:38Z
2026-08-02T23:49:28Z,2026-08-03T01:49:28+0200,65d3fff1-7125-472d-bbc3-1b240f9c8d5b,2026-08-02T00:15:00Z,2026-08-02T02:15:00+0200,7.64,MW,NL,NL,actual_onshore_wind_generation,Wind Onshore | Actual Consumption,2026-08-02T23:51:38Z
2026-08-02T23:49:28Z,2026-08-03T01:49:28+0200,65d3fff1-7125-472d-bbc3-1b240f9c8d5b,2026-08-02T00:30:00Z,2026-08-02T02:30:00+0200,25.26,MW,NL,NL,actual_onshore_wind_generation,Wind Onshore | Actual Aggregated,2026-08-02T23:51:38Z
2026-08-02T23:49:28Z,2026-08-03T01:49:28+0200,65d3fff1-7125-472d-bbc3-1b240f9c8d5b,2026-08-02T00:30:00Z,2026-08-02T02:30:00+0200,7.739,MW,NL,NL,actual_onshore_wind_generation,Wind Onshore | Actual Consumption,2026-08-02T23:51:38Z
2026-08-02T23:49:28Z,2026-08-03T01:49:28+0200,65d3fff1-7125-472d-bbc3-1b240f9c8d5b,2026-08-02T00:45:00Z,2026-08-02T02:45:00+0200,19.476,MW,NL,NL,actual_onshore_wind_generation,Wind Onshore | Actual Aggregated,2026-08-02T23:51:38Z
2026-08-02T23:49:28Z,2026-08-03T01:49:28+0200,65d3fff1-7125-472d-bbc3-1b240f9c8d5b,2026-08-02T00:45:00Z,2026-08-02T02:45:00+0200,7.738,MW,NL,NL,actual_onshore_wind_generation,Wind Onshore | Actual Consumption,2026-08-02T23:51:38Z
2026-08-02T23:49:28Z,2026-08-03T01:49:28+0200,65d3fff1-7125-472d-bbc3-1b240f9c8d5b,2026-08-02T01:00:00Z,2026-08-02T03:00:00+0200,17.097,MW,NL,NL,actual_onshore_wind_generation,Wind Onshore | Actual Aggregated,2026-08-02T23:51:38Z
2026-08-02T23:49:28Z,2026-08-03T01:49:28+0200,65d3fff1-7125-472d-bbc3-1b240f9c8d5b,2026-08-02T01:00:00Z,2026-08-02T03:00:00+0200,6.283,MW,NL,NL,actual_onshore_wind_generation,Wind Onshore | Actual Consumption,2026-08-02T23:51:38Z
2026-08-02T23:49:28Z,2026-08-03T01:49:28+0200,65d3fff1-7125-472d-bbc3-1b240f9c8d5b,2026-08-02T01:15:00Z,2026-08-02T03:15:00+0200,19.405,MW,NL,NL,actual_onshore_wind_generation,Wind Onshore | Actual Aggregated,2026-08-02T23:51:38Z
2026-08-02T23:49:28Z,2026-08-03T01:49:28+0200,65d3fff1-7125-472d-bbc3-1b240f9c8d5b,2026-08-02T01:15:00Z,2026-08-02T03:15:00+0200,3.196,MW,NL,NL,actual_onshore_wind_generation,Wind Onshore | Actual Consumption,2026-08-02T23:51:38Z
2026-08-02T23:49:28Z,2026-08-03T01:49:28+0200,65d3fff1-7125-472d-bbc3-1b240f9c8d5b,2026-08-02T01:30:00Z,2026-08-02T03:30:00+0200,13.532,MW,NL,NL,actual_onshore_wind_generation,Wind Onshore | Actual Aggregated,2026-08-02T23:51:38Z
2026-08-02T23:49:28Z,2026-08-03T01:49:28+0200,65d3fff1-7125-472d-bbc3-1b240f9c8d5b,2026-08-02T01:30:00Z,2026-08-02T03:30:00+0200,5.156,MW,NL,NL,actual_onshore_wind_generation,Wind Onshore | Actual Consumption,2026-08-02T23:51:38Z
2026-08-02T23:49:28Z,2026-08-03T01:49:28+0200,65d3fff1-7125-472d-bbc3-1b240f9c8d5b,2026-08-02T01:45:00Z,2026-08-02T03:45:00+0200,14.518,MW,NL,NL,actual_onshore_wind_generation,Wind Onshore | Actual Aggregated,2026-08-02T23:51:38Z
2026-08-02T23:49:28Z,2026-08-03T01:49:28+0200,65d3fff1-7125-472d-bbc3-1b240f9c8d5b,2026-08-02T01:45:00Z,2026-08-02T03:45:00+0200,3.204,MW,NL,NL,actual_onshore_wind_generation,Wind Onshore | Actual Consumption,2026-08-02T23:51:38Z
2026-08-02T23:49:28Z,2026-08-03T01:49:28+0200,65d3fff1-7125-472d-bbc3-1b240f9c8d5b,2026-08-02T02:00:00Z,2026-08-02T04:00:00+0200,11.771,MW,NL,NL,actual_onshore_wind_generation,Wind Onshore | Actual Aggregated,2026-08-02T23:51:38Z
2026-08-02T23:49:28Z,2026-08-03T01:49:28+0200,65d3fff1-7125-472d-bbc3-1b240f9c8d5b,2026-08-02T02:00:00Z,2026-08-02T04:00:00+0200,6.174,MW,NL,NL,actual_onshore_wind_generation,Wind Onshore | Actual Consumption,2026-08-02T23:51:38Z
2026-08-02T23:49:28Z,2026-08-03T01:49:28+0200,65d3fff1-7125-472d-bbc3-1b240f9c8d5b,2026-08-02T02:15:00Z,2026-08-02T04:15:00+0200,13.092,MW,NL,NL,actual_onshore_wind_generation,Wind Onshore | Actual Aggregated,2026-08-02T23:51:38Z
2026-08-02T23:49:28Z,2026-08-03T01:49:28+0200,65d3fff1-7125-472d-bbc3-1b240f9c8d5b,2026-08-02T02:15:00Z,2026-08-02T04:15:00+0200,10.705,MW,NL,NL,actual_onshore_wind_generation,Wind Onshore | Actual Consumption,2026-08-02T23:51:38Z
2026-08-02T23:49:28Z,2026-08-03T01:49:28+0200,65d3fff1-7125-472d-bbc3-1b240f9c8d5b,2026-08-02T02:30:00Z,2026-08-02T04:30:00+0200,15.676,MW,NL,NL,actual_onshore_wind_generation,Wind Onshore | Actual Aggregated,2026-08-02T23:51:38Z
2026-08-02T23:49:28Z,2026-08-03T01:49:28+0200,65d3fff1-7125-472d-bbc3-1b240f9c8d5b,2026-08-02T02:30:00Z,2026-08-02T04:30:00+0200,7.96,MW,NL,NL,actual_onshore_wind_generation,Wind Onshore | Actual Consumption,2026-08-02T23:51:38Z
2026-08-02T23:49:28Z,2026-08-03T01:49:28+0200,65d3fff1-7125-472d-bbc3-1b240f9c8d5b,2026-08-02T02:45:00Z,2026-08-02T04:45:00+0200,22.697,MW,NL,NL,actual_onshore_wind_generation,Wind Onshore | Actual Aggregated,2026-08-02T23:51:38Z
2026-08-02T23:49:28Z,2026-08-03T01:49:28+0200,65d3fff1-7125-472d-bbc3-1b240f9c8d5b,2026-08-02T02:45:00Z,2026-08-02T04:45:00+0200,7.728,MW,NL,NL,actual_onshore_wind_generation,Wind Onshore | Actual Consumption,2026-08-02T23:51:38Z
2026-08-02T23:49:28Z,2026-08-03T01:49:28+0200,65d3fff1-7125-472d-bbc3-1b240f9c8d5b,2026-08-02T03:00:00Z,2026-08-02T05:00:00+0200,27.553,MW,NL,NL,actual_onshore_wind_generation,Wind Onshore | Actual Aggregated,2026-08-02T23:51:38Z
2026-08-02T23:49:28Z,2026-08-03T01:49:28+0200,65d3fff1-7125-472d-bbc3-1b240f9c8d5b,2026-08-02T03:00:00Z,2026-08-02T05:00:00+0200,7.838,MW,NL,NL,actual_onshore_wind_generation,Wind Onshore | Actual Consumption,2026-08-02T23:51:38Z
2026-08-02T23:49:28Z,2026-08-03T01:49:28+0200,65d3fff1-7125-472d-bbc3-1b240f9c8d5b,2026-08-02T03:15:00Z,2026-08-02T05:15:00+0200,25.346,MW,NL,NL,actual_onshore_wind_generation,Wind Onshore | Actual Aggregated,2026-08-02T23:51:38Z
2026-08-02T23:49:28Z,2026-08-03T01:49:28+0200,65d3fff1-7125-472d-bbc3-1b240f9c8d5b,2026-08-02T03:15:00Z,2026-08-02T05:15:00+0200,8.549,MW,NL,NL,actual_onshore_wind_generation,Wind Onshore | Actual Consumption,2026-08-02T23:51:38Z
2026-08-02T23:49:28Z,2026-08-03T01:49:28+0200,65d3fff1-7125-472d-bbc3-1b240f9c8d5b,2026-08-02T03:30:00Z,2026-08-02T05:30:00+0200,24.674,MW,NL,NL,actual_onshore_wind_generation,Wind Onshore | Actual Aggregated,2026-08-02T23:51:38Z
2026-08-02T23:49:28Z,2026-08-03T01:49:28+0200,65d3fff1-7125-472d-bbc3-1b240f9c8d5b,2026-08-02T03:30:00Z,2026-08-02T05:30:00+0200,8.523,MW,NL,NL,actual_onshore_wind_generation,Wind Onshore | Actual Consumption,2026-08-02T23:51:38Z
2026-08-02T23:49:28Z,2026-08-03T01:49:28+0200,65d3fff1-7125-472d-bbc3-1b240f9c8d5b,2026-08-02T03:45:00Z,2026-08-02T05:45:00+0200,25.502,MW,NL,NL,actual_onshore_wind_generation,Wind Onshore | Actual Aggregated,2026-08-02T23:51:38Z
2026-08-02T23:49:28Z,2026-08-03T01:49:28+0200,65d3fff1-7125-472d-bbc3-1b240f9c8d5b,2026-08-02T03:45:00Z,2026-08-02T05:45:00+0200,8.37,MW,NL,NL,actual_onshore_wind_generation,Wind Onshore | Actual Consumption,2026-08-02T23:51:38Z
2026-08-02T23:49:28Z,2026-08-03T01:49:28+0200,65d3fff1-7125-472d-bbc3-1b240f9c8d5b,2026-08-02T04:00:00Z,2026-08-02T06:00:00+0200,32.839,MW,NL,NL,actual_onshore_wind_generation,Wind Onshore | Actual Aggregated,2026-08-02T23:51:38Z
2026-08-02T23:49:28Z,2026-08-03T01:49:28+0200,65d3fff1-7125-472d-bbc3-1b240f9c8d5b,2026-08-02T04:00:00Z,2026-08-02T06:00:00+0200,7.57,MW,NL,NL,actual_onshore_wind_generation,Wind Onshore | Actual Consumption,2026-08-02T23:51:38Z
2026-08-02T23:49:28Z,2026-08-03T01:49:28+0200,65d3fff1-7125-472d-bbc3-1b240f9c8d5b,2026-08-02T04:15:00Z,2026-08-02T06:15:00+0200,40.015,MW,NL,NL,actual_onshore_wind_generation,Wind Onshore | Actual Aggregated,2026-08-02T23:51:38Z
2026-08-02T23:49:28Z,2026-08-03T01:49:28+0200,65d3fff1-7125-472d-bbc3-1b240f9c8d5b,2026-08-02T04:15:00Z,2026-08-02T06:15:00+0200,8.534,MW,NL,NL,actual_onshore_wind_generation,Wind Onshore | Actual Consumption,2026-08-02T23:51:38Z
2026-08-02T23:49:28Z,2026-08-03T01:49:28+0200,65d3fff1-7125-472d-bbc3-1b240f9c8d5b,2026-08-02T04:30:00Z,2026-08-02T06:30:00+0200,47.861,MW,NL,NL,actual_onshore_wind_generation,Wind Onshore | Actual Aggregated,2026-08-02T23:51:38Z
2026-08-02T23:49:28Z,2026-08-03T01:49:28+0200,65d3fff1-7125-472d-bbc3-1b240f9c8d5b,2026-08-02T04:30:00Z,2026-08-02T06:30:00+0200,8.355,MW,NL,NL,actual_onshore_wind_generation,Wind Onshore | Actual Consumption,2026-08-02T23:51:38Z
2026-08-02T23:49:28Z,2026-08-03T01:49:28+0200,65d3fff1-7125-472d-bbc3-1b240f9c8d5b,2026-08-02T04:45:00Z,2026-08-02T06:45:00+0200,45.085,MW,NL,NL,actual_onshore_wind_generation,Wind Onshore | Actual Aggregated,2026-08-02T23:51:38Z
2026-08-02T23:49:28Z,2026-08-03T01:49:28+0200,65d3fff1-7125-472d-bbc3-1b240f9c8d5b,2026-08-02T04:45:00Z,2026-08-02T06:45:00+0200,7.385,MW,NL,NL,actual_onshore_wind_generation,Wind Onshore | Actual Consumption,2026-08-02T23:51:38Z
2026-08-02T23:49:28Z,2026-08-03T01:49:28+0200,65d3fff1-7125-472d-bbc3-1b240f9c8d5b,2026-08-02T05:00:00Z,2026-08-02T07:00:00+0200,34.8,MW,NL,NL,actual_onshore_wind_generation,Wind Onshore | Actual Aggregated,2026-08-02T23:51:38Z
2026-08-02T23:49:28Z,2026-08-03T01:49:28+0200,65d3fff1-7125-472d-bbc3-1b240f9c8d5b,2026-08-02T05:00:00Z,2026-08-02T07:00:00+0200,6.485,MW,NL,NL,actual_onshore_wind_generation,Wind Onshore | Actual Consumption,2026-08-02T23:51:38Z
2026-08-02T23:49:28Z,2026-08-03T01:49:28+0200,65d3fff1-7125-472d-bbc3-1b240f9c8d5b,2026-08-02T05:15:00Z,2026-08-02T07:15:00+0200,30.184,MW,NL,NL,actual_onshore_wind_generation,Wind Onshore | Actual Aggregated,2026-08-02T23:51:38Z
2026-08-02T23:49:28Z,2026-08-03T01:49:28+0200,65d3fff1-7125-472d-bbc3-1b240f9c8d5b,2026-08-02T05:15:00Z,2026-08-02T07:15:00+0200,4.616,MW,NL,NL,actual_onshore_wind_generation,Wind Onshore | Actual Consumption,2026-08-02T23:51:38Z
2026-08-02T23:49:28Z,2026-08-03T01:49:28+0200,65d3fff1-7125-472d-bbc3-1b240f9c8d5b,2026-08-02T05:30:00Z,2026-08-02T07:30:00+0200,33.038,MW,NL,NL,actual_onshore_wind_generation,Wind Onshore | Actual Aggregated,2026-08-02T23:51:38Z
2026-08-02T23:49:28Z,2026-08-03T01:49:28+0200,65d3fff1-7125-472d-bbc3-1b240f9c8d5b,2026-08-02T05:30:00Z,2026-08-02T07:30:00+0200,1.191,MW,NL,NL,actual_onshore_wind_generation,Wind Onshore | Actual Consumption,2026-08-02T23:51:38Z
2026-08-02T23:49:28Z,2026-08-03T01:49:28+0200,65d3fff1-7125-472d-bbc3-1b240f9c8d5b,2026-08-02T05:45:00Z,2026-08-02T07:45:00+0200,48.235,MW,NL,NL,actual_onshore_wind_generation,Wind Onshore | Actual Aggregated,2026-08-02T23:51:38Z
2026-08-02T23:49:28Z,2026-08-03T01:49:28+0200,65d3fff1-7125-472d-bbc3-1b240f9c8d5b,2026-08-02T05:45:00Z,2026-08-02T07:45:00+0200,0.29,MW,NL,NL,actual_onshore_wind_generation,Wind Onshore | Actual Consumption,2026-08-02T23:51:38Z
2026-08-02T23:49:28Z,2026-08-03T01:49:28+0200,65d3fff1-7125-472d-bbc3-1b240f9c8d5b,2026-08-02T06:00:00Z,2026-08-02T08:00:00+0200,42.477,MW,NL,NL,actual_onshore_wind_generation,Wind Onshore | Actual Aggregated,2026-08-02T23:51:38Z
2026-08-02T23:49:28Z,2026-08-03T01:49:28+0200,65d3fff1-7125-472d-bbc3-1b240f9c8d5b,2026-08-02T06:00:00Z,2026-08-02T08:00:00+0200,0.29,MW,NL,NL,actual_onshore_wind_generation,Wind Onshore | Actual Consumption,2026-08-02T23:51:38Z
2026-08-02T23:49:28Z,2026-08-03T01:49:28+0200,65d3fff1-7125-472d-bbc3-1b240f9c8d5b,2026-08-02T06:15:00Z,2026-08-02T08:15:00+0200,32.279,MW,NL,NL,actual_onshore_wind_generation,Wind Onshore | Actual Aggregated,2026-08-02T23:51:38Z
2026-08-02T23:49:28Z,2026-08-03T01:49:28+0200,65d3fff1-7125-472d-bbc3-1b240f9c8d5b,2026-08-02T06:15:00Z,2026-08-02T08:15:00+0200,3.247,MW,NL,NL,actual_onshore_wind_generation,Wind Onshore | Actual Consumption,2026-08-02T23:51:38Z
2026-08-02T23:49:28Z,2026-08-03T01:49:28+0200,65d3fff1-7125-472d-bbc3-1b240f9c8d5b,2026-08-02T06:30:00Z,2026-08-02T08:30:00+0200,24.555,MW,NL,NL,actual_onshore_wind_generation,Wind Onshore | Actual Aggregated,2026-08-02T23:51:38Z
2026-08-02T23:49:28Z,2026-08-03T01:49:28+0200,65d3fff1-7125-472d-bbc3-1b240f9c8d5b,2026-08-02T06:30:00Z,2026-08-02T08:30:00+0200,4.547,MW,NL,NL,actual_onshore_wind_generation,Wind Onshore | Actual Consumption,2026-08-02T23:51:38Z
2026-08-02T23:49:28Z,2026-08-03T01:49:28+0200,65d3fff1-7125-472d-bbc3-1b240f9c8d5b,2026-08-02T06:45:00Z,2026-08-02T08:45:00+0200,16.899,MW,NL,NL,actual_onshore_wind_generation,Wind Onshore | Actual Aggregated,2026-08-02T23:51:38Z
2026-08-02T23:49:28Z,2026-08-03T01:49:28+0200,65d3fff1-7125-472d-bbc3-1b240f9c8d5b,2026-08-02T06:45:00Z,2026-08-02T08:45:00+0200,3.519,MW,NL,NL,actual_onshore_wind_generation,Wind Onshore | Actual Consumption,2026-08-02T23:51:38Z
2026-08-02T23:49:28Z,2026-08-03T01:49:28+0200,65d3fff1-7125-472d-bbc3-1b240f9c8d5b,2026-08-02T07:00:00Z,2026-08-02T09:00:00+0200,13.421,MW,NL,NL,actual_onshore_wind_generation,Wind Onshore | Actual Aggregated,2026-08-02T23:51:38Z
2026-08-02T23:49:28Z,2026-08-03T01:49:28+0200,65d3fff1-7125-472d-bbc3-1b240f9c8d5b,2026-08-02T07:00:00Z,2026-08-02T09:00:00+0200,1.677,MW,NL,NL,actual_onshore_wind_generation,Wind Onshore | Actual Consumption,2026-08-02T23:51:38Z
2026-08-02T23:49:28Z,2026-08-03T01:49:28+0200,65d3fff1-7125-472d-bbc3-1b240f9c8d5b,2026-08-02T07:15:00Z,2026-08-02T09:15:00+0200,8.247,MW,NL,NL,actual_onshore_wind_generation,Wind Onshore | Actual Aggregated,2026-08-02T23:51:38Z
2026-08-02T23:49:28Z,2026-08-03T01:49:28+0200,65d3fff1-7125-472d-bbc3-1b240f9c8d5b,2026-08-02T07:15:00Z,2026-08-02T09:15:00+0200,2.943,MW,NL,NL,actual_onshore_wind_generation,Wind Onshore | Actual Consumption,2026-08-02T23:51:38Z
2026-08-02T23:49:28Z,2026-08-03T01:49:28+0200,65d3fff1-7125-472d-bbc3-1b240f9c8d5b,2026-08-02T07:30:00Z,2026-08-02T09:30:00+0200,5.806,MW,NL,NL,actual_onshore_wind_generation,Wind Onshore | Actual Aggregated,2026-08-02T23:51:38Z
2026-08-02T23:49:28Z,2026-08-03T01:49:28+0200,65d3fff1-7125-472d-bbc3-1b240f9c8d5b,2026-08-02T07:30:00Z,2026-08-02T09:30:00+0200,4.78,MW,NL,NL,actual_onshore_wind_generation,Wind Onshore | Actual Consumption,2026-08-02T23:51:38Z
2026-08-02T23:49:28Z,2026-08-03T01:49:28+0200,65d3fff1-7125-472d-bbc3-1b240f9c8d5b,2026-08-02T07:45:00Z,2026-08-02T09:45:00+0200,10.049,MW,NL,NL,actual_onshore_wind_generation,Wind Onshore | Actual Aggregated,2026-08-02T23:51:38Z
2026-08-02T23:49:28Z,2026-08-03T01:49:28+0200,65d3fff1-7125-472d-bbc3-1b240f9c8d5b,2026-08-02T07:45:00Z,2026-08-02T09:45:00+0200,4.005,MW,NL,NL,actual_onshore_wind_generation,Wind Onshore | Actual Consumption,2026-08-02T23:51:38Z
2026-08-02T23:49:28Z,2026-08-03T01:49:28+0200,65d3fff1-7125-472d-bbc3-1b240f9c8d5b,2026-08-02T08:00:00Z,2026-08-02T10:00:00+0200,10.62,MW,NL,NL,actual_onshore_wind_generation,Wind Onshore | Actual Aggregated,2026-08-02T23:51:38Z
2026-08-02T23:49:28Z,2026-08-03T01:49:28+0200,65d3fff1-7125-472d-bbc3-1b240f9c8d5b,2026-08-02T08:00:00Z,2026-08-02T10:00:00+0200,2.065,MW,NL,NL,actual_onshore_wind_generation,Wind Onshore | Actual Consumption,2026-08-02T23:51:38Z
2026-08-02T23:49:28Z,2026-08-03T01:49:28+0200,65d3fff1-7125-472d-bbc3-1b240f9c8d5b,2026-08-02T08:15:00Z,2026-08-02T10:15:00+0200,8.224,MW,NL,NL,actual_onshore_wind_generation,Wind Onshore | Actual Aggregated,2026-08-02T23:51:38Z
2026-08-02T23:49:28Z,2026-08-03T01:49:28+0200,65d3fff1-7125-472d-bbc3-1b240f9c8d5b,2026-08-02T08:15:00Z,2026-08-02T10:15:00+0200,2.417,MW,NL,NL,actual_onshore_wind_generation,Wind Onshore | Actual Consumption,2026-08-02T23:51:38Z
2026-08-02T23:49:28Z,2026-08-03T01:49:28+0200,65d3fff1-7125-472d-bbc3-1b240f9c8d5b,2026-08-02T08:30:00Z,2026-08-02T10:30:00+0200,8.967,MW,NL,NL,actual_onshore_wind_generation,Wind Onshore | Actual Aggregated,2026-08-02T23:51:38Z
2026-08-02T23:49:28Z,2026-08-03T01:49:28+0200,65d3fff1-7125-472d-bbc3-1b240f9c8d5b,2026-08-02T08:30:00Z,2026-08-02T10:30:00+0200,2.289,MW,NL,NL,actual_onshore_wind_generation,Wind Onshore | Actual Consumption,2026-08-02T23:51:38Z
2026-08-02T23:49:28Z,2026-08-03T01:49:28+0200,65d3fff1-7125-472d-bbc3-1b240f9c8d5b,2026-08-02T08:45:00Z,2026-08-02T10:45:00+0200,7.993,MW,NL,NL,actual_onshore_wind_generation,Wind Onshore | Actual Aggregated,2026-08-02T23:51:38Z
2026-08-02T23:49:28Z,2026-08-03T01:49:28+0200,65d3fff1-7125-472d-bbc3-1b240f9c8d5b,2026-08-02T08:45:00Z,2026-08-02T10:45:00+0200,2.653,MW,NL,NL,actual_onshore_wind_generation,Wind Onshore | Actual Consumption,2026-08-02T23:51:38Z
2026-08-02T23:49:28Z,2026-08-03T01:49:28+0200,65d3fff1-7125-472d-bbc3-1b240f9c8d5b,2026-08-02T09:00:00Z,2026-08-02T11:00:00+0200,7.273,MW,NL,NL,actual_onshore_wind_generation,Wind Onshore | Actual Aggregated,2026-08-02T23:51:38Z
2026-08-02T23:49:28Z,2026-08-03T01:49:28+0200,65d3fff1-7125-472d-bbc3-1b240f9c8d5b,2026-08-02T09:00:00Z,2026-08-02T11:00:00+0200,3.98,MW,NL,NL,actual_onshore_wind_generation,Wind Onshore | Actual Consumption,2026-08-02T23:51:38Z
2026-08-02T23:49:28Z,2026-08-03T01:49:28+0200,65d3fff1-7125-472d-bbc3-1b240f9c8d5b,2026-08-02T09:15:00Z,2026-08-02T11:15:00+0200,9.455,MW,NL,NL,actual_onshore_wind_generation,Wind Onshore | Actual Aggregated,2026-08-02T23:51:38Z
2026-08-02T23:49:28Z,2026-08-03T01:49:28+0200,65d3fff1-7125-472d-bbc3-1b240f9c8d5b,2026-08-02T09:15:00Z,2026-08-02T11:15:00+0200,3.514,MW,NL,NL,actual_onshore_wind_generation,Wind Onshore | Actual Consumption,2026-08-02T23:51:38Z
2026-08-02T23:49:28Z,2026-08-03T01:49:28+0200,65d3fff1-7125-472d-bbc3-1b240f9c8d5b,2026-08-02T09:30:00Z,2026-08-02T11:30:00+0200,11.624,MW,NL,NL,actual_onshore_wind_generation,Wind Onshore | Actual Aggregated,2026-08-02T23:51:38Z
2026-08-02T23:49:28Z,2026-08-03T01:49:28+0200,65d3fff1-7125-472d-bbc3-1b240f9c8d5b,2026-08-02T09:30:00Z,2026-08-02T11:30:00+0200,0.672,MW,NL,NL,actual_onshore_wind_generation,Wind Onshore | Actual Consumption,2026-08-02T23:51:38Z
2026-08-02T23:49:28Z,2026-08-03T01:49:28+0200,65d3fff1-7125-472d-bbc3-1b240f9c8d5b,2026-08-02T09:45:00Z,2026-08-02T11:45:00+0200,9.529,MW,NL,NL,actual_onshore_wind_generation,Wind Onshore | Actual Aggregated,2026-08-02T23:51:38Z
2026-08-02T23:49:28Z,2026-08-03T01:49:28+0200,65d3fff1-7125-472d-bbc3-1b240f9c8d5b,2026-08-02T09:45:00Z,2026-08-02T11:45:00+0200,3.917,MW,NL,NL,actual_onshore_wind_generation,Wind Onshore | Actual Consumption,2026-08-02T23:51:38Z
2026-08-02T23:49:28Z,2026-08-03T01:49:28+0200,65d3fff1-7125-472d-bbc3-1b240f9c8d5b,2026-08-02T10:00:00Z,2026-08-02T12:00:00+0200,6.917,MW,NL,NL,actual_onshore_wind_generation,Wind Onshore | Actual Aggregated,2026-08-02T23:51:38Z
2026-08-02T23:49:28Z,2026-08-03T01:49:28+0200,65d3fff1-7125-472d-bbc3-1b240f9c8d5b,2026-08-02T10:00:00Z,2026-08-02T12:00:00+0200,5.595,MW,NL,NL,actual_onshore_wind_generation,Wind Onshore | Actual Consumption,2026-08-02T23:51:38Z
2026-08-02T23:49:28Z,2026-08-03T01:49:28+0200,65d3fff1-7125-472d-bbc3-1b240f9c8d5b,2026-08-02T10:15:00Z,2026-08-02T12:15:00+0200,7.855,MW,NL,NL,actual_onshore_wind_generation,Wind Onshore | Actual Aggregated,2026-08-02T23:51:38Z
2026-08-02T23:49:28Z,2026-08-03T01:49:28+0200,65d3fff1-7125-472d-bbc3-1b240f9c8d5b,2026-08-02T10:15:00Z,2026-08-02T12:15:00+0200,6.531,MW,NL,NL,actual_onshore_wind_generation,Wind Onshore | Actual Consumption,2026-08-02T23:51:38Z
2026-08-02T23:49:28Z,2026-08-03T01:49:28+0200,65d3fff1-7125-472d-bbc3-1b240f9c8d5b,2026-08-02T10:30:00Z,2026-08-02T12:30:00+0200,11.011,MW,NL,NL,actual_onshore_wind_generation,Wind Onshore | Actual Aggregated,2026-08-02T23:51:38Z
2026-08-02T23:49:28Z,2026-08-03T01:49:28+0200,65d3fff1-7125-472d-bbc3-1b240f9c8d5b,2026-08-02T10:30:00Z,2026-08-02T12:30:00+0200,6.64,MW,NL,NL,actual_onshore_wind_generation,Wind Onshore | Actual Consumption,2026-08-02T23:51:38Z
2026-08-02T23:49:28Z,2026-08-03T01:49:28+0200,65d3fff1-7125-472d-bbc3-1b240f9c8d5b,2026-08-02T10:45:00Z,2026-08-02T12:45:00+0200,15.833,MW,NL,NL,actual_onshore_wind_generation,Wind Onshore | Actual Aggregated,2026-08-02T23:51:38Z
2026-08-02T23:49:28Z,2026-08-03T01:49:28+0200,65d3fff1-7125-472d-bbc3-1b240f9c8d5b,2026-08-02T10:45:00Z,2026-08-02T12:45:00+0200,7.939,MW,NL,NL,actual_onshore_wind_generation,Wind Onshore | Actual Consumption,2026-08-02T23:51:38Z
2026-08-02T23:49:28Z,2026-08-03T01:49:28+0200,65d3fff1-7125-472d-bbc3-1b240f9c8d5b,2026-08-02T11:00:00Z,2026-08-02T13:00:00+0200,21.209,MW,NL,NL,actual_onshore_wind_generation,Wind Onshore | Actual Aggregated,2026-08-02T23:51:38Z
2026-08-02T23:49:28Z,2026-08-03T01:49:28+0200,65d3fff1-7125-472d-bbc3-1b240f9c8d5b,2026-08-02T11:00:00Z,2026-08-02T13:00:00+0200,7.521,MW,NL,NL,actual_onshore_wind_generation,Wind Onshore | Actual Consumption,2026-08-02T23:51:38Z
2026-08-02T23:49:28Z,2026-08-03T01:49:28+0200,65d3fff1-7125-472d-bbc3-1b240f9c8d5b,2026-08-02T11:15:00Z,2026-08-02T13:15:00+0200,21.117,MW,NL,NL,actual_onshore_wind_generation,Wind Onshore | Actual Aggregated,2026-08-02T23:51:38Z
2026-08-02T23:49:28Z,2026-08-03T01:49:28+0200,65d3fff1-7125-472d-bbc3-1b240f9c8d5b,2026-08-02T11:15:00Z,2026-08-02T13:15:00+0200,6.918,MW,NL,NL,actual_onshore_wind_generation,Wind Onshore | Actual Consumption,2026-08-02T23:51:38Z
2026-08-02T23:49:28Z,2026-08-03T01:49:28+0200,65d3fff1-7125-472d-bbc3-1b240f9c8d5b,2026-08-02T11:30:00Z,2026-08-02T13:30:00+0200,20.607,MW,NL,NL,actual_onshore_wind_generation,Wind Onshore | Actual Aggregated,2026-08-02T23:51:38Z
2026-08-02T23:49:28Z,2026-08-03T01:49:28+0200,65d3fff1-7125-472d-bbc3-1b240f9c8d5b,2026-08-02T11:30:00Z,2026-08-02T13:30:00+0200,7.072,MW,NL,NL,actual_onshore_wind_generation,Wind Onshore | Actual Consumption,2026-08-02T23:51:38Z
2026-08-02T23:49:28Z,2026-08-03T01:49:28+0200,65d3fff1-7125-472d-bbc3-1b240f9c8d5b,2026-08-02T11:45:00Z,2026-08-02T13:45:00+0200,20.284,MW,NL,NL,actual_onshore_wind_generation,Wind Onshore | Actual Aggregated,2026-08-02T23:51:38Z
2026-08-02T23:49:28Z,2026-08-03T01:49:28+0200,65d3fff1-7125-472d-bbc3-1b240f9c8d5b,2026-08-02T11:45:00Z,2026-08-02T13:45:00+0200,5.175,MW,NL,NL,actual_onshore_wind_generation,Wind Onshore | Actual Consumption,2026-08-02T23:51:38Z
2026-08-02T23:49:28Z,2026-08-03T01:49:28+0200,65d3fff1-7125-472d-bbc3-1b240f9c8d5b,2026-08-02T12:00:00Z,2026-08-02T14:00:00+0200,21.348,MW,NL,NL,actual_onshore_wind_generation,Wind Onshore | Actual Aggregated,2026-08-02T23:51:38Z
2026-08-02T23:49:28Z,2026-08-03T01:49:28+0200,65d3fff1-7125-472d-bbc3-1b240f9c8d5b,2026-08-02T12:00:00Z,2026-08-02T14:00:00+0200,5.574,MW,NL,NL,actual_onshore_wind_generation,Wind Onshore | Actual Consumption,2026-08-02T23:51:38Z
2026-08-02T23:49:28Z,2026-08-03T01:49:28+0200,65d3fff1-7125-472d-bbc3-1b240f9c8d5b,2026-08-02T12:15:00Z,2026-08-02T14:15:00+0200,21.796,MW,NL,NL,actual_onshore_wind_generation,Wind Onshore | Actual Aggregated,2026-08-02T23:51:38Z
2026-08-02T23:49:28Z,2026-08-03T01:49:28+0200,65d3fff1-7125-472d-bbc3-1b240f9c8d5b,2026-08-02T12:15:00Z,2026-08-02T14:15:00+0200,5.183,MW,NL,NL,actual_onshore_wind_generation,Wind Onshore | Actual Consumption,2026-08-02T23:51:38Z
2026-08-02T23:49:28Z,2026-08-03T01:49:28+0200,65d3fff1-7125-472d-bbc3-1b240f9c8d5b,2026-08-02T12:30:00Z,2026-08-02T14:30:00+0200,23.87,MW,NL,NL,actual_onshore_wind_generation,Wind Onshore | Actual Aggregated,2026-08-02T23:51:38Z
2026-08-02T23:49:28Z,2026-08-03T01:49:28+0200,65d3fff1-7125-472d-bbc3-1b240f9c8d5b,2026-08-02T12:30:00Z,2026-08-02T14:30:00+0200,4.67,MW,NL,NL,actual_onshore_wind_generation,Wind Onshore | Actual Consumption,2026-08-02T23:51:38Z
2026-08-02T23:49:28Z,2026-08-03T01:49:28+0200,65d3fff1-7125-472d-bbc3-1b240f9c8d5b,2026-08-02T12:45:00Z,2026-08-02T14:45:00+0200,30.608,MW,NL,NL,actual_onshore_wind_generation,Wind Onshore | Actual Aggregated,2026-08-02T23:51:38Z
2026-08-02T23:49:28Z,2026-08-03T01:49:28+0200,65d3fff1-7125-472d-bbc3-1b240f9c8d5b,2026-08-02T12:45:00Z,2026-08-02T14:45:00+0200,3.288,MW,NL,NL,actual_onshore_wind_generation,Wind Onshore | Actual Consumption,2026-08-02T23:51:38Z
2026-08-02T23:49:28Z,2026-08-03T01:49:28+0200,65d3fff1-7125-472d-bbc3-1b240f9c8d5b,2026-08-02T13:00:00Z,2026-08-02T15:00:00+0200,39.596,MW,NL,NL,actual_onshore_wind_generation,Wind Onshore | Actual Aggregated,2026-08-02T23:51:38Z
2026-08-02T23:49:28Z,2026-08-03T01:49:28+0200,65d3fff1-7125-472d-bbc3-1b240f9c8d5b,2026-08-02T13:00:00Z,2026-08-02T15:00:00+0200,0.022,MW,NL,NL,actual_onshore_wind_generation,Wind Onshore | Actual Consumption,2026-08-02T23:51:38Z
2026-08-02T23:49:28Z,2026-08-03T01:49:28+0200,65d3fff1-7125-472d-bbc3-1b240f9c8d5b,2026-08-02T13:15:00Z,2026-08-02T15:15:00+0200,45.465,MW,NL,NL,actual_onshore_wind_generation,Wind Onshore | Actual Aggregated,2026-08-02T23:51:38Z
2026-08-02T23:49:28Z,2026-08-03T01:49:28+0200,65d3fff1-7125-472d-bbc3-1b240f9c8d5b,2026-08-02T13:15:00Z,2026-08-02T15:15:00+0200,0.394,MW,NL,NL,actual_onshore_wind_generation,Wind Onshore | Actual Consumption,2026-08-02T23:51:38Z
2026-08-02T23:49:28Z,2026-08-03T01:49:28+0200,65d3fff1-7125-472d-bbc3-1b240f9c8d5b,2026-08-02T13:30:00Z,2026-08-02T15:30:00+0200,51.54,MW,NL,NL,actual_onshore_wind_generation,Wind Onshore | Actual Aggregated,2026-08-02T23:51:38Z
2026-08-02T23:49:28Z,2026-08-03T01:49:28+0200,65d3fff1-7125-472d-bbc3-1b240f9c8d5b,2026-08-02T13:30:00Z,2026-08-02T15:30:00+0200,0.142,MW,NL,NL,actual_onshore_wind_generation,Wind Onshore | Actual Consumption,2026-08-02T23:51:38Z
2026-08-02T23:49:28Z,2026-08-03T01:49:28+0200,65d3fff1-7125-472d-bbc3-1b240f9c8d5b,2026-08-02T13:45:00Z,2026-08-02T15:45:00+0200,57.733,MW,NL,NL,actual_onshore_wind_generation,Wind Onshore | Actual Aggregated,2026-08-02T23:51:38Z
2026-08-02T23:49:28Z,2026-08-03T01:49:28+0200,65d3fff1-7125-472d-bbc3-1b240f9c8d5b,2026-08-02T13:45:00Z,2026-08-02T15:45:00+0200,0.0,MW,NL,NL,actual_onshore_wind_generation,Wind Onshore | Actual Consumption,2026-08-02T23:51:38Z
2026-08-02T23:49:28Z,2026-08-03T01:49:28+0200,65d3fff1-7125-472d-bbc3-1b240f9c8d5b,2026-08-02T14:00:00Z,2026-08-02T16:00:00+0200,77.092,MW,NL,NL,actual_onshore_wind_generation,Wind Onshore | Actual Aggregated,2026-08-02T23:51:38Z
2026-08-02T23:49:28Z,2026-08-03T01:49:28+0200,65d3fff1-7125-472d-bbc3-1b240f9c8d5b,2026-08-02T14:00:00Z,2026-08-02T16:00:00+0200,0.0,MW,NL,NL,actual_onshore_wind_generation,Wind Onshore | Actual Consumption,2026-08-02T23:51:38Z
2026-08-02T23:49:28Z,2026-08-03T01:49:28+0200,65d3fff1-7125-472d-bbc3-1b240f9c8d5b,2026-08-02T14:15:00Z,2026-08-02T16:15:00+0200,95.517,MW,NL,NL,actual_onshore_wind_generation,Wind Onshore | Actual Aggregated,2026-08-02T23:51:38Z
2026-08-02T23:49:28Z,2026-08-03T01:49:28+0200,65d3fff1-7125-472d-bbc3-1b240f9c8d5b,2026-08-02T14:15:00Z,2026-08-02T16:15:00+0200,0.0,MW,NL,NL,actual_onshore_wind_generation,Wind Onshore | Actual Consumption,2026-08-02T23:51:38Z
2026-08-02T23:49:28Z,2026-08-03T01:49:28+0200,65d3fff1-7125-472d-bbc3-1b240f9c8d5b,2026-08-02T14:30:00Z,2026-08-02T16:30:00+0200,105.276,MW,NL,NL,actual_onshore_wind_generation,Wind Onshore | Actual Aggregated,2026-08-02T23:51:38Z
2026-08-02T23:49:28Z,2026-08-03T01:49:28+0200,65d3fff1-7125-472d-bbc3-1b240f9c8d5b,2026-08-02T14:30:00Z,2026-08-02T16:30:00+0200,0.0,MW,NL,NL,actual_onshore_wind_generation,Wind Onshore | Actual Consumption,2026-08-02T23:51:38Z
2026-08-02T23:49:28Z,2026-08-03T01:49:28+0200,65d3fff1-7125-472d-bbc3-1b240f9c8d5b,2026-08-02T14:45:00Z,2026-08-02T16:45:00+0200,113.539,MW,NL,NL,actual_onshore_wind_generation,Wind Onshore | Actual Aggregated,2026-08-02T23:51:38Z
2026-08-02T23:49:28Z,2026-08-03T01:49:28+0200,65d3fff1-7125-472d-bbc3-1b240f9c8d5b,2026-08-02T14:45:00Z,2026-08-02T16:45:00+0200,0.0,MW,NL,NL,actual_onshore_wind_generation,Wind Onshore | Actual Consumption,2026-08-02T23:51:38Z
2026-08-02T23:49:28Z,2026-08-03T01:49:28+0200,65d3fff1-7125-472d-bbc3-1b240f9c8d5b,2026-08-02T15:00:00Z,2026-08-02T17:00:00+0200,133.891,MW,NL,NL,actual_onshore_wind_generation,Wind Onshore | Actual Aggregated,2026-08-02T23:51:38Z
2026-08-02T23:49:28Z,2026-08-03T01:49:28+0200,65d3fff1-7125-472d-bbc3-1b240f9c8d5b,2026-08-02T15:00:00Z,2026-08-02T17:00:00+0200,0.0,MW,NL,NL,actual_onshore_wind_generation,Wind Onshore | Actual Consumption,2026-08-02T23:51:38Z
2026-08-02T23:49:28Z,2026-08-03T01:49:28+0200,65d3fff1-7125-472d-bbc3-1b240f9c8d5b,2026-08-02T15:15:00Z,2026-08-02T17:15:00+0200,141.534,MW,NL,NL,actual_onshore_wind_generation,Wind Onshore | Actual Aggregated,2026-08-02T23:51:38Z
2026-08-02T23:49:28Z,2026-08-03T01:49:28+0200,65d3fff1-7125-472d-bbc3-1b240f9c8d5b,2026-08-02T15:15:00Z,2026-08-02T17:15:00+0200,0.0,MW,NL,NL,actual_onshore_wind_generation,Wind Onshore | Actual Consumption,2026-08-02T23:51:38Z
2026-08-02T23:49:28Z,2026-08-03T01:49:28+0200,65d3fff1-7125-472d-bbc3-1b240f9c8d5b,2026-08-02T15:30:00Z,2026-08-02T17:30:00+0200,169.861,MW,NL,NL,actual_onshore_wind_generation,Wind Onshore | Actual Aggregated,2026-08-02T23:51:38Z
2026-08-02T23:49:28Z,2026-08-03T01:49:28+0200,65d3fff1-7125-472d-bbc3-1b240f9c8d5b,2026-08-02T15:30:00Z,2026-08-02T17:30:00+0200,0.0,MW,NL,NL,actual_onshore_wind_generation,Wind Onshore | Actual Consumption,2026-08-02T23:51:38Z
2026-08-02T23:49:28Z,2026-08-03T01:49:28+0200,65d3fff1-7125-472d-bbc3-1b240f9c8d5b,2026-08-02T15:45:00Z,2026-08-02T17:45:00+0200,195.282,MW,NL,NL,actual_onshore_wind_generation,Wind Onshore | Actual Aggregated,2026-08-02T23:51:38Z
2026-08-02T23:49:28Z,2026-08-03T01:49:28+0200,65d3fff1-7125-472d-bbc3-1b240f9c8d5b,2026-08-02T15:45:00Z,2026-08-02T17:45:00+0200,0.0,MW,NL,NL,actual_onshore_wind_generation,Wind Onshore | Actual Consumption,2026-08-02T23:51:38Z
2026-08-02T23:49:28Z,2026-08-03T01:49:28+0200,65d3fff1-7125-472d-bbc3-1b240f9c8d5b,2026-08-02T16:00:00Z,2026-08-02T18:00:00+0200,213.077,MW,NL,NL,actual_onshore_wind_generation,Wind Onshore | Actual Aggregated,2026-08-02T23:51:38Z
2026-08-02T23:49:28Z,2026-08-03T01:49:28+0200,65d3fff1-7125-472d-bbc3-1b240f9c8d5b,2026-08-02T16:00:00Z,2026-08-02T18:00:00+0200,0.0,MW,NL,NL,actual_onshore_wind_generation,Wind Onshore | Actual Consumption,2026-08-02T23:51:38Z
2026-08-02T23:49:28Z,2026-08-03T01:49:28+0200,65d3fff1-7125-472d-bbc3-1b240f9c8d5b,2026-08-02T16:15:00Z,2026-08-02T18:15:00+0200,246.484,MW,NL,NL,actual_onshore_wind_generation,Wind Onshore | Actual Aggregated,2026-08-02T23:51:38Z
2026-08-02T23:49:28Z,2026-08-03T01:49:28+0200,65d3fff1-7125-472d-bbc3-1b240f9c8d5b,2026-08-02T16:15:00Z,2026-08-02T18:15:00+0200,0.0,MW,NL,NL,actual_onshore_wind_generation,Wind Onshore | Actual Consumption,2026-08-02T23:51:38Z
2026-08-02T23:49:28Z,2026-08-03T01:49:28+0200,65d3fff1-7125-472d-bbc3-1b240f9c8d5b,2026-08-02T16:30:00Z,2026-08-02T18:30:00+0200,280.18,MW,NL,NL,actual_onshore_wind_generation,Wind Onshore | Actual Aggregated,2026-08-02T23:51:38Z
2026-08-02T23:49:28Z,2026-08-03T01:49:28+0200,65d3fff1-7125-472d-bbc3-1b240f9c8d5b,2026-08-02T16:30:00Z,2026-08-02T18:30:00+0200,0.0,MW,NL,NL,actual_onshore_wind_generation,Wind Onshore | Actual Consumption,2026-08-02T23:51:38Z
2026-08-02T23:49:28Z,2026-08-03T01:49:28+0200,65d3fff1-7125-472d-bbc3-1b240f9c8d5b,2026-08-02T16:45:00Z,2026-08-02T18:45:00+0200,327.022,MW,NL,NL,actual_onshore_wind_generation,Wind Onshore | Actual Aggregated,2026-08-02T23:51:38Z
2026-08-02T23:49:28Z,2026-08-03T01:49:28+0200,65d3fff1-7125-472d-bbc3-1b240f9c8d5b,2026-08-02T16:45:00Z,2026-08-02T18:45:00+0200,0.0,MW,NL,NL,actual_onshore_wind_generation,Wind Onshore | Actual Consumption,2026-08-02T23:51:38Z
2026-08-02T23:49:28Z,2026-08-03T01:49:28+0200,65d3fff1-7125-472d-bbc3-1b240f9c8d5b,2026-08-02T17:00:00Z,2026-08-02T19:00:00+0200,372.042,MW,NL,NL,actual_onshore_wind_generation,Wind Onshore | Actual Aggregated,2026-08-02T23:51:38Z
2026-08-02T23:49:28Z,2026-08-03T01:49:28+0200,65d3fff1-7125-472d-bbc3-1b240f9c8d5b,2026-08-02T17:00:00Z,2026-08-02T19:00:00+0200,0.0,MW,NL,NL,actual_onshore_wind_generation,Wind Onshore | Actual Consumption,2026-08-02T23:51:38Z
2026-08-02T23:49:28Z,2026-08-03T01:49:28+0200,65d3fff1-7125-472d-bbc3-1b240f9c8d5b,2026-08-02T17:15:00Z,2026-08-02T19:15:00+0200,386.401,MW,NL,NL,actual_onshore_wind_generation,Wind Onshore | Actual Aggregated,2026-08-02T23:51:38Z
2026-08-02T23:49:28Z,2026-08-03T01:49:28+0200,65d3fff1-7125-472d-bbc3-1b240f9c8d5b,2026-08-02T17:15:00Z,2026-08-02T19:15:00+0200,0.0,MW,NL,NL,actual_onshore_wind_generation,Wind Onshore | Actual Consumption,2026-08-02T23:51:38Z
2026-08-02T23:49:28Z,2026-08-03T01:49:28+0200,65d3fff1-7125-472d-bbc3-1b240f9c8d5b,2026-08-02T17:30:00Z,2026-08-02T19:30:00+0200,381.369,MW,NL,NL,actual_onshore_wind_generation,Wind Onshore | Actual Aggregated,2026-08-02T23:51:38Z
2026-08-02T23:49:28Z,2026-08-03T01:49:28+0200,65d3fff1-7125-472d-bbc3-1b240f9c8d5b,2026-08-02T17:30:00Z,2026-08-02T19:30:00+0200,0.0,MW,NL,NL,actual_onshore_wind_generation,Wind Onshore | Actual Consumption,2026-08-02T23:51:38Z
2026-08-02T23:49:28Z,2026-08-03T01:49:28+0200,65d3fff1-7125-472d-bbc3-1b240f9c8d5b,2026-08-02T17:45:00Z,2026-08-02T19:45:00+0200,369.02,MW,NL,NL,actual_onshore_wind_generation,Wind Onshore | Actual Aggregated,2026-08-02T23:51:38Z
2026-08-02T23:49:28Z,2026-08-03T01:49:28+0200,65d3fff1-7125-472d-bbc3-1b240f9c8d5b,2026-08-02T17:45:00Z,2026-08-02T19:45:00+0200,0.0,MW,NL,NL,actual_onshore_wind_generation,Wind Onshore | Actual Consumption,2026-08-02T23:51:38Z
2026-08-02T23:49:28Z,2026-08-03T01:49:28+0200,65d3fff1-7125-472d-bbc3-1b240f9c8d5b,2026-08-02T18:00:00Z,2026-08-02T20:00:00+0200,382.31,MW,NL,NL,actual_onshore_wind_generation,Wind Onshore | Actual Aggregated,2026-08-02T23:51:38Z
2026-08-02T23:49:28Z,2026-08-03T01:49:28+0200,65d3fff1-7125-472d-bbc3-1b240f9c8d5b,2026-08-02T18:00:00Z,2026-08-02T20:00:00+0200,0.0,MW,NL,NL,actual_onshore_wind_generation,Wind Onshore | Actual Consumption,2026-08-02T23:51:38Z
2026-08-02T23:49:28Z,2026-08-03T01:49:28+0200,65d3fff1-7125-472d-bbc3-1b240f9c8d5b,2026-08-02T18:15:00Z,2026-08-02T20:15:00+0200,406.374,MW,NL,NL,actual_onshore_wind_generation,Wind Onshore | Actual Aggregated,2026-08-02T23:51:38Z
2026-08-02T23:49:28Z,2026-08-03T01:49:28+0200,65d3fff1-7125-472d-bbc3-1b240f9c8d5b,2026-08-02T18:15:00Z,2026-08-02T20:15:00+0200,0.0,MW,NL,NL,actual_onshore_wind_generation,Wind Onshore | Actual Consumption,2026-08-02T23:51:38Z
2026-08-02T23:49:28Z,2026-08-03T01:49:28+0200,65d3fff1-7125-472d-bbc3-1b240f9c8d5b,2026-08-02T18:30:00Z,2026-08-02T20:30:00+0200,437.108,MW,NL,NL,actual_onshore_wind_generation,Wind Onshore | Actual Aggregated,2026-08-02T23:51:38Z
2026-08-02T23:49:28Z,2026-08-03T01:49:28+0200,65d3fff1-7125-472d-bbc3-1b240f9c8d5b,2026-08-02T18:30:00Z,2026-08-02T20:30:00+0200,0.0,MW,NL,NL,actual_onshore_wind_generation,Wind Onshore | Actual Consumption,2026-08-02T23:51:38Z
2026-08-02T23:49:28Z,2026-08-03T01:49:28+0200,65d3fff1-7125-472d-bbc3-1b240f9c8d5b,2026-08-02T18:45:00Z,2026-08-02T20:45:00+0200,486.488,MW,NL,NL,actual_onshore_wind_generation,Wind Onshore | Actual Aggregated,2026-08-02T23:51:38Z
2026-08-02T23:49:28Z,2026-08-03T01:49:28+0200,65d3fff1-7125-472d-bbc3-1b240f9c8d5b,2026-08-02T18:45:00Z,2026-08-02T20:45:00+0200,0.0,MW,NL,NL,actual_onshore_wind_generation,Wind Onshore | Actual Consumption,2026-08-02T23:51:38Z
2026-08-02T23:49:28Z,2026-08-03T01:49:28+0200,65d3fff1-7125-472d-bbc3-1b240f9c8d5b,2026-08-02T19:00:00Z,2026-08-02T21:00:00+0200,566.285,MW,NL,NL,actual_onshore_wind_generation,Wind Onshore | Actual Aggregated,2026-08-02T23:51:38Z
2026-08-02T23:49:28Z,2026-08-03T01:49:28+0200,65d3fff1-7125-472d-bbc3-1b240f9c8d5b,2026-08-02T19:00:00Z,2026-08-02T21:00:00+0200,0.0,MW,NL,NL,actual_onshore_wind_generation,Wind Onshore | Actual Consumption,2026-08-02T23:51:38Z
2026-08-02T23:49:28Z,2026-08-03T01:49:28+0200,65d3fff1-7125-472d-bbc3-1b240f9c8d5b,2026-08-02T19:15:00Z,2026-08-02T21:15:00+0200,635.84,MW,NL,NL,actual_onshore_wind_generation,Wind Onshore | Actual Aggregated,2026-08-02T23:51:38Z
2026-08-02T23:49:28Z,2026-08-03T01:49:28+0200,65d3fff1-7125-472d-bbc3-1b240f9c8d5b,2026-08-02T19:15:00Z,2026-08-02T21:15:00+0200,0.0,MW,NL,NL,actual_onshore_wind_generation,Wind Onshore | Actual Consumption,2026-08-02T23:51:38Z
2026-08-02T23:49:28Z,2026-08-03T01:49:28+0200,65d3fff1-7125-472d-bbc3-1b240f9c8d5b,2026-08-02T19:30:00Z,2026-08-02T21:30:00+0200,671.714,MW,NL,NL,actual_onshore_wind_generation,Wind Onshore | Actual Aggregated,2026-08-02T23:51:38Z
2026-08-02T23:49:28Z,2026-08-03T01:49:28+0200,65d3fff1-7125-472d-bbc3-1b240f9c8d5b,2026-08-02T19:30:00Z,2026-08-02T21:30:00+0200,0.0,MW,NL,NL,actual_onshore_wind_generation,Wind Onshore | Actual Consumption,2026-08-02T23:51:38Z
2026-08-02T23:49:28Z,2026-08-03T01:49:28+0200,65d3fff1-7125-472d-bbc3-1b240f9c8d5b,2026-08-02T19:45:00Z,2026-08-02T21:45:00+0200,703.623,MW,NL,NL,actual_onshore_wind_generation,Wind Onshore | Actual Aggregated,2026-08-02T23:51:38Z
2026-08-02T23:49:28Z,2026-08-03T01:49:28+0200,65d3fff1-7125-472d-bbc3-1b240f9c8d5b,2026-08-02T19:45:00Z,2026-08-02T21:45:00+0200,0.0,MW,NL,NL,actual_onshore_wind_generation,Wind Onshore | Actual Consumption,2026-08-02T23:51:38Z
2026-08-02T23:49:28Z,2026-08-03T01:49:28+0200,65d3fff1-7125-472d-bbc3-1b240f9c8d5b,2026-08-02T20:00:00Z,2026-08-02T22:00:00+0200,729.866,MW,NL,NL,actual_onshore_wind_generation,Wind Onshore | Actual Aggregated,2026-08-02T23:51:38Z
2026-08-02T23:49:28Z,2026-08-03T01:49:28+0200,65d3fff1-7125-472d-bbc3-1b240f9c8d5b,2026-08-02T20:00:00Z,2026-08-02T22:00:00+0200,0.0,MW,NL,NL,actual_onshore_wind_generation,Wind Onshore | Actual Consumption,2026-08-02T23:51:38Z
2026-08-02T23:49:28Z,2026-08-03T01:49:28+0200,65d3fff1-7125-472d-bbc3-1b240f9c8d5b,2026-08-02T20:15:00Z,2026-08-02T22:15:00+0200,776.765,MW,NL,NL,actual_onshore_wind_generation,Wind Onshore | Actual Aggregated,2026-08-02T23:51:38Z
2026-08-02T23:49:28Z,2026-08-03T01:49:28+0200,65d3fff1-7125-472d-bbc3-1b240f9c8d5b,2026-08-02T20:15:00Z,2026-08-02T22:15:00+0200,0.0,MW,NL,NL,actual_onshore_wind_generation,Wind Onshore | Actual Consumption,2026-08-02T23:51:38Z
2026-08-02T23:49:28Z,2026-08-03T01:49:28+0200,65d3fff1-7125-472d-bbc3-1b240f9c8d5b,2026-08-02T20:30:00Z,2026-08-02T22:30:00+0200,807.216,MW,NL,NL,actual_onshore_wind_generation,Wind Onshore | Actual Aggregated,2026-08-02T23:51:38Z
2026-08-02T23:49:28Z,2026-08-03T01:49:28+0200,65d3fff1-7125-472d-bbc3-1b240f9c8d5b,2026-08-02T20:30:00Z,2026-08-02T22:30:00+0200,0.0,MW,NL,NL,actual_onshore_wind_generation,Wind Onshore | Actual Consumption,2026-08-02T23:51:38Z
2026-08-02T23:49:28Z,2026-08-03T01:49:28+0200,65d3fff1-7125-472d-bbc3-1b240f9c8d5b,2026-08-02T20:45:00Z,2026-08-02T22:45:00+0200,822.213,MW,NL,NL,actual_onshore_wind_generation,Wind Onshore | Actual Aggregated,2026-08-02T23:51:38Z
2026-08-02T23:49:28Z,2026-08-03T01:49:28+0200,65d3fff1-7125-472d-bbc3-1b240f9c8d5b,2026-08-02T20:45:00Z,2026-08-02T22:45:00+0200,0.0,MW,NL,NL,actual_onshore_wind_generation,Wind Onshore | Actual Consumption,2026-08-02T23:51:38Z
2026-08-02T23:49:28Z,2026-08-03T01:49:28+0200,65d3fff1-7125-472d-bbc3-1b240f9c8d5b,2026-08-02T21:00:00Z,2026-08-02T23:00:00+0200,826.052,MW,NL,NL,actual_onshore_wind_generation,Wind Onshore | Actual Aggregated,2026-08-02T23:51:38Z
2026-08-02T23:49:28Z,2026-08-03T01:49:28+0200,65d3fff1-7125-472d-bbc3-1b240f9c8d5b,2026-08-02T21:00:00Z,2026-08-02T23:00:00+0200,0.0,MW,NL,NL,actual_onshore_wind_generation,Wind Onshore | Actual Consumption,2026-08-02T23:51:38Z
2026-08-02T23:49:28Z,2026-08-03T01:49:28+0200,65d3fff1-7125-472d-bbc3-1b240f9c8d5b,2026-08-02T21:15:00Z,2026-08-02T23:15:00+0200,803.821,MW,NL,NL,actual_onshore_wind_generation,Wind Onshore | Actual Aggregated,2026-08-02T23:51:38Z
2026-08-02T23:49:28Z,2026-08-03T01:49:28+0200,65d3fff1-7125-472d-bbc3-1b240f9c8d5b,2026-08-02T21:15:00Z,2026-08-02T23:15:00+0200,0.0,MW,NL,NL,actual_onshore_wind_generation,Wind Onshore | Actual Consumption,2026-08-02T23:51:38Z
2026-08-02T23:49:28Z,2026-08-03T01:49:28+0200,65d3fff1-7125-472d-bbc3-1b240f9c8d5b,2026-08-02T21:30:00Z,2026-08-02T23:30:00+0200,785.406,MW,NL,NL,actual_onshore_wind_generation,Wind Onshore | Actual Aggregated,2026-08-02T23:51:38Z
2026-08-02T23:49:28Z,2026-08-03T01:49:28+0200,65d3fff1-7125-472d-bbc3-1b240f9c8d5b,2026-08-02T21:30:00Z,2026-08-02T23:30:00+0200,0.0,MW,NL,NL,actual_onshore_wind_generation,Wind Onshore | Actual Consumption,2026-08-02T23:51:38Z
2026-08-02T23:49:28Z,2026-08-03T01:49:28+0200,65d3fff1-7125-472d-bbc3-1b240f9c8d5b,2026-08-02T21:45:00Z,2026-08-02T23:45:00+0200,778.303,MW,NL,NL,actual_onshore_wind_generation,Wind Onshore | Actual Aggregated,2026-08-02T23:51:38Z
2026-08-02T23:49:28Z,2026-08-03T01:49:28+0200,65d3fff1-7125-472d-bbc3-1b240f9c8d5b,2026-08-02T21:45:00Z,2026-08-02T23:45:00+0200,0.0,MW,NL,NL,actual_onshore_wind_generation,Wind Onshore | Actual Consumption,2026-08-02T23:51:38Z
2026-08-02T23:49:28Z,2026-08-03T01:49:28+0200,65d3fff1-7125-472d-bbc3-1b240f9c8d5b,2026-08-02T22:00:00Z,2026-08-03T00:00:00+0200,742.949,MW,NL,NL,actual_onshore_wind_generation,Wind Onshore | Actual Aggregated,2026-08-02T23:51:38Z
2026-08-02T23:49:28Z,2026-08-03T01:49:28+0200,65d3fff1-7125-472d-bbc3-1b240f9c8d5b,2026-08-02T22:00:00Z,2026-08-03T00:00:00+0200,0.0,MW,NL,NL,actual_onshore_wind_generation,Wind Onshore | Actual Consumption,2026-08-02T23:51:38Z
2026-08-02T23:49:28Z,2026-08-03T01:49:28+0200,65d3fff1-7125-472d-bbc3-1b240f9c8d5b,2026-08-02T22:15:00Z,2026-08-03T00:15:00+0200,712.65,MW,NL,NL,actual_onshore_wind_generation,Wind Onshore | Actual Aggregated,2026-08-02T23:51:38Z
2026-08-02T23:49:28Z,2026-08-03T01:49:28+0200,65d3fff1-7125-472d-bbc3-1b240f9c8d5b,2026-08-02T22:15:00Z,2026-08-03T00:15:00+0200,0.0,MW,NL,NL,actual_onshore_wind_generation,Wind Onshore | Actual Consumption,2026-08-02T23:51:38Z
2026-08-02T23:49:28Z,2026-08-03T01:49:28+0200,65d3fff1-7125-472d-bbc3-1b240f9c8d5b,2026-08-02T22:30:00Z,2026-08-03T00:30:00+0200,690.906,MW,NL,NL,actual_onshore_wind_generation,Wind Onshore | Actual Aggregated,2026-08-02T23:51:38Z
2026-08-02T23:49:28Z,2026-08-03T01:49:28+0200,65d3fff1-7125-472d-bbc3-1b240f9c8d5b,2026-08-02T22:30:00Z,2026-08-03T00:30:00+0200,0.0,MW,NL,NL,actual_onshore_wind_generation,Wind Onshore | Actual Consumption,2026-08-02T23:51:38Z
2026-08-02T23:49:28Z,2026-08-03T01:49:28+0200,65d3fff1-7125-472d-bbc3-1b240f9c8d5b,2026-08-02T22:45:00Z,2026-08-03T00:45:00+0200,701.089,MW,NL,NL,actual_onshore_wind_generation,Wind Onshore | Actual Aggregated,2026-08-02T23:51:38Z
2026-08-02T23:49:28Z,2026-08-03T01:49:28+0200,65d3fff1-7125-472d-bbc3-1b240f9c8d5b,2026-08-02T22:45:00Z,2026-08-03T00:45:00+0200,0.0,MW,NL,NL,actual_onshore_wind_generation,Wind Onshore | Actual Consumption,2026-08-02T23:51:38Z
2026-08-02T23:49:28Z,2026-08-03T01:49:28+0200,65d3fff1-7125-472d-bbc3-1b240f9c8d5b,2026-08-02T23:00:00Z,2026-08-03T01:00:00+0200,699.871,MW,NL,NL,actual_onshore_wind_generation,Wind Onshore | Actual Aggregated,2026-08-02T23:51:38Z
2026-08-02T23:49:28Z,2026-08-03T01:49:28+0200,65d3fff1-7125-472d-bbc3-1b240f9c8d5b,2026-08-02T23:00:00Z,2026-08-03T01:00:00+0200,0.0,MW,NL,NL,actual_onshore_wind_generation,Wind Onshore | Actual Consumption,2026-08-02T23:51:38Z
