collection_time_utc,collection_time_local,run_id,timestamp_utc,timestamp_local,value,unit,country,entsoe_area,variable,source,updated_at_utc
2026-09-03T15:04:38Z,2026-09-03T17:04:38+0200,816aef31-cbff-45b7-ba9c-c50352af8a5b,2026-08-27T15:15:00Z,2026-08-27T17:15:00+0200,10384.66,MW,BE,BE,forecast_load,Forecasted Load,2026-09-03T15:05:17Z
2026-09-03T15:04:38Z,2026-09-03T17:04:38+0200,816aef31-cbff-45b7-ba9c-c50352af8a5b,2026-08-27T15:30:00Z,2026-08-27T17:30:00+0200,10402.36,MW,BE,BE,forecast_load,Forecasted Load,2026-09-03T15:05:17Z
2026-09-03T15:04:38Z,2026-09-03T17:04:38+0200,816aef31-cbff-45b7-ba9c-c50352af8a5b,2026-08-27T15:45:00Z,2026-08-27T17:45:00+0200,10381.14,MW,BE,BE,forecast_load,Forecasted Load,2026-09-03T15:05:17Z
2026-09-03T15:04:38Z,2026-09-03T17:04:38+0200,816aef31-cbff-45b7-ba9c-c50352af8a5b,2026-08-27T16:00:00Z,2026-08-27T18:00:00+0200,10327.51,MW,BE,BE,forecast_load,Forecasted Load,2026-09-03T15:05:17Z
2026-09-03T15:04:38Z,2026-09-03T17:04:38+0200,816aef31-cbff-45b7-ba9c-c50352af8a5b,2026-08-27T16:15:00Z,2026-08-27T18:15:00+0200,10279.35,MW,BE,BE,forecast_load,Forecasted Load,2026-09-03T15:05:17Z
2026-09-03T15:04:38Z,2026-09-03T17:04:38+0200,816aef31-cbff-45b7-ba9c-c50352af8a5b,2026-08-27T16:30:00Z,2026-08-27T18:30:00+0200,10284.53,MW,BE,BE,forecast_load,Forecasted Load,2026-09-03T15:05:17Z
2026-09-03T15:04:38Z,2026-09-03T17:04:38+0200,816aef31-cbff-45b7-ba9c-c50352af8a5b,2026-08-27T16:45:00Z,2026-08-27T18:45:00+0200,10245.64,MW,BE,BE,forecast_load,Forecasted Load,2026-09-03T15:05:17Z
2026-09-03T15:04:38Z,2026-09-03T17:04:38+0200,816aef31-cbff-45b7-ba9c-c50352af8a5b,2026-08-27T17:00:00Z,2026-08-27T19:00:00+0200,10175.17,MW,BE,BE,forecast_load,Forecasted Load,2026-09-03T15:05:17Z
2026-09-03T15:04:38Z,2026-09-03T17:04:38+0200,816aef31-cbff-45b7-ba9c-c50352af8a5b,2026-08-27T17:15:00Z,2026-08-27T19:15:00+0200,10049.34,MW,BE,BE,forecast_load,Forecasted Load,2026-09-03T15:05:17Z
2026-09-03T15:04:38Z,2026-09-03T17:04:38+0200,816aef31-cbff-45b7-ba9c-c50352af8a5b,2026-08-27T17:30:00Z,2026-08-27T19:30:00+0200,9985.89,MW,BE,BE,forecast_load,Forecasted Load,2026-09-03T15:05:17Z
2026-09-03T15:04:38Z,2026-09-03T17:04:38+0200,816aef31-cbff-45b7-ba9c-c50352af8a5b,2026-08-27T17:45:00Z,2026-08-27T19:45:00+0200,9899.74,MW,BE,BE,forecast_load,Forecasted Load,2026-09-03T15:05:17Z
2026-09-03T15:04:38Z,2026-09-03T17:04:38+0200,816aef31-cbff-45b7-ba9c-c50352af8a5b,2026-08-27T18:00:00Z,2026-08-27T20:00:00+0200,9817.27,MW,BE,BE,forecast_load,Forecasted Load,2026-09-03T15:05:17Z
2026-09-03T15:04:38Z,2026-09-03T17:04:38+0200,816aef31-cbff-45b7-ba9c-c50352af8a5b,2026-08-27T18:15:00Z,2026-08-27T20:15:00+0200,9689.76,MW,BE,BE,forecast_load,Forecasted Load,2026-09-03T15:05:17Z
2026-09-03T15:04:38Z,2026-09-03T17:04:38+0200,816aef31-cbff-45b7-ba9c-c50352af8a5b,2026-08-27T18:30:00Z,2026-08-27T20:30:00+0200,9650.97,MW,BE,BE,forecast_load,Forecasted Load,2026-09-03T15:05:17Z
2026-09-03T15:04:38Z,2026-09-03T17:04:38+0200,816aef31-cbff-45b7-ba9c-c50352af8a5b,2026-08-27T18:45:00Z,2026-08-27T20:45:00+0200,9595.46,MW,BE,BE,forecast_load,Forecasted Load,2026-09-03T15:05:17Z
2026-09-03T15:04:38Z,2026-09-03T17:04:38+0200,816aef31-cbff-45b7-ba9c-c50352af8a5b,2026-08-27T19:00:00Z,2026-08-27T21:00:00+0200,9494.8,MW,BE,BE,forecast_load,Forecasted Load,2026-09-03T15:05:17Z
2026-09-03T15:04:38Z,2026-09-03T17:04:38+0200,816aef31-cbff-45b7-ba9c-c50352af8a5b,2026-08-27T19:15:00Z,2026-08-27T21:15:00+0200,9487.13,MW,BE,BE,forecast_load,Forecasted Load,2026-09-03T15:05:17Z
2026-09-03T15:04:38Z,2026-09-03T17:04:38+0200,816aef31-cbff-45b7-ba9c-c50352af8a5b,2026-08-27T19:30:00Z,2026-08-27T21:30:00+0200,9500.95,MW,BE,BE,forecast_load,Forecasted Load,2026-09-03T15:05:17Z
2026-09-03T15:04:38Z,2026-09-03T17:04:38+0200,816aef31-cbff-45b7-ba9c-c50352af8a5b,2026-08-27T19:45:00Z,2026-08-27T21:45:00+0200,9458.65,MW,BE,BE,forecast_load,Forecasted Load,2026-09-03T15:05:17Z
2026-09-03T15:04:38Z,2026-09-03T17:04:38+0200,816aef31-cbff-45b7-ba9c-c50352af8a5b,2026-08-27T20:00:00Z,2026-08-27T22:00:00+0200,9390.55,MW,BE,BE,forecast_load,Forecasted Load,2026-09-03T15:05:17Z
2026-09-03T15:04:38Z,2026-09-03T17:04:38+0200,816aef31-cbff-45b7-ba9c-c50352af8a5b,2026-08-27T20:15:00Z,2026-08-27T22:15:00+0200,9371.49,MW,BE,BE,forecast_load,Forecasted Load,2026-09-03T15:05:17Z
2026-09-03T15:04:38Z,2026-09-03T17:04:38+0200,816aef31-cbff-45b7-ba9c-c50352af8a5b,2026-08-27T20:30:00Z,2026-08-27T22:30:00+0200,9260.05,MW,BE,BE,forecast_load,Forecasted Load,2026-09-03T15:05:17Z
2026-09-03T15:04:38Z,2026-09-03T17:04:38+0200,816aef31-cbff-45b7-ba9c-c50352af8a5b,2026-08-27T20:45:00Z,2026-08-27T22:45:00+0200,9150.73,MW,BE,BE,forecast_load,Forecasted Load,2026-09-03T15:05:17Z
2026-09-03T15:04:38Z,2026-09-03T17:04:38+0200,816aef31-cbff-45b7-ba9c-c50352af8a5b,2026-08-27T21:00:00Z,2026-08-27T23:00:00+0200,9110.88,MW,BE,BE,forecast_load,Forecasted Load,2026-09-03T15:05:17Z
2026-09-03T15:04:38Z,2026-09-03T17:04:38+0200,816aef31-cbff-45b7-ba9c-c50352af8a5b,2026-08-27T21:15:00Z,2026-08-27T23:15:00+0200,8989.56,MW,BE,BE,forecast_load,Forecasted Load,2026-09-03T15:05:17Z
2026-09-03T15:04:38Z,2026-09-03T17:04:38+0200,816aef31-cbff-45b7-ba9c-c50352af8a5b,2026-08-27T21:30:00Z,2026-08-27T23:30:00+0200,8852.89,MW,BE,BE,forecast_load,Forecasted Load,2026-09-03T15:05:17Z
2026-09-03T15:04:38Z,2026-09-03T17:04:38+0200,816aef31-cbff-45b7-ba9c-c50352af8a5b,2026-08-27T21:45:00Z,2026-08-27T23:45:00+0200,8755.82,MW,BE,BE,forecast_load,Forecasted Load,2026-09-03T15:05:17Z
2026-09-03T15:04:38Z,2026-09-03T17:04:38+0200,816aef31-cbff-45b7-ba9c-c50352af8a5b,2026-08-27T22:00:00Z,2026-08-28T00:00:00+0200,8646.35,MW,BE,BE,forecast_load,Forecasted Load,2026-09-03T15:05:17Z
2026-09-03T15:04:38Z,2026-09-03T17:04:38+0200,816aef31-cbff-45b7-ba9c-c50352af8a5b,2026-08-27T22:15:00Z,2026-08-28T00:15:00+0200,8520.4,MW,BE,BE,forecast_load,Forecasted Load,2026-09-03T15:05:17Z
2026-09-03T15:04:38Z,2026-09-03T17:04:38+0200,816aef31-cbff-45b7-ba9c-c50352af8a5b,2026-08-27T22:30:00Z,2026-08-28T00:30:00+0200,8429.77,MW,BE,BE,forecast_load,Forecasted Load,2026-09-03T15:05:17Z
2026-09-03T15:04:38Z,2026-09-03T17:04:38+0200,816aef31-cbff-45b7-ba9c-c50352af8a5b,2026-08-27T22:45:00Z,2026-08-28T00:45:00+0200,8336.22,MW,BE,BE,forecast_load,Forecasted Load,2026-09-03T15:05:17Z
2026-09-03T15:04:38Z,2026-09-03T17:04:38+0200,816aef31-cbff-45b7-ba9c-c50352af8a5b,2026-08-27T23:00:00Z,2026-08-28T01:00:00+0200,8299.62,MW,BE,BE,forecast_load,Forecasted Load,2026-09-03T15:05:17Z
2026-09-03T15:04:38Z,2026-09-03T17:04:38+0200,816aef31-cbff-45b7-ba9c-c50352af8a5b,2026-08-27T23:15:00Z,2026-08-28T01:15:00+0200,8217.44,MW,BE,BE,forecast_load,Forecasted Load,2026-09-03T15:05:17Z
2026-09-03T15:04:38Z,2026-09-03T17:04:38+0200,816aef31-cbff-45b7-ba9c-c50352af8a5b,2026-08-27T23:30:00Z,2026-08-28T01:30:00+0200,8145.82,MW,BE,BE,forecast_load,Forecasted Load,2026-09-03T15:05:17Z
2026-09-03T15:04:38Z,2026-09-03T17:04:38+0200,816aef31-cbff-45b7-ba9c-c50352af8a5b,2026-08-27T23:45:00Z,2026-08-28T01:45:00+0200,8078.27,MW,BE,BE,forecast_load,Forecasted Load,2026-09-03T15:05:17Z
2026-09-03T15:04:38Z,2026-09-03T17:04:38+0200,816aef31-cbff-45b7-ba9c-c50352af8a5b,2026-08-28T00:00:00Z,2026-08-28T02:00:00+0200,8116.52,MW,BE,BE,forecast_load,Forecasted Load,2026-09-03T15:05:17Z
2026-09-03T15:04:38Z,2026-09-03T17:04:38+0200,816aef31-cbff-45b7-ba9c-c50352af8a5b,2026-08-28T00:15:00Z,2026-08-28T02:15:00+0200,8090.75,MW,BE,BE,forecast_load,Forecasted Load,2026-09-03T15:05:17Z
2026-09-03T15:04:38Z,2026-09-03T17:04:38+0200,816aef31-cbff-45b7-ba9c-c50352af8a5b,2026-08-28T00:30:00Z,2026-08-28T02:30:00+0200,8054.91,MW,BE,BE,forecast_load,Forecasted Load,2026-09-03T15:05:17Z
2026-09-03T15:04:38Z,2026-09-03T17:04:38+0200,816aef31-cbff-45b7-ba9c-c50352af8a5b,2026-08-28T00:45:00Z,2026-08-28T02:45:00+0200,8055.73,MW,BE,BE,forecast_load,Forecasted Load,2026-09-03T15:05:17Z
2026-09-03T15:04:38Z,2026-09-03T17:04:38+0200,816aef31-cbff-45b7-ba9c-c50352af8a5b,2026-08-28T01:00:00Z,2026-08-28T03:00:00+0200,7924.27,MW,BE,BE,forecast_load,Forecasted Load,2026-09-03T15:05:17Z
2026-09-03T15:04:38Z,2026-09-03T17:04:38+0200,816aef31-cbff-45b7-ba9c-c50352af8a5b,2026-08-28T01:15:00Z,2026-08-28T03:15:00+0200,7913.08,MW,BE,BE,forecast_load,Forecasted Load,2026-09-03T15:05:17Z
2026-09-03T15:04:38Z,2026-09-03T17:04:38+0200,816aef31-cbff-45b7-ba9c-c50352af8a5b,2026-08-28T01:30:00Z,2026-08-28T03:30:00+0200,7881.41,MW,BE,BE,forecast_load,Forecasted Load,2026-09-03T15:05:17Z
2026-09-03T15:04:38Z,2026-09-03T17:04:38+0200,816aef31-cbff-45b7-ba9c-c50352af8a5b,2026-08-28T01:45:00Z,2026-08-28T03:45:00+0200,7870.77,MW,BE,BE,forecast_load,Forecasted Load,2026-09-03T15:05:17Z
2026-09-03T15:04:38Z,2026-09-03T17:04:38+0200,816aef31-cbff-45b7-ba9c-c50352af8a5b,2026-08-28T02:00:00Z,2026-08-28T04:00:00+0200,7861.24,MW,BE,BE,forecast_load,Forecasted Load,2026-09-03T15:05:17Z
2026-09-03T15:04:38Z,2026-09-03T17:04:38+0200,816aef31-cbff-45b7-ba9c-c50352af8a5b,2026-08-28T02:15:00Z,2026-08-28T04:15:00+0200,7881.27,MW,BE,BE,forecast_load,Forecasted Load,2026-09-03T15:05:17Z
2026-09-03T15:04:38Z,2026-09-03T17:04:38+0200,816aef31-cbff-45b7-ba9c-c50352af8a5b,2026-08-28T02:30:00Z,2026-08-28T04:30:00+0200,7901.73,MW,BE,BE,forecast_load,Forecasted Load,2026-09-03T15:05:17Z
2026-09-03T15:04:38Z,2026-09-03T17:04:38+0200,816aef31-cbff-45b7-ba9c-c50352af8a5b,2026-08-28T02:45:00Z,2026-08-28T04:45:00+0200,7906.88,MW,BE,BE,forecast_load,Forecasted Load,2026-09-03T15:05:17Z
2026-09-03T15:04:38Z,2026-09-03T17:04:38+0200,816aef31-cbff-45b7-ba9c-c50352af8a5b,2026-08-28T03:00:00Z,2026-08-28T05:00:00+0200,7995.97,MW,BE,BE,forecast_load,Forecasted Load,2026-09-03T15:05:17Z
2026-09-03T15:04:38Z,2026-09-03T17:04:38+0200,816aef31-cbff-45b7-ba9c-c50352af8a5b,2026-08-28T03:15:00Z,2026-08-28T05:15:00+0200,8067.98,MW,BE,BE,forecast_load,Forecasted Load,2026-09-03T15:05:17Z
2026-09-03T15:04:38Z,2026-09-03T17:04:38+0200,816aef31-cbff-45b7-ba9c-c50352af8a5b,2026-08-28T03:30:00Z,2026-08-28T05:30:00+0200,8134.57,MW,BE,BE,forecast_load,Forecasted Load,2026-09-03T15:05:17Z
2026-09-03T15:04:38Z,2026-09-03T17:04:38+0200,816aef31-cbff-45b7-ba9c-c50352af8a5b,2026-08-28T03:45:00Z,2026-08-28T05:45:00+0200,8218.14,MW,BE,BE,forecast_load,Forecasted Load,2026-09-03T15:05:17Z
2026-09-03T15:04:38Z,2026-09-03T17:04:38+0200,816aef31-cbff-45b7-ba9c-c50352af8a5b,2026-08-28T04:00:00Z,2026-08-28T06:00:00+0200,8498.04,MW,BE,BE,forecast_load,Forecasted Load,2026-09-03T15:05:17Z
2026-09-03T15:04:38Z,2026-09-03T17:04:38+0200,816aef31-cbff-45b7-ba9c-c50352af8a5b,2026-08-28T04:15:00Z,2026-08-28T06:15:00+0200,8636.8,MW,BE,BE,forecast_load,Forecasted Load,2026-09-03T15:05:17Z
2026-09-03T15:04:38Z,2026-09-03T17:04:38+0200,816aef31-cbff-45b7-ba9c-c50352af8a5b,2026-08-28T04:30:00Z,2026-08-28T06:30:00+0200,8757.28,MW,BE,BE,forecast_load,Forecasted Load,2026-09-03T15:05:17Z
2026-09-03T15:04:38Z,2026-09-03T17:04:38+0200,816aef31-cbff-45b7-ba9c-c50352af8a5b,2026-08-28T04:45:00Z,2026-08-28T06:45:00+0200,8879.69,MW,BE,BE,forecast_load,Forecasted Load,2026-09-03T15:05:17Z
2026-09-03T15:04:38Z,2026-09-03T17:04:38+0200,816aef31-cbff-45b7-ba9c-c50352af8a5b,2026-08-28T05:00:00Z,2026-08-28T07:00:00+0200,9111.21,MW,BE,BE,forecast_load,Forecasted Load,2026-09-03T15:05:17Z
2026-09-03T15:04:38Z,2026-09-03T17:04:38+0200,816aef31-cbff-45b7-ba9c-c50352af8a5b,2026-08-28T05:15:00Z,2026-08-28T07:15:00+0200,9321.04,MW,BE,BE,forecast_load,Forecasted Load,2026-09-03T15:05:17Z
2026-09-03T15:04:38Z,2026-09-03T17:04:38+0200,816aef31-cbff-45b7-ba9c-c50352af8a5b,2026-08-28T05:30:00Z,2026-08-28T07:30:00+0200,9588.06,MW,BE,BE,forecast_load,Forecasted Load,2026-09-03T15:05:17Z
2026-09-03T15:04:38Z,2026-09-03T17:04:38+0200,816aef31-cbff-45b7-ba9c-c50352af8a5b,2026-08-28T05:45:00Z,2026-08-28T07:45:00+0200,9747.61,MW,BE,BE,forecast_load,Forecasted Load,2026-09-03T15:05:17Z
2026-09-03T15:04:38Z,2026-09-03T17:04:38+0200,816aef31-cbff-45b7-ba9c-c50352af8a5b,2026-08-28T06:00:00Z,2026-08-28T08:00:00+0200,9842.89,MW,BE,BE,forecast_load,Forecasted Load,2026-09-03T15:05:17Z
2026-09-03T15:04:38Z,2026-09-03T17:04:38+0200,816aef31-cbff-45b7-ba9c-c50352af8a5b,2026-08-28T06:15:00Z,2026-08-28T08:15:00+0200,10020.62,MW,BE,BE,forecast_load,Forecasted Load,2026-09-03T15:05:17Z
2026-09-03T15:04:38Z,2026-09-03T17:04:38+0200,816aef31-cbff-45b7-ba9c-c50352af8a5b,2026-08-28T06:30:00Z,2026-08-28T08:30:00+0200,10222.64,MW,BE,BE,forecast_load,Forecasted Load,2026-09-03T15:05:17Z
2026-09-03T15:04:38Z,2026-09-03T17:04:38+0200,816aef31-cbff-45b7-ba9c-c50352af8a5b,2026-08-28T06:45:00Z,2026-08-28T08:45:00+0200,10388.27,MW,BE,BE,forecast_load,Forecasted Load,2026-09-03T15:05:17Z
2026-09-03T15:04:38Z,2026-09-03T17:04:38+0200,816aef31-cbff-45b7-ba9c-c50352af8a5b,2026-08-28T07:00:00Z,2026-08-28T09:00:00+0200,10549.36,MW,BE,BE,forecast_load,Forecasted Load,2026-09-03T15:05:17Z
2026-09-03T15:04:38Z,2026-09-03T17:04:38+0200,816aef31-cbff-45b7-ba9c-c50352af8a5b,2026-08-28T07:15:00Z,2026-08-28T09:15:00+0200,10649.46,MW,BE,BE,forecast_load,Forecasted Load,2026-09-03T15:05:17Z
2026-09-03T15:04:38Z,2026-09-03T17:04:38+0200,816aef31-cbff-45b7-ba9c-c50352af8a5b,2026-08-28T07:30:00Z,2026-08-28T09:30:00+0200,10796.37,MW,BE,BE,forecast_load,Forecasted Load,2026-09-03T15:05:17Z
2026-09-03T15:04:38Z,2026-09-03T17:04:38+0200,816aef31-cbff-45b7-ba9c-c50352af8a5b,2026-08-28T07:45:00Z,2026-08-28T09:45:00+0200,10884.82,MW,BE,BE,forecast_load,Forecasted Load,2026-09-03T15:05:17Z
2026-09-03T15:04:38Z,2026-09-03T17:04:38+0200,816aef31-cbff-45b7-ba9c-c50352af8a5b,2026-08-28T08:00:00Z,2026-08-28T10:00:00+0200,10913.42,MW,BE,BE,forecast_load,Forecasted Load,2026-09-03T15:05:17Z
2026-09-03T15:04:38Z,2026-09-03T17:04:38+0200,816aef31-cbff-45b7-ba9c-c50352af8a5b,2026-08-28T08:15:00Z,2026-08-28T10:15:00+0200,10970.9,MW,BE,BE,forecast_load,Forecasted Load,2026-09-03T15:05:17Z
2026-09-03T15:04:38Z,2026-09-03T17:04:38+0200,816aef31-cbff-45b7-ba9c-c50352af8a5b,2026-08-28T08:30:00Z,2026-08-28T10:30:00+0200,10983.94,MW,BE,BE,forecast_load,Forecasted Load,2026-09-03T15:05:17Z
2026-09-03T15:04:38Z,2026-09-03T17:04:38+0200,816aef31-cbff-45b7-ba9c-c50352af8a5b,2026-08-28T08:45:00Z,2026-08-28T10:45:00+0200,11139.54,MW,BE,BE,forecast_load,Forecasted Load,2026-09-03T15:05:17Z
2026-09-03T15:04:38Z,2026-09-03T17:04:38+0200,816aef31-cbff-45b7-ba9c-c50352af8a5b,2026-08-28T09:00:00Z,2026-08-28T11:00:00+0200,11226.27,MW,BE,BE,forecast_load,Forecasted Load,2026-09-03T15:05:17Z
2026-09-03T15:04:38Z,2026-09-03T17:04:38+0200,816aef31-cbff-45b7-ba9c-c50352af8a5b,2026-08-28T09:15:00Z,2026-08-28T11:15:00+0200,11321.84,MW,BE,BE,forecast_load,Forecasted Load,2026-09-03T15:05:17Z
2026-09-03T15:04:38Z,2026-09-03T17:04:38+0200,816aef31-cbff-45b7-ba9c-c50352af8a5b,2026-08-28T09:30:00Z,2026-08-28T11:30:00+0200,11378.02,MW,BE,BE,forecast_load,Forecasted Load,2026-09-03T15:05:17Z
2026-09-03T15:04:38Z,2026-09-03T17:04:38+0200,816aef31-cbff-45b7-ba9c-c50352af8a5b,2026-08-28T09:45:00Z,2026-08-28T11:45:00+0200,11495.56,MW,BE,BE,forecast_load,Forecasted Load,2026-09-03T15:05:17Z
2026-09-03T15:04:38Z,2026-09-03T17:04:38+0200,816aef31-cbff-45b7-ba9c-c50352af8a5b,2026-08-28T10:00:00Z,2026-08-28T12:00:00+0200,11486.87,MW,BE,BE,forecast_load,Forecasted Load,2026-09-03T15:05:17Z
2026-09-03T15:04:38Z,2026-09-03T17:04:38+0200,816aef31-cbff-45b7-ba9c-c50352af8a5b,2026-08-28T10:15:00Z,2026-08-28T12:15:00+0200,11467.51,MW,BE,BE,forecast_load,Forecasted Load,2026-09-03T15:05:17Z
2026-09-03T15:04:38Z,2026-09-03T17:04:38+0200,816aef31-cbff-45b7-ba9c-c50352af8a5b,2026-08-28T10:30:00Z,2026-08-28T12:30:00+0200,11476.14,MW,BE,BE,forecast_load,Forecasted Load,2026-09-03T15:05:17Z
2026-09-03T15:04:38Z,2026-09-03T17:04:38+0200,816aef31-cbff-45b7-ba9c-c50352af8a5b,2026-08-28T10:45:00Z,2026-08-28T12:45:00+0200,11536.02,MW,BE,BE,forecast_load,Forecasted Load,2026-09-03T15:05:17Z
2026-09-03T15:04:38Z,2026-09-03T17:04:38+0200,816aef31-cbff-45b7-ba9c-c50352af8a5b,2026-08-28T11:00:00Z,2026-08-28T13:00:00+0200,11630.46,MW,BE,BE,forecast_load,Forecasted Load,2026-09-03T15:05:17Z
2026-09-03T15:04:38Z,2026-09-03T17:04:38+0200,816aef31-cbff-45b7-ba9c-c50352af8a5b,2026-08-28T11:15:00Z,2026-08-28T13:15:00+0200,11628.3,MW,BE,BE,forecast_load,Forecasted Load,2026-09-03T15:05:17Z
2026-09-03T15:04:38Z,2026-09-03T17:04:38+0200,816aef31-cbff-45b7-ba9c-c50352af8a5b,2026-08-28T11:30:00Z,2026-08-28T13:30:00+0200,11593.18,MW,BE,BE,forecast_load,Forecasted Load,2026-09-03T15:05:17Z
2026-09-03T15:04:38Z,2026-09-03T17:04:38+0200,816aef31-cbff-45b7-ba9c-c50352af8a5b,2026-08-28T11:45:00Z,2026-08-28T13:45:00+0200,11507.99,MW,BE,BE,forecast_load,Forecasted Load,2026-09-03T15:05:17Z
2026-09-03T15:04:38Z,2026-09-03T17:04:38+0200,816aef31-cbff-45b7-ba9c-c50352af8a5b,2026-08-28T12:00:00Z,2026-08-28T14:00:00+0200,11366.47,MW,BE,BE,forecast_load,Forecasted Load,2026-09-03T15:05:17Z
2026-09-03T15:04:38Z,2026-09-03T17:04:38+0200,816aef31-cbff-45b7-ba9c-c50352af8a5b,2026-08-28T12:15:00Z,2026-08-28T14:15:00+0200,11283.38,MW,BE,BE,forecast_load,Forecasted Load,2026-09-03T15:05:17Z
2026-09-03T15:04:38Z,2026-09-03T17:04:38+0200,816aef31-cbff-45b7-ba9c-c50352af8a5b,2026-08-28T12:30:00Z,2026-08-28T14:30:00+0200,11255.97,MW,BE,BE,forecast_load,Forecasted Load,2026-09-03T15:05:17Z
2026-09-03T15:04:38Z,2026-09-03T17:04:38+0200,816aef31-cbff-45b7-ba9c-c50352af8a5b,2026-08-28T12:45:00Z,2026-08-28T14:45:00+0200,11193.54,MW,BE,BE,forecast_load,Forecasted Load,2026-09-03T15:05:17Z
2026-09-03T15:04:38Z,2026-09-03T17:04:38+0200,816aef31-cbff-45b7-ba9c-c50352af8a5b,2026-08-28T13:00:00Z,2026-08-28T15:00:00+0200,10998.31,MW,BE,BE,forecast_load,Forecasted Load,2026-09-03T15:05:17Z
2026-09-03T15:04:38Z,2026-09-03T17:04:38+0200,816aef31-cbff-45b7-ba9c-c50352af8a5b,2026-08-28T13:15:00Z,2026-08-28T15:15:00+0200,10894.06,MW,BE,BE,forecast_load,Forecasted Load,2026-09-03T15:05:17Z
2026-09-03T15:04:38Z,2026-09-03T17:04:38+0200,816aef31-cbff-45b7-ba9c-c50352af8a5b,2026-08-28T13:30:00Z,2026-08-28T15:30:00+0200,10893.07,MW,BE,BE,forecast_load,Forecasted Load,2026-09-03T15:05:17Z
2026-09-03T15:04:38Z,2026-09-03T17:04:38+0200,816aef31-cbff-45b7-ba9c-c50352af8a5b,2026-08-28T13:45:00Z,2026-08-28T15:45:00+0200,10778.65,MW,BE,BE,forecast_load,Forecasted Load,2026-09-03T15:05:17Z
2026-09-03T15:04:38Z,2026-09-03T17:04:38+0200,816aef31-cbff-45b7-ba9c-c50352af8a5b,2026-08-28T14:00:00Z,2026-08-28T16:00:00+0200,10468.17,MW,BE,BE,forecast_load,Forecasted Load,2026-09-03T15:05:17Z
2026-09-03T15:04:38Z,2026-09-03T17:04:38+0200,816aef31-cbff-45b7-ba9c-c50352af8a5b,2026-08-28T14:15:00Z,2026-08-28T16:15:00+0200,10404.98,MW,BE,BE,forecast_load,Forecasted Load,2026-09-03T15:05:17Z
2026-09-03T15:04:38Z,2026-09-03T17:04:38+0200,816aef31-cbff-45b7-ba9c-c50352af8a5b,2026-08-28T14:30:00Z,2026-08-28T16:30:00+0200,10328.51,MW,BE,BE,forecast_load,Forecasted Load,2026-09-03T15:05:17Z
2026-09-03T15:04:38Z,2026-09-03T17:04:38+0200,816aef31-cbff-45b7-ba9c-c50352af8a5b,2026-08-28T14:45:00Z,2026-08-28T16:45:00+0200,10273.65,MW,BE,BE,forecast_load,Forecasted Load,2026-09-03T15:05:17Z
2026-09-03T15:04:38Z,2026-09-03T17:04:38+0200,816aef31-cbff-45b7-ba9c-c50352af8a5b,2026-08-28T15:00:00Z,2026-08-28T17:00:00+0200,10173.6,MW,BE,BE,forecast_load,Forecasted Load,2026-09-03T15:05:17Z
2026-09-03T15:04:38Z,2026-09-03T17:04:38+0200,816aef31-cbff-45b7-ba9c-c50352af8a5b,2026-08-28T15:15:00Z,2026-08-28T17:15:00+0200,10153.97,MW,BE,BE,forecast_load,Forecasted Load,2026-09-03T15:05:17Z
2026-09-03T15:04:38Z,2026-09-03T17:04:38+0200,816aef31-cbff-45b7-ba9c-c50352af8a5b,2026-08-28T15:30:00Z,2026-08-28T17:30:00+0200,10182.27,MW,BE,BE,forecast_load,Forecasted Load,2026-09-03T15:05:17Z
2026-09-03T15:04:38Z,2026-09-03T17:04:38+0200,816aef31-cbff-45b7-ba9c-c50352af8a5b,2026-08-28T15:45:00Z,2026-08-28T17:45:00+0200,10165.3,MW,BE,BE,forecast_load,Forecasted Load,2026-09-03T15:05:17Z
2026-09-03T15:04:38Z,2026-09-03T17:04:38+0200,816aef31-cbff-45b7-ba9c-c50352af8a5b,2026-08-28T16:00:00Z,2026-08-28T18:00:00+0200,10037.54,MW,BE,BE,forecast_load,Forecasted Load,2026-09-03T15:05:17Z
2026-09-03T15:04:38Z,2026-09-03T17:04:38+0200,816aef31-cbff-45b7-ba9c-c50352af8a5b,2026-08-28T16:15:00Z,2026-08-28T18:15:00+0200,9988.34,MW,BE,BE,forecast_load,Forecasted Load,2026-09-03T15:05:17Z
2026-09-03T15:04:38Z,2026-09-03T17:04:38+0200,816aef31-cbff-45b7-ba9c-c50352af8a5b,2026-08-28T16:30:00Z,2026-08-28T18:30:00+0200,9987.2,MW,BE,BE,forecast_load,Forecasted Load,2026-09-03T15:05:17Z
2026-09-03T15:04:38Z,2026-09-03T17:04:38+0200,816aef31-cbff-45b7-ba9c-c50352af8a5b,2026-08-28T16:45:00Z,2026-08-28T18:45:00+0200,9912.26,MW,BE,BE,forecast_load,Forecasted Load,2026-09-03T15:05:17Z
2026-09-03T15:04:38Z,2026-09-03T17:04:38+0200,816aef31-cbff-45b7-ba9c-c50352af8a5b,2026-08-28T17:00:00Z,2026-08-28T19:00:00+0200,9973.96,MW,BE,BE,forecast_load,Forecasted Load,2026-09-03T15:05:17Z
2026-09-03T15:04:38Z,2026-09-03T17:04:38+0200,816aef31-cbff-45b7-ba9c-c50352af8a5b,2026-08-28T17:15:00Z,2026-08-28T19:15:00+0200,9849.15,MW,BE,BE,forecast_load,Forecasted Load,2026-09-03T15:05:17Z
2026-09-03T15:04:38Z,2026-09-03T17:04:38+0200,816aef31-cbff-45b7-ba9c-c50352af8a5b,2026-08-28T17:30:00Z,2026-08-28T19:30:00+0200,9781.57,MW,BE,BE,forecast_load,Forecasted Load,2026-09-03T15:05:17Z
2026-09-03T15:04:38Z,2026-09-03T17:04:38+0200,816aef31-cbff-45b7-ba9c-c50352af8a5b,2026-08-28T17:45:00Z,2026-08-28T19:45:00+0200,9687.19,MW,BE,BE,forecast_load,Forecasted Load,2026-09-03T15:05:17Z
2026-09-03T15:04:38Z,2026-09-03T17:04:38+0200,816aef31-cbff-45b7-ba9c-c50352af8a5b,2026-08-28T18:00:00Z,2026-08-28T20:00:00+0200,9620.92,MW,BE,BE,forecast_load,Forecasted Load,2026-09-03T15:05:17Z
2026-09-03T15:04:38Z,2026-09-03T17:04:38+0200,816aef31-cbff-45b7-ba9c-c50352af8a5b,2026-08-28T18:15:00Z,2026-08-28T20:15:00+0200,9515.48,MW,BE,BE,forecast_load,Forecasted Load,2026-09-03T15:05:17Z
2026-09-03T15:04:38Z,2026-09-03T17:04:38+0200,816aef31-cbff-45b7-ba9c-c50352af8a5b,2026-08-28T18:30:00Z,2026-08-28T20:30:00+0200,9488.59,MW,BE,BE,forecast_load,Forecasted Load,2026-09-03T15:05:17Z
2026-09-03T15:04:38Z,2026-09-03T17:04:38+0200,816aef31-cbff-45b7-ba9c-c50352af8a5b,2026-08-28T18:45:00Z,2026-08-28T20:45:00+0200,9447.41,MW,BE,BE,forecast_load,Forecasted Load,2026-09-03T15:05:17Z
2026-09-03T15:04:38Z,2026-09-03T17:04:38+0200,816aef31-cbff-45b7-ba9c-c50352af8a5b,2026-08-28T19:00:00Z,2026-08-28T21:00:00+0200,9279.47,MW,BE,BE,forecast_load,Forecasted Load,2026-09-03T15:05:17Z
2026-09-03T15:04:38Z,2026-09-03T17:04:38+0200,816aef31-cbff-45b7-ba9c-c50352af8a5b,2026-08-28T19:15:00Z,2026-08-28T21:15:00+0200,9277.96,MW,BE,BE,forecast_load,Forecasted Load,2026-09-03T15:05:17Z
2026-09-03T15:04:38Z,2026-09-03T17:04:38+0200,816aef31-cbff-45b7-ba9c-c50352af8a5b,2026-08-28T19:30:00Z,2026-08-28T21:30:00+0200,9277.02,MW,BE,BE,forecast_load,Forecasted Load,2026-09-03T15:05:17Z
2026-09-03T15:04:38Z,2026-09-03T17:04:38+0200,816aef31-cbff-45b7-ba9c-c50352af8a5b,2026-08-28T19:45:00Z,2026-08-28T21:45:00+0200,9227.9,MW,BE,BE,forecast_load,Forecasted Load,2026-09-03T15:05:17Z
2026-09-03T15:04:38Z,2026-09-03T17:04:38+0200,816aef31-cbff-45b7-ba9c-c50352af8a5b,2026-08-28T20:00:00Z,2026-08-28T22:00:00+0200,9252.19,MW,BE,BE,forecast_load,Forecasted Load,2026-09-03T15:05:17Z
2026-09-03T15:04:38Z,2026-09-03T17:04:38+0200,816aef31-cbff-45b7-ba9c-c50352af8a5b,2026-08-28T20:15:00Z,2026-08-28T22:15:00+0200,9225.93,MW,BE,BE,forecast_load,Forecasted Load,2026-09-03T15:05:17Z
2026-09-03T15:04:38Z,2026-09-03T17:04:38+0200,816aef31-cbff-45b7-ba9c-c50352af8a5b,2026-08-28T20:30:00Z,2026-08-28T22:30:00+0200,9124.32,MW,BE,BE,forecast_load,Forecasted Load,2026-09-03T15:05:17Z
2026-09-03T15:04:38Z,2026-09-03T17:04:38+0200,816aef31-cbff-45b7-ba9c-c50352af8a5b,2026-08-28T20:45:00Z,2026-08-28T22:45:00+0200,9017.59,MW,BE,BE,forecast_load,Forecasted Load,2026-09-03T15:05:17Z
2026-09-03T15:04:38Z,2026-09-03T17:04:38+0200,816aef31-cbff-45b7-ba9c-c50352af8a5b,2026-08-28T21:00:00Z,2026-08-28T23:00:00+0200,8962.23,MW,BE,BE,forecast_load,Forecasted Load,2026-09-03T15:05:17Z
2026-09-03T15:04:38Z,2026-09-03T17:04:38+0200,816aef31-cbff-45b7-ba9c-c50352af8a5b,2026-08-28T21:15:00Z,2026-08-28T23:15:00+0200,8847.18,MW,BE,BE,forecast_load,Forecasted Load,2026-09-03T15:05:17Z
2026-09-03T15:04:38Z,2026-09-03T17:04:38+0200,816aef31-cbff-45b7-ba9c-c50352af8a5b,2026-08-28T21:30:00Z,2026-08-28T23:30:00+0200,8704.45,MW,BE,BE,forecast_load,Forecasted Load,2026-09-03T15:05:17Z
2026-09-03T15:04:38Z,2026-09-03T17:04:38+0200,816aef31-cbff-45b7-ba9c-c50352af8a5b,2026-08-28T21:45:00Z,2026-08-28T23:45:00+0200,8606.87,MW,BE,BE,forecast_load,Forecasted Load,2026-09-03T15:05:17Z
2026-09-03T15:04:38Z,2026-09-03T17:04:38+0200,816aef31-cbff-45b7-ba9c-c50352af8a5b,2026-08-28T22:00:00Z,2026-08-29T00:00:00+0200,8142.42,MW,BE,BE,forecast_load,Forecasted Load,2026-09-03T15:05:17Z
2026-09-03T15:04:38Z,2026-09-03T17:04:38+0200,816aef31-cbff-45b7-ba9c-c50352af8a5b,2026-08-28T22:15:00Z,2026-08-29T00:15:00+0200,8005.78,MW,BE,BE,forecast_load,Forecasted Load,2026-09-03T15:05:17Z
2026-09-03T15:04:38Z,2026-09-03T17:04:38+0200,816aef31-cbff-45b7-ba9c-c50352af8a5b,2026-08-28T22:30:00Z,2026-08-29T00:30:00+0200,7924.49,MW,BE,BE,forecast_load,Forecasted Load,2026-09-03T15:05:17Z
2026-09-03T15:04:38Z,2026-09-03T17:04:38+0200,816aef31-cbff-45b7-ba9c-c50352af8a5b,2026-08-28T22:45:00Z,2026-08-29T00:45:00+0200,7834.36,MW,BE,BE,forecast_load,Forecasted Load,2026-09-03T15:05:17Z
2026-09-03T15:04:38Z,2026-09-03T17:04:38+0200,816aef31-cbff-45b7-ba9c-c50352af8a5b,2026-08-28T23:00:00Z,2026-08-29T01:00:00+0200,7816.52,MW,BE,BE,forecast_load,Forecasted Load,2026-09-03T15:05:17Z
2026-09-03T15:04:38Z,2026-09-03T17:04:38+0200,816aef31-cbff-45b7-ba9c-c50352af8a5b,2026-08-28T23:15:00Z,2026-08-29T01:15:00+0200,7748.17,MW,BE,BE,forecast_load,Forecasted Load,2026-09-03T15:05:17Z
2026-09-03T15:04:38Z,2026-09-03T17:04:38+0200,816aef31-cbff-45b7-ba9c-c50352af8a5b,2026-08-28T23:30:00Z,2026-08-29T01:30:00+0200,7682.49,MW,BE,BE,forecast_load,Forecasted Load,2026-09-03T15:05:17Z
2026-09-03T15:04:38Z,2026-09-03T17:04:38+0200,816aef31-cbff-45b7-ba9c-c50352af8a5b,2026-08-28T23:45:00Z,2026-08-29T01:45:00+0200,7622.62,MW,BE,BE,forecast_load,Forecasted Load,2026-09-03T15:05:17Z
2026-09-03T15:04:38Z,2026-09-03T17:04:38+0200,816aef31-cbff-45b7-ba9c-c50352af8a5b,2026-08-29T00:00:00Z,2026-08-29T02:00:00+0200,7301.47,MW,BE,BE,forecast_load,Forecasted Load,2026-09-03T15:05:17Z
2026-09-03T15:04:38Z,2026-09-03T17:04:38+0200,816aef31-cbff-45b7-ba9c-c50352af8a5b,2026-08-29T00:15:00Z,2026-08-29T02:15:00+0200,7225.43,MW,BE,BE,forecast_load,Forecasted Load,2026-09-03T15:05:17Z
2026-09-03T15:04:38Z,2026-09-03T17:04:38+0200,816aef31-cbff-45b7-ba9c-c50352af8a5b,2026-08-29T00:30:00Z,2026-08-29T02:30:00+0200,7188.17,MW,BE,BE,forecast_load,Forecasted Load,2026-09-03T15:05:17Z
2026-09-03T15:04:38Z,2026-09-03T17:04:38+0200,816aef31-cbff-45b7-ba9c-c50352af8a5b,2026-08-29T00:45:00Z,2026-08-29T02:45:00+0200,7125.38,MW,BE,BE,forecast_load,Forecasted Load,2026-09-03T15:05:17Z
2026-09-03T15:04:38Z,2026-09-03T17:04:38+0200,816aef31-cbff-45b7-ba9c-c50352af8a5b,2026-08-29T01:00:00Z,2026-08-29T03:00:00+0200,7097.06,MW,BE,BE,forecast_load,Forecasted Load,2026-09-03T15:05:17Z
2026-09-03T15:04:38Z,2026-09-03T17:04:38+0200,816aef31-cbff-45b7-ba9c-c50352af8a5b,2026-08-29T01:15:00Z,2026-08-29T03:15:00+0200,7065.4,MW,BE,BE,forecast_load,Forecasted Load,2026-09-03T15:05:17Z
2026-09-03T15:04:38Z,2026-09-03T17:04:38+0200,816aef31-cbff-45b7-ba9c-c50352af8a5b,2026-08-29T01:30:00Z,2026-08-29T03:30:00+0200,7046.15,MW,BE,BE,forecast_load,Forecasted Load,2026-09-03T15:05:17Z
2026-09-03T15:04:38Z,2026-09-03T17:04:38+0200,816aef31-cbff-45b7-ba9c-c50352af8a5b,2026-08-29T01:45:00Z,2026-08-29T03:45:00+0200,7021.92,MW,BE,BE,forecast_load,Forecasted Load,2026-09-03T15:05:17Z
2026-09-03T15:04:38Z,2026-09-03T17:04:38+0200,816aef31-cbff-45b7-ba9c-c50352af8a5b,2026-08-29T02:00:00Z,2026-08-29T04:00:00+0200,7094.42,MW,BE,BE,forecast_load,Forecasted Load,2026-09-03T15:05:17Z
2026-09-03T15:04:38Z,2026-09-03T17:04:38+0200,816aef31-cbff-45b7-ba9c-c50352af8a5b,2026-08-29T02:15:00Z,2026-08-29T04:15:00+0200,7069.96,MW,BE,BE,forecast_load,Forecasted Load,2026-09-03T15:05:17Z
2026-09-03T15:04:38Z,2026-09-03T17:04:38+0200,816aef31-cbff-45b7-ba9c-c50352af8a5b,2026-08-29T02:30:00Z,2026-08-29T04:30:00+0200,7071.77,MW,BE,BE,forecast_load,Forecasted Load,2026-09-03T15:05:17Z
2026-09-03T15:04:38Z,2026-09-03T17:04:38+0200,816aef31-cbff-45b7-ba9c-c50352af8a5b,2026-08-29T02:45:00Z,2026-08-29T04:45:00+0200,7082.45,MW,BE,BE,forecast_load,Forecasted Load,2026-09-03T15:05:17Z
2026-09-03T15:04:38Z,2026-09-03T17:04:38+0200,816aef31-cbff-45b7-ba9c-c50352af8a5b,2026-08-29T03:00:00Z,2026-08-29T05:00:00+0200,7221.58,MW,BE,BE,forecast_load,Forecasted Load,2026-09-03T15:05:17Z
2026-09-03T15:04:38Z,2026-09-03T17:04:38+0200,816aef31-cbff-45b7-ba9c-c50352af8a5b,2026-08-29T03:15:00Z,2026-08-29T05:15:00+0200,7236.32,MW,BE,BE,forecast_load,Forecasted Load,2026-09-03T15:05:17Z
2026-09-03T15:04:38Z,2026-09-03T17:04:38+0200,816aef31-cbff-45b7-ba9c-c50352af8a5b,2026-08-29T03:30:00Z,2026-08-29T05:30:00+0200,7242.71,MW,BE,BE,forecast_load,Forecasted Load,2026-09-03T15:05:17Z
2026-09-03T15:04:38Z,2026-09-03T17:04:38+0200,816aef31-cbff-45b7-ba9c-c50352af8a5b,2026-08-29T03:45:00Z,2026-08-29T05:45:00+0200,7225.05,MW,BE,BE,forecast_load,Forecasted Load,2026-09-03T15:05:17Z
2026-09-03T15:04:38Z,2026-09-03T17:04:38+0200,816aef31-cbff-45b7-ba9c-c50352af8a5b,2026-08-29T04:00:00Z,2026-08-29T06:00:00+0200,7414.96,MW,BE,BE,forecast_load,Forecasted Load,2026-09-03T15:05:17Z
2026-09-03T15:04:38Z,2026-09-03T17:04:38+0200,816aef31-cbff-45b7-ba9c-c50352af8a5b,2026-08-29T04:15:00Z,2026-08-29T06:15:00+0200,7447.85,MW,BE,BE,forecast_load,Forecasted Load,2026-09-03T15:05:17Z
2026-09-03T15:04:38Z,2026-09-03T17:04:38+0200,816aef31-cbff-45b7-ba9c-c50352af8a5b,2026-08-29T04:30:00Z,2026-08-29T06:30:00+0200,7466.34,MW,BE,BE,forecast_load,Forecasted Load,2026-09-03T15:05:17Z
2026-09-03T15:04:38Z,2026-09-03T17:04:38+0200,816aef31-cbff-45b7-ba9c-c50352af8a5b,2026-08-29T04:45:00Z,2026-08-29T06:45:00+0200,7475.22,MW,BE,BE,forecast_load,Forecasted Load,2026-09-03T15:05:17Z
2026-09-03T15:04:38Z,2026-09-03T17:04:38+0200,816aef31-cbff-45b7-ba9c-c50352af8a5b,2026-08-29T05:00:00Z,2026-08-29T07:00:00+0200,7466.24,MW,BE,BE,forecast_load,Forecasted Load,2026-09-03T15:05:17Z
2026-09-03T15:04:38Z,2026-09-03T17:04:38+0200,816aef31-cbff-45b7-ba9c-c50352af8a5b,2026-08-29T05:15:00Z,2026-08-29T07:15:00+0200,7572.7,MW,BE,BE,forecast_load,Forecasted Load,2026-09-03T15:05:17Z
2026-09-03T15:04:38Z,2026-09-03T17:04:38+0200,816aef31-cbff-45b7-ba9c-c50352af8a5b,2026-08-29T05:30:00Z,2026-08-29T07:30:00+0200,7635.39,MW,BE,BE,forecast_load,Forecasted Load,2026-09-03T15:05:17Z
2026-09-03T15:04:38Z,2026-09-03T17:04:38+0200,816aef31-cbff-45b7-ba9c-c50352af8a5b,2026-08-29T05:45:00Z,2026-08-29T07:45:00+0200,7697.72,MW,BE,BE,forecast_load,Forecasted Load,2026-09-03T15:05:17Z
2026-09-03T15:04:38Z,2026-09-03T17:04:38+0200,816aef31-cbff-45b7-ba9c-c50352af8a5b,2026-08-29T06:00:00Z,2026-08-29T08:00:00+0200,7696.94,MW,BE,BE,forecast_load,Forecasted Load,2026-09-03T15:05:17Z
2026-09-03T15:04:38Z,2026-09-03T17:04:38+0200,816aef31-cbff-45b7-ba9c-c50352af8a5b,2026-08-29T06:15:00Z,2026-08-29T08:15:00+0200,7849.28,MW,BE,BE,forecast_load,Forecasted Load,2026-09-03T15:05:17Z
2026-09-03T15:04:38Z,2026-09-03T17:04:38+0200,816aef31-cbff-45b7-ba9c-c50352af8a5b,2026-08-29T06:30:00Z,2026-08-29T08:30:00+0200,7961.79,MW,BE,BE,forecast_load,Forecasted Load,2026-09-03T15:05:17Z
2026-09-03T15:04:38Z,2026-09-03T17:04:38+0200,816aef31-cbff-45b7-ba9c-c50352af8a5b,2026-08-29T06:45:00Z,2026-08-29T08:45:00+0200,8140.38,MW,BE,BE,forecast_load,Forecasted Load,2026-09-03T15:05:17Z
2026-09-03T15:04:38Z,2026-09-03T17:04:38+0200,816aef31-cbff-45b7-ba9c-c50352af8a5b,2026-08-29T07:00:00Z,2026-08-29T09:00:00+0200,8270.6,MW,BE,BE,forecast_load,Forecasted Load,2026-09-03T15:05:17Z
2026-09-03T15:04:38Z,2026-09-03T17:04:38+0200,816aef31-cbff-45b7-ba9c-c50352af8a5b,2026-08-29T07:15:00Z,2026-08-29T09:15:00+0200,8433.79,MW,BE,BE,forecast_load,Forecasted Load,2026-09-03T15:05:17Z
2026-09-03T15:04:38Z,2026-09-03T17:04:38+0200,816aef31-cbff-45b7-ba9c-c50352af8a5b,2026-08-29T07:30:00Z,2026-08-29T09:30:00+0200,8684.96,MW,BE,BE,forecast_load,Forecasted Load,2026-09-03T15:05:17Z
2026-09-03T15:04:38Z,2026-09-03T17:04:38+0200,816aef31-cbff-45b7-ba9c-c50352af8a5b,2026-08-29T07:45:00Z,2026-08-29T09:45:00+0200,8776.33,MW,BE,BE,forecast_load,Forecasted Load,2026-09-03T15:05:17Z
2026-09-03T15:04:38Z,2026-09-03T17:04:38+0200,816aef31-cbff-45b7-ba9c-c50352af8a5b,2026-08-29T08:00:00Z,2026-08-29T10:00:00+0200,8904.98,MW,BE,BE,forecast_load,Forecasted Load,2026-09-03T15:05:17Z
2026-09-03T15:04:38Z,2026-09-03T17:04:38+0200,816aef31-cbff-45b7-ba9c-c50352af8a5b,2026-08-29T08:15:00Z,2026-08-29T10:15:00+0200,9073.34,MW,BE,BE,forecast_load,Forecasted Load,2026-09-03T15:05:17Z
2026-09-03T15:04:38Z,2026-09-03T17:04:38+0200,816aef31-cbff-45b7-ba9c-c50352af8a5b,2026-08-29T08:30:00Z,2026-08-29T10:30:00+0200,9133.77,MW,BE,BE,forecast_load,Forecasted Load,2026-09-03T15:05:17Z
2026-09-03T15:04:38Z,2026-09-03T17:04:38+0200,816aef31-cbff-45b7-ba9c-c50352af8a5b,2026-08-29T08:45:00Z,2026-08-29T10:45:00+0200,9135.72,MW,BE,BE,forecast_load,Forecasted Load,2026-09-03T15:05:17Z
2026-09-03T15:04:38Z,2026-09-03T17:04:38+0200,816aef31-cbff-45b7-ba9c-c50352af8a5b,2026-08-29T09:00:00Z,2026-08-29T11:00:00+0200,8828.2,MW,BE,BE,forecast_load,Forecasted Load,2026-09-03T15:05:17Z
2026-09-03T15:04:38Z,2026-09-03T17:04:38+0200,816aef31-cbff-45b7-ba9c-c50352af8a5b,2026-08-29T09:15:00Z,2026-08-29T11:15:00+0200,8987.21,MW,BE,BE,forecast_load,Forecasted Load,2026-09-03T15:05:17Z
2026-09-03T15:04:38Z,2026-09-03T17:04:38+0200,816aef31-cbff-45b7-ba9c-c50352af8a5b,2026-08-29T09:30:00Z,2026-08-29T11:30:00+0200,9143.01,MW,BE,BE,forecast_load,Forecasted Load,2026-09-03T15:05:17Z
2026-09-03T15:04:38Z,2026-09-03T17:04:38+0200,816aef31-cbff-45b7-ba9c-c50352af8a5b,2026-08-29T09:45:00Z,2026-08-29T11:45:00+0200,9415.17,MW,BE,BE,forecast_load,Forecasted Load,2026-09-03T15:05:17Z
2026-09-03T15:04:38Z,2026-09-03T17:04:38+0200,816aef31-cbff-45b7-ba9c-c50352af8a5b,2026-08-29T10:00:00Z,2026-08-29T12:00:00+0200,9325.41,MW,BE,BE,forecast_load,Forecasted Load,2026-09-03T15:05:17Z
2026-09-03T15:04:38Z,2026-09-03T17:04:38+0200,816aef31-cbff-45b7-ba9c-c50352af8a5b,2026-08-29T10:15:00Z,2026-08-29T12:15:00+0200,9322.28,MW,BE,BE,forecast_load,Forecasted Load,2026-09-03T15:05:17Z
2026-09-03T15:04:38Z,2026-09-03T17:04:38+0200,816aef31-cbff-45b7-ba9c-c50352af8a5b,2026-08-29T10:30:00Z,2026-08-29T12:30:00+0200,9425.46,MW,BE,BE,forecast_load,Forecasted Load,2026-09-03T15:05:17Z
2026-09-03T15:04:38Z,2026-09-03T17:04:38+0200,816aef31-cbff-45b7-ba9c-c50352af8a5b,2026-08-29T10:45:00Z,2026-08-29T12:45:00+0200,9453.63,MW,BE,BE,forecast_load,Forecasted Load,2026-09-03T15:05:17Z
2026-09-03T15:04:38Z,2026-09-03T17:04:38+0200,816aef31-cbff-45b7-ba9c-c50352af8a5b,2026-08-29T11:00:00Z,2026-08-29T13:00:00+0200,9405.55,MW,BE,BE,forecast_load,Forecasted Load,2026-09-03T15:05:17Z
2026-09-03T15:04:38Z,2026-09-03T17:04:38+0200,816aef31-cbff-45b7-ba9c-c50352af8a5b,2026-08-29T11:15:00Z,2026-08-29T13:15:00+0200,9358.82,MW,BE,BE,forecast_load,Forecasted Load,2026-09-03T15:05:17Z
2026-09-03T15:04:38Z,2026-09-03T17:04:38+0200,816aef31-cbff-45b7-ba9c-c50352af8a5b,2026-08-29T11:30:00Z,2026-08-29T13:30:00+0200,9234.25,MW,BE,BE,forecast_load,Forecasted Load,2026-09-03T15:05:17Z
2026-09-03T15:04:38Z,2026-09-03T17:04:38+0200,816aef31-cbff-45b7-ba9c-c50352af8a5b,2026-08-29T11:45:00Z,2026-08-29T13:45:00+0200,9145.58,MW,BE,BE,forecast_load,Forecasted Load,2026-09-03T15:05:17Z
2026-09-03T15:04:38Z,2026-09-03T17:04:38+0200,816aef31-cbff-45b7-ba9c-c50352af8a5b,2026-08-29T12:00:00Z,2026-08-29T14:00:00+0200,9047.33,MW,BE,BE,forecast_load,Forecasted Load,2026-09-03T15:05:17Z
2026-09-03T15:04:38Z,2026-09-03T17:04:38+0200,816aef31-cbff-45b7-ba9c-c50352af8a5b,2026-08-29T12:15:00Z,2026-08-29T14:15:00+0200,8986.61,MW,BE,BE,forecast_load,Forecasted Load,2026-09-03T15:05:17Z
2026-09-03T15:04:38Z,2026-09-03T17:04:38+0200,816aef31-cbff-45b7-ba9c-c50352af8a5b,2026-08-29T12:30:00Z,2026-08-29T14:30:00+0200,8942.3,MW,BE,BE,forecast_load,Forecasted Load,2026-09-03T15:05:17Z
2026-09-03T15:04:38Z,2026-09-03T17:04:38+0200,816aef31-cbff-45b7-ba9c-c50352af8a5b,2026-08-29T12:45:00Z,2026-08-29T14:45:00+0200,8824.95,MW,BE,BE,forecast_load,Forecasted Load,2026-09-03T15:05:17Z
2026-09-03T15:04:38Z,2026-09-03T17:04:38+0200,816aef31-cbff-45b7-ba9c-c50352af8a5b,2026-08-29T13:00:00Z,2026-08-29T15:00:00+0200,8967.31,MW,BE,BE,forecast_load,Forecasted Load,2026-09-03T15:05:17Z
2026-09-03T15:04:38Z,2026-09-03T17:04:38+0200,816aef31-cbff-45b7-ba9c-c50352af8a5b,2026-08-29T13:15:00Z,2026-08-29T15:15:00+0200,8953.43,MW,BE,BE,forecast_load,Forecasted Load,2026-09-03T15:05:17Z
2026-09-03T15:04:38Z,2026-09-03T17:04:38+0200,816aef31-cbff-45b7-ba9c-c50352af8a5b,2026-08-29T13:30:00Z,2026-08-29T15:30:00+0200,8929.05,MW,BE,BE,forecast_load,Forecasted Load,2026-09-03T15:05:17Z
2026-09-03T15:04:38Z,2026-09-03T17:04:38+0200,816aef31-cbff-45b7-ba9c-c50352af8a5b,2026-08-29T13:45:00Z,2026-08-29T15:45:00+0200,8811.19,MW,BE,BE,forecast_load,Forecasted Load,2026-09-03T15:05:17Z
2026-09-03T15:04:38Z,2026-09-03T17:04:38+0200,816aef31-cbff-45b7-ba9c-c50352af8a5b,2026-08-29T14:00:00Z,2026-08-29T16:00:00+0200,8783.9,MW,BE,BE,forecast_load,Forecasted Load,2026-09-03T15:05:17Z
2026-09-03T15:04:38Z,2026-09-03T17:04:38+0200,816aef31-cbff-45b7-ba9c-c50352af8a5b,2026-08-29T14:15:00Z,2026-08-29T16:15:00+0200,8630.28,MW,BE,BE,forecast_load,Forecasted Load,2026-09-03T15:05:17Z
2026-09-03T15:04:38Z,2026-09-03T17:04:38+0200,816aef31-cbff-45b7-ba9c-c50352af8a5b,2026-08-29T14:30:00Z,2026-08-29T16:30:00+0200,8631.4,MW,BE,BE,forecast_load,Forecasted Load,2026-09-03T15:05:17Z
2026-09-03T15:04:38Z,2026-09-03T17:04:38+0200,816aef31-cbff-45b7-ba9c-c50352af8a5b,2026-08-29T14:45:00Z,2026-08-29T16:45:00+0200,8565.39,MW,BE,BE,forecast_load,Forecasted Load,2026-09-03T15:05:17Z
2026-09-03T15:04:38Z,2026-09-03T17:04:38+0200,816aef31-cbff-45b7-ba9c-c50352af8a5b,2026-08-29T15:00:00Z,2026-08-29T17:00:00+0200,8513.77,MW,BE,BE,forecast_load,Forecasted Load,2026-09-03T15:05:17Z
2026-09-03T15:04:38Z,2026-09-03T17:04:38+0200,816aef31-cbff-45b7-ba9c-c50352af8a5b,2026-08-29T15:15:00Z,2026-08-29T17:15:00+0200,8507.48,MW,BE,BE,forecast_load,Forecasted Load,2026-09-03T15:05:17Z
2026-09-03T15:04:38Z,2026-09-03T17:04:38+0200,816aef31-cbff-45b7-ba9c-c50352af8a5b,2026-08-29T15:30:00Z,2026-08-29T17:30:00+0200,8426.97,MW,BE,BE,forecast_load,Forecasted Load,2026-09-03T15:05:17Z
2026-09-03T15:04:38Z,2026-09-03T17:04:38+0200,816aef31-cbff-45b7-ba9c-c50352af8a5b,2026-08-29T15:45:00Z,2026-08-29T17:45:00+0200,8391.97,MW,BE,BE,forecast_load,Forecasted Load,2026-09-03T15:05:17Z
2026-09-03T15:04:38Z,2026-09-03T17:04:38+0200,816aef31-cbff-45b7-ba9c-c50352af8a5b,2026-08-29T16:00:00Z,2026-08-29T18:00:00+0200,8496.97,MW,BE,BE,forecast_load,Forecasted Load,2026-09-03T15:05:17Z
2026-09-03T15:04:38Z,2026-09-03T17:04:38+0200,816aef31-cbff-45b7-ba9c-c50352af8a5b,2026-08-29T16:15:00Z,2026-08-29T18:15:00+0200,8495.6,MW,BE,BE,forecast_load,Forecasted Load,2026-09-03T15:05:17Z
2026-09-03T15:04:38Z,2026-09-03T17:04:38+0200,816aef31-cbff-45b7-ba9c-c50352af8a5b,2026-08-29T16:30:00Z,2026-08-29T18:30:00+0200,8480.67,MW,BE,BE,forecast_load,Forecasted Load,2026-09-03T15:05:17Z
2026-09-03T15:04:38Z,2026-09-03T17:04:38+0200,816aef31-cbff-45b7-ba9c-c50352af8a5b,2026-08-29T16:45:00Z,2026-08-29T18:45:00+0200,8493.56,MW,BE,BE,forecast_load,Forecasted Load,2026-09-03T15:05:17Z
2026-09-03T15:04:38Z,2026-09-03T17:04:38+0200,816aef31-cbff-45b7-ba9c-c50352af8a5b,2026-08-29T17:00:00Z,2026-08-29T19:00:00+0200,8493.54,MW,BE,BE,forecast_load,Forecasted Load,2026-09-03T15:05:17Z
2026-09-03T15:04:38Z,2026-09-03T17:04:38+0200,816aef31-cbff-45b7-ba9c-c50352af8a5b,2026-08-29T17:15:00Z,2026-08-29T19:15:00+0200,8431.78,MW,BE,BE,forecast_load,Forecasted Load,2026-09-03T15:05:17Z
2026-09-03T15:04:38Z,2026-09-03T17:04:38+0200,816aef31-cbff-45b7-ba9c-c50352af8a5b,2026-08-29T17:30:00Z,2026-08-29T19:30:00+0200,8419.8,MW,BE,BE,forecast_load,Forecasted Load,2026-09-03T15:05:17Z
2026-09-03T15:04:38Z,2026-09-03T17:04:38+0200,816aef31-cbff-45b7-ba9c-c50352af8a5b,2026-08-29T17:45:00Z,2026-08-29T19:45:00+0200,8224.84,MW,BE,BE,forecast_load,Forecasted Load,2026-09-03T15:05:17Z
2026-09-03T15:04:38Z,2026-09-03T17:04:38+0200,816aef31-cbff-45b7-ba9c-c50352af8a5b,2026-08-29T18:00:00Z,2026-08-29T20:00:00+0200,8326.95,MW,BE,BE,forecast_load,Forecasted Load,2026-09-03T15:05:17Z
2026-09-03T15:04:38Z,2026-09-03T17:04:38+0200,816aef31-cbff-45b7-ba9c-c50352af8a5b,2026-08-29T18:15:00Z,2026-08-29T20:15:00+0200,8254.09,MW,BE,BE,forecast_load,Forecasted Load,2026-09-03T15:05:17Z
2026-09-03T15:04:38Z,2026-09-03T17:04:38+0200,816aef31-cbff-45b7-ba9c-c50352af8a5b,2026-08-29T18:30:00Z,2026-08-29T20:30:00+0200,8172.26,MW,BE,BE,forecast_load,Forecasted Load,2026-09-03T15:05:17Z
2026-09-03T15:04:38Z,2026-09-03T17:04:38+0200,816aef31-cbff-45b7-ba9c-c50352af8a5b,2026-08-29T18:45:00Z,2026-08-29T20:45:00+0200,8117.25,MW,BE,BE,forecast_load,Forecasted Load,2026-09-03T15:05:17Z
2026-09-03T15:04:38Z,2026-09-03T17:04:38+0200,816aef31-cbff-45b7-ba9c-c50352af8a5b,2026-08-29T19:00:00Z,2026-08-29T21:00:00+0200,8254.73,MW,BE,BE,forecast_load,Forecasted Load,2026-09-03T15:05:17Z
2026-09-03T15:04:38Z,2026-09-03T17:04:38+0200,816aef31-cbff-45b7-ba9c-c50352af8a5b,2026-08-29T19:15:00Z,2026-08-29T21:15:00+0200,8257.76,MW,BE,BE,forecast_load,Forecasted Load,2026-09-03T15:05:17Z
2026-09-03T15:04:38Z,2026-09-03T17:04:38+0200,816aef31-cbff-45b7-ba9c-c50352af8a5b,2026-08-29T19:30:00Z,2026-08-29T21:30:00+0200,8250.01,MW,BE,BE,forecast_load,Forecasted Load,2026-09-03T15:05:17Z
2026-09-03T15:04:38Z,2026-09-03T17:04:38+0200,816aef31-cbff-45b7-ba9c-c50352af8a5b,2026-08-29T19:45:00Z,2026-08-29T21:45:00+0200,8318.84,MW,BE,BE,forecast_load,Forecasted Load,2026-09-03T15:05:17Z
2026-09-03T15:04:38Z,2026-09-03T17:04:38+0200,816aef31-cbff-45b7-ba9c-c50352af8a5b,2026-08-29T20:00:00Z,2026-08-29T22:00:00+0200,8017.77,MW,BE,BE,forecast_load,Forecasted Load,2026-09-03T15:05:17Z
2026-09-03T15:04:38Z,2026-09-03T17:04:38+0200,816aef31-cbff-45b7-ba9c-c50352af8a5b,2026-08-29T20:15:00Z,2026-08-29T22:15:00+0200,8140.7,MW,BE,BE,forecast_load,Forecasted Load,2026-09-03T15:05:17Z
2026-09-03T15:04:38Z,2026-09-03T17:04:38+0200,816aef31-cbff-45b7-ba9c-c50352af8a5b,2026-08-29T20:30:00Z,2026-08-29T22:30:00+0200,8073.96,MW,BE,BE,forecast_load,Forecasted Load,2026-09-03T15:05:17Z
2026-09-03T15:04:38Z,2026-09-03T17:04:38+0200,816aef31-cbff-45b7-ba9c-c50352af8a5b,2026-08-29T20:45:00Z,2026-08-29T22:45:00+0200,8041.05,MW,BE,BE,forecast_load,Forecasted Load,2026-09-03T15:05:17Z
2026-09-03T15:04:38Z,2026-09-03T17:04:38+0200,816aef31-cbff-45b7-ba9c-c50352af8a5b,2026-08-29T21:00:00Z,2026-08-29T23:00:00+0200,7923.09,MW,BE,BE,forecast_load,Forecasted Load,2026-09-03T15:05:17Z
2026-09-03T15:04:38Z,2026-09-03T17:04:38+0200,816aef31-cbff-45b7-ba9c-c50352af8a5b,2026-08-29T21:15:00Z,2026-08-29T23:15:00+0200,7824.52,MW,BE,BE,forecast_load,Forecasted Load,2026-09-03T15:05:17Z
2026-09-03T15:04:38Z,2026-09-03T17:04:38+0200,816aef31-cbff-45b7-ba9c-c50352af8a5b,2026-08-29T21:30:00Z,2026-08-29T23:30:00+0200,7711.55,MW,BE,BE,forecast_load,Forecasted Load,2026-09-03T15:05:17Z
2026-09-03T15:04:38Z,2026-09-03T17:04:38+0200,816aef31-cbff-45b7-ba9c-c50352af8a5b,2026-08-29T21:45:00Z,2026-08-29T23:45:00+0200,7592.34,MW,BE,BE,forecast_load,Forecasted Load,2026-09-03T15:05:17Z
2026-09-03T15:04:38Z,2026-09-03T17:04:38+0200,816aef31-cbff-45b7-ba9c-c50352af8a5b,2026-08-29T22:00:00Z,2026-08-30T00:00:00+0200,7491.72,MW,BE,BE,forecast_load,Forecasted Load,2026-09-03T15:05:17Z
2026-09-03T15:04:38Z,2026-09-03T17:04:38+0200,816aef31-cbff-45b7-ba9c-c50352af8a5b,2026-08-29T22:15:00Z,2026-08-30T00:15:00+0200,7474.63,MW,BE,BE,forecast_load,Forecasted Load,2026-09-03T15:05:17Z
2026-09-03T15:04:38Z,2026-09-03T17:04:38+0200,816aef31-cbff-45b7-ba9c-c50352af8a5b,2026-08-29T22:30:00Z,2026-08-30T00:30:00+0200,7425.26,MW,BE,BE,forecast_load,Forecasted Load,2026-09-03T15:05:17Z
2026-09-03T15:04:38Z,2026-09-03T17:04:38+0200,816aef31-cbff-45b7-ba9c-c50352af8a5b,2026-08-29T22:45:00Z,2026-08-30T00:45:00+0200,7364.66,MW,BE,BE,forecast_load,Forecasted Load,2026-09-03T15:05:17Z
2026-09-03T15:04:38Z,2026-09-03T17:04:38+0200,816aef31-cbff-45b7-ba9c-c50352af8a5b,2026-08-29T23:00:00Z,2026-08-30T01:00:00+0200,7353.2,MW,BE,BE,forecast_load,Forecasted Load,2026-09-03T15:05:17Z
2026-09-03T15:04:38Z,2026-09-03T17:04:38+0200,816aef31-cbff-45b7-ba9c-c50352af8a5b,2026-08-29T23:15:00Z,2026-08-30T01:15:00+0200,7285.78,MW,BE,BE,forecast_load,Forecasted Load,2026-09-03T15:05:17Z
2026-09-03T15:04:38Z,2026-09-03T17:04:38+0200,816aef31-cbff-45b7-ba9c-c50352af8a5b,2026-08-29T23:30:00Z,2026-08-30T01:30:00+0200,7193.61,MW,BE,BE,forecast_load,Forecasted Load,2026-09-03T15:05:17Z
2026-09-03T15:04:38Z,2026-09-03T17:04:38+0200,816aef31-cbff-45b7-ba9c-c50352af8a5b,2026-08-29T23:45:00Z,2026-08-30T01:45:00+0200,7117.8,MW,BE,BE,forecast_load,Forecasted Load,2026-09-03T15:05:17Z
2026-09-03T15:04:38Z,2026-09-03T17:04:38+0200,816aef31-cbff-45b7-ba9c-c50352af8a5b,2026-08-30T00:00:00Z,2026-08-30T02:00:00+0200,6988.07,MW,BE,BE,forecast_load,Forecasted Load,2026-09-03T15:05:17Z
2026-09-03T15:04:38Z,2026-09-03T17:04:38+0200,816aef31-cbff-45b7-ba9c-c50352af8a5b,2026-08-30T00:15:00Z,2026-08-30T02:15:00+0200,6960.16,MW,BE,BE,forecast_load,Forecasted Load,2026-09-03T15:05:17Z
2026-09-03T15:04:38Z,2026-09-03T17:04:38+0200,816aef31-cbff-45b7-ba9c-c50352af8a5b,2026-08-30T00:30:00Z,2026-08-30T02:30:00+0200,6940.85,MW,BE,BE,forecast_load,Forecasted Load,2026-09-03T15:05:17Z
2026-09-03T15:04:38Z,2026-09-03T17:04:38+0200,816aef31-cbff-45b7-ba9c-c50352af8a5b,2026-08-30T00:45:00Z,2026-08-30T02:45:00+0200,6902.75,MW,BE,BE,forecast_load,Forecasted Load,2026-09-03T15:05:17Z
2026-09-03T15:04:38Z,2026-09-03T17:04:38+0200,816aef31-cbff-45b7-ba9c-c50352af8a5b,2026-08-30T01:00:00Z,2026-08-30T03:00:00+0200,6882.9,MW,BE,BE,forecast_load,Forecasted Load,2026-09-03T15:05:17Z
2026-09-03T15:04:38Z,2026-09-03T17:04:38+0200,816aef31-cbff-45b7-ba9c-c50352af8a5b,2026-08-30T01:15:00Z,2026-08-30T03:15:00+0200,6853.06,MW,BE,BE,forecast_load,Forecasted Load,2026-09-03T15:05:17Z
2026-09-03T15:04:38Z,2026-09-03T17:04:38+0200,816aef31-cbff-45b7-ba9c-c50352af8a5b,2026-08-30T01:30:00Z,2026-08-30T03:30:00+0200,6827.35,MW,BE,BE,forecast_load,Forecasted Load,2026-09-03T15:05:17Z
2026-09-03T15:04:38Z,2026-09-03T17:04:38+0200,816aef31-cbff-45b7-ba9c-c50352af8a5b,2026-08-30T01:45:00Z,2026-08-30T03:45:00+0200,6827.14,MW,BE,BE,forecast_load,Forecasted Load,2026-09-03T15:05:17Z
2026-09-03T15:04:38Z,2026-09-03T17:04:38+0200,816aef31-cbff-45b7-ba9c-c50352af8a5b,2026-08-30T02:00:00Z,2026-08-30T04:00:00+0200,6864.39,MW,BE,BE,forecast_load,Forecasted Load,2026-09-03T15:05:17Z
2026-09-03T15:04:38Z,2026-09-03T17:04:38+0200,816aef31-cbff-45b7-ba9c-c50352af8a5b,2026-08-30T02:15:00Z,2026-08-30T04:15:00+0200,6817.59,MW,BE,BE,forecast_load,Forecasted Load,2026-09-03T15:05:17Z
2026-09-03T15:04:38Z,2026-09-03T17:04:38+0200,816aef31-cbff-45b7-ba9c-c50352af8a5b,2026-08-30T02:30:00Z,2026-08-30T04:30:00+0200,6825.7,MW,BE,BE,forecast_load,Forecasted Load,2026-09-03T15:05:17Z
2026-09-03T15:04:38Z,2026-09-03T17:04:38+0200,816aef31-cbff-45b7-ba9c-c50352af8a5b,2026-08-30T02:45:00Z,2026-08-30T04:45:00+0200,6805.15,MW,BE,BE,forecast_load,Forecasted Load,2026-09-03T15:05:17Z
2026-09-03T15:04:38Z,2026-09-03T17:04:38+0200,816aef31-cbff-45b7-ba9c-c50352af8a5b,2026-08-30T03:00:00Z,2026-08-30T05:00:00+0200,6843.73,MW,BE,BE,forecast_load,Forecasted Load,2026-09-03T15:05:17Z
2026-09-03T15:04:38Z,2026-09-03T17:04:38+0200,816aef31-cbff-45b7-ba9c-c50352af8a5b,2026-08-30T03:15:00Z,2026-08-30T05:15:00+0200,6855.74,MW,BE,BE,forecast_load,Forecasted Load,2026-09-03T15:05:17Z
2026-09-03T15:04:38Z,2026-09-03T17:04:38+0200,816aef31-cbff-45b7-ba9c-c50352af8a5b,2026-08-30T03:30:00Z,2026-08-30T05:30:00+0200,6883.69,MW,BE,BE,forecast_load,Forecasted Load,2026-09-03T15:05:17Z
2026-09-03T15:04:38Z,2026-09-03T17:04:38+0200,816aef31-cbff-45b7-ba9c-c50352af8a5b,2026-08-30T03:45:00Z,2026-08-30T05:45:00+0200,6874.38,MW,BE,BE,forecast_load,Forecasted Load,2026-09-03T15:05:17Z
2026-09-03T15:04:38Z,2026-09-03T17:04:38+0200,816aef31-cbff-45b7-ba9c-c50352af8a5b,2026-08-30T04:00:00Z,2026-08-30T06:00:00+0200,6925.75,MW,BE,BE,forecast_load,Forecasted Load,2026-09-03T15:05:17Z
2026-09-03T15:04:38Z,2026-09-03T17:04:38+0200,816aef31-cbff-45b7-ba9c-c50352af8a5b,2026-08-30T04:15:00Z,2026-08-30T06:15:00+0200,6950.27,MW,BE,BE,forecast_load,Forecasted Load,2026-09-03T15:05:17Z
2026-09-03T15:04:38Z,2026-09-03T17:04:38+0200,816aef31-cbff-45b7-ba9c-c50352af8a5b,2026-08-30T04:30:00Z,2026-08-30T06:30:00+0200,6974.87,MW,BE,BE,forecast_load,Forecasted Load,2026-09-03T15:05:17Z
2026-09-03T15:04:38Z,2026-09-03T17:04:38+0200,816aef31-cbff-45b7-ba9c-c50352af8a5b,2026-08-30T04:45:00Z,2026-08-30T06:45:00+0200,6997.61,MW,BE,BE,forecast_load,Forecasted Load,2026-09-03T15:05:17Z
2026-09-03T15:04:38Z,2026-09-03T17:04:38+0200,816aef31-cbff-45b7-ba9c-c50352af8a5b,2026-08-30T05:00:00Z,2026-08-30T07:00:00+0200,7106.47,MW,BE,BE,forecast_load,Forecasted Load,2026-09-03T15:05:17Z
2026-09-03T15:04:38Z,2026-09-03T17:04:38+0200,816aef31-cbff-45b7-ba9c-c50352af8a5b,2026-08-30T05:15:00Z,2026-08-30T07:15:00+0200,7203.52,MW,BE,BE,forecast_load,Forecasted Load,2026-09-03T15:05:17Z
2026-09-03T15:04:38Z,2026-09-03T17:04:38+0200,816aef31-cbff-45b7-ba9c-c50352af8a5b,2026-08-30T05:30:00Z,2026-08-30T07:30:00+0200,7279.35,MW,BE,BE,forecast_load,Forecasted Load,2026-09-03T15:05:17Z
2026-09-03T15:04:38Z,2026-09-03T17:04:38+0200,816aef31-cbff-45b7-ba9c-c50352af8a5b,2026-08-30T05:45:00Z,2026-08-30T07:45:00+0200,7394.7,MW,BE,BE,forecast_load,Forecasted Load,2026-09-03T15:05:17Z
2026-09-03T15:04:38Z,2026-09-03T17:04:38+0200,816aef31-cbff-45b7-ba9c-c50352af8a5b,2026-08-30T06:00:00Z,2026-08-30T08:00:00+0200,7568.41,MW,BE,BE,forecast_load,Forecasted Load,2026-09-03T15:05:17Z
2026-09-03T15:04:38Z,2026-09-03T17:04:38+0200,816aef31-cbff-45b7-ba9c-c50352af8a5b,2026-08-30T06:15:00Z,2026-08-30T08:15:00+0200,7680.07,MW,BE,BE,forecast_load,Forecasted Load,2026-09-03T15:05:17Z
2026-09-03T15:04:38Z,2026-09-03T17:04:38+0200,816aef31-cbff-45b7-ba9c-c50352af8a5b,2026-08-30T06:30:00Z,2026-08-30T08:30:00+0200,7815.14,MW,BE,BE,forecast_load,Forecasted Load,2026-09-03T15:05:17Z
2026-09-03T15:04:38Z,2026-09-03T17:04:38+0200,816aef31-cbff-45b7-ba9c-c50352af8a5b,2026-08-30T06:45:00Z,2026-08-30T08:45:00+0200,7971.86,MW,BE,BE,forecast_load,Forecasted Load,2026-09-03T15:05:17Z
2026-09-03T15:04:38Z,2026-09-03T17:04:38+0200,816aef31-cbff-45b7-ba9c-c50352af8a5b,2026-08-30T07:00:00Z,2026-08-30T09:00:00+0200,8046.24,MW,BE,BE,forecast_load,Forecasted Load,2026-09-03T15:05:17Z
2026-09-03T15:04:38Z,2026-09-03T17:04:38+0200,816aef31-cbff-45b7-ba9c-c50352af8a5b,2026-08-30T07:15:00Z,2026-08-30T09:15:00+0200,8232.58,MW,BE,BE,forecast_load,Forecasted Load,2026-09-03T15:05:17Z
2026-09-03T15:04:38Z,2026-09-03T17:04:38+0200,816aef31-cbff-45b7-ba9c-c50352af8a5b,2026-08-30T07:30:00Z,2026-08-30T09:30:00+0200,8473.85,MW,BE,BE,forecast_load,Forecasted Load,2026-09-03T15:05:17Z
2026-09-03T15:04:38Z,2026-09-03T17:04:38+0200,816aef31-cbff-45b7-ba9c-c50352af8a5b,2026-08-30T07:45:00Z,2026-08-30T09:45:00+0200,8620.78,MW,BE,BE,forecast_load,Forecasted Load,2026-09-03T15:05:17Z
2026-09-03T15:04:38Z,2026-09-03T17:04:38+0200,816aef31-cbff-45b7-ba9c-c50352af8a5b,2026-08-30T08:00:00Z,2026-08-30T10:00:00+0200,8460.42,MW,BE,BE,forecast_load,Forecasted Load,2026-09-03T15:05:17Z
2026-09-03T15:04:38Z,2026-09-03T17:04:38+0200,816aef31-cbff-45b7-ba9c-c50352af8a5b,2026-08-30T08:15:00Z,2026-08-30T10:15:00+0200,8612.14,MW,BE,BE,forecast_load,Forecasted Load,2026-09-03T15:05:17Z
2026-09-03T15:04:38Z,2026-09-03T17:04:38+0200,816aef31-cbff-45b7-ba9c-c50352af8a5b,2026-08-30T08:30:00Z,2026-08-30T10:30:00+0200,8635.92,MW,BE,BE,forecast_load,Forecasted Load,2026-09-03T15:05:17Z
2026-09-03T15:04:38Z,2026-09-03T17:04:38+0200,816aef31-cbff-45b7-ba9c-c50352af8a5b,2026-08-30T08:45:00Z,2026-08-30T10:45:00+0200,8765.71,MW,BE,BE,forecast_load,Forecasted Load,2026-09-03T15:05:17Z
2026-09-03T15:04:38Z,2026-09-03T17:04:38+0200,816aef31-cbff-45b7-ba9c-c50352af8a5b,2026-08-30T09:00:00Z,2026-08-30T11:00:00+0200,8577.09,MW,BE,BE,forecast_load,Forecasted Load,2026-09-03T15:05:17Z
2026-09-03T15:04:38Z,2026-09-03T17:04:38+0200,816aef31-cbff-45b7-ba9c-c50352af8a5b,2026-08-30T09:15:00Z,2026-08-30T11:15:00+0200,8640.72,MW,BE,BE,forecast_load,Forecasted Load,2026-09-03T15:05:17Z
2026-09-03T15:04:38Z,2026-09-03T17:04:38+0200,816aef31-cbff-45b7-ba9c-c50352af8a5b,2026-08-30T09:30:00Z,2026-08-30T11:30:00+0200,8741.92,MW,BE,BE,forecast_load,Forecasted Load,2026-09-03T15:05:17Z
2026-09-03T15:04:38Z,2026-09-03T17:04:38+0200,816aef31-cbff-45b7-ba9c-c50352af8a5b,2026-08-30T09:45:00Z,2026-08-30T11:45:00+0200,8756.57,MW,BE,BE,forecast_load,Forecasted Load,2026-09-03T15:05:17Z
2026-09-03T15:04:38Z,2026-09-03T17:04:38+0200,816aef31-cbff-45b7-ba9c-c50352af8a5b,2026-08-30T10:00:00Z,2026-08-30T12:00:00+0200,8769.0,MW,BE,BE,forecast_load,Forecasted Load,2026-09-03T15:05:17Z
2026-09-03T15:04:38Z,2026-09-03T17:04:38+0200,816aef31-cbff-45b7-ba9c-c50352af8a5b,2026-08-30T10:15:00Z,2026-08-30T12:15:00+0200,8808.36,MW,BE,BE,forecast_load,Forecasted Load,2026-09-03T15:05:17Z
2026-09-03T15:04:38Z,2026-09-03T17:04:38+0200,816aef31-cbff-45b7-ba9c-c50352af8a5b,2026-08-30T10:30:00Z,2026-08-30T12:30:00+0200,8854.67,MW,BE,BE,forecast_load,Forecasted Load,2026-09-03T15:05:17Z
2026-09-03T15:04:38Z,2026-09-03T17:04:38+0200,816aef31-cbff-45b7-ba9c-c50352af8a5b,2026-08-30T10:45:00Z,2026-08-30T12:45:00+0200,8809.6,MW,BE,BE,forecast_load,Forecasted Load,2026-09-03T15:05:17Z
2026-09-03T15:04:38Z,2026-09-03T17:04:38+0200,816aef31-cbff-45b7-ba9c-c50352af8a5b,2026-08-30T11:00:00Z,2026-08-30T13:00:00+0200,8870.72,MW,BE,BE,forecast_load,Forecasted Load,2026-09-03T15:05:17Z
2026-09-03T15:04:38Z,2026-09-03T17:04:38+0200,816aef31-cbff-45b7-ba9c-c50352af8a5b,2026-08-30T11:15:00Z,2026-08-30T13:15:00+0200,8792.41,MW,BE,BE,forecast_load,Forecasted Load,2026-09-03T15:05:17Z
2026-09-03T15:04:38Z,2026-09-03T17:04:38+0200,816aef31-cbff-45b7-ba9c-c50352af8a5b,2026-08-30T11:30:00Z,2026-08-30T13:30:00+0200,8745.28,MW,BE,BE,forecast_load,Forecasted Load,2026-09-03T15:05:17Z
2026-09-03T15:04:38Z,2026-09-03T17:04:38+0200,816aef31-cbff-45b7-ba9c-c50352af8a5b,2026-08-30T11:45:00Z,2026-08-30T13:45:00+0200,8631.12,MW,BE,BE,forecast_load,Forecasted Load,2026-09-03T15:05:17Z
2026-09-03T15:04:38Z,2026-09-03T17:04:38+0200,816aef31-cbff-45b7-ba9c-c50352af8a5b,2026-08-30T12:00:00Z,2026-08-30T14:00:00+0200,8498.41,MW,BE,BE,forecast_load,Forecasted Load,2026-09-03T15:05:17Z
2026-09-03T15:04:38Z,2026-09-03T17:04:38+0200,816aef31-cbff-45b7-ba9c-c50352af8a5b,2026-08-30T12:15:00Z,2026-08-30T14:15:00+0200,8456.91,MW,BE,BE,forecast_load,Forecasted Load,2026-09-03T15:05:17Z
2026-09-03T15:04:38Z,2026-09-03T17:04:38+0200,816aef31-cbff-45b7-ba9c-c50352af8a5b,2026-08-30T12:30:00Z,2026-08-30T14:30:00+0200,8430.35,MW,BE,BE,forecast_load,Forecasted Load,2026-09-03T15:05:17Z
2026-09-03T15:04:38Z,2026-09-03T17:04:38+0200,816aef31-cbff-45b7-ba9c-c50352af8a5b,2026-08-30T12:45:00Z,2026-08-30T14:45:00+0200,8293.76,MW,BE,BE,forecast_load,Forecasted Load,2026-09-03T15:05:17Z
2026-09-03T15:04:38Z,2026-09-03T17:04:38+0200,816aef31-cbff-45b7-ba9c-c50352af8a5b,2026-08-30T13:00:00Z,2026-08-30T15:00:00+0200,8397.05,MW,BE,BE,forecast_load,Forecasted Load,2026-09-03T15:05:17Z
2026-09-03T15:04:38Z,2026-09-03T17:04:38+0200,816aef31-cbff-45b7-ba9c-c50352af8a5b,2026-08-30T13:15:00Z,2026-08-30T15:15:00+0200,8335.43,MW,BE,BE,forecast_load,Forecasted Load,2026-09-03T15:05:17Z
2026-09-03T15:04:38Z,2026-09-03T17:04:38+0200,816aef31-cbff-45b7-ba9c-c50352af8a5b,2026-08-30T13:30:00Z,2026-08-30T15:30:00+0200,8276.73,MW,BE,BE,forecast_load,Forecasted Load,2026-09-03T15:05:17Z
2026-09-03T15:04:38Z,2026-09-03T17:04:38+0200,816aef31-cbff-45b7-ba9c-c50352af8a5b,2026-08-30T13:45:00Z,2026-08-30T15:45:00+0200,8181.07,MW,BE,BE,forecast_load,Forecasted Load,2026-09-03T15:05:17Z
2026-09-03T15:04:38Z,2026-09-03T17:04:38+0200,816aef31-cbff-45b7-ba9c-c50352af8a5b,2026-08-30T14:00:00Z,2026-08-30T16:00:00+0200,8163.34,MW,BE,BE,forecast_load,Forecasted Load,2026-09-03T15:05:17Z
2026-09-03T15:04:38Z,2026-09-03T17:04:38+0200,816aef31-cbff-45b7-ba9c-c50352af8a5b,2026-08-30T14:15:00Z,2026-08-30T16:15:00+0200,8108.73,MW,BE,BE,forecast_load,Forecasted Load,2026-09-03T15:05:17Z
2026-09-03T15:04:38Z,2026-09-03T17:04:38+0200,816aef31-cbff-45b7-ba9c-c50352af8a5b,2026-08-30T14:30:00Z,2026-08-30T16:30:00+0200,8155.01,MW,BE,BE,forecast_load,Forecasted Load,2026-09-03T15:05:17Z
2026-09-03T15:04:38Z,2026-09-03T17:04:38+0200,816aef31-cbff-45b7-ba9c-c50352af8a5b,2026-08-30T14:45:00Z,2026-08-30T16:45:00+0200,8189.33,MW,BE,BE,forecast_load,Forecasted Load,2026-09-03T15:05:17Z
2026-09-03T15:04:38Z,2026-09-03T17:04:38+0200,816aef31-cbff-45b7-ba9c-c50352af8a5b,2026-08-30T15:00:00Z,2026-08-30T17:00:00+0200,8202.83,MW,BE,BE,forecast_load,Forecasted Load,2026-09-03T15:05:17Z
2026-09-03T15:04:38Z,2026-09-03T17:04:38+0200,816aef31-cbff-45b7-ba9c-c50352af8a5b,2026-08-30T15:15:00Z,2026-08-30T17:15:00+0200,8163.0,MW,BE,BE,forecast_load,Forecasted Load,2026-09-03T15:05:17Z
2026-09-03T15:04:38Z,2026-09-03T17:04:38+0200,816aef31-cbff-45b7-ba9c-c50352af8a5b,2026-08-30T15:30:00Z,2026-08-30T17:30:00+0200,8072.87,MW,BE,BE,forecast_load,Forecasted Load,2026-09-03T15:05:17Z
2026-09-03T15:04:38Z,2026-09-03T17:04:38+0200,816aef31-cbff-45b7-ba9c-c50352af8a5b,2026-08-30T15:45:00Z,2026-08-30T17:45:00+0200,8056.12,MW,BE,BE,forecast_load,Forecasted Load,2026-09-03T15:05:17Z
2026-09-03T15:04:38Z,2026-09-03T17:04:38+0200,816aef31-cbff-45b7-ba9c-c50352af8a5b,2026-08-30T16:00:00Z,2026-08-30T18:00:00+0200,8311.9,MW,BE,BE,forecast_load,Forecasted Load,2026-09-03T15:05:17Z
2026-09-03T15:04:38Z,2026-09-03T17:04:38+0200,816aef31-cbff-45b7-ba9c-c50352af8a5b,2026-08-30T16:15:00Z,2026-08-30T18:15:00+0200,8354.37,MW,BE,BE,forecast_load,Forecasted Load,2026-09-03T15:05:17Z
2026-09-03T15:04:38Z,2026-09-03T17:04:38+0200,816aef31-cbff-45b7-ba9c-c50352af8a5b,2026-08-30T16:30:00Z,2026-08-30T18:30:00+0200,8410.47,MW,BE,BE,forecast_load,Forecasted Load,2026-09-03T15:05:17Z
2026-09-03T15:04:38Z,2026-09-03T17:04:38+0200,816aef31-cbff-45b7-ba9c-c50352af8a5b,2026-08-30T16:45:00Z,2026-08-30T18:45:00+0200,8432.32,MW,BE,BE,forecast_load,Forecasted Load,2026-09-03T15:05:17Z
2026-09-03T15:04:38Z,2026-09-03T17:04:38+0200,816aef31-cbff-45b7-ba9c-c50352af8a5b,2026-08-30T17:00:00Z,2026-08-30T19:00:00+0200,8397.58,MW,BE,BE,forecast_load,Forecasted Load,2026-09-03T15:05:17Z
2026-09-03T15:04:38Z,2026-09-03T17:04:38+0200,816aef31-cbff-45b7-ba9c-c50352af8a5b,2026-08-30T17:15:00Z,2026-08-30T19:15:00+0200,8356.03,MW,BE,BE,forecast_load,Forecasted Load,2026-09-03T15:05:17Z
2026-09-03T15:04:38Z,2026-09-03T17:04:38+0200,816aef31-cbff-45b7-ba9c-c50352af8a5b,2026-08-30T17:30:00Z,2026-08-30T19:30:00+0200,8406.48,MW,BE,BE,forecast_load,Forecasted Load,2026-09-03T15:05:17Z
2026-09-03T15:04:38Z,2026-09-03T17:04:38+0200,816aef31-cbff-45b7-ba9c-c50352af8a5b,2026-08-30T17:45:00Z,2026-08-30T19:45:00+0200,8264.88,MW,BE,BE,forecast_load,Forecasted Load,2026-09-03T15:05:17Z
2026-09-03T15:04:38Z,2026-09-03T17:04:38+0200,816aef31-cbff-45b7-ba9c-c50352af8a5b,2026-08-30T18:00:00Z,2026-08-30T20:00:00+0200,8257.67,MW,BE,BE,forecast_load,Forecasted Load,2026-09-03T15:05:17Z
2026-09-03T15:04:38Z,2026-09-03T17:04:38+0200,816aef31-cbff-45b7-ba9c-c50352af8a5b,2026-08-30T18:15:00Z,2026-08-30T20:15:00+0200,8246.49,MW,BE,BE,forecast_load,Forecasted Load,2026-09-03T15:05:17Z
2026-09-03T15:04:38Z,2026-09-03T17:04:38+0200,816aef31-cbff-45b7-ba9c-c50352af8a5b,2026-08-30T18:30:00Z,2026-08-30T20:30:00+0200,8211.56,MW,BE,BE,forecast_load,Forecasted Load,2026-09-03T15:05:17Z
2026-09-03T15:04:38Z,2026-09-03T17:04:38+0200,816aef31-cbff-45b7-ba9c-c50352af8a5b,2026-08-30T18:45:00Z,2026-08-30T20:45:00+0200,8208.39,MW,BE,BE,forecast_load,Forecasted Load,2026-09-03T15:05:17Z
2026-09-03T15:04:38Z,2026-09-03T17:04:38+0200,816aef31-cbff-45b7-ba9c-c50352af8a5b,2026-08-30T19:00:00Z,2026-08-30T21:00:00+0200,8288.12,MW,BE,BE,forecast_load,Forecasted Load,2026-09-03T15:05:17Z
2026-09-03T15:04:38Z,2026-09-03T17:04:38+0200,816aef31-cbff-45b7-ba9c-c50352af8a5b,2026-08-30T19:15:00Z,2026-08-30T21:15:00+0200,8318.35,MW,BE,BE,forecast_load,Forecasted Load,2026-09-03T15:05:17Z
2026-09-03T15:04:38Z,2026-09-03T17:04:38+0200,816aef31-cbff-45b7-ba9c-c50352af8a5b,2026-08-30T19:30:00Z,2026-08-30T21:30:00+0200,8358.62,MW,BE,BE,forecast_load,Forecasted Load,2026-09-03T15:05:17Z
2026-09-03T15:04:38Z,2026-09-03T17:04:38+0200,816aef31-cbff-45b7-ba9c-c50352af8a5b,2026-08-30T19:45:00Z,2026-08-30T21:45:00+0200,8307.65,MW,BE,BE,forecast_load,Forecasted Load,2026-09-03T15:05:17Z
2026-09-03T15:04:38Z,2026-09-03T17:04:38+0200,816aef31-cbff-45b7-ba9c-c50352af8a5b,2026-08-30T20:00:00Z,2026-08-30T22:00:00+0200,8078.12,MW,BE,BE,forecast_load,Forecasted Load,2026-09-03T15:05:17Z
2026-09-03T15:04:38Z,2026-09-03T17:04:38+0200,816aef31-cbff-45b7-ba9c-c50352af8a5b,2026-08-30T20:15:00Z,2026-08-30T22:15:00+0200,8058.6,MW,BE,BE,forecast_load,Forecasted Load,2026-09-03T15:05:17Z
2026-09-03T15:04:38Z,2026-09-03T17:04:38+0200,816aef31-cbff-45b7-ba9c-c50352af8a5b,2026-08-30T20:30:00Z,2026-08-30T22:30:00+0200,7967.34,MW,BE,BE,forecast_load,Forecasted Load,2026-09-03T15:05:17Z
2026-09-03T15:04:38Z,2026-09-03T17:04:38+0200,816aef31-cbff-45b7-ba9c-c50352af8a5b,2026-08-30T20:45:00Z,2026-08-30T22:45:00+0200,7874.63,MW,BE,BE,forecast_load,Forecasted Load,2026-09-03T15:05:17Z
2026-09-03T15:04:38Z,2026-09-03T17:04:38+0200,816aef31-cbff-45b7-ba9c-c50352af8a5b,2026-08-30T21:00:00Z,2026-08-30T23:00:00+0200,7740.89,MW,BE,BE,forecast_load,Forecasted Load,2026-09-03T15:05:17Z
2026-09-03T15:04:38Z,2026-09-03T17:04:38+0200,816aef31-cbff-45b7-ba9c-c50352af8a5b,2026-08-30T21:15:00Z,2026-08-30T23:15:00+0200,7699.19,MW,BE,BE,forecast_load,Forecasted Load,2026-09-03T15:05:17Z
2026-09-03T15:04:38Z,2026-09-03T17:04:38+0200,816aef31-cbff-45b7-ba9c-c50352af8a5b,2026-08-30T21:30:00Z,2026-08-30T23:30:00+0200,7650.3,MW,BE,BE,forecast_load,Forecasted Load,2026-09-03T15:05:17Z
2026-09-03T15:04:38Z,2026-09-03T17:04:38+0200,816aef31-cbff-45b7-ba9c-c50352af8a5b,2026-08-30T21:45:00Z,2026-08-30T23:45:00+0200,7566.61,MW,BE,BE,forecast_load,Forecasted Load,2026-09-03T15:05:17Z
2026-09-03T15:04:38Z,2026-09-03T17:04:38+0200,816aef31-cbff-45b7-ba9c-c50352af8a5b,2026-08-30T22:00:00Z,2026-08-31T00:00:00+0200,7577.03,MW,BE,BE,forecast_load,Forecasted Load,2026-09-03T15:05:17Z
2026-09-03T15:04:38Z,2026-09-03T17:04:38+0200,816aef31-cbff-45b7-ba9c-c50352af8a5b,2026-08-30T22:15:00Z,2026-08-31T00:15:00+0200,7455.33,MW,BE,BE,forecast_load,Forecasted Load,2026-09-03T15:05:17Z
2026-09-03T15:04:38Z,2026-09-03T17:04:38+0200,816aef31-cbff-45b7-ba9c-c50352af8a5b,2026-08-30T22:30:00Z,2026-08-31T00:30:00+0200,7388.69,MW,BE,BE,forecast_load,Forecasted Load,2026-09-03T15:05:17Z
2026-09-03T15:04:38Z,2026-09-03T17:04:38+0200,816aef31-cbff-45b7-ba9c-c50352af8a5b,2026-08-30T22:45:00Z,2026-08-31T00:45:00+0200,7308.39,MW,BE,BE,forecast_load,Forecasted Load,2026-09-03T15:05:17Z
2026-09-03T15:04:38Z,2026-09-03T17:04:38+0200,816aef31-cbff-45b7-ba9c-c50352af8a5b,2026-08-30T23:00:00Z,2026-08-31T01:00:00+0200,7334.09,MW,BE,BE,forecast_load,Forecasted Load,2026-09-03T15:05:17Z
2026-09-03T15:04:38Z,2026-09-03T17:04:38+0200,816aef31-cbff-45b7-ba9c-c50352af8a5b,2026-08-30T23:15:00Z,2026-08-31T01:15:00+0200,7306.66,MW,BE,BE,forecast_load,Forecasted Load,2026-09-03T15:05:17Z
2026-09-03T15:04:38Z,2026-09-03T17:04:38+0200,816aef31-cbff-45b7-ba9c-c50352af8a5b,2026-08-30T23:30:00Z,2026-08-31T01:30:00+0200,7231.76,MW,BE,BE,forecast_load,Forecasted Load,2026-09-03T15:05:17Z
2026-09-03T15:04:38Z,2026-09-03T17:04:38+0200,816aef31-cbff-45b7-ba9c-c50352af8a5b,2026-08-30T23:45:00Z,2026-08-31T01:45:00+0200,7225.11,MW,BE,BE,forecast_load,Forecasted Load,2026-09-03T15:05:17Z
2026-09-03T15:04:38Z,2026-09-03T17:04:38+0200,816aef31-cbff-45b7-ba9c-c50352af8a5b,2026-08-31T00:00:00Z,2026-08-31T02:00:00+0200,7263.12,MW,BE,BE,forecast_load,Forecasted Load,2026-09-03T15:05:17Z
2026-09-03T15:04:38Z,2026-09-03T17:04:38+0200,816aef31-cbff-45b7-ba9c-c50352af8a5b,2026-08-31T00:15:00Z,2026-08-31T02:15:00+0200,7210.82,MW,BE,BE,forecast_load,Forecasted Load,2026-09-03T15:05:17Z
2026-09-03T15:04:38Z,2026-09-03T17:04:38+0200,816aef31-cbff-45b7-ba9c-c50352af8a5b,2026-08-31T00:30:00Z,2026-08-31T02:30:00+0200,7173.86,MW,BE,BE,forecast_load,Forecasted Load,2026-09-03T15:05:17Z
2026-09-03T15:04:38Z,2026-09-03T17:04:38+0200,816aef31-cbff-45b7-ba9c-c50352af8a5b,2026-08-31T00:45:00Z,2026-08-31T02:45:00+0200,7169.23,MW,BE,BE,forecast_load,Forecasted Load,2026-09-03T15:05:17Z
2026-09-03T15:04:38Z,2026-09-03T17:04:38+0200,816aef31-cbff-45b7-ba9c-c50352af8a5b,2026-08-31T01:00:00Z,2026-08-31T03:00:00+0200,7111.42,MW,BE,BE,forecast_load,Forecasted Load,2026-09-03T15:05:17Z
2026-09-03T15:04:38Z,2026-09-03T17:04:38+0200,816aef31-cbff-45b7-ba9c-c50352af8a5b,2026-08-31T01:15:00Z,2026-08-31T03:15:00+0200,7085.44,MW,BE,BE,forecast_load,Forecasted Load,2026-09-03T15:05:17Z
2026-09-03T15:04:38Z,2026-09-03T17:04:38+0200,816aef31-cbff-45b7-ba9c-c50352af8a5b,2026-08-31T01:30:00Z,2026-08-31T03:30:00+0200,7108.19,MW,BE,BE,forecast_load,Forecasted Load,2026-09-03T15:05:17Z
2026-09-03T15:04:38Z,2026-09-03T17:04:38+0200,816aef31-cbff-45b7-ba9c-c50352af8a5b,2026-08-31T01:45:00Z,2026-08-31T03:45:00+0200,7099.17,MW,BE,BE,forecast_load,Forecasted Load,2026-09-03T15:05:17Z
2026-09-03T15:04:38Z,2026-09-03T17:04:38+0200,816aef31-cbff-45b7-ba9c-c50352af8a5b,2026-08-31T02:00:00Z,2026-08-31T04:00:00+0200,7041.97,MW,BE,BE,forecast_load,Forecasted Load,2026-09-03T15:05:17Z
2026-09-03T15:04:38Z,2026-09-03T17:04:38+0200,816aef31-cbff-45b7-ba9c-c50352af8a5b,2026-08-31T02:15:00Z,2026-08-31T04:15:00+0200,7052.67,MW,BE,BE,forecast_load,Forecasted Load,2026-09-03T15:05:17Z
2026-09-03T15:04:38Z,2026-09-03T17:04:38+0200,816aef31-cbff-45b7-ba9c-c50352af8a5b,2026-08-31T02:30:00Z,2026-08-31T04:30:00+0200,7035.39,MW,BE,BE,forecast_load,Forecasted Load,2026-09-03T15:05:17Z
2026-09-03T15:04:38Z,2026-09-03T17:04:38+0200,816aef31-cbff-45b7-ba9c-c50352af8a5b,2026-08-31T02:45:00Z,2026-08-31T04:45:00+0200,7069.02,MW,BE,BE,forecast_load,Forecasted Load,2026-09-03T15:05:17Z
2026-09-03T15:04:38Z,2026-09-03T17:04:38+0200,816aef31-cbff-45b7-ba9c-c50352af8a5b,2026-08-31T03:00:00Z,2026-08-31T05:00:00+0200,7351.5,MW,BE,BE,forecast_load,Forecasted Load,2026-09-03T15:05:17Z
2026-09-03T15:04:38Z,2026-09-03T17:04:38+0200,816aef31-cbff-45b7-ba9c-c50352af8a5b,2026-08-31T03:15:00Z,2026-08-31T05:15:00+0200,7413.09,MW,BE,BE,forecast_load,Forecasted Load,2026-09-03T15:05:17Z
2026-09-03T15:04:38Z,2026-09-03T17:04:38+0200,816aef31-cbff-45b7-ba9c-c50352af8a5b,2026-08-31T03:30:00Z,2026-08-31T05:30:00+0200,7448.28,MW,BE,BE,forecast_load,Forecasted Load,2026-09-03T15:05:17Z
2026-09-03T15:04:38Z,2026-09-03T17:04:38+0200,816aef31-cbff-45b7-ba9c-c50352af8a5b,2026-08-31T03:45:00Z,2026-08-31T05:45:00+0200,7580.58,MW,BE,BE,forecast_load,Forecasted Load,2026-09-03T15:05:17Z
2026-09-03T15:04:38Z,2026-09-03T17:04:38+0200,816aef31-cbff-45b7-ba9c-c50352af8a5b,2026-08-31T04:00:00Z,2026-08-31T06:00:00+0200,7902.63,MW,BE,BE,forecast_load,Forecasted Load,2026-09-03T15:05:17Z
2026-09-03T15:04:38Z,2026-09-03T17:04:38+0200,816aef31-cbff-45b7-ba9c-c50352af8a5b,2026-08-31T04:15:00Z,2026-08-31T06:15:00+0200,8001.05,MW,BE,BE,forecast_load,Forecasted Load,2026-09-03T15:05:17Z
2026-09-03T15:04:38Z,2026-09-03T17:04:38+0200,816aef31-cbff-45b7-ba9c-c50352af8a5b,2026-08-31T04:30:00Z,2026-08-31T06:30:00+0200,8110.18,MW,BE,BE,forecast_load,Forecasted Load,2026-09-03T15:05:17Z
2026-09-03T15:04:38Z,2026-09-03T17:04:38+0200,816aef31-cbff-45b7-ba9c-c50352af8a5b,2026-08-31T04:45:00Z,2026-08-31T06:45:00+0200,8231.22,MW,BE,BE,forecast_load,Forecasted Load,2026-09-03T15:05:17Z
2026-09-03T15:04:38Z,2026-09-03T17:04:38+0200,816aef31-cbff-45b7-ba9c-c50352af8a5b,2026-08-31T05:00:00Z,2026-08-31T07:00:00+0200,8354.46,MW,BE,BE,forecast_load,Forecasted Load,2026-09-03T15:05:17Z
2026-09-03T15:04:38Z,2026-09-03T17:04:38+0200,816aef31-cbff-45b7-ba9c-c50352af8a5b,2026-08-31T05:15:00Z,2026-08-31T07:15:00+0200,8636.61,MW,BE,BE,forecast_load,Forecasted Load,2026-09-03T15:05:17Z
2026-09-03T15:04:38Z,2026-09-03T17:04:38+0200,816aef31-cbff-45b7-ba9c-c50352af8a5b,2026-08-31T05:30:00Z,2026-08-31T07:30:00+0200,8895.91,MW,BE,BE,forecast_load,Forecasted Load,2026-09-03T15:05:17Z
2026-09-03T15:04:38Z,2026-09-03T17:04:38+0200,816aef31-cbff-45b7-ba9c-c50352af8a5b,2026-08-31T05:45:00Z,2026-08-31T07:45:00+0200,9062.49,MW,BE,BE,forecast_load,Forecasted Load,2026-09-03T15:05:17Z
2026-09-03T15:04:38Z,2026-09-03T17:04:38+0200,816aef31-cbff-45b7-ba9c-c50352af8a5b,2026-08-31T06:00:00Z,2026-08-31T08:00:00+0200,9374.6,MW,BE,BE,forecast_load,Forecasted Load,2026-09-03T15:05:17Z
2026-09-03T15:04:38Z,2026-09-03T17:04:38+0200,816aef31-cbff-45b7-ba9c-c50352af8a5b,2026-08-31T06:15:00Z,2026-08-31T08:15:00+0200,9578.81,MW,BE,BE,forecast_load,Forecasted Load,2026-09-03T15:05:17Z
2026-09-03T15:04:38Z,2026-09-03T17:04:38+0200,816aef31-cbff-45b7-ba9c-c50352af8a5b,2026-08-31T06:30:00Z,2026-08-31T08:30:00+0200,9780.97,MW,BE,BE,forecast_load,Forecasted Load,2026-09-03T15:05:17Z
2026-09-03T15:04:38Z,2026-09-03T17:04:38+0200,816aef31-cbff-45b7-ba9c-c50352af8a5b,2026-08-31T06:45:00Z,2026-08-31T08:45:00+0200,9961.09,MW,BE,BE,forecast_load,Forecasted Load,2026-09-03T15:05:17Z
2026-09-03T15:04:38Z,2026-09-03T17:04:38+0200,816aef31-cbff-45b7-ba9c-c50352af8a5b,2026-08-31T07:00:00Z,2026-08-31T09:00:00+0200,10125.22,MW,BE,BE,forecast_load,Forecasted Load,2026-09-03T15:05:17Z
2026-09-03T15:04:38Z,2026-09-03T17:04:38+0200,816aef31-cbff-45b7-ba9c-c50352af8a5b,2026-08-31T07:15:00Z,2026-08-31T09:15:00+0200,10201.43,MW,BE,BE,forecast_load,Forecasted Load,2026-09-03T15:05:17Z
2026-09-03T15:04:38Z,2026-09-03T17:04:38+0200,816aef31-cbff-45b7-ba9c-c50352af8a5b,2026-08-31T07:30:00Z,2026-08-31T09:30:00+0200,10327.84,MW,BE,BE,forecast_load,Forecasted Load,2026-09-03T15:05:17Z
2026-09-03T15:04:38Z,2026-09-03T17:04:38+0200,816aef31-cbff-45b7-ba9c-c50352af8a5b,2026-08-31T07:45:00Z,2026-08-31T09:45:00+0200,10420.33,MW,BE,BE,forecast_load,Forecasted Load,2026-09-03T15:05:17Z
2026-09-03T15:04:38Z,2026-09-03T17:04:38+0200,816aef31-cbff-45b7-ba9c-c50352af8a5b,2026-08-31T08:00:00Z,2026-08-31T10:00:00+0200,10437.79,MW,BE,BE,forecast_load,Forecasted Load,2026-09-03T15:05:17Z
2026-09-03T15:04:38Z,2026-09-03T17:04:38+0200,816aef31-cbff-45b7-ba9c-c50352af8a5b,2026-08-31T08:15:00Z,2026-08-31T10:15:00+0200,10531.8,MW,BE,BE,forecast_load,Forecasted Load,2026-09-03T15:05:17Z
2026-09-03T15:04:38Z,2026-09-03T17:04:38+0200,816aef31-cbff-45b7-ba9c-c50352af8a5b,2026-08-31T08:30:00Z,2026-08-31T10:30:00+0200,10584.96,MW,BE,BE,forecast_load,Forecasted Load,2026-09-03T15:05:17Z
2026-09-03T15:04:38Z,2026-09-03T17:04:38+0200,816aef31-cbff-45b7-ba9c-c50352af8a5b,2026-08-31T08:45:00Z,2026-08-31T10:45:00+0200,10661.26,MW,BE,BE,forecast_load,Forecasted Load,2026-09-03T15:05:17Z
2026-09-03T15:04:38Z,2026-09-03T17:04:38+0200,816aef31-cbff-45b7-ba9c-c50352af8a5b,2026-08-31T09:00:00Z,2026-08-31T11:00:00+0200,10532.78,MW,BE,BE,forecast_load,Forecasted Load,2026-09-03T15:05:17Z
2026-09-03T15:04:38Z,2026-09-03T17:04:38+0200,816aef31-cbff-45b7-ba9c-c50352af8a5b,2026-08-31T09:15:00Z,2026-08-31T11:15:00+0200,10658.86,MW,BE,BE,forecast_load,Forecasted Load,2026-09-03T15:05:17Z
2026-09-03T15:04:38Z,2026-09-03T17:04:38+0200,816aef31-cbff-45b7-ba9c-c50352af8a5b,2026-08-31T09:30:00Z,2026-08-31T11:30:00+0200,10725.58,MW,BE,BE,forecast_load,Forecasted Load,2026-09-03T15:05:17Z
2026-09-03T15:04:38Z,2026-09-03T17:04:38+0200,816aef31-cbff-45b7-ba9c-c50352af8a5b,2026-08-31T09:45:00Z,2026-08-31T11:45:00+0200,10803.56,MW,BE,BE,forecast_load,Forecasted Load,2026-09-03T15:05:17Z
2026-09-03T15:04:38Z,2026-09-03T17:04:38+0200,816aef31-cbff-45b7-ba9c-c50352af8a5b,2026-08-31T10:00:00Z,2026-08-31T12:00:00+0200,10572.1,MW,BE,BE,forecast_load,Forecasted Load,2026-09-03T15:05:17Z
2026-09-03T15:04:38Z,2026-09-03T17:04:38+0200,816aef31-cbff-45b7-ba9c-c50352af8a5b,2026-08-31T10:15:00Z,2026-08-31T12:15:00+0200,10479.84,MW,BE,BE,forecast_load,Forecasted Load,2026-09-03T15:05:17Z
2026-09-03T15:04:38Z,2026-09-03T17:04:38+0200,816aef31-cbff-45b7-ba9c-c50352af8a5b,2026-08-31T10:30:00Z,2026-08-31T12:30:00+0200,10464.18,MW,BE,BE,forecast_load,Forecasted Load,2026-09-03T15:05:17Z
2026-09-03T15:04:38Z,2026-09-03T17:04:38+0200,816aef31-cbff-45b7-ba9c-c50352af8a5b,2026-08-31T10:45:00Z,2026-08-31T12:45:00+0200,10476.67,MW,BE,BE,forecast_load,Forecasted Load,2026-09-03T15:05:17Z
2026-09-03T15:04:38Z,2026-09-03T17:04:38+0200,816aef31-cbff-45b7-ba9c-c50352af8a5b,2026-08-31T11:00:00Z,2026-08-31T13:00:00+0200,10436.2,MW,BE,BE,forecast_load,Forecasted Load,2026-09-03T15:05:17Z
2026-09-03T15:04:38Z,2026-09-03T17:04:38+0200,816aef31-cbff-45b7-ba9c-c50352af8a5b,2026-08-31T11:15:00Z,2026-08-31T13:15:00+0200,10442.1,MW,BE,BE,forecast_load,Forecasted Load,2026-09-03T15:05:17Z
2026-09-03T15:04:38Z,2026-09-03T17:04:38+0200,816aef31-cbff-45b7-ba9c-c50352af8a5b,2026-08-31T11:30:00Z,2026-08-31T13:30:00+0200,10434.57,MW,BE,BE,forecast_load,Forecasted Load,2026-09-03T15:05:17Z
2026-09-03T15:04:38Z,2026-09-03T17:04:38+0200,816aef31-cbff-45b7-ba9c-c50352af8a5b,2026-08-31T11:45:00Z,2026-08-31T13:45:00+0200,10470.17,MW,BE,BE,forecast_load,Forecasted Load,2026-09-03T15:05:17Z
2026-09-03T15:04:38Z,2026-09-03T17:04:38+0200,816aef31-cbff-45b7-ba9c-c50352af8a5b,2026-08-31T12:00:00Z,2026-08-31T14:00:00+0200,10501.29,MW,BE,BE,forecast_load,Forecasted Load,2026-09-03T15:05:17Z
2026-09-03T15:04:38Z,2026-09-03T17:04:38+0200,816aef31-cbff-45b7-ba9c-c50352af8a5b,2026-08-31T12:15:00Z,2026-08-31T14:15:00+0200,10387.8,MW,BE,BE,forecast_load,Forecasted Load,2026-09-03T15:05:17Z
2026-09-03T15:04:38Z,2026-09-03T17:04:38+0200,816aef31-cbff-45b7-ba9c-c50352af8a5b,2026-08-31T12:30:00Z,2026-08-31T14:30:00+0200,10370.95,MW,BE,BE,forecast_load,Forecasted Load,2026-09-03T15:05:17Z
2026-09-03T15:04:38Z,2026-09-03T17:04:38+0200,816aef31-cbff-45b7-ba9c-c50352af8a5b,2026-08-31T12:45:00Z,2026-08-31T14:45:00+0200,10273.54,MW,BE,BE,forecast_load,Forecasted Load,2026-09-03T15:05:17Z
2026-09-03T15:04:38Z,2026-09-03T17:04:38+0200,816aef31-cbff-45b7-ba9c-c50352af8a5b,2026-08-31T13:00:00Z,2026-08-31T15:00:00+0200,10293.08,MW,BE,BE,forecast_load,Forecasted Load,2026-09-03T15:05:17Z
2026-09-03T15:04:38Z,2026-09-03T17:04:38+0200,816aef31-cbff-45b7-ba9c-c50352af8a5b,2026-08-31T13:15:00Z,2026-08-31T15:15:00+0200,10194.29,MW,BE,BE,forecast_load,Forecasted Load,2026-09-03T15:05:17Z
2026-09-03T15:04:38Z,2026-09-03T17:04:38+0200,816aef31-cbff-45b7-ba9c-c50352af8a5b,2026-08-31T13:30:00Z,2026-08-31T15:30:00+0200,10144.15,MW,BE,BE,forecast_load,Forecasted Load,2026-09-03T15:05:17Z
2026-09-03T15:04:38Z,2026-09-03T17:04:38+0200,816aef31-cbff-45b7-ba9c-c50352af8a5b,2026-08-31T13:45:00Z,2026-08-31T15:45:00+0200,10053.28,MW,BE,BE,forecast_load,Forecasted Load,2026-09-03T15:05:17Z
2026-09-03T15:04:38Z,2026-09-03T17:04:38+0200,816aef31-cbff-45b7-ba9c-c50352af8a5b,2026-08-31T14:00:00Z,2026-08-31T16:00:00+0200,9907.23,MW,BE,BE,forecast_load,Forecasted Load,2026-09-03T15:05:17Z
2026-09-03T15:04:38Z,2026-09-03T17:04:38+0200,816aef31-cbff-45b7-ba9c-c50352af8a5b,2026-08-31T14:15:00Z,2026-08-31T16:15:00+0200,9770.07,MW,BE,BE,forecast_load,Forecasted Load,2026-09-03T15:05:17Z
2026-09-03T15:04:38Z,2026-09-03T17:04:38+0200,816aef31-cbff-45b7-ba9c-c50352af8a5b,2026-08-31T14:30:00Z,2026-08-31T16:30:00+0200,9643.52,MW,BE,BE,forecast_load,Forecasted Load,2026-09-03T15:05:17Z
2026-09-03T15:04:38Z,2026-09-03T17:04:38+0200,816aef31-cbff-45b7-ba9c-c50352af8a5b,2026-08-31T14:45:00Z,2026-08-31T16:45:00+0200,9617.06,MW,BE,BE,forecast_load,Forecasted Load,2026-09-03T15:05:17Z
2026-09-03T15:04:38Z,2026-09-03T17:04:38+0200,816aef31-cbff-45b7-ba9c-c50352af8a5b,2026-08-31T15:00:00Z,2026-08-31T17:00:00+0200,9812.71,MW,BE,BE,forecast_load,Forecasted Load,2026-09-03T15:05:17Z
2026-09-03T15:04:38Z,2026-09-03T17:04:38+0200,816aef31-cbff-45b7-ba9c-c50352af8a5b,2026-08-31T15:15:00Z,2026-08-31T17:15:00+0200,9687.11,MW,BE,BE,forecast_load,Forecasted Load,2026-09-03T15:05:17Z
2026-09-03T15:04:38Z,2026-09-03T17:04:38+0200,816aef31-cbff-45b7-ba9c-c50352af8a5b,2026-08-31T15:30:00Z,2026-08-31T17:30:00+0200,9752.0,MW,BE,BE,forecast_load,Forecasted Load,2026-09-03T15:05:17Z
2026-09-03T15:04:38Z,2026-09-03T17:04:38+0200,816aef31-cbff-45b7-ba9c-c50352af8a5b,2026-08-31T15:45:00Z,2026-08-31T17:45:00+0200,9714.22,MW,BE,BE,forecast_load,Forecasted Load,2026-09-03T15:05:17Z
2026-09-03T15:04:38Z,2026-09-03T17:04:38+0200,816aef31-cbff-45b7-ba9c-c50352af8a5b,2026-08-31T16:00:00Z,2026-08-31T18:00:00+0200,9764.94,MW,BE,BE,forecast_load,Forecasted Load,2026-09-03T15:05:17Z
2026-09-03T15:04:38Z,2026-09-03T17:04:38+0200,816aef31-cbff-45b7-ba9c-c50352af8a5b,2026-08-31T16:15:00Z,2026-08-31T18:15:00+0200,9732.95,MW,BE,BE,forecast_load,Forecasted Load,2026-09-03T15:05:17Z
2026-09-03T15:04:38Z,2026-09-03T17:04:38+0200,816aef31-cbff-45b7-ba9c-c50352af8a5b,2026-08-31T16:30:00Z,2026-08-31T18:30:00+0200,9797.95,MW,BE,BE,forecast_load,Forecasted Load,2026-09-03T15:05:17Z
2026-09-03T15:04:38Z,2026-09-03T17:04:38+0200,816aef31-cbff-45b7-ba9c-c50352af8a5b,2026-08-31T16:45:00Z,2026-08-31T18:45:00+0200,9715.82,MW,BE,BE,forecast_load,Forecasted Load,2026-09-03T15:05:17Z
2026-09-03T15:04:38Z,2026-09-03T17:04:38+0200,816aef31-cbff-45b7-ba9c-c50352af8a5b,2026-08-31T17:00:00Z,2026-08-31T19:00:00+0200,9606.61,MW,BE,BE,forecast_load,Forecasted Load,2026-09-03T15:05:17Z
2026-09-03T15:04:38Z,2026-09-03T17:04:38+0200,816aef31-cbff-45b7-ba9c-c50352af8a5b,2026-08-31T17:15:00Z,2026-08-31T19:15:00+0200,9499.46,MW,BE,BE,forecast_load,Forecasted Load,2026-09-03T15:05:17Z
2026-09-03T15:04:38Z,2026-09-03T17:04:38+0200,816aef31-cbff-45b7-ba9c-c50352af8a5b,2026-08-31T17:30:00Z,2026-08-31T19:30:00+0200,9472.23,MW,BE,BE,forecast_load,Forecasted Load,2026-09-03T15:05:17Z
2026-09-03T15:04:38Z,2026-09-03T17:04:38+0200,816aef31-cbff-45b7-ba9c-c50352af8a5b,2026-08-31T17:45:00Z,2026-08-31T19:45:00+0200,9385.01,MW,BE,BE,forecast_load,Forecasted Load,2026-09-03T15:05:17Z
2026-09-03T15:04:38Z,2026-09-03T17:04:38+0200,816aef31-cbff-45b7-ba9c-c50352af8a5b,2026-08-31T18:00:00Z,2026-08-31T20:00:00+0200,9419.04,MW,BE,BE,forecast_load,Forecasted Load,2026-09-03T15:05:17Z
2026-09-03T15:04:38Z,2026-09-03T17:04:38+0200,816aef31-cbff-45b7-ba9c-c50352af8a5b,2026-08-31T18:15:00Z,2026-08-31T20:15:00+0200,9388.28,MW,BE,BE,forecast_load,Forecasted Load,2026-09-03T15:05:17Z
2026-09-03T15:04:38Z,2026-09-03T17:04:38+0200,816aef31-cbff-45b7-ba9c-c50352af8a5b,2026-08-31T18:30:00Z,2026-08-31T20:30:00+0200,9329.72,MW,BE,BE,forecast_load,Forecasted Load,2026-09-03T15:05:17Z
2026-09-03T15:04:38Z,2026-09-03T17:04:38+0200,816aef31-cbff-45b7-ba9c-c50352af8a5b,2026-08-31T18:45:00Z,2026-08-31T20:45:00+0200,9336.46,MW,BE,BE,forecast_load,Forecasted Load,2026-09-03T15:05:17Z
2026-09-03T15:04:38Z,2026-09-03T17:04:38+0200,816aef31-cbff-45b7-ba9c-c50352af8a5b,2026-08-31T19:00:00Z,2026-08-31T21:00:00+0200,9173.57,MW,BE,BE,forecast_load,Forecasted Load,2026-09-03T15:05:17Z
2026-09-03T15:04:38Z,2026-09-03T17:04:38+0200,816aef31-cbff-45b7-ba9c-c50352af8a5b,2026-08-31T19:15:00Z,2026-08-31T21:15:00+0200,9195.03,MW,BE,BE,forecast_load,Forecasted Load,2026-09-03T15:05:17Z
2026-09-03T15:04:38Z,2026-09-03T17:04:38+0200,816aef31-cbff-45b7-ba9c-c50352af8a5b,2026-08-31T19:30:00Z,2026-08-31T21:30:00+0200,9163.71,MW,BE,BE,forecast_load,Forecasted Load,2026-09-03T15:05:17Z
2026-09-03T15:04:38Z,2026-09-03T17:04:38+0200,816aef31-cbff-45b7-ba9c-c50352af8a5b,2026-08-31T19:45:00Z,2026-08-31T21:45:00+0200,9076.41,MW,BE,BE,forecast_load,Forecasted Load,2026-09-03T15:05:17Z
2026-09-03T15:04:38Z,2026-09-03T17:04:38+0200,816aef31-cbff-45b7-ba9c-c50352af8a5b,2026-08-31T20:00:00Z,2026-08-31T22:00:00+0200,8940.02,MW,BE,BE,forecast_load,Forecasted Load,2026-09-03T15:05:17Z
2026-09-03T15:04:38Z,2026-09-03T17:04:38+0200,816aef31-cbff-45b7-ba9c-c50352af8a5b,2026-08-31T20:15:00Z,2026-08-31T22:15:00+0200,8886.69,MW,BE,BE,forecast_load,Forecasted Load,2026-09-03T15:05:17Z
2026-09-03T15:04:38Z,2026-09-03T17:04:38+0200,816aef31-cbff-45b7-ba9c-c50352af8a5b,2026-08-31T20:30:00Z,2026-08-31T22:30:00+0200,8792.94,MW,BE,BE,forecast_load,Forecasted Load,2026-09-03T15:05:17Z
2026-09-03T15:04:38Z,2026-09-03T17:04:38+0200,816aef31-cbff-45b7-ba9c-c50352af8a5b,2026-08-31T20:45:00Z,2026-08-31T22:45:00+0200,8656.19,MW,BE,BE,forecast_load,Forecasted Load,2026-09-03T15:05:17Z
2026-09-03T15:04:38Z,2026-09-03T17:04:38+0200,816aef31-cbff-45b7-ba9c-c50352af8a5b,2026-08-31T21:00:00Z,2026-08-31T23:00:00+0200,8445.1,MW,BE,BE,forecast_load,Forecasted Load,2026-09-03T15:05:17Z
2026-09-03T15:04:38Z,2026-09-03T17:04:38+0200,816aef31-cbff-45b7-ba9c-c50352af8a5b,2026-08-31T21:15:00Z,2026-08-31T23:15:00+0200,8397.58,MW,BE,BE,forecast_load,Forecasted Load,2026-09-03T15:05:17Z
2026-09-03T15:04:38Z,2026-09-03T17:04:38+0200,816aef31-cbff-45b7-ba9c-c50352af8a5b,2026-08-31T21:30:00Z,2026-08-31T23:30:00+0200,8325.03,MW,BE,BE,forecast_load,Forecasted Load,2026-09-03T15:05:17Z
2026-09-03T15:04:38Z,2026-09-03T17:04:38+0200,816aef31-cbff-45b7-ba9c-c50352af8a5b,2026-08-31T21:45:00Z,2026-08-31T23:45:00+0200,8224.0,MW,BE,BE,forecast_load,Forecasted Load,2026-09-03T15:05:17Z
2026-09-03T15:04:38Z,2026-09-03T17:04:38+0200,816aef31-cbff-45b7-ba9c-c50352af8a5b,2026-08-31T22:00:00Z,2026-09-01T00:00:00+0200,7903.12,MW,BE,BE,forecast_load,Forecasted Load,2026-09-03T15:05:17Z
2026-09-03T15:04:38Z,2026-09-03T17:04:38+0200,816aef31-cbff-45b7-ba9c-c50352af8a5b,2026-08-31T22:15:00Z,2026-09-01T00:15:00+0200,7791.02,MW,BE,BE,forecast_load,Forecasted Load,2026-09-03T15:05:17Z
2026-09-03T15:04:38Z,2026-09-03T17:04:38+0200,816aef31-cbff-45b7-ba9c-c50352af8a5b,2026-08-31T22:30:00Z,2026-09-01T00:30:00+0200,7776.28,MW,BE,BE,forecast_load,Forecasted Load,2026-09-03T15:05:17Z
2026-09-03T15:04:38Z,2026-09-03T17:04:38+0200,816aef31-cbff-45b7-ba9c-c50352af8a5b,2026-08-31T22:45:00Z,2026-09-01T00:45:00+0200,7714.18,MW,BE,BE,forecast_load,Forecasted Load,2026-09-03T15:05:17Z
2026-09-03T15:04:38Z,2026-09-03T17:04:38+0200,816aef31-cbff-45b7-ba9c-c50352af8a5b,2026-08-31T23:00:00Z,2026-09-01T01:00:00+0200,7641.17,MW,BE,BE,forecast_load,Forecasted Load,2026-09-03T15:05:17Z
2026-09-03T15:04:38Z,2026-09-03T17:04:38+0200,816aef31-cbff-45b7-ba9c-c50352af8a5b,2026-08-31T23:15:00Z,2026-09-01T01:15:00+0200,7574.3,MW,BE,BE,forecast_load,Forecasted Load,2026-09-03T15:05:17Z
2026-09-03T15:04:38Z,2026-09-03T17:04:38+0200,816aef31-cbff-45b7-ba9c-c50352af8a5b,2026-08-31T23:30:00Z,2026-09-01T01:30:00+0200,7557.56,MW,BE,BE,forecast_load,Forecasted Load,2026-09-03T15:05:17Z
2026-09-03T15:04:38Z,2026-09-03T17:04:38+0200,816aef31-cbff-45b7-ba9c-c50352af8a5b,2026-08-31T23:45:00Z,2026-09-01T01:45:00+0200,7471.24,MW,BE,BE,forecast_load,Forecasted Load,2026-09-03T15:05:17Z
2026-09-03T15:04:38Z,2026-09-03T17:04:38+0200,816aef31-cbff-45b7-ba9c-c50352af8a5b,2026-09-01T00:00:00Z,2026-09-01T02:00:00+0200,7401.45,MW,BE,BE,forecast_load,Forecasted Load,2026-09-03T15:05:17Z
2026-09-03T15:04:38Z,2026-09-03T17:04:38+0200,816aef31-cbff-45b7-ba9c-c50352af8a5b,2026-09-01T00:15:00Z,2026-09-01T02:15:00+0200,7388.48,MW,BE,BE,forecast_load,Forecasted Load,2026-09-03T15:05:17Z
2026-09-03T15:04:38Z,2026-09-03T17:04:38+0200,816aef31-cbff-45b7-ba9c-c50352af8a5b,2026-09-01T00:30:00Z,2026-09-01T02:30:00+0200,7361.3,MW,BE,BE,forecast_load,Forecasted Load,2026-09-03T15:05:17Z
2026-09-03T15:04:38Z,2026-09-03T17:04:38+0200,816aef31-cbff-45b7-ba9c-c50352af8a5b,2026-09-01T00:45:00Z,2026-09-01T02:45:00+0200,7351.8,MW,BE,BE,forecast_load,Forecasted Load,2026-09-03T15:05:17Z
2026-09-03T15:04:38Z,2026-09-03T17:04:38+0200,816aef31-cbff-45b7-ba9c-c50352af8a5b,2026-09-01T01:00:00Z,2026-09-01T03:00:00+0200,7315.78,MW,BE,BE,forecast_load,Forecasted Load,2026-09-03T15:05:17Z
2026-09-03T15:04:38Z,2026-09-03T17:04:38+0200,816aef31-cbff-45b7-ba9c-c50352af8a5b,2026-09-01T01:15:00Z,2026-09-01T03:15:00+0200,7317.11,MW,BE,BE,forecast_load,Forecasted Load,2026-09-03T15:05:17Z
2026-09-03T15:04:38Z,2026-09-03T17:04:38+0200,816aef31-cbff-45b7-ba9c-c50352af8a5b,2026-09-01T01:30:00Z,2026-09-01T03:30:00+0200,7293.25,MW,BE,BE,forecast_load,Forecasted Load,2026-09-03T15:05:17Z
2026-09-03T15:04:38Z,2026-09-03T17:04:38+0200,816aef31-cbff-45b7-ba9c-c50352af8a5b,2026-09-01T01:45:00Z,2026-09-01T03:45:00+0200,7284.97,MW,BE,BE,forecast_load,Forecasted Load,2026-09-03T15:05:17Z
2026-09-03T15:04:38Z,2026-09-03T17:04:38+0200,816aef31-cbff-45b7-ba9c-c50352af8a5b,2026-09-01T02:00:00Z,2026-09-01T04:00:00+0200,7279.62,MW,BE,BE,forecast_load,Forecasted Load,2026-09-03T15:05:17Z
2026-09-03T15:04:38Z,2026-09-03T17:04:38+0200,816aef31-cbff-45b7-ba9c-c50352af8a5b,2026-09-01T02:15:00Z,2026-09-01T04:15:00+0200,7287.77,MW,BE,BE,forecast_load,Forecasted Load,2026-09-03T15:05:17Z
2026-09-03T15:04:38Z,2026-09-03T17:04:38+0200,816aef31-cbff-45b7-ba9c-c50352af8a5b,2026-09-01T02:30:00Z,2026-09-01T04:30:00+0200,7312.0,MW,BE,BE,forecast_load,Forecasted Load,2026-09-03T15:05:17Z
2026-09-03T15:04:38Z,2026-09-03T17:04:38+0200,816aef31-cbff-45b7-ba9c-c50352af8a5b,2026-09-01T02:45:00Z,2026-09-01T04:45:00+0200,7333.71,MW,BE,BE,forecast_load,Forecasted Load,2026-09-03T15:05:17Z
2026-09-03T15:04:38Z,2026-09-03T17:04:38+0200,816aef31-cbff-45b7-ba9c-c50352af8a5b,2026-09-01T03:00:00Z,2026-09-01T05:00:00+0200,7592.98,MW,BE,BE,forecast_load,Forecasted Load,2026-09-03T15:05:17Z
2026-09-03T15:04:38Z,2026-09-03T17:04:38+0200,816aef31-cbff-45b7-ba9c-c50352af8a5b,2026-09-01T03:15:00Z,2026-09-01T05:15:00+0200,7662.79,MW,BE,BE,forecast_load,Forecasted Load,2026-09-03T15:05:17Z
2026-09-03T15:04:38Z,2026-09-03T17:04:38+0200,816aef31-cbff-45b7-ba9c-c50352af8a5b,2026-09-01T03:30:00Z,2026-09-01T05:30:00+0200,7729.03,MW,BE,BE,forecast_load,Forecasted Load,2026-09-03T15:05:17Z
2026-09-03T15:04:38Z,2026-09-03T17:04:38+0200,816aef31-cbff-45b7-ba9c-c50352af8a5b,2026-09-01T03:45:00Z,2026-09-01T05:45:00+0200,7799.96,MW,BE,BE,forecast_load,Forecasted Load,2026-09-03T15:05:17Z
2026-09-03T15:04:38Z,2026-09-03T17:04:38+0200,816aef31-cbff-45b7-ba9c-c50352af8a5b,2026-09-01T04:00:00Z,2026-09-01T06:00:00+0200,8168.76,MW,BE,BE,forecast_load,Forecasted Load,2026-09-03T15:05:17Z
2026-09-03T15:04:38Z,2026-09-03T17:04:38+0200,816aef31-cbff-45b7-ba9c-c50352af8a5b,2026-09-01T04:15:00Z,2026-09-01T06:15:00+0200,8314.6,MW,BE,BE,forecast_load,Forecasted Load,2026-09-03T15:05:17Z
2026-09-03T15:04:38Z,2026-09-03T17:04:38+0200,816aef31-cbff-45b7-ba9c-c50352af8a5b,2026-09-01T04:30:00Z,2026-09-01T06:30:00+0200,8417.15,MW,BE,BE,forecast_load,Forecasted Load,2026-09-03T15:05:17Z
2026-09-03T15:04:38Z,2026-09-03T17:04:38+0200,816aef31-cbff-45b7-ba9c-c50352af8a5b,2026-09-01T04:45:00Z,2026-09-01T06:45:00+0200,8550.66,MW,BE,BE,forecast_load,Forecasted Load,2026-09-03T15:05:17Z
2026-09-03T15:04:38Z,2026-09-03T17:04:38+0200,816aef31-cbff-45b7-ba9c-c50352af8a5b,2026-09-01T05:00:00Z,2026-09-01T07:00:00+0200,8758.51,MW,BE,BE,forecast_load,Forecasted Load,2026-09-03T15:05:17Z
2026-09-03T15:04:38Z,2026-09-03T17:04:38+0200,816aef31-cbff-45b7-ba9c-c50352af8a5b,2026-09-01T05:15:00Z,2026-09-01T07:15:00+0200,8952.65,MW,BE,BE,forecast_load,Forecasted Load,2026-09-03T15:05:17Z
2026-09-03T15:04:38Z,2026-09-03T17:04:38+0200,816aef31-cbff-45b7-ba9c-c50352af8a5b,2026-09-01T05:30:00Z,2026-09-01T07:30:00+0200,9201.3,MW,BE,BE,forecast_load,Forecasted Load,2026-09-03T15:05:17Z
2026-09-03T15:04:38Z,2026-09-03T17:04:38+0200,816aef31-cbff-45b7-ba9c-c50352af8a5b,2026-09-01T05:45:00Z,2026-09-01T07:45:00+0200,9354.68,MW,BE,BE,forecast_load,Forecasted Load,2026-09-03T15:05:17Z
2026-09-03T15:04:38Z,2026-09-03T17:04:38+0200,816aef31-cbff-45b7-ba9c-c50352af8a5b,2026-09-01T06:00:00Z,2026-09-01T08:00:00+0200,9490.45,MW,BE,BE,forecast_load,Forecasted Load,2026-09-03T15:05:17Z
2026-09-03T15:04:38Z,2026-09-03T17:04:38+0200,816aef31-cbff-45b7-ba9c-c50352af8a5b,2026-09-01T06:15:00Z,2026-09-01T08:15:00+0200,9664.55,MW,BE,BE,forecast_load,Forecasted Load,2026-09-03T15:05:17Z
2026-09-03T15:04:38Z,2026-09-03T17:04:38+0200,816aef31-cbff-45b7-ba9c-c50352af8a5b,2026-09-01T06:30:00Z,2026-09-01T08:30:00+0200,9844.94,MW,BE,BE,forecast_load,Forecasted Load,2026-09-03T15:05:17Z
2026-09-03T15:04:38Z,2026-09-03T17:04:38+0200,816aef31-cbff-45b7-ba9c-c50352af8a5b,2026-09-01T06:45:00Z,2026-09-01T08:45:00+0200,9995.09,MW,BE,BE,forecast_load,Forecasted Load,2026-09-03T15:05:17Z
2026-09-03T15:04:38Z,2026-09-03T17:04:38+0200,816aef31-cbff-45b7-ba9c-c50352af8a5b,2026-09-01T07:00:00Z,2026-09-01T09:00:00+0200,9982.34,MW,BE,BE,forecast_load,Forecasted Load,2026-09-03T15:05:17Z
2026-09-03T15:04:38Z,2026-09-03T17:04:38+0200,816aef31-cbff-45b7-ba9c-c50352af8a5b,2026-09-01T07:15:00Z,2026-09-01T09:15:00+0200,10050.51,MW,BE,BE,forecast_load,Forecasted Load,2026-09-03T15:05:17Z
2026-09-03T15:04:38Z,2026-09-03T17:04:38+0200,816aef31-cbff-45b7-ba9c-c50352af8a5b,2026-09-01T07:30:00Z,2026-09-01T09:30:00+0200,10176.43,MW,BE,BE,forecast_load,Forecasted Load,2026-09-03T15:05:17Z
2026-09-03T15:04:38Z,2026-09-03T17:04:38+0200,816aef31-cbff-45b7-ba9c-c50352af8a5b,2026-09-01T07:45:00Z,2026-09-01T09:45:00+0200,10251.29,MW,BE,BE,forecast_load,Forecasted Load,2026-09-03T15:05:17Z
2026-09-03T15:04:38Z,2026-09-03T17:04:38+0200,816aef31-cbff-45b7-ba9c-c50352af8a5b,2026-09-01T08:00:00Z,2026-09-01T10:00:00+0200,10176.4,MW,BE,BE,forecast_load,Forecasted Load,2026-09-03T15:05:17Z
2026-09-03T15:04:38Z,2026-09-03T17:04:38+0200,816aef31-cbff-45b7-ba9c-c50352af8a5b,2026-09-01T08:15:00Z,2026-09-01T10:15:00+0200,10211.84,MW,BE,BE,forecast_load,Forecasted Load,2026-09-03T15:05:17Z
2026-09-03T15:04:38Z,2026-09-03T17:04:38+0200,816aef31-cbff-45b7-ba9c-c50352af8a5b,2026-09-01T08:30:00Z,2026-09-01T10:30:00+0200,10270.37,MW,BE,BE,forecast_load,Forecasted Load,2026-09-03T15:05:17Z
2026-09-03T15:04:38Z,2026-09-03T17:04:38+0200,816aef31-cbff-45b7-ba9c-c50352af8a5b,2026-09-01T08:45:00Z,2026-09-01T10:45:00+0200,10378.7,MW,BE,BE,forecast_load,Forecasted Load,2026-09-03T15:05:17Z
2026-09-03T15:04:38Z,2026-09-03T17:04:38+0200,816aef31-cbff-45b7-ba9c-c50352af8a5b,2026-09-01T09:00:00Z,2026-09-01T11:00:00+0200,10309.51,MW,BE,BE,forecast_load,Forecasted Load,2026-09-03T15:05:17Z
2026-09-03T15:04:38Z,2026-09-03T17:04:38+0200,816aef31-cbff-45b7-ba9c-c50352af8a5b,2026-09-01T09:15:00Z,2026-09-01T11:15:00+0200,10385.96,MW,BE,BE,forecast_load,Forecasted Load,2026-09-03T15:05:17Z
2026-09-03T15:04:38Z,2026-09-03T17:04:38+0200,816aef31-cbff-45b7-ba9c-c50352af8a5b,2026-09-01T09:30:00Z,2026-09-01T11:30:00+0200,10469.53,MW,BE,BE,forecast_load,Forecasted Load,2026-09-03T15:05:17Z
2026-09-03T15:04:38Z,2026-09-03T17:04:38+0200,816aef31-cbff-45b7-ba9c-c50352af8a5b,2026-09-01T09:45:00Z,2026-09-01T11:45:00+0200,10531.77,MW,BE,BE,forecast_load,Forecasted Load,2026-09-03T15:05:17Z
2026-09-03T15:04:38Z,2026-09-03T17:04:38+0200,816aef31-cbff-45b7-ba9c-c50352af8a5b,2026-09-01T10:00:00Z,2026-09-01T12:00:00+0200,10592.76,MW,BE,BE,forecast_load,Forecasted Load,2026-09-03T15:05:17Z
2026-09-03T15:04:38Z,2026-09-03T17:04:38+0200,816aef31-cbff-45b7-ba9c-c50352af8a5b,2026-09-01T10:15:00Z,2026-09-01T12:15:00+0200,10577.07,MW,BE,BE,forecast_load,Forecasted Load,2026-09-03T15:05:17Z
2026-09-03T15:04:38Z,2026-09-03T17:04:38+0200,816aef31-cbff-45b7-ba9c-c50352af8a5b,2026-09-01T10:30:00Z,2026-09-01T12:30:00+0200,10571.08,MW,BE,BE,forecast_load,Forecasted Load,2026-09-03T15:05:17Z
2026-09-03T15:04:38Z,2026-09-03T17:04:38+0200,816aef31-cbff-45b7-ba9c-c50352af8a5b,2026-09-01T10:45:00Z,2026-09-01T12:45:00+0200,10631.85,MW,BE,BE,forecast_load,Forecasted Load,2026-09-03T15:05:17Z
2026-09-03T15:04:38Z,2026-09-03T17:04:38+0200,816aef31-cbff-45b7-ba9c-c50352af8a5b,2026-09-01T11:00:00Z,2026-09-01T13:00:00+0200,10867.68,MW,BE,BE,forecast_load,Forecasted Load,2026-09-03T15:05:17Z
2026-09-03T15:04:38Z,2026-09-03T17:04:38+0200,816aef31-cbff-45b7-ba9c-c50352af8a5b,2026-09-01T11:15:00Z,2026-09-01T13:15:00+0200,10831.86,MW,BE,BE,forecast_load,Forecasted Load,2026-09-03T15:05:17Z
2026-09-03T15:04:38Z,2026-09-03T17:04:38+0200,816aef31-cbff-45b7-ba9c-c50352af8a5b,2026-09-01T11:30:00Z,2026-09-01T13:30:00+0200,10855.19,MW,BE,BE,forecast_load,Forecasted Load,2026-09-03T15:05:17Z
2026-09-03T15:04:38Z,2026-09-03T17:04:38+0200,816aef31-cbff-45b7-ba9c-c50352af8a5b,2026-09-01T11:45:00Z,2026-09-01T13:45:00+0200,10822.17,MW,BE,BE,forecast_load,Forecasted Load,2026-09-03T15:05:17Z
2026-09-03T15:04:38Z,2026-09-03T17:04:38+0200,816aef31-cbff-45b7-ba9c-c50352af8a5b,2026-09-01T12:00:00Z,2026-09-01T14:00:00+0200,10878.7,MW,BE,BE,forecast_load,Forecasted Load,2026-09-03T15:05:17Z
2026-09-03T15:04:38Z,2026-09-03T17:04:38+0200,816aef31-cbff-45b7-ba9c-c50352af8a5b,2026-09-01T12:15:00Z,2026-09-01T14:15:00+0200,10813.97,MW,BE,BE,forecast_load,Forecasted Load,2026-09-03T15:05:17Z
2026-09-03T15:04:38Z,2026-09-03T17:04:38+0200,816aef31-cbff-45b7-ba9c-c50352af8a5b,2026-09-01T12:30:00Z,2026-09-01T14:30:00+0200,10761.9,MW,BE,BE,forecast_load,Forecasted Load,2026-09-03T15:05:17Z
2026-09-03T15:04:38Z,2026-09-03T17:04:38+0200,816aef31-cbff-45b7-ba9c-c50352af8a5b,2026-09-01T12:45:00Z,2026-09-01T14:45:00+0200,10678.33,MW,BE,BE,forecast_load,Forecasted Load,2026-09-03T15:05:17Z
2026-09-03T15:04:38Z,2026-09-03T17:04:38+0200,816aef31-cbff-45b7-ba9c-c50352af8a5b,2026-09-01T13:00:00Z,2026-09-01T15:00:00+0200,10545.04,MW,BE,BE,forecast_load,Forecasted Load,2026-09-03T15:05:17Z
2026-09-03T15:04:38Z,2026-09-03T17:04:38+0200,816aef31-cbff-45b7-ba9c-c50352af8a5b,2026-09-01T13:15:00Z,2026-09-01T15:15:00+0200,10452.26,MW,BE,BE,forecast_load,Forecasted Load,2026-09-03T15:05:17Z
2026-09-03T15:04:38Z,2026-09-03T17:04:38+0200,816aef31-cbff-45b7-ba9c-c50352af8a5b,2026-09-01T13:30:00Z,2026-09-01T15:30:00+0200,10434.28,MW,BE,BE,forecast_load,Forecasted Load,2026-09-03T15:05:17Z
2026-09-03T15:04:38Z,2026-09-03T17:04:38+0200,816aef31-cbff-45b7-ba9c-c50352af8a5b,2026-09-01T13:45:00Z,2026-09-01T15:45:00+0200,10354.19,MW,BE,BE,forecast_load,Forecasted Load,2026-09-03T15:05:17Z
2026-09-03T15:04:38Z,2026-09-03T17:04:38+0200,816aef31-cbff-45b7-ba9c-c50352af8a5b,2026-09-01T14:00:00Z,2026-09-01T16:00:00+0200,10190.57,MW,BE,BE,forecast_load,Forecasted Load,2026-09-03T15:05:17Z
2026-09-03T15:04:38Z,2026-09-03T17:04:38+0200,816aef31-cbff-45b7-ba9c-c50352af8a5b,2026-09-01T14:15:00Z,2026-09-01T16:15:00+0200,10125.27,MW,BE,BE,forecast_load,Forecasted Load,2026-09-03T15:05:17Z
2026-09-03T15:04:38Z,2026-09-03T17:04:38+0200,816aef31-cbff-45b7-ba9c-c50352af8a5b,2026-09-01T14:30:00Z,2026-09-01T16:30:00+0200,10062.44,MW,BE,BE,forecast_load,Forecasted Load,2026-09-03T15:05:17Z
2026-09-03T15:04:38Z,2026-09-03T17:04:38+0200,816aef31-cbff-45b7-ba9c-c50352af8a5b,2026-09-01T14:45:00Z,2026-09-01T16:45:00+0200,10020.96,MW,BE,BE,forecast_load,Forecasted Load,2026-09-03T15:05:17Z
2026-09-03T15:04:38Z,2026-09-03T17:04:38+0200,816aef31-cbff-45b7-ba9c-c50352af8a5b,2026-09-01T15:00:00Z,2026-09-01T17:00:00+0200,10196.62,MW,BE,BE,forecast_load,Forecasted Load,2026-09-03T15:05:17Z
2026-09-03T15:04:38Z,2026-09-03T17:04:38+0200,816aef31-cbff-45b7-ba9c-c50352af8a5b,2026-09-01T15:15:00Z,2026-09-01T17:15:00+0200,10175.8,MW,BE,BE,forecast_load,Forecasted Load,2026-09-03T15:05:17Z
2026-09-03T15:04:38Z,2026-09-03T17:04:38+0200,816aef31-cbff-45b7-ba9c-c50352af8a5b,2026-09-01T15:30:00Z,2026-09-01T17:30:00+0200,10235.22,MW,BE,BE,forecast_load,Forecasted Load,2026-09-03T15:05:17Z
2026-09-03T15:04:38Z,2026-09-03T17:04:38+0200,816aef31-cbff-45b7-ba9c-c50352af8a5b,2026-09-01T15:45:00Z,2026-09-01T17:45:00+0200,10210.09,MW,BE,BE,forecast_load,Forecasted Load,2026-09-03T15:05:17Z
2026-09-03T15:04:38Z,2026-09-03T17:04:38+0200,816aef31-cbff-45b7-ba9c-c50352af8a5b,2026-09-01T16:00:00Z,2026-09-01T18:00:00+0200,9993.62,MW,BE,BE,forecast_load,Forecasted Load,2026-09-03T15:05:17Z
2026-09-03T15:04:38Z,2026-09-03T17:04:38+0200,816aef31-cbff-45b7-ba9c-c50352af8a5b,2026-09-01T16:15:00Z,2026-09-01T18:15:00+0200,9976.58,MW,BE,BE,forecast_load,Forecasted Load,2026-09-03T15:05:17Z
2026-09-03T15:04:38Z,2026-09-03T17:04:38+0200,816aef31-cbff-45b7-ba9c-c50352af8a5b,2026-09-01T16:30:00Z,2026-09-01T18:30:00+0200,9970.37,MW,BE,BE,forecast_load,Forecasted Load,2026-09-03T15:05:17Z
2026-09-03T15:04:38Z,2026-09-03T17:04:38+0200,816aef31-cbff-45b7-ba9c-c50352af8a5b,2026-09-01T16:45:00Z,2026-09-01T18:45:00+0200,9876.13,MW,BE,BE,forecast_load,Forecasted Load,2026-09-03T15:05:17Z
2026-09-03T15:04:38Z,2026-09-03T17:04:38+0200,816aef31-cbff-45b7-ba9c-c50352af8a5b,2026-09-01T17:00:00Z,2026-09-01T19:00:00+0200,9822.16,MW,BE,BE,forecast_load,Forecasted Load,2026-09-03T15:05:17Z
2026-09-03T15:04:38Z,2026-09-03T17:04:38+0200,816aef31-cbff-45b7-ba9c-c50352af8a5b,2026-09-01T17:15:00Z,2026-09-01T19:15:00+0200,9686.4,MW,BE,BE,forecast_load,Forecasted Load,2026-09-03T15:05:17Z
2026-09-03T15:04:38Z,2026-09-03T17:04:38+0200,816aef31-cbff-45b7-ba9c-c50352af8a5b,2026-09-01T17:30:00Z,2026-09-01T19:30:00+0200,9598.19,MW,BE,BE,forecast_load,Forecasted Load,2026-09-03T15:05:17Z
2026-09-03T15:04:38Z,2026-09-03T17:04:38+0200,816aef31-cbff-45b7-ba9c-c50352af8a5b,2026-09-01T17:45:00Z,2026-09-01T19:45:00+0200,9504.45,MW,BE,BE,forecast_load,Forecasted Load,2026-09-03T15:05:17Z
2026-09-03T15:04:38Z,2026-09-03T17:04:38+0200,816aef31-cbff-45b7-ba9c-c50352af8a5b,2026-09-01T18:00:00Z,2026-09-01T20:00:00+0200,9373.08,MW,BE,BE,forecast_load,Forecasted Load,2026-09-03T15:05:17Z
2026-09-03T15:04:38Z,2026-09-03T17:04:38+0200,816aef31-cbff-45b7-ba9c-c50352af8a5b,2026-09-01T18:15:00Z,2026-09-01T20:15:00+0200,9279.72,MW,BE,BE,forecast_load,Forecasted Load,2026-09-03T15:05:17Z
2026-09-03T15:04:38Z,2026-09-03T17:04:38+0200,816aef31-cbff-45b7-ba9c-c50352af8a5b,2026-09-01T18:30:00Z,2026-09-01T20:30:00+0200,9286.96,MW,BE,BE,forecast_load,Forecasted Load,2026-09-03T15:05:17Z
2026-09-03T15:04:38Z,2026-09-03T17:04:38+0200,816aef31-cbff-45b7-ba9c-c50352af8a5b,2026-09-01T18:45:00Z,2026-09-01T20:45:00+0200,9267.59,MW,BE,BE,forecast_load,Forecasted Load,2026-09-03T15:05:17Z
2026-09-03T15:04:38Z,2026-09-03T17:04:38+0200,816aef31-cbff-45b7-ba9c-c50352af8a5b,2026-09-01T19:00:00Z,2026-09-01T21:00:00+0200,9340.42,MW,BE,BE,forecast_load,Forecasted Load,2026-09-03T15:05:17Z
2026-09-03T15:04:38Z,2026-09-03T17:04:38+0200,816aef31-cbff-45b7-ba9c-c50352af8a5b,2026-09-01T19:15:00Z,2026-09-01T21:15:00+0200,9371.41,MW,BE,BE,forecast_load,Forecasted Load,2026-09-03T15:05:17Z
2026-09-03T15:04:38Z,2026-09-03T17:04:38+0200,816aef31-cbff-45b7-ba9c-c50352af8a5b,2026-09-01T19:30:00Z,2026-09-01T21:30:00+0200,9359.47,MW,BE,BE,forecast_load,Forecasted Load,2026-09-03T15:05:17Z
2026-09-03T15:04:38Z,2026-09-03T17:04:38+0200,816aef31-cbff-45b7-ba9c-c50352af8a5b,2026-09-01T19:45:00Z,2026-09-01T21:45:00+0200,9282.02,MW,BE,BE,forecast_load,Forecasted Load,2026-09-03T15:05:17Z
2026-09-03T15:04:38Z,2026-09-03T17:04:38+0200,816aef31-cbff-45b7-ba9c-c50352af8a5b,2026-09-01T20:00:00Z,2026-09-01T22:00:00+0200,9249.87,MW,BE,BE,forecast_load,Forecasted Load,2026-09-03T15:05:17Z
2026-09-03T15:04:38Z,2026-09-03T17:04:38+0200,816aef31-cbff-45b7-ba9c-c50352af8a5b,2026-09-01T20:15:00Z,2026-09-01T22:15:00+0200,9201.56,MW,BE,BE,forecast_load,Forecasted Load,2026-09-03T15:05:17Z
2026-09-03T15:04:38Z,2026-09-03T17:04:38+0200,816aef31-cbff-45b7-ba9c-c50352af8a5b,2026-09-01T20:30:00Z,2026-09-01T22:30:00+0200,9070.75,MW,BE,BE,forecast_load,Forecasted Load,2026-09-03T15:05:17Z
2026-09-03T15:04:38Z,2026-09-03T17:04:38+0200,816aef31-cbff-45b7-ba9c-c50352af8a5b,2026-09-01T20:45:00Z,2026-09-01T22:45:00+0200,8960.57,MW,BE,BE,forecast_load,Forecasted Load,2026-09-03T15:05:17Z
2026-09-03T15:04:38Z,2026-09-03T17:04:38+0200,816aef31-cbff-45b7-ba9c-c50352af8a5b,2026-09-01T21:00:00Z,2026-09-01T23:00:00+0200,8879.7,MW,BE,BE,forecast_load,Forecasted Load,2026-09-03T15:05:17Z
2026-09-03T15:04:38Z,2026-09-03T17:04:38+0200,816aef31-cbff-45b7-ba9c-c50352af8a5b,2026-09-01T21:15:00Z,2026-09-01T23:15:00+0200,8766.73,MW,BE,BE,forecast_load,Forecasted Load,2026-09-03T15:05:17Z
2026-09-03T15:04:38Z,2026-09-03T17:04:38+0200,816aef31-cbff-45b7-ba9c-c50352af8a5b,2026-09-01T21:30:00Z,2026-09-01T23:30:00+0200,8646.82,MW,BE,BE,forecast_load,Forecasted Load,2026-09-03T15:05:17Z
2026-09-03T15:04:38Z,2026-09-03T17:04:38+0200,816aef31-cbff-45b7-ba9c-c50352af8a5b,2026-09-01T21:45:00Z,2026-09-01T23:45:00+0200,8533.6,MW,BE,BE,forecast_load,Forecasted Load,2026-09-03T15:05:17Z
2026-09-03T15:04:38Z,2026-09-03T17:04:38+0200,816aef31-cbff-45b7-ba9c-c50352af8a5b,2026-09-01T22:00:00Z,2026-09-02T00:00:00+0200,8219.82,MW,BE,BE,forecast_load,Forecasted Load,2026-09-03T15:05:17Z
2026-09-03T15:04:38Z,2026-09-03T17:04:38+0200,816aef31-cbff-45b7-ba9c-c50352af8a5b,2026-09-01T22:15:00Z,2026-09-02T00:15:00+0200,8080.86,MW,BE,BE,forecast_load,Forecasted Load,2026-09-03T15:05:17Z
2026-09-03T15:04:38Z,2026-09-03T17:04:38+0200,816aef31-cbff-45b7-ba9c-c50352af8a5b,2026-09-01T22:30:00Z,2026-09-02T00:30:00+0200,8005.16,MW,BE,BE,forecast_load,Forecasted Load,2026-09-03T15:05:17Z
2026-09-03T15:04:38Z,2026-09-03T17:04:38+0200,816aef31-cbff-45b7-ba9c-c50352af8a5b,2026-09-01T22:45:00Z,2026-09-02T00:45:00+0200,7917.24,MW,BE,BE,forecast_load,Forecasted Load,2026-09-03T15:05:17Z
2026-09-03T15:04:38Z,2026-09-03T17:04:38+0200,816aef31-cbff-45b7-ba9c-c50352af8a5b,2026-09-01T23:00:00Z,2026-09-02T01:00:00+0200,7758.03,MW,BE,BE,forecast_load,Forecasted Load,2026-09-03T15:05:17Z
2026-09-03T15:04:38Z,2026-09-03T17:04:38+0200,816aef31-cbff-45b7-ba9c-c50352af8a5b,2026-09-01T23:15:00Z,2026-09-02T01:15:00+0200,7687.06,MW,BE,BE,forecast_load,Forecasted Load,2026-09-03T15:05:17Z
2026-09-03T15:04:38Z,2026-09-03T17:04:38+0200,816aef31-cbff-45b7-ba9c-c50352af8a5b,2026-09-01T23:30:00Z,2026-09-02T01:30:00+0200,7606.26,MW,BE,BE,forecast_load,Forecasted Load,2026-09-03T15:05:17Z
2026-09-03T15:04:38Z,2026-09-03T17:04:38+0200,816aef31-cbff-45b7-ba9c-c50352af8a5b,2026-09-01T23:45:00Z,2026-09-02T01:45:00+0200,7546.87,MW,BE,BE,forecast_load,Forecasted Load,2026-09-03T15:05:17Z
2026-09-03T15:04:38Z,2026-09-03T17:04:38+0200,816aef31-cbff-45b7-ba9c-c50352af8a5b,2026-09-02T00:00:00Z,2026-09-02T02:00:00+0200,7427.36,MW,BE,BE,forecast_load,Forecasted Load,2026-09-03T15:05:17Z
2026-09-03T15:04:38Z,2026-09-03T17:04:38+0200,816aef31-cbff-45b7-ba9c-c50352af8a5b,2026-09-02T00:15:00Z,2026-09-02T02:15:00+0200,7414.29,MW,BE,BE,forecast_load,Forecasted Load,2026-09-03T15:05:17Z
2026-09-03T15:04:38Z,2026-09-03T17:04:38+0200,816aef31-cbff-45b7-ba9c-c50352af8a5b,2026-09-02T00:30:00Z,2026-09-02T02:30:00+0200,7387.06,MW,BE,BE,forecast_load,Forecasted Load,2026-09-03T15:05:17Z
2026-09-03T15:04:38Z,2026-09-03T17:04:38+0200,816aef31-cbff-45b7-ba9c-c50352af8a5b,2026-09-02T00:45:00Z,2026-09-02T02:45:00+0200,7377.68,MW,BE,BE,forecast_load,Forecasted Load,2026-09-03T15:05:17Z
2026-09-03T15:04:38Z,2026-09-03T17:04:38+0200,816aef31-cbff-45b7-ba9c-c50352af8a5b,2026-09-02T01:00:00Z,2026-09-02T03:00:00+0200,7313.79,MW,BE,BE,forecast_load,Forecasted Load,2026-09-03T15:05:17Z
2026-09-03T15:04:38Z,2026-09-03T17:04:38+0200,816aef31-cbff-45b7-ba9c-c50352af8a5b,2026-09-02T01:15:00Z,2026-09-02T03:15:00+0200,7315.04,MW,BE,BE,forecast_load,Forecasted Load,2026-09-03T15:05:17Z
2026-09-03T15:04:38Z,2026-09-03T17:04:38+0200,816aef31-cbff-45b7-ba9c-c50352af8a5b,2026-09-02T01:30:00Z,2026-09-02T03:30:00+0200,7291.3,MW,BE,BE,forecast_load,Forecasted Load,2026-09-03T15:05:17Z
2026-09-03T15:04:38Z,2026-09-03T17:04:38+0200,816aef31-cbff-45b7-ba9c-c50352af8a5b,2026-09-02T01:45:00Z,2026-09-02T03:45:00+0200,7283.13,MW,BE,BE,forecast_load,Forecasted Load,2026-09-03T15:05:17Z
2026-09-03T15:04:38Z,2026-09-03T17:04:38+0200,816aef31-cbff-45b7-ba9c-c50352af8a5b,2026-09-02T02:00:00Z,2026-09-02T04:00:00+0200,7343.39,MW,BE,BE,forecast_load,Forecasted Load,2026-09-03T15:05:17Z
2026-09-03T15:04:38Z,2026-09-03T17:04:38+0200,816aef31-cbff-45b7-ba9c-c50352af8a5b,2026-09-02T02:15:00Z,2026-09-02T04:15:00+0200,7351.59,MW,BE,BE,forecast_load,Forecasted Load,2026-09-03T15:05:17Z
2026-09-03T15:04:38Z,2026-09-03T17:04:38+0200,816aef31-cbff-45b7-ba9c-c50352af8a5b,2026-09-02T02:30:00Z,2026-09-02T04:30:00+0200,7376.05,MW,BE,BE,forecast_load,Forecasted Load,2026-09-03T15:05:17Z
2026-09-03T15:04:38Z,2026-09-03T17:04:38+0200,816aef31-cbff-45b7-ba9c-c50352af8a5b,2026-09-02T02:45:00Z,2026-09-02T04:45:00+0200,7397.88,MW,BE,BE,forecast_load,Forecasted Load,2026-09-03T15:05:17Z
2026-09-03T15:04:38Z,2026-09-03T17:04:38+0200,816aef31-cbff-45b7-ba9c-c50352af8a5b,2026-09-02T03:00:00Z,2026-09-02T05:00:00+0200,7612.7,MW,BE,BE,forecast_load,Forecasted Load,2026-09-03T15:05:17Z
2026-09-03T15:04:38Z,2026-09-03T17:04:38+0200,816aef31-cbff-45b7-ba9c-c50352af8a5b,2026-09-02T03:15:00Z,2026-09-02T05:15:00+0200,7682.68,MW,BE,BE,forecast_load,Forecasted Load,2026-09-03T15:05:17Z
2026-09-03T15:04:38Z,2026-09-03T17:04:38+0200,816aef31-cbff-45b7-ba9c-c50352af8a5b,2026-09-02T03:30:00Z,2026-09-02T05:30:00+0200,7749.12,MW,BE,BE,forecast_load,Forecasted Load,2026-09-03T15:05:17Z
2026-09-03T15:04:38Z,2026-09-03T17:04:38+0200,816aef31-cbff-45b7-ba9c-c50352af8a5b,2026-09-02T03:45:00Z,2026-09-02T05:45:00+0200,7820.33,MW,BE,BE,forecast_load,Forecasted Load,2026-09-03T15:05:17Z
2026-09-03T15:04:38Z,2026-09-03T17:04:38+0200,816aef31-cbff-45b7-ba9c-c50352af8a5b,2026-09-02T04:00:00Z,2026-09-02T06:00:00+0200,8146.87,MW,BE,BE,forecast_load,Forecasted Load,2026-09-03T15:05:17Z
2026-09-03T15:04:38Z,2026-09-03T17:04:38+0200,816aef31-cbff-45b7-ba9c-c50352af8a5b,2026-09-02T04:15:00Z,2026-09-02T06:15:00+0200,8292.76,MW,BE,BE,forecast_load,Forecasted Load,2026-09-03T15:05:17Z
2026-09-03T15:04:38Z,2026-09-03T17:04:38+0200,816aef31-cbff-45b7-ba9c-c50352af8a5b,2026-09-02T04:30:00Z,2026-09-02T06:30:00+0200,8395.38,MW,BE,BE,forecast_load,Forecasted Load,2026-09-03T15:05:17Z
2026-09-03T15:04:38Z,2026-09-03T17:04:38+0200,816aef31-cbff-45b7-ba9c-c50352af8a5b,2026-09-02T04:45:00Z,2026-09-02T06:45:00+0200,8528.57,MW,BE,BE,forecast_load,Forecasted Load,2026-09-03T15:05:17Z
2026-09-03T15:04:38Z,2026-09-03T17:04:38+0200,816aef31-cbff-45b7-ba9c-c50352af8a5b,2026-09-02T05:00:00Z,2026-09-02T07:00:00+0200,8820.26,MW,BE,BE,forecast_load,Forecasted Load,2026-09-03T15:05:17Z
2026-09-03T15:04:38Z,2026-09-03T17:04:38+0200,816aef31-cbff-45b7-ba9c-c50352af8a5b,2026-09-02T05:15:00Z,2026-09-02T07:15:00+0200,9015.82,MW,BE,BE,forecast_load,Forecasted Load,2026-09-03T15:05:17Z
2026-09-03T15:04:38Z,2026-09-03T17:04:38+0200,816aef31-cbff-45b7-ba9c-c50352af8a5b,2026-09-02T05:30:00Z,2026-09-02T07:30:00+0200,9266.14,MW,BE,BE,forecast_load,Forecasted Load,2026-09-03T15:05:17Z
2026-09-03T15:04:38Z,2026-09-03T17:04:38+0200,816aef31-cbff-45b7-ba9c-c50352af8a5b,2026-09-02T05:45:00Z,2026-09-02T07:45:00+0200,9420.62,MW,BE,BE,forecast_load,Forecasted Load,2026-09-03T15:05:17Z
2026-09-03T15:04:38Z,2026-09-03T17:04:38+0200,816aef31-cbff-45b7-ba9c-c50352af8a5b,2026-09-02T06:00:00Z,2026-09-02T08:00:00+0200,9414.82,MW,BE,BE,forecast_load,Forecasted Load,2026-09-03T15:05:17Z
2026-09-03T15:04:38Z,2026-09-03T17:04:38+0200,816aef31-cbff-45b7-ba9c-c50352af8a5b,2026-09-02T06:15:00Z,2026-09-02T08:15:00+0200,9587.53,MW,BE,BE,forecast_load,Forecasted Load,2026-09-03T15:05:17Z
2026-09-03T15:04:38Z,2026-09-03T17:04:38+0200,816aef31-cbff-45b7-ba9c-c50352af8a5b,2026-09-02T06:30:00Z,2026-09-02T08:30:00+0200,9766.52,MW,BE,BE,forecast_load,Forecasted Load,2026-09-03T15:05:17Z
2026-09-03T15:04:38Z,2026-09-03T17:04:38+0200,816aef31-cbff-45b7-ba9c-c50352af8a5b,2026-09-02T06:45:00Z,2026-09-02T08:45:00+0200,9915.38,MW,BE,BE,forecast_load,Forecasted Load,2026-09-03T15:05:17Z
2026-09-03T15:04:38Z,2026-09-03T17:04:38+0200,816aef31-cbff-45b7-ba9c-c50352af8a5b,2026-09-02T07:00:00Z,2026-09-02T09:00:00+0200,10067.1,MW,BE,BE,forecast_load,Forecasted Load,2026-09-03T15:05:17Z
2026-09-03T15:04:38Z,2026-09-03T17:04:38+0200,816aef31-cbff-45b7-ba9c-c50352af8a5b,2026-09-02T07:15:00Z,2026-09-02T09:15:00+0200,10135.83,MW,BE,BE,forecast_load,Forecasted Load,2026-09-03T15:05:17Z
2026-09-03T15:04:38Z,2026-09-03T17:04:38+0200,816aef31-cbff-45b7-ba9c-c50352af8a5b,2026-09-02T07:30:00Z,2026-09-02T09:30:00+0200,10262.57,MW,BE,BE,forecast_load,Forecasted Load,2026-09-03T15:05:17Z
2026-09-03T15:04:38Z,2026-09-03T17:04:38+0200,816aef31-cbff-45b7-ba9c-c50352af8a5b,2026-09-02T07:45:00Z,2026-09-02T09:45:00+0200,10337.83,MW,BE,BE,forecast_load,Forecasted Load,2026-09-03T15:05:17Z
2026-09-03T15:04:38Z,2026-09-03T17:04:38+0200,816aef31-cbff-45b7-ba9c-c50352af8a5b,2026-09-02T08:00:00Z,2026-09-02T10:00:00+0200,10574.15,MW,BE,BE,forecast_load,Forecasted Load,2026-09-03T15:05:17Z
2026-09-03T15:04:38Z,2026-09-03T17:04:38+0200,816aef31-cbff-45b7-ba9c-c50352af8a5b,2026-09-02T08:15:00Z,2026-09-02T10:15:00+0200,10610.76,MW,BE,BE,forecast_load,Forecasted Load,2026-09-03T15:05:17Z
2026-09-03T15:04:38Z,2026-09-03T17:04:38+0200,816aef31-cbff-45b7-ba9c-c50352af8a5b,2026-09-02T08:30:00Z,2026-09-02T10:30:00+0200,10671.55,MW,BE,BE,forecast_load,Forecasted Load,2026-09-03T15:05:17Z
2026-09-03T15:04:38Z,2026-09-03T17:04:38+0200,816aef31-cbff-45b7-ba9c-c50352af8a5b,2026-09-02T08:45:00Z,2026-09-02T10:45:00+0200,10783.91,MW,BE,BE,forecast_load,Forecasted Load,2026-09-03T15:05:17Z
2026-09-03T15:04:38Z,2026-09-03T17:04:38+0200,816aef31-cbff-45b7-ba9c-c50352af8a5b,2026-09-02T09:00:00Z,2026-09-02T11:00:00+0200,10934.54,MW,BE,BE,forecast_load,Forecasted Load,2026-09-03T15:05:17Z
2026-09-03T15:04:38Z,2026-09-03T17:04:38+0200,816aef31-cbff-45b7-ba9c-c50352af8a5b,2026-09-02T09:15:00Z,2026-09-02T11:15:00+0200,11015.44,MW,BE,BE,forecast_load,Forecasted Load,2026-09-03T15:05:17Z
2026-09-03T15:04:38Z,2026-09-03T17:04:38+0200,816aef31-cbff-45b7-ba9c-c50352af8a5b,2026-09-02T09:30:00Z,2026-09-02T11:30:00+0200,11103.73,MW,BE,BE,forecast_load,Forecasted Load,2026-09-03T15:05:17Z
2026-09-03T15:04:38Z,2026-09-03T17:04:38+0200,816aef31-cbff-45b7-ba9c-c50352af8a5b,2026-09-02T09:45:00Z,2026-09-02T11:45:00+0200,11169.41,MW,BE,BE,forecast_load,Forecasted Load,2026-09-03T15:05:17Z
2026-09-03T15:04:38Z,2026-09-03T17:04:38+0200,816aef31-cbff-45b7-ba9c-c50352af8a5b,2026-09-02T10:00:00Z,2026-09-02T12:00:00+0200,11239.98,MW,BE,BE,forecast_load,Forecasted Load,2026-09-03T15:05:17Z
2026-09-03T15:04:38Z,2026-09-03T17:04:38+0200,816aef31-cbff-45b7-ba9c-c50352af8a5b,2026-09-02T10:15:00Z,2026-09-02T12:15:00+0200,11223.08,MW,BE,BE,forecast_load,Forecasted Load,2026-09-03T15:05:17Z
2026-09-03T15:04:38Z,2026-09-03T17:04:38+0200,816aef31-cbff-45b7-ba9c-c50352af8a5b,2026-09-02T10:30:00Z,2026-09-02T12:30:00+0200,11216.57,MW,BE,BE,forecast_load,Forecasted Load,2026-09-03T15:05:17Z
2026-09-03T15:04:38Z,2026-09-03T17:04:38+0200,816aef31-cbff-45b7-ba9c-c50352af8a5b,2026-09-02T10:45:00Z,2026-09-02T12:45:00+0200,11280.94,MW,BE,BE,forecast_load,Forecasted Load,2026-09-03T15:05:17Z
2026-09-03T15:04:38Z,2026-09-03T17:04:38+0200,816aef31-cbff-45b7-ba9c-c50352af8a5b,2026-09-02T11:00:00Z,2026-09-02T13:00:00+0200,11179.87,MW,BE,BE,forecast_load,Forecasted Load,2026-09-03T15:05:17Z
2026-09-03T15:04:38Z,2026-09-03T17:04:38+0200,816aef31-cbff-45b7-ba9c-c50352af8a5b,2026-09-02T11:15:00Z,2026-09-02T13:15:00+0200,11143.1,MW,BE,BE,forecast_load,Forecasted Load,2026-09-03T15:05:17Z
2026-09-03T15:04:38Z,2026-09-03T17:04:38+0200,816aef31-cbff-45b7-ba9c-c50352af8a5b,2026-09-02T11:30:00Z,2026-09-02T13:30:00+0200,11167.03,MW,BE,BE,forecast_load,Forecasted Load,2026-09-03T15:05:17Z
2026-09-03T15:04:38Z,2026-09-03T17:04:38+0200,816aef31-cbff-45b7-ba9c-c50352af8a5b,2026-09-02T11:45:00Z,2026-09-02T13:45:00+0200,11132.9,MW,BE,BE,forecast_load,Forecasted Load,2026-09-03T15:05:17Z
2026-09-03T15:04:38Z,2026-09-03T17:04:38+0200,816aef31-cbff-45b7-ba9c-c50352af8a5b,2026-09-02T12:00:00Z,2026-09-02T14:00:00+0200,10836.74,MW,BE,BE,forecast_load,Forecasted Load,2026-09-03T15:05:17Z
2026-09-03T15:04:38Z,2026-09-03T17:04:38+0200,816aef31-cbff-45b7-ba9c-c50352af8a5b,2026-09-02T12:15:00Z,2026-09-02T14:15:00+0200,10772.15,MW,BE,BE,forecast_load,Forecasted Load,2026-09-03T15:05:17Z
2026-09-03T15:04:38Z,2026-09-03T17:04:38+0200,816aef31-cbff-45b7-ba9c-c50352af8a5b,2026-09-02T12:30:00Z,2026-09-02T14:30:00+0200,10720.25,MW,BE,BE,forecast_load,Forecasted Load,2026-09-03T15:05:17Z
2026-09-03T15:04:38Z,2026-09-03T17:04:38+0200,816aef31-cbff-45b7-ba9c-c50352af8a5b,2026-09-02T12:45:00Z,2026-09-02T14:45:00+0200,10637.03,MW,BE,BE,forecast_load,Forecasted Load,2026-09-03T15:05:17Z
2026-09-03T15:04:38Z,2026-09-03T17:04:38+0200,816aef31-cbff-45b7-ba9c-c50352af8a5b,2026-09-02T13:00:00Z,2026-09-02T15:00:00+0200,10315.96,MW,BE,BE,forecast_load,Forecasted Load,2026-09-03T15:05:17Z
2026-09-03T15:04:38Z,2026-09-03T17:04:38+0200,816aef31-cbff-45b7-ba9c-c50352af8a5b,2026-09-02T13:15:00Z,2026-09-02T15:15:00+0200,10225.28,MW,BE,BE,forecast_load,Forecasted Load,2026-09-03T15:05:17Z
2026-09-03T15:04:38Z,2026-09-03T17:04:38+0200,816aef31-cbff-45b7-ba9c-c50352af8a5b,2026-09-02T13:30:00Z,2026-09-02T15:30:00+0200,10207.81,MW,BE,BE,forecast_load,Forecasted Load,2026-09-03T15:05:17Z
2026-09-03T15:04:38Z,2026-09-03T17:04:38+0200,816aef31-cbff-45b7-ba9c-c50352af8a5b,2026-09-02T13:45:00Z,2026-09-02T15:45:00+0200,10129.62,MW,BE,BE,forecast_load,Forecasted Load,2026-09-03T15:05:17Z
2026-09-03T15:04:38Z,2026-09-03T17:04:38+0200,816aef31-cbff-45b7-ba9c-c50352af8a5b,2026-09-02T14:00:00Z,2026-09-02T16:00:00+0200,10040.81,MW,BE,BE,forecast_load,Forecasted Load,2026-09-03T15:05:17Z
2026-09-03T15:04:38Z,2026-09-03T17:04:38+0200,816aef31-cbff-45b7-ba9c-c50352af8a5b,2026-09-02T14:15:00Z,2026-09-02T16:15:00+0200,9977.02,MW,BE,BE,forecast_load,Forecasted Load,2026-09-03T15:05:17Z
2026-09-03T15:04:38Z,2026-09-03T17:04:38+0200,816aef31-cbff-45b7-ba9c-c50352af8a5b,2026-09-02T14:30:00Z,2026-09-02T16:30:00+0200,9915.45,MW,BE,BE,forecast_load,Forecasted Load,2026-09-03T15:05:17Z
2026-09-03T15:04:38Z,2026-09-03T17:04:38+0200,816aef31-cbff-45b7-ba9c-c50352af8a5b,2026-09-02T14:45:00Z,2026-09-02T16:45:00+0200,9874.72,MW,BE,BE,forecast_load,Forecasted Load,2026-09-03T15:05:17Z
2026-09-03T15:04:38Z,2026-09-03T17:04:38+0200,816aef31-cbff-45b7-ba9c-c50352af8a5b,2026-09-02T15:00:00Z,2026-09-02T17:00:00+0200,10008.36,MW,BE,BE,forecast_load,Forecasted Load,2026-09-03T15:05:17Z
2026-09-03T15:04:38Z,2026-09-03T17:04:38+0200,816aef31-cbff-45b7-ba9c-c50352af8a5b,2026-09-02T15:15:00Z,2026-09-02T17:15:00+0200,9987.37,MW,BE,BE,forecast_load,Forecasted Load,2026-09-03T15:05:17Z
2026-09-03T15:04:38Z,2026-09-03T17:04:38+0200,816aef31-cbff-45b7-ba9c-c50352af8a5b,2026-09-02T15:30:00Z,2026-09-02T17:30:00+0200,10045.35,MW,BE,BE,forecast_load,Forecasted Load,2026-09-03T15:05:17Z
2026-09-03T15:04:38Z,2026-09-03T17:04:38+0200,816aef31-cbff-45b7-ba9c-c50352af8a5b,2026-09-02T15:45:00Z,2026-09-02T17:45:00+0200,10020.74,MW,BE,BE,forecast_load,Forecasted Load,2026-09-03T15:05:17Z
2026-09-03T15:04:38Z,2026-09-03T17:04:38+0200,816aef31-cbff-45b7-ba9c-c50352af8a5b,2026-09-02T16:00:00Z,2026-09-02T18:00:00+0200,10129.4,MW,BE,BE,forecast_load,Forecasted Load,2026-09-03T15:05:17Z
2026-09-03T15:04:38Z,2026-09-03T17:04:38+0200,816aef31-cbff-45b7-ba9c-c50352af8a5b,2026-09-02T16:15:00Z,2026-09-02T18:15:00+0200,10112.65,MW,BE,BE,forecast_load,Forecasted Load,2026-09-03T15:05:17Z
2026-09-03T15:04:38Z,2026-09-03T17:04:38+0200,816aef31-cbff-45b7-ba9c-c50352af8a5b,2026-09-02T16:30:00Z,2026-09-02T18:30:00+0200,10106.48,MW,BE,BE,forecast_load,Forecasted Load,2026-09-03T15:05:17Z
2026-09-03T15:04:38Z,2026-09-03T17:04:38+0200,816aef31-cbff-45b7-ba9c-c50352af8a5b,2026-09-02T16:45:00Z,2026-09-02T18:45:00+0200,10011.14,MW,BE,BE,forecast_load,Forecasted Load,2026-09-03T15:05:17Z
2026-09-03T15:04:38Z,2026-09-03T17:04:38+0200,816aef31-cbff-45b7-ba9c-c50352af8a5b,2026-09-02T17:00:00Z,2026-09-02T19:00:00+0200,10007.5,MW,BE,BE,forecast_load,Forecasted Load,2026-09-03T15:05:17Z
2026-09-03T15:04:38Z,2026-09-03T17:04:38+0200,816aef31-cbff-45b7-ba9c-c50352af8a5b,2026-09-02T17:15:00Z,2026-09-02T19:15:00+0200,9869.44,MW,BE,BE,forecast_load,Forecasted Load,2026-09-03T15:05:17Z
2026-09-03T15:04:38Z,2026-09-03T17:04:38+0200,816aef31-cbff-45b7-ba9c-c50352af8a5b,2026-09-02T17:30:00Z,2026-09-02T19:30:00+0200,9779.86,MW,BE,BE,forecast_load,Forecasted Load,2026-09-03T15:05:17Z
2026-09-03T15:04:38Z,2026-09-03T17:04:38+0200,816aef31-cbff-45b7-ba9c-c50352af8a5b,2026-09-02T17:45:00Z,2026-09-02T19:45:00+0200,9684.67,MW,BE,BE,forecast_load,Forecasted Load,2026-09-03T15:05:17Z
2026-09-03T15:04:38Z,2026-09-03T17:04:38+0200,816aef31-cbff-45b7-ba9c-c50352af8a5b,2026-09-02T18:00:00Z,2026-09-02T20:00:00+0200,9635.7,MW,BE,BE,forecast_load,Forecasted Load,2026-09-03T15:05:17Z
2026-09-03T15:04:38Z,2026-09-03T17:04:38+0200,816aef31-cbff-45b7-ba9c-c50352af8a5b,2026-09-02T18:15:00Z,2026-09-02T20:15:00+0200,9540.03,MW,BE,BE,forecast_load,Forecasted Load,2026-09-03T15:05:17Z
2026-09-03T15:04:38Z,2026-09-03T17:04:38+0200,816aef31-cbff-45b7-ba9c-c50352af8a5b,2026-09-02T18:30:00Z,2026-09-02T20:30:00+0200,9547.5,MW,BE,BE,forecast_load,Forecasted Load,2026-09-03T15:05:17Z
2026-09-03T15:04:38Z,2026-09-03T17:04:38+0200,816aef31-cbff-45b7-ba9c-c50352af8a5b,2026-09-02T18:45:00Z,2026-09-02T20:45:00+0200,9527.6,MW,BE,BE,forecast_load,Forecasted Load,2026-09-03T15:05:17Z
2026-09-03T15:04:38Z,2026-09-03T17:04:38+0200,816aef31-cbff-45b7-ba9c-c50352af8a5b,2026-09-02T19:00:00Z,2026-09-02T21:00:00+0200,9534.88,MW,BE,BE,forecast_load,Forecasted Load,2026-09-03T15:05:17Z
2026-09-03T15:04:38Z,2026-09-03T17:04:38+0200,816aef31-cbff-45b7-ba9c-c50352af8a5b,2026-09-02T19:15:00Z,2026-09-02T21:15:00+0200,9566.18,MW,BE,BE,forecast_load,Forecasted Load,2026-09-03T15:05:17Z
2026-09-03T15:04:38Z,2026-09-03T17:04:38+0200,816aef31-cbff-45b7-ba9c-c50352af8a5b,2026-09-02T19:30:00Z,2026-09-02T21:30:00+0200,9553.56,MW,BE,BE,forecast_load,Forecasted Load,2026-09-03T15:05:17Z
2026-09-03T15:04:38Z,2026-09-03T17:04:38+0200,816aef31-cbff-45b7-ba9c-c50352af8a5b,2026-09-02T19:45:00Z,2026-09-02T21:45:00+0200,9474.1,MW,BE,BE,forecast_load,Forecasted Load,2026-09-03T15:05:17Z
2026-09-03T15:04:38Z,2026-09-03T17:04:38+0200,816aef31-cbff-45b7-ba9c-c50352af8a5b,2026-09-02T20:00:00Z,2026-09-02T22:00:00+0200,9334.26,MW,BE,BE,forecast_load,Forecasted Load,2026-09-03T15:05:17Z
2026-09-03T15:04:38Z,2026-09-03T17:04:38+0200,816aef31-cbff-45b7-ba9c-c50352af8a5b,2026-09-02T20:15:00Z,2026-09-02T22:15:00+0200,9285.4,MW,BE,BE,forecast_load,Forecasted Load,2026-09-03T15:05:17Z
2026-09-03T15:04:38Z,2026-09-03T17:04:38+0200,816aef31-cbff-45b7-ba9c-c50352af8a5b,2026-09-02T20:30:00Z,2026-09-02T22:30:00+0200,9153.6,MW,BE,BE,forecast_load,Forecasted Load,2026-09-03T15:05:17Z
2026-09-03T15:04:38Z,2026-09-03T17:04:38+0200,816aef31-cbff-45b7-ba9c-c50352af8a5b,2026-09-02T20:45:00Z,2026-09-02T22:45:00+0200,9042.57,MW,BE,BE,forecast_load,Forecasted Load,2026-09-03T15:05:17Z
2026-09-03T15:04:38Z,2026-09-03T17:04:38+0200,816aef31-cbff-45b7-ba9c-c50352af8a5b,2026-09-02T21:00:00Z,2026-09-02T23:00:00+0200,8854.69,MW,BE,BE,forecast_load,Forecasted Load,2026-09-03T15:05:17Z
2026-09-03T15:04:38Z,2026-09-03T17:04:38+0200,816aef31-cbff-45b7-ba9c-c50352af8a5b,2026-09-02T21:15:00Z,2026-09-02T23:15:00+0200,8741.99,MW,BE,BE,forecast_load,Forecasted Load,2026-09-03T15:05:17Z
2026-09-03T15:04:38Z,2026-09-03T17:04:38+0200,816aef31-cbff-45b7-ba9c-c50352af8a5b,2026-09-02T21:30:00Z,2026-09-02T23:30:00+0200,8622.41,MW,BE,BE,forecast_load,Forecasted Load,2026-09-03T15:05:17Z
2026-09-03T15:04:38Z,2026-09-03T17:04:38+0200,816aef31-cbff-45b7-ba9c-c50352af8a5b,2026-09-02T21:45:00Z,2026-09-02T23:45:00+0200,8509.46,MW,BE,BE,forecast_load,Forecasted Load,2026-09-03T15:05:17Z
2026-09-03T15:04:38Z,2026-09-03T17:04:38+0200,816aef31-cbff-45b7-ba9c-c50352af8a5b,2026-09-02T22:00:00Z,2026-09-03T00:00:00+0200,8144.03,MW,BE,BE,forecast_load,Forecasted Load,2026-09-03T15:05:17Z
2026-09-03T15:04:38Z,2026-09-03T17:04:38+0200,816aef31-cbff-45b7-ba9c-c50352af8a5b,2026-09-02T22:15:00Z,2026-09-03T00:15:00+0200,8011.73,MW,BE,BE,forecast_load,Forecasted Load,2026-09-03T15:05:17Z
2026-09-03T15:04:38Z,2026-09-03T17:04:38+0200,816aef31-cbff-45b7-ba9c-c50352af8a5b,2026-09-02T22:30:00Z,2026-09-03T00:30:00+0200,7941.36,MW,BE,BE,forecast_load,Forecasted Load,2026-09-03T15:05:17Z
2026-09-03T15:04:38Z,2026-09-03T17:04:38+0200,816aef31-cbff-45b7-ba9c-c50352af8a5b,2026-09-02T22:45:00Z,2026-09-03T00:45:00+0200,7858.31,MW,BE,BE,forecast_load,Forecasted Load,2026-09-03T15:05:17Z
2026-09-03T15:04:38Z,2026-09-03T17:04:38+0200,816aef31-cbff-45b7-ba9c-c50352af8a5b,2026-09-02T23:00:00Z,2026-09-03T01:00:00+0200,7779.12,MW,BE,BE,forecast_load,Forecasted Load,2026-09-03T15:05:17Z
2026-09-03T15:04:38Z,2026-09-03T17:04:38+0200,816aef31-cbff-45b7-ba9c-c50352af8a5b,2026-09-02T23:15:00Z,2026-09-03T01:15:00+0200,7706.12,MW,BE,BE,forecast_load,Forecasted Load,2026-09-03T15:05:17Z
2026-09-03T15:04:38Z,2026-09-03T17:04:38+0200,816aef31-cbff-45b7-ba9c-c50352af8a5b,2026-09-02T23:30:00Z,2026-09-03T01:30:00+0200,7629.98,MW,BE,BE,forecast_load,Forecasted Load,2026-09-03T15:05:17Z
2026-09-03T15:04:38Z,2026-09-03T17:04:38+0200,816aef31-cbff-45b7-ba9c-c50352af8a5b,2026-09-02T23:45:00Z,2026-09-03T01:45:00+0200,7571.23,MW,BE,BE,forecast_load,Forecasted Load,2026-09-03T15:05:17Z
2026-09-03T15:04:38Z,2026-09-03T17:04:38+0200,816aef31-cbff-45b7-ba9c-c50352af8a5b,2026-09-03T00:00:00Z,2026-09-03T02:00:00+0200,7685.45,MW,BE,BE,forecast_load,Forecasted Load,2026-09-03T15:05:17Z
2026-09-03T15:04:38Z,2026-09-03T17:04:38+0200,816aef31-cbff-45b7-ba9c-c50352af8a5b,2026-09-03T00:15:00Z,2026-09-03T02:15:00+0200,7663.99,MW,BE,BE,forecast_load,Forecasted Load,2026-09-03T15:05:17Z
2026-09-03T15:04:38Z,2026-09-03T17:04:38+0200,816aef31-cbff-45b7-ba9c-c50352af8a5b,2026-09-03T00:30:00Z,2026-09-03T02:30:00+0200,7634.46,MW,BE,BE,forecast_load,Forecasted Load,2026-09-03T15:05:17Z
2026-09-03T15:04:38Z,2026-09-03T17:04:38+0200,816aef31-cbff-45b7-ba9c-c50352af8a5b,2026-09-03T00:45:00Z,2026-09-03T02:45:00+0200,7633.39,MW,BE,BE,forecast_load,Forecasted Load,2026-09-03T15:05:17Z
2026-09-03T15:04:38Z,2026-09-03T17:04:38+0200,816aef31-cbff-45b7-ba9c-c50352af8a5b,2026-09-03T01:00:00Z,2026-09-03T03:00:00+0200,7548.31,MW,BE,BE,forecast_load,Forecasted Load,2026-09-03T15:05:17Z
2026-09-03T15:04:38Z,2026-09-03T17:04:38+0200,816aef31-cbff-45b7-ba9c-c50352af8a5b,2026-09-03T01:15:00Z,2026-09-03T03:15:00+0200,7550.93,MW,BE,BE,forecast_load,Forecasted Load,2026-09-03T15:05:17Z
2026-09-03T15:04:38Z,2026-09-03T17:04:38+0200,816aef31-cbff-45b7-ba9c-c50352af8a5b,2026-09-03T01:30:00Z,2026-09-03T03:30:00+0200,7527.06,MW,BE,BE,forecast_load,Forecasted Load,2026-09-03T15:05:17Z
2026-09-03T15:04:38Z,2026-09-03T17:04:38+0200,816aef31-cbff-45b7-ba9c-c50352af8a5b,2026-09-03T01:45:00Z,2026-09-03T03:45:00+0200,7518.26,MW,BE,BE,forecast_load,Forecasted Load,2026-09-03T15:05:17Z
2026-09-03T15:04:38Z,2026-09-03T17:04:38+0200,816aef31-cbff-45b7-ba9c-c50352af8a5b,2026-09-03T02:00:00Z,2026-09-03T04:00:00+0200,7476.42,MW,BE,BE,forecast_load,Forecasted Load,2026-09-03T15:05:17Z
2026-09-03T15:04:38Z,2026-09-03T17:04:38+0200,816aef31-cbff-45b7-ba9c-c50352af8a5b,2026-09-03T02:15:00Z,2026-09-03T04:15:00+0200,7478.69,MW,BE,BE,forecast_load,Forecasted Load,2026-09-03T15:05:17Z
2026-09-03T15:04:38Z,2026-09-03T17:04:38+0200,816aef31-cbff-45b7-ba9c-c50352af8a5b,2026-09-03T02:30:00Z,2026-09-03T04:30:00+0200,7502.71,MW,BE,BE,forecast_load,Forecasted Load,2026-09-03T15:05:17Z
2026-09-03T15:04:38Z,2026-09-03T17:04:38+0200,816aef31-cbff-45b7-ba9c-c50352af8a5b,2026-09-03T02:45:00Z,2026-09-03T04:45:00+0200,7531.3,MW,BE,BE,forecast_load,Forecasted Load,2026-09-03T15:05:17Z
2026-09-03T15:04:38Z,2026-09-03T17:04:38+0200,816aef31-cbff-45b7-ba9c-c50352af8a5b,2026-09-03T03:00:00Z,2026-09-03T05:00:00+0200,7723.46,MW,BE,BE,forecast_load,Forecasted Load,2026-09-03T15:05:17Z
2026-09-03T15:04:38Z,2026-09-03T17:04:38+0200,816aef31-cbff-45b7-ba9c-c50352af8a5b,2026-09-03T03:15:00Z,2026-09-03T05:15:00+0200,7796.41,MW,BE,BE,forecast_load,Forecasted Load,2026-09-03T15:05:17Z
2026-09-03T15:04:38Z,2026-09-03T17:04:38+0200,816aef31-cbff-45b7-ba9c-c50352af8a5b,2026-09-03T03:30:00Z,2026-09-03T05:30:00+0200,7869.76,MW,BE,BE,forecast_load,Forecasted Load,2026-09-03T15:05:17Z
2026-09-03T15:04:38Z,2026-09-03T17:04:38+0200,816aef31-cbff-45b7-ba9c-c50352af8a5b,2026-09-03T03:45:00Z,2026-09-03T05:45:00+0200,7939.06,MW,BE,BE,forecast_load,Forecasted Load,2026-09-03T15:05:17Z
2026-09-03T15:04:38Z,2026-09-03T17:04:38+0200,816aef31-cbff-45b7-ba9c-c50352af8a5b,2026-09-03T04:00:00Z,2026-09-03T06:00:00+0200,8321.38,MW,BE,BE,forecast_load,Forecasted Load,2026-09-03T15:05:17Z
2026-09-03T15:04:38Z,2026-09-03T17:04:38+0200,816aef31-cbff-45b7-ba9c-c50352af8a5b,2026-09-03T04:15:00Z,2026-09-03T06:15:00+0200,8481.74,MW,BE,BE,forecast_load,Forecasted Load,2026-09-03T15:05:17Z
2026-09-03T15:04:38Z,2026-09-03T17:04:38+0200,816aef31-cbff-45b7-ba9c-c50352af8a5b,2026-09-03T04:30:00Z,2026-09-03T06:30:00+0200,8612.8,MW,BE,BE,forecast_load,Forecasted Load,2026-09-03T15:05:17Z
2026-09-03T15:04:38Z,2026-09-03T17:04:38+0200,816aef31-cbff-45b7-ba9c-c50352af8a5b,2026-09-03T04:45:00Z,2026-09-03T06:45:00+0200,8752.09,MW,BE,BE,forecast_load,Forecasted Load,2026-09-03T15:05:17Z
2026-09-03T15:04:38Z,2026-09-03T17:04:38+0200,816aef31-cbff-45b7-ba9c-c50352af8a5b,2026-09-03T05:00:00Z,2026-09-03T07:00:00+0200,8958.4,MW,BE,BE,forecast_load,Forecasted Load,2026-09-03T15:05:17Z
2026-09-03T15:04:38Z,2026-09-03T17:04:38+0200,816aef31-cbff-45b7-ba9c-c50352af8a5b,2026-09-03T05:15:00Z,2026-09-03T07:15:00+0200,9151.93,MW,BE,BE,forecast_load,Forecasted Load,2026-09-03T15:05:17Z
2026-09-03T15:04:38Z,2026-09-03T17:04:38+0200,816aef31-cbff-45b7-ba9c-c50352af8a5b,2026-09-03T05:30:00Z,2026-09-03T07:30:00+0200,9409.5,MW,BE,BE,forecast_load,Forecasted Load,2026-09-03T15:05:17Z
2026-09-03T15:04:38Z,2026-09-03T17:04:38+0200,816aef31-cbff-45b7-ba9c-c50352af8a5b,2026-09-03T05:45:00Z,2026-09-03T07:45:00+0200,9561.39,MW,BE,BE,forecast_load,Forecasted Load,2026-09-03T15:05:17Z
2026-09-03T15:04:38Z,2026-09-03T17:04:38+0200,816aef31-cbff-45b7-ba9c-c50352af8a5b,2026-09-03T06:00:00Z,2026-09-03T08:00:00+0200,9772.02,MW,BE,BE,forecast_load,Forecasted Load,2026-09-03T15:05:17Z
2026-09-03T15:04:38Z,2026-09-03T17:04:38+0200,816aef31-cbff-45b7-ba9c-c50352af8a5b,2026-09-03T06:15:00Z,2026-09-03T08:15:00+0200,9958.71,MW,BE,BE,forecast_load,Forecasted Load,2026-09-03T15:05:17Z
2026-09-03T15:04:38Z,2026-09-03T17:04:38+0200,816aef31-cbff-45b7-ba9c-c50352af8a5b,2026-09-03T06:30:00Z,2026-09-03T08:30:00+0200,10143.31,MW,BE,BE,forecast_load,Forecasted Load,2026-09-03T15:05:17Z
2026-09-03T15:04:38Z,2026-09-03T17:04:38+0200,816aef31-cbff-45b7-ba9c-c50352af8a5b,2026-09-03T06:45:00Z,2026-09-03T08:45:00+0200,10299.46,MW,BE,BE,forecast_load,Forecasted Load,2026-09-03T15:05:17Z
2026-09-03T15:04:38Z,2026-09-03T17:04:38+0200,816aef31-cbff-45b7-ba9c-c50352af8a5b,2026-09-03T07:00:00Z,2026-09-03T09:00:00+0200,10127.75,MW,BE,BE,forecast_load,Forecasted Load,2026-09-03T15:05:17Z
2026-09-03T15:04:38Z,2026-09-03T17:04:38+0200,816aef31-cbff-45b7-ba9c-c50352af8a5b,2026-09-03T07:15:00Z,2026-09-03T09:15:00+0200,10190.67,MW,BE,BE,forecast_load,Forecasted Load,2026-09-03T15:05:17Z
2026-09-03T15:04:38Z,2026-09-03T17:04:38+0200,816aef31-cbff-45b7-ba9c-c50352af8a5b,2026-09-03T07:30:00Z,2026-09-03T09:30:00+0200,10300.72,MW,BE,BE,forecast_load,Forecasted Load,2026-09-03T15:05:17Z
2026-09-03T15:04:38Z,2026-09-03T17:04:38+0200,816aef31-cbff-45b7-ba9c-c50352af8a5b,2026-09-03T07:45:00Z,2026-09-03T09:45:00+0200,10388.97,MW,BE,BE,forecast_load,Forecasted Load,2026-09-03T15:05:17Z
2026-09-03T15:04:38Z,2026-09-03T17:04:38+0200,816aef31-cbff-45b7-ba9c-c50352af8a5b,2026-09-03T08:00:00Z,2026-09-03T10:00:00+0200,10572.88,MW,BE,BE,forecast_load,Forecasted Load,2026-09-03T15:05:17Z
2026-09-03T15:04:38Z,2026-09-03T17:04:38+0200,816aef31-cbff-45b7-ba9c-c50352af8a5b,2026-09-03T08:15:00Z,2026-09-03T10:15:00+0200,10618.74,MW,BE,BE,forecast_load,Forecasted Load,2026-09-03T15:05:17Z
2026-09-03T15:04:38Z,2026-09-03T17:04:38+0200,816aef31-cbff-45b7-ba9c-c50352af8a5b,2026-09-03T08:30:00Z,2026-09-03T10:30:00+0200,10696.9,MW,BE,BE,forecast_load,Forecasted Load,2026-09-03T15:05:17Z
2026-09-03T15:04:38Z,2026-09-03T17:04:38+0200,816aef31-cbff-45b7-ba9c-c50352af8a5b,2026-09-03T08:45:00Z,2026-09-03T10:45:00+0200,10787.01,MW,BE,BE,forecast_load,Forecasted Load,2026-09-03T15:05:17Z
2026-09-03T15:04:38Z,2026-09-03T17:04:38+0200,816aef31-cbff-45b7-ba9c-c50352af8a5b,2026-09-03T09:00:00Z,2026-09-03T11:00:00+0200,11350.64,MW,BE,BE,forecast_load,Forecasted Load,2026-09-03T15:05:17Z
2026-09-03T15:04:38Z,2026-09-03T17:04:38+0200,816aef31-cbff-45b7-ba9c-c50352af8a5b,2026-09-03T09:15:00Z,2026-09-03T11:15:00+0200,11446.26,MW,BE,BE,forecast_load,Forecasted Load,2026-09-03T15:05:17Z
2026-09-03T15:04:38Z,2026-09-03T17:04:38+0200,816aef31-cbff-45b7-ba9c-c50352af8a5b,2026-09-03T09:30:00Z,2026-09-03T11:30:00+0200,11527.8,MW,BE,BE,forecast_load,Forecasted Load,2026-09-03T15:05:17Z
2026-09-03T15:04:38Z,2026-09-03T17:04:38+0200,816aef31-cbff-45b7-ba9c-c50352af8a5b,2026-09-03T09:45:00Z,2026-09-03T11:45:00+0200,11598.1,MW,BE,BE,forecast_load,Forecasted Load,2026-09-03T15:05:17Z
2026-09-03T15:04:38Z,2026-09-03T17:04:38+0200,816aef31-cbff-45b7-ba9c-c50352af8a5b,2026-09-03T10:00:00Z,2026-09-03T12:00:00+0200,11044.28,MW,BE,BE,forecast_load,Forecasted Load,2026-09-03T15:05:17Z
2026-09-03T15:04:38Z,2026-09-03T17:04:38+0200,816aef31-cbff-45b7-ba9c-c50352af8a5b,2026-09-03T10:15:00Z,2026-09-03T12:15:00+0200,11011.68,MW,BE,BE,forecast_load,Forecasted Load,2026-09-03T15:05:17Z
2026-09-03T15:04:38Z,2026-09-03T17:04:38+0200,816aef31-cbff-45b7-ba9c-c50352af8a5b,2026-09-03T10:30:00Z,2026-09-03T12:30:00+0200,10981.78,MW,BE,BE,forecast_load,Forecasted Load,2026-09-03T15:05:17Z
2026-09-03T15:04:38Z,2026-09-03T17:04:38+0200,816aef31-cbff-45b7-ba9c-c50352af8a5b,2026-09-03T10:45:00Z,2026-09-03T12:45:00+0200,11053.39,MW,BE,BE,forecast_load,Forecasted Load,2026-09-03T15:05:17Z
2026-09-03T15:04:38Z,2026-09-03T17:04:38+0200,816aef31-cbff-45b7-ba9c-c50352af8a5b,2026-09-03T11:00:00Z,2026-09-03T13:00:00+0200,11073.3,MW,BE,BE,forecast_load,Forecasted Load,2026-09-03T15:05:17Z
2026-09-03T15:04:38Z,2026-09-03T17:04:38+0200,816aef31-cbff-45b7-ba9c-c50352af8a5b,2026-09-03T11:15:00Z,2026-09-03T13:15:00+0200,11051.21,MW,BE,BE,forecast_load,Forecasted Load,2026-09-03T15:05:17Z
2026-09-03T15:04:38Z,2026-09-03T17:04:38+0200,816aef31-cbff-45b7-ba9c-c50352af8a5b,2026-09-03T11:30:00Z,2026-09-03T13:30:00+0200,11064.0,MW,BE,BE,forecast_load,Forecasted Load,2026-09-03T15:05:17Z
2026-09-03T15:04:38Z,2026-09-03T17:04:38+0200,816aef31-cbff-45b7-ba9c-c50352af8a5b,2026-09-03T11:45:00Z,2026-09-03T13:45:00+0200,11003.0,MW,BE,BE,forecast_load,Forecasted Load,2026-09-03T15:05:17Z
2026-09-03T15:04:38Z,2026-09-03T17:04:38+0200,816aef31-cbff-45b7-ba9c-c50352af8a5b,2026-09-03T12:00:00Z,2026-09-03T14:00:00+0200,10906.67,MW,BE,BE,forecast_load,Forecasted Load,2026-09-03T15:05:17Z
2026-09-03T15:04:38Z,2026-09-03T17:04:38+0200,816aef31-cbff-45b7-ba9c-c50352af8a5b,2026-09-03T12:15:00Z,2026-09-03T14:15:00+0200,10848.44,MW,BE,BE,forecast_load,Forecasted Load,2026-09-03T15:05:17Z
2026-09-03T15:04:38Z,2026-09-03T17:04:38+0200,816aef31-cbff-45b7-ba9c-c50352af8a5b,2026-09-03T12:30:00Z,2026-09-03T14:30:00+0200,10792.96,MW,BE,BE,forecast_load,Forecasted Load,2026-09-03T15:05:17Z
2026-09-03T15:04:38Z,2026-09-03T17:04:38+0200,816aef31-cbff-45b7-ba9c-c50352af8a5b,2026-09-03T12:45:00Z,2026-09-03T14:45:00+0200,10710.46,MW,BE,BE,forecast_load,Forecasted Load,2026-09-03T15:05:17Z
2026-09-03T15:04:38Z,2026-09-03T17:04:38+0200,816aef31-cbff-45b7-ba9c-c50352af8a5b,2026-09-03T13:00:00Z,2026-09-03T15:00:00+0200,10580.16,MW,BE,BE,forecast_load,Forecasted Load,2026-09-03T15:05:17Z
2026-09-03T15:04:38Z,2026-09-03T17:04:38+0200,816aef31-cbff-45b7-ba9c-c50352af8a5b,2026-09-03T13:15:00Z,2026-09-03T15:15:00+0200,10470.91,MW,BE,BE,forecast_load,Forecasted Load,2026-09-03T15:05:17Z
2026-09-03T15:04:38Z,2026-09-03T17:04:38+0200,816aef31-cbff-45b7-ba9c-c50352af8a5b,2026-09-03T13:30:00Z,2026-09-03T15:30:00+0200,10441.83,MW,BE,BE,forecast_load,Forecasted Load,2026-09-03T15:05:17Z
2026-09-03T15:04:38Z,2026-09-03T17:04:38+0200,816aef31-cbff-45b7-ba9c-c50352af8a5b,2026-09-03T13:45:00Z,2026-09-03T15:45:00+0200,10383.89,MW,BE,BE,forecast_load,Forecasted Load,2026-09-03T15:05:17Z
2026-09-03T15:04:38Z,2026-09-03T17:04:38+0200,816aef31-cbff-45b7-ba9c-c50352af8a5b,2026-09-03T14:00:00Z,2026-09-03T16:00:00+0200,10267.08,MW,BE,BE,forecast_load,Forecasted Load,2026-09-03T15:05:17Z
2026-09-03T15:04:38Z,2026-09-03T17:04:38+0200,816aef31-cbff-45b7-ba9c-c50352af8a5b,2026-09-03T14:15:00Z,2026-09-03T16:15:00+0200,10220.73,MW,BE,BE,forecast_load,Forecasted Load,2026-09-03T15:05:17Z
2026-09-03T15:04:38Z,2026-09-03T17:04:38+0200,816aef31-cbff-45b7-ba9c-c50352af8a5b,2026-09-03T14:30:00Z,2026-09-03T16:30:00+0200,10141.93,MW,BE,BE,forecast_load,Forecasted Load,2026-09-03T15:05:17Z
2026-09-03T15:04:38Z,2026-09-03T17:04:38+0200,816aef31-cbff-45b7-ba9c-c50352af8a5b,2026-09-03T14:45:00Z,2026-09-03T16:45:00+0200,10108.64,MW,BE,BE,forecast_load,Forecasted Load,2026-09-03T15:05:17Z
