collection_time_utc,collection_time_local,run_id,timestamp_utc,timestamp_local,value,unit,country,entsoe_area,variable,source,updated_at_utc
2026-08-05T13:16:30Z,2026-08-05T15:16:30+0200,eb4e78ad-6a4c-434e-99d2-b22c640d18c9,2026-07-05T14:00:00Z,2026-07-05T16:00:00+0200,391.8475,MW,BE,BE,actual_offshore_wind_generation,Wind Offshore | Actual Aggregated,2026-08-05T13:16:55Z
2026-08-05T13:16:30Z,2026-08-05T15:16:30+0200,eb4e78ad-6a4c-434e-99d2-b22c640d18c9,2026-07-05T15:00:00Z,2026-07-05T17:00:00+0200,401.585,MW,BE,BE,actual_offshore_wind_generation,Wind Offshore | Actual Aggregated,2026-08-05T13:16:55Z
2026-08-05T13:16:30Z,2026-08-05T15:16:30+0200,eb4e78ad-6a4c-434e-99d2-b22c640d18c9,2026-07-05T16:00:00Z,2026-07-05T18:00:00+0200,461.9175,MW,BE,BE,actual_offshore_wind_generation,Wind Offshore | Actual Aggregated,2026-08-05T13:16:55Z
2026-08-05T13:16:30Z,2026-08-05T15:16:30+0200,eb4e78ad-6a4c-434e-99d2-b22c640d18c9,2026-07-05T17:00:00Z,2026-07-05T19:00:00+0200,462.575,MW,BE,BE,actual_offshore_wind_generation,Wind Offshore | Actual Aggregated,2026-08-05T13:16:55Z
2026-08-05T13:16:30Z,2026-08-05T15:16:30+0200,eb4e78ad-6a4c-434e-99d2-b22c640d18c9,2026-07-05T18:00:00Z,2026-07-05T20:00:00+0200,405.405,MW,BE,BE,actual_offshore_wind_generation,Wind Offshore | Actual Aggregated,2026-08-05T13:16:55Z
2026-08-05T13:16:30Z,2026-08-05T15:16:30+0200,eb4e78ad-6a4c-434e-99d2-b22c640d18c9,2026-07-05T19:00:00Z,2026-07-05T21:00:00+0200,503.4675,MW,BE,BE,actual_offshore_wind_generation,Wind Offshore | Actual Aggregated,2026-08-05T13:16:55Z
2026-08-05T13:16:30Z,2026-08-05T15:16:30+0200,eb4e78ad-6a4c-434e-99d2-b22c640d18c9,2026-07-05T20:00:00Z,2026-07-05T22:00:00+0200,591.09,MW,BE,BE,actual_offshore_wind_generation,Wind Offshore | Actual Aggregated,2026-08-05T13:16:55Z
2026-08-05T13:16:30Z,2026-08-05T15:16:30+0200,eb4e78ad-6a4c-434e-99d2-b22c640d18c9,2026-07-05T21:00:00Z,2026-07-05T23:00:00+0200,500.9625,MW,BE,BE,actual_offshore_wind_generation,Wind Offshore | Actual Aggregated,2026-08-05T13:16:55Z
2026-08-05T13:16:30Z,2026-08-05T15:16:30+0200,eb4e78ad-6a4c-434e-99d2-b22c640d18c9,2026-07-05T22:00:00Z,2026-07-06T00:00:00+0200,618.1375,MW,BE,BE,actual_offshore_wind_generation,Wind Offshore | Actual Aggregated,2026-08-05T13:16:55Z
2026-08-05T13:16:30Z,2026-08-05T15:16:30+0200,eb4e78ad-6a4c-434e-99d2-b22c640d18c9,2026-07-05T23:00:00Z,2026-07-06T01:00:00+0200,552.0975,MW,BE,BE,actual_offshore_wind_generation,Wind Offshore | Actual Aggregated,2026-08-05T13:16:55Z
2026-08-05T13:16:30Z,2026-08-05T15:16:30+0200,eb4e78ad-6a4c-434e-99d2-b22c640d18c9,2026-07-06T00:00:00Z,2026-07-06T02:00:00+0200,671.2,MW,BE,BE,actual_offshore_wind_generation,Wind Offshore | Actual Aggregated,2026-08-05T13:16:55Z
2026-08-05T13:16:30Z,2026-08-05T15:16:30+0200,eb4e78ad-6a4c-434e-99d2-b22c640d18c9,2026-07-06T01:00:00Z,2026-07-06T03:00:00+0200,814.405,MW,BE,BE,actual_offshore_wind_generation,Wind Offshore | Actual Aggregated,2026-08-05T13:16:55Z
2026-08-05T13:16:30Z,2026-08-05T15:16:30+0200,eb4e78ad-6a4c-434e-99d2-b22c640d18c9,2026-07-06T02:00:00Z,2026-07-06T04:00:00+0200,912.53,MW,BE,BE,actual_offshore_wind_generation,Wind Offshore | Actual Aggregated,2026-08-05T13:16:55Z
2026-08-05T13:16:30Z,2026-08-05T15:16:30+0200,eb4e78ad-6a4c-434e-99d2-b22c640d18c9,2026-07-06T03:00:00Z,2026-07-06T05:00:00+0200,838.815,MW,BE,BE,actual_offshore_wind_generation,Wind Offshore | Actual Aggregated,2026-08-05T13:16:55Z
2026-08-05T13:16:30Z,2026-08-05T15:16:30+0200,eb4e78ad-6a4c-434e-99d2-b22c640d18c9,2026-07-06T04:00:00Z,2026-07-06T06:00:00+0200,727.11,MW,BE,BE,actual_offshore_wind_generation,Wind Offshore | Actual Aggregated,2026-08-05T13:16:55Z
2026-08-05T13:16:30Z,2026-08-05T15:16:30+0200,eb4e78ad-6a4c-434e-99d2-b22c640d18c9,2026-07-06T05:00:00Z,2026-07-06T07:00:00+0200,540.4325,MW,BE,BE,actual_offshore_wind_generation,Wind Offshore | Actual Aggregated,2026-08-05T13:16:55Z
2026-08-05T13:16:30Z,2026-08-05T15:16:30+0200,eb4e78ad-6a4c-434e-99d2-b22c640d18c9,2026-07-06T06:00:00Z,2026-07-06T08:00:00+0200,820.5825,MW,BE,BE,actual_offshore_wind_generation,Wind Offshore | Actual Aggregated,2026-08-05T13:16:55Z
2026-08-05T13:16:30Z,2026-08-05T15:16:30+0200,eb4e78ad-6a4c-434e-99d2-b22c640d18c9,2026-07-06T07:00:00Z,2026-07-06T09:00:00+0200,1016.7475,MW,BE,BE,actual_offshore_wind_generation,Wind Offshore | Actual Aggregated,2026-08-05T13:16:55Z
2026-08-05T13:16:30Z,2026-08-05T15:16:30+0200,eb4e78ad-6a4c-434e-99d2-b22c640d18c9,2026-07-06T08:00:00Z,2026-07-06T10:00:00+0200,808.1175,MW,BE,BE,actual_offshore_wind_generation,Wind Offshore | Actual Aggregated,2026-08-05T13:16:55Z
2026-08-05T13:16:30Z,2026-08-05T15:16:30+0200,eb4e78ad-6a4c-434e-99d2-b22c640d18c9,2026-07-06T09:00:00Z,2026-07-06T11:00:00+0200,825.4675,MW,BE,BE,actual_offshore_wind_generation,Wind Offshore | Actual Aggregated,2026-08-05T13:16:55Z
2026-08-05T13:16:30Z,2026-08-05T15:16:30+0200,eb4e78ad-6a4c-434e-99d2-b22c640d18c9,2026-07-06T10:00:00Z,2026-07-06T12:00:00+0200,753.1325,MW,BE,BE,actual_offshore_wind_generation,Wind Offshore | Actual Aggregated,2026-08-05T13:16:55Z
2026-08-05T13:16:30Z,2026-08-05T15:16:30+0200,eb4e78ad-6a4c-434e-99d2-b22c640d18c9,2026-07-06T11:00:00Z,2026-07-06T13:00:00+0200,929.9525,MW,BE,BE,actual_offshore_wind_generation,Wind Offshore | Actual Aggregated,2026-08-05T13:16:55Z
2026-08-05T13:16:30Z,2026-08-05T15:16:30+0200,eb4e78ad-6a4c-434e-99d2-b22c640d18c9,2026-07-06T12:00:00Z,2026-07-06T14:00:00+0200,1195.9725,MW,BE,BE,actual_offshore_wind_generation,Wind Offshore | Actual Aggregated,2026-08-05T13:16:55Z
2026-08-05T13:16:30Z,2026-08-05T15:16:30+0200,eb4e78ad-6a4c-434e-99d2-b22c640d18c9,2026-07-06T13:00:00Z,2026-07-06T15:00:00+0200,1499.2125,MW,BE,BE,actual_offshore_wind_generation,Wind Offshore | Actual Aggregated,2026-08-05T13:16:55Z
2026-08-05T13:16:30Z,2026-08-05T15:16:30+0200,eb4e78ad-6a4c-434e-99d2-b22c640d18c9,2026-07-06T14:00:00Z,2026-07-06T16:00:00+0200,1932.2775,MW,BE,BE,actual_offshore_wind_generation,Wind Offshore | Actual Aggregated,2026-08-05T13:16:55Z
2026-08-05T13:16:30Z,2026-08-05T15:16:30+0200,eb4e78ad-6a4c-434e-99d2-b22c640d18c9,2026-07-06T15:00:00Z,2026-07-06T17:00:00+0200,2071.625,MW,BE,BE,actual_offshore_wind_generation,Wind Offshore | Actual Aggregated,2026-08-05T13:16:55Z
2026-08-05T13:16:30Z,2026-08-05T15:16:30+0200,eb4e78ad-6a4c-434e-99d2-b22c640d18c9,2026-07-06T16:00:00Z,2026-07-06T18:00:00+0200,2096.55,MW,BE,BE,actual_offshore_wind_generation,Wind Offshore | Actual Aggregated,2026-08-05T13:16:55Z
2026-08-05T13:16:30Z,2026-08-05T15:16:30+0200,eb4e78ad-6a4c-434e-99d2-b22c640d18c9,2026-07-06T17:00:00Z,2026-07-06T19:00:00+0200,2071.5225,MW,BE,BE,actual_offshore_wind_generation,Wind Offshore | Actual Aggregated,2026-08-05T13:16:55Z
2026-08-05T13:16:30Z,2026-08-05T15:16:30+0200,eb4e78ad-6a4c-434e-99d2-b22c640d18c9,2026-07-06T18:00:00Z,2026-07-06T20:00:00+0200,2049.535,MW,BE,BE,actual_offshore_wind_generation,Wind Offshore | Actual Aggregated,2026-08-05T13:16:55Z
2026-08-05T13:16:30Z,2026-08-05T15:16:30+0200,eb4e78ad-6a4c-434e-99d2-b22c640d18c9,2026-07-06T19:00:00Z,2026-07-06T21:00:00+0200,1977.5375,MW,BE,BE,actual_offshore_wind_generation,Wind Offshore | Actual Aggregated,2026-08-05T13:16:55Z
2026-08-05T13:16:30Z,2026-08-05T15:16:30+0200,eb4e78ad-6a4c-434e-99d2-b22c640d18c9,2026-07-06T20:00:00Z,2026-07-06T22:00:00+0200,1865.24,MW,BE,BE,actual_offshore_wind_generation,Wind Offshore | Actual Aggregated,2026-08-05T13:16:55Z
2026-08-05T13:16:30Z,2026-08-05T15:16:30+0200,eb4e78ad-6a4c-434e-99d2-b22c640d18c9,2026-07-06T21:00:00Z,2026-07-06T23:00:00+0200,1665.735,MW,BE,BE,actual_offshore_wind_generation,Wind Offshore | Actual Aggregated,2026-08-05T13:16:55Z
2026-08-05T13:16:30Z,2026-08-05T15:16:30+0200,eb4e78ad-6a4c-434e-99d2-b22c640d18c9,2026-07-06T22:00:00Z,2026-07-07T00:00:00+0200,1631.6,MW,BE,BE,actual_offshore_wind_generation,Wind Offshore | Actual Aggregated,2026-08-05T13:16:55Z
2026-08-05T13:16:30Z,2026-08-05T15:16:30+0200,eb4e78ad-6a4c-434e-99d2-b22c640d18c9,2026-07-06T23:00:00Z,2026-07-07T01:00:00+0200,1054.0275,MW,BE,BE,actual_offshore_wind_generation,Wind Offshore | Actual Aggregated,2026-08-05T13:16:55Z
2026-08-05T13:16:30Z,2026-08-05T15:16:30+0200,eb4e78ad-6a4c-434e-99d2-b22c640d18c9,2026-07-07T00:00:00Z,2026-07-07T02:00:00+0200,746.185,MW,BE,BE,actual_offshore_wind_generation,Wind Offshore | Actual Aggregated,2026-08-05T13:16:55Z
2026-08-05T13:16:30Z,2026-08-05T15:16:30+0200,eb4e78ad-6a4c-434e-99d2-b22c640d18c9,2026-07-07T01:00:00Z,2026-07-07T03:00:00+0200,750.4675,MW,BE,BE,actual_offshore_wind_generation,Wind Offshore | Actual Aggregated,2026-08-05T13:16:55Z
2026-08-05T13:16:30Z,2026-08-05T15:16:30+0200,eb4e78ad-6a4c-434e-99d2-b22c640d18c9,2026-07-07T02:00:00Z,2026-07-07T04:00:00+0200,992.4575,MW,BE,BE,actual_offshore_wind_generation,Wind Offshore | Actual Aggregated,2026-08-05T13:16:55Z
2026-08-05T13:16:30Z,2026-08-05T15:16:30+0200,eb4e78ad-6a4c-434e-99d2-b22c640d18c9,2026-07-07T03:00:00Z,2026-07-07T05:00:00+0200,714.6125,MW,BE,BE,actual_offshore_wind_generation,Wind Offshore | Actual Aggregated,2026-08-05T13:16:55Z
2026-08-05T13:16:30Z,2026-08-05T15:16:30+0200,eb4e78ad-6a4c-434e-99d2-b22c640d18c9,2026-07-07T04:00:00Z,2026-07-07T06:00:00+0200,639.61,MW,BE,BE,actual_offshore_wind_generation,Wind Offshore | Actual Aggregated,2026-08-05T13:16:55Z
2026-08-05T13:16:30Z,2026-08-05T15:16:30+0200,eb4e78ad-6a4c-434e-99d2-b22c640d18c9,2026-07-07T05:00:00Z,2026-07-07T07:00:00+0200,630.68,MW,BE,BE,actual_offshore_wind_generation,Wind Offshore | Actual Aggregated,2026-08-05T13:16:55Z
2026-08-05T13:16:30Z,2026-08-05T15:16:30+0200,eb4e78ad-6a4c-434e-99d2-b22c640d18c9,2026-07-07T06:00:00Z,2026-07-07T08:00:00+0200,569.1575,MW,BE,BE,actual_offshore_wind_generation,Wind Offshore | Actual Aggregated,2026-08-05T13:16:55Z
2026-08-05T13:16:30Z,2026-08-05T15:16:30+0200,eb4e78ad-6a4c-434e-99d2-b22c640d18c9,2026-07-07T07:00:00Z,2026-07-07T09:00:00+0200,518.1075,MW,BE,BE,actual_offshore_wind_generation,Wind Offshore | Actual Aggregated,2026-08-05T13:16:55Z
2026-08-05T13:16:30Z,2026-08-05T15:16:30+0200,eb4e78ad-6a4c-434e-99d2-b22c640d18c9,2026-07-07T08:00:00Z,2026-07-07T10:00:00+0200,442.9025,MW,BE,BE,actual_offshore_wind_generation,Wind Offshore | Actual Aggregated,2026-08-05T13:16:55Z
2026-08-05T13:16:30Z,2026-08-05T15:16:30+0200,eb4e78ad-6a4c-434e-99d2-b22c640d18c9,2026-07-07T09:00:00Z,2026-07-07T11:00:00+0200,445.2025,MW,BE,BE,actual_offshore_wind_generation,Wind Offshore | Actual Aggregated,2026-08-05T13:16:55Z
2026-08-05T13:16:30Z,2026-08-05T15:16:30+0200,eb4e78ad-6a4c-434e-99d2-b22c640d18c9,2026-07-07T10:00:00Z,2026-07-07T12:00:00+0200,429.15,MW,BE,BE,actual_offshore_wind_generation,Wind Offshore | Actual Aggregated,2026-08-05T13:16:55Z
2026-08-05T13:16:30Z,2026-08-05T15:16:30+0200,eb4e78ad-6a4c-434e-99d2-b22c640d18c9,2026-07-07T11:00:00Z,2026-07-07T13:00:00+0200,469.4325,MW,BE,BE,actual_offshore_wind_generation,Wind Offshore | Actual Aggregated,2026-08-05T13:16:55Z
2026-08-05T13:16:30Z,2026-08-05T15:16:30+0200,eb4e78ad-6a4c-434e-99d2-b22c640d18c9,2026-07-07T12:00:00Z,2026-07-07T14:00:00+0200,421.365,MW,BE,BE,actual_offshore_wind_generation,Wind Offshore | Actual Aggregated,2026-08-05T13:16:55Z
2026-08-05T13:16:30Z,2026-08-05T15:16:30+0200,eb4e78ad-6a4c-434e-99d2-b22c640d18c9,2026-07-07T13:00:00Z,2026-07-07T15:00:00+0200,282.3675,MW,BE,BE,actual_offshore_wind_generation,Wind Offshore | Actual Aggregated,2026-08-05T13:16:55Z
2026-08-05T13:16:30Z,2026-08-05T15:16:30+0200,eb4e78ad-6a4c-434e-99d2-b22c640d18c9,2026-07-07T14:00:00Z,2026-07-07T16:00:00+0200,136.8225,MW,BE,BE,actual_offshore_wind_generation,Wind Offshore | Actual Aggregated,2026-08-05T13:16:55Z
2026-08-05T13:16:30Z,2026-08-05T15:16:30+0200,eb4e78ad-6a4c-434e-99d2-b22c640d18c9,2026-07-07T15:00:00Z,2026-07-07T17:00:00+0200,138.3475,MW,BE,BE,actual_offshore_wind_generation,Wind Offshore | Actual Aggregated,2026-08-05T13:16:55Z
2026-08-05T13:16:30Z,2026-08-05T15:16:30+0200,eb4e78ad-6a4c-434e-99d2-b22c640d18c9,2026-07-07T16:00:00Z,2026-07-07T18:00:00+0200,34.9025,MW,BE,BE,actual_offshore_wind_generation,Wind Offshore | Actual Aggregated,2026-08-05T13:16:55Z
2026-08-05T13:16:30Z,2026-08-05T15:16:30+0200,eb4e78ad-6a4c-434e-99d2-b22c640d18c9,2026-07-07T16:00:00Z,2026-07-07T18:00:00+0200,0.0675,MW,BE,BE,actual_offshore_wind_generation,Wind Offshore | Actual Consumption,2026-08-05T13:16:55Z
2026-08-05T13:16:30Z,2026-08-05T15:16:30+0200,eb4e78ad-6a4c-434e-99d2-b22c640d18c9,2026-07-07T17:00:00Z,2026-07-07T19:00:00+0200,17.9775,MW,BE,BE,actual_offshore_wind_generation,Wind Offshore | Actual Aggregated,2026-08-05T13:16:55Z
2026-08-05T13:16:30Z,2026-08-05T15:16:30+0200,eb4e78ad-6a4c-434e-99d2-b22c640d18c9,2026-07-07T17:00:00Z,2026-07-07T19:00:00+0200,1.3575,MW,BE,BE,actual_offshore_wind_generation,Wind Offshore | Actual Consumption,2026-08-05T13:16:55Z
2026-08-05T13:16:30Z,2026-08-05T15:16:30+0200,eb4e78ad-6a4c-434e-99d2-b22c640d18c9,2026-07-07T18:00:00Z,2026-07-07T20:00:00+0200,8.1725,MW,BE,BE,actual_offshore_wind_generation,Wind Offshore | Actual Aggregated,2026-08-05T13:16:55Z
2026-08-05T13:16:30Z,2026-08-05T15:16:30+0200,eb4e78ad-6a4c-434e-99d2-b22c640d18c9,2026-07-07T18:00:00Z,2026-07-07T20:00:00+0200,3.83,MW,BE,BE,actual_offshore_wind_generation,Wind Offshore | Actual Consumption,2026-08-05T13:16:55Z
2026-08-05T13:16:30Z,2026-08-05T15:16:30+0200,eb4e78ad-6a4c-434e-99d2-b22c640d18c9,2026-07-07T19:00:00Z,2026-07-07T21:00:00+0200,4.0275,MW,BE,BE,actual_offshore_wind_generation,Wind Offshore | Actual Aggregated,2026-08-05T13:16:55Z
2026-08-05T13:16:30Z,2026-08-05T15:16:30+0200,eb4e78ad-6a4c-434e-99d2-b22c640d18c9,2026-07-07T19:00:00Z,2026-07-07T21:00:00+0200,6.0775,MW,BE,BE,actual_offshore_wind_generation,Wind Offshore | Actual Consumption,2026-08-05T13:16:55Z
2026-08-05T13:16:30Z,2026-08-05T15:16:30+0200,eb4e78ad-6a4c-434e-99d2-b22c640d18c9,2026-07-07T20:00:00Z,2026-07-07T22:00:00+0200,28.1825,MW,BE,BE,actual_offshore_wind_generation,Wind Offshore | Actual Consumption,2026-08-05T13:16:55Z
2026-08-05T13:16:30Z,2026-08-05T15:16:30+0200,eb4e78ad-6a4c-434e-99d2-b22c640d18c9,2026-07-07T21:00:00Z,2026-07-07T23:00:00+0200,27.8125,MW,BE,BE,actual_offshore_wind_generation,Wind Offshore | Actual Consumption,2026-08-05T13:16:55Z
2026-08-05T13:16:30Z,2026-08-05T15:16:30+0200,eb4e78ad-6a4c-434e-99d2-b22c640d18c9,2026-07-07T22:00:00Z,2026-07-08T00:00:00+0200,27.9075,MW,BE,BE,actual_offshore_wind_generation,Wind Offshore | Actual Consumption,2026-08-05T13:16:55Z
2026-08-05T13:16:30Z,2026-08-05T15:16:30+0200,eb4e78ad-6a4c-434e-99d2-b22c640d18c9,2026-07-07T23:00:00Z,2026-07-08T01:00:00+0200,27.7425,MW,BE,BE,actual_offshore_wind_generation,Wind Offshore | Actual Consumption,2026-08-05T13:16:55Z
2026-08-05T13:16:30Z,2026-08-05T15:16:30+0200,eb4e78ad-6a4c-434e-99d2-b22c640d18c9,2026-07-08T00:00:00Z,2026-07-08T02:00:00+0200,27.03,MW,BE,BE,actual_offshore_wind_generation,Wind Offshore | Actual Consumption,2026-08-05T13:16:55Z
2026-08-05T13:16:30Z,2026-08-05T15:16:30+0200,eb4e78ad-6a4c-434e-99d2-b22c640d18c9,2026-07-08T01:00:00Z,2026-07-08T03:00:00+0200,26.975,MW,BE,BE,actual_offshore_wind_generation,Wind Offshore | Actual Consumption,2026-08-05T13:16:55Z
2026-08-05T13:16:30Z,2026-08-05T15:16:30+0200,eb4e78ad-6a4c-434e-99d2-b22c640d18c9,2026-07-08T02:00:00Z,2026-07-08T04:00:00+0200,23.2475,MW,BE,BE,actual_offshore_wind_generation,Wind Offshore | Actual Consumption,2026-08-05T13:16:55Z
2026-08-05T13:16:30Z,2026-08-05T15:16:30+0200,eb4e78ad-6a4c-434e-99d2-b22c640d18c9,2026-07-08T03:00:00Z,2026-07-08T05:00:00+0200,13.515,MW,BE,BE,actual_offshore_wind_generation,Wind Offshore | Actual Aggregated,2026-08-05T13:16:55Z
2026-08-05T13:16:30Z,2026-08-05T15:16:30+0200,eb4e78ad-6a4c-434e-99d2-b22c640d18c9,2026-07-08T03:00:00Z,2026-07-08T05:00:00+0200,10.325,MW,BE,BE,actual_offshore_wind_generation,Wind Offshore | Actual Consumption,2026-08-05T13:16:55Z
2026-08-05T13:16:30Z,2026-08-05T15:16:30+0200,eb4e78ad-6a4c-434e-99d2-b22c640d18c9,2026-07-08T04:00:00Z,2026-07-08T06:00:00+0200,24.6575,MW,BE,BE,actual_offshore_wind_generation,Wind Offshore | Actual Consumption,2026-08-05T13:16:55Z
2026-08-05T13:16:30Z,2026-08-05T15:16:30+0200,eb4e78ad-6a4c-434e-99d2-b22c640d18c9,2026-07-08T05:00:00Z,2026-07-08T07:00:00+0200,15.4325,MW,BE,BE,actual_offshore_wind_generation,Wind Offshore | Actual Consumption,2026-08-05T13:16:55Z
2026-08-05T13:16:30Z,2026-08-05T15:16:30+0200,eb4e78ad-6a4c-434e-99d2-b22c640d18c9,2026-07-08T06:00:00Z,2026-07-08T08:00:00+0200,22.64,MW,BE,BE,actual_offshore_wind_generation,Wind Offshore | Actual Consumption,2026-08-05T13:16:55Z
2026-08-05T13:16:30Z,2026-08-05T15:16:30+0200,eb4e78ad-6a4c-434e-99d2-b22c640d18c9,2026-07-08T07:00:00Z,2026-07-08T09:00:00+0200,26.1725,MW,BE,BE,actual_offshore_wind_generation,Wind Offshore | Actual Consumption,2026-08-05T13:16:55Z
2026-08-05T13:16:30Z,2026-08-05T15:16:30+0200,eb4e78ad-6a4c-434e-99d2-b22c640d18c9,2026-07-08T08:00:00Z,2026-07-08T10:00:00+0200,26.3425,MW,BE,BE,actual_offshore_wind_generation,Wind Offshore | Actual Consumption,2026-08-05T13:16:55Z
2026-08-05T13:16:30Z,2026-08-05T15:16:30+0200,eb4e78ad-6a4c-434e-99d2-b22c640d18c9,2026-07-08T09:00:00Z,2026-07-08T11:00:00+0200,26.6275,MW,BE,BE,actual_offshore_wind_generation,Wind Offshore | Actual Consumption,2026-08-05T13:16:55Z
2026-08-05T13:16:30Z,2026-08-05T15:16:30+0200,eb4e78ad-6a4c-434e-99d2-b22c640d18c9,2026-07-08T10:00:00Z,2026-07-08T12:00:00+0200,26.6025,MW,BE,BE,actual_offshore_wind_generation,Wind Offshore | Actual Consumption,2026-08-05T13:16:55Z
2026-08-05T13:16:30Z,2026-08-05T15:16:30+0200,eb4e78ad-6a4c-434e-99d2-b22c640d18c9,2026-07-08T11:00:00Z,2026-07-08T13:00:00+0200,26.68,MW,BE,BE,actual_offshore_wind_generation,Wind Offshore | Actual Consumption,2026-08-05T13:16:55Z
2026-08-05T13:16:30Z,2026-08-05T15:16:30+0200,eb4e78ad-6a4c-434e-99d2-b22c640d18c9,2026-07-08T12:00:00Z,2026-07-08T14:00:00+0200,26.9,MW,BE,BE,actual_offshore_wind_generation,Wind Offshore | Actual Consumption,2026-08-05T13:16:55Z
2026-08-05T13:16:30Z,2026-08-05T15:16:30+0200,eb4e78ad-6a4c-434e-99d2-b22c640d18c9,2026-07-08T13:00:00Z,2026-07-08T15:00:00+0200,27.47,MW,BE,BE,actual_offshore_wind_generation,Wind Offshore | Actual Consumption,2026-08-05T13:16:55Z
2026-08-05T13:16:30Z,2026-08-05T15:16:30+0200,eb4e78ad-6a4c-434e-99d2-b22c640d18c9,2026-07-08T14:00:00Z,2026-07-08T16:00:00+0200,28.2675,MW,BE,BE,actual_offshore_wind_generation,Wind Offshore | Actual Consumption,2026-08-05T13:16:55Z
2026-08-05T13:16:30Z,2026-08-05T15:16:30+0200,eb4e78ad-6a4c-434e-99d2-b22c640d18c9,2026-07-08T15:00:00Z,2026-07-08T17:00:00+0200,28.7575,MW,BE,BE,actual_offshore_wind_generation,Wind Offshore | Actual Consumption,2026-08-05T13:16:55Z
2026-08-05T13:16:30Z,2026-08-05T15:16:30+0200,eb4e78ad-6a4c-434e-99d2-b22c640d18c9,2026-07-08T16:00:00Z,2026-07-08T18:00:00+0200,28.7225,MW,BE,BE,actual_offshore_wind_generation,Wind Offshore | Actual Consumption,2026-08-05T13:16:55Z
2026-08-05T13:16:30Z,2026-08-05T15:16:30+0200,eb4e78ad-6a4c-434e-99d2-b22c640d18c9,2026-07-08T17:00:00Z,2026-07-08T19:00:00+0200,28.35,MW,BE,BE,actual_offshore_wind_generation,Wind Offshore | Actual Consumption,2026-08-05T13:16:55Z
2026-08-05T13:16:30Z,2026-08-05T15:16:30+0200,eb4e78ad-6a4c-434e-99d2-b22c640d18c9,2026-07-08T18:00:00Z,2026-07-08T20:00:00+0200,28.2725,MW,BE,BE,actual_offshore_wind_generation,Wind Offshore | Actual Consumption,2026-08-05T13:16:55Z
2026-08-05T13:16:30Z,2026-08-05T15:16:30+0200,eb4e78ad-6a4c-434e-99d2-b22c640d18c9,2026-07-08T19:00:00Z,2026-07-08T21:00:00+0200,26.0275,MW,BE,BE,actual_offshore_wind_generation,Wind Offshore | Actual Consumption,2026-08-05T13:16:55Z
2026-08-05T13:16:30Z,2026-08-05T15:16:30+0200,eb4e78ad-6a4c-434e-99d2-b22c640d18c9,2026-07-08T20:00:00Z,2026-07-08T22:00:00+0200,6.0575,MW,BE,BE,actual_offshore_wind_generation,Wind Offshore | Actual Aggregated,2026-08-05T13:16:55Z
2026-08-05T13:16:30Z,2026-08-05T15:16:30+0200,eb4e78ad-6a4c-434e-99d2-b22c640d18c9,2026-07-08T20:00:00Z,2026-07-08T22:00:00+0200,4.3175,MW,BE,BE,actual_offshore_wind_generation,Wind Offshore | Actual Consumption,2026-08-05T13:16:55Z
2026-08-05T13:16:30Z,2026-08-05T15:16:30+0200,eb4e78ad-6a4c-434e-99d2-b22c640d18c9,2026-07-08T21:00:00Z,2026-07-08T23:00:00+0200,23.94,MW,BE,BE,actual_offshore_wind_generation,Wind Offshore | Actual Consumption,2026-08-05T13:16:55Z
2026-08-05T13:16:30Z,2026-08-05T15:16:30+0200,eb4e78ad-6a4c-434e-99d2-b22c640d18c9,2026-07-08T22:00:00Z,2026-07-09T00:00:00+0200,27.4975,MW,BE,BE,actual_offshore_wind_generation,Wind Offshore | Actual Consumption,2026-08-05T13:16:55Z
2026-08-05T13:16:30Z,2026-08-05T15:16:30+0200,eb4e78ad-6a4c-434e-99d2-b22c640d18c9,2026-07-08T23:00:00Z,2026-07-09T01:00:00+0200,28.06,MW,BE,BE,actual_offshore_wind_generation,Wind Offshore | Actual Consumption,2026-08-05T13:16:55Z
2026-08-05T13:16:30Z,2026-08-05T15:16:30+0200,eb4e78ad-6a4c-434e-99d2-b22c640d18c9,2026-07-09T00:00:00Z,2026-07-09T02:00:00+0200,29.335,MW,BE,BE,actual_offshore_wind_generation,Wind Offshore | Actual Consumption,2026-08-05T13:16:55Z
2026-08-05T13:16:30Z,2026-08-05T15:16:30+0200,eb4e78ad-6a4c-434e-99d2-b22c640d18c9,2026-07-09T01:00:00Z,2026-07-09T03:00:00+0200,28.8875,MW,BE,BE,actual_offshore_wind_generation,Wind Offshore | Actual Consumption,2026-08-05T13:16:55Z
2026-08-05T13:16:30Z,2026-08-05T15:16:30+0200,eb4e78ad-6a4c-434e-99d2-b22c640d18c9,2026-07-09T02:00:00Z,2026-07-09T04:00:00+0200,26.7275,MW,BE,BE,actual_offshore_wind_generation,Wind Offshore | Actual Consumption,2026-08-05T13:16:55Z
2026-08-05T13:16:30Z,2026-08-05T15:16:30+0200,eb4e78ad-6a4c-434e-99d2-b22c640d18c9,2026-07-09T03:00:00Z,2026-07-09T05:00:00+0200,0.2025,MW,BE,BE,actual_offshore_wind_generation,Wind Offshore | Actual Aggregated,2026-08-05T13:16:55Z
2026-08-05T13:16:30Z,2026-08-05T15:16:30+0200,eb4e78ad-6a4c-434e-99d2-b22c640d18c9,2026-07-09T03:00:00Z,2026-07-09T05:00:00+0200,5.3725,MW,BE,BE,actual_offshore_wind_generation,Wind Offshore | Actual Consumption,2026-08-05T13:16:55Z
2026-08-05T13:16:30Z,2026-08-05T15:16:30+0200,eb4e78ad-6a4c-434e-99d2-b22c640d18c9,2026-07-09T04:00:00Z,2026-07-09T06:00:00+0200,19.365,MW,BE,BE,actual_offshore_wind_generation,Wind Offshore | Actual Aggregated,2026-08-05T13:16:55Z
2026-08-05T13:16:30Z,2026-08-05T15:16:30+0200,eb4e78ad-6a4c-434e-99d2-b22c640d18c9,2026-07-09T05:00:00Z,2026-07-09T07:00:00+0200,8.2575,MW,BE,BE,actual_offshore_wind_generation,Wind Offshore | Actual Aggregated,2026-08-05T13:16:55Z
2026-08-05T13:16:30Z,2026-08-05T15:16:30+0200,eb4e78ad-6a4c-434e-99d2-b22c640d18c9,2026-07-09T05:00:00Z,2026-07-09T07:00:00+0200,1.985,MW,BE,BE,actual_offshore_wind_generation,Wind Offshore | Actual Consumption,2026-08-05T13:16:55Z
2026-08-05T13:16:30Z,2026-08-05T15:16:30+0200,eb4e78ad-6a4c-434e-99d2-b22c640d18c9,2026-07-09T06:00:00Z,2026-07-09T08:00:00+0200,17.855,MW,BE,BE,actual_offshore_wind_generation,Wind Offshore | Actual Consumption,2026-08-05T13:16:55Z
2026-08-05T13:16:30Z,2026-08-05T15:16:30+0200,eb4e78ad-6a4c-434e-99d2-b22c640d18c9,2026-07-09T07:00:00Z,2026-07-09T09:00:00+0200,22.0675,MW,BE,BE,actual_offshore_wind_generation,Wind Offshore | Actual Consumption,2026-08-05T13:16:55Z
2026-08-05T13:16:30Z,2026-08-05T15:16:30+0200,eb4e78ad-6a4c-434e-99d2-b22c640d18c9,2026-07-09T08:00:00Z,2026-07-09T10:00:00+0200,26.8825,MW,BE,BE,actual_offshore_wind_generation,Wind Offshore | Actual Consumption,2026-08-05T13:16:55Z
2026-08-05T13:16:30Z,2026-08-05T15:16:30+0200,eb4e78ad-6a4c-434e-99d2-b22c640d18c9,2026-07-09T09:00:00Z,2026-07-09T11:00:00+0200,26.9525,MW,BE,BE,actual_offshore_wind_generation,Wind Offshore | Actual Consumption,2026-08-05T13:16:55Z
2026-08-05T13:16:30Z,2026-08-05T15:16:30+0200,eb4e78ad-6a4c-434e-99d2-b22c640d18c9,2026-07-09T10:00:00Z,2026-07-09T12:00:00+0200,24.29,MW,BE,BE,actual_offshore_wind_generation,Wind Offshore | Actual Consumption,2026-08-05T13:16:55Z
2026-08-05T13:16:30Z,2026-08-05T15:16:30+0200,eb4e78ad-6a4c-434e-99d2-b22c640d18c9,2026-07-09T11:00:00Z,2026-07-09T13:00:00+0200,26.6975,MW,BE,BE,actual_offshore_wind_generation,Wind Offshore | Actual Consumption,2026-08-05T13:16:55Z
2026-08-05T13:16:30Z,2026-08-05T15:16:30+0200,eb4e78ad-6a4c-434e-99d2-b22c640d18c9,2026-07-09T12:00:00Z,2026-07-09T14:00:00+0200,23.2325,MW,BE,BE,actual_offshore_wind_generation,Wind Offshore | Actual Consumption,2026-08-05T13:16:55Z
2026-08-05T13:16:30Z,2026-08-05T15:16:30+0200,eb4e78ad-6a4c-434e-99d2-b22c640d18c9,2026-07-09T13:00:00Z,2026-07-09T15:00:00+0200,7.0775,MW,BE,BE,actual_offshore_wind_generation,Wind Offshore | Actual Consumption,2026-08-05T13:16:55Z
2026-08-05T13:16:30Z,2026-08-05T15:16:30+0200,eb4e78ad-6a4c-434e-99d2-b22c640d18c9,2026-07-09T14:00:00Z,2026-07-09T16:00:00+0200,13.525,MW,BE,BE,actual_offshore_wind_generation,Wind Offshore | Actual Aggregated,2026-08-05T13:16:55Z
2026-08-05T13:16:30Z,2026-08-05T15:16:30+0200,eb4e78ad-6a4c-434e-99d2-b22c640d18c9,2026-07-09T15:00:00Z,2026-07-09T17:00:00+0200,16.48,MW,BE,BE,actual_offshore_wind_generation,Wind Offshore | Actual Aggregated,2026-08-05T13:16:55Z
2026-08-05T13:16:30Z,2026-08-05T15:16:30+0200,eb4e78ad-6a4c-434e-99d2-b22c640d18c9,2026-07-09T16:00:00Z,2026-07-09T18:00:00+0200,18.165,MW,BE,BE,actual_offshore_wind_generation,Wind Offshore | Actual Aggregated,2026-08-05T13:16:55Z
2026-08-05T13:16:30Z,2026-08-05T15:16:30+0200,eb4e78ad-6a4c-434e-99d2-b22c640d18c9,2026-07-09T17:00:00Z,2026-07-09T19:00:00+0200,51.2475,MW,BE,BE,actual_offshore_wind_generation,Wind Offshore | Actual Aggregated,2026-08-05T13:16:55Z
2026-08-05T13:16:30Z,2026-08-05T15:16:30+0200,eb4e78ad-6a4c-434e-99d2-b22c640d18c9,2026-07-09T18:00:00Z,2026-07-09T20:00:00+0200,93.3325,MW,BE,BE,actual_offshore_wind_generation,Wind Offshore | Actual Aggregated,2026-08-05T13:16:55Z
2026-08-05T13:16:30Z,2026-08-05T15:16:30+0200,eb4e78ad-6a4c-434e-99d2-b22c640d18c9,2026-07-09T19:00:00Z,2026-07-09T21:00:00+0200,191.085,MW,BE,BE,actual_offshore_wind_generation,Wind Offshore | Actual Aggregated,2026-08-05T13:16:55Z
2026-08-05T13:16:30Z,2026-08-05T15:16:30+0200,eb4e78ad-6a4c-434e-99d2-b22c640d18c9,2026-07-09T20:00:00Z,2026-07-09T22:00:00+0200,204.21,MW,BE,BE,actual_offshore_wind_generation,Wind Offshore | Actual Aggregated,2026-08-05T13:16:55Z
2026-08-05T13:16:30Z,2026-08-05T15:16:30+0200,eb4e78ad-6a4c-434e-99d2-b22c640d18c9,2026-07-09T21:00:00Z,2026-07-09T23:00:00+0200,125.78,MW,BE,BE,actual_offshore_wind_generation,Wind Offshore | Actual Aggregated,2026-08-05T13:16:55Z
2026-08-05T13:16:30Z,2026-08-05T15:16:30+0200,eb4e78ad-6a4c-434e-99d2-b22c640d18c9,2026-07-09T22:00:00Z,2026-07-10T00:00:00+0200,88.1725,MW,BE,BE,actual_offshore_wind_generation,Wind Offshore | Actual Aggregated,2026-08-05T13:16:55Z
2026-08-05T13:16:30Z,2026-08-05T15:16:30+0200,eb4e78ad-6a4c-434e-99d2-b22c640d18c9,2026-07-09T23:00:00Z,2026-07-10T01:00:00+0200,160.2275,MW,BE,BE,actual_offshore_wind_generation,Wind Offshore | Actual Aggregated,2026-08-05T13:16:55Z
2026-08-05T13:16:30Z,2026-08-05T15:16:30+0200,eb4e78ad-6a4c-434e-99d2-b22c640d18c9,2026-07-10T00:00:00Z,2026-07-10T02:00:00+0200,214.875,MW,BE,BE,actual_offshore_wind_generation,Wind Offshore | Actual Aggregated,2026-08-05T13:16:55Z
2026-08-05T13:16:30Z,2026-08-05T15:16:30+0200,eb4e78ad-6a4c-434e-99d2-b22c640d18c9,2026-07-10T01:00:00Z,2026-07-10T03:00:00+0200,201.9875,MW,BE,BE,actual_offshore_wind_generation,Wind Offshore | Actual Aggregated,2026-08-05T13:16:55Z
2026-08-05T13:16:30Z,2026-08-05T15:16:30+0200,eb4e78ad-6a4c-434e-99d2-b22c640d18c9,2026-07-10T02:00:00Z,2026-07-10T04:00:00+0200,162.3575,MW,BE,BE,actual_offshore_wind_generation,Wind Offshore | Actual Aggregated,2026-08-05T13:16:55Z
2026-08-05T13:16:30Z,2026-08-05T15:16:30+0200,eb4e78ad-6a4c-434e-99d2-b22c640d18c9,2026-07-10T03:00:00Z,2026-07-10T05:00:00+0200,131.7925,MW,BE,BE,actual_offshore_wind_generation,Wind Offshore | Actual Aggregated,2026-08-05T13:16:55Z
2026-08-05T13:16:30Z,2026-08-05T15:16:30+0200,eb4e78ad-6a4c-434e-99d2-b22c640d18c9,2026-07-10T04:00:00Z,2026-07-10T06:00:00+0200,141.145,MW,BE,BE,actual_offshore_wind_generation,Wind Offshore | Actual Aggregated,2026-08-05T13:16:55Z
2026-08-05T13:16:30Z,2026-08-05T15:16:30+0200,eb4e78ad-6a4c-434e-99d2-b22c640d18c9,2026-07-10T05:00:00Z,2026-07-10T07:00:00+0200,151.9575,MW,BE,BE,actual_offshore_wind_generation,Wind Offshore | Actual Aggregated,2026-08-05T13:16:55Z
2026-08-05T13:16:30Z,2026-08-05T15:16:30+0200,eb4e78ad-6a4c-434e-99d2-b22c640d18c9,2026-07-10T06:00:00Z,2026-07-10T08:00:00+0200,138.84,MW,BE,BE,actual_offshore_wind_generation,Wind Offshore | Actual Aggregated,2026-08-05T13:16:55Z
2026-08-05T13:16:30Z,2026-08-05T15:16:30+0200,eb4e78ad-6a4c-434e-99d2-b22c640d18c9,2026-07-10T07:00:00Z,2026-07-10T09:00:00+0200,174.46,MW,BE,BE,actual_offshore_wind_generation,Wind Offshore | Actual Aggregated,2026-08-05T13:16:55Z
2026-08-05T13:16:30Z,2026-08-05T15:16:30+0200,eb4e78ad-6a4c-434e-99d2-b22c640d18c9,2026-07-10T08:00:00Z,2026-07-10T10:00:00+0200,149.515,MW,BE,BE,actual_offshore_wind_generation,Wind Offshore | Actual Aggregated,2026-08-05T13:16:55Z
2026-08-05T13:16:30Z,2026-08-05T15:16:30+0200,eb4e78ad-6a4c-434e-99d2-b22c640d18c9,2026-07-10T09:00:00Z,2026-07-10T11:00:00+0200,161.44,MW,BE,BE,actual_offshore_wind_generation,Wind Offshore | Actual Aggregated,2026-08-05T13:16:55Z
2026-08-05T13:16:30Z,2026-08-05T15:16:30+0200,eb4e78ad-6a4c-434e-99d2-b22c640d18c9,2026-07-10T10:00:00Z,2026-07-10T12:00:00+0200,115.8075,MW,BE,BE,actual_offshore_wind_generation,Wind Offshore | Actual Aggregated,2026-08-05T13:16:55Z
2026-08-05T13:16:30Z,2026-08-05T15:16:30+0200,eb4e78ad-6a4c-434e-99d2-b22c640d18c9,2026-07-10T11:00:00Z,2026-07-10T13:00:00+0200,169.77,MW,BE,BE,actual_offshore_wind_generation,Wind Offshore | Actual Aggregated,2026-08-05T13:16:55Z
2026-08-05T13:16:30Z,2026-08-05T15:16:30+0200,eb4e78ad-6a4c-434e-99d2-b22c640d18c9,2026-07-10T12:00:00Z,2026-07-10T14:00:00+0200,212.455,MW,BE,BE,actual_offshore_wind_generation,Wind Offshore | Actual Aggregated,2026-08-05T13:16:55Z
2026-08-05T13:16:30Z,2026-08-05T15:16:30+0200,eb4e78ad-6a4c-434e-99d2-b22c640d18c9,2026-07-10T13:00:00Z,2026-07-10T15:00:00+0200,250.9,MW,BE,BE,actual_offshore_wind_generation,Wind Offshore | Actual Aggregated,2026-08-05T13:16:55Z
2026-08-05T13:16:30Z,2026-08-05T15:16:30+0200,eb4e78ad-6a4c-434e-99d2-b22c640d18c9,2026-07-10T14:00:00Z,2026-07-10T16:00:00+0200,344.425,MW,BE,BE,actual_offshore_wind_generation,Wind Offshore | Actual Aggregated,2026-08-05T13:16:55Z
2026-08-05T13:16:30Z,2026-08-05T15:16:30+0200,eb4e78ad-6a4c-434e-99d2-b22c640d18c9,2026-07-10T15:00:00Z,2026-07-10T17:00:00+0200,503.14,MW,BE,BE,actual_offshore_wind_generation,Wind Offshore | Actual Aggregated,2026-08-05T13:16:55Z
2026-08-05T13:16:30Z,2026-08-05T15:16:30+0200,eb4e78ad-6a4c-434e-99d2-b22c640d18c9,2026-07-10T16:00:00Z,2026-07-10T18:00:00+0200,698.885,MW,BE,BE,actual_offshore_wind_generation,Wind Offshore | Actual Aggregated,2026-08-05T13:16:55Z
2026-08-05T13:16:30Z,2026-08-05T15:16:30+0200,eb4e78ad-6a4c-434e-99d2-b22c640d18c9,2026-07-10T17:00:00Z,2026-07-10T19:00:00+0200,867.8225,MW,BE,BE,actual_offshore_wind_generation,Wind Offshore | Actual Aggregated,2026-08-05T13:16:55Z
2026-08-05T13:16:30Z,2026-08-05T15:16:30+0200,eb4e78ad-6a4c-434e-99d2-b22c640d18c9,2026-07-10T18:00:00Z,2026-07-10T20:00:00+0200,985.7825,MW,BE,BE,actual_offshore_wind_generation,Wind Offshore | Actual Aggregated,2026-08-05T13:16:55Z
2026-08-05T13:16:30Z,2026-08-05T15:16:30+0200,eb4e78ad-6a4c-434e-99d2-b22c640d18c9,2026-07-10T19:00:00Z,2026-07-10T21:00:00+0200,1116.2025,MW,BE,BE,actual_offshore_wind_generation,Wind Offshore | Actual Aggregated,2026-08-05T13:16:55Z
2026-08-05T13:16:30Z,2026-08-05T15:16:30+0200,eb4e78ad-6a4c-434e-99d2-b22c640d18c9,2026-07-10T20:00:00Z,2026-07-10T22:00:00+0200,1010.765,MW,BE,BE,actual_offshore_wind_generation,Wind Offshore | Actual Aggregated,2026-08-05T13:16:55Z
2026-08-05T13:16:30Z,2026-08-05T15:16:30+0200,eb4e78ad-6a4c-434e-99d2-b22c640d18c9,2026-07-10T21:00:00Z,2026-07-10T23:00:00+0200,849.63,MW,BE,BE,actual_offshore_wind_generation,Wind Offshore | Actual Aggregated,2026-08-05T13:16:55Z
2026-08-05T13:16:30Z,2026-08-05T15:16:30+0200,eb4e78ad-6a4c-434e-99d2-b22c640d18c9,2026-07-10T22:00:00Z,2026-07-11T00:00:00+0200,728.8325,MW,BE,BE,actual_offshore_wind_generation,Wind Offshore | Actual Aggregated,2026-08-05T13:16:55Z
2026-08-05T13:16:30Z,2026-08-05T15:16:30+0200,eb4e78ad-6a4c-434e-99d2-b22c640d18c9,2026-07-10T23:00:00Z,2026-07-11T01:00:00+0200,623.975,MW,BE,BE,actual_offshore_wind_generation,Wind Offshore | Actual Aggregated,2026-08-05T13:16:55Z
2026-08-05T13:16:30Z,2026-08-05T15:16:30+0200,eb4e78ad-6a4c-434e-99d2-b22c640d18c9,2026-07-11T00:00:00Z,2026-07-11T02:00:00+0200,532.3525,MW,BE,BE,actual_offshore_wind_generation,Wind Offshore | Actual Aggregated,2026-08-05T13:16:55Z
2026-08-05T13:16:30Z,2026-08-05T15:16:30+0200,eb4e78ad-6a4c-434e-99d2-b22c640d18c9,2026-07-11T01:00:00Z,2026-07-11T03:00:00+0200,410.3175,MW,BE,BE,actual_offshore_wind_generation,Wind Offshore | Actual Aggregated,2026-08-05T13:16:55Z
2026-08-05T13:16:30Z,2026-08-05T15:16:30+0200,eb4e78ad-6a4c-434e-99d2-b22c640d18c9,2026-07-11T02:00:00Z,2026-07-11T04:00:00+0200,345.53,MW,BE,BE,actual_offshore_wind_generation,Wind Offshore | Actual Aggregated,2026-08-05T13:16:55Z
2026-08-05T13:16:30Z,2026-08-05T15:16:30+0200,eb4e78ad-6a4c-434e-99d2-b22c640d18c9,2026-07-11T03:00:00Z,2026-07-11T05:00:00+0200,316.6025,MW,BE,BE,actual_offshore_wind_generation,Wind Offshore | Actual Aggregated,2026-08-05T13:16:55Z
2026-08-05T13:16:30Z,2026-08-05T15:16:30+0200,eb4e78ad-6a4c-434e-99d2-b22c640d18c9,2026-07-11T04:00:00Z,2026-07-11T06:00:00+0200,294.7425,MW,BE,BE,actual_offshore_wind_generation,Wind Offshore | Actual Aggregated,2026-08-05T13:16:55Z
2026-08-05T13:16:30Z,2026-08-05T15:16:30+0200,eb4e78ad-6a4c-434e-99d2-b22c640d18c9,2026-07-11T05:00:00Z,2026-07-11T07:00:00+0200,337.4875,MW,BE,BE,actual_offshore_wind_generation,Wind Offshore | Actual Aggregated,2026-08-05T13:16:55Z
2026-08-05T13:16:30Z,2026-08-05T15:16:30+0200,eb4e78ad-6a4c-434e-99d2-b22c640d18c9,2026-07-11T06:00:00Z,2026-07-11T08:00:00+0200,402.8725,MW,BE,BE,actual_offshore_wind_generation,Wind Offshore | Actual Aggregated,2026-08-05T13:16:55Z
2026-08-05T13:16:30Z,2026-08-05T15:16:30+0200,eb4e78ad-6a4c-434e-99d2-b22c640d18c9,2026-07-11T07:00:00Z,2026-07-11T09:00:00+0200,403.4825,MW,BE,BE,actual_offshore_wind_generation,Wind Offshore | Actual Aggregated,2026-08-05T13:16:55Z
2026-08-05T13:16:30Z,2026-08-05T15:16:30+0200,eb4e78ad-6a4c-434e-99d2-b22c640d18c9,2026-07-11T08:00:00Z,2026-07-11T10:00:00+0200,358.595,MW,BE,BE,actual_offshore_wind_generation,Wind Offshore | Actual Aggregated,2026-08-05T13:16:55Z
2026-08-05T13:16:30Z,2026-08-05T15:16:30+0200,eb4e78ad-6a4c-434e-99d2-b22c640d18c9,2026-07-11T09:00:00Z,2026-07-11T11:00:00+0200,422.5675,MW,BE,BE,actual_offshore_wind_generation,Wind Offshore | Actual Aggregated,2026-08-05T13:16:55Z
2026-08-05T13:16:30Z,2026-08-05T15:16:30+0200,eb4e78ad-6a4c-434e-99d2-b22c640d18c9,2026-07-11T10:00:00Z,2026-07-11T12:00:00+0200,420.49,MW,BE,BE,actual_offshore_wind_generation,Wind Offshore | Actual Aggregated,2026-08-05T13:16:55Z
2026-08-05T13:16:30Z,2026-08-05T15:16:30+0200,eb4e78ad-6a4c-434e-99d2-b22c640d18c9,2026-07-11T11:00:00Z,2026-07-11T13:00:00+0200,560.965,MW,BE,BE,actual_offshore_wind_generation,Wind Offshore | Actual Aggregated,2026-08-05T13:16:55Z
2026-08-05T13:16:30Z,2026-08-05T15:16:30+0200,eb4e78ad-6a4c-434e-99d2-b22c640d18c9,2026-07-11T12:00:00Z,2026-07-11T14:00:00+0200,654.9325,MW,BE,BE,actual_offshore_wind_generation,Wind Offshore | Actual Aggregated,2026-08-05T13:16:55Z
2026-08-05T13:16:30Z,2026-08-05T15:16:30+0200,eb4e78ad-6a4c-434e-99d2-b22c640d18c9,2026-07-11T13:00:00Z,2026-07-11T15:00:00+0200,597.21,MW,BE,BE,actual_offshore_wind_generation,Wind Offshore | Actual Aggregated,2026-08-05T13:16:55Z
2026-08-05T13:16:30Z,2026-08-05T15:16:30+0200,eb4e78ad-6a4c-434e-99d2-b22c640d18c9,2026-07-11T14:00:00Z,2026-07-11T16:00:00+0200,592.85,MW,BE,BE,actual_offshore_wind_generation,Wind Offshore | Actual Aggregated,2026-08-05T13:16:55Z
2026-08-05T13:16:30Z,2026-08-05T15:16:30+0200,eb4e78ad-6a4c-434e-99d2-b22c640d18c9,2026-07-11T15:00:00Z,2026-07-11T17:00:00+0200,651.3575,MW,BE,BE,actual_offshore_wind_generation,Wind Offshore | Actual Aggregated,2026-08-05T13:16:55Z
2026-08-05T13:16:30Z,2026-08-05T15:16:30+0200,eb4e78ad-6a4c-434e-99d2-b22c640d18c9,2026-07-11T16:00:00Z,2026-07-11T18:00:00+0200,873.735,MW,BE,BE,actual_offshore_wind_generation,Wind Offshore | Actual Aggregated,2026-08-05T13:16:55Z
2026-08-05T13:16:30Z,2026-08-05T15:16:30+0200,eb4e78ad-6a4c-434e-99d2-b22c640d18c9,2026-07-11T17:00:00Z,2026-07-11T19:00:00+0200,1029.12,MW,BE,BE,actual_offshore_wind_generation,Wind Offshore | Actual Aggregated,2026-08-05T13:16:55Z
2026-08-05T13:16:30Z,2026-08-05T15:16:30+0200,eb4e78ad-6a4c-434e-99d2-b22c640d18c9,2026-07-11T18:00:00Z,2026-07-11T20:00:00+0200,1090.975,MW,BE,BE,actual_offshore_wind_generation,Wind Offshore | Actual Aggregated,2026-08-05T13:16:55Z
2026-08-05T13:16:30Z,2026-08-05T15:16:30+0200,eb4e78ad-6a4c-434e-99d2-b22c640d18c9,2026-07-11T19:00:00Z,2026-07-11T21:00:00+0200,981.4825,MW,BE,BE,actual_offshore_wind_generation,Wind Offshore | Actual Aggregated,2026-08-05T13:16:55Z
2026-08-05T13:16:30Z,2026-08-05T15:16:30+0200,eb4e78ad-6a4c-434e-99d2-b22c640d18c9,2026-07-11T20:00:00Z,2026-07-11T22:00:00+0200,863.5325,MW,BE,BE,actual_offshore_wind_generation,Wind Offshore | Actual Aggregated,2026-08-05T13:16:55Z
2026-08-05T13:16:30Z,2026-08-05T15:16:30+0200,eb4e78ad-6a4c-434e-99d2-b22c640d18c9,2026-07-11T21:00:00Z,2026-07-11T23:00:00+0200,882.875,MW,BE,BE,actual_offshore_wind_generation,Wind Offshore | Actual Aggregated,2026-08-05T13:16:55Z
2026-08-05T13:16:30Z,2026-08-05T15:16:30+0200,eb4e78ad-6a4c-434e-99d2-b22c640d18c9,2026-07-11T22:00:00Z,2026-07-12T00:00:00+0200,848.41,MW,BE,BE,actual_offshore_wind_generation,Wind Offshore | Actual Aggregated,2026-08-05T13:16:55Z
2026-08-05T13:16:30Z,2026-08-05T15:16:30+0200,eb4e78ad-6a4c-434e-99d2-b22c640d18c9,2026-07-11T23:00:00Z,2026-07-12T01:00:00+0200,804.74,MW,BE,BE,actual_offshore_wind_generation,Wind Offshore | Actual Aggregated,2026-08-05T13:16:55Z
2026-08-05T13:16:30Z,2026-08-05T15:16:30+0200,eb4e78ad-6a4c-434e-99d2-b22c640d18c9,2026-07-12T00:00:00Z,2026-07-12T02:00:00+0200,761.8875,MW,BE,BE,actual_offshore_wind_generation,Wind Offshore | Actual Aggregated,2026-08-05T13:16:55Z
2026-08-05T13:16:30Z,2026-08-05T15:16:30+0200,eb4e78ad-6a4c-434e-99d2-b22c640d18c9,2026-07-12T01:00:00Z,2026-07-12T03:00:00+0200,721.6375,MW,BE,BE,actual_offshore_wind_generation,Wind Offshore | Actual Aggregated,2026-08-05T13:16:55Z
2026-08-05T13:16:30Z,2026-08-05T15:16:30+0200,eb4e78ad-6a4c-434e-99d2-b22c640d18c9,2026-07-12T02:00:00Z,2026-07-12T04:00:00+0200,728.8225,MW,BE,BE,actual_offshore_wind_generation,Wind Offshore | Actual Aggregated,2026-08-05T13:16:55Z
2026-08-05T13:16:30Z,2026-08-05T15:16:30+0200,eb4e78ad-6a4c-434e-99d2-b22c640d18c9,2026-07-12T03:00:00Z,2026-07-12T05:00:00+0200,831.3575,MW,BE,BE,actual_offshore_wind_generation,Wind Offshore | Actual Aggregated,2026-08-05T13:16:55Z
2026-08-05T13:16:30Z,2026-08-05T15:16:30+0200,eb4e78ad-6a4c-434e-99d2-b22c640d18c9,2026-07-12T04:00:00Z,2026-07-12T06:00:00+0200,693.8275,MW,BE,BE,actual_offshore_wind_generation,Wind Offshore | Actual Aggregated,2026-08-05T13:16:55Z
2026-08-05T13:16:30Z,2026-08-05T15:16:30+0200,eb4e78ad-6a4c-434e-99d2-b22c640d18c9,2026-07-12T05:00:00Z,2026-07-12T07:00:00+0200,696.7525,MW,BE,BE,actual_offshore_wind_generation,Wind Offshore | Actual Aggregated,2026-08-05T13:16:55Z
2026-08-05T13:16:30Z,2026-08-05T15:16:30+0200,eb4e78ad-6a4c-434e-99d2-b22c640d18c9,2026-07-12T06:00:00Z,2026-07-12T08:00:00+0200,651.5725,MW,BE,BE,actual_offshore_wind_generation,Wind Offshore | Actual Aggregated,2026-08-05T13:16:55Z
2026-08-05T13:16:30Z,2026-08-05T15:16:30+0200,eb4e78ad-6a4c-434e-99d2-b22c640d18c9,2026-07-12T07:00:00Z,2026-07-12T09:00:00+0200,654.115,MW,BE,BE,actual_offshore_wind_generation,Wind Offshore | Actual Aggregated,2026-08-05T13:16:55Z
2026-08-05T13:16:30Z,2026-08-05T15:16:30+0200,eb4e78ad-6a4c-434e-99d2-b22c640d18c9,2026-07-12T08:00:00Z,2026-07-12T10:00:00+0200,845.0275,MW,BE,BE,actual_offshore_wind_generation,Wind Offshore | Actual Aggregated,2026-08-05T13:16:55Z
2026-08-05T13:16:30Z,2026-08-05T15:16:30+0200,eb4e78ad-6a4c-434e-99d2-b22c640d18c9,2026-07-12T09:00:00Z,2026-07-12T11:00:00+0200,850.4375,MW,BE,BE,actual_offshore_wind_generation,Wind Offshore | Actual Aggregated,2026-08-05T13:16:55Z
2026-08-05T13:16:30Z,2026-08-05T15:16:30+0200,eb4e78ad-6a4c-434e-99d2-b22c640d18c9,2026-07-12T10:00:00Z,2026-07-12T12:00:00+0200,836.9075,MW,BE,BE,actual_offshore_wind_generation,Wind Offshore | Actual Aggregated,2026-08-05T13:16:55Z
2026-08-05T13:16:30Z,2026-08-05T15:16:30+0200,eb4e78ad-6a4c-434e-99d2-b22c640d18c9,2026-07-12T11:00:00Z,2026-07-12T13:00:00+0200,1040.36,MW,BE,BE,actual_offshore_wind_generation,Wind Offshore | Actual Aggregated,2026-08-05T13:16:55Z
2026-08-05T13:16:30Z,2026-08-05T15:16:30+0200,eb4e78ad-6a4c-434e-99d2-b22c640d18c9,2026-07-12T12:00:00Z,2026-07-12T14:00:00+0200,1165.855,MW,BE,BE,actual_offshore_wind_generation,Wind Offshore | Actual Aggregated,2026-08-05T13:16:55Z
2026-08-05T13:16:30Z,2026-08-05T15:16:30+0200,eb4e78ad-6a4c-434e-99d2-b22c640d18c9,2026-07-12T13:00:00Z,2026-07-12T15:00:00+0200,1163.3425,MW,BE,BE,actual_offshore_wind_generation,Wind Offshore | Actual Aggregated,2026-08-05T13:16:55Z
2026-08-05T13:16:30Z,2026-08-05T15:16:30+0200,eb4e78ad-6a4c-434e-99d2-b22c640d18c9,2026-07-12T14:00:00Z,2026-07-12T16:00:00+0200,1419.0975,MW,BE,BE,actual_offshore_wind_generation,Wind Offshore | Actual Aggregated,2026-08-05T13:16:55Z
2026-08-05T13:16:30Z,2026-08-05T15:16:30+0200,eb4e78ad-6a4c-434e-99d2-b22c640d18c9,2026-07-12T15:00:00Z,2026-07-12T17:00:00+0200,1668.095,MW,BE,BE,actual_offshore_wind_generation,Wind Offshore | Actual Aggregated,2026-08-05T13:16:55Z
2026-08-05T13:16:30Z,2026-08-05T15:16:30+0200,eb4e78ad-6a4c-434e-99d2-b22c640d18c9,2026-07-12T16:00:00Z,2026-07-12T18:00:00+0200,1929.24,MW,BE,BE,actual_offshore_wind_generation,Wind Offshore | Actual Aggregated,2026-08-05T13:16:55Z
2026-08-05T13:16:30Z,2026-08-05T15:16:30+0200,eb4e78ad-6a4c-434e-99d2-b22c640d18c9,2026-07-12T17:00:00Z,2026-07-12T19:00:00+0200,1969.7325,MW,BE,BE,actual_offshore_wind_generation,Wind Offshore | Actual Aggregated,2026-08-05T13:16:55Z
2026-08-05T13:16:30Z,2026-08-05T15:16:30+0200,eb4e78ad-6a4c-434e-99d2-b22c640d18c9,2026-07-12T18:00:00Z,2026-07-12T20:00:00+0200,2074.88,MW,BE,BE,actual_offshore_wind_generation,Wind Offshore | Actual Aggregated,2026-08-05T13:16:55Z
2026-08-05T13:16:30Z,2026-08-05T15:16:30+0200,eb4e78ad-6a4c-434e-99d2-b22c640d18c9,2026-07-12T19:00:00Z,2026-07-12T21:00:00+0200,2084.425,MW,BE,BE,actual_offshore_wind_generation,Wind Offshore | Actual Aggregated,2026-08-05T13:16:55Z
2026-08-05T13:16:30Z,2026-08-05T15:16:30+0200,eb4e78ad-6a4c-434e-99d2-b22c640d18c9,2026-07-12T20:00:00Z,2026-07-12T22:00:00+0200,2012.325,MW,BE,BE,actual_offshore_wind_generation,Wind Offshore | Actual Aggregated,2026-08-05T13:16:55Z
2026-08-05T13:16:30Z,2026-08-05T15:16:30+0200,eb4e78ad-6a4c-434e-99d2-b22c640d18c9,2026-07-12T21:00:00Z,2026-07-12T23:00:00+0200,1957.3375,MW,BE,BE,actual_offshore_wind_generation,Wind Offshore | Actual Aggregated,2026-08-05T13:16:55Z
2026-08-05T13:16:30Z,2026-08-05T15:16:30+0200,eb4e78ad-6a4c-434e-99d2-b22c640d18c9,2026-07-12T22:00:00Z,2026-07-13T00:00:00+0200,1954.66,MW,BE,BE,actual_offshore_wind_generation,Wind Offshore | Actual Aggregated,2026-08-05T13:16:55Z
2026-08-05T13:16:30Z,2026-08-05T15:16:30+0200,eb4e78ad-6a4c-434e-99d2-b22c640d18c9,2026-07-12T23:00:00Z,2026-07-13T01:00:00+0200,1817.68,MW,BE,BE,actual_offshore_wind_generation,Wind Offshore | Actual Aggregated,2026-08-05T13:16:55Z
2026-08-05T13:16:30Z,2026-08-05T15:16:30+0200,eb4e78ad-6a4c-434e-99d2-b22c640d18c9,2026-07-13T00:00:00Z,2026-07-13T02:00:00+0200,1590.4425,MW,BE,BE,actual_offshore_wind_generation,Wind Offshore | Actual Aggregated,2026-08-05T13:16:55Z
2026-08-05T13:16:30Z,2026-08-05T15:16:30+0200,eb4e78ad-6a4c-434e-99d2-b22c640d18c9,2026-07-13T01:00:00Z,2026-07-13T03:00:00+0200,1540.0275,MW,BE,BE,actual_offshore_wind_generation,Wind Offshore | Actual Aggregated,2026-08-05T13:16:55Z
2026-08-05T13:16:30Z,2026-08-05T15:16:30+0200,eb4e78ad-6a4c-434e-99d2-b22c640d18c9,2026-07-13T02:00:00Z,2026-07-13T04:00:00+0200,1465.5425,MW,BE,BE,actual_offshore_wind_generation,Wind Offshore | Actual Aggregated,2026-08-05T13:16:55Z
2026-08-05T13:16:30Z,2026-08-05T15:16:30+0200,eb4e78ad-6a4c-434e-99d2-b22c640d18c9,2026-07-13T03:00:00Z,2026-07-13T05:00:00+0200,1333.3375,MW,BE,BE,actual_offshore_wind_generation,Wind Offshore | Actual Aggregated,2026-08-05T13:16:55Z
2026-08-05T13:16:30Z,2026-08-05T15:16:30+0200,eb4e78ad-6a4c-434e-99d2-b22c640d18c9,2026-07-13T04:00:00Z,2026-07-13T06:00:00+0200,1196.9525,MW,BE,BE,actual_offshore_wind_generation,Wind Offshore | Actual Aggregated,2026-08-05T13:16:55Z
2026-08-05T13:16:30Z,2026-08-05T15:16:30+0200,eb4e78ad-6a4c-434e-99d2-b22c640d18c9,2026-07-13T05:00:00Z,2026-07-13T07:00:00+0200,1175.1,MW,BE,BE,actual_offshore_wind_generation,Wind Offshore | Actual Aggregated,2026-08-05T13:16:55Z
2026-08-05T13:16:30Z,2026-08-05T15:16:30+0200,eb4e78ad-6a4c-434e-99d2-b22c640d18c9,2026-07-13T06:00:00Z,2026-07-13T08:00:00+0200,1382.33,MW,BE,BE,actual_offshore_wind_generation,Wind Offshore | Actual Aggregated,2026-08-05T13:16:55Z
2026-08-05T13:16:30Z,2026-08-05T15:16:30+0200,eb4e78ad-6a4c-434e-99d2-b22c640d18c9,2026-07-13T07:00:00Z,2026-07-13T09:00:00+0200,1401.095,MW,BE,BE,actual_offshore_wind_generation,Wind Offshore | Actual Aggregated,2026-08-05T13:16:55Z
2026-08-05T13:16:30Z,2026-08-05T15:16:30+0200,eb4e78ad-6a4c-434e-99d2-b22c640d18c9,2026-07-13T08:00:00Z,2026-07-13T10:00:00+0200,1279.4075,MW,BE,BE,actual_offshore_wind_generation,Wind Offshore | Actual Aggregated,2026-08-05T13:16:55Z
2026-08-05T13:16:30Z,2026-08-05T15:16:30+0200,eb4e78ad-6a4c-434e-99d2-b22c640d18c9,2026-07-13T09:00:00Z,2026-07-13T11:00:00+0200,1139.3025,MW,BE,BE,actual_offshore_wind_generation,Wind Offshore | Actual Aggregated,2026-08-05T13:16:55Z
2026-08-05T13:16:30Z,2026-08-05T15:16:30+0200,eb4e78ad-6a4c-434e-99d2-b22c640d18c9,2026-07-13T10:00:00Z,2026-07-13T12:00:00+0200,1089.42,MW,BE,BE,actual_offshore_wind_generation,Wind Offshore | Actual Aggregated,2026-08-05T13:16:55Z
2026-08-05T13:16:30Z,2026-08-05T15:16:30+0200,eb4e78ad-6a4c-434e-99d2-b22c640d18c9,2026-07-13T11:00:00Z,2026-07-13T13:00:00+0200,1099.6225,MW,BE,BE,actual_offshore_wind_generation,Wind Offshore | Actual Aggregated,2026-08-05T13:16:55Z
2026-08-05T13:16:30Z,2026-08-05T15:16:30+0200,eb4e78ad-6a4c-434e-99d2-b22c640d18c9,2026-07-13T12:00:00Z,2026-07-13T14:00:00+0200,1204.275,MW,BE,BE,actual_offshore_wind_generation,Wind Offshore | Actual Aggregated,2026-08-05T13:16:55Z
2026-08-05T13:16:30Z,2026-08-05T15:16:30+0200,eb4e78ad-6a4c-434e-99d2-b22c640d18c9,2026-07-13T13:00:00Z,2026-07-13T15:00:00+0200,1460.92,MW,BE,BE,actual_offshore_wind_generation,Wind Offshore | Actual Aggregated,2026-08-05T13:16:55Z
2026-08-05T13:16:30Z,2026-08-05T15:16:30+0200,eb4e78ad-6a4c-434e-99d2-b22c640d18c9,2026-07-13T14:00:00Z,2026-07-13T16:00:00+0200,1296.685,MW,BE,BE,actual_offshore_wind_generation,Wind Offshore | Actual Aggregated,2026-08-05T13:16:55Z
2026-08-05T13:16:30Z,2026-08-05T15:16:30+0200,eb4e78ad-6a4c-434e-99d2-b22c640d18c9,2026-07-13T15:00:00Z,2026-07-13T17:00:00+0200,1342.53,MW,BE,BE,actual_offshore_wind_generation,Wind Offshore | Actual Aggregated,2026-08-05T13:16:55Z
2026-08-05T13:16:30Z,2026-08-05T15:16:30+0200,eb4e78ad-6a4c-434e-99d2-b22c640d18c9,2026-07-13T16:00:00Z,2026-07-13T18:00:00+0200,1410.17,MW,BE,BE,actual_offshore_wind_generation,Wind Offshore | Actual Aggregated,2026-08-05T13:16:55Z
2026-08-05T13:16:30Z,2026-08-05T15:16:30+0200,eb4e78ad-6a4c-434e-99d2-b22c640d18c9,2026-07-13T17:00:00Z,2026-07-13T19:00:00+0200,1484.89,MW,BE,BE,actual_offshore_wind_generation,Wind Offshore | Actual Aggregated,2026-08-05T13:16:55Z
2026-08-05T13:16:30Z,2026-08-05T15:16:30+0200,eb4e78ad-6a4c-434e-99d2-b22c640d18c9,2026-07-13T18:00:00Z,2026-07-13T20:00:00+0200,1573.78,MW,BE,BE,actual_offshore_wind_generation,Wind Offshore | Actual Aggregated,2026-08-05T13:16:55Z
2026-08-05T13:16:30Z,2026-08-05T15:16:30+0200,eb4e78ad-6a4c-434e-99d2-b22c640d18c9,2026-07-13T19:00:00Z,2026-07-13T21:00:00+0200,1647.985,MW,BE,BE,actual_offshore_wind_generation,Wind Offshore | Actual Aggregated,2026-08-05T13:16:55Z
2026-08-05T13:16:30Z,2026-08-05T15:16:30+0200,eb4e78ad-6a4c-434e-99d2-b22c640d18c9,2026-07-13T20:00:00Z,2026-07-13T22:00:00+0200,1454.1775,MW,BE,BE,actual_offshore_wind_generation,Wind Offshore | Actual Aggregated,2026-08-05T13:16:55Z
2026-08-05T13:16:30Z,2026-08-05T15:16:30+0200,eb4e78ad-6a4c-434e-99d2-b22c640d18c9,2026-07-13T21:00:00Z,2026-07-13T23:00:00+0200,1003.615,MW,BE,BE,actual_offshore_wind_generation,Wind Offshore | Actual Aggregated,2026-08-05T13:16:55Z
2026-08-05T13:16:30Z,2026-08-05T15:16:30+0200,eb4e78ad-6a4c-434e-99d2-b22c640d18c9,2026-07-13T22:00:00Z,2026-07-14T00:00:00+0200,774.5075,MW,BE,BE,actual_offshore_wind_generation,Wind Offshore | Actual Aggregated,2026-08-05T13:16:55Z
2026-08-05T13:16:30Z,2026-08-05T15:16:30+0200,eb4e78ad-6a4c-434e-99d2-b22c640d18c9,2026-07-13T23:00:00Z,2026-07-14T01:00:00+0200,602.3175,MW,BE,BE,actual_offshore_wind_generation,Wind Offshore | Actual Aggregated,2026-08-05T13:16:55Z
2026-08-05T13:16:30Z,2026-08-05T15:16:30+0200,eb4e78ad-6a4c-434e-99d2-b22c640d18c9,2026-07-14T00:00:00Z,2026-07-14T02:00:00+0200,645.0375,MW,BE,BE,actual_offshore_wind_generation,Wind Offshore | Actual Aggregated,2026-08-05T13:16:55Z
2026-08-05T13:16:30Z,2026-08-05T15:16:30+0200,eb4e78ad-6a4c-434e-99d2-b22c640d18c9,2026-07-14T01:00:00Z,2026-07-14T03:00:00+0200,670.4425,MW,BE,BE,actual_offshore_wind_generation,Wind Offshore | Actual Aggregated,2026-08-05T13:16:55Z
2026-08-05T13:16:30Z,2026-08-05T15:16:30+0200,eb4e78ad-6a4c-434e-99d2-b22c640d18c9,2026-07-14T02:00:00Z,2026-07-14T04:00:00+0200,651.915,MW,BE,BE,actual_offshore_wind_generation,Wind Offshore | Actual Aggregated,2026-08-05T13:16:55Z
2026-08-05T13:16:30Z,2026-08-05T15:16:30+0200,eb4e78ad-6a4c-434e-99d2-b22c640d18c9,2026-07-14T03:00:00Z,2026-07-14T05:00:00+0200,570.6775,MW,BE,BE,actual_offshore_wind_generation,Wind Offshore | Actual Aggregated,2026-08-05T13:16:55Z
2026-08-05T13:16:30Z,2026-08-05T15:16:30+0200,eb4e78ad-6a4c-434e-99d2-b22c640d18c9,2026-07-14T04:00:00Z,2026-07-14T06:00:00+0200,448.9225,MW,BE,BE,actual_offshore_wind_generation,Wind Offshore | Actual Aggregated,2026-08-05T13:16:55Z
2026-08-05T13:16:30Z,2026-08-05T15:16:30+0200,eb4e78ad-6a4c-434e-99d2-b22c640d18c9,2026-07-14T05:00:00Z,2026-07-14T07:00:00+0200,439.74,MW,BE,BE,actual_offshore_wind_generation,Wind Offshore | Actual Aggregated,2026-08-05T13:16:55Z
2026-08-05T13:16:30Z,2026-08-05T15:16:30+0200,eb4e78ad-6a4c-434e-99d2-b22c640d18c9,2026-07-14T06:00:00Z,2026-07-14T08:00:00+0200,466.38,MW,BE,BE,actual_offshore_wind_generation,Wind Offshore | Actual Aggregated,2026-08-05T13:16:55Z
2026-08-05T13:16:30Z,2026-08-05T15:16:30+0200,eb4e78ad-6a4c-434e-99d2-b22c640d18c9,2026-07-14T07:00:00Z,2026-07-14T09:00:00+0200,412.1525,MW,BE,BE,actual_offshore_wind_generation,Wind Offshore | Actual Aggregated,2026-08-05T13:16:55Z
2026-08-05T13:16:30Z,2026-08-05T15:16:30+0200,eb4e78ad-6a4c-434e-99d2-b22c640d18c9,2026-07-14T08:00:00Z,2026-07-14T10:00:00+0200,365.42,MW,BE,BE,actual_offshore_wind_generation,Wind Offshore | Actual Aggregated,2026-08-05T13:16:55Z
2026-08-05T13:16:30Z,2026-08-05T15:16:30+0200,eb4e78ad-6a4c-434e-99d2-b22c640d18c9,2026-07-14T09:00:00Z,2026-07-14T11:00:00+0200,387.4925,MW,BE,BE,actual_offshore_wind_generation,Wind Offshore | Actual Aggregated,2026-08-05T13:16:55Z
2026-08-05T13:16:30Z,2026-08-05T15:16:30+0200,eb4e78ad-6a4c-434e-99d2-b22c640d18c9,2026-07-14T10:00:00Z,2026-07-14T12:00:00+0200,459.34,MW,BE,BE,actual_offshore_wind_generation,Wind Offshore | Actual Aggregated,2026-08-05T13:16:55Z
2026-08-05T13:16:30Z,2026-08-05T15:16:30+0200,eb4e78ad-6a4c-434e-99d2-b22c640d18c9,2026-07-14T11:00:00Z,2026-07-14T13:00:00+0200,424.06,MW,BE,BE,actual_offshore_wind_generation,Wind Offshore | Actual Aggregated,2026-08-05T13:16:55Z
2026-08-05T13:16:30Z,2026-08-05T15:16:30+0200,eb4e78ad-6a4c-434e-99d2-b22c640d18c9,2026-07-14T12:00:00Z,2026-07-14T14:00:00+0200,422.85,MW,BE,BE,actual_offshore_wind_generation,Wind Offshore | Actual Aggregated,2026-08-05T13:16:55Z
2026-08-05T13:16:30Z,2026-08-05T15:16:30+0200,eb4e78ad-6a4c-434e-99d2-b22c640d18c9,2026-07-14T13:00:00Z,2026-07-14T15:00:00+0200,495.995,MW,BE,BE,actual_offshore_wind_generation,Wind Offshore | Actual Aggregated,2026-08-05T13:16:55Z
2026-08-05T13:16:30Z,2026-08-05T15:16:30+0200,eb4e78ad-6a4c-434e-99d2-b22c640d18c9,2026-07-14T14:00:00Z,2026-07-14T16:00:00+0200,664.2325,MW,BE,BE,actual_offshore_wind_generation,Wind Offshore | Actual Aggregated,2026-08-05T13:16:55Z
2026-08-05T13:16:30Z,2026-08-05T15:16:30+0200,eb4e78ad-6a4c-434e-99d2-b22c640d18c9,2026-07-14T15:00:00Z,2026-07-14T17:00:00+0200,693.095,MW,BE,BE,actual_offshore_wind_generation,Wind Offshore | Actual Aggregated,2026-08-05T13:16:55Z
2026-08-05T13:16:30Z,2026-08-05T15:16:30+0200,eb4e78ad-6a4c-434e-99d2-b22c640d18c9,2026-07-14T16:00:00Z,2026-07-14T18:00:00+0200,909.4525,MW,BE,BE,actual_offshore_wind_generation,Wind Offshore | Actual Aggregated,2026-08-05T13:16:55Z
2026-08-05T13:16:30Z,2026-08-05T15:16:30+0200,eb4e78ad-6a4c-434e-99d2-b22c640d18c9,2026-07-14T17:00:00Z,2026-07-14T19:00:00+0200,1117.795,MW,BE,BE,actual_offshore_wind_generation,Wind Offshore | Actual Aggregated,2026-08-05T13:16:55Z
2026-08-05T13:16:30Z,2026-08-05T15:16:30+0200,eb4e78ad-6a4c-434e-99d2-b22c640d18c9,2026-07-14T18:00:00Z,2026-07-14T20:00:00+0200,1470.2975,MW,BE,BE,actual_offshore_wind_generation,Wind Offshore | Actual Aggregated,2026-08-05T13:16:55Z
2026-08-05T13:16:30Z,2026-08-05T15:16:30+0200,eb4e78ad-6a4c-434e-99d2-b22c640d18c9,2026-07-14T19:00:00Z,2026-07-14T21:00:00+0200,1584.5,MW,BE,BE,actual_offshore_wind_generation,Wind Offshore | Actual Aggregated,2026-08-05T13:16:55Z
2026-08-05T13:16:30Z,2026-08-05T15:16:30+0200,eb4e78ad-6a4c-434e-99d2-b22c640d18c9,2026-07-14T20:00:00Z,2026-07-14T22:00:00+0200,1827.0625,MW,BE,BE,actual_offshore_wind_generation,Wind Offshore | Actual Aggregated,2026-08-05T13:16:55Z
2026-08-05T13:16:30Z,2026-08-05T15:16:30+0200,eb4e78ad-6a4c-434e-99d2-b22c640d18c9,2026-07-14T21:00:00Z,2026-07-14T23:00:00+0200,1809.6925,MW,BE,BE,actual_offshore_wind_generation,Wind Offshore | Actual Aggregated,2026-08-05T13:16:55Z
2026-08-05T13:16:30Z,2026-08-05T15:16:30+0200,eb4e78ad-6a4c-434e-99d2-b22c640d18c9,2026-07-14T22:00:00Z,2026-07-15T00:00:00+0200,1674.905,MW,BE,BE,actual_offshore_wind_generation,Wind Offshore | Actual Aggregated,2026-08-05T13:16:55Z
2026-08-05T13:16:30Z,2026-08-05T15:16:30+0200,eb4e78ad-6a4c-434e-99d2-b22c640d18c9,2026-07-14T23:00:00Z,2026-07-15T01:00:00+0200,1449.91,MW,BE,BE,actual_offshore_wind_generation,Wind Offshore | Actual Aggregated,2026-08-05T13:16:55Z
2026-08-05T13:16:30Z,2026-08-05T15:16:30+0200,eb4e78ad-6a4c-434e-99d2-b22c640d18c9,2026-07-15T00:00:00Z,2026-07-15T02:00:00+0200,1155.55,MW,BE,BE,actual_offshore_wind_generation,Wind Offshore | Actual Aggregated,2026-08-05T13:16:55Z
2026-08-05T13:16:30Z,2026-08-05T15:16:30+0200,eb4e78ad-6a4c-434e-99d2-b22c640d18c9,2026-07-15T01:00:00Z,2026-07-15T03:00:00+0200,889.445,MW,BE,BE,actual_offshore_wind_generation,Wind Offshore | Actual Aggregated,2026-08-05T13:16:55Z
2026-08-05T13:16:30Z,2026-08-05T15:16:30+0200,eb4e78ad-6a4c-434e-99d2-b22c640d18c9,2026-07-15T02:00:00Z,2026-07-15T04:00:00+0200,697.285,MW,BE,BE,actual_offshore_wind_generation,Wind Offshore | Actual Aggregated,2026-08-05T13:16:55Z
2026-08-05T13:16:30Z,2026-08-05T15:16:30+0200,eb4e78ad-6a4c-434e-99d2-b22c640d18c9,2026-07-15T03:00:00Z,2026-07-15T05:00:00+0200,686.085,MW,BE,BE,actual_offshore_wind_generation,Wind Offshore | Actual Aggregated,2026-08-05T13:16:55Z
2026-08-05T13:16:30Z,2026-08-05T15:16:30+0200,eb4e78ad-6a4c-434e-99d2-b22c640d18c9,2026-07-15T04:00:00Z,2026-07-15T06:00:00+0200,724.18,MW,BE,BE,actual_offshore_wind_generation,Wind Offshore | Actual Aggregated,2026-08-05T13:16:55Z
2026-08-05T13:16:30Z,2026-08-05T15:16:30+0200,eb4e78ad-6a4c-434e-99d2-b22c640d18c9,2026-07-15T05:00:00Z,2026-07-15T07:00:00+0200,439.1875,MW,BE,BE,actual_offshore_wind_generation,Wind Offshore | Actual Aggregated,2026-08-05T13:16:55Z
2026-08-05T13:16:30Z,2026-08-05T15:16:30+0200,eb4e78ad-6a4c-434e-99d2-b22c640d18c9,2026-07-15T06:00:00Z,2026-07-15T08:00:00+0200,469.8575,MW,BE,BE,actual_offshore_wind_generation,Wind Offshore | Actual Aggregated,2026-08-05T13:16:55Z
2026-08-05T13:16:30Z,2026-08-05T15:16:30+0200,eb4e78ad-6a4c-434e-99d2-b22c640d18c9,2026-07-15T07:00:00Z,2026-07-15T09:00:00+0200,660.24,MW,BE,BE,actual_offshore_wind_generation,Wind Offshore | Actual Aggregated,2026-08-05T13:16:55Z
2026-08-05T13:16:30Z,2026-08-05T15:16:30+0200,eb4e78ad-6a4c-434e-99d2-b22c640d18c9,2026-07-15T08:00:00Z,2026-07-15T10:00:00+0200,534.91,MW,BE,BE,actual_offshore_wind_generation,Wind Offshore | Actual Aggregated,2026-08-05T13:16:55Z
2026-08-05T13:16:30Z,2026-08-05T15:16:30+0200,eb4e78ad-6a4c-434e-99d2-b22c640d18c9,2026-07-15T09:00:00Z,2026-07-15T11:00:00+0200,408.67,MW,BE,BE,actual_offshore_wind_generation,Wind Offshore | Actual Aggregated,2026-08-05T13:16:55Z
2026-08-05T13:16:30Z,2026-08-05T15:16:30+0200,eb4e78ad-6a4c-434e-99d2-b22c640d18c9,2026-07-15T10:00:00Z,2026-07-15T12:00:00+0200,358.6625,MW,BE,BE,actual_offshore_wind_generation,Wind Offshore | Actual Aggregated,2026-08-05T13:16:55Z
2026-08-05T13:16:30Z,2026-08-05T15:16:30+0200,eb4e78ad-6a4c-434e-99d2-b22c640d18c9,2026-07-15T11:00:00Z,2026-07-15T13:00:00+0200,486.3,MW,BE,BE,actual_offshore_wind_generation,Wind Offshore | Actual Aggregated,2026-08-05T13:16:55Z
2026-08-05T13:16:30Z,2026-08-05T15:16:30+0200,eb4e78ad-6a4c-434e-99d2-b22c640d18c9,2026-07-15T12:00:00Z,2026-07-15T14:00:00+0200,529.785,MW,BE,BE,actual_offshore_wind_generation,Wind Offshore | Actual Aggregated,2026-08-05T13:16:55Z
2026-08-05T13:16:30Z,2026-08-05T15:16:30+0200,eb4e78ad-6a4c-434e-99d2-b22c640d18c9,2026-07-15T13:00:00Z,2026-07-15T15:00:00+0200,573.97,MW,BE,BE,actual_offshore_wind_generation,Wind Offshore | Actual Aggregated,2026-08-05T13:16:55Z
2026-08-05T13:16:30Z,2026-08-05T15:16:30+0200,eb4e78ad-6a4c-434e-99d2-b22c640d18c9,2026-07-15T14:00:00Z,2026-07-15T16:00:00+0200,477.3625,MW,BE,BE,actual_offshore_wind_generation,Wind Offshore | Actual Aggregated,2026-08-05T13:16:55Z
2026-08-05T13:16:30Z,2026-08-05T15:16:30+0200,eb4e78ad-6a4c-434e-99d2-b22c640d18c9,2026-07-15T15:00:00Z,2026-07-15T17:00:00+0200,560.165,MW,BE,BE,actual_offshore_wind_generation,Wind Offshore | Actual Aggregated,2026-08-05T13:16:55Z
2026-08-05T13:16:30Z,2026-08-05T15:16:30+0200,eb4e78ad-6a4c-434e-99d2-b22c640d18c9,2026-07-15T16:00:00Z,2026-07-15T18:00:00+0200,728.8175,MW,BE,BE,actual_offshore_wind_generation,Wind Offshore | Actual Aggregated,2026-08-05T13:16:55Z
2026-08-05T13:16:30Z,2026-08-05T15:16:30+0200,eb4e78ad-6a4c-434e-99d2-b22c640d18c9,2026-07-15T17:00:00Z,2026-07-15T19:00:00+0200,990.3225,MW,BE,BE,actual_offshore_wind_generation,Wind Offshore | Actual Aggregated,2026-08-05T13:16:55Z
2026-08-05T13:16:30Z,2026-08-05T15:16:30+0200,eb4e78ad-6a4c-434e-99d2-b22c640d18c9,2026-07-15T18:00:00Z,2026-07-15T20:00:00+0200,1190.69,MW,BE,BE,actual_offshore_wind_generation,Wind Offshore | Actual Aggregated,2026-08-05T13:16:55Z
2026-08-05T13:16:30Z,2026-08-05T15:16:30+0200,eb4e78ad-6a4c-434e-99d2-b22c640d18c9,2026-07-15T19:00:00Z,2026-07-15T21:00:00+0200,1172.8375,MW,BE,BE,actual_offshore_wind_generation,Wind Offshore | Actual Aggregated,2026-08-05T13:16:55Z
2026-08-05T13:16:30Z,2026-08-05T15:16:30+0200,eb4e78ad-6a4c-434e-99d2-b22c640d18c9,2026-07-15T20:00:00Z,2026-07-15T22:00:00+0200,1256.015,MW,BE,BE,actual_offshore_wind_generation,Wind Offshore | Actual Aggregated,2026-08-05T13:16:55Z
2026-08-05T13:16:30Z,2026-08-05T15:16:30+0200,eb4e78ad-6a4c-434e-99d2-b22c640d18c9,2026-07-15T21:00:00Z,2026-07-15T23:00:00+0200,1397.9675,MW,BE,BE,actual_offshore_wind_generation,Wind Offshore | Actual Aggregated,2026-08-05T13:16:55Z
2026-08-05T13:16:30Z,2026-08-05T15:16:30+0200,eb4e78ad-6a4c-434e-99d2-b22c640d18c9,2026-07-15T22:00:00Z,2026-07-16T00:00:00+0200,1255.5775,MW,BE,BE,actual_offshore_wind_generation,Wind Offshore | Actual Aggregated,2026-08-05T13:16:55Z
2026-08-05T13:16:30Z,2026-08-05T15:16:30+0200,eb4e78ad-6a4c-434e-99d2-b22c640d18c9,2026-07-15T23:00:00Z,2026-07-16T01:00:00+0200,848.8075,MW,BE,BE,actual_offshore_wind_generation,Wind Offshore | Actual Aggregated,2026-08-05T13:16:55Z
2026-08-05T13:16:30Z,2026-08-05T15:16:30+0200,eb4e78ad-6a4c-434e-99d2-b22c640d18c9,2026-07-16T00:00:00Z,2026-07-16T02:00:00+0200,495.07,MW,BE,BE,actual_offshore_wind_generation,Wind Offshore | Actual Aggregated,2026-08-05T13:16:55Z
2026-08-05T13:16:30Z,2026-08-05T15:16:30+0200,eb4e78ad-6a4c-434e-99d2-b22c640d18c9,2026-07-16T01:00:00Z,2026-07-16T03:00:00+0200,406.54,MW,BE,BE,actual_offshore_wind_generation,Wind Offshore | Actual Aggregated,2026-08-05T13:16:55Z
2026-08-05T13:16:30Z,2026-08-05T15:16:30+0200,eb4e78ad-6a4c-434e-99d2-b22c640d18c9,2026-07-16T02:00:00Z,2026-07-16T04:00:00+0200,328.2675,MW,BE,BE,actual_offshore_wind_generation,Wind Offshore | Actual Aggregated,2026-08-05T13:16:55Z
2026-08-05T13:16:30Z,2026-08-05T15:16:30+0200,eb4e78ad-6a4c-434e-99d2-b22c640d18c9,2026-07-16T03:00:00Z,2026-07-16T05:00:00+0200,282.5325,MW,BE,BE,actual_offshore_wind_generation,Wind Offshore | Actual Aggregated,2026-08-05T13:16:55Z
2026-08-05T13:16:30Z,2026-08-05T15:16:30+0200,eb4e78ad-6a4c-434e-99d2-b22c640d18c9,2026-07-16T04:00:00Z,2026-07-16T06:00:00+0200,256.0375,MW,BE,BE,actual_offshore_wind_generation,Wind Offshore | Actual Aggregated,2026-08-05T13:16:55Z
2026-08-05T13:16:30Z,2026-08-05T15:16:30+0200,eb4e78ad-6a4c-434e-99d2-b22c640d18c9,2026-07-16T05:00:00Z,2026-07-16T07:00:00+0200,214.215,MW,BE,BE,actual_offshore_wind_generation,Wind Offshore | Actual Aggregated,2026-08-05T13:16:55Z
2026-08-05T13:16:30Z,2026-08-05T15:16:30+0200,eb4e78ad-6a4c-434e-99d2-b22c640d18c9,2026-07-16T06:00:00Z,2026-07-16T08:00:00+0200,208.15,MW,BE,BE,actual_offshore_wind_generation,Wind Offshore | Actual Aggregated,2026-08-05T13:16:55Z
2026-08-05T13:16:30Z,2026-08-05T15:16:30+0200,eb4e78ad-6a4c-434e-99d2-b22c640d18c9,2026-07-16T07:00:00Z,2026-07-16T09:00:00+0200,186.355,MW,BE,BE,actual_offshore_wind_generation,Wind Offshore | Actual Aggregated,2026-08-05T13:16:55Z
2026-08-05T13:16:30Z,2026-08-05T15:16:30+0200,eb4e78ad-6a4c-434e-99d2-b22c640d18c9,2026-07-16T08:00:00Z,2026-07-16T10:00:00+0200,205.0725,MW,BE,BE,actual_offshore_wind_generation,Wind Offshore | Actual Aggregated,2026-08-05T13:16:55Z
2026-08-05T13:16:30Z,2026-08-05T15:16:30+0200,eb4e78ad-6a4c-434e-99d2-b22c640d18c9,2026-07-16T09:00:00Z,2026-07-16T11:00:00+0200,386.7425,MW,BE,BE,actual_offshore_wind_generation,Wind Offshore | Actual Aggregated,2026-08-05T13:16:55Z
2026-08-05T13:16:30Z,2026-08-05T15:16:30+0200,eb4e78ad-6a4c-434e-99d2-b22c640d18c9,2026-07-16T10:00:00Z,2026-07-16T12:00:00+0200,406.415,MW,BE,BE,actual_offshore_wind_generation,Wind Offshore | Actual Aggregated,2026-08-05T13:16:55Z
2026-08-05T13:16:30Z,2026-08-05T15:16:30+0200,eb4e78ad-6a4c-434e-99d2-b22c640d18c9,2026-07-16T11:00:00Z,2026-07-16T13:00:00+0200,405.6125,MW,BE,BE,actual_offshore_wind_generation,Wind Offshore | Actual Aggregated,2026-08-05T13:16:55Z
2026-08-05T13:16:30Z,2026-08-05T15:16:30+0200,eb4e78ad-6a4c-434e-99d2-b22c640d18c9,2026-07-16T12:00:00Z,2026-07-16T14:00:00+0200,402.1275,MW,BE,BE,actual_offshore_wind_generation,Wind Offshore | Actual Aggregated,2026-08-05T13:16:55Z
2026-08-05T13:16:30Z,2026-08-05T15:16:30+0200,eb4e78ad-6a4c-434e-99d2-b22c640d18c9,2026-07-16T13:00:00Z,2026-07-16T15:00:00+0200,376.0275,MW,BE,BE,actual_offshore_wind_generation,Wind Offshore | Actual Aggregated,2026-08-05T13:16:55Z
2026-08-05T13:16:30Z,2026-08-05T15:16:30+0200,eb4e78ad-6a4c-434e-99d2-b22c640d18c9,2026-07-16T14:00:00Z,2026-07-16T16:00:00+0200,502.23,MW,BE,BE,actual_offshore_wind_generation,Wind Offshore | Actual Aggregated,2026-08-05T13:16:55Z
2026-08-05T13:16:30Z,2026-08-05T15:16:30+0200,eb4e78ad-6a4c-434e-99d2-b22c640d18c9,2026-07-16T15:00:00Z,2026-07-16T17:00:00+0200,462.6875,MW,BE,BE,actual_offshore_wind_generation,Wind Offshore | Actual Aggregated,2026-08-05T13:16:55Z
2026-08-05T13:16:30Z,2026-08-05T15:16:30+0200,eb4e78ad-6a4c-434e-99d2-b22c640d18c9,2026-07-16T16:00:00Z,2026-07-16T18:00:00+0200,483.705,MW,BE,BE,actual_offshore_wind_generation,Wind Offshore | Actual Aggregated,2026-08-05T13:16:55Z
2026-08-05T13:16:30Z,2026-08-05T15:16:30+0200,eb4e78ad-6a4c-434e-99d2-b22c640d18c9,2026-07-16T17:00:00Z,2026-07-16T19:00:00+0200,594.8475,MW,BE,BE,actual_offshore_wind_generation,Wind Offshore | Actual Aggregated,2026-08-05T13:16:55Z
2026-08-05T13:16:30Z,2026-08-05T15:16:30+0200,eb4e78ad-6a4c-434e-99d2-b22c640d18c9,2026-07-16T18:00:00Z,2026-07-16T20:00:00+0200,709.66,MW,BE,BE,actual_offshore_wind_generation,Wind Offshore | Actual Aggregated,2026-08-05T13:16:55Z
2026-08-05T13:16:30Z,2026-08-05T15:16:30+0200,eb4e78ad-6a4c-434e-99d2-b22c640d18c9,2026-07-16T19:00:00Z,2026-07-16T21:00:00+0200,715.02,MW,BE,BE,actual_offshore_wind_generation,Wind Offshore | Actual Aggregated,2026-08-05T13:16:55Z
2026-08-05T13:16:30Z,2026-08-05T15:16:30+0200,eb4e78ad-6a4c-434e-99d2-b22c640d18c9,2026-07-16T20:00:00Z,2026-07-16T22:00:00+0200,645.21,MW,BE,BE,actual_offshore_wind_generation,Wind Offshore | Actual Aggregated,2026-08-05T13:16:55Z
2026-08-05T13:16:30Z,2026-08-05T15:16:30+0200,eb4e78ad-6a4c-434e-99d2-b22c640d18c9,2026-07-16T21:00:00Z,2026-07-16T23:00:00+0200,778.28,MW,BE,BE,actual_offshore_wind_generation,Wind Offshore | Actual Aggregated,2026-08-05T13:16:55Z
2026-08-05T13:16:30Z,2026-08-05T15:16:30+0200,eb4e78ad-6a4c-434e-99d2-b22c640d18c9,2026-07-16T22:00:00Z,2026-07-17T00:00:00+0200,743.22,MW,BE,BE,actual_offshore_wind_generation,Wind Offshore | Actual Aggregated,2026-08-05T13:16:55Z
2026-08-05T13:16:30Z,2026-08-05T15:16:30+0200,eb4e78ad-6a4c-434e-99d2-b22c640d18c9,2026-07-16T23:00:00Z,2026-07-17T01:00:00+0200,586.0275,MW,BE,BE,actual_offshore_wind_generation,Wind Offshore | Actual Aggregated,2026-08-05T13:16:55Z
2026-08-05T13:16:30Z,2026-08-05T15:16:30+0200,eb4e78ad-6a4c-434e-99d2-b22c640d18c9,2026-07-17T00:00:00Z,2026-07-17T02:00:00+0200,361.3325,MW,BE,BE,actual_offshore_wind_generation,Wind Offshore | Actual Aggregated,2026-08-05T13:16:55Z
2026-08-05T13:16:30Z,2026-08-05T15:16:30+0200,eb4e78ad-6a4c-434e-99d2-b22c640d18c9,2026-07-17T01:00:00Z,2026-07-17T03:00:00+0200,345.15,MW,BE,BE,actual_offshore_wind_generation,Wind Offshore | Actual Aggregated,2026-08-05T13:16:55Z
2026-08-05T13:16:30Z,2026-08-05T15:16:30+0200,eb4e78ad-6a4c-434e-99d2-b22c640d18c9,2026-07-17T02:00:00Z,2026-07-17T04:00:00+0200,353.74,MW,BE,BE,actual_offshore_wind_generation,Wind Offshore | Actual Aggregated,2026-08-05T13:16:55Z
2026-08-05T13:16:30Z,2026-08-05T15:16:30+0200,eb4e78ad-6a4c-434e-99d2-b22c640d18c9,2026-07-17T03:00:00Z,2026-07-17T05:00:00+0200,488.195,MW,BE,BE,actual_offshore_wind_generation,Wind Offshore | Actual Aggregated,2026-08-05T13:16:55Z
2026-08-05T13:16:30Z,2026-08-05T15:16:30+0200,eb4e78ad-6a4c-434e-99d2-b22c640d18c9,2026-07-17T04:00:00Z,2026-07-17T06:00:00+0200,538.53,MW,BE,BE,actual_offshore_wind_generation,Wind Offshore | Actual Aggregated,2026-08-05T13:16:55Z
2026-08-05T13:16:30Z,2026-08-05T15:16:30+0200,eb4e78ad-6a4c-434e-99d2-b22c640d18c9,2026-07-17T05:00:00Z,2026-07-17T07:00:00+0200,486.96,MW,BE,BE,actual_offshore_wind_generation,Wind Offshore | Actual Aggregated,2026-08-05T13:16:55Z
2026-08-05T13:16:30Z,2026-08-05T15:16:30+0200,eb4e78ad-6a4c-434e-99d2-b22c640d18c9,2026-07-17T06:00:00Z,2026-07-17T08:00:00+0200,371.6575,MW,BE,BE,actual_offshore_wind_generation,Wind Offshore | Actual Aggregated,2026-08-05T13:16:55Z
2026-08-05T13:16:30Z,2026-08-05T15:16:30+0200,eb4e78ad-6a4c-434e-99d2-b22c640d18c9,2026-07-17T07:00:00Z,2026-07-17T09:00:00+0200,320.175,MW,BE,BE,actual_offshore_wind_generation,Wind Offshore | Actual Aggregated,2026-08-05T13:16:55Z
2026-08-05T13:16:30Z,2026-08-05T15:16:30+0200,eb4e78ad-6a4c-434e-99d2-b22c640d18c9,2026-07-17T08:00:00Z,2026-07-17T10:00:00+0200,235.235,MW,BE,BE,actual_offshore_wind_generation,Wind Offshore | Actual Aggregated,2026-08-05T13:16:55Z
2026-08-05T13:16:30Z,2026-08-05T15:16:30+0200,eb4e78ad-6a4c-434e-99d2-b22c640d18c9,2026-07-17T09:00:00Z,2026-07-17T11:00:00+0200,213.3175,MW,BE,BE,actual_offshore_wind_generation,Wind Offshore | Actual Aggregated,2026-08-05T13:16:55Z
2026-08-05T13:16:30Z,2026-08-05T15:16:30+0200,eb4e78ad-6a4c-434e-99d2-b22c640d18c9,2026-07-17T10:00:00Z,2026-07-17T12:00:00+0200,212.5025,MW,BE,BE,actual_offshore_wind_generation,Wind Offshore | Actual Aggregated,2026-08-05T13:16:55Z
2026-08-05T13:16:30Z,2026-08-05T15:16:30+0200,eb4e78ad-6a4c-434e-99d2-b22c640d18c9,2026-07-17T11:00:00Z,2026-07-17T13:00:00+0200,197.8,MW,BE,BE,actual_offshore_wind_generation,Wind Offshore | Actual Aggregated,2026-08-05T13:16:55Z
2026-08-05T13:16:30Z,2026-08-05T15:16:30+0200,eb4e78ad-6a4c-434e-99d2-b22c640d18c9,2026-07-17T12:00:00Z,2026-07-17T14:00:00+0200,170.2975,MW,BE,BE,actual_offshore_wind_generation,Wind Offshore | Actual Aggregated,2026-08-05T13:16:55Z
2026-08-05T13:16:30Z,2026-08-05T15:16:30+0200,eb4e78ad-6a4c-434e-99d2-b22c640d18c9,2026-07-17T13:00:00Z,2026-07-17T15:00:00+0200,62.8725,MW,BE,BE,actual_offshore_wind_generation,Wind Offshore | Actual Aggregated,2026-08-05T13:16:55Z
2026-08-05T13:16:30Z,2026-08-05T15:16:30+0200,eb4e78ad-6a4c-434e-99d2-b22c640d18c9,2026-07-17T14:00:00Z,2026-07-17T16:00:00+0200,36.5525,MW,BE,BE,actual_offshore_wind_generation,Wind Offshore | Actual Aggregated,2026-08-05T13:16:55Z
2026-08-05T13:16:30Z,2026-08-05T15:16:30+0200,eb4e78ad-6a4c-434e-99d2-b22c640d18c9,2026-07-17T15:00:00Z,2026-07-17T17:00:00+0200,123.5375,MW,BE,BE,actual_offshore_wind_generation,Wind Offshore | Actual Aggregated,2026-08-05T13:16:55Z
2026-08-05T13:16:30Z,2026-08-05T15:16:30+0200,eb4e78ad-6a4c-434e-99d2-b22c640d18c9,2026-07-17T16:00:00Z,2026-07-17T18:00:00+0200,210.1475,MW,BE,BE,actual_offshore_wind_generation,Wind Offshore | Actual Aggregated,2026-08-05T13:16:55Z
2026-08-05T13:16:30Z,2026-08-05T15:16:30+0200,eb4e78ad-6a4c-434e-99d2-b22c640d18c9,2026-07-17T17:00:00Z,2026-07-17T19:00:00+0200,229.775,MW,BE,BE,actual_offshore_wind_generation,Wind Offshore | Actual Aggregated,2026-08-05T13:16:55Z
2026-08-05T13:16:30Z,2026-08-05T15:16:30+0200,eb4e78ad-6a4c-434e-99d2-b22c640d18c9,2026-07-17T18:00:00Z,2026-07-17T20:00:00+0200,221.2175,MW,BE,BE,actual_offshore_wind_generation,Wind Offshore | Actual Aggregated,2026-08-05T13:16:55Z
2026-08-05T13:16:30Z,2026-08-05T15:16:30+0200,eb4e78ad-6a4c-434e-99d2-b22c640d18c9,2026-07-17T19:00:00Z,2026-07-17T21:00:00+0200,198.4725,MW,BE,BE,actual_offshore_wind_generation,Wind Offshore | Actual Aggregated,2026-08-05T13:16:55Z
2026-08-05T13:16:30Z,2026-08-05T15:16:30+0200,eb4e78ad-6a4c-434e-99d2-b22c640d18c9,2026-07-17T20:00:00Z,2026-07-17T22:00:00+0200,30.17,MW,BE,BE,actual_offshore_wind_generation,Wind Offshore | Actual Aggregated,2026-08-05T13:16:55Z
2026-08-05T13:16:30Z,2026-08-05T15:16:30+0200,eb4e78ad-6a4c-434e-99d2-b22c640d18c9,2026-07-17T20:00:00Z,2026-07-17T22:00:00+0200,4.9475,MW,BE,BE,actual_offshore_wind_generation,Wind Offshore | Actual Consumption,2026-08-05T13:16:55Z
2026-08-05T13:16:30Z,2026-08-05T15:16:30+0200,eb4e78ad-6a4c-434e-99d2-b22c640d18c9,2026-07-17T21:00:00Z,2026-07-17T23:00:00+0200,24.0375,MW,BE,BE,actual_offshore_wind_generation,Wind Offshore | Actual Consumption,2026-08-05T13:16:55Z
2026-08-05T13:16:30Z,2026-08-05T15:16:30+0200,eb4e78ad-6a4c-434e-99d2-b22c640d18c9,2026-07-17T22:00:00Z,2026-07-18T00:00:00+0200,6.565,MW,BE,BE,actual_offshore_wind_generation,Wind Offshore | Actual Aggregated,2026-08-05T13:16:55Z
2026-08-05T13:16:30Z,2026-08-05T15:16:30+0200,eb4e78ad-6a4c-434e-99d2-b22c640d18c9,2026-07-17T22:00:00Z,2026-07-18T00:00:00+0200,0.5725,MW,BE,BE,actual_offshore_wind_generation,Wind Offshore | Actual Consumption,2026-08-05T13:16:55Z
2026-08-05T13:16:30Z,2026-08-05T15:16:30+0200,eb4e78ad-6a4c-434e-99d2-b22c640d18c9,2026-07-17T23:00:00Z,2026-07-18T01:00:00+0200,46.3525,MW,BE,BE,actual_offshore_wind_generation,Wind Offshore | Actual Aggregated,2026-08-05T13:16:55Z
2026-08-05T13:16:30Z,2026-08-05T15:16:30+0200,eb4e78ad-6a4c-434e-99d2-b22c640d18c9,2026-07-18T00:00:00Z,2026-07-18T02:00:00+0200,117.3275,MW,BE,BE,actual_offshore_wind_generation,Wind Offshore | Actual Aggregated,2026-08-05T13:16:55Z
2026-08-05T13:16:30Z,2026-08-05T15:16:30+0200,eb4e78ad-6a4c-434e-99d2-b22c640d18c9,2026-07-18T01:00:00Z,2026-07-18T03:00:00+0200,257.6575,MW,BE,BE,actual_offshore_wind_generation,Wind Offshore | Actual Aggregated,2026-08-05T13:16:55Z
2026-08-05T13:16:30Z,2026-08-05T15:16:30+0200,eb4e78ad-6a4c-434e-99d2-b22c640d18c9,2026-07-18T02:00:00Z,2026-07-18T04:00:00+0200,270.7675,MW,BE,BE,actual_offshore_wind_generation,Wind Offshore | Actual Aggregated,2026-08-05T13:16:55Z
2026-08-05T13:16:30Z,2026-08-05T15:16:30+0200,eb4e78ad-6a4c-434e-99d2-b22c640d18c9,2026-07-18T03:00:00Z,2026-07-18T05:00:00+0200,220.1225,MW,BE,BE,actual_offshore_wind_generation,Wind Offshore | Actual Aggregated,2026-08-05T13:16:55Z
2026-08-05T13:16:30Z,2026-08-05T15:16:30+0200,eb4e78ad-6a4c-434e-99d2-b22c640d18c9,2026-07-18T04:00:00Z,2026-07-18T06:00:00+0200,342.4675,MW,BE,BE,actual_offshore_wind_generation,Wind Offshore | Actual Aggregated,2026-08-05T13:16:55Z
2026-08-05T13:16:30Z,2026-08-05T15:16:30+0200,eb4e78ad-6a4c-434e-99d2-b22c640d18c9,2026-07-18T05:00:00Z,2026-07-18T07:00:00+0200,330.6125,MW,BE,BE,actual_offshore_wind_generation,Wind Offshore | Actual Aggregated,2026-08-05T13:16:55Z
2026-08-05T13:16:30Z,2026-08-05T15:16:30+0200,eb4e78ad-6a4c-434e-99d2-b22c640d18c9,2026-07-18T06:00:00Z,2026-07-18T08:00:00+0200,243.7425,MW,BE,BE,actual_offshore_wind_generation,Wind Offshore | Actual Aggregated,2026-08-05T13:16:55Z
2026-08-05T13:16:30Z,2026-08-05T15:16:30+0200,eb4e78ad-6a4c-434e-99d2-b22c640d18c9,2026-07-18T07:00:00Z,2026-07-18T09:00:00+0200,286.48,MW,BE,BE,actual_offshore_wind_generation,Wind Offshore | Actual Aggregated,2026-08-05T13:16:55Z
2026-08-05T13:16:30Z,2026-08-05T15:16:30+0200,eb4e78ad-6a4c-434e-99d2-b22c640d18c9,2026-07-18T08:00:00Z,2026-07-18T10:00:00+0200,406.34,MW,BE,BE,actual_offshore_wind_generation,Wind Offshore | Actual Aggregated,2026-08-05T13:16:55Z
2026-08-05T13:16:30Z,2026-08-05T15:16:30+0200,eb4e78ad-6a4c-434e-99d2-b22c640d18c9,2026-07-18T09:00:00Z,2026-07-18T11:00:00+0200,291.3675,MW,BE,BE,actual_offshore_wind_generation,Wind Offshore | Actual Aggregated,2026-08-05T13:16:55Z
2026-08-05T13:16:30Z,2026-08-05T15:16:30+0200,eb4e78ad-6a4c-434e-99d2-b22c640d18c9,2026-07-18T10:00:00Z,2026-07-18T12:00:00+0200,254.19,MW,BE,BE,actual_offshore_wind_generation,Wind Offshore | Actual Aggregated,2026-08-05T13:16:55Z
2026-08-05T13:16:30Z,2026-08-05T15:16:30+0200,eb4e78ad-6a4c-434e-99d2-b22c640d18c9,2026-07-18T11:00:00Z,2026-07-18T13:00:00+0200,449.865,MW,BE,BE,actual_offshore_wind_generation,Wind Offshore | Actual Aggregated,2026-08-05T13:16:55Z
2026-08-05T13:16:30Z,2026-08-05T15:16:30+0200,eb4e78ad-6a4c-434e-99d2-b22c640d18c9,2026-07-18T12:00:00Z,2026-07-18T14:00:00+0200,579.495,MW,BE,BE,actual_offshore_wind_generation,Wind Offshore | Actual Aggregated,2026-08-05T13:16:55Z
2026-08-05T13:16:30Z,2026-08-05T15:16:30+0200,eb4e78ad-6a4c-434e-99d2-b22c640d18c9,2026-07-18T13:00:00Z,2026-07-18T15:00:00+0200,606.3475,MW,BE,BE,actual_offshore_wind_generation,Wind Offshore | Actual Aggregated,2026-08-05T13:16:55Z
2026-08-05T13:16:30Z,2026-08-05T15:16:30+0200,eb4e78ad-6a4c-434e-99d2-b22c640d18c9,2026-07-18T14:00:00Z,2026-07-18T16:00:00+0200,459.8475,MW,BE,BE,actual_offshore_wind_generation,Wind Offshore | Actual Aggregated,2026-08-05T13:16:55Z
2026-08-05T13:16:30Z,2026-08-05T15:16:30+0200,eb4e78ad-6a4c-434e-99d2-b22c640d18c9,2026-07-18T15:00:00Z,2026-07-18T17:00:00+0200,632.435,MW,BE,BE,actual_offshore_wind_generation,Wind Offshore | Actual Aggregated,2026-08-05T13:16:55Z
2026-08-05T13:16:30Z,2026-08-05T15:16:30+0200,eb4e78ad-6a4c-434e-99d2-b22c640d18c9,2026-07-18T16:00:00Z,2026-07-18T18:00:00+0200,712.0075,MW,BE,BE,actual_offshore_wind_generation,Wind Offshore | Actual Aggregated,2026-08-05T13:16:55Z
2026-08-05T13:16:30Z,2026-08-05T15:16:30+0200,eb4e78ad-6a4c-434e-99d2-b22c640d18c9,2026-07-18T17:00:00Z,2026-07-18T19:00:00+0200,824.2725,MW,BE,BE,actual_offshore_wind_generation,Wind Offshore | Actual Aggregated,2026-08-05T13:16:55Z
2026-08-05T13:16:30Z,2026-08-05T15:16:30+0200,eb4e78ad-6a4c-434e-99d2-b22c640d18c9,2026-07-18T18:00:00Z,2026-07-18T20:00:00+0200,1091.6275,MW,BE,BE,actual_offshore_wind_generation,Wind Offshore | Actual Aggregated,2026-08-05T13:16:55Z
2026-08-05T13:16:30Z,2026-08-05T15:16:30+0200,eb4e78ad-6a4c-434e-99d2-b22c640d18c9,2026-07-18T19:00:00Z,2026-07-18T21:00:00+0200,1062.3,MW,BE,BE,actual_offshore_wind_generation,Wind Offshore | Actual Aggregated,2026-08-05T13:16:55Z
2026-08-05T13:16:30Z,2026-08-05T15:16:30+0200,eb4e78ad-6a4c-434e-99d2-b22c640d18c9,2026-07-18T20:00:00Z,2026-07-18T22:00:00+0200,794.21,MW,BE,BE,actual_offshore_wind_generation,Wind Offshore | Actual Aggregated,2026-08-05T13:16:55Z
2026-08-05T13:16:30Z,2026-08-05T15:16:30+0200,eb4e78ad-6a4c-434e-99d2-b22c640d18c9,2026-07-18T21:00:00Z,2026-07-18T23:00:00+0200,795.6925,MW,BE,BE,actual_offshore_wind_generation,Wind Offshore | Actual Aggregated,2026-08-05T13:16:55Z
2026-08-05T13:16:30Z,2026-08-05T15:16:30+0200,eb4e78ad-6a4c-434e-99d2-b22c640d18c9,2026-07-18T22:00:00Z,2026-07-19T00:00:00+0200,830.2275,MW,BE,BE,actual_offshore_wind_generation,Wind Offshore | Actual Aggregated,2026-08-05T13:16:55Z
2026-08-05T13:16:30Z,2026-08-05T15:16:30+0200,eb4e78ad-6a4c-434e-99d2-b22c640d18c9,2026-07-18T23:00:00Z,2026-07-19T01:00:00+0200,776.65,MW,BE,BE,actual_offshore_wind_generation,Wind Offshore | Actual Aggregated,2026-08-05T13:16:55Z
2026-08-05T13:16:30Z,2026-08-05T15:16:30+0200,eb4e78ad-6a4c-434e-99d2-b22c640d18c9,2026-07-19T00:00:00Z,2026-07-19T02:00:00+0200,784.575,MW,BE,BE,actual_offshore_wind_generation,Wind Offshore | Actual Aggregated,2026-08-05T13:16:55Z
2026-08-05T13:16:30Z,2026-08-05T15:16:30+0200,eb4e78ad-6a4c-434e-99d2-b22c640d18c9,2026-07-19T01:00:00Z,2026-07-19T03:00:00+0200,701.74,MW,BE,BE,actual_offshore_wind_generation,Wind Offshore | Actual Aggregated,2026-08-05T13:16:55Z
2026-08-05T13:16:30Z,2026-08-05T15:16:30+0200,eb4e78ad-6a4c-434e-99d2-b22c640d18c9,2026-07-19T02:00:00Z,2026-07-19T04:00:00+0200,556.1075,MW,BE,BE,actual_offshore_wind_generation,Wind Offshore | Actual Aggregated,2026-08-05T13:16:55Z
2026-08-05T13:16:30Z,2026-08-05T15:16:30+0200,eb4e78ad-6a4c-434e-99d2-b22c640d18c9,2026-07-19T03:00:00Z,2026-07-19T05:00:00+0200,636.0175,MW,BE,BE,actual_offshore_wind_generation,Wind Offshore | Actual Aggregated,2026-08-05T13:16:55Z
2026-08-05T13:16:30Z,2026-08-05T15:16:30+0200,eb4e78ad-6a4c-434e-99d2-b22c640d18c9,2026-07-19T04:00:00Z,2026-07-19T06:00:00+0200,1055.035,MW,BE,BE,actual_offshore_wind_generation,Wind Offshore | Actual Aggregated,2026-08-05T13:16:55Z
2026-08-05T13:16:30Z,2026-08-05T15:16:30+0200,eb4e78ad-6a4c-434e-99d2-b22c640d18c9,2026-07-19T05:00:00Z,2026-07-19T07:00:00+0200,842.35,MW,BE,BE,actual_offshore_wind_generation,Wind Offshore | Actual Aggregated,2026-08-05T13:16:55Z
2026-08-05T13:16:30Z,2026-08-05T15:16:30+0200,eb4e78ad-6a4c-434e-99d2-b22c640d18c9,2026-07-19T06:00:00Z,2026-07-19T08:00:00+0200,643.4975,MW,BE,BE,actual_offshore_wind_generation,Wind Offshore | Actual Aggregated,2026-08-05T13:16:55Z
2026-08-05T13:16:30Z,2026-08-05T15:16:30+0200,eb4e78ad-6a4c-434e-99d2-b22c640d18c9,2026-07-19T07:00:00Z,2026-07-19T09:00:00+0200,433.6675,MW,BE,BE,actual_offshore_wind_generation,Wind Offshore | Actual Aggregated,2026-08-05T13:16:55Z
2026-08-05T13:16:30Z,2026-08-05T15:16:30+0200,eb4e78ad-6a4c-434e-99d2-b22c640d18c9,2026-07-19T08:00:00Z,2026-07-19T10:00:00+0200,463.0275,MW,BE,BE,actual_offshore_wind_generation,Wind Offshore | Actual Aggregated,2026-08-05T13:16:55Z
2026-08-05T13:16:30Z,2026-08-05T15:16:30+0200,eb4e78ad-6a4c-434e-99d2-b22c640d18c9,2026-07-19T09:00:00Z,2026-07-19T11:00:00+0200,309.4725,MW,BE,BE,actual_offshore_wind_generation,Wind Offshore | Actual Aggregated,2026-08-05T13:16:55Z
2026-08-05T13:16:30Z,2026-08-05T15:16:30+0200,eb4e78ad-6a4c-434e-99d2-b22c640d18c9,2026-07-19T10:00:00Z,2026-07-19T12:00:00+0200,339.9175,MW,BE,BE,actual_offshore_wind_generation,Wind Offshore | Actual Aggregated,2026-08-05T13:16:55Z
2026-08-05T13:16:30Z,2026-08-05T15:16:30+0200,eb4e78ad-6a4c-434e-99d2-b22c640d18c9,2026-07-19T11:00:00Z,2026-07-19T13:00:00+0200,386.4175,MW,BE,BE,actual_offshore_wind_generation,Wind Offshore | Actual Aggregated,2026-08-05T13:16:55Z
2026-08-05T13:16:30Z,2026-08-05T15:16:30+0200,eb4e78ad-6a4c-434e-99d2-b22c640d18c9,2026-07-19T12:00:00Z,2026-07-19T14:00:00+0200,580.6225,MW,BE,BE,actual_offshore_wind_generation,Wind Offshore | Actual Aggregated,2026-08-05T13:16:55Z
2026-08-05T13:16:30Z,2026-08-05T15:16:30+0200,eb4e78ad-6a4c-434e-99d2-b22c640d18c9,2026-07-19T13:00:00Z,2026-07-19T15:00:00+0200,494.82,MW,BE,BE,actual_offshore_wind_generation,Wind Offshore | Actual Aggregated,2026-08-05T13:16:55Z
2026-08-05T13:16:30Z,2026-08-05T15:16:30+0200,eb4e78ad-6a4c-434e-99d2-b22c640d18c9,2026-07-19T14:00:00Z,2026-07-19T16:00:00+0200,488.375,MW,BE,BE,actual_offshore_wind_generation,Wind Offshore | Actual Aggregated,2026-08-05T13:16:55Z
2026-08-05T13:16:30Z,2026-08-05T15:16:30+0200,eb4e78ad-6a4c-434e-99d2-b22c640d18c9,2026-07-19T15:00:00Z,2026-07-19T17:00:00+0200,639.66,MW,BE,BE,actual_offshore_wind_generation,Wind Offshore | Actual Aggregated,2026-08-05T13:16:55Z
2026-08-05T13:16:30Z,2026-08-05T15:16:30+0200,eb4e78ad-6a4c-434e-99d2-b22c640d18c9,2026-07-19T16:00:00Z,2026-07-19T18:00:00+0200,687.8675,MW,BE,BE,actual_offshore_wind_generation,Wind Offshore | Actual Aggregated,2026-08-05T13:16:55Z
2026-08-05T13:16:30Z,2026-08-05T15:16:30+0200,eb4e78ad-6a4c-434e-99d2-b22c640d18c9,2026-07-19T17:00:00Z,2026-07-19T19:00:00+0200,650.81,MW,BE,BE,actual_offshore_wind_generation,Wind Offshore | Actual Aggregated,2026-08-05T13:16:55Z
2026-08-05T13:16:30Z,2026-08-05T15:16:30+0200,eb4e78ad-6a4c-434e-99d2-b22c640d18c9,2026-07-19T18:00:00Z,2026-07-19T20:00:00+0200,719.595,MW,BE,BE,actual_offshore_wind_generation,Wind Offshore | Actual Aggregated,2026-08-05T13:16:55Z
2026-08-05T13:16:30Z,2026-08-05T15:16:30+0200,eb4e78ad-6a4c-434e-99d2-b22c640d18c9,2026-07-19T19:00:00Z,2026-07-19T21:00:00+0200,621.645,MW,BE,BE,actual_offshore_wind_generation,Wind Offshore | Actual Aggregated,2026-08-05T13:16:55Z
2026-08-05T13:16:30Z,2026-08-05T15:16:30+0200,eb4e78ad-6a4c-434e-99d2-b22c640d18c9,2026-07-19T20:00:00Z,2026-07-19T22:00:00+0200,584.5925,MW,BE,BE,actual_offshore_wind_generation,Wind Offshore | Actual Aggregated,2026-08-05T13:16:55Z
2026-08-05T13:16:30Z,2026-08-05T15:16:30+0200,eb4e78ad-6a4c-434e-99d2-b22c640d18c9,2026-07-19T21:00:00Z,2026-07-19T23:00:00+0200,686.985,MW,BE,BE,actual_offshore_wind_generation,Wind Offshore | Actual Aggregated,2026-08-05T13:16:55Z
2026-08-05T13:16:30Z,2026-08-05T15:16:30+0200,eb4e78ad-6a4c-434e-99d2-b22c640d18c9,2026-07-19T22:00:00Z,2026-07-20T00:00:00+0200,616.1,MW,BE,BE,actual_offshore_wind_generation,Wind Offshore | Actual Aggregated,2026-08-05T13:16:55Z
2026-08-05T13:16:30Z,2026-08-05T15:16:30+0200,eb4e78ad-6a4c-434e-99d2-b22c640d18c9,2026-07-19T23:00:00Z,2026-07-20T01:00:00+0200,718.085,MW,BE,BE,actual_offshore_wind_generation,Wind Offshore | Actual Aggregated,2026-08-05T13:16:55Z
2026-08-05T13:16:30Z,2026-08-05T15:16:30+0200,eb4e78ad-6a4c-434e-99d2-b22c640d18c9,2026-07-20T00:00:00Z,2026-07-20T02:00:00+0200,575.76,MW,BE,BE,actual_offshore_wind_generation,Wind Offshore | Actual Aggregated,2026-08-05T13:16:55Z
2026-08-05T13:16:30Z,2026-08-05T15:16:30+0200,eb4e78ad-6a4c-434e-99d2-b22c640d18c9,2026-07-20T01:00:00Z,2026-07-20T03:00:00+0200,546.17,MW,BE,BE,actual_offshore_wind_generation,Wind Offshore | Actual Aggregated,2026-08-05T13:16:55Z
2026-08-05T13:16:30Z,2026-08-05T15:16:30+0200,eb4e78ad-6a4c-434e-99d2-b22c640d18c9,2026-07-20T02:00:00Z,2026-07-20T04:00:00+0200,403.1925,MW,BE,BE,actual_offshore_wind_generation,Wind Offshore | Actual Aggregated,2026-08-05T13:16:55Z
2026-08-05T13:16:30Z,2026-08-05T15:16:30+0200,eb4e78ad-6a4c-434e-99d2-b22c640d18c9,2026-07-20T03:00:00Z,2026-07-20T05:00:00+0200,489.3925,MW,BE,BE,actual_offshore_wind_generation,Wind Offshore | Actual Aggregated,2026-08-05T13:16:55Z
2026-08-05T13:16:30Z,2026-08-05T15:16:30+0200,eb4e78ad-6a4c-434e-99d2-b22c640d18c9,2026-07-20T04:00:00Z,2026-07-20T06:00:00+0200,671.1925,MW,BE,BE,actual_offshore_wind_generation,Wind Offshore | Actual Aggregated,2026-08-05T13:16:55Z
2026-08-05T13:16:30Z,2026-08-05T15:16:30+0200,eb4e78ad-6a4c-434e-99d2-b22c640d18c9,2026-07-20T05:00:00Z,2026-07-20T07:00:00+0200,574.0575,MW,BE,BE,actual_offshore_wind_generation,Wind Offshore | Actual Aggregated,2026-08-05T13:16:55Z
2026-08-05T13:16:30Z,2026-08-05T15:16:30+0200,eb4e78ad-6a4c-434e-99d2-b22c640d18c9,2026-07-20T06:00:00Z,2026-07-20T08:00:00+0200,582.805,MW,BE,BE,actual_offshore_wind_generation,Wind Offshore | Actual Aggregated,2026-08-05T13:16:55Z
2026-08-05T13:16:30Z,2026-08-05T15:16:30+0200,eb4e78ad-6a4c-434e-99d2-b22c640d18c9,2026-07-20T07:00:00Z,2026-07-20T09:00:00+0200,524.425,MW,BE,BE,actual_offshore_wind_generation,Wind Offshore | Actual Aggregated,2026-08-05T13:16:55Z
2026-08-05T13:16:30Z,2026-08-05T15:16:30+0200,eb4e78ad-6a4c-434e-99d2-b22c640d18c9,2026-07-20T08:00:00Z,2026-07-20T10:00:00+0200,652.9025,MW,BE,BE,actual_offshore_wind_generation,Wind Offshore | Actual Aggregated,2026-08-05T13:16:55Z
2026-08-05T13:16:30Z,2026-08-05T15:16:30+0200,eb4e78ad-6a4c-434e-99d2-b22c640d18c9,2026-07-20T09:00:00Z,2026-07-20T11:00:00+0200,683.6625,MW,BE,BE,actual_offshore_wind_generation,Wind Offshore | Actual Aggregated,2026-08-05T13:16:55Z
2026-08-05T13:16:30Z,2026-08-05T15:16:30+0200,eb4e78ad-6a4c-434e-99d2-b22c640d18c9,2026-07-20T10:00:00Z,2026-07-20T12:00:00+0200,671.585,MW,BE,BE,actual_offshore_wind_generation,Wind Offshore | Actual Aggregated,2026-08-05T13:16:55Z
2026-08-05T13:16:30Z,2026-08-05T15:16:30+0200,eb4e78ad-6a4c-434e-99d2-b22c640d18c9,2026-07-20T11:00:00Z,2026-07-20T13:00:00+0200,435.12,MW,BE,BE,actual_offshore_wind_generation,Wind Offshore | Actual Aggregated,2026-08-05T13:16:55Z
2026-08-05T13:16:30Z,2026-08-05T15:16:30+0200,eb4e78ad-6a4c-434e-99d2-b22c640d18c9,2026-07-20T12:00:00Z,2026-07-20T14:00:00+0200,326.37,MW,BE,BE,actual_offshore_wind_generation,Wind Offshore | Actual Aggregated,2026-08-05T13:16:55Z
2026-08-05T13:16:30Z,2026-08-05T15:16:30+0200,eb4e78ad-6a4c-434e-99d2-b22c640d18c9,2026-07-20T13:00:00Z,2026-07-20T15:00:00+0200,274.9625,MW,BE,BE,actual_offshore_wind_generation,Wind Offshore | Actual Aggregated,2026-08-05T13:16:55Z
2026-08-05T13:16:30Z,2026-08-05T15:16:30+0200,eb4e78ad-6a4c-434e-99d2-b22c640d18c9,2026-07-20T14:00:00Z,2026-07-20T16:00:00+0200,253.8725,MW,BE,BE,actual_offshore_wind_generation,Wind Offshore | Actual Aggregated,2026-08-05T13:16:55Z
2026-08-05T13:16:30Z,2026-08-05T15:16:30+0200,eb4e78ad-6a4c-434e-99d2-b22c640d18c9,2026-07-20T15:00:00Z,2026-07-20T17:00:00+0200,238.82,MW,BE,BE,actual_offshore_wind_generation,Wind Offshore | Actual Aggregated,2026-08-05T13:16:55Z
2026-08-05T13:16:30Z,2026-08-05T15:16:30+0200,eb4e78ad-6a4c-434e-99d2-b22c640d18c9,2026-07-20T16:00:00Z,2026-07-20T18:00:00+0200,317.92,MW,BE,BE,actual_offshore_wind_generation,Wind Offshore | Actual Aggregated,2026-08-05T13:16:55Z
2026-08-05T13:16:30Z,2026-08-05T15:16:30+0200,eb4e78ad-6a4c-434e-99d2-b22c640d18c9,2026-07-20T17:00:00Z,2026-07-20T19:00:00+0200,390.945,MW,BE,BE,actual_offshore_wind_generation,Wind Offshore | Actual Aggregated,2026-08-05T13:16:55Z
2026-08-05T13:16:30Z,2026-08-05T15:16:30+0200,eb4e78ad-6a4c-434e-99d2-b22c640d18c9,2026-07-20T18:00:00Z,2026-07-20T20:00:00+0200,411.2525,MW,BE,BE,actual_offshore_wind_generation,Wind Offshore | Actual Aggregated,2026-08-05T13:16:55Z
2026-08-05T13:16:30Z,2026-08-05T15:16:30+0200,eb4e78ad-6a4c-434e-99d2-b22c640d18c9,2026-07-20T19:00:00Z,2026-07-20T21:00:00+0200,432.9575,MW,BE,BE,actual_offshore_wind_generation,Wind Offshore | Actual Aggregated,2026-08-05T13:16:55Z
2026-08-05T13:16:30Z,2026-08-05T15:16:30+0200,eb4e78ad-6a4c-434e-99d2-b22c640d18c9,2026-07-20T20:00:00Z,2026-07-20T22:00:00+0200,444.5,MW,BE,BE,actual_offshore_wind_generation,Wind Offshore | Actual Aggregated,2026-08-05T13:16:55Z
2026-08-05T13:16:30Z,2026-08-05T15:16:30+0200,eb4e78ad-6a4c-434e-99d2-b22c640d18c9,2026-07-20T21:00:00Z,2026-07-20T23:00:00+0200,446.1775,MW,BE,BE,actual_offshore_wind_generation,Wind Offshore | Actual Aggregated,2026-08-05T13:16:55Z
2026-08-05T13:16:30Z,2026-08-05T15:16:30+0200,eb4e78ad-6a4c-434e-99d2-b22c640d18c9,2026-07-20T22:00:00Z,2026-07-21T00:00:00+0200,403.7325,MW,BE,BE,actual_offshore_wind_generation,Wind Offshore | Actual Aggregated,2026-08-05T13:16:55Z
2026-08-05T13:16:30Z,2026-08-05T15:16:30+0200,eb4e78ad-6a4c-434e-99d2-b22c640d18c9,2026-07-20T23:00:00Z,2026-07-21T01:00:00+0200,393.175,MW,BE,BE,actual_offshore_wind_generation,Wind Offshore | Actual Aggregated,2026-08-05T13:16:55Z
2026-08-05T13:16:30Z,2026-08-05T15:16:30+0200,eb4e78ad-6a4c-434e-99d2-b22c640d18c9,2026-07-21T00:00:00Z,2026-07-21T02:00:00+0200,301.11,MW,BE,BE,actual_offshore_wind_generation,Wind Offshore | Actual Aggregated,2026-08-05T13:16:55Z
2026-08-05T13:16:30Z,2026-08-05T15:16:30+0200,eb4e78ad-6a4c-434e-99d2-b22c640d18c9,2026-07-21T01:00:00Z,2026-07-21T03:00:00+0200,248.0725,MW,BE,BE,actual_offshore_wind_generation,Wind Offshore | Actual Aggregated,2026-08-05T13:16:55Z
2026-08-05T13:16:30Z,2026-08-05T15:16:30+0200,eb4e78ad-6a4c-434e-99d2-b22c640d18c9,2026-07-21T02:00:00Z,2026-07-21T04:00:00+0200,240.1525,MW,BE,BE,actual_offshore_wind_generation,Wind Offshore | Actual Aggregated,2026-08-05T13:16:55Z
2026-08-05T13:16:30Z,2026-08-05T15:16:30+0200,eb4e78ad-6a4c-434e-99d2-b22c640d18c9,2026-07-21T03:00:00Z,2026-07-21T05:00:00+0200,207.705,MW,BE,BE,actual_offshore_wind_generation,Wind Offshore | Actual Aggregated,2026-08-05T13:16:55Z
2026-08-05T13:16:30Z,2026-08-05T15:16:30+0200,eb4e78ad-6a4c-434e-99d2-b22c640d18c9,2026-07-21T04:00:00Z,2026-07-21T06:00:00+0200,221.5225,MW,BE,BE,actual_offshore_wind_generation,Wind Offshore | Actual Aggregated,2026-08-05T13:16:55Z
2026-08-05T13:16:30Z,2026-08-05T15:16:30+0200,eb4e78ad-6a4c-434e-99d2-b22c640d18c9,2026-07-21T05:00:00Z,2026-07-21T07:00:00+0200,157.68,MW,BE,BE,actual_offshore_wind_generation,Wind Offshore | Actual Aggregated,2026-08-05T13:16:55Z
2026-08-05T13:16:30Z,2026-08-05T15:16:30+0200,eb4e78ad-6a4c-434e-99d2-b22c640d18c9,2026-07-21T06:00:00Z,2026-07-21T08:00:00+0200,118.57,MW,BE,BE,actual_offshore_wind_generation,Wind Offshore | Actual Aggregated,2026-08-05T13:16:55Z
2026-08-05T13:16:30Z,2026-08-05T15:16:30+0200,eb4e78ad-6a4c-434e-99d2-b22c640d18c9,2026-07-21T07:00:00Z,2026-07-21T09:00:00+0200,120.0575,MW,BE,BE,actual_offshore_wind_generation,Wind Offshore | Actual Aggregated,2026-08-05T13:16:55Z
2026-08-05T13:16:30Z,2026-08-05T15:16:30+0200,eb4e78ad-6a4c-434e-99d2-b22c640d18c9,2026-07-21T08:00:00Z,2026-07-21T10:00:00+0200,51.3375,MW,BE,BE,actual_offshore_wind_generation,Wind Offshore | Actual Aggregated,2026-08-05T13:16:55Z
2026-08-05T13:16:30Z,2026-08-05T15:16:30+0200,eb4e78ad-6a4c-434e-99d2-b22c640d18c9,2026-07-21T09:00:00Z,2026-07-21T11:00:00+0200,20.855,MW,BE,BE,actual_offshore_wind_generation,Wind Offshore | Actual Aggregated,2026-08-05T13:16:55Z
2026-08-05T13:16:30Z,2026-08-05T15:16:30+0200,eb4e78ad-6a4c-434e-99d2-b22c640d18c9,2026-07-21T10:00:00Z,2026-07-21T12:00:00+0200,25.07,MW,BE,BE,actual_offshore_wind_generation,Wind Offshore | Actual Aggregated,2026-08-05T13:16:55Z
2026-08-05T13:16:30Z,2026-08-05T15:16:30+0200,eb4e78ad-6a4c-434e-99d2-b22c640d18c9,2026-07-21T11:00:00Z,2026-07-21T13:00:00+0200,21.0575,MW,BE,BE,actual_offshore_wind_generation,Wind Offshore | Actual Aggregated,2026-08-05T13:16:55Z
2026-08-05T13:16:30Z,2026-08-05T15:16:30+0200,eb4e78ad-6a4c-434e-99d2-b22c640d18c9,2026-07-21T12:00:00Z,2026-07-21T14:00:00+0200,29.8425,MW,BE,BE,actual_offshore_wind_generation,Wind Offshore | Actual Aggregated,2026-08-05T13:16:55Z
2026-08-05T13:16:30Z,2026-08-05T15:16:30+0200,eb4e78ad-6a4c-434e-99d2-b22c640d18c9,2026-07-21T13:00:00Z,2026-07-21T15:00:00+0200,80.5975,MW,BE,BE,actual_offshore_wind_generation,Wind Offshore | Actual Aggregated,2026-08-05T13:16:55Z
2026-08-05T13:16:30Z,2026-08-05T15:16:30+0200,eb4e78ad-6a4c-434e-99d2-b22c640d18c9,2026-07-21T14:00:00Z,2026-07-21T16:00:00+0200,98.105,MW,BE,BE,actual_offshore_wind_generation,Wind Offshore | Actual Aggregated,2026-08-05T13:16:55Z
2026-08-05T13:16:30Z,2026-08-05T15:16:30+0200,eb4e78ad-6a4c-434e-99d2-b22c640d18c9,2026-07-21T15:00:00Z,2026-07-21T17:00:00+0200,169.35,MW,BE,BE,actual_offshore_wind_generation,Wind Offshore | Actual Aggregated,2026-08-05T13:16:55Z
2026-08-05T13:16:30Z,2026-08-05T15:16:30+0200,eb4e78ad-6a4c-434e-99d2-b22c640d18c9,2026-07-21T16:00:00Z,2026-07-21T18:00:00+0200,151.2575,MW,BE,BE,actual_offshore_wind_generation,Wind Offshore | Actual Aggregated,2026-08-05T13:16:55Z
2026-08-05T13:16:30Z,2026-08-05T15:16:30+0200,eb4e78ad-6a4c-434e-99d2-b22c640d18c9,2026-07-21T17:00:00Z,2026-07-21T19:00:00+0200,156.37,MW,BE,BE,actual_offshore_wind_generation,Wind Offshore | Actual Aggregated,2026-08-05T13:16:55Z
2026-08-05T13:16:30Z,2026-08-05T15:16:30+0200,eb4e78ad-6a4c-434e-99d2-b22c640d18c9,2026-07-21T18:00:00Z,2026-07-21T20:00:00+0200,178.33,MW,BE,BE,actual_offshore_wind_generation,Wind Offshore | Actual Aggregated,2026-08-05T13:16:55Z
2026-08-05T13:16:30Z,2026-08-05T15:16:30+0200,eb4e78ad-6a4c-434e-99d2-b22c640d18c9,2026-07-21T19:00:00Z,2026-07-21T21:00:00+0200,292.23,MW,BE,BE,actual_offshore_wind_generation,Wind Offshore | Actual Aggregated,2026-08-05T13:16:55Z
2026-08-05T13:16:30Z,2026-08-05T15:16:30+0200,eb4e78ad-6a4c-434e-99d2-b22c640d18c9,2026-07-21T20:00:00Z,2026-07-21T22:00:00+0200,343.1175,MW,BE,BE,actual_offshore_wind_generation,Wind Offshore | Actual Aggregated,2026-08-05T13:16:55Z
2026-08-05T13:16:30Z,2026-08-05T15:16:30+0200,eb4e78ad-6a4c-434e-99d2-b22c640d18c9,2026-07-21T21:00:00Z,2026-07-21T23:00:00+0200,233.81,MW,BE,BE,actual_offshore_wind_generation,Wind Offshore | Actual Aggregated,2026-08-05T13:16:55Z
2026-08-05T13:16:30Z,2026-08-05T15:16:30+0200,eb4e78ad-6a4c-434e-99d2-b22c640d18c9,2026-07-21T22:00:00Z,2026-07-22T00:00:00+0200,192.17,MW,BE,BE,actual_offshore_wind_generation,Wind Offshore | Actual Aggregated,2026-08-05T13:16:55Z
2026-08-05T13:16:30Z,2026-08-05T15:16:30+0200,eb4e78ad-6a4c-434e-99d2-b22c640d18c9,2026-07-21T23:00:00Z,2026-07-22T01:00:00+0200,139.47,MW,BE,BE,actual_offshore_wind_generation,Wind Offshore | Actual Aggregated,2026-08-05T13:16:55Z
2026-08-05T13:16:30Z,2026-08-05T15:16:30+0200,eb4e78ad-6a4c-434e-99d2-b22c640d18c9,2026-07-22T00:00:00Z,2026-07-22T02:00:00+0200,112.8225,MW,BE,BE,actual_offshore_wind_generation,Wind Offshore | Actual Aggregated,2026-08-05T13:16:55Z
2026-08-05T13:16:30Z,2026-08-05T15:16:30+0200,eb4e78ad-6a4c-434e-99d2-b22c640d18c9,2026-07-22T01:00:00Z,2026-07-22T03:00:00+0200,110.51,MW,BE,BE,actual_offshore_wind_generation,Wind Offshore | Actual Aggregated,2026-08-05T13:16:55Z
2026-08-05T13:16:30Z,2026-08-05T15:16:30+0200,eb4e78ad-6a4c-434e-99d2-b22c640d18c9,2026-07-22T02:00:00Z,2026-07-22T04:00:00+0200,55.4475,MW,BE,BE,actual_offshore_wind_generation,Wind Offshore | Actual Aggregated,2026-08-05T13:16:55Z
2026-08-05T13:16:30Z,2026-08-05T15:16:30+0200,eb4e78ad-6a4c-434e-99d2-b22c640d18c9,2026-07-22T03:00:00Z,2026-07-22T05:00:00+0200,271.0575,MW,BE,BE,actual_offshore_wind_generation,Wind Offshore | Actual Aggregated,2026-08-05T13:16:55Z
2026-08-05T13:16:30Z,2026-08-05T15:16:30+0200,eb4e78ad-6a4c-434e-99d2-b22c640d18c9,2026-07-22T04:00:00Z,2026-07-22T06:00:00+0200,314.3375,MW,BE,BE,actual_offshore_wind_generation,Wind Offshore | Actual Aggregated,2026-08-05T13:16:55Z
2026-08-05T13:16:30Z,2026-08-05T15:16:30+0200,eb4e78ad-6a4c-434e-99d2-b22c640d18c9,2026-07-22T05:00:00Z,2026-07-22T07:00:00+0200,199.9125,MW,BE,BE,actual_offshore_wind_generation,Wind Offshore | Actual Aggregated,2026-08-05T13:16:55Z
2026-08-05T13:16:30Z,2026-08-05T15:16:30+0200,eb4e78ad-6a4c-434e-99d2-b22c640d18c9,2026-07-22T06:00:00Z,2026-07-22T08:00:00+0200,274.6925,MW,BE,BE,actual_offshore_wind_generation,Wind Offshore | Actual Aggregated,2026-08-05T13:16:55Z
2026-08-05T13:16:30Z,2026-08-05T15:16:30+0200,eb4e78ad-6a4c-434e-99d2-b22c640d18c9,2026-07-22T07:00:00Z,2026-07-22T09:00:00+0200,284.135,MW,BE,BE,actual_offshore_wind_generation,Wind Offshore | Actual Aggregated,2026-08-05T13:16:55Z
2026-08-05T13:16:30Z,2026-08-05T15:16:30+0200,eb4e78ad-6a4c-434e-99d2-b22c640d18c9,2026-07-22T08:00:00Z,2026-07-22T10:00:00+0200,294.3525,MW,BE,BE,actual_offshore_wind_generation,Wind Offshore | Actual Aggregated,2026-08-05T13:16:55Z
2026-08-05T13:16:30Z,2026-08-05T15:16:30+0200,eb4e78ad-6a4c-434e-99d2-b22c640d18c9,2026-07-22T09:00:00Z,2026-07-22T11:00:00+0200,270.395,MW,BE,BE,actual_offshore_wind_generation,Wind Offshore | Actual Aggregated,2026-08-05T13:16:55Z
2026-08-05T13:16:30Z,2026-08-05T15:16:30+0200,eb4e78ad-6a4c-434e-99d2-b22c640d18c9,2026-07-22T10:00:00Z,2026-07-22T12:00:00+0200,187.8725,MW,BE,BE,actual_offshore_wind_generation,Wind Offshore | Actual Aggregated,2026-08-05T13:16:55Z
2026-08-05T13:16:30Z,2026-08-05T15:16:30+0200,eb4e78ad-6a4c-434e-99d2-b22c640d18c9,2026-07-22T11:00:00Z,2026-07-22T13:00:00+0200,145.665,MW,BE,BE,actual_offshore_wind_generation,Wind Offshore | Actual Aggregated,2026-08-05T13:16:55Z
2026-08-05T13:16:30Z,2026-08-05T15:16:30+0200,eb4e78ad-6a4c-434e-99d2-b22c640d18c9,2026-07-22T12:00:00Z,2026-07-22T14:00:00+0200,271.32,MW,BE,BE,actual_offshore_wind_generation,Wind Offshore | Actual Aggregated,2026-08-05T13:16:55Z
2026-08-05T13:16:30Z,2026-08-05T15:16:30+0200,eb4e78ad-6a4c-434e-99d2-b22c640d18c9,2026-07-22T13:00:00Z,2026-07-22T15:00:00+0200,193.965,MW,BE,BE,actual_offshore_wind_generation,Wind Offshore | Actual Aggregated,2026-08-05T13:16:55Z
2026-08-05T13:16:30Z,2026-08-05T15:16:30+0200,eb4e78ad-6a4c-434e-99d2-b22c640d18c9,2026-07-22T14:00:00Z,2026-07-22T16:00:00+0200,249.625,MW,BE,BE,actual_offshore_wind_generation,Wind Offshore | Actual Aggregated,2026-08-05T13:16:55Z
2026-08-05T13:16:30Z,2026-08-05T15:16:30+0200,eb4e78ad-6a4c-434e-99d2-b22c640d18c9,2026-07-22T15:00:00Z,2026-07-22T17:00:00+0200,261.8925,MW,BE,BE,actual_offshore_wind_generation,Wind Offshore | Actual Aggregated,2026-08-05T13:16:55Z
2026-08-05T13:16:30Z,2026-08-05T15:16:30+0200,eb4e78ad-6a4c-434e-99d2-b22c640d18c9,2026-07-22T16:00:00Z,2026-07-22T18:00:00+0200,332.3275,MW,BE,BE,actual_offshore_wind_generation,Wind Offshore | Actual Aggregated,2026-08-05T13:16:55Z
2026-08-05T13:16:30Z,2026-08-05T15:16:30+0200,eb4e78ad-6a4c-434e-99d2-b22c640d18c9,2026-07-22T17:00:00Z,2026-07-22T19:00:00+0200,273.8775,MW,BE,BE,actual_offshore_wind_generation,Wind Offshore | Actual Aggregated,2026-08-05T13:16:55Z
2026-08-05T13:16:30Z,2026-08-05T15:16:30+0200,eb4e78ad-6a4c-434e-99d2-b22c640d18c9,2026-07-22T18:00:00Z,2026-07-22T20:00:00+0200,269.415,MW,BE,BE,actual_offshore_wind_generation,Wind Offshore | Actual Aggregated,2026-08-05T13:16:55Z
2026-08-05T13:16:30Z,2026-08-05T15:16:30+0200,eb4e78ad-6a4c-434e-99d2-b22c640d18c9,2026-07-22T19:00:00Z,2026-07-22T21:00:00+0200,323.705,MW,BE,BE,actual_offshore_wind_generation,Wind Offshore | Actual Aggregated,2026-08-05T13:16:55Z
2026-08-05T13:16:30Z,2026-08-05T15:16:30+0200,eb4e78ad-6a4c-434e-99d2-b22c640d18c9,2026-07-22T20:00:00Z,2026-07-22T22:00:00+0200,299.1125,MW,BE,BE,actual_offshore_wind_generation,Wind Offshore | Actual Aggregated,2026-08-05T13:16:55Z
2026-08-05T13:16:30Z,2026-08-05T15:16:30+0200,eb4e78ad-6a4c-434e-99d2-b22c640d18c9,2026-07-22T21:00:00Z,2026-07-22T23:00:00+0200,165.17,MW,BE,BE,actual_offshore_wind_generation,Wind Offshore | Actual Aggregated,2026-08-05T13:16:55Z
2026-08-05T13:16:30Z,2026-08-05T15:16:30+0200,eb4e78ad-6a4c-434e-99d2-b22c640d18c9,2026-07-22T22:00:00Z,2026-07-23T00:00:00+0200,112.4475,MW,BE,BE,actual_offshore_wind_generation,Wind Offshore | Actual Aggregated,2026-08-05T13:16:55Z
2026-08-05T13:16:30Z,2026-08-05T15:16:30+0200,eb4e78ad-6a4c-434e-99d2-b22c640d18c9,2026-07-22T23:00:00Z,2026-07-23T01:00:00+0200,125.945,MW,BE,BE,actual_offshore_wind_generation,Wind Offshore | Actual Aggregated,2026-08-05T13:16:55Z
2026-08-05T13:16:30Z,2026-08-05T15:16:30+0200,eb4e78ad-6a4c-434e-99d2-b22c640d18c9,2026-07-23T00:00:00Z,2026-07-23T02:00:00+0200,211.585,MW,BE,BE,actual_offshore_wind_generation,Wind Offshore | Actual Aggregated,2026-08-05T13:16:55Z
2026-08-05T13:16:30Z,2026-08-05T15:16:30+0200,eb4e78ad-6a4c-434e-99d2-b22c640d18c9,2026-07-23T01:00:00Z,2026-07-23T03:00:00+0200,150.2425,MW,BE,BE,actual_offshore_wind_generation,Wind Offshore | Actual Aggregated,2026-08-05T13:16:55Z
2026-08-05T13:16:30Z,2026-08-05T15:16:30+0200,eb4e78ad-6a4c-434e-99d2-b22c640d18c9,2026-07-23T02:00:00Z,2026-07-23T04:00:00+0200,159.8725,MW,BE,BE,actual_offshore_wind_generation,Wind Offshore | Actual Aggregated,2026-08-05T13:16:55Z
2026-08-05T13:16:30Z,2026-08-05T15:16:30+0200,eb4e78ad-6a4c-434e-99d2-b22c640d18c9,2026-07-23T03:00:00Z,2026-07-23T05:00:00+0200,138.0675,MW,BE,BE,actual_offshore_wind_generation,Wind Offshore | Actual Aggregated,2026-08-05T13:16:55Z
2026-08-05T13:16:30Z,2026-08-05T15:16:30+0200,eb4e78ad-6a4c-434e-99d2-b22c640d18c9,2026-07-23T04:00:00Z,2026-07-23T06:00:00+0200,162.585,MW,BE,BE,actual_offshore_wind_generation,Wind Offshore | Actual Aggregated,2026-08-05T13:16:55Z
2026-08-05T13:16:30Z,2026-08-05T15:16:30+0200,eb4e78ad-6a4c-434e-99d2-b22c640d18c9,2026-07-23T05:00:00Z,2026-07-23T07:00:00+0200,254.0875,MW,BE,BE,actual_offshore_wind_generation,Wind Offshore | Actual Aggregated,2026-08-05T13:16:55Z
2026-08-05T13:16:30Z,2026-08-05T15:16:30+0200,eb4e78ad-6a4c-434e-99d2-b22c640d18c9,2026-07-23T06:00:00Z,2026-07-23T08:00:00+0200,297.12,MW,BE,BE,actual_offshore_wind_generation,Wind Offshore | Actual Aggregated,2026-08-05T13:16:55Z
2026-08-05T13:16:30Z,2026-08-05T15:16:30+0200,eb4e78ad-6a4c-434e-99d2-b22c640d18c9,2026-07-23T07:00:00Z,2026-07-23T09:00:00+0200,308.5925,MW,BE,BE,actual_offshore_wind_generation,Wind Offshore | Actual Aggregated,2026-08-05T13:16:55Z
2026-08-05T13:16:30Z,2026-08-05T15:16:30+0200,eb4e78ad-6a4c-434e-99d2-b22c640d18c9,2026-07-23T08:00:00Z,2026-07-23T10:00:00+0200,264.9725,MW,BE,BE,actual_offshore_wind_generation,Wind Offshore | Actual Aggregated,2026-08-05T13:16:55Z
2026-08-05T13:16:30Z,2026-08-05T15:16:30+0200,eb4e78ad-6a4c-434e-99d2-b22c640d18c9,2026-07-23T09:00:00Z,2026-07-23T11:00:00+0200,147.885,MW,BE,BE,actual_offshore_wind_generation,Wind Offshore | Actual Aggregated,2026-08-05T13:16:55Z
2026-08-05T13:16:30Z,2026-08-05T15:16:30+0200,eb4e78ad-6a4c-434e-99d2-b22c640d18c9,2026-07-23T10:00:00Z,2026-07-23T12:00:00+0200,180.68,MW,BE,BE,actual_offshore_wind_generation,Wind Offshore | Actual Aggregated,2026-08-05T13:16:55Z
2026-08-05T13:16:30Z,2026-08-05T15:16:30+0200,eb4e78ad-6a4c-434e-99d2-b22c640d18c9,2026-07-23T11:00:00Z,2026-07-23T13:00:00+0200,145.59,MW,BE,BE,actual_offshore_wind_generation,Wind Offshore | Actual Aggregated,2026-08-05T13:16:55Z
2026-08-05T13:16:30Z,2026-08-05T15:16:30+0200,eb4e78ad-6a4c-434e-99d2-b22c640d18c9,2026-07-23T12:00:00Z,2026-07-23T14:00:00+0200,70.2875,MW,BE,BE,actual_offshore_wind_generation,Wind Offshore | Actual Aggregated,2026-08-05T13:16:55Z
2026-08-05T13:16:30Z,2026-08-05T15:16:30+0200,eb4e78ad-6a4c-434e-99d2-b22c640d18c9,2026-07-23T13:00:00Z,2026-07-23T15:00:00+0200,62.025,MW,BE,BE,actual_offshore_wind_generation,Wind Offshore | Actual Aggregated,2026-08-05T13:16:55Z
2026-08-05T13:16:30Z,2026-08-05T15:16:30+0200,eb4e78ad-6a4c-434e-99d2-b22c640d18c9,2026-07-23T14:00:00Z,2026-07-23T16:00:00+0200,3.5475,MW,BE,BE,actual_offshore_wind_generation,Wind Offshore | Actual Aggregated,2026-08-05T13:16:55Z
2026-08-05T13:16:30Z,2026-08-05T15:16:30+0200,eb4e78ad-6a4c-434e-99d2-b22c640d18c9,2026-07-23T14:00:00Z,2026-07-23T16:00:00+0200,9.405,MW,BE,BE,actual_offshore_wind_generation,Wind Offshore | Actual Consumption,2026-08-05T13:16:55Z
2026-08-05T13:16:30Z,2026-08-05T15:16:30+0200,eb4e78ad-6a4c-434e-99d2-b22c640d18c9,2026-07-23T15:00:00Z,2026-07-23T17:00:00+0200,28.91,MW,BE,BE,actual_offshore_wind_generation,Wind Offshore | Actual Consumption,2026-08-05T13:16:55Z
2026-08-05T13:16:30Z,2026-08-05T15:16:30+0200,eb4e78ad-6a4c-434e-99d2-b22c640d18c9,2026-07-23T16:00:00Z,2026-07-23T18:00:00+0200,29.53,MW,BE,BE,actual_offshore_wind_generation,Wind Offshore | Actual Consumption,2026-08-05T13:16:55Z
2026-08-05T13:16:30Z,2026-08-05T15:16:30+0200,eb4e78ad-6a4c-434e-99d2-b22c640d18c9,2026-07-23T17:00:00Z,2026-07-23T19:00:00+0200,30.4275,MW,BE,BE,actual_offshore_wind_generation,Wind Offshore | Actual Consumption,2026-08-05T13:16:55Z
2026-08-05T13:16:30Z,2026-08-05T15:16:30+0200,eb4e78ad-6a4c-434e-99d2-b22c640d18c9,2026-07-23T18:00:00Z,2026-07-23T20:00:00+0200,29.635,MW,BE,BE,actual_offshore_wind_generation,Wind Offshore | Actual Consumption,2026-08-05T13:16:55Z
2026-08-05T13:16:30Z,2026-08-05T15:16:30+0200,eb4e78ad-6a4c-434e-99d2-b22c640d18c9,2026-07-23T19:00:00Z,2026-07-23T21:00:00+0200,30.2325,MW,BE,BE,actual_offshore_wind_generation,Wind Offshore | Actual Consumption,2026-08-05T13:16:55Z
2026-08-05T13:16:30Z,2026-08-05T15:16:30+0200,eb4e78ad-6a4c-434e-99d2-b22c640d18c9,2026-07-23T20:00:00Z,2026-07-23T22:00:00+0200,30.36,MW,BE,BE,actual_offshore_wind_generation,Wind Offshore | Actual Consumption,2026-08-05T13:16:55Z
2026-08-05T13:16:30Z,2026-08-05T15:16:30+0200,eb4e78ad-6a4c-434e-99d2-b22c640d18c9,2026-07-23T21:00:00Z,2026-07-23T23:00:00+0200,30.2125,MW,BE,BE,actual_offshore_wind_generation,Wind Offshore | Actual Consumption,2026-08-05T13:16:55Z
2026-08-05T13:16:30Z,2026-08-05T15:16:30+0200,eb4e78ad-6a4c-434e-99d2-b22c640d18c9,2026-07-23T22:00:00Z,2026-07-24T00:00:00+0200,30.625,MW,BE,BE,actual_offshore_wind_generation,Wind Offshore | Actual Consumption,2026-08-05T13:16:55Z
2026-08-05T13:16:30Z,2026-08-05T15:16:30+0200,eb4e78ad-6a4c-434e-99d2-b22c640d18c9,2026-07-23T23:00:00Z,2026-07-24T01:00:00+0200,30.395,MW,BE,BE,actual_offshore_wind_generation,Wind Offshore | Actual Consumption,2026-08-05T13:16:55Z
2026-08-05T13:16:30Z,2026-08-05T15:16:30+0200,eb4e78ad-6a4c-434e-99d2-b22c640d18c9,2026-07-24T00:00:00Z,2026-07-24T02:00:00+0200,23.795,MW,BE,BE,actual_offshore_wind_generation,Wind Offshore | Actual Consumption,2026-08-05T13:16:55Z
2026-08-05T13:16:30Z,2026-08-05T15:16:30+0200,eb4e78ad-6a4c-434e-99d2-b22c640d18c9,2026-07-24T01:00:00Z,2026-07-24T03:00:00+0200,1.08,MW,BE,BE,actual_offshore_wind_generation,Wind Offshore | Actual Aggregated,2026-08-05T13:16:55Z
2026-08-05T13:16:30Z,2026-08-05T15:16:30+0200,eb4e78ad-6a4c-434e-99d2-b22c640d18c9,2026-07-24T01:00:00Z,2026-07-24T03:00:00+0200,11.805,MW,BE,BE,actual_offshore_wind_generation,Wind Offshore | Actual Consumption,2026-08-05T13:16:55Z
2026-08-05T13:16:30Z,2026-08-05T15:16:30+0200,eb4e78ad-6a4c-434e-99d2-b22c640d18c9,2026-07-24T02:00:00Z,2026-07-24T04:00:00+0200,10.0975,MW,BE,BE,actual_offshore_wind_generation,Wind Offshore | Actual Consumption,2026-08-05T13:16:55Z
2026-08-05T13:16:30Z,2026-08-05T15:16:30+0200,eb4e78ad-6a4c-434e-99d2-b22c640d18c9,2026-07-24T03:00:00Z,2026-07-24T05:00:00+0200,46.4875,MW,BE,BE,actual_offshore_wind_generation,Wind Offshore | Actual Aggregated,2026-08-05T13:16:55Z
2026-08-05T13:16:30Z,2026-08-05T15:16:30+0200,eb4e78ad-6a4c-434e-99d2-b22c640d18c9,2026-07-24T04:00:00Z,2026-07-24T06:00:00+0200,61.5875,MW,BE,BE,actual_offshore_wind_generation,Wind Offshore | Actual Aggregated,2026-08-05T13:16:55Z
2026-08-05T13:16:30Z,2026-08-05T15:16:30+0200,eb4e78ad-6a4c-434e-99d2-b22c640d18c9,2026-07-24T05:00:00Z,2026-07-24T07:00:00+0200,114.2675,MW,BE,BE,actual_offshore_wind_generation,Wind Offshore | Actual Aggregated,2026-08-05T13:16:55Z
2026-08-05T13:16:30Z,2026-08-05T15:16:30+0200,eb4e78ad-6a4c-434e-99d2-b22c640d18c9,2026-07-24T06:00:00Z,2026-07-24T08:00:00+0200,155.7075,MW,BE,BE,actual_offshore_wind_generation,Wind Offshore | Actual Aggregated,2026-08-05T13:16:55Z
2026-08-05T13:16:30Z,2026-08-05T15:16:30+0200,eb4e78ad-6a4c-434e-99d2-b22c640d18c9,2026-07-24T07:00:00Z,2026-07-24T09:00:00+0200,136.55,MW,BE,BE,actual_offshore_wind_generation,Wind Offshore | Actual Aggregated,2026-08-05T13:16:55Z
2026-08-05T13:16:30Z,2026-08-05T15:16:30+0200,eb4e78ad-6a4c-434e-99d2-b22c640d18c9,2026-07-24T08:00:00Z,2026-07-24T10:00:00+0200,47.5825,MW,BE,BE,actual_offshore_wind_generation,Wind Offshore | Actual Aggregated,2026-08-05T13:16:55Z
2026-08-05T13:16:30Z,2026-08-05T15:16:30+0200,eb4e78ad-6a4c-434e-99d2-b22c640d18c9,2026-07-24T09:00:00Z,2026-07-24T11:00:00+0200,18.6725,MW,BE,BE,actual_offshore_wind_generation,Wind Offshore | Actual Aggregated,2026-08-05T13:16:55Z
2026-08-05T13:16:30Z,2026-08-05T15:16:30+0200,eb4e78ad-6a4c-434e-99d2-b22c640d18c9,2026-07-24T10:00:00Z,2026-07-24T12:00:00+0200,12.86,MW,BE,BE,actual_offshore_wind_generation,Wind Offshore | Actual Aggregated,2026-08-05T13:16:55Z
2026-08-05T13:16:30Z,2026-08-05T15:16:30+0200,eb4e78ad-6a4c-434e-99d2-b22c640d18c9,2026-07-24T11:00:00Z,2026-07-24T13:00:00+0200,0.3575,MW,BE,BE,actual_offshore_wind_generation,Wind Offshore | Actual Aggregated,2026-08-05T13:16:55Z
2026-08-05T13:16:30Z,2026-08-05T15:16:30+0200,eb4e78ad-6a4c-434e-99d2-b22c640d18c9,2026-07-24T11:00:00Z,2026-07-24T13:00:00+0200,9.1025,MW,BE,BE,actual_offshore_wind_generation,Wind Offshore | Actual Consumption,2026-08-05T13:16:55Z
2026-08-05T13:16:30Z,2026-08-05T15:16:30+0200,eb4e78ad-6a4c-434e-99d2-b22c640d18c9,2026-07-24T12:00:00Z,2026-07-24T14:00:00+0200,22.4375,MW,BE,BE,actual_offshore_wind_generation,Wind Offshore | Actual Consumption,2026-08-05T13:16:55Z
2026-08-05T13:16:30Z,2026-08-05T15:16:30+0200,eb4e78ad-6a4c-434e-99d2-b22c640d18c9,2026-07-24T13:00:00Z,2026-07-24T15:00:00+0200,27.3,MW,BE,BE,actual_offshore_wind_generation,Wind Offshore | Actual Consumption,2026-08-05T13:16:55Z
2026-08-05T13:16:30Z,2026-08-05T15:16:30+0200,eb4e78ad-6a4c-434e-99d2-b22c640d18c9,2026-07-24T14:00:00Z,2026-07-24T16:00:00+0200,29.1425,MW,BE,BE,actual_offshore_wind_generation,Wind Offshore | Actual Consumption,2026-08-05T13:16:55Z
2026-08-05T13:16:30Z,2026-08-05T15:16:30+0200,eb4e78ad-6a4c-434e-99d2-b22c640d18c9,2026-07-24T15:00:00Z,2026-07-24T17:00:00+0200,29.0975,MW,BE,BE,actual_offshore_wind_generation,Wind Offshore | Actual Consumption,2026-08-05T13:16:55Z
2026-08-05T13:16:30Z,2026-08-05T15:16:30+0200,eb4e78ad-6a4c-434e-99d2-b22c640d18c9,2026-07-24T16:00:00Z,2026-07-24T18:00:00+0200,28.8725,MW,BE,BE,actual_offshore_wind_generation,Wind Offshore | Actual Consumption,2026-08-05T13:16:55Z
2026-08-05T13:16:30Z,2026-08-05T15:16:30+0200,eb4e78ad-6a4c-434e-99d2-b22c640d18c9,2026-07-24T17:00:00Z,2026-07-24T19:00:00+0200,23.8525,MW,BE,BE,actual_offshore_wind_generation,Wind Offshore | Actual Consumption,2026-08-05T13:16:55Z
2026-08-05T13:16:30Z,2026-08-05T15:16:30+0200,eb4e78ad-6a4c-434e-99d2-b22c640d18c9,2026-07-24T18:00:00Z,2026-07-24T20:00:00+0200,18.055,MW,BE,BE,actual_offshore_wind_generation,Wind Offshore | Actual Consumption,2026-08-05T13:16:55Z
2026-08-05T13:16:30Z,2026-08-05T15:16:30+0200,eb4e78ad-6a4c-434e-99d2-b22c640d18c9,2026-07-24T19:00:00Z,2026-07-24T21:00:00+0200,14.285,MW,BE,BE,actual_offshore_wind_generation,Wind Offshore | Actual Consumption,2026-08-05T13:16:55Z
2026-08-05T13:16:30Z,2026-08-05T15:16:30+0200,eb4e78ad-6a4c-434e-99d2-b22c640d18c9,2026-07-24T20:00:00Z,2026-07-24T22:00:00+0200,8.9025,MW,BE,BE,actual_offshore_wind_generation,Wind Offshore | Actual Aggregated,2026-08-05T13:16:55Z
2026-08-05T13:16:30Z,2026-08-05T15:16:30+0200,eb4e78ad-6a4c-434e-99d2-b22c640d18c9,2026-07-24T20:00:00Z,2026-07-24T22:00:00+0200,1.95,MW,BE,BE,actual_offshore_wind_generation,Wind Offshore | Actual Consumption,2026-08-05T13:16:55Z
2026-08-05T13:16:30Z,2026-08-05T15:16:30+0200,eb4e78ad-6a4c-434e-99d2-b22c640d18c9,2026-07-24T21:00:00Z,2026-07-24T23:00:00+0200,10.3875,MW,BE,BE,actual_offshore_wind_generation,Wind Offshore | Actual Aggregated,2026-08-05T13:16:55Z
2026-08-05T13:16:30Z,2026-08-05T15:16:30+0200,eb4e78ad-6a4c-434e-99d2-b22c640d18c9,2026-07-24T22:00:00Z,2026-07-25T00:00:00+0200,26.015,MW,BE,BE,actual_offshore_wind_generation,Wind Offshore | Actual Aggregated,2026-08-05T13:16:55Z
2026-08-05T13:16:30Z,2026-08-05T15:16:30+0200,eb4e78ad-6a4c-434e-99d2-b22c640d18c9,2026-07-24T23:00:00Z,2026-07-25T01:00:00+0200,28.3775,MW,BE,BE,actual_offshore_wind_generation,Wind Offshore | Actual Aggregated,2026-08-05T13:16:55Z
2026-08-05T13:16:30Z,2026-08-05T15:16:30+0200,eb4e78ad-6a4c-434e-99d2-b22c640d18c9,2026-07-25T00:00:00Z,2026-07-25T02:00:00+0200,31.785,MW,BE,BE,actual_offshore_wind_generation,Wind Offshore | Actual Aggregated,2026-08-05T13:16:55Z
2026-08-05T13:16:30Z,2026-08-05T15:16:30+0200,eb4e78ad-6a4c-434e-99d2-b22c640d18c9,2026-07-25T01:00:00Z,2026-07-25T03:00:00+0200,25.53,MW,BE,BE,actual_offshore_wind_generation,Wind Offshore | Actual Aggregated,2026-08-05T13:16:55Z
2026-08-05T13:16:30Z,2026-08-05T15:16:30+0200,eb4e78ad-6a4c-434e-99d2-b22c640d18c9,2026-07-25T02:00:00Z,2026-07-25T04:00:00+0200,48.5075,MW,BE,BE,actual_offshore_wind_generation,Wind Offshore | Actual Aggregated,2026-08-05T13:16:55Z
2026-08-05T13:16:30Z,2026-08-05T15:16:30+0200,eb4e78ad-6a4c-434e-99d2-b22c640d18c9,2026-07-25T03:00:00Z,2026-07-25T05:00:00+0200,13.8925,MW,BE,BE,actual_offshore_wind_generation,Wind Offshore | Actual Aggregated,2026-08-05T13:16:55Z
2026-08-05T13:16:30Z,2026-08-05T15:16:30+0200,eb4e78ad-6a4c-434e-99d2-b22c640d18c9,2026-07-25T03:00:00Z,2026-07-25T05:00:00+0200,0.4575,MW,BE,BE,actual_offshore_wind_generation,Wind Offshore | Actual Consumption,2026-08-05T13:16:55Z
2026-08-05T13:16:30Z,2026-08-05T15:16:30+0200,eb4e78ad-6a4c-434e-99d2-b22c640d18c9,2026-07-25T04:00:00Z,2026-07-25T06:00:00+0200,0.5575,MW,BE,BE,actual_offshore_wind_generation,Wind Offshore | Actual Aggregated,2026-08-05T13:16:55Z
2026-08-05T13:16:30Z,2026-08-05T15:16:30+0200,eb4e78ad-6a4c-434e-99d2-b22c640d18c9,2026-07-25T04:00:00Z,2026-07-25T06:00:00+0200,3.1625,MW,BE,BE,actual_offshore_wind_generation,Wind Offshore | Actual Consumption,2026-08-05T13:16:55Z
2026-08-05T13:16:30Z,2026-08-05T15:16:30+0200,eb4e78ad-6a4c-434e-99d2-b22c640d18c9,2026-07-25T05:00:00Z,2026-07-25T07:00:00+0200,12.3275,MW,BE,BE,actual_offshore_wind_generation,Wind Offshore | Actual Aggregated,2026-08-05T13:16:55Z
2026-08-05T13:16:30Z,2026-08-05T15:16:30+0200,eb4e78ad-6a4c-434e-99d2-b22c640d18c9,2026-07-25T05:00:00Z,2026-07-25T07:00:00+0200,2.705,MW,BE,BE,actual_offshore_wind_generation,Wind Offshore | Actual Consumption,2026-08-05T13:16:55Z
2026-08-05T13:16:30Z,2026-08-05T15:16:30+0200,eb4e78ad-6a4c-434e-99d2-b22c640d18c9,2026-07-25T06:00:00Z,2026-07-25T08:00:00+0200,37.385,MW,BE,BE,actual_offshore_wind_generation,Wind Offshore | Actual Aggregated,2026-08-05T13:16:55Z
2026-08-05T13:16:30Z,2026-08-05T15:16:30+0200,eb4e78ad-6a4c-434e-99d2-b22c640d18c9,2026-07-25T07:00:00Z,2026-07-25T09:00:00+0200,1.1825,MW,BE,BE,actual_offshore_wind_generation,Wind Offshore | Actual Aggregated,2026-08-05T13:16:55Z
2026-08-05T13:16:30Z,2026-08-05T15:16:30+0200,eb4e78ad-6a4c-434e-99d2-b22c640d18c9,2026-07-25T07:00:00Z,2026-07-25T09:00:00+0200,19.2575,MW,BE,BE,actual_offshore_wind_generation,Wind Offshore | Actual Consumption,2026-08-05T13:16:55Z
2026-08-05T13:16:30Z,2026-08-05T15:16:30+0200,eb4e78ad-6a4c-434e-99d2-b22c640d18c9,2026-07-25T08:00:00Z,2026-07-25T10:00:00+0200,20.44,MW,BE,BE,actual_offshore_wind_generation,Wind Offshore | Actual Consumption,2026-08-05T13:16:55Z
2026-08-05T13:16:30Z,2026-08-05T15:16:30+0200,eb4e78ad-6a4c-434e-99d2-b22c640d18c9,2026-07-25T09:00:00Z,2026-07-25T11:00:00+0200,10.57,MW,BE,BE,actual_offshore_wind_generation,Wind Offshore | Actual Aggregated,2026-08-05T13:16:55Z
2026-08-05T13:16:30Z,2026-08-05T15:16:30+0200,eb4e78ad-6a4c-434e-99d2-b22c640d18c9,2026-07-25T09:00:00Z,2026-07-25T11:00:00+0200,3.3025,MW,BE,BE,actual_offshore_wind_generation,Wind Offshore | Actual Consumption,2026-08-05T13:16:55Z
2026-08-05T13:16:30Z,2026-08-05T15:16:30+0200,eb4e78ad-6a4c-434e-99d2-b22c640d18c9,2026-07-25T10:00:00Z,2026-07-25T12:00:00+0200,21.2025,MW,BE,BE,actual_offshore_wind_generation,Wind Offshore | Actual Consumption,2026-08-05T13:16:55Z
2026-08-05T13:16:30Z,2026-08-05T15:16:30+0200,eb4e78ad-6a4c-434e-99d2-b22c640d18c9,2026-07-25T11:00:00Z,2026-07-25T13:00:00+0200,25.12,MW,BE,BE,actual_offshore_wind_generation,Wind Offshore | Actual Consumption,2026-08-05T13:16:55Z
2026-08-05T13:16:30Z,2026-08-05T15:16:30+0200,eb4e78ad-6a4c-434e-99d2-b22c640d18c9,2026-07-25T12:00:00Z,2026-07-25T14:00:00+0200,23.985,MW,BE,BE,actual_offshore_wind_generation,Wind Offshore | Actual Consumption,2026-08-05T13:16:55Z
2026-08-05T13:16:30Z,2026-08-05T15:16:30+0200,eb4e78ad-6a4c-434e-99d2-b22c640d18c9,2026-07-25T13:00:00Z,2026-07-25T15:00:00+0200,12.385,MW,BE,BE,actual_offshore_wind_generation,Wind Offshore | Actual Consumption,2026-08-05T13:16:55Z
2026-08-05T13:16:30Z,2026-08-05T15:16:30+0200,eb4e78ad-6a4c-434e-99d2-b22c640d18c9,2026-07-25T14:00:00Z,2026-07-25T16:00:00+0200,33.22,MW,BE,BE,actual_offshore_wind_generation,Wind Offshore | Actual Aggregated,2026-08-05T13:16:55Z
2026-08-05T13:16:30Z,2026-08-05T15:16:30+0200,eb4e78ad-6a4c-434e-99d2-b22c640d18c9,2026-07-25T14:00:00Z,2026-07-25T16:00:00+0200,1.225,MW,BE,BE,actual_offshore_wind_generation,Wind Offshore | Actual Consumption,2026-08-05T13:16:55Z
2026-08-05T13:16:30Z,2026-08-05T15:16:30+0200,eb4e78ad-6a4c-434e-99d2-b22c640d18c9,2026-07-25T15:00:00Z,2026-07-25T17:00:00+0200,150.13,MW,BE,BE,actual_offshore_wind_generation,Wind Offshore | Actual Aggregated,2026-08-05T13:16:55Z
2026-08-05T13:16:30Z,2026-08-05T15:16:30+0200,eb4e78ad-6a4c-434e-99d2-b22c640d18c9,2026-07-25T16:00:00Z,2026-07-25T18:00:00+0200,466.0075,MW,BE,BE,actual_offshore_wind_generation,Wind Offshore | Actual Aggregated,2026-08-05T13:16:55Z
2026-08-05T13:16:30Z,2026-08-05T15:16:30+0200,eb4e78ad-6a4c-434e-99d2-b22c640d18c9,2026-07-25T17:00:00Z,2026-07-25T19:00:00+0200,1142.94,MW,BE,BE,actual_offshore_wind_generation,Wind Offshore | Actual Aggregated,2026-08-05T13:16:55Z
2026-08-05T13:16:30Z,2026-08-05T15:16:30+0200,eb4e78ad-6a4c-434e-99d2-b22c640d18c9,2026-07-25T18:00:00Z,2026-07-25T20:00:00+0200,1679.0325,MW,BE,BE,actual_offshore_wind_generation,Wind Offshore | Actual Aggregated,2026-08-05T13:16:55Z
2026-08-05T13:16:30Z,2026-08-05T15:16:30+0200,eb4e78ad-6a4c-434e-99d2-b22c640d18c9,2026-07-25T19:00:00Z,2026-07-25T21:00:00+0200,1784.6,MW,BE,BE,actual_offshore_wind_generation,Wind Offshore | Actual Aggregated,2026-08-05T13:16:55Z
2026-08-05T13:16:30Z,2026-08-05T15:16:30+0200,eb4e78ad-6a4c-434e-99d2-b22c640d18c9,2026-07-25T20:00:00Z,2026-07-25T22:00:00+0200,1808.945,MW,BE,BE,actual_offshore_wind_generation,Wind Offshore | Actual Aggregated,2026-08-05T13:16:55Z
2026-08-05T13:16:30Z,2026-08-05T15:16:30+0200,eb4e78ad-6a4c-434e-99d2-b22c640d18c9,2026-07-25T21:00:00Z,2026-07-25T23:00:00+0200,1799.1975,MW,BE,BE,actual_offshore_wind_generation,Wind Offshore | Actual Aggregated,2026-08-05T13:16:55Z
2026-08-05T13:16:30Z,2026-08-05T15:16:30+0200,eb4e78ad-6a4c-434e-99d2-b22c640d18c9,2026-07-25T22:00:00Z,2026-07-26T00:00:00+0200,1701.16,MW,BE,BE,actual_offshore_wind_generation,Wind Offshore | Actual Aggregated,2026-08-05T13:16:55Z
2026-08-05T13:16:30Z,2026-08-05T15:16:30+0200,eb4e78ad-6a4c-434e-99d2-b22c640d18c9,2026-07-25T23:00:00Z,2026-07-26T01:00:00+0200,1692.8375,MW,BE,BE,actual_offshore_wind_generation,Wind Offshore | Actual Aggregated,2026-08-05T13:16:55Z
2026-08-05T13:16:30Z,2026-08-05T15:16:30+0200,eb4e78ad-6a4c-434e-99d2-b22c640d18c9,2026-07-26T00:00:00Z,2026-07-26T02:00:00+0200,1063.745,MW,BE,BE,actual_offshore_wind_generation,Wind Offshore | Actual Aggregated,2026-08-05T13:16:55Z
2026-08-05T13:16:30Z,2026-08-05T15:16:30+0200,eb4e78ad-6a4c-434e-99d2-b22c640d18c9,2026-07-26T01:00:00Z,2026-07-26T03:00:00+0200,182.8,MW,BE,BE,actual_offshore_wind_generation,Wind Offshore | Actual Aggregated,2026-08-05T13:16:55Z
2026-08-05T13:16:30Z,2026-08-05T15:16:30+0200,eb4e78ad-6a4c-434e-99d2-b22c640d18c9,2026-07-26T02:00:00Z,2026-07-26T04:00:00+0200,71.395,MW,BE,BE,actual_offshore_wind_generation,Wind Offshore | Actual Aggregated,2026-08-05T13:16:55Z
2026-08-05T13:16:30Z,2026-08-05T15:16:30+0200,eb4e78ad-6a4c-434e-99d2-b22c640d18c9,2026-07-26T02:00:00Z,2026-07-26T04:00:00+0200,1.405,MW,BE,BE,actual_offshore_wind_generation,Wind Offshore | Actual Consumption,2026-08-05T13:16:55Z
2026-08-05T13:16:30Z,2026-08-05T15:16:30+0200,eb4e78ad-6a4c-434e-99d2-b22c640d18c9,2026-07-26T03:00:00Z,2026-07-26T05:00:00+0200,433.275,MW,BE,BE,actual_offshore_wind_generation,Wind Offshore | Actual Aggregated,2026-08-05T13:16:55Z
2026-08-05T13:16:30Z,2026-08-05T15:16:30+0200,eb4e78ad-6a4c-434e-99d2-b22c640d18c9,2026-07-26T04:00:00Z,2026-07-26T06:00:00+0200,499.275,MW,BE,BE,actual_offshore_wind_generation,Wind Offshore | Actual Aggregated,2026-08-05T13:16:55Z
2026-08-05T13:16:30Z,2026-08-05T15:16:30+0200,eb4e78ad-6a4c-434e-99d2-b22c640d18c9,2026-07-26T05:00:00Z,2026-07-26T07:00:00+0200,728.225,MW,BE,BE,actual_offshore_wind_generation,Wind Offshore | Actual Aggregated,2026-08-05T13:16:55Z
2026-08-05T13:16:30Z,2026-08-05T15:16:30+0200,eb4e78ad-6a4c-434e-99d2-b22c640d18c9,2026-07-26T06:00:00Z,2026-07-26T08:00:00+0200,1062.2875,MW,BE,BE,actual_offshore_wind_generation,Wind Offshore | Actual Aggregated,2026-08-05T13:16:55Z
2026-08-05T13:16:30Z,2026-08-05T15:16:30+0200,eb4e78ad-6a4c-434e-99d2-b22c640d18c9,2026-07-26T07:00:00Z,2026-07-26T09:00:00+0200,1402.955,MW,BE,BE,actual_offshore_wind_generation,Wind Offshore | Actual Aggregated,2026-08-05T13:16:55Z
2026-08-05T13:16:30Z,2026-08-05T15:16:30+0200,eb4e78ad-6a4c-434e-99d2-b22c640d18c9,2026-07-26T08:00:00Z,2026-07-26T10:00:00+0200,1508.795,MW,BE,BE,actual_offshore_wind_generation,Wind Offshore | Actual Aggregated,2026-08-05T13:16:55Z
2026-08-05T13:16:30Z,2026-08-05T15:16:30+0200,eb4e78ad-6a4c-434e-99d2-b22c640d18c9,2026-07-26T09:00:00Z,2026-07-26T11:00:00+0200,1934.0875,MW,BE,BE,actual_offshore_wind_generation,Wind Offshore | Actual Aggregated,2026-08-05T13:16:55Z
2026-08-05T13:16:30Z,2026-08-05T15:16:30+0200,eb4e78ad-6a4c-434e-99d2-b22c640d18c9,2026-07-26T10:00:00Z,2026-07-26T12:00:00+0200,2053.1625,MW,BE,BE,actual_offshore_wind_generation,Wind Offshore | Actual Aggregated,2026-08-05T13:16:55Z
2026-08-05T13:16:30Z,2026-08-05T15:16:30+0200,eb4e78ad-6a4c-434e-99d2-b22c640d18c9,2026-07-26T11:00:00Z,2026-07-26T13:00:00+0200,2071.3025,MW,BE,BE,actual_offshore_wind_generation,Wind Offshore | Actual Aggregated,2026-08-05T13:16:55Z
2026-08-05T13:16:30Z,2026-08-05T15:16:30+0200,eb4e78ad-6a4c-434e-99d2-b22c640d18c9,2026-07-26T12:00:00Z,2026-07-26T14:00:00+0200,2075.0675,MW,BE,BE,actual_offshore_wind_generation,Wind Offshore | Actual Aggregated,2026-08-05T13:16:55Z
2026-08-05T13:16:30Z,2026-08-05T15:16:30+0200,eb4e78ad-6a4c-434e-99d2-b22c640d18c9,2026-07-26T13:00:00Z,2026-07-26T15:00:00+0200,1852.575,MW,BE,BE,actual_offshore_wind_generation,Wind Offshore | Actual Aggregated,2026-08-05T13:16:55Z
2026-08-05T13:16:30Z,2026-08-05T15:16:30+0200,eb4e78ad-6a4c-434e-99d2-b22c640d18c9,2026-07-26T14:00:00Z,2026-07-26T16:00:00+0200,1588.2325,MW,BE,BE,actual_offshore_wind_generation,Wind Offshore | Actual Aggregated,2026-08-05T13:16:55Z
2026-08-05T13:16:30Z,2026-08-05T15:16:30+0200,eb4e78ad-6a4c-434e-99d2-b22c640d18c9,2026-07-26T15:00:00Z,2026-07-26T17:00:00+0200,1551.3675,MW,BE,BE,actual_offshore_wind_generation,Wind Offshore | Actual Aggregated,2026-08-05T13:16:55Z
2026-08-05T13:16:30Z,2026-08-05T15:16:30+0200,eb4e78ad-6a4c-434e-99d2-b22c640d18c9,2026-07-26T16:00:00Z,2026-07-26T18:00:00+0200,1074.3225,MW,BE,BE,actual_offshore_wind_generation,Wind Offshore | Actual Aggregated,2026-08-05T13:16:55Z
2026-08-05T13:16:30Z,2026-08-05T15:16:30+0200,eb4e78ad-6a4c-434e-99d2-b22c640d18c9,2026-07-26T17:00:00Z,2026-07-26T19:00:00+0200,630.8,MW,BE,BE,actual_offshore_wind_generation,Wind Offshore | Actual Aggregated,2026-08-05T13:16:55Z
2026-08-05T13:16:30Z,2026-08-05T15:16:30+0200,eb4e78ad-6a4c-434e-99d2-b22c640d18c9,2026-07-26T18:00:00Z,2026-07-26T20:00:00+0200,391.13,MW,BE,BE,actual_offshore_wind_generation,Wind Offshore | Actual Aggregated,2026-08-05T13:16:55Z
2026-08-05T13:16:30Z,2026-08-05T15:16:30+0200,eb4e78ad-6a4c-434e-99d2-b22c640d18c9,2026-07-26T19:00:00Z,2026-07-26T21:00:00+0200,556.785,MW,BE,BE,actual_offshore_wind_generation,Wind Offshore | Actual Aggregated,2026-08-05T13:16:55Z
2026-08-05T13:16:30Z,2026-08-05T15:16:30+0200,eb4e78ad-6a4c-434e-99d2-b22c640d18c9,2026-07-26T20:00:00Z,2026-07-26T22:00:00+0200,698.2475,MW,BE,BE,actual_offshore_wind_generation,Wind Offshore | Actual Aggregated,2026-08-05T13:16:55Z
2026-08-05T13:16:30Z,2026-08-05T15:16:30+0200,eb4e78ad-6a4c-434e-99d2-b22c640d18c9,2026-07-26T21:00:00Z,2026-07-26T23:00:00+0200,947.515,MW,BE,BE,actual_offshore_wind_generation,Wind Offshore | Actual Aggregated,2026-08-05T13:16:55Z
2026-08-05T13:16:30Z,2026-08-05T15:16:30+0200,eb4e78ad-6a4c-434e-99d2-b22c640d18c9,2026-07-26T22:00:00Z,2026-07-27T00:00:00+0200,1622.0125,MW,BE,BE,actual_offshore_wind_generation,Wind Offshore | Actual Aggregated,2026-08-05T13:16:55Z
2026-08-05T13:16:30Z,2026-08-05T15:16:30+0200,eb4e78ad-6a4c-434e-99d2-b22c640d18c9,2026-07-26T23:00:00Z,2026-07-27T01:00:00+0200,1557.9175,MW,BE,BE,actual_offshore_wind_generation,Wind Offshore | Actual Aggregated,2026-08-05T13:16:55Z
2026-08-05T13:16:30Z,2026-08-05T15:16:30+0200,eb4e78ad-6a4c-434e-99d2-b22c640d18c9,2026-07-27T00:00:00Z,2026-07-27T02:00:00+0200,1276.0675,MW,BE,BE,actual_offshore_wind_generation,Wind Offshore | Actual Aggregated,2026-08-05T13:16:55Z
2026-08-05T13:16:30Z,2026-08-05T15:16:30+0200,eb4e78ad-6a4c-434e-99d2-b22c640d18c9,2026-07-27T01:00:00Z,2026-07-27T03:00:00+0200,1330.7625,MW,BE,BE,actual_offshore_wind_generation,Wind Offshore | Actual Aggregated,2026-08-05T13:16:55Z
2026-08-05T13:16:30Z,2026-08-05T15:16:30+0200,eb4e78ad-6a4c-434e-99d2-b22c640d18c9,2026-07-27T02:00:00Z,2026-07-27T04:00:00+0200,1043.14,MW,BE,BE,actual_offshore_wind_generation,Wind Offshore | Actual Aggregated,2026-08-05T13:16:55Z
2026-08-05T13:16:30Z,2026-08-05T15:16:30+0200,eb4e78ad-6a4c-434e-99d2-b22c640d18c9,2026-07-27T03:00:00Z,2026-07-27T05:00:00+0200,898.255,MW,BE,BE,actual_offshore_wind_generation,Wind Offshore | Actual Aggregated,2026-08-05T13:16:55Z
2026-08-05T13:16:30Z,2026-08-05T15:16:30+0200,eb4e78ad-6a4c-434e-99d2-b22c640d18c9,2026-07-27T04:00:00Z,2026-07-27T06:00:00+0200,745.67,MW,BE,BE,actual_offshore_wind_generation,Wind Offshore | Actual Aggregated,2026-08-05T13:16:55Z
2026-08-05T13:16:30Z,2026-08-05T15:16:30+0200,eb4e78ad-6a4c-434e-99d2-b22c640d18c9,2026-07-27T05:00:00Z,2026-07-27T07:00:00+0200,710.2575,MW,BE,BE,actual_offshore_wind_generation,Wind Offshore | Actual Aggregated,2026-08-05T13:16:55Z
2026-08-05T13:16:30Z,2026-08-05T15:16:30+0200,eb4e78ad-6a4c-434e-99d2-b22c640d18c9,2026-07-27T06:00:00Z,2026-07-27T08:00:00+0200,516.2725,MW,BE,BE,actual_offshore_wind_generation,Wind Offshore | Actual Aggregated,2026-08-05T13:16:55Z
2026-08-05T13:16:30Z,2026-08-05T15:16:30+0200,eb4e78ad-6a4c-434e-99d2-b22c640d18c9,2026-07-27T07:00:00Z,2026-07-27T09:00:00+0200,449.385,MW,BE,BE,actual_offshore_wind_generation,Wind Offshore | Actual Aggregated,2026-08-05T13:16:55Z
2026-08-05T13:16:30Z,2026-08-05T15:16:30+0200,eb4e78ad-6a4c-434e-99d2-b22c640d18c9,2026-07-27T08:00:00Z,2026-07-27T10:00:00+0200,363.3225,MW,BE,BE,actual_offshore_wind_generation,Wind Offshore | Actual Aggregated,2026-08-05T13:16:55Z
2026-08-05T13:16:30Z,2026-08-05T15:16:30+0200,eb4e78ad-6a4c-434e-99d2-b22c640d18c9,2026-07-27T09:00:00Z,2026-07-27T11:00:00+0200,318.65,MW,BE,BE,actual_offshore_wind_generation,Wind Offshore | Actual Aggregated,2026-08-05T13:16:55Z
2026-08-05T13:16:30Z,2026-08-05T15:16:30+0200,eb4e78ad-6a4c-434e-99d2-b22c640d18c9,2026-07-27T10:00:00Z,2026-07-27T12:00:00+0200,309.2375,MW,BE,BE,actual_offshore_wind_generation,Wind Offshore | Actual Aggregated,2026-08-05T13:16:55Z
2026-08-05T13:16:30Z,2026-08-05T15:16:30+0200,eb4e78ad-6a4c-434e-99d2-b22c640d18c9,2026-07-27T11:00:00Z,2026-07-27T13:00:00+0200,306.9375,MW,BE,BE,actual_offshore_wind_generation,Wind Offshore | Actual Aggregated,2026-08-05T13:16:55Z
2026-08-05T13:16:30Z,2026-08-05T15:16:30+0200,eb4e78ad-6a4c-434e-99d2-b22c640d18c9,2026-07-27T12:00:00Z,2026-07-27T14:00:00+0200,265.495,MW,BE,BE,actual_offshore_wind_generation,Wind Offshore | Actual Aggregated,2026-08-05T13:16:55Z
2026-08-05T13:16:30Z,2026-08-05T15:16:30+0200,eb4e78ad-6a4c-434e-99d2-b22c640d18c9,2026-07-27T13:00:00Z,2026-07-27T15:00:00+0200,279.295,MW,BE,BE,actual_offshore_wind_generation,Wind Offshore | Actual Aggregated,2026-08-05T13:16:55Z
2026-08-05T13:16:30Z,2026-08-05T15:16:30+0200,eb4e78ad-6a4c-434e-99d2-b22c640d18c9,2026-07-27T14:00:00Z,2026-07-27T16:00:00+0200,177.9725,MW,BE,BE,actual_offshore_wind_generation,Wind Offshore | Actual Aggregated,2026-08-05T13:16:55Z
2026-08-05T13:16:30Z,2026-08-05T15:16:30+0200,eb4e78ad-6a4c-434e-99d2-b22c640d18c9,2026-07-27T15:00:00Z,2026-07-27T17:00:00+0200,146.8475,MW,BE,BE,actual_offshore_wind_generation,Wind Offshore | Actual Aggregated,2026-08-05T13:16:55Z
2026-08-05T13:16:30Z,2026-08-05T15:16:30+0200,eb4e78ad-6a4c-434e-99d2-b22c640d18c9,2026-07-27T16:00:00Z,2026-07-27T18:00:00+0200,358.1475,MW,BE,BE,actual_offshore_wind_generation,Wind Offshore | Actual Aggregated,2026-08-05T13:16:55Z
2026-08-05T13:16:30Z,2026-08-05T15:16:30+0200,eb4e78ad-6a4c-434e-99d2-b22c640d18c9,2026-07-27T17:00:00Z,2026-07-27T19:00:00+0200,461.0325,MW,BE,BE,actual_offshore_wind_generation,Wind Offshore | Actual Aggregated,2026-08-05T13:16:55Z
2026-08-05T13:16:30Z,2026-08-05T15:16:30+0200,eb4e78ad-6a4c-434e-99d2-b22c640d18c9,2026-07-27T18:00:00Z,2026-07-27T20:00:00+0200,456.935,MW,BE,BE,actual_offshore_wind_generation,Wind Offshore | Actual Aggregated,2026-08-05T13:16:55Z
2026-08-05T13:16:30Z,2026-08-05T15:16:30+0200,eb4e78ad-6a4c-434e-99d2-b22c640d18c9,2026-07-27T19:00:00Z,2026-07-27T21:00:00+0200,721.4675,MW,BE,BE,actual_offshore_wind_generation,Wind Offshore | Actual Aggregated,2026-08-05T13:16:55Z
2026-08-05T13:16:30Z,2026-08-05T15:16:30+0200,eb4e78ad-6a4c-434e-99d2-b22c640d18c9,2026-07-27T20:00:00Z,2026-07-27T22:00:00+0200,1013.34,MW,BE,BE,actual_offshore_wind_generation,Wind Offshore | Actual Aggregated,2026-08-05T13:16:55Z
2026-08-05T13:16:30Z,2026-08-05T15:16:30+0200,eb4e78ad-6a4c-434e-99d2-b22c640d18c9,2026-07-27T21:00:00Z,2026-07-27T23:00:00+0200,1094.0775,MW,BE,BE,actual_offshore_wind_generation,Wind Offshore | Actual Aggregated,2026-08-05T13:16:55Z
2026-08-05T13:16:30Z,2026-08-05T15:16:30+0200,eb4e78ad-6a4c-434e-99d2-b22c640d18c9,2026-07-27T22:00:00Z,2026-07-28T00:00:00+0200,1002.285,MW,BE,BE,actual_offshore_wind_generation,Wind Offshore | Actual Aggregated,2026-08-05T13:16:55Z
2026-08-05T13:16:30Z,2026-08-05T15:16:30+0200,eb4e78ad-6a4c-434e-99d2-b22c640d18c9,2026-07-27T23:00:00Z,2026-07-28T01:00:00+0200,822.1375,MW,BE,BE,actual_offshore_wind_generation,Wind Offshore | Actual Aggregated,2026-08-05T13:16:55Z
2026-08-05T13:16:30Z,2026-08-05T15:16:30+0200,eb4e78ad-6a4c-434e-99d2-b22c640d18c9,2026-07-28T00:00:00Z,2026-07-28T02:00:00+0200,704.3925,MW,BE,BE,actual_offshore_wind_generation,Wind Offshore | Actual Aggregated,2026-08-05T13:16:55Z
2026-08-05T13:16:30Z,2026-08-05T15:16:30+0200,eb4e78ad-6a4c-434e-99d2-b22c640d18c9,2026-07-28T01:00:00Z,2026-07-28T03:00:00+0200,645.5625,MW,BE,BE,actual_offshore_wind_generation,Wind Offshore | Actual Aggregated,2026-08-05T13:16:55Z
2026-08-05T13:16:30Z,2026-08-05T15:16:30+0200,eb4e78ad-6a4c-434e-99d2-b22c640d18c9,2026-07-28T02:00:00Z,2026-07-28T04:00:00+0200,455.105,MW,BE,BE,actual_offshore_wind_generation,Wind Offshore | Actual Aggregated,2026-08-05T13:16:55Z
2026-08-05T13:16:30Z,2026-08-05T15:16:30+0200,eb4e78ad-6a4c-434e-99d2-b22c640d18c9,2026-07-28T03:00:00Z,2026-07-28T05:00:00+0200,281.8125,MW,BE,BE,actual_offshore_wind_generation,Wind Offshore | Actual Aggregated,2026-08-05T13:16:55Z
2026-08-05T13:16:30Z,2026-08-05T15:16:30+0200,eb4e78ad-6a4c-434e-99d2-b22c640d18c9,2026-07-28T04:00:00Z,2026-07-28T06:00:00+0200,130.355,MW,BE,BE,actual_offshore_wind_generation,Wind Offshore | Actual Aggregated,2026-08-05T13:16:55Z
2026-08-05T13:16:30Z,2026-08-05T15:16:30+0200,eb4e78ad-6a4c-434e-99d2-b22c640d18c9,2026-07-28T05:00:00Z,2026-07-28T07:00:00+0200,35.83,MW,BE,BE,actual_offshore_wind_generation,Wind Offshore | Actual Aggregated,2026-08-05T13:16:55Z
2026-08-05T13:16:30Z,2026-08-05T15:16:30+0200,eb4e78ad-6a4c-434e-99d2-b22c640d18c9,2026-07-28T06:00:00Z,2026-07-28T08:00:00+0200,27.445,MW,BE,BE,actual_offshore_wind_generation,Wind Offshore | Actual Aggregated,2026-08-05T13:16:55Z
2026-08-05T13:16:30Z,2026-08-05T15:16:30+0200,eb4e78ad-6a4c-434e-99d2-b22c640d18c9,2026-07-28T07:00:00Z,2026-07-28T09:00:00+0200,170.935,MW,BE,BE,actual_offshore_wind_generation,Wind Offshore | Actual Aggregated,2026-08-05T13:16:55Z
2026-08-05T13:16:30Z,2026-08-05T15:16:30+0200,eb4e78ad-6a4c-434e-99d2-b22c640d18c9,2026-07-28T08:00:00Z,2026-07-28T10:00:00+0200,180.6825,MW,BE,BE,actual_offshore_wind_generation,Wind Offshore | Actual Aggregated,2026-08-05T13:16:55Z
2026-08-05T13:16:30Z,2026-08-05T15:16:30+0200,eb4e78ad-6a4c-434e-99d2-b22c640d18c9,2026-07-28T09:00:00Z,2026-07-28T11:00:00+0200,126.485,MW,BE,BE,actual_offshore_wind_generation,Wind Offshore | Actual Aggregated,2026-08-05T13:16:55Z
2026-08-05T13:16:30Z,2026-08-05T15:16:30+0200,eb4e78ad-6a4c-434e-99d2-b22c640d18c9,2026-07-28T10:00:00Z,2026-07-28T12:00:00+0200,122.7975,MW,BE,BE,actual_offshore_wind_generation,Wind Offshore | Actual Aggregated,2026-08-05T13:16:55Z
2026-08-05T13:16:30Z,2026-08-05T15:16:30+0200,eb4e78ad-6a4c-434e-99d2-b22c640d18c9,2026-07-28T11:00:00Z,2026-07-28T13:00:00+0200,87.2475,MW,BE,BE,actual_offshore_wind_generation,Wind Offshore | Actual Aggregated,2026-08-05T13:16:55Z
2026-08-05T13:16:30Z,2026-08-05T15:16:30+0200,eb4e78ad-6a4c-434e-99d2-b22c640d18c9,2026-07-28T12:00:00Z,2026-07-28T14:00:00+0200,29.3575,MW,BE,BE,actual_offshore_wind_generation,Wind Offshore | Actual Aggregated,2026-08-05T13:16:55Z
2026-08-05T13:16:30Z,2026-08-05T15:16:30+0200,eb4e78ad-6a4c-434e-99d2-b22c640d18c9,2026-07-28T13:00:00Z,2026-07-28T15:00:00+0200,1.9125,MW,BE,BE,actual_offshore_wind_generation,Wind Offshore | Actual Aggregated,2026-08-05T13:16:55Z
2026-08-05T13:16:30Z,2026-08-05T15:16:30+0200,eb4e78ad-6a4c-434e-99d2-b22c640d18c9,2026-07-28T13:00:00Z,2026-07-28T15:00:00+0200,3.1725,MW,BE,BE,actual_offshore_wind_generation,Wind Offshore | Actual Consumption,2026-08-05T13:16:55Z
2026-08-05T13:16:30Z,2026-08-05T15:16:30+0200,eb4e78ad-6a4c-434e-99d2-b22c640d18c9,2026-07-28T14:00:00Z,2026-07-28T16:00:00+0200,12.2975,MW,BE,BE,actual_offshore_wind_generation,Wind Offshore | Actual Aggregated,2026-08-05T13:16:55Z
2026-08-05T13:16:30Z,2026-08-05T15:16:30+0200,eb4e78ad-6a4c-434e-99d2-b22c640d18c9,2026-07-28T15:00:00Z,2026-07-28T17:00:00+0200,18.005,MW,BE,BE,actual_offshore_wind_generation,Wind Offshore | Actual Consumption,2026-08-05T13:16:55Z
2026-08-05T13:16:30Z,2026-08-05T15:16:30+0200,eb4e78ad-6a4c-434e-99d2-b22c640d18c9,2026-07-28T16:00:00Z,2026-07-28T18:00:00+0200,26.5675,MW,BE,BE,actual_offshore_wind_generation,Wind Offshore | Actual Consumption,2026-08-05T13:16:55Z
2026-08-05T13:16:30Z,2026-08-05T15:16:30+0200,eb4e78ad-6a4c-434e-99d2-b22c640d18c9,2026-07-28T17:00:00Z,2026-07-28T19:00:00+0200,27.2225,MW,BE,BE,actual_offshore_wind_generation,Wind Offshore | Actual Consumption,2026-08-05T13:16:55Z
2026-08-05T13:16:30Z,2026-08-05T15:16:30+0200,eb4e78ad-6a4c-434e-99d2-b22c640d18c9,2026-07-28T18:00:00Z,2026-07-28T20:00:00+0200,27.9875,MW,BE,BE,actual_offshore_wind_generation,Wind Offshore | Actual Consumption,2026-08-05T13:16:55Z
2026-08-05T13:16:30Z,2026-08-05T15:16:30+0200,eb4e78ad-6a4c-434e-99d2-b22c640d18c9,2026-07-28T19:00:00Z,2026-07-28T21:00:00+0200,27.9825,MW,BE,BE,actual_offshore_wind_generation,Wind Offshore | Actual Consumption,2026-08-05T13:16:55Z
2026-08-05T13:16:30Z,2026-08-05T15:16:30+0200,eb4e78ad-6a4c-434e-99d2-b22c640d18c9,2026-07-28T20:00:00Z,2026-07-28T22:00:00+0200,28.14,MW,BE,BE,actual_offshore_wind_generation,Wind Offshore | Actual Consumption,2026-08-05T13:16:55Z
2026-08-05T13:16:30Z,2026-08-05T15:16:30+0200,eb4e78ad-6a4c-434e-99d2-b22c640d18c9,2026-07-28T21:00:00Z,2026-07-28T23:00:00+0200,28.8475,MW,BE,BE,actual_offshore_wind_generation,Wind Offshore | Actual Consumption,2026-08-05T13:16:55Z
2026-08-05T13:16:30Z,2026-08-05T15:16:30+0200,eb4e78ad-6a4c-434e-99d2-b22c640d18c9,2026-07-28T22:00:00Z,2026-07-29T00:00:00+0200,27.955,MW,BE,BE,actual_offshore_wind_generation,Wind Offshore | Actual Consumption,2026-08-05T13:16:55Z
2026-08-05T13:16:30Z,2026-08-05T15:16:30+0200,eb4e78ad-6a4c-434e-99d2-b22c640d18c9,2026-07-28T23:00:00Z,2026-07-29T01:00:00+0200,27.795,MW,BE,BE,actual_offshore_wind_generation,Wind Offshore | Actual Consumption,2026-08-05T13:16:55Z
2026-08-05T13:16:30Z,2026-08-05T15:16:30+0200,eb4e78ad-6a4c-434e-99d2-b22c640d18c9,2026-07-29T00:00:00Z,2026-07-29T02:00:00+0200,26.2075,MW,BE,BE,actual_offshore_wind_generation,Wind Offshore | Actual Consumption,2026-08-05T13:16:55Z
2026-08-05T13:16:30Z,2026-08-05T15:16:30+0200,eb4e78ad-6a4c-434e-99d2-b22c640d18c9,2026-07-29T01:00:00Z,2026-07-29T03:00:00+0200,29.3825,MW,BE,BE,actual_offshore_wind_generation,Wind Offshore | Actual Consumption,2026-08-05T13:16:55Z
2026-08-05T13:16:30Z,2026-08-05T15:16:30+0200,eb4e78ad-6a4c-434e-99d2-b22c640d18c9,2026-07-29T02:00:00Z,2026-07-29T04:00:00+0200,29.72,MW,BE,BE,actual_offshore_wind_generation,Wind Offshore | Actual Consumption,2026-08-05T13:16:55Z
2026-08-05T13:16:30Z,2026-08-05T15:16:30+0200,eb4e78ad-6a4c-434e-99d2-b22c640d18c9,2026-07-29T03:00:00Z,2026-07-29T05:00:00+0200,29.9525,MW,BE,BE,actual_offshore_wind_generation,Wind Offshore | Actual Consumption,2026-08-05T13:16:55Z
2026-08-05T13:16:30Z,2026-08-05T15:16:30+0200,eb4e78ad-6a4c-434e-99d2-b22c640d18c9,2026-07-29T04:00:00Z,2026-07-29T06:00:00+0200,29.655,MW,BE,BE,actual_offshore_wind_generation,Wind Offshore | Actual Consumption,2026-08-05T13:16:55Z
2026-08-05T13:16:30Z,2026-08-05T15:16:30+0200,eb4e78ad-6a4c-434e-99d2-b22c640d18c9,2026-07-29T05:00:00Z,2026-07-29T07:00:00+0200,29.4475,MW,BE,BE,actual_offshore_wind_generation,Wind Offshore | Actual Consumption,2026-08-05T13:16:55Z
2026-08-05T13:16:30Z,2026-08-05T15:16:30+0200,eb4e78ad-6a4c-434e-99d2-b22c640d18c9,2026-07-29T06:00:00Z,2026-07-29T08:00:00+0200,28.845,MW,BE,BE,actual_offshore_wind_generation,Wind Offshore | Actual Consumption,2026-08-05T13:16:55Z
2026-08-05T13:16:30Z,2026-08-05T15:16:30+0200,eb4e78ad-6a4c-434e-99d2-b22c640d18c9,2026-07-29T07:00:00Z,2026-07-29T09:00:00+0200,28.21,MW,BE,BE,actual_offshore_wind_generation,Wind Offshore | Actual Consumption,2026-08-05T13:16:55Z
2026-08-05T13:16:30Z,2026-08-05T15:16:30+0200,eb4e78ad-6a4c-434e-99d2-b22c640d18c9,2026-07-29T08:00:00Z,2026-07-29T10:00:00+0200,23.7975,MW,BE,BE,actual_offshore_wind_generation,Wind Offshore | Actual Consumption,2026-08-05T13:16:55Z
2026-08-05T13:16:30Z,2026-08-05T15:16:30+0200,eb4e78ad-6a4c-434e-99d2-b22c640d18c9,2026-07-29T09:00:00Z,2026-07-29T11:00:00+0200,18.49,MW,BE,BE,actual_offshore_wind_generation,Wind Offshore | Actual Consumption,2026-08-05T13:16:55Z
2026-08-05T13:16:30Z,2026-08-05T15:16:30+0200,eb4e78ad-6a4c-434e-99d2-b22c640d18c9,2026-07-29T10:00:00Z,2026-07-29T12:00:00+0200,15.7625,MW,BE,BE,actual_offshore_wind_generation,Wind Offshore | Actual Consumption,2026-08-05T13:16:55Z
2026-08-05T13:16:30Z,2026-08-05T15:16:30+0200,eb4e78ad-6a4c-434e-99d2-b22c640d18c9,2026-07-29T11:00:00Z,2026-07-29T13:00:00+0200,1.485,MW,BE,BE,actual_offshore_wind_generation,Wind Offshore | Actual Aggregated,2026-08-05T13:16:55Z
2026-08-05T13:16:30Z,2026-08-05T15:16:30+0200,eb4e78ad-6a4c-434e-99d2-b22c640d18c9,2026-07-29T11:00:00Z,2026-07-29T13:00:00+0200,1.17,MW,BE,BE,actual_offshore_wind_generation,Wind Offshore | Actual Consumption,2026-08-05T13:16:55Z
2026-08-05T13:16:30Z,2026-08-05T15:16:30+0200,eb4e78ad-6a4c-434e-99d2-b22c640d18c9,2026-07-29T12:00:00Z,2026-07-29T14:00:00+0200,11.51,MW,BE,BE,actual_offshore_wind_generation,Wind Offshore | Actual Consumption,2026-08-05T13:16:55Z
2026-08-05T13:16:30Z,2026-08-05T15:16:30+0200,eb4e78ad-6a4c-434e-99d2-b22c640d18c9,2026-07-29T13:00:00Z,2026-07-29T15:00:00+0200,27.5375,MW,BE,BE,actual_offshore_wind_generation,Wind Offshore | Actual Consumption,2026-08-05T13:16:55Z
2026-08-05T13:16:30Z,2026-08-05T15:16:30+0200,eb4e78ad-6a4c-434e-99d2-b22c640d18c9,2026-07-29T14:00:00Z,2026-07-29T16:00:00+0200,28.9575,MW,BE,BE,actual_offshore_wind_generation,Wind Offshore | Actual Consumption,2026-08-05T13:16:55Z
2026-08-05T13:16:30Z,2026-08-05T15:16:30+0200,eb4e78ad-6a4c-434e-99d2-b22c640d18c9,2026-07-29T15:00:00Z,2026-07-29T17:00:00+0200,28.42,MW,BE,BE,actual_offshore_wind_generation,Wind Offshore | Actual Consumption,2026-08-05T13:16:55Z
2026-08-05T13:16:30Z,2026-08-05T15:16:30+0200,eb4e78ad-6a4c-434e-99d2-b22c640d18c9,2026-07-29T16:00:00Z,2026-07-29T18:00:00+0200,29.185,MW,BE,BE,actual_offshore_wind_generation,Wind Offshore | Actual Consumption,2026-08-05T13:16:55Z
2026-08-05T13:16:30Z,2026-08-05T15:16:30+0200,eb4e78ad-6a4c-434e-99d2-b22c640d18c9,2026-07-29T17:00:00Z,2026-07-29T19:00:00+0200,17.3725,MW,BE,BE,actual_offshore_wind_generation,Wind Offshore | Actual Consumption,2026-08-05T13:16:55Z
2026-08-05T13:16:30Z,2026-08-05T15:16:30+0200,eb4e78ad-6a4c-434e-99d2-b22c640d18c9,2026-07-29T18:00:00Z,2026-07-29T20:00:00+0200,16.685,MW,BE,BE,actual_offshore_wind_generation,Wind Offshore | Actual Consumption,2026-08-05T13:16:55Z
2026-08-05T13:16:30Z,2026-08-05T15:16:30+0200,eb4e78ad-6a4c-434e-99d2-b22c640d18c9,2026-07-29T19:00:00Z,2026-07-29T21:00:00+0200,37.2025,MW,BE,BE,actual_offshore_wind_generation,Wind Offshore | Actual Aggregated,2026-08-05T13:16:55Z
2026-08-05T13:16:30Z,2026-08-05T15:16:30+0200,eb4e78ad-6a4c-434e-99d2-b22c640d18c9,2026-07-29T19:00:00Z,2026-07-29T21:00:00+0200,2.515,MW,BE,BE,actual_offshore_wind_generation,Wind Offshore | Actual Consumption,2026-08-05T13:16:55Z
2026-08-05T13:16:30Z,2026-08-05T15:16:30+0200,eb4e78ad-6a4c-434e-99d2-b22c640d18c9,2026-07-29T20:00:00Z,2026-07-29T22:00:00+0200,356.6375,MW,BE,BE,actual_offshore_wind_generation,Wind Offshore | Actual Aggregated,2026-08-05T13:16:55Z
2026-08-05T13:16:30Z,2026-08-05T15:16:30+0200,eb4e78ad-6a4c-434e-99d2-b22c640d18c9,2026-07-29T21:00:00Z,2026-07-29T23:00:00+0200,883.9125,MW,BE,BE,actual_offshore_wind_generation,Wind Offshore | Actual Aggregated,2026-08-05T13:16:55Z
2026-08-05T13:16:30Z,2026-08-05T15:16:30+0200,eb4e78ad-6a4c-434e-99d2-b22c640d18c9,2026-07-29T22:00:00Z,2026-07-30T00:00:00+0200,880.205,MW,BE,BE,actual_offshore_wind_generation,Wind Offshore | Actual Aggregated,2026-08-05T13:16:55Z
2026-08-05T13:16:30Z,2026-08-05T15:16:30+0200,eb4e78ad-6a4c-434e-99d2-b22c640d18c9,2026-07-29T23:00:00Z,2026-07-30T01:00:00+0200,630.64,MW,BE,BE,actual_offshore_wind_generation,Wind Offshore | Actual Aggregated,2026-08-05T13:16:55Z
2026-08-05T13:16:30Z,2026-08-05T15:16:30+0200,eb4e78ad-6a4c-434e-99d2-b22c640d18c9,2026-07-30T00:00:00Z,2026-07-30T02:00:00+0200,806.06,MW,BE,BE,actual_offshore_wind_generation,Wind Offshore | Actual Aggregated,2026-08-05T13:16:55Z
2026-08-05T13:16:30Z,2026-08-05T15:16:30+0200,eb4e78ad-6a4c-434e-99d2-b22c640d18c9,2026-07-30T01:00:00Z,2026-07-30T03:00:00+0200,719.2075,MW,BE,BE,actual_offshore_wind_generation,Wind Offshore | Actual Aggregated,2026-08-05T13:16:55Z
2026-08-05T13:16:30Z,2026-08-05T15:16:30+0200,eb4e78ad-6a4c-434e-99d2-b22c640d18c9,2026-07-30T02:00:00Z,2026-07-30T04:00:00+0200,593.715,MW,BE,BE,actual_offshore_wind_generation,Wind Offshore | Actual Aggregated,2026-08-05T13:16:55Z
2026-08-05T13:16:30Z,2026-08-05T15:16:30+0200,eb4e78ad-6a4c-434e-99d2-b22c640d18c9,2026-07-30T03:00:00Z,2026-07-30T05:00:00+0200,475.4225,MW,BE,BE,actual_offshore_wind_generation,Wind Offshore | Actual Aggregated,2026-08-05T13:16:55Z
2026-08-05T13:16:30Z,2026-08-05T15:16:30+0200,eb4e78ad-6a4c-434e-99d2-b22c640d18c9,2026-07-30T04:00:00Z,2026-07-30T06:00:00+0200,326.615,MW,BE,BE,actual_offshore_wind_generation,Wind Offshore | Actual Aggregated,2026-08-05T13:16:55Z
2026-08-05T13:16:30Z,2026-08-05T15:16:30+0200,eb4e78ad-6a4c-434e-99d2-b22c640d18c9,2026-07-30T05:00:00Z,2026-07-30T07:00:00+0200,42.8875,MW,BE,BE,actual_offshore_wind_generation,Wind Offshore | Actual Aggregated,2026-08-05T13:16:55Z
2026-08-05T13:16:30Z,2026-08-05T15:16:30+0200,eb4e78ad-6a4c-434e-99d2-b22c640d18c9,2026-07-30T06:00:00Z,2026-07-30T08:00:00+0200,7.6475,MW,BE,BE,actual_offshore_wind_generation,Wind Offshore | Actual Aggregated,2026-08-05T13:16:55Z
2026-08-05T13:16:30Z,2026-08-05T15:16:30+0200,eb4e78ad-6a4c-434e-99d2-b22c640d18c9,2026-07-30T07:00:00Z,2026-07-30T09:00:00+0200,11.69,MW,BE,BE,actual_offshore_wind_generation,Wind Offshore | Actual Aggregated,2026-08-05T13:16:55Z
2026-08-05T13:16:30Z,2026-08-05T15:16:30+0200,eb4e78ad-6a4c-434e-99d2-b22c640d18c9,2026-07-30T08:00:00Z,2026-07-30T10:00:00+0200,15.7375,MW,BE,BE,actual_offshore_wind_generation,Wind Offshore | Actual Aggregated,2026-08-05T13:16:55Z
2026-08-05T13:16:30Z,2026-08-05T15:16:30+0200,eb4e78ad-6a4c-434e-99d2-b22c640d18c9,2026-07-30T08:00:00Z,2026-07-30T10:00:00+0200,0.0275,MW,BE,BE,actual_offshore_wind_generation,Wind Offshore | Actual Consumption,2026-08-05T13:16:55Z
2026-08-05T13:16:30Z,2026-08-05T15:16:30+0200,eb4e78ad-6a4c-434e-99d2-b22c640d18c9,2026-07-30T09:00:00Z,2026-07-30T11:00:00+0200,23.4275,MW,BE,BE,actual_offshore_wind_generation,Wind Offshore | Actual Aggregated,2026-08-05T13:16:55Z
2026-08-05T13:16:30Z,2026-08-05T15:16:30+0200,eb4e78ad-6a4c-434e-99d2-b22c640d18c9,2026-07-30T10:00:00Z,2026-07-30T12:00:00+0200,1.82,MW,BE,BE,actual_offshore_wind_generation,Wind Offshore | Actual Aggregated,2026-08-05T13:16:55Z
2026-08-05T13:16:30Z,2026-08-05T15:16:30+0200,eb4e78ad-6a4c-434e-99d2-b22c640d18c9,2026-07-30T10:00:00Z,2026-07-30T12:00:00+0200,12.2575,MW,BE,BE,actual_offshore_wind_generation,Wind Offshore | Actual Consumption,2026-08-05T13:16:55Z
2026-08-05T13:16:30Z,2026-08-05T15:16:30+0200,eb4e78ad-6a4c-434e-99d2-b22c640d18c9,2026-07-30T11:00:00Z,2026-07-30T13:00:00+0200,27.2275,MW,BE,BE,actual_offshore_wind_generation,Wind Offshore | Actual Consumption,2026-08-05T13:16:55Z
2026-08-05T13:16:30Z,2026-08-05T15:16:30+0200,eb4e78ad-6a4c-434e-99d2-b22c640d18c9,2026-07-30T12:00:00Z,2026-07-30T14:00:00+0200,26.4275,MW,BE,BE,actual_offshore_wind_generation,Wind Offshore | Actual Consumption,2026-08-05T13:16:55Z
2026-08-05T13:16:30Z,2026-08-05T15:16:30+0200,eb4e78ad-6a4c-434e-99d2-b22c640d18c9,2026-07-30T13:00:00Z,2026-07-30T15:00:00+0200,0.125,MW,BE,BE,actual_offshore_wind_generation,Wind Offshore | Actual Aggregated,2026-08-05T13:16:55Z
2026-08-05T13:16:30Z,2026-08-05T15:16:30+0200,eb4e78ad-6a4c-434e-99d2-b22c640d18c9,2026-07-30T13:00:00Z,2026-07-30T15:00:00+0200,12.4925,MW,BE,BE,actual_offshore_wind_generation,Wind Offshore | Actual Consumption,2026-08-05T13:16:55Z
2026-08-05T13:16:30Z,2026-08-05T15:16:30+0200,eb4e78ad-6a4c-434e-99d2-b22c640d18c9,2026-07-30T14:00:00Z,2026-07-30T16:00:00+0200,16.2125,MW,BE,BE,actual_offshore_wind_generation,Wind Offshore | Actual Consumption,2026-08-05T13:16:55Z
2026-08-05T13:16:30Z,2026-08-05T15:16:30+0200,eb4e78ad-6a4c-434e-99d2-b22c640d18c9,2026-07-30T15:00:00Z,2026-07-30T17:00:00+0200,1.76,MW,BE,BE,actual_offshore_wind_generation,Wind Offshore | Actual Aggregated,2026-08-05T13:16:55Z
2026-08-05T13:16:30Z,2026-08-05T15:16:30+0200,eb4e78ad-6a4c-434e-99d2-b22c640d18c9,2026-07-30T15:00:00Z,2026-07-30T17:00:00+0200,9.205,MW,BE,BE,actual_offshore_wind_generation,Wind Offshore | Actual Consumption,2026-08-05T13:16:55Z
2026-08-05T13:16:30Z,2026-08-05T15:16:30+0200,eb4e78ad-6a4c-434e-99d2-b22c640d18c9,2026-07-30T16:00:00Z,2026-07-30T18:00:00+0200,5.79,MW,BE,BE,actual_offshore_wind_generation,Wind Offshore | Actual Aggregated,2026-08-05T13:16:55Z
2026-08-05T13:16:30Z,2026-08-05T15:16:30+0200,eb4e78ad-6a4c-434e-99d2-b22c640d18c9,2026-07-30T17:00:00Z,2026-07-30T19:00:00+0200,48.615,MW,BE,BE,actual_offshore_wind_generation,Wind Offshore | Actual Aggregated,2026-08-05T13:16:55Z
2026-08-05T13:16:30Z,2026-08-05T15:16:30+0200,eb4e78ad-6a4c-434e-99d2-b22c640d18c9,2026-07-30T18:00:00Z,2026-07-30T20:00:00+0200,179.995,MW,BE,BE,actual_offshore_wind_generation,Wind Offshore | Actual Aggregated,2026-08-05T13:16:55Z
2026-08-05T13:16:30Z,2026-08-05T15:16:30+0200,eb4e78ad-6a4c-434e-99d2-b22c640d18c9,2026-07-30T19:00:00Z,2026-07-30T21:00:00+0200,321.035,MW,BE,BE,actual_offshore_wind_generation,Wind Offshore | Actual Aggregated,2026-08-05T13:16:55Z
2026-08-05T13:16:30Z,2026-08-05T15:16:30+0200,eb4e78ad-6a4c-434e-99d2-b22c640d18c9,2026-07-30T20:00:00Z,2026-07-30T22:00:00+0200,366.465,MW,BE,BE,actual_offshore_wind_generation,Wind Offshore | Actual Aggregated,2026-08-05T13:16:55Z
2026-08-05T13:16:30Z,2026-08-05T15:16:30+0200,eb4e78ad-6a4c-434e-99d2-b22c640d18c9,2026-07-30T21:00:00Z,2026-07-30T23:00:00+0200,294.8175,MW,BE,BE,actual_offshore_wind_generation,Wind Offshore | Actual Aggregated,2026-08-05T13:16:55Z
2026-08-05T13:16:30Z,2026-08-05T15:16:30+0200,eb4e78ad-6a4c-434e-99d2-b22c640d18c9,2026-07-30T22:00:00Z,2026-07-31T00:00:00+0200,124.7725,MW,BE,BE,actual_offshore_wind_generation,Wind Offshore | Actual Aggregated,2026-08-05T13:16:55Z
2026-08-05T13:16:30Z,2026-08-05T15:16:30+0200,eb4e78ad-6a4c-434e-99d2-b22c640d18c9,2026-07-30T23:00:00Z,2026-07-31T01:00:00+0200,10.3975,MW,BE,BE,actual_offshore_wind_generation,Wind Offshore | Actual Aggregated,2026-08-05T13:16:55Z
2026-08-05T13:16:30Z,2026-08-05T15:16:30+0200,eb4e78ad-6a4c-434e-99d2-b22c640d18c9,2026-07-30T23:00:00Z,2026-07-31T01:00:00+0200,0.55,MW,BE,BE,actual_offshore_wind_generation,Wind Offshore | Actual Consumption,2026-08-05T13:16:55Z
2026-08-05T13:16:30Z,2026-08-05T15:16:30+0200,eb4e78ad-6a4c-434e-99d2-b22c640d18c9,2026-07-31T00:00:00Z,2026-07-31T02:00:00+0200,61.205,MW,BE,BE,actual_offshore_wind_generation,Wind Offshore | Actual Aggregated,2026-08-05T13:16:55Z
2026-08-05T13:16:30Z,2026-08-05T15:16:30+0200,eb4e78ad-6a4c-434e-99d2-b22c640d18c9,2026-07-31T01:00:00Z,2026-07-31T03:00:00+0200,84.57,MW,BE,BE,actual_offshore_wind_generation,Wind Offshore | Actual Aggregated,2026-08-05T13:16:55Z
2026-08-05T13:16:30Z,2026-08-05T15:16:30+0200,eb4e78ad-6a4c-434e-99d2-b22c640d18c9,2026-07-31T02:00:00Z,2026-07-31T04:00:00+0200,125.915,MW,BE,BE,actual_offshore_wind_generation,Wind Offshore | Actual Aggregated,2026-08-05T13:16:55Z
2026-08-05T13:16:30Z,2026-08-05T15:16:30+0200,eb4e78ad-6a4c-434e-99d2-b22c640d18c9,2026-07-31T03:00:00Z,2026-07-31T05:00:00+0200,75.6875,MW,BE,BE,actual_offshore_wind_generation,Wind Offshore | Actual Aggregated,2026-08-05T13:16:55Z
2026-08-05T13:16:30Z,2026-08-05T15:16:30+0200,eb4e78ad-6a4c-434e-99d2-b22c640d18c9,2026-07-31T04:00:00Z,2026-07-31T06:00:00+0200,4.3375,MW,BE,BE,actual_offshore_wind_generation,Wind Offshore | Actual Aggregated,2026-08-05T13:16:55Z
2026-08-05T13:16:30Z,2026-08-05T15:16:30+0200,eb4e78ad-6a4c-434e-99d2-b22c640d18c9,2026-07-31T04:00:00Z,2026-07-31T06:00:00+0200,15.9575,MW,BE,BE,actual_offshore_wind_generation,Wind Offshore | Actual Consumption,2026-08-05T13:16:55Z
2026-08-05T13:16:30Z,2026-08-05T15:16:30+0200,eb4e78ad-6a4c-434e-99d2-b22c640d18c9,2026-07-31T05:00:00Z,2026-07-31T07:00:00+0200,30.24,MW,BE,BE,actual_offshore_wind_generation,Wind Offshore | Actual Consumption,2026-08-05T13:16:55Z
2026-08-05T13:16:30Z,2026-08-05T15:16:30+0200,eb4e78ad-6a4c-434e-99d2-b22c640d18c9,2026-07-31T06:00:00Z,2026-07-31T08:00:00+0200,18.785,MW,BE,BE,actual_offshore_wind_generation,Wind Offshore | Actual Consumption,2026-08-05T13:16:55Z
2026-08-05T13:16:30Z,2026-08-05T15:16:30+0200,eb4e78ad-6a4c-434e-99d2-b22c640d18c9,2026-07-31T07:00:00Z,2026-07-31T09:00:00+0200,49.065,MW,BE,BE,actual_offshore_wind_generation,Wind Offshore | Actual Aggregated,2026-08-05T13:16:55Z
2026-08-05T13:16:30Z,2026-08-05T15:16:30+0200,eb4e78ad-6a4c-434e-99d2-b22c640d18c9,2026-07-31T08:00:00Z,2026-07-31T10:00:00+0200,198.6875,MW,BE,BE,actual_offshore_wind_generation,Wind Offshore | Actual Aggregated,2026-08-05T13:16:55Z
2026-08-05T13:16:30Z,2026-08-05T15:16:30+0200,eb4e78ad-6a4c-434e-99d2-b22c640d18c9,2026-07-31T09:00:00Z,2026-07-31T11:00:00+0200,255.555,MW,BE,BE,actual_offshore_wind_generation,Wind Offshore | Actual Aggregated,2026-08-05T13:16:55Z
2026-08-05T13:16:30Z,2026-08-05T15:16:30+0200,eb4e78ad-6a4c-434e-99d2-b22c640d18c9,2026-07-31T10:00:00Z,2026-07-31T12:00:00+0200,313.4125,MW,BE,BE,actual_offshore_wind_generation,Wind Offshore | Actual Aggregated,2026-08-05T13:16:55Z
2026-08-05T13:16:30Z,2026-08-05T15:16:30+0200,eb4e78ad-6a4c-434e-99d2-b22c640d18c9,2026-07-31T11:00:00Z,2026-07-31T13:00:00+0200,389.8325,MW,BE,BE,actual_offshore_wind_generation,Wind Offshore | Actual Aggregated,2026-08-05T13:16:55Z
2026-08-05T13:16:30Z,2026-08-05T15:16:30+0200,eb4e78ad-6a4c-434e-99d2-b22c640d18c9,2026-07-31T12:00:00Z,2026-07-31T14:00:00+0200,373.855,MW,BE,BE,actual_offshore_wind_generation,Wind Offshore | Actual Aggregated,2026-08-05T13:16:55Z
2026-08-05T13:16:30Z,2026-08-05T15:16:30+0200,eb4e78ad-6a4c-434e-99d2-b22c640d18c9,2026-07-31T13:00:00Z,2026-07-31T15:00:00+0200,339.7375,MW,BE,BE,actual_offshore_wind_generation,Wind Offshore | Actual Aggregated,2026-08-05T13:16:55Z
2026-08-05T13:16:30Z,2026-08-05T15:16:30+0200,eb4e78ad-6a4c-434e-99d2-b22c640d18c9,2026-07-31T14:00:00Z,2026-07-31T16:00:00+0200,348.07,MW,BE,BE,actual_offshore_wind_generation,Wind Offshore | Actual Aggregated,2026-08-05T13:16:55Z
2026-08-05T13:16:30Z,2026-08-05T15:16:30+0200,eb4e78ad-6a4c-434e-99d2-b22c640d18c9,2026-07-31T15:00:00Z,2026-07-31T17:00:00+0200,321.1925,MW,BE,BE,actual_offshore_wind_generation,Wind Offshore | Actual Aggregated,2026-08-05T13:16:55Z
2026-08-05T13:16:30Z,2026-08-05T15:16:30+0200,eb4e78ad-6a4c-434e-99d2-b22c640d18c9,2026-07-31T16:00:00Z,2026-07-31T18:00:00+0200,237.73,MW,BE,BE,actual_offshore_wind_generation,Wind Offshore | Actual Aggregated,2026-08-05T13:16:55Z
2026-08-05T13:16:30Z,2026-08-05T15:16:30+0200,eb4e78ad-6a4c-434e-99d2-b22c640d18c9,2026-07-31T17:00:00Z,2026-07-31T19:00:00+0200,277.275,MW,BE,BE,actual_offshore_wind_generation,Wind Offshore | Actual Aggregated,2026-08-05T13:16:55Z
2026-08-05T13:16:30Z,2026-08-05T15:16:30+0200,eb4e78ad-6a4c-434e-99d2-b22c640d18c9,2026-07-31T18:00:00Z,2026-07-31T20:00:00+0200,277.09,MW,BE,BE,actual_offshore_wind_generation,Wind Offshore | Actual Aggregated,2026-08-05T13:16:55Z
2026-08-05T13:16:30Z,2026-08-05T15:16:30+0200,eb4e78ad-6a4c-434e-99d2-b22c640d18c9,2026-07-31T19:00:00Z,2026-07-31T21:00:00+0200,164.9025,MW,BE,BE,actual_offshore_wind_generation,Wind Offshore | Actual Aggregated,2026-08-05T13:16:55Z
2026-08-05T13:16:30Z,2026-08-05T15:16:30+0200,eb4e78ad-6a4c-434e-99d2-b22c640d18c9,2026-07-31T20:00:00Z,2026-07-31T22:00:00+0200,86.56,MW,BE,BE,actual_offshore_wind_generation,Wind Offshore | Actual Aggregated,2026-08-05T13:16:55Z
2026-08-05T13:16:30Z,2026-08-05T15:16:30+0200,eb4e78ad-6a4c-434e-99d2-b22c640d18c9,2026-07-31T21:00:00Z,2026-07-31T23:00:00+0200,83.67,MW,BE,BE,actual_offshore_wind_generation,Wind Offshore | Actual Aggregated,2026-08-05T13:16:55Z
2026-08-05T13:16:30Z,2026-08-05T15:16:30+0200,eb4e78ad-6a4c-434e-99d2-b22c640d18c9,2026-07-31T22:00:00Z,2026-08-01T00:00:00+0200,42.9025,MW,BE,BE,actual_offshore_wind_generation,Wind Offshore | Actual Aggregated,2026-08-05T13:16:55Z
2026-08-05T13:16:30Z,2026-08-05T15:16:30+0200,eb4e78ad-6a4c-434e-99d2-b22c640d18c9,2026-07-31T23:00:00Z,2026-08-01T01:00:00+0200,5.975,MW,BE,BE,actual_offshore_wind_generation,Wind Offshore | Actual Aggregated,2026-08-05T13:16:55Z
2026-08-05T13:16:30Z,2026-08-05T15:16:30+0200,eb4e78ad-6a4c-434e-99d2-b22c640d18c9,2026-07-31T23:00:00Z,2026-08-01T01:00:00+0200,4.2,MW,BE,BE,actual_offshore_wind_generation,Wind Offshore | Actual Consumption,2026-08-05T13:16:55Z
2026-08-05T13:16:30Z,2026-08-05T15:16:30+0200,eb4e78ad-6a4c-434e-99d2-b22c640d18c9,2026-08-01T00:00:00Z,2026-08-01T02:00:00+0200,27.19,MW,BE,BE,actual_offshore_wind_generation,Wind Offshore | Actual Consumption,2026-08-05T13:16:55Z
2026-08-05T13:16:30Z,2026-08-05T15:16:30+0200,eb4e78ad-6a4c-434e-99d2-b22c640d18c9,2026-08-01T01:00:00Z,2026-08-01T03:00:00+0200,30.5925,MW,BE,BE,actual_offshore_wind_generation,Wind Offshore | Actual Consumption,2026-08-05T13:16:55Z
2026-08-05T13:16:30Z,2026-08-05T15:16:30+0200,eb4e78ad-6a4c-434e-99d2-b22c640d18c9,2026-08-01T02:00:00Z,2026-08-01T04:00:00+0200,30.0925,MW,BE,BE,actual_offshore_wind_generation,Wind Offshore | Actual Consumption,2026-08-05T13:16:55Z
2026-08-05T13:16:30Z,2026-08-05T15:16:30+0200,eb4e78ad-6a4c-434e-99d2-b22c640d18c9,2026-08-01T03:00:00Z,2026-08-01T05:00:00+0200,29.785,MW,BE,BE,actual_offshore_wind_generation,Wind Offshore | Actual Consumption,2026-08-05T13:16:55Z
2026-08-05T13:16:30Z,2026-08-05T15:16:30+0200,eb4e78ad-6a4c-434e-99d2-b22c640d18c9,2026-08-01T04:00:00Z,2026-08-01T06:00:00+0200,29.8525,MW,BE,BE,actual_offshore_wind_generation,Wind Offshore | Actual Consumption,2026-08-05T13:16:55Z
2026-08-05T13:16:30Z,2026-08-05T15:16:30+0200,eb4e78ad-6a4c-434e-99d2-b22c640d18c9,2026-08-01T05:00:00Z,2026-08-01T07:00:00+0200,29.565,MW,BE,BE,actual_offshore_wind_generation,Wind Offshore | Actual Consumption,2026-08-05T13:16:55Z
2026-08-05T13:16:30Z,2026-08-05T15:16:30+0200,eb4e78ad-6a4c-434e-99d2-b22c640d18c9,2026-08-01T06:00:00Z,2026-08-01T08:00:00+0200,27.27,MW,BE,BE,actual_offshore_wind_generation,Wind Offshore | Actual Consumption,2026-08-05T13:16:55Z
2026-08-05T13:16:30Z,2026-08-05T15:16:30+0200,eb4e78ad-6a4c-434e-99d2-b22c640d18c9,2026-08-01T07:00:00Z,2026-08-01T09:00:00+0200,3.365,MW,BE,BE,actual_offshore_wind_generation,Wind Offshore | Actual Aggregated,2026-08-05T13:16:55Z
2026-08-05T13:16:30Z,2026-08-05T15:16:30+0200,eb4e78ad-6a4c-434e-99d2-b22c640d18c9,2026-08-01T07:00:00Z,2026-08-01T09:00:00+0200,11.59,MW,BE,BE,actual_offshore_wind_generation,Wind Offshore | Actual Consumption,2026-08-05T13:16:55Z
2026-08-05T13:16:30Z,2026-08-05T15:16:30+0200,eb4e78ad-6a4c-434e-99d2-b22c640d18c9,2026-08-01T08:00:00Z,2026-08-01T10:00:00+0200,30.0725,MW,BE,BE,actual_offshore_wind_generation,Wind Offshore | Actual Consumption,2026-08-05T13:16:55Z
2026-08-05T13:16:30Z,2026-08-05T15:16:30+0200,eb4e78ad-6a4c-434e-99d2-b22c640d18c9,2026-08-01T09:00:00Z,2026-08-01T11:00:00+0200,29.6625,MW,BE,BE,actual_offshore_wind_generation,Wind Offshore | Actual Consumption,2026-08-05T13:16:55Z
2026-08-05T13:16:30Z,2026-08-05T15:16:30+0200,eb4e78ad-6a4c-434e-99d2-b22c640d18c9,2026-08-01T10:00:00Z,2026-08-01T12:00:00+0200,29.43,MW,BE,BE,actual_offshore_wind_generation,Wind Offshore | Actual Consumption,2026-08-05T13:16:55Z
2026-08-05T13:16:30Z,2026-08-05T15:16:30+0200,eb4e78ad-6a4c-434e-99d2-b22c640d18c9,2026-08-01T11:00:00Z,2026-08-01T13:00:00+0200,29.425,MW,BE,BE,actual_offshore_wind_generation,Wind Offshore | Actual Consumption,2026-08-05T13:16:55Z
2026-08-05T13:16:30Z,2026-08-05T15:16:30+0200,eb4e78ad-6a4c-434e-99d2-b22c640d18c9,2026-08-01T12:00:00Z,2026-08-01T14:00:00+0200,29.5525,MW,BE,BE,actual_offshore_wind_generation,Wind Offshore | Actual Consumption,2026-08-05T13:16:55Z
2026-08-05T13:16:30Z,2026-08-05T15:16:30+0200,eb4e78ad-6a4c-434e-99d2-b22c640d18c9,2026-08-01T13:00:00Z,2026-08-01T15:00:00+0200,29.46,MW,BE,BE,actual_offshore_wind_generation,Wind Offshore | Actual Consumption,2026-08-05T13:16:55Z
2026-08-05T13:16:30Z,2026-08-05T15:16:30+0200,eb4e78ad-6a4c-434e-99d2-b22c640d18c9,2026-08-01T14:00:00Z,2026-08-01T16:00:00+0200,22.2175,MW,BE,BE,actual_offshore_wind_generation,Wind Offshore | Actual Consumption,2026-08-05T13:16:55Z
2026-08-05T13:16:30Z,2026-08-05T15:16:30+0200,eb4e78ad-6a4c-434e-99d2-b22c640d18c9,2026-08-01T15:00:00Z,2026-08-01T17:00:00+0200,6.4175,MW,BE,BE,actual_offshore_wind_generation,Wind Offshore | Actual Aggregated,2026-08-05T13:16:55Z
2026-08-05T13:16:30Z,2026-08-05T15:16:30+0200,eb4e78ad-6a4c-434e-99d2-b22c640d18c9,2026-08-01T16:00:00Z,2026-08-01T18:00:00+0200,14.835,MW,BE,BE,actual_offshore_wind_generation,Wind Offshore | Actual Consumption,2026-08-05T13:16:55Z
2026-08-05T13:16:30Z,2026-08-05T15:16:30+0200,eb4e78ad-6a4c-434e-99d2-b22c640d18c9,2026-08-01T17:00:00Z,2026-08-01T19:00:00+0200,20.675,MW,BE,BE,actual_offshore_wind_generation,Wind Offshore | Actual Consumption,2026-08-05T13:16:55Z
2026-08-05T13:16:30Z,2026-08-05T15:16:30+0200,eb4e78ad-6a4c-434e-99d2-b22c640d18c9,2026-08-01T18:00:00Z,2026-08-01T20:00:00+0200,17.875,MW,BE,BE,actual_offshore_wind_generation,Wind Offshore | Actual Consumption,2026-08-05T13:16:55Z
2026-08-05T13:16:30Z,2026-08-05T15:16:30+0200,eb4e78ad-6a4c-434e-99d2-b22c640d18c9,2026-08-01T19:00:00Z,2026-08-01T21:00:00+0200,25.2375,MW,BE,BE,actual_offshore_wind_generation,Wind Offshore | Actual Consumption,2026-08-05T13:16:55Z
2026-08-05T13:16:30Z,2026-08-05T15:16:30+0200,eb4e78ad-6a4c-434e-99d2-b22c640d18c9,2026-08-01T20:00:00Z,2026-08-01T22:00:00+0200,25.575,MW,BE,BE,actual_offshore_wind_generation,Wind Offshore | Actual Consumption,2026-08-05T13:16:55Z
2026-08-05T13:16:30Z,2026-08-05T15:16:30+0200,eb4e78ad-6a4c-434e-99d2-b22c640d18c9,2026-08-01T21:00:00Z,2026-08-01T23:00:00+0200,26.515,MW,BE,BE,actual_offshore_wind_generation,Wind Offshore | Actual Consumption,2026-08-05T13:16:55Z
2026-08-05T13:16:30Z,2026-08-05T15:16:30+0200,eb4e78ad-6a4c-434e-99d2-b22c640d18c9,2026-08-01T22:00:00Z,2026-08-02T00:00:00+0200,17.81,MW,BE,BE,actual_offshore_wind_generation,Wind Offshore | Actual Consumption,2026-08-05T13:16:55Z
2026-08-05T13:16:30Z,2026-08-05T15:16:30+0200,eb4e78ad-6a4c-434e-99d2-b22c640d18c9,2026-08-01T23:00:00Z,2026-08-02T01:00:00+0200,8.4975,MW,BE,BE,actual_offshore_wind_generation,Wind Offshore | Actual Consumption,2026-08-05T13:16:55Z
2026-08-05T13:16:30Z,2026-08-05T15:16:30+0200,eb4e78ad-6a4c-434e-99d2-b22c640d18c9,2026-08-02T00:00:00Z,2026-08-02T02:00:00+0200,1.85,MW,BE,BE,actual_offshore_wind_generation,Wind Offshore | Actual Aggregated,2026-08-05T13:16:55Z
2026-08-05T13:16:30Z,2026-08-05T15:16:30+0200,eb4e78ad-6a4c-434e-99d2-b22c640d18c9,2026-08-02T01:00:00Z,2026-08-02T03:00:00+0200,23.7025,MW,BE,BE,actual_offshore_wind_generation,Wind Offshore | Actual Aggregated,2026-08-05T13:16:55Z
2026-08-05T13:16:30Z,2026-08-05T15:16:30+0200,eb4e78ad-6a4c-434e-99d2-b22c640d18c9,2026-08-02T02:00:00Z,2026-08-02T04:00:00+0200,65.97,MW,BE,BE,actual_offshore_wind_generation,Wind Offshore | Actual Aggregated,2026-08-05T13:16:55Z
2026-08-05T13:16:30Z,2026-08-05T15:16:30+0200,eb4e78ad-6a4c-434e-99d2-b22c640d18c9,2026-08-02T03:00:00Z,2026-08-02T05:00:00+0200,63.6775,MW,BE,BE,actual_offshore_wind_generation,Wind Offshore | Actual Aggregated,2026-08-05T13:16:55Z
2026-08-05T13:16:30Z,2026-08-05T15:16:30+0200,eb4e78ad-6a4c-434e-99d2-b22c640d18c9,2026-08-02T04:00:00Z,2026-08-02T06:00:00+0200,90.915,MW,BE,BE,actual_offshore_wind_generation,Wind Offshore | Actual Aggregated,2026-08-05T13:16:55Z
2026-08-05T13:16:30Z,2026-08-05T15:16:30+0200,eb4e78ad-6a4c-434e-99d2-b22c640d18c9,2026-08-02T05:00:00Z,2026-08-02T07:00:00+0200,91.625,MW,BE,BE,actual_offshore_wind_generation,Wind Offshore | Actual Aggregated,2026-08-05T13:16:55Z
2026-08-05T13:16:30Z,2026-08-05T15:16:30+0200,eb4e78ad-6a4c-434e-99d2-b22c640d18c9,2026-08-02T06:00:00Z,2026-08-02T08:00:00+0200,97.4125,MW,BE,BE,actual_offshore_wind_generation,Wind Offshore | Actual Aggregated,2026-08-05T13:16:55Z
2026-08-05T13:16:30Z,2026-08-05T15:16:30+0200,eb4e78ad-6a4c-434e-99d2-b22c640d18c9,2026-08-02T07:00:00Z,2026-08-02T09:00:00+0200,59.9325,MW,BE,BE,actual_offshore_wind_generation,Wind Offshore | Actual Aggregated,2026-08-05T13:16:55Z
2026-08-05T13:16:30Z,2026-08-05T15:16:30+0200,eb4e78ad-6a4c-434e-99d2-b22c640d18c9,2026-08-02T08:00:00Z,2026-08-02T10:00:00+0200,35.085,MW,BE,BE,actual_offshore_wind_generation,Wind Offshore | Actual Aggregated,2026-08-05T13:16:55Z
2026-08-05T13:16:30Z,2026-08-05T15:16:30+0200,eb4e78ad-6a4c-434e-99d2-b22c640d18c9,2026-08-02T09:00:00Z,2026-08-02T11:00:00+0200,32.22,MW,BE,BE,actual_offshore_wind_generation,Wind Offshore | Actual Aggregated,2026-08-05T13:16:55Z
2026-08-05T13:16:30Z,2026-08-05T15:16:30+0200,eb4e78ad-6a4c-434e-99d2-b22c640d18c9,2026-08-02T10:00:00Z,2026-08-02T12:00:00+0200,76.2825,MW,BE,BE,actual_offshore_wind_generation,Wind Offshore | Actual Aggregated,2026-08-05T13:16:55Z
2026-08-05T13:16:30Z,2026-08-05T15:16:30+0200,eb4e78ad-6a4c-434e-99d2-b22c640d18c9,2026-08-02T11:00:00Z,2026-08-02T13:00:00+0200,139.325,MW,BE,BE,actual_offshore_wind_generation,Wind Offshore | Actual Aggregated,2026-08-05T13:16:55Z
2026-08-05T13:16:30Z,2026-08-05T15:16:30+0200,eb4e78ad-6a4c-434e-99d2-b22c640d18c9,2026-08-02T12:00:00Z,2026-08-02T14:00:00+0200,217.7025,MW,BE,BE,actual_offshore_wind_generation,Wind Offshore | Actual Aggregated,2026-08-05T13:16:55Z
2026-08-05T13:16:30Z,2026-08-05T15:16:30+0200,eb4e78ad-6a4c-434e-99d2-b22c640d18c9,2026-08-02T13:00:00Z,2026-08-02T15:00:00+0200,382.57,MW,BE,BE,actual_offshore_wind_generation,Wind Offshore | Actual Aggregated,2026-08-05T13:16:55Z
2026-08-05T13:16:30Z,2026-08-05T15:16:30+0200,eb4e78ad-6a4c-434e-99d2-b22c640d18c9,2026-08-02T14:00:00Z,2026-08-02T16:00:00+0200,577.83,MW,BE,BE,actual_offshore_wind_generation,Wind Offshore | Actual Aggregated,2026-08-05T13:16:55Z
2026-08-05T13:16:30Z,2026-08-05T15:16:30+0200,eb4e78ad-6a4c-434e-99d2-b22c640d18c9,2026-08-02T15:00:00Z,2026-08-02T17:00:00+0200,707.7675,MW,BE,BE,actual_offshore_wind_generation,Wind Offshore | Actual Aggregated,2026-08-05T13:16:55Z
2026-08-05T13:16:30Z,2026-08-05T15:16:30+0200,eb4e78ad-6a4c-434e-99d2-b22c640d18c9,2026-08-02T16:00:00Z,2026-08-02T18:00:00+0200,838.9125,MW,BE,BE,actual_offshore_wind_generation,Wind Offshore | Actual Aggregated,2026-08-05T13:16:55Z
2026-08-05T13:16:30Z,2026-08-05T15:16:30+0200,eb4e78ad-6a4c-434e-99d2-b22c640d18c9,2026-08-02T17:00:00Z,2026-08-02T19:00:00+0200,1062.61,MW,BE,BE,actual_offshore_wind_generation,Wind Offshore | Actual Aggregated,2026-08-05T13:16:55Z
2026-08-05T13:16:30Z,2026-08-05T15:16:30+0200,eb4e78ad-6a4c-434e-99d2-b22c640d18c9,2026-08-02T18:00:00Z,2026-08-02T20:00:00+0200,1248.6125,MW,BE,BE,actual_offshore_wind_generation,Wind Offshore | Actual Aggregated,2026-08-05T13:16:55Z
2026-08-05T13:16:30Z,2026-08-05T15:16:30+0200,eb4e78ad-6a4c-434e-99d2-b22c640d18c9,2026-08-02T19:00:00Z,2026-08-02T21:00:00+0200,1296.6275,MW,BE,BE,actual_offshore_wind_generation,Wind Offshore | Actual Aggregated,2026-08-05T13:16:55Z
2026-08-05T13:16:30Z,2026-08-05T15:16:30+0200,eb4e78ad-6a4c-434e-99d2-b22c640d18c9,2026-08-02T20:00:00Z,2026-08-02T22:00:00+0200,1258.9675,MW,BE,BE,actual_offshore_wind_generation,Wind Offshore | Actual Aggregated,2026-08-05T13:16:55Z
2026-08-05T13:16:30Z,2026-08-05T15:16:30+0200,eb4e78ad-6a4c-434e-99d2-b22c640d18c9,2026-08-02T21:00:00Z,2026-08-02T23:00:00+0200,1274.8875,MW,BE,BE,actual_offshore_wind_generation,Wind Offshore | Actual Aggregated,2026-08-05T13:16:55Z
2026-08-05T13:16:30Z,2026-08-05T15:16:30+0200,eb4e78ad-6a4c-434e-99d2-b22c640d18c9,2026-08-02T22:00:00Z,2026-08-03T00:00:00+0200,1066.47975,MW,BE,BE,actual_offshore_wind_generation,Wind Offshore | Actual Aggregated,2026-08-05T13:16:55Z
2026-08-05T13:16:30Z,2026-08-05T15:16:30+0200,eb4e78ad-6a4c-434e-99d2-b22c640d18c9,2026-08-02T23:00:00Z,2026-08-03T01:00:00+0200,811.83275,MW,BE,BE,actual_offshore_wind_generation,Wind Offshore | Actual Aggregated,2026-08-05T13:16:55Z
2026-08-05T13:16:30Z,2026-08-05T15:16:30+0200,eb4e78ad-6a4c-434e-99d2-b22c640d18c9,2026-08-03T00:00:00Z,2026-08-03T02:00:00+0200,687.929,MW,BE,BE,actual_offshore_wind_generation,Wind Offshore | Actual Aggregated,2026-08-05T13:16:55Z
2026-08-05T13:16:30Z,2026-08-05T15:16:30+0200,eb4e78ad-6a4c-434e-99d2-b22c640d18c9,2026-08-03T01:00:00Z,2026-08-03T03:00:00+0200,619.67475,MW,BE,BE,actual_offshore_wind_generation,Wind Offshore | Actual Aggregated,2026-08-05T13:16:55Z
2026-08-05T13:16:30Z,2026-08-05T15:16:30+0200,eb4e78ad-6a4c-434e-99d2-b22c640d18c9,2026-08-03T02:00:00Z,2026-08-03T04:00:00+0200,542.495,MW,BE,BE,actual_offshore_wind_generation,Wind Offshore | Actual Aggregated,2026-08-05T13:16:55Z
2026-08-05T13:16:30Z,2026-08-05T15:16:30+0200,eb4e78ad-6a4c-434e-99d2-b22c640d18c9,2026-08-03T03:00:00Z,2026-08-03T05:00:00+0200,449.1945,MW,BE,BE,actual_offshore_wind_generation,Wind Offshore | Actual Aggregated,2026-08-05T13:16:55Z
2026-08-05T13:16:30Z,2026-08-05T15:16:30+0200,eb4e78ad-6a4c-434e-99d2-b22c640d18c9,2026-08-03T04:00:00Z,2026-08-03T06:00:00+0200,209.98175,MW,BE,BE,actual_offshore_wind_generation,Wind Offshore | Actual Aggregated,2026-08-05T13:16:55Z
2026-08-05T13:16:30Z,2026-08-05T15:16:30+0200,eb4e78ad-6a4c-434e-99d2-b22c640d18c9,2026-08-03T05:00:00Z,2026-08-03T07:00:00+0200,82.41225,MW,BE,BE,actual_offshore_wind_generation,Wind Offshore | Actual Aggregated,2026-08-05T13:16:55Z
2026-08-05T13:16:30Z,2026-08-05T15:16:30+0200,eb4e78ad-6a4c-434e-99d2-b22c640d18c9,2026-08-03T06:00:00Z,2026-08-03T08:00:00+0200,34.01525,MW,BE,BE,actual_offshore_wind_generation,Wind Offshore | Actual Aggregated,2026-08-05T13:16:55Z
2026-08-05T13:16:30Z,2026-08-05T15:16:30+0200,eb4e78ad-6a4c-434e-99d2-b22c640d18c9,2026-08-03T07:00:00Z,2026-08-03T09:00:00+0200,20.3,MW,BE,BE,actual_offshore_wind_generation,Wind Offshore | Actual Aggregated,2026-08-05T13:16:55Z
2026-08-05T13:16:30Z,2026-08-05T15:16:30+0200,eb4e78ad-6a4c-434e-99d2-b22c640d18c9,2026-08-03T08:00:00Z,2026-08-03T10:00:00+0200,6.34175,MW,BE,BE,actual_offshore_wind_generation,Wind Offshore | Actual Aggregated,2026-08-05T13:16:55Z
2026-08-05T13:16:30Z,2026-08-05T15:16:30+0200,eb4e78ad-6a4c-434e-99d2-b22c640d18c9,2026-08-03T09:00:00Z,2026-08-03T11:00:00+0200,4.052,MW,BE,BE,actual_offshore_wind_generation,Wind Offshore | Actual Aggregated,2026-08-05T13:16:55Z
2026-08-05T13:16:30Z,2026-08-05T15:16:30+0200,eb4e78ad-6a4c-434e-99d2-b22c640d18c9,2026-08-03T10:00:00Z,2026-08-03T12:00:00+0200,6.147,MW,BE,BE,actual_offshore_wind_generation,Wind Offshore | Actual Aggregated,2026-08-05T13:16:55Z
2026-08-05T13:16:30Z,2026-08-05T15:16:30+0200,eb4e78ad-6a4c-434e-99d2-b22c640d18c9,2026-08-03T11:00:00Z,2026-08-03T13:00:00+0200,14.18875,MW,BE,BE,actual_offshore_wind_generation,Wind Offshore | Actual Aggregated,2026-08-05T13:16:55Z
2026-08-05T13:16:30Z,2026-08-05T15:16:30+0200,eb4e78ad-6a4c-434e-99d2-b22c640d18c9,2026-08-03T12:00:00Z,2026-08-03T14:00:00+0200,33.334,MW,BE,BE,actual_offshore_wind_generation,Wind Offshore | Actual Aggregated,2026-08-05T13:16:55Z
2026-08-05T13:16:30Z,2026-08-05T15:16:30+0200,eb4e78ad-6a4c-434e-99d2-b22c640d18c9,2026-08-03T13:00:00Z,2026-08-03T15:00:00+0200,6.47275,MW,BE,BE,actual_offshore_wind_generation,Wind Offshore | Actual Aggregated,2026-08-05T13:16:55Z
2026-08-05T13:16:30Z,2026-08-05T15:16:30+0200,eb4e78ad-6a4c-434e-99d2-b22c640d18c9,2026-08-03T14:00:00Z,2026-08-03T16:00:00+0200,2.61075,MW,BE,BE,actual_offshore_wind_generation,Wind Offshore | Actual Aggregated,2026-08-05T13:16:55Z
2026-08-05T13:16:30Z,2026-08-05T15:16:30+0200,eb4e78ad-6a4c-434e-99d2-b22c640d18c9,2026-08-03T15:00:00Z,2026-08-03T17:00:00+0200,21.392,MW,BE,BE,actual_offshore_wind_generation,Wind Offshore | Actual Aggregated,2026-08-05T13:16:55Z
2026-08-05T13:16:30Z,2026-08-05T15:16:30+0200,eb4e78ad-6a4c-434e-99d2-b22c640d18c9,2026-08-03T16:00:00Z,2026-08-03T18:00:00+0200,71.90125,MW,BE,BE,actual_offshore_wind_generation,Wind Offshore | Actual Aggregated,2026-08-05T13:16:55Z
2026-08-05T13:16:30Z,2026-08-05T15:16:30+0200,eb4e78ad-6a4c-434e-99d2-b22c640d18c9,2026-08-03T17:00:00Z,2026-08-03T19:00:00+0200,55.00175,MW,BE,BE,actual_offshore_wind_generation,Wind Offshore | Actual Aggregated,2026-08-05T13:16:55Z
2026-08-05T13:16:30Z,2026-08-05T15:16:30+0200,eb4e78ad-6a4c-434e-99d2-b22c640d18c9,2026-08-03T18:00:00Z,2026-08-03T20:00:00+0200,56.78525,MW,BE,BE,actual_offshore_wind_generation,Wind Offshore | Actual Aggregated,2026-08-05T13:16:55Z
2026-08-05T13:16:30Z,2026-08-05T15:16:30+0200,eb4e78ad-6a4c-434e-99d2-b22c640d18c9,2026-08-03T19:00:00Z,2026-08-03T21:00:00+0200,124.83325,MW,BE,BE,actual_offshore_wind_generation,Wind Offshore | Actual Aggregated,2026-08-05T13:16:55Z
2026-08-05T13:16:30Z,2026-08-05T15:16:30+0200,eb4e78ad-6a4c-434e-99d2-b22c640d18c9,2026-08-03T20:00:00Z,2026-08-03T22:00:00+0200,107.32725,MW,BE,BE,actual_offshore_wind_generation,Wind Offshore | Actual Aggregated,2026-08-05T13:16:55Z
2026-08-05T13:16:30Z,2026-08-05T15:16:30+0200,eb4e78ad-6a4c-434e-99d2-b22c640d18c9,2026-08-03T21:00:00Z,2026-08-03T23:00:00+0200,17.75075,MW,BE,BE,actual_offshore_wind_generation,Wind Offshore | Actual Aggregated,2026-08-05T13:16:55Z
2026-08-05T13:16:30Z,2026-08-05T15:16:30+0200,eb4e78ad-6a4c-434e-99d2-b22c640d18c9,2026-08-03T22:00:00Z,2026-08-04T00:00:00+0200,6.738,MW,BE,BE,actual_offshore_wind_generation,Wind Offshore | Actual Aggregated,2026-08-05T13:16:55Z
2026-08-05T13:16:30Z,2026-08-05T15:16:30+0200,eb4e78ad-6a4c-434e-99d2-b22c640d18c9,2026-08-03T23:00:00Z,2026-08-04T01:00:00+0200,10.067,MW,BE,BE,actual_offshore_wind_generation,Wind Offshore | Actual Aggregated,2026-08-05T13:16:55Z
2026-08-05T13:16:30Z,2026-08-05T15:16:30+0200,eb4e78ad-6a4c-434e-99d2-b22c640d18c9,2026-08-04T00:00:00Z,2026-08-04T02:00:00+0200,38.85375,MW,BE,BE,actual_offshore_wind_generation,Wind Offshore | Actual Aggregated,2026-08-05T13:16:55Z
2026-08-05T13:16:30Z,2026-08-05T15:16:30+0200,eb4e78ad-6a4c-434e-99d2-b22c640d18c9,2026-08-04T01:00:00Z,2026-08-04T03:00:00+0200,65.903,MW,BE,BE,actual_offshore_wind_generation,Wind Offshore | Actual Aggregated,2026-08-05T13:16:55Z
2026-08-05T13:16:30Z,2026-08-05T15:16:30+0200,eb4e78ad-6a4c-434e-99d2-b22c640d18c9,2026-08-04T02:00:00Z,2026-08-04T04:00:00+0200,119.6525,MW,BE,BE,actual_offshore_wind_generation,Wind Offshore | Actual Aggregated,2026-08-05T13:16:55Z
2026-08-05T13:16:30Z,2026-08-05T15:16:30+0200,eb4e78ad-6a4c-434e-99d2-b22c640d18c9,2026-08-04T03:00:00Z,2026-08-04T05:00:00+0200,309.99975,MW,BE,BE,actual_offshore_wind_generation,Wind Offshore | Actual Aggregated,2026-08-05T13:16:55Z
2026-08-05T13:16:30Z,2026-08-05T15:16:30+0200,eb4e78ad-6a4c-434e-99d2-b22c640d18c9,2026-08-04T04:00:00Z,2026-08-04T06:00:00+0200,705.79375,MW,BE,BE,actual_offshore_wind_generation,Wind Offshore | Actual Aggregated,2026-08-05T13:16:55Z
2026-08-05T13:16:30Z,2026-08-05T15:16:30+0200,eb4e78ad-6a4c-434e-99d2-b22c640d18c9,2026-08-04T05:00:00Z,2026-08-04T07:00:00+0200,942.3775,MW,BE,BE,actual_offshore_wind_generation,Wind Offshore | Actual Aggregated,2026-08-05T13:16:55Z
2026-08-05T13:16:30Z,2026-08-05T15:16:30+0200,eb4e78ad-6a4c-434e-99d2-b22c640d18c9,2026-08-04T06:00:00Z,2026-08-04T08:00:00+0200,464.5755,MW,BE,BE,actual_offshore_wind_generation,Wind Offshore | Actual Aggregated,2026-08-05T13:16:55Z
2026-08-05T13:16:30Z,2026-08-05T15:16:30+0200,eb4e78ad-6a4c-434e-99d2-b22c640d18c9,2026-08-04T07:00:00Z,2026-08-04T09:00:00+0200,337.768,MW,BE,BE,actual_offshore_wind_generation,Wind Offshore | Actual Aggregated,2026-08-05T13:16:55Z
2026-08-05T13:16:30Z,2026-08-05T15:16:30+0200,eb4e78ad-6a4c-434e-99d2-b22c640d18c9,2026-08-04T08:00:00Z,2026-08-04T10:00:00+0200,333.69175,MW,BE,BE,actual_offshore_wind_generation,Wind Offshore | Actual Aggregated,2026-08-05T13:16:55Z
2026-08-05T13:16:30Z,2026-08-05T15:16:30+0200,eb4e78ad-6a4c-434e-99d2-b22c640d18c9,2026-08-04T09:00:00Z,2026-08-04T11:00:00+0200,203.1435,MW,BE,BE,actual_offshore_wind_generation,Wind Offshore | Actual Aggregated,2026-08-05T13:16:55Z
2026-08-05T13:16:30Z,2026-08-05T15:16:30+0200,eb4e78ad-6a4c-434e-99d2-b22c640d18c9,2026-08-04T10:00:00Z,2026-08-04T12:00:00+0200,101.02775,MW,BE,BE,actual_offshore_wind_generation,Wind Offshore | Actual Aggregated,2026-08-05T13:16:55Z
2026-08-05T13:16:30Z,2026-08-05T15:16:30+0200,eb4e78ad-6a4c-434e-99d2-b22c640d18c9,2026-08-04T11:00:00Z,2026-08-04T13:00:00+0200,214.42325,MW,BE,BE,actual_offshore_wind_generation,Wind Offshore | Actual Aggregated,2026-08-05T13:16:55Z
2026-08-05T13:16:30Z,2026-08-05T15:16:30+0200,eb4e78ad-6a4c-434e-99d2-b22c640d18c9,2026-08-04T12:00:00Z,2026-08-04T14:00:00+0200,262.885,MW,BE,BE,actual_offshore_wind_generation,Wind Offshore | Actual Aggregated,2026-08-05T13:16:55Z
2026-08-05T13:16:30Z,2026-08-05T15:16:30+0200,eb4e78ad-6a4c-434e-99d2-b22c640d18c9,2026-08-04T13:00:00Z,2026-08-04T15:00:00+0200,338.521,MW,BE,BE,actual_offshore_wind_generation,Wind Offshore | Actual Aggregated,2026-08-05T13:16:55Z
2026-08-05T13:16:30Z,2026-08-05T15:16:30+0200,eb4e78ad-6a4c-434e-99d2-b22c640d18c9,2026-08-04T14:00:00Z,2026-08-04T16:00:00+0200,1019.994,MW,BE,BE,actual_offshore_wind_generation,Wind Offshore | Actual Aggregated,2026-08-05T13:16:55Z
2026-08-05T13:16:30Z,2026-08-05T15:16:30+0200,eb4e78ad-6a4c-434e-99d2-b22c640d18c9,2026-08-04T15:00:00Z,2026-08-04T17:00:00+0200,1779.3125,MW,BE,BE,actual_offshore_wind_generation,Wind Offshore | Actual Aggregated,2026-08-05T13:16:55Z
2026-08-05T13:16:30Z,2026-08-05T15:16:30+0200,eb4e78ad-6a4c-434e-99d2-b22c640d18c9,2026-08-04T16:00:00Z,2026-08-04T18:00:00+0200,1919.2925,MW,BE,BE,actual_offshore_wind_generation,Wind Offshore | Actual Aggregated,2026-08-05T13:16:55Z
2026-08-05T13:16:30Z,2026-08-05T15:16:30+0200,eb4e78ad-6a4c-434e-99d2-b22c640d18c9,2026-08-04T17:00:00Z,2026-08-04T19:00:00+0200,1995.2895,MW,BE,BE,actual_offshore_wind_generation,Wind Offshore | Actual Aggregated,2026-08-05T13:16:55Z
2026-08-05T13:16:30Z,2026-08-05T15:16:30+0200,eb4e78ad-6a4c-434e-99d2-b22c640d18c9,2026-08-04T18:00:00Z,2026-08-04T20:00:00+0200,1871.14775,MW,BE,BE,actual_offshore_wind_generation,Wind Offshore | Actual Aggregated,2026-08-05T13:16:55Z
2026-08-05T13:16:30Z,2026-08-05T15:16:30+0200,eb4e78ad-6a4c-434e-99d2-b22c640d18c9,2026-08-04T19:00:00Z,2026-08-04T21:00:00+0200,1573.39775,MW,BE,BE,actual_offshore_wind_generation,Wind Offshore | Actual Aggregated,2026-08-05T13:16:55Z
2026-08-05T13:16:30Z,2026-08-05T15:16:30+0200,eb4e78ad-6a4c-434e-99d2-b22c640d18c9,2026-08-04T20:00:00Z,2026-08-04T22:00:00+0200,1412.65475,MW,BE,BE,actual_offshore_wind_generation,Wind Offshore | Actual Aggregated,2026-08-05T13:16:55Z
2026-08-05T13:16:30Z,2026-08-05T15:16:30+0200,eb4e78ad-6a4c-434e-99d2-b22c640d18c9,2026-08-04T21:00:00Z,2026-08-04T23:00:00+0200,1519.95525,MW,BE,BE,actual_offshore_wind_generation,Wind Offshore | Actual Aggregated,2026-08-05T13:16:55Z
2026-08-05T13:16:30Z,2026-08-05T15:16:30+0200,eb4e78ad-6a4c-434e-99d2-b22c640d18c9,2026-08-04T22:00:00Z,2026-08-05T00:00:00+0200,1573.8565,MW,BE,BE,actual_offshore_wind_generation,Wind Offshore | Actual Aggregated,2026-08-05T13:16:55Z
2026-08-05T13:16:30Z,2026-08-05T15:16:30+0200,eb4e78ad-6a4c-434e-99d2-b22c640d18c9,2026-08-04T23:00:00Z,2026-08-05T01:00:00+0200,1488.8985,MW,BE,BE,actual_offshore_wind_generation,Wind Offshore | Actual Aggregated,2026-08-05T13:16:55Z
2026-08-05T13:16:30Z,2026-08-05T15:16:30+0200,eb4e78ad-6a4c-434e-99d2-b22c640d18c9,2026-08-05T00:00:00Z,2026-08-05T02:00:00+0200,1518.909,MW,BE,BE,actual_offshore_wind_generation,Wind Offshore | Actual Aggregated,2026-08-05T13:16:55Z
2026-08-05T13:16:30Z,2026-08-05T15:16:30+0200,eb4e78ad-6a4c-434e-99d2-b22c640d18c9,2026-08-05T01:00:00Z,2026-08-05T03:00:00+0200,1337.11325,MW,BE,BE,actual_offshore_wind_generation,Wind Offshore | Actual Aggregated,2026-08-05T13:16:55Z
2026-08-05T13:16:30Z,2026-08-05T15:16:30+0200,eb4e78ad-6a4c-434e-99d2-b22c640d18c9,2026-08-05T02:00:00Z,2026-08-05T04:00:00+0200,1373.104,MW,BE,BE,actual_offshore_wind_generation,Wind Offshore | Actual Aggregated,2026-08-05T13:16:55Z
2026-08-05T13:16:30Z,2026-08-05T15:16:30+0200,eb4e78ad-6a4c-434e-99d2-b22c640d18c9,2026-08-05T03:00:00Z,2026-08-05T05:00:00+0200,1541.13975,MW,BE,BE,actual_offshore_wind_generation,Wind Offshore | Actual Aggregated,2026-08-05T13:16:55Z
2026-08-05T13:16:30Z,2026-08-05T15:16:30+0200,eb4e78ad-6a4c-434e-99d2-b22c640d18c9,2026-08-05T04:00:00Z,2026-08-05T06:00:00+0200,1845.678,MW,BE,BE,actual_offshore_wind_generation,Wind Offshore | Actual Aggregated,2026-08-05T13:16:55Z
2026-08-05T13:16:30Z,2026-08-05T15:16:30+0200,eb4e78ad-6a4c-434e-99d2-b22c640d18c9,2026-08-05T05:00:00Z,2026-08-05T07:00:00+0200,1784.73125,MW,BE,BE,actual_offshore_wind_generation,Wind Offshore | Actual Aggregated,2026-08-05T13:16:55Z
2026-08-05T13:16:30Z,2026-08-05T15:16:30+0200,eb4e78ad-6a4c-434e-99d2-b22c640d18c9,2026-08-05T06:00:00Z,2026-08-05T08:00:00+0200,1730.239,MW,BE,BE,actual_offshore_wind_generation,Wind Offshore | Actual Aggregated,2026-08-05T13:16:55Z
2026-08-05T13:16:30Z,2026-08-05T15:16:30+0200,eb4e78ad-6a4c-434e-99d2-b22c640d18c9,2026-08-05T07:00:00Z,2026-08-05T09:00:00+0200,1863.1385,MW,BE,BE,actual_offshore_wind_generation,Wind Offshore | Actual Aggregated,2026-08-05T13:16:55Z
2026-08-05T13:16:30Z,2026-08-05T15:16:30+0200,eb4e78ad-6a4c-434e-99d2-b22c640d18c9,2026-08-05T08:00:00Z,2026-08-05T10:00:00+0200,1909.979,MW,BE,BE,actual_offshore_wind_generation,Wind Offshore | Actual Aggregated,2026-08-05T13:16:55Z
2026-08-05T13:16:30Z,2026-08-05T15:16:30+0200,eb4e78ad-6a4c-434e-99d2-b22c640d18c9,2026-08-05T09:00:00Z,2026-08-05T11:00:00+0200,1845.4395,MW,BE,BE,actual_offshore_wind_generation,Wind Offshore | Actual Aggregated,2026-08-05T13:16:55Z
2026-08-05T13:16:30Z,2026-08-05T15:16:30+0200,eb4e78ad-6a4c-434e-99d2-b22c640d18c9,2026-08-05T10:00:00Z,2026-08-05T12:00:00+0200,1758.22825,MW,BE,BE,actual_offshore_wind_generation,Wind Offshore | Actual Aggregated,2026-08-05T13:16:55Z
2026-08-05T13:16:30Z,2026-08-05T15:16:30+0200,eb4e78ad-6a4c-434e-99d2-b22c640d18c9,2026-08-05T11:00:00Z,2026-08-05T13:00:00+0200,1702.20625,MW,BE,BE,actual_offshore_wind_generation,Wind Offshore | Actual Aggregated,2026-08-05T13:16:55Z
