collection_time_utc,collection_time_local,run_id,timestamp_utc,timestamp_local,value,unit,country,entsoe_area,variable,source,updated_at_utc
2026-09-15T05:40:07Z,2026-09-15T07:40:07+0200,329756bb-ddca-4bdb-84f8-48cbd89625fd,2026-09-08T06:00:00Z,2026-09-08T08:00:00+0200,679.126501,MW,BE,BE,forecast_solar_generation,Solar,2026-09-15T05:40:58Z
2026-09-15T05:40:07Z,2026-09-15T07:40:07+0200,329756bb-ddca-4bdb-84f8-48cbd89625fd,2026-09-08T07:00:00Z,2026-09-08T09:00:00+0200,1412.930251,MW,BE,BE,forecast_solar_generation,Solar,2026-09-15T05:40:58Z
2026-09-15T05:40:07Z,2026-09-15T07:40:07+0200,329756bb-ddca-4bdb-84f8-48cbd89625fd,2026-09-08T08:00:00Z,2026-09-08T10:00:00+0200,2157.025248,MW,BE,BE,forecast_solar_generation,Solar,2026-09-15T05:40:58Z
2026-09-15T05:40:07Z,2026-09-15T07:40:07+0200,329756bb-ddca-4bdb-84f8-48cbd89625fd,2026-09-08T09:00:00Z,2026-09-08T11:00:00+0200,2595.135501,MW,BE,BE,forecast_solar_generation,Solar,2026-09-15T05:40:58Z
2026-09-15T05:40:07Z,2026-09-15T07:40:07+0200,329756bb-ddca-4bdb-84f8-48cbd89625fd,2026-09-08T10:00:00Z,2026-09-08T12:00:00+0200,2865.961002,MW,BE,BE,forecast_solar_generation,Solar,2026-09-15T05:40:58Z
2026-09-15T05:40:07Z,2026-09-15T07:40:07+0200,329756bb-ddca-4bdb-84f8-48cbd89625fd,2026-09-08T11:00:00Z,2026-09-08T13:00:00+0200,2854.279499,MW,BE,BE,forecast_solar_generation,Solar,2026-09-15T05:40:58Z
2026-09-15T05:40:07Z,2026-09-15T07:40:07+0200,329756bb-ddca-4bdb-84f8-48cbd89625fd,2026-09-08T12:00:00Z,2026-09-08T14:00:00+0200,2475.8345,MW,BE,BE,forecast_solar_generation,Solar,2026-09-15T05:40:58Z
2026-09-15T05:40:07Z,2026-09-15T07:40:07+0200,329756bb-ddca-4bdb-84f8-48cbd89625fd,2026-09-08T13:00:00Z,2026-09-08T15:00:00+0200,1895.85325,MW,BE,BE,forecast_solar_generation,Solar,2026-09-15T05:40:58Z
2026-09-15T05:40:07Z,2026-09-15T07:40:07+0200,329756bb-ddca-4bdb-84f8-48cbd89625fd,2026-09-08T14:00:00Z,2026-09-08T16:00:00+0200,1282.697751,MW,BE,BE,forecast_solar_generation,Solar,2026-09-15T05:40:58Z
2026-09-15T05:40:07Z,2026-09-15T07:40:07+0200,329756bb-ddca-4bdb-84f8-48cbd89625fd,2026-09-08T15:00:00Z,2026-09-08T17:00:00+0200,809.761248,MW,BE,BE,forecast_solar_generation,Solar,2026-09-15T05:40:58Z
2026-09-15T05:40:07Z,2026-09-15T07:40:07+0200,329756bb-ddca-4bdb-84f8-48cbd89625fd,2026-09-08T16:00:00Z,2026-09-08T18:00:00+0200,449.94075,MW,BE,BE,forecast_solar_generation,Solar,2026-09-15T05:40:58Z
2026-09-15T05:40:07Z,2026-09-15T07:40:07+0200,329756bb-ddca-4bdb-84f8-48cbd89625fd,2026-09-08T17:00:00Z,2026-09-08T19:00:00+0200,134.078749,MW,BE,BE,forecast_solar_generation,Solar,2026-09-15T05:40:58Z
2026-09-15T05:40:07Z,2026-09-15T07:40:07+0200,329756bb-ddca-4bdb-84f8-48cbd89625fd,2026-09-08T18:00:00Z,2026-09-08T20:00:00+0200,2.151,MW,BE,BE,forecast_solar_generation,Solar,2026-09-15T05:40:58Z
2026-09-15T05:40:07Z,2026-09-15T07:40:07+0200,329756bb-ddca-4bdb-84f8-48cbd89625fd,2026-09-08T19:00:00Z,2026-09-08T21:00:00+0200,0.0,MW,BE,BE,forecast_solar_generation,Solar,2026-09-15T05:40:58Z
2026-09-15T05:40:07Z,2026-09-15T07:40:07+0200,329756bb-ddca-4bdb-84f8-48cbd89625fd,2026-09-08T20:00:00Z,2026-09-08T22:00:00+0200,0.0,MW,BE,BE,forecast_solar_generation,Solar,2026-09-15T05:40:58Z
2026-09-15T05:40:07Z,2026-09-15T07:40:07+0200,329756bb-ddca-4bdb-84f8-48cbd89625fd,2026-09-08T21:00:00Z,2026-09-08T23:00:00+0200,0.0,MW,BE,BE,forecast_solar_generation,Solar,2026-09-15T05:40:58Z
2026-09-15T05:40:07Z,2026-09-15T07:40:07+0200,329756bb-ddca-4bdb-84f8-48cbd89625fd,2026-09-08T22:00:00Z,2026-09-09T00:00:00+0200,0.0,MW,BE,BE,forecast_solar_generation,Solar,2026-09-15T05:40:58Z
2026-09-15T05:40:07Z,2026-09-15T07:40:07+0200,329756bb-ddca-4bdb-84f8-48cbd89625fd,2026-09-08T23:00:00Z,2026-09-09T01:00:00+0200,0.0,MW,BE,BE,forecast_solar_generation,Solar,2026-09-15T05:40:58Z
2026-09-15T05:40:07Z,2026-09-15T07:40:07+0200,329756bb-ddca-4bdb-84f8-48cbd89625fd,2026-09-09T00:00:00Z,2026-09-09T02:00:00+0200,0.0,MW,BE,BE,forecast_solar_generation,Solar,2026-09-15T05:40:58Z
2026-09-15T05:40:07Z,2026-09-15T07:40:07+0200,329756bb-ddca-4bdb-84f8-48cbd89625fd,2026-09-09T01:00:00Z,2026-09-09T03:00:00+0200,0.0,MW,BE,BE,forecast_solar_generation,Solar,2026-09-15T05:40:58Z
2026-09-15T05:40:07Z,2026-09-15T07:40:07+0200,329756bb-ddca-4bdb-84f8-48cbd89625fd,2026-09-09T02:00:00Z,2026-09-09T04:00:00+0200,0.0,MW,BE,BE,forecast_solar_generation,Solar,2026-09-15T05:40:58Z
2026-09-15T05:40:07Z,2026-09-15T07:40:07+0200,329756bb-ddca-4bdb-84f8-48cbd89625fd,2026-09-09T03:00:00Z,2026-09-09T05:00:00+0200,0.0,MW,BE,BE,forecast_solar_generation,Solar,2026-09-15T05:40:58Z
2026-09-15T05:40:07Z,2026-09-15T07:40:07+0200,329756bb-ddca-4bdb-84f8-48cbd89625fd,2026-09-09T04:00:00Z,2026-09-09T06:00:00+0200,0.0,MW,BE,BE,forecast_solar_generation,Solar,2026-09-15T05:40:58Z
2026-09-15T05:40:07Z,2026-09-15T07:40:07+0200,329756bb-ddca-4bdb-84f8-48cbd89625fd,2026-09-09T05:00:00Z,2026-09-09T07:00:00+0200,166.616749,MW,BE,BE,forecast_solar_generation,Solar,2026-09-15T05:40:58Z
2026-09-15T05:40:07Z,2026-09-15T07:40:07+0200,329756bb-ddca-4bdb-84f8-48cbd89625fd,2026-09-09T06:00:00Z,2026-09-09T08:00:00+0200,1277.606498,MW,BE,BE,forecast_solar_generation,Solar,2026-09-15T05:40:58Z
2026-09-15T05:40:07Z,2026-09-15T07:40:07+0200,329756bb-ddca-4bdb-84f8-48cbd89625fd,2026-09-09T07:00:00Z,2026-09-09T09:00:00+0200,2941.690006,MW,BE,BE,forecast_solar_generation,Solar,2026-09-15T05:40:58Z
2026-09-15T05:40:07Z,2026-09-15T07:40:07+0200,329756bb-ddca-4bdb-84f8-48cbd89625fd,2026-09-09T08:00:00Z,2026-09-09T10:00:00+0200,4171.593007,MW,BE,BE,forecast_solar_generation,Solar,2026-09-15T05:40:58Z
2026-09-15T05:40:07Z,2026-09-15T07:40:07+0200,329756bb-ddca-4bdb-84f8-48cbd89625fd,2026-09-09T09:00:00Z,2026-09-09T11:00:00+0200,4781.437502,MW,BE,BE,forecast_solar_generation,Solar,2026-09-15T05:40:58Z
2026-09-15T05:40:07Z,2026-09-15T07:40:07+0200,329756bb-ddca-4bdb-84f8-48cbd89625fd,2026-09-09T10:00:00Z,2026-09-09T12:00:00+0200,5013.997495,MW,BE,BE,forecast_solar_generation,Solar,2026-09-15T05:40:58Z
2026-09-15T05:40:07Z,2026-09-15T07:40:07+0200,329756bb-ddca-4bdb-84f8-48cbd89625fd,2026-09-09T11:00:00Z,2026-09-09T13:00:00+0200,4967.639753,MW,BE,BE,forecast_solar_generation,Solar,2026-09-15T05:40:58Z
2026-09-15T05:40:07Z,2026-09-15T07:40:07+0200,329756bb-ddca-4bdb-84f8-48cbd89625fd,2026-09-09T12:00:00Z,2026-09-09T14:00:00+0200,4637.571505,MW,BE,BE,forecast_solar_generation,Solar,2026-09-15T05:40:58Z
2026-09-15T05:40:07Z,2026-09-15T07:40:07+0200,329756bb-ddca-4bdb-84f8-48cbd89625fd,2026-09-09T13:00:00Z,2026-09-09T15:00:00+0200,3959.373499,MW,BE,BE,forecast_solar_generation,Solar,2026-09-15T05:40:58Z
2026-09-15T05:40:07Z,2026-09-15T07:40:07+0200,329756bb-ddca-4bdb-84f8-48cbd89625fd,2026-09-09T14:00:00Z,2026-09-09T16:00:00+0200,3200.61775,MW,BE,BE,forecast_solar_generation,Solar,2026-09-15T05:40:58Z
2026-09-15T05:40:07Z,2026-09-15T07:40:07+0200,329756bb-ddca-4bdb-84f8-48cbd89625fd,2026-09-09T15:00:00Z,2026-09-09T17:00:00+0200,2224.758,MW,BE,BE,forecast_solar_generation,Solar,2026-09-15T05:40:58Z
2026-09-15T05:40:07Z,2026-09-15T07:40:07+0200,329756bb-ddca-4bdb-84f8-48cbd89625fd,2026-09-09T16:00:00Z,2026-09-09T18:00:00+0200,1240.588001,MW,BE,BE,forecast_solar_generation,Solar,2026-09-15T05:40:58Z
2026-09-15T05:40:07Z,2026-09-15T07:40:07+0200,329756bb-ddca-4bdb-84f8-48cbd89625fd,2026-09-09T17:00:00Z,2026-09-09T19:00:00+0200,322.548249,MW,BE,BE,forecast_solar_generation,Solar,2026-09-15T05:40:58Z
2026-09-15T05:40:07Z,2026-09-15T07:40:07+0200,329756bb-ddca-4bdb-84f8-48cbd89625fd,2026-09-09T18:00:00Z,2026-09-09T20:00:00+0200,3.9805,MW,BE,BE,forecast_solar_generation,Solar,2026-09-15T05:40:58Z
2026-09-15T05:40:07Z,2026-09-15T07:40:07+0200,329756bb-ddca-4bdb-84f8-48cbd89625fd,2026-09-09T19:00:00Z,2026-09-09T21:00:00+0200,0.0,MW,BE,BE,forecast_solar_generation,Solar,2026-09-15T05:40:58Z
2026-09-15T05:40:07Z,2026-09-15T07:40:07+0200,329756bb-ddca-4bdb-84f8-48cbd89625fd,2026-09-09T20:00:00Z,2026-09-09T22:00:00+0200,0.0,MW,BE,BE,forecast_solar_generation,Solar,2026-09-15T05:40:58Z
2026-09-15T05:40:07Z,2026-09-15T07:40:07+0200,329756bb-ddca-4bdb-84f8-48cbd89625fd,2026-09-09T21:00:00Z,2026-09-09T23:00:00+0200,0.0,MW,BE,BE,forecast_solar_generation,Solar,2026-09-15T05:40:58Z
2026-09-15T05:40:07Z,2026-09-15T07:40:07+0200,329756bb-ddca-4bdb-84f8-48cbd89625fd,2026-09-09T22:00:00Z,2026-09-10T00:00:00+0200,0.0,MW,BE,BE,forecast_solar_generation,Solar,2026-09-15T05:40:58Z
2026-09-15T05:40:07Z,2026-09-15T07:40:07+0200,329756bb-ddca-4bdb-84f8-48cbd89625fd,2026-09-09T23:00:00Z,2026-09-10T01:00:00+0200,0.0,MW,BE,BE,forecast_solar_generation,Solar,2026-09-15T05:40:58Z
2026-09-15T05:40:07Z,2026-09-15T07:40:07+0200,329756bb-ddca-4bdb-84f8-48cbd89625fd,2026-09-10T00:00:00Z,2026-09-10T02:00:00+0200,0.0,MW,BE,BE,forecast_solar_generation,Solar,2026-09-15T05:40:58Z
2026-09-15T05:40:07Z,2026-09-15T07:40:07+0200,329756bb-ddca-4bdb-84f8-48cbd89625fd,2026-09-10T01:00:00Z,2026-09-10T03:00:00+0200,0.0,MW,BE,BE,forecast_solar_generation,Solar,2026-09-15T05:40:58Z
2026-09-15T05:40:07Z,2026-09-15T07:40:07+0200,329756bb-ddca-4bdb-84f8-48cbd89625fd,2026-09-10T02:00:00Z,2026-09-10T04:00:00+0200,0.0,MW,BE,BE,forecast_solar_generation,Solar,2026-09-15T05:40:58Z
2026-09-15T05:40:07Z,2026-09-15T07:40:07+0200,329756bb-ddca-4bdb-84f8-48cbd89625fd,2026-09-10T03:00:00Z,2026-09-10T05:00:00+0200,0.0,MW,BE,BE,forecast_solar_generation,Solar,2026-09-15T05:40:58Z
2026-09-15T05:40:07Z,2026-09-15T07:40:07+0200,329756bb-ddca-4bdb-84f8-48cbd89625fd,2026-09-10T04:00:00Z,2026-09-10T06:00:00+0200,0.0,MW,BE,BE,forecast_solar_generation,Solar,2026-09-15T05:40:58Z
2026-09-15T05:40:07Z,2026-09-15T07:40:07+0200,329756bb-ddca-4bdb-84f8-48cbd89625fd,2026-09-10T05:00:00Z,2026-09-10T07:00:00+0200,153.64825,MW,BE,BE,forecast_solar_generation,Solar,2026-09-15T05:40:58Z
2026-09-15T05:40:07Z,2026-09-15T07:40:07+0200,329756bb-ddca-4bdb-84f8-48cbd89625fd,2026-09-10T06:00:00Z,2026-09-10T08:00:00+0200,1267.935998,MW,BE,BE,forecast_solar_generation,Solar,2026-09-15T05:40:58Z
2026-09-15T05:40:07Z,2026-09-15T07:40:07+0200,329756bb-ddca-4bdb-84f8-48cbd89625fd,2026-09-10T07:00:00Z,2026-09-10T09:00:00+0200,3169.342499,MW,BE,BE,forecast_solar_generation,Solar,2026-09-15T05:40:58Z
2026-09-15T05:40:07Z,2026-09-15T07:40:07+0200,329756bb-ddca-4bdb-84f8-48cbd89625fd,2026-09-10T08:00:00Z,2026-09-10T10:00:00+0200,4881.526252,MW,BE,BE,forecast_solar_generation,Solar,2026-09-15T05:40:58Z
2026-09-15T05:40:07Z,2026-09-15T07:40:07+0200,329756bb-ddca-4bdb-84f8-48cbd89625fd,2026-09-10T09:00:00Z,2026-09-10T11:00:00+0200,5991.753255,MW,BE,BE,forecast_solar_generation,Solar,2026-09-15T05:40:58Z
2026-09-15T05:40:07Z,2026-09-15T07:40:07+0200,329756bb-ddca-4bdb-84f8-48cbd89625fd,2026-09-10T10:00:00Z,2026-09-10T12:00:00+0200,6225.334258,MW,BE,BE,forecast_solar_generation,Solar,2026-09-15T05:40:58Z
2026-09-15T05:40:07Z,2026-09-15T07:40:07+0200,329756bb-ddca-4bdb-84f8-48cbd89625fd,2026-09-10T11:00:00Z,2026-09-10T13:00:00+0200,5928.221248,MW,BE,BE,forecast_solar_generation,Solar,2026-09-15T05:40:58Z
2026-09-15T05:40:07Z,2026-09-15T07:40:07+0200,329756bb-ddca-4bdb-84f8-48cbd89625fd,2026-09-10T12:00:00Z,2026-09-10T14:00:00+0200,5330.265002,MW,BE,BE,forecast_solar_generation,Solar,2026-09-15T05:40:58Z
2026-09-15T05:40:07Z,2026-09-15T07:40:07+0200,329756bb-ddca-4bdb-84f8-48cbd89625fd,2026-09-10T13:00:00Z,2026-09-10T15:00:00+0200,4600.34126,MW,BE,BE,forecast_solar_generation,Solar,2026-09-15T05:40:58Z
2026-09-15T05:40:07Z,2026-09-15T07:40:07+0200,329756bb-ddca-4bdb-84f8-48cbd89625fd,2026-09-10T14:00:00Z,2026-09-10T16:00:00+0200,3718.251004,MW,BE,BE,forecast_solar_generation,Solar,2026-09-15T05:40:58Z
2026-09-15T05:40:07Z,2026-09-15T07:40:07+0200,329756bb-ddca-4bdb-84f8-48cbd89625fd,2026-09-10T15:00:00Z,2026-09-10T17:00:00+0200,2569.659754,MW,BE,BE,forecast_solar_generation,Solar,2026-09-15T05:40:58Z
2026-09-15T05:40:07Z,2026-09-15T07:40:07+0200,329756bb-ddca-4bdb-84f8-48cbd89625fd,2026-09-10T16:00:00Z,2026-09-10T18:00:00+0200,1355.422749,MW,BE,BE,forecast_solar_generation,Solar,2026-09-15T05:40:58Z
2026-09-15T05:40:07Z,2026-09-15T07:40:07+0200,329756bb-ddca-4bdb-84f8-48cbd89625fd,2026-09-10T17:00:00Z,2026-09-10T19:00:00+0200,324.4985,MW,BE,BE,forecast_solar_generation,Solar,2026-09-15T05:40:58Z
2026-09-15T05:40:07Z,2026-09-15T07:40:07+0200,329756bb-ddca-4bdb-84f8-48cbd89625fd,2026-09-10T18:00:00Z,2026-09-10T20:00:00+0200,2.56125,MW,BE,BE,forecast_solar_generation,Solar,2026-09-15T05:40:58Z
2026-09-15T05:40:07Z,2026-09-15T07:40:07+0200,329756bb-ddca-4bdb-84f8-48cbd89625fd,2026-09-10T19:00:00Z,2026-09-10T21:00:00+0200,0.0,MW,BE,BE,forecast_solar_generation,Solar,2026-09-15T05:40:58Z
2026-09-15T05:40:07Z,2026-09-15T07:40:07+0200,329756bb-ddca-4bdb-84f8-48cbd89625fd,2026-09-10T20:00:00Z,2026-09-10T22:00:00+0200,0.0,MW,BE,BE,forecast_solar_generation,Solar,2026-09-15T05:40:58Z
2026-09-15T05:40:07Z,2026-09-15T07:40:07+0200,329756bb-ddca-4bdb-84f8-48cbd89625fd,2026-09-10T21:00:00Z,2026-09-10T23:00:00+0200,0.0,MW,BE,BE,forecast_solar_generation,Solar,2026-09-15T05:40:58Z
2026-09-15T05:40:07Z,2026-09-15T07:40:07+0200,329756bb-ddca-4bdb-84f8-48cbd89625fd,2026-09-10T22:00:00Z,2026-09-11T00:00:00+0200,0.0,MW,BE,BE,forecast_solar_generation,Solar,2026-09-15T05:40:58Z
2026-09-15T05:40:07Z,2026-09-15T07:40:07+0200,329756bb-ddca-4bdb-84f8-48cbd89625fd,2026-09-10T23:00:00Z,2026-09-11T01:00:00+0200,0.0,MW,BE,BE,forecast_solar_generation,Solar,2026-09-15T05:40:58Z
2026-09-15T05:40:07Z,2026-09-15T07:40:07+0200,329756bb-ddca-4bdb-84f8-48cbd89625fd,2026-09-11T00:00:00Z,2026-09-11T02:00:00+0200,0.0,MW,BE,BE,forecast_solar_generation,Solar,2026-09-15T05:40:58Z
2026-09-15T05:40:07Z,2026-09-15T07:40:07+0200,329756bb-ddca-4bdb-84f8-48cbd89625fd,2026-09-11T01:00:00Z,2026-09-11T03:00:00+0200,0.0,MW,BE,BE,forecast_solar_generation,Solar,2026-09-15T05:40:58Z
2026-09-15T05:40:07Z,2026-09-15T07:40:07+0200,329756bb-ddca-4bdb-84f8-48cbd89625fd,2026-09-11T02:00:00Z,2026-09-11T04:00:00+0200,0.0,MW,BE,BE,forecast_solar_generation,Solar,2026-09-15T05:40:58Z
2026-09-15T05:40:07Z,2026-09-15T07:40:07+0200,329756bb-ddca-4bdb-84f8-48cbd89625fd,2026-09-11T03:00:00Z,2026-09-11T05:00:00+0200,0.0,MW,BE,BE,forecast_solar_generation,Solar,2026-09-15T05:40:58Z
2026-09-15T05:40:07Z,2026-09-15T07:40:07+0200,329756bb-ddca-4bdb-84f8-48cbd89625fd,2026-09-11T04:00:00Z,2026-09-11T06:00:00+0200,0.0,MW,BE,BE,forecast_solar_generation,Solar,2026-09-15T05:40:58Z
2026-09-15T05:40:07Z,2026-09-15T07:40:07+0200,329756bb-ddca-4bdb-84f8-48cbd89625fd,2026-09-11T05:00:00Z,2026-09-11T07:00:00+0200,60.726499,MW,BE,BE,forecast_solar_generation,Solar,2026-09-15T05:40:58Z
2026-09-15T05:40:07Z,2026-09-15T07:40:07+0200,329756bb-ddca-4bdb-84f8-48cbd89625fd,2026-09-11T06:00:00Z,2026-09-11T08:00:00+0200,394.795249,MW,BE,BE,forecast_solar_generation,Solar,2026-09-15T05:40:58Z
2026-09-15T05:40:07Z,2026-09-15T07:40:07+0200,329756bb-ddca-4bdb-84f8-48cbd89625fd,2026-09-11T07:00:00Z,2026-09-11T09:00:00+0200,904.091499,MW,BE,BE,forecast_solar_generation,Solar,2026-09-15T05:40:58Z
2026-09-15T05:40:07Z,2026-09-15T07:40:07+0200,329756bb-ddca-4bdb-84f8-48cbd89625fd,2026-09-11T08:00:00Z,2026-09-11T10:00:00+0200,1551.688497,MW,BE,BE,forecast_solar_generation,Solar,2026-09-15T05:40:58Z
2026-09-15T05:40:07Z,2026-09-15T07:40:07+0200,329756bb-ddca-4bdb-84f8-48cbd89625fd,2026-09-11T09:00:00Z,2026-09-11T11:00:00+0200,2229.400749,MW,BE,BE,forecast_solar_generation,Solar,2026-09-15T05:40:58Z
2026-09-15T05:40:07Z,2026-09-15T07:40:07+0200,329756bb-ddca-4bdb-84f8-48cbd89625fd,2026-09-11T10:00:00Z,2026-09-11T12:00:00+0200,2766.403995,MW,BE,BE,forecast_solar_generation,Solar,2026-09-15T05:40:58Z
2026-09-15T05:40:07Z,2026-09-15T07:40:07+0200,329756bb-ddca-4bdb-84f8-48cbd89625fd,2026-09-11T11:00:00Z,2026-09-11T13:00:00+0200,3180.575504,MW,BE,BE,forecast_solar_generation,Solar,2026-09-15T05:40:58Z
2026-09-15T05:40:07Z,2026-09-15T07:40:07+0200,329756bb-ddca-4bdb-84f8-48cbd89625fd,2026-09-11T12:00:00Z,2026-09-11T14:00:00+0200,3329.392505,MW,BE,BE,forecast_solar_generation,Solar,2026-09-15T05:40:58Z
2026-09-15T05:40:07Z,2026-09-15T07:40:07+0200,329756bb-ddca-4bdb-84f8-48cbd89625fd,2026-09-11T13:00:00Z,2026-09-11T15:00:00+0200,3176.193249,MW,BE,BE,forecast_solar_generation,Solar,2026-09-15T05:40:58Z
2026-09-15T05:40:07Z,2026-09-15T07:40:07+0200,329756bb-ddca-4bdb-84f8-48cbd89625fd,2026-09-11T14:00:00Z,2026-09-11T16:00:00+0200,2793.111997,MW,BE,BE,forecast_solar_generation,Solar,2026-09-15T05:40:58Z
2026-09-15T05:40:07Z,2026-09-15T07:40:07+0200,329756bb-ddca-4bdb-84f8-48cbd89625fd,2026-09-11T15:00:00Z,2026-09-11T17:00:00+0200,2131.74225,MW,BE,BE,forecast_solar_generation,Solar,2026-09-15T05:40:58Z
2026-09-15T05:40:07Z,2026-09-15T07:40:07+0200,329756bb-ddca-4bdb-84f8-48cbd89625fd,2026-09-11T16:00:00Z,2026-09-11T18:00:00+0200,1211.189501,MW,BE,BE,forecast_solar_generation,Solar,2026-09-15T05:40:58Z
2026-09-15T05:40:07Z,2026-09-15T07:40:07+0200,329756bb-ddca-4bdb-84f8-48cbd89625fd,2026-09-11T17:00:00Z,2026-09-11T19:00:00+0200,282.650749,MW,BE,BE,forecast_solar_generation,Solar,2026-09-15T05:40:58Z
2026-09-15T05:40:07Z,2026-09-15T07:40:07+0200,329756bb-ddca-4bdb-84f8-48cbd89625fd,2026-09-11T18:00:00Z,2026-09-11T20:00:00+0200,1.41375,MW,BE,BE,forecast_solar_generation,Solar,2026-09-15T05:40:58Z
2026-09-15T05:40:07Z,2026-09-15T07:40:07+0200,329756bb-ddca-4bdb-84f8-48cbd89625fd,2026-09-11T19:00:00Z,2026-09-11T21:00:00+0200,0.0,MW,BE,BE,forecast_solar_generation,Solar,2026-09-15T05:40:58Z
2026-09-15T05:40:07Z,2026-09-15T07:40:07+0200,329756bb-ddca-4bdb-84f8-48cbd89625fd,2026-09-11T20:00:00Z,2026-09-11T22:00:00+0200,0.0,MW,BE,BE,forecast_solar_generation,Solar,2026-09-15T05:40:58Z
2026-09-15T05:40:07Z,2026-09-15T07:40:07+0200,329756bb-ddca-4bdb-84f8-48cbd89625fd,2026-09-11T21:00:00Z,2026-09-11T23:00:00+0200,0.0,MW,BE,BE,forecast_solar_generation,Solar,2026-09-15T05:40:58Z
2026-09-15T05:40:07Z,2026-09-15T07:40:07+0200,329756bb-ddca-4bdb-84f8-48cbd89625fd,2026-09-11T22:00:00Z,2026-09-12T00:00:00+0200,0.0,MW,BE,BE,forecast_solar_generation,Solar,2026-09-15T05:40:58Z
2026-09-15T05:40:07Z,2026-09-15T07:40:07+0200,329756bb-ddca-4bdb-84f8-48cbd89625fd,2026-09-11T23:00:00Z,2026-09-12T01:00:00+0200,0.0,MW,BE,BE,forecast_solar_generation,Solar,2026-09-15T05:40:58Z
2026-09-15T05:40:07Z,2026-09-15T07:40:07+0200,329756bb-ddca-4bdb-84f8-48cbd89625fd,2026-09-12T00:00:00Z,2026-09-12T02:00:00+0200,0.0,MW,BE,BE,forecast_solar_generation,Solar,2026-09-15T05:40:58Z
2026-09-15T05:40:07Z,2026-09-15T07:40:07+0200,329756bb-ddca-4bdb-84f8-48cbd89625fd,2026-09-12T01:00:00Z,2026-09-12T03:00:00+0200,0.0,MW,BE,BE,forecast_solar_generation,Solar,2026-09-15T05:40:58Z
2026-09-15T05:40:07Z,2026-09-15T07:40:07+0200,329756bb-ddca-4bdb-84f8-48cbd89625fd,2026-09-12T02:00:00Z,2026-09-12T04:00:00+0200,0.0,MW,BE,BE,forecast_solar_generation,Solar,2026-09-15T05:40:58Z
2026-09-15T05:40:07Z,2026-09-15T07:40:07+0200,329756bb-ddca-4bdb-84f8-48cbd89625fd,2026-09-12T03:00:00Z,2026-09-12T05:00:00+0200,0.0,MW,BE,BE,forecast_solar_generation,Solar,2026-09-15T05:40:58Z
2026-09-15T05:40:07Z,2026-09-15T07:40:07+0200,329756bb-ddca-4bdb-84f8-48cbd89625fd,2026-09-12T04:00:00Z,2026-09-12T06:00:00+0200,0.0,MW,BE,BE,forecast_solar_generation,Solar,2026-09-15T05:40:58Z
2026-09-15T05:40:07Z,2026-09-15T07:40:07+0200,329756bb-ddca-4bdb-84f8-48cbd89625fd,2026-09-12T05:00:00Z,2026-09-12T07:00:00+0200,113.0155,MW,BE,BE,forecast_solar_generation,Solar,2026-09-15T05:40:58Z
2026-09-15T05:40:07Z,2026-09-15T07:40:07+0200,329756bb-ddca-4bdb-84f8-48cbd89625fd,2026-09-12T06:00:00Z,2026-09-12T08:00:00+0200,885.7505,MW,BE,BE,forecast_solar_generation,Solar,2026-09-15T05:40:58Z
2026-09-15T05:40:07Z,2026-09-15T07:40:07+0200,329756bb-ddca-4bdb-84f8-48cbd89625fd,2026-09-12T07:00:00Z,2026-09-12T09:00:00+0200,2077.229498,MW,BE,BE,forecast_solar_generation,Solar,2026-09-15T05:40:58Z
2026-09-15T05:40:07Z,2026-09-15T07:40:07+0200,329756bb-ddca-4bdb-84f8-48cbd89625fd,2026-09-12T08:00:00Z,2026-09-12T10:00:00+0200,3360.088003,MW,BE,BE,forecast_solar_generation,Solar,2026-09-15T05:40:58Z
2026-09-15T05:40:07Z,2026-09-15T07:40:07+0200,329756bb-ddca-4bdb-84f8-48cbd89625fd,2026-09-12T09:00:00Z,2026-09-12T11:00:00+0200,4519.859996,MW,BE,BE,forecast_solar_generation,Solar,2026-09-15T05:40:58Z
2026-09-15T05:40:07Z,2026-09-15T07:40:07+0200,329756bb-ddca-4bdb-84f8-48cbd89625fd,2026-09-12T10:00:00Z,2026-09-12T12:00:00+0200,5344.368256,MW,BE,BE,forecast_solar_generation,Solar,2026-09-15T05:40:58Z
2026-09-15T05:40:07Z,2026-09-15T07:40:07+0200,329756bb-ddca-4bdb-84f8-48cbd89625fd,2026-09-12T11:00:00Z,2026-09-12T13:00:00+0200,5608.22526,MW,BE,BE,forecast_solar_generation,Solar,2026-09-15T05:40:58Z
2026-09-15T05:40:07Z,2026-09-15T07:40:07+0200,329756bb-ddca-4bdb-84f8-48cbd89625fd,2026-09-12T12:00:00Z,2026-09-12T14:00:00+0200,5435.970246,MW,BE,BE,forecast_solar_generation,Solar,2026-09-15T05:40:58Z
2026-09-15T05:40:07Z,2026-09-15T07:40:07+0200,329756bb-ddca-4bdb-84f8-48cbd89625fd,2026-09-12T13:00:00Z,2026-09-12T15:00:00+0200,4890.086256,MW,BE,BE,forecast_solar_generation,Solar,2026-09-15T05:40:58Z
2026-09-15T05:40:07Z,2026-09-15T07:40:07+0200,329756bb-ddca-4bdb-84f8-48cbd89625fd,2026-09-12T14:00:00Z,2026-09-12T16:00:00+0200,4055.175248,MW,BE,BE,forecast_solar_generation,Solar,2026-09-15T05:40:58Z
2026-09-15T05:40:07Z,2026-09-15T07:40:07+0200,329756bb-ddca-4bdb-84f8-48cbd89625fd,2026-09-12T15:00:00Z,2026-09-12T17:00:00+0200,2806.880254,MW,BE,BE,forecast_solar_generation,Solar,2026-09-15T05:40:58Z
2026-09-15T05:40:07Z,2026-09-15T07:40:07+0200,329756bb-ddca-4bdb-84f8-48cbd89625fd,2026-09-12T16:00:00Z,2026-09-12T18:00:00+0200,1398.264751,MW,BE,BE,forecast_solar_generation,Solar,2026-09-15T05:40:58Z
2026-09-15T05:40:07Z,2026-09-15T07:40:07+0200,329756bb-ddca-4bdb-84f8-48cbd89625fd,2026-09-12T17:00:00Z,2026-09-12T19:00:00+0200,293.119499,MW,BE,BE,forecast_solar_generation,Solar,2026-09-15T05:40:58Z
2026-09-15T05:40:07Z,2026-09-15T07:40:07+0200,329756bb-ddca-4bdb-84f8-48cbd89625fd,2026-09-12T18:00:00Z,2026-09-12T20:00:00+0200,0.598,MW,BE,BE,forecast_solar_generation,Solar,2026-09-15T05:40:58Z
2026-09-15T05:40:07Z,2026-09-15T07:40:07+0200,329756bb-ddca-4bdb-84f8-48cbd89625fd,2026-09-12T19:00:00Z,2026-09-12T21:00:00+0200,0.0,MW,BE,BE,forecast_solar_generation,Solar,2026-09-15T05:40:58Z
2026-09-15T05:40:07Z,2026-09-15T07:40:07+0200,329756bb-ddca-4bdb-84f8-48cbd89625fd,2026-09-12T20:00:00Z,2026-09-12T22:00:00+0200,0.0,MW,BE,BE,forecast_solar_generation,Solar,2026-09-15T05:40:58Z
2026-09-15T05:40:07Z,2026-09-15T07:40:07+0200,329756bb-ddca-4bdb-84f8-48cbd89625fd,2026-09-12T21:00:00Z,2026-09-12T23:00:00+0200,0.0,MW,BE,BE,forecast_solar_generation,Solar,2026-09-15T05:40:58Z
2026-09-15T05:40:07Z,2026-09-15T07:40:07+0200,329756bb-ddca-4bdb-84f8-48cbd89625fd,2026-09-12T22:00:00Z,2026-09-13T00:00:00+0200,0.0,MW,BE,BE,forecast_solar_generation,Solar,2026-09-15T05:40:58Z
2026-09-15T05:40:07Z,2026-09-15T07:40:07+0200,329756bb-ddca-4bdb-84f8-48cbd89625fd,2026-09-12T23:00:00Z,2026-09-13T01:00:00+0200,0.0,MW,BE,BE,forecast_solar_generation,Solar,2026-09-15T05:40:58Z
2026-09-15T05:40:07Z,2026-09-15T07:40:07+0200,329756bb-ddca-4bdb-84f8-48cbd89625fd,2026-09-13T00:00:00Z,2026-09-13T02:00:00+0200,0.0,MW,BE,BE,forecast_solar_generation,Solar,2026-09-15T05:40:58Z
2026-09-15T05:40:07Z,2026-09-15T07:40:07+0200,329756bb-ddca-4bdb-84f8-48cbd89625fd,2026-09-13T01:00:00Z,2026-09-13T03:00:00+0200,0.0,MW,BE,BE,forecast_solar_generation,Solar,2026-09-15T05:40:58Z
2026-09-15T05:40:07Z,2026-09-15T07:40:07+0200,329756bb-ddca-4bdb-84f8-48cbd89625fd,2026-09-13T02:00:00Z,2026-09-13T04:00:00+0200,0.0,MW,BE,BE,forecast_solar_generation,Solar,2026-09-15T05:40:58Z
2026-09-15T05:40:07Z,2026-09-15T07:40:07+0200,329756bb-ddca-4bdb-84f8-48cbd89625fd,2026-09-13T03:00:00Z,2026-09-13T05:00:00+0200,0.0,MW,BE,BE,forecast_solar_generation,Solar,2026-09-15T05:40:58Z
2026-09-15T05:40:07Z,2026-09-15T07:40:07+0200,329756bb-ddca-4bdb-84f8-48cbd89625fd,2026-09-13T04:00:00Z,2026-09-13T06:00:00+0200,0.0,MW,BE,BE,forecast_solar_generation,Solar,2026-09-15T05:40:58Z
2026-09-15T05:40:07Z,2026-09-15T07:40:07+0200,329756bb-ddca-4bdb-84f8-48cbd89625fd,2026-09-13T05:00:00Z,2026-09-13T07:00:00+0200,29.28575,MW,BE,BE,forecast_solar_generation,Solar,2026-09-15T05:40:58Z
2026-09-15T05:40:07Z,2026-09-15T07:40:07+0200,329756bb-ddca-4bdb-84f8-48cbd89625fd,2026-09-13T06:00:00Z,2026-09-13T08:00:00+0200,202.328749,MW,BE,BE,forecast_solar_generation,Solar,2026-09-15T05:40:58Z
2026-09-15T05:40:07Z,2026-09-15T07:40:07+0200,329756bb-ddca-4bdb-84f8-48cbd89625fd,2026-09-13T07:00:00Z,2026-09-13T09:00:00+0200,417.457249,MW,BE,BE,forecast_solar_generation,Solar,2026-09-15T05:40:58Z
2026-09-15T05:40:07Z,2026-09-15T07:40:07+0200,329756bb-ddca-4bdb-84f8-48cbd89625fd,2026-09-13T08:00:00Z,2026-09-13T10:00:00+0200,601.623249,MW,BE,BE,forecast_solar_generation,Solar,2026-09-15T05:40:58Z
2026-09-15T05:40:07Z,2026-09-15T07:40:07+0200,329756bb-ddca-4bdb-84f8-48cbd89625fd,2026-09-13T09:00:00Z,2026-09-13T11:00:00+0200,747.256249,MW,BE,BE,forecast_solar_generation,Solar,2026-09-15T05:40:58Z
2026-09-15T05:40:07Z,2026-09-15T07:40:07+0200,329756bb-ddca-4bdb-84f8-48cbd89625fd,2026-09-13T10:00:00Z,2026-09-13T12:00:00+0200,883.820501,MW,BE,BE,forecast_solar_generation,Solar,2026-09-15T05:40:58Z
2026-09-15T05:40:07Z,2026-09-15T07:40:07+0200,329756bb-ddca-4bdb-84f8-48cbd89625fd,2026-09-13T11:00:00Z,2026-09-13T13:00:00+0200,973.455249,MW,BE,BE,forecast_solar_generation,Solar,2026-09-15T05:40:58Z
2026-09-15T05:40:07Z,2026-09-15T07:40:07+0200,329756bb-ddca-4bdb-84f8-48cbd89625fd,2026-09-13T12:00:00Z,2026-09-13T14:00:00+0200,1142.907497,MW,BE,BE,forecast_solar_generation,Solar,2026-09-15T05:40:58Z
2026-09-15T05:40:07Z,2026-09-15T07:40:07+0200,329756bb-ddca-4bdb-84f8-48cbd89625fd,2026-09-13T13:00:00Z,2026-09-13T15:00:00+0200,1322.120499,MW,BE,BE,forecast_solar_generation,Solar,2026-09-15T05:40:58Z
2026-09-15T05:40:07Z,2026-09-15T07:40:07+0200,329756bb-ddca-4bdb-84f8-48cbd89625fd,2026-09-13T14:00:00Z,2026-09-13T16:00:00+0200,1310.161252,MW,BE,BE,forecast_solar_generation,Solar,2026-09-15T05:40:58Z
2026-09-15T05:40:07Z,2026-09-15T07:40:07+0200,329756bb-ddca-4bdb-84f8-48cbd89625fd,2026-09-13T15:00:00Z,2026-09-13T17:00:00+0200,1079.28275,MW,BE,BE,forecast_solar_generation,Solar,2026-09-15T05:40:58Z
2026-09-15T05:40:07Z,2026-09-15T07:40:07+0200,329756bb-ddca-4bdb-84f8-48cbd89625fd,2026-09-13T16:00:00Z,2026-09-13T18:00:00+0200,640.074499,MW,BE,BE,forecast_solar_generation,Solar,2026-09-15T05:40:58Z
2026-09-15T05:40:07Z,2026-09-15T07:40:07+0200,329756bb-ddca-4bdb-84f8-48cbd89625fd,2026-09-13T17:00:00Z,2026-09-13T19:00:00+0200,148.15125,MW,BE,BE,forecast_solar_generation,Solar,2026-09-15T05:40:58Z
2026-09-15T05:40:07Z,2026-09-15T07:40:07+0200,329756bb-ddca-4bdb-84f8-48cbd89625fd,2026-09-13T18:00:00Z,2026-09-13T20:00:00+0200,0.0795,MW,BE,BE,forecast_solar_generation,Solar,2026-09-15T05:40:58Z
2026-09-15T05:40:07Z,2026-09-15T07:40:07+0200,329756bb-ddca-4bdb-84f8-48cbd89625fd,2026-09-13T19:00:00Z,2026-09-13T21:00:00+0200,0.0,MW,BE,BE,forecast_solar_generation,Solar,2026-09-15T05:40:58Z
2026-09-15T05:40:07Z,2026-09-15T07:40:07+0200,329756bb-ddca-4bdb-84f8-48cbd89625fd,2026-09-13T20:00:00Z,2026-09-13T22:00:00+0200,0.0,MW,BE,BE,forecast_solar_generation,Solar,2026-09-15T05:40:58Z
2026-09-15T05:40:07Z,2026-09-15T07:40:07+0200,329756bb-ddca-4bdb-84f8-48cbd89625fd,2026-09-13T21:00:00Z,2026-09-13T23:00:00+0200,0.0,MW,BE,BE,forecast_solar_generation,Solar,2026-09-15T05:40:58Z
2026-09-15T05:40:07Z,2026-09-15T07:40:07+0200,329756bb-ddca-4bdb-84f8-48cbd89625fd,2026-09-13T22:00:00Z,2026-09-14T00:00:00+0200,0.0,MW,BE,BE,forecast_solar_generation,Solar,2026-09-15T05:40:58Z
2026-09-15T05:40:07Z,2026-09-15T07:40:07+0200,329756bb-ddca-4bdb-84f8-48cbd89625fd,2026-09-13T23:00:00Z,2026-09-14T01:00:00+0200,0.0,MW,BE,BE,forecast_solar_generation,Solar,2026-09-15T05:40:58Z
2026-09-15T05:40:07Z,2026-09-15T07:40:07+0200,329756bb-ddca-4bdb-84f8-48cbd89625fd,2026-09-14T00:00:00Z,2026-09-14T02:00:00+0200,0.0,MW,BE,BE,forecast_solar_generation,Solar,2026-09-15T05:40:58Z
2026-09-15T05:40:07Z,2026-09-15T07:40:07+0200,329756bb-ddca-4bdb-84f8-48cbd89625fd,2026-09-14T01:00:00Z,2026-09-14T03:00:00+0200,0.0,MW,BE,BE,forecast_solar_generation,Solar,2026-09-15T05:40:58Z
2026-09-15T05:40:07Z,2026-09-15T07:40:07+0200,329756bb-ddca-4bdb-84f8-48cbd89625fd,2026-09-14T02:00:00Z,2026-09-14T04:00:00+0200,0.0,MW,BE,BE,forecast_solar_generation,Solar,2026-09-15T05:40:58Z
2026-09-15T05:40:07Z,2026-09-15T07:40:07+0200,329756bb-ddca-4bdb-84f8-48cbd89625fd,2026-09-14T03:00:00Z,2026-09-14T05:00:00+0200,0.0,MW,BE,BE,forecast_solar_generation,Solar,2026-09-15T05:40:58Z
2026-09-15T05:40:07Z,2026-09-15T07:40:07+0200,329756bb-ddca-4bdb-84f8-48cbd89625fd,2026-09-14T04:00:00Z,2026-09-14T06:00:00+0200,0.0,MW,BE,BE,forecast_solar_generation,Solar,2026-09-15T05:40:58Z
2026-09-15T05:40:07Z,2026-09-15T07:40:07+0200,329756bb-ddca-4bdb-84f8-48cbd89625fd,2026-09-14T05:00:00Z,2026-09-14T07:00:00+0200,46.365,MW,BE,BE,forecast_solar_generation,Solar,2026-09-15T05:40:58Z
2026-09-15T05:40:07Z,2026-09-15T07:40:07+0200,329756bb-ddca-4bdb-84f8-48cbd89625fd,2026-09-14T06:00:00Z,2026-09-14T08:00:00+0200,358.29975,MW,BE,BE,forecast_solar_generation,Solar,2026-09-15T05:40:58Z
2026-09-15T05:40:07Z,2026-09-15T07:40:07+0200,329756bb-ddca-4bdb-84f8-48cbd89625fd,2026-09-14T07:00:00Z,2026-09-14T09:00:00+0200,780.11125,MW,BE,BE,forecast_solar_generation,Solar,2026-09-15T05:40:58Z
2026-09-15T05:40:07Z,2026-09-15T07:40:07+0200,329756bb-ddca-4bdb-84f8-48cbd89625fd,2026-09-14T08:00:00Z,2026-09-14T10:00:00+0200,1257.909748,MW,BE,BE,forecast_solar_generation,Solar,2026-09-15T05:40:58Z
2026-09-15T05:40:07Z,2026-09-15T07:40:07+0200,329756bb-ddca-4bdb-84f8-48cbd89625fd,2026-09-14T09:00:00Z,2026-09-14T11:00:00+0200,1778.843251,MW,BE,BE,forecast_solar_generation,Solar,2026-09-15T05:40:58Z
2026-09-15T05:40:07Z,2026-09-15T07:40:07+0200,329756bb-ddca-4bdb-84f8-48cbd89625fd,2026-09-14T10:00:00Z,2026-09-14T12:00:00+0200,2303.689498,MW,BE,BE,forecast_solar_generation,Solar,2026-09-15T05:40:58Z
2026-09-15T05:40:07Z,2026-09-15T07:40:07+0200,329756bb-ddca-4bdb-84f8-48cbd89625fd,2026-09-14T11:00:00Z,2026-09-14T13:00:00+0200,2715.086749,MW,BE,BE,forecast_solar_generation,Solar,2026-09-15T05:40:58Z
2026-09-15T05:40:07Z,2026-09-15T07:40:07+0200,329756bb-ddca-4bdb-84f8-48cbd89625fd,2026-09-14T12:00:00Z,2026-09-14T14:00:00+0200,2953.270499,MW,BE,BE,forecast_solar_generation,Solar,2026-09-15T05:40:58Z
2026-09-15T05:40:07Z,2026-09-15T07:40:07+0200,329756bb-ddca-4bdb-84f8-48cbd89625fd,2026-09-14T13:00:00Z,2026-09-14T15:00:00+0200,2894.020751,MW,BE,BE,forecast_solar_generation,Solar,2026-09-15T05:40:58Z
2026-09-15T05:40:07Z,2026-09-15T07:40:07+0200,329756bb-ddca-4bdb-84f8-48cbd89625fd,2026-09-14T14:00:00Z,2026-09-14T16:00:00+0200,2528.759498,MW,BE,BE,forecast_solar_generation,Solar,2026-09-15T05:40:58Z
2026-09-15T05:40:07Z,2026-09-15T07:40:07+0200,329756bb-ddca-4bdb-84f8-48cbd89625fd,2026-09-14T15:00:00Z,2026-09-14T17:00:00+0200,1913.994502,MW,BE,BE,forecast_solar_generation,Solar,2026-09-15T05:40:58Z
2026-09-15T05:40:07Z,2026-09-15T07:40:07+0200,329756bb-ddca-4bdb-84f8-48cbd89625fd,2026-09-14T16:00:00Z,2026-09-14T18:00:00+0200,1051.855498,MW,BE,BE,forecast_solar_generation,Solar,2026-09-15T05:40:58Z
2026-09-15T05:40:07Z,2026-09-15T07:40:07+0200,329756bb-ddca-4bdb-84f8-48cbd89625fd,2026-09-14T17:00:00Z,2026-09-14T19:00:00+0200,210.2535,MW,BE,BE,forecast_solar_generation,Solar,2026-09-15T05:40:58Z
2026-09-15T05:40:07Z,2026-09-15T07:40:07+0200,329756bb-ddca-4bdb-84f8-48cbd89625fd,2026-09-14T18:00:00Z,2026-09-14T20:00:00+0200,0.00475,MW,BE,BE,forecast_solar_generation,Solar,2026-09-15T05:40:58Z
2026-09-15T05:40:07Z,2026-09-15T07:40:07+0200,329756bb-ddca-4bdb-84f8-48cbd89625fd,2026-09-14T19:00:00Z,2026-09-14T21:00:00+0200,0.0,MW,BE,BE,forecast_solar_generation,Solar,2026-09-15T05:40:58Z
2026-09-15T05:40:07Z,2026-09-15T07:40:07+0200,329756bb-ddca-4bdb-84f8-48cbd89625fd,2026-09-14T20:00:00Z,2026-09-14T22:00:00+0200,0.0,MW,BE,BE,forecast_solar_generation,Solar,2026-09-15T05:40:58Z
2026-09-15T05:40:07Z,2026-09-15T07:40:07+0200,329756bb-ddca-4bdb-84f8-48cbd89625fd,2026-09-14T21:00:00Z,2026-09-14T23:00:00+0200,0.0,MW,BE,BE,forecast_solar_generation,Solar,2026-09-15T05:40:58Z
2026-09-15T05:40:07Z,2026-09-15T07:40:07+0200,329756bb-ddca-4bdb-84f8-48cbd89625fd,2026-09-14T22:00:00Z,2026-09-15T00:00:00+0200,0.0,MW,BE,BE,forecast_solar_generation,Solar,2026-09-15T05:40:58Z
2026-09-15T05:40:07Z,2026-09-15T07:40:07+0200,329756bb-ddca-4bdb-84f8-48cbd89625fd,2026-09-14T23:00:00Z,2026-09-15T01:00:00+0200,0.0,MW,BE,BE,forecast_solar_generation,Solar,2026-09-15T05:40:58Z
2026-09-15T05:40:07Z,2026-09-15T07:40:07+0200,329756bb-ddca-4bdb-84f8-48cbd89625fd,2026-09-15T00:00:00Z,2026-09-15T02:00:00+0200,0.0,MW,BE,BE,forecast_solar_generation,Solar,2026-09-15T05:40:58Z
2026-09-15T05:40:07Z,2026-09-15T07:40:07+0200,329756bb-ddca-4bdb-84f8-48cbd89625fd,2026-09-15T01:00:00Z,2026-09-15T03:00:00+0200,0.0,MW,BE,BE,forecast_solar_generation,Solar,2026-09-15T05:40:58Z
2026-09-15T05:40:07Z,2026-09-15T07:40:07+0200,329756bb-ddca-4bdb-84f8-48cbd89625fd,2026-09-15T02:00:00Z,2026-09-15T04:00:00+0200,0.0,MW,BE,BE,forecast_solar_generation,Solar,2026-09-15T05:40:58Z
2026-09-15T05:40:07Z,2026-09-15T07:40:07+0200,329756bb-ddca-4bdb-84f8-48cbd89625fd,2026-09-15T03:00:00Z,2026-09-15T05:00:00+0200,0.0,MW,BE,BE,forecast_solar_generation,Solar,2026-09-15T05:40:58Z
2026-09-15T05:40:07Z,2026-09-15T07:40:07+0200,329756bb-ddca-4bdb-84f8-48cbd89625fd,2026-09-15T04:00:00Z,2026-09-15T06:00:00+0200,0.0,MW,BE,BE,forecast_solar_generation,Solar,2026-09-15T05:40:58Z
2026-09-15T05:40:07Z,2026-09-15T07:40:07+0200,329756bb-ddca-4bdb-84f8-48cbd89625fd,2026-09-15T05:00:00Z,2026-09-15T07:00:00+0200,114.228,MW,BE,BE,forecast_solar_generation,Solar,2026-09-15T05:40:58Z
2026-09-15T05:40:07Z,2026-09-15T07:40:07+0200,329756bb-ddca-4bdb-84f8-48cbd89625fd,2026-09-15T06:00:00Z,2026-09-15T08:00:00+0200,1209.593999,MW,BE,BE,forecast_solar_generation,Solar,2026-09-15T05:41:01Z
2026-09-15T05:40:07Z,2026-09-15T07:40:07+0200,329756bb-ddca-4bdb-84f8-48cbd89625fd,2026-09-15T07:00:00Z,2026-09-15T09:00:00+0200,3154.616248,MW,BE,BE,forecast_solar_generation,Solar,2026-09-15T05:41:01Z
2026-09-15T05:40:07Z,2026-09-15T07:40:07+0200,329756bb-ddca-4bdb-84f8-48cbd89625fd,2026-09-15T08:00:00Z,2026-09-15T10:00:00+0200,4922.291253,MW,BE,BE,forecast_solar_generation,Solar,2026-09-15T05:41:01Z
2026-09-15T05:40:07Z,2026-09-15T07:40:07+0200,329756bb-ddca-4bdb-84f8-48cbd89625fd,2026-09-15T09:00:00Z,2026-09-15T11:00:00+0200,6232.413755,MW,BE,BE,forecast_solar_generation,Solar,2026-09-15T05:41:01Z
2026-09-15T05:40:07Z,2026-09-15T07:40:07+0200,329756bb-ddca-4bdb-84f8-48cbd89625fd,2026-09-15T10:00:00Z,2026-09-15T12:00:00+0200,6986.092999,MW,BE,BE,forecast_solar_generation,Solar,2026-09-15T05:41:01Z
2026-09-15T05:40:07Z,2026-09-15T07:40:07+0200,329756bb-ddca-4bdb-84f8-48cbd89625fd,2026-09-15T11:00:00Z,2026-09-15T13:00:00+0200,7016.993007,MW,BE,BE,forecast_solar_generation,Solar,2026-09-15T05:41:01Z
2026-09-15T05:40:07Z,2026-09-15T07:40:07+0200,329756bb-ddca-4bdb-84f8-48cbd89625fd,2026-09-15T12:00:00Z,2026-09-15T14:00:00+0200,6445.160998,MW,BE,BE,forecast_solar_generation,Solar,2026-09-15T05:41:01Z
2026-09-15T05:40:07Z,2026-09-15T07:40:07+0200,329756bb-ddca-4bdb-84f8-48cbd89625fd,2026-09-15T13:00:00Z,2026-09-15T15:00:00+0200,5349.54875,MW,BE,BE,forecast_solar_generation,Solar,2026-09-15T05:41:01Z
2026-09-15T05:40:07Z,2026-09-15T07:40:07+0200,329756bb-ddca-4bdb-84f8-48cbd89625fd,2026-09-15T14:00:00Z,2026-09-15T16:00:00+0200,3941.883242,MW,BE,BE,forecast_solar_generation,Solar,2026-09-15T05:41:01Z
2026-09-15T05:40:07Z,2026-09-15T07:40:07+0200,329756bb-ddca-4bdb-84f8-48cbd89625fd,2026-09-15T15:00:00Z,2026-09-15T17:00:00+0200,2367.863497,MW,BE,BE,forecast_solar_generation,Solar,2026-09-15T05:41:01Z
2026-09-15T05:40:07Z,2026-09-15T07:40:07+0200,329756bb-ddca-4bdb-84f8-48cbd89625fd,2026-09-15T16:00:00Z,2026-09-15T18:00:00+0200,1093.47575,MW,BE,BE,forecast_solar_generation,Solar,2026-09-15T05:41:01Z
2026-09-15T05:40:07Z,2026-09-15T07:40:07+0200,329756bb-ddca-4bdb-84f8-48cbd89625fd,2026-09-15T17:00:00Z,2026-09-15T19:00:00+0200,202.21125,MW,BE,BE,forecast_solar_generation,Solar,2026-09-15T05:41:01Z
2026-09-15T05:40:07Z,2026-09-15T07:40:07+0200,329756bb-ddca-4bdb-84f8-48cbd89625fd,2026-09-15T18:00:00Z,2026-09-15T20:00:00+0200,0.0,MW,BE,BE,forecast_solar_generation,Solar,2026-09-15T05:41:01Z
2026-09-15T05:40:07Z,2026-09-15T07:40:07+0200,329756bb-ddca-4bdb-84f8-48cbd89625fd,2026-09-15T19:00:00Z,2026-09-15T21:00:00+0200,0.0,MW,BE,BE,forecast_solar_generation,Solar,2026-09-15T05:41:01Z
2026-09-15T05:40:07Z,2026-09-15T07:40:07+0200,329756bb-ddca-4bdb-84f8-48cbd89625fd,2026-09-15T20:00:00Z,2026-09-15T22:00:00+0200,0.0,MW,BE,BE,forecast_solar_generation,Solar,2026-09-15T05:41:01Z
2026-09-15T05:40:07Z,2026-09-15T07:40:07+0200,329756bb-ddca-4bdb-84f8-48cbd89625fd,2026-09-15T21:00:00Z,2026-09-15T23:00:00+0200,0.0,MW,BE,BE,forecast_solar_generation,Solar,2026-09-15T05:41:01Z
