collection_time_utc,collection_time_local,run_id,timestamp_utc,timestamp_local,value,unit,country,entsoe_area,variable,source,updated_at_utc
2026-09-24T23:06:12Z,2026-09-25T01:06:12+0200,d8ceaef8-879d-471e-8567-7a1db01eaab7,2026-09-18T00:00:00Z,2026-09-18T02:00:00+0200,0.0,MW,BE,BE,forecast_solar_generation,Solar,2026-09-24T23:07:07Z
2026-09-24T23:06:12Z,2026-09-25T01:06:12+0200,d8ceaef8-879d-471e-8567-7a1db01eaab7,2026-09-18T01:00:00Z,2026-09-18T03:00:00+0200,0.0,MW,BE,BE,forecast_solar_generation,Solar,2026-09-24T23:07:07Z
2026-09-24T23:06:12Z,2026-09-25T01:06:12+0200,d8ceaef8-879d-471e-8567-7a1db01eaab7,2026-09-18T02:00:00Z,2026-09-18T04:00:00+0200,0.0,MW,BE,BE,forecast_solar_generation,Solar,2026-09-24T23:07:07Z
2026-09-24T23:06:12Z,2026-09-25T01:06:12+0200,d8ceaef8-879d-471e-8567-7a1db01eaab7,2026-09-18T03:00:00Z,2026-09-18T05:00:00+0200,0.0,MW,BE,BE,forecast_solar_generation,Solar,2026-09-24T23:07:07Z
2026-09-24T23:06:12Z,2026-09-25T01:06:12+0200,d8ceaef8-879d-471e-8567-7a1db01eaab7,2026-09-18T04:00:00Z,2026-09-18T06:00:00+0200,0.0,MW,BE,BE,forecast_solar_generation,Solar,2026-09-24T23:07:07Z
2026-09-24T23:06:12Z,2026-09-25T01:06:12+0200,d8ceaef8-879d-471e-8567-7a1db01eaab7,2026-09-18T05:00:00Z,2026-09-18T07:00:00+0200,83.99925,MW,BE,BE,forecast_solar_generation,Solar,2026-09-24T23:07:07Z
2026-09-24T23:06:12Z,2026-09-25T01:06:12+0200,d8ceaef8-879d-471e-8567-7a1db01eaab7,2026-09-18T06:00:00Z,2026-09-18T08:00:00+0200,1077.326501,MW,BE,BE,forecast_solar_generation,Solar,2026-09-24T23:07:07Z
2026-09-24T23:06:12Z,2026-09-25T01:06:12+0200,d8ceaef8-879d-471e-8567-7a1db01eaab7,2026-09-18T07:00:00Z,2026-09-18T09:00:00+0200,2940.790001,MW,BE,BE,forecast_solar_generation,Solar,2026-09-24T23:07:07Z
2026-09-24T23:06:12Z,2026-09-25T01:06:12+0200,d8ceaef8-879d-471e-8567-7a1db01eaab7,2026-09-18T08:00:00Z,2026-09-18T10:00:00+0200,4618.569496,MW,BE,BE,forecast_solar_generation,Solar,2026-09-24T23:07:07Z
2026-09-24T23:06:12Z,2026-09-25T01:06:12+0200,d8ceaef8-879d-471e-8567-7a1db01eaab7,2026-09-18T09:00:00Z,2026-09-18T11:00:00+0200,5669.761753,MW,BE,BE,forecast_solar_generation,Solar,2026-09-24T23:07:07Z
2026-09-24T23:06:12Z,2026-09-25T01:06:12+0200,d8ceaef8-879d-471e-8567-7a1db01eaab7,2026-09-18T10:00:00Z,2026-09-18T12:00:00+0200,6127.548003,MW,BE,BE,forecast_solar_generation,Solar,2026-09-24T23:07:07Z
2026-09-24T23:06:12Z,2026-09-25T01:06:12+0200,d8ceaef8-879d-471e-8567-7a1db01eaab7,2026-09-18T11:00:00Z,2026-09-18T13:00:00+0200,6085.266497,MW,BE,BE,forecast_solar_generation,Solar,2026-09-24T23:07:07Z
2026-09-24T23:06:12Z,2026-09-25T01:06:12+0200,d8ceaef8-879d-471e-8567-7a1db01eaab7,2026-09-18T12:00:00Z,2026-09-18T14:00:00+0200,5699.027251,MW,BE,BE,forecast_solar_generation,Solar,2026-09-24T23:07:07Z
2026-09-24T23:06:12Z,2026-09-25T01:06:12+0200,d8ceaef8-879d-471e-8567-7a1db01eaab7,2026-09-18T13:00:00Z,2026-09-18T15:00:00+0200,5049.961004,MW,BE,BE,forecast_solar_generation,Solar,2026-09-24T23:07:07Z
2026-09-24T23:06:12Z,2026-09-25T01:06:12+0200,d8ceaef8-879d-471e-8567-7a1db01eaab7,2026-09-18T14:00:00Z,2026-09-18T16:00:00+0200,4025.954753,MW,BE,BE,forecast_solar_generation,Solar,2026-09-24T23:07:07Z
2026-09-24T23:06:12Z,2026-09-25T01:06:12+0200,d8ceaef8-879d-471e-8567-7a1db01eaab7,2026-09-18T15:00:00Z,2026-09-18T17:00:00+0200,2593.915503,MW,BE,BE,forecast_solar_generation,Solar,2026-09-24T23:07:07Z
2026-09-24T23:06:12Z,2026-09-25T01:06:12+0200,d8ceaef8-879d-471e-8567-7a1db01eaab7,2026-09-18T16:00:00Z,2026-09-18T18:00:00+0200,1120.796751,MW,BE,BE,forecast_solar_generation,Solar,2026-09-24T23:07:07Z
2026-09-24T23:06:12Z,2026-09-25T01:06:12+0200,d8ceaef8-879d-471e-8567-7a1db01eaab7,2026-09-18T17:00:00Z,2026-09-18T19:00:00+0200,158.60725,MW,BE,BE,forecast_solar_generation,Solar,2026-09-24T23:07:07Z
2026-09-24T23:06:12Z,2026-09-25T01:06:12+0200,d8ceaef8-879d-471e-8567-7a1db01eaab7,2026-09-18T18:00:00Z,2026-09-18T20:00:00+0200,0.0,MW,BE,BE,forecast_solar_generation,Solar,2026-09-24T23:07:07Z
2026-09-24T23:06:12Z,2026-09-25T01:06:12+0200,d8ceaef8-879d-471e-8567-7a1db01eaab7,2026-09-18T19:00:00Z,2026-09-18T21:00:00+0200,0.0,MW,BE,BE,forecast_solar_generation,Solar,2026-09-24T23:07:07Z
2026-09-24T23:06:12Z,2026-09-25T01:06:12+0200,d8ceaef8-879d-471e-8567-7a1db01eaab7,2026-09-18T20:00:00Z,2026-09-18T22:00:00+0200,0.0,MW,BE,BE,forecast_solar_generation,Solar,2026-09-24T23:07:07Z
2026-09-24T23:06:12Z,2026-09-25T01:06:12+0200,d8ceaef8-879d-471e-8567-7a1db01eaab7,2026-09-18T21:00:00Z,2026-09-18T23:00:00+0200,0.0,MW,BE,BE,forecast_solar_generation,Solar,2026-09-24T23:07:07Z
2026-09-24T23:06:12Z,2026-09-25T01:06:12+0200,d8ceaef8-879d-471e-8567-7a1db01eaab7,2026-09-18T22:00:00Z,2026-09-19T00:00:00+0200,0.0,MW,BE,BE,forecast_solar_generation,Solar,2026-09-24T23:07:07Z
2026-09-24T23:06:12Z,2026-09-25T01:06:12+0200,d8ceaef8-879d-471e-8567-7a1db01eaab7,2026-09-18T23:00:00Z,2026-09-19T01:00:00+0200,0.0,MW,BE,BE,forecast_solar_generation,Solar,2026-09-24T23:07:07Z
2026-09-24T23:06:12Z,2026-09-25T01:06:12+0200,d8ceaef8-879d-471e-8567-7a1db01eaab7,2026-09-19T00:00:00Z,2026-09-19T02:00:00+0200,0.0,MW,BE,BE,forecast_solar_generation,Solar,2026-09-24T23:07:07Z
2026-09-24T23:06:12Z,2026-09-25T01:06:12+0200,d8ceaef8-879d-471e-8567-7a1db01eaab7,2026-09-19T01:00:00Z,2026-09-19T03:00:00+0200,0.0,MW,BE,BE,forecast_solar_generation,Solar,2026-09-24T23:07:07Z
2026-09-24T23:06:12Z,2026-09-25T01:06:12+0200,d8ceaef8-879d-471e-8567-7a1db01eaab7,2026-09-19T02:00:00Z,2026-09-19T04:00:00+0200,0.0,MW,BE,BE,forecast_solar_generation,Solar,2026-09-24T23:07:07Z
2026-09-24T23:06:12Z,2026-09-25T01:06:12+0200,d8ceaef8-879d-471e-8567-7a1db01eaab7,2026-09-19T03:00:00Z,2026-09-19T05:00:00+0200,0.0,MW,BE,BE,forecast_solar_generation,Solar,2026-09-24T23:07:07Z
2026-09-24T23:06:12Z,2026-09-25T01:06:12+0200,d8ceaef8-879d-471e-8567-7a1db01eaab7,2026-09-19T04:00:00Z,2026-09-19T06:00:00+0200,0.0,MW,BE,BE,forecast_solar_generation,Solar,2026-09-24T23:07:07Z
2026-09-24T23:06:12Z,2026-09-25T01:06:12+0200,d8ceaef8-879d-471e-8567-7a1db01eaab7,2026-09-19T05:00:00Z,2026-09-19T07:00:00+0200,46.771,MW,BE,BE,forecast_solar_generation,Solar,2026-09-24T23:07:07Z
2026-09-24T23:06:12Z,2026-09-25T01:06:12+0200,d8ceaef8-879d-471e-8567-7a1db01eaab7,2026-09-19T06:00:00Z,2026-09-19T08:00:00+0200,506.7055,MW,BE,BE,forecast_solar_generation,Solar,2026-09-24T23:07:07Z
2026-09-24T23:06:12Z,2026-09-25T01:06:12+0200,d8ceaef8-879d-471e-8567-7a1db01eaab7,2026-09-19T07:00:00Z,2026-09-19T09:00:00+0200,1219.843,MW,BE,BE,forecast_solar_generation,Solar,2026-09-24T23:07:07Z
2026-09-24T23:06:12Z,2026-09-25T01:06:12+0200,d8ceaef8-879d-471e-8567-7a1db01eaab7,2026-09-19T08:00:00Z,2026-09-19T10:00:00+0200,1960.2585,MW,BE,BE,forecast_solar_generation,Solar,2026-09-24T23:07:07Z
2026-09-24T23:06:12Z,2026-09-25T01:06:12+0200,d8ceaef8-879d-471e-8567-7a1db01eaab7,2026-09-19T09:00:00Z,2026-09-19T11:00:00+0200,2593.6555,MW,BE,BE,forecast_solar_generation,Solar,2026-09-24T23:07:07Z
2026-09-24T23:06:12Z,2026-09-25T01:06:12+0200,d8ceaef8-879d-471e-8567-7a1db01eaab7,2026-09-19T10:00:00Z,2026-09-19T12:00:00+0200,3047.501496,MW,BE,BE,forecast_solar_generation,Solar,2026-09-24T23:07:07Z
2026-09-24T23:06:12Z,2026-09-25T01:06:12+0200,d8ceaef8-879d-471e-8567-7a1db01eaab7,2026-09-19T11:00:00Z,2026-09-19T13:00:00+0200,3263.574253,MW,BE,BE,forecast_solar_generation,Solar,2026-09-24T23:07:07Z
2026-09-24T23:06:12Z,2026-09-25T01:06:12+0200,d8ceaef8-879d-471e-8567-7a1db01eaab7,2026-09-19T12:00:00Z,2026-09-19T14:00:00+0200,3163.900244,MW,BE,BE,forecast_solar_generation,Solar,2026-09-24T23:07:07Z
2026-09-24T23:06:12Z,2026-09-25T01:06:12+0200,d8ceaef8-879d-471e-8567-7a1db01eaab7,2026-09-19T13:00:00Z,2026-09-19T15:00:00+0200,2891.844748,MW,BE,BE,forecast_solar_generation,Solar,2026-09-24T23:07:07Z
2026-09-24T23:06:12Z,2026-09-25T01:06:12+0200,d8ceaef8-879d-471e-8567-7a1db01eaab7,2026-09-19T14:00:00Z,2026-09-19T16:00:00+0200,2390.601248,MW,BE,BE,forecast_solar_generation,Solar,2026-09-24T23:07:07Z
2026-09-24T23:06:12Z,2026-09-25T01:06:12+0200,d8ceaef8-879d-471e-8567-7a1db01eaab7,2026-09-19T15:00:00Z,2026-09-19T17:00:00+0200,1625.0695,MW,BE,BE,forecast_solar_generation,Solar,2026-09-24T23:07:07Z
2026-09-24T23:06:12Z,2026-09-25T01:06:12+0200,d8ceaef8-879d-471e-8567-7a1db01eaab7,2026-09-19T16:00:00Z,2026-09-19T18:00:00+0200,759.30125,MW,BE,BE,forecast_solar_generation,Solar,2026-09-24T23:07:07Z
2026-09-24T23:06:12Z,2026-09-25T01:06:12+0200,d8ceaef8-879d-471e-8567-7a1db01eaab7,2026-09-19T17:00:00Z,2026-09-19T19:00:00+0200,109.27175,MW,BE,BE,forecast_solar_generation,Solar,2026-09-24T23:07:07Z
2026-09-24T23:06:12Z,2026-09-25T01:06:12+0200,d8ceaef8-879d-471e-8567-7a1db01eaab7,2026-09-19T18:00:00Z,2026-09-19T20:00:00+0200,0.0,MW,BE,BE,forecast_solar_generation,Solar,2026-09-24T23:07:07Z
2026-09-24T23:06:12Z,2026-09-25T01:06:12+0200,d8ceaef8-879d-471e-8567-7a1db01eaab7,2026-09-19T19:00:00Z,2026-09-19T21:00:00+0200,0.0,MW,BE,BE,forecast_solar_generation,Solar,2026-09-24T23:07:07Z
2026-09-24T23:06:12Z,2026-09-25T01:06:12+0200,d8ceaef8-879d-471e-8567-7a1db01eaab7,2026-09-19T20:00:00Z,2026-09-19T22:00:00+0200,0.0,MW,BE,BE,forecast_solar_generation,Solar,2026-09-24T23:07:07Z
2026-09-24T23:06:12Z,2026-09-25T01:06:12+0200,d8ceaef8-879d-471e-8567-7a1db01eaab7,2026-09-19T21:00:00Z,2026-09-19T23:00:00+0200,0.0,MW,BE,BE,forecast_solar_generation,Solar,2026-09-24T23:07:07Z
2026-09-24T23:06:12Z,2026-09-25T01:06:12+0200,d8ceaef8-879d-471e-8567-7a1db01eaab7,2026-09-19T22:00:00Z,2026-09-20T00:00:00+0200,0.0,MW,BE,BE,forecast_solar_generation,Solar,2026-09-24T23:07:07Z
2026-09-24T23:06:12Z,2026-09-25T01:06:12+0200,d8ceaef8-879d-471e-8567-7a1db01eaab7,2026-09-19T23:00:00Z,2026-09-20T01:00:00+0200,0.0,MW,BE,BE,forecast_solar_generation,Solar,2026-09-24T23:07:07Z
2026-09-24T23:06:12Z,2026-09-25T01:06:12+0200,d8ceaef8-879d-471e-8567-7a1db01eaab7,2026-09-20T00:00:00Z,2026-09-20T02:00:00+0200,0.0,MW,BE,BE,forecast_solar_generation,Solar,2026-09-24T23:07:07Z
2026-09-24T23:06:12Z,2026-09-25T01:06:12+0200,d8ceaef8-879d-471e-8567-7a1db01eaab7,2026-09-20T01:00:00Z,2026-09-20T03:00:00+0200,0.0,MW,BE,BE,forecast_solar_generation,Solar,2026-09-24T23:07:07Z
2026-09-24T23:06:12Z,2026-09-25T01:06:12+0200,d8ceaef8-879d-471e-8567-7a1db01eaab7,2026-09-20T02:00:00Z,2026-09-20T04:00:00+0200,0.0,MW,BE,BE,forecast_solar_generation,Solar,2026-09-24T23:07:07Z
2026-09-24T23:06:12Z,2026-09-25T01:06:12+0200,d8ceaef8-879d-471e-8567-7a1db01eaab7,2026-09-20T03:00:00Z,2026-09-20T05:00:00+0200,0.0,MW,BE,BE,forecast_solar_generation,Solar,2026-09-24T23:07:07Z
2026-09-24T23:06:12Z,2026-09-25T01:06:12+0200,d8ceaef8-879d-471e-8567-7a1db01eaab7,2026-09-20T04:00:00Z,2026-09-20T06:00:00+0200,0.0,MW,BE,BE,forecast_solar_generation,Solar,2026-09-24T23:07:07Z
2026-09-24T23:06:12Z,2026-09-25T01:06:12+0200,d8ceaef8-879d-471e-8567-7a1db01eaab7,2026-09-20T05:00:00Z,2026-09-20T07:00:00+0200,28.44,MW,BE,BE,forecast_solar_generation,Solar,2026-09-24T23:07:07Z
2026-09-24T23:06:12Z,2026-09-25T01:06:12+0200,d8ceaef8-879d-471e-8567-7a1db01eaab7,2026-09-20T06:00:00Z,2026-09-20T08:00:00+0200,363.85725,MW,BE,BE,forecast_solar_generation,Solar,2026-09-24T23:07:07Z
2026-09-24T23:06:12Z,2026-09-25T01:06:12+0200,d8ceaef8-879d-471e-8567-7a1db01eaab7,2026-09-20T07:00:00Z,2026-09-20T09:00:00+0200,964.896502,MW,BE,BE,forecast_solar_generation,Solar,2026-09-24T23:07:07Z
2026-09-24T23:06:12Z,2026-09-25T01:06:12+0200,d8ceaef8-879d-471e-8567-7a1db01eaab7,2026-09-20T08:00:00Z,2026-09-20T10:00:00+0200,1798.124998,MW,BE,BE,forecast_solar_generation,Solar,2026-09-24T23:07:07Z
2026-09-24T23:06:12Z,2026-09-25T01:06:12+0200,d8ceaef8-879d-471e-8567-7a1db01eaab7,2026-09-20T09:00:00Z,2026-09-20T11:00:00+0200,2799.015503,MW,BE,BE,forecast_solar_generation,Solar,2026-09-24T23:07:07Z
2026-09-24T23:06:12Z,2026-09-25T01:06:12+0200,d8ceaef8-879d-471e-8567-7a1db01eaab7,2026-09-20T10:00:00Z,2026-09-20T12:00:00+0200,3686.270996,MW,BE,BE,forecast_solar_generation,Solar,2026-09-24T23:07:07Z
2026-09-24T23:06:12Z,2026-09-25T01:06:12+0200,d8ceaef8-879d-471e-8567-7a1db01eaab7,2026-09-20T11:00:00Z,2026-09-20T13:00:00+0200,4235.237744,MW,BE,BE,forecast_solar_generation,Solar,2026-09-24T23:07:07Z
2026-09-24T23:06:12Z,2026-09-25T01:06:12+0200,d8ceaef8-879d-471e-8567-7a1db01eaab7,2026-09-20T12:00:00Z,2026-09-20T14:00:00+0200,4612.604498,MW,BE,BE,forecast_solar_generation,Solar,2026-09-24T23:07:07Z
2026-09-24T23:06:12Z,2026-09-25T01:06:12+0200,d8ceaef8-879d-471e-8567-7a1db01eaab7,2026-09-20T13:00:00Z,2026-09-20T15:00:00+0200,4792.197498,MW,BE,BE,forecast_solar_generation,Solar,2026-09-24T23:07:07Z
2026-09-24T23:06:12Z,2026-09-25T01:06:12+0200,d8ceaef8-879d-471e-8567-7a1db01eaab7,2026-09-20T14:00:00Z,2026-09-20T16:00:00+0200,4111.951501,MW,BE,BE,forecast_solar_generation,Solar,2026-09-24T23:07:07Z
2026-09-24T23:06:12Z,2026-09-25T01:06:12+0200,d8ceaef8-879d-471e-8567-7a1db01eaab7,2026-09-20T15:00:00Z,2026-09-20T17:00:00+0200,2736.806749,MW,BE,BE,forecast_solar_generation,Solar,2026-09-24T23:07:07Z
2026-09-24T23:06:12Z,2026-09-25T01:06:12+0200,d8ceaef8-879d-471e-8567-7a1db01eaab7,2026-09-20T16:00:00Z,2026-09-20T18:00:00+0200,1184.7885,MW,BE,BE,forecast_solar_generation,Solar,2026-09-24T23:07:07Z
2026-09-24T23:06:12Z,2026-09-25T01:06:12+0200,d8ceaef8-879d-471e-8567-7a1db01eaab7,2026-09-20T17:00:00Z,2026-09-20T19:00:00+0200,141.559,MW,BE,BE,forecast_solar_generation,Solar,2026-09-24T23:07:07Z
2026-09-24T23:06:12Z,2026-09-25T01:06:12+0200,d8ceaef8-879d-471e-8567-7a1db01eaab7,2026-09-20T18:00:00Z,2026-09-20T20:00:00+0200,0.0,MW,BE,BE,forecast_solar_generation,Solar,2026-09-24T23:07:07Z
2026-09-24T23:06:12Z,2026-09-25T01:06:12+0200,d8ceaef8-879d-471e-8567-7a1db01eaab7,2026-09-20T19:00:00Z,2026-09-20T21:00:00+0200,0.0,MW,BE,BE,forecast_solar_generation,Solar,2026-09-24T23:07:07Z
2026-09-24T23:06:12Z,2026-09-25T01:06:12+0200,d8ceaef8-879d-471e-8567-7a1db01eaab7,2026-09-20T20:00:00Z,2026-09-20T22:00:00+0200,0.0,MW,BE,BE,forecast_solar_generation,Solar,2026-09-24T23:07:07Z
2026-09-24T23:06:12Z,2026-09-25T01:06:12+0200,d8ceaef8-879d-471e-8567-7a1db01eaab7,2026-09-20T21:00:00Z,2026-09-20T23:00:00+0200,0.0,MW,BE,BE,forecast_solar_generation,Solar,2026-09-24T23:07:07Z
2026-09-24T23:06:12Z,2026-09-25T01:06:12+0200,d8ceaef8-879d-471e-8567-7a1db01eaab7,2026-09-20T22:00:00Z,2026-09-21T00:00:00+0200,0.0,MW,BE,BE,forecast_solar_generation,Solar,2026-09-24T23:07:07Z
2026-09-24T23:06:12Z,2026-09-25T01:06:12+0200,d8ceaef8-879d-471e-8567-7a1db01eaab7,2026-09-20T23:00:00Z,2026-09-21T01:00:00+0200,0.0,MW,BE,BE,forecast_solar_generation,Solar,2026-09-24T23:07:07Z
2026-09-24T23:06:12Z,2026-09-25T01:06:12+0200,d8ceaef8-879d-471e-8567-7a1db01eaab7,2026-09-21T00:00:00Z,2026-09-21T02:00:00+0200,0.0,MW,BE,BE,forecast_solar_generation,Solar,2026-09-24T23:07:07Z
2026-09-24T23:06:12Z,2026-09-25T01:06:12+0200,d8ceaef8-879d-471e-8567-7a1db01eaab7,2026-09-21T01:00:00Z,2026-09-21T03:00:00+0200,0.0,MW,BE,BE,forecast_solar_generation,Solar,2026-09-24T23:07:07Z
2026-09-24T23:06:12Z,2026-09-25T01:06:12+0200,d8ceaef8-879d-471e-8567-7a1db01eaab7,2026-09-21T02:00:00Z,2026-09-21T04:00:00+0200,0.0,MW,BE,BE,forecast_solar_generation,Solar,2026-09-24T23:07:07Z
2026-09-24T23:06:12Z,2026-09-25T01:06:12+0200,d8ceaef8-879d-471e-8567-7a1db01eaab7,2026-09-21T03:00:00Z,2026-09-21T05:00:00+0200,0.0,MW,BE,BE,forecast_solar_generation,Solar,2026-09-24T23:07:07Z
2026-09-24T23:06:12Z,2026-09-25T01:06:12+0200,d8ceaef8-879d-471e-8567-7a1db01eaab7,2026-09-21T04:00:00Z,2026-09-21T06:00:00+0200,0.0,MW,BE,BE,forecast_solar_generation,Solar,2026-09-24T23:07:07Z
2026-09-24T23:06:12Z,2026-09-25T01:06:12+0200,d8ceaef8-879d-471e-8567-7a1db01eaab7,2026-09-21T05:00:00Z,2026-09-21T07:00:00+0200,63.7635,MW,BE,BE,forecast_solar_generation,Solar,2026-09-24T23:07:07Z
2026-09-24T23:06:12Z,2026-09-25T01:06:12+0200,d8ceaef8-879d-471e-8567-7a1db01eaab7,2026-09-21T06:00:00Z,2026-09-21T08:00:00+0200,1022.69525,MW,BE,BE,forecast_solar_generation,Solar,2026-09-24T23:07:07Z
2026-09-24T23:06:12Z,2026-09-25T01:06:12+0200,d8ceaef8-879d-471e-8567-7a1db01eaab7,2026-09-21T07:00:00Z,2026-09-21T09:00:00+0200,2927.9815,MW,BE,BE,forecast_solar_generation,Solar,2026-09-24T23:07:07Z
2026-09-24T23:06:12Z,2026-09-25T01:06:12+0200,d8ceaef8-879d-471e-8567-7a1db01eaab7,2026-09-21T08:00:00Z,2026-09-21T10:00:00+0200,4727.806991,MW,BE,BE,forecast_solar_generation,Solar,2026-09-24T23:07:07Z
2026-09-24T23:06:12Z,2026-09-25T01:06:12+0200,d8ceaef8-879d-471e-8567-7a1db01eaab7,2026-09-21T09:00:00Z,2026-09-21T11:00:00+0200,5858.445743,MW,BE,BE,forecast_solar_generation,Solar,2026-09-24T23:07:07Z
2026-09-24T23:06:12Z,2026-09-25T01:06:12+0200,d8ceaef8-879d-471e-8567-7a1db01eaab7,2026-09-21T10:00:00Z,2026-09-21T12:00:00+0200,6241.642747,MW,BE,BE,forecast_solar_generation,Solar,2026-09-24T23:07:07Z
2026-09-24T23:06:12Z,2026-09-25T01:06:12+0200,d8ceaef8-879d-471e-8567-7a1db01eaab7,2026-09-21T11:00:00Z,2026-09-21T13:00:00+0200,6143.438999,MW,BE,BE,forecast_solar_generation,Solar,2026-09-24T23:07:07Z
2026-09-24T23:06:12Z,2026-09-25T01:06:12+0200,d8ceaef8-879d-471e-8567-7a1db01eaab7,2026-09-21T12:00:00Z,2026-09-21T14:00:00+0200,5883.528754,MW,BE,BE,forecast_solar_generation,Solar,2026-09-24T23:07:07Z
2026-09-24T23:06:12Z,2026-09-25T01:06:12+0200,d8ceaef8-879d-471e-8567-7a1db01eaab7,2026-09-21T13:00:00Z,2026-09-21T15:00:00+0200,5317.953754,MW,BE,BE,forecast_solar_generation,Solar,2026-09-24T23:07:07Z
2026-09-24T23:06:12Z,2026-09-25T01:06:12+0200,d8ceaef8-879d-471e-8567-7a1db01eaab7,2026-09-21T14:00:00Z,2026-09-21T16:00:00+0200,4459.334248,MW,BE,BE,forecast_solar_generation,Solar,2026-09-24T23:07:07Z
2026-09-24T23:06:12Z,2026-09-25T01:06:12+0200,d8ceaef8-879d-471e-8567-7a1db01eaab7,2026-09-21T15:00:00Z,2026-09-21T17:00:00+0200,3101.983992,MW,BE,BE,forecast_solar_generation,Solar,2026-09-24T23:07:07Z
2026-09-24T23:06:12Z,2026-09-25T01:06:12+0200,d8ceaef8-879d-471e-8567-7a1db01eaab7,2026-09-21T16:00:00Z,2026-09-21T18:00:00+0200,1273.319749,MW,BE,BE,forecast_solar_generation,Solar,2026-09-24T23:07:07Z
2026-09-24T23:06:12Z,2026-09-25T01:06:12+0200,d8ceaef8-879d-471e-8567-7a1db01eaab7,2026-09-21T17:00:00Z,2026-09-21T19:00:00+0200,135.53475,MW,BE,BE,forecast_solar_generation,Solar,2026-09-24T23:07:07Z
2026-09-24T23:06:12Z,2026-09-25T01:06:12+0200,d8ceaef8-879d-471e-8567-7a1db01eaab7,2026-09-21T18:00:00Z,2026-09-21T20:00:00+0200,0.0,MW,BE,BE,forecast_solar_generation,Solar,2026-09-24T23:07:07Z
2026-09-24T23:06:12Z,2026-09-25T01:06:12+0200,d8ceaef8-879d-471e-8567-7a1db01eaab7,2026-09-21T19:00:00Z,2026-09-21T21:00:00+0200,0.0,MW,BE,BE,forecast_solar_generation,Solar,2026-09-24T23:07:07Z
2026-09-24T23:06:12Z,2026-09-25T01:06:12+0200,d8ceaef8-879d-471e-8567-7a1db01eaab7,2026-09-21T20:00:00Z,2026-09-21T22:00:00+0200,0.0,MW,BE,BE,forecast_solar_generation,Solar,2026-09-24T23:07:07Z
2026-09-24T23:06:12Z,2026-09-25T01:06:12+0200,d8ceaef8-879d-471e-8567-7a1db01eaab7,2026-09-21T21:00:00Z,2026-09-21T23:00:00+0200,0.0,MW,BE,BE,forecast_solar_generation,Solar,2026-09-24T23:07:07Z
2026-09-24T23:06:12Z,2026-09-25T01:06:12+0200,d8ceaef8-879d-471e-8567-7a1db01eaab7,2026-09-21T22:00:00Z,2026-09-22T00:00:00+0200,0.0,MW,BE,BE,forecast_solar_generation,Solar,2026-09-24T23:07:07Z
2026-09-24T23:06:12Z,2026-09-25T01:06:12+0200,d8ceaef8-879d-471e-8567-7a1db01eaab7,2026-09-21T23:00:00Z,2026-09-22T01:00:00+0200,0.0,MW,BE,BE,forecast_solar_generation,Solar,2026-09-24T23:07:07Z
2026-09-24T23:06:12Z,2026-09-25T01:06:12+0200,d8ceaef8-879d-471e-8567-7a1db01eaab7,2026-09-22T00:00:00Z,2026-09-22T02:00:00+0200,0.0,MW,BE,BE,forecast_solar_generation,Solar,2026-09-24T23:07:07Z
2026-09-24T23:06:12Z,2026-09-25T01:06:12+0200,d8ceaef8-879d-471e-8567-7a1db01eaab7,2026-09-22T01:00:00Z,2026-09-22T03:00:00+0200,0.0,MW,BE,BE,forecast_solar_generation,Solar,2026-09-24T23:07:07Z
2026-09-24T23:06:12Z,2026-09-25T01:06:12+0200,d8ceaef8-879d-471e-8567-7a1db01eaab7,2026-09-22T02:00:00Z,2026-09-22T04:00:00+0200,0.0,MW,BE,BE,forecast_solar_generation,Solar,2026-09-24T23:07:07Z
2026-09-24T23:06:12Z,2026-09-25T01:06:12+0200,d8ceaef8-879d-471e-8567-7a1db01eaab7,2026-09-22T03:00:00Z,2026-09-22T05:00:00+0200,0.0,MW,BE,BE,forecast_solar_generation,Solar,2026-09-24T23:07:07Z
2026-09-24T23:06:12Z,2026-09-25T01:06:12+0200,d8ceaef8-879d-471e-8567-7a1db01eaab7,2026-09-22T04:00:00Z,2026-09-22T06:00:00+0200,0.0,MW,BE,BE,forecast_solar_generation,Solar,2026-09-24T23:07:07Z
2026-09-24T23:06:12Z,2026-09-25T01:06:12+0200,d8ceaef8-879d-471e-8567-7a1db01eaab7,2026-09-22T05:00:00Z,2026-09-22T07:00:00+0200,44.65425,MW,BE,BE,forecast_solar_generation,Solar,2026-09-24T23:07:07Z
2026-09-24T23:06:12Z,2026-09-25T01:06:12+0200,d8ceaef8-879d-471e-8567-7a1db01eaab7,2026-09-22T06:00:00Z,2026-09-22T08:00:00+0200,730.88075,MW,BE,BE,forecast_solar_generation,Solar,2026-09-24T23:07:07Z
2026-09-24T23:06:12Z,2026-09-25T01:06:12+0200,d8ceaef8-879d-471e-8567-7a1db01eaab7,2026-09-22T07:00:00Z,2026-09-22T09:00:00+0200,2021.565995,MW,BE,BE,forecast_solar_generation,Solar,2026-09-24T23:07:07Z
2026-09-24T23:06:12Z,2026-09-25T01:06:12+0200,d8ceaef8-879d-471e-8567-7a1db01eaab7,2026-09-22T08:00:00Z,2026-09-22T10:00:00+0200,3288.591001,MW,BE,BE,forecast_solar_generation,Solar,2026-09-24T23:07:07Z
2026-09-24T23:06:12Z,2026-09-25T01:06:12+0200,d8ceaef8-879d-471e-8567-7a1db01eaab7,2026-09-22T09:00:00Z,2026-09-22T11:00:00+0200,4467.279499,MW,BE,BE,forecast_solar_generation,Solar,2026-09-24T23:07:07Z
2026-09-24T23:06:12Z,2026-09-25T01:06:12+0200,d8ceaef8-879d-471e-8567-7a1db01eaab7,2026-09-22T10:00:00Z,2026-09-22T12:00:00+0200,5378.789744,MW,BE,BE,forecast_solar_generation,Solar,2026-09-24T23:07:07Z
2026-09-24T23:06:12Z,2026-09-25T01:06:12+0200,d8ceaef8-879d-471e-8567-7a1db01eaab7,2026-09-22T11:00:00Z,2026-09-22T13:00:00+0200,5857.167007,MW,BE,BE,forecast_solar_generation,Solar,2026-09-24T23:07:07Z
2026-09-24T23:06:12Z,2026-09-25T01:06:12+0200,d8ceaef8-879d-471e-8567-7a1db01eaab7,2026-09-22T12:00:00Z,2026-09-22T14:00:00+0200,5606.350497,MW,BE,BE,forecast_solar_generation,Solar,2026-09-24T23:07:07Z
2026-09-24T23:06:12Z,2026-09-25T01:06:12+0200,d8ceaef8-879d-471e-8567-7a1db01eaab7,2026-09-22T13:00:00Z,2026-09-22T15:00:00+0200,4815.230744,MW,BE,BE,forecast_solar_generation,Solar,2026-09-24T23:07:07Z
2026-09-24T23:06:12Z,2026-09-25T01:06:12+0200,d8ceaef8-879d-471e-8567-7a1db01eaab7,2026-09-22T14:00:00Z,2026-09-22T16:00:00+0200,3713.017505,MW,BE,BE,forecast_solar_generation,Solar,2026-09-24T23:07:07Z
2026-09-24T23:06:12Z,2026-09-25T01:06:12+0200,d8ceaef8-879d-471e-8567-7a1db01eaab7,2026-09-22T15:00:00Z,2026-09-22T17:00:00+0200,2349.327252,MW,BE,BE,forecast_solar_generation,Solar,2026-09-24T23:07:07Z
2026-09-24T23:06:12Z,2026-09-25T01:06:12+0200,d8ceaef8-879d-471e-8567-7a1db01eaab7,2026-09-22T16:00:00Z,2026-09-22T18:00:00+0200,948.6775,MW,BE,BE,forecast_solar_generation,Solar,2026-09-24T23:07:07Z
2026-09-24T23:06:12Z,2026-09-25T01:06:12+0200,d8ceaef8-879d-471e-8567-7a1db01eaab7,2026-09-22T17:00:00Z,2026-09-22T19:00:00+0200,99.0815,MW,BE,BE,forecast_solar_generation,Solar,2026-09-24T23:07:07Z
2026-09-24T23:06:12Z,2026-09-25T01:06:12+0200,d8ceaef8-879d-471e-8567-7a1db01eaab7,2026-09-22T18:00:00Z,2026-09-22T20:00:00+0200,0.0,MW,BE,BE,forecast_solar_generation,Solar,2026-09-24T23:07:07Z
2026-09-24T23:06:12Z,2026-09-25T01:06:12+0200,d8ceaef8-879d-471e-8567-7a1db01eaab7,2026-09-22T19:00:00Z,2026-09-22T21:00:00+0200,0.0,MW,BE,BE,forecast_solar_generation,Solar,2026-09-24T23:07:07Z
2026-09-24T23:06:12Z,2026-09-25T01:06:12+0200,d8ceaef8-879d-471e-8567-7a1db01eaab7,2026-09-22T20:00:00Z,2026-09-22T22:00:00+0200,0.0,MW,BE,BE,forecast_solar_generation,Solar,2026-09-24T23:07:07Z
2026-09-24T23:06:12Z,2026-09-25T01:06:12+0200,d8ceaef8-879d-471e-8567-7a1db01eaab7,2026-09-22T21:00:00Z,2026-09-22T23:00:00+0200,0.0,MW,BE,BE,forecast_solar_generation,Solar,2026-09-24T23:07:07Z
2026-09-24T23:06:12Z,2026-09-25T01:06:12+0200,d8ceaef8-879d-471e-8567-7a1db01eaab7,2026-09-22T22:00:00Z,2026-09-23T00:00:00+0200,0.0,MW,BE,BE,forecast_solar_generation,Solar,2026-09-24T23:07:07Z
2026-09-24T23:06:12Z,2026-09-25T01:06:12+0200,d8ceaef8-879d-471e-8567-7a1db01eaab7,2026-09-22T23:00:00Z,2026-09-23T01:00:00+0200,0.0,MW,BE,BE,forecast_solar_generation,Solar,2026-09-24T23:07:07Z
2026-09-24T23:06:12Z,2026-09-25T01:06:12+0200,d8ceaef8-879d-471e-8567-7a1db01eaab7,2026-09-23T00:00:00Z,2026-09-23T02:00:00+0200,0.0,MW,BE,BE,forecast_solar_generation,Solar,2026-09-24T23:07:07Z
2026-09-24T23:06:12Z,2026-09-25T01:06:12+0200,d8ceaef8-879d-471e-8567-7a1db01eaab7,2026-09-23T01:00:00Z,2026-09-23T03:00:00+0200,0.0,MW,BE,BE,forecast_solar_generation,Solar,2026-09-24T23:07:07Z
2026-09-24T23:06:12Z,2026-09-25T01:06:12+0200,d8ceaef8-879d-471e-8567-7a1db01eaab7,2026-09-23T02:00:00Z,2026-09-23T04:00:00+0200,0.0,MW,BE,BE,forecast_solar_generation,Solar,2026-09-24T23:07:07Z
2026-09-24T23:06:12Z,2026-09-25T01:06:12+0200,d8ceaef8-879d-471e-8567-7a1db01eaab7,2026-09-23T03:00:00Z,2026-09-23T05:00:00+0200,0.0,MW,BE,BE,forecast_solar_generation,Solar,2026-09-24T23:07:07Z
2026-09-24T23:06:12Z,2026-09-25T01:06:12+0200,d8ceaef8-879d-471e-8567-7a1db01eaab7,2026-09-23T04:00:00Z,2026-09-23T06:00:00+0200,0.0,MW,BE,BE,forecast_solar_generation,Solar,2026-09-24T23:07:07Z
2026-09-24T23:06:12Z,2026-09-25T01:06:12+0200,d8ceaef8-879d-471e-8567-7a1db01eaab7,2026-09-23T05:00:00Z,2026-09-23T07:00:00+0200,46.16075,MW,BE,BE,forecast_solar_generation,Solar,2026-09-24T23:07:07Z
2026-09-24T23:06:12Z,2026-09-25T01:06:12+0200,d8ceaef8-879d-471e-8567-7a1db01eaab7,2026-09-23T06:00:00Z,2026-09-23T08:00:00+0200,916.871752,MW,BE,BE,forecast_solar_generation,Solar,2026-09-24T23:07:07Z
2026-09-24T23:06:12Z,2026-09-25T01:06:12+0200,d8ceaef8-879d-471e-8567-7a1db01eaab7,2026-09-23T07:00:00Z,2026-09-23T09:00:00+0200,2782.7275,MW,BE,BE,forecast_solar_generation,Solar,2026-09-24T23:07:07Z
2026-09-24T23:06:12Z,2026-09-25T01:06:12+0200,d8ceaef8-879d-471e-8567-7a1db01eaab7,2026-09-23T08:00:00Z,2026-09-23T10:00:00+0200,4433.539497,MW,BE,BE,forecast_solar_generation,Solar,2026-09-24T23:07:07Z
2026-09-24T23:06:12Z,2026-09-25T01:06:12+0200,d8ceaef8-879d-471e-8567-7a1db01eaab7,2026-09-23T09:00:00Z,2026-09-23T11:00:00+0200,5711.849249,MW,BE,BE,forecast_solar_generation,Solar,2026-09-24T23:07:07Z
2026-09-24T23:06:12Z,2026-09-25T01:06:12+0200,d8ceaef8-879d-471e-8567-7a1db01eaab7,2026-09-23T10:00:00Z,2026-09-23T12:00:00+0200,6503.50349,MW,BE,BE,forecast_solar_generation,Solar,2026-09-24T23:07:07Z
2026-09-24T23:06:12Z,2026-09-25T01:06:12+0200,d8ceaef8-879d-471e-8567-7a1db01eaab7,2026-09-23T11:00:00Z,2026-09-23T13:00:00+0200,6475.872744,MW,BE,BE,forecast_solar_generation,Solar,2026-09-24T23:07:07Z
2026-09-24T23:06:12Z,2026-09-25T01:06:12+0200,d8ceaef8-879d-471e-8567-7a1db01eaab7,2026-09-23T12:00:00Z,2026-09-23T14:00:00+0200,5604.758999,MW,BE,BE,forecast_solar_generation,Solar,2026-09-24T23:07:07Z
2026-09-24T23:06:12Z,2026-09-25T01:06:12+0200,d8ceaef8-879d-471e-8567-7a1db01eaab7,2026-09-23T13:00:00Z,2026-09-23T15:00:00+0200,4587.970499,MW,BE,BE,forecast_solar_generation,Solar,2026-09-24T23:07:07Z
2026-09-24T23:06:12Z,2026-09-25T01:06:12+0200,d8ceaef8-879d-471e-8567-7a1db01eaab7,2026-09-23T14:00:00Z,2026-09-23T16:00:00+0200,3628.769245,MW,BE,BE,forecast_solar_generation,Solar,2026-09-24T23:07:07Z
2026-09-24T23:06:12Z,2026-09-25T01:06:12+0200,d8ceaef8-879d-471e-8567-7a1db01eaab7,2026-09-23T15:00:00Z,2026-09-23T17:00:00+0200,2361.681754,MW,BE,BE,forecast_solar_generation,Solar,2026-09-24T23:07:07Z
2026-09-24T23:06:12Z,2026-09-25T01:06:12+0200,d8ceaef8-879d-471e-8567-7a1db01eaab7,2026-09-23T16:00:00Z,2026-09-23T18:00:00+0200,905.915996,MW,BE,BE,forecast_solar_generation,Solar,2026-09-24T23:07:07Z
2026-09-24T23:06:12Z,2026-09-25T01:06:12+0200,d8ceaef8-879d-471e-8567-7a1db01eaab7,2026-09-23T17:00:00Z,2026-09-23T19:00:00+0200,81.82275,MW,BE,BE,forecast_solar_generation,Solar,2026-09-24T23:07:07Z
2026-09-24T23:06:12Z,2026-09-25T01:06:12+0200,d8ceaef8-879d-471e-8567-7a1db01eaab7,2026-09-23T18:00:00Z,2026-09-23T20:00:00+0200,0.0,MW,BE,BE,forecast_solar_generation,Solar,2026-09-24T23:07:07Z
2026-09-24T23:06:12Z,2026-09-25T01:06:12+0200,d8ceaef8-879d-471e-8567-7a1db01eaab7,2026-09-23T19:00:00Z,2026-09-23T21:00:00+0200,0.0,MW,BE,BE,forecast_solar_generation,Solar,2026-09-24T23:07:07Z
2026-09-24T23:06:12Z,2026-09-25T01:06:12+0200,d8ceaef8-879d-471e-8567-7a1db01eaab7,2026-09-23T20:00:00Z,2026-09-23T22:00:00+0200,0.0,MW,BE,BE,forecast_solar_generation,Solar,2026-09-24T23:07:07Z
2026-09-24T23:06:12Z,2026-09-25T01:06:12+0200,d8ceaef8-879d-471e-8567-7a1db01eaab7,2026-09-23T21:00:00Z,2026-09-23T23:00:00+0200,0.0,MW,BE,BE,forecast_solar_generation,Solar,2026-09-24T23:07:07Z
2026-09-24T23:06:12Z,2026-09-25T01:06:12+0200,d8ceaef8-879d-471e-8567-7a1db01eaab7,2026-09-23T22:00:00Z,2026-09-24T00:00:00+0200,0.0,MW,BE,BE,forecast_solar_generation,Solar,2026-09-24T23:07:07Z
2026-09-24T23:06:12Z,2026-09-25T01:06:12+0200,d8ceaef8-879d-471e-8567-7a1db01eaab7,2026-09-23T23:00:00Z,2026-09-24T01:00:00+0200,0.0,MW,BE,BE,forecast_solar_generation,Solar,2026-09-24T23:07:07Z
2026-09-24T23:06:12Z,2026-09-25T01:06:12+0200,d8ceaef8-879d-471e-8567-7a1db01eaab7,2026-09-24T00:00:00Z,2026-09-24T02:00:00+0200,0.0,MW,BE,BE,forecast_solar_generation,Solar,2026-09-24T23:07:07Z
2026-09-24T23:06:12Z,2026-09-25T01:06:12+0200,d8ceaef8-879d-471e-8567-7a1db01eaab7,2026-09-24T01:00:00Z,2026-09-24T03:00:00+0200,0.0,MW,BE,BE,forecast_solar_generation,Solar,2026-09-24T23:07:07Z
2026-09-24T23:06:12Z,2026-09-25T01:06:12+0200,d8ceaef8-879d-471e-8567-7a1db01eaab7,2026-09-24T02:00:00Z,2026-09-24T04:00:00+0200,0.0,MW,BE,BE,forecast_solar_generation,Solar,2026-09-24T23:07:07Z
2026-09-24T23:06:12Z,2026-09-25T01:06:12+0200,d8ceaef8-879d-471e-8567-7a1db01eaab7,2026-09-24T03:00:00Z,2026-09-24T05:00:00+0200,0.0,MW,BE,BE,forecast_solar_generation,Solar,2026-09-24T23:07:07Z
2026-09-24T23:06:12Z,2026-09-25T01:06:12+0200,d8ceaef8-879d-471e-8567-7a1db01eaab7,2026-09-24T04:00:00Z,2026-09-24T06:00:00+0200,0.0,MW,BE,BE,forecast_solar_generation,Solar,2026-09-24T23:07:07Z
2026-09-24T23:06:12Z,2026-09-25T01:06:12+0200,d8ceaef8-879d-471e-8567-7a1db01eaab7,2026-09-24T05:00:00Z,2026-09-24T07:00:00+0200,35.64575,MW,BE,BE,forecast_solar_generation,Solar,2026-09-24T23:07:07Z
2026-09-24T23:06:12Z,2026-09-25T01:06:12+0200,d8ceaef8-879d-471e-8567-7a1db01eaab7,2026-09-24T06:00:00Z,2026-09-24T08:00:00+0200,724.49125,MW,BE,BE,forecast_solar_generation,Solar,2026-09-24T23:07:07Z
2026-09-24T23:06:12Z,2026-09-25T01:06:12+0200,d8ceaef8-879d-471e-8567-7a1db01eaab7,2026-09-24T07:00:00Z,2026-09-24T09:00:00+0200,2216.389252,MW,BE,BE,forecast_solar_generation,Solar,2026-09-24T23:07:07Z
2026-09-24T23:06:12Z,2026-09-25T01:06:12+0200,d8ceaef8-879d-471e-8567-7a1db01eaab7,2026-09-24T08:00:00Z,2026-09-24T10:00:00+0200,3732.849749,MW,BE,BE,forecast_solar_generation,Solar,2026-09-24T23:07:07Z
2026-09-24T23:06:12Z,2026-09-25T01:06:12+0200,d8ceaef8-879d-471e-8567-7a1db01eaab7,2026-09-24T09:00:00Z,2026-09-24T11:00:00+0200,4882.52025,MW,BE,BE,forecast_solar_generation,Solar,2026-09-24T23:07:07Z
2026-09-24T23:06:12Z,2026-09-25T01:06:12+0200,d8ceaef8-879d-471e-8567-7a1db01eaab7,2026-09-24T10:00:00Z,2026-09-24T12:00:00+0200,5544.151995,MW,BE,BE,forecast_solar_generation,Solar,2026-09-24T23:07:07Z
2026-09-24T23:06:12Z,2026-09-25T01:06:12+0200,d8ceaef8-879d-471e-8567-7a1db01eaab7,2026-09-24T11:00:00Z,2026-09-24T13:00:00+0200,5740.68425,MW,BE,BE,forecast_solar_generation,Solar,2026-09-24T23:07:07Z
2026-09-24T23:06:12Z,2026-09-25T01:06:12+0200,d8ceaef8-879d-471e-8567-7a1db01eaab7,2026-09-24T12:00:00Z,2026-09-24T14:00:00+0200,5523.828998,MW,BE,BE,forecast_solar_generation,Solar,2026-09-24T23:07:07Z
2026-09-24T23:06:12Z,2026-09-25T01:06:12+0200,d8ceaef8-879d-471e-8567-7a1db01eaab7,2026-09-24T13:00:00Z,2026-09-24T15:00:00+0200,5074.08926,MW,BE,BE,forecast_solar_generation,Solar,2026-09-24T23:07:07Z
2026-09-24T23:06:12Z,2026-09-25T01:06:12+0200,d8ceaef8-879d-471e-8567-7a1db01eaab7,2026-09-24T14:00:00Z,2026-09-24T16:00:00+0200,4236.133754,MW,BE,BE,forecast_solar_generation,Solar,2026-09-24T23:07:07Z
2026-09-24T23:06:12Z,2026-09-25T01:06:12+0200,d8ceaef8-879d-471e-8567-7a1db01eaab7,2026-09-24T15:00:00Z,2026-09-24T17:00:00+0200,2816.186247,MW,BE,BE,forecast_solar_generation,Solar,2026-09-24T23:07:07Z
2026-09-24T23:06:12Z,2026-09-25T01:06:12+0200,d8ceaef8-879d-471e-8567-7a1db01eaab7,2026-09-24T16:00:00Z,2026-09-24T18:00:00+0200,1017.985,MW,BE,BE,forecast_solar_generation,Solar,2026-09-24T23:07:07Z
2026-09-24T23:06:12Z,2026-09-25T01:06:12+0200,d8ceaef8-879d-471e-8567-7a1db01eaab7,2026-09-24T17:00:00Z,2026-09-24T19:00:00+0200,78.8405,MW,BE,BE,forecast_solar_generation,Solar,2026-09-24T23:07:07Z
2026-09-24T23:06:12Z,2026-09-25T01:06:12+0200,d8ceaef8-879d-471e-8567-7a1db01eaab7,2026-09-24T18:00:00Z,2026-09-24T20:00:00+0200,0.0,MW,BE,BE,forecast_solar_generation,Solar,2026-09-24T23:07:07Z
2026-09-24T23:06:12Z,2026-09-25T01:06:12+0200,d8ceaef8-879d-471e-8567-7a1db01eaab7,2026-09-24T19:00:00Z,2026-09-24T21:00:00+0200,0.0,MW,BE,BE,forecast_solar_generation,Solar,2026-09-24T23:07:07Z
2026-09-24T23:06:12Z,2026-09-25T01:06:12+0200,d8ceaef8-879d-471e-8567-7a1db01eaab7,2026-09-24T20:00:00Z,2026-09-24T22:00:00+0200,0.0,MW,BE,BE,forecast_solar_generation,Solar,2026-09-24T23:07:07Z
2026-09-24T23:06:12Z,2026-09-25T01:06:12+0200,d8ceaef8-879d-471e-8567-7a1db01eaab7,2026-09-24T21:00:00Z,2026-09-24T23:00:00+0200,0.0,MW,BE,BE,forecast_solar_generation,Solar,2026-09-24T23:07:07Z
2026-09-24T23:06:12Z,2026-09-25T01:06:12+0200,d8ceaef8-879d-471e-8567-7a1db01eaab7,2026-09-24T22:00:00Z,2026-09-25T00:00:00+0200,0.0,MW,BE,BE,forecast_solar_generation,Solar,2026-09-24T23:07:07Z
2026-09-24T23:06:12Z,2026-09-25T01:06:12+0200,d8ceaef8-879d-471e-8567-7a1db01eaab7,2026-09-25T00:00:00Z,2026-09-25T02:00:00+0200,0.0,MW,BE,BE,forecast_solar_generation,Solar,2026-09-24T23:07:14Z
2026-09-24T23:06:12Z,2026-09-25T01:06:12+0200,d8ceaef8-879d-471e-8567-7a1db01eaab7,2026-09-25T01:00:00Z,2026-09-25T03:00:00+0200,0.0,MW,BE,BE,forecast_solar_generation,Solar,2026-09-24T23:07:14Z
2026-09-24T23:06:12Z,2026-09-25T01:06:12+0200,d8ceaef8-879d-471e-8567-7a1db01eaab7,2026-09-25T02:00:00Z,2026-09-25T04:00:00+0200,0.0,MW,BE,BE,forecast_solar_generation,Solar,2026-09-24T23:07:14Z
2026-09-24T23:06:12Z,2026-09-25T01:06:12+0200,d8ceaef8-879d-471e-8567-7a1db01eaab7,2026-09-25T03:00:00Z,2026-09-25T05:00:00+0200,0.0,MW,BE,BE,forecast_solar_generation,Solar,2026-09-24T23:07:14Z
2026-09-24T23:06:12Z,2026-09-25T01:06:12+0200,d8ceaef8-879d-471e-8567-7a1db01eaab7,2026-09-25T04:00:00Z,2026-09-25T06:00:00+0200,0.0,MW,BE,BE,forecast_solar_generation,Solar,2026-09-24T23:07:14Z
2026-09-24T23:06:12Z,2026-09-25T01:06:12+0200,d8ceaef8-879d-471e-8567-7a1db01eaab7,2026-09-25T05:00:00Z,2026-09-25T07:00:00+0200,39.66675,MW,BE,BE,forecast_solar_generation,Solar,2026-09-24T23:07:14Z
2026-09-24T23:06:12Z,2026-09-25T01:06:12+0200,d8ceaef8-879d-471e-8567-7a1db01eaab7,2026-09-25T06:00:00Z,2026-09-25T08:00:00+0200,1022.673002,MW,BE,BE,forecast_solar_generation,Solar,2026-09-24T23:07:14Z
2026-09-24T23:06:12Z,2026-09-25T01:06:12+0200,d8ceaef8-879d-471e-8567-7a1db01eaab7,2026-09-25T07:00:00Z,2026-09-25T09:00:00+0200,3257.995496,MW,BE,BE,forecast_solar_generation,Solar,2026-09-24T23:07:14Z
2026-09-24T23:06:12Z,2026-09-25T01:06:12+0200,d8ceaef8-879d-471e-8567-7a1db01eaab7,2026-09-25T08:00:00Z,2026-09-25T10:00:00+0200,5197.82775,MW,BE,BE,forecast_solar_generation,Solar,2026-09-24T23:07:14Z
2026-09-24T23:06:12Z,2026-09-25T01:06:12+0200,d8ceaef8-879d-471e-8567-7a1db01eaab7,2026-09-25T09:00:00Z,2026-09-25T11:00:00+0200,6697.251009,MW,BE,BE,forecast_solar_generation,Solar,2026-09-24T23:07:14Z
2026-09-24T23:06:12Z,2026-09-25T01:06:12+0200,d8ceaef8-879d-471e-8567-7a1db01eaab7,2026-09-25T10:00:00Z,2026-09-25T12:00:00+0200,7523.822002,MW,BE,BE,forecast_solar_generation,Solar,2026-09-24T23:07:14Z
2026-09-24T23:06:12Z,2026-09-25T01:06:12+0200,d8ceaef8-879d-471e-8567-7a1db01eaab7,2026-09-25T11:00:00Z,2026-09-25T13:00:00+0200,7756.512747,MW,BE,BE,forecast_solar_generation,Solar,2026-09-24T23:07:14Z
2026-09-24T23:06:12Z,2026-09-25T01:06:12+0200,d8ceaef8-879d-471e-8567-7a1db01eaab7,2026-09-25T12:00:00Z,2026-09-25T14:00:00+0200,7486.788751,MW,BE,BE,forecast_solar_generation,Solar,2026-09-24T23:07:14Z
2026-09-24T23:06:12Z,2026-09-25T01:06:12+0200,d8ceaef8-879d-471e-8567-7a1db01eaab7,2026-09-25T13:00:00Z,2026-09-25T15:00:00+0200,6762.272255,MW,BE,BE,forecast_solar_generation,Solar,2026-09-24T23:07:14Z
2026-09-24T23:06:12Z,2026-09-25T01:06:12+0200,d8ceaef8-879d-471e-8567-7a1db01eaab7,2026-09-25T14:00:00Z,2026-09-25T16:00:00+0200,5344.321997,MW,BE,BE,forecast_solar_generation,Solar,2026-09-24T23:07:14Z
2026-09-24T23:06:12Z,2026-09-25T01:06:12+0200,d8ceaef8-879d-471e-8567-7a1db01eaab7,2026-09-25T15:00:00Z,2026-09-25T17:00:00+0200,3374.994006,MW,BE,BE,forecast_solar_generation,Solar,2026-09-24T23:07:14Z
2026-09-24T23:06:12Z,2026-09-25T01:06:12+0200,d8ceaef8-879d-471e-8567-7a1db01eaab7,2026-09-25T16:00:00Z,2026-09-25T18:00:00+0200,1127.161749,MW,BE,BE,forecast_solar_generation,Solar,2026-09-24T23:07:14Z
2026-09-24T23:06:12Z,2026-09-25T01:06:12+0200,d8ceaef8-879d-471e-8567-7a1db01eaab7,2026-09-25T17:00:00Z,2026-09-25T19:00:00+0200,74.70175,MW,BE,BE,forecast_solar_generation,Solar,2026-09-24T23:07:14Z
2026-09-24T23:06:12Z,2026-09-25T01:06:12+0200,d8ceaef8-879d-471e-8567-7a1db01eaab7,2026-09-25T18:00:00Z,2026-09-25T20:00:00+0200,0.0,MW,BE,BE,forecast_solar_generation,Solar,2026-09-24T23:07:14Z
2026-09-24T23:06:12Z,2026-09-25T01:06:12+0200,d8ceaef8-879d-471e-8567-7a1db01eaab7,2026-09-25T19:00:00Z,2026-09-25T21:00:00+0200,0.0,MW,BE,BE,forecast_solar_generation,Solar,2026-09-24T23:07:14Z
2026-09-24T23:06:12Z,2026-09-25T01:06:12+0200,d8ceaef8-879d-471e-8567-7a1db01eaab7,2026-09-25T20:00:00Z,2026-09-25T22:00:00+0200,0.0,MW,BE,BE,forecast_solar_generation,Solar,2026-09-24T23:07:14Z
2026-09-24T23:06:12Z,2026-09-25T01:06:12+0200,d8ceaef8-879d-471e-8567-7a1db01eaab7,2026-09-25T21:00:00Z,2026-09-25T23:00:00+0200,0.0,MW,BE,BE,forecast_solar_generation,Solar,2026-09-24T23:07:14Z
