collection_time_utc,collection_time_local,run_id,timestamp_utc,timestamp_local,value,unit,country,entsoe_area,variable,source,updated_at_utc
2026-05-23T22:26:36Z,2026-05-24T00:26:36+0200,35a99b20-1361-4eb7-8009-5b844fa790cc,2026-04-22T22:30:00Z,2026-04-23T00:30:00+0200,43600.0,MW,FR,FR,forecast_load,Forecasted Load,2026-05-23T22:27:11Z
2026-05-23T22:26:36Z,2026-05-24T00:26:36+0200,35a99b20-1361-4eb7-8009-5b844fa790cc,2026-04-22T22:45:00Z,2026-04-23T00:45:00+0200,42700.0,MW,FR,FR,forecast_load,Forecasted Load,2026-05-23T22:27:11Z
2026-05-23T22:26:36Z,2026-05-24T00:26:36+0200,35a99b20-1361-4eb7-8009-5b844fa790cc,2026-04-22T23:00:00Z,2026-04-23T01:00:00+0200,41800.0,MW,FR,FR,forecast_load,Forecasted Load,2026-05-23T22:27:11Z
2026-05-23T22:26:36Z,2026-05-24T00:26:36+0200,35a99b20-1361-4eb7-8009-5b844fa790cc,2026-04-22T23:15:00Z,2026-04-23T01:15:00+0200,42150.0,MW,FR,FR,forecast_load,Forecasted Load,2026-05-23T22:27:11Z
2026-05-23T22:26:36Z,2026-05-24T00:26:36+0200,35a99b20-1361-4eb7-8009-5b844fa790cc,2026-04-22T23:30:00Z,2026-04-23T01:30:00+0200,42500.0,MW,FR,FR,forecast_load,Forecasted Load,2026-05-23T22:27:11Z
2026-05-23T22:26:36Z,2026-05-24T00:26:36+0200,35a99b20-1361-4eb7-8009-5b844fa790cc,2026-04-22T23:45:00Z,2026-04-23T01:45:00+0200,42100.0,MW,FR,FR,forecast_load,Forecasted Load,2026-05-23T22:27:11Z
2026-05-23T22:26:36Z,2026-05-24T00:26:36+0200,35a99b20-1361-4eb7-8009-5b844fa790cc,2026-04-23T00:00:00Z,2026-04-23T02:00:00+0200,41700.0,MW,FR,FR,forecast_load,Forecasted Load,2026-05-23T22:27:11Z
2026-05-23T22:26:36Z,2026-05-24T00:26:36+0200,35a99b20-1361-4eb7-8009-5b844fa790cc,2026-04-23T00:15:00Z,2026-04-23T02:15:00+0200,41000.0,MW,FR,FR,forecast_load,Forecasted Load,2026-05-23T22:27:11Z
2026-05-23T22:26:36Z,2026-05-24T00:26:36+0200,35a99b20-1361-4eb7-8009-5b844fa790cc,2026-04-23T00:30:00Z,2026-04-23T02:30:00+0200,40300.0,MW,FR,FR,forecast_load,Forecasted Load,2026-05-23T22:27:11Z
2026-05-23T22:26:36Z,2026-05-24T00:26:36+0200,35a99b20-1361-4eb7-8009-5b844fa790cc,2026-04-23T00:45:00Z,2026-04-23T02:45:00+0200,39650.0,MW,FR,FR,forecast_load,Forecasted Load,2026-05-23T22:27:11Z
2026-05-23T22:26:36Z,2026-05-24T00:26:36+0200,35a99b20-1361-4eb7-8009-5b844fa790cc,2026-04-23T01:00:00Z,2026-04-23T03:00:00+0200,39000.0,MW,FR,FR,forecast_load,Forecasted Load,2026-05-23T22:27:11Z
2026-05-23T22:26:36Z,2026-05-24T00:26:36+0200,35a99b20-1361-4eb7-8009-5b844fa790cc,2026-04-23T01:15:00Z,2026-04-23T03:15:00+0200,38650.0,MW,FR,FR,forecast_load,Forecasted Load,2026-05-23T22:27:11Z
2026-05-23T22:26:36Z,2026-05-24T00:26:36+0200,35a99b20-1361-4eb7-8009-5b844fa790cc,2026-04-23T01:30:00Z,2026-04-23T03:30:00+0200,38300.0,MW,FR,FR,forecast_load,Forecasted Load,2026-05-23T22:27:11Z
2026-05-23T22:26:36Z,2026-05-24T00:26:36+0200,35a99b20-1361-4eb7-8009-5b844fa790cc,2026-04-23T01:45:00Z,2026-04-23T03:45:00+0200,38000.0,MW,FR,FR,forecast_load,Forecasted Load,2026-05-23T22:27:11Z
2026-05-23T22:26:36Z,2026-05-24T00:26:36+0200,35a99b20-1361-4eb7-8009-5b844fa790cc,2026-04-23T02:00:00Z,2026-04-23T04:00:00+0200,37700.0,MW,FR,FR,forecast_load,Forecasted Load,2026-05-23T22:27:11Z
2026-05-23T22:26:36Z,2026-05-24T00:26:36+0200,35a99b20-1361-4eb7-8009-5b844fa790cc,2026-04-23T02:15:00Z,2026-04-23T04:15:00+0200,37800.0,MW,FR,FR,forecast_load,Forecasted Load,2026-05-23T22:27:11Z
2026-05-23T22:26:36Z,2026-05-24T00:26:36+0200,35a99b20-1361-4eb7-8009-5b844fa790cc,2026-04-23T02:30:00Z,2026-04-23T04:30:00+0200,37900.0,MW,FR,FR,forecast_load,Forecasted Load,2026-05-23T22:27:11Z
2026-05-23T22:26:36Z,2026-05-24T00:26:36+0200,35a99b20-1361-4eb7-8009-5b844fa790cc,2026-04-23T02:45:00Z,2026-04-23T04:45:00+0200,38300.0,MW,FR,FR,forecast_load,Forecasted Load,2026-05-23T22:27:11Z
2026-05-23T22:26:36Z,2026-05-24T00:26:36+0200,35a99b20-1361-4eb7-8009-5b844fa790cc,2026-04-23T03:00:00Z,2026-04-23T05:00:00+0200,38700.0,MW,FR,FR,forecast_load,Forecasted Load,2026-05-23T22:27:11Z
2026-05-23T22:26:36Z,2026-05-24T00:26:36+0200,35a99b20-1361-4eb7-8009-5b844fa790cc,2026-04-23T03:15:00Z,2026-04-23T05:15:00+0200,39250.0,MW,FR,FR,forecast_load,Forecasted Load,2026-05-23T22:27:11Z
2026-05-23T22:26:36Z,2026-05-24T00:26:36+0200,35a99b20-1361-4eb7-8009-5b844fa790cc,2026-04-23T03:30:00Z,2026-04-23T05:30:00+0200,39800.0,MW,FR,FR,forecast_load,Forecasted Load,2026-05-23T22:27:11Z
2026-05-23T22:26:36Z,2026-05-24T00:26:36+0200,35a99b20-1361-4eb7-8009-5b844fa790cc,2026-04-23T03:45:00Z,2026-04-23T05:45:00+0200,40500.0,MW,FR,FR,forecast_load,Forecasted Load,2026-05-23T22:27:11Z
2026-05-23T22:26:36Z,2026-05-24T00:26:36+0200,35a99b20-1361-4eb7-8009-5b844fa790cc,2026-04-23T04:00:00Z,2026-04-23T06:00:00+0200,41200.0,MW,FR,FR,forecast_load,Forecasted Load,2026-05-23T22:27:11Z
2026-05-23T22:26:36Z,2026-05-24T00:26:36+0200,35a99b20-1361-4eb7-8009-5b844fa790cc,2026-04-23T04:15:00Z,2026-04-23T06:15:00+0200,42350.0,MW,FR,FR,forecast_load,Forecasted Load,2026-05-23T22:27:11Z
2026-05-23T22:26:36Z,2026-05-24T00:26:36+0200,35a99b20-1361-4eb7-8009-5b844fa790cc,2026-04-23T04:30:00Z,2026-04-23T06:30:00+0200,43500.0,MW,FR,FR,forecast_load,Forecasted Load,2026-05-23T22:27:11Z
2026-05-23T22:26:36Z,2026-05-24T00:26:36+0200,35a99b20-1361-4eb7-8009-5b844fa790cc,2026-04-23T04:45:00Z,2026-04-23T06:45:00+0200,44600.0,MW,FR,FR,forecast_load,Forecasted Load,2026-05-23T22:27:11Z
2026-05-23T22:26:36Z,2026-05-24T00:26:36+0200,35a99b20-1361-4eb7-8009-5b844fa790cc,2026-04-23T05:00:00Z,2026-04-23T07:00:00+0200,45700.0,MW,FR,FR,forecast_load,Forecasted Load,2026-05-23T22:27:11Z
2026-05-23T22:26:36Z,2026-05-24T00:26:36+0200,35a99b20-1361-4eb7-8009-5b844fa790cc,2026-04-23T05:15:00Z,2026-04-23T07:15:00+0200,46550.0,MW,FR,FR,forecast_load,Forecasted Load,2026-05-23T22:27:11Z
2026-05-23T22:26:36Z,2026-05-24T00:26:36+0200,35a99b20-1361-4eb7-8009-5b844fa790cc,2026-04-23T05:30:00Z,2026-04-23T07:30:00+0200,47400.0,MW,FR,FR,forecast_load,Forecasted Load,2026-05-23T22:27:11Z
2026-05-23T22:26:36Z,2026-05-24T00:26:36+0200,35a99b20-1361-4eb7-8009-5b844fa790cc,2026-04-23T05:45:00Z,2026-04-23T07:45:00+0200,47800.0,MW,FR,FR,forecast_load,Forecasted Load,2026-05-23T22:27:11Z
2026-05-23T22:26:36Z,2026-05-24T00:26:36+0200,35a99b20-1361-4eb7-8009-5b844fa790cc,2026-04-23T06:00:00Z,2026-04-23T08:00:00+0200,48200.0,MW,FR,FR,forecast_load,Forecasted Load,2026-05-23T22:27:11Z
2026-05-23T22:26:36Z,2026-05-24T00:26:36+0200,35a99b20-1361-4eb7-8009-5b844fa790cc,2026-04-23T06:15:00Z,2026-04-23T08:15:00+0200,48550.0,MW,FR,FR,forecast_load,Forecasted Load,2026-05-23T22:27:11Z
2026-05-23T22:26:36Z,2026-05-24T00:26:36+0200,35a99b20-1361-4eb7-8009-5b844fa790cc,2026-04-23T06:30:00Z,2026-04-23T08:30:00+0200,48900.0,MW,FR,FR,forecast_load,Forecasted Load,2026-05-23T22:27:11Z
2026-05-23T22:26:36Z,2026-05-24T00:26:36+0200,35a99b20-1361-4eb7-8009-5b844fa790cc,2026-04-23T06:45:00Z,2026-04-23T08:45:00+0200,48700.0,MW,FR,FR,forecast_load,Forecasted Load,2026-05-23T22:27:11Z
2026-05-23T22:26:36Z,2026-05-24T00:26:36+0200,35a99b20-1361-4eb7-8009-5b844fa790cc,2026-04-23T07:00:00Z,2026-04-23T09:00:00+0200,48500.0,MW,FR,FR,forecast_load,Forecasted Load,2026-05-23T22:27:11Z
2026-05-23T22:26:36Z,2026-05-24T00:26:36+0200,35a99b20-1361-4eb7-8009-5b844fa790cc,2026-04-23T07:15:00Z,2026-04-23T09:15:00+0200,48500.0,MW,FR,FR,forecast_load,Forecasted Load,2026-05-23T22:27:11Z
2026-05-23T22:26:36Z,2026-05-24T00:26:36+0200,35a99b20-1361-4eb7-8009-5b844fa790cc,2026-04-23T07:30:00Z,2026-04-23T09:30:00+0200,48500.0,MW,FR,FR,forecast_load,Forecasted Load,2026-05-23T22:27:11Z
2026-05-23T22:26:36Z,2026-05-24T00:26:36+0200,35a99b20-1361-4eb7-8009-5b844fa790cc,2026-04-23T07:45:00Z,2026-04-23T09:45:00+0200,48200.0,MW,FR,FR,forecast_load,Forecasted Load,2026-05-23T22:27:11Z
2026-05-23T22:26:36Z,2026-05-24T00:26:36+0200,35a99b20-1361-4eb7-8009-5b844fa790cc,2026-04-23T08:00:00Z,2026-04-23T10:00:00+0200,47900.0,MW,FR,FR,forecast_load,Forecasted Load,2026-05-23T22:27:11Z
2026-05-23T22:26:36Z,2026-05-24T00:26:36+0200,35a99b20-1361-4eb7-8009-5b844fa790cc,2026-04-23T08:15:00Z,2026-04-23T10:15:00+0200,47700.0,MW,FR,FR,forecast_load,Forecasted Load,2026-05-23T22:27:11Z
2026-05-23T22:26:36Z,2026-05-24T00:26:36+0200,35a99b20-1361-4eb7-8009-5b844fa790cc,2026-04-23T08:30:00Z,2026-04-23T10:30:00+0200,47500.0,MW,FR,FR,forecast_load,Forecasted Load,2026-05-23T22:27:11Z
2026-05-23T22:26:36Z,2026-05-24T00:26:36+0200,35a99b20-1361-4eb7-8009-5b844fa790cc,2026-04-23T08:45:00Z,2026-04-23T10:45:00+0200,47300.0,MW,FR,FR,forecast_load,Forecasted Load,2026-05-23T22:27:11Z
2026-05-23T22:26:36Z,2026-05-24T00:26:36+0200,35a99b20-1361-4eb7-8009-5b844fa790cc,2026-04-23T09:00:00Z,2026-04-23T11:00:00+0200,47100.0,MW,FR,FR,forecast_load,Forecasted Load,2026-05-23T22:27:11Z
2026-05-23T22:26:36Z,2026-05-24T00:26:36+0200,35a99b20-1361-4eb7-8009-5b844fa790cc,2026-04-23T09:15:00Z,2026-04-23T11:15:00+0200,47050.0,MW,FR,FR,forecast_load,Forecasted Load,2026-05-23T22:27:11Z
2026-05-23T22:26:36Z,2026-05-24T00:26:36+0200,35a99b20-1361-4eb7-8009-5b844fa790cc,2026-04-23T09:30:00Z,2026-04-23T11:30:00+0200,47000.0,MW,FR,FR,forecast_load,Forecasted Load,2026-05-23T22:27:11Z
2026-05-23T22:26:36Z,2026-05-24T00:26:36+0200,35a99b20-1361-4eb7-8009-5b844fa790cc,2026-04-23T09:45:00Z,2026-04-23T11:45:00+0200,47350.0,MW,FR,FR,forecast_load,Forecasted Load,2026-05-23T22:27:11Z
2026-05-23T22:26:36Z,2026-05-24T00:26:36+0200,35a99b20-1361-4eb7-8009-5b844fa790cc,2026-04-23T10:00:00Z,2026-04-23T12:00:00+0200,47700.0,MW,FR,FR,forecast_load,Forecasted Load,2026-05-23T22:27:11Z
2026-05-23T22:26:36Z,2026-05-24T00:26:36+0200,35a99b20-1361-4eb7-8009-5b844fa790cc,2026-04-23T10:15:00Z,2026-04-23T12:15:00+0200,47200.0,MW,FR,FR,forecast_load,Forecasted Load,2026-05-23T22:27:11Z
2026-05-23T22:26:36Z,2026-05-24T00:26:36+0200,35a99b20-1361-4eb7-8009-5b844fa790cc,2026-04-23T10:30:00Z,2026-04-23T12:30:00+0200,46700.0,MW,FR,FR,forecast_load,Forecasted Load,2026-05-23T22:27:11Z
2026-05-23T22:26:36Z,2026-05-24T00:26:36+0200,35a99b20-1361-4eb7-8009-5b844fa790cc,2026-04-23T10:45:00Z,2026-04-23T12:45:00+0200,47150.0,MW,FR,FR,forecast_load,Forecasted Load,2026-05-23T22:27:11Z
2026-05-23T22:26:36Z,2026-05-24T00:26:36+0200,35a99b20-1361-4eb7-8009-5b844fa790cc,2026-04-23T11:00:00Z,2026-04-23T13:00:00+0200,47600.0,MW,FR,FR,forecast_load,Forecasted Load,2026-05-23T22:27:11Z
2026-05-23T22:26:36Z,2026-05-24T00:26:36+0200,35a99b20-1361-4eb7-8009-5b844fa790cc,2026-04-23T11:15:00Z,2026-04-23T13:15:00+0200,46600.0,MW,FR,FR,forecast_load,Forecasted Load,2026-05-23T22:27:11Z
2026-05-23T22:26:36Z,2026-05-24T00:26:36+0200,35a99b20-1361-4eb7-8009-5b844fa790cc,2026-04-23T11:30:00Z,2026-04-23T13:30:00+0200,45600.0,MW,FR,FR,forecast_load,Forecasted Load,2026-05-23T22:27:11Z
2026-05-23T22:26:36Z,2026-05-24T00:26:36+0200,35a99b20-1361-4eb7-8009-5b844fa790cc,2026-04-23T11:45:00Z,2026-04-23T13:45:00+0200,45350.0,MW,FR,FR,forecast_load,Forecasted Load,2026-05-23T22:27:11Z
2026-05-23T22:26:36Z,2026-05-24T00:26:36+0200,35a99b20-1361-4eb7-8009-5b844fa790cc,2026-04-23T12:00:00Z,2026-04-23T14:00:00+0200,45100.0,MW,FR,FR,forecast_load,Forecasted Load,2026-05-23T22:27:11Z
2026-05-23T22:26:36Z,2026-05-24T00:26:36+0200,35a99b20-1361-4eb7-8009-5b844fa790cc,2026-04-23T12:15:00Z,2026-04-23T14:15:00+0200,45650.0,MW,FR,FR,forecast_load,Forecasted Load,2026-05-23T22:27:11Z
2026-05-23T22:26:36Z,2026-05-24T00:26:36+0200,35a99b20-1361-4eb7-8009-5b844fa790cc,2026-04-23T12:30:00Z,2026-04-23T14:30:00+0200,46200.0,MW,FR,FR,forecast_load,Forecasted Load,2026-05-23T22:27:11Z
2026-05-23T22:26:36Z,2026-05-24T00:26:36+0200,35a99b20-1361-4eb7-8009-5b844fa790cc,2026-04-23T12:45:00Z,2026-04-23T14:45:00+0200,45800.0,MW,FR,FR,forecast_load,Forecasted Load,2026-05-23T22:27:11Z
2026-05-23T22:26:36Z,2026-05-24T00:26:36+0200,35a99b20-1361-4eb7-8009-5b844fa790cc,2026-04-23T13:00:00Z,2026-04-23T15:00:00+0200,45400.0,MW,FR,FR,forecast_load,Forecasted Load,2026-05-23T22:27:11Z
2026-05-23T22:26:36Z,2026-05-24T00:26:36+0200,35a99b20-1361-4eb7-8009-5b844fa790cc,2026-04-23T13:15:00Z,2026-04-23T15:15:00+0200,44950.0,MW,FR,FR,forecast_load,Forecasted Load,2026-05-23T22:27:11Z
2026-05-23T22:26:36Z,2026-05-24T00:26:36+0200,35a99b20-1361-4eb7-8009-5b844fa790cc,2026-04-23T13:30:00Z,2026-04-23T15:30:00+0200,44500.0,MW,FR,FR,forecast_load,Forecasted Load,2026-05-23T22:27:11Z
2026-05-23T22:26:36Z,2026-05-24T00:26:36+0200,35a99b20-1361-4eb7-8009-5b844fa790cc,2026-04-23T13:45:00Z,2026-04-23T15:45:00+0200,43850.0,MW,FR,FR,forecast_load,Forecasted Load,2026-05-23T22:27:11Z
2026-05-23T22:26:36Z,2026-05-24T00:26:36+0200,35a99b20-1361-4eb7-8009-5b844fa790cc,2026-04-23T14:00:00Z,2026-04-23T16:00:00+0200,43200.0,MW,FR,FR,forecast_load,Forecasted Load,2026-05-23T22:27:11Z
2026-05-23T22:26:36Z,2026-05-24T00:26:36+0200,35a99b20-1361-4eb7-8009-5b844fa790cc,2026-04-23T14:15:00Z,2026-04-23T16:15:00+0200,42800.0,MW,FR,FR,forecast_load,Forecasted Load,2026-05-23T22:27:11Z
2026-05-23T22:26:36Z,2026-05-24T00:26:36+0200,35a99b20-1361-4eb7-8009-5b844fa790cc,2026-04-23T14:30:00Z,2026-04-23T16:30:00+0200,42400.0,MW,FR,FR,forecast_load,Forecasted Load,2026-05-23T22:27:11Z
2026-05-23T22:26:36Z,2026-05-24T00:26:36+0200,35a99b20-1361-4eb7-8009-5b844fa790cc,2026-04-23T14:45:00Z,2026-04-23T16:45:00+0200,42000.0,MW,FR,FR,forecast_load,Forecasted Load,2026-05-23T22:27:11Z
2026-05-23T22:26:36Z,2026-05-24T00:26:36+0200,35a99b20-1361-4eb7-8009-5b844fa790cc,2026-04-23T15:00:00Z,2026-04-23T17:00:00+0200,41600.0,MW,FR,FR,forecast_load,Forecasted Load,2026-05-23T22:27:11Z
2026-05-23T22:26:36Z,2026-05-24T00:26:36+0200,35a99b20-1361-4eb7-8009-5b844fa790cc,2026-04-23T15:15:00Z,2026-04-23T17:15:00+0200,41750.0,MW,FR,FR,forecast_load,Forecasted Load,2026-05-23T22:27:11Z
2026-05-23T22:26:36Z,2026-05-24T00:26:36+0200,35a99b20-1361-4eb7-8009-5b844fa790cc,2026-04-23T15:30:00Z,2026-04-23T17:30:00+0200,41900.0,MW,FR,FR,forecast_load,Forecasted Load,2026-05-23T22:27:11Z
2026-05-23T22:26:36Z,2026-05-24T00:26:36+0200,35a99b20-1361-4eb7-8009-5b844fa790cc,2026-04-23T15:45:00Z,2026-04-23T17:45:00+0200,42450.0,MW,FR,FR,forecast_load,Forecasted Load,2026-05-23T22:27:11Z
2026-05-23T22:26:36Z,2026-05-24T00:26:36+0200,35a99b20-1361-4eb7-8009-5b844fa790cc,2026-04-23T16:00:00Z,2026-04-23T18:00:00+0200,43000.0,MW,FR,FR,forecast_load,Forecasted Load,2026-05-23T22:27:11Z
2026-05-23T22:26:36Z,2026-05-24T00:26:36+0200,35a99b20-1361-4eb7-8009-5b844fa790cc,2026-04-23T16:15:00Z,2026-04-23T18:15:00+0200,43700.0,MW,FR,FR,forecast_load,Forecasted Load,2026-05-23T22:27:11Z
2026-05-23T22:26:36Z,2026-05-24T00:26:36+0200,35a99b20-1361-4eb7-8009-5b844fa790cc,2026-04-23T16:30:00Z,2026-04-23T18:30:00+0200,44400.0,MW,FR,FR,forecast_load,Forecasted Load,2026-05-23T22:27:11Z
2026-05-23T22:26:36Z,2026-05-24T00:26:36+0200,35a99b20-1361-4eb7-8009-5b844fa790cc,2026-04-23T16:45:00Z,2026-04-23T18:45:00+0200,45450.0,MW,FR,FR,forecast_load,Forecasted Load,2026-05-23T22:27:11Z
2026-05-23T22:26:36Z,2026-05-24T00:26:36+0200,35a99b20-1361-4eb7-8009-5b844fa790cc,2026-04-23T17:00:00Z,2026-04-23T19:00:00+0200,46500.0,MW,FR,FR,forecast_load,Forecasted Load,2026-05-23T22:27:11Z
2026-05-23T22:26:36Z,2026-05-24T00:26:36+0200,35a99b20-1361-4eb7-8009-5b844fa790cc,2026-04-23T17:15:00Z,2026-04-23T19:15:00+0200,46900.0,MW,FR,FR,forecast_load,Forecasted Load,2026-05-23T22:27:11Z
2026-05-23T22:26:36Z,2026-05-24T00:26:36+0200,35a99b20-1361-4eb7-8009-5b844fa790cc,2026-04-23T17:30:00Z,2026-04-23T19:30:00+0200,47300.0,MW,FR,FR,forecast_load,Forecasted Load,2026-05-23T22:27:11Z
2026-05-23T22:26:36Z,2026-05-24T00:26:36+0200,35a99b20-1361-4eb7-8009-5b844fa790cc,2026-04-23T17:45:00Z,2026-04-23T19:45:00+0200,47050.0,MW,FR,FR,forecast_load,Forecasted Load,2026-05-23T22:27:11Z
2026-05-23T22:26:36Z,2026-05-24T00:26:36+0200,35a99b20-1361-4eb7-8009-5b844fa790cc,2026-04-23T18:00:00Z,2026-04-23T20:00:00+0200,46800.0,MW,FR,FR,forecast_load,Forecasted Load,2026-05-23T22:27:11Z
2026-05-23T22:26:36Z,2026-05-24T00:26:36+0200,35a99b20-1361-4eb7-8009-5b844fa790cc,2026-04-23T18:15:00Z,2026-04-23T20:15:00+0200,46350.0,MW,FR,FR,forecast_load,Forecasted Load,2026-05-23T22:27:11Z
2026-05-23T22:26:36Z,2026-05-24T00:26:36+0200,35a99b20-1361-4eb7-8009-5b844fa790cc,2026-04-23T18:30:00Z,2026-04-23T20:30:00+0200,45900.0,MW,FR,FR,forecast_load,Forecasted Load,2026-05-23T22:27:11Z
2026-05-23T22:26:36Z,2026-05-24T00:26:36+0200,35a99b20-1361-4eb7-8009-5b844fa790cc,2026-04-23T18:45:00Z,2026-04-23T20:45:00+0200,46100.0,MW,FR,FR,forecast_load,Forecasted Load,2026-05-23T22:27:11Z
2026-05-23T22:26:36Z,2026-05-24T00:26:36+0200,35a99b20-1361-4eb7-8009-5b844fa790cc,2026-04-23T19:00:00Z,2026-04-23T21:00:00+0200,46300.0,MW,FR,FR,forecast_load,Forecasted Load,2026-05-23T22:27:11Z
2026-05-23T22:26:36Z,2026-05-24T00:26:36+0200,35a99b20-1361-4eb7-8009-5b844fa790cc,2026-04-23T19:15:00Z,2026-04-23T21:15:00+0200,45900.0,MW,FR,FR,forecast_load,Forecasted Load,2026-05-23T22:27:11Z
2026-05-23T22:26:36Z,2026-05-24T00:26:36+0200,35a99b20-1361-4eb7-8009-5b844fa790cc,2026-04-23T19:30:00Z,2026-04-23T21:30:00+0200,45500.0,MW,FR,FR,forecast_load,Forecasted Load,2026-05-23T22:27:11Z
2026-05-23T22:26:36Z,2026-05-24T00:26:36+0200,35a99b20-1361-4eb7-8009-5b844fa790cc,2026-04-23T19:45:00Z,2026-04-23T21:45:00+0200,45250.0,MW,FR,FR,forecast_load,Forecasted Load,2026-05-23T22:27:11Z
2026-05-23T22:26:36Z,2026-05-24T00:26:36+0200,35a99b20-1361-4eb7-8009-5b844fa790cc,2026-04-23T20:00:00Z,2026-04-23T22:00:00+0200,45000.0,MW,FR,FR,forecast_load,Forecasted Load,2026-05-23T22:27:11Z
2026-05-23T22:26:36Z,2026-05-24T00:26:36+0200,35a99b20-1361-4eb7-8009-5b844fa790cc,2026-04-23T20:15:00Z,2026-04-23T22:15:00+0200,45300.0,MW,FR,FR,forecast_load,Forecasted Load,2026-05-23T22:27:11Z
2026-05-23T22:26:36Z,2026-05-24T00:26:36+0200,35a99b20-1361-4eb7-8009-5b844fa790cc,2026-04-23T20:30:00Z,2026-04-23T22:30:00+0200,45600.0,MW,FR,FR,forecast_load,Forecasted Load,2026-05-23T22:27:11Z
2026-05-23T22:26:36Z,2026-05-24T00:26:36+0200,35a99b20-1361-4eb7-8009-5b844fa790cc,2026-04-23T20:45:00Z,2026-04-23T22:45:00+0200,46300.0,MW,FR,FR,forecast_load,Forecasted Load,2026-05-23T22:27:11Z
2026-05-23T22:26:36Z,2026-05-24T00:26:36+0200,35a99b20-1361-4eb7-8009-5b844fa790cc,2026-04-23T21:00:00Z,2026-04-23T23:00:00+0200,47000.0,MW,FR,FR,forecast_load,Forecasted Load,2026-05-23T22:27:11Z
2026-05-23T22:26:36Z,2026-05-24T00:26:36+0200,35a99b20-1361-4eb7-8009-5b844fa790cc,2026-04-23T21:15:00Z,2026-04-23T23:15:00+0200,46550.0,MW,FR,FR,forecast_load,Forecasted Load,2026-05-23T22:27:11Z
2026-05-23T22:26:36Z,2026-05-24T00:26:36+0200,35a99b20-1361-4eb7-8009-5b844fa790cc,2026-04-23T21:30:00Z,2026-04-23T23:30:00+0200,46100.0,MW,FR,FR,forecast_load,Forecasted Load,2026-05-23T22:27:11Z
2026-05-23T22:26:36Z,2026-05-24T00:26:36+0200,35a99b20-1361-4eb7-8009-5b844fa790cc,2026-04-23T21:45:00Z,2026-04-23T23:45:00+0200,45550.0,MW,FR,FR,forecast_load,Forecasted Load,2026-05-23T22:27:11Z
2026-05-23T22:26:36Z,2026-05-24T00:26:36+0200,35a99b20-1361-4eb7-8009-5b844fa790cc,2026-04-23T22:00:00Z,2026-04-24T00:00:00+0200,45100.0,MW,FR,FR,forecast_load,Forecasted Load,2026-05-23T22:27:11Z
2026-05-23T22:26:36Z,2026-05-24T00:26:36+0200,35a99b20-1361-4eb7-8009-5b844fa790cc,2026-04-23T22:15:00Z,2026-04-24T00:15:00+0200,44300.0,MW,FR,FR,forecast_load,Forecasted Load,2026-05-23T22:27:11Z
2026-05-23T22:26:36Z,2026-05-24T00:26:36+0200,35a99b20-1361-4eb7-8009-5b844fa790cc,2026-04-23T22:30:00Z,2026-04-24T00:30:00+0200,43500.0,MW,FR,FR,forecast_load,Forecasted Load,2026-05-23T22:27:11Z
2026-05-23T22:26:36Z,2026-05-24T00:26:36+0200,35a99b20-1361-4eb7-8009-5b844fa790cc,2026-04-23T22:45:00Z,2026-04-24T00:45:00+0200,42550.0,MW,FR,FR,forecast_load,Forecasted Load,2026-05-23T22:27:11Z
2026-05-23T22:26:36Z,2026-05-24T00:26:36+0200,35a99b20-1361-4eb7-8009-5b844fa790cc,2026-04-23T23:00:00Z,2026-04-24T01:00:00+0200,41600.0,MW,FR,FR,forecast_load,Forecasted Load,2026-05-23T22:27:11Z
2026-05-23T22:26:36Z,2026-05-24T00:26:36+0200,35a99b20-1361-4eb7-8009-5b844fa790cc,2026-04-23T23:15:00Z,2026-04-24T01:15:00+0200,42000.0,MW,FR,FR,forecast_load,Forecasted Load,2026-05-23T22:27:11Z
2026-05-23T22:26:36Z,2026-05-24T00:26:36+0200,35a99b20-1361-4eb7-8009-5b844fa790cc,2026-04-23T23:30:00Z,2026-04-24T01:30:00+0200,42400.0,MW,FR,FR,forecast_load,Forecasted Load,2026-05-23T22:27:11Z
2026-05-23T22:26:36Z,2026-05-24T00:26:36+0200,35a99b20-1361-4eb7-8009-5b844fa790cc,2026-04-23T23:45:00Z,2026-04-24T01:45:00+0200,42100.0,MW,FR,FR,forecast_load,Forecasted Load,2026-05-23T22:27:11Z
2026-05-23T22:26:36Z,2026-05-24T00:26:36+0200,35a99b20-1361-4eb7-8009-5b844fa790cc,2026-04-24T00:00:00Z,2026-04-24T02:00:00+0200,41800.0,MW,FR,FR,forecast_load,Forecasted Load,2026-05-23T22:27:11Z
2026-05-23T22:26:36Z,2026-05-24T00:26:36+0200,35a99b20-1361-4eb7-8009-5b844fa790cc,2026-04-24T00:15:00Z,2026-04-24T02:15:00+0200,40800.0,MW,FR,FR,forecast_load,Forecasted Load,2026-05-23T22:27:11Z
2026-05-23T22:26:36Z,2026-05-24T00:26:36+0200,35a99b20-1361-4eb7-8009-5b844fa790cc,2026-04-24T00:30:00Z,2026-04-24T02:30:00+0200,39800.0,MW,FR,FR,forecast_load,Forecasted Load,2026-05-23T22:27:11Z
2026-05-23T22:26:36Z,2026-05-24T00:26:36+0200,35a99b20-1361-4eb7-8009-5b844fa790cc,2026-04-24T00:45:00Z,2026-04-24T02:45:00+0200,39200.0,MW,FR,FR,forecast_load,Forecasted Load,2026-05-23T22:27:11Z
2026-05-23T22:26:36Z,2026-05-24T00:26:36+0200,35a99b20-1361-4eb7-8009-5b844fa790cc,2026-04-24T01:00:00Z,2026-04-24T03:00:00+0200,38600.0,MW,FR,FR,forecast_load,Forecasted Load,2026-05-23T22:27:11Z
2026-05-23T22:26:36Z,2026-05-24T00:26:36+0200,35a99b20-1361-4eb7-8009-5b844fa790cc,2026-04-24T01:15:00Z,2026-04-24T03:15:00+0200,38250.0,MW,FR,FR,forecast_load,Forecasted Load,2026-05-23T22:27:11Z
2026-05-23T22:26:36Z,2026-05-24T00:26:36+0200,35a99b20-1361-4eb7-8009-5b844fa790cc,2026-04-24T01:30:00Z,2026-04-24T03:30:00+0200,37900.0,MW,FR,FR,forecast_load,Forecasted Load,2026-05-23T22:27:11Z
2026-05-23T22:26:36Z,2026-05-24T00:26:36+0200,35a99b20-1361-4eb7-8009-5b844fa790cc,2026-04-24T01:45:00Z,2026-04-24T03:45:00+0200,37600.0,MW,FR,FR,forecast_load,Forecasted Load,2026-05-23T22:27:11Z
2026-05-23T22:26:36Z,2026-05-24T00:26:36+0200,35a99b20-1361-4eb7-8009-5b844fa790cc,2026-04-24T02:00:00Z,2026-04-24T04:00:00+0200,37300.0,MW,FR,FR,forecast_load,Forecasted Load,2026-05-23T22:27:11Z
2026-05-23T22:26:36Z,2026-05-24T00:26:36+0200,35a99b20-1361-4eb7-8009-5b844fa790cc,2026-04-24T02:15:00Z,2026-04-24T04:15:00+0200,37300.0,MW,FR,FR,forecast_load,Forecasted Load,2026-05-23T22:27:11Z
2026-05-23T22:26:36Z,2026-05-24T00:26:36+0200,35a99b20-1361-4eb7-8009-5b844fa790cc,2026-04-24T02:30:00Z,2026-04-24T04:30:00+0200,37300.0,MW,FR,FR,forecast_load,Forecasted Load,2026-05-23T22:27:11Z
2026-05-23T22:26:36Z,2026-05-24T00:26:36+0200,35a99b20-1361-4eb7-8009-5b844fa790cc,2026-04-24T02:45:00Z,2026-04-24T04:45:00+0200,37650.0,MW,FR,FR,forecast_load,Forecasted Load,2026-05-23T22:27:11Z
2026-05-23T22:26:36Z,2026-05-24T00:26:36+0200,35a99b20-1361-4eb7-8009-5b844fa790cc,2026-04-24T03:00:00Z,2026-04-24T05:00:00+0200,38000.0,MW,FR,FR,forecast_load,Forecasted Load,2026-05-23T22:27:11Z
2026-05-23T22:26:36Z,2026-05-24T00:26:36+0200,35a99b20-1361-4eb7-8009-5b844fa790cc,2026-04-24T03:15:00Z,2026-04-24T05:15:00+0200,38600.0,MW,FR,FR,forecast_load,Forecasted Load,2026-05-23T22:27:11Z
2026-05-23T22:26:36Z,2026-05-24T00:26:36+0200,35a99b20-1361-4eb7-8009-5b844fa790cc,2026-04-24T03:30:00Z,2026-04-24T05:30:00+0200,39200.0,MW,FR,FR,forecast_load,Forecasted Load,2026-05-23T22:27:11Z
2026-05-23T22:26:36Z,2026-05-24T00:26:36+0200,35a99b20-1361-4eb7-8009-5b844fa790cc,2026-04-24T03:45:00Z,2026-04-24T05:45:00+0200,39950.0,MW,FR,FR,forecast_load,Forecasted Load,2026-05-23T22:27:11Z
2026-05-23T22:26:36Z,2026-05-24T00:26:36+0200,35a99b20-1361-4eb7-8009-5b844fa790cc,2026-04-24T04:00:00Z,2026-04-24T06:00:00+0200,40700.0,MW,FR,FR,forecast_load,Forecasted Load,2026-05-23T22:27:11Z
2026-05-23T22:26:36Z,2026-05-24T00:26:36+0200,35a99b20-1361-4eb7-8009-5b844fa790cc,2026-04-24T04:15:00Z,2026-04-24T06:15:00+0200,41800.0,MW,FR,FR,forecast_load,Forecasted Load,2026-05-23T22:27:11Z
2026-05-23T22:26:36Z,2026-05-24T00:26:36+0200,35a99b20-1361-4eb7-8009-5b844fa790cc,2026-04-24T04:30:00Z,2026-04-24T06:30:00+0200,42900.0,MW,FR,FR,forecast_load,Forecasted Load,2026-05-23T22:27:11Z
2026-05-23T22:26:36Z,2026-05-24T00:26:36+0200,35a99b20-1361-4eb7-8009-5b844fa790cc,2026-04-24T04:45:00Z,2026-04-24T06:45:00+0200,43700.0,MW,FR,FR,forecast_load,Forecasted Load,2026-05-23T22:27:11Z
2026-05-23T22:26:36Z,2026-05-24T00:26:36+0200,35a99b20-1361-4eb7-8009-5b844fa790cc,2026-04-24T05:00:00Z,2026-04-24T07:00:00+0200,44500.0,MW,FR,FR,forecast_load,Forecasted Load,2026-05-23T22:27:11Z
2026-05-23T22:26:36Z,2026-05-24T00:26:36+0200,35a99b20-1361-4eb7-8009-5b844fa790cc,2026-04-24T05:15:00Z,2026-04-24T07:15:00+0200,45500.0,MW,FR,FR,forecast_load,Forecasted Load,2026-05-23T22:27:11Z
2026-05-23T22:26:36Z,2026-05-24T00:26:36+0200,35a99b20-1361-4eb7-8009-5b844fa790cc,2026-04-24T05:30:00Z,2026-04-24T07:30:00+0200,46500.0,MW,FR,FR,forecast_load,Forecasted Load,2026-05-23T22:27:11Z
2026-05-23T22:26:36Z,2026-05-24T00:26:36+0200,35a99b20-1361-4eb7-8009-5b844fa790cc,2026-04-24T05:45:00Z,2026-04-24T07:45:00+0200,47000.0,MW,FR,FR,forecast_load,Forecasted Load,2026-05-23T22:27:11Z
2026-05-23T22:26:36Z,2026-05-24T00:26:36+0200,35a99b20-1361-4eb7-8009-5b844fa790cc,2026-04-24T06:00:00Z,2026-04-24T08:00:00+0200,47500.0,MW,FR,FR,forecast_load,Forecasted Load,2026-05-23T22:27:11Z
2026-05-23T22:26:36Z,2026-05-24T00:26:36+0200,35a99b20-1361-4eb7-8009-5b844fa790cc,2026-04-24T06:15:00Z,2026-04-24T08:15:00+0200,47950.0,MW,FR,FR,forecast_load,Forecasted Load,2026-05-23T22:27:11Z
2026-05-23T22:26:36Z,2026-05-24T00:26:36+0200,35a99b20-1361-4eb7-8009-5b844fa790cc,2026-04-24T06:30:00Z,2026-04-24T08:30:00+0200,48400.0,MW,FR,FR,forecast_load,Forecasted Load,2026-05-23T22:27:11Z
2026-05-23T22:26:36Z,2026-05-24T00:26:36+0200,35a99b20-1361-4eb7-8009-5b844fa790cc,2026-04-24T06:45:00Z,2026-04-24T08:45:00+0200,48350.0,MW,FR,FR,forecast_load,Forecasted Load,2026-05-23T22:27:11Z
2026-05-23T22:26:36Z,2026-05-24T00:26:36+0200,35a99b20-1361-4eb7-8009-5b844fa790cc,2026-04-24T07:00:00Z,2026-04-24T09:00:00+0200,48300.0,MW,FR,FR,forecast_load,Forecasted Load,2026-05-23T22:27:11Z
2026-05-23T22:26:36Z,2026-05-24T00:26:36+0200,35a99b20-1361-4eb7-8009-5b844fa790cc,2026-04-24T07:15:00Z,2026-04-24T09:15:00+0200,48200.0,MW,FR,FR,forecast_load,Forecasted Load,2026-05-23T22:27:11Z
2026-05-23T22:26:36Z,2026-05-24T00:26:36+0200,35a99b20-1361-4eb7-8009-5b844fa790cc,2026-04-24T07:30:00Z,2026-04-24T09:30:00+0200,48100.0,MW,FR,FR,forecast_load,Forecasted Load,2026-05-23T22:27:11Z
2026-05-23T22:26:36Z,2026-05-24T00:26:36+0200,35a99b20-1361-4eb7-8009-5b844fa790cc,2026-04-24T07:45:00Z,2026-04-24T09:45:00+0200,48000.0,MW,FR,FR,forecast_load,Forecasted Load,2026-05-23T22:27:11Z
2026-05-23T22:26:36Z,2026-05-24T00:26:36+0200,35a99b20-1361-4eb7-8009-5b844fa790cc,2026-04-24T08:00:00Z,2026-04-24T10:00:00+0200,47900.0,MW,FR,FR,forecast_load,Forecasted Load,2026-05-23T22:27:11Z
2026-05-23T22:26:36Z,2026-05-24T00:26:36+0200,35a99b20-1361-4eb7-8009-5b844fa790cc,2026-04-24T08:15:00Z,2026-04-24T10:15:00+0200,47750.0,MW,FR,FR,forecast_load,Forecasted Load,2026-05-23T22:27:11Z
2026-05-23T22:26:36Z,2026-05-24T00:26:36+0200,35a99b20-1361-4eb7-8009-5b844fa790cc,2026-04-24T08:30:00Z,2026-04-24T10:30:00+0200,47600.0,MW,FR,FR,forecast_load,Forecasted Load,2026-05-23T22:27:11Z
2026-05-23T22:26:36Z,2026-05-24T00:26:36+0200,35a99b20-1361-4eb7-8009-5b844fa790cc,2026-04-24T08:45:00Z,2026-04-24T10:45:00+0200,47400.0,MW,FR,FR,forecast_load,Forecasted Load,2026-05-23T22:27:11Z
2026-05-23T22:26:36Z,2026-05-24T00:26:36+0200,35a99b20-1361-4eb7-8009-5b844fa790cc,2026-04-24T09:00:00Z,2026-04-24T11:00:00+0200,47200.0,MW,FR,FR,forecast_load,Forecasted Load,2026-05-23T22:27:11Z
2026-05-23T22:26:36Z,2026-05-24T00:26:36+0200,35a99b20-1361-4eb7-8009-5b844fa790cc,2026-04-24T09:15:00Z,2026-04-24T11:15:00+0200,47050.0,MW,FR,FR,forecast_load,Forecasted Load,2026-05-23T22:27:11Z
2026-05-23T22:26:36Z,2026-05-24T00:26:36+0200,35a99b20-1361-4eb7-8009-5b844fa790cc,2026-04-24T09:30:00Z,2026-04-24T11:30:00+0200,46900.0,MW,FR,FR,forecast_load,Forecasted Load,2026-05-23T22:27:11Z
2026-05-23T22:26:36Z,2026-05-24T00:26:36+0200,35a99b20-1361-4eb7-8009-5b844fa790cc,2026-04-24T09:45:00Z,2026-04-24T11:45:00+0200,47250.0,MW,FR,FR,forecast_load,Forecasted Load,2026-05-23T22:27:11Z
2026-05-23T22:26:36Z,2026-05-24T00:26:36+0200,35a99b20-1361-4eb7-8009-5b844fa790cc,2026-04-24T10:00:00Z,2026-04-24T12:00:00+0200,47600.0,MW,FR,FR,forecast_load,Forecasted Load,2026-05-23T22:27:11Z
2026-05-23T22:26:36Z,2026-05-24T00:26:36+0200,35a99b20-1361-4eb7-8009-5b844fa790cc,2026-04-24T10:15:00Z,2026-04-24T12:15:00+0200,47450.0,MW,FR,FR,forecast_load,Forecasted Load,2026-05-23T22:27:11Z
2026-05-23T22:26:36Z,2026-05-24T00:26:36+0200,35a99b20-1361-4eb7-8009-5b844fa790cc,2026-04-24T10:30:00Z,2026-04-24T12:30:00+0200,47300.0,MW,FR,FR,forecast_load,Forecasted Load,2026-05-23T22:27:11Z
2026-05-23T22:26:36Z,2026-05-24T00:26:36+0200,35a99b20-1361-4eb7-8009-5b844fa790cc,2026-04-24T10:45:00Z,2026-04-24T12:45:00+0200,47800.0,MW,FR,FR,forecast_load,Forecasted Load,2026-05-23T22:27:11Z
2026-05-23T22:26:36Z,2026-05-24T00:26:36+0200,35a99b20-1361-4eb7-8009-5b844fa790cc,2026-04-24T11:00:00Z,2026-04-24T13:00:00+0200,48300.0,MW,FR,FR,forecast_load,Forecasted Load,2026-05-23T22:27:11Z
2026-05-23T22:26:36Z,2026-05-24T00:26:36+0200,35a99b20-1361-4eb7-8009-5b844fa790cc,2026-04-24T11:15:00Z,2026-04-24T13:15:00+0200,47200.0,MW,FR,FR,forecast_load,Forecasted Load,2026-05-23T22:27:11Z
2026-05-23T22:26:36Z,2026-05-24T00:26:36+0200,35a99b20-1361-4eb7-8009-5b844fa790cc,2026-04-24T11:30:00Z,2026-04-24T13:30:00+0200,46100.0,MW,FR,FR,forecast_load,Forecasted Load,2026-05-23T22:27:11Z
2026-05-23T22:26:36Z,2026-05-24T00:26:36+0200,35a99b20-1361-4eb7-8009-5b844fa790cc,2026-04-24T11:45:00Z,2026-04-24T13:45:00+0200,45750.0,MW,FR,FR,forecast_load,Forecasted Load,2026-05-23T22:27:11Z
2026-05-23T22:26:36Z,2026-05-24T00:26:36+0200,35a99b20-1361-4eb7-8009-5b844fa790cc,2026-04-24T12:00:00Z,2026-04-24T14:00:00+0200,45400.0,MW,FR,FR,forecast_load,Forecasted Load,2026-05-23T22:27:11Z
2026-05-23T22:26:36Z,2026-05-24T00:26:36+0200,35a99b20-1361-4eb7-8009-5b844fa790cc,2026-04-24T12:15:00Z,2026-04-24T14:15:00+0200,45650.0,MW,FR,FR,forecast_load,Forecasted Load,2026-05-23T22:27:11Z
2026-05-23T22:26:36Z,2026-05-24T00:26:36+0200,35a99b20-1361-4eb7-8009-5b844fa790cc,2026-04-24T12:30:00Z,2026-04-24T14:30:00+0200,45900.0,MW,FR,FR,forecast_load,Forecasted Load,2026-05-23T22:27:11Z
2026-05-23T22:26:36Z,2026-05-24T00:26:36+0200,35a99b20-1361-4eb7-8009-5b844fa790cc,2026-04-24T12:45:00Z,2026-04-24T14:45:00+0200,45100.0,MW,FR,FR,forecast_load,Forecasted Load,2026-05-23T22:27:11Z
2026-05-23T22:26:36Z,2026-05-24T00:26:36+0200,35a99b20-1361-4eb7-8009-5b844fa790cc,2026-04-24T13:00:00Z,2026-04-24T15:00:00+0200,44300.0,MW,FR,FR,forecast_load,Forecasted Load,2026-05-23T22:27:11Z
2026-05-23T22:26:36Z,2026-05-24T00:26:36+0200,35a99b20-1361-4eb7-8009-5b844fa790cc,2026-04-24T13:15:00Z,2026-04-24T15:15:00+0200,43900.0,MW,FR,FR,forecast_load,Forecasted Load,2026-05-23T22:27:11Z
2026-05-23T22:26:36Z,2026-05-24T00:26:36+0200,35a99b20-1361-4eb7-8009-5b844fa790cc,2026-04-24T13:30:00Z,2026-04-24T15:30:00+0200,43500.0,MW,FR,FR,forecast_load,Forecasted Load,2026-05-23T22:27:11Z
2026-05-23T22:26:36Z,2026-05-24T00:26:36+0200,35a99b20-1361-4eb7-8009-5b844fa790cc,2026-04-24T13:45:00Z,2026-04-24T15:45:00+0200,43150.0,MW,FR,FR,forecast_load,Forecasted Load,2026-05-23T22:27:11Z
2026-05-23T22:26:36Z,2026-05-24T00:26:36+0200,35a99b20-1361-4eb7-8009-5b844fa790cc,2026-04-24T14:00:00Z,2026-04-24T16:00:00+0200,42800.0,MW,FR,FR,forecast_load,Forecasted Load,2026-05-23T22:27:11Z
2026-05-23T22:26:36Z,2026-05-24T00:26:36+0200,35a99b20-1361-4eb7-8009-5b844fa790cc,2026-04-24T14:15:00Z,2026-04-24T16:15:00+0200,42150.0,MW,FR,FR,forecast_load,Forecasted Load,2026-05-23T22:27:11Z
2026-05-23T22:26:36Z,2026-05-24T00:26:36+0200,35a99b20-1361-4eb7-8009-5b844fa790cc,2026-04-24T14:30:00Z,2026-04-24T16:30:00+0200,41500.0,MW,FR,FR,forecast_load,Forecasted Load,2026-05-23T22:27:11Z
2026-05-23T22:26:36Z,2026-05-24T00:26:36+0200,35a99b20-1361-4eb7-8009-5b844fa790cc,2026-04-24T14:45:00Z,2026-04-24T16:45:00+0200,41350.0,MW,FR,FR,forecast_load,Forecasted Load,2026-05-23T22:27:11Z
2026-05-23T22:26:36Z,2026-05-24T00:26:36+0200,35a99b20-1361-4eb7-8009-5b844fa790cc,2026-04-24T15:00:00Z,2026-04-24T17:00:00+0200,41200.0,MW,FR,FR,forecast_load,Forecasted Load,2026-05-23T22:27:11Z
2026-05-23T22:26:36Z,2026-05-24T00:26:36+0200,35a99b20-1361-4eb7-8009-5b844fa790cc,2026-04-24T15:15:00Z,2026-04-24T17:15:00+0200,41700.0,MW,FR,FR,forecast_load,Forecasted Load,2026-05-23T22:27:11Z
2026-05-23T22:26:36Z,2026-05-24T00:26:36+0200,35a99b20-1361-4eb7-8009-5b844fa790cc,2026-04-24T15:30:00Z,2026-04-24T17:30:00+0200,42200.0,MW,FR,FR,forecast_load,Forecasted Load,2026-05-23T22:27:11Z
2026-05-23T22:26:36Z,2026-05-24T00:26:36+0200,35a99b20-1361-4eb7-8009-5b844fa790cc,2026-04-24T15:45:00Z,2026-04-24T17:45:00+0200,42650.0,MW,FR,FR,forecast_load,Forecasted Load,2026-05-23T22:27:11Z
2026-05-23T22:26:36Z,2026-05-24T00:26:36+0200,35a99b20-1361-4eb7-8009-5b844fa790cc,2026-04-24T16:00:00Z,2026-04-24T18:00:00+0200,43100.0,MW,FR,FR,forecast_load,Forecasted Load,2026-05-23T22:27:11Z
2026-05-23T22:26:36Z,2026-05-24T00:26:36+0200,35a99b20-1361-4eb7-8009-5b844fa790cc,2026-04-24T16:15:00Z,2026-04-24T18:15:00+0200,43500.0,MW,FR,FR,forecast_load,Forecasted Load,2026-05-23T22:27:11Z
2026-05-23T22:26:36Z,2026-05-24T00:26:36+0200,35a99b20-1361-4eb7-8009-5b844fa790cc,2026-04-24T16:30:00Z,2026-04-24T18:30:00+0200,43900.0,MW,FR,FR,forecast_load,Forecasted Load,2026-05-23T22:27:11Z
2026-05-23T22:26:36Z,2026-05-24T00:26:36+0200,35a99b20-1361-4eb7-8009-5b844fa790cc,2026-04-24T16:45:00Z,2026-04-24T18:45:00+0200,44550.0,MW,FR,FR,forecast_load,Forecasted Load,2026-05-23T22:27:11Z
2026-05-23T22:26:36Z,2026-05-24T00:26:36+0200,35a99b20-1361-4eb7-8009-5b844fa790cc,2026-04-24T17:00:00Z,2026-04-24T19:00:00+0200,45200.0,MW,FR,FR,forecast_load,Forecasted Load,2026-05-23T22:27:11Z
2026-05-23T22:26:36Z,2026-05-24T00:26:36+0200,35a99b20-1361-4eb7-8009-5b844fa790cc,2026-04-24T17:15:00Z,2026-04-24T19:15:00+0200,45450.0,MW,FR,FR,forecast_load,Forecasted Load,2026-05-23T22:27:11Z
2026-05-23T22:26:36Z,2026-05-24T00:26:36+0200,35a99b20-1361-4eb7-8009-5b844fa790cc,2026-04-24T17:30:00Z,2026-04-24T19:30:00+0200,45700.0,MW,FR,FR,forecast_load,Forecasted Load,2026-05-23T22:27:11Z
2026-05-23T22:26:36Z,2026-05-24T00:26:36+0200,35a99b20-1361-4eb7-8009-5b844fa790cc,2026-04-24T17:45:00Z,2026-04-24T19:45:00+0200,45450.0,MW,FR,FR,forecast_load,Forecasted Load,2026-05-23T22:27:11Z
2026-05-23T22:26:36Z,2026-05-24T00:26:36+0200,35a99b20-1361-4eb7-8009-5b844fa790cc,2026-04-24T18:00:00Z,2026-04-24T20:00:00+0200,45200.0,MW,FR,FR,forecast_load,Forecasted Load,2026-05-23T22:27:11Z
2026-05-23T22:26:36Z,2026-05-24T00:26:36+0200,35a99b20-1361-4eb7-8009-5b844fa790cc,2026-04-24T18:15:00Z,2026-04-24T20:15:00+0200,44700.0,MW,FR,FR,forecast_load,Forecasted Load,2026-05-23T22:27:11Z
2026-05-23T22:26:36Z,2026-05-24T00:26:36+0200,35a99b20-1361-4eb7-8009-5b844fa790cc,2026-04-24T18:30:00Z,2026-04-24T20:30:00+0200,44200.0,MW,FR,FR,forecast_load,Forecasted Load,2026-05-23T22:27:11Z
2026-05-23T22:26:36Z,2026-05-24T00:26:36+0200,35a99b20-1361-4eb7-8009-5b844fa790cc,2026-04-24T18:45:00Z,2026-04-24T20:45:00+0200,44500.0,MW,FR,FR,forecast_load,Forecasted Load,2026-05-23T22:27:11Z
2026-05-23T22:26:36Z,2026-05-24T00:26:36+0200,35a99b20-1361-4eb7-8009-5b844fa790cc,2026-04-24T19:00:00Z,2026-04-24T21:00:00+0200,44800.0,MW,FR,FR,forecast_load,Forecasted Load,2026-05-23T22:27:11Z
2026-05-23T22:26:36Z,2026-05-24T00:26:36+0200,35a99b20-1361-4eb7-8009-5b844fa790cc,2026-04-24T19:15:00Z,2026-04-24T21:15:00+0200,44600.0,MW,FR,FR,forecast_load,Forecasted Load,2026-05-23T22:27:11Z
2026-05-23T22:26:36Z,2026-05-24T00:26:36+0200,35a99b20-1361-4eb7-8009-5b844fa790cc,2026-04-24T19:30:00Z,2026-04-24T21:30:00+0200,44400.0,MW,FR,FR,forecast_load,Forecasted Load,2026-05-23T22:27:11Z
2026-05-23T22:26:36Z,2026-05-24T00:26:36+0200,35a99b20-1361-4eb7-8009-5b844fa790cc,2026-04-24T19:45:00Z,2026-04-24T21:45:00+0200,44300.0,MW,FR,FR,forecast_load,Forecasted Load,2026-05-23T22:27:11Z
2026-05-23T22:26:36Z,2026-05-24T00:26:36+0200,35a99b20-1361-4eb7-8009-5b844fa790cc,2026-04-24T20:00:00Z,2026-04-24T22:00:00+0200,44200.0,MW,FR,FR,forecast_load,Forecasted Load,2026-05-23T22:27:11Z
2026-05-23T22:26:36Z,2026-05-24T00:26:36+0200,35a99b20-1361-4eb7-8009-5b844fa790cc,2026-04-24T20:15:00Z,2026-04-24T22:15:00+0200,44400.0,MW,FR,FR,forecast_load,Forecasted Load,2026-05-23T22:27:11Z
2026-05-23T22:26:36Z,2026-05-24T00:26:36+0200,35a99b20-1361-4eb7-8009-5b844fa790cc,2026-04-24T20:30:00Z,2026-04-24T22:30:00+0200,44600.0,MW,FR,FR,forecast_load,Forecasted Load,2026-05-23T22:27:11Z
2026-05-23T22:26:36Z,2026-05-24T00:26:36+0200,35a99b20-1361-4eb7-8009-5b844fa790cc,2026-04-24T20:45:00Z,2026-04-24T22:45:00+0200,45350.0,MW,FR,FR,forecast_load,Forecasted Load,2026-05-23T22:27:11Z
2026-05-23T22:26:36Z,2026-05-24T00:26:36+0200,35a99b20-1361-4eb7-8009-5b844fa790cc,2026-04-24T21:00:00Z,2026-04-24T23:00:00+0200,46100.0,MW,FR,FR,forecast_load,Forecasted Load,2026-05-23T22:27:11Z
2026-05-23T22:26:36Z,2026-05-24T00:26:36+0200,35a99b20-1361-4eb7-8009-5b844fa790cc,2026-04-24T21:15:00Z,2026-04-24T23:15:00+0200,45400.0,MW,FR,FR,forecast_load,Forecasted Load,2026-05-23T22:27:11Z
2026-05-23T22:26:36Z,2026-05-24T00:26:36+0200,35a99b20-1361-4eb7-8009-5b844fa790cc,2026-04-24T21:30:00Z,2026-04-24T23:30:00+0200,44700.0,MW,FR,FR,forecast_load,Forecasted Load,2026-05-23T22:27:11Z
2026-05-23T22:26:36Z,2026-05-24T00:26:36+0200,35a99b20-1361-4eb7-8009-5b844fa790cc,2026-04-24T21:45:00Z,2026-04-24T23:45:00+0200,44400.0,MW,FR,FR,forecast_load,Forecasted Load,2026-05-23T22:27:11Z
2026-05-23T22:26:36Z,2026-05-24T00:26:36+0200,35a99b20-1361-4eb7-8009-5b844fa790cc,2026-04-24T22:00:00Z,2026-04-25T00:00:00+0200,44200.0,MW,FR,FR,forecast_load,Forecasted Load,2026-05-23T22:27:11Z
2026-05-23T22:26:36Z,2026-05-24T00:26:36+0200,35a99b20-1361-4eb7-8009-5b844fa790cc,2026-04-24T22:15:00Z,2026-04-25T00:15:00+0200,43300.0,MW,FR,FR,forecast_load,Forecasted Load,2026-05-23T22:27:11Z
2026-05-23T22:26:36Z,2026-05-24T00:26:36+0200,35a99b20-1361-4eb7-8009-5b844fa790cc,2026-04-24T22:30:00Z,2026-04-25T00:30:00+0200,42400.0,MW,FR,FR,forecast_load,Forecasted Load,2026-05-23T22:27:11Z
2026-05-23T22:26:36Z,2026-05-24T00:26:36+0200,35a99b20-1361-4eb7-8009-5b844fa790cc,2026-04-24T22:45:00Z,2026-04-25T00:45:00+0200,41550.0,MW,FR,FR,forecast_load,Forecasted Load,2026-05-23T22:27:11Z
2026-05-23T22:26:36Z,2026-05-24T00:26:36+0200,35a99b20-1361-4eb7-8009-5b844fa790cc,2026-04-24T23:00:00Z,2026-04-25T01:00:00+0200,40700.0,MW,FR,FR,forecast_load,Forecasted Load,2026-05-23T22:27:11Z
2026-05-23T22:26:36Z,2026-05-24T00:26:36+0200,35a99b20-1361-4eb7-8009-5b844fa790cc,2026-04-24T23:15:00Z,2026-04-25T01:15:00+0200,41000.0,MW,FR,FR,forecast_load,Forecasted Load,2026-05-23T22:27:11Z
2026-05-23T22:26:36Z,2026-05-24T00:26:36+0200,35a99b20-1361-4eb7-8009-5b844fa790cc,2026-04-24T23:30:00Z,2026-04-25T01:30:00+0200,41300.0,MW,FR,FR,forecast_load,Forecasted Load,2026-05-23T22:27:11Z
2026-05-23T22:26:36Z,2026-05-24T00:26:36+0200,35a99b20-1361-4eb7-8009-5b844fa790cc,2026-04-24T23:45:00Z,2026-04-25T01:45:00+0200,40950.0,MW,FR,FR,forecast_load,Forecasted Load,2026-05-23T22:27:11Z
2026-05-23T22:26:36Z,2026-05-24T00:26:36+0200,35a99b20-1361-4eb7-8009-5b844fa790cc,2026-04-25T00:00:00Z,2026-04-25T02:00:00+0200,40600.0,MW,FR,FR,forecast_load,Forecasted Load,2026-05-23T22:27:11Z
2026-05-23T22:26:36Z,2026-05-24T00:26:36+0200,35a99b20-1361-4eb7-8009-5b844fa790cc,2026-04-25T00:15:00Z,2026-04-25T02:15:00+0200,39450.0,MW,FR,FR,forecast_load,Forecasted Load,2026-05-23T22:27:11Z
2026-05-23T22:26:36Z,2026-05-24T00:26:36+0200,35a99b20-1361-4eb7-8009-5b844fa790cc,2026-04-25T00:30:00Z,2026-04-25T02:30:00+0200,38300.0,MW,FR,FR,forecast_load,Forecasted Load,2026-05-23T22:27:11Z
2026-05-23T22:26:36Z,2026-05-24T00:26:36+0200,35a99b20-1361-4eb7-8009-5b844fa790cc,2026-04-25T00:45:00Z,2026-04-25T02:45:00+0200,37450.0,MW,FR,FR,forecast_load,Forecasted Load,2026-05-23T22:27:11Z
2026-05-23T22:26:36Z,2026-05-24T00:26:36+0200,35a99b20-1361-4eb7-8009-5b844fa790cc,2026-04-25T01:00:00Z,2026-04-25T03:00:00+0200,36600.0,MW,FR,FR,forecast_load,Forecasted Load,2026-05-23T22:27:11Z
2026-05-23T22:26:36Z,2026-05-24T00:26:36+0200,35a99b20-1361-4eb7-8009-5b844fa790cc,2026-04-25T01:15:00Z,2026-04-25T03:15:00+0200,36250.0,MW,FR,FR,forecast_load,Forecasted Load,2026-05-23T22:27:11Z
2026-05-23T22:26:36Z,2026-05-24T00:26:36+0200,35a99b20-1361-4eb7-8009-5b844fa790cc,2026-04-25T01:30:00Z,2026-04-25T03:30:00+0200,35900.0,MW,FR,FR,forecast_load,Forecasted Load,2026-05-23T22:27:11Z
2026-05-23T22:26:36Z,2026-05-24T00:26:36+0200,35a99b20-1361-4eb7-8009-5b844fa790cc,2026-04-25T01:45:00Z,2026-04-25T03:45:00+0200,35650.0,MW,FR,FR,forecast_load,Forecasted Load,2026-05-23T22:27:11Z
2026-05-23T22:26:36Z,2026-05-24T00:26:36+0200,35a99b20-1361-4eb7-8009-5b844fa790cc,2026-04-25T02:00:00Z,2026-04-25T04:00:00+0200,35400.0,MW,FR,FR,forecast_load,Forecasted Load,2026-05-23T22:27:11Z
2026-05-23T22:26:36Z,2026-05-24T00:26:36+0200,35a99b20-1361-4eb7-8009-5b844fa790cc,2026-04-25T02:15:00Z,2026-04-25T04:15:00+0200,35150.0,MW,FR,FR,forecast_load,Forecasted Load,2026-05-23T22:27:11Z
2026-05-23T22:26:36Z,2026-05-24T00:26:36+0200,35a99b20-1361-4eb7-8009-5b844fa790cc,2026-04-25T02:30:00Z,2026-04-25T04:30:00+0200,34900.0,MW,FR,FR,forecast_load,Forecasted Load,2026-05-23T22:27:11Z
2026-05-23T22:26:36Z,2026-05-24T00:26:36+0200,35a99b20-1361-4eb7-8009-5b844fa790cc,2026-04-25T02:45:00Z,2026-04-25T04:45:00+0200,34750.0,MW,FR,FR,forecast_load,Forecasted Load,2026-05-23T22:27:11Z
2026-05-23T22:26:36Z,2026-05-24T00:26:36+0200,35a99b20-1361-4eb7-8009-5b844fa790cc,2026-04-25T03:00:00Z,2026-04-25T05:00:00+0200,34600.0,MW,FR,FR,forecast_load,Forecasted Load,2026-05-23T22:27:11Z
2026-05-23T22:26:36Z,2026-05-24T00:26:36+0200,35a99b20-1361-4eb7-8009-5b844fa790cc,2026-04-25T03:15:00Z,2026-04-25T05:15:00+0200,34850.0,MW,FR,FR,forecast_load,Forecasted Load,2026-05-23T22:27:11Z
2026-05-23T22:26:36Z,2026-05-24T00:26:36+0200,35a99b20-1361-4eb7-8009-5b844fa790cc,2026-04-25T03:30:00Z,2026-04-25T05:30:00+0200,35100.0,MW,FR,FR,forecast_load,Forecasted Load,2026-05-23T22:27:11Z
2026-05-23T22:26:36Z,2026-05-24T00:26:36+0200,35a99b20-1361-4eb7-8009-5b844fa790cc,2026-04-25T03:45:00Z,2026-04-25T05:45:00+0200,35400.0,MW,FR,FR,forecast_load,Forecasted Load,2026-05-23T22:27:11Z
2026-05-23T22:26:36Z,2026-05-24T00:26:36+0200,35a99b20-1361-4eb7-8009-5b844fa790cc,2026-04-25T04:00:00Z,2026-04-25T06:00:00+0200,35700.0,MW,FR,FR,forecast_load,Forecasted Load,2026-05-23T22:27:11Z
2026-05-23T22:26:36Z,2026-05-24T00:26:36+0200,35a99b20-1361-4eb7-8009-5b844fa790cc,2026-04-25T04:15:00Z,2026-04-25T06:15:00+0200,35800.0,MW,FR,FR,forecast_load,Forecasted Load,2026-05-23T22:27:11Z
2026-05-23T22:26:36Z,2026-05-24T00:26:36+0200,35a99b20-1361-4eb7-8009-5b844fa790cc,2026-04-25T04:30:00Z,2026-04-25T06:30:00+0200,35900.0,MW,FR,FR,forecast_load,Forecasted Load,2026-05-23T22:27:11Z
2026-05-23T22:26:36Z,2026-05-24T00:26:36+0200,35a99b20-1361-4eb7-8009-5b844fa790cc,2026-04-25T04:45:00Z,2026-04-25T06:45:00+0200,35850.0,MW,FR,FR,forecast_load,Forecasted Load,2026-05-23T22:27:11Z
2026-05-23T22:26:36Z,2026-05-24T00:26:36+0200,35a99b20-1361-4eb7-8009-5b844fa790cc,2026-04-25T05:00:00Z,2026-04-25T07:00:00+0200,35800.0,MW,FR,FR,forecast_load,Forecasted Load,2026-05-23T22:27:11Z
2026-05-23T22:26:36Z,2026-05-24T00:26:36+0200,35a99b20-1361-4eb7-8009-5b844fa790cc,2026-04-25T05:15:00Z,2026-04-25T07:15:00+0200,36100.0,MW,FR,FR,forecast_load,Forecasted Load,2026-05-23T22:27:11Z
2026-05-23T22:26:36Z,2026-05-24T00:26:36+0200,35a99b20-1361-4eb7-8009-5b844fa790cc,2026-04-25T05:30:00Z,2026-04-25T07:30:00+0200,36400.0,MW,FR,FR,forecast_load,Forecasted Load,2026-05-23T22:27:11Z
2026-05-23T22:26:36Z,2026-05-24T00:26:36+0200,35a99b20-1361-4eb7-8009-5b844fa790cc,2026-04-25T05:45:00Z,2026-04-25T07:45:00+0200,36700.0,MW,FR,FR,forecast_load,Forecasted Load,2026-05-23T22:27:11Z
2026-05-23T22:26:36Z,2026-05-24T00:26:36+0200,35a99b20-1361-4eb7-8009-5b844fa790cc,2026-04-25T06:00:00Z,2026-04-25T08:00:00+0200,37000.0,MW,FR,FR,forecast_load,Forecasted Load,2026-05-23T22:27:11Z
2026-05-23T22:26:36Z,2026-05-24T00:26:36+0200,35a99b20-1361-4eb7-8009-5b844fa790cc,2026-04-25T06:15:00Z,2026-04-25T08:15:00+0200,37600.0,MW,FR,FR,forecast_load,Forecasted Load,2026-05-23T22:27:11Z
2026-05-23T22:26:36Z,2026-05-24T00:26:36+0200,35a99b20-1361-4eb7-8009-5b844fa790cc,2026-04-25T06:30:00Z,2026-04-25T08:30:00+0200,38200.0,MW,FR,FR,forecast_load,Forecasted Load,2026-05-23T22:27:11Z
2026-05-23T22:26:36Z,2026-05-24T00:26:36+0200,35a99b20-1361-4eb7-8009-5b844fa790cc,2026-04-25T06:45:00Z,2026-04-25T08:45:00+0200,38650.0,MW,FR,FR,forecast_load,Forecasted Load,2026-05-23T22:27:11Z
2026-05-23T22:26:36Z,2026-05-24T00:26:36+0200,35a99b20-1361-4eb7-8009-5b844fa790cc,2026-04-25T07:00:00Z,2026-04-25T09:00:00+0200,39100.0,MW,FR,FR,forecast_load,Forecasted Load,2026-05-23T22:27:11Z
2026-05-23T22:26:36Z,2026-05-24T00:26:36+0200,35a99b20-1361-4eb7-8009-5b844fa790cc,2026-04-25T07:15:00Z,2026-04-25T09:15:00+0200,39450.0,MW,FR,FR,forecast_load,Forecasted Load,2026-05-23T22:27:11Z
2026-05-23T22:26:36Z,2026-05-24T00:26:36+0200,35a99b20-1361-4eb7-8009-5b844fa790cc,2026-04-25T07:30:00Z,2026-04-25T09:30:00+0200,39800.0,MW,FR,FR,forecast_load,Forecasted Load,2026-05-23T22:27:11Z
2026-05-23T22:26:36Z,2026-05-24T00:26:36+0200,35a99b20-1361-4eb7-8009-5b844fa790cc,2026-04-25T07:45:00Z,2026-04-25T09:45:00+0200,40050.0,MW,FR,FR,forecast_load,Forecasted Load,2026-05-23T22:27:11Z
2026-05-23T22:26:36Z,2026-05-24T00:26:36+0200,35a99b20-1361-4eb7-8009-5b844fa790cc,2026-04-25T08:00:00Z,2026-04-25T10:00:00+0200,40300.0,MW,FR,FR,forecast_load,Forecasted Load,2026-05-23T22:27:11Z
2026-05-23T22:26:36Z,2026-05-24T00:26:36+0200,35a99b20-1361-4eb7-8009-5b844fa790cc,2026-04-25T08:15:00Z,2026-04-25T10:15:00+0200,40400.0,MW,FR,FR,forecast_load,Forecasted Load,2026-05-23T22:27:11Z
2026-05-23T22:26:36Z,2026-05-24T00:26:36+0200,35a99b20-1361-4eb7-8009-5b844fa790cc,2026-04-25T08:30:00Z,2026-04-25T10:30:00+0200,40500.0,MW,FR,FR,forecast_load,Forecasted Load,2026-05-23T22:27:11Z
2026-05-23T22:26:36Z,2026-05-24T00:26:36+0200,35a99b20-1361-4eb7-8009-5b844fa790cc,2026-04-25T08:45:00Z,2026-04-25T10:45:00+0200,40550.0,MW,FR,FR,forecast_load,Forecasted Load,2026-05-23T22:27:11Z
2026-05-23T22:26:36Z,2026-05-24T00:26:36+0200,35a99b20-1361-4eb7-8009-5b844fa790cc,2026-04-25T09:00:00Z,2026-04-25T11:00:00+0200,40600.0,MW,FR,FR,forecast_load,Forecasted Load,2026-05-23T22:27:11Z
2026-05-23T22:26:36Z,2026-05-24T00:26:36+0200,35a99b20-1361-4eb7-8009-5b844fa790cc,2026-04-25T09:15:00Z,2026-04-25T11:15:00+0200,40950.0,MW,FR,FR,forecast_load,Forecasted Load,2026-05-23T22:27:11Z
2026-05-23T22:26:36Z,2026-05-24T00:26:36+0200,35a99b20-1361-4eb7-8009-5b844fa790cc,2026-04-25T09:30:00Z,2026-04-25T11:30:00+0200,41300.0,MW,FR,FR,forecast_load,Forecasted Load,2026-05-23T22:27:11Z
2026-05-23T22:26:36Z,2026-05-24T00:26:36+0200,35a99b20-1361-4eb7-8009-5b844fa790cc,2026-04-25T09:45:00Z,2026-04-25T11:45:00+0200,41750.0,MW,FR,FR,forecast_load,Forecasted Load,2026-05-23T22:27:11Z
2026-05-23T22:26:36Z,2026-05-24T00:26:36+0200,35a99b20-1361-4eb7-8009-5b844fa790cc,2026-04-25T10:00:00Z,2026-04-25T12:00:00+0200,42200.0,MW,FR,FR,forecast_load,Forecasted Load,2026-05-23T22:27:11Z
2026-05-23T22:26:36Z,2026-05-24T00:26:36+0200,35a99b20-1361-4eb7-8009-5b844fa790cc,2026-04-25T10:15:00Z,2026-04-25T12:15:00+0200,42050.0,MW,FR,FR,forecast_load,Forecasted Load,2026-05-23T22:27:11Z
2026-05-23T22:26:36Z,2026-05-24T00:26:36+0200,35a99b20-1361-4eb7-8009-5b844fa790cc,2026-04-25T10:30:00Z,2026-04-25T12:30:00+0200,41900.0,MW,FR,FR,forecast_load,Forecasted Load,2026-05-23T22:27:11Z
2026-05-23T22:26:36Z,2026-05-24T00:26:36+0200,35a99b20-1361-4eb7-8009-5b844fa790cc,2026-04-25T10:45:00Z,2026-04-25T12:45:00+0200,42350.0,MW,FR,FR,forecast_load,Forecasted Load,2026-05-23T22:27:11Z
2026-05-23T22:26:36Z,2026-05-24T00:26:36+0200,35a99b20-1361-4eb7-8009-5b844fa790cc,2026-04-25T11:00:00Z,2026-04-25T13:00:00+0200,42800.0,MW,FR,FR,forecast_load,Forecasted Load,2026-05-23T22:27:11Z
2026-05-23T22:26:36Z,2026-05-24T00:26:36+0200,35a99b20-1361-4eb7-8009-5b844fa790cc,2026-04-25T11:15:00Z,2026-04-25T13:15:00+0200,41750.0,MW,FR,FR,forecast_load,Forecasted Load,2026-05-23T22:27:11Z
2026-05-23T22:26:36Z,2026-05-24T00:26:36+0200,35a99b20-1361-4eb7-8009-5b844fa790cc,2026-04-25T11:30:00Z,2026-04-25T13:30:00+0200,40700.0,MW,FR,FR,forecast_load,Forecasted Load,2026-05-23T22:27:11Z
2026-05-23T22:26:36Z,2026-05-24T00:26:36+0200,35a99b20-1361-4eb7-8009-5b844fa790cc,2026-04-25T11:45:00Z,2026-04-25T13:45:00+0200,40300.0,MW,FR,FR,forecast_load,Forecasted Load,2026-05-23T22:27:11Z
2026-05-23T22:26:36Z,2026-05-24T00:26:36+0200,35a99b20-1361-4eb7-8009-5b844fa790cc,2026-04-25T12:00:00Z,2026-04-25T14:00:00+0200,39900.0,MW,FR,FR,forecast_load,Forecasted Load,2026-05-23T22:27:11Z
2026-05-23T22:26:36Z,2026-05-24T00:26:36+0200,35a99b20-1361-4eb7-8009-5b844fa790cc,2026-04-25T12:15:00Z,2026-04-25T14:15:00+0200,40500.0,MW,FR,FR,forecast_load,Forecasted Load,2026-05-23T22:27:11Z
2026-05-23T22:26:36Z,2026-05-24T00:26:36+0200,35a99b20-1361-4eb7-8009-5b844fa790cc,2026-04-25T12:30:00Z,2026-04-25T14:30:00+0200,41100.0,MW,FR,FR,forecast_load,Forecasted Load,2026-05-23T22:27:11Z
2026-05-23T22:26:36Z,2026-05-24T00:26:36+0200,35a99b20-1361-4eb7-8009-5b844fa790cc,2026-04-25T12:45:00Z,2026-04-25T14:45:00+0200,40800.0,MW,FR,FR,forecast_load,Forecasted Load,2026-05-23T22:27:11Z
2026-05-23T22:26:36Z,2026-05-24T00:26:36+0200,35a99b20-1361-4eb7-8009-5b844fa790cc,2026-04-25T13:00:00Z,2026-04-25T15:00:00+0200,40500.0,MW,FR,FR,forecast_load,Forecasted Load,2026-05-23T22:27:11Z
2026-05-23T22:26:36Z,2026-05-24T00:26:36+0200,35a99b20-1361-4eb7-8009-5b844fa790cc,2026-04-25T13:15:00Z,2026-04-25T15:15:00+0200,39950.0,MW,FR,FR,forecast_load,Forecasted Load,2026-05-23T22:27:11Z
2026-05-23T22:26:36Z,2026-05-24T00:26:36+0200,35a99b20-1361-4eb7-8009-5b844fa790cc,2026-04-25T13:30:00Z,2026-04-25T15:30:00+0200,39400.0,MW,FR,FR,forecast_load,Forecasted Load,2026-05-23T22:27:11Z
2026-05-23T22:26:36Z,2026-05-24T00:26:36+0200,35a99b20-1361-4eb7-8009-5b844fa790cc,2026-04-25T13:45:00Z,2026-04-25T15:45:00+0200,39050.0,MW,FR,FR,forecast_load,Forecasted Load,2026-05-23T22:27:11Z
2026-05-23T22:26:36Z,2026-05-24T00:26:36+0200,35a99b20-1361-4eb7-8009-5b844fa790cc,2026-04-25T14:00:00Z,2026-04-25T16:00:00+0200,38700.0,MW,FR,FR,forecast_load,Forecasted Load,2026-05-23T22:27:11Z
2026-05-23T22:26:36Z,2026-05-24T00:26:36+0200,35a99b20-1361-4eb7-8009-5b844fa790cc,2026-04-25T14:15:00Z,2026-04-25T16:15:00+0200,38250.0,MW,FR,FR,forecast_load,Forecasted Load,2026-05-23T22:27:11Z
2026-05-23T22:26:36Z,2026-05-24T00:26:36+0200,35a99b20-1361-4eb7-8009-5b844fa790cc,2026-04-25T14:30:00Z,2026-04-25T16:30:00+0200,37800.0,MW,FR,FR,forecast_load,Forecasted Load,2026-05-23T22:27:11Z
2026-05-23T22:26:36Z,2026-05-24T00:26:36+0200,35a99b20-1361-4eb7-8009-5b844fa790cc,2026-04-25T14:45:00Z,2026-04-25T16:45:00+0200,37350.0,MW,FR,FR,forecast_load,Forecasted Load,2026-05-23T22:27:11Z
2026-05-23T22:26:36Z,2026-05-24T00:26:36+0200,35a99b20-1361-4eb7-8009-5b844fa790cc,2026-04-25T15:00:00Z,2026-04-25T17:00:00+0200,36900.0,MW,FR,FR,forecast_load,Forecasted Load,2026-05-23T22:27:11Z
2026-05-23T22:26:36Z,2026-05-24T00:26:36+0200,35a99b20-1361-4eb7-8009-5b844fa790cc,2026-04-25T15:15:00Z,2026-04-25T17:15:00+0200,37250.0,MW,FR,FR,forecast_load,Forecasted Load,2026-05-23T22:27:11Z
2026-05-23T22:26:36Z,2026-05-24T00:26:36+0200,35a99b20-1361-4eb7-8009-5b844fa790cc,2026-04-25T15:30:00Z,2026-04-25T17:30:00+0200,37600.0,MW,FR,FR,forecast_load,Forecasted Load,2026-05-23T22:27:11Z
2026-05-23T22:26:36Z,2026-05-24T00:26:36+0200,35a99b20-1361-4eb7-8009-5b844fa790cc,2026-04-25T15:45:00Z,2026-04-25T17:45:00+0200,37950.0,MW,FR,FR,forecast_load,Forecasted Load,2026-05-23T22:27:11Z
2026-05-23T22:26:36Z,2026-05-24T00:26:36+0200,35a99b20-1361-4eb7-8009-5b844fa790cc,2026-04-25T16:00:00Z,2026-04-25T18:00:00+0200,38300.0,MW,FR,FR,forecast_load,Forecasted Load,2026-05-23T22:27:11Z
2026-05-23T22:26:36Z,2026-05-24T00:26:36+0200,35a99b20-1361-4eb7-8009-5b844fa790cc,2026-04-25T16:15:00Z,2026-04-25T18:15:00+0200,38550.0,MW,FR,FR,forecast_load,Forecasted Load,2026-05-23T22:27:11Z
2026-05-23T22:26:36Z,2026-05-24T00:26:36+0200,35a99b20-1361-4eb7-8009-5b844fa790cc,2026-04-25T16:30:00Z,2026-04-25T18:30:00+0200,38800.0,MW,FR,FR,forecast_load,Forecasted Load,2026-05-23T22:27:11Z
2026-05-23T22:26:36Z,2026-05-24T00:26:36+0200,35a99b20-1361-4eb7-8009-5b844fa790cc,2026-04-25T16:45:00Z,2026-04-25T18:45:00+0200,39550.0,MW,FR,FR,forecast_load,Forecasted Load,2026-05-23T22:27:11Z
2026-05-23T22:26:36Z,2026-05-24T00:26:36+0200,35a99b20-1361-4eb7-8009-5b844fa790cc,2026-04-25T17:00:00Z,2026-04-25T19:00:00+0200,40300.0,MW,FR,FR,forecast_load,Forecasted Load,2026-05-23T22:27:11Z
2026-05-23T22:26:36Z,2026-05-24T00:26:36+0200,35a99b20-1361-4eb7-8009-5b844fa790cc,2026-04-25T17:15:00Z,2026-04-25T19:15:00+0200,40400.0,MW,FR,FR,forecast_load,Forecasted Load,2026-05-23T22:27:11Z
2026-05-23T22:26:36Z,2026-05-24T00:26:36+0200,35a99b20-1361-4eb7-8009-5b844fa790cc,2026-04-25T17:30:00Z,2026-04-25T19:30:00+0200,40500.0,MW,FR,FR,forecast_load,Forecasted Load,2026-05-23T22:27:11Z
2026-05-23T22:26:36Z,2026-05-24T00:26:36+0200,35a99b20-1361-4eb7-8009-5b844fa790cc,2026-04-25T17:45:00Z,2026-04-25T19:45:00+0200,40400.0,MW,FR,FR,forecast_load,Forecasted Load,2026-05-23T22:27:11Z
2026-05-23T22:26:36Z,2026-05-24T00:26:36+0200,35a99b20-1361-4eb7-8009-5b844fa790cc,2026-04-25T18:00:00Z,2026-04-25T20:00:00+0200,40300.0,MW,FR,FR,forecast_load,Forecasted Load,2026-05-23T22:27:11Z
2026-05-23T22:26:36Z,2026-05-24T00:26:36+0200,35a99b20-1361-4eb7-8009-5b844fa790cc,2026-04-25T18:15:00Z,2026-04-25T20:15:00+0200,39900.0,MW,FR,FR,forecast_load,Forecasted Load,2026-05-23T22:27:11Z
2026-05-23T22:26:36Z,2026-05-24T00:26:36+0200,35a99b20-1361-4eb7-8009-5b844fa790cc,2026-04-25T18:30:00Z,2026-04-25T20:30:00+0200,39500.0,MW,FR,FR,forecast_load,Forecasted Load,2026-05-23T22:27:11Z
2026-05-23T22:26:36Z,2026-05-24T00:26:36+0200,35a99b20-1361-4eb7-8009-5b844fa790cc,2026-04-25T18:45:00Z,2026-04-25T20:45:00+0200,40100.0,MW,FR,FR,forecast_load,Forecasted Load,2026-05-23T22:27:11Z
2026-05-23T22:26:36Z,2026-05-24T00:26:36+0200,35a99b20-1361-4eb7-8009-5b844fa790cc,2026-04-25T19:00:00Z,2026-04-25T21:00:00+0200,40700.0,MW,FR,FR,forecast_load,Forecasted Load,2026-05-23T22:27:11Z
2026-05-23T22:26:36Z,2026-05-24T00:26:36+0200,35a99b20-1361-4eb7-8009-5b844fa790cc,2026-04-25T19:15:00Z,2026-04-25T21:15:00+0200,40600.0,MW,FR,FR,forecast_load,Forecasted Load,2026-05-23T22:27:11Z
2026-05-23T22:26:36Z,2026-05-24T00:26:36+0200,35a99b20-1361-4eb7-8009-5b844fa790cc,2026-04-25T19:30:00Z,2026-04-25T21:30:00+0200,40500.0,MW,FR,FR,forecast_load,Forecasted Load,2026-05-23T22:27:11Z
2026-05-23T22:26:36Z,2026-05-24T00:26:36+0200,35a99b20-1361-4eb7-8009-5b844fa790cc,2026-04-25T19:45:00Z,2026-04-25T21:45:00+0200,40100.0,MW,FR,FR,forecast_load,Forecasted Load,2026-05-23T22:27:11Z
2026-05-23T22:26:36Z,2026-05-24T00:26:36+0200,35a99b20-1361-4eb7-8009-5b844fa790cc,2026-04-25T20:00:00Z,2026-04-25T22:00:00+0200,39700.0,MW,FR,FR,forecast_load,Forecasted Load,2026-05-23T22:27:11Z
2026-05-23T22:26:36Z,2026-05-24T00:26:36+0200,35a99b20-1361-4eb7-8009-5b844fa790cc,2026-04-25T20:15:00Z,2026-04-25T22:15:00+0200,40350.0,MW,FR,FR,forecast_load,Forecasted Load,2026-05-23T22:27:11Z
2026-05-23T22:26:36Z,2026-05-24T00:26:36+0200,35a99b20-1361-4eb7-8009-5b844fa790cc,2026-04-25T20:30:00Z,2026-04-25T22:30:00+0200,41000.0,MW,FR,FR,forecast_load,Forecasted Load,2026-05-23T22:27:11Z
2026-05-23T22:26:36Z,2026-05-24T00:26:36+0200,35a99b20-1361-4eb7-8009-5b844fa790cc,2026-04-25T20:45:00Z,2026-04-25T22:45:00+0200,41900.0,MW,FR,FR,forecast_load,Forecasted Load,2026-05-23T22:27:11Z
2026-05-23T22:26:36Z,2026-05-24T00:26:36+0200,35a99b20-1361-4eb7-8009-5b844fa790cc,2026-04-25T21:00:00Z,2026-04-25T23:00:00+0200,42800.0,MW,FR,FR,forecast_load,Forecasted Load,2026-05-23T22:27:11Z
2026-05-23T22:26:36Z,2026-05-24T00:26:36+0200,35a99b20-1361-4eb7-8009-5b844fa790cc,2026-04-25T21:15:00Z,2026-04-25T23:15:00+0200,42700.0,MW,FR,FR,forecast_load,Forecasted Load,2026-05-23T22:27:11Z
2026-05-23T22:26:36Z,2026-05-24T00:26:36+0200,35a99b20-1361-4eb7-8009-5b844fa790cc,2026-04-25T21:30:00Z,2026-04-25T23:30:00+0200,42600.0,MW,FR,FR,forecast_load,Forecasted Load,2026-05-23T22:27:11Z
2026-05-23T22:26:36Z,2026-05-24T00:26:36+0200,35a99b20-1361-4eb7-8009-5b844fa790cc,2026-04-25T21:45:00Z,2026-04-25T23:45:00+0200,42250.0,MW,FR,FR,forecast_load,Forecasted Load,2026-05-23T22:27:11Z
2026-05-23T22:26:36Z,2026-05-24T00:26:36+0200,35a99b20-1361-4eb7-8009-5b844fa790cc,2026-04-25T22:00:00Z,2026-04-26T00:00:00+0200,41900.0,MW,FR,FR,forecast_load,Forecasted Load,2026-05-23T22:27:11Z
2026-05-23T22:26:36Z,2026-05-24T00:26:36+0200,35a99b20-1361-4eb7-8009-5b844fa790cc,2026-04-25T22:15:00Z,2026-04-26T00:15:00+0200,41050.0,MW,FR,FR,forecast_load,Forecasted Load,2026-05-23T22:27:11Z
2026-05-23T22:26:36Z,2026-05-24T00:26:36+0200,35a99b20-1361-4eb7-8009-5b844fa790cc,2026-04-25T22:30:00Z,2026-04-26T00:30:00+0200,40200.0,MW,FR,FR,forecast_load,Forecasted Load,2026-05-23T22:27:11Z
2026-05-23T22:26:36Z,2026-05-24T00:26:36+0200,35a99b20-1361-4eb7-8009-5b844fa790cc,2026-04-25T22:45:00Z,2026-04-26T00:45:00+0200,39500.0,MW,FR,FR,forecast_load,Forecasted Load,2026-05-23T22:27:11Z
2026-05-23T22:26:36Z,2026-05-24T00:26:36+0200,35a99b20-1361-4eb7-8009-5b844fa790cc,2026-04-25T23:00:00Z,2026-04-26T01:00:00+0200,38800.0,MW,FR,FR,forecast_load,Forecasted Load,2026-05-23T22:27:11Z
2026-05-23T22:26:36Z,2026-05-24T00:26:36+0200,35a99b20-1361-4eb7-8009-5b844fa790cc,2026-04-25T23:15:00Z,2026-04-26T01:15:00+0200,38950.0,MW,FR,FR,forecast_load,Forecasted Load,2026-05-23T22:27:11Z
2026-05-23T22:26:36Z,2026-05-24T00:26:36+0200,35a99b20-1361-4eb7-8009-5b844fa790cc,2026-04-25T23:30:00Z,2026-04-26T01:30:00+0200,39100.0,MW,FR,FR,forecast_load,Forecasted Load,2026-05-23T22:27:11Z
2026-05-23T22:26:36Z,2026-05-24T00:26:36+0200,35a99b20-1361-4eb7-8009-5b844fa790cc,2026-04-25T23:45:00Z,2026-04-26T01:45:00+0200,38700.0,MW,FR,FR,forecast_load,Forecasted Load,2026-05-23T22:27:11Z
2026-05-23T22:26:36Z,2026-05-24T00:26:36+0200,35a99b20-1361-4eb7-8009-5b844fa790cc,2026-04-26T00:00:00Z,2026-04-26T02:00:00+0200,38300.0,MW,FR,FR,forecast_load,Forecasted Load,2026-05-23T22:27:11Z
2026-05-23T22:26:36Z,2026-05-24T00:26:36+0200,35a99b20-1361-4eb7-8009-5b844fa790cc,2026-04-26T00:15:00Z,2026-04-26T02:15:00+0200,37450.0,MW,FR,FR,forecast_load,Forecasted Load,2026-05-23T22:27:11Z
2026-05-23T22:26:36Z,2026-05-24T00:26:36+0200,35a99b20-1361-4eb7-8009-5b844fa790cc,2026-04-26T00:30:00Z,2026-04-26T02:30:00+0200,36600.0,MW,FR,FR,forecast_load,Forecasted Load,2026-05-23T22:27:11Z
2026-05-23T22:26:36Z,2026-05-24T00:26:36+0200,35a99b20-1361-4eb7-8009-5b844fa790cc,2026-04-26T00:45:00Z,2026-04-26T02:45:00+0200,35850.0,MW,FR,FR,forecast_load,Forecasted Load,2026-05-23T22:27:11Z
2026-05-23T22:26:36Z,2026-05-24T00:26:36+0200,35a99b20-1361-4eb7-8009-5b844fa790cc,2026-04-26T01:00:00Z,2026-04-26T03:00:00+0200,35100.0,MW,FR,FR,forecast_load,Forecasted Load,2026-05-23T22:27:11Z
2026-05-23T22:26:36Z,2026-05-24T00:26:36+0200,35a99b20-1361-4eb7-8009-5b844fa790cc,2026-04-26T01:15:00Z,2026-04-26T03:15:00+0200,34650.0,MW,FR,FR,forecast_load,Forecasted Load,2026-05-23T22:27:11Z
2026-05-23T22:26:36Z,2026-05-24T00:26:36+0200,35a99b20-1361-4eb7-8009-5b844fa790cc,2026-04-26T01:30:00Z,2026-04-26T03:30:00+0200,34200.0,MW,FR,FR,forecast_load,Forecasted Load,2026-05-23T22:27:11Z
2026-05-23T22:26:36Z,2026-05-24T00:26:36+0200,35a99b20-1361-4eb7-8009-5b844fa790cc,2026-04-26T01:45:00Z,2026-04-26T03:45:00+0200,33850.0,MW,FR,FR,forecast_load,Forecasted Load,2026-05-23T22:27:11Z
2026-05-23T22:26:36Z,2026-05-24T00:26:36+0200,35a99b20-1361-4eb7-8009-5b844fa790cc,2026-04-26T02:00:00Z,2026-04-26T04:00:00+0200,33500.0,MW,FR,FR,forecast_load,Forecasted Load,2026-05-23T22:27:11Z
2026-05-23T22:26:36Z,2026-05-24T00:26:36+0200,35a99b20-1361-4eb7-8009-5b844fa790cc,2026-04-26T02:15:00Z,2026-04-26T04:15:00+0200,33300.0,MW,FR,FR,forecast_load,Forecasted Load,2026-05-23T22:27:11Z
2026-05-23T22:26:36Z,2026-05-24T00:26:36+0200,35a99b20-1361-4eb7-8009-5b844fa790cc,2026-04-26T02:30:00Z,2026-04-26T04:30:00+0200,33100.0,MW,FR,FR,forecast_load,Forecasted Load,2026-05-23T22:27:11Z
2026-05-23T22:26:36Z,2026-05-24T00:26:36+0200,35a99b20-1361-4eb7-8009-5b844fa790cc,2026-04-26T02:45:00Z,2026-04-26T04:45:00+0200,32850.0,MW,FR,FR,forecast_load,Forecasted Load,2026-05-23T22:27:11Z
2026-05-23T22:26:36Z,2026-05-24T00:26:36+0200,35a99b20-1361-4eb7-8009-5b844fa790cc,2026-04-26T03:00:00Z,2026-04-26T05:00:00+0200,32600.0,MW,FR,FR,forecast_load,Forecasted Load,2026-05-23T22:27:11Z
2026-05-23T22:26:36Z,2026-05-24T00:26:36+0200,35a99b20-1361-4eb7-8009-5b844fa790cc,2026-04-26T03:15:00Z,2026-04-26T05:15:00+0200,32800.0,MW,FR,FR,forecast_load,Forecasted Load,2026-05-23T22:27:11Z
2026-05-23T22:26:36Z,2026-05-24T00:26:36+0200,35a99b20-1361-4eb7-8009-5b844fa790cc,2026-04-26T03:30:00Z,2026-04-26T05:30:00+0200,33000.0,MW,FR,FR,forecast_load,Forecasted Load,2026-05-23T22:27:11Z
2026-05-23T22:26:36Z,2026-05-24T00:26:36+0200,35a99b20-1361-4eb7-8009-5b844fa790cc,2026-04-26T03:45:00Z,2026-04-26T05:45:00+0200,33200.0,MW,FR,FR,forecast_load,Forecasted Load,2026-05-23T22:27:11Z
2026-05-23T22:26:36Z,2026-05-24T00:26:36+0200,35a99b20-1361-4eb7-8009-5b844fa790cc,2026-04-26T04:00:00Z,2026-04-26T06:00:00+0200,33400.0,MW,FR,FR,forecast_load,Forecasted Load,2026-05-23T22:27:11Z
2026-05-23T22:26:36Z,2026-05-24T00:26:36+0200,35a99b20-1361-4eb7-8009-5b844fa790cc,2026-04-26T04:15:00Z,2026-04-26T06:15:00+0200,33400.0,MW,FR,FR,forecast_load,Forecasted Load,2026-05-23T22:27:11Z
2026-05-23T22:26:36Z,2026-05-24T00:26:36+0200,35a99b20-1361-4eb7-8009-5b844fa790cc,2026-04-26T04:30:00Z,2026-04-26T06:30:00+0200,33400.0,MW,FR,FR,forecast_load,Forecasted Load,2026-05-23T22:27:11Z
2026-05-23T22:26:36Z,2026-05-24T00:26:36+0200,35a99b20-1361-4eb7-8009-5b844fa790cc,2026-04-26T04:45:00Z,2026-04-26T06:45:00+0200,33300.0,MW,FR,FR,forecast_load,Forecasted Load,2026-05-23T22:27:11Z
2026-05-23T22:26:36Z,2026-05-24T00:26:36+0200,35a99b20-1361-4eb7-8009-5b844fa790cc,2026-04-26T05:00:00Z,2026-04-26T07:00:00+0200,33200.0,MW,FR,FR,forecast_load,Forecasted Load,2026-05-23T22:27:11Z
2026-05-23T22:26:36Z,2026-05-24T00:26:36+0200,35a99b20-1361-4eb7-8009-5b844fa790cc,2026-04-26T05:15:00Z,2026-04-26T07:15:00+0200,33350.0,MW,FR,FR,forecast_load,Forecasted Load,2026-05-23T22:27:11Z
2026-05-23T22:26:36Z,2026-05-24T00:26:36+0200,35a99b20-1361-4eb7-8009-5b844fa790cc,2026-04-26T05:30:00Z,2026-04-26T07:30:00+0200,33500.0,MW,FR,FR,forecast_load,Forecasted Load,2026-05-23T22:27:11Z
2026-05-23T22:26:36Z,2026-05-24T00:26:36+0200,35a99b20-1361-4eb7-8009-5b844fa790cc,2026-04-26T05:45:00Z,2026-04-26T07:45:00+0200,33950.0,MW,FR,FR,forecast_load,Forecasted Load,2026-05-23T22:27:11Z
2026-05-23T22:26:36Z,2026-05-24T00:26:36+0200,35a99b20-1361-4eb7-8009-5b844fa790cc,2026-04-26T06:00:00Z,2026-04-26T08:00:00+0200,34400.0,MW,FR,FR,forecast_load,Forecasted Load,2026-05-23T22:27:11Z
2026-05-23T22:26:36Z,2026-05-24T00:26:36+0200,35a99b20-1361-4eb7-8009-5b844fa790cc,2026-04-26T06:15:00Z,2026-04-26T08:15:00+0200,34950.0,MW,FR,FR,forecast_load,Forecasted Load,2026-05-23T22:27:11Z
2026-05-23T22:26:36Z,2026-05-24T00:26:36+0200,35a99b20-1361-4eb7-8009-5b844fa790cc,2026-04-26T06:30:00Z,2026-04-26T08:30:00+0200,35500.0,MW,FR,FR,forecast_load,Forecasted Load,2026-05-23T22:27:11Z
2026-05-23T22:26:36Z,2026-05-24T00:26:36+0200,35a99b20-1361-4eb7-8009-5b844fa790cc,2026-04-26T06:45:00Z,2026-04-26T08:45:00+0200,35900.0,MW,FR,FR,forecast_load,Forecasted Load,2026-05-23T22:27:11Z
2026-05-23T22:26:36Z,2026-05-24T00:26:36+0200,35a99b20-1361-4eb7-8009-5b844fa790cc,2026-04-26T07:00:00Z,2026-04-26T09:00:00+0200,36300.0,MW,FR,FR,forecast_load,Forecasted Load,2026-05-23T22:27:11Z
2026-05-23T22:26:36Z,2026-05-24T00:26:36+0200,35a99b20-1361-4eb7-8009-5b844fa790cc,2026-04-26T07:15:00Z,2026-04-26T09:15:00+0200,37000.0,MW,FR,FR,forecast_load,Forecasted Load,2026-05-23T22:27:11Z
2026-05-23T22:26:36Z,2026-05-24T00:26:36+0200,35a99b20-1361-4eb7-8009-5b844fa790cc,2026-04-26T07:30:00Z,2026-04-26T09:30:00+0200,37700.0,MW,FR,FR,forecast_load,Forecasted Load,2026-05-23T22:27:11Z
2026-05-23T22:26:36Z,2026-05-24T00:26:36+0200,35a99b20-1361-4eb7-8009-5b844fa790cc,2026-04-26T07:45:00Z,2026-04-26T09:45:00+0200,37900.0,MW,FR,FR,forecast_load,Forecasted Load,2026-05-23T22:27:11Z
2026-05-23T22:26:36Z,2026-05-24T00:26:36+0200,35a99b20-1361-4eb7-8009-5b844fa790cc,2026-04-26T08:00:00Z,2026-04-26T10:00:00+0200,38100.0,MW,FR,FR,forecast_load,Forecasted Load,2026-05-23T22:27:11Z
2026-05-23T22:26:36Z,2026-05-24T00:26:36+0200,35a99b20-1361-4eb7-8009-5b844fa790cc,2026-04-26T08:15:00Z,2026-04-26T10:15:00+0200,38600.0,MW,FR,FR,forecast_load,Forecasted Load,2026-05-23T22:27:11Z
2026-05-23T22:26:36Z,2026-05-24T00:26:36+0200,35a99b20-1361-4eb7-8009-5b844fa790cc,2026-04-26T08:30:00Z,2026-04-26T10:30:00+0200,39100.0,MW,FR,FR,forecast_load,Forecasted Load,2026-05-23T22:27:11Z
2026-05-23T22:26:36Z,2026-05-24T00:26:36+0200,35a99b20-1361-4eb7-8009-5b844fa790cc,2026-04-26T08:45:00Z,2026-04-26T10:45:00+0200,39300.0,MW,FR,FR,forecast_load,Forecasted Load,2026-05-23T22:27:11Z
2026-05-23T22:26:36Z,2026-05-24T00:26:36+0200,35a99b20-1361-4eb7-8009-5b844fa790cc,2026-04-26T09:00:00Z,2026-04-26T11:00:00+0200,39500.0,MW,FR,FR,forecast_load,Forecasted Load,2026-05-23T22:27:11Z
2026-05-23T22:26:36Z,2026-05-24T00:26:36+0200,35a99b20-1361-4eb7-8009-5b844fa790cc,2026-04-26T09:15:00Z,2026-04-26T11:15:00+0200,40000.0,MW,FR,FR,forecast_load,Forecasted Load,2026-05-23T22:27:11Z
2026-05-23T22:26:36Z,2026-05-24T00:26:36+0200,35a99b20-1361-4eb7-8009-5b844fa790cc,2026-04-26T09:30:00Z,2026-04-26T11:30:00+0200,40500.0,MW,FR,FR,forecast_load,Forecasted Load,2026-05-23T22:27:11Z
2026-05-23T22:26:36Z,2026-05-24T00:26:36+0200,35a99b20-1361-4eb7-8009-5b844fa790cc,2026-04-26T09:45:00Z,2026-04-26T11:45:00+0200,41300.0,MW,FR,FR,forecast_load,Forecasted Load,2026-05-23T22:27:11Z
2026-05-23T22:26:36Z,2026-05-24T00:26:36+0200,35a99b20-1361-4eb7-8009-5b844fa790cc,2026-04-26T10:00:00Z,2026-04-26T12:00:00+0200,42100.0,MW,FR,FR,forecast_load,Forecasted Load,2026-05-23T22:27:11Z
2026-05-23T22:26:36Z,2026-05-24T00:26:36+0200,35a99b20-1361-4eb7-8009-5b844fa790cc,2026-04-26T10:15:00Z,2026-04-26T12:15:00+0200,41950.0,MW,FR,FR,forecast_load,Forecasted Load,2026-05-23T22:27:11Z
2026-05-23T22:26:36Z,2026-05-24T00:26:36+0200,35a99b20-1361-4eb7-8009-5b844fa790cc,2026-04-26T10:30:00Z,2026-04-26T12:30:00+0200,41800.0,MW,FR,FR,forecast_load,Forecasted Load,2026-05-23T22:27:11Z
2026-05-23T22:26:36Z,2026-05-24T00:26:36+0200,35a99b20-1361-4eb7-8009-5b844fa790cc,2026-04-26T10:45:00Z,2026-04-26T12:45:00+0200,42500.0,MW,FR,FR,forecast_load,Forecasted Load,2026-05-23T22:27:11Z
2026-05-23T22:26:36Z,2026-05-24T00:26:36+0200,35a99b20-1361-4eb7-8009-5b844fa790cc,2026-04-26T11:00:00Z,2026-04-26T13:00:00+0200,43200.0,MW,FR,FR,forecast_load,Forecasted Load,2026-05-23T22:27:11Z
2026-05-23T22:26:36Z,2026-05-24T00:26:36+0200,35a99b20-1361-4eb7-8009-5b844fa790cc,2026-04-26T11:15:00Z,2026-04-26T13:15:00+0200,42100.0,MW,FR,FR,forecast_load,Forecasted Load,2026-05-23T22:27:11Z
2026-05-23T22:26:36Z,2026-05-24T00:26:36+0200,35a99b20-1361-4eb7-8009-5b844fa790cc,2026-04-26T11:30:00Z,2026-04-26T13:30:00+0200,41000.0,MW,FR,FR,forecast_load,Forecasted Load,2026-05-23T22:27:11Z
2026-05-23T22:26:36Z,2026-05-24T00:26:36+0200,35a99b20-1361-4eb7-8009-5b844fa790cc,2026-04-26T11:45:00Z,2026-04-26T13:45:00+0200,40250.0,MW,FR,FR,forecast_load,Forecasted Load,2026-05-23T22:27:11Z
2026-05-23T22:26:36Z,2026-05-24T00:26:36+0200,35a99b20-1361-4eb7-8009-5b844fa790cc,2026-04-26T12:00:00Z,2026-04-26T14:00:00+0200,39500.0,MW,FR,FR,forecast_load,Forecasted Load,2026-05-23T22:27:11Z
2026-05-23T22:26:36Z,2026-05-24T00:26:36+0200,35a99b20-1361-4eb7-8009-5b844fa790cc,2026-04-26T12:15:00Z,2026-04-26T14:15:00+0200,39950.0,MW,FR,FR,forecast_load,Forecasted Load,2026-05-23T22:27:11Z
2026-05-23T22:26:36Z,2026-05-24T00:26:36+0200,35a99b20-1361-4eb7-8009-5b844fa790cc,2026-04-26T12:30:00Z,2026-04-26T14:30:00+0200,40400.0,MW,FR,FR,forecast_load,Forecasted Load,2026-05-23T22:27:11Z
2026-05-23T22:26:36Z,2026-05-24T00:26:36+0200,35a99b20-1361-4eb7-8009-5b844fa790cc,2026-04-26T12:45:00Z,2026-04-26T14:45:00+0200,39850.0,MW,FR,FR,forecast_load,Forecasted Load,2026-05-23T22:27:11Z
2026-05-23T22:26:36Z,2026-05-24T00:26:36+0200,35a99b20-1361-4eb7-8009-5b844fa790cc,2026-04-26T13:00:00Z,2026-04-26T15:00:00+0200,39300.0,MW,FR,FR,forecast_load,Forecasted Load,2026-05-23T22:27:11Z
2026-05-23T22:26:36Z,2026-05-24T00:26:36+0200,35a99b20-1361-4eb7-8009-5b844fa790cc,2026-04-26T13:15:00Z,2026-04-26T15:15:00+0200,38800.0,MW,FR,FR,forecast_load,Forecasted Load,2026-05-23T22:27:11Z
2026-05-23T22:26:36Z,2026-05-24T00:26:36+0200,35a99b20-1361-4eb7-8009-5b844fa790cc,2026-04-26T13:30:00Z,2026-04-26T15:30:00+0200,38300.0,MW,FR,FR,forecast_load,Forecasted Load,2026-05-23T22:27:11Z
2026-05-23T22:26:36Z,2026-05-24T00:26:36+0200,35a99b20-1361-4eb7-8009-5b844fa790cc,2026-04-26T13:45:00Z,2026-04-26T15:45:00+0200,37800.0,MW,FR,FR,forecast_load,Forecasted Load,2026-05-23T22:27:11Z
2026-05-23T22:26:36Z,2026-05-24T00:26:36+0200,35a99b20-1361-4eb7-8009-5b844fa790cc,2026-04-26T14:00:00Z,2026-04-26T16:00:00+0200,37300.0,MW,FR,FR,forecast_load,Forecasted Load,2026-05-23T22:27:11Z
2026-05-23T22:26:36Z,2026-05-24T00:26:36+0200,35a99b20-1361-4eb7-8009-5b844fa790cc,2026-04-26T14:15:00Z,2026-04-26T16:15:00+0200,36850.0,MW,FR,FR,forecast_load,Forecasted Load,2026-05-23T22:27:11Z
2026-05-23T22:26:36Z,2026-05-24T00:26:36+0200,35a99b20-1361-4eb7-8009-5b844fa790cc,2026-04-26T14:30:00Z,2026-04-26T16:30:00+0200,36400.0,MW,FR,FR,forecast_load,Forecasted Load,2026-05-23T22:27:11Z
2026-05-23T22:26:36Z,2026-05-24T00:26:36+0200,35a99b20-1361-4eb7-8009-5b844fa790cc,2026-04-26T14:45:00Z,2026-04-26T16:45:00+0200,36000.0,MW,FR,FR,forecast_load,Forecasted Load,2026-05-23T22:27:11Z
2026-05-23T22:26:36Z,2026-05-24T00:26:36+0200,35a99b20-1361-4eb7-8009-5b844fa790cc,2026-04-26T15:00:00Z,2026-04-26T17:00:00+0200,35600.0,MW,FR,FR,forecast_load,Forecasted Load,2026-05-23T22:27:11Z
2026-05-23T22:26:36Z,2026-05-24T00:26:36+0200,35a99b20-1361-4eb7-8009-5b844fa790cc,2026-04-26T15:15:00Z,2026-04-26T17:15:00+0200,35900.0,MW,FR,FR,forecast_load,Forecasted Load,2026-05-23T22:27:11Z
2026-05-23T22:26:36Z,2026-05-24T00:26:36+0200,35a99b20-1361-4eb7-8009-5b844fa790cc,2026-04-26T15:30:00Z,2026-04-26T17:30:00+0200,36200.0,MW,FR,FR,forecast_load,Forecasted Load,2026-05-23T22:27:11Z
2026-05-23T22:26:36Z,2026-05-24T00:26:36+0200,35a99b20-1361-4eb7-8009-5b844fa790cc,2026-04-26T15:45:00Z,2026-04-26T17:45:00+0200,36750.0,MW,FR,FR,forecast_load,Forecasted Load,2026-05-23T22:27:11Z
2026-05-23T22:26:36Z,2026-05-24T00:26:36+0200,35a99b20-1361-4eb7-8009-5b844fa790cc,2026-04-26T16:00:00Z,2026-04-26T18:00:00+0200,37300.0,MW,FR,FR,forecast_load,Forecasted Load,2026-05-23T22:27:11Z
2026-05-23T22:26:36Z,2026-05-24T00:26:36+0200,35a99b20-1361-4eb7-8009-5b844fa790cc,2026-04-26T16:15:00Z,2026-04-26T18:15:00+0200,38050.0,MW,FR,FR,forecast_load,Forecasted Load,2026-05-23T22:27:11Z
2026-05-23T22:26:36Z,2026-05-24T00:26:36+0200,35a99b20-1361-4eb7-8009-5b844fa790cc,2026-04-26T16:30:00Z,2026-04-26T18:30:00+0200,38800.0,MW,FR,FR,forecast_load,Forecasted Load,2026-05-23T22:27:11Z
2026-05-23T22:26:36Z,2026-05-24T00:26:36+0200,35a99b20-1361-4eb7-8009-5b844fa790cc,2026-04-26T16:45:00Z,2026-04-26T18:45:00+0200,39500.0,MW,FR,FR,forecast_load,Forecasted Load,2026-05-23T22:27:11Z
2026-05-23T22:26:36Z,2026-05-24T00:26:36+0200,35a99b20-1361-4eb7-8009-5b844fa790cc,2026-04-26T17:00:00Z,2026-04-26T19:00:00+0200,40200.0,MW,FR,FR,forecast_load,Forecasted Load,2026-05-23T22:27:11Z
2026-05-23T22:26:36Z,2026-05-24T00:26:36+0200,35a99b20-1361-4eb7-8009-5b844fa790cc,2026-04-26T17:15:00Z,2026-04-26T19:15:00+0200,40750.0,MW,FR,FR,forecast_load,Forecasted Load,2026-05-23T22:27:11Z
2026-05-23T22:26:36Z,2026-05-24T00:26:36+0200,35a99b20-1361-4eb7-8009-5b844fa790cc,2026-04-26T17:30:00Z,2026-04-26T19:30:00+0200,41300.0,MW,FR,FR,forecast_load,Forecasted Load,2026-05-23T22:27:11Z
2026-05-23T22:26:36Z,2026-05-24T00:26:36+0200,35a99b20-1361-4eb7-8009-5b844fa790cc,2026-04-26T17:45:00Z,2026-04-26T19:45:00+0200,41300.0,MW,FR,FR,forecast_load,Forecasted Load,2026-05-23T22:27:11Z
2026-05-23T22:26:36Z,2026-05-24T00:26:36+0200,35a99b20-1361-4eb7-8009-5b844fa790cc,2026-04-26T18:00:00Z,2026-04-26T20:00:00+0200,41300.0,MW,FR,FR,forecast_load,Forecasted Load,2026-05-23T22:27:11Z
2026-05-23T22:26:36Z,2026-05-24T00:26:36+0200,35a99b20-1361-4eb7-8009-5b844fa790cc,2026-04-26T18:15:00Z,2026-04-26T20:15:00+0200,40900.0,MW,FR,FR,forecast_load,Forecasted Load,2026-05-23T22:27:11Z
2026-05-23T22:26:36Z,2026-05-24T00:26:36+0200,35a99b20-1361-4eb7-8009-5b844fa790cc,2026-04-26T18:30:00Z,2026-04-26T20:30:00+0200,40500.0,MW,FR,FR,forecast_load,Forecasted Load,2026-05-23T22:27:11Z
2026-05-23T22:26:36Z,2026-05-24T00:26:36+0200,35a99b20-1361-4eb7-8009-5b844fa790cc,2026-04-26T18:45:00Z,2026-04-26T20:45:00+0200,41050.0,MW,FR,FR,forecast_load,Forecasted Load,2026-05-23T22:27:11Z
2026-05-23T22:26:36Z,2026-05-24T00:26:36+0200,35a99b20-1361-4eb7-8009-5b844fa790cc,2026-04-26T19:00:00Z,2026-04-26T21:00:00+0200,41600.0,MW,FR,FR,forecast_load,Forecasted Load,2026-05-23T22:27:11Z
2026-05-23T22:26:36Z,2026-05-24T00:26:36+0200,35a99b20-1361-4eb7-8009-5b844fa790cc,2026-04-26T19:15:00Z,2026-04-26T21:15:00+0200,41450.0,MW,FR,FR,forecast_load,Forecasted Load,2026-05-23T22:27:11Z
2026-05-23T22:26:36Z,2026-05-24T00:26:36+0200,35a99b20-1361-4eb7-8009-5b844fa790cc,2026-04-26T19:30:00Z,2026-04-26T21:30:00+0200,41300.0,MW,FR,FR,forecast_load,Forecasted Load,2026-05-23T22:27:11Z
2026-05-23T22:26:36Z,2026-05-24T00:26:36+0200,35a99b20-1361-4eb7-8009-5b844fa790cc,2026-04-26T19:45:00Z,2026-04-26T21:45:00+0200,40800.0,MW,FR,FR,forecast_load,Forecasted Load,2026-05-23T22:27:11Z
2026-05-23T22:26:36Z,2026-05-24T00:26:36+0200,35a99b20-1361-4eb7-8009-5b844fa790cc,2026-04-26T20:00:00Z,2026-04-26T22:00:00+0200,40300.0,MW,FR,FR,forecast_load,Forecasted Load,2026-05-23T22:27:11Z
2026-05-23T22:26:36Z,2026-05-24T00:26:36+0200,35a99b20-1361-4eb7-8009-5b844fa790cc,2026-04-26T20:15:00Z,2026-04-26T22:15:00+0200,40600.0,MW,FR,FR,forecast_load,Forecasted Load,2026-05-23T22:27:11Z
2026-05-23T22:26:36Z,2026-05-24T00:26:36+0200,35a99b20-1361-4eb7-8009-5b844fa790cc,2026-04-26T20:30:00Z,2026-04-26T22:30:00+0200,40900.0,MW,FR,FR,forecast_load,Forecasted Load,2026-05-23T22:27:11Z
2026-05-23T22:26:36Z,2026-05-24T00:26:36+0200,35a99b20-1361-4eb7-8009-5b844fa790cc,2026-04-26T20:45:00Z,2026-04-26T22:45:00+0200,41800.0,MW,FR,FR,forecast_load,Forecasted Load,2026-05-23T22:27:11Z
2026-05-23T22:26:36Z,2026-05-24T00:26:36+0200,35a99b20-1361-4eb7-8009-5b844fa790cc,2026-04-26T21:00:00Z,2026-04-26T23:00:00+0200,42700.0,MW,FR,FR,forecast_load,Forecasted Load,2026-05-23T22:27:11Z
2026-05-23T22:26:36Z,2026-05-24T00:26:36+0200,35a99b20-1361-4eb7-8009-5b844fa790cc,2026-04-26T21:15:00Z,2026-04-26T23:15:00+0200,42550.0,MW,FR,FR,forecast_load,Forecasted Load,2026-05-23T22:27:11Z
2026-05-23T22:26:36Z,2026-05-24T00:26:36+0200,35a99b20-1361-4eb7-8009-5b844fa790cc,2026-04-26T21:30:00Z,2026-04-26T23:30:00+0200,42400.0,MW,FR,FR,forecast_load,Forecasted Load,2026-05-23T22:27:11Z
2026-05-23T22:26:36Z,2026-05-24T00:26:36+0200,35a99b20-1361-4eb7-8009-5b844fa790cc,2026-04-26T21:45:00Z,2026-04-26T23:45:00+0200,41800.0,MW,FR,FR,forecast_load,Forecasted Load,2026-05-23T22:27:11Z
2026-05-23T22:26:36Z,2026-05-24T00:26:36+0200,35a99b20-1361-4eb7-8009-5b844fa790cc,2026-04-26T22:00:00Z,2026-04-27T00:00:00+0200,40800.0,MW,FR,FR,forecast_load,Forecasted Load,2026-05-23T22:27:11Z
2026-05-23T22:26:36Z,2026-05-24T00:26:36+0200,35a99b20-1361-4eb7-8009-5b844fa790cc,2026-04-26T22:15:00Z,2026-04-27T00:15:00+0200,40100.0,MW,FR,FR,forecast_load,Forecasted Load,2026-05-23T22:27:11Z
2026-05-23T22:26:36Z,2026-05-24T00:26:36+0200,35a99b20-1361-4eb7-8009-5b844fa790cc,2026-04-26T22:30:00Z,2026-04-27T00:30:00+0200,39400.0,MW,FR,FR,forecast_load,Forecasted Load,2026-05-23T22:27:11Z
2026-05-23T22:26:36Z,2026-05-24T00:26:36+0200,35a99b20-1361-4eb7-8009-5b844fa790cc,2026-04-26T22:45:00Z,2026-04-27T00:45:00+0200,38750.0,MW,FR,FR,forecast_load,Forecasted Load,2026-05-23T22:27:11Z
2026-05-23T22:26:36Z,2026-05-24T00:26:36+0200,35a99b20-1361-4eb7-8009-5b844fa790cc,2026-04-26T23:00:00Z,2026-04-27T01:00:00+0200,38100.0,MW,FR,FR,forecast_load,Forecasted Load,2026-05-23T22:27:11Z
2026-05-23T22:26:36Z,2026-05-24T00:26:36+0200,35a99b20-1361-4eb7-8009-5b844fa790cc,2026-04-26T23:15:00Z,2026-04-27T01:15:00+0200,38050.0,MW,FR,FR,forecast_load,Forecasted Load,2026-05-23T22:27:11Z
2026-05-23T22:26:36Z,2026-05-24T00:26:36+0200,35a99b20-1361-4eb7-8009-5b844fa790cc,2026-04-26T23:30:00Z,2026-04-27T01:30:00+0200,38000.0,MW,FR,FR,forecast_load,Forecasted Load,2026-05-23T22:27:11Z
2026-05-23T22:26:36Z,2026-05-24T00:26:36+0200,35a99b20-1361-4eb7-8009-5b844fa790cc,2026-04-26T23:45:00Z,2026-04-27T01:45:00+0200,37700.0,MW,FR,FR,forecast_load,Forecasted Load,2026-05-23T22:27:11Z
2026-05-23T22:26:36Z,2026-05-24T00:26:36+0200,35a99b20-1361-4eb7-8009-5b844fa790cc,2026-04-27T00:00:00Z,2026-04-27T02:00:00+0200,37400.0,MW,FR,FR,forecast_load,Forecasted Load,2026-05-23T22:27:11Z
2026-05-23T22:26:36Z,2026-05-24T00:26:36+0200,35a99b20-1361-4eb7-8009-5b844fa790cc,2026-04-27T00:15:00Z,2026-04-27T02:15:00+0200,36700.0,MW,FR,FR,forecast_load,Forecasted Load,2026-05-23T22:27:11Z
2026-05-23T22:26:36Z,2026-05-24T00:26:36+0200,35a99b20-1361-4eb7-8009-5b844fa790cc,2026-04-27T00:30:00Z,2026-04-27T02:30:00+0200,36000.0,MW,FR,FR,forecast_load,Forecasted Load,2026-05-23T22:27:11Z
2026-05-23T22:26:36Z,2026-05-24T00:26:36+0200,35a99b20-1361-4eb7-8009-5b844fa790cc,2026-04-27T00:45:00Z,2026-04-27T02:45:00+0200,35500.0,MW,FR,FR,forecast_load,Forecasted Load,2026-05-23T22:27:11Z
2026-05-23T22:26:36Z,2026-05-24T00:26:36+0200,35a99b20-1361-4eb7-8009-5b844fa790cc,2026-04-27T01:00:00Z,2026-04-27T03:00:00+0200,35000.0,MW,FR,FR,forecast_load,Forecasted Load,2026-05-23T22:27:11Z
2026-05-23T22:26:36Z,2026-05-24T00:26:36+0200,35a99b20-1361-4eb7-8009-5b844fa790cc,2026-04-27T01:15:00Z,2026-04-27T03:15:00+0200,34500.0,MW,FR,FR,forecast_load,Forecasted Load,2026-05-23T22:27:11Z
2026-05-23T22:26:36Z,2026-05-24T00:26:36+0200,35a99b20-1361-4eb7-8009-5b844fa790cc,2026-04-27T01:30:00Z,2026-04-27T03:30:00+0200,34000.0,MW,FR,FR,forecast_load,Forecasted Load,2026-05-23T22:27:11Z
2026-05-23T22:26:36Z,2026-05-24T00:26:36+0200,35a99b20-1361-4eb7-8009-5b844fa790cc,2026-04-27T01:45:00Z,2026-04-27T03:45:00+0200,33900.0,MW,FR,FR,forecast_load,Forecasted Load,2026-05-23T22:27:11Z
2026-05-23T22:26:36Z,2026-05-24T00:26:36+0200,35a99b20-1361-4eb7-8009-5b844fa790cc,2026-04-27T02:00:00Z,2026-04-27T04:00:00+0200,33800.0,MW,FR,FR,forecast_load,Forecasted Load,2026-05-23T22:27:11Z
2026-05-23T22:26:36Z,2026-05-24T00:26:36+0200,35a99b20-1361-4eb7-8009-5b844fa790cc,2026-04-27T02:15:00Z,2026-04-27T04:15:00+0200,33950.0,MW,FR,FR,forecast_load,Forecasted Load,2026-05-23T22:27:11Z
2026-05-23T22:26:36Z,2026-05-24T00:26:36+0200,35a99b20-1361-4eb7-8009-5b844fa790cc,2026-04-27T02:30:00Z,2026-04-27T04:30:00+0200,34100.0,MW,FR,FR,forecast_load,Forecasted Load,2026-05-23T22:27:11Z
2026-05-23T22:26:36Z,2026-05-24T00:26:36+0200,35a99b20-1361-4eb7-8009-5b844fa790cc,2026-04-27T02:45:00Z,2026-04-27T04:45:00+0200,34600.0,MW,FR,FR,forecast_load,Forecasted Load,2026-05-23T22:27:11Z
2026-05-23T22:26:36Z,2026-05-24T00:26:36+0200,35a99b20-1361-4eb7-8009-5b844fa790cc,2026-04-27T03:00:00Z,2026-04-27T05:00:00+0200,35100.0,MW,FR,FR,forecast_load,Forecasted Load,2026-05-23T22:27:11Z
2026-05-23T22:26:36Z,2026-05-24T00:26:36+0200,35a99b20-1361-4eb7-8009-5b844fa790cc,2026-04-27T03:15:00Z,2026-04-27T05:15:00+0200,35800.0,MW,FR,FR,forecast_load,Forecasted Load,2026-05-23T22:27:11Z
2026-05-23T22:26:36Z,2026-05-24T00:26:36+0200,35a99b20-1361-4eb7-8009-5b844fa790cc,2026-04-27T03:30:00Z,2026-04-27T05:30:00+0200,36500.0,MW,FR,FR,forecast_load,Forecasted Load,2026-05-23T22:27:11Z
2026-05-23T22:26:36Z,2026-05-24T00:26:36+0200,35a99b20-1361-4eb7-8009-5b844fa790cc,2026-04-27T03:45:00Z,2026-04-27T05:45:00+0200,37650.0,MW,FR,FR,forecast_load,Forecasted Load,2026-05-23T22:27:11Z
2026-05-23T22:26:36Z,2026-05-24T00:26:36+0200,35a99b20-1361-4eb7-8009-5b844fa790cc,2026-04-27T04:00:00Z,2026-04-27T06:00:00+0200,38800.0,MW,FR,FR,forecast_load,Forecasted Load,2026-05-23T22:27:11Z
2026-05-23T22:26:36Z,2026-05-24T00:26:36+0200,35a99b20-1361-4eb7-8009-5b844fa790cc,2026-04-27T04:15:00Z,2026-04-27T06:15:00+0200,39800.0,MW,FR,FR,forecast_load,Forecasted Load,2026-05-23T22:27:11Z
2026-05-23T22:26:36Z,2026-05-24T00:26:36+0200,35a99b20-1361-4eb7-8009-5b844fa790cc,2026-04-27T04:30:00Z,2026-04-27T06:30:00+0200,40800.0,MW,FR,FR,forecast_load,Forecasted Load,2026-05-23T22:27:11Z
2026-05-23T22:26:36Z,2026-05-24T00:26:36+0200,35a99b20-1361-4eb7-8009-5b844fa790cc,2026-04-27T04:45:00Z,2026-04-27T06:45:00+0200,41650.0,MW,FR,FR,forecast_load,Forecasted Load,2026-05-23T22:27:11Z
2026-05-23T22:26:36Z,2026-05-24T00:26:36+0200,35a99b20-1361-4eb7-8009-5b844fa790cc,2026-04-27T05:00:00Z,2026-04-27T07:00:00+0200,42500.0,MW,FR,FR,forecast_load,Forecasted Load,2026-05-23T22:27:11Z
2026-05-23T22:26:36Z,2026-05-24T00:26:36+0200,35a99b20-1361-4eb7-8009-5b844fa790cc,2026-04-27T05:15:00Z,2026-04-27T07:15:00+0200,43400.0,MW,FR,FR,forecast_load,Forecasted Load,2026-05-23T22:27:11Z
2026-05-23T22:26:36Z,2026-05-24T00:26:36+0200,35a99b20-1361-4eb7-8009-5b844fa790cc,2026-04-27T05:30:00Z,2026-04-27T07:30:00+0200,44300.0,MW,FR,FR,forecast_load,Forecasted Load,2026-05-23T22:27:11Z
2026-05-23T22:26:36Z,2026-05-24T00:26:36+0200,35a99b20-1361-4eb7-8009-5b844fa790cc,2026-04-27T05:45:00Z,2026-04-27T07:45:00+0200,45100.0,MW,FR,FR,forecast_load,Forecasted Load,2026-05-23T22:27:11Z
2026-05-23T22:26:36Z,2026-05-24T00:26:36+0200,35a99b20-1361-4eb7-8009-5b844fa790cc,2026-04-27T06:00:00Z,2026-04-27T08:00:00+0200,45900.0,MW,FR,FR,forecast_load,Forecasted Load,2026-05-23T22:27:11Z
2026-05-23T22:26:36Z,2026-05-24T00:26:36+0200,35a99b20-1361-4eb7-8009-5b844fa790cc,2026-04-27T06:15:00Z,2026-04-27T08:15:00+0200,46350.0,MW,FR,FR,forecast_load,Forecasted Load,2026-05-23T22:27:11Z
2026-05-23T22:26:36Z,2026-05-24T00:26:36+0200,35a99b20-1361-4eb7-8009-5b844fa790cc,2026-04-27T06:30:00Z,2026-04-27T08:30:00+0200,46800.0,MW,FR,FR,forecast_load,Forecasted Load,2026-05-23T22:27:11Z
2026-05-23T22:26:36Z,2026-05-24T00:26:36+0200,35a99b20-1361-4eb7-8009-5b844fa790cc,2026-04-27T06:45:00Z,2026-04-27T08:45:00+0200,47100.0,MW,FR,FR,forecast_load,Forecasted Load,2026-05-23T22:27:11Z
2026-05-23T22:26:36Z,2026-05-24T00:26:36+0200,35a99b20-1361-4eb7-8009-5b844fa790cc,2026-04-27T07:00:00Z,2026-04-27T09:00:00+0200,47400.0,MW,FR,FR,forecast_load,Forecasted Load,2026-05-23T22:27:11Z
2026-05-23T22:26:36Z,2026-05-24T00:26:36+0200,35a99b20-1361-4eb7-8009-5b844fa790cc,2026-04-27T07:15:00Z,2026-04-27T09:15:00+0200,47350.0,MW,FR,FR,forecast_load,Forecasted Load,2026-05-23T22:27:11Z
2026-05-23T22:26:36Z,2026-05-24T00:26:36+0200,35a99b20-1361-4eb7-8009-5b844fa790cc,2026-04-27T07:30:00Z,2026-04-27T09:30:00+0200,47300.0,MW,FR,FR,forecast_load,Forecasted Load,2026-05-23T22:27:11Z
2026-05-23T22:26:36Z,2026-05-24T00:26:36+0200,35a99b20-1361-4eb7-8009-5b844fa790cc,2026-04-27T07:45:00Z,2026-04-27T09:45:00+0200,47100.0,MW,FR,FR,forecast_load,Forecasted Load,2026-05-23T22:27:11Z
2026-05-23T22:26:36Z,2026-05-24T00:26:36+0200,35a99b20-1361-4eb7-8009-5b844fa790cc,2026-04-27T08:00:00Z,2026-04-27T10:00:00+0200,46900.0,MW,FR,FR,forecast_load,Forecasted Load,2026-05-23T22:27:11Z
2026-05-23T22:26:36Z,2026-05-24T00:26:36+0200,35a99b20-1361-4eb7-8009-5b844fa790cc,2026-04-27T08:15:00Z,2026-04-27T10:15:00+0200,46950.0,MW,FR,FR,forecast_load,Forecasted Load,2026-05-23T22:27:11Z
2026-05-23T22:26:36Z,2026-05-24T00:26:36+0200,35a99b20-1361-4eb7-8009-5b844fa790cc,2026-04-27T08:30:00Z,2026-04-27T10:30:00+0200,47000.0,MW,FR,FR,forecast_load,Forecasted Load,2026-05-23T22:27:11Z
2026-05-23T22:26:36Z,2026-05-24T00:26:36+0200,35a99b20-1361-4eb7-8009-5b844fa790cc,2026-04-27T08:45:00Z,2026-04-27T10:45:00+0200,47150.0,MW,FR,FR,forecast_load,Forecasted Load,2026-05-23T22:27:11Z
2026-05-23T22:26:36Z,2026-05-24T00:26:36+0200,35a99b20-1361-4eb7-8009-5b844fa790cc,2026-04-27T09:00:00Z,2026-04-27T11:00:00+0200,47300.0,MW,FR,FR,forecast_load,Forecasted Load,2026-05-23T22:27:11Z
2026-05-23T22:26:36Z,2026-05-24T00:26:36+0200,35a99b20-1361-4eb7-8009-5b844fa790cc,2026-04-27T09:15:00Z,2026-04-27T11:15:00+0200,47350.0,MW,FR,FR,forecast_load,Forecasted Load,2026-05-23T22:27:11Z
2026-05-23T22:26:36Z,2026-05-24T00:26:36+0200,35a99b20-1361-4eb7-8009-5b844fa790cc,2026-04-27T09:30:00Z,2026-04-27T11:30:00+0200,47400.0,MW,FR,FR,forecast_load,Forecasted Load,2026-05-23T22:27:11Z
2026-05-23T22:26:36Z,2026-05-24T00:26:36+0200,35a99b20-1361-4eb7-8009-5b844fa790cc,2026-04-27T09:45:00Z,2026-04-27T11:45:00+0200,47800.0,MW,FR,FR,forecast_load,Forecasted Load,2026-05-23T22:27:11Z
2026-05-23T22:26:36Z,2026-05-24T00:26:36+0200,35a99b20-1361-4eb7-8009-5b844fa790cc,2026-04-27T10:00:00Z,2026-04-27T12:00:00+0200,48200.0,MW,FR,FR,forecast_load,Forecasted Load,2026-05-23T22:27:11Z
2026-05-23T22:26:36Z,2026-05-24T00:26:36+0200,35a99b20-1361-4eb7-8009-5b844fa790cc,2026-04-27T10:15:00Z,2026-04-27T12:15:00+0200,47700.0,MW,FR,FR,forecast_load,Forecasted Load,2026-05-23T22:27:11Z
2026-05-23T22:26:36Z,2026-05-24T00:26:36+0200,35a99b20-1361-4eb7-8009-5b844fa790cc,2026-04-27T10:30:00Z,2026-04-27T12:30:00+0200,47200.0,MW,FR,FR,forecast_load,Forecasted Load,2026-05-23T22:27:11Z
2026-05-23T22:26:36Z,2026-05-24T00:26:36+0200,35a99b20-1361-4eb7-8009-5b844fa790cc,2026-04-27T10:45:00Z,2026-04-27T12:45:00+0200,47950.0,MW,FR,FR,forecast_load,Forecasted Load,2026-05-23T22:27:11Z
2026-05-23T22:26:36Z,2026-05-24T00:26:36+0200,35a99b20-1361-4eb7-8009-5b844fa790cc,2026-04-27T11:00:00Z,2026-04-27T13:00:00+0200,48700.0,MW,FR,FR,forecast_load,Forecasted Load,2026-05-23T22:27:11Z
2026-05-23T22:26:36Z,2026-05-24T00:26:36+0200,35a99b20-1361-4eb7-8009-5b844fa790cc,2026-04-27T11:15:00Z,2026-04-27T13:15:00+0200,47850.0,MW,FR,FR,forecast_load,Forecasted Load,2026-05-23T22:27:11Z
2026-05-23T22:26:36Z,2026-05-24T00:26:36+0200,35a99b20-1361-4eb7-8009-5b844fa790cc,2026-04-27T11:30:00Z,2026-04-27T13:30:00+0200,47000.0,MW,FR,FR,forecast_load,Forecasted Load,2026-05-23T22:27:11Z
2026-05-23T22:26:36Z,2026-05-24T00:26:36+0200,35a99b20-1361-4eb7-8009-5b844fa790cc,2026-04-27T11:45:00Z,2026-04-27T13:45:00+0200,46700.0,MW,FR,FR,forecast_load,Forecasted Load,2026-05-23T22:27:11Z
2026-05-23T22:26:36Z,2026-05-24T00:26:36+0200,35a99b20-1361-4eb7-8009-5b844fa790cc,2026-04-27T12:00:00Z,2026-04-27T14:00:00+0200,46400.0,MW,FR,FR,forecast_load,Forecasted Load,2026-05-23T22:27:11Z
2026-05-23T22:26:36Z,2026-05-24T00:26:36+0200,35a99b20-1361-4eb7-8009-5b844fa790cc,2026-04-27T12:15:00Z,2026-04-27T14:15:00+0200,46900.0,MW,FR,FR,forecast_load,Forecasted Load,2026-05-23T22:27:11Z
2026-05-23T22:26:36Z,2026-05-24T00:26:36+0200,35a99b20-1361-4eb7-8009-5b844fa790cc,2026-04-27T12:30:00Z,2026-04-27T14:30:00+0200,47400.0,MW,FR,FR,forecast_load,Forecasted Load,2026-05-23T22:27:11Z
2026-05-23T22:26:36Z,2026-05-24T00:26:36+0200,35a99b20-1361-4eb7-8009-5b844fa790cc,2026-04-27T12:45:00Z,2026-04-27T14:45:00+0200,46950.0,MW,FR,FR,forecast_load,Forecasted Load,2026-05-23T22:27:11Z
2026-05-23T22:26:36Z,2026-05-24T00:26:36+0200,35a99b20-1361-4eb7-8009-5b844fa790cc,2026-04-27T13:00:00Z,2026-04-27T15:00:00+0200,46500.0,MW,FR,FR,forecast_load,Forecasted Load,2026-05-23T22:27:11Z
2026-05-23T22:26:36Z,2026-05-24T00:26:36+0200,35a99b20-1361-4eb7-8009-5b844fa790cc,2026-04-27T13:15:00Z,2026-04-27T15:15:00+0200,45950.0,MW,FR,FR,forecast_load,Forecasted Load,2026-05-23T22:27:11Z
2026-05-23T22:26:36Z,2026-05-24T00:26:36+0200,35a99b20-1361-4eb7-8009-5b844fa790cc,2026-04-27T13:30:00Z,2026-04-27T15:30:00+0200,45400.0,MW,FR,FR,forecast_load,Forecasted Load,2026-05-23T22:27:11Z
2026-05-23T22:26:36Z,2026-05-24T00:26:36+0200,35a99b20-1361-4eb7-8009-5b844fa790cc,2026-04-27T13:45:00Z,2026-04-27T15:45:00+0200,44700.0,MW,FR,FR,forecast_load,Forecasted Load,2026-05-23T22:27:11Z
2026-05-23T22:26:36Z,2026-05-24T00:26:36+0200,35a99b20-1361-4eb7-8009-5b844fa790cc,2026-04-27T14:00:00Z,2026-04-27T16:00:00+0200,44000.0,MW,FR,FR,forecast_load,Forecasted Load,2026-05-23T22:27:11Z
2026-05-23T22:26:36Z,2026-05-24T00:26:36+0200,35a99b20-1361-4eb7-8009-5b844fa790cc,2026-04-27T14:15:00Z,2026-04-27T16:15:00+0200,43500.0,MW,FR,FR,forecast_load,Forecasted Load,2026-05-23T22:27:11Z
2026-05-23T22:26:36Z,2026-05-24T00:26:36+0200,35a99b20-1361-4eb7-8009-5b844fa790cc,2026-04-27T14:30:00Z,2026-04-27T16:30:00+0200,43000.0,MW,FR,FR,forecast_load,Forecasted Load,2026-05-23T22:27:11Z
2026-05-23T22:26:36Z,2026-05-24T00:26:36+0200,35a99b20-1361-4eb7-8009-5b844fa790cc,2026-04-27T14:45:00Z,2026-04-27T16:45:00+0200,42500.0,MW,FR,FR,forecast_load,Forecasted Load,2026-05-23T22:27:11Z
2026-05-23T22:26:36Z,2026-05-24T00:26:36+0200,35a99b20-1361-4eb7-8009-5b844fa790cc,2026-04-27T15:00:00Z,2026-04-27T17:00:00+0200,42000.0,MW,FR,FR,forecast_load,Forecasted Load,2026-05-23T22:27:11Z
2026-05-23T22:26:36Z,2026-05-24T00:26:36+0200,35a99b20-1361-4eb7-8009-5b844fa790cc,2026-04-27T15:15:00Z,2026-04-27T17:15:00+0200,42250.0,MW,FR,FR,forecast_load,Forecasted Load,2026-05-23T22:27:11Z
2026-05-23T22:26:36Z,2026-05-24T00:26:36+0200,35a99b20-1361-4eb7-8009-5b844fa790cc,2026-04-27T15:30:00Z,2026-04-27T17:30:00+0200,42500.0,MW,FR,FR,forecast_load,Forecasted Load,2026-05-23T22:27:11Z
2026-05-23T22:26:36Z,2026-05-24T00:26:36+0200,35a99b20-1361-4eb7-8009-5b844fa790cc,2026-04-27T15:45:00Z,2026-04-27T17:45:00+0200,42550.0,MW,FR,FR,forecast_load,Forecasted Load,2026-05-23T22:27:11Z
2026-05-23T22:26:36Z,2026-05-24T00:26:36+0200,35a99b20-1361-4eb7-8009-5b844fa790cc,2026-04-27T16:00:00Z,2026-04-27T18:00:00+0200,42600.0,MW,FR,FR,forecast_load,Forecasted Load,2026-05-23T22:27:11Z
2026-05-23T22:26:36Z,2026-05-24T00:26:36+0200,35a99b20-1361-4eb7-8009-5b844fa790cc,2026-04-27T16:15:00Z,2026-04-27T18:15:00+0200,43200.0,MW,FR,FR,forecast_load,Forecasted Load,2026-05-23T22:27:11Z
2026-05-23T22:26:36Z,2026-05-24T00:26:36+0200,35a99b20-1361-4eb7-8009-5b844fa790cc,2026-04-27T16:30:00Z,2026-04-27T18:30:00+0200,43800.0,MW,FR,FR,forecast_load,Forecasted Load,2026-05-23T22:27:11Z
2026-05-23T22:26:36Z,2026-05-24T00:26:36+0200,35a99b20-1361-4eb7-8009-5b844fa790cc,2026-04-27T16:45:00Z,2026-04-27T18:45:00+0200,44800.0,MW,FR,FR,forecast_load,Forecasted Load,2026-05-23T22:27:11Z
2026-05-23T22:26:36Z,2026-05-24T00:26:36+0200,35a99b20-1361-4eb7-8009-5b844fa790cc,2026-04-27T17:00:00Z,2026-04-27T19:00:00+0200,45800.0,MW,FR,FR,forecast_load,Forecasted Load,2026-05-23T22:27:11Z
2026-05-23T22:26:36Z,2026-05-24T00:26:36+0200,35a99b20-1361-4eb7-8009-5b844fa790cc,2026-04-27T17:15:00Z,2026-04-27T19:15:00+0200,46100.0,MW,FR,FR,forecast_load,Forecasted Load,2026-05-23T22:27:11Z
2026-05-23T22:26:36Z,2026-05-24T00:26:36+0200,35a99b20-1361-4eb7-8009-5b844fa790cc,2026-04-27T17:30:00Z,2026-04-27T19:30:00+0200,46400.0,MW,FR,FR,forecast_load,Forecasted Load,2026-05-23T22:27:11Z
2026-05-23T22:26:36Z,2026-05-24T00:26:36+0200,35a99b20-1361-4eb7-8009-5b844fa790cc,2026-04-27T17:45:00Z,2026-04-27T19:45:00+0200,46050.0,MW,FR,FR,forecast_load,Forecasted Load,2026-05-23T22:27:11Z
2026-05-23T22:26:36Z,2026-05-24T00:26:36+0200,35a99b20-1361-4eb7-8009-5b844fa790cc,2026-04-27T18:00:00Z,2026-04-27T20:00:00+0200,45700.0,MW,FR,FR,forecast_load,Forecasted Load,2026-05-23T22:27:11Z
2026-05-23T22:26:36Z,2026-05-24T00:26:36+0200,35a99b20-1361-4eb7-8009-5b844fa790cc,2026-04-27T18:15:00Z,2026-04-27T20:15:00+0200,45300.0,MW,FR,FR,forecast_load,Forecasted Load,2026-05-23T22:27:11Z
2026-05-23T22:26:36Z,2026-05-24T00:26:36+0200,35a99b20-1361-4eb7-8009-5b844fa790cc,2026-04-27T18:30:00Z,2026-04-27T20:30:00+0200,44900.0,MW,FR,FR,forecast_load,Forecasted Load,2026-05-23T22:27:11Z
2026-05-23T22:26:36Z,2026-05-24T00:26:36+0200,35a99b20-1361-4eb7-8009-5b844fa790cc,2026-04-27T18:45:00Z,2026-04-27T20:45:00+0200,44800.0,MW,FR,FR,forecast_load,Forecasted Load,2026-05-23T22:27:11Z
2026-05-23T22:26:36Z,2026-05-24T00:26:36+0200,35a99b20-1361-4eb7-8009-5b844fa790cc,2026-04-27T19:00:00Z,2026-04-27T21:00:00+0200,44700.0,MW,FR,FR,forecast_load,Forecasted Load,2026-05-23T22:27:11Z
2026-05-23T22:26:36Z,2026-05-24T00:26:36+0200,35a99b20-1361-4eb7-8009-5b844fa790cc,2026-04-27T19:15:00Z,2026-04-27T21:15:00+0200,44550.0,MW,FR,FR,forecast_load,Forecasted Load,2026-05-23T22:27:11Z
2026-05-23T22:26:36Z,2026-05-24T00:26:36+0200,35a99b20-1361-4eb7-8009-5b844fa790cc,2026-04-27T19:30:00Z,2026-04-27T21:30:00+0200,44400.0,MW,FR,FR,forecast_load,Forecasted Load,2026-05-23T22:27:11Z
2026-05-23T22:26:36Z,2026-05-24T00:26:36+0200,35a99b20-1361-4eb7-8009-5b844fa790cc,2026-04-27T19:45:00Z,2026-04-27T21:45:00+0200,43700.0,MW,FR,FR,forecast_load,Forecasted Load,2026-05-23T22:27:11Z
2026-05-23T22:26:36Z,2026-05-24T00:26:36+0200,35a99b20-1361-4eb7-8009-5b844fa790cc,2026-04-27T20:00:00Z,2026-04-27T22:00:00+0200,43000.0,MW,FR,FR,forecast_load,Forecasted Load,2026-05-23T22:27:11Z
2026-05-23T22:26:36Z,2026-05-24T00:26:36+0200,35a99b20-1361-4eb7-8009-5b844fa790cc,2026-04-27T20:15:00Z,2026-04-27T22:15:00+0200,43600.0,MW,FR,FR,forecast_load,Forecasted Load,2026-05-23T22:27:11Z
2026-05-23T22:26:36Z,2026-05-24T00:26:36+0200,35a99b20-1361-4eb7-8009-5b844fa790cc,2026-04-27T20:30:00Z,2026-04-27T22:30:00+0200,44200.0,MW,FR,FR,forecast_load,Forecasted Load,2026-05-23T22:27:11Z
2026-05-23T22:26:36Z,2026-05-24T00:26:36+0200,35a99b20-1361-4eb7-8009-5b844fa790cc,2026-04-27T20:45:00Z,2026-04-27T22:45:00+0200,44650.0,MW,FR,FR,forecast_load,Forecasted Load,2026-05-23T22:27:11Z
2026-05-23T22:26:36Z,2026-05-24T00:26:36+0200,35a99b20-1361-4eb7-8009-5b844fa790cc,2026-04-27T21:00:00Z,2026-04-27T23:00:00+0200,45100.0,MW,FR,FR,forecast_load,Forecasted Load,2026-05-23T22:27:11Z
2026-05-23T22:26:36Z,2026-05-24T00:26:36+0200,35a99b20-1361-4eb7-8009-5b844fa790cc,2026-04-27T21:15:00Z,2026-04-27T23:15:00+0200,44550.0,MW,FR,FR,forecast_load,Forecasted Load,2026-05-23T22:27:11Z
2026-05-23T22:26:36Z,2026-05-24T00:26:36+0200,35a99b20-1361-4eb7-8009-5b844fa790cc,2026-04-27T21:30:00Z,2026-04-27T23:30:00+0200,44000.0,MW,FR,FR,forecast_load,Forecasted Load,2026-05-23T22:27:11Z
2026-05-23T22:26:36Z,2026-05-24T00:26:36+0200,35a99b20-1361-4eb7-8009-5b844fa790cc,2026-04-27T21:45:00Z,2026-04-27T23:45:00+0200,43500.0,MW,FR,FR,forecast_load,Forecasted Load,2026-05-23T22:27:11Z
2026-05-23T22:26:36Z,2026-05-24T00:26:36+0200,35a99b20-1361-4eb7-8009-5b844fa790cc,2026-04-27T22:00:00Z,2026-04-28T00:00:00+0200,42900.0,MW,FR,FR,forecast_load,Forecasted Load,2026-05-23T22:27:11Z
2026-05-23T22:26:36Z,2026-05-24T00:26:36+0200,35a99b20-1361-4eb7-8009-5b844fa790cc,2026-04-27T22:15:00Z,2026-04-28T00:15:00+0200,42050.0,MW,FR,FR,forecast_load,Forecasted Load,2026-05-23T22:27:11Z
2026-05-23T22:26:36Z,2026-05-24T00:26:36+0200,35a99b20-1361-4eb7-8009-5b844fa790cc,2026-04-27T22:30:00Z,2026-04-28T00:30:00+0200,41200.0,MW,FR,FR,forecast_load,Forecasted Load,2026-05-23T22:27:11Z
2026-05-23T22:26:36Z,2026-05-24T00:26:36+0200,35a99b20-1361-4eb7-8009-5b844fa790cc,2026-04-27T22:45:00Z,2026-04-28T00:45:00+0200,40350.0,MW,FR,FR,forecast_load,Forecasted Load,2026-05-23T22:27:11Z
2026-05-23T22:26:36Z,2026-05-24T00:26:36+0200,35a99b20-1361-4eb7-8009-5b844fa790cc,2026-04-27T23:00:00Z,2026-04-28T01:00:00+0200,39500.0,MW,FR,FR,forecast_load,Forecasted Load,2026-05-23T22:27:11Z
2026-05-23T22:26:36Z,2026-05-24T00:26:36+0200,35a99b20-1361-4eb7-8009-5b844fa790cc,2026-04-27T23:15:00Z,2026-04-28T01:15:00+0200,39650.0,MW,FR,FR,forecast_load,Forecasted Load,2026-05-23T22:27:11Z
2026-05-23T22:26:36Z,2026-05-24T00:26:36+0200,35a99b20-1361-4eb7-8009-5b844fa790cc,2026-04-27T23:30:00Z,2026-04-28T01:30:00+0200,39800.0,MW,FR,FR,forecast_load,Forecasted Load,2026-05-23T22:27:11Z
2026-05-23T22:26:36Z,2026-05-24T00:26:36+0200,35a99b20-1361-4eb7-8009-5b844fa790cc,2026-04-27T23:45:00Z,2026-04-28T01:45:00+0200,39550.0,MW,FR,FR,forecast_load,Forecasted Load,2026-05-23T22:27:11Z
2026-05-23T22:26:36Z,2026-05-24T00:26:36+0200,35a99b20-1361-4eb7-8009-5b844fa790cc,2026-04-28T00:00:00Z,2026-04-28T02:00:00+0200,39300.0,MW,FR,FR,forecast_load,Forecasted Load,2026-05-23T22:27:11Z
2026-05-23T22:26:36Z,2026-05-24T00:26:36+0200,35a99b20-1361-4eb7-8009-5b844fa790cc,2026-04-28T00:15:00Z,2026-04-28T02:15:00+0200,38650.0,MW,FR,FR,forecast_load,Forecasted Load,2026-05-23T22:27:11Z
2026-05-23T22:26:36Z,2026-05-24T00:26:36+0200,35a99b20-1361-4eb7-8009-5b844fa790cc,2026-04-28T00:30:00Z,2026-04-28T02:30:00+0200,38000.0,MW,FR,FR,forecast_load,Forecasted Load,2026-05-23T22:27:11Z
2026-05-23T22:26:36Z,2026-05-24T00:26:36+0200,35a99b20-1361-4eb7-8009-5b844fa790cc,2026-04-28T00:45:00Z,2026-04-28T02:45:00+0200,37350.0,MW,FR,FR,forecast_load,Forecasted Load,2026-05-23T22:27:11Z
2026-05-23T22:26:36Z,2026-05-24T00:26:36+0200,35a99b20-1361-4eb7-8009-5b844fa790cc,2026-04-28T01:00:00Z,2026-04-28T03:00:00+0200,36700.0,MW,FR,FR,forecast_load,Forecasted Load,2026-05-23T22:27:11Z
2026-05-23T22:26:36Z,2026-05-24T00:26:36+0200,35a99b20-1361-4eb7-8009-5b844fa790cc,2026-04-28T01:15:00Z,2026-04-28T03:15:00+0200,36250.0,MW,FR,FR,forecast_load,Forecasted Load,2026-05-23T22:27:11Z
2026-05-23T22:26:36Z,2026-05-24T00:26:36+0200,35a99b20-1361-4eb7-8009-5b844fa790cc,2026-04-28T01:30:00Z,2026-04-28T03:30:00+0200,35800.0,MW,FR,FR,forecast_load,Forecasted Load,2026-05-23T22:27:11Z
2026-05-23T22:26:36Z,2026-05-24T00:26:36+0200,35a99b20-1361-4eb7-8009-5b844fa790cc,2026-04-28T01:45:00Z,2026-04-28T03:45:00+0200,35550.0,MW,FR,FR,forecast_load,Forecasted Load,2026-05-23T22:27:11Z
2026-05-23T22:26:36Z,2026-05-24T00:26:36+0200,35a99b20-1361-4eb7-8009-5b844fa790cc,2026-04-28T02:00:00Z,2026-04-28T04:00:00+0200,35300.0,MW,FR,FR,forecast_load,Forecasted Load,2026-05-23T22:27:11Z
2026-05-23T22:26:36Z,2026-05-24T00:26:36+0200,35a99b20-1361-4eb7-8009-5b844fa790cc,2026-04-28T02:15:00Z,2026-04-28T04:15:00+0200,35350.0,MW,FR,FR,forecast_load,Forecasted Load,2026-05-23T22:27:11Z
2026-05-23T22:26:36Z,2026-05-24T00:26:36+0200,35a99b20-1361-4eb7-8009-5b844fa790cc,2026-04-28T02:30:00Z,2026-04-28T04:30:00+0200,35400.0,MW,FR,FR,forecast_load,Forecasted Load,2026-05-23T22:27:11Z
2026-05-23T22:26:36Z,2026-05-24T00:26:36+0200,35a99b20-1361-4eb7-8009-5b844fa790cc,2026-04-28T02:45:00Z,2026-04-28T04:45:00+0200,35600.0,MW,FR,FR,forecast_load,Forecasted Load,2026-05-23T22:27:11Z
2026-05-23T22:26:36Z,2026-05-24T00:26:36+0200,35a99b20-1361-4eb7-8009-5b844fa790cc,2026-04-28T03:00:00Z,2026-04-28T05:00:00+0200,35800.0,MW,FR,FR,forecast_load,Forecasted Load,2026-05-23T22:27:11Z
2026-05-23T22:26:36Z,2026-05-24T00:26:36+0200,35a99b20-1361-4eb7-8009-5b844fa790cc,2026-04-28T03:15:00Z,2026-04-28T05:15:00+0200,36500.0,MW,FR,FR,forecast_load,Forecasted Load,2026-05-23T22:27:11Z
2026-05-23T22:26:36Z,2026-05-24T00:26:36+0200,35a99b20-1361-4eb7-8009-5b844fa790cc,2026-04-28T03:30:00Z,2026-04-28T05:30:00+0200,37200.0,MW,FR,FR,forecast_load,Forecasted Load,2026-05-23T22:27:11Z
2026-05-23T22:26:36Z,2026-05-24T00:26:36+0200,35a99b20-1361-4eb7-8009-5b844fa790cc,2026-04-28T03:45:00Z,2026-04-28T05:45:00+0200,38000.0,MW,FR,FR,forecast_load,Forecasted Load,2026-05-23T22:27:11Z
2026-05-23T22:26:36Z,2026-05-24T00:26:36+0200,35a99b20-1361-4eb7-8009-5b844fa790cc,2026-04-28T04:00:00Z,2026-04-28T06:00:00+0200,38800.0,MW,FR,FR,forecast_load,Forecasted Load,2026-05-23T22:27:11Z
2026-05-23T22:26:36Z,2026-05-24T00:26:36+0200,35a99b20-1361-4eb7-8009-5b844fa790cc,2026-04-28T04:15:00Z,2026-04-28T06:15:00+0200,39900.0,MW,FR,FR,forecast_load,Forecasted Load,2026-05-23T22:27:11Z
2026-05-23T22:26:36Z,2026-05-24T00:26:36+0200,35a99b20-1361-4eb7-8009-5b844fa790cc,2026-04-28T04:30:00Z,2026-04-28T06:30:00+0200,41000.0,MW,FR,FR,forecast_load,Forecasted Load,2026-05-23T22:27:11Z
2026-05-23T22:26:36Z,2026-05-24T00:26:36+0200,35a99b20-1361-4eb7-8009-5b844fa790cc,2026-04-28T04:45:00Z,2026-04-28T06:45:00+0200,41900.0,MW,FR,FR,forecast_load,Forecasted Load,2026-05-23T22:27:11Z
2026-05-23T22:26:36Z,2026-05-24T00:26:36+0200,35a99b20-1361-4eb7-8009-5b844fa790cc,2026-04-28T05:00:00Z,2026-04-28T07:00:00+0200,42800.0,MW,FR,FR,forecast_load,Forecasted Load,2026-05-23T22:27:11Z
2026-05-23T22:26:36Z,2026-05-24T00:26:36+0200,35a99b20-1361-4eb7-8009-5b844fa790cc,2026-04-28T05:15:00Z,2026-04-28T07:15:00+0200,43700.0,MW,FR,FR,forecast_load,Forecasted Load,2026-05-23T22:27:11Z
2026-05-23T22:26:36Z,2026-05-24T00:26:36+0200,35a99b20-1361-4eb7-8009-5b844fa790cc,2026-04-28T05:30:00Z,2026-04-28T07:30:00+0200,44600.0,MW,FR,FR,forecast_load,Forecasted Load,2026-05-23T22:27:11Z
2026-05-23T22:26:36Z,2026-05-24T00:26:36+0200,35a99b20-1361-4eb7-8009-5b844fa790cc,2026-04-28T05:45:00Z,2026-04-28T07:45:00+0200,45300.0,MW,FR,FR,forecast_load,Forecasted Load,2026-05-23T22:27:11Z
2026-05-23T22:26:36Z,2026-05-24T00:26:36+0200,35a99b20-1361-4eb7-8009-5b844fa790cc,2026-04-28T06:00:00Z,2026-04-28T08:00:00+0200,46000.0,MW,FR,FR,forecast_load,Forecasted Load,2026-05-23T22:27:11Z
2026-05-23T22:26:36Z,2026-05-24T00:26:36+0200,35a99b20-1361-4eb7-8009-5b844fa790cc,2026-04-28T06:15:00Z,2026-04-28T08:15:00+0200,46250.0,MW,FR,FR,forecast_load,Forecasted Load,2026-05-23T22:27:11Z
2026-05-23T22:26:36Z,2026-05-24T00:26:36+0200,35a99b20-1361-4eb7-8009-5b844fa790cc,2026-04-28T06:30:00Z,2026-04-28T08:30:00+0200,46500.0,MW,FR,FR,forecast_load,Forecasted Load,2026-05-23T22:27:11Z
2026-05-23T22:26:36Z,2026-05-24T00:26:36+0200,35a99b20-1361-4eb7-8009-5b844fa790cc,2026-04-28T06:45:00Z,2026-04-28T08:45:00+0200,46650.0,MW,FR,FR,forecast_load,Forecasted Load,2026-05-23T22:27:11Z
2026-05-23T22:26:36Z,2026-05-24T00:26:36+0200,35a99b20-1361-4eb7-8009-5b844fa790cc,2026-04-28T07:00:00Z,2026-04-28T09:00:00+0200,46800.0,MW,FR,FR,forecast_load,Forecasted Load,2026-05-23T22:27:11Z
2026-05-23T22:26:36Z,2026-05-24T00:26:36+0200,35a99b20-1361-4eb7-8009-5b844fa790cc,2026-04-28T07:15:00Z,2026-04-28T09:15:00+0200,46850.0,MW,FR,FR,forecast_load,Forecasted Load,2026-05-23T22:27:11Z
2026-05-23T22:26:36Z,2026-05-24T00:26:36+0200,35a99b20-1361-4eb7-8009-5b844fa790cc,2026-04-28T07:30:00Z,2026-04-28T09:30:00+0200,46900.0,MW,FR,FR,forecast_load,Forecasted Load,2026-05-23T22:27:11Z
2026-05-23T22:26:36Z,2026-05-24T00:26:36+0200,35a99b20-1361-4eb7-8009-5b844fa790cc,2026-04-28T07:45:00Z,2026-04-28T09:45:00+0200,46700.0,MW,FR,FR,forecast_load,Forecasted Load,2026-05-23T22:27:11Z
2026-05-23T22:26:36Z,2026-05-24T00:26:36+0200,35a99b20-1361-4eb7-8009-5b844fa790cc,2026-04-28T08:00:00Z,2026-04-28T10:00:00+0200,46500.0,MW,FR,FR,forecast_load,Forecasted Load,2026-05-23T22:27:11Z
2026-05-23T22:26:36Z,2026-05-24T00:26:36+0200,35a99b20-1361-4eb7-8009-5b844fa790cc,2026-04-28T08:15:00Z,2026-04-28T10:15:00+0200,46700.0,MW,FR,FR,forecast_load,Forecasted Load,2026-05-23T22:27:11Z
2026-05-23T22:26:36Z,2026-05-24T00:26:36+0200,35a99b20-1361-4eb7-8009-5b844fa790cc,2026-04-28T08:30:00Z,2026-04-28T10:30:00+0200,46900.0,MW,FR,FR,forecast_load,Forecasted Load,2026-05-23T22:27:11Z
2026-05-23T22:26:36Z,2026-05-24T00:26:36+0200,35a99b20-1361-4eb7-8009-5b844fa790cc,2026-04-28T08:45:00Z,2026-04-28T10:45:00+0200,46750.0,MW,FR,FR,forecast_load,Forecasted Load,2026-05-23T22:27:11Z
2026-05-23T22:26:36Z,2026-05-24T00:26:36+0200,35a99b20-1361-4eb7-8009-5b844fa790cc,2026-04-28T09:00:00Z,2026-04-28T11:00:00+0200,46600.0,MW,FR,FR,forecast_load,Forecasted Load,2026-05-23T22:27:11Z
2026-05-23T22:26:36Z,2026-05-24T00:26:36+0200,35a99b20-1361-4eb7-8009-5b844fa790cc,2026-04-28T09:15:00Z,2026-04-28T11:15:00+0200,46750.0,MW,FR,FR,forecast_load,Forecasted Load,2026-05-23T22:27:11Z
2026-05-23T22:26:36Z,2026-05-24T00:26:36+0200,35a99b20-1361-4eb7-8009-5b844fa790cc,2026-04-28T09:30:00Z,2026-04-28T11:30:00+0200,46900.0,MW,FR,FR,forecast_load,Forecasted Load,2026-05-23T22:27:11Z
2026-05-23T22:26:36Z,2026-05-24T00:26:36+0200,35a99b20-1361-4eb7-8009-5b844fa790cc,2026-04-28T09:45:00Z,2026-04-28T11:45:00+0200,47500.0,MW,FR,FR,forecast_load,Forecasted Load,2026-05-23T22:27:11Z
2026-05-23T22:26:36Z,2026-05-24T00:26:36+0200,35a99b20-1361-4eb7-8009-5b844fa790cc,2026-04-28T10:00:00Z,2026-04-28T12:00:00+0200,48100.0,MW,FR,FR,forecast_load,Forecasted Load,2026-05-23T22:27:11Z
2026-05-23T22:26:36Z,2026-05-24T00:26:36+0200,35a99b20-1361-4eb7-8009-5b844fa790cc,2026-04-28T10:15:00Z,2026-04-28T12:15:00+0200,47700.0,MW,FR,FR,forecast_load,Forecasted Load,2026-05-23T22:27:11Z
2026-05-23T22:26:36Z,2026-05-24T00:26:36+0200,35a99b20-1361-4eb7-8009-5b844fa790cc,2026-04-28T10:30:00Z,2026-04-28T12:30:00+0200,47300.0,MW,FR,FR,forecast_load,Forecasted Load,2026-05-23T22:27:11Z
2026-05-23T22:26:36Z,2026-05-24T00:26:36+0200,35a99b20-1361-4eb7-8009-5b844fa790cc,2026-04-28T10:45:00Z,2026-04-28T12:45:00+0200,47900.0,MW,FR,FR,forecast_load,Forecasted Load,2026-05-23T22:27:11Z
2026-05-23T22:26:36Z,2026-05-24T00:26:36+0200,35a99b20-1361-4eb7-8009-5b844fa790cc,2026-04-28T11:00:00Z,2026-04-28T13:00:00+0200,48500.0,MW,FR,FR,forecast_load,Forecasted Load,2026-05-23T22:27:11Z
2026-05-23T22:26:36Z,2026-05-24T00:26:36+0200,35a99b20-1361-4eb7-8009-5b844fa790cc,2026-04-28T11:15:00Z,2026-04-28T13:15:00+0200,47400.0,MW,FR,FR,forecast_load,Forecasted Load,2026-05-23T22:27:11Z
2026-05-23T22:26:36Z,2026-05-24T00:26:36+0200,35a99b20-1361-4eb7-8009-5b844fa790cc,2026-04-28T11:30:00Z,2026-04-28T13:30:00+0200,46300.0,MW,FR,FR,forecast_load,Forecasted Load,2026-05-23T22:27:11Z
2026-05-23T22:26:36Z,2026-05-24T00:26:36+0200,35a99b20-1361-4eb7-8009-5b844fa790cc,2026-04-28T11:45:00Z,2026-04-28T13:45:00+0200,46150.0,MW,FR,FR,forecast_load,Forecasted Load,2026-05-23T22:27:11Z
2026-05-23T22:26:36Z,2026-05-24T00:26:36+0200,35a99b20-1361-4eb7-8009-5b844fa790cc,2026-04-28T12:00:00Z,2026-04-28T14:00:00+0200,46000.0,MW,FR,FR,forecast_load,Forecasted Load,2026-05-23T22:27:11Z
2026-05-23T22:26:36Z,2026-05-24T00:26:36+0200,35a99b20-1361-4eb7-8009-5b844fa790cc,2026-04-28T12:15:00Z,2026-04-28T14:15:00+0200,46550.0,MW,FR,FR,forecast_load,Forecasted Load,2026-05-23T22:27:11Z
2026-05-23T22:26:36Z,2026-05-24T00:26:36+0200,35a99b20-1361-4eb7-8009-5b844fa790cc,2026-04-28T12:30:00Z,2026-04-28T14:30:00+0200,47100.0,MW,FR,FR,forecast_load,Forecasted Load,2026-05-23T22:27:11Z
2026-05-23T22:26:36Z,2026-05-24T00:26:36+0200,35a99b20-1361-4eb7-8009-5b844fa790cc,2026-04-28T12:45:00Z,2026-04-28T14:45:00+0200,46600.0,MW,FR,FR,forecast_load,Forecasted Load,2026-05-23T22:27:11Z
2026-05-23T22:26:36Z,2026-05-24T00:26:36+0200,35a99b20-1361-4eb7-8009-5b844fa790cc,2026-04-28T13:00:00Z,2026-04-28T15:00:00+0200,46100.0,MW,FR,FR,forecast_load,Forecasted Load,2026-05-23T22:27:11Z
2026-05-23T22:26:36Z,2026-05-24T00:26:36+0200,35a99b20-1361-4eb7-8009-5b844fa790cc,2026-04-28T13:15:00Z,2026-04-28T15:15:00+0200,45650.0,MW,FR,FR,forecast_load,Forecasted Load,2026-05-23T22:27:11Z
2026-05-23T22:26:36Z,2026-05-24T00:26:36+0200,35a99b20-1361-4eb7-8009-5b844fa790cc,2026-04-28T13:30:00Z,2026-04-28T15:30:00+0200,45200.0,MW,FR,FR,forecast_load,Forecasted Load,2026-05-23T22:27:11Z
2026-05-23T22:26:36Z,2026-05-24T00:26:36+0200,35a99b20-1361-4eb7-8009-5b844fa790cc,2026-04-28T13:45:00Z,2026-04-28T15:45:00+0200,44750.0,MW,FR,FR,forecast_load,Forecasted Load,2026-05-23T22:27:11Z
2026-05-23T22:26:36Z,2026-05-24T00:26:36+0200,35a99b20-1361-4eb7-8009-5b844fa790cc,2026-04-28T14:00:00Z,2026-04-28T16:00:00+0200,44300.0,MW,FR,FR,forecast_load,Forecasted Load,2026-05-23T22:27:11Z
2026-05-23T22:26:36Z,2026-05-24T00:26:36+0200,35a99b20-1361-4eb7-8009-5b844fa790cc,2026-04-28T14:15:00Z,2026-04-28T16:15:00+0200,43900.0,MW,FR,FR,forecast_load,Forecasted Load,2026-05-23T22:27:11Z
2026-05-23T22:26:36Z,2026-05-24T00:26:36+0200,35a99b20-1361-4eb7-8009-5b844fa790cc,2026-04-28T14:30:00Z,2026-04-28T16:30:00+0200,43500.0,MW,FR,FR,forecast_load,Forecasted Load,2026-05-23T22:27:11Z
2026-05-23T22:26:36Z,2026-05-24T00:26:36+0200,35a99b20-1361-4eb7-8009-5b844fa790cc,2026-04-28T14:45:00Z,2026-04-28T16:45:00+0200,43000.0,MW,FR,FR,forecast_load,Forecasted Load,2026-05-23T22:27:11Z
2026-05-23T22:26:36Z,2026-05-24T00:26:36+0200,35a99b20-1361-4eb7-8009-5b844fa790cc,2026-04-28T15:00:00Z,2026-04-28T17:00:00+0200,42500.0,MW,FR,FR,forecast_load,Forecasted Load,2026-05-23T22:27:11Z
2026-05-23T22:26:36Z,2026-05-24T00:26:36+0200,35a99b20-1361-4eb7-8009-5b844fa790cc,2026-04-28T15:15:00Z,2026-04-28T17:15:00+0200,42450.0,MW,FR,FR,forecast_load,Forecasted Load,2026-05-23T22:27:11Z
2026-05-23T22:26:36Z,2026-05-24T00:26:36+0200,35a99b20-1361-4eb7-8009-5b844fa790cc,2026-04-28T15:30:00Z,2026-04-28T17:30:00+0200,42400.0,MW,FR,FR,forecast_load,Forecasted Load,2026-05-23T22:27:11Z
2026-05-23T22:26:36Z,2026-05-24T00:26:36+0200,35a99b20-1361-4eb7-8009-5b844fa790cc,2026-04-28T15:45:00Z,2026-04-28T17:45:00+0200,42850.0,MW,FR,FR,forecast_load,Forecasted Load,2026-05-23T22:27:11Z
2026-05-23T22:26:36Z,2026-05-24T00:26:36+0200,35a99b20-1361-4eb7-8009-5b844fa790cc,2026-04-28T16:00:00Z,2026-04-28T18:00:00+0200,43300.0,MW,FR,FR,forecast_load,Forecasted Load,2026-05-23T22:27:11Z
2026-05-23T22:26:36Z,2026-05-24T00:26:36+0200,35a99b20-1361-4eb7-8009-5b844fa790cc,2026-04-28T16:15:00Z,2026-04-28T18:15:00+0200,44000.0,MW,FR,FR,forecast_load,Forecasted Load,2026-05-23T22:27:11Z
2026-05-23T22:26:36Z,2026-05-24T00:26:36+0200,35a99b20-1361-4eb7-8009-5b844fa790cc,2026-04-28T16:30:00Z,2026-04-28T18:30:00+0200,44700.0,MW,FR,FR,forecast_load,Forecasted Load,2026-05-23T22:27:11Z
2026-05-23T22:26:36Z,2026-05-24T00:26:36+0200,35a99b20-1361-4eb7-8009-5b844fa790cc,2026-04-28T16:45:00Z,2026-04-28T18:45:00+0200,45750.0,MW,FR,FR,forecast_load,Forecasted Load,2026-05-23T22:27:11Z
2026-05-23T22:26:36Z,2026-05-24T00:26:36+0200,35a99b20-1361-4eb7-8009-5b844fa790cc,2026-04-28T17:00:00Z,2026-04-28T19:00:00+0200,46800.0,MW,FR,FR,forecast_load,Forecasted Load,2026-05-23T22:27:11Z
2026-05-23T22:26:36Z,2026-05-24T00:26:36+0200,35a99b20-1361-4eb7-8009-5b844fa790cc,2026-04-28T17:15:00Z,2026-04-28T19:15:00+0200,46800.0,MW,FR,FR,forecast_load,Forecasted Load,2026-05-23T22:27:11Z
2026-05-23T22:26:36Z,2026-05-24T00:26:36+0200,35a99b20-1361-4eb7-8009-5b844fa790cc,2026-04-28T17:30:00Z,2026-04-28T19:30:00+0200,46800.0,MW,FR,FR,forecast_load,Forecasted Load,2026-05-23T22:27:11Z
2026-05-23T22:26:36Z,2026-05-24T00:26:36+0200,35a99b20-1361-4eb7-8009-5b844fa790cc,2026-04-28T17:45:00Z,2026-04-28T19:45:00+0200,46500.0,MW,FR,FR,forecast_load,Forecasted Load,2026-05-23T22:27:11Z
2026-05-23T22:26:36Z,2026-05-24T00:26:36+0200,35a99b20-1361-4eb7-8009-5b844fa790cc,2026-04-28T18:00:00Z,2026-04-28T20:00:00+0200,46200.0,MW,FR,FR,forecast_load,Forecasted Load,2026-05-23T22:27:11Z
2026-05-23T22:26:36Z,2026-05-24T00:26:36+0200,35a99b20-1361-4eb7-8009-5b844fa790cc,2026-04-28T18:15:00Z,2026-04-28T20:15:00+0200,45700.0,MW,FR,FR,forecast_load,Forecasted Load,2026-05-23T22:27:11Z
2026-05-23T22:26:36Z,2026-05-24T00:26:36+0200,35a99b20-1361-4eb7-8009-5b844fa790cc,2026-04-28T18:30:00Z,2026-04-28T20:30:00+0200,45200.0,MW,FR,FR,forecast_load,Forecasted Load,2026-05-23T22:27:11Z
2026-05-23T22:26:36Z,2026-05-24T00:26:36+0200,35a99b20-1361-4eb7-8009-5b844fa790cc,2026-04-28T18:45:00Z,2026-04-28T20:45:00+0200,45350.0,MW,FR,FR,forecast_load,Forecasted Load,2026-05-23T22:27:11Z
2026-05-23T22:26:36Z,2026-05-24T00:26:36+0200,35a99b20-1361-4eb7-8009-5b844fa790cc,2026-04-28T19:00:00Z,2026-04-28T21:00:00+0200,45500.0,MW,FR,FR,forecast_load,Forecasted Load,2026-05-23T22:27:11Z
2026-05-23T22:26:36Z,2026-05-24T00:26:36+0200,35a99b20-1361-4eb7-8009-5b844fa790cc,2026-04-28T19:15:00Z,2026-04-28T21:15:00+0200,45100.0,MW,FR,FR,forecast_load,Forecasted Load,2026-05-23T22:27:11Z
2026-05-23T22:26:36Z,2026-05-24T00:26:36+0200,35a99b20-1361-4eb7-8009-5b844fa790cc,2026-04-28T19:30:00Z,2026-04-28T21:30:00+0200,44700.0,MW,FR,FR,forecast_load,Forecasted Load,2026-05-23T22:27:11Z
2026-05-23T22:26:36Z,2026-05-24T00:26:36+0200,35a99b20-1361-4eb7-8009-5b844fa790cc,2026-04-28T19:45:00Z,2026-04-28T21:45:00+0200,44300.0,MW,FR,FR,forecast_load,Forecasted Load,2026-05-23T22:27:11Z
2026-05-23T22:26:36Z,2026-05-24T00:26:36+0200,35a99b20-1361-4eb7-8009-5b844fa790cc,2026-04-28T20:00:00Z,2026-04-28T22:00:00+0200,43900.0,MW,FR,FR,forecast_load,Forecasted Load,2026-05-23T22:27:11Z
2026-05-23T22:26:36Z,2026-05-24T00:26:36+0200,35a99b20-1361-4eb7-8009-5b844fa790cc,2026-04-28T20:15:00Z,2026-04-28T22:15:00+0200,44600.0,MW,FR,FR,forecast_load,Forecasted Load,2026-05-23T22:27:11Z
2026-05-23T22:26:36Z,2026-05-24T00:26:36+0200,35a99b20-1361-4eb7-8009-5b844fa790cc,2026-04-28T20:30:00Z,2026-04-28T22:30:00+0200,45300.0,MW,FR,FR,forecast_load,Forecasted Load,2026-05-23T22:27:11Z
2026-05-23T22:26:36Z,2026-05-24T00:26:36+0200,35a99b20-1361-4eb7-8009-5b844fa790cc,2026-04-28T20:45:00Z,2026-04-28T22:45:00+0200,45500.0,MW,FR,FR,forecast_load,Forecasted Load,2026-05-23T22:27:11Z
2026-05-23T22:26:36Z,2026-05-24T00:26:36+0200,35a99b20-1361-4eb7-8009-5b844fa790cc,2026-04-28T21:00:00Z,2026-04-28T23:00:00+0200,45700.0,MW,FR,FR,forecast_load,Forecasted Load,2026-05-23T22:27:11Z
2026-05-23T22:26:36Z,2026-05-24T00:26:36+0200,35a99b20-1361-4eb7-8009-5b844fa790cc,2026-04-28T21:15:00Z,2026-04-28T23:15:00+0200,45250.0,MW,FR,FR,forecast_load,Forecasted Load,2026-05-23T22:27:11Z
2026-05-23T22:26:36Z,2026-05-24T00:26:36+0200,35a99b20-1361-4eb7-8009-5b844fa790cc,2026-04-28T21:30:00Z,2026-04-28T23:30:00+0200,44800.0,MW,FR,FR,forecast_load,Forecasted Load,2026-05-23T22:27:11Z
2026-05-23T22:26:36Z,2026-05-24T00:26:36+0200,35a99b20-1361-4eb7-8009-5b844fa790cc,2026-04-28T21:45:00Z,2026-04-28T23:45:00+0200,43900.0,MW,FR,FR,forecast_load,Forecasted Load,2026-05-23T22:27:11Z
2026-05-23T22:26:36Z,2026-05-24T00:26:36+0200,35a99b20-1361-4eb7-8009-5b844fa790cc,2026-04-28T22:00:00Z,2026-04-29T00:00:00+0200,43073.0,MW,FR,FR,forecast_load,Forecasted Load,2026-05-23T22:27:11Z
2026-05-23T22:26:36Z,2026-05-24T00:26:36+0200,35a99b20-1361-4eb7-8009-5b844fa790cc,2026-04-28T22:15:00Z,2026-04-29T00:15:00+0200,42513.5,MW,FR,FR,forecast_load,Forecasted Load,2026-05-23T22:27:11Z
2026-05-23T22:26:36Z,2026-05-24T00:26:36+0200,35a99b20-1361-4eb7-8009-5b844fa790cc,2026-04-28T22:30:00Z,2026-04-29T00:30:00+0200,41954.0,MW,FR,FR,forecast_load,Forecasted Load,2026-05-23T22:27:11Z
2026-05-23T22:26:36Z,2026-05-24T00:26:36+0200,35a99b20-1361-4eb7-8009-5b844fa790cc,2026-04-28T22:45:00Z,2026-04-29T00:45:00+0200,41121.0,MW,FR,FR,forecast_load,Forecasted Load,2026-05-23T22:27:11Z
2026-05-23T22:26:36Z,2026-05-24T00:26:36+0200,35a99b20-1361-4eb7-8009-5b844fa790cc,2026-04-28T23:00:00Z,2026-04-29T01:00:00+0200,40288.0,MW,FR,FR,forecast_load,Forecasted Load,2026-05-23T22:27:11Z
2026-05-23T22:26:36Z,2026-05-24T00:26:36+0200,35a99b20-1361-4eb7-8009-5b844fa790cc,2026-04-28T23:15:00Z,2026-04-29T01:15:00+0200,40553.0,MW,FR,FR,forecast_load,Forecasted Load,2026-05-23T22:27:11Z
2026-05-23T22:26:36Z,2026-05-24T00:26:36+0200,35a99b20-1361-4eb7-8009-5b844fa790cc,2026-04-28T23:30:00Z,2026-04-29T01:30:00+0200,40818.0,MW,FR,FR,forecast_load,Forecasted Load,2026-05-23T22:27:11Z
2026-05-23T22:26:36Z,2026-05-24T00:26:36+0200,35a99b20-1361-4eb7-8009-5b844fa790cc,2026-04-28T23:45:00Z,2026-04-29T01:45:00+0200,40250.5,MW,FR,FR,forecast_load,Forecasted Load,2026-05-23T22:27:11Z
2026-05-23T22:26:36Z,2026-05-24T00:26:36+0200,35a99b20-1361-4eb7-8009-5b844fa790cc,2026-04-29T00:00:00Z,2026-04-29T02:00:00+0200,39683.0,MW,FR,FR,forecast_load,Forecasted Load,2026-05-23T22:27:11Z
2026-05-23T22:26:36Z,2026-05-24T00:26:36+0200,35a99b20-1361-4eb7-8009-5b844fa790cc,2026-04-29T00:15:00Z,2026-04-29T02:15:00+0200,38866.5,MW,FR,FR,forecast_load,Forecasted Load,2026-05-23T22:27:11Z
2026-05-23T22:26:36Z,2026-05-24T00:26:36+0200,35a99b20-1361-4eb7-8009-5b844fa790cc,2026-04-29T00:30:00Z,2026-04-29T02:30:00+0200,38050.0,MW,FR,FR,forecast_load,Forecasted Load,2026-05-23T22:27:11Z
2026-05-23T22:26:36Z,2026-05-24T00:26:36+0200,35a99b20-1361-4eb7-8009-5b844fa790cc,2026-04-29T00:45:00Z,2026-04-29T02:45:00+0200,37420.0,MW,FR,FR,forecast_load,Forecasted Load,2026-05-23T22:27:11Z
2026-05-23T22:26:36Z,2026-05-24T00:26:36+0200,35a99b20-1361-4eb7-8009-5b844fa790cc,2026-04-29T01:00:00Z,2026-04-29T03:00:00+0200,36790.0,MW,FR,FR,forecast_load,Forecasted Load,2026-05-23T22:27:11Z
2026-05-23T22:26:36Z,2026-05-24T00:26:36+0200,35a99b20-1361-4eb7-8009-5b844fa790cc,2026-04-29T01:15:00Z,2026-04-29T03:15:00+0200,36389.5,MW,FR,FR,forecast_load,Forecasted Load,2026-05-23T22:27:11Z
2026-05-23T22:26:36Z,2026-05-24T00:26:36+0200,35a99b20-1361-4eb7-8009-5b844fa790cc,2026-04-29T01:30:00Z,2026-04-29T03:30:00+0200,35989.0,MW,FR,FR,forecast_load,Forecasted Load,2026-05-23T22:27:11Z
2026-05-23T22:26:36Z,2026-05-24T00:26:36+0200,35a99b20-1361-4eb7-8009-5b844fa790cc,2026-04-29T01:45:00Z,2026-04-29T03:45:00+0200,35718.0,MW,FR,FR,forecast_load,Forecasted Load,2026-05-23T22:27:11Z
2026-05-23T22:26:36Z,2026-05-24T00:26:36+0200,35a99b20-1361-4eb7-8009-5b844fa790cc,2026-04-29T02:00:00Z,2026-04-29T04:00:00+0200,35447.0,MW,FR,FR,forecast_load,Forecasted Load,2026-05-23T22:27:11Z
2026-05-23T22:26:36Z,2026-05-24T00:26:36+0200,35a99b20-1361-4eb7-8009-5b844fa790cc,2026-04-29T02:15:00Z,2026-04-29T04:15:00+0200,35409.5,MW,FR,FR,forecast_load,Forecasted Load,2026-05-23T22:27:11Z
2026-05-23T22:26:36Z,2026-05-24T00:26:36+0200,35a99b20-1361-4eb7-8009-5b844fa790cc,2026-04-29T02:30:00Z,2026-04-29T04:30:00+0200,35372.0,MW,FR,FR,forecast_load,Forecasted Load,2026-05-23T22:27:11Z
2026-05-23T22:26:36Z,2026-05-24T00:26:36+0200,35a99b20-1361-4eb7-8009-5b844fa790cc,2026-04-29T02:45:00Z,2026-04-29T04:45:00+0200,35552.5,MW,FR,FR,forecast_load,Forecasted Load,2026-05-23T22:27:11Z
2026-05-23T22:26:36Z,2026-05-24T00:26:36+0200,35a99b20-1361-4eb7-8009-5b844fa790cc,2026-04-29T03:00:00Z,2026-04-29T05:00:00+0200,35733.0,MW,FR,FR,forecast_load,Forecasted Load,2026-05-23T22:27:11Z
2026-05-23T22:26:36Z,2026-05-24T00:26:36+0200,35a99b20-1361-4eb7-8009-5b844fa790cc,2026-04-29T03:15:00Z,2026-04-29T05:15:00+0200,36212.5,MW,FR,FR,forecast_load,Forecasted Load,2026-05-23T22:27:11Z
2026-05-23T22:26:36Z,2026-05-24T00:26:36+0200,35a99b20-1361-4eb7-8009-5b844fa790cc,2026-04-29T03:30:00Z,2026-04-29T05:30:00+0200,36692.0,MW,FR,FR,forecast_load,Forecasted Load,2026-05-23T22:27:11Z
2026-05-23T22:26:36Z,2026-05-24T00:26:36+0200,35a99b20-1361-4eb7-8009-5b844fa790cc,2026-04-29T03:45:00Z,2026-04-29T05:45:00+0200,37423.5,MW,FR,FR,forecast_load,Forecasted Load,2026-05-23T22:27:11Z
2026-05-23T22:26:36Z,2026-05-24T00:26:36+0200,35a99b20-1361-4eb7-8009-5b844fa790cc,2026-04-29T04:00:00Z,2026-04-29T06:00:00+0200,38155.0,MW,FR,FR,forecast_load,Forecasted Load,2026-05-23T22:27:11Z
2026-05-23T22:26:36Z,2026-05-24T00:26:36+0200,35a99b20-1361-4eb7-8009-5b844fa790cc,2026-04-29T04:15:00Z,2026-04-29T06:15:00+0200,39276.5,MW,FR,FR,forecast_load,Forecasted Load,2026-05-23T22:27:11Z
2026-05-23T22:26:36Z,2026-05-24T00:26:36+0200,35a99b20-1361-4eb7-8009-5b844fa790cc,2026-04-29T04:30:00Z,2026-04-29T06:30:00+0200,40398.0,MW,FR,FR,forecast_load,Forecasted Load,2026-05-23T22:27:11Z
2026-05-23T22:26:36Z,2026-05-24T00:26:36+0200,35a99b20-1361-4eb7-8009-5b844fa790cc,2026-04-29T04:45:00Z,2026-04-29T06:45:00+0200,41051.0,MW,FR,FR,forecast_load,Forecasted Load,2026-05-23T22:27:11Z
2026-05-23T22:26:36Z,2026-05-24T00:26:36+0200,35a99b20-1361-4eb7-8009-5b844fa790cc,2026-04-29T05:00:00Z,2026-04-29T07:00:00+0200,41704.0,MW,FR,FR,forecast_load,Forecasted Load,2026-05-23T22:27:11Z
2026-05-23T22:26:36Z,2026-05-24T00:26:36+0200,35a99b20-1361-4eb7-8009-5b844fa790cc,2026-04-29T05:15:00Z,2026-04-29T07:15:00+0200,42493.0,MW,FR,FR,forecast_load,Forecasted Load,2026-05-23T22:27:11Z
2026-05-23T22:26:36Z,2026-05-24T00:26:36+0200,35a99b20-1361-4eb7-8009-5b844fa790cc,2026-04-29T05:30:00Z,2026-04-29T07:30:00+0200,43282.0,MW,FR,FR,forecast_load,Forecasted Load,2026-05-23T22:27:11Z
2026-05-23T22:26:36Z,2026-05-24T00:26:36+0200,35a99b20-1361-4eb7-8009-5b844fa790cc,2026-04-29T05:45:00Z,2026-04-29T07:45:00+0200,43767.0,MW,FR,FR,forecast_load,Forecasted Load,2026-05-23T22:27:11Z
2026-05-23T22:26:36Z,2026-05-24T00:26:36+0200,35a99b20-1361-4eb7-8009-5b844fa790cc,2026-04-29T06:00:00Z,2026-04-29T08:00:00+0200,44252.0,MW,FR,FR,forecast_load,Forecasted Load,2026-05-23T22:27:11Z
2026-05-23T22:26:36Z,2026-05-24T00:26:36+0200,35a99b20-1361-4eb7-8009-5b844fa790cc,2026-04-29T06:15:00Z,2026-04-29T08:15:00+0200,44879.5,MW,FR,FR,forecast_load,Forecasted Load,2026-05-23T22:27:11Z
2026-05-23T22:26:36Z,2026-05-24T00:26:36+0200,35a99b20-1361-4eb7-8009-5b844fa790cc,2026-04-29T06:30:00Z,2026-04-29T08:30:00+0200,45507.0,MW,FR,FR,forecast_load,Forecasted Load,2026-05-23T22:27:11Z
2026-05-23T22:26:36Z,2026-05-24T00:26:36+0200,35a99b20-1361-4eb7-8009-5b844fa790cc,2026-04-29T06:45:00Z,2026-04-29T08:45:00+0200,45635.0,MW,FR,FR,forecast_load,Forecasted Load,2026-05-23T22:27:11Z
2026-05-23T22:26:36Z,2026-05-24T00:26:36+0200,35a99b20-1361-4eb7-8009-5b844fa790cc,2026-04-29T07:00:00Z,2026-04-29T09:00:00+0200,45763.0,MW,FR,FR,forecast_load,Forecasted Load,2026-05-23T22:27:11Z
2026-05-23T22:26:36Z,2026-05-24T00:26:36+0200,35a99b20-1361-4eb7-8009-5b844fa790cc,2026-04-29T07:15:00Z,2026-04-29T09:15:00+0200,45884.5,MW,FR,FR,forecast_load,Forecasted Load,2026-05-23T22:27:11Z
2026-05-23T22:26:36Z,2026-05-24T00:26:36+0200,35a99b20-1361-4eb7-8009-5b844fa790cc,2026-04-29T07:30:00Z,2026-04-29T09:30:00+0200,46006.0,MW,FR,FR,forecast_load,Forecasted Load,2026-05-23T22:27:11Z
2026-05-23T22:26:36Z,2026-05-24T00:26:36+0200,35a99b20-1361-4eb7-8009-5b844fa790cc,2026-04-29T07:45:00Z,2026-04-29T09:45:00+0200,46129.5,MW,FR,FR,forecast_load,Forecasted Load,2026-05-23T22:27:11Z
2026-05-23T22:26:36Z,2026-05-24T00:26:36+0200,35a99b20-1361-4eb7-8009-5b844fa790cc,2026-04-29T08:00:00Z,2026-04-29T10:00:00+0200,46253.0,MW,FR,FR,forecast_load,Forecasted Load,2026-05-23T22:27:11Z
2026-05-23T22:26:36Z,2026-05-24T00:26:36+0200,35a99b20-1361-4eb7-8009-5b844fa790cc,2026-04-29T08:15:00Z,2026-04-29T10:15:00+0200,46653.0,MW,FR,FR,forecast_load,Forecasted Load,2026-05-23T22:27:11Z
2026-05-23T22:26:36Z,2026-05-24T00:26:36+0200,35a99b20-1361-4eb7-8009-5b844fa790cc,2026-04-29T08:30:00Z,2026-04-29T10:30:00+0200,47053.0,MW,FR,FR,forecast_load,Forecasted Load,2026-05-23T22:27:11Z
2026-05-23T22:26:36Z,2026-05-24T00:26:36+0200,35a99b20-1361-4eb7-8009-5b844fa790cc,2026-04-29T08:45:00Z,2026-04-29T10:45:00+0200,47015.5,MW,FR,FR,forecast_load,Forecasted Load,2026-05-23T22:27:11Z
2026-05-23T22:26:36Z,2026-05-24T00:26:36+0200,35a99b20-1361-4eb7-8009-5b844fa790cc,2026-04-29T09:00:00Z,2026-04-29T11:00:00+0200,46978.0,MW,FR,FR,forecast_load,Forecasted Load,2026-05-23T22:27:11Z
2026-05-23T22:26:36Z,2026-05-24T00:26:36+0200,35a99b20-1361-4eb7-8009-5b844fa790cc,2026-04-29T09:15:00Z,2026-04-29T11:15:00+0200,47520.5,MW,FR,FR,forecast_load,Forecasted Load,2026-05-23T22:27:11Z
2026-05-23T22:26:36Z,2026-05-24T00:26:36+0200,35a99b20-1361-4eb7-8009-5b844fa790cc,2026-04-29T09:30:00Z,2026-04-29T11:30:00+0200,48063.0,MW,FR,FR,forecast_load,Forecasted Load,2026-05-23T22:27:11Z
2026-05-23T22:26:36Z,2026-05-24T00:26:36+0200,35a99b20-1361-4eb7-8009-5b844fa790cc,2026-04-29T09:45:00Z,2026-04-29T11:45:00+0200,48824.0,MW,FR,FR,forecast_load,Forecasted Load,2026-05-23T22:27:11Z
2026-05-23T22:26:36Z,2026-05-24T00:26:36+0200,35a99b20-1361-4eb7-8009-5b844fa790cc,2026-04-29T10:00:00Z,2026-04-29T12:00:00+0200,49585.0,MW,FR,FR,forecast_load,Forecasted Load,2026-05-23T22:27:11Z
2026-05-23T22:26:36Z,2026-05-24T00:26:36+0200,35a99b20-1361-4eb7-8009-5b844fa790cc,2026-04-29T10:15:00Z,2026-04-29T12:15:00+0200,49513.5,MW,FR,FR,forecast_load,Forecasted Load,2026-05-23T22:27:11Z
2026-05-23T22:26:36Z,2026-05-24T00:26:36+0200,35a99b20-1361-4eb7-8009-5b844fa790cc,2026-04-29T10:30:00Z,2026-04-29T12:30:00+0200,49442.0,MW,FR,FR,forecast_load,Forecasted Load,2026-05-23T22:27:11Z
2026-05-23T22:26:36Z,2026-05-24T00:26:36+0200,35a99b20-1361-4eb7-8009-5b844fa790cc,2026-04-29T10:45:00Z,2026-04-29T12:45:00+0200,49917.5,MW,FR,FR,forecast_load,Forecasted Load,2026-05-23T22:27:11Z
2026-05-23T22:26:36Z,2026-05-24T00:26:36+0200,35a99b20-1361-4eb7-8009-5b844fa790cc,2026-04-29T11:00:00Z,2026-04-29T13:00:00+0200,50393.0,MW,FR,FR,forecast_load,Forecasted Load,2026-05-23T22:27:11Z
2026-05-23T22:26:36Z,2026-05-24T00:26:36+0200,35a99b20-1361-4eb7-8009-5b844fa790cc,2026-04-29T11:15:00Z,2026-04-29T13:15:00+0200,49534.0,MW,FR,FR,forecast_load,Forecasted Load,2026-05-23T22:27:11Z
2026-05-23T22:26:36Z,2026-05-24T00:26:36+0200,35a99b20-1361-4eb7-8009-5b844fa790cc,2026-04-29T11:30:00Z,2026-04-29T13:30:00+0200,48675.0,MW,FR,FR,forecast_load,Forecasted Load,2026-05-23T22:27:11Z
2026-05-23T22:26:36Z,2026-05-24T00:26:36+0200,35a99b20-1361-4eb7-8009-5b844fa790cc,2026-04-29T11:45:00Z,2026-04-29T13:45:00+0200,48274.5,MW,FR,FR,forecast_load,Forecasted Load,2026-05-23T22:27:11Z
2026-05-23T22:26:36Z,2026-05-24T00:26:36+0200,35a99b20-1361-4eb7-8009-5b844fa790cc,2026-04-29T12:00:00Z,2026-04-29T14:00:00+0200,47874.0,MW,FR,FR,forecast_load,Forecasted Load,2026-05-23T22:27:11Z
2026-05-23T22:26:36Z,2026-05-24T00:26:36+0200,35a99b20-1361-4eb7-8009-5b844fa790cc,2026-04-29T12:15:00Z,2026-04-29T14:15:00+0200,48457.0,MW,FR,FR,forecast_load,Forecasted Load,2026-05-23T22:27:11Z
2026-05-23T22:26:36Z,2026-05-24T00:26:36+0200,35a99b20-1361-4eb7-8009-5b844fa790cc,2026-04-29T12:30:00Z,2026-04-29T14:30:00+0200,49040.0,MW,FR,FR,forecast_load,Forecasted Load,2026-05-23T22:27:11Z
2026-05-23T22:26:36Z,2026-05-24T00:26:36+0200,35a99b20-1361-4eb7-8009-5b844fa790cc,2026-04-29T12:45:00Z,2026-04-29T14:45:00+0200,48587.5,MW,FR,FR,forecast_load,Forecasted Load,2026-05-23T22:27:11Z
2026-05-23T22:26:36Z,2026-05-24T00:26:36+0200,35a99b20-1361-4eb7-8009-5b844fa790cc,2026-04-29T13:00:00Z,2026-04-29T15:00:00+0200,48135.0,MW,FR,FR,forecast_load,Forecasted Load,2026-05-23T22:27:11Z
2026-05-23T22:26:36Z,2026-05-24T00:26:36+0200,35a99b20-1361-4eb7-8009-5b844fa790cc,2026-04-29T13:15:00Z,2026-04-29T15:15:00+0200,47427.5,MW,FR,FR,forecast_load,Forecasted Load,2026-05-23T22:27:11Z
2026-05-23T22:26:36Z,2026-05-24T00:26:36+0200,35a99b20-1361-4eb7-8009-5b844fa790cc,2026-04-29T13:30:00Z,2026-04-29T15:30:00+0200,46720.0,MW,FR,FR,forecast_load,Forecasted Load,2026-05-23T22:27:11Z
2026-05-23T22:26:36Z,2026-05-24T00:26:36+0200,35a99b20-1361-4eb7-8009-5b844fa790cc,2026-04-29T13:45:00Z,2026-04-29T15:45:00+0200,46188.0,MW,FR,FR,forecast_load,Forecasted Load,2026-05-23T22:27:11Z
2026-05-23T22:26:36Z,2026-05-24T00:26:36+0200,35a99b20-1361-4eb7-8009-5b844fa790cc,2026-04-29T14:00:00Z,2026-04-29T16:00:00+0200,45656.0,MW,FR,FR,forecast_load,Forecasted Load,2026-05-23T22:27:11Z
2026-05-23T22:26:36Z,2026-05-24T00:26:36+0200,35a99b20-1361-4eb7-8009-5b844fa790cc,2026-04-29T14:15:00Z,2026-04-29T16:15:00+0200,45197.0,MW,FR,FR,forecast_load,Forecasted Load,2026-05-23T22:27:11Z
2026-05-23T22:26:36Z,2026-05-24T00:26:36+0200,35a99b20-1361-4eb7-8009-5b844fa790cc,2026-04-29T14:30:00Z,2026-04-29T16:30:00+0200,44738.0,MW,FR,FR,forecast_load,Forecasted Load,2026-05-23T22:27:11Z
2026-05-23T22:26:36Z,2026-05-24T00:26:36+0200,35a99b20-1361-4eb7-8009-5b844fa790cc,2026-04-29T14:45:00Z,2026-04-29T16:45:00+0200,44209.0,MW,FR,FR,forecast_load,Forecasted Load,2026-05-23T22:27:11Z
2026-05-23T22:26:36Z,2026-05-24T00:26:36+0200,35a99b20-1361-4eb7-8009-5b844fa790cc,2026-04-29T15:00:00Z,2026-04-29T17:00:00+0200,43680.0,MW,FR,FR,forecast_load,Forecasted Load,2026-05-23T22:27:11Z
2026-05-23T22:26:36Z,2026-05-24T00:26:36+0200,35a99b20-1361-4eb7-8009-5b844fa790cc,2026-04-29T15:15:00Z,2026-04-29T17:15:00+0200,43540.5,MW,FR,FR,forecast_load,Forecasted Load,2026-05-23T22:27:11Z
2026-05-23T22:26:36Z,2026-05-24T00:26:36+0200,35a99b20-1361-4eb7-8009-5b844fa790cc,2026-04-29T15:30:00Z,2026-04-29T17:30:00+0200,43401.0,MW,FR,FR,forecast_load,Forecasted Load,2026-05-23T22:27:11Z
2026-05-23T22:26:36Z,2026-05-24T00:26:36+0200,35a99b20-1361-4eb7-8009-5b844fa790cc,2026-04-29T15:45:00Z,2026-04-29T17:45:00+0200,43749.5,MW,FR,FR,forecast_load,Forecasted Load,2026-05-23T22:27:11Z
2026-05-23T22:26:36Z,2026-05-24T00:26:36+0200,35a99b20-1361-4eb7-8009-5b844fa790cc,2026-04-29T16:00:00Z,2026-04-29T18:00:00+0200,44098.0,MW,FR,FR,forecast_load,Forecasted Load,2026-05-23T22:27:11Z
2026-05-23T22:26:36Z,2026-05-24T00:26:36+0200,35a99b20-1361-4eb7-8009-5b844fa790cc,2026-04-29T16:15:00Z,2026-04-29T18:15:00+0200,44762.0,MW,FR,FR,forecast_load,Forecasted Load,2026-05-23T22:27:11Z
2026-05-23T22:26:36Z,2026-05-24T00:26:36+0200,35a99b20-1361-4eb7-8009-5b844fa790cc,2026-04-29T16:30:00Z,2026-04-29T18:30:00+0200,45426.0,MW,FR,FR,forecast_load,Forecasted Load,2026-05-23T22:27:11Z
2026-05-23T22:26:36Z,2026-05-24T00:26:36+0200,35a99b20-1361-4eb7-8009-5b844fa790cc,2026-04-29T16:45:00Z,2026-04-29T18:45:00+0200,46344.5,MW,FR,FR,forecast_load,Forecasted Load,2026-05-23T22:27:11Z
2026-05-23T22:26:36Z,2026-05-24T00:26:36+0200,35a99b20-1361-4eb7-8009-5b844fa790cc,2026-04-29T17:00:00Z,2026-04-29T19:00:00+0200,47263.0,MW,FR,FR,forecast_load,Forecasted Load,2026-05-23T22:27:11Z
2026-05-23T22:26:36Z,2026-05-24T00:26:36+0200,35a99b20-1361-4eb7-8009-5b844fa790cc,2026-04-29T17:15:00Z,2026-04-29T19:15:00+0200,47386.0,MW,FR,FR,forecast_load,Forecasted Load,2026-05-23T22:27:11Z
2026-05-23T22:26:36Z,2026-05-24T00:26:36+0200,35a99b20-1361-4eb7-8009-5b844fa790cc,2026-04-29T17:30:00Z,2026-04-29T19:30:00+0200,47509.0,MW,FR,FR,forecast_load,Forecasted Load,2026-05-23T22:27:11Z
2026-05-23T22:26:36Z,2026-05-24T00:26:36+0200,35a99b20-1361-4eb7-8009-5b844fa790cc,2026-04-29T17:45:00Z,2026-04-29T19:45:00+0200,47250.5,MW,FR,FR,forecast_load,Forecasted Load,2026-05-23T22:27:11Z
2026-05-23T22:26:36Z,2026-05-24T00:26:36+0200,35a99b20-1361-4eb7-8009-5b844fa790cc,2026-04-29T18:00:00Z,2026-04-29T20:00:00+0200,46992.0,MW,FR,FR,forecast_load,Forecasted Load,2026-05-23T22:27:11Z
2026-05-23T22:26:36Z,2026-05-24T00:26:36+0200,35a99b20-1361-4eb7-8009-5b844fa790cc,2026-04-29T18:15:00Z,2026-04-29T20:15:00+0200,46277.0,MW,FR,FR,forecast_load,Forecasted Load,2026-05-23T22:27:11Z
2026-05-23T22:26:36Z,2026-05-24T00:26:36+0200,35a99b20-1361-4eb7-8009-5b844fa790cc,2026-04-29T18:30:00Z,2026-04-29T20:30:00+0200,45562.0,MW,FR,FR,forecast_load,Forecasted Load,2026-05-23T22:27:11Z
2026-05-23T22:26:36Z,2026-05-24T00:26:36+0200,35a99b20-1361-4eb7-8009-5b844fa790cc,2026-04-29T18:45:00Z,2026-04-29T20:45:00+0200,45534.0,MW,FR,FR,forecast_load,Forecasted Load,2026-05-23T22:27:11Z
2026-05-23T22:26:36Z,2026-05-24T00:26:36+0200,35a99b20-1361-4eb7-8009-5b844fa790cc,2026-04-29T19:00:00Z,2026-04-29T21:00:00+0200,45506.0,MW,FR,FR,forecast_load,Forecasted Load,2026-05-23T22:27:11Z
2026-05-23T22:26:36Z,2026-05-24T00:26:36+0200,35a99b20-1361-4eb7-8009-5b844fa790cc,2026-04-29T19:15:00Z,2026-04-29T21:15:00+0200,45436.0,MW,FR,FR,forecast_load,Forecasted Load,2026-05-23T22:27:11Z
2026-05-23T22:26:36Z,2026-05-24T00:26:36+0200,35a99b20-1361-4eb7-8009-5b844fa790cc,2026-04-29T19:30:00Z,2026-04-29T21:30:00+0200,45366.0,MW,FR,FR,forecast_load,Forecasted Load,2026-05-23T22:27:11Z
2026-05-23T22:26:36Z,2026-05-24T00:26:36+0200,35a99b20-1361-4eb7-8009-5b844fa790cc,2026-04-29T19:45:00Z,2026-04-29T21:45:00+0200,44787.5,MW,FR,FR,forecast_load,Forecasted Load,2026-05-23T22:27:11Z
2026-05-23T22:26:36Z,2026-05-24T00:26:36+0200,35a99b20-1361-4eb7-8009-5b844fa790cc,2026-04-29T20:00:00Z,2026-04-29T22:00:00+0200,44209.0,MW,FR,FR,forecast_load,Forecasted Load,2026-05-23T22:27:11Z
2026-05-23T22:26:36Z,2026-05-24T00:26:36+0200,35a99b20-1361-4eb7-8009-5b844fa790cc,2026-04-29T20:15:00Z,2026-04-29T22:15:00+0200,44649.0,MW,FR,FR,forecast_load,Forecasted Load,2026-05-23T22:27:11Z
2026-05-23T22:26:36Z,2026-05-24T00:26:36+0200,35a99b20-1361-4eb7-8009-5b844fa790cc,2026-04-29T20:30:00Z,2026-04-29T22:30:00+0200,45089.0,MW,FR,FR,forecast_load,Forecasted Load,2026-05-23T22:27:11Z
2026-05-23T22:26:36Z,2026-05-24T00:26:36+0200,35a99b20-1361-4eb7-8009-5b844fa790cc,2026-04-29T20:45:00Z,2026-04-29T22:45:00+0200,45636.0,MW,FR,FR,forecast_load,Forecasted Load,2026-05-23T22:27:11Z
2026-05-23T22:26:36Z,2026-05-24T00:26:36+0200,35a99b20-1361-4eb7-8009-5b844fa790cc,2026-04-29T21:00:00Z,2026-04-29T23:00:00+0200,46183.0,MW,FR,FR,forecast_load,Forecasted Load,2026-05-23T22:27:11Z
2026-05-23T22:26:36Z,2026-05-24T00:26:36+0200,35a99b20-1361-4eb7-8009-5b844fa790cc,2026-04-29T21:15:00Z,2026-04-29T23:15:00+0200,45576.0,MW,FR,FR,forecast_load,Forecasted Load,2026-05-23T22:27:11Z
2026-05-23T22:26:36Z,2026-05-24T00:26:36+0200,35a99b20-1361-4eb7-8009-5b844fa790cc,2026-04-29T21:30:00Z,2026-04-29T23:30:00+0200,44969.0,MW,FR,FR,forecast_load,Forecasted Load,2026-05-23T22:27:11Z
2026-05-23T22:26:36Z,2026-05-24T00:26:36+0200,35a99b20-1361-4eb7-8009-5b844fa790cc,2026-04-29T21:45:00Z,2026-04-29T23:45:00+0200,44096.5,MW,FR,FR,forecast_load,Forecasted Load,2026-05-23T22:27:11Z
2026-05-23T22:26:36Z,2026-05-24T00:26:36+0200,35a99b20-1361-4eb7-8009-5b844fa790cc,2026-04-29T22:00:00Z,2026-04-30T00:00:00+0200,43404.0,MW,FR,FR,forecast_load,Forecasted Load,2026-05-23T22:27:11Z
2026-05-23T22:26:36Z,2026-05-24T00:26:36+0200,35a99b20-1361-4eb7-8009-5b844fa790cc,2026-04-29T22:15:00Z,2026-04-30T00:15:00+0200,42780.5,MW,FR,FR,forecast_load,Forecasted Load,2026-05-23T22:27:11Z
2026-05-23T22:26:36Z,2026-05-24T00:26:36+0200,35a99b20-1361-4eb7-8009-5b844fa790cc,2026-04-29T22:30:00Z,2026-04-30T00:30:00+0200,42157.0,MW,FR,FR,forecast_load,Forecasted Load,2026-05-23T22:27:11Z
2026-05-23T22:26:36Z,2026-05-24T00:26:36+0200,35a99b20-1361-4eb7-8009-5b844fa790cc,2026-04-29T22:45:00Z,2026-04-30T00:45:00+0200,41329.5,MW,FR,FR,forecast_load,Forecasted Load,2026-05-23T22:27:11Z
2026-05-23T22:26:36Z,2026-05-24T00:26:36+0200,35a99b20-1361-4eb7-8009-5b844fa790cc,2026-04-29T23:00:00Z,2026-04-30T01:00:00+0200,40502.0,MW,FR,FR,forecast_load,Forecasted Load,2026-05-23T22:27:11Z
2026-05-23T22:26:36Z,2026-05-24T00:26:36+0200,35a99b20-1361-4eb7-8009-5b844fa790cc,2026-04-29T23:15:00Z,2026-04-30T01:15:00+0200,40993.5,MW,FR,FR,forecast_load,Forecasted Load,2026-05-23T22:27:11Z
2026-05-23T22:26:36Z,2026-05-24T00:26:36+0200,35a99b20-1361-4eb7-8009-5b844fa790cc,2026-04-29T23:30:00Z,2026-04-30T01:30:00+0200,41485.0,MW,FR,FR,forecast_load,Forecasted Load,2026-05-23T22:27:11Z
2026-05-23T22:26:36Z,2026-05-24T00:26:36+0200,35a99b20-1361-4eb7-8009-5b844fa790cc,2026-04-29T23:45:00Z,2026-04-30T01:45:00+0200,40781.5,MW,FR,FR,forecast_load,Forecasted Load,2026-05-23T22:27:11Z
2026-05-23T22:26:36Z,2026-05-24T00:26:36+0200,35a99b20-1361-4eb7-8009-5b844fa790cc,2026-04-30T00:00:00Z,2026-04-30T02:00:00+0200,40078.0,MW,FR,FR,forecast_load,Forecasted Load,2026-05-23T22:27:11Z
2026-05-23T22:26:36Z,2026-05-24T00:26:36+0200,35a99b20-1361-4eb7-8009-5b844fa790cc,2026-04-30T00:15:00Z,2026-04-30T02:15:00+0200,39266.5,MW,FR,FR,forecast_load,Forecasted Load,2026-05-23T22:27:11Z
2026-05-23T22:26:36Z,2026-05-24T00:26:36+0200,35a99b20-1361-4eb7-8009-5b844fa790cc,2026-04-30T00:30:00Z,2026-04-30T02:30:00+0200,38455.0,MW,FR,FR,forecast_load,Forecasted Load,2026-05-23T22:27:11Z
2026-05-23T22:26:36Z,2026-05-24T00:26:36+0200,35a99b20-1361-4eb7-8009-5b844fa790cc,2026-04-30T00:45:00Z,2026-04-30T02:45:00+0200,37891.5,MW,FR,FR,forecast_load,Forecasted Load,2026-05-23T22:27:11Z
2026-05-23T22:26:36Z,2026-05-24T00:26:36+0200,35a99b20-1361-4eb7-8009-5b844fa790cc,2026-04-30T01:00:00Z,2026-04-30T03:00:00+0200,37328.0,MW,FR,FR,forecast_load,Forecasted Load,2026-05-23T22:27:11Z
2026-05-23T22:26:36Z,2026-05-24T00:26:36+0200,35a99b20-1361-4eb7-8009-5b844fa790cc,2026-04-30T01:15:00Z,2026-04-30T03:15:00+0200,36901.0,MW,FR,FR,forecast_load,Forecasted Load,2026-05-23T22:27:11Z
2026-05-23T22:26:36Z,2026-05-24T00:26:36+0200,35a99b20-1361-4eb7-8009-5b844fa790cc,2026-04-30T01:30:00Z,2026-04-30T03:30:00+0200,36474.0,MW,FR,FR,forecast_load,Forecasted Load,2026-05-23T22:27:11Z
2026-05-23T22:26:36Z,2026-05-24T00:26:36+0200,35a99b20-1361-4eb7-8009-5b844fa790cc,2026-04-30T01:45:00Z,2026-04-30T03:45:00+0200,36166.0,MW,FR,FR,forecast_load,Forecasted Load,2026-05-23T22:27:11Z
2026-05-23T22:26:36Z,2026-05-24T00:26:36+0200,35a99b20-1361-4eb7-8009-5b844fa790cc,2026-04-30T02:00:00Z,2026-04-30T04:00:00+0200,35858.0,MW,FR,FR,forecast_load,Forecasted Load,2026-05-23T22:27:11Z
2026-05-23T22:26:36Z,2026-05-24T00:26:36+0200,35a99b20-1361-4eb7-8009-5b844fa790cc,2026-04-30T02:15:00Z,2026-04-30T04:15:00+0200,35857.5,MW,FR,FR,forecast_load,Forecasted Load,2026-05-23T22:27:11Z
2026-05-23T22:26:36Z,2026-05-24T00:26:36+0200,35a99b20-1361-4eb7-8009-5b844fa790cc,2026-04-30T02:30:00Z,2026-04-30T04:30:00+0200,35857.0,MW,FR,FR,forecast_load,Forecasted Load,2026-05-23T22:27:11Z
2026-05-23T22:26:36Z,2026-05-24T00:26:36+0200,35a99b20-1361-4eb7-8009-5b844fa790cc,2026-04-30T02:45:00Z,2026-04-30T04:45:00+0200,36000.0,MW,FR,FR,forecast_load,Forecasted Load,2026-05-23T22:27:11Z
2026-05-23T22:26:36Z,2026-05-24T00:26:36+0200,35a99b20-1361-4eb7-8009-5b844fa790cc,2026-04-30T03:00:00Z,2026-04-30T05:00:00+0200,36143.0,MW,FR,FR,forecast_load,Forecasted Load,2026-05-23T22:27:11Z
2026-05-23T22:26:36Z,2026-05-24T00:26:36+0200,35a99b20-1361-4eb7-8009-5b844fa790cc,2026-04-30T03:15:00Z,2026-04-30T05:15:00+0200,36723.5,MW,FR,FR,forecast_load,Forecasted Load,2026-05-23T22:27:11Z
2026-05-23T22:26:36Z,2026-05-24T00:26:36+0200,35a99b20-1361-4eb7-8009-5b844fa790cc,2026-04-30T03:30:00Z,2026-04-30T05:30:00+0200,37304.0,MW,FR,FR,forecast_load,Forecasted Load,2026-05-23T22:27:11Z
2026-05-23T22:26:36Z,2026-05-24T00:26:36+0200,35a99b20-1361-4eb7-8009-5b844fa790cc,2026-04-30T03:45:00Z,2026-04-30T05:45:00+0200,38196.5,MW,FR,FR,forecast_load,Forecasted Load,2026-05-23T22:27:11Z
2026-05-23T22:26:36Z,2026-05-24T00:26:36+0200,35a99b20-1361-4eb7-8009-5b844fa790cc,2026-04-30T04:00:00Z,2026-04-30T06:00:00+0200,39089.0,MW,FR,FR,forecast_load,Forecasted Load,2026-05-23T22:27:11Z
2026-05-23T22:26:36Z,2026-05-24T00:26:36+0200,35a99b20-1361-4eb7-8009-5b844fa790cc,2026-04-30T04:15:00Z,2026-04-30T06:15:00+0200,39906.0,MW,FR,FR,forecast_load,Forecasted Load,2026-05-23T22:27:11Z
2026-05-23T22:26:36Z,2026-05-24T00:26:36+0200,35a99b20-1361-4eb7-8009-5b844fa790cc,2026-04-30T04:30:00Z,2026-04-30T06:30:00+0200,40723.0,MW,FR,FR,forecast_load,Forecasted Load,2026-05-23T22:27:11Z
2026-05-23T22:26:36Z,2026-05-24T00:26:36+0200,35a99b20-1361-4eb7-8009-5b844fa790cc,2026-04-30T04:45:00Z,2026-04-30T06:45:00+0200,41447.0,MW,FR,FR,forecast_load,Forecasted Load,2026-05-23T22:27:11Z
2026-05-23T22:26:36Z,2026-05-24T00:26:36+0200,35a99b20-1361-4eb7-8009-5b844fa790cc,2026-04-30T05:00:00Z,2026-04-30T07:00:00+0200,42171.0,MW,FR,FR,forecast_load,Forecasted Load,2026-05-23T22:27:11Z
2026-05-23T22:26:36Z,2026-05-24T00:26:36+0200,35a99b20-1361-4eb7-8009-5b844fa790cc,2026-04-30T05:15:00Z,2026-04-30T07:15:00+0200,42903.5,MW,FR,FR,forecast_load,Forecasted Load,2026-05-23T22:27:11Z
2026-05-23T22:26:36Z,2026-05-24T00:26:36+0200,35a99b20-1361-4eb7-8009-5b844fa790cc,2026-04-30T05:30:00Z,2026-04-30T07:30:00+0200,43636.0,MW,FR,FR,forecast_load,Forecasted Load,2026-05-23T22:27:11Z
2026-05-23T22:26:36Z,2026-05-24T00:26:36+0200,35a99b20-1361-4eb7-8009-5b844fa790cc,2026-04-30T05:45:00Z,2026-04-30T07:45:00+0200,43945.5,MW,FR,FR,forecast_load,Forecasted Load,2026-05-23T22:27:11Z
2026-05-23T22:26:36Z,2026-05-24T00:26:36+0200,35a99b20-1361-4eb7-8009-5b844fa790cc,2026-04-30T06:00:00Z,2026-04-30T08:00:00+0200,44255.0,MW,FR,FR,forecast_load,Forecasted Load,2026-05-23T22:27:11Z
2026-05-23T22:26:36Z,2026-05-24T00:26:36+0200,35a99b20-1361-4eb7-8009-5b844fa790cc,2026-04-30T06:15:00Z,2026-04-30T08:15:00+0200,44700.0,MW,FR,FR,forecast_load,Forecasted Load,2026-05-23T22:27:11Z
2026-05-23T22:26:36Z,2026-05-24T00:26:36+0200,35a99b20-1361-4eb7-8009-5b844fa790cc,2026-04-30T06:30:00Z,2026-04-30T08:30:00+0200,45145.0,MW,FR,FR,forecast_load,Forecasted Load,2026-05-23T22:27:11Z
2026-05-23T22:26:36Z,2026-05-24T00:26:36+0200,35a99b20-1361-4eb7-8009-5b844fa790cc,2026-04-30T06:45:00Z,2026-04-30T08:45:00+0200,45371.0,MW,FR,FR,forecast_load,Forecasted Load,2026-05-23T22:27:11Z
2026-05-23T22:26:36Z,2026-05-24T00:26:36+0200,35a99b20-1361-4eb7-8009-5b844fa790cc,2026-04-30T07:00:00Z,2026-04-30T09:00:00+0200,45597.0,MW,FR,FR,forecast_load,Forecasted Load,2026-05-23T22:27:11Z
2026-05-23T22:26:36Z,2026-05-24T00:26:36+0200,35a99b20-1361-4eb7-8009-5b844fa790cc,2026-04-30T07:15:00Z,2026-04-30T09:15:00+0200,45723.0,MW,FR,FR,forecast_load,Forecasted Load,2026-05-23T22:27:11Z
2026-05-23T22:26:36Z,2026-05-24T00:26:36+0200,35a99b20-1361-4eb7-8009-5b844fa790cc,2026-04-30T07:30:00Z,2026-04-30T09:30:00+0200,45849.0,MW,FR,FR,forecast_load,Forecasted Load,2026-05-23T22:27:11Z
2026-05-23T22:26:36Z,2026-05-24T00:26:36+0200,35a99b20-1361-4eb7-8009-5b844fa790cc,2026-04-30T07:45:00Z,2026-04-30T09:45:00+0200,45969.0,MW,FR,FR,forecast_load,Forecasted Load,2026-05-23T22:27:11Z
2026-05-23T22:26:36Z,2026-05-24T00:26:36+0200,35a99b20-1361-4eb7-8009-5b844fa790cc,2026-04-30T08:00:00Z,2026-04-30T10:00:00+0200,46089.0,MW,FR,FR,forecast_load,Forecasted Load,2026-05-23T22:27:11Z
2026-05-23T22:26:36Z,2026-05-24T00:26:36+0200,35a99b20-1361-4eb7-8009-5b844fa790cc,2026-04-30T08:15:00Z,2026-04-30T10:15:00+0200,46248.5,MW,FR,FR,forecast_load,Forecasted Load,2026-05-23T22:27:11Z
2026-05-23T22:26:36Z,2026-05-24T00:26:36+0200,35a99b20-1361-4eb7-8009-5b844fa790cc,2026-04-30T08:30:00Z,2026-04-30T10:30:00+0200,46408.0,MW,FR,FR,forecast_load,Forecasted Load,2026-05-23T22:27:11Z
2026-05-23T22:26:36Z,2026-05-24T00:26:36+0200,35a99b20-1361-4eb7-8009-5b844fa790cc,2026-04-30T08:45:00Z,2026-04-30T10:45:00+0200,46455.5,MW,FR,FR,forecast_load,Forecasted Load,2026-05-23T22:27:11Z
2026-05-23T22:26:36Z,2026-05-24T00:26:36+0200,35a99b20-1361-4eb7-8009-5b844fa790cc,2026-04-30T09:00:00Z,2026-04-30T11:00:00+0200,46503.0,MW,FR,FR,forecast_load,Forecasted Load,2026-05-23T22:27:11Z
2026-05-23T22:26:36Z,2026-05-24T00:26:36+0200,35a99b20-1361-4eb7-8009-5b844fa790cc,2026-04-30T09:15:00Z,2026-04-30T11:15:00+0200,46741.0,MW,FR,FR,forecast_load,Forecasted Load,2026-05-23T22:27:11Z
2026-05-23T22:26:36Z,2026-05-24T00:26:36+0200,35a99b20-1361-4eb7-8009-5b844fa790cc,2026-04-30T09:30:00Z,2026-04-30T11:30:00+0200,46979.0,MW,FR,FR,forecast_load,Forecasted Load,2026-05-23T22:27:11Z
2026-05-23T22:26:36Z,2026-05-24T00:26:36+0200,35a99b20-1361-4eb7-8009-5b844fa790cc,2026-04-30T09:45:00Z,2026-04-30T11:45:00+0200,47699.0,MW,FR,FR,forecast_load,Forecasted Load,2026-05-23T22:27:11Z
2026-05-23T22:26:36Z,2026-05-24T00:26:36+0200,35a99b20-1361-4eb7-8009-5b844fa790cc,2026-04-30T10:00:00Z,2026-04-30T12:00:00+0200,48419.0,MW,FR,FR,forecast_load,Forecasted Load,2026-05-23T22:27:11Z
2026-05-23T22:26:36Z,2026-05-24T00:26:36+0200,35a99b20-1361-4eb7-8009-5b844fa790cc,2026-04-30T10:15:00Z,2026-04-30T12:15:00+0200,48228.5,MW,FR,FR,forecast_load,Forecasted Load,2026-05-23T22:27:11Z
2026-05-23T22:26:36Z,2026-05-24T00:26:36+0200,35a99b20-1361-4eb7-8009-5b844fa790cc,2026-04-30T10:30:00Z,2026-04-30T12:30:00+0200,48038.0,MW,FR,FR,forecast_load,Forecasted Load,2026-05-23T22:27:11Z
2026-05-23T22:26:36Z,2026-05-24T00:26:36+0200,35a99b20-1361-4eb7-8009-5b844fa790cc,2026-04-30T10:45:00Z,2026-04-30T12:45:00+0200,48441.0,MW,FR,FR,forecast_load,Forecasted Load,2026-05-23T22:27:11Z
2026-05-23T22:26:36Z,2026-05-24T00:26:36+0200,35a99b20-1361-4eb7-8009-5b844fa790cc,2026-04-30T11:00:00Z,2026-04-30T13:00:00+0200,48844.0,MW,FR,FR,forecast_load,Forecasted Load,2026-05-23T22:27:11Z
2026-05-23T22:26:36Z,2026-05-24T00:26:36+0200,35a99b20-1361-4eb7-8009-5b844fa790cc,2026-04-30T11:15:00Z,2026-04-30T13:15:00+0200,48220.0,MW,FR,FR,forecast_load,Forecasted Load,2026-05-23T22:27:11Z
2026-05-23T22:26:36Z,2026-05-24T00:26:36+0200,35a99b20-1361-4eb7-8009-5b844fa790cc,2026-04-30T11:30:00Z,2026-04-30T13:30:00+0200,47596.0,MW,FR,FR,forecast_load,Forecasted Load,2026-05-23T22:27:11Z
2026-05-23T22:26:36Z,2026-05-24T00:26:36+0200,35a99b20-1361-4eb7-8009-5b844fa790cc,2026-04-30T11:45:00Z,2026-04-30T13:45:00+0200,47800.5,MW,FR,FR,forecast_load,Forecasted Load,2026-05-23T22:27:11Z
2026-05-23T22:26:36Z,2026-05-24T00:26:36+0200,35a99b20-1361-4eb7-8009-5b844fa790cc,2026-04-30T12:00:00Z,2026-04-30T14:00:00+0200,48005.0,MW,FR,FR,forecast_load,Forecasted Load,2026-05-23T22:27:11Z
2026-05-23T22:26:36Z,2026-05-24T00:26:36+0200,35a99b20-1361-4eb7-8009-5b844fa790cc,2026-04-30T12:15:00Z,2026-04-30T14:15:00+0200,48320.5,MW,FR,FR,forecast_load,Forecasted Load,2026-05-23T22:27:11Z
2026-05-23T22:26:36Z,2026-05-24T00:26:36+0200,35a99b20-1361-4eb7-8009-5b844fa790cc,2026-04-30T12:30:00Z,2026-04-30T14:30:00+0200,48636.0,MW,FR,FR,forecast_load,Forecasted Load,2026-05-23T22:27:11Z
2026-05-23T22:26:36Z,2026-05-24T00:26:36+0200,35a99b20-1361-4eb7-8009-5b844fa790cc,2026-04-30T12:45:00Z,2026-04-30T14:45:00+0200,48187.0,MW,FR,FR,forecast_load,Forecasted Load,2026-05-23T22:27:11Z
2026-05-23T22:26:36Z,2026-05-24T00:26:36+0200,35a99b20-1361-4eb7-8009-5b844fa790cc,2026-04-30T13:00:00Z,2026-04-30T15:00:00+0200,47738.0,MW,FR,FR,forecast_load,Forecasted Load,2026-05-23T22:27:11Z
2026-05-23T22:26:36Z,2026-05-24T00:26:36+0200,35a99b20-1361-4eb7-8009-5b844fa790cc,2026-04-30T13:15:00Z,2026-04-30T15:15:00+0200,46651.5,MW,FR,FR,forecast_load,Forecasted Load,2026-05-23T22:27:11Z
2026-05-23T22:26:36Z,2026-05-24T00:26:36+0200,35a99b20-1361-4eb7-8009-5b844fa790cc,2026-04-30T13:30:00Z,2026-04-30T15:30:00+0200,45565.0,MW,FR,FR,forecast_load,Forecasted Load,2026-05-23T22:27:11Z
2026-05-23T22:26:36Z,2026-05-24T00:26:36+0200,35a99b20-1361-4eb7-8009-5b844fa790cc,2026-04-30T13:45:00Z,2026-04-30T15:45:00+0200,45077.0,MW,FR,FR,forecast_load,Forecasted Load,2026-05-23T22:27:11Z
2026-05-23T22:26:36Z,2026-05-24T00:26:36+0200,35a99b20-1361-4eb7-8009-5b844fa790cc,2026-04-30T14:00:00Z,2026-04-30T16:00:00+0200,44589.0,MW,FR,FR,forecast_load,Forecasted Load,2026-05-23T22:27:11Z
2026-05-23T22:26:36Z,2026-05-24T00:26:36+0200,35a99b20-1361-4eb7-8009-5b844fa790cc,2026-04-30T14:15:00Z,2026-04-30T16:15:00+0200,44168.0,MW,FR,FR,forecast_load,Forecasted Load,2026-05-23T22:27:11Z
2026-05-23T22:26:36Z,2026-05-24T00:26:36+0200,35a99b20-1361-4eb7-8009-5b844fa790cc,2026-04-30T14:30:00Z,2026-04-30T16:30:00+0200,43747.0,MW,FR,FR,forecast_load,Forecasted Load,2026-05-23T22:27:11Z
2026-05-23T22:26:36Z,2026-05-24T00:26:36+0200,35a99b20-1361-4eb7-8009-5b844fa790cc,2026-04-30T14:45:00Z,2026-04-30T16:45:00+0200,43177.5,MW,FR,FR,forecast_load,Forecasted Load,2026-05-23T22:27:11Z
2026-05-23T22:26:36Z,2026-05-24T00:26:36+0200,35a99b20-1361-4eb7-8009-5b844fa790cc,2026-04-30T15:00:00Z,2026-04-30T17:00:00+0200,42608.0,MW,FR,FR,forecast_load,Forecasted Load,2026-05-23T22:27:11Z
2026-05-23T22:26:36Z,2026-05-24T00:26:36+0200,35a99b20-1361-4eb7-8009-5b844fa790cc,2026-04-30T15:15:00Z,2026-04-30T17:15:00+0200,42613.0,MW,FR,FR,forecast_load,Forecasted Load,2026-05-23T22:27:11Z
2026-05-23T22:26:36Z,2026-05-24T00:26:36+0200,35a99b20-1361-4eb7-8009-5b844fa790cc,2026-04-30T15:30:00Z,2026-04-30T17:30:00+0200,42618.0,MW,FR,FR,forecast_load,Forecasted Load,2026-05-23T22:27:11Z
2026-05-23T22:26:36Z,2026-05-24T00:26:36+0200,35a99b20-1361-4eb7-8009-5b844fa790cc,2026-04-30T15:45:00Z,2026-04-30T17:45:00+0200,42941.0,MW,FR,FR,forecast_load,Forecasted Load,2026-05-23T22:27:11Z
2026-05-23T22:26:36Z,2026-05-24T00:26:36+0200,35a99b20-1361-4eb7-8009-5b844fa790cc,2026-04-30T16:00:00Z,2026-04-30T18:00:00+0200,43264.0,MW,FR,FR,forecast_load,Forecasted Load,2026-05-23T22:27:11Z
2026-05-23T22:26:36Z,2026-05-24T00:26:36+0200,35a99b20-1361-4eb7-8009-5b844fa790cc,2026-04-30T16:15:00Z,2026-04-30T18:15:00+0200,43602.0,MW,FR,FR,forecast_load,Forecasted Load,2026-05-23T22:27:11Z
2026-05-23T22:26:36Z,2026-05-24T00:26:36+0200,35a99b20-1361-4eb7-8009-5b844fa790cc,2026-04-30T16:30:00Z,2026-04-30T18:30:00+0200,43940.0,MW,FR,FR,forecast_load,Forecasted Load,2026-05-23T22:27:11Z
2026-05-23T22:26:36Z,2026-05-24T00:26:36+0200,35a99b20-1361-4eb7-8009-5b844fa790cc,2026-04-30T16:45:00Z,2026-04-30T18:45:00+0200,44626.0,MW,FR,FR,forecast_load,Forecasted Load,2026-05-23T22:27:11Z
2026-05-23T22:26:36Z,2026-05-24T00:26:36+0200,35a99b20-1361-4eb7-8009-5b844fa790cc,2026-04-30T17:00:00Z,2026-04-30T19:00:00+0200,45312.0,MW,FR,FR,forecast_load,Forecasted Load,2026-05-23T22:27:11Z
2026-05-23T22:26:36Z,2026-05-24T00:26:36+0200,35a99b20-1361-4eb7-8009-5b844fa790cc,2026-04-30T17:15:00Z,2026-04-30T19:15:00+0200,45464.5,MW,FR,FR,forecast_load,Forecasted Load,2026-05-23T22:27:11Z
2026-05-23T22:26:36Z,2026-05-24T00:26:36+0200,35a99b20-1361-4eb7-8009-5b844fa790cc,2026-04-30T17:30:00Z,2026-04-30T19:30:00+0200,45617.0,MW,FR,FR,forecast_load,Forecasted Load,2026-05-23T22:27:11Z
2026-05-23T22:26:36Z,2026-05-24T00:26:36+0200,35a99b20-1361-4eb7-8009-5b844fa790cc,2026-04-30T17:45:00Z,2026-04-30T19:45:00+0200,45403.0,MW,FR,FR,forecast_load,Forecasted Load,2026-05-23T22:27:11Z
2026-05-23T22:26:36Z,2026-05-24T00:26:36+0200,35a99b20-1361-4eb7-8009-5b844fa790cc,2026-04-30T18:00:00Z,2026-04-30T20:00:00+0200,45189.0,MW,FR,FR,forecast_load,Forecasted Load,2026-05-23T22:27:11Z
2026-05-23T22:26:36Z,2026-05-24T00:26:36+0200,35a99b20-1361-4eb7-8009-5b844fa790cc,2026-04-30T18:15:00Z,2026-04-30T20:15:00+0200,44718.5,MW,FR,FR,forecast_load,Forecasted Load,2026-05-23T22:27:11Z
2026-05-23T22:26:36Z,2026-05-24T00:26:36+0200,35a99b20-1361-4eb7-8009-5b844fa790cc,2026-04-30T18:30:00Z,2026-04-30T20:30:00+0200,44248.0,MW,FR,FR,forecast_load,Forecasted Load,2026-05-23T22:27:11Z
2026-05-23T22:26:36Z,2026-05-24T00:26:36+0200,35a99b20-1361-4eb7-8009-5b844fa790cc,2026-04-30T18:45:00Z,2026-04-30T20:45:00+0200,44092.5,MW,FR,FR,forecast_load,Forecasted Load,2026-05-23T22:27:11Z
2026-05-23T22:26:36Z,2026-05-24T00:26:36+0200,35a99b20-1361-4eb7-8009-5b844fa790cc,2026-04-30T19:00:00Z,2026-04-30T21:00:00+0200,43937.0,MW,FR,FR,forecast_load,Forecasted Load,2026-05-23T22:27:11Z
2026-05-23T22:26:36Z,2026-05-24T00:26:36+0200,35a99b20-1361-4eb7-8009-5b844fa790cc,2026-04-30T19:15:00Z,2026-04-30T21:15:00+0200,43969.0,MW,FR,FR,forecast_load,Forecasted Load,2026-05-23T22:27:11Z
2026-05-23T22:26:36Z,2026-05-24T00:26:36+0200,35a99b20-1361-4eb7-8009-5b844fa790cc,2026-04-30T19:30:00Z,2026-04-30T21:30:00+0200,44001.0,MW,FR,FR,forecast_load,Forecasted Load,2026-05-23T22:27:11Z
2026-05-23T22:26:36Z,2026-05-24T00:26:36+0200,35a99b20-1361-4eb7-8009-5b844fa790cc,2026-04-30T19:45:00Z,2026-04-30T21:45:00+0200,43478.0,MW,FR,FR,forecast_load,Forecasted Load,2026-05-23T22:27:11Z
2026-05-23T22:26:36Z,2026-05-24T00:26:36+0200,35a99b20-1361-4eb7-8009-5b844fa790cc,2026-04-30T20:00:00Z,2026-04-30T22:00:00+0200,42955.0,MW,FR,FR,forecast_load,Forecasted Load,2026-05-23T22:27:11Z
2026-05-23T22:26:36Z,2026-05-24T00:26:36+0200,35a99b20-1361-4eb7-8009-5b844fa790cc,2026-04-30T20:15:00Z,2026-04-30T22:15:00+0200,43577.5,MW,FR,FR,forecast_load,Forecasted Load,2026-05-23T22:27:11Z
2026-05-23T22:26:36Z,2026-05-24T00:26:36+0200,35a99b20-1361-4eb7-8009-5b844fa790cc,2026-04-30T20:30:00Z,2026-04-30T22:30:00+0200,44200.0,MW,FR,FR,forecast_load,Forecasted Load,2026-05-23T22:27:11Z
2026-05-23T22:26:36Z,2026-05-24T00:26:36+0200,35a99b20-1361-4eb7-8009-5b844fa790cc,2026-04-30T20:45:00Z,2026-04-30T22:45:00+0200,44610.0,MW,FR,FR,forecast_load,Forecasted Load,2026-05-23T22:27:11Z
2026-05-23T22:26:36Z,2026-05-24T00:26:36+0200,35a99b20-1361-4eb7-8009-5b844fa790cc,2026-04-30T21:00:00Z,2026-04-30T23:00:00+0200,45020.0,MW,FR,FR,forecast_load,Forecasted Load,2026-05-23T22:27:11Z
2026-05-23T22:26:36Z,2026-05-24T00:26:36+0200,35a99b20-1361-4eb7-8009-5b844fa790cc,2026-04-30T21:15:00Z,2026-04-30T23:15:00+0200,44550.0,MW,FR,FR,forecast_load,Forecasted Load,2026-05-23T22:27:11Z
2026-05-23T22:26:36Z,2026-05-24T00:26:36+0200,35a99b20-1361-4eb7-8009-5b844fa790cc,2026-04-30T21:30:00Z,2026-04-30T23:30:00+0200,44080.0,MW,FR,FR,forecast_load,Forecasted Load,2026-05-23T22:27:11Z
2026-05-23T22:26:36Z,2026-05-24T00:26:36+0200,35a99b20-1361-4eb7-8009-5b844fa790cc,2026-04-30T21:45:00Z,2026-04-30T23:45:00+0200,43328.0,MW,FR,FR,forecast_load,Forecasted Load,2026-05-23T22:27:11Z
2026-05-23T22:26:36Z,2026-05-24T00:26:36+0200,35a99b20-1361-4eb7-8009-5b844fa790cc,2026-04-30T22:00:00Z,2026-05-01T00:00:00+0200,42844.0,MW,FR,FR,forecast_load,Forecasted Load,2026-05-23T22:27:11Z
2026-05-23T22:26:36Z,2026-05-24T00:26:36+0200,35a99b20-1361-4eb7-8009-5b844fa790cc,2026-04-30T22:15:00Z,2026-05-01T00:15:00+0200,42023.0,MW,FR,FR,forecast_load,Forecasted Load,2026-05-23T22:27:11Z
2026-05-23T22:26:36Z,2026-05-24T00:26:36+0200,35a99b20-1361-4eb7-8009-5b844fa790cc,2026-04-30T22:30:00Z,2026-05-01T00:30:00+0200,41202.0,MW,FR,FR,forecast_load,Forecasted Load,2026-05-23T22:27:11Z
2026-05-23T22:26:36Z,2026-05-24T00:26:36+0200,35a99b20-1361-4eb7-8009-5b844fa790cc,2026-04-30T22:45:00Z,2026-05-01T00:45:00+0200,40358.5,MW,FR,FR,forecast_load,Forecasted Load,2026-05-23T22:27:11Z
2026-05-23T22:26:36Z,2026-05-24T00:26:36+0200,35a99b20-1361-4eb7-8009-5b844fa790cc,2026-04-30T23:00:00Z,2026-05-01T01:00:00+0200,39515.0,MW,FR,FR,forecast_load,Forecasted Load,2026-05-23T22:27:11Z
2026-05-23T22:26:36Z,2026-05-24T00:26:36+0200,35a99b20-1361-4eb7-8009-5b844fa790cc,2026-04-30T23:15:00Z,2026-05-01T01:15:00+0200,39794.0,MW,FR,FR,forecast_load,Forecasted Load,2026-05-23T22:27:11Z
2026-05-23T22:26:36Z,2026-05-24T00:26:36+0200,35a99b20-1361-4eb7-8009-5b844fa790cc,2026-04-30T23:30:00Z,2026-05-01T01:30:00+0200,40073.0,MW,FR,FR,forecast_load,Forecasted Load,2026-05-23T22:27:11Z
2026-05-23T22:26:36Z,2026-05-24T00:26:36+0200,35a99b20-1361-4eb7-8009-5b844fa790cc,2026-04-30T23:45:00Z,2026-05-01T01:45:00+0200,39379.5,MW,FR,FR,forecast_load,Forecasted Load,2026-05-23T22:27:11Z
2026-05-23T22:26:36Z,2026-05-24T00:26:36+0200,35a99b20-1361-4eb7-8009-5b844fa790cc,2026-05-01T00:00:00Z,2026-05-01T02:00:00+0200,38686.0,MW,FR,FR,forecast_load,Forecasted Load,2026-05-23T22:27:11Z
2026-05-23T22:26:36Z,2026-05-24T00:26:36+0200,35a99b20-1361-4eb7-8009-5b844fa790cc,2026-05-01T00:15:00Z,2026-05-01T02:15:00+0200,37612.0,MW,FR,FR,forecast_load,Forecasted Load,2026-05-23T22:27:11Z
2026-05-23T22:26:36Z,2026-05-24T00:26:36+0200,35a99b20-1361-4eb7-8009-5b844fa790cc,2026-05-01T00:30:00Z,2026-05-01T02:30:00+0200,36538.0,MW,FR,FR,forecast_load,Forecasted Load,2026-05-23T22:27:11Z
2026-05-23T22:26:36Z,2026-05-24T00:26:36+0200,35a99b20-1361-4eb7-8009-5b844fa790cc,2026-05-01T00:45:00Z,2026-05-01T02:45:00+0200,35767.5,MW,FR,FR,forecast_load,Forecasted Load,2026-05-23T22:27:11Z
2026-05-23T22:26:36Z,2026-05-24T00:26:36+0200,35a99b20-1361-4eb7-8009-5b844fa790cc,2026-05-01T01:00:00Z,2026-05-01T03:00:00+0200,34997.0,MW,FR,FR,forecast_load,Forecasted Load,2026-05-23T22:27:11Z
2026-05-23T22:26:36Z,2026-05-24T00:26:36+0200,35a99b20-1361-4eb7-8009-5b844fa790cc,2026-05-01T01:15:00Z,2026-05-01T03:15:00+0200,34488.0,MW,FR,FR,forecast_load,Forecasted Load,2026-05-23T22:27:11Z
2026-05-23T22:26:36Z,2026-05-24T00:26:36+0200,35a99b20-1361-4eb7-8009-5b844fa790cc,2026-05-01T01:30:00Z,2026-05-01T03:30:00+0200,33979.0,MW,FR,FR,forecast_load,Forecasted Load,2026-05-23T22:27:11Z
2026-05-23T22:26:36Z,2026-05-24T00:26:36+0200,35a99b20-1361-4eb7-8009-5b844fa790cc,2026-05-01T01:45:00Z,2026-05-01T03:45:00+0200,33486.5,MW,FR,FR,forecast_load,Forecasted Load,2026-05-23T22:27:11Z
2026-05-23T22:26:36Z,2026-05-24T00:26:36+0200,35a99b20-1361-4eb7-8009-5b844fa790cc,2026-05-01T02:00:00Z,2026-05-01T04:00:00+0200,32994.0,MW,FR,FR,forecast_load,Forecasted Load,2026-05-23T22:27:11Z
2026-05-23T22:26:36Z,2026-05-24T00:26:36+0200,35a99b20-1361-4eb7-8009-5b844fa790cc,2026-05-01T02:15:00Z,2026-05-01T04:15:00+0200,32632.0,MW,FR,FR,forecast_load,Forecasted Load,2026-05-23T22:27:11Z
2026-05-23T22:26:36Z,2026-05-24T00:26:36+0200,35a99b20-1361-4eb7-8009-5b844fa790cc,2026-05-01T02:30:00Z,2026-05-01T04:30:00+0200,32270.0,MW,FR,FR,forecast_load,Forecasted Load,2026-05-23T22:27:11Z
2026-05-23T22:26:36Z,2026-05-24T00:26:36+0200,35a99b20-1361-4eb7-8009-5b844fa790cc,2026-05-01T02:45:00Z,2026-05-01T04:45:00+0200,32075.5,MW,FR,FR,forecast_load,Forecasted Load,2026-05-23T22:27:11Z
2026-05-23T22:26:36Z,2026-05-24T00:26:36+0200,35a99b20-1361-4eb7-8009-5b844fa790cc,2026-05-01T03:00:00Z,2026-05-01T05:00:00+0200,31881.0,MW,FR,FR,forecast_load,Forecasted Load,2026-05-23T22:27:11Z
2026-05-23T22:26:36Z,2026-05-24T00:26:36+0200,35a99b20-1361-4eb7-8009-5b844fa790cc,2026-05-01T03:15:00Z,2026-05-01T05:15:00+0200,31985.5,MW,FR,FR,forecast_load,Forecasted Load,2026-05-23T22:27:11Z
2026-05-23T22:26:36Z,2026-05-24T00:26:36+0200,35a99b20-1361-4eb7-8009-5b844fa790cc,2026-05-01T03:30:00Z,2026-05-01T05:30:00+0200,32090.0,MW,FR,FR,forecast_load,Forecasted Load,2026-05-23T22:27:11Z
2026-05-23T22:26:36Z,2026-05-24T00:26:36+0200,35a99b20-1361-4eb7-8009-5b844fa790cc,2026-05-01T03:45:00Z,2026-05-01T05:45:00+0200,32076.5,MW,FR,FR,forecast_load,Forecasted Load,2026-05-23T22:27:11Z
2026-05-23T22:26:36Z,2026-05-24T00:26:36+0200,35a99b20-1361-4eb7-8009-5b844fa790cc,2026-05-01T04:00:00Z,2026-05-01T06:00:00+0200,32063.0,MW,FR,FR,forecast_load,Forecasted Load,2026-05-23T22:27:11Z
2026-05-23T22:26:36Z,2026-05-24T00:26:36+0200,35a99b20-1361-4eb7-8009-5b844fa790cc,2026-05-01T04:15:00Z,2026-05-01T06:15:00+0200,31658.5,MW,FR,FR,forecast_load,Forecasted Load,2026-05-23T22:27:11Z
2026-05-23T22:26:36Z,2026-05-24T00:26:36+0200,35a99b20-1361-4eb7-8009-5b844fa790cc,2026-05-01T04:30:00Z,2026-05-01T06:30:00+0200,31254.0,MW,FR,FR,forecast_load,Forecasted Load,2026-05-23T22:27:11Z
2026-05-23T22:26:36Z,2026-05-24T00:26:36+0200,35a99b20-1361-4eb7-8009-5b844fa790cc,2026-05-01T04:45:00Z,2026-05-01T06:45:00+0200,31259.5,MW,FR,FR,forecast_load,Forecasted Load,2026-05-23T22:27:11Z
2026-05-23T22:26:36Z,2026-05-24T00:26:36+0200,35a99b20-1361-4eb7-8009-5b844fa790cc,2026-05-01T05:00:00Z,2026-05-01T07:00:00+0200,31265.0,MW,FR,FR,forecast_load,Forecasted Load,2026-05-23T22:27:11Z
2026-05-23T22:26:36Z,2026-05-24T00:26:36+0200,35a99b20-1361-4eb7-8009-5b844fa790cc,2026-05-01T05:15:00Z,2026-05-01T07:15:00+0200,31199.0,MW,FR,FR,forecast_load,Forecasted Load,2026-05-23T22:27:11Z
2026-05-23T22:26:36Z,2026-05-24T00:26:36+0200,35a99b20-1361-4eb7-8009-5b844fa790cc,2026-05-01T05:30:00Z,2026-05-01T07:30:00+0200,31133.0,MW,FR,FR,forecast_load,Forecasted Load,2026-05-23T22:27:11Z
2026-05-23T22:26:36Z,2026-05-24T00:26:36+0200,35a99b20-1361-4eb7-8009-5b844fa790cc,2026-05-01T05:45:00Z,2026-05-01T07:45:00+0200,31429.0,MW,FR,FR,forecast_load,Forecasted Load,2026-05-23T22:27:11Z
2026-05-23T22:26:36Z,2026-05-24T00:26:36+0200,35a99b20-1361-4eb7-8009-5b844fa790cc,2026-05-01T06:00:00Z,2026-05-01T08:00:00+0200,31725.0,MW,FR,FR,forecast_load,Forecasted Load,2026-05-23T22:27:11Z
2026-05-23T22:26:36Z,2026-05-24T00:26:36+0200,35a99b20-1361-4eb7-8009-5b844fa790cc,2026-05-01T06:15:00Z,2026-05-01T08:15:00+0200,32273.0,MW,FR,FR,forecast_load,Forecasted Load,2026-05-23T22:27:11Z
2026-05-23T22:26:36Z,2026-05-24T00:26:36+0200,35a99b20-1361-4eb7-8009-5b844fa790cc,2026-05-01T06:30:00Z,2026-05-01T08:30:00+0200,32821.0,MW,FR,FR,forecast_load,Forecasted Load,2026-05-23T22:27:11Z
2026-05-23T22:26:36Z,2026-05-24T00:26:36+0200,35a99b20-1361-4eb7-8009-5b844fa790cc,2026-05-01T06:45:00Z,2026-05-01T08:45:00+0200,33460.5,MW,FR,FR,forecast_load,Forecasted Load,2026-05-23T22:27:11Z
2026-05-23T22:26:36Z,2026-05-24T00:26:36+0200,35a99b20-1361-4eb7-8009-5b844fa790cc,2026-05-01T07:00:00Z,2026-05-01T09:00:00+0200,34100.0,MW,FR,FR,forecast_load,Forecasted Load,2026-05-23T22:27:11Z
2026-05-23T22:26:36Z,2026-05-24T00:26:36+0200,35a99b20-1361-4eb7-8009-5b844fa790cc,2026-05-01T07:15:00Z,2026-05-01T09:15:00+0200,34509.0,MW,FR,FR,forecast_load,Forecasted Load,2026-05-23T22:27:11Z
2026-05-23T22:26:36Z,2026-05-24T00:26:36+0200,35a99b20-1361-4eb7-8009-5b844fa790cc,2026-05-01T07:30:00Z,2026-05-01T09:30:00+0200,34918.0,MW,FR,FR,forecast_load,Forecasted Load,2026-05-23T22:27:11Z
2026-05-23T22:26:36Z,2026-05-24T00:26:36+0200,35a99b20-1361-4eb7-8009-5b844fa790cc,2026-05-01T07:45:00Z,2026-05-01T09:45:00+0200,35640.5,MW,FR,FR,forecast_load,Forecasted Load,2026-05-23T22:27:11Z
2026-05-23T22:26:36Z,2026-05-24T00:26:36+0200,35a99b20-1361-4eb7-8009-5b844fa790cc,2026-05-01T08:00:00Z,2026-05-01T10:00:00+0200,36363.0,MW,FR,FR,forecast_load,Forecasted Load,2026-05-23T22:27:11Z
2026-05-23T22:26:36Z,2026-05-24T00:26:36+0200,35a99b20-1361-4eb7-8009-5b844fa790cc,2026-05-01T08:15:00Z,2026-05-01T10:15:00+0200,36739.5,MW,FR,FR,forecast_load,Forecasted Load,2026-05-23T22:27:11Z
2026-05-23T22:26:36Z,2026-05-24T00:26:36+0200,35a99b20-1361-4eb7-8009-5b844fa790cc,2026-05-01T08:30:00Z,2026-05-01T10:30:00+0200,37116.0,MW,FR,FR,forecast_load,Forecasted Load,2026-05-23T22:27:11Z
2026-05-23T22:26:36Z,2026-05-24T00:26:36+0200,35a99b20-1361-4eb7-8009-5b844fa790cc,2026-05-01T08:45:00Z,2026-05-01T10:45:00+0200,36953.0,MW,FR,FR,forecast_load,Forecasted Load,2026-05-23T22:27:11Z
2026-05-23T22:26:36Z,2026-05-24T00:26:36+0200,35a99b20-1361-4eb7-8009-5b844fa790cc,2026-05-01T09:00:00Z,2026-05-01T11:00:00+0200,36790.0,MW,FR,FR,forecast_load,Forecasted Load,2026-05-23T22:27:11Z
2026-05-23T22:26:36Z,2026-05-24T00:26:36+0200,35a99b20-1361-4eb7-8009-5b844fa790cc,2026-05-01T09:15:00Z,2026-05-01T11:15:00+0200,37158.0,MW,FR,FR,forecast_load,Forecasted Load,2026-05-23T22:27:11Z
2026-05-23T22:26:36Z,2026-05-24T00:26:36+0200,35a99b20-1361-4eb7-8009-5b844fa790cc,2026-05-01T09:30:00Z,2026-05-01T11:30:00+0200,37526.0,MW,FR,FR,forecast_load,Forecasted Load,2026-05-23T22:27:11Z
2026-05-23T22:26:36Z,2026-05-24T00:26:36+0200,35a99b20-1361-4eb7-8009-5b844fa790cc,2026-05-01T09:45:00Z,2026-05-01T11:45:00+0200,38992.5,MW,FR,FR,forecast_load,Forecasted Load,2026-05-23T22:27:11Z
2026-05-23T22:26:36Z,2026-05-24T00:26:36+0200,35a99b20-1361-4eb7-8009-5b844fa790cc,2026-05-01T10:00:00Z,2026-05-01T12:00:00+0200,40459.0,MW,FR,FR,forecast_load,Forecasted Load,2026-05-23T22:27:11Z
2026-05-23T22:26:36Z,2026-05-24T00:26:36+0200,35a99b20-1361-4eb7-8009-5b844fa790cc,2026-05-01T10:15:00Z,2026-05-01T12:15:00+0200,40386.0,MW,FR,FR,forecast_load,Forecasted Load,2026-05-23T22:27:11Z
2026-05-23T22:26:36Z,2026-05-24T00:26:36+0200,35a99b20-1361-4eb7-8009-5b844fa790cc,2026-05-01T10:30:00Z,2026-05-01T12:30:00+0200,40313.0,MW,FR,FR,forecast_load,Forecasted Load,2026-05-23T22:27:11Z
2026-05-23T22:26:36Z,2026-05-24T00:26:36+0200,35a99b20-1361-4eb7-8009-5b844fa790cc,2026-05-01T10:45:00Z,2026-05-01T12:45:00+0200,40850.0,MW,FR,FR,forecast_load,Forecasted Load,2026-05-23T22:27:11Z
2026-05-23T22:26:36Z,2026-05-24T00:26:36+0200,35a99b20-1361-4eb7-8009-5b844fa790cc,2026-05-01T11:00:00Z,2026-05-01T13:00:00+0200,41387.0,MW,FR,FR,forecast_load,Forecasted Load,2026-05-23T22:27:11Z
2026-05-23T22:26:36Z,2026-05-24T00:26:36+0200,35a99b20-1361-4eb7-8009-5b844fa790cc,2026-05-01T11:15:00Z,2026-05-01T13:15:00+0200,40244.0,MW,FR,FR,forecast_load,Forecasted Load,2026-05-23T22:27:11Z
2026-05-23T22:26:36Z,2026-05-24T00:26:36+0200,35a99b20-1361-4eb7-8009-5b844fa790cc,2026-05-01T11:30:00Z,2026-05-01T13:30:00+0200,39101.0,MW,FR,FR,forecast_load,Forecasted Load,2026-05-23T22:27:11Z
2026-05-23T22:26:36Z,2026-05-24T00:26:36+0200,35a99b20-1361-4eb7-8009-5b844fa790cc,2026-05-01T11:45:00Z,2026-05-01T13:45:00+0200,38431.5,MW,FR,FR,forecast_load,Forecasted Load,2026-05-23T22:27:11Z
2026-05-23T22:26:36Z,2026-05-24T00:26:36+0200,35a99b20-1361-4eb7-8009-5b844fa790cc,2026-05-01T12:00:00Z,2026-05-01T14:00:00+0200,37762.0,MW,FR,FR,forecast_load,Forecasted Load,2026-05-23T22:27:11Z
2026-05-23T22:26:36Z,2026-05-24T00:26:36+0200,35a99b20-1361-4eb7-8009-5b844fa790cc,2026-05-01T12:15:00Z,2026-05-01T14:15:00+0200,38366.0,MW,FR,FR,forecast_load,Forecasted Load,2026-05-23T22:27:11Z
2026-05-23T22:26:36Z,2026-05-24T00:26:36+0200,35a99b20-1361-4eb7-8009-5b844fa790cc,2026-05-01T12:30:00Z,2026-05-01T14:30:00+0200,38970.0,MW,FR,FR,forecast_load,Forecasted Load,2026-05-23T22:27:11Z
2026-05-23T22:26:36Z,2026-05-24T00:26:36+0200,35a99b20-1361-4eb7-8009-5b844fa790cc,2026-05-01T12:45:00Z,2026-05-01T14:45:00+0200,38598.0,MW,FR,FR,forecast_load,Forecasted Load,2026-05-23T22:27:11Z
2026-05-23T22:26:36Z,2026-05-24T00:26:36+0200,35a99b20-1361-4eb7-8009-5b844fa790cc,2026-05-01T13:00:00Z,2026-05-01T15:00:00+0200,38226.0,MW,FR,FR,forecast_load,Forecasted Load,2026-05-23T22:27:11Z
2026-05-23T22:26:36Z,2026-05-24T00:26:36+0200,35a99b20-1361-4eb7-8009-5b844fa790cc,2026-05-01T13:15:00Z,2026-05-01T15:15:00+0200,37639.0,MW,FR,FR,forecast_load,Forecasted Load,2026-05-23T22:27:11Z
2026-05-23T22:26:36Z,2026-05-24T00:26:36+0200,35a99b20-1361-4eb7-8009-5b844fa790cc,2026-05-01T13:30:00Z,2026-05-01T15:30:00+0200,37052.0,MW,FR,FR,forecast_load,Forecasted Load,2026-05-23T22:27:11Z
2026-05-23T22:26:36Z,2026-05-24T00:26:36+0200,35a99b20-1361-4eb7-8009-5b844fa790cc,2026-05-01T13:45:00Z,2026-05-01T15:45:00+0200,36317.0,MW,FR,FR,forecast_load,Forecasted Load,2026-05-23T22:27:11Z
2026-05-23T22:26:36Z,2026-05-24T00:26:36+0200,35a99b20-1361-4eb7-8009-5b844fa790cc,2026-05-01T14:00:00Z,2026-05-01T16:00:00+0200,35582.0,MW,FR,FR,forecast_load,Forecasted Load,2026-05-23T22:27:11Z
2026-05-23T22:26:36Z,2026-05-24T00:26:36+0200,35a99b20-1361-4eb7-8009-5b844fa790cc,2026-05-01T14:15:00Z,2026-05-01T16:15:00+0200,35010.0,MW,FR,FR,forecast_load,Forecasted Load,2026-05-23T22:27:11Z
2026-05-23T22:26:36Z,2026-05-24T00:26:36+0200,35a99b20-1361-4eb7-8009-5b844fa790cc,2026-05-01T14:30:00Z,2026-05-01T16:30:00+0200,34438.0,MW,FR,FR,forecast_load,Forecasted Load,2026-05-23T22:27:11Z
2026-05-23T22:26:36Z,2026-05-24T00:26:36+0200,35a99b20-1361-4eb7-8009-5b844fa790cc,2026-05-01T14:45:00Z,2026-05-01T16:45:00+0200,33931.0,MW,FR,FR,forecast_load,Forecasted Load,2026-05-23T22:27:11Z
2026-05-23T22:26:36Z,2026-05-24T00:26:36+0200,35a99b20-1361-4eb7-8009-5b844fa790cc,2026-05-01T15:00:00Z,2026-05-01T17:00:00+0200,33424.0,MW,FR,FR,forecast_load,Forecasted Load,2026-05-23T22:27:11Z
2026-05-23T22:26:36Z,2026-05-24T00:26:36+0200,35a99b20-1361-4eb7-8009-5b844fa790cc,2026-05-01T15:15:00Z,2026-05-01T17:15:00+0200,33914.0,MW,FR,FR,forecast_load,Forecasted Load,2026-05-23T22:27:11Z
2026-05-23T22:26:36Z,2026-05-24T00:26:36+0200,35a99b20-1361-4eb7-8009-5b844fa790cc,2026-05-01T15:30:00Z,2026-05-01T17:30:00+0200,34404.0,MW,FR,FR,forecast_load,Forecasted Load,2026-05-23T22:27:11Z
2026-05-23T22:26:36Z,2026-05-24T00:26:36+0200,35a99b20-1361-4eb7-8009-5b844fa790cc,2026-05-01T15:45:00Z,2026-05-01T17:45:00+0200,34812.5,MW,FR,FR,forecast_load,Forecasted Load,2026-05-23T22:27:11Z
2026-05-23T22:26:36Z,2026-05-24T00:26:36+0200,35a99b20-1361-4eb7-8009-5b844fa790cc,2026-05-01T16:00:00Z,2026-05-01T18:00:00+0200,35221.0,MW,FR,FR,forecast_load,Forecasted Load,2026-05-23T22:27:11Z
2026-05-23T22:26:36Z,2026-05-24T00:26:36+0200,35a99b20-1361-4eb7-8009-5b844fa790cc,2026-05-01T16:15:00Z,2026-05-01T18:15:00+0200,35814.5,MW,FR,FR,forecast_load,Forecasted Load,2026-05-23T22:27:11Z
2026-05-23T22:26:36Z,2026-05-24T00:26:36+0200,35a99b20-1361-4eb7-8009-5b844fa790cc,2026-05-01T16:30:00Z,2026-05-01T18:30:00+0200,36408.0,MW,FR,FR,forecast_load,Forecasted Load,2026-05-23T22:27:11Z
2026-05-23T22:26:36Z,2026-05-24T00:26:36+0200,35a99b20-1361-4eb7-8009-5b844fa790cc,2026-05-01T16:45:00Z,2026-05-01T18:45:00+0200,37212.0,MW,FR,FR,forecast_load,Forecasted Load,2026-05-23T22:27:11Z
2026-05-23T22:26:36Z,2026-05-24T00:26:36+0200,35a99b20-1361-4eb7-8009-5b844fa790cc,2026-05-01T17:00:00Z,2026-05-01T19:00:00+0200,38016.0,MW,FR,FR,forecast_load,Forecasted Load,2026-05-23T22:27:11Z
2026-05-23T22:26:36Z,2026-05-24T00:26:36+0200,35a99b20-1361-4eb7-8009-5b844fa790cc,2026-05-01T17:15:00Z,2026-05-01T19:15:00+0200,38388.5,MW,FR,FR,forecast_load,Forecasted Load,2026-05-23T22:27:11Z
2026-05-23T22:26:36Z,2026-05-24T00:26:36+0200,35a99b20-1361-4eb7-8009-5b844fa790cc,2026-05-01T17:30:00Z,2026-05-01T19:30:00+0200,38761.0,MW,FR,FR,forecast_load,Forecasted Load,2026-05-23T22:27:11Z
2026-05-23T22:26:36Z,2026-05-24T00:26:36+0200,35a99b20-1361-4eb7-8009-5b844fa790cc,2026-05-01T17:45:00Z,2026-05-01T19:45:00+0200,38665.5,MW,FR,FR,forecast_load,Forecasted Load,2026-05-23T22:27:11Z
2026-05-23T22:26:36Z,2026-05-24T00:26:36+0200,35a99b20-1361-4eb7-8009-5b844fa790cc,2026-05-01T18:00:00Z,2026-05-01T20:00:00+0200,38570.0,MW,FR,FR,forecast_load,Forecasted Load,2026-05-23T22:27:11Z
2026-05-23T22:26:36Z,2026-05-24T00:26:36+0200,35a99b20-1361-4eb7-8009-5b844fa790cc,2026-05-01T18:15:00Z,2026-05-01T20:15:00+0200,38156.0,MW,FR,FR,forecast_load,Forecasted Load,2026-05-23T22:27:11Z
2026-05-23T22:26:36Z,2026-05-24T00:26:36+0200,35a99b20-1361-4eb7-8009-5b844fa790cc,2026-05-01T18:30:00Z,2026-05-01T20:30:00+0200,37742.0,MW,FR,FR,forecast_load,Forecasted Load,2026-05-23T22:27:11Z
2026-05-23T22:26:36Z,2026-05-24T00:26:36+0200,35a99b20-1361-4eb7-8009-5b844fa790cc,2026-05-01T18:45:00Z,2026-05-01T20:45:00+0200,38269.5,MW,FR,FR,forecast_load,Forecasted Load,2026-05-23T22:27:11Z
2026-05-23T22:26:36Z,2026-05-24T00:26:36+0200,35a99b20-1361-4eb7-8009-5b844fa790cc,2026-05-01T19:00:00Z,2026-05-01T21:00:00+0200,38797.0,MW,FR,FR,forecast_load,Forecasted Load,2026-05-23T22:27:11Z
2026-05-23T22:26:36Z,2026-05-24T00:26:36+0200,35a99b20-1361-4eb7-8009-5b844fa790cc,2026-05-01T19:15:00Z,2026-05-01T21:15:00+0200,38996.5,MW,FR,FR,forecast_load,Forecasted Load,2026-05-23T22:27:11Z
2026-05-23T22:26:36Z,2026-05-24T00:26:36+0200,35a99b20-1361-4eb7-8009-5b844fa790cc,2026-05-01T19:30:00Z,2026-05-01T21:30:00+0200,39196.0,MW,FR,FR,forecast_load,Forecasted Load,2026-05-23T22:27:11Z
2026-05-23T22:26:36Z,2026-05-24T00:26:36+0200,35a99b20-1361-4eb7-8009-5b844fa790cc,2026-05-01T19:45:00Z,2026-05-01T21:45:00+0200,39071.5,MW,FR,FR,forecast_load,Forecasted Load,2026-05-23T22:27:11Z
2026-05-23T22:26:36Z,2026-05-24T00:26:36+0200,35a99b20-1361-4eb7-8009-5b844fa790cc,2026-05-01T20:00:00Z,2026-05-01T22:00:00+0200,38947.0,MW,FR,FR,forecast_load,Forecasted Load,2026-05-23T22:27:11Z
2026-05-23T22:26:36Z,2026-05-24T00:26:36+0200,35a99b20-1361-4eb7-8009-5b844fa790cc,2026-05-01T20:15:00Z,2026-05-01T22:15:00+0200,39269.5,MW,FR,FR,forecast_load,Forecasted Load,2026-05-23T22:27:11Z
2026-05-23T22:26:36Z,2026-05-24T00:26:36+0200,35a99b20-1361-4eb7-8009-5b844fa790cc,2026-05-01T20:30:00Z,2026-05-01T22:30:00+0200,39592.0,MW,FR,FR,forecast_load,Forecasted Load,2026-05-23T22:27:11Z
2026-05-23T22:26:36Z,2026-05-24T00:26:36+0200,35a99b20-1361-4eb7-8009-5b844fa790cc,2026-05-01T20:45:00Z,2026-05-01T22:45:00+0200,40283.0,MW,FR,FR,forecast_load,Forecasted Load,2026-05-23T22:27:11Z
2026-05-23T22:26:36Z,2026-05-24T00:26:36+0200,35a99b20-1361-4eb7-8009-5b844fa790cc,2026-05-01T21:00:00Z,2026-05-01T23:00:00+0200,40974.0,MW,FR,FR,forecast_load,Forecasted Load,2026-05-23T22:27:11Z
2026-05-23T22:26:36Z,2026-05-24T00:26:36+0200,35a99b20-1361-4eb7-8009-5b844fa790cc,2026-05-01T21:15:00Z,2026-05-01T23:15:00+0200,40629.0,MW,FR,FR,forecast_load,Forecasted Load,2026-05-23T22:27:11Z
2026-05-23T22:26:36Z,2026-05-24T00:26:36+0200,35a99b20-1361-4eb7-8009-5b844fa790cc,2026-05-01T21:30:00Z,2026-05-01T23:30:00+0200,40284.0,MW,FR,FR,forecast_load,Forecasted Load,2026-05-23T22:27:11Z
2026-05-23T22:26:36Z,2026-05-24T00:26:36+0200,35a99b20-1361-4eb7-8009-5b844fa790cc,2026-05-01T21:45:00Z,2026-05-01T23:45:00+0200,39970.0,MW,FR,FR,forecast_load,Forecasted Load,2026-05-23T22:27:11Z
2026-05-23T22:26:36Z,2026-05-24T00:26:36+0200,35a99b20-1361-4eb7-8009-5b844fa790cc,2026-05-01T22:00:00Z,2026-05-02T00:00:00+0200,39600.0,MW,FR,FR,forecast_load,Forecasted Load,2026-05-23T22:27:11Z
2026-05-23T22:26:36Z,2026-05-24T00:26:36+0200,35a99b20-1361-4eb7-8009-5b844fa790cc,2026-05-01T22:15:00Z,2026-05-02T00:15:00+0200,38800.0,MW,FR,FR,forecast_load,Forecasted Load,2026-05-23T22:27:11Z
2026-05-23T22:26:36Z,2026-05-24T00:26:36+0200,35a99b20-1361-4eb7-8009-5b844fa790cc,2026-05-01T22:30:00Z,2026-05-02T00:30:00+0200,38000.0,MW,FR,FR,forecast_load,Forecasted Load,2026-05-23T22:27:11Z
2026-05-23T22:26:36Z,2026-05-24T00:26:36+0200,35a99b20-1361-4eb7-8009-5b844fa790cc,2026-05-01T22:45:00Z,2026-05-02T00:45:00+0200,37350.0,MW,FR,FR,forecast_load,Forecasted Load,2026-05-23T22:27:11Z
2026-05-23T22:26:36Z,2026-05-24T00:26:36+0200,35a99b20-1361-4eb7-8009-5b844fa790cc,2026-05-01T23:00:00Z,2026-05-02T01:00:00+0200,36700.0,MW,FR,FR,forecast_load,Forecasted Load,2026-05-23T22:27:11Z
2026-05-23T22:26:36Z,2026-05-24T00:26:36+0200,35a99b20-1361-4eb7-8009-5b844fa790cc,2026-05-01T23:15:00Z,2026-05-02T01:15:00+0200,36950.0,MW,FR,FR,forecast_load,Forecasted Load,2026-05-23T22:27:11Z
2026-05-23T22:26:36Z,2026-05-24T00:26:36+0200,35a99b20-1361-4eb7-8009-5b844fa790cc,2026-05-01T23:30:00Z,2026-05-02T01:30:00+0200,37200.0,MW,FR,FR,forecast_load,Forecasted Load,2026-05-23T22:27:11Z
2026-05-23T22:26:36Z,2026-05-24T00:26:36+0200,35a99b20-1361-4eb7-8009-5b844fa790cc,2026-05-01T23:45:00Z,2026-05-02T01:45:00+0200,36650.0,MW,FR,FR,forecast_load,Forecasted Load,2026-05-23T22:27:11Z
2026-05-23T22:26:36Z,2026-05-24T00:26:36+0200,35a99b20-1361-4eb7-8009-5b844fa790cc,2026-05-02T00:00:00Z,2026-05-02T02:00:00+0200,36100.0,MW,FR,FR,forecast_load,Forecasted Load,2026-05-23T22:27:11Z
2026-05-23T22:26:36Z,2026-05-24T00:26:36+0200,35a99b20-1361-4eb7-8009-5b844fa790cc,2026-05-02T00:15:00Z,2026-05-02T02:15:00+0200,35450.0,MW,FR,FR,forecast_load,Forecasted Load,2026-05-23T22:27:11Z
2026-05-23T22:26:36Z,2026-05-24T00:26:36+0200,35a99b20-1361-4eb7-8009-5b844fa790cc,2026-05-02T00:30:00Z,2026-05-02T02:30:00+0200,34800.0,MW,FR,FR,forecast_load,Forecasted Load,2026-05-23T22:27:11Z
2026-05-23T22:26:36Z,2026-05-24T00:26:36+0200,35a99b20-1361-4eb7-8009-5b844fa790cc,2026-05-02T00:45:00Z,2026-05-02T02:45:00+0200,34200.0,MW,FR,FR,forecast_load,Forecasted Load,2026-05-23T22:27:11Z
2026-05-23T22:26:36Z,2026-05-24T00:26:36+0200,35a99b20-1361-4eb7-8009-5b844fa790cc,2026-05-02T01:00:00Z,2026-05-02T03:00:00+0200,33600.0,MW,FR,FR,forecast_load,Forecasted Load,2026-05-23T22:27:11Z
2026-05-23T22:26:36Z,2026-05-24T00:26:36+0200,35a99b20-1361-4eb7-8009-5b844fa790cc,2026-05-02T01:15:00Z,2026-05-02T03:15:00+0200,33200.0,MW,FR,FR,forecast_load,Forecasted Load,2026-05-23T22:27:11Z
2026-05-23T22:26:36Z,2026-05-24T00:26:36+0200,35a99b20-1361-4eb7-8009-5b844fa790cc,2026-05-02T01:30:00Z,2026-05-02T03:30:00+0200,32800.0,MW,FR,FR,forecast_load,Forecasted Load,2026-05-23T22:27:11Z
2026-05-23T22:26:36Z,2026-05-24T00:26:36+0200,35a99b20-1361-4eb7-8009-5b844fa790cc,2026-05-02T01:45:00Z,2026-05-02T03:45:00+0200,32550.0,MW,FR,FR,forecast_load,Forecasted Load,2026-05-23T22:27:11Z
2026-05-23T22:26:36Z,2026-05-24T00:26:36+0200,35a99b20-1361-4eb7-8009-5b844fa790cc,2026-05-02T02:00:00Z,2026-05-02T04:00:00+0200,32300.0,MW,FR,FR,forecast_load,Forecasted Load,2026-05-23T22:27:11Z
2026-05-23T22:26:36Z,2026-05-24T00:26:36+0200,35a99b20-1361-4eb7-8009-5b844fa790cc,2026-05-02T02:15:00Z,2026-05-02T04:15:00+0200,32200.0,MW,FR,FR,forecast_load,Forecasted Load,2026-05-23T22:27:11Z
2026-05-23T22:26:36Z,2026-05-24T00:26:36+0200,35a99b20-1361-4eb7-8009-5b844fa790cc,2026-05-02T02:30:00Z,2026-05-02T04:30:00+0200,32100.0,MW,FR,FR,forecast_load,Forecasted Load,2026-05-23T22:27:11Z
2026-05-23T22:26:36Z,2026-05-24T00:26:36+0200,35a99b20-1361-4eb7-8009-5b844fa790cc,2026-05-02T02:45:00Z,2026-05-02T04:45:00+0200,32050.0,MW,FR,FR,forecast_load,Forecasted Load,2026-05-23T22:27:11Z
2026-05-23T22:26:36Z,2026-05-24T00:26:36+0200,35a99b20-1361-4eb7-8009-5b844fa790cc,2026-05-02T03:00:00Z,2026-05-02T05:00:00+0200,32000.0,MW,FR,FR,forecast_load,Forecasted Load,2026-05-23T22:27:11Z
2026-05-23T22:26:36Z,2026-05-24T00:26:36+0200,35a99b20-1361-4eb7-8009-5b844fa790cc,2026-05-02T03:15:00Z,2026-05-02T05:15:00+0200,32300.0,MW,FR,FR,forecast_load,Forecasted Load,2026-05-23T22:27:11Z
2026-05-23T22:26:36Z,2026-05-24T00:26:36+0200,35a99b20-1361-4eb7-8009-5b844fa790cc,2026-05-02T03:30:00Z,2026-05-02T05:30:00+0200,32600.0,MW,FR,FR,forecast_load,Forecasted Load,2026-05-23T22:27:11Z
2026-05-23T22:26:36Z,2026-05-24T00:26:36+0200,35a99b20-1361-4eb7-8009-5b844fa790cc,2026-05-02T03:45:00Z,2026-05-02T05:45:00+0200,32950.0,MW,FR,FR,forecast_load,Forecasted Load,2026-05-23T22:27:11Z
2026-05-23T22:26:36Z,2026-05-24T00:26:36+0200,35a99b20-1361-4eb7-8009-5b844fa790cc,2026-05-02T04:00:00Z,2026-05-02T06:00:00+0200,33300.0,MW,FR,FR,forecast_load,Forecasted Load,2026-05-23T22:27:11Z
2026-05-23T22:26:36Z,2026-05-24T00:26:36+0200,35a99b20-1361-4eb7-8009-5b844fa790cc,2026-05-02T04:15:00Z,2026-05-02T06:15:00+0200,33500.0,MW,FR,FR,forecast_load,Forecasted Load,2026-05-23T22:27:11Z
2026-05-23T22:26:36Z,2026-05-24T00:26:36+0200,35a99b20-1361-4eb7-8009-5b844fa790cc,2026-05-02T04:30:00Z,2026-05-02T06:30:00+0200,33700.0,MW,FR,FR,forecast_load,Forecasted Load,2026-05-23T22:27:11Z
2026-05-23T22:26:36Z,2026-05-24T00:26:36+0200,35a99b20-1361-4eb7-8009-5b844fa790cc,2026-05-02T04:45:00Z,2026-05-02T06:45:00+0200,34050.0,MW,FR,FR,forecast_load,Forecasted Load,2026-05-23T22:27:11Z
2026-05-23T22:26:36Z,2026-05-24T00:26:36+0200,35a99b20-1361-4eb7-8009-5b844fa790cc,2026-05-02T05:00:00Z,2026-05-02T07:00:00+0200,34400.0,MW,FR,FR,forecast_load,Forecasted Load,2026-05-23T22:27:11Z
2026-05-23T22:26:36Z,2026-05-24T00:26:36+0200,35a99b20-1361-4eb7-8009-5b844fa790cc,2026-05-02T05:15:00Z,2026-05-02T07:15:00+0200,34600.0,MW,FR,FR,forecast_load,Forecasted Load,2026-05-23T22:27:11Z
2026-05-23T22:26:36Z,2026-05-24T00:26:36+0200,35a99b20-1361-4eb7-8009-5b844fa790cc,2026-05-02T05:30:00Z,2026-05-02T07:30:00+0200,34800.0,MW,FR,FR,forecast_load,Forecasted Load,2026-05-23T22:27:11Z
2026-05-23T22:26:36Z,2026-05-24T00:26:36+0200,35a99b20-1361-4eb7-8009-5b844fa790cc,2026-05-02T05:45:00Z,2026-05-02T07:45:00+0200,35150.0,MW,FR,FR,forecast_load,Forecasted Load,2026-05-23T22:27:11Z
2026-05-23T22:26:36Z,2026-05-24T00:26:36+0200,35a99b20-1361-4eb7-8009-5b844fa790cc,2026-05-02T06:00:00Z,2026-05-02T08:00:00+0200,35500.0,MW,FR,FR,forecast_load,Forecasted Load,2026-05-23T22:27:11Z
2026-05-23T22:26:36Z,2026-05-24T00:26:36+0200,35a99b20-1361-4eb7-8009-5b844fa790cc,2026-05-02T06:15:00Z,2026-05-02T08:15:00+0200,35950.0,MW,FR,FR,forecast_load,Forecasted Load,2026-05-23T22:27:11Z
2026-05-23T22:26:36Z,2026-05-24T00:26:36+0200,35a99b20-1361-4eb7-8009-5b844fa790cc,2026-05-02T06:30:00Z,2026-05-02T08:30:00+0200,36400.0,MW,FR,FR,forecast_load,Forecasted Load,2026-05-23T22:27:11Z
2026-05-23T22:26:36Z,2026-05-24T00:26:36+0200,35a99b20-1361-4eb7-8009-5b844fa790cc,2026-05-02T06:45:00Z,2026-05-02T08:45:00+0200,36800.0,MW,FR,FR,forecast_load,Forecasted Load,2026-05-23T22:27:11Z
2026-05-23T22:26:36Z,2026-05-24T00:26:36+0200,35a99b20-1361-4eb7-8009-5b844fa790cc,2026-05-02T07:00:00Z,2026-05-02T09:00:00+0200,37200.0,MW,FR,FR,forecast_load,Forecasted Load,2026-05-23T22:27:11Z
2026-05-23T22:26:36Z,2026-05-24T00:26:36+0200,35a99b20-1361-4eb7-8009-5b844fa790cc,2026-05-02T07:15:00Z,2026-05-02T09:15:00+0200,37550.0,MW,FR,FR,forecast_load,Forecasted Load,2026-05-23T22:27:11Z
2026-05-23T22:26:36Z,2026-05-24T00:26:36+0200,35a99b20-1361-4eb7-8009-5b844fa790cc,2026-05-02T07:30:00Z,2026-05-02T09:30:00+0200,37900.0,MW,FR,FR,forecast_load,Forecasted Load,2026-05-23T22:27:11Z
2026-05-23T22:26:36Z,2026-05-24T00:26:36+0200,35a99b20-1361-4eb7-8009-5b844fa790cc,2026-05-02T07:45:00Z,2026-05-02T09:45:00+0200,38150.0,MW,FR,FR,forecast_load,Forecasted Load,2026-05-23T22:27:11Z
2026-05-23T22:26:36Z,2026-05-24T00:26:36+0200,35a99b20-1361-4eb7-8009-5b844fa790cc,2026-05-02T08:00:00Z,2026-05-02T10:00:00+0200,38400.0,MW,FR,FR,forecast_load,Forecasted Load,2026-05-23T22:27:11Z
2026-05-23T22:26:36Z,2026-05-24T00:26:36+0200,35a99b20-1361-4eb7-8009-5b844fa790cc,2026-05-02T08:15:00Z,2026-05-02T10:15:00+0200,38950.0,MW,FR,FR,forecast_load,Forecasted Load,2026-05-23T22:27:11Z
2026-05-23T22:26:36Z,2026-05-24T00:26:36+0200,35a99b20-1361-4eb7-8009-5b844fa790cc,2026-05-02T08:30:00Z,2026-05-02T10:30:00+0200,39500.0,MW,FR,FR,forecast_load,Forecasted Load,2026-05-23T22:27:11Z
2026-05-23T22:26:36Z,2026-05-24T00:26:36+0200,35a99b20-1361-4eb7-8009-5b844fa790cc,2026-05-02T08:45:00Z,2026-05-02T10:45:00+0200,39650.0,MW,FR,FR,forecast_load,Forecasted Load,2026-05-23T22:27:11Z
2026-05-23T22:26:36Z,2026-05-24T00:26:36+0200,35a99b20-1361-4eb7-8009-5b844fa790cc,2026-05-02T09:00:00Z,2026-05-02T11:00:00+0200,39800.0,MW,FR,FR,forecast_load,Forecasted Load,2026-05-23T22:27:11Z
2026-05-23T22:26:36Z,2026-05-24T00:26:36+0200,35a99b20-1361-4eb7-8009-5b844fa790cc,2026-05-02T09:15:00Z,2026-05-02T11:15:00+0200,40000.0,MW,FR,FR,forecast_load,Forecasted Load,2026-05-23T22:27:11Z
2026-05-23T22:26:36Z,2026-05-24T00:26:36+0200,35a99b20-1361-4eb7-8009-5b844fa790cc,2026-05-02T09:30:00Z,2026-05-02T11:30:00+0200,40200.0,MW,FR,FR,forecast_load,Forecasted Load,2026-05-23T22:27:11Z
2026-05-23T22:26:36Z,2026-05-24T00:26:36+0200,35a99b20-1361-4eb7-8009-5b844fa790cc,2026-05-02T09:45:00Z,2026-05-02T11:45:00+0200,40900.0,MW,FR,FR,forecast_load,Forecasted Load,2026-05-23T22:27:11Z
2026-05-23T22:26:36Z,2026-05-24T00:26:36+0200,35a99b20-1361-4eb7-8009-5b844fa790cc,2026-05-02T10:00:00Z,2026-05-02T12:00:00+0200,41600.0,MW,FR,FR,forecast_load,Forecasted Load,2026-05-23T22:27:11Z
2026-05-23T22:26:36Z,2026-05-24T00:26:36+0200,35a99b20-1361-4eb7-8009-5b844fa790cc,2026-05-02T10:15:00Z,2026-05-02T12:15:00+0200,41600.0,MW,FR,FR,forecast_load,Forecasted Load,2026-05-23T22:27:11Z
2026-05-23T22:26:36Z,2026-05-24T00:26:36+0200,35a99b20-1361-4eb7-8009-5b844fa790cc,2026-05-02T10:30:00Z,2026-05-02T12:30:00+0200,41600.0,MW,FR,FR,forecast_load,Forecasted Load,2026-05-23T22:27:11Z
2026-05-23T22:26:36Z,2026-05-24T00:26:36+0200,35a99b20-1361-4eb7-8009-5b844fa790cc,2026-05-02T10:45:00Z,2026-05-02T12:45:00+0200,42150.0,MW,FR,FR,forecast_load,Forecasted Load,2026-05-23T22:27:11Z
2026-05-23T22:26:36Z,2026-05-24T00:26:36+0200,35a99b20-1361-4eb7-8009-5b844fa790cc,2026-05-02T11:00:00Z,2026-05-02T13:00:00+0200,42700.0,MW,FR,FR,forecast_load,Forecasted Load,2026-05-23T22:27:11Z
2026-05-23T22:26:36Z,2026-05-24T00:26:36+0200,35a99b20-1361-4eb7-8009-5b844fa790cc,2026-05-02T11:15:00Z,2026-05-02T13:15:00+0200,41550.0,MW,FR,FR,forecast_load,Forecasted Load,2026-05-23T22:27:11Z
2026-05-23T22:26:36Z,2026-05-24T00:26:36+0200,35a99b20-1361-4eb7-8009-5b844fa790cc,2026-05-02T11:30:00Z,2026-05-02T13:30:00+0200,40400.0,MW,FR,FR,forecast_load,Forecasted Load,2026-05-23T22:27:11Z
2026-05-23T22:26:36Z,2026-05-24T00:26:36+0200,35a99b20-1361-4eb7-8009-5b844fa790cc,2026-05-02T11:45:00Z,2026-05-02T13:45:00+0200,40000.0,MW,FR,FR,forecast_load,Forecasted Load,2026-05-23T22:27:11Z
2026-05-23T22:26:36Z,2026-05-24T00:26:36+0200,35a99b20-1361-4eb7-8009-5b844fa790cc,2026-05-02T12:00:00Z,2026-05-02T14:00:00+0200,39600.0,MW,FR,FR,forecast_load,Forecasted Load,2026-05-23T22:27:11Z
2026-05-23T22:26:36Z,2026-05-24T00:26:36+0200,35a99b20-1361-4eb7-8009-5b844fa790cc,2026-05-02T12:15:00Z,2026-05-02T14:15:00+0200,40000.0,MW,FR,FR,forecast_load,Forecasted Load,2026-05-23T22:27:11Z
2026-05-23T22:26:36Z,2026-05-24T00:26:36+0200,35a99b20-1361-4eb7-8009-5b844fa790cc,2026-05-02T12:30:00Z,2026-05-02T14:30:00+0200,40400.0,MW,FR,FR,forecast_load,Forecasted Load,2026-05-23T22:27:11Z
2026-05-23T22:26:36Z,2026-05-24T00:26:36+0200,35a99b20-1361-4eb7-8009-5b844fa790cc,2026-05-02T12:45:00Z,2026-05-02T14:45:00+0200,39800.0,MW,FR,FR,forecast_load,Forecasted Load,2026-05-23T22:27:11Z
2026-05-23T22:26:36Z,2026-05-24T00:26:36+0200,35a99b20-1361-4eb7-8009-5b844fa790cc,2026-05-02T13:00:00Z,2026-05-02T15:00:00+0200,39200.0,MW,FR,FR,forecast_load,Forecasted Load,2026-05-23T22:27:11Z
2026-05-23T22:26:36Z,2026-05-24T00:26:36+0200,35a99b20-1361-4eb7-8009-5b844fa790cc,2026-05-02T13:15:00Z,2026-05-02T15:15:00+0200,38800.0,MW,FR,FR,forecast_load,Forecasted Load,2026-05-23T22:27:11Z
2026-05-23T22:26:36Z,2026-05-24T00:26:36+0200,35a99b20-1361-4eb7-8009-5b844fa790cc,2026-05-02T13:30:00Z,2026-05-02T15:30:00+0200,38400.0,MW,FR,FR,forecast_load,Forecasted Load,2026-05-23T22:27:11Z
2026-05-23T22:26:36Z,2026-05-24T00:26:36+0200,35a99b20-1361-4eb7-8009-5b844fa790cc,2026-05-02T13:45:00Z,2026-05-02T15:45:00+0200,37900.0,MW,FR,FR,forecast_load,Forecasted Load,2026-05-23T22:27:11Z
2026-05-23T22:26:36Z,2026-05-24T00:26:36+0200,35a99b20-1361-4eb7-8009-5b844fa790cc,2026-05-02T14:00:00Z,2026-05-02T16:00:00+0200,37400.0,MW,FR,FR,forecast_load,Forecasted Load,2026-05-23T22:27:11Z
2026-05-23T22:26:36Z,2026-05-24T00:26:36+0200,35a99b20-1361-4eb7-8009-5b844fa790cc,2026-05-02T14:15:00Z,2026-05-02T16:15:00+0200,37150.0,MW,FR,FR,forecast_load,Forecasted Load,2026-05-23T22:27:11Z
2026-05-23T22:26:36Z,2026-05-24T00:26:36+0200,35a99b20-1361-4eb7-8009-5b844fa790cc,2026-05-02T14:30:00Z,2026-05-02T16:30:00+0200,36900.0,MW,FR,FR,forecast_load,Forecasted Load,2026-05-23T22:27:11Z
2026-05-23T22:26:36Z,2026-05-24T00:26:36+0200,35a99b20-1361-4eb7-8009-5b844fa790cc,2026-05-02T14:45:00Z,2026-05-02T16:45:00+0200,36700.0,MW,FR,FR,forecast_load,Forecasted Load,2026-05-23T22:27:11Z
2026-05-23T22:26:36Z,2026-05-24T00:26:36+0200,35a99b20-1361-4eb7-8009-5b844fa790cc,2026-05-02T15:00:00Z,2026-05-02T17:00:00+0200,36500.0,MW,FR,FR,forecast_load,Forecasted Load,2026-05-23T22:27:11Z
2026-05-23T22:26:36Z,2026-05-24T00:26:36+0200,35a99b20-1361-4eb7-8009-5b844fa790cc,2026-05-02T15:15:00Z,2026-05-02T17:15:00+0200,36700.0,MW,FR,FR,forecast_load,Forecasted Load,2026-05-23T22:27:11Z
2026-05-23T22:26:36Z,2026-05-24T00:26:36+0200,35a99b20-1361-4eb7-8009-5b844fa790cc,2026-05-02T15:30:00Z,2026-05-02T17:30:00+0200,36900.0,MW,FR,FR,forecast_load,Forecasted Load,2026-05-23T22:27:11Z
2026-05-23T22:26:36Z,2026-05-24T00:26:36+0200,35a99b20-1361-4eb7-8009-5b844fa790cc,2026-05-02T15:45:00Z,2026-05-02T17:45:00+0200,37200.0,MW,FR,FR,forecast_load,Forecasted Load,2026-05-23T22:27:11Z
2026-05-23T22:26:36Z,2026-05-24T00:26:36+0200,35a99b20-1361-4eb7-8009-5b844fa790cc,2026-05-02T16:00:00Z,2026-05-02T18:00:00+0200,37500.0,MW,FR,FR,forecast_load,Forecasted Load,2026-05-23T22:27:11Z
2026-05-23T22:26:36Z,2026-05-24T00:26:36+0200,35a99b20-1361-4eb7-8009-5b844fa790cc,2026-05-02T16:15:00Z,2026-05-02T18:15:00+0200,37900.0,MW,FR,FR,forecast_load,Forecasted Load,2026-05-23T22:27:11Z
2026-05-23T22:26:36Z,2026-05-24T00:26:36+0200,35a99b20-1361-4eb7-8009-5b844fa790cc,2026-05-02T16:30:00Z,2026-05-02T18:30:00+0200,38300.0,MW,FR,FR,forecast_load,Forecasted Load,2026-05-23T22:27:11Z
2026-05-23T22:26:36Z,2026-05-24T00:26:36+0200,35a99b20-1361-4eb7-8009-5b844fa790cc,2026-05-02T16:45:00Z,2026-05-02T18:45:00+0200,39000.0,MW,FR,FR,forecast_load,Forecasted Load,2026-05-23T22:27:11Z
2026-05-23T22:26:36Z,2026-05-24T00:26:36+0200,35a99b20-1361-4eb7-8009-5b844fa790cc,2026-05-02T17:00:00Z,2026-05-02T19:00:00+0200,39700.0,MW,FR,FR,forecast_load,Forecasted Load,2026-05-23T22:27:11Z
2026-05-23T22:26:36Z,2026-05-24T00:26:36+0200,35a99b20-1361-4eb7-8009-5b844fa790cc,2026-05-02T17:15:00Z,2026-05-02T19:15:00+0200,39900.0,MW,FR,FR,forecast_load,Forecasted Load,2026-05-23T22:27:11Z
2026-05-23T22:26:36Z,2026-05-24T00:26:36+0200,35a99b20-1361-4eb7-8009-5b844fa790cc,2026-05-02T17:30:00Z,2026-05-02T19:30:00+0200,40100.0,MW,FR,FR,forecast_load,Forecasted Load,2026-05-23T22:27:11Z
2026-05-23T22:26:36Z,2026-05-24T00:26:36+0200,35a99b20-1361-4eb7-8009-5b844fa790cc,2026-05-02T17:45:00Z,2026-05-02T19:45:00+0200,40000.0,MW,FR,FR,forecast_load,Forecasted Load,2026-05-23T22:27:11Z
2026-05-23T22:26:36Z,2026-05-24T00:26:36+0200,35a99b20-1361-4eb7-8009-5b844fa790cc,2026-05-02T18:00:00Z,2026-05-02T20:00:00+0200,39900.0,MW,FR,FR,forecast_load,Forecasted Load,2026-05-23T22:27:11Z
2026-05-23T22:26:36Z,2026-05-24T00:26:36+0200,35a99b20-1361-4eb7-8009-5b844fa790cc,2026-05-02T18:15:00Z,2026-05-02T20:15:00+0200,39700.0,MW,FR,FR,forecast_load,Forecasted Load,2026-05-23T22:27:11Z
2026-05-23T22:26:36Z,2026-05-24T00:26:36+0200,35a99b20-1361-4eb7-8009-5b844fa790cc,2026-05-02T18:30:00Z,2026-05-02T20:30:00+0200,39500.0,MW,FR,FR,forecast_load,Forecasted Load,2026-05-23T22:27:11Z
2026-05-23T22:26:36Z,2026-05-24T00:26:36+0200,35a99b20-1361-4eb7-8009-5b844fa790cc,2026-05-02T18:45:00Z,2026-05-02T20:45:00+0200,39300.0,MW,FR,FR,forecast_load,Forecasted Load,2026-05-23T22:27:11Z
2026-05-23T22:26:36Z,2026-05-24T00:26:36+0200,35a99b20-1361-4eb7-8009-5b844fa790cc,2026-05-02T19:00:00Z,2026-05-02T21:00:00+0200,39100.0,MW,FR,FR,forecast_load,Forecasted Load,2026-05-23T22:27:11Z
2026-05-23T22:26:36Z,2026-05-24T00:26:36+0200,35a99b20-1361-4eb7-8009-5b844fa790cc,2026-05-02T19:15:00Z,2026-05-02T21:15:00+0200,39650.0,MW,FR,FR,forecast_load,Forecasted Load,2026-05-23T22:27:11Z
2026-05-23T22:26:36Z,2026-05-24T00:26:36+0200,35a99b20-1361-4eb7-8009-5b844fa790cc,2026-05-02T19:30:00Z,2026-05-02T21:30:00+0200,40200.0,MW,FR,FR,forecast_load,Forecasted Load,2026-05-23T22:27:11Z
2026-05-23T22:26:36Z,2026-05-24T00:26:36+0200,35a99b20-1361-4eb7-8009-5b844fa790cc,2026-05-02T19:45:00Z,2026-05-02T21:45:00+0200,39850.0,MW,FR,FR,forecast_load,Forecasted Load,2026-05-23T22:27:11Z
2026-05-23T22:26:36Z,2026-05-24T00:26:36+0200,35a99b20-1361-4eb7-8009-5b844fa790cc,2026-05-02T20:00:00Z,2026-05-02T22:00:00+0200,39500.0,MW,FR,FR,forecast_load,Forecasted Load,2026-05-23T22:27:11Z
2026-05-23T22:26:36Z,2026-05-24T00:26:36+0200,35a99b20-1361-4eb7-8009-5b844fa790cc,2026-05-02T20:15:00Z,2026-05-02T22:15:00+0200,40050.0,MW,FR,FR,forecast_load,Forecasted Load,2026-05-23T22:27:11Z
2026-05-23T22:26:36Z,2026-05-24T00:26:36+0200,35a99b20-1361-4eb7-8009-5b844fa790cc,2026-05-02T20:30:00Z,2026-05-02T22:30:00+0200,40600.0,MW,FR,FR,forecast_load,Forecasted Load,2026-05-23T22:27:11Z
2026-05-23T22:26:36Z,2026-05-24T00:26:36+0200,35a99b20-1361-4eb7-8009-5b844fa790cc,2026-05-02T20:45:00Z,2026-05-02T22:45:00+0200,41250.0,MW,FR,FR,forecast_load,Forecasted Load,2026-05-23T22:27:11Z
2026-05-23T22:26:36Z,2026-05-24T00:26:36+0200,35a99b20-1361-4eb7-8009-5b844fa790cc,2026-05-02T21:00:00Z,2026-05-02T23:00:00+0200,41900.0,MW,FR,FR,forecast_load,Forecasted Load,2026-05-23T22:27:11Z
2026-05-23T22:26:36Z,2026-05-24T00:26:36+0200,35a99b20-1361-4eb7-8009-5b844fa790cc,2026-05-02T21:15:00Z,2026-05-02T23:15:00+0200,41500.0,MW,FR,FR,forecast_load,Forecasted Load,2026-05-23T22:27:11Z
2026-05-23T22:26:36Z,2026-05-24T00:26:36+0200,35a99b20-1361-4eb7-8009-5b844fa790cc,2026-05-02T21:30:00Z,2026-05-02T23:30:00+0200,41100.0,MW,FR,FR,forecast_load,Forecasted Load,2026-05-23T22:27:11Z
2026-05-23T22:26:36Z,2026-05-24T00:26:36+0200,35a99b20-1361-4eb7-8009-5b844fa790cc,2026-05-02T21:45:00Z,2026-05-02T23:45:00+0200,40550.0,MW,FR,FR,forecast_load,Forecasted Load,2026-05-23T22:27:11Z
2026-05-23T22:26:36Z,2026-05-24T00:26:36+0200,35a99b20-1361-4eb7-8009-5b844fa790cc,2026-05-02T22:00:00Z,2026-05-03T00:00:00+0200,40000.0,MW,FR,FR,forecast_load,Forecasted Load,2026-05-23T22:27:11Z
2026-05-23T22:26:36Z,2026-05-24T00:26:36+0200,35a99b20-1361-4eb7-8009-5b844fa790cc,2026-05-02T22:15:00Z,2026-05-03T00:15:00+0200,39250.0,MW,FR,FR,forecast_load,Forecasted Load,2026-05-23T22:27:11Z
2026-05-23T22:26:36Z,2026-05-24T00:26:36+0200,35a99b20-1361-4eb7-8009-5b844fa790cc,2026-05-02T22:30:00Z,2026-05-03T00:30:00+0200,38500.0,MW,FR,FR,forecast_load,Forecasted Load,2026-05-23T22:27:11Z
2026-05-23T22:26:36Z,2026-05-24T00:26:36+0200,35a99b20-1361-4eb7-8009-5b844fa790cc,2026-05-02T22:45:00Z,2026-05-03T00:45:00+0200,37650.0,MW,FR,FR,forecast_load,Forecasted Load,2026-05-23T22:27:11Z
2026-05-23T22:26:36Z,2026-05-24T00:26:36+0200,35a99b20-1361-4eb7-8009-5b844fa790cc,2026-05-02T23:00:00Z,2026-05-03T01:00:00+0200,36800.0,MW,FR,FR,forecast_load,Forecasted Load,2026-05-23T22:27:11Z
2026-05-23T22:26:36Z,2026-05-24T00:26:36+0200,35a99b20-1361-4eb7-8009-5b844fa790cc,2026-05-02T23:15:00Z,2026-05-03T01:15:00+0200,36950.0,MW,FR,FR,forecast_load,Forecasted Load,2026-05-23T22:27:11Z
2026-05-23T22:26:36Z,2026-05-24T00:26:36+0200,35a99b20-1361-4eb7-8009-5b844fa790cc,2026-05-02T23:30:00Z,2026-05-03T01:30:00+0200,37100.0,MW,FR,FR,forecast_load,Forecasted Load,2026-05-23T22:27:11Z
2026-05-23T22:26:36Z,2026-05-24T00:26:36+0200,35a99b20-1361-4eb7-8009-5b844fa790cc,2026-05-02T23:45:00Z,2026-05-03T01:45:00+0200,36550.0,MW,FR,FR,forecast_load,Forecasted Load,2026-05-23T22:27:11Z
2026-05-23T22:26:36Z,2026-05-24T00:26:36+0200,35a99b20-1361-4eb7-8009-5b844fa790cc,2026-05-03T00:00:00Z,2026-05-03T02:00:00+0200,36000.0,MW,FR,FR,forecast_load,Forecasted Load,2026-05-23T22:27:11Z
2026-05-23T22:26:36Z,2026-05-24T00:26:36+0200,35a99b20-1361-4eb7-8009-5b844fa790cc,2026-05-03T00:15:00Z,2026-05-03T02:15:00+0200,35200.0,MW,FR,FR,forecast_load,Forecasted Load,2026-05-23T22:27:11Z
2026-05-23T22:26:36Z,2026-05-24T00:26:36+0200,35a99b20-1361-4eb7-8009-5b844fa790cc,2026-05-03T00:30:00Z,2026-05-03T02:30:00+0200,34400.0,MW,FR,FR,forecast_load,Forecasted Load,2026-05-23T22:27:11Z
2026-05-23T22:26:36Z,2026-05-24T00:26:36+0200,35a99b20-1361-4eb7-8009-5b844fa790cc,2026-05-03T00:45:00Z,2026-05-03T02:45:00+0200,33650.0,MW,FR,FR,forecast_load,Forecasted Load,2026-05-23T22:27:11Z
2026-05-23T22:26:36Z,2026-05-24T00:26:36+0200,35a99b20-1361-4eb7-8009-5b844fa790cc,2026-05-03T01:00:00Z,2026-05-03T03:00:00+0200,32900.0,MW,FR,FR,forecast_load,Forecasted Load,2026-05-23T22:27:11Z
2026-05-23T22:26:36Z,2026-05-24T00:26:36+0200,35a99b20-1361-4eb7-8009-5b844fa790cc,2026-05-03T01:15:00Z,2026-05-03T03:15:00+0200,32550.0,MW,FR,FR,forecast_load,Forecasted Load,2026-05-23T22:27:11Z
2026-05-23T22:26:36Z,2026-05-24T00:26:36+0200,35a99b20-1361-4eb7-8009-5b844fa790cc,2026-05-03T01:30:00Z,2026-05-03T03:30:00+0200,32200.0,MW,FR,FR,forecast_load,Forecasted Load,2026-05-23T22:27:11Z
2026-05-23T22:26:36Z,2026-05-24T00:26:36+0200,35a99b20-1361-4eb7-8009-5b844fa790cc,2026-05-03T01:45:00Z,2026-05-03T03:45:00+0200,31700.0,MW,FR,FR,forecast_load,Forecasted Load,2026-05-23T22:27:11Z
2026-05-23T22:26:36Z,2026-05-24T00:26:36+0200,35a99b20-1361-4eb7-8009-5b844fa790cc,2026-05-03T02:00:00Z,2026-05-03T04:00:00+0200,31200.0,MW,FR,FR,forecast_load,Forecasted Load,2026-05-23T22:27:11Z
2026-05-23T22:26:36Z,2026-05-24T00:26:36+0200,35a99b20-1361-4eb7-8009-5b844fa790cc,2026-05-03T02:15:00Z,2026-05-03T04:15:00+0200,30850.0,MW,FR,FR,forecast_load,Forecasted Load,2026-05-23T22:27:11Z
2026-05-23T22:26:36Z,2026-05-24T00:26:36+0200,35a99b20-1361-4eb7-8009-5b844fa790cc,2026-05-03T02:30:00Z,2026-05-03T04:30:00+0200,30500.0,MW,FR,FR,forecast_load,Forecasted Load,2026-05-23T22:27:11Z
2026-05-23T22:26:36Z,2026-05-24T00:26:36+0200,35a99b20-1361-4eb7-8009-5b844fa790cc,2026-05-03T02:45:00Z,2026-05-03T04:45:00+0200,30300.0,MW,FR,FR,forecast_load,Forecasted Load,2026-05-23T22:27:11Z
2026-05-23T22:26:36Z,2026-05-24T00:26:36+0200,35a99b20-1361-4eb7-8009-5b844fa790cc,2026-05-03T03:00:00Z,2026-05-03T05:00:00+0200,30100.0,MW,FR,FR,forecast_load,Forecasted Load,2026-05-23T22:27:11Z
2026-05-23T22:26:36Z,2026-05-24T00:26:36+0200,35a99b20-1361-4eb7-8009-5b844fa790cc,2026-05-03T03:15:00Z,2026-05-03T05:15:00+0200,30250.0,MW,FR,FR,forecast_load,Forecasted Load,2026-05-23T22:27:11Z
2026-05-23T22:26:36Z,2026-05-24T00:26:36+0200,35a99b20-1361-4eb7-8009-5b844fa790cc,2026-05-03T03:30:00Z,2026-05-03T05:30:00+0200,30400.0,MW,FR,FR,forecast_load,Forecasted Load,2026-05-23T22:27:11Z
2026-05-23T22:26:36Z,2026-05-24T00:26:36+0200,35a99b20-1361-4eb7-8009-5b844fa790cc,2026-05-03T03:45:00Z,2026-05-03T05:45:00+0200,30650.0,MW,FR,FR,forecast_load,Forecasted Load,2026-05-23T22:27:11Z
2026-05-23T22:26:36Z,2026-05-24T00:26:36+0200,35a99b20-1361-4eb7-8009-5b844fa790cc,2026-05-03T04:00:00Z,2026-05-03T06:00:00+0200,30900.0,MW,FR,FR,forecast_load,Forecasted Load,2026-05-23T22:27:11Z
2026-05-23T22:26:36Z,2026-05-24T00:26:36+0200,35a99b20-1361-4eb7-8009-5b844fa790cc,2026-05-03T04:15:00Z,2026-05-03T06:15:00+0200,30850.0,MW,FR,FR,forecast_load,Forecasted Load,2026-05-23T22:27:11Z
2026-05-23T22:26:36Z,2026-05-24T00:26:36+0200,35a99b20-1361-4eb7-8009-5b844fa790cc,2026-05-03T04:30:00Z,2026-05-03T06:30:00+0200,30800.0,MW,FR,FR,forecast_load,Forecasted Load,2026-05-23T22:27:11Z
2026-05-23T22:26:36Z,2026-05-24T00:26:36+0200,35a99b20-1361-4eb7-8009-5b844fa790cc,2026-05-03T04:45:00Z,2026-05-03T06:45:00+0200,30950.0,MW,FR,FR,forecast_load,Forecasted Load,2026-05-23T22:27:11Z
2026-05-23T22:26:36Z,2026-05-24T00:26:36+0200,35a99b20-1361-4eb7-8009-5b844fa790cc,2026-05-03T05:00:00Z,2026-05-03T07:00:00+0200,31100.0,MW,FR,FR,forecast_load,Forecasted Load,2026-05-23T22:27:11Z
2026-05-23T22:26:36Z,2026-05-24T00:26:36+0200,35a99b20-1361-4eb7-8009-5b844fa790cc,2026-05-03T05:15:00Z,2026-05-03T07:15:00+0200,31300.0,MW,FR,FR,forecast_load,Forecasted Load,2026-05-23T22:27:11Z
2026-05-23T22:26:36Z,2026-05-24T00:26:36+0200,35a99b20-1361-4eb7-8009-5b844fa790cc,2026-05-03T05:30:00Z,2026-05-03T07:30:00+0200,31500.0,MW,FR,FR,forecast_load,Forecasted Load,2026-05-23T22:27:11Z
2026-05-23T22:26:36Z,2026-05-24T00:26:36+0200,35a99b20-1361-4eb7-8009-5b844fa790cc,2026-05-03T05:45:00Z,2026-05-03T07:45:00+0200,31850.0,MW,FR,FR,forecast_load,Forecasted Load,2026-05-23T22:27:11Z
2026-05-23T22:26:36Z,2026-05-24T00:26:36+0200,35a99b20-1361-4eb7-8009-5b844fa790cc,2026-05-03T06:00:00Z,2026-05-03T08:00:00+0200,32200.0,MW,FR,FR,forecast_load,Forecasted Load,2026-05-23T22:27:11Z
2026-05-23T22:26:36Z,2026-05-24T00:26:36+0200,35a99b20-1361-4eb7-8009-5b844fa790cc,2026-05-03T06:15:00Z,2026-05-03T08:15:00+0200,32750.0,MW,FR,FR,forecast_load,Forecasted Load,2026-05-23T22:27:11Z
2026-05-23T22:26:36Z,2026-05-24T00:26:36+0200,35a99b20-1361-4eb7-8009-5b844fa790cc,2026-05-03T06:30:00Z,2026-05-03T08:30:00+0200,33300.0,MW,FR,FR,forecast_load,Forecasted Load,2026-05-23T22:27:11Z
2026-05-23T22:26:36Z,2026-05-24T00:26:36+0200,35a99b20-1361-4eb7-8009-5b844fa790cc,2026-05-03T06:45:00Z,2026-05-03T08:45:00+0200,33750.0,MW,FR,FR,forecast_load,Forecasted Load,2026-05-23T22:27:11Z
2026-05-23T22:26:36Z,2026-05-24T00:26:36+0200,35a99b20-1361-4eb7-8009-5b844fa790cc,2026-05-03T07:00:00Z,2026-05-03T09:00:00+0200,34200.0,MW,FR,FR,forecast_load,Forecasted Load,2026-05-23T22:27:11Z
2026-05-23T22:26:36Z,2026-05-24T00:26:36+0200,35a99b20-1361-4eb7-8009-5b844fa790cc,2026-05-03T07:15:00Z,2026-05-03T09:15:00+0200,34700.0,MW,FR,FR,forecast_load,Forecasted Load,2026-05-23T22:27:11Z
2026-05-23T22:26:36Z,2026-05-24T00:26:36+0200,35a99b20-1361-4eb7-8009-5b844fa790cc,2026-05-03T07:30:00Z,2026-05-03T09:30:00+0200,35200.0,MW,FR,FR,forecast_load,Forecasted Load,2026-05-23T22:27:11Z
2026-05-23T22:26:36Z,2026-05-24T00:26:36+0200,35a99b20-1361-4eb7-8009-5b844fa790cc,2026-05-03T07:45:00Z,2026-05-03T09:45:00+0200,35750.0,MW,FR,FR,forecast_load,Forecasted Load,2026-05-23T22:27:11Z
2026-05-23T22:26:36Z,2026-05-24T00:26:36+0200,35a99b20-1361-4eb7-8009-5b844fa790cc,2026-05-03T08:00:00Z,2026-05-03T10:00:00+0200,36300.0,MW,FR,FR,forecast_load,Forecasted Load,2026-05-23T22:27:11Z
2026-05-23T22:26:36Z,2026-05-24T00:26:36+0200,35a99b20-1361-4eb7-8009-5b844fa790cc,2026-05-03T08:15:00Z,2026-05-03T10:15:00+0200,36750.0,MW,FR,FR,forecast_load,Forecasted Load,2026-05-23T22:27:11Z
2026-05-23T22:26:36Z,2026-05-24T00:26:36+0200,35a99b20-1361-4eb7-8009-5b844fa790cc,2026-05-03T08:30:00Z,2026-05-03T10:30:00+0200,37200.0,MW,FR,FR,forecast_load,Forecasted Load,2026-05-23T22:27:11Z
2026-05-23T22:26:36Z,2026-05-24T00:26:36+0200,35a99b20-1361-4eb7-8009-5b844fa790cc,2026-05-03T08:45:00Z,2026-05-03T10:45:00+0200,37650.0,MW,FR,FR,forecast_load,Forecasted Load,2026-05-23T22:27:11Z
2026-05-23T22:26:36Z,2026-05-24T00:26:36+0200,35a99b20-1361-4eb7-8009-5b844fa790cc,2026-05-03T09:00:00Z,2026-05-03T11:00:00+0200,38100.0,MW,FR,FR,forecast_load,Forecasted Load,2026-05-23T22:27:11Z
2026-05-23T22:26:36Z,2026-05-24T00:26:36+0200,35a99b20-1361-4eb7-8009-5b844fa790cc,2026-05-03T09:15:00Z,2026-05-03T11:15:00+0200,38350.0,MW,FR,FR,forecast_load,Forecasted Load,2026-05-23T22:27:11Z
2026-05-23T22:26:36Z,2026-05-24T00:26:36+0200,35a99b20-1361-4eb7-8009-5b844fa790cc,2026-05-03T09:30:00Z,2026-05-03T11:30:00+0200,38600.0,MW,FR,FR,forecast_load,Forecasted Load,2026-05-23T22:27:11Z
2026-05-23T22:26:36Z,2026-05-24T00:26:36+0200,35a99b20-1361-4eb7-8009-5b844fa790cc,2026-05-03T09:45:00Z,2026-05-03T11:45:00+0200,39600.0,MW,FR,FR,forecast_load,Forecasted Load,2026-05-23T22:27:11Z
2026-05-23T22:26:36Z,2026-05-24T00:26:36+0200,35a99b20-1361-4eb7-8009-5b844fa790cc,2026-05-03T10:00:00Z,2026-05-03T12:00:00+0200,40600.0,MW,FR,FR,forecast_load,Forecasted Load,2026-05-23T22:27:11Z
2026-05-23T22:26:36Z,2026-05-24T00:26:36+0200,35a99b20-1361-4eb7-8009-5b844fa790cc,2026-05-03T10:15:00Z,2026-05-03T12:15:00+0200,40500.0,MW,FR,FR,forecast_load,Forecasted Load,2026-05-23T22:27:11Z
2026-05-23T22:26:36Z,2026-05-24T00:26:36+0200,35a99b20-1361-4eb7-8009-5b844fa790cc,2026-05-03T10:30:00Z,2026-05-03T12:30:00+0200,40400.0,MW,FR,FR,forecast_load,Forecasted Load,2026-05-23T22:27:11Z
2026-05-23T22:26:36Z,2026-05-24T00:26:36+0200,35a99b20-1361-4eb7-8009-5b844fa790cc,2026-05-03T10:45:00Z,2026-05-03T12:45:00+0200,40800.0,MW,FR,FR,forecast_load,Forecasted Load,2026-05-23T22:27:11Z
2026-05-23T22:26:36Z,2026-05-24T00:26:36+0200,35a99b20-1361-4eb7-8009-5b844fa790cc,2026-05-03T11:00:00Z,2026-05-03T13:00:00+0200,41200.0,MW,FR,FR,forecast_load,Forecasted Load,2026-05-23T22:27:11Z
2026-05-23T22:26:36Z,2026-05-24T00:26:36+0200,35a99b20-1361-4eb7-8009-5b844fa790cc,2026-05-03T11:15:00Z,2026-05-03T13:15:00+0200,39950.0,MW,FR,FR,forecast_load,Forecasted Load,2026-05-23T22:27:11Z
2026-05-23T22:26:36Z,2026-05-24T00:26:36+0200,35a99b20-1361-4eb7-8009-5b844fa790cc,2026-05-03T11:30:00Z,2026-05-03T13:30:00+0200,38700.0,MW,FR,FR,forecast_load,Forecasted Load,2026-05-23T22:27:11Z
2026-05-23T22:26:36Z,2026-05-24T00:26:36+0200,35a99b20-1361-4eb7-8009-5b844fa790cc,2026-05-03T11:45:00Z,2026-05-03T13:45:00+0200,38250.0,MW,FR,FR,forecast_load,Forecasted Load,2026-05-23T22:27:11Z
2026-05-23T22:26:36Z,2026-05-24T00:26:36+0200,35a99b20-1361-4eb7-8009-5b844fa790cc,2026-05-03T12:00:00Z,2026-05-03T14:00:00+0200,37800.0,MW,FR,FR,forecast_load,Forecasted Load,2026-05-23T22:27:11Z
2026-05-23T22:26:36Z,2026-05-24T00:26:36+0200,35a99b20-1361-4eb7-8009-5b844fa790cc,2026-05-03T12:15:00Z,2026-05-03T14:15:00+0200,37950.0,MW,FR,FR,forecast_load,Forecasted Load,2026-05-23T22:27:11Z
2026-05-23T22:26:36Z,2026-05-24T00:26:36+0200,35a99b20-1361-4eb7-8009-5b844fa790cc,2026-05-03T12:30:00Z,2026-05-03T14:30:00+0200,38100.0,MW,FR,FR,forecast_load,Forecasted Load,2026-05-23T22:27:11Z
2026-05-23T22:26:36Z,2026-05-24T00:26:36+0200,35a99b20-1361-4eb7-8009-5b844fa790cc,2026-05-03T12:45:00Z,2026-05-03T14:45:00+0200,37750.0,MW,FR,FR,forecast_load,Forecasted Load,2026-05-23T22:27:11Z
2026-05-23T22:26:36Z,2026-05-24T00:26:36+0200,35a99b20-1361-4eb7-8009-5b844fa790cc,2026-05-03T13:00:00Z,2026-05-03T15:00:00+0200,37400.0,MW,FR,FR,forecast_load,Forecasted Load,2026-05-23T22:27:11Z
2026-05-23T22:26:36Z,2026-05-24T00:26:36+0200,35a99b20-1361-4eb7-8009-5b844fa790cc,2026-05-03T13:15:00Z,2026-05-03T15:15:00+0200,36900.0,MW,FR,FR,forecast_load,Forecasted Load,2026-05-23T22:27:11Z
2026-05-23T22:26:36Z,2026-05-24T00:26:36+0200,35a99b20-1361-4eb7-8009-5b844fa790cc,2026-05-03T13:30:00Z,2026-05-03T15:30:00+0200,36400.0,MW,FR,FR,forecast_load,Forecasted Load,2026-05-23T22:27:11Z
2026-05-23T22:26:36Z,2026-05-24T00:26:36+0200,35a99b20-1361-4eb7-8009-5b844fa790cc,2026-05-03T13:45:00Z,2026-05-03T15:45:00+0200,36150.0,MW,FR,FR,forecast_load,Forecasted Load,2026-05-23T22:27:11Z
2026-05-23T22:26:36Z,2026-05-24T00:26:36+0200,35a99b20-1361-4eb7-8009-5b844fa790cc,2026-05-03T14:00:00Z,2026-05-03T16:00:00+0200,35900.0,MW,FR,FR,forecast_load,Forecasted Load,2026-05-23T22:27:11Z
2026-05-23T22:26:36Z,2026-05-24T00:26:36+0200,35a99b20-1361-4eb7-8009-5b844fa790cc,2026-05-03T14:15:00Z,2026-05-03T16:15:00+0200,35800.0,MW,FR,FR,forecast_load,Forecasted Load,2026-05-23T22:27:11Z
2026-05-23T22:26:36Z,2026-05-24T00:26:36+0200,35a99b20-1361-4eb7-8009-5b844fa790cc,2026-05-03T14:30:00Z,2026-05-03T16:30:00+0200,35700.0,MW,FR,FR,forecast_load,Forecasted Load,2026-05-23T22:27:11Z
2026-05-23T22:26:36Z,2026-05-24T00:26:36+0200,35a99b20-1361-4eb7-8009-5b844fa790cc,2026-05-03T14:45:00Z,2026-05-03T16:45:00+0200,35500.0,MW,FR,FR,forecast_load,Forecasted Load,2026-05-23T22:27:11Z
2026-05-23T22:26:36Z,2026-05-24T00:26:36+0200,35a99b20-1361-4eb7-8009-5b844fa790cc,2026-05-03T15:00:00Z,2026-05-03T17:00:00+0200,35300.0,MW,FR,FR,forecast_load,Forecasted Load,2026-05-23T22:27:11Z
2026-05-23T22:26:36Z,2026-05-24T00:26:36+0200,35a99b20-1361-4eb7-8009-5b844fa790cc,2026-05-03T15:15:00Z,2026-05-03T17:15:00+0200,35150.0,MW,FR,FR,forecast_load,Forecasted Load,2026-05-23T22:27:11Z
2026-05-23T22:26:36Z,2026-05-24T00:26:36+0200,35a99b20-1361-4eb7-8009-5b844fa790cc,2026-05-03T15:30:00Z,2026-05-03T17:30:00+0200,35000.0,MW,FR,FR,forecast_load,Forecasted Load,2026-05-23T22:27:11Z
2026-05-23T22:26:36Z,2026-05-24T00:26:36+0200,35a99b20-1361-4eb7-8009-5b844fa790cc,2026-05-03T15:45:00Z,2026-05-03T17:45:00+0200,35650.0,MW,FR,FR,forecast_load,Forecasted Load,2026-05-23T22:27:11Z
2026-05-23T22:26:36Z,2026-05-24T00:26:36+0200,35a99b20-1361-4eb7-8009-5b844fa790cc,2026-05-03T16:00:00Z,2026-05-03T18:00:00+0200,36300.0,MW,FR,FR,forecast_load,Forecasted Load,2026-05-23T22:27:11Z
2026-05-23T22:26:36Z,2026-05-24T00:26:36+0200,35a99b20-1361-4eb7-8009-5b844fa790cc,2026-05-03T16:15:00Z,2026-05-03T18:15:00+0200,37100.0,MW,FR,FR,forecast_load,Forecasted Load,2026-05-23T22:27:11Z
2026-05-23T22:26:36Z,2026-05-24T00:26:36+0200,35a99b20-1361-4eb7-8009-5b844fa790cc,2026-05-03T16:30:00Z,2026-05-03T18:30:00+0200,37900.0,MW,FR,FR,forecast_load,Forecasted Load,2026-05-23T22:27:11Z
2026-05-23T22:26:36Z,2026-05-24T00:26:36+0200,35a99b20-1361-4eb7-8009-5b844fa790cc,2026-05-03T16:45:00Z,2026-05-03T18:45:00+0200,38650.0,MW,FR,FR,forecast_load,Forecasted Load,2026-05-23T22:27:11Z
2026-05-23T22:26:36Z,2026-05-24T00:26:36+0200,35a99b20-1361-4eb7-8009-5b844fa790cc,2026-05-03T17:00:00Z,2026-05-03T19:00:00+0200,39400.0,MW,FR,FR,forecast_load,Forecasted Load,2026-05-23T22:27:11Z
2026-05-23T22:26:36Z,2026-05-24T00:26:36+0200,35a99b20-1361-4eb7-8009-5b844fa790cc,2026-05-03T17:15:00Z,2026-05-03T19:15:00+0200,39950.0,MW,FR,FR,forecast_load,Forecasted Load,2026-05-23T22:27:11Z
2026-05-23T22:26:36Z,2026-05-24T00:26:36+0200,35a99b20-1361-4eb7-8009-5b844fa790cc,2026-05-03T17:30:00Z,2026-05-03T19:30:00+0200,40500.0,MW,FR,FR,forecast_load,Forecasted Load,2026-05-23T22:27:11Z
2026-05-23T22:26:36Z,2026-05-24T00:26:36+0200,35a99b20-1361-4eb7-8009-5b844fa790cc,2026-05-03T17:45:00Z,2026-05-03T19:45:00+0200,40400.0,MW,FR,FR,forecast_load,Forecasted Load,2026-05-23T22:27:11Z
2026-05-23T22:26:36Z,2026-05-24T00:26:36+0200,35a99b20-1361-4eb7-8009-5b844fa790cc,2026-05-03T18:00:00Z,2026-05-03T20:00:00+0200,40300.0,MW,FR,FR,forecast_load,Forecasted Load,2026-05-23T22:27:11Z
2026-05-23T22:26:36Z,2026-05-24T00:26:36+0200,35a99b20-1361-4eb7-8009-5b844fa790cc,2026-05-03T18:15:00Z,2026-05-03T20:15:00+0200,39950.0,MW,FR,FR,forecast_load,Forecasted Load,2026-05-23T22:27:11Z
2026-05-23T22:26:36Z,2026-05-24T00:26:36+0200,35a99b20-1361-4eb7-8009-5b844fa790cc,2026-05-03T18:30:00Z,2026-05-03T20:30:00+0200,39600.0,MW,FR,FR,forecast_load,Forecasted Load,2026-05-23T22:27:11Z
2026-05-23T22:26:36Z,2026-05-24T00:26:36+0200,35a99b20-1361-4eb7-8009-5b844fa790cc,2026-05-03T18:45:00Z,2026-05-03T20:45:00+0200,39750.0,MW,FR,FR,forecast_load,Forecasted Load,2026-05-23T22:27:11Z
2026-05-23T22:26:36Z,2026-05-24T00:26:36+0200,35a99b20-1361-4eb7-8009-5b844fa790cc,2026-05-03T19:00:00Z,2026-05-03T21:00:00+0200,39900.0,MW,FR,FR,forecast_load,Forecasted Load,2026-05-23T22:27:11Z
2026-05-23T22:26:36Z,2026-05-24T00:26:36+0200,35a99b20-1361-4eb7-8009-5b844fa790cc,2026-05-03T19:15:00Z,2026-05-03T21:15:00+0200,40150.0,MW,FR,FR,forecast_load,Forecasted Load,2026-05-23T22:27:11Z
2026-05-23T22:26:36Z,2026-05-24T00:26:36+0200,35a99b20-1361-4eb7-8009-5b844fa790cc,2026-05-03T19:30:00Z,2026-05-03T21:30:00+0200,40400.0,MW,FR,FR,forecast_load,Forecasted Load,2026-05-23T22:27:11Z
2026-05-23T22:26:36Z,2026-05-24T00:26:36+0200,35a99b20-1361-4eb7-8009-5b844fa790cc,2026-05-03T19:45:00Z,2026-05-03T21:45:00+0200,39900.0,MW,FR,FR,forecast_load,Forecasted Load,2026-05-23T22:27:11Z
2026-05-23T22:26:36Z,2026-05-24T00:26:36+0200,35a99b20-1361-4eb7-8009-5b844fa790cc,2026-05-03T20:00:00Z,2026-05-03T22:00:00+0200,39400.0,MW,FR,FR,forecast_load,Forecasted Load,2026-05-23T22:27:11Z
2026-05-23T22:26:36Z,2026-05-24T00:26:36+0200,35a99b20-1361-4eb7-8009-5b844fa790cc,2026-05-03T20:15:00Z,2026-05-03T22:15:00+0200,39950.0,MW,FR,FR,forecast_load,Forecasted Load,2026-05-23T22:27:11Z
2026-05-23T22:26:36Z,2026-05-24T00:26:36+0200,35a99b20-1361-4eb7-8009-5b844fa790cc,2026-05-03T20:30:00Z,2026-05-03T22:30:00+0200,40500.0,MW,FR,FR,forecast_load,Forecasted Load,2026-05-23T22:27:11Z
2026-05-23T22:26:36Z,2026-05-24T00:26:36+0200,35a99b20-1361-4eb7-8009-5b844fa790cc,2026-05-03T20:45:00Z,2026-05-03T22:45:00+0200,41200.0,MW,FR,FR,forecast_load,Forecasted Load,2026-05-23T22:27:11Z
2026-05-23T22:26:36Z,2026-05-24T00:26:36+0200,35a99b20-1361-4eb7-8009-5b844fa790cc,2026-05-03T21:00:00Z,2026-05-03T23:00:00+0200,41900.0,MW,FR,FR,forecast_load,Forecasted Load,2026-05-23T22:27:11Z
2026-05-23T22:26:36Z,2026-05-24T00:26:36+0200,35a99b20-1361-4eb7-8009-5b844fa790cc,2026-05-03T21:15:00Z,2026-05-03T23:15:00+0200,41500.0,MW,FR,FR,forecast_load,Forecasted Load,2026-05-23T22:27:11Z
2026-05-23T22:26:36Z,2026-05-24T00:26:36+0200,35a99b20-1361-4eb7-8009-5b844fa790cc,2026-05-03T21:30:00Z,2026-05-03T23:30:00+0200,41100.0,MW,FR,FR,forecast_load,Forecasted Load,2026-05-23T22:27:11Z
2026-05-23T22:26:36Z,2026-05-24T00:26:36+0200,35a99b20-1361-4eb7-8009-5b844fa790cc,2026-05-03T21:45:00Z,2026-05-03T23:45:00+0200,40650.0,MW,FR,FR,forecast_load,Forecasted Load,2026-05-23T22:27:11Z
2026-05-23T22:26:36Z,2026-05-24T00:26:36+0200,35a99b20-1361-4eb7-8009-5b844fa790cc,2026-05-03T22:00:00Z,2026-05-04T00:00:00+0200,39875.0,MW,FR,FR,forecast_load,Forecasted Load,2026-05-23T22:27:11Z
2026-05-23T22:26:36Z,2026-05-24T00:26:36+0200,35a99b20-1361-4eb7-8009-5b844fa790cc,2026-05-03T22:15:00Z,2026-05-04T00:15:00+0200,39358.5,MW,FR,FR,forecast_load,Forecasted Load,2026-05-23T22:27:11Z
2026-05-23T22:26:36Z,2026-05-24T00:26:36+0200,35a99b20-1361-4eb7-8009-5b844fa790cc,2026-05-03T22:30:00Z,2026-05-04T00:30:00+0200,38842.0,MW,FR,FR,forecast_load,Forecasted Load,2026-05-23T22:27:11Z
2026-05-23T22:26:36Z,2026-05-24T00:26:36+0200,35a99b20-1361-4eb7-8009-5b844fa790cc,2026-05-03T22:45:00Z,2026-05-04T00:45:00+0200,38082.0,MW,FR,FR,forecast_load,Forecasted Load,2026-05-23T22:27:11Z
2026-05-23T22:26:36Z,2026-05-24T00:26:36+0200,35a99b20-1361-4eb7-8009-5b844fa790cc,2026-05-03T23:00:00Z,2026-05-04T01:00:00+0200,37322.0,MW,FR,FR,forecast_load,Forecasted Load,2026-05-23T22:27:11Z
2026-05-23T22:26:36Z,2026-05-24T00:26:36+0200,35a99b20-1361-4eb7-8009-5b844fa790cc,2026-05-03T23:15:00Z,2026-05-04T01:15:00+0200,37519.0,MW,FR,FR,forecast_load,Forecasted Load,2026-05-23T22:27:11Z
2026-05-23T22:26:36Z,2026-05-24T00:26:36+0200,35a99b20-1361-4eb7-8009-5b844fa790cc,2026-05-03T23:30:00Z,2026-05-04T01:30:00+0200,37716.0,MW,FR,FR,forecast_load,Forecasted Load,2026-05-23T22:27:11Z
2026-05-23T22:26:36Z,2026-05-24T00:26:36+0200,35a99b20-1361-4eb7-8009-5b844fa790cc,2026-05-03T23:45:00Z,2026-05-04T01:45:00+0200,37403.5,MW,FR,FR,forecast_load,Forecasted Load,2026-05-23T22:27:11Z
2026-05-23T22:26:36Z,2026-05-24T00:26:36+0200,35a99b20-1361-4eb7-8009-5b844fa790cc,2026-05-04T00:00:00Z,2026-05-04T02:00:00+0200,37091.0,MW,FR,FR,forecast_load,Forecasted Load,2026-05-23T22:27:11Z
2026-05-23T22:26:36Z,2026-05-24T00:26:36+0200,35a99b20-1361-4eb7-8009-5b844fa790cc,2026-05-04T00:15:00Z,2026-05-04T02:15:00+0200,36047.5,MW,FR,FR,forecast_load,Forecasted Load,2026-05-23T22:27:11Z
2026-05-23T22:26:36Z,2026-05-24T00:26:36+0200,35a99b20-1361-4eb7-8009-5b844fa790cc,2026-05-04T00:30:00Z,2026-05-04T02:30:00+0200,35004.0,MW,FR,FR,forecast_load,Forecasted Load,2026-05-23T22:27:11Z
2026-05-23T22:26:36Z,2026-05-24T00:26:36+0200,35a99b20-1361-4eb7-8009-5b844fa790cc,2026-05-04T00:45:00Z,2026-05-04T02:45:00+0200,34453.5,MW,FR,FR,forecast_load,Forecasted Load,2026-05-23T22:27:11Z
2026-05-23T22:26:36Z,2026-05-24T00:26:36+0200,35a99b20-1361-4eb7-8009-5b844fa790cc,2026-05-04T01:00:00Z,2026-05-04T03:00:00+0200,33903.0,MW,FR,FR,forecast_load,Forecasted Load,2026-05-23T22:27:11Z
2026-05-23T22:26:36Z,2026-05-24T00:26:36+0200,35a99b20-1361-4eb7-8009-5b844fa790cc,2026-05-04T01:15:00Z,2026-05-04T03:15:00+0200,33414.5,MW,FR,FR,forecast_load,Forecasted Load,2026-05-23T22:27:11Z
2026-05-23T22:26:36Z,2026-05-24T00:26:36+0200,35a99b20-1361-4eb7-8009-5b844fa790cc,2026-05-04T01:30:00Z,2026-05-04T03:30:00+0200,32926.0,MW,FR,FR,forecast_load,Forecasted Load,2026-05-23T22:27:11Z
2026-05-23T22:26:36Z,2026-05-24T00:26:36+0200,35a99b20-1361-4eb7-8009-5b844fa790cc,2026-05-04T01:45:00Z,2026-05-04T03:45:00+0200,32838.5,MW,FR,FR,forecast_load,Forecasted Load,2026-05-23T22:27:11Z
2026-05-23T22:26:36Z,2026-05-24T00:26:36+0200,35a99b20-1361-4eb7-8009-5b844fa790cc,2026-05-04T02:00:00Z,2026-05-04T04:00:00+0200,32751.0,MW,FR,FR,forecast_load,Forecasted Load,2026-05-23T22:27:11Z
2026-05-23T22:26:36Z,2026-05-24T00:26:36+0200,35a99b20-1361-4eb7-8009-5b844fa790cc,2026-05-04T02:15:00Z,2026-05-04T04:15:00+0200,32609.0,MW,FR,FR,forecast_load,Forecasted Load,2026-05-23T22:27:11Z
2026-05-23T22:26:36Z,2026-05-24T00:26:36+0200,35a99b20-1361-4eb7-8009-5b844fa790cc,2026-05-04T02:30:00Z,2026-05-04T04:30:00+0200,32467.0,MW,FR,FR,forecast_load,Forecasted Load,2026-05-23T22:27:11Z
2026-05-23T22:26:36Z,2026-05-24T00:26:36+0200,35a99b20-1361-4eb7-8009-5b844fa790cc,2026-05-04T02:45:00Z,2026-05-04T04:45:00+0200,32844.5,MW,FR,FR,forecast_load,Forecasted Load,2026-05-23T22:27:11Z
2026-05-23T22:26:36Z,2026-05-24T00:26:36+0200,35a99b20-1361-4eb7-8009-5b844fa790cc,2026-05-04T03:00:00Z,2026-05-04T05:00:00+0200,33222.0,MW,FR,FR,forecast_load,Forecasted Load,2026-05-23T22:27:11Z
2026-05-23T22:26:36Z,2026-05-24T00:26:36+0200,35a99b20-1361-4eb7-8009-5b844fa790cc,2026-05-04T03:15:00Z,2026-05-04T05:15:00+0200,33944.0,MW,FR,FR,forecast_load,Forecasted Load,2026-05-23T22:27:11Z
2026-05-23T22:26:36Z,2026-05-24T00:26:36+0200,35a99b20-1361-4eb7-8009-5b844fa790cc,2026-05-04T03:30:00Z,2026-05-04T05:30:00+0200,34666.0,MW,FR,FR,forecast_load,Forecasted Load,2026-05-23T22:27:11Z
2026-05-23T22:26:36Z,2026-05-24T00:26:36+0200,35a99b20-1361-4eb7-8009-5b844fa790cc,2026-05-04T03:45:00Z,2026-05-04T05:45:00+0200,35608.0,MW,FR,FR,forecast_load,Forecasted Load,2026-05-23T22:27:11Z
2026-05-23T22:26:36Z,2026-05-24T00:26:36+0200,35a99b20-1361-4eb7-8009-5b844fa790cc,2026-05-04T04:00:00Z,2026-05-04T06:00:00+0200,36550.0,MW,FR,FR,forecast_load,Forecasted Load,2026-05-23T22:27:11Z
2026-05-23T22:26:36Z,2026-05-24T00:26:36+0200,35a99b20-1361-4eb7-8009-5b844fa790cc,2026-05-04T04:15:00Z,2026-05-04T06:15:00+0200,37349.0,MW,FR,FR,forecast_load,Forecasted Load,2026-05-23T22:27:11Z
2026-05-23T22:26:36Z,2026-05-24T00:26:36+0200,35a99b20-1361-4eb7-8009-5b844fa790cc,2026-05-04T04:30:00Z,2026-05-04T06:30:00+0200,38148.0,MW,FR,FR,forecast_load,Forecasted Load,2026-05-23T22:27:11Z
2026-05-23T22:26:36Z,2026-05-24T00:26:36+0200,35a99b20-1361-4eb7-8009-5b844fa790cc,2026-05-04T04:45:00Z,2026-05-04T06:45:00+0200,38886.0,MW,FR,FR,forecast_load,Forecasted Load,2026-05-23T22:27:11Z
2026-05-23T22:26:36Z,2026-05-24T00:26:36+0200,35a99b20-1361-4eb7-8009-5b844fa790cc,2026-05-04T05:00:00Z,2026-05-04T07:00:00+0200,39624.0,MW,FR,FR,forecast_load,Forecasted Load,2026-05-23T22:27:11Z
2026-05-23T22:26:36Z,2026-05-24T00:26:36+0200,35a99b20-1361-4eb7-8009-5b844fa790cc,2026-05-04T05:15:00Z,2026-05-04T07:15:00+0200,40564.5,MW,FR,FR,forecast_load,Forecasted Load,2026-05-23T22:27:11Z
2026-05-23T22:26:36Z,2026-05-24T00:26:36+0200,35a99b20-1361-4eb7-8009-5b844fa790cc,2026-05-04T05:30:00Z,2026-05-04T07:30:00+0200,41505.0,MW,FR,FR,forecast_load,Forecasted Load,2026-05-23T22:27:11Z
2026-05-23T22:26:36Z,2026-05-24T00:26:36+0200,35a99b20-1361-4eb7-8009-5b844fa790cc,2026-05-04T05:45:00Z,2026-05-04T07:45:00+0200,42279.0,MW,FR,FR,forecast_load,Forecasted Load,2026-05-23T22:27:11Z
2026-05-23T22:26:36Z,2026-05-24T00:26:36+0200,35a99b20-1361-4eb7-8009-5b844fa790cc,2026-05-04T06:00:00Z,2026-05-04T08:00:00+0200,43053.0,MW,FR,FR,forecast_load,Forecasted Load,2026-05-23T22:27:11Z
2026-05-23T22:26:36Z,2026-05-24T00:26:36+0200,35a99b20-1361-4eb7-8009-5b844fa790cc,2026-05-04T06:15:00Z,2026-05-04T08:15:00+0200,43693.5,MW,FR,FR,forecast_load,Forecasted Load,2026-05-23T22:27:11Z
2026-05-23T22:26:36Z,2026-05-24T00:26:36+0200,35a99b20-1361-4eb7-8009-5b844fa790cc,2026-05-04T06:30:00Z,2026-05-04T08:30:00+0200,44334.0,MW,FR,FR,forecast_load,Forecasted Load,2026-05-23T22:27:11Z
2026-05-23T22:26:36Z,2026-05-24T00:26:36+0200,35a99b20-1361-4eb7-8009-5b844fa790cc,2026-05-04T06:45:00Z,2026-05-04T08:45:00+0200,44748.0,MW,FR,FR,forecast_load,Forecasted Load,2026-05-23T22:27:11Z
2026-05-23T22:26:36Z,2026-05-24T00:26:36+0200,35a99b20-1361-4eb7-8009-5b844fa790cc,2026-05-04T07:00:00Z,2026-05-04T09:00:00+0200,45162.0,MW,FR,FR,forecast_load,Forecasted Load,2026-05-23T22:27:11Z
2026-05-23T22:26:36Z,2026-05-24T00:26:36+0200,35a99b20-1361-4eb7-8009-5b844fa790cc,2026-05-04T07:15:00Z,2026-05-04T09:15:00+0200,45417.5,MW,FR,FR,forecast_load,Forecasted Load,2026-05-23T22:27:11Z
2026-05-23T22:26:36Z,2026-05-24T00:26:36+0200,35a99b20-1361-4eb7-8009-5b844fa790cc,2026-05-04T07:30:00Z,2026-05-04T09:30:00+0200,45673.0,MW,FR,FR,forecast_load,Forecasted Load,2026-05-23T22:27:11Z
2026-05-23T22:26:36Z,2026-05-24T00:26:36+0200,35a99b20-1361-4eb7-8009-5b844fa790cc,2026-05-04T07:45:00Z,2026-05-04T09:45:00+0200,45827.0,MW,FR,FR,forecast_load,Forecasted Load,2026-05-23T22:27:11Z
2026-05-23T22:26:36Z,2026-05-24T00:26:36+0200,35a99b20-1361-4eb7-8009-5b844fa790cc,2026-05-04T08:00:00Z,2026-05-04T10:00:00+0200,45981.0,MW,FR,FR,forecast_load,Forecasted Load,2026-05-23T22:27:11Z
2026-05-23T22:26:36Z,2026-05-24T00:26:36+0200,35a99b20-1361-4eb7-8009-5b844fa790cc,2026-05-04T08:15:00Z,2026-05-04T10:15:00+0200,46256.5,MW,FR,FR,forecast_load,Forecasted Load,2026-05-23T22:27:11Z
2026-05-23T22:26:36Z,2026-05-24T00:26:36+0200,35a99b20-1361-4eb7-8009-5b844fa790cc,2026-05-04T08:30:00Z,2026-05-04T10:30:00+0200,46532.0,MW,FR,FR,forecast_load,Forecasted Load,2026-05-23T22:27:11Z
2026-05-23T22:26:36Z,2026-05-24T00:26:36+0200,35a99b20-1361-4eb7-8009-5b844fa790cc,2026-05-04T08:45:00Z,2026-05-04T10:45:00+0200,46955.0,MW,FR,FR,forecast_load,Forecasted Load,2026-05-23T22:27:11Z
2026-05-23T22:26:36Z,2026-05-24T00:26:36+0200,35a99b20-1361-4eb7-8009-5b844fa790cc,2026-05-04T09:00:00Z,2026-05-04T11:00:00+0200,47378.0,MW,FR,FR,forecast_load,Forecasted Load,2026-05-23T22:27:11Z
2026-05-23T22:26:36Z,2026-05-24T00:26:36+0200,35a99b20-1361-4eb7-8009-5b844fa790cc,2026-05-04T09:15:00Z,2026-05-04T11:15:00+0200,47557.5,MW,FR,FR,forecast_load,Forecasted Load,2026-05-23T22:27:11Z
2026-05-23T22:26:36Z,2026-05-24T00:26:36+0200,35a99b20-1361-4eb7-8009-5b844fa790cc,2026-05-04T09:30:00Z,2026-05-04T11:30:00+0200,47737.0,MW,FR,FR,forecast_load,Forecasted Load,2026-05-23T22:27:11Z
2026-05-23T22:26:36Z,2026-05-24T00:26:36+0200,35a99b20-1361-4eb7-8009-5b844fa790cc,2026-05-04T09:45:00Z,2026-05-04T11:45:00+0200,48559.5,MW,FR,FR,forecast_load,Forecasted Load,2026-05-23T22:27:11Z
2026-05-23T22:26:36Z,2026-05-24T00:26:36+0200,35a99b20-1361-4eb7-8009-5b844fa790cc,2026-05-04T10:00:00Z,2026-05-04T12:00:00+0200,49382.0,MW,FR,FR,forecast_load,Forecasted Load,2026-05-23T22:27:11Z
2026-05-23T22:26:36Z,2026-05-24T00:26:36+0200,35a99b20-1361-4eb7-8009-5b844fa790cc,2026-05-04T10:15:00Z,2026-05-04T12:15:00+0200,49168.5,MW,FR,FR,forecast_load,Forecasted Load,2026-05-23T22:27:11Z
2026-05-23T22:26:36Z,2026-05-24T00:26:36+0200,35a99b20-1361-4eb7-8009-5b844fa790cc,2026-05-04T10:30:00Z,2026-05-04T12:30:00+0200,48955.0,MW,FR,FR,forecast_load,Forecasted Load,2026-05-23T22:27:11Z
2026-05-23T22:26:36Z,2026-05-24T00:26:36+0200,35a99b20-1361-4eb7-8009-5b844fa790cc,2026-05-04T10:45:00Z,2026-05-04T12:45:00+0200,49448.5,MW,FR,FR,forecast_load,Forecasted Load,2026-05-23T22:27:11Z
2026-05-23T22:26:36Z,2026-05-24T00:26:36+0200,35a99b20-1361-4eb7-8009-5b844fa790cc,2026-05-04T11:00:00Z,2026-05-04T13:00:00+0200,49942.0,MW,FR,FR,forecast_load,Forecasted Load,2026-05-23T22:27:11Z
2026-05-23T22:26:36Z,2026-05-24T00:26:36+0200,35a99b20-1361-4eb7-8009-5b844fa790cc,2026-05-04T11:15:00Z,2026-05-04T13:15:00+0200,49117.0,MW,FR,FR,forecast_load,Forecasted Load,2026-05-23T22:27:11Z
2026-05-23T22:26:36Z,2026-05-24T00:26:36+0200,35a99b20-1361-4eb7-8009-5b844fa790cc,2026-05-04T11:30:00Z,2026-05-04T13:30:00+0200,48292.0,MW,FR,FR,forecast_load,Forecasted Load,2026-05-23T22:27:11Z
2026-05-23T22:26:36Z,2026-05-24T00:26:36+0200,35a99b20-1361-4eb7-8009-5b844fa790cc,2026-05-04T11:45:00Z,2026-05-04T13:45:00+0200,47973.5,MW,FR,FR,forecast_load,Forecasted Load,2026-05-23T22:27:11Z
2026-05-23T22:26:36Z,2026-05-24T00:26:36+0200,35a99b20-1361-4eb7-8009-5b844fa790cc,2026-05-04T12:00:00Z,2026-05-04T14:00:00+0200,47655.0,MW,FR,FR,forecast_load,Forecasted Load,2026-05-23T22:27:11Z
2026-05-23T22:26:36Z,2026-05-24T00:26:36+0200,35a99b20-1361-4eb7-8009-5b844fa790cc,2026-05-04T12:15:00Z,2026-05-04T14:15:00+0200,48204.5,MW,FR,FR,forecast_load,Forecasted Load,2026-05-23T22:27:11Z
2026-05-23T22:26:36Z,2026-05-24T00:26:36+0200,35a99b20-1361-4eb7-8009-5b844fa790cc,2026-05-04T12:30:00Z,2026-05-04T14:30:00+0200,48754.0,MW,FR,FR,forecast_load,Forecasted Load,2026-05-23T22:27:11Z
2026-05-23T22:26:36Z,2026-05-24T00:26:36+0200,35a99b20-1361-4eb7-8009-5b844fa790cc,2026-05-04T12:45:00Z,2026-05-04T14:45:00+0200,48274.0,MW,FR,FR,forecast_load,Forecasted Load,2026-05-23T22:27:11Z
2026-05-23T22:26:36Z,2026-05-24T00:26:36+0200,35a99b20-1361-4eb7-8009-5b844fa790cc,2026-05-04T13:00:00Z,2026-05-04T15:00:00+0200,47794.0,MW,FR,FR,forecast_load,Forecasted Load,2026-05-23T22:27:11Z
2026-05-23T22:26:36Z,2026-05-24T00:26:36+0200,35a99b20-1361-4eb7-8009-5b844fa790cc,2026-05-04T13:15:00Z,2026-05-04T15:15:00+0200,46878.0,MW,FR,FR,forecast_load,Forecasted Load,2026-05-23T22:27:11Z
2026-05-23T22:26:36Z,2026-05-24T00:26:36+0200,35a99b20-1361-4eb7-8009-5b844fa790cc,2026-05-04T13:30:00Z,2026-05-04T15:30:00+0200,45962.0,MW,FR,FR,forecast_load,Forecasted Load,2026-05-23T22:27:11Z
2026-05-23T22:26:36Z,2026-05-24T00:26:36+0200,35a99b20-1361-4eb7-8009-5b844fa790cc,2026-05-04T13:45:00Z,2026-05-04T15:45:00+0200,45384.0,MW,FR,FR,forecast_load,Forecasted Load,2026-05-23T22:27:11Z
2026-05-23T22:26:36Z,2026-05-24T00:26:36+0200,35a99b20-1361-4eb7-8009-5b844fa790cc,2026-05-04T14:00:00Z,2026-05-04T16:00:00+0200,44806.0,MW,FR,FR,forecast_load,Forecasted Load,2026-05-23T22:27:11Z
2026-05-23T22:26:36Z,2026-05-24T00:26:36+0200,35a99b20-1361-4eb7-8009-5b844fa790cc,2026-05-04T14:15:00Z,2026-05-04T16:15:00+0200,44366.5,MW,FR,FR,forecast_load,Forecasted Load,2026-05-23T22:27:11Z
2026-05-23T22:26:36Z,2026-05-24T00:26:36+0200,35a99b20-1361-4eb7-8009-5b844fa790cc,2026-05-04T14:30:00Z,2026-05-04T16:30:00+0200,43927.0,MW,FR,FR,forecast_load,Forecasted Load,2026-05-23T22:27:11Z
2026-05-23T22:26:36Z,2026-05-24T00:26:36+0200,35a99b20-1361-4eb7-8009-5b844fa790cc,2026-05-04T14:45:00Z,2026-05-04T16:45:00+0200,43194.0,MW,FR,FR,forecast_load,Forecasted Load,2026-05-23T22:27:11Z
2026-05-23T22:26:36Z,2026-05-24T00:26:36+0200,35a99b20-1361-4eb7-8009-5b844fa790cc,2026-05-04T15:00:00Z,2026-05-04T17:00:00+0200,42461.0,MW,FR,FR,forecast_load,Forecasted Load,2026-05-23T22:27:11Z
2026-05-23T22:26:36Z,2026-05-24T00:26:36+0200,35a99b20-1361-4eb7-8009-5b844fa790cc,2026-05-04T15:15:00Z,2026-05-04T17:15:00+0200,42431.0,MW,FR,FR,forecast_load,Forecasted Load,2026-05-23T22:27:11Z
2026-05-23T22:26:36Z,2026-05-24T00:26:36+0200,35a99b20-1361-4eb7-8009-5b844fa790cc,2026-05-04T15:30:00Z,2026-05-04T17:30:00+0200,42401.0,MW,FR,FR,forecast_load,Forecasted Load,2026-05-23T22:27:11Z
2026-05-23T22:26:36Z,2026-05-24T00:26:36+0200,35a99b20-1361-4eb7-8009-5b844fa790cc,2026-05-04T15:45:00Z,2026-05-04T17:45:00+0200,42676.5,MW,FR,FR,forecast_load,Forecasted Load,2026-05-23T22:27:11Z
2026-05-23T22:26:36Z,2026-05-24T00:26:36+0200,35a99b20-1361-4eb7-8009-5b844fa790cc,2026-05-04T16:00:00Z,2026-05-04T18:00:00+0200,42952.0,MW,FR,FR,forecast_load,Forecasted Load,2026-05-23T22:27:11Z
2026-05-23T22:26:36Z,2026-05-24T00:26:36+0200,35a99b20-1361-4eb7-8009-5b844fa790cc,2026-05-04T16:15:00Z,2026-05-04T18:15:00+0200,43660.0,MW,FR,FR,forecast_load,Forecasted Load,2026-05-23T22:27:11Z
2026-05-23T22:26:36Z,2026-05-24T00:26:36+0200,35a99b20-1361-4eb7-8009-5b844fa790cc,2026-05-04T16:30:00Z,2026-05-04T18:30:00+0200,44368.0,MW,FR,FR,forecast_load,Forecasted Load,2026-05-23T22:27:11Z
2026-05-23T22:26:36Z,2026-05-24T00:26:36+0200,35a99b20-1361-4eb7-8009-5b844fa790cc,2026-05-04T16:45:00Z,2026-05-04T18:45:00+0200,45345.0,MW,FR,FR,forecast_load,Forecasted Load,2026-05-23T22:27:11Z
2026-05-23T22:26:36Z,2026-05-24T00:26:36+0200,35a99b20-1361-4eb7-8009-5b844fa790cc,2026-05-04T17:00:00Z,2026-05-04T19:00:00+0200,46322.0,MW,FR,FR,forecast_load,Forecasted Load,2026-05-23T22:27:11Z
2026-05-23T22:26:36Z,2026-05-24T00:26:36+0200,35a99b20-1361-4eb7-8009-5b844fa790cc,2026-05-04T17:15:00Z,2026-05-04T19:15:00+0200,46643.5,MW,FR,FR,forecast_load,Forecasted Load,2026-05-23T22:27:11Z
2026-05-23T22:26:36Z,2026-05-24T00:26:36+0200,35a99b20-1361-4eb7-8009-5b844fa790cc,2026-05-04T17:30:00Z,2026-05-04T19:30:00+0200,46965.0,MW,FR,FR,forecast_load,Forecasted Load,2026-05-23T22:27:11Z
2026-05-23T22:26:36Z,2026-05-24T00:26:36+0200,35a99b20-1361-4eb7-8009-5b844fa790cc,2026-05-04T17:45:00Z,2026-05-04T19:45:00+0200,46649.5,MW,FR,FR,forecast_load,Forecasted Load,2026-05-23T22:27:11Z
2026-05-23T22:26:36Z,2026-05-24T00:26:36+0200,35a99b20-1361-4eb7-8009-5b844fa790cc,2026-05-04T18:00:00Z,2026-05-04T20:00:00+0200,46334.0,MW,FR,FR,forecast_load,Forecasted Load,2026-05-23T22:27:11Z
2026-05-23T22:26:36Z,2026-05-24T00:26:36+0200,35a99b20-1361-4eb7-8009-5b844fa790cc,2026-05-04T18:15:00Z,2026-05-04T20:15:00+0200,45748.5,MW,FR,FR,forecast_load,Forecasted Load,2026-05-23T22:27:11Z
2026-05-23T22:26:36Z,2026-05-24T00:26:36+0200,35a99b20-1361-4eb7-8009-5b844fa790cc,2026-05-04T18:30:00Z,2026-05-04T20:30:00+0200,45163.0,MW,FR,FR,forecast_load,Forecasted Load,2026-05-23T22:27:11Z
2026-05-23T22:26:36Z,2026-05-24T00:26:36+0200,35a99b20-1361-4eb7-8009-5b844fa790cc,2026-05-04T18:45:00Z,2026-05-04T20:45:00+0200,44881.5,MW,FR,FR,forecast_load,Forecasted Load,2026-05-23T22:27:11Z
2026-05-23T22:26:36Z,2026-05-24T00:26:36+0200,35a99b20-1361-4eb7-8009-5b844fa790cc,2026-05-04T19:00:00Z,2026-05-04T21:00:00+0200,44600.0,MW,FR,FR,forecast_load,Forecasted Load,2026-05-23T22:27:11Z
2026-05-23T22:26:36Z,2026-05-24T00:26:36+0200,35a99b20-1361-4eb7-8009-5b844fa790cc,2026-05-04T19:15:00Z,2026-05-04T21:15:00+0200,44655.0,MW,FR,FR,forecast_load,Forecasted Load,2026-05-23T22:27:11Z
2026-05-23T22:26:36Z,2026-05-24T00:26:36+0200,35a99b20-1361-4eb7-8009-5b844fa790cc,2026-05-04T19:30:00Z,2026-05-04T21:30:00+0200,44710.0,MW,FR,FR,forecast_load,Forecasted Load,2026-05-23T22:27:11Z
2026-05-23T22:26:36Z,2026-05-24T00:26:36+0200,35a99b20-1361-4eb7-8009-5b844fa790cc,2026-05-04T19:45:00Z,2026-05-04T21:45:00+0200,43906.5,MW,FR,FR,forecast_load,Forecasted Load,2026-05-23T22:27:11Z
2026-05-23T22:26:36Z,2026-05-24T00:26:36+0200,35a99b20-1361-4eb7-8009-5b844fa790cc,2026-05-04T20:00:00Z,2026-05-04T22:00:00+0200,43103.0,MW,FR,FR,forecast_load,Forecasted Load,2026-05-23T22:27:11Z
2026-05-23T22:26:36Z,2026-05-24T00:26:36+0200,35a99b20-1361-4eb7-8009-5b844fa790cc,2026-05-04T20:15:00Z,2026-05-04T22:15:00+0200,43591.0,MW,FR,FR,forecast_load,Forecasted Load,2026-05-23T22:27:11Z
2026-05-23T22:26:36Z,2026-05-24T00:26:36+0200,35a99b20-1361-4eb7-8009-5b844fa790cc,2026-05-04T20:30:00Z,2026-05-04T22:30:00+0200,44079.0,MW,FR,FR,forecast_load,Forecasted Load,2026-05-23T22:27:11Z
2026-05-23T22:26:36Z,2026-05-24T00:26:36+0200,35a99b20-1361-4eb7-8009-5b844fa790cc,2026-05-04T20:45:00Z,2026-05-04T22:45:00+0200,44708.0,MW,FR,FR,forecast_load,Forecasted Load,2026-05-23T22:27:11Z
2026-05-23T22:26:36Z,2026-05-24T00:26:36+0200,35a99b20-1361-4eb7-8009-5b844fa790cc,2026-05-04T21:00:00Z,2026-05-04T23:00:00+0200,45337.0,MW,FR,FR,forecast_load,Forecasted Load,2026-05-23T22:27:11Z
2026-05-23T22:26:36Z,2026-05-24T00:26:36+0200,35a99b20-1361-4eb7-8009-5b844fa790cc,2026-05-04T21:15:00Z,2026-05-04T23:15:00+0200,44797.5,MW,FR,FR,forecast_load,Forecasted Load,2026-05-23T22:27:11Z
2026-05-23T22:26:36Z,2026-05-24T00:26:36+0200,35a99b20-1361-4eb7-8009-5b844fa790cc,2026-05-04T21:30:00Z,2026-05-04T23:30:00+0200,44258.0,MW,FR,FR,forecast_load,Forecasted Load,2026-05-23T22:27:11Z
2026-05-23T22:26:36Z,2026-05-24T00:26:36+0200,35a99b20-1361-4eb7-8009-5b844fa790cc,2026-05-04T21:45:00Z,2026-05-04T23:45:00+0200,43523.5,MW,FR,FR,forecast_load,Forecasted Load,2026-05-23T22:27:11Z
2026-05-23T22:26:36Z,2026-05-24T00:26:36+0200,35a99b20-1361-4eb7-8009-5b844fa790cc,2026-05-04T22:00:00Z,2026-05-05T00:00:00+0200,43800.0,MW,FR,FR,forecast_load,Forecasted Load,2026-05-23T22:27:11Z
2026-05-23T22:26:36Z,2026-05-24T00:26:36+0200,35a99b20-1361-4eb7-8009-5b844fa790cc,2026-05-04T22:15:00Z,2026-05-05T00:15:00+0200,43050.0,MW,FR,FR,forecast_load,Forecasted Load,2026-05-23T22:27:11Z
2026-05-23T22:26:36Z,2026-05-24T00:26:36+0200,35a99b20-1361-4eb7-8009-5b844fa790cc,2026-05-04T22:30:00Z,2026-05-05T00:30:00+0200,42300.0,MW,FR,FR,forecast_load,Forecasted Load,2026-05-23T22:27:11Z
2026-05-23T22:26:36Z,2026-05-24T00:26:36+0200,35a99b20-1361-4eb7-8009-5b844fa790cc,2026-05-04T22:45:00Z,2026-05-05T00:45:00+0200,41450.0,MW,FR,FR,forecast_load,Forecasted Load,2026-05-23T22:27:11Z
2026-05-23T22:26:36Z,2026-05-24T00:26:36+0200,35a99b20-1361-4eb7-8009-5b844fa790cc,2026-05-04T23:00:00Z,2026-05-05T01:00:00+0200,40600.0,MW,FR,FR,forecast_load,Forecasted Load,2026-05-23T22:27:11Z
2026-05-23T22:26:36Z,2026-05-24T00:26:36+0200,35a99b20-1361-4eb7-8009-5b844fa790cc,2026-05-04T23:15:00Z,2026-05-05T01:15:00+0200,40850.0,MW,FR,FR,forecast_load,Forecasted Load,2026-05-23T22:27:11Z
2026-05-23T22:26:36Z,2026-05-24T00:26:36+0200,35a99b20-1361-4eb7-8009-5b844fa790cc,2026-05-04T23:30:00Z,2026-05-05T01:30:00+0200,41100.0,MW,FR,FR,forecast_load,Forecasted Load,2026-05-23T22:27:11Z
2026-05-23T22:26:36Z,2026-05-24T00:26:36+0200,35a99b20-1361-4eb7-8009-5b844fa790cc,2026-05-04T23:45:00Z,2026-05-05T01:45:00+0200,40500.0,MW,FR,FR,forecast_load,Forecasted Load,2026-05-23T22:27:11Z
2026-05-23T22:26:36Z,2026-05-24T00:26:36+0200,35a99b20-1361-4eb7-8009-5b844fa790cc,2026-05-05T00:00:00Z,2026-05-05T02:00:00+0200,39900.0,MW,FR,FR,forecast_load,Forecasted Load,2026-05-23T22:27:11Z
2026-05-23T22:26:36Z,2026-05-24T00:26:36+0200,35a99b20-1361-4eb7-8009-5b844fa790cc,2026-05-05T00:15:00Z,2026-05-05T02:15:00+0200,39150.0,MW,FR,FR,forecast_load,Forecasted Load,2026-05-23T22:27:11Z
2026-05-23T22:26:36Z,2026-05-24T00:26:36+0200,35a99b20-1361-4eb7-8009-5b844fa790cc,2026-05-05T00:30:00Z,2026-05-05T02:30:00+0200,38400.0,MW,FR,FR,forecast_load,Forecasted Load,2026-05-23T22:27:11Z
2026-05-23T22:26:36Z,2026-05-24T00:26:36+0200,35a99b20-1361-4eb7-8009-5b844fa790cc,2026-05-05T00:45:00Z,2026-05-05T02:45:00+0200,37800.0,MW,FR,FR,forecast_load,Forecasted Load,2026-05-23T22:27:11Z
2026-05-23T22:26:36Z,2026-05-24T00:26:36+0200,35a99b20-1361-4eb7-8009-5b844fa790cc,2026-05-05T01:00:00Z,2026-05-05T03:00:00+0200,37200.0,MW,FR,FR,forecast_load,Forecasted Load,2026-05-23T22:27:11Z
2026-05-23T22:26:36Z,2026-05-24T00:26:36+0200,35a99b20-1361-4eb7-8009-5b844fa790cc,2026-05-05T01:15:00Z,2026-05-05T03:15:00+0200,36750.0,MW,FR,FR,forecast_load,Forecasted Load,2026-05-23T22:27:11Z
2026-05-23T22:26:36Z,2026-05-24T00:26:36+0200,35a99b20-1361-4eb7-8009-5b844fa790cc,2026-05-05T01:30:00Z,2026-05-05T03:30:00+0200,36300.0,MW,FR,FR,forecast_load,Forecasted Load,2026-05-23T22:27:11Z
2026-05-23T22:26:36Z,2026-05-24T00:26:36+0200,35a99b20-1361-4eb7-8009-5b844fa790cc,2026-05-05T01:45:00Z,2026-05-05T03:45:00+0200,35950.0,MW,FR,FR,forecast_load,Forecasted Load,2026-05-23T22:27:11Z
2026-05-23T22:26:36Z,2026-05-24T00:26:36+0200,35a99b20-1361-4eb7-8009-5b844fa790cc,2026-05-05T02:00:00Z,2026-05-05T04:00:00+0200,35600.0,MW,FR,FR,forecast_load,Forecasted Load,2026-05-23T22:27:11Z
2026-05-23T22:26:36Z,2026-05-24T00:26:36+0200,35a99b20-1361-4eb7-8009-5b844fa790cc,2026-05-05T02:15:00Z,2026-05-05T04:15:00+0200,35750.0,MW,FR,FR,forecast_load,Forecasted Load,2026-05-23T22:27:11Z
2026-05-23T22:26:36Z,2026-05-24T00:26:36+0200,35a99b20-1361-4eb7-8009-5b844fa790cc,2026-05-05T02:30:00Z,2026-05-05T04:30:00+0200,35900.0,MW,FR,FR,forecast_load,Forecasted Load,2026-05-23T22:27:11Z
2026-05-23T22:26:36Z,2026-05-24T00:26:36+0200,35a99b20-1361-4eb7-8009-5b844fa790cc,2026-05-05T02:45:00Z,2026-05-05T04:45:00+0200,36150.0,MW,FR,FR,forecast_load,Forecasted Load,2026-05-23T22:27:11Z
2026-05-23T22:26:36Z,2026-05-24T00:26:36+0200,35a99b20-1361-4eb7-8009-5b844fa790cc,2026-05-05T03:00:00Z,2026-05-05T05:00:00+0200,36400.0,MW,FR,FR,forecast_load,Forecasted Load,2026-05-23T22:27:11Z
2026-05-23T22:26:36Z,2026-05-24T00:26:36+0200,35a99b20-1361-4eb7-8009-5b844fa790cc,2026-05-05T03:15:00Z,2026-05-05T05:15:00+0200,37000.0,MW,FR,FR,forecast_load,Forecasted Load,2026-05-23T22:27:11Z
2026-05-23T22:26:36Z,2026-05-24T00:26:36+0200,35a99b20-1361-4eb7-8009-5b844fa790cc,2026-05-05T03:30:00Z,2026-05-05T05:30:00+0200,37600.0,MW,FR,FR,forecast_load,Forecasted Load,2026-05-23T22:27:11Z
2026-05-23T22:26:36Z,2026-05-24T00:26:36+0200,35a99b20-1361-4eb7-8009-5b844fa790cc,2026-05-05T03:45:00Z,2026-05-05T05:45:00+0200,38500.0,MW,FR,FR,forecast_load,Forecasted Load,2026-05-23T22:27:11Z
2026-05-23T22:26:36Z,2026-05-24T00:26:36+0200,35a99b20-1361-4eb7-8009-5b844fa790cc,2026-05-05T04:00:00Z,2026-05-05T06:00:00+0200,39400.0,MW,FR,FR,forecast_load,Forecasted Load,2026-05-23T22:27:11Z
2026-05-23T22:26:36Z,2026-05-24T00:26:36+0200,35a99b20-1361-4eb7-8009-5b844fa790cc,2026-05-05T04:15:00Z,2026-05-05T06:15:00+0200,40500.0,MW,FR,FR,forecast_load,Forecasted Load,2026-05-23T22:27:11Z
2026-05-23T22:26:36Z,2026-05-24T00:26:36+0200,35a99b20-1361-4eb7-8009-5b844fa790cc,2026-05-05T04:30:00Z,2026-05-05T06:30:00+0200,41600.0,MW,FR,FR,forecast_load,Forecasted Load,2026-05-23T22:27:11Z
2026-05-23T22:26:36Z,2026-05-24T00:26:36+0200,35a99b20-1361-4eb7-8009-5b844fa790cc,2026-05-05T04:45:00Z,2026-05-05T06:45:00+0200,42550.0,MW,FR,FR,forecast_load,Forecasted Load,2026-05-23T22:27:11Z
2026-05-23T22:26:36Z,2026-05-24T00:26:36+0200,35a99b20-1361-4eb7-8009-5b844fa790cc,2026-05-05T05:00:00Z,2026-05-05T07:00:00+0200,43500.0,MW,FR,FR,forecast_load,Forecasted Load,2026-05-23T22:27:11Z
2026-05-23T22:26:36Z,2026-05-24T00:26:36+0200,35a99b20-1361-4eb7-8009-5b844fa790cc,2026-05-05T05:15:00Z,2026-05-05T07:15:00+0200,44550.0,MW,FR,FR,forecast_load,Forecasted Load,2026-05-23T22:27:11Z
2026-05-23T22:26:36Z,2026-05-24T00:26:36+0200,35a99b20-1361-4eb7-8009-5b844fa790cc,2026-05-05T05:30:00Z,2026-05-05T07:30:00+0200,45600.0,MW,FR,FR,forecast_load,Forecasted Load,2026-05-23T22:27:11Z
2026-05-23T22:26:36Z,2026-05-24T00:26:36+0200,35a99b20-1361-4eb7-8009-5b844fa790cc,2026-05-05T05:45:00Z,2026-05-05T07:45:00+0200,46200.0,MW,FR,FR,forecast_load,Forecasted Load,2026-05-23T22:27:11Z
2026-05-23T22:26:36Z,2026-05-24T00:26:36+0200,35a99b20-1361-4eb7-8009-5b844fa790cc,2026-05-05T06:00:00Z,2026-05-05T08:00:00+0200,46800.0,MW,FR,FR,forecast_load,Forecasted Load,2026-05-23T22:27:11Z
2026-05-23T22:26:36Z,2026-05-24T00:26:36+0200,35a99b20-1361-4eb7-8009-5b844fa790cc,2026-05-05T06:15:00Z,2026-05-05T08:15:00+0200,47350.0,MW,FR,FR,forecast_load,Forecasted Load,2026-05-23T22:27:11Z
2026-05-23T22:26:36Z,2026-05-24T00:26:36+0200,35a99b20-1361-4eb7-8009-5b844fa790cc,2026-05-05T06:30:00Z,2026-05-05T08:30:00+0200,47900.0,MW,FR,FR,forecast_load,Forecasted Load,2026-05-23T22:27:11Z
2026-05-23T22:26:36Z,2026-05-24T00:26:36+0200,35a99b20-1361-4eb7-8009-5b844fa790cc,2026-05-05T06:45:00Z,2026-05-05T08:45:00+0200,48250.0,MW,FR,FR,forecast_load,Forecasted Load,2026-05-23T22:27:11Z
2026-05-23T22:26:36Z,2026-05-24T00:26:36+0200,35a99b20-1361-4eb7-8009-5b844fa790cc,2026-05-05T07:00:00Z,2026-05-05T09:00:00+0200,48600.0,MW,FR,FR,forecast_load,Forecasted Load,2026-05-23T22:27:11Z
2026-05-23T22:26:36Z,2026-05-24T00:26:36+0200,35a99b20-1361-4eb7-8009-5b844fa790cc,2026-05-05T07:15:00Z,2026-05-05T09:15:00+0200,48600.0,MW,FR,FR,forecast_load,Forecasted Load,2026-05-23T22:27:11Z
2026-05-23T22:26:36Z,2026-05-24T00:26:36+0200,35a99b20-1361-4eb7-8009-5b844fa790cc,2026-05-05T07:30:00Z,2026-05-05T09:30:00+0200,48600.0,MW,FR,FR,forecast_load,Forecasted Load,2026-05-23T22:27:11Z
2026-05-23T22:26:36Z,2026-05-24T00:26:36+0200,35a99b20-1361-4eb7-8009-5b844fa790cc,2026-05-05T07:45:00Z,2026-05-05T09:45:00+0200,48700.0,MW,FR,FR,forecast_load,Forecasted Load,2026-05-23T22:27:11Z
2026-05-23T22:26:36Z,2026-05-24T00:26:36+0200,35a99b20-1361-4eb7-8009-5b844fa790cc,2026-05-05T08:00:00Z,2026-05-05T10:00:00+0200,48800.0,MW,FR,FR,forecast_load,Forecasted Load,2026-05-23T22:27:11Z
2026-05-23T22:26:36Z,2026-05-24T00:26:36+0200,35a99b20-1361-4eb7-8009-5b844fa790cc,2026-05-05T08:15:00Z,2026-05-05T10:15:00+0200,49050.0,MW,FR,FR,forecast_load,Forecasted Load,2026-05-23T22:27:11Z
2026-05-23T22:26:36Z,2026-05-24T00:26:36+0200,35a99b20-1361-4eb7-8009-5b844fa790cc,2026-05-05T08:30:00Z,2026-05-05T10:30:00+0200,49300.0,MW,FR,FR,forecast_load,Forecasted Load,2026-05-23T22:27:11Z
2026-05-23T22:26:36Z,2026-05-24T00:26:36+0200,35a99b20-1361-4eb7-8009-5b844fa790cc,2026-05-05T08:45:00Z,2026-05-05T10:45:00+0200,49350.0,MW,FR,FR,forecast_load,Forecasted Load,2026-05-23T22:27:11Z
2026-05-23T22:26:36Z,2026-05-24T00:26:36+0200,35a99b20-1361-4eb7-8009-5b844fa790cc,2026-05-05T09:00:00Z,2026-05-05T11:00:00+0200,49400.0,MW,FR,FR,forecast_load,Forecasted Load,2026-05-23T22:27:11Z
2026-05-23T22:26:36Z,2026-05-24T00:26:36+0200,35a99b20-1361-4eb7-8009-5b844fa790cc,2026-05-05T09:15:00Z,2026-05-05T11:15:00+0200,49600.0,MW,FR,FR,forecast_load,Forecasted Load,2026-05-23T22:27:11Z
2026-05-23T22:26:36Z,2026-05-24T00:26:36+0200,35a99b20-1361-4eb7-8009-5b844fa790cc,2026-05-05T09:30:00Z,2026-05-05T11:30:00+0200,49800.0,MW,FR,FR,forecast_load,Forecasted Load,2026-05-23T22:27:11Z
2026-05-23T22:26:36Z,2026-05-24T00:26:36+0200,35a99b20-1361-4eb7-8009-5b844fa790cc,2026-05-05T09:45:00Z,2026-05-05T11:45:00+0200,50400.0,MW,FR,FR,forecast_load,Forecasted Load,2026-05-23T22:27:11Z
2026-05-23T22:26:36Z,2026-05-24T00:26:36+0200,35a99b20-1361-4eb7-8009-5b844fa790cc,2026-05-05T10:00:00Z,2026-05-05T12:00:00+0200,51000.0,MW,FR,FR,forecast_load,Forecasted Load,2026-05-23T22:27:11Z
2026-05-23T22:26:36Z,2026-05-24T00:26:36+0200,35a99b20-1361-4eb7-8009-5b844fa790cc,2026-05-05T10:15:00Z,2026-05-05T12:15:00+0200,50700.0,MW,FR,FR,forecast_load,Forecasted Load,2026-05-23T22:27:11Z
2026-05-23T22:26:36Z,2026-05-24T00:26:36+0200,35a99b20-1361-4eb7-8009-5b844fa790cc,2026-05-05T10:30:00Z,2026-05-05T12:30:00+0200,50400.0,MW,FR,FR,forecast_load,Forecasted Load,2026-05-23T22:27:11Z
2026-05-23T22:26:36Z,2026-05-24T00:26:36+0200,35a99b20-1361-4eb7-8009-5b844fa790cc,2026-05-05T10:45:00Z,2026-05-05T12:45:00+0200,50950.0,MW,FR,FR,forecast_load,Forecasted Load,2026-05-23T22:27:11Z
2026-05-23T22:26:36Z,2026-05-24T00:26:36+0200,35a99b20-1361-4eb7-8009-5b844fa790cc,2026-05-05T11:00:00Z,2026-05-05T13:00:00+0200,51500.0,MW,FR,FR,forecast_load,Forecasted Load,2026-05-23T22:27:11Z
2026-05-23T22:26:36Z,2026-05-24T00:26:36+0200,35a99b20-1361-4eb7-8009-5b844fa790cc,2026-05-05T11:15:00Z,2026-05-05T13:15:00+0200,50750.0,MW,FR,FR,forecast_load,Forecasted Load,2026-05-23T22:27:11Z
2026-05-23T22:26:36Z,2026-05-24T00:26:36+0200,35a99b20-1361-4eb7-8009-5b844fa790cc,2026-05-05T11:30:00Z,2026-05-05T13:30:00+0200,50000.0,MW,FR,FR,forecast_load,Forecasted Load,2026-05-23T22:27:11Z
2026-05-23T22:26:36Z,2026-05-24T00:26:36+0200,35a99b20-1361-4eb7-8009-5b844fa790cc,2026-05-05T11:45:00Z,2026-05-05T13:45:00+0200,49500.0,MW,FR,FR,forecast_load,Forecasted Load,2026-05-23T22:27:11Z
2026-05-23T22:26:36Z,2026-05-24T00:26:36+0200,35a99b20-1361-4eb7-8009-5b844fa790cc,2026-05-05T12:00:00Z,2026-05-05T14:00:00+0200,49000.0,MW,FR,FR,forecast_load,Forecasted Load,2026-05-23T22:27:11Z
2026-05-23T22:26:36Z,2026-05-24T00:26:36+0200,35a99b20-1361-4eb7-8009-5b844fa790cc,2026-05-05T12:15:00Z,2026-05-05T14:15:00+0200,49700.0,MW,FR,FR,forecast_load,Forecasted Load,2026-05-23T22:27:11Z
2026-05-23T22:26:36Z,2026-05-24T00:26:36+0200,35a99b20-1361-4eb7-8009-5b844fa790cc,2026-05-05T12:30:00Z,2026-05-05T14:30:00+0200,50400.0,MW,FR,FR,forecast_load,Forecasted Load,2026-05-23T22:27:11Z
2026-05-23T22:26:36Z,2026-05-24T00:26:36+0200,35a99b20-1361-4eb7-8009-5b844fa790cc,2026-05-05T12:45:00Z,2026-05-05T14:45:00+0200,50050.0,MW,FR,FR,forecast_load,Forecasted Load,2026-05-23T22:27:11Z
2026-05-23T22:26:36Z,2026-05-24T00:26:36+0200,35a99b20-1361-4eb7-8009-5b844fa790cc,2026-05-05T13:00:00Z,2026-05-05T15:00:00+0200,49700.0,MW,FR,FR,forecast_load,Forecasted Load,2026-05-23T22:27:11Z
2026-05-23T22:26:36Z,2026-05-24T00:26:36+0200,35a99b20-1361-4eb7-8009-5b844fa790cc,2026-05-05T13:15:00Z,2026-05-05T15:15:00+0200,49100.0,MW,FR,FR,forecast_load,Forecasted Load,2026-05-23T22:27:11Z
2026-05-23T22:26:36Z,2026-05-24T00:26:36+0200,35a99b20-1361-4eb7-8009-5b844fa790cc,2026-05-05T13:30:00Z,2026-05-05T15:30:00+0200,48500.0,MW,FR,FR,forecast_load,Forecasted Load,2026-05-23T22:27:11Z
2026-05-23T22:26:36Z,2026-05-24T00:26:36+0200,35a99b20-1361-4eb7-8009-5b844fa790cc,2026-05-05T13:45:00Z,2026-05-05T15:45:00+0200,48050.0,MW,FR,FR,forecast_load,Forecasted Load,2026-05-23T22:27:11Z
2026-05-23T22:26:36Z,2026-05-24T00:26:36+0200,35a99b20-1361-4eb7-8009-5b844fa790cc,2026-05-05T14:00:00Z,2026-05-05T16:00:00+0200,47600.0,MW,FR,FR,forecast_load,Forecasted Load,2026-05-23T22:27:11Z
2026-05-23T22:26:36Z,2026-05-24T00:26:36+0200,35a99b20-1361-4eb7-8009-5b844fa790cc,2026-05-05T14:15:00Z,2026-05-05T16:15:00+0200,47050.0,MW,FR,FR,forecast_load,Forecasted Load,2026-05-23T22:27:11Z
2026-05-23T22:26:36Z,2026-05-24T00:26:36+0200,35a99b20-1361-4eb7-8009-5b844fa790cc,2026-05-05T14:30:00Z,2026-05-05T16:30:00+0200,46500.0,MW,FR,FR,forecast_load,Forecasted Load,2026-05-23T22:27:11Z
2026-05-23T22:26:36Z,2026-05-24T00:26:36+0200,35a99b20-1361-4eb7-8009-5b844fa790cc,2026-05-05T14:45:00Z,2026-05-05T16:45:00+0200,46150.0,MW,FR,FR,forecast_load,Forecasted Load,2026-05-23T22:27:11Z
2026-05-23T22:26:36Z,2026-05-24T00:26:36+0200,35a99b20-1361-4eb7-8009-5b844fa790cc,2026-05-05T15:00:00Z,2026-05-05T17:00:00+0200,45800.0,MW,FR,FR,forecast_load,Forecasted Load,2026-05-23T22:27:11Z
2026-05-23T22:26:36Z,2026-05-24T00:26:36+0200,35a99b20-1361-4eb7-8009-5b844fa790cc,2026-05-05T15:15:00Z,2026-05-05T17:15:00+0200,46000.0,MW,FR,FR,forecast_load,Forecasted Load,2026-05-23T22:27:11Z
2026-05-23T22:26:36Z,2026-05-24T00:26:36+0200,35a99b20-1361-4eb7-8009-5b844fa790cc,2026-05-05T15:30:00Z,2026-05-05T17:30:00+0200,46200.0,MW,FR,FR,forecast_load,Forecasted Load,2026-05-23T22:27:11Z
2026-05-23T22:26:36Z,2026-05-24T00:26:36+0200,35a99b20-1361-4eb7-8009-5b844fa790cc,2026-05-05T15:45:00Z,2026-05-05T17:45:00+0200,46500.0,MW,FR,FR,forecast_load,Forecasted Load,2026-05-23T22:27:11Z
2026-05-23T22:26:36Z,2026-05-24T00:26:36+0200,35a99b20-1361-4eb7-8009-5b844fa790cc,2026-05-05T16:00:00Z,2026-05-05T18:00:00+0200,46800.0,MW,FR,FR,forecast_load,Forecasted Load,2026-05-23T22:27:11Z
2026-05-23T22:26:36Z,2026-05-24T00:26:36+0200,35a99b20-1361-4eb7-8009-5b844fa790cc,2026-05-05T16:15:00Z,2026-05-05T18:15:00+0200,47350.0,MW,FR,FR,forecast_load,Forecasted Load,2026-05-23T22:27:11Z
2026-05-23T22:26:36Z,2026-05-24T00:26:36+0200,35a99b20-1361-4eb7-8009-5b844fa790cc,2026-05-05T16:30:00Z,2026-05-05T18:30:00+0200,47900.0,MW,FR,FR,forecast_load,Forecasted Load,2026-05-23T22:27:11Z
2026-05-23T22:26:36Z,2026-05-24T00:26:36+0200,35a99b20-1361-4eb7-8009-5b844fa790cc,2026-05-05T16:45:00Z,2026-05-05T18:45:00+0200,48600.0,MW,FR,FR,forecast_load,Forecasted Load,2026-05-23T22:27:11Z
2026-05-23T22:26:36Z,2026-05-24T00:26:36+0200,35a99b20-1361-4eb7-8009-5b844fa790cc,2026-05-05T17:00:00Z,2026-05-05T19:00:00+0200,49300.0,MW,FR,FR,forecast_load,Forecasted Load,2026-05-23T22:27:11Z
2026-05-23T22:26:36Z,2026-05-24T00:26:36+0200,35a99b20-1361-4eb7-8009-5b844fa790cc,2026-05-05T17:15:00Z,2026-05-05T19:15:00+0200,49550.0,MW,FR,FR,forecast_load,Forecasted Load,2026-05-23T22:27:11Z
2026-05-23T22:26:36Z,2026-05-24T00:26:36+0200,35a99b20-1361-4eb7-8009-5b844fa790cc,2026-05-05T17:30:00Z,2026-05-05T19:30:00+0200,49800.0,MW,FR,FR,forecast_load,Forecasted Load,2026-05-23T22:27:11Z
2026-05-23T22:26:36Z,2026-05-24T00:26:36+0200,35a99b20-1361-4eb7-8009-5b844fa790cc,2026-05-05T17:45:00Z,2026-05-05T19:45:00+0200,49200.0,MW,FR,FR,forecast_load,Forecasted Load,2026-05-23T22:27:11Z
2026-05-23T22:26:36Z,2026-05-24T00:26:36+0200,35a99b20-1361-4eb7-8009-5b844fa790cc,2026-05-05T18:00:00Z,2026-05-05T20:00:00+0200,48600.0,MW,FR,FR,forecast_load,Forecasted Load,2026-05-23T22:27:11Z
2026-05-23T22:26:36Z,2026-05-24T00:26:36+0200,35a99b20-1361-4eb7-8009-5b844fa790cc,2026-05-05T18:15:00Z,2026-05-05T20:15:00+0200,47900.0,MW,FR,FR,forecast_load,Forecasted Load,2026-05-23T22:27:11Z
2026-05-23T22:26:36Z,2026-05-24T00:26:36+0200,35a99b20-1361-4eb7-8009-5b844fa790cc,2026-05-05T18:30:00Z,2026-05-05T20:30:00+0200,47200.0,MW,FR,FR,forecast_load,Forecasted Load,2026-05-23T22:27:11Z
2026-05-23T22:26:36Z,2026-05-24T00:26:36+0200,35a99b20-1361-4eb7-8009-5b844fa790cc,2026-05-05T18:45:00Z,2026-05-05T20:45:00+0200,46900.0,MW,FR,FR,forecast_load,Forecasted Load,2026-05-23T22:27:11Z
2026-05-23T22:26:36Z,2026-05-24T00:26:36+0200,35a99b20-1361-4eb7-8009-5b844fa790cc,2026-05-05T19:00:00Z,2026-05-05T21:00:00+0200,46600.0,MW,FR,FR,forecast_load,Forecasted Load,2026-05-23T22:27:11Z
2026-05-23T22:26:36Z,2026-05-24T00:26:36+0200,35a99b20-1361-4eb7-8009-5b844fa790cc,2026-05-05T19:15:00Z,2026-05-05T21:15:00+0200,46500.0,MW,FR,FR,forecast_load,Forecasted Load,2026-05-23T22:27:11Z
2026-05-23T22:26:36Z,2026-05-24T00:26:36+0200,35a99b20-1361-4eb7-8009-5b844fa790cc,2026-05-05T19:30:00Z,2026-05-05T21:30:00+0200,46400.0,MW,FR,FR,forecast_load,Forecasted Load,2026-05-23T22:27:11Z
2026-05-23T22:26:36Z,2026-05-24T00:26:36+0200,35a99b20-1361-4eb7-8009-5b844fa790cc,2026-05-05T19:45:00Z,2026-05-05T21:45:00+0200,45800.0,MW,FR,FR,forecast_load,Forecasted Load,2026-05-23T22:27:11Z
2026-05-23T22:26:36Z,2026-05-24T00:26:36+0200,35a99b20-1361-4eb7-8009-5b844fa790cc,2026-05-05T20:00:00Z,2026-05-05T22:00:00+0200,45200.0,MW,FR,FR,forecast_load,Forecasted Load,2026-05-23T22:27:11Z
2026-05-23T22:26:36Z,2026-05-24T00:26:36+0200,35a99b20-1361-4eb7-8009-5b844fa790cc,2026-05-05T20:15:00Z,2026-05-05T22:15:00+0200,45650.0,MW,FR,FR,forecast_load,Forecasted Load,2026-05-23T22:27:11Z
2026-05-23T22:26:36Z,2026-05-24T00:26:36+0200,35a99b20-1361-4eb7-8009-5b844fa790cc,2026-05-05T20:30:00Z,2026-05-05T22:30:00+0200,46100.0,MW,FR,FR,forecast_load,Forecasted Load,2026-05-23T22:27:11Z
2026-05-23T22:26:36Z,2026-05-24T00:26:36+0200,35a99b20-1361-4eb7-8009-5b844fa790cc,2026-05-05T20:45:00Z,2026-05-05T22:45:00+0200,46800.0,MW,FR,FR,forecast_load,Forecasted Load,2026-05-23T22:27:11Z
2026-05-23T22:26:36Z,2026-05-24T00:26:36+0200,35a99b20-1361-4eb7-8009-5b844fa790cc,2026-05-05T21:00:00Z,2026-05-05T23:00:00+0200,47500.0,MW,FR,FR,forecast_load,Forecasted Load,2026-05-23T22:27:11Z
2026-05-23T22:26:36Z,2026-05-24T00:26:36+0200,35a99b20-1361-4eb7-8009-5b844fa790cc,2026-05-05T21:15:00Z,2026-05-05T23:15:00+0200,46900.0,MW,FR,FR,forecast_load,Forecasted Load,2026-05-23T22:27:11Z
2026-05-23T22:26:36Z,2026-05-24T00:26:36+0200,35a99b20-1361-4eb7-8009-5b844fa790cc,2026-05-05T21:30:00Z,2026-05-05T23:30:00+0200,46300.0,MW,FR,FR,forecast_load,Forecasted Load,2026-05-23T22:27:11Z
2026-05-23T22:26:36Z,2026-05-24T00:26:36+0200,35a99b20-1361-4eb7-8009-5b844fa790cc,2026-05-05T21:45:00Z,2026-05-05T23:45:00+0200,45550.0,MW,FR,FR,forecast_load,Forecasted Load,2026-05-23T22:27:11Z
2026-05-23T22:26:36Z,2026-05-24T00:26:36+0200,35a99b20-1361-4eb7-8009-5b844fa790cc,2026-05-05T22:00:00Z,2026-05-06T00:00:00+0200,44800.0,MW,FR,FR,forecast_load,Forecasted Load,2026-05-23T22:27:11Z
2026-05-23T22:26:36Z,2026-05-24T00:26:36+0200,35a99b20-1361-4eb7-8009-5b844fa790cc,2026-05-05T22:15:00Z,2026-05-06T00:15:00+0200,44000.0,MW,FR,FR,forecast_load,Forecasted Load,2026-05-23T22:27:11Z
2026-05-23T22:26:36Z,2026-05-24T00:26:36+0200,35a99b20-1361-4eb7-8009-5b844fa790cc,2026-05-05T22:30:00Z,2026-05-06T00:30:00+0200,43200.0,MW,FR,FR,forecast_load,Forecasted Load,2026-05-23T22:27:11Z
2026-05-23T22:26:36Z,2026-05-24T00:26:36+0200,35a99b20-1361-4eb7-8009-5b844fa790cc,2026-05-05T22:45:00Z,2026-05-06T00:45:00+0200,42150.0,MW,FR,FR,forecast_load,Forecasted Load,2026-05-23T22:27:11Z
2026-05-23T22:26:36Z,2026-05-24T00:26:36+0200,35a99b20-1361-4eb7-8009-5b844fa790cc,2026-05-05T23:00:00Z,2026-05-06T01:00:00+0200,41100.0,MW,FR,FR,forecast_load,Forecasted Load,2026-05-23T22:27:11Z
2026-05-23T22:26:36Z,2026-05-24T00:26:36+0200,35a99b20-1361-4eb7-8009-5b844fa790cc,2026-05-05T23:15:00Z,2026-05-06T01:15:00+0200,41400.0,MW,FR,FR,forecast_load,Forecasted Load,2026-05-23T22:27:11Z
2026-05-23T22:26:36Z,2026-05-24T00:26:36+0200,35a99b20-1361-4eb7-8009-5b844fa790cc,2026-05-05T23:30:00Z,2026-05-06T01:30:00+0200,41700.0,MW,FR,FR,forecast_load,Forecasted Load,2026-05-23T22:27:11Z
2026-05-23T22:26:36Z,2026-05-24T00:26:36+0200,35a99b20-1361-4eb7-8009-5b844fa790cc,2026-05-05T23:45:00Z,2026-05-06T01:45:00+0200,40950.0,MW,FR,FR,forecast_load,Forecasted Load,2026-05-23T22:27:11Z
2026-05-23T22:26:36Z,2026-05-24T00:26:36+0200,35a99b20-1361-4eb7-8009-5b844fa790cc,2026-05-06T00:00:00Z,2026-05-06T02:00:00+0200,40200.0,MW,FR,FR,forecast_load,Forecasted Load,2026-05-23T22:27:11Z
2026-05-23T22:26:36Z,2026-05-24T00:26:36+0200,35a99b20-1361-4eb7-8009-5b844fa790cc,2026-05-06T00:15:00Z,2026-05-06T02:15:00+0200,39600.0,MW,FR,FR,forecast_load,Forecasted Load,2026-05-23T22:27:11Z
2026-05-23T22:26:36Z,2026-05-24T00:26:36+0200,35a99b20-1361-4eb7-8009-5b844fa790cc,2026-05-06T00:30:00Z,2026-05-06T02:30:00+0200,39000.0,MW,FR,FR,forecast_load,Forecasted Load,2026-05-23T22:27:11Z
2026-05-23T22:26:36Z,2026-05-24T00:26:36+0200,35a99b20-1361-4eb7-8009-5b844fa790cc,2026-05-06T00:45:00Z,2026-05-06T02:45:00+0200,38250.0,MW,FR,FR,forecast_load,Forecasted Load,2026-05-23T22:27:11Z
2026-05-23T22:26:36Z,2026-05-24T00:26:36+0200,35a99b20-1361-4eb7-8009-5b844fa790cc,2026-05-06T01:00:00Z,2026-05-06T03:00:00+0200,37500.0,MW,FR,FR,forecast_load,Forecasted Load,2026-05-23T22:27:11Z
2026-05-23T22:26:36Z,2026-05-24T00:26:36+0200,35a99b20-1361-4eb7-8009-5b844fa790cc,2026-05-06T01:15:00Z,2026-05-06T03:15:00+0200,37150.0,MW,FR,FR,forecast_load,Forecasted Load,2026-05-23T22:27:11Z
2026-05-23T22:26:36Z,2026-05-24T00:26:36+0200,35a99b20-1361-4eb7-8009-5b844fa790cc,2026-05-06T01:30:00Z,2026-05-06T03:30:00+0200,36800.0,MW,FR,FR,forecast_load,Forecasted Load,2026-05-23T22:27:11Z
2026-05-23T22:26:36Z,2026-05-24T00:26:36+0200,35a99b20-1361-4eb7-8009-5b844fa790cc,2026-05-06T01:45:00Z,2026-05-06T03:45:00+0200,36500.0,MW,FR,FR,forecast_load,Forecasted Load,2026-05-23T22:27:11Z
2026-05-23T22:26:36Z,2026-05-24T00:26:36+0200,35a99b20-1361-4eb7-8009-5b844fa790cc,2026-05-06T02:00:00Z,2026-05-06T04:00:00+0200,36200.0,MW,FR,FR,forecast_load,Forecasted Load,2026-05-23T22:27:11Z
2026-05-23T22:26:36Z,2026-05-24T00:26:36+0200,35a99b20-1361-4eb7-8009-5b844fa790cc,2026-05-06T02:15:00Z,2026-05-06T04:15:00+0200,36100.0,MW,FR,FR,forecast_load,Forecasted Load,2026-05-23T22:27:11Z
2026-05-23T22:26:36Z,2026-05-24T00:26:36+0200,35a99b20-1361-4eb7-8009-5b844fa790cc,2026-05-06T02:30:00Z,2026-05-06T04:30:00+0200,36000.0,MW,FR,FR,forecast_load,Forecasted Load,2026-05-23T22:27:11Z
2026-05-23T22:26:36Z,2026-05-24T00:26:36+0200,35a99b20-1361-4eb7-8009-5b844fa790cc,2026-05-06T02:45:00Z,2026-05-06T04:45:00+0200,36300.0,MW,FR,FR,forecast_load,Forecasted Load,2026-05-23T22:27:11Z
2026-05-23T22:26:36Z,2026-05-24T00:26:36+0200,35a99b20-1361-4eb7-8009-5b844fa790cc,2026-05-06T03:00:00Z,2026-05-06T05:00:00+0200,36600.0,MW,FR,FR,forecast_load,Forecasted Load,2026-05-23T22:27:11Z
2026-05-23T22:26:36Z,2026-05-24T00:26:36+0200,35a99b20-1361-4eb7-8009-5b844fa790cc,2026-05-06T03:15:00Z,2026-05-06T05:15:00+0200,37350.0,MW,FR,FR,forecast_load,Forecasted Load,2026-05-23T22:27:11Z
2026-05-23T22:26:36Z,2026-05-24T00:26:36+0200,35a99b20-1361-4eb7-8009-5b844fa790cc,2026-05-06T03:30:00Z,2026-05-06T05:30:00+0200,38100.0,MW,FR,FR,forecast_load,Forecasted Load,2026-05-23T22:27:11Z
2026-05-23T22:26:36Z,2026-05-24T00:26:36+0200,35a99b20-1361-4eb7-8009-5b844fa790cc,2026-05-06T03:45:00Z,2026-05-06T05:45:00+0200,38850.0,MW,FR,FR,forecast_load,Forecasted Load,2026-05-23T22:27:11Z
2026-05-23T22:26:36Z,2026-05-24T00:26:36+0200,35a99b20-1361-4eb7-8009-5b844fa790cc,2026-05-06T04:00:00Z,2026-05-06T06:00:00+0200,39600.0,MW,FR,FR,forecast_load,Forecasted Load,2026-05-23T22:27:11Z
2026-05-23T22:26:36Z,2026-05-24T00:26:36+0200,35a99b20-1361-4eb7-8009-5b844fa790cc,2026-05-06T04:15:00Z,2026-05-06T06:15:00+0200,40600.0,MW,FR,FR,forecast_load,Forecasted Load,2026-05-23T22:27:11Z
2026-05-23T22:26:36Z,2026-05-24T00:26:36+0200,35a99b20-1361-4eb7-8009-5b844fa790cc,2026-05-06T04:30:00Z,2026-05-06T06:30:00+0200,41600.0,MW,FR,FR,forecast_load,Forecasted Load,2026-05-23T22:27:11Z
2026-05-23T22:26:36Z,2026-05-24T00:26:36+0200,35a99b20-1361-4eb7-8009-5b844fa790cc,2026-05-06T04:45:00Z,2026-05-06T06:45:00+0200,42700.0,MW,FR,FR,forecast_load,Forecasted Load,2026-05-23T22:27:11Z
2026-05-23T22:26:36Z,2026-05-24T00:26:36+0200,35a99b20-1361-4eb7-8009-5b844fa790cc,2026-05-06T05:00:00Z,2026-05-06T07:00:00+0200,43800.0,MW,FR,FR,forecast_load,Forecasted Load,2026-05-23T22:27:11Z
2026-05-23T22:26:36Z,2026-05-24T00:26:36+0200,35a99b20-1361-4eb7-8009-5b844fa790cc,2026-05-06T05:15:00Z,2026-05-06T07:15:00+0200,44800.0,MW,FR,FR,forecast_load,Forecasted Load,2026-05-23T22:27:11Z
2026-05-23T22:26:36Z,2026-05-24T00:26:36+0200,35a99b20-1361-4eb7-8009-5b844fa790cc,2026-05-06T05:30:00Z,2026-05-06T07:30:00+0200,45800.0,MW,FR,FR,forecast_load,Forecasted Load,2026-05-23T22:27:11Z
2026-05-23T22:26:36Z,2026-05-24T00:26:36+0200,35a99b20-1361-4eb7-8009-5b844fa790cc,2026-05-06T05:45:00Z,2026-05-06T07:45:00+0200,46700.0,MW,FR,FR,forecast_load,Forecasted Load,2026-05-23T22:27:11Z
2026-05-23T22:26:36Z,2026-05-24T00:26:36+0200,35a99b20-1361-4eb7-8009-5b844fa790cc,2026-05-06T06:00:00Z,2026-05-06T08:00:00+0200,47600.0,MW,FR,FR,forecast_load,Forecasted Load,2026-05-23T22:27:11Z
2026-05-23T22:26:36Z,2026-05-24T00:26:36+0200,35a99b20-1361-4eb7-8009-5b844fa790cc,2026-05-06T06:15:00Z,2026-05-06T08:15:00+0200,48200.0,MW,FR,FR,forecast_load,Forecasted Load,2026-05-23T22:27:11Z
2026-05-23T22:26:36Z,2026-05-24T00:26:36+0200,35a99b20-1361-4eb7-8009-5b844fa790cc,2026-05-06T06:30:00Z,2026-05-06T08:30:00+0200,48800.0,MW,FR,FR,forecast_load,Forecasted Load,2026-05-23T22:27:11Z
2026-05-23T22:26:36Z,2026-05-24T00:26:36+0200,35a99b20-1361-4eb7-8009-5b844fa790cc,2026-05-06T06:45:00Z,2026-05-06T08:45:00+0200,49100.0,MW,FR,FR,forecast_load,Forecasted Load,2026-05-23T22:27:11Z
2026-05-23T22:26:36Z,2026-05-24T00:26:36+0200,35a99b20-1361-4eb7-8009-5b844fa790cc,2026-05-06T07:00:00Z,2026-05-06T09:00:00+0200,49400.0,MW,FR,FR,forecast_load,Forecasted Load,2026-05-23T22:27:11Z
2026-05-23T22:26:36Z,2026-05-24T00:26:36+0200,35a99b20-1361-4eb7-8009-5b844fa790cc,2026-05-06T07:15:00Z,2026-05-06T09:15:00+0200,49400.0,MW,FR,FR,forecast_load,Forecasted Load,2026-05-23T22:27:11Z
2026-05-23T22:26:36Z,2026-05-24T00:26:36+0200,35a99b20-1361-4eb7-8009-5b844fa790cc,2026-05-06T07:30:00Z,2026-05-06T09:30:00+0200,49400.0,MW,FR,FR,forecast_load,Forecasted Load,2026-05-23T22:27:11Z
2026-05-23T22:26:36Z,2026-05-24T00:26:36+0200,35a99b20-1361-4eb7-8009-5b844fa790cc,2026-05-06T07:45:00Z,2026-05-06T09:45:00+0200,49400.0,MW,FR,FR,forecast_load,Forecasted Load,2026-05-23T22:27:11Z
2026-05-23T22:26:36Z,2026-05-24T00:26:36+0200,35a99b20-1361-4eb7-8009-5b844fa790cc,2026-05-06T08:00:00Z,2026-05-06T10:00:00+0200,49400.0,MW,FR,FR,forecast_load,Forecasted Load,2026-05-23T22:27:11Z
2026-05-23T22:26:36Z,2026-05-24T00:26:36+0200,35a99b20-1361-4eb7-8009-5b844fa790cc,2026-05-06T08:15:00Z,2026-05-06T10:15:00+0200,49500.0,MW,FR,FR,forecast_load,Forecasted Load,2026-05-23T22:27:11Z
2026-05-23T22:26:36Z,2026-05-24T00:26:36+0200,35a99b20-1361-4eb7-8009-5b844fa790cc,2026-05-06T08:30:00Z,2026-05-06T10:30:00+0200,49600.0,MW,FR,FR,forecast_load,Forecasted Load,2026-05-23T22:27:11Z
2026-05-23T22:26:36Z,2026-05-24T00:26:36+0200,35a99b20-1361-4eb7-8009-5b844fa790cc,2026-05-06T08:45:00Z,2026-05-06T10:45:00+0200,49650.0,MW,FR,FR,forecast_load,Forecasted Load,2026-05-23T22:27:11Z
2026-05-23T22:26:36Z,2026-05-24T00:26:36+0200,35a99b20-1361-4eb7-8009-5b844fa790cc,2026-05-06T09:00:00Z,2026-05-06T11:00:00+0200,49700.0,MW,FR,FR,forecast_load,Forecasted Load,2026-05-23T22:27:11Z
2026-05-23T22:26:36Z,2026-05-24T00:26:36+0200,35a99b20-1361-4eb7-8009-5b844fa790cc,2026-05-06T09:15:00Z,2026-05-06T11:15:00+0200,49900.0,MW,FR,FR,forecast_load,Forecasted Load,2026-05-23T22:27:11Z
2026-05-23T22:26:36Z,2026-05-24T00:26:36+0200,35a99b20-1361-4eb7-8009-5b844fa790cc,2026-05-06T09:30:00Z,2026-05-06T11:30:00+0200,50100.0,MW,FR,FR,forecast_load,Forecasted Load,2026-05-23T22:27:11Z
2026-05-23T22:26:36Z,2026-05-24T00:26:36+0200,35a99b20-1361-4eb7-8009-5b844fa790cc,2026-05-06T09:45:00Z,2026-05-06T11:45:00+0200,50800.0,MW,FR,FR,forecast_load,Forecasted Load,2026-05-23T22:27:11Z
2026-05-23T22:26:36Z,2026-05-24T00:26:36+0200,35a99b20-1361-4eb7-8009-5b844fa790cc,2026-05-06T10:00:00Z,2026-05-06T12:00:00+0200,51500.0,MW,FR,FR,forecast_load,Forecasted Load,2026-05-23T22:27:11Z
2026-05-23T22:26:36Z,2026-05-24T00:26:36+0200,35a99b20-1361-4eb7-8009-5b844fa790cc,2026-05-06T10:15:00Z,2026-05-06T12:15:00+0200,51150.0,MW,FR,FR,forecast_load,Forecasted Load,2026-05-23T22:27:11Z
2026-05-23T22:26:36Z,2026-05-24T00:26:36+0200,35a99b20-1361-4eb7-8009-5b844fa790cc,2026-05-06T10:30:00Z,2026-05-06T12:30:00+0200,50800.0,MW,FR,FR,forecast_load,Forecasted Load,2026-05-23T22:27:11Z
2026-05-23T22:26:36Z,2026-05-24T00:26:36+0200,35a99b20-1361-4eb7-8009-5b844fa790cc,2026-05-06T10:45:00Z,2026-05-06T12:45:00+0200,51250.0,MW,FR,FR,forecast_load,Forecasted Load,2026-05-23T22:27:11Z
2026-05-23T22:26:36Z,2026-05-24T00:26:36+0200,35a99b20-1361-4eb7-8009-5b844fa790cc,2026-05-06T11:00:00Z,2026-05-06T13:00:00+0200,51700.0,MW,FR,FR,forecast_load,Forecasted Load,2026-05-23T22:27:11Z
2026-05-23T22:26:36Z,2026-05-24T00:26:36+0200,35a99b20-1361-4eb7-8009-5b844fa790cc,2026-05-06T11:15:00Z,2026-05-06T13:15:00+0200,50650.0,MW,FR,FR,forecast_load,Forecasted Load,2026-05-23T22:27:11Z
2026-05-23T22:26:36Z,2026-05-24T00:26:36+0200,35a99b20-1361-4eb7-8009-5b844fa790cc,2026-05-06T11:30:00Z,2026-05-06T13:30:00+0200,49600.0,MW,FR,FR,forecast_load,Forecasted Load,2026-05-23T22:27:11Z
2026-05-23T22:26:36Z,2026-05-24T00:26:36+0200,35a99b20-1361-4eb7-8009-5b844fa790cc,2026-05-06T11:45:00Z,2026-05-06T13:45:00+0200,49200.0,MW,FR,FR,forecast_load,Forecasted Load,2026-05-23T22:27:11Z
2026-05-23T22:26:36Z,2026-05-24T00:26:36+0200,35a99b20-1361-4eb7-8009-5b844fa790cc,2026-05-06T12:00:00Z,2026-05-06T14:00:00+0200,48800.0,MW,FR,FR,forecast_load,Forecasted Load,2026-05-23T22:27:11Z
2026-05-23T22:26:36Z,2026-05-24T00:26:36+0200,35a99b20-1361-4eb7-8009-5b844fa790cc,2026-05-06T12:15:00Z,2026-05-06T14:15:00+0200,49600.0,MW,FR,FR,forecast_load,Forecasted Load,2026-05-23T22:27:11Z
2026-05-23T22:26:36Z,2026-05-24T00:26:36+0200,35a99b20-1361-4eb7-8009-5b844fa790cc,2026-05-06T12:30:00Z,2026-05-06T14:30:00+0200,50400.0,MW,FR,FR,forecast_load,Forecasted Load,2026-05-23T22:27:11Z
2026-05-23T22:26:36Z,2026-05-24T00:26:36+0200,35a99b20-1361-4eb7-8009-5b844fa790cc,2026-05-06T12:45:00Z,2026-05-06T14:45:00+0200,49900.0,MW,FR,FR,forecast_load,Forecasted Load,2026-05-23T22:27:11Z
2026-05-23T22:26:36Z,2026-05-24T00:26:36+0200,35a99b20-1361-4eb7-8009-5b844fa790cc,2026-05-06T13:00:00Z,2026-05-06T15:00:00+0200,49400.0,MW,FR,FR,forecast_load,Forecasted Load,2026-05-23T22:27:11Z
2026-05-23T22:26:36Z,2026-05-24T00:26:36+0200,35a99b20-1361-4eb7-8009-5b844fa790cc,2026-05-06T13:15:00Z,2026-05-06T15:15:00+0200,48900.0,MW,FR,FR,forecast_load,Forecasted Load,2026-05-23T22:27:11Z
2026-05-23T22:26:36Z,2026-05-24T00:26:36+0200,35a99b20-1361-4eb7-8009-5b844fa790cc,2026-05-06T13:30:00Z,2026-05-06T15:30:00+0200,48400.0,MW,FR,FR,forecast_load,Forecasted Load,2026-05-23T22:27:11Z
2026-05-23T22:26:36Z,2026-05-24T00:26:36+0200,35a99b20-1361-4eb7-8009-5b844fa790cc,2026-05-06T13:45:00Z,2026-05-06T15:45:00+0200,47800.0,MW,FR,FR,forecast_load,Forecasted Load,2026-05-23T22:27:11Z
2026-05-23T22:26:36Z,2026-05-24T00:26:36+0200,35a99b20-1361-4eb7-8009-5b844fa790cc,2026-05-06T14:00:00Z,2026-05-06T16:00:00+0200,47200.0,MW,FR,FR,forecast_load,Forecasted Load,2026-05-23T22:27:11Z
2026-05-23T22:26:36Z,2026-05-24T00:26:36+0200,35a99b20-1361-4eb7-8009-5b844fa790cc,2026-05-06T14:15:00Z,2026-05-06T16:15:00+0200,46750.0,MW,FR,FR,forecast_load,Forecasted Load,2026-05-23T22:27:11Z
2026-05-23T22:26:36Z,2026-05-24T00:26:36+0200,35a99b20-1361-4eb7-8009-5b844fa790cc,2026-05-06T14:30:00Z,2026-05-06T16:30:00+0200,46300.0,MW,FR,FR,forecast_load,Forecasted Load,2026-05-23T22:27:11Z
2026-05-23T22:26:36Z,2026-05-24T00:26:36+0200,35a99b20-1361-4eb7-8009-5b844fa790cc,2026-05-06T14:45:00Z,2026-05-06T16:45:00+0200,45700.0,MW,FR,FR,forecast_load,Forecasted Load,2026-05-23T22:27:11Z
2026-05-23T22:26:36Z,2026-05-24T00:26:36+0200,35a99b20-1361-4eb7-8009-5b844fa790cc,2026-05-06T15:00:00Z,2026-05-06T17:00:00+0200,45100.0,MW,FR,FR,forecast_load,Forecasted Load,2026-05-23T22:27:11Z
2026-05-23T22:26:36Z,2026-05-24T00:26:36+0200,35a99b20-1361-4eb7-8009-5b844fa790cc,2026-05-06T15:15:00Z,2026-05-06T17:15:00+0200,45250.0,MW,FR,FR,forecast_load,Forecasted Load,2026-05-23T22:27:11Z
2026-05-23T22:26:36Z,2026-05-24T00:26:36+0200,35a99b20-1361-4eb7-8009-5b844fa790cc,2026-05-06T15:30:00Z,2026-05-06T17:30:00+0200,45400.0,MW,FR,FR,forecast_load,Forecasted Load,2026-05-23T22:27:11Z
2026-05-23T22:26:36Z,2026-05-24T00:26:36+0200,35a99b20-1361-4eb7-8009-5b844fa790cc,2026-05-06T15:45:00Z,2026-05-06T17:45:00+0200,45950.0,MW,FR,FR,forecast_load,Forecasted Load,2026-05-23T22:27:11Z
2026-05-23T22:26:36Z,2026-05-24T00:26:36+0200,35a99b20-1361-4eb7-8009-5b844fa790cc,2026-05-06T16:00:00Z,2026-05-06T18:00:00+0200,46500.0,MW,FR,FR,forecast_load,Forecasted Load,2026-05-23T22:27:11Z
2026-05-23T22:26:36Z,2026-05-24T00:26:36+0200,35a99b20-1361-4eb7-8009-5b844fa790cc,2026-05-06T16:15:00Z,2026-05-06T18:15:00+0200,47300.0,MW,FR,FR,forecast_load,Forecasted Load,2026-05-23T22:27:11Z
2026-05-23T22:26:36Z,2026-05-24T00:26:36+0200,35a99b20-1361-4eb7-8009-5b844fa790cc,2026-05-06T16:30:00Z,2026-05-06T18:30:00+0200,48100.0,MW,FR,FR,forecast_load,Forecasted Load,2026-05-23T22:27:11Z
2026-05-23T22:26:36Z,2026-05-24T00:26:36+0200,35a99b20-1361-4eb7-8009-5b844fa790cc,2026-05-06T16:45:00Z,2026-05-06T18:45:00+0200,49050.0,MW,FR,FR,forecast_load,Forecasted Load,2026-05-23T22:27:11Z
2026-05-23T22:26:36Z,2026-05-24T00:26:36+0200,35a99b20-1361-4eb7-8009-5b844fa790cc,2026-05-06T17:00:00Z,2026-05-06T19:00:00+0200,50000.0,MW,FR,FR,forecast_load,Forecasted Load,2026-05-23T22:27:11Z
2026-05-23T22:26:36Z,2026-05-24T00:26:36+0200,35a99b20-1361-4eb7-8009-5b844fa790cc,2026-05-06T17:15:00Z,2026-05-06T19:15:00+0200,50100.0,MW,FR,FR,forecast_load,Forecasted Load,2026-05-23T22:27:11Z
2026-05-23T22:26:36Z,2026-05-24T00:26:36+0200,35a99b20-1361-4eb7-8009-5b844fa790cc,2026-05-06T17:30:00Z,2026-05-06T19:30:00+0200,50200.0,MW,FR,FR,forecast_load,Forecasted Load,2026-05-23T22:27:11Z
2026-05-23T22:26:36Z,2026-05-24T00:26:36+0200,35a99b20-1361-4eb7-8009-5b844fa790cc,2026-05-06T17:45:00Z,2026-05-06T19:45:00+0200,49650.0,MW,FR,FR,forecast_load,Forecasted Load,2026-05-23T22:27:11Z
2026-05-23T22:26:36Z,2026-05-24T00:26:36+0200,35a99b20-1361-4eb7-8009-5b844fa790cc,2026-05-06T18:00:00Z,2026-05-06T20:00:00+0200,49100.0,MW,FR,FR,forecast_load,Forecasted Load,2026-05-23T22:27:11Z
2026-05-23T22:26:36Z,2026-05-24T00:26:36+0200,35a99b20-1361-4eb7-8009-5b844fa790cc,2026-05-06T18:15:00Z,2026-05-06T20:15:00+0200,48300.0,MW,FR,FR,forecast_load,Forecasted Load,2026-05-23T22:27:11Z
2026-05-23T22:26:36Z,2026-05-24T00:26:36+0200,35a99b20-1361-4eb7-8009-5b844fa790cc,2026-05-06T18:30:00Z,2026-05-06T20:30:00+0200,47500.0,MW,FR,FR,forecast_load,Forecasted Load,2026-05-23T22:27:11Z
2026-05-23T22:26:36Z,2026-05-24T00:26:36+0200,35a99b20-1361-4eb7-8009-5b844fa790cc,2026-05-06T18:45:00Z,2026-05-06T20:45:00+0200,47050.0,MW,FR,FR,forecast_load,Forecasted Load,2026-05-23T22:27:11Z
2026-05-23T22:26:36Z,2026-05-24T00:26:36+0200,35a99b20-1361-4eb7-8009-5b844fa790cc,2026-05-06T19:00:00Z,2026-05-06T21:00:00+0200,46600.0,MW,FR,FR,forecast_load,Forecasted Load,2026-05-23T22:27:11Z
2026-05-23T22:26:36Z,2026-05-24T00:26:36+0200,35a99b20-1361-4eb7-8009-5b844fa790cc,2026-05-06T19:15:00Z,2026-05-06T21:15:00+0200,46450.0,MW,FR,FR,forecast_load,Forecasted Load,2026-05-23T22:27:11Z
2026-05-23T22:26:36Z,2026-05-24T00:26:36+0200,35a99b20-1361-4eb7-8009-5b844fa790cc,2026-05-06T19:30:00Z,2026-05-06T21:30:00+0200,46300.0,MW,FR,FR,forecast_load,Forecasted Load,2026-05-23T22:27:11Z
2026-05-23T22:26:36Z,2026-05-24T00:26:36+0200,35a99b20-1361-4eb7-8009-5b844fa790cc,2026-05-06T19:45:00Z,2026-05-06T21:45:00+0200,46050.0,MW,FR,FR,forecast_load,Forecasted Load,2026-05-23T22:27:11Z
2026-05-23T22:26:36Z,2026-05-24T00:26:36+0200,35a99b20-1361-4eb7-8009-5b844fa790cc,2026-05-06T20:00:00Z,2026-05-06T22:00:00+0200,45800.0,MW,FR,FR,forecast_load,Forecasted Load,2026-05-23T22:27:11Z
2026-05-23T22:26:36Z,2026-05-24T00:26:36+0200,35a99b20-1361-4eb7-8009-5b844fa790cc,2026-05-06T20:15:00Z,2026-05-06T22:15:00+0200,46550.0,MW,FR,FR,forecast_load,Forecasted Load,2026-05-23T22:27:11Z
2026-05-23T22:26:36Z,2026-05-24T00:26:36+0200,35a99b20-1361-4eb7-8009-5b844fa790cc,2026-05-06T20:30:00Z,2026-05-06T22:30:00+0200,47300.0,MW,FR,FR,forecast_load,Forecasted Load,2026-05-23T22:27:11Z
2026-05-23T22:26:36Z,2026-05-24T00:26:36+0200,35a99b20-1361-4eb7-8009-5b844fa790cc,2026-05-06T20:45:00Z,2026-05-06T22:45:00+0200,47800.0,MW,FR,FR,forecast_load,Forecasted Load,2026-05-23T22:27:11Z
2026-05-23T22:26:36Z,2026-05-24T00:26:36+0200,35a99b20-1361-4eb7-8009-5b844fa790cc,2026-05-06T21:00:00Z,2026-05-06T23:00:00+0200,48300.0,MW,FR,FR,forecast_load,Forecasted Load,2026-05-23T22:27:11Z
2026-05-23T22:26:36Z,2026-05-24T00:26:36+0200,35a99b20-1361-4eb7-8009-5b844fa790cc,2026-05-06T21:15:00Z,2026-05-06T23:15:00+0200,47750.0,MW,FR,FR,forecast_load,Forecasted Load,2026-05-23T22:27:11Z
2026-05-23T22:26:36Z,2026-05-24T00:26:36+0200,35a99b20-1361-4eb7-8009-5b844fa790cc,2026-05-06T21:30:00Z,2026-05-06T23:30:00+0200,47200.0,MW,FR,FR,forecast_load,Forecasted Load,2026-05-23T22:27:11Z
2026-05-23T22:26:36Z,2026-05-24T00:26:36+0200,35a99b20-1361-4eb7-8009-5b844fa790cc,2026-05-06T21:45:00Z,2026-05-06T23:45:00+0200,46600.0,MW,FR,FR,forecast_load,Forecasted Load,2026-05-23T22:27:11Z
2026-05-23T22:26:36Z,2026-05-24T00:26:36+0200,35a99b20-1361-4eb7-8009-5b844fa790cc,2026-05-06T22:00:00Z,2026-05-07T00:00:00+0200,46221.0,MW,FR,FR,forecast_load,Forecasted Load,2026-05-23T22:27:11Z
2026-05-23T22:26:36Z,2026-05-24T00:26:36+0200,35a99b20-1361-4eb7-8009-5b844fa790cc,2026-05-06T22:15:00Z,2026-05-07T00:15:00+0200,45374.5,MW,FR,FR,forecast_load,Forecasted Load,2026-05-23T22:27:11Z
2026-05-23T22:26:36Z,2026-05-24T00:26:36+0200,35a99b20-1361-4eb7-8009-5b844fa790cc,2026-05-06T22:30:00Z,2026-05-07T00:30:00+0200,44528.0,MW,FR,FR,forecast_load,Forecasted Load,2026-05-23T22:27:11Z
2026-05-23T22:26:36Z,2026-05-24T00:26:36+0200,35a99b20-1361-4eb7-8009-5b844fa790cc,2026-05-06T22:45:00Z,2026-05-07T00:45:00+0200,43717.5,MW,FR,FR,forecast_load,Forecasted Load,2026-05-23T22:27:11Z
2026-05-23T22:26:36Z,2026-05-24T00:26:36+0200,35a99b20-1361-4eb7-8009-5b844fa790cc,2026-05-06T23:00:00Z,2026-05-07T01:00:00+0200,42907.0,MW,FR,FR,forecast_load,Forecasted Load,2026-05-23T22:27:11Z
2026-05-23T22:26:36Z,2026-05-24T00:26:36+0200,35a99b20-1361-4eb7-8009-5b844fa790cc,2026-05-06T23:15:00Z,2026-05-07T01:15:00+0200,43210.0,MW,FR,FR,forecast_load,Forecasted Load,2026-05-23T22:27:11Z
2026-05-23T22:26:36Z,2026-05-24T00:26:36+0200,35a99b20-1361-4eb7-8009-5b844fa790cc,2026-05-06T23:30:00Z,2026-05-07T01:30:00+0200,43513.0,MW,FR,FR,forecast_load,Forecasted Load,2026-05-23T22:27:11Z
2026-05-23T22:26:36Z,2026-05-24T00:26:36+0200,35a99b20-1361-4eb7-8009-5b844fa790cc,2026-05-06T23:45:00Z,2026-05-07T01:45:00+0200,42866.5,MW,FR,FR,forecast_load,Forecasted Load,2026-05-23T22:27:11Z
2026-05-23T22:26:36Z,2026-05-24T00:26:36+0200,35a99b20-1361-4eb7-8009-5b844fa790cc,2026-05-07T00:00:00Z,2026-05-07T02:00:00+0200,42220.0,MW,FR,FR,forecast_load,Forecasted Load,2026-05-23T22:27:11Z
2026-05-23T22:26:36Z,2026-05-24T00:26:36+0200,35a99b20-1361-4eb7-8009-5b844fa790cc,2026-05-07T00:15:00Z,2026-05-07T02:15:00+0200,41470.5,MW,FR,FR,forecast_load,Forecasted Load,2026-05-23T22:27:11Z
2026-05-23T22:26:36Z,2026-05-24T00:26:36+0200,35a99b20-1361-4eb7-8009-5b844fa790cc,2026-05-07T00:30:00Z,2026-05-07T02:30:00+0200,40721.0,MW,FR,FR,forecast_load,Forecasted Load,2026-05-23T22:27:11Z
2026-05-23T22:26:36Z,2026-05-24T00:26:36+0200,35a99b20-1361-4eb7-8009-5b844fa790cc,2026-05-07T00:45:00Z,2026-05-07T02:45:00+0200,40097.0,MW,FR,FR,forecast_load,Forecasted Load,2026-05-23T22:27:11Z
2026-05-23T22:26:36Z,2026-05-24T00:26:36+0200,35a99b20-1361-4eb7-8009-5b844fa790cc,2026-05-07T01:00:00Z,2026-05-07T03:00:00+0200,39473.0,MW,FR,FR,forecast_load,Forecasted Load,2026-05-23T22:27:11Z
2026-05-23T22:26:36Z,2026-05-24T00:26:36+0200,35a99b20-1361-4eb7-8009-5b844fa790cc,2026-05-07T01:15:00Z,2026-05-07T03:15:00+0200,39132.0,MW,FR,FR,forecast_load,Forecasted Load,2026-05-23T22:27:11Z
2026-05-23T22:26:36Z,2026-05-24T00:26:36+0200,35a99b20-1361-4eb7-8009-5b844fa790cc,2026-05-07T01:30:00Z,2026-05-07T03:30:00+0200,38791.0,MW,FR,FR,forecast_load,Forecasted Load,2026-05-23T22:27:11Z
2026-05-23T22:26:36Z,2026-05-24T00:26:36+0200,35a99b20-1361-4eb7-8009-5b844fa790cc,2026-05-07T01:45:00Z,2026-05-07T03:45:00+0200,38576.5,MW,FR,FR,forecast_load,Forecasted Load,2026-05-23T22:27:11Z
2026-05-23T22:26:36Z,2026-05-24T00:26:36+0200,35a99b20-1361-4eb7-8009-5b844fa790cc,2026-05-07T02:00:00Z,2026-05-07T04:00:00+0200,38362.0,MW,FR,FR,forecast_load,Forecasted Load,2026-05-23T22:27:11Z
2026-05-23T22:26:36Z,2026-05-24T00:26:36+0200,35a99b20-1361-4eb7-8009-5b844fa790cc,2026-05-07T02:15:00Z,2026-05-07T04:15:00+0200,38243.5,MW,FR,FR,forecast_load,Forecasted Load,2026-05-23T22:27:11Z
2026-05-23T22:26:36Z,2026-05-24T00:26:36+0200,35a99b20-1361-4eb7-8009-5b844fa790cc,2026-05-07T02:30:00Z,2026-05-07T04:30:00+0200,38125.0,MW,FR,FR,forecast_load,Forecasted Load,2026-05-23T22:27:11Z
2026-05-23T22:26:36Z,2026-05-24T00:26:36+0200,35a99b20-1361-4eb7-8009-5b844fa790cc,2026-05-07T02:45:00Z,2026-05-07T04:45:00+0200,38406.0,MW,FR,FR,forecast_load,Forecasted Load,2026-05-23T22:27:11Z
2026-05-23T22:26:36Z,2026-05-24T00:26:36+0200,35a99b20-1361-4eb7-8009-5b844fa790cc,2026-05-07T03:00:00Z,2026-05-07T05:00:00+0200,38687.0,MW,FR,FR,forecast_load,Forecasted Load,2026-05-23T22:27:11Z
2026-05-23T22:26:36Z,2026-05-24T00:26:36+0200,35a99b20-1361-4eb7-8009-5b844fa790cc,2026-05-07T03:15:00Z,2026-05-07T05:15:00+0200,39280.0,MW,FR,FR,forecast_load,Forecasted Load,2026-05-23T22:27:11Z
2026-05-23T22:26:36Z,2026-05-24T00:26:36+0200,35a99b20-1361-4eb7-8009-5b844fa790cc,2026-05-07T03:30:00Z,2026-05-07T05:30:00+0200,39873.0,MW,FR,FR,forecast_load,Forecasted Load,2026-05-23T22:27:11Z
2026-05-23T22:26:36Z,2026-05-24T00:26:36+0200,35a99b20-1361-4eb7-8009-5b844fa790cc,2026-05-07T03:45:00Z,2026-05-07T05:45:00+0200,40786.5,MW,FR,FR,forecast_load,Forecasted Load,2026-05-23T22:27:11Z
2026-05-23T22:26:36Z,2026-05-24T00:26:36+0200,35a99b20-1361-4eb7-8009-5b844fa790cc,2026-05-07T04:00:00Z,2026-05-07T06:00:00+0200,41700.0,MW,FR,FR,forecast_load,Forecasted Load,2026-05-23T22:27:11Z
2026-05-23T22:26:36Z,2026-05-24T00:26:36+0200,35a99b20-1361-4eb7-8009-5b844fa790cc,2026-05-07T04:15:00Z,2026-05-07T06:15:00+0200,42674.0,MW,FR,FR,forecast_load,Forecasted Load,2026-05-23T22:27:11Z
2026-05-23T22:26:36Z,2026-05-24T00:26:36+0200,35a99b20-1361-4eb7-8009-5b844fa790cc,2026-05-07T04:30:00Z,2026-05-07T06:30:00+0200,43648.0,MW,FR,FR,forecast_load,Forecasted Load,2026-05-23T22:27:11Z
2026-05-23T22:26:36Z,2026-05-24T00:26:36+0200,35a99b20-1361-4eb7-8009-5b844fa790cc,2026-05-07T04:45:00Z,2026-05-07T06:45:00+0200,44728.0,MW,FR,FR,forecast_load,Forecasted Load,2026-05-23T22:27:11Z
2026-05-23T22:26:36Z,2026-05-24T00:26:36+0200,35a99b20-1361-4eb7-8009-5b844fa790cc,2026-05-07T05:00:00Z,2026-05-07T07:00:00+0200,45808.0,MW,FR,FR,forecast_load,Forecasted Load,2026-05-23T22:27:11Z
2026-05-23T22:26:36Z,2026-05-24T00:26:36+0200,35a99b20-1361-4eb7-8009-5b844fa790cc,2026-05-07T05:15:00Z,2026-05-07T07:15:00+0200,46847.5,MW,FR,FR,forecast_load,Forecasted Load,2026-05-23T22:27:11Z
2026-05-23T22:26:36Z,2026-05-24T00:26:36+0200,35a99b20-1361-4eb7-8009-5b844fa790cc,2026-05-07T05:30:00Z,2026-05-07T07:30:00+0200,47887.0,MW,FR,FR,forecast_load,Forecasted Load,2026-05-23T22:27:11Z
2026-05-23T22:26:36Z,2026-05-24T00:26:36+0200,35a99b20-1361-4eb7-8009-5b844fa790cc,2026-05-07T05:45:00Z,2026-05-07T07:45:00+0200,48602.5,MW,FR,FR,forecast_load,Forecasted Load,2026-05-23T22:27:11Z
2026-05-23T22:26:36Z,2026-05-24T00:26:36+0200,35a99b20-1361-4eb7-8009-5b844fa790cc,2026-05-07T06:00:00Z,2026-05-07T08:00:00+0200,49318.0,MW,FR,FR,forecast_load,Forecasted Load,2026-05-23T22:27:11Z
2026-05-23T22:26:36Z,2026-05-24T00:26:36+0200,35a99b20-1361-4eb7-8009-5b844fa790cc,2026-05-07T06:15:00Z,2026-05-07T08:15:00+0200,49669.0,MW,FR,FR,forecast_load,Forecasted Load,2026-05-23T22:27:11Z
2026-05-23T22:26:36Z,2026-05-24T00:26:36+0200,35a99b20-1361-4eb7-8009-5b844fa790cc,2026-05-07T06:30:00Z,2026-05-07T08:30:00+0200,50020.0,MW,FR,FR,forecast_load,Forecasted Load,2026-05-23T22:27:11Z
2026-05-23T22:26:36Z,2026-05-24T00:26:36+0200,35a99b20-1361-4eb7-8009-5b844fa790cc,2026-05-07T06:45:00Z,2026-05-07T08:45:00+0200,50146.5,MW,FR,FR,forecast_load,Forecasted Load,2026-05-23T22:27:11Z
2026-05-23T22:26:36Z,2026-05-24T00:26:36+0200,35a99b20-1361-4eb7-8009-5b844fa790cc,2026-05-07T07:00:00Z,2026-05-07T09:00:00+0200,50273.0,MW,FR,FR,forecast_load,Forecasted Load,2026-05-23T22:27:11Z
2026-05-23T22:26:36Z,2026-05-24T00:26:36+0200,35a99b20-1361-4eb7-8009-5b844fa790cc,2026-05-07T07:15:00Z,2026-05-07T09:15:00+0200,50024.0,MW,FR,FR,forecast_load,Forecasted Load,2026-05-23T22:27:11Z
2026-05-23T22:26:36Z,2026-05-24T00:26:36+0200,35a99b20-1361-4eb7-8009-5b844fa790cc,2026-05-07T07:30:00Z,2026-05-07T09:30:00+0200,49775.0,MW,FR,FR,forecast_load,Forecasted Load,2026-05-23T22:27:11Z
2026-05-23T22:26:36Z,2026-05-24T00:26:36+0200,35a99b20-1361-4eb7-8009-5b844fa790cc,2026-05-07T07:45:00Z,2026-05-07T09:45:00+0200,49398.5,MW,FR,FR,forecast_load,Forecasted Load,2026-05-23T22:27:11Z
2026-05-23T22:26:36Z,2026-05-24T00:26:36+0200,35a99b20-1361-4eb7-8009-5b844fa790cc,2026-05-07T08:00:00Z,2026-05-07T10:00:00+0200,49022.0,MW,FR,FR,forecast_load,Forecasted Load,2026-05-23T22:27:11Z
2026-05-23T22:26:36Z,2026-05-24T00:26:36+0200,35a99b20-1361-4eb7-8009-5b844fa790cc,2026-05-07T08:15:00Z,2026-05-07T10:15:00+0200,48967.0,MW,FR,FR,forecast_load,Forecasted Load,2026-05-23T22:27:11Z
2026-05-23T22:26:36Z,2026-05-24T00:26:36+0200,35a99b20-1361-4eb7-8009-5b844fa790cc,2026-05-07T08:30:00Z,2026-05-07T10:30:00+0200,48912.0,MW,FR,FR,forecast_load,Forecasted Load,2026-05-23T22:27:11Z
2026-05-23T22:26:36Z,2026-05-24T00:26:36+0200,35a99b20-1361-4eb7-8009-5b844fa790cc,2026-05-07T08:45:00Z,2026-05-07T10:45:00+0200,48675.5,MW,FR,FR,forecast_load,Forecasted Load,2026-05-23T22:27:11Z
2026-05-23T22:26:36Z,2026-05-24T00:26:36+0200,35a99b20-1361-4eb7-8009-5b844fa790cc,2026-05-07T09:00:00Z,2026-05-07T11:00:00+0200,48439.0,MW,FR,FR,forecast_load,Forecasted Load,2026-05-23T22:27:11Z
2026-05-23T22:26:36Z,2026-05-24T00:26:36+0200,35a99b20-1361-4eb7-8009-5b844fa790cc,2026-05-07T09:15:00Z,2026-05-07T11:15:00+0200,48758.5,MW,FR,FR,forecast_load,Forecasted Load,2026-05-23T22:27:11Z
2026-05-23T22:26:36Z,2026-05-24T00:26:36+0200,35a99b20-1361-4eb7-8009-5b844fa790cc,2026-05-07T09:30:00Z,2026-05-07T11:30:00+0200,49078.0,MW,FR,FR,forecast_load,Forecasted Load,2026-05-23T22:27:11Z
2026-05-23T22:26:36Z,2026-05-24T00:26:36+0200,35a99b20-1361-4eb7-8009-5b844fa790cc,2026-05-07T09:45:00Z,2026-05-07T11:45:00+0200,49461.0,MW,FR,FR,forecast_load,Forecasted Load,2026-05-23T22:27:11Z
2026-05-23T22:26:36Z,2026-05-24T00:26:36+0200,35a99b20-1361-4eb7-8009-5b844fa790cc,2026-05-07T10:00:00Z,2026-05-07T12:00:00+0200,49844.0,MW,FR,FR,forecast_load,Forecasted Load,2026-05-23T22:27:11Z
2026-05-23T22:26:36Z,2026-05-24T00:26:36+0200,35a99b20-1361-4eb7-8009-5b844fa790cc,2026-05-07T10:15:00Z,2026-05-07T12:15:00+0200,49885.0,MW,FR,FR,forecast_load,Forecasted Load,2026-05-23T22:27:11Z
2026-05-23T22:26:36Z,2026-05-24T00:26:36+0200,35a99b20-1361-4eb7-8009-5b844fa790cc,2026-05-07T10:30:00Z,2026-05-07T12:30:00+0200,49926.0,MW,FR,FR,forecast_load,Forecasted Load,2026-05-23T22:27:11Z
2026-05-23T22:26:36Z,2026-05-24T00:26:36+0200,35a99b20-1361-4eb7-8009-5b844fa790cc,2026-05-07T10:45:00Z,2026-05-07T12:45:00+0200,50044.5,MW,FR,FR,forecast_load,Forecasted Load,2026-05-23T22:27:11Z
2026-05-23T22:26:36Z,2026-05-24T00:26:36+0200,35a99b20-1361-4eb7-8009-5b844fa790cc,2026-05-07T11:00:00Z,2026-05-07T13:00:00+0200,50163.0,MW,FR,FR,forecast_load,Forecasted Load,2026-05-23T22:27:11Z
2026-05-23T22:26:36Z,2026-05-24T00:26:36+0200,35a99b20-1361-4eb7-8009-5b844fa790cc,2026-05-07T11:15:00Z,2026-05-07T13:15:00+0200,49246.5,MW,FR,FR,forecast_load,Forecasted Load,2026-05-23T22:27:11Z
2026-05-23T22:26:36Z,2026-05-24T00:26:36+0200,35a99b20-1361-4eb7-8009-5b844fa790cc,2026-05-07T11:30:00Z,2026-05-07T13:30:00+0200,48330.0,MW,FR,FR,forecast_load,Forecasted Load,2026-05-23T22:27:11Z
2026-05-23T22:26:36Z,2026-05-24T00:26:36+0200,35a99b20-1361-4eb7-8009-5b844fa790cc,2026-05-07T11:45:00Z,2026-05-07T13:45:00+0200,48098.0,MW,FR,FR,forecast_load,Forecasted Load,2026-05-23T22:27:11Z
2026-05-23T22:26:36Z,2026-05-24T00:26:36+0200,35a99b20-1361-4eb7-8009-5b844fa790cc,2026-05-07T12:00:00Z,2026-05-07T14:00:00+0200,47866.0,MW,FR,FR,forecast_load,Forecasted Load,2026-05-23T22:27:11Z
2026-05-23T22:26:36Z,2026-05-24T00:26:36+0200,35a99b20-1361-4eb7-8009-5b844fa790cc,2026-05-07T12:15:00Z,2026-05-07T14:15:00+0200,47921.5,MW,FR,FR,forecast_load,Forecasted Load,2026-05-23T22:27:11Z
2026-05-23T22:26:36Z,2026-05-24T00:26:36+0200,35a99b20-1361-4eb7-8009-5b844fa790cc,2026-05-07T12:30:00Z,2026-05-07T14:30:00+0200,47977.0,MW,FR,FR,forecast_load,Forecasted Load,2026-05-23T22:27:11Z
2026-05-23T22:26:36Z,2026-05-24T00:26:36+0200,35a99b20-1361-4eb7-8009-5b844fa790cc,2026-05-07T12:45:00Z,2026-05-07T14:45:00+0200,47574.5,MW,FR,FR,forecast_load,Forecasted Load,2026-05-23T22:27:11Z
2026-05-23T22:26:36Z,2026-05-24T00:26:36+0200,35a99b20-1361-4eb7-8009-5b844fa790cc,2026-05-07T13:00:00Z,2026-05-07T15:00:00+0200,47172.0,MW,FR,FR,forecast_load,Forecasted Load,2026-05-23T22:27:11Z
2026-05-23T22:26:36Z,2026-05-24T00:26:36+0200,35a99b20-1361-4eb7-8009-5b844fa790cc,2026-05-07T13:15:00Z,2026-05-07T15:15:00+0200,46320.5,MW,FR,FR,forecast_load,Forecasted Load,2026-05-23T22:27:11Z
2026-05-23T22:26:36Z,2026-05-24T00:26:36+0200,35a99b20-1361-4eb7-8009-5b844fa790cc,2026-05-07T13:30:00Z,2026-05-07T15:30:00+0200,45469.0,MW,FR,FR,forecast_load,Forecasted Load,2026-05-23T22:27:11Z
2026-05-23T22:26:36Z,2026-05-24T00:26:36+0200,35a99b20-1361-4eb7-8009-5b844fa790cc,2026-05-07T13:45:00Z,2026-05-07T15:45:00+0200,44834.0,MW,FR,FR,forecast_load,Forecasted Load,2026-05-23T22:27:11Z
2026-05-23T22:26:36Z,2026-05-24T00:26:36+0200,35a99b20-1361-4eb7-8009-5b844fa790cc,2026-05-07T14:00:00Z,2026-05-07T16:00:00+0200,44199.0,MW,FR,FR,forecast_load,Forecasted Load,2026-05-23T22:27:11Z
2026-05-23T22:26:36Z,2026-05-24T00:26:36+0200,35a99b20-1361-4eb7-8009-5b844fa790cc,2026-05-07T14:15:00Z,2026-05-07T16:15:00+0200,43806.5,MW,FR,FR,forecast_load,Forecasted Load,2026-05-23T22:27:11Z
2026-05-23T22:26:36Z,2026-05-24T00:26:36+0200,35a99b20-1361-4eb7-8009-5b844fa790cc,2026-05-07T14:30:00Z,2026-05-07T16:30:00+0200,43414.0,MW,FR,FR,forecast_load,Forecasted Load,2026-05-23T22:27:11Z
2026-05-23T22:26:36Z,2026-05-24T00:26:36+0200,35a99b20-1361-4eb7-8009-5b844fa790cc,2026-05-07T14:45:00Z,2026-05-07T16:45:00+0200,43063.5,MW,FR,FR,forecast_load,Forecasted Load,2026-05-23T22:27:11Z
2026-05-23T22:26:36Z,2026-05-24T00:26:36+0200,35a99b20-1361-4eb7-8009-5b844fa790cc,2026-05-07T15:00:00Z,2026-05-07T17:00:00+0200,42713.0,MW,FR,FR,forecast_load,Forecasted Load,2026-05-23T22:27:11Z
2026-05-23T22:26:36Z,2026-05-24T00:26:36+0200,35a99b20-1361-4eb7-8009-5b844fa790cc,2026-05-07T15:15:00Z,2026-05-07T17:15:00+0200,42909.0,MW,FR,FR,forecast_load,Forecasted Load,2026-05-23T22:27:11Z
2026-05-23T22:26:36Z,2026-05-24T00:26:36+0200,35a99b20-1361-4eb7-8009-5b844fa790cc,2026-05-07T15:30:00Z,2026-05-07T17:30:00+0200,43105.0,MW,FR,FR,forecast_load,Forecasted Load,2026-05-23T22:27:11Z
2026-05-23T22:26:36Z,2026-05-24T00:26:36+0200,35a99b20-1361-4eb7-8009-5b844fa790cc,2026-05-07T15:45:00Z,2026-05-07T17:45:00+0200,43344.0,MW,FR,FR,forecast_load,Forecasted Load,2026-05-23T22:27:11Z
2026-05-23T22:26:36Z,2026-05-24T00:26:36+0200,35a99b20-1361-4eb7-8009-5b844fa790cc,2026-05-07T16:00:00Z,2026-05-07T18:00:00+0200,43583.0,MW,FR,FR,forecast_load,Forecasted Load,2026-05-23T22:27:11Z
2026-05-23T22:26:36Z,2026-05-24T00:26:36+0200,35a99b20-1361-4eb7-8009-5b844fa790cc,2026-05-07T16:15:00Z,2026-05-07T18:15:00+0200,44270.0,MW,FR,FR,forecast_load,Forecasted Load,2026-05-23T22:27:11Z
2026-05-23T22:26:36Z,2026-05-24T00:26:36+0200,35a99b20-1361-4eb7-8009-5b844fa790cc,2026-05-07T16:30:00Z,2026-05-07T18:30:00+0200,44957.0,MW,FR,FR,forecast_load,Forecasted Load,2026-05-23T22:27:11Z
2026-05-23T22:26:36Z,2026-05-24T00:26:36+0200,35a99b20-1361-4eb7-8009-5b844fa790cc,2026-05-07T16:45:00Z,2026-05-07T18:45:00+0200,45613.0,MW,FR,FR,forecast_load,Forecasted Load,2026-05-23T22:27:11Z
2026-05-23T22:26:36Z,2026-05-24T00:26:36+0200,35a99b20-1361-4eb7-8009-5b844fa790cc,2026-05-07T17:00:00Z,2026-05-07T19:00:00+0200,46269.0,MW,FR,FR,forecast_load,Forecasted Load,2026-05-23T22:27:11Z
2026-05-23T22:26:36Z,2026-05-24T00:26:36+0200,35a99b20-1361-4eb7-8009-5b844fa790cc,2026-05-07T17:15:00Z,2026-05-07T19:15:00+0200,46395.5,MW,FR,FR,forecast_load,Forecasted Load,2026-05-23T22:27:11Z
2026-05-23T22:26:36Z,2026-05-24T00:26:36+0200,35a99b20-1361-4eb7-8009-5b844fa790cc,2026-05-07T17:30:00Z,2026-05-07T19:30:00+0200,46522.0,MW,FR,FR,forecast_load,Forecasted Load,2026-05-23T22:27:11Z
2026-05-23T22:26:36Z,2026-05-24T00:26:36+0200,35a99b20-1361-4eb7-8009-5b844fa790cc,2026-05-07T17:45:00Z,2026-05-07T19:45:00+0200,46448.0,MW,FR,FR,forecast_load,Forecasted Load,2026-05-23T22:27:11Z
2026-05-23T22:26:36Z,2026-05-24T00:26:36+0200,35a99b20-1361-4eb7-8009-5b844fa790cc,2026-05-07T18:00:00Z,2026-05-07T20:00:00+0200,46374.0,MW,FR,FR,forecast_load,Forecasted Load,2026-05-23T22:27:11Z
2026-05-23T22:26:36Z,2026-05-24T00:26:36+0200,35a99b20-1361-4eb7-8009-5b844fa790cc,2026-05-07T18:15:00Z,2026-05-07T20:15:00+0200,45607.5,MW,FR,FR,forecast_load,Forecasted Load,2026-05-23T22:27:11Z
2026-05-23T22:26:36Z,2026-05-24T00:26:36+0200,35a99b20-1361-4eb7-8009-5b844fa790cc,2026-05-07T18:30:00Z,2026-05-07T20:30:00+0200,44841.0,MW,FR,FR,forecast_load,Forecasted Load,2026-05-23T22:27:11Z
2026-05-23T22:26:36Z,2026-05-24T00:26:36+0200,35a99b20-1361-4eb7-8009-5b844fa790cc,2026-05-07T18:45:00Z,2026-05-07T20:45:00+0200,44806.5,MW,FR,FR,forecast_load,Forecasted Load,2026-05-23T22:27:11Z
2026-05-23T22:26:36Z,2026-05-24T00:26:36+0200,35a99b20-1361-4eb7-8009-5b844fa790cc,2026-05-07T19:00:00Z,2026-05-07T21:00:00+0200,44772.0,MW,FR,FR,forecast_load,Forecasted Load,2026-05-23T22:27:11Z
2026-05-23T22:26:36Z,2026-05-24T00:26:36+0200,35a99b20-1361-4eb7-8009-5b844fa790cc,2026-05-07T19:15:00Z,2026-05-07T21:15:00+0200,44582.0,MW,FR,FR,forecast_load,Forecasted Load,2026-05-23T22:27:11Z
2026-05-23T22:26:36Z,2026-05-24T00:26:36+0200,35a99b20-1361-4eb7-8009-5b844fa790cc,2026-05-07T19:30:00Z,2026-05-07T21:30:00+0200,44392.0,MW,FR,FR,forecast_load,Forecasted Load,2026-05-23T22:27:11Z
2026-05-23T22:26:36Z,2026-05-24T00:26:36+0200,35a99b20-1361-4eb7-8009-5b844fa790cc,2026-05-07T19:45:00Z,2026-05-07T21:45:00+0200,44193.5,MW,FR,FR,forecast_load,Forecasted Load,2026-05-23T22:27:11Z
2026-05-23T22:26:36Z,2026-05-24T00:26:36+0200,35a99b20-1361-4eb7-8009-5b844fa790cc,2026-05-07T20:00:00Z,2026-05-07T22:00:00+0200,43995.0,MW,FR,FR,forecast_load,Forecasted Load,2026-05-23T22:27:11Z
2026-05-23T22:26:36Z,2026-05-24T00:26:36+0200,35a99b20-1361-4eb7-8009-5b844fa790cc,2026-05-07T20:15:00Z,2026-05-07T22:15:00+0200,44524.0,MW,FR,FR,forecast_load,Forecasted Load,2026-05-23T22:27:11Z
2026-05-23T22:26:36Z,2026-05-24T00:26:36+0200,35a99b20-1361-4eb7-8009-5b844fa790cc,2026-05-07T20:30:00Z,2026-05-07T22:30:00+0200,45053.0,MW,FR,FR,forecast_load,Forecasted Load,2026-05-23T22:27:11Z
2026-05-23T22:26:36Z,2026-05-24T00:26:36+0200,35a99b20-1361-4eb7-8009-5b844fa790cc,2026-05-07T20:45:00Z,2026-05-07T22:45:00+0200,45707.5,MW,FR,FR,forecast_load,Forecasted Load,2026-05-23T22:27:11Z
2026-05-23T22:26:36Z,2026-05-24T00:26:36+0200,35a99b20-1361-4eb7-8009-5b844fa790cc,2026-05-07T21:00:00Z,2026-05-07T23:00:00+0200,46362.0,MW,FR,FR,forecast_load,Forecasted Load,2026-05-23T22:27:11Z
2026-05-23T22:26:36Z,2026-05-24T00:26:36+0200,35a99b20-1361-4eb7-8009-5b844fa790cc,2026-05-07T21:15:00Z,2026-05-07T23:15:00+0200,46229.0,MW,FR,FR,forecast_load,Forecasted Load,2026-05-23T22:27:11Z
2026-05-23T22:26:36Z,2026-05-24T00:26:36+0200,35a99b20-1361-4eb7-8009-5b844fa790cc,2026-05-07T21:30:00Z,2026-05-07T23:30:00+0200,46096.0,MW,FR,FR,forecast_load,Forecasted Load,2026-05-23T22:27:11Z
2026-05-23T22:26:36Z,2026-05-24T00:26:36+0200,35a99b20-1361-4eb7-8009-5b844fa790cc,2026-05-07T21:45:00Z,2026-05-07T23:45:00+0200,45391.5,MW,FR,FR,forecast_load,Forecasted Load,2026-05-23T22:27:11Z
2026-05-23T22:26:36Z,2026-05-24T00:26:36+0200,35a99b20-1361-4eb7-8009-5b844fa790cc,2026-05-07T22:00:00Z,2026-05-08T00:00:00+0200,43800.0,MW,FR,FR,forecast_load,Forecasted Load,2026-05-23T22:27:11Z
2026-05-23T22:26:36Z,2026-05-24T00:26:36+0200,35a99b20-1361-4eb7-8009-5b844fa790cc,2026-05-07T22:15:00Z,2026-05-08T00:15:00+0200,42950.0,MW,FR,FR,forecast_load,Forecasted Load,2026-05-23T22:27:11Z
2026-05-23T22:26:36Z,2026-05-24T00:26:36+0200,35a99b20-1361-4eb7-8009-5b844fa790cc,2026-05-07T22:30:00Z,2026-05-08T00:30:00+0200,42100.0,MW,FR,FR,forecast_load,Forecasted Load,2026-05-23T22:27:11Z
2026-05-23T22:26:36Z,2026-05-24T00:26:36+0200,35a99b20-1361-4eb7-8009-5b844fa790cc,2026-05-07T22:45:00Z,2026-05-08T00:45:00+0200,41000.0,MW,FR,FR,forecast_load,Forecasted Load,2026-05-23T22:27:11Z
2026-05-23T22:26:36Z,2026-05-24T00:26:36+0200,35a99b20-1361-4eb7-8009-5b844fa790cc,2026-05-07T23:00:00Z,2026-05-08T01:00:00+0200,39900.0,MW,FR,FR,forecast_load,Forecasted Load,2026-05-23T22:27:11Z
2026-05-23T22:26:36Z,2026-05-24T00:26:36+0200,35a99b20-1361-4eb7-8009-5b844fa790cc,2026-05-07T23:15:00Z,2026-05-08T01:15:00+0200,40200.0,MW,FR,FR,forecast_load,Forecasted Load,2026-05-23T22:27:11Z
2026-05-23T22:26:36Z,2026-05-24T00:26:36+0200,35a99b20-1361-4eb7-8009-5b844fa790cc,2026-05-07T23:30:00Z,2026-05-08T01:30:00+0200,40500.0,MW,FR,FR,forecast_load,Forecasted Load,2026-05-23T22:27:11Z
2026-05-23T22:26:36Z,2026-05-24T00:26:36+0200,35a99b20-1361-4eb7-8009-5b844fa790cc,2026-05-07T23:45:00Z,2026-05-08T01:45:00+0200,40000.0,MW,FR,FR,forecast_load,Forecasted Load,2026-05-23T22:27:11Z
2026-05-23T22:26:36Z,2026-05-24T00:26:36+0200,35a99b20-1361-4eb7-8009-5b844fa790cc,2026-05-08T00:00:00Z,2026-05-08T02:00:00+0200,39500.0,MW,FR,FR,forecast_load,Forecasted Load,2026-05-23T22:27:11Z
2026-05-23T22:26:36Z,2026-05-24T00:26:36+0200,35a99b20-1361-4eb7-8009-5b844fa790cc,2026-05-08T00:15:00Z,2026-05-08T02:15:00+0200,38900.0,MW,FR,FR,forecast_load,Forecasted Load,2026-05-23T22:27:11Z
2026-05-23T22:26:36Z,2026-05-24T00:26:36+0200,35a99b20-1361-4eb7-8009-5b844fa790cc,2026-05-08T00:30:00Z,2026-05-08T02:30:00+0200,38300.0,MW,FR,FR,forecast_load,Forecasted Load,2026-05-23T22:27:11Z
2026-05-23T22:26:36Z,2026-05-24T00:26:36+0200,35a99b20-1361-4eb7-8009-5b844fa790cc,2026-05-08T00:45:00Z,2026-05-08T02:45:00+0200,37550.0,MW,FR,FR,forecast_load,Forecasted Load,2026-05-23T22:27:11Z
2026-05-23T22:26:36Z,2026-05-24T00:26:36+0200,35a99b20-1361-4eb7-8009-5b844fa790cc,2026-05-08T01:00:00Z,2026-05-08T03:00:00+0200,36800.0,MW,FR,FR,forecast_load,Forecasted Load,2026-05-23T22:27:11Z
2026-05-23T22:26:36Z,2026-05-24T00:26:36+0200,35a99b20-1361-4eb7-8009-5b844fa790cc,2026-05-08T01:15:00Z,2026-05-08T03:15:00+0200,36450.0,MW,FR,FR,forecast_load,Forecasted Load,2026-05-23T22:27:11Z
2026-05-23T22:26:36Z,2026-05-24T00:26:36+0200,35a99b20-1361-4eb7-8009-5b844fa790cc,2026-05-08T01:30:00Z,2026-05-08T03:30:00+0200,36100.0,MW,FR,FR,forecast_load,Forecasted Load,2026-05-23T22:27:11Z
2026-05-23T22:26:36Z,2026-05-24T00:26:36+0200,35a99b20-1361-4eb7-8009-5b844fa790cc,2026-05-08T01:45:00Z,2026-05-08T03:45:00+0200,35750.0,MW,FR,FR,forecast_load,Forecasted Load,2026-05-23T22:27:11Z
2026-05-23T22:26:36Z,2026-05-24T00:26:36+0200,35a99b20-1361-4eb7-8009-5b844fa790cc,2026-05-08T02:00:00Z,2026-05-08T04:00:00+0200,35400.0,MW,FR,FR,forecast_load,Forecasted Load,2026-05-23T22:27:11Z
2026-05-23T22:26:36Z,2026-05-24T00:26:36+0200,35a99b20-1361-4eb7-8009-5b844fa790cc,2026-05-08T02:15:00Z,2026-05-08T04:15:00+0200,35250.0,MW,FR,FR,forecast_load,Forecasted Load,2026-05-23T22:27:11Z
2026-05-23T22:26:36Z,2026-05-24T00:26:36+0200,35a99b20-1361-4eb7-8009-5b844fa790cc,2026-05-08T02:30:00Z,2026-05-08T04:30:00+0200,35100.0,MW,FR,FR,forecast_load,Forecasted Load,2026-05-23T22:27:11Z
2026-05-23T22:26:36Z,2026-05-24T00:26:36+0200,35a99b20-1361-4eb7-8009-5b844fa790cc,2026-05-08T02:45:00Z,2026-05-08T04:45:00+0200,34950.0,MW,FR,FR,forecast_load,Forecasted Load,2026-05-23T22:27:11Z
2026-05-23T22:26:36Z,2026-05-24T00:26:36+0200,35a99b20-1361-4eb7-8009-5b844fa790cc,2026-05-08T03:00:00Z,2026-05-08T05:00:00+0200,34800.0,MW,FR,FR,forecast_load,Forecasted Load,2026-05-23T22:27:11Z
2026-05-23T22:26:36Z,2026-05-24T00:26:36+0200,35a99b20-1361-4eb7-8009-5b844fa790cc,2026-05-08T03:15:00Z,2026-05-08T05:15:00+0200,35200.0,MW,FR,FR,forecast_load,Forecasted Load,2026-05-23T22:27:11Z
2026-05-23T22:26:36Z,2026-05-24T00:26:36+0200,35a99b20-1361-4eb7-8009-5b844fa790cc,2026-05-08T03:30:00Z,2026-05-08T05:30:00+0200,35600.0,MW,FR,FR,forecast_load,Forecasted Load,2026-05-23T22:27:11Z
2026-05-23T22:26:36Z,2026-05-24T00:26:36+0200,35a99b20-1361-4eb7-8009-5b844fa790cc,2026-05-08T03:45:00Z,2026-05-08T05:45:00+0200,35900.0,MW,FR,FR,forecast_load,Forecasted Load,2026-05-23T22:27:11Z
2026-05-23T22:26:36Z,2026-05-24T00:26:36+0200,35a99b20-1361-4eb7-8009-5b844fa790cc,2026-05-08T04:00:00Z,2026-05-08T06:00:00+0200,36200.0,MW,FR,FR,forecast_load,Forecasted Load,2026-05-23T22:27:11Z
2026-05-23T22:26:36Z,2026-05-24T00:26:36+0200,35a99b20-1361-4eb7-8009-5b844fa790cc,2026-05-08T04:15:00Z,2026-05-08T06:15:00+0200,36100.0,MW,FR,FR,forecast_load,Forecasted Load,2026-05-23T22:27:11Z
2026-05-23T22:26:36Z,2026-05-24T00:26:36+0200,35a99b20-1361-4eb7-8009-5b844fa790cc,2026-05-08T04:30:00Z,2026-05-08T06:30:00+0200,36000.0,MW,FR,FR,forecast_load,Forecasted Load,2026-05-23T22:27:11Z
2026-05-23T22:26:36Z,2026-05-24T00:26:36+0200,35a99b20-1361-4eb7-8009-5b844fa790cc,2026-05-08T04:45:00Z,2026-05-08T06:45:00+0200,36250.0,MW,FR,FR,forecast_load,Forecasted Load,2026-05-23T22:27:11Z
2026-05-23T22:26:36Z,2026-05-24T00:26:36+0200,35a99b20-1361-4eb7-8009-5b844fa790cc,2026-05-08T05:00:00Z,2026-05-08T07:00:00+0200,36500.0,MW,FR,FR,forecast_load,Forecasted Load,2026-05-23T22:27:11Z
2026-05-23T22:26:36Z,2026-05-24T00:26:36+0200,35a99b20-1361-4eb7-8009-5b844fa790cc,2026-05-08T05:15:00Z,2026-05-08T07:15:00+0200,36800.0,MW,FR,FR,forecast_load,Forecasted Load,2026-05-23T22:27:11Z
2026-05-23T22:26:36Z,2026-05-24T00:26:36+0200,35a99b20-1361-4eb7-8009-5b844fa790cc,2026-05-08T05:30:00Z,2026-05-08T07:30:00+0200,37100.0,MW,FR,FR,forecast_load,Forecasted Load,2026-05-23T22:27:11Z
2026-05-23T22:26:36Z,2026-05-24T00:26:36+0200,35a99b20-1361-4eb7-8009-5b844fa790cc,2026-05-08T05:45:00Z,2026-05-08T07:45:00+0200,37500.0,MW,FR,FR,forecast_load,Forecasted Load,2026-05-23T22:27:11Z
2026-05-23T22:26:36Z,2026-05-24T00:26:36+0200,35a99b20-1361-4eb7-8009-5b844fa790cc,2026-05-08T06:00:00Z,2026-05-08T08:00:00+0200,37900.0,MW,FR,FR,forecast_load,Forecasted Load,2026-05-23T22:27:11Z
2026-05-23T22:26:36Z,2026-05-24T00:26:36+0200,35a99b20-1361-4eb7-8009-5b844fa790cc,2026-05-08T06:15:00Z,2026-05-08T08:15:00+0200,38300.0,MW,FR,FR,forecast_load,Forecasted Load,2026-05-23T22:27:11Z
2026-05-23T22:26:36Z,2026-05-24T00:26:36+0200,35a99b20-1361-4eb7-8009-5b844fa790cc,2026-05-08T06:30:00Z,2026-05-08T08:30:00+0200,38700.0,MW,FR,FR,forecast_load,Forecasted Load,2026-05-23T22:27:11Z
2026-05-23T22:26:36Z,2026-05-24T00:26:36+0200,35a99b20-1361-4eb7-8009-5b844fa790cc,2026-05-08T06:45:00Z,2026-05-08T08:45:00+0200,39150.0,MW,FR,FR,forecast_load,Forecasted Load,2026-05-23T22:27:11Z
2026-05-23T22:26:36Z,2026-05-24T00:26:36+0200,35a99b20-1361-4eb7-8009-5b844fa790cc,2026-05-08T07:00:00Z,2026-05-08T09:00:00+0200,39600.0,MW,FR,FR,forecast_load,Forecasted Load,2026-05-23T22:27:11Z
2026-05-23T22:26:36Z,2026-05-24T00:26:36+0200,35a99b20-1361-4eb7-8009-5b844fa790cc,2026-05-08T07:15:00Z,2026-05-08T09:15:00+0200,40000.0,MW,FR,FR,forecast_load,Forecasted Load,2026-05-23T22:27:11Z
2026-05-23T22:26:36Z,2026-05-24T00:26:36+0200,35a99b20-1361-4eb7-8009-5b844fa790cc,2026-05-08T07:30:00Z,2026-05-08T09:30:00+0200,40400.0,MW,FR,FR,forecast_load,Forecasted Load,2026-05-23T22:27:11Z
2026-05-23T22:26:36Z,2026-05-24T00:26:36+0200,35a99b20-1361-4eb7-8009-5b844fa790cc,2026-05-08T07:45:00Z,2026-05-08T09:45:00+0200,40650.0,MW,FR,FR,forecast_load,Forecasted Load,2026-05-23T22:27:11Z
2026-05-23T22:26:36Z,2026-05-24T00:26:36+0200,35a99b20-1361-4eb7-8009-5b844fa790cc,2026-05-08T08:00:00Z,2026-05-08T10:00:00+0200,40900.0,MW,FR,FR,forecast_load,Forecasted Load,2026-05-23T22:27:11Z
2026-05-23T22:26:36Z,2026-05-24T00:26:36+0200,35a99b20-1361-4eb7-8009-5b844fa790cc,2026-05-08T08:15:00Z,2026-05-08T10:15:00+0200,41050.0,MW,FR,FR,forecast_load,Forecasted Load,2026-05-23T22:27:11Z
2026-05-23T22:26:36Z,2026-05-24T00:26:36+0200,35a99b20-1361-4eb7-8009-5b844fa790cc,2026-05-08T08:30:00Z,2026-05-08T10:30:00+0200,41200.0,MW,FR,FR,forecast_load,Forecasted Load,2026-05-23T22:27:11Z
2026-05-23T22:26:36Z,2026-05-24T00:26:36+0200,35a99b20-1361-4eb7-8009-5b844fa790cc,2026-05-08T08:45:00Z,2026-05-08T10:45:00+0200,41400.0,MW,FR,FR,forecast_load,Forecasted Load,2026-05-23T22:27:11Z
2026-05-23T22:26:36Z,2026-05-24T00:26:36+0200,35a99b20-1361-4eb7-8009-5b844fa790cc,2026-05-08T09:00:00Z,2026-05-08T11:00:00+0200,41600.0,MW,FR,FR,forecast_load,Forecasted Load,2026-05-23T22:27:11Z
2026-05-23T22:26:36Z,2026-05-24T00:26:36+0200,35a99b20-1361-4eb7-8009-5b844fa790cc,2026-05-08T09:15:00Z,2026-05-08T11:15:00+0200,41550.0,MW,FR,FR,forecast_load,Forecasted Load,2026-05-23T22:27:11Z
2026-05-23T22:26:36Z,2026-05-24T00:26:36+0200,35a99b20-1361-4eb7-8009-5b844fa790cc,2026-05-08T09:30:00Z,2026-05-08T11:30:00+0200,41500.0,MW,FR,FR,forecast_load,Forecasted Load,2026-05-23T22:27:11Z
2026-05-23T22:26:36Z,2026-05-24T00:26:36+0200,35a99b20-1361-4eb7-8009-5b844fa790cc,2026-05-08T09:45:00Z,2026-05-08T11:45:00+0200,42400.0,MW,FR,FR,forecast_load,Forecasted Load,2026-05-23T22:27:11Z
2026-05-23T22:26:36Z,2026-05-24T00:26:36+0200,35a99b20-1361-4eb7-8009-5b844fa790cc,2026-05-08T10:00:00Z,2026-05-08T12:00:00+0200,43300.0,MW,FR,FR,forecast_load,Forecasted Load,2026-05-23T22:27:11Z
2026-05-23T22:26:36Z,2026-05-24T00:26:36+0200,35a99b20-1361-4eb7-8009-5b844fa790cc,2026-05-08T10:15:00Z,2026-05-08T12:15:00+0200,43350.0,MW,FR,FR,forecast_load,Forecasted Load,2026-05-23T22:27:11Z
2026-05-23T22:26:36Z,2026-05-24T00:26:36+0200,35a99b20-1361-4eb7-8009-5b844fa790cc,2026-05-08T10:30:00Z,2026-05-08T12:30:00+0200,43400.0,MW,FR,FR,forecast_load,Forecasted Load,2026-05-23T22:27:11Z
2026-05-23T22:26:36Z,2026-05-24T00:26:36+0200,35a99b20-1361-4eb7-8009-5b844fa790cc,2026-05-08T10:45:00Z,2026-05-08T12:45:00+0200,43650.0,MW,FR,FR,forecast_load,Forecasted Load,2026-05-23T22:27:11Z
2026-05-23T22:26:36Z,2026-05-24T00:26:36+0200,35a99b20-1361-4eb7-8009-5b844fa790cc,2026-05-08T11:00:00Z,2026-05-08T13:00:00+0200,43900.0,MW,FR,FR,forecast_load,Forecasted Load,2026-05-23T22:27:11Z
2026-05-23T22:26:36Z,2026-05-24T00:26:36+0200,35a99b20-1361-4eb7-8009-5b844fa790cc,2026-05-08T11:15:00Z,2026-05-08T13:15:00+0200,42750.0,MW,FR,FR,forecast_load,Forecasted Load,2026-05-23T22:27:11Z
2026-05-23T22:26:36Z,2026-05-24T00:26:36+0200,35a99b20-1361-4eb7-8009-5b844fa790cc,2026-05-08T11:30:00Z,2026-05-08T13:30:00+0200,41600.0,MW,FR,FR,forecast_load,Forecasted Load,2026-05-23T22:27:11Z
2026-05-23T22:26:36Z,2026-05-24T00:26:36+0200,35a99b20-1361-4eb7-8009-5b844fa790cc,2026-05-08T11:45:00Z,2026-05-08T13:45:00+0200,41050.0,MW,FR,FR,forecast_load,Forecasted Load,2026-05-23T22:27:11Z
2026-05-23T22:26:36Z,2026-05-24T00:26:36+0200,35a99b20-1361-4eb7-8009-5b844fa790cc,2026-05-08T12:00:00Z,2026-05-08T14:00:00+0200,40500.0,MW,FR,FR,forecast_load,Forecasted Load,2026-05-23T22:27:11Z
2026-05-23T22:26:36Z,2026-05-24T00:26:36+0200,35a99b20-1361-4eb7-8009-5b844fa790cc,2026-05-08T12:15:00Z,2026-05-08T14:15:00+0200,41100.0,MW,FR,FR,forecast_load,Forecasted Load,2026-05-23T22:27:11Z
2026-05-23T22:26:36Z,2026-05-24T00:26:36+0200,35a99b20-1361-4eb7-8009-5b844fa790cc,2026-05-08T12:30:00Z,2026-05-08T14:30:00+0200,41700.0,MW,FR,FR,forecast_load,Forecasted Load,2026-05-23T22:27:11Z
2026-05-23T22:26:36Z,2026-05-24T00:26:36+0200,35a99b20-1361-4eb7-8009-5b844fa790cc,2026-05-08T12:45:00Z,2026-05-08T14:45:00+0200,41200.0,MW,FR,FR,forecast_load,Forecasted Load,2026-05-23T22:27:11Z
2026-05-23T22:26:36Z,2026-05-24T00:26:36+0200,35a99b20-1361-4eb7-8009-5b844fa790cc,2026-05-08T13:00:00Z,2026-05-08T15:00:00+0200,40700.0,MW,FR,FR,forecast_load,Forecasted Load,2026-05-23T22:27:11Z
2026-05-23T22:26:36Z,2026-05-24T00:26:36+0200,35a99b20-1361-4eb7-8009-5b844fa790cc,2026-05-08T13:15:00Z,2026-05-08T15:15:00+0200,39900.0,MW,FR,FR,forecast_load,Forecasted Load,2026-05-23T22:27:11Z
2026-05-23T22:26:36Z,2026-05-24T00:26:36+0200,35a99b20-1361-4eb7-8009-5b844fa790cc,2026-05-08T13:30:00Z,2026-05-08T15:30:00+0200,39100.0,MW,FR,FR,forecast_load,Forecasted Load,2026-05-23T22:27:11Z
2026-05-23T22:26:36Z,2026-05-24T00:26:36+0200,35a99b20-1361-4eb7-8009-5b844fa790cc,2026-05-08T13:45:00Z,2026-05-08T15:45:00+0200,38450.0,MW,FR,FR,forecast_load,Forecasted Load,2026-05-23T22:27:11Z
2026-05-23T22:26:36Z,2026-05-24T00:26:36+0200,35a99b20-1361-4eb7-8009-5b844fa790cc,2026-05-08T14:00:00Z,2026-05-08T16:00:00+0200,37800.0,MW,FR,FR,forecast_load,Forecasted Load,2026-05-23T22:27:11Z
2026-05-23T22:26:36Z,2026-05-24T00:26:36+0200,35a99b20-1361-4eb7-8009-5b844fa790cc,2026-05-08T14:15:00Z,2026-05-08T16:15:00+0200,37350.0,MW,FR,FR,forecast_load,Forecasted Load,2026-05-23T22:27:11Z
2026-05-23T22:26:36Z,2026-05-24T00:26:36+0200,35a99b20-1361-4eb7-8009-5b844fa790cc,2026-05-08T14:30:00Z,2026-05-08T16:30:00+0200,36900.0,MW,FR,FR,forecast_load,Forecasted Load,2026-05-23T22:27:11Z
2026-05-23T22:26:36Z,2026-05-24T00:26:36+0200,35a99b20-1361-4eb7-8009-5b844fa790cc,2026-05-08T14:45:00Z,2026-05-08T16:45:00+0200,36650.0,MW,FR,FR,forecast_load,Forecasted Load,2026-05-23T22:27:11Z
2026-05-23T22:26:36Z,2026-05-24T00:26:36+0200,35a99b20-1361-4eb7-8009-5b844fa790cc,2026-05-08T15:00:00Z,2026-05-08T17:00:00+0200,36400.0,MW,FR,FR,forecast_load,Forecasted Load,2026-05-23T22:27:11Z
2026-05-23T22:26:36Z,2026-05-24T00:26:36+0200,35a99b20-1361-4eb7-8009-5b844fa790cc,2026-05-08T15:15:00Z,2026-05-08T17:15:00+0200,36750.0,MW,FR,FR,forecast_load,Forecasted Load,2026-05-23T22:27:11Z
2026-05-23T22:26:36Z,2026-05-24T00:26:36+0200,35a99b20-1361-4eb7-8009-5b844fa790cc,2026-05-08T15:30:00Z,2026-05-08T17:30:00+0200,37100.0,MW,FR,FR,forecast_load,Forecasted Load,2026-05-23T22:27:11Z
2026-05-23T22:26:36Z,2026-05-24T00:26:36+0200,35a99b20-1361-4eb7-8009-5b844fa790cc,2026-05-08T15:45:00Z,2026-05-08T17:45:00+0200,37550.0,MW,FR,FR,forecast_load,Forecasted Load,2026-05-23T22:27:11Z
2026-05-23T22:26:36Z,2026-05-24T00:26:36+0200,35a99b20-1361-4eb7-8009-5b844fa790cc,2026-05-08T16:00:00Z,2026-05-08T18:00:00+0200,38000.0,MW,FR,FR,forecast_load,Forecasted Load,2026-05-23T22:27:11Z
2026-05-23T22:26:36Z,2026-05-24T00:26:36+0200,35a99b20-1361-4eb7-8009-5b844fa790cc,2026-05-08T16:15:00Z,2026-05-08T18:15:00+0200,38550.0,MW,FR,FR,forecast_load,Forecasted Load,2026-05-23T22:27:11Z
2026-05-23T22:26:36Z,2026-05-24T00:26:36+0200,35a99b20-1361-4eb7-8009-5b844fa790cc,2026-05-08T16:30:00Z,2026-05-08T18:30:00+0200,39100.0,MW,FR,FR,forecast_load,Forecasted Load,2026-05-23T22:27:11Z
2026-05-23T22:26:36Z,2026-05-24T00:26:36+0200,35a99b20-1361-4eb7-8009-5b844fa790cc,2026-05-08T16:45:00Z,2026-05-08T18:45:00+0200,39800.0,MW,FR,FR,forecast_load,Forecasted Load,2026-05-23T22:27:11Z
2026-05-23T22:26:36Z,2026-05-24T00:26:36+0200,35a99b20-1361-4eb7-8009-5b844fa790cc,2026-05-08T17:00:00Z,2026-05-08T19:00:00+0200,40500.0,MW,FR,FR,forecast_load,Forecasted Load,2026-05-23T22:27:11Z
2026-05-23T22:26:36Z,2026-05-24T00:26:36+0200,35a99b20-1361-4eb7-8009-5b844fa790cc,2026-05-08T17:15:00Z,2026-05-08T19:15:00+0200,40600.0,MW,FR,FR,forecast_load,Forecasted Load,2026-05-23T22:27:11Z
2026-05-23T22:26:36Z,2026-05-24T00:26:36+0200,35a99b20-1361-4eb7-8009-5b844fa790cc,2026-05-08T17:30:00Z,2026-05-08T19:30:00+0200,40700.0,MW,FR,FR,forecast_load,Forecasted Load,2026-05-23T22:27:11Z
2026-05-23T22:26:36Z,2026-05-24T00:26:36+0200,35a99b20-1361-4eb7-8009-5b844fa790cc,2026-05-08T17:45:00Z,2026-05-08T19:45:00+0200,40650.0,MW,FR,FR,forecast_load,Forecasted Load,2026-05-23T22:27:11Z
2026-05-23T22:26:36Z,2026-05-24T00:26:36+0200,35a99b20-1361-4eb7-8009-5b844fa790cc,2026-05-08T18:00:00Z,2026-05-08T20:00:00+0200,40600.0,MW,FR,FR,forecast_load,Forecasted Load,2026-05-23T22:27:11Z
2026-05-23T22:26:36Z,2026-05-24T00:26:36+0200,35a99b20-1361-4eb7-8009-5b844fa790cc,2026-05-08T18:15:00Z,2026-05-08T20:15:00+0200,40200.0,MW,FR,FR,forecast_load,Forecasted Load,2026-05-23T22:27:11Z
2026-05-23T22:26:36Z,2026-05-24T00:26:36+0200,35a99b20-1361-4eb7-8009-5b844fa790cc,2026-05-08T18:30:00Z,2026-05-08T20:30:00+0200,39800.0,MW,FR,FR,forecast_load,Forecasted Load,2026-05-23T22:27:11Z
2026-05-23T22:26:36Z,2026-05-24T00:26:36+0200,35a99b20-1361-4eb7-8009-5b844fa790cc,2026-05-08T18:45:00Z,2026-05-08T20:45:00+0200,39650.0,MW,FR,FR,forecast_load,Forecasted Load,2026-05-23T22:27:11Z
2026-05-23T22:26:36Z,2026-05-24T00:26:36+0200,35a99b20-1361-4eb7-8009-5b844fa790cc,2026-05-08T19:00:00Z,2026-05-08T21:00:00+0200,39500.0,MW,FR,FR,forecast_load,Forecasted Load,2026-05-23T22:27:11Z
2026-05-23T22:26:36Z,2026-05-24T00:26:36+0200,35a99b20-1361-4eb7-8009-5b844fa790cc,2026-05-08T19:15:00Z,2026-05-08T21:15:00+0200,39750.0,MW,FR,FR,forecast_load,Forecasted Load,2026-05-23T22:27:11Z
2026-05-23T22:26:36Z,2026-05-24T00:26:36+0200,35a99b20-1361-4eb7-8009-5b844fa790cc,2026-05-08T19:30:00Z,2026-05-08T21:30:00+0200,40000.0,MW,FR,FR,forecast_load,Forecasted Load,2026-05-23T22:27:11Z
2026-05-23T22:26:36Z,2026-05-24T00:26:36+0200,35a99b20-1361-4eb7-8009-5b844fa790cc,2026-05-08T19:45:00Z,2026-05-08T21:45:00+0200,39950.0,MW,FR,FR,forecast_load,Forecasted Load,2026-05-23T22:27:11Z
2026-05-23T22:26:36Z,2026-05-24T00:26:36+0200,35a99b20-1361-4eb7-8009-5b844fa790cc,2026-05-08T20:00:00Z,2026-05-08T22:00:00+0200,39900.0,MW,FR,FR,forecast_load,Forecasted Load,2026-05-23T22:27:11Z
2026-05-23T22:26:36Z,2026-05-24T00:26:36+0200,35a99b20-1361-4eb7-8009-5b844fa790cc,2026-05-08T20:15:00Z,2026-05-08T22:15:00+0200,40250.0,MW,FR,FR,forecast_load,Forecasted Load,2026-05-23T22:27:11Z
2026-05-23T22:26:36Z,2026-05-24T00:26:36+0200,35a99b20-1361-4eb7-8009-5b844fa790cc,2026-05-08T20:30:00Z,2026-05-08T22:30:00+0200,40600.0,MW,FR,FR,forecast_load,Forecasted Load,2026-05-23T22:27:11Z
2026-05-23T22:26:36Z,2026-05-24T00:26:36+0200,35a99b20-1361-4eb7-8009-5b844fa790cc,2026-05-08T20:45:00Z,2026-05-08T22:45:00+0200,41650.0,MW,FR,FR,forecast_load,Forecasted Load,2026-05-23T22:27:11Z
2026-05-23T22:26:36Z,2026-05-24T00:26:36+0200,35a99b20-1361-4eb7-8009-5b844fa790cc,2026-05-08T21:00:00Z,2026-05-08T23:00:00+0200,42700.0,MW,FR,FR,forecast_load,Forecasted Load,2026-05-23T22:27:11Z
2026-05-23T22:26:36Z,2026-05-24T00:26:36+0200,35a99b20-1361-4eb7-8009-5b844fa790cc,2026-05-08T21:15:00Z,2026-05-08T23:15:00+0200,42200.0,MW,FR,FR,forecast_load,Forecasted Load,2026-05-23T22:27:11Z
2026-05-23T22:26:36Z,2026-05-24T00:26:36+0200,35a99b20-1361-4eb7-8009-5b844fa790cc,2026-05-08T21:30:00Z,2026-05-08T23:30:00+0200,41700.0,MW,FR,FR,forecast_load,Forecasted Load,2026-05-23T22:27:11Z
2026-05-23T22:26:36Z,2026-05-24T00:26:36+0200,35a99b20-1361-4eb7-8009-5b844fa790cc,2026-05-08T21:45:00Z,2026-05-08T23:45:00+0200,41350.0,MW,FR,FR,forecast_load,Forecasted Load,2026-05-23T22:27:11Z
2026-05-23T22:26:36Z,2026-05-24T00:26:36+0200,35a99b20-1361-4eb7-8009-5b844fa790cc,2026-05-08T22:00:00Z,2026-05-09T00:00:00+0200,41500.0,MW,FR,FR,forecast_load,Forecasted Load,2026-05-23T22:27:11Z
2026-05-23T22:26:36Z,2026-05-24T00:26:36+0200,35a99b20-1361-4eb7-8009-5b844fa790cc,2026-05-08T22:15:00Z,2026-05-09T00:15:00+0200,40650.0,MW,FR,FR,forecast_load,Forecasted Load,2026-05-23T22:27:11Z
2026-05-23T22:26:36Z,2026-05-24T00:26:36+0200,35a99b20-1361-4eb7-8009-5b844fa790cc,2026-05-08T22:30:00Z,2026-05-09T00:30:00+0200,39800.0,MW,FR,FR,forecast_load,Forecasted Load,2026-05-23T22:27:11Z
2026-05-23T22:26:36Z,2026-05-24T00:26:36+0200,35a99b20-1361-4eb7-8009-5b844fa790cc,2026-05-08T22:45:00Z,2026-05-09T00:45:00+0200,38850.0,MW,FR,FR,forecast_load,Forecasted Load,2026-05-23T22:27:11Z
2026-05-23T22:26:36Z,2026-05-24T00:26:36+0200,35a99b20-1361-4eb7-8009-5b844fa790cc,2026-05-08T23:00:00Z,2026-05-09T01:00:00+0200,37900.0,MW,FR,FR,forecast_load,Forecasted Load,2026-05-23T22:27:11Z
2026-05-23T22:26:36Z,2026-05-24T00:26:36+0200,35a99b20-1361-4eb7-8009-5b844fa790cc,2026-05-08T23:15:00Z,2026-05-09T01:15:00+0200,38200.0,MW,FR,FR,forecast_load,Forecasted Load,2026-05-23T22:27:11Z
2026-05-23T22:26:36Z,2026-05-24T00:26:36+0200,35a99b20-1361-4eb7-8009-5b844fa790cc,2026-05-08T23:30:00Z,2026-05-09T01:30:00+0200,38500.0,MW,FR,FR,forecast_load,Forecasted Load,2026-05-23T22:27:11Z
2026-05-23T22:26:36Z,2026-05-24T00:26:36+0200,35a99b20-1361-4eb7-8009-5b844fa790cc,2026-05-08T23:45:00Z,2026-05-09T01:45:00+0200,38150.0,MW,FR,FR,forecast_load,Forecasted Load,2026-05-23T22:27:11Z
2026-05-23T22:26:36Z,2026-05-24T00:26:36+0200,35a99b20-1361-4eb7-8009-5b844fa790cc,2026-05-09T00:00:00Z,2026-05-09T02:00:00+0200,37800.0,MW,FR,FR,forecast_load,Forecasted Load,2026-05-23T22:27:11Z
2026-05-23T22:26:36Z,2026-05-24T00:26:36+0200,35a99b20-1361-4eb7-8009-5b844fa790cc,2026-05-09T00:15:00Z,2026-05-09T02:15:00+0200,36750.0,MW,FR,FR,forecast_load,Forecasted Load,2026-05-23T22:27:11Z
2026-05-23T22:26:36Z,2026-05-24T00:26:36+0200,35a99b20-1361-4eb7-8009-5b844fa790cc,2026-05-09T00:30:00Z,2026-05-09T02:30:00+0200,35700.0,MW,FR,FR,forecast_load,Forecasted Load,2026-05-23T22:27:11Z
2026-05-23T22:26:36Z,2026-05-24T00:26:36+0200,35a99b20-1361-4eb7-8009-5b844fa790cc,2026-05-09T00:45:00Z,2026-05-09T02:45:00+0200,34950.0,MW,FR,FR,forecast_load,Forecasted Load,2026-05-23T22:27:11Z
2026-05-23T22:26:36Z,2026-05-24T00:26:36+0200,35a99b20-1361-4eb7-8009-5b844fa790cc,2026-05-09T01:00:00Z,2026-05-09T03:00:00+0200,34200.0,MW,FR,FR,forecast_load,Forecasted Load,2026-05-23T22:27:11Z
2026-05-23T22:26:36Z,2026-05-24T00:26:36+0200,35a99b20-1361-4eb7-8009-5b844fa790cc,2026-05-09T01:15:00Z,2026-05-09T03:15:00+0200,33800.0,MW,FR,FR,forecast_load,Forecasted Load,2026-05-23T22:27:11Z
2026-05-23T22:26:36Z,2026-05-24T00:26:36+0200,35a99b20-1361-4eb7-8009-5b844fa790cc,2026-05-09T01:30:00Z,2026-05-09T03:30:00+0200,33400.0,MW,FR,FR,forecast_load,Forecasted Load,2026-05-23T22:27:11Z
2026-05-23T22:26:36Z,2026-05-24T00:26:36+0200,35a99b20-1361-4eb7-8009-5b844fa790cc,2026-05-09T01:45:00Z,2026-05-09T03:45:00+0200,33200.0,MW,FR,FR,forecast_load,Forecasted Load,2026-05-23T22:27:11Z
2026-05-23T22:26:36Z,2026-05-24T00:26:36+0200,35a99b20-1361-4eb7-8009-5b844fa790cc,2026-05-09T02:00:00Z,2026-05-09T04:00:00+0200,33000.0,MW,FR,FR,forecast_load,Forecasted Load,2026-05-23T22:27:11Z
2026-05-23T22:26:36Z,2026-05-24T00:26:36+0200,35a99b20-1361-4eb7-8009-5b844fa790cc,2026-05-09T02:15:00Z,2026-05-09T04:15:00+0200,32650.0,MW,FR,FR,forecast_load,Forecasted Load,2026-05-23T22:27:11Z
2026-05-23T22:26:36Z,2026-05-24T00:26:36+0200,35a99b20-1361-4eb7-8009-5b844fa790cc,2026-05-09T02:30:00Z,2026-05-09T04:30:00+0200,32300.0,MW,FR,FR,forecast_load,Forecasted Load,2026-05-23T22:27:11Z
2026-05-23T22:26:36Z,2026-05-24T00:26:36+0200,35a99b20-1361-4eb7-8009-5b844fa790cc,2026-05-09T02:45:00Z,2026-05-09T04:45:00+0200,32150.0,MW,FR,FR,forecast_load,Forecasted Load,2026-05-23T22:27:11Z
2026-05-23T22:26:36Z,2026-05-24T00:26:36+0200,35a99b20-1361-4eb7-8009-5b844fa790cc,2026-05-09T03:00:00Z,2026-05-09T05:00:00+0200,32000.0,MW,FR,FR,forecast_load,Forecasted Load,2026-05-23T22:27:11Z
2026-05-23T22:26:36Z,2026-05-24T00:26:36+0200,35a99b20-1361-4eb7-8009-5b844fa790cc,2026-05-09T03:15:00Z,2026-05-09T05:15:00+0200,32350.0,MW,FR,FR,forecast_load,Forecasted Load,2026-05-23T22:27:11Z
2026-05-23T22:26:36Z,2026-05-24T00:26:36+0200,35a99b20-1361-4eb7-8009-5b844fa790cc,2026-05-09T03:30:00Z,2026-05-09T05:30:00+0200,32700.0,MW,FR,FR,forecast_load,Forecasted Load,2026-05-23T22:27:11Z
2026-05-23T22:26:36Z,2026-05-24T00:26:36+0200,35a99b20-1361-4eb7-8009-5b844fa790cc,2026-05-09T03:45:00Z,2026-05-09T05:45:00+0200,32800.0,MW,FR,FR,forecast_load,Forecasted Load,2026-05-23T22:27:11Z
2026-05-23T22:26:36Z,2026-05-24T00:26:36+0200,35a99b20-1361-4eb7-8009-5b844fa790cc,2026-05-09T04:00:00Z,2026-05-09T06:00:00+0200,32900.0,MW,FR,FR,forecast_load,Forecasted Load,2026-05-23T22:27:11Z
2026-05-23T22:26:36Z,2026-05-24T00:26:36+0200,35a99b20-1361-4eb7-8009-5b844fa790cc,2026-05-09T04:15:00Z,2026-05-09T06:15:00+0200,32850.0,MW,FR,FR,forecast_load,Forecasted Load,2026-05-23T22:27:11Z
2026-05-23T22:26:36Z,2026-05-24T00:26:36+0200,35a99b20-1361-4eb7-8009-5b844fa790cc,2026-05-09T04:30:00Z,2026-05-09T06:30:00+0200,32800.0,MW,FR,FR,forecast_load,Forecasted Load,2026-05-23T22:27:11Z
2026-05-23T22:26:36Z,2026-05-24T00:26:36+0200,35a99b20-1361-4eb7-8009-5b844fa790cc,2026-05-09T04:45:00Z,2026-05-09T06:45:00+0200,33000.0,MW,FR,FR,forecast_load,Forecasted Load,2026-05-23T22:27:11Z
2026-05-23T22:26:36Z,2026-05-24T00:26:36+0200,35a99b20-1361-4eb7-8009-5b844fa790cc,2026-05-09T05:00:00Z,2026-05-09T07:00:00+0200,33200.0,MW,FR,FR,forecast_load,Forecasted Load,2026-05-23T22:27:11Z
2026-05-23T22:26:36Z,2026-05-24T00:26:36+0200,35a99b20-1361-4eb7-8009-5b844fa790cc,2026-05-09T05:15:00Z,2026-05-09T07:15:00+0200,33600.0,MW,FR,FR,forecast_load,Forecasted Load,2026-05-23T22:27:11Z
2026-05-23T22:26:36Z,2026-05-24T00:26:36+0200,35a99b20-1361-4eb7-8009-5b844fa790cc,2026-05-09T05:30:00Z,2026-05-09T07:30:00+0200,34000.0,MW,FR,FR,forecast_load,Forecasted Load,2026-05-23T22:27:11Z
2026-05-23T22:26:36Z,2026-05-24T00:26:36+0200,35a99b20-1361-4eb7-8009-5b844fa790cc,2026-05-09T05:45:00Z,2026-05-09T07:45:00+0200,34400.0,MW,FR,FR,forecast_load,Forecasted Load,2026-05-23T22:27:11Z
2026-05-23T22:26:36Z,2026-05-24T00:26:36+0200,35a99b20-1361-4eb7-8009-5b844fa790cc,2026-05-09T06:00:00Z,2026-05-09T08:00:00+0200,34800.0,MW,FR,FR,forecast_load,Forecasted Load,2026-05-23T22:27:11Z
2026-05-23T22:26:36Z,2026-05-24T00:26:36+0200,35a99b20-1361-4eb7-8009-5b844fa790cc,2026-05-09T06:15:00Z,2026-05-09T08:15:00+0200,35250.0,MW,FR,FR,forecast_load,Forecasted Load,2026-05-23T22:27:11Z
2026-05-23T22:26:36Z,2026-05-24T00:26:36+0200,35a99b20-1361-4eb7-8009-5b844fa790cc,2026-05-09T06:30:00Z,2026-05-09T08:30:00+0200,35700.0,MW,FR,FR,forecast_load,Forecasted Load,2026-05-23T22:27:11Z
2026-05-23T22:26:36Z,2026-05-24T00:26:36+0200,35a99b20-1361-4eb7-8009-5b844fa790cc,2026-05-09T06:45:00Z,2026-05-09T08:45:00+0200,36300.0,MW,FR,FR,forecast_load,Forecasted Load,2026-05-23T22:27:11Z
2026-05-23T22:26:36Z,2026-05-24T00:26:36+0200,35a99b20-1361-4eb7-8009-5b844fa790cc,2026-05-09T07:00:00Z,2026-05-09T09:00:00+0200,36900.0,MW,FR,FR,forecast_load,Forecasted Load,2026-05-23T22:27:11Z
2026-05-23T22:26:36Z,2026-05-24T00:26:36+0200,35a99b20-1361-4eb7-8009-5b844fa790cc,2026-05-09T07:15:00Z,2026-05-09T09:15:00+0200,37500.0,MW,FR,FR,forecast_load,Forecasted Load,2026-05-23T22:27:11Z
2026-05-23T22:26:36Z,2026-05-24T00:26:36+0200,35a99b20-1361-4eb7-8009-5b844fa790cc,2026-05-09T07:30:00Z,2026-05-09T09:30:00+0200,38100.0,MW,FR,FR,forecast_load,Forecasted Load,2026-05-23T22:27:11Z
2026-05-23T22:26:36Z,2026-05-24T00:26:36+0200,35a99b20-1361-4eb7-8009-5b844fa790cc,2026-05-09T07:45:00Z,2026-05-09T09:45:00+0200,38550.0,MW,FR,FR,forecast_load,Forecasted Load,2026-05-23T22:27:11Z
2026-05-23T22:26:36Z,2026-05-24T00:26:36+0200,35a99b20-1361-4eb7-8009-5b844fa790cc,2026-05-09T08:00:00Z,2026-05-09T10:00:00+0200,39000.0,MW,FR,FR,forecast_load,Forecasted Load,2026-05-23T22:27:11Z
2026-05-23T22:26:36Z,2026-05-24T00:26:36+0200,35a99b20-1361-4eb7-8009-5b844fa790cc,2026-05-09T08:15:00Z,2026-05-09T10:15:00+0200,39300.0,MW,FR,FR,forecast_load,Forecasted Load,2026-05-23T22:27:11Z
2026-05-23T22:26:36Z,2026-05-24T00:26:36+0200,35a99b20-1361-4eb7-8009-5b844fa790cc,2026-05-09T08:30:00Z,2026-05-09T10:30:00+0200,39600.0,MW,FR,FR,forecast_load,Forecasted Load,2026-05-23T22:27:11Z
2026-05-23T22:26:36Z,2026-05-24T00:26:36+0200,35a99b20-1361-4eb7-8009-5b844fa790cc,2026-05-09T08:45:00Z,2026-05-09T10:45:00+0200,39750.0,MW,FR,FR,forecast_load,Forecasted Load,2026-05-23T22:27:11Z
2026-05-23T22:26:36Z,2026-05-24T00:26:36+0200,35a99b20-1361-4eb7-8009-5b844fa790cc,2026-05-09T09:00:00Z,2026-05-09T11:00:00+0200,39900.0,MW,FR,FR,forecast_load,Forecasted Load,2026-05-23T22:27:11Z
2026-05-23T22:26:36Z,2026-05-24T00:26:36+0200,35a99b20-1361-4eb7-8009-5b844fa790cc,2026-05-09T09:15:00Z,2026-05-09T11:15:00+0200,40100.0,MW,FR,FR,forecast_load,Forecasted Load,2026-05-23T22:27:11Z
2026-05-23T22:26:36Z,2026-05-24T00:26:36+0200,35a99b20-1361-4eb7-8009-5b844fa790cc,2026-05-09T09:30:00Z,2026-05-09T11:30:00+0200,40300.0,MW,FR,FR,forecast_load,Forecasted Load,2026-05-23T22:27:11Z
2026-05-23T22:26:36Z,2026-05-24T00:26:36+0200,35a99b20-1361-4eb7-8009-5b844fa790cc,2026-05-09T09:45:00Z,2026-05-09T11:45:00+0200,41150.0,MW,FR,FR,forecast_load,Forecasted Load,2026-05-23T22:27:11Z
2026-05-23T22:26:36Z,2026-05-24T00:26:36+0200,35a99b20-1361-4eb7-8009-5b844fa790cc,2026-05-09T10:00:00Z,2026-05-09T12:00:00+0200,42000.0,MW,FR,FR,forecast_load,Forecasted Load,2026-05-23T22:27:11Z
2026-05-23T22:26:36Z,2026-05-24T00:26:36+0200,35a99b20-1361-4eb7-8009-5b844fa790cc,2026-05-09T10:15:00Z,2026-05-09T12:15:00+0200,41850.0,MW,FR,FR,forecast_load,Forecasted Load,2026-05-23T22:27:11Z
2026-05-23T22:26:36Z,2026-05-24T00:26:36+0200,35a99b20-1361-4eb7-8009-5b844fa790cc,2026-05-09T10:30:00Z,2026-05-09T12:30:00+0200,41700.0,MW,FR,FR,forecast_load,Forecasted Load,2026-05-23T22:27:11Z
2026-05-23T22:26:36Z,2026-05-24T00:26:36+0200,35a99b20-1361-4eb7-8009-5b844fa790cc,2026-05-09T10:45:00Z,2026-05-09T12:45:00+0200,42350.0,MW,FR,FR,forecast_load,Forecasted Load,2026-05-23T22:27:11Z
2026-05-23T22:26:36Z,2026-05-24T00:26:36+0200,35a99b20-1361-4eb7-8009-5b844fa790cc,2026-05-09T11:00:00Z,2026-05-09T13:00:00+0200,43000.0,MW,FR,FR,forecast_load,Forecasted Load,2026-05-23T22:27:11Z
2026-05-23T22:26:36Z,2026-05-24T00:26:36+0200,35a99b20-1361-4eb7-8009-5b844fa790cc,2026-05-09T11:15:00Z,2026-05-09T13:15:00+0200,41900.0,MW,FR,FR,forecast_load,Forecasted Load,2026-05-23T22:27:11Z
2026-05-23T22:26:36Z,2026-05-24T00:26:36+0200,35a99b20-1361-4eb7-8009-5b844fa790cc,2026-05-09T11:30:00Z,2026-05-09T13:30:00+0200,40800.0,MW,FR,FR,forecast_load,Forecasted Load,2026-05-23T22:27:11Z
2026-05-23T22:26:36Z,2026-05-24T00:26:36+0200,35a99b20-1361-4eb7-8009-5b844fa790cc,2026-05-09T11:45:00Z,2026-05-09T13:45:00+0200,40600.0,MW,FR,FR,forecast_load,Forecasted Load,2026-05-23T22:27:11Z
2026-05-23T22:26:36Z,2026-05-24T00:26:36+0200,35a99b20-1361-4eb7-8009-5b844fa790cc,2026-05-09T12:00:00Z,2026-05-09T14:00:00+0200,40400.0,MW,FR,FR,forecast_load,Forecasted Load,2026-05-23T22:27:11Z
2026-05-23T22:26:36Z,2026-05-24T00:26:36+0200,35a99b20-1361-4eb7-8009-5b844fa790cc,2026-05-09T12:15:00Z,2026-05-09T14:15:00+0200,40800.0,MW,FR,FR,forecast_load,Forecasted Load,2026-05-23T22:27:11Z
2026-05-23T22:26:36Z,2026-05-24T00:26:36+0200,35a99b20-1361-4eb7-8009-5b844fa790cc,2026-05-09T12:30:00Z,2026-05-09T14:30:00+0200,41200.0,MW,FR,FR,forecast_load,Forecasted Load,2026-05-23T22:27:11Z
2026-05-23T22:26:36Z,2026-05-24T00:26:36+0200,35a99b20-1361-4eb7-8009-5b844fa790cc,2026-05-09T12:45:00Z,2026-05-09T14:45:00+0200,41000.0,MW,FR,FR,forecast_load,Forecasted Load,2026-05-23T22:27:11Z
2026-05-23T22:26:36Z,2026-05-24T00:26:36+0200,35a99b20-1361-4eb7-8009-5b844fa790cc,2026-05-09T13:00:00Z,2026-05-09T15:00:00+0200,40800.0,MW,FR,FR,forecast_load,Forecasted Load,2026-05-23T22:27:11Z
2026-05-23T22:26:36Z,2026-05-24T00:26:36+0200,35a99b20-1361-4eb7-8009-5b844fa790cc,2026-05-09T13:15:00Z,2026-05-09T15:15:00+0200,40350.0,MW,FR,FR,forecast_load,Forecasted Load,2026-05-23T22:27:11Z
2026-05-23T22:26:36Z,2026-05-24T00:26:36+0200,35a99b20-1361-4eb7-8009-5b844fa790cc,2026-05-09T13:30:00Z,2026-05-09T15:30:00+0200,39900.0,MW,FR,FR,forecast_load,Forecasted Load,2026-05-23T22:27:11Z
2026-05-23T22:26:36Z,2026-05-24T00:26:36+0200,35a99b20-1361-4eb7-8009-5b844fa790cc,2026-05-09T13:45:00Z,2026-05-09T15:45:00+0200,39450.0,MW,FR,FR,forecast_load,Forecasted Load,2026-05-23T22:27:11Z
2026-05-23T22:26:36Z,2026-05-24T00:26:36+0200,35a99b20-1361-4eb7-8009-5b844fa790cc,2026-05-09T14:00:00Z,2026-05-09T16:00:00+0200,39000.0,MW,FR,FR,forecast_load,Forecasted Load,2026-05-23T22:27:11Z
2026-05-23T22:26:36Z,2026-05-24T00:26:36+0200,35a99b20-1361-4eb7-8009-5b844fa790cc,2026-05-09T14:15:00Z,2026-05-09T16:15:00+0200,38750.0,MW,FR,FR,forecast_load,Forecasted Load,2026-05-23T22:27:11Z
2026-05-23T22:26:36Z,2026-05-24T00:26:36+0200,35a99b20-1361-4eb7-8009-5b844fa790cc,2026-05-09T14:30:00Z,2026-05-09T16:30:00+0200,38500.0,MW,FR,FR,forecast_load,Forecasted Load,2026-05-23T22:27:11Z
2026-05-23T22:26:36Z,2026-05-24T00:26:36+0200,35a99b20-1361-4eb7-8009-5b844fa790cc,2026-05-09T14:45:00Z,2026-05-09T16:45:00+0200,38250.0,MW,FR,FR,forecast_load,Forecasted Load,2026-05-23T22:27:11Z
2026-05-23T22:26:36Z,2026-05-24T00:26:36+0200,35a99b20-1361-4eb7-8009-5b844fa790cc,2026-05-09T15:00:00Z,2026-05-09T17:00:00+0200,38000.0,MW,FR,FR,forecast_load,Forecasted Load,2026-05-23T22:27:11Z
2026-05-23T22:26:36Z,2026-05-24T00:26:36+0200,35a99b20-1361-4eb7-8009-5b844fa790cc,2026-05-09T15:15:00Z,2026-05-09T17:15:00+0200,37950.0,MW,FR,FR,forecast_load,Forecasted Load,2026-05-23T22:27:11Z
2026-05-23T22:26:36Z,2026-05-24T00:26:36+0200,35a99b20-1361-4eb7-8009-5b844fa790cc,2026-05-09T15:30:00Z,2026-05-09T17:30:00+0200,37900.0,MW,FR,FR,forecast_load,Forecasted Load,2026-05-23T22:27:11Z
2026-05-23T22:26:36Z,2026-05-24T00:26:36+0200,35a99b20-1361-4eb7-8009-5b844fa790cc,2026-05-09T15:45:00Z,2026-05-09T17:45:00+0200,38300.0,MW,FR,FR,forecast_load,Forecasted Load,2026-05-23T22:27:11Z
2026-05-23T22:26:36Z,2026-05-24T00:26:36+0200,35a99b20-1361-4eb7-8009-5b844fa790cc,2026-05-09T16:00:00Z,2026-05-09T18:00:00+0200,38700.0,MW,FR,FR,forecast_load,Forecasted Load,2026-05-23T22:27:11Z
2026-05-23T22:26:36Z,2026-05-24T00:26:36+0200,35a99b20-1361-4eb7-8009-5b844fa790cc,2026-05-09T16:15:00Z,2026-05-09T18:15:00+0200,39150.0,MW,FR,FR,forecast_load,Forecasted Load,2026-05-23T22:27:11Z
2026-05-23T22:26:36Z,2026-05-24T00:26:36+0200,35a99b20-1361-4eb7-8009-5b844fa790cc,2026-05-09T16:30:00Z,2026-05-09T18:30:00+0200,39600.0,MW,FR,FR,forecast_load,Forecasted Load,2026-05-23T22:27:11Z
2026-05-23T22:26:36Z,2026-05-24T00:26:36+0200,35a99b20-1361-4eb7-8009-5b844fa790cc,2026-05-09T16:45:00Z,2026-05-09T18:45:00+0200,40300.0,MW,FR,FR,forecast_load,Forecasted Load,2026-05-23T22:27:11Z
2026-05-23T22:26:36Z,2026-05-24T00:26:36+0200,35a99b20-1361-4eb7-8009-5b844fa790cc,2026-05-09T17:00:00Z,2026-05-09T19:00:00+0200,41000.0,MW,FR,FR,forecast_load,Forecasted Load,2026-05-23T22:27:11Z
2026-05-23T22:26:36Z,2026-05-24T00:26:36+0200,35a99b20-1361-4eb7-8009-5b844fa790cc,2026-05-09T17:15:00Z,2026-05-09T19:15:00+0200,41100.0,MW,FR,FR,forecast_load,Forecasted Load,2026-05-23T22:27:11Z
2026-05-23T22:26:36Z,2026-05-24T00:26:36+0200,35a99b20-1361-4eb7-8009-5b844fa790cc,2026-05-09T17:30:00Z,2026-05-09T19:30:00+0200,41200.0,MW,FR,FR,forecast_load,Forecasted Load,2026-05-23T22:27:11Z
2026-05-23T22:26:36Z,2026-05-24T00:26:36+0200,35a99b20-1361-4eb7-8009-5b844fa790cc,2026-05-09T17:45:00Z,2026-05-09T19:45:00+0200,41050.0,MW,FR,FR,forecast_load,Forecasted Load,2026-05-23T22:27:11Z
2026-05-23T22:26:36Z,2026-05-24T00:26:36+0200,35a99b20-1361-4eb7-8009-5b844fa790cc,2026-05-09T18:00:00Z,2026-05-09T20:00:00+0200,40900.0,MW,FR,FR,forecast_load,Forecasted Load,2026-05-23T22:27:11Z
2026-05-23T22:26:36Z,2026-05-24T00:26:36+0200,35a99b20-1361-4eb7-8009-5b844fa790cc,2026-05-09T18:15:00Z,2026-05-09T20:15:00+0200,40400.0,MW,FR,FR,forecast_load,Forecasted Load,2026-05-23T22:27:11Z
2026-05-23T22:26:36Z,2026-05-24T00:26:36+0200,35a99b20-1361-4eb7-8009-5b844fa790cc,2026-05-09T18:30:00Z,2026-05-09T20:30:00+0200,39900.0,MW,FR,FR,forecast_load,Forecasted Load,2026-05-23T22:27:11Z
2026-05-23T22:26:36Z,2026-05-24T00:26:36+0200,35a99b20-1361-4eb7-8009-5b844fa790cc,2026-05-09T18:45:00Z,2026-05-09T20:45:00+0200,39800.0,MW,FR,FR,forecast_load,Forecasted Load,2026-05-23T22:27:11Z
2026-05-23T22:26:36Z,2026-05-24T00:26:36+0200,35a99b20-1361-4eb7-8009-5b844fa790cc,2026-05-09T19:00:00Z,2026-05-09T21:00:00+0200,39700.0,MW,FR,FR,forecast_load,Forecasted Load,2026-05-23T22:27:11Z
2026-05-23T22:26:36Z,2026-05-24T00:26:36+0200,35a99b20-1361-4eb7-8009-5b844fa790cc,2026-05-09T19:15:00Z,2026-05-09T21:15:00+0200,39700.0,MW,FR,FR,forecast_load,Forecasted Load,2026-05-23T22:27:11Z
2026-05-23T22:26:36Z,2026-05-24T00:26:36+0200,35a99b20-1361-4eb7-8009-5b844fa790cc,2026-05-09T19:30:00Z,2026-05-09T21:30:00+0200,39700.0,MW,FR,FR,forecast_load,Forecasted Load,2026-05-23T22:27:11Z
2026-05-23T22:26:36Z,2026-05-24T00:26:36+0200,35a99b20-1361-4eb7-8009-5b844fa790cc,2026-05-09T19:45:00Z,2026-05-09T21:45:00+0200,39300.0,MW,FR,FR,forecast_load,Forecasted Load,2026-05-23T22:27:11Z
2026-05-23T22:26:36Z,2026-05-24T00:26:36+0200,35a99b20-1361-4eb7-8009-5b844fa790cc,2026-05-09T20:00:00Z,2026-05-09T22:00:00+0200,38900.0,MW,FR,FR,forecast_load,Forecasted Load,2026-05-23T22:27:11Z
2026-05-23T22:26:36Z,2026-05-24T00:26:36+0200,35a99b20-1361-4eb7-8009-5b844fa790cc,2026-05-09T20:15:00Z,2026-05-09T22:15:00+0200,39600.0,MW,FR,FR,forecast_load,Forecasted Load,2026-05-23T22:27:11Z
2026-05-23T22:26:36Z,2026-05-24T00:26:36+0200,35a99b20-1361-4eb7-8009-5b844fa790cc,2026-05-09T20:30:00Z,2026-05-09T22:30:00+0200,40300.0,MW,FR,FR,forecast_load,Forecasted Load,2026-05-23T22:27:11Z
2026-05-23T22:26:36Z,2026-05-24T00:26:36+0200,35a99b20-1361-4eb7-8009-5b844fa790cc,2026-05-09T20:45:00Z,2026-05-09T22:45:00+0200,41150.0,MW,FR,FR,forecast_load,Forecasted Load,2026-05-23T22:27:11Z
2026-05-23T22:26:36Z,2026-05-24T00:26:36+0200,35a99b20-1361-4eb7-8009-5b844fa790cc,2026-05-09T21:00:00Z,2026-05-09T23:00:00+0200,42000.0,MW,FR,FR,forecast_load,Forecasted Load,2026-05-23T22:27:11Z
2026-05-23T22:26:36Z,2026-05-24T00:26:36+0200,35a99b20-1361-4eb7-8009-5b844fa790cc,2026-05-09T21:15:00Z,2026-05-09T23:15:00+0200,42000.0,MW,FR,FR,forecast_load,Forecasted Load,2026-05-23T22:27:11Z
2026-05-23T22:26:36Z,2026-05-24T00:26:36+0200,35a99b20-1361-4eb7-8009-5b844fa790cc,2026-05-09T21:30:00Z,2026-05-09T23:30:00+0200,42000.0,MW,FR,FR,forecast_load,Forecasted Load,2026-05-23T22:27:11Z
2026-05-23T22:26:36Z,2026-05-24T00:26:36+0200,35a99b20-1361-4eb7-8009-5b844fa790cc,2026-05-09T21:45:00Z,2026-05-09T23:45:00+0200,41250.0,MW,FR,FR,forecast_load,Forecasted Load,2026-05-23T22:27:11Z
2026-05-23T22:26:36Z,2026-05-24T00:26:36+0200,35a99b20-1361-4eb7-8009-5b844fa790cc,2026-05-09T22:00:00Z,2026-05-10T00:00:00+0200,39500.0,MW,FR,FR,forecast_load,Forecasted Load,2026-05-23T22:27:11Z
2026-05-23T22:26:36Z,2026-05-24T00:26:36+0200,35a99b20-1361-4eb7-8009-5b844fa790cc,2026-05-09T22:15:00Z,2026-05-10T00:15:00+0200,38850.0,MW,FR,FR,forecast_load,Forecasted Load,2026-05-23T22:27:11Z
2026-05-23T22:26:36Z,2026-05-24T00:26:36+0200,35a99b20-1361-4eb7-8009-5b844fa790cc,2026-05-09T22:30:00Z,2026-05-10T00:30:00+0200,38200.0,MW,FR,FR,forecast_load,Forecasted Load,2026-05-23T22:27:11Z
2026-05-23T22:26:36Z,2026-05-24T00:26:36+0200,35a99b20-1361-4eb7-8009-5b844fa790cc,2026-05-09T22:45:00Z,2026-05-10T00:45:00+0200,37300.0,MW,FR,FR,forecast_load,Forecasted Load,2026-05-23T22:27:11Z
2026-05-23T22:26:36Z,2026-05-24T00:26:36+0200,35a99b20-1361-4eb7-8009-5b844fa790cc,2026-05-09T23:00:00Z,2026-05-10T01:00:00+0200,36400.0,MW,FR,FR,forecast_load,Forecasted Load,2026-05-23T22:27:11Z
2026-05-23T22:26:36Z,2026-05-24T00:26:36+0200,35a99b20-1361-4eb7-8009-5b844fa790cc,2026-05-09T23:15:00Z,2026-05-10T01:15:00+0200,36500.0,MW,FR,FR,forecast_load,Forecasted Load,2026-05-23T22:27:11Z
2026-05-23T22:26:36Z,2026-05-24T00:26:36+0200,35a99b20-1361-4eb7-8009-5b844fa790cc,2026-05-09T23:30:00Z,2026-05-10T01:30:00+0200,36600.0,MW,FR,FR,forecast_load,Forecasted Load,2026-05-23T22:27:11Z
2026-05-23T22:26:36Z,2026-05-24T00:26:36+0200,35a99b20-1361-4eb7-8009-5b844fa790cc,2026-05-09T23:45:00Z,2026-05-10T01:45:00+0200,36200.0,MW,FR,FR,forecast_load,Forecasted Load,2026-05-23T22:27:11Z
2026-05-23T22:26:36Z,2026-05-24T00:26:36+0200,35a99b20-1361-4eb7-8009-5b844fa790cc,2026-05-10T00:00:00Z,2026-05-10T02:00:00+0200,35800.0,MW,FR,FR,forecast_load,Forecasted Load,2026-05-23T22:27:11Z
2026-05-23T22:26:36Z,2026-05-24T00:26:36+0200,35a99b20-1361-4eb7-8009-5b844fa790cc,2026-05-10T00:15:00Z,2026-05-10T02:15:00+0200,35050.0,MW,FR,FR,forecast_load,Forecasted Load,2026-05-23T22:27:11Z
2026-05-23T22:26:36Z,2026-05-24T00:26:36+0200,35a99b20-1361-4eb7-8009-5b844fa790cc,2026-05-10T00:30:00Z,2026-05-10T02:30:00+0200,34300.0,MW,FR,FR,forecast_load,Forecasted Load,2026-05-23T22:27:11Z
2026-05-23T22:26:36Z,2026-05-24T00:26:36+0200,35a99b20-1361-4eb7-8009-5b844fa790cc,2026-05-10T00:45:00Z,2026-05-10T02:45:00+0200,33450.0,MW,FR,FR,forecast_load,Forecasted Load,2026-05-23T22:27:11Z
2026-05-23T22:26:36Z,2026-05-24T00:26:36+0200,35a99b20-1361-4eb7-8009-5b844fa790cc,2026-05-10T01:00:00Z,2026-05-10T03:00:00+0200,32600.0,MW,FR,FR,forecast_load,Forecasted Load,2026-05-23T22:27:11Z
2026-05-23T22:26:36Z,2026-05-24T00:26:36+0200,35a99b20-1361-4eb7-8009-5b844fa790cc,2026-05-10T01:15:00Z,2026-05-10T03:15:00+0200,32150.0,MW,FR,FR,forecast_load,Forecasted Load,2026-05-23T22:27:11Z
2026-05-23T22:26:36Z,2026-05-24T00:26:36+0200,35a99b20-1361-4eb7-8009-5b844fa790cc,2026-05-10T01:30:00Z,2026-05-10T03:30:00+0200,31700.0,MW,FR,FR,forecast_load,Forecasted Load,2026-05-23T22:27:11Z
2026-05-23T22:26:36Z,2026-05-24T00:26:36+0200,35a99b20-1361-4eb7-8009-5b844fa790cc,2026-05-10T01:45:00Z,2026-05-10T03:45:00+0200,31400.0,MW,FR,FR,forecast_load,Forecasted Load,2026-05-23T22:27:11Z
2026-05-23T22:26:36Z,2026-05-24T00:26:36+0200,35a99b20-1361-4eb7-8009-5b844fa790cc,2026-05-10T02:00:00Z,2026-05-10T04:00:00+0200,31100.0,MW,FR,FR,forecast_load,Forecasted Load,2026-05-23T22:27:11Z
2026-05-23T22:26:36Z,2026-05-24T00:26:36+0200,35a99b20-1361-4eb7-8009-5b844fa790cc,2026-05-10T02:15:00Z,2026-05-10T04:15:00+0200,30750.0,MW,FR,FR,forecast_load,Forecasted Load,2026-05-23T22:27:11Z
2026-05-23T22:26:36Z,2026-05-24T00:26:36+0200,35a99b20-1361-4eb7-8009-5b844fa790cc,2026-05-10T02:30:00Z,2026-05-10T04:30:00+0200,30400.0,MW,FR,FR,forecast_load,Forecasted Load,2026-05-23T22:27:11Z
2026-05-23T22:26:36Z,2026-05-24T00:26:36+0200,35a99b20-1361-4eb7-8009-5b844fa790cc,2026-05-10T02:45:00Z,2026-05-10T04:45:00+0200,30250.0,MW,FR,FR,forecast_load,Forecasted Load,2026-05-23T22:27:11Z
2026-05-23T22:26:36Z,2026-05-24T00:26:36+0200,35a99b20-1361-4eb7-8009-5b844fa790cc,2026-05-10T03:00:00Z,2026-05-10T05:00:00+0200,30100.0,MW,FR,FR,forecast_load,Forecasted Load,2026-05-23T22:27:11Z
2026-05-23T22:26:36Z,2026-05-24T00:26:36+0200,35a99b20-1361-4eb7-8009-5b844fa790cc,2026-05-10T03:15:00Z,2026-05-10T05:15:00+0200,30250.0,MW,FR,FR,forecast_load,Forecasted Load,2026-05-23T22:27:11Z
2026-05-23T22:26:36Z,2026-05-24T00:26:36+0200,35a99b20-1361-4eb7-8009-5b844fa790cc,2026-05-10T03:30:00Z,2026-05-10T05:30:00+0200,30400.0,MW,FR,FR,forecast_load,Forecasted Load,2026-05-23T22:27:11Z
2026-05-23T22:26:36Z,2026-05-24T00:26:36+0200,35a99b20-1361-4eb7-8009-5b844fa790cc,2026-05-10T03:45:00Z,2026-05-10T05:45:00+0200,30600.0,MW,FR,FR,forecast_load,Forecasted Load,2026-05-23T22:27:11Z
2026-05-23T22:26:36Z,2026-05-24T00:26:36+0200,35a99b20-1361-4eb7-8009-5b844fa790cc,2026-05-10T04:00:00Z,2026-05-10T06:00:00+0200,30800.0,MW,FR,FR,forecast_load,Forecasted Load,2026-05-23T22:27:11Z
2026-05-23T22:26:36Z,2026-05-24T00:26:36+0200,35a99b20-1361-4eb7-8009-5b844fa790cc,2026-05-10T04:15:00Z,2026-05-10T06:15:00+0200,30900.0,MW,FR,FR,forecast_load,Forecasted Load,2026-05-23T22:27:11Z
2026-05-23T22:26:36Z,2026-05-24T00:26:36+0200,35a99b20-1361-4eb7-8009-5b844fa790cc,2026-05-10T04:30:00Z,2026-05-10T06:30:00+0200,31000.0,MW,FR,FR,forecast_load,Forecasted Load,2026-05-23T22:27:11Z
2026-05-23T22:26:36Z,2026-05-24T00:26:36+0200,35a99b20-1361-4eb7-8009-5b844fa790cc,2026-05-10T04:45:00Z,2026-05-10T06:45:00+0200,31000.0,MW,FR,FR,forecast_load,Forecasted Load,2026-05-23T22:27:11Z
2026-05-23T22:26:36Z,2026-05-24T00:26:36+0200,35a99b20-1361-4eb7-8009-5b844fa790cc,2026-05-10T05:00:00Z,2026-05-10T07:00:00+0200,31000.0,MW,FR,FR,forecast_load,Forecasted Load,2026-05-23T22:27:11Z
2026-05-23T22:26:36Z,2026-05-24T00:26:36+0200,35a99b20-1361-4eb7-8009-5b844fa790cc,2026-05-10T05:15:00Z,2026-05-10T07:15:00+0200,31150.0,MW,FR,FR,forecast_load,Forecasted Load,2026-05-23T22:27:11Z
2026-05-23T22:26:36Z,2026-05-24T00:26:36+0200,35a99b20-1361-4eb7-8009-5b844fa790cc,2026-05-10T05:30:00Z,2026-05-10T07:30:00+0200,31300.0,MW,FR,FR,forecast_load,Forecasted Load,2026-05-23T22:27:11Z
2026-05-23T22:26:36Z,2026-05-24T00:26:36+0200,35a99b20-1361-4eb7-8009-5b844fa790cc,2026-05-10T05:45:00Z,2026-05-10T07:45:00+0200,31600.0,MW,FR,FR,forecast_load,Forecasted Load,2026-05-23T22:27:11Z
2026-05-23T22:26:36Z,2026-05-24T00:26:36+0200,35a99b20-1361-4eb7-8009-5b844fa790cc,2026-05-10T06:00:00Z,2026-05-10T08:00:00+0200,31900.0,MW,FR,FR,forecast_load,Forecasted Load,2026-05-23T22:27:11Z
2026-05-23T22:26:36Z,2026-05-24T00:26:36+0200,35a99b20-1361-4eb7-8009-5b844fa790cc,2026-05-10T06:15:00Z,2026-05-10T08:15:00+0200,32550.0,MW,FR,FR,forecast_load,Forecasted Load,2026-05-23T22:27:11Z
2026-05-23T22:26:36Z,2026-05-24T00:26:36+0200,35a99b20-1361-4eb7-8009-5b844fa790cc,2026-05-10T06:30:00Z,2026-05-10T08:30:00+0200,33200.0,MW,FR,FR,forecast_load,Forecasted Load,2026-05-23T22:27:11Z
2026-05-23T22:26:36Z,2026-05-24T00:26:36+0200,35a99b20-1361-4eb7-8009-5b844fa790cc,2026-05-10T06:45:00Z,2026-05-10T08:45:00+0200,33650.0,MW,FR,FR,forecast_load,Forecasted Load,2026-05-23T22:27:11Z
2026-05-23T22:26:36Z,2026-05-24T00:26:36+0200,35a99b20-1361-4eb7-8009-5b844fa790cc,2026-05-10T07:00:00Z,2026-05-10T09:00:00+0200,34100.0,MW,FR,FR,forecast_load,Forecasted Load,2026-05-23T22:27:11Z
2026-05-23T22:26:36Z,2026-05-24T00:26:36+0200,35a99b20-1361-4eb7-8009-5b844fa790cc,2026-05-10T07:15:00Z,2026-05-10T09:15:00+0200,34550.0,MW,FR,FR,forecast_load,Forecasted Load,2026-05-23T22:27:11Z
2026-05-23T22:26:36Z,2026-05-24T00:26:36+0200,35a99b20-1361-4eb7-8009-5b844fa790cc,2026-05-10T07:30:00Z,2026-05-10T09:30:00+0200,35000.0,MW,FR,FR,forecast_load,Forecasted Load,2026-05-23T22:27:11Z
2026-05-23T22:26:36Z,2026-05-24T00:26:36+0200,35a99b20-1361-4eb7-8009-5b844fa790cc,2026-05-10T07:45:00Z,2026-05-10T09:45:00+0200,35500.0,MW,FR,FR,forecast_load,Forecasted Load,2026-05-23T22:27:11Z
2026-05-23T22:26:36Z,2026-05-24T00:26:36+0200,35a99b20-1361-4eb7-8009-5b844fa790cc,2026-05-10T08:00:00Z,2026-05-10T10:00:00+0200,36000.0,MW,FR,FR,forecast_load,Forecasted Load,2026-05-23T22:27:11Z
2026-05-23T22:26:36Z,2026-05-24T00:26:36+0200,35a99b20-1361-4eb7-8009-5b844fa790cc,2026-05-10T08:15:00Z,2026-05-10T10:15:00+0200,36500.0,MW,FR,FR,forecast_load,Forecasted Load,2026-05-23T22:27:11Z
2026-05-23T22:26:36Z,2026-05-24T00:26:36+0200,35a99b20-1361-4eb7-8009-5b844fa790cc,2026-05-10T08:30:00Z,2026-05-10T10:30:00+0200,37000.0,MW,FR,FR,forecast_load,Forecasted Load,2026-05-23T22:27:11Z
2026-05-23T22:26:36Z,2026-05-24T00:26:36+0200,35a99b20-1361-4eb7-8009-5b844fa790cc,2026-05-10T08:45:00Z,2026-05-10T10:45:00+0200,37350.0,MW,FR,FR,forecast_load,Forecasted Load,2026-05-23T22:27:11Z
2026-05-23T22:26:36Z,2026-05-24T00:26:36+0200,35a99b20-1361-4eb7-8009-5b844fa790cc,2026-05-10T09:00:00Z,2026-05-10T11:00:00+0200,37700.0,MW,FR,FR,forecast_load,Forecasted Load,2026-05-23T22:27:11Z
2026-05-23T22:26:36Z,2026-05-24T00:26:36+0200,35a99b20-1361-4eb7-8009-5b844fa790cc,2026-05-10T09:15:00Z,2026-05-10T11:15:00+0200,38100.0,MW,FR,FR,forecast_load,Forecasted Load,2026-05-23T22:27:11Z
2026-05-23T22:26:36Z,2026-05-24T00:26:36+0200,35a99b20-1361-4eb7-8009-5b844fa790cc,2026-05-10T09:30:00Z,2026-05-10T11:30:00+0200,38500.0,MW,FR,FR,forecast_load,Forecasted Load,2026-05-23T22:27:11Z
2026-05-23T22:26:36Z,2026-05-24T00:26:36+0200,35a99b20-1361-4eb7-8009-5b844fa790cc,2026-05-10T09:45:00Z,2026-05-10T11:45:00+0200,39500.0,MW,FR,FR,forecast_load,Forecasted Load,2026-05-23T22:27:11Z
2026-05-23T22:26:36Z,2026-05-24T00:26:36+0200,35a99b20-1361-4eb7-8009-5b844fa790cc,2026-05-10T10:00:00Z,2026-05-10T12:00:00+0200,40500.0,MW,FR,FR,forecast_load,Forecasted Load,2026-05-23T22:27:11Z
2026-05-23T22:26:36Z,2026-05-24T00:26:36+0200,35a99b20-1361-4eb7-8009-5b844fa790cc,2026-05-10T10:15:00Z,2026-05-10T12:15:00+0200,40500.0,MW,FR,FR,forecast_load,Forecasted Load,2026-05-23T22:27:11Z
2026-05-23T22:26:36Z,2026-05-24T00:26:36+0200,35a99b20-1361-4eb7-8009-5b844fa790cc,2026-05-10T10:30:00Z,2026-05-10T12:30:00+0200,40500.0,MW,FR,FR,forecast_load,Forecasted Load,2026-05-23T22:27:11Z
2026-05-23T22:26:36Z,2026-05-24T00:26:36+0200,35a99b20-1361-4eb7-8009-5b844fa790cc,2026-05-10T10:45:00Z,2026-05-10T12:45:00+0200,41000.0,MW,FR,FR,forecast_load,Forecasted Load,2026-05-23T22:27:11Z
2026-05-23T22:26:36Z,2026-05-24T00:26:36+0200,35a99b20-1361-4eb7-8009-5b844fa790cc,2026-05-10T11:00:00Z,2026-05-10T13:00:00+0200,41500.0,MW,FR,FR,forecast_load,Forecasted Load,2026-05-23T22:27:11Z
2026-05-23T22:26:36Z,2026-05-24T00:26:36+0200,35a99b20-1361-4eb7-8009-5b844fa790cc,2026-05-10T11:15:00Z,2026-05-10T13:15:00+0200,40350.0,MW,FR,FR,forecast_load,Forecasted Load,2026-05-23T22:27:11Z
2026-05-23T22:26:36Z,2026-05-24T00:26:36+0200,35a99b20-1361-4eb7-8009-5b844fa790cc,2026-05-10T11:30:00Z,2026-05-10T13:30:00+0200,39200.0,MW,FR,FR,forecast_load,Forecasted Load,2026-05-23T22:27:11Z
2026-05-23T22:26:36Z,2026-05-24T00:26:36+0200,35a99b20-1361-4eb7-8009-5b844fa790cc,2026-05-10T11:45:00Z,2026-05-10T13:45:00+0200,38850.0,MW,FR,FR,forecast_load,Forecasted Load,2026-05-23T22:27:11Z
2026-05-23T22:26:36Z,2026-05-24T00:26:36+0200,35a99b20-1361-4eb7-8009-5b844fa790cc,2026-05-10T12:00:00Z,2026-05-10T14:00:00+0200,38500.0,MW,FR,FR,forecast_load,Forecasted Load,2026-05-23T22:27:11Z
2026-05-23T22:26:36Z,2026-05-24T00:26:36+0200,35a99b20-1361-4eb7-8009-5b844fa790cc,2026-05-10T12:15:00Z,2026-05-10T14:15:00+0200,39000.0,MW,FR,FR,forecast_load,Forecasted Load,2026-05-23T22:27:11Z
2026-05-23T22:26:36Z,2026-05-24T00:26:36+0200,35a99b20-1361-4eb7-8009-5b844fa790cc,2026-05-10T12:30:00Z,2026-05-10T14:30:00+0200,39500.0,MW,FR,FR,forecast_load,Forecasted Load,2026-05-23T22:27:11Z
2026-05-23T22:26:36Z,2026-05-24T00:26:36+0200,35a99b20-1361-4eb7-8009-5b844fa790cc,2026-05-10T12:45:00Z,2026-05-10T14:45:00+0200,39000.0,MW,FR,FR,forecast_load,Forecasted Load,2026-05-23T22:27:11Z
2026-05-23T22:26:36Z,2026-05-24T00:26:36+0200,35a99b20-1361-4eb7-8009-5b844fa790cc,2026-05-10T13:00:00Z,2026-05-10T15:00:00+0200,38500.0,MW,FR,FR,forecast_load,Forecasted Load,2026-05-23T22:27:11Z
2026-05-23T22:26:36Z,2026-05-24T00:26:36+0200,35a99b20-1361-4eb7-8009-5b844fa790cc,2026-05-10T13:15:00Z,2026-05-10T15:15:00+0200,38300.0,MW,FR,FR,forecast_load,Forecasted Load,2026-05-23T22:27:11Z
2026-05-23T22:26:36Z,2026-05-24T00:26:36+0200,35a99b20-1361-4eb7-8009-5b844fa790cc,2026-05-10T13:30:00Z,2026-05-10T15:30:00+0200,38100.0,MW,FR,FR,forecast_load,Forecasted Load,2026-05-23T22:27:11Z
2026-05-23T22:26:36Z,2026-05-24T00:26:36+0200,35a99b20-1361-4eb7-8009-5b844fa790cc,2026-05-10T13:45:00Z,2026-05-10T15:45:00+0200,37750.0,MW,FR,FR,forecast_load,Forecasted Load,2026-05-23T22:27:11Z
2026-05-23T22:26:36Z,2026-05-24T00:26:36+0200,35a99b20-1361-4eb7-8009-5b844fa790cc,2026-05-10T14:00:00Z,2026-05-10T16:00:00+0200,37400.0,MW,FR,FR,forecast_load,Forecasted Load,2026-05-23T22:27:11Z
2026-05-23T22:26:36Z,2026-05-24T00:26:36+0200,35a99b20-1361-4eb7-8009-5b844fa790cc,2026-05-10T14:15:00Z,2026-05-10T16:15:00+0200,37350.0,MW,FR,FR,forecast_load,Forecasted Load,2026-05-23T22:27:11Z
2026-05-23T22:26:36Z,2026-05-24T00:26:36+0200,35a99b20-1361-4eb7-8009-5b844fa790cc,2026-05-10T14:30:00Z,2026-05-10T16:30:00+0200,37300.0,MW,FR,FR,forecast_load,Forecasted Load,2026-05-23T22:27:11Z
2026-05-23T22:26:36Z,2026-05-24T00:26:36+0200,35a99b20-1361-4eb7-8009-5b844fa790cc,2026-05-10T14:45:00Z,2026-05-10T16:45:00+0200,37000.0,MW,FR,FR,forecast_load,Forecasted Load,2026-05-23T22:27:11Z
2026-05-23T22:26:36Z,2026-05-24T00:26:36+0200,35a99b20-1361-4eb7-8009-5b844fa790cc,2026-05-10T15:00:00Z,2026-05-10T17:00:00+0200,36700.0,MW,FR,FR,forecast_load,Forecasted Load,2026-05-23T22:27:11Z
2026-05-23T22:26:36Z,2026-05-24T00:26:36+0200,35a99b20-1361-4eb7-8009-5b844fa790cc,2026-05-10T15:15:00Z,2026-05-10T17:15:00+0200,36600.0,MW,FR,FR,forecast_load,Forecasted Load,2026-05-23T22:27:11Z
2026-05-23T22:26:36Z,2026-05-24T00:26:36+0200,35a99b20-1361-4eb7-8009-5b844fa790cc,2026-05-10T15:30:00Z,2026-05-10T17:30:00+0200,36500.0,MW,FR,FR,forecast_load,Forecasted Load,2026-05-23T22:27:11Z
2026-05-23T22:26:36Z,2026-05-24T00:26:36+0200,35a99b20-1361-4eb7-8009-5b844fa790cc,2026-05-10T15:45:00Z,2026-05-10T17:45:00+0200,36950.0,MW,FR,FR,forecast_load,Forecasted Load,2026-05-23T22:27:11Z
2026-05-23T22:26:36Z,2026-05-24T00:26:36+0200,35a99b20-1361-4eb7-8009-5b844fa790cc,2026-05-10T16:00:00Z,2026-05-10T18:00:00+0200,37400.0,MW,FR,FR,forecast_load,Forecasted Load,2026-05-23T22:27:11Z
2026-05-23T22:26:36Z,2026-05-24T00:26:36+0200,35a99b20-1361-4eb7-8009-5b844fa790cc,2026-05-10T16:15:00Z,2026-05-10T18:15:00+0200,38150.0,MW,FR,FR,forecast_load,Forecasted Load,2026-05-23T22:27:11Z
2026-05-23T22:26:36Z,2026-05-24T00:26:36+0200,35a99b20-1361-4eb7-8009-5b844fa790cc,2026-05-10T16:30:00Z,2026-05-10T18:30:00+0200,38900.0,MW,FR,FR,forecast_load,Forecasted Load,2026-05-23T22:27:11Z
2026-05-23T22:26:36Z,2026-05-24T00:26:36+0200,35a99b20-1361-4eb7-8009-5b844fa790cc,2026-05-10T16:45:00Z,2026-05-10T18:45:00+0200,39650.0,MW,FR,FR,forecast_load,Forecasted Load,2026-05-23T22:27:11Z
2026-05-23T22:26:36Z,2026-05-24T00:26:36+0200,35a99b20-1361-4eb7-8009-5b844fa790cc,2026-05-10T17:00:00Z,2026-05-10T19:00:00+0200,40400.0,MW,FR,FR,forecast_load,Forecasted Load,2026-05-23T22:27:11Z
2026-05-23T22:26:36Z,2026-05-24T00:26:36+0200,35a99b20-1361-4eb7-8009-5b844fa790cc,2026-05-10T17:15:00Z,2026-05-10T19:15:00+0200,40950.0,MW,FR,FR,forecast_load,Forecasted Load,2026-05-23T22:27:11Z
2026-05-23T22:26:36Z,2026-05-24T00:26:36+0200,35a99b20-1361-4eb7-8009-5b844fa790cc,2026-05-10T17:30:00Z,2026-05-10T19:30:00+0200,41500.0,MW,FR,FR,forecast_load,Forecasted Load,2026-05-23T22:27:11Z
2026-05-23T22:26:36Z,2026-05-24T00:26:36+0200,35a99b20-1361-4eb7-8009-5b844fa790cc,2026-05-10T17:45:00Z,2026-05-10T19:45:00+0200,41350.0,MW,FR,FR,forecast_load,Forecasted Load,2026-05-23T22:27:11Z
2026-05-23T22:26:36Z,2026-05-24T00:26:36+0200,35a99b20-1361-4eb7-8009-5b844fa790cc,2026-05-10T18:00:00Z,2026-05-10T20:00:00+0200,41200.0,MW,FR,FR,forecast_load,Forecasted Load,2026-05-23T22:27:11Z
2026-05-23T22:26:36Z,2026-05-24T00:26:36+0200,35a99b20-1361-4eb7-8009-5b844fa790cc,2026-05-10T18:15:00Z,2026-05-10T20:15:00+0200,40550.0,MW,FR,FR,forecast_load,Forecasted Load,2026-05-23T22:27:11Z
2026-05-23T22:26:36Z,2026-05-24T00:26:36+0200,35a99b20-1361-4eb7-8009-5b844fa790cc,2026-05-10T18:30:00Z,2026-05-10T20:30:00+0200,39900.0,MW,FR,FR,forecast_load,Forecasted Load,2026-05-23T22:27:11Z
2026-05-23T22:26:36Z,2026-05-24T00:26:36+0200,35a99b20-1361-4eb7-8009-5b844fa790cc,2026-05-10T18:45:00Z,2026-05-10T20:45:00+0200,40200.0,MW,FR,FR,forecast_load,Forecasted Load,2026-05-23T22:27:11Z
2026-05-23T22:26:36Z,2026-05-24T00:26:36+0200,35a99b20-1361-4eb7-8009-5b844fa790cc,2026-05-10T19:00:00Z,2026-05-10T21:00:00+0200,40500.0,MW,FR,FR,forecast_load,Forecasted Load,2026-05-23T22:27:11Z
2026-05-23T22:26:36Z,2026-05-24T00:26:36+0200,35a99b20-1361-4eb7-8009-5b844fa790cc,2026-05-10T19:15:00Z,2026-05-10T21:15:00+0200,40200.0,MW,FR,FR,forecast_load,Forecasted Load,2026-05-23T22:27:11Z
2026-05-23T22:26:36Z,2026-05-24T00:26:36+0200,35a99b20-1361-4eb7-8009-5b844fa790cc,2026-05-10T19:30:00Z,2026-05-10T21:30:00+0200,39900.0,MW,FR,FR,forecast_load,Forecasted Load,2026-05-23T22:27:11Z
2026-05-23T22:26:36Z,2026-05-24T00:26:36+0200,35a99b20-1361-4eb7-8009-5b844fa790cc,2026-05-10T19:45:00Z,2026-05-10T21:45:00+0200,39550.0,MW,FR,FR,forecast_load,Forecasted Load,2026-05-23T22:27:11Z
2026-05-23T22:26:36Z,2026-05-24T00:26:36+0200,35a99b20-1361-4eb7-8009-5b844fa790cc,2026-05-10T20:00:00Z,2026-05-10T22:00:00+0200,39200.0,MW,FR,FR,forecast_load,Forecasted Load,2026-05-23T22:27:11Z
2026-05-23T22:26:36Z,2026-05-24T00:26:36+0200,35a99b20-1361-4eb7-8009-5b844fa790cc,2026-05-10T20:15:00Z,2026-05-10T22:15:00+0200,39900.0,MW,FR,FR,forecast_load,Forecasted Load,2026-05-23T22:27:11Z
2026-05-23T22:26:36Z,2026-05-24T00:26:36+0200,35a99b20-1361-4eb7-8009-5b844fa790cc,2026-05-10T20:30:00Z,2026-05-10T22:30:00+0200,40600.0,MW,FR,FR,forecast_load,Forecasted Load,2026-05-23T22:27:11Z
2026-05-23T22:26:36Z,2026-05-24T00:26:36+0200,35a99b20-1361-4eb7-8009-5b844fa790cc,2026-05-10T20:45:00Z,2026-05-10T22:45:00+0200,41300.0,MW,FR,FR,forecast_load,Forecasted Load,2026-05-23T22:27:11Z
2026-05-23T22:26:36Z,2026-05-24T00:26:36+0200,35a99b20-1361-4eb7-8009-5b844fa790cc,2026-05-10T21:00:00Z,2026-05-10T23:00:00+0200,42000.0,MW,FR,FR,forecast_load,Forecasted Load,2026-05-23T22:27:11Z
2026-05-23T22:26:36Z,2026-05-24T00:26:36+0200,35a99b20-1361-4eb7-8009-5b844fa790cc,2026-05-10T21:15:00Z,2026-05-10T23:15:00+0200,41900.0,MW,FR,FR,forecast_load,Forecasted Load,2026-05-23T22:27:11Z
2026-05-23T22:26:36Z,2026-05-24T00:26:36+0200,35a99b20-1361-4eb7-8009-5b844fa790cc,2026-05-10T21:30:00Z,2026-05-10T23:30:00+0200,41800.0,MW,FR,FR,forecast_load,Forecasted Load,2026-05-23T22:27:11Z
2026-05-23T22:26:36Z,2026-05-24T00:26:36+0200,35a99b20-1361-4eb7-8009-5b844fa790cc,2026-05-10T21:45:00Z,2026-05-10T23:45:00+0200,41150.0,MW,FR,FR,forecast_load,Forecasted Load,2026-05-23T22:27:11Z
2026-05-23T22:26:36Z,2026-05-24T00:26:36+0200,35a99b20-1361-4eb7-8009-5b844fa790cc,2026-05-10T22:00:00Z,2026-05-11T00:00:00+0200,40500.0,MW,FR,FR,forecast_load,Forecasted Load,2026-05-23T22:27:11Z
2026-05-23T22:26:36Z,2026-05-24T00:26:36+0200,35a99b20-1361-4eb7-8009-5b844fa790cc,2026-05-10T22:15:00Z,2026-05-11T00:15:00+0200,39800.0,MW,FR,FR,forecast_load,Forecasted Load,2026-05-23T22:27:11Z
2026-05-23T22:26:36Z,2026-05-24T00:26:36+0200,35a99b20-1361-4eb7-8009-5b844fa790cc,2026-05-10T22:30:00Z,2026-05-11T00:30:00+0200,39100.0,MW,FR,FR,forecast_load,Forecasted Load,2026-05-23T22:27:11Z
2026-05-23T22:26:36Z,2026-05-24T00:26:36+0200,35a99b20-1361-4eb7-8009-5b844fa790cc,2026-05-10T22:45:00Z,2026-05-11T00:45:00+0200,38150.0,MW,FR,FR,forecast_load,Forecasted Load,2026-05-23T22:27:11Z
2026-05-23T22:26:36Z,2026-05-24T00:26:36+0200,35a99b20-1361-4eb7-8009-5b844fa790cc,2026-05-10T23:00:00Z,2026-05-11T01:00:00+0200,37200.0,MW,FR,FR,forecast_load,Forecasted Load,2026-05-23T22:27:11Z
2026-05-23T22:26:36Z,2026-05-24T00:26:36+0200,35a99b20-1361-4eb7-8009-5b844fa790cc,2026-05-10T23:15:00Z,2026-05-11T01:15:00+0200,37500.0,MW,FR,FR,forecast_load,Forecasted Load,2026-05-23T22:27:11Z
2026-05-23T22:26:36Z,2026-05-24T00:26:36+0200,35a99b20-1361-4eb7-8009-5b844fa790cc,2026-05-10T23:30:00Z,2026-05-11T01:30:00+0200,37800.0,MW,FR,FR,forecast_load,Forecasted Load,2026-05-23T22:27:11Z
2026-05-23T22:26:36Z,2026-05-24T00:26:36+0200,35a99b20-1361-4eb7-8009-5b844fa790cc,2026-05-10T23:45:00Z,2026-05-11T01:45:00+0200,37300.0,MW,FR,FR,forecast_load,Forecasted Load,2026-05-23T22:27:11Z
2026-05-23T22:26:36Z,2026-05-24T00:26:36+0200,35a99b20-1361-4eb7-8009-5b844fa790cc,2026-05-11T00:00:00Z,2026-05-11T02:00:00+0200,36800.0,MW,FR,FR,forecast_load,Forecasted Load,2026-05-23T22:27:11Z
2026-05-23T22:26:36Z,2026-05-24T00:26:36+0200,35a99b20-1361-4eb7-8009-5b844fa790cc,2026-05-11T00:15:00Z,2026-05-11T02:15:00+0200,36200.0,MW,FR,FR,forecast_load,Forecasted Load,2026-05-23T22:27:11Z
2026-05-23T22:26:36Z,2026-05-24T00:26:36+0200,35a99b20-1361-4eb7-8009-5b844fa790cc,2026-05-11T00:30:00Z,2026-05-11T02:30:00+0200,35600.0,MW,FR,FR,forecast_load,Forecasted Load,2026-05-23T22:27:11Z
2026-05-23T22:26:36Z,2026-05-24T00:26:36+0200,35a99b20-1361-4eb7-8009-5b844fa790cc,2026-05-11T00:45:00Z,2026-05-11T02:45:00+0200,35050.0,MW,FR,FR,forecast_load,Forecasted Load,2026-05-23T22:27:11Z
2026-05-23T22:26:36Z,2026-05-24T00:26:36+0200,35a99b20-1361-4eb7-8009-5b844fa790cc,2026-05-11T01:00:00Z,2026-05-11T03:00:00+0200,34500.0,MW,FR,FR,forecast_load,Forecasted Load,2026-05-23T22:27:11Z
2026-05-23T22:26:36Z,2026-05-24T00:26:36+0200,35a99b20-1361-4eb7-8009-5b844fa790cc,2026-05-11T01:15:00Z,2026-05-11T03:15:00+0200,34100.0,MW,FR,FR,forecast_load,Forecasted Load,2026-05-23T22:27:11Z
2026-05-23T22:26:36Z,2026-05-24T00:26:36+0200,35a99b20-1361-4eb7-8009-5b844fa790cc,2026-05-11T01:30:00Z,2026-05-11T03:30:00+0200,33700.0,MW,FR,FR,forecast_load,Forecasted Load,2026-05-23T22:27:11Z
2026-05-23T22:26:36Z,2026-05-24T00:26:36+0200,35a99b20-1361-4eb7-8009-5b844fa790cc,2026-05-11T01:45:00Z,2026-05-11T03:45:00+0200,33500.0,MW,FR,FR,forecast_load,Forecasted Load,2026-05-23T22:27:11Z
2026-05-23T22:26:36Z,2026-05-24T00:26:36+0200,35a99b20-1361-4eb7-8009-5b844fa790cc,2026-05-11T02:00:00Z,2026-05-11T04:00:00+0200,33300.0,MW,FR,FR,forecast_load,Forecasted Load,2026-05-23T22:27:11Z
2026-05-23T22:26:36Z,2026-05-24T00:26:36+0200,35a99b20-1361-4eb7-8009-5b844fa790cc,2026-05-11T02:15:00Z,2026-05-11T04:15:00+0200,33200.0,MW,FR,FR,forecast_load,Forecasted Load,2026-05-23T22:27:11Z
2026-05-23T22:26:36Z,2026-05-24T00:26:36+0200,35a99b20-1361-4eb7-8009-5b844fa790cc,2026-05-11T02:30:00Z,2026-05-11T04:30:00+0200,33100.0,MW,FR,FR,forecast_load,Forecasted Load,2026-05-23T22:27:11Z
2026-05-23T22:26:36Z,2026-05-24T00:26:36+0200,35a99b20-1361-4eb7-8009-5b844fa790cc,2026-05-11T02:45:00Z,2026-05-11T04:45:00+0200,33500.0,MW,FR,FR,forecast_load,Forecasted Load,2026-05-23T22:27:11Z
2026-05-23T22:26:36Z,2026-05-24T00:26:36+0200,35a99b20-1361-4eb7-8009-5b844fa790cc,2026-05-11T03:00:00Z,2026-05-11T05:00:00+0200,33900.0,MW,FR,FR,forecast_load,Forecasted Load,2026-05-23T22:27:11Z
2026-05-23T22:26:36Z,2026-05-24T00:26:36+0200,35a99b20-1361-4eb7-8009-5b844fa790cc,2026-05-11T03:15:00Z,2026-05-11T05:15:00+0200,34600.0,MW,FR,FR,forecast_load,Forecasted Load,2026-05-23T22:27:11Z
2026-05-23T22:26:36Z,2026-05-24T00:26:36+0200,35a99b20-1361-4eb7-8009-5b844fa790cc,2026-05-11T03:30:00Z,2026-05-11T05:30:00+0200,35300.0,MW,FR,FR,forecast_load,Forecasted Load,2026-05-23T22:27:11Z
2026-05-23T22:26:36Z,2026-05-24T00:26:36+0200,35a99b20-1361-4eb7-8009-5b844fa790cc,2026-05-11T03:45:00Z,2026-05-11T05:45:00+0200,36250.0,MW,FR,FR,forecast_load,Forecasted Load,2026-05-23T22:27:11Z
2026-05-23T22:26:36Z,2026-05-24T00:26:36+0200,35a99b20-1361-4eb7-8009-5b844fa790cc,2026-05-11T04:00:00Z,2026-05-11T06:00:00+0200,37200.0,MW,FR,FR,forecast_load,Forecasted Load,2026-05-23T22:27:11Z
2026-05-23T22:26:36Z,2026-05-24T00:26:36+0200,35a99b20-1361-4eb7-8009-5b844fa790cc,2026-05-11T04:15:00Z,2026-05-11T06:15:00+0200,38200.0,MW,FR,FR,forecast_load,Forecasted Load,2026-05-23T22:27:11Z
2026-05-23T22:26:36Z,2026-05-24T00:26:36+0200,35a99b20-1361-4eb7-8009-5b844fa790cc,2026-05-11T04:30:00Z,2026-05-11T06:30:00+0200,39200.0,MW,FR,FR,forecast_load,Forecasted Load,2026-05-23T22:27:11Z
2026-05-23T22:26:36Z,2026-05-24T00:26:36+0200,35a99b20-1361-4eb7-8009-5b844fa790cc,2026-05-11T04:45:00Z,2026-05-11T06:45:00+0200,40350.0,MW,FR,FR,forecast_load,Forecasted Load,2026-05-23T22:27:11Z
2026-05-23T22:26:36Z,2026-05-24T00:26:36+0200,35a99b20-1361-4eb7-8009-5b844fa790cc,2026-05-11T05:00:00Z,2026-05-11T07:00:00+0200,41500.0,MW,FR,FR,forecast_load,Forecasted Load,2026-05-23T22:27:11Z
2026-05-23T22:26:36Z,2026-05-24T00:26:36+0200,35a99b20-1361-4eb7-8009-5b844fa790cc,2026-05-11T05:15:00Z,2026-05-11T07:15:00+0200,42450.0,MW,FR,FR,forecast_load,Forecasted Load,2026-05-23T22:27:11Z
2026-05-23T22:26:36Z,2026-05-24T00:26:36+0200,35a99b20-1361-4eb7-8009-5b844fa790cc,2026-05-11T05:30:00Z,2026-05-11T07:30:00+0200,43400.0,MW,FR,FR,forecast_load,Forecasted Load,2026-05-23T22:27:11Z
2026-05-23T22:26:36Z,2026-05-24T00:26:36+0200,35a99b20-1361-4eb7-8009-5b844fa790cc,2026-05-11T05:45:00Z,2026-05-11T07:45:00+0200,44200.0,MW,FR,FR,forecast_load,Forecasted Load,2026-05-23T22:27:11Z
2026-05-23T22:26:36Z,2026-05-24T00:26:36+0200,35a99b20-1361-4eb7-8009-5b844fa790cc,2026-05-11T06:00:00Z,2026-05-11T08:00:00+0200,45000.0,MW,FR,FR,forecast_load,Forecasted Load,2026-05-23T22:27:11Z
2026-05-23T22:26:36Z,2026-05-24T00:26:36+0200,35a99b20-1361-4eb7-8009-5b844fa790cc,2026-05-11T06:15:00Z,2026-05-11T08:15:00+0200,45600.0,MW,FR,FR,forecast_load,Forecasted Load,2026-05-23T22:27:11Z
2026-05-23T22:26:36Z,2026-05-24T00:26:36+0200,35a99b20-1361-4eb7-8009-5b844fa790cc,2026-05-11T06:30:00Z,2026-05-11T08:30:00+0200,46200.0,MW,FR,FR,forecast_load,Forecasted Load,2026-05-23T22:27:11Z
2026-05-23T22:26:36Z,2026-05-24T00:26:36+0200,35a99b20-1361-4eb7-8009-5b844fa790cc,2026-05-11T06:45:00Z,2026-05-11T08:45:00+0200,46650.0,MW,FR,FR,forecast_load,Forecasted Load,2026-05-23T22:27:11Z
2026-05-23T22:26:36Z,2026-05-24T00:26:36+0200,35a99b20-1361-4eb7-8009-5b844fa790cc,2026-05-11T07:00:00Z,2026-05-11T09:00:00+0200,47100.0,MW,FR,FR,forecast_load,Forecasted Load,2026-05-23T22:27:11Z
2026-05-23T22:26:36Z,2026-05-24T00:26:36+0200,35a99b20-1361-4eb7-8009-5b844fa790cc,2026-05-11T07:15:00Z,2026-05-11T09:15:00+0200,47300.0,MW,FR,FR,forecast_load,Forecasted Load,2026-05-23T22:27:11Z
2026-05-23T22:26:36Z,2026-05-24T00:26:36+0200,35a99b20-1361-4eb7-8009-5b844fa790cc,2026-05-11T07:30:00Z,2026-05-11T09:30:00+0200,47500.0,MW,FR,FR,forecast_load,Forecasted Load,2026-05-23T22:27:11Z
2026-05-23T22:26:36Z,2026-05-24T00:26:36+0200,35a99b20-1361-4eb7-8009-5b844fa790cc,2026-05-11T07:45:00Z,2026-05-11T09:45:00+0200,47500.0,MW,FR,FR,forecast_load,Forecasted Load,2026-05-23T22:27:11Z
2026-05-23T22:26:36Z,2026-05-24T00:26:36+0200,35a99b20-1361-4eb7-8009-5b844fa790cc,2026-05-11T08:00:00Z,2026-05-11T10:00:00+0200,47500.0,MW,FR,FR,forecast_load,Forecasted Load,2026-05-23T22:27:11Z
2026-05-23T22:26:36Z,2026-05-24T00:26:36+0200,35a99b20-1361-4eb7-8009-5b844fa790cc,2026-05-11T08:15:00Z,2026-05-11T10:15:00+0200,47850.0,MW,FR,FR,forecast_load,Forecasted Load,2026-05-23T22:27:11Z
2026-05-23T22:26:36Z,2026-05-24T00:26:36+0200,35a99b20-1361-4eb7-8009-5b844fa790cc,2026-05-11T08:30:00Z,2026-05-11T10:30:00+0200,48200.0,MW,FR,FR,forecast_load,Forecasted Load,2026-05-23T22:27:11Z
2026-05-23T22:26:36Z,2026-05-24T00:26:36+0200,35a99b20-1361-4eb7-8009-5b844fa790cc,2026-05-11T08:45:00Z,2026-05-11T10:45:00+0200,48250.0,MW,FR,FR,forecast_load,Forecasted Load,2026-05-23T22:27:11Z
2026-05-23T22:26:36Z,2026-05-24T00:26:36+0200,35a99b20-1361-4eb7-8009-5b844fa790cc,2026-05-11T09:00:00Z,2026-05-11T11:00:00+0200,48300.0,MW,FR,FR,forecast_load,Forecasted Load,2026-05-23T22:27:11Z
2026-05-23T22:26:36Z,2026-05-24T00:26:36+0200,35a99b20-1361-4eb7-8009-5b844fa790cc,2026-05-11T09:15:00Z,2026-05-11T11:15:00+0200,48600.0,MW,FR,FR,forecast_load,Forecasted Load,2026-05-23T22:27:11Z
2026-05-23T22:26:36Z,2026-05-24T00:26:36+0200,35a99b20-1361-4eb7-8009-5b844fa790cc,2026-05-11T09:30:00Z,2026-05-11T11:30:00+0200,48900.0,MW,FR,FR,forecast_load,Forecasted Load,2026-05-23T22:27:11Z
2026-05-23T22:26:36Z,2026-05-24T00:26:36+0200,35a99b20-1361-4eb7-8009-5b844fa790cc,2026-05-11T09:45:00Z,2026-05-11T11:45:00+0200,49450.0,MW,FR,FR,forecast_load,Forecasted Load,2026-05-23T22:27:11Z
2026-05-23T22:26:36Z,2026-05-24T00:26:36+0200,35a99b20-1361-4eb7-8009-5b844fa790cc,2026-05-11T10:00:00Z,2026-05-11T12:00:00+0200,50000.0,MW,FR,FR,forecast_load,Forecasted Load,2026-05-23T22:27:11Z
2026-05-23T22:26:36Z,2026-05-24T00:26:36+0200,35a99b20-1361-4eb7-8009-5b844fa790cc,2026-05-11T10:15:00Z,2026-05-11T12:15:00+0200,49650.0,MW,FR,FR,forecast_load,Forecasted Load,2026-05-23T22:27:11Z
2026-05-23T22:26:36Z,2026-05-24T00:26:36+0200,35a99b20-1361-4eb7-8009-5b844fa790cc,2026-05-11T10:30:00Z,2026-05-11T12:30:00+0200,49300.0,MW,FR,FR,forecast_load,Forecasted Load,2026-05-23T22:27:11Z
2026-05-23T22:26:36Z,2026-05-24T00:26:36+0200,35a99b20-1361-4eb7-8009-5b844fa790cc,2026-05-11T10:45:00Z,2026-05-11T12:45:00+0200,49650.0,MW,FR,FR,forecast_load,Forecasted Load,2026-05-23T22:27:11Z
2026-05-23T22:26:36Z,2026-05-24T00:26:36+0200,35a99b20-1361-4eb7-8009-5b844fa790cc,2026-05-11T11:00:00Z,2026-05-11T13:00:00+0200,50000.0,MW,FR,FR,forecast_load,Forecasted Load,2026-05-23T22:27:11Z
2026-05-23T22:26:36Z,2026-05-24T00:26:36+0200,35a99b20-1361-4eb7-8009-5b844fa790cc,2026-05-11T11:15:00Z,2026-05-11T13:15:00+0200,49050.0,MW,FR,FR,forecast_load,Forecasted Load,2026-05-23T22:27:11Z
2026-05-23T22:26:36Z,2026-05-24T00:26:36+0200,35a99b20-1361-4eb7-8009-5b844fa790cc,2026-05-11T11:30:00Z,2026-05-11T13:30:00+0200,48100.0,MW,FR,FR,forecast_load,Forecasted Load,2026-05-23T22:27:11Z
2026-05-23T22:26:36Z,2026-05-24T00:26:36+0200,35a99b20-1361-4eb7-8009-5b844fa790cc,2026-05-11T11:45:00Z,2026-05-11T13:45:00+0200,47700.0,MW,FR,FR,forecast_load,Forecasted Load,2026-05-23T22:27:11Z
2026-05-23T22:26:36Z,2026-05-24T00:26:36+0200,35a99b20-1361-4eb7-8009-5b844fa790cc,2026-05-11T12:00:00Z,2026-05-11T14:00:00+0200,47300.0,MW,FR,FR,forecast_load,Forecasted Load,2026-05-23T22:27:11Z
2026-05-23T22:26:36Z,2026-05-24T00:26:36+0200,35a99b20-1361-4eb7-8009-5b844fa790cc,2026-05-11T12:15:00Z,2026-05-11T14:15:00+0200,47450.0,MW,FR,FR,forecast_load,Forecasted Load,2026-05-23T22:27:11Z
2026-05-23T22:26:36Z,2026-05-24T00:26:36+0200,35a99b20-1361-4eb7-8009-5b844fa790cc,2026-05-11T12:30:00Z,2026-05-11T14:30:00+0200,47600.0,MW,FR,FR,forecast_load,Forecasted Load,2026-05-23T22:27:11Z
2026-05-23T22:26:36Z,2026-05-24T00:26:36+0200,35a99b20-1361-4eb7-8009-5b844fa790cc,2026-05-11T12:45:00Z,2026-05-11T14:45:00+0200,47350.0,MW,FR,FR,forecast_load,Forecasted Load,2026-05-23T22:27:11Z
2026-05-23T22:26:36Z,2026-05-24T00:26:36+0200,35a99b20-1361-4eb7-8009-5b844fa790cc,2026-05-11T13:00:00Z,2026-05-11T15:00:00+0200,47100.0,MW,FR,FR,forecast_load,Forecasted Load,2026-05-23T22:27:11Z
2026-05-23T22:26:36Z,2026-05-24T00:26:36+0200,35a99b20-1361-4eb7-8009-5b844fa790cc,2026-05-11T13:15:00Z,2026-05-11T15:15:00+0200,46600.0,MW,FR,FR,forecast_load,Forecasted Load,2026-05-23T22:27:11Z
2026-05-23T22:26:36Z,2026-05-24T00:26:36+0200,35a99b20-1361-4eb7-8009-5b844fa790cc,2026-05-11T13:30:00Z,2026-05-11T15:30:00+0200,46100.0,MW,FR,FR,forecast_load,Forecasted Load,2026-05-23T22:27:11Z
2026-05-23T22:26:36Z,2026-05-24T00:26:36+0200,35a99b20-1361-4eb7-8009-5b844fa790cc,2026-05-11T13:45:00Z,2026-05-11T15:45:00+0200,45700.0,MW,FR,FR,forecast_load,Forecasted Load,2026-05-23T22:27:11Z
2026-05-23T22:26:36Z,2026-05-24T00:26:36+0200,35a99b20-1361-4eb7-8009-5b844fa790cc,2026-05-11T14:00:00Z,2026-05-11T16:00:00+0200,45300.0,MW,FR,FR,forecast_load,Forecasted Load,2026-05-23T22:27:11Z
2026-05-23T22:26:36Z,2026-05-24T00:26:36+0200,35a99b20-1361-4eb7-8009-5b844fa790cc,2026-05-11T14:15:00Z,2026-05-11T16:15:00+0200,45050.0,MW,FR,FR,forecast_load,Forecasted Load,2026-05-23T22:27:11Z
2026-05-23T22:26:36Z,2026-05-24T00:26:36+0200,35a99b20-1361-4eb7-8009-5b844fa790cc,2026-05-11T14:30:00Z,2026-05-11T16:30:00+0200,44800.0,MW,FR,FR,forecast_load,Forecasted Load,2026-05-23T22:27:11Z
2026-05-23T22:26:36Z,2026-05-24T00:26:36+0200,35a99b20-1361-4eb7-8009-5b844fa790cc,2026-05-11T14:45:00Z,2026-05-11T16:45:00+0200,44400.0,MW,FR,FR,forecast_load,Forecasted Load,2026-05-23T22:27:11Z
2026-05-23T22:26:36Z,2026-05-24T00:26:36+0200,35a99b20-1361-4eb7-8009-5b844fa790cc,2026-05-11T15:00:00Z,2026-05-11T17:00:00+0200,44000.0,MW,FR,FR,forecast_load,Forecasted Load,2026-05-23T22:27:11Z
2026-05-23T22:26:36Z,2026-05-24T00:26:36+0200,35a99b20-1361-4eb7-8009-5b844fa790cc,2026-05-11T15:15:00Z,2026-05-11T17:15:00+0200,44100.0,MW,FR,FR,forecast_load,Forecasted Load,2026-05-23T22:27:11Z
2026-05-23T22:26:36Z,2026-05-24T00:26:36+0200,35a99b20-1361-4eb7-8009-5b844fa790cc,2026-05-11T15:30:00Z,2026-05-11T17:30:00+0200,44200.0,MW,FR,FR,forecast_load,Forecasted Load,2026-05-23T22:27:11Z
2026-05-23T22:26:36Z,2026-05-24T00:26:36+0200,35a99b20-1361-4eb7-8009-5b844fa790cc,2026-05-11T15:45:00Z,2026-05-11T17:45:00+0200,44300.0,MW,FR,FR,forecast_load,Forecasted Load,2026-05-23T22:27:11Z
2026-05-23T22:26:36Z,2026-05-24T00:26:36+0200,35a99b20-1361-4eb7-8009-5b844fa790cc,2026-05-11T16:00:00Z,2026-05-11T18:00:00+0200,44400.0,MW,FR,FR,forecast_load,Forecasted Load,2026-05-23T22:27:11Z
2026-05-23T22:26:36Z,2026-05-24T00:26:36+0200,35a99b20-1361-4eb7-8009-5b844fa790cc,2026-05-11T16:15:00Z,2026-05-11T18:15:00+0200,45600.0,MW,FR,FR,forecast_load,Forecasted Load,2026-05-23T22:27:11Z
2026-05-23T22:26:36Z,2026-05-24T00:26:36+0200,35a99b20-1361-4eb7-8009-5b844fa790cc,2026-05-11T16:30:00Z,2026-05-11T18:30:00+0200,46800.0,MW,FR,FR,forecast_load,Forecasted Load,2026-05-23T22:27:11Z
2026-05-23T22:26:36Z,2026-05-24T00:26:36+0200,35a99b20-1361-4eb7-8009-5b844fa790cc,2026-05-11T16:45:00Z,2026-05-11T18:45:00+0200,47750.0,MW,FR,FR,forecast_load,Forecasted Load,2026-05-23T22:27:11Z
2026-05-23T22:26:36Z,2026-05-24T00:26:36+0200,35a99b20-1361-4eb7-8009-5b844fa790cc,2026-05-11T17:00:00Z,2026-05-11T19:00:00+0200,48700.0,MW,FR,FR,forecast_load,Forecasted Load,2026-05-23T22:27:11Z
2026-05-23T22:26:36Z,2026-05-24T00:26:36+0200,35a99b20-1361-4eb7-8009-5b844fa790cc,2026-05-11T17:15:00Z,2026-05-11T19:15:00+0200,48750.0,MW,FR,FR,forecast_load,Forecasted Load,2026-05-23T22:27:11Z
2026-05-23T22:26:36Z,2026-05-24T00:26:36+0200,35a99b20-1361-4eb7-8009-5b844fa790cc,2026-05-11T17:30:00Z,2026-05-11T19:30:00+0200,48800.0,MW,FR,FR,forecast_load,Forecasted Load,2026-05-23T22:27:11Z
2026-05-23T22:26:36Z,2026-05-24T00:26:36+0200,35a99b20-1361-4eb7-8009-5b844fa790cc,2026-05-11T17:45:00Z,2026-05-11T19:45:00+0200,48250.0,MW,FR,FR,forecast_load,Forecasted Load,2026-05-23T22:27:11Z
2026-05-23T22:26:36Z,2026-05-24T00:26:36+0200,35a99b20-1361-4eb7-8009-5b844fa790cc,2026-05-11T18:00:00Z,2026-05-11T20:00:00+0200,47700.0,MW,FR,FR,forecast_load,Forecasted Load,2026-05-23T22:27:11Z
2026-05-23T22:26:36Z,2026-05-24T00:26:36+0200,35a99b20-1361-4eb7-8009-5b844fa790cc,2026-05-11T18:15:00Z,2026-05-11T20:15:00+0200,46950.0,MW,FR,FR,forecast_load,Forecasted Load,2026-05-23T22:27:11Z
2026-05-23T22:26:36Z,2026-05-24T00:26:36+0200,35a99b20-1361-4eb7-8009-5b844fa790cc,2026-05-11T18:30:00Z,2026-05-11T20:30:00+0200,46200.0,MW,FR,FR,forecast_load,Forecasted Load,2026-05-23T22:27:11Z
2026-05-23T22:26:36Z,2026-05-24T00:26:36+0200,35a99b20-1361-4eb7-8009-5b844fa790cc,2026-05-11T18:45:00Z,2026-05-11T20:45:00+0200,45650.0,MW,FR,FR,forecast_load,Forecasted Load,2026-05-23T22:27:11Z
2026-05-23T22:26:36Z,2026-05-24T00:26:36+0200,35a99b20-1361-4eb7-8009-5b844fa790cc,2026-05-11T19:00:00Z,2026-05-11T21:00:00+0200,45100.0,MW,FR,FR,forecast_load,Forecasted Load,2026-05-23T22:27:11Z
2026-05-23T22:26:36Z,2026-05-24T00:26:36+0200,35a99b20-1361-4eb7-8009-5b844fa790cc,2026-05-11T19:15:00Z,2026-05-11T21:15:00+0200,45050.0,MW,FR,FR,forecast_load,Forecasted Load,2026-05-23T22:27:11Z
2026-05-23T22:26:36Z,2026-05-24T00:26:36+0200,35a99b20-1361-4eb7-8009-5b844fa790cc,2026-05-11T19:30:00Z,2026-05-11T21:30:00+0200,45000.0,MW,FR,FR,forecast_load,Forecasted Load,2026-05-23T22:27:11Z
2026-05-23T22:26:36Z,2026-05-24T00:26:36+0200,35a99b20-1361-4eb7-8009-5b844fa790cc,2026-05-11T19:45:00Z,2026-05-11T21:45:00+0200,44550.0,MW,FR,FR,forecast_load,Forecasted Load,2026-05-23T22:27:11Z
2026-05-23T22:26:36Z,2026-05-24T00:26:36+0200,35a99b20-1361-4eb7-8009-5b844fa790cc,2026-05-11T20:00:00Z,2026-05-11T22:00:00+0200,44100.0,MW,FR,FR,forecast_load,Forecasted Load,2026-05-23T22:27:11Z
2026-05-23T22:26:36Z,2026-05-24T00:26:36+0200,35a99b20-1361-4eb7-8009-5b844fa790cc,2026-05-11T20:15:00Z,2026-05-11T22:15:00+0200,44750.0,MW,FR,FR,forecast_load,Forecasted Load,2026-05-23T22:27:11Z
2026-05-23T22:26:36Z,2026-05-24T00:26:36+0200,35a99b20-1361-4eb7-8009-5b844fa790cc,2026-05-11T20:30:00Z,2026-05-11T22:30:00+0200,45400.0,MW,FR,FR,forecast_load,Forecasted Load,2026-05-23T22:27:11Z
2026-05-23T22:26:36Z,2026-05-24T00:26:36+0200,35a99b20-1361-4eb7-8009-5b844fa790cc,2026-05-11T20:45:00Z,2026-05-11T22:45:00+0200,45900.0,MW,FR,FR,forecast_load,Forecasted Load,2026-05-23T22:27:11Z
2026-05-23T22:26:36Z,2026-05-24T00:26:36+0200,35a99b20-1361-4eb7-8009-5b844fa790cc,2026-05-11T21:00:00Z,2026-05-11T23:00:00+0200,46400.0,MW,FR,FR,forecast_load,Forecasted Load,2026-05-23T22:27:11Z
2026-05-23T22:26:36Z,2026-05-24T00:26:36+0200,35a99b20-1361-4eb7-8009-5b844fa790cc,2026-05-11T21:15:00Z,2026-05-11T23:15:00+0200,46000.0,MW,FR,FR,forecast_load,Forecasted Load,2026-05-23T22:27:11Z
2026-05-23T22:26:36Z,2026-05-24T00:26:36+0200,35a99b20-1361-4eb7-8009-5b844fa790cc,2026-05-11T21:30:00Z,2026-05-11T23:30:00+0200,45600.0,MW,FR,FR,forecast_load,Forecasted Load,2026-05-23T22:27:11Z
2026-05-23T22:26:36Z,2026-05-24T00:26:36+0200,35a99b20-1361-4eb7-8009-5b844fa790cc,2026-05-11T21:45:00Z,2026-05-11T23:45:00+0200,45000.0,MW,FR,FR,forecast_load,Forecasted Load,2026-05-23T22:27:11Z
2026-05-23T22:26:36Z,2026-05-24T00:26:36+0200,35a99b20-1361-4eb7-8009-5b844fa790cc,2026-05-11T22:00:00Z,2026-05-12T00:00:00+0200,44500.0,MW,FR,FR,forecast_load,Forecasted Load,2026-05-23T22:27:11Z
2026-05-23T22:26:36Z,2026-05-24T00:26:36+0200,35a99b20-1361-4eb7-8009-5b844fa790cc,2026-05-11T22:15:00Z,2026-05-12T00:15:00+0200,43550.0,MW,FR,FR,forecast_load,Forecasted Load,2026-05-23T22:27:11Z
2026-05-23T22:26:36Z,2026-05-24T00:26:36+0200,35a99b20-1361-4eb7-8009-5b844fa790cc,2026-05-11T22:30:00Z,2026-05-12T00:30:00+0200,42600.0,MW,FR,FR,forecast_load,Forecasted Load,2026-05-23T22:27:11Z
2026-05-23T22:26:36Z,2026-05-24T00:26:36+0200,35a99b20-1361-4eb7-8009-5b844fa790cc,2026-05-11T22:45:00Z,2026-05-12T00:45:00+0200,41700.0,MW,FR,FR,forecast_load,Forecasted Load,2026-05-23T22:27:11Z
2026-05-23T22:26:36Z,2026-05-24T00:26:36+0200,35a99b20-1361-4eb7-8009-5b844fa790cc,2026-05-11T23:00:00Z,2026-05-12T01:00:00+0200,40800.0,MW,FR,FR,forecast_load,Forecasted Load,2026-05-23T22:27:11Z
2026-05-23T22:26:36Z,2026-05-24T00:26:36+0200,35a99b20-1361-4eb7-8009-5b844fa790cc,2026-05-11T23:15:00Z,2026-05-12T01:15:00+0200,41100.0,MW,FR,FR,forecast_load,Forecasted Load,2026-05-23T22:27:11Z
2026-05-23T22:26:36Z,2026-05-24T00:26:36+0200,35a99b20-1361-4eb7-8009-5b844fa790cc,2026-05-11T23:30:00Z,2026-05-12T01:30:00+0200,41400.0,MW,FR,FR,forecast_load,Forecasted Load,2026-05-23T22:27:11Z
2026-05-23T22:26:36Z,2026-05-24T00:26:36+0200,35a99b20-1361-4eb7-8009-5b844fa790cc,2026-05-11T23:45:00Z,2026-05-12T01:45:00+0200,41050.0,MW,FR,FR,forecast_load,Forecasted Load,2026-05-23T22:27:11Z
2026-05-23T22:26:36Z,2026-05-24T00:26:36+0200,35a99b20-1361-4eb7-8009-5b844fa790cc,2026-05-12T00:00:00Z,2026-05-12T02:00:00+0200,40700.0,MW,FR,FR,forecast_load,Forecasted Load,2026-05-23T22:27:11Z
2026-05-23T22:26:36Z,2026-05-24T00:26:36+0200,35a99b20-1361-4eb7-8009-5b844fa790cc,2026-05-12T00:15:00Z,2026-05-12T02:15:00+0200,40050.0,MW,FR,FR,forecast_load,Forecasted Load,2026-05-23T22:27:11Z
2026-05-23T22:26:36Z,2026-05-24T00:26:36+0200,35a99b20-1361-4eb7-8009-5b844fa790cc,2026-05-12T00:30:00Z,2026-05-12T02:30:00+0200,39400.0,MW,FR,FR,forecast_load,Forecasted Load,2026-05-23T22:27:11Z
2026-05-23T22:26:36Z,2026-05-24T00:26:36+0200,35a99b20-1361-4eb7-8009-5b844fa790cc,2026-05-12T00:45:00Z,2026-05-12T02:45:00+0200,38950.0,MW,FR,FR,forecast_load,Forecasted Load,2026-05-23T22:27:11Z
2026-05-23T22:26:36Z,2026-05-24T00:26:36+0200,35a99b20-1361-4eb7-8009-5b844fa790cc,2026-05-12T01:00:00Z,2026-05-12T03:00:00+0200,38500.0,MW,FR,FR,forecast_load,Forecasted Load,2026-05-23T22:27:11Z
2026-05-23T22:26:36Z,2026-05-24T00:26:36+0200,35a99b20-1361-4eb7-8009-5b844fa790cc,2026-05-12T01:15:00Z,2026-05-12T03:15:00+0200,38050.0,MW,FR,FR,forecast_load,Forecasted Load,2026-05-23T22:27:11Z
2026-05-23T22:26:36Z,2026-05-24T00:26:36+0200,35a99b20-1361-4eb7-8009-5b844fa790cc,2026-05-12T01:30:00Z,2026-05-12T03:30:00+0200,37600.0,MW,FR,FR,forecast_load,Forecasted Load,2026-05-23T22:27:11Z
2026-05-23T22:26:36Z,2026-05-24T00:26:36+0200,35a99b20-1361-4eb7-8009-5b844fa790cc,2026-05-12T01:45:00Z,2026-05-12T03:45:00+0200,37350.0,MW,FR,FR,forecast_load,Forecasted Load,2026-05-23T22:27:11Z
2026-05-23T22:26:36Z,2026-05-24T00:26:36+0200,35a99b20-1361-4eb7-8009-5b844fa790cc,2026-05-12T02:00:00Z,2026-05-12T04:00:00+0200,37100.0,MW,FR,FR,forecast_load,Forecasted Load,2026-05-23T22:27:11Z
2026-05-23T22:26:36Z,2026-05-24T00:26:36+0200,35a99b20-1361-4eb7-8009-5b844fa790cc,2026-05-12T02:15:00Z,2026-05-12T04:15:00+0200,37000.0,MW,FR,FR,forecast_load,Forecasted Load,2026-05-23T22:27:11Z
2026-05-23T22:26:36Z,2026-05-24T00:26:36+0200,35a99b20-1361-4eb7-8009-5b844fa790cc,2026-05-12T02:30:00Z,2026-05-12T04:30:00+0200,36900.0,MW,FR,FR,forecast_load,Forecasted Load,2026-05-23T22:27:11Z
2026-05-23T22:26:36Z,2026-05-24T00:26:36+0200,35a99b20-1361-4eb7-8009-5b844fa790cc,2026-05-12T02:45:00Z,2026-05-12T04:45:00+0200,37250.0,MW,FR,FR,forecast_load,Forecasted Load,2026-05-23T22:27:11Z
2026-05-23T22:26:36Z,2026-05-24T00:26:36+0200,35a99b20-1361-4eb7-8009-5b844fa790cc,2026-05-12T03:00:00Z,2026-05-12T05:00:00+0200,37600.0,MW,FR,FR,forecast_load,Forecasted Load,2026-05-23T22:27:11Z
2026-05-23T22:26:36Z,2026-05-24T00:26:36+0200,35a99b20-1361-4eb7-8009-5b844fa790cc,2026-05-12T03:15:00Z,2026-05-12T05:15:00+0200,38150.0,MW,FR,FR,forecast_load,Forecasted Load,2026-05-23T22:27:11Z
2026-05-23T22:26:36Z,2026-05-24T00:26:36+0200,35a99b20-1361-4eb7-8009-5b844fa790cc,2026-05-12T03:30:00Z,2026-05-12T05:30:00+0200,38700.0,MW,FR,FR,forecast_load,Forecasted Load,2026-05-23T22:27:11Z
2026-05-23T22:26:36Z,2026-05-24T00:26:36+0200,35a99b20-1361-4eb7-8009-5b844fa790cc,2026-05-12T03:45:00Z,2026-05-12T05:45:00+0200,39450.0,MW,FR,FR,forecast_load,Forecasted Load,2026-05-23T22:27:11Z
2026-05-23T22:26:36Z,2026-05-24T00:26:36+0200,35a99b20-1361-4eb7-8009-5b844fa790cc,2026-05-12T04:00:00Z,2026-05-12T06:00:00+0200,40200.0,MW,FR,FR,forecast_load,Forecasted Load,2026-05-23T22:27:11Z
2026-05-23T22:26:36Z,2026-05-24T00:26:36+0200,35a99b20-1361-4eb7-8009-5b844fa790cc,2026-05-12T04:15:00Z,2026-05-12T06:15:00+0200,41150.0,MW,FR,FR,forecast_load,Forecasted Load,2026-05-23T22:27:11Z
2026-05-23T22:26:36Z,2026-05-24T00:26:36+0200,35a99b20-1361-4eb7-8009-5b844fa790cc,2026-05-12T04:30:00Z,2026-05-12T06:30:00+0200,42100.0,MW,FR,FR,forecast_load,Forecasted Load,2026-05-23T22:27:11Z
2026-05-23T22:26:36Z,2026-05-24T00:26:36+0200,35a99b20-1361-4eb7-8009-5b844fa790cc,2026-05-12T04:45:00Z,2026-05-12T06:45:00+0200,43100.0,MW,FR,FR,forecast_load,Forecasted Load,2026-05-23T22:27:11Z
2026-05-23T22:26:36Z,2026-05-24T00:26:36+0200,35a99b20-1361-4eb7-8009-5b844fa790cc,2026-05-12T05:00:00Z,2026-05-12T07:00:00+0200,44100.0,MW,FR,FR,forecast_load,Forecasted Load,2026-05-23T22:27:11Z
2026-05-23T22:26:36Z,2026-05-24T00:26:36+0200,35a99b20-1361-4eb7-8009-5b844fa790cc,2026-05-12T05:15:00Z,2026-05-12T07:15:00+0200,45250.0,MW,FR,FR,forecast_load,Forecasted Load,2026-05-23T22:27:11Z
2026-05-23T22:26:36Z,2026-05-24T00:26:36+0200,35a99b20-1361-4eb7-8009-5b844fa790cc,2026-05-12T05:30:00Z,2026-05-12T07:30:00+0200,46400.0,MW,FR,FR,forecast_load,Forecasted Load,2026-05-23T22:27:11Z
2026-05-23T22:26:36Z,2026-05-24T00:26:36+0200,35a99b20-1361-4eb7-8009-5b844fa790cc,2026-05-12T05:45:00Z,2026-05-12T07:45:00+0200,47200.0,MW,FR,FR,forecast_load,Forecasted Load,2026-05-23T22:27:11Z
2026-05-23T22:26:36Z,2026-05-24T00:26:36+0200,35a99b20-1361-4eb7-8009-5b844fa790cc,2026-05-12T06:00:00Z,2026-05-12T08:00:00+0200,48000.0,MW,FR,FR,forecast_load,Forecasted Load,2026-05-23T22:27:11Z
2026-05-23T22:26:36Z,2026-05-24T00:26:36+0200,35a99b20-1361-4eb7-8009-5b844fa790cc,2026-05-12T06:15:00Z,2026-05-12T08:15:00+0200,48650.0,MW,FR,FR,forecast_load,Forecasted Load,2026-05-23T22:27:11Z
2026-05-23T22:26:36Z,2026-05-24T00:26:36+0200,35a99b20-1361-4eb7-8009-5b844fa790cc,2026-05-12T06:30:00Z,2026-05-12T08:30:00+0200,49300.0,MW,FR,FR,forecast_load,Forecasted Load,2026-05-23T22:27:11Z
2026-05-23T22:26:36Z,2026-05-24T00:26:36+0200,35a99b20-1361-4eb7-8009-5b844fa790cc,2026-05-12T06:45:00Z,2026-05-12T08:45:00+0200,49550.0,MW,FR,FR,forecast_load,Forecasted Load,2026-05-23T22:27:11Z
2026-05-23T22:26:36Z,2026-05-24T00:26:36+0200,35a99b20-1361-4eb7-8009-5b844fa790cc,2026-05-12T07:00:00Z,2026-05-12T09:00:00+0200,49800.0,MW,FR,FR,forecast_load,Forecasted Load,2026-05-23T22:27:11Z
2026-05-23T22:26:36Z,2026-05-24T00:26:36+0200,35a99b20-1361-4eb7-8009-5b844fa790cc,2026-05-12T07:15:00Z,2026-05-12T09:15:00+0200,49650.0,MW,FR,FR,forecast_load,Forecasted Load,2026-05-23T22:27:11Z
2026-05-23T22:26:36Z,2026-05-24T00:26:36+0200,35a99b20-1361-4eb7-8009-5b844fa790cc,2026-05-12T07:30:00Z,2026-05-12T09:30:00+0200,49500.0,MW,FR,FR,forecast_load,Forecasted Load,2026-05-23T22:27:11Z
2026-05-23T22:26:36Z,2026-05-24T00:26:36+0200,35a99b20-1361-4eb7-8009-5b844fa790cc,2026-05-12T07:45:00Z,2026-05-12T09:45:00+0200,49250.0,MW,FR,FR,forecast_load,Forecasted Load,2026-05-23T22:27:11Z
2026-05-23T22:26:36Z,2026-05-24T00:26:36+0200,35a99b20-1361-4eb7-8009-5b844fa790cc,2026-05-12T08:00:00Z,2026-05-12T10:00:00+0200,49000.0,MW,FR,FR,forecast_load,Forecasted Load,2026-05-23T22:27:11Z
2026-05-23T22:26:36Z,2026-05-24T00:26:36+0200,35a99b20-1361-4eb7-8009-5b844fa790cc,2026-05-12T08:15:00Z,2026-05-12T10:15:00+0200,48800.0,MW,FR,FR,forecast_load,Forecasted Load,2026-05-23T22:27:11Z
2026-05-23T22:26:36Z,2026-05-24T00:26:36+0200,35a99b20-1361-4eb7-8009-5b844fa790cc,2026-05-12T08:30:00Z,2026-05-12T10:30:00+0200,48600.0,MW,FR,FR,forecast_load,Forecasted Load,2026-05-23T22:27:11Z
2026-05-23T22:26:36Z,2026-05-24T00:26:36+0200,35a99b20-1361-4eb7-8009-5b844fa790cc,2026-05-12T08:45:00Z,2026-05-12T10:45:00+0200,48600.0,MW,FR,FR,forecast_load,Forecasted Load,2026-05-23T22:27:11Z
2026-05-23T22:26:36Z,2026-05-24T00:26:36+0200,35a99b20-1361-4eb7-8009-5b844fa790cc,2026-05-12T09:00:00Z,2026-05-12T11:00:00+0200,48600.0,MW,FR,FR,forecast_load,Forecasted Load,2026-05-23T22:27:11Z
2026-05-23T22:26:36Z,2026-05-24T00:26:36+0200,35a99b20-1361-4eb7-8009-5b844fa790cc,2026-05-12T09:15:00Z,2026-05-12T11:15:00+0200,48650.0,MW,FR,FR,forecast_load,Forecasted Load,2026-05-23T22:27:11Z
2026-05-23T22:26:36Z,2026-05-24T00:26:36+0200,35a99b20-1361-4eb7-8009-5b844fa790cc,2026-05-12T09:30:00Z,2026-05-12T11:30:00+0200,48700.0,MW,FR,FR,forecast_load,Forecasted Load,2026-05-23T22:27:11Z
2026-05-23T22:26:36Z,2026-05-24T00:26:36+0200,35a99b20-1361-4eb7-8009-5b844fa790cc,2026-05-12T09:45:00Z,2026-05-12T11:45:00+0200,49250.0,MW,FR,FR,forecast_load,Forecasted Load,2026-05-23T22:27:11Z
2026-05-23T22:26:36Z,2026-05-24T00:26:36+0200,35a99b20-1361-4eb7-8009-5b844fa790cc,2026-05-12T10:00:00Z,2026-05-12T12:00:00+0200,49800.0,MW,FR,FR,forecast_load,Forecasted Load,2026-05-23T22:27:11Z
2026-05-23T22:26:36Z,2026-05-24T00:26:36+0200,35a99b20-1361-4eb7-8009-5b844fa790cc,2026-05-12T10:15:00Z,2026-05-12T12:15:00+0200,49450.0,MW,FR,FR,forecast_load,Forecasted Load,2026-05-23T22:27:11Z
2026-05-23T22:26:36Z,2026-05-24T00:26:36+0200,35a99b20-1361-4eb7-8009-5b844fa790cc,2026-05-12T10:30:00Z,2026-05-12T12:30:00+0200,49100.0,MW,FR,FR,forecast_load,Forecasted Load,2026-05-23T22:27:11Z
2026-05-23T22:26:36Z,2026-05-24T00:26:36+0200,35a99b20-1361-4eb7-8009-5b844fa790cc,2026-05-12T10:45:00Z,2026-05-12T12:45:00+0200,49650.0,MW,FR,FR,forecast_load,Forecasted Load,2026-05-23T22:27:11Z
2026-05-23T22:26:36Z,2026-05-24T00:26:36+0200,35a99b20-1361-4eb7-8009-5b844fa790cc,2026-05-12T11:00:00Z,2026-05-12T13:00:00+0200,50200.0,MW,FR,FR,forecast_load,Forecasted Load,2026-05-23T22:27:11Z
2026-05-23T22:26:36Z,2026-05-24T00:26:36+0200,35a99b20-1361-4eb7-8009-5b844fa790cc,2026-05-12T11:15:00Z,2026-05-12T13:15:00+0200,49100.0,MW,FR,FR,forecast_load,Forecasted Load,2026-05-23T22:27:11Z
2026-05-23T22:26:36Z,2026-05-24T00:26:36+0200,35a99b20-1361-4eb7-8009-5b844fa790cc,2026-05-12T11:30:00Z,2026-05-12T13:30:00+0200,48000.0,MW,FR,FR,forecast_load,Forecasted Load,2026-05-23T22:27:11Z
2026-05-23T22:26:36Z,2026-05-24T00:26:36+0200,35a99b20-1361-4eb7-8009-5b844fa790cc,2026-05-12T11:45:00Z,2026-05-12T13:45:00+0200,47750.0,MW,FR,FR,forecast_load,Forecasted Load,2026-05-23T22:27:11Z
2026-05-23T22:26:36Z,2026-05-24T00:26:36+0200,35a99b20-1361-4eb7-8009-5b844fa790cc,2026-05-12T12:00:00Z,2026-05-12T14:00:00+0200,47500.0,MW,FR,FR,forecast_load,Forecasted Load,2026-05-23T22:27:11Z
2026-05-23T22:26:36Z,2026-05-24T00:26:36+0200,35a99b20-1361-4eb7-8009-5b844fa790cc,2026-05-12T12:15:00Z,2026-05-12T14:15:00+0200,47750.0,MW,FR,FR,forecast_load,Forecasted Load,2026-05-23T22:27:11Z
2026-05-23T22:26:36Z,2026-05-24T00:26:36+0200,35a99b20-1361-4eb7-8009-5b844fa790cc,2026-05-12T12:30:00Z,2026-05-12T14:30:00+0200,48000.0,MW,FR,FR,forecast_load,Forecasted Load,2026-05-23T22:27:11Z
2026-05-23T22:26:36Z,2026-05-24T00:26:36+0200,35a99b20-1361-4eb7-8009-5b844fa790cc,2026-05-12T12:45:00Z,2026-05-12T14:45:00+0200,47450.0,MW,FR,FR,forecast_load,Forecasted Load,2026-05-23T22:27:11Z
2026-05-23T22:26:36Z,2026-05-24T00:26:36+0200,35a99b20-1361-4eb7-8009-5b844fa790cc,2026-05-12T13:00:00Z,2026-05-12T15:00:00+0200,46900.0,MW,FR,FR,forecast_load,Forecasted Load,2026-05-23T22:27:11Z
2026-05-23T22:26:36Z,2026-05-24T00:26:36+0200,35a99b20-1361-4eb7-8009-5b844fa790cc,2026-05-12T13:15:00Z,2026-05-12T15:15:00+0200,46500.0,MW,FR,FR,forecast_load,Forecasted Load,2026-05-23T22:27:11Z
2026-05-23T22:26:36Z,2026-05-24T00:26:36+0200,35a99b20-1361-4eb7-8009-5b844fa790cc,2026-05-12T13:30:00Z,2026-05-12T15:30:00+0200,46100.0,MW,FR,FR,forecast_load,Forecasted Load,2026-05-23T22:27:11Z
2026-05-23T22:26:36Z,2026-05-24T00:26:36+0200,35a99b20-1361-4eb7-8009-5b844fa790cc,2026-05-12T13:45:00Z,2026-05-12T15:45:00+0200,45800.0,MW,FR,FR,forecast_load,Forecasted Load,2026-05-23T22:27:11Z
2026-05-23T22:26:36Z,2026-05-24T00:26:36+0200,35a99b20-1361-4eb7-8009-5b844fa790cc,2026-05-12T14:00:00Z,2026-05-12T16:00:00+0200,45500.0,MW,FR,FR,forecast_load,Forecasted Load,2026-05-23T22:27:11Z
2026-05-23T22:26:36Z,2026-05-24T00:26:36+0200,35a99b20-1361-4eb7-8009-5b844fa790cc,2026-05-12T14:15:00Z,2026-05-12T16:15:00+0200,45250.0,MW,FR,FR,forecast_load,Forecasted Load,2026-05-23T22:27:11Z
2026-05-23T22:26:36Z,2026-05-24T00:26:36+0200,35a99b20-1361-4eb7-8009-5b844fa790cc,2026-05-12T14:30:00Z,2026-05-12T16:30:00+0200,45000.0,MW,FR,FR,forecast_load,Forecasted Load,2026-05-23T22:27:11Z
2026-05-23T22:26:36Z,2026-05-24T00:26:36+0200,35a99b20-1361-4eb7-8009-5b844fa790cc,2026-05-12T14:45:00Z,2026-05-12T16:45:00+0200,44700.0,MW,FR,FR,forecast_load,Forecasted Load,2026-05-23T22:27:11Z
2026-05-23T22:26:36Z,2026-05-24T00:26:36+0200,35a99b20-1361-4eb7-8009-5b844fa790cc,2026-05-12T15:00:00Z,2026-05-12T17:00:00+0200,44400.0,MW,FR,FR,forecast_load,Forecasted Load,2026-05-23T22:27:11Z
2026-05-23T22:26:36Z,2026-05-24T00:26:36+0200,35a99b20-1361-4eb7-8009-5b844fa790cc,2026-05-12T15:15:00Z,2026-05-12T17:15:00+0200,44500.0,MW,FR,FR,forecast_load,Forecasted Load,2026-05-23T22:27:11Z
2026-05-23T22:26:36Z,2026-05-24T00:26:36+0200,35a99b20-1361-4eb7-8009-5b844fa790cc,2026-05-12T15:30:00Z,2026-05-12T17:30:00+0200,44600.0,MW,FR,FR,forecast_load,Forecasted Load,2026-05-23T22:27:11Z
2026-05-23T22:26:36Z,2026-05-24T00:26:36+0200,35a99b20-1361-4eb7-8009-5b844fa790cc,2026-05-12T15:45:00Z,2026-05-12T17:45:00+0200,45100.0,MW,FR,FR,forecast_load,Forecasted Load,2026-05-23T22:27:11Z
2026-05-23T22:26:36Z,2026-05-24T00:26:36+0200,35a99b20-1361-4eb7-8009-5b844fa790cc,2026-05-12T16:00:00Z,2026-05-12T18:00:00+0200,45600.0,MW,FR,FR,forecast_load,Forecasted Load,2026-05-23T22:27:11Z
2026-05-23T22:26:36Z,2026-05-24T00:26:36+0200,35a99b20-1361-4eb7-8009-5b844fa790cc,2026-05-12T16:15:00Z,2026-05-12T18:15:00+0200,46100.0,MW,FR,FR,forecast_load,Forecasted Load,2026-05-23T22:27:11Z
2026-05-23T22:26:36Z,2026-05-24T00:26:36+0200,35a99b20-1361-4eb7-8009-5b844fa790cc,2026-05-12T16:30:00Z,2026-05-12T18:30:00+0200,46600.0,MW,FR,FR,forecast_load,Forecasted Load,2026-05-23T22:27:11Z
2026-05-23T22:26:36Z,2026-05-24T00:26:36+0200,35a99b20-1361-4eb7-8009-5b844fa790cc,2026-05-12T16:45:00Z,2026-05-12T18:45:00+0200,47600.0,MW,FR,FR,forecast_load,Forecasted Load,2026-05-23T22:27:11Z
2026-05-23T22:26:36Z,2026-05-24T00:26:36+0200,35a99b20-1361-4eb7-8009-5b844fa790cc,2026-05-12T17:00:00Z,2026-05-12T19:00:00+0200,48600.0,MW,FR,FR,forecast_load,Forecasted Load,2026-05-23T22:27:11Z
2026-05-23T22:26:36Z,2026-05-24T00:26:36+0200,35a99b20-1361-4eb7-8009-5b844fa790cc,2026-05-12T17:15:00Z,2026-05-12T19:15:00+0200,48800.0,MW,FR,FR,forecast_load,Forecasted Load,2026-05-23T22:27:11Z
2026-05-23T22:26:36Z,2026-05-24T00:26:36+0200,35a99b20-1361-4eb7-8009-5b844fa790cc,2026-05-12T17:30:00Z,2026-05-12T19:30:00+0200,49000.0,MW,FR,FR,forecast_load,Forecasted Load,2026-05-23T22:27:11Z
2026-05-23T22:26:36Z,2026-05-24T00:26:36+0200,35a99b20-1361-4eb7-8009-5b844fa790cc,2026-05-12T17:45:00Z,2026-05-12T19:45:00+0200,48550.0,MW,FR,FR,forecast_load,Forecasted Load,2026-05-23T22:27:11Z
2026-05-23T22:26:36Z,2026-05-24T00:26:36+0200,35a99b20-1361-4eb7-8009-5b844fa790cc,2026-05-12T18:00:00Z,2026-05-12T20:00:00+0200,48100.0,MW,FR,FR,forecast_load,Forecasted Load,2026-05-23T22:27:11Z
2026-05-23T22:26:36Z,2026-05-24T00:26:36+0200,35a99b20-1361-4eb7-8009-5b844fa790cc,2026-05-12T18:15:00Z,2026-05-12T20:15:00+0200,47400.0,MW,FR,FR,forecast_load,Forecasted Load,2026-05-23T22:27:11Z
2026-05-23T22:26:36Z,2026-05-24T00:26:36+0200,35a99b20-1361-4eb7-8009-5b844fa790cc,2026-05-12T18:30:00Z,2026-05-12T20:30:00+0200,46700.0,MW,FR,FR,forecast_load,Forecasted Load,2026-05-23T22:27:11Z
2026-05-23T22:26:36Z,2026-05-24T00:26:36+0200,35a99b20-1361-4eb7-8009-5b844fa790cc,2026-05-12T18:45:00Z,2026-05-12T20:45:00+0200,46200.0,MW,FR,FR,forecast_load,Forecasted Load,2026-05-23T22:27:11Z
2026-05-23T22:26:36Z,2026-05-24T00:26:36+0200,35a99b20-1361-4eb7-8009-5b844fa790cc,2026-05-12T19:00:00Z,2026-05-12T21:00:00+0200,45700.0,MW,FR,FR,forecast_load,Forecasted Load,2026-05-23T22:27:11Z
2026-05-23T22:26:36Z,2026-05-24T00:26:36+0200,35a99b20-1361-4eb7-8009-5b844fa790cc,2026-05-12T19:15:00Z,2026-05-12T21:15:00+0200,45600.0,MW,FR,FR,forecast_load,Forecasted Load,2026-05-23T22:27:11Z
2026-05-23T22:26:36Z,2026-05-24T00:26:36+0200,35a99b20-1361-4eb7-8009-5b844fa790cc,2026-05-12T19:30:00Z,2026-05-12T21:30:00+0200,45500.0,MW,FR,FR,forecast_load,Forecasted Load,2026-05-23T22:27:11Z
2026-05-23T22:26:36Z,2026-05-24T00:26:36+0200,35a99b20-1361-4eb7-8009-5b844fa790cc,2026-05-12T19:45:00Z,2026-05-12T21:45:00+0200,45100.0,MW,FR,FR,forecast_load,Forecasted Load,2026-05-23T22:27:11Z
2026-05-23T22:26:36Z,2026-05-24T00:26:36+0200,35a99b20-1361-4eb7-8009-5b844fa790cc,2026-05-12T20:00:00Z,2026-05-12T22:00:00+0200,44700.0,MW,FR,FR,forecast_load,Forecasted Load,2026-05-23T22:27:11Z
2026-05-23T22:26:36Z,2026-05-24T00:26:36+0200,35a99b20-1361-4eb7-8009-5b844fa790cc,2026-05-12T20:15:00Z,2026-05-12T22:15:00+0200,45050.0,MW,FR,FR,forecast_load,Forecasted Load,2026-05-23T22:27:11Z
2026-05-23T22:26:36Z,2026-05-24T00:26:36+0200,35a99b20-1361-4eb7-8009-5b844fa790cc,2026-05-12T20:30:00Z,2026-05-12T22:30:00+0200,45400.0,MW,FR,FR,forecast_load,Forecasted Load,2026-05-23T22:27:11Z
2026-05-23T22:26:36Z,2026-05-24T00:26:36+0200,35a99b20-1361-4eb7-8009-5b844fa790cc,2026-05-12T20:45:00Z,2026-05-12T22:45:00+0200,46200.0,MW,FR,FR,forecast_load,Forecasted Load,2026-05-23T22:27:11Z
2026-05-23T22:26:36Z,2026-05-24T00:26:36+0200,35a99b20-1361-4eb7-8009-5b844fa790cc,2026-05-12T21:00:00Z,2026-05-12T23:00:00+0200,47000.0,MW,FR,FR,forecast_load,Forecasted Load,2026-05-23T22:27:11Z
2026-05-23T22:26:36Z,2026-05-24T00:26:36+0200,35a99b20-1361-4eb7-8009-5b844fa790cc,2026-05-12T21:15:00Z,2026-05-12T23:15:00+0200,46700.0,MW,FR,FR,forecast_load,Forecasted Load,2026-05-23T22:27:11Z
2026-05-23T22:26:36Z,2026-05-24T00:26:36+0200,35a99b20-1361-4eb7-8009-5b844fa790cc,2026-05-12T21:30:00Z,2026-05-12T23:30:00+0200,46400.0,MW,FR,FR,forecast_load,Forecasted Load,2026-05-23T22:27:11Z
2026-05-23T22:26:36Z,2026-05-24T00:26:36+0200,35a99b20-1361-4eb7-8009-5b844fa790cc,2026-05-12T21:45:00Z,2026-05-12T23:45:00+0200,45650.0,MW,FR,FR,forecast_load,Forecasted Load,2026-05-23T22:27:11Z
2026-05-23T22:26:36Z,2026-05-24T00:26:36+0200,35a99b20-1361-4eb7-8009-5b844fa790cc,2026-05-12T22:00:00Z,2026-05-13T00:00:00+0200,44100.0,MW,FR,FR,forecast_load,Forecasted Load,2026-05-23T22:27:11Z
2026-05-23T22:26:36Z,2026-05-24T00:26:36+0200,35a99b20-1361-4eb7-8009-5b844fa790cc,2026-05-12T22:15:00Z,2026-05-13T00:15:00+0200,43250.0,MW,FR,FR,forecast_load,Forecasted Load,2026-05-23T22:27:11Z
2026-05-23T22:26:36Z,2026-05-24T00:26:36+0200,35a99b20-1361-4eb7-8009-5b844fa790cc,2026-05-12T22:30:00Z,2026-05-13T00:30:00+0200,42400.0,MW,FR,FR,forecast_load,Forecasted Load,2026-05-23T22:27:11Z
2026-05-23T22:26:36Z,2026-05-24T00:26:36+0200,35a99b20-1361-4eb7-8009-5b844fa790cc,2026-05-12T22:45:00Z,2026-05-13T00:45:00+0200,41400.0,MW,FR,FR,forecast_load,Forecasted Load,2026-05-23T22:27:11Z
2026-05-23T22:26:36Z,2026-05-24T00:26:36+0200,35a99b20-1361-4eb7-8009-5b844fa790cc,2026-05-12T23:00:00Z,2026-05-13T01:00:00+0200,40400.0,MW,FR,FR,forecast_load,Forecasted Load,2026-05-23T22:27:11Z
2026-05-23T22:26:36Z,2026-05-24T00:26:36+0200,35a99b20-1361-4eb7-8009-5b844fa790cc,2026-05-12T23:15:00Z,2026-05-13T01:15:00+0200,40650.0,MW,FR,FR,forecast_load,Forecasted Load,2026-05-23T22:27:11Z
2026-05-23T22:26:36Z,2026-05-24T00:26:36+0200,35a99b20-1361-4eb7-8009-5b844fa790cc,2026-05-12T23:30:00Z,2026-05-13T01:30:00+0200,40900.0,MW,FR,FR,forecast_load,Forecasted Load,2026-05-23T22:27:11Z
2026-05-23T22:26:36Z,2026-05-24T00:26:36+0200,35a99b20-1361-4eb7-8009-5b844fa790cc,2026-05-12T23:45:00Z,2026-05-13T01:45:00+0200,40300.0,MW,FR,FR,forecast_load,Forecasted Load,2026-05-23T22:27:11Z
2026-05-23T22:26:36Z,2026-05-24T00:26:36+0200,35a99b20-1361-4eb7-8009-5b844fa790cc,2026-05-13T00:00:00Z,2026-05-13T02:00:00+0200,39700.0,MW,FR,FR,forecast_load,Forecasted Load,2026-05-23T22:27:11Z
2026-05-23T22:26:36Z,2026-05-24T00:26:36+0200,35a99b20-1361-4eb7-8009-5b844fa790cc,2026-05-13T00:15:00Z,2026-05-13T02:15:00+0200,39200.0,MW,FR,FR,forecast_load,Forecasted Load,2026-05-23T22:27:11Z
2026-05-23T22:26:36Z,2026-05-24T00:26:36+0200,35a99b20-1361-4eb7-8009-5b844fa790cc,2026-05-13T00:30:00Z,2026-05-13T02:30:00+0200,38700.0,MW,FR,FR,forecast_load,Forecasted Load,2026-05-23T22:27:11Z
2026-05-23T22:26:36Z,2026-05-24T00:26:36+0200,35a99b20-1361-4eb7-8009-5b844fa790cc,2026-05-13T00:45:00Z,2026-05-13T02:45:00+0200,38250.0,MW,FR,FR,forecast_load,Forecasted Load,2026-05-23T22:27:11Z
2026-05-23T22:26:36Z,2026-05-24T00:26:36+0200,35a99b20-1361-4eb7-8009-5b844fa790cc,2026-05-13T01:00:00Z,2026-05-13T03:00:00+0200,37800.0,MW,FR,FR,forecast_load,Forecasted Load,2026-05-23T22:27:11Z
2026-05-23T22:26:36Z,2026-05-24T00:26:36+0200,35a99b20-1361-4eb7-8009-5b844fa790cc,2026-05-13T01:15:00Z,2026-05-13T03:15:00+0200,37350.0,MW,FR,FR,forecast_load,Forecasted Load,2026-05-23T22:27:11Z
2026-05-23T22:26:36Z,2026-05-24T00:26:36+0200,35a99b20-1361-4eb7-8009-5b844fa790cc,2026-05-13T01:30:00Z,2026-05-13T03:30:00+0200,36900.0,MW,FR,FR,forecast_load,Forecasted Load,2026-05-23T22:27:11Z
2026-05-23T22:26:36Z,2026-05-24T00:26:36+0200,35a99b20-1361-4eb7-8009-5b844fa790cc,2026-05-13T01:45:00Z,2026-05-13T03:45:00+0200,36650.0,MW,FR,FR,forecast_load,Forecasted Load,2026-05-23T22:27:11Z
2026-05-23T22:26:36Z,2026-05-24T00:26:36+0200,35a99b20-1361-4eb7-8009-5b844fa790cc,2026-05-13T02:00:00Z,2026-05-13T04:00:00+0200,36400.0,MW,FR,FR,forecast_load,Forecasted Load,2026-05-23T22:27:11Z
2026-05-23T22:26:36Z,2026-05-24T00:26:36+0200,35a99b20-1361-4eb7-8009-5b844fa790cc,2026-05-13T02:15:00Z,2026-05-13T04:15:00+0200,36400.0,MW,FR,FR,forecast_load,Forecasted Load,2026-05-23T22:27:11Z
2026-05-23T22:26:36Z,2026-05-24T00:26:36+0200,35a99b20-1361-4eb7-8009-5b844fa790cc,2026-05-13T02:30:00Z,2026-05-13T04:30:00+0200,36400.0,MW,FR,FR,forecast_load,Forecasted Load,2026-05-23T22:27:11Z
2026-05-23T22:26:36Z,2026-05-24T00:26:36+0200,35a99b20-1361-4eb7-8009-5b844fa790cc,2026-05-13T02:45:00Z,2026-05-13T04:45:00+0200,36500.0,MW,FR,FR,forecast_load,Forecasted Load,2026-05-23T22:27:11Z
2026-05-23T22:26:36Z,2026-05-24T00:26:36+0200,35a99b20-1361-4eb7-8009-5b844fa790cc,2026-05-13T03:00:00Z,2026-05-13T05:00:00+0200,36600.0,MW,FR,FR,forecast_load,Forecasted Load,2026-05-23T22:27:11Z
2026-05-23T22:26:36Z,2026-05-24T00:26:36+0200,35a99b20-1361-4eb7-8009-5b844fa790cc,2026-05-13T03:15:00Z,2026-05-13T05:15:00+0200,37350.0,MW,FR,FR,forecast_load,Forecasted Load,2026-05-23T22:27:11Z
2026-05-23T22:26:36Z,2026-05-24T00:26:36+0200,35a99b20-1361-4eb7-8009-5b844fa790cc,2026-05-13T03:30:00Z,2026-05-13T05:30:00+0200,38100.0,MW,FR,FR,forecast_load,Forecasted Load,2026-05-23T22:27:11Z
2026-05-23T22:26:36Z,2026-05-24T00:26:36+0200,35a99b20-1361-4eb7-8009-5b844fa790cc,2026-05-13T03:45:00Z,2026-05-13T05:45:00+0200,38800.0,MW,FR,FR,forecast_load,Forecasted Load,2026-05-23T22:27:11Z
2026-05-23T22:26:36Z,2026-05-24T00:26:36+0200,35a99b20-1361-4eb7-8009-5b844fa790cc,2026-05-13T04:00:00Z,2026-05-13T06:00:00+0200,39500.0,MW,FR,FR,forecast_load,Forecasted Load,2026-05-23T22:27:11Z
2026-05-23T22:26:36Z,2026-05-24T00:26:36+0200,35a99b20-1361-4eb7-8009-5b844fa790cc,2026-05-13T04:15:00Z,2026-05-13T06:15:00+0200,40300.0,MW,FR,FR,forecast_load,Forecasted Load,2026-05-23T22:27:11Z
2026-05-23T22:26:36Z,2026-05-24T00:26:36+0200,35a99b20-1361-4eb7-8009-5b844fa790cc,2026-05-13T04:30:00Z,2026-05-13T06:30:00+0200,41100.0,MW,FR,FR,forecast_load,Forecasted Load,2026-05-23T22:27:11Z
2026-05-23T22:26:36Z,2026-05-24T00:26:36+0200,35a99b20-1361-4eb7-8009-5b844fa790cc,2026-05-13T04:45:00Z,2026-05-13T06:45:00+0200,42100.0,MW,FR,FR,forecast_load,Forecasted Load,2026-05-23T22:27:11Z
2026-05-23T22:26:36Z,2026-05-24T00:26:36+0200,35a99b20-1361-4eb7-8009-5b844fa790cc,2026-05-13T05:00:00Z,2026-05-13T07:00:00+0200,43100.0,MW,FR,FR,forecast_load,Forecasted Load,2026-05-23T22:27:11Z
2026-05-23T22:26:36Z,2026-05-24T00:26:36+0200,35a99b20-1361-4eb7-8009-5b844fa790cc,2026-05-13T05:15:00Z,2026-05-13T07:15:00+0200,44150.0,MW,FR,FR,forecast_load,Forecasted Load,2026-05-23T22:27:11Z
2026-05-23T22:26:36Z,2026-05-24T00:26:36+0200,35a99b20-1361-4eb7-8009-5b844fa790cc,2026-05-13T05:30:00Z,2026-05-13T07:30:00+0200,45200.0,MW,FR,FR,forecast_load,Forecasted Load,2026-05-23T22:27:11Z
2026-05-23T22:26:36Z,2026-05-24T00:26:36+0200,35a99b20-1361-4eb7-8009-5b844fa790cc,2026-05-13T05:45:00Z,2026-05-13T07:45:00+0200,45850.0,MW,FR,FR,forecast_load,Forecasted Load,2026-05-23T22:27:11Z
2026-05-23T22:26:36Z,2026-05-24T00:26:36+0200,35a99b20-1361-4eb7-8009-5b844fa790cc,2026-05-13T06:00:00Z,2026-05-13T08:00:00+0200,46500.0,MW,FR,FR,forecast_load,Forecasted Load,2026-05-23T22:27:11Z
2026-05-23T22:26:36Z,2026-05-24T00:26:36+0200,35a99b20-1361-4eb7-8009-5b844fa790cc,2026-05-13T06:15:00Z,2026-05-13T08:15:00+0200,47200.0,MW,FR,FR,forecast_load,Forecasted Load,2026-05-23T22:27:11Z
2026-05-23T22:26:36Z,2026-05-24T00:26:36+0200,35a99b20-1361-4eb7-8009-5b844fa790cc,2026-05-13T06:30:00Z,2026-05-13T08:30:00+0200,47900.0,MW,FR,FR,forecast_load,Forecasted Load,2026-05-23T22:27:11Z
2026-05-23T22:26:36Z,2026-05-24T00:26:36+0200,35a99b20-1361-4eb7-8009-5b844fa790cc,2026-05-13T06:45:00Z,2026-05-13T08:45:00+0200,48150.0,MW,FR,FR,forecast_load,Forecasted Load,2026-05-23T22:27:11Z
2026-05-23T22:26:36Z,2026-05-24T00:26:36+0200,35a99b20-1361-4eb7-8009-5b844fa790cc,2026-05-13T07:00:00Z,2026-05-13T09:00:00+0200,48400.0,MW,FR,FR,forecast_load,Forecasted Load,2026-05-23T22:27:11Z
2026-05-23T22:26:36Z,2026-05-24T00:26:36+0200,35a99b20-1361-4eb7-8009-5b844fa790cc,2026-05-13T07:15:00Z,2026-05-13T09:15:00+0200,48350.0,MW,FR,FR,forecast_load,Forecasted Load,2026-05-23T22:27:11Z
2026-05-23T22:26:36Z,2026-05-24T00:26:36+0200,35a99b20-1361-4eb7-8009-5b844fa790cc,2026-05-13T07:30:00Z,2026-05-13T09:30:00+0200,48300.0,MW,FR,FR,forecast_load,Forecasted Load,2026-05-23T22:27:11Z
2026-05-23T22:26:36Z,2026-05-24T00:26:36+0200,35a99b20-1361-4eb7-8009-5b844fa790cc,2026-05-13T07:45:00Z,2026-05-13T09:45:00+0200,48350.0,MW,FR,FR,forecast_load,Forecasted Load,2026-05-23T22:27:11Z
2026-05-23T22:26:36Z,2026-05-24T00:26:36+0200,35a99b20-1361-4eb7-8009-5b844fa790cc,2026-05-13T08:00:00Z,2026-05-13T10:00:00+0200,48400.0,MW,FR,FR,forecast_load,Forecasted Load,2026-05-23T22:27:11Z
2026-05-23T22:26:36Z,2026-05-24T00:26:36+0200,35a99b20-1361-4eb7-8009-5b844fa790cc,2026-05-13T08:15:00Z,2026-05-13T10:15:00+0200,48300.0,MW,FR,FR,forecast_load,Forecasted Load,2026-05-23T22:27:11Z
2026-05-23T22:26:36Z,2026-05-24T00:26:36+0200,35a99b20-1361-4eb7-8009-5b844fa790cc,2026-05-13T08:30:00Z,2026-05-13T10:30:00+0200,48200.0,MW,FR,FR,forecast_load,Forecasted Load,2026-05-23T22:27:11Z
2026-05-23T22:26:36Z,2026-05-24T00:26:36+0200,35a99b20-1361-4eb7-8009-5b844fa790cc,2026-05-13T08:45:00Z,2026-05-13T10:45:00+0200,48100.0,MW,FR,FR,forecast_load,Forecasted Load,2026-05-23T22:27:11Z
2026-05-23T22:26:36Z,2026-05-24T00:26:36+0200,35a99b20-1361-4eb7-8009-5b844fa790cc,2026-05-13T09:00:00Z,2026-05-13T11:00:00+0200,48000.0,MW,FR,FR,forecast_load,Forecasted Load,2026-05-23T22:27:11Z
2026-05-23T22:26:36Z,2026-05-24T00:26:36+0200,35a99b20-1361-4eb7-8009-5b844fa790cc,2026-05-13T09:15:00Z,2026-05-13T11:15:00+0200,48050.0,MW,FR,FR,forecast_load,Forecasted Load,2026-05-23T22:27:11Z
2026-05-23T22:26:36Z,2026-05-24T00:26:36+0200,35a99b20-1361-4eb7-8009-5b844fa790cc,2026-05-13T09:30:00Z,2026-05-13T11:30:00+0200,48100.0,MW,FR,FR,forecast_load,Forecasted Load,2026-05-23T22:27:11Z
2026-05-23T22:26:36Z,2026-05-24T00:26:36+0200,35a99b20-1361-4eb7-8009-5b844fa790cc,2026-05-13T09:45:00Z,2026-05-13T11:45:00+0200,48300.0,MW,FR,FR,forecast_load,Forecasted Load,2026-05-23T22:27:11Z
2026-05-23T22:26:36Z,2026-05-24T00:26:36+0200,35a99b20-1361-4eb7-8009-5b844fa790cc,2026-05-13T10:00:00Z,2026-05-13T12:00:00+0200,48500.0,MW,FR,FR,forecast_load,Forecasted Load,2026-05-23T22:27:11Z
2026-05-23T22:26:36Z,2026-05-24T00:26:36+0200,35a99b20-1361-4eb7-8009-5b844fa790cc,2026-05-13T10:15:00Z,2026-05-13T12:15:00+0200,48350.0,MW,FR,FR,forecast_load,Forecasted Load,2026-05-23T22:27:11Z
2026-05-23T22:26:36Z,2026-05-24T00:26:36+0200,35a99b20-1361-4eb7-8009-5b844fa790cc,2026-05-13T10:30:00Z,2026-05-13T12:30:00+0200,48200.0,MW,FR,FR,forecast_load,Forecasted Load,2026-05-23T22:27:11Z
2026-05-23T22:26:36Z,2026-05-24T00:26:36+0200,35a99b20-1361-4eb7-8009-5b844fa790cc,2026-05-13T10:45:00Z,2026-05-13T12:45:00+0200,48650.0,MW,FR,FR,forecast_load,Forecasted Load,2026-05-23T22:27:11Z
2026-05-23T22:26:36Z,2026-05-24T00:26:36+0200,35a99b20-1361-4eb7-8009-5b844fa790cc,2026-05-13T11:00:00Z,2026-05-13T13:00:00+0200,49100.0,MW,FR,FR,forecast_load,Forecasted Load,2026-05-23T22:27:11Z
2026-05-23T22:26:36Z,2026-05-24T00:26:36+0200,35a99b20-1361-4eb7-8009-5b844fa790cc,2026-05-13T11:15:00Z,2026-05-13T13:15:00+0200,48300.0,MW,FR,FR,forecast_load,Forecasted Load,2026-05-23T22:27:11Z
2026-05-23T22:26:36Z,2026-05-24T00:26:36+0200,35a99b20-1361-4eb7-8009-5b844fa790cc,2026-05-13T11:30:00Z,2026-05-13T13:30:00+0200,47500.0,MW,FR,FR,forecast_load,Forecasted Load,2026-05-23T22:27:11Z
2026-05-23T22:26:36Z,2026-05-24T00:26:36+0200,35a99b20-1361-4eb7-8009-5b844fa790cc,2026-05-13T11:45:00Z,2026-05-13T13:45:00+0200,47250.0,MW,FR,FR,forecast_load,Forecasted Load,2026-05-23T22:27:11Z
2026-05-23T22:26:36Z,2026-05-24T00:26:36+0200,35a99b20-1361-4eb7-8009-5b844fa790cc,2026-05-13T12:00:00Z,2026-05-13T14:00:00+0200,47000.0,MW,FR,FR,forecast_load,Forecasted Load,2026-05-23T22:27:11Z
2026-05-23T22:26:36Z,2026-05-24T00:26:36+0200,35a99b20-1361-4eb7-8009-5b844fa790cc,2026-05-13T12:15:00Z,2026-05-13T14:15:00+0200,47500.0,MW,FR,FR,forecast_load,Forecasted Load,2026-05-23T22:27:11Z
2026-05-23T22:26:36Z,2026-05-24T00:26:36+0200,35a99b20-1361-4eb7-8009-5b844fa790cc,2026-05-13T12:30:00Z,2026-05-13T14:30:00+0200,48000.0,MW,FR,FR,forecast_load,Forecasted Load,2026-05-23T22:27:11Z
2026-05-23T22:26:36Z,2026-05-24T00:26:36+0200,35a99b20-1361-4eb7-8009-5b844fa790cc,2026-05-13T12:45:00Z,2026-05-13T14:45:00+0200,47150.0,MW,FR,FR,forecast_load,Forecasted Load,2026-05-23T22:27:11Z
2026-05-23T22:26:36Z,2026-05-24T00:26:36+0200,35a99b20-1361-4eb7-8009-5b844fa790cc,2026-05-13T13:00:00Z,2026-05-13T15:00:00+0200,46300.0,MW,FR,FR,forecast_load,Forecasted Load,2026-05-23T22:27:11Z
2026-05-23T22:26:36Z,2026-05-24T00:26:36+0200,35a99b20-1361-4eb7-8009-5b844fa790cc,2026-05-13T13:15:00Z,2026-05-13T15:15:00+0200,46050.0,MW,FR,FR,forecast_load,Forecasted Load,2026-05-23T22:27:11Z
2026-05-23T22:26:36Z,2026-05-24T00:26:36+0200,35a99b20-1361-4eb7-8009-5b844fa790cc,2026-05-13T13:30:00Z,2026-05-13T15:30:00+0200,45800.0,MW,FR,FR,forecast_load,Forecasted Load,2026-05-23T22:27:11Z
2026-05-23T22:26:36Z,2026-05-24T00:26:36+0200,35a99b20-1361-4eb7-8009-5b844fa790cc,2026-05-13T13:45:00Z,2026-05-13T15:45:00+0200,45550.0,MW,FR,FR,forecast_load,Forecasted Load,2026-05-23T22:27:11Z
2026-05-23T22:26:36Z,2026-05-24T00:26:36+0200,35a99b20-1361-4eb7-8009-5b844fa790cc,2026-05-13T14:00:00Z,2026-05-13T16:00:00+0200,45300.0,MW,FR,FR,forecast_load,Forecasted Load,2026-05-23T22:27:11Z
2026-05-23T22:26:36Z,2026-05-24T00:26:36+0200,35a99b20-1361-4eb7-8009-5b844fa790cc,2026-05-13T14:15:00Z,2026-05-13T16:15:00+0200,45000.0,MW,FR,FR,forecast_load,Forecasted Load,2026-05-23T22:27:11Z
2026-05-23T22:26:36Z,2026-05-24T00:26:36+0200,35a99b20-1361-4eb7-8009-5b844fa790cc,2026-05-13T14:30:00Z,2026-05-13T16:30:00+0200,44700.0,MW,FR,FR,forecast_load,Forecasted Load,2026-05-23T22:27:11Z
2026-05-23T22:26:36Z,2026-05-24T00:26:36+0200,35a99b20-1361-4eb7-8009-5b844fa790cc,2026-05-13T14:45:00Z,2026-05-13T16:45:00+0200,44300.0,MW,FR,FR,forecast_load,Forecasted Load,2026-05-23T22:27:11Z
2026-05-23T22:26:36Z,2026-05-24T00:26:36+0200,35a99b20-1361-4eb7-8009-5b844fa790cc,2026-05-13T15:00:00Z,2026-05-13T17:00:00+0200,43900.0,MW,FR,FR,forecast_load,Forecasted Load,2026-05-23T22:27:11Z
2026-05-23T22:26:36Z,2026-05-24T00:26:36+0200,35a99b20-1361-4eb7-8009-5b844fa790cc,2026-05-13T15:15:00Z,2026-05-13T17:15:00+0200,43950.0,MW,FR,FR,forecast_load,Forecasted Load,2026-05-23T22:27:11Z
2026-05-23T22:26:36Z,2026-05-24T00:26:36+0200,35a99b20-1361-4eb7-8009-5b844fa790cc,2026-05-13T15:30:00Z,2026-05-13T17:30:00+0200,44000.0,MW,FR,FR,forecast_load,Forecasted Load,2026-05-23T22:27:11Z
2026-05-23T22:26:36Z,2026-05-24T00:26:36+0200,35a99b20-1361-4eb7-8009-5b844fa790cc,2026-05-13T15:45:00Z,2026-05-13T17:45:00+0200,44550.0,MW,FR,FR,forecast_load,Forecasted Load,2026-05-23T22:27:11Z
2026-05-23T22:26:36Z,2026-05-24T00:26:36+0200,35a99b20-1361-4eb7-8009-5b844fa790cc,2026-05-13T16:00:00Z,2026-05-13T18:00:00+0200,45100.0,MW,FR,FR,forecast_load,Forecasted Load,2026-05-23T22:27:11Z
2026-05-23T22:26:36Z,2026-05-24T00:26:36+0200,35a99b20-1361-4eb7-8009-5b844fa790cc,2026-05-13T16:15:00Z,2026-05-13T18:15:00+0200,45600.0,MW,FR,FR,forecast_load,Forecasted Load,2026-05-23T22:27:11Z
2026-05-23T22:26:36Z,2026-05-24T00:26:36+0200,35a99b20-1361-4eb7-8009-5b844fa790cc,2026-05-13T16:30:00Z,2026-05-13T18:30:00+0200,46100.0,MW,FR,FR,forecast_load,Forecasted Load,2026-05-23T22:27:11Z
2026-05-23T22:26:36Z,2026-05-24T00:26:36+0200,35a99b20-1361-4eb7-8009-5b844fa790cc,2026-05-13T16:45:00Z,2026-05-13T18:45:00+0200,47000.0,MW,FR,FR,forecast_load,Forecasted Load,2026-05-23T22:27:11Z
2026-05-23T22:26:36Z,2026-05-24T00:26:36+0200,35a99b20-1361-4eb7-8009-5b844fa790cc,2026-05-13T17:00:00Z,2026-05-13T19:00:00+0200,47900.0,MW,FR,FR,forecast_load,Forecasted Load,2026-05-23T22:27:11Z
2026-05-23T22:26:36Z,2026-05-24T00:26:36+0200,35a99b20-1361-4eb7-8009-5b844fa790cc,2026-05-13T17:15:00Z,2026-05-13T19:15:00+0200,48000.0,MW,FR,FR,forecast_load,Forecasted Load,2026-05-23T22:27:11Z
2026-05-23T22:26:36Z,2026-05-24T00:26:36+0200,35a99b20-1361-4eb7-8009-5b844fa790cc,2026-05-13T17:30:00Z,2026-05-13T19:30:00+0200,48100.0,MW,FR,FR,forecast_load,Forecasted Load,2026-05-23T22:27:11Z
2026-05-23T22:26:36Z,2026-05-24T00:26:36+0200,35a99b20-1361-4eb7-8009-5b844fa790cc,2026-05-13T17:45:00Z,2026-05-13T19:45:00+0200,47800.0,MW,FR,FR,forecast_load,Forecasted Load,2026-05-23T22:27:11Z
2026-05-23T22:26:36Z,2026-05-24T00:26:36+0200,35a99b20-1361-4eb7-8009-5b844fa790cc,2026-05-13T18:00:00Z,2026-05-13T20:00:00+0200,47500.0,MW,FR,FR,forecast_load,Forecasted Load,2026-05-23T22:27:11Z
2026-05-23T22:26:36Z,2026-05-24T00:26:36+0200,35a99b20-1361-4eb7-8009-5b844fa790cc,2026-05-13T18:15:00Z,2026-05-13T20:15:00+0200,46850.0,MW,FR,FR,forecast_load,Forecasted Load,2026-05-23T22:27:11Z
2026-05-23T22:26:36Z,2026-05-24T00:26:36+0200,35a99b20-1361-4eb7-8009-5b844fa790cc,2026-05-13T18:30:00Z,2026-05-13T20:30:00+0200,46200.0,MW,FR,FR,forecast_load,Forecasted Load,2026-05-23T22:27:11Z
2026-05-23T22:26:36Z,2026-05-24T00:26:36+0200,35a99b20-1361-4eb7-8009-5b844fa790cc,2026-05-13T18:45:00Z,2026-05-13T20:45:00+0200,45850.0,MW,FR,FR,forecast_load,Forecasted Load,2026-05-23T22:27:11Z
2026-05-23T22:26:36Z,2026-05-24T00:26:36+0200,35a99b20-1361-4eb7-8009-5b844fa790cc,2026-05-13T19:00:00Z,2026-05-13T21:00:00+0200,45500.0,MW,FR,FR,forecast_load,Forecasted Load,2026-05-23T22:27:11Z
2026-05-23T22:26:36Z,2026-05-24T00:26:36+0200,35a99b20-1361-4eb7-8009-5b844fa790cc,2026-05-13T19:15:00Z,2026-05-13T21:15:00+0200,45300.0,MW,FR,FR,forecast_load,Forecasted Load,2026-05-23T22:27:11Z
2026-05-23T22:26:36Z,2026-05-24T00:26:36+0200,35a99b20-1361-4eb7-8009-5b844fa790cc,2026-05-13T19:30:00Z,2026-05-13T21:30:00+0200,45100.0,MW,FR,FR,forecast_load,Forecasted Load,2026-05-23T22:27:11Z
2026-05-23T22:26:36Z,2026-05-24T00:26:36+0200,35a99b20-1361-4eb7-8009-5b844fa790cc,2026-05-13T19:45:00Z,2026-05-13T21:45:00+0200,44750.0,MW,FR,FR,forecast_load,Forecasted Load,2026-05-23T22:27:11Z
2026-05-23T22:26:36Z,2026-05-24T00:26:36+0200,35a99b20-1361-4eb7-8009-5b844fa790cc,2026-05-13T20:00:00Z,2026-05-13T22:00:00+0200,44400.0,MW,FR,FR,forecast_load,Forecasted Load,2026-05-23T22:27:11Z
2026-05-23T22:26:36Z,2026-05-24T00:26:36+0200,35a99b20-1361-4eb7-8009-5b844fa790cc,2026-05-13T20:15:00Z,2026-05-13T22:15:00+0200,44750.0,MW,FR,FR,forecast_load,Forecasted Load,2026-05-23T22:27:11Z
2026-05-23T22:26:36Z,2026-05-24T00:26:36+0200,35a99b20-1361-4eb7-8009-5b844fa790cc,2026-05-13T20:30:00Z,2026-05-13T22:30:00+0200,45100.0,MW,FR,FR,forecast_load,Forecasted Load,2026-05-23T22:27:11Z
2026-05-23T22:26:36Z,2026-05-24T00:26:36+0200,35a99b20-1361-4eb7-8009-5b844fa790cc,2026-05-13T20:45:00Z,2026-05-13T22:45:00+0200,46000.0,MW,FR,FR,forecast_load,Forecasted Load,2026-05-23T22:27:11Z
2026-05-23T22:26:36Z,2026-05-24T00:26:36+0200,35a99b20-1361-4eb7-8009-5b844fa790cc,2026-05-13T21:00:00Z,2026-05-13T23:00:00+0200,46900.0,MW,FR,FR,forecast_load,Forecasted Load,2026-05-23T22:27:11Z
2026-05-23T22:26:36Z,2026-05-24T00:26:36+0200,35a99b20-1361-4eb7-8009-5b844fa790cc,2026-05-13T21:15:00Z,2026-05-13T23:15:00+0200,46650.0,MW,FR,FR,forecast_load,Forecasted Load,2026-05-23T22:27:11Z
2026-05-23T22:26:36Z,2026-05-24T00:26:36+0200,35a99b20-1361-4eb7-8009-5b844fa790cc,2026-05-13T21:30:00Z,2026-05-13T23:30:00+0200,46400.0,MW,FR,FR,forecast_load,Forecasted Load,2026-05-23T22:27:11Z
2026-05-23T22:26:36Z,2026-05-24T00:26:36+0200,35a99b20-1361-4eb7-8009-5b844fa790cc,2026-05-13T21:45:00Z,2026-05-13T23:45:00+0200,45700.0,MW,FR,FR,forecast_load,Forecasted Load,2026-05-23T22:27:11Z
2026-05-23T22:26:36Z,2026-05-24T00:26:36+0200,35a99b20-1361-4eb7-8009-5b844fa790cc,2026-05-13T22:00:00Z,2026-05-14T00:00:00+0200,45000.0,MW,FR,FR,forecast_load,Forecasted Load,2026-05-23T22:27:11Z
2026-05-23T22:26:36Z,2026-05-24T00:26:36+0200,35a99b20-1361-4eb7-8009-5b844fa790cc,2026-05-13T22:15:00Z,2026-05-14T00:15:00+0200,44050.0,MW,FR,FR,forecast_load,Forecasted Load,2026-05-23T22:27:11Z
2026-05-23T22:26:36Z,2026-05-24T00:26:36+0200,35a99b20-1361-4eb7-8009-5b844fa790cc,2026-05-13T22:30:00Z,2026-05-14T00:30:00+0200,43100.0,MW,FR,FR,forecast_load,Forecasted Load,2026-05-23T22:27:11Z
2026-05-23T22:26:36Z,2026-05-24T00:26:36+0200,35a99b20-1361-4eb7-8009-5b844fa790cc,2026-05-13T22:45:00Z,2026-05-14T00:45:00+0200,42300.0,MW,FR,FR,forecast_load,Forecasted Load,2026-05-23T22:27:11Z
2026-05-23T22:26:36Z,2026-05-24T00:26:36+0200,35a99b20-1361-4eb7-8009-5b844fa790cc,2026-05-13T23:00:00Z,2026-05-14T01:00:00+0200,41500.0,MW,FR,FR,forecast_load,Forecasted Load,2026-05-23T22:27:11Z
2026-05-23T22:26:36Z,2026-05-24T00:26:36+0200,35a99b20-1361-4eb7-8009-5b844fa790cc,2026-05-13T23:15:00Z,2026-05-14T01:15:00+0200,41500.0,MW,FR,FR,forecast_load,Forecasted Load,2026-05-23T22:27:11Z
2026-05-23T22:26:36Z,2026-05-24T00:26:36+0200,35a99b20-1361-4eb7-8009-5b844fa790cc,2026-05-13T23:30:00Z,2026-05-14T01:30:00+0200,41500.0,MW,FR,FR,forecast_load,Forecasted Load,2026-05-23T22:27:11Z
2026-05-23T22:26:36Z,2026-05-24T00:26:36+0200,35a99b20-1361-4eb7-8009-5b844fa790cc,2026-05-13T23:45:00Z,2026-05-14T01:45:00+0200,40900.0,MW,FR,FR,forecast_load,Forecasted Load,2026-05-23T22:27:11Z
2026-05-23T22:26:36Z,2026-05-24T00:26:36+0200,35a99b20-1361-4eb7-8009-5b844fa790cc,2026-05-14T00:00:00Z,2026-05-14T02:00:00+0200,40300.0,MW,FR,FR,forecast_load,Forecasted Load,2026-05-23T22:27:11Z
2026-05-23T22:26:36Z,2026-05-24T00:26:36+0200,35a99b20-1361-4eb7-8009-5b844fa790cc,2026-05-14T00:15:00Z,2026-05-14T02:15:00+0200,39800.0,MW,FR,FR,forecast_load,Forecasted Load,2026-05-23T22:27:11Z
2026-05-23T22:26:36Z,2026-05-24T00:26:36+0200,35a99b20-1361-4eb7-8009-5b844fa790cc,2026-05-14T00:30:00Z,2026-05-14T02:30:00+0200,39300.0,MW,FR,FR,forecast_load,Forecasted Load,2026-05-23T22:27:11Z
2026-05-23T22:26:36Z,2026-05-24T00:26:36+0200,35a99b20-1361-4eb7-8009-5b844fa790cc,2026-05-14T00:45:00Z,2026-05-14T02:45:00+0200,38650.0,MW,FR,FR,forecast_load,Forecasted Load,2026-05-23T22:27:11Z
2026-05-23T22:26:36Z,2026-05-24T00:26:36+0200,35a99b20-1361-4eb7-8009-5b844fa790cc,2026-05-14T01:00:00Z,2026-05-14T03:00:00+0200,38000.0,MW,FR,FR,forecast_load,Forecasted Load,2026-05-23T22:27:11Z
2026-05-23T22:26:36Z,2026-05-24T00:26:36+0200,35a99b20-1361-4eb7-8009-5b844fa790cc,2026-05-14T01:15:00Z,2026-05-14T03:15:00+0200,37350.0,MW,FR,FR,forecast_load,Forecasted Load,2026-05-23T22:27:11Z
2026-05-23T22:26:36Z,2026-05-24T00:26:36+0200,35a99b20-1361-4eb7-8009-5b844fa790cc,2026-05-14T01:30:00Z,2026-05-14T03:30:00+0200,36700.0,MW,FR,FR,forecast_load,Forecasted Load,2026-05-23T22:27:11Z
2026-05-23T22:26:36Z,2026-05-24T00:26:36+0200,35a99b20-1361-4eb7-8009-5b844fa790cc,2026-05-14T01:45:00Z,2026-05-14T03:45:00+0200,36400.0,MW,FR,FR,forecast_load,Forecasted Load,2026-05-23T22:27:11Z
2026-05-23T22:26:36Z,2026-05-24T00:26:36+0200,35a99b20-1361-4eb7-8009-5b844fa790cc,2026-05-14T02:00:00Z,2026-05-14T04:00:00+0200,36100.0,MW,FR,FR,forecast_load,Forecasted Load,2026-05-23T22:27:11Z
2026-05-23T22:26:36Z,2026-05-24T00:26:36+0200,35a99b20-1361-4eb7-8009-5b844fa790cc,2026-05-14T02:15:00Z,2026-05-14T04:15:00+0200,35750.0,MW,FR,FR,forecast_load,Forecasted Load,2026-05-23T22:27:11Z
2026-05-23T22:26:36Z,2026-05-24T00:26:36+0200,35a99b20-1361-4eb7-8009-5b844fa790cc,2026-05-14T02:30:00Z,2026-05-14T04:30:00+0200,35400.0,MW,FR,FR,forecast_load,Forecasted Load,2026-05-23T22:27:11Z
2026-05-23T22:26:36Z,2026-05-24T00:26:36+0200,35a99b20-1361-4eb7-8009-5b844fa790cc,2026-05-14T02:45:00Z,2026-05-14T04:45:00+0200,35350.0,MW,FR,FR,forecast_load,Forecasted Load,2026-05-23T22:27:11Z
2026-05-23T22:26:36Z,2026-05-24T00:26:36+0200,35a99b20-1361-4eb7-8009-5b844fa790cc,2026-05-14T03:00:00Z,2026-05-14T05:00:00+0200,35300.0,MW,FR,FR,forecast_load,Forecasted Load,2026-05-23T22:27:11Z
2026-05-23T22:26:36Z,2026-05-24T00:26:36+0200,35a99b20-1361-4eb7-8009-5b844fa790cc,2026-05-14T03:15:00Z,2026-05-14T05:15:00+0200,35550.0,MW,FR,FR,forecast_load,Forecasted Load,2026-05-23T22:27:11Z
2026-05-23T22:26:36Z,2026-05-24T00:26:36+0200,35a99b20-1361-4eb7-8009-5b844fa790cc,2026-05-14T03:30:00Z,2026-05-14T05:30:00+0200,35800.0,MW,FR,FR,forecast_load,Forecasted Load,2026-05-23T22:27:11Z
2026-05-23T22:26:36Z,2026-05-24T00:26:36+0200,35a99b20-1361-4eb7-8009-5b844fa790cc,2026-05-14T03:45:00Z,2026-05-14T05:45:00+0200,36000.0,MW,FR,FR,forecast_load,Forecasted Load,2026-05-23T22:27:11Z
2026-05-23T22:26:36Z,2026-05-24T00:26:36+0200,35a99b20-1361-4eb7-8009-5b844fa790cc,2026-05-14T04:00:00Z,2026-05-14T06:00:00+0200,36200.0,MW,FR,FR,forecast_load,Forecasted Load,2026-05-23T22:27:11Z
2026-05-23T22:26:36Z,2026-05-24T00:26:36+0200,35a99b20-1361-4eb7-8009-5b844fa790cc,2026-05-14T04:15:00Z,2026-05-14T06:15:00+0200,36300.0,MW,FR,FR,forecast_load,Forecasted Load,2026-05-23T22:27:11Z
2026-05-23T22:26:36Z,2026-05-24T00:26:36+0200,35a99b20-1361-4eb7-8009-5b844fa790cc,2026-05-14T04:30:00Z,2026-05-14T06:30:00+0200,36400.0,MW,FR,FR,forecast_load,Forecasted Load,2026-05-23T22:27:11Z
2026-05-23T22:26:36Z,2026-05-24T00:26:36+0200,35a99b20-1361-4eb7-8009-5b844fa790cc,2026-05-14T04:45:00Z,2026-05-14T06:45:00+0200,36850.0,MW,FR,FR,forecast_load,Forecasted Load,2026-05-23T22:27:11Z
2026-05-23T22:26:36Z,2026-05-24T00:26:36+0200,35a99b20-1361-4eb7-8009-5b844fa790cc,2026-05-14T05:00:00Z,2026-05-14T07:00:00+0200,37300.0,MW,FR,FR,forecast_load,Forecasted Load,2026-05-23T22:27:11Z
2026-05-23T22:26:36Z,2026-05-24T00:26:36+0200,35a99b20-1361-4eb7-8009-5b844fa790cc,2026-05-14T05:15:00Z,2026-05-14T07:15:00+0200,37750.0,MW,FR,FR,forecast_load,Forecasted Load,2026-05-23T22:27:11Z
2026-05-23T22:26:36Z,2026-05-24T00:26:36+0200,35a99b20-1361-4eb7-8009-5b844fa790cc,2026-05-14T05:30:00Z,2026-05-14T07:30:00+0200,38200.0,MW,FR,FR,forecast_load,Forecasted Load,2026-05-23T22:27:11Z
2026-05-23T22:26:36Z,2026-05-24T00:26:36+0200,35a99b20-1361-4eb7-8009-5b844fa790cc,2026-05-14T05:45:00Z,2026-05-14T07:45:00+0200,38750.0,MW,FR,FR,forecast_load,Forecasted Load,2026-05-23T22:27:11Z
2026-05-23T22:26:36Z,2026-05-24T00:26:36+0200,35a99b20-1361-4eb7-8009-5b844fa790cc,2026-05-14T06:00:00Z,2026-05-14T08:00:00+0200,39300.0,MW,FR,FR,forecast_load,Forecasted Load,2026-05-23T22:27:11Z
2026-05-23T22:26:36Z,2026-05-24T00:26:36+0200,35a99b20-1361-4eb7-8009-5b844fa790cc,2026-05-14T06:15:00Z,2026-05-14T08:15:00+0200,40000.0,MW,FR,FR,forecast_load,Forecasted Load,2026-05-23T22:27:11Z
2026-05-23T22:26:36Z,2026-05-24T00:26:36+0200,35a99b20-1361-4eb7-8009-5b844fa790cc,2026-05-14T06:30:00Z,2026-05-14T08:30:00+0200,40700.0,MW,FR,FR,forecast_load,Forecasted Load,2026-05-23T22:27:11Z
2026-05-23T22:26:36Z,2026-05-24T00:26:36+0200,35a99b20-1361-4eb7-8009-5b844fa790cc,2026-05-14T06:45:00Z,2026-05-14T08:45:00+0200,41250.0,MW,FR,FR,forecast_load,Forecasted Load,2026-05-23T22:27:11Z
2026-05-23T22:26:36Z,2026-05-24T00:26:36+0200,35a99b20-1361-4eb7-8009-5b844fa790cc,2026-05-14T07:00:00Z,2026-05-14T09:00:00+0200,41800.0,MW,FR,FR,forecast_load,Forecasted Load,2026-05-23T22:27:11Z
2026-05-23T22:26:36Z,2026-05-24T00:26:36+0200,35a99b20-1361-4eb7-8009-5b844fa790cc,2026-05-14T07:15:00Z,2026-05-14T09:15:00+0200,42400.0,MW,FR,FR,forecast_load,Forecasted Load,2026-05-23T22:27:11Z
2026-05-23T22:26:36Z,2026-05-24T00:26:36+0200,35a99b20-1361-4eb7-8009-5b844fa790cc,2026-05-14T07:30:00Z,2026-05-14T09:30:00+0200,43000.0,MW,FR,FR,forecast_load,Forecasted Load,2026-05-23T22:27:11Z
2026-05-23T22:26:36Z,2026-05-24T00:26:36+0200,35a99b20-1361-4eb7-8009-5b844fa790cc,2026-05-14T07:45:00Z,2026-05-14T09:45:00+0200,43150.0,MW,FR,FR,forecast_load,Forecasted Load,2026-05-23T22:27:11Z
2026-05-23T22:26:36Z,2026-05-24T00:26:36+0200,35a99b20-1361-4eb7-8009-5b844fa790cc,2026-05-14T08:00:00Z,2026-05-14T10:00:00+0200,43300.0,MW,FR,FR,forecast_load,Forecasted Load,2026-05-23T22:27:11Z
2026-05-23T22:26:36Z,2026-05-24T00:26:36+0200,35a99b20-1361-4eb7-8009-5b844fa790cc,2026-05-14T08:15:00Z,2026-05-14T10:15:00+0200,43400.0,MW,FR,FR,forecast_load,Forecasted Load,2026-05-23T22:27:11Z
2026-05-23T22:26:36Z,2026-05-24T00:26:36+0200,35a99b20-1361-4eb7-8009-5b844fa790cc,2026-05-14T08:30:00Z,2026-05-14T10:30:00+0200,43500.0,MW,FR,FR,forecast_load,Forecasted Load,2026-05-23T22:27:11Z
2026-05-23T22:26:36Z,2026-05-24T00:26:36+0200,35a99b20-1361-4eb7-8009-5b844fa790cc,2026-05-14T08:45:00Z,2026-05-14T10:45:00+0200,43650.0,MW,FR,FR,forecast_load,Forecasted Load,2026-05-23T22:27:11Z
2026-05-23T22:26:36Z,2026-05-24T00:26:36+0200,35a99b20-1361-4eb7-8009-5b844fa790cc,2026-05-14T09:00:00Z,2026-05-14T11:00:00+0200,43800.0,MW,FR,FR,forecast_load,Forecasted Load,2026-05-23T22:27:11Z
2026-05-23T22:26:36Z,2026-05-24T00:26:36+0200,35a99b20-1361-4eb7-8009-5b844fa790cc,2026-05-14T09:15:00Z,2026-05-14T11:15:00+0200,44050.0,MW,FR,FR,forecast_load,Forecasted Load,2026-05-23T22:27:11Z
2026-05-23T22:26:36Z,2026-05-24T00:26:36+0200,35a99b20-1361-4eb7-8009-5b844fa790cc,2026-05-14T09:30:00Z,2026-05-14T11:30:00+0200,44300.0,MW,FR,FR,forecast_load,Forecasted Load,2026-05-23T22:27:11Z
2026-05-23T22:26:36Z,2026-05-24T00:26:36+0200,35a99b20-1361-4eb7-8009-5b844fa790cc,2026-05-14T09:45:00Z,2026-05-14T11:45:00+0200,45100.0,MW,FR,FR,forecast_load,Forecasted Load,2026-05-23T22:27:11Z
2026-05-23T22:26:36Z,2026-05-24T00:26:36+0200,35a99b20-1361-4eb7-8009-5b844fa790cc,2026-05-14T10:00:00Z,2026-05-14T12:00:00+0200,45900.0,MW,FR,FR,forecast_load,Forecasted Load,2026-05-23T22:27:11Z
2026-05-23T22:26:36Z,2026-05-24T00:26:36+0200,35a99b20-1361-4eb7-8009-5b844fa790cc,2026-05-14T10:15:00Z,2026-05-14T12:15:00+0200,46200.0,MW,FR,FR,forecast_load,Forecasted Load,2026-05-23T22:27:11Z
2026-05-23T22:26:36Z,2026-05-24T00:26:36+0200,35a99b20-1361-4eb7-8009-5b844fa790cc,2026-05-14T10:30:00Z,2026-05-14T12:30:00+0200,46500.0,MW,FR,FR,forecast_load,Forecasted Load,2026-05-23T22:27:11Z
2026-05-23T22:26:36Z,2026-05-24T00:26:36+0200,35a99b20-1361-4eb7-8009-5b844fa790cc,2026-05-14T10:45:00Z,2026-05-14T12:45:00+0200,47250.0,MW,FR,FR,forecast_load,Forecasted Load,2026-05-23T22:27:11Z
2026-05-23T22:26:36Z,2026-05-24T00:26:36+0200,35a99b20-1361-4eb7-8009-5b844fa790cc,2026-05-14T11:00:00Z,2026-05-14T13:00:00+0200,48000.0,MW,FR,FR,forecast_load,Forecasted Load,2026-05-23T22:27:11Z
2026-05-23T22:26:36Z,2026-05-24T00:26:36+0200,35a99b20-1361-4eb7-8009-5b844fa790cc,2026-05-14T11:15:00Z,2026-05-14T13:15:00+0200,46600.0,MW,FR,FR,forecast_load,Forecasted Load,2026-05-23T22:27:11Z
2026-05-23T22:26:36Z,2026-05-24T00:26:36+0200,35a99b20-1361-4eb7-8009-5b844fa790cc,2026-05-14T11:30:00Z,2026-05-14T13:30:00+0200,45200.0,MW,FR,FR,forecast_load,Forecasted Load,2026-05-23T22:27:11Z
2026-05-23T22:26:36Z,2026-05-24T00:26:36+0200,35a99b20-1361-4eb7-8009-5b844fa790cc,2026-05-14T11:45:00Z,2026-05-14T13:45:00+0200,44600.0,MW,FR,FR,forecast_load,Forecasted Load,2026-05-23T22:27:11Z
2026-05-23T22:26:36Z,2026-05-24T00:26:36+0200,35a99b20-1361-4eb7-8009-5b844fa790cc,2026-05-14T12:00:00Z,2026-05-14T14:00:00+0200,44000.0,MW,FR,FR,forecast_load,Forecasted Load,2026-05-23T22:27:11Z
2026-05-23T22:26:36Z,2026-05-24T00:26:36+0200,35a99b20-1361-4eb7-8009-5b844fa790cc,2026-05-14T12:15:00Z,2026-05-14T14:15:00+0200,44500.0,MW,FR,FR,forecast_load,Forecasted Load,2026-05-23T22:27:11Z
2026-05-23T22:26:36Z,2026-05-24T00:26:36+0200,35a99b20-1361-4eb7-8009-5b844fa790cc,2026-05-14T12:30:00Z,2026-05-14T14:30:00+0200,45000.0,MW,FR,FR,forecast_load,Forecasted Load,2026-05-23T22:27:11Z
2026-05-23T22:26:36Z,2026-05-24T00:26:36+0200,35a99b20-1361-4eb7-8009-5b844fa790cc,2026-05-14T12:45:00Z,2026-05-14T14:45:00+0200,43800.0,MW,FR,FR,forecast_load,Forecasted Load,2026-05-23T22:27:11Z
2026-05-23T22:26:36Z,2026-05-24T00:26:36+0200,35a99b20-1361-4eb7-8009-5b844fa790cc,2026-05-14T13:00:00Z,2026-05-14T15:00:00+0200,42600.0,MW,FR,FR,forecast_load,Forecasted Load,2026-05-23T22:27:11Z
2026-05-23T22:26:36Z,2026-05-24T00:26:36+0200,35a99b20-1361-4eb7-8009-5b844fa790cc,2026-05-14T13:15:00Z,2026-05-14T15:15:00+0200,42300.0,MW,FR,FR,forecast_load,Forecasted Load,2026-05-23T22:27:11Z
2026-05-23T22:26:36Z,2026-05-24T00:26:36+0200,35a99b20-1361-4eb7-8009-5b844fa790cc,2026-05-14T13:30:00Z,2026-05-14T15:30:00+0200,42000.0,MW,FR,FR,forecast_load,Forecasted Load,2026-05-23T22:27:11Z
2026-05-23T22:26:36Z,2026-05-24T00:26:36+0200,35a99b20-1361-4eb7-8009-5b844fa790cc,2026-05-14T13:45:00Z,2026-05-14T15:45:00+0200,41650.0,MW,FR,FR,forecast_load,Forecasted Load,2026-05-23T22:27:11Z
2026-05-23T22:26:36Z,2026-05-24T00:26:36+0200,35a99b20-1361-4eb7-8009-5b844fa790cc,2026-05-14T14:00:00Z,2026-05-14T16:00:00+0200,41300.0,MW,FR,FR,forecast_load,Forecasted Load,2026-05-23T22:27:11Z
2026-05-23T22:26:36Z,2026-05-24T00:26:36+0200,35a99b20-1361-4eb7-8009-5b844fa790cc,2026-05-14T14:15:00Z,2026-05-14T16:15:00+0200,41050.0,MW,FR,FR,forecast_load,Forecasted Load,2026-05-23T22:27:11Z
2026-05-23T22:26:36Z,2026-05-24T00:26:36+0200,35a99b20-1361-4eb7-8009-5b844fa790cc,2026-05-14T14:30:00Z,2026-05-14T16:30:00+0200,40800.0,MW,FR,FR,forecast_load,Forecasted Load,2026-05-23T22:27:11Z
2026-05-23T22:26:36Z,2026-05-24T00:26:36+0200,35a99b20-1361-4eb7-8009-5b844fa790cc,2026-05-14T14:45:00Z,2026-05-14T16:45:00+0200,40550.0,MW,FR,FR,forecast_load,Forecasted Load,2026-05-23T22:27:11Z
2026-05-23T22:26:36Z,2026-05-24T00:26:36+0200,35a99b20-1361-4eb7-8009-5b844fa790cc,2026-05-14T15:00:00Z,2026-05-14T17:00:00+0200,40300.0,MW,FR,FR,forecast_load,Forecasted Load,2026-05-23T22:27:11Z
2026-05-23T22:26:36Z,2026-05-24T00:26:36+0200,35a99b20-1361-4eb7-8009-5b844fa790cc,2026-05-14T15:15:00Z,2026-05-14T17:15:00+0200,40800.0,MW,FR,FR,forecast_load,Forecasted Load,2026-05-23T22:27:11Z
2026-05-23T22:26:36Z,2026-05-24T00:26:36+0200,35a99b20-1361-4eb7-8009-5b844fa790cc,2026-05-14T15:30:00Z,2026-05-14T17:30:00+0200,41300.0,MW,FR,FR,forecast_load,Forecasted Load,2026-05-23T22:27:11Z
2026-05-23T22:26:36Z,2026-05-24T00:26:36+0200,35a99b20-1361-4eb7-8009-5b844fa790cc,2026-05-14T15:45:00Z,2026-05-14T17:45:00+0200,41750.0,MW,FR,FR,forecast_load,Forecasted Load,2026-05-23T22:27:11Z
2026-05-23T22:26:36Z,2026-05-24T00:26:36+0200,35a99b20-1361-4eb7-8009-5b844fa790cc,2026-05-14T16:00:00Z,2026-05-14T18:00:00+0200,42200.0,MW,FR,FR,forecast_load,Forecasted Load,2026-05-23T22:27:11Z
2026-05-23T22:26:36Z,2026-05-24T00:26:36+0200,35a99b20-1361-4eb7-8009-5b844fa790cc,2026-05-14T16:15:00Z,2026-05-14T18:15:00+0200,42850.0,MW,FR,FR,forecast_load,Forecasted Load,2026-05-23T22:27:11Z
2026-05-23T22:26:36Z,2026-05-24T00:26:36+0200,35a99b20-1361-4eb7-8009-5b844fa790cc,2026-05-14T16:30:00Z,2026-05-14T18:30:00+0200,43500.0,MW,FR,FR,forecast_load,Forecasted Load,2026-05-23T22:27:11Z
2026-05-23T22:26:36Z,2026-05-24T00:26:36+0200,35a99b20-1361-4eb7-8009-5b844fa790cc,2026-05-14T16:45:00Z,2026-05-14T18:45:00+0200,44500.0,MW,FR,FR,forecast_load,Forecasted Load,2026-05-23T22:27:11Z
2026-05-23T22:26:36Z,2026-05-24T00:26:36+0200,35a99b20-1361-4eb7-8009-5b844fa790cc,2026-05-14T17:00:00Z,2026-05-14T19:00:00+0200,45500.0,MW,FR,FR,forecast_load,Forecasted Load,2026-05-23T22:27:11Z
2026-05-23T22:26:36Z,2026-05-24T00:26:36+0200,35a99b20-1361-4eb7-8009-5b844fa790cc,2026-05-14T17:15:00Z,2026-05-14T19:15:00+0200,46100.0,MW,FR,FR,forecast_load,Forecasted Load,2026-05-23T22:27:11Z
2026-05-23T22:26:36Z,2026-05-24T00:26:36+0200,35a99b20-1361-4eb7-8009-5b844fa790cc,2026-05-14T17:30:00Z,2026-05-14T19:30:00+0200,46700.0,MW,FR,FR,forecast_load,Forecasted Load,2026-05-23T22:27:11Z
2026-05-23T22:26:36Z,2026-05-24T00:26:36+0200,35a99b20-1361-4eb7-8009-5b844fa790cc,2026-05-14T17:45:00Z,2026-05-14T19:45:00+0200,46600.0,MW,FR,FR,forecast_load,Forecasted Load,2026-05-23T22:27:11Z
2026-05-23T22:26:36Z,2026-05-24T00:26:36+0200,35a99b20-1361-4eb7-8009-5b844fa790cc,2026-05-14T18:00:00Z,2026-05-14T20:00:00+0200,46500.0,MW,FR,FR,forecast_load,Forecasted Load,2026-05-23T22:27:11Z
2026-05-23T22:26:36Z,2026-05-24T00:26:36+0200,35a99b20-1361-4eb7-8009-5b844fa790cc,2026-05-14T18:15:00Z,2026-05-14T20:15:00+0200,46000.0,MW,FR,FR,forecast_load,Forecasted Load,2026-05-23T22:27:11Z
2026-05-23T22:26:36Z,2026-05-24T00:26:36+0200,35a99b20-1361-4eb7-8009-5b844fa790cc,2026-05-14T18:30:00Z,2026-05-14T20:30:00+0200,45500.0,MW,FR,FR,forecast_load,Forecasted Load,2026-05-23T22:27:11Z
2026-05-23T22:26:36Z,2026-05-24T00:26:36+0200,35a99b20-1361-4eb7-8009-5b844fa790cc,2026-05-14T18:45:00Z,2026-05-14T20:45:00+0200,45550.0,MW,FR,FR,forecast_load,Forecasted Load,2026-05-23T22:27:11Z
2026-05-23T22:26:36Z,2026-05-24T00:26:36+0200,35a99b20-1361-4eb7-8009-5b844fa790cc,2026-05-14T19:00:00Z,2026-05-14T21:00:00+0200,45600.0,MW,FR,FR,forecast_load,Forecasted Load,2026-05-23T22:27:11Z
2026-05-23T22:26:36Z,2026-05-24T00:26:36+0200,35a99b20-1361-4eb7-8009-5b844fa790cc,2026-05-14T19:15:00Z,2026-05-14T21:15:00+0200,45300.0,MW,FR,FR,forecast_load,Forecasted Load,2026-05-23T22:27:11Z
2026-05-23T22:26:36Z,2026-05-24T00:26:36+0200,35a99b20-1361-4eb7-8009-5b844fa790cc,2026-05-14T19:30:00Z,2026-05-14T21:30:00+0200,45000.0,MW,FR,FR,forecast_load,Forecasted Load,2026-05-23T22:27:11Z
2026-05-23T22:26:36Z,2026-05-24T00:26:36+0200,35a99b20-1361-4eb7-8009-5b844fa790cc,2026-05-14T19:45:00Z,2026-05-14T21:45:00+0200,45000.0,MW,FR,FR,forecast_load,Forecasted Load,2026-05-23T22:27:11Z
2026-05-23T22:26:36Z,2026-05-24T00:26:36+0200,35a99b20-1361-4eb7-8009-5b844fa790cc,2026-05-14T20:00:00Z,2026-05-14T22:00:00+0200,45000.0,MW,FR,FR,forecast_load,Forecasted Load,2026-05-23T22:27:11Z
2026-05-23T22:26:36Z,2026-05-24T00:26:36+0200,35a99b20-1361-4eb7-8009-5b844fa790cc,2026-05-14T20:15:00Z,2026-05-14T22:15:00+0200,45450.0,MW,FR,FR,forecast_load,Forecasted Load,2026-05-23T22:27:11Z
2026-05-23T22:26:36Z,2026-05-24T00:26:36+0200,35a99b20-1361-4eb7-8009-5b844fa790cc,2026-05-14T20:30:00Z,2026-05-14T22:30:00+0200,45900.0,MW,FR,FR,forecast_load,Forecasted Load,2026-05-23T22:27:11Z
2026-05-23T22:26:36Z,2026-05-24T00:26:36+0200,35a99b20-1361-4eb7-8009-5b844fa790cc,2026-05-14T20:45:00Z,2026-05-14T22:45:00+0200,46500.0,MW,FR,FR,forecast_load,Forecasted Load,2026-05-23T22:27:11Z
2026-05-23T22:26:36Z,2026-05-24T00:26:36+0200,35a99b20-1361-4eb7-8009-5b844fa790cc,2026-05-14T21:00:00Z,2026-05-14T23:00:00+0200,47100.0,MW,FR,FR,forecast_load,Forecasted Load,2026-05-23T22:27:11Z
2026-05-23T22:26:36Z,2026-05-24T00:26:36+0200,35a99b20-1361-4eb7-8009-5b844fa790cc,2026-05-14T21:15:00Z,2026-05-14T23:15:00+0200,47050.0,MW,FR,FR,forecast_load,Forecasted Load,2026-05-23T22:27:11Z
2026-05-23T22:26:36Z,2026-05-24T00:26:36+0200,35a99b20-1361-4eb7-8009-5b844fa790cc,2026-05-14T21:30:00Z,2026-05-14T23:30:00+0200,47000.0,MW,FR,FR,forecast_load,Forecasted Load,2026-05-23T22:27:11Z
2026-05-23T22:26:36Z,2026-05-24T00:26:36+0200,35a99b20-1361-4eb7-8009-5b844fa790cc,2026-05-14T21:45:00Z,2026-05-14T23:45:00+0200,46300.0,MW,FR,FR,forecast_load,Forecasted Load,2026-05-23T22:27:11Z
2026-05-23T22:26:36Z,2026-05-24T00:26:36+0200,35a99b20-1361-4eb7-8009-5b844fa790cc,2026-05-14T22:00:00Z,2026-05-15T00:00:00+0200,46000.0,MW,FR,FR,forecast_load,Forecasted Load,2026-05-23T22:27:11Z
2026-05-23T22:26:36Z,2026-05-24T00:26:36+0200,35a99b20-1361-4eb7-8009-5b844fa790cc,2026-05-14T22:15:00Z,2026-05-15T00:15:00+0200,45150.0,MW,FR,FR,forecast_load,Forecasted Load,2026-05-23T22:27:11Z
2026-05-23T22:26:36Z,2026-05-24T00:26:36+0200,35a99b20-1361-4eb7-8009-5b844fa790cc,2026-05-14T22:30:00Z,2026-05-15T00:30:00+0200,44300.0,MW,FR,FR,forecast_load,Forecasted Load,2026-05-23T22:27:11Z
2026-05-23T22:26:36Z,2026-05-24T00:26:36+0200,35a99b20-1361-4eb7-8009-5b844fa790cc,2026-05-14T22:45:00Z,2026-05-15T00:45:00+0200,43550.0,MW,FR,FR,forecast_load,Forecasted Load,2026-05-23T22:27:11Z
2026-05-23T22:26:36Z,2026-05-24T00:26:36+0200,35a99b20-1361-4eb7-8009-5b844fa790cc,2026-05-14T23:00:00Z,2026-05-15T01:00:00+0200,42800.0,MW,FR,FR,forecast_load,Forecasted Load,2026-05-23T22:27:11Z
2026-05-23T22:26:36Z,2026-05-24T00:26:36+0200,35a99b20-1361-4eb7-8009-5b844fa790cc,2026-05-14T23:15:00Z,2026-05-15T01:15:00+0200,42950.0,MW,FR,FR,forecast_load,Forecasted Load,2026-05-23T22:27:11Z
2026-05-23T22:26:36Z,2026-05-24T00:26:36+0200,35a99b20-1361-4eb7-8009-5b844fa790cc,2026-05-14T23:30:00Z,2026-05-15T01:30:00+0200,43100.0,MW,FR,FR,forecast_load,Forecasted Load,2026-05-23T22:27:11Z
2026-05-23T22:26:36Z,2026-05-24T00:26:36+0200,35a99b20-1361-4eb7-8009-5b844fa790cc,2026-05-14T23:45:00Z,2026-05-15T01:45:00+0200,42750.0,MW,FR,FR,forecast_load,Forecasted Load,2026-05-23T22:27:11Z
2026-05-23T22:26:36Z,2026-05-24T00:26:36+0200,35a99b20-1361-4eb7-8009-5b844fa790cc,2026-05-15T00:00:00Z,2026-05-15T02:00:00+0200,42400.0,MW,FR,FR,forecast_load,Forecasted Load,2026-05-23T22:27:11Z
2026-05-23T22:26:36Z,2026-05-24T00:26:36+0200,35a99b20-1361-4eb7-8009-5b844fa790cc,2026-05-15T00:15:00Z,2026-05-15T02:15:00+0200,41750.0,MW,FR,FR,forecast_load,Forecasted Load,2026-05-23T22:27:11Z
2026-05-23T22:26:36Z,2026-05-24T00:26:36+0200,35a99b20-1361-4eb7-8009-5b844fa790cc,2026-05-15T00:30:00Z,2026-05-15T02:30:00+0200,41100.0,MW,FR,FR,forecast_load,Forecasted Load,2026-05-23T22:27:11Z
2026-05-23T22:26:36Z,2026-05-24T00:26:36+0200,35a99b20-1361-4eb7-8009-5b844fa790cc,2026-05-15T00:45:00Z,2026-05-15T02:45:00+0200,40700.0,MW,FR,FR,forecast_load,Forecasted Load,2026-05-23T22:27:11Z
2026-05-23T22:26:36Z,2026-05-24T00:26:36+0200,35a99b20-1361-4eb7-8009-5b844fa790cc,2026-05-15T01:00:00Z,2026-05-15T03:00:00+0200,40300.0,MW,FR,FR,forecast_load,Forecasted Load,2026-05-23T22:27:11Z
2026-05-23T22:26:36Z,2026-05-24T00:26:36+0200,35a99b20-1361-4eb7-8009-5b844fa790cc,2026-05-15T01:15:00Z,2026-05-15T03:15:00+0200,39950.0,MW,FR,FR,forecast_load,Forecasted Load,2026-05-23T22:27:11Z
2026-05-23T22:26:36Z,2026-05-24T00:26:36+0200,35a99b20-1361-4eb7-8009-5b844fa790cc,2026-05-15T01:30:00Z,2026-05-15T03:30:00+0200,39600.0,MW,FR,FR,forecast_load,Forecasted Load,2026-05-23T22:27:11Z
2026-05-23T22:26:36Z,2026-05-24T00:26:36+0200,35a99b20-1361-4eb7-8009-5b844fa790cc,2026-05-15T01:45:00Z,2026-05-15T03:45:00+0200,39350.0,MW,FR,FR,forecast_load,Forecasted Load,2026-05-23T22:27:11Z
2026-05-23T22:26:36Z,2026-05-24T00:26:36+0200,35a99b20-1361-4eb7-8009-5b844fa790cc,2026-05-15T02:00:00Z,2026-05-15T04:00:00+0200,39100.0,MW,FR,FR,forecast_load,Forecasted Load,2026-05-23T22:27:11Z
2026-05-23T22:26:36Z,2026-05-24T00:26:36+0200,35a99b20-1361-4eb7-8009-5b844fa790cc,2026-05-15T02:15:00Z,2026-05-15T04:15:00+0200,39050.0,MW,FR,FR,forecast_load,Forecasted Load,2026-05-23T22:27:11Z
2026-05-23T22:26:36Z,2026-05-24T00:26:36+0200,35a99b20-1361-4eb7-8009-5b844fa790cc,2026-05-15T02:30:00Z,2026-05-15T04:30:00+0200,39000.0,MW,FR,FR,forecast_load,Forecasted Load,2026-05-23T22:27:11Z
2026-05-23T22:26:36Z,2026-05-24T00:26:36+0200,35a99b20-1361-4eb7-8009-5b844fa790cc,2026-05-15T02:45:00Z,2026-05-15T04:45:00+0200,39150.0,MW,FR,FR,forecast_load,Forecasted Load,2026-05-23T22:27:11Z
2026-05-23T22:26:36Z,2026-05-24T00:26:36+0200,35a99b20-1361-4eb7-8009-5b844fa790cc,2026-05-15T03:00:00Z,2026-05-15T05:00:00+0200,39300.0,MW,FR,FR,forecast_load,Forecasted Load,2026-05-23T22:27:11Z
2026-05-23T22:26:36Z,2026-05-24T00:26:36+0200,35a99b20-1361-4eb7-8009-5b844fa790cc,2026-05-15T03:15:00Z,2026-05-15T05:15:00+0200,39600.0,MW,FR,FR,forecast_load,Forecasted Load,2026-05-23T22:27:11Z
2026-05-23T22:26:36Z,2026-05-24T00:26:36+0200,35a99b20-1361-4eb7-8009-5b844fa790cc,2026-05-15T03:30:00Z,2026-05-15T05:30:00+0200,39900.0,MW,FR,FR,forecast_load,Forecasted Load,2026-05-23T22:27:11Z
2026-05-23T22:26:36Z,2026-05-24T00:26:36+0200,35a99b20-1361-4eb7-8009-5b844fa790cc,2026-05-15T03:45:00Z,2026-05-15T05:45:00+0200,40200.0,MW,FR,FR,forecast_load,Forecasted Load,2026-05-23T22:27:11Z
2026-05-23T22:26:36Z,2026-05-24T00:26:36+0200,35a99b20-1361-4eb7-8009-5b844fa790cc,2026-05-15T04:00:00Z,2026-05-15T06:00:00+0200,40500.0,MW,FR,FR,forecast_load,Forecasted Load,2026-05-23T22:27:11Z
2026-05-23T22:26:36Z,2026-05-24T00:26:36+0200,35a99b20-1361-4eb7-8009-5b844fa790cc,2026-05-15T04:15:00Z,2026-05-15T06:15:00+0200,41000.0,MW,FR,FR,forecast_load,Forecasted Load,2026-05-23T22:27:11Z
2026-05-23T22:26:36Z,2026-05-24T00:26:36+0200,35a99b20-1361-4eb7-8009-5b844fa790cc,2026-05-15T04:30:00Z,2026-05-15T06:30:00+0200,41500.0,MW,FR,FR,forecast_load,Forecasted Load,2026-05-23T22:27:11Z
2026-05-23T22:26:36Z,2026-05-24T00:26:36+0200,35a99b20-1361-4eb7-8009-5b844fa790cc,2026-05-15T04:45:00Z,2026-05-15T06:45:00+0200,41850.0,MW,FR,FR,forecast_load,Forecasted Load,2026-05-23T22:27:11Z
2026-05-23T22:26:36Z,2026-05-24T00:26:36+0200,35a99b20-1361-4eb7-8009-5b844fa790cc,2026-05-15T05:00:00Z,2026-05-15T07:00:00+0200,42200.0,MW,FR,FR,forecast_load,Forecasted Load,2026-05-23T22:27:11Z
2026-05-23T22:26:36Z,2026-05-24T00:26:36+0200,35a99b20-1361-4eb7-8009-5b844fa790cc,2026-05-15T05:15:00Z,2026-05-15T07:15:00+0200,42800.0,MW,FR,FR,forecast_load,Forecasted Load,2026-05-23T22:27:11Z
2026-05-23T22:26:36Z,2026-05-24T00:26:36+0200,35a99b20-1361-4eb7-8009-5b844fa790cc,2026-05-15T05:30:00Z,2026-05-15T07:30:00+0200,43400.0,MW,FR,FR,forecast_load,Forecasted Load,2026-05-23T22:27:11Z
2026-05-23T22:26:36Z,2026-05-24T00:26:36+0200,35a99b20-1361-4eb7-8009-5b844fa790cc,2026-05-15T05:45:00Z,2026-05-15T07:45:00+0200,43800.0,MW,FR,FR,forecast_load,Forecasted Load,2026-05-23T22:27:11Z
2026-05-23T22:26:36Z,2026-05-24T00:26:36+0200,35a99b20-1361-4eb7-8009-5b844fa790cc,2026-05-15T06:00:00Z,2026-05-15T08:00:00+0200,44200.0,MW,FR,FR,forecast_load,Forecasted Load,2026-05-23T22:27:11Z
2026-05-23T22:26:36Z,2026-05-24T00:26:36+0200,35a99b20-1361-4eb7-8009-5b844fa790cc,2026-05-15T06:15:00Z,2026-05-15T08:15:00+0200,44850.0,MW,FR,FR,forecast_load,Forecasted Load,2026-05-23T22:27:11Z
2026-05-23T22:26:36Z,2026-05-24T00:26:36+0200,35a99b20-1361-4eb7-8009-5b844fa790cc,2026-05-15T06:30:00Z,2026-05-15T08:30:00+0200,45500.0,MW,FR,FR,forecast_load,Forecasted Load,2026-05-23T22:27:11Z
2026-05-23T22:26:36Z,2026-05-24T00:26:36+0200,35a99b20-1361-4eb7-8009-5b844fa790cc,2026-05-15T06:45:00Z,2026-05-15T08:45:00+0200,45850.0,MW,FR,FR,forecast_load,Forecasted Load,2026-05-23T22:27:11Z
2026-05-23T22:26:36Z,2026-05-24T00:26:36+0200,35a99b20-1361-4eb7-8009-5b844fa790cc,2026-05-15T07:00:00Z,2026-05-15T09:00:00+0200,46200.0,MW,FR,FR,forecast_load,Forecasted Load,2026-05-23T22:27:11Z
2026-05-23T22:26:36Z,2026-05-24T00:26:36+0200,35a99b20-1361-4eb7-8009-5b844fa790cc,2026-05-15T07:15:00Z,2026-05-15T09:15:00+0200,46450.0,MW,FR,FR,forecast_load,Forecasted Load,2026-05-23T22:27:11Z
2026-05-23T22:26:36Z,2026-05-24T00:26:36+0200,35a99b20-1361-4eb7-8009-5b844fa790cc,2026-05-15T07:30:00Z,2026-05-15T09:30:00+0200,46700.0,MW,FR,FR,forecast_load,Forecasted Load,2026-05-23T22:27:11Z
2026-05-23T22:26:36Z,2026-05-24T00:26:36+0200,35a99b20-1361-4eb7-8009-5b844fa790cc,2026-05-15T07:45:00Z,2026-05-15T09:45:00+0200,47000.0,MW,FR,FR,forecast_load,Forecasted Load,2026-05-23T22:27:11Z
2026-05-23T22:26:36Z,2026-05-24T00:26:36+0200,35a99b20-1361-4eb7-8009-5b844fa790cc,2026-05-15T08:00:00Z,2026-05-15T10:00:00+0200,47300.0,MW,FR,FR,forecast_load,Forecasted Load,2026-05-23T22:27:11Z
2026-05-23T22:26:36Z,2026-05-24T00:26:36+0200,35a99b20-1361-4eb7-8009-5b844fa790cc,2026-05-15T08:15:00Z,2026-05-15T10:15:00+0200,47250.0,MW,FR,FR,forecast_load,Forecasted Load,2026-05-23T22:27:11Z
2026-05-23T22:26:36Z,2026-05-24T00:26:36+0200,35a99b20-1361-4eb7-8009-5b844fa790cc,2026-05-15T08:30:00Z,2026-05-15T10:30:00+0200,47200.0,MW,FR,FR,forecast_load,Forecasted Load,2026-05-23T22:27:11Z
2026-05-23T22:26:36Z,2026-05-24T00:26:36+0200,35a99b20-1361-4eb7-8009-5b844fa790cc,2026-05-15T08:45:00Z,2026-05-15T10:45:00+0200,47400.0,MW,FR,FR,forecast_load,Forecasted Load,2026-05-23T22:27:11Z
2026-05-23T22:26:36Z,2026-05-24T00:26:36+0200,35a99b20-1361-4eb7-8009-5b844fa790cc,2026-05-15T09:00:00Z,2026-05-15T11:00:00+0200,47600.0,MW,FR,FR,forecast_load,Forecasted Load,2026-05-23T22:27:11Z
2026-05-23T22:26:36Z,2026-05-24T00:26:36+0200,35a99b20-1361-4eb7-8009-5b844fa790cc,2026-05-15T09:15:00Z,2026-05-15T11:15:00+0200,47550.0,MW,FR,FR,forecast_load,Forecasted Load,2026-05-23T22:27:11Z
2026-05-23T22:26:36Z,2026-05-24T00:26:36+0200,35a99b20-1361-4eb7-8009-5b844fa790cc,2026-05-15T09:30:00Z,2026-05-15T11:30:00+0200,47500.0,MW,FR,FR,forecast_load,Forecasted Load,2026-05-23T22:27:11Z
2026-05-23T22:26:36Z,2026-05-24T00:26:36+0200,35a99b20-1361-4eb7-8009-5b844fa790cc,2026-05-15T09:45:00Z,2026-05-15T11:45:00+0200,48300.0,MW,FR,FR,forecast_load,Forecasted Load,2026-05-23T22:27:11Z
2026-05-23T22:26:36Z,2026-05-24T00:26:36+0200,35a99b20-1361-4eb7-8009-5b844fa790cc,2026-05-15T10:00:00Z,2026-05-15T12:00:00+0200,49100.0,MW,FR,FR,forecast_load,Forecasted Load,2026-05-23T22:27:11Z
2026-05-23T22:26:36Z,2026-05-24T00:26:36+0200,35a99b20-1361-4eb7-8009-5b844fa790cc,2026-05-15T10:15:00Z,2026-05-15T12:15:00+0200,48850.0,MW,FR,FR,forecast_load,Forecasted Load,2026-05-23T22:27:11Z
2026-05-23T22:26:36Z,2026-05-24T00:26:36+0200,35a99b20-1361-4eb7-8009-5b844fa790cc,2026-05-15T10:30:00Z,2026-05-15T12:30:00+0200,48600.0,MW,FR,FR,forecast_load,Forecasted Load,2026-05-23T22:27:11Z
2026-05-23T22:26:36Z,2026-05-24T00:26:36+0200,35a99b20-1361-4eb7-8009-5b844fa790cc,2026-05-15T10:45:00Z,2026-05-15T12:45:00+0200,49200.0,MW,FR,FR,forecast_load,Forecasted Load,2026-05-23T22:27:11Z
2026-05-23T22:26:36Z,2026-05-24T00:26:36+0200,35a99b20-1361-4eb7-8009-5b844fa790cc,2026-05-15T11:00:00Z,2026-05-15T13:00:00+0200,49800.0,MW,FR,FR,forecast_load,Forecasted Load,2026-05-23T22:27:11Z
2026-05-23T22:26:36Z,2026-05-24T00:26:36+0200,35a99b20-1361-4eb7-8009-5b844fa790cc,2026-05-15T11:15:00Z,2026-05-15T13:15:00+0200,48750.0,MW,FR,FR,forecast_load,Forecasted Load,2026-05-23T22:27:11Z
2026-05-23T22:26:36Z,2026-05-24T00:26:36+0200,35a99b20-1361-4eb7-8009-5b844fa790cc,2026-05-15T11:30:00Z,2026-05-15T13:30:00+0200,47700.0,MW,FR,FR,forecast_load,Forecasted Load,2026-05-23T22:27:11Z
2026-05-23T22:26:36Z,2026-05-24T00:26:36+0200,35a99b20-1361-4eb7-8009-5b844fa790cc,2026-05-15T11:45:00Z,2026-05-15T13:45:00+0200,47250.0,MW,FR,FR,forecast_load,Forecasted Load,2026-05-23T22:27:11Z
2026-05-23T22:26:36Z,2026-05-24T00:26:36+0200,35a99b20-1361-4eb7-8009-5b844fa790cc,2026-05-15T12:00:00Z,2026-05-15T14:00:00+0200,46800.0,MW,FR,FR,forecast_load,Forecasted Load,2026-05-23T22:27:11Z
2026-05-23T22:26:36Z,2026-05-24T00:26:36+0200,35a99b20-1361-4eb7-8009-5b844fa790cc,2026-05-15T12:15:00Z,2026-05-15T14:15:00+0200,47300.0,MW,FR,FR,forecast_load,Forecasted Load,2026-05-23T22:27:11Z
2026-05-23T22:26:36Z,2026-05-24T00:26:36+0200,35a99b20-1361-4eb7-8009-5b844fa790cc,2026-05-15T12:30:00Z,2026-05-15T14:30:00+0200,47800.0,MW,FR,FR,forecast_load,Forecasted Load,2026-05-23T22:27:11Z
2026-05-23T22:26:36Z,2026-05-24T00:26:36+0200,35a99b20-1361-4eb7-8009-5b844fa790cc,2026-05-15T12:45:00Z,2026-05-15T14:45:00+0200,46750.0,MW,FR,FR,forecast_load,Forecasted Load,2026-05-23T22:27:11Z
2026-05-23T22:26:36Z,2026-05-24T00:26:36+0200,35a99b20-1361-4eb7-8009-5b844fa790cc,2026-05-15T13:00:00Z,2026-05-15T15:00:00+0200,45700.0,MW,FR,FR,forecast_load,Forecasted Load,2026-05-23T22:27:11Z
2026-05-23T22:26:36Z,2026-05-24T00:26:36+0200,35a99b20-1361-4eb7-8009-5b844fa790cc,2026-05-15T13:15:00Z,2026-05-15T15:15:00+0200,45600.0,MW,FR,FR,forecast_load,Forecasted Load,2026-05-23T22:27:11Z
2026-05-23T22:26:36Z,2026-05-24T00:26:36+0200,35a99b20-1361-4eb7-8009-5b844fa790cc,2026-05-15T13:30:00Z,2026-05-15T15:30:00+0200,45500.0,MW,FR,FR,forecast_load,Forecasted Load,2026-05-23T22:27:11Z
2026-05-23T22:26:36Z,2026-05-24T00:26:36+0200,35a99b20-1361-4eb7-8009-5b844fa790cc,2026-05-15T13:45:00Z,2026-05-15T15:45:00+0200,45000.0,MW,FR,FR,forecast_load,Forecasted Load,2026-05-23T22:27:11Z
2026-05-23T22:26:36Z,2026-05-24T00:26:36+0200,35a99b20-1361-4eb7-8009-5b844fa790cc,2026-05-15T14:00:00Z,2026-05-15T16:00:00+0200,44500.0,MW,FR,FR,forecast_load,Forecasted Load,2026-05-23T22:27:11Z
2026-05-23T22:26:36Z,2026-05-24T00:26:36+0200,35a99b20-1361-4eb7-8009-5b844fa790cc,2026-05-15T14:15:00Z,2026-05-15T16:15:00+0200,44150.0,MW,FR,FR,forecast_load,Forecasted Load,2026-05-23T22:27:11Z
2026-05-23T22:26:36Z,2026-05-24T00:26:36+0200,35a99b20-1361-4eb7-8009-5b844fa790cc,2026-05-15T14:30:00Z,2026-05-15T16:30:00+0200,43800.0,MW,FR,FR,forecast_load,Forecasted Load,2026-05-23T22:27:11Z
2026-05-23T22:26:36Z,2026-05-24T00:26:36+0200,35a99b20-1361-4eb7-8009-5b844fa790cc,2026-05-15T14:45:00Z,2026-05-15T16:45:00+0200,43650.0,MW,FR,FR,forecast_load,Forecasted Load,2026-05-23T22:27:11Z
2026-05-23T22:26:36Z,2026-05-24T00:26:36+0200,35a99b20-1361-4eb7-8009-5b844fa790cc,2026-05-15T15:00:00Z,2026-05-15T17:00:00+0200,43500.0,MW,FR,FR,forecast_load,Forecasted Load,2026-05-23T22:27:11Z
2026-05-23T22:26:36Z,2026-05-24T00:26:36+0200,35a99b20-1361-4eb7-8009-5b844fa790cc,2026-05-15T15:15:00Z,2026-05-15T17:15:00+0200,44050.0,MW,FR,FR,forecast_load,Forecasted Load,2026-05-23T22:27:11Z
2026-05-23T22:26:36Z,2026-05-24T00:26:36+0200,35a99b20-1361-4eb7-8009-5b844fa790cc,2026-05-15T15:30:00Z,2026-05-15T17:30:00+0200,44600.0,MW,FR,FR,forecast_load,Forecasted Load,2026-05-23T22:27:11Z
2026-05-23T22:26:36Z,2026-05-24T00:26:36+0200,35a99b20-1361-4eb7-8009-5b844fa790cc,2026-05-15T15:45:00Z,2026-05-15T17:45:00+0200,45050.0,MW,FR,FR,forecast_load,Forecasted Load,2026-05-23T22:27:11Z
2026-05-23T22:26:36Z,2026-05-24T00:26:36+0200,35a99b20-1361-4eb7-8009-5b844fa790cc,2026-05-15T16:00:00Z,2026-05-15T18:00:00+0200,45500.0,MW,FR,FR,forecast_load,Forecasted Load,2026-05-23T22:27:11Z
2026-05-23T22:26:36Z,2026-05-24T00:26:36+0200,35a99b20-1361-4eb7-8009-5b844fa790cc,2026-05-15T16:15:00Z,2026-05-15T18:15:00+0200,46000.0,MW,FR,FR,forecast_load,Forecasted Load,2026-05-23T22:27:11Z
2026-05-23T22:26:36Z,2026-05-24T00:26:36+0200,35a99b20-1361-4eb7-8009-5b844fa790cc,2026-05-15T16:30:00Z,2026-05-15T18:30:00+0200,46500.0,MW,FR,FR,forecast_load,Forecasted Load,2026-05-23T22:27:11Z
2026-05-23T22:26:36Z,2026-05-24T00:26:36+0200,35a99b20-1361-4eb7-8009-5b844fa790cc,2026-05-15T16:45:00Z,2026-05-15T18:45:00+0200,47250.0,MW,FR,FR,forecast_load,Forecasted Load,2026-05-23T22:27:11Z
2026-05-23T22:26:36Z,2026-05-24T00:26:36+0200,35a99b20-1361-4eb7-8009-5b844fa790cc,2026-05-15T17:00:00Z,2026-05-15T19:00:00+0200,48000.0,MW,FR,FR,forecast_load,Forecasted Load,2026-05-23T22:27:11Z
2026-05-23T22:26:36Z,2026-05-24T00:26:36+0200,35a99b20-1361-4eb7-8009-5b844fa790cc,2026-05-15T17:15:00Z,2026-05-15T19:15:00+0200,48100.0,MW,FR,FR,forecast_load,Forecasted Load,2026-05-23T22:27:11Z
2026-05-23T22:26:36Z,2026-05-24T00:26:36+0200,35a99b20-1361-4eb7-8009-5b844fa790cc,2026-05-15T17:30:00Z,2026-05-15T19:30:00+0200,48200.0,MW,FR,FR,forecast_load,Forecasted Load,2026-05-23T22:27:11Z
2026-05-23T22:26:36Z,2026-05-24T00:26:36+0200,35a99b20-1361-4eb7-8009-5b844fa790cc,2026-05-15T17:45:00Z,2026-05-15T19:45:00+0200,47850.0,MW,FR,FR,forecast_load,Forecasted Load,2026-05-23T22:27:11Z
2026-05-23T22:26:36Z,2026-05-24T00:26:36+0200,35a99b20-1361-4eb7-8009-5b844fa790cc,2026-05-15T18:00:00Z,2026-05-15T20:00:00+0200,47500.0,MW,FR,FR,forecast_load,Forecasted Load,2026-05-23T22:27:11Z
2026-05-23T22:26:36Z,2026-05-24T00:26:36+0200,35a99b20-1361-4eb7-8009-5b844fa790cc,2026-05-15T18:15:00Z,2026-05-15T20:15:00+0200,47000.0,MW,FR,FR,forecast_load,Forecasted Load,2026-05-23T22:27:11Z
2026-05-23T22:26:36Z,2026-05-24T00:26:36+0200,35a99b20-1361-4eb7-8009-5b844fa790cc,2026-05-15T18:30:00Z,2026-05-15T20:30:00+0200,46500.0,MW,FR,FR,forecast_load,Forecasted Load,2026-05-23T22:27:11Z
2026-05-23T22:26:36Z,2026-05-24T00:26:36+0200,35a99b20-1361-4eb7-8009-5b844fa790cc,2026-05-15T18:45:00Z,2026-05-15T20:45:00+0200,46100.0,MW,FR,FR,forecast_load,Forecasted Load,2026-05-23T22:27:11Z
2026-05-23T22:26:36Z,2026-05-24T00:26:36+0200,35a99b20-1361-4eb7-8009-5b844fa790cc,2026-05-15T19:00:00Z,2026-05-15T21:00:00+0200,45700.0,MW,FR,FR,forecast_load,Forecasted Load,2026-05-23T22:27:11Z
2026-05-23T22:26:36Z,2026-05-24T00:26:36+0200,35a99b20-1361-4eb7-8009-5b844fa790cc,2026-05-15T19:15:00Z,2026-05-15T21:15:00+0200,45800.0,MW,FR,FR,forecast_load,Forecasted Load,2026-05-23T22:27:11Z
2026-05-23T22:26:36Z,2026-05-24T00:26:36+0200,35a99b20-1361-4eb7-8009-5b844fa790cc,2026-05-15T19:30:00Z,2026-05-15T21:30:00+0200,45900.0,MW,FR,FR,forecast_load,Forecasted Load,2026-05-23T22:27:11Z
2026-05-23T22:26:36Z,2026-05-24T00:26:36+0200,35a99b20-1361-4eb7-8009-5b844fa790cc,2026-05-15T19:45:00Z,2026-05-15T21:45:00+0200,45650.0,MW,FR,FR,forecast_load,Forecasted Load,2026-05-23T22:27:11Z
2026-05-23T22:26:36Z,2026-05-24T00:26:36+0200,35a99b20-1361-4eb7-8009-5b844fa790cc,2026-05-15T20:00:00Z,2026-05-15T22:00:00+0200,45400.0,MW,FR,FR,forecast_load,Forecasted Load,2026-05-23T22:27:11Z
2026-05-23T22:26:36Z,2026-05-24T00:26:36+0200,35a99b20-1361-4eb7-8009-5b844fa790cc,2026-05-15T20:15:00Z,2026-05-15T22:15:00+0200,46200.0,MW,FR,FR,forecast_load,Forecasted Load,2026-05-23T22:27:11Z
2026-05-23T22:26:36Z,2026-05-24T00:26:36+0200,35a99b20-1361-4eb7-8009-5b844fa790cc,2026-05-15T20:30:00Z,2026-05-15T22:30:00+0200,47000.0,MW,FR,FR,forecast_load,Forecasted Load,2026-05-23T22:27:11Z
2026-05-23T22:26:36Z,2026-05-24T00:26:36+0200,35a99b20-1361-4eb7-8009-5b844fa790cc,2026-05-15T20:45:00Z,2026-05-15T22:45:00+0200,47700.0,MW,FR,FR,forecast_load,Forecasted Load,2026-05-23T22:27:11Z
2026-05-23T22:26:36Z,2026-05-24T00:26:36+0200,35a99b20-1361-4eb7-8009-5b844fa790cc,2026-05-15T21:00:00Z,2026-05-15T23:00:00+0200,48400.0,MW,FR,FR,forecast_load,Forecasted Load,2026-05-23T22:27:11Z
2026-05-23T22:26:36Z,2026-05-24T00:26:36+0200,35a99b20-1361-4eb7-8009-5b844fa790cc,2026-05-15T21:15:00Z,2026-05-15T23:15:00+0200,48250.0,MW,FR,FR,forecast_load,Forecasted Load,2026-05-23T22:27:11Z
2026-05-23T22:26:36Z,2026-05-24T00:26:36+0200,35a99b20-1361-4eb7-8009-5b844fa790cc,2026-05-15T21:30:00Z,2026-05-15T23:30:00+0200,48100.0,MW,FR,FR,forecast_load,Forecasted Load,2026-05-23T22:27:11Z
2026-05-23T22:26:36Z,2026-05-24T00:26:36+0200,35a99b20-1361-4eb7-8009-5b844fa790cc,2026-05-15T21:45:00Z,2026-05-15T23:45:00+0200,47600.0,MW,FR,FR,forecast_load,Forecasted Load,2026-05-23T22:27:11Z
2026-05-23T22:26:36Z,2026-05-24T00:26:36+0200,35a99b20-1361-4eb7-8009-5b844fa790cc,2026-05-15T22:00:00Z,2026-05-16T00:00:00+0200,46500.0,MW,FR,FR,forecast_load,Forecasted Load,2026-05-23T22:27:11Z
2026-05-23T22:26:36Z,2026-05-24T00:26:36+0200,35a99b20-1361-4eb7-8009-5b844fa790cc,2026-05-15T22:15:00Z,2026-05-16T00:15:00+0200,45750.0,MW,FR,FR,forecast_load,Forecasted Load,2026-05-23T22:27:11Z
2026-05-23T22:26:36Z,2026-05-24T00:26:36+0200,35a99b20-1361-4eb7-8009-5b844fa790cc,2026-05-15T22:30:00Z,2026-05-16T00:30:00+0200,45000.0,MW,FR,FR,forecast_load,Forecasted Load,2026-05-23T22:27:11Z
2026-05-23T22:26:36Z,2026-05-24T00:26:36+0200,35a99b20-1361-4eb7-8009-5b844fa790cc,2026-05-15T22:45:00Z,2026-05-16T00:45:00+0200,43950.0,MW,FR,FR,forecast_load,Forecasted Load,2026-05-23T22:27:11Z
2026-05-23T22:26:36Z,2026-05-24T00:26:36+0200,35a99b20-1361-4eb7-8009-5b844fa790cc,2026-05-15T23:00:00Z,2026-05-16T01:00:00+0200,42900.0,MW,FR,FR,forecast_load,Forecasted Load,2026-05-23T22:27:11Z
2026-05-23T22:26:36Z,2026-05-24T00:26:36+0200,35a99b20-1361-4eb7-8009-5b844fa790cc,2026-05-15T23:15:00Z,2026-05-16T01:15:00+0200,43050.0,MW,FR,FR,forecast_load,Forecasted Load,2026-05-23T22:27:11Z
2026-05-23T22:26:36Z,2026-05-24T00:26:36+0200,35a99b20-1361-4eb7-8009-5b844fa790cc,2026-05-15T23:30:00Z,2026-05-16T01:30:00+0200,43200.0,MW,FR,FR,forecast_load,Forecasted Load,2026-05-23T22:27:11Z
2026-05-23T22:26:36Z,2026-05-24T00:26:36+0200,35a99b20-1361-4eb7-8009-5b844fa790cc,2026-05-15T23:45:00Z,2026-05-16T01:45:00+0200,42800.0,MW,FR,FR,forecast_load,Forecasted Load,2026-05-23T22:27:11Z
2026-05-23T22:26:36Z,2026-05-24T00:26:36+0200,35a99b20-1361-4eb7-8009-5b844fa790cc,2026-05-16T00:00:00Z,2026-05-16T02:00:00+0200,42400.0,MW,FR,FR,forecast_load,Forecasted Load,2026-05-23T22:27:11Z
2026-05-23T22:26:36Z,2026-05-24T00:26:36+0200,35a99b20-1361-4eb7-8009-5b844fa790cc,2026-05-16T00:15:00Z,2026-05-16T02:15:00+0200,41650.0,MW,FR,FR,forecast_load,Forecasted Load,2026-05-23T22:27:11Z
2026-05-23T22:26:36Z,2026-05-24T00:26:36+0200,35a99b20-1361-4eb7-8009-5b844fa790cc,2026-05-16T00:30:00Z,2026-05-16T02:30:00+0200,40900.0,MW,FR,FR,forecast_load,Forecasted Load,2026-05-23T22:27:11Z
2026-05-23T22:26:36Z,2026-05-24T00:26:36+0200,35a99b20-1361-4eb7-8009-5b844fa790cc,2026-05-16T00:45:00Z,2026-05-16T02:45:00+0200,40300.0,MW,FR,FR,forecast_load,Forecasted Load,2026-05-23T22:27:11Z
2026-05-23T22:26:36Z,2026-05-24T00:26:36+0200,35a99b20-1361-4eb7-8009-5b844fa790cc,2026-05-16T01:00:00Z,2026-05-16T03:00:00+0200,39700.0,MW,FR,FR,forecast_load,Forecasted Load,2026-05-23T22:27:11Z
2026-05-23T22:26:36Z,2026-05-24T00:26:36+0200,35a99b20-1361-4eb7-8009-5b844fa790cc,2026-05-16T01:15:00Z,2026-05-16T03:15:00+0200,39200.0,MW,FR,FR,forecast_load,Forecasted Load,2026-05-23T22:27:11Z
2026-05-23T22:26:36Z,2026-05-24T00:26:36+0200,35a99b20-1361-4eb7-8009-5b844fa790cc,2026-05-16T01:30:00Z,2026-05-16T03:30:00+0200,38700.0,MW,FR,FR,forecast_load,Forecasted Load,2026-05-23T22:27:11Z
2026-05-23T22:26:36Z,2026-05-24T00:26:36+0200,35a99b20-1361-4eb7-8009-5b844fa790cc,2026-05-16T01:45:00Z,2026-05-16T03:45:00+0200,38300.0,MW,FR,FR,forecast_load,Forecasted Load,2026-05-23T22:27:11Z
2026-05-23T22:26:36Z,2026-05-24T00:26:36+0200,35a99b20-1361-4eb7-8009-5b844fa790cc,2026-05-16T02:00:00Z,2026-05-16T04:00:00+0200,37900.0,MW,FR,FR,forecast_load,Forecasted Load,2026-05-23T22:27:11Z
2026-05-23T22:26:36Z,2026-05-24T00:26:36+0200,35a99b20-1361-4eb7-8009-5b844fa790cc,2026-05-16T02:15:00Z,2026-05-16T04:15:00+0200,37550.0,MW,FR,FR,forecast_load,Forecasted Load,2026-05-23T22:27:11Z
2026-05-23T22:26:36Z,2026-05-24T00:26:36+0200,35a99b20-1361-4eb7-8009-5b844fa790cc,2026-05-16T02:30:00Z,2026-05-16T04:30:00+0200,37200.0,MW,FR,FR,forecast_load,Forecasted Load,2026-05-23T22:27:11Z
2026-05-23T22:26:36Z,2026-05-24T00:26:36+0200,35a99b20-1361-4eb7-8009-5b844fa790cc,2026-05-16T02:45:00Z,2026-05-16T04:45:00+0200,37200.0,MW,FR,FR,forecast_load,Forecasted Load,2026-05-23T22:27:11Z
2026-05-23T22:26:36Z,2026-05-24T00:26:36+0200,35a99b20-1361-4eb7-8009-5b844fa790cc,2026-05-16T03:00:00Z,2026-05-16T05:00:00+0200,37200.0,MW,FR,FR,forecast_load,Forecasted Load,2026-05-23T22:27:11Z
2026-05-23T22:26:36Z,2026-05-24T00:26:36+0200,35a99b20-1361-4eb7-8009-5b844fa790cc,2026-05-16T03:15:00Z,2026-05-16T05:15:00+0200,37400.0,MW,FR,FR,forecast_load,Forecasted Load,2026-05-23T22:27:11Z
2026-05-23T22:26:36Z,2026-05-24T00:26:36+0200,35a99b20-1361-4eb7-8009-5b844fa790cc,2026-05-16T03:30:00Z,2026-05-16T05:30:00+0200,37600.0,MW,FR,FR,forecast_load,Forecasted Load,2026-05-23T22:27:11Z
2026-05-23T22:26:36Z,2026-05-24T00:26:36+0200,35a99b20-1361-4eb7-8009-5b844fa790cc,2026-05-16T03:45:00Z,2026-05-16T05:45:00+0200,37900.0,MW,FR,FR,forecast_load,Forecasted Load,2026-05-23T22:27:11Z
2026-05-23T22:26:36Z,2026-05-24T00:26:36+0200,35a99b20-1361-4eb7-8009-5b844fa790cc,2026-05-16T04:00:00Z,2026-05-16T06:00:00+0200,38200.0,MW,FR,FR,forecast_load,Forecasted Load,2026-05-23T22:27:11Z
2026-05-23T22:26:36Z,2026-05-24T00:26:36+0200,35a99b20-1361-4eb7-8009-5b844fa790cc,2026-05-16T04:15:00Z,2026-05-16T06:15:00+0200,38150.0,MW,FR,FR,forecast_load,Forecasted Load,2026-05-23T22:27:11Z
2026-05-23T22:26:36Z,2026-05-24T00:26:36+0200,35a99b20-1361-4eb7-8009-5b844fa790cc,2026-05-16T04:30:00Z,2026-05-16T06:30:00+0200,38100.0,MW,FR,FR,forecast_load,Forecasted Load,2026-05-23T22:27:11Z
2026-05-23T22:26:36Z,2026-05-24T00:26:36+0200,35a99b20-1361-4eb7-8009-5b844fa790cc,2026-05-16T04:45:00Z,2026-05-16T06:45:00+0200,38300.0,MW,FR,FR,forecast_load,Forecasted Load,2026-05-23T22:27:11Z
2026-05-23T22:26:36Z,2026-05-24T00:26:36+0200,35a99b20-1361-4eb7-8009-5b844fa790cc,2026-05-16T05:00:00Z,2026-05-16T07:00:00+0200,38500.0,MW,FR,FR,forecast_load,Forecasted Load,2026-05-23T22:27:11Z
2026-05-23T22:26:36Z,2026-05-24T00:26:36+0200,35a99b20-1361-4eb7-8009-5b844fa790cc,2026-05-16T05:15:00Z,2026-05-16T07:15:00+0200,38950.0,MW,FR,FR,forecast_load,Forecasted Load,2026-05-23T22:27:11Z
2026-05-23T22:26:36Z,2026-05-24T00:26:36+0200,35a99b20-1361-4eb7-8009-5b844fa790cc,2026-05-16T05:30:00Z,2026-05-16T07:30:00+0200,39400.0,MW,FR,FR,forecast_load,Forecasted Load,2026-05-23T22:27:11Z
2026-05-23T22:26:36Z,2026-05-24T00:26:36+0200,35a99b20-1361-4eb7-8009-5b844fa790cc,2026-05-16T05:45:00Z,2026-05-16T07:45:00+0200,39750.0,MW,FR,FR,forecast_load,Forecasted Load,2026-05-23T22:27:11Z
2026-05-23T22:26:36Z,2026-05-24T00:26:36+0200,35a99b20-1361-4eb7-8009-5b844fa790cc,2026-05-16T06:00:00Z,2026-05-16T08:00:00+0200,40100.0,MW,FR,FR,forecast_load,Forecasted Load,2026-05-23T22:27:11Z
2026-05-23T22:26:36Z,2026-05-24T00:26:36+0200,35a99b20-1361-4eb7-8009-5b844fa790cc,2026-05-16T06:15:00Z,2026-05-16T08:15:00+0200,40800.0,MW,FR,FR,forecast_load,Forecasted Load,2026-05-23T22:27:11Z
2026-05-23T22:26:36Z,2026-05-24T00:26:36+0200,35a99b20-1361-4eb7-8009-5b844fa790cc,2026-05-16T06:30:00Z,2026-05-16T08:30:00+0200,41500.0,MW,FR,FR,forecast_load,Forecasted Load,2026-05-23T22:27:11Z
2026-05-23T22:26:36Z,2026-05-24T00:26:36+0200,35a99b20-1361-4eb7-8009-5b844fa790cc,2026-05-16T06:45:00Z,2026-05-16T08:45:00+0200,42000.0,MW,FR,FR,forecast_load,Forecasted Load,2026-05-23T22:27:11Z
2026-05-23T22:26:36Z,2026-05-24T00:26:36+0200,35a99b20-1361-4eb7-8009-5b844fa790cc,2026-05-16T07:00:00Z,2026-05-16T09:00:00+0200,42500.0,MW,FR,FR,forecast_load,Forecasted Load,2026-05-23T22:27:11Z
2026-05-23T22:26:36Z,2026-05-24T00:26:36+0200,35a99b20-1361-4eb7-8009-5b844fa790cc,2026-05-16T07:15:00Z,2026-05-16T09:15:00+0200,42850.0,MW,FR,FR,forecast_load,Forecasted Load,2026-05-23T22:27:11Z
2026-05-23T22:26:36Z,2026-05-24T00:26:36+0200,35a99b20-1361-4eb7-8009-5b844fa790cc,2026-05-16T07:30:00Z,2026-05-16T09:30:00+0200,43200.0,MW,FR,FR,forecast_load,Forecasted Load,2026-05-23T22:27:11Z
2026-05-23T22:26:36Z,2026-05-24T00:26:36+0200,35a99b20-1361-4eb7-8009-5b844fa790cc,2026-05-16T07:45:00Z,2026-05-16T09:45:00+0200,43650.0,MW,FR,FR,forecast_load,Forecasted Load,2026-05-23T22:27:11Z
2026-05-23T22:26:36Z,2026-05-24T00:26:36+0200,35a99b20-1361-4eb7-8009-5b844fa790cc,2026-05-16T08:00:00Z,2026-05-16T10:00:00+0200,44100.0,MW,FR,FR,forecast_load,Forecasted Load,2026-05-23T22:27:11Z
2026-05-23T22:26:36Z,2026-05-24T00:26:36+0200,35a99b20-1361-4eb7-8009-5b844fa790cc,2026-05-16T08:15:00Z,2026-05-16T10:15:00+0200,44250.0,MW,FR,FR,forecast_load,Forecasted Load,2026-05-23T22:27:11Z
2026-05-23T22:26:36Z,2026-05-24T00:26:36+0200,35a99b20-1361-4eb7-8009-5b844fa790cc,2026-05-16T08:30:00Z,2026-05-16T10:30:00+0200,44400.0,MW,FR,FR,forecast_load,Forecasted Load,2026-05-23T22:27:11Z
2026-05-23T22:26:36Z,2026-05-24T00:26:36+0200,35a99b20-1361-4eb7-8009-5b844fa790cc,2026-05-16T08:45:00Z,2026-05-16T10:45:00+0200,44400.0,MW,FR,FR,forecast_load,Forecasted Load,2026-05-23T22:27:11Z
2026-05-23T22:26:36Z,2026-05-24T00:26:36+0200,35a99b20-1361-4eb7-8009-5b844fa790cc,2026-05-16T09:00:00Z,2026-05-16T11:00:00+0200,44400.0,MW,FR,FR,forecast_load,Forecasted Load,2026-05-23T22:27:11Z
2026-05-23T22:26:36Z,2026-05-24T00:26:36+0200,35a99b20-1361-4eb7-8009-5b844fa790cc,2026-05-16T09:15:00Z,2026-05-16T11:15:00+0200,44300.0,MW,FR,FR,forecast_load,Forecasted Load,2026-05-23T22:27:11Z
2026-05-23T22:26:36Z,2026-05-24T00:26:36+0200,35a99b20-1361-4eb7-8009-5b844fa790cc,2026-05-16T09:30:00Z,2026-05-16T11:30:00+0200,44200.0,MW,FR,FR,forecast_load,Forecasted Load,2026-05-23T22:27:11Z
2026-05-23T22:26:36Z,2026-05-24T00:26:36+0200,35a99b20-1361-4eb7-8009-5b844fa790cc,2026-05-16T09:45:00Z,2026-05-16T11:45:00+0200,44700.0,MW,FR,FR,forecast_load,Forecasted Load,2026-05-23T22:27:11Z
2026-05-23T22:26:36Z,2026-05-24T00:26:36+0200,35a99b20-1361-4eb7-8009-5b844fa790cc,2026-05-16T10:00:00Z,2026-05-16T12:00:00+0200,45200.0,MW,FR,FR,forecast_load,Forecasted Load,2026-05-23T22:27:11Z
2026-05-23T22:26:36Z,2026-05-24T00:26:36+0200,35a99b20-1361-4eb7-8009-5b844fa790cc,2026-05-16T10:15:00Z,2026-05-16T12:15:00+0200,45000.0,MW,FR,FR,forecast_load,Forecasted Load,2026-05-23T22:27:11Z
2026-05-23T22:26:36Z,2026-05-24T00:26:36+0200,35a99b20-1361-4eb7-8009-5b844fa790cc,2026-05-16T10:30:00Z,2026-05-16T12:30:00+0200,44800.0,MW,FR,FR,forecast_load,Forecasted Load,2026-05-23T22:27:11Z
2026-05-23T22:26:36Z,2026-05-24T00:26:36+0200,35a99b20-1361-4eb7-8009-5b844fa790cc,2026-05-16T10:45:00Z,2026-05-16T12:45:00+0200,45250.0,MW,FR,FR,forecast_load,Forecasted Load,2026-05-23T22:27:11Z
2026-05-23T22:26:36Z,2026-05-24T00:26:36+0200,35a99b20-1361-4eb7-8009-5b844fa790cc,2026-05-16T11:00:00Z,2026-05-16T13:00:00+0200,45700.0,MW,FR,FR,forecast_load,Forecasted Load,2026-05-23T22:27:11Z
2026-05-23T22:26:36Z,2026-05-24T00:26:36+0200,35a99b20-1361-4eb7-8009-5b844fa790cc,2026-05-16T11:15:00Z,2026-05-16T13:15:00+0200,44550.0,MW,FR,FR,forecast_load,Forecasted Load,2026-05-23T22:27:11Z
2026-05-23T22:26:36Z,2026-05-24T00:26:36+0200,35a99b20-1361-4eb7-8009-5b844fa790cc,2026-05-16T11:30:00Z,2026-05-16T13:30:00+0200,43400.0,MW,FR,FR,forecast_load,Forecasted Load,2026-05-23T22:27:11Z
2026-05-23T22:26:36Z,2026-05-24T00:26:36+0200,35a99b20-1361-4eb7-8009-5b844fa790cc,2026-05-16T11:45:00Z,2026-05-16T13:45:00+0200,43100.0,MW,FR,FR,forecast_load,Forecasted Load,2026-05-23T22:27:11Z
2026-05-23T22:26:36Z,2026-05-24T00:26:36+0200,35a99b20-1361-4eb7-8009-5b844fa790cc,2026-05-16T12:00:00Z,2026-05-16T14:00:00+0200,42800.0,MW,FR,FR,forecast_load,Forecasted Load,2026-05-23T22:27:11Z
2026-05-23T22:26:36Z,2026-05-24T00:26:36+0200,35a99b20-1361-4eb7-8009-5b844fa790cc,2026-05-16T12:15:00Z,2026-05-16T14:15:00+0200,42250.0,MW,FR,FR,forecast_load,Forecasted Load,2026-05-23T22:27:11Z
2026-05-23T22:26:36Z,2026-05-24T00:26:36+0200,35a99b20-1361-4eb7-8009-5b844fa790cc,2026-05-16T12:30:00Z,2026-05-16T14:30:00+0200,41700.0,MW,FR,FR,forecast_load,Forecasted Load,2026-05-23T22:27:11Z
2026-05-23T22:26:36Z,2026-05-24T00:26:36+0200,35a99b20-1361-4eb7-8009-5b844fa790cc,2026-05-16T12:45:00Z,2026-05-16T14:45:00+0200,41200.0,MW,FR,FR,forecast_load,Forecasted Load,2026-05-23T22:27:11Z
2026-05-23T22:26:36Z,2026-05-24T00:26:36+0200,35a99b20-1361-4eb7-8009-5b844fa790cc,2026-05-16T13:00:00Z,2026-05-16T15:00:00+0200,40700.0,MW,FR,FR,forecast_load,Forecasted Load,2026-05-23T22:27:11Z
2026-05-23T22:26:36Z,2026-05-24T00:26:36+0200,35a99b20-1361-4eb7-8009-5b844fa790cc,2026-05-16T13:15:00Z,2026-05-16T15:15:00+0200,40450.0,MW,FR,FR,forecast_load,Forecasted Load,2026-05-23T22:27:11Z
2026-05-23T22:26:36Z,2026-05-24T00:26:36+0200,35a99b20-1361-4eb7-8009-5b844fa790cc,2026-05-16T13:30:00Z,2026-05-16T15:30:00+0200,40200.0,MW,FR,FR,forecast_load,Forecasted Load,2026-05-23T22:27:11Z
2026-05-23T22:26:36Z,2026-05-24T00:26:36+0200,35a99b20-1361-4eb7-8009-5b844fa790cc,2026-05-16T13:45:00Z,2026-05-16T15:45:00+0200,39900.0,MW,FR,FR,forecast_load,Forecasted Load,2026-05-23T22:27:11Z
2026-05-23T22:26:36Z,2026-05-24T00:26:36+0200,35a99b20-1361-4eb7-8009-5b844fa790cc,2026-05-16T14:00:00Z,2026-05-16T16:00:00+0200,39600.0,MW,FR,FR,forecast_load,Forecasted Load,2026-05-23T22:27:11Z
2026-05-23T22:26:36Z,2026-05-24T00:26:36+0200,35a99b20-1361-4eb7-8009-5b844fa790cc,2026-05-16T14:15:00Z,2026-05-16T16:15:00+0200,39400.0,MW,FR,FR,forecast_load,Forecasted Load,2026-05-23T22:27:11Z
2026-05-23T22:26:36Z,2026-05-24T00:26:36+0200,35a99b20-1361-4eb7-8009-5b844fa790cc,2026-05-16T14:30:00Z,2026-05-16T16:30:00+0200,39200.0,MW,FR,FR,forecast_load,Forecasted Load,2026-05-23T22:27:11Z
2026-05-23T22:26:36Z,2026-05-24T00:26:36+0200,35a99b20-1361-4eb7-8009-5b844fa790cc,2026-05-16T14:45:00Z,2026-05-16T16:45:00+0200,38900.0,MW,FR,FR,forecast_load,Forecasted Load,2026-05-23T22:27:11Z
2026-05-23T22:26:36Z,2026-05-24T00:26:36+0200,35a99b20-1361-4eb7-8009-5b844fa790cc,2026-05-16T15:00:00Z,2026-05-16T17:00:00+0200,38600.0,MW,FR,FR,forecast_load,Forecasted Load,2026-05-23T22:27:11Z
2026-05-23T22:26:36Z,2026-05-24T00:26:36+0200,35a99b20-1361-4eb7-8009-5b844fa790cc,2026-05-16T15:15:00Z,2026-05-16T17:15:00+0200,39000.0,MW,FR,FR,forecast_load,Forecasted Load,2026-05-23T22:27:11Z
2026-05-23T22:26:36Z,2026-05-24T00:26:36+0200,35a99b20-1361-4eb7-8009-5b844fa790cc,2026-05-16T15:30:00Z,2026-05-16T17:30:00+0200,39400.0,MW,FR,FR,forecast_load,Forecasted Load,2026-05-23T22:27:11Z
2026-05-23T22:26:36Z,2026-05-24T00:26:36+0200,35a99b20-1361-4eb7-8009-5b844fa790cc,2026-05-16T15:45:00Z,2026-05-16T17:45:00+0200,39900.0,MW,FR,FR,forecast_load,Forecasted Load,2026-05-23T22:27:11Z
2026-05-23T22:26:36Z,2026-05-24T00:26:36+0200,35a99b20-1361-4eb7-8009-5b844fa790cc,2026-05-16T16:00:00Z,2026-05-16T18:00:00+0200,40400.0,MW,FR,FR,forecast_load,Forecasted Load,2026-05-23T22:27:11Z
2026-05-23T22:26:36Z,2026-05-24T00:26:36+0200,35a99b20-1361-4eb7-8009-5b844fa790cc,2026-05-16T16:15:00Z,2026-05-16T18:15:00+0200,41050.0,MW,FR,FR,forecast_load,Forecasted Load,2026-05-23T22:27:11Z
2026-05-23T22:26:36Z,2026-05-24T00:26:36+0200,35a99b20-1361-4eb7-8009-5b844fa790cc,2026-05-16T16:30:00Z,2026-05-16T18:30:00+0200,41700.0,MW,FR,FR,forecast_load,Forecasted Load,2026-05-23T22:27:11Z
2026-05-23T22:26:36Z,2026-05-24T00:26:36+0200,35a99b20-1361-4eb7-8009-5b844fa790cc,2026-05-16T16:45:00Z,2026-05-16T18:45:00+0200,42300.0,MW,FR,FR,forecast_load,Forecasted Load,2026-05-23T22:27:11Z
2026-05-23T22:26:36Z,2026-05-24T00:26:36+0200,35a99b20-1361-4eb7-8009-5b844fa790cc,2026-05-16T17:00:00Z,2026-05-16T19:00:00+0200,42900.0,MW,FR,FR,forecast_load,Forecasted Load,2026-05-23T22:27:11Z
2026-05-23T22:26:36Z,2026-05-24T00:26:36+0200,35a99b20-1361-4eb7-8009-5b844fa790cc,2026-05-16T17:15:00Z,2026-05-16T19:15:00+0200,43300.0,MW,FR,FR,forecast_load,Forecasted Load,2026-05-23T22:27:11Z
2026-05-23T22:26:36Z,2026-05-24T00:26:36+0200,35a99b20-1361-4eb7-8009-5b844fa790cc,2026-05-16T17:30:00Z,2026-05-16T19:30:00+0200,43700.0,MW,FR,FR,forecast_load,Forecasted Load,2026-05-23T22:27:11Z
2026-05-23T22:26:36Z,2026-05-24T00:26:36+0200,35a99b20-1361-4eb7-8009-5b844fa790cc,2026-05-16T17:45:00Z,2026-05-16T19:45:00+0200,43550.0,MW,FR,FR,forecast_load,Forecasted Load,2026-05-23T22:27:11Z
2026-05-23T22:26:36Z,2026-05-24T00:26:36+0200,35a99b20-1361-4eb7-8009-5b844fa790cc,2026-05-16T18:00:00Z,2026-05-16T20:00:00+0200,43400.0,MW,FR,FR,forecast_load,Forecasted Load,2026-05-23T22:27:11Z
2026-05-23T22:26:36Z,2026-05-24T00:26:36+0200,35a99b20-1361-4eb7-8009-5b844fa790cc,2026-05-16T18:15:00Z,2026-05-16T20:15:00+0200,42900.0,MW,FR,FR,forecast_load,Forecasted Load,2026-05-23T22:27:11Z
2026-05-23T22:26:36Z,2026-05-24T00:26:36+0200,35a99b20-1361-4eb7-8009-5b844fa790cc,2026-05-16T18:30:00Z,2026-05-16T20:30:00+0200,42400.0,MW,FR,FR,forecast_load,Forecasted Load,2026-05-23T22:27:11Z
2026-05-23T22:26:36Z,2026-05-24T00:26:36+0200,35a99b20-1361-4eb7-8009-5b844fa790cc,2026-05-16T18:45:00Z,2026-05-16T20:45:00+0200,42300.0,MW,FR,FR,forecast_load,Forecasted Load,2026-05-23T22:27:11Z
2026-05-23T22:26:36Z,2026-05-24T00:26:36+0200,35a99b20-1361-4eb7-8009-5b844fa790cc,2026-05-16T19:00:00Z,2026-05-16T21:00:00+0200,42200.0,MW,FR,FR,forecast_load,Forecasted Load,2026-05-23T22:27:11Z
2026-05-23T22:26:36Z,2026-05-24T00:26:36+0200,35a99b20-1361-4eb7-8009-5b844fa790cc,2026-05-16T19:15:00Z,2026-05-16T21:15:00+0200,42400.0,MW,FR,FR,forecast_load,Forecasted Load,2026-05-23T22:27:11Z
2026-05-23T22:26:36Z,2026-05-24T00:26:36+0200,35a99b20-1361-4eb7-8009-5b844fa790cc,2026-05-16T19:30:00Z,2026-05-16T21:30:00+0200,42600.0,MW,FR,FR,forecast_load,Forecasted Load,2026-05-23T22:27:11Z
2026-05-23T22:26:36Z,2026-05-24T00:26:36+0200,35a99b20-1361-4eb7-8009-5b844fa790cc,2026-05-16T19:45:00Z,2026-05-16T21:45:00+0200,42500.0,MW,FR,FR,forecast_load,Forecasted Load,2026-05-23T22:27:11Z
2026-05-23T22:26:36Z,2026-05-24T00:26:36+0200,35a99b20-1361-4eb7-8009-5b844fa790cc,2026-05-16T20:00:00Z,2026-05-16T22:00:00+0200,42400.0,MW,FR,FR,forecast_load,Forecasted Load,2026-05-23T22:27:11Z
2026-05-23T22:26:36Z,2026-05-24T00:26:36+0200,35a99b20-1361-4eb7-8009-5b844fa790cc,2026-05-16T20:15:00Z,2026-05-16T22:15:00+0200,43050.0,MW,FR,FR,forecast_load,Forecasted Load,2026-05-23T22:27:11Z
2026-05-23T22:26:36Z,2026-05-24T00:26:36+0200,35a99b20-1361-4eb7-8009-5b844fa790cc,2026-05-16T20:30:00Z,2026-05-16T22:30:00+0200,43700.0,MW,FR,FR,forecast_load,Forecasted Load,2026-05-23T22:27:11Z
2026-05-23T22:26:36Z,2026-05-24T00:26:36+0200,35a99b20-1361-4eb7-8009-5b844fa790cc,2026-05-16T20:45:00Z,2026-05-16T22:45:00+0200,44450.0,MW,FR,FR,forecast_load,Forecasted Load,2026-05-23T22:27:11Z
2026-05-23T22:26:36Z,2026-05-24T00:26:36+0200,35a99b20-1361-4eb7-8009-5b844fa790cc,2026-05-16T21:00:00Z,2026-05-16T23:00:00+0200,45200.0,MW,FR,FR,forecast_load,Forecasted Load,2026-05-23T22:27:11Z
2026-05-23T22:26:36Z,2026-05-24T00:26:36+0200,35a99b20-1361-4eb7-8009-5b844fa790cc,2026-05-16T21:15:00Z,2026-05-16T23:15:00+0200,45000.0,MW,FR,FR,forecast_load,Forecasted Load,2026-05-23T22:27:11Z
2026-05-23T22:26:36Z,2026-05-24T00:26:36+0200,35a99b20-1361-4eb7-8009-5b844fa790cc,2026-05-16T21:30:00Z,2026-05-16T23:30:00+0200,44800.0,MW,FR,FR,forecast_load,Forecasted Load,2026-05-23T22:27:11Z
2026-05-23T22:26:36Z,2026-05-24T00:26:36+0200,35a99b20-1361-4eb7-8009-5b844fa790cc,2026-05-16T21:45:00Z,2026-05-16T23:45:00+0200,44400.0,MW,FR,FR,forecast_load,Forecasted Load,2026-05-23T22:27:11Z
2026-05-23T22:26:36Z,2026-05-24T00:26:36+0200,35a99b20-1361-4eb7-8009-5b844fa790cc,2026-05-16T22:00:00Z,2026-05-17T00:00:00+0200,44000.0,MW,FR,FR,forecast_load,Forecasted Load,2026-05-23T22:27:11Z
2026-05-23T22:26:36Z,2026-05-24T00:26:36+0200,35a99b20-1361-4eb7-8009-5b844fa790cc,2026-05-16T22:15:00Z,2026-05-17T00:15:00+0200,43500.0,MW,FR,FR,forecast_load,Forecasted Load,2026-05-23T22:27:11Z
2026-05-23T22:26:36Z,2026-05-24T00:26:36+0200,35a99b20-1361-4eb7-8009-5b844fa790cc,2026-05-16T22:30:00Z,2026-05-17T00:30:00+0200,43000.0,MW,FR,FR,forecast_load,Forecasted Load,2026-05-23T22:27:11Z
2026-05-23T22:26:36Z,2026-05-24T00:26:36+0200,35a99b20-1361-4eb7-8009-5b844fa790cc,2026-05-16T22:45:00Z,2026-05-17T00:45:00+0200,42250.0,MW,FR,FR,forecast_load,Forecasted Load,2026-05-23T22:27:11Z
2026-05-23T22:26:36Z,2026-05-24T00:26:36+0200,35a99b20-1361-4eb7-8009-5b844fa790cc,2026-05-16T23:00:00Z,2026-05-17T01:00:00+0200,41500.0,MW,FR,FR,forecast_load,Forecasted Load,2026-05-23T22:27:11Z
2026-05-23T22:26:36Z,2026-05-24T00:26:36+0200,35a99b20-1361-4eb7-8009-5b844fa790cc,2026-05-16T23:15:00Z,2026-05-17T01:15:00+0200,41650.0,MW,FR,FR,forecast_load,Forecasted Load,2026-05-23T22:27:11Z
2026-05-23T22:26:36Z,2026-05-24T00:26:36+0200,35a99b20-1361-4eb7-8009-5b844fa790cc,2026-05-16T23:30:00Z,2026-05-17T01:30:00+0200,41800.0,MW,FR,FR,forecast_load,Forecasted Load,2026-05-23T22:27:11Z
2026-05-23T22:26:36Z,2026-05-24T00:26:36+0200,35a99b20-1361-4eb7-8009-5b844fa790cc,2026-05-16T23:45:00Z,2026-05-17T01:45:00+0200,41300.0,MW,FR,FR,forecast_load,Forecasted Load,2026-05-23T22:27:11Z
2026-05-23T22:26:36Z,2026-05-24T00:26:36+0200,35a99b20-1361-4eb7-8009-5b844fa790cc,2026-05-17T00:00:00Z,2026-05-17T02:00:00+0200,40800.0,MW,FR,FR,forecast_load,Forecasted Load,2026-05-23T22:27:11Z
2026-05-23T22:26:36Z,2026-05-24T00:26:36+0200,35a99b20-1361-4eb7-8009-5b844fa790cc,2026-05-17T00:15:00Z,2026-05-17T02:15:00+0200,40150.0,MW,FR,FR,forecast_load,Forecasted Load,2026-05-23T22:27:11Z
2026-05-23T22:26:36Z,2026-05-24T00:26:36+0200,35a99b20-1361-4eb7-8009-5b844fa790cc,2026-05-17T00:30:00Z,2026-05-17T02:30:00+0200,39500.0,MW,FR,FR,forecast_load,Forecasted Load,2026-05-23T22:27:11Z
2026-05-23T22:26:36Z,2026-05-24T00:26:36+0200,35a99b20-1361-4eb7-8009-5b844fa790cc,2026-05-17T00:45:00Z,2026-05-17T02:45:00+0200,38700.0,MW,FR,FR,forecast_load,Forecasted Load,2026-05-23T22:27:11Z
2026-05-23T22:26:36Z,2026-05-24T00:26:36+0200,35a99b20-1361-4eb7-8009-5b844fa790cc,2026-05-17T01:00:00Z,2026-05-17T03:00:00+0200,37900.0,MW,FR,FR,forecast_load,Forecasted Load,2026-05-23T22:27:11Z
2026-05-23T22:26:36Z,2026-05-24T00:26:36+0200,35a99b20-1361-4eb7-8009-5b844fa790cc,2026-05-17T01:15:00Z,2026-05-17T03:15:00+0200,37350.0,MW,FR,FR,forecast_load,Forecasted Load,2026-05-23T22:27:11Z
2026-05-23T22:26:36Z,2026-05-24T00:26:36+0200,35a99b20-1361-4eb7-8009-5b844fa790cc,2026-05-17T01:30:00Z,2026-05-17T03:30:00+0200,36800.0,MW,FR,FR,forecast_load,Forecasted Load,2026-05-23T22:27:11Z
2026-05-23T22:26:36Z,2026-05-24T00:26:36+0200,35a99b20-1361-4eb7-8009-5b844fa790cc,2026-05-17T01:45:00Z,2026-05-17T03:45:00+0200,36300.0,MW,FR,FR,forecast_load,Forecasted Load,2026-05-23T22:27:11Z
2026-05-23T22:26:36Z,2026-05-24T00:26:36+0200,35a99b20-1361-4eb7-8009-5b844fa790cc,2026-05-17T02:00:00Z,2026-05-17T04:00:00+0200,35800.0,MW,FR,FR,forecast_load,Forecasted Load,2026-05-23T22:27:11Z
2026-05-23T22:26:36Z,2026-05-24T00:26:36+0200,35a99b20-1361-4eb7-8009-5b844fa790cc,2026-05-17T02:15:00Z,2026-05-17T04:15:00+0200,35500.0,MW,FR,FR,forecast_load,Forecasted Load,2026-05-23T22:27:11Z
2026-05-23T22:26:36Z,2026-05-24T00:26:36+0200,35a99b20-1361-4eb7-8009-5b844fa790cc,2026-05-17T02:30:00Z,2026-05-17T04:30:00+0200,35200.0,MW,FR,FR,forecast_load,Forecasted Load,2026-05-23T22:27:11Z
2026-05-23T22:26:36Z,2026-05-24T00:26:36+0200,35a99b20-1361-4eb7-8009-5b844fa790cc,2026-05-17T02:45:00Z,2026-05-17T04:45:00+0200,35000.0,MW,FR,FR,forecast_load,Forecasted Load,2026-05-23T22:27:11Z
2026-05-23T22:26:36Z,2026-05-24T00:26:36+0200,35a99b20-1361-4eb7-8009-5b844fa790cc,2026-05-17T03:00:00Z,2026-05-17T05:00:00+0200,34800.0,MW,FR,FR,forecast_load,Forecasted Load,2026-05-23T22:27:11Z
2026-05-23T22:26:36Z,2026-05-24T00:26:36+0200,35a99b20-1361-4eb7-8009-5b844fa790cc,2026-05-17T03:15:00Z,2026-05-17T05:15:00+0200,34850.0,MW,FR,FR,forecast_load,Forecasted Load,2026-05-23T22:27:11Z
2026-05-23T22:26:36Z,2026-05-24T00:26:36+0200,35a99b20-1361-4eb7-8009-5b844fa790cc,2026-05-17T03:30:00Z,2026-05-17T05:30:00+0200,34900.0,MW,FR,FR,forecast_load,Forecasted Load,2026-05-23T22:27:11Z
2026-05-23T22:26:36Z,2026-05-24T00:26:36+0200,35a99b20-1361-4eb7-8009-5b844fa790cc,2026-05-17T03:45:00Z,2026-05-17T05:45:00+0200,34850.0,MW,FR,FR,forecast_load,Forecasted Load,2026-05-23T22:27:11Z
2026-05-23T22:26:36Z,2026-05-24T00:26:36+0200,35a99b20-1361-4eb7-8009-5b844fa790cc,2026-05-17T04:00:00Z,2026-05-17T06:00:00+0200,34800.0,MW,FR,FR,forecast_load,Forecasted Load,2026-05-23T22:27:11Z
2026-05-23T22:26:36Z,2026-05-24T00:26:36+0200,35a99b20-1361-4eb7-8009-5b844fa790cc,2026-05-17T04:15:00Z,2026-05-17T06:15:00+0200,34800.0,MW,FR,FR,forecast_load,Forecasted Load,2026-05-23T22:27:11Z
2026-05-23T22:26:36Z,2026-05-24T00:26:36+0200,35a99b20-1361-4eb7-8009-5b844fa790cc,2026-05-17T04:30:00Z,2026-05-17T06:30:00+0200,34800.0,MW,FR,FR,forecast_load,Forecasted Load,2026-05-23T22:27:11Z
2026-05-23T22:26:36Z,2026-05-24T00:26:36+0200,35a99b20-1361-4eb7-8009-5b844fa790cc,2026-05-17T04:45:00Z,2026-05-17T06:45:00+0200,34900.0,MW,FR,FR,forecast_load,Forecasted Load,2026-05-23T22:27:11Z
2026-05-23T22:26:36Z,2026-05-24T00:26:36+0200,35a99b20-1361-4eb7-8009-5b844fa790cc,2026-05-17T05:00:00Z,2026-05-17T07:00:00+0200,35000.0,MW,FR,FR,forecast_load,Forecasted Load,2026-05-23T22:27:11Z
2026-05-23T22:26:36Z,2026-05-24T00:26:36+0200,35a99b20-1361-4eb7-8009-5b844fa790cc,2026-05-17T05:15:00Z,2026-05-17T07:15:00+0200,35300.0,MW,FR,FR,forecast_load,Forecasted Load,2026-05-23T22:27:11Z
2026-05-23T22:26:36Z,2026-05-24T00:26:36+0200,35a99b20-1361-4eb7-8009-5b844fa790cc,2026-05-17T05:30:00Z,2026-05-17T07:30:00+0200,35600.0,MW,FR,FR,forecast_load,Forecasted Load,2026-05-23T22:27:11Z
2026-05-23T22:26:36Z,2026-05-24T00:26:36+0200,35a99b20-1361-4eb7-8009-5b844fa790cc,2026-05-17T05:45:00Z,2026-05-17T07:45:00+0200,35900.0,MW,FR,FR,forecast_load,Forecasted Load,2026-05-23T22:27:11Z
2026-05-23T22:26:36Z,2026-05-24T00:26:36+0200,35a99b20-1361-4eb7-8009-5b844fa790cc,2026-05-17T06:00:00Z,2026-05-17T08:00:00+0200,36200.0,MW,FR,FR,forecast_load,Forecasted Load,2026-05-23T22:27:11Z
2026-05-23T22:26:36Z,2026-05-24T00:26:36+0200,35a99b20-1361-4eb7-8009-5b844fa790cc,2026-05-17T06:15:00Z,2026-05-17T08:15:00+0200,36800.0,MW,FR,FR,forecast_load,Forecasted Load,2026-05-23T22:27:11Z
2026-05-23T22:26:36Z,2026-05-24T00:26:36+0200,35a99b20-1361-4eb7-8009-5b844fa790cc,2026-05-17T06:30:00Z,2026-05-17T08:30:00+0200,37400.0,MW,FR,FR,forecast_load,Forecasted Load,2026-05-23T22:27:11Z
2026-05-23T22:26:36Z,2026-05-24T00:26:36+0200,35a99b20-1361-4eb7-8009-5b844fa790cc,2026-05-17T06:45:00Z,2026-05-17T08:45:00+0200,38000.0,MW,FR,FR,forecast_load,Forecasted Load,2026-05-23T22:27:11Z
2026-05-23T22:26:36Z,2026-05-24T00:26:36+0200,35a99b20-1361-4eb7-8009-5b844fa790cc,2026-05-17T07:00:00Z,2026-05-17T09:00:00+0200,38600.0,MW,FR,FR,forecast_load,Forecasted Load,2026-05-23T22:27:11Z
2026-05-23T22:26:36Z,2026-05-24T00:26:36+0200,35a99b20-1361-4eb7-8009-5b844fa790cc,2026-05-17T07:15:00Z,2026-05-17T09:15:00+0200,39350.0,MW,FR,FR,forecast_load,Forecasted Load,2026-05-23T22:27:11Z
2026-05-23T22:26:36Z,2026-05-24T00:26:36+0200,35a99b20-1361-4eb7-8009-5b844fa790cc,2026-05-17T07:30:00Z,2026-05-17T09:30:00+0200,40100.0,MW,FR,FR,forecast_load,Forecasted Load,2026-05-23T22:27:11Z
2026-05-23T22:26:36Z,2026-05-24T00:26:36+0200,35a99b20-1361-4eb7-8009-5b844fa790cc,2026-05-17T07:45:00Z,2026-05-17T09:45:00+0200,40450.0,MW,FR,FR,forecast_load,Forecasted Load,2026-05-23T22:27:11Z
2026-05-23T22:26:36Z,2026-05-24T00:26:36+0200,35a99b20-1361-4eb7-8009-5b844fa790cc,2026-05-17T08:00:00Z,2026-05-17T10:00:00+0200,40800.0,MW,FR,FR,forecast_load,Forecasted Load,2026-05-23T22:27:11Z
2026-05-23T22:26:36Z,2026-05-24T00:26:36+0200,35a99b20-1361-4eb7-8009-5b844fa790cc,2026-05-17T08:15:00Z,2026-05-17T10:15:00+0200,41050.0,MW,FR,FR,forecast_load,Forecasted Load,2026-05-23T22:27:11Z
2026-05-23T22:26:36Z,2026-05-24T00:26:36+0200,35a99b20-1361-4eb7-8009-5b844fa790cc,2026-05-17T08:30:00Z,2026-05-17T10:30:00+0200,41300.0,MW,FR,FR,forecast_load,Forecasted Load,2026-05-23T22:27:11Z
2026-05-23T22:26:36Z,2026-05-24T00:26:36+0200,35a99b20-1361-4eb7-8009-5b844fa790cc,2026-05-17T08:45:00Z,2026-05-17T10:45:00+0200,41600.0,MW,FR,FR,forecast_load,Forecasted Load,2026-05-23T22:27:11Z
2026-05-23T22:26:36Z,2026-05-24T00:26:36+0200,35a99b20-1361-4eb7-8009-5b844fa790cc,2026-05-17T09:00:00Z,2026-05-17T11:00:00+0200,41900.0,MW,FR,FR,forecast_load,Forecasted Load,2026-05-23T22:27:11Z
2026-05-23T22:26:36Z,2026-05-24T00:26:36+0200,35a99b20-1361-4eb7-8009-5b844fa790cc,2026-05-17T09:15:00Z,2026-05-17T11:15:00+0200,42000.0,MW,FR,FR,forecast_load,Forecasted Load,2026-05-23T22:27:11Z
2026-05-23T22:26:36Z,2026-05-24T00:26:36+0200,35a99b20-1361-4eb7-8009-5b844fa790cc,2026-05-17T09:30:00Z,2026-05-17T11:30:00+0200,42100.0,MW,FR,FR,forecast_load,Forecasted Load,2026-05-23T22:27:11Z
2026-05-23T22:26:36Z,2026-05-24T00:26:36+0200,35a99b20-1361-4eb7-8009-5b844fa790cc,2026-05-17T09:45:00Z,2026-05-17T11:45:00+0200,42850.0,MW,FR,FR,forecast_load,Forecasted Load,2026-05-23T22:27:11Z
2026-05-23T22:26:36Z,2026-05-24T00:26:36+0200,35a99b20-1361-4eb7-8009-5b844fa790cc,2026-05-17T10:00:00Z,2026-05-17T12:00:00+0200,43600.0,MW,FR,FR,forecast_load,Forecasted Load,2026-05-23T22:27:11Z
2026-05-23T22:26:36Z,2026-05-24T00:26:36+0200,35a99b20-1361-4eb7-8009-5b844fa790cc,2026-05-17T10:15:00Z,2026-05-17T12:15:00+0200,43450.0,MW,FR,FR,forecast_load,Forecasted Load,2026-05-23T22:27:11Z
2026-05-23T22:26:36Z,2026-05-24T00:26:36+0200,35a99b20-1361-4eb7-8009-5b844fa790cc,2026-05-17T10:30:00Z,2026-05-17T12:30:00+0200,43300.0,MW,FR,FR,forecast_load,Forecasted Load,2026-05-23T22:27:11Z
2026-05-23T22:26:36Z,2026-05-24T00:26:36+0200,35a99b20-1361-4eb7-8009-5b844fa790cc,2026-05-17T10:45:00Z,2026-05-17T12:45:00+0200,43900.0,MW,FR,FR,forecast_load,Forecasted Load,2026-05-23T22:27:11Z
2026-05-23T22:26:36Z,2026-05-24T00:26:36+0200,35a99b20-1361-4eb7-8009-5b844fa790cc,2026-05-17T11:00:00Z,2026-05-17T13:00:00+0200,44500.0,MW,FR,FR,forecast_load,Forecasted Load,2026-05-23T22:27:11Z
2026-05-23T22:26:36Z,2026-05-24T00:26:36+0200,35a99b20-1361-4eb7-8009-5b844fa790cc,2026-05-17T11:15:00Z,2026-05-17T13:15:00+0200,43250.0,MW,FR,FR,forecast_load,Forecasted Load,2026-05-23T22:27:11Z
2026-05-23T22:26:36Z,2026-05-24T00:26:36+0200,35a99b20-1361-4eb7-8009-5b844fa790cc,2026-05-17T11:30:00Z,2026-05-17T13:30:00+0200,42000.0,MW,FR,FR,forecast_load,Forecasted Load,2026-05-23T22:27:11Z
2026-05-23T22:26:36Z,2026-05-24T00:26:36+0200,35a99b20-1361-4eb7-8009-5b844fa790cc,2026-05-17T11:45:00Z,2026-05-17T13:45:00+0200,41500.0,MW,FR,FR,forecast_load,Forecasted Load,2026-05-23T22:27:11Z
2026-05-23T22:26:36Z,2026-05-24T00:26:36+0200,35a99b20-1361-4eb7-8009-5b844fa790cc,2026-05-17T12:00:00Z,2026-05-17T14:00:00+0200,41000.0,MW,FR,FR,forecast_load,Forecasted Load,2026-05-23T22:27:11Z
2026-05-23T22:26:36Z,2026-05-24T00:26:36+0200,35a99b20-1361-4eb7-8009-5b844fa790cc,2026-05-17T12:15:00Z,2026-05-17T14:15:00+0200,41000.0,MW,FR,FR,forecast_load,Forecasted Load,2026-05-23T22:27:11Z
2026-05-23T22:26:36Z,2026-05-24T00:26:36+0200,35a99b20-1361-4eb7-8009-5b844fa790cc,2026-05-17T12:30:00Z,2026-05-17T14:30:00+0200,41000.0,MW,FR,FR,forecast_load,Forecasted Load,2026-05-23T22:27:11Z
2026-05-23T22:26:36Z,2026-05-24T00:26:36+0200,35a99b20-1361-4eb7-8009-5b844fa790cc,2026-05-17T12:45:00Z,2026-05-17T14:45:00+0200,40350.0,MW,FR,FR,forecast_load,Forecasted Load,2026-05-23T22:27:11Z
2026-05-23T22:26:36Z,2026-05-24T00:26:36+0200,35a99b20-1361-4eb7-8009-5b844fa790cc,2026-05-17T13:00:00Z,2026-05-17T15:00:00+0200,39700.0,MW,FR,FR,forecast_load,Forecasted Load,2026-05-23T22:27:11Z
2026-05-23T22:26:36Z,2026-05-24T00:26:36+0200,35a99b20-1361-4eb7-8009-5b844fa790cc,2026-05-17T13:15:00Z,2026-05-17T15:15:00+0200,39250.0,MW,FR,FR,forecast_load,Forecasted Load,2026-05-23T22:27:11Z
2026-05-23T22:26:36Z,2026-05-24T00:26:36+0200,35a99b20-1361-4eb7-8009-5b844fa790cc,2026-05-17T13:30:00Z,2026-05-17T15:30:00+0200,38800.0,MW,FR,FR,forecast_load,Forecasted Load,2026-05-23T22:27:11Z
2026-05-23T22:26:36Z,2026-05-24T00:26:36+0200,35a99b20-1361-4eb7-8009-5b844fa790cc,2026-05-17T13:45:00Z,2026-05-17T15:45:00+0200,38350.0,MW,FR,FR,forecast_load,Forecasted Load,2026-05-23T22:27:11Z
2026-05-23T22:26:36Z,2026-05-24T00:26:36+0200,35a99b20-1361-4eb7-8009-5b844fa790cc,2026-05-17T14:00:00Z,2026-05-17T16:00:00+0200,37900.0,MW,FR,FR,forecast_load,Forecasted Load,2026-05-23T22:27:11Z
2026-05-23T22:26:36Z,2026-05-24T00:26:36+0200,35a99b20-1361-4eb7-8009-5b844fa790cc,2026-05-17T14:15:00Z,2026-05-17T16:15:00+0200,37550.0,MW,FR,FR,forecast_load,Forecasted Load,2026-05-23T22:27:11Z
2026-05-23T22:26:36Z,2026-05-24T00:26:36+0200,35a99b20-1361-4eb7-8009-5b844fa790cc,2026-05-17T14:30:00Z,2026-05-17T16:30:00+0200,37200.0,MW,FR,FR,forecast_load,Forecasted Load,2026-05-23T22:27:11Z
2026-05-23T22:26:36Z,2026-05-24T00:26:36+0200,35a99b20-1361-4eb7-8009-5b844fa790cc,2026-05-17T14:45:00Z,2026-05-17T16:45:00+0200,37200.0,MW,FR,FR,forecast_load,Forecasted Load,2026-05-23T22:27:11Z
2026-05-23T22:26:36Z,2026-05-24T00:26:36+0200,35a99b20-1361-4eb7-8009-5b844fa790cc,2026-05-17T15:00:00Z,2026-05-17T17:00:00+0200,37200.0,MW,FR,FR,forecast_load,Forecasted Load,2026-05-23T22:27:11Z
2026-05-23T22:26:36Z,2026-05-24T00:26:36+0200,35a99b20-1361-4eb7-8009-5b844fa790cc,2026-05-17T15:15:00Z,2026-05-17T17:15:00+0200,37450.0,MW,FR,FR,forecast_load,Forecasted Load,2026-05-23T22:27:11Z
2026-05-23T22:26:36Z,2026-05-24T00:26:36+0200,35a99b20-1361-4eb7-8009-5b844fa790cc,2026-05-17T15:30:00Z,2026-05-17T17:30:00+0200,37700.0,MW,FR,FR,forecast_load,Forecasted Load,2026-05-23T22:27:11Z
2026-05-23T22:26:36Z,2026-05-24T00:26:36+0200,35a99b20-1361-4eb7-8009-5b844fa790cc,2026-05-17T15:45:00Z,2026-05-17T17:45:00+0200,38300.0,MW,FR,FR,forecast_load,Forecasted Load,2026-05-23T22:27:11Z
2026-05-23T22:26:36Z,2026-05-24T00:26:36+0200,35a99b20-1361-4eb7-8009-5b844fa790cc,2026-05-17T16:00:00Z,2026-05-17T18:00:00+0200,38900.0,MW,FR,FR,forecast_load,Forecasted Load,2026-05-23T22:27:11Z
2026-05-23T22:26:36Z,2026-05-24T00:26:36+0200,35a99b20-1361-4eb7-8009-5b844fa790cc,2026-05-17T16:15:00Z,2026-05-17T18:15:00+0200,39550.0,MW,FR,FR,forecast_load,Forecasted Load,2026-05-23T22:27:11Z
2026-05-23T22:26:36Z,2026-05-24T00:26:36+0200,35a99b20-1361-4eb7-8009-5b844fa790cc,2026-05-17T16:30:00Z,2026-05-17T18:30:00+0200,40200.0,MW,FR,FR,forecast_load,Forecasted Load,2026-05-23T22:27:11Z
2026-05-23T22:26:36Z,2026-05-24T00:26:36+0200,35a99b20-1361-4eb7-8009-5b844fa790cc,2026-05-17T16:45:00Z,2026-05-17T18:45:00+0200,41050.0,MW,FR,FR,forecast_load,Forecasted Load,2026-05-23T22:27:11Z
2026-05-23T22:26:36Z,2026-05-24T00:26:36+0200,35a99b20-1361-4eb7-8009-5b844fa790cc,2026-05-17T17:00:00Z,2026-05-17T19:00:00+0200,41900.0,MW,FR,FR,forecast_load,Forecasted Load,2026-05-23T22:27:11Z
2026-05-23T22:26:36Z,2026-05-24T00:26:36+0200,35a99b20-1361-4eb7-8009-5b844fa790cc,2026-05-17T17:15:00Z,2026-05-17T19:15:00+0200,42500.0,MW,FR,FR,forecast_load,Forecasted Load,2026-05-23T22:27:11Z
2026-05-23T22:26:36Z,2026-05-24T00:26:36+0200,35a99b20-1361-4eb7-8009-5b844fa790cc,2026-05-17T17:30:00Z,2026-05-17T19:30:00+0200,43100.0,MW,FR,FR,forecast_load,Forecasted Load,2026-05-23T22:27:11Z
2026-05-23T22:26:36Z,2026-05-24T00:26:36+0200,35a99b20-1361-4eb7-8009-5b844fa790cc,2026-05-17T17:45:00Z,2026-05-17T19:45:00+0200,42900.0,MW,FR,FR,forecast_load,Forecasted Load,2026-05-23T22:27:11Z
2026-05-23T22:26:36Z,2026-05-24T00:26:36+0200,35a99b20-1361-4eb7-8009-5b844fa790cc,2026-05-17T18:00:00Z,2026-05-17T20:00:00+0200,42700.0,MW,FR,FR,forecast_load,Forecasted Load,2026-05-23T22:27:11Z
2026-05-23T22:26:36Z,2026-05-24T00:26:36+0200,35a99b20-1361-4eb7-8009-5b844fa790cc,2026-05-17T18:15:00Z,2026-05-17T20:15:00+0200,42300.0,MW,FR,FR,forecast_load,Forecasted Load,2026-05-23T22:27:11Z
2026-05-23T22:26:36Z,2026-05-24T00:26:36+0200,35a99b20-1361-4eb7-8009-5b844fa790cc,2026-05-17T18:30:00Z,2026-05-17T20:30:00+0200,41900.0,MW,FR,FR,forecast_load,Forecasted Load,2026-05-23T22:27:11Z
2026-05-23T22:26:36Z,2026-05-24T00:26:36+0200,35a99b20-1361-4eb7-8009-5b844fa790cc,2026-05-17T18:45:00Z,2026-05-17T20:45:00+0200,41900.0,MW,FR,FR,forecast_load,Forecasted Load,2026-05-23T22:27:11Z
2026-05-23T22:26:36Z,2026-05-24T00:26:36+0200,35a99b20-1361-4eb7-8009-5b844fa790cc,2026-05-17T19:00:00Z,2026-05-17T21:00:00+0200,41900.0,MW,FR,FR,forecast_load,Forecasted Load,2026-05-23T22:27:11Z
2026-05-23T22:26:36Z,2026-05-24T00:26:36+0200,35a99b20-1361-4eb7-8009-5b844fa790cc,2026-05-17T19:15:00Z,2026-05-17T21:15:00+0200,42150.0,MW,FR,FR,forecast_load,Forecasted Load,2026-05-23T22:27:11Z
2026-05-23T22:26:36Z,2026-05-24T00:26:36+0200,35a99b20-1361-4eb7-8009-5b844fa790cc,2026-05-17T19:30:00Z,2026-05-17T21:30:00+0200,42400.0,MW,FR,FR,forecast_load,Forecasted Load,2026-05-23T22:27:11Z
2026-05-23T22:26:36Z,2026-05-24T00:26:36+0200,35a99b20-1361-4eb7-8009-5b844fa790cc,2026-05-17T19:45:00Z,2026-05-17T21:45:00+0200,42250.0,MW,FR,FR,forecast_load,Forecasted Load,2026-05-23T22:27:11Z
2026-05-23T22:26:36Z,2026-05-24T00:26:36+0200,35a99b20-1361-4eb7-8009-5b844fa790cc,2026-05-17T20:00:00Z,2026-05-17T22:00:00+0200,42100.0,MW,FR,FR,forecast_load,Forecasted Load,2026-05-23T22:27:11Z
2026-05-23T22:26:36Z,2026-05-24T00:26:36+0200,35a99b20-1361-4eb7-8009-5b844fa790cc,2026-05-17T20:15:00Z,2026-05-17T22:15:00+0200,42500.0,MW,FR,FR,forecast_load,Forecasted Load,2026-05-23T22:27:11Z
2026-05-23T22:26:36Z,2026-05-24T00:26:36+0200,35a99b20-1361-4eb7-8009-5b844fa790cc,2026-05-17T20:30:00Z,2026-05-17T22:30:00+0200,42900.0,MW,FR,FR,forecast_load,Forecasted Load,2026-05-23T22:27:11Z
2026-05-23T22:26:36Z,2026-05-24T00:26:36+0200,35a99b20-1361-4eb7-8009-5b844fa790cc,2026-05-17T20:45:00Z,2026-05-17T22:45:00+0200,43550.0,MW,FR,FR,forecast_load,Forecasted Load,2026-05-23T22:27:11Z
2026-05-23T22:26:36Z,2026-05-24T00:26:36+0200,35a99b20-1361-4eb7-8009-5b844fa790cc,2026-05-17T21:00:00Z,2026-05-17T23:00:00+0200,44200.0,MW,FR,FR,forecast_load,Forecasted Load,2026-05-23T22:27:11Z
2026-05-23T22:26:36Z,2026-05-24T00:26:36+0200,35a99b20-1361-4eb7-8009-5b844fa790cc,2026-05-17T21:15:00Z,2026-05-17T23:15:00+0200,44000.0,MW,FR,FR,forecast_load,Forecasted Load,2026-05-23T22:27:11Z
2026-05-23T22:26:36Z,2026-05-24T00:26:36+0200,35a99b20-1361-4eb7-8009-5b844fa790cc,2026-05-17T21:30:00Z,2026-05-17T23:30:00+0200,43800.0,MW,FR,FR,forecast_load,Forecasted Load,2026-05-23T22:27:11Z
2026-05-23T22:26:36Z,2026-05-24T00:26:36+0200,35a99b20-1361-4eb7-8009-5b844fa790cc,2026-05-17T21:45:00Z,2026-05-17T23:45:00+0200,43400.0,MW,FR,FR,forecast_load,Forecasted Load,2026-05-23T22:27:11Z
2026-05-23T22:26:36Z,2026-05-24T00:26:36+0200,35a99b20-1361-4eb7-8009-5b844fa790cc,2026-05-17T22:00:00Z,2026-05-18T00:00:00+0200,43000.0,MW,FR,FR,forecast_load,Forecasted Load,2026-05-23T22:27:11Z
2026-05-23T22:26:36Z,2026-05-24T00:26:36+0200,35a99b20-1361-4eb7-8009-5b844fa790cc,2026-05-17T22:15:00Z,2026-05-18T00:15:00+0200,42300.0,MW,FR,FR,forecast_load,Forecasted Load,2026-05-23T22:27:11Z
2026-05-23T22:26:36Z,2026-05-24T00:26:36+0200,35a99b20-1361-4eb7-8009-5b844fa790cc,2026-05-17T22:30:00Z,2026-05-18T00:30:00+0200,41600.0,MW,FR,FR,forecast_load,Forecasted Load,2026-05-23T22:27:11Z
2026-05-23T22:26:36Z,2026-05-24T00:26:36+0200,35a99b20-1361-4eb7-8009-5b844fa790cc,2026-05-17T22:45:00Z,2026-05-18T00:45:00+0200,40850.0,MW,FR,FR,forecast_load,Forecasted Load,2026-05-23T22:27:11Z
2026-05-23T22:26:36Z,2026-05-24T00:26:36+0200,35a99b20-1361-4eb7-8009-5b844fa790cc,2026-05-17T23:00:00Z,2026-05-18T01:00:00+0200,40100.0,MW,FR,FR,forecast_load,Forecasted Load,2026-05-23T22:27:11Z
2026-05-23T22:26:36Z,2026-05-24T00:26:36+0200,35a99b20-1361-4eb7-8009-5b844fa790cc,2026-05-17T23:15:00Z,2026-05-18T01:15:00+0200,40150.0,MW,FR,FR,forecast_load,Forecasted Load,2026-05-23T22:27:11Z
2026-05-23T22:26:36Z,2026-05-24T00:26:36+0200,35a99b20-1361-4eb7-8009-5b844fa790cc,2026-05-17T23:30:00Z,2026-05-18T01:30:00+0200,40200.0,MW,FR,FR,forecast_load,Forecasted Load,2026-05-23T22:27:11Z
2026-05-23T22:26:36Z,2026-05-24T00:26:36+0200,35a99b20-1361-4eb7-8009-5b844fa790cc,2026-05-17T23:45:00Z,2026-05-18T01:45:00+0200,39850.0,MW,FR,FR,forecast_load,Forecasted Load,2026-05-23T22:27:11Z
2026-05-23T22:26:36Z,2026-05-24T00:26:36+0200,35a99b20-1361-4eb7-8009-5b844fa790cc,2026-05-18T00:00:00Z,2026-05-18T02:00:00+0200,39500.0,MW,FR,FR,forecast_load,Forecasted Load,2026-05-23T22:27:11Z
2026-05-23T22:26:36Z,2026-05-24T00:26:36+0200,35a99b20-1361-4eb7-8009-5b844fa790cc,2026-05-18T00:15:00Z,2026-05-18T02:15:00+0200,38900.0,MW,FR,FR,forecast_load,Forecasted Load,2026-05-23T22:27:11Z
2026-05-23T22:26:36Z,2026-05-24T00:26:36+0200,35a99b20-1361-4eb7-8009-5b844fa790cc,2026-05-18T00:30:00Z,2026-05-18T02:30:00+0200,38300.0,MW,FR,FR,forecast_load,Forecasted Load,2026-05-23T22:27:11Z
2026-05-23T22:26:36Z,2026-05-24T00:26:36+0200,35a99b20-1361-4eb7-8009-5b844fa790cc,2026-05-18T00:45:00Z,2026-05-18T02:45:00+0200,37800.0,MW,FR,FR,forecast_load,Forecasted Load,2026-05-23T22:27:11Z
2026-05-23T22:26:36Z,2026-05-24T00:26:36+0200,35a99b20-1361-4eb7-8009-5b844fa790cc,2026-05-18T01:00:00Z,2026-05-18T03:00:00+0200,37300.0,MW,FR,FR,forecast_load,Forecasted Load,2026-05-23T22:27:11Z
2026-05-23T22:26:36Z,2026-05-24T00:26:36+0200,35a99b20-1361-4eb7-8009-5b844fa790cc,2026-05-18T01:15:00Z,2026-05-18T03:15:00+0200,36900.0,MW,FR,FR,forecast_load,Forecasted Load,2026-05-23T22:27:11Z
2026-05-23T22:26:36Z,2026-05-24T00:26:36+0200,35a99b20-1361-4eb7-8009-5b844fa790cc,2026-05-18T01:30:00Z,2026-05-18T03:30:00+0200,36500.0,MW,FR,FR,forecast_load,Forecasted Load,2026-05-23T22:27:11Z
2026-05-23T22:26:36Z,2026-05-24T00:26:36+0200,35a99b20-1361-4eb7-8009-5b844fa790cc,2026-05-18T01:45:00Z,2026-05-18T03:45:00+0200,36250.0,MW,FR,FR,forecast_load,Forecasted Load,2026-05-23T22:27:11Z
2026-05-23T22:26:36Z,2026-05-24T00:26:36+0200,35a99b20-1361-4eb7-8009-5b844fa790cc,2026-05-18T02:00:00Z,2026-05-18T04:00:00+0200,36000.0,MW,FR,FR,forecast_load,Forecasted Load,2026-05-23T22:27:11Z
2026-05-23T22:26:36Z,2026-05-24T00:26:36+0200,35a99b20-1361-4eb7-8009-5b844fa790cc,2026-05-18T02:15:00Z,2026-05-18T04:15:00+0200,36000.0,MW,FR,FR,forecast_load,Forecasted Load,2026-05-23T22:27:11Z
2026-05-23T22:26:36Z,2026-05-24T00:26:36+0200,35a99b20-1361-4eb7-8009-5b844fa790cc,2026-05-18T02:30:00Z,2026-05-18T04:30:00+0200,36000.0,MW,FR,FR,forecast_load,Forecasted Load,2026-05-23T22:27:11Z
2026-05-23T22:26:36Z,2026-05-24T00:26:36+0200,35a99b20-1361-4eb7-8009-5b844fa790cc,2026-05-18T02:45:00Z,2026-05-18T04:45:00+0200,36500.0,MW,FR,FR,forecast_load,Forecasted Load,2026-05-23T22:27:11Z
2026-05-23T22:26:36Z,2026-05-24T00:26:36+0200,35a99b20-1361-4eb7-8009-5b844fa790cc,2026-05-18T03:00:00Z,2026-05-18T05:00:00+0200,37000.0,MW,FR,FR,forecast_load,Forecasted Load,2026-05-23T22:27:11Z
2026-05-23T22:26:36Z,2026-05-24T00:26:36+0200,35a99b20-1361-4eb7-8009-5b844fa790cc,2026-05-18T03:15:00Z,2026-05-18T05:15:00+0200,37450.0,MW,FR,FR,forecast_load,Forecasted Load,2026-05-23T22:27:11Z
2026-05-23T22:26:36Z,2026-05-24T00:26:36+0200,35a99b20-1361-4eb7-8009-5b844fa790cc,2026-05-18T03:30:00Z,2026-05-18T05:30:00+0200,37900.0,MW,FR,FR,forecast_load,Forecasted Load,2026-05-23T22:27:11Z
2026-05-23T22:26:36Z,2026-05-24T00:26:36+0200,35a99b20-1361-4eb7-8009-5b844fa790cc,2026-05-18T03:45:00Z,2026-05-18T05:45:00+0200,38650.0,MW,FR,FR,forecast_load,Forecasted Load,2026-05-23T22:27:11Z
2026-05-23T22:26:36Z,2026-05-24T00:26:36+0200,35a99b20-1361-4eb7-8009-5b844fa790cc,2026-05-18T04:00:00Z,2026-05-18T06:00:00+0200,39400.0,MW,FR,FR,forecast_load,Forecasted Load,2026-05-23T22:27:11Z
2026-05-23T22:26:36Z,2026-05-24T00:26:36+0200,35a99b20-1361-4eb7-8009-5b844fa790cc,2026-05-18T04:15:00Z,2026-05-18T06:15:00+0200,40450.0,MW,FR,FR,forecast_load,Forecasted Load,2026-05-23T22:27:11Z
2026-05-23T22:26:36Z,2026-05-24T00:26:36+0200,35a99b20-1361-4eb7-8009-5b844fa790cc,2026-05-18T04:30:00Z,2026-05-18T06:30:00+0200,41500.0,MW,FR,FR,forecast_load,Forecasted Load,2026-05-23T22:27:11Z
2026-05-23T22:26:36Z,2026-05-24T00:26:36+0200,35a99b20-1361-4eb7-8009-5b844fa790cc,2026-05-18T04:45:00Z,2026-05-18T06:45:00+0200,42550.0,MW,FR,FR,forecast_load,Forecasted Load,2026-05-23T22:27:11Z
2026-05-23T22:26:36Z,2026-05-24T00:26:36+0200,35a99b20-1361-4eb7-8009-5b844fa790cc,2026-05-18T05:00:00Z,2026-05-18T07:00:00+0200,43600.0,MW,FR,FR,forecast_load,Forecasted Load,2026-05-23T22:27:11Z
2026-05-23T22:26:36Z,2026-05-24T00:26:36+0200,35a99b20-1361-4eb7-8009-5b844fa790cc,2026-05-18T05:15:00Z,2026-05-18T07:15:00+0200,44650.0,MW,FR,FR,forecast_load,Forecasted Load,2026-05-23T22:27:11Z
2026-05-23T22:26:36Z,2026-05-24T00:26:36+0200,35a99b20-1361-4eb7-8009-5b844fa790cc,2026-05-18T05:30:00Z,2026-05-18T07:30:00+0200,45700.0,MW,FR,FR,forecast_load,Forecasted Load,2026-05-23T22:27:11Z
2026-05-23T22:26:36Z,2026-05-24T00:26:36+0200,35a99b20-1361-4eb7-8009-5b844fa790cc,2026-05-18T05:45:00Z,2026-05-18T07:45:00+0200,46400.0,MW,FR,FR,forecast_load,Forecasted Load,2026-05-23T22:27:11Z
2026-05-23T22:26:36Z,2026-05-24T00:26:36+0200,35a99b20-1361-4eb7-8009-5b844fa790cc,2026-05-18T06:00:00Z,2026-05-18T08:00:00+0200,47100.0,MW,FR,FR,forecast_load,Forecasted Load,2026-05-23T22:27:11Z
2026-05-23T22:26:36Z,2026-05-24T00:26:36+0200,35a99b20-1361-4eb7-8009-5b844fa790cc,2026-05-18T06:15:00Z,2026-05-18T08:15:00+0200,47650.0,MW,FR,FR,forecast_load,Forecasted Load,2026-05-23T22:27:11Z
2026-05-23T22:26:36Z,2026-05-24T00:26:36+0200,35a99b20-1361-4eb7-8009-5b844fa790cc,2026-05-18T06:30:00Z,2026-05-18T08:30:00+0200,48200.0,MW,FR,FR,forecast_load,Forecasted Load,2026-05-23T22:27:11Z
2026-05-23T22:26:36Z,2026-05-24T00:26:36+0200,35a99b20-1361-4eb7-8009-5b844fa790cc,2026-05-18T06:45:00Z,2026-05-18T08:45:00+0200,48400.0,MW,FR,FR,forecast_load,Forecasted Load,2026-05-23T22:27:11Z
2026-05-23T22:26:36Z,2026-05-24T00:26:36+0200,35a99b20-1361-4eb7-8009-5b844fa790cc,2026-05-18T07:00:00Z,2026-05-18T09:00:00+0200,48600.0,MW,FR,FR,forecast_load,Forecasted Load,2026-05-23T22:27:11Z
2026-05-23T22:26:36Z,2026-05-24T00:26:36+0200,35a99b20-1361-4eb7-8009-5b844fa790cc,2026-05-18T07:15:00Z,2026-05-18T09:15:00+0200,49000.0,MW,FR,FR,forecast_load,Forecasted Load,2026-05-23T22:27:11Z
2026-05-23T22:26:36Z,2026-05-24T00:26:36+0200,35a99b20-1361-4eb7-8009-5b844fa790cc,2026-05-18T07:30:00Z,2026-05-18T09:30:00+0200,49400.0,MW,FR,FR,forecast_load,Forecasted Load,2026-05-23T22:27:11Z
2026-05-23T22:26:36Z,2026-05-24T00:26:36+0200,35a99b20-1361-4eb7-8009-5b844fa790cc,2026-05-18T07:45:00Z,2026-05-18T09:45:00+0200,49400.0,MW,FR,FR,forecast_load,Forecasted Load,2026-05-23T22:27:11Z
2026-05-23T22:26:36Z,2026-05-24T00:26:36+0200,35a99b20-1361-4eb7-8009-5b844fa790cc,2026-05-18T08:00:00Z,2026-05-18T10:00:00+0200,49400.0,MW,FR,FR,forecast_load,Forecasted Load,2026-05-23T22:27:11Z
2026-05-23T22:26:36Z,2026-05-24T00:26:36+0200,35a99b20-1361-4eb7-8009-5b844fa790cc,2026-05-18T08:15:00Z,2026-05-18T10:15:00+0200,49450.0,MW,FR,FR,forecast_load,Forecasted Load,2026-05-23T22:27:11Z
2026-05-23T22:26:36Z,2026-05-24T00:26:36+0200,35a99b20-1361-4eb7-8009-5b844fa790cc,2026-05-18T08:30:00Z,2026-05-18T10:30:00+0200,49500.0,MW,FR,FR,forecast_load,Forecasted Load,2026-05-23T22:27:11Z
2026-05-23T22:26:36Z,2026-05-24T00:26:36+0200,35a99b20-1361-4eb7-8009-5b844fa790cc,2026-05-18T08:45:00Z,2026-05-18T10:45:00+0200,49600.0,MW,FR,FR,forecast_load,Forecasted Load,2026-05-23T22:27:11Z
2026-05-23T22:26:36Z,2026-05-24T00:26:36+0200,35a99b20-1361-4eb7-8009-5b844fa790cc,2026-05-18T09:00:00Z,2026-05-18T11:00:00+0200,49700.0,MW,FR,FR,forecast_load,Forecasted Load,2026-05-23T22:27:11Z
2026-05-23T22:26:36Z,2026-05-24T00:26:36+0200,35a99b20-1361-4eb7-8009-5b844fa790cc,2026-05-18T09:15:00Z,2026-05-18T11:15:00+0200,49850.0,MW,FR,FR,forecast_load,Forecasted Load,2026-05-23T22:27:11Z
2026-05-23T22:26:36Z,2026-05-24T00:26:36+0200,35a99b20-1361-4eb7-8009-5b844fa790cc,2026-05-18T09:30:00Z,2026-05-18T11:30:00+0200,50000.0,MW,FR,FR,forecast_load,Forecasted Load,2026-05-23T22:27:11Z
2026-05-23T22:26:36Z,2026-05-24T00:26:36+0200,35a99b20-1361-4eb7-8009-5b844fa790cc,2026-05-18T09:45:00Z,2026-05-18T11:45:00+0200,50700.0,MW,FR,FR,forecast_load,Forecasted Load,2026-05-23T22:27:11Z
2026-05-23T22:26:36Z,2026-05-24T00:26:36+0200,35a99b20-1361-4eb7-8009-5b844fa790cc,2026-05-18T10:00:00Z,2026-05-18T12:00:00+0200,51400.0,MW,FR,FR,forecast_load,Forecasted Load,2026-05-23T22:27:11Z
2026-05-23T22:26:36Z,2026-05-24T00:26:36+0200,35a99b20-1361-4eb7-8009-5b844fa790cc,2026-05-18T10:15:00Z,2026-05-18T12:15:00+0200,51150.0,MW,FR,FR,forecast_load,Forecasted Load,2026-05-23T22:27:11Z
2026-05-23T22:26:36Z,2026-05-24T00:26:36+0200,35a99b20-1361-4eb7-8009-5b844fa790cc,2026-05-18T10:30:00Z,2026-05-18T12:30:00+0200,50900.0,MW,FR,FR,forecast_load,Forecasted Load,2026-05-23T22:27:11Z
2026-05-23T22:26:36Z,2026-05-24T00:26:36+0200,35a99b20-1361-4eb7-8009-5b844fa790cc,2026-05-18T10:45:00Z,2026-05-18T12:45:00+0200,51500.0,MW,FR,FR,forecast_load,Forecasted Load,2026-05-23T22:27:11Z
2026-05-23T22:26:36Z,2026-05-24T00:26:36+0200,35a99b20-1361-4eb7-8009-5b844fa790cc,2026-05-18T11:00:00Z,2026-05-18T13:00:00+0200,52100.0,MW,FR,FR,forecast_load,Forecasted Load,2026-05-23T22:27:11Z
2026-05-23T22:26:36Z,2026-05-24T00:26:36+0200,35a99b20-1361-4eb7-8009-5b844fa790cc,2026-05-18T11:15:00Z,2026-05-18T13:15:00+0200,50700.0,MW,FR,FR,forecast_load,Forecasted Load,2026-05-23T22:27:11Z
2026-05-23T22:26:36Z,2026-05-24T00:26:36+0200,35a99b20-1361-4eb7-8009-5b844fa790cc,2026-05-18T11:30:00Z,2026-05-18T13:30:00+0200,49300.0,MW,FR,FR,forecast_load,Forecasted Load,2026-05-23T22:27:11Z
2026-05-23T22:26:36Z,2026-05-24T00:26:36+0200,35a99b20-1361-4eb7-8009-5b844fa790cc,2026-05-18T11:45:00Z,2026-05-18T13:45:00+0200,49150.0,MW,FR,FR,forecast_load,Forecasted Load,2026-05-23T22:27:11Z
2026-05-23T22:26:36Z,2026-05-24T00:26:36+0200,35a99b20-1361-4eb7-8009-5b844fa790cc,2026-05-18T12:00:00Z,2026-05-18T14:00:00+0200,49000.0,MW,FR,FR,forecast_load,Forecasted Load,2026-05-23T22:27:11Z
2026-05-23T22:26:36Z,2026-05-24T00:26:36+0200,35a99b20-1361-4eb7-8009-5b844fa790cc,2026-05-18T12:15:00Z,2026-05-18T14:15:00+0200,49650.0,MW,FR,FR,forecast_load,Forecasted Load,2026-05-23T22:27:11Z
2026-05-23T22:26:36Z,2026-05-24T00:26:36+0200,35a99b20-1361-4eb7-8009-5b844fa790cc,2026-05-18T12:30:00Z,2026-05-18T14:30:00+0200,50300.0,MW,FR,FR,forecast_load,Forecasted Load,2026-05-23T22:27:11Z
2026-05-23T22:26:36Z,2026-05-24T00:26:36+0200,35a99b20-1361-4eb7-8009-5b844fa790cc,2026-05-18T12:45:00Z,2026-05-18T14:45:00+0200,49650.0,MW,FR,FR,forecast_load,Forecasted Load,2026-05-23T22:27:11Z
2026-05-23T22:26:36Z,2026-05-24T00:26:36+0200,35a99b20-1361-4eb7-8009-5b844fa790cc,2026-05-18T13:00:00Z,2026-05-18T15:00:00+0200,49000.0,MW,FR,FR,forecast_load,Forecasted Load,2026-05-23T22:27:11Z
2026-05-23T22:26:36Z,2026-05-24T00:26:36+0200,35a99b20-1361-4eb7-8009-5b844fa790cc,2026-05-18T13:15:00Z,2026-05-18T15:15:00+0200,48450.0,MW,FR,FR,forecast_load,Forecasted Load,2026-05-23T22:27:11Z
2026-05-23T22:26:36Z,2026-05-24T00:26:36+0200,35a99b20-1361-4eb7-8009-5b844fa790cc,2026-05-18T13:30:00Z,2026-05-18T15:30:00+0200,47900.0,MW,FR,FR,forecast_load,Forecasted Load,2026-05-23T22:27:11Z
2026-05-23T22:26:36Z,2026-05-24T00:26:36+0200,35a99b20-1361-4eb7-8009-5b844fa790cc,2026-05-18T13:45:00Z,2026-05-18T15:45:00+0200,47600.0,MW,FR,FR,forecast_load,Forecasted Load,2026-05-23T22:27:11Z
2026-05-23T22:26:36Z,2026-05-24T00:26:36+0200,35a99b20-1361-4eb7-8009-5b844fa790cc,2026-05-18T14:00:00Z,2026-05-18T16:00:00+0200,47300.0,MW,FR,FR,forecast_load,Forecasted Load,2026-05-23T22:27:11Z
2026-05-23T22:26:36Z,2026-05-24T00:26:36+0200,35a99b20-1361-4eb7-8009-5b844fa790cc,2026-05-18T14:15:00Z,2026-05-18T16:15:00+0200,46800.0,MW,FR,FR,forecast_load,Forecasted Load,2026-05-23T22:27:11Z
2026-05-23T22:26:36Z,2026-05-24T00:26:36+0200,35a99b20-1361-4eb7-8009-5b844fa790cc,2026-05-18T14:30:00Z,2026-05-18T16:30:00+0200,46300.0,MW,FR,FR,forecast_load,Forecasted Load,2026-05-23T22:27:11Z
2026-05-23T22:26:36Z,2026-05-24T00:26:36+0200,35a99b20-1361-4eb7-8009-5b844fa790cc,2026-05-18T14:45:00Z,2026-05-18T16:45:00+0200,45900.0,MW,FR,FR,forecast_load,Forecasted Load,2026-05-23T22:27:11Z
2026-05-23T22:26:36Z,2026-05-24T00:26:36+0200,35a99b20-1361-4eb7-8009-5b844fa790cc,2026-05-18T15:00:00Z,2026-05-18T17:00:00+0200,45500.0,MW,FR,FR,forecast_load,Forecasted Load,2026-05-23T22:27:11Z
2026-05-23T22:26:36Z,2026-05-24T00:26:36+0200,35a99b20-1361-4eb7-8009-5b844fa790cc,2026-05-18T15:15:00Z,2026-05-18T17:15:00+0200,45700.0,MW,FR,FR,forecast_load,Forecasted Load,2026-05-23T22:27:11Z
2026-05-23T22:26:36Z,2026-05-24T00:26:36+0200,35a99b20-1361-4eb7-8009-5b844fa790cc,2026-05-18T15:30:00Z,2026-05-18T17:30:00+0200,45900.0,MW,FR,FR,forecast_load,Forecasted Load,2026-05-23T22:27:11Z
2026-05-23T22:26:36Z,2026-05-24T00:26:36+0200,35a99b20-1361-4eb7-8009-5b844fa790cc,2026-05-18T15:45:00Z,2026-05-18T17:45:00+0200,46100.0,MW,FR,FR,forecast_load,Forecasted Load,2026-05-23T22:27:11Z
2026-05-23T22:26:36Z,2026-05-24T00:26:36+0200,35a99b20-1361-4eb7-8009-5b844fa790cc,2026-05-18T16:00:00Z,2026-05-18T18:00:00+0200,46300.0,MW,FR,FR,forecast_load,Forecasted Load,2026-05-23T22:27:11Z
2026-05-23T22:26:36Z,2026-05-24T00:26:36+0200,35a99b20-1361-4eb7-8009-5b844fa790cc,2026-05-18T16:15:00Z,2026-05-18T18:15:00+0200,47000.0,MW,FR,FR,forecast_load,Forecasted Load,2026-05-23T22:27:11Z
2026-05-23T22:26:36Z,2026-05-24T00:26:36+0200,35a99b20-1361-4eb7-8009-5b844fa790cc,2026-05-18T16:30:00Z,2026-05-18T18:30:00+0200,47700.0,MW,FR,FR,forecast_load,Forecasted Load,2026-05-23T22:27:11Z
2026-05-23T22:26:36Z,2026-05-24T00:26:36+0200,35a99b20-1361-4eb7-8009-5b844fa790cc,2026-05-18T16:45:00Z,2026-05-18T18:45:00+0200,48650.0,MW,FR,FR,forecast_load,Forecasted Load,2026-05-23T22:27:11Z
2026-05-23T22:26:36Z,2026-05-24T00:26:36+0200,35a99b20-1361-4eb7-8009-5b844fa790cc,2026-05-18T17:00:00Z,2026-05-18T19:00:00+0200,49600.0,MW,FR,FR,forecast_load,Forecasted Load,2026-05-23T22:27:11Z
2026-05-23T22:26:36Z,2026-05-24T00:26:36+0200,35a99b20-1361-4eb7-8009-5b844fa790cc,2026-05-18T17:15:00Z,2026-05-18T19:15:00+0200,49700.0,MW,FR,FR,forecast_load,Forecasted Load,2026-05-23T22:27:11Z
2026-05-23T22:26:36Z,2026-05-24T00:26:36+0200,35a99b20-1361-4eb7-8009-5b844fa790cc,2026-05-18T17:30:00Z,2026-05-18T19:30:00+0200,49800.0,MW,FR,FR,forecast_load,Forecasted Load,2026-05-23T22:27:11Z
2026-05-23T22:26:36Z,2026-05-24T00:26:36+0200,35a99b20-1361-4eb7-8009-5b844fa790cc,2026-05-18T17:45:00Z,2026-05-18T19:45:00+0200,49250.0,MW,FR,FR,forecast_load,Forecasted Load,2026-05-23T22:27:11Z
2026-05-23T22:26:36Z,2026-05-24T00:26:36+0200,35a99b20-1361-4eb7-8009-5b844fa790cc,2026-05-18T18:00:00Z,2026-05-18T20:00:00+0200,48700.0,MW,FR,FR,forecast_load,Forecasted Load,2026-05-23T22:27:11Z
2026-05-23T22:26:36Z,2026-05-24T00:26:36+0200,35a99b20-1361-4eb7-8009-5b844fa790cc,2026-05-18T18:15:00Z,2026-05-18T20:15:00+0200,48100.0,MW,FR,FR,forecast_load,Forecasted Load,2026-05-23T22:27:11Z
2026-05-23T22:26:36Z,2026-05-24T00:26:36+0200,35a99b20-1361-4eb7-8009-5b844fa790cc,2026-05-18T18:30:00Z,2026-05-18T20:30:00+0200,47500.0,MW,FR,FR,forecast_load,Forecasted Load,2026-05-23T22:27:11Z
2026-05-23T22:26:36Z,2026-05-24T00:26:36+0200,35a99b20-1361-4eb7-8009-5b844fa790cc,2026-05-18T18:45:00Z,2026-05-18T20:45:00+0200,46900.0,MW,FR,FR,forecast_load,Forecasted Load,2026-05-23T22:27:11Z
2026-05-23T22:26:36Z,2026-05-24T00:26:36+0200,35a99b20-1361-4eb7-8009-5b844fa790cc,2026-05-18T19:00:00Z,2026-05-18T21:00:00+0200,46300.0,MW,FR,FR,forecast_load,Forecasted Load,2026-05-23T22:27:11Z
2026-05-23T22:26:36Z,2026-05-24T00:26:36+0200,35a99b20-1361-4eb7-8009-5b844fa790cc,2026-05-18T19:15:00Z,2026-05-18T21:15:00+0200,46150.0,MW,FR,FR,forecast_load,Forecasted Load,2026-05-23T22:27:11Z
2026-05-23T22:26:36Z,2026-05-24T00:26:36+0200,35a99b20-1361-4eb7-8009-5b844fa790cc,2026-05-18T19:30:00Z,2026-05-18T21:30:00+0200,46000.0,MW,FR,FR,forecast_load,Forecasted Load,2026-05-23T22:27:11Z
2026-05-23T22:26:36Z,2026-05-24T00:26:36+0200,35a99b20-1361-4eb7-8009-5b844fa790cc,2026-05-18T19:45:00Z,2026-05-18T21:45:00+0200,45550.0,MW,FR,FR,forecast_load,Forecasted Load,2026-05-23T22:27:11Z
2026-05-23T22:26:36Z,2026-05-24T00:26:36+0200,35a99b20-1361-4eb7-8009-5b844fa790cc,2026-05-18T20:00:00Z,2026-05-18T22:00:00+0200,45100.0,MW,FR,FR,forecast_load,Forecasted Load,2026-05-23T22:27:11Z
2026-05-23T22:26:36Z,2026-05-24T00:26:36+0200,35a99b20-1361-4eb7-8009-5b844fa790cc,2026-05-18T20:15:00Z,2026-05-18T22:15:00+0200,45600.0,MW,FR,FR,forecast_load,Forecasted Load,2026-05-23T22:27:11Z
2026-05-23T22:26:36Z,2026-05-24T00:26:36+0200,35a99b20-1361-4eb7-8009-5b844fa790cc,2026-05-18T20:30:00Z,2026-05-18T22:30:00+0200,46100.0,MW,FR,FR,forecast_load,Forecasted Load,2026-05-23T22:27:11Z
2026-05-23T22:26:36Z,2026-05-24T00:26:36+0200,35a99b20-1361-4eb7-8009-5b844fa790cc,2026-05-18T20:45:00Z,2026-05-18T22:45:00+0200,46700.0,MW,FR,FR,forecast_load,Forecasted Load,2026-05-23T22:27:11Z
2026-05-23T22:26:36Z,2026-05-24T00:26:36+0200,35a99b20-1361-4eb7-8009-5b844fa790cc,2026-05-18T21:00:00Z,2026-05-18T23:00:00+0200,47300.0,MW,FR,FR,forecast_load,Forecasted Load,2026-05-23T22:27:11Z
2026-05-23T22:26:36Z,2026-05-24T00:26:36+0200,35a99b20-1361-4eb7-8009-5b844fa790cc,2026-05-18T21:15:00Z,2026-05-18T23:15:00+0200,46650.0,MW,FR,FR,forecast_load,Forecasted Load,2026-05-23T22:27:11Z
2026-05-23T22:26:36Z,2026-05-24T00:26:36+0200,35a99b20-1361-4eb7-8009-5b844fa790cc,2026-05-18T21:30:00Z,2026-05-18T23:30:00+0200,46000.0,MW,FR,FR,forecast_load,Forecasted Load,2026-05-23T22:27:11Z
2026-05-23T22:26:36Z,2026-05-24T00:26:36+0200,35a99b20-1361-4eb7-8009-5b844fa790cc,2026-05-18T21:45:00Z,2026-05-18T23:45:00+0200,45600.0,MW,FR,FR,forecast_load,Forecasted Load,2026-05-23T22:27:11Z
2026-05-23T22:26:36Z,2026-05-24T00:26:36+0200,35a99b20-1361-4eb7-8009-5b844fa790cc,2026-05-18T22:00:00Z,2026-05-19T00:00:00+0200,44940.0,MW,FR,FR,forecast_load,Forecasted Load,2026-05-23T22:27:11Z
2026-05-23T22:26:36Z,2026-05-24T00:26:36+0200,35a99b20-1361-4eb7-8009-5b844fa790cc,2026-05-18T22:15:00Z,2026-05-19T00:15:00+0200,44274.5,MW,FR,FR,forecast_load,Forecasted Load,2026-05-23T22:27:11Z
2026-05-23T22:26:36Z,2026-05-24T00:26:36+0200,35a99b20-1361-4eb7-8009-5b844fa790cc,2026-05-18T22:30:00Z,2026-05-19T00:30:00+0200,43609.0,MW,FR,FR,forecast_load,Forecasted Load,2026-05-23T22:27:11Z
2026-05-23T22:26:36Z,2026-05-24T00:26:36+0200,35a99b20-1361-4eb7-8009-5b844fa790cc,2026-05-18T22:45:00Z,2026-05-19T00:45:00+0200,42676.5,MW,FR,FR,forecast_load,Forecasted Load,2026-05-23T22:27:11Z
2026-05-23T22:26:36Z,2026-05-24T00:26:36+0200,35a99b20-1361-4eb7-8009-5b844fa790cc,2026-05-18T23:00:00Z,2026-05-19T01:00:00+0200,41744.0,MW,FR,FR,forecast_load,Forecasted Load,2026-05-23T22:27:11Z
2026-05-23T22:26:36Z,2026-05-24T00:26:36+0200,35a99b20-1361-4eb7-8009-5b844fa790cc,2026-05-18T23:15:00Z,2026-05-19T01:15:00+0200,41836.5,MW,FR,FR,forecast_load,Forecasted Load,2026-05-23T22:27:11Z
2026-05-23T22:26:36Z,2026-05-24T00:26:36+0200,35a99b20-1361-4eb7-8009-5b844fa790cc,2026-05-18T23:30:00Z,2026-05-19T01:30:00+0200,41929.0,MW,FR,FR,forecast_load,Forecasted Load,2026-05-23T22:27:11Z
2026-05-23T22:26:36Z,2026-05-24T00:26:36+0200,35a99b20-1361-4eb7-8009-5b844fa790cc,2026-05-18T23:45:00Z,2026-05-19T01:45:00+0200,41470.0,MW,FR,FR,forecast_load,Forecasted Load,2026-05-23T22:27:11Z
2026-05-23T22:26:36Z,2026-05-24T00:26:36+0200,35a99b20-1361-4eb7-8009-5b844fa790cc,2026-05-19T00:00:00Z,2026-05-19T02:00:00+0200,41011.0,MW,FR,FR,forecast_load,Forecasted Load,2026-05-23T22:27:11Z
2026-05-23T22:26:36Z,2026-05-24T00:26:36+0200,35a99b20-1361-4eb7-8009-5b844fa790cc,2026-05-19T00:15:00Z,2026-05-19T02:15:00+0200,40143.0,MW,FR,FR,forecast_load,Forecasted Load,2026-05-23T22:27:11Z
2026-05-23T22:26:36Z,2026-05-24T00:26:36+0200,35a99b20-1361-4eb7-8009-5b844fa790cc,2026-05-19T00:30:00Z,2026-05-19T02:30:00+0200,39275.0,MW,FR,FR,forecast_load,Forecasted Load,2026-05-23T22:27:11Z
2026-05-23T22:26:36Z,2026-05-24T00:26:36+0200,35a99b20-1361-4eb7-8009-5b844fa790cc,2026-05-19T00:45:00Z,2026-05-19T02:45:00+0200,38611.5,MW,FR,FR,forecast_load,Forecasted Load,2026-05-23T22:27:11Z
2026-05-23T22:26:36Z,2026-05-24T00:26:36+0200,35a99b20-1361-4eb7-8009-5b844fa790cc,2026-05-19T01:00:00Z,2026-05-19T03:00:00+0200,37948.0,MW,FR,FR,forecast_load,Forecasted Load,2026-05-23T22:27:11Z
2026-05-23T22:26:36Z,2026-05-24T00:26:36+0200,35a99b20-1361-4eb7-8009-5b844fa790cc,2026-05-19T01:15:00Z,2026-05-19T03:15:00+0200,37424.0,MW,FR,FR,forecast_load,Forecasted Load,2026-05-23T22:27:11Z
2026-05-23T22:26:36Z,2026-05-24T00:26:36+0200,35a99b20-1361-4eb7-8009-5b844fa790cc,2026-05-19T01:30:00Z,2026-05-19T03:30:00+0200,36900.0,MW,FR,FR,forecast_load,Forecasted Load,2026-05-23T22:27:11Z
2026-05-23T22:26:36Z,2026-05-24T00:26:36+0200,35a99b20-1361-4eb7-8009-5b844fa790cc,2026-05-19T01:45:00Z,2026-05-19T03:45:00+0200,36697.0,MW,FR,FR,forecast_load,Forecasted Load,2026-05-23T22:27:11Z
2026-05-23T22:26:36Z,2026-05-24T00:26:36+0200,35a99b20-1361-4eb7-8009-5b844fa790cc,2026-05-19T02:00:00Z,2026-05-19T04:00:00+0200,36494.0,MW,FR,FR,forecast_load,Forecasted Load,2026-05-23T22:27:11Z
2026-05-23T22:26:36Z,2026-05-24T00:26:36+0200,35a99b20-1361-4eb7-8009-5b844fa790cc,2026-05-19T02:15:00Z,2026-05-19T04:15:00+0200,36560.0,MW,FR,FR,forecast_load,Forecasted Load,2026-05-23T22:27:11Z
2026-05-23T22:26:36Z,2026-05-24T00:26:36+0200,35a99b20-1361-4eb7-8009-5b844fa790cc,2026-05-19T02:30:00Z,2026-05-19T04:30:00+0200,36626.0,MW,FR,FR,forecast_load,Forecasted Load,2026-05-23T22:27:11Z
2026-05-23T22:26:36Z,2026-05-24T00:26:36+0200,35a99b20-1361-4eb7-8009-5b844fa790cc,2026-05-19T02:45:00Z,2026-05-19T04:45:00+0200,36910.5,MW,FR,FR,forecast_load,Forecasted Load,2026-05-23T22:27:11Z
2026-05-23T22:26:36Z,2026-05-24T00:26:36+0200,35a99b20-1361-4eb7-8009-5b844fa790cc,2026-05-19T03:00:00Z,2026-05-19T05:00:00+0200,37195.0,MW,FR,FR,forecast_load,Forecasted Load,2026-05-23T22:27:11Z
2026-05-23T22:26:36Z,2026-05-24T00:26:36+0200,35a99b20-1361-4eb7-8009-5b844fa790cc,2026-05-19T03:15:00Z,2026-05-19T05:15:00+0200,37754.0,MW,FR,FR,forecast_load,Forecasted Load,2026-05-23T22:27:11Z
2026-05-23T22:26:36Z,2026-05-24T00:26:36+0200,35a99b20-1361-4eb7-8009-5b844fa790cc,2026-05-19T03:30:00Z,2026-05-19T05:30:00+0200,38313.0,MW,FR,FR,forecast_load,Forecasted Load,2026-05-23T22:27:11Z
2026-05-23T22:26:36Z,2026-05-24T00:26:36+0200,35a99b20-1361-4eb7-8009-5b844fa790cc,2026-05-19T03:45:00Z,2026-05-19T05:45:00+0200,38851.0,MW,FR,FR,forecast_load,Forecasted Load,2026-05-23T22:27:11Z
2026-05-23T22:26:36Z,2026-05-24T00:26:36+0200,35a99b20-1361-4eb7-8009-5b844fa790cc,2026-05-19T04:00:00Z,2026-05-19T06:00:00+0200,39389.0,MW,FR,FR,forecast_load,Forecasted Load,2026-05-23T22:27:11Z
2026-05-23T22:26:36Z,2026-05-24T00:26:36+0200,35a99b20-1361-4eb7-8009-5b844fa790cc,2026-05-19T04:15:00Z,2026-05-19T06:15:00+0200,40557.5,MW,FR,FR,forecast_load,Forecasted Load,2026-05-23T22:27:11Z
2026-05-23T22:26:36Z,2026-05-24T00:26:36+0200,35a99b20-1361-4eb7-8009-5b844fa790cc,2026-05-19T04:30:00Z,2026-05-19T06:30:00+0200,41726.0,MW,FR,FR,forecast_load,Forecasted Load,2026-05-23T22:27:11Z
2026-05-23T22:26:36Z,2026-05-24T00:26:36+0200,35a99b20-1361-4eb7-8009-5b844fa790cc,2026-05-19T04:45:00Z,2026-05-19T06:45:00+0200,42666.0,MW,FR,FR,forecast_load,Forecasted Load,2026-05-23T22:27:11Z
2026-05-23T22:26:36Z,2026-05-24T00:26:36+0200,35a99b20-1361-4eb7-8009-5b844fa790cc,2026-05-19T05:00:00Z,2026-05-19T07:00:00+0200,43606.0,MW,FR,FR,forecast_load,Forecasted Load,2026-05-23T22:27:11Z
2026-05-23T22:26:36Z,2026-05-24T00:26:36+0200,35a99b20-1361-4eb7-8009-5b844fa790cc,2026-05-19T05:15:00Z,2026-05-19T07:15:00+0200,44540.0,MW,FR,FR,forecast_load,Forecasted Load,2026-05-23T22:27:11Z
2026-05-23T22:26:36Z,2026-05-24T00:26:36+0200,35a99b20-1361-4eb7-8009-5b844fa790cc,2026-05-19T05:30:00Z,2026-05-19T07:30:00+0200,45474.0,MW,FR,FR,forecast_load,Forecasted Load,2026-05-23T22:27:11Z
2026-05-23T22:26:36Z,2026-05-24T00:26:36+0200,35a99b20-1361-4eb7-8009-5b844fa790cc,2026-05-19T05:45:00Z,2026-05-19T07:45:00+0200,46005.0,MW,FR,FR,forecast_load,Forecasted Load,2026-05-23T22:27:11Z
2026-05-23T22:26:36Z,2026-05-24T00:26:36+0200,35a99b20-1361-4eb7-8009-5b844fa790cc,2026-05-19T06:00:00Z,2026-05-19T08:00:00+0200,46536.0,MW,FR,FR,forecast_load,Forecasted Load,2026-05-23T22:27:11Z
2026-05-23T22:26:36Z,2026-05-24T00:26:36+0200,35a99b20-1361-4eb7-8009-5b844fa790cc,2026-05-19T06:15:00Z,2026-05-19T08:15:00+0200,46937.0,MW,FR,FR,forecast_load,Forecasted Load,2026-05-23T22:27:11Z
2026-05-23T22:26:36Z,2026-05-24T00:26:36+0200,35a99b20-1361-4eb7-8009-5b844fa790cc,2026-05-19T06:30:00Z,2026-05-19T08:30:00+0200,47338.0,MW,FR,FR,forecast_load,Forecasted Load,2026-05-23T22:27:11Z
2026-05-23T22:26:36Z,2026-05-24T00:26:36+0200,35a99b20-1361-4eb7-8009-5b844fa790cc,2026-05-19T06:45:00Z,2026-05-19T08:45:00+0200,47697.0,MW,FR,FR,forecast_load,Forecasted Load,2026-05-23T22:27:11Z
2026-05-23T22:26:36Z,2026-05-24T00:26:36+0200,35a99b20-1361-4eb7-8009-5b844fa790cc,2026-05-19T07:00:00Z,2026-05-19T09:00:00+0200,48056.0,MW,FR,FR,forecast_load,Forecasted Load,2026-05-23T22:27:11Z
2026-05-23T22:26:36Z,2026-05-24T00:26:36+0200,35a99b20-1361-4eb7-8009-5b844fa790cc,2026-05-19T07:15:00Z,2026-05-19T09:15:00+0200,47945.5,MW,FR,FR,forecast_load,Forecasted Load,2026-05-23T22:27:11Z
2026-05-23T22:26:36Z,2026-05-24T00:26:36+0200,35a99b20-1361-4eb7-8009-5b844fa790cc,2026-05-19T07:30:00Z,2026-05-19T09:30:00+0200,47835.0,MW,FR,FR,forecast_load,Forecasted Load,2026-05-23T22:27:11Z
2026-05-23T22:26:36Z,2026-05-24T00:26:36+0200,35a99b20-1361-4eb7-8009-5b844fa790cc,2026-05-19T07:45:00Z,2026-05-19T09:45:00+0200,47867.0,MW,FR,FR,forecast_load,Forecasted Load,2026-05-23T22:27:11Z
2026-05-23T22:26:36Z,2026-05-24T00:26:36+0200,35a99b20-1361-4eb7-8009-5b844fa790cc,2026-05-19T08:00:00Z,2026-05-19T10:00:00+0200,47899.0,MW,FR,FR,forecast_load,Forecasted Load,2026-05-23T22:27:11Z
2026-05-23T22:26:36Z,2026-05-24T00:26:36+0200,35a99b20-1361-4eb7-8009-5b844fa790cc,2026-05-19T08:15:00Z,2026-05-19T10:15:00+0200,47763.5,MW,FR,FR,forecast_load,Forecasted Load,2026-05-23T22:27:11Z
2026-05-23T22:26:36Z,2026-05-24T00:26:36+0200,35a99b20-1361-4eb7-8009-5b844fa790cc,2026-05-19T08:30:00Z,2026-05-19T10:30:00+0200,47628.0,MW,FR,FR,forecast_load,Forecasted Load,2026-05-23T22:27:11Z
2026-05-23T22:26:36Z,2026-05-24T00:26:36+0200,35a99b20-1361-4eb7-8009-5b844fa790cc,2026-05-19T08:45:00Z,2026-05-19T10:45:00+0200,47668.5,MW,FR,FR,forecast_load,Forecasted Load,2026-05-23T22:27:11Z
2026-05-23T22:26:36Z,2026-05-24T00:26:36+0200,35a99b20-1361-4eb7-8009-5b844fa790cc,2026-05-19T09:00:00Z,2026-05-19T11:00:00+0200,47709.0,MW,FR,FR,forecast_load,Forecasted Load,2026-05-23T22:27:11Z
2026-05-23T22:26:36Z,2026-05-24T00:26:36+0200,35a99b20-1361-4eb7-8009-5b844fa790cc,2026-05-19T09:15:00Z,2026-05-19T11:15:00+0200,47917.5,MW,FR,FR,forecast_load,Forecasted Load,2026-05-23T22:27:11Z
2026-05-23T22:26:36Z,2026-05-24T00:26:36+0200,35a99b20-1361-4eb7-8009-5b844fa790cc,2026-05-19T09:30:00Z,2026-05-19T11:30:00+0200,48126.0,MW,FR,FR,forecast_load,Forecasted Load,2026-05-23T22:27:11Z
2026-05-23T22:26:36Z,2026-05-24T00:26:36+0200,35a99b20-1361-4eb7-8009-5b844fa790cc,2026-05-19T09:45:00Z,2026-05-19T11:45:00+0200,48493.5,MW,FR,FR,forecast_load,Forecasted Load,2026-05-23T22:27:11Z
2026-05-23T22:26:36Z,2026-05-24T00:26:36+0200,35a99b20-1361-4eb7-8009-5b844fa790cc,2026-05-19T10:00:00Z,2026-05-19T12:00:00+0200,48861.0,MW,FR,FR,forecast_load,Forecasted Load,2026-05-23T22:27:11Z
2026-05-23T22:26:36Z,2026-05-24T00:26:36+0200,35a99b20-1361-4eb7-8009-5b844fa790cc,2026-05-19T10:15:00Z,2026-05-19T12:15:00+0200,48649.0,MW,FR,FR,forecast_load,Forecasted Load,2026-05-23T22:27:11Z
2026-05-23T22:26:36Z,2026-05-24T00:26:36+0200,35a99b20-1361-4eb7-8009-5b844fa790cc,2026-05-19T10:30:00Z,2026-05-19T12:30:00+0200,48437.0,MW,FR,FR,forecast_load,Forecasted Load,2026-05-23T22:27:11Z
2026-05-23T22:26:36Z,2026-05-24T00:26:36+0200,35a99b20-1361-4eb7-8009-5b844fa790cc,2026-05-19T10:45:00Z,2026-05-19T12:45:00+0200,49003.0,MW,FR,FR,forecast_load,Forecasted Load,2026-05-23T22:27:11Z
2026-05-23T22:26:36Z,2026-05-24T00:26:36+0200,35a99b20-1361-4eb7-8009-5b844fa790cc,2026-05-19T11:00:00Z,2026-05-19T13:00:00+0200,49569.0,MW,FR,FR,forecast_load,Forecasted Load,2026-05-23T22:27:11Z
2026-05-23T22:26:36Z,2026-05-24T00:26:36+0200,35a99b20-1361-4eb7-8009-5b844fa790cc,2026-05-19T11:15:00Z,2026-05-19T13:15:00+0200,48358.5,MW,FR,FR,forecast_load,Forecasted Load,2026-05-23T22:27:11Z
2026-05-23T22:26:36Z,2026-05-24T00:26:36+0200,35a99b20-1361-4eb7-8009-5b844fa790cc,2026-05-19T11:30:00Z,2026-05-19T13:30:00+0200,47148.0,MW,FR,FR,forecast_load,Forecasted Load,2026-05-23T22:27:11Z
2026-05-23T22:26:36Z,2026-05-24T00:26:36+0200,35a99b20-1361-4eb7-8009-5b844fa790cc,2026-05-19T11:45:00Z,2026-05-19T13:45:00+0200,46917.0,MW,FR,FR,forecast_load,Forecasted Load,2026-05-23T22:27:11Z
2026-05-23T22:26:36Z,2026-05-24T00:26:36+0200,35a99b20-1361-4eb7-8009-5b844fa790cc,2026-05-19T12:00:00Z,2026-05-19T14:00:00+0200,46686.0,MW,FR,FR,forecast_load,Forecasted Load,2026-05-23T22:27:11Z
2026-05-23T22:26:36Z,2026-05-24T00:26:36+0200,35a99b20-1361-4eb7-8009-5b844fa790cc,2026-05-19T12:15:00Z,2026-05-19T14:15:00+0200,47547.5,MW,FR,FR,forecast_load,Forecasted Load,2026-05-23T22:27:11Z
2026-05-23T22:26:36Z,2026-05-24T00:26:36+0200,35a99b20-1361-4eb7-8009-5b844fa790cc,2026-05-19T12:30:00Z,2026-05-19T14:30:00+0200,48409.0,MW,FR,FR,forecast_load,Forecasted Load,2026-05-23T22:27:11Z
2026-05-23T22:26:36Z,2026-05-24T00:26:36+0200,35a99b20-1361-4eb7-8009-5b844fa790cc,2026-05-19T12:45:00Z,2026-05-19T14:45:00+0200,47621.5,MW,FR,FR,forecast_load,Forecasted Load,2026-05-23T22:27:11Z
2026-05-23T22:26:36Z,2026-05-24T00:26:36+0200,35a99b20-1361-4eb7-8009-5b844fa790cc,2026-05-19T13:00:00Z,2026-05-19T15:00:00+0200,46834.0,MW,FR,FR,forecast_load,Forecasted Load,2026-05-23T22:27:11Z
2026-05-23T22:26:36Z,2026-05-24T00:26:36+0200,35a99b20-1361-4eb7-8009-5b844fa790cc,2026-05-19T13:15:00Z,2026-05-19T15:15:00+0200,46547.5,MW,FR,FR,forecast_load,Forecasted Load,2026-05-23T22:27:11Z
2026-05-23T22:26:36Z,2026-05-24T00:26:36+0200,35a99b20-1361-4eb7-8009-5b844fa790cc,2026-05-19T13:30:00Z,2026-05-19T15:30:00+0200,46261.0,MW,FR,FR,forecast_load,Forecasted Load,2026-05-23T22:27:11Z
2026-05-23T22:26:36Z,2026-05-24T00:26:36+0200,35a99b20-1361-4eb7-8009-5b844fa790cc,2026-05-19T13:45:00Z,2026-05-19T15:45:00+0200,45636.5,MW,FR,FR,forecast_load,Forecasted Load,2026-05-23T22:27:11Z
2026-05-23T22:26:36Z,2026-05-24T00:26:36+0200,35a99b20-1361-4eb7-8009-5b844fa790cc,2026-05-19T14:00:00Z,2026-05-19T16:00:00+0200,45012.0,MW,FR,FR,forecast_load,Forecasted Load,2026-05-23T22:27:11Z
2026-05-23T22:26:36Z,2026-05-24T00:26:36+0200,35a99b20-1361-4eb7-8009-5b844fa790cc,2026-05-19T14:15:00Z,2026-05-19T16:15:00+0200,44277.0,MW,FR,FR,forecast_load,Forecasted Load,2026-05-23T22:27:11Z
2026-05-23T22:26:36Z,2026-05-24T00:26:36+0200,35a99b20-1361-4eb7-8009-5b844fa790cc,2026-05-19T14:30:00Z,2026-05-19T16:30:00+0200,43542.0,MW,FR,FR,forecast_load,Forecasted Load,2026-05-23T22:27:11Z
2026-05-23T22:26:36Z,2026-05-24T00:26:36+0200,35a99b20-1361-4eb7-8009-5b844fa790cc,2026-05-19T14:45:00Z,2026-05-19T16:45:00+0200,43428.5,MW,FR,FR,forecast_load,Forecasted Load,2026-05-23T22:27:11Z
2026-05-23T22:26:36Z,2026-05-24T00:26:36+0200,35a99b20-1361-4eb7-8009-5b844fa790cc,2026-05-19T15:00:00Z,2026-05-19T17:00:00+0200,43315.0,MW,FR,FR,forecast_load,Forecasted Load,2026-05-23T22:27:11Z
2026-05-23T22:26:36Z,2026-05-24T00:26:36+0200,35a99b20-1361-4eb7-8009-5b844fa790cc,2026-05-19T15:15:00Z,2026-05-19T17:15:00+0200,43711.0,MW,FR,FR,forecast_load,Forecasted Load,2026-05-23T22:27:11Z
2026-05-23T22:26:36Z,2026-05-24T00:26:36+0200,35a99b20-1361-4eb7-8009-5b844fa790cc,2026-05-19T15:30:00Z,2026-05-19T17:30:00+0200,44107.0,MW,FR,FR,forecast_load,Forecasted Load,2026-05-23T22:27:11Z
2026-05-23T22:26:36Z,2026-05-24T00:26:36+0200,35a99b20-1361-4eb7-8009-5b844fa790cc,2026-05-19T15:45:00Z,2026-05-19T17:45:00+0200,44414.0,MW,FR,FR,forecast_load,Forecasted Load,2026-05-23T22:27:11Z
2026-05-23T22:26:36Z,2026-05-24T00:26:36+0200,35a99b20-1361-4eb7-8009-5b844fa790cc,2026-05-19T16:00:00Z,2026-05-19T18:00:00+0200,44721.0,MW,FR,FR,forecast_load,Forecasted Load,2026-05-23T22:27:11Z
2026-05-23T22:26:36Z,2026-05-24T00:26:36+0200,35a99b20-1361-4eb7-8009-5b844fa790cc,2026-05-19T16:15:00Z,2026-05-19T18:15:00+0200,45213.0,MW,FR,FR,forecast_load,Forecasted Load,2026-05-23T22:27:11Z
2026-05-23T22:26:36Z,2026-05-24T00:26:36+0200,35a99b20-1361-4eb7-8009-5b844fa790cc,2026-05-19T16:30:00Z,2026-05-19T18:30:00+0200,45705.0,MW,FR,FR,forecast_load,Forecasted Load,2026-05-23T22:27:11Z
2026-05-23T22:26:36Z,2026-05-24T00:26:36+0200,35a99b20-1361-4eb7-8009-5b844fa790cc,2026-05-19T16:45:00Z,2026-05-19T18:45:00+0200,46738.0,MW,FR,FR,forecast_load,Forecasted Load,2026-05-23T22:27:11Z
2026-05-23T22:26:36Z,2026-05-24T00:26:36+0200,35a99b20-1361-4eb7-8009-5b844fa790cc,2026-05-19T17:00:00Z,2026-05-19T19:00:00+0200,47771.0,MW,FR,FR,forecast_load,Forecasted Load,2026-05-23T22:27:11Z
2026-05-23T22:26:36Z,2026-05-24T00:26:36+0200,35a99b20-1361-4eb7-8009-5b844fa790cc,2026-05-19T17:15:00Z,2026-05-19T19:15:00+0200,47660.0,MW,FR,FR,forecast_load,Forecasted Load,2026-05-23T22:27:11Z
2026-05-23T22:26:36Z,2026-05-24T00:26:36+0200,35a99b20-1361-4eb7-8009-5b844fa790cc,2026-05-19T17:30:00Z,2026-05-19T19:30:00+0200,47549.0,MW,FR,FR,forecast_load,Forecasted Load,2026-05-23T22:27:11Z
2026-05-23T22:26:36Z,2026-05-24T00:26:36+0200,35a99b20-1361-4eb7-8009-5b844fa790cc,2026-05-19T17:45:00Z,2026-05-19T19:45:00+0200,47256.0,MW,FR,FR,forecast_load,Forecasted Load,2026-05-23T22:27:11Z
2026-05-23T22:26:36Z,2026-05-24T00:26:36+0200,35a99b20-1361-4eb7-8009-5b844fa790cc,2026-05-19T18:00:00Z,2026-05-19T20:00:00+0200,46963.0,MW,FR,FR,forecast_load,Forecasted Load,2026-05-23T22:27:11Z
2026-05-23T22:26:36Z,2026-05-24T00:26:36+0200,35a99b20-1361-4eb7-8009-5b844fa790cc,2026-05-19T18:15:00Z,2026-05-19T20:15:00+0200,46285.0,MW,FR,FR,forecast_load,Forecasted Load,2026-05-23T22:27:11Z
2026-05-23T22:26:36Z,2026-05-24T00:26:36+0200,35a99b20-1361-4eb7-8009-5b844fa790cc,2026-05-19T18:30:00Z,2026-05-19T20:30:00+0200,45607.0,MW,FR,FR,forecast_load,Forecasted Load,2026-05-23T22:27:11Z
2026-05-23T22:26:36Z,2026-05-24T00:26:36+0200,35a99b20-1361-4eb7-8009-5b844fa790cc,2026-05-19T18:45:00Z,2026-05-19T20:45:00+0200,45225.5,MW,FR,FR,forecast_load,Forecasted Load,2026-05-23T22:27:11Z
2026-05-23T22:26:36Z,2026-05-24T00:26:36+0200,35a99b20-1361-4eb7-8009-5b844fa790cc,2026-05-19T19:00:00Z,2026-05-19T21:00:00+0200,44844.0,MW,FR,FR,forecast_load,Forecasted Load,2026-05-23T22:27:11Z
2026-05-23T22:26:36Z,2026-05-24T00:26:36+0200,35a99b20-1361-4eb7-8009-5b844fa790cc,2026-05-19T19:15:00Z,2026-05-19T21:15:00+0200,44722.0,MW,FR,FR,forecast_load,Forecasted Load,2026-05-23T22:27:11Z
2026-05-23T22:26:36Z,2026-05-24T00:26:36+0200,35a99b20-1361-4eb7-8009-5b844fa790cc,2026-05-19T19:30:00Z,2026-05-19T21:30:00+0200,44600.0,MW,FR,FR,forecast_load,Forecasted Load,2026-05-23T22:27:11Z
2026-05-23T22:26:36Z,2026-05-24T00:26:36+0200,35a99b20-1361-4eb7-8009-5b844fa790cc,2026-05-19T19:45:00Z,2026-05-19T21:45:00+0200,44199.5,MW,FR,FR,forecast_load,Forecasted Load,2026-05-23T22:27:11Z
2026-05-23T22:26:36Z,2026-05-24T00:26:36+0200,35a99b20-1361-4eb7-8009-5b844fa790cc,2026-05-19T20:00:00Z,2026-05-19T22:00:00+0200,43799.0,MW,FR,FR,forecast_load,Forecasted Load,2026-05-23T22:27:11Z
2026-05-23T22:26:36Z,2026-05-24T00:26:36+0200,35a99b20-1361-4eb7-8009-5b844fa790cc,2026-05-19T20:15:00Z,2026-05-19T22:15:00+0200,44124.0,MW,FR,FR,forecast_load,Forecasted Load,2026-05-23T22:27:11Z
2026-05-23T22:26:36Z,2026-05-24T00:26:36+0200,35a99b20-1361-4eb7-8009-5b844fa790cc,2026-05-19T20:30:00Z,2026-05-19T22:30:00+0200,44449.0,MW,FR,FR,forecast_load,Forecasted Load,2026-05-23T22:27:11Z
2026-05-23T22:26:36Z,2026-05-24T00:26:36+0200,35a99b20-1361-4eb7-8009-5b844fa790cc,2026-05-19T20:45:00Z,2026-05-19T22:45:00+0200,45167.5,MW,FR,FR,forecast_load,Forecasted Load,2026-05-23T22:27:11Z
2026-05-23T22:26:36Z,2026-05-24T00:26:36+0200,35a99b20-1361-4eb7-8009-5b844fa790cc,2026-05-19T21:00:00Z,2026-05-19T23:00:00+0200,45886.0,MW,FR,FR,forecast_load,Forecasted Load,2026-05-23T22:27:11Z
2026-05-23T22:26:36Z,2026-05-24T00:26:36+0200,35a99b20-1361-4eb7-8009-5b844fa790cc,2026-05-19T21:15:00Z,2026-05-19T23:15:00+0200,45180.0,MW,FR,FR,forecast_load,Forecasted Load,2026-05-23T22:27:11Z
2026-05-23T22:26:36Z,2026-05-24T00:26:36+0200,35a99b20-1361-4eb7-8009-5b844fa790cc,2026-05-19T21:30:00Z,2026-05-19T23:30:00+0200,44474.0,MW,FR,FR,forecast_load,Forecasted Load,2026-05-23T22:27:11Z
2026-05-23T22:26:36Z,2026-05-24T00:26:36+0200,35a99b20-1361-4eb7-8009-5b844fa790cc,2026-05-19T21:45:00Z,2026-05-19T23:45:00+0200,43841.5,MW,FR,FR,forecast_load,Forecasted Load,2026-05-23T22:27:11Z
2026-05-23T22:26:36Z,2026-05-24T00:26:36+0200,35a99b20-1361-4eb7-8009-5b844fa790cc,2026-05-19T22:00:00Z,2026-05-20T00:00:00+0200,44200.0,MW,FR,FR,forecast_load,Forecasted Load,2026-05-23T22:27:11Z
2026-05-23T22:26:36Z,2026-05-24T00:26:36+0200,35a99b20-1361-4eb7-8009-5b844fa790cc,2026-05-19T22:15:00Z,2026-05-20T00:15:00+0200,43400.0,MW,FR,FR,forecast_load,Forecasted Load,2026-05-23T22:27:11Z
2026-05-23T22:26:36Z,2026-05-24T00:26:36+0200,35a99b20-1361-4eb7-8009-5b844fa790cc,2026-05-19T22:30:00Z,2026-05-20T00:30:00+0200,42600.0,MW,FR,FR,forecast_load,Forecasted Load,2026-05-23T22:27:11Z
2026-05-23T22:26:36Z,2026-05-24T00:26:36+0200,35a99b20-1361-4eb7-8009-5b844fa790cc,2026-05-19T22:45:00Z,2026-05-20T00:45:00+0200,41600.0,MW,FR,FR,forecast_load,Forecasted Load,2026-05-23T22:27:11Z
2026-05-23T22:26:36Z,2026-05-24T00:26:36+0200,35a99b20-1361-4eb7-8009-5b844fa790cc,2026-05-19T23:00:00Z,2026-05-20T01:00:00+0200,40600.0,MW,FR,FR,forecast_load,Forecasted Load,2026-05-23T22:27:11Z
2026-05-23T22:26:36Z,2026-05-24T00:26:36+0200,35a99b20-1361-4eb7-8009-5b844fa790cc,2026-05-19T23:15:00Z,2026-05-20T01:15:00+0200,40850.0,MW,FR,FR,forecast_load,Forecasted Load,2026-05-23T22:27:11Z
2026-05-23T22:26:36Z,2026-05-24T00:26:36+0200,35a99b20-1361-4eb7-8009-5b844fa790cc,2026-05-19T23:30:00Z,2026-05-20T01:30:00+0200,41100.0,MW,FR,FR,forecast_load,Forecasted Load,2026-05-23T22:27:11Z
2026-05-23T22:26:36Z,2026-05-24T00:26:36+0200,35a99b20-1361-4eb7-8009-5b844fa790cc,2026-05-19T23:45:00Z,2026-05-20T01:45:00+0200,40450.0,MW,FR,FR,forecast_load,Forecasted Load,2026-05-23T22:27:11Z
2026-05-23T22:26:36Z,2026-05-24T00:26:36+0200,35a99b20-1361-4eb7-8009-5b844fa790cc,2026-05-20T00:00:00Z,2026-05-20T02:00:00+0200,39800.0,MW,FR,FR,forecast_load,Forecasted Load,2026-05-23T22:27:11Z
2026-05-23T22:26:36Z,2026-05-24T00:26:36+0200,35a99b20-1361-4eb7-8009-5b844fa790cc,2026-05-20T00:15:00Z,2026-05-20T02:15:00+0200,39200.0,MW,FR,FR,forecast_load,Forecasted Load,2026-05-23T22:27:11Z
2026-05-23T22:26:36Z,2026-05-24T00:26:36+0200,35a99b20-1361-4eb7-8009-5b844fa790cc,2026-05-20T00:30:00Z,2026-05-20T02:30:00+0200,38600.0,MW,FR,FR,forecast_load,Forecasted Load,2026-05-23T22:27:11Z
2026-05-23T22:26:36Z,2026-05-24T00:26:36+0200,35a99b20-1361-4eb7-8009-5b844fa790cc,2026-05-20T00:45:00Z,2026-05-20T02:45:00+0200,38000.0,MW,FR,FR,forecast_load,Forecasted Load,2026-05-23T22:27:11Z
2026-05-23T22:26:36Z,2026-05-24T00:26:36+0200,35a99b20-1361-4eb7-8009-5b844fa790cc,2026-05-20T01:00:00Z,2026-05-20T03:00:00+0200,37400.0,MW,FR,FR,forecast_load,Forecasted Load,2026-05-23T22:27:11Z
2026-05-23T22:26:36Z,2026-05-24T00:26:36+0200,35a99b20-1361-4eb7-8009-5b844fa790cc,2026-05-20T01:15:00Z,2026-05-20T03:15:00+0200,37000.0,MW,FR,FR,forecast_load,Forecasted Load,2026-05-23T22:27:11Z
2026-05-23T22:26:36Z,2026-05-24T00:26:36+0200,35a99b20-1361-4eb7-8009-5b844fa790cc,2026-05-20T01:30:00Z,2026-05-20T03:30:00+0200,36600.0,MW,FR,FR,forecast_load,Forecasted Load,2026-05-23T22:27:11Z
2026-05-23T22:26:36Z,2026-05-24T00:26:36+0200,35a99b20-1361-4eb7-8009-5b844fa790cc,2026-05-20T01:45:00Z,2026-05-20T03:45:00+0200,36200.0,MW,FR,FR,forecast_load,Forecasted Load,2026-05-23T22:27:11Z
2026-05-23T22:26:36Z,2026-05-24T00:26:36+0200,35a99b20-1361-4eb7-8009-5b844fa790cc,2026-05-20T02:00:00Z,2026-05-20T04:00:00+0200,35800.0,MW,FR,FR,forecast_load,Forecasted Load,2026-05-23T22:27:11Z
2026-05-23T22:26:36Z,2026-05-24T00:26:36+0200,35a99b20-1361-4eb7-8009-5b844fa790cc,2026-05-20T02:15:00Z,2026-05-20T04:15:00+0200,35700.0,MW,FR,FR,forecast_load,Forecasted Load,2026-05-23T22:27:11Z
2026-05-23T22:26:36Z,2026-05-24T00:26:36+0200,35a99b20-1361-4eb7-8009-5b844fa790cc,2026-05-20T02:30:00Z,2026-05-20T04:30:00+0200,35600.0,MW,FR,FR,forecast_load,Forecasted Load,2026-05-23T22:27:11Z
2026-05-23T22:26:36Z,2026-05-24T00:26:36+0200,35a99b20-1361-4eb7-8009-5b844fa790cc,2026-05-20T02:45:00Z,2026-05-20T04:45:00+0200,35750.0,MW,FR,FR,forecast_load,Forecasted Load,2026-05-23T22:27:11Z
2026-05-23T22:26:36Z,2026-05-24T00:26:36+0200,35a99b20-1361-4eb7-8009-5b844fa790cc,2026-05-20T03:00:00Z,2026-05-20T05:00:00+0200,35900.0,MW,FR,FR,forecast_load,Forecasted Load,2026-05-23T22:27:11Z
2026-05-23T22:26:36Z,2026-05-24T00:26:36+0200,35a99b20-1361-4eb7-8009-5b844fa790cc,2026-05-20T03:15:00Z,2026-05-20T05:15:00+0200,36600.0,MW,FR,FR,forecast_load,Forecasted Load,2026-05-23T22:27:11Z
2026-05-23T22:26:36Z,2026-05-24T00:26:36+0200,35a99b20-1361-4eb7-8009-5b844fa790cc,2026-05-20T03:30:00Z,2026-05-20T05:30:00+0200,37300.0,MW,FR,FR,forecast_load,Forecasted Load,2026-05-23T22:27:11Z
2026-05-23T22:26:36Z,2026-05-24T00:26:36+0200,35a99b20-1361-4eb7-8009-5b844fa790cc,2026-05-20T03:45:00Z,2026-05-20T05:45:00+0200,37900.0,MW,FR,FR,forecast_load,Forecasted Load,2026-05-23T22:27:11Z
2026-05-23T22:26:36Z,2026-05-24T00:26:36+0200,35a99b20-1361-4eb7-8009-5b844fa790cc,2026-05-20T04:00:00Z,2026-05-20T06:00:00+0200,38500.0,MW,FR,FR,forecast_load,Forecasted Load,2026-05-23T22:27:11Z
2026-05-23T22:26:36Z,2026-05-24T00:26:36+0200,35a99b20-1361-4eb7-8009-5b844fa790cc,2026-05-20T04:15:00Z,2026-05-20T06:15:00+0200,39300.0,MW,FR,FR,forecast_load,Forecasted Load,2026-05-23T22:27:11Z
2026-05-23T22:26:36Z,2026-05-24T00:26:36+0200,35a99b20-1361-4eb7-8009-5b844fa790cc,2026-05-20T04:30:00Z,2026-05-20T06:30:00+0200,40100.0,MW,FR,FR,forecast_load,Forecasted Load,2026-05-23T22:27:11Z
2026-05-23T22:26:36Z,2026-05-24T00:26:36+0200,35a99b20-1361-4eb7-8009-5b844fa790cc,2026-05-20T04:45:00Z,2026-05-20T06:45:00+0200,41050.0,MW,FR,FR,forecast_load,Forecasted Load,2026-05-23T22:27:11Z
2026-05-23T22:26:36Z,2026-05-24T00:26:36+0200,35a99b20-1361-4eb7-8009-5b844fa790cc,2026-05-20T05:00:00Z,2026-05-20T07:00:00+0200,42000.0,MW,FR,FR,forecast_load,Forecasted Load,2026-05-23T22:27:11Z
2026-05-23T22:26:36Z,2026-05-24T00:26:36+0200,35a99b20-1361-4eb7-8009-5b844fa790cc,2026-05-20T05:15:00Z,2026-05-20T07:15:00+0200,43050.0,MW,FR,FR,forecast_load,Forecasted Load,2026-05-23T22:27:11Z
2026-05-23T22:26:36Z,2026-05-24T00:26:36+0200,35a99b20-1361-4eb7-8009-5b844fa790cc,2026-05-20T05:30:00Z,2026-05-20T07:30:00+0200,44100.0,MW,FR,FR,forecast_load,Forecasted Load,2026-05-23T22:27:11Z
2026-05-23T22:26:36Z,2026-05-24T00:26:36+0200,35a99b20-1361-4eb7-8009-5b844fa790cc,2026-05-20T05:45:00Z,2026-05-20T07:45:00+0200,44750.0,MW,FR,FR,forecast_load,Forecasted Load,2026-05-23T22:27:11Z
2026-05-23T22:26:36Z,2026-05-24T00:26:36+0200,35a99b20-1361-4eb7-8009-5b844fa790cc,2026-05-20T06:00:00Z,2026-05-20T08:00:00+0200,45400.0,MW,FR,FR,forecast_load,Forecasted Load,2026-05-23T22:27:11Z
2026-05-23T22:26:36Z,2026-05-24T00:26:36+0200,35a99b20-1361-4eb7-8009-5b844fa790cc,2026-05-20T06:15:00Z,2026-05-20T08:15:00+0200,45950.0,MW,FR,FR,forecast_load,Forecasted Load,2026-05-23T22:27:11Z
2026-05-23T22:26:36Z,2026-05-24T00:26:36+0200,35a99b20-1361-4eb7-8009-5b844fa790cc,2026-05-20T06:30:00Z,2026-05-20T08:30:00+0200,46500.0,MW,FR,FR,forecast_load,Forecasted Load,2026-05-23T22:27:11Z
2026-05-23T22:26:36Z,2026-05-24T00:26:36+0200,35a99b20-1361-4eb7-8009-5b844fa790cc,2026-05-20T06:45:00Z,2026-05-20T08:45:00+0200,46650.0,MW,FR,FR,forecast_load,Forecasted Load,2026-05-23T22:27:11Z
2026-05-23T22:26:36Z,2026-05-24T00:26:36+0200,35a99b20-1361-4eb7-8009-5b844fa790cc,2026-05-20T07:00:00Z,2026-05-20T09:00:00+0200,46800.0,MW,FR,FR,forecast_load,Forecasted Load,2026-05-23T22:27:11Z
2026-05-23T22:26:36Z,2026-05-24T00:26:36+0200,35a99b20-1361-4eb7-8009-5b844fa790cc,2026-05-20T07:15:00Z,2026-05-20T09:15:00+0200,46900.0,MW,FR,FR,forecast_load,Forecasted Load,2026-05-23T22:27:11Z
2026-05-23T22:26:36Z,2026-05-24T00:26:36+0200,35a99b20-1361-4eb7-8009-5b844fa790cc,2026-05-20T07:30:00Z,2026-05-20T09:30:00+0200,47000.0,MW,FR,FR,forecast_load,Forecasted Load,2026-05-23T22:27:11Z
2026-05-23T22:26:36Z,2026-05-24T00:26:36+0200,35a99b20-1361-4eb7-8009-5b844fa790cc,2026-05-20T07:45:00Z,2026-05-20T09:45:00+0200,47000.0,MW,FR,FR,forecast_load,Forecasted Load,2026-05-23T22:27:11Z
2026-05-23T22:26:36Z,2026-05-24T00:26:36+0200,35a99b20-1361-4eb7-8009-5b844fa790cc,2026-05-20T08:00:00Z,2026-05-20T10:00:00+0200,47000.0,MW,FR,FR,forecast_load,Forecasted Load,2026-05-23T22:27:11Z
2026-05-23T22:26:36Z,2026-05-24T00:26:36+0200,35a99b20-1361-4eb7-8009-5b844fa790cc,2026-05-20T08:15:00Z,2026-05-20T10:15:00+0200,47000.0,MW,FR,FR,forecast_load,Forecasted Load,2026-05-23T22:27:11Z
2026-05-23T22:26:36Z,2026-05-24T00:26:36+0200,35a99b20-1361-4eb7-8009-5b844fa790cc,2026-05-20T08:30:00Z,2026-05-20T10:30:00+0200,47000.0,MW,FR,FR,forecast_load,Forecasted Load,2026-05-23T22:27:11Z
2026-05-23T22:26:36Z,2026-05-24T00:26:36+0200,35a99b20-1361-4eb7-8009-5b844fa790cc,2026-05-20T08:45:00Z,2026-05-20T10:45:00+0200,47150.0,MW,FR,FR,forecast_load,Forecasted Load,2026-05-23T22:27:11Z
2026-05-23T22:26:36Z,2026-05-24T00:26:36+0200,35a99b20-1361-4eb7-8009-5b844fa790cc,2026-05-20T09:00:00Z,2026-05-20T11:00:00+0200,47300.0,MW,FR,FR,forecast_load,Forecasted Load,2026-05-23T22:27:11Z
2026-05-23T22:26:36Z,2026-05-24T00:26:36+0200,35a99b20-1361-4eb7-8009-5b844fa790cc,2026-05-20T09:15:00Z,2026-05-20T11:15:00+0200,47600.0,MW,FR,FR,forecast_load,Forecasted Load,2026-05-23T22:27:11Z
2026-05-23T22:26:36Z,2026-05-24T00:26:36+0200,35a99b20-1361-4eb7-8009-5b844fa790cc,2026-05-20T09:30:00Z,2026-05-20T11:30:00+0200,47900.0,MW,FR,FR,forecast_load,Forecasted Load,2026-05-23T22:27:11Z
2026-05-23T22:26:36Z,2026-05-24T00:26:36+0200,35a99b20-1361-4eb7-8009-5b844fa790cc,2026-05-20T09:45:00Z,2026-05-20T11:45:00+0200,48450.0,MW,FR,FR,forecast_load,Forecasted Load,2026-05-23T22:27:11Z
2026-05-23T22:26:36Z,2026-05-24T00:26:36+0200,35a99b20-1361-4eb7-8009-5b844fa790cc,2026-05-20T10:00:00Z,2026-05-20T12:00:00+0200,49000.0,MW,FR,FR,forecast_load,Forecasted Load,2026-05-23T22:27:11Z
2026-05-23T22:26:36Z,2026-05-24T00:26:36+0200,35a99b20-1361-4eb7-8009-5b844fa790cc,2026-05-20T10:15:00Z,2026-05-20T12:15:00+0200,48900.0,MW,FR,FR,forecast_load,Forecasted Load,2026-05-23T22:27:11Z
2026-05-23T22:26:36Z,2026-05-24T00:26:36+0200,35a99b20-1361-4eb7-8009-5b844fa790cc,2026-05-20T10:30:00Z,2026-05-20T12:30:00+0200,48800.0,MW,FR,FR,forecast_load,Forecasted Load,2026-05-23T22:27:11Z
2026-05-23T22:26:36Z,2026-05-24T00:26:36+0200,35a99b20-1361-4eb7-8009-5b844fa790cc,2026-05-20T10:45:00Z,2026-05-20T12:45:00+0200,49100.0,MW,FR,FR,forecast_load,Forecasted Load,2026-05-23T22:27:11Z
2026-05-23T22:26:36Z,2026-05-24T00:26:36+0200,35a99b20-1361-4eb7-8009-5b844fa790cc,2026-05-20T11:00:00Z,2026-05-20T13:00:00+0200,49400.0,MW,FR,FR,forecast_load,Forecasted Load,2026-05-23T22:27:11Z
2026-05-23T22:26:36Z,2026-05-24T00:26:36+0200,35a99b20-1361-4eb7-8009-5b844fa790cc,2026-05-20T11:15:00Z,2026-05-20T13:15:00+0200,48300.0,MW,FR,FR,forecast_load,Forecasted Load,2026-05-23T22:27:11Z
2026-05-23T22:26:36Z,2026-05-24T00:26:36+0200,35a99b20-1361-4eb7-8009-5b844fa790cc,2026-05-20T11:30:00Z,2026-05-20T13:30:00+0200,47200.0,MW,FR,FR,forecast_load,Forecasted Load,2026-05-23T22:27:11Z
2026-05-23T22:26:36Z,2026-05-24T00:26:36+0200,35a99b20-1361-4eb7-8009-5b844fa790cc,2026-05-20T11:45:00Z,2026-05-20T13:45:00+0200,46850.0,MW,FR,FR,forecast_load,Forecasted Load,2026-05-23T22:27:11Z
2026-05-23T22:26:36Z,2026-05-24T00:26:36+0200,35a99b20-1361-4eb7-8009-5b844fa790cc,2026-05-20T12:00:00Z,2026-05-20T14:00:00+0200,46500.0,MW,FR,FR,forecast_load,Forecasted Load,2026-05-23T22:27:11Z
2026-05-23T22:26:36Z,2026-05-24T00:26:36+0200,35a99b20-1361-4eb7-8009-5b844fa790cc,2026-05-20T12:15:00Z,2026-05-20T14:15:00+0200,47000.0,MW,FR,FR,forecast_load,Forecasted Load,2026-05-23T22:27:11Z
2026-05-23T22:26:36Z,2026-05-24T00:26:36+0200,35a99b20-1361-4eb7-8009-5b844fa790cc,2026-05-20T12:30:00Z,2026-05-20T14:30:00+0200,47500.0,MW,FR,FR,forecast_load,Forecasted Load,2026-05-23T22:27:11Z
2026-05-23T22:26:36Z,2026-05-24T00:26:36+0200,35a99b20-1361-4eb7-8009-5b844fa790cc,2026-05-20T12:45:00Z,2026-05-20T14:45:00+0200,47250.0,MW,FR,FR,forecast_load,Forecasted Load,2026-05-23T22:27:11Z
2026-05-23T22:26:36Z,2026-05-24T00:26:36+0200,35a99b20-1361-4eb7-8009-5b844fa790cc,2026-05-20T13:00:00Z,2026-05-20T15:00:00+0200,47000.0,MW,FR,FR,forecast_load,Forecasted Load,2026-05-23T22:27:11Z
2026-05-23T22:26:36Z,2026-05-24T00:26:36+0200,35a99b20-1361-4eb7-8009-5b844fa790cc,2026-05-20T13:15:00Z,2026-05-20T15:15:00+0200,46650.0,MW,FR,FR,forecast_load,Forecasted Load,2026-05-23T22:27:11Z
2026-05-23T22:26:36Z,2026-05-24T00:26:36+0200,35a99b20-1361-4eb7-8009-5b844fa790cc,2026-05-20T13:30:00Z,2026-05-20T15:30:00+0200,46300.0,MW,FR,FR,forecast_load,Forecasted Load,2026-05-23T22:27:11Z
2026-05-23T22:26:36Z,2026-05-24T00:26:36+0200,35a99b20-1361-4eb7-8009-5b844fa790cc,2026-05-20T13:45:00Z,2026-05-20T15:45:00+0200,45800.0,MW,FR,FR,forecast_load,Forecasted Load,2026-05-23T22:27:11Z
2026-05-23T22:26:36Z,2026-05-24T00:26:36+0200,35a99b20-1361-4eb7-8009-5b844fa790cc,2026-05-20T14:00:00Z,2026-05-20T16:00:00+0200,45300.0,MW,FR,FR,forecast_load,Forecasted Load,2026-05-23T22:27:11Z
2026-05-23T22:26:36Z,2026-05-24T00:26:36+0200,35a99b20-1361-4eb7-8009-5b844fa790cc,2026-05-20T14:15:00Z,2026-05-20T16:15:00+0200,44800.0,MW,FR,FR,forecast_load,Forecasted Load,2026-05-23T22:27:11Z
2026-05-23T22:26:36Z,2026-05-24T00:26:36+0200,35a99b20-1361-4eb7-8009-5b844fa790cc,2026-05-20T14:30:00Z,2026-05-20T16:30:00+0200,44300.0,MW,FR,FR,forecast_load,Forecasted Load,2026-05-23T22:27:11Z
2026-05-23T22:26:36Z,2026-05-24T00:26:36+0200,35a99b20-1361-4eb7-8009-5b844fa790cc,2026-05-20T14:45:00Z,2026-05-20T16:45:00+0200,43900.0,MW,FR,FR,forecast_load,Forecasted Load,2026-05-23T22:27:11Z
2026-05-23T22:26:36Z,2026-05-24T00:26:36+0200,35a99b20-1361-4eb7-8009-5b844fa790cc,2026-05-20T15:00:00Z,2026-05-20T17:00:00+0200,43500.0,MW,FR,FR,forecast_load,Forecasted Load,2026-05-23T22:27:11Z
2026-05-23T22:26:36Z,2026-05-24T00:26:36+0200,35a99b20-1361-4eb7-8009-5b844fa790cc,2026-05-20T15:15:00Z,2026-05-20T17:15:00+0200,43650.0,MW,FR,FR,forecast_load,Forecasted Load,2026-05-23T22:27:11Z
2026-05-23T22:26:36Z,2026-05-24T00:26:36+0200,35a99b20-1361-4eb7-8009-5b844fa790cc,2026-05-20T15:30:00Z,2026-05-20T17:30:00+0200,43800.0,MW,FR,FR,forecast_load,Forecasted Load,2026-05-23T22:27:11Z
2026-05-23T22:26:36Z,2026-05-24T00:26:36+0200,35a99b20-1361-4eb7-8009-5b844fa790cc,2026-05-20T15:45:00Z,2026-05-20T17:45:00+0200,44350.0,MW,FR,FR,forecast_load,Forecasted Load,2026-05-23T22:27:11Z
2026-05-23T22:26:36Z,2026-05-24T00:26:36+0200,35a99b20-1361-4eb7-8009-5b844fa790cc,2026-05-20T16:00:00Z,2026-05-20T18:00:00+0200,44900.0,MW,FR,FR,forecast_load,Forecasted Load,2026-05-23T22:27:11Z
2026-05-23T22:26:36Z,2026-05-24T00:26:36+0200,35a99b20-1361-4eb7-8009-5b844fa790cc,2026-05-20T16:15:00Z,2026-05-20T18:15:00+0200,45450.0,MW,FR,FR,forecast_load,Forecasted Load,2026-05-23T22:27:11Z
2026-05-23T22:26:36Z,2026-05-24T00:26:36+0200,35a99b20-1361-4eb7-8009-5b844fa790cc,2026-05-20T16:30:00Z,2026-05-20T18:30:00+0200,46000.0,MW,FR,FR,forecast_load,Forecasted Load,2026-05-23T22:27:11Z
2026-05-23T22:26:36Z,2026-05-24T00:26:36+0200,35a99b20-1361-4eb7-8009-5b844fa790cc,2026-05-20T16:45:00Z,2026-05-20T18:45:00+0200,46900.0,MW,FR,FR,forecast_load,Forecasted Load,2026-05-23T22:27:11Z
2026-05-23T22:26:36Z,2026-05-24T00:26:36+0200,35a99b20-1361-4eb7-8009-5b844fa790cc,2026-05-20T17:00:00Z,2026-05-20T19:00:00+0200,47800.0,MW,FR,FR,forecast_load,Forecasted Load,2026-05-23T22:27:11Z
2026-05-23T22:26:36Z,2026-05-24T00:26:36+0200,35a99b20-1361-4eb7-8009-5b844fa790cc,2026-05-20T17:15:00Z,2026-05-20T19:15:00+0200,47750.0,MW,FR,FR,forecast_load,Forecasted Load,2026-05-23T22:27:11Z
2026-05-23T22:26:36Z,2026-05-24T00:26:36+0200,35a99b20-1361-4eb7-8009-5b844fa790cc,2026-05-20T17:30:00Z,2026-05-20T19:30:00+0200,47700.0,MW,FR,FR,forecast_load,Forecasted Load,2026-05-23T22:27:11Z
2026-05-23T22:26:36Z,2026-05-24T00:26:36+0200,35a99b20-1361-4eb7-8009-5b844fa790cc,2026-05-20T17:45:00Z,2026-05-20T19:45:00+0200,47300.0,MW,FR,FR,forecast_load,Forecasted Load,2026-05-23T22:27:11Z
2026-05-23T22:26:36Z,2026-05-24T00:26:36+0200,35a99b20-1361-4eb7-8009-5b844fa790cc,2026-05-20T18:00:00Z,2026-05-20T20:00:00+0200,46900.0,MW,FR,FR,forecast_load,Forecasted Load,2026-05-23T22:27:11Z
2026-05-23T22:26:36Z,2026-05-24T00:26:36+0200,35a99b20-1361-4eb7-8009-5b844fa790cc,2026-05-20T18:15:00Z,2026-05-20T20:15:00+0200,46100.0,MW,FR,FR,forecast_load,Forecasted Load,2026-05-23T22:27:11Z
2026-05-23T22:26:36Z,2026-05-24T00:26:36+0200,35a99b20-1361-4eb7-8009-5b844fa790cc,2026-05-20T18:30:00Z,2026-05-20T20:30:00+0200,45300.0,MW,FR,FR,forecast_load,Forecasted Load,2026-05-23T22:27:11Z
2026-05-23T22:26:36Z,2026-05-24T00:26:36+0200,35a99b20-1361-4eb7-8009-5b844fa790cc,2026-05-20T18:45:00Z,2026-05-20T20:45:00+0200,44850.0,MW,FR,FR,forecast_load,Forecasted Load,2026-05-23T22:27:11Z
2026-05-23T22:26:36Z,2026-05-24T00:26:36+0200,35a99b20-1361-4eb7-8009-5b844fa790cc,2026-05-20T19:00:00Z,2026-05-20T21:00:00+0200,44400.0,MW,FR,FR,forecast_load,Forecasted Load,2026-05-23T22:27:11Z
2026-05-23T22:26:36Z,2026-05-24T00:26:36+0200,35a99b20-1361-4eb7-8009-5b844fa790cc,2026-05-20T19:15:00Z,2026-05-20T21:15:00+0200,44250.0,MW,FR,FR,forecast_load,Forecasted Load,2026-05-23T22:27:11Z
2026-05-23T22:26:36Z,2026-05-24T00:26:36+0200,35a99b20-1361-4eb7-8009-5b844fa790cc,2026-05-20T19:30:00Z,2026-05-20T21:30:00+0200,44100.0,MW,FR,FR,forecast_load,Forecasted Load,2026-05-23T22:27:11Z
2026-05-23T22:26:36Z,2026-05-24T00:26:36+0200,35a99b20-1361-4eb7-8009-5b844fa790cc,2026-05-20T19:45:00Z,2026-05-20T21:45:00+0200,43800.0,MW,FR,FR,forecast_load,Forecasted Load,2026-05-23T22:27:11Z
2026-05-23T22:26:36Z,2026-05-24T00:26:36+0200,35a99b20-1361-4eb7-8009-5b844fa790cc,2026-05-20T20:00:00Z,2026-05-20T22:00:00+0200,43500.0,MW,FR,FR,forecast_load,Forecasted Load,2026-05-23T22:27:11Z
2026-05-23T22:26:36Z,2026-05-24T00:26:36+0200,35a99b20-1361-4eb7-8009-5b844fa790cc,2026-05-20T20:15:00Z,2026-05-20T22:15:00+0200,44000.0,MW,FR,FR,forecast_load,Forecasted Load,2026-05-23T22:27:11Z
2026-05-23T22:26:36Z,2026-05-24T00:26:36+0200,35a99b20-1361-4eb7-8009-5b844fa790cc,2026-05-20T20:30:00Z,2026-05-20T22:30:00+0200,44500.0,MW,FR,FR,forecast_load,Forecasted Load,2026-05-23T22:27:11Z
2026-05-23T22:26:36Z,2026-05-24T00:26:36+0200,35a99b20-1361-4eb7-8009-5b844fa790cc,2026-05-20T20:45:00Z,2026-05-20T22:45:00+0200,45050.0,MW,FR,FR,forecast_load,Forecasted Load,2026-05-23T22:27:11Z
2026-05-23T22:26:36Z,2026-05-24T00:26:36+0200,35a99b20-1361-4eb7-8009-5b844fa790cc,2026-05-20T21:00:00Z,2026-05-20T23:00:00+0200,45600.0,MW,FR,FR,forecast_load,Forecasted Load,2026-05-23T22:27:11Z
2026-05-23T22:26:36Z,2026-05-24T00:26:36+0200,35a99b20-1361-4eb7-8009-5b844fa790cc,2026-05-20T21:15:00Z,2026-05-20T23:15:00+0200,45100.0,MW,FR,FR,forecast_load,Forecasted Load,2026-05-23T22:27:11Z
2026-05-23T22:26:36Z,2026-05-24T00:26:36+0200,35a99b20-1361-4eb7-8009-5b844fa790cc,2026-05-20T21:30:00Z,2026-05-20T23:30:00+0200,44600.0,MW,FR,FR,forecast_load,Forecasted Load,2026-05-23T22:27:11Z
2026-05-23T22:26:36Z,2026-05-24T00:26:36+0200,35a99b20-1361-4eb7-8009-5b844fa790cc,2026-05-20T21:45:00Z,2026-05-20T23:45:00+0200,43950.0,MW,FR,FR,forecast_load,Forecasted Load,2026-05-23T22:27:11Z
2026-05-23T22:26:36Z,2026-05-24T00:26:36+0200,35a99b20-1361-4eb7-8009-5b844fa790cc,2026-05-20T22:00:00Z,2026-05-21T00:00:00+0200,44000.0,MW,FR,FR,forecast_load,Forecasted Load,2026-05-23T22:27:11Z
2026-05-23T22:26:36Z,2026-05-24T00:26:36+0200,35a99b20-1361-4eb7-8009-5b844fa790cc,2026-05-20T22:15:00Z,2026-05-21T00:15:00+0200,43050.0,MW,FR,FR,forecast_load,Forecasted Load,2026-05-23T22:27:11Z
2026-05-23T22:26:36Z,2026-05-24T00:26:36+0200,35a99b20-1361-4eb7-8009-5b844fa790cc,2026-05-20T22:30:00Z,2026-05-21T00:30:00+0200,42100.0,MW,FR,FR,forecast_load,Forecasted Load,2026-05-23T22:27:11Z
2026-05-23T22:26:36Z,2026-05-24T00:26:36+0200,35a99b20-1361-4eb7-8009-5b844fa790cc,2026-05-20T22:45:00Z,2026-05-21T00:45:00+0200,41050.0,MW,FR,FR,forecast_load,Forecasted Load,2026-05-23T22:27:11Z
2026-05-23T22:26:36Z,2026-05-24T00:26:36+0200,35a99b20-1361-4eb7-8009-5b844fa790cc,2026-05-20T23:00:00Z,2026-05-21T01:00:00+0200,40000.0,MW,FR,FR,forecast_load,Forecasted Load,2026-05-23T22:27:11Z
2026-05-23T22:26:36Z,2026-05-24T00:26:36+0200,35a99b20-1361-4eb7-8009-5b844fa790cc,2026-05-20T23:15:00Z,2026-05-21T01:15:00+0200,40150.0,MW,FR,FR,forecast_load,Forecasted Load,2026-05-23T22:27:11Z
2026-05-23T22:26:36Z,2026-05-24T00:26:36+0200,35a99b20-1361-4eb7-8009-5b844fa790cc,2026-05-20T23:30:00Z,2026-05-21T01:30:00+0200,40300.0,MW,FR,FR,forecast_load,Forecasted Load,2026-05-23T22:27:11Z
2026-05-23T22:26:36Z,2026-05-24T00:26:36+0200,35a99b20-1361-4eb7-8009-5b844fa790cc,2026-05-20T23:45:00Z,2026-05-21T01:45:00+0200,40050.0,MW,FR,FR,forecast_load,Forecasted Load,2026-05-23T22:27:11Z
2026-05-23T22:26:36Z,2026-05-24T00:26:36+0200,35a99b20-1361-4eb7-8009-5b844fa790cc,2026-05-21T00:00:00Z,2026-05-21T02:00:00+0200,39800.0,MW,FR,FR,forecast_load,Forecasted Load,2026-05-23T22:27:11Z
2026-05-23T22:26:36Z,2026-05-24T00:26:36+0200,35a99b20-1361-4eb7-8009-5b844fa790cc,2026-05-21T00:15:00Z,2026-05-21T02:15:00+0200,38950.0,MW,FR,FR,forecast_load,Forecasted Load,2026-05-23T22:27:11Z
2026-05-23T22:26:36Z,2026-05-24T00:26:36+0200,35a99b20-1361-4eb7-8009-5b844fa790cc,2026-05-21T00:30:00Z,2026-05-21T02:30:00+0200,38100.0,MW,FR,FR,forecast_load,Forecasted Load,2026-05-23T22:27:11Z
2026-05-23T22:26:36Z,2026-05-24T00:26:36+0200,35a99b20-1361-4eb7-8009-5b844fa790cc,2026-05-21T00:45:00Z,2026-05-21T02:45:00+0200,37550.0,MW,FR,FR,forecast_load,Forecasted Load,2026-05-23T22:27:11Z
2026-05-23T22:26:36Z,2026-05-24T00:26:36+0200,35a99b20-1361-4eb7-8009-5b844fa790cc,2026-05-21T01:00:00Z,2026-05-21T03:00:00+0200,37000.0,MW,FR,FR,forecast_load,Forecasted Load,2026-05-23T22:27:11Z
2026-05-23T22:26:36Z,2026-05-24T00:26:36+0200,35a99b20-1361-4eb7-8009-5b844fa790cc,2026-05-21T01:15:00Z,2026-05-21T03:15:00+0200,36550.0,MW,FR,FR,forecast_load,Forecasted Load,2026-05-23T22:27:11Z
2026-05-23T22:26:36Z,2026-05-24T00:26:36+0200,35a99b20-1361-4eb7-8009-5b844fa790cc,2026-05-21T01:30:00Z,2026-05-21T03:30:00+0200,36100.0,MW,FR,FR,forecast_load,Forecasted Load,2026-05-23T22:27:11Z
2026-05-23T22:26:36Z,2026-05-24T00:26:36+0200,35a99b20-1361-4eb7-8009-5b844fa790cc,2026-05-21T01:45:00Z,2026-05-21T03:45:00+0200,35850.0,MW,FR,FR,forecast_load,Forecasted Load,2026-05-23T22:27:11Z
2026-05-23T22:26:36Z,2026-05-24T00:26:36+0200,35a99b20-1361-4eb7-8009-5b844fa790cc,2026-05-21T02:00:00Z,2026-05-21T04:00:00+0200,35600.0,MW,FR,FR,forecast_load,Forecasted Load,2026-05-23T22:27:11Z
2026-05-23T22:26:36Z,2026-05-24T00:26:36+0200,35a99b20-1361-4eb7-8009-5b844fa790cc,2026-05-21T02:15:00Z,2026-05-21T04:15:00+0200,35450.0,MW,FR,FR,forecast_load,Forecasted Load,2026-05-23T22:27:11Z
2026-05-23T22:26:36Z,2026-05-24T00:26:36+0200,35a99b20-1361-4eb7-8009-5b844fa790cc,2026-05-21T02:30:00Z,2026-05-21T04:30:00+0200,35300.0,MW,FR,FR,forecast_load,Forecasted Load,2026-05-23T22:27:11Z
2026-05-23T22:26:36Z,2026-05-24T00:26:36+0200,35a99b20-1361-4eb7-8009-5b844fa790cc,2026-05-21T02:45:00Z,2026-05-21T04:45:00+0200,35650.0,MW,FR,FR,forecast_load,Forecasted Load,2026-05-23T22:27:11Z
2026-05-23T22:26:36Z,2026-05-24T00:26:36+0200,35a99b20-1361-4eb7-8009-5b844fa790cc,2026-05-21T03:00:00Z,2026-05-21T05:00:00+0200,36000.0,MW,FR,FR,forecast_load,Forecasted Load,2026-05-23T22:27:11Z
2026-05-23T22:26:36Z,2026-05-24T00:26:36+0200,35a99b20-1361-4eb7-8009-5b844fa790cc,2026-05-21T03:15:00Z,2026-05-21T05:15:00+0200,36550.0,MW,FR,FR,forecast_load,Forecasted Load,2026-05-23T22:27:11Z
2026-05-23T22:26:36Z,2026-05-24T00:26:36+0200,35a99b20-1361-4eb7-8009-5b844fa790cc,2026-05-21T03:30:00Z,2026-05-21T05:30:00+0200,37100.0,MW,FR,FR,forecast_load,Forecasted Load,2026-05-23T22:27:11Z
2026-05-23T22:26:36Z,2026-05-24T00:26:36+0200,35a99b20-1361-4eb7-8009-5b844fa790cc,2026-05-21T03:45:00Z,2026-05-21T05:45:00+0200,37750.0,MW,FR,FR,forecast_load,Forecasted Load,2026-05-23T22:27:11Z
2026-05-23T22:26:36Z,2026-05-24T00:26:36+0200,35a99b20-1361-4eb7-8009-5b844fa790cc,2026-05-21T04:00:00Z,2026-05-21T06:00:00+0200,38400.0,MW,FR,FR,forecast_load,Forecasted Load,2026-05-23T22:27:11Z
2026-05-23T22:26:36Z,2026-05-24T00:26:36+0200,35a99b20-1361-4eb7-8009-5b844fa790cc,2026-05-21T04:15:00Z,2026-05-21T06:15:00+0200,39450.0,MW,FR,FR,forecast_load,Forecasted Load,2026-05-23T22:27:11Z
2026-05-23T22:26:36Z,2026-05-24T00:26:36+0200,35a99b20-1361-4eb7-8009-5b844fa790cc,2026-05-21T04:30:00Z,2026-05-21T06:30:00+0200,40500.0,MW,FR,FR,forecast_load,Forecasted Load,2026-05-23T22:27:11Z
2026-05-23T22:26:36Z,2026-05-24T00:26:36+0200,35a99b20-1361-4eb7-8009-5b844fa790cc,2026-05-21T04:45:00Z,2026-05-21T06:45:00+0200,41400.0,MW,FR,FR,forecast_load,Forecasted Load,2026-05-23T22:27:11Z
2026-05-23T22:26:36Z,2026-05-24T00:26:36+0200,35a99b20-1361-4eb7-8009-5b844fa790cc,2026-05-21T05:00:00Z,2026-05-21T07:00:00+0200,42300.0,MW,FR,FR,forecast_load,Forecasted Load,2026-05-23T22:27:11Z
2026-05-23T22:26:36Z,2026-05-24T00:26:36+0200,35a99b20-1361-4eb7-8009-5b844fa790cc,2026-05-21T05:15:00Z,2026-05-21T07:15:00+0200,43300.0,MW,FR,FR,forecast_load,Forecasted Load,2026-05-23T22:27:11Z
2026-05-23T22:26:36Z,2026-05-24T00:26:36+0200,35a99b20-1361-4eb7-8009-5b844fa790cc,2026-05-21T05:30:00Z,2026-05-21T07:30:00+0200,44300.0,MW,FR,FR,forecast_load,Forecasted Load,2026-05-23T22:27:11Z
2026-05-23T22:26:36Z,2026-05-24T00:26:36+0200,35a99b20-1361-4eb7-8009-5b844fa790cc,2026-05-21T05:45:00Z,2026-05-21T07:45:00+0200,44800.0,MW,FR,FR,forecast_load,Forecasted Load,2026-05-23T22:27:11Z
2026-05-23T22:26:36Z,2026-05-24T00:26:36+0200,35a99b20-1361-4eb7-8009-5b844fa790cc,2026-05-21T06:00:00Z,2026-05-21T08:00:00+0200,45300.0,MW,FR,FR,forecast_load,Forecasted Load,2026-05-23T22:27:11Z
2026-05-23T22:26:36Z,2026-05-24T00:26:36+0200,35a99b20-1361-4eb7-8009-5b844fa790cc,2026-05-21T06:15:00Z,2026-05-21T08:15:00+0200,45650.0,MW,FR,FR,forecast_load,Forecasted Load,2026-05-23T22:27:11Z
2026-05-23T22:26:36Z,2026-05-24T00:26:36+0200,35a99b20-1361-4eb7-8009-5b844fa790cc,2026-05-21T06:30:00Z,2026-05-21T08:30:00+0200,46000.0,MW,FR,FR,forecast_load,Forecasted Load,2026-05-23T22:27:11Z
2026-05-23T22:26:36Z,2026-05-24T00:26:36+0200,35a99b20-1361-4eb7-8009-5b844fa790cc,2026-05-21T06:45:00Z,2026-05-21T08:45:00+0200,46300.0,MW,FR,FR,forecast_load,Forecasted Load,2026-05-23T22:27:11Z
2026-05-23T22:26:36Z,2026-05-24T00:26:36+0200,35a99b20-1361-4eb7-8009-5b844fa790cc,2026-05-21T07:00:00Z,2026-05-21T09:00:00+0200,46600.0,MW,FR,FR,forecast_load,Forecasted Load,2026-05-23T22:27:11Z
2026-05-23T22:26:36Z,2026-05-24T00:26:36+0200,35a99b20-1361-4eb7-8009-5b844fa790cc,2026-05-21T07:15:00Z,2026-05-21T09:15:00+0200,46600.0,MW,FR,FR,forecast_load,Forecasted Load,2026-05-23T22:27:11Z
2026-05-23T22:26:36Z,2026-05-24T00:26:36+0200,35a99b20-1361-4eb7-8009-5b844fa790cc,2026-05-21T07:30:00Z,2026-05-21T09:30:00+0200,46600.0,MW,FR,FR,forecast_load,Forecasted Load,2026-05-23T22:27:11Z
2026-05-23T22:26:36Z,2026-05-24T00:26:36+0200,35a99b20-1361-4eb7-8009-5b844fa790cc,2026-05-21T07:45:00Z,2026-05-21T09:45:00+0200,46550.0,MW,FR,FR,forecast_load,Forecasted Load,2026-05-23T22:27:11Z
2026-05-23T22:26:36Z,2026-05-24T00:26:36+0200,35a99b20-1361-4eb7-8009-5b844fa790cc,2026-05-21T08:00:00Z,2026-05-21T10:00:00+0200,46500.0,MW,FR,FR,forecast_load,Forecasted Load,2026-05-23T22:27:11Z
2026-05-23T22:26:36Z,2026-05-24T00:26:36+0200,35a99b20-1361-4eb7-8009-5b844fa790cc,2026-05-21T08:15:00Z,2026-05-21T10:15:00+0200,46400.0,MW,FR,FR,forecast_load,Forecasted Load,2026-05-23T22:27:11Z
2026-05-23T22:26:36Z,2026-05-24T00:26:36+0200,35a99b20-1361-4eb7-8009-5b844fa790cc,2026-05-21T08:30:00Z,2026-05-21T10:30:00+0200,46300.0,MW,FR,FR,forecast_load,Forecasted Load,2026-05-23T22:27:11Z
2026-05-23T22:26:36Z,2026-05-24T00:26:36+0200,35a99b20-1361-4eb7-8009-5b844fa790cc,2026-05-21T08:45:00Z,2026-05-21T10:45:00+0200,46550.0,MW,FR,FR,forecast_load,Forecasted Load,2026-05-23T22:27:11Z
2026-05-23T22:26:36Z,2026-05-24T00:26:36+0200,35a99b20-1361-4eb7-8009-5b844fa790cc,2026-05-21T09:00:00Z,2026-05-21T11:00:00+0200,46800.0,MW,FR,FR,forecast_load,Forecasted Load,2026-05-23T22:27:11Z
2026-05-23T22:26:36Z,2026-05-24T00:26:36+0200,35a99b20-1361-4eb7-8009-5b844fa790cc,2026-05-21T09:15:00Z,2026-05-21T11:15:00+0200,47050.0,MW,FR,FR,forecast_load,Forecasted Load,2026-05-23T22:27:11Z
2026-05-23T22:26:36Z,2026-05-24T00:26:36+0200,35a99b20-1361-4eb7-8009-5b844fa790cc,2026-05-21T09:30:00Z,2026-05-21T11:30:00+0200,47300.0,MW,FR,FR,forecast_load,Forecasted Load,2026-05-23T22:27:11Z
2026-05-23T22:26:36Z,2026-05-24T00:26:36+0200,35a99b20-1361-4eb7-8009-5b844fa790cc,2026-05-21T09:45:00Z,2026-05-21T11:45:00+0200,47850.0,MW,FR,FR,forecast_load,Forecasted Load,2026-05-23T22:27:11Z
2026-05-23T22:26:36Z,2026-05-24T00:26:36+0200,35a99b20-1361-4eb7-8009-5b844fa790cc,2026-05-21T10:00:00Z,2026-05-21T12:00:00+0200,48400.0,MW,FR,FR,forecast_load,Forecasted Load,2026-05-23T22:27:11Z
2026-05-23T22:26:36Z,2026-05-24T00:26:36+0200,35a99b20-1361-4eb7-8009-5b844fa790cc,2026-05-21T10:15:00Z,2026-05-21T12:15:00+0200,48050.0,MW,FR,FR,forecast_load,Forecasted Load,2026-05-23T22:27:11Z
2026-05-23T22:26:36Z,2026-05-24T00:26:36+0200,35a99b20-1361-4eb7-8009-5b844fa790cc,2026-05-21T10:30:00Z,2026-05-21T12:30:00+0200,47700.0,MW,FR,FR,forecast_load,Forecasted Load,2026-05-23T22:27:11Z
2026-05-23T22:26:36Z,2026-05-24T00:26:36+0200,35a99b20-1361-4eb7-8009-5b844fa790cc,2026-05-21T10:45:00Z,2026-05-21T12:45:00+0200,48100.0,MW,FR,FR,forecast_load,Forecasted Load,2026-05-23T22:27:11Z
2026-05-23T22:26:36Z,2026-05-24T00:26:36+0200,35a99b20-1361-4eb7-8009-5b844fa790cc,2026-05-21T11:00:00Z,2026-05-21T13:00:00+0200,48500.0,MW,FR,FR,forecast_load,Forecasted Load,2026-05-23T22:27:11Z
2026-05-23T22:26:36Z,2026-05-24T00:26:36+0200,35a99b20-1361-4eb7-8009-5b844fa790cc,2026-05-21T11:15:00Z,2026-05-21T13:15:00+0200,47500.0,MW,FR,FR,forecast_load,Forecasted Load,2026-05-23T22:27:11Z
2026-05-23T22:26:36Z,2026-05-24T00:26:36+0200,35a99b20-1361-4eb7-8009-5b844fa790cc,2026-05-21T11:30:00Z,2026-05-21T13:30:00+0200,46500.0,MW,FR,FR,forecast_load,Forecasted Load,2026-05-23T22:27:11Z
2026-05-23T22:26:36Z,2026-05-24T00:26:36+0200,35a99b20-1361-4eb7-8009-5b844fa790cc,2026-05-21T11:45:00Z,2026-05-21T13:45:00+0200,46350.0,MW,FR,FR,forecast_load,Forecasted Load,2026-05-23T22:27:11Z
2026-05-23T22:26:36Z,2026-05-24T00:26:36+0200,35a99b20-1361-4eb7-8009-5b844fa790cc,2026-05-21T12:00:00Z,2026-05-21T14:00:00+0200,46200.0,MW,FR,FR,forecast_load,Forecasted Load,2026-05-23T22:27:11Z
2026-05-23T22:26:36Z,2026-05-24T00:26:36+0200,35a99b20-1361-4eb7-8009-5b844fa790cc,2026-05-21T12:15:00Z,2026-05-21T14:15:00+0200,46700.0,MW,FR,FR,forecast_load,Forecasted Load,2026-05-23T22:27:11Z
2026-05-23T22:26:36Z,2026-05-24T00:26:36+0200,35a99b20-1361-4eb7-8009-5b844fa790cc,2026-05-21T12:30:00Z,2026-05-21T14:30:00+0200,47200.0,MW,FR,FR,forecast_load,Forecasted Load,2026-05-23T22:27:11Z
2026-05-23T22:26:36Z,2026-05-24T00:26:36+0200,35a99b20-1361-4eb7-8009-5b844fa790cc,2026-05-21T12:45:00Z,2026-05-21T14:45:00+0200,46600.0,MW,FR,FR,forecast_load,Forecasted Load,2026-05-23T22:27:11Z
2026-05-23T22:26:36Z,2026-05-24T00:26:36+0200,35a99b20-1361-4eb7-8009-5b844fa790cc,2026-05-21T13:00:00Z,2026-05-21T15:00:00+0200,46000.0,MW,FR,FR,forecast_load,Forecasted Load,2026-05-23T22:27:11Z
2026-05-23T22:26:36Z,2026-05-24T00:26:36+0200,35a99b20-1361-4eb7-8009-5b844fa790cc,2026-05-21T13:15:00Z,2026-05-21T15:15:00+0200,45750.0,MW,FR,FR,forecast_load,Forecasted Load,2026-05-23T22:27:11Z
2026-05-23T22:26:36Z,2026-05-24T00:26:36+0200,35a99b20-1361-4eb7-8009-5b844fa790cc,2026-05-21T13:30:00Z,2026-05-21T15:30:00+0200,45500.0,MW,FR,FR,forecast_load,Forecasted Load,2026-05-23T22:27:11Z
2026-05-23T22:26:36Z,2026-05-24T00:26:36+0200,35a99b20-1361-4eb7-8009-5b844fa790cc,2026-05-21T13:45:00Z,2026-05-21T15:45:00+0200,45150.0,MW,FR,FR,forecast_load,Forecasted Load,2026-05-23T22:27:11Z
2026-05-23T22:26:36Z,2026-05-24T00:26:36+0200,35a99b20-1361-4eb7-8009-5b844fa790cc,2026-05-21T14:00:00Z,2026-05-21T16:00:00+0200,44800.0,MW,FR,FR,forecast_load,Forecasted Load,2026-05-23T22:27:11Z
2026-05-23T22:26:36Z,2026-05-24T00:26:36+0200,35a99b20-1361-4eb7-8009-5b844fa790cc,2026-05-21T14:15:00Z,2026-05-21T16:15:00+0200,44550.0,MW,FR,FR,forecast_load,Forecasted Load,2026-05-23T22:27:11Z
2026-05-23T22:26:36Z,2026-05-24T00:26:36+0200,35a99b20-1361-4eb7-8009-5b844fa790cc,2026-05-21T14:30:00Z,2026-05-21T16:30:00+0200,44300.0,MW,FR,FR,forecast_load,Forecasted Load,2026-05-23T22:27:11Z
2026-05-23T22:26:36Z,2026-05-24T00:26:36+0200,35a99b20-1361-4eb7-8009-5b844fa790cc,2026-05-21T14:45:00Z,2026-05-21T16:45:00+0200,44150.0,MW,FR,FR,forecast_load,Forecasted Load,2026-05-23T22:27:11Z
2026-05-23T22:26:36Z,2026-05-24T00:26:36+0200,35a99b20-1361-4eb7-8009-5b844fa790cc,2026-05-21T15:00:00Z,2026-05-21T17:00:00+0200,44000.0,MW,FR,FR,forecast_load,Forecasted Load,2026-05-23T22:27:11Z
2026-05-23T22:26:36Z,2026-05-24T00:26:36+0200,35a99b20-1361-4eb7-8009-5b844fa790cc,2026-05-21T15:15:00Z,2026-05-21T17:15:00+0200,44150.0,MW,FR,FR,forecast_load,Forecasted Load,2026-05-23T22:27:11Z
2026-05-23T22:26:36Z,2026-05-24T00:26:36+0200,35a99b20-1361-4eb7-8009-5b844fa790cc,2026-05-21T15:30:00Z,2026-05-21T17:30:00+0200,44300.0,MW,FR,FR,forecast_load,Forecasted Load,2026-05-23T22:27:11Z
2026-05-23T22:26:36Z,2026-05-24T00:26:36+0200,35a99b20-1361-4eb7-8009-5b844fa790cc,2026-05-21T15:45:00Z,2026-05-21T17:45:00+0200,44900.0,MW,FR,FR,forecast_load,Forecasted Load,2026-05-23T22:27:11Z
2026-05-23T22:26:36Z,2026-05-24T00:26:36+0200,35a99b20-1361-4eb7-8009-5b844fa790cc,2026-05-21T16:00:00Z,2026-05-21T18:00:00+0200,45500.0,MW,FR,FR,forecast_load,Forecasted Load,2026-05-23T22:27:11Z
2026-05-23T22:26:36Z,2026-05-24T00:26:36+0200,35a99b20-1361-4eb7-8009-5b844fa790cc,2026-05-21T16:15:00Z,2026-05-21T18:15:00+0200,46000.0,MW,FR,FR,forecast_load,Forecasted Load,2026-05-23T22:27:11Z
2026-05-23T22:26:36Z,2026-05-24T00:26:36+0200,35a99b20-1361-4eb7-8009-5b844fa790cc,2026-05-21T16:30:00Z,2026-05-21T18:30:00+0200,46500.0,MW,FR,FR,forecast_load,Forecasted Load,2026-05-23T22:27:11Z
2026-05-23T22:26:36Z,2026-05-24T00:26:36+0200,35a99b20-1361-4eb7-8009-5b844fa790cc,2026-05-21T16:45:00Z,2026-05-21T18:45:00+0200,47350.0,MW,FR,FR,forecast_load,Forecasted Load,2026-05-23T22:27:11Z
2026-05-23T22:26:36Z,2026-05-24T00:26:36+0200,35a99b20-1361-4eb7-8009-5b844fa790cc,2026-05-21T17:00:00Z,2026-05-21T19:00:00+0200,48200.0,MW,FR,FR,forecast_load,Forecasted Load,2026-05-23T22:27:11Z
2026-05-23T22:26:36Z,2026-05-24T00:26:36+0200,35a99b20-1361-4eb7-8009-5b844fa790cc,2026-05-21T17:15:00Z,2026-05-21T19:15:00+0200,48300.0,MW,FR,FR,forecast_load,Forecasted Load,2026-05-23T22:27:11Z
2026-05-23T22:26:36Z,2026-05-24T00:26:36+0200,35a99b20-1361-4eb7-8009-5b844fa790cc,2026-05-21T17:30:00Z,2026-05-21T19:30:00+0200,48400.0,MW,FR,FR,forecast_load,Forecasted Load,2026-05-23T22:27:11Z
2026-05-23T22:26:36Z,2026-05-24T00:26:36+0200,35a99b20-1361-4eb7-8009-5b844fa790cc,2026-05-21T17:45:00Z,2026-05-21T19:45:00+0200,47900.0,MW,FR,FR,forecast_load,Forecasted Load,2026-05-23T22:27:11Z
2026-05-23T22:26:36Z,2026-05-24T00:26:36+0200,35a99b20-1361-4eb7-8009-5b844fa790cc,2026-05-21T18:00:00Z,2026-05-21T20:00:00+0200,47400.0,MW,FR,FR,forecast_load,Forecasted Load,2026-05-23T22:27:11Z
2026-05-23T22:26:36Z,2026-05-24T00:26:36+0200,35a99b20-1361-4eb7-8009-5b844fa790cc,2026-05-21T18:15:00Z,2026-05-21T20:15:00+0200,46600.0,MW,FR,FR,forecast_load,Forecasted Load,2026-05-23T22:27:11Z
2026-05-23T22:26:36Z,2026-05-24T00:26:36+0200,35a99b20-1361-4eb7-8009-5b844fa790cc,2026-05-21T18:30:00Z,2026-05-21T20:30:00+0200,45800.0,MW,FR,FR,forecast_load,Forecasted Load,2026-05-23T22:27:11Z
2026-05-23T22:26:36Z,2026-05-24T00:26:36+0200,35a99b20-1361-4eb7-8009-5b844fa790cc,2026-05-21T18:45:00Z,2026-05-21T20:45:00+0200,45200.0,MW,FR,FR,forecast_load,Forecasted Load,2026-05-23T22:27:11Z
2026-05-23T22:26:36Z,2026-05-24T00:26:36+0200,35a99b20-1361-4eb7-8009-5b844fa790cc,2026-05-21T19:00:00Z,2026-05-21T21:00:00+0200,44600.0,MW,FR,FR,forecast_load,Forecasted Load,2026-05-23T22:27:11Z
2026-05-23T22:26:36Z,2026-05-24T00:26:36+0200,35a99b20-1361-4eb7-8009-5b844fa790cc,2026-05-21T19:15:00Z,2026-05-21T21:15:00+0200,44500.0,MW,FR,FR,forecast_load,Forecasted Load,2026-05-23T22:27:11Z
2026-05-23T22:26:36Z,2026-05-24T00:26:36+0200,35a99b20-1361-4eb7-8009-5b844fa790cc,2026-05-21T19:30:00Z,2026-05-21T21:30:00+0200,44400.0,MW,FR,FR,forecast_load,Forecasted Load,2026-05-23T22:27:11Z
2026-05-23T22:26:36Z,2026-05-24T00:26:36+0200,35a99b20-1361-4eb7-8009-5b844fa790cc,2026-05-21T19:45:00Z,2026-05-21T21:45:00+0200,44100.0,MW,FR,FR,forecast_load,Forecasted Load,2026-05-23T22:27:11Z
2026-05-23T22:26:36Z,2026-05-24T00:26:36+0200,35a99b20-1361-4eb7-8009-5b844fa790cc,2026-05-21T20:00:00Z,2026-05-21T22:00:00+0200,43800.0,MW,FR,FR,forecast_load,Forecasted Load,2026-05-23T22:27:11Z
2026-05-23T22:26:36Z,2026-05-24T00:26:36+0200,35a99b20-1361-4eb7-8009-5b844fa790cc,2026-05-21T20:15:00Z,2026-05-21T22:15:00+0200,44350.0,MW,FR,FR,forecast_load,Forecasted Load,2026-05-23T22:27:11Z
2026-05-23T22:26:36Z,2026-05-24T00:26:36+0200,35a99b20-1361-4eb7-8009-5b844fa790cc,2026-05-21T20:30:00Z,2026-05-21T22:30:00+0200,44900.0,MW,FR,FR,forecast_load,Forecasted Load,2026-05-23T22:27:11Z
2026-05-23T22:26:36Z,2026-05-24T00:26:36+0200,35a99b20-1361-4eb7-8009-5b844fa790cc,2026-05-21T20:45:00Z,2026-05-21T22:45:00+0200,45550.0,MW,FR,FR,forecast_load,Forecasted Load,2026-05-23T22:27:11Z
2026-05-23T22:26:36Z,2026-05-24T00:26:36+0200,35a99b20-1361-4eb7-8009-5b844fa790cc,2026-05-21T21:00:00Z,2026-05-21T23:00:00+0200,46200.0,MW,FR,FR,forecast_load,Forecasted Load,2026-05-23T22:27:11Z
2026-05-23T22:26:36Z,2026-05-24T00:26:36+0200,35a99b20-1361-4eb7-8009-5b844fa790cc,2026-05-21T21:15:00Z,2026-05-21T23:15:00+0200,45700.0,MW,FR,FR,forecast_load,Forecasted Load,2026-05-23T22:27:11Z
2026-05-23T22:26:36Z,2026-05-24T00:26:36+0200,35a99b20-1361-4eb7-8009-5b844fa790cc,2026-05-21T21:30:00Z,2026-05-21T23:30:00+0200,45200.0,MW,FR,FR,forecast_load,Forecasted Load,2026-05-23T22:27:11Z
2026-05-23T22:26:36Z,2026-05-24T00:26:36+0200,35a99b20-1361-4eb7-8009-5b844fa790cc,2026-05-21T21:45:00Z,2026-05-21T23:45:00+0200,44300.0,MW,FR,FR,forecast_load,Forecasted Load,2026-05-23T22:27:11Z
2026-05-23T22:26:36Z,2026-05-24T00:26:36+0200,35a99b20-1361-4eb7-8009-5b844fa790cc,2026-05-21T22:00:00Z,2026-05-22T00:00:00+0200,44000.0,MW,FR,FR,forecast_load,Forecasted Load,2026-05-23T22:27:11Z
2026-05-23T22:26:36Z,2026-05-24T00:26:36+0200,35a99b20-1361-4eb7-8009-5b844fa790cc,2026-05-21T22:15:00Z,2026-05-22T00:15:00+0200,43300.0,MW,FR,FR,forecast_load,Forecasted Load,2026-05-23T22:27:11Z
2026-05-23T22:26:36Z,2026-05-24T00:26:36+0200,35a99b20-1361-4eb7-8009-5b844fa790cc,2026-05-21T22:30:00Z,2026-05-22T00:30:00+0200,42600.0,MW,FR,FR,forecast_load,Forecasted Load,2026-05-23T22:27:11Z
2026-05-23T22:26:36Z,2026-05-24T00:26:36+0200,35a99b20-1361-4eb7-8009-5b844fa790cc,2026-05-21T22:45:00Z,2026-05-22T00:45:00+0200,41800.0,MW,FR,FR,forecast_load,Forecasted Load,2026-05-23T22:27:11Z
2026-05-23T22:26:36Z,2026-05-24T00:26:36+0200,35a99b20-1361-4eb7-8009-5b844fa790cc,2026-05-21T23:00:00Z,2026-05-22T01:00:00+0200,41000.0,MW,FR,FR,forecast_load,Forecasted Load,2026-05-23T22:27:11Z
2026-05-23T22:26:36Z,2026-05-24T00:26:36+0200,35a99b20-1361-4eb7-8009-5b844fa790cc,2026-05-21T23:15:00Z,2026-05-22T01:15:00+0200,41400.0,MW,FR,FR,forecast_load,Forecasted Load,2026-05-23T22:27:11Z
2026-05-23T22:26:36Z,2026-05-24T00:26:36+0200,35a99b20-1361-4eb7-8009-5b844fa790cc,2026-05-21T23:30:00Z,2026-05-22T01:30:00+0200,41800.0,MW,FR,FR,forecast_load,Forecasted Load,2026-05-23T22:27:11Z
2026-05-23T22:26:36Z,2026-05-24T00:26:36+0200,35a99b20-1361-4eb7-8009-5b844fa790cc,2026-05-21T23:45:00Z,2026-05-22T01:45:00+0200,40800.0,MW,FR,FR,forecast_load,Forecasted Load,2026-05-23T22:27:11Z
2026-05-23T22:26:36Z,2026-05-24T00:26:36+0200,35a99b20-1361-4eb7-8009-5b844fa790cc,2026-05-22T00:00:00Z,2026-05-22T02:00:00+0200,39800.0,MW,FR,FR,forecast_load,Forecasted Load,2026-05-23T22:27:11Z
2026-05-23T22:26:36Z,2026-05-24T00:26:36+0200,35a99b20-1361-4eb7-8009-5b844fa790cc,2026-05-22T00:15:00Z,2026-05-22T02:15:00+0200,39450.0,MW,FR,FR,forecast_load,Forecasted Load,2026-05-23T22:27:11Z
2026-05-23T22:26:36Z,2026-05-24T00:26:36+0200,35a99b20-1361-4eb7-8009-5b844fa790cc,2026-05-22T00:30:00Z,2026-05-22T02:30:00+0200,39100.0,MW,FR,FR,forecast_load,Forecasted Load,2026-05-23T22:27:11Z
2026-05-23T22:26:36Z,2026-05-24T00:26:36+0200,35a99b20-1361-4eb7-8009-5b844fa790cc,2026-05-22T00:45:00Z,2026-05-22T02:45:00+0200,38450.0,MW,FR,FR,forecast_load,Forecasted Load,2026-05-23T22:27:11Z
2026-05-23T22:26:36Z,2026-05-24T00:26:36+0200,35a99b20-1361-4eb7-8009-5b844fa790cc,2026-05-22T01:00:00Z,2026-05-22T03:00:00+0200,37800.0,MW,FR,FR,forecast_load,Forecasted Load,2026-05-23T22:27:11Z
2026-05-23T22:26:36Z,2026-05-24T00:26:36+0200,35a99b20-1361-4eb7-8009-5b844fa790cc,2026-05-22T01:15:00Z,2026-05-22T03:15:00+0200,37450.0,MW,FR,FR,forecast_load,Forecasted Load,2026-05-23T22:27:11Z
2026-05-23T22:26:36Z,2026-05-24T00:26:36+0200,35a99b20-1361-4eb7-8009-5b844fa790cc,2026-05-22T01:30:00Z,2026-05-22T03:30:00+0200,37100.0,MW,FR,FR,forecast_load,Forecasted Load,2026-05-23T22:27:11Z
2026-05-23T22:26:36Z,2026-05-24T00:26:36+0200,35a99b20-1361-4eb7-8009-5b844fa790cc,2026-05-22T01:45:00Z,2026-05-22T03:45:00+0200,36700.0,MW,FR,FR,forecast_load,Forecasted Load,2026-05-23T22:27:11Z
2026-05-23T22:26:36Z,2026-05-24T00:26:36+0200,35a99b20-1361-4eb7-8009-5b844fa790cc,2026-05-22T02:00:00Z,2026-05-22T04:00:00+0200,36300.0,MW,FR,FR,forecast_load,Forecasted Load,2026-05-23T22:27:11Z
2026-05-23T22:26:36Z,2026-05-24T00:26:36+0200,35a99b20-1361-4eb7-8009-5b844fa790cc,2026-05-22T02:15:00Z,2026-05-22T04:15:00+0200,36200.0,MW,FR,FR,forecast_load,Forecasted Load,2026-05-23T22:27:11Z
2026-05-23T22:26:36Z,2026-05-24T00:26:36+0200,35a99b20-1361-4eb7-8009-5b844fa790cc,2026-05-22T02:30:00Z,2026-05-22T04:30:00+0200,36100.0,MW,FR,FR,forecast_load,Forecasted Load,2026-05-23T22:27:11Z
2026-05-23T22:26:36Z,2026-05-24T00:26:36+0200,35a99b20-1361-4eb7-8009-5b844fa790cc,2026-05-22T02:45:00Z,2026-05-22T04:45:00+0200,36500.0,MW,FR,FR,forecast_load,Forecasted Load,2026-05-23T22:27:11Z
2026-05-23T22:26:36Z,2026-05-24T00:26:36+0200,35a99b20-1361-4eb7-8009-5b844fa790cc,2026-05-22T03:00:00Z,2026-05-22T05:00:00+0200,36900.0,MW,FR,FR,forecast_load,Forecasted Load,2026-05-23T22:27:11Z
2026-05-23T22:26:36Z,2026-05-24T00:26:36+0200,35a99b20-1361-4eb7-8009-5b844fa790cc,2026-05-22T03:15:00Z,2026-05-22T05:15:00+0200,37250.0,MW,FR,FR,forecast_load,Forecasted Load,2026-05-23T22:27:11Z
2026-05-23T22:26:36Z,2026-05-24T00:26:36+0200,35a99b20-1361-4eb7-8009-5b844fa790cc,2026-05-22T03:30:00Z,2026-05-22T05:30:00+0200,37600.0,MW,FR,FR,forecast_load,Forecasted Load,2026-05-23T22:27:11Z
2026-05-23T22:26:36Z,2026-05-24T00:26:36+0200,35a99b20-1361-4eb7-8009-5b844fa790cc,2026-05-22T03:45:00Z,2026-05-22T05:45:00+0200,38300.0,MW,FR,FR,forecast_load,Forecasted Load,2026-05-23T22:27:11Z
2026-05-23T22:26:36Z,2026-05-24T00:26:36+0200,35a99b20-1361-4eb7-8009-5b844fa790cc,2026-05-22T04:00:00Z,2026-05-22T06:00:00+0200,39000.0,MW,FR,FR,forecast_load,Forecasted Load,2026-05-23T22:27:11Z
2026-05-23T22:26:36Z,2026-05-24T00:26:36+0200,35a99b20-1361-4eb7-8009-5b844fa790cc,2026-05-22T04:15:00Z,2026-05-22T06:15:00+0200,40000.0,MW,FR,FR,forecast_load,Forecasted Load,2026-05-23T22:27:11Z
2026-05-23T22:26:36Z,2026-05-24T00:26:36+0200,35a99b20-1361-4eb7-8009-5b844fa790cc,2026-05-22T04:30:00Z,2026-05-22T06:30:00+0200,41000.0,MW,FR,FR,forecast_load,Forecasted Load,2026-05-23T22:27:11Z
2026-05-23T22:26:36Z,2026-05-24T00:26:36+0200,35a99b20-1361-4eb7-8009-5b844fa790cc,2026-05-22T04:45:00Z,2026-05-22T06:45:00+0200,42000.0,MW,FR,FR,forecast_load,Forecasted Load,2026-05-23T22:27:11Z
2026-05-23T22:26:36Z,2026-05-24T00:26:36+0200,35a99b20-1361-4eb7-8009-5b844fa790cc,2026-05-22T05:00:00Z,2026-05-22T07:00:00+0200,43000.0,MW,FR,FR,forecast_load,Forecasted Load,2026-05-23T22:27:11Z
2026-05-23T22:26:36Z,2026-05-24T00:26:36+0200,35a99b20-1361-4eb7-8009-5b844fa790cc,2026-05-22T05:15:00Z,2026-05-22T07:15:00+0200,43600.0,MW,FR,FR,forecast_load,Forecasted Load,2026-05-23T22:27:11Z
2026-05-23T22:26:36Z,2026-05-24T00:26:36+0200,35a99b20-1361-4eb7-8009-5b844fa790cc,2026-05-22T05:30:00Z,2026-05-22T07:30:00+0200,44200.0,MW,FR,FR,forecast_load,Forecasted Load,2026-05-23T22:27:11Z
2026-05-23T22:26:36Z,2026-05-24T00:26:36+0200,35a99b20-1361-4eb7-8009-5b844fa790cc,2026-05-22T05:45:00Z,2026-05-22T07:45:00+0200,44700.0,MW,FR,FR,forecast_load,Forecasted Load,2026-05-23T22:27:11Z
2026-05-23T22:26:36Z,2026-05-24T00:26:36+0200,35a99b20-1361-4eb7-8009-5b844fa790cc,2026-05-22T06:00:00Z,2026-05-22T08:00:00+0200,45200.0,MW,FR,FR,forecast_load,Forecasted Load,2026-05-23T22:27:11Z
2026-05-23T22:26:36Z,2026-05-24T00:26:36+0200,35a99b20-1361-4eb7-8009-5b844fa790cc,2026-05-22T06:15:00Z,2026-05-22T08:15:00+0200,45750.0,MW,FR,FR,forecast_load,Forecasted Load,2026-05-23T22:27:11Z
2026-05-23T22:26:36Z,2026-05-24T00:26:36+0200,35a99b20-1361-4eb7-8009-5b844fa790cc,2026-05-22T06:30:00Z,2026-05-22T08:30:00+0200,46300.0,MW,FR,FR,forecast_load,Forecasted Load,2026-05-23T22:27:11Z
2026-05-23T22:26:36Z,2026-05-24T00:26:36+0200,35a99b20-1361-4eb7-8009-5b844fa790cc,2026-05-22T06:45:00Z,2026-05-22T08:45:00+0200,46750.0,MW,FR,FR,forecast_load,Forecasted Load,2026-05-23T22:27:11Z
2026-05-23T22:26:36Z,2026-05-24T00:26:36+0200,35a99b20-1361-4eb7-8009-5b844fa790cc,2026-05-22T07:00:00Z,2026-05-22T09:00:00+0200,47200.0,MW,FR,FR,forecast_load,Forecasted Load,2026-05-23T22:27:11Z
2026-05-23T22:26:36Z,2026-05-24T00:26:36+0200,35a99b20-1361-4eb7-8009-5b844fa790cc,2026-05-22T07:15:00Z,2026-05-22T09:15:00+0200,47200.0,MW,FR,FR,forecast_load,Forecasted Load,2026-05-23T22:27:11Z
2026-05-23T22:26:36Z,2026-05-24T00:26:36+0200,35a99b20-1361-4eb7-8009-5b844fa790cc,2026-05-22T07:30:00Z,2026-05-22T09:30:00+0200,47200.0,MW,FR,FR,forecast_load,Forecasted Load,2026-05-23T22:27:11Z
2026-05-23T22:26:36Z,2026-05-24T00:26:36+0200,35a99b20-1361-4eb7-8009-5b844fa790cc,2026-05-22T07:45:00Z,2026-05-22T09:45:00+0200,47200.0,MW,FR,FR,forecast_load,Forecasted Load,2026-05-23T22:27:11Z
2026-05-23T22:26:36Z,2026-05-24T00:26:36+0200,35a99b20-1361-4eb7-8009-5b844fa790cc,2026-05-22T08:00:00Z,2026-05-22T10:00:00+0200,47200.0,MW,FR,FR,forecast_load,Forecasted Load,2026-05-23T22:27:11Z
2026-05-23T22:26:36Z,2026-05-24T00:26:36+0200,35a99b20-1361-4eb7-8009-5b844fa790cc,2026-05-22T08:15:00Z,2026-05-22T10:15:00+0200,47300.0,MW,FR,FR,forecast_load,Forecasted Load,2026-05-23T22:27:11Z
2026-05-23T22:26:36Z,2026-05-24T00:26:36+0200,35a99b20-1361-4eb7-8009-5b844fa790cc,2026-05-22T08:30:00Z,2026-05-22T10:30:00+0200,47400.0,MW,FR,FR,forecast_load,Forecasted Load,2026-05-23T22:27:11Z
2026-05-23T22:26:36Z,2026-05-24T00:26:36+0200,35a99b20-1361-4eb7-8009-5b844fa790cc,2026-05-22T08:45:00Z,2026-05-22T10:45:00+0200,47600.0,MW,FR,FR,forecast_load,Forecasted Load,2026-05-23T22:27:11Z
2026-05-23T22:26:36Z,2026-05-24T00:26:36+0200,35a99b20-1361-4eb7-8009-5b844fa790cc,2026-05-22T09:00:00Z,2026-05-22T11:00:00+0200,47800.0,MW,FR,FR,forecast_load,Forecasted Load,2026-05-23T22:27:11Z
2026-05-23T22:26:36Z,2026-05-24T00:26:36+0200,35a99b20-1361-4eb7-8009-5b844fa790cc,2026-05-22T09:15:00Z,2026-05-22T11:15:00+0200,48100.0,MW,FR,FR,forecast_load,Forecasted Load,2026-05-23T22:27:11Z
2026-05-23T22:26:36Z,2026-05-24T00:26:36+0200,35a99b20-1361-4eb7-8009-5b844fa790cc,2026-05-22T09:30:00Z,2026-05-22T11:30:00+0200,48400.0,MW,FR,FR,forecast_load,Forecasted Load,2026-05-23T22:27:11Z
2026-05-23T22:26:36Z,2026-05-24T00:26:36+0200,35a99b20-1361-4eb7-8009-5b844fa790cc,2026-05-22T09:45:00Z,2026-05-22T11:45:00+0200,48900.0,MW,FR,FR,forecast_load,Forecasted Load,2026-05-23T22:27:11Z
2026-05-23T22:26:36Z,2026-05-24T00:26:36+0200,35a99b20-1361-4eb7-8009-5b844fa790cc,2026-05-22T10:00:00Z,2026-05-22T12:00:00+0200,49400.0,MW,FR,FR,forecast_load,Forecasted Load,2026-05-23T22:27:11Z
2026-05-23T22:26:36Z,2026-05-24T00:26:36+0200,35a99b20-1361-4eb7-8009-5b844fa790cc,2026-05-22T10:15:00Z,2026-05-22T12:15:00+0200,49050.0,MW,FR,FR,forecast_load,Forecasted Load,2026-05-23T22:27:11Z
2026-05-23T22:26:36Z,2026-05-24T00:26:36+0200,35a99b20-1361-4eb7-8009-5b844fa790cc,2026-05-22T10:30:00Z,2026-05-22T12:30:00+0200,48700.0,MW,FR,FR,forecast_load,Forecasted Load,2026-05-23T22:27:11Z
2026-05-23T22:26:36Z,2026-05-24T00:26:36+0200,35a99b20-1361-4eb7-8009-5b844fa790cc,2026-05-22T10:45:00Z,2026-05-22T12:45:00+0200,49200.0,MW,FR,FR,forecast_load,Forecasted Load,2026-05-23T22:27:11Z
2026-05-23T22:26:36Z,2026-05-24T00:26:36+0200,35a99b20-1361-4eb7-8009-5b844fa790cc,2026-05-22T11:00:00Z,2026-05-22T13:00:00+0200,49700.0,MW,FR,FR,forecast_load,Forecasted Load,2026-05-23T22:27:11Z
2026-05-23T22:26:36Z,2026-05-24T00:26:36+0200,35a99b20-1361-4eb7-8009-5b844fa790cc,2026-05-22T11:15:00Z,2026-05-22T13:15:00+0200,48750.0,MW,FR,FR,forecast_load,Forecasted Load,2026-05-23T22:27:11Z
2026-05-23T22:26:36Z,2026-05-24T00:26:36+0200,35a99b20-1361-4eb7-8009-5b844fa790cc,2026-05-22T11:30:00Z,2026-05-22T13:30:00+0200,47800.0,MW,FR,FR,forecast_load,Forecasted Load,2026-05-23T22:27:11Z
2026-05-23T22:26:36Z,2026-05-24T00:26:36+0200,35a99b20-1361-4eb7-8009-5b844fa790cc,2026-05-22T11:45:00Z,2026-05-22T13:45:00+0200,47650.0,MW,FR,FR,forecast_load,Forecasted Load,2026-05-23T22:27:11Z
2026-05-23T22:26:36Z,2026-05-24T00:26:36+0200,35a99b20-1361-4eb7-8009-5b844fa790cc,2026-05-22T12:00:00Z,2026-05-22T14:00:00+0200,47500.0,MW,FR,FR,forecast_load,Forecasted Load,2026-05-23T22:27:11Z
2026-05-23T22:26:36Z,2026-05-24T00:26:36+0200,35a99b20-1361-4eb7-8009-5b844fa790cc,2026-05-22T12:15:00Z,2026-05-22T14:15:00+0200,48050.0,MW,FR,FR,forecast_load,Forecasted Load,2026-05-23T22:27:11Z
2026-05-23T22:26:36Z,2026-05-24T00:26:36+0200,35a99b20-1361-4eb7-8009-5b844fa790cc,2026-05-22T12:30:00Z,2026-05-22T14:30:00+0200,48600.0,MW,FR,FR,forecast_load,Forecasted Load,2026-05-23T22:27:11Z
2026-05-23T22:26:36Z,2026-05-24T00:26:36+0200,35a99b20-1361-4eb7-8009-5b844fa790cc,2026-05-22T12:45:00Z,2026-05-22T14:45:00+0200,48100.0,MW,FR,FR,forecast_load,Forecasted Load,2026-05-23T22:27:11Z
2026-05-23T22:26:36Z,2026-05-24T00:26:36+0200,35a99b20-1361-4eb7-8009-5b844fa790cc,2026-05-22T13:00:00Z,2026-05-22T15:00:00+0200,47600.0,MW,FR,FR,forecast_load,Forecasted Load,2026-05-23T22:27:11Z
2026-05-23T22:26:36Z,2026-05-24T00:26:36+0200,35a99b20-1361-4eb7-8009-5b844fa790cc,2026-05-22T13:15:00Z,2026-05-22T15:15:00+0200,47350.0,MW,FR,FR,forecast_load,Forecasted Load,2026-05-23T22:27:11Z
2026-05-23T22:26:36Z,2026-05-24T00:26:36+0200,35a99b20-1361-4eb7-8009-5b844fa790cc,2026-05-22T13:30:00Z,2026-05-22T15:30:00+0200,47100.0,MW,FR,FR,forecast_load,Forecasted Load,2026-05-23T22:27:11Z
2026-05-23T22:26:36Z,2026-05-24T00:26:36+0200,35a99b20-1361-4eb7-8009-5b844fa790cc,2026-05-22T13:45:00Z,2026-05-22T15:45:00+0200,46600.0,MW,FR,FR,forecast_load,Forecasted Load,2026-05-23T22:27:11Z
2026-05-23T22:26:36Z,2026-05-24T00:26:36+0200,35a99b20-1361-4eb7-8009-5b844fa790cc,2026-05-22T14:00:00Z,2026-05-22T16:00:00+0200,46100.0,MW,FR,FR,forecast_load,Forecasted Load,2026-05-23T22:27:11Z
2026-05-23T22:26:36Z,2026-05-24T00:26:36+0200,35a99b20-1361-4eb7-8009-5b844fa790cc,2026-05-22T14:15:00Z,2026-05-22T16:15:00+0200,45600.0,MW,FR,FR,forecast_load,Forecasted Load,2026-05-23T22:27:11Z
2026-05-23T22:26:36Z,2026-05-24T00:26:36+0200,35a99b20-1361-4eb7-8009-5b844fa790cc,2026-05-22T14:30:00Z,2026-05-22T16:30:00+0200,45100.0,MW,FR,FR,forecast_load,Forecasted Load,2026-05-23T22:27:11Z
2026-05-23T22:26:36Z,2026-05-24T00:26:36+0200,35a99b20-1361-4eb7-8009-5b844fa790cc,2026-05-22T14:45:00Z,2026-05-22T16:45:00+0200,44700.0,MW,FR,FR,forecast_load,Forecasted Load,2026-05-23T22:27:11Z
2026-05-23T22:26:36Z,2026-05-24T00:26:36+0200,35a99b20-1361-4eb7-8009-5b844fa790cc,2026-05-22T15:00:00Z,2026-05-22T17:00:00+0200,44300.0,MW,FR,FR,forecast_load,Forecasted Load,2026-05-23T22:27:11Z
2026-05-23T22:26:36Z,2026-05-24T00:26:36+0200,35a99b20-1361-4eb7-8009-5b844fa790cc,2026-05-22T15:15:00Z,2026-05-22T17:15:00+0200,44400.0,MW,FR,FR,forecast_load,Forecasted Load,2026-05-23T22:27:11Z
2026-05-23T22:26:36Z,2026-05-24T00:26:36+0200,35a99b20-1361-4eb7-8009-5b844fa790cc,2026-05-22T15:30:00Z,2026-05-22T17:30:00+0200,44500.0,MW,FR,FR,forecast_load,Forecasted Load,2026-05-23T22:27:11Z
2026-05-23T22:26:36Z,2026-05-24T00:26:36+0200,35a99b20-1361-4eb7-8009-5b844fa790cc,2026-05-22T15:45:00Z,2026-05-22T17:45:00+0200,44900.0,MW,FR,FR,forecast_load,Forecasted Load,2026-05-23T22:27:11Z
2026-05-23T22:26:36Z,2026-05-24T00:26:36+0200,35a99b20-1361-4eb7-8009-5b844fa790cc,2026-05-22T16:00:00Z,2026-05-22T18:00:00+0200,45300.0,MW,FR,FR,forecast_load,Forecasted Load,2026-05-23T22:27:11Z
2026-05-23T22:26:36Z,2026-05-24T00:26:36+0200,35a99b20-1361-4eb7-8009-5b844fa790cc,2026-05-22T16:15:00Z,2026-05-22T18:15:00+0200,45900.0,MW,FR,FR,forecast_load,Forecasted Load,2026-05-23T22:27:11Z
2026-05-23T22:26:36Z,2026-05-24T00:26:36+0200,35a99b20-1361-4eb7-8009-5b844fa790cc,2026-05-22T16:30:00Z,2026-05-22T18:30:00+0200,46500.0,MW,FR,FR,forecast_load,Forecasted Load,2026-05-23T22:27:11Z
2026-05-23T22:26:36Z,2026-05-24T00:26:36+0200,35a99b20-1361-4eb7-8009-5b844fa790cc,2026-05-22T16:45:00Z,2026-05-22T18:45:00+0200,47000.0,MW,FR,FR,forecast_load,Forecasted Load,2026-05-23T22:27:11Z
2026-05-23T22:26:36Z,2026-05-24T00:26:36+0200,35a99b20-1361-4eb7-8009-5b844fa790cc,2026-05-22T17:00:00Z,2026-05-22T19:00:00+0200,47500.0,MW,FR,FR,forecast_load,Forecasted Load,2026-05-23T22:27:11Z
2026-05-23T22:26:36Z,2026-05-24T00:26:36+0200,35a99b20-1361-4eb7-8009-5b844fa790cc,2026-05-22T17:15:00Z,2026-05-22T19:15:00+0200,47600.0,MW,FR,FR,forecast_load,Forecasted Load,2026-05-23T22:27:11Z
2026-05-23T22:26:36Z,2026-05-24T00:26:36+0200,35a99b20-1361-4eb7-8009-5b844fa790cc,2026-05-22T17:30:00Z,2026-05-22T19:30:00+0200,47700.0,MW,FR,FR,forecast_load,Forecasted Load,2026-05-23T22:27:11Z
2026-05-23T22:26:36Z,2026-05-24T00:26:36+0200,35a99b20-1361-4eb7-8009-5b844fa790cc,2026-05-22T17:45:00Z,2026-05-22T19:45:00+0200,47300.0,MW,FR,FR,forecast_load,Forecasted Load,2026-05-23T22:27:11Z
2026-05-23T22:26:36Z,2026-05-24T00:26:36+0200,35a99b20-1361-4eb7-8009-5b844fa790cc,2026-05-22T18:00:00Z,2026-05-22T20:00:00+0200,46900.0,MW,FR,FR,forecast_load,Forecasted Load,2026-05-23T22:27:11Z
2026-05-23T22:26:36Z,2026-05-24T00:26:36+0200,35a99b20-1361-4eb7-8009-5b844fa790cc,2026-05-22T18:15:00Z,2026-05-22T20:15:00+0200,46400.0,MW,FR,FR,forecast_load,Forecasted Load,2026-05-23T22:27:11Z
2026-05-23T22:26:36Z,2026-05-24T00:26:36+0200,35a99b20-1361-4eb7-8009-5b844fa790cc,2026-05-22T18:30:00Z,2026-05-22T20:30:00+0200,45900.0,MW,FR,FR,forecast_load,Forecasted Load,2026-05-23T22:27:11Z
2026-05-23T22:26:36Z,2026-05-24T00:26:36+0200,35a99b20-1361-4eb7-8009-5b844fa790cc,2026-05-22T18:45:00Z,2026-05-22T20:45:00+0200,45350.0,MW,FR,FR,forecast_load,Forecasted Load,2026-05-23T22:27:11Z
2026-05-23T22:26:36Z,2026-05-24T00:26:36+0200,35a99b20-1361-4eb7-8009-5b844fa790cc,2026-05-22T19:00:00Z,2026-05-22T21:00:00+0200,44800.0,MW,FR,FR,forecast_load,Forecasted Load,2026-05-23T22:27:11Z
2026-05-23T22:26:36Z,2026-05-24T00:26:36+0200,35a99b20-1361-4eb7-8009-5b844fa790cc,2026-05-22T19:15:00Z,2026-05-22T21:15:00+0200,44850.0,MW,FR,FR,forecast_load,Forecasted Load,2026-05-23T22:27:11Z
2026-05-23T22:26:36Z,2026-05-24T00:26:36+0200,35a99b20-1361-4eb7-8009-5b844fa790cc,2026-05-22T19:30:00Z,2026-05-22T21:30:00+0200,44900.0,MW,FR,FR,forecast_load,Forecasted Load,2026-05-23T22:27:11Z
2026-05-23T22:26:36Z,2026-05-24T00:26:36+0200,35a99b20-1361-4eb7-8009-5b844fa790cc,2026-05-22T19:45:00Z,2026-05-22T21:45:00+0200,44650.0,MW,FR,FR,forecast_load,Forecasted Load,2026-05-23T22:27:11Z
2026-05-23T22:26:36Z,2026-05-24T00:26:36+0200,35a99b20-1361-4eb7-8009-5b844fa790cc,2026-05-22T20:00:00Z,2026-05-22T22:00:00+0200,44400.0,MW,FR,FR,forecast_load,Forecasted Load,2026-05-23T22:27:11Z
2026-05-23T22:26:36Z,2026-05-24T00:26:36+0200,35a99b20-1361-4eb7-8009-5b844fa790cc,2026-05-22T20:15:00Z,2026-05-22T22:15:00+0200,44900.0,MW,FR,FR,forecast_load,Forecasted Load,2026-05-23T22:27:11Z
2026-05-23T22:26:36Z,2026-05-24T00:26:36+0200,35a99b20-1361-4eb7-8009-5b844fa790cc,2026-05-22T20:30:00Z,2026-05-22T22:30:00+0200,45400.0,MW,FR,FR,forecast_load,Forecasted Load,2026-05-23T22:27:11Z
2026-05-23T22:26:36Z,2026-05-24T00:26:36+0200,35a99b20-1361-4eb7-8009-5b844fa790cc,2026-05-22T20:45:00Z,2026-05-22T22:45:00+0200,46150.0,MW,FR,FR,forecast_load,Forecasted Load,2026-05-23T22:27:11Z
2026-05-23T22:26:36Z,2026-05-24T00:26:36+0200,35a99b20-1361-4eb7-8009-5b844fa790cc,2026-05-22T21:00:00Z,2026-05-22T23:00:00+0200,46900.0,MW,FR,FR,forecast_load,Forecasted Load,2026-05-23T22:27:11Z
2026-05-23T22:26:36Z,2026-05-24T00:26:36+0200,35a99b20-1361-4eb7-8009-5b844fa790cc,2026-05-22T21:15:00Z,2026-05-22T23:15:00+0200,46200.0,MW,FR,FR,forecast_load,Forecasted Load,2026-05-23T22:27:11Z
2026-05-23T22:26:36Z,2026-05-24T00:26:36+0200,35a99b20-1361-4eb7-8009-5b844fa790cc,2026-05-22T21:30:00Z,2026-05-22T23:30:00+0200,45500.0,MW,FR,FR,forecast_load,Forecasted Load,2026-05-23T22:27:11Z
2026-05-23T22:26:36Z,2026-05-24T00:26:36+0200,35a99b20-1361-4eb7-8009-5b844fa790cc,2026-05-22T21:45:00Z,2026-05-22T23:45:00+0200,44850.0,MW,FR,FR,forecast_load,Forecasted Load,2026-05-23T22:27:11Z
2026-05-23T22:26:36Z,2026-05-24T00:26:36+0200,35a99b20-1361-4eb7-8009-5b844fa790cc,2026-05-22T22:00:00Z,2026-05-23T00:00:00+0200,43972.0,MW,FR,FR,forecast_load,Forecasted Load,2026-05-23T22:27:11Z
2026-05-23T22:26:36Z,2026-05-24T00:26:36+0200,35a99b20-1361-4eb7-8009-5b844fa790cc,2026-05-22T22:15:00Z,2026-05-23T00:15:00+0200,43061.5,MW,FR,FR,forecast_load,Forecasted Load,2026-05-23T22:27:11Z
2026-05-23T22:26:36Z,2026-05-24T00:26:36+0200,35a99b20-1361-4eb7-8009-5b844fa790cc,2026-05-22T22:30:00Z,2026-05-23T00:30:00+0200,42151.0,MW,FR,FR,forecast_load,Forecasted Load,2026-05-23T22:27:11Z
2026-05-23T22:26:36Z,2026-05-24T00:26:36+0200,35a99b20-1361-4eb7-8009-5b844fa790cc,2026-05-22T22:45:00Z,2026-05-23T00:45:00+0200,41055.5,MW,FR,FR,forecast_load,Forecasted Load,2026-05-23T22:27:11Z
2026-05-23T22:26:36Z,2026-05-24T00:26:36+0200,35a99b20-1361-4eb7-8009-5b844fa790cc,2026-05-22T23:00:00Z,2026-05-23T01:00:00+0200,39960.0,MW,FR,FR,forecast_load,Forecasted Load,2026-05-23T22:27:11Z
2026-05-23T22:26:36Z,2026-05-24T00:26:36+0200,35a99b20-1361-4eb7-8009-5b844fa790cc,2026-05-22T23:15:00Z,2026-05-23T01:15:00+0200,40091.5,MW,FR,FR,forecast_load,Forecasted Load,2026-05-23T22:27:11Z
2026-05-23T22:26:36Z,2026-05-24T00:26:36+0200,35a99b20-1361-4eb7-8009-5b844fa790cc,2026-05-22T23:30:00Z,2026-05-23T01:30:00+0200,40223.0,MW,FR,FR,forecast_load,Forecasted Load,2026-05-23T22:27:11Z
2026-05-23T22:26:36Z,2026-05-24T00:26:36+0200,35a99b20-1361-4eb7-8009-5b844fa790cc,2026-05-22T23:45:00Z,2026-05-23T01:45:00+0200,39470.5,MW,FR,FR,forecast_load,Forecasted Load,2026-05-23T22:27:11Z
2026-05-23T22:26:36Z,2026-05-24T00:26:36+0200,35a99b20-1361-4eb7-8009-5b844fa790cc,2026-05-23T00:00:00Z,2026-05-23T02:00:00+0200,38718.0,MW,FR,FR,forecast_load,Forecasted Load,2026-05-23T22:27:11Z
2026-05-23T22:26:36Z,2026-05-24T00:26:36+0200,35a99b20-1361-4eb7-8009-5b844fa790cc,2026-05-23T00:15:00Z,2026-05-23T02:15:00+0200,37910.0,MW,FR,FR,forecast_load,Forecasted Load,2026-05-23T22:27:11Z
2026-05-23T22:26:36Z,2026-05-24T00:26:36+0200,35a99b20-1361-4eb7-8009-5b844fa790cc,2026-05-23T00:30:00Z,2026-05-23T02:30:00+0200,37102.0,MW,FR,FR,forecast_load,Forecasted Load,2026-05-23T22:27:11Z
2026-05-23T22:26:36Z,2026-05-24T00:26:36+0200,35a99b20-1361-4eb7-8009-5b844fa790cc,2026-05-23T00:45:00Z,2026-05-23T02:45:00+0200,36273.5,MW,FR,FR,forecast_load,Forecasted Load,2026-05-23T22:27:11Z
2026-05-23T22:26:36Z,2026-05-24T00:26:36+0200,35a99b20-1361-4eb7-8009-5b844fa790cc,2026-05-23T01:00:00Z,2026-05-23T03:00:00+0200,35445.0,MW,FR,FR,forecast_load,Forecasted Load,2026-05-23T22:27:11Z
2026-05-23T22:26:36Z,2026-05-24T00:26:36+0200,35a99b20-1361-4eb7-8009-5b844fa790cc,2026-05-23T01:15:00Z,2026-05-23T03:15:00+0200,34997.5,MW,FR,FR,forecast_load,Forecasted Load,2026-05-23T22:27:11Z
2026-05-23T22:26:36Z,2026-05-24T00:26:36+0200,35a99b20-1361-4eb7-8009-5b844fa790cc,2026-05-23T01:30:00Z,2026-05-23T03:30:00+0200,34550.0,MW,FR,FR,forecast_load,Forecasted Load,2026-05-23T22:27:11Z
2026-05-23T22:26:36Z,2026-05-24T00:26:36+0200,35a99b20-1361-4eb7-8009-5b844fa790cc,2026-05-23T01:45:00Z,2026-05-23T03:45:00+0200,34235.5,MW,FR,FR,forecast_load,Forecasted Load,2026-05-23T22:27:11Z
2026-05-23T22:26:36Z,2026-05-24T00:26:36+0200,35a99b20-1361-4eb7-8009-5b844fa790cc,2026-05-23T02:00:00Z,2026-05-23T04:00:00+0200,33921.0,MW,FR,FR,forecast_load,Forecasted Load,2026-05-23T22:27:11Z
2026-05-23T22:26:36Z,2026-05-24T00:26:36+0200,35a99b20-1361-4eb7-8009-5b844fa790cc,2026-05-23T02:15:00Z,2026-05-23T04:15:00+0200,33593.0,MW,FR,FR,forecast_load,Forecasted Load,2026-05-23T22:27:11Z
2026-05-23T22:26:36Z,2026-05-24T00:26:36+0200,35a99b20-1361-4eb7-8009-5b844fa790cc,2026-05-23T02:30:00Z,2026-05-23T04:30:00+0200,33265.0,MW,FR,FR,forecast_load,Forecasted Load,2026-05-23T22:27:11Z
2026-05-23T22:26:36Z,2026-05-24T00:26:36+0200,35a99b20-1361-4eb7-8009-5b844fa790cc,2026-05-23T02:45:00Z,2026-05-23T04:45:00+0200,33092.5,MW,FR,FR,forecast_load,Forecasted Load,2026-05-23T22:27:11Z
2026-05-23T22:26:36Z,2026-05-24T00:26:36+0200,35a99b20-1361-4eb7-8009-5b844fa790cc,2026-05-23T03:00:00Z,2026-05-23T05:00:00+0200,32920.0,MW,FR,FR,forecast_load,Forecasted Load,2026-05-23T22:27:11Z
2026-05-23T22:26:36Z,2026-05-24T00:26:36+0200,35a99b20-1361-4eb7-8009-5b844fa790cc,2026-05-23T03:15:00Z,2026-05-23T05:15:00+0200,33047.5,MW,FR,FR,forecast_load,Forecasted Load,2026-05-23T22:27:11Z
2026-05-23T22:26:36Z,2026-05-24T00:26:36+0200,35a99b20-1361-4eb7-8009-5b844fa790cc,2026-05-23T03:30:00Z,2026-05-23T05:30:00+0200,33175.0,MW,FR,FR,forecast_load,Forecasted Load,2026-05-23T22:27:11Z
2026-05-23T22:26:36Z,2026-05-24T00:26:36+0200,35a99b20-1361-4eb7-8009-5b844fa790cc,2026-05-23T03:45:00Z,2026-05-23T05:45:00+0200,33227.5,MW,FR,FR,forecast_load,Forecasted Load,2026-05-23T22:27:11Z
2026-05-23T22:26:36Z,2026-05-24T00:26:36+0200,35a99b20-1361-4eb7-8009-5b844fa790cc,2026-05-23T04:00:00Z,2026-05-23T06:00:00+0200,33280.0,MW,FR,FR,forecast_load,Forecasted Load,2026-05-23T22:27:11Z
2026-05-23T22:26:36Z,2026-05-24T00:26:36+0200,35a99b20-1361-4eb7-8009-5b844fa790cc,2026-05-23T04:15:00Z,2026-05-23T06:15:00+0200,33164.0,MW,FR,FR,forecast_load,Forecasted Load,2026-05-23T22:27:11Z
2026-05-23T22:26:36Z,2026-05-24T00:26:36+0200,35a99b20-1361-4eb7-8009-5b844fa790cc,2026-05-23T04:30:00Z,2026-05-23T06:30:00+0200,33048.0,MW,FR,FR,forecast_load,Forecasted Load,2026-05-23T22:27:11Z
2026-05-23T22:26:36Z,2026-05-24T00:26:36+0200,35a99b20-1361-4eb7-8009-5b844fa790cc,2026-05-23T04:45:00Z,2026-05-23T06:45:00+0200,33228.0,MW,FR,FR,forecast_load,Forecasted Load,2026-05-23T22:27:11Z
2026-05-23T22:26:36Z,2026-05-24T00:26:36+0200,35a99b20-1361-4eb7-8009-5b844fa790cc,2026-05-23T05:00:00Z,2026-05-23T07:00:00+0200,33408.0,MW,FR,FR,forecast_load,Forecasted Load,2026-05-23T22:27:11Z
2026-05-23T22:26:36Z,2026-05-24T00:26:36+0200,35a99b20-1361-4eb7-8009-5b844fa790cc,2026-05-23T05:15:00Z,2026-05-23T07:15:00+0200,33609.5,MW,FR,FR,forecast_load,Forecasted Load,2026-05-23T22:27:11Z
2026-05-23T22:26:36Z,2026-05-24T00:26:36+0200,35a99b20-1361-4eb7-8009-5b844fa790cc,2026-05-23T05:30:00Z,2026-05-23T07:30:00+0200,33811.0,MW,FR,FR,forecast_load,Forecasted Load,2026-05-23T22:27:11Z
2026-05-23T22:26:36Z,2026-05-24T00:26:36+0200,35a99b20-1361-4eb7-8009-5b844fa790cc,2026-05-23T05:45:00Z,2026-05-23T07:45:00+0200,34215.5,MW,FR,FR,forecast_load,Forecasted Load,2026-05-23T22:27:11Z
2026-05-23T22:26:36Z,2026-05-24T00:26:36+0200,35a99b20-1361-4eb7-8009-5b844fa790cc,2026-05-23T06:00:00Z,2026-05-23T08:00:00+0200,34620.0,MW,FR,FR,forecast_load,Forecasted Load,2026-05-23T22:27:11Z
2026-05-23T22:26:36Z,2026-05-24T00:26:36+0200,35a99b20-1361-4eb7-8009-5b844fa790cc,2026-05-23T06:15:00Z,2026-05-23T08:15:00+0200,35204.0,MW,FR,FR,forecast_load,Forecasted Load,2026-05-23T22:27:11Z
2026-05-23T22:26:36Z,2026-05-24T00:26:36+0200,35a99b20-1361-4eb7-8009-5b844fa790cc,2026-05-23T06:30:00Z,2026-05-23T08:30:00+0200,35788.0,MW,FR,FR,forecast_load,Forecasted Load,2026-05-23T22:27:11Z
2026-05-23T22:26:36Z,2026-05-24T00:26:36+0200,35a99b20-1361-4eb7-8009-5b844fa790cc,2026-05-23T06:45:00Z,2026-05-23T08:45:00+0200,36613.5,MW,FR,FR,forecast_load,Forecasted Load,2026-05-23T22:27:11Z
2026-05-23T22:26:36Z,2026-05-24T00:26:36+0200,35a99b20-1361-4eb7-8009-5b844fa790cc,2026-05-23T07:00:00Z,2026-05-23T09:00:00+0200,37439.0,MW,FR,FR,forecast_load,Forecasted Load,2026-05-23T22:27:11Z
2026-05-23T22:26:36Z,2026-05-24T00:26:36+0200,35a99b20-1361-4eb7-8009-5b844fa790cc,2026-05-23T07:15:00Z,2026-05-23T09:15:00+0200,38011.5,MW,FR,FR,forecast_load,Forecasted Load,2026-05-23T22:27:11Z
2026-05-23T22:26:36Z,2026-05-24T00:26:36+0200,35a99b20-1361-4eb7-8009-5b844fa790cc,2026-05-23T07:30:00Z,2026-05-23T09:30:00+0200,38584.0,MW,FR,FR,forecast_load,Forecasted Load,2026-05-23T22:27:11Z
2026-05-23T22:26:36Z,2026-05-24T00:26:36+0200,35a99b20-1361-4eb7-8009-5b844fa790cc,2026-05-23T07:45:00Z,2026-05-23T09:45:00+0200,39058.0,MW,FR,FR,forecast_load,Forecasted Load,2026-05-23T22:27:11Z
2026-05-23T22:26:36Z,2026-05-24T00:26:36+0200,35a99b20-1361-4eb7-8009-5b844fa790cc,2026-05-23T08:00:00Z,2026-05-23T10:00:00+0200,39532.0,MW,FR,FR,forecast_load,Forecasted Load,2026-05-23T22:27:11Z
2026-05-23T22:26:36Z,2026-05-24T00:26:36+0200,35a99b20-1361-4eb7-8009-5b844fa790cc,2026-05-23T08:15:00Z,2026-05-23T10:15:00+0200,39961.5,MW,FR,FR,forecast_load,Forecasted Load,2026-05-23T22:27:11Z
2026-05-23T22:26:36Z,2026-05-24T00:26:36+0200,35a99b20-1361-4eb7-8009-5b844fa790cc,2026-05-23T08:30:00Z,2026-05-23T10:30:00+0200,40391.0,MW,FR,FR,forecast_load,Forecasted Load,2026-05-23T22:27:11Z
2026-05-23T22:26:36Z,2026-05-24T00:26:36+0200,35a99b20-1361-4eb7-8009-5b844fa790cc,2026-05-23T08:45:00Z,2026-05-23T10:45:00+0200,40656.0,MW,FR,FR,forecast_load,Forecasted Load,2026-05-23T22:27:11Z
2026-05-23T22:26:36Z,2026-05-24T00:26:36+0200,35a99b20-1361-4eb7-8009-5b844fa790cc,2026-05-23T09:00:00Z,2026-05-23T11:00:00+0200,40921.0,MW,FR,FR,forecast_load,Forecasted Load,2026-05-23T22:27:11Z
2026-05-23T22:26:36Z,2026-05-24T00:26:36+0200,35a99b20-1361-4eb7-8009-5b844fa790cc,2026-05-23T09:15:00Z,2026-05-23T11:15:00+0200,41344.0,MW,FR,FR,forecast_load,Forecasted Load,2026-05-23T22:27:11Z
2026-05-23T22:26:36Z,2026-05-24T00:26:36+0200,35a99b20-1361-4eb7-8009-5b844fa790cc,2026-05-23T09:30:00Z,2026-05-23T11:30:00+0200,41767.0,MW,FR,FR,forecast_load,Forecasted Load,2026-05-23T22:27:11Z
2026-05-23T22:26:36Z,2026-05-24T00:26:36+0200,35a99b20-1361-4eb7-8009-5b844fa790cc,2026-05-23T09:45:00Z,2026-05-23T11:45:00+0200,42603.5,MW,FR,FR,forecast_load,Forecasted Load,2026-05-23T22:27:11Z
2026-05-23T22:26:36Z,2026-05-24T00:26:36+0200,35a99b20-1361-4eb7-8009-5b844fa790cc,2026-05-23T10:00:00Z,2026-05-23T12:00:00+0200,43440.0,MW,FR,FR,forecast_load,Forecasted Load,2026-05-23T22:27:11Z
2026-05-23T22:26:36Z,2026-05-24T00:26:36+0200,35a99b20-1361-4eb7-8009-5b844fa790cc,2026-05-23T10:15:00Z,2026-05-23T12:15:00+0200,43374.5,MW,FR,FR,forecast_load,Forecasted Load,2026-05-23T22:27:11Z
2026-05-23T22:26:36Z,2026-05-24T00:26:36+0200,35a99b20-1361-4eb7-8009-5b844fa790cc,2026-05-23T10:30:00Z,2026-05-23T12:30:00+0200,43309.0,MW,FR,FR,forecast_load,Forecasted Load,2026-05-23T22:27:11Z
2026-05-23T22:26:36Z,2026-05-24T00:26:36+0200,35a99b20-1361-4eb7-8009-5b844fa790cc,2026-05-23T10:45:00Z,2026-05-23T12:45:00+0200,43776.0,MW,FR,FR,forecast_load,Forecasted Load,2026-05-23T22:27:11Z
2026-05-23T22:26:36Z,2026-05-24T00:26:36+0200,35a99b20-1361-4eb7-8009-5b844fa790cc,2026-05-23T11:00:00Z,2026-05-23T13:00:00+0200,44243.0,MW,FR,FR,forecast_load,Forecasted Load,2026-05-23T22:27:11Z
2026-05-23T22:26:36Z,2026-05-24T00:26:36+0200,35a99b20-1361-4eb7-8009-5b844fa790cc,2026-05-23T11:15:00Z,2026-05-23T13:15:00+0200,43153.0,MW,FR,FR,forecast_load,Forecasted Load,2026-05-23T22:27:11Z
2026-05-23T22:26:36Z,2026-05-24T00:26:36+0200,35a99b20-1361-4eb7-8009-5b844fa790cc,2026-05-23T11:30:00Z,2026-05-23T13:30:00+0200,42063.0,MW,FR,FR,forecast_load,Forecasted Load,2026-05-23T22:27:11Z
2026-05-23T22:26:36Z,2026-05-24T00:26:36+0200,35a99b20-1361-4eb7-8009-5b844fa790cc,2026-05-23T11:45:00Z,2026-05-23T13:45:00+0200,42035.5,MW,FR,FR,forecast_load,Forecasted Load,2026-05-23T22:27:11Z
2026-05-23T22:26:36Z,2026-05-24T00:26:36+0200,35a99b20-1361-4eb7-8009-5b844fa790cc,2026-05-23T12:00:00Z,2026-05-23T14:00:00+0200,42008.0,MW,FR,FR,forecast_load,Forecasted Load,2026-05-23T22:27:11Z
2026-05-23T22:26:36Z,2026-05-24T00:26:36+0200,35a99b20-1361-4eb7-8009-5b844fa790cc,2026-05-23T12:15:00Z,2026-05-23T14:15:00+0200,42874.5,MW,FR,FR,forecast_load,Forecasted Load,2026-05-23T22:27:11Z
2026-05-23T22:26:36Z,2026-05-24T00:26:36+0200,35a99b20-1361-4eb7-8009-5b844fa790cc,2026-05-23T12:30:00Z,2026-05-23T14:30:00+0200,43741.0,MW,FR,FR,forecast_load,Forecasted Load,2026-05-23T22:27:11Z
2026-05-23T22:26:36Z,2026-05-24T00:26:36+0200,35a99b20-1361-4eb7-8009-5b844fa790cc,2026-05-23T12:45:00Z,2026-05-23T14:45:00+0200,43218.5,MW,FR,FR,forecast_load,Forecasted Load,2026-05-23T22:27:11Z
2026-05-23T22:26:36Z,2026-05-24T00:26:36+0200,35a99b20-1361-4eb7-8009-5b844fa790cc,2026-05-23T13:00:00Z,2026-05-23T15:00:00+0200,42696.0,MW,FR,FR,forecast_load,Forecasted Load,2026-05-23T22:27:11Z
2026-05-23T22:26:36Z,2026-05-24T00:26:36+0200,35a99b20-1361-4eb7-8009-5b844fa790cc,2026-05-23T13:15:00Z,2026-05-23T15:15:00+0200,42801.0,MW,FR,FR,forecast_load,Forecasted Load,2026-05-23T22:27:11Z
2026-05-23T22:26:36Z,2026-05-24T00:26:36+0200,35a99b20-1361-4eb7-8009-5b844fa790cc,2026-05-23T13:30:00Z,2026-05-23T15:30:00+0200,42906.0,MW,FR,FR,forecast_load,Forecasted Load,2026-05-23T22:27:11Z
2026-05-23T22:26:36Z,2026-05-24T00:26:36+0200,35a99b20-1361-4eb7-8009-5b844fa790cc,2026-05-23T13:45:00Z,2026-05-23T15:45:00+0200,42423.0,MW,FR,FR,forecast_load,Forecasted Load,2026-05-23T22:27:11Z
2026-05-23T22:26:36Z,2026-05-24T00:26:36+0200,35a99b20-1361-4eb7-8009-5b844fa790cc,2026-05-23T14:00:00Z,2026-05-23T16:00:00+0200,41940.0,MW,FR,FR,forecast_load,Forecasted Load,2026-05-23T22:27:11Z
2026-05-23T22:26:36Z,2026-05-24T00:26:36+0200,35a99b20-1361-4eb7-8009-5b844fa790cc,2026-05-23T14:15:00Z,2026-05-23T16:15:00+0200,41717.0,MW,FR,FR,forecast_load,Forecasted Load,2026-05-23T22:27:11Z
2026-05-23T22:26:36Z,2026-05-24T00:26:36+0200,35a99b20-1361-4eb7-8009-5b844fa790cc,2026-05-23T14:30:00Z,2026-05-23T16:30:00+0200,41494.0,MW,FR,FR,forecast_load,Forecasted Load,2026-05-23T22:27:11Z
2026-05-23T22:26:36Z,2026-05-24T00:26:36+0200,35a99b20-1361-4eb7-8009-5b844fa790cc,2026-05-23T14:45:00Z,2026-05-23T16:45:00+0200,41347.0,MW,FR,FR,forecast_load,Forecasted Load,2026-05-23T22:27:11Z
2026-05-23T22:26:36Z,2026-05-24T00:26:36+0200,35a99b20-1361-4eb7-8009-5b844fa790cc,2026-05-23T15:00:00Z,2026-05-23T17:00:00+0200,41200.0,MW,FR,FR,forecast_load,Forecasted Load,2026-05-23T22:27:11Z
2026-05-23T22:26:36Z,2026-05-24T00:26:36+0200,35a99b20-1361-4eb7-8009-5b844fa790cc,2026-05-23T15:15:00Z,2026-05-23T17:15:00+0200,41592.0,MW,FR,FR,forecast_load,Forecasted Load,2026-05-23T22:27:11Z
2026-05-23T22:26:36Z,2026-05-24T00:26:36+0200,35a99b20-1361-4eb7-8009-5b844fa790cc,2026-05-23T15:30:00Z,2026-05-23T17:30:00+0200,41984.0,MW,FR,FR,forecast_load,Forecasted Load,2026-05-23T22:27:11Z
2026-05-23T22:26:36Z,2026-05-24T00:26:36+0200,35a99b20-1361-4eb7-8009-5b844fa790cc,2026-05-23T15:45:00Z,2026-05-23T17:45:00+0200,42319.5,MW,FR,FR,forecast_load,Forecasted Load,2026-05-23T22:27:11Z
2026-05-23T22:26:36Z,2026-05-24T00:26:36+0200,35a99b20-1361-4eb7-8009-5b844fa790cc,2026-05-23T16:00:00Z,2026-05-23T18:00:00+0200,42655.0,MW,FR,FR,forecast_load,Forecasted Load,2026-05-23T22:27:11Z
2026-05-23T22:26:36Z,2026-05-24T00:26:36+0200,35a99b20-1361-4eb7-8009-5b844fa790cc,2026-05-23T16:15:00Z,2026-05-23T18:15:00+0200,42848.0,MW,FR,FR,forecast_load,Forecasted Load,2026-05-23T22:27:11Z
2026-05-23T22:26:36Z,2026-05-24T00:26:36+0200,35a99b20-1361-4eb7-8009-5b844fa790cc,2026-05-23T16:30:00Z,2026-05-23T18:30:00+0200,43041.0,MW,FR,FR,forecast_load,Forecasted Load,2026-05-23T22:27:11Z
2026-05-23T22:26:36Z,2026-05-24T00:26:36+0200,35a99b20-1361-4eb7-8009-5b844fa790cc,2026-05-23T16:45:00Z,2026-05-23T18:45:00+0200,43536.5,MW,FR,FR,forecast_load,Forecasted Load,2026-05-23T22:27:11Z
2026-05-23T22:26:36Z,2026-05-24T00:26:36+0200,35a99b20-1361-4eb7-8009-5b844fa790cc,2026-05-23T17:00:00Z,2026-05-23T19:00:00+0200,44032.0,MW,FR,FR,forecast_load,Forecasted Load,2026-05-23T22:27:11Z
2026-05-23T22:26:36Z,2026-05-24T00:26:36+0200,35a99b20-1361-4eb7-8009-5b844fa790cc,2026-05-23T17:15:00Z,2026-05-23T19:15:00+0200,43992.5,MW,FR,FR,forecast_load,Forecasted Load,2026-05-23T22:27:11Z
2026-05-23T22:26:36Z,2026-05-24T00:26:36+0200,35a99b20-1361-4eb7-8009-5b844fa790cc,2026-05-23T17:30:00Z,2026-05-23T19:30:00+0200,43953.0,MW,FR,FR,forecast_load,Forecasted Load,2026-05-23T22:27:11Z
2026-05-23T22:26:36Z,2026-05-24T00:26:36+0200,35a99b20-1361-4eb7-8009-5b844fa790cc,2026-05-23T17:45:00Z,2026-05-23T19:45:00+0200,43510.0,MW,FR,FR,forecast_load,Forecasted Load,2026-05-23T22:27:11Z
2026-05-23T22:26:36Z,2026-05-24T00:26:36+0200,35a99b20-1361-4eb7-8009-5b844fa790cc,2026-05-23T18:00:00Z,2026-05-23T20:00:00+0200,43067.0,MW,FR,FR,forecast_load,Forecasted Load,2026-05-23T22:27:11Z
2026-05-23T22:26:36Z,2026-05-24T00:26:36+0200,35a99b20-1361-4eb7-8009-5b844fa790cc,2026-05-23T18:15:00Z,2026-05-23T20:15:00+0200,42641.0,MW,FR,FR,forecast_load,Forecasted Load,2026-05-23T22:27:11Z
2026-05-23T22:26:36Z,2026-05-24T00:26:36+0200,35a99b20-1361-4eb7-8009-5b844fa790cc,2026-05-23T18:30:00Z,2026-05-23T20:30:00+0200,42215.0,MW,FR,FR,forecast_load,Forecasted Load,2026-05-23T22:27:11Z
2026-05-23T22:26:36Z,2026-05-24T00:26:36+0200,35a99b20-1361-4eb7-8009-5b844fa790cc,2026-05-23T18:45:00Z,2026-05-23T20:45:00+0200,41903.5,MW,FR,FR,forecast_load,Forecasted Load,2026-05-23T22:27:11Z
2026-05-23T22:26:36Z,2026-05-24T00:26:36+0200,35a99b20-1361-4eb7-8009-5b844fa790cc,2026-05-23T19:00:00Z,2026-05-23T21:00:00+0200,41592.0,MW,FR,FR,forecast_load,Forecasted Load,2026-05-23T22:27:11Z
2026-05-23T22:26:36Z,2026-05-24T00:26:36+0200,35a99b20-1361-4eb7-8009-5b844fa790cc,2026-05-23T19:15:00Z,2026-05-23T21:15:00+0200,41666.5,MW,FR,FR,forecast_load,Forecasted Load,2026-05-23T22:27:11Z
2026-05-23T22:26:36Z,2026-05-24T00:26:36+0200,35a99b20-1361-4eb7-8009-5b844fa790cc,2026-05-23T19:30:00Z,2026-05-23T21:30:00+0200,41741.0,MW,FR,FR,forecast_load,Forecasted Load,2026-05-23T22:27:11Z
2026-05-23T22:26:36Z,2026-05-24T00:26:36+0200,35a99b20-1361-4eb7-8009-5b844fa790cc,2026-05-23T19:45:00Z,2026-05-23T21:45:00+0200,41687.0,MW,FR,FR,forecast_load,Forecasted Load,2026-05-23T22:27:11Z
2026-05-23T22:26:36Z,2026-05-24T00:26:36+0200,35a99b20-1361-4eb7-8009-5b844fa790cc,2026-05-23T20:00:00Z,2026-05-23T22:00:00+0200,41633.0,MW,FR,FR,forecast_load,Forecasted Load,2026-05-23T22:27:11Z
2026-05-23T22:26:36Z,2026-05-24T00:26:36+0200,35a99b20-1361-4eb7-8009-5b844fa790cc,2026-05-23T20:15:00Z,2026-05-23T22:15:00+0200,42341.0,MW,FR,FR,forecast_load,Forecasted Load,2026-05-23T22:27:11Z
2026-05-23T22:26:36Z,2026-05-24T00:26:36+0200,35a99b20-1361-4eb7-8009-5b844fa790cc,2026-05-23T20:30:00Z,2026-05-23T22:30:00+0200,43049.0,MW,FR,FR,forecast_load,Forecasted Load,2026-05-23T22:27:11Z
2026-05-23T22:26:36Z,2026-05-24T00:26:36+0200,35a99b20-1361-4eb7-8009-5b844fa790cc,2026-05-23T20:45:00Z,2026-05-23T22:45:00+0200,43600.0,MW,FR,FR,forecast_load,Forecasted Load,2026-05-23T22:27:11Z
2026-05-23T22:26:36Z,2026-05-24T00:26:36+0200,35a99b20-1361-4eb7-8009-5b844fa790cc,2026-05-23T21:00:00Z,2026-05-23T23:00:00+0200,44151.0,MW,FR,FR,forecast_load,Forecasted Load,2026-05-23T22:27:11Z
2026-05-23T22:26:36Z,2026-05-24T00:26:36+0200,35a99b20-1361-4eb7-8009-5b844fa790cc,2026-05-23T21:15:00Z,2026-05-23T23:15:00+0200,43618.5,MW,FR,FR,forecast_load,Forecasted Load,2026-05-23T22:27:11Z
2026-05-23T22:26:36Z,2026-05-24T00:26:36+0200,35a99b20-1361-4eb7-8009-5b844fa790cc,2026-05-23T21:30:00Z,2026-05-23T23:30:00+0200,43086.0,MW,FR,FR,forecast_load,Forecasted Load,2026-05-23T22:27:11Z
2026-05-23T22:26:36Z,2026-05-24T00:26:36+0200,35a99b20-1361-4eb7-8009-5b844fa790cc,2026-05-23T21:45:00Z,2026-05-23T23:45:00+0200,42416.0,MW,FR,FR,forecast_load,Forecasted Load,2026-05-23T22:27:11Z
