collection_time_utc,collection_time_local,run_id,timestamp_utc,timestamp_local,value,unit,country,entsoe_area,variable,source,updated_at_utc
2026-09-23T04:38:29Z,2026-09-23T06:38:29+0200,abb44c57-e6c5-48d3-b3dd-8f290af1258d,2026-09-16T05:00:00Z,2026-09-16T07:00:00+0200,459.95001,MW,FR,FR,forecast_offshore_wind_generation,Wind Offshore,2026-09-23T04:41:20Z
2026-09-23T04:38:29Z,2026-09-23T06:38:29+0200,abb44c57-e6c5-48d3-b3dd-8f290af1258d,2026-09-16T05:15:00Z,2026-09-16T07:15:00+0200,464.60999,MW,FR,FR,forecast_offshore_wind_generation,Wind Offshore,2026-09-23T04:41:20Z
2026-09-23T04:38:29Z,2026-09-23T06:38:29+0200,abb44c57-e6c5-48d3-b3dd-8f290af1258d,2026-09-16T05:30:00Z,2026-09-16T07:30:00+0200,469.25,MW,FR,FR,forecast_offshore_wind_generation,Wind Offshore,2026-09-23T04:41:20Z
2026-09-23T04:38:29Z,2026-09-23T06:38:29+0200,abb44c57-e6c5-48d3-b3dd-8f290af1258d,2026-09-16T05:45:00Z,2026-09-16T07:45:00+0200,473.90002,MW,FR,FR,forecast_offshore_wind_generation,Wind Offshore,2026-09-23T04:41:20Z
2026-09-23T04:38:29Z,2026-09-23T06:38:29+0200,abb44c57-e6c5-48d3-b3dd-8f290af1258d,2026-09-16T06:00:00Z,2026-09-16T08:00:00+0200,478.55002,MW,FR,FR,forecast_offshore_wind_generation,Wind Offshore,2026-09-23T04:41:20Z
2026-09-23T04:38:29Z,2026-09-23T06:38:29+0200,abb44c57-e6c5-48d3-b3dd-8f290af1258d,2026-09-16T06:15:00Z,2026-09-16T08:15:00+0200,470.69998,MW,FR,FR,forecast_offshore_wind_generation,Wind Offshore,2026-09-23T04:41:20Z
2026-09-23T04:38:29Z,2026-09-23T06:38:29+0200,abb44c57-e6c5-48d3-b3dd-8f290af1258d,2026-09-16T06:30:00Z,2026-09-16T08:30:00+0200,462.85001,MW,FR,FR,forecast_offshore_wind_generation,Wind Offshore,2026-09-23T04:41:20Z
2026-09-23T04:38:29Z,2026-09-23T06:38:29+0200,abb44c57-e6c5-48d3-b3dd-8f290af1258d,2026-09-16T06:45:00Z,2026-09-16T08:45:00+0200,454.98999,MW,FR,FR,forecast_offshore_wind_generation,Wind Offshore,2026-09-23T04:41:20Z
2026-09-23T04:38:29Z,2026-09-23T06:38:29+0200,abb44c57-e6c5-48d3-b3dd-8f290af1258d,2026-09-16T07:00:00Z,2026-09-16T09:00:00+0200,447.14001,MW,FR,FR,forecast_offshore_wind_generation,Wind Offshore,2026-09-23T04:41:20Z
2026-09-23T04:38:29Z,2026-09-23T06:38:29+0200,abb44c57-e6c5-48d3-b3dd-8f290af1258d,2026-09-16T07:15:00Z,2026-09-16T09:15:00+0200,447.62,MW,FR,FR,forecast_offshore_wind_generation,Wind Offshore,2026-09-23T04:41:20Z
2026-09-23T04:38:29Z,2026-09-23T06:38:29+0200,abb44c57-e6c5-48d3-b3dd-8f290af1258d,2026-09-16T07:30:00Z,2026-09-16T09:30:00+0200,448.12,MW,FR,FR,forecast_offshore_wind_generation,Wind Offshore,2026-09-23T04:41:20Z
2026-09-23T04:38:29Z,2026-09-23T06:38:29+0200,abb44c57-e6c5-48d3-b3dd-8f290af1258d,2026-09-16T07:45:00Z,2026-09-16T09:45:00+0200,448.59,MW,FR,FR,forecast_offshore_wind_generation,Wind Offshore,2026-09-23T04:41:20Z
2026-09-23T04:38:29Z,2026-09-23T06:38:29+0200,abb44c57-e6c5-48d3-b3dd-8f290af1258d,2026-09-16T08:00:00Z,2026-09-16T10:00:00+0200,449.09003,MW,FR,FR,forecast_offshore_wind_generation,Wind Offshore,2026-09-23T04:41:20Z
2026-09-23T04:38:29Z,2026-09-23T06:38:29+0200,abb44c57-e6c5-48d3-b3dd-8f290af1258d,2026-09-16T08:15:00Z,2026-09-16T10:15:00+0200,451.25998,MW,FR,FR,forecast_offshore_wind_generation,Wind Offshore,2026-09-23T04:41:20Z
2026-09-23T04:38:29Z,2026-09-23T06:38:29+0200,abb44c57-e6c5-48d3-b3dd-8f290af1258d,2026-09-16T08:30:00Z,2026-09-16T10:30:00+0200,453.44,MW,FR,FR,forecast_offshore_wind_generation,Wind Offshore,2026-09-23T04:41:20Z
2026-09-23T04:38:29Z,2026-09-23T06:38:29+0200,abb44c57-e6c5-48d3-b3dd-8f290af1258d,2026-09-16T08:45:00Z,2026-09-16T10:45:00+0200,455.63,MW,FR,FR,forecast_offshore_wind_generation,Wind Offshore,2026-09-23T04:41:20Z
2026-09-23T04:38:29Z,2026-09-23T06:38:29+0200,abb44c57-e6c5-48d3-b3dd-8f290af1258d,2026-09-16T09:00:00Z,2026-09-16T11:00:00+0200,457.80002,MW,FR,FR,forecast_offshore_wind_generation,Wind Offshore,2026-09-23T04:41:20Z
2026-09-23T04:38:29Z,2026-09-23T06:38:29+0200,abb44c57-e6c5-48d3-b3dd-8f290af1258d,2026-09-16T09:15:00Z,2026-09-16T11:15:00+0200,443.58002,MW,FR,FR,forecast_offshore_wind_generation,Wind Offshore,2026-09-23T04:41:20Z
2026-09-23T04:38:29Z,2026-09-23T06:38:29+0200,abb44c57-e6c5-48d3-b3dd-8f290af1258d,2026-09-16T09:30:00Z,2026-09-16T11:30:00+0200,429.33997,MW,FR,FR,forecast_offshore_wind_generation,Wind Offshore,2026-09-23T04:41:20Z
2026-09-23T04:38:29Z,2026-09-23T06:38:29+0200,abb44c57-e6c5-48d3-b3dd-8f290af1258d,2026-09-16T09:45:00Z,2026-09-16T11:45:00+0200,415.10001,MW,FR,FR,forecast_offshore_wind_generation,Wind Offshore,2026-09-23T04:41:20Z
2026-09-23T04:38:29Z,2026-09-23T06:38:29+0200,abb44c57-e6c5-48d3-b3dd-8f290af1258d,2026-09-16T10:00:00Z,2026-09-16T12:00:00+0200,400.88,MW,FR,FR,forecast_offshore_wind_generation,Wind Offshore,2026-09-23T04:41:20Z
2026-09-23T04:38:29Z,2026-09-23T06:38:29+0200,abb44c57-e6c5-48d3-b3dd-8f290af1258d,2026-09-16T10:15:00Z,2026-09-16T12:15:00+0200,394.07001,MW,FR,FR,forecast_offshore_wind_generation,Wind Offshore,2026-09-23T04:41:20Z
2026-09-23T04:38:29Z,2026-09-23T06:38:29+0200,abb44c57-e6c5-48d3-b3dd-8f290af1258d,2026-09-16T10:30:00Z,2026-09-16T12:30:00+0200,387.27002,MW,FR,FR,forecast_offshore_wind_generation,Wind Offshore,2026-09-23T04:41:20Z
2026-09-23T04:38:29Z,2026-09-23T06:38:29+0200,abb44c57-e6c5-48d3-b3dd-8f290af1258d,2026-09-16T10:45:00Z,2026-09-16T12:45:00+0200,380.47998,MW,FR,FR,forecast_offshore_wind_generation,Wind Offshore,2026-09-23T04:41:20Z
2026-09-23T04:38:29Z,2026-09-23T06:38:29+0200,abb44c57-e6c5-48d3-b3dd-8f290af1258d,2026-09-16T11:00:00Z,2026-09-16T13:00:00+0200,373.66998,MW,FR,FR,forecast_offshore_wind_generation,Wind Offshore,2026-09-23T04:41:20Z
2026-09-23T04:38:29Z,2026-09-23T06:38:29+0200,abb44c57-e6c5-48d3-b3dd-8f290af1258d,2026-09-16T11:15:00Z,2026-09-16T13:15:00+0200,368.28,MW,FR,FR,forecast_offshore_wind_generation,Wind Offshore,2026-09-23T04:41:20Z
2026-09-23T04:38:29Z,2026-09-23T06:38:29+0200,abb44c57-e6c5-48d3-b3dd-8f290af1258d,2026-09-16T11:30:00Z,2026-09-16T13:30:00+0200,362.88,MW,FR,FR,forecast_offshore_wind_generation,Wind Offshore,2026-09-23T04:41:20Z
2026-09-23T04:38:29Z,2026-09-23T06:38:29+0200,abb44c57-e6c5-48d3-b3dd-8f290af1258d,2026-09-16T11:45:00Z,2026-09-16T13:45:00+0200,357.48999,MW,FR,FR,forecast_offshore_wind_generation,Wind Offshore,2026-09-23T04:41:20Z
2026-09-23T04:38:29Z,2026-09-23T06:38:29+0200,abb44c57-e6c5-48d3-b3dd-8f290af1258d,2026-09-16T12:00:00Z,2026-09-16T14:00:00+0200,352.09003,MW,FR,FR,forecast_offshore_wind_generation,Wind Offshore,2026-09-23T04:41:20Z
2026-09-23T04:38:29Z,2026-09-23T06:38:29+0200,abb44c57-e6c5-48d3-b3dd-8f290af1258d,2026-09-16T12:15:00Z,2026-09-16T14:15:00+0200,361.49002,MW,FR,FR,forecast_offshore_wind_generation,Wind Offshore,2026-09-23T04:41:20Z
2026-09-23T04:38:29Z,2026-09-23T06:38:29+0200,abb44c57-e6c5-48d3-b3dd-8f290af1258d,2026-09-16T12:30:00Z,2026-09-16T14:30:00+0200,370.88,MW,FR,FR,forecast_offshore_wind_generation,Wind Offshore,2026-09-23T04:41:20Z
2026-09-23T04:38:29Z,2026-09-23T06:38:29+0200,abb44c57-e6c5-48d3-b3dd-8f290af1258d,2026-09-16T12:45:00Z,2026-09-16T14:45:00+0200,380.25998,MW,FR,FR,forecast_offshore_wind_generation,Wind Offshore,2026-09-23T04:41:20Z
2026-09-23T04:38:29Z,2026-09-23T06:38:29+0200,abb44c57-e6c5-48d3-b3dd-8f290af1258d,2026-09-16T13:00:00Z,2026-09-16T15:00:00+0200,389.66998,MW,FR,FR,forecast_offshore_wind_generation,Wind Offshore,2026-09-23T04:41:20Z
2026-09-23T04:38:29Z,2026-09-23T06:38:29+0200,abb44c57-e6c5-48d3-b3dd-8f290af1258d,2026-09-16T13:15:00Z,2026-09-16T15:15:00+0200,422.02002,MW,FR,FR,forecast_offshore_wind_generation,Wind Offshore,2026-09-23T04:41:20Z
2026-09-23T04:38:29Z,2026-09-23T06:38:29+0200,abb44c57-e6c5-48d3-b3dd-8f290af1258d,2026-09-16T13:30:00Z,2026-09-16T15:30:00+0200,454.37,MW,FR,FR,forecast_offshore_wind_generation,Wind Offshore,2026-09-23T04:41:20Z
2026-09-23T04:38:29Z,2026-09-23T06:38:29+0200,abb44c57-e6c5-48d3-b3dd-8f290af1258d,2026-09-16T13:45:00Z,2026-09-16T15:45:00+0200,486.71002,MW,FR,FR,forecast_offshore_wind_generation,Wind Offshore,2026-09-23T04:41:20Z
2026-09-23T04:38:29Z,2026-09-23T06:38:29+0200,abb44c57-e6c5-48d3-b3dd-8f290af1258d,2026-09-16T14:00:00Z,2026-09-16T16:00:00+0200,519.03998,MW,FR,FR,forecast_offshore_wind_generation,Wind Offshore,2026-09-23T04:41:20Z
2026-09-23T04:38:29Z,2026-09-23T06:38:29+0200,abb44c57-e6c5-48d3-b3dd-8f290af1258d,2026-09-16T14:15:00Z,2026-09-16T16:15:00+0200,572.48999,MW,FR,FR,forecast_offshore_wind_generation,Wind Offshore,2026-09-23T04:41:20Z
2026-09-23T04:38:29Z,2026-09-23T06:38:29+0200,abb44c57-e6c5-48d3-b3dd-8f290af1258d,2026-09-16T14:30:00Z,2026-09-16T16:30:00+0200,625.92999,MW,FR,FR,forecast_offshore_wind_generation,Wind Offshore,2026-09-23T04:41:20Z
2026-09-23T04:38:29Z,2026-09-23T06:38:29+0200,abb44c57-e6c5-48d3-b3dd-8f290af1258d,2026-09-16T14:45:00Z,2026-09-16T16:45:00+0200,679.38,MW,FR,FR,forecast_offshore_wind_generation,Wind Offshore,2026-09-23T04:41:20Z
2026-09-23T04:38:29Z,2026-09-23T06:38:29+0200,abb44c57-e6c5-48d3-b3dd-8f290af1258d,2026-09-16T15:00:00Z,2026-09-16T17:00:00+0200,732.82001,MW,FR,FR,forecast_offshore_wind_generation,Wind Offshore,2026-09-23T04:41:20Z
2026-09-23T04:38:29Z,2026-09-23T06:38:29+0200,abb44c57-e6c5-48d3-b3dd-8f290af1258d,2026-09-16T15:15:00Z,2026-09-16T17:15:00+0200,765.52997,MW,FR,FR,forecast_offshore_wind_generation,Wind Offshore,2026-09-23T04:41:20Z
2026-09-23T04:38:29Z,2026-09-23T06:38:29+0200,abb44c57-e6c5-48d3-b3dd-8f290af1258d,2026-09-16T15:30:00Z,2026-09-16T17:30:00+0200,798.23004,MW,FR,FR,forecast_offshore_wind_generation,Wind Offshore,2026-09-23T04:41:20Z
2026-09-23T04:38:29Z,2026-09-23T06:38:29+0200,abb44c57-e6c5-48d3-b3dd-8f290af1258d,2026-09-16T15:45:00Z,2026-09-16T17:45:00+0200,830.92999,MW,FR,FR,forecast_offshore_wind_generation,Wind Offshore,2026-09-23T04:41:20Z
2026-09-23T04:38:29Z,2026-09-23T06:38:29+0200,abb44c57-e6c5-48d3-b3dd-8f290af1258d,2026-09-16T16:00:00Z,2026-09-16T18:00:00+0200,863.62006,MW,FR,FR,forecast_offshore_wind_generation,Wind Offshore,2026-09-23T04:41:20Z
2026-09-23T04:38:29Z,2026-09-23T06:38:29+0200,abb44c57-e6c5-48d3-b3dd-8f290af1258d,2026-09-16T16:15:00Z,2026-09-16T18:15:00+0200,876.87,MW,FR,FR,forecast_offshore_wind_generation,Wind Offshore,2026-09-23T04:41:20Z
2026-09-23T04:38:29Z,2026-09-23T06:38:29+0200,abb44c57-e6c5-48d3-b3dd-8f290af1258d,2026-09-16T16:30:00Z,2026-09-16T18:30:00+0200,890.10999,MW,FR,FR,forecast_offshore_wind_generation,Wind Offshore,2026-09-23T04:41:20Z
2026-09-23T04:38:29Z,2026-09-23T06:38:29+0200,abb44c57-e6c5-48d3-b3dd-8f290af1258d,2026-09-16T16:45:00Z,2026-09-16T18:45:00+0200,903.34998,MW,FR,FR,forecast_offshore_wind_generation,Wind Offshore,2026-09-23T04:41:20Z
2026-09-23T04:38:29Z,2026-09-23T06:38:29+0200,abb44c57-e6c5-48d3-b3dd-8f290af1258d,2026-09-16T17:00:00Z,2026-09-16T19:00:00+0200,916.59003,MW,FR,FR,forecast_offshore_wind_generation,Wind Offshore,2026-09-23T04:41:20Z
2026-09-23T04:38:29Z,2026-09-23T06:38:29+0200,abb44c57-e6c5-48d3-b3dd-8f290af1258d,2026-09-16T17:15:00Z,2026-09-16T19:15:00+0200,923.74005,MW,FR,FR,forecast_offshore_wind_generation,Wind Offshore,2026-09-23T04:41:20Z
2026-09-23T04:38:29Z,2026-09-23T06:38:29+0200,abb44c57-e6c5-48d3-b3dd-8f290af1258d,2026-09-16T17:30:00Z,2026-09-16T19:30:00+0200,930.89001,MW,FR,FR,forecast_offshore_wind_generation,Wind Offshore,2026-09-23T04:41:20Z
2026-09-23T04:38:29Z,2026-09-23T06:38:29+0200,abb44c57-e6c5-48d3-b3dd-8f290af1258d,2026-09-16T17:45:00Z,2026-09-16T19:45:00+0200,938.03003,MW,FR,FR,forecast_offshore_wind_generation,Wind Offshore,2026-09-23T04:41:20Z
2026-09-23T04:38:29Z,2026-09-23T06:38:29+0200,abb44c57-e6c5-48d3-b3dd-8f290af1258d,2026-09-16T18:00:00Z,2026-09-16T20:00:00+0200,945.17993,MW,FR,FR,forecast_offshore_wind_generation,Wind Offshore,2026-09-23T04:41:20Z
2026-09-23T04:38:29Z,2026-09-23T06:38:29+0200,abb44c57-e6c5-48d3-b3dd-8f290af1258d,2026-09-16T18:15:00Z,2026-09-16T20:15:00+0200,976.0,MW,FR,FR,forecast_offshore_wind_generation,Wind Offshore,2026-09-23T04:41:20Z
2026-09-23T04:38:29Z,2026-09-23T06:38:29+0200,abb44c57-e6c5-48d3-b3dd-8f290af1258d,2026-09-16T18:30:00Z,2026-09-16T20:30:00+0200,1006.80994,MW,FR,FR,forecast_offshore_wind_generation,Wind Offshore,2026-09-23T04:41:20Z
2026-09-23T04:38:29Z,2026-09-23T06:38:29+0200,abb44c57-e6c5-48d3-b3dd-8f290af1258d,2026-09-16T18:45:00Z,2026-09-16T20:45:00+0200,1037.64001,MW,FR,FR,forecast_offshore_wind_generation,Wind Offshore,2026-09-23T04:41:20Z
2026-09-23T04:38:29Z,2026-09-23T06:38:29+0200,abb44c57-e6c5-48d3-b3dd-8f290af1258d,2026-09-16T19:00:00Z,2026-09-16T21:00:00+0200,1068.45996,MW,FR,FR,forecast_offshore_wind_generation,Wind Offshore,2026-09-23T04:41:20Z
2026-09-23T04:38:29Z,2026-09-23T06:38:29+0200,abb44c57-e6c5-48d3-b3dd-8f290af1258d,2026-09-16T19:15:00Z,2026-09-16T21:15:00+0200,1068.43994,MW,FR,FR,forecast_offshore_wind_generation,Wind Offshore,2026-09-23T04:41:20Z
2026-09-23T04:38:29Z,2026-09-23T06:38:29+0200,abb44c57-e6c5-48d3-b3dd-8f290af1258d,2026-09-16T19:30:00Z,2026-09-16T21:30:00+0200,1068.38989,MW,FR,FR,forecast_offshore_wind_generation,Wind Offshore,2026-09-23T04:41:20Z
2026-09-23T04:38:29Z,2026-09-23T06:38:29+0200,abb44c57-e6c5-48d3-b3dd-8f290af1258d,2026-09-16T19:45:00Z,2026-09-16T21:45:00+0200,1068.37,MW,FR,FR,forecast_offshore_wind_generation,Wind Offshore,2026-09-23T04:41:20Z
2026-09-23T04:38:29Z,2026-09-23T06:38:29+0200,abb44c57-e6c5-48d3-b3dd-8f290af1258d,2026-09-16T20:00:00Z,2026-09-16T22:00:00+0200,1068.34998,MW,FR,FR,forecast_offshore_wind_generation,Wind Offshore,2026-09-23T04:41:20Z
2026-09-23T04:38:29Z,2026-09-23T06:38:29+0200,abb44c57-e6c5-48d3-b3dd-8f290af1258d,2026-09-16T20:15:00Z,2026-09-16T22:15:00+0200,1031.83997,MW,FR,FR,forecast_offshore_wind_generation,Wind Offshore,2026-09-23T04:41:20Z
2026-09-23T04:38:29Z,2026-09-23T06:38:29+0200,abb44c57-e6c5-48d3-b3dd-8f290af1258d,2026-09-16T20:30:00Z,2026-09-16T22:30:00+0200,995.33997,MW,FR,FR,forecast_offshore_wind_generation,Wind Offshore,2026-09-23T04:41:20Z
2026-09-23T04:38:29Z,2026-09-23T06:38:29+0200,abb44c57-e6c5-48d3-b3dd-8f290af1258d,2026-09-16T20:45:00Z,2026-09-16T22:45:00+0200,958.82007,MW,FR,FR,forecast_offshore_wind_generation,Wind Offshore,2026-09-23T04:41:20Z
2026-09-23T04:38:29Z,2026-09-23T06:38:29+0200,abb44c57-e6c5-48d3-b3dd-8f290af1258d,2026-09-16T21:00:00Z,2026-09-16T23:00:00+0200,922.31995,MW,FR,FR,forecast_offshore_wind_generation,Wind Offshore,2026-09-23T04:41:20Z
2026-09-23T04:38:29Z,2026-09-23T06:38:29+0200,abb44c57-e6c5-48d3-b3dd-8f290af1258d,2026-09-16T21:15:00Z,2026-09-16T23:15:00+0200,878.20001,MW,FR,FR,forecast_offshore_wind_generation,Wind Offshore,2026-09-23T04:41:20Z
2026-09-23T04:38:29Z,2026-09-23T06:38:29+0200,abb44c57-e6c5-48d3-b3dd-8f290af1258d,2026-09-16T21:30:00Z,2026-09-16T23:30:00+0200,834.09998,MW,FR,FR,forecast_offshore_wind_generation,Wind Offshore,2026-09-23T04:41:20Z
2026-09-23T04:38:29Z,2026-09-23T06:38:29+0200,abb44c57-e6c5-48d3-b3dd-8f290af1258d,2026-09-16T21:45:00Z,2026-09-16T23:45:00+0200,789.97003,MW,FR,FR,forecast_offshore_wind_generation,Wind Offshore,2026-09-23T04:41:20Z
2026-09-23T04:38:29Z,2026-09-23T06:38:29+0200,abb44c57-e6c5-48d3-b3dd-8f290af1258d,2026-09-16T22:00:00Z,2026-09-17T00:00:00+0200,800.11005,MW,FR,FR,forecast_offshore_wind_generation,Wind Offshore,2026-09-23T04:41:20Z
2026-09-23T04:38:29Z,2026-09-23T06:38:29+0200,abb44c57-e6c5-48d3-b3dd-8f290af1258d,2026-09-16T22:15:00Z,2026-09-17T00:15:00+0200,757.10999,MW,FR,FR,forecast_offshore_wind_generation,Wind Offshore,2026-09-23T04:41:20Z
2026-09-23T04:38:29Z,2026-09-23T06:38:29+0200,abb44c57-e6c5-48d3-b3dd-8f290af1258d,2026-09-16T22:30:00Z,2026-09-17T00:30:00+0200,714.10004,MW,FR,FR,forecast_offshore_wind_generation,Wind Offshore,2026-09-23T04:41:20Z
2026-09-23T04:38:29Z,2026-09-23T06:38:29+0200,abb44c57-e6c5-48d3-b3dd-8f290af1258d,2026-09-16T22:45:00Z,2026-09-17T00:45:00+0200,671.10004,MW,FR,FR,forecast_offshore_wind_generation,Wind Offshore,2026-09-23T04:41:20Z
2026-09-23T04:38:29Z,2026-09-23T06:38:29+0200,abb44c57-e6c5-48d3-b3dd-8f290af1258d,2026-09-16T23:00:00Z,2026-09-17T01:00:00+0200,628.10999,MW,FR,FR,forecast_offshore_wind_generation,Wind Offshore,2026-09-23T04:41:20Z
2026-09-23T04:38:29Z,2026-09-23T06:38:29+0200,abb44c57-e6c5-48d3-b3dd-8f290af1258d,2026-09-16T23:15:00Z,2026-09-17T01:15:00+0200,609.40997,MW,FR,FR,forecast_offshore_wind_generation,Wind Offshore,2026-09-23T04:41:20Z
2026-09-23T04:38:29Z,2026-09-23T06:38:29+0200,abb44c57-e6c5-48d3-b3dd-8f290af1258d,2026-09-16T23:30:00Z,2026-09-17T01:30:00+0200,590.70001,MW,FR,FR,forecast_offshore_wind_generation,Wind Offshore,2026-09-23T04:41:20Z
2026-09-23T04:38:29Z,2026-09-23T06:38:29+0200,abb44c57-e6c5-48d3-b3dd-8f290af1258d,2026-09-16T23:45:00Z,2026-09-17T01:45:00+0200,572.0,MW,FR,FR,forecast_offshore_wind_generation,Wind Offshore,2026-09-23T04:41:20Z
2026-09-23T04:38:29Z,2026-09-23T06:38:29+0200,abb44c57-e6c5-48d3-b3dd-8f290af1258d,2026-09-17T00:00:00Z,2026-09-17T02:00:00+0200,553.28998,MW,FR,FR,forecast_offshore_wind_generation,Wind Offshore,2026-09-23T04:41:20Z
2026-09-23T04:38:29Z,2026-09-23T06:38:29+0200,abb44c57-e6c5-48d3-b3dd-8f290af1258d,2026-09-17T00:15:00Z,2026-09-17T02:15:00+0200,543.85999,MW,FR,FR,forecast_offshore_wind_generation,Wind Offshore,2026-09-23T04:41:20Z
2026-09-23T04:38:29Z,2026-09-23T06:38:29+0200,abb44c57-e6c5-48d3-b3dd-8f290af1258d,2026-09-17T00:30:00Z,2026-09-17T02:30:00+0200,534.42999,MW,FR,FR,forecast_offshore_wind_generation,Wind Offshore,2026-09-23T04:41:20Z
2026-09-23T04:38:29Z,2026-09-23T06:38:29+0200,abb44c57-e6c5-48d3-b3dd-8f290af1258d,2026-09-17T00:45:00Z,2026-09-17T02:45:00+0200,524.98999,MW,FR,FR,forecast_offshore_wind_generation,Wind Offshore,2026-09-23T04:41:20Z
2026-09-23T04:38:29Z,2026-09-23T06:38:29+0200,abb44c57-e6c5-48d3-b3dd-8f290af1258d,2026-09-17T01:00:00Z,2026-09-17T03:00:00+0200,515.55994,MW,FR,FR,forecast_offshore_wind_generation,Wind Offshore,2026-09-23T04:41:20Z
2026-09-23T04:38:29Z,2026-09-23T06:38:29+0200,abb44c57-e6c5-48d3-b3dd-8f290af1258d,2026-09-17T01:15:00Z,2026-09-17T03:15:00+0200,525.48999,MW,FR,FR,forecast_offshore_wind_generation,Wind Offshore,2026-09-23T04:41:20Z
2026-09-23T04:38:29Z,2026-09-23T06:38:29+0200,abb44c57-e6c5-48d3-b3dd-8f290af1258d,2026-09-17T01:30:00Z,2026-09-17T03:30:00+0200,535.42999,MW,FR,FR,forecast_offshore_wind_generation,Wind Offshore,2026-09-23T04:41:20Z
2026-09-23T04:38:29Z,2026-09-23T06:38:29+0200,abb44c57-e6c5-48d3-b3dd-8f290af1258d,2026-09-17T01:45:00Z,2026-09-17T03:45:00+0200,545.35999,MW,FR,FR,forecast_offshore_wind_generation,Wind Offshore,2026-09-23T04:41:20Z
2026-09-23T04:38:29Z,2026-09-23T06:38:29+0200,abb44c57-e6c5-48d3-b3dd-8f290af1258d,2026-09-17T02:00:00Z,2026-09-17T04:00:00+0200,555.31,MW,FR,FR,forecast_offshore_wind_generation,Wind Offshore,2026-09-23T04:41:20Z
2026-09-23T04:38:29Z,2026-09-23T06:38:29+0200,abb44c57-e6c5-48d3-b3dd-8f290af1258d,2026-09-17T02:15:00Z,2026-09-17T04:15:00+0200,566.56,MW,FR,FR,forecast_offshore_wind_generation,Wind Offshore,2026-09-23T04:41:20Z
2026-09-23T04:38:29Z,2026-09-23T06:38:29+0200,abb44c57-e6c5-48d3-b3dd-8f290af1258d,2026-09-17T02:30:00Z,2026-09-17T04:30:00+0200,577.78998,MW,FR,FR,forecast_offshore_wind_generation,Wind Offshore,2026-09-23T04:41:20Z
2026-09-23T04:38:29Z,2026-09-23T06:38:29+0200,abb44c57-e6c5-48d3-b3dd-8f290af1258d,2026-09-17T02:45:00Z,2026-09-17T04:45:00+0200,589.04999,MW,FR,FR,forecast_offshore_wind_generation,Wind Offshore,2026-09-23T04:41:20Z
2026-09-23T04:38:29Z,2026-09-23T06:38:29+0200,abb44c57-e6c5-48d3-b3dd-8f290af1258d,2026-09-17T03:00:00Z,2026-09-17T05:00:00+0200,600.29999,MW,FR,FR,forecast_offshore_wind_generation,Wind Offshore,2026-09-23T04:41:20Z
2026-09-23T04:38:29Z,2026-09-23T06:38:29+0200,abb44c57-e6c5-48d3-b3dd-8f290af1258d,2026-09-17T03:15:00Z,2026-09-17T05:15:00+0200,601.04999,MW,FR,FR,forecast_offshore_wind_generation,Wind Offshore,2026-09-23T04:41:20Z
2026-09-23T04:38:29Z,2026-09-23T06:38:29+0200,abb44c57-e6c5-48d3-b3dd-8f290af1258d,2026-09-17T03:30:00Z,2026-09-17T05:30:00+0200,601.81006,MW,FR,FR,forecast_offshore_wind_generation,Wind Offshore,2026-09-23T04:41:20Z
2026-09-23T04:38:29Z,2026-09-23T06:38:29+0200,abb44c57-e6c5-48d3-b3dd-8f290af1258d,2026-09-17T03:45:00Z,2026-09-17T05:45:00+0200,602.56006,MW,FR,FR,forecast_offshore_wind_generation,Wind Offshore,2026-09-23T04:41:20Z
2026-09-23T04:38:29Z,2026-09-23T06:38:29+0200,abb44c57-e6c5-48d3-b3dd-8f290af1258d,2026-09-17T04:00:00Z,2026-09-17T06:00:00+0200,603.29999,MW,FR,FR,forecast_offshore_wind_generation,Wind Offshore,2026-09-23T04:41:20Z
2026-09-23T04:38:29Z,2026-09-23T06:38:29+0200,abb44c57-e6c5-48d3-b3dd-8f290af1258d,2026-09-17T04:15:00Z,2026-09-17T06:15:00+0200,615.87,MW,FR,FR,forecast_offshore_wind_generation,Wind Offshore,2026-09-23T04:41:20Z
2026-09-23T04:38:29Z,2026-09-23T06:38:29+0200,abb44c57-e6c5-48d3-b3dd-8f290af1258d,2026-09-17T04:30:00Z,2026-09-17T06:30:00+0200,628.44995,MW,FR,FR,forecast_offshore_wind_generation,Wind Offshore,2026-09-23T04:41:20Z
2026-09-23T04:38:29Z,2026-09-23T06:38:29+0200,abb44c57-e6c5-48d3-b3dd-8f290af1258d,2026-09-17T04:45:00Z,2026-09-17T06:45:00+0200,641.01001,MW,FR,FR,forecast_offshore_wind_generation,Wind Offshore,2026-09-23T04:41:20Z
2026-09-23T04:38:29Z,2026-09-23T06:38:29+0200,abb44c57-e6c5-48d3-b3dd-8f290af1258d,2026-09-17T05:00:00Z,2026-09-17T07:00:00+0200,653.57001,MW,FR,FR,forecast_offshore_wind_generation,Wind Offshore,2026-09-23T04:41:20Z
2026-09-23T04:38:29Z,2026-09-23T06:38:29+0200,abb44c57-e6c5-48d3-b3dd-8f290af1258d,2026-09-17T05:15:00Z,2026-09-17T07:15:00+0200,676.26001,MW,FR,FR,forecast_offshore_wind_generation,Wind Offshore,2026-09-23T04:41:20Z
2026-09-23T04:38:29Z,2026-09-23T06:38:29+0200,abb44c57-e6c5-48d3-b3dd-8f290af1258d,2026-09-17T05:30:00Z,2026-09-17T07:30:00+0200,698.94,MW,FR,FR,forecast_offshore_wind_generation,Wind Offshore,2026-09-23T04:41:20Z
2026-09-23T04:38:29Z,2026-09-23T06:38:29+0200,abb44c57-e6c5-48d3-b3dd-8f290af1258d,2026-09-17T05:45:00Z,2026-09-17T07:45:00+0200,721.62,MW,FR,FR,forecast_offshore_wind_generation,Wind Offshore,2026-09-23T04:41:20Z
2026-09-23T04:38:29Z,2026-09-23T06:38:29+0200,abb44c57-e6c5-48d3-b3dd-8f290af1258d,2026-09-17T06:00:00Z,2026-09-17T08:00:00+0200,744.29993,MW,FR,FR,forecast_offshore_wind_generation,Wind Offshore,2026-09-23T04:41:20Z
2026-09-23T04:38:29Z,2026-09-23T06:38:29+0200,abb44c57-e6c5-48d3-b3dd-8f290af1258d,2026-09-17T06:15:00Z,2026-09-17T08:15:00+0200,754.91998,MW,FR,FR,forecast_offshore_wind_generation,Wind Offshore,2026-09-23T04:41:20Z
2026-09-23T04:38:29Z,2026-09-23T06:38:29+0200,abb44c57-e6c5-48d3-b3dd-8f290af1258d,2026-09-17T06:30:00Z,2026-09-17T08:30:00+0200,765.54999,MW,FR,FR,forecast_offshore_wind_generation,Wind Offshore,2026-09-23T04:41:20Z
2026-09-23T04:38:29Z,2026-09-23T06:38:29+0200,abb44c57-e6c5-48d3-b3dd-8f290af1258d,2026-09-17T06:45:00Z,2026-09-17T08:45:00+0200,776.17999,MW,FR,FR,forecast_offshore_wind_generation,Wind Offshore,2026-09-23T04:41:20Z
2026-09-23T04:38:29Z,2026-09-23T06:38:29+0200,abb44c57-e6c5-48d3-b3dd-8f290af1258d,2026-09-17T07:00:00Z,2026-09-17T09:00:00+0200,786.81,MW,FR,FR,forecast_offshore_wind_generation,Wind Offshore,2026-09-23T04:41:20Z
2026-09-23T04:38:29Z,2026-09-23T06:38:29+0200,abb44c57-e6c5-48d3-b3dd-8f290af1258d,2026-09-17T07:15:00Z,2026-09-17T09:15:00+0200,803.84998,MW,FR,FR,forecast_offshore_wind_generation,Wind Offshore,2026-09-23T04:41:20Z
2026-09-23T04:38:29Z,2026-09-23T06:38:29+0200,abb44c57-e6c5-48d3-b3dd-8f290af1258d,2026-09-17T07:30:00Z,2026-09-17T09:30:00+0200,820.87994,MW,FR,FR,forecast_offshore_wind_generation,Wind Offshore,2026-09-23T04:41:20Z
2026-09-23T04:38:29Z,2026-09-23T06:38:29+0200,abb44c57-e6c5-48d3-b3dd-8f290af1258d,2026-09-17T07:45:00Z,2026-09-17T09:45:00+0200,837.91003,MW,FR,FR,forecast_offshore_wind_generation,Wind Offshore,2026-09-23T04:41:20Z
2026-09-23T04:38:29Z,2026-09-23T06:38:29+0200,abb44c57-e6c5-48d3-b3dd-8f290af1258d,2026-09-17T08:00:00Z,2026-09-17T10:00:00+0200,854.94995,MW,FR,FR,forecast_offshore_wind_generation,Wind Offshore,2026-09-23T04:41:20Z
2026-09-23T04:38:29Z,2026-09-23T06:38:29+0200,abb44c57-e6c5-48d3-b3dd-8f290af1258d,2026-09-17T08:15:00Z,2026-09-17T10:15:00+0200,857.21002,MW,FR,FR,forecast_offshore_wind_generation,Wind Offshore,2026-09-23T04:41:20Z
2026-09-23T04:38:29Z,2026-09-23T06:38:29+0200,abb44c57-e6c5-48d3-b3dd-8f290af1258d,2026-09-17T08:30:00Z,2026-09-17T10:30:00+0200,859.45001,MW,FR,FR,forecast_offshore_wind_generation,Wind Offshore,2026-09-23T04:41:20Z
2026-09-23T04:38:29Z,2026-09-23T06:38:29+0200,abb44c57-e6c5-48d3-b3dd-8f290af1258d,2026-09-17T08:45:00Z,2026-09-17T10:45:00+0200,861.70001,MW,FR,FR,forecast_offshore_wind_generation,Wind Offshore,2026-09-23T04:41:20Z
2026-09-23T04:38:29Z,2026-09-23T06:38:29+0200,abb44c57-e6c5-48d3-b3dd-8f290af1258d,2026-09-17T09:00:00Z,2026-09-17T11:00:00+0200,863.94006,MW,FR,FR,forecast_offshore_wind_generation,Wind Offshore,2026-09-23T04:41:20Z
2026-09-23T04:38:29Z,2026-09-23T06:38:29+0200,abb44c57-e6c5-48d3-b3dd-8f290af1258d,2026-09-17T09:15:00Z,2026-09-17T11:15:00+0200,875.13,MW,FR,FR,forecast_offshore_wind_generation,Wind Offshore,2026-09-23T04:41:20Z
2026-09-23T04:38:29Z,2026-09-23T06:38:29+0200,abb44c57-e6c5-48d3-b3dd-8f290af1258d,2026-09-17T09:30:00Z,2026-09-17T11:30:00+0200,886.32001,MW,FR,FR,forecast_offshore_wind_generation,Wind Offshore,2026-09-23T04:41:20Z
2026-09-23T04:38:29Z,2026-09-23T06:38:29+0200,abb44c57-e6c5-48d3-b3dd-8f290af1258d,2026-09-17T09:45:00Z,2026-09-17T11:45:00+0200,897.52002,MW,FR,FR,forecast_offshore_wind_generation,Wind Offshore,2026-09-23T04:41:20Z
2026-09-23T04:38:29Z,2026-09-23T06:38:29+0200,abb44c57-e6c5-48d3-b3dd-8f290af1258d,2026-09-17T10:00:00Z,2026-09-17T12:00:00+0200,908.71002,MW,FR,FR,forecast_offshore_wind_generation,Wind Offshore,2026-09-23T04:41:20Z
2026-09-23T04:38:29Z,2026-09-23T06:38:29+0200,abb44c57-e6c5-48d3-b3dd-8f290af1258d,2026-09-17T10:15:00Z,2026-09-17T12:15:00+0200,943.01001,MW,FR,FR,forecast_offshore_wind_generation,Wind Offshore,2026-09-23T04:41:20Z
2026-09-23T04:38:29Z,2026-09-23T06:38:29+0200,abb44c57-e6c5-48d3-b3dd-8f290af1258d,2026-09-17T10:30:00Z,2026-09-17T12:30:00+0200,977.33997,MW,FR,FR,forecast_offshore_wind_generation,Wind Offshore,2026-09-23T04:41:20Z
2026-09-23T04:38:29Z,2026-09-23T06:38:29+0200,abb44c57-e6c5-48d3-b3dd-8f290af1258d,2026-09-17T10:45:00Z,2026-09-17T12:45:00+0200,1011.65002,MW,FR,FR,forecast_offshore_wind_generation,Wind Offshore,2026-09-23T04:41:20Z
2026-09-23T04:38:29Z,2026-09-23T06:38:29+0200,abb44c57-e6c5-48d3-b3dd-8f290af1258d,2026-09-17T11:00:00Z,2026-09-17T13:00:00+0200,1045.95996,MW,FR,FR,forecast_offshore_wind_generation,Wind Offshore,2026-09-23T04:41:20Z
2026-09-23T04:38:29Z,2026-09-23T06:38:29+0200,abb44c57-e6c5-48d3-b3dd-8f290af1258d,2026-09-17T11:15:00Z,2026-09-17T13:15:00+0200,1057.08008,MW,FR,FR,forecast_offshore_wind_generation,Wind Offshore,2026-09-23T04:41:20Z
2026-09-23T04:38:29Z,2026-09-23T06:38:29+0200,abb44c57-e6c5-48d3-b3dd-8f290af1258d,2026-09-17T11:30:00Z,2026-09-17T13:30:00+0200,1068.21997,MW,FR,FR,forecast_offshore_wind_generation,Wind Offshore,2026-09-23T04:41:20Z
2026-09-23T04:38:29Z,2026-09-23T06:38:29+0200,abb44c57-e6c5-48d3-b3dd-8f290af1258d,2026-09-17T11:45:00Z,2026-09-17T13:45:00+0200,1079.3501,MW,FR,FR,forecast_offshore_wind_generation,Wind Offshore,2026-09-23T04:41:20Z
2026-09-23T04:38:29Z,2026-09-23T06:38:29+0200,abb44c57-e6c5-48d3-b3dd-8f290af1258d,2026-09-17T12:00:00Z,2026-09-17T14:00:00+0200,1090.46997,MW,FR,FR,forecast_offshore_wind_generation,Wind Offshore,2026-09-23T04:41:20Z
2026-09-23T04:38:29Z,2026-09-23T06:38:29+0200,abb44c57-e6c5-48d3-b3dd-8f290af1258d,2026-09-17T12:15:00Z,2026-09-17T14:15:00+0200,1081.20007,MW,FR,FR,forecast_offshore_wind_generation,Wind Offshore,2026-09-23T04:41:20Z
2026-09-23T04:38:29Z,2026-09-23T06:38:29+0200,abb44c57-e6c5-48d3-b3dd-8f290af1258d,2026-09-17T12:30:00Z,2026-09-17T14:30:00+0200,1071.93005,MW,FR,FR,forecast_offshore_wind_generation,Wind Offshore,2026-09-23T04:41:20Z
2026-09-23T04:38:29Z,2026-09-23T06:38:29+0200,abb44c57-e6c5-48d3-b3dd-8f290af1258d,2026-09-17T12:45:00Z,2026-09-17T14:45:00+0200,1062.66003,MW,FR,FR,forecast_offshore_wind_generation,Wind Offshore,2026-09-23T04:41:20Z
2026-09-23T04:38:29Z,2026-09-23T06:38:29+0200,abb44c57-e6c5-48d3-b3dd-8f290af1258d,2026-09-17T13:00:00Z,2026-09-17T15:00:00+0200,1053.38,MW,FR,FR,forecast_offshore_wind_generation,Wind Offshore,2026-09-23T04:41:20Z
2026-09-23T04:38:29Z,2026-09-23T06:38:29+0200,abb44c57-e6c5-48d3-b3dd-8f290af1258d,2026-09-17T13:15:00Z,2026-09-17T15:15:00+0200,1075.32996,MW,FR,FR,forecast_offshore_wind_generation,Wind Offshore,2026-09-23T04:41:20Z
2026-09-23T04:38:29Z,2026-09-23T06:38:29+0200,abb44c57-e6c5-48d3-b3dd-8f290af1258d,2026-09-17T13:30:00Z,2026-09-17T15:30:00+0200,1097.28003,MW,FR,FR,forecast_offshore_wind_generation,Wind Offshore,2026-09-23T04:41:20Z
2026-09-23T04:38:29Z,2026-09-23T06:38:29+0200,abb44c57-e6c5-48d3-b3dd-8f290af1258d,2026-09-17T13:45:00Z,2026-09-17T15:45:00+0200,1119.22998,MW,FR,FR,forecast_offshore_wind_generation,Wind Offshore,2026-09-23T04:41:20Z
2026-09-23T04:38:29Z,2026-09-23T06:38:29+0200,abb44c57-e6c5-48d3-b3dd-8f290af1258d,2026-09-17T14:00:00Z,2026-09-17T16:00:00+0200,1141.17993,MW,FR,FR,forecast_offshore_wind_generation,Wind Offshore,2026-09-23T04:41:20Z
2026-09-23T04:38:29Z,2026-09-23T06:38:29+0200,abb44c57-e6c5-48d3-b3dd-8f290af1258d,2026-09-17T14:15:00Z,2026-09-17T16:15:00+0200,1141.85999,MW,FR,FR,forecast_offshore_wind_generation,Wind Offshore,2026-09-23T04:41:20Z
2026-09-23T04:38:29Z,2026-09-23T06:38:29+0200,abb44c57-e6c5-48d3-b3dd-8f290af1258d,2026-09-17T14:30:00Z,2026-09-17T16:30:00+0200,1142.55005,MW,FR,FR,forecast_offshore_wind_generation,Wind Offshore,2026-09-23T04:41:20Z
2026-09-23T04:38:29Z,2026-09-23T06:38:29+0200,abb44c57-e6c5-48d3-b3dd-8f290af1258d,2026-09-17T14:45:00Z,2026-09-17T16:45:00+0200,1143.19995,MW,FR,FR,forecast_offshore_wind_generation,Wind Offshore,2026-09-23T04:41:20Z
2026-09-23T04:38:29Z,2026-09-23T06:38:29+0200,abb44c57-e6c5-48d3-b3dd-8f290af1258d,2026-09-17T15:00:00Z,2026-09-17T17:00:00+0200,1143.89001,MW,FR,FR,forecast_offshore_wind_generation,Wind Offshore,2026-09-23T04:41:20Z
2026-09-23T04:38:29Z,2026-09-23T06:38:29+0200,abb44c57-e6c5-48d3-b3dd-8f290af1258d,2026-09-17T15:15:00Z,2026-09-17T17:15:00+0200,1116.35999,MW,FR,FR,forecast_offshore_wind_generation,Wind Offshore,2026-09-23T04:41:20Z
2026-09-23T04:38:29Z,2026-09-23T06:38:29+0200,abb44c57-e6c5-48d3-b3dd-8f290af1258d,2026-09-17T15:30:00Z,2026-09-17T17:30:00+0200,1088.81006,MW,FR,FR,forecast_offshore_wind_generation,Wind Offshore,2026-09-23T04:41:20Z
2026-09-23T04:38:29Z,2026-09-23T06:38:29+0200,abb44c57-e6c5-48d3-b3dd-8f290af1258d,2026-09-17T15:45:00Z,2026-09-17T17:45:00+0200,1061.28003,MW,FR,FR,forecast_offshore_wind_generation,Wind Offshore,2026-09-23T04:41:20Z
2026-09-23T04:38:29Z,2026-09-23T06:38:29+0200,abb44c57-e6c5-48d3-b3dd-8f290af1258d,2026-09-17T16:00:00Z,2026-09-17T18:00:00+0200,1033.73999,MW,FR,FR,forecast_offshore_wind_generation,Wind Offshore,2026-09-23T04:41:20Z
2026-09-23T04:38:29Z,2026-09-23T06:38:29+0200,abb44c57-e6c5-48d3-b3dd-8f290af1258d,2026-09-17T16:15:00Z,2026-09-17T18:15:00+0200,1004.73004,MW,FR,FR,forecast_offshore_wind_generation,Wind Offshore,2026-09-23T04:41:20Z
2026-09-23T04:38:29Z,2026-09-23T06:38:29+0200,abb44c57-e6c5-48d3-b3dd-8f290af1258d,2026-09-17T16:30:00Z,2026-09-17T18:30:00+0200,975.73004,MW,FR,FR,forecast_offshore_wind_generation,Wind Offshore,2026-09-23T04:41:20Z
2026-09-23T04:38:29Z,2026-09-23T06:38:29+0200,abb44c57-e6c5-48d3-b3dd-8f290af1258d,2026-09-17T16:45:00Z,2026-09-17T18:45:00+0200,946.72998,MW,FR,FR,forecast_offshore_wind_generation,Wind Offshore,2026-09-23T04:41:20Z
2026-09-23T04:38:29Z,2026-09-23T06:38:29+0200,abb44c57-e6c5-48d3-b3dd-8f290af1258d,2026-09-17T17:00:00Z,2026-09-17T19:00:00+0200,917.71997,MW,FR,FR,forecast_offshore_wind_generation,Wind Offshore,2026-09-23T04:41:20Z
2026-09-23T04:38:29Z,2026-09-23T06:38:29+0200,abb44c57-e6c5-48d3-b3dd-8f290af1258d,2026-09-17T17:15:00Z,2026-09-17T19:15:00+0200,902.84003,MW,FR,FR,forecast_offshore_wind_generation,Wind Offshore,2026-09-23T04:41:20Z
2026-09-23T04:38:29Z,2026-09-23T06:38:29+0200,abb44c57-e6c5-48d3-b3dd-8f290af1258d,2026-09-17T17:30:00Z,2026-09-17T19:30:00+0200,887.91998,MW,FR,FR,forecast_offshore_wind_generation,Wind Offshore,2026-09-23T04:41:20Z
2026-09-23T04:38:29Z,2026-09-23T06:38:29+0200,abb44c57-e6c5-48d3-b3dd-8f290af1258d,2026-09-17T17:45:00Z,2026-09-17T19:45:00+0200,873.04004,MW,FR,FR,forecast_offshore_wind_generation,Wind Offshore,2026-09-23T04:41:20Z
2026-09-23T04:38:29Z,2026-09-23T06:38:29+0200,abb44c57-e6c5-48d3-b3dd-8f290af1258d,2026-09-17T18:00:00Z,2026-09-17T20:00:00+0200,858.15002,MW,FR,FR,forecast_offshore_wind_generation,Wind Offshore,2026-09-23T04:41:20Z
2026-09-23T04:38:29Z,2026-09-23T06:38:29+0200,abb44c57-e6c5-48d3-b3dd-8f290af1258d,2026-09-17T18:15:00Z,2026-09-17T20:15:00+0200,859.78003,MW,FR,FR,forecast_offshore_wind_generation,Wind Offshore,2026-09-23T04:41:20Z
2026-09-23T04:38:29Z,2026-09-23T06:38:29+0200,abb44c57-e6c5-48d3-b3dd-8f290af1258d,2026-09-17T18:30:00Z,2026-09-17T20:30:00+0200,861.41998,MW,FR,FR,forecast_offshore_wind_generation,Wind Offshore,2026-09-23T04:41:20Z
2026-09-23T04:38:29Z,2026-09-23T06:38:29+0200,abb44c57-e6c5-48d3-b3dd-8f290af1258d,2026-09-17T18:45:00Z,2026-09-17T20:45:00+0200,863.03998,MW,FR,FR,forecast_offshore_wind_generation,Wind Offshore,2026-09-23T04:41:20Z
2026-09-23T04:38:29Z,2026-09-23T06:38:29+0200,abb44c57-e6c5-48d3-b3dd-8f290af1258d,2026-09-17T19:00:00Z,2026-09-17T21:00:00+0200,864.67999,MW,FR,FR,forecast_offshore_wind_generation,Wind Offshore,2026-09-23T04:41:20Z
2026-09-23T04:38:29Z,2026-09-23T06:38:29+0200,abb44c57-e6c5-48d3-b3dd-8f290af1258d,2026-09-17T19:15:00Z,2026-09-17T21:15:00+0200,883.01001,MW,FR,FR,forecast_offshore_wind_generation,Wind Offshore,2026-09-23T04:41:20Z
2026-09-23T04:38:29Z,2026-09-23T06:38:29+0200,abb44c57-e6c5-48d3-b3dd-8f290af1258d,2026-09-17T19:30:00Z,2026-09-17T21:30:00+0200,901.34998,MW,FR,FR,forecast_offshore_wind_generation,Wind Offshore,2026-09-23T04:41:20Z
2026-09-23T04:38:29Z,2026-09-23T06:38:29+0200,abb44c57-e6c5-48d3-b3dd-8f290af1258d,2026-09-17T19:45:00Z,2026-09-17T21:45:00+0200,919.69,MW,FR,FR,forecast_offshore_wind_generation,Wind Offshore,2026-09-23T04:41:20Z
2026-09-23T04:38:29Z,2026-09-23T06:38:29+0200,abb44c57-e6c5-48d3-b3dd-8f290af1258d,2026-09-17T20:00:00Z,2026-09-17T22:00:00+0200,938.02002,MW,FR,FR,forecast_offshore_wind_generation,Wind Offshore,2026-09-23T04:41:20Z
2026-09-23T04:38:29Z,2026-09-23T06:38:29+0200,abb44c57-e6c5-48d3-b3dd-8f290af1258d,2026-09-17T20:15:00Z,2026-09-17T22:15:00+0200,957.06,MW,FR,FR,forecast_offshore_wind_generation,Wind Offshore,2026-09-23T04:41:20Z
2026-09-23T04:38:29Z,2026-09-23T06:38:29+0200,abb44c57-e6c5-48d3-b3dd-8f290af1258d,2026-09-17T20:30:00Z,2026-09-17T22:30:00+0200,976.09998,MW,FR,FR,forecast_offshore_wind_generation,Wind Offshore,2026-09-23T04:41:20Z
2026-09-23T04:38:29Z,2026-09-23T06:38:29+0200,abb44c57-e6c5-48d3-b3dd-8f290af1258d,2026-09-17T20:45:00Z,2026-09-17T22:45:00+0200,995.15002,MW,FR,FR,forecast_offshore_wind_generation,Wind Offshore,2026-09-23T04:41:20Z
2026-09-23T04:38:29Z,2026-09-23T06:38:29+0200,abb44c57-e6c5-48d3-b3dd-8f290af1258d,2026-09-17T21:00:00Z,2026-09-17T23:00:00+0200,1014.19006,MW,FR,FR,forecast_offshore_wind_generation,Wind Offshore,2026-09-23T04:41:20Z
2026-09-23T04:38:29Z,2026-09-23T06:38:29+0200,abb44c57-e6c5-48d3-b3dd-8f290af1258d,2026-09-17T21:15:00Z,2026-09-17T23:15:00+0200,994.37,MW,FR,FR,forecast_offshore_wind_generation,Wind Offshore,2026-09-23T04:41:20Z
2026-09-23T04:38:29Z,2026-09-23T06:38:29+0200,abb44c57-e6c5-48d3-b3dd-8f290af1258d,2026-09-17T21:30:00Z,2026-09-17T23:30:00+0200,974.56995,MW,FR,FR,forecast_offshore_wind_generation,Wind Offshore,2026-09-23T04:41:20Z
2026-09-23T04:38:29Z,2026-09-23T06:38:29+0200,abb44c57-e6c5-48d3-b3dd-8f290af1258d,2026-09-17T21:45:00Z,2026-09-17T23:45:00+0200,954.77002,MW,FR,FR,forecast_offshore_wind_generation,Wind Offshore,2026-09-23T04:41:20Z
2026-09-23T04:38:29Z,2026-09-23T06:38:29+0200,abb44c57-e6c5-48d3-b3dd-8f290af1258d,2026-09-17T22:00:00Z,2026-09-18T00:00:00+0200,976.19995,MW,FR,FR,forecast_offshore_wind_generation,Wind Offshore,2026-09-23T04:41:20Z
2026-09-23T04:38:29Z,2026-09-23T06:38:29+0200,abb44c57-e6c5-48d3-b3dd-8f290af1258d,2026-09-17T22:15:00Z,2026-09-18T00:15:00+0200,951.62,MW,FR,FR,forecast_offshore_wind_generation,Wind Offshore,2026-09-23T04:41:20Z
2026-09-23T04:38:29Z,2026-09-23T06:38:29+0200,abb44c57-e6c5-48d3-b3dd-8f290af1258d,2026-09-17T22:30:00Z,2026-09-18T00:30:00+0200,927.01996,MW,FR,FR,forecast_offshore_wind_generation,Wind Offshore,2026-09-23T04:41:20Z
2026-09-23T04:38:29Z,2026-09-23T06:38:29+0200,abb44c57-e6c5-48d3-b3dd-8f290af1258d,2026-09-17T22:45:00Z,2026-09-18T00:45:00+0200,902.41998,MW,FR,FR,forecast_offshore_wind_generation,Wind Offshore,2026-09-23T04:41:20Z
2026-09-23T04:38:29Z,2026-09-23T06:38:29+0200,abb44c57-e6c5-48d3-b3dd-8f290af1258d,2026-09-17T23:00:00Z,2026-09-18T01:00:00+0200,877.83997,MW,FR,FR,forecast_offshore_wind_generation,Wind Offshore,2026-09-23T04:41:20Z
2026-09-23T04:38:29Z,2026-09-23T06:38:29+0200,abb44c57-e6c5-48d3-b3dd-8f290af1258d,2026-09-17T23:15:00Z,2026-09-18T01:15:00+0200,839.52002,MW,FR,FR,forecast_offshore_wind_generation,Wind Offshore,2026-09-23T04:41:20Z
2026-09-23T04:38:29Z,2026-09-23T06:38:29+0200,abb44c57-e6c5-48d3-b3dd-8f290af1258d,2026-09-17T23:30:00Z,2026-09-18T01:30:00+0200,801.17999,MW,FR,FR,forecast_offshore_wind_generation,Wind Offshore,2026-09-23T04:41:20Z
2026-09-23T04:38:29Z,2026-09-23T06:38:29+0200,abb44c57-e6c5-48d3-b3dd-8f290af1258d,2026-09-17T23:45:00Z,2026-09-18T01:45:00+0200,762.85999,MW,FR,FR,forecast_offshore_wind_generation,Wind Offshore,2026-09-23T04:41:20Z
2026-09-23T04:38:29Z,2026-09-23T06:38:29+0200,abb44c57-e6c5-48d3-b3dd-8f290af1258d,2026-09-18T00:00:00Z,2026-09-18T02:00:00+0200,724.52997,MW,FR,FR,forecast_offshore_wind_generation,Wind Offshore,2026-09-23T04:41:20Z
2026-09-23T04:38:29Z,2026-09-23T06:38:29+0200,abb44c57-e6c5-48d3-b3dd-8f290af1258d,2026-09-18T00:15:00Z,2026-09-18T02:15:00+0200,690.60999,MW,FR,FR,forecast_offshore_wind_generation,Wind Offshore,2026-09-23T04:41:20Z
2026-09-23T04:38:29Z,2026-09-23T06:38:29+0200,abb44c57-e6c5-48d3-b3dd-8f290af1258d,2026-09-18T00:30:00Z,2026-09-18T02:30:00+0200,656.67999,MW,FR,FR,forecast_offshore_wind_generation,Wind Offshore,2026-09-23T04:41:20Z
2026-09-23T04:38:29Z,2026-09-23T06:38:29+0200,abb44c57-e6c5-48d3-b3dd-8f290af1258d,2026-09-18T00:45:00Z,2026-09-18T02:45:00+0200,622.78003,MW,FR,FR,forecast_offshore_wind_generation,Wind Offshore,2026-09-23T04:41:20Z
2026-09-23T04:38:29Z,2026-09-23T06:38:29+0200,abb44c57-e6c5-48d3-b3dd-8f290af1258d,2026-09-18T01:00:00Z,2026-09-18T03:00:00+0200,588.84998,MW,FR,FR,forecast_offshore_wind_generation,Wind Offshore,2026-09-23T04:41:20Z
2026-09-23T04:38:29Z,2026-09-23T06:38:29+0200,abb44c57-e6c5-48d3-b3dd-8f290af1258d,2026-09-18T01:15:00Z,2026-09-18T03:15:00+0200,574.67999,MW,FR,FR,forecast_offshore_wind_generation,Wind Offshore,2026-09-23T04:41:20Z
2026-09-23T04:38:29Z,2026-09-23T06:38:29+0200,abb44c57-e6c5-48d3-b3dd-8f290af1258d,2026-09-18T01:30:00Z,2026-09-18T03:30:00+0200,560.52002,MW,FR,FR,forecast_offshore_wind_generation,Wind Offshore,2026-09-23T04:41:20Z
2026-09-23T04:38:29Z,2026-09-23T06:38:29+0200,abb44c57-e6c5-48d3-b3dd-8f290af1258d,2026-09-18T01:45:00Z,2026-09-18T03:45:00+0200,546.35004,MW,FR,FR,forecast_offshore_wind_generation,Wind Offshore,2026-09-23T04:41:20Z
2026-09-23T04:38:29Z,2026-09-23T06:38:29+0200,abb44c57-e6c5-48d3-b3dd-8f290af1258d,2026-09-18T02:00:00Z,2026-09-18T04:00:00+0200,532.19,MW,FR,FR,forecast_offshore_wind_generation,Wind Offshore,2026-09-23T04:41:20Z
2026-09-23T04:38:29Z,2026-09-23T06:38:29+0200,abb44c57-e6c5-48d3-b3dd-8f290af1258d,2026-09-18T02:15:00Z,2026-09-18T04:15:00+0200,521.88,MW,FR,FR,forecast_offshore_wind_generation,Wind Offshore,2026-09-23T04:41:20Z
2026-09-23T04:38:29Z,2026-09-23T06:38:29+0200,abb44c57-e6c5-48d3-b3dd-8f290af1258d,2026-09-18T02:30:00Z,2026-09-18T04:30:00+0200,511.58002,MW,FR,FR,forecast_offshore_wind_generation,Wind Offshore,2026-09-23T04:41:20Z
2026-09-23T04:38:29Z,2026-09-23T06:38:29+0200,abb44c57-e6c5-48d3-b3dd-8f290af1258d,2026-09-18T02:45:00Z,2026-09-18T04:45:00+0200,501.26001,MW,FR,FR,forecast_offshore_wind_generation,Wind Offshore,2026-09-23T04:41:20Z
2026-09-23T04:38:29Z,2026-09-23T06:38:29+0200,abb44c57-e6c5-48d3-b3dd-8f290af1258d,2026-09-18T03:00:00Z,2026-09-18T05:00:00+0200,490.96997,MW,FR,FR,forecast_offshore_wind_generation,Wind Offshore,2026-09-23T04:41:20Z
2026-09-23T04:38:29Z,2026-09-23T06:38:29+0200,abb44c57-e6c5-48d3-b3dd-8f290af1258d,2026-09-18T03:15:00Z,2026-09-18T05:15:00+0200,477.85999,MW,FR,FR,forecast_offshore_wind_generation,Wind Offshore,2026-09-23T04:41:20Z
2026-09-23T04:38:29Z,2026-09-23T06:38:29+0200,abb44c57-e6c5-48d3-b3dd-8f290af1258d,2026-09-18T03:30:00Z,2026-09-18T05:30:00+0200,464.73999,MW,FR,FR,forecast_offshore_wind_generation,Wind Offshore,2026-09-23T04:41:20Z
2026-09-23T04:38:29Z,2026-09-23T06:38:29+0200,abb44c57-e6c5-48d3-b3dd-8f290af1258d,2026-09-18T03:45:00Z,2026-09-18T05:45:00+0200,451.64001,MW,FR,FR,forecast_offshore_wind_generation,Wind Offshore,2026-09-23T04:41:20Z
2026-09-23T04:38:29Z,2026-09-23T06:38:29+0200,abb44c57-e6c5-48d3-b3dd-8f290af1258d,2026-09-18T04:00:00Z,2026-09-18T06:00:00+0200,438.53,MW,FR,FR,forecast_offshore_wind_generation,Wind Offshore,2026-09-23T04:41:20Z
2026-09-23T04:38:29Z,2026-09-23T06:38:29+0200,abb44c57-e6c5-48d3-b3dd-8f290af1258d,2026-09-18T04:15:00Z,2026-09-18T06:15:00+0200,428.58002,MW,FR,FR,forecast_offshore_wind_generation,Wind Offshore,2026-09-23T04:41:20Z
2026-09-23T04:38:29Z,2026-09-23T06:38:29+0200,abb44c57-e6c5-48d3-b3dd-8f290af1258d,2026-09-18T04:30:00Z,2026-09-18T06:30:00+0200,418.64001,MW,FR,FR,forecast_offshore_wind_generation,Wind Offshore,2026-09-23T04:41:20Z
2026-09-23T04:38:29Z,2026-09-23T06:38:29+0200,abb44c57-e6c5-48d3-b3dd-8f290af1258d,2026-09-18T04:45:00Z,2026-09-18T06:45:00+0200,408.68002,MW,FR,FR,forecast_offshore_wind_generation,Wind Offshore,2026-09-23T04:41:20Z
2026-09-23T04:38:29Z,2026-09-23T06:38:29+0200,abb44c57-e6c5-48d3-b3dd-8f290af1258d,2026-09-18T05:00:00Z,2026-09-18T07:00:00+0200,398.73999,MW,FR,FR,forecast_offshore_wind_generation,Wind Offshore,2026-09-23T04:41:20Z
2026-09-23T04:38:29Z,2026-09-23T06:38:29+0200,abb44c57-e6c5-48d3-b3dd-8f290af1258d,2026-09-18T05:15:00Z,2026-09-18T07:15:00+0200,402.58997,MW,FR,FR,forecast_offshore_wind_generation,Wind Offshore,2026-09-23T04:41:20Z
2026-09-23T04:38:29Z,2026-09-23T06:38:29+0200,abb44c57-e6c5-48d3-b3dd-8f290af1258d,2026-09-18T05:30:00Z,2026-09-18T07:30:00+0200,406.45996,MW,FR,FR,forecast_offshore_wind_generation,Wind Offshore,2026-09-23T04:41:20Z
2026-09-23T04:38:29Z,2026-09-23T06:38:29+0200,abb44c57-e6c5-48d3-b3dd-8f290af1258d,2026-09-18T05:45:00Z,2026-09-18T07:45:00+0200,410.31,MW,FR,FR,forecast_offshore_wind_generation,Wind Offshore,2026-09-23T04:41:20Z
2026-09-23T04:38:29Z,2026-09-23T06:38:29+0200,abb44c57-e6c5-48d3-b3dd-8f290af1258d,2026-09-18T06:00:00Z,2026-09-18T08:00:00+0200,414.14999,MW,FR,FR,forecast_offshore_wind_generation,Wind Offshore,2026-09-23T04:41:20Z
2026-09-23T04:38:29Z,2026-09-23T06:38:29+0200,abb44c57-e6c5-48d3-b3dd-8f290af1258d,2026-09-18T06:15:00Z,2026-09-18T08:15:00+0200,399.04999,MW,FR,FR,forecast_offshore_wind_generation,Wind Offshore,2026-09-23T04:41:20Z
2026-09-23T04:38:29Z,2026-09-23T06:38:29+0200,abb44c57-e6c5-48d3-b3dd-8f290af1258d,2026-09-18T06:30:00Z,2026-09-18T08:30:00+0200,383.95001,MW,FR,FR,forecast_offshore_wind_generation,Wind Offshore,2026-09-23T04:41:20Z
2026-09-23T04:38:29Z,2026-09-23T06:38:29+0200,abb44c57-e6c5-48d3-b3dd-8f290af1258d,2026-09-18T06:45:00Z,2026-09-18T08:45:00+0200,368.83002,MW,FR,FR,forecast_offshore_wind_generation,Wind Offshore,2026-09-23T04:41:20Z
2026-09-23T04:38:29Z,2026-09-23T06:38:29+0200,abb44c57-e6c5-48d3-b3dd-8f290af1258d,2026-09-18T07:00:00Z,2026-09-18T09:00:00+0200,353.72,MW,FR,FR,forecast_offshore_wind_generation,Wind Offshore,2026-09-23T04:41:20Z
2026-09-23T04:38:29Z,2026-09-23T06:38:29+0200,abb44c57-e6c5-48d3-b3dd-8f290af1258d,2026-09-18T07:15:00Z,2026-09-18T09:15:00+0200,352.37003,MW,FR,FR,forecast_offshore_wind_generation,Wind Offshore,2026-09-23T04:41:20Z
2026-09-23T04:38:29Z,2026-09-23T06:38:29+0200,abb44c57-e6c5-48d3-b3dd-8f290af1258d,2026-09-18T07:30:00Z,2026-09-18T09:30:00+0200,351.01001,MW,FR,FR,forecast_offshore_wind_generation,Wind Offshore,2026-09-23T04:41:20Z
2026-09-23T04:38:29Z,2026-09-23T06:38:29+0200,abb44c57-e6c5-48d3-b3dd-8f290af1258d,2026-09-18T07:45:00Z,2026-09-18T09:45:00+0200,349.64999,MW,FR,FR,forecast_offshore_wind_generation,Wind Offshore,2026-09-23T04:41:20Z
2026-09-23T04:38:29Z,2026-09-23T06:38:29+0200,abb44c57-e6c5-48d3-b3dd-8f290af1258d,2026-09-18T08:00:00Z,2026-09-18T10:00:00+0200,348.31,MW,FR,FR,forecast_offshore_wind_generation,Wind Offshore,2026-09-23T04:41:20Z
2026-09-23T04:38:29Z,2026-09-23T06:38:29+0200,abb44c57-e6c5-48d3-b3dd-8f290af1258d,2026-09-18T08:15:00Z,2026-09-18T10:15:00+0200,342.85999,MW,FR,FR,forecast_offshore_wind_generation,Wind Offshore,2026-09-23T04:41:20Z
2026-09-23T04:38:29Z,2026-09-23T06:38:29+0200,abb44c57-e6c5-48d3-b3dd-8f290af1258d,2026-09-18T08:30:00Z,2026-09-18T10:30:00+0200,337.42999,MW,FR,FR,forecast_offshore_wind_generation,Wind Offshore,2026-09-23T04:41:20Z
2026-09-23T04:38:29Z,2026-09-23T06:38:29+0200,abb44c57-e6c5-48d3-b3dd-8f290af1258d,2026-09-18T08:45:00Z,2026-09-18T10:45:00+0200,331.99002,MW,FR,FR,forecast_offshore_wind_generation,Wind Offshore,2026-09-23T04:41:20Z
2026-09-23T04:38:29Z,2026-09-23T06:38:29+0200,abb44c57-e6c5-48d3-b3dd-8f290af1258d,2026-09-18T09:00:00Z,2026-09-18T11:00:00+0200,326.57001,MW,FR,FR,forecast_offshore_wind_generation,Wind Offshore,2026-09-23T04:41:20Z
2026-09-23T04:38:29Z,2026-09-23T06:38:29+0200,abb44c57-e6c5-48d3-b3dd-8f290af1258d,2026-09-18T09:15:00Z,2026-09-18T11:15:00+0200,327.41,MW,FR,FR,forecast_offshore_wind_generation,Wind Offshore,2026-09-23T04:41:20Z
2026-09-23T04:38:29Z,2026-09-23T06:38:29+0200,abb44c57-e6c5-48d3-b3dd-8f290af1258d,2026-09-18T09:30:00Z,2026-09-18T11:30:00+0200,328.25,MW,FR,FR,forecast_offshore_wind_generation,Wind Offshore,2026-09-23T04:41:20Z
2026-09-23T04:38:29Z,2026-09-23T06:38:29+0200,abb44c57-e6c5-48d3-b3dd-8f290af1258d,2026-09-18T09:45:00Z,2026-09-18T11:45:00+0200,329.09,MW,FR,FR,forecast_offshore_wind_generation,Wind Offshore,2026-09-23T04:41:20Z
2026-09-23T04:38:29Z,2026-09-23T06:38:29+0200,abb44c57-e6c5-48d3-b3dd-8f290af1258d,2026-09-18T10:00:00Z,2026-09-18T12:00:00+0200,329.92999,MW,FR,FR,forecast_offshore_wind_generation,Wind Offshore,2026-09-23T04:41:20Z
2026-09-23T04:38:29Z,2026-09-23T06:38:29+0200,abb44c57-e6c5-48d3-b3dd-8f290af1258d,2026-09-18T10:15:00Z,2026-09-18T12:15:00+0200,323.64999,MW,FR,FR,forecast_offshore_wind_generation,Wind Offshore,2026-09-23T04:41:20Z
2026-09-23T04:38:29Z,2026-09-23T06:38:29+0200,abb44c57-e6c5-48d3-b3dd-8f290af1258d,2026-09-18T10:30:00Z,2026-09-18T12:30:00+0200,317.38,MW,FR,FR,forecast_offshore_wind_generation,Wind Offshore,2026-09-23T04:41:20Z
2026-09-23T04:38:29Z,2026-09-23T06:38:29+0200,abb44c57-e6c5-48d3-b3dd-8f290af1258d,2026-09-18T10:45:00Z,2026-09-18T12:45:00+0200,311.10001,MW,FR,FR,forecast_offshore_wind_generation,Wind Offshore,2026-09-23T04:41:20Z
2026-09-23T04:38:29Z,2026-09-23T06:38:29+0200,abb44c57-e6c5-48d3-b3dd-8f290af1258d,2026-09-18T11:00:00Z,2026-09-18T13:00:00+0200,304.83002,MW,FR,FR,forecast_offshore_wind_generation,Wind Offshore,2026-09-23T04:41:20Z
2026-09-23T04:38:29Z,2026-09-23T06:38:29+0200,abb44c57-e6c5-48d3-b3dd-8f290af1258d,2026-09-18T11:15:00Z,2026-09-18T13:15:00+0200,298.63,MW,FR,FR,forecast_offshore_wind_generation,Wind Offshore,2026-09-23T04:41:20Z
2026-09-23T04:38:29Z,2026-09-23T06:38:29+0200,abb44c57-e6c5-48d3-b3dd-8f290af1258d,2026-09-18T11:30:00Z,2026-09-18T13:30:00+0200,292.42999,MW,FR,FR,forecast_offshore_wind_generation,Wind Offshore,2026-09-23T04:41:20Z
2026-09-23T04:38:29Z,2026-09-23T06:38:29+0200,abb44c57-e6c5-48d3-b3dd-8f290af1258d,2026-09-18T11:45:00Z,2026-09-18T13:45:00+0200,286.23999,MW,FR,FR,forecast_offshore_wind_generation,Wind Offshore,2026-09-23T04:41:20Z
2026-09-23T04:38:29Z,2026-09-23T06:38:29+0200,abb44c57-e6c5-48d3-b3dd-8f290af1258d,2026-09-18T12:00:00Z,2026-09-18T14:00:00+0200,280.04001,MW,FR,FR,forecast_offshore_wind_generation,Wind Offshore,2026-09-23T04:41:20Z
2026-09-23T04:38:29Z,2026-09-23T06:38:29+0200,abb44c57-e6c5-48d3-b3dd-8f290af1258d,2026-09-18T12:15:00Z,2026-09-18T14:15:00+0200,292.05002,MW,FR,FR,forecast_offshore_wind_generation,Wind Offshore,2026-09-23T04:41:20Z
2026-09-23T04:38:29Z,2026-09-23T06:38:29+0200,abb44c57-e6c5-48d3-b3dd-8f290af1258d,2026-09-18T12:30:00Z,2026-09-18T14:30:00+0200,304.07001,MW,FR,FR,forecast_offshore_wind_generation,Wind Offshore,2026-09-23T04:41:20Z
2026-09-23T04:38:29Z,2026-09-23T06:38:29+0200,abb44c57-e6c5-48d3-b3dd-8f290af1258d,2026-09-18T12:45:00Z,2026-09-18T14:45:00+0200,316.07999,MW,FR,FR,forecast_offshore_wind_generation,Wind Offshore,2026-09-23T04:41:20Z
2026-09-23T04:38:29Z,2026-09-23T06:38:29+0200,abb44c57-e6c5-48d3-b3dd-8f290af1258d,2026-09-18T13:00:00Z,2026-09-18T15:00:00+0200,328.09998,MW,FR,FR,forecast_offshore_wind_generation,Wind Offshore,2026-09-23T04:41:20Z
2026-09-23T04:38:29Z,2026-09-23T06:38:29+0200,abb44c57-e6c5-48d3-b3dd-8f290af1258d,2026-09-18T13:15:00Z,2026-09-18T15:15:00+0200,340.10999,MW,FR,FR,forecast_offshore_wind_generation,Wind Offshore,2026-09-23T04:41:20Z
2026-09-23T04:38:29Z,2026-09-23T06:38:29+0200,abb44c57-e6c5-48d3-b3dd-8f290af1258d,2026-09-18T13:30:00Z,2026-09-18T15:30:00+0200,352.09998,MW,FR,FR,forecast_offshore_wind_generation,Wind Offshore,2026-09-23T04:41:20Z
2026-09-23T04:38:29Z,2026-09-23T06:38:29+0200,abb44c57-e6c5-48d3-b3dd-8f290af1258d,2026-09-18T13:45:00Z,2026-09-18T15:45:00+0200,364.09,MW,FR,FR,forecast_offshore_wind_generation,Wind Offshore,2026-09-23T04:41:20Z
2026-09-23T04:38:29Z,2026-09-23T06:38:29+0200,abb44c57-e6c5-48d3-b3dd-8f290af1258d,2026-09-18T14:00:00Z,2026-09-18T16:00:00+0200,376.11002,MW,FR,FR,forecast_offshore_wind_generation,Wind Offshore,2026-09-23T04:41:20Z
2026-09-23T04:38:29Z,2026-09-23T06:38:29+0200,abb44c57-e6c5-48d3-b3dd-8f290af1258d,2026-09-18T14:15:00Z,2026-09-18T16:15:00+0200,385.10999,MW,FR,FR,forecast_offshore_wind_generation,Wind Offshore,2026-09-23T04:41:20Z
2026-09-23T04:38:29Z,2026-09-23T06:38:29+0200,abb44c57-e6c5-48d3-b3dd-8f290af1258d,2026-09-18T14:30:00Z,2026-09-18T16:30:00+0200,394.11002,MW,FR,FR,forecast_offshore_wind_generation,Wind Offshore,2026-09-23T04:41:20Z
2026-09-23T04:38:29Z,2026-09-23T06:38:29+0200,abb44c57-e6c5-48d3-b3dd-8f290af1258d,2026-09-18T14:45:00Z,2026-09-18T16:45:00+0200,403.10001,MW,FR,FR,forecast_offshore_wind_generation,Wind Offshore,2026-09-23T04:41:20Z
2026-09-23T04:38:29Z,2026-09-23T06:38:29+0200,abb44c57-e6c5-48d3-b3dd-8f290af1258d,2026-09-18T15:00:00Z,2026-09-18T17:00:00+0200,412.10001,MW,FR,FR,forecast_offshore_wind_generation,Wind Offshore,2026-09-23T04:41:20Z
2026-09-23T04:38:29Z,2026-09-23T06:38:29+0200,abb44c57-e6c5-48d3-b3dd-8f290af1258d,2026-09-18T15:15:00Z,2026-09-18T17:15:00+0200,434.69998,MW,FR,FR,forecast_offshore_wind_generation,Wind Offshore,2026-09-23T04:41:20Z
2026-09-23T04:38:29Z,2026-09-23T06:38:29+0200,abb44c57-e6c5-48d3-b3dd-8f290af1258d,2026-09-18T15:30:00Z,2026-09-18T17:30:00+0200,457.29999,MW,FR,FR,forecast_offshore_wind_generation,Wind Offshore,2026-09-23T04:41:20Z
2026-09-23T04:38:29Z,2026-09-23T06:38:29+0200,abb44c57-e6c5-48d3-b3dd-8f290af1258d,2026-09-18T15:45:00Z,2026-09-18T17:45:00+0200,479.91,MW,FR,FR,forecast_offshore_wind_generation,Wind Offshore,2026-09-23T04:41:20Z
2026-09-23T04:38:29Z,2026-09-23T06:38:29+0200,abb44c57-e6c5-48d3-b3dd-8f290af1258d,2026-09-18T16:00:00Z,2026-09-18T18:00:00+0200,502.51999,MW,FR,FR,forecast_offshore_wind_generation,Wind Offshore,2026-09-23T04:41:20Z
2026-09-23T04:38:29Z,2026-09-23T06:38:29+0200,abb44c57-e6c5-48d3-b3dd-8f290af1258d,2026-09-18T16:15:00Z,2026-09-18T18:15:00+0200,523.45001,MW,FR,FR,forecast_offshore_wind_generation,Wind Offshore,2026-09-23T04:41:20Z
2026-09-23T04:38:29Z,2026-09-23T06:38:29+0200,abb44c57-e6c5-48d3-b3dd-8f290af1258d,2026-09-18T16:30:00Z,2026-09-18T18:30:00+0200,544.37,MW,FR,FR,forecast_offshore_wind_generation,Wind Offshore,2026-09-23T04:41:20Z
2026-09-23T04:38:29Z,2026-09-23T06:38:29+0200,abb44c57-e6c5-48d3-b3dd-8f290af1258d,2026-09-18T16:45:00Z,2026-09-18T18:45:00+0200,565.31006,MW,FR,FR,forecast_offshore_wind_generation,Wind Offshore,2026-09-23T04:41:20Z
2026-09-23T04:38:29Z,2026-09-23T06:38:29+0200,abb44c57-e6c5-48d3-b3dd-8f290af1258d,2026-09-18T17:00:00Z,2026-09-18T19:00:00+0200,586.23999,MW,FR,FR,forecast_offshore_wind_generation,Wind Offshore,2026-09-23T04:41:20Z
2026-09-23T04:38:29Z,2026-09-23T06:38:29+0200,abb44c57-e6c5-48d3-b3dd-8f290af1258d,2026-09-18T17:15:00Z,2026-09-18T19:15:00+0200,603.12994,MW,FR,FR,forecast_offshore_wind_generation,Wind Offshore,2026-09-23T04:41:20Z
2026-09-23T04:38:29Z,2026-09-23T06:38:29+0200,abb44c57-e6c5-48d3-b3dd-8f290af1258d,2026-09-18T17:30:00Z,2026-09-18T19:30:00+0200,619.98999,MW,FR,FR,forecast_offshore_wind_generation,Wind Offshore,2026-09-23T04:41:20Z
2026-09-23T04:38:29Z,2026-09-23T06:38:29+0200,abb44c57-e6c5-48d3-b3dd-8f290af1258d,2026-09-18T17:45:00Z,2026-09-18T19:45:00+0200,636.87,MW,FR,FR,forecast_offshore_wind_generation,Wind Offshore,2026-09-23T04:41:20Z
2026-09-23T04:38:29Z,2026-09-23T06:38:29+0200,abb44c57-e6c5-48d3-b3dd-8f290af1258d,2026-09-18T18:00:00Z,2026-09-18T20:00:00+0200,653.71997,MW,FR,FR,forecast_offshore_wind_generation,Wind Offshore,2026-09-23T04:41:20Z
2026-09-23T04:38:29Z,2026-09-23T06:38:29+0200,abb44c57-e6c5-48d3-b3dd-8f290af1258d,2026-09-18T18:15:00Z,2026-09-18T20:15:00+0200,652.93005,MW,FR,FR,forecast_offshore_wind_generation,Wind Offshore,2026-09-23T04:41:20Z
2026-09-23T04:38:29Z,2026-09-23T06:38:29+0200,abb44c57-e6c5-48d3-b3dd-8f290af1258d,2026-09-18T18:30:00Z,2026-09-18T20:30:00+0200,652.14001,MW,FR,FR,forecast_offshore_wind_generation,Wind Offshore,2026-09-23T04:41:20Z
2026-09-23T04:38:29Z,2026-09-23T06:38:29+0200,abb44c57-e6c5-48d3-b3dd-8f290af1258d,2026-09-18T18:45:00Z,2026-09-18T20:45:00+0200,651.33997,MW,FR,FR,forecast_offshore_wind_generation,Wind Offshore,2026-09-23T04:41:20Z
2026-09-23T04:38:29Z,2026-09-23T06:38:29+0200,abb44c57-e6c5-48d3-b3dd-8f290af1258d,2026-09-18T19:00:00Z,2026-09-18T21:00:00+0200,650.54999,MW,FR,FR,forecast_offshore_wind_generation,Wind Offshore,2026-09-23T04:41:20Z
2026-09-23T04:38:29Z,2026-09-23T06:38:29+0200,abb44c57-e6c5-48d3-b3dd-8f290af1258d,2026-09-18T19:15:00Z,2026-09-18T21:15:00+0200,655.26996,MW,FR,FR,forecast_offshore_wind_generation,Wind Offshore,2026-09-23T04:41:20Z
2026-09-23T04:38:29Z,2026-09-23T06:38:29+0200,abb44c57-e6c5-48d3-b3dd-8f290af1258d,2026-09-18T19:30:00Z,2026-09-18T21:30:00+0200,660.00995,MW,FR,FR,forecast_offshore_wind_generation,Wind Offshore,2026-09-23T04:41:20Z
2026-09-23T04:38:29Z,2026-09-23T06:38:29+0200,abb44c57-e6c5-48d3-b3dd-8f290af1258d,2026-09-18T19:45:00Z,2026-09-18T21:45:00+0200,664.72998,MW,FR,FR,forecast_offshore_wind_generation,Wind Offshore,2026-09-23T04:41:20Z
2026-09-23T04:38:29Z,2026-09-23T06:38:29+0200,abb44c57-e6c5-48d3-b3dd-8f290af1258d,2026-09-18T20:00:00Z,2026-09-18T22:00:00+0200,669.46997,MW,FR,FR,forecast_offshore_wind_generation,Wind Offshore,2026-09-23T04:41:20Z
2026-09-23T04:38:29Z,2026-09-23T06:38:29+0200,abb44c57-e6c5-48d3-b3dd-8f290af1258d,2026-09-18T20:15:00Z,2026-09-18T22:15:00+0200,654.32001,MW,FR,FR,forecast_offshore_wind_generation,Wind Offshore,2026-09-23T04:41:20Z
2026-09-23T04:38:29Z,2026-09-23T06:38:29+0200,abb44c57-e6c5-48d3-b3dd-8f290af1258d,2026-09-18T20:30:00Z,2026-09-18T22:30:00+0200,639.17004,MW,FR,FR,forecast_offshore_wind_generation,Wind Offshore,2026-09-23T04:41:20Z
2026-09-23T04:38:29Z,2026-09-23T06:38:29+0200,abb44c57-e6c5-48d3-b3dd-8f290af1258d,2026-09-18T20:45:00Z,2026-09-18T22:45:00+0200,624.02002,MW,FR,FR,forecast_offshore_wind_generation,Wind Offshore,2026-09-23T04:41:20Z
2026-09-23T04:38:29Z,2026-09-23T06:38:29+0200,abb44c57-e6c5-48d3-b3dd-8f290af1258d,2026-09-18T21:00:00Z,2026-09-18T23:00:00+0200,608.88,MW,FR,FR,forecast_offshore_wind_generation,Wind Offshore,2026-09-23T04:41:20Z
2026-09-23T04:38:29Z,2026-09-23T06:38:29+0200,abb44c57-e6c5-48d3-b3dd-8f290af1258d,2026-09-18T21:15:00Z,2026-09-18T23:15:00+0200,599.63,MW,FR,FR,forecast_offshore_wind_generation,Wind Offshore,2026-09-23T04:41:20Z
2026-09-23T04:38:29Z,2026-09-23T06:38:29+0200,abb44c57-e6c5-48d3-b3dd-8f290af1258d,2026-09-18T21:30:00Z,2026-09-18T23:30:00+0200,590.37,MW,FR,FR,forecast_offshore_wind_generation,Wind Offshore,2026-09-23T04:41:20Z
2026-09-23T04:38:29Z,2026-09-23T06:38:29+0200,abb44c57-e6c5-48d3-b3dd-8f290af1258d,2026-09-18T21:45:00Z,2026-09-18T23:45:00+0200,581.12,MW,FR,FR,forecast_offshore_wind_generation,Wind Offshore,2026-09-23T04:41:20Z
2026-09-23T04:38:29Z,2026-09-23T06:38:29+0200,abb44c57-e6c5-48d3-b3dd-8f290af1258d,2026-09-18T22:00:00Z,2026-09-19T00:00:00+0200,637.27002,MW,FR,FR,forecast_offshore_wind_generation,Wind Offshore,2026-09-23T04:41:20Z
2026-09-23T04:38:29Z,2026-09-23T06:38:29+0200,abb44c57-e6c5-48d3-b3dd-8f290af1258d,2026-09-18T22:15:00Z,2026-09-19T00:15:00+0200,620.47998,MW,FR,FR,forecast_offshore_wind_generation,Wind Offshore,2026-09-23T04:41:20Z
2026-09-23T04:38:29Z,2026-09-23T06:38:29+0200,abb44c57-e6c5-48d3-b3dd-8f290af1258d,2026-09-18T22:30:00Z,2026-09-19T00:30:00+0200,603.68994,MW,FR,FR,forecast_offshore_wind_generation,Wind Offshore,2026-09-23T04:41:20Z
2026-09-23T04:38:29Z,2026-09-23T06:38:29+0200,abb44c57-e6c5-48d3-b3dd-8f290af1258d,2026-09-18T22:45:00Z,2026-09-19T00:45:00+0200,586.89001,MW,FR,FR,forecast_offshore_wind_generation,Wind Offshore,2026-09-23T04:41:20Z
2026-09-23T04:38:29Z,2026-09-23T06:38:29+0200,abb44c57-e6c5-48d3-b3dd-8f290af1258d,2026-09-18T23:00:00Z,2026-09-19T01:00:00+0200,570.10999,MW,FR,FR,forecast_offshore_wind_generation,Wind Offshore,2026-09-23T04:41:20Z
2026-09-23T04:38:29Z,2026-09-23T06:38:29+0200,abb44c57-e6c5-48d3-b3dd-8f290af1258d,2026-09-18T23:15:00Z,2026-09-19T01:15:00+0200,566.20001,MW,FR,FR,forecast_offshore_wind_generation,Wind Offshore,2026-09-23T04:41:20Z
2026-09-23T04:38:29Z,2026-09-23T06:38:29+0200,abb44c57-e6c5-48d3-b3dd-8f290af1258d,2026-09-18T23:30:00Z,2026-09-19T01:30:00+0200,562.32001,MW,FR,FR,forecast_offshore_wind_generation,Wind Offshore,2026-09-23T04:41:20Z
2026-09-23T04:38:29Z,2026-09-23T06:38:29+0200,abb44c57-e6c5-48d3-b3dd-8f290af1258d,2026-09-18T23:45:00Z,2026-09-19T01:45:00+0200,558.41998,MW,FR,FR,forecast_offshore_wind_generation,Wind Offshore,2026-09-23T04:41:20Z
2026-09-23T04:38:29Z,2026-09-23T06:38:29+0200,abb44c57-e6c5-48d3-b3dd-8f290af1258d,2026-09-19T00:00:00Z,2026-09-19T02:00:00+0200,554.54999,MW,FR,FR,forecast_offshore_wind_generation,Wind Offshore,2026-09-23T04:41:20Z
2026-09-23T04:38:29Z,2026-09-23T06:38:29+0200,abb44c57-e6c5-48d3-b3dd-8f290af1258d,2026-09-19T00:15:00Z,2026-09-19T02:15:00+0200,558.12,MW,FR,FR,forecast_offshore_wind_generation,Wind Offshore,2026-09-23T04:41:20Z
2026-09-23T04:38:29Z,2026-09-23T06:38:29+0200,abb44c57-e6c5-48d3-b3dd-8f290af1258d,2026-09-19T00:30:00Z,2026-09-19T02:30:00+0200,561.70001,MW,FR,FR,forecast_offshore_wind_generation,Wind Offshore,2026-09-23T04:41:20Z
2026-09-23T04:38:29Z,2026-09-23T06:38:29+0200,abb44c57-e6c5-48d3-b3dd-8f290af1258d,2026-09-19T00:45:00Z,2026-09-19T02:45:00+0200,565.28998,MW,FR,FR,forecast_offshore_wind_generation,Wind Offshore,2026-09-23T04:41:20Z
2026-09-23T04:38:29Z,2026-09-23T06:38:29+0200,abb44c57-e6c5-48d3-b3dd-8f290af1258d,2026-09-19T01:00:00Z,2026-09-19T03:00:00+0200,568.87,MW,FR,FR,forecast_offshore_wind_generation,Wind Offshore,2026-09-23T04:41:20Z
2026-09-23T04:38:29Z,2026-09-23T06:38:29+0200,abb44c57-e6c5-48d3-b3dd-8f290af1258d,2026-09-19T01:15:00Z,2026-09-19T03:15:00+0200,578.01001,MW,FR,FR,forecast_offshore_wind_generation,Wind Offshore,2026-09-23T04:41:20Z
2026-09-23T04:38:29Z,2026-09-23T06:38:29+0200,abb44c57-e6c5-48d3-b3dd-8f290af1258d,2026-09-19T01:30:00Z,2026-09-19T03:30:00+0200,587.13,MW,FR,FR,forecast_offshore_wind_generation,Wind Offshore,2026-09-23T04:41:20Z
2026-09-23T04:38:29Z,2026-09-23T06:38:29+0200,abb44c57-e6c5-48d3-b3dd-8f290af1258d,2026-09-19T01:45:00Z,2026-09-19T03:45:00+0200,596.28998,MW,FR,FR,forecast_offshore_wind_generation,Wind Offshore,2026-09-23T04:41:20Z
2026-09-23T04:38:29Z,2026-09-23T06:38:29+0200,abb44c57-e6c5-48d3-b3dd-8f290af1258d,2026-09-19T02:00:00Z,2026-09-19T04:00:00+0200,605.42004,MW,FR,FR,forecast_offshore_wind_generation,Wind Offshore,2026-09-23T04:41:20Z
2026-09-23T04:38:29Z,2026-09-23T06:38:29+0200,abb44c57-e6c5-48d3-b3dd-8f290af1258d,2026-09-19T02:15:00Z,2026-09-19T04:15:00+0200,598.47998,MW,FR,FR,forecast_offshore_wind_generation,Wind Offshore,2026-09-23T04:41:20Z
2026-09-23T04:38:29Z,2026-09-23T06:38:29+0200,abb44c57-e6c5-48d3-b3dd-8f290af1258d,2026-09-19T02:30:00Z,2026-09-19T04:30:00+0200,591.52997,MW,FR,FR,forecast_offshore_wind_generation,Wind Offshore,2026-09-23T04:41:20Z
2026-09-23T04:38:29Z,2026-09-23T06:38:29+0200,abb44c57-e6c5-48d3-b3dd-8f290af1258d,2026-09-19T02:45:00Z,2026-09-19T04:45:00+0200,584.58002,MW,FR,FR,forecast_offshore_wind_generation,Wind Offshore,2026-09-23T04:41:20Z
2026-09-23T04:38:29Z,2026-09-23T06:38:29+0200,abb44c57-e6c5-48d3-b3dd-8f290af1258d,2026-09-19T03:00:00Z,2026-09-19T05:00:00+0200,577.64001,MW,FR,FR,forecast_offshore_wind_generation,Wind Offshore,2026-09-23T04:41:20Z
2026-09-23T04:38:29Z,2026-09-23T06:38:29+0200,abb44c57-e6c5-48d3-b3dd-8f290af1258d,2026-09-19T03:15:00Z,2026-09-19T05:15:00+0200,588.51001,MW,FR,FR,forecast_offshore_wind_generation,Wind Offshore,2026-09-23T04:41:20Z
2026-09-23T04:38:29Z,2026-09-23T06:38:29+0200,abb44c57-e6c5-48d3-b3dd-8f290af1258d,2026-09-19T03:30:00Z,2026-09-19T05:30:00+0200,599.38,MW,FR,FR,forecast_offshore_wind_generation,Wind Offshore,2026-09-23T04:41:20Z
2026-09-23T04:38:29Z,2026-09-23T06:38:29+0200,abb44c57-e6c5-48d3-b3dd-8f290af1258d,2026-09-19T03:45:00Z,2026-09-19T05:45:00+0200,610.25006,MW,FR,FR,forecast_offshore_wind_generation,Wind Offshore,2026-09-23T04:41:20Z
2026-09-23T04:38:29Z,2026-09-23T06:38:29+0200,abb44c57-e6c5-48d3-b3dd-8f290af1258d,2026-09-19T04:00:00Z,2026-09-19T06:00:00+0200,621.12,MW,FR,FR,forecast_offshore_wind_generation,Wind Offshore,2026-09-23T04:41:20Z
2026-09-23T04:38:29Z,2026-09-23T06:38:29+0200,abb44c57-e6c5-48d3-b3dd-8f290af1258d,2026-09-19T04:15:00Z,2026-09-19T06:15:00+0200,625.03003,MW,FR,FR,forecast_offshore_wind_generation,Wind Offshore,2026-09-23T04:41:20Z
2026-09-23T04:38:29Z,2026-09-23T06:38:29+0200,abb44c57-e6c5-48d3-b3dd-8f290af1258d,2026-09-19T04:30:00Z,2026-09-19T06:30:00+0200,628.97998,MW,FR,FR,forecast_offshore_wind_generation,Wind Offshore,2026-09-23T04:41:20Z
2026-09-23T04:38:29Z,2026-09-23T06:38:29+0200,abb44c57-e6c5-48d3-b3dd-8f290af1258d,2026-09-19T04:45:00Z,2026-09-19T06:45:00+0200,632.91003,MW,FR,FR,forecast_offshore_wind_generation,Wind Offshore,2026-09-23T04:41:20Z
2026-09-23T04:38:29Z,2026-09-23T06:38:29+0200,abb44c57-e6c5-48d3-b3dd-8f290af1258d,2026-09-19T05:00:00Z,2026-09-19T07:00:00+0200,636.82996,MW,FR,FR,forecast_offshore_wind_generation,Wind Offshore,2026-09-23T04:41:20Z
2026-09-23T04:38:29Z,2026-09-23T06:38:29+0200,abb44c57-e6c5-48d3-b3dd-8f290af1258d,2026-09-19T05:15:00Z,2026-09-19T07:15:00+0200,643.34998,MW,FR,FR,forecast_offshore_wind_generation,Wind Offshore,2026-09-23T04:41:20Z
2026-09-23T04:38:29Z,2026-09-23T06:38:29+0200,abb44c57-e6c5-48d3-b3dd-8f290af1258d,2026-09-19T05:30:00Z,2026-09-19T07:30:00+0200,649.88,MW,FR,FR,forecast_offshore_wind_generation,Wind Offshore,2026-09-23T04:41:20Z
2026-09-23T04:38:29Z,2026-09-23T06:38:29+0200,abb44c57-e6c5-48d3-b3dd-8f290af1258d,2026-09-19T05:45:00Z,2026-09-19T07:45:00+0200,656.42004,MW,FR,FR,forecast_offshore_wind_generation,Wind Offshore,2026-09-23T04:41:20Z
2026-09-23T04:38:29Z,2026-09-23T06:38:29+0200,abb44c57-e6c5-48d3-b3dd-8f290af1258d,2026-09-19T06:00:00Z,2026-09-19T08:00:00+0200,662.92999,MW,FR,FR,forecast_offshore_wind_generation,Wind Offshore,2026-09-23T04:41:20Z
2026-09-23T04:38:29Z,2026-09-23T06:38:29+0200,abb44c57-e6c5-48d3-b3dd-8f290af1258d,2026-09-19T06:15:00Z,2026-09-19T08:15:00+0200,660.41998,MW,FR,FR,forecast_offshore_wind_generation,Wind Offshore,2026-09-23T04:41:20Z
2026-09-23T04:38:29Z,2026-09-23T06:38:29+0200,abb44c57-e6c5-48d3-b3dd-8f290af1258d,2026-09-19T06:30:00Z,2026-09-19T08:30:00+0200,657.91003,MW,FR,FR,forecast_offshore_wind_generation,Wind Offshore,2026-09-23T04:41:20Z
2026-09-23T04:38:29Z,2026-09-23T06:38:29+0200,abb44c57-e6c5-48d3-b3dd-8f290af1258d,2026-09-19T06:45:00Z,2026-09-19T08:45:00+0200,655.37,MW,FR,FR,forecast_offshore_wind_generation,Wind Offshore,2026-09-23T04:41:20Z
2026-09-23T04:38:29Z,2026-09-23T06:38:29+0200,abb44c57-e6c5-48d3-b3dd-8f290af1258d,2026-09-19T07:00:00Z,2026-09-19T09:00:00+0200,652.85999,MW,FR,FR,forecast_offshore_wind_generation,Wind Offshore,2026-09-23T04:41:20Z
2026-09-23T04:38:29Z,2026-09-23T06:38:29+0200,abb44c57-e6c5-48d3-b3dd-8f290af1258d,2026-09-19T07:15:00Z,2026-09-19T09:15:00+0200,640.71997,MW,FR,FR,forecast_offshore_wind_generation,Wind Offshore,2026-09-23T04:41:20Z
2026-09-23T04:38:29Z,2026-09-23T06:38:29+0200,abb44c57-e6c5-48d3-b3dd-8f290af1258d,2026-09-19T07:30:00Z,2026-09-19T09:30:00+0200,628.56,MW,FR,FR,forecast_offshore_wind_generation,Wind Offshore,2026-09-23T04:41:20Z
2026-09-23T04:38:29Z,2026-09-23T06:38:29+0200,abb44c57-e6c5-48d3-b3dd-8f290af1258d,2026-09-19T07:45:00Z,2026-09-19T09:45:00+0200,616.41003,MW,FR,FR,forecast_offshore_wind_generation,Wind Offshore,2026-09-23T04:41:20Z
2026-09-23T04:38:29Z,2026-09-23T06:38:29+0200,abb44c57-e6c5-48d3-b3dd-8f290af1258d,2026-09-19T08:00:00Z,2026-09-19T10:00:00+0200,604.26001,MW,FR,FR,forecast_offshore_wind_generation,Wind Offshore,2026-09-23T04:41:20Z
2026-09-23T04:38:29Z,2026-09-23T06:38:29+0200,abb44c57-e6c5-48d3-b3dd-8f290af1258d,2026-09-19T08:15:00Z,2026-09-19T10:15:00+0200,598.02002,MW,FR,FR,forecast_offshore_wind_generation,Wind Offshore,2026-09-23T04:41:20Z
2026-09-23T04:38:29Z,2026-09-23T06:38:29+0200,abb44c57-e6c5-48d3-b3dd-8f290af1258d,2026-09-19T08:30:00Z,2026-09-19T10:30:00+0200,591.78998,MW,FR,FR,forecast_offshore_wind_generation,Wind Offshore,2026-09-23T04:41:20Z
2026-09-23T04:38:29Z,2026-09-23T06:38:29+0200,abb44c57-e6c5-48d3-b3dd-8f290af1258d,2026-09-19T08:45:00Z,2026-09-19T10:45:00+0200,585.57001,MW,FR,FR,forecast_offshore_wind_generation,Wind Offshore,2026-09-23T04:41:20Z
2026-09-23T04:38:29Z,2026-09-23T06:38:29+0200,abb44c57-e6c5-48d3-b3dd-8f290af1258d,2026-09-19T09:00:00Z,2026-09-19T11:00:00+0200,579.33002,MW,FR,FR,forecast_offshore_wind_generation,Wind Offshore,2026-09-23T04:41:20Z
2026-09-23T04:38:29Z,2026-09-23T06:38:29+0200,abb44c57-e6c5-48d3-b3dd-8f290af1258d,2026-09-19T09:15:00Z,2026-09-19T11:15:00+0200,567.75995,MW,FR,FR,forecast_offshore_wind_generation,Wind Offshore,2026-09-23T04:41:20Z
2026-09-23T04:38:29Z,2026-09-23T06:38:29+0200,abb44c57-e6c5-48d3-b3dd-8f290af1258d,2026-09-19T09:30:00Z,2026-09-19T11:30:00+0200,556.19995,MW,FR,FR,forecast_offshore_wind_generation,Wind Offshore,2026-09-23T04:41:20Z
2026-09-23T04:38:29Z,2026-09-23T06:38:29+0200,abb44c57-e6c5-48d3-b3dd-8f290af1258d,2026-09-19T09:45:00Z,2026-09-19T11:45:00+0200,544.65002,MW,FR,FR,forecast_offshore_wind_generation,Wind Offshore,2026-09-23T04:41:20Z
2026-09-23T04:38:29Z,2026-09-23T06:38:29+0200,abb44c57-e6c5-48d3-b3dd-8f290af1258d,2026-09-19T10:00:00Z,2026-09-19T12:00:00+0200,97.08,MW,FR,FR,forecast_offshore_wind_generation,Wind Offshore,2026-09-23T04:41:20Z
2026-09-23T04:38:29Z,2026-09-23T06:38:29+0200,abb44c57-e6c5-48d3-b3dd-8f290af1258d,2026-09-19T10:15:00Z,2026-09-19T12:15:00+0200,96.92,MW,FR,FR,forecast_offshore_wind_generation,Wind Offshore,2026-09-23T04:41:20Z
2026-09-23T04:38:29Z,2026-09-23T06:38:29+0200,abb44c57-e6c5-48d3-b3dd-8f290af1258d,2026-09-19T10:30:00Z,2026-09-19T12:30:00+0200,96.76,MW,FR,FR,forecast_offshore_wind_generation,Wind Offshore,2026-09-23T04:41:20Z
2026-09-23T04:38:29Z,2026-09-23T06:38:29+0200,abb44c57-e6c5-48d3-b3dd-8f290af1258d,2026-09-19T10:45:00Z,2026-09-19T12:45:00+0200,96.6,MW,FR,FR,forecast_offshore_wind_generation,Wind Offshore,2026-09-23T04:41:20Z
2026-09-23T04:38:29Z,2026-09-23T06:38:29+0200,abb44c57-e6c5-48d3-b3dd-8f290af1258d,2026-09-19T11:00:00Z,2026-09-19T13:00:00+0200,96.45,MW,FR,FR,forecast_offshore_wind_generation,Wind Offshore,2026-09-23T04:41:20Z
2026-09-23T04:38:29Z,2026-09-23T06:38:29+0200,abb44c57-e6c5-48d3-b3dd-8f290af1258d,2026-09-19T11:15:00Z,2026-09-19T13:15:00+0200,96.36,MW,FR,FR,forecast_offshore_wind_generation,Wind Offshore,2026-09-23T04:41:20Z
2026-09-23T04:38:29Z,2026-09-23T06:38:29+0200,abb44c57-e6c5-48d3-b3dd-8f290af1258d,2026-09-19T11:30:00Z,2026-09-19T13:30:00+0200,96.27,MW,FR,FR,forecast_offshore_wind_generation,Wind Offshore,2026-09-23T04:41:20Z
2026-09-23T04:38:29Z,2026-09-23T06:38:29+0200,abb44c57-e6c5-48d3-b3dd-8f290af1258d,2026-09-19T11:45:00Z,2026-09-19T13:45:00+0200,96.21,MW,FR,FR,forecast_offshore_wind_generation,Wind Offshore,2026-09-23T04:41:20Z
2026-09-23T04:38:29Z,2026-09-23T06:38:29+0200,abb44c57-e6c5-48d3-b3dd-8f290af1258d,2026-09-19T12:00:00Z,2026-09-19T14:00:00+0200,96.15,MW,FR,FR,forecast_offshore_wind_generation,Wind Offshore,2026-09-23T04:41:20Z
2026-09-23T04:38:29Z,2026-09-23T06:38:29+0200,abb44c57-e6c5-48d3-b3dd-8f290af1258d,2026-09-19T12:15:00Z,2026-09-19T14:15:00+0200,96.15,MW,FR,FR,forecast_offshore_wind_generation,Wind Offshore,2026-09-23T04:41:20Z
2026-09-23T04:38:29Z,2026-09-23T06:38:29+0200,abb44c57-e6c5-48d3-b3dd-8f290af1258d,2026-09-19T12:30:00Z,2026-09-19T14:30:00+0200,96.15,MW,FR,FR,forecast_offshore_wind_generation,Wind Offshore,2026-09-23T04:41:20Z
2026-09-23T04:38:29Z,2026-09-23T06:38:29+0200,abb44c57-e6c5-48d3-b3dd-8f290af1258d,2026-09-19T12:45:00Z,2026-09-19T14:45:00+0200,96.15,MW,FR,FR,forecast_offshore_wind_generation,Wind Offshore,2026-09-23T04:41:20Z
2026-09-23T04:38:29Z,2026-09-23T06:38:29+0200,abb44c57-e6c5-48d3-b3dd-8f290af1258d,2026-09-19T13:00:00Z,2026-09-19T15:00:00+0200,96.15,MW,FR,FR,forecast_offshore_wind_generation,Wind Offshore,2026-09-23T04:41:20Z
2026-09-23T04:38:29Z,2026-09-23T06:38:29+0200,abb44c57-e6c5-48d3-b3dd-8f290af1258d,2026-09-19T13:15:00Z,2026-09-19T15:15:00+0200,96.15,MW,FR,FR,forecast_offshore_wind_generation,Wind Offshore,2026-09-23T04:41:20Z
2026-09-23T04:38:29Z,2026-09-23T06:38:29+0200,abb44c57-e6c5-48d3-b3dd-8f290af1258d,2026-09-19T13:30:00Z,2026-09-19T15:30:00+0200,96.15,MW,FR,FR,forecast_offshore_wind_generation,Wind Offshore,2026-09-23T04:41:20Z
2026-09-23T04:38:29Z,2026-09-23T06:38:29+0200,abb44c57-e6c5-48d3-b3dd-8f290af1258d,2026-09-19T13:45:00Z,2026-09-19T15:45:00+0200,96.16,MW,FR,FR,forecast_offshore_wind_generation,Wind Offshore,2026-09-23T04:41:20Z
2026-09-23T04:38:29Z,2026-09-23T06:38:29+0200,abb44c57-e6c5-48d3-b3dd-8f290af1258d,2026-09-19T14:00:00Z,2026-09-19T16:00:00+0200,472.71002,MW,FR,FR,forecast_offshore_wind_generation,Wind Offshore,2026-09-23T04:41:20Z
2026-09-23T04:38:29Z,2026-09-23T06:38:29+0200,abb44c57-e6c5-48d3-b3dd-8f290af1258d,2026-09-19T14:15:00Z,2026-09-19T16:15:00+0200,479.69,MW,FR,FR,forecast_offshore_wind_generation,Wind Offshore,2026-09-23T04:41:20Z
2026-09-23T04:38:29Z,2026-09-23T06:38:29+0200,abb44c57-e6c5-48d3-b3dd-8f290af1258d,2026-09-19T14:30:00Z,2026-09-19T16:30:00+0200,486.66995,MW,FR,FR,forecast_offshore_wind_generation,Wind Offshore,2026-09-23T04:41:20Z
2026-09-23T04:38:29Z,2026-09-23T06:38:29+0200,abb44c57-e6c5-48d3-b3dd-8f290af1258d,2026-09-19T14:45:00Z,2026-09-19T16:45:00+0200,493.65002,MW,FR,FR,forecast_offshore_wind_generation,Wind Offshore,2026-09-23T04:41:20Z
2026-09-23T04:38:29Z,2026-09-23T06:38:29+0200,abb44c57-e6c5-48d3-b3dd-8f290af1258d,2026-09-19T15:00:00Z,2026-09-19T17:00:00+0200,500.65002,MW,FR,FR,forecast_offshore_wind_generation,Wind Offshore,2026-09-23T04:41:20Z
2026-09-23T04:38:29Z,2026-09-23T06:38:29+0200,abb44c57-e6c5-48d3-b3dd-8f290af1258d,2026-09-19T15:15:00Z,2026-09-19T17:15:00+0200,500.22,MW,FR,FR,forecast_offshore_wind_generation,Wind Offshore,2026-09-23T04:41:20Z
2026-09-23T04:38:29Z,2026-09-23T06:38:29+0200,abb44c57-e6c5-48d3-b3dd-8f290af1258d,2026-09-19T15:30:00Z,2026-09-19T17:30:00+0200,499.80005,MW,FR,FR,forecast_offshore_wind_generation,Wind Offshore,2026-09-23T04:41:20Z
2026-09-23T04:38:29Z,2026-09-23T06:38:29+0200,abb44c57-e6c5-48d3-b3dd-8f290af1258d,2026-09-19T15:45:00Z,2026-09-19T17:45:00+0200,499.38998,MW,FR,FR,forecast_offshore_wind_generation,Wind Offshore,2026-09-23T04:41:20Z
2026-09-23T04:38:29Z,2026-09-23T06:38:29+0200,abb44c57-e6c5-48d3-b3dd-8f290af1258d,2026-09-19T16:00:00Z,2026-09-19T18:00:00+0200,498.97,MW,FR,FR,forecast_offshore_wind_generation,Wind Offshore,2026-09-23T04:41:20Z
2026-09-23T04:38:29Z,2026-09-23T06:38:29+0200,abb44c57-e6c5-48d3-b3dd-8f290af1258d,2026-09-19T16:15:00Z,2026-09-19T18:15:00+0200,506.38,MW,FR,FR,forecast_offshore_wind_generation,Wind Offshore,2026-09-23T04:41:20Z
2026-09-23T04:38:29Z,2026-09-23T06:38:29+0200,abb44c57-e6c5-48d3-b3dd-8f290af1258d,2026-09-19T16:30:00Z,2026-09-19T18:30:00+0200,513.78003,MW,FR,FR,forecast_offshore_wind_generation,Wind Offshore,2026-09-23T04:41:20Z
2026-09-23T04:38:29Z,2026-09-23T06:38:29+0200,abb44c57-e6c5-48d3-b3dd-8f290af1258d,2026-09-19T16:45:00Z,2026-09-19T18:45:00+0200,521.17004,MW,FR,FR,forecast_offshore_wind_generation,Wind Offshore,2026-09-23T04:41:20Z
2026-09-23T04:38:29Z,2026-09-23T06:38:29+0200,abb44c57-e6c5-48d3-b3dd-8f290af1258d,2026-09-19T17:00:00Z,2026-09-19T19:00:00+0200,528.58997,MW,FR,FR,forecast_offshore_wind_generation,Wind Offshore,2026-09-23T04:41:20Z
2026-09-23T04:38:29Z,2026-09-23T06:38:29+0200,abb44c57-e6c5-48d3-b3dd-8f290af1258d,2026-09-19T17:15:00Z,2026-09-19T19:15:00+0200,531.31,MW,FR,FR,forecast_offshore_wind_generation,Wind Offshore,2026-09-23T04:41:20Z
2026-09-23T04:38:29Z,2026-09-23T06:38:29+0200,abb44c57-e6c5-48d3-b3dd-8f290af1258d,2026-09-19T17:30:00Z,2026-09-19T19:30:00+0200,534.02997,MW,FR,FR,forecast_offshore_wind_generation,Wind Offshore,2026-09-23T04:41:20Z
2026-09-23T04:38:29Z,2026-09-23T06:38:29+0200,abb44c57-e6c5-48d3-b3dd-8f290af1258d,2026-09-19T17:45:00Z,2026-09-19T19:45:00+0200,536.77002,MW,FR,FR,forecast_offshore_wind_generation,Wind Offshore,2026-09-23T04:41:20Z
2026-09-23T04:38:29Z,2026-09-23T06:38:29+0200,abb44c57-e6c5-48d3-b3dd-8f290af1258d,2026-09-19T18:00:00Z,2026-09-19T20:00:00+0200,539.54004,MW,FR,FR,forecast_offshore_wind_generation,Wind Offshore,2026-09-23T04:41:20Z
2026-09-23T04:38:29Z,2026-09-23T06:38:29+0200,abb44c57-e6c5-48d3-b3dd-8f290af1258d,2026-09-19T18:15:00Z,2026-09-19T20:15:00+0200,523.20001,MW,FR,FR,forecast_offshore_wind_generation,Wind Offshore,2026-09-23T04:41:20Z
2026-09-23T04:38:29Z,2026-09-23T06:38:29+0200,abb44c57-e6c5-48d3-b3dd-8f290af1258d,2026-09-19T18:30:00Z,2026-09-19T20:30:00+0200,506.84003,MW,FR,FR,forecast_offshore_wind_generation,Wind Offshore,2026-09-23T04:41:20Z
2026-09-23T04:38:29Z,2026-09-23T06:38:29+0200,abb44c57-e6c5-48d3-b3dd-8f290af1258d,2026-09-19T18:45:00Z,2026-09-19T20:45:00+0200,490.52002,MW,FR,FR,forecast_offshore_wind_generation,Wind Offshore,2026-09-23T04:41:20Z
2026-09-23T04:38:29Z,2026-09-23T06:38:29+0200,abb44c57-e6c5-48d3-b3dd-8f290af1258d,2026-09-19T19:00:00Z,2026-09-19T21:00:00+0200,474.17999,MW,FR,FR,forecast_offshore_wind_generation,Wind Offshore,2026-09-23T04:41:20Z
2026-09-23T04:38:29Z,2026-09-23T06:38:29+0200,abb44c57-e6c5-48d3-b3dd-8f290af1258d,2026-09-19T19:15:00Z,2026-09-19T21:15:00+0200,463.92001,MW,FR,FR,forecast_offshore_wind_generation,Wind Offshore,2026-09-23T04:41:20Z
2026-09-23T04:38:29Z,2026-09-23T06:38:29+0200,abb44c57-e6c5-48d3-b3dd-8f290af1258d,2026-09-19T19:30:00Z,2026-09-19T21:30:00+0200,453.67999,MW,FR,FR,forecast_offshore_wind_generation,Wind Offshore,2026-09-23T04:41:20Z
2026-09-23T04:38:29Z,2026-09-23T06:38:29+0200,abb44c57-e6c5-48d3-b3dd-8f290af1258d,2026-09-19T19:45:00Z,2026-09-19T21:45:00+0200,443.42999,MW,FR,FR,forecast_offshore_wind_generation,Wind Offshore,2026-09-23T04:41:20Z
2026-09-23T04:38:29Z,2026-09-23T06:38:29+0200,abb44c57-e6c5-48d3-b3dd-8f290af1258d,2026-09-19T20:00:00Z,2026-09-19T22:00:00+0200,433.19,MW,FR,FR,forecast_offshore_wind_generation,Wind Offshore,2026-09-23T04:41:20Z
2026-09-23T04:38:29Z,2026-09-23T06:38:29+0200,abb44c57-e6c5-48d3-b3dd-8f290af1258d,2026-09-19T20:15:00Z,2026-09-19T22:15:00+0200,442.16998,MW,FR,FR,forecast_offshore_wind_generation,Wind Offshore,2026-09-23T04:41:20Z
2026-09-23T04:38:29Z,2026-09-23T06:38:29+0200,abb44c57-e6c5-48d3-b3dd-8f290af1258d,2026-09-19T20:30:00Z,2026-09-19T22:30:00+0200,451.16998,MW,FR,FR,forecast_offshore_wind_generation,Wind Offshore,2026-09-23T04:41:20Z
2026-09-23T04:38:29Z,2026-09-23T06:38:29+0200,abb44c57-e6c5-48d3-b3dd-8f290af1258d,2026-09-19T20:45:00Z,2026-09-19T22:45:00+0200,460.15002,MW,FR,FR,forecast_offshore_wind_generation,Wind Offshore,2026-09-23T04:41:20Z
2026-09-23T04:38:29Z,2026-09-23T06:38:29+0200,abb44c57-e6c5-48d3-b3dd-8f290af1258d,2026-09-19T21:00:00Z,2026-09-19T23:00:00+0200,469.14999,MW,FR,FR,forecast_offshore_wind_generation,Wind Offshore,2026-09-23T04:41:20Z
2026-09-23T04:38:29Z,2026-09-23T06:38:29+0200,abb44c57-e6c5-48d3-b3dd-8f290af1258d,2026-09-19T21:15:00Z,2026-09-19T23:15:00+0200,464.36002,MW,FR,FR,forecast_offshore_wind_generation,Wind Offshore,2026-09-23T04:41:20Z
2026-09-23T04:38:29Z,2026-09-23T06:38:29+0200,abb44c57-e6c5-48d3-b3dd-8f290af1258d,2026-09-19T21:30:00Z,2026-09-19T23:30:00+0200,459.57001,MW,FR,FR,forecast_offshore_wind_generation,Wind Offshore,2026-09-23T04:41:20Z
2026-09-23T04:38:29Z,2026-09-23T06:38:29+0200,abb44c57-e6c5-48d3-b3dd-8f290af1258d,2026-09-19T21:45:00Z,2026-09-19T23:45:00+0200,454.79999,MW,FR,FR,forecast_offshore_wind_generation,Wind Offshore,2026-09-23T04:41:20Z
2026-09-23T04:38:29Z,2026-09-23T06:38:29+0200,abb44c57-e6c5-48d3-b3dd-8f290af1258d,2026-09-19T22:00:00Z,2026-09-20T00:00:00+0200,456.79001,MW,FR,FR,forecast_offshore_wind_generation,Wind Offshore,2026-09-23T04:41:20Z
2026-09-23T04:38:29Z,2026-09-23T06:38:29+0200,abb44c57-e6c5-48d3-b3dd-8f290af1258d,2026-09-19T22:15:00Z,2026-09-20T00:15:00+0200,463.56998,MW,FR,FR,forecast_offshore_wind_generation,Wind Offshore,2026-09-23T04:41:20Z
2026-09-23T04:38:29Z,2026-09-23T06:38:29+0200,abb44c57-e6c5-48d3-b3dd-8f290af1258d,2026-09-19T22:30:00Z,2026-09-20T00:30:00+0200,470.36002,MW,FR,FR,forecast_offshore_wind_generation,Wind Offshore,2026-09-23T04:41:20Z
2026-09-23T04:38:29Z,2026-09-23T06:38:29+0200,abb44c57-e6c5-48d3-b3dd-8f290af1258d,2026-09-19T22:45:00Z,2026-09-20T00:45:00+0200,477.13998,MW,FR,FR,forecast_offshore_wind_generation,Wind Offshore,2026-09-23T04:41:20Z
2026-09-23T04:38:29Z,2026-09-23T06:38:29+0200,abb44c57-e6c5-48d3-b3dd-8f290af1258d,2026-09-19T23:00:00Z,2026-09-20T01:00:00+0200,483.92999,MW,FR,FR,forecast_offshore_wind_generation,Wind Offshore,2026-09-23T04:41:20Z
2026-09-23T04:38:29Z,2026-09-23T06:38:29+0200,abb44c57-e6c5-48d3-b3dd-8f290af1258d,2026-09-19T23:15:00Z,2026-09-20T01:15:00+0200,486.90002,MW,FR,FR,forecast_offshore_wind_generation,Wind Offshore,2026-09-23T04:41:20Z
2026-09-23T04:38:29Z,2026-09-23T06:38:29+0200,abb44c57-e6c5-48d3-b3dd-8f290af1258d,2026-09-19T23:30:00Z,2026-09-20T01:30:00+0200,489.87,MW,FR,FR,forecast_offshore_wind_generation,Wind Offshore,2026-09-23T04:41:20Z
2026-09-23T04:38:29Z,2026-09-23T06:38:29+0200,abb44c57-e6c5-48d3-b3dd-8f290af1258d,2026-09-19T23:45:00Z,2026-09-20T01:45:00+0200,492.85001,MW,FR,FR,forecast_offshore_wind_generation,Wind Offshore,2026-09-23T04:41:20Z
2026-09-23T04:38:29Z,2026-09-23T06:38:29+0200,abb44c57-e6c5-48d3-b3dd-8f290af1258d,2026-09-20T00:00:00Z,2026-09-20T02:00:00+0200,495.82001,MW,FR,FR,forecast_offshore_wind_generation,Wind Offshore,2026-09-23T04:41:20Z
2026-09-23T04:38:29Z,2026-09-23T06:38:29+0200,abb44c57-e6c5-48d3-b3dd-8f290af1258d,2026-09-20T00:15:00Z,2026-09-20T02:15:00+0200,498.77002,MW,FR,FR,forecast_offshore_wind_generation,Wind Offshore,2026-09-23T04:41:20Z
2026-09-23T04:38:29Z,2026-09-23T06:38:29+0200,abb44c57-e6c5-48d3-b3dd-8f290af1258d,2026-09-20T00:30:00Z,2026-09-20T02:30:00+0200,501.69998,MW,FR,FR,forecast_offshore_wind_generation,Wind Offshore,2026-09-23T04:41:20Z
2026-09-23T04:38:29Z,2026-09-23T06:38:29+0200,abb44c57-e6c5-48d3-b3dd-8f290af1258d,2026-09-20T00:45:00Z,2026-09-20T02:45:00+0200,504.64001,MW,FR,FR,forecast_offshore_wind_generation,Wind Offshore,2026-09-23T04:41:20Z
2026-09-23T04:38:29Z,2026-09-23T06:38:29+0200,abb44c57-e6c5-48d3-b3dd-8f290af1258d,2026-09-20T01:00:00Z,2026-09-20T03:00:00+0200,507.59003,MW,FR,FR,forecast_offshore_wind_generation,Wind Offshore,2026-09-23T04:41:20Z
2026-09-23T04:38:29Z,2026-09-23T06:38:29+0200,abb44c57-e6c5-48d3-b3dd-8f290af1258d,2026-09-20T01:15:00Z,2026-09-20T03:15:00+0200,508.25,MW,FR,FR,forecast_offshore_wind_generation,Wind Offshore,2026-09-23T04:41:20Z
2026-09-23T04:38:29Z,2026-09-23T06:38:29+0200,abb44c57-e6c5-48d3-b3dd-8f290af1258d,2026-09-20T01:30:00Z,2026-09-20T03:30:00+0200,508.91998,MW,FR,FR,forecast_offshore_wind_generation,Wind Offshore,2026-09-23T04:41:20Z
2026-09-23T04:38:29Z,2026-09-23T06:38:29+0200,abb44c57-e6c5-48d3-b3dd-8f290af1258d,2026-09-20T01:45:00Z,2026-09-20T03:45:00+0200,509.59,MW,FR,FR,forecast_offshore_wind_generation,Wind Offshore,2026-09-23T04:41:20Z
2026-09-23T04:38:29Z,2026-09-23T06:38:29+0200,abb44c57-e6c5-48d3-b3dd-8f290af1258d,2026-09-20T02:00:00Z,2026-09-20T04:00:00+0200,510.28003,MW,FR,FR,forecast_offshore_wind_generation,Wind Offshore,2026-09-23T04:41:20Z
2026-09-23T04:38:29Z,2026-09-23T06:38:29+0200,abb44c57-e6c5-48d3-b3dd-8f290af1258d,2026-09-20T02:15:00Z,2026-09-20T04:15:00+0200,512.06,MW,FR,FR,forecast_offshore_wind_generation,Wind Offshore,2026-09-23T04:41:20Z
2026-09-23T04:38:29Z,2026-09-23T06:38:29+0200,abb44c57-e6c5-48d3-b3dd-8f290af1258d,2026-09-20T02:30:00Z,2026-09-20T04:30:00+0200,513.83002,MW,FR,FR,forecast_offshore_wind_generation,Wind Offshore,2026-09-23T04:41:20Z
2026-09-23T04:38:29Z,2026-09-23T06:38:29+0200,abb44c57-e6c5-48d3-b3dd-8f290af1258d,2026-09-20T02:45:00Z,2026-09-20T04:45:00+0200,515.62006,MW,FR,FR,forecast_offshore_wind_generation,Wind Offshore,2026-09-23T04:41:20Z
2026-09-23T04:38:29Z,2026-09-23T06:38:29+0200,abb44c57-e6c5-48d3-b3dd-8f290af1258d,2026-09-20T03:00:00Z,2026-09-20T05:00:00+0200,517.40997,MW,FR,FR,forecast_offshore_wind_generation,Wind Offshore,2026-09-23T04:41:20Z
2026-09-23T04:38:29Z,2026-09-23T06:38:29+0200,abb44c57-e6c5-48d3-b3dd-8f290af1258d,2026-09-20T03:15:00Z,2026-09-20T05:15:00+0200,515.17999,MW,FR,FR,forecast_offshore_wind_generation,Wind Offshore,2026-09-23T04:41:20Z
2026-09-23T04:38:29Z,2026-09-23T06:38:29+0200,abb44c57-e6c5-48d3-b3dd-8f290af1258d,2026-09-20T03:30:00Z,2026-09-20T05:30:00+0200,512.95996,MW,FR,FR,forecast_offshore_wind_generation,Wind Offshore,2026-09-23T04:41:20Z
2026-09-23T04:38:29Z,2026-09-23T06:38:29+0200,abb44c57-e6c5-48d3-b3dd-8f290af1258d,2026-09-20T03:45:00Z,2026-09-20T05:45:00+0200,510.73996,MW,FR,FR,forecast_offshore_wind_generation,Wind Offshore,2026-09-23T04:41:20Z
2026-09-23T04:38:29Z,2026-09-23T06:38:29+0200,abb44c57-e6c5-48d3-b3dd-8f290af1258d,2026-09-20T04:00:00Z,2026-09-20T06:00:00+0200,508.52002,MW,FR,FR,forecast_offshore_wind_generation,Wind Offshore,2026-09-23T04:41:20Z
2026-09-23T04:38:29Z,2026-09-23T06:38:29+0200,abb44c57-e6c5-48d3-b3dd-8f290af1258d,2026-09-20T04:15:00Z,2026-09-20T06:15:00+0200,506.23999,MW,FR,FR,forecast_offshore_wind_generation,Wind Offshore,2026-09-23T04:41:20Z
2026-09-23T04:38:29Z,2026-09-23T06:38:29+0200,abb44c57-e6c5-48d3-b3dd-8f290af1258d,2026-09-20T04:30:00Z,2026-09-20T06:30:00+0200,503.95996,MW,FR,FR,forecast_offshore_wind_generation,Wind Offshore,2026-09-23T04:41:20Z
2026-09-23T04:38:29Z,2026-09-23T06:38:29+0200,abb44c57-e6c5-48d3-b3dd-8f290af1258d,2026-09-20T04:45:00Z,2026-09-20T06:45:00+0200,501.68002,MW,FR,FR,forecast_offshore_wind_generation,Wind Offshore,2026-09-23T04:41:20Z
2026-09-23T04:38:29Z,2026-09-23T06:38:29+0200,abb44c57-e6c5-48d3-b3dd-8f290af1258d,2026-09-20T05:00:00Z,2026-09-20T07:00:00+0200,499.39996,MW,FR,FR,forecast_offshore_wind_generation,Wind Offshore,2026-09-23T04:41:20Z
2026-09-23T04:38:29Z,2026-09-23T06:38:29+0200,abb44c57-e6c5-48d3-b3dd-8f290af1258d,2026-09-20T05:15:00Z,2026-09-20T07:15:00+0200,499.29004,MW,FR,FR,forecast_offshore_wind_generation,Wind Offshore,2026-09-23T04:41:20Z
2026-09-23T04:38:29Z,2026-09-23T06:38:29+0200,abb44c57-e6c5-48d3-b3dd-8f290af1258d,2026-09-20T05:30:00Z,2026-09-20T07:30:00+0200,499.17999,MW,FR,FR,forecast_offshore_wind_generation,Wind Offshore,2026-09-23T04:41:20Z
2026-09-23T04:38:29Z,2026-09-23T06:38:29+0200,abb44c57-e6c5-48d3-b3dd-8f290af1258d,2026-09-20T05:45:00Z,2026-09-20T07:45:00+0200,499.06,MW,FR,FR,forecast_offshore_wind_generation,Wind Offshore,2026-09-23T04:41:20Z
2026-09-23T04:38:29Z,2026-09-23T06:38:29+0200,abb44c57-e6c5-48d3-b3dd-8f290af1258d,2026-09-20T06:00:00Z,2026-09-20T08:00:00+0200,498.95001,MW,FR,FR,forecast_offshore_wind_generation,Wind Offshore,2026-09-23T04:41:20Z
2026-09-23T04:38:29Z,2026-09-23T06:38:29+0200,abb44c57-e6c5-48d3-b3dd-8f290af1258d,2026-09-20T06:15:00Z,2026-09-20T08:15:00+0200,497.96002,MW,FR,FR,forecast_offshore_wind_generation,Wind Offshore,2026-09-23T04:41:20Z
2026-09-23T04:38:29Z,2026-09-23T06:38:29+0200,abb44c57-e6c5-48d3-b3dd-8f290af1258d,2026-09-20T06:30:00Z,2026-09-20T08:30:00+0200,496.97,MW,FR,FR,forecast_offshore_wind_generation,Wind Offshore,2026-09-23T04:41:20Z
2026-09-23T04:38:29Z,2026-09-23T06:38:29+0200,abb44c57-e6c5-48d3-b3dd-8f290af1258d,2026-09-20T06:45:00Z,2026-09-20T08:45:00+0200,496.0,MW,FR,FR,forecast_offshore_wind_generation,Wind Offshore,2026-09-23T04:41:20Z
2026-09-23T04:38:29Z,2026-09-23T06:38:29+0200,abb44c57-e6c5-48d3-b3dd-8f290af1258d,2026-09-20T07:00:00Z,2026-09-20T09:00:00+0200,495.02002,MW,FR,FR,forecast_offshore_wind_generation,Wind Offshore,2026-09-23T04:41:20Z
2026-09-23T04:38:29Z,2026-09-23T06:38:29+0200,abb44c57-e6c5-48d3-b3dd-8f290af1258d,2026-09-20T07:15:00Z,2026-09-20T09:15:00+0200,490.24997,MW,FR,FR,forecast_offshore_wind_generation,Wind Offshore,2026-09-23T04:41:20Z
2026-09-23T04:38:29Z,2026-09-23T06:38:29+0200,abb44c57-e6c5-48d3-b3dd-8f290af1258d,2026-09-20T07:30:00Z,2026-09-20T09:30:00+0200,485.47998,MW,FR,FR,forecast_offshore_wind_generation,Wind Offshore,2026-09-23T04:41:20Z
2026-09-23T04:38:29Z,2026-09-23T06:38:29+0200,abb44c57-e6c5-48d3-b3dd-8f290af1258d,2026-09-20T07:45:00Z,2026-09-20T09:45:00+0200,480.71002,MW,FR,FR,forecast_offshore_wind_generation,Wind Offshore,2026-09-23T04:41:20Z
2026-09-23T04:38:29Z,2026-09-23T06:38:29+0200,abb44c57-e6c5-48d3-b3dd-8f290af1258d,2026-09-20T08:00:00Z,2026-09-20T10:00:00+0200,475.94998,MW,FR,FR,forecast_offshore_wind_generation,Wind Offshore,2026-09-23T04:41:20Z
2026-09-23T04:38:29Z,2026-09-23T06:38:29+0200,abb44c57-e6c5-48d3-b3dd-8f290af1258d,2026-09-20T08:15:00Z,2026-09-20T10:15:00+0200,439.73001,MW,FR,FR,forecast_offshore_wind_generation,Wind Offshore,2026-09-23T04:41:20Z
2026-09-23T04:38:29Z,2026-09-23T06:38:29+0200,abb44c57-e6c5-48d3-b3dd-8f290af1258d,2026-09-20T08:30:00Z,2026-09-20T10:30:00+0200,403.52002,MW,FR,FR,forecast_offshore_wind_generation,Wind Offshore,2026-09-23T04:41:20Z
2026-09-23T04:38:29Z,2026-09-23T06:38:29+0200,abb44c57-e6c5-48d3-b3dd-8f290af1258d,2026-09-20T08:45:00Z,2026-09-20T10:45:00+0200,367.28998,MW,FR,FR,forecast_offshore_wind_generation,Wind Offshore,2026-09-23T04:41:20Z
2026-09-23T04:38:29Z,2026-09-23T06:38:29+0200,abb44c57-e6c5-48d3-b3dd-8f290af1258d,2026-09-20T09:00:00Z,2026-09-20T11:00:00+0200,331.08002,MW,FR,FR,forecast_offshore_wind_generation,Wind Offshore,2026-09-23T04:41:20Z
2026-09-23T04:38:29Z,2026-09-23T06:38:29+0200,abb44c57-e6c5-48d3-b3dd-8f290af1258d,2026-09-20T09:15:00Z,2026-09-20T11:15:00+0200,324.29999,MW,FR,FR,forecast_offshore_wind_generation,Wind Offshore,2026-09-23T04:41:20Z
2026-09-23T04:38:29Z,2026-09-23T06:38:29+0200,abb44c57-e6c5-48d3-b3dd-8f290af1258d,2026-09-20T09:30:00Z,2026-09-20T11:30:00+0200,73.09,MW,FR,FR,forecast_offshore_wind_generation,Wind Offshore,2026-09-23T04:41:20Z
2026-09-23T04:38:29Z,2026-09-23T06:38:29+0200,abb44c57-e6c5-48d3-b3dd-8f290af1258d,2026-09-20T09:45:00Z,2026-09-20T11:45:00+0200,73.34,MW,FR,FR,forecast_offshore_wind_generation,Wind Offshore,2026-09-23T04:41:20Z
2026-09-23T04:38:29Z,2026-09-23T06:38:29+0200,abb44c57-e6c5-48d3-b3dd-8f290af1258d,2026-09-20T10:00:00Z,2026-09-20T12:00:00+0200,73.63,MW,FR,FR,forecast_offshore_wind_generation,Wind Offshore,2026-09-23T04:41:20Z
2026-09-23T04:38:29Z,2026-09-23T06:38:29+0200,abb44c57-e6c5-48d3-b3dd-8f290af1258d,2026-09-20T10:15:00Z,2026-09-20T12:15:00+0200,75.27,MW,FR,FR,forecast_offshore_wind_generation,Wind Offshore,2026-09-23T04:41:20Z
2026-09-23T04:38:29Z,2026-09-23T06:38:29+0200,abb44c57-e6c5-48d3-b3dd-8f290af1258d,2026-09-20T10:30:00Z,2026-09-20T12:30:00+0200,76.95,MW,FR,FR,forecast_offshore_wind_generation,Wind Offshore,2026-09-23T04:41:20Z
2026-09-23T04:38:29Z,2026-09-23T06:38:29+0200,abb44c57-e6c5-48d3-b3dd-8f290af1258d,2026-09-20T10:45:00Z,2026-09-20T12:45:00+0200,78.62,MW,FR,FR,forecast_offshore_wind_generation,Wind Offshore,2026-09-23T04:41:20Z
2026-09-23T04:38:29Z,2026-09-23T06:38:29+0200,abb44c57-e6c5-48d3-b3dd-8f290af1258d,2026-09-20T11:00:00Z,2026-09-20T13:00:00+0200,80.3,MW,FR,FR,forecast_offshore_wind_generation,Wind Offshore,2026-09-23T04:41:20Z
2026-09-23T04:38:29Z,2026-09-23T06:38:29+0200,abb44c57-e6c5-48d3-b3dd-8f290af1258d,2026-09-20T11:15:00Z,2026-09-20T13:15:00+0200,82.3,MW,FR,FR,forecast_offshore_wind_generation,Wind Offshore,2026-09-23T04:41:20Z
2026-09-23T04:38:29Z,2026-09-23T06:38:29+0200,abb44c57-e6c5-48d3-b3dd-8f290af1258d,2026-09-20T11:30:00Z,2026-09-20T13:30:00+0200,84.3,MW,FR,FR,forecast_offshore_wind_generation,Wind Offshore,2026-09-23T04:41:20Z
2026-09-23T04:38:29Z,2026-09-23T06:38:29+0200,abb44c57-e6c5-48d3-b3dd-8f290af1258d,2026-09-20T11:45:00Z,2026-09-20T13:45:00+0200,86.29,MW,FR,FR,forecast_offshore_wind_generation,Wind Offshore,2026-09-23T04:41:20Z
2026-09-23T04:38:29Z,2026-09-23T06:38:29+0200,abb44c57-e6c5-48d3-b3dd-8f290af1258d,2026-09-20T12:00:00Z,2026-09-20T14:00:00+0200,88.29,MW,FR,FR,forecast_offshore_wind_generation,Wind Offshore,2026-09-23T04:41:20Z
2026-09-23T04:38:29Z,2026-09-23T06:38:29+0200,abb44c57-e6c5-48d3-b3dd-8f290af1258d,2026-09-20T12:15:00Z,2026-09-20T14:15:00+0200,89.74001,MW,FR,FR,forecast_offshore_wind_generation,Wind Offshore,2026-09-23T04:41:20Z
2026-09-23T04:38:29Z,2026-09-23T06:38:29+0200,abb44c57-e6c5-48d3-b3dd-8f290af1258d,2026-09-20T12:30:00Z,2026-09-20T14:30:00+0200,91.19,MW,FR,FR,forecast_offshore_wind_generation,Wind Offshore,2026-09-23T04:41:20Z
2026-09-23T04:38:29Z,2026-09-23T06:38:29+0200,abb44c57-e6c5-48d3-b3dd-8f290af1258d,2026-09-20T12:45:00Z,2026-09-20T14:45:00+0200,92.66,MW,FR,FR,forecast_offshore_wind_generation,Wind Offshore,2026-09-23T04:41:20Z
2026-09-23T04:38:29Z,2026-09-23T06:38:29+0200,abb44c57-e6c5-48d3-b3dd-8f290af1258d,2026-09-20T13:00:00Z,2026-09-20T15:00:00+0200,94.11,MW,FR,FR,forecast_offshore_wind_generation,Wind Offshore,2026-09-23T04:41:20Z
2026-09-23T04:38:29Z,2026-09-23T06:38:29+0200,abb44c57-e6c5-48d3-b3dd-8f290af1258d,2026-09-20T13:15:00Z,2026-09-20T15:15:00+0200,97.01999,MW,FR,FR,forecast_offshore_wind_generation,Wind Offshore,2026-09-23T04:41:20Z
2026-09-23T04:38:29Z,2026-09-23T06:38:29+0200,abb44c57-e6c5-48d3-b3dd-8f290af1258d,2026-09-20T13:30:00Z,2026-09-20T15:30:00+0200,99.92,MW,FR,FR,forecast_offshore_wind_generation,Wind Offshore,2026-09-23T04:41:20Z
2026-09-23T04:38:29Z,2026-09-23T06:38:29+0200,abb44c57-e6c5-48d3-b3dd-8f290af1258d,2026-09-20T13:45:00Z,2026-09-20T15:45:00+0200,102.81999,MW,FR,FR,forecast_offshore_wind_generation,Wind Offshore,2026-09-23T04:41:20Z
2026-09-23T04:38:29Z,2026-09-23T06:38:29+0200,abb44c57-e6c5-48d3-b3dd-8f290af1258d,2026-09-20T14:00:00Z,2026-09-20T16:00:00+0200,103.78,MW,FR,FR,forecast_offshore_wind_generation,Wind Offshore,2026-09-23T04:41:20Z
2026-09-23T04:38:29Z,2026-09-23T06:38:29+0200,abb44c57-e6c5-48d3-b3dd-8f290af1258d,2026-09-20T14:15:00Z,2026-09-20T16:15:00+0200,148.93001,MW,FR,FR,forecast_offshore_wind_generation,Wind Offshore,2026-09-23T04:41:20Z
2026-09-23T04:38:29Z,2026-09-23T06:38:29+0200,abb44c57-e6c5-48d3-b3dd-8f290af1258d,2026-09-20T14:30:00Z,2026-09-20T16:30:00+0200,152.62,MW,FR,FR,forecast_offshore_wind_generation,Wind Offshore,2026-09-23T04:41:20Z
2026-09-23T04:38:29Z,2026-09-23T06:38:29+0200,abb44c57-e6c5-48d3-b3dd-8f290af1258d,2026-09-20T14:45:00Z,2026-09-20T16:45:00+0200,156.28,MW,FR,FR,forecast_offshore_wind_generation,Wind Offshore,2026-09-23T04:41:20Z
2026-09-23T04:38:29Z,2026-09-23T06:38:29+0200,abb44c57-e6c5-48d3-b3dd-8f290af1258d,2026-09-20T15:00:00Z,2026-09-20T17:00:00+0200,159.95001,MW,FR,FR,forecast_offshore_wind_generation,Wind Offshore,2026-09-23T04:41:20Z
2026-09-23T04:38:29Z,2026-09-23T06:38:29+0200,abb44c57-e6c5-48d3-b3dd-8f290af1258d,2026-09-20T15:15:00Z,2026-09-20T17:15:00+0200,165.14999,MW,FR,FR,forecast_offshore_wind_generation,Wind Offshore,2026-09-23T04:41:20Z
2026-09-23T04:38:29Z,2026-09-23T06:38:29+0200,abb44c57-e6c5-48d3-b3dd-8f290af1258d,2026-09-20T15:30:00Z,2026-09-20T17:30:00+0200,170.36002,MW,FR,FR,forecast_offshore_wind_generation,Wind Offshore,2026-09-23T04:41:20Z
2026-09-23T04:38:29Z,2026-09-23T06:38:29+0200,abb44c57-e6c5-48d3-b3dd-8f290af1258d,2026-09-20T15:45:00Z,2026-09-20T17:45:00+0200,175.56,MW,FR,FR,forecast_offshore_wind_generation,Wind Offshore,2026-09-23T04:41:20Z
2026-09-23T04:38:29Z,2026-09-23T06:38:29+0200,abb44c57-e6c5-48d3-b3dd-8f290af1258d,2026-09-20T16:00:00Z,2026-09-20T18:00:00+0200,180.75999,MW,FR,FR,forecast_offshore_wind_generation,Wind Offshore,2026-09-23T04:41:20Z
2026-09-23T04:38:29Z,2026-09-23T06:38:29+0200,abb44c57-e6c5-48d3-b3dd-8f290af1258d,2026-09-20T16:15:00Z,2026-09-20T18:15:00+0200,182.69,MW,FR,FR,forecast_offshore_wind_generation,Wind Offshore,2026-09-23T04:41:20Z
2026-09-23T04:38:29Z,2026-09-23T06:38:29+0200,abb44c57-e6c5-48d3-b3dd-8f290af1258d,2026-09-20T16:30:00Z,2026-09-20T18:30:00+0200,184.61002,MW,FR,FR,forecast_offshore_wind_generation,Wind Offshore,2026-09-23T04:41:20Z
2026-09-23T04:38:29Z,2026-09-23T06:38:29+0200,abb44c57-e6c5-48d3-b3dd-8f290af1258d,2026-09-20T16:45:00Z,2026-09-20T18:45:00+0200,186.54999,MW,FR,FR,forecast_offshore_wind_generation,Wind Offshore,2026-09-23T04:41:20Z
2026-09-23T04:38:29Z,2026-09-23T06:38:29+0200,abb44c57-e6c5-48d3-b3dd-8f290af1258d,2026-09-20T17:00:00Z,2026-09-20T19:00:00+0200,188.47,MW,FR,FR,forecast_offshore_wind_generation,Wind Offshore,2026-09-23T04:41:20Z
2026-09-23T04:38:29Z,2026-09-23T06:38:29+0200,abb44c57-e6c5-48d3-b3dd-8f290af1258d,2026-09-20T17:15:00Z,2026-09-20T19:15:00+0200,195.14,MW,FR,FR,forecast_offshore_wind_generation,Wind Offshore,2026-09-23T04:41:20Z
2026-09-23T04:38:29Z,2026-09-23T06:38:29+0200,abb44c57-e6c5-48d3-b3dd-8f290af1258d,2026-09-20T17:30:00Z,2026-09-20T19:30:00+0200,201.82001,MW,FR,FR,forecast_offshore_wind_generation,Wind Offshore,2026-09-23T04:41:20Z
2026-09-23T04:38:29Z,2026-09-23T06:38:29+0200,abb44c57-e6c5-48d3-b3dd-8f290af1258d,2026-09-20T17:45:00Z,2026-09-20T19:45:00+0200,208.50998,MW,FR,FR,forecast_offshore_wind_generation,Wind Offshore,2026-09-23T04:41:20Z
2026-09-23T04:38:29Z,2026-09-23T06:38:29+0200,abb44c57-e6c5-48d3-b3dd-8f290af1258d,2026-09-20T18:00:00Z,2026-09-20T20:00:00+0200,215.17,MW,FR,FR,forecast_offshore_wind_generation,Wind Offshore,2026-09-23T04:41:20Z
2026-09-23T04:38:29Z,2026-09-23T06:38:29+0200,abb44c57-e6c5-48d3-b3dd-8f290af1258d,2026-09-20T18:15:00Z,2026-09-20T20:15:00+0200,222.58,MW,FR,FR,forecast_offshore_wind_generation,Wind Offshore,2026-09-23T04:41:20Z
2026-09-23T04:38:29Z,2026-09-23T06:38:29+0200,abb44c57-e6c5-48d3-b3dd-8f290af1258d,2026-09-20T18:30:00Z,2026-09-20T20:30:00+0200,229.98001,MW,FR,FR,forecast_offshore_wind_generation,Wind Offshore,2026-09-23T04:41:20Z
2026-09-23T04:38:29Z,2026-09-23T06:38:29+0200,abb44c57-e6c5-48d3-b3dd-8f290af1258d,2026-09-20T18:45:00Z,2026-09-20T20:45:00+0200,237.37001,MW,FR,FR,forecast_offshore_wind_generation,Wind Offshore,2026-09-23T04:41:20Z
2026-09-23T04:38:29Z,2026-09-23T06:38:29+0200,abb44c57-e6c5-48d3-b3dd-8f290af1258d,2026-09-20T19:00:00Z,2026-09-20T21:00:00+0200,244.78001,MW,FR,FR,forecast_offshore_wind_generation,Wind Offshore,2026-09-23T04:41:20Z
2026-09-23T04:38:29Z,2026-09-23T06:38:29+0200,abb44c57-e6c5-48d3-b3dd-8f290af1258d,2026-09-20T19:15:00Z,2026-09-20T21:15:00+0200,253.50999,MW,FR,FR,forecast_offshore_wind_generation,Wind Offshore,2026-09-23T04:41:20Z
2026-09-23T04:38:29Z,2026-09-23T06:38:29+0200,abb44c57-e6c5-48d3-b3dd-8f290af1258d,2026-09-20T19:30:00Z,2026-09-20T21:30:00+0200,262.22998,MW,FR,FR,forecast_offshore_wind_generation,Wind Offshore,2026-09-23T04:41:20Z
2026-09-23T04:38:29Z,2026-09-23T06:38:29+0200,abb44c57-e6c5-48d3-b3dd-8f290af1258d,2026-09-20T19:45:00Z,2026-09-20T21:45:00+0200,270.95001,MW,FR,FR,forecast_offshore_wind_generation,Wind Offshore,2026-09-23T04:41:20Z
2026-09-23T04:38:29Z,2026-09-23T06:38:29+0200,abb44c57-e6c5-48d3-b3dd-8f290af1258d,2026-09-20T20:00:00Z,2026-09-20T22:00:00+0200,279.69,MW,FR,FR,forecast_offshore_wind_generation,Wind Offshore,2026-09-23T04:41:20Z
2026-09-23T04:38:29Z,2026-09-23T06:38:29+0200,abb44c57-e6c5-48d3-b3dd-8f290af1258d,2026-09-20T20:15:00Z,2026-09-20T22:15:00+0200,285.95001,MW,FR,FR,forecast_offshore_wind_generation,Wind Offshore,2026-09-23T04:41:20Z
2026-09-23T04:38:29Z,2026-09-23T06:38:29+0200,abb44c57-e6c5-48d3-b3dd-8f290af1258d,2026-09-20T20:30:00Z,2026-09-20T22:30:00+0200,292.25,MW,FR,FR,forecast_offshore_wind_generation,Wind Offshore,2026-09-23T04:41:20Z
2026-09-23T04:38:29Z,2026-09-23T06:38:29+0200,abb44c57-e6c5-48d3-b3dd-8f290af1258d,2026-09-20T20:45:00Z,2026-09-20T22:45:00+0200,298.53998,MW,FR,FR,forecast_offshore_wind_generation,Wind Offshore,2026-09-23T04:41:20Z
2026-09-23T04:38:29Z,2026-09-23T06:38:29+0200,abb44c57-e6c5-48d3-b3dd-8f290af1258d,2026-09-20T21:00:00Z,2026-09-20T23:00:00+0200,304.82999,MW,FR,FR,forecast_offshore_wind_generation,Wind Offshore,2026-09-23T04:41:20Z
2026-09-23T04:38:29Z,2026-09-23T06:38:29+0200,abb44c57-e6c5-48d3-b3dd-8f290af1258d,2026-09-20T21:15:00Z,2026-09-20T23:15:00+0200,314.38,MW,FR,FR,forecast_offshore_wind_generation,Wind Offshore,2026-09-23T04:41:20Z
2026-09-23T04:38:29Z,2026-09-23T06:38:29+0200,abb44c57-e6c5-48d3-b3dd-8f290af1258d,2026-09-20T21:30:00Z,2026-09-20T23:30:00+0200,323.94,MW,FR,FR,forecast_offshore_wind_generation,Wind Offshore,2026-09-23T04:41:20Z
2026-09-23T04:38:29Z,2026-09-23T06:38:29+0200,abb44c57-e6c5-48d3-b3dd-8f290af1258d,2026-09-20T21:45:00Z,2026-09-20T23:45:00+0200,333.5,MW,FR,FR,forecast_offshore_wind_generation,Wind Offshore,2026-09-23T04:41:20Z
2026-09-23T04:38:29Z,2026-09-23T06:38:29+0200,abb44c57-e6c5-48d3-b3dd-8f290af1258d,2026-09-20T22:00:00Z,2026-09-21T00:00:00+0200,269.66,MW,FR,FR,forecast_offshore_wind_generation,Wind Offshore,2026-09-23T04:41:20Z
2026-09-23T04:38:29Z,2026-09-23T06:38:29+0200,abb44c57-e6c5-48d3-b3dd-8f290af1258d,2026-09-20T22:15:00Z,2026-09-21T00:15:00+0200,265.47003,MW,FR,FR,forecast_offshore_wind_generation,Wind Offshore,2026-09-23T04:41:20Z
2026-09-23T04:38:29Z,2026-09-23T06:38:29+0200,abb44c57-e6c5-48d3-b3dd-8f290af1258d,2026-09-20T22:30:00Z,2026-09-21T00:30:00+0200,261.29999,MW,FR,FR,forecast_offshore_wind_generation,Wind Offshore,2026-09-23T04:41:20Z
2026-09-23T04:38:29Z,2026-09-23T06:38:29+0200,abb44c57-e6c5-48d3-b3dd-8f290af1258d,2026-09-20T22:45:00Z,2026-09-21T00:45:00+0200,257.12,MW,FR,FR,forecast_offshore_wind_generation,Wind Offshore,2026-09-23T04:41:20Z
2026-09-23T04:38:29Z,2026-09-23T06:38:29+0200,abb44c57-e6c5-48d3-b3dd-8f290af1258d,2026-09-20T23:00:00Z,2026-09-21T01:00:00+0200,252.92999,MW,FR,FR,forecast_offshore_wind_generation,Wind Offshore,2026-09-23T04:41:20Z
2026-09-23T04:38:29Z,2026-09-23T06:38:29+0200,abb44c57-e6c5-48d3-b3dd-8f290af1258d,2026-09-20T23:15:00Z,2026-09-21T01:15:00+0200,261.09,MW,FR,FR,forecast_offshore_wind_generation,Wind Offshore,2026-09-23T04:41:20Z
2026-09-23T04:38:29Z,2026-09-23T06:38:29+0200,abb44c57-e6c5-48d3-b3dd-8f290af1258d,2026-09-20T23:30:00Z,2026-09-21T01:30:00+0200,269.25,MW,FR,FR,forecast_offshore_wind_generation,Wind Offshore,2026-09-23T04:41:20Z
2026-09-23T04:38:29Z,2026-09-23T06:38:29+0200,abb44c57-e6c5-48d3-b3dd-8f290af1258d,2026-09-20T23:45:00Z,2026-09-21T01:45:00+0200,277.40997,MW,FR,FR,forecast_offshore_wind_generation,Wind Offshore,2026-09-23T04:41:20Z
2026-09-23T04:38:29Z,2026-09-23T06:38:29+0200,abb44c57-e6c5-48d3-b3dd-8f290af1258d,2026-09-21T00:00:00Z,2026-09-21T02:00:00+0200,285.56,MW,FR,FR,forecast_offshore_wind_generation,Wind Offshore,2026-09-23T04:41:20Z
2026-09-23T04:38:29Z,2026-09-23T06:38:29+0200,abb44c57-e6c5-48d3-b3dd-8f290af1258d,2026-09-21T00:15:00Z,2026-09-21T02:15:00+0200,296.44003,MW,FR,FR,forecast_offshore_wind_generation,Wind Offshore,2026-09-23T04:41:20Z
2026-09-23T04:38:29Z,2026-09-23T06:38:29+0200,abb44c57-e6c5-48d3-b3dd-8f290af1258d,2026-09-21T00:30:00Z,2026-09-21T02:30:00+0200,307.32001,MW,FR,FR,forecast_offshore_wind_generation,Wind Offshore,2026-09-23T04:41:20Z
2026-09-23T04:38:29Z,2026-09-23T06:38:29+0200,abb44c57-e6c5-48d3-b3dd-8f290af1258d,2026-09-21T00:45:00Z,2026-09-21T02:45:00+0200,318.20001,MW,FR,FR,forecast_offshore_wind_generation,Wind Offshore,2026-09-23T04:41:20Z
2026-09-23T04:38:29Z,2026-09-23T06:38:29+0200,abb44c57-e6c5-48d3-b3dd-8f290af1258d,2026-09-21T01:00:00Z,2026-09-21T03:00:00+0200,329.09003,MW,FR,FR,forecast_offshore_wind_generation,Wind Offshore,2026-09-23T04:41:20Z
2026-09-23T04:38:29Z,2026-09-23T06:38:29+0200,abb44c57-e6c5-48d3-b3dd-8f290af1258d,2026-09-21T01:15:00Z,2026-09-21T03:15:00+0200,313.64999,MW,FR,FR,forecast_offshore_wind_generation,Wind Offshore,2026-09-23T04:41:20Z
2026-09-23T04:38:29Z,2026-09-23T06:38:29+0200,abb44c57-e6c5-48d3-b3dd-8f290af1258d,2026-09-21T01:30:00Z,2026-09-21T03:30:00+0200,298.21002,MW,FR,FR,forecast_offshore_wind_generation,Wind Offshore,2026-09-23T04:41:20Z
2026-09-23T04:38:29Z,2026-09-23T06:38:29+0200,abb44c57-e6c5-48d3-b3dd-8f290af1258d,2026-09-21T01:45:00Z,2026-09-21T03:45:00+0200,282.78003,MW,FR,FR,forecast_offshore_wind_generation,Wind Offshore,2026-09-23T04:41:20Z
2026-09-23T04:38:29Z,2026-09-23T06:38:29+0200,abb44c57-e6c5-48d3-b3dd-8f290af1258d,2026-09-21T02:00:00Z,2026-09-21T04:00:00+0200,267.32001,MW,FR,FR,forecast_offshore_wind_generation,Wind Offshore,2026-09-23T04:41:20Z
2026-09-23T04:38:29Z,2026-09-23T06:38:29+0200,abb44c57-e6c5-48d3-b3dd-8f290af1258d,2026-09-21T02:15:00Z,2026-09-21T04:15:00+0200,258.75998,MW,FR,FR,forecast_offshore_wind_generation,Wind Offshore,2026-09-23T04:41:20Z
2026-09-23T04:38:29Z,2026-09-23T06:38:29+0200,abb44c57-e6c5-48d3-b3dd-8f290af1258d,2026-09-21T02:30:00Z,2026-09-21T04:30:00+0200,250.20001,MW,FR,FR,forecast_offshore_wind_generation,Wind Offshore,2026-09-23T04:41:20Z
2026-09-23T04:38:29Z,2026-09-23T06:38:29+0200,abb44c57-e6c5-48d3-b3dd-8f290af1258d,2026-09-21T02:45:00Z,2026-09-21T04:45:00+0200,241.62001,MW,FR,FR,forecast_offshore_wind_generation,Wind Offshore,2026-09-23T04:41:20Z
2026-09-23T04:38:29Z,2026-09-23T06:38:29+0200,abb44c57-e6c5-48d3-b3dd-8f290af1258d,2026-09-21T03:00:00Z,2026-09-21T05:00:00+0200,233.05,MW,FR,FR,forecast_offshore_wind_generation,Wind Offshore,2026-09-23T04:41:20Z
2026-09-23T04:38:29Z,2026-09-23T06:38:29+0200,abb44c57-e6c5-48d3-b3dd-8f290af1258d,2026-09-21T03:15:00Z,2026-09-21T05:15:00+0200,227.71999,MW,FR,FR,forecast_offshore_wind_generation,Wind Offshore,2026-09-23T04:41:20Z
2026-09-23T04:38:29Z,2026-09-23T06:38:29+0200,abb44c57-e6c5-48d3-b3dd-8f290af1258d,2026-09-21T03:30:00Z,2026-09-21T05:30:00+0200,222.39999,MW,FR,FR,forecast_offshore_wind_generation,Wind Offshore,2026-09-23T04:41:20Z
2026-09-23T04:38:29Z,2026-09-23T06:38:29+0200,abb44c57-e6c5-48d3-b3dd-8f290af1258d,2026-09-21T03:45:00Z,2026-09-21T05:45:00+0200,217.10001,MW,FR,FR,forecast_offshore_wind_generation,Wind Offshore,2026-09-23T04:41:20Z
2026-09-23T04:38:29Z,2026-09-23T06:38:29+0200,abb44c57-e6c5-48d3-b3dd-8f290af1258d,2026-09-21T04:00:00Z,2026-09-21T06:00:00+0200,211.76999,MW,FR,FR,forecast_offshore_wind_generation,Wind Offshore,2026-09-23T04:41:20Z
2026-09-23T04:38:29Z,2026-09-23T06:38:29+0200,abb44c57-e6c5-48d3-b3dd-8f290af1258d,2026-09-21T04:15:00Z,2026-09-21T06:15:00+0200,212.62001,MW,FR,FR,forecast_offshore_wind_generation,Wind Offshore,2026-09-23T04:41:20Z
2026-09-23T04:38:29Z,2026-09-23T06:38:29+0200,abb44c57-e6c5-48d3-b3dd-8f290af1258d,2026-09-21T04:30:00Z,2026-09-21T06:30:00+0200,213.46001,MW,FR,FR,forecast_offshore_wind_generation,Wind Offshore,2026-09-23T04:41:20Z
2026-09-23T04:38:29Z,2026-09-23T06:38:29+0200,abb44c57-e6c5-48d3-b3dd-8f290af1258d,2026-09-21T04:45:00Z,2026-09-21T06:45:00+0200,214.32999,MW,FR,FR,forecast_offshore_wind_generation,Wind Offshore,2026-09-23T04:41:20Z
2026-09-23T04:38:29Z,2026-09-23T06:38:29+0200,abb44c57-e6c5-48d3-b3dd-8f290af1258d,2026-09-21T05:00:00Z,2026-09-21T07:00:00+0200,215.17999,MW,FR,FR,forecast_offshore_wind_generation,Wind Offshore,2026-09-23T04:41:20Z
2026-09-23T04:38:29Z,2026-09-23T06:38:29+0200,abb44c57-e6c5-48d3-b3dd-8f290af1258d,2026-09-21T05:15:00Z,2026-09-21T07:15:00+0200,212.12001,MW,FR,FR,forecast_offshore_wind_generation,Wind Offshore,2026-09-23T04:41:20Z
2026-09-23T04:38:29Z,2026-09-23T06:38:29+0200,abb44c57-e6c5-48d3-b3dd-8f290af1258d,2026-09-21T05:30:00Z,2026-09-21T07:30:00+0200,209.04001,MW,FR,FR,forecast_offshore_wind_generation,Wind Offshore,2026-09-23T04:41:20Z
2026-09-23T04:38:29Z,2026-09-23T06:38:29+0200,abb44c57-e6c5-48d3-b3dd-8f290af1258d,2026-09-21T05:45:00Z,2026-09-21T07:45:00+0200,205.99001,MW,FR,FR,forecast_offshore_wind_generation,Wind Offshore,2026-09-23T04:41:20Z
2026-09-23T04:38:29Z,2026-09-23T06:38:29+0200,abb44c57-e6c5-48d3-b3dd-8f290af1258d,2026-09-21T06:00:00Z,2026-09-21T08:00:00+0200,202.92001,MW,FR,FR,forecast_offshore_wind_generation,Wind Offshore,2026-09-23T04:41:20Z
2026-09-23T04:38:29Z,2026-09-23T06:38:29+0200,abb44c57-e6c5-48d3-b3dd-8f290af1258d,2026-09-21T06:15:00Z,2026-09-21T08:15:00+0200,196.39999,MW,FR,FR,forecast_offshore_wind_generation,Wind Offshore,2026-09-23T04:41:20Z
2026-09-23T04:38:29Z,2026-09-23T06:38:29+0200,abb44c57-e6c5-48d3-b3dd-8f290af1258d,2026-09-21T06:30:00Z,2026-09-21T08:30:00+0200,189.89999,MW,FR,FR,forecast_offshore_wind_generation,Wind Offshore,2026-09-23T04:41:20Z
2026-09-23T04:38:29Z,2026-09-23T06:38:29+0200,abb44c57-e6c5-48d3-b3dd-8f290af1258d,2026-09-21T06:45:00Z,2026-09-21T08:45:00+0200,183.37,MW,FR,FR,forecast_offshore_wind_generation,Wind Offshore,2026-09-23T04:41:20Z
2026-09-23T04:38:29Z,2026-09-23T06:38:29+0200,abb44c57-e6c5-48d3-b3dd-8f290af1258d,2026-09-21T07:00:00Z,2026-09-21T09:00:00+0200,176.86,MW,FR,FR,forecast_offshore_wind_generation,Wind Offshore,2026-09-23T04:41:20Z
2026-09-23T04:38:29Z,2026-09-23T06:38:29+0200,abb44c57-e6c5-48d3-b3dd-8f290af1258d,2026-09-21T07:15:00Z,2026-09-21T09:15:00+0200,177.01001,MW,FR,FR,forecast_offshore_wind_generation,Wind Offshore,2026-09-23T04:41:20Z
2026-09-23T04:38:29Z,2026-09-23T06:38:29+0200,abb44c57-e6c5-48d3-b3dd-8f290af1258d,2026-09-21T07:30:00Z,2026-09-21T09:30:00+0200,177.14,MW,FR,FR,forecast_offshore_wind_generation,Wind Offshore,2026-09-23T04:41:20Z
2026-09-23T04:38:29Z,2026-09-23T06:38:29+0200,abb44c57-e6c5-48d3-b3dd-8f290af1258d,2026-09-21T07:45:00Z,2026-09-21T09:45:00+0200,177.27,MW,FR,FR,forecast_offshore_wind_generation,Wind Offshore,2026-09-23T04:41:20Z
2026-09-23T04:38:29Z,2026-09-23T06:38:29+0200,abb44c57-e6c5-48d3-b3dd-8f290af1258d,2026-09-21T08:00:00Z,2026-09-21T10:00:00+0200,177.39999,MW,FR,FR,forecast_offshore_wind_generation,Wind Offshore,2026-09-23T04:41:20Z
2026-09-23T04:38:29Z,2026-09-23T06:38:29+0200,abb44c57-e6c5-48d3-b3dd-8f290af1258d,2026-09-21T08:15:00Z,2026-09-21T10:15:00+0200,171.02,MW,FR,FR,forecast_offshore_wind_generation,Wind Offshore,2026-09-23T04:41:20Z
2026-09-23T04:38:29Z,2026-09-23T06:38:29+0200,abb44c57-e6c5-48d3-b3dd-8f290af1258d,2026-09-21T08:30:00Z,2026-09-21T10:30:00+0200,164.65001,MW,FR,FR,forecast_offshore_wind_generation,Wind Offshore,2026-09-23T04:41:20Z
2026-09-23T04:38:29Z,2026-09-23T06:38:29+0200,abb44c57-e6c5-48d3-b3dd-8f290af1258d,2026-09-21T08:45:00Z,2026-09-21T10:45:00+0200,158.25,MW,FR,FR,forecast_offshore_wind_generation,Wind Offshore,2026-09-23T04:41:20Z
2026-09-23T04:38:29Z,2026-09-23T06:38:29+0200,abb44c57-e6c5-48d3-b3dd-8f290af1258d,2026-09-21T09:00:00Z,2026-09-21T11:00:00+0200,151.87001,MW,FR,FR,forecast_offshore_wind_generation,Wind Offshore,2026-09-23T04:41:20Z
2026-09-23T04:38:29Z,2026-09-23T06:38:29+0200,abb44c57-e6c5-48d3-b3dd-8f290af1258d,2026-09-21T09:15:00Z,2026-09-21T11:15:00+0200,146.37,MW,FR,FR,forecast_offshore_wind_generation,Wind Offshore,2026-09-23T04:41:20Z
2026-09-23T04:38:29Z,2026-09-23T06:38:29+0200,abb44c57-e6c5-48d3-b3dd-8f290af1258d,2026-09-21T09:30:00Z,2026-09-21T11:30:00+0200,140.87,MW,FR,FR,forecast_offshore_wind_generation,Wind Offshore,2026-09-23T04:41:20Z
2026-09-23T04:38:29Z,2026-09-23T06:38:29+0200,abb44c57-e6c5-48d3-b3dd-8f290af1258d,2026-09-21T09:45:00Z,2026-09-21T11:45:00+0200,135.37,MW,FR,FR,forecast_offshore_wind_generation,Wind Offshore,2026-09-23T04:41:20Z
2026-09-23T04:38:29Z,2026-09-23T06:38:29+0200,abb44c57-e6c5-48d3-b3dd-8f290af1258d,2026-09-21T10:00:00Z,2026-09-21T12:00:00+0200,129.87,MW,FR,FR,forecast_offshore_wind_generation,Wind Offshore,2026-09-23T04:41:20Z
2026-09-23T04:38:29Z,2026-09-23T06:38:29+0200,abb44c57-e6c5-48d3-b3dd-8f290af1258d,2026-09-21T10:15:00Z,2026-09-21T12:15:00+0200,123.25,MW,FR,FR,forecast_offshore_wind_generation,Wind Offshore,2026-09-23T04:41:20Z
2026-09-23T04:38:29Z,2026-09-23T06:38:29+0200,abb44c57-e6c5-48d3-b3dd-8f290af1258d,2026-09-21T10:30:00Z,2026-09-21T12:30:00+0200,116.64999,MW,FR,FR,forecast_offshore_wind_generation,Wind Offshore,2026-09-23T04:41:20Z
2026-09-23T04:38:29Z,2026-09-23T06:38:29+0200,abb44c57-e6c5-48d3-b3dd-8f290af1258d,2026-09-21T10:45:00Z,2026-09-21T12:45:00+0200,110.04,MW,FR,FR,forecast_offshore_wind_generation,Wind Offshore,2026-09-23T04:41:20Z
2026-09-23T04:38:29Z,2026-09-23T06:38:29+0200,abb44c57-e6c5-48d3-b3dd-8f290af1258d,2026-09-21T11:00:00Z,2026-09-21T13:00:00+0200,103.44,MW,FR,FR,forecast_offshore_wind_generation,Wind Offshore,2026-09-23T04:41:20Z
2026-09-23T04:38:29Z,2026-09-23T06:38:29+0200,abb44c57-e6c5-48d3-b3dd-8f290af1258d,2026-09-21T11:15:00Z,2026-09-21T13:15:00+0200,102.74001,MW,FR,FR,forecast_offshore_wind_generation,Wind Offshore,2026-09-23T04:41:20Z
2026-09-23T04:38:29Z,2026-09-23T06:38:29+0200,abb44c57-e6c5-48d3-b3dd-8f290af1258d,2026-09-21T11:30:00Z,2026-09-21T13:30:00+0200,102.05,MW,FR,FR,forecast_offshore_wind_generation,Wind Offshore,2026-09-23T04:41:20Z
2026-09-23T04:38:29Z,2026-09-23T06:38:29+0200,abb44c57-e6c5-48d3-b3dd-8f290af1258d,2026-09-21T11:45:00Z,2026-09-21T13:45:00+0200,101.36,MW,FR,FR,forecast_offshore_wind_generation,Wind Offshore,2026-09-23T04:41:20Z
2026-09-23T04:38:29Z,2026-09-23T06:38:29+0200,abb44c57-e6c5-48d3-b3dd-8f290af1258d,2026-09-21T12:00:00Z,2026-09-21T14:00:00+0200,100.66,MW,FR,FR,forecast_offshore_wind_generation,Wind Offshore,2026-09-23T04:41:20Z
2026-09-23T04:38:29Z,2026-09-23T06:38:29+0200,abb44c57-e6c5-48d3-b3dd-8f290af1258d,2026-09-21T12:15:00Z,2026-09-21T14:15:00+0200,102.67,MW,FR,FR,forecast_offshore_wind_generation,Wind Offshore,2026-09-23T04:41:20Z
2026-09-23T04:38:29Z,2026-09-23T06:38:29+0200,abb44c57-e6c5-48d3-b3dd-8f290af1258d,2026-09-21T12:30:00Z,2026-09-21T14:30:00+0200,104.69,MW,FR,FR,forecast_offshore_wind_generation,Wind Offshore,2026-09-23T04:41:20Z
2026-09-23T04:38:29Z,2026-09-23T06:38:29+0200,abb44c57-e6c5-48d3-b3dd-8f290af1258d,2026-09-21T12:45:00Z,2026-09-21T14:45:00+0200,106.68,MW,FR,FR,forecast_offshore_wind_generation,Wind Offshore,2026-09-23T04:41:20Z
2026-09-23T04:38:29Z,2026-09-23T06:38:29+0200,abb44c57-e6c5-48d3-b3dd-8f290af1258d,2026-09-21T13:00:00Z,2026-09-21T15:00:00+0200,108.7,MW,FR,FR,forecast_offshore_wind_generation,Wind Offshore,2026-09-23T04:41:20Z
2026-09-23T04:38:29Z,2026-09-23T06:38:29+0200,abb44c57-e6c5-48d3-b3dd-8f290af1258d,2026-09-21T13:15:00Z,2026-09-21T15:15:00+0200,111.09,MW,FR,FR,forecast_offshore_wind_generation,Wind Offshore,2026-09-23T04:41:20Z
2026-09-23T04:38:29Z,2026-09-23T06:38:29+0200,abb44c57-e6c5-48d3-b3dd-8f290af1258d,2026-09-21T13:30:00Z,2026-09-21T15:30:00+0200,113.47,MW,FR,FR,forecast_offshore_wind_generation,Wind Offshore,2026-09-23T04:41:20Z
2026-09-23T04:38:29Z,2026-09-23T06:38:29+0200,abb44c57-e6c5-48d3-b3dd-8f290af1258d,2026-09-21T13:45:00Z,2026-09-21T15:45:00+0200,115.83,MW,FR,FR,forecast_offshore_wind_generation,Wind Offshore,2026-09-23T04:41:20Z
2026-09-23T04:38:29Z,2026-09-23T06:38:29+0200,abb44c57-e6c5-48d3-b3dd-8f290af1258d,2026-09-21T14:00:00Z,2026-09-21T16:00:00+0200,118.21001,MW,FR,FR,forecast_offshore_wind_generation,Wind Offshore,2026-09-23T04:41:20Z
2026-09-23T04:38:29Z,2026-09-23T06:38:29+0200,abb44c57-e6c5-48d3-b3dd-8f290af1258d,2026-09-21T14:15:00Z,2026-09-21T16:15:00+0200,128.01999,MW,FR,FR,forecast_offshore_wind_generation,Wind Offshore,2026-09-23T04:41:20Z
2026-09-23T04:38:29Z,2026-09-23T06:38:29+0200,abb44c57-e6c5-48d3-b3dd-8f290af1258d,2026-09-21T14:30:00Z,2026-09-21T16:30:00+0200,137.82001,MW,FR,FR,forecast_offshore_wind_generation,Wind Offshore,2026-09-23T04:41:20Z
2026-09-23T04:38:29Z,2026-09-23T06:38:29+0200,abb44c57-e6c5-48d3-b3dd-8f290af1258d,2026-09-21T14:45:00Z,2026-09-21T16:45:00+0200,147.63,MW,FR,FR,forecast_offshore_wind_generation,Wind Offshore,2026-09-23T04:41:20Z
2026-09-23T04:38:29Z,2026-09-23T06:38:29+0200,abb44c57-e6c5-48d3-b3dd-8f290af1258d,2026-09-21T15:00:00Z,2026-09-21T17:00:00+0200,157.42999,MW,FR,FR,forecast_offshore_wind_generation,Wind Offshore,2026-09-23T04:41:20Z
2026-09-23T04:38:29Z,2026-09-23T06:38:29+0200,abb44c57-e6c5-48d3-b3dd-8f290af1258d,2026-09-21T15:15:00Z,2026-09-21T17:15:00+0200,169.7,MW,FR,FR,forecast_offshore_wind_generation,Wind Offshore,2026-09-23T04:41:20Z
2026-09-23T04:38:29Z,2026-09-23T06:38:29+0200,abb44c57-e6c5-48d3-b3dd-8f290af1258d,2026-09-21T15:30:00Z,2026-09-21T17:30:00+0200,181.95,MW,FR,FR,forecast_offshore_wind_generation,Wind Offshore,2026-09-23T04:41:20Z
2026-09-23T04:38:29Z,2026-09-23T06:38:29+0200,abb44c57-e6c5-48d3-b3dd-8f290af1258d,2026-09-21T15:45:00Z,2026-09-21T17:45:00+0200,194.22,MW,FR,FR,forecast_offshore_wind_generation,Wind Offshore,2026-09-23T04:41:20Z
2026-09-23T04:38:29Z,2026-09-23T06:38:29+0200,abb44c57-e6c5-48d3-b3dd-8f290af1258d,2026-09-21T16:00:00Z,2026-09-21T18:00:00+0200,206.47998,MW,FR,FR,forecast_offshore_wind_generation,Wind Offshore,2026-09-23T04:41:20Z
2026-09-23T04:38:29Z,2026-09-23T06:38:29+0200,abb44c57-e6c5-48d3-b3dd-8f290af1258d,2026-09-21T16:15:00Z,2026-09-21T18:15:00+0200,221.89,MW,FR,FR,forecast_offshore_wind_generation,Wind Offshore,2026-09-23T04:41:20Z
2026-09-23T04:38:29Z,2026-09-23T06:38:29+0200,abb44c57-e6c5-48d3-b3dd-8f290af1258d,2026-09-21T16:30:00Z,2026-09-21T18:30:00+0200,237.28,MW,FR,FR,forecast_offshore_wind_generation,Wind Offshore,2026-09-23T04:41:20Z
2026-09-23T04:38:29Z,2026-09-23T06:38:29+0200,abb44c57-e6c5-48d3-b3dd-8f290af1258d,2026-09-21T16:45:00Z,2026-09-21T18:45:00+0200,252.67999,MW,FR,FR,forecast_offshore_wind_generation,Wind Offshore,2026-09-23T04:41:20Z
2026-09-23T04:38:29Z,2026-09-23T06:38:29+0200,abb44c57-e6c5-48d3-b3dd-8f290af1258d,2026-09-21T17:00:00Z,2026-09-21T19:00:00+0200,268.09,MW,FR,FR,forecast_offshore_wind_generation,Wind Offshore,2026-09-23T04:41:20Z
2026-09-23T04:38:29Z,2026-09-23T06:38:29+0200,abb44c57-e6c5-48d3-b3dd-8f290af1258d,2026-09-21T17:15:00Z,2026-09-21T19:15:00+0200,290.64001,MW,FR,FR,forecast_offshore_wind_generation,Wind Offshore,2026-09-23T04:41:20Z
2026-09-23T04:38:29Z,2026-09-23T06:38:29+0200,abb44c57-e6c5-48d3-b3dd-8f290af1258d,2026-09-21T17:30:00Z,2026-09-21T19:30:00+0200,313.20001,MW,FR,FR,forecast_offshore_wind_generation,Wind Offshore,2026-09-23T04:41:20Z
2026-09-23T04:38:29Z,2026-09-23T06:38:29+0200,abb44c57-e6c5-48d3-b3dd-8f290af1258d,2026-09-21T17:45:00Z,2026-09-21T19:45:00+0200,335.73999,MW,FR,FR,forecast_offshore_wind_generation,Wind Offshore,2026-09-23T04:41:20Z
2026-09-23T04:38:29Z,2026-09-23T06:38:29+0200,abb44c57-e6c5-48d3-b3dd-8f290af1258d,2026-09-21T18:00:00Z,2026-09-21T20:00:00+0200,358.29001,MW,FR,FR,forecast_offshore_wind_generation,Wind Offshore,2026-09-23T04:41:20Z
2026-09-23T04:38:29Z,2026-09-23T06:38:29+0200,abb44c57-e6c5-48d3-b3dd-8f290af1258d,2026-09-21T18:15:00Z,2026-09-21T20:15:00+0200,369.13998,MW,FR,FR,forecast_offshore_wind_generation,Wind Offshore,2026-09-23T04:41:20Z
2026-09-23T04:38:29Z,2026-09-23T06:38:29+0200,abb44c57-e6c5-48d3-b3dd-8f290af1258d,2026-09-21T18:30:00Z,2026-09-21T20:30:00+0200,379.97,MW,FR,FR,forecast_offshore_wind_generation,Wind Offshore,2026-09-23T04:41:20Z
2026-09-23T04:38:29Z,2026-09-23T06:38:29+0200,abb44c57-e6c5-48d3-b3dd-8f290af1258d,2026-09-21T18:45:00Z,2026-09-21T20:45:00+0200,390.79999,MW,FR,FR,forecast_offshore_wind_generation,Wind Offshore,2026-09-23T04:41:20Z
2026-09-23T04:38:29Z,2026-09-23T06:38:29+0200,abb44c57-e6c5-48d3-b3dd-8f290af1258d,2026-09-21T19:00:00Z,2026-09-21T21:00:00+0200,401.63,MW,FR,FR,forecast_offshore_wind_generation,Wind Offshore,2026-09-23T04:41:20Z
2026-09-23T04:38:29Z,2026-09-23T06:38:29+0200,abb44c57-e6c5-48d3-b3dd-8f290af1258d,2026-09-21T19:15:00Z,2026-09-21T21:15:00+0200,411.41998,MW,FR,FR,forecast_offshore_wind_generation,Wind Offshore,2026-09-23T04:41:20Z
2026-09-23T04:38:29Z,2026-09-23T06:38:29+0200,abb44c57-e6c5-48d3-b3dd-8f290af1258d,2026-09-21T19:30:00Z,2026-09-21T21:30:00+0200,421.21002,MW,FR,FR,forecast_offshore_wind_generation,Wind Offshore,2026-09-23T04:41:20Z
2026-09-23T04:38:29Z,2026-09-23T06:38:29+0200,abb44c57-e6c5-48d3-b3dd-8f290af1258d,2026-09-21T19:45:00Z,2026-09-21T21:45:00+0200,430.98999,MW,FR,FR,forecast_offshore_wind_generation,Wind Offshore,2026-09-23T04:41:20Z
2026-09-23T04:38:29Z,2026-09-23T06:38:29+0200,abb44c57-e6c5-48d3-b3dd-8f290af1258d,2026-09-21T20:00:00Z,2026-09-21T22:00:00+0200,440.78998,MW,FR,FR,forecast_offshore_wind_generation,Wind Offshore,2026-09-23T04:41:20Z
2026-09-23T04:38:29Z,2026-09-23T06:38:29+0200,abb44c57-e6c5-48d3-b3dd-8f290af1258d,2026-09-21T20:15:00Z,2026-09-21T22:15:00+0200,464.39999,MW,FR,FR,forecast_offshore_wind_generation,Wind Offshore,2026-09-23T04:41:20Z
2026-09-23T04:38:29Z,2026-09-23T06:38:29+0200,abb44c57-e6c5-48d3-b3dd-8f290af1258d,2026-09-21T20:30:00Z,2026-09-21T22:30:00+0200,488.0,MW,FR,FR,forecast_offshore_wind_generation,Wind Offshore,2026-09-23T04:41:20Z
2026-09-23T04:38:29Z,2026-09-23T06:38:29+0200,abb44c57-e6c5-48d3-b3dd-8f290af1258d,2026-09-21T20:45:00Z,2026-09-21T22:45:00+0200,511.62,MW,FR,FR,forecast_offshore_wind_generation,Wind Offshore,2026-09-23T04:41:20Z
2026-09-23T04:38:29Z,2026-09-23T06:38:29+0200,abb44c57-e6c5-48d3-b3dd-8f290af1258d,2026-09-21T21:00:00Z,2026-09-21T23:00:00+0200,535.21997,MW,FR,FR,forecast_offshore_wind_generation,Wind Offshore,2026-09-23T04:41:20Z
2026-09-23T04:38:29Z,2026-09-23T06:38:29+0200,abb44c57-e6c5-48d3-b3dd-8f290af1258d,2026-09-21T21:15:00Z,2026-09-21T23:15:00+0200,549.65997,MW,FR,FR,forecast_offshore_wind_generation,Wind Offshore,2026-09-23T04:41:20Z
2026-09-23T04:38:29Z,2026-09-23T06:38:29+0200,abb44c57-e6c5-48d3-b3dd-8f290af1258d,2026-09-21T21:30:00Z,2026-09-21T23:30:00+0200,564.08002,MW,FR,FR,forecast_offshore_wind_generation,Wind Offshore,2026-09-23T04:41:20Z
2026-09-23T04:38:29Z,2026-09-23T06:38:29+0200,abb44c57-e6c5-48d3-b3dd-8f290af1258d,2026-09-21T21:45:00Z,2026-09-21T23:45:00+0200,578.52002,MW,FR,FR,forecast_offshore_wind_generation,Wind Offshore,2026-09-23T04:41:20Z
2026-09-23T04:38:29Z,2026-09-23T06:38:29+0200,abb44c57-e6c5-48d3-b3dd-8f290af1258d,2026-09-21T22:00:00Z,2026-09-22T00:00:00+0200,457.60001,MW,FR,FR,forecast_offshore_wind_generation,Wind Offshore,2026-09-23T04:41:20Z
2026-09-23T04:38:29Z,2026-09-23T06:38:29+0200,abb44c57-e6c5-48d3-b3dd-8f290af1258d,2026-09-21T22:15:00Z,2026-09-22T00:15:00+0200,469.97998,MW,FR,FR,forecast_offshore_wind_generation,Wind Offshore,2026-09-23T04:41:20Z
2026-09-23T04:38:29Z,2026-09-23T06:38:29+0200,abb44c57-e6c5-48d3-b3dd-8f290af1258d,2026-09-21T22:30:00Z,2026-09-22T00:30:00+0200,482.36002,MW,FR,FR,forecast_offshore_wind_generation,Wind Offshore,2026-09-23T04:41:20Z
2026-09-23T04:38:29Z,2026-09-23T06:38:29+0200,abb44c57-e6c5-48d3-b3dd-8f290af1258d,2026-09-21T22:45:00Z,2026-09-22T00:45:00+0200,494.73004,MW,FR,FR,forecast_offshore_wind_generation,Wind Offshore,2026-09-23T04:41:20Z
2026-09-23T04:38:29Z,2026-09-23T06:38:29+0200,abb44c57-e6c5-48d3-b3dd-8f290af1258d,2026-09-21T23:00:00Z,2026-09-22T01:00:00+0200,507.09998,MW,FR,FR,forecast_offshore_wind_generation,Wind Offshore,2026-09-23T04:41:20Z
2026-09-23T04:38:29Z,2026-09-23T06:38:29+0200,abb44c57-e6c5-48d3-b3dd-8f290af1258d,2026-09-21T23:15:00Z,2026-09-22T01:15:00+0200,500.38,MW,FR,FR,forecast_offshore_wind_generation,Wind Offshore,2026-09-23T04:41:20Z
2026-09-23T04:38:29Z,2026-09-23T06:38:29+0200,abb44c57-e6c5-48d3-b3dd-8f290af1258d,2026-09-21T23:30:00Z,2026-09-22T01:30:00+0200,493.66998,MW,FR,FR,forecast_offshore_wind_generation,Wind Offshore,2026-09-23T04:41:20Z
2026-09-23T04:38:29Z,2026-09-23T06:38:29+0200,abb44c57-e6c5-48d3-b3dd-8f290af1258d,2026-09-21T23:45:00Z,2026-09-22T01:45:00+0200,486.95999,MW,FR,FR,forecast_offshore_wind_generation,Wind Offshore,2026-09-23T04:41:20Z
2026-09-23T04:38:29Z,2026-09-23T06:38:29+0200,abb44c57-e6c5-48d3-b3dd-8f290af1258d,2026-09-22T00:00:00Z,2026-09-22T02:00:00+0200,480.23999,MW,FR,FR,forecast_offshore_wind_generation,Wind Offshore,2026-09-23T04:41:20Z
2026-09-23T04:38:29Z,2026-09-23T06:38:29+0200,abb44c57-e6c5-48d3-b3dd-8f290af1258d,2026-09-22T00:15:00Z,2026-09-22T02:15:00+0200,459.28,MW,FR,FR,forecast_offshore_wind_generation,Wind Offshore,2026-09-23T04:41:20Z
2026-09-23T04:38:29Z,2026-09-23T06:38:29+0200,abb44c57-e6c5-48d3-b3dd-8f290af1258d,2026-09-22T00:30:00Z,2026-09-22T02:30:00+0200,438.32996,MW,FR,FR,forecast_offshore_wind_generation,Wind Offshore,2026-09-23T04:41:20Z
2026-09-23T04:38:29Z,2026-09-23T06:38:29+0200,abb44c57-e6c5-48d3-b3dd-8f290af1258d,2026-09-22T00:45:00Z,2026-09-22T02:45:00+0200,417.38,MW,FR,FR,forecast_offshore_wind_generation,Wind Offshore,2026-09-23T04:41:20Z
2026-09-23T04:38:29Z,2026-09-23T06:38:29+0200,abb44c57-e6c5-48d3-b3dd-8f290af1258d,2026-09-22T01:00:00Z,2026-09-22T03:00:00+0200,396.42001,MW,FR,FR,forecast_offshore_wind_generation,Wind Offshore,2026-09-23T04:41:20Z
2026-09-23T04:38:29Z,2026-09-23T06:38:29+0200,abb44c57-e6c5-48d3-b3dd-8f290af1258d,2026-09-22T01:15:00Z,2026-09-22T03:15:00+0200,380.82001,MW,FR,FR,forecast_offshore_wind_generation,Wind Offshore,2026-09-23T04:41:20Z
2026-09-23T04:38:29Z,2026-09-23T06:38:29+0200,abb44c57-e6c5-48d3-b3dd-8f290af1258d,2026-09-22T01:30:00Z,2026-09-22T03:30:00+0200,365.19,MW,FR,FR,forecast_offshore_wind_generation,Wind Offshore,2026-09-23T04:41:20Z
2026-09-23T04:38:29Z,2026-09-23T06:38:29+0200,abb44c57-e6c5-48d3-b3dd-8f290af1258d,2026-09-22T01:45:00Z,2026-09-22T03:45:00+0200,349.59003,MW,FR,FR,forecast_offshore_wind_generation,Wind Offshore,2026-09-23T04:41:20Z
2026-09-23T04:38:29Z,2026-09-23T06:38:29+0200,abb44c57-e6c5-48d3-b3dd-8f290af1258d,2026-09-22T02:00:00Z,2026-09-22T04:00:00+0200,333.97,MW,FR,FR,forecast_offshore_wind_generation,Wind Offshore,2026-09-23T04:41:20Z
2026-09-23T04:38:29Z,2026-09-23T06:38:29+0200,abb44c57-e6c5-48d3-b3dd-8f290af1258d,2026-09-22T02:15:00Z,2026-09-22T04:15:00+0200,335.86002,MW,FR,FR,forecast_offshore_wind_generation,Wind Offshore,2026-09-23T04:41:20Z
2026-09-23T04:38:29Z,2026-09-23T06:38:29+0200,abb44c57-e6c5-48d3-b3dd-8f290af1258d,2026-09-22T02:30:00Z,2026-09-22T04:30:00+0200,337.74002,MW,FR,FR,forecast_offshore_wind_generation,Wind Offshore,2026-09-23T04:41:20Z
2026-09-23T04:38:29Z,2026-09-23T06:38:29+0200,abb44c57-e6c5-48d3-b3dd-8f290af1258d,2026-09-22T02:45:00Z,2026-09-22T04:45:00+0200,339.60999,MW,FR,FR,forecast_offshore_wind_generation,Wind Offshore,2026-09-23T04:41:20Z
2026-09-23T04:38:29Z,2026-09-23T06:38:29+0200,abb44c57-e6c5-48d3-b3dd-8f290af1258d,2026-09-22T03:00:00Z,2026-09-22T05:00:00+0200,341.47998,MW,FR,FR,forecast_offshore_wind_generation,Wind Offshore,2026-09-23T04:41:20Z
2026-09-23T04:38:29Z,2026-09-23T06:38:29+0200,abb44c57-e6c5-48d3-b3dd-8f290af1258d,2026-09-22T03:15:00Z,2026-09-22T05:15:00+0200,343.79001,MW,FR,FR,forecast_offshore_wind_generation,Wind Offshore,2026-09-23T04:41:20Z
2026-09-23T04:38:29Z,2026-09-23T06:38:29+0200,abb44c57-e6c5-48d3-b3dd-8f290af1258d,2026-09-22T03:30:00Z,2026-09-22T05:30:00+0200,346.10999,MW,FR,FR,forecast_offshore_wind_generation,Wind Offshore,2026-09-23T04:41:20Z
2026-09-23T04:38:29Z,2026-09-23T06:38:29+0200,abb44c57-e6c5-48d3-b3dd-8f290af1258d,2026-09-22T03:45:00Z,2026-09-22T05:45:00+0200,348.41998,MW,FR,FR,forecast_offshore_wind_generation,Wind Offshore,2026-09-23T04:41:20Z
2026-09-23T04:38:29Z,2026-09-23T06:38:29+0200,abb44c57-e6c5-48d3-b3dd-8f290af1258d,2026-09-22T04:00:00Z,2026-09-22T06:00:00+0200,350.72998,MW,FR,FR,forecast_offshore_wind_generation,Wind Offshore,2026-09-23T04:41:20Z
2026-09-23T04:38:29Z,2026-09-23T06:38:29+0200,abb44c57-e6c5-48d3-b3dd-8f290af1258d,2026-09-22T04:15:00Z,2026-09-22T06:15:00+0200,345.37,MW,FR,FR,forecast_offshore_wind_generation,Wind Offshore,2026-09-23T04:41:20Z
2026-09-23T04:38:29Z,2026-09-23T06:38:29+0200,abb44c57-e6c5-48d3-b3dd-8f290af1258d,2026-09-22T04:30:00Z,2026-09-22T06:30:00+0200,340.01001,MW,FR,FR,forecast_offshore_wind_generation,Wind Offshore,2026-09-23T04:41:20Z
2026-09-23T04:38:29Z,2026-09-23T06:38:29+0200,abb44c57-e6c5-48d3-b3dd-8f290af1258d,2026-09-22T04:45:00Z,2026-09-22T06:45:00+0200,334.66998,MW,FR,FR,forecast_offshore_wind_generation,Wind Offshore,2026-09-23T04:41:20Z
2026-09-23T04:38:29Z,2026-09-23T06:38:29+0200,abb44c57-e6c5-48d3-b3dd-8f290af1258d,2026-09-22T05:00:00Z,2026-09-22T07:00:00+0200,329.31003,MW,FR,FR,forecast_offshore_wind_generation,Wind Offshore,2026-09-23T04:41:20Z
2026-09-23T04:38:29Z,2026-09-23T06:38:29+0200,abb44c57-e6c5-48d3-b3dd-8f290af1258d,2026-09-22T05:15:00Z,2026-09-22T07:15:00+0200,322.94,MW,FR,FR,forecast_offshore_wind_generation,Wind Offshore,2026-09-23T04:41:20Z
2026-09-23T04:38:29Z,2026-09-23T06:38:29+0200,abb44c57-e6c5-48d3-b3dd-8f290af1258d,2026-09-22T05:30:00Z,2026-09-22T07:30:00+0200,316.57999,MW,FR,FR,forecast_offshore_wind_generation,Wind Offshore,2026-09-23T04:41:20Z
2026-09-23T04:38:29Z,2026-09-23T06:38:29+0200,abb44c57-e6c5-48d3-b3dd-8f290af1258d,2026-09-22T05:45:00Z,2026-09-22T07:45:00+0200,310.22998,MW,FR,FR,forecast_offshore_wind_generation,Wind Offshore,2026-09-23T04:41:20Z
2026-09-23T04:38:29Z,2026-09-23T06:38:29+0200,abb44c57-e6c5-48d3-b3dd-8f290af1258d,2026-09-22T06:00:00Z,2026-09-22T08:00:00+0200,303.87,MW,FR,FR,forecast_offshore_wind_generation,Wind Offshore,2026-09-23T04:41:20Z
2026-09-23T04:38:29Z,2026-09-23T06:38:29+0200,abb44c57-e6c5-48d3-b3dd-8f290af1258d,2026-09-22T06:15:00Z,2026-09-22T08:15:00+0200,299.37,MW,FR,FR,forecast_offshore_wind_generation,Wind Offshore,2026-09-23T04:41:20Z
2026-09-23T04:38:29Z,2026-09-23T06:38:29+0200,abb44c57-e6c5-48d3-b3dd-8f290af1258d,2026-09-22T06:30:00Z,2026-09-22T08:30:00+0200,294.85004,MW,FR,FR,forecast_offshore_wind_generation,Wind Offshore,2026-09-23T04:41:20Z
2026-09-23T04:38:29Z,2026-09-23T06:38:29+0200,abb44c57-e6c5-48d3-b3dd-8f290af1258d,2026-09-22T06:45:00Z,2026-09-22T08:45:00+0200,290.34,MW,FR,FR,forecast_offshore_wind_generation,Wind Offshore,2026-09-23T04:41:20Z
2026-09-23T04:38:29Z,2026-09-23T06:38:29+0200,abb44c57-e6c5-48d3-b3dd-8f290af1258d,2026-09-22T07:00:00Z,2026-09-22T09:00:00+0200,285.82999,MW,FR,FR,forecast_offshore_wind_generation,Wind Offshore,2026-09-23T04:41:20Z
2026-09-23T04:38:29Z,2026-09-23T06:38:29+0200,abb44c57-e6c5-48d3-b3dd-8f290af1258d,2026-09-22T07:15:00Z,2026-09-22T09:15:00+0200,273.19,MW,FR,FR,forecast_offshore_wind_generation,Wind Offshore,2026-09-23T04:41:20Z
2026-09-23T04:38:29Z,2026-09-23T06:38:29+0200,abb44c57-e6c5-48d3-b3dd-8f290af1258d,2026-09-22T07:30:00Z,2026-09-22T09:30:00+0200,260.51999,MW,FR,FR,forecast_offshore_wind_generation,Wind Offshore,2026-09-23T04:41:20Z
2026-09-23T04:38:29Z,2026-09-23T06:38:29+0200,abb44c57-e6c5-48d3-b3dd-8f290af1258d,2026-09-22T07:45:00Z,2026-09-22T09:45:00+0200,247.85999,MW,FR,FR,forecast_offshore_wind_generation,Wind Offshore,2026-09-23T04:41:20Z
2026-09-23T04:38:29Z,2026-09-23T06:38:29+0200,abb44c57-e6c5-48d3-b3dd-8f290af1258d,2026-09-22T08:00:00Z,2026-09-22T10:00:00+0200,235.2,MW,FR,FR,forecast_offshore_wind_generation,Wind Offshore,2026-09-23T04:41:20Z
2026-09-23T04:38:29Z,2026-09-23T06:38:29+0200,abb44c57-e6c5-48d3-b3dd-8f290af1258d,2026-09-22T08:15:00Z,2026-09-22T10:15:00+0200,223.2,MW,FR,FR,forecast_offshore_wind_generation,Wind Offshore,2026-09-23T04:41:20Z
2026-09-23T04:38:29Z,2026-09-23T06:38:29+0200,abb44c57-e6c5-48d3-b3dd-8f290af1258d,2026-09-22T08:30:00Z,2026-09-22T10:30:00+0200,211.17001,MW,FR,FR,forecast_offshore_wind_generation,Wind Offshore,2026-09-23T04:41:20Z
2026-09-23T04:38:29Z,2026-09-23T06:38:29+0200,abb44c57-e6c5-48d3-b3dd-8f290af1258d,2026-09-22T08:45:00Z,2026-09-22T10:45:00+0200,199.14,MW,FR,FR,forecast_offshore_wind_generation,Wind Offshore,2026-09-23T04:41:20Z
2026-09-23T04:38:29Z,2026-09-23T06:38:29+0200,abb44c57-e6c5-48d3-b3dd-8f290af1258d,2026-09-22T09:00:00Z,2026-09-22T11:00:00+0200,187.12001,MW,FR,FR,forecast_offshore_wind_generation,Wind Offshore,2026-09-23T04:41:20Z
2026-09-23T04:38:29Z,2026-09-23T06:38:29+0200,abb44c57-e6c5-48d3-b3dd-8f290af1258d,2026-09-22T09:15:00Z,2026-09-22T11:15:00+0200,177.15999,MW,FR,FR,forecast_offshore_wind_generation,Wind Offshore,2026-09-23T04:41:20Z
2026-09-23T04:38:29Z,2026-09-23T06:38:29+0200,abb44c57-e6c5-48d3-b3dd-8f290af1258d,2026-09-22T09:30:00Z,2026-09-22T11:30:00+0200,167.22,MW,FR,FR,forecast_offshore_wind_generation,Wind Offshore,2026-09-23T04:41:20Z
2026-09-23T04:38:29Z,2026-09-23T06:38:29+0200,abb44c57-e6c5-48d3-b3dd-8f290af1258d,2026-09-22T09:45:00Z,2026-09-22T11:45:00+0200,157.27,MW,FR,FR,forecast_offshore_wind_generation,Wind Offshore,2026-09-23T04:41:20Z
2026-09-23T04:38:29Z,2026-09-23T06:38:29+0200,abb44c57-e6c5-48d3-b3dd-8f290af1258d,2026-09-22T10:00:00Z,2026-09-22T12:00:00+0200,147.31001,MW,FR,FR,forecast_offshore_wind_generation,Wind Offshore,2026-09-23T04:41:20Z
2026-09-23T04:38:29Z,2026-09-23T06:38:29+0200,abb44c57-e6c5-48d3-b3dd-8f290af1258d,2026-09-22T10:15:00Z,2026-09-22T12:15:00+0200,143.67,MW,FR,FR,forecast_offshore_wind_generation,Wind Offshore,2026-09-23T04:41:20Z
2026-09-23T04:38:29Z,2026-09-23T06:38:29+0200,abb44c57-e6c5-48d3-b3dd-8f290af1258d,2026-09-22T10:30:00Z,2026-09-22T12:30:00+0200,140.07001,MW,FR,FR,forecast_offshore_wind_generation,Wind Offshore,2026-09-23T04:41:20Z
2026-09-23T04:38:29Z,2026-09-23T06:38:29+0200,abb44c57-e6c5-48d3-b3dd-8f290af1258d,2026-09-22T10:45:00Z,2026-09-22T12:45:00+0200,136.44,MW,FR,FR,forecast_offshore_wind_generation,Wind Offshore,2026-09-23T04:41:20Z
2026-09-23T04:38:29Z,2026-09-23T06:38:29+0200,abb44c57-e6c5-48d3-b3dd-8f290af1258d,2026-09-22T11:00:00Z,2026-09-22T13:00:00+0200,132.8,MW,FR,FR,forecast_offshore_wind_generation,Wind Offshore,2026-09-23T04:41:20Z
2026-09-23T04:38:29Z,2026-09-23T06:38:29+0200,abb44c57-e6c5-48d3-b3dd-8f290af1258d,2026-09-22T11:15:00Z,2026-09-22T13:15:00+0200,130.61,MW,FR,FR,forecast_offshore_wind_generation,Wind Offshore,2026-09-23T04:41:20Z
2026-09-23T04:38:29Z,2026-09-23T06:38:29+0200,abb44c57-e6c5-48d3-b3dd-8f290af1258d,2026-09-22T11:30:00Z,2026-09-22T13:30:00+0200,128.42,MW,FR,FR,forecast_offshore_wind_generation,Wind Offshore,2026-09-23T04:41:20Z
2026-09-23T04:38:29Z,2026-09-23T06:38:29+0200,abb44c57-e6c5-48d3-b3dd-8f290af1258d,2026-09-22T11:45:00Z,2026-09-22T13:45:00+0200,126.24001,MW,FR,FR,forecast_offshore_wind_generation,Wind Offshore,2026-09-23T04:41:20Z
2026-09-23T04:38:29Z,2026-09-23T06:38:29+0200,abb44c57-e6c5-48d3-b3dd-8f290af1258d,2026-09-22T12:00:00Z,2026-09-22T14:00:00+0200,124.04,MW,FR,FR,forecast_offshore_wind_generation,Wind Offshore,2026-09-23T04:41:20Z
2026-09-23T04:38:29Z,2026-09-23T06:38:29+0200,abb44c57-e6c5-48d3-b3dd-8f290af1258d,2026-09-22T12:15:00Z,2026-09-22T14:15:00+0200,130.89,MW,FR,FR,forecast_offshore_wind_generation,Wind Offshore,2026-09-23T04:41:20Z
2026-09-23T04:38:29Z,2026-09-23T06:38:29+0200,abb44c57-e6c5-48d3-b3dd-8f290af1258d,2026-09-22T12:30:00Z,2026-09-22T14:30:00+0200,137.73001,MW,FR,FR,forecast_offshore_wind_generation,Wind Offshore,2026-09-23T04:41:20Z
2026-09-23T04:38:29Z,2026-09-23T06:38:29+0200,abb44c57-e6c5-48d3-b3dd-8f290af1258d,2026-09-22T12:45:00Z,2026-09-22T14:45:00+0200,144.56999,MW,FR,FR,forecast_offshore_wind_generation,Wind Offshore,2026-09-23T04:41:20Z
2026-09-23T04:38:29Z,2026-09-23T06:38:29+0200,abb44c57-e6c5-48d3-b3dd-8f290af1258d,2026-09-22T13:00:00Z,2026-09-22T15:00:00+0200,151.42,MW,FR,FR,forecast_offshore_wind_generation,Wind Offshore,2026-09-23T04:41:20Z
2026-09-23T04:38:29Z,2026-09-23T06:38:29+0200,abb44c57-e6c5-48d3-b3dd-8f290af1258d,2026-09-22T13:15:00Z,2026-09-22T15:15:00+0200,158.24001,MW,FR,FR,forecast_offshore_wind_generation,Wind Offshore,2026-09-23T04:41:20Z
2026-09-23T04:38:29Z,2026-09-23T06:38:29+0200,abb44c57-e6c5-48d3-b3dd-8f290af1258d,2026-09-22T13:30:00Z,2026-09-22T15:30:00+0200,165.07001,MW,FR,FR,forecast_offshore_wind_generation,Wind Offshore,2026-09-23T04:41:20Z
2026-09-23T04:38:29Z,2026-09-23T06:38:29+0200,abb44c57-e6c5-48d3-b3dd-8f290af1258d,2026-09-22T13:45:00Z,2026-09-22T15:45:00+0200,171.90001,MW,FR,FR,forecast_offshore_wind_generation,Wind Offshore,2026-09-23T04:41:20Z
2026-09-23T04:38:29Z,2026-09-23T06:38:29+0200,abb44c57-e6c5-48d3-b3dd-8f290af1258d,2026-09-22T14:00:00Z,2026-09-22T16:00:00+0200,178.73,MW,FR,FR,forecast_offshore_wind_generation,Wind Offshore,2026-09-23T04:41:20Z
2026-09-23T04:38:29Z,2026-09-23T06:38:29+0200,abb44c57-e6c5-48d3-b3dd-8f290af1258d,2026-09-22T14:15:00Z,2026-09-22T16:15:00+0200,183.88,MW,FR,FR,forecast_offshore_wind_generation,Wind Offshore,2026-09-23T04:41:20Z
2026-09-23T04:38:29Z,2026-09-23T06:38:29+0200,abb44c57-e6c5-48d3-b3dd-8f290af1258d,2026-09-22T14:30:00Z,2026-09-22T16:30:00+0200,189.03999,MW,FR,FR,forecast_offshore_wind_generation,Wind Offshore,2026-09-23T04:41:20Z
2026-09-23T04:38:29Z,2026-09-23T06:38:29+0200,abb44c57-e6c5-48d3-b3dd-8f290af1258d,2026-09-22T14:45:00Z,2026-09-22T16:45:00+0200,194.18999,MW,FR,FR,forecast_offshore_wind_generation,Wind Offshore,2026-09-23T04:41:20Z
2026-09-23T04:38:29Z,2026-09-23T06:38:29+0200,abb44c57-e6c5-48d3-b3dd-8f290af1258d,2026-09-22T15:00:00Z,2026-09-22T17:00:00+0200,199.36,MW,FR,FR,forecast_offshore_wind_generation,Wind Offshore,2026-09-23T04:41:20Z
2026-09-23T04:38:29Z,2026-09-23T06:38:29+0200,abb44c57-e6c5-48d3-b3dd-8f290af1258d,2026-09-22T15:15:00Z,2026-09-22T17:15:00+0200,204.86,MW,FR,FR,forecast_offshore_wind_generation,Wind Offshore,2026-09-23T04:41:20Z
2026-09-23T04:38:29Z,2026-09-23T06:38:29+0200,abb44c57-e6c5-48d3-b3dd-8f290af1258d,2026-09-22T15:30:00Z,2026-09-22T17:30:00+0200,210.36,MW,FR,FR,forecast_offshore_wind_generation,Wind Offshore,2026-09-23T04:41:20Z
2026-09-23T04:38:29Z,2026-09-23T06:38:29+0200,abb44c57-e6c5-48d3-b3dd-8f290af1258d,2026-09-22T15:45:00Z,2026-09-22T17:45:00+0200,215.84001,MW,FR,FR,forecast_offshore_wind_generation,Wind Offshore,2026-09-23T04:41:20Z
2026-09-23T04:38:29Z,2026-09-23T06:38:29+0200,abb44c57-e6c5-48d3-b3dd-8f290af1258d,2026-09-22T16:00:00Z,2026-09-22T18:00:00+0200,221.32999,MW,FR,FR,forecast_offshore_wind_generation,Wind Offshore,2026-09-23T04:41:20Z
2026-09-23T04:38:29Z,2026-09-23T06:38:29+0200,abb44c57-e6c5-48d3-b3dd-8f290af1258d,2026-09-22T16:15:00Z,2026-09-22T18:15:00+0200,239.06999,MW,FR,FR,forecast_offshore_wind_generation,Wind Offshore,2026-09-23T04:41:20Z
2026-09-23T04:38:29Z,2026-09-23T06:38:29+0200,abb44c57-e6c5-48d3-b3dd-8f290af1258d,2026-09-22T16:30:00Z,2026-09-22T18:30:00+0200,256.81,MW,FR,FR,forecast_offshore_wind_generation,Wind Offshore,2026-09-23T04:41:20Z
2026-09-23T04:38:29Z,2026-09-23T06:38:29+0200,abb44c57-e6c5-48d3-b3dd-8f290af1258d,2026-09-22T16:45:00Z,2026-09-22T18:45:00+0200,274.54999,MW,FR,FR,forecast_offshore_wind_generation,Wind Offshore,2026-09-23T04:41:20Z
2026-09-23T04:38:29Z,2026-09-23T06:38:29+0200,abb44c57-e6c5-48d3-b3dd-8f290af1258d,2026-09-22T17:00:00Z,2026-09-22T19:00:00+0200,292.28,MW,FR,FR,forecast_offshore_wind_generation,Wind Offshore,2026-09-23T04:41:20Z
2026-09-23T04:38:29Z,2026-09-23T06:38:29+0200,abb44c57-e6c5-48d3-b3dd-8f290af1258d,2026-09-22T17:15:00Z,2026-09-22T19:15:00+0200,313.25,MW,FR,FR,forecast_offshore_wind_generation,Wind Offshore,2026-09-23T04:41:20Z
2026-09-23T04:38:29Z,2026-09-23T06:38:29+0200,abb44c57-e6c5-48d3-b3dd-8f290af1258d,2026-09-22T17:30:00Z,2026-09-22T19:30:00+0200,334.25,MW,FR,FR,forecast_offshore_wind_generation,Wind Offshore,2026-09-23T04:41:20Z
2026-09-23T04:38:29Z,2026-09-23T06:38:29+0200,abb44c57-e6c5-48d3-b3dd-8f290af1258d,2026-09-22T17:45:00Z,2026-09-22T19:45:00+0200,355.22,MW,FR,FR,forecast_offshore_wind_generation,Wind Offshore,2026-09-23T04:41:20Z
2026-09-23T04:38:29Z,2026-09-23T06:38:29+0200,abb44c57-e6c5-48d3-b3dd-8f290af1258d,2026-09-22T18:00:00Z,2026-09-22T20:00:00+0200,376.22998,MW,FR,FR,forecast_offshore_wind_generation,Wind Offshore,2026-09-23T04:41:20Z
2026-09-23T04:38:29Z,2026-09-23T06:38:29+0200,abb44c57-e6c5-48d3-b3dd-8f290af1258d,2026-09-22T18:15:00Z,2026-09-22T20:15:00+0200,396.03998,MW,FR,FR,forecast_offshore_wind_generation,Wind Offshore,2026-09-23T04:41:20Z
2026-09-23T04:38:29Z,2026-09-23T06:38:29+0200,abb44c57-e6c5-48d3-b3dd-8f290af1258d,2026-09-22T18:30:00Z,2026-09-22T20:30:00+0200,415.85001,MW,FR,FR,forecast_offshore_wind_generation,Wind Offshore,2026-09-23T04:41:20Z
2026-09-23T04:38:29Z,2026-09-23T06:38:29+0200,abb44c57-e6c5-48d3-b3dd-8f290af1258d,2026-09-22T18:45:00Z,2026-09-22T20:45:00+0200,435.67001,MW,FR,FR,forecast_offshore_wind_generation,Wind Offshore,2026-09-23T04:41:20Z
2026-09-23T04:38:29Z,2026-09-23T06:38:29+0200,abb44c57-e6c5-48d3-b3dd-8f290af1258d,2026-09-22T19:00:00Z,2026-09-22T21:00:00+0200,455.48001,MW,FR,FR,forecast_offshore_wind_generation,Wind Offshore,2026-09-23T04:41:20Z
2026-09-23T04:38:29Z,2026-09-23T06:38:29+0200,abb44c57-e6c5-48d3-b3dd-8f290af1258d,2026-09-22T19:15:00Z,2026-09-22T21:15:00+0200,463.02002,MW,FR,FR,forecast_offshore_wind_generation,Wind Offshore,2026-09-23T04:41:20Z
2026-09-23T04:38:29Z,2026-09-23T06:38:29+0200,abb44c57-e6c5-48d3-b3dd-8f290af1258d,2026-09-22T19:30:00Z,2026-09-22T21:30:00+0200,470.57001,MW,FR,FR,forecast_offshore_wind_generation,Wind Offshore,2026-09-23T04:41:20Z
2026-09-23T04:38:29Z,2026-09-23T06:38:29+0200,abb44c57-e6c5-48d3-b3dd-8f290af1258d,2026-09-22T19:45:00Z,2026-09-22T21:45:00+0200,478.12,MW,FR,FR,forecast_offshore_wind_generation,Wind Offshore,2026-09-23T04:41:20Z
2026-09-23T04:38:29Z,2026-09-23T06:38:29+0200,abb44c57-e6c5-48d3-b3dd-8f290af1258d,2026-09-22T20:00:00Z,2026-09-22T22:00:00+0200,485.67001,MW,FR,FR,forecast_offshore_wind_generation,Wind Offshore,2026-09-23T04:41:20Z
2026-09-23T04:38:29Z,2026-09-23T06:38:29+0200,abb44c57-e6c5-48d3-b3dd-8f290af1258d,2026-09-22T20:15:00Z,2026-09-22T22:15:00+0200,481.18002,MW,FR,FR,forecast_offshore_wind_generation,Wind Offshore,2026-09-23T04:41:20Z
2026-09-23T04:38:29Z,2026-09-23T06:38:29+0200,abb44c57-e6c5-48d3-b3dd-8f290af1258d,2026-09-22T20:30:00Z,2026-09-22T22:30:00+0200,476.70001,MW,FR,FR,forecast_offshore_wind_generation,Wind Offshore,2026-09-23T04:41:20Z
2026-09-23T04:38:29Z,2026-09-23T06:38:29+0200,abb44c57-e6c5-48d3-b3dd-8f290af1258d,2026-09-22T20:45:00Z,2026-09-22T22:45:00+0200,472.22,MW,FR,FR,forecast_offshore_wind_generation,Wind Offshore,2026-09-23T04:41:20Z
2026-09-23T04:38:29Z,2026-09-23T06:38:29+0200,abb44c57-e6c5-48d3-b3dd-8f290af1258d,2026-09-22T21:00:00Z,2026-09-22T23:00:00+0200,467.72998,MW,FR,FR,forecast_offshore_wind_generation,Wind Offshore,2026-09-23T04:41:20Z
2026-09-23T04:38:29Z,2026-09-23T06:38:29+0200,abb44c57-e6c5-48d3-b3dd-8f290af1258d,2026-09-22T21:15:00Z,2026-09-22T23:15:00+0200,461.01001,MW,FR,FR,forecast_offshore_wind_generation,Wind Offshore,2026-09-23T04:41:20Z
2026-09-23T04:38:29Z,2026-09-23T06:38:29+0200,abb44c57-e6c5-48d3-b3dd-8f290af1258d,2026-09-22T21:30:00Z,2026-09-22T23:30:00+0200,454.26001,MW,FR,FR,forecast_offshore_wind_generation,Wind Offshore,2026-09-23T04:41:20Z
2026-09-23T04:38:29Z,2026-09-23T06:38:29+0200,abb44c57-e6c5-48d3-b3dd-8f290af1258d,2026-09-22T21:45:00Z,2026-09-22T23:45:00+0200,447.51001,MW,FR,FR,forecast_offshore_wind_generation,Wind Offshore,2026-09-23T04:41:20Z
2026-09-23T04:38:29Z,2026-09-23T06:38:29+0200,abb44c57-e6c5-48d3-b3dd-8f290af1258d,2026-09-22T22:00:00Z,2026-09-23T00:00:00+0200,491.62997,MW,FR,FR,forecast_offshore_wind_generation,Wind Offshore,2026-09-23T04:41:20Z
2026-09-23T04:38:29Z,2026-09-23T06:38:29+0200,abb44c57-e6c5-48d3-b3dd-8f290af1258d,2026-09-22T22:15:00Z,2026-09-23T00:15:00+0200,475.23001,MW,FR,FR,forecast_offshore_wind_generation,Wind Offshore,2026-09-23T04:41:20Z
2026-09-23T04:38:29Z,2026-09-23T06:38:29+0200,abb44c57-e6c5-48d3-b3dd-8f290af1258d,2026-09-22T22:30:00Z,2026-09-23T00:30:00+0200,458.84003,MW,FR,FR,forecast_offshore_wind_generation,Wind Offshore,2026-09-23T04:41:20Z
2026-09-23T04:38:29Z,2026-09-23T06:38:29+0200,abb44c57-e6c5-48d3-b3dd-8f290af1258d,2026-09-22T22:45:00Z,2026-09-23T00:45:00+0200,442.44,MW,FR,FR,forecast_offshore_wind_generation,Wind Offshore,2026-09-23T04:41:20Z
2026-09-23T04:38:29Z,2026-09-23T06:38:29+0200,abb44c57-e6c5-48d3-b3dd-8f290af1258d,2026-09-22T23:00:00Z,2026-09-23T01:00:00+0200,426.04001,MW,FR,FR,forecast_offshore_wind_generation,Wind Offshore,2026-09-23T04:41:20Z
2026-09-23T04:38:29Z,2026-09-23T06:38:29+0200,abb44c57-e6c5-48d3-b3dd-8f290af1258d,2026-09-22T23:15:00Z,2026-09-23T01:15:00+0200,414.77002,MW,FR,FR,forecast_offshore_wind_generation,Wind Offshore,2026-09-23T04:41:20Z
2026-09-23T04:38:29Z,2026-09-23T06:38:29+0200,abb44c57-e6c5-48d3-b3dd-8f290af1258d,2026-09-22T23:30:00Z,2026-09-23T01:30:00+0200,403.50998,MW,FR,FR,forecast_offshore_wind_generation,Wind Offshore,2026-09-23T04:41:20Z
2026-09-23T04:38:29Z,2026-09-23T06:38:29+0200,abb44c57-e6c5-48d3-b3dd-8f290af1258d,2026-09-22T23:45:00Z,2026-09-23T01:45:00+0200,392.22998,MW,FR,FR,forecast_offshore_wind_generation,Wind Offshore,2026-09-23T04:41:20Z
2026-09-23T04:38:29Z,2026-09-23T06:38:29+0200,abb44c57-e6c5-48d3-b3dd-8f290af1258d,2026-09-23T00:00:00Z,2026-09-23T02:00:00+0200,380.96002,MW,FR,FR,forecast_offshore_wind_generation,Wind Offshore,2026-09-23T04:41:20Z
2026-09-23T04:38:29Z,2026-09-23T06:38:29+0200,abb44c57-e6c5-48d3-b3dd-8f290af1258d,2026-09-23T00:15:00Z,2026-09-23T02:15:00+0200,378.97,MW,FR,FR,forecast_offshore_wind_generation,Wind Offshore,2026-09-23T04:41:20Z
2026-09-23T04:38:29Z,2026-09-23T06:38:29+0200,abb44c57-e6c5-48d3-b3dd-8f290af1258d,2026-09-23T00:30:00Z,2026-09-23T02:30:00+0200,377.0,MW,FR,FR,forecast_offshore_wind_generation,Wind Offshore,2026-09-23T04:41:20Z
2026-09-23T04:38:29Z,2026-09-23T06:38:29+0200,abb44c57-e6c5-48d3-b3dd-8f290af1258d,2026-09-23T00:45:00Z,2026-09-23T02:45:00+0200,375.03003,MW,FR,FR,forecast_offshore_wind_generation,Wind Offshore,2026-09-23T04:41:20Z
2026-09-23T04:38:29Z,2026-09-23T06:38:29+0200,abb44c57-e6c5-48d3-b3dd-8f290af1258d,2026-09-23T01:00:00Z,2026-09-23T03:00:00+0200,373.04001,MW,FR,FR,forecast_offshore_wind_generation,Wind Offshore,2026-09-23T04:41:20Z
2026-09-23T04:38:29Z,2026-09-23T06:38:29+0200,abb44c57-e6c5-48d3-b3dd-8f290af1258d,2026-09-23T01:15:00Z,2026-09-23T03:15:00+0200,357.81,MW,FR,FR,forecast_offshore_wind_generation,Wind Offshore,2026-09-23T04:41:20Z
2026-09-23T04:38:29Z,2026-09-23T06:38:29+0200,abb44c57-e6c5-48d3-b3dd-8f290af1258d,2026-09-23T01:30:00Z,2026-09-23T03:30:00+0200,342.59,MW,FR,FR,forecast_offshore_wind_generation,Wind Offshore,2026-09-23T04:41:20Z
2026-09-23T04:38:29Z,2026-09-23T06:38:29+0200,abb44c57-e6c5-48d3-b3dd-8f290af1258d,2026-09-23T01:45:00Z,2026-09-23T03:45:00+0200,327.37,MW,FR,FR,forecast_offshore_wind_generation,Wind Offshore,2026-09-23T04:41:20Z
2026-09-23T04:38:29Z,2026-09-23T06:38:29+0200,abb44c57-e6c5-48d3-b3dd-8f290af1258d,2026-09-23T02:00:00Z,2026-09-23T04:00:00+0200,312.14996,MW,FR,FR,forecast_offshore_wind_generation,Wind Offshore,2026-09-23T04:41:20Z
2026-09-23T04:38:29Z,2026-09-23T06:38:29+0200,abb44c57-e6c5-48d3-b3dd-8f290af1258d,2026-09-23T02:15:00Z,2026-09-23T04:15:00+0200,287.92999,MW,FR,FR,forecast_offshore_wind_generation,Wind Offshore,2026-09-23T04:41:20Z
2026-09-23T04:38:29Z,2026-09-23T06:38:29+0200,abb44c57-e6c5-48d3-b3dd-8f290af1258d,2026-09-23T02:30:00Z,2026-09-23T04:30:00+0200,263.70001,MW,FR,FR,forecast_offshore_wind_generation,Wind Offshore,2026-09-23T04:41:20Z
2026-09-23T04:38:29Z,2026-09-23T06:38:29+0200,abb44c57-e6c5-48d3-b3dd-8f290af1258d,2026-09-23T02:45:00Z,2026-09-23T04:45:00+0200,239.47,MW,FR,FR,forecast_offshore_wind_generation,Wind Offshore,2026-09-23T04:41:20Z
2026-09-23T04:38:29Z,2026-09-23T06:38:29+0200,abb44c57-e6c5-48d3-b3dd-8f290af1258d,2026-09-23T03:00:00Z,2026-09-23T05:00:00+0200,215.25,MW,FR,FR,forecast_offshore_wind_generation,Wind Offshore,2026-09-23T04:41:20Z
2026-09-23T04:38:29Z,2026-09-23T06:38:29+0200,abb44c57-e6c5-48d3-b3dd-8f290af1258d,2026-09-23T03:15:00Z,2026-09-23T05:15:00+0200,209.73999,MW,FR,FR,forecast_offshore_wind_generation,Wind Offshore,2026-09-23T04:41:20Z
2026-09-23T04:38:29Z,2026-09-23T06:38:29+0200,abb44c57-e6c5-48d3-b3dd-8f290af1258d,2026-09-23T03:30:00Z,2026-09-23T05:30:00+0200,204.20999,MW,FR,FR,forecast_offshore_wind_generation,Wind Offshore,2026-09-23T04:41:20Z
2026-09-23T04:38:29Z,2026-09-23T06:38:29+0200,abb44c57-e6c5-48d3-b3dd-8f290af1258d,2026-09-23T03:45:00Z,2026-09-23T05:45:00+0200,198.68001,MW,FR,FR,forecast_offshore_wind_generation,Wind Offshore,2026-09-23T04:41:20Z
2026-09-23T04:38:29Z,2026-09-23T06:38:29+0200,abb44c57-e6c5-48d3-b3dd-8f290af1258d,2026-09-23T04:00:00Z,2026-09-23T06:00:00+0200,193.15999,MW,FR,FR,forecast_offshore_wind_generation,Wind Offshore,2026-09-23T04:41:20Z
2026-09-23T04:38:29Z,2026-09-23T06:38:29+0200,abb44c57-e6c5-48d3-b3dd-8f290af1258d,2026-09-23T04:15:00Z,2026-09-23T06:15:00+0200,185.52002,MW,FR,FR,forecast_offshore_wind_generation,Wind Offshore,2026-09-23T04:41:20Z
2026-09-23T04:38:29Z,2026-09-23T06:38:29+0200,abb44c57-e6c5-48d3-b3dd-8f290af1258d,2026-09-23T04:30:00Z,2026-09-23T06:30:00+0200,177.88,MW,FR,FR,forecast_offshore_wind_generation,Wind Offshore,2026-09-23T04:41:20Z
2026-09-23T04:38:29Z,2026-09-23T06:38:29+0200,abb44c57-e6c5-48d3-b3dd-8f290af1258d,2026-09-23T04:45:00Z,2026-09-23T06:45:00+0200,170.25,MW,FR,FR,forecast_offshore_wind_generation,Wind Offshore,2026-09-23T04:41:20Z
2026-09-23T04:38:29Z,2026-09-23T06:38:29+0200,abb44c57-e6c5-48d3-b3dd-8f290af1258d,2026-09-23T05:00:00Z,2026-09-23T07:00:00+0200,162.61,MW,FR,FR,forecast_offshore_wind_generation,Wind Offshore,2026-09-23T04:41:22Z
2026-09-23T04:38:29Z,2026-09-23T06:38:29+0200,abb44c57-e6c5-48d3-b3dd-8f290af1258d,2026-09-23T05:15:00Z,2026-09-23T07:15:00+0200,162.14,MW,FR,FR,forecast_offshore_wind_generation,Wind Offshore,2026-09-23T04:41:22Z
2026-09-23T04:38:29Z,2026-09-23T06:38:29+0200,abb44c57-e6c5-48d3-b3dd-8f290af1258d,2026-09-23T05:30:00Z,2026-09-23T07:30:00+0200,161.67001,MW,FR,FR,forecast_offshore_wind_generation,Wind Offshore,2026-09-23T04:41:22Z
2026-09-23T04:38:29Z,2026-09-23T06:38:29+0200,abb44c57-e6c5-48d3-b3dd-8f290af1258d,2026-09-23T05:45:00Z,2026-09-23T07:45:00+0200,161.20001,MW,FR,FR,forecast_offshore_wind_generation,Wind Offshore,2026-09-23T04:41:22Z
2026-09-23T04:38:29Z,2026-09-23T06:38:29+0200,abb44c57-e6c5-48d3-b3dd-8f290af1258d,2026-09-23T06:00:00Z,2026-09-23T08:00:00+0200,160.73,MW,FR,FR,forecast_offshore_wind_generation,Wind Offshore,2026-09-23T04:41:22Z
2026-09-23T04:38:29Z,2026-09-23T06:38:29+0200,abb44c57-e6c5-48d3-b3dd-8f290af1258d,2026-09-23T06:15:00Z,2026-09-23T08:15:00+0200,163.13,MW,FR,FR,forecast_offshore_wind_generation,Wind Offshore,2026-09-23T04:41:22Z
2026-09-23T04:38:29Z,2026-09-23T06:38:29+0200,abb44c57-e6c5-48d3-b3dd-8f290af1258d,2026-09-23T06:30:00Z,2026-09-23T08:30:00+0200,165.53,MW,FR,FR,forecast_offshore_wind_generation,Wind Offshore,2026-09-23T04:41:22Z
2026-09-23T04:38:29Z,2026-09-23T06:38:29+0200,abb44c57-e6c5-48d3-b3dd-8f290af1258d,2026-09-23T06:45:00Z,2026-09-23T08:45:00+0200,167.95001,MW,FR,FR,forecast_offshore_wind_generation,Wind Offshore,2026-09-23T04:41:22Z
2026-09-23T04:38:29Z,2026-09-23T06:38:29+0200,abb44c57-e6c5-48d3-b3dd-8f290af1258d,2026-09-23T07:00:00Z,2026-09-23T09:00:00+0200,170.37001,MW,FR,FR,forecast_offshore_wind_generation,Wind Offshore,2026-09-23T04:41:22Z
2026-09-23T04:38:29Z,2026-09-23T06:38:29+0200,abb44c57-e6c5-48d3-b3dd-8f290af1258d,2026-09-23T07:15:00Z,2026-09-23T09:15:00+0200,180.50999,MW,FR,FR,forecast_offshore_wind_generation,Wind Offshore,2026-09-23T04:41:22Z
2026-09-23T04:38:29Z,2026-09-23T06:38:29+0200,abb44c57-e6c5-48d3-b3dd-8f290af1258d,2026-09-23T07:30:00Z,2026-09-23T09:30:00+0200,190.68001,MW,FR,FR,forecast_offshore_wind_generation,Wind Offshore,2026-09-23T04:41:22Z
2026-09-23T04:38:29Z,2026-09-23T06:38:29+0200,abb44c57-e6c5-48d3-b3dd-8f290af1258d,2026-09-23T07:45:00Z,2026-09-23T09:45:00+0200,200.84,MW,FR,FR,forecast_offshore_wind_generation,Wind Offshore,2026-09-23T04:41:22Z
2026-09-23T04:38:29Z,2026-09-23T06:38:29+0200,abb44c57-e6c5-48d3-b3dd-8f290af1258d,2026-09-23T08:00:00Z,2026-09-23T10:00:00+0200,211.0,MW,FR,FR,forecast_offshore_wind_generation,Wind Offshore,2026-09-23T04:41:22Z
2026-09-23T04:38:29Z,2026-09-23T06:38:29+0200,abb44c57-e6c5-48d3-b3dd-8f290af1258d,2026-09-23T08:15:00Z,2026-09-23T10:15:00+0200,216.72,MW,FR,FR,forecast_offshore_wind_generation,Wind Offshore,2026-09-23T04:41:22Z
2026-09-23T04:38:29Z,2026-09-23T06:38:29+0200,abb44c57-e6c5-48d3-b3dd-8f290af1258d,2026-09-23T08:30:00Z,2026-09-23T10:30:00+0200,222.45001,MW,FR,FR,forecast_offshore_wind_generation,Wind Offshore,2026-09-23T04:41:22Z
2026-09-23T04:38:29Z,2026-09-23T06:38:29+0200,abb44c57-e6c5-48d3-b3dd-8f290af1258d,2026-09-23T08:45:00Z,2026-09-23T10:45:00+0200,228.18001,MW,FR,FR,forecast_offshore_wind_generation,Wind Offshore,2026-09-23T04:41:22Z
2026-09-23T04:38:29Z,2026-09-23T06:38:29+0200,abb44c57-e6c5-48d3-b3dd-8f290af1258d,2026-09-23T09:00:00Z,2026-09-23T11:00:00+0200,233.91,MW,FR,FR,forecast_offshore_wind_generation,Wind Offshore,2026-09-23T04:41:22Z
2026-09-23T04:38:29Z,2026-09-23T06:38:29+0200,abb44c57-e6c5-48d3-b3dd-8f290af1258d,2026-09-23T09:15:00Z,2026-09-23T11:15:00+0200,223.61,MW,FR,FR,forecast_offshore_wind_generation,Wind Offshore,2026-09-23T04:41:22Z
2026-09-23T04:38:29Z,2026-09-23T06:38:29+0200,abb44c57-e6c5-48d3-b3dd-8f290af1258d,2026-09-23T09:30:00Z,2026-09-23T11:30:00+0200,213.34001,MW,FR,FR,forecast_offshore_wind_generation,Wind Offshore,2026-09-23T04:41:22Z
2026-09-23T04:38:29Z,2026-09-23T06:38:29+0200,abb44c57-e6c5-48d3-b3dd-8f290af1258d,2026-09-23T09:45:00Z,2026-09-23T11:45:00+0200,203.06999,MW,FR,FR,forecast_offshore_wind_generation,Wind Offshore,2026-09-23T04:41:22Z
2026-09-23T04:38:29Z,2026-09-23T06:38:29+0200,abb44c57-e6c5-48d3-b3dd-8f290af1258d,2026-09-23T10:00:00Z,2026-09-23T12:00:00+0200,192.79999,MW,FR,FR,forecast_offshore_wind_generation,Wind Offshore,2026-09-23T04:41:22Z
2026-09-23T04:38:29Z,2026-09-23T06:38:29+0200,abb44c57-e6c5-48d3-b3dd-8f290af1258d,2026-09-23T10:15:00Z,2026-09-23T12:15:00+0200,185.38,MW,FR,FR,forecast_offshore_wind_generation,Wind Offshore,2026-09-23T04:41:22Z
2026-09-23T04:38:29Z,2026-09-23T06:38:29+0200,abb44c57-e6c5-48d3-b3dd-8f290af1258d,2026-09-23T10:30:00Z,2026-09-23T12:30:00+0200,177.95,MW,FR,FR,forecast_offshore_wind_generation,Wind Offshore,2026-09-23T04:41:22Z
2026-09-23T04:38:29Z,2026-09-23T06:38:29+0200,abb44c57-e6c5-48d3-b3dd-8f290af1258d,2026-09-23T10:45:00Z,2026-09-23T12:45:00+0200,170.51999,MW,FR,FR,forecast_offshore_wind_generation,Wind Offshore,2026-09-23T04:41:22Z
2026-09-23T04:38:29Z,2026-09-23T06:38:29+0200,abb44c57-e6c5-48d3-b3dd-8f290af1258d,2026-09-23T11:00:00Z,2026-09-23T13:00:00+0200,163.10001,MW,FR,FR,forecast_offshore_wind_generation,Wind Offshore,2026-09-23T04:41:22Z
2026-09-23T04:38:29Z,2026-09-23T06:38:29+0200,abb44c57-e6c5-48d3-b3dd-8f290af1258d,2026-09-23T11:15:00Z,2026-09-23T13:15:00+0200,162.13,MW,FR,FR,forecast_offshore_wind_generation,Wind Offshore,2026-09-23T04:41:22Z
2026-09-23T04:38:29Z,2026-09-23T06:38:29+0200,abb44c57-e6c5-48d3-b3dd-8f290af1258d,2026-09-23T11:30:00Z,2026-09-23T13:30:00+0200,161.16,MW,FR,FR,forecast_offshore_wind_generation,Wind Offshore,2026-09-23T04:41:22Z
2026-09-23T04:38:29Z,2026-09-23T06:38:29+0200,abb44c57-e6c5-48d3-b3dd-8f290af1258d,2026-09-23T11:45:00Z,2026-09-23T13:45:00+0200,160.17999,MW,FR,FR,forecast_offshore_wind_generation,Wind Offshore,2026-09-23T04:41:22Z
2026-09-23T04:38:29Z,2026-09-23T06:38:29+0200,abb44c57-e6c5-48d3-b3dd-8f290af1258d,2026-09-23T12:00:00Z,2026-09-23T14:00:00+0200,159.2,MW,FR,FR,forecast_offshore_wind_generation,Wind Offshore,2026-09-23T04:41:22Z
2026-09-23T04:38:29Z,2026-09-23T06:38:29+0200,abb44c57-e6c5-48d3-b3dd-8f290af1258d,2026-09-23T12:15:00Z,2026-09-23T14:15:00+0200,157.93999,MW,FR,FR,forecast_offshore_wind_generation,Wind Offshore,2026-09-23T04:41:22Z
2026-09-23T04:38:29Z,2026-09-23T06:38:29+0200,abb44c57-e6c5-48d3-b3dd-8f290af1258d,2026-09-23T12:30:00Z,2026-09-23T14:30:00+0200,156.67,MW,FR,FR,forecast_offshore_wind_generation,Wind Offshore,2026-09-23T04:41:22Z
2026-09-23T04:38:29Z,2026-09-23T06:38:29+0200,abb44c57-e6c5-48d3-b3dd-8f290af1258d,2026-09-23T12:45:00Z,2026-09-23T14:45:00+0200,155.39999,MW,FR,FR,forecast_offshore_wind_generation,Wind Offshore,2026-09-23T04:41:22Z
2026-09-23T04:38:29Z,2026-09-23T06:38:29+0200,abb44c57-e6c5-48d3-b3dd-8f290af1258d,2026-09-23T13:00:00Z,2026-09-23T15:00:00+0200,154.14001,MW,FR,FR,forecast_offshore_wind_generation,Wind Offshore,2026-09-23T04:41:22Z
2026-09-23T04:38:29Z,2026-09-23T06:38:29+0200,abb44c57-e6c5-48d3-b3dd-8f290af1258d,2026-09-23T13:15:00Z,2026-09-23T15:15:00+0200,159.34999,MW,FR,FR,forecast_offshore_wind_generation,Wind Offshore,2026-09-23T04:41:22Z
2026-09-23T04:38:29Z,2026-09-23T06:38:29+0200,abb44c57-e6c5-48d3-b3dd-8f290af1258d,2026-09-23T13:30:00Z,2026-09-23T15:30:00+0200,164.55,MW,FR,FR,forecast_offshore_wind_generation,Wind Offshore,2026-09-23T04:41:22Z
2026-09-23T04:38:29Z,2026-09-23T06:38:29+0200,abb44c57-e6c5-48d3-b3dd-8f290af1258d,2026-09-23T13:45:00Z,2026-09-23T15:45:00+0200,169.75,MW,FR,FR,forecast_offshore_wind_generation,Wind Offshore,2026-09-23T04:41:22Z
2026-09-23T04:38:29Z,2026-09-23T06:38:29+0200,abb44c57-e6c5-48d3-b3dd-8f290af1258d,2026-09-23T14:00:00Z,2026-09-23T16:00:00+0200,174.96001,MW,FR,FR,forecast_offshore_wind_generation,Wind Offshore,2026-09-23T04:41:22Z
2026-09-23T04:38:29Z,2026-09-23T06:38:29+0200,abb44c57-e6c5-48d3-b3dd-8f290af1258d,2026-09-23T14:15:00Z,2026-09-23T16:15:00+0200,167.95,MW,FR,FR,forecast_offshore_wind_generation,Wind Offshore,2026-09-23T04:41:22Z
2026-09-23T04:38:29Z,2026-09-23T06:38:29+0200,abb44c57-e6c5-48d3-b3dd-8f290af1258d,2026-09-23T14:30:00Z,2026-09-23T16:30:00+0200,160.95,MW,FR,FR,forecast_offshore_wind_generation,Wind Offshore,2026-09-23T04:41:22Z
2026-09-23T04:38:29Z,2026-09-23T06:38:29+0200,abb44c57-e6c5-48d3-b3dd-8f290af1258d,2026-09-23T14:45:00Z,2026-09-23T16:45:00+0200,153.97,MW,FR,FR,forecast_offshore_wind_generation,Wind Offshore,2026-09-23T04:41:22Z
2026-09-23T04:38:29Z,2026-09-23T06:38:29+0200,abb44c57-e6c5-48d3-b3dd-8f290af1258d,2026-09-23T15:00:00Z,2026-09-23T17:00:00+0200,146.96001,MW,FR,FR,forecast_offshore_wind_generation,Wind Offshore,2026-09-23T04:41:22Z
2026-09-23T04:38:29Z,2026-09-23T06:38:29+0200,abb44c57-e6c5-48d3-b3dd-8f290af1258d,2026-09-23T15:15:00Z,2026-09-23T17:15:00+0200,152.08,MW,FR,FR,forecast_offshore_wind_generation,Wind Offshore,2026-09-23T04:41:22Z
2026-09-23T04:38:29Z,2026-09-23T06:38:29+0200,abb44c57-e6c5-48d3-b3dd-8f290af1258d,2026-09-23T15:30:00Z,2026-09-23T17:30:00+0200,157.20999,MW,FR,FR,forecast_offshore_wind_generation,Wind Offshore,2026-09-23T04:41:22Z
2026-09-23T04:38:29Z,2026-09-23T06:38:29+0200,abb44c57-e6c5-48d3-b3dd-8f290af1258d,2026-09-23T15:45:00Z,2026-09-23T17:45:00+0200,162.32001,MW,FR,FR,forecast_offshore_wind_generation,Wind Offshore,2026-09-23T04:41:22Z
2026-09-23T04:38:29Z,2026-09-23T06:38:29+0200,abb44c57-e6c5-48d3-b3dd-8f290af1258d,2026-09-23T16:00:00Z,2026-09-23T18:00:00+0200,167.44,MW,FR,FR,forecast_offshore_wind_generation,Wind Offshore,2026-09-23T04:41:22Z
2026-09-23T04:38:29Z,2026-09-23T06:38:29+0200,abb44c57-e6c5-48d3-b3dd-8f290af1258d,2026-09-23T16:15:00Z,2026-09-23T18:15:00+0200,176.23999,MW,FR,FR,forecast_offshore_wind_generation,Wind Offshore,2026-09-23T04:41:22Z
2026-09-23T04:38:29Z,2026-09-23T06:38:29+0200,abb44c57-e6c5-48d3-b3dd-8f290af1258d,2026-09-23T16:30:00Z,2026-09-23T18:30:00+0200,185.04999,MW,FR,FR,forecast_offshore_wind_generation,Wind Offshore,2026-09-23T04:41:22Z
2026-09-23T04:38:29Z,2026-09-23T06:38:29+0200,abb44c57-e6c5-48d3-b3dd-8f290af1258d,2026-09-23T16:45:00Z,2026-09-23T18:45:00+0200,193.85001,MW,FR,FR,forecast_offshore_wind_generation,Wind Offshore,2026-09-23T04:41:22Z
2026-09-23T04:38:29Z,2026-09-23T06:38:29+0200,abb44c57-e6c5-48d3-b3dd-8f290af1258d,2026-09-23T17:00:00Z,2026-09-23T19:00:00+0200,202.66,MW,FR,FR,forecast_offshore_wind_generation,Wind Offshore,2026-09-23T04:41:22Z
2026-09-23T04:38:29Z,2026-09-23T06:38:29+0200,abb44c57-e6c5-48d3-b3dd-8f290af1258d,2026-09-23T17:15:00Z,2026-09-23T19:15:00+0200,215.29001,MW,FR,FR,forecast_offshore_wind_generation,Wind Offshore,2026-09-23T04:41:22Z
2026-09-23T04:38:29Z,2026-09-23T06:38:29+0200,abb44c57-e6c5-48d3-b3dd-8f290af1258d,2026-09-23T17:30:00Z,2026-09-23T19:30:00+0200,227.92,MW,FR,FR,forecast_offshore_wind_generation,Wind Offshore,2026-09-23T04:41:22Z
2026-09-23T04:38:29Z,2026-09-23T06:38:29+0200,abb44c57-e6c5-48d3-b3dd-8f290af1258d,2026-09-23T17:45:00Z,2026-09-23T19:45:00+0200,240.56,MW,FR,FR,forecast_offshore_wind_generation,Wind Offshore,2026-09-23T04:41:22Z
2026-09-23T04:38:29Z,2026-09-23T06:38:29+0200,abb44c57-e6c5-48d3-b3dd-8f290af1258d,2026-09-23T18:00:00Z,2026-09-23T20:00:00+0200,253.17999,MW,FR,FR,forecast_offshore_wind_generation,Wind Offshore,2026-09-23T04:41:22Z
2026-09-23T04:38:29Z,2026-09-23T06:38:29+0200,abb44c57-e6c5-48d3-b3dd-8f290af1258d,2026-09-23T18:15:00Z,2026-09-23T20:15:00+0200,261.08002,MW,FR,FR,forecast_offshore_wind_generation,Wind Offshore,2026-09-23T04:41:22Z
2026-09-23T04:38:29Z,2026-09-23T06:38:29+0200,abb44c57-e6c5-48d3-b3dd-8f290af1258d,2026-09-23T18:30:00Z,2026-09-23T20:30:00+0200,268.98999,MW,FR,FR,forecast_offshore_wind_generation,Wind Offshore,2026-09-23T04:41:22Z
2026-09-23T04:38:29Z,2026-09-23T06:38:29+0200,abb44c57-e6c5-48d3-b3dd-8f290af1258d,2026-09-23T18:45:00Z,2026-09-23T20:45:00+0200,276.89999,MW,FR,FR,forecast_offshore_wind_generation,Wind Offshore,2026-09-23T04:41:22Z
2026-09-23T04:38:29Z,2026-09-23T06:38:29+0200,abb44c57-e6c5-48d3-b3dd-8f290af1258d,2026-09-23T19:00:00Z,2026-09-23T21:00:00+0200,284.79999,MW,FR,FR,forecast_offshore_wind_generation,Wind Offshore,2026-09-23T04:41:22Z
2026-09-23T04:38:29Z,2026-09-23T06:38:29+0200,abb44c57-e6c5-48d3-b3dd-8f290af1258d,2026-09-23T19:15:00Z,2026-09-23T21:15:00+0200,302.98999,MW,FR,FR,forecast_offshore_wind_generation,Wind Offshore,2026-09-23T04:41:22Z
2026-09-23T04:38:29Z,2026-09-23T06:38:29+0200,abb44c57-e6c5-48d3-b3dd-8f290af1258d,2026-09-23T19:30:00Z,2026-09-23T21:30:00+0200,321.18997,MW,FR,FR,forecast_offshore_wind_generation,Wind Offshore,2026-09-23T04:41:22Z
2026-09-23T04:38:29Z,2026-09-23T06:38:29+0200,abb44c57-e6c5-48d3-b3dd-8f290af1258d,2026-09-23T19:45:00Z,2026-09-23T21:45:00+0200,339.40002,MW,FR,FR,forecast_offshore_wind_generation,Wind Offshore,2026-09-23T04:41:22Z
2026-09-23T04:38:29Z,2026-09-23T06:38:29+0200,abb44c57-e6c5-48d3-b3dd-8f290af1258d,2026-09-23T20:00:00Z,2026-09-23T22:00:00+0200,357.59003,MW,FR,FR,forecast_offshore_wind_generation,Wind Offshore,2026-09-23T04:41:22Z
2026-09-23T04:38:29Z,2026-09-23T06:38:29+0200,abb44c57-e6c5-48d3-b3dd-8f290af1258d,2026-09-23T20:15:00Z,2026-09-23T22:15:00+0200,378.14999,MW,FR,FR,forecast_offshore_wind_generation,Wind Offshore,2026-09-23T04:41:22Z
2026-09-23T04:38:29Z,2026-09-23T06:38:29+0200,abb44c57-e6c5-48d3-b3dd-8f290af1258d,2026-09-23T20:30:00Z,2026-09-23T22:30:00+0200,398.71002,MW,FR,FR,forecast_offshore_wind_generation,Wind Offshore,2026-09-23T04:41:22Z
2026-09-23T04:38:29Z,2026-09-23T06:38:29+0200,abb44c57-e6c5-48d3-b3dd-8f290af1258d,2026-09-23T20:45:00Z,2026-09-23T22:45:00+0200,419.28003,MW,FR,FR,forecast_offshore_wind_generation,Wind Offshore,2026-09-23T04:41:22Z
2026-09-23T04:38:29Z,2026-09-23T06:38:29+0200,abb44c57-e6c5-48d3-b3dd-8f290af1258d,2026-09-23T21:00:00Z,2026-09-23T23:00:00+0200,439.84998,MW,FR,FR,forecast_offshore_wind_generation,Wind Offshore,2026-09-23T04:41:22Z
2026-09-23T04:38:29Z,2026-09-23T06:38:29+0200,abb44c57-e6c5-48d3-b3dd-8f290af1258d,2026-09-23T21:15:00Z,2026-09-23T23:15:00+0200,456.82999,MW,FR,FR,forecast_offshore_wind_generation,Wind Offshore,2026-09-23T04:41:22Z
2026-09-23T04:38:29Z,2026-09-23T06:38:29+0200,abb44c57-e6c5-48d3-b3dd-8f290af1258d,2026-09-23T21:30:00Z,2026-09-23T23:30:00+0200,473.83002,MW,FR,FR,forecast_offshore_wind_generation,Wind Offshore,2026-09-23T04:41:22Z
2026-09-23T04:38:29Z,2026-09-23T06:38:29+0200,abb44c57-e6c5-48d3-b3dd-8f290af1258d,2026-09-23T21:45:00Z,2026-09-23T23:45:00+0200,490.80997,MW,FR,FR,forecast_offshore_wind_generation,Wind Offshore,2026-09-23T04:41:22Z
