collection_time_utc,collection_time_local,run_id,timestamp_utc,timestamp_local,value,unit,country,entsoe_area,variable,source,updated_at_utc
2026-09-20T15:43:40Z,2026-09-20T17:43:40+0200,448a4d9c-d229-42b9-b994-465cf62e34a7,2026-09-13T16:00:00Z,2026-09-13T18:00:00+0200,40488.3,MW,FR,FR,actual_load,Actual Load,2026-09-20T15:43:41Z
2026-09-20T15:43:40Z,2026-09-20T17:43:40+0200,448a4d9c-d229-42b9-b994-465cf62e34a7,2026-09-13T16:15:00Z,2026-09-13T18:15:00+0200,40987.36,MW,FR,FR,actual_load,Actual Load,2026-09-20T15:43:41Z
2026-09-20T15:43:40Z,2026-09-20T17:43:40+0200,448a4d9c-d229-42b9-b994-465cf62e34a7,2026-09-13T16:30:00Z,2026-09-13T18:30:00+0200,41532.34,MW,FR,FR,actual_load,Actual Load,2026-09-20T15:43:41Z
2026-09-20T15:43:40Z,2026-09-20T17:43:40+0200,448a4d9c-d229-42b9-b994-465cf62e34a7,2026-09-13T16:45:00Z,2026-09-13T18:45:00+0200,42442.41,MW,FR,FR,actual_load,Actual Load,2026-09-20T15:43:41Z
2026-09-20T15:43:40Z,2026-09-20T17:43:40+0200,448a4d9c-d229-42b9-b994-465cf62e34a7,2026-09-13T17:00:00Z,2026-09-13T19:00:00+0200,42917.72,MW,FR,FR,actual_load,Actual Load,2026-09-20T15:43:41Z
2026-09-20T15:43:40Z,2026-09-20T17:43:40+0200,448a4d9c-d229-42b9-b994-465cf62e34a7,2026-09-13T17:15:00Z,2026-09-13T19:15:00+0200,43158.02,MW,FR,FR,actual_load,Actual Load,2026-09-20T15:43:41Z
2026-09-20T15:43:40Z,2026-09-20T17:43:40+0200,448a4d9c-d229-42b9-b994-465cf62e34a7,2026-09-13T17:30:00Z,2026-09-13T19:30:00+0200,43249.06,MW,FR,FR,actual_load,Actual Load,2026-09-20T15:43:41Z
2026-09-20T15:43:40Z,2026-09-20T17:43:40+0200,448a4d9c-d229-42b9-b994-465cf62e34a7,2026-09-13T17:45:00Z,2026-09-13T19:45:00+0200,43159.65,MW,FR,FR,actual_load,Actual Load,2026-09-20T15:43:41Z
2026-09-20T15:43:40Z,2026-09-20T17:43:40+0200,448a4d9c-d229-42b9-b994-465cf62e34a7,2026-09-13T18:00:00Z,2026-09-13T20:00:00+0200,42991.8,MW,FR,FR,actual_load,Actual Load,2026-09-20T15:43:41Z
2026-09-20T15:43:40Z,2026-09-20T17:43:40+0200,448a4d9c-d229-42b9-b994-465cf62e34a7,2026-09-13T18:15:00Z,2026-09-13T20:15:00+0200,42934.35,MW,FR,FR,actual_load,Actual Load,2026-09-20T15:43:41Z
2026-09-20T15:43:40Z,2026-09-20T17:43:40+0200,448a4d9c-d229-42b9-b994-465cf62e34a7,2026-09-13T18:30:00Z,2026-09-13T20:30:00+0200,42918.97,MW,FR,FR,actual_load,Actual Load,2026-09-20T15:43:41Z
2026-09-20T15:43:40Z,2026-09-20T17:43:40+0200,448a4d9c-d229-42b9-b994-465cf62e34a7,2026-09-13T18:45:00Z,2026-09-13T20:45:00+0200,42598.98,MW,FR,FR,actual_load,Actual Load,2026-09-20T15:43:41Z
2026-09-20T15:43:40Z,2026-09-20T17:43:40+0200,448a4d9c-d229-42b9-b994-465cf62e34a7,2026-09-13T19:00:00Z,2026-09-13T21:00:00+0200,42154.03,MW,FR,FR,actual_load,Actual Load,2026-09-20T15:43:41Z
2026-09-20T15:43:40Z,2026-09-20T17:43:40+0200,448a4d9c-d229-42b9-b994-465cf62e34a7,2026-09-13T19:15:00Z,2026-09-13T21:15:00+0200,41604.33,MW,FR,FR,actual_load,Actual Load,2026-09-20T15:43:41Z
2026-09-20T15:43:40Z,2026-09-20T17:43:40+0200,448a4d9c-d229-42b9-b994-465cf62e34a7,2026-09-13T19:30:00Z,2026-09-13T21:30:00+0200,41111.94,MW,FR,FR,actual_load,Actual Load,2026-09-20T15:43:41Z
2026-09-20T15:43:40Z,2026-09-20T17:43:40+0200,448a4d9c-d229-42b9-b994-465cf62e34a7,2026-09-13T19:45:00Z,2026-09-13T21:45:00+0200,40357.35,MW,FR,FR,actual_load,Actual Load,2026-09-20T15:43:41Z
2026-09-20T15:43:40Z,2026-09-20T17:43:40+0200,448a4d9c-d229-42b9-b994-465cf62e34a7,2026-09-13T20:00:00Z,2026-09-13T22:00:00+0200,40951.27,MW,FR,FR,actual_load,Actual Load,2026-09-20T15:43:41Z
2026-09-20T15:43:40Z,2026-09-20T17:43:40+0200,448a4d9c-d229-42b9-b994-465cf62e34a7,2026-09-13T20:15:00Z,2026-09-13T22:15:00+0200,40766.27,MW,FR,FR,actual_load,Actual Load,2026-09-20T15:43:41Z
2026-09-20T15:43:40Z,2026-09-20T17:43:40+0200,448a4d9c-d229-42b9-b994-465cf62e34a7,2026-09-13T20:30:00Z,2026-09-13T22:30:00+0200,41960.65,MW,FR,FR,actual_load,Actual Load,2026-09-20T15:43:41Z
2026-09-20T15:43:40Z,2026-09-20T17:43:40+0200,448a4d9c-d229-42b9-b994-465cf62e34a7,2026-09-13T20:45:00Z,2026-09-13T22:45:00+0200,41271.86,MW,FR,FR,actual_load,Actual Load,2026-09-20T15:43:41Z
2026-09-20T15:43:40Z,2026-09-20T17:43:40+0200,448a4d9c-d229-42b9-b994-465cf62e34a7,2026-09-13T21:00:00Z,2026-09-13T23:00:00+0200,41220.01,MW,FR,FR,actual_load,Actual Load,2026-09-20T15:43:41Z
2026-09-20T15:43:40Z,2026-09-20T17:43:40+0200,448a4d9c-d229-42b9-b994-465cf62e34a7,2026-09-13T21:15:00Z,2026-09-13T23:15:00+0200,40234.75,MW,FR,FR,actual_load,Actual Load,2026-09-20T15:43:41Z
2026-09-20T15:43:40Z,2026-09-20T17:43:40+0200,448a4d9c-d229-42b9-b994-465cf62e34a7,2026-09-13T21:30:00Z,2026-09-13T23:30:00+0200,40721.45,MW,FR,FR,actual_load,Actual Load,2026-09-20T15:43:41Z
2026-09-20T15:43:40Z,2026-09-20T17:43:40+0200,448a4d9c-d229-42b9-b994-465cf62e34a7,2026-09-13T21:45:00Z,2026-09-13T23:45:00+0200,39910.54,MW,FR,FR,actual_load,Actual Load,2026-09-20T15:43:41Z
2026-09-20T15:43:40Z,2026-09-20T17:43:40+0200,448a4d9c-d229-42b9-b994-465cf62e34a7,2026-09-13T22:00:00Z,2026-09-14T00:00:00+0200,39994.11,MW,FR,FR,actual_load,Actual Load,2026-09-20T15:43:41Z
2026-09-20T15:43:40Z,2026-09-20T17:43:40+0200,448a4d9c-d229-42b9-b994-465cf62e34a7,2026-09-13T22:15:00Z,2026-09-14T00:15:00+0200,38966.34,MW,FR,FR,actual_load,Actual Load,2026-09-20T15:43:41Z
2026-09-20T15:43:40Z,2026-09-20T17:43:40+0200,448a4d9c-d229-42b9-b994-465cf62e34a7,2026-09-13T22:30:00Z,2026-09-14T00:30:00+0200,37803.98,MW,FR,FR,actual_load,Actual Load,2026-09-20T15:43:41Z
2026-09-20T15:43:40Z,2026-09-20T17:43:40+0200,448a4d9c-d229-42b9-b994-465cf62e34a7,2026-09-13T22:45:00Z,2026-09-14T00:45:00+0200,36867.86,MW,FR,FR,actual_load,Actual Load,2026-09-20T15:43:41Z
2026-09-20T15:43:40Z,2026-09-20T17:43:40+0200,448a4d9c-d229-42b9-b994-465cf62e34a7,2026-09-13T23:00:00Z,2026-09-14T01:00:00+0200,37254.13,MW,FR,FR,actual_load,Actual Load,2026-09-20T15:43:41Z
2026-09-20T15:43:40Z,2026-09-20T17:43:40+0200,448a4d9c-d229-42b9-b994-465cf62e34a7,2026-09-13T23:15:00Z,2026-09-14T01:15:00+0200,36762.9,MW,FR,FR,actual_load,Actual Load,2026-09-20T15:43:41Z
2026-09-20T15:43:40Z,2026-09-20T17:43:40+0200,448a4d9c-d229-42b9-b994-465cf62e34a7,2026-09-13T23:30:00Z,2026-09-14T01:30:00+0200,36649.82,MW,FR,FR,actual_load,Actual Load,2026-09-20T15:43:41Z
2026-09-20T15:43:40Z,2026-09-20T17:43:40+0200,448a4d9c-d229-42b9-b994-465cf62e34a7,2026-09-13T23:45:00Z,2026-09-14T01:45:00+0200,35945.94,MW,FR,FR,actual_load,Actual Load,2026-09-20T15:43:41Z
2026-09-20T15:43:40Z,2026-09-20T17:43:40+0200,448a4d9c-d229-42b9-b994-465cf62e34a7,2026-09-14T00:00:00Z,2026-09-14T02:00:00+0200,35887.95,MW,FR,FR,actual_load,Actual Load,2026-09-20T15:43:41Z
2026-09-20T15:43:40Z,2026-09-20T17:43:40+0200,448a4d9c-d229-42b9-b994-465cf62e34a7,2026-09-14T00:15:00Z,2026-09-14T02:15:00+0200,35034.25,MW,FR,FR,actual_load,Actual Load,2026-09-20T15:43:41Z
2026-09-20T15:43:40Z,2026-09-20T17:43:40+0200,448a4d9c-d229-42b9-b994-465cf62e34a7,2026-09-14T00:30:00Z,2026-09-14T02:30:00+0200,34256.1,MW,FR,FR,actual_load,Actual Load,2026-09-20T15:43:41Z
2026-09-20T15:43:40Z,2026-09-20T17:43:40+0200,448a4d9c-d229-42b9-b994-465cf62e34a7,2026-09-14T00:45:00Z,2026-09-14T02:45:00+0200,33598.76,MW,FR,FR,actual_load,Actual Load,2026-09-20T15:43:41Z
2026-09-20T15:43:40Z,2026-09-20T17:43:40+0200,448a4d9c-d229-42b9-b994-465cf62e34a7,2026-09-14T01:00:00Z,2026-09-14T03:00:00+0200,33230.47,MW,FR,FR,actual_load,Actual Load,2026-09-20T15:43:41Z
2026-09-20T15:43:40Z,2026-09-20T17:43:40+0200,448a4d9c-d229-42b9-b994-465cf62e34a7,2026-09-14T01:15:00Z,2026-09-14T03:15:00+0200,32945.48,MW,FR,FR,actual_load,Actual Load,2026-09-20T15:43:41Z
2026-09-20T15:43:40Z,2026-09-20T17:43:40+0200,448a4d9c-d229-42b9-b994-465cf62e34a7,2026-09-14T01:30:00Z,2026-09-14T03:30:00+0200,32671.68,MW,FR,FR,actual_load,Actual Load,2026-09-20T15:43:41Z
2026-09-20T15:43:40Z,2026-09-20T17:43:40+0200,448a4d9c-d229-42b9-b994-465cf62e34a7,2026-09-14T01:45:00Z,2026-09-14T03:45:00+0200,32565.8,MW,FR,FR,actual_load,Actual Load,2026-09-20T15:43:41Z
2026-09-20T15:43:40Z,2026-09-20T17:43:40+0200,448a4d9c-d229-42b9-b994-465cf62e34a7,2026-09-14T02:00:00Z,2026-09-14T04:00:00+0200,32617.39,MW,FR,FR,actual_load,Actual Load,2026-09-20T15:43:41Z
2026-09-20T15:43:40Z,2026-09-20T17:43:40+0200,448a4d9c-d229-42b9-b994-465cf62e34a7,2026-09-14T02:15:00Z,2026-09-14T04:15:00+0200,32706.78,MW,FR,FR,actual_load,Actual Load,2026-09-20T15:43:41Z
2026-09-20T15:43:40Z,2026-09-20T17:43:40+0200,448a4d9c-d229-42b9-b994-465cf62e34a7,2026-09-14T02:30:00Z,2026-09-14T04:30:00+0200,32746.42,MW,FR,FR,actual_load,Actual Load,2026-09-20T15:43:41Z
2026-09-20T15:43:40Z,2026-09-20T17:43:40+0200,448a4d9c-d229-42b9-b994-465cf62e34a7,2026-09-14T02:45:00Z,2026-09-14T04:45:00+0200,32910.93,MW,FR,FR,actual_load,Actual Load,2026-09-20T15:43:41Z
2026-09-20T15:43:40Z,2026-09-20T17:43:40+0200,448a4d9c-d229-42b9-b994-465cf62e34a7,2026-09-14T03:00:00Z,2026-09-14T05:00:00+0200,33851.15,MW,FR,FR,actual_load,Actual Load,2026-09-20T15:43:41Z
2026-09-20T15:43:40Z,2026-09-20T17:43:40+0200,448a4d9c-d229-42b9-b994-465cf62e34a7,2026-09-14T03:15:00Z,2026-09-14T05:15:00+0200,34447.03,MW,FR,FR,actual_load,Actual Load,2026-09-20T15:43:41Z
2026-09-20T15:43:40Z,2026-09-20T17:43:40+0200,448a4d9c-d229-42b9-b994-465cf62e34a7,2026-09-14T03:30:00Z,2026-09-14T05:30:00+0200,34969.14,MW,FR,FR,actual_load,Actual Load,2026-09-20T15:43:41Z
2026-09-20T15:43:40Z,2026-09-20T17:43:40+0200,448a4d9c-d229-42b9-b994-465cf62e34a7,2026-09-14T03:45:00Z,2026-09-14T05:45:00+0200,35770.75,MW,FR,FR,actual_load,Actual Load,2026-09-20T15:43:41Z
2026-09-20T15:43:40Z,2026-09-20T17:43:40+0200,448a4d9c-d229-42b9-b994-465cf62e34a7,2026-09-14T04:00:00Z,2026-09-14T06:00:00+0200,37150.07,MW,FR,FR,actual_load,Actual Load,2026-09-20T15:43:41Z
2026-09-20T15:43:40Z,2026-09-20T17:43:40+0200,448a4d9c-d229-42b9-b994-465cf62e34a7,2026-09-14T04:15:00Z,2026-09-14T06:15:00+0200,38339.33,MW,FR,FR,actual_load,Actual Load,2026-09-20T15:43:41Z
2026-09-20T15:43:40Z,2026-09-20T17:43:40+0200,448a4d9c-d229-42b9-b994-465cf62e34a7,2026-09-14T04:30:00Z,2026-09-14T06:30:00+0200,39435.68,MW,FR,FR,actual_load,Actual Load,2026-09-20T15:43:41Z
2026-09-20T15:43:40Z,2026-09-20T17:43:40+0200,448a4d9c-d229-42b9-b994-465cf62e34a7,2026-09-14T04:45:00Z,2026-09-14T06:45:00+0200,40623.76,MW,FR,FR,actual_load,Actual Load,2026-09-20T15:43:41Z
2026-09-20T15:43:40Z,2026-09-20T17:43:40+0200,448a4d9c-d229-42b9-b994-465cf62e34a7,2026-09-14T05:00:00Z,2026-09-14T07:00:00+0200,41642.02,MW,FR,FR,actual_load,Actual Load,2026-09-20T15:43:41Z
2026-09-20T15:43:40Z,2026-09-20T17:43:40+0200,448a4d9c-d229-42b9-b994-465cf62e34a7,2026-09-14T05:15:00Z,2026-09-14T07:15:00+0200,42486.5,MW,FR,FR,actual_load,Actual Load,2026-09-20T15:43:41Z
2026-09-20T15:43:40Z,2026-09-20T17:43:40+0200,448a4d9c-d229-42b9-b994-465cf62e34a7,2026-09-14T05:30:00Z,2026-09-14T07:30:00+0200,42876.64,MW,FR,FR,actual_load,Actual Load,2026-09-20T15:43:41Z
2026-09-20T15:43:40Z,2026-09-20T17:43:40+0200,448a4d9c-d229-42b9-b994-465cf62e34a7,2026-09-14T05:45:00Z,2026-09-14T07:45:00+0200,43609.84,MW,FR,FR,actual_load,Actual Load,2026-09-20T15:43:41Z
2026-09-20T15:43:40Z,2026-09-20T17:43:40+0200,448a4d9c-d229-42b9-b994-465cf62e34a7,2026-09-14T06:00:00Z,2026-09-14T08:00:00+0200,44380.88,MW,FR,FR,actual_load,Actual Load,2026-09-20T15:43:41Z
2026-09-20T15:43:40Z,2026-09-20T17:43:40+0200,448a4d9c-d229-42b9-b994-465cf62e34a7,2026-09-14T06:15:00Z,2026-09-14T08:15:00+0200,44880.62,MW,FR,FR,actual_load,Actual Load,2026-09-20T15:43:41Z
2026-09-20T15:43:40Z,2026-09-20T17:43:40+0200,448a4d9c-d229-42b9-b994-465cf62e34a7,2026-09-14T06:30:00Z,2026-09-14T08:30:00+0200,45176.41,MW,FR,FR,actual_load,Actual Load,2026-09-20T15:43:41Z
2026-09-20T15:43:40Z,2026-09-20T17:43:40+0200,448a4d9c-d229-42b9-b994-465cf62e34a7,2026-09-14T06:45:00Z,2026-09-14T08:45:00+0200,45545.6,MW,FR,FR,actual_load,Actual Load,2026-09-20T15:43:41Z
2026-09-20T15:43:40Z,2026-09-20T17:43:40+0200,448a4d9c-d229-42b9-b994-465cf62e34a7,2026-09-14T07:00:00Z,2026-09-14T09:00:00+0200,45670.63,MW,FR,FR,actual_load,Actual Load,2026-09-20T15:43:41Z
2026-09-20T15:43:40Z,2026-09-20T17:43:40+0200,448a4d9c-d229-42b9-b994-465cf62e34a7,2026-09-14T07:15:00Z,2026-09-14T09:15:00+0200,46191.02,MW,FR,FR,actual_load,Actual Load,2026-09-20T15:43:41Z
2026-09-20T15:43:40Z,2026-09-20T17:43:40+0200,448a4d9c-d229-42b9-b994-465cf62e34a7,2026-09-14T07:30:00Z,2026-09-14T09:30:00+0200,46471.59,MW,FR,FR,actual_load,Actual Load,2026-09-20T15:43:41Z
2026-09-20T15:43:40Z,2026-09-20T17:43:40+0200,448a4d9c-d229-42b9-b994-465cf62e34a7,2026-09-14T07:45:00Z,2026-09-14T09:45:00+0200,46507.39,MW,FR,FR,actual_load,Actual Load,2026-09-20T15:43:41Z
2026-09-20T15:43:40Z,2026-09-20T17:43:40+0200,448a4d9c-d229-42b9-b994-465cf62e34a7,2026-09-14T08:00:00Z,2026-09-14T10:00:00+0200,46894.43,MW,FR,FR,actual_load,Actual Load,2026-09-20T15:43:41Z
2026-09-20T15:43:40Z,2026-09-20T17:43:40+0200,448a4d9c-d229-42b9-b994-465cf62e34a7,2026-09-14T08:15:00Z,2026-09-14T10:15:00+0200,47531.0,MW,FR,FR,actual_load,Actual Load,2026-09-20T15:43:41Z
2026-09-20T15:43:40Z,2026-09-20T17:43:40+0200,448a4d9c-d229-42b9-b994-465cf62e34a7,2026-09-14T08:30:00Z,2026-09-14T10:30:00+0200,47554.01,MW,FR,FR,actual_load,Actual Load,2026-09-20T15:43:41Z
2026-09-20T15:43:40Z,2026-09-20T17:43:40+0200,448a4d9c-d229-42b9-b994-465cf62e34a7,2026-09-14T08:45:00Z,2026-09-14T10:45:00+0200,47751.7,MW,FR,FR,actual_load,Actual Load,2026-09-20T15:43:41Z
2026-09-20T15:43:40Z,2026-09-20T17:43:40+0200,448a4d9c-d229-42b9-b994-465cf62e34a7,2026-09-14T09:00:00Z,2026-09-14T11:00:00+0200,48085.24,MW,FR,FR,actual_load,Actual Load,2026-09-20T15:43:41Z
2026-09-20T15:43:40Z,2026-09-20T17:43:40+0200,448a4d9c-d229-42b9-b994-465cf62e34a7,2026-09-14T09:15:00Z,2026-09-14T11:15:00+0200,48221.15,MW,FR,FR,actual_load,Actual Load,2026-09-20T15:43:41Z
2026-09-20T15:43:40Z,2026-09-20T17:43:40+0200,448a4d9c-d229-42b9-b994-465cf62e34a7,2026-09-14T09:30:00Z,2026-09-14T11:30:00+0200,48363.38,MW,FR,FR,actual_load,Actual Load,2026-09-20T15:43:41Z
2026-09-20T15:43:40Z,2026-09-20T17:43:40+0200,448a4d9c-d229-42b9-b994-465cf62e34a7,2026-09-14T09:45:00Z,2026-09-14T11:45:00+0200,48583.62,MW,FR,FR,actual_load,Actual Load,2026-09-20T15:43:41Z
2026-09-20T15:43:40Z,2026-09-20T17:43:40+0200,448a4d9c-d229-42b9-b994-465cf62e34a7,2026-09-14T10:00:00Z,2026-09-14T12:00:00+0200,48607.04,MW,FR,FR,actual_load,Actual Load,2026-09-20T15:43:41Z
2026-09-20T15:43:40Z,2026-09-20T17:43:40+0200,448a4d9c-d229-42b9-b994-465cf62e34a7,2026-09-14T10:15:00Z,2026-09-14T12:15:00+0200,48615.39,MW,FR,FR,actual_load,Actual Load,2026-09-20T15:43:41Z
2026-09-20T15:43:40Z,2026-09-20T17:43:40+0200,448a4d9c-d229-42b9-b994-465cf62e34a7,2026-09-14T10:30:00Z,2026-09-14T12:30:00+0200,49136.5,MW,FR,FR,actual_load,Actual Load,2026-09-20T15:43:41Z
2026-09-20T15:43:40Z,2026-09-20T17:43:40+0200,448a4d9c-d229-42b9-b994-465cf62e34a7,2026-09-14T10:45:00Z,2026-09-14T12:45:00+0200,48834.11,MW,FR,FR,actual_load,Actual Load,2026-09-20T15:43:41Z
2026-09-20T15:43:40Z,2026-09-20T17:43:40+0200,448a4d9c-d229-42b9-b994-465cf62e34a7,2026-09-14T11:00:00Z,2026-09-14T13:00:00+0200,48603.48,MW,FR,FR,actual_load,Actual Load,2026-09-20T15:43:41Z
2026-09-20T15:43:40Z,2026-09-20T17:43:40+0200,448a4d9c-d229-42b9-b994-465cf62e34a7,2026-09-14T11:15:00Z,2026-09-14T13:15:00+0200,48247.17,MW,FR,FR,actual_load,Actual Load,2026-09-20T15:43:41Z
2026-09-20T15:43:40Z,2026-09-20T17:43:40+0200,448a4d9c-d229-42b9-b994-465cf62e34a7,2026-09-14T11:30:00Z,2026-09-14T13:30:00+0200,48237.16,MW,FR,FR,actual_load,Actual Load,2026-09-20T15:43:41Z
2026-09-20T15:43:40Z,2026-09-20T17:43:40+0200,448a4d9c-d229-42b9-b994-465cf62e34a7,2026-09-14T11:45:00Z,2026-09-14T13:45:00+0200,48260.36,MW,FR,FR,actual_load,Actual Load,2026-09-20T15:43:41Z
2026-09-20T15:43:40Z,2026-09-20T17:43:40+0200,448a4d9c-d229-42b9-b994-465cf62e34a7,2026-09-14T12:00:00Z,2026-09-14T14:00:00+0200,49076.83,MW,FR,FR,actual_load,Actual Load,2026-09-20T15:43:41Z
2026-09-20T15:43:40Z,2026-09-20T17:43:40+0200,448a4d9c-d229-42b9-b994-465cf62e34a7,2026-09-14T12:15:00Z,2026-09-14T14:15:00+0200,48992.52,MW,FR,FR,actual_load,Actual Load,2026-09-20T15:43:41Z
2026-09-20T15:43:40Z,2026-09-20T17:43:40+0200,448a4d9c-d229-42b9-b994-465cf62e34a7,2026-09-14T12:30:00Z,2026-09-14T14:30:00+0200,48773.18,MW,FR,FR,actual_load,Actual Load,2026-09-20T15:43:41Z
2026-09-20T15:43:40Z,2026-09-20T17:43:40+0200,448a4d9c-d229-42b9-b994-465cf62e34a7,2026-09-14T12:45:00Z,2026-09-14T14:45:00+0200,48700.3,MW,FR,FR,actual_load,Actual Load,2026-09-20T15:43:41Z
2026-09-20T15:43:40Z,2026-09-20T17:43:40+0200,448a4d9c-d229-42b9-b994-465cf62e34a7,2026-09-14T13:00:00Z,2026-09-14T15:00:00+0200,48925.88,MW,FR,FR,actual_load,Actual Load,2026-09-20T15:43:41Z
2026-09-20T15:43:40Z,2026-09-20T17:43:40+0200,448a4d9c-d229-42b9-b994-465cf62e34a7,2026-09-14T13:15:00Z,2026-09-14T15:15:00+0200,48501.02,MW,FR,FR,actual_load,Actual Load,2026-09-20T15:43:41Z
2026-09-20T15:43:40Z,2026-09-20T17:43:40+0200,448a4d9c-d229-42b9-b994-465cf62e34a7,2026-09-14T13:30:00Z,2026-09-14T15:30:00+0200,48267.31,MW,FR,FR,actual_load,Actual Load,2026-09-20T15:43:41Z
2026-09-20T15:43:40Z,2026-09-20T17:43:40+0200,448a4d9c-d229-42b9-b994-465cf62e34a7,2026-09-14T13:45:00Z,2026-09-14T15:45:00+0200,48087.55,MW,FR,FR,actual_load,Actual Load,2026-09-20T15:43:41Z
2026-09-20T15:43:40Z,2026-09-20T17:43:40+0200,448a4d9c-d229-42b9-b994-465cf62e34a7,2026-09-14T14:00:00Z,2026-09-14T16:00:00+0200,48009.79,MW,FR,FR,actual_load,Actual Load,2026-09-20T15:43:41Z
2026-09-20T15:43:40Z,2026-09-20T17:43:40+0200,448a4d9c-d229-42b9-b994-465cf62e34a7,2026-09-14T14:15:00Z,2026-09-14T16:15:00+0200,47603.23,MW,FR,FR,actual_load,Actual Load,2026-09-20T15:43:41Z
2026-09-20T15:43:40Z,2026-09-20T17:43:40+0200,448a4d9c-d229-42b9-b994-465cf62e34a7,2026-09-14T14:30:00Z,2026-09-14T16:30:00+0200,47514.09,MW,FR,FR,actual_load,Actual Load,2026-09-20T15:43:41Z
2026-09-20T15:43:40Z,2026-09-20T17:43:40+0200,448a4d9c-d229-42b9-b994-465cf62e34a7,2026-09-14T14:45:00Z,2026-09-14T16:45:00+0200,47353.0,MW,FR,FR,actual_load,Actual Load,2026-09-20T15:43:41Z
2026-09-20T15:43:40Z,2026-09-20T17:43:40+0200,448a4d9c-d229-42b9-b994-465cf62e34a7,2026-09-14T15:00:00Z,2026-09-14T17:00:00+0200,47211.38,MW,FR,FR,actual_load,Actual Load,2026-09-20T15:43:41Z
2026-09-20T15:43:40Z,2026-09-20T17:43:40+0200,448a4d9c-d229-42b9-b994-465cf62e34a7,2026-09-14T15:15:00Z,2026-09-14T17:15:00+0200,47280.2,MW,FR,FR,actual_load,Actual Load,2026-09-20T15:43:41Z
2026-09-20T15:43:40Z,2026-09-20T17:43:40+0200,448a4d9c-d229-42b9-b994-465cf62e34a7,2026-09-14T15:30:00Z,2026-09-14T17:30:00+0200,47654.28,MW,FR,FR,actual_load,Actual Load,2026-09-20T15:43:41Z
2026-09-20T15:43:40Z,2026-09-20T17:43:40+0200,448a4d9c-d229-42b9-b994-465cf62e34a7,2026-09-14T15:45:00Z,2026-09-14T17:45:00+0200,47973.84,MW,FR,FR,actual_load,Actual Load,2026-09-20T15:43:41Z
2026-09-20T15:43:40Z,2026-09-20T17:43:40+0200,448a4d9c-d229-42b9-b994-465cf62e34a7,2026-09-14T16:00:00Z,2026-09-14T18:00:00+0200,48407.72,MW,FR,FR,actual_load,Actual Load,2026-09-20T15:43:41Z
2026-09-20T15:43:40Z,2026-09-20T17:43:40+0200,448a4d9c-d229-42b9-b994-465cf62e34a7,2026-09-14T16:15:00Z,2026-09-14T18:15:00+0200,48947.0,MW,FR,FR,actual_load,Actual Load,2026-09-20T15:43:41Z
2026-09-20T15:43:40Z,2026-09-20T17:43:40+0200,448a4d9c-d229-42b9-b994-465cf62e34a7,2026-09-14T16:30:00Z,2026-09-14T18:30:00+0200,49744.48,MW,FR,FR,actual_load,Actual Load,2026-09-20T15:43:41Z
2026-09-20T15:43:40Z,2026-09-20T17:43:40+0200,448a4d9c-d229-42b9-b994-465cf62e34a7,2026-09-14T16:45:00Z,2026-09-14T18:45:00+0200,50214.4,MW,FR,FR,actual_load,Actual Load,2026-09-20T15:43:41Z
2026-09-20T15:43:40Z,2026-09-20T17:43:40+0200,448a4d9c-d229-42b9-b994-465cf62e34a7,2026-09-14T17:00:00Z,2026-09-14T19:00:00+0200,50538.37,MW,FR,FR,actual_load,Actual Load,2026-09-20T15:43:41Z
2026-09-20T15:43:40Z,2026-09-20T17:43:40+0200,448a4d9c-d229-42b9-b994-465cf62e34a7,2026-09-14T17:15:00Z,2026-09-14T19:15:00+0200,50395.1,MW,FR,FR,actual_load,Actual Load,2026-09-20T15:43:41Z
2026-09-20T15:43:40Z,2026-09-20T17:43:40+0200,448a4d9c-d229-42b9-b994-465cf62e34a7,2026-09-14T17:30:00Z,2026-09-14T19:30:00+0200,49867.97,MW,FR,FR,actual_load,Actual Load,2026-09-20T15:43:41Z
2026-09-20T15:43:40Z,2026-09-20T17:43:40+0200,448a4d9c-d229-42b9-b994-465cf62e34a7,2026-09-14T17:45:00Z,2026-09-14T19:45:00+0200,49532.09,MW,FR,FR,actual_load,Actual Load,2026-09-20T15:43:41Z
2026-09-20T15:43:40Z,2026-09-20T17:43:40+0200,448a4d9c-d229-42b9-b994-465cf62e34a7,2026-09-14T18:00:00Z,2026-09-14T20:00:00+0200,48978.5,MW,FR,FR,actual_load,Actual Load,2026-09-20T15:43:41Z
2026-09-20T15:43:40Z,2026-09-20T17:43:40+0200,448a4d9c-d229-42b9-b994-465cf62e34a7,2026-09-14T18:15:00Z,2026-09-14T20:15:00+0200,48693.77,MW,FR,FR,actual_load,Actual Load,2026-09-20T15:43:41Z
2026-09-20T15:43:40Z,2026-09-20T17:43:40+0200,448a4d9c-d229-42b9-b994-465cf62e34a7,2026-09-14T18:30:00Z,2026-09-14T20:30:00+0200,48177.97,MW,FR,FR,actual_load,Actual Load,2026-09-20T15:43:41Z
2026-09-20T15:43:40Z,2026-09-20T17:43:40+0200,448a4d9c-d229-42b9-b994-465cf62e34a7,2026-09-14T18:45:00Z,2026-09-14T20:45:00+0200,47412.17,MW,FR,FR,actual_load,Actual Load,2026-09-20T15:43:41Z
2026-09-20T15:43:40Z,2026-09-20T17:43:40+0200,448a4d9c-d229-42b9-b994-465cf62e34a7,2026-09-14T19:00:00Z,2026-09-14T21:00:00+0200,46712.02,MW,FR,FR,actual_load,Actual Load,2026-09-20T15:43:41Z
2026-09-20T15:43:40Z,2026-09-20T17:43:40+0200,448a4d9c-d229-42b9-b994-465cf62e34a7,2026-09-14T19:15:00Z,2026-09-14T21:15:00+0200,45892.88,MW,FR,FR,actual_load,Actual Load,2026-09-20T15:43:41Z
2026-09-20T15:43:40Z,2026-09-20T17:43:40+0200,448a4d9c-d229-42b9-b994-465cf62e34a7,2026-09-14T19:30:00Z,2026-09-14T21:30:00+0200,45048.22,MW,FR,FR,actual_load,Actual Load,2026-09-20T15:43:41Z
2026-09-20T15:43:40Z,2026-09-20T17:43:40+0200,448a4d9c-d229-42b9-b994-465cf62e34a7,2026-09-14T19:45:00Z,2026-09-14T21:45:00+0200,44279.3,MW,FR,FR,actual_load,Actual Load,2026-09-20T15:43:41Z
2026-09-20T15:43:40Z,2026-09-20T17:43:40+0200,448a4d9c-d229-42b9-b994-465cf62e34a7,2026-09-14T20:00:00Z,2026-09-14T22:00:00+0200,44776.44,MW,FR,FR,actual_load,Actual Load,2026-09-20T15:43:41Z
2026-09-20T15:43:40Z,2026-09-20T17:43:40+0200,448a4d9c-d229-42b9-b994-465cf62e34a7,2026-09-14T20:15:00Z,2026-09-14T22:15:00+0200,44200.72,MW,FR,FR,actual_load,Actual Load,2026-09-20T15:43:41Z
2026-09-20T15:43:40Z,2026-09-20T17:43:40+0200,448a4d9c-d229-42b9-b994-465cf62e34a7,2026-09-14T20:30:00Z,2026-09-14T22:30:00+0200,45359.03,MW,FR,FR,actual_load,Actual Load,2026-09-20T15:43:41Z
2026-09-20T15:43:40Z,2026-09-20T17:43:40+0200,448a4d9c-d229-42b9-b994-465cf62e34a7,2026-09-14T20:45:00Z,2026-09-14T22:45:00+0200,44853.64,MW,FR,FR,actual_load,Actual Load,2026-09-20T15:43:41Z
2026-09-20T15:43:40Z,2026-09-20T17:43:40+0200,448a4d9c-d229-42b9-b994-465cf62e34a7,2026-09-14T21:00:00Z,2026-09-14T23:00:00+0200,44447.6,MW,FR,FR,actual_load,Actual Load,2026-09-20T15:43:41Z
2026-09-20T15:43:40Z,2026-09-20T17:43:40+0200,448a4d9c-d229-42b9-b994-465cf62e34a7,2026-09-14T21:15:00Z,2026-09-14T23:15:00+0200,43605.79,MW,FR,FR,actual_load,Actual Load,2026-09-20T15:43:41Z
2026-09-20T15:43:40Z,2026-09-20T17:43:40+0200,448a4d9c-d229-42b9-b994-465cf62e34a7,2026-09-14T21:30:00Z,2026-09-14T23:30:00+0200,43732.04,MW,FR,FR,actual_load,Actual Load,2026-09-20T15:43:41Z
2026-09-20T15:43:40Z,2026-09-20T17:43:40+0200,448a4d9c-d229-42b9-b994-465cf62e34a7,2026-09-14T21:45:00Z,2026-09-14T23:45:00+0200,42764.63,MW,FR,FR,actual_load,Actual Load,2026-09-20T15:43:41Z
2026-09-20T15:43:40Z,2026-09-20T17:43:40+0200,448a4d9c-d229-42b9-b994-465cf62e34a7,2026-09-14T22:00:00Z,2026-09-15T00:00:00+0200,42610.17,MW,FR,FR,actual_load,Actual Load,2026-09-20T15:43:41Z
2026-09-20T15:43:40Z,2026-09-20T17:43:40+0200,448a4d9c-d229-42b9-b994-465cf62e34a7,2026-09-14T22:15:00Z,2026-09-15T00:15:00+0200,41457.77,MW,FR,FR,actual_load,Actual Load,2026-09-20T15:43:41Z
2026-09-20T15:43:40Z,2026-09-20T17:43:40+0200,448a4d9c-d229-42b9-b994-465cf62e34a7,2026-09-14T22:30:00Z,2026-09-15T00:30:00+0200,40312.9,MW,FR,FR,actual_load,Actual Load,2026-09-20T15:43:41Z
2026-09-20T15:43:40Z,2026-09-20T17:43:40+0200,448a4d9c-d229-42b9-b994-465cf62e34a7,2026-09-14T22:45:00Z,2026-09-15T00:45:00+0200,39398.13,MW,FR,FR,actual_load,Actual Load,2026-09-20T15:43:41Z
2026-09-20T15:43:40Z,2026-09-20T17:43:40+0200,448a4d9c-d229-42b9-b994-465cf62e34a7,2026-09-14T23:00:00Z,2026-09-15T01:00:00+0200,39681.53,MW,FR,FR,actual_load,Actual Load,2026-09-20T15:43:41Z
2026-09-20T15:43:40Z,2026-09-20T17:43:40+0200,448a4d9c-d229-42b9-b994-465cf62e34a7,2026-09-14T23:15:00Z,2026-09-15T01:15:00+0200,39055.31,MW,FR,FR,actual_load,Actual Load,2026-09-20T15:43:41Z
2026-09-20T15:43:40Z,2026-09-20T17:43:40+0200,448a4d9c-d229-42b9-b994-465cf62e34a7,2026-09-14T23:30:00Z,2026-09-15T01:30:00+0200,39009.37,MW,FR,FR,actual_load,Actual Load,2026-09-20T15:43:41Z
2026-09-20T15:43:40Z,2026-09-20T17:43:40+0200,448a4d9c-d229-42b9-b994-465cf62e34a7,2026-09-14T23:45:00Z,2026-09-15T01:45:00+0200,38293.55,MW,FR,FR,actual_load,Actual Load,2026-09-20T15:43:41Z
2026-09-20T15:43:40Z,2026-09-20T17:43:40+0200,448a4d9c-d229-42b9-b994-465cf62e34a7,2026-09-15T00:00:00Z,2026-09-15T02:00:00+0200,37944.27,MW,FR,FR,actual_load,Actual Load,2026-09-20T15:43:41Z
2026-09-20T15:43:40Z,2026-09-20T17:43:40+0200,448a4d9c-d229-42b9-b994-465cf62e34a7,2026-09-15T00:15:00Z,2026-09-15T02:15:00+0200,37148.55,MW,FR,FR,actual_load,Actual Load,2026-09-20T15:43:41Z
2026-09-20T15:43:40Z,2026-09-20T17:43:40+0200,448a4d9c-d229-42b9-b994-465cf62e34a7,2026-09-15T00:30:00Z,2026-09-15T02:30:00+0200,36443.68,MW,FR,FR,actual_load,Actual Load,2026-09-20T15:43:41Z
2026-09-20T15:43:40Z,2026-09-20T17:43:40+0200,448a4d9c-d229-42b9-b994-465cf62e34a7,2026-09-15T00:45:00Z,2026-09-15T02:45:00+0200,35762.0,MW,FR,FR,actual_load,Actual Load,2026-09-20T15:43:41Z
2026-09-20T15:43:40Z,2026-09-20T17:43:40+0200,448a4d9c-d229-42b9-b994-465cf62e34a7,2026-09-15T01:00:00Z,2026-09-15T03:00:00+0200,35515.84,MW,FR,FR,actual_load,Actual Load,2026-09-20T15:43:41Z
2026-09-20T15:43:40Z,2026-09-20T17:43:40+0200,448a4d9c-d229-42b9-b994-465cf62e34a7,2026-09-15T01:15:00Z,2026-09-15T03:15:00+0200,35102.46,MW,FR,FR,actual_load,Actual Load,2026-09-20T15:43:41Z
2026-09-20T15:43:40Z,2026-09-20T17:43:40+0200,448a4d9c-d229-42b9-b994-465cf62e34a7,2026-09-15T01:30:00Z,2026-09-15T03:30:00+0200,34833.68,MW,FR,FR,actual_load,Actual Load,2026-09-20T15:43:41Z
2026-09-20T15:43:40Z,2026-09-20T17:43:40+0200,448a4d9c-d229-42b9-b994-465cf62e34a7,2026-09-15T01:45:00Z,2026-09-15T03:45:00+0200,34596.96,MW,FR,FR,actual_load,Actual Load,2026-09-20T15:43:41Z
2026-09-20T15:43:40Z,2026-09-20T17:43:40+0200,448a4d9c-d229-42b9-b994-465cf62e34a7,2026-09-15T02:00:00Z,2026-09-15T04:00:00+0200,34638.75,MW,FR,FR,actual_load,Actual Load,2026-09-20T15:43:41Z
2026-09-20T15:43:40Z,2026-09-20T17:43:40+0200,448a4d9c-d229-42b9-b994-465cf62e34a7,2026-09-15T02:15:00Z,2026-09-15T04:15:00+0200,34616.87,MW,FR,FR,actual_load,Actual Load,2026-09-20T15:43:41Z
2026-09-20T15:43:40Z,2026-09-20T17:43:40+0200,448a4d9c-d229-42b9-b994-465cf62e34a7,2026-09-15T02:30:00Z,2026-09-15T04:30:00+0200,34590.41,MW,FR,FR,actual_load,Actual Load,2026-09-20T15:43:41Z
2026-09-20T15:43:40Z,2026-09-20T17:43:40+0200,448a4d9c-d229-42b9-b994-465cf62e34a7,2026-09-15T02:45:00Z,2026-09-15T04:45:00+0200,34639.0,MW,FR,FR,actual_load,Actual Load,2026-09-20T15:43:41Z
2026-09-20T15:43:40Z,2026-09-20T17:43:40+0200,448a4d9c-d229-42b9-b994-465cf62e34a7,2026-09-15T03:00:00Z,2026-09-15T05:00:00+0200,35270.02,MW,FR,FR,actual_load,Actual Load,2026-09-20T15:43:41Z
2026-09-20T15:43:40Z,2026-09-20T17:43:40+0200,448a4d9c-d229-42b9-b994-465cf62e34a7,2026-09-15T03:15:00Z,2026-09-15T05:15:00+0200,35748.86,MW,FR,FR,actual_load,Actual Load,2026-09-20T15:43:41Z
2026-09-20T15:43:40Z,2026-09-20T17:43:40+0200,448a4d9c-d229-42b9-b994-465cf62e34a7,2026-09-15T03:30:00Z,2026-09-15T05:30:00+0200,36217.09,MW,FR,FR,actual_load,Actual Load,2026-09-20T15:43:41Z
2026-09-20T15:43:40Z,2026-09-20T17:43:40+0200,448a4d9c-d229-42b9-b994-465cf62e34a7,2026-09-15T03:45:00Z,2026-09-15T05:45:00+0200,36752.51,MW,FR,FR,actual_load,Actual Load,2026-09-20T15:43:41Z
2026-09-20T15:43:40Z,2026-09-20T17:43:40+0200,448a4d9c-d229-42b9-b994-465cf62e34a7,2026-09-15T04:00:00Z,2026-09-15T06:00:00+0200,38078.35,MW,FR,FR,actual_load,Actual Load,2026-09-20T15:43:41Z
2026-09-20T15:43:40Z,2026-09-20T17:43:40+0200,448a4d9c-d229-42b9-b994-465cf62e34a7,2026-09-15T04:15:00Z,2026-09-15T06:15:00+0200,39426.41,MW,FR,FR,actual_load,Actual Load,2026-09-20T15:43:41Z
2026-09-20T15:43:40Z,2026-09-20T17:43:40+0200,448a4d9c-d229-42b9-b994-465cf62e34a7,2026-09-15T04:30:00Z,2026-09-15T06:30:00+0200,40519.15,MW,FR,FR,actual_load,Actual Load,2026-09-20T15:43:41Z
2026-09-20T15:43:40Z,2026-09-20T17:43:40+0200,448a4d9c-d229-42b9-b994-465cf62e34a7,2026-09-15T04:45:00Z,2026-09-15T06:45:00+0200,41641.58,MW,FR,FR,actual_load,Actual Load,2026-09-20T15:43:41Z
2026-09-20T15:43:40Z,2026-09-20T17:43:40+0200,448a4d9c-d229-42b9-b994-465cf62e34a7,2026-09-15T05:00:00Z,2026-09-15T07:00:00+0200,42678.32,MW,FR,FR,actual_load,Actual Load,2026-09-20T15:43:41Z
2026-09-20T15:43:40Z,2026-09-20T17:43:40+0200,448a4d9c-d229-42b9-b994-465cf62e34a7,2026-09-15T05:15:00Z,2026-09-15T07:15:00+0200,43477.89,MW,FR,FR,actual_load,Actual Load,2026-09-20T15:43:41Z
2026-09-20T15:43:40Z,2026-09-20T17:43:40+0200,448a4d9c-d229-42b9-b994-465cf62e34a7,2026-09-15T05:30:00Z,2026-09-15T07:30:00+0200,43906.99,MW,FR,FR,actual_load,Actual Load,2026-09-20T15:43:41Z
2026-09-20T15:43:40Z,2026-09-20T17:43:40+0200,448a4d9c-d229-42b9-b994-465cf62e34a7,2026-09-15T05:45:00Z,2026-09-15T07:45:00+0200,44107.94,MW,FR,FR,actual_load,Actual Load,2026-09-20T15:43:41Z
2026-09-20T15:43:40Z,2026-09-20T17:43:40+0200,448a4d9c-d229-42b9-b994-465cf62e34a7,2026-09-15T06:00:00Z,2026-09-15T08:00:00+0200,44498.81,MW,FR,FR,actual_load,Actual Load,2026-09-20T15:43:41Z
2026-09-20T15:43:40Z,2026-09-20T17:43:40+0200,448a4d9c-d229-42b9-b994-465cf62e34a7,2026-09-15T06:15:00Z,2026-09-15T08:15:00+0200,44840.93,MW,FR,FR,actual_load,Actual Load,2026-09-20T15:43:41Z
2026-09-20T15:43:40Z,2026-09-20T17:43:40+0200,448a4d9c-d229-42b9-b994-465cf62e34a7,2026-09-15T06:30:00Z,2026-09-15T08:30:00+0200,45008.52,MW,FR,FR,actual_load,Actual Load,2026-09-20T15:43:41Z
2026-09-20T15:43:40Z,2026-09-20T17:43:40+0200,448a4d9c-d229-42b9-b994-465cf62e34a7,2026-09-15T06:45:00Z,2026-09-15T08:45:00+0200,45309.63,MW,FR,FR,actual_load,Actual Load,2026-09-20T15:43:41Z
2026-09-20T15:43:40Z,2026-09-20T17:43:40+0200,448a4d9c-d229-42b9-b994-465cf62e34a7,2026-09-15T07:00:00Z,2026-09-15T09:00:00+0200,45287.17,MW,FR,FR,actual_load,Actual Load,2026-09-20T15:43:41Z
2026-09-20T15:43:40Z,2026-09-20T17:43:40+0200,448a4d9c-d229-42b9-b994-465cf62e34a7,2026-09-15T07:15:00Z,2026-09-15T09:15:00+0200,45682.88,MW,FR,FR,actual_load,Actual Load,2026-09-20T15:43:41Z
2026-09-20T15:43:40Z,2026-09-20T17:43:40+0200,448a4d9c-d229-42b9-b994-465cf62e34a7,2026-09-15T07:30:00Z,2026-09-15T09:30:00+0200,46105.39,MW,FR,FR,actual_load,Actual Load,2026-09-20T15:43:41Z
2026-09-20T15:43:40Z,2026-09-20T17:43:40+0200,448a4d9c-d229-42b9-b994-465cf62e34a7,2026-09-15T07:45:00Z,2026-09-15T09:45:00+0200,46261.85,MW,FR,FR,actual_load,Actual Load,2026-09-20T15:43:41Z
2026-09-20T15:43:40Z,2026-09-20T17:43:40+0200,448a4d9c-d229-42b9-b994-465cf62e34a7,2026-09-15T08:00:00Z,2026-09-15T10:00:00+0200,46204.86,MW,FR,FR,actual_load,Actual Load,2026-09-20T15:43:41Z
2026-09-20T15:43:40Z,2026-09-20T17:43:40+0200,448a4d9c-d229-42b9-b994-465cf62e34a7,2026-09-15T08:15:00Z,2026-09-15T10:15:00+0200,46793.78,MW,FR,FR,actual_load,Actual Load,2026-09-20T15:43:41Z
2026-09-20T15:43:40Z,2026-09-20T17:43:40+0200,448a4d9c-d229-42b9-b994-465cf62e34a7,2026-09-15T08:30:00Z,2026-09-15T10:30:00+0200,47312.04,MW,FR,FR,actual_load,Actual Load,2026-09-20T15:43:41Z
2026-09-20T15:43:40Z,2026-09-20T17:43:40+0200,448a4d9c-d229-42b9-b994-465cf62e34a7,2026-09-15T08:45:00Z,2026-09-15T10:45:00+0200,47498.3,MW,FR,FR,actual_load,Actual Load,2026-09-20T15:43:41Z
2026-09-20T15:43:40Z,2026-09-20T17:43:40+0200,448a4d9c-d229-42b9-b994-465cf62e34a7,2026-09-15T09:00:00Z,2026-09-15T11:00:00+0200,47896.69,MW,FR,FR,actual_load,Actual Load,2026-09-20T15:43:41Z
2026-09-20T15:43:40Z,2026-09-20T17:43:40+0200,448a4d9c-d229-42b9-b994-465cf62e34a7,2026-09-15T09:15:00Z,2026-09-15T11:15:00+0200,48314.1,MW,FR,FR,actual_load,Actual Load,2026-09-20T15:43:41Z
2026-09-20T15:43:40Z,2026-09-20T17:43:40+0200,448a4d9c-d229-42b9-b994-465cf62e34a7,2026-09-15T09:30:00Z,2026-09-15T11:30:00+0200,48603.51,MW,FR,FR,actual_load,Actual Load,2026-09-20T15:43:41Z
2026-09-20T15:43:40Z,2026-09-20T17:43:40+0200,448a4d9c-d229-42b9-b994-465cf62e34a7,2026-09-15T09:45:00Z,2026-09-15T11:45:00+0200,48936.45,MW,FR,FR,actual_load,Actual Load,2026-09-20T15:43:41Z
2026-09-20T15:43:40Z,2026-09-20T17:43:40+0200,448a4d9c-d229-42b9-b994-465cf62e34a7,2026-09-15T10:00:00Z,2026-09-15T12:00:00+0200,49702.04,MW,FR,FR,actual_load,Actual Load,2026-09-20T15:43:41Z
2026-09-20T15:43:40Z,2026-09-20T17:43:40+0200,448a4d9c-d229-42b9-b994-465cf62e34a7,2026-09-15T10:15:00Z,2026-09-15T12:15:00+0200,49710.98,MW,FR,FR,actual_load,Actual Load,2026-09-20T15:43:41Z
2026-09-20T15:43:40Z,2026-09-20T17:43:40+0200,448a4d9c-d229-42b9-b994-465cf62e34a7,2026-09-15T10:30:00Z,2026-09-15T12:30:00+0200,50295.16,MW,FR,FR,actual_load,Actual Load,2026-09-20T15:43:41Z
2026-09-20T15:43:40Z,2026-09-20T17:43:40+0200,448a4d9c-d229-42b9-b994-465cf62e34a7,2026-09-15T10:45:00Z,2026-09-15T12:45:00+0200,49781.31,MW,FR,FR,actual_load,Actual Load,2026-09-20T15:43:41Z
2026-09-20T15:43:40Z,2026-09-20T17:43:40+0200,448a4d9c-d229-42b9-b994-465cf62e34a7,2026-09-15T11:00:00Z,2026-09-15T13:00:00+0200,49653.39,MW,FR,FR,actual_load,Actual Load,2026-09-20T15:43:41Z
2026-09-20T15:43:40Z,2026-09-20T17:43:40+0200,448a4d9c-d229-42b9-b994-465cf62e34a7,2026-09-15T11:15:00Z,2026-09-15T13:15:00+0200,49474.62,MW,FR,FR,actual_load,Actual Load,2026-09-20T15:43:41Z
2026-09-20T15:43:40Z,2026-09-20T17:43:40+0200,448a4d9c-d229-42b9-b994-465cf62e34a7,2026-09-15T11:30:00Z,2026-09-15T13:30:00+0200,49293.04,MW,FR,FR,actual_load,Actual Load,2026-09-20T15:43:41Z
2026-09-20T15:43:40Z,2026-09-20T17:43:40+0200,448a4d9c-d229-42b9-b994-465cf62e34a7,2026-09-15T11:45:00Z,2026-09-15T13:45:00+0200,49347.23,MW,FR,FR,actual_load,Actual Load,2026-09-20T15:43:41Z
2026-09-20T15:43:40Z,2026-09-20T17:43:40+0200,448a4d9c-d229-42b9-b994-465cf62e34a7,2026-09-15T12:00:00Z,2026-09-15T14:00:00+0200,50299.96,MW,FR,FR,actual_load,Actual Load,2026-09-20T15:43:41Z
2026-09-20T15:43:40Z,2026-09-20T17:43:40+0200,448a4d9c-d229-42b9-b994-465cf62e34a7,2026-09-15T12:15:00Z,2026-09-15T14:15:00+0200,50052.23,MW,FR,FR,actual_load,Actual Load,2026-09-20T15:43:41Z
2026-09-20T15:43:40Z,2026-09-20T17:43:40+0200,448a4d9c-d229-42b9-b994-465cf62e34a7,2026-09-15T12:30:00Z,2026-09-15T14:30:00+0200,49810.44,MW,FR,FR,actual_load,Actual Load,2026-09-20T15:43:41Z
2026-09-20T15:43:40Z,2026-09-20T17:43:40+0200,448a4d9c-d229-42b9-b994-465cf62e34a7,2026-09-15T12:45:00Z,2026-09-15T14:45:00+0200,49408.78,MW,FR,FR,actual_load,Actual Load,2026-09-20T15:43:41Z
2026-09-20T15:43:40Z,2026-09-20T17:43:40+0200,448a4d9c-d229-42b9-b994-465cf62e34a7,2026-09-15T13:00:00Z,2026-09-15T15:00:00+0200,49336.76,MW,FR,FR,actual_load,Actual Load,2026-09-20T15:43:41Z
2026-09-20T15:43:40Z,2026-09-20T17:43:40+0200,448a4d9c-d229-42b9-b994-465cf62e34a7,2026-09-15T13:15:00Z,2026-09-15T15:15:00+0200,49193.32,MW,FR,FR,actual_load,Actual Load,2026-09-20T15:43:41Z
2026-09-20T15:43:40Z,2026-09-20T17:43:40+0200,448a4d9c-d229-42b9-b994-465cf62e34a7,2026-09-15T13:30:00Z,2026-09-15T15:30:00+0200,49138.64,MW,FR,FR,actual_load,Actual Load,2026-09-20T15:43:41Z
2026-09-20T15:43:40Z,2026-09-20T17:43:40+0200,448a4d9c-d229-42b9-b994-465cf62e34a7,2026-09-15T13:45:00Z,2026-09-15T15:45:00+0200,48935.23,MW,FR,FR,actual_load,Actual Load,2026-09-20T15:43:41Z
2026-09-20T15:43:40Z,2026-09-20T17:43:40+0200,448a4d9c-d229-42b9-b994-465cf62e34a7,2026-09-15T14:00:00Z,2026-09-15T16:00:00+0200,48710.16,MW,FR,FR,actual_load,Actual Load,2026-09-20T15:43:41Z
2026-09-20T15:43:40Z,2026-09-20T17:43:40+0200,448a4d9c-d229-42b9-b994-465cf62e34a7,2026-09-15T14:15:00Z,2026-09-15T16:15:00+0200,48465.39,MW,FR,FR,actual_load,Actual Load,2026-09-20T15:43:41Z
2026-09-20T15:43:40Z,2026-09-20T17:43:40+0200,448a4d9c-d229-42b9-b994-465cf62e34a7,2026-09-15T14:30:00Z,2026-09-15T16:30:00+0200,47992.38,MW,FR,FR,actual_load,Actual Load,2026-09-20T15:43:41Z
2026-09-20T15:43:40Z,2026-09-20T17:43:40+0200,448a4d9c-d229-42b9-b994-465cf62e34a7,2026-09-15T14:45:00Z,2026-09-15T16:45:00+0200,48033.28,MW,FR,FR,actual_load,Actual Load,2026-09-20T15:43:41Z
2026-09-20T15:43:40Z,2026-09-20T17:43:40+0200,448a4d9c-d229-42b9-b994-465cf62e34a7,2026-09-15T15:00:00Z,2026-09-15T17:00:00+0200,47819.33,MW,FR,FR,actual_load,Actual Load,2026-09-20T15:43:41Z
2026-09-20T15:43:40Z,2026-09-20T17:43:40+0200,448a4d9c-d229-42b9-b994-465cf62e34a7,2026-09-15T15:15:00Z,2026-09-15T17:15:00+0200,47979.74,MW,FR,FR,actual_load,Actual Load,2026-09-20T15:43:41Z
2026-09-20T15:43:40Z,2026-09-20T17:43:40+0200,448a4d9c-d229-42b9-b994-465cf62e34a7,2026-09-15T15:30:00Z,2026-09-15T17:30:00+0200,48192.3,MW,FR,FR,actual_load,Actual Load,2026-09-20T15:43:41Z
2026-09-20T15:43:40Z,2026-09-20T17:43:40+0200,448a4d9c-d229-42b9-b994-465cf62e34a7,2026-09-15T15:45:00Z,2026-09-15T17:45:00+0200,48525.85,MW,FR,FR,actual_load,Actual Load,2026-09-20T15:43:41Z
2026-09-20T15:43:40Z,2026-09-20T17:43:40+0200,448a4d9c-d229-42b9-b994-465cf62e34a7,2026-09-15T16:00:00Z,2026-09-15T18:00:00+0200,48953.8,MW,FR,FR,actual_load,Actual Load,2026-09-20T15:43:41Z
2026-09-20T15:43:40Z,2026-09-20T17:43:40+0200,448a4d9c-d229-42b9-b994-465cf62e34a7,2026-09-15T16:15:00Z,2026-09-15T18:15:00+0200,49140.16,MW,FR,FR,actual_load,Actual Load,2026-09-20T15:43:41Z
2026-09-20T15:43:40Z,2026-09-20T17:43:40+0200,448a4d9c-d229-42b9-b994-465cf62e34a7,2026-09-15T16:30:00Z,2026-09-15T18:30:00+0200,49413.41,MW,FR,FR,actual_load,Actual Load,2026-09-20T15:43:41Z
2026-09-20T15:43:40Z,2026-09-20T17:43:40+0200,448a4d9c-d229-42b9-b994-465cf62e34a7,2026-09-15T16:45:00Z,2026-09-15T18:45:00+0200,50070.32,MW,FR,FR,actual_load,Actual Load,2026-09-20T15:43:41Z
2026-09-20T15:43:40Z,2026-09-20T17:43:40+0200,448a4d9c-d229-42b9-b994-465cf62e34a7,2026-09-15T17:00:00Z,2026-09-15T19:00:00+0200,50334.99,MW,FR,FR,actual_load,Actual Load,2026-09-20T15:43:41Z
2026-09-20T15:43:40Z,2026-09-20T17:43:40+0200,448a4d9c-d229-42b9-b994-465cf62e34a7,2026-09-15T17:15:00Z,2026-09-15T19:15:00+0200,50170.1,MW,FR,FR,actual_load,Actual Load,2026-09-20T15:43:41Z
2026-09-20T15:43:40Z,2026-09-20T17:43:40+0200,448a4d9c-d229-42b9-b994-465cf62e34a7,2026-09-15T17:30:00Z,2026-09-15T19:30:00+0200,49721.23,MW,FR,FR,actual_load,Actual Load,2026-09-20T15:43:41Z
2026-09-20T15:43:40Z,2026-09-20T17:43:40+0200,448a4d9c-d229-42b9-b994-465cf62e34a7,2026-09-15T17:45:00Z,2026-09-15T19:45:00+0200,49502.63,MW,FR,FR,actual_load,Actual Load,2026-09-20T15:43:41Z
2026-09-20T15:43:40Z,2026-09-20T17:43:40+0200,448a4d9c-d229-42b9-b994-465cf62e34a7,2026-09-15T18:00:00Z,2026-09-15T20:00:00+0200,49186.61,MW,FR,FR,actual_load,Actual Load,2026-09-20T15:43:41Z
2026-09-20T15:43:40Z,2026-09-20T17:43:40+0200,448a4d9c-d229-42b9-b994-465cf62e34a7,2026-09-15T18:15:00Z,2026-09-15T20:15:00+0200,48735.78,MW,FR,FR,actual_load,Actual Load,2026-09-20T15:43:41Z
2026-09-20T15:43:40Z,2026-09-20T17:43:40+0200,448a4d9c-d229-42b9-b994-465cf62e34a7,2026-09-15T18:30:00Z,2026-09-15T20:30:00+0200,47956.42,MW,FR,FR,actual_load,Actual Load,2026-09-20T15:43:41Z
2026-09-20T15:43:40Z,2026-09-20T17:43:40+0200,448a4d9c-d229-42b9-b994-465cf62e34a7,2026-09-15T18:45:00Z,2026-09-15T20:45:00+0200,47196.91,MW,FR,FR,actual_load,Actual Load,2026-09-20T15:43:41Z
2026-09-20T15:43:40Z,2026-09-20T17:43:40+0200,448a4d9c-d229-42b9-b994-465cf62e34a7,2026-09-15T19:00:00Z,2026-09-15T21:00:00+0200,46569.38,MW,FR,FR,actual_load,Actual Load,2026-09-20T15:43:41Z
2026-09-20T15:43:40Z,2026-09-20T17:43:40+0200,448a4d9c-d229-42b9-b994-465cf62e34a7,2026-09-15T19:15:00Z,2026-09-15T21:15:00+0200,45690.68,MW,FR,FR,actual_load,Actual Load,2026-09-20T15:43:41Z
2026-09-20T15:43:40Z,2026-09-20T17:43:40+0200,448a4d9c-d229-42b9-b994-465cf62e34a7,2026-09-15T19:30:00Z,2026-09-15T21:30:00+0200,45047.46,MW,FR,FR,actual_load,Actual Load,2026-09-20T15:43:41Z
2026-09-20T15:43:40Z,2026-09-20T17:43:40+0200,448a4d9c-d229-42b9-b994-465cf62e34a7,2026-09-15T19:45:00Z,2026-09-15T21:45:00+0200,44315.54,MW,FR,FR,actual_load,Actual Load,2026-09-20T15:43:41Z
2026-09-20T15:43:40Z,2026-09-20T17:43:40+0200,448a4d9c-d229-42b9-b994-465cf62e34a7,2026-09-15T20:00:00Z,2026-09-15T22:00:00+0200,45123.99,MW,FR,FR,actual_load,Actual Load,2026-09-20T15:43:41Z
2026-09-20T15:43:40Z,2026-09-20T17:43:40+0200,448a4d9c-d229-42b9-b994-465cf62e34a7,2026-09-15T20:15:00Z,2026-09-15T22:15:00+0200,44812.87,MW,FR,FR,actual_load,Actual Load,2026-09-20T15:43:41Z
2026-09-20T15:43:40Z,2026-09-20T17:43:40+0200,448a4d9c-d229-42b9-b994-465cf62e34a7,2026-09-15T20:30:00Z,2026-09-15T22:30:00+0200,45915.82,MW,FR,FR,actual_load,Actual Load,2026-09-20T15:43:41Z
2026-09-20T15:43:40Z,2026-09-20T17:43:40+0200,448a4d9c-d229-42b9-b994-465cf62e34a7,2026-09-15T20:45:00Z,2026-09-15T22:45:00+0200,45361.2,MW,FR,FR,actual_load,Actual Load,2026-09-20T15:43:41Z
2026-09-20T15:43:40Z,2026-09-20T17:43:40+0200,448a4d9c-d229-42b9-b994-465cf62e34a7,2026-09-15T21:00:00Z,2026-09-15T23:00:00+0200,45160.37,MW,FR,FR,actual_load,Actual Load,2026-09-20T15:43:41Z
2026-09-20T15:43:40Z,2026-09-20T17:43:40+0200,448a4d9c-d229-42b9-b994-465cf62e34a7,2026-09-15T21:15:00Z,2026-09-15T23:15:00+0200,44308.86,MW,FR,FR,actual_load,Actual Load,2026-09-20T15:43:41Z
2026-09-20T15:43:40Z,2026-09-20T17:43:40+0200,448a4d9c-d229-42b9-b994-465cf62e34a7,2026-09-15T21:30:00Z,2026-09-15T23:30:00+0200,44192.86,MW,FR,FR,actual_load,Actual Load,2026-09-20T15:43:41Z
2026-09-20T15:43:40Z,2026-09-20T17:43:40+0200,448a4d9c-d229-42b9-b994-465cf62e34a7,2026-09-15T21:45:00Z,2026-09-15T23:45:00+0200,43197.55,MW,FR,FR,actual_load,Actual Load,2026-09-20T15:43:41Z
2026-09-20T15:43:40Z,2026-09-20T17:43:40+0200,448a4d9c-d229-42b9-b994-465cf62e34a7,2026-09-15T22:00:00Z,2026-09-16T00:00:00+0200,43041.5,MW,FR,FR,actual_load,Actual Load,2026-09-20T15:43:41Z
2026-09-20T15:43:40Z,2026-09-20T17:43:40+0200,448a4d9c-d229-42b9-b994-465cf62e34a7,2026-09-15T22:15:00Z,2026-09-16T00:15:00+0200,41934.46,MW,FR,FR,actual_load,Actual Load,2026-09-20T15:43:41Z
2026-09-20T15:43:40Z,2026-09-20T17:43:40+0200,448a4d9c-d229-42b9-b994-465cf62e34a7,2026-09-15T22:30:00Z,2026-09-16T00:30:00+0200,40400.84,MW,FR,FR,actual_load,Actual Load,2026-09-20T15:43:41Z
2026-09-20T15:43:40Z,2026-09-20T17:43:40+0200,448a4d9c-d229-42b9-b994-465cf62e34a7,2026-09-15T22:45:00Z,2026-09-16T00:45:00+0200,39440.89,MW,FR,FR,actual_load,Actual Load,2026-09-20T15:43:41Z
2026-09-20T15:43:40Z,2026-09-20T17:43:40+0200,448a4d9c-d229-42b9-b994-465cf62e34a7,2026-09-15T23:00:00Z,2026-09-16T01:00:00+0200,40040.63,MW,FR,FR,actual_load,Actual Load,2026-09-20T15:43:41Z
2026-09-20T15:43:40Z,2026-09-20T17:43:40+0200,448a4d9c-d229-42b9-b994-465cf62e34a7,2026-09-15T23:15:00Z,2026-09-16T01:15:00+0200,39497.44,MW,FR,FR,actual_load,Actual Load,2026-09-20T15:43:41Z
2026-09-20T15:43:40Z,2026-09-20T17:43:40+0200,448a4d9c-d229-42b9-b994-465cf62e34a7,2026-09-15T23:30:00Z,2026-09-16T01:30:00+0200,39515.58,MW,FR,FR,actual_load,Actual Load,2026-09-20T15:43:41Z
2026-09-20T15:43:40Z,2026-09-20T17:43:40+0200,448a4d9c-d229-42b9-b994-465cf62e34a7,2026-09-15T23:45:00Z,2026-09-16T01:45:00+0200,38807.0,MW,FR,FR,actual_load,Actual Load,2026-09-20T15:43:41Z
2026-09-20T15:43:40Z,2026-09-20T17:43:40+0200,448a4d9c-d229-42b9-b994-465cf62e34a7,2026-09-16T00:00:00Z,2026-09-16T02:00:00+0200,38451.58,MW,FR,FR,actual_load,Actual Load,2026-09-20T15:43:41Z
2026-09-20T15:43:40Z,2026-09-20T17:43:40+0200,448a4d9c-d229-42b9-b994-465cf62e34a7,2026-09-16T00:15:00Z,2026-09-16T02:15:00+0200,37684.25,MW,FR,FR,actual_load,Actual Load,2026-09-20T15:43:41Z
2026-09-20T15:43:40Z,2026-09-20T17:43:40+0200,448a4d9c-d229-42b9-b994-465cf62e34a7,2026-09-16T00:30:00Z,2026-09-16T02:30:00+0200,36868.01,MW,FR,FR,actual_load,Actual Load,2026-09-20T15:43:41Z
2026-09-20T15:43:40Z,2026-09-20T17:43:40+0200,448a4d9c-d229-42b9-b994-465cf62e34a7,2026-09-16T00:45:00Z,2026-09-16T02:45:00+0200,36261.4,MW,FR,FR,actual_load,Actual Load,2026-09-20T15:43:41Z
2026-09-20T15:43:40Z,2026-09-20T17:43:40+0200,448a4d9c-d229-42b9-b994-465cf62e34a7,2026-09-16T01:00:00Z,2026-09-16T03:00:00+0200,35967.11,MW,FR,FR,actual_load,Actual Load,2026-09-20T15:43:41Z
2026-09-20T15:43:40Z,2026-09-20T17:43:40+0200,448a4d9c-d229-42b9-b994-465cf62e34a7,2026-09-16T01:15:00Z,2026-09-16T03:15:00+0200,35574.22,MW,FR,FR,actual_load,Actual Load,2026-09-20T15:43:41Z
2026-09-20T15:43:40Z,2026-09-20T17:43:40+0200,448a4d9c-d229-42b9-b994-465cf62e34a7,2026-09-16T01:30:00Z,2026-09-16T03:30:00+0200,35280.32,MW,FR,FR,actual_load,Actual Load,2026-09-20T15:43:41Z
2026-09-20T15:43:40Z,2026-09-20T17:43:40+0200,448a4d9c-d229-42b9-b994-465cf62e34a7,2026-09-16T01:45:00Z,2026-09-16T03:45:00+0200,35139.39,MW,FR,FR,actual_load,Actual Load,2026-09-20T15:43:41Z
2026-09-20T15:43:40Z,2026-09-20T17:43:40+0200,448a4d9c-d229-42b9-b994-465cf62e34a7,2026-09-16T02:00:00Z,2026-09-16T04:00:00+0200,35227.68,MW,FR,FR,actual_load,Actual Load,2026-09-20T15:43:41Z
2026-09-20T15:43:40Z,2026-09-20T17:43:40+0200,448a4d9c-d229-42b9-b994-465cf62e34a7,2026-09-16T02:15:00Z,2026-09-16T04:15:00+0200,35252.21,MW,FR,FR,actual_load,Actual Load,2026-09-20T15:43:41Z
2026-09-20T15:43:40Z,2026-09-20T17:43:40+0200,448a4d9c-d229-42b9-b994-465cf62e34a7,2026-09-16T02:30:00Z,2026-09-16T04:30:00+0200,35175.6,MW,FR,FR,actual_load,Actual Load,2026-09-20T15:43:41Z
2026-09-20T15:43:40Z,2026-09-20T17:43:40+0200,448a4d9c-d229-42b9-b994-465cf62e34a7,2026-09-16T02:45:00Z,2026-09-16T04:45:00+0200,35259.14,MW,FR,FR,actual_load,Actual Load,2026-09-20T15:43:41Z
2026-09-20T15:43:40Z,2026-09-20T17:43:40+0200,448a4d9c-d229-42b9-b994-465cf62e34a7,2026-09-16T03:00:00Z,2026-09-16T05:00:00+0200,35838.21,MW,FR,FR,actual_load,Actual Load,2026-09-20T15:43:41Z
2026-09-20T15:43:40Z,2026-09-20T17:43:40+0200,448a4d9c-d229-42b9-b994-465cf62e34a7,2026-09-16T03:15:00Z,2026-09-16T05:15:00+0200,36218.43,MW,FR,FR,actual_load,Actual Load,2026-09-20T15:43:41Z
2026-09-20T15:43:40Z,2026-09-20T17:43:40+0200,448a4d9c-d229-42b9-b994-465cf62e34a7,2026-09-16T03:30:00Z,2026-09-16T05:30:00+0200,36642.42,MW,FR,FR,actual_load,Actual Load,2026-09-20T15:43:41Z
2026-09-20T15:43:40Z,2026-09-20T17:43:40+0200,448a4d9c-d229-42b9-b994-465cf62e34a7,2026-09-16T03:45:00Z,2026-09-16T05:45:00+0200,37341.63,MW,FR,FR,actual_load,Actual Load,2026-09-20T15:43:41Z
2026-09-20T15:43:40Z,2026-09-20T17:43:40+0200,448a4d9c-d229-42b9-b994-465cf62e34a7,2026-09-16T04:00:00Z,2026-09-16T06:00:00+0200,38876.06,MW,FR,FR,actual_load,Actual Load,2026-09-20T15:43:41Z
2026-09-20T15:43:40Z,2026-09-20T17:43:40+0200,448a4d9c-d229-42b9-b994-465cf62e34a7,2026-09-16T04:15:00Z,2026-09-16T06:15:00+0200,40019.55,MW,FR,FR,actual_load,Actual Load,2026-09-20T15:43:41Z
2026-09-20T15:43:40Z,2026-09-20T17:43:40+0200,448a4d9c-d229-42b9-b994-465cf62e34a7,2026-09-16T04:30:00Z,2026-09-16T06:30:00+0200,40843.9,MW,FR,FR,actual_load,Actual Load,2026-09-20T15:43:41Z
2026-09-20T15:43:40Z,2026-09-20T17:43:40+0200,448a4d9c-d229-42b9-b994-465cf62e34a7,2026-09-16T04:45:00Z,2026-09-16T06:45:00+0200,41758.43,MW,FR,FR,actual_load,Actual Load,2026-09-20T15:43:41Z
2026-09-20T15:43:40Z,2026-09-20T17:43:40+0200,448a4d9c-d229-42b9-b994-465cf62e34a7,2026-09-16T05:00:00Z,2026-09-16T07:00:00+0200,42751.93,MW,FR,FR,actual_load,Actual Load,2026-09-20T15:43:41Z
2026-09-20T15:43:40Z,2026-09-20T17:43:40+0200,448a4d9c-d229-42b9-b994-465cf62e34a7,2026-09-16T05:15:00Z,2026-09-16T07:15:00+0200,43231.3,MW,FR,FR,actual_load,Actual Load,2026-09-20T15:43:41Z
2026-09-20T15:43:40Z,2026-09-20T17:43:40+0200,448a4d9c-d229-42b9-b994-465cf62e34a7,2026-09-16T05:30:00Z,2026-09-16T07:30:00+0200,43285.1,MW,FR,FR,actual_load,Actual Load,2026-09-20T15:43:41Z
2026-09-20T15:43:40Z,2026-09-20T17:43:40+0200,448a4d9c-d229-42b9-b994-465cf62e34a7,2026-09-16T05:45:00Z,2026-09-16T07:45:00+0200,43717.3,MW,FR,FR,actual_load,Actual Load,2026-09-20T15:43:41Z
2026-09-20T15:43:40Z,2026-09-20T17:43:40+0200,448a4d9c-d229-42b9-b994-465cf62e34a7,2026-09-16T06:00:00Z,2026-09-16T08:00:00+0200,44673.85,MW,FR,FR,actual_load,Actual Load,2026-09-20T15:43:41Z
2026-09-20T15:43:40Z,2026-09-20T17:43:40+0200,448a4d9c-d229-42b9-b994-465cf62e34a7,2026-09-16T06:15:00Z,2026-09-16T08:15:00+0200,45338.24,MW,FR,FR,actual_load,Actual Load,2026-09-20T15:43:41Z
2026-09-20T15:43:40Z,2026-09-20T17:43:40+0200,448a4d9c-d229-42b9-b994-465cf62e34a7,2026-09-16T06:30:00Z,2026-09-16T08:30:00+0200,45849.8,MW,FR,FR,actual_load,Actual Load,2026-09-20T15:43:41Z
2026-09-20T15:43:40Z,2026-09-20T17:43:40+0200,448a4d9c-d229-42b9-b994-465cf62e34a7,2026-09-16T06:45:00Z,2026-09-16T08:45:00+0200,46129.97,MW,FR,FR,actual_load,Actual Load,2026-09-20T15:43:41Z
2026-09-20T15:43:40Z,2026-09-20T17:43:40+0200,448a4d9c-d229-42b9-b994-465cf62e34a7,2026-09-16T07:00:00Z,2026-09-16T09:00:00+0200,46539.88,MW,FR,FR,actual_load,Actual Load,2026-09-20T15:43:41Z
2026-09-20T15:43:40Z,2026-09-20T17:43:40+0200,448a4d9c-d229-42b9-b994-465cf62e34a7,2026-09-16T07:15:00Z,2026-09-16T09:15:00+0200,46779.05,MW,FR,FR,actual_load,Actual Load,2026-09-20T15:43:41Z
2026-09-20T15:43:40Z,2026-09-20T17:43:40+0200,448a4d9c-d229-42b9-b994-465cf62e34a7,2026-09-16T07:30:00Z,2026-09-16T09:30:00+0200,46964.29,MW,FR,FR,actual_load,Actual Load,2026-09-20T15:43:41Z
2026-09-20T15:43:40Z,2026-09-20T17:43:40+0200,448a4d9c-d229-42b9-b994-465cf62e34a7,2026-09-16T07:45:00Z,2026-09-16T09:45:00+0200,46603.48,MW,FR,FR,actual_load,Actual Load,2026-09-20T15:43:41Z
2026-09-20T15:43:40Z,2026-09-20T17:43:40+0200,448a4d9c-d229-42b9-b994-465cf62e34a7,2026-09-16T08:00:00Z,2026-09-16T10:00:00+0200,47094.2,MW,FR,FR,actual_load,Actual Load,2026-09-20T15:43:41Z
2026-09-20T15:43:40Z,2026-09-20T17:43:40+0200,448a4d9c-d229-42b9-b994-465cf62e34a7,2026-09-16T08:15:00Z,2026-09-16T10:15:00+0200,47574.8,MW,FR,FR,actual_load,Actual Load,2026-09-20T15:43:41Z
2026-09-20T15:43:40Z,2026-09-20T17:43:40+0200,448a4d9c-d229-42b9-b994-465cf62e34a7,2026-09-16T08:30:00Z,2026-09-16T10:30:00+0200,47865.57,MW,FR,FR,actual_load,Actual Load,2026-09-20T15:43:41Z
2026-09-20T15:43:40Z,2026-09-20T17:43:40+0200,448a4d9c-d229-42b9-b994-465cf62e34a7,2026-09-16T08:45:00Z,2026-09-16T10:45:00+0200,48526.91,MW,FR,FR,actual_load,Actual Load,2026-09-20T15:43:41Z
2026-09-20T15:43:40Z,2026-09-20T17:43:40+0200,448a4d9c-d229-42b9-b994-465cf62e34a7,2026-09-16T09:00:00Z,2026-09-16T11:00:00+0200,48657.66,MW,FR,FR,actual_load,Actual Load,2026-09-20T15:43:41Z
2026-09-20T15:43:40Z,2026-09-20T17:43:40+0200,448a4d9c-d229-42b9-b994-465cf62e34a7,2026-09-16T09:15:00Z,2026-09-16T11:15:00+0200,49281.17,MW,FR,FR,actual_load,Actual Load,2026-09-20T15:43:41Z
2026-09-20T15:43:40Z,2026-09-20T17:43:40+0200,448a4d9c-d229-42b9-b994-465cf62e34a7,2026-09-16T09:30:00Z,2026-09-16T11:30:00+0200,49576.32,MW,FR,FR,actual_load,Actual Load,2026-09-20T15:43:41Z
2026-09-20T15:43:40Z,2026-09-20T17:43:40+0200,448a4d9c-d229-42b9-b994-465cf62e34a7,2026-09-16T09:45:00Z,2026-09-16T11:45:00+0200,49767.52,MW,FR,FR,actual_load,Actual Load,2026-09-20T15:43:41Z
2026-09-20T15:43:40Z,2026-09-20T17:43:40+0200,448a4d9c-d229-42b9-b994-465cf62e34a7,2026-09-16T10:00:00Z,2026-09-16T12:00:00+0200,49925.25,MW,FR,FR,actual_load,Actual Load,2026-09-20T15:43:41Z
2026-09-20T15:43:40Z,2026-09-20T17:43:40+0200,448a4d9c-d229-42b9-b994-465cf62e34a7,2026-09-16T10:15:00Z,2026-09-16T12:15:00+0200,49931.7,MW,FR,FR,actual_load,Actual Load,2026-09-20T15:43:41Z
2026-09-20T15:43:40Z,2026-09-20T17:43:40+0200,448a4d9c-d229-42b9-b994-465cf62e34a7,2026-09-16T10:30:00Z,2026-09-16T12:30:00+0200,50605.26,MW,FR,FR,actual_load,Actual Load,2026-09-20T15:43:41Z
2026-09-20T15:43:40Z,2026-09-20T17:43:40+0200,448a4d9c-d229-42b9-b994-465cf62e34a7,2026-09-16T10:45:00Z,2026-09-16T12:45:00+0200,50299.27,MW,FR,FR,actual_load,Actual Load,2026-09-20T15:43:41Z
2026-09-20T15:43:40Z,2026-09-20T17:43:40+0200,448a4d9c-d229-42b9-b994-465cf62e34a7,2026-09-16T11:00:00Z,2026-09-16T13:00:00+0200,50121.39,MW,FR,FR,actual_load,Actual Load,2026-09-20T15:43:41Z
2026-09-20T15:43:40Z,2026-09-20T17:43:40+0200,448a4d9c-d229-42b9-b994-465cf62e34a7,2026-09-16T11:15:00Z,2026-09-16T13:15:00+0200,50104.44,MW,FR,FR,actual_load,Actual Load,2026-09-20T15:43:41Z
2026-09-20T15:43:40Z,2026-09-20T17:43:40+0200,448a4d9c-d229-42b9-b994-465cf62e34a7,2026-09-16T11:30:00Z,2026-09-16T13:30:00+0200,50249.31,MW,FR,FR,actual_load,Actual Load,2026-09-20T15:43:41Z
2026-09-20T15:43:40Z,2026-09-20T17:43:40+0200,448a4d9c-d229-42b9-b994-465cf62e34a7,2026-09-16T11:45:00Z,2026-09-16T13:45:00+0200,50058.96,MW,FR,FR,actual_load,Actual Load,2026-09-20T15:43:41Z
2026-09-20T15:43:40Z,2026-09-20T17:43:40+0200,448a4d9c-d229-42b9-b994-465cf62e34a7,2026-09-16T12:00:00Z,2026-09-16T14:00:00+0200,50447.87,MW,FR,FR,actual_load,Actual Load,2026-09-20T15:43:41Z
2026-09-20T15:43:40Z,2026-09-20T17:43:40+0200,448a4d9c-d229-42b9-b994-465cf62e34a7,2026-09-16T12:15:00Z,2026-09-16T14:15:00+0200,50568.96,MW,FR,FR,actual_load,Actual Load,2026-09-20T15:43:41Z
2026-09-20T15:43:40Z,2026-09-20T17:43:40+0200,448a4d9c-d229-42b9-b994-465cf62e34a7,2026-09-16T12:30:00Z,2026-09-16T14:30:00+0200,50382.47,MW,FR,FR,actual_load,Actual Load,2026-09-20T15:43:41Z
2026-09-20T15:43:40Z,2026-09-20T17:43:40+0200,448a4d9c-d229-42b9-b994-465cf62e34a7,2026-09-16T12:45:00Z,2026-09-16T14:45:00+0200,49878.03,MW,FR,FR,actual_load,Actual Load,2026-09-20T15:43:41Z
2026-09-20T15:43:40Z,2026-09-20T17:43:40+0200,448a4d9c-d229-42b9-b994-465cf62e34a7,2026-09-16T13:00:00Z,2026-09-16T15:00:00+0200,49517.21,MW,FR,FR,actual_load,Actual Load,2026-09-20T15:43:41Z
2026-09-20T15:43:40Z,2026-09-20T17:43:40+0200,448a4d9c-d229-42b9-b994-465cf62e34a7,2026-09-16T13:15:00Z,2026-09-16T15:15:00+0200,49058.79,MW,FR,FR,actual_load,Actual Load,2026-09-20T15:43:41Z
2026-09-20T15:43:40Z,2026-09-20T17:43:40+0200,448a4d9c-d229-42b9-b994-465cf62e34a7,2026-09-16T13:30:00Z,2026-09-16T15:30:00+0200,48901.07,MW,FR,FR,actual_load,Actual Load,2026-09-20T15:43:41Z
2026-09-20T15:43:40Z,2026-09-20T17:43:40+0200,448a4d9c-d229-42b9-b994-465cf62e34a7,2026-09-16T13:45:00Z,2026-09-16T15:45:00+0200,48097.75,MW,FR,FR,actual_load,Actual Load,2026-09-20T15:43:41Z
2026-09-20T15:43:40Z,2026-09-20T17:43:40+0200,448a4d9c-d229-42b9-b994-465cf62e34a7,2026-09-16T14:00:00Z,2026-09-16T16:00:00+0200,46930.32,MW,FR,FR,actual_load,Actual Load,2026-09-20T15:43:41Z
2026-09-20T15:43:40Z,2026-09-20T17:43:40+0200,448a4d9c-d229-42b9-b994-465cf62e34a7,2026-09-16T14:15:00Z,2026-09-16T16:15:00+0200,46148.03,MW,FR,FR,actual_load,Actual Load,2026-09-20T15:43:41Z
2026-09-20T15:43:40Z,2026-09-20T17:43:40+0200,448a4d9c-d229-42b9-b994-465cf62e34a7,2026-09-16T14:30:00Z,2026-09-16T16:30:00+0200,46230.55,MW,FR,FR,actual_load,Actual Load,2026-09-20T15:43:41Z
2026-09-20T15:43:40Z,2026-09-20T17:43:40+0200,448a4d9c-d229-42b9-b994-465cf62e34a7,2026-09-16T14:45:00Z,2026-09-16T16:45:00+0200,46100.45,MW,FR,FR,actual_load,Actual Load,2026-09-20T15:43:41Z
2026-09-20T15:43:40Z,2026-09-20T17:43:40+0200,448a4d9c-d229-42b9-b994-465cf62e34a7,2026-09-16T15:00:00Z,2026-09-16T17:00:00+0200,45825.22,MW,FR,FR,actual_load,Actual Load,2026-09-20T15:43:41Z
2026-09-20T15:43:40Z,2026-09-20T17:43:40+0200,448a4d9c-d229-42b9-b994-465cf62e34a7,2026-09-16T15:15:00Z,2026-09-16T17:15:00+0200,45843.32,MW,FR,FR,actual_load,Actual Load,2026-09-20T15:43:41Z
2026-09-20T15:43:40Z,2026-09-20T17:43:40+0200,448a4d9c-d229-42b9-b994-465cf62e34a7,2026-09-16T15:30:00Z,2026-09-16T17:30:00+0200,46222.0,MW,FR,FR,actual_load,Actual Load,2026-09-20T15:43:41Z
2026-09-20T15:43:40Z,2026-09-20T17:43:40+0200,448a4d9c-d229-42b9-b994-465cf62e34a7,2026-09-16T15:45:00Z,2026-09-16T17:45:00+0200,46416.93,MW,FR,FR,actual_load,Actual Load,2026-09-20T15:43:41Z
2026-09-20T15:43:40Z,2026-09-20T17:43:40+0200,448a4d9c-d229-42b9-b994-465cf62e34a7,2026-09-16T16:00:00Z,2026-09-16T18:00:00+0200,46530.89,MW,FR,FR,actual_load,Actual Load,2026-09-20T15:43:41Z
2026-09-20T15:43:40Z,2026-09-20T17:43:40+0200,448a4d9c-d229-42b9-b994-465cf62e34a7,2026-09-16T16:15:00Z,2026-09-16T18:15:00+0200,47081.36,MW,FR,FR,actual_load,Actual Load,2026-09-20T15:43:41Z
2026-09-20T15:43:40Z,2026-09-20T17:43:40+0200,448a4d9c-d229-42b9-b994-465cf62e34a7,2026-09-16T16:30:00Z,2026-09-16T18:30:00+0200,47911.86,MW,FR,FR,actual_load,Actual Load,2026-09-20T15:43:41Z
2026-09-20T15:43:40Z,2026-09-20T17:43:40+0200,448a4d9c-d229-42b9-b994-465cf62e34a7,2026-09-16T16:45:00Z,2026-09-16T18:45:00+0200,48661.47,MW,FR,FR,actual_load,Actual Load,2026-09-20T15:43:41Z
2026-09-20T15:43:40Z,2026-09-20T17:43:40+0200,448a4d9c-d229-42b9-b994-465cf62e34a7,2026-09-16T17:00:00Z,2026-09-16T19:00:00+0200,48954.81,MW,FR,FR,actual_load,Actual Load,2026-09-20T15:43:41Z
2026-09-20T15:43:40Z,2026-09-20T17:43:40+0200,448a4d9c-d229-42b9-b994-465cf62e34a7,2026-09-16T17:15:00Z,2026-09-16T19:15:00+0200,48882.65,MW,FR,FR,actual_load,Actual Load,2026-09-20T15:43:41Z
2026-09-20T15:43:40Z,2026-09-20T17:43:40+0200,448a4d9c-d229-42b9-b994-465cf62e34a7,2026-09-16T17:30:00Z,2026-09-16T19:30:00+0200,48604.71,MW,FR,FR,actual_load,Actual Load,2026-09-20T15:43:41Z
2026-09-20T15:43:40Z,2026-09-20T17:43:40+0200,448a4d9c-d229-42b9-b994-465cf62e34a7,2026-09-16T17:45:00Z,2026-09-16T19:45:00+0200,48364.92,MW,FR,FR,actual_load,Actual Load,2026-09-20T15:43:41Z
2026-09-20T15:43:40Z,2026-09-20T17:43:40+0200,448a4d9c-d229-42b9-b994-465cf62e34a7,2026-09-16T18:00:00Z,2026-09-16T20:00:00+0200,47923.36,MW,FR,FR,actual_load,Actual Load,2026-09-20T15:43:41Z
2026-09-20T15:43:40Z,2026-09-20T17:43:40+0200,448a4d9c-d229-42b9-b994-465cf62e34a7,2026-09-16T18:15:00Z,2026-09-16T20:15:00+0200,47453.29,MW,FR,FR,actual_load,Actual Load,2026-09-20T15:43:41Z
2026-09-20T15:43:40Z,2026-09-20T17:43:40+0200,448a4d9c-d229-42b9-b994-465cf62e34a7,2026-09-16T18:30:00Z,2026-09-16T20:30:00+0200,47029.02,MW,FR,FR,actual_load,Actual Load,2026-09-20T15:43:41Z
2026-09-20T15:43:40Z,2026-09-20T17:43:40+0200,448a4d9c-d229-42b9-b994-465cf62e34a7,2026-09-16T18:45:00Z,2026-09-16T20:45:00+0200,46208.71,MW,FR,FR,actual_load,Actual Load,2026-09-20T15:43:41Z
2026-09-20T15:43:40Z,2026-09-20T17:43:40+0200,448a4d9c-d229-42b9-b994-465cf62e34a7,2026-09-16T19:00:00Z,2026-09-16T21:00:00+0200,45512.08,MW,FR,FR,actual_load,Actual Load,2026-09-20T15:43:41Z
2026-09-20T15:43:40Z,2026-09-20T17:43:40+0200,448a4d9c-d229-42b9-b994-465cf62e34a7,2026-09-16T19:15:00Z,2026-09-16T21:15:00+0200,45008.82,MW,FR,FR,actual_load,Actual Load,2026-09-20T15:43:41Z
2026-09-20T15:43:40Z,2026-09-20T17:43:40+0200,448a4d9c-d229-42b9-b994-465cf62e34a7,2026-09-16T19:30:00Z,2026-09-16T21:30:00+0200,44425.95,MW,FR,FR,actual_load,Actual Load,2026-09-20T15:43:41Z
2026-09-20T15:43:40Z,2026-09-20T17:43:40+0200,448a4d9c-d229-42b9-b994-465cf62e34a7,2026-09-16T19:45:00Z,2026-09-16T21:45:00+0200,43587.51,MW,FR,FR,actual_load,Actual Load,2026-09-20T15:43:41Z
2026-09-20T15:43:40Z,2026-09-20T17:43:40+0200,448a4d9c-d229-42b9-b994-465cf62e34a7,2026-09-16T20:00:00Z,2026-09-16T22:00:00+0200,44062.49,MW,FR,FR,actual_load,Actual Load,2026-09-20T15:43:41Z
2026-09-20T15:43:40Z,2026-09-20T17:43:40+0200,448a4d9c-d229-42b9-b994-465cf62e34a7,2026-09-16T20:15:00Z,2026-09-16T22:15:00+0200,43602.16,MW,FR,FR,actual_load,Actual Load,2026-09-20T15:43:41Z
2026-09-20T15:43:40Z,2026-09-20T17:43:40+0200,448a4d9c-d229-42b9-b994-465cf62e34a7,2026-09-16T20:30:00Z,2026-09-16T22:30:00+0200,44609.41,MW,FR,FR,actual_load,Actual Load,2026-09-20T15:43:41Z
2026-09-20T15:43:40Z,2026-09-20T17:43:40+0200,448a4d9c-d229-42b9-b994-465cf62e34a7,2026-09-16T20:45:00Z,2026-09-16T22:45:00+0200,43960.49,MW,FR,FR,actual_load,Actual Load,2026-09-20T15:43:41Z
2026-09-20T15:43:40Z,2026-09-20T17:43:40+0200,448a4d9c-d229-42b9-b994-465cf62e34a7,2026-09-16T21:00:00Z,2026-09-16T23:00:00+0200,43880.08,MW,FR,FR,actual_load,Actual Load,2026-09-20T15:43:41Z
2026-09-20T15:43:40Z,2026-09-20T17:43:40+0200,448a4d9c-d229-42b9-b994-465cf62e34a7,2026-09-16T21:15:00Z,2026-09-16T23:15:00+0200,43066.25,MW,FR,FR,actual_load,Actual Load,2026-09-20T15:43:41Z
2026-09-20T15:43:40Z,2026-09-20T17:43:40+0200,448a4d9c-d229-42b9-b994-465cf62e34a7,2026-09-16T21:30:00Z,2026-09-16T23:30:00+0200,42795.95,MW,FR,FR,actual_load,Actual Load,2026-09-20T15:43:41Z
2026-09-20T15:43:40Z,2026-09-20T17:43:40+0200,448a4d9c-d229-42b9-b994-465cf62e34a7,2026-09-16T21:45:00Z,2026-09-16T23:45:00+0200,41932.41,MW,FR,FR,actual_load,Actual Load,2026-09-20T15:43:41Z
2026-09-20T15:43:40Z,2026-09-20T17:43:40+0200,448a4d9c-d229-42b9-b994-465cf62e34a7,2026-09-16T22:00:00Z,2026-09-17T00:00:00+0200,42043.91,MW,FR,FR,actual_load,Actual Load,2026-09-20T15:43:41Z
2026-09-20T15:43:40Z,2026-09-20T17:43:40+0200,448a4d9c-d229-42b9-b994-465cf62e34a7,2026-09-16T22:15:00Z,2026-09-17T00:15:00+0200,41115.96,MW,FR,FR,actual_load,Actual Load,2026-09-20T15:43:41Z
2026-09-20T15:43:40Z,2026-09-20T17:43:40+0200,448a4d9c-d229-42b9-b994-465cf62e34a7,2026-09-16T22:30:00Z,2026-09-17T00:30:00+0200,40513.04,MW,FR,FR,actual_load,Actual Load,2026-09-20T15:43:41Z
2026-09-20T15:43:40Z,2026-09-20T17:43:40+0200,448a4d9c-d229-42b9-b994-465cf62e34a7,2026-09-16T22:45:00Z,2026-09-17T00:45:00+0200,39613.49,MW,FR,FR,actual_load,Actual Load,2026-09-20T15:43:41Z
2026-09-20T15:43:40Z,2026-09-20T17:43:40+0200,448a4d9c-d229-42b9-b994-465cf62e34a7,2026-09-16T23:00:00Z,2026-09-17T01:00:00+0200,39958.72,MW,FR,FR,actual_load,Actual Load,2026-09-20T15:43:41Z
2026-09-20T15:43:40Z,2026-09-20T17:43:40+0200,448a4d9c-d229-42b9-b994-465cf62e34a7,2026-09-16T23:15:00Z,2026-09-17T01:15:00+0200,39374.89,MW,FR,FR,actual_load,Actual Load,2026-09-20T15:43:41Z
2026-09-20T15:43:40Z,2026-09-20T17:43:40+0200,448a4d9c-d229-42b9-b994-465cf62e34a7,2026-09-16T23:30:00Z,2026-09-17T01:30:00+0200,39282.13,MW,FR,FR,actual_load,Actual Load,2026-09-20T15:43:41Z
2026-09-20T15:43:40Z,2026-09-20T17:43:40+0200,448a4d9c-d229-42b9-b994-465cf62e34a7,2026-09-16T23:45:00Z,2026-09-17T01:45:00+0200,38552.96,MW,FR,FR,actual_load,Actual Load,2026-09-20T15:43:41Z
2026-09-20T15:43:40Z,2026-09-20T17:43:40+0200,448a4d9c-d229-42b9-b994-465cf62e34a7,2026-09-17T00:00:00Z,2026-09-17T02:00:00+0200,38306.59,MW,FR,FR,actual_load,Actual Load,2026-09-20T15:43:41Z
2026-09-20T15:43:40Z,2026-09-20T17:43:40+0200,448a4d9c-d229-42b9-b994-465cf62e34a7,2026-09-17T00:15:00Z,2026-09-17T02:15:00+0200,37550.81,MW,FR,FR,actual_load,Actual Load,2026-09-20T15:43:41Z
2026-09-20T15:43:40Z,2026-09-20T17:43:40+0200,448a4d9c-d229-42b9-b994-465cf62e34a7,2026-09-17T00:30:00Z,2026-09-17T02:30:00+0200,36964.86,MW,FR,FR,actual_load,Actual Load,2026-09-20T15:43:41Z
2026-09-20T15:43:40Z,2026-09-20T17:43:40+0200,448a4d9c-d229-42b9-b994-465cf62e34a7,2026-09-17T00:45:00Z,2026-09-17T02:45:00+0200,36385.11,MW,FR,FR,actual_load,Actual Load,2026-09-20T15:43:41Z
2026-09-20T15:43:40Z,2026-09-20T17:43:40+0200,448a4d9c-d229-42b9-b994-465cf62e34a7,2026-09-17T01:00:00Z,2026-09-17T03:00:00+0200,35846.02,MW,FR,FR,actual_load,Actual Load,2026-09-20T15:43:41Z
2026-09-20T15:43:40Z,2026-09-20T17:43:40+0200,448a4d9c-d229-42b9-b994-465cf62e34a7,2026-09-17T01:15:00Z,2026-09-17T03:15:00+0200,35465.98,MW,FR,FR,actual_load,Actual Load,2026-09-20T15:43:41Z
2026-09-20T15:43:40Z,2026-09-20T17:43:40+0200,448a4d9c-d229-42b9-b994-465cf62e34a7,2026-09-17T01:30:00Z,2026-09-17T03:30:00+0200,35373.75,MW,FR,FR,actual_load,Actual Load,2026-09-20T15:43:41Z
2026-09-20T15:43:40Z,2026-09-20T17:43:40+0200,448a4d9c-d229-42b9-b994-465cf62e34a7,2026-09-17T01:45:00Z,2026-09-17T03:45:00+0200,35159.96,MW,FR,FR,actual_load,Actual Load,2026-09-20T15:43:41Z
2026-09-20T15:43:40Z,2026-09-20T17:43:40+0200,448a4d9c-d229-42b9-b994-465cf62e34a7,2026-09-17T02:00:00Z,2026-09-17T04:00:00+0200,35223.11,MW,FR,FR,actual_load,Actual Load,2026-09-20T15:43:41Z
2026-09-20T15:43:40Z,2026-09-20T17:43:40+0200,448a4d9c-d229-42b9-b994-465cf62e34a7,2026-09-17T02:15:00Z,2026-09-17T04:15:00+0200,35037.55,MW,FR,FR,actual_load,Actual Load,2026-09-20T15:43:41Z
2026-09-20T15:43:40Z,2026-09-20T17:43:40+0200,448a4d9c-d229-42b9-b994-465cf62e34a7,2026-09-17T02:30:00Z,2026-09-17T04:30:00+0200,35020.0,MW,FR,FR,actual_load,Actual Load,2026-09-20T15:43:41Z
2026-09-20T15:43:40Z,2026-09-20T17:43:40+0200,448a4d9c-d229-42b9-b994-465cf62e34a7,2026-09-17T02:45:00Z,2026-09-17T04:45:00+0200,35096.56,MW,FR,FR,actual_load,Actual Load,2026-09-20T15:43:41Z
2026-09-20T15:43:40Z,2026-09-20T17:43:40+0200,448a4d9c-d229-42b9-b994-465cf62e34a7,2026-09-17T03:00:00Z,2026-09-17T05:00:00+0200,35840.86,MW,FR,FR,actual_load,Actual Load,2026-09-20T15:43:41Z
2026-09-20T15:43:40Z,2026-09-20T17:43:40+0200,448a4d9c-d229-42b9-b994-465cf62e34a7,2026-09-17T03:15:00Z,2026-09-17T05:15:00+0200,36377.34,MW,FR,FR,actual_load,Actual Load,2026-09-20T15:43:41Z
2026-09-20T15:43:40Z,2026-09-20T17:43:40+0200,448a4d9c-d229-42b9-b994-465cf62e34a7,2026-09-17T03:30:00Z,2026-09-17T05:30:00+0200,36905.06,MW,FR,FR,actual_load,Actual Load,2026-09-20T15:43:41Z
2026-09-20T15:43:40Z,2026-09-20T17:43:40+0200,448a4d9c-d229-42b9-b994-465cf62e34a7,2026-09-17T03:45:00Z,2026-09-17T05:45:00+0200,37629.09,MW,FR,FR,actual_load,Actual Load,2026-09-20T15:43:41Z
2026-09-20T15:43:40Z,2026-09-20T17:43:40+0200,448a4d9c-d229-42b9-b994-465cf62e34a7,2026-09-17T04:00:00Z,2026-09-17T06:00:00+0200,38876.5,MW,FR,FR,actual_load,Actual Load,2026-09-20T15:43:41Z
2026-09-20T15:43:40Z,2026-09-20T17:43:40+0200,448a4d9c-d229-42b9-b994-465cf62e34a7,2026-09-17T04:15:00Z,2026-09-17T06:15:00+0200,40032.74,MW,FR,FR,actual_load,Actual Load,2026-09-20T15:43:41Z
2026-09-20T15:43:40Z,2026-09-20T17:43:40+0200,448a4d9c-d229-42b9-b994-465cf62e34a7,2026-09-17T04:30:00Z,2026-09-17T06:30:00+0200,41060.46,MW,FR,FR,actual_load,Actual Load,2026-09-20T15:43:41Z
2026-09-20T15:43:40Z,2026-09-20T17:43:40+0200,448a4d9c-d229-42b9-b994-465cf62e34a7,2026-09-17T04:45:00Z,2026-09-17T06:45:00+0200,42266.88,MW,FR,FR,actual_load,Actual Load,2026-09-20T15:43:41Z
2026-09-20T15:43:40Z,2026-09-20T17:43:40+0200,448a4d9c-d229-42b9-b994-465cf62e34a7,2026-09-17T05:00:00Z,2026-09-17T07:00:00+0200,43376.19,MW,FR,FR,actual_load,Actual Load,2026-09-20T15:43:41Z
2026-09-20T15:43:40Z,2026-09-20T17:43:40+0200,448a4d9c-d229-42b9-b994-465cf62e34a7,2026-09-17T05:15:00Z,2026-09-17T07:15:00+0200,44114.58,MW,FR,FR,actual_load,Actual Load,2026-09-20T15:43:41Z
2026-09-20T15:43:40Z,2026-09-20T17:43:40+0200,448a4d9c-d229-42b9-b994-465cf62e34a7,2026-09-17T05:30:00Z,2026-09-17T07:30:00+0200,44406.32,MW,FR,FR,actual_load,Actual Load,2026-09-20T15:43:41Z
2026-09-20T15:43:40Z,2026-09-20T17:43:40+0200,448a4d9c-d229-42b9-b994-465cf62e34a7,2026-09-17T05:45:00Z,2026-09-17T07:45:00+0200,44737.72,MW,FR,FR,actual_load,Actual Load,2026-09-20T15:43:41Z
2026-09-20T15:43:40Z,2026-09-20T17:43:40+0200,448a4d9c-d229-42b9-b994-465cf62e34a7,2026-09-17T06:00:00Z,2026-09-17T08:00:00+0200,45358.93,MW,FR,FR,actual_load,Actual Load,2026-09-20T15:43:41Z
2026-09-20T15:43:40Z,2026-09-20T17:43:40+0200,448a4d9c-d229-42b9-b994-465cf62e34a7,2026-09-17T06:15:00Z,2026-09-17T08:15:00+0200,45635.1,MW,FR,FR,actual_load,Actual Load,2026-09-20T15:43:41Z
2026-09-20T15:43:40Z,2026-09-20T17:43:40+0200,448a4d9c-d229-42b9-b994-465cf62e34a7,2026-09-17T06:30:00Z,2026-09-17T08:30:00+0200,45839.53,MW,FR,FR,actual_load,Actual Load,2026-09-20T15:43:41Z
2026-09-20T15:43:40Z,2026-09-20T17:43:40+0200,448a4d9c-d229-42b9-b994-465cf62e34a7,2026-09-17T06:45:00Z,2026-09-17T08:45:00+0200,45869.92,MW,FR,FR,actual_load,Actual Load,2026-09-20T15:43:41Z
2026-09-20T15:43:40Z,2026-09-20T17:43:40+0200,448a4d9c-d229-42b9-b994-465cf62e34a7,2026-09-17T07:00:00Z,2026-09-17T09:00:00+0200,45906.5,MW,FR,FR,actual_load,Actual Load,2026-09-20T15:43:41Z
2026-09-20T15:43:40Z,2026-09-20T17:43:40+0200,448a4d9c-d229-42b9-b994-465cf62e34a7,2026-09-17T07:15:00Z,2026-09-17T09:15:00+0200,45892.12,MW,FR,FR,actual_load,Actual Load,2026-09-20T15:43:41Z
2026-09-20T15:43:40Z,2026-09-20T17:43:40+0200,448a4d9c-d229-42b9-b994-465cf62e34a7,2026-09-17T07:30:00Z,2026-09-17T09:30:00+0200,46068.5,MW,FR,FR,actual_load,Actual Load,2026-09-20T15:43:41Z
2026-09-20T15:43:40Z,2026-09-20T17:43:40+0200,448a4d9c-d229-42b9-b994-465cf62e34a7,2026-09-17T07:45:00Z,2026-09-17T09:45:00+0200,46189.46,MW,FR,FR,actual_load,Actual Load,2026-09-20T15:43:41Z
2026-09-20T15:43:40Z,2026-09-20T17:43:40+0200,448a4d9c-d229-42b9-b994-465cf62e34a7,2026-09-17T08:00:00Z,2026-09-17T10:00:00+0200,46299.95,MW,FR,FR,actual_load,Actual Load,2026-09-20T15:43:41Z
2026-09-20T15:43:40Z,2026-09-20T17:43:40+0200,448a4d9c-d229-42b9-b994-465cf62e34a7,2026-09-17T08:15:00Z,2026-09-17T10:15:00+0200,46698.28,MW,FR,FR,actual_load,Actual Load,2026-09-20T15:43:41Z
2026-09-20T15:43:40Z,2026-09-20T17:43:40+0200,448a4d9c-d229-42b9-b994-465cf62e34a7,2026-09-17T08:30:00Z,2026-09-17T10:30:00+0200,46749.41,MW,FR,FR,actual_load,Actual Load,2026-09-20T15:43:41Z
2026-09-20T15:43:40Z,2026-09-20T17:43:40+0200,448a4d9c-d229-42b9-b994-465cf62e34a7,2026-09-17T08:45:00Z,2026-09-17T10:45:00+0200,46892.11,MW,FR,FR,actual_load,Actual Load,2026-09-20T15:43:41Z
2026-09-20T15:43:40Z,2026-09-20T17:43:40+0200,448a4d9c-d229-42b9-b994-465cf62e34a7,2026-09-17T09:00:00Z,2026-09-17T11:00:00+0200,46877.3,MW,FR,FR,actual_load,Actual Load,2026-09-20T15:43:41Z
2026-09-20T15:43:40Z,2026-09-20T17:43:40+0200,448a4d9c-d229-42b9-b994-465cf62e34a7,2026-09-17T09:15:00Z,2026-09-17T11:15:00+0200,47181.7,MW,FR,FR,actual_load,Actual Load,2026-09-20T15:43:41Z
2026-09-20T15:43:40Z,2026-09-20T17:43:40+0200,448a4d9c-d229-42b9-b994-465cf62e34a7,2026-09-17T09:30:00Z,2026-09-17T11:30:00+0200,47682.4,MW,FR,FR,actual_load,Actual Load,2026-09-20T15:43:41Z
2026-09-20T15:43:40Z,2026-09-20T17:43:40+0200,448a4d9c-d229-42b9-b994-465cf62e34a7,2026-09-17T09:45:00Z,2026-09-17T11:45:00+0200,48263.95,MW,FR,FR,actual_load,Actual Load,2026-09-20T15:43:41Z
2026-09-20T15:43:40Z,2026-09-20T17:43:40+0200,448a4d9c-d229-42b9-b994-465cf62e34a7,2026-09-17T10:00:00Z,2026-09-17T12:00:00+0200,48636.64,MW,FR,FR,actual_load,Actual Load,2026-09-20T15:43:41Z
2026-09-20T15:43:40Z,2026-09-20T17:43:40+0200,448a4d9c-d229-42b9-b994-465cf62e34a7,2026-09-17T10:15:00Z,2026-09-17T12:15:00+0200,48063.16,MW,FR,FR,actual_load,Actual Load,2026-09-20T15:43:41Z
2026-09-20T15:43:40Z,2026-09-20T17:43:40+0200,448a4d9c-d229-42b9-b994-465cf62e34a7,2026-09-17T10:30:00Z,2026-09-17T12:30:00+0200,49147.26,MW,FR,FR,actual_load,Actual Load,2026-09-20T15:43:41Z
2026-09-20T15:43:40Z,2026-09-20T17:43:40+0200,448a4d9c-d229-42b9-b994-465cf62e34a7,2026-09-17T10:45:00Z,2026-09-17T12:45:00+0200,48563.33,MW,FR,FR,actual_load,Actual Load,2026-09-20T15:43:41Z
2026-09-20T15:43:40Z,2026-09-20T17:43:40+0200,448a4d9c-d229-42b9-b994-465cf62e34a7,2026-09-17T11:00:00Z,2026-09-17T13:00:00+0200,48099.95,MW,FR,FR,actual_load,Actual Load,2026-09-20T15:43:41Z
2026-09-20T15:43:40Z,2026-09-20T17:43:40+0200,448a4d9c-d229-42b9-b994-465cf62e34a7,2026-09-17T11:15:00Z,2026-09-17T13:15:00+0200,47450.85,MW,FR,FR,actual_load,Actual Load,2026-09-20T15:43:41Z
2026-09-20T15:43:40Z,2026-09-20T17:43:40+0200,448a4d9c-d229-42b9-b994-465cf62e34a7,2026-09-17T11:30:00Z,2026-09-17T13:30:00+0200,47251.58,MW,FR,FR,actual_load,Actual Load,2026-09-20T15:43:41Z
2026-09-20T15:43:40Z,2026-09-20T17:43:40+0200,448a4d9c-d229-42b9-b994-465cf62e34a7,2026-09-17T11:45:00Z,2026-09-17T13:45:00+0200,46804.13,MW,FR,FR,actual_load,Actual Load,2026-09-20T15:43:41Z
2026-09-20T15:43:40Z,2026-09-20T17:43:40+0200,448a4d9c-d229-42b9-b994-465cf62e34a7,2026-09-17T12:00:00Z,2026-09-17T14:00:00+0200,47416.86,MW,FR,FR,actual_load,Actual Load,2026-09-20T15:43:41Z
2026-09-20T15:43:40Z,2026-09-20T17:43:40+0200,448a4d9c-d229-42b9-b994-465cf62e34a7,2026-09-17T12:15:00Z,2026-09-17T14:15:00+0200,47795.0,MW,FR,FR,actual_load,Actual Load,2026-09-20T15:43:41Z
2026-09-20T15:43:40Z,2026-09-20T17:43:40+0200,448a4d9c-d229-42b9-b994-465cf62e34a7,2026-09-17T12:30:00Z,2026-09-17T14:30:00+0200,47765.78,MW,FR,FR,actual_load,Actual Load,2026-09-20T15:43:41Z
2026-09-20T15:43:40Z,2026-09-20T17:43:40+0200,448a4d9c-d229-42b9-b994-465cf62e34a7,2026-09-17T12:45:00Z,2026-09-17T14:45:00+0200,47629.85,MW,FR,FR,actual_load,Actual Load,2026-09-20T15:43:41Z
2026-09-20T15:43:40Z,2026-09-20T17:43:40+0200,448a4d9c-d229-42b9-b994-465cf62e34a7,2026-09-17T13:00:00Z,2026-09-17T15:00:00+0200,47507.24,MW,FR,FR,actual_load,Actual Load,2026-09-20T15:43:41Z
2026-09-20T15:43:40Z,2026-09-20T17:43:40+0200,448a4d9c-d229-42b9-b994-465cf62e34a7,2026-09-17T13:15:00Z,2026-09-17T15:15:00+0200,46985.84,MW,FR,FR,actual_load,Actual Load,2026-09-20T15:43:41Z
2026-09-20T15:43:40Z,2026-09-20T17:43:40+0200,448a4d9c-d229-42b9-b994-465cf62e34a7,2026-09-17T13:30:00Z,2026-09-17T15:30:00+0200,46663.66,MW,FR,FR,actual_load,Actual Load,2026-09-20T15:43:41Z
2026-09-20T15:43:40Z,2026-09-20T17:43:40+0200,448a4d9c-d229-42b9-b994-465cf62e34a7,2026-09-17T13:45:00Z,2026-09-17T15:45:00+0200,46566.19,MW,FR,FR,actual_load,Actual Load,2026-09-20T15:43:41Z
2026-09-20T15:43:40Z,2026-09-20T17:43:40+0200,448a4d9c-d229-42b9-b994-465cf62e34a7,2026-09-17T14:00:00Z,2026-09-17T16:00:00+0200,46178.94,MW,FR,FR,actual_load,Actual Load,2026-09-20T15:43:41Z
2026-09-20T15:43:40Z,2026-09-20T17:43:40+0200,448a4d9c-d229-42b9-b994-465cf62e34a7,2026-09-17T14:15:00Z,2026-09-17T16:15:00+0200,46082.16,MW,FR,FR,actual_load,Actual Load,2026-09-20T15:43:41Z
2026-09-20T15:43:40Z,2026-09-20T17:43:40+0200,448a4d9c-d229-42b9-b994-465cf62e34a7,2026-09-17T14:30:00Z,2026-09-17T16:30:00+0200,46093.94,MW,FR,FR,actual_load,Actual Load,2026-09-20T15:43:41Z
2026-09-20T15:43:40Z,2026-09-20T17:43:40+0200,448a4d9c-d229-42b9-b994-465cf62e34a7,2026-09-17T14:45:00Z,2026-09-17T16:45:00+0200,45971.39,MW,FR,FR,actual_load,Actual Load,2026-09-20T15:43:41Z
2026-09-20T15:43:40Z,2026-09-20T17:43:40+0200,448a4d9c-d229-42b9-b994-465cf62e34a7,2026-09-17T15:00:00Z,2026-09-17T17:00:00+0200,45656.84,MW,FR,FR,actual_load,Actual Load,2026-09-20T15:43:41Z
2026-09-20T15:43:40Z,2026-09-20T17:43:40+0200,448a4d9c-d229-42b9-b994-465cf62e34a7,2026-09-17T15:15:00Z,2026-09-17T17:15:00+0200,45514.25,MW,FR,FR,actual_load,Actual Load,2026-09-20T15:43:41Z
2026-09-20T15:43:40Z,2026-09-20T17:43:40+0200,448a4d9c-d229-42b9-b994-465cf62e34a7,2026-09-17T15:30:00Z,2026-09-17T17:30:00+0200,46153.09,MW,FR,FR,actual_load,Actual Load,2026-09-20T15:43:41Z
2026-09-20T15:43:40Z,2026-09-20T17:43:40+0200,448a4d9c-d229-42b9-b994-465cf62e34a7,2026-09-17T15:45:00Z,2026-09-17T17:45:00+0200,46440.78,MW,FR,FR,actual_load,Actual Load,2026-09-20T15:43:41Z
2026-09-20T15:43:40Z,2026-09-20T17:43:40+0200,448a4d9c-d229-42b9-b994-465cf62e34a7,2026-09-17T16:00:00Z,2026-09-17T18:00:00+0200,46790.13,MW,FR,FR,actual_load,Actual Load,2026-09-20T15:43:41Z
2026-09-20T15:43:40Z,2026-09-20T17:43:40+0200,448a4d9c-d229-42b9-b994-465cf62e34a7,2026-09-17T16:15:00Z,2026-09-17T18:15:00+0200,47141.2,MW,FR,FR,actual_load,Actual Load,2026-09-20T15:43:41Z
2026-09-20T15:43:40Z,2026-09-20T17:43:40+0200,448a4d9c-d229-42b9-b994-465cf62e34a7,2026-09-17T16:30:00Z,2026-09-17T18:30:00+0200,48015.01,MW,FR,FR,actual_load,Actual Load,2026-09-20T15:43:41Z
2026-09-20T15:43:40Z,2026-09-20T17:43:40+0200,448a4d9c-d229-42b9-b994-465cf62e34a7,2026-09-17T16:45:00Z,2026-09-17T18:45:00+0200,48668.79,MW,FR,FR,actual_load,Actual Load,2026-09-20T15:43:41Z
2026-09-20T15:43:40Z,2026-09-20T17:43:40+0200,448a4d9c-d229-42b9-b994-465cf62e34a7,2026-09-17T17:00:00Z,2026-09-17T19:00:00+0200,48794.73,MW,FR,FR,actual_load,Actual Load,2026-09-20T15:43:41Z
2026-09-20T15:43:40Z,2026-09-20T17:43:40+0200,448a4d9c-d229-42b9-b994-465cf62e34a7,2026-09-17T17:15:00Z,2026-09-17T19:15:00+0200,48737.6,MW,FR,FR,actual_load,Actual Load,2026-09-20T15:43:41Z
2026-09-20T15:43:40Z,2026-09-20T17:43:40+0200,448a4d9c-d229-42b9-b994-465cf62e34a7,2026-09-17T17:30:00Z,2026-09-17T19:30:00+0200,48329.96,MW,FR,FR,actual_load,Actual Load,2026-09-20T15:43:41Z
2026-09-20T15:43:40Z,2026-09-20T17:43:40+0200,448a4d9c-d229-42b9-b994-465cf62e34a7,2026-09-17T17:45:00Z,2026-09-17T19:45:00+0200,48351.84,MW,FR,FR,actual_load,Actual Load,2026-09-20T15:43:41Z
2026-09-20T15:43:40Z,2026-09-20T17:43:40+0200,448a4d9c-d229-42b9-b994-465cf62e34a7,2026-09-17T18:00:00Z,2026-09-17T20:00:00+0200,48167.51,MW,FR,FR,actual_load,Actual Load,2026-09-20T15:43:41Z
2026-09-20T15:43:40Z,2026-09-20T17:43:40+0200,448a4d9c-d229-42b9-b994-465cf62e34a7,2026-09-17T18:15:00Z,2026-09-17T20:15:00+0200,47722.24,MW,FR,FR,actual_load,Actual Load,2026-09-20T15:43:41Z
2026-09-20T15:43:40Z,2026-09-20T17:43:40+0200,448a4d9c-d229-42b9-b994-465cf62e34a7,2026-09-17T18:30:00Z,2026-09-17T20:30:00+0200,47111.79,MW,FR,FR,actual_load,Actual Load,2026-09-20T15:43:41Z
2026-09-20T15:43:40Z,2026-09-20T17:43:40+0200,448a4d9c-d229-42b9-b994-465cf62e34a7,2026-09-17T18:45:00Z,2026-09-17T20:45:00+0200,46124.39,MW,FR,FR,actual_load,Actual Load,2026-09-20T15:43:41Z
2026-09-20T15:43:40Z,2026-09-20T17:43:40+0200,448a4d9c-d229-42b9-b994-465cf62e34a7,2026-09-17T19:00:00Z,2026-09-17T21:00:00+0200,45524.14,MW,FR,FR,actual_load,Actual Load,2026-09-20T15:43:41Z
2026-09-20T15:43:40Z,2026-09-20T17:43:40+0200,448a4d9c-d229-42b9-b994-465cf62e34a7,2026-09-17T19:15:00Z,2026-09-17T21:15:00+0200,44769.83,MW,FR,FR,actual_load,Actual Load,2026-09-20T15:43:41Z
2026-09-20T15:43:40Z,2026-09-20T17:43:40+0200,448a4d9c-d229-42b9-b994-465cf62e34a7,2026-09-17T19:30:00Z,2026-09-17T21:30:00+0200,44235.95,MW,FR,FR,actual_load,Actual Load,2026-09-20T15:43:41Z
2026-09-20T15:43:40Z,2026-09-20T17:43:40+0200,448a4d9c-d229-42b9-b994-465cf62e34a7,2026-09-17T19:45:00Z,2026-09-17T21:45:00+0200,43530.57,MW,FR,FR,actual_load,Actual Load,2026-09-20T15:43:41Z
2026-09-20T15:43:40Z,2026-09-20T17:43:40+0200,448a4d9c-d229-42b9-b994-465cf62e34a7,2026-09-17T20:00:00Z,2026-09-17T22:00:00+0200,44077.18,MW,FR,FR,actual_load,Actual Load,2026-09-20T15:43:41Z
2026-09-20T15:43:40Z,2026-09-20T17:43:40+0200,448a4d9c-d229-42b9-b994-465cf62e34a7,2026-09-17T20:15:00Z,2026-09-17T22:15:00+0200,43813.33,MW,FR,FR,actual_load,Actual Load,2026-09-20T15:43:41Z
2026-09-20T15:43:40Z,2026-09-20T17:43:40+0200,448a4d9c-d229-42b9-b994-465cf62e34a7,2026-09-17T20:30:00Z,2026-09-17T22:30:00+0200,44737.97,MW,FR,FR,actual_load,Actual Load,2026-09-20T15:43:41Z
2026-09-20T15:43:40Z,2026-09-20T17:43:40+0200,448a4d9c-d229-42b9-b994-465cf62e34a7,2026-09-17T20:45:00Z,2026-09-17T22:45:00+0200,44082.51,MW,FR,FR,actual_load,Actual Load,2026-09-20T15:43:41Z
2026-09-20T15:43:40Z,2026-09-20T17:43:40+0200,448a4d9c-d229-42b9-b994-465cf62e34a7,2026-09-17T21:00:00Z,2026-09-17T23:00:00+0200,43940.14,MW,FR,FR,actual_load,Actual Load,2026-09-20T15:43:41Z
2026-09-20T15:43:40Z,2026-09-20T17:43:40+0200,448a4d9c-d229-42b9-b994-465cf62e34a7,2026-09-17T21:15:00Z,2026-09-17T23:15:00+0200,43040.24,MW,FR,FR,actual_load,Actual Load,2026-09-20T15:43:41Z
2026-09-20T15:43:40Z,2026-09-20T17:43:40+0200,448a4d9c-d229-42b9-b994-465cf62e34a7,2026-09-17T21:30:00Z,2026-09-17T23:30:00+0200,43491.09,MW,FR,FR,actual_load,Actual Load,2026-09-20T15:43:41Z
2026-09-20T15:43:40Z,2026-09-20T17:43:40+0200,448a4d9c-d229-42b9-b994-465cf62e34a7,2026-09-17T21:45:00Z,2026-09-17T23:45:00+0200,42576.61,MW,FR,FR,actual_load,Actual Load,2026-09-20T15:43:41Z
2026-09-20T15:43:40Z,2026-09-20T17:43:40+0200,448a4d9c-d229-42b9-b994-465cf62e34a7,2026-09-17T22:00:00Z,2026-09-18T00:00:00+0200,42557.04,MW,FR,FR,actual_load,Actual Load,2026-09-20T15:43:41Z
2026-09-20T15:43:40Z,2026-09-20T17:43:40+0200,448a4d9c-d229-42b9-b994-465cf62e34a7,2026-09-17T22:15:00Z,2026-09-18T00:15:00+0200,41250.74,MW,FR,FR,actual_load,Actual Load,2026-09-20T15:43:41Z
2026-09-20T15:43:40Z,2026-09-20T17:43:40+0200,448a4d9c-d229-42b9-b994-465cf62e34a7,2026-09-17T22:30:00Z,2026-09-18T00:30:00+0200,40199.8,MW,FR,FR,actual_load,Actual Load,2026-09-20T15:43:41Z
2026-09-20T15:43:40Z,2026-09-20T17:43:40+0200,448a4d9c-d229-42b9-b994-465cf62e34a7,2026-09-17T22:45:00Z,2026-09-18T00:45:00+0200,39512.43,MW,FR,FR,actual_load,Actual Load,2026-09-20T15:43:41Z
2026-09-20T15:43:40Z,2026-09-20T17:43:40+0200,448a4d9c-d229-42b9-b994-465cf62e34a7,2026-09-17T23:00:00Z,2026-09-18T01:00:00+0200,39760.01,MW,FR,FR,actual_load,Actual Load,2026-09-20T15:43:41Z
2026-09-20T15:43:40Z,2026-09-20T17:43:40+0200,448a4d9c-d229-42b9-b994-465cf62e34a7,2026-09-17T23:15:00Z,2026-09-18T01:15:00+0200,39194.82,MW,FR,FR,actual_load,Actual Load,2026-09-20T15:43:41Z
2026-09-20T15:43:40Z,2026-09-20T17:43:40+0200,448a4d9c-d229-42b9-b994-465cf62e34a7,2026-09-17T23:30:00Z,2026-09-18T01:30:00+0200,39170.39,MW,FR,FR,actual_load,Actual Load,2026-09-20T15:43:41Z
2026-09-20T15:43:40Z,2026-09-20T17:43:40+0200,448a4d9c-d229-42b9-b994-465cf62e34a7,2026-09-17T23:45:00Z,2026-09-18T01:45:00+0200,38526.63,MW,FR,FR,actual_load,Actual Load,2026-09-20T15:43:41Z
2026-09-20T15:43:40Z,2026-09-20T17:43:40+0200,448a4d9c-d229-42b9-b994-465cf62e34a7,2026-09-18T00:00:00Z,2026-09-18T02:00:00+0200,38178.64,MW,FR,FR,actual_load,Actual Load,2026-09-20T15:43:41Z
2026-09-20T15:43:40Z,2026-09-20T17:43:40+0200,448a4d9c-d229-42b9-b994-465cf62e34a7,2026-09-18T00:15:00Z,2026-09-18T02:15:00+0200,37433.81,MW,FR,FR,actual_load,Actual Load,2026-09-20T15:43:41Z
2026-09-20T15:43:40Z,2026-09-20T17:43:40+0200,448a4d9c-d229-42b9-b994-465cf62e34a7,2026-09-18T00:30:00Z,2026-09-18T02:30:00+0200,36790.48,MW,FR,FR,actual_load,Actual Load,2026-09-20T15:43:41Z
2026-09-20T15:43:40Z,2026-09-20T17:43:40+0200,448a4d9c-d229-42b9-b994-465cf62e34a7,2026-09-18T00:45:00Z,2026-09-18T02:45:00+0200,36188.12,MW,FR,FR,actual_load,Actual Load,2026-09-20T15:43:41Z
2026-09-20T15:43:40Z,2026-09-20T17:43:40+0200,448a4d9c-d229-42b9-b994-465cf62e34a7,2026-09-18T01:00:00Z,2026-09-18T03:00:00+0200,35773.61,MW,FR,FR,actual_load,Actual Load,2026-09-20T15:43:41Z
2026-09-20T15:43:40Z,2026-09-20T17:43:40+0200,448a4d9c-d229-42b9-b994-465cf62e34a7,2026-09-18T01:15:00Z,2026-09-18T03:15:00+0200,35225.11,MW,FR,FR,actual_load,Actual Load,2026-09-20T15:43:41Z
2026-09-20T15:43:40Z,2026-09-20T17:43:40+0200,448a4d9c-d229-42b9-b994-465cf62e34a7,2026-09-18T01:30:00Z,2026-09-18T03:30:00+0200,35189.14,MW,FR,FR,actual_load,Actual Load,2026-09-20T15:43:41Z
2026-09-20T15:43:40Z,2026-09-20T17:43:40+0200,448a4d9c-d229-42b9-b994-465cf62e34a7,2026-09-18T01:45:00Z,2026-09-18T03:45:00+0200,34921.24,MW,FR,FR,actual_load,Actual Load,2026-09-20T15:43:41Z
2026-09-20T15:43:40Z,2026-09-20T17:43:40+0200,448a4d9c-d229-42b9-b994-465cf62e34a7,2026-09-18T02:00:00Z,2026-09-18T04:00:00+0200,34927.73,MW,FR,FR,actual_load,Actual Load,2026-09-20T15:43:41Z
2026-09-20T15:43:40Z,2026-09-20T17:43:40+0200,448a4d9c-d229-42b9-b994-465cf62e34a7,2026-09-18T02:15:00Z,2026-09-18T04:15:00+0200,34888.27,MW,FR,FR,actual_load,Actual Load,2026-09-20T15:43:41Z
2026-09-20T15:43:40Z,2026-09-20T17:43:40+0200,448a4d9c-d229-42b9-b994-465cf62e34a7,2026-09-18T02:30:00Z,2026-09-18T04:30:00+0200,34992.78,MW,FR,FR,actual_load,Actual Load,2026-09-20T15:43:41Z
2026-09-20T15:43:40Z,2026-09-20T17:43:40+0200,448a4d9c-d229-42b9-b994-465cf62e34a7,2026-09-18T02:45:00Z,2026-09-18T04:45:00+0200,35116.13,MW,FR,FR,actual_load,Actual Load,2026-09-20T15:43:41Z
2026-09-20T15:43:40Z,2026-09-20T17:43:40+0200,448a4d9c-d229-42b9-b994-465cf62e34a7,2026-09-18T03:00:00Z,2026-09-18T05:00:00+0200,35818.16,MW,FR,FR,actual_load,Actual Load,2026-09-20T15:43:41Z
2026-09-20T15:43:40Z,2026-09-20T17:43:40+0200,448a4d9c-d229-42b9-b994-465cf62e34a7,2026-09-18T03:15:00Z,2026-09-18T05:15:00+0200,36126.72,MW,FR,FR,actual_load,Actual Load,2026-09-20T15:43:41Z
2026-09-20T15:43:40Z,2026-09-20T17:43:40+0200,448a4d9c-d229-42b9-b994-465cf62e34a7,2026-09-18T03:30:00Z,2026-09-18T05:30:00+0200,36662.84,MW,FR,FR,actual_load,Actual Load,2026-09-20T15:43:41Z
2026-09-20T15:43:40Z,2026-09-20T17:43:40+0200,448a4d9c-d229-42b9-b994-465cf62e34a7,2026-09-18T03:45:00Z,2026-09-18T05:45:00+0200,37299.21,MW,FR,FR,actual_load,Actual Load,2026-09-20T15:43:41Z
2026-09-20T15:43:40Z,2026-09-20T17:43:40+0200,448a4d9c-d229-42b9-b994-465cf62e34a7,2026-09-18T04:00:00Z,2026-09-18T06:00:00+0200,38522.71,MW,FR,FR,actual_load,Actual Load,2026-09-20T15:43:41Z
2026-09-20T15:43:40Z,2026-09-20T17:43:40+0200,448a4d9c-d229-42b9-b994-465cf62e34a7,2026-09-18T04:15:00Z,2026-09-18T06:15:00+0200,39636.02,MW,FR,FR,actual_load,Actual Load,2026-09-20T15:43:41Z
2026-09-20T15:43:40Z,2026-09-20T17:43:40+0200,448a4d9c-d229-42b9-b994-465cf62e34a7,2026-09-18T04:30:00Z,2026-09-18T06:30:00+0200,40587.85,MW,FR,FR,actual_load,Actual Load,2026-09-20T15:43:41Z
2026-09-20T15:43:40Z,2026-09-20T17:43:40+0200,448a4d9c-d229-42b9-b994-465cf62e34a7,2026-09-18T04:45:00Z,2026-09-18T06:45:00+0200,41800.28,MW,FR,FR,actual_load,Actual Load,2026-09-20T15:43:41Z
2026-09-20T15:43:40Z,2026-09-20T17:43:40+0200,448a4d9c-d229-42b9-b994-465cf62e34a7,2026-09-18T05:00:00Z,2026-09-18T07:00:00+0200,42892.11,MW,FR,FR,actual_load,Actual Load,2026-09-20T15:43:41Z
2026-09-20T15:43:40Z,2026-09-20T17:43:40+0200,448a4d9c-d229-42b9-b994-465cf62e34a7,2026-09-18T05:15:00Z,2026-09-18T07:15:00+0200,43654.08,MW,FR,FR,actual_load,Actual Load,2026-09-20T15:43:41Z
2026-09-20T15:43:40Z,2026-09-20T17:43:40+0200,448a4d9c-d229-42b9-b994-465cf62e34a7,2026-09-18T05:30:00Z,2026-09-18T07:30:00+0200,44094.21,MW,FR,FR,actual_load,Actual Load,2026-09-20T15:43:41Z
2026-09-20T15:43:40Z,2026-09-20T17:43:40+0200,448a4d9c-d229-42b9-b994-465cf62e34a7,2026-09-18T05:45:00Z,2026-09-18T07:45:00+0200,44776.12,MW,FR,FR,actual_load,Actual Load,2026-09-20T15:43:41Z
2026-09-20T15:43:40Z,2026-09-20T17:43:40+0200,448a4d9c-d229-42b9-b994-465cf62e34a7,2026-09-18T06:00:00Z,2026-09-18T08:00:00+0200,45362.05,MW,FR,FR,actual_load,Actual Load,2026-09-20T15:43:41Z
2026-09-20T15:43:40Z,2026-09-20T17:43:40+0200,448a4d9c-d229-42b9-b994-465cf62e34a7,2026-09-18T06:15:00Z,2026-09-18T08:15:00+0200,45721.78,MW,FR,FR,actual_load,Actual Load,2026-09-20T15:43:41Z
2026-09-20T15:43:40Z,2026-09-20T17:43:40+0200,448a4d9c-d229-42b9-b994-465cf62e34a7,2026-09-18T06:30:00Z,2026-09-18T08:30:00+0200,46017.84,MW,FR,FR,actual_load,Actual Load,2026-09-20T15:43:41Z
2026-09-20T15:43:40Z,2026-09-20T17:43:40+0200,448a4d9c-d229-42b9-b994-465cf62e34a7,2026-09-18T06:45:00Z,2026-09-18T08:45:00+0200,46316.23,MW,FR,FR,actual_load,Actual Load,2026-09-20T15:43:41Z
2026-09-20T15:43:40Z,2026-09-20T17:43:40+0200,448a4d9c-d229-42b9-b994-465cf62e34a7,2026-09-18T07:00:00Z,2026-09-18T09:00:00+0200,46291.32,MW,FR,FR,actual_load,Actual Load,2026-09-20T15:43:41Z
2026-09-20T15:43:40Z,2026-09-20T17:43:40+0200,448a4d9c-d229-42b9-b994-465cf62e34a7,2026-09-18T07:15:00Z,2026-09-18T09:15:00+0200,46313.19,MW,FR,FR,actual_load,Actual Load,2026-09-20T15:43:41Z
2026-09-20T15:43:40Z,2026-09-20T17:43:40+0200,448a4d9c-d229-42b9-b994-465cf62e34a7,2026-09-18T07:30:00Z,2026-09-18T09:30:00+0200,46472.64,MW,FR,FR,actual_load,Actual Load,2026-09-20T15:43:41Z
2026-09-20T15:43:40Z,2026-09-20T17:43:40+0200,448a4d9c-d229-42b9-b994-465cf62e34a7,2026-09-18T07:45:00Z,2026-09-18T09:45:00+0200,46409.07,MW,FR,FR,actual_load,Actual Load,2026-09-20T15:43:41Z
2026-09-20T15:43:40Z,2026-09-20T17:43:40+0200,448a4d9c-d229-42b9-b994-465cf62e34a7,2026-09-18T08:00:00Z,2026-09-18T10:00:00+0200,46531.06,MW,FR,FR,actual_load,Actual Load,2026-09-20T15:43:41Z
2026-09-20T15:43:40Z,2026-09-20T17:43:40+0200,448a4d9c-d229-42b9-b994-465cf62e34a7,2026-09-18T08:15:00Z,2026-09-18T10:15:00+0200,46768.54,MW,FR,FR,actual_load,Actual Load,2026-09-20T15:43:41Z
2026-09-20T15:43:40Z,2026-09-20T17:43:40+0200,448a4d9c-d229-42b9-b994-465cf62e34a7,2026-09-18T08:30:00Z,2026-09-18T10:30:00+0200,46848.89,MW,FR,FR,actual_load,Actual Load,2026-09-20T15:43:41Z
2026-09-20T15:43:40Z,2026-09-20T17:43:40+0200,448a4d9c-d229-42b9-b994-465cf62e34a7,2026-09-18T08:45:00Z,2026-09-18T10:45:00+0200,47074.45,MW,FR,FR,actual_load,Actual Load,2026-09-20T15:43:41Z
2026-09-20T15:43:40Z,2026-09-20T17:43:40+0200,448a4d9c-d229-42b9-b994-465cf62e34a7,2026-09-18T09:00:00Z,2026-09-18T11:00:00+0200,47215.07,MW,FR,FR,actual_load,Actual Load,2026-09-20T15:43:41Z
2026-09-20T15:43:40Z,2026-09-20T17:43:40+0200,448a4d9c-d229-42b9-b994-465cf62e34a7,2026-09-18T09:15:00Z,2026-09-18T11:15:00+0200,47426.32,MW,FR,FR,actual_load,Actual Load,2026-09-20T15:43:41Z
2026-09-20T15:43:40Z,2026-09-20T17:43:40+0200,448a4d9c-d229-42b9-b994-465cf62e34a7,2026-09-18T09:30:00Z,2026-09-18T11:30:00+0200,47681.47,MW,FR,FR,actual_load,Actual Load,2026-09-20T15:43:41Z
2026-09-20T15:43:40Z,2026-09-20T17:43:40+0200,448a4d9c-d229-42b9-b994-465cf62e34a7,2026-09-18T09:45:00Z,2026-09-18T11:45:00+0200,48042.71,MW,FR,FR,actual_load,Actual Load,2026-09-20T15:43:41Z
2026-09-20T15:43:40Z,2026-09-20T17:43:40+0200,448a4d9c-d229-42b9-b994-465cf62e34a7,2026-09-18T10:00:00Z,2026-09-18T12:00:00+0200,47906.36,MW,FR,FR,actual_load,Actual Load,2026-09-20T15:43:41Z
2026-09-20T15:43:40Z,2026-09-20T17:43:40+0200,448a4d9c-d229-42b9-b994-465cf62e34a7,2026-09-18T10:15:00Z,2026-09-18T12:15:00+0200,47951.24,MW,FR,FR,actual_load,Actual Load,2026-09-20T15:43:41Z
2026-09-20T15:43:40Z,2026-09-20T17:43:40+0200,448a4d9c-d229-42b9-b994-465cf62e34a7,2026-09-18T10:30:00Z,2026-09-18T12:30:00+0200,48369.18,MW,FR,FR,actual_load,Actual Load,2026-09-20T15:43:41Z
2026-09-20T15:43:40Z,2026-09-20T17:43:40+0200,448a4d9c-d229-42b9-b994-465cf62e34a7,2026-09-18T10:45:00Z,2026-09-18T12:45:00+0200,47598.18,MW,FR,FR,actual_load,Actual Load,2026-09-20T15:43:41Z
2026-09-20T15:43:40Z,2026-09-20T17:43:40+0200,448a4d9c-d229-42b9-b994-465cf62e34a7,2026-09-18T11:00:00Z,2026-09-18T13:00:00+0200,46966.21,MW,FR,FR,actual_load,Actual Load,2026-09-20T15:43:41Z
2026-09-20T15:43:40Z,2026-09-20T17:43:40+0200,448a4d9c-d229-42b9-b994-465cf62e34a7,2026-09-18T11:15:00Z,2026-09-18T13:15:00+0200,46133.56,MW,FR,FR,actual_load,Actual Load,2026-09-20T15:43:41Z
2026-09-20T15:43:40Z,2026-09-20T17:43:40+0200,448a4d9c-d229-42b9-b994-465cf62e34a7,2026-09-18T11:30:00Z,2026-09-18T13:30:00+0200,45818.62,MW,FR,FR,actual_load,Actual Load,2026-09-20T15:43:41Z
2026-09-20T15:43:40Z,2026-09-20T17:43:40+0200,448a4d9c-d229-42b9-b994-465cf62e34a7,2026-09-18T11:45:00Z,2026-09-18T13:45:00+0200,45871.09,MW,FR,FR,actual_load,Actual Load,2026-09-20T15:43:41Z
2026-09-20T15:43:40Z,2026-09-20T17:43:40+0200,448a4d9c-d229-42b9-b994-465cf62e34a7,2026-09-18T12:00:00Z,2026-09-18T14:00:00+0200,47310.4,MW,FR,FR,actual_load,Actual Load,2026-09-20T15:43:41Z
2026-09-20T15:43:40Z,2026-09-20T17:43:40+0200,448a4d9c-d229-42b9-b994-465cf62e34a7,2026-09-18T12:15:00Z,2026-09-18T14:15:00+0200,46745.87,MW,FR,FR,actual_load,Actual Load,2026-09-20T15:43:41Z
2026-09-20T15:43:40Z,2026-09-20T17:43:40+0200,448a4d9c-d229-42b9-b994-465cf62e34a7,2026-09-18T12:30:00Z,2026-09-18T14:30:00+0200,46587.08,MW,FR,FR,actual_load,Actual Load,2026-09-20T15:43:41Z
2026-09-20T15:43:40Z,2026-09-20T17:43:40+0200,448a4d9c-d229-42b9-b994-465cf62e34a7,2026-09-18T12:45:00Z,2026-09-18T14:45:00+0200,45996.52,MW,FR,FR,actual_load,Actual Load,2026-09-20T15:43:41Z
2026-09-20T15:43:40Z,2026-09-20T17:43:40+0200,448a4d9c-d229-42b9-b994-465cf62e34a7,2026-09-18T13:00:00Z,2026-09-18T15:00:00+0200,45846.66,MW,FR,FR,actual_load,Actual Load,2026-09-20T15:43:41Z
2026-09-20T15:43:40Z,2026-09-20T17:43:40+0200,448a4d9c-d229-42b9-b994-465cf62e34a7,2026-09-18T13:15:00Z,2026-09-18T15:15:00+0200,45613.03,MW,FR,FR,actual_load,Actual Load,2026-09-20T15:43:41Z
2026-09-20T15:43:40Z,2026-09-20T17:43:40+0200,448a4d9c-d229-42b9-b994-465cf62e34a7,2026-09-18T13:30:00Z,2026-09-18T15:30:00+0200,45126.63,MW,FR,FR,actual_load,Actual Load,2026-09-20T15:43:41Z
2026-09-20T15:43:40Z,2026-09-20T17:43:40+0200,448a4d9c-d229-42b9-b994-465cf62e34a7,2026-09-18T13:45:00Z,2026-09-18T15:45:00+0200,44920.96,MW,FR,FR,actual_load,Actual Load,2026-09-20T15:43:41Z
2026-09-20T15:43:40Z,2026-09-20T17:43:40+0200,448a4d9c-d229-42b9-b994-465cf62e34a7,2026-09-18T14:00:00Z,2026-09-18T16:00:00+0200,44373.42,MW,FR,FR,actual_load,Actual Load,2026-09-20T15:43:41Z
2026-09-20T15:43:40Z,2026-09-20T17:43:40+0200,448a4d9c-d229-42b9-b994-465cf62e34a7,2026-09-18T14:15:00Z,2026-09-18T16:15:00+0200,44138.45,MW,FR,FR,actual_load,Actual Load,2026-09-20T15:43:41Z
2026-09-20T15:43:40Z,2026-09-20T17:43:40+0200,448a4d9c-d229-42b9-b994-465cf62e34a7,2026-09-18T14:30:00Z,2026-09-18T16:30:00+0200,43978.51,MW,FR,FR,actual_load,Actual Load,2026-09-20T15:43:41Z
2026-09-20T15:43:40Z,2026-09-20T17:43:40+0200,448a4d9c-d229-42b9-b994-465cf62e34a7,2026-09-18T14:45:00Z,2026-09-18T16:45:00+0200,43902.1,MW,FR,FR,actual_load,Actual Load,2026-09-20T15:43:41Z
2026-09-20T15:43:40Z,2026-09-20T17:43:40+0200,448a4d9c-d229-42b9-b994-465cf62e34a7,2026-09-18T15:00:00Z,2026-09-18T17:00:00+0200,43765.34,MW,FR,FR,actual_load,Actual Load,2026-09-20T15:43:41Z
2026-09-20T15:43:40Z,2026-09-20T17:43:40+0200,448a4d9c-d229-42b9-b994-465cf62e34a7,2026-09-18T15:15:00Z,2026-09-18T17:15:00+0200,44117.08,MW,FR,FR,actual_load,Actual Load,2026-09-20T15:43:41Z
2026-09-20T15:43:40Z,2026-09-20T17:43:40+0200,448a4d9c-d229-42b9-b994-465cf62e34a7,2026-09-18T15:30:00Z,2026-09-18T17:30:00+0200,44661.23,MW,FR,FR,actual_load,Actual Load,2026-09-20T15:43:41Z
2026-09-20T15:43:40Z,2026-09-20T17:43:40+0200,448a4d9c-d229-42b9-b994-465cf62e34a7,2026-09-18T15:45:00Z,2026-09-18T17:45:00+0200,45005.1,MW,FR,FR,actual_load,Actual Load,2026-09-20T15:43:41Z
2026-09-20T15:43:40Z,2026-09-20T17:43:40+0200,448a4d9c-d229-42b9-b994-465cf62e34a7,2026-09-18T16:00:00Z,2026-09-18T18:00:00+0200,45683.45,MW,FR,FR,actual_load,Actual Load,2026-09-20T15:43:41Z
2026-09-20T15:43:40Z,2026-09-20T17:43:40+0200,448a4d9c-d229-42b9-b994-465cf62e34a7,2026-09-18T16:15:00Z,2026-09-18T18:15:00+0200,45882.14,MW,FR,FR,actual_load,Actual Load,2026-09-20T15:43:41Z
2026-09-20T15:43:40Z,2026-09-20T17:43:40+0200,448a4d9c-d229-42b9-b994-465cf62e34a7,2026-09-18T16:30:00Z,2026-09-18T18:30:00+0200,46386.42,MW,FR,FR,actual_load,Actual Load,2026-09-20T15:43:41Z
2026-09-20T15:43:40Z,2026-09-20T17:43:40+0200,448a4d9c-d229-42b9-b994-465cf62e34a7,2026-09-18T16:45:00Z,2026-09-18T18:45:00+0200,46913.97,MW,FR,FR,actual_load,Actual Load,2026-09-20T15:43:41Z
2026-09-20T15:43:40Z,2026-09-20T17:43:40+0200,448a4d9c-d229-42b9-b994-465cf62e34a7,2026-09-18T17:00:00Z,2026-09-18T19:00:00+0200,47013.87,MW,FR,FR,actual_load,Actual Load,2026-09-20T15:43:41Z
2026-09-20T15:43:40Z,2026-09-20T17:43:40+0200,448a4d9c-d229-42b9-b994-465cf62e34a7,2026-09-18T17:15:00Z,2026-09-18T19:15:00+0200,46767.0,MW,FR,FR,actual_load,Actual Load,2026-09-20T15:43:41Z
2026-09-20T15:43:40Z,2026-09-20T17:43:40+0200,448a4d9c-d229-42b9-b994-465cf62e34a7,2026-09-18T17:30:00Z,2026-09-18T19:30:00+0200,46667.84,MW,FR,FR,actual_load,Actual Load,2026-09-20T15:43:41Z
2026-09-20T15:43:40Z,2026-09-20T17:43:40+0200,448a4d9c-d229-42b9-b994-465cf62e34a7,2026-09-18T17:45:00Z,2026-09-18T19:45:00+0200,46644.25,MW,FR,FR,actual_load,Actual Load,2026-09-20T15:43:41Z
2026-09-20T15:43:40Z,2026-09-20T17:43:40+0200,448a4d9c-d229-42b9-b994-465cf62e34a7,2026-09-18T18:00:00Z,2026-09-18T20:00:00+0200,46630.82,MW,FR,FR,actual_load,Actual Load,2026-09-20T15:43:41Z
2026-09-20T15:43:40Z,2026-09-20T17:43:40+0200,448a4d9c-d229-42b9-b994-465cf62e34a7,2026-09-18T18:15:00Z,2026-09-18T20:15:00+0200,46387.41,MW,FR,FR,actual_load,Actual Load,2026-09-20T15:43:41Z
2026-09-20T15:43:40Z,2026-09-20T17:43:40+0200,448a4d9c-d229-42b9-b994-465cf62e34a7,2026-09-18T18:30:00Z,2026-09-18T20:30:00+0200,45957.82,MW,FR,FR,actual_load,Actual Load,2026-09-20T15:43:41Z
2026-09-20T15:43:40Z,2026-09-20T17:43:40+0200,448a4d9c-d229-42b9-b994-465cf62e34a7,2026-09-18T18:45:00Z,2026-09-18T20:45:00+0200,45097.66,MW,FR,FR,actual_load,Actual Load,2026-09-20T15:43:41Z
2026-09-20T15:43:40Z,2026-09-20T17:43:40+0200,448a4d9c-d229-42b9-b994-465cf62e34a7,2026-09-18T19:00:00Z,2026-09-18T21:00:00+0200,44744.75,MW,FR,FR,actual_load,Actual Load,2026-09-20T15:43:41Z
2026-09-20T15:43:40Z,2026-09-20T17:43:40+0200,448a4d9c-d229-42b9-b994-465cf62e34a7,2026-09-18T19:15:00Z,2026-09-18T21:15:00+0200,44000.52,MW,FR,FR,actual_load,Actual Load,2026-09-20T15:43:41Z
2026-09-20T15:43:40Z,2026-09-20T17:43:40+0200,448a4d9c-d229-42b9-b994-465cf62e34a7,2026-09-18T19:30:00Z,2026-09-18T21:30:00+0200,43466.44,MW,FR,FR,actual_load,Actual Load,2026-09-20T15:43:41Z
2026-09-20T15:43:40Z,2026-09-20T17:43:40+0200,448a4d9c-d229-42b9-b994-465cf62e34a7,2026-09-18T19:45:00Z,2026-09-18T21:45:00+0200,42640.05,MW,FR,FR,actual_load,Actual Load,2026-09-20T15:43:41Z
2026-09-20T15:43:40Z,2026-09-20T17:43:40+0200,448a4d9c-d229-42b9-b994-465cf62e34a7,2026-09-18T20:00:00Z,2026-09-18T22:00:00+0200,43296.77,MW,FR,FR,actual_load,Actual Load,2026-09-20T15:43:41Z
2026-09-20T15:43:40Z,2026-09-20T17:43:40+0200,448a4d9c-d229-42b9-b994-465cf62e34a7,2026-09-18T20:15:00Z,2026-09-18T22:15:00+0200,42866.79,MW,FR,FR,actual_load,Actual Load,2026-09-20T15:43:41Z
2026-09-20T15:43:40Z,2026-09-20T17:43:40+0200,448a4d9c-d229-42b9-b994-465cf62e34a7,2026-09-18T20:30:00Z,2026-09-18T22:30:00+0200,43997.53,MW,FR,FR,actual_load,Actual Load,2026-09-20T15:43:41Z
2026-09-20T15:43:40Z,2026-09-20T17:43:40+0200,448a4d9c-d229-42b9-b994-465cf62e34a7,2026-09-18T20:45:00Z,2026-09-18T22:45:00+0200,43457.81,MW,FR,FR,actual_load,Actual Load,2026-09-20T15:43:41Z
2026-09-20T15:43:40Z,2026-09-20T17:43:40+0200,448a4d9c-d229-42b9-b994-465cf62e34a7,2026-09-18T21:00:00Z,2026-09-18T23:00:00+0200,43400.74,MW,FR,FR,actual_load,Actual Load,2026-09-20T15:43:41Z
2026-09-20T15:43:40Z,2026-09-20T17:43:40+0200,448a4d9c-d229-42b9-b994-465cf62e34a7,2026-09-18T21:15:00Z,2026-09-18T23:15:00+0200,42686.64,MW,FR,FR,actual_load,Actual Load,2026-09-20T15:43:41Z
2026-09-20T15:43:40Z,2026-09-20T17:43:40+0200,448a4d9c-d229-42b9-b994-465cf62e34a7,2026-09-18T21:30:00Z,2026-09-18T23:30:00+0200,43047.27,MW,FR,FR,actual_load,Actual Load,2026-09-20T15:43:41Z
2026-09-20T15:43:40Z,2026-09-20T17:43:40+0200,448a4d9c-d229-42b9-b994-465cf62e34a7,2026-09-18T21:45:00Z,2026-09-18T23:45:00+0200,42197.08,MW,FR,FR,actual_load,Actual Load,2026-09-20T15:43:41Z
2026-09-20T15:43:40Z,2026-09-20T17:43:40+0200,448a4d9c-d229-42b9-b994-465cf62e34a7,2026-09-18T22:00:00Z,2026-09-19T00:00:00+0200,42136.66,MW,FR,FR,actual_load,Actual Load,2026-09-20T15:43:41Z
2026-09-20T15:43:40Z,2026-09-20T17:43:40+0200,448a4d9c-d229-42b9-b994-465cf62e34a7,2026-09-18T22:15:00Z,2026-09-19T00:15:00+0200,41256.89,MW,FR,FR,actual_load,Actual Load,2026-09-20T15:43:41Z
2026-09-20T15:43:40Z,2026-09-20T17:43:40+0200,448a4d9c-d229-42b9-b994-465cf62e34a7,2026-09-18T22:30:00Z,2026-09-19T00:30:00+0200,40297.96,MW,FR,FR,actual_load,Actual Load,2026-09-20T15:43:41Z
2026-09-20T15:43:40Z,2026-09-20T17:43:40+0200,448a4d9c-d229-42b9-b994-465cf62e34a7,2026-09-18T22:45:00Z,2026-09-19T00:45:00+0200,39359.46,MW,FR,FR,actual_load,Actual Load,2026-09-20T15:43:41Z
2026-09-20T15:43:40Z,2026-09-20T17:43:40+0200,448a4d9c-d229-42b9-b994-465cf62e34a7,2026-09-18T23:00:00Z,2026-09-19T01:00:00+0200,39369.51,MW,FR,FR,actual_load,Actual Load,2026-09-20T15:43:41Z
2026-09-20T15:43:40Z,2026-09-20T17:43:40+0200,448a4d9c-d229-42b9-b994-465cf62e34a7,2026-09-18T23:15:00Z,2026-09-19T01:15:00+0200,38627.09,MW,FR,FR,actual_load,Actual Load,2026-09-20T15:43:41Z
2026-09-20T15:43:40Z,2026-09-20T17:43:40+0200,448a4d9c-d229-42b9-b994-465cf62e34a7,2026-09-18T23:30:00Z,2026-09-19T01:30:00+0200,38468.69,MW,FR,FR,actual_load,Actual Load,2026-09-20T15:43:41Z
2026-09-20T15:43:40Z,2026-09-20T17:43:40+0200,448a4d9c-d229-42b9-b994-465cf62e34a7,2026-09-18T23:45:00Z,2026-09-19T01:45:00+0200,37699.92,MW,FR,FR,actual_load,Actual Load,2026-09-20T15:43:41Z
2026-09-20T15:43:40Z,2026-09-20T17:43:40+0200,448a4d9c-d229-42b9-b994-465cf62e34a7,2026-09-19T00:00:00Z,2026-09-19T02:00:00+0200,37247.96,MW,FR,FR,actual_load,Actual Load,2026-09-20T15:43:41Z
2026-09-20T15:43:40Z,2026-09-20T17:43:40+0200,448a4d9c-d229-42b9-b994-465cf62e34a7,2026-09-19T00:15:00Z,2026-09-19T02:15:00+0200,36521.81,MW,FR,FR,actual_load,Actual Load,2026-09-20T15:43:41Z
2026-09-20T15:43:40Z,2026-09-20T17:43:40+0200,448a4d9c-d229-42b9-b994-465cf62e34a7,2026-09-19T00:30:00Z,2026-09-19T02:30:00+0200,35982.17,MW,FR,FR,actual_load,Actual Load,2026-09-20T15:43:41Z
2026-09-20T15:43:40Z,2026-09-20T17:43:40+0200,448a4d9c-d229-42b9-b994-465cf62e34a7,2026-09-19T00:45:00Z,2026-09-19T02:45:00+0200,35363.14,MW,FR,FR,actual_load,Actual Load,2026-09-20T15:43:41Z
2026-09-20T15:43:40Z,2026-09-20T17:43:40+0200,448a4d9c-d229-42b9-b994-465cf62e34a7,2026-09-19T01:00:00Z,2026-09-19T03:00:00+0200,34819.23,MW,FR,FR,actual_load,Actual Load,2026-09-20T15:43:41Z
2026-09-20T15:43:40Z,2026-09-20T17:43:40+0200,448a4d9c-d229-42b9-b994-465cf62e34a7,2026-09-19T01:15:00Z,2026-09-19T03:15:00+0200,34412.75,MW,FR,FR,actual_load,Actual Load,2026-09-20T15:43:41Z
2026-09-20T15:43:40Z,2026-09-20T17:43:40+0200,448a4d9c-d229-42b9-b994-465cf62e34a7,2026-09-19T01:30:00Z,2026-09-19T03:30:00+0200,34007.88,MW,FR,FR,actual_load,Actual Load,2026-09-20T15:43:41Z
2026-09-20T15:43:40Z,2026-09-20T17:43:40+0200,448a4d9c-d229-42b9-b994-465cf62e34a7,2026-09-19T01:45:00Z,2026-09-19T03:45:00+0200,33811.58,MW,FR,FR,actual_load,Actual Load,2026-09-20T15:43:41Z
2026-09-20T15:43:40Z,2026-09-20T17:43:40+0200,448a4d9c-d229-42b9-b994-465cf62e34a7,2026-09-19T02:00:00Z,2026-09-19T04:00:00+0200,33715.57,MW,FR,FR,actual_load,Actual Load,2026-09-20T15:43:41Z
2026-09-20T15:43:40Z,2026-09-20T17:43:40+0200,448a4d9c-d229-42b9-b994-465cf62e34a7,2026-09-19T02:15:00Z,2026-09-19T04:15:00+0200,33523.67,MW,FR,FR,actual_load,Actual Load,2026-09-20T15:43:41Z
2026-09-20T15:43:40Z,2026-09-20T17:43:40+0200,448a4d9c-d229-42b9-b994-465cf62e34a7,2026-09-19T02:30:00Z,2026-09-19T04:30:00+0200,33502.88,MW,FR,FR,actual_load,Actual Load,2026-09-20T15:43:41Z
2026-09-20T15:43:40Z,2026-09-20T17:43:40+0200,448a4d9c-d229-42b9-b994-465cf62e34a7,2026-09-19T02:45:00Z,2026-09-19T04:45:00+0200,33287.65,MW,FR,FR,actual_load,Actual Load,2026-09-20T15:43:41Z
2026-09-20T15:43:40Z,2026-09-20T17:43:40+0200,448a4d9c-d229-42b9-b994-465cf62e34a7,2026-09-19T03:00:00Z,2026-09-19T05:00:00+0200,33771.57,MW,FR,FR,actual_load,Actual Load,2026-09-20T15:43:41Z
2026-09-20T15:43:40Z,2026-09-20T17:43:40+0200,448a4d9c-d229-42b9-b994-465cf62e34a7,2026-09-19T03:15:00Z,2026-09-19T05:15:00+0200,33592.56,MW,FR,FR,actual_load,Actual Load,2026-09-20T15:43:41Z
2026-09-20T15:43:40Z,2026-09-20T17:43:40+0200,448a4d9c-d229-42b9-b994-465cf62e34a7,2026-09-19T03:30:00Z,2026-09-19T05:30:00+0200,33785.1,MW,FR,FR,actual_load,Actual Load,2026-09-20T15:43:41Z
2026-09-20T15:43:40Z,2026-09-20T17:43:40+0200,448a4d9c-d229-42b9-b994-465cf62e34a7,2026-09-19T03:45:00Z,2026-09-19T05:45:00+0200,33758.63,MW,FR,FR,actual_load,Actual Load,2026-09-20T15:43:41Z
2026-09-20T15:43:40Z,2026-09-20T17:43:40+0200,448a4d9c-d229-42b9-b994-465cf62e34a7,2026-09-19T04:00:00Z,2026-09-19T06:00:00+0200,34257.49,MW,FR,FR,actual_load,Actual Load,2026-09-20T15:43:41Z
2026-09-20T15:43:40Z,2026-09-20T17:43:40+0200,448a4d9c-d229-42b9-b994-465cf62e34a7,2026-09-19T04:15:00Z,2026-09-19T06:15:00+0200,34600.18,MW,FR,FR,actual_load,Actual Load,2026-09-20T15:43:41Z
2026-09-20T15:43:40Z,2026-09-20T17:43:40+0200,448a4d9c-d229-42b9-b994-465cf62e34a7,2026-09-19T04:30:00Z,2026-09-19T06:30:00+0200,34703.98,MW,FR,FR,actual_load,Actual Load,2026-09-20T15:43:41Z
2026-09-20T15:43:40Z,2026-09-20T17:43:40+0200,448a4d9c-d229-42b9-b994-465cf62e34a7,2026-09-19T04:45:00Z,2026-09-19T06:45:00+0200,34919.35,MW,FR,FR,actual_load,Actual Load,2026-09-20T15:43:41Z
2026-09-20T15:43:40Z,2026-09-20T17:43:40+0200,448a4d9c-d229-42b9-b994-465cf62e34a7,2026-09-19T05:00:00Z,2026-09-19T07:00:00+0200,35144.97,MW,FR,FR,actual_load,Actual Load,2026-09-20T15:43:41Z
2026-09-20T15:43:40Z,2026-09-20T17:43:40+0200,448a4d9c-d229-42b9-b994-465cf62e34a7,2026-09-19T05:15:00Z,2026-09-19T07:15:00+0200,35376.18,MW,FR,FR,actual_load,Actual Load,2026-09-20T15:43:41Z
2026-09-20T15:43:40Z,2026-09-20T17:43:40+0200,448a4d9c-d229-42b9-b994-465cf62e34a7,2026-09-19T05:30:00Z,2026-09-19T07:30:00+0200,35435.1,MW,FR,FR,actual_load,Actual Load,2026-09-20T15:43:41Z
2026-09-20T15:43:40Z,2026-09-20T17:43:40+0200,448a4d9c-d229-42b9-b994-465cf62e34a7,2026-09-19T05:45:00Z,2026-09-19T07:45:00+0200,35927.5,MW,FR,FR,actual_load,Actual Load,2026-09-20T15:43:41Z
2026-09-20T15:43:40Z,2026-09-20T17:43:40+0200,448a4d9c-d229-42b9-b994-465cf62e34a7,2026-09-19T06:00:00Z,2026-09-19T08:00:00+0200,36423.48,MW,FR,FR,actual_load,Actual Load,2026-09-20T15:43:41Z
2026-09-20T15:43:40Z,2026-09-20T17:43:40+0200,448a4d9c-d229-42b9-b994-465cf62e34a7,2026-09-19T06:15:00Z,2026-09-19T08:15:00+0200,36845.58,MW,FR,FR,actual_load,Actual Load,2026-09-20T15:43:41Z
2026-09-20T15:43:40Z,2026-09-20T17:43:40+0200,448a4d9c-d229-42b9-b994-465cf62e34a7,2026-09-19T06:30:00Z,2026-09-19T08:30:00+0200,37244.7,MW,FR,FR,actual_load,Actual Load,2026-09-20T15:43:41Z
2026-09-20T15:43:40Z,2026-09-20T17:43:40+0200,448a4d9c-d229-42b9-b994-465cf62e34a7,2026-09-19T06:45:00Z,2026-09-19T08:45:00+0200,37474.89,MW,FR,FR,actual_load,Actual Load,2026-09-20T15:43:41Z
2026-09-20T15:43:40Z,2026-09-20T17:43:40+0200,448a4d9c-d229-42b9-b994-465cf62e34a7,2026-09-19T07:00:00Z,2026-09-19T09:00:00+0200,37944.48,MW,FR,FR,actual_load,Actual Load,2026-09-20T15:43:41Z
2026-09-20T15:43:40Z,2026-09-20T17:43:40+0200,448a4d9c-d229-42b9-b994-465cf62e34a7,2026-09-19T07:15:00Z,2026-09-19T09:15:00+0200,38256.03,MW,FR,FR,actual_load,Actual Load,2026-09-20T15:43:41Z
2026-09-20T15:43:40Z,2026-09-20T17:43:40+0200,448a4d9c-d229-42b9-b994-465cf62e34a7,2026-09-19T07:30:00Z,2026-09-19T09:30:00+0200,38585.95,MW,FR,FR,actual_load,Actual Load,2026-09-20T15:43:41Z
2026-09-20T15:43:40Z,2026-09-20T17:43:40+0200,448a4d9c-d229-42b9-b994-465cf62e34a7,2026-09-19T07:45:00Z,2026-09-19T09:45:00+0200,39081.89,MW,FR,FR,actual_load,Actual Load,2026-09-20T15:43:41Z
2026-09-20T15:43:40Z,2026-09-20T17:43:40+0200,448a4d9c-d229-42b9-b994-465cf62e34a7,2026-09-19T08:00:00Z,2026-09-19T10:00:00+0200,39459.89,MW,FR,FR,actual_load,Actual Load,2026-09-20T15:43:41Z
2026-09-20T15:43:40Z,2026-09-20T17:43:40+0200,448a4d9c-d229-42b9-b994-465cf62e34a7,2026-09-19T08:15:00Z,2026-09-19T10:15:00+0200,40022.23,MW,FR,FR,actual_load,Actual Load,2026-09-20T15:43:41Z
2026-09-20T15:43:40Z,2026-09-20T17:43:40+0200,448a4d9c-d229-42b9-b994-465cf62e34a7,2026-09-19T08:30:00Z,2026-09-19T10:30:00+0200,39919.58,MW,FR,FR,actual_load,Actual Load,2026-09-20T15:43:41Z
2026-09-20T15:43:40Z,2026-09-20T17:43:40+0200,448a4d9c-d229-42b9-b994-465cf62e34a7,2026-09-19T08:45:00Z,2026-09-19T10:45:00+0200,39369.26,MW,FR,FR,actual_load,Actual Load,2026-09-20T15:43:41Z
2026-09-20T15:43:40Z,2026-09-20T17:43:40+0200,448a4d9c-d229-42b9-b994-465cf62e34a7,2026-09-19T09:00:00Z,2026-09-19T11:00:00+0200,40428.3,MW,FR,FR,actual_load,Actual Load,2026-09-20T15:43:41Z
2026-09-20T15:43:40Z,2026-09-20T17:43:40+0200,448a4d9c-d229-42b9-b994-465cf62e34a7,2026-09-19T09:15:00Z,2026-09-19T11:15:00+0200,40838.36,MW,FR,FR,actual_load,Actual Load,2026-09-20T15:43:41Z
2026-09-20T15:43:40Z,2026-09-20T17:43:40+0200,448a4d9c-d229-42b9-b994-465cf62e34a7,2026-09-19T09:30:00Z,2026-09-19T11:30:00+0200,41114.73,MW,FR,FR,actual_load,Actual Load,2026-09-20T15:43:41Z
2026-09-20T15:43:40Z,2026-09-20T17:43:40+0200,448a4d9c-d229-42b9-b994-465cf62e34a7,2026-09-19T09:45:00Z,2026-09-19T11:45:00+0200,41521.31,MW,FR,FR,actual_load,Actual Load,2026-09-20T15:43:41Z
2026-09-20T15:43:40Z,2026-09-20T17:43:40+0200,448a4d9c-d229-42b9-b994-465cf62e34a7,2026-09-19T10:00:00Z,2026-09-19T12:00:00+0200,42847.1,MW,FR,FR,actual_load,Actual Load,2026-09-20T15:43:41Z
2026-09-20T15:43:40Z,2026-09-20T17:43:40+0200,448a4d9c-d229-42b9-b994-465cf62e34a7,2026-09-19T10:15:00Z,2026-09-19T12:15:00+0200,42272.78,MW,FR,FR,actual_load,Actual Load,2026-09-20T15:43:41Z
2026-09-20T15:43:40Z,2026-09-20T17:43:40+0200,448a4d9c-d229-42b9-b994-465cf62e34a7,2026-09-19T10:30:00Z,2026-09-19T12:30:00+0200,42551.5,MW,FR,FR,actual_load,Actual Load,2026-09-20T15:43:41Z
2026-09-20T15:43:40Z,2026-09-20T17:43:40+0200,448a4d9c-d229-42b9-b994-465cf62e34a7,2026-09-19T10:45:00Z,2026-09-19T12:45:00+0200,41938.53,MW,FR,FR,actual_load,Actual Load,2026-09-20T15:43:41Z
2026-09-20T15:43:40Z,2026-09-20T17:43:40+0200,448a4d9c-d229-42b9-b994-465cf62e34a7,2026-09-19T11:00:00Z,2026-09-19T13:00:00+0200,41305.07,MW,FR,FR,actual_load,Actual Load,2026-09-20T15:43:41Z
2026-09-20T15:43:40Z,2026-09-20T17:43:40+0200,448a4d9c-d229-42b9-b994-465cf62e34a7,2026-09-19T11:15:00Z,2026-09-19T13:15:00+0200,41114.73,MW,FR,FR,actual_load,Actual Load,2026-09-20T15:43:41Z
2026-09-20T15:43:40Z,2026-09-20T17:43:40+0200,448a4d9c-d229-42b9-b994-465cf62e34a7,2026-09-19T11:30:00Z,2026-09-19T13:30:00+0200,40919.76,MW,FR,FR,actual_load,Actual Load,2026-09-20T15:43:41Z
2026-09-20T15:43:40Z,2026-09-20T17:43:40+0200,448a4d9c-d229-42b9-b994-465cf62e34a7,2026-09-19T11:45:00Z,2026-09-19T13:45:00+0200,40785.8,MW,FR,FR,actual_load,Actual Load,2026-09-20T15:43:41Z
2026-09-20T15:43:40Z,2026-09-20T17:43:40+0200,448a4d9c-d229-42b9-b994-465cf62e34a7,2026-09-19T12:00:00Z,2026-09-19T14:00:00+0200,41605.32,MW,FR,FR,actual_load,Actual Load,2026-09-20T15:43:41Z
2026-09-20T15:43:40Z,2026-09-20T17:43:40+0200,448a4d9c-d229-42b9-b994-465cf62e34a7,2026-09-19T12:15:00Z,2026-09-19T14:15:00+0200,41184.64,MW,FR,FR,actual_load,Actual Load,2026-09-20T15:43:41Z
2026-09-20T15:43:40Z,2026-09-20T17:43:40+0200,448a4d9c-d229-42b9-b994-465cf62e34a7,2026-09-19T12:30:00Z,2026-09-19T14:30:00+0200,41125.85,MW,FR,FR,actual_load,Actual Load,2026-09-20T15:43:41Z
2026-09-20T15:43:40Z,2026-09-20T17:43:40+0200,448a4d9c-d229-42b9-b994-465cf62e34a7,2026-09-19T12:45:00Z,2026-09-19T14:45:00+0200,40988.07,MW,FR,FR,actual_load,Actual Load,2026-09-20T15:43:41Z
2026-09-20T15:43:40Z,2026-09-20T17:43:40+0200,448a4d9c-d229-42b9-b994-465cf62e34a7,2026-09-19T13:00:00Z,2026-09-19T15:00:00+0200,41145.48,MW,FR,FR,actual_load,Actual Load,2026-09-20T15:43:41Z
2026-09-20T15:43:40Z,2026-09-20T17:43:40+0200,448a4d9c-d229-42b9-b994-465cf62e34a7,2026-09-19T13:15:00Z,2026-09-19T15:15:00+0200,40703.54,MW,FR,FR,actual_load,Actual Load,2026-09-20T15:43:41Z
2026-09-20T15:43:40Z,2026-09-20T17:43:40+0200,448a4d9c-d229-42b9-b994-465cf62e34a7,2026-09-19T13:30:00Z,2026-09-19T15:30:00+0200,40697.08,MW,FR,FR,actual_load,Actual Load,2026-09-20T15:43:41Z
2026-09-20T15:43:40Z,2026-09-20T17:43:40+0200,448a4d9c-d229-42b9-b994-465cf62e34a7,2026-09-19T13:45:00Z,2026-09-19T15:45:00+0200,40535.94,MW,FR,FR,actual_load,Actual Load,2026-09-20T15:43:41Z
2026-09-20T15:43:40Z,2026-09-20T17:43:40+0200,448a4d9c-d229-42b9-b994-465cf62e34a7,2026-09-19T14:00:00Z,2026-09-19T16:00:00+0200,40332.57,MW,FR,FR,actual_load,Actual Load,2026-09-20T15:43:41Z
2026-09-20T15:43:40Z,2026-09-20T17:43:40+0200,448a4d9c-d229-42b9-b994-465cf62e34a7,2026-09-19T14:15:00Z,2026-09-19T16:15:00+0200,39867.48,MW,FR,FR,actual_load,Actual Load,2026-09-20T15:43:41Z
2026-09-20T15:43:40Z,2026-09-20T17:43:40+0200,448a4d9c-d229-42b9-b994-465cf62e34a7,2026-09-19T14:30:00Z,2026-09-19T16:30:00+0200,39556.55,MW,FR,FR,actual_load,Actual Load,2026-09-20T15:43:41Z
2026-09-20T15:43:40Z,2026-09-20T17:43:40+0200,448a4d9c-d229-42b9-b994-465cf62e34a7,2026-09-19T14:45:00Z,2026-09-19T16:45:00+0200,39593.92,MW,FR,FR,actual_load,Actual Load,2026-09-20T15:43:41Z
2026-09-20T15:43:40Z,2026-09-20T17:43:40+0200,448a4d9c-d229-42b9-b994-465cf62e34a7,2026-09-19T15:00:00Z,2026-09-19T17:00:00+0200,39527.38,MW,FR,FR,actual_load,Actual Load,2026-09-20T15:43:41Z
2026-09-20T15:43:40Z,2026-09-20T17:43:40+0200,448a4d9c-d229-42b9-b994-465cf62e34a7,2026-09-19T15:15:00Z,2026-09-19T17:15:00+0200,39658.71,MW,FR,FR,actual_load,Actual Load,2026-09-20T15:43:41Z
2026-09-20T15:43:40Z,2026-09-20T17:43:40+0200,448a4d9c-d229-42b9-b994-465cf62e34a7,2026-09-19T15:30:00Z,2026-09-19T17:30:00+0200,40195.89,MW,FR,FR,actual_load,Actual Load,2026-09-20T15:43:41Z
2026-09-20T15:43:40Z,2026-09-20T17:43:40+0200,448a4d9c-d229-42b9-b994-465cf62e34a7,2026-09-19T15:45:00Z,2026-09-19T17:45:00+0200,40632.66,MW,FR,FR,actual_load,Actual Load,2026-09-20T15:43:41Z
2026-09-20T15:43:40Z,2026-09-20T17:43:40+0200,448a4d9c-d229-42b9-b994-465cf62e34a7,2026-09-19T16:00:00Z,2026-09-19T18:00:00+0200,40677.09,MW,FR,FR,actual_load,Actual Load,2026-09-20T15:43:41Z
2026-09-20T15:43:40Z,2026-09-20T17:43:40+0200,448a4d9c-d229-42b9-b994-465cf62e34a7,2026-09-19T16:15:00Z,2026-09-19T18:15:00+0200,41092.41,MW,FR,FR,actual_load,Actual Load,2026-09-20T15:43:41Z
2026-09-20T15:43:40Z,2026-09-20T17:43:40+0200,448a4d9c-d229-42b9-b994-465cf62e34a7,2026-09-19T16:30:00Z,2026-09-19T18:30:00+0200,41584.73,MW,FR,FR,actual_load,Actual Load,2026-09-20T15:43:41Z
2026-09-20T15:43:40Z,2026-09-20T17:43:40+0200,448a4d9c-d229-42b9-b994-465cf62e34a7,2026-09-19T16:45:00Z,2026-09-19T18:45:00+0200,42046.95,MW,FR,FR,actual_load,Actual Load,2026-09-20T15:43:41Z
2026-09-20T15:43:40Z,2026-09-20T17:43:40+0200,448a4d9c-d229-42b9-b994-465cf62e34a7,2026-09-19T17:00:00Z,2026-09-19T19:00:00+0200,42330.33,MW,FR,FR,actual_load,Actual Load,2026-09-20T15:43:41Z
2026-09-20T15:43:40Z,2026-09-20T17:43:40+0200,448a4d9c-d229-42b9-b994-465cf62e34a7,2026-09-19T17:15:00Z,2026-09-19T19:15:00+0200,42547.07,MW,FR,FR,actual_load,Actual Load,2026-09-20T15:43:41Z
2026-09-20T15:43:40Z,2026-09-20T17:43:40+0200,448a4d9c-d229-42b9-b994-465cf62e34a7,2026-09-19T17:30:00Z,2026-09-19T19:30:00+0200,42698.84,MW,FR,FR,actual_load,Actual Load,2026-09-20T15:43:41Z
2026-09-20T15:43:40Z,2026-09-20T17:43:40+0200,448a4d9c-d229-42b9-b994-465cf62e34a7,2026-09-19T17:45:00Z,2026-09-19T19:45:00+0200,42766.51,MW,FR,FR,actual_load,Actual Load,2026-09-20T15:43:41Z
2026-09-20T15:43:40Z,2026-09-20T17:43:40+0200,448a4d9c-d229-42b9-b994-465cf62e34a7,2026-09-19T18:00:00Z,2026-09-19T20:00:00+0200,42760.36,MW,FR,FR,actual_load,Actual Load,2026-09-20T15:43:41Z
2026-09-20T15:43:40Z,2026-09-20T17:43:40+0200,448a4d9c-d229-42b9-b994-465cf62e34a7,2026-09-19T18:15:00Z,2026-09-19T20:15:00+0200,42364.06,MW,FR,FR,actual_load,Actual Load,2026-09-20T15:43:41Z
2026-09-20T15:43:40Z,2026-09-20T17:43:40+0200,448a4d9c-d229-42b9-b994-465cf62e34a7,2026-09-19T18:30:00Z,2026-09-19T20:30:00+0200,41998.33,MW,FR,FR,actual_load,Actual Load,2026-09-20T15:43:41Z
2026-09-20T15:43:40Z,2026-09-20T17:43:40+0200,448a4d9c-d229-42b9-b994-465cf62e34a7,2026-09-19T18:45:00Z,2026-09-19T20:45:00+0200,41489.61,MW,FR,FR,actual_load,Actual Load,2026-09-20T15:43:41Z
2026-09-20T15:43:40Z,2026-09-20T17:43:40+0200,448a4d9c-d229-42b9-b994-465cf62e34a7,2026-09-19T19:00:00Z,2026-09-19T21:00:00+0200,41214.42,MW,FR,FR,actual_load,Actual Load,2026-09-20T15:43:41Z
2026-09-20T15:43:40Z,2026-09-20T17:43:40+0200,448a4d9c-d229-42b9-b994-465cf62e34a7,2026-09-19T19:15:00Z,2026-09-19T21:15:00+0200,40609.43,MW,FR,FR,actual_load,Actual Load,2026-09-20T15:43:41Z
2026-09-20T15:43:40Z,2026-09-20T17:43:40+0200,448a4d9c-d229-42b9-b994-465cf62e34a7,2026-09-19T19:30:00Z,2026-09-19T21:30:00+0200,40275.34,MW,FR,FR,actual_load,Actual Load,2026-09-20T15:43:41Z
2026-09-20T15:43:40Z,2026-09-20T17:43:40+0200,448a4d9c-d229-42b9-b994-465cf62e34a7,2026-09-19T19:45:00Z,2026-09-19T21:45:00+0200,39714.41,MW,FR,FR,actual_load,Actual Load,2026-09-20T15:43:41Z
2026-09-20T15:43:40Z,2026-09-20T17:43:40+0200,448a4d9c-d229-42b9-b994-465cf62e34a7,2026-09-19T20:00:00Z,2026-09-19T22:00:00+0200,40611.27,MW,FR,FR,actual_load,Actual Load,2026-09-20T15:43:41Z
2026-09-20T15:43:40Z,2026-09-20T17:43:40+0200,448a4d9c-d229-42b9-b994-465cf62e34a7,2026-09-19T20:15:00Z,2026-09-19T22:15:00+0200,40382.39,MW,FR,FR,actual_load,Actual Load,2026-09-20T15:43:41Z
2026-09-20T15:43:40Z,2026-09-20T17:43:40+0200,448a4d9c-d229-42b9-b994-465cf62e34a7,2026-09-19T20:30:00Z,2026-09-19T22:30:00+0200,41439.52,MW,FR,FR,actual_load,Actual Load,2026-09-20T15:43:41Z
2026-09-20T15:43:40Z,2026-09-20T17:43:40+0200,448a4d9c-d229-42b9-b994-465cf62e34a7,2026-09-19T20:45:00Z,2026-09-19T22:45:00+0200,41288.94,MW,FR,FR,actual_load,Actual Load,2026-09-20T15:43:41Z
2026-09-20T15:43:40Z,2026-09-20T17:43:40+0200,448a4d9c-d229-42b9-b994-465cf62e34a7,2026-09-19T21:00:00Z,2026-09-19T23:00:00+0200,41496.23,MW,FR,FR,actual_load,Actual Load,2026-09-20T15:43:41Z
2026-09-20T15:43:40Z,2026-09-20T17:43:40+0200,448a4d9c-d229-42b9-b994-465cf62e34a7,2026-09-19T21:15:00Z,2026-09-19T23:15:00+0200,40743.19,MW,FR,FR,actual_load,Actual Load,2026-09-20T15:43:41Z
2026-09-20T15:43:40Z,2026-09-20T17:43:40+0200,448a4d9c-d229-42b9-b994-465cf62e34a7,2026-09-19T21:30:00Z,2026-09-19T23:30:00+0200,40869.0,MW,FR,FR,actual_load,Actual Load,2026-09-20T15:43:41Z
2026-09-20T15:43:40Z,2026-09-20T17:43:40+0200,448a4d9c-d229-42b9-b994-465cf62e34a7,2026-09-19T21:45:00Z,2026-09-19T23:45:00+0200,40123.2,MW,FR,FR,actual_load,Actual Load,2026-09-20T15:43:41Z
2026-09-20T15:43:40Z,2026-09-20T17:43:40+0200,448a4d9c-d229-42b9-b994-465cf62e34a7,2026-09-19T22:00:00Z,2026-09-20T00:00:00+0200,40166.87,MW,FR,FR,actual_load,Actual Load,2026-09-20T15:43:41Z
2026-09-20T15:43:40Z,2026-09-20T17:43:40+0200,448a4d9c-d229-42b9-b994-465cf62e34a7,2026-09-19T22:15:00Z,2026-09-20T00:15:00+0200,39032.25,MW,FR,FR,actual_load,Actual Load,2026-09-20T15:43:41Z
2026-09-20T15:43:40Z,2026-09-20T17:43:40+0200,448a4d9c-d229-42b9-b994-465cf62e34a7,2026-09-19T22:30:00Z,2026-09-20T00:30:00+0200,37863.13,MW,FR,FR,actual_load,Actual Load,2026-09-20T15:43:41Z
2026-09-20T15:43:40Z,2026-09-20T17:43:40+0200,448a4d9c-d229-42b9-b994-465cf62e34a7,2026-09-19T22:45:00Z,2026-09-20T00:45:00+0200,36893.82,MW,FR,FR,actual_load,Actual Load,2026-09-20T15:43:41Z
2026-09-20T15:43:40Z,2026-09-20T17:43:40+0200,448a4d9c-d229-42b9-b994-465cf62e34a7,2026-09-19T23:00:00Z,2026-09-20T01:00:00+0200,37308.66,MW,FR,FR,actual_load,Actual Load,2026-09-20T15:43:41Z
2026-09-20T15:43:40Z,2026-09-20T17:43:40+0200,448a4d9c-d229-42b9-b994-465cf62e34a7,2026-09-19T23:15:00Z,2026-09-20T01:15:00+0200,36757.16,MW,FR,FR,actual_load,Actual Load,2026-09-20T15:43:41Z
2026-09-20T15:43:40Z,2026-09-20T17:43:40+0200,448a4d9c-d229-42b9-b994-465cf62e34a7,2026-09-19T23:30:00Z,2026-09-20T01:30:00+0200,36866.82,MW,FR,FR,actual_load,Actual Load,2026-09-20T15:43:41Z
2026-09-20T15:43:40Z,2026-09-20T17:43:40+0200,448a4d9c-d229-42b9-b994-465cf62e34a7,2026-09-19T23:45:00Z,2026-09-20T01:45:00+0200,36057.6,MW,FR,FR,actual_load,Actual Load,2026-09-20T15:43:41Z
2026-09-20T15:43:40Z,2026-09-20T17:43:40+0200,448a4d9c-d229-42b9-b994-465cf62e34a7,2026-09-20T00:00:00Z,2026-09-20T02:00:00+0200,35674.89,MW,FR,FR,actual_load,Actual Load,2026-09-20T15:43:41Z
2026-09-20T15:43:40Z,2026-09-20T17:43:40+0200,448a4d9c-d229-42b9-b994-465cf62e34a7,2026-09-20T00:15:00Z,2026-09-20T02:15:00+0200,34884.4,MW,FR,FR,actual_load,Actual Load,2026-09-20T15:43:41Z
2026-09-20T15:43:40Z,2026-09-20T17:43:40+0200,448a4d9c-d229-42b9-b994-465cf62e34a7,2026-09-20T00:30:00Z,2026-09-20T02:30:00+0200,34196.04,MW,FR,FR,actual_load,Actual Load,2026-09-20T15:43:41Z
2026-09-20T15:43:40Z,2026-09-20T17:43:40+0200,448a4d9c-d229-42b9-b994-465cf62e34a7,2026-09-20T00:45:00Z,2026-09-20T02:45:00+0200,33438.43,MW,FR,FR,actual_load,Actual Load,2026-09-20T15:43:41Z
2026-09-20T15:43:40Z,2026-09-20T17:43:40+0200,448a4d9c-d229-42b9-b994-465cf62e34a7,2026-09-20T01:00:00Z,2026-09-20T03:00:00+0200,33125.19,MW,FR,FR,actual_load,Actual Load,2026-09-20T15:43:41Z
2026-09-20T15:43:40Z,2026-09-20T17:43:40+0200,448a4d9c-d229-42b9-b994-465cf62e34a7,2026-09-20T01:15:00Z,2026-09-20T03:15:00+0200,32722.67,MW,FR,FR,actual_load,Actual Load,2026-09-20T15:43:41Z
2026-09-20T15:43:40Z,2026-09-20T17:43:40+0200,448a4d9c-d229-42b9-b994-465cf62e34a7,2026-09-20T01:30:00Z,2026-09-20T03:30:00+0200,32291.87,MW,FR,FR,actual_load,Actual Load,2026-09-20T15:43:41Z
2026-09-20T15:43:40Z,2026-09-20T17:43:40+0200,448a4d9c-d229-42b9-b994-465cf62e34a7,2026-09-20T01:45:00Z,2026-09-20T03:45:00+0200,31855.84,MW,FR,FR,actual_load,Actual Load,2026-09-20T15:43:41Z
2026-09-20T15:43:40Z,2026-09-20T17:43:40+0200,448a4d9c-d229-42b9-b994-465cf62e34a7,2026-09-20T02:00:00Z,2026-09-20T04:00:00+0200,31787.15,MW,FR,FR,actual_load,Actual Load,2026-09-20T15:43:41Z
2026-09-20T15:43:40Z,2026-09-20T17:43:40+0200,448a4d9c-d229-42b9-b994-465cf62e34a7,2026-09-20T02:15:00Z,2026-09-20T04:15:00+0200,31649.89,MW,FR,FR,actual_load,Actual Load,2026-09-20T15:43:41Z
2026-09-20T15:43:40Z,2026-09-20T17:43:40+0200,448a4d9c-d229-42b9-b994-465cf62e34a7,2026-09-20T02:30:00Z,2026-09-20T04:30:00+0200,31527.84,MW,FR,FR,actual_load,Actual Load,2026-09-20T15:43:41Z
2026-09-20T15:43:40Z,2026-09-20T17:43:40+0200,448a4d9c-d229-42b9-b994-465cf62e34a7,2026-09-20T02:45:00Z,2026-09-20T04:45:00+0200,31367.59,MW,FR,FR,actual_load,Actual Load,2026-09-20T15:43:41Z
2026-09-20T15:43:40Z,2026-09-20T17:43:40+0200,448a4d9c-d229-42b9-b994-465cf62e34a7,2026-09-20T03:00:00Z,2026-09-20T05:00:00+0200,31505.48,MW,FR,FR,actual_load,Actual Load,2026-09-20T15:43:41Z
2026-09-20T15:43:40Z,2026-09-20T17:43:40+0200,448a4d9c-d229-42b9-b994-465cf62e34a7,2026-09-20T03:15:00Z,2026-09-20T05:15:00+0200,31495.63,MW,FR,FR,actual_load,Actual Load,2026-09-20T15:43:41Z
2026-09-20T15:43:40Z,2026-09-20T17:43:40+0200,448a4d9c-d229-42b9-b994-465cf62e34a7,2026-09-20T03:30:00Z,2026-09-20T05:30:00+0200,31666.75,MW,FR,FR,actual_load,Actual Load,2026-09-20T15:43:41Z
2026-09-20T15:43:40Z,2026-09-20T17:43:40+0200,448a4d9c-d229-42b9-b994-465cf62e34a7,2026-09-20T03:45:00Z,2026-09-20T05:45:00+0200,31657.34,MW,FR,FR,actual_load,Actual Load,2026-09-20T15:43:41Z
2026-09-20T15:43:40Z,2026-09-20T17:43:40+0200,448a4d9c-d229-42b9-b994-465cf62e34a7,2026-09-20T04:00:00Z,2026-09-20T06:00:00+0200,32078.38,MW,FR,FR,actual_load,Actual Load,2026-09-20T15:43:41Z
2026-09-20T15:43:40Z,2026-09-20T17:43:40+0200,448a4d9c-d229-42b9-b994-465cf62e34a7,2026-09-20T04:15:00Z,2026-09-20T06:15:00+0200,32280.56,MW,FR,FR,actual_load,Actual Load,2026-09-20T15:43:41Z
2026-09-20T15:43:40Z,2026-09-20T17:43:40+0200,448a4d9c-d229-42b9-b994-465cf62e34a7,2026-09-20T04:30:00Z,2026-09-20T06:30:00+0200,32355.05,MW,FR,FR,actual_load,Actual Load,2026-09-20T15:43:41Z
2026-09-20T15:43:40Z,2026-09-20T17:43:40+0200,448a4d9c-d229-42b9-b994-465cf62e34a7,2026-09-20T04:45:00Z,2026-09-20T06:45:00+0200,32560.29,MW,FR,FR,actual_load,Actual Load,2026-09-20T15:43:41Z
2026-09-20T15:43:40Z,2026-09-20T17:43:40+0200,448a4d9c-d229-42b9-b994-465cf62e34a7,2026-09-20T05:00:00Z,2026-09-20T07:00:00+0200,32822.54,MW,FR,FR,actual_load,Actual Load,2026-09-20T15:43:41Z
2026-09-20T15:43:40Z,2026-09-20T17:43:40+0200,448a4d9c-d229-42b9-b994-465cf62e34a7,2026-09-20T05:15:00Z,2026-09-20T07:15:00+0200,32897.33,MW,FR,FR,actual_load,Actual Load,2026-09-20T15:43:41Z
2026-09-20T15:43:40Z,2026-09-20T17:43:40+0200,448a4d9c-d229-42b9-b994-465cf62e34a7,2026-09-20T05:30:00Z,2026-09-20T07:30:00+0200,32780.14,MW,FR,FR,actual_load,Actual Load,2026-09-20T15:43:41Z
2026-09-20T15:43:40Z,2026-09-20T17:43:40+0200,448a4d9c-d229-42b9-b994-465cf62e34a7,2026-09-20T05:45:00Z,2026-09-20T07:45:00+0200,33165.64,MW,FR,FR,actual_load,Actual Load,2026-09-20T15:43:41Z
2026-09-20T15:43:40Z,2026-09-20T17:43:40+0200,448a4d9c-d229-42b9-b994-465cf62e34a7,2026-09-20T06:00:00Z,2026-09-20T08:00:00+0200,33452.33,MW,FR,FR,actual_load,Actual Load,2026-09-20T15:43:41Z
2026-09-20T15:43:40Z,2026-09-20T17:43:40+0200,448a4d9c-d229-42b9-b994-465cf62e34a7,2026-09-20T06:15:00Z,2026-09-20T08:15:00+0200,33769.93,MW,FR,FR,actual_load,Actual Load,2026-09-20T15:43:41Z
2026-09-20T15:43:40Z,2026-09-20T17:43:40+0200,448a4d9c-d229-42b9-b994-465cf62e34a7,2026-09-20T06:30:00Z,2026-09-20T08:30:00+0200,34366.52,MW,FR,FR,actual_load,Actual Load,2026-09-20T15:43:41Z
2026-09-20T15:43:40Z,2026-09-20T17:43:40+0200,448a4d9c-d229-42b9-b994-465cf62e34a7,2026-09-20T06:45:00Z,2026-09-20T08:45:00+0200,34553.9,MW,FR,FR,actual_load,Actual Load,2026-09-20T15:43:41Z
2026-09-20T15:43:40Z,2026-09-20T17:43:40+0200,448a4d9c-d229-42b9-b994-465cf62e34a7,2026-09-20T07:00:00Z,2026-09-20T09:00:00+0200,35047.71,MW,FR,FR,actual_load,Actual Load,2026-09-20T15:43:41Z
2026-09-20T15:43:40Z,2026-09-20T17:43:40+0200,448a4d9c-d229-42b9-b994-465cf62e34a7,2026-09-20T07:15:00Z,2026-09-20T09:15:00+0200,35480.92,MW,FR,FR,actual_load,Actual Load,2026-09-20T15:43:41Z
2026-09-20T15:43:40Z,2026-09-20T17:43:40+0200,448a4d9c-d229-42b9-b994-465cf62e34a7,2026-09-20T07:30:00Z,2026-09-20T09:30:00+0200,35832.81,MW,FR,FR,actual_load,Actual Load,2026-09-20T15:43:41Z
2026-09-20T15:43:40Z,2026-09-20T17:43:40+0200,448a4d9c-d229-42b9-b994-465cf62e34a7,2026-09-20T07:45:00Z,2026-09-20T09:45:00+0200,36257.66,MW,FR,FR,actual_load,Actual Load,2026-09-20T15:43:41Z
2026-09-20T15:43:40Z,2026-09-20T17:43:40+0200,448a4d9c-d229-42b9-b994-465cf62e34a7,2026-09-20T08:00:00Z,2026-09-20T10:00:00+0200,36874.85,MW,FR,FR,actual_load,Actual Load,2026-09-20T15:43:41Z
2026-09-20T15:43:40Z,2026-09-20T17:43:40+0200,448a4d9c-d229-42b9-b994-465cf62e34a7,2026-09-20T08:15:00Z,2026-09-20T10:15:00+0200,37878.61,MW,FR,FR,actual_load,Actual Load,2026-09-20T15:43:41Z
2026-09-20T15:43:40Z,2026-09-20T17:43:40+0200,448a4d9c-d229-42b9-b994-465cf62e34a7,2026-09-20T08:30:00Z,2026-09-20T10:30:00+0200,38537.89,MW,FR,FR,actual_load,Actual Load,2026-09-20T15:43:41Z
2026-09-20T15:43:40Z,2026-09-20T17:43:40+0200,448a4d9c-d229-42b9-b994-465cf62e34a7,2026-09-20T08:45:00Z,2026-09-20T10:45:00+0200,39200.57,MW,FR,FR,actual_load,Actual Load,2026-09-20T15:43:41Z
2026-09-20T15:43:40Z,2026-09-20T17:43:40+0200,448a4d9c-d229-42b9-b994-465cf62e34a7,2026-09-20T09:00:00Z,2026-09-20T11:00:00+0200,39717.2,MW,FR,FR,actual_load,Actual Load,2026-09-20T15:43:41Z
2026-09-20T15:43:40Z,2026-09-20T17:43:40+0200,448a4d9c-d229-42b9-b994-465cf62e34a7,2026-09-20T09:15:00Z,2026-09-20T11:15:00+0200,40193.33,MW,FR,FR,actual_load,Actual Load,2026-09-20T15:43:41Z
2026-09-20T15:43:40Z,2026-09-20T17:43:40+0200,448a4d9c-d229-42b9-b994-465cf62e34a7,2026-09-20T09:30:00Z,2026-09-20T11:30:00+0200,40653.31,MW,FR,FR,actual_load,Actual Load,2026-09-20T15:43:41Z
2026-09-20T15:43:40Z,2026-09-20T17:43:40+0200,448a4d9c-d229-42b9-b994-465cf62e34a7,2026-09-20T09:45:00Z,2026-09-20T11:45:00+0200,40620.06,MW,FR,FR,actual_load,Actual Load,2026-09-20T15:43:41Z
2026-09-20T15:43:40Z,2026-09-20T17:43:40+0200,448a4d9c-d229-42b9-b994-465cf62e34a7,2026-09-20T10:00:00Z,2026-09-20T12:00:00+0200,41190.51,MW,FR,FR,actual_load,Actual Load,2026-09-20T15:43:41Z
2026-09-20T15:43:40Z,2026-09-20T17:43:40+0200,448a4d9c-d229-42b9-b994-465cf62e34a7,2026-09-20T10:15:00Z,2026-09-20T12:15:00+0200,41470.07,MW,FR,FR,actual_load,Actual Load,2026-09-20T15:43:41Z
2026-09-20T15:43:40Z,2026-09-20T17:43:40+0200,448a4d9c-d229-42b9-b994-465cf62e34a7,2026-09-20T10:30:00Z,2026-09-20T12:30:00+0200,42027.9,MW,FR,FR,actual_load,Actual Load,2026-09-20T15:43:41Z
2026-09-20T15:43:40Z,2026-09-20T17:43:40+0200,448a4d9c-d229-42b9-b994-465cf62e34a7,2026-09-20T10:45:00Z,2026-09-20T12:45:00+0200,41447.88,MW,FR,FR,actual_load,Actual Load,2026-09-20T15:43:41Z
2026-09-20T15:43:40Z,2026-09-20T17:43:40+0200,448a4d9c-d229-42b9-b994-465cf62e34a7,2026-09-20T11:00:00Z,2026-09-20T13:00:00+0200,40645.35,MW,FR,FR,actual_load,Actual Load,2026-09-20T15:43:41Z
2026-09-20T15:43:40Z,2026-09-20T17:43:40+0200,448a4d9c-d229-42b9-b994-465cf62e34a7,2026-09-20T11:15:00Z,2026-09-20T13:15:00+0200,40177.02,MW,FR,FR,actual_load,Actual Load,2026-09-20T15:43:41Z
2026-09-20T15:43:40Z,2026-09-20T17:43:40+0200,448a4d9c-d229-42b9-b994-465cf62e34a7,2026-09-20T11:30:00Z,2026-09-20T13:30:00+0200,39826.12,MW,FR,FR,actual_load,Actual Load,2026-09-20T15:43:41Z
2026-09-20T15:43:40Z,2026-09-20T17:43:40+0200,448a4d9c-d229-42b9-b994-465cf62e34a7,2026-09-20T11:45:00Z,2026-09-20T13:45:00+0200,39558.03,MW,FR,FR,actual_load,Actual Load,2026-09-20T15:43:41Z
2026-09-20T15:43:40Z,2026-09-20T17:43:40+0200,448a4d9c-d229-42b9-b994-465cf62e34a7,2026-09-20T12:00:00Z,2026-09-20T14:00:00+0200,40080.35,MW,FR,FR,actual_load,Actual Load,2026-09-20T15:43:41Z
2026-09-20T15:43:40Z,2026-09-20T17:43:40+0200,448a4d9c-d229-42b9-b994-465cf62e34a7,2026-09-20T12:15:00Z,2026-09-20T14:15:00+0200,39924.45,MW,FR,FR,actual_load,Actual Load,2026-09-20T15:43:41Z
2026-09-20T15:43:40Z,2026-09-20T17:43:40+0200,448a4d9c-d229-42b9-b994-465cf62e34a7,2026-09-20T12:30:00Z,2026-09-20T14:30:00+0200,39867.8,MW,FR,FR,actual_load,Actual Load,2026-09-20T15:43:41Z
2026-09-20T15:43:40Z,2026-09-20T17:43:40+0200,448a4d9c-d229-42b9-b994-465cf62e34a7,2026-09-20T12:45:00Z,2026-09-20T14:45:00+0200,39687.05,MW,FR,FR,actual_load,Actual Load,2026-09-20T15:43:41Z
2026-09-20T15:43:40Z,2026-09-20T17:43:40+0200,448a4d9c-d229-42b9-b994-465cf62e34a7,2026-09-20T13:00:00Z,2026-09-20T15:00:00+0200,39929.62,MW,FR,FR,actual_load,Actual Load,2026-09-20T15:43:41Z
2026-09-20T15:43:40Z,2026-09-20T17:43:40+0200,448a4d9c-d229-42b9-b994-465cf62e34a7,2026-09-20T13:15:00Z,2026-09-20T15:15:00+0200,39414.17,MW,FR,FR,actual_load,Actual Load,2026-09-20T15:43:41Z
2026-09-20T15:43:40Z,2026-09-20T17:43:40+0200,448a4d9c-d229-42b9-b994-465cf62e34a7,2026-09-20T13:30:00Z,2026-09-20T15:30:00+0200,39044.65,MW,FR,FR,actual_load,Actual Load,2026-09-20T15:43:41Z
2026-09-20T15:43:40Z,2026-09-20T17:43:40+0200,448a4d9c-d229-42b9-b994-465cf62e34a7,2026-09-20T13:45:00Z,2026-09-20T15:45:00+0200,38650.7,MW,FR,FR,actual_load,Actual Load,2026-09-20T15:43:41Z
2026-09-20T15:43:40Z,2026-09-20T17:43:40+0200,448a4d9c-d229-42b9-b994-465cf62e34a7,2026-09-20T14:00:00Z,2026-09-20T16:00:00+0200,38479.82,MW,FR,FR,actual_load,Actual Load,2026-09-20T15:43:41Z
2026-09-20T15:43:40Z,2026-09-20T17:43:40+0200,448a4d9c-d229-42b9-b994-465cf62e34a7,2026-09-20T14:15:00Z,2026-09-20T16:15:00+0200,38150.3,MW,FR,FR,actual_load,Actual Load,2026-09-20T15:43:41Z
2026-09-20T15:43:40Z,2026-09-20T17:43:40+0200,448a4d9c-d229-42b9-b994-465cf62e34a7,2026-09-20T14:30:00Z,2026-09-20T16:30:00+0200,38381.75,MW,FR,FR,actual_load,Actual Load,2026-09-20T15:43:41Z
2026-09-20T15:43:40Z,2026-09-20T17:43:40+0200,448a4d9c-d229-42b9-b994-465cf62e34a7,2026-09-20T14:45:00Z,2026-09-20T16:45:00+0200,38486.63,MW,FR,FR,actual_load,Actual Load,2026-09-20T15:43:41Z
