collection_time_utc,collection_time_local,run_id,timestamp_utc,timestamp_local,value,unit,country,entsoe_area,variable,source,updated_at_utc
2026-08-25T13:46:29Z,2026-08-25T15:46:29+0200,7478f083-450f-4443-a2c4-deeb0cfd0e29,2026-07-25T14:00:00Z,2026-07-25T16:00:00+0200,2183.8,MW,PT,PT,forecast_solar_generation,Solar,2026-08-25T13:56:07Z
2026-08-25T13:46:29Z,2026-08-25T15:46:29+0200,7478f083-450f-4443-a2c4-deeb0cfd0e29,2026-07-25T15:00:00Z,2026-07-25T17:00:00+0200,1955.8,MW,PT,PT,forecast_solar_generation,Solar,2026-08-25T13:56:07Z
2026-08-25T13:46:29Z,2026-08-25T15:46:29+0200,7478f083-450f-4443-a2c4-deeb0cfd0e29,2026-07-25T16:00:00Z,2026-07-25T18:00:00+0200,1771.3,MW,PT,PT,forecast_solar_generation,Solar,2026-08-25T13:56:07Z
2026-08-25T13:46:29Z,2026-08-25T15:46:29+0200,7478f083-450f-4443-a2c4-deeb0cfd0e29,2026-07-25T17:00:00Z,2026-07-25T19:00:00+0200,1340.3,MW,PT,PT,forecast_solar_generation,Solar,2026-08-25T13:56:07Z
2026-08-25T13:46:29Z,2026-08-25T15:46:29+0200,7478f083-450f-4443-a2c4-deeb0cfd0e29,2026-07-25T18:00:00Z,2026-07-25T20:00:00+0200,536.2,MW,PT,PT,forecast_solar_generation,Solar,2026-08-25T13:56:07Z
2026-08-25T13:46:29Z,2026-08-25T15:46:29+0200,7478f083-450f-4443-a2c4-deeb0cfd0e29,2026-07-25T19:00:00Z,2026-07-25T21:00:00+0200,60.8,MW,PT,PT,forecast_solar_generation,Solar,2026-08-25T13:56:07Z
2026-08-25T13:46:29Z,2026-08-25T15:46:29+0200,7478f083-450f-4443-a2c4-deeb0cfd0e29,2026-07-25T20:00:00Z,2026-07-25T22:00:00+0200,0.0,MW,PT,PT,forecast_solar_generation,Solar,2026-08-25T13:56:07Z
2026-08-25T13:46:29Z,2026-08-25T15:46:29+0200,7478f083-450f-4443-a2c4-deeb0cfd0e29,2026-07-25T21:00:00Z,2026-07-25T23:00:00+0200,0.0,MW,PT,PT,forecast_solar_generation,Solar,2026-08-25T13:56:07Z
2026-08-25T13:46:29Z,2026-08-25T15:46:29+0200,7478f083-450f-4443-a2c4-deeb0cfd0e29,2026-07-25T22:00:00Z,2026-07-26T00:00:00+0200,0.0,MW,PT,PT,forecast_solar_generation,Solar,2026-08-25T13:56:07Z
2026-08-25T13:46:29Z,2026-08-25T15:46:29+0200,7478f083-450f-4443-a2c4-deeb0cfd0e29,2026-07-25T23:00:00Z,2026-07-26T01:00:00+0200,0.0,MW,PT,PT,forecast_solar_generation,Solar,2026-08-25T13:56:07Z
2026-08-25T13:46:29Z,2026-08-25T15:46:29+0200,7478f083-450f-4443-a2c4-deeb0cfd0e29,2026-07-26T00:00:00Z,2026-07-26T02:00:00+0200,0.0,MW,PT,PT,forecast_solar_generation,Solar,2026-08-25T13:56:07Z
2026-08-25T13:46:29Z,2026-08-25T15:46:29+0200,7478f083-450f-4443-a2c4-deeb0cfd0e29,2026-07-26T01:00:00Z,2026-07-26T03:00:00+0200,0.0,MW,PT,PT,forecast_solar_generation,Solar,2026-08-25T13:56:07Z
2026-08-25T13:46:29Z,2026-08-25T15:46:29+0200,7478f083-450f-4443-a2c4-deeb0cfd0e29,2026-07-26T02:00:00Z,2026-07-26T04:00:00+0200,0.0,MW,PT,PT,forecast_solar_generation,Solar,2026-08-25T13:56:07Z
2026-08-25T13:46:29Z,2026-08-25T15:46:29+0200,7478f083-450f-4443-a2c4-deeb0cfd0e29,2026-07-26T03:00:00Z,2026-07-26T05:00:00+0200,0.0,MW,PT,PT,forecast_solar_generation,Solar,2026-08-25T13:56:07Z
2026-08-25T13:46:29Z,2026-08-25T15:46:29+0200,7478f083-450f-4443-a2c4-deeb0cfd0e29,2026-07-26T04:00:00Z,2026-07-26T06:00:00+0200,0.0,MW,PT,PT,forecast_solar_generation,Solar,2026-08-25T13:56:07Z
2026-08-25T13:46:29Z,2026-08-25T15:46:29+0200,7478f083-450f-4443-a2c4-deeb0cfd0e29,2026-07-26T05:00:00Z,2026-07-26T07:00:00+0200,15.8,MW,PT,PT,forecast_solar_generation,Solar,2026-08-25T13:56:07Z
2026-08-25T13:46:29Z,2026-08-25T15:46:29+0200,7478f083-450f-4443-a2c4-deeb0cfd0e29,2026-07-26T06:00:00Z,2026-07-26T08:00:00+0200,360.5,MW,PT,PT,forecast_solar_generation,Solar,2026-08-25T13:56:07Z
2026-08-25T13:46:29Z,2026-08-25T15:46:29+0200,7478f083-450f-4443-a2c4-deeb0cfd0e29,2026-07-26T07:00:00Z,2026-07-26T09:00:00+0200,867.9,MW,PT,PT,forecast_solar_generation,Solar,2026-08-25T13:56:07Z
2026-08-25T13:46:29Z,2026-08-25T15:46:29+0200,7478f083-450f-4443-a2c4-deeb0cfd0e29,2026-07-26T08:00:00Z,2026-07-26T10:00:00+0200,1399.4,MW,PT,PT,forecast_solar_generation,Solar,2026-08-25T13:56:07Z
2026-08-25T13:46:29Z,2026-08-25T15:46:29+0200,7478f083-450f-4443-a2c4-deeb0cfd0e29,2026-07-26T09:00:00Z,2026-07-26T11:00:00+0200,1844.5,MW,PT,PT,forecast_solar_generation,Solar,2026-08-25T13:56:07Z
2026-08-25T13:46:29Z,2026-08-25T15:46:29+0200,7478f083-450f-4443-a2c4-deeb0cfd0e29,2026-07-26T10:00:00Z,2026-07-26T12:00:00+0200,2171.2,MW,PT,PT,forecast_solar_generation,Solar,2026-08-25T13:56:07Z
2026-08-25T13:46:29Z,2026-08-25T15:46:29+0200,7478f083-450f-4443-a2c4-deeb0cfd0e29,2026-07-26T11:00:00Z,2026-07-26T13:00:00+0200,2348.0,MW,PT,PT,forecast_solar_generation,Solar,2026-08-25T13:56:07Z
2026-08-25T13:46:29Z,2026-08-25T15:46:29+0200,7478f083-450f-4443-a2c4-deeb0cfd0e29,2026-07-26T12:00:00Z,2026-07-26T14:00:00+0200,2384.8,MW,PT,PT,forecast_solar_generation,Solar,2026-08-25T13:56:07Z
2026-08-25T13:46:29Z,2026-08-25T15:46:29+0200,7478f083-450f-4443-a2c4-deeb0cfd0e29,2026-07-26T13:00:00Z,2026-07-26T15:00:00+0200,2344.4,MW,PT,PT,forecast_solar_generation,Solar,2026-08-25T13:56:07Z
2026-08-25T13:46:29Z,2026-08-25T15:46:29+0200,7478f083-450f-4443-a2c4-deeb0cfd0e29,2026-07-26T14:00:00Z,2026-07-26T16:00:00+0200,2192.3,MW,PT,PT,forecast_solar_generation,Solar,2026-08-25T13:56:07Z
2026-08-25T13:46:29Z,2026-08-25T15:46:29+0200,7478f083-450f-4443-a2c4-deeb0cfd0e29,2026-07-26T15:00:00Z,2026-07-26T17:00:00+0200,1917.1,MW,PT,PT,forecast_solar_generation,Solar,2026-08-25T13:56:07Z
2026-08-25T13:46:29Z,2026-08-25T15:46:29+0200,7478f083-450f-4443-a2c4-deeb0cfd0e29,2026-07-26T16:00:00Z,2026-07-26T18:00:00+0200,1695.8,MW,PT,PT,forecast_solar_generation,Solar,2026-08-25T13:56:07Z
2026-08-25T13:46:29Z,2026-08-25T15:46:29+0200,7478f083-450f-4443-a2c4-deeb0cfd0e29,2026-07-26T17:00:00Z,2026-07-26T19:00:00+0200,1428.0,MW,PT,PT,forecast_solar_generation,Solar,2026-08-25T13:56:07Z
2026-08-25T13:46:29Z,2026-08-25T15:46:29+0200,7478f083-450f-4443-a2c4-deeb0cfd0e29,2026-07-26T18:00:00Z,2026-07-26T20:00:00+0200,614.4,MW,PT,PT,forecast_solar_generation,Solar,2026-08-25T13:56:07Z
2026-08-25T13:46:29Z,2026-08-25T15:46:29+0200,7478f083-450f-4443-a2c4-deeb0cfd0e29,2026-07-26T19:00:00Z,2026-07-26T21:00:00+0200,83.2,MW,PT,PT,forecast_solar_generation,Solar,2026-08-25T13:56:07Z
2026-08-25T13:46:29Z,2026-08-25T15:46:29+0200,7478f083-450f-4443-a2c4-deeb0cfd0e29,2026-07-26T20:00:00Z,2026-07-26T22:00:00+0200,3.7,MW,PT,PT,forecast_solar_generation,Solar,2026-08-25T13:56:07Z
2026-08-25T13:46:29Z,2026-08-25T15:46:29+0200,7478f083-450f-4443-a2c4-deeb0cfd0e29,2026-07-26T21:00:00Z,2026-07-26T23:00:00+0200,0.0,MW,PT,PT,forecast_solar_generation,Solar,2026-08-25T13:56:07Z
2026-08-25T13:46:29Z,2026-08-25T15:46:29+0200,7478f083-450f-4443-a2c4-deeb0cfd0e29,2026-07-26T22:00:00Z,2026-07-27T00:00:00+0200,0.0,MW,PT,PT,forecast_solar_generation,Solar,2026-08-25T13:56:07Z
2026-08-25T13:46:29Z,2026-08-25T15:46:29+0200,7478f083-450f-4443-a2c4-deeb0cfd0e29,2026-07-26T23:00:00Z,2026-07-27T01:00:00+0200,0.0,MW,PT,PT,forecast_solar_generation,Solar,2026-08-25T13:56:07Z
2026-08-25T13:46:29Z,2026-08-25T15:46:29+0200,7478f083-450f-4443-a2c4-deeb0cfd0e29,2026-07-27T00:00:00Z,2026-07-27T02:00:00+0200,0.0,MW,PT,PT,forecast_solar_generation,Solar,2026-08-25T13:56:07Z
2026-08-25T13:46:29Z,2026-08-25T15:46:29+0200,7478f083-450f-4443-a2c4-deeb0cfd0e29,2026-07-27T01:00:00Z,2026-07-27T03:00:00+0200,0.0,MW,PT,PT,forecast_solar_generation,Solar,2026-08-25T13:56:07Z
2026-08-25T13:46:29Z,2026-08-25T15:46:29+0200,7478f083-450f-4443-a2c4-deeb0cfd0e29,2026-07-27T02:00:00Z,2026-07-27T04:00:00+0200,0.0,MW,PT,PT,forecast_solar_generation,Solar,2026-08-25T13:56:07Z
2026-08-25T13:46:29Z,2026-08-25T15:46:29+0200,7478f083-450f-4443-a2c4-deeb0cfd0e29,2026-07-27T03:00:00Z,2026-07-27T05:00:00+0200,0.0,MW,PT,PT,forecast_solar_generation,Solar,2026-08-25T13:56:07Z
2026-08-25T13:46:29Z,2026-08-25T15:46:29+0200,7478f083-450f-4443-a2c4-deeb0cfd0e29,2026-07-27T04:00:00Z,2026-07-27T06:00:00+0200,0.0,MW,PT,PT,forecast_solar_generation,Solar,2026-08-25T13:56:07Z
2026-08-25T13:46:29Z,2026-08-25T15:46:29+0200,7478f083-450f-4443-a2c4-deeb0cfd0e29,2026-07-27T05:00:00Z,2026-07-27T07:00:00+0200,17.2,MW,PT,PT,forecast_solar_generation,Solar,2026-08-25T13:56:07Z
2026-08-25T13:46:29Z,2026-08-25T15:46:29+0200,7478f083-450f-4443-a2c4-deeb0cfd0e29,2026-07-27T06:00:00Z,2026-07-27T08:00:00+0200,389.9,MW,PT,PT,forecast_solar_generation,Solar,2026-08-25T13:56:07Z
2026-08-25T13:46:29Z,2026-08-25T15:46:29+0200,7478f083-450f-4443-a2c4-deeb0cfd0e29,2026-07-27T07:00:00Z,2026-07-27T09:00:00+0200,1216.7,MW,PT,PT,forecast_solar_generation,Solar,2026-08-25T13:56:07Z
2026-08-25T13:46:29Z,2026-08-25T15:46:29+0200,7478f083-450f-4443-a2c4-deeb0cfd0e29,2026-07-27T08:00:00Z,2026-07-27T10:00:00+0200,2139.6,MW,PT,PT,forecast_solar_generation,Solar,2026-08-25T13:56:07Z
2026-08-25T13:46:29Z,2026-08-25T15:46:29+0200,7478f083-450f-4443-a2c4-deeb0cfd0e29,2026-07-27T09:00:00Z,2026-07-27T11:00:00+0200,2763.7,MW,PT,PT,forecast_solar_generation,Solar,2026-08-25T13:56:07Z
2026-08-25T13:46:29Z,2026-08-25T15:46:29+0200,7478f083-450f-4443-a2c4-deeb0cfd0e29,2026-07-27T10:00:00Z,2026-07-27T12:00:00+0200,3188.3,MW,PT,PT,forecast_solar_generation,Solar,2026-08-25T13:56:07Z
2026-08-25T13:46:29Z,2026-08-25T15:46:29+0200,7478f083-450f-4443-a2c4-deeb0cfd0e29,2026-07-27T11:00:00Z,2026-07-27T13:00:00+0200,3418.9,MW,PT,PT,forecast_solar_generation,Solar,2026-08-25T13:56:07Z
2026-08-25T13:46:29Z,2026-08-25T15:46:29+0200,7478f083-450f-4443-a2c4-deeb0cfd0e29,2026-07-27T12:00:00Z,2026-07-27T14:00:00+0200,3474.7,MW,PT,PT,forecast_solar_generation,Solar,2026-08-25T13:56:07Z
2026-08-25T13:46:29Z,2026-08-25T15:46:29+0200,7478f083-450f-4443-a2c4-deeb0cfd0e29,2026-07-27T13:00:00Z,2026-07-27T15:00:00+0200,3438.2,MW,PT,PT,forecast_solar_generation,Solar,2026-08-25T13:56:07Z
2026-08-25T13:46:29Z,2026-08-25T15:46:29+0200,7478f083-450f-4443-a2c4-deeb0cfd0e29,2026-07-27T14:00:00Z,2026-07-27T16:00:00+0200,3268.0,MW,PT,PT,forecast_solar_generation,Solar,2026-08-25T13:56:07Z
2026-08-25T13:46:29Z,2026-08-25T15:46:29+0200,7478f083-450f-4443-a2c4-deeb0cfd0e29,2026-07-27T15:00:00Z,2026-07-27T17:00:00+0200,2925.9,MW,PT,PT,forecast_solar_generation,Solar,2026-08-25T13:56:07Z
2026-08-25T13:46:29Z,2026-08-25T15:46:29+0200,7478f083-450f-4443-a2c4-deeb0cfd0e29,2026-07-27T16:00:00Z,2026-07-27T18:00:00+0200,2337.6,MW,PT,PT,forecast_solar_generation,Solar,2026-08-25T13:56:07Z
2026-08-25T13:46:29Z,2026-08-25T15:46:29+0200,7478f083-450f-4443-a2c4-deeb0cfd0e29,2026-07-27T17:00:00Z,2026-07-27T19:00:00+0200,1540.5,MW,PT,PT,forecast_solar_generation,Solar,2026-08-25T13:56:07Z
2026-08-25T13:46:29Z,2026-08-25T15:46:29+0200,7478f083-450f-4443-a2c4-deeb0cfd0e29,2026-07-27T18:00:00Z,2026-07-27T20:00:00+0200,622.8,MW,PT,PT,forecast_solar_generation,Solar,2026-08-25T13:56:07Z
2026-08-25T13:46:29Z,2026-08-25T15:46:29+0200,7478f083-450f-4443-a2c4-deeb0cfd0e29,2026-07-27T19:00:00Z,2026-07-27T21:00:00+0200,87.0,MW,PT,PT,forecast_solar_generation,Solar,2026-08-25T13:56:07Z
2026-08-25T13:46:29Z,2026-08-25T15:46:29+0200,7478f083-450f-4443-a2c4-deeb0cfd0e29,2026-07-27T20:00:00Z,2026-07-27T22:00:00+0200,0.0,MW,PT,PT,forecast_solar_generation,Solar,2026-08-25T13:56:07Z
2026-08-25T13:46:29Z,2026-08-25T15:46:29+0200,7478f083-450f-4443-a2c4-deeb0cfd0e29,2026-07-27T21:00:00Z,2026-07-27T23:00:00+0200,0.0,MW,PT,PT,forecast_solar_generation,Solar,2026-08-25T13:56:07Z
2026-08-25T13:46:29Z,2026-08-25T15:46:29+0200,7478f083-450f-4443-a2c4-deeb0cfd0e29,2026-07-27T22:00:00Z,2026-07-28T00:00:00+0200,0.0,MW,PT,PT,forecast_solar_generation,Solar,2026-08-25T13:56:07Z
2026-08-25T13:46:29Z,2026-08-25T15:46:29+0200,7478f083-450f-4443-a2c4-deeb0cfd0e29,2026-07-27T23:00:00Z,2026-07-28T01:00:00+0200,0.0,MW,PT,PT,forecast_solar_generation,Solar,2026-08-25T13:56:07Z
2026-08-25T13:46:29Z,2026-08-25T15:46:29+0200,7478f083-450f-4443-a2c4-deeb0cfd0e29,2026-07-28T00:00:00Z,2026-07-28T02:00:00+0200,0.0,MW,PT,PT,forecast_solar_generation,Solar,2026-08-25T13:56:07Z
2026-08-25T13:46:29Z,2026-08-25T15:46:29+0200,7478f083-450f-4443-a2c4-deeb0cfd0e29,2026-07-28T01:00:00Z,2026-07-28T03:00:00+0200,0.0,MW,PT,PT,forecast_solar_generation,Solar,2026-08-25T13:56:07Z
2026-08-25T13:46:29Z,2026-08-25T15:46:29+0200,7478f083-450f-4443-a2c4-deeb0cfd0e29,2026-07-28T02:00:00Z,2026-07-28T04:00:00+0200,0.0,MW,PT,PT,forecast_solar_generation,Solar,2026-08-25T13:56:07Z
2026-08-25T13:46:29Z,2026-08-25T15:46:29+0200,7478f083-450f-4443-a2c4-deeb0cfd0e29,2026-07-28T03:00:00Z,2026-07-28T05:00:00+0200,0.0,MW,PT,PT,forecast_solar_generation,Solar,2026-08-25T13:56:07Z
2026-08-25T13:46:29Z,2026-08-25T15:46:29+0200,7478f083-450f-4443-a2c4-deeb0cfd0e29,2026-07-28T04:00:00Z,2026-07-28T06:00:00+0200,0.0,MW,PT,PT,forecast_solar_generation,Solar,2026-08-25T13:56:07Z
2026-08-25T13:46:29Z,2026-08-25T15:46:29+0200,7478f083-450f-4443-a2c4-deeb0cfd0e29,2026-07-28T05:00:00Z,2026-07-28T07:00:00+0200,22.5,MW,PT,PT,forecast_solar_generation,Solar,2026-08-25T13:56:07Z
2026-08-25T13:46:29Z,2026-08-25T15:46:29+0200,7478f083-450f-4443-a2c4-deeb0cfd0e29,2026-07-28T06:00:00Z,2026-07-28T08:00:00+0200,348.3,MW,PT,PT,forecast_solar_generation,Solar,2026-08-25T13:56:07Z
2026-08-25T13:46:29Z,2026-08-25T15:46:29+0200,7478f083-450f-4443-a2c4-deeb0cfd0e29,2026-07-28T07:00:00Z,2026-07-28T09:00:00+0200,1139.5,MW,PT,PT,forecast_solar_generation,Solar,2026-08-25T13:56:07Z
2026-08-25T13:46:29Z,2026-08-25T15:46:29+0200,7478f083-450f-4443-a2c4-deeb0cfd0e29,2026-07-28T08:00:00Z,2026-07-28T10:00:00+0200,1884.9,MW,PT,PT,forecast_solar_generation,Solar,2026-08-25T13:56:07Z
2026-08-25T13:46:29Z,2026-08-25T15:46:29+0200,7478f083-450f-4443-a2c4-deeb0cfd0e29,2026-07-28T09:00:00Z,2026-07-28T11:00:00+0200,2599.6,MW,PT,PT,forecast_solar_generation,Solar,2026-08-25T13:56:07Z
2026-08-25T13:46:29Z,2026-08-25T15:46:29+0200,7478f083-450f-4443-a2c4-deeb0cfd0e29,2026-07-28T10:00:00Z,2026-07-28T12:00:00+0200,3174.7,MW,PT,PT,forecast_solar_generation,Solar,2026-08-25T13:56:07Z
2026-08-25T13:46:29Z,2026-08-25T15:46:29+0200,7478f083-450f-4443-a2c4-deeb0cfd0e29,2026-07-28T11:00:00Z,2026-07-28T13:00:00+0200,3366.8,MW,PT,PT,forecast_solar_generation,Solar,2026-08-25T13:56:07Z
2026-08-25T13:46:29Z,2026-08-25T15:46:29+0200,7478f083-450f-4443-a2c4-deeb0cfd0e29,2026-07-28T12:00:00Z,2026-07-28T14:00:00+0200,3329.6,MW,PT,PT,forecast_solar_generation,Solar,2026-08-25T13:56:07Z
2026-08-25T13:46:29Z,2026-08-25T15:46:29+0200,7478f083-450f-4443-a2c4-deeb0cfd0e29,2026-07-28T13:00:00Z,2026-07-28T15:00:00+0200,3306.1,MW,PT,PT,forecast_solar_generation,Solar,2026-08-25T13:56:07Z
2026-08-25T13:46:29Z,2026-08-25T15:46:29+0200,7478f083-450f-4443-a2c4-deeb0cfd0e29,2026-07-28T14:00:00Z,2026-07-28T16:00:00+0200,3176.4,MW,PT,PT,forecast_solar_generation,Solar,2026-08-25T13:56:07Z
2026-08-25T13:46:29Z,2026-08-25T15:46:29+0200,7478f083-450f-4443-a2c4-deeb0cfd0e29,2026-07-28T15:00:00Z,2026-07-28T17:00:00+0200,2721.6,MW,PT,PT,forecast_solar_generation,Solar,2026-08-25T13:56:07Z
2026-08-25T13:46:29Z,2026-08-25T15:46:29+0200,7478f083-450f-4443-a2c4-deeb0cfd0e29,2026-07-28T16:00:00Z,2026-07-28T18:00:00+0200,2225.2,MW,PT,PT,forecast_solar_generation,Solar,2026-08-25T13:56:07Z
2026-08-25T13:46:29Z,2026-08-25T15:46:29+0200,7478f083-450f-4443-a2c4-deeb0cfd0e29,2026-07-28T17:00:00Z,2026-07-28T19:00:00+0200,1491.8,MW,PT,PT,forecast_solar_generation,Solar,2026-08-25T13:56:07Z
2026-08-25T13:46:29Z,2026-08-25T15:46:29+0200,7478f083-450f-4443-a2c4-deeb0cfd0e29,2026-07-28T18:00:00Z,2026-07-28T20:00:00+0200,618.2,MW,PT,PT,forecast_solar_generation,Solar,2026-08-25T13:56:07Z
2026-08-25T13:46:29Z,2026-08-25T15:46:29+0200,7478f083-450f-4443-a2c4-deeb0cfd0e29,2026-07-28T19:00:00Z,2026-07-28T21:00:00+0200,74.1,MW,PT,PT,forecast_solar_generation,Solar,2026-08-25T13:56:07Z
2026-08-25T13:46:29Z,2026-08-25T15:46:29+0200,7478f083-450f-4443-a2c4-deeb0cfd0e29,2026-07-28T20:00:00Z,2026-07-28T22:00:00+0200,4.9,MW,PT,PT,forecast_solar_generation,Solar,2026-08-25T13:56:07Z
2026-08-25T13:46:29Z,2026-08-25T15:46:29+0200,7478f083-450f-4443-a2c4-deeb0cfd0e29,2026-07-28T21:00:00Z,2026-07-28T23:00:00+0200,4.9,MW,PT,PT,forecast_solar_generation,Solar,2026-08-25T13:56:07Z
2026-08-25T13:46:29Z,2026-08-25T15:46:29+0200,7478f083-450f-4443-a2c4-deeb0cfd0e29,2026-07-28T22:00:00Z,2026-07-29T00:00:00+0200,0.0,MW,PT,PT,forecast_solar_generation,Solar,2026-08-25T13:56:07Z
2026-08-25T13:46:29Z,2026-08-25T15:46:29+0200,7478f083-450f-4443-a2c4-deeb0cfd0e29,2026-07-28T23:00:00Z,2026-07-29T01:00:00+0200,0.0,MW,PT,PT,forecast_solar_generation,Solar,2026-08-25T13:56:07Z
2026-08-25T13:46:29Z,2026-08-25T15:46:29+0200,7478f083-450f-4443-a2c4-deeb0cfd0e29,2026-07-29T00:00:00Z,2026-07-29T02:00:00+0200,0.0,MW,PT,PT,forecast_solar_generation,Solar,2026-08-25T13:56:07Z
2026-08-25T13:46:29Z,2026-08-25T15:46:29+0200,7478f083-450f-4443-a2c4-deeb0cfd0e29,2026-07-29T01:00:00Z,2026-07-29T03:00:00+0200,0.0,MW,PT,PT,forecast_solar_generation,Solar,2026-08-25T13:56:07Z
2026-08-25T13:46:29Z,2026-08-25T15:46:29+0200,7478f083-450f-4443-a2c4-deeb0cfd0e29,2026-07-29T02:00:00Z,2026-07-29T04:00:00+0200,0.0,MW,PT,PT,forecast_solar_generation,Solar,2026-08-25T13:56:07Z
2026-08-25T13:46:29Z,2026-08-25T15:46:29+0200,7478f083-450f-4443-a2c4-deeb0cfd0e29,2026-07-29T03:00:00Z,2026-07-29T05:00:00+0200,0.0,MW,PT,PT,forecast_solar_generation,Solar,2026-08-25T13:56:07Z
2026-08-25T13:46:29Z,2026-08-25T15:46:29+0200,7478f083-450f-4443-a2c4-deeb0cfd0e29,2026-07-29T04:00:00Z,2026-07-29T06:00:00+0200,0.0,MW,PT,PT,forecast_solar_generation,Solar,2026-08-25T13:56:07Z
2026-08-25T13:46:29Z,2026-08-25T15:46:29+0200,7478f083-450f-4443-a2c4-deeb0cfd0e29,2026-07-29T05:00:00Z,2026-07-29T07:00:00+0200,17.4,MW,PT,PT,forecast_solar_generation,Solar,2026-08-25T13:56:07Z
2026-08-25T13:46:29Z,2026-08-25T15:46:29+0200,7478f083-450f-4443-a2c4-deeb0cfd0e29,2026-07-29T06:00:00Z,2026-07-29T08:00:00+0200,336.2,MW,PT,PT,forecast_solar_generation,Solar,2026-08-25T13:56:07Z
2026-08-25T13:46:29Z,2026-08-25T15:46:29+0200,7478f083-450f-4443-a2c4-deeb0cfd0e29,2026-07-29T07:00:00Z,2026-07-29T09:00:00+0200,968.2,MW,PT,PT,forecast_solar_generation,Solar,2026-08-25T13:56:07Z
2026-08-25T13:46:29Z,2026-08-25T15:46:29+0200,7478f083-450f-4443-a2c4-deeb0cfd0e29,2026-07-29T08:00:00Z,2026-07-29T10:00:00+0200,1617.5,MW,PT,PT,forecast_solar_generation,Solar,2026-08-25T13:56:07Z
2026-08-25T13:46:29Z,2026-08-25T15:46:29+0200,7478f083-450f-4443-a2c4-deeb0cfd0e29,2026-07-29T09:00:00Z,2026-07-29T11:00:00+0200,2252.2,MW,PT,PT,forecast_solar_generation,Solar,2026-08-25T13:56:07Z
2026-08-25T13:46:29Z,2026-08-25T15:46:29+0200,7478f083-450f-4443-a2c4-deeb0cfd0e29,2026-07-29T10:00:00Z,2026-07-29T12:00:00+0200,2783.5,MW,PT,PT,forecast_solar_generation,Solar,2026-08-25T13:56:07Z
2026-08-25T13:46:29Z,2026-08-25T15:46:29+0200,7478f083-450f-4443-a2c4-deeb0cfd0e29,2026-07-29T11:00:00Z,2026-07-29T13:00:00+0200,3123.1,MW,PT,PT,forecast_solar_generation,Solar,2026-08-25T13:56:07Z
2026-08-25T13:46:29Z,2026-08-25T15:46:29+0200,7478f083-450f-4443-a2c4-deeb0cfd0e29,2026-07-29T12:00:00Z,2026-07-29T14:00:00+0200,3167.1,MW,PT,PT,forecast_solar_generation,Solar,2026-08-25T13:56:07Z
2026-08-25T13:46:29Z,2026-08-25T15:46:29+0200,7478f083-450f-4443-a2c4-deeb0cfd0e29,2026-07-29T13:00:00Z,2026-07-29T15:00:00+0200,3114.3,MW,PT,PT,forecast_solar_generation,Solar,2026-08-25T13:56:07Z
2026-08-25T13:46:29Z,2026-08-25T15:46:29+0200,7478f083-450f-4443-a2c4-deeb0cfd0e29,2026-07-29T14:00:00Z,2026-07-29T16:00:00+0200,2867.2,MW,PT,PT,forecast_solar_generation,Solar,2026-08-25T13:56:07Z
2026-08-25T13:46:29Z,2026-08-25T15:46:29+0200,7478f083-450f-4443-a2c4-deeb0cfd0e29,2026-07-29T15:00:00Z,2026-07-29T17:00:00+0200,2585.0,MW,PT,PT,forecast_solar_generation,Solar,2026-08-25T13:56:07Z
2026-08-25T13:46:29Z,2026-08-25T15:46:29+0200,7478f083-450f-4443-a2c4-deeb0cfd0e29,2026-07-29T16:00:00Z,2026-07-29T18:00:00+0200,2147.6,MW,PT,PT,forecast_solar_generation,Solar,2026-08-25T13:56:07Z
2026-08-25T13:46:29Z,2026-08-25T15:46:29+0200,7478f083-450f-4443-a2c4-deeb0cfd0e29,2026-07-29T17:00:00Z,2026-07-29T19:00:00+0200,1420.2,MW,PT,PT,forecast_solar_generation,Solar,2026-08-25T13:56:07Z
2026-08-25T13:46:29Z,2026-08-25T15:46:29+0200,7478f083-450f-4443-a2c4-deeb0cfd0e29,2026-07-29T18:00:00Z,2026-07-29T20:00:00+0200,603.2,MW,PT,PT,forecast_solar_generation,Solar,2026-08-25T13:56:07Z
2026-08-25T13:46:29Z,2026-08-25T15:46:29+0200,7478f083-450f-4443-a2c4-deeb0cfd0e29,2026-07-29T19:00:00Z,2026-07-29T21:00:00+0200,67.9,MW,PT,PT,forecast_solar_generation,Solar,2026-08-25T13:56:07Z
2026-08-25T13:46:29Z,2026-08-25T15:46:29+0200,7478f083-450f-4443-a2c4-deeb0cfd0e29,2026-07-29T20:00:00Z,2026-07-29T22:00:00+0200,0.0,MW,PT,PT,forecast_solar_generation,Solar,2026-08-25T13:56:07Z
2026-08-25T13:46:29Z,2026-08-25T15:46:29+0200,7478f083-450f-4443-a2c4-deeb0cfd0e29,2026-07-29T21:00:00Z,2026-07-29T23:00:00+0200,0.0,MW,PT,PT,forecast_solar_generation,Solar,2026-08-25T13:56:07Z
2026-08-25T13:46:29Z,2026-08-25T15:46:29+0200,7478f083-450f-4443-a2c4-deeb0cfd0e29,2026-07-29T22:00:00Z,2026-07-30T00:00:00+0200,14.8,MW,PT,PT,forecast_solar_generation,Solar,2026-08-25T13:56:07Z
2026-08-25T13:46:29Z,2026-08-25T15:46:29+0200,7478f083-450f-4443-a2c4-deeb0cfd0e29,2026-07-29T23:00:00Z,2026-07-30T01:00:00+0200,14.8,MW,PT,PT,forecast_solar_generation,Solar,2026-08-25T13:56:07Z
2026-08-25T13:46:29Z,2026-08-25T15:46:29+0200,7478f083-450f-4443-a2c4-deeb0cfd0e29,2026-07-30T00:00:00Z,2026-07-30T02:00:00+0200,14.8,MW,PT,PT,forecast_solar_generation,Solar,2026-08-25T13:56:07Z
2026-08-25T13:46:29Z,2026-08-25T15:46:29+0200,7478f083-450f-4443-a2c4-deeb0cfd0e29,2026-07-30T01:00:00Z,2026-07-30T03:00:00+0200,14.8,MW,PT,PT,forecast_solar_generation,Solar,2026-08-25T13:56:07Z
2026-08-25T13:46:29Z,2026-08-25T15:46:29+0200,7478f083-450f-4443-a2c4-deeb0cfd0e29,2026-07-30T02:00:00Z,2026-07-30T04:00:00+0200,14.8,MW,PT,PT,forecast_solar_generation,Solar,2026-08-25T13:56:07Z
2026-08-25T13:46:29Z,2026-08-25T15:46:29+0200,7478f083-450f-4443-a2c4-deeb0cfd0e29,2026-07-30T03:00:00Z,2026-07-30T05:00:00+0200,14.8,MW,PT,PT,forecast_solar_generation,Solar,2026-08-25T13:56:07Z
2026-08-25T13:46:29Z,2026-08-25T15:46:29+0200,7478f083-450f-4443-a2c4-deeb0cfd0e29,2026-07-30T04:00:00Z,2026-07-30T06:00:00+0200,14.8,MW,PT,PT,forecast_solar_generation,Solar,2026-08-25T13:56:07Z
2026-08-25T13:46:29Z,2026-08-25T15:46:29+0200,7478f083-450f-4443-a2c4-deeb0cfd0e29,2026-07-30T05:00:00Z,2026-07-30T07:00:00+0200,53.5,MW,PT,PT,forecast_solar_generation,Solar,2026-08-25T13:56:07Z
2026-08-25T13:46:29Z,2026-08-25T15:46:29+0200,7478f083-450f-4443-a2c4-deeb0cfd0e29,2026-07-30T06:00:00Z,2026-07-30T08:00:00+0200,472.7,MW,PT,PT,forecast_solar_generation,Solar,2026-08-25T13:56:07Z
2026-08-25T13:46:29Z,2026-08-25T15:46:29+0200,7478f083-450f-4443-a2c4-deeb0cfd0e29,2026-07-30T07:00:00Z,2026-07-30T09:00:00+0200,1231.7,MW,PT,PT,forecast_solar_generation,Solar,2026-08-25T13:56:07Z
2026-08-25T13:46:29Z,2026-08-25T15:46:29+0200,7478f083-450f-4443-a2c4-deeb0cfd0e29,2026-07-30T08:00:00Z,2026-07-30T10:00:00+0200,2047.4,MW,PT,PT,forecast_solar_generation,Solar,2026-08-25T13:56:07Z
2026-08-25T13:46:29Z,2026-08-25T15:46:29+0200,7478f083-450f-4443-a2c4-deeb0cfd0e29,2026-07-30T09:00:00Z,2026-07-30T11:00:00+0200,2574.1,MW,PT,PT,forecast_solar_generation,Solar,2026-08-25T13:56:07Z
2026-08-25T13:46:29Z,2026-08-25T15:46:29+0200,7478f083-450f-4443-a2c4-deeb0cfd0e29,2026-07-30T10:00:00Z,2026-07-30T12:00:00+0200,2960.3,MW,PT,PT,forecast_solar_generation,Solar,2026-08-25T13:56:07Z
2026-08-25T13:46:29Z,2026-08-25T15:46:29+0200,7478f083-450f-4443-a2c4-deeb0cfd0e29,2026-07-30T11:00:00Z,2026-07-30T13:00:00+0200,3305.7,MW,PT,PT,forecast_solar_generation,Solar,2026-08-25T13:56:07Z
2026-08-25T13:46:29Z,2026-08-25T15:46:29+0200,7478f083-450f-4443-a2c4-deeb0cfd0e29,2026-07-30T12:00:00Z,2026-07-30T14:00:00+0200,3045.0,MW,PT,PT,forecast_solar_generation,Solar,2026-08-25T13:56:07Z
2026-08-25T13:46:29Z,2026-08-25T15:46:29+0200,7478f083-450f-4443-a2c4-deeb0cfd0e29,2026-07-30T13:00:00Z,2026-07-30T15:00:00+0200,3208.2,MW,PT,PT,forecast_solar_generation,Solar,2026-08-25T13:56:07Z
2026-08-25T13:46:29Z,2026-08-25T15:46:29+0200,7478f083-450f-4443-a2c4-deeb0cfd0e29,2026-07-30T14:00:00Z,2026-07-30T16:00:00+0200,3091.3,MW,PT,PT,forecast_solar_generation,Solar,2026-08-25T13:56:07Z
2026-08-25T13:46:29Z,2026-08-25T15:46:29+0200,7478f083-450f-4443-a2c4-deeb0cfd0e29,2026-07-30T15:00:00Z,2026-07-30T17:00:00+0200,2817.3,MW,PT,PT,forecast_solar_generation,Solar,2026-08-25T13:56:07Z
2026-08-25T13:46:29Z,2026-08-25T15:46:29+0200,7478f083-450f-4443-a2c4-deeb0cfd0e29,2026-07-30T16:00:00Z,2026-07-30T18:00:00+0200,2428.3,MW,PT,PT,forecast_solar_generation,Solar,2026-08-25T13:56:07Z
2026-08-25T13:46:29Z,2026-08-25T15:46:29+0200,7478f083-450f-4443-a2c4-deeb0cfd0e29,2026-07-30T17:00:00Z,2026-07-30T19:00:00+0200,1635.8,MW,PT,PT,forecast_solar_generation,Solar,2026-08-25T13:56:07Z
2026-08-25T13:46:29Z,2026-08-25T15:46:29+0200,7478f083-450f-4443-a2c4-deeb0cfd0e29,2026-07-30T18:00:00Z,2026-07-30T20:00:00+0200,700.9,MW,PT,PT,forecast_solar_generation,Solar,2026-08-25T13:56:07Z
2026-08-25T13:46:29Z,2026-08-25T15:46:29+0200,7478f083-450f-4443-a2c4-deeb0cfd0e29,2026-07-30T19:00:00Z,2026-07-30T21:00:00+0200,182.9,MW,PT,PT,forecast_solar_generation,Solar,2026-08-25T13:56:07Z
2026-08-25T13:46:29Z,2026-08-25T15:46:29+0200,7478f083-450f-4443-a2c4-deeb0cfd0e29,2026-07-30T20:00:00Z,2026-07-30T22:00:00+0200,27.4,MW,PT,PT,forecast_solar_generation,Solar,2026-08-25T13:56:07Z
2026-08-25T13:46:29Z,2026-08-25T15:46:29+0200,7478f083-450f-4443-a2c4-deeb0cfd0e29,2026-07-30T21:00:00Z,2026-07-30T23:00:00+0200,21.4,MW,PT,PT,forecast_solar_generation,Solar,2026-08-25T13:56:07Z
2026-08-25T13:46:29Z,2026-08-25T15:46:29+0200,7478f083-450f-4443-a2c4-deeb0cfd0e29,2026-07-30T22:00:00Z,2026-07-31T00:00:00+0200,0.0,MW,PT,PT,forecast_solar_generation,Solar,2026-08-25T13:56:07Z
2026-08-25T13:46:29Z,2026-08-25T15:46:29+0200,7478f083-450f-4443-a2c4-deeb0cfd0e29,2026-07-30T23:00:00Z,2026-07-31T01:00:00+0200,0.0,MW,PT,PT,forecast_solar_generation,Solar,2026-08-25T13:56:07Z
2026-08-25T13:46:29Z,2026-08-25T15:46:29+0200,7478f083-450f-4443-a2c4-deeb0cfd0e29,2026-07-31T00:00:00Z,2026-07-31T02:00:00+0200,0.0,MW,PT,PT,forecast_solar_generation,Solar,2026-08-25T13:56:07Z
2026-08-25T13:46:29Z,2026-08-25T15:46:29+0200,7478f083-450f-4443-a2c4-deeb0cfd0e29,2026-07-31T01:00:00Z,2026-07-31T03:00:00+0200,0.0,MW,PT,PT,forecast_solar_generation,Solar,2026-08-25T13:56:07Z
2026-08-25T13:46:29Z,2026-08-25T15:46:29+0200,7478f083-450f-4443-a2c4-deeb0cfd0e29,2026-07-31T02:00:00Z,2026-07-31T04:00:00+0200,0.0,MW,PT,PT,forecast_solar_generation,Solar,2026-08-25T13:56:07Z
2026-08-25T13:46:29Z,2026-08-25T15:46:29+0200,7478f083-450f-4443-a2c4-deeb0cfd0e29,2026-07-31T03:00:00Z,2026-07-31T05:00:00+0200,0.0,MW,PT,PT,forecast_solar_generation,Solar,2026-08-25T13:56:07Z
2026-08-25T13:46:29Z,2026-08-25T15:46:29+0200,7478f083-450f-4443-a2c4-deeb0cfd0e29,2026-07-31T04:00:00Z,2026-07-31T06:00:00+0200,0.0,MW,PT,PT,forecast_solar_generation,Solar,2026-08-25T13:56:07Z
2026-08-25T13:46:29Z,2026-08-25T15:46:29+0200,7478f083-450f-4443-a2c4-deeb0cfd0e29,2026-07-31T05:00:00Z,2026-07-31T07:00:00+0200,51.7,MW,PT,PT,forecast_solar_generation,Solar,2026-08-25T13:56:07Z
2026-08-25T13:46:29Z,2026-08-25T15:46:29+0200,7478f083-450f-4443-a2c4-deeb0cfd0e29,2026-07-31T06:00:00Z,2026-07-31T08:00:00+0200,407.7,MW,PT,PT,forecast_solar_generation,Solar,2026-08-25T13:56:07Z
2026-08-25T13:46:29Z,2026-08-25T15:46:29+0200,7478f083-450f-4443-a2c4-deeb0cfd0e29,2026-07-31T07:00:00Z,2026-07-31T09:00:00+0200,1105.5,MW,PT,PT,forecast_solar_generation,Solar,2026-08-25T13:56:07Z
2026-08-25T13:46:29Z,2026-08-25T15:46:29+0200,7478f083-450f-4443-a2c4-deeb0cfd0e29,2026-07-31T08:00:00Z,2026-07-31T10:00:00+0200,1968.1,MW,PT,PT,forecast_solar_generation,Solar,2026-08-25T13:56:07Z
2026-08-25T13:46:29Z,2026-08-25T15:46:29+0200,7478f083-450f-4443-a2c4-deeb0cfd0e29,2026-07-31T09:00:00Z,2026-07-31T11:00:00+0200,2703.9,MW,PT,PT,forecast_solar_generation,Solar,2026-08-25T13:56:07Z
2026-08-25T13:46:29Z,2026-08-25T15:46:29+0200,7478f083-450f-4443-a2c4-deeb0cfd0e29,2026-07-31T10:00:00Z,2026-07-31T12:00:00+0200,3148.2,MW,PT,PT,forecast_solar_generation,Solar,2026-08-25T13:56:07Z
2026-08-25T13:46:29Z,2026-08-25T15:46:29+0200,7478f083-450f-4443-a2c4-deeb0cfd0e29,2026-07-31T11:00:00Z,2026-07-31T13:00:00+0200,3383.7,MW,PT,PT,forecast_solar_generation,Solar,2026-08-25T13:56:07Z
2026-08-25T13:46:29Z,2026-08-25T15:46:29+0200,7478f083-450f-4443-a2c4-deeb0cfd0e29,2026-07-31T12:00:00Z,2026-07-31T14:00:00+0200,3433.1,MW,PT,PT,forecast_solar_generation,Solar,2026-08-25T13:56:07Z
2026-08-25T13:46:29Z,2026-08-25T15:46:29+0200,7478f083-450f-4443-a2c4-deeb0cfd0e29,2026-07-31T13:00:00Z,2026-07-31T15:00:00+0200,3365.3,MW,PT,PT,forecast_solar_generation,Solar,2026-08-25T13:56:07Z
2026-08-25T13:46:29Z,2026-08-25T15:46:29+0200,7478f083-450f-4443-a2c4-deeb0cfd0e29,2026-07-31T14:00:00Z,2026-07-31T16:00:00+0200,3197.6,MW,PT,PT,forecast_solar_generation,Solar,2026-08-25T13:56:07Z
2026-08-25T13:46:29Z,2026-08-25T15:46:29+0200,7478f083-450f-4443-a2c4-deeb0cfd0e29,2026-07-31T15:00:00Z,2026-07-31T17:00:00+0200,2848.6,MW,PT,PT,forecast_solar_generation,Solar,2026-08-25T13:56:07Z
2026-08-25T13:46:29Z,2026-08-25T15:46:29+0200,7478f083-450f-4443-a2c4-deeb0cfd0e29,2026-07-31T16:00:00Z,2026-07-31T18:00:00+0200,2276.0,MW,PT,PT,forecast_solar_generation,Solar,2026-08-25T13:56:07Z
2026-08-25T13:46:29Z,2026-08-25T15:46:29+0200,7478f083-450f-4443-a2c4-deeb0cfd0e29,2026-07-31T17:00:00Z,2026-07-31T19:00:00+0200,1519.2,MW,PT,PT,forecast_solar_generation,Solar,2026-08-25T13:56:07Z
2026-08-25T13:46:29Z,2026-08-25T15:46:29+0200,7478f083-450f-4443-a2c4-deeb0cfd0e29,2026-07-31T18:00:00Z,2026-07-31T20:00:00+0200,613.7,MW,PT,PT,forecast_solar_generation,Solar,2026-08-25T13:56:07Z
2026-08-25T13:46:29Z,2026-08-25T15:46:29+0200,7478f083-450f-4443-a2c4-deeb0cfd0e29,2026-07-31T19:00:00Z,2026-07-31T21:00:00+0200,102.1,MW,PT,PT,forecast_solar_generation,Solar,2026-08-25T13:56:07Z
2026-08-25T13:46:29Z,2026-08-25T15:46:29+0200,7478f083-450f-4443-a2c4-deeb0cfd0e29,2026-07-31T20:00:00Z,2026-07-31T22:00:00+0200,0.0,MW,PT,PT,forecast_solar_generation,Solar,2026-08-25T13:56:07Z
2026-08-25T13:46:29Z,2026-08-25T15:46:29+0200,7478f083-450f-4443-a2c4-deeb0cfd0e29,2026-07-31T21:00:00Z,2026-07-31T23:00:00+0200,0.0,MW,PT,PT,forecast_solar_generation,Solar,2026-08-25T13:56:07Z
2026-08-25T13:46:29Z,2026-08-25T15:46:29+0200,7478f083-450f-4443-a2c4-deeb0cfd0e29,2026-07-31T22:00:00Z,2026-08-01T00:00:00+0200,0.0,MW,PT,PT,forecast_solar_generation,Solar,2026-08-25T13:56:07Z
2026-08-25T13:46:29Z,2026-08-25T15:46:29+0200,7478f083-450f-4443-a2c4-deeb0cfd0e29,2026-07-31T23:00:00Z,2026-08-01T01:00:00+0200,0.0,MW,PT,PT,forecast_solar_generation,Solar,2026-08-25T13:56:07Z
2026-08-25T13:46:29Z,2026-08-25T15:46:29+0200,7478f083-450f-4443-a2c4-deeb0cfd0e29,2026-08-01T00:00:00Z,2026-08-01T02:00:00+0200,0.0,MW,PT,PT,forecast_solar_generation,Solar,2026-08-25T13:56:07Z
2026-08-25T13:46:29Z,2026-08-25T15:46:29+0200,7478f083-450f-4443-a2c4-deeb0cfd0e29,2026-08-01T01:00:00Z,2026-08-01T03:00:00+0200,0.0,MW,PT,PT,forecast_solar_generation,Solar,2026-08-25T13:56:07Z
2026-08-25T13:46:29Z,2026-08-25T15:46:29+0200,7478f083-450f-4443-a2c4-deeb0cfd0e29,2026-08-01T02:00:00Z,2026-08-01T04:00:00+0200,0.0,MW,PT,PT,forecast_solar_generation,Solar,2026-08-25T13:56:07Z
2026-08-25T13:46:29Z,2026-08-25T15:46:29+0200,7478f083-450f-4443-a2c4-deeb0cfd0e29,2026-08-01T03:00:00Z,2026-08-01T05:00:00+0200,0.0,MW,PT,PT,forecast_solar_generation,Solar,2026-08-25T13:56:07Z
2026-08-25T13:46:29Z,2026-08-25T15:46:29+0200,7478f083-450f-4443-a2c4-deeb0cfd0e29,2026-08-01T04:00:00Z,2026-08-01T06:00:00+0200,0.0,MW,PT,PT,forecast_solar_generation,Solar,2026-08-25T13:56:07Z
2026-08-25T13:46:29Z,2026-08-25T15:46:29+0200,7478f083-450f-4443-a2c4-deeb0cfd0e29,2026-08-01T05:00:00Z,2026-08-01T07:00:00+0200,70.2,MW,PT,PT,forecast_solar_generation,Solar,2026-08-25T13:56:07Z
2026-08-25T13:46:29Z,2026-08-25T15:46:29+0200,7478f083-450f-4443-a2c4-deeb0cfd0e29,2026-08-01T06:00:00Z,2026-08-01T08:00:00+0200,577.5,MW,PT,PT,forecast_solar_generation,Solar,2026-08-25T13:56:07Z
2026-08-25T13:46:29Z,2026-08-25T15:46:29+0200,7478f083-450f-4443-a2c4-deeb0cfd0e29,2026-08-01T07:00:00Z,2026-08-01T09:00:00+0200,1341.0,MW,PT,PT,forecast_solar_generation,Solar,2026-08-25T13:56:07Z
2026-08-25T13:46:29Z,2026-08-25T15:46:29+0200,7478f083-450f-4443-a2c4-deeb0cfd0e29,2026-08-01T08:00:00Z,2026-08-01T10:00:00+0200,2076.1,MW,PT,PT,forecast_solar_generation,Solar,2026-08-25T13:56:07Z
2026-08-25T13:46:29Z,2026-08-25T15:46:29+0200,7478f083-450f-4443-a2c4-deeb0cfd0e29,2026-08-01T09:00:00Z,2026-08-01T11:00:00+0200,2410.3,MW,PT,PT,forecast_solar_generation,Solar,2026-08-25T13:56:07Z
2026-08-25T13:46:29Z,2026-08-25T15:46:29+0200,7478f083-450f-4443-a2c4-deeb0cfd0e29,2026-08-01T10:00:00Z,2026-08-01T12:00:00+0200,2674.7,MW,PT,PT,forecast_solar_generation,Solar,2026-08-25T13:56:07Z
2026-08-25T13:46:29Z,2026-08-25T15:46:29+0200,7478f083-450f-4443-a2c4-deeb0cfd0e29,2026-08-01T11:00:00Z,2026-08-01T13:00:00+0200,2703.7,MW,PT,PT,forecast_solar_generation,Solar,2026-08-25T13:56:07Z
2026-08-25T13:46:29Z,2026-08-25T15:46:29+0200,7478f083-450f-4443-a2c4-deeb0cfd0e29,2026-08-01T12:00:00Z,2026-08-01T14:00:00+0200,2759.3,MW,PT,PT,forecast_solar_generation,Solar,2026-08-25T13:56:07Z
2026-08-25T13:46:29Z,2026-08-25T15:46:29+0200,7478f083-450f-4443-a2c4-deeb0cfd0e29,2026-08-01T13:00:00Z,2026-08-01T15:00:00+0200,2675.2,MW,PT,PT,forecast_solar_generation,Solar,2026-08-25T13:56:07Z
2026-08-25T13:46:29Z,2026-08-25T15:46:29+0200,7478f083-450f-4443-a2c4-deeb0cfd0e29,2026-08-01T14:00:00Z,2026-08-01T16:00:00+0200,2632.5,MW,PT,PT,forecast_solar_generation,Solar,2026-08-25T13:56:07Z
2026-08-25T13:46:29Z,2026-08-25T15:46:29+0200,7478f083-450f-4443-a2c4-deeb0cfd0e29,2026-08-01T15:00:00Z,2026-08-01T17:00:00+0200,2789.6,MW,PT,PT,forecast_solar_generation,Solar,2026-08-25T13:56:07Z
2026-08-25T13:46:29Z,2026-08-25T15:46:29+0200,7478f083-450f-4443-a2c4-deeb0cfd0e29,2026-08-01T16:00:00Z,2026-08-01T18:00:00+0200,2525.4,MW,PT,PT,forecast_solar_generation,Solar,2026-08-25T13:56:07Z
2026-08-25T13:46:29Z,2026-08-25T15:46:29+0200,7478f083-450f-4443-a2c4-deeb0cfd0e29,2026-08-01T17:00:00Z,2026-08-01T19:00:00+0200,1785.4,MW,PT,PT,forecast_solar_generation,Solar,2026-08-25T13:56:07Z
2026-08-25T13:46:29Z,2026-08-25T15:46:29+0200,7478f083-450f-4443-a2c4-deeb0cfd0e29,2026-08-01T18:00:00Z,2026-08-01T20:00:00+0200,827.4,MW,PT,PT,forecast_solar_generation,Solar,2026-08-25T13:56:07Z
2026-08-25T13:46:29Z,2026-08-25T15:46:29+0200,7478f083-450f-4443-a2c4-deeb0cfd0e29,2026-08-01T19:00:00Z,2026-08-01T21:00:00+0200,230.1,MW,PT,PT,forecast_solar_generation,Solar,2026-08-25T13:56:07Z
2026-08-25T13:46:29Z,2026-08-25T15:46:29+0200,7478f083-450f-4443-a2c4-deeb0cfd0e29,2026-08-01T20:00:00Z,2026-08-01T22:00:00+0200,0.0,MW,PT,PT,forecast_solar_generation,Solar,2026-08-25T13:56:07Z
2026-08-25T13:46:29Z,2026-08-25T15:46:29+0200,7478f083-450f-4443-a2c4-deeb0cfd0e29,2026-08-01T21:00:00Z,2026-08-01T23:00:00+0200,0.0,MW,PT,PT,forecast_solar_generation,Solar,2026-08-25T13:56:07Z
2026-08-25T13:46:29Z,2026-08-25T15:46:29+0200,7478f083-450f-4443-a2c4-deeb0cfd0e29,2026-08-01T22:00:00Z,2026-08-02T00:00:00+0200,101.8,MW,PT,PT,forecast_solar_generation,Solar,2026-08-25T13:56:07Z
2026-08-25T13:46:29Z,2026-08-25T15:46:29+0200,7478f083-450f-4443-a2c4-deeb0cfd0e29,2026-08-01T23:00:00Z,2026-08-02T01:00:00+0200,92.2,MW,PT,PT,forecast_solar_generation,Solar,2026-08-25T13:56:07Z
2026-08-25T13:46:29Z,2026-08-25T15:46:29+0200,7478f083-450f-4443-a2c4-deeb0cfd0e29,2026-08-02T00:00:00Z,2026-08-02T02:00:00+0200,92.2,MW,PT,PT,forecast_solar_generation,Solar,2026-08-25T13:56:07Z
2026-08-25T13:46:29Z,2026-08-25T15:46:29+0200,7478f083-450f-4443-a2c4-deeb0cfd0e29,2026-08-02T01:00:00Z,2026-08-02T03:00:00+0200,88.3,MW,PT,PT,forecast_solar_generation,Solar,2026-08-25T13:56:07Z
2026-08-25T13:46:29Z,2026-08-25T15:46:29+0200,7478f083-450f-4443-a2c4-deeb0cfd0e29,2026-08-02T02:00:00Z,2026-08-02T04:00:00+0200,62.6,MW,PT,PT,forecast_solar_generation,Solar,2026-08-25T13:56:07Z
2026-08-25T13:46:29Z,2026-08-25T15:46:29+0200,7478f083-450f-4443-a2c4-deeb0cfd0e29,2026-08-02T03:00:00Z,2026-08-02T05:00:00+0200,63.4,MW,PT,PT,forecast_solar_generation,Solar,2026-08-25T13:56:07Z
2026-08-25T13:46:29Z,2026-08-25T15:46:29+0200,7478f083-450f-4443-a2c4-deeb0cfd0e29,2026-08-02T04:00:00Z,2026-08-02T06:00:00+0200,85.7,MW,PT,PT,forecast_solar_generation,Solar,2026-08-25T13:56:07Z
2026-08-25T13:46:29Z,2026-08-25T15:46:29+0200,7478f083-450f-4443-a2c4-deeb0cfd0e29,2026-08-02T05:00:00Z,2026-08-02T07:00:00+0200,155.1,MW,PT,PT,forecast_solar_generation,Solar,2026-08-25T13:56:07Z
2026-08-25T13:46:29Z,2026-08-25T15:46:29+0200,7478f083-450f-4443-a2c4-deeb0cfd0e29,2026-08-02T06:00:00Z,2026-08-02T08:00:00+0200,518.7,MW,PT,PT,forecast_solar_generation,Solar,2026-08-25T13:56:07Z
2026-08-25T13:46:29Z,2026-08-25T15:46:29+0200,7478f083-450f-4443-a2c4-deeb0cfd0e29,2026-08-02T07:00:00Z,2026-08-02T09:00:00+0200,1158.0,MW,PT,PT,forecast_solar_generation,Solar,2026-08-25T13:56:07Z
2026-08-25T13:46:29Z,2026-08-25T15:46:29+0200,7478f083-450f-4443-a2c4-deeb0cfd0e29,2026-08-02T08:00:00Z,2026-08-02T10:00:00+0200,1569.2,MW,PT,PT,forecast_solar_generation,Solar,2026-08-25T13:56:07Z
2026-08-25T13:46:29Z,2026-08-25T15:46:29+0200,7478f083-450f-4443-a2c4-deeb0cfd0e29,2026-08-02T09:00:00Z,2026-08-02T11:00:00+0200,1854.1,MW,PT,PT,forecast_solar_generation,Solar,2026-08-25T13:56:07Z
2026-08-25T13:46:29Z,2026-08-25T15:46:29+0200,7478f083-450f-4443-a2c4-deeb0cfd0e29,2026-08-02T10:00:00Z,2026-08-02T12:00:00+0200,2101.2,MW,PT,PT,forecast_solar_generation,Solar,2026-08-25T13:56:07Z
2026-08-25T13:46:29Z,2026-08-25T15:46:29+0200,7478f083-450f-4443-a2c4-deeb0cfd0e29,2026-08-02T11:00:00Z,2026-08-02T13:00:00+0200,2322.8,MW,PT,PT,forecast_solar_generation,Solar,2026-08-25T13:56:07Z
2026-08-25T13:46:29Z,2026-08-25T15:46:29+0200,7478f083-450f-4443-a2c4-deeb0cfd0e29,2026-08-02T12:00:00Z,2026-08-02T14:00:00+0200,2350.7,MW,PT,PT,forecast_solar_generation,Solar,2026-08-25T13:56:07Z
2026-08-25T13:46:29Z,2026-08-25T15:46:29+0200,7478f083-450f-4443-a2c4-deeb0cfd0e29,2026-08-02T13:00:00Z,2026-08-02T15:00:00+0200,2350.5,MW,PT,PT,forecast_solar_generation,Solar,2026-08-25T13:56:07Z
2026-08-25T13:46:29Z,2026-08-25T15:46:29+0200,7478f083-450f-4443-a2c4-deeb0cfd0e29,2026-08-02T14:00:00Z,2026-08-02T16:00:00+0200,2305.2,MW,PT,PT,forecast_solar_generation,Solar,2026-08-25T13:56:07Z
2026-08-25T13:46:29Z,2026-08-25T15:46:29+0200,7478f083-450f-4443-a2c4-deeb0cfd0e29,2026-08-02T15:00:00Z,2026-08-02T17:00:00+0200,2336.2,MW,PT,PT,forecast_solar_generation,Solar,2026-08-25T13:56:07Z
2026-08-25T13:46:29Z,2026-08-25T15:46:29+0200,7478f083-450f-4443-a2c4-deeb0cfd0e29,2026-08-02T16:00:00Z,2026-08-02T18:00:00+0200,2064.2,MW,PT,PT,forecast_solar_generation,Solar,2026-08-25T13:56:07Z
2026-08-25T13:46:29Z,2026-08-25T15:46:29+0200,7478f083-450f-4443-a2c4-deeb0cfd0e29,2026-08-02T17:00:00Z,2026-08-02T19:00:00+0200,1398.1,MW,PT,PT,forecast_solar_generation,Solar,2026-08-25T13:56:07Z
2026-08-25T13:46:29Z,2026-08-25T15:46:29+0200,7478f083-450f-4443-a2c4-deeb0cfd0e29,2026-08-02T18:00:00Z,2026-08-02T20:00:00+0200,778.2,MW,PT,PT,forecast_solar_generation,Solar,2026-08-25T13:56:07Z
2026-08-25T13:46:29Z,2026-08-25T15:46:29+0200,7478f083-450f-4443-a2c4-deeb0cfd0e29,2026-08-02T19:00:00Z,2026-08-02T21:00:00+0200,318.3,MW,PT,PT,forecast_solar_generation,Solar,2026-08-25T13:56:07Z
2026-08-25T13:46:29Z,2026-08-25T15:46:29+0200,7478f083-450f-4443-a2c4-deeb0cfd0e29,2026-08-02T20:00:00Z,2026-08-02T22:00:00+0200,141.4,MW,PT,PT,forecast_solar_generation,Solar,2026-08-25T13:56:07Z
2026-08-25T13:46:29Z,2026-08-25T15:46:29+0200,7478f083-450f-4443-a2c4-deeb0cfd0e29,2026-08-02T21:00:00Z,2026-08-02T23:00:00+0200,125.7,MW,PT,PT,forecast_solar_generation,Solar,2026-08-25T13:56:07Z
2026-08-25T13:46:29Z,2026-08-25T15:46:29+0200,7478f083-450f-4443-a2c4-deeb0cfd0e29,2026-08-02T22:00:00Z,2026-08-03T00:00:00+0200,0.0,MW,PT,PT,forecast_solar_generation,Solar,2026-08-25T13:56:07Z
2026-08-25T13:46:29Z,2026-08-25T15:46:29+0200,7478f083-450f-4443-a2c4-deeb0cfd0e29,2026-08-02T23:00:00Z,2026-08-03T01:00:00+0200,0.0,MW,PT,PT,forecast_solar_generation,Solar,2026-08-25T13:56:07Z
2026-08-25T13:46:29Z,2026-08-25T15:46:29+0200,7478f083-450f-4443-a2c4-deeb0cfd0e29,2026-08-03T00:00:00Z,2026-08-03T02:00:00+0200,0.0,MW,PT,PT,forecast_solar_generation,Solar,2026-08-25T13:56:07Z
2026-08-25T13:46:29Z,2026-08-25T15:46:29+0200,7478f083-450f-4443-a2c4-deeb0cfd0e29,2026-08-03T01:00:00Z,2026-08-03T03:00:00+0200,0.0,MW,PT,PT,forecast_solar_generation,Solar,2026-08-25T13:56:07Z
2026-08-25T13:46:29Z,2026-08-25T15:46:29+0200,7478f083-450f-4443-a2c4-deeb0cfd0e29,2026-08-03T02:00:00Z,2026-08-03T04:00:00+0200,0.0,MW,PT,PT,forecast_solar_generation,Solar,2026-08-25T13:56:07Z
2026-08-25T13:46:29Z,2026-08-25T15:46:29+0200,7478f083-450f-4443-a2c4-deeb0cfd0e29,2026-08-03T03:00:00Z,2026-08-03T05:00:00+0200,0.0,MW,PT,PT,forecast_solar_generation,Solar,2026-08-25T13:56:07Z
2026-08-25T13:46:29Z,2026-08-25T15:46:29+0200,7478f083-450f-4443-a2c4-deeb0cfd0e29,2026-08-03T04:00:00Z,2026-08-03T06:00:00+0200,0.0,MW,PT,PT,forecast_solar_generation,Solar,2026-08-25T13:56:07Z
2026-08-25T13:46:29Z,2026-08-25T15:46:29+0200,7478f083-450f-4443-a2c4-deeb0cfd0e29,2026-08-03T05:00:00Z,2026-08-03T07:00:00+0200,0.1,MW,PT,PT,forecast_solar_generation,Solar,2026-08-25T13:56:07Z
2026-08-25T13:46:29Z,2026-08-25T15:46:29+0200,7478f083-450f-4443-a2c4-deeb0cfd0e29,2026-08-03T06:00:00Z,2026-08-03T08:00:00+0200,301.8,MW,PT,PT,forecast_solar_generation,Solar,2026-08-25T13:56:07Z
2026-08-25T13:46:29Z,2026-08-25T15:46:29+0200,7478f083-450f-4443-a2c4-deeb0cfd0e29,2026-08-03T07:00:00Z,2026-08-03T09:00:00+0200,1025.9,MW,PT,PT,forecast_solar_generation,Solar,2026-08-25T13:56:07Z
2026-08-25T13:46:29Z,2026-08-25T15:46:29+0200,7478f083-450f-4443-a2c4-deeb0cfd0e29,2026-08-03T08:00:00Z,2026-08-03T10:00:00+0200,1622.6,MW,PT,PT,forecast_solar_generation,Solar,2026-08-25T13:56:07Z
2026-08-25T13:46:29Z,2026-08-25T15:46:29+0200,7478f083-450f-4443-a2c4-deeb0cfd0e29,2026-08-03T09:00:00Z,2026-08-03T11:00:00+0200,2170.4,MW,PT,PT,forecast_solar_generation,Solar,2026-08-25T13:56:07Z
2026-08-25T13:46:29Z,2026-08-25T15:46:29+0200,7478f083-450f-4443-a2c4-deeb0cfd0e29,2026-08-03T10:00:00Z,2026-08-03T12:00:00+0200,2632.0,MW,PT,PT,forecast_solar_generation,Solar,2026-08-25T13:56:07Z
2026-08-25T13:46:29Z,2026-08-25T15:46:29+0200,7478f083-450f-4443-a2c4-deeb0cfd0e29,2026-08-03T11:00:00Z,2026-08-03T13:00:00+0200,2849.1,MW,PT,PT,forecast_solar_generation,Solar,2026-08-25T13:56:07Z
2026-08-25T13:46:29Z,2026-08-25T15:46:29+0200,7478f083-450f-4443-a2c4-deeb0cfd0e29,2026-08-03T12:00:00Z,2026-08-03T14:00:00+0200,2879.6,MW,PT,PT,forecast_solar_generation,Solar,2026-08-25T13:56:07Z
2026-08-25T13:46:29Z,2026-08-25T15:46:29+0200,7478f083-450f-4443-a2c4-deeb0cfd0e29,2026-08-03T13:00:00Z,2026-08-03T15:00:00+0200,2805.3,MW,PT,PT,forecast_solar_generation,Solar,2026-08-25T13:56:07Z
2026-08-25T13:46:29Z,2026-08-25T15:46:29+0200,7478f083-450f-4443-a2c4-deeb0cfd0e29,2026-08-03T14:00:00Z,2026-08-03T16:00:00+0200,2521.0,MW,PT,PT,forecast_solar_generation,Solar,2026-08-25T13:56:07Z
2026-08-25T13:46:29Z,2026-08-25T15:46:29+0200,7478f083-450f-4443-a2c4-deeb0cfd0e29,2026-08-03T15:00:00Z,2026-08-03T17:00:00+0200,2216.4,MW,PT,PT,forecast_solar_generation,Solar,2026-08-25T13:56:07Z
2026-08-25T13:46:29Z,2026-08-25T15:46:29+0200,7478f083-450f-4443-a2c4-deeb0cfd0e29,2026-08-03T16:00:00Z,2026-08-03T18:00:00+0200,1812.6,MW,PT,PT,forecast_solar_generation,Solar,2026-08-25T13:56:07Z
2026-08-25T13:46:29Z,2026-08-25T15:46:29+0200,7478f083-450f-4443-a2c4-deeb0cfd0e29,2026-08-03T17:00:00Z,2026-08-03T19:00:00+0200,1234.6,MW,PT,PT,forecast_solar_generation,Solar,2026-08-25T13:56:07Z
2026-08-25T13:46:29Z,2026-08-25T15:46:29+0200,7478f083-450f-4443-a2c4-deeb0cfd0e29,2026-08-03T18:00:00Z,2026-08-03T20:00:00+0200,502.8,MW,PT,PT,forecast_solar_generation,Solar,2026-08-25T13:56:07Z
2026-08-25T13:46:29Z,2026-08-25T15:46:29+0200,7478f083-450f-4443-a2c4-deeb0cfd0e29,2026-08-03T19:00:00Z,2026-08-03T21:00:00+0200,44.9,MW,PT,PT,forecast_solar_generation,Solar,2026-08-25T13:56:07Z
2026-08-25T13:46:29Z,2026-08-25T15:46:29+0200,7478f083-450f-4443-a2c4-deeb0cfd0e29,2026-08-03T20:00:00Z,2026-08-03T22:00:00+0200,0.0,MW,PT,PT,forecast_solar_generation,Solar,2026-08-25T13:56:07Z
2026-08-25T13:46:29Z,2026-08-25T15:46:29+0200,7478f083-450f-4443-a2c4-deeb0cfd0e29,2026-08-03T21:00:00Z,2026-08-03T23:00:00+0200,0.0,MW,PT,PT,forecast_solar_generation,Solar,2026-08-25T13:56:07Z
2026-08-25T13:46:29Z,2026-08-25T15:46:29+0200,7478f083-450f-4443-a2c4-deeb0cfd0e29,2026-08-03T22:00:00Z,2026-08-04T00:00:00+0200,15.9,MW,PT,PT,forecast_solar_generation,Solar,2026-08-25T13:56:07Z
2026-08-25T13:46:29Z,2026-08-25T15:46:29+0200,7478f083-450f-4443-a2c4-deeb0cfd0e29,2026-08-03T23:00:00Z,2026-08-04T01:00:00+0200,14.8,MW,PT,PT,forecast_solar_generation,Solar,2026-08-25T13:56:07Z
2026-08-25T13:46:29Z,2026-08-25T15:46:29+0200,7478f083-450f-4443-a2c4-deeb0cfd0e29,2026-08-04T00:00:00Z,2026-08-04T02:00:00+0200,14.8,MW,PT,PT,forecast_solar_generation,Solar,2026-08-25T13:56:07Z
2026-08-25T13:46:29Z,2026-08-25T15:46:29+0200,7478f083-450f-4443-a2c4-deeb0cfd0e29,2026-08-04T01:00:00Z,2026-08-04T03:00:00+0200,14.8,MW,PT,PT,forecast_solar_generation,Solar,2026-08-25T13:56:07Z
2026-08-25T13:46:29Z,2026-08-25T15:46:29+0200,7478f083-450f-4443-a2c4-deeb0cfd0e29,2026-08-04T02:00:00Z,2026-08-04T04:00:00+0200,14.8,MW,PT,PT,forecast_solar_generation,Solar,2026-08-25T13:56:07Z
2026-08-25T13:46:29Z,2026-08-25T15:46:29+0200,7478f083-450f-4443-a2c4-deeb0cfd0e29,2026-08-04T03:00:00Z,2026-08-04T05:00:00+0200,14.8,MW,PT,PT,forecast_solar_generation,Solar,2026-08-25T13:56:07Z
2026-08-25T13:46:29Z,2026-08-25T15:46:29+0200,7478f083-450f-4443-a2c4-deeb0cfd0e29,2026-08-04T04:00:00Z,2026-08-04T06:00:00+0200,14.8,MW,PT,PT,forecast_solar_generation,Solar,2026-08-25T13:56:07Z
2026-08-25T13:46:29Z,2026-08-25T15:46:29+0200,7478f083-450f-4443-a2c4-deeb0cfd0e29,2026-08-04T05:00:00Z,2026-08-04T07:00:00+0200,16.6,MW,PT,PT,forecast_solar_generation,Solar,2026-08-25T13:56:07Z
2026-08-25T13:46:29Z,2026-08-25T15:46:29+0200,7478f083-450f-4443-a2c4-deeb0cfd0e29,2026-08-04T06:00:00Z,2026-08-04T08:00:00+0200,334.3,MW,PT,PT,forecast_solar_generation,Solar,2026-08-25T13:56:07Z
2026-08-25T13:46:29Z,2026-08-25T15:46:29+0200,7478f083-450f-4443-a2c4-deeb0cfd0e29,2026-08-04T07:00:00Z,2026-08-04T09:00:00+0200,869.9,MW,PT,PT,forecast_solar_generation,Solar,2026-08-25T13:56:07Z
2026-08-25T13:46:29Z,2026-08-25T15:46:29+0200,7478f083-450f-4443-a2c4-deeb0cfd0e29,2026-08-04T08:00:00Z,2026-08-04T10:00:00+0200,1750.0,MW,PT,PT,forecast_solar_generation,Solar,2026-08-25T13:56:07Z
2026-08-25T13:46:29Z,2026-08-25T15:46:29+0200,7478f083-450f-4443-a2c4-deeb0cfd0e29,2026-08-04T09:00:00Z,2026-08-04T11:00:00+0200,2243.3,MW,PT,PT,forecast_solar_generation,Solar,2026-08-25T13:56:07Z
2026-08-25T13:46:29Z,2026-08-25T15:46:29+0200,7478f083-450f-4443-a2c4-deeb0cfd0e29,2026-08-04T10:00:00Z,2026-08-04T12:00:00+0200,2663.7,MW,PT,PT,forecast_solar_generation,Solar,2026-08-25T13:56:07Z
2026-08-25T13:46:29Z,2026-08-25T15:46:29+0200,7478f083-450f-4443-a2c4-deeb0cfd0e29,2026-08-04T11:00:00Z,2026-08-04T13:00:00+0200,2877.5,MW,PT,PT,forecast_solar_generation,Solar,2026-08-25T13:56:07Z
2026-08-25T13:46:29Z,2026-08-25T15:46:29+0200,7478f083-450f-4443-a2c4-deeb0cfd0e29,2026-08-04T12:00:00Z,2026-08-04T14:00:00+0200,2984.2,MW,PT,PT,forecast_solar_generation,Solar,2026-08-25T13:56:07Z
2026-08-25T13:46:29Z,2026-08-25T15:46:29+0200,7478f083-450f-4443-a2c4-deeb0cfd0e29,2026-08-04T13:00:00Z,2026-08-04T15:00:00+0200,2980.9,MW,PT,PT,forecast_solar_generation,Solar,2026-08-25T13:56:07Z
2026-08-25T13:46:29Z,2026-08-25T15:46:29+0200,7478f083-450f-4443-a2c4-deeb0cfd0e29,2026-08-04T14:00:00Z,2026-08-04T16:00:00+0200,2900.0,MW,PT,PT,forecast_solar_generation,Solar,2026-08-25T13:56:07Z
2026-08-25T13:46:29Z,2026-08-25T15:46:29+0200,7478f083-450f-4443-a2c4-deeb0cfd0e29,2026-08-04T15:00:00Z,2026-08-04T17:00:00+0200,2548.4,MW,PT,PT,forecast_solar_generation,Solar,2026-08-25T13:56:07Z
2026-08-25T13:46:29Z,2026-08-25T15:46:29+0200,7478f083-450f-4443-a2c4-deeb0cfd0e29,2026-08-04T16:00:00Z,2026-08-04T18:00:00+0200,2023.6,MW,PT,PT,forecast_solar_generation,Solar,2026-08-25T13:56:07Z
2026-08-25T13:46:29Z,2026-08-25T15:46:29+0200,7478f083-450f-4443-a2c4-deeb0cfd0e29,2026-08-04T17:00:00Z,2026-08-04T19:00:00+0200,1391.9,MW,PT,PT,forecast_solar_generation,Solar,2026-08-25T13:56:07Z
2026-08-25T13:46:29Z,2026-08-25T15:46:29+0200,7478f083-450f-4443-a2c4-deeb0cfd0e29,2026-08-04T18:00:00Z,2026-08-04T20:00:00+0200,643.1,MW,PT,PT,forecast_solar_generation,Solar,2026-08-25T13:56:07Z
2026-08-25T13:46:29Z,2026-08-25T15:46:29+0200,7478f083-450f-4443-a2c4-deeb0cfd0e29,2026-08-04T19:00:00Z,2026-08-04T21:00:00+0200,202.0,MW,PT,PT,forecast_solar_generation,Solar,2026-08-25T13:56:07Z
2026-08-25T13:46:29Z,2026-08-25T15:46:29+0200,7478f083-450f-4443-a2c4-deeb0cfd0e29,2026-08-04T20:00:00Z,2026-08-04T22:00:00+0200,35.5,MW,PT,PT,forecast_solar_generation,Solar,2026-08-25T13:56:07Z
2026-08-25T13:46:29Z,2026-08-25T15:46:29+0200,7478f083-450f-4443-a2c4-deeb0cfd0e29,2026-08-04T21:00:00Z,2026-08-04T23:00:00+0200,28.8,MW,PT,PT,forecast_solar_generation,Solar,2026-08-25T13:56:07Z
2026-08-25T13:46:29Z,2026-08-25T15:46:29+0200,7478f083-450f-4443-a2c4-deeb0cfd0e29,2026-08-04T22:00:00Z,2026-08-05T00:00:00+0200,20.7,MW,PT,PT,forecast_solar_generation,Solar,2026-08-25T13:56:07Z
2026-08-25T13:46:29Z,2026-08-25T15:46:29+0200,7478f083-450f-4443-a2c4-deeb0cfd0e29,2026-08-04T23:00:00Z,2026-08-05T01:00:00+0200,19.5,MW,PT,PT,forecast_solar_generation,Solar,2026-08-25T13:56:07Z
2026-08-25T13:46:29Z,2026-08-25T15:46:29+0200,7478f083-450f-4443-a2c4-deeb0cfd0e29,2026-08-05T00:00:00Z,2026-08-05T02:00:00+0200,19.5,MW,PT,PT,forecast_solar_generation,Solar,2026-08-25T13:56:07Z
2026-08-25T13:46:29Z,2026-08-25T15:46:29+0200,7478f083-450f-4443-a2c4-deeb0cfd0e29,2026-08-05T01:00:00Z,2026-08-05T03:00:00+0200,19.5,MW,PT,PT,forecast_solar_generation,Solar,2026-08-25T13:56:07Z
2026-08-25T13:46:29Z,2026-08-25T15:46:29+0200,7478f083-450f-4443-a2c4-deeb0cfd0e29,2026-08-05T02:00:00Z,2026-08-05T04:00:00+0200,19.5,MW,PT,PT,forecast_solar_generation,Solar,2026-08-25T13:56:07Z
2026-08-25T13:46:29Z,2026-08-25T15:46:29+0200,7478f083-450f-4443-a2c4-deeb0cfd0e29,2026-08-05T03:00:00Z,2026-08-05T05:00:00+0200,19.5,MW,PT,PT,forecast_solar_generation,Solar,2026-08-25T13:56:07Z
2026-08-25T13:46:29Z,2026-08-25T15:46:29+0200,7478f083-450f-4443-a2c4-deeb0cfd0e29,2026-08-05T04:00:00Z,2026-08-05T06:00:00+0200,19.5,MW,PT,PT,forecast_solar_generation,Solar,2026-08-25T13:56:07Z
2026-08-25T13:46:29Z,2026-08-25T15:46:29+0200,7478f083-450f-4443-a2c4-deeb0cfd0e29,2026-08-05T05:00:00Z,2026-08-05T07:00:00+0200,27.0,MW,PT,PT,forecast_solar_generation,Solar,2026-08-25T13:56:07Z
2026-08-25T13:46:29Z,2026-08-25T15:46:29+0200,7478f083-450f-4443-a2c4-deeb0cfd0e29,2026-08-05T06:00:00Z,2026-08-05T08:00:00+0200,304.4,MW,PT,PT,forecast_solar_generation,Solar,2026-08-25T13:56:07Z
2026-08-25T13:46:29Z,2026-08-25T15:46:29+0200,7478f083-450f-4443-a2c4-deeb0cfd0e29,2026-08-05T07:00:00Z,2026-08-05T09:00:00+0200,1005.7,MW,PT,PT,forecast_solar_generation,Solar,2026-08-25T13:56:07Z
2026-08-25T13:46:29Z,2026-08-25T15:46:29+0200,7478f083-450f-4443-a2c4-deeb0cfd0e29,2026-08-05T08:00:00Z,2026-08-05T10:00:00+0200,1803.0,MW,PT,PT,forecast_solar_generation,Solar,2026-08-25T13:56:07Z
2026-08-25T13:46:29Z,2026-08-25T15:46:29+0200,7478f083-450f-4443-a2c4-deeb0cfd0e29,2026-08-05T09:00:00Z,2026-08-05T11:00:00+0200,2487.9,MW,PT,PT,forecast_solar_generation,Solar,2026-08-25T13:56:07Z
2026-08-25T13:46:29Z,2026-08-25T15:46:29+0200,7478f083-450f-4443-a2c4-deeb0cfd0e29,2026-08-05T10:00:00Z,2026-08-05T12:00:00+0200,2918.3,MW,PT,PT,forecast_solar_generation,Solar,2026-08-25T13:56:07Z
2026-08-25T13:46:29Z,2026-08-25T15:46:29+0200,7478f083-450f-4443-a2c4-deeb0cfd0e29,2026-08-05T11:00:00Z,2026-08-05T13:00:00+0200,3045.3,MW,PT,PT,forecast_solar_generation,Solar,2026-08-25T13:56:07Z
2026-08-25T13:46:29Z,2026-08-25T15:46:29+0200,7478f083-450f-4443-a2c4-deeb0cfd0e29,2026-08-05T12:00:00Z,2026-08-05T14:00:00+0200,3111.2,MW,PT,PT,forecast_solar_generation,Solar,2026-08-25T13:56:07Z
2026-08-25T13:46:29Z,2026-08-25T15:46:29+0200,7478f083-450f-4443-a2c4-deeb0cfd0e29,2026-08-05T13:00:00Z,2026-08-05T15:00:00+0200,3062.6,MW,PT,PT,forecast_solar_generation,Solar,2026-08-25T13:56:07Z
2026-08-25T13:46:29Z,2026-08-25T15:46:29+0200,7478f083-450f-4443-a2c4-deeb0cfd0e29,2026-08-05T14:00:00Z,2026-08-05T16:00:00+0200,2941.7,MW,PT,PT,forecast_solar_generation,Solar,2026-08-25T13:56:07Z
2026-08-25T13:46:29Z,2026-08-25T15:46:29+0200,7478f083-450f-4443-a2c4-deeb0cfd0e29,2026-08-05T15:00:00Z,2026-08-05T17:00:00+0200,2760.9,MW,PT,PT,forecast_solar_generation,Solar,2026-08-25T13:56:07Z
2026-08-25T13:46:29Z,2026-08-25T15:46:29+0200,7478f083-450f-4443-a2c4-deeb0cfd0e29,2026-08-05T16:00:00Z,2026-08-05T18:00:00+0200,2251.9,MW,PT,PT,forecast_solar_generation,Solar,2026-08-25T13:56:07Z
2026-08-25T13:46:29Z,2026-08-25T15:46:29+0200,7478f083-450f-4443-a2c4-deeb0cfd0e29,2026-08-05T17:00:00Z,2026-08-05T19:00:00+0200,1401.4,MW,PT,PT,forecast_solar_generation,Solar,2026-08-25T13:56:07Z
2026-08-25T13:46:29Z,2026-08-25T15:46:29+0200,7478f083-450f-4443-a2c4-deeb0cfd0e29,2026-08-05T18:00:00Z,2026-08-05T20:00:00+0200,603.2,MW,PT,PT,forecast_solar_generation,Solar,2026-08-25T13:56:07Z
2026-08-25T13:46:29Z,2026-08-25T15:46:29+0200,7478f083-450f-4443-a2c4-deeb0cfd0e29,2026-08-05T19:00:00Z,2026-08-05T21:00:00+0200,169.7,MW,PT,PT,forecast_solar_generation,Solar,2026-08-25T13:56:07Z
2026-08-25T13:46:29Z,2026-08-25T15:46:29+0200,7478f083-450f-4443-a2c4-deeb0cfd0e29,2026-08-05T20:00:00Z,2026-08-05T22:00:00+0200,35.8,MW,PT,PT,forecast_solar_generation,Solar,2026-08-25T13:56:07Z
2026-08-25T13:46:29Z,2026-08-25T15:46:29+0200,7478f083-450f-4443-a2c4-deeb0cfd0e29,2026-08-05T21:00:00Z,2026-08-05T23:00:00+0200,26.6,MW,PT,PT,forecast_solar_generation,Solar,2026-08-25T13:56:07Z
2026-08-25T13:46:29Z,2026-08-25T15:46:29+0200,7478f083-450f-4443-a2c4-deeb0cfd0e29,2026-08-05T22:00:00Z,2026-08-06T00:00:00+0200,0.0,MW,PT,PT,forecast_solar_generation,Solar,2026-08-25T13:56:07Z
2026-08-25T13:46:29Z,2026-08-25T15:46:29+0200,7478f083-450f-4443-a2c4-deeb0cfd0e29,2026-08-05T23:00:00Z,2026-08-06T01:00:00+0200,0.0,MW,PT,PT,forecast_solar_generation,Solar,2026-08-25T13:56:07Z
2026-08-25T13:46:29Z,2026-08-25T15:46:29+0200,7478f083-450f-4443-a2c4-deeb0cfd0e29,2026-08-06T00:00:00Z,2026-08-06T02:00:00+0200,0.0,MW,PT,PT,forecast_solar_generation,Solar,2026-08-25T13:56:07Z
2026-08-25T13:46:29Z,2026-08-25T15:46:29+0200,7478f083-450f-4443-a2c4-deeb0cfd0e29,2026-08-06T01:00:00Z,2026-08-06T03:00:00+0200,0.0,MW,PT,PT,forecast_solar_generation,Solar,2026-08-25T13:56:07Z
2026-08-25T13:46:29Z,2026-08-25T15:46:29+0200,7478f083-450f-4443-a2c4-deeb0cfd0e29,2026-08-06T02:00:00Z,2026-08-06T04:00:00+0200,0.0,MW,PT,PT,forecast_solar_generation,Solar,2026-08-25T13:56:07Z
2026-08-25T13:46:29Z,2026-08-25T15:46:29+0200,7478f083-450f-4443-a2c4-deeb0cfd0e29,2026-08-06T03:00:00Z,2026-08-06T05:00:00+0200,0.0,MW,PT,PT,forecast_solar_generation,Solar,2026-08-25T13:56:07Z
2026-08-25T13:46:29Z,2026-08-25T15:46:29+0200,7478f083-450f-4443-a2c4-deeb0cfd0e29,2026-08-06T04:00:00Z,2026-08-06T06:00:00+0200,0.0,MW,PT,PT,forecast_solar_generation,Solar,2026-08-25T13:56:07Z
2026-08-25T13:46:29Z,2026-08-25T15:46:29+0200,7478f083-450f-4443-a2c4-deeb0cfd0e29,2026-08-06T05:00:00Z,2026-08-06T07:00:00+0200,52.3,MW,PT,PT,forecast_solar_generation,Solar,2026-08-25T13:56:07Z
2026-08-25T13:46:29Z,2026-08-25T15:46:29+0200,7478f083-450f-4443-a2c4-deeb0cfd0e29,2026-08-06T06:00:00Z,2026-08-06T08:00:00+0200,450.0,MW,PT,PT,forecast_solar_generation,Solar,2026-08-25T13:56:07Z
2026-08-25T13:46:29Z,2026-08-25T15:46:29+0200,7478f083-450f-4443-a2c4-deeb0cfd0e29,2026-08-06T07:00:00Z,2026-08-06T09:00:00+0200,1217.8,MW,PT,PT,forecast_solar_generation,Solar,2026-08-25T13:56:07Z
2026-08-25T13:46:29Z,2026-08-25T15:46:29+0200,7478f083-450f-4443-a2c4-deeb0cfd0e29,2026-08-06T08:00:00Z,2026-08-06T10:00:00+0200,1982.0,MW,PT,PT,forecast_solar_generation,Solar,2026-08-25T13:56:07Z
2026-08-25T13:46:29Z,2026-08-25T15:46:29+0200,7478f083-450f-4443-a2c4-deeb0cfd0e29,2026-08-06T09:00:00Z,2026-08-06T11:00:00+0200,2643.3,MW,PT,PT,forecast_solar_generation,Solar,2026-08-25T13:56:07Z
2026-08-25T13:46:29Z,2026-08-25T15:46:29+0200,7478f083-450f-4443-a2c4-deeb0cfd0e29,2026-08-06T10:00:00Z,2026-08-06T12:00:00+0200,3059.5,MW,PT,PT,forecast_solar_generation,Solar,2026-08-25T13:56:07Z
2026-08-25T13:46:29Z,2026-08-25T15:46:29+0200,7478f083-450f-4443-a2c4-deeb0cfd0e29,2026-08-06T11:00:00Z,2026-08-06T13:00:00+0200,3284.4,MW,PT,PT,forecast_solar_generation,Solar,2026-08-25T13:56:07Z
2026-08-25T13:46:29Z,2026-08-25T15:46:29+0200,7478f083-450f-4443-a2c4-deeb0cfd0e29,2026-08-06T12:00:00Z,2026-08-06T14:00:00+0200,3321.8,MW,PT,PT,forecast_solar_generation,Solar,2026-08-25T13:56:07Z
2026-08-25T13:46:29Z,2026-08-25T15:46:29+0200,7478f083-450f-4443-a2c4-deeb0cfd0e29,2026-08-06T13:00:00Z,2026-08-06T15:00:00+0200,3258.5,MW,PT,PT,forecast_solar_generation,Solar,2026-08-25T13:56:07Z
2026-08-25T13:46:29Z,2026-08-25T15:46:29+0200,7478f083-450f-4443-a2c4-deeb0cfd0e29,2026-08-06T14:00:00Z,2026-08-06T16:00:00+0200,3140.8,MW,PT,PT,forecast_solar_generation,Solar,2026-08-25T13:56:07Z
2026-08-25T13:46:29Z,2026-08-25T15:46:29+0200,7478f083-450f-4443-a2c4-deeb0cfd0e29,2026-08-06T15:00:00Z,2026-08-06T17:00:00+0200,2766.1,MW,PT,PT,forecast_solar_generation,Solar,2026-08-25T13:56:07Z
2026-08-25T13:46:29Z,2026-08-25T15:46:29+0200,7478f083-450f-4443-a2c4-deeb0cfd0e29,2026-08-06T16:00:00Z,2026-08-06T18:00:00+0200,2328.8,MW,PT,PT,forecast_solar_generation,Solar,2026-08-25T13:56:07Z
2026-08-25T13:46:29Z,2026-08-25T15:46:29+0200,7478f083-450f-4443-a2c4-deeb0cfd0e29,2026-08-06T17:00:00Z,2026-08-06T19:00:00+0200,1591.9,MW,PT,PT,forecast_solar_generation,Solar,2026-08-25T13:56:07Z
2026-08-25T13:46:29Z,2026-08-25T15:46:29+0200,7478f083-450f-4443-a2c4-deeb0cfd0e29,2026-08-06T18:00:00Z,2026-08-06T20:00:00+0200,649.1,MW,PT,PT,forecast_solar_generation,Solar,2026-08-25T13:56:07Z
2026-08-25T13:46:29Z,2026-08-25T15:46:29+0200,7478f083-450f-4443-a2c4-deeb0cfd0e29,2026-08-06T19:00:00Z,2026-08-06T21:00:00+0200,101.3,MW,PT,PT,forecast_solar_generation,Solar,2026-08-25T13:56:07Z
2026-08-25T13:46:29Z,2026-08-25T15:46:29+0200,7478f083-450f-4443-a2c4-deeb0cfd0e29,2026-08-06T20:00:00Z,2026-08-06T22:00:00+0200,0.0,MW,PT,PT,forecast_solar_generation,Solar,2026-08-25T13:56:07Z
2026-08-25T13:46:29Z,2026-08-25T15:46:29+0200,7478f083-450f-4443-a2c4-deeb0cfd0e29,2026-08-06T21:00:00Z,2026-08-06T23:00:00+0200,0.0,MW,PT,PT,forecast_solar_generation,Solar,2026-08-25T13:56:07Z
2026-08-25T13:46:29Z,2026-08-25T15:46:29+0200,7478f083-450f-4443-a2c4-deeb0cfd0e29,2026-08-06T22:00:00Z,2026-08-07T00:00:00+0200,0.0,MW,PT,PT,forecast_solar_generation,Solar,2026-08-25T13:56:07Z
2026-08-25T13:46:29Z,2026-08-25T15:46:29+0200,7478f083-450f-4443-a2c4-deeb0cfd0e29,2026-08-06T23:00:00Z,2026-08-07T01:00:00+0200,0.0,MW,PT,PT,forecast_solar_generation,Solar,2026-08-25T13:56:07Z
2026-08-25T13:46:29Z,2026-08-25T15:46:29+0200,7478f083-450f-4443-a2c4-deeb0cfd0e29,2026-08-07T00:00:00Z,2026-08-07T02:00:00+0200,0.0,MW,PT,PT,forecast_solar_generation,Solar,2026-08-25T13:56:07Z
2026-08-25T13:46:29Z,2026-08-25T15:46:29+0200,7478f083-450f-4443-a2c4-deeb0cfd0e29,2026-08-07T01:00:00Z,2026-08-07T03:00:00+0200,0.0,MW,PT,PT,forecast_solar_generation,Solar,2026-08-25T13:56:07Z
2026-08-25T13:46:29Z,2026-08-25T15:46:29+0200,7478f083-450f-4443-a2c4-deeb0cfd0e29,2026-08-07T02:00:00Z,2026-08-07T04:00:00+0200,0.0,MW,PT,PT,forecast_solar_generation,Solar,2026-08-25T13:56:07Z
2026-08-25T13:46:29Z,2026-08-25T15:46:29+0200,7478f083-450f-4443-a2c4-deeb0cfd0e29,2026-08-07T03:00:00Z,2026-08-07T05:00:00+0200,0.0,MW,PT,PT,forecast_solar_generation,Solar,2026-08-25T13:56:07Z
2026-08-25T13:46:29Z,2026-08-25T15:46:29+0200,7478f083-450f-4443-a2c4-deeb0cfd0e29,2026-08-07T04:00:00Z,2026-08-07T06:00:00+0200,0.0,MW,PT,PT,forecast_solar_generation,Solar,2026-08-25T13:56:07Z
2026-08-25T13:46:29Z,2026-08-25T15:46:29+0200,7478f083-450f-4443-a2c4-deeb0cfd0e29,2026-08-07T05:00:00Z,2026-08-07T07:00:00+0200,0.1,MW,PT,PT,forecast_solar_generation,Solar,2026-08-25T13:56:07Z
2026-08-25T13:46:29Z,2026-08-25T15:46:29+0200,7478f083-450f-4443-a2c4-deeb0cfd0e29,2026-08-07T06:00:00Z,2026-08-07T08:00:00+0200,554.0,MW,PT,PT,forecast_solar_generation,Solar,2026-08-25T13:56:07Z
2026-08-25T13:46:29Z,2026-08-25T15:46:29+0200,7478f083-450f-4443-a2c4-deeb0cfd0e29,2026-08-07T07:00:00Z,2026-08-07T09:00:00+0200,1333.5,MW,PT,PT,forecast_solar_generation,Solar,2026-08-25T13:56:07Z
2026-08-25T13:46:29Z,2026-08-25T15:46:29+0200,7478f083-450f-4443-a2c4-deeb0cfd0e29,2026-08-07T08:00:00Z,2026-08-07T10:00:00+0200,2071.6,MW,PT,PT,forecast_solar_generation,Solar,2026-08-25T13:56:07Z
2026-08-25T13:46:29Z,2026-08-25T15:46:29+0200,7478f083-450f-4443-a2c4-deeb0cfd0e29,2026-08-07T09:00:00Z,2026-08-07T11:00:00+0200,2775.2,MW,PT,PT,forecast_solar_generation,Solar,2026-08-25T13:56:07Z
2026-08-25T13:46:29Z,2026-08-25T15:46:29+0200,7478f083-450f-4443-a2c4-deeb0cfd0e29,2026-08-07T10:00:00Z,2026-08-07T12:00:00+0200,3166.3,MW,PT,PT,forecast_solar_generation,Solar,2026-08-25T13:56:07Z
2026-08-25T13:46:29Z,2026-08-25T15:46:29+0200,7478f083-450f-4443-a2c4-deeb0cfd0e29,2026-08-07T11:00:00Z,2026-08-07T13:00:00+0200,3328.8,MW,PT,PT,forecast_solar_generation,Solar,2026-08-25T13:56:07Z
2026-08-25T13:46:29Z,2026-08-25T15:46:29+0200,7478f083-450f-4443-a2c4-deeb0cfd0e29,2026-08-07T12:00:00Z,2026-08-07T14:00:00+0200,3338.5,MW,PT,PT,forecast_solar_generation,Solar,2026-08-25T13:56:07Z
2026-08-25T13:46:29Z,2026-08-25T15:46:29+0200,7478f083-450f-4443-a2c4-deeb0cfd0e29,2026-08-07T13:00:00Z,2026-08-07T15:00:00+0200,3249.9,MW,PT,PT,forecast_solar_generation,Solar,2026-08-25T13:56:07Z
2026-08-25T13:46:29Z,2026-08-25T15:46:29+0200,7478f083-450f-4443-a2c4-deeb0cfd0e29,2026-08-07T14:00:00Z,2026-08-07T16:00:00+0200,3161.0,MW,PT,PT,forecast_solar_generation,Solar,2026-08-25T13:56:07Z
2026-08-25T13:46:29Z,2026-08-25T15:46:29+0200,7478f083-450f-4443-a2c4-deeb0cfd0e29,2026-08-07T15:00:00Z,2026-08-07T17:00:00+0200,2761.8,MW,PT,PT,forecast_solar_generation,Solar,2026-08-25T13:56:07Z
2026-08-25T13:46:29Z,2026-08-25T15:46:29+0200,7478f083-450f-4443-a2c4-deeb0cfd0e29,2026-08-07T16:00:00Z,2026-08-07T18:00:00+0200,2244.5,MW,PT,PT,forecast_solar_generation,Solar,2026-08-25T13:56:07Z
2026-08-25T13:46:29Z,2026-08-25T15:46:29+0200,7478f083-450f-4443-a2c4-deeb0cfd0e29,2026-08-07T17:00:00Z,2026-08-07T19:00:00+0200,1628.5,MW,PT,PT,forecast_solar_generation,Solar,2026-08-25T13:56:07Z
2026-08-25T13:46:29Z,2026-08-25T15:46:29+0200,7478f083-450f-4443-a2c4-deeb0cfd0e29,2026-08-07T18:00:00Z,2026-08-07T20:00:00+0200,569.6,MW,PT,PT,forecast_solar_generation,Solar,2026-08-25T13:56:07Z
2026-08-25T13:46:29Z,2026-08-25T15:46:29+0200,7478f083-450f-4443-a2c4-deeb0cfd0e29,2026-08-07T19:00:00Z,2026-08-07T21:00:00+0200,67.2,MW,PT,PT,forecast_solar_generation,Solar,2026-08-25T13:56:07Z
2026-08-25T13:46:29Z,2026-08-25T15:46:29+0200,7478f083-450f-4443-a2c4-deeb0cfd0e29,2026-08-07T20:00:00Z,2026-08-07T22:00:00+0200,0.0,MW,PT,PT,forecast_solar_generation,Solar,2026-08-25T13:56:07Z
2026-08-25T13:46:29Z,2026-08-25T15:46:29+0200,7478f083-450f-4443-a2c4-deeb0cfd0e29,2026-08-07T21:00:00Z,2026-08-07T23:00:00+0200,0.0,MW,PT,PT,forecast_solar_generation,Solar,2026-08-25T13:56:07Z
2026-08-25T13:46:29Z,2026-08-25T15:46:29+0200,7478f083-450f-4443-a2c4-deeb0cfd0e29,2026-08-07T22:00:00Z,2026-08-08T00:00:00+0200,0.0,MW,PT,PT,forecast_solar_generation,Solar,2026-08-25T13:56:07Z
2026-08-25T13:46:29Z,2026-08-25T15:46:29+0200,7478f083-450f-4443-a2c4-deeb0cfd0e29,2026-08-07T23:00:00Z,2026-08-08T01:00:00+0200,0.0,MW,PT,PT,forecast_solar_generation,Solar,2026-08-25T13:56:07Z
2026-08-25T13:46:29Z,2026-08-25T15:46:29+0200,7478f083-450f-4443-a2c4-deeb0cfd0e29,2026-08-08T00:00:00Z,2026-08-08T02:00:00+0200,0.0,MW,PT,PT,forecast_solar_generation,Solar,2026-08-25T13:56:07Z
2026-08-25T13:46:29Z,2026-08-25T15:46:29+0200,7478f083-450f-4443-a2c4-deeb0cfd0e29,2026-08-08T01:00:00Z,2026-08-08T03:00:00+0200,0.0,MW,PT,PT,forecast_solar_generation,Solar,2026-08-25T13:56:07Z
2026-08-25T13:46:29Z,2026-08-25T15:46:29+0200,7478f083-450f-4443-a2c4-deeb0cfd0e29,2026-08-08T02:00:00Z,2026-08-08T04:00:00+0200,0.0,MW,PT,PT,forecast_solar_generation,Solar,2026-08-25T13:56:07Z
2026-08-25T13:46:29Z,2026-08-25T15:46:29+0200,7478f083-450f-4443-a2c4-deeb0cfd0e29,2026-08-08T03:00:00Z,2026-08-08T05:00:00+0200,0.0,MW,PT,PT,forecast_solar_generation,Solar,2026-08-25T13:56:07Z
2026-08-25T13:46:29Z,2026-08-25T15:46:29+0200,7478f083-450f-4443-a2c4-deeb0cfd0e29,2026-08-08T04:00:00Z,2026-08-08T06:00:00+0200,0.0,MW,PT,PT,forecast_solar_generation,Solar,2026-08-25T13:56:07Z
2026-08-25T13:46:29Z,2026-08-25T15:46:29+0200,7478f083-450f-4443-a2c4-deeb0cfd0e29,2026-08-08T05:00:00Z,2026-08-08T07:00:00+0200,20.2,MW,PT,PT,forecast_solar_generation,Solar,2026-08-25T13:56:07Z
2026-08-25T13:46:29Z,2026-08-25T15:46:29+0200,7478f083-450f-4443-a2c4-deeb0cfd0e29,2026-08-08T06:00:00Z,2026-08-08T08:00:00+0200,380.6,MW,PT,PT,forecast_solar_generation,Solar,2026-08-25T13:56:07Z
2026-08-25T13:46:29Z,2026-08-25T15:46:29+0200,7478f083-450f-4443-a2c4-deeb0cfd0e29,2026-08-08T07:00:00Z,2026-08-08T09:00:00+0200,959.1,MW,PT,PT,forecast_solar_generation,Solar,2026-08-25T13:56:07Z
2026-08-25T13:46:29Z,2026-08-25T15:46:29+0200,7478f083-450f-4443-a2c4-deeb0cfd0e29,2026-08-08T08:00:00Z,2026-08-08T10:00:00+0200,1603.5,MW,PT,PT,forecast_solar_generation,Solar,2026-08-25T13:56:07Z
2026-08-25T13:46:29Z,2026-08-25T15:46:29+0200,7478f083-450f-4443-a2c4-deeb0cfd0e29,2026-08-08T09:00:00Z,2026-08-08T11:00:00+0200,1756.9,MW,PT,PT,forecast_solar_generation,Solar,2026-08-25T13:56:07Z
2026-08-25T13:46:29Z,2026-08-25T15:46:29+0200,7478f083-450f-4443-a2c4-deeb0cfd0e29,2026-08-08T10:00:00Z,2026-08-08T12:00:00+0200,1833.3,MW,PT,PT,forecast_solar_generation,Solar,2026-08-25T13:56:07Z
2026-08-25T13:46:29Z,2026-08-25T15:46:29+0200,7478f083-450f-4443-a2c4-deeb0cfd0e29,2026-08-08T11:00:00Z,2026-08-08T13:00:00+0200,2031.0,MW,PT,PT,forecast_solar_generation,Solar,2026-08-25T13:56:07Z
2026-08-25T13:46:29Z,2026-08-25T15:46:29+0200,7478f083-450f-4443-a2c4-deeb0cfd0e29,2026-08-08T12:00:00Z,2026-08-08T14:00:00+0200,2082.9,MW,PT,PT,forecast_solar_generation,Solar,2026-08-25T13:56:07Z
2026-08-25T13:46:29Z,2026-08-25T15:46:29+0200,7478f083-450f-4443-a2c4-deeb0cfd0e29,2026-08-08T13:00:00Z,2026-08-08T15:00:00+0200,1957.0,MW,PT,PT,forecast_solar_generation,Solar,2026-08-25T13:56:07Z
2026-08-25T13:46:29Z,2026-08-25T15:46:29+0200,7478f083-450f-4443-a2c4-deeb0cfd0e29,2026-08-08T14:00:00Z,2026-08-08T16:00:00+0200,1811.3,MW,PT,PT,forecast_solar_generation,Solar,2026-08-25T13:56:07Z
2026-08-25T13:46:29Z,2026-08-25T15:46:29+0200,7478f083-450f-4443-a2c4-deeb0cfd0e29,2026-08-08T15:00:00Z,2026-08-08T17:00:00+0200,2308.4,MW,PT,PT,forecast_solar_generation,Solar,2026-08-25T13:56:07Z
2026-08-25T13:46:29Z,2026-08-25T15:46:29+0200,7478f083-450f-4443-a2c4-deeb0cfd0e29,2026-08-08T16:00:00Z,2026-08-08T18:00:00+0200,2016.0,MW,PT,PT,forecast_solar_generation,Solar,2026-08-25T13:56:07Z
2026-08-25T13:46:29Z,2026-08-25T15:46:29+0200,7478f083-450f-4443-a2c4-deeb0cfd0e29,2026-08-08T17:00:00Z,2026-08-08T19:00:00+0200,1414.2,MW,PT,PT,forecast_solar_generation,Solar,2026-08-25T13:56:07Z
2026-08-25T13:46:29Z,2026-08-25T15:46:29+0200,7478f083-450f-4443-a2c4-deeb0cfd0e29,2026-08-08T18:00:00Z,2026-08-08T20:00:00+0200,503.4,MW,PT,PT,forecast_solar_generation,Solar,2026-08-25T13:56:07Z
2026-08-25T13:46:29Z,2026-08-25T15:46:29+0200,7478f083-450f-4443-a2c4-deeb0cfd0e29,2026-08-08T19:00:00Z,2026-08-08T21:00:00+0200,70.3,MW,PT,PT,forecast_solar_generation,Solar,2026-08-25T13:56:07Z
2026-08-25T13:46:29Z,2026-08-25T15:46:29+0200,7478f083-450f-4443-a2c4-deeb0cfd0e29,2026-08-08T20:00:00Z,2026-08-08T22:00:00+0200,0.0,MW,PT,PT,forecast_solar_generation,Solar,2026-08-25T13:56:07Z
2026-08-25T13:46:29Z,2026-08-25T15:46:29+0200,7478f083-450f-4443-a2c4-deeb0cfd0e29,2026-08-08T21:00:00Z,2026-08-08T23:00:00+0200,2.0,MW,PT,PT,forecast_solar_generation,Solar,2026-08-25T13:56:07Z
2026-08-25T13:46:29Z,2026-08-25T15:46:29+0200,7478f083-450f-4443-a2c4-deeb0cfd0e29,2026-08-08T22:00:00Z,2026-08-09T00:00:00+0200,0.0,MW,PT,PT,forecast_solar_generation,Solar,2026-08-25T13:56:07Z
2026-08-25T13:46:29Z,2026-08-25T15:46:29+0200,7478f083-450f-4443-a2c4-deeb0cfd0e29,2026-08-08T23:00:00Z,2026-08-09T01:00:00+0200,0.0,MW,PT,PT,forecast_solar_generation,Solar,2026-08-25T13:56:07Z
2026-08-25T13:46:29Z,2026-08-25T15:46:29+0200,7478f083-450f-4443-a2c4-deeb0cfd0e29,2026-08-09T00:00:00Z,2026-08-09T02:00:00+0200,0.0,MW,PT,PT,forecast_solar_generation,Solar,2026-08-25T13:56:07Z
2026-08-25T13:46:29Z,2026-08-25T15:46:29+0200,7478f083-450f-4443-a2c4-deeb0cfd0e29,2026-08-09T01:00:00Z,2026-08-09T03:00:00+0200,0.0,MW,PT,PT,forecast_solar_generation,Solar,2026-08-25T13:56:07Z
2026-08-25T13:46:29Z,2026-08-25T15:46:29+0200,7478f083-450f-4443-a2c4-deeb0cfd0e29,2026-08-09T02:00:00Z,2026-08-09T04:00:00+0200,0.0,MW,PT,PT,forecast_solar_generation,Solar,2026-08-25T13:56:07Z
2026-08-25T13:46:29Z,2026-08-25T15:46:29+0200,7478f083-450f-4443-a2c4-deeb0cfd0e29,2026-08-09T03:00:00Z,2026-08-09T05:00:00+0200,0.0,MW,PT,PT,forecast_solar_generation,Solar,2026-08-25T13:56:07Z
2026-08-25T13:46:29Z,2026-08-25T15:46:29+0200,7478f083-450f-4443-a2c4-deeb0cfd0e29,2026-08-09T04:00:00Z,2026-08-09T06:00:00+0200,0.0,MW,PT,PT,forecast_solar_generation,Solar,2026-08-25T13:56:07Z
2026-08-25T13:46:29Z,2026-08-25T15:46:29+0200,7478f083-450f-4443-a2c4-deeb0cfd0e29,2026-08-09T05:00:00Z,2026-08-09T07:00:00+0200,39.4,MW,PT,PT,forecast_solar_generation,Solar,2026-08-25T13:56:07Z
2026-08-25T13:46:29Z,2026-08-25T15:46:29+0200,7478f083-450f-4443-a2c4-deeb0cfd0e29,2026-08-09T06:00:00Z,2026-08-09T08:00:00+0200,267.3,MW,PT,PT,forecast_solar_generation,Solar,2026-08-25T13:56:07Z
2026-08-25T13:46:29Z,2026-08-25T15:46:29+0200,7478f083-450f-4443-a2c4-deeb0cfd0e29,2026-08-09T07:00:00Z,2026-08-09T09:00:00+0200,940.2,MW,PT,PT,forecast_solar_generation,Solar,2026-08-25T13:56:07Z
2026-08-25T13:46:29Z,2026-08-25T15:46:29+0200,7478f083-450f-4443-a2c4-deeb0cfd0e29,2026-08-09T08:00:00Z,2026-08-09T10:00:00+0200,1403.4,MW,PT,PT,forecast_solar_generation,Solar,2026-08-25T13:56:07Z
2026-08-25T13:46:29Z,2026-08-25T15:46:29+0200,7478f083-450f-4443-a2c4-deeb0cfd0e29,2026-08-09T09:00:00Z,2026-08-09T11:00:00+0200,1669.0,MW,PT,PT,forecast_solar_generation,Solar,2026-08-25T13:56:07Z
2026-08-25T13:46:29Z,2026-08-25T15:46:29+0200,7478f083-450f-4443-a2c4-deeb0cfd0e29,2026-08-09T10:00:00Z,2026-08-09T12:00:00+0200,1989.5,MW,PT,PT,forecast_solar_generation,Solar,2026-08-25T13:56:07Z
2026-08-25T13:46:29Z,2026-08-25T15:46:29+0200,7478f083-450f-4443-a2c4-deeb0cfd0e29,2026-08-09T11:00:00Z,2026-08-09T13:00:00+0200,2199.6,MW,PT,PT,forecast_solar_generation,Solar,2026-08-25T13:56:07Z
2026-08-25T13:46:29Z,2026-08-25T15:46:29+0200,7478f083-450f-4443-a2c4-deeb0cfd0e29,2026-08-09T12:00:00Z,2026-08-09T14:00:00+0200,2257.4,MW,PT,PT,forecast_solar_generation,Solar,2026-08-25T13:56:07Z
2026-08-25T13:46:29Z,2026-08-25T15:46:29+0200,7478f083-450f-4443-a2c4-deeb0cfd0e29,2026-08-09T13:00:00Z,2026-08-09T15:00:00+0200,2170.0,MW,PT,PT,forecast_solar_generation,Solar,2026-08-25T13:56:07Z
2026-08-25T13:46:29Z,2026-08-25T15:46:29+0200,7478f083-450f-4443-a2c4-deeb0cfd0e29,2026-08-09T14:00:00Z,2026-08-09T16:00:00+0200,2203.9,MW,PT,PT,forecast_solar_generation,Solar,2026-08-25T13:56:07Z
2026-08-25T13:46:29Z,2026-08-25T15:46:29+0200,7478f083-450f-4443-a2c4-deeb0cfd0e29,2026-08-09T15:00:00Z,2026-08-09T17:00:00+0200,2352.8,MW,PT,PT,forecast_solar_generation,Solar,2026-08-25T13:56:07Z
2026-08-25T13:46:29Z,2026-08-25T15:46:29+0200,7478f083-450f-4443-a2c4-deeb0cfd0e29,2026-08-09T16:00:00Z,2026-08-09T18:00:00+0200,2112.9,MW,PT,PT,forecast_solar_generation,Solar,2026-08-25T13:56:07Z
2026-08-25T13:46:29Z,2026-08-25T15:46:29+0200,7478f083-450f-4443-a2c4-deeb0cfd0e29,2026-08-09T17:00:00Z,2026-08-09T19:00:00+0200,1416.7,MW,PT,PT,forecast_solar_generation,Solar,2026-08-25T13:56:07Z
2026-08-25T13:46:29Z,2026-08-25T15:46:29+0200,7478f083-450f-4443-a2c4-deeb0cfd0e29,2026-08-09T18:00:00Z,2026-08-09T20:00:00+0200,581.2,MW,PT,PT,forecast_solar_generation,Solar,2026-08-25T13:56:07Z
2026-08-25T13:46:29Z,2026-08-25T15:46:29+0200,7478f083-450f-4443-a2c4-deeb0cfd0e29,2026-08-09T19:00:00Z,2026-08-09T21:00:00+0200,83.0,MW,PT,PT,forecast_solar_generation,Solar,2026-08-25T13:56:07Z
2026-08-25T13:46:29Z,2026-08-25T15:46:29+0200,7478f083-450f-4443-a2c4-deeb0cfd0e29,2026-08-09T20:00:00Z,2026-08-09T22:00:00+0200,0.0,MW,PT,PT,forecast_solar_generation,Solar,2026-08-25T13:56:07Z
2026-08-25T13:46:29Z,2026-08-25T15:46:29+0200,7478f083-450f-4443-a2c4-deeb0cfd0e29,2026-08-09T21:00:00Z,2026-08-09T23:00:00+0200,0.0,MW,PT,PT,forecast_solar_generation,Solar,2026-08-25T13:56:07Z
2026-08-25T13:46:29Z,2026-08-25T15:46:29+0200,7478f083-450f-4443-a2c4-deeb0cfd0e29,2026-08-09T22:00:00Z,2026-08-10T00:00:00+0200,15.6,MW,PT,PT,forecast_solar_generation,Solar,2026-08-25T13:56:07Z
2026-08-25T13:46:29Z,2026-08-25T15:46:29+0200,7478f083-450f-4443-a2c4-deeb0cfd0e29,2026-08-09T23:00:00Z,2026-08-10T01:00:00+0200,14.7,MW,PT,PT,forecast_solar_generation,Solar,2026-08-25T13:56:07Z
2026-08-25T13:46:29Z,2026-08-25T15:46:29+0200,7478f083-450f-4443-a2c4-deeb0cfd0e29,2026-08-10T00:00:00Z,2026-08-10T02:00:00+0200,14.7,MW,PT,PT,forecast_solar_generation,Solar,2026-08-25T13:56:07Z
2026-08-25T13:46:29Z,2026-08-25T15:46:29+0200,7478f083-450f-4443-a2c4-deeb0cfd0e29,2026-08-10T01:00:00Z,2026-08-10T03:00:00+0200,14.6,MW,PT,PT,forecast_solar_generation,Solar,2026-08-25T13:56:07Z
2026-08-25T13:46:29Z,2026-08-25T15:46:29+0200,7478f083-450f-4443-a2c4-deeb0cfd0e29,2026-08-10T02:00:00Z,2026-08-10T04:00:00+0200,14.6,MW,PT,PT,forecast_solar_generation,Solar,2026-08-25T13:56:07Z
2026-08-25T13:46:29Z,2026-08-25T15:46:29+0200,7478f083-450f-4443-a2c4-deeb0cfd0e29,2026-08-10T03:00:00Z,2026-08-10T05:00:00+0200,14.6,MW,PT,PT,forecast_solar_generation,Solar,2026-08-25T13:56:07Z
2026-08-25T13:46:29Z,2026-08-25T15:46:29+0200,7478f083-450f-4443-a2c4-deeb0cfd0e29,2026-08-10T04:00:00Z,2026-08-10T06:00:00+0200,14.6,MW,PT,PT,forecast_solar_generation,Solar,2026-08-25T13:56:07Z
2026-08-25T13:46:29Z,2026-08-25T15:46:29+0200,7478f083-450f-4443-a2c4-deeb0cfd0e29,2026-08-10T05:00:00Z,2026-08-10T07:00:00+0200,20.5,MW,PT,PT,forecast_solar_generation,Solar,2026-08-25T13:56:07Z
2026-08-25T13:46:29Z,2026-08-25T15:46:29+0200,7478f083-450f-4443-a2c4-deeb0cfd0e29,2026-08-10T06:00:00Z,2026-08-10T08:00:00+0200,324.6,MW,PT,PT,forecast_solar_generation,Solar,2026-08-25T13:56:07Z
2026-08-25T13:46:29Z,2026-08-25T15:46:29+0200,7478f083-450f-4443-a2c4-deeb0cfd0e29,2026-08-10T07:00:00Z,2026-08-10T09:00:00+0200,1090.3,MW,PT,PT,forecast_solar_generation,Solar,2026-08-25T13:56:07Z
2026-08-25T13:46:29Z,2026-08-25T15:46:29+0200,7478f083-450f-4443-a2c4-deeb0cfd0e29,2026-08-10T08:00:00Z,2026-08-10T10:00:00+0200,1958.2,MW,PT,PT,forecast_solar_generation,Solar,2026-08-25T13:56:07Z
2026-08-25T13:46:29Z,2026-08-25T15:46:29+0200,7478f083-450f-4443-a2c4-deeb0cfd0e29,2026-08-10T09:00:00Z,2026-08-10T11:00:00+0200,2608.5,MW,PT,PT,forecast_solar_generation,Solar,2026-08-25T13:56:07Z
2026-08-25T13:46:29Z,2026-08-25T15:46:29+0200,7478f083-450f-4443-a2c4-deeb0cfd0e29,2026-08-10T10:00:00Z,2026-08-10T12:00:00+0200,3006.0,MW,PT,PT,forecast_solar_generation,Solar,2026-08-25T13:56:07Z
2026-08-25T13:46:29Z,2026-08-25T15:46:29+0200,7478f083-450f-4443-a2c4-deeb0cfd0e29,2026-08-10T11:00:00Z,2026-08-10T13:00:00+0200,3351.5,MW,PT,PT,forecast_solar_generation,Solar,2026-08-25T13:56:07Z
2026-08-25T13:46:29Z,2026-08-25T15:46:29+0200,7478f083-450f-4443-a2c4-deeb0cfd0e29,2026-08-10T12:00:00Z,2026-08-10T14:00:00+0200,3467.1,MW,PT,PT,forecast_solar_generation,Solar,2026-08-25T13:56:07Z
2026-08-25T13:46:29Z,2026-08-25T15:46:29+0200,7478f083-450f-4443-a2c4-deeb0cfd0e29,2026-08-10T13:00:00Z,2026-08-10T15:00:00+0200,3317.2,MW,PT,PT,forecast_solar_generation,Solar,2026-08-25T13:56:07Z
2026-08-25T13:46:29Z,2026-08-25T15:46:29+0200,7478f083-450f-4443-a2c4-deeb0cfd0e29,2026-08-10T14:00:00Z,2026-08-10T16:00:00+0200,3218.5,MW,PT,PT,forecast_solar_generation,Solar,2026-08-25T13:56:07Z
2026-08-25T13:46:29Z,2026-08-25T15:46:29+0200,7478f083-450f-4443-a2c4-deeb0cfd0e29,2026-08-10T15:00:00Z,2026-08-10T17:00:00+0200,2736.9,MW,PT,PT,forecast_solar_generation,Solar,2026-08-25T13:56:07Z
2026-08-25T13:46:29Z,2026-08-25T15:46:29+0200,7478f083-450f-4443-a2c4-deeb0cfd0e29,2026-08-10T16:00:00Z,2026-08-10T18:00:00+0200,2254.1,MW,PT,PT,forecast_solar_generation,Solar,2026-08-25T13:56:07Z
2026-08-25T13:46:29Z,2026-08-25T15:46:29+0200,7478f083-450f-4443-a2c4-deeb0cfd0e29,2026-08-10T17:00:00Z,2026-08-10T19:00:00+0200,1555.7,MW,PT,PT,forecast_solar_generation,Solar,2026-08-25T13:56:07Z
2026-08-25T13:46:29Z,2026-08-25T15:46:29+0200,7478f083-450f-4443-a2c4-deeb0cfd0e29,2026-08-10T18:00:00Z,2026-08-10T20:00:00+0200,622.5,MW,PT,PT,forecast_solar_generation,Solar,2026-08-25T13:56:07Z
2026-08-25T13:46:29Z,2026-08-25T15:46:29+0200,7478f083-450f-4443-a2c4-deeb0cfd0e29,2026-08-10T19:00:00Z,2026-08-10T21:00:00+0200,167.5,MW,PT,PT,forecast_solar_generation,Solar,2026-08-25T13:56:07Z
2026-08-25T13:46:29Z,2026-08-25T15:46:29+0200,7478f083-450f-4443-a2c4-deeb0cfd0e29,2026-08-10T20:00:00Z,2026-08-10T22:00:00+0200,118.8,MW,PT,PT,forecast_solar_generation,Solar,2026-08-25T13:56:07Z
2026-08-25T13:46:29Z,2026-08-25T15:46:29+0200,7478f083-450f-4443-a2c4-deeb0cfd0e29,2026-08-10T21:00:00Z,2026-08-10T23:00:00+0200,70.4,MW,PT,PT,forecast_solar_generation,Solar,2026-08-25T13:56:07Z
2026-08-25T13:46:29Z,2026-08-25T15:46:29+0200,7478f083-450f-4443-a2c4-deeb0cfd0e29,2026-08-10T22:00:00Z,2026-08-11T00:00:00+0200,0.0,MW,PT,PT,forecast_solar_generation,Solar,2026-08-25T13:56:07Z
2026-08-25T13:46:29Z,2026-08-25T15:46:29+0200,7478f083-450f-4443-a2c4-deeb0cfd0e29,2026-08-10T23:00:00Z,2026-08-11T01:00:00+0200,0.0,MW,PT,PT,forecast_solar_generation,Solar,2026-08-25T13:56:07Z
2026-08-25T13:46:29Z,2026-08-25T15:46:29+0200,7478f083-450f-4443-a2c4-deeb0cfd0e29,2026-08-11T00:00:00Z,2026-08-11T02:00:00+0200,0.0,MW,PT,PT,forecast_solar_generation,Solar,2026-08-25T13:56:07Z
2026-08-25T13:46:29Z,2026-08-25T15:46:29+0200,7478f083-450f-4443-a2c4-deeb0cfd0e29,2026-08-11T01:00:00Z,2026-08-11T03:00:00+0200,0.0,MW,PT,PT,forecast_solar_generation,Solar,2026-08-25T13:56:07Z
2026-08-25T13:46:29Z,2026-08-25T15:46:29+0200,7478f083-450f-4443-a2c4-deeb0cfd0e29,2026-08-11T02:00:00Z,2026-08-11T04:00:00+0200,0.0,MW,PT,PT,forecast_solar_generation,Solar,2026-08-25T13:56:07Z
2026-08-25T13:46:29Z,2026-08-25T15:46:29+0200,7478f083-450f-4443-a2c4-deeb0cfd0e29,2026-08-11T03:00:00Z,2026-08-11T05:00:00+0200,0.0,MW,PT,PT,forecast_solar_generation,Solar,2026-08-25T13:56:07Z
2026-08-25T13:46:29Z,2026-08-25T15:46:29+0200,7478f083-450f-4443-a2c4-deeb0cfd0e29,2026-08-11T04:00:00Z,2026-08-11T06:00:00+0200,0.0,MW,PT,PT,forecast_solar_generation,Solar,2026-08-25T13:56:07Z
2026-08-25T13:46:29Z,2026-08-25T15:46:29+0200,7478f083-450f-4443-a2c4-deeb0cfd0e29,2026-08-11T05:00:00Z,2026-08-11T07:00:00+0200,8.1,MW,PT,PT,forecast_solar_generation,Solar,2026-08-25T13:56:07Z
2026-08-25T13:46:29Z,2026-08-25T15:46:29+0200,7478f083-450f-4443-a2c4-deeb0cfd0e29,2026-08-11T06:00:00Z,2026-08-11T08:00:00+0200,296.6,MW,PT,PT,forecast_solar_generation,Solar,2026-08-25T13:56:07Z
2026-08-25T13:46:29Z,2026-08-25T15:46:29+0200,7478f083-450f-4443-a2c4-deeb0cfd0e29,2026-08-11T07:00:00Z,2026-08-11T09:00:00+0200,1120.7,MW,PT,PT,forecast_solar_generation,Solar,2026-08-25T13:56:07Z
2026-08-25T13:46:29Z,2026-08-25T15:46:29+0200,7478f083-450f-4443-a2c4-deeb0cfd0e29,2026-08-11T08:00:00Z,2026-08-11T10:00:00+0200,2058.1,MW,PT,PT,forecast_solar_generation,Solar,2026-08-25T13:56:07Z
2026-08-25T13:46:29Z,2026-08-25T15:46:29+0200,7478f083-450f-4443-a2c4-deeb0cfd0e29,2026-08-11T09:00:00Z,2026-08-11T11:00:00+0200,2770.3,MW,PT,PT,forecast_solar_generation,Solar,2026-08-25T13:56:07Z
2026-08-25T13:46:29Z,2026-08-25T15:46:29+0200,7478f083-450f-4443-a2c4-deeb0cfd0e29,2026-08-11T10:00:00Z,2026-08-11T12:00:00+0200,3235.5,MW,PT,PT,forecast_solar_generation,Solar,2026-08-25T13:56:07Z
2026-08-25T13:46:29Z,2026-08-25T15:46:29+0200,7478f083-450f-4443-a2c4-deeb0cfd0e29,2026-08-11T11:00:00Z,2026-08-11T13:00:00+0200,3471.5,MW,PT,PT,forecast_solar_generation,Solar,2026-08-25T13:56:07Z
2026-08-25T13:46:29Z,2026-08-25T15:46:29+0200,7478f083-450f-4443-a2c4-deeb0cfd0e29,2026-08-11T12:00:00Z,2026-08-11T14:00:00+0200,3541.0,MW,PT,PT,forecast_solar_generation,Solar,2026-08-25T13:56:07Z
2026-08-25T13:46:29Z,2026-08-25T15:46:29+0200,7478f083-450f-4443-a2c4-deeb0cfd0e29,2026-08-11T13:00:00Z,2026-08-11T15:00:00+0200,3493.9,MW,PT,PT,forecast_solar_generation,Solar,2026-08-25T13:56:07Z
2026-08-25T13:46:29Z,2026-08-25T15:46:29+0200,7478f083-450f-4443-a2c4-deeb0cfd0e29,2026-08-11T14:00:00Z,2026-08-11T16:00:00+0200,3341.9,MW,PT,PT,forecast_solar_generation,Solar,2026-08-25T13:56:07Z
2026-08-25T13:46:29Z,2026-08-25T15:46:29+0200,7478f083-450f-4443-a2c4-deeb0cfd0e29,2026-08-11T15:00:00Z,2026-08-11T17:00:00+0200,3002.0,MW,PT,PT,forecast_solar_generation,Solar,2026-08-25T13:56:07Z
2026-08-25T13:46:29Z,2026-08-25T15:46:29+0200,7478f083-450f-4443-a2c4-deeb0cfd0e29,2026-08-11T16:00:00Z,2026-08-11T18:00:00+0200,2499.2,MW,PT,PT,forecast_solar_generation,Solar,2026-08-25T13:56:07Z
2026-08-25T13:46:29Z,2026-08-25T15:46:29+0200,7478f083-450f-4443-a2c4-deeb0cfd0e29,2026-08-11T17:00:00Z,2026-08-11T19:00:00+0200,1594.2,MW,PT,PT,forecast_solar_generation,Solar,2026-08-25T13:56:07Z
2026-08-25T13:46:29Z,2026-08-25T15:46:29+0200,7478f083-450f-4443-a2c4-deeb0cfd0e29,2026-08-11T18:00:00Z,2026-08-11T20:00:00+0200,531.8,MW,PT,PT,forecast_solar_generation,Solar,2026-08-25T13:56:07Z
2026-08-25T13:46:29Z,2026-08-25T15:46:29+0200,7478f083-450f-4443-a2c4-deeb0cfd0e29,2026-08-11T19:00:00Z,2026-08-11T21:00:00+0200,52.8,MW,PT,PT,forecast_solar_generation,Solar,2026-08-25T13:56:07Z
2026-08-25T13:46:29Z,2026-08-25T15:46:29+0200,7478f083-450f-4443-a2c4-deeb0cfd0e29,2026-08-11T20:00:00Z,2026-08-11T22:00:00+0200,5.0,MW,PT,PT,forecast_solar_generation,Solar,2026-08-25T13:56:07Z
2026-08-25T13:46:29Z,2026-08-25T15:46:29+0200,7478f083-450f-4443-a2c4-deeb0cfd0e29,2026-08-11T21:00:00Z,2026-08-11T23:00:00+0200,0.0,MW,PT,PT,forecast_solar_generation,Solar,2026-08-25T13:56:07Z
2026-08-25T13:46:29Z,2026-08-25T15:46:29+0200,7478f083-450f-4443-a2c4-deeb0cfd0e29,2026-08-11T22:00:00Z,2026-08-12T00:00:00+0200,27.7,MW,PT,PT,forecast_solar_generation,Solar,2026-08-25T13:56:07Z
2026-08-25T13:46:29Z,2026-08-25T15:46:29+0200,7478f083-450f-4443-a2c4-deeb0cfd0e29,2026-08-11T23:00:00Z,2026-08-12T01:00:00+0200,23.6,MW,PT,PT,forecast_solar_generation,Solar,2026-08-25T13:56:07Z
2026-08-25T13:46:29Z,2026-08-25T15:46:29+0200,7478f083-450f-4443-a2c4-deeb0cfd0e29,2026-08-12T00:00:00Z,2026-08-12T02:00:00+0200,23.6,MW,PT,PT,forecast_solar_generation,Solar,2026-08-25T13:56:07Z
2026-08-25T13:46:29Z,2026-08-25T15:46:29+0200,7478f083-450f-4443-a2c4-deeb0cfd0e29,2026-08-12T01:00:00Z,2026-08-12T03:00:00+0200,23.5,MW,PT,PT,forecast_solar_generation,Solar,2026-08-25T13:56:07Z
2026-08-25T13:46:29Z,2026-08-25T15:46:29+0200,7478f083-450f-4443-a2c4-deeb0cfd0e29,2026-08-12T02:00:00Z,2026-08-12T04:00:00+0200,23.5,MW,PT,PT,forecast_solar_generation,Solar,2026-08-25T13:56:07Z
2026-08-25T13:46:29Z,2026-08-25T15:46:29+0200,7478f083-450f-4443-a2c4-deeb0cfd0e29,2026-08-12T03:00:00Z,2026-08-12T05:00:00+0200,23.5,MW,PT,PT,forecast_solar_generation,Solar,2026-08-25T13:56:07Z
2026-08-25T13:46:29Z,2026-08-25T15:46:29+0200,7478f083-450f-4443-a2c4-deeb0cfd0e29,2026-08-12T04:00:00Z,2026-08-12T06:00:00+0200,23.5,MW,PT,PT,forecast_solar_generation,Solar,2026-08-25T13:56:07Z
2026-08-25T13:46:29Z,2026-08-25T15:46:29+0200,7478f083-450f-4443-a2c4-deeb0cfd0e29,2026-08-12T05:00:00Z,2026-08-12T07:00:00+0200,44.3,MW,PT,PT,forecast_solar_generation,Solar,2026-08-25T13:56:07Z
2026-08-25T13:46:29Z,2026-08-25T15:46:29+0200,7478f083-450f-4443-a2c4-deeb0cfd0e29,2026-08-12T06:00:00Z,2026-08-12T08:00:00+0200,344.7,MW,PT,PT,forecast_solar_generation,Solar,2026-08-25T13:56:07Z
2026-08-25T13:46:29Z,2026-08-25T15:46:29+0200,7478f083-450f-4443-a2c4-deeb0cfd0e29,2026-08-12T07:00:00Z,2026-08-12T09:00:00+0200,1030.1,MW,PT,PT,forecast_solar_generation,Solar,2026-08-25T13:56:07Z
2026-08-25T13:46:29Z,2026-08-25T15:46:29+0200,7478f083-450f-4443-a2c4-deeb0cfd0e29,2026-08-12T08:00:00Z,2026-08-12T10:00:00+0200,2097.2,MW,PT,PT,forecast_solar_generation,Solar,2026-08-25T13:56:07Z
2026-08-25T13:46:29Z,2026-08-25T15:46:29+0200,7478f083-450f-4443-a2c4-deeb0cfd0e29,2026-08-12T09:00:00Z,2026-08-12T11:00:00+0200,2811.2,MW,PT,PT,forecast_solar_generation,Solar,2026-08-25T13:56:07Z
2026-08-25T13:46:29Z,2026-08-25T15:46:29+0200,7478f083-450f-4443-a2c4-deeb0cfd0e29,2026-08-12T10:00:00Z,2026-08-12T12:00:00+0200,3202.4,MW,PT,PT,forecast_solar_generation,Solar,2026-08-25T13:56:07Z
2026-08-25T13:46:29Z,2026-08-25T15:46:29+0200,7478f083-450f-4443-a2c4-deeb0cfd0e29,2026-08-12T11:00:00Z,2026-08-12T13:00:00+0200,3461.6,MW,PT,PT,forecast_solar_generation,Solar,2026-08-25T13:56:07Z
2026-08-25T13:46:29Z,2026-08-25T15:46:29+0200,7478f083-450f-4443-a2c4-deeb0cfd0e29,2026-08-12T12:00:00Z,2026-08-12T14:00:00+0200,3511.5,MW,PT,PT,forecast_solar_generation,Solar,2026-08-25T13:56:07Z
2026-08-25T13:46:29Z,2026-08-25T15:46:29+0200,7478f083-450f-4443-a2c4-deeb0cfd0e29,2026-08-12T13:00:00Z,2026-08-12T15:00:00+0200,3449.1,MW,PT,PT,forecast_solar_generation,Solar,2026-08-25T13:56:07Z
2026-08-25T13:46:29Z,2026-08-25T15:46:29+0200,7478f083-450f-4443-a2c4-deeb0cfd0e29,2026-08-12T14:00:00Z,2026-08-12T16:00:00+0200,3364.2,MW,PT,PT,forecast_solar_generation,Solar,2026-08-25T13:56:07Z
2026-08-25T13:46:29Z,2026-08-25T15:46:29+0200,7478f083-450f-4443-a2c4-deeb0cfd0e29,2026-08-12T15:00:00Z,2026-08-12T17:00:00+0200,3020.5,MW,PT,PT,forecast_solar_generation,Solar,2026-08-25T13:56:07Z
2026-08-25T13:46:29Z,2026-08-25T15:46:29+0200,7478f083-450f-4443-a2c4-deeb0cfd0e29,2026-08-12T16:00:00Z,2026-08-12T18:00:00+0200,2323.3,MW,PT,PT,forecast_solar_generation,Solar,2026-08-25T13:56:07Z
2026-08-25T13:46:29Z,2026-08-25T15:46:29+0200,7478f083-450f-4443-a2c4-deeb0cfd0e29,2026-08-12T17:00:00Z,2026-08-12T19:00:00+0200,1408.9,MW,PT,PT,forecast_solar_generation,Solar,2026-08-25T13:56:07Z
2026-08-25T13:46:29Z,2026-08-25T15:46:29+0200,7478f083-450f-4443-a2c4-deeb0cfd0e29,2026-08-12T18:00:00Z,2026-08-12T20:00:00+0200,291.7,MW,PT,PT,forecast_solar_generation,Solar,2026-08-25T13:56:07Z
2026-08-25T13:46:29Z,2026-08-25T15:46:29+0200,7478f083-450f-4443-a2c4-deeb0cfd0e29,2026-08-12T19:00:00Z,2026-08-12T21:00:00+0200,119.3,MW,PT,PT,forecast_solar_generation,Solar,2026-08-25T13:56:07Z
2026-08-25T13:46:29Z,2026-08-25T15:46:29+0200,7478f083-450f-4443-a2c4-deeb0cfd0e29,2026-08-12T20:00:00Z,2026-08-12T22:00:00+0200,55.9,MW,PT,PT,forecast_solar_generation,Solar,2026-08-25T13:56:07Z
2026-08-25T13:46:29Z,2026-08-25T15:46:29+0200,7478f083-450f-4443-a2c4-deeb0cfd0e29,2026-08-12T21:00:00Z,2026-08-12T23:00:00+0200,35.4,MW,PT,PT,forecast_solar_generation,Solar,2026-08-25T13:56:07Z
2026-08-25T13:46:29Z,2026-08-25T15:46:29+0200,7478f083-450f-4443-a2c4-deeb0cfd0e29,2026-08-12T22:00:00Z,2026-08-13T00:00:00+0200,24.4,MW,PT,PT,forecast_solar_generation,Solar,2026-08-25T13:56:07Z
2026-08-25T13:46:29Z,2026-08-25T15:46:29+0200,7478f083-450f-4443-a2c4-deeb0cfd0e29,2026-08-12T23:00:00Z,2026-08-13T01:00:00+0200,20.0,MW,PT,PT,forecast_solar_generation,Solar,2026-08-25T13:56:07Z
2026-08-25T13:46:29Z,2026-08-25T15:46:29+0200,7478f083-450f-4443-a2c4-deeb0cfd0e29,2026-08-13T00:00:00Z,2026-08-13T02:00:00+0200,23.4,MW,PT,PT,forecast_solar_generation,Solar,2026-08-25T13:56:07Z
2026-08-25T13:46:29Z,2026-08-25T15:46:29+0200,7478f083-450f-4443-a2c4-deeb0cfd0e29,2026-08-13T01:00:00Z,2026-08-13T03:00:00+0200,23.4,MW,PT,PT,forecast_solar_generation,Solar,2026-08-25T13:56:07Z
2026-08-25T13:46:29Z,2026-08-25T15:46:29+0200,7478f083-450f-4443-a2c4-deeb0cfd0e29,2026-08-13T02:00:00Z,2026-08-13T04:00:00+0200,23.4,MW,PT,PT,forecast_solar_generation,Solar,2026-08-25T13:56:07Z
2026-08-25T13:46:29Z,2026-08-25T15:46:29+0200,7478f083-450f-4443-a2c4-deeb0cfd0e29,2026-08-13T03:00:00Z,2026-08-13T05:00:00+0200,18.8,MW,PT,PT,forecast_solar_generation,Solar,2026-08-25T13:56:07Z
2026-08-25T13:46:29Z,2026-08-25T15:46:29+0200,7478f083-450f-4443-a2c4-deeb0cfd0e29,2026-08-13T04:00:00Z,2026-08-13T06:00:00+0200,23.3,MW,PT,PT,forecast_solar_generation,Solar,2026-08-25T13:56:07Z
2026-08-25T13:46:29Z,2026-08-25T15:46:29+0200,7478f083-450f-4443-a2c4-deeb0cfd0e29,2026-08-13T05:00:00Z,2026-08-13T07:00:00+0200,26.3,MW,PT,PT,forecast_solar_generation,Solar,2026-08-25T13:56:07Z
2026-08-25T13:46:29Z,2026-08-25T15:46:29+0200,7478f083-450f-4443-a2c4-deeb0cfd0e29,2026-08-13T06:00:00Z,2026-08-13T08:00:00+0200,303.1,MW,PT,PT,forecast_solar_generation,Solar,2026-08-25T13:56:07Z
2026-08-25T13:46:29Z,2026-08-25T15:46:29+0200,7478f083-450f-4443-a2c4-deeb0cfd0e29,2026-08-13T07:00:00Z,2026-08-13T09:00:00+0200,990.8,MW,PT,PT,forecast_solar_generation,Solar,2026-08-25T13:56:07Z
2026-08-25T13:46:29Z,2026-08-25T15:46:29+0200,7478f083-450f-4443-a2c4-deeb0cfd0e29,2026-08-13T08:00:00Z,2026-08-13T10:00:00+0200,2000.6,MW,PT,PT,forecast_solar_generation,Solar,2026-08-25T13:56:07Z
2026-08-25T13:46:29Z,2026-08-25T15:46:29+0200,7478f083-450f-4443-a2c4-deeb0cfd0e29,2026-08-13T09:00:00Z,2026-08-13T11:00:00+0200,2786.1,MW,PT,PT,forecast_solar_generation,Solar,2026-08-25T13:56:07Z
2026-08-25T13:46:29Z,2026-08-25T15:46:29+0200,7478f083-450f-4443-a2c4-deeb0cfd0e29,2026-08-13T10:00:00Z,2026-08-13T12:00:00+0200,3247.8,MW,PT,PT,forecast_solar_generation,Solar,2026-08-25T13:56:07Z
2026-08-25T13:46:29Z,2026-08-25T15:46:29+0200,7478f083-450f-4443-a2c4-deeb0cfd0e29,2026-08-13T11:00:00Z,2026-08-13T13:00:00+0200,3474.1,MW,PT,PT,forecast_solar_generation,Solar,2026-08-25T13:56:07Z
2026-08-25T13:46:29Z,2026-08-25T15:46:29+0200,7478f083-450f-4443-a2c4-deeb0cfd0e29,2026-08-13T12:00:00Z,2026-08-13T14:00:00+0200,3518.1,MW,PT,PT,forecast_solar_generation,Solar,2026-08-25T13:56:07Z
2026-08-25T13:46:29Z,2026-08-25T15:46:29+0200,7478f083-450f-4443-a2c4-deeb0cfd0e29,2026-08-13T13:00:00Z,2026-08-13T15:00:00+0200,3465.0,MW,PT,PT,forecast_solar_generation,Solar,2026-08-25T13:56:07Z
2026-08-25T13:46:29Z,2026-08-25T15:46:29+0200,7478f083-450f-4443-a2c4-deeb0cfd0e29,2026-08-13T14:00:00Z,2026-08-13T16:00:00+0200,3317.4,MW,PT,PT,forecast_solar_generation,Solar,2026-08-25T13:56:07Z
2026-08-25T13:46:29Z,2026-08-25T15:46:29+0200,7478f083-450f-4443-a2c4-deeb0cfd0e29,2026-08-13T15:00:00Z,2026-08-13T17:00:00+0200,2967.3,MW,PT,PT,forecast_solar_generation,Solar,2026-08-25T13:56:07Z
2026-08-25T13:46:29Z,2026-08-25T15:46:29+0200,7478f083-450f-4443-a2c4-deeb0cfd0e29,2026-08-13T16:00:00Z,2026-08-13T18:00:00+0200,2343.9,MW,PT,PT,forecast_solar_generation,Solar,2026-08-25T13:56:07Z
2026-08-25T13:46:29Z,2026-08-25T15:46:29+0200,7478f083-450f-4443-a2c4-deeb0cfd0e29,2026-08-13T17:00:00Z,2026-08-13T19:00:00+0200,1443.1,MW,PT,PT,forecast_solar_generation,Solar,2026-08-25T13:56:07Z
2026-08-25T13:46:29Z,2026-08-25T15:46:29+0200,7478f083-450f-4443-a2c4-deeb0cfd0e29,2026-08-13T18:00:00Z,2026-08-13T20:00:00+0200,533.5,MW,PT,PT,forecast_solar_generation,Solar,2026-08-25T13:56:07Z
2026-08-25T13:46:29Z,2026-08-25T15:46:29+0200,7478f083-450f-4443-a2c4-deeb0cfd0e29,2026-08-13T19:00:00Z,2026-08-13T21:00:00+0200,130.1,MW,PT,PT,forecast_solar_generation,Solar,2026-08-25T13:56:07Z
2026-08-25T13:46:29Z,2026-08-25T15:46:29+0200,7478f083-450f-4443-a2c4-deeb0cfd0e29,2026-08-13T20:00:00Z,2026-08-13T22:00:00+0200,58.3,MW,PT,PT,forecast_solar_generation,Solar,2026-08-25T13:56:07Z
2026-08-25T13:46:29Z,2026-08-25T15:46:29+0200,7478f083-450f-4443-a2c4-deeb0cfd0e29,2026-08-13T21:00:00Z,2026-08-13T23:00:00+0200,32.2,MW,PT,PT,forecast_solar_generation,Solar,2026-08-25T13:56:07Z
2026-08-25T13:46:29Z,2026-08-25T15:46:29+0200,7478f083-450f-4443-a2c4-deeb0cfd0e29,2026-08-13T22:00:00Z,2026-08-14T00:00:00+0200,15.3,MW,PT,PT,forecast_solar_generation,Solar,2026-08-25T13:56:07Z
2026-08-25T13:46:29Z,2026-08-25T15:46:29+0200,7478f083-450f-4443-a2c4-deeb0cfd0e29,2026-08-13T23:00:00Z,2026-08-14T01:00:00+0200,14.4,MW,PT,PT,forecast_solar_generation,Solar,2026-08-25T13:56:07Z
2026-08-25T13:46:29Z,2026-08-25T15:46:29+0200,7478f083-450f-4443-a2c4-deeb0cfd0e29,2026-08-14T00:00:00Z,2026-08-14T02:00:00+0200,14.4,MW,PT,PT,forecast_solar_generation,Solar,2026-08-25T13:56:07Z
2026-08-25T13:46:29Z,2026-08-25T15:46:29+0200,7478f083-450f-4443-a2c4-deeb0cfd0e29,2026-08-14T01:00:00Z,2026-08-14T03:00:00+0200,14.4,MW,PT,PT,forecast_solar_generation,Solar,2026-08-25T13:56:07Z
2026-08-25T13:46:29Z,2026-08-25T15:46:29+0200,7478f083-450f-4443-a2c4-deeb0cfd0e29,2026-08-14T02:00:00Z,2026-08-14T04:00:00+0200,14.4,MW,PT,PT,forecast_solar_generation,Solar,2026-08-25T13:56:07Z
2026-08-25T13:46:29Z,2026-08-25T15:46:29+0200,7478f083-450f-4443-a2c4-deeb0cfd0e29,2026-08-14T03:00:00Z,2026-08-14T05:00:00+0200,14.4,MW,PT,PT,forecast_solar_generation,Solar,2026-08-25T13:56:07Z
2026-08-25T13:46:29Z,2026-08-25T15:46:29+0200,7478f083-450f-4443-a2c4-deeb0cfd0e29,2026-08-14T04:00:00Z,2026-08-14T06:00:00+0200,14.4,MW,PT,PT,forecast_solar_generation,Solar,2026-08-25T13:56:07Z
2026-08-25T13:46:29Z,2026-08-25T15:46:29+0200,7478f083-450f-4443-a2c4-deeb0cfd0e29,2026-08-14T05:00:00Z,2026-08-14T07:00:00+0200,14.5,MW,PT,PT,forecast_solar_generation,Solar,2026-08-25T13:56:07Z
2026-08-25T13:46:29Z,2026-08-25T15:46:29+0200,7478f083-450f-4443-a2c4-deeb0cfd0e29,2026-08-14T06:00:00Z,2026-08-14T08:00:00+0200,232.1,MW,PT,PT,forecast_solar_generation,Solar,2026-08-25T13:56:07Z
2026-08-25T13:46:29Z,2026-08-25T15:46:29+0200,7478f083-450f-4443-a2c4-deeb0cfd0e29,2026-08-14T07:00:00Z,2026-08-14T09:00:00+0200,820.9,MW,PT,PT,forecast_solar_generation,Solar,2026-08-25T13:56:07Z
2026-08-25T13:46:29Z,2026-08-25T15:46:29+0200,7478f083-450f-4443-a2c4-deeb0cfd0e29,2026-08-14T08:00:00Z,2026-08-14T10:00:00+0200,1713.8,MW,PT,PT,forecast_solar_generation,Solar,2026-08-25T13:56:07Z
2026-08-25T13:46:29Z,2026-08-25T15:46:29+0200,7478f083-450f-4443-a2c4-deeb0cfd0e29,2026-08-14T09:00:00Z,2026-08-14T11:00:00+0200,2498.6,MW,PT,PT,forecast_solar_generation,Solar,2026-08-25T13:56:07Z
2026-08-25T13:46:29Z,2026-08-25T15:46:29+0200,7478f083-450f-4443-a2c4-deeb0cfd0e29,2026-08-14T10:00:00Z,2026-08-14T12:00:00+0200,2968.4,MW,PT,PT,forecast_solar_generation,Solar,2026-08-25T13:56:07Z
2026-08-25T13:46:29Z,2026-08-25T15:46:29+0200,7478f083-450f-4443-a2c4-deeb0cfd0e29,2026-08-14T11:00:00Z,2026-08-14T13:00:00+0200,3212.1,MW,PT,PT,forecast_solar_generation,Solar,2026-08-25T13:56:07Z
2026-08-25T13:46:29Z,2026-08-25T15:46:29+0200,7478f083-450f-4443-a2c4-deeb0cfd0e29,2026-08-14T12:00:00Z,2026-08-14T14:00:00+0200,3313.5,MW,PT,PT,forecast_solar_generation,Solar,2026-08-25T13:56:07Z
2026-08-25T13:46:29Z,2026-08-25T15:46:29+0200,7478f083-450f-4443-a2c4-deeb0cfd0e29,2026-08-14T13:00:00Z,2026-08-14T15:00:00+0200,3276.1,MW,PT,PT,forecast_solar_generation,Solar,2026-08-25T13:56:07Z
2026-08-25T13:46:29Z,2026-08-25T15:46:29+0200,7478f083-450f-4443-a2c4-deeb0cfd0e29,2026-08-14T14:00:00Z,2026-08-14T16:00:00+0200,3134.1,MW,PT,PT,forecast_solar_generation,Solar,2026-08-25T13:56:07Z
2026-08-25T13:46:29Z,2026-08-25T15:46:29+0200,7478f083-450f-4443-a2c4-deeb0cfd0e29,2026-08-14T15:00:00Z,2026-08-14T17:00:00+0200,2694.3,MW,PT,PT,forecast_solar_generation,Solar,2026-08-25T13:56:07Z
2026-08-25T13:46:29Z,2026-08-25T15:46:29+0200,7478f083-450f-4443-a2c4-deeb0cfd0e29,2026-08-14T16:00:00Z,2026-08-14T18:00:00+0200,2054.4,MW,PT,PT,forecast_solar_generation,Solar,2026-08-25T13:56:07Z
2026-08-25T13:46:29Z,2026-08-25T15:46:29+0200,7478f083-450f-4443-a2c4-deeb0cfd0e29,2026-08-14T17:00:00Z,2026-08-14T19:00:00+0200,1361.9,MW,PT,PT,forecast_solar_generation,Solar,2026-08-25T13:56:07Z
2026-08-25T13:46:29Z,2026-08-25T15:46:29+0200,7478f083-450f-4443-a2c4-deeb0cfd0e29,2026-08-14T18:00:00Z,2026-08-14T20:00:00+0200,491.5,MW,PT,PT,forecast_solar_generation,Solar,2026-08-25T13:56:07Z
2026-08-25T13:46:29Z,2026-08-25T15:46:29+0200,7478f083-450f-4443-a2c4-deeb0cfd0e29,2026-08-14T19:00:00Z,2026-08-14T21:00:00+0200,112.6,MW,PT,PT,forecast_solar_generation,Solar,2026-08-25T13:56:07Z
2026-08-25T13:46:29Z,2026-08-25T15:46:29+0200,7478f083-450f-4443-a2c4-deeb0cfd0e29,2026-08-14T20:00:00Z,2026-08-14T22:00:00+0200,32.1,MW,PT,PT,forecast_solar_generation,Solar,2026-08-25T13:56:07Z
2026-08-25T13:46:29Z,2026-08-25T15:46:29+0200,7478f083-450f-4443-a2c4-deeb0cfd0e29,2026-08-14T21:00:00Z,2026-08-14T23:00:00+0200,24.7,MW,PT,PT,forecast_solar_generation,Solar,2026-08-25T13:56:07Z
2026-08-25T13:46:29Z,2026-08-25T15:46:29+0200,7478f083-450f-4443-a2c4-deeb0cfd0e29,2026-08-14T22:00:00Z,2026-08-15T00:00:00+0200,0.0,MW,PT,PT,forecast_solar_generation,Solar,2026-08-25T13:56:07Z
2026-08-25T13:46:29Z,2026-08-25T15:46:29+0200,7478f083-450f-4443-a2c4-deeb0cfd0e29,2026-08-14T23:00:00Z,2026-08-15T01:00:00+0200,0.0,MW,PT,PT,forecast_solar_generation,Solar,2026-08-25T13:56:07Z
2026-08-25T13:46:29Z,2026-08-25T15:46:29+0200,7478f083-450f-4443-a2c4-deeb0cfd0e29,2026-08-15T00:00:00Z,2026-08-15T02:00:00+0200,0.0,MW,PT,PT,forecast_solar_generation,Solar,2026-08-25T13:56:07Z
2026-08-25T13:46:29Z,2026-08-25T15:46:29+0200,7478f083-450f-4443-a2c4-deeb0cfd0e29,2026-08-15T01:00:00Z,2026-08-15T03:00:00+0200,0.0,MW,PT,PT,forecast_solar_generation,Solar,2026-08-25T13:56:07Z
2026-08-25T13:46:29Z,2026-08-25T15:46:29+0200,7478f083-450f-4443-a2c4-deeb0cfd0e29,2026-08-15T02:00:00Z,2026-08-15T04:00:00+0200,0.0,MW,PT,PT,forecast_solar_generation,Solar,2026-08-25T13:56:07Z
2026-08-25T13:46:29Z,2026-08-25T15:46:29+0200,7478f083-450f-4443-a2c4-deeb0cfd0e29,2026-08-15T03:00:00Z,2026-08-15T05:00:00+0200,0.0,MW,PT,PT,forecast_solar_generation,Solar,2026-08-25T13:56:07Z
2026-08-25T13:46:29Z,2026-08-25T15:46:29+0200,7478f083-450f-4443-a2c4-deeb0cfd0e29,2026-08-15T04:00:00Z,2026-08-15T06:00:00+0200,0.0,MW,PT,PT,forecast_solar_generation,Solar,2026-08-25T13:56:07Z
2026-08-25T13:46:29Z,2026-08-25T15:46:29+0200,7478f083-450f-4443-a2c4-deeb0cfd0e29,2026-08-15T05:00:00Z,2026-08-15T07:00:00+0200,0.0,MW,PT,PT,forecast_solar_generation,Solar,2026-08-25T13:56:07Z
2026-08-25T13:46:29Z,2026-08-25T15:46:29+0200,7478f083-450f-4443-a2c4-deeb0cfd0e29,2026-08-15T06:00:00Z,2026-08-15T08:00:00+0200,178.9,MW,PT,PT,forecast_solar_generation,Solar,2026-08-25T13:56:07Z
2026-08-25T13:46:29Z,2026-08-25T15:46:29+0200,7478f083-450f-4443-a2c4-deeb0cfd0e29,2026-08-15T07:00:00Z,2026-08-15T09:00:00+0200,748.2,MW,PT,PT,forecast_solar_generation,Solar,2026-08-25T13:56:07Z
2026-08-25T13:46:29Z,2026-08-25T15:46:29+0200,7478f083-450f-4443-a2c4-deeb0cfd0e29,2026-08-15T08:00:00Z,2026-08-15T10:00:00+0200,1504.8,MW,PT,PT,forecast_solar_generation,Solar,2026-08-25T13:56:07Z
2026-08-25T13:46:29Z,2026-08-25T15:46:29+0200,7478f083-450f-4443-a2c4-deeb0cfd0e29,2026-08-15T09:00:00Z,2026-08-15T11:00:00+0200,2077.8,MW,PT,PT,forecast_solar_generation,Solar,2026-08-25T13:56:07Z
2026-08-25T13:46:29Z,2026-08-25T15:46:29+0200,7478f083-450f-4443-a2c4-deeb0cfd0e29,2026-08-15T10:00:00Z,2026-08-15T12:00:00+0200,2544.1,MW,PT,PT,forecast_solar_generation,Solar,2026-08-25T13:56:07Z
2026-08-25T13:46:29Z,2026-08-25T15:46:29+0200,7478f083-450f-4443-a2c4-deeb0cfd0e29,2026-08-15T11:00:00Z,2026-08-15T13:00:00+0200,2823.7,MW,PT,PT,forecast_solar_generation,Solar,2026-08-25T13:56:07Z
2026-08-25T13:46:29Z,2026-08-25T15:46:29+0200,7478f083-450f-4443-a2c4-deeb0cfd0e29,2026-08-15T12:00:00Z,2026-08-15T14:00:00+0200,2896.9,MW,PT,PT,forecast_solar_generation,Solar,2026-08-25T13:56:07Z
2026-08-25T13:46:29Z,2026-08-25T15:46:29+0200,7478f083-450f-4443-a2c4-deeb0cfd0e29,2026-08-15T13:00:00Z,2026-08-15T15:00:00+0200,2915.7,MW,PT,PT,forecast_solar_generation,Solar,2026-08-25T13:56:07Z
2026-08-25T13:46:29Z,2026-08-25T15:46:29+0200,7478f083-450f-4443-a2c4-deeb0cfd0e29,2026-08-15T14:00:00Z,2026-08-15T16:00:00+0200,2881.5,MW,PT,PT,forecast_solar_generation,Solar,2026-08-25T13:56:07Z
2026-08-25T13:46:29Z,2026-08-25T15:46:29+0200,7478f083-450f-4443-a2c4-deeb0cfd0e29,2026-08-15T15:00:00Z,2026-08-15T17:00:00+0200,2638.3,MW,PT,PT,forecast_solar_generation,Solar,2026-08-25T13:56:07Z
2026-08-25T13:46:29Z,2026-08-25T15:46:29+0200,7478f083-450f-4443-a2c4-deeb0cfd0e29,2026-08-15T16:00:00Z,2026-08-15T18:00:00+0200,2022.2,MW,PT,PT,forecast_solar_generation,Solar,2026-08-25T13:56:07Z
2026-08-25T13:46:29Z,2026-08-25T15:46:29+0200,7478f083-450f-4443-a2c4-deeb0cfd0e29,2026-08-15T17:00:00Z,2026-08-15T19:00:00+0200,1239.9,MW,PT,PT,forecast_solar_generation,Solar,2026-08-25T13:56:07Z
2026-08-25T13:46:29Z,2026-08-25T15:46:29+0200,7478f083-450f-4443-a2c4-deeb0cfd0e29,2026-08-15T18:00:00Z,2026-08-15T20:00:00+0200,413.1,MW,PT,PT,forecast_solar_generation,Solar,2026-08-25T13:56:07Z
2026-08-25T13:46:29Z,2026-08-25T15:46:29+0200,7478f083-450f-4443-a2c4-deeb0cfd0e29,2026-08-15T19:00:00Z,2026-08-15T21:00:00+0200,63.1,MW,PT,PT,forecast_solar_generation,Solar,2026-08-25T13:56:07Z
2026-08-25T13:46:29Z,2026-08-25T15:46:29+0200,7478f083-450f-4443-a2c4-deeb0cfd0e29,2026-08-15T20:00:00Z,2026-08-15T22:00:00+0200,30.2,MW,PT,PT,forecast_solar_generation,Solar,2026-08-25T13:56:07Z
2026-08-25T13:46:29Z,2026-08-25T15:46:29+0200,7478f083-450f-4443-a2c4-deeb0cfd0e29,2026-08-15T21:00:00Z,2026-08-15T23:00:00+0200,0.0,MW,PT,PT,forecast_solar_generation,Solar,2026-08-25T13:56:07Z
2026-08-25T13:46:29Z,2026-08-25T15:46:29+0200,7478f083-450f-4443-a2c4-deeb0cfd0e29,2026-08-15T22:00:00Z,2026-08-16T00:00:00+0200,0.0,MW,PT,PT,forecast_solar_generation,Solar,2026-08-25T13:56:07Z
2026-08-25T13:46:29Z,2026-08-25T15:46:29+0200,7478f083-450f-4443-a2c4-deeb0cfd0e29,2026-08-15T23:00:00Z,2026-08-16T01:00:00+0200,0.0,MW,PT,PT,forecast_solar_generation,Solar,2026-08-25T13:56:07Z
2026-08-25T13:46:29Z,2026-08-25T15:46:29+0200,7478f083-450f-4443-a2c4-deeb0cfd0e29,2026-08-16T00:00:00Z,2026-08-16T02:00:00+0200,0.0,MW,PT,PT,forecast_solar_generation,Solar,2026-08-25T13:56:07Z
2026-08-25T13:46:29Z,2026-08-25T15:46:29+0200,7478f083-450f-4443-a2c4-deeb0cfd0e29,2026-08-16T01:00:00Z,2026-08-16T03:00:00+0200,0.0,MW,PT,PT,forecast_solar_generation,Solar,2026-08-25T13:56:07Z
2026-08-25T13:46:29Z,2026-08-25T15:46:29+0200,7478f083-450f-4443-a2c4-deeb0cfd0e29,2026-08-16T02:00:00Z,2026-08-16T04:00:00+0200,0.0,MW,PT,PT,forecast_solar_generation,Solar,2026-08-25T13:56:07Z
2026-08-25T13:46:29Z,2026-08-25T15:46:29+0200,7478f083-450f-4443-a2c4-deeb0cfd0e29,2026-08-16T03:00:00Z,2026-08-16T05:00:00+0200,0.0,MW,PT,PT,forecast_solar_generation,Solar,2026-08-25T13:56:07Z
2026-08-25T13:46:29Z,2026-08-25T15:46:29+0200,7478f083-450f-4443-a2c4-deeb0cfd0e29,2026-08-16T04:00:00Z,2026-08-16T06:00:00+0200,0.0,MW,PT,PT,forecast_solar_generation,Solar,2026-08-25T13:56:07Z
2026-08-25T13:46:29Z,2026-08-25T15:46:29+0200,7478f083-450f-4443-a2c4-deeb0cfd0e29,2026-08-16T05:00:00Z,2026-08-16T07:00:00+0200,0.1,MW,PT,PT,forecast_solar_generation,Solar,2026-08-25T13:56:07Z
2026-08-25T13:46:29Z,2026-08-25T15:46:29+0200,7478f083-450f-4443-a2c4-deeb0cfd0e29,2026-08-16T06:00:00Z,2026-08-16T08:00:00+0200,226.3,MW,PT,PT,forecast_solar_generation,Solar,2026-08-25T13:56:07Z
2026-08-25T13:46:29Z,2026-08-25T15:46:29+0200,7478f083-450f-4443-a2c4-deeb0cfd0e29,2026-08-16T07:00:00Z,2026-08-16T09:00:00+0200,1005.6,MW,PT,PT,forecast_solar_generation,Solar,2026-08-25T13:56:07Z
2026-08-25T13:46:29Z,2026-08-25T15:46:29+0200,7478f083-450f-4443-a2c4-deeb0cfd0e29,2026-08-16T08:00:00Z,2026-08-16T10:00:00+0200,1691.1,MW,PT,PT,forecast_solar_generation,Solar,2026-08-25T13:56:07Z
2026-08-25T13:46:29Z,2026-08-25T15:46:29+0200,7478f083-450f-4443-a2c4-deeb0cfd0e29,2026-08-16T09:00:00Z,2026-08-16T11:00:00+0200,2066.0,MW,PT,PT,forecast_solar_generation,Solar,2026-08-25T13:56:07Z
2026-08-25T13:46:29Z,2026-08-25T15:46:29+0200,7478f083-450f-4443-a2c4-deeb0cfd0e29,2026-08-16T10:00:00Z,2026-08-16T12:00:00+0200,2512.7,MW,PT,PT,forecast_solar_generation,Solar,2026-08-25T13:56:07Z
2026-08-25T13:46:29Z,2026-08-25T15:46:29+0200,7478f083-450f-4443-a2c4-deeb0cfd0e29,2026-08-16T11:00:00Z,2026-08-16T13:00:00+0200,2663.6,MW,PT,PT,forecast_solar_generation,Solar,2026-08-25T13:56:07Z
2026-08-25T13:46:29Z,2026-08-25T15:46:29+0200,7478f083-450f-4443-a2c4-deeb0cfd0e29,2026-08-16T12:00:00Z,2026-08-16T14:00:00+0200,2528.0,MW,PT,PT,forecast_solar_generation,Solar,2026-08-25T13:56:07Z
2026-08-25T13:46:29Z,2026-08-25T15:46:29+0200,7478f083-450f-4443-a2c4-deeb0cfd0e29,2026-08-16T13:00:00Z,2026-08-16T15:00:00+0200,2413.1,MW,PT,PT,forecast_solar_generation,Solar,2026-08-25T13:56:07Z
2026-08-25T13:46:29Z,2026-08-25T15:46:29+0200,7478f083-450f-4443-a2c4-deeb0cfd0e29,2026-08-16T14:00:00Z,2026-08-16T16:00:00+0200,2352.2,MW,PT,PT,forecast_solar_generation,Solar,2026-08-25T13:56:07Z
2026-08-25T13:46:29Z,2026-08-25T15:46:29+0200,7478f083-450f-4443-a2c4-deeb0cfd0e29,2026-08-16T15:00:00Z,2026-08-16T17:00:00+0200,2307.6,MW,PT,PT,forecast_solar_generation,Solar,2026-08-25T13:56:07Z
2026-08-25T13:46:29Z,2026-08-25T15:46:29+0200,7478f083-450f-4443-a2c4-deeb0cfd0e29,2026-08-16T16:00:00Z,2026-08-16T18:00:00+0200,1709.9,MW,PT,PT,forecast_solar_generation,Solar,2026-08-25T13:56:07Z
2026-08-25T13:46:29Z,2026-08-25T15:46:29+0200,7478f083-450f-4443-a2c4-deeb0cfd0e29,2026-08-16T17:00:00Z,2026-08-16T19:00:00+0200,1168.1,MW,PT,PT,forecast_solar_generation,Solar,2026-08-25T13:56:07Z
2026-08-25T13:46:29Z,2026-08-25T15:46:29+0200,7478f083-450f-4443-a2c4-deeb0cfd0e29,2026-08-16T18:00:00Z,2026-08-16T20:00:00+0200,402.0,MW,PT,PT,forecast_solar_generation,Solar,2026-08-25T13:56:07Z
2026-08-25T13:46:29Z,2026-08-25T15:46:29+0200,7478f083-450f-4443-a2c4-deeb0cfd0e29,2026-08-16T19:00:00Z,2026-08-16T21:00:00+0200,13.3,MW,PT,PT,forecast_solar_generation,Solar,2026-08-25T13:56:07Z
2026-08-25T13:46:29Z,2026-08-25T15:46:29+0200,7478f083-450f-4443-a2c4-deeb0cfd0e29,2026-08-16T20:00:00Z,2026-08-16T22:00:00+0200,0.0,MW,PT,PT,forecast_solar_generation,Solar,2026-08-25T13:56:07Z
2026-08-25T13:46:29Z,2026-08-25T15:46:29+0200,7478f083-450f-4443-a2c4-deeb0cfd0e29,2026-08-16T21:00:00Z,2026-08-16T23:00:00+0200,0.0,MW,PT,PT,forecast_solar_generation,Solar,2026-08-25T13:56:07Z
2026-08-25T13:46:29Z,2026-08-25T15:46:29+0200,7478f083-450f-4443-a2c4-deeb0cfd0e29,2026-08-16T22:00:00Z,2026-08-17T00:00:00+0200,20.8,MW,PT,PT,forecast_solar_generation,Solar,2026-08-25T13:56:07Z
2026-08-25T13:46:29Z,2026-08-25T15:46:29+0200,7478f083-450f-4443-a2c4-deeb0cfd0e29,2026-08-16T23:00:00Z,2026-08-17T01:00:00+0200,14.5,MW,PT,PT,forecast_solar_generation,Solar,2026-08-25T13:56:07Z
2026-08-25T13:46:29Z,2026-08-25T15:46:29+0200,7478f083-450f-4443-a2c4-deeb0cfd0e29,2026-08-17T00:00:00Z,2026-08-17T02:00:00+0200,17.5,MW,PT,PT,forecast_solar_generation,Solar,2026-08-25T13:56:07Z
2026-08-25T13:46:29Z,2026-08-25T15:46:29+0200,7478f083-450f-4443-a2c4-deeb0cfd0e29,2026-08-17T01:00:00Z,2026-08-17T03:00:00+0200,14.5,MW,PT,PT,forecast_solar_generation,Solar,2026-08-25T13:56:07Z
2026-08-25T13:46:29Z,2026-08-25T15:46:29+0200,7478f083-450f-4443-a2c4-deeb0cfd0e29,2026-08-17T02:00:00Z,2026-08-17T04:00:00+0200,16.3,MW,PT,PT,forecast_solar_generation,Solar,2026-08-25T13:56:07Z
2026-08-25T13:46:29Z,2026-08-25T15:46:29+0200,7478f083-450f-4443-a2c4-deeb0cfd0e29,2026-08-17T03:00:00Z,2026-08-17T05:00:00+0200,20.5,MW,PT,PT,forecast_solar_generation,Solar,2026-08-25T13:56:07Z
2026-08-25T13:46:29Z,2026-08-25T15:46:29+0200,7478f083-450f-4443-a2c4-deeb0cfd0e29,2026-08-17T04:00:00Z,2026-08-17T06:00:00+0200,19.1,MW,PT,PT,forecast_solar_generation,Solar,2026-08-25T13:56:07Z
2026-08-25T13:46:29Z,2026-08-25T15:46:29+0200,7478f083-450f-4443-a2c4-deeb0cfd0e29,2026-08-17T05:00:00Z,2026-08-17T07:00:00+0200,25.6,MW,PT,PT,forecast_solar_generation,Solar,2026-08-25T13:56:07Z
2026-08-25T13:46:29Z,2026-08-25T15:46:29+0200,7478f083-450f-4443-a2c4-deeb0cfd0e29,2026-08-17T06:00:00Z,2026-08-17T08:00:00+0200,242.3,MW,PT,PT,forecast_solar_generation,Solar,2026-08-25T13:56:07Z
2026-08-25T13:46:29Z,2026-08-25T15:46:29+0200,7478f083-450f-4443-a2c4-deeb0cfd0e29,2026-08-17T07:00:00Z,2026-08-17T09:00:00+0200,948.1,MW,PT,PT,forecast_solar_generation,Solar,2026-08-25T13:56:07Z
2026-08-25T13:46:29Z,2026-08-25T15:46:29+0200,7478f083-450f-4443-a2c4-deeb0cfd0e29,2026-08-17T08:00:00Z,2026-08-17T10:00:00+0200,1773.1,MW,PT,PT,forecast_solar_generation,Solar,2026-08-25T13:56:07Z
2026-08-25T13:46:29Z,2026-08-25T15:46:29+0200,7478f083-450f-4443-a2c4-deeb0cfd0e29,2026-08-17T09:00:00Z,2026-08-17T11:00:00+0200,2410.2,MW,PT,PT,forecast_solar_generation,Solar,2026-08-25T13:56:07Z
2026-08-25T13:46:29Z,2026-08-25T15:46:29+0200,7478f083-450f-4443-a2c4-deeb0cfd0e29,2026-08-17T10:00:00Z,2026-08-17T12:00:00+0200,2815.6,MW,PT,PT,forecast_solar_generation,Solar,2026-08-25T13:56:07Z
2026-08-25T13:46:29Z,2026-08-25T15:46:29+0200,7478f083-450f-4443-a2c4-deeb0cfd0e29,2026-08-17T11:00:00Z,2026-08-17T13:00:00+0200,2997.6,MW,PT,PT,forecast_solar_generation,Solar,2026-08-25T13:56:07Z
2026-08-25T13:46:29Z,2026-08-25T15:46:29+0200,7478f083-450f-4443-a2c4-deeb0cfd0e29,2026-08-17T12:00:00Z,2026-08-17T14:00:00+0200,2988.8,MW,PT,PT,forecast_solar_generation,Solar,2026-08-25T13:56:07Z
2026-08-25T13:46:29Z,2026-08-25T15:46:29+0200,7478f083-450f-4443-a2c4-deeb0cfd0e29,2026-08-17T13:00:00Z,2026-08-17T15:00:00+0200,2854.1,MW,PT,PT,forecast_solar_generation,Solar,2026-08-25T13:56:07Z
2026-08-25T13:46:29Z,2026-08-25T15:46:29+0200,7478f083-450f-4443-a2c4-deeb0cfd0e29,2026-08-17T14:00:00Z,2026-08-17T16:00:00+0200,2596.3,MW,PT,PT,forecast_solar_generation,Solar,2026-08-25T13:56:07Z
2026-08-25T13:46:29Z,2026-08-25T15:46:29+0200,7478f083-450f-4443-a2c4-deeb0cfd0e29,2026-08-17T15:00:00Z,2026-08-17T17:00:00+0200,2086.0,MW,PT,PT,forecast_solar_generation,Solar,2026-08-25T13:56:07Z
2026-08-25T13:46:29Z,2026-08-25T15:46:29+0200,7478f083-450f-4443-a2c4-deeb0cfd0e29,2026-08-17T16:00:00Z,2026-08-17T18:00:00+0200,1641.3,MW,PT,PT,forecast_solar_generation,Solar,2026-08-25T13:56:07Z
2026-08-25T13:46:29Z,2026-08-25T15:46:29+0200,7478f083-450f-4443-a2c4-deeb0cfd0e29,2026-08-17T17:00:00Z,2026-08-17T19:00:00+0200,1031.4,MW,PT,PT,forecast_solar_generation,Solar,2026-08-25T13:56:07Z
2026-08-25T13:46:29Z,2026-08-25T15:46:29+0200,7478f083-450f-4443-a2c4-deeb0cfd0e29,2026-08-17T18:00:00Z,2026-08-17T20:00:00+0200,367.2,MW,PT,PT,forecast_solar_generation,Solar,2026-08-25T13:56:07Z
2026-08-25T13:46:29Z,2026-08-25T15:46:29+0200,7478f083-450f-4443-a2c4-deeb0cfd0e29,2026-08-17T19:00:00Z,2026-08-17T21:00:00+0200,65.9,MW,PT,PT,forecast_solar_generation,Solar,2026-08-25T13:56:07Z
2026-08-25T13:46:29Z,2026-08-25T15:46:29+0200,7478f083-450f-4443-a2c4-deeb0cfd0e29,2026-08-17T20:00:00Z,2026-08-17T22:00:00+0200,39.8,MW,PT,PT,forecast_solar_generation,Solar,2026-08-25T13:56:07Z
2026-08-25T13:46:29Z,2026-08-25T15:46:29+0200,7478f083-450f-4443-a2c4-deeb0cfd0e29,2026-08-17T21:00:00Z,2026-08-17T23:00:00+0200,28.3,MW,PT,PT,forecast_solar_generation,Solar,2026-08-25T13:56:07Z
2026-08-25T13:46:29Z,2026-08-25T15:46:29+0200,7478f083-450f-4443-a2c4-deeb0cfd0e29,2026-08-17T22:00:00Z,2026-08-18T00:00:00+0200,0.0,MW,PT,PT,forecast_solar_generation,Solar,2026-08-25T13:56:07Z
2026-08-25T13:46:29Z,2026-08-25T15:46:29+0200,7478f083-450f-4443-a2c4-deeb0cfd0e29,2026-08-17T23:00:00Z,2026-08-18T01:00:00+0200,1.2,MW,PT,PT,forecast_solar_generation,Solar,2026-08-25T13:56:07Z
2026-08-25T13:46:29Z,2026-08-25T15:46:29+0200,7478f083-450f-4443-a2c4-deeb0cfd0e29,2026-08-18T00:00:00Z,2026-08-18T02:00:00+0200,0.0,MW,PT,PT,forecast_solar_generation,Solar,2026-08-25T13:56:07Z
2026-08-25T13:46:29Z,2026-08-25T15:46:29+0200,7478f083-450f-4443-a2c4-deeb0cfd0e29,2026-08-18T01:00:00Z,2026-08-18T03:00:00+0200,0.0,MW,PT,PT,forecast_solar_generation,Solar,2026-08-25T13:56:07Z
2026-08-25T13:46:29Z,2026-08-25T15:46:29+0200,7478f083-450f-4443-a2c4-deeb0cfd0e29,2026-08-18T02:00:00Z,2026-08-18T04:00:00+0200,0.0,MW,PT,PT,forecast_solar_generation,Solar,2026-08-25T13:56:07Z
2026-08-25T13:46:29Z,2026-08-25T15:46:29+0200,7478f083-450f-4443-a2c4-deeb0cfd0e29,2026-08-18T03:00:00Z,2026-08-18T05:00:00+0200,0.0,MW,PT,PT,forecast_solar_generation,Solar,2026-08-25T13:56:07Z
2026-08-25T13:46:29Z,2026-08-25T15:46:29+0200,7478f083-450f-4443-a2c4-deeb0cfd0e29,2026-08-18T04:00:00Z,2026-08-18T06:00:00+0200,0.0,MW,PT,PT,forecast_solar_generation,Solar,2026-08-25T13:56:07Z
2026-08-25T13:46:29Z,2026-08-25T15:46:29+0200,7478f083-450f-4443-a2c4-deeb0cfd0e29,2026-08-18T05:00:00Z,2026-08-18T07:00:00+0200,0.0,MW,PT,PT,forecast_solar_generation,Solar,2026-08-25T13:56:07Z
2026-08-25T13:46:29Z,2026-08-25T15:46:29+0200,7478f083-450f-4443-a2c4-deeb0cfd0e29,2026-08-18T06:00:00Z,2026-08-18T08:00:00+0200,226.7,MW,PT,PT,forecast_solar_generation,Solar,2026-08-25T13:56:07Z
2026-08-25T13:46:29Z,2026-08-25T15:46:29+0200,7478f083-450f-4443-a2c4-deeb0cfd0e29,2026-08-18T07:00:00Z,2026-08-18T09:00:00+0200,933.1,MW,PT,PT,forecast_solar_generation,Solar,2026-08-25T13:56:07Z
2026-08-25T13:46:29Z,2026-08-25T15:46:29+0200,7478f083-450f-4443-a2c4-deeb0cfd0e29,2026-08-18T08:00:00Z,2026-08-18T10:00:00+0200,1898.7,MW,PT,PT,forecast_solar_generation,Solar,2026-08-25T13:56:07Z
2026-08-25T13:46:29Z,2026-08-25T15:46:29+0200,7478f083-450f-4443-a2c4-deeb0cfd0e29,2026-08-18T09:00:00Z,2026-08-18T11:00:00+0200,2482.8,MW,PT,PT,forecast_solar_generation,Solar,2026-08-25T13:56:07Z
2026-08-25T13:46:29Z,2026-08-25T15:46:29+0200,7478f083-450f-4443-a2c4-deeb0cfd0e29,2026-08-18T10:00:00Z,2026-08-18T12:00:00+0200,2899.3,MW,PT,PT,forecast_solar_generation,Solar,2026-08-25T13:56:07Z
2026-08-25T13:46:29Z,2026-08-25T15:46:29+0200,7478f083-450f-4443-a2c4-deeb0cfd0e29,2026-08-18T11:00:00Z,2026-08-18T13:00:00+0200,3131.8,MW,PT,PT,forecast_solar_generation,Solar,2026-08-25T13:56:07Z
2026-08-25T13:46:29Z,2026-08-25T15:46:29+0200,7478f083-450f-4443-a2c4-deeb0cfd0e29,2026-08-18T12:00:00Z,2026-08-18T14:00:00+0200,3184.2,MW,PT,PT,forecast_solar_generation,Solar,2026-08-25T13:56:07Z
2026-08-25T13:46:29Z,2026-08-25T15:46:29+0200,7478f083-450f-4443-a2c4-deeb0cfd0e29,2026-08-18T13:00:00Z,2026-08-18T15:00:00+0200,3291.5,MW,PT,PT,forecast_solar_generation,Solar,2026-08-25T13:56:07Z
2026-08-25T13:46:29Z,2026-08-25T15:46:29+0200,7478f083-450f-4443-a2c4-deeb0cfd0e29,2026-08-18T14:00:00Z,2026-08-18T16:00:00+0200,3116.4,MW,PT,PT,forecast_solar_generation,Solar,2026-08-25T13:56:07Z
2026-08-25T13:46:29Z,2026-08-25T15:46:29+0200,7478f083-450f-4443-a2c4-deeb0cfd0e29,2026-08-18T15:00:00Z,2026-08-18T17:00:00+0200,2639.7,MW,PT,PT,forecast_solar_generation,Solar,2026-08-25T13:56:07Z
2026-08-25T13:46:29Z,2026-08-25T15:46:29+0200,7478f083-450f-4443-a2c4-deeb0cfd0e29,2026-08-18T16:00:00Z,2026-08-18T18:00:00+0200,2045.9,MW,PT,PT,forecast_solar_generation,Solar,2026-08-25T13:56:07Z
2026-08-25T13:46:29Z,2026-08-25T15:46:29+0200,7478f083-450f-4443-a2c4-deeb0cfd0e29,2026-08-18T17:00:00Z,2026-08-18T19:00:00+0200,1276.9,MW,PT,PT,forecast_solar_generation,Solar,2026-08-25T13:56:07Z
2026-08-25T13:46:29Z,2026-08-25T15:46:29+0200,7478f083-450f-4443-a2c4-deeb0cfd0e29,2026-08-18T18:00:00Z,2026-08-18T20:00:00+0200,386.2,MW,PT,PT,forecast_solar_generation,Solar,2026-08-25T13:56:07Z
2026-08-25T13:46:29Z,2026-08-25T15:46:29+0200,7478f083-450f-4443-a2c4-deeb0cfd0e29,2026-08-18T19:00:00Z,2026-08-18T21:00:00+0200,11.0,MW,PT,PT,forecast_solar_generation,Solar,2026-08-25T13:56:07Z
2026-08-25T13:46:29Z,2026-08-25T15:46:29+0200,7478f083-450f-4443-a2c4-deeb0cfd0e29,2026-08-18T20:00:00Z,2026-08-18T22:00:00+0200,0.0,MW,PT,PT,forecast_solar_generation,Solar,2026-08-25T13:56:07Z
2026-08-25T13:46:29Z,2026-08-25T15:46:29+0200,7478f083-450f-4443-a2c4-deeb0cfd0e29,2026-08-18T21:00:00Z,2026-08-18T23:00:00+0200,0.0,MW,PT,PT,forecast_solar_generation,Solar,2026-08-25T13:56:07Z
2026-08-25T13:46:29Z,2026-08-25T15:46:29+0200,7478f083-450f-4443-a2c4-deeb0cfd0e29,2026-08-18T22:00:00Z,2026-08-19T00:00:00+0200,63.5,MW,PT,PT,forecast_solar_generation,Solar,2026-08-25T13:56:07Z
2026-08-25T13:46:29Z,2026-08-25T15:46:29+0200,7478f083-450f-4443-a2c4-deeb0cfd0e29,2026-08-18T23:00:00Z,2026-08-19T01:00:00+0200,18.7,MW,PT,PT,forecast_solar_generation,Solar,2026-08-25T13:56:07Z
2026-08-25T13:46:29Z,2026-08-25T15:46:29+0200,7478f083-450f-4443-a2c4-deeb0cfd0e29,2026-08-19T00:00:00Z,2026-08-19T02:00:00+0200,18.6,MW,PT,PT,forecast_solar_generation,Solar,2026-08-25T13:56:07Z
2026-08-25T13:46:29Z,2026-08-25T15:46:29+0200,7478f083-450f-4443-a2c4-deeb0cfd0e29,2026-08-19T01:00:00Z,2026-08-19T03:00:00+0200,18.5,MW,PT,PT,forecast_solar_generation,Solar,2026-08-25T13:56:07Z
2026-08-25T13:46:29Z,2026-08-25T15:46:29+0200,7478f083-450f-4443-a2c4-deeb0cfd0e29,2026-08-19T02:00:00Z,2026-08-19T04:00:00+0200,18.5,MW,PT,PT,forecast_solar_generation,Solar,2026-08-25T13:56:07Z
2026-08-25T13:46:29Z,2026-08-25T15:46:29+0200,7478f083-450f-4443-a2c4-deeb0cfd0e29,2026-08-19T03:00:00Z,2026-08-19T05:00:00+0200,18.5,MW,PT,PT,forecast_solar_generation,Solar,2026-08-25T13:56:07Z
2026-08-25T13:46:29Z,2026-08-25T15:46:29+0200,7478f083-450f-4443-a2c4-deeb0cfd0e29,2026-08-19T04:00:00Z,2026-08-19T06:00:00+0200,36.4,MW,PT,PT,forecast_solar_generation,Solar,2026-08-25T13:56:07Z
2026-08-25T13:46:29Z,2026-08-25T15:46:29+0200,7478f083-450f-4443-a2c4-deeb0cfd0e29,2026-08-19T05:00:00Z,2026-08-19T07:00:00+0200,123.8,MW,PT,PT,forecast_solar_generation,Solar,2026-08-25T13:56:07Z
2026-08-25T13:46:29Z,2026-08-25T15:46:29+0200,7478f083-450f-4443-a2c4-deeb0cfd0e29,2026-08-19T06:00:00Z,2026-08-19T08:00:00+0200,282.3,MW,PT,PT,forecast_solar_generation,Solar,2026-08-25T13:56:07Z
2026-08-25T13:46:29Z,2026-08-25T15:46:29+0200,7478f083-450f-4443-a2c4-deeb0cfd0e29,2026-08-19T07:00:00Z,2026-08-19T09:00:00+0200,919.7,MW,PT,PT,forecast_solar_generation,Solar,2026-08-25T13:56:07Z
2026-08-25T13:46:29Z,2026-08-25T15:46:29+0200,7478f083-450f-4443-a2c4-deeb0cfd0e29,2026-08-19T08:00:00Z,2026-08-19T10:00:00+0200,1734.9,MW,PT,PT,forecast_solar_generation,Solar,2026-08-25T13:56:07Z
2026-08-25T13:46:29Z,2026-08-25T15:46:29+0200,7478f083-450f-4443-a2c4-deeb0cfd0e29,2026-08-19T09:00:00Z,2026-08-19T11:00:00+0200,2439.5,MW,PT,PT,forecast_solar_generation,Solar,2026-08-25T13:56:07Z
2026-08-25T13:46:29Z,2026-08-25T15:46:29+0200,7478f083-450f-4443-a2c4-deeb0cfd0e29,2026-08-19T10:00:00Z,2026-08-19T12:00:00+0200,2826.2,MW,PT,PT,forecast_solar_generation,Solar,2026-08-25T13:56:07Z
2026-08-25T13:46:29Z,2026-08-25T15:46:29+0200,7478f083-450f-4443-a2c4-deeb0cfd0e29,2026-08-19T11:00:00Z,2026-08-19T13:00:00+0200,3001.2,MW,PT,PT,forecast_solar_generation,Solar,2026-08-25T13:56:07Z
2026-08-25T13:46:29Z,2026-08-25T15:46:29+0200,7478f083-450f-4443-a2c4-deeb0cfd0e29,2026-08-19T12:00:00Z,2026-08-19T14:00:00+0200,3034.3,MW,PT,PT,forecast_solar_generation,Solar,2026-08-25T13:56:07Z
2026-08-25T13:46:29Z,2026-08-25T15:46:29+0200,7478f083-450f-4443-a2c4-deeb0cfd0e29,2026-08-19T13:00:00Z,2026-08-19T15:00:00+0200,2902.7,MW,PT,PT,forecast_solar_generation,Solar,2026-08-25T13:56:07Z
2026-08-25T13:46:29Z,2026-08-25T15:46:29+0200,7478f083-450f-4443-a2c4-deeb0cfd0e29,2026-08-19T14:00:00Z,2026-08-19T16:00:00+0200,2767.7,MW,PT,PT,forecast_solar_generation,Solar,2026-08-25T13:56:07Z
2026-08-25T13:46:29Z,2026-08-25T15:46:29+0200,7478f083-450f-4443-a2c4-deeb0cfd0e29,2026-08-19T15:00:00Z,2026-08-19T17:00:00+0200,2445.7,MW,PT,PT,forecast_solar_generation,Solar,2026-08-25T13:56:07Z
2026-08-25T13:46:29Z,2026-08-25T15:46:29+0200,7478f083-450f-4443-a2c4-deeb0cfd0e29,2026-08-19T16:00:00Z,2026-08-19T18:00:00+0200,1921.9,MW,PT,PT,forecast_solar_generation,Solar,2026-08-25T13:56:07Z
2026-08-25T13:46:29Z,2026-08-25T15:46:29+0200,7478f083-450f-4443-a2c4-deeb0cfd0e29,2026-08-19T17:00:00Z,2026-08-19T19:00:00+0200,1253.8,MW,PT,PT,forecast_solar_generation,Solar,2026-08-25T13:56:07Z
2026-08-25T13:46:29Z,2026-08-25T15:46:29+0200,7478f083-450f-4443-a2c4-deeb0cfd0e29,2026-08-19T18:00:00Z,2026-08-19T20:00:00+0200,586.0,MW,PT,PT,forecast_solar_generation,Solar,2026-08-25T13:56:07Z
2026-08-25T13:46:29Z,2026-08-25T15:46:29+0200,7478f083-450f-4443-a2c4-deeb0cfd0e29,2026-08-19T19:00:00Z,2026-08-19T21:00:00+0200,192.3,MW,PT,PT,forecast_solar_generation,Solar,2026-08-25T13:56:07Z
2026-08-25T13:46:29Z,2026-08-25T15:46:29+0200,7478f083-450f-4443-a2c4-deeb0cfd0e29,2026-08-19T20:00:00Z,2026-08-19T22:00:00+0200,85.1,MW,PT,PT,forecast_solar_generation,Solar,2026-08-25T13:56:07Z
2026-08-25T13:46:29Z,2026-08-25T15:46:29+0200,7478f083-450f-4443-a2c4-deeb0cfd0e29,2026-08-19T21:00:00Z,2026-08-19T23:00:00+0200,57.0,MW,PT,PT,forecast_solar_generation,Solar,2026-08-25T13:56:07Z
2026-08-25T13:46:29Z,2026-08-25T15:46:29+0200,7478f083-450f-4443-a2c4-deeb0cfd0e29,2026-08-19T22:00:00Z,2026-08-20T00:00:00+0200,0.0,MW,PT,PT,forecast_solar_generation,Solar,2026-08-25T13:56:07Z
2026-08-25T13:46:29Z,2026-08-25T15:46:29+0200,7478f083-450f-4443-a2c4-deeb0cfd0e29,2026-08-19T23:00:00Z,2026-08-20T01:00:00+0200,0.0,MW,PT,PT,forecast_solar_generation,Solar,2026-08-25T13:56:07Z
2026-08-25T13:46:29Z,2026-08-25T15:46:29+0200,7478f083-450f-4443-a2c4-deeb0cfd0e29,2026-08-20T00:00:00Z,2026-08-20T02:00:00+0200,2.5,MW,PT,PT,forecast_solar_generation,Solar,2026-08-25T13:56:07Z
2026-08-25T13:46:29Z,2026-08-25T15:46:29+0200,7478f083-450f-4443-a2c4-deeb0cfd0e29,2026-08-20T01:00:00Z,2026-08-20T03:00:00+0200,0.0,MW,PT,PT,forecast_solar_generation,Solar,2026-08-25T13:56:07Z
2026-08-25T13:46:29Z,2026-08-25T15:46:29+0200,7478f083-450f-4443-a2c4-deeb0cfd0e29,2026-08-20T02:00:00Z,2026-08-20T04:00:00+0200,0.0,MW,PT,PT,forecast_solar_generation,Solar,2026-08-25T13:56:07Z
2026-08-25T13:46:29Z,2026-08-25T15:46:29+0200,7478f083-450f-4443-a2c4-deeb0cfd0e29,2026-08-20T03:00:00Z,2026-08-20T05:00:00+0200,0.0,MW,PT,PT,forecast_solar_generation,Solar,2026-08-25T13:56:07Z
2026-08-25T13:46:29Z,2026-08-25T15:46:29+0200,7478f083-450f-4443-a2c4-deeb0cfd0e29,2026-08-20T04:00:00Z,2026-08-20T06:00:00+0200,0.0,MW,PT,PT,forecast_solar_generation,Solar,2026-08-25T13:56:07Z
2026-08-25T13:46:29Z,2026-08-25T15:46:29+0200,7478f083-450f-4443-a2c4-deeb0cfd0e29,2026-08-20T05:00:00Z,2026-08-20T07:00:00+0200,0.0,MW,PT,PT,forecast_solar_generation,Solar,2026-08-25T13:56:07Z
2026-08-25T13:46:29Z,2026-08-25T15:46:29+0200,7478f083-450f-4443-a2c4-deeb0cfd0e29,2026-08-20T06:00:00Z,2026-08-20T08:00:00+0200,165.0,MW,PT,PT,forecast_solar_generation,Solar,2026-08-25T13:56:07Z
2026-08-25T13:46:29Z,2026-08-25T15:46:29+0200,7478f083-450f-4443-a2c4-deeb0cfd0e29,2026-08-20T07:00:00Z,2026-08-20T09:00:00+0200,754.7,MW,PT,PT,forecast_solar_generation,Solar,2026-08-25T13:56:07Z
2026-08-25T13:46:29Z,2026-08-25T15:46:29+0200,7478f083-450f-4443-a2c4-deeb0cfd0e29,2026-08-20T08:00:00Z,2026-08-20T10:00:00+0200,1482.6,MW,PT,PT,forecast_solar_generation,Solar,2026-08-25T13:56:07Z
2026-08-25T13:46:29Z,2026-08-25T15:46:29+0200,7478f083-450f-4443-a2c4-deeb0cfd0e29,2026-08-20T09:00:00Z,2026-08-20T11:00:00+0200,2009.7,MW,PT,PT,forecast_solar_generation,Solar,2026-08-25T13:56:07Z
2026-08-25T13:46:29Z,2026-08-25T15:46:29+0200,7478f083-450f-4443-a2c4-deeb0cfd0e29,2026-08-20T10:00:00Z,2026-08-20T12:00:00+0200,2331.0,MW,PT,PT,forecast_solar_generation,Solar,2026-08-25T13:56:07Z
2026-08-25T13:46:29Z,2026-08-25T15:46:29+0200,7478f083-450f-4443-a2c4-deeb0cfd0e29,2026-08-20T11:00:00Z,2026-08-20T13:00:00+0200,2500.3,MW,PT,PT,forecast_solar_generation,Solar,2026-08-25T13:56:07Z
2026-08-25T13:46:29Z,2026-08-25T15:46:29+0200,7478f083-450f-4443-a2c4-deeb0cfd0e29,2026-08-20T12:00:00Z,2026-08-20T14:00:00+0200,2592.6,MW,PT,PT,forecast_solar_generation,Solar,2026-08-25T13:56:07Z
2026-08-25T13:46:29Z,2026-08-25T15:46:29+0200,7478f083-450f-4443-a2c4-deeb0cfd0e29,2026-08-20T13:00:00Z,2026-08-20T15:00:00+0200,2595.9,MW,PT,PT,forecast_solar_generation,Solar,2026-08-25T13:56:07Z
2026-08-25T13:46:29Z,2026-08-25T15:46:29+0200,7478f083-450f-4443-a2c4-deeb0cfd0e29,2026-08-20T14:00:00Z,2026-08-20T16:00:00+0200,2504.1,MW,PT,PT,forecast_solar_generation,Solar,2026-08-25T13:56:07Z
2026-08-25T13:46:29Z,2026-08-25T15:46:29+0200,7478f083-450f-4443-a2c4-deeb0cfd0e29,2026-08-20T15:00:00Z,2026-08-20T17:00:00+0200,2280.0,MW,PT,PT,forecast_solar_generation,Solar,2026-08-25T13:56:07Z
2026-08-25T13:46:29Z,2026-08-25T15:46:29+0200,7478f083-450f-4443-a2c4-deeb0cfd0e29,2026-08-20T16:00:00Z,2026-08-20T18:00:00+0200,1824.9,MW,PT,PT,forecast_solar_generation,Solar,2026-08-25T13:56:07Z
2026-08-25T13:46:29Z,2026-08-25T15:46:29+0200,7478f083-450f-4443-a2c4-deeb0cfd0e29,2026-08-20T17:00:00Z,2026-08-20T19:00:00+0200,1111.9,MW,PT,PT,forecast_solar_generation,Solar,2026-08-25T13:56:07Z
2026-08-25T13:46:29Z,2026-08-25T15:46:29+0200,7478f083-450f-4443-a2c4-deeb0cfd0e29,2026-08-20T18:00:00Z,2026-08-20T20:00:00+0200,338.4,MW,PT,PT,forecast_solar_generation,Solar,2026-08-25T13:56:07Z
2026-08-25T13:46:29Z,2026-08-25T15:46:29+0200,7478f083-450f-4443-a2c4-deeb0cfd0e29,2026-08-20T19:00:00Z,2026-08-20T21:00:00+0200,0.1,MW,PT,PT,forecast_solar_generation,Solar,2026-08-25T13:56:07Z
2026-08-25T13:46:29Z,2026-08-25T15:46:29+0200,7478f083-450f-4443-a2c4-deeb0cfd0e29,2026-08-20T20:00:00Z,2026-08-20T22:00:00+0200,0.0,MW,PT,PT,forecast_solar_generation,Solar,2026-08-25T13:56:07Z
2026-08-25T13:46:29Z,2026-08-25T15:46:29+0200,7478f083-450f-4443-a2c4-deeb0cfd0e29,2026-08-20T21:00:00Z,2026-08-20T23:00:00+0200,0.0,MW,PT,PT,forecast_solar_generation,Solar,2026-08-25T13:56:07Z
2026-08-25T13:46:29Z,2026-08-25T15:46:29+0200,7478f083-450f-4443-a2c4-deeb0cfd0e29,2026-08-20T22:00:00Z,2026-08-21T00:00:00+0200,0.0,MW,PT,PT,forecast_solar_generation,Solar,2026-08-25T13:56:07Z
2026-08-25T13:46:29Z,2026-08-25T15:46:29+0200,7478f083-450f-4443-a2c4-deeb0cfd0e29,2026-08-20T23:00:00Z,2026-08-21T01:00:00+0200,0.0,MW,PT,PT,forecast_solar_generation,Solar,2026-08-25T13:56:07Z
2026-08-25T13:46:29Z,2026-08-25T15:46:29+0200,7478f083-450f-4443-a2c4-deeb0cfd0e29,2026-08-21T00:00:00Z,2026-08-21T02:00:00+0200,0.0,MW,PT,PT,forecast_solar_generation,Solar,2026-08-25T13:56:07Z
2026-08-25T13:46:29Z,2026-08-25T15:46:29+0200,7478f083-450f-4443-a2c4-deeb0cfd0e29,2026-08-21T01:00:00Z,2026-08-21T03:00:00+0200,0.0,MW,PT,PT,forecast_solar_generation,Solar,2026-08-25T13:56:07Z
2026-08-25T13:46:29Z,2026-08-25T15:46:29+0200,7478f083-450f-4443-a2c4-deeb0cfd0e29,2026-08-21T02:00:00Z,2026-08-21T04:00:00+0200,0.0,MW,PT,PT,forecast_solar_generation,Solar,2026-08-25T13:56:07Z
2026-08-25T13:46:29Z,2026-08-25T15:46:29+0200,7478f083-450f-4443-a2c4-deeb0cfd0e29,2026-08-21T03:00:00Z,2026-08-21T05:00:00+0200,0.0,MW,PT,PT,forecast_solar_generation,Solar,2026-08-25T13:56:07Z
2026-08-25T13:46:29Z,2026-08-25T15:46:29+0200,7478f083-450f-4443-a2c4-deeb0cfd0e29,2026-08-21T04:00:00Z,2026-08-21T06:00:00+0200,0.0,MW,PT,PT,forecast_solar_generation,Solar,2026-08-25T13:56:07Z
2026-08-25T13:46:29Z,2026-08-25T15:46:29+0200,7478f083-450f-4443-a2c4-deeb0cfd0e29,2026-08-21T05:00:00Z,2026-08-21T07:00:00+0200,0.0,MW,PT,PT,forecast_solar_generation,Solar,2026-08-25T13:56:07Z
2026-08-25T13:46:29Z,2026-08-25T15:46:29+0200,7478f083-450f-4443-a2c4-deeb0cfd0e29,2026-08-21T06:00:00Z,2026-08-21T08:00:00+0200,193.1,MW,PT,PT,forecast_solar_generation,Solar,2026-08-25T13:56:07Z
2026-08-25T13:46:29Z,2026-08-25T15:46:29+0200,7478f083-450f-4443-a2c4-deeb0cfd0e29,2026-08-21T07:00:00Z,2026-08-21T09:00:00+0200,995.2,MW,PT,PT,forecast_solar_generation,Solar,2026-08-25T13:56:07Z
2026-08-25T13:46:29Z,2026-08-25T15:46:29+0200,7478f083-450f-4443-a2c4-deeb0cfd0e29,2026-08-21T08:00:00Z,2026-08-21T10:00:00+0200,1993.8,MW,PT,PT,forecast_solar_generation,Solar,2026-08-25T13:56:07Z
2026-08-25T13:46:29Z,2026-08-25T15:46:29+0200,7478f083-450f-4443-a2c4-deeb0cfd0e29,2026-08-21T09:00:00Z,2026-08-21T11:00:00+0200,2643.5,MW,PT,PT,forecast_solar_generation,Solar,2026-08-25T13:56:07Z
2026-08-25T13:46:29Z,2026-08-25T15:46:29+0200,7478f083-450f-4443-a2c4-deeb0cfd0e29,2026-08-21T10:00:00Z,2026-08-21T12:00:00+0200,3078.5,MW,PT,PT,forecast_solar_generation,Solar,2026-08-25T13:56:07Z
2026-08-25T13:46:29Z,2026-08-25T15:46:29+0200,7478f083-450f-4443-a2c4-deeb0cfd0e29,2026-08-21T11:00:00Z,2026-08-21T13:00:00+0200,3243.3,MW,PT,PT,forecast_solar_generation,Solar,2026-08-25T13:56:07Z
2026-08-25T13:46:29Z,2026-08-25T15:46:29+0200,7478f083-450f-4443-a2c4-deeb0cfd0e29,2026-08-21T12:00:00Z,2026-08-21T14:00:00+0200,3310.1,MW,PT,PT,forecast_solar_generation,Solar,2026-08-25T13:56:07Z
2026-08-25T13:46:29Z,2026-08-25T15:46:29+0200,7478f083-450f-4443-a2c4-deeb0cfd0e29,2026-08-21T13:00:00Z,2026-08-21T15:00:00+0200,3283.5,MW,PT,PT,forecast_solar_generation,Solar,2026-08-25T13:56:07Z
2026-08-25T13:46:29Z,2026-08-25T15:46:29+0200,7478f083-450f-4443-a2c4-deeb0cfd0e29,2026-08-21T14:00:00Z,2026-08-21T16:00:00+0200,3165.9,MW,PT,PT,forecast_solar_generation,Solar,2026-08-25T13:56:07Z
2026-08-25T13:46:29Z,2026-08-25T15:46:29+0200,7478f083-450f-4443-a2c4-deeb0cfd0e29,2026-08-21T15:00:00Z,2026-08-21T17:00:00+0200,2904.0,MW,PT,PT,forecast_solar_generation,Solar,2026-08-25T13:56:07Z
2026-08-25T13:46:29Z,2026-08-25T15:46:29+0200,7478f083-450f-4443-a2c4-deeb0cfd0e29,2026-08-21T16:00:00Z,2026-08-21T18:00:00+0200,2283.4,MW,PT,PT,forecast_solar_generation,Solar,2026-08-25T13:56:07Z
2026-08-25T13:46:29Z,2026-08-25T15:46:29+0200,7478f083-450f-4443-a2c4-deeb0cfd0e29,2026-08-21T17:00:00Z,2026-08-21T19:00:00+0200,1344.6,MW,PT,PT,forecast_solar_generation,Solar,2026-08-25T13:56:07Z
2026-08-25T13:46:29Z,2026-08-25T15:46:29+0200,7478f083-450f-4443-a2c4-deeb0cfd0e29,2026-08-21T18:00:00Z,2026-08-21T20:00:00+0200,378.5,MW,PT,PT,forecast_solar_generation,Solar,2026-08-25T13:56:07Z
2026-08-25T13:46:29Z,2026-08-25T15:46:29+0200,7478f083-450f-4443-a2c4-deeb0cfd0e29,2026-08-21T19:00:00Z,2026-08-21T21:00:00+0200,0.1,MW,PT,PT,forecast_solar_generation,Solar,2026-08-25T13:56:07Z
2026-08-25T13:46:29Z,2026-08-25T15:46:29+0200,7478f083-450f-4443-a2c4-deeb0cfd0e29,2026-08-21T20:00:00Z,2026-08-21T22:00:00+0200,0.0,MW,PT,PT,forecast_solar_generation,Solar,2026-08-25T13:56:07Z
2026-08-25T13:46:29Z,2026-08-25T15:46:29+0200,7478f083-450f-4443-a2c4-deeb0cfd0e29,2026-08-21T21:00:00Z,2026-08-21T23:00:00+0200,0.0,MW,PT,PT,forecast_solar_generation,Solar,2026-08-25T13:56:07Z
2026-08-25T13:46:29Z,2026-08-25T15:46:29+0200,7478f083-450f-4443-a2c4-deeb0cfd0e29,2026-08-21T22:00:00Z,2026-08-22T00:00:00+0200,0.5,MW,PT,PT,forecast_solar_generation,Solar,2026-08-25T13:56:07Z
2026-08-25T13:46:29Z,2026-08-25T15:46:29+0200,7478f083-450f-4443-a2c4-deeb0cfd0e29,2026-08-21T23:00:00Z,2026-08-22T01:00:00+0200,0.0,MW,PT,PT,forecast_solar_generation,Solar,2026-08-25T13:56:07Z
2026-08-25T13:46:29Z,2026-08-25T15:46:29+0200,7478f083-450f-4443-a2c4-deeb0cfd0e29,2026-08-22T00:00:00Z,2026-08-22T02:00:00+0200,0.0,MW,PT,PT,forecast_solar_generation,Solar,2026-08-25T13:56:07Z
2026-08-25T13:46:29Z,2026-08-25T15:46:29+0200,7478f083-450f-4443-a2c4-deeb0cfd0e29,2026-08-22T01:00:00Z,2026-08-22T03:00:00+0200,0.0,MW,PT,PT,forecast_solar_generation,Solar,2026-08-25T13:56:07Z
2026-08-25T13:46:29Z,2026-08-25T15:46:29+0200,7478f083-450f-4443-a2c4-deeb0cfd0e29,2026-08-22T02:00:00Z,2026-08-22T04:00:00+0200,0.0,MW,PT,PT,forecast_solar_generation,Solar,2026-08-25T13:56:07Z
2026-08-25T13:46:29Z,2026-08-25T15:46:29+0200,7478f083-450f-4443-a2c4-deeb0cfd0e29,2026-08-22T03:00:00Z,2026-08-22T05:00:00+0200,0.0,MW,PT,PT,forecast_solar_generation,Solar,2026-08-25T13:56:07Z
2026-08-25T13:46:29Z,2026-08-25T15:46:29+0200,7478f083-450f-4443-a2c4-deeb0cfd0e29,2026-08-22T04:00:00Z,2026-08-22T06:00:00+0200,0.0,MW,PT,PT,forecast_solar_generation,Solar,2026-08-25T13:56:07Z
2026-08-25T13:46:29Z,2026-08-25T15:46:29+0200,7478f083-450f-4443-a2c4-deeb0cfd0e29,2026-08-22T05:00:00Z,2026-08-22T07:00:00+0200,0.0,MW,PT,PT,forecast_solar_generation,Solar,2026-08-25T13:56:07Z
2026-08-25T13:46:29Z,2026-08-25T15:46:29+0200,7478f083-450f-4443-a2c4-deeb0cfd0e29,2026-08-22T06:00:00Z,2026-08-22T08:00:00+0200,190.3,MW,PT,PT,forecast_solar_generation,Solar,2026-08-25T13:56:07Z
2026-08-25T13:46:29Z,2026-08-25T15:46:29+0200,7478f083-450f-4443-a2c4-deeb0cfd0e29,2026-08-22T07:00:00Z,2026-08-22T09:00:00+0200,1033.3,MW,PT,PT,forecast_solar_generation,Solar,2026-08-25T13:56:07Z
2026-08-25T13:46:29Z,2026-08-25T15:46:29+0200,7478f083-450f-4443-a2c4-deeb0cfd0e29,2026-08-22T08:00:00Z,2026-08-22T10:00:00+0200,1734.9,MW,PT,PT,forecast_solar_generation,Solar,2026-08-25T13:56:07Z
2026-08-25T13:46:29Z,2026-08-25T15:46:29+0200,7478f083-450f-4443-a2c4-deeb0cfd0e29,2026-08-22T09:00:00Z,2026-08-22T11:00:00+0200,2084.6,MW,PT,PT,forecast_solar_generation,Solar,2026-08-25T13:56:07Z
2026-08-25T13:46:29Z,2026-08-25T15:46:29+0200,7478f083-450f-4443-a2c4-deeb0cfd0e29,2026-08-22T10:00:00Z,2026-08-22T12:00:00+0200,2425.5,MW,PT,PT,forecast_solar_generation,Solar,2026-08-25T13:56:07Z
2026-08-25T13:46:29Z,2026-08-25T15:46:29+0200,7478f083-450f-4443-a2c4-deeb0cfd0e29,2026-08-22T11:00:00Z,2026-08-22T13:00:00+0200,2631.6,MW,PT,PT,forecast_solar_generation,Solar,2026-08-25T13:56:07Z
2026-08-25T13:46:29Z,2026-08-25T15:46:29+0200,7478f083-450f-4443-a2c4-deeb0cfd0e29,2026-08-22T12:00:00Z,2026-08-22T14:00:00+0200,2666.1,MW,PT,PT,forecast_solar_generation,Solar,2026-08-25T13:56:07Z
2026-08-25T13:46:29Z,2026-08-25T15:46:29+0200,7478f083-450f-4443-a2c4-deeb0cfd0e29,2026-08-22T13:00:00Z,2026-08-22T15:00:00+0200,2551.2,MW,PT,PT,forecast_solar_generation,Solar,2026-08-25T13:56:07Z
2026-08-25T13:46:29Z,2026-08-25T15:46:29+0200,7478f083-450f-4443-a2c4-deeb0cfd0e29,2026-08-22T14:00:00Z,2026-08-22T16:00:00+0200,2373.9,MW,PT,PT,forecast_solar_generation,Solar,2026-08-25T13:56:07Z
2026-08-25T13:46:29Z,2026-08-25T15:46:29+0200,7478f083-450f-4443-a2c4-deeb0cfd0e29,2026-08-22T15:00:00Z,2026-08-22T17:00:00+0200,2202.0,MW,PT,PT,forecast_solar_generation,Solar,2026-08-25T13:56:07Z
2026-08-25T13:46:29Z,2026-08-25T15:46:29+0200,7478f083-450f-4443-a2c4-deeb0cfd0e29,2026-08-22T16:00:00Z,2026-08-22T18:00:00+0200,2016.2,MW,PT,PT,forecast_solar_generation,Solar,2026-08-25T13:56:07Z
2026-08-25T13:46:29Z,2026-08-25T15:46:29+0200,7478f083-450f-4443-a2c4-deeb0cfd0e29,2026-08-22T17:00:00Z,2026-08-22T19:00:00+0200,1186.2,MW,PT,PT,forecast_solar_generation,Solar,2026-08-25T13:56:07Z
2026-08-25T13:46:29Z,2026-08-25T15:46:29+0200,7478f083-450f-4443-a2c4-deeb0cfd0e29,2026-08-22T18:00:00Z,2026-08-22T20:00:00+0200,327.0,MW,PT,PT,forecast_solar_generation,Solar,2026-08-25T13:56:07Z
2026-08-25T13:46:29Z,2026-08-25T15:46:29+0200,7478f083-450f-4443-a2c4-deeb0cfd0e29,2026-08-22T19:00:00Z,2026-08-22T21:00:00+0200,0.1,MW,PT,PT,forecast_solar_generation,Solar,2026-08-25T13:56:07Z
2026-08-25T13:46:29Z,2026-08-25T15:46:29+0200,7478f083-450f-4443-a2c4-deeb0cfd0e29,2026-08-22T20:00:00Z,2026-08-22T22:00:00+0200,0.0,MW,PT,PT,forecast_solar_generation,Solar,2026-08-25T13:56:07Z
2026-08-25T13:46:29Z,2026-08-25T15:46:29+0200,7478f083-450f-4443-a2c4-deeb0cfd0e29,2026-08-22T21:00:00Z,2026-08-22T23:00:00+0200,0.0,MW,PT,PT,forecast_solar_generation,Solar,2026-08-25T13:56:07Z
2026-08-25T13:46:29Z,2026-08-25T15:46:29+0200,7478f083-450f-4443-a2c4-deeb0cfd0e29,2026-08-22T22:00:00Z,2026-08-23T00:00:00+0200,0.0,MW,PT,PT,forecast_solar_generation,Solar,2026-08-25T13:56:07Z
2026-08-25T13:46:29Z,2026-08-25T15:46:29+0200,7478f083-450f-4443-a2c4-deeb0cfd0e29,2026-08-22T23:00:00Z,2026-08-23T01:00:00+0200,0.0,MW,PT,PT,forecast_solar_generation,Solar,2026-08-25T13:56:07Z
2026-08-25T13:46:29Z,2026-08-25T15:46:29+0200,7478f083-450f-4443-a2c4-deeb0cfd0e29,2026-08-23T00:00:00Z,2026-08-23T02:00:00+0200,0.0,MW,PT,PT,forecast_solar_generation,Solar,2026-08-25T13:56:07Z
2026-08-25T13:46:29Z,2026-08-25T15:46:29+0200,7478f083-450f-4443-a2c4-deeb0cfd0e29,2026-08-23T01:00:00Z,2026-08-23T03:00:00+0200,0.0,MW,PT,PT,forecast_solar_generation,Solar,2026-08-25T13:56:07Z
2026-08-25T13:46:29Z,2026-08-25T15:46:29+0200,7478f083-450f-4443-a2c4-deeb0cfd0e29,2026-08-23T02:00:00Z,2026-08-23T04:00:00+0200,0.0,MW,PT,PT,forecast_solar_generation,Solar,2026-08-25T13:56:07Z
2026-08-25T13:46:29Z,2026-08-25T15:46:29+0200,7478f083-450f-4443-a2c4-deeb0cfd0e29,2026-08-23T03:00:00Z,2026-08-23T05:00:00+0200,0.0,MW,PT,PT,forecast_solar_generation,Solar,2026-08-25T13:56:07Z
2026-08-25T13:46:29Z,2026-08-25T15:46:29+0200,7478f083-450f-4443-a2c4-deeb0cfd0e29,2026-08-23T04:00:00Z,2026-08-23T06:00:00+0200,0.0,MW,PT,PT,forecast_solar_generation,Solar,2026-08-25T13:56:07Z
2026-08-25T13:46:29Z,2026-08-25T15:46:29+0200,7478f083-450f-4443-a2c4-deeb0cfd0e29,2026-08-23T05:00:00Z,2026-08-23T07:00:00+0200,0.0,MW,PT,PT,forecast_solar_generation,Solar,2026-08-25T13:56:07Z
2026-08-25T13:46:29Z,2026-08-25T15:46:29+0200,7478f083-450f-4443-a2c4-deeb0cfd0e29,2026-08-23T06:00:00Z,2026-08-23T08:00:00+0200,154.9,MW,PT,PT,forecast_solar_generation,Solar,2026-08-25T13:56:07Z
2026-08-25T13:46:29Z,2026-08-25T15:46:29+0200,7478f083-450f-4443-a2c4-deeb0cfd0e29,2026-08-23T07:00:00Z,2026-08-23T09:00:00+0200,646.4,MW,PT,PT,forecast_solar_generation,Solar,2026-08-25T13:56:07Z
2026-08-25T13:46:29Z,2026-08-25T15:46:29+0200,7478f083-450f-4443-a2c4-deeb0cfd0e29,2026-08-23T08:00:00Z,2026-08-23T10:00:00+0200,1093.7,MW,PT,PT,forecast_solar_generation,Solar,2026-08-25T13:56:07Z
2026-08-25T13:46:29Z,2026-08-25T15:46:29+0200,7478f083-450f-4443-a2c4-deeb0cfd0e29,2026-08-23T09:00:00Z,2026-08-23T11:00:00+0200,1424.4,MW,PT,PT,forecast_solar_generation,Solar,2026-08-25T13:56:07Z
2026-08-25T13:46:29Z,2026-08-25T15:46:29+0200,7478f083-450f-4443-a2c4-deeb0cfd0e29,2026-08-23T10:00:00Z,2026-08-23T12:00:00+0200,1489.7,MW,PT,PT,forecast_solar_generation,Solar,2026-08-25T13:56:07Z
2026-08-25T13:46:29Z,2026-08-25T15:46:29+0200,7478f083-450f-4443-a2c4-deeb0cfd0e29,2026-08-23T11:00:00Z,2026-08-23T13:00:00+0200,1532.0,MW,PT,PT,forecast_solar_generation,Solar,2026-08-25T13:56:07Z
2026-08-25T13:46:29Z,2026-08-25T15:46:29+0200,7478f083-450f-4443-a2c4-deeb0cfd0e29,2026-08-23T12:00:00Z,2026-08-23T14:00:00+0200,1615.3,MW,PT,PT,forecast_solar_generation,Solar,2026-08-25T13:56:07Z
2026-08-25T13:46:29Z,2026-08-25T15:46:29+0200,7478f083-450f-4443-a2c4-deeb0cfd0e29,2026-08-23T13:00:00Z,2026-08-23T15:00:00+0200,1735.1,MW,PT,PT,forecast_solar_generation,Solar,2026-08-25T13:56:07Z
2026-08-25T13:46:29Z,2026-08-25T15:46:29+0200,7478f083-450f-4443-a2c4-deeb0cfd0e29,2026-08-23T14:00:00Z,2026-08-23T16:00:00+0200,1586.8,MW,PT,PT,forecast_solar_generation,Solar,2026-08-25T13:56:07Z
2026-08-25T13:46:29Z,2026-08-25T15:46:29+0200,7478f083-450f-4443-a2c4-deeb0cfd0e29,2026-08-23T15:00:00Z,2026-08-23T17:00:00+0200,1372.4,MW,PT,PT,forecast_solar_generation,Solar,2026-08-25T13:56:07Z
2026-08-25T13:46:29Z,2026-08-25T15:46:29+0200,7478f083-450f-4443-a2c4-deeb0cfd0e29,2026-08-23T16:00:00Z,2026-08-23T18:00:00+0200,1139.2,MW,PT,PT,forecast_solar_generation,Solar,2026-08-25T13:56:07Z
2026-08-25T13:46:29Z,2026-08-25T15:46:29+0200,7478f083-450f-4443-a2c4-deeb0cfd0e29,2026-08-23T17:00:00Z,2026-08-23T19:00:00+0200,710.0,MW,PT,PT,forecast_solar_generation,Solar,2026-08-25T13:56:07Z
2026-08-25T13:46:29Z,2026-08-25T15:46:29+0200,7478f083-450f-4443-a2c4-deeb0cfd0e29,2026-08-23T18:00:00Z,2026-08-23T20:00:00+0200,179.5,MW,PT,PT,forecast_solar_generation,Solar,2026-08-25T13:56:07Z
2026-08-25T13:46:29Z,2026-08-25T15:46:29+0200,7478f083-450f-4443-a2c4-deeb0cfd0e29,2026-08-23T19:00:00Z,2026-08-23T21:00:00+0200,0.0,MW,PT,PT,forecast_solar_generation,Solar,2026-08-25T13:56:07Z
2026-08-25T13:46:29Z,2026-08-25T15:46:29+0200,7478f083-450f-4443-a2c4-deeb0cfd0e29,2026-08-23T20:00:00Z,2026-08-23T22:00:00+0200,0.0,MW,PT,PT,forecast_solar_generation,Solar,2026-08-25T13:56:07Z
2026-08-25T13:46:29Z,2026-08-25T15:46:29+0200,7478f083-450f-4443-a2c4-deeb0cfd0e29,2026-08-23T21:00:00Z,2026-08-23T23:00:00+0200,0.0,MW,PT,PT,forecast_solar_generation,Solar,2026-08-25T13:56:07Z
2026-08-25T13:46:29Z,2026-08-25T15:46:29+0200,7478f083-450f-4443-a2c4-deeb0cfd0e29,2026-08-23T22:00:00Z,2026-08-24T00:00:00+0200,0.0,MW,PT,PT,forecast_solar_generation,Solar,2026-08-25T13:56:07Z
2026-08-25T13:46:29Z,2026-08-25T15:46:29+0200,7478f083-450f-4443-a2c4-deeb0cfd0e29,2026-08-23T23:00:00Z,2026-08-24T01:00:00+0200,0.0,MW,PT,PT,forecast_solar_generation,Solar,2026-08-25T13:56:07Z
2026-08-25T13:46:29Z,2026-08-25T15:46:29+0200,7478f083-450f-4443-a2c4-deeb0cfd0e29,2026-08-24T00:00:00Z,2026-08-24T02:00:00+0200,0.0,MW,PT,PT,forecast_solar_generation,Solar,2026-08-25T13:56:07Z
2026-08-25T13:46:29Z,2026-08-25T15:46:29+0200,7478f083-450f-4443-a2c4-deeb0cfd0e29,2026-08-24T01:00:00Z,2026-08-24T03:00:00+0200,0.0,MW,PT,PT,forecast_solar_generation,Solar,2026-08-25T13:56:07Z
2026-08-25T13:46:29Z,2026-08-25T15:46:29+0200,7478f083-450f-4443-a2c4-deeb0cfd0e29,2026-08-24T02:00:00Z,2026-08-24T04:00:00+0200,0.0,MW,PT,PT,forecast_solar_generation,Solar,2026-08-25T13:56:07Z
2026-08-25T13:46:29Z,2026-08-25T15:46:29+0200,7478f083-450f-4443-a2c4-deeb0cfd0e29,2026-08-24T03:00:00Z,2026-08-24T05:00:00+0200,0.0,MW,PT,PT,forecast_solar_generation,Solar,2026-08-25T13:56:07Z
2026-08-25T13:46:29Z,2026-08-25T15:46:29+0200,7478f083-450f-4443-a2c4-deeb0cfd0e29,2026-08-24T04:00:00Z,2026-08-24T06:00:00+0200,0.0,MW,PT,PT,forecast_solar_generation,Solar,2026-08-25T13:56:07Z
2026-08-25T13:46:29Z,2026-08-25T15:46:29+0200,7478f083-450f-4443-a2c4-deeb0cfd0e29,2026-08-24T05:00:00Z,2026-08-24T07:00:00+0200,0.0,MW,PT,PT,forecast_solar_generation,Solar,2026-08-25T13:56:07Z
2026-08-25T13:46:29Z,2026-08-25T15:46:29+0200,7478f083-450f-4443-a2c4-deeb0cfd0e29,2026-08-24T06:00:00Z,2026-08-24T08:00:00+0200,103.2,MW,PT,PT,forecast_solar_generation,Solar,2026-08-25T13:56:07Z
2026-08-25T13:46:29Z,2026-08-25T15:46:29+0200,7478f083-450f-4443-a2c4-deeb0cfd0e29,2026-08-24T07:00:00Z,2026-08-24T09:00:00+0200,597.0,MW,PT,PT,forecast_solar_generation,Solar,2026-08-25T13:56:07Z
2026-08-25T13:46:29Z,2026-08-25T15:46:29+0200,7478f083-450f-4443-a2c4-deeb0cfd0e29,2026-08-24T08:00:00Z,2026-08-24T10:00:00+0200,1117.0,MW,PT,PT,forecast_solar_generation,Solar,2026-08-25T13:56:07Z
2026-08-25T13:46:29Z,2026-08-25T15:46:29+0200,7478f083-450f-4443-a2c4-deeb0cfd0e29,2026-08-24T09:00:00Z,2026-08-24T11:00:00+0200,1508.5,MW,PT,PT,forecast_solar_generation,Solar,2026-08-25T13:56:07Z
2026-08-25T13:46:29Z,2026-08-25T15:46:29+0200,7478f083-450f-4443-a2c4-deeb0cfd0e29,2026-08-24T10:00:00Z,2026-08-24T12:00:00+0200,1719.6,MW,PT,PT,forecast_solar_generation,Solar,2026-08-25T13:56:07Z
2026-08-25T13:46:29Z,2026-08-25T15:46:29+0200,7478f083-450f-4443-a2c4-deeb0cfd0e29,2026-08-24T11:00:00Z,2026-08-24T13:00:00+0200,1779.0,MW,PT,PT,forecast_solar_generation,Solar,2026-08-25T13:56:07Z
2026-08-25T13:46:29Z,2026-08-25T15:46:29+0200,7478f083-450f-4443-a2c4-deeb0cfd0e29,2026-08-24T12:00:00Z,2026-08-24T14:00:00+0200,1886.5,MW,PT,PT,forecast_solar_generation,Solar,2026-08-25T13:56:07Z
2026-08-25T13:46:29Z,2026-08-25T15:46:29+0200,7478f083-450f-4443-a2c4-deeb0cfd0e29,2026-08-24T13:00:00Z,2026-08-24T15:00:00+0200,1727.6,MW,PT,PT,forecast_solar_generation,Solar,2026-08-25T13:56:07Z
2026-08-25T13:46:29Z,2026-08-25T15:46:29+0200,7478f083-450f-4443-a2c4-deeb0cfd0e29,2026-08-24T14:00:00Z,2026-08-24T16:00:00+0200,1692.4,MW,PT,PT,forecast_solar_generation,Solar,2026-08-25T13:56:07Z
2026-08-25T13:46:29Z,2026-08-25T15:46:29+0200,7478f083-450f-4443-a2c4-deeb0cfd0e29,2026-08-24T15:00:00Z,2026-08-24T17:00:00+0200,1765.5,MW,PT,PT,forecast_solar_generation,Solar,2026-08-25T13:56:07Z
2026-08-25T13:46:29Z,2026-08-25T15:46:29+0200,7478f083-450f-4443-a2c4-deeb0cfd0e29,2026-08-24T16:00:00Z,2026-08-24T18:00:00+0200,1483.2,MW,PT,PT,forecast_solar_generation,Solar,2026-08-25T13:56:07Z
2026-08-25T13:46:29Z,2026-08-25T15:46:29+0200,7478f083-450f-4443-a2c4-deeb0cfd0e29,2026-08-24T17:00:00Z,2026-08-24T19:00:00+0200,776.8,MW,PT,PT,forecast_solar_generation,Solar,2026-08-25T13:56:07Z
2026-08-25T13:46:29Z,2026-08-25T15:46:29+0200,7478f083-450f-4443-a2c4-deeb0cfd0e29,2026-08-24T18:00:00Z,2026-08-24T20:00:00+0200,224.8,MW,PT,PT,forecast_solar_generation,Solar,2026-08-25T13:56:07Z
2026-08-25T13:46:29Z,2026-08-25T15:46:29+0200,7478f083-450f-4443-a2c4-deeb0cfd0e29,2026-08-24T19:00:00Z,2026-08-24T21:00:00+0200,0.0,MW,PT,PT,forecast_solar_generation,Solar,2026-08-25T13:56:07Z
2026-08-25T13:46:29Z,2026-08-25T15:46:29+0200,7478f083-450f-4443-a2c4-deeb0cfd0e29,2026-08-24T20:00:00Z,2026-08-24T22:00:00+0200,0.0,MW,PT,PT,forecast_solar_generation,Solar,2026-08-25T13:56:07Z
2026-08-25T13:46:29Z,2026-08-25T15:46:29+0200,7478f083-450f-4443-a2c4-deeb0cfd0e29,2026-08-24T21:00:00Z,2026-08-24T23:00:00+0200,0.0,MW,PT,PT,forecast_solar_generation,Solar,2026-08-25T13:56:07Z
2026-08-25T13:46:29Z,2026-08-25T15:46:29+0200,7478f083-450f-4443-a2c4-deeb0cfd0e29,2026-08-24T22:00:00Z,2026-08-25T00:00:00+0200,0.0,MW,PT,PT,forecast_solar_generation,Solar,2026-08-25T13:56:07Z
2026-08-25T13:46:29Z,2026-08-25T15:46:29+0200,7478f083-450f-4443-a2c4-deeb0cfd0e29,2026-08-24T23:00:00Z,2026-08-25T01:00:00+0200,0.0,MW,PT,PT,forecast_solar_generation,Solar,2026-08-25T13:56:07Z
2026-08-25T13:46:29Z,2026-08-25T15:46:29+0200,7478f083-450f-4443-a2c4-deeb0cfd0e29,2026-08-25T00:00:00Z,2026-08-25T02:00:00+0200,0.0,MW,PT,PT,forecast_solar_generation,Solar,2026-08-25T13:56:07Z
2026-08-25T13:46:29Z,2026-08-25T15:46:29+0200,7478f083-450f-4443-a2c4-deeb0cfd0e29,2026-08-25T01:00:00Z,2026-08-25T03:00:00+0200,0.0,MW,PT,PT,forecast_solar_generation,Solar,2026-08-25T13:56:07Z
2026-08-25T13:46:29Z,2026-08-25T15:46:29+0200,7478f083-450f-4443-a2c4-deeb0cfd0e29,2026-08-25T02:00:00Z,2026-08-25T04:00:00+0200,0.0,MW,PT,PT,forecast_solar_generation,Solar,2026-08-25T13:56:07Z
2026-08-25T13:46:29Z,2026-08-25T15:46:29+0200,7478f083-450f-4443-a2c4-deeb0cfd0e29,2026-08-25T03:00:00Z,2026-08-25T05:00:00+0200,0.0,MW,PT,PT,forecast_solar_generation,Solar,2026-08-25T13:56:07Z
2026-08-25T13:46:29Z,2026-08-25T15:46:29+0200,7478f083-450f-4443-a2c4-deeb0cfd0e29,2026-08-25T04:00:00Z,2026-08-25T06:00:00+0200,0.0,MW,PT,PT,forecast_solar_generation,Solar,2026-08-25T13:56:07Z
2026-08-25T13:46:29Z,2026-08-25T15:46:29+0200,7478f083-450f-4443-a2c4-deeb0cfd0e29,2026-08-25T05:00:00Z,2026-08-25T07:00:00+0200,0.0,MW,PT,PT,forecast_solar_generation,Solar,2026-08-25T13:56:07Z
2026-08-25T13:46:29Z,2026-08-25T15:46:29+0200,7478f083-450f-4443-a2c4-deeb0cfd0e29,2026-08-25T06:00:00Z,2026-08-25T08:00:00+0200,104.3,MW,PT,PT,forecast_solar_generation,Solar,2026-08-25T13:56:07Z
2026-08-25T13:46:29Z,2026-08-25T15:46:29+0200,7478f083-450f-4443-a2c4-deeb0cfd0e29,2026-08-25T07:00:00Z,2026-08-25T09:00:00+0200,488.5,MW,PT,PT,forecast_solar_generation,Solar,2026-08-25T13:56:07Z
2026-08-25T13:46:29Z,2026-08-25T15:46:29+0200,7478f083-450f-4443-a2c4-deeb0cfd0e29,2026-08-25T08:00:00Z,2026-08-25T10:00:00+0200,1052.4,MW,PT,PT,forecast_solar_generation,Solar,2026-08-25T13:56:07Z
2026-08-25T13:46:29Z,2026-08-25T15:46:29+0200,7478f083-450f-4443-a2c4-deeb0cfd0e29,2026-08-25T09:00:00Z,2026-08-25T11:00:00+0200,1624.0,MW,PT,PT,forecast_solar_generation,Solar,2026-08-25T13:56:07Z
2026-08-25T13:46:29Z,2026-08-25T15:46:29+0200,7478f083-450f-4443-a2c4-deeb0cfd0e29,2026-08-25T10:00:00Z,2026-08-25T12:00:00+0200,1948.1,MW,PT,PT,forecast_solar_generation,Solar,2026-08-25T13:56:07Z
2026-08-25T13:46:29Z,2026-08-25T15:46:29+0200,7478f083-450f-4443-a2c4-deeb0cfd0e29,2026-08-25T11:00:00Z,2026-08-25T13:00:00+0200,2167.5,MW,PT,PT,forecast_solar_generation,Solar,2026-08-25T13:56:07Z
2026-08-25T13:46:29Z,2026-08-25T15:46:29+0200,7478f083-450f-4443-a2c4-deeb0cfd0e29,2026-08-25T12:00:00Z,2026-08-25T14:00:00+0200,2265.8,MW,PT,PT,forecast_solar_generation,Solar,2026-08-25T13:56:07Z
2026-08-25T13:46:29Z,2026-08-25T15:46:29+0200,7478f083-450f-4443-a2c4-deeb0cfd0e29,2026-08-25T13:00:00Z,2026-08-25T15:00:00+0200,2289.3,MW,PT,PT,forecast_solar_generation,Solar,2026-08-25T13:56:07Z
