collection_time_utc,collection_time_local,run_id,timestamp_utc,timestamp_local,value,unit,country,entsoe_area,variable,source,updated_at_utc
2026-08-06T06:59:31Z,2026-08-06T08:59:31+0200,c9803fd0-85de-41d5-be1c-e8446d37c7e0,2026-07-06T08:00:00Z,2026-07-06T10:00:00+0200,2171.6,MW,PT,PT,forecast_solar_generation,Solar,2026-08-06T07:09:49Z
2026-08-06T06:59:31Z,2026-08-06T08:59:31+0200,c9803fd0-85de-41d5-be1c-e8446d37c7e0,2026-07-06T09:00:00Z,2026-07-06T11:00:00+0200,2756.5,MW,PT,PT,forecast_solar_generation,Solar,2026-08-06T07:09:49Z
2026-08-06T06:59:31Z,2026-08-06T08:59:31+0200,c9803fd0-85de-41d5-be1c-e8446d37c7e0,2026-07-06T10:00:00Z,2026-07-06T12:00:00+0200,3134.9,MW,PT,PT,forecast_solar_generation,Solar,2026-08-06T07:09:49Z
2026-08-06T06:59:31Z,2026-08-06T08:59:31+0200,c9803fd0-85de-41d5-be1c-e8446d37c7e0,2026-07-06T11:00:00Z,2026-07-06T13:00:00+0200,3318.8,MW,PT,PT,forecast_solar_generation,Solar,2026-08-06T07:09:49Z
2026-08-06T06:59:31Z,2026-08-06T08:59:31+0200,c9803fd0-85de-41d5-be1c-e8446d37c7e0,2026-07-06T12:00:00Z,2026-07-06T14:00:00+0200,3342.5,MW,PT,PT,forecast_solar_generation,Solar,2026-08-06T07:09:49Z
2026-08-06T06:59:31Z,2026-08-06T08:59:31+0200,c9803fd0-85de-41d5-be1c-e8446d37c7e0,2026-07-06T13:00:00Z,2026-07-06T15:00:00+0200,3239.4,MW,PT,PT,forecast_solar_generation,Solar,2026-08-06T07:09:49Z
2026-08-06T06:59:31Z,2026-08-06T08:59:31+0200,c9803fd0-85de-41d5-be1c-e8446d37c7e0,2026-07-06T14:00:00Z,2026-07-06T16:00:00+0200,3053.6,MW,PT,PT,forecast_solar_generation,Solar,2026-08-06T07:09:49Z
2026-08-06T06:59:31Z,2026-08-06T08:59:31+0200,c9803fd0-85de-41d5-be1c-e8446d37c7e0,2026-07-06T15:00:00Z,2026-07-06T17:00:00+0200,2759.2,MW,PT,PT,forecast_solar_generation,Solar,2026-08-06T07:09:49Z
2026-08-06T06:59:31Z,2026-08-06T08:59:31+0200,c9803fd0-85de-41d5-be1c-e8446d37c7e0,2026-07-06T16:00:00Z,2026-07-06T18:00:00+0200,2365.6,MW,PT,PT,forecast_solar_generation,Solar,2026-08-06T07:09:49Z
2026-08-06T06:59:31Z,2026-08-06T08:59:31+0200,c9803fd0-85de-41d5-be1c-e8446d37c7e0,2026-07-06T17:00:00Z,2026-07-06T19:00:00+0200,1645.2,MW,PT,PT,forecast_solar_generation,Solar,2026-08-06T07:09:49Z
2026-08-06T06:59:31Z,2026-08-06T08:59:31+0200,c9803fd0-85de-41d5-be1c-e8446d37c7e0,2026-07-06T18:00:00Z,2026-07-06T20:00:00+0200,789.6,MW,PT,PT,forecast_solar_generation,Solar,2026-08-06T07:09:49Z
2026-08-06T06:59:31Z,2026-08-06T08:59:31+0200,c9803fd0-85de-41d5-be1c-e8446d37c7e0,2026-07-06T19:00:00Z,2026-07-06T21:00:00+0200,177.5,MW,PT,PT,forecast_solar_generation,Solar,2026-08-06T07:09:49Z
2026-08-06T06:59:31Z,2026-08-06T08:59:31+0200,c9803fd0-85de-41d5-be1c-e8446d37c7e0,2026-07-06T20:00:00Z,2026-07-06T22:00:00+0200,50.9,MW,PT,PT,forecast_solar_generation,Solar,2026-08-06T07:09:49Z
2026-08-06T06:59:31Z,2026-08-06T08:59:31+0200,c9803fd0-85de-41d5-be1c-e8446d37c7e0,2026-07-06T21:00:00Z,2026-07-06T23:00:00+0200,44.9,MW,PT,PT,forecast_solar_generation,Solar,2026-08-06T07:09:49Z
2026-08-06T06:59:31Z,2026-08-06T08:59:31+0200,c9803fd0-85de-41d5-be1c-e8446d37c7e0,2026-07-06T22:00:00Z,2026-07-07T00:00:00+0200,36.6,MW,PT,PT,forecast_solar_generation,Solar,2026-08-06T07:09:49Z
2026-08-06T06:59:31Z,2026-08-06T08:59:31+0200,c9803fd0-85de-41d5-be1c-e8446d37c7e0,2026-07-06T23:00:00Z,2026-07-07T01:00:00+0200,35.8,MW,PT,PT,forecast_solar_generation,Solar,2026-08-06T07:09:49Z
2026-08-06T06:59:31Z,2026-08-06T08:59:31+0200,c9803fd0-85de-41d5-be1c-e8446d37c7e0,2026-07-07T00:00:00Z,2026-07-07T02:00:00+0200,35.4,MW,PT,PT,forecast_solar_generation,Solar,2026-08-06T07:09:49Z
2026-08-06T06:59:31Z,2026-08-06T08:59:31+0200,c9803fd0-85de-41d5-be1c-e8446d37c7e0,2026-07-07T01:00:00Z,2026-07-07T03:00:00+0200,35.4,MW,PT,PT,forecast_solar_generation,Solar,2026-08-06T07:09:49Z
2026-08-06T06:59:31Z,2026-08-06T08:59:31+0200,c9803fd0-85de-41d5-be1c-e8446d37c7e0,2026-07-07T02:00:00Z,2026-07-07T04:00:00+0200,35.4,MW,PT,PT,forecast_solar_generation,Solar,2026-08-06T07:09:49Z
2026-08-06T06:59:31Z,2026-08-06T08:59:31+0200,c9803fd0-85de-41d5-be1c-e8446d37c7e0,2026-07-07T03:00:00Z,2026-07-07T05:00:00+0200,35.4,MW,PT,PT,forecast_solar_generation,Solar,2026-08-06T07:09:49Z
2026-08-06T06:59:31Z,2026-08-06T08:59:31+0200,c9803fd0-85de-41d5-be1c-e8446d37c7e0,2026-07-07T04:00:00Z,2026-07-07T06:00:00+0200,36.1,MW,PT,PT,forecast_solar_generation,Solar,2026-08-06T07:09:49Z
2026-08-06T06:59:31Z,2026-08-06T08:59:31+0200,c9803fd0-85de-41d5-be1c-e8446d37c7e0,2026-07-07T05:00:00Z,2026-07-07T07:00:00+0200,84.6,MW,PT,PT,forecast_solar_generation,Solar,2026-08-06T07:09:49Z
2026-08-06T06:59:31Z,2026-08-06T08:59:31+0200,c9803fd0-85de-41d5-be1c-e8446d37c7e0,2026-07-07T06:00:00Z,2026-07-07T08:00:00+0200,531.2,MW,PT,PT,forecast_solar_generation,Solar,2026-08-06T07:09:49Z
2026-08-06T06:59:31Z,2026-08-06T08:59:31+0200,c9803fd0-85de-41d5-be1c-e8446d37c7e0,2026-07-07T07:00:00Z,2026-07-07T09:00:00+0200,1411.2,MW,PT,PT,forecast_solar_generation,Solar,2026-08-06T07:09:49Z
2026-08-06T06:59:31Z,2026-08-06T08:59:31+0200,c9803fd0-85de-41d5-be1c-e8446d37c7e0,2026-07-07T08:00:00Z,2026-07-07T10:00:00+0200,2222.1,MW,PT,PT,forecast_solar_generation,Solar,2026-08-06T07:09:49Z
2026-08-06T06:59:31Z,2026-08-06T08:59:31+0200,c9803fd0-85de-41d5-be1c-e8446d37c7e0,2026-07-07T09:00:00Z,2026-07-07T11:00:00+0200,2817.7,MW,PT,PT,forecast_solar_generation,Solar,2026-08-06T07:09:49Z
2026-08-06T06:59:31Z,2026-08-06T08:59:31+0200,c9803fd0-85de-41d5-be1c-e8446d37c7e0,2026-07-07T10:00:00Z,2026-07-07T12:00:00+0200,3200.3,MW,PT,PT,forecast_solar_generation,Solar,2026-08-06T07:09:49Z
2026-08-06T06:59:31Z,2026-08-06T08:59:31+0200,c9803fd0-85de-41d5-be1c-e8446d37c7e0,2026-07-07T11:00:00Z,2026-07-07T13:00:00+0200,3376.2,MW,PT,PT,forecast_solar_generation,Solar,2026-08-06T07:09:49Z
2026-08-06T06:59:31Z,2026-08-06T08:59:31+0200,c9803fd0-85de-41d5-be1c-e8446d37c7e0,2026-07-07T12:00:00Z,2026-07-07T14:00:00+0200,3339.9,MW,PT,PT,forecast_solar_generation,Solar,2026-08-06T07:09:49Z
2026-08-06T06:59:31Z,2026-08-06T08:59:31+0200,c9803fd0-85de-41d5-be1c-e8446d37c7e0,2026-07-07T13:00:00Z,2026-07-07T15:00:00+0200,3341.1,MW,PT,PT,forecast_solar_generation,Solar,2026-08-06T07:09:49Z
2026-08-06T06:59:31Z,2026-08-06T08:59:31+0200,c9803fd0-85de-41d5-be1c-e8446d37c7e0,2026-07-07T14:00:00Z,2026-07-07T16:00:00+0200,3176.3,MW,PT,PT,forecast_solar_generation,Solar,2026-08-06T07:09:49Z
2026-08-06T06:59:31Z,2026-08-06T08:59:31+0200,c9803fd0-85de-41d5-be1c-e8446d37c7e0,2026-07-07T15:00:00Z,2026-07-07T17:00:00+0200,2888.1,MW,PT,PT,forecast_solar_generation,Solar,2026-08-06T07:09:49Z
2026-08-06T06:59:31Z,2026-08-06T08:59:31+0200,c9803fd0-85de-41d5-be1c-e8446d37c7e0,2026-07-07T16:00:00Z,2026-07-07T18:00:00+0200,2451.5,MW,PT,PT,forecast_solar_generation,Solar,2026-08-06T07:09:49Z
2026-08-06T06:59:31Z,2026-08-06T08:59:31+0200,c9803fd0-85de-41d5-be1c-e8446d37c7e0,2026-07-07T17:00:00Z,2026-07-07T19:00:00+0200,1642.0,MW,PT,PT,forecast_solar_generation,Solar,2026-08-06T07:09:49Z
2026-08-06T06:59:31Z,2026-08-06T08:59:31+0200,c9803fd0-85de-41d5-be1c-e8446d37c7e0,2026-07-07T18:00:00Z,2026-07-07T20:00:00+0200,783.8,MW,PT,PT,forecast_solar_generation,Solar,2026-08-06T07:09:49Z
2026-08-06T06:59:31Z,2026-08-06T08:59:31+0200,c9803fd0-85de-41d5-be1c-e8446d37c7e0,2026-07-07T19:00:00Z,2026-07-07T21:00:00+0200,172.7,MW,PT,PT,forecast_solar_generation,Solar,2026-08-06T07:09:49Z
2026-08-06T06:59:31Z,2026-08-06T08:59:31+0200,c9803fd0-85de-41d5-be1c-e8446d37c7e0,2026-07-07T20:00:00Z,2026-07-07T22:00:00+0200,60.8,MW,PT,PT,forecast_solar_generation,Solar,2026-08-06T07:09:49Z
2026-08-06T06:59:31Z,2026-08-06T08:59:31+0200,c9803fd0-85de-41d5-be1c-e8446d37c7e0,2026-07-07T21:00:00Z,2026-07-07T23:00:00+0200,43.2,MW,PT,PT,forecast_solar_generation,Solar,2026-08-06T07:09:49Z
2026-08-06T06:59:31Z,2026-08-06T08:59:31+0200,c9803fd0-85de-41d5-be1c-e8446d37c7e0,2026-07-07T22:00:00Z,2026-07-08T00:00:00+0200,36.4,MW,PT,PT,forecast_solar_generation,Solar,2026-08-06T07:09:49Z
2026-08-06T06:59:31Z,2026-08-06T08:59:31+0200,c9803fd0-85de-41d5-be1c-e8446d37c7e0,2026-07-07T23:00:00Z,2026-07-08T01:00:00+0200,34.0,MW,PT,PT,forecast_solar_generation,Solar,2026-08-06T07:09:49Z
2026-08-06T06:59:31Z,2026-08-06T08:59:31+0200,c9803fd0-85de-41d5-be1c-e8446d37c7e0,2026-07-08T00:00:00Z,2026-07-08T02:00:00+0200,33.6,MW,PT,PT,forecast_solar_generation,Solar,2026-08-06T07:09:49Z
2026-08-06T06:59:31Z,2026-08-06T08:59:31+0200,c9803fd0-85de-41d5-be1c-e8446d37c7e0,2026-07-08T01:00:00Z,2026-07-08T03:00:00+0200,33.5,MW,PT,PT,forecast_solar_generation,Solar,2026-08-06T07:09:49Z
2026-08-06T06:59:31Z,2026-08-06T08:59:31+0200,c9803fd0-85de-41d5-be1c-e8446d37c7e0,2026-07-08T02:00:00Z,2026-07-08T04:00:00+0200,34.2,MW,PT,PT,forecast_solar_generation,Solar,2026-08-06T07:09:49Z
2026-08-06T06:59:31Z,2026-08-06T08:59:31+0200,c9803fd0-85de-41d5-be1c-e8446d37c7e0,2026-07-08T03:00:00Z,2026-07-08T05:00:00+0200,34.7,MW,PT,PT,forecast_solar_generation,Solar,2026-08-06T07:09:49Z
2026-08-06T06:59:31Z,2026-08-06T08:59:31+0200,c9803fd0-85de-41d5-be1c-e8446d37c7e0,2026-07-08T04:00:00Z,2026-07-08T06:00:00+0200,39.8,MW,PT,PT,forecast_solar_generation,Solar,2026-08-06T07:09:49Z
2026-08-06T06:59:31Z,2026-08-06T08:59:31+0200,c9803fd0-85de-41d5-be1c-e8446d37c7e0,2026-07-08T05:00:00Z,2026-07-08T07:00:00+0200,90.3,MW,PT,PT,forecast_solar_generation,Solar,2026-08-06T07:09:49Z
2026-08-06T06:59:31Z,2026-08-06T08:59:31+0200,c9803fd0-85de-41d5-be1c-e8446d37c7e0,2026-07-08T06:00:00Z,2026-07-08T08:00:00+0200,549.3,MW,PT,PT,forecast_solar_generation,Solar,2026-08-06T07:09:49Z
2026-08-06T06:59:31Z,2026-08-06T08:59:31+0200,c9803fd0-85de-41d5-be1c-e8446d37c7e0,2026-07-08T07:00:00Z,2026-07-08T09:00:00+0200,1383.8,MW,PT,PT,forecast_solar_generation,Solar,2026-08-06T07:09:49Z
2026-08-06T06:59:31Z,2026-08-06T08:59:31+0200,c9803fd0-85de-41d5-be1c-e8446d37c7e0,2026-07-08T08:00:00Z,2026-07-08T10:00:00+0200,2156.5,MW,PT,PT,forecast_solar_generation,Solar,2026-08-06T07:09:49Z
2026-08-06T06:59:31Z,2026-08-06T08:59:31+0200,c9803fd0-85de-41d5-be1c-e8446d37c7e0,2026-07-08T09:00:00Z,2026-07-08T11:00:00+0200,2741.7,MW,PT,PT,forecast_solar_generation,Solar,2026-08-06T07:09:49Z
2026-08-06T06:59:31Z,2026-08-06T08:59:31+0200,c9803fd0-85de-41d5-be1c-e8446d37c7e0,2026-07-08T10:00:00Z,2026-07-08T12:00:00+0200,3118.9,MW,PT,PT,forecast_solar_generation,Solar,2026-08-06T07:09:49Z
2026-08-06T06:59:31Z,2026-08-06T08:59:31+0200,c9803fd0-85de-41d5-be1c-e8446d37c7e0,2026-07-08T11:00:00Z,2026-07-08T13:00:00+0200,3293.1,MW,PT,PT,forecast_solar_generation,Solar,2026-08-06T07:09:49Z
2026-08-06T06:59:31Z,2026-08-06T08:59:31+0200,c9803fd0-85de-41d5-be1c-e8446d37c7e0,2026-07-08T12:00:00Z,2026-07-08T14:00:00+0200,3316.3,MW,PT,PT,forecast_solar_generation,Solar,2026-08-06T07:09:49Z
2026-08-06T06:59:31Z,2026-08-06T08:59:31+0200,c9803fd0-85de-41d5-be1c-e8446d37c7e0,2026-07-08T13:00:00Z,2026-07-08T15:00:00+0200,3260.8,MW,PT,PT,forecast_solar_generation,Solar,2026-08-06T07:09:49Z
2026-08-06T06:59:31Z,2026-08-06T08:59:31+0200,c9803fd0-85de-41d5-be1c-e8446d37c7e0,2026-07-08T14:00:00Z,2026-07-08T16:00:00+0200,3122.3,MW,PT,PT,forecast_solar_generation,Solar,2026-08-06T07:09:49Z
2026-08-06T06:59:31Z,2026-08-06T08:59:31+0200,c9803fd0-85de-41d5-be1c-e8446d37c7e0,2026-07-08T15:00:00Z,2026-07-08T17:00:00+0200,2848.1,MW,PT,PT,forecast_solar_generation,Solar,2026-08-06T07:09:49Z
2026-08-06T06:59:31Z,2026-08-06T08:59:31+0200,c9803fd0-85de-41d5-be1c-e8446d37c7e0,2026-07-08T16:00:00Z,2026-07-08T18:00:00+0200,2419.8,MW,PT,PT,forecast_solar_generation,Solar,2026-08-06T07:09:49Z
2026-08-06T06:59:31Z,2026-08-06T08:59:31+0200,c9803fd0-85de-41d5-be1c-e8446d37c7e0,2026-07-08T17:00:00Z,2026-07-08T19:00:00+0200,1713.6,MW,PT,PT,forecast_solar_generation,Solar,2026-08-06T07:09:49Z
2026-08-06T06:59:31Z,2026-08-06T08:59:31+0200,c9803fd0-85de-41d5-be1c-e8446d37c7e0,2026-07-08T18:00:00Z,2026-07-08T20:00:00+0200,803.8,MW,PT,PT,forecast_solar_generation,Solar,2026-08-06T07:09:49Z
2026-08-06T06:59:31Z,2026-08-06T08:59:31+0200,c9803fd0-85de-41d5-be1c-e8446d37c7e0,2026-07-08T19:00:00Z,2026-07-08T21:00:00+0200,183.4,MW,PT,PT,forecast_solar_generation,Solar,2026-08-06T07:09:49Z
2026-08-06T06:59:31Z,2026-08-06T08:59:31+0200,c9803fd0-85de-41d5-be1c-e8446d37c7e0,2026-07-08T20:00:00Z,2026-07-08T22:00:00+0200,54.6,MW,PT,PT,forecast_solar_generation,Solar,2026-08-06T07:09:49Z
2026-08-06T06:59:31Z,2026-08-06T08:59:31+0200,c9803fd0-85de-41d5-be1c-e8446d37c7e0,2026-07-08T21:00:00Z,2026-07-08T23:00:00+0200,45.0,MW,PT,PT,forecast_solar_generation,Solar,2026-08-06T07:09:49Z
2026-08-06T06:59:31Z,2026-08-06T08:59:31+0200,c9803fd0-85de-41d5-be1c-e8446d37c7e0,2026-07-08T22:00:00Z,2026-07-09T00:00:00+0200,32.4,MW,PT,PT,forecast_solar_generation,Solar,2026-08-06T07:09:49Z
2026-08-06T06:59:31Z,2026-08-06T08:59:31+0200,c9803fd0-85de-41d5-be1c-e8446d37c7e0,2026-07-08T23:00:00Z,2026-07-09T01:00:00+0200,28.1,MW,PT,PT,forecast_solar_generation,Solar,2026-08-06T07:09:49Z
2026-08-06T06:59:31Z,2026-08-06T08:59:31+0200,c9803fd0-85de-41d5-be1c-e8446d37c7e0,2026-07-09T00:00:00Z,2026-07-09T02:00:00+0200,28.1,MW,PT,PT,forecast_solar_generation,Solar,2026-08-06T07:09:49Z
2026-08-06T06:59:31Z,2026-08-06T08:59:31+0200,c9803fd0-85de-41d5-be1c-e8446d37c7e0,2026-07-09T01:00:00Z,2026-07-09T03:00:00+0200,28.1,MW,PT,PT,forecast_solar_generation,Solar,2026-08-06T07:09:49Z
2026-08-06T06:59:31Z,2026-08-06T08:59:31+0200,c9803fd0-85de-41d5-be1c-e8446d37c7e0,2026-07-09T02:00:00Z,2026-07-09T04:00:00+0200,28.1,MW,PT,PT,forecast_solar_generation,Solar,2026-08-06T07:09:49Z
2026-08-06T06:59:31Z,2026-08-06T08:59:31+0200,c9803fd0-85de-41d5-be1c-e8446d37c7e0,2026-07-09T03:00:00Z,2026-07-09T05:00:00+0200,28.1,MW,PT,PT,forecast_solar_generation,Solar,2026-08-06T07:09:49Z
2026-08-06T06:59:31Z,2026-08-06T08:59:31+0200,c9803fd0-85de-41d5-be1c-e8446d37c7e0,2026-07-09T04:00:00Z,2026-07-09T06:00:00+0200,28.0,MW,PT,PT,forecast_solar_generation,Solar,2026-08-06T07:09:49Z
2026-08-06T06:59:31Z,2026-08-06T08:59:31+0200,c9803fd0-85de-41d5-be1c-e8446d37c7e0,2026-07-09T05:00:00Z,2026-07-09T07:00:00+0200,82.4,MW,PT,PT,forecast_solar_generation,Solar,2026-08-06T07:09:49Z
2026-08-06T06:59:31Z,2026-08-06T08:59:31+0200,c9803fd0-85de-41d5-be1c-e8446d37c7e0,2026-07-09T06:00:00Z,2026-07-09T08:00:00+0200,517.1,MW,PT,PT,forecast_solar_generation,Solar,2026-08-06T07:09:49Z
2026-08-06T06:59:31Z,2026-08-06T08:59:31+0200,c9803fd0-85de-41d5-be1c-e8446d37c7e0,2026-07-09T07:00:00Z,2026-07-09T09:00:00+0200,1351.0,MW,PT,PT,forecast_solar_generation,Solar,2026-08-06T07:09:49Z
2026-08-06T06:59:31Z,2026-08-06T08:59:31+0200,c9803fd0-85de-41d5-be1c-e8446d37c7e0,2026-07-09T08:00:00Z,2026-07-09T10:00:00+0200,2187.4,MW,PT,PT,forecast_solar_generation,Solar,2026-08-06T07:09:49Z
2026-08-06T06:59:31Z,2026-08-06T08:59:31+0200,c9803fd0-85de-41d5-be1c-e8446d37c7e0,2026-07-09T09:00:00Z,2026-07-09T11:00:00+0200,2815.9,MW,PT,PT,forecast_solar_generation,Solar,2026-08-06T07:09:49Z
2026-08-06T06:59:31Z,2026-08-06T08:59:31+0200,c9803fd0-85de-41d5-be1c-e8446d37c7e0,2026-07-09T10:00:00Z,2026-07-09T12:00:00+0200,3236.2,MW,PT,PT,forecast_solar_generation,Solar,2026-08-06T07:09:49Z
2026-08-06T06:59:31Z,2026-08-06T08:59:31+0200,c9803fd0-85de-41d5-be1c-e8446d37c7e0,2026-07-09T11:00:00Z,2026-07-09T13:00:00+0200,3429.2,MW,PT,PT,forecast_solar_generation,Solar,2026-08-06T07:09:49Z
2026-08-06T06:59:31Z,2026-08-06T08:59:31+0200,c9803fd0-85de-41d5-be1c-e8446d37c7e0,2026-07-09T12:00:00Z,2026-07-09T14:00:00+0200,3462.2,MW,PT,PT,forecast_solar_generation,Solar,2026-08-06T07:09:49Z
2026-08-06T06:59:31Z,2026-08-06T08:59:31+0200,c9803fd0-85de-41d5-be1c-e8446d37c7e0,2026-07-09T13:00:00Z,2026-07-09T15:00:00+0200,3291.0,MW,PT,PT,forecast_solar_generation,Solar,2026-08-06T07:09:49Z
2026-08-06T06:59:31Z,2026-08-06T08:59:31+0200,c9803fd0-85de-41d5-be1c-e8446d37c7e0,2026-07-09T14:00:00Z,2026-07-09T16:00:00+0200,3225.5,MW,PT,PT,forecast_solar_generation,Solar,2026-08-06T07:09:49Z
2026-08-06T06:59:31Z,2026-08-06T08:59:31+0200,c9803fd0-85de-41d5-be1c-e8446d37c7e0,2026-07-09T15:00:00Z,2026-07-09T17:00:00+0200,2911.7,MW,PT,PT,forecast_solar_generation,Solar,2026-08-06T07:09:49Z
2026-08-06T06:59:31Z,2026-08-06T08:59:31+0200,c9803fd0-85de-41d5-be1c-e8446d37c7e0,2026-07-09T16:00:00Z,2026-07-09T18:00:00+0200,2370.5,MW,PT,PT,forecast_solar_generation,Solar,2026-08-06T07:09:49Z
2026-08-06T06:59:31Z,2026-08-06T08:59:31+0200,c9803fd0-85de-41d5-be1c-e8446d37c7e0,2026-07-09T17:00:00Z,2026-07-09T19:00:00+0200,1585.3,MW,PT,PT,forecast_solar_generation,Solar,2026-08-06T07:09:49Z
2026-08-06T06:59:31Z,2026-08-06T08:59:31+0200,c9803fd0-85de-41d5-be1c-e8446d37c7e0,2026-07-09T18:00:00Z,2026-07-09T20:00:00+0200,772.9,MW,PT,PT,forecast_solar_generation,Solar,2026-08-06T07:09:49Z
2026-08-06T06:59:31Z,2026-08-06T08:59:31+0200,c9803fd0-85de-41d5-be1c-e8446d37c7e0,2026-07-09T19:00:00Z,2026-07-09T21:00:00+0200,163.7,MW,PT,PT,forecast_solar_generation,Solar,2026-08-06T07:09:49Z
2026-08-06T06:59:31Z,2026-08-06T08:59:31+0200,c9803fd0-85de-41d5-be1c-e8446d37c7e0,2026-07-09T20:00:00Z,2026-07-09T22:00:00+0200,50.2,MW,PT,PT,forecast_solar_generation,Solar,2026-08-06T07:09:49Z
2026-08-06T06:59:31Z,2026-08-06T08:59:31+0200,c9803fd0-85de-41d5-be1c-e8446d37c7e0,2026-07-09T21:00:00Z,2026-07-09T23:00:00+0200,36.5,MW,PT,PT,forecast_solar_generation,Solar,2026-08-06T07:09:49Z
2026-08-06T06:59:31Z,2026-08-06T08:59:31+0200,c9803fd0-85de-41d5-be1c-e8446d37c7e0,2026-07-09T22:00:00Z,2026-07-10T00:00:00+0200,0.0,MW,PT,PT,forecast_solar_generation,Solar,2026-08-06T07:09:49Z
2026-08-06T06:59:31Z,2026-08-06T08:59:31+0200,c9803fd0-85de-41d5-be1c-e8446d37c7e0,2026-07-09T23:00:00Z,2026-07-10T01:00:00+0200,0.0,MW,PT,PT,forecast_solar_generation,Solar,2026-08-06T07:09:49Z
2026-08-06T06:59:31Z,2026-08-06T08:59:31+0200,c9803fd0-85de-41d5-be1c-e8446d37c7e0,2026-07-10T00:00:00Z,2026-07-10T02:00:00+0200,0.0,MW,PT,PT,forecast_solar_generation,Solar,2026-08-06T07:09:49Z
2026-08-06T06:59:31Z,2026-08-06T08:59:31+0200,c9803fd0-85de-41d5-be1c-e8446d37c7e0,2026-07-10T01:00:00Z,2026-07-10T03:00:00+0200,0.0,MW,PT,PT,forecast_solar_generation,Solar,2026-08-06T07:09:49Z
2026-08-06T06:59:31Z,2026-08-06T08:59:31+0200,c9803fd0-85de-41d5-be1c-e8446d37c7e0,2026-07-10T02:00:00Z,2026-07-10T04:00:00+0200,0.0,MW,PT,PT,forecast_solar_generation,Solar,2026-08-06T07:09:49Z
2026-08-06T06:59:31Z,2026-08-06T08:59:31+0200,c9803fd0-85de-41d5-be1c-e8446d37c7e0,2026-07-10T03:00:00Z,2026-07-10T05:00:00+0200,0.0,MW,PT,PT,forecast_solar_generation,Solar,2026-08-06T07:09:49Z
2026-08-06T06:59:31Z,2026-08-06T08:59:31+0200,c9803fd0-85de-41d5-be1c-e8446d37c7e0,2026-07-10T04:00:00Z,2026-07-10T06:00:00+0200,0.0,MW,PT,PT,forecast_solar_generation,Solar,2026-08-06T07:09:49Z
2026-08-06T06:59:31Z,2026-08-06T08:59:31+0200,c9803fd0-85de-41d5-be1c-e8446d37c7e0,2026-07-10T05:00:00Z,2026-07-10T07:00:00+0200,51.3,MW,PT,PT,forecast_solar_generation,Solar,2026-08-06T07:09:49Z
2026-08-06T06:59:31Z,2026-08-06T08:59:31+0200,c9803fd0-85de-41d5-be1c-e8446d37c7e0,2026-07-10T06:00:00Z,2026-07-10T08:00:00+0200,491.9,MW,PT,PT,forecast_solar_generation,Solar,2026-08-06T07:09:49Z
2026-08-06T06:59:31Z,2026-08-06T08:59:31+0200,c9803fd0-85de-41d5-be1c-e8446d37c7e0,2026-07-10T07:00:00Z,2026-07-10T09:00:00+0200,1186.3,MW,PT,PT,forecast_solar_generation,Solar,2026-08-06T07:09:49Z
2026-08-06T06:59:31Z,2026-08-06T08:59:31+0200,c9803fd0-85de-41d5-be1c-e8446d37c7e0,2026-07-10T08:00:00Z,2026-07-10T10:00:00+0200,2002.1,MW,PT,PT,forecast_solar_generation,Solar,2026-08-06T07:09:49Z
2026-08-06T06:59:31Z,2026-08-06T08:59:31+0200,c9803fd0-85de-41d5-be1c-e8446d37c7e0,2026-07-10T09:00:00Z,2026-07-10T11:00:00+0200,2686.7,MW,PT,PT,forecast_solar_generation,Solar,2026-08-06T07:09:49Z
2026-08-06T06:59:31Z,2026-08-06T08:59:31+0200,c9803fd0-85de-41d5-be1c-e8446d37c7e0,2026-07-10T10:00:00Z,2026-07-10T12:00:00+0200,3198.9,MW,PT,PT,forecast_solar_generation,Solar,2026-08-06T07:09:49Z
2026-08-06T06:59:31Z,2026-08-06T08:59:31+0200,c9803fd0-85de-41d5-be1c-e8446d37c7e0,2026-07-10T11:00:00Z,2026-07-10T13:00:00+0200,3395.3,MW,PT,PT,forecast_solar_generation,Solar,2026-08-06T07:09:49Z
2026-08-06T06:59:31Z,2026-08-06T08:59:31+0200,c9803fd0-85de-41d5-be1c-e8446d37c7e0,2026-07-10T12:00:00Z,2026-07-10T14:00:00+0200,3468.1,MW,PT,PT,forecast_solar_generation,Solar,2026-08-06T07:09:49Z
2026-08-06T06:59:31Z,2026-08-06T08:59:31+0200,c9803fd0-85de-41d5-be1c-e8446d37c7e0,2026-07-10T13:00:00Z,2026-07-10T15:00:00+0200,3406.6,MW,PT,PT,forecast_solar_generation,Solar,2026-08-06T07:09:49Z
2026-08-06T06:59:31Z,2026-08-06T08:59:31+0200,c9803fd0-85de-41d5-be1c-e8446d37c7e0,2026-07-10T14:00:00Z,2026-07-10T16:00:00+0200,3228.4,MW,PT,PT,forecast_solar_generation,Solar,2026-08-06T07:09:49Z
2026-08-06T06:59:31Z,2026-08-06T08:59:31+0200,c9803fd0-85de-41d5-be1c-e8446d37c7e0,2026-07-10T15:00:00Z,2026-07-10T17:00:00+0200,2879.2,MW,PT,PT,forecast_solar_generation,Solar,2026-08-06T07:09:49Z
2026-08-06T06:59:31Z,2026-08-06T08:59:31+0200,c9803fd0-85de-41d5-be1c-e8446d37c7e0,2026-07-10T16:00:00Z,2026-07-10T18:00:00+0200,2392.1,MW,PT,PT,forecast_solar_generation,Solar,2026-08-06T07:09:49Z
2026-08-06T06:59:31Z,2026-08-06T08:59:31+0200,c9803fd0-85de-41d5-be1c-e8446d37c7e0,2026-07-10T17:00:00Z,2026-07-10T19:00:00+0200,1672.7,MW,PT,PT,forecast_solar_generation,Solar,2026-08-06T07:09:49Z
2026-08-06T06:59:31Z,2026-08-06T08:59:31+0200,c9803fd0-85de-41d5-be1c-e8446d37c7e0,2026-07-10T18:00:00Z,2026-07-10T20:00:00+0200,767.9,MW,PT,PT,forecast_solar_generation,Solar,2026-08-06T07:09:49Z
2026-08-06T06:59:31Z,2026-08-06T08:59:31+0200,c9803fd0-85de-41d5-be1c-e8446d37c7e0,2026-07-10T19:00:00Z,2026-07-10T21:00:00+0200,128.3,MW,PT,PT,forecast_solar_generation,Solar,2026-08-06T07:09:49Z
2026-08-06T06:59:31Z,2026-08-06T08:59:31+0200,c9803fd0-85de-41d5-be1c-e8446d37c7e0,2026-07-10T20:00:00Z,2026-07-10T22:00:00+0200,0.0,MW,PT,PT,forecast_solar_generation,Solar,2026-08-06T07:09:49Z
2026-08-06T06:59:31Z,2026-08-06T08:59:31+0200,c9803fd0-85de-41d5-be1c-e8446d37c7e0,2026-07-10T21:00:00Z,2026-07-10T23:00:00+0200,0.0,MW,PT,PT,forecast_solar_generation,Solar,2026-08-06T07:09:49Z
2026-08-06T06:59:31Z,2026-08-06T08:59:31+0200,c9803fd0-85de-41d5-be1c-e8446d37c7e0,2026-07-10T22:00:00Z,2026-07-11T00:00:00+0200,0.0,MW,PT,PT,forecast_solar_generation,Solar,2026-08-06T07:09:49Z
2026-08-06T06:59:31Z,2026-08-06T08:59:31+0200,c9803fd0-85de-41d5-be1c-e8446d37c7e0,2026-07-10T23:00:00Z,2026-07-11T01:00:00+0200,0.0,MW,PT,PT,forecast_solar_generation,Solar,2026-08-06T07:09:49Z
2026-08-06T06:59:31Z,2026-08-06T08:59:31+0200,c9803fd0-85de-41d5-be1c-e8446d37c7e0,2026-07-11T00:00:00Z,2026-07-11T02:00:00+0200,0.0,MW,PT,PT,forecast_solar_generation,Solar,2026-08-06T07:09:49Z
2026-08-06T06:59:31Z,2026-08-06T08:59:31+0200,c9803fd0-85de-41d5-be1c-e8446d37c7e0,2026-07-11T01:00:00Z,2026-07-11T03:00:00+0200,0.0,MW,PT,PT,forecast_solar_generation,Solar,2026-08-06T07:09:49Z
2026-08-06T06:59:31Z,2026-08-06T08:59:31+0200,c9803fd0-85de-41d5-be1c-e8446d37c7e0,2026-07-11T02:00:00Z,2026-07-11T04:00:00+0200,0.0,MW,PT,PT,forecast_solar_generation,Solar,2026-08-06T07:09:49Z
2026-08-06T06:59:31Z,2026-08-06T08:59:31+0200,c9803fd0-85de-41d5-be1c-e8446d37c7e0,2026-07-11T03:00:00Z,2026-07-11T05:00:00+0200,1.2,MW,PT,PT,forecast_solar_generation,Solar,2026-08-06T07:09:49Z
2026-08-06T06:59:31Z,2026-08-06T08:59:31+0200,c9803fd0-85de-41d5-be1c-e8446d37c7e0,2026-07-11T04:00:00Z,2026-07-11T06:00:00+0200,0.0,MW,PT,PT,forecast_solar_generation,Solar,2026-08-06T07:09:49Z
2026-08-06T06:59:31Z,2026-08-06T08:59:31+0200,c9803fd0-85de-41d5-be1c-e8446d37c7e0,2026-07-11T05:00:00Z,2026-07-11T07:00:00+0200,32.0,MW,PT,PT,forecast_solar_generation,Solar,2026-08-06T07:09:49Z
2026-08-06T06:59:31Z,2026-08-06T08:59:31+0200,c9803fd0-85de-41d5-be1c-e8446d37c7e0,2026-07-11T06:00:00Z,2026-07-11T08:00:00+0200,397.8,MW,PT,PT,forecast_solar_generation,Solar,2026-08-06T07:09:49Z
2026-08-06T06:59:31Z,2026-08-06T08:59:31+0200,c9803fd0-85de-41d5-be1c-e8446d37c7e0,2026-07-11T07:00:00Z,2026-07-11T09:00:00+0200,1052.4,MW,PT,PT,forecast_solar_generation,Solar,2026-08-06T07:09:49Z
2026-08-06T06:59:31Z,2026-08-06T08:59:31+0200,c9803fd0-85de-41d5-be1c-e8446d37c7e0,2026-07-11T08:00:00Z,2026-07-11T10:00:00+0200,1546.4,MW,PT,PT,forecast_solar_generation,Solar,2026-08-06T07:09:49Z
2026-08-06T06:59:31Z,2026-08-06T08:59:31+0200,c9803fd0-85de-41d5-be1c-e8446d37c7e0,2026-07-11T09:00:00Z,2026-07-11T11:00:00+0200,1943.4,MW,PT,PT,forecast_solar_generation,Solar,2026-08-06T07:09:49Z
2026-08-06T06:59:31Z,2026-08-06T08:59:31+0200,c9803fd0-85de-41d5-be1c-e8446d37c7e0,2026-07-11T10:00:00Z,2026-07-11T12:00:00+0200,2189.1,MW,PT,PT,forecast_solar_generation,Solar,2026-08-06T07:09:49Z
2026-08-06T06:59:31Z,2026-08-06T08:59:31+0200,c9803fd0-85de-41d5-be1c-e8446d37c7e0,2026-07-11T11:00:00Z,2026-07-11T13:00:00+0200,2376.4,MW,PT,PT,forecast_solar_generation,Solar,2026-08-06T07:09:49Z
2026-08-06T06:59:31Z,2026-08-06T08:59:31+0200,c9803fd0-85de-41d5-be1c-e8446d37c7e0,2026-07-11T12:00:00Z,2026-07-11T14:00:00+0200,2474.4,MW,PT,PT,forecast_solar_generation,Solar,2026-08-06T07:09:49Z
2026-08-06T06:59:31Z,2026-08-06T08:59:31+0200,c9803fd0-85de-41d5-be1c-e8446d37c7e0,2026-07-11T13:00:00Z,2026-07-11T15:00:00+0200,2461.9,MW,PT,PT,forecast_solar_generation,Solar,2026-08-06T07:09:49Z
2026-08-06T06:59:31Z,2026-08-06T08:59:31+0200,c9803fd0-85de-41d5-be1c-e8446d37c7e0,2026-07-11T14:00:00Z,2026-07-11T16:00:00+0200,2470.0,MW,PT,PT,forecast_solar_generation,Solar,2026-08-06T07:09:49Z
2026-08-06T06:59:31Z,2026-08-06T08:59:31+0200,c9803fd0-85de-41d5-be1c-e8446d37c7e0,2026-07-11T15:00:00Z,2026-07-11T17:00:00+0200,2434.9,MW,PT,PT,forecast_solar_generation,Solar,2026-08-06T07:09:49Z
2026-08-06T06:59:31Z,2026-08-06T08:59:31+0200,c9803fd0-85de-41d5-be1c-e8446d37c7e0,2026-07-11T16:00:00Z,2026-07-11T18:00:00+0200,2256.5,MW,PT,PT,forecast_solar_generation,Solar,2026-08-06T07:09:49Z
2026-08-06T06:59:31Z,2026-08-06T08:59:31+0200,c9803fd0-85de-41d5-be1c-e8446d37c7e0,2026-07-11T17:00:00Z,2026-07-11T19:00:00+0200,1598.8,MW,PT,PT,forecast_solar_generation,Solar,2026-08-06T07:09:49Z
2026-08-06T06:59:31Z,2026-08-06T08:59:31+0200,c9803fd0-85de-41d5-be1c-e8446d37c7e0,2026-07-11T18:00:00Z,2026-07-11T20:00:00+0200,740.6,MW,PT,PT,forecast_solar_generation,Solar,2026-08-06T07:09:49Z
2026-08-06T06:59:31Z,2026-08-06T08:59:31+0200,c9803fd0-85de-41d5-be1c-e8446d37c7e0,2026-07-11T19:00:00Z,2026-07-11T21:00:00+0200,108.2,MW,PT,PT,forecast_solar_generation,Solar,2026-08-06T07:09:49Z
2026-08-06T06:59:31Z,2026-08-06T08:59:31+0200,c9803fd0-85de-41d5-be1c-e8446d37c7e0,2026-07-11T20:00:00Z,2026-07-11T22:00:00+0200,0.0,MW,PT,PT,forecast_solar_generation,Solar,2026-08-06T07:09:49Z
2026-08-06T06:59:31Z,2026-08-06T08:59:31+0200,c9803fd0-85de-41d5-be1c-e8446d37c7e0,2026-07-11T21:00:00Z,2026-07-11T23:00:00+0200,0.0,MW,PT,PT,forecast_solar_generation,Solar,2026-08-06T07:09:49Z
2026-08-06T06:59:31Z,2026-08-06T08:59:31+0200,c9803fd0-85de-41d5-be1c-e8446d37c7e0,2026-07-11T22:00:00Z,2026-07-12T00:00:00+0200,33.9,MW,PT,PT,forecast_solar_generation,Solar,2026-08-06T07:09:49Z
2026-08-06T06:59:31Z,2026-08-06T08:59:31+0200,c9803fd0-85de-41d5-be1c-e8446d37c7e0,2026-07-11T23:00:00Z,2026-07-12T01:00:00+0200,29.4,MW,PT,PT,forecast_solar_generation,Solar,2026-08-06T07:09:49Z
2026-08-06T06:59:31Z,2026-08-06T08:59:31+0200,c9803fd0-85de-41d5-be1c-e8446d37c7e0,2026-07-12T00:00:00Z,2026-07-12T02:00:00+0200,29.4,MW,PT,PT,forecast_solar_generation,Solar,2026-08-06T07:09:49Z
2026-08-06T06:59:31Z,2026-08-06T08:59:31+0200,c9803fd0-85de-41d5-be1c-e8446d37c7e0,2026-07-12T01:00:00Z,2026-07-12T03:00:00+0200,31.3,MW,PT,PT,forecast_solar_generation,Solar,2026-08-06T07:09:49Z
2026-08-06T06:59:31Z,2026-08-06T08:59:31+0200,c9803fd0-85de-41d5-be1c-e8446d37c7e0,2026-07-12T02:00:00Z,2026-07-12T04:00:00+0200,29.3,MW,PT,PT,forecast_solar_generation,Solar,2026-08-06T07:09:49Z
2026-08-06T06:59:31Z,2026-08-06T08:59:31+0200,c9803fd0-85de-41d5-be1c-e8446d37c7e0,2026-07-12T03:00:00Z,2026-07-12T05:00:00+0200,29.3,MW,PT,PT,forecast_solar_generation,Solar,2026-08-06T07:09:49Z
2026-08-06T06:59:31Z,2026-08-06T08:59:31+0200,c9803fd0-85de-41d5-be1c-e8446d37c7e0,2026-07-12T04:00:00Z,2026-07-12T06:00:00+0200,29.3,MW,PT,PT,forecast_solar_generation,Solar,2026-08-06T07:09:49Z
2026-08-06T06:59:31Z,2026-08-06T08:59:31+0200,c9803fd0-85de-41d5-be1c-e8446d37c7e0,2026-07-12T05:00:00Z,2026-07-12T07:00:00+0200,59.2,MW,PT,PT,forecast_solar_generation,Solar,2026-08-06T07:09:49Z
2026-08-06T06:59:31Z,2026-08-06T08:59:31+0200,c9803fd0-85de-41d5-be1c-e8446d37c7e0,2026-07-12T06:00:00Z,2026-07-12T08:00:00+0200,544.9,MW,PT,PT,forecast_solar_generation,Solar,2026-08-06T07:09:49Z
2026-08-06T06:59:31Z,2026-08-06T08:59:31+0200,c9803fd0-85de-41d5-be1c-e8446d37c7e0,2026-07-12T07:00:00Z,2026-07-12T09:00:00+0200,956.0,MW,PT,PT,forecast_solar_generation,Solar,2026-08-06T07:09:49Z
2026-08-06T06:59:31Z,2026-08-06T08:59:31+0200,c9803fd0-85de-41d5-be1c-e8446d37c7e0,2026-07-12T08:00:00Z,2026-07-12T10:00:00+0200,1294.3,MW,PT,PT,forecast_solar_generation,Solar,2026-08-06T07:09:49Z
2026-08-06T06:59:31Z,2026-08-06T08:59:31+0200,c9803fd0-85de-41d5-be1c-e8446d37c7e0,2026-07-12T09:00:00Z,2026-07-12T11:00:00+0200,1933.5,MW,PT,PT,forecast_solar_generation,Solar,2026-08-06T07:09:49Z
2026-08-06T06:59:31Z,2026-08-06T08:59:31+0200,c9803fd0-85de-41d5-be1c-e8446d37c7e0,2026-07-12T10:00:00Z,2026-07-12T12:00:00+0200,2070.6,MW,PT,PT,forecast_solar_generation,Solar,2026-08-06T07:09:49Z
2026-08-06T06:59:31Z,2026-08-06T08:59:31+0200,c9803fd0-85de-41d5-be1c-e8446d37c7e0,2026-07-12T11:00:00Z,2026-07-12T13:00:00+0200,2202.7,MW,PT,PT,forecast_solar_generation,Solar,2026-08-06T07:09:49Z
2026-08-06T06:59:31Z,2026-08-06T08:59:31+0200,c9803fd0-85de-41d5-be1c-e8446d37c7e0,2026-07-12T12:00:00Z,2026-07-12T14:00:00+0200,2274.7,MW,PT,PT,forecast_solar_generation,Solar,2026-08-06T07:09:49Z
2026-08-06T06:59:31Z,2026-08-06T08:59:31+0200,c9803fd0-85de-41d5-be1c-e8446d37c7e0,2026-07-12T13:00:00Z,2026-07-12T15:00:00+0200,2251.9,MW,PT,PT,forecast_solar_generation,Solar,2026-08-06T07:09:49Z
2026-08-06T06:59:31Z,2026-08-06T08:59:31+0200,c9803fd0-85de-41d5-be1c-e8446d37c7e0,2026-07-12T14:00:00Z,2026-07-12T16:00:00+0200,2156.0,MW,PT,PT,forecast_solar_generation,Solar,2026-08-06T07:09:49Z
2026-08-06T06:59:31Z,2026-08-06T08:59:31+0200,c9803fd0-85de-41d5-be1c-e8446d37c7e0,2026-07-12T15:00:00Z,2026-07-12T17:00:00+0200,1957.4,MW,PT,PT,forecast_solar_generation,Solar,2026-08-06T07:09:49Z
2026-08-06T06:59:31Z,2026-08-06T08:59:31+0200,c9803fd0-85de-41d5-be1c-e8446d37c7e0,2026-07-12T16:00:00Z,2026-07-12T18:00:00+0200,1982.3,MW,PT,PT,forecast_solar_generation,Solar,2026-08-06T07:09:49Z
2026-08-06T06:59:31Z,2026-08-06T08:59:31+0200,c9803fd0-85de-41d5-be1c-e8446d37c7e0,2026-07-12T17:00:00Z,2026-07-12T19:00:00+0200,1586.9,MW,PT,PT,forecast_solar_generation,Solar,2026-08-06T07:09:49Z
2026-08-06T06:59:31Z,2026-08-06T08:59:31+0200,c9803fd0-85de-41d5-be1c-e8446d37c7e0,2026-07-12T18:00:00Z,2026-07-12T20:00:00+0200,821.8,MW,PT,PT,forecast_solar_generation,Solar,2026-08-06T07:09:49Z
2026-08-06T06:59:31Z,2026-08-06T08:59:31+0200,c9803fd0-85de-41d5-be1c-e8446d37c7e0,2026-07-12T19:00:00Z,2026-07-12T21:00:00+0200,262.3,MW,PT,PT,forecast_solar_generation,Solar,2026-08-06T07:09:49Z
2026-08-06T06:59:31Z,2026-08-06T08:59:31+0200,c9803fd0-85de-41d5-be1c-e8446d37c7e0,2026-07-12T20:00:00Z,2026-07-12T22:00:00+0200,66.5,MW,PT,PT,forecast_solar_generation,Solar,2026-08-06T07:09:49Z
2026-08-06T06:59:31Z,2026-08-06T08:59:31+0200,c9803fd0-85de-41d5-be1c-e8446d37c7e0,2026-07-12T21:00:00Z,2026-07-12T23:00:00+0200,51.7,MW,PT,PT,forecast_solar_generation,Solar,2026-08-06T07:09:49Z
2026-08-06T06:59:31Z,2026-08-06T08:59:31+0200,c9803fd0-85de-41d5-be1c-e8446d37c7e0,2026-07-12T22:00:00Z,2026-07-13T00:00:00+0200,26.9,MW,PT,PT,forecast_solar_generation,Solar,2026-08-06T07:09:49Z
2026-08-06T06:59:31Z,2026-08-06T08:59:31+0200,c9803fd0-85de-41d5-be1c-e8446d37c7e0,2026-07-12T23:00:00Z,2026-07-13T01:00:00+0200,26.7,MW,PT,PT,forecast_solar_generation,Solar,2026-08-06T07:09:49Z
2026-08-06T06:59:31Z,2026-08-06T08:59:31+0200,c9803fd0-85de-41d5-be1c-e8446d37c7e0,2026-07-13T00:00:00Z,2026-07-13T02:00:00+0200,28.1,MW,PT,PT,forecast_solar_generation,Solar,2026-08-06T07:09:49Z
2026-08-06T06:59:31Z,2026-08-06T08:59:31+0200,c9803fd0-85de-41d5-be1c-e8446d37c7e0,2026-07-13T01:00:00Z,2026-07-13T03:00:00+0200,28.0,MW,PT,PT,forecast_solar_generation,Solar,2026-08-06T07:09:49Z
2026-08-06T06:59:31Z,2026-08-06T08:59:31+0200,c9803fd0-85de-41d5-be1c-e8446d37c7e0,2026-07-13T02:00:00Z,2026-07-13T04:00:00+0200,28.0,MW,PT,PT,forecast_solar_generation,Solar,2026-08-06T07:09:49Z
2026-08-06T06:59:31Z,2026-08-06T08:59:31+0200,c9803fd0-85de-41d5-be1c-e8446d37c7e0,2026-07-13T03:00:00Z,2026-07-13T05:00:00+0200,27.7,MW,PT,PT,forecast_solar_generation,Solar,2026-08-06T07:09:49Z
2026-08-06T06:59:31Z,2026-08-06T08:59:31+0200,c9803fd0-85de-41d5-be1c-e8446d37c7e0,2026-07-13T04:00:00Z,2026-07-13T06:00:00+0200,29.5,MW,PT,PT,forecast_solar_generation,Solar,2026-08-06T07:09:49Z
2026-08-06T06:59:31Z,2026-08-06T08:59:31+0200,c9803fd0-85de-41d5-be1c-e8446d37c7e0,2026-07-13T05:00:00Z,2026-07-13T07:00:00+0200,61.5,MW,PT,PT,forecast_solar_generation,Solar,2026-08-06T07:09:49Z
2026-08-06T06:59:31Z,2026-08-06T08:59:31+0200,c9803fd0-85de-41d5-be1c-e8446d37c7e0,2026-07-13T06:00:00Z,2026-07-13T08:00:00+0200,424.0,MW,PT,PT,forecast_solar_generation,Solar,2026-08-06T07:09:49Z
2026-08-06T06:59:31Z,2026-08-06T08:59:31+0200,c9803fd0-85de-41d5-be1c-e8446d37c7e0,2026-07-13T07:00:00Z,2026-07-13T09:00:00+0200,1027.5,MW,PT,PT,forecast_solar_generation,Solar,2026-08-06T07:09:49Z
2026-08-06T06:59:31Z,2026-08-06T08:59:31+0200,c9803fd0-85de-41d5-be1c-e8446d37c7e0,2026-07-13T08:00:00Z,2026-07-13T10:00:00+0200,1621.5,MW,PT,PT,forecast_solar_generation,Solar,2026-08-06T07:09:49Z
2026-08-06T06:59:31Z,2026-08-06T08:59:31+0200,c9803fd0-85de-41d5-be1c-e8446d37c7e0,2026-07-13T09:00:00Z,2026-07-13T11:00:00+0200,2146.6,MW,PT,PT,forecast_solar_generation,Solar,2026-08-06T07:09:49Z
2026-08-06T06:59:31Z,2026-08-06T08:59:31+0200,c9803fd0-85de-41d5-be1c-e8446d37c7e0,2026-07-13T10:00:00Z,2026-07-13T12:00:00+0200,2553.2,MW,PT,PT,forecast_solar_generation,Solar,2026-08-06T07:09:49Z
2026-08-06T06:59:31Z,2026-08-06T08:59:31+0200,c9803fd0-85de-41d5-be1c-e8446d37c7e0,2026-07-13T11:00:00Z,2026-07-13T13:00:00+0200,2746.9,MW,PT,PT,forecast_solar_generation,Solar,2026-08-06T07:09:49Z
2026-08-06T06:59:31Z,2026-08-06T08:59:31+0200,c9803fd0-85de-41d5-be1c-e8446d37c7e0,2026-07-13T12:00:00Z,2026-07-13T14:00:00+0200,2791.5,MW,PT,PT,forecast_solar_generation,Solar,2026-08-06T07:09:49Z
2026-08-06T06:59:31Z,2026-08-06T08:59:31+0200,c9803fd0-85de-41d5-be1c-e8446d37c7e0,2026-07-13T13:00:00Z,2026-07-13T15:00:00+0200,2887.5,MW,PT,PT,forecast_solar_generation,Solar,2026-08-06T07:09:49Z
2026-08-06T06:59:31Z,2026-08-06T08:59:31+0200,c9803fd0-85de-41d5-be1c-e8446d37c7e0,2026-07-13T14:00:00Z,2026-07-13T16:00:00+0200,2759.3,MW,PT,PT,forecast_solar_generation,Solar,2026-08-06T07:09:49Z
2026-08-06T06:59:31Z,2026-08-06T08:59:31+0200,c9803fd0-85de-41d5-be1c-e8446d37c7e0,2026-07-13T15:00:00Z,2026-07-13T17:00:00+0200,2445.7,MW,PT,PT,forecast_solar_generation,Solar,2026-08-06T07:09:49Z
2026-08-06T06:59:31Z,2026-08-06T08:59:31+0200,c9803fd0-85de-41d5-be1c-e8446d37c7e0,2026-07-13T16:00:00Z,2026-07-13T18:00:00+0200,2049.6,MW,PT,PT,forecast_solar_generation,Solar,2026-08-06T07:09:49Z
2026-08-06T06:59:31Z,2026-08-06T08:59:31+0200,c9803fd0-85de-41d5-be1c-e8446d37c7e0,2026-07-13T17:00:00Z,2026-07-13T19:00:00+0200,1452.3,MW,PT,PT,forecast_solar_generation,Solar,2026-08-06T07:09:49Z
2026-08-06T06:59:31Z,2026-08-06T08:59:31+0200,c9803fd0-85de-41d5-be1c-e8446d37c7e0,2026-07-13T18:00:00Z,2026-07-13T20:00:00+0200,714.3,MW,PT,PT,forecast_solar_generation,Solar,2026-08-06T07:09:49Z
2026-08-06T06:59:31Z,2026-08-06T08:59:31+0200,c9803fd0-85de-41d5-be1c-e8446d37c7e0,2026-07-13T19:00:00Z,2026-07-13T21:00:00+0200,161.5,MW,PT,PT,forecast_solar_generation,Solar,2026-08-06T07:09:49Z
2026-08-06T06:59:31Z,2026-08-06T08:59:31+0200,c9803fd0-85de-41d5-be1c-e8446d37c7e0,2026-07-13T20:00:00Z,2026-07-13T22:00:00+0200,56.9,MW,PT,PT,forecast_solar_generation,Solar,2026-08-06T07:09:49Z
2026-08-06T06:59:31Z,2026-08-06T08:59:31+0200,c9803fd0-85de-41d5-be1c-e8446d37c7e0,2026-07-13T21:00:00Z,2026-07-13T23:00:00+0200,52.1,MW,PT,PT,forecast_solar_generation,Solar,2026-08-06T07:09:49Z
2026-08-06T06:59:31Z,2026-08-06T08:59:31+0200,c9803fd0-85de-41d5-be1c-e8446d37c7e0,2026-07-13T22:00:00Z,2026-07-14T00:00:00+0200,0.0,MW,PT,PT,forecast_solar_generation,Solar,2026-08-06T07:09:49Z
2026-08-06T06:59:31Z,2026-08-06T08:59:31+0200,c9803fd0-85de-41d5-be1c-e8446d37c7e0,2026-07-13T23:00:00Z,2026-07-14T01:00:00+0200,0.0,MW,PT,PT,forecast_solar_generation,Solar,2026-08-06T07:09:49Z
2026-08-06T06:59:31Z,2026-08-06T08:59:31+0200,c9803fd0-85de-41d5-be1c-e8446d37c7e0,2026-07-14T00:00:00Z,2026-07-14T02:00:00+0200,0.0,MW,PT,PT,forecast_solar_generation,Solar,2026-08-06T07:09:49Z
2026-08-06T06:59:31Z,2026-08-06T08:59:31+0200,c9803fd0-85de-41d5-be1c-e8446d37c7e0,2026-07-14T01:00:00Z,2026-07-14T03:00:00+0200,0.0,MW,PT,PT,forecast_solar_generation,Solar,2026-08-06T07:09:49Z
2026-08-06T06:59:31Z,2026-08-06T08:59:31+0200,c9803fd0-85de-41d5-be1c-e8446d37c7e0,2026-07-14T02:00:00Z,2026-07-14T04:00:00+0200,0.0,MW,PT,PT,forecast_solar_generation,Solar,2026-08-06T07:09:49Z
2026-08-06T06:59:31Z,2026-08-06T08:59:31+0200,c9803fd0-85de-41d5-be1c-e8446d37c7e0,2026-07-14T03:00:00Z,2026-07-14T05:00:00+0200,0.0,MW,PT,PT,forecast_solar_generation,Solar,2026-08-06T07:09:49Z
2026-08-06T06:59:31Z,2026-08-06T08:59:31+0200,c9803fd0-85de-41d5-be1c-e8446d37c7e0,2026-07-14T04:00:00Z,2026-07-14T06:00:00+0200,0.0,MW,PT,PT,forecast_solar_generation,Solar,2026-08-06T07:09:49Z
2026-08-06T06:59:31Z,2026-08-06T08:59:31+0200,c9803fd0-85de-41d5-be1c-e8446d37c7e0,2026-07-14T05:00:00Z,2026-07-14T07:00:00+0200,16.0,MW,PT,PT,forecast_solar_generation,Solar,2026-08-06T07:09:49Z
2026-08-06T06:59:31Z,2026-08-06T08:59:31+0200,c9803fd0-85de-41d5-be1c-e8446d37c7e0,2026-07-14T06:00:00Z,2026-07-14T08:00:00+0200,317.0,MW,PT,PT,forecast_solar_generation,Solar,2026-08-06T07:09:49Z
2026-08-06T06:59:31Z,2026-08-06T08:59:31+0200,c9803fd0-85de-41d5-be1c-e8446d37c7e0,2026-07-14T07:00:00Z,2026-07-14T09:00:00+0200,884.8,MW,PT,PT,forecast_solar_generation,Solar,2026-08-06T07:09:49Z
2026-08-06T06:59:31Z,2026-08-06T08:59:31+0200,c9803fd0-85de-41d5-be1c-e8446d37c7e0,2026-07-14T08:00:00Z,2026-07-14T10:00:00+0200,1610.8,MW,PT,PT,forecast_solar_generation,Solar,2026-08-06T07:09:49Z
2026-08-06T06:59:31Z,2026-08-06T08:59:31+0200,c9803fd0-85de-41d5-be1c-e8446d37c7e0,2026-07-14T09:00:00Z,2026-07-14T11:00:00+0200,2312.2,MW,PT,PT,forecast_solar_generation,Solar,2026-08-06T07:09:49Z
2026-08-06T06:59:31Z,2026-08-06T08:59:31+0200,c9803fd0-85de-41d5-be1c-e8446d37c7e0,2026-07-14T10:00:00Z,2026-07-14T12:00:00+0200,2822.8,MW,PT,PT,forecast_solar_generation,Solar,2026-08-06T07:09:49Z
2026-08-06T06:59:31Z,2026-08-06T08:59:31+0200,c9803fd0-85de-41d5-be1c-e8446d37c7e0,2026-07-14T11:00:00Z,2026-07-14T13:00:00+0200,3122.4,MW,PT,PT,forecast_solar_generation,Solar,2026-08-06T07:09:49Z
2026-08-06T06:59:31Z,2026-08-06T08:59:31+0200,c9803fd0-85de-41d5-be1c-e8446d37c7e0,2026-07-14T12:00:00Z,2026-07-14T14:00:00+0200,3255.9,MW,PT,PT,forecast_solar_generation,Solar,2026-08-06T07:09:49Z
2026-08-06T06:59:31Z,2026-08-06T08:59:31+0200,c9803fd0-85de-41d5-be1c-e8446d37c7e0,2026-07-14T13:00:00Z,2026-07-14T15:00:00+0200,3220.1,MW,PT,PT,forecast_solar_generation,Solar,2026-08-06T07:09:49Z
2026-08-06T06:59:31Z,2026-08-06T08:59:31+0200,c9803fd0-85de-41d5-be1c-e8446d37c7e0,2026-07-14T14:00:00Z,2026-07-14T16:00:00+0200,3068.6,MW,PT,PT,forecast_solar_generation,Solar,2026-08-06T07:09:49Z
2026-08-06T06:59:31Z,2026-08-06T08:59:31+0200,c9803fd0-85de-41d5-be1c-e8446d37c7e0,2026-07-14T15:00:00Z,2026-07-14T17:00:00+0200,2796.7,MW,PT,PT,forecast_solar_generation,Solar,2026-08-06T07:09:49Z
2026-08-06T06:59:31Z,2026-08-06T08:59:31+0200,c9803fd0-85de-41d5-be1c-e8446d37c7e0,2026-07-14T16:00:00Z,2026-07-14T18:00:00+0200,2346.6,MW,PT,PT,forecast_solar_generation,Solar,2026-08-06T07:09:49Z
2026-08-06T06:59:31Z,2026-08-06T08:59:31+0200,c9803fd0-85de-41d5-be1c-e8446d37c7e0,2026-07-14T17:00:00Z,2026-07-14T19:00:00+0200,1502.1,MW,PT,PT,forecast_solar_generation,Solar,2026-08-06T07:09:49Z
2026-08-06T06:59:31Z,2026-08-06T08:59:31+0200,c9803fd0-85de-41d5-be1c-e8446d37c7e0,2026-07-14T18:00:00Z,2026-07-14T20:00:00+0200,634.1,MW,PT,PT,forecast_solar_generation,Solar,2026-08-06T07:09:49Z
2026-08-06T06:59:31Z,2026-08-06T08:59:31+0200,c9803fd0-85de-41d5-be1c-e8446d37c7e0,2026-07-14T19:00:00Z,2026-07-14T21:00:00+0200,91.2,MW,PT,PT,forecast_solar_generation,Solar,2026-08-06T07:09:49Z
2026-08-06T06:59:31Z,2026-08-06T08:59:31+0200,c9803fd0-85de-41d5-be1c-e8446d37c7e0,2026-07-14T20:00:00Z,2026-07-14T22:00:00+0200,0.0,MW,PT,PT,forecast_solar_generation,Solar,2026-08-06T07:09:49Z
2026-08-06T06:59:31Z,2026-08-06T08:59:31+0200,c9803fd0-85de-41d5-be1c-e8446d37c7e0,2026-07-14T21:00:00Z,2026-07-14T23:00:00+0200,0.0,MW,PT,PT,forecast_solar_generation,Solar,2026-08-06T07:09:49Z
2026-08-06T06:59:31Z,2026-08-06T08:59:31+0200,c9803fd0-85de-41d5-be1c-e8446d37c7e0,2026-07-14T22:00:00Z,2026-07-15T00:00:00+0200,0.0,MW,PT,PT,forecast_solar_generation,Solar,2026-08-06T07:09:49Z
2026-08-06T06:59:31Z,2026-08-06T08:59:31+0200,c9803fd0-85de-41d5-be1c-e8446d37c7e0,2026-07-14T23:00:00Z,2026-07-15T01:00:00+0200,0.0,MW,PT,PT,forecast_solar_generation,Solar,2026-08-06T07:09:49Z
2026-08-06T06:59:31Z,2026-08-06T08:59:31+0200,c9803fd0-85de-41d5-be1c-e8446d37c7e0,2026-07-15T00:00:00Z,2026-07-15T02:00:00+0200,0.0,MW,PT,PT,forecast_solar_generation,Solar,2026-08-06T07:09:49Z
2026-08-06T06:59:31Z,2026-08-06T08:59:31+0200,c9803fd0-85de-41d5-be1c-e8446d37c7e0,2026-07-15T01:00:00Z,2026-07-15T03:00:00+0200,0.0,MW,PT,PT,forecast_solar_generation,Solar,2026-08-06T07:09:49Z
2026-08-06T06:59:31Z,2026-08-06T08:59:31+0200,c9803fd0-85de-41d5-be1c-e8446d37c7e0,2026-07-15T02:00:00Z,2026-07-15T04:00:00+0200,0.0,MW,PT,PT,forecast_solar_generation,Solar,2026-08-06T07:09:49Z
2026-08-06T06:59:31Z,2026-08-06T08:59:31+0200,c9803fd0-85de-41d5-be1c-e8446d37c7e0,2026-07-15T03:00:00Z,2026-07-15T05:00:00+0200,0.0,MW,PT,PT,forecast_solar_generation,Solar,2026-08-06T07:09:49Z
2026-08-06T06:59:31Z,2026-08-06T08:59:31+0200,c9803fd0-85de-41d5-be1c-e8446d37c7e0,2026-07-15T04:00:00Z,2026-07-15T06:00:00+0200,0.0,MW,PT,PT,forecast_solar_generation,Solar,2026-08-06T07:09:49Z
2026-08-06T06:59:31Z,2026-08-06T08:59:31+0200,c9803fd0-85de-41d5-be1c-e8446d37c7e0,2026-07-15T05:00:00Z,2026-07-15T07:00:00+0200,24.5,MW,PT,PT,forecast_solar_generation,Solar,2026-08-06T07:09:49Z
2026-08-06T06:59:31Z,2026-08-06T08:59:31+0200,c9803fd0-85de-41d5-be1c-e8446d37c7e0,2026-07-15T06:00:00Z,2026-07-15T08:00:00+0200,425.4,MW,PT,PT,forecast_solar_generation,Solar,2026-08-06T07:09:49Z
2026-08-06T06:59:31Z,2026-08-06T08:59:31+0200,c9803fd0-85de-41d5-be1c-e8446d37c7e0,2026-07-15T07:00:00Z,2026-07-15T09:00:00+0200,1185.8,MW,PT,PT,forecast_solar_generation,Solar,2026-08-06T07:09:49Z
2026-08-06T06:59:31Z,2026-08-06T08:59:31+0200,c9803fd0-85de-41d5-be1c-e8446d37c7e0,2026-07-15T08:00:00Z,2026-07-15T10:00:00+0200,2012.4,MW,PT,PT,forecast_solar_generation,Solar,2026-08-06T07:09:49Z
2026-08-06T06:59:31Z,2026-08-06T08:59:31+0200,c9803fd0-85de-41d5-be1c-e8446d37c7e0,2026-07-15T09:00:00Z,2026-07-15T11:00:00+0200,2569.1,MW,PT,PT,forecast_solar_generation,Solar,2026-08-06T07:09:49Z
2026-08-06T06:59:31Z,2026-08-06T08:59:31+0200,c9803fd0-85de-41d5-be1c-e8446d37c7e0,2026-07-15T10:00:00Z,2026-07-15T12:00:00+0200,2929.7,MW,PT,PT,forecast_solar_generation,Solar,2026-08-06T07:09:49Z
2026-08-06T06:59:31Z,2026-08-06T08:59:31+0200,c9803fd0-85de-41d5-be1c-e8446d37c7e0,2026-07-15T11:00:00Z,2026-07-15T13:00:00+0200,3120.5,MW,PT,PT,forecast_solar_generation,Solar,2026-08-06T07:09:49Z
2026-08-06T06:59:31Z,2026-08-06T08:59:31+0200,c9803fd0-85de-41d5-be1c-e8446d37c7e0,2026-07-15T12:00:00Z,2026-07-15T14:00:00+0200,3161.6,MW,PT,PT,forecast_solar_generation,Solar,2026-08-06T07:09:49Z
2026-08-06T06:59:31Z,2026-08-06T08:59:31+0200,c9803fd0-85de-41d5-be1c-e8446d37c7e0,2026-07-15T13:00:00Z,2026-07-15T15:00:00+0200,3092.6,MW,PT,PT,forecast_solar_generation,Solar,2026-08-06T07:09:49Z
2026-08-06T06:59:31Z,2026-08-06T08:59:31+0200,c9803fd0-85de-41d5-be1c-e8446d37c7e0,2026-07-15T14:00:00Z,2026-07-15T16:00:00+0200,2938.5,MW,PT,PT,forecast_solar_generation,Solar,2026-08-06T07:09:49Z
2026-08-06T06:59:31Z,2026-08-06T08:59:31+0200,c9803fd0-85de-41d5-be1c-e8446d37c7e0,2026-07-15T15:00:00Z,2026-07-15T17:00:00+0200,2717.0,MW,PT,PT,forecast_solar_generation,Solar,2026-08-06T07:09:49Z
2026-08-06T06:59:31Z,2026-08-06T08:59:31+0200,c9803fd0-85de-41d5-be1c-e8446d37c7e0,2026-07-15T16:00:00Z,2026-07-15T18:00:00+0200,2217.0,MW,PT,PT,forecast_solar_generation,Solar,2026-08-06T07:09:49Z
2026-08-06T06:59:31Z,2026-08-06T08:59:31+0200,c9803fd0-85de-41d5-be1c-e8446d37c7e0,2026-07-15T17:00:00Z,2026-07-15T19:00:00+0200,1459.7,MW,PT,PT,forecast_solar_generation,Solar,2026-08-06T07:09:49Z
2026-08-06T06:59:31Z,2026-08-06T08:59:31+0200,c9803fd0-85de-41d5-be1c-e8446d37c7e0,2026-07-15T18:00:00Z,2026-07-15T20:00:00+0200,620.5,MW,PT,PT,forecast_solar_generation,Solar,2026-08-06T07:09:49Z
2026-08-06T06:59:31Z,2026-08-06T08:59:31+0200,c9803fd0-85de-41d5-be1c-e8446d37c7e0,2026-07-15T19:00:00Z,2026-07-15T21:00:00+0200,71.7,MW,PT,PT,forecast_solar_generation,Solar,2026-08-06T07:09:49Z
2026-08-06T06:59:31Z,2026-08-06T08:59:31+0200,c9803fd0-85de-41d5-be1c-e8446d37c7e0,2026-07-15T20:00:00Z,2026-07-15T22:00:00+0200,0.0,MW,PT,PT,forecast_solar_generation,Solar,2026-08-06T07:09:49Z
2026-08-06T06:59:31Z,2026-08-06T08:59:31+0200,c9803fd0-85de-41d5-be1c-e8446d37c7e0,2026-07-15T21:00:00Z,2026-07-15T23:00:00+0200,0.0,MW,PT,PT,forecast_solar_generation,Solar,2026-08-06T07:09:49Z
2026-08-06T06:59:31Z,2026-08-06T08:59:31+0200,c9803fd0-85de-41d5-be1c-e8446d37c7e0,2026-07-15T22:00:00Z,2026-07-16T00:00:00+0200,28.9,MW,PT,PT,forecast_solar_generation,Solar,2026-08-06T07:09:49Z
2026-08-06T06:59:31Z,2026-08-06T08:59:31+0200,c9803fd0-85de-41d5-be1c-e8446d37c7e0,2026-07-15T23:00:00Z,2026-07-16T01:00:00+0200,26.7,MW,PT,PT,forecast_solar_generation,Solar,2026-08-06T07:09:49Z
2026-08-06T06:59:31Z,2026-08-06T08:59:31+0200,c9803fd0-85de-41d5-be1c-e8446d37c7e0,2026-07-16T00:00:00Z,2026-07-16T02:00:00+0200,26.7,MW,PT,PT,forecast_solar_generation,Solar,2026-08-06T07:09:49Z
2026-08-06T06:59:31Z,2026-08-06T08:59:31+0200,c9803fd0-85de-41d5-be1c-e8446d37c7e0,2026-07-16T01:00:00Z,2026-07-16T03:00:00+0200,26.7,MW,PT,PT,forecast_solar_generation,Solar,2026-08-06T07:09:49Z
2026-08-06T06:59:31Z,2026-08-06T08:59:31+0200,c9803fd0-85de-41d5-be1c-e8446d37c7e0,2026-07-16T02:00:00Z,2026-07-16T04:00:00+0200,26.7,MW,PT,PT,forecast_solar_generation,Solar,2026-08-06T07:09:49Z
2026-08-06T06:59:31Z,2026-08-06T08:59:31+0200,c9803fd0-85de-41d5-be1c-e8446d37c7e0,2026-07-16T03:00:00Z,2026-07-16T05:00:00+0200,26.7,MW,PT,PT,forecast_solar_generation,Solar,2026-08-06T07:09:49Z
2026-08-06T06:59:31Z,2026-08-06T08:59:31+0200,c9803fd0-85de-41d5-be1c-e8446d37c7e0,2026-07-16T04:00:00Z,2026-07-16T06:00:00+0200,27.8,MW,PT,PT,forecast_solar_generation,Solar,2026-08-06T07:09:49Z
2026-08-06T06:59:31Z,2026-08-06T08:59:31+0200,c9803fd0-85de-41d5-be1c-e8446d37c7e0,2026-07-16T05:00:00Z,2026-07-16T07:00:00+0200,60.5,MW,PT,PT,forecast_solar_generation,Solar,2026-08-06T07:09:49Z
2026-08-06T06:59:31Z,2026-08-06T08:59:31+0200,c9803fd0-85de-41d5-be1c-e8446d37c7e0,2026-07-16T06:00:00Z,2026-07-16T08:00:00+0200,407.1,MW,PT,PT,forecast_solar_generation,Solar,2026-08-06T07:09:49Z
2026-08-06T06:59:31Z,2026-08-06T08:59:31+0200,c9803fd0-85de-41d5-be1c-e8446d37c7e0,2026-07-16T07:00:00Z,2026-07-16T09:00:00+0200,1070.1,MW,PT,PT,forecast_solar_generation,Solar,2026-08-06T07:09:49Z
2026-08-06T06:59:31Z,2026-08-06T08:59:31+0200,c9803fd0-85de-41d5-be1c-e8446d37c7e0,2026-07-16T08:00:00Z,2026-07-16T10:00:00+0200,1838.6,MW,PT,PT,forecast_solar_generation,Solar,2026-08-06T07:09:49Z
2026-08-06T06:59:31Z,2026-08-06T08:59:31+0200,c9803fd0-85de-41d5-be1c-e8446d37c7e0,2026-07-16T09:00:00Z,2026-07-16T11:00:00+0200,2510.9,MW,PT,PT,forecast_solar_generation,Solar,2026-08-06T07:09:49Z
2026-08-06T06:59:31Z,2026-08-06T08:59:31+0200,c9803fd0-85de-41d5-be1c-e8446d37c7e0,2026-07-16T10:00:00Z,2026-07-16T12:00:00+0200,2972.8,MW,PT,PT,forecast_solar_generation,Solar,2026-08-06T07:09:49Z
2026-08-06T06:59:31Z,2026-08-06T08:59:31+0200,c9803fd0-85de-41d5-be1c-e8446d37c7e0,2026-07-16T11:00:00Z,2026-07-16T13:00:00+0200,3067.6,MW,PT,PT,forecast_solar_generation,Solar,2026-08-06T07:09:49Z
2026-08-06T06:59:31Z,2026-08-06T08:59:31+0200,c9803fd0-85de-41d5-be1c-e8446d37c7e0,2026-07-16T12:00:00Z,2026-07-16T14:00:00+0200,3115.5,MW,PT,PT,forecast_solar_generation,Solar,2026-08-06T07:09:49Z
2026-08-06T06:59:31Z,2026-08-06T08:59:31+0200,c9803fd0-85de-41d5-be1c-e8446d37c7e0,2026-07-16T13:00:00Z,2026-07-16T15:00:00+0200,3159.2,MW,PT,PT,forecast_solar_generation,Solar,2026-08-06T07:09:49Z
2026-08-06T06:59:31Z,2026-08-06T08:59:31+0200,c9803fd0-85de-41d5-be1c-e8446d37c7e0,2026-07-16T14:00:00Z,2026-07-16T16:00:00+0200,3003.5,MW,PT,PT,forecast_solar_generation,Solar,2026-08-06T07:09:49Z
2026-08-06T06:59:31Z,2026-08-06T08:59:31+0200,c9803fd0-85de-41d5-be1c-e8446d37c7e0,2026-07-16T15:00:00Z,2026-07-16T17:00:00+0200,2715.1,MW,PT,PT,forecast_solar_generation,Solar,2026-08-06T07:09:49Z
2026-08-06T06:59:31Z,2026-08-06T08:59:31+0200,c9803fd0-85de-41d5-be1c-e8446d37c7e0,2026-07-16T16:00:00Z,2026-07-16T18:00:00+0200,2200.1,MW,PT,PT,forecast_solar_generation,Solar,2026-08-06T07:09:49Z
2026-08-06T06:59:31Z,2026-08-06T08:59:31+0200,c9803fd0-85de-41d5-be1c-e8446d37c7e0,2026-07-16T17:00:00Z,2026-07-16T19:00:00+0200,1555.0,MW,PT,PT,forecast_solar_generation,Solar,2026-08-06T07:09:49Z
2026-08-06T06:59:31Z,2026-08-06T08:59:31+0200,c9803fd0-85de-41d5-be1c-e8446d37c7e0,2026-07-16T18:00:00Z,2026-07-16T20:00:00+0200,642.6,MW,PT,PT,forecast_solar_generation,Solar,2026-08-06T07:09:49Z
2026-08-06T06:59:31Z,2026-08-06T08:59:31+0200,c9803fd0-85de-41d5-be1c-e8446d37c7e0,2026-07-16T19:00:00Z,2026-07-16T21:00:00+0200,133.3,MW,PT,PT,forecast_solar_generation,Solar,2026-08-06T07:09:49Z
2026-08-06T06:59:31Z,2026-08-06T08:59:31+0200,c9803fd0-85de-41d5-be1c-e8446d37c7e0,2026-07-16T20:00:00Z,2026-07-16T22:00:00+0200,44.5,MW,PT,PT,forecast_solar_generation,Solar,2026-08-06T07:09:49Z
2026-08-06T06:59:31Z,2026-08-06T08:59:31+0200,c9803fd0-85de-41d5-be1c-e8446d37c7e0,2026-07-16T21:00:00Z,2026-07-16T23:00:00+0200,35.0,MW,PT,PT,forecast_solar_generation,Solar,2026-08-06T07:09:49Z
2026-08-06T06:59:31Z,2026-08-06T08:59:31+0200,c9803fd0-85de-41d5-be1c-e8446d37c7e0,2026-07-16T22:00:00Z,2026-07-17T00:00:00+0200,0.0,MW,PT,PT,forecast_solar_generation,Solar,2026-08-06T07:09:49Z
2026-08-06T06:59:31Z,2026-08-06T08:59:31+0200,c9803fd0-85de-41d5-be1c-e8446d37c7e0,2026-07-16T23:00:00Z,2026-07-17T01:00:00+0200,0.0,MW,PT,PT,forecast_solar_generation,Solar,2026-08-06T07:09:49Z
2026-08-06T06:59:31Z,2026-08-06T08:59:31+0200,c9803fd0-85de-41d5-be1c-e8446d37c7e0,2026-07-17T00:00:00Z,2026-07-17T02:00:00+0200,0.0,MW,PT,PT,forecast_solar_generation,Solar,2026-08-06T07:09:49Z
2026-08-06T06:59:31Z,2026-08-06T08:59:31+0200,c9803fd0-85de-41d5-be1c-e8446d37c7e0,2026-07-17T01:00:00Z,2026-07-17T03:00:00+0200,0.0,MW,PT,PT,forecast_solar_generation,Solar,2026-08-06T07:09:49Z
2026-08-06T06:59:31Z,2026-08-06T08:59:31+0200,c9803fd0-85de-41d5-be1c-e8446d37c7e0,2026-07-17T02:00:00Z,2026-07-17T04:00:00+0200,0.0,MW,PT,PT,forecast_solar_generation,Solar,2026-08-06T07:09:49Z
2026-08-06T06:59:31Z,2026-08-06T08:59:31+0200,c9803fd0-85de-41d5-be1c-e8446d37c7e0,2026-07-17T03:00:00Z,2026-07-17T05:00:00+0200,0.0,MW,PT,PT,forecast_solar_generation,Solar,2026-08-06T07:09:49Z
2026-08-06T06:59:31Z,2026-08-06T08:59:31+0200,c9803fd0-85de-41d5-be1c-e8446d37c7e0,2026-07-17T04:00:00Z,2026-07-17T06:00:00+0200,0.0,MW,PT,PT,forecast_solar_generation,Solar,2026-08-06T07:09:49Z
2026-08-06T06:59:31Z,2026-08-06T08:59:31+0200,c9803fd0-85de-41d5-be1c-e8446d37c7e0,2026-07-17T05:00:00Z,2026-07-17T07:00:00+0200,17.7,MW,PT,PT,forecast_solar_generation,Solar,2026-08-06T07:09:49Z
2026-08-06T06:59:31Z,2026-08-06T08:59:31+0200,c9803fd0-85de-41d5-be1c-e8446d37c7e0,2026-07-17T06:00:00Z,2026-07-17T08:00:00+0200,395.4,MW,PT,PT,forecast_solar_generation,Solar,2026-08-06T07:09:49Z
2026-08-06T06:59:31Z,2026-08-06T08:59:31+0200,c9803fd0-85de-41d5-be1c-e8446d37c7e0,2026-07-17T07:00:00Z,2026-07-17T09:00:00+0200,1103.8,MW,PT,PT,forecast_solar_generation,Solar,2026-08-06T07:09:49Z
2026-08-06T06:59:31Z,2026-08-06T08:59:31+0200,c9803fd0-85de-41d5-be1c-e8446d37c7e0,2026-07-17T08:00:00Z,2026-07-17T10:00:00+0200,1922.2,MW,PT,PT,forecast_solar_generation,Solar,2026-08-06T07:09:49Z
2026-08-06T06:59:31Z,2026-08-06T08:59:31+0200,c9803fd0-85de-41d5-be1c-e8446d37c7e0,2026-07-17T09:00:00Z,2026-07-17T11:00:00+0200,2607.4,MW,PT,PT,forecast_solar_generation,Solar,2026-08-06T07:09:49Z
2026-08-06T06:59:31Z,2026-08-06T08:59:31+0200,c9803fd0-85de-41d5-be1c-e8446d37c7e0,2026-07-17T10:00:00Z,2026-07-17T12:00:00+0200,3067.1,MW,PT,PT,forecast_solar_generation,Solar,2026-08-06T07:09:49Z
2026-08-06T06:59:31Z,2026-08-06T08:59:31+0200,c9803fd0-85de-41d5-be1c-e8446d37c7e0,2026-07-17T11:00:00Z,2026-07-17T13:00:00+0200,3342.0,MW,PT,PT,forecast_solar_generation,Solar,2026-08-06T07:09:49Z
2026-08-06T06:59:31Z,2026-08-06T08:59:31+0200,c9803fd0-85de-41d5-be1c-e8446d37c7e0,2026-07-17T12:00:00Z,2026-07-17T14:00:00+0200,3476.4,MW,PT,PT,forecast_solar_generation,Solar,2026-08-06T07:09:49Z
2026-08-06T06:59:31Z,2026-08-06T08:59:31+0200,c9803fd0-85de-41d5-be1c-e8446d37c7e0,2026-07-17T13:00:00Z,2026-07-17T15:00:00+0200,3328.4,MW,PT,PT,forecast_solar_generation,Solar,2026-08-06T07:09:49Z
2026-08-06T06:59:31Z,2026-08-06T08:59:31+0200,c9803fd0-85de-41d5-be1c-e8446d37c7e0,2026-07-17T14:00:00Z,2026-07-17T16:00:00+0200,3180.5,MW,PT,PT,forecast_solar_generation,Solar,2026-08-06T07:09:49Z
2026-08-06T06:59:31Z,2026-08-06T08:59:31+0200,c9803fd0-85de-41d5-be1c-e8446d37c7e0,2026-07-17T15:00:00Z,2026-07-17T17:00:00+0200,2877.3,MW,PT,PT,forecast_solar_generation,Solar,2026-08-06T07:09:49Z
2026-08-06T06:59:31Z,2026-08-06T08:59:31+0200,c9803fd0-85de-41d5-be1c-e8446d37c7e0,2026-07-17T16:00:00Z,2026-07-17T18:00:00+0200,2376.6,MW,PT,PT,forecast_solar_generation,Solar,2026-08-06T07:09:49Z
2026-08-06T06:59:31Z,2026-08-06T08:59:31+0200,c9803fd0-85de-41d5-be1c-e8446d37c7e0,2026-07-17T17:00:00Z,2026-07-17T19:00:00+0200,1659.6,MW,PT,PT,forecast_solar_generation,Solar,2026-08-06T07:09:49Z
2026-08-06T06:59:31Z,2026-08-06T08:59:31+0200,c9803fd0-85de-41d5-be1c-e8446d37c7e0,2026-07-17T18:00:00Z,2026-07-17T20:00:00+0200,781.0,MW,PT,PT,forecast_solar_generation,Solar,2026-08-06T07:09:49Z
2026-08-06T06:59:31Z,2026-08-06T08:59:31+0200,c9803fd0-85de-41d5-be1c-e8446d37c7e0,2026-07-17T19:00:00Z,2026-07-17T21:00:00+0200,148.1,MW,PT,PT,forecast_solar_generation,Solar,2026-08-06T07:09:49Z
2026-08-06T06:59:31Z,2026-08-06T08:59:31+0200,c9803fd0-85de-41d5-be1c-e8446d37c7e0,2026-07-17T20:00:00Z,2026-07-17T22:00:00+0200,0.0,MW,PT,PT,forecast_solar_generation,Solar,2026-08-06T07:09:49Z
2026-08-06T06:59:31Z,2026-08-06T08:59:31+0200,c9803fd0-85de-41d5-be1c-e8446d37c7e0,2026-07-17T21:00:00Z,2026-07-17T23:00:00+0200,0.0,MW,PT,PT,forecast_solar_generation,Solar,2026-08-06T07:09:49Z
2026-08-06T06:59:31Z,2026-08-06T08:59:31+0200,c9803fd0-85de-41d5-be1c-e8446d37c7e0,2026-07-17T22:00:00Z,2026-07-18T00:00:00+0200,0.0,MW,PT,PT,forecast_solar_generation,Solar,2026-08-06T07:09:49Z
2026-08-06T06:59:31Z,2026-08-06T08:59:31+0200,c9803fd0-85de-41d5-be1c-e8446d37c7e0,2026-07-17T23:00:00Z,2026-07-18T01:00:00+0200,0.0,MW,PT,PT,forecast_solar_generation,Solar,2026-08-06T07:09:49Z
2026-08-06T06:59:31Z,2026-08-06T08:59:31+0200,c9803fd0-85de-41d5-be1c-e8446d37c7e0,2026-07-18T00:00:00Z,2026-07-18T02:00:00+0200,0.0,MW,PT,PT,forecast_solar_generation,Solar,2026-08-06T07:09:49Z
2026-08-06T06:59:31Z,2026-08-06T08:59:31+0200,c9803fd0-85de-41d5-be1c-e8446d37c7e0,2026-07-18T01:00:00Z,2026-07-18T03:00:00+0200,0.0,MW,PT,PT,forecast_solar_generation,Solar,2026-08-06T07:09:49Z
2026-08-06T06:59:31Z,2026-08-06T08:59:31+0200,c9803fd0-85de-41d5-be1c-e8446d37c7e0,2026-07-18T02:00:00Z,2026-07-18T04:00:00+0200,0.0,MW,PT,PT,forecast_solar_generation,Solar,2026-08-06T07:09:49Z
2026-08-06T06:59:31Z,2026-08-06T08:59:31+0200,c9803fd0-85de-41d5-be1c-e8446d37c7e0,2026-07-18T03:00:00Z,2026-07-18T05:00:00+0200,0.0,MW,PT,PT,forecast_solar_generation,Solar,2026-08-06T07:09:49Z
2026-08-06T06:59:31Z,2026-08-06T08:59:31+0200,c9803fd0-85de-41d5-be1c-e8446d37c7e0,2026-07-18T04:00:00Z,2026-07-18T06:00:00+0200,0.0,MW,PT,PT,forecast_solar_generation,Solar,2026-08-06T07:09:49Z
2026-08-06T06:59:31Z,2026-08-06T08:59:31+0200,c9803fd0-85de-41d5-be1c-e8446d37c7e0,2026-07-18T05:00:00Z,2026-07-18T07:00:00+0200,52.2,MW,PT,PT,forecast_solar_generation,Solar,2026-08-06T07:09:49Z
2026-08-06T06:59:31Z,2026-08-06T08:59:31+0200,c9803fd0-85de-41d5-be1c-e8446d37c7e0,2026-07-18T06:00:00Z,2026-07-18T08:00:00+0200,450.2,MW,PT,PT,forecast_solar_generation,Solar,2026-08-06T07:09:49Z
2026-08-06T06:59:31Z,2026-08-06T08:59:31+0200,c9803fd0-85de-41d5-be1c-e8446d37c7e0,2026-07-18T07:00:00Z,2026-07-18T09:00:00+0200,1122.0,MW,PT,PT,forecast_solar_generation,Solar,2026-08-06T07:09:49Z
2026-08-06T06:59:31Z,2026-08-06T08:59:31+0200,c9803fd0-85de-41d5-be1c-e8446d37c7e0,2026-07-18T08:00:00Z,2026-07-18T10:00:00+0200,1782.3,MW,PT,PT,forecast_solar_generation,Solar,2026-08-06T07:09:49Z
2026-08-06T06:59:31Z,2026-08-06T08:59:31+0200,c9803fd0-85de-41d5-be1c-e8446d37c7e0,2026-07-18T09:00:00Z,2026-07-18T11:00:00+0200,2317.0,MW,PT,PT,forecast_solar_generation,Solar,2026-08-06T07:09:49Z
2026-08-06T06:59:31Z,2026-08-06T08:59:31+0200,c9803fd0-85de-41d5-be1c-e8446d37c7e0,2026-07-18T10:00:00Z,2026-07-18T12:00:00+0200,2506.3,MW,PT,PT,forecast_solar_generation,Solar,2026-08-06T07:09:49Z
2026-08-06T06:59:31Z,2026-08-06T08:59:31+0200,c9803fd0-85de-41d5-be1c-e8446d37c7e0,2026-07-18T11:00:00Z,2026-07-18T13:00:00+0200,2663.1,MW,PT,PT,forecast_solar_generation,Solar,2026-08-06T07:09:49Z
2026-08-06T06:59:31Z,2026-08-06T08:59:31+0200,c9803fd0-85de-41d5-be1c-e8446d37c7e0,2026-07-18T12:00:00Z,2026-07-18T14:00:00+0200,2689.9,MW,PT,PT,forecast_solar_generation,Solar,2026-08-06T07:09:49Z
2026-08-06T06:59:31Z,2026-08-06T08:59:31+0200,c9803fd0-85de-41d5-be1c-e8446d37c7e0,2026-07-18T13:00:00Z,2026-07-18T15:00:00+0200,2697.1,MW,PT,PT,forecast_solar_generation,Solar,2026-08-06T07:09:49Z
2026-08-06T06:59:31Z,2026-08-06T08:59:31+0200,c9803fd0-85de-41d5-be1c-e8446d37c7e0,2026-07-18T14:00:00Z,2026-07-18T16:00:00+0200,2644.7,MW,PT,PT,forecast_solar_generation,Solar,2026-08-06T07:09:49Z
2026-08-06T06:59:31Z,2026-08-06T08:59:31+0200,c9803fd0-85de-41d5-be1c-e8446d37c7e0,2026-07-18T15:00:00Z,2026-07-18T17:00:00+0200,2518.5,MW,PT,PT,forecast_solar_generation,Solar,2026-08-06T07:09:49Z
2026-08-06T06:59:31Z,2026-08-06T08:59:31+0200,c9803fd0-85de-41d5-be1c-e8446d37c7e0,2026-07-18T16:00:00Z,2026-07-18T18:00:00+0200,2232.7,MW,PT,PT,forecast_solar_generation,Solar,2026-08-06T07:09:49Z
2026-08-06T06:59:31Z,2026-08-06T08:59:31+0200,c9803fd0-85de-41d5-be1c-e8446d37c7e0,2026-07-18T17:00:00Z,2026-07-18T19:00:00+0200,1566.9,MW,PT,PT,forecast_solar_generation,Solar,2026-08-06T07:09:49Z
2026-08-06T06:59:31Z,2026-08-06T08:59:31+0200,c9803fd0-85de-41d5-be1c-e8446d37c7e0,2026-07-18T18:00:00Z,2026-07-18T20:00:00+0200,733.9,MW,PT,PT,forecast_solar_generation,Solar,2026-08-06T07:09:49Z
2026-08-06T06:59:31Z,2026-08-06T08:59:31+0200,c9803fd0-85de-41d5-be1c-e8446d37c7e0,2026-07-18T19:00:00Z,2026-07-18T21:00:00+0200,153.5,MW,PT,PT,forecast_solar_generation,Solar,2026-08-06T07:09:49Z
2026-08-06T06:59:31Z,2026-08-06T08:59:31+0200,c9803fd0-85de-41d5-be1c-e8446d37c7e0,2026-07-18T20:00:00Z,2026-07-18T22:00:00+0200,0.0,MW,PT,PT,forecast_solar_generation,Solar,2026-08-06T07:09:49Z
2026-08-06T06:59:31Z,2026-08-06T08:59:31+0200,c9803fd0-85de-41d5-be1c-e8446d37c7e0,2026-07-18T21:00:00Z,2026-07-18T23:00:00+0200,0.0,MW,PT,PT,forecast_solar_generation,Solar,2026-08-06T07:09:49Z
2026-08-06T06:59:31Z,2026-08-06T08:59:31+0200,c9803fd0-85de-41d5-be1c-e8446d37c7e0,2026-07-18T22:00:00Z,2026-07-19T00:00:00+0200,0.0,MW,PT,PT,forecast_solar_generation,Solar,2026-08-06T07:09:49Z
2026-08-06T06:59:31Z,2026-08-06T08:59:31+0200,c9803fd0-85de-41d5-be1c-e8446d37c7e0,2026-07-18T23:00:00Z,2026-07-19T01:00:00+0200,0.0,MW,PT,PT,forecast_solar_generation,Solar,2026-08-06T07:09:49Z
2026-08-06T06:59:31Z,2026-08-06T08:59:31+0200,c9803fd0-85de-41d5-be1c-e8446d37c7e0,2026-07-19T00:00:00Z,2026-07-19T02:00:00+0200,0.0,MW,PT,PT,forecast_solar_generation,Solar,2026-08-06T07:09:49Z
2026-08-06T06:59:31Z,2026-08-06T08:59:31+0200,c9803fd0-85de-41d5-be1c-e8446d37c7e0,2026-07-19T01:00:00Z,2026-07-19T03:00:00+0200,0.0,MW,PT,PT,forecast_solar_generation,Solar,2026-08-06T07:09:49Z
2026-08-06T06:59:31Z,2026-08-06T08:59:31+0200,c9803fd0-85de-41d5-be1c-e8446d37c7e0,2026-07-19T02:00:00Z,2026-07-19T04:00:00+0200,0.0,MW,PT,PT,forecast_solar_generation,Solar,2026-08-06T07:09:49Z
2026-08-06T06:59:31Z,2026-08-06T08:59:31+0200,c9803fd0-85de-41d5-be1c-e8446d37c7e0,2026-07-19T03:00:00Z,2026-07-19T05:00:00+0200,0.0,MW,PT,PT,forecast_solar_generation,Solar,2026-08-06T07:09:49Z
2026-08-06T06:59:31Z,2026-08-06T08:59:31+0200,c9803fd0-85de-41d5-be1c-e8446d37c7e0,2026-07-19T04:00:00Z,2026-07-19T06:00:00+0200,0.0,MW,PT,PT,forecast_solar_generation,Solar,2026-08-06T07:09:49Z
2026-08-06T06:59:31Z,2026-08-06T08:59:31+0200,c9803fd0-85de-41d5-be1c-e8446d37c7e0,2026-07-19T05:00:00Z,2026-07-19T07:00:00+0200,14.1,MW,PT,PT,forecast_solar_generation,Solar,2026-08-06T07:09:49Z
2026-08-06T06:59:31Z,2026-08-06T08:59:31+0200,c9803fd0-85de-41d5-be1c-e8446d37c7e0,2026-07-19T06:00:00Z,2026-07-19T08:00:00+0200,368.0,MW,PT,PT,forecast_solar_generation,Solar,2026-08-06T07:09:49Z
2026-08-06T06:59:31Z,2026-08-06T08:59:31+0200,c9803fd0-85de-41d5-be1c-e8446d37c7e0,2026-07-19T07:00:00Z,2026-07-19T09:00:00+0200,1005.6,MW,PT,PT,forecast_solar_generation,Solar,2026-08-06T07:09:49Z
2026-08-06T06:59:31Z,2026-08-06T08:59:31+0200,c9803fd0-85de-41d5-be1c-e8446d37c7e0,2026-07-19T08:00:00Z,2026-07-19T10:00:00+0200,1472.9,MW,PT,PT,forecast_solar_generation,Solar,2026-08-06T07:09:49Z
2026-08-06T06:59:31Z,2026-08-06T08:59:31+0200,c9803fd0-85de-41d5-be1c-e8446d37c7e0,2026-07-19T09:00:00Z,2026-07-19T11:00:00+0200,1951.0,MW,PT,PT,forecast_solar_generation,Solar,2026-08-06T07:09:49Z
2026-08-06T06:59:31Z,2026-08-06T08:59:31+0200,c9803fd0-85de-41d5-be1c-e8446d37c7e0,2026-07-19T10:00:00Z,2026-07-19T12:00:00+0200,2193.6,MW,PT,PT,forecast_solar_generation,Solar,2026-08-06T07:09:49Z
2026-08-06T06:59:31Z,2026-08-06T08:59:31+0200,c9803fd0-85de-41d5-be1c-e8446d37c7e0,2026-07-19T11:00:00Z,2026-07-19T13:00:00+0200,2273.7,MW,PT,PT,forecast_solar_generation,Solar,2026-08-06T07:09:49Z
2026-08-06T06:59:31Z,2026-08-06T08:59:31+0200,c9803fd0-85de-41d5-be1c-e8446d37c7e0,2026-07-19T12:00:00Z,2026-07-19T14:00:00+0200,2395.8,MW,PT,PT,forecast_solar_generation,Solar,2026-08-06T07:09:49Z
2026-08-06T06:59:31Z,2026-08-06T08:59:31+0200,c9803fd0-85de-41d5-be1c-e8446d37c7e0,2026-07-19T13:00:00Z,2026-07-19T15:00:00+0200,2513.1,MW,PT,PT,forecast_solar_generation,Solar,2026-08-06T07:09:49Z
2026-08-06T06:59:31Z,2026-08-06T08:59:31+0200,c9803fd0-85de-41d5-be1c-e8446d37c7e0,2026-07-19T14:00:00Z,2026-07-19T16:00:00+0200,2456.8,MW,PT,PT,forecast_solar_generation,Solar,2026-08-06T07:09:49Z
2026-08-06T06:59:31Z,2026-08-06T08:59:31+0200,c9803fd0-85de-41d5-be1c-e8446d37c7e0,2026-07-19T15:00:00Z,2026-07-19T17:00:00+0200,2230.4,MW,PT,PT,forecast_solar_generation,Solar,2026-08-06T07:09:49Z
2026-08-06T06:59:31Z,2026-08-06T08:59:31+0200,c9803fd0-85de-41d5-be1c-e8446d37c7e0,2026-07-19T16:00:00Z,2026-07-19T18:00:00+0200,2154.7,MW,PT,PT,forecast_solar_generation,Solar,2026-08-06T07:09:49Z
2026-08-06T06:59:31Z,2026-08-06T08:59:31+0200,c9803fd0-85de-41d5-be1c-e8446d37c7e0,2026-07-19T17:00:00Z,2026-07-19T19:00:00+0200,1561.7,MW,PT,PT,forecast_solar_generation,Solar,2026-08-06T07:09:49Z
2026-08-06T06:59:31Z,2026-08-06T08:59:31+0200,c9803fd0-85de-41d5-be1c-e8446d37c7e0,2026-07-19T18:00:00Z,2026-07-19T20:00:00+0200,651.9,MW,PT,PT,forecast_solar_generation,Solar,2026-08-06T07:09:49Z
2026-08-06T06:59:31Z,2026-08-06T08:59:31+0200,c9803fd0-85de-41d5-be1c-e8446d37c7e0,2026-07-19T19:00:00Z,2026-07-19T21:00:00+0200,99.5,MW,PT,PT,forecast_solar_generation,Solar,2026-08-06T07:09:49Z
2026-08-06T06:59:31Z,2026-08-06T08:59:31+0200,c9803fd0-85de-41d5-be1c-e8446d37c7e0,2026-07-19T20:00:00Z,2026-07-19T22:00:00+0200,0.0,MW,PT,PT,forecast_solar_generation,Solar,2026-08-06T07:09:49Z
2026-08-06T06:59:31Z,2026-08-06T08:59:31+0200,c9803fd0-85de-41d5-be1c-e8446d37c7e0,2026-07-19T21:00:00Z,2026-07-19T23:00:00+0200,0.0,MW,PT,PT,forecast_solar_generation,Solar,2026-08-06T07:09:49Z
2026-08-06T06:59:31Z,2026-08-06T08:59:31+0200,c9803fd0-85de-41d5-be1c-e8446d37c7e0,2026-07-19T22:00:00Z,2026-07-20T00:00:00+0200,0.0,MW,PT,PT,forecast_solar_generation,Solar,2026-08-06T07:09:49Z
2026-08-06T06:59:31Z,2026-08-06T08:59:31+0200,c9803fd0-85de-41d5-be1c-e8446d37c7e0,2026-07-19T23:00:00Z,2026-07-20T01:00:00+0200,0.0,MW,PT,PT,forecast_solar_generation,Solar,2026-08-06T07:09:49Z
2026-08-06T06:59:31Z,2026-08-06T08:59:31+0200,c9803fd0-85de-41d5-be1c-e8446d37c7e0,2026-07-20T00:00:00Z,2026-07-20T02:00:00+0200,0.0,MW,PT,PT,forecast_solar_generation,Solar,2026-08-06T07:09:49Z
2026-08-06T06:59:31Z,2026-08-06T08:59:31+0200,c9803fd0-85de-41d5-be1c-e8446d37c7e0,2026-07-20T01:00:00Z,2026-07-20T03:00:00+0200,0.0,MW,PT,PT,forecast_solar_generation,Solar,2026-08-06T07:09:49Z
2026-08-06T06:59:31Z,2026-08-06T08:59:31+0200,c9803fd0-85de-41d5-be1c-e8446d37c7e0,2026-07-20T02:00:00Z,2026-07-20T04:00:00+0200,0.0,MW,PT,PT,forecast_solar_generation,Solar,2026-08-06T07:09:49Z
2026-08-06T06:59:31Z,2026-08-06T08:59:31+0200,c9803fd0-85de-41d5-be1c-e8446d37c7e0,2026-07-20T03:00:00Z,2026-07-20T05:00:00+0200,0.0,MW,PT,PT,forecast_solar_generation,Solar,2026-08-06T07:09:49Z
2026-08-06T06:59:31Z,2026-08-06T08:59:31+0200,c9803fd0-85de-41d5-be1c-e8446d37c7e0,2026-07-20T04:00:00Z,2026-07-20T06:00:00+0200,0.0,MW,PT,PT,forecast_solar_generation,Solar,2026-08-06T07:09:49Z
2026-08-06T06:59:31Z,2026-08-06T08:59:31+0200,c9803fd0-85de-41d5-be1c-e8446d37c7e0,2026-07-20T05:00:00Z,2026-07-20T07:00:00+0200,14.2,MW,PT,PT,forecast_solar_generation,Solar,2026-08-06T07:09:49Z
2026-08-06T06:59:31Z,2026-08-06T08:59:31+0200,c9803fd0-85de-41d5-be1c-e8446d37c7e0,2026-07-20T06:00:00Z,2026-07-20T08:00:00+0200,320.8,MW,PT,PT,forecast_solar_generation,Solar,2026-08-06T07:09:49Z
2026-08-06T06:59:31Z,2026-08-06T08:59:31+0200,c9803fd0-85de-41d5-be1c-e8446d37c7e0,2026-07-20T07:00:00Z,2026-07-20T09:00:00+0200,1027.6,MW,PT,PT,forecast_solar_generation,Solar,2026-08-06T07:09:49Z
2026-08-06T06:59:31Z,2026-08-06T08:59:31+0200,c9803fd0-85de-41d5-be1c-e8446d37c7e0,2026-07-20T08:00:00Z,2026-07-20T10:00:00+0200,1852.5,MW,PT,PT,forecast_solar_generation,Solar,2026-08-06T07:09:49Z
2026-08-06T06:59:31Z,2026-08-06T08:59:31+0200,c9803fd0-85de-41d5-be1c-e8446d37c7e0,2026-07-20T09:00:00Z,2026-07-20T11:00:00+0200,2554.3,MW,PT,PT,forecast_solar_generation,Solar,2026-08-06T07:09:49Z
2026-08-06T06:59:31Z,2026-08-06T08:59:31+0200,c9803fd0-85de-41d5-be1c-e8446d37c7e0,2026-07-20T10:00:00Z,2026-07-20T12:00:00+0200,3037.7,MW,PT,PT,forecast_solar_generation,Solar,2026-08-06T07:09:49Z
2026-08-06T06:59:31Z,2026-08-06T08:59:31+0200,c9803fd0-85de-41d5-be1c-e8446d37c7e0,2026-07-20T11:00:00Z,2026-07-20T13:00:00+0200,3299.1,MW,PT,PT,forecast_solar_generation,Solar,2026-08-06T07:09:49Z
2026-08-06T06:59:31Z,2026-08-06T08:59:31+0200,c9803fd0-85de-41d5-be1c-e8446d37c7e0,2026-07-20T12:00:00Z,2026-07-20T14:00:00+0200,3381.4,MW,PT,PT,forecast_solar_generation,Solar,2026-08-06T07:09:49Z
2026-08-06T06:59:31Z,2026-08-06T08:59:31+0200,c9803fd0-85de-41d5-be1c-e8446d37c7e0,2026-07-20T13:00:00Z,2026-07-20T15:00:00+0200,3234.2,MW,PT,PT,forecast_solar_generation,Solar,2026-08-06T07:09:49Z
2026-08-06T06:59:31Z,2026-08-06T08:59:31+0200,c9803fd0-85de-41d5-be1c-e8446d37c7e0,2026-07-20T14:00:00Z,2026-07-20T16:00:00+0200,3082.9,MW,PT,PT,forecast_solar_generation,Solar,2026-08-06T07:09:49Z
2026-08-06T06:59:31Z,2026-08-06T08:59:31+0200,c9803fd0-85de-41d5-be1c-e8446d37c7e0,2026-07-20T15:00:00Z,2026-07-20T17:00:00+0200,2887.8,MW,PT,PT,forecast_solar_generation,Solar,2026-08-06T07:09:49Z
2026-08-06T06:59:31Z,2026-08-06T08:59:31+0200,c9803fd0-85de-41d5-be1c-e8446d37c7e0,2026-07-20T16:00:00Z,2026-07-20T18:00:00+0200,2420.6,MW,PT,PT,forecast_solar_generation,Solar,2026-08-06T07:09:49Z
2026-08-06T06:59:31Z,2026-08-06T08:59:31+0200,c9803fd0-85de-41d5-be1c-e8446d37c7e0,2026-07-20T17:00:00Z,2026-07-20T19:00:00+0200,1542.4,MW,PT,PT,forecast_solar_generation,Solar,2026-08-06T07:09:49Z
2026-08-06T06:59:31Z,2026-08-06T08:59:31+0200,c9803fd0-85de-41d5-be1c-e8446d37c7e0,2026-07-20T18:00:00Z,2026-07-20T20:00:00+0200,692.5,MW,PT,PT,forecast_solar_generation,Solar,2026-08-06T07:09:49Z
2026-08-06T06:59:31Z,2026-08-06T08:59:31+0200,c9803fd0-85de-41d5-be1c-e8446d37c7e0,2026-07-20T19:00:00Z,2026-07-20T21:00:00+0200,96.3,MW,PT,PT,forecast_solar_generation,Solar,2026-08-06T07:09:49Z
2026-08-06T06:59:31Z,2026-08-06T08:59:31+0200,c9803fd0-85de-41d5-be1c-e8446d37c7e0,2026-07-20T20:00:00Z,2026-07-20T22:00:00+0200,0.0,MW,PT,PT,forecast_solar_generation,Solar,2026-08-06T07:09:49Z
2026-08-06T06:59:31Z,2026-08-06T08:59:31+0200,c9803fd0-85de-41d5-be1c-e8446d37c7e0,2026-07-20T21:00:00Z,2026-07-20T23:00:00+0200,0.0,MW,PT,PT,forecast_solar_generation,Solar,2026-08-06T07:09:49Z
2026-08-06T06:59:31Z,2026-08-06T08:59:31+0200,c9803fd0-85de-41d5-be1c-e8446d37c7e0,2026-07-20T22:00:00Z,2026-07-21T00:00:00+0200,0.0,MW,PT,PT,forecast_solar_generation,Solar,2026-08-06T07:09:49Z
2026-08-06T06:59:31Z,2026-08-06T08:59:31+0200,c9803fd0-85de-41d5-be1c-e8446d37c7e0,2026-07-20T23:00:00Z,2026-07-21T01:00:00+0200,0.0,MW,PT,PT,forecast_solar_generation,Solar,2026-08-06T07:09:49Z
2026-08-06T06:59:31Z,2026-08-06T08:59:31+0200,c9803fd0-85de-41d5-be1c-e8446d37c7e0,2026-07-21T00:00:00Z,2026-07-21T02:00:00+0200,0.0,MW,PT,PT,forecast_solar_generation,Solar,2026-08-06T07:09:49Z
2026-08-06T06:59:31Z,2026-08-06T08:59:31+0200,c9803fd0-85de-41d5-be1c-e8446d37c7e0,2026-07-21T01:00:00Z,2026-07-21T03:00:00+0200,0.0,MW,PT,PT,forecast_solar_generation,Solar,2026-08-06T07:09:49Z
2026-08-06T06:59:31Z,2026-08-06T08:59:31+0200,c9803fd0-85de-41d5-be1c-e8446d37c7e0,2026-07-21T02:00:00Z,2026-07-21T04:00:00+0200,0.0,MW,PT,PT,forecast_solar_generation,Solar,2026-08-06T07:09:49Z
2026-08-06T06:59:31Z,2026-08-06T08:59:31+0200,c9803fd0-85de-41d5-be1c-e8446d37c7e0,2026-07-21T03:00:00Z,2026-07-21T05:00:00+0200,0.0,MW,PT,PT,forecast_solar_generation,Solar,2026-08-06T07:09:49Z
2026-08-06T06:59:31Z,2026-08-06T08:59:31+0200,c9803fd0-85de-41d5-be1c-e8446d37c7e0,2026-07-21T04:00:00Z,2026-07-21T06:00:00+0200,0.0,MW,PT,PT,forecast_solar_generation,Solar,2026-08-06T07:09:49Z
2026-08-06T06:59:31Z,2026-08-06T08:59:31+0200,c9803fd0-85de-41d5-be1c-e8446d37c7e0,2026-07-21T05:00:00Z,2026-07-21T07:00:00+0200,26.3,MW,PT,PT,forecast_solar_generation,Solar,2026-08-06T07:09:49Z
2026-08-06T06:59:31Z,2026-08-06T08:59:31+0200,c9803fd0-85de-41d5-be1c-e8446d37c7e0,2026-07-21T06:00:00Z,2026-07-21T08:00:00+0200,413.5,MW,PT,PT,forecast_solar_generation,Solar,2026-08-06T07:09:49Z
2026-08-06T06:59:31Z,2026-08-06T08:59:31+0200,c9803fd0-85de-41d5-be1c-e8446d37c7e0,2026-07-21T07:00:00Z,2026-07-21T09:00:00+0200,1042.5,MW,PT,PT,forecast_solar_generation,Solar,2026-08-06T07:09:49Z
2026-08-06T06:59:31Z,2026-08-06T08:59:31+0200,c9803fd0-85de-41d5-be1c-e8446d37c7e0,2026-07-21T08:00:00Z,2026-07-21T10:00:00+0200,1817.1,MW,PT,PT,forecast_solar_generation,Solar,2026-08-06T07:09:49Z
2026-08-06T06:59:31Z,2026-08-06T08:59:31+0200,c9803fd0-85de-41d5-be1c-e8446d37c7e0,2026-07-21T09:00:00Z,2026-07-21T11:00:00+0200,2626.9,MW,PT,PT,forecast_solar_generation,Solar,2026-08-06T07:09:49Z
2026-08-06T06:59:31Z,2026-08-06T08:59:31+0200,c9803fd0-85de-41d5-be1c-e8446d37c7e0,2026-07-21T10:00:00Z,2026-07-21T12:00:00+0200,3000.3,MW,PT,PT,forecast_solar_generation,Solar,2026-08-06T07:09:49Z
2026-08-06T06:59:31Z,2026-08-06T08:59:31+0200,c9803fd0-85de-41d5-be1c-e8446d37c7e0,2026-07-21T11:00:00Z,2026-07-21T13:00:00+0200,3255.2,MW,PT,PT,forecast_solar_generation,Solar,2026-08-06T07:09:49Z
2026-08-06T06:59:31Z,2026-08-06T08:59:31+0200,c9803fd0-85de-41d5-be1c-e8446d37c7e0,2026-07-21T12:00:00Z,2026-07-21T14:00:00+0200,3344.5,MW,PT,PT,forecast_solar_generation,Solar,2026-08-06T07:09:49Z
2026-08-06T06:59:31Z,2026-08-06T08:59:31+0200,c9803fd0-85de-41d5-be1c-e8446d37c7e0,2026-07-21T13:00:00Z,2026-07-21T15:00:00+0200,3259.9,MW,PT,PT,forecast_solar_generation,Solar,2026-08-06T07:09:49Z
2026-08-06T06:59:31Z,2026-08-06T08:59:31+0200,c9803fd0-85de-41d5-be1c-e8446d37c7e0,2026-07-21T14:00:00Z,2026-07-21T16:00:00+0200,3137.4,MW,PT,PT,forecast_solar_generation,Solar,2026-08-06T07:09:49Z
2026-08-06T06:59:31Z,2026-08-06T08:59:31+0200,c9803fd0-85de-41d5-be1c-e8446d37c7e0,2026-07-21T15:00:00Z,2026-07-21T17:00:00+0200,2778.2,MW,PT,PT,forecast_solar_generation,Solar,2026-08-06T07:09:49Z
2026-08-06T06:59:31Z,2026-08-06T08:59:31+0200,c9803fd0-85de-41d5-be1c-e8446d37c7e0,2026-07-21T16:00:00Z,2026-07-21T18:00:00+0200,2190.5,MW,PT,PT,forecast_solar_generation,Solar,2026-08-06T07:09:49Z
2026-08-06T06:59:31Z,2026-08-06T08:59:31+0200,c9803fd0-85de-41d5-be1c-e8446d37c7e0,2026-07-21T17:00:00Z,2026-07-21T19:00:00+0200,1492.3,MW,PT,PT,forecast_solar_generation,Solar,2026-08-06T07:09:49Z
2026-08-06T06:59:31Z,2026-08-06T08:59:31+0200,c9803fd0-85de-41d5-be1c-e8446d37c7e0,2026-07-21T18:00:00Z,2026-07-21T20:00:00+0200,689.3,MW,PT,PT,forecast_solar_generation,Solar,2026-08-06T07:09:49Z
2026-08-06T06:59:31Z,2026-08-06T08:59:31+0200,c9803fd0-85de-41d5-be1c-e8446d37c7e0,2026-07-21T19:00:00Z,2026-07-21T21:00:00+0200,158.5,MW,PT,PT,forecast_solar_generation,Solar,2026-08-06T07:09:49Z
2026-08-06T06:59:31Z,2026-08-06T08:59:31+0200,c9803fd0-85de-41d5-be1c-e8446d37c7e0,2026-07-21T20:00:00Z,2026-07-21T22:00:00+0200,6.2,MW,PT,PT,forecast_solar_generation,Solar,2026-08-06T07:09:49Z
2026-08-06T06:59:31Z,2026-08-06T08:59:31+0200,c9803fd0-85de-41d5-be1c-e8446d37c7e0,2026-07-21T21:00:00Z,2026-07-21T23:00:00+0200,0.0,MW,PT,PT,forecast_solar_generation,Solar,2026-08-06T07:09:49Z
2026-08-06T06:59:31Z,2026-08-06T08:59:31+0200,c9803fd0-85de-41d5-be1c-e8446d37c7e0,2026-07-21T22:00:00Z,2026-07-22T00:00:00+0200,0.0,MW,PT,PT,forecast_solar_generation,Solar,2026-08-06T07:09:49Z
2026-08-06T06:59:31Z,2026-08-06T08:59:31+0200,c9803fd0-85de-41d5-be1c-e8446d37c7e0,2026-07-21T23:00:00Z,2026-07-22T01:00:00+0200,0.0,MW,PT,PT,forecast_solar_generation,Solar,2026-08-06T07:09:49Z
2026-08-06T06:59:31Z,2026-08-06T08:59:31+0200,c9803fd0-85de-41d5-be1c-e8446d37c7e0,2026-07-22T00:00:00Z,2026-07-22T02:00:00+0200,0.0,MW,PT,PT,forecast_solar_generation,Solar,2026-08-06T07:09:49Z
2026-08-06T06:59:31Z,2026-08-06T08:59:31+0200,c9803fd0-85de-41d5-be1c-e8446d37c7e0,2026-07-22T01:00:00Z,2026-07-22T03:00:00+0200,0.0,MW,PT,PT,forecast_solar_generation,Solar,2026-08-06T07:09:49Z
2026-08-06T06:59:31Z,2026-08-06T08:59:31+0200,c9803fd0-85de-41d5-be1c-e8446d37c7e0,2026-07-22T02:00:00Z,2026-07-22T04:00:00+0200,0.0,MW,PT,PT,forecast_solar_generation,Solar,2026-08-06T07:09:49Z
2026-08-06T06:59:31Z,2026-08-06T08:59:31+0200,c9803fd0-85de-41d5-be1c-e8446d37c7e0,2026-07-22T03:00:00Z,2026-07-22T05:00:00+0200,0.0,MW,PT,PT,forecast_solar_generation,Solar,2026-08-06T07:09:49Z
2026-08-06T06:59:31Z,2026-08-06T08:59:31+0200,c9803fd0-85de-41d5-be1c-e8446d37c7e0,2026-07-22T04:00:00Z,2026-07-22T06:00:00+0200,0.0,MW,PT,PT,forecast_solar_generation,Solar,2026-08-06T07:09:49Z
2026-08-06T06:59:31Z,2026-08-06T08:59:31+0200,c9803fd0-85de-41d5-be1c-e8446d37c7e0,2026-07-22T05:00:00Z,2026-07-22T07:00:00+0200,20.4,MW,PT,PT,forecast_solar_generation,Solar,2026-08-06T07:09:49Z
2026-08-06T06:59:31Z,2026-08-06T08:59:31+0200,c9803fd0-85de-41d5-be1c-e8446d37c7e0,2026-07-22T06:00:00Z,2026-07-22T08:00:00+0200,381.0,MW,PT,PT,forecast_solar_generation,Solar,2026-08-06T07:09:49Z
2026-08-06T06:59:31Z,2026-08-06T08:59:31+0200,c9803fd0-85de-41d5-be1c-e8446d37c7e0,2026-07-22T07:00:00Z,2026-07-22T09:00:00+0200,1036.7,MW,PT,PT,forecast_solar_generation,Solar,2026-08-06T07:09:49Z
2026-08-06T06:59:31Z,2026-08-06T08:59:31+0200,c9803fd0-85de-41d5-be1c-e8446d37c7e0,2026-07-22T08:00:00Z,2026-07-22T10:00:00+0200,1906.0,MW,PT,PT,forecast_solar_generation,Solar,2026-08-06T07:09:49Z
2026-08-06T06:59:31Z,2026-08-06T08:59:31+0200,c9803fd0-85de-41d5-be1c-e8446d37c7e0,2026-07-22T09:00:00Z,2026-07-22T11:00:00+0200,2592.8,MW,PT,PT,forecast_solar_generation,Solar,2026-08-06T07:09:49Z
2026-08-06T06:59:31Z,2026-08-06T08:59:31+0200,c9803fd0-85de-41d5-be1c-e8446d37c7e0,2026-07-22T10:00:00Z,2026-07-22T12:00:00+0200,3225.0,MW,PT,PT,forecast_solar_generation,Solar,2026-08-06T07:09:49Z
2026-08-06T06:59:31Z,2026-08-06T08:59:31+0200,c9803fd0-85de-41d5-be1c-e8446d37c7e0,2026-07-22T11:00:00Z,2026-07-22T13:00:00+0200,3375.9,MW,PT,PT,forecast_solar_generation,Solar,2026-08-06T07:09:49Z
2026-08-06T06:59:31Z,2026-08-06T08:59:31+0200,c9803fd0-85de-41d5-be1c-e8446d37c7e0,2026-07-22T12:00:00Z,2026-07-22T14:00:00+0200,3376.6,MW,PT,PT,forecast_solar_generation,Solar,2026-08-06T07:09:49Z
2026-08-06T06:59:31Z,2026-08-06T08:59:31+0200,c9803fd0-85de-41d5-be1c-e8446d37c7e0,2026-07-22T13:00:00Z,2026-07-22T15:00:00+0200,3262.4,MW,PT,PT,forecast_solar_generation,Solar,2026-08-06T07:09:49Z
2026-08-06T06:59:31Z,2026-08-06T08:59:31+0200,c9803fd0-85de-41d5-be1c-e8446d37c7e0,2026-07-22T14:00:00Z,2026-07-22T16:00:00+0200,3134.9,MW,PT,PT,forecast_solar_generation,Solar,2026-08-06T07:09:49Z
2026-08-06T06:59:31Z,2026-08-06T08:59:31+0200,c9803fd0-85de-41d5-be1c-e8446d37c7e0,2026-07-22T15:00:00Z,2026-07-22T17:00:00+0200,2894.7,MW,PT,PT,forecast_solar_generation,Solar,2026-08-06T07:09:49Z
2026-08-06T06:59:31Z,2026-08-06T08:59:31+0200,c9803fd0-85de-41d5-be1c-e8446d37c7e0,2026-07-22T16:00:00Z,2026-07-22T18:00:00+0200,2382.9,MW,PT,PT,forecast_solar_generation,Solar,2026-08-06T07:09:49Z
2026-08-06T06:59:31Z,2026-08-06T08:59:31+0200,c9803fd0-85de-41d5-be1c-e8446d37c7e0,2026-07-22T17:00:00Z,2026-07-22T19:00:00+0200,1564.2,MW,PT,PT,forecast_solar_generation,Solar,2026-08-06T07:09:49Z
2026-08-06T06:59:31Z,2026-08-06T08:59:31+0200,c9803fd0-85de-41d5-be1c-e8446d37c7e0,2026-07-22T18:00:00Z,2026-07-22T20:00:00+0200,677.7,MW,PT,PT,forecast_solar_generation,Solar,2026-08-06T07:09:49Z
2026-08-06T06:59:31Z,2026-08-06T08:59:31+0200,c9803fd0-85de-41d5-be1c-e8446d37c7e0,2026-07-22T19:00:00Z,2026-07-22T21:00:00+0200,89.0,MW,PT,PT,forecast_solar_generation,Solar,2026-08-06T07:09:49Z
2026-08-06T06:59:31Z,2026-08-06T08:59:31+0200,c9803fd0-85de-41d5-be1c-e8446d37c7e0,2026-07-22T20:00:00Z,2026-07-22T22:00:00+0200,0.0,MW,PT,PT,forecast_solar_generation,Solar,2026-08-06T07:09:49Z
2026-08-06T06:59:31Z,2026-08-06T08:59:31+0200,c9803fd0-85de-41d5-be1c-e8446d37c7e0,2026-07-22T21:00:00Z,2026-07-22T23:00:00+0200,0.0,MW,PT,PT,forecast_solar_generation,Solar,2026-08-06T07:09:49Z
2026-08-06T06:59:31Z,2026-08-06T08:59:31+0200,c9803fd0-85de-41d5-be1c-e8446d37c7e0,2026-07-22T22:00:00Z,2026-07-23T00:00:00+0200,0.0,MW,PT,PT,forecast_solar_generation,Solar,2026-08-06T07:09:49Z
2026-08-06T06:59:31Z,2026-08-06T08:59:31+0200,c9803fd0-85de-41d5-be1c-e8446d37c7e0,2026-07-22T23:00:00Z,2026-07-23T01:00:00+0200,0.0,MW,PT,PT,forecast_solar_generation,Solar,2026-08-06T07:09:49Z
2026-08-06T06:59:31Z,2026-08-06T08:59:31+0200,c9803fd0-85de-41d5-be1c-e8446d37c7e0,2026-07-23T00:00:00Z,2026-07-23T02:00:00+0200,0.0,MW,PT,PT,forecast_solar_generation,Solar,2026-08-06T07:09:49Z
2026-08-06T06:59:31Z,2026-08-06T08:59:31+0200,c9803fd0-85de-41d5-be1c-e8446d37c7e0,2026-07-23T01:00:00Z,2026-07-23T03:00:00+0200,0.0,MW,PT,PT,forecast_solar_generation,Solar,2026-08-06T07:09:49Z
2026-08-06T06:59:31Z,2026-08-06T08:59:31+0200,c9803fd0-85de-41d5-be1c-e8446d37c7e0,2026-07-23T02:00:00Z,2026-07-23T04:00:00+0200,1.2,MW,PT,PT,forecast_solar_generation,Solar,2026-08-06T07:09:49Z
2026-08-06T06:59:31Z,2026-08-06T08:59:31+0200,c9803fd0-85de-41d5-be1c-e8446d37c7e0,2026-07-23T03:00:00Z,2026-07-23T05:00:00+0200,0.0,MW,PT,PT,forecast_solar_generation,Solar,2026-08-06T07:09:49Z
2026-08-06T06:59:31Z,2026-08-06T08:59:31+0200,c9803fd0-85de-41d5-be1c-e8446d37c7e0,2026-07-23T04:00:00Z,2026-07-23T06:00:00+0200,0.0,MW,PT,PT,forecast_solar_generation,Solar,2026-08-06T07:09:49Z
2026-08-06T06:59:31Z,2026-08-06T08:59:31+0200,c9803fd0-85de-41d5-be1c-e8446d37c7e0,2026-07-23T05:00:00Z,2026-07-23T07:00:00+0200,39.5,MW,PT,PT,forecast_solar_generation,Solar,2026-08-06T07:09:49Z
2026-08-06T06:59:31Z,2026-08-06T08:59:31+0200,c9803fd0-85de-41d5-be1c-e8446d37c7e0,2026-07-23T06:00:00Z,2026-07-23T08:00:00+0200,428.3,MW,PT,PT,forecast_solar_generation,Solar,2026-08-06T07:09:49Z
2026-08-06T06:59:31Z,2026-08-06T08:59:31+0200,c9803fd0-85de-41d5-be1c-e8446d37c7e0,2026-07-23T07:00:00Z,2026-07-23T09:00:00+0200,1221.3,MW,PT,PT,forecast_solar_generation,Solar,2026-08-06T07:09:49Z
2026-08-06T06:59:31Z,2026-08-06T08:59:31+0200,c9803fd0-85de-41d5-be1c-e8446d37c7e0,2026-07-23T08:00:00Z,2026-07-23T10:00:00+0200,2134.1,MW,PT,PT,forecast_solar_generation,Solar,2026-08-06T07:09:49Z
2026-08-06T06:59:31Z,2026-08-06T08:59:31+0200,c9803fd0-85de-41d5-be1c-e8446d37c7e0,2026-07-23T09:00:00Z,2026-07-23T11:00:00+0200,2690.0,MW,PT,PT,forecast_solar_generation,Solar,2026-08-06T07:09:49Z
2026-08-06T06:59:31Z,2026-08-06T08:59:31+0200,c9803fd0-85de-41d5-be1c-e8446d37c7e0,2026-07-23T10:00:00Z,2026-07-23T12:00:00+0200,3184.5,MW,PT,PT,forecast_solar_generation,Solar,2026-08-06T07:09:49Z
2026-08-06T06:59:31Z,2026-08-06T08:59:31+0200,c9803fd0-85de-41d5-be1c-e8446d37c7e0,2026-07-23T11:00:00Z,2026-07-23T13:00:00+0200,3314.8,MW,PT,PT,forecast_solar_generation,Solar,2026-08-06T07:09:49Z
2026-08-06T06:59:31Z,2026-08-06T08:59:31+0200,c9803fd0-85de-41d5-be1c-e8446d37c7e0,2026-07-23T12:00:00Z,2026-07-23T14:00:00+0200,3401.1,MW,PT,PT,forecast_solar_generation,Solar,2026-08-06T07:09:49Z
2026-08-06T06:59:31Z,2026-08-06T08:59:31+0200,c9803fd0-85de-41d5-be1c-e8446d37c7e0,2026-07-23T13:00:00Z,2026-07-23T15:00:00+0200,3445.8,MW,PT,PT,forecast_solar_generation,Solar,2026-08-06T07:09:49Z
2026-08-06T06:59:31Z,2026-08-06T08:59:31+0200,c9803fd0-85de-41d5-be1c-e8446d37c7e0,2026-07-23T14:00:00Z,2026-07-23T16:00:00+0200,3279.5,MW,PT,PT,forecast_solar_generation,Solar,2026-08-06T07:09:49Z
2026-08-06T06:59:31Z,2026-08-06T08:59:31+0200,c9803fd0-85de-41d5-be1c-e8446d37c7e0,2026-07-23T15:00:00Z,2026-07-23T17:00:00+0200,2982.3,MW,PT,PT,forecast_solar_generation,Solar,2026-08-06T07:09:49Z
2026-08-06T06:59:31Z,2026-08-06T08:59:31+0200,c9803fd0-85de-41d5-be1c-e8446d37c7e0,2026-07-23T16:00:00Z,2026-07-23T18:00:00+0200,2558.7,MW,PT,PT,forecast_solar_generation,Solar,2026-08-06T07:09:49Z
2026-08-06T06:59:31Z,2026-08-06T08:59:31+0200,c9803fd0-85de-41d5-be1c-e8446d37c7e0,2026-07-23T17:00:00Z,2026-07-23T19:00:00+0200,1724.4,MW,PT,PT,forecast_solar_generation,Solar,2026-08-06T07:09:49Z
2026-08-06T06:59:31Z,2026-08-06T08:59:31+0200,c9803fd0-85de-41d5-be1c-e8446d37c7e0,2026-07-23T18:00:00Z,2026-07-23T20:00:00+0200,747.4,MW,PT,PT,forecast_solar_generation,Solar,2026-08-06T07:09:49Z
2026-08-06T06:59:31Z,2026-08-06T08:59:31+0200,c9803fd0-85de-41d5-be1c-e8446d37c7e0,2026-07-23T19:00:00Z,2026-07-23T21:00:00+0200,153.5,MW,PT,PT,forecast_solar_generation,Solar,2026-08-06T07:09:49Z
2026-08-06T06:59:31Z,2026-08-06T08:59:31+0200,c9803fd0-85de-41d5-be1c-e8446d37c7e0,2026-07-23T20:00:00Z,2026-07-23T22:00:00+0200,0.0,MW,PT,PT,forecast_solar_generation,Solar,2026-08-06T07:09:49Z
2026-08-06T06:59:31Z,2026-08-06T08:59:31+0200,c9803fd0-85de-41d5-be1c-e8446d37c7e0,2026-07-23T21:00:00Z,2026-07-23T23:00:00+0200,2.0,MW,PT,PT,forecast_solar_generation,Solar,2026-08-06T07:09:49Z
2026-08-06T06:59:31Z,2026-08-06T08:59:31+0200,c9803fd0-85de-41d5-be1c-e8446d37c7e0,2026-07-23T22:00:00Z,2026-07-24T00:00:00+0200,43.7,MW,PT,PT,forecast_solar_generation,Solar,2026-08-06T07:09:49Z
2026-08-06T06:59:31Z,2026-08-06T08:59:31+0200,c9803fd0-85de-41d5-be1c-e8446d37c7e0,2026-07-23T23:00:00Z,2026-07-24T01:00:00+0200,39.1,MW,PT,PT,forecast_solar_generation,Solar,2026-08-06T07:09:49Z
2026-08-06T06:59:31Z,2026-08-06T08:59:31+0200,c9803fd0-85de-41d5-be1c-e8446d37c7e0,2026-07-24T00:00:00Z,2026-07-24T02:00:00+0200,43.7,MW,PT,PT,forecast_solar_generation,Solar,2026-08-06T07:09:49Z
2026-08-06T06:59:31Z,2026-08-06T08:59:31+0200,c9803fd0-85de-41d5-be1c-e8446d37c7e0,2026-07-24T01:00:00Z,2026-07-24T03:00:00+0200,39.1,MW,PT,PT,forecast_solar_generation,Solar,2026-08-06T07:09:49Z
2026-08-06T06:59:31Z,2026-08-06T08:59:31+0200,c9803fd0-85de-41d5-be1c-e8446d37c7e0,2026-07-24T02:00:00Z,2026-07-24T04:00:00+0200,39.1,MW,PT,PT,forecast_solar_generation,Solar,2026-08-06T07:09:49Z
2026-08-06T06:59:31Z,2026-08-06T08:59:31+0200,c9803fd0-85de-41d5-be1c-e8446d37c7e0,2026-07-24T03:00:00Z,2026-07-24T05:00:00+0200,34.4,MW,PT,PT,forecast_solar_generation,Solar,2026-08-06T07:09:49Z
2026-08-06T06:59:31Z,2026-08-06T08:59:31+0200,c9803fd0-85de-41d5-be1c-e8446d37c7e0,2026-07-24T04:00:00Z,2026-07-24T06:00:00+0200,39.1,MW,PT,PT,forecast_solar_generation,Solar,2026-08-06T07:09:49Z
2026-08-06T06:59:31Z,2026-08-06T08:59:31+0200,c9803fd0-85de-41d5-be1c-e8446d37c7e0,2026-07-24T05:00:00Z,2026-07-24T07:00:00+0200,94.8,MW,PT,PT,forecast_solar_generation,Solar,2026-08-06T07:09:49Z
2026-08-06T06:59:31Z,2026-08-06T08:59:31+0200,c9803fd0-85de-41d5-be1c-e8446d37c7e0,2026-07-24T06:00:00Z,2026-07-24T08:00:00+0200,536.0,MW,PT,PT,forecast_solar_generation,Solar,2026-08-06T07:09:49Z
2026-08-06T06:59:31Z,2026-08-06T08:59:31+0200,c9803fd0-85de-41d5-be1c-e8446d37c7e0,2026-07-24T07:00:00Z,2026-07-24T09:00:00+0200,1162.5,MW,PT,PT,forecast_solar_generation,Solar,2026-08-06T07:09:49Z
2026-08-06T06:59:31Z,2026-08-06T08:59:31+0200,c9803fd0-85de-41d5-be1c-e8446d37c7e0,2026-07-24T08:00:00Z,2026-07-24T10:00:00+0200,1865.0,MW,PT,PT,forecast_solar_generation,Solar,2026-08-06T07:09:49Z
2026-08-06T06:59:31Z,2026-08-06T08:59:31+0200,c9803fd0-85de-41d5-be1c-e8446d37c7e0,2026-07-24T09:00:00Z,2026-07-24T11:00:00+0200,2508.4,MW,PT,PT,forecast_solar_generation,Solar,2026-08-06T07:09:49Z
2026-08-06T06:59:31Z,2026-08-06T08:59:31+0200,c9803fd0-85de-41d5-be1c-e8446d37c7e0,2026-07-24T10:00:00Z,2026-07-24T12:00:00+0200,2763.0,MW,PT,PT,forecast_solar_generation,Solar,2026-08-06T07:09:49Z
2026-08-06T06:59:31Z,2026-08-06T08:59:31+0200,c9803fd0-85de-41d5-be1c-e8446d37c7e0,2026-07-24T11:00:00Z,2026-07-24T13:00:00+0200,2851.0,MW,PT,PT,forecast_solar_generation,Solar,2026-08-06T07:09:49Z
2026-08-06T06:59:31Z,2026-08-06T08:59:31+0200,c9803fd0-85de-41d5-be1c-e8446d37c7e0,2026-07-24T12:00:00Z,2026-07-24T14:00:00+0200,2847.6,MW,PT,PT,forecast_solar_generation,Solar,2026-08-06T07:09:49Z
2026-08-06T06:59:31Z,2026-08-06T08:59:31+0200,c9803fd0-85de-41d5-be1c-e8446d37c7e0,2026-07-24T13:00:00Z,2026-07-24T15:00:00+0200,2820.7,MW,PT,PT,forecast_solar_generation,Solar,2026-08-06T07:09:49Z
2026-08-06T06:59:31Z,2026-08-06T08:59:31+0200,c9803fd0-85de-41d5-be1c-e8446d37c7e0,2026-07-24T14:00:00Z,2026-07-24T16:00:00+0200,2713.8,MW,PT,PT,forecast_solar_generation,Solar,2026-08-06T07:09:49Z
2026-08-06T06:59:31Z,2026-08-06T08:59:31+0200,c9803fd0-85de-41d5-be1c-e8446d37c7e0,2026-07-24T15:00:00Z,2026-07-24T17:00:00+0200,2604.0,MW,PT,PT,forecast_solar_generation,Solar,2026-08-06T07:09:49Z
2026-08-06T06:59:31Z,2026-08-06T08:59:31+0200,c9803fd0-85de-41d5-be1c-e8446d37c7e0,2026-07-24T16:00:00Z,2026-07-24T18:00:00+0200,2285.3,MW,PT,PT,forecast_solar_generation,Solar,2026-08-06T07:09:49Z
2026-08-06T06:59:31Z,2026-08-06T08:59:31+0200,c9803fd0-85de-41d5-be1c-e8446d37c7e0,2026-07-24T17:00:00Z,2026-07-24T19:00:00+0200,1702.6,MW,PT,PT,forecast_solar_generation,Solar,2026-08-06T07:09:49Z
2026-08-06T06:59:31Z,2026-08-06T08:59:31+0200,c9803fd0-85de-41d5-be1c-e8446d37c7e0,2026-07-24T18:00:00Z,2026-07-24T20:00:00+0200,816.5,MW,PT,PT,forecast_solar_generation,Solar,2026-08-06T07:09:49Z
2026-08-06T06:59:31Z,2026-08-06T08:59:31+0200,c9803fd0-85de-41d5-be1c-e8446d37c7e0,2026-07-24T19:00:00Z,2026-07-24T21:00:00+0200,186.2,MW,PT,PT,forecast_solar_generation,Solar,2026-08-06T07:09:49Z
2026-08-06T06:59:31Z,2026-08-06T08:59:31+0200,c9803fd0-85de-41d5-be1c-e8446d37c7e0,2026-07-24T20:00:00Z,2026-07-24T22:00:00+0200,37.3,MW,PT,PT,forecast_solar_generation,Solar,2026-08-06T07:09:49Z
2026-08-06T06:59:31Z,2026-08-06T08:59:31+0200,c9803fd0-85de-41d5-be1c-e8446d37c7e0,2026-07-24T21:00:00Z,2026-07-24T23:00:00+0200,30.5,MW,PT,PT,forecast_solar_generation,Solar,2026-08-06T07:09:49Z
2026-08-06T06:59:31Z,2026-08-06T08:59:31+0200,c9803fd0-85de-41d5-be1c-e8446d37c7e0,2026-07-24T22:00:00Z,2026-07-25T00:00:00+0200,0.0,MW,PT,PT,forecast_solar_generation,Solar,2026-08-06T07:09:49Z
2026-08-06T06:59:31Z,2026-08-06T08:59:31+0200,c9803fd0-85de-41d5-be1c-e8446d37c7e0,2026-07-24T23:00:00Z,2026-07-25T01:00:00+0200,0.0,MW,PT,PT,forecast_solar_generation,Solar,2026-08-06T07:09:49Z
2026-08-06T06:59:31Z,2026-08-06T08:59:31+0200,c9803fd0-85de-41d5-be1c-e8446d37c7e0,2026-07-25T00:00:00Z,2026-07-25T02:00:00+0200,0.0,MW,PT,PT,forecast_solar_generation,Solar,2026-08-06T07:09:49Z
2026-08-06T06:59:31Z,2026-08-06T08:59:31+0200,c9803fd0-85de-41d5-be1c-e8446d37c7e0,2026-07-25T01:00:00Z,2026-07-25T03:00:00+0200,0.0,MW,PT,PT,forecast_solar_generation,Solar,2026-08-06T07:09:49Z
2026-08-06T06:59:31Z,2026-08-06T08:59:31+0200,c9803fd0-85de-41d5-be1c-e8446d37c7e0,2026-07-25T02:00:00Z,2026-07-25T04:00:00+0200,0.0,MW,PT,PT,forecast_solar_generation,Solar,2026-08-06T07:09:49Z
2026-08-06T06:59:31Z,2026-08-06T08:59:31+0200,c9803fd0-85de-41d5-be1c-e8446d37c7e0,2026-07-25T03:00:00Z,2026-07-25T05:00:00+0200,0.0,MW,PT,PT,forecast_solar_generation,Solar,2026-08-06T07:09:49Z
2026-08-06T06:59:31Z,2026-08-06T08:59:31+0200,c9803fd0-85de-41d5-be1c-e8446d37c7e0,2026-07-25T04:00:00Z,2026-07-25T06:00:00+0200,0.0,MW,PT,PT,forecast_solar_generation,Solar,2026-08-06T07:09:49Z
2026-08-06T06:59:31Z,2026-08-06T08:59:31+0200,c9803fd0-85de-41d5-be1c-e8446d37c7e0,2026-07-25T05:00:00Z,2026-07-25T07:00:00+0200,11.1,MW,PT,PT,forecast_solar_generation,Solar,2026-08-06T07:09:49Z
2026-08-06T06:59:31Z,2026-08-06T08:59:31+0200,c9803fd0-85de-41d5-be1c-e8446d37c7e0,2026-07-25T06:00:00Z,2026-07-25T08:00:00+0200,269.7,MW,PT,PT,forecast_solar_generation,Solar,2026-08-06T07:09:49Z
2026-08-06T06:59:31Z,2026-08-06T08:59:31+0200,c9803fd0-85de-41d5-be1c-e8446d37c7e0,2026-07-25T07:00:00Z,2026-07-25T09:00:00+0200,856.7,MW,PT,PT,forecast_solar_generation,Solar,2026-08-06T07:09:49Z
2026-08-06T06:59:31Z,2026-08-06T08:59:31+0200,c9803fd0-85de-41d5-be1c-e8446d37c7e0,2026-07-25T08:00:00Z,2026-07-25T10:00:00+0200,1219.0,MW,PT,PT,forecast_solar_generation,Solar,2026-08-06T07:09:49Z
2026-08-06T06:59:31Z,2026-08-06T08:59:31+0200,c9803fd0-85de-41d5-be1c-e8446d37c7e0,2026-07-25T09:00:00Z,2026-07-25T11:00:00+0200,1512.8,MW,PT,PT,forecast_solar_generation,Solar,2026-08-06T07:09:49Z
2026-08-06T06:59:31Z,2026-08-06T08:59:31+0200,c9803fd0-85de-41d5-be1c-e8446d37c7e0,2026-07-25T10:00:00Z,2026-07-25T12:00:00+0200,1820.8,MW,PT,PT,forecast_solar_generation,Solar,2026-08-06T07:09:49Z
2026-08-06T06:59:31Z,2026-08-06T08:59:31+0200,c9803fd0-85de-41d5-be1c-e8446d37c7e0,2026-07-25T11:00:00Z,2026-07-25T13:00:00+0200,2115.7,MW,PT,PT,forecast_solar_generation,Solar,2026-08-06T07:09:49Z
2026-08-06T06:59:31Z,2026-08-06T08:59:31+0200,c9803fd0-85de-41d5-be1c-e8446d37c7e0,2026-07-25T12:00:00Z,2026-07-25T14:00:00+0200,2308.5,MW,PT,PT,forecast_solar_generation,Solar,2026-08-06T07:09:49Z
2026-08-06T06:59:31Z,2026-08-06T08:59:31+0200,c9803fd0-85de-41d5-be1c-e8446d37c7e0,2026-07-25T13:00:00Z,2026-07-25T15:00:00+0200,2278.1,MW,PT,PT,forecast_solar_generation,Solar,2026-08-06T07:09:49Z
2026-08-06T06:59:31Z,2026-08-06T08:59:31+0200,c9803fd0-85de-41d5-be1c-e8446d37c7e0,2026-07-25T14:00:00Z,2026-07-25T16:00:00+0200,2183.8,MW,PT,PT,forecast_solar_generation,Solar,2026-08-06T07:09:49Z
2026-08-06T06:59:31Z,2026-08-06T08:59:31+0200,c9803fd0-85de-41d5-be1c-e8446d37c7e0,2026-07-25T15:00:00Z,2026-07-25T17:00:00+0200,1955.8,MW,PT,PT,forecast_solar_generation,Solar,2026-08-06T07:09:49Z
2026-08-06T06:59:31Z,2026-08-06T08:59:31+0200,c9803fd0-85de-41d5-be1c-e8446d37c7e0,2026-07-25T16:00:00Z,2026-07-25T18:00:00+0200,1771.3,MW,PT,PT,forecast_solar_generation,Solar,2026-08-06T07:09:49Z
2026-08-06T06:59:31Z,2026-08-06T08:59:31+0200,c9803fd0-85de-41d5-be1c-e8446d37c7e0,2026-07-25T17:00:00Z,2026-07-25T19:00:00+0200,1340.3,MW,PT,PT,forecast_solar_generation,Solar,2026-08-06T07:09:49Z
2026-08-06T06:59:31Z,2026-08-06T08:59:31+0200,c9803fd0-85de-41d5-be1c-e8446d37c7e0,2026-07-25T18:00:00Z,2026-07-25T20:00:00+0200,536.2,MW,PT,PT,forecast_solar_generation,Solar,2026-08-06T07:09:49Z
2026-08-06T06:59:31Z,2026-08-06T08:59:31+0200,c9803fd0-85de-41d5-be1c-e8446d37c7e0,2026-07-25T19:00:00Z,2026-07-25T21:00:00+0200,60.8,MW,PT,PT,forecast_solar_generation,Solar,2026-08-06T07:09:49Z
2026-08-06T06:59:31Z,2026-08-06T08:59:31+0200,c9803fd0-85de-41d5-be1c-e8446d37c7e0,2026-07-25T20:00:00Z,2026-07-25T22:00:00+0200,0.0,MW,PT,PT,forecast_solar_generation,Solar,2026-08-06T07:09:49Z
2026-08-06T06:59:31Z,2026-08-06T08:59:31+0200,c9803fd0-85de-41d5-be1c-e8446d37c7e0,2026-07-25T21:00:00Z,2026-07-25T23:00:00+0200,0.0,MW,PT,PT,forecast_solar_generation,Solar,2026-08-06T07:09:49Z
2026-08-06T06:59:31Z,2026-08-06T08:59:31+0200,c9803fd0-85de-41d5-be1c-e8446d37c7e0,2026-07-25T22:00:00Z,2026-07-26T00:00:00+0200,0.0,MW,PT,PT,forecast_solar_generation,Solar,2026-08-06T07:09:49Z
2026-08-06T06:59:31Z,2026-08-06T08:59:31+0200,c9803fd0-85de-41d5-be1c-e8446d37c7e0,2026-07-25T23:00:00Z,2026-07-26T01:00:00+0200,0.0,MW,PT,PT,forecast_solar_generation,Solar,2026-08-06T07:09:49Z
2026-08-06T06:59:31Z,2026-08-06T08:59:31+0200,c9803fd0-85de-41d5-be1c-e8446d37c7e0,2026-07-26T00:00:00Z,2026-07-26T02:00:00+0200,0.0,MW,PT,PT,forecast_solar_generation,Solar,2026-08-06T07:09:49Z
2026-08-06T06:59:31Z,2026-08-06T08:59:31+0200,c9803fd0-85de-41d5-be1c-e8446d37c7e0,2026-07-26T01:00:00Z,2026-07-26T03:00:00+0200,0.0,MW,PT,PT,forecast_solar_generation,Solar,2026-08-06T07:09:49Z
2026-08-06T06:59:31Z,2026-08-06T08:59:31+0200,c9803fd0-85de-41d5-be1c-e8446d37c7e0,2026-07-26T02:00:00Z,2026-07-26T04:00:00+0200,0.0,MW,PT,PT,forecast_solar_generation,Solar,2026-08-06T07:09:49Z
2026-08-06T06:59:31Z,2026-08-06T08:59:31+0200,c9803fd0-85de-41d5-be1c-e8446d37c7e0,2026-07-26T03:00:00Z,2026-07-26T05:00:00+0200,0.0,MW,PT,PT,forecast_solar_generation,Solar,2026-08-06T07:09:49Z
2026-08-06T06:59:31Z,2026-08-06T08:59:31+0200,c9803fd0-85de-41d5-be1c-e8446d37c7e0,2026-07-26T04:00:00Z,2026-07-26T06:00:00+0200,0.0,MW,PT,PT,forecast_solar_generation,Solar,2026-08-06T07:09:49Z
2026-08-06T06:59:31Z,2026-08-06T08:59:31+0200,c9803fd0-85de-41d5-be1c-e8446d37c7e0,2026-07-26T05:00:00Z,2026-07-26T07:00:00+0200,15.8,MW,PT,PT,forecast_solar_generation,Solar,2026-08-06T07:09:49Z
2026-08-06T06:59:31Z,2026-08-06T08:59:31+0200,c9803fd0-85de-41d5-be1c-e8446d37c7e0,2026-07-26T06:00:00Z,2026-07-26T08:00:00+0200,360.5,MW,PT,PT,forecast_solar_generation,Solar,2026-08-06T07:09:49Z
2026-08-06T06:59:31Z,2026-08-06T08:59:31+0200,c9803fd0-85de-41d5-be1c-e8446d37c7e0,2026-07-26T07:00:00Z,2026-07-26T09:00:00+0200,867.9,MW,PT,PT,forecast_solar_generation,Solar,2026-08-06T07:09:49Z
2026-08-06T06:59:31Z,2026-08-06T08:59:31+0200,c9803fd0-85de-41d5-be1c-e8446d37c7e0,2026-07-26T08:00:00Z,2026-07-26T10:00:00+0200,1399.4,MW,PT,PT,forecast_solar_generation,Solar,2026-08-06T07:09:49Z
2026-08-06T06:59:31Z,2026-08-06T08:59:31+0200,c9803fd0-85de-41d5-be1c-e8446d37c7e0,2026-07-26T09:00:00Z,2026-07-26T11:00:00+0200,1844.5,MW,PT,PT,forecast_solar_generation,Solar,2026-08-06T07:09:49Z
2026-08-06T06:59:31Z,2026-08-06T08:59:31+0200,c9803fd0-85de-41d5-be1c-e8446d37c7e0,2026-07-26T10:00:00Z,2026-07-26T12:00:00+0200,2171.2,MW,PT,PT,forecast_solar_generation,Solar,2026-08-06T07:09:49Z
2026-08-06T06:59:31Z,2026-08-06T08:59:31+0200,c9803fd0-85de-41d5-be1c-e8446d37c7e0,2026-07-26T11:00:00Z,2026-07-26T13:00:00+0200,2348.0,MW,PT,PT,forecast_solar_generation,Solar,2026-08-06T07:09:49Z
2026-08-06T06:59:31Z,2026-08-06T08:59:31+0200,c9803fd0-85de-41d5-be1c-e8446d37c7e0,2026-07-26T12:00:00Z,2026-07-26T14:00:00+0200,2384.8,MW,PT,PT,forecast_solar_generation,Solar,2026-08-06T07:09:49Z
2026-08-06T06:59:31Z,2026-08-06T08:59:31+0200,c9803fd0-85de-41d5-be1c-e8446d37c7e0,2026-07-26T13:00:00Z,2026-07-26T15:00:00+0200,2344.4,MW,PT,PT,forecast_solar_generation,Solar,2026-08-06T07:09:49Z
2026-08-06T06:59:31Z,2026-08-06T08:59:31+0200,c9803fd0-85de-41d5-be1c-e8446d37c7e0,2026-07-26T14:00:00Z,2026-07-26T16:00:00+0200,2192.3,MW,PT,PT,forecast_solar_generation,Solar,2026-08-06T07:09:49Z
2026-08-06T06:59:31Z,2026-08-06T08:59:31+0200,c9803fd0-85de-41d5-be1c-e8446d37c7e0,2026-07-26T15:00:00Z,2026-07-26T17:00:00+0200,1917.1,MW,PT,PT,forecast_solar_generation,Solar,2026-08-06T07:09:49Z
2026-08-06T06:59:31Z,2026-08-06T08:59:31+0200,c9803fd0-85de-41d5-be1c-e8446d37c7e0,2026-07-26T16:00:00Z,2026-07-26T18:00:00+0200,1695.8,MW,PT,PT,forecast_solar_generation,Solar,2026-08-06T07:09:49Z
2026-08-06T06:59:31Z,2026-08-06T08:59:31+0200,c9803fd0-85de-41d5-be1c-e8446d37c7e0,2026-07-26T17:00:00Z,2026-07-26T19:00:00+0200,1428.0,MW,PT,PT,forecast_solar_generation,Solar,2026-08-06T07:09:49Z
2026-08-06T06:59:31Z,2026-08-06T08:59:31+0200,c9803fd0-85de-41d5-be1c-e8446d37c7e0,2026-07-26T18:00:00Z,2026-07-26T20:00:00+0200,614.4,MW,PT,PT,forecast_solar_generation,Solar,2026-08-06T07:09:49Z
2026-08-06T06:59:31Z,2026-08-06T08:59:31+0200,c9803fd0-85de-41d5-be1c-e8446d37c7e0,2026-07-26T19:00:00Z,2026-07-26T21:00:00+0200,83.2,MW,PT,PT,forecast_solar_generation,Solar,2026-08-06T07:09:49Z
2026-08-06T06:59:31Z,2026-08-06T08:59:31+0200,c9803fd0-85de-41d5-be1c-e8446d37c7e0,2026-07-26T20:00:00Z,2026-07-26T22:00:00+0200,3.7,MW,PT,PT,forecast_solar_generation,Solar,2026-08-06T07:09:49Z
2026-08-06T06:59:31Z,2026-08-06T08:59:31+0200,c9803fd0-85de-41d5-be1c-e8446d37c7e0,2026-07-26T21:00:00Z,2026-07-26T23:00:00+0200,0.0,MW,PT,PT,forecast_solar_generation,Solar,2026-08-06T07:09:49Z
2026-08-06T06:59:31Z,2026-08-06T08:59:31+0200,c9803fd0-85de-41d5-be1c-e8446d37c7e0,2026-07-26T22:00:00Z,2026-07-27T00:00:00+0200,0.0,MW,PT,PT,forecast_solar_generation,Solar,2026-08-06T07:09:49Z
2026-08-06T06:59:31Z,2026-08-06T08:59:31+0200,c9803fd0-85de-41d5-be1c-e8446d37c7e0,2026-07-26T23:00:00Z,2026-07-27T01:00:00+0200,0.0,MW,PT,PT,forecast_solar_generation,Solar,2026-08-06T07:09:49Z
2026-08-06T06:59:31Z,2026-08-06T08:59:31+0200,c9803fd0-85de-41d5-be1c-e8446d37c7e0,2026-07-27T00:00:00Z,2026-07-27T02:00:00+0200,0.0,MW,PT,PT,forecast_solar_generation,Solar,2026-08-06T07:09:49Z
2026-08-06T06:59:31Z,2026-08-06T08:59:31+0200,c9803fd0-85de-41d5-be1c-e8446d37c7e0,2026-07-27T01:00:00Z,2026-07-27T03:00:00+0200,0.0,MW,PT,PT,forecast_solar_generation,Solar,2026-08-06T07:09:49Z
2026-08-06T06:59:31Z,2026-08-06T08:59:31+0200,c9803fd0-85de-41d5-be1c-e8446d37c7e0,2026-07-27T02:00:00Z,2026-07-27T04:00:00+0200,0.0,MW,PT,PT,forecast_solar_generation,Solar,2026-08-06T07:09:49Z
2026-08-06T06:59:31Z,2026-08-06T08:59:31+0200,c9803fd0-85de-41d5-be1c-e8446d37c7e0,2026-07-27T03:00:00Z,2026-07-27T05:00:00+0200,0.0,MW,PT,PT,forecast_solar_generation,Solar,2026-08-06T07:09:49Z
2026-08-06T06:59:31Z,2026-08-06T08:59:31+0200,c9803fd0-85de-41d5-be1c-e8446d37c7e0,2026-07-27T04:00:00Z,2026-07-27T06:00:00+0200,0.0,MW,PT,PT,forecast_solar_generation,Solar,2026-08-06T07:09:49Z
2026-08-06T06:59:31Z,2026-08-06T08:59:31+0200,c9803fd0-85de-41d5-be1c-e8446d37c7e0,2026-07-27T05:00:00Z,2026-07-27T07:00:00+0200,17.2,MW,PT,PT,forecast_solar_generation,Solar,2026-08-06T07:09:49Z
2026-08-06T06:59:31Z,2026-08-06T08:59:31+0200,c9803fd0-85de-41d5-be1c-e8446d37c7e0,2026-07-27T06:00:00Z,2026-07-27T08:00:00+0200,389.9,MW,PT,PT,forecast_solar_generation,Solar,2026-08-06T07:09:49Z
2026-08-06T06:59:31Z,2026-08-06T08:59:31+0200,c9803fd0-85de-41d5-be1c-e8446d37c7e0,2026-07-27T07:00:00Z,2026-07-27T09:00:00+0200,1216.7,MW,PT,PT,forecast_solar_generation,Solar,2026-08-06T07:09:49Z
2026-08-06T06:59:31Z,2026-08-06T08:59:31+0200,c9803fd0-85de-41d5-be1c-e8446d37c7e0,2026-07-27T08:00:00Z,2026-07-27T10:00:00+0200,2139.6,MW,PT,PT,forecast_solar_generation,Solar,2026-08-06T07:09:49Z
2026-08-06T06:59:31Z,2026-08-06T08:59:31+0200,c9803fd0-85de-41d5-be1c-e8446d37c7e0,2026-07-27T09:00:00Z,2026-07-27T11:00:00+0200,2763.7,MW,PT,PT,forecast_solar_generation,Solar,2026-08-06T07:09:49Z
2026-08-06T06:59:31Z,2026-08-06T08:59:31+0200,c9803fd0-85de-41d5-be1c-e8446d37c7e0,2026-07-27T10:00:00Z,2026-07-27T12:00:00+0200,3188.3,MW,PT,PT,forecast_solar_generation,Solar,2026-08-06T07:09:49Z
2026-08-06T06:59:31Z,2026-08-06T08:59:31+0200,c9803fd0-85de-41d5-be1c-e8446d37c7e0,2026-07-27T11:00:00Z,2026-07-27T13:00:00+0200,3418.9,MW,PT,PT,forecast_solar_generation,Solar,2026-08-06T07:09:49Z
2026-08-06T06:59:31Z,2026-08-06T08:59:31+0200,c9803fd0-85de-41d5-be1c-e8446d37c7e0,2026-07-27T12:00:00Z,2026-07-27T14:00:00+0200,3474.7,MW,PT,PT,forecast_solar_generation,Solar,2026-08-06T07:09:49Z
2026-08-06T06:59:31Z,2026-08-06T08:59:31+0200,c9803fd0-85de-41d5-be1c-e8446d37c7e0,2026-07-27T13:00:00Z,2026-07-27T15:00:00+0200,3438.2,MW,PT,PT,forecast_solar_generation,Solar,2026-08-06T07:09:49Z
2026-08-06T06:59:31Z,2026-08-06T08:59:31+0200,c9803fd0-85de-41d5-be1c-e8446d37c7e0,2026-07-27T14:00:00Z,2026-07-27T16:00:00+0200,3268.0,MW,PT,PT,forecast_solar_generation,Solar,2026-08-06T07:09:49Z
2026-08-06T06:59:31Z,2026-08-06T08:59:31+0200,c9803fd0-85de-41d5-be1c-e8446d37c7e0,2026-07-27T15:00:00Z,2026-07-27T17:00:00+0200,2925.9,MW,PT,PT,forecast_solar_generation,Solar,2026-08-06T07:09:49Z
2026-08-06T06:59:31Z,2026-08-06T08:59:31+0200,c9803fd0-85de-41d5-be1c-e8446d37c7e0,2026-07-27T16:00:00Z,2026-07-27T18:00:00+0200,2337.6,MW,PT,PT,forecast_solar_generation,Solar,2026-08-06T07:09:49Z
2026-08-06T06:59:31Z,2026-08-06T08:59:31+0200,c9803fd0-85de-41d5-be1c-e8446d37c7e0,2026-07-27T17:00:00Z,2026-07-27T19:00:00+0200,1540.5,MW,PT,PT,forecast_solar_generation,Solar,2026-08-06T07:09:49Z
2026-08-06T06:59:31Z,2026-08-06T08:59:31+0200,c9803fd0-85de-41d5-be1c-e8446d37c7e0,2026-07-27T18:00:00Z,2026-07-27T20:00:00+0200,622.8,MW,PT,PT,forecast_solar_generation,Solar,2026-08-06T07:09:49Z
2026-08-06T06:59:31Z,2026-08-06T08:59:31+0200,c9803fd0-85de-41d5-be1c-e8446d37c7e0,2026-07-27T19:00:00Z,2026-07-27T21:00:00+0200,87.0,MW,PT,PT,forecast_solar_generation,Solar,2026-08-06T07:09:49Z
2026-08-06T06:59:31Z,2026-08-06T08:59:31+0200,c9803fd0-85de-41d5-be1c-e8446d37c7e0,2026-07-27T20:00:00Z,2026-07-27T22:00:00+0200,0.0,MW,PT,PT,forecast_solar_generation,Solar,2026-08-06T07:09:49Z
2026-08-06T06:59:31Z,2026-08-06T08:59:31+0200,c9803fd0-85de-41d5-be1c-e8446d37c7e0,2026-07-27T21:00:00Z,2026-07-27T23:00:00+0200,0.0,MW,PT,PT,forecast_solar_generation,Solar,2026-08-06T07:09:49Z
2026-08-06T06:59:31Z,2026-08-06T08:59:31+0200,c9803fd0-85de-41d5-be1c-e8446d37c7e0,2026-07-27T22:00:00Z,2026-07-28T00:00:00+0200,0.0,MW,PT,PT,forecast_solar_generation,Solar,2026-08-06T07:09:49Z
2026-08-06T06:59:31Z,2026-08-06T08:59:31+0200,c9803fd0-85de-41d5-be1c-e8446d37c7e0,2026-07-27T23:00:00Z,2026-07-28T01:00:00+0200,0.0,MW,PT,PT,forecast_solar_generation,Solar,2026-08-06T07:09:49Z
2026-08-06T06:59:31Z,2026-08-06T08:59:31+0200,c9803fd0-85de-41d5-be1c-e8446d37c7e0,2026-07-28T00:00:00Z,2026-07-28T02:00:00+0200,0.0,MW,PT,PT,forecast_solar_generation,Solar,2026-08-06T07:09:49Z
2026-08-06T06:59:31Z,2026-08-06T08:59:31+0200,c9803fd0-85de-41d5-be1c-e8446d37c7e0,2026-07-28T01:00:00Z,2026-07-28T03:00:00+0200,0.0,MW,PT,PT,forecast_solar_generation,Solar,2026-08-06T07:09:49Z
2026-08-06T06:59:31Z,2026-08-06T08:59:31+0200,c9803fd0-85de-41d5-be1c-e8446d37c7e0,2026-07-28T02:00:00Z,2026-07-28T04:00:00+0200,0.0,MW,PT,PT,forecast_solar_generation,Solar,2026-08-06T07:09:49Z
2026-08-06T06:59:31Z,2026-08-06T08:59:31+0200,c9803fd0-85de-41d5-be1c-e8446d37c7e0,2026-07-28T03:00:00Z,2026-07-28T05:00:00+0200,0.0,MW,PT,PT,forecast_solar_generation,Solar,2026-08-06T07:09:49Z
2026-08-06T06:59:31Z,2026-08-06T08:59:31+0200,c9803fd0-85de-41d5-be1c-e8446d37c7e0,2026-07-28T04:00:00Z,2026-07-28T06:00:00+0200,0.0,MW,PT,PT,forecast_solar_generation,Solar,2026-08-06T07:09:49Z
2026-08-06T06:59:31Z,2026-08-06T08:59:31+0200,c9803fd0-85de-41d5-be1c-e8446d37c7e0,2026-07-28T05:00:00Z,2026-07-28T07:00:00+0200,22.5,MW,PT,PT,forecast_solar_generation,Solar,2026-08-06T07:09:49Z
2026-08-06T06:59:31Z,2026-08-06T08:59:31+0200,c9803fd0-85de-41d5-be1c-e8446d37c7e0,2026-07-28T06:00:00Z,2026-07-28T08:00:00+0200,348.3,MW,PT,PT,forecast_solar_generation,Solar,2026-08-06T07:09:49Z
2026-08-06T06:59:31Z,2026-08-06T08:59:31+0200,c9803fd0-85de-41d5-be1c-e8446d37c7e0,2026-07-28T07:00:00Z,2026-07-28T09:00:00+0200,1139.5,MW,PT,PT,forecast_solar_generation,Solar,2026-08-06T07:09:49Z
2026-08-06T06:59:31Z,2026-08-06T08:59:31+0200,c9803fd0-85de-41d5-be1c-e8446d37c7e0,2026-07-28T08:00:00Z,2026-07-28T10:00:00+0200,1884.9,MW,PT,PT,forecast_solar_generation,Solar,2026-08-06T07:09:49Z
2026-08-06T06:59:31Z,2026-08-06T08:59:31+0200,c9803fd0-85de-41d5-be1c-e8446d37c7e0,2026-07-28T09:00:00Z,2026-07-28T11:00:00+0200,2599.6,MW,PT,PT,forecast_solar_generation,Solar,2026-08-06T07:09:49Z
2026-08-06T06:59:31Z,2026-08-06T08:59:31+0200,c9803fd0-85de-41d5-be1c-e8446d37c7e0,2026-07-28T10:00:00Z,2026-07-28T12:00:00+0200,3174.7,MW,PT,PT,forecast_solar_generation,Solar,2026-08-06T07:09:49Z
2026-08-06T06:59:31Z,2026-08-06T08:59:31+0200,c9803fd0-85de-41d5-be1c-e8446d37c7e0,2026-07-28T11:00:00Z,2026-07-28T13:00:00+0200,3366.8,MW,PT,PT,forecast_solar_generation,Solar,2026-08-06T07:09:49Z
2026-08-06T06:59:31Z,2026-08-06T08:59:31+0200,c9803fd0-85de-41d5-be1c-e8446d37c7e0,2026-07-28T12:00:00Z,2026-07-28T14:00:00+0200,3329.6,MW,PT,PT,forecast_solar_generation,Solar,2026-08-06T07:09:49Z
2026-08-06T06:59:31Z,2026-08-06T08:59:31+0200,c9803fd0-85de-41d5-be1c-e8446d37c7e0,2026-07-28T13:00:00Z,2026-07-28T15:00:00+0200,3306.1,MW,PT,PT,forecast_solar_generation,Solar,2026-08-06T07:09:49Z
2026-08-06T06:59:31Z,2026-08-06T08:59:31+0200,c9803fd0-85de-41d5-be1c-e8446d37c7e0,2026-07-28T14:00:00Z,2026-07-28T16:00:00+0200,3176.4,MW,PT,PT,forecast_solar_generation,Solar,2026-08-06T07:09:49Z
2026-08-06T06:59:31Z,2026-08-06T08:59:31+0200,c9803fd0-85de-41d5-be1c-e8446d37c7e0,2026-07-28T15:00:00Z,2026-07-28T17:00:00+0200,2721.6,MW,PT,PT,forecast_solar_generation,Solar,2026-08-06T07:09:49Z
2026-08-06T06:59:31Z,2026-08-06T08:59:31+0200,c9803fd0-85de-41d5-be1c-e8446d37c7e0,2026-07-28T16:00:00Z,2026-07-28T18:00:00+0200,2225.2,MW,PT,PT,forecast_solar_generation,Solar,2026-08-06T07:09:49Z
2026-08-06T06:59:31Z,2026-08-06T08:59:31+0200,c9803fd0-85de-41d5-be1c-e8446d37c7e0,2026-07-28T17:00:00Z,2026-07-28T19:00:00+0200,1491.8,MW,PT,PT,forecast_solar_generation,Solar,2026-08-06T07:09:49Z
2026-08-06T06:59:31Z,2026-08-06T08:59:31+0200,c9803fd0-85de-41d5-be1c-e8446d37c7e0,2026-07-28T18:00:00Z,2026-07-28T20:00:00+0200,618.2,MW,PT,PT,forecast_solar_generation,Solar,2026-08-06T07:09:49Z
2026-08-06T06:59:31Z,2026-08-06T08:59:31+0200,c9803fd0-85de-41d5-be1c-e8446d37c7e0,2026-07-28T19:00:00Z,2026-07-28T21:00:00+0200,74.1,MW,PT,PT,forecast_solar_generation,Solar,2026-08-06T07:09:49Z
2026-08-06T06:59:31Z,2026-08-06T08:59:31+0200,c9803fd0-85de-41d5-be1c-e8446d37c7e0,2026-07-28T20:00:00Z,2026-07-28T22:00:00+0200,4.9,MW,PT,PT,forecast_solar_generation,Solar,2026-08-06T07:09:49Z
2026-08-06T06:59:31Z,2026-08-06T08:59:31+0200,c9803fd0-85de-41d5-be1c-e8446d37c7e0,2026-07-28T21:00:00Z,2026-07-28T23:00:00+0200,4.9,MW,PT,PT,forecast_solar_generation,Solar,2026-08-06T07:09:49Z
2026-08-06T06:59:31Z,2026-08-06T08:59:31+0200,c9803fd0-85de-41d5-be1c-e8446d37c7e0,2026-07-28T22:00:00Z,2026-07-29T00:00:00+0200,0.0,MW,PT,PT,forecast_solar_generation,Solar,2026-08-06T07:09:49Z
2026-08-06T06:59:31Z,2026-08-06T08:59:31+0200,c9803fd0-85de-41d5-be1c-e8446d37c7e0,2026-07-28T23:00:00Z,2026-07-29T01:00:00+0200,0.0,MW,PT,PT,forecast_solar_generation,Solar,2026-08-06T07:09:49Z
2026-08-06T06:59:31Z,2026-08-06T08:59:31+0200,c9803fd0-85de-41d5-be1c-e8446d37c7e0,2026-07-29T00:00:00Z,2026-07-29T02:00:00+0200,0.0,MW,PT,PT,forecast_solar_generation,Solar,2026-08-06T07:09:49Z
2026-08-06T06:59:31Z,2026-08-06T08:59:31+0200,c9803fd0-85de-41d5-be1c-e8446d37c7e0,2026-07-29T01:00:00Z,2026-07-29T03:00:00+0200,0.0,MW,PT,PT,forecast_solar_generation,Solar,2026-08-06T07:09:49Z
2026-08-06T06:59:31Z,2026-08-06T08:59:31+0200,c9803fd0-85de-41d5-be1c-e8446d37c7e0,2026-07-29T02:00:00Z,2026-07-29T04:00:00+0200,0.0,MW,PT,PT,forecast_solar_generation,Solar,2026-08-06T07:09:49Z
2026-08-06T06:59:31Z,2026-08-06T08:59:31+0200,c9803fd0-85de-41d5-be1c-e8446d37c7e0,2026-07-29T03:00:00Z,2026-07-29T05:00:00+0200,0.0,MW,PT,PT,forecast_solar_generation,Solar,2026-08-06T07:09:49Z
2026-08-06T06:59:31Z,2026-08-06T08:59:31+0200,c9803fd0-85de-41d5-be1c-e8446d37c7e0,2026-07-29T04:00:00Z,2026-07-29T06:00:00+0200,0.0,MW,PT,PT,forecast_solar_generation,Solar,2026-08-06T07:09:49Z
2026-08-06T06:59:31Z,2026-08-06T08:59:31+0200,c9803fd0-85de-41d5-be1c-e8446d37c7e0,2026-07-29T05:00:00Z,2026-07-29T07:00:00+0200,17.4,MW,PT,PT,forecast_solar_generation,Solar,2026-08-06T07:09:49Z
2026-08-06T06:59:31Z,2026-08-06T08:59:31+0200,c9803fd0-85de-41d5-be1c-e8446d37c7e0,2026-07-29T06:00:00Z,2026-07-29T08:00:00+0200,336.2,MW,PT,PT,forecast_solar_generation,Solar,2026-08-06T07:09:49Z
2026-08-06T06:59:31Z,2026-08-06T08:59:31+0200,c9803fd0-85de-41d5-be1c-e8446d37c7e0,2026-07-29T07:00:00Z,2026-07-29T09:00:00+0200,968.2,MW,PT,PT,forecast_solar_generation,Solar,2026-08-06T07:09:49Z
2026-08-06T06:59:31Z,2026-08-06T08:59:31+0200,c9803fd0-85de-41d5-be1c-e8446d37c7e0,2026-07-29T08:00:00Z,2026-07-29T10:00:00+0200,1617.5,MW,PT,PT,forecast_solar_generation,Solar,2026-08-06T07:09:49Z
2026-08-06T06:59:31Z,2026-08-06T08:59:31+0200,c9803fd0-85de-41d5-be1c-e8446d37c7e0,2026-07-29T09:00:00Z,2026-07-29T11:00:00+0200,2252.2,MW,PT,PT,forecast_solar_generation,Solar,2026-08-06T07:09:49Z
2026-08-06T06:59:31Z,2026-08-06T08:59:31+0200,c9803fd0-85de-41d5-be1c-e8446d37c7e0,2026-07-29T10:00:00Z,2026-07-29T12:00:00+0200,2783.5,MW,PT,PT,forecast_solar_generation,Solar,2026-08-06T07:09:49Z
2026-08-06T06:59:31Z,2026-08-06T08:59:31+0200,c9803fd0-85de-41d5-be1c-e8446d37c7e0,2026-07-29T11:00:00Z,2026-07-29T13:00:00+0200,3123.1,MW,PT,PT,forecast_solar_generation,Solar,2026-08-06T07:09:49Z
2026-08-06T06:59:31Z,2026-08-06T08:59:31+0200,c9803fd0-85de-41d5-be1c-e8446d37c7e0,2026-07-29T12:00:00Z,2026-07-29T14:00:00+0200,3167.1,MW,PT,PT,forecast_solar_generation,Solar,2026-08-06T07:09:49Z
2026-08-06T06:59:31Z,2026-08-06T08:59:31+0200,c9803fd0-85de-41d5-be1c-e8446d37c7e0,2026-07-29T13:00:00Z,2026-07-29T15:00:00+0200,3114.3,MW,PT,PT,forecast_solar_generation,Solar,2026-08-06T07:09:49Z
2026-08-06T06:59:31Z,2026-08-06T08:59:31+0200,c9803fd0-85de-41d5-be1c-e8446d37c7e0,2026-07-29T14:00:00Z,2026-07-29T16:00:00+0200,2867.2,MW,PT,PT,forecast_solar_generation,Solar,2026-08-06T07:09:49Z
2026-08-06T06:59:31Z,2026-08-06T08:59:31+0200,c9803fd0-85de-41d5-be1c-e8446d37c7e0,2026-07-29T15:00:00Z,2026-07-29T17:00:00+0200,2585.0,MW,PT,PT,forecast_solar_generation,Solar,2026-08-06T07:09:49Z
2026-08-06T06:59:31Z,2026-08-06T08:59:31+0200,c9803fd0-85de-41d5-be1c-e8446d37c7e0,2026-07-29T16:00:00Z,2026-07-29T18:00:00+0200,2147.6,MW,PT,PT,forecast_solar_generation,Solar,2026-08-06T07:09:49Z
2026-08-06T06:59:31Z,2026-08-06T08:59:31+0200,c9803fd0-85de-41d5-be1c-e8446d37c7e0,2026-07-29T17:00:00Z,2026-07-29T19:00:00+0200,1420.2,MW,PT,PT,forecast_solar_generation,Solar,2026-08-06T07:09:49Z
2026-08-06T06:59:31Z,2026-08-06T08:59:31+0200,c9803fd0-85de-41d5-be1c-e8446d37c7e0,2026-07-29T18:00:00Z,2026-07-29T20:00:00+0200,603.2,MW,PT,PT,forecast_solar_generation,Solar,2026-08-06T07:09:49Z
2026-08-06T06:59:31Z,2026-08-06T08:59:31+0200,c9803fd0-85de-41d5-be1c-e8446d37c7e0,2026-07-29T19:00:00Z,2026-07-29T21:00:00+0200,67.9,MW,PT,PT,forecast_solar_generation,Solar,2026-08-06T07:09:49Z
2026-08-06T06:59:31Z,2026-08-06T08:59:31+0200,c9803fd0-85de-41d5-be1c-e8446d37c7e0,2026-07-29T20:00:00Z,2026-07-29T22:00:00+0200,0.0,MW,PT,PT,forecast_solar_generation,Solar,2026-08-06T07:09:49Z
2026-08-06T06:59:31Z,2026-08-06T08:59:31+0200,c9803fd0-85de-41d5-be1c-e8446d37c7e0,2026-07-29T21:00:00Z,2026-07-29T23:00:00+0200,0.0,MW,PT,PT,forecast_solar_generation,Solar,2026-08-06T07:09:49Z
2026-08-06T06:59:31Z,2026-08-06T08:59:31+0200,c9803fd0-85de-41d5-be1c-e8446d37c7e0,2026-07-29T22:00:00Z,2026-07-30T00:00:00+0200,14.8,MW,PT,PT,forecast_solar_generation,Solar,2026-08-06T07:09:49Z
2026-08-06T06:59:31Z,2026-08-06T08:59:31+0200,c9803fd0-85de-41d5-be1c-e8446d37c7e0,2026-07-29T23:00:00Z,2026-07-30T01:00:00+0200,14.8,MW,PT,PT,forecast_solar_generation,Solar,2026-08-06T07:09:49Z
2026-08-06T06:59:31Z,2026-08-06T08:59:31+0200,c9803fd0-85de-41d5-be1c-e8446d37c7e0,2026-07-30T00:00:00Z,2026-07-30T02:00:00+0200,14.8,MW,PT,PT,forecast_solar_generation,Solar,2026-08-06T07:09:49Z
2026-08-06T06:59:31Z,2026-08-06T08:59:31+0200,c9803fd0-85de-41d5-be1c-e8446d37c7e0,2026-07-30T01:00:00Z,2026-07-30T03:00:00+0200,14.8,MW,PT,PT,forecast_solar_generation,Solar,2026-08-06T07:09:49Z
2026-08-06T06:59:31Z,2026-08-06T08:59:31+0200,c9803fd0-85de-41d5-be1c-e8446d37c7e0,2026-07-30T02:00:00Z,2026-07-30T04:00:00+0200,14.8,MW,PT,PT,forecast_solar_generation,Solar,2026-08-06T07:09:49Z
2026-08-06T06:59:31Z,2026-08-06T08:59:31+0200,c9803fd0-85de-41d5-be1c-e8446d37c7e0,2026-07-30T03:00:00Z,2026-07-30T05:00:00+0200,14.8,MW,PT,PT,forecast_solar_generation,Solar,2026-08-06T07:09:49Z
2026-08-06T06:59:31Z,2026-08-06T08:59:31+0200,c9803fd0-85de-41d5-be1c-e8446d37c7e0,2026-07-30T04:00:00Z,2026-07-30T06:00:00+0200,14.8,MW,PT,PT,forecast_solar_generation,Solar,2026-08-06T07:09:49Z
2026-08-06T06:59:31Z,2026-08-06T08:59:31+0200,c9803fd0-85de-41d5-be1c-e8446d37c7e0,2026-07-30T05:00:00Z,2026-07-30T07:00:00+0200,53.5,MW,PT,PT,forecast_solar_generation,Solar,2026-08-06T07:09:49Z
2026-08-06T06:59:31Z,2026-08-06T08:59:31+0200,c9803fd0-85de-41d5-be1c-e8446d37c7e0,2026-07-30T06:00:00Z,2026-07-30T08:00:00+0200,472.7,MW,PT,PT,forecast_solar_generation,Solar,2026-08-06T07:09:49Z
2026-08-06T06:59:31Z,2026-08-06T08:59:31+0200,c9803fd0-85de-41d5-be1c-e8446d37c7e0,2026-07-30T07:00:00Z,2026-07-30T09:00:00+0200,1231.7,MW,PT,PT,forecast_solar_generation,Solar,2026-08-06T07:09:49Z
2026-08-06T06:59:31Z,2026-08-06T08:59:31+0200,c9803fd0-85de-41d5-be1c-e8446d37c7e0,2026-07-30T08:00:00Z,2026-07-30T10:00:00+0200,2047.4,MW,PT,PT,forecast_solar_generation,Solar,2026-08-06T07:09:49Z
2026-08-06T06:59:31Z,2026-08-06T08:59:31+0200,c9803fd0-85de-41d5-be1c-e8446d37c7e0,2026-07-30T09:00:00Z,2026-07-30T11:00:00+0200,2574.1,MW,PT,PT,forecast_solar_generation,Solar,2026-08-06T07:09:49Z
2026-08-06T06:59:31Z,2026-08-06T08:59:31+0200,c9803fd0-85de-41d5-be1c-e8446d37c7e0,2026-07-30T10:00:00Z,2026-07-30T12:00:00+0200,2960.3,MW,PT,PT,forecast_solar_generation,Solar,2026-08-06T07:09:49Z
2026-08-06T06:59:31Z,2026-08-06T08:59:31+0200,c9803fd0-85de-41d5-be1c-e8446d37c7e0,2026-07-30T11:00:00Z,2026-07-30T13:00:00+0200,3305.7,MW,PT,PT,forecast_solar_generation,Solar,2026-08-06T07:09:49Z
2026-08-06T06:59:31Z,2026-08-06T08:59:31+0200,c9803fd0-85de-41d5-be1c-e8446d37c7e0,2026-07-30T12:00:00Z,2026-07-30T14:00:00+0200,3045.0,MW,PT,PT,forecast_solar_generation,Solar,2026-08-06T07:09:49Z
2026-08-06T06:59:31Z,2026-08-06T08:59:31+0200,c9803fd0-85de-41d5-be1c-e8446d37c7e0,2026-07-30T13:00:00Z,2026-07-30T15:00:00+0200,3208.2,MW,PT,PT,forecast_solar_generation,Solar,2026-08-06T07:09:49Z
2026-08-06T06:59:31Z,2026-08-06T08:59:31+0200,c9803fd0-85de-41d5-be1c-e8446d37c7e0,2026-07-30T14:00:00Z,2026-07-30T16:00:00+0200,3091.3,MW,PT,PT,forecast_solar_generation,Solar,2026-08-06T07:09:49Z
2026-08-06T06:59:31Z,2026-08-06T08:59:31+0200,c9803fd0-85de-41d5-be1c-e8446d37c7e0,2026-07-30T15:00:00Z,2026-07-30T17:00:00+0200,2817.3,MW,PT,PT,forecast_solar_generation,Solar,2026-08-06T07:09:49Z
2026-08-06T06:59:31Z,2026-08-06T08:59:31+0200,c9803fd0-85de-41d5-be1c-e8446d37c7e0,2026-07-30T16:00:00Z,2026-07-30T18:00:00+0200,2428.3,MW,PT,PT,forecast_solar_generation,Solar,2026-08-06T07:09:49Z
2026-08-06T06:59:31Z,2026-08-06T08:59:31+0200,c9803fd0-85de-41d5-be1c-e8446d37c7e0,2026-07-30T17:00:00Z,2026-07-30T19:00:00+0200,1635.8,MW,PT,PT,forecast_solar_generation,Solar,2026-08-06T07:09:49Z
2026-08-06T06:59:31Z,2026-08-06T08:59:31+0200,c9803fd0-85de-41d5-be1c-e8446d37c7e0,2026-07-30T18:00:00Z,2026-07-30T20:00:00+0200,700.9,MW,PT,PT,forecast_solar_generation,Solar,2026-08-06T07:09:49Z
2026-08-06T06:59:31Z,2026-08-06T08:59:31+0200,c9803fd0-85de-41d5-be1c-e8446d37c7e0,2026-07-30T19:00:00Z,2026-07-30T21:00:00+0200,182.9,MW,PT,PT,forecast_solar_generation,Solar,2026-08-06T07:09:49Z
2026-08-06T06:59:31Z,2026-08-06T08:59:31+0200,c9803fd0-85de-41d5-be1c-e8446d37c7e0,2026-07-30T20:00:00Z,2026-07-30T22:00:00+0200,27.4,MW,PT,PT,forecast_solar_generation,Solar,2026-08-06T07:09:49Z
2026-08-06T06:59:31Z,2026-08-06T08:59:31+0200,c9803fd0-85de-41d5-be1c-e8446d37c7e0,2026-07-30T21:00:00Z,2026-07-30T23:00:00+0200,21.4,MW,PT,PT,forecast_solar_generation,Solar,2026-08-06T07:09:49Z
2026-08-06T06:59:31Z,2026-08-06T08:59:31+0200,c9803fd0-85de-41d5-be1c-e8446d37c7e0,2026-07-30T22:00:00Z,2026-07-31T00:00:00+0200,0.0,MW,PT,PT,forecast_solar_generation,Solar,2026-08-06T07:09:49Z
2026-08-06T06:59:31Z,2026-08-06T08:59:31+0200,c9803fd0-85de-41d5-be1c-e8446d37c7e0,2026-07-30T23:00:00Z,2026-07-31T01:00:00+0200,0.0,MW,PT,PT,forecast_solar_generation,Solar,2026-08-06T07:09:49Z
2026-08-06T06:59:31Z,2026-08-06T08:59:31+0200,c9803fd0-85de-41d5-be1c-e8446d37c7e0,2026-07-31T00:00:00Z,2026-07-31T02:00:00+0200,0.0,MW,PT,PT,forecast_solar_generation,Solar,2026-08-06T07:09:49Z
2026-08-06T06:59:31Z,2026-08-06T08:59:31+0200,c9803fd0-85de-41d5-be1c-e8446d37c7e0,2026-07-31T01:00:00Z,2026-07-31T03:00:00+0200,0.0,MW,PT,PT,forecast_solar_generation,Solar,2026-08-06T07:09:49Z
2026-08-06T06:59:31Z,2026-08-06T08:59:31+0200,c9803fd0-85de-41d5-be1c-e8446d37c7e0,2026-07-31T02:00:00Z,2026-07-31T04:00:00+0200,0.0,MW,PT,PT,forecast_solar_generation,Solar,2026-08-06T07:09:49Z
2026-08-06T06:59:31Z,2026-08-06T08:59:31+0200,c9803fd0-85de-41d5-be1c-e8446d37c7e0,2026-07-31T03:00:00Z,2026-07-31T05:00:00+0200,0.0,MW,PT,PT,forecast_solar_generation,Solar,2026-08-06T07:09:49Z
2026-08-06T06:59:31Z,2026-08-06T08:59:31+0200,c9803fd0-85de-41d5-be1c-e8446d37c7e0,2026-07-31T04:00:00Z,2026-07-31T06:00:00+0200,0.0,MW,PT,PT,forecast_solar_generation,Solar,2026-08-06T07:09:49Z
2026-08-06T06:59:31Z,2026-08-06T08:59:31+0200,c9803fd0-85de-41d5-be1c-e8446d37c7e0,2026-07-31T05:00:00Z,2026-07-31T07:00:00+0200,51.7,MW,PT,PT,forecast_solar_generation,Solar,2026-08-06T07:09:49Z
2026-08-06T06:59:31Z,2026-08-06T08:59:31+0200,c9803fd0-85de-41d5-be1c-e8446d37c7e0,2026-07-31T06:00:00Z,2026-07-31T08:00:00+0200,407.7,MW,PT,PT,forecast_solar_generation,Solar,2026-08-06T07:09:49Z
2026-08-06T06:59:31Z,2026-08-06T08:59:31+0200,c9803fd0-85de-41d5-be1c-e8446d37c7e0,2026-07-31T07:00:00Z,2026-07-31T09:00:00+0200,1105.5,MW,PT,PT,forecast_solar_generation,Solar,2026-08-06T07:09:49Z
2026-08-06T06:59:31Z,2026-08-06T08:59:31+0200,c9803fd0-85de-41d5-be1c-e8446d37c7e0,2026-07-31T08:00:00Z,2026-07-31T10:00:00+0200,1968.1,MW,PT,PT,forecast_solar_generation,Solar,2026-08-06T07:09:49Z
2026-08-06T06:59:31Z,2026-08-06T08:59:31+0200,c9803fd0-85de-41d5-be1c-e8446d37c7e0,2026-07-31T09:00:00Z,2026-07-31T11:00:00+0200,2703.9,MW,PT,PT,forecast_solar_generation,Solar,2026-08-06T07:09:49Z
2026-08-06T06:59:31Z,2026-08-06T08:59:31+0200,c9803fd0-85de-41d5-be1c-e8446d37c7e0,2026-07-31T10:00:00Z,2026-07-31T12:00:00+0200,3148.2,MW,PT,PT,forecast_solar_generation,Solar,2026-08-06T07:09:49Z
2026-08-06T06:59:31Z,2026-08-06T08:59:31+0200,c9803fd0-85de-41d5-be1c-e8446d37c7e0,2026-07-31T11:00:00Z,2026-07-31T13:00:00+0200,3383.7,MW,PT,PT,forecast_solar_generation,Solar,2026-08-06T07:09:49Z
2026-08-06T06:59:31Z,2026-08-06T08:59:31+0200,c9803fd0-85de-41d5-be1c-e8446d37c7e0,2026-07-31T12:00:00Z,2026-07-31T14:00:00+0200,3433.1,MW,PT,PT,forecast_solar_generation,Solar,2026-08-06T07:09:49Z
2026-08-06T06:59:31Z,2026-08-06T08:59:31+0200,c9803fd0-85de-41d5-be1c-e8446d37c7e0,2026-07-31T13:00:00Z,2026-07-31T15:00:00+0200,3365.3,MW,PT,PT,forecast_solar_generation,Solar,2026-08-06T07:09:49Z
2026-08-06T06:59:31Z,2026-08-06T08:59:31+0200,c9803fd0-85de-41d5-be1c-e8446d37c7e0,2026-07-31T14:00:00Z,2026-07-31T16:00:00+0200,3197.6,MW,PT,PT,forecast_solar_generation,Solar,2026-08-06T07:09:49Z
2026-08-06T06:59:31Z,2026-08-06T08:59:31+0200,c9803fd0-85de-41d5-be1c-e8446d37c7e0,2026-07-31T15:00:00Z,2026-07-31T17:00:00+0200,2848.6,MW,PT,PT,forecast_solar_generation,Solar,2026-08-06T07:09:49Z
2026-08-06T06:59:31Z,2026-08-06T08:59:31+0200,c9803fd0-85de-41d5-be1c-e8446d37c7e0,2026-07-31T16:00:00Z,2026-07-31T18:00:00+0200,2276.0,MW,PT,PT,forecast_solar_generation,Solar,2026-08-06T07:09:49Z
2026-08-06T06:59:31Z,2026-08-06T08:59:31+0200,c9803fd0-85de-41d5-be1c-e8446d37c7e0,2026-07-31T17:00:00Z,2026-07-31T19:00:00+0200,1519.2,MW,PT,PT,forecast_solar_generation,Solar,2026-08-06T07:09:49Z
2026-08-06T06:59:31Z,2026-08-06T08:59:31+0200,c9803fd0-85de-41d5-be1c-e8446d37c7e0,2026-07-31T18:00:00Z,2026-07-31T20:00:00+0200,613.7,MW,PT,PT,forecast_solar_generation,Solar,2026-08-06T07:09:49Z
2026-08-06T06:59:31Z,2026-08-06T08:59:31+0200,c9803fd0-85de-41d5-be1c-e8446d37c7e0,2026-07-31T19:00:00Z,2026-07-31T21:00:00+0200,102.1,MW,PT,PT,forecast_solar_generation,Solar,2026-08-06T07:09:49Z
2026-08-06T06:59:31Z,2026-08-06T08:59:31+0200,c9803fd0-85de-41d5-be1c-e8446d37c7e0,2026-07-31T20:00:00Z,2026-07-31T22:00:00+0200,0.0,MW,PT,PT,forecast_solar_generation,Solar,2026-08-06T07:09:49Z
2026-08-06T06:59:31Z,2026-08-06T08:59:31+0200,c9803fd0-85de-41d5-be1c-e8446d37c7e0,2026-07-31T21:00:00Z,2026-07-31T23:00:00+0200,0.0,MW,PT,PT,forecast_solar_generation,Solar,2026-08-06T07:09:49Z
2026-08-06T06:59:31Z,2026-08-06T08:59:31+0200,c9803fd0-85de-41d5-be1c-e8446d37c7e0,2026-07-31T22:00:00Z,2026-08-01T00:00:00+0200,0.0,MW,PT,PT,forecast_solar_generation,Solar,2026-08-06T07:09:49Z
2026-08-06T06:59:31Z,2026-08-06T08:59:31+0200,c9803fd0-85de-41d5-be1c-e8446d37c7e0,2026-07-31T23:00:00Z,2026-08-01T01:00:00+0200,0.0,MW,PT,PT,forecast_solar_generation,Solar,2026-08-06T07:09:49Z
2026-08-06T06:59:31Z,2026-08-06T08:59:31+0200,c9803fd0-85de-41d5-be1c-e8446d37c7e0,2026-08-01T00:00:00Z,2026-08-01T02:00:00+0200,0.0,MW,PT,PT,forecast_solar_generation,Solar,2026-08-06T07:09:49Z
2026-08-06T06:59:31Z,2026-08-06T08:59:31+0200,c9803fd0-85de-41d5-be1c-e8446d37c7e0,2026-08-01T01:00:00Z,2026-08-01T03:00:00+0200,0.0,MW,PT,PT,forecast_solar_generation,Solar,2026-08-06T07:09:49Z
2026-08-06T06:59:31Z,2026-08-06T08:59:31+0200,c9803fd0-85de-41d5-be1c-e8446d37c7e0,2026-08-01T02:00:00Z,2026-08-01T04:00:00+0200,0.0,MW,PT,PT,forecast_solar_generation,Solar,2026-08-06T07:09:49Z
2026-08-06T06:59:31Z,2026-08-06T08:59:31+0200,c9803fd0-85de-41d5-be1c-e8446d37c7e0,2026-08-01T03:00:00Z,2026-08-01T05:00:00+0200,0.0,MW,PT,PT,forecast_solar_generation,Solar,2026-08-06T07:09:49Z
2026-08-06T06:59:31Z,2026-08-06T08:59:31+0200,c9803fd0-85de-41d5-be1c-e8446d37c7e0,2026-08-01T04:00:00Z,2026-08-01T06:00:00+0200,0.0,MW,PT,PT,forecast_solar_generation,Solar,2026-08-06T07:09:49Z
2026-08-06T06:59:31Z,2026-08-06T08:59:31+0200,c9803fd0-85de-41d5-be1c-e8446d37c7e0,2026-08-01T05:00:00Z,2026-08-01T07:00:00+0200,70.2,MW,PT,PT,forecast_solar_generation,Solar,2026-08-06T07:09:49Z
2026-08-06T06:59:31Z,2026-08-06T08:59:31+0200,c9803fd0-85de-41d5-be1c-e8446d37c7e0,2026-08-01T06:00:00Z,2026-08-01T08:00:00+0200,577.5,MW,PT,PT,forecast_solar_generation,Solar,2026-08-06T07:09:49Z
2026-08-06T06:59:31Z,2026-08-06T08:59:31+0200,c9803fd0-85de-41d5-be1c-e8446d37c7e0,2026-08-01T07:00:00Z,2026-08-01T09:00:00+0200,1341.0,MW,PT,PT,forecast_solar_generation,Solar,2026-08-06T07:09:49Z
2026-08-06T06:59:31Z,2026-08-06T08:59:31+0200,c9803fd0-85de-41d5-be1c-e8446d37c7e0,2026-08-01T08:00:00Z,2026-08-01T10:00:00+0200,2076.1,MW,PT,PT,forecast_solar_generation,Solar,2026-08-06T07:09:49Z
2026-08-06T06:59:31Z,2026-08-06T08:59:31+0200,c9803fd0-85de-41d5-be1c-e8446d37c7e0,2026-08-01T09:00:00Z,2026-08-01T11:00:00+0200,2410.3,MW,PT,PT,forecast_solar_generation,Solar,2026-08-06T07:09:49Z
2026-08-06T06:59:31Z,2026-08-06T08:59:31+0200,c9803fd0-85de-41d5-be1c-e8446d37c7e0,2026-08-01T10:00:00Z,2026-08-01T12:00:00+0200,2674.7,MW,PT,PT,forecast_solar_generation,Solar,2026-08-06T07:09:49Z
2026-08-06T06:59:31Z,2026-08-06T08:59:31+0200,c9803fd0-85de-41d5-be1c-e8446d37c7e0,2026-08-01T11:00:00Z,2026-08-01T13:00:00+0200,2703.7,MW,PT,PT,forecast_solar_generation,Solar,2026-08-06T07:09:49Z
2026-08-06T06:59:31Z,2026-08-06T08:59:31+0200,c9803fd0-85de-41d5-be1c-e8446d37c7e0,2026-08-01T12:00:00Z,2026-08-01T14:00:00+0200,2759.3,MW,PT,PT,forecast_solar_generation,Solar,2026-08-06T07:09:49Z
2026-08-06T06:59:31Z,2026-08-06T08:59:31+0200,c9803fd0-85de-41d5-be1c-e8446d37c7e0,2026-08-01T13:00:00Z,2026-08-01T15:00:00+0200,2675.2,MW,PT,PT,forecast_solar_generation,Solar,2026-08-06T07:09:49Z
2026-08-06T06:59:31Z,2026-08-06T08:59:31+0200,c9803fd0-85de-41d5-be1c-e8446d37c7e0,2026-08-01T14:00:00Z,2026-08-01T16:00:00+0200,2632.5,MW,PT,PT,forecast_solar_generation,Solar,2026-08-06T07:09:49Z
2026-08-06T06:59:31Z,2026-08-06T08:59:31+0200,c9803fd0-85de-41d5-be1c-e8446d37c7e0,2026-08-01T15:00:00Z,2026-08-01T17:00:00+0200,2789.6,MW,PT,PT,forecast_solar_generation,Solar,2026-08-06T07:09:49Z
2026-08-06T06:59:31Z,2026-08-06T08:59:31+0200,c9803fd0-85de-41d5-be1c-e8446d37c7e0,2026-08-01T16:00:00Z,2026-08-01T18:00:00+0200,2525.4,MW,PT,PT,forecast_solar_generation,Solar,2026-08-06T07:09:49Z
2026-08-06T06:59:31Z,2026-08-06T08:59:31+0200,c9803fd0-85de-41d5-be1c-e8446d37c7e0,2026-08-01T17:00:00Z,2026-08-01T19:00:00+0200,1785.4,MW,PT,PT,forecast_solar_generation,Solar,2026-08-06T07:09:49Z
2026-08-06T06:59:31Z,2026-08-06T08:59:31+0200,c9803fd0-85de-41d5-be1c-e8446d37c7e0,2026-08-01T18:00:00Z,2026-08-01T20:00:00+0200,827.4,MW,PT,PT,forecast_solar_generation,Solar,2026-08-06T07:09:49Z
2026-08-06T06:59:31Z,2026-08-06T08:59:31+0200,c9803fd0-85de-41d5-be1c-e8446d37c7e0,2026-08-01T19:00:00Z,2026-08-01T21:00:00+0200,230.1,MW,PT,PT,forecast_solar_generation,Solar,2026-08-06T07:09:49Z
2026-08-06T06:59:31Z,2026-08-06T08:59:31+0200,c9803fd0-85de-41d5-be1c-e8446d37c7e0,2026-08-01T20:00:00Z,2026-08-01T22:00:00+0200,0.0,MW,PT,PT,forecast_solar_generation,Solar,2026-08-06T07:09:49Z
2026-08-06T06:59:31Z,2026-08-06T08:59:31+0200,c9803fd0-85de-41d5-be1c-e8446d37c7e0,2026-08-01T21:00:00Z,2026-08-01T23:00:00+0200,0.0,MW,PT,PT,forecast_solar_generation,Solar,2026-08-06T07:09:49Z
2026-08-06T06:59:31Z,2026-08-06T08:59:31+0200,c9803fd0-85de-41d5-be1c-e8446d37c7e0,2026-08-01T22:00:00Z,2026-08-02T00:00:00+0200,101.8,MW,PT,PT,forecast_solar_generation,Solar,2026-08-06T07:09:49Z
2026-08-06T06:59:31Z,2026-08-06T08:59:31+0200,c9803fd0-85de-41d5-be1c-e8446d37c7e0,2026-08-01T23:00:00Z,2026-08-02T01:00:00+0200,92.2,MW,PT,PT,forecast_solar_generation,Solar,2026-08-06T07:09:49Z
2026-08-06T06:59:31Z,2026-08-06T08:59:31+0200,c9803fd0-85de-41d5-be1c-e8446d37c7e0,2026-08-02T00:00:00Z,2026-08-02T02:00:00+0200,92.2,MW,PT,PT,forecast_solar_generation,Solar,2026-08-06T07:09:49Z
2026-08-06T06:59:31Z,2026-08-06T08:59:31+0200,c9803fd0-85de-41d5-be1c-e8446d37c7e0,2026-08-02T01:00:00Z,2026-08-02T03:00:00+0200,88.3,MW,PT,PT,forecast_solar_generation,Solar,2026-08-06T07:09:49Z
2026-08-06T06:59:31Z,2026-08-06T08:59:31+0200,c9803fd0-85de-41d5-be1c-e8446d37c7e0,2026-08-02T02:00:00Z,2026-08-02T04:00:00+0200,62.6,MW,PT,PT,forecast_solar_generation,Solar,2026-08-06T07:09:49Z
2026-08-06T06:59:31Z,2026-08-06T08:59:31+0200,c9803fd0-85de-41d5-be1c-e8446d37c7e0,2026-08-02T03:00:00Z,2026-08-02T05:00:00+0200,63.4,MW,PT,PT,forecast_solar_generation,Solar,2026-08-06T07:09:49Z
2026-08-06T06:59:31Z,2026-08-06T08:59:31+0200,c9803fd0-85de-41d5-be1c-e8446d37c7e0,2026-08-02T04:00:00Z,2026-08-02T06:00:00+0200,85.7,MW,PT,PT,forecast_solar_generation,Solar,2026-08-06T07:09:49Z
2026-08-06T06:59:31Z,2026-08-06T08:59:31+0200,c9803fd0-85de-41d5-be1c-e8446d37c7e0,2026-08-02T05:00:00Z,2026-08-02T07:00:00+0200,155.1,MW,PT,PT,forecast_solar_generation,Solar,2026-08-06T07:09:49Z
2026-08-06T06:59:31Z,2026-08-06T08:59:31+0200,c9803fd0-85de-41d5-be1c-e8446d37c7e0,2026-08-02T06:00:00Z,2026-08-02T08:00:00+0200,518.7,MW,PT,PT,forecast_solar_generation,Solar,2026-08-06T07:09:49Z
2026-08-06T06:59:31Z,2026-08-06T08:59:31+0200,c9803fd0-85de-41d5-be1c-e8446d37c7e0,2026-08-02T07:00:00Z,2026-08-02T09:00:00+0200,1158.0,MW,PT,PT,forecast_solar_generation,Solar,2026-08-06T07:09:49Z
2026-08-06T06:59:31Z,2026-08-06T08:59:31+0200,c9803fd0-85de-41d5-be1c-e8446d37c7e0,2026-08-02T08:00:00Z,2026-08-02T10:00:00+0200,1569.2,MW,PT,PT,forecast_solar_generation,Solar,2026-08-06T07:09:49Z
2026-08-06T06:59:31Z,2026-08-06T08:59:31+0200,c9803fd0-85de-41d5-be1c-e8446d37c7e0,2026-08-02T09:00:00Z,2026-08-02T11:00:00+0200,1854.1,MW,PT,PT,forecast_solar_generation,Solar,2026-08-06T07:09:49Z
2026-08-06T06:59:31Z,2026-08-06T08:59:31+0200,c9803fd0-85de-41d5-be1c-e8446d37c7e0,2026-08-02T10:00:00Z,2026-08-02T12:00:00+0200,2101.2,MW,PT,PT,forecast_solar_generation,Solar,2026-08-06T07:09:49Z
2026-08-06T06:59:31Z,2026-08-06T08:59:31+0200,c9803fd0-85de-41d5-be1c-e8446d37c7e0,2026-08-02T11:00:00Z,2026-08-02T13:00:00+0200,2322.8,MW,PT,PT,forecast_solar_generation,Solar,2026-08-06T07:09:49Z
2026-08-06T06:59:31Z,2026-08-06T08:59:31+0200,c9803fd0-85de-41d5-be1c-e8446d37c7e0,2026-08-02T12:00:00Z,2026-08-02T14:00:00+0200,2350.7,MW,PT,PT,forecast_solar_generation,Solar,2026-08-06T07:09:49Z
2026-08-06T06:59:31Z,2026-08-06T08:59:31+0200,c9803fd0-85de-41d5-be1c-e8446d37c7e0,2026-08-02T13:00:00Z,2026-08-02T15:00:00+0200,2350.5,MW,PT,PT,forecast_solar_generation,Solar,2026-08-06T07:09:49Z
2026-08-06T06:59:31Z,2026-08-06T08:59:31+0200,c9803fd0-85de-41d5-be1c-e8446d37c7e0,2026-08-02T14:00:00Z,2026-08-02T16:00:00+0200,2305.2,MW,PT,PT,forecast_solar_generation,Solar,2026-08-06T07:09:49Z
2026-08-06T06:59:31Z,2026-08-06T08:59:31+0200,c9803fd0-85de-41d5-be1c-e8446d37c7e0,2026-08-02T15:00:00Z,2026-08-02T17:00:00+0200,2336.2,MW,PT,PT,forecast_solar_generation,Solar,2026-08-06T07:09:49Z
2026-08-06T06:59:31Z,2026-08-06T08:59:31+0200,c9803fd0-85de-41d5-be1c-e8446d37c7e0,2026-08-02T16:00:00Z,2026-08-02T18:00:00+0200,2064.2,MW,PT,PT,forecast_solar_generation,Solar,2026-08-06T07:09:49Z
2026-08-06T06:59:31Z,2026-08-06T08:59:31+0200,c9803fd0-85de-41d5-be1c-e8446d37c7e0,2026-08-02T17:00:00Z,2026-08-02T19:00:00+0200,1398.1,MW,PT,PT,forecast_solar_generation,Solar,2026-08-06T07:09:49Z
2026-08-06T06:59:31Z,2026-08-06T08:59:31+0200,c9803fd0-85de-41d5-be1c-e8446d37c7e0,2026-08-02T18:00:00Z,2026-08-02T20:00:00+0200,778.2,MW,PT,PT,forecast_solar_generation,Solar,2026-08-06T07:09:49Z
2026-08-06T06:59:31Z,2026-08-06T08:59:31+0200,c9803fd0-85de-41d5-be1c-e8446d37c7e0,2026-08-02T19:00:00Z,2026-08-02T21:00:00+0200,318.3,MW,PT,PT,forecast_solar_generation,Solar,2026-08-06T07:09:49Z
2026-08-06T06:59:31Z,2026-08-06T08:59:31+0200,c9803fd0-85de-41d5-be1c-e8446d37c7e0,2026-08-02T20:00:00Z,2026-08-02T22:00:00+0200,141.4,MW,PT,PT,forecast_solar_generation,Solar,2026-08-06T07:09:49Z
2026-08-06T06:59:31Z,2026-08-06T08:59:31+0200,c9803fd0-85de-41d5-be1c-e8446d37c7e0,2026-08-02T21:00:00Z,2026-08-02T23:00:00+0200,125.7,MW,PT,PT,forecast_solar_generation,Solar,2026-08-06T07:09:49Z
2026-08-06T06:59:31Z,2026-08-06T08:59:31+0200,c9803fd0-85de-41d5-be1c-e8446d37c7e0,2026-08-02T22:00:00Z,2026-08-03T00:00:00+0200,0.0,MW,PT,PT,forecast_solar_generation,Solar,2026-08-06T07:09:49Z
2026-08-06T06:59:31Z,2026-08-06T08:59:31+0200,c9803fd0-85de-41d5-be1c-e8446d37c7e0,2026-08-02T23:00:00Z,2026-08-03T01:00:00+0200,0.0,MW,PT,PT,forecast_solar_generation,Solar,2026-08-06T07:09:49Z
2026-08-06T06:59:31Z,2026-08-06T08:59:31+0200,c9803fd0-85de-41d5-be1c-e8446d37c7e0,2026-08-03T00:00:00Z,2026-08-03T02:00:00+0200,0.0,MW,PT,PT,forecast_solar_generation,Solar,2026-08-06T07:09:49Z
2026-08-06T06:59:31Z,2026-08-06T08:59:31+0200,c9803fd0-85de-41d5-be1c-e8446d37c7e0,2026-08-03T01:00:00Z,2026-08-03T03:00:00+0200,0.0,MW,PT,PT,forecast_solar_generation,Solar,2026-08-06T07:09:49Z
2026-08-06T06:59:31Z,2026-08-06T08:59:31+0200,c9803fd0-85de-41d5-be1c-e8446d37c7e0,2026-08-03T02:00:00Z,2026-08-03T04:00:00+0200,0.0,MW,PT,PT,forecast_solar_generation,Solar,2026-08-06T07:09:49Z
2026-08-06T06:59:31Z,2026-08-06T08:59:31+0200,c9803fd0-85de-41d5-be1c-e8446d37c7e0,2026-08-03T03:00:00Z,2026-08-03T05:00:00+0200,0.0,MW,PT,PT,forecast_solar_generation,Solar,2026-08-06T07:09:49Z
2026-08-06T06:59:31Z,2026-08-06T08:59:31+0200,c9803fd0-85de-41d5-be1c-e8446d37c7e0,2026-08-03T04:00:00Z,2026-08-03T06:00:00+0200,0.0,MW,PT,PT,forecast_solar_generation,Solar,2026-08-06T07:09:49Z
2026-08-06T06:59:31Z,2026-08-06T08:59:31+0200,c9803fd0-85de-41d5-be1c-e8446d37c7e0,2026-08-03T05:00:00Z,2026-08-03T07:00:00+0200,0.1,MW,PT,PT,forecast_solar_generation,Solar,2026-08-06T07:09:49Z
2026-08-06T06:59:31Z,2026-08-06T08:59:31+0200,c9803fd0-85de-41d5-be1c-e8446d37c7e0,2026-08-03T06:00:00Z,2026-08-03T08:00:00+0200,301.8,MW,PT,PT,forecast_solar_generation,Solar,2026-08-06T07:09:49Z
2026-08-06T06:59:31Z,2026-08-06T08:59:31+0200,c9803fd0-85de-41d5-be1c-e8446d37c7e0,2026-08-03T07:00:00Z,2026-08-03T09:00:00+0200,1025.9,MW,PT,PT,forecast_solar_generation,Solar,2026-08-06T07:09:49Z
2026-08-06T06:59:31Z,2026-08-06T08:59:31+0200,c9803fd0-85de-41d5-be1c-e8446d37c7e0,2026-08-03T08:00:00Z,2026-08-03T10:00:00+0200,1622.6,MW,PT,PT,forecast_solar_generation,Solar,2026-08-06T07:09:49Z
2026-08-06T06:59:31Z,2026-08-06T08:59:31+0200,c9803fd0-85de-41d5-be1c-e8446d37c7e0,2026-08-03T09:00:00Z,2026-08-03T11:00:00+0200,2170.4,MW,PT,PT,forecast_solar_generation,Solar,2026-08-06T07:09:49Z
2026-08-06T06:59:31Z,2026-08-06T08:59:31+0200,c9803fd0-85de-41d5-be1c-e8446d37c7e0,2026-08-03T10:00:00Z,2026-08-03T12:00:00+0200,2632.0,MW,PT,PT,forecast_solar_generation,Solar,2026-08-06T07:09:49Z
2026-08-06T06:59:31Z,2026-08-06T08:59:31+0200,c9803fd0-85de-41d5-be1c-e8446d37c7e0,2026-08-03T11:00:00Z,2026-08-03T13:00:00+0200,2849.1,MW,PT,PT,forecast_solar_generation,Solar,2026-08-06T07:09:49Z
2026-08-06T06:59:31Z,2026-08-06T08:59:31+0200,c9803fd0-85de-41d5-be1c-e8446d37c7e0,2026-08-03T12:00:00Z,2026-08-03T14:00:00+0200,2879.6,MW,PT,PT,forecast_solar_generation,Solar,2026-08-06T07:09:49Z
2026-08-06T06:59:31Z,2026-08-06T08:59:31+0200,c9803fd0-85de-41d5-be1c-e8446d37c7e0,2026-08-03T13:00:00Z,2026-08-03T15:00:00+0200,2805.3,MW,PT,PT,forecast_solar_generation,Solar,2026-08-06T07:09:49Z
2026-08-06T06:59:31Z,2026-08-06T08:59:31+0200,c9803fd0-85de-41d5-be1c-e8446d37c7e0,2026-08-03T14:00:00Z,2026-08-03T16:00:00+0200,2521.0,MW,PT,PT,forecast_solar_generation,Solar,2026-08-06T07:09:49Z
2026-08-06T06:59:31Z,2026-08-06T08:59:31+0200,c9803fd0-85de-41d5-be1c-e8446d37c7e0,2026-08-03T15:00:00Z,2026-08-03T17:00:00+0200,2216.4,MW,PT,PT,forecast_solar_generation,Solar,2026-08-06T07:09:49Z
2026-08-06T06:59:31Z,2026-08-06T08:59:31+0200,c9803fd0-85de-41d5-be1c-e8446d37c7e0,2026-08-03T16:00:00Z,2026-08-03T18:00:00+0200,1812.6,MW,PT,PT,forecast_solar_generation,Solar,2026-08-06T07:09:49Z
2026-08-06T06:59:31Z,2026-08-06T08:59:31+0200,c9803fd0-85de-41d5-be1c-e8446d37c7e0,2026-08-03T17:00:00Z,2026-08-03T19:00:00+0200,1234.6,MW,PT,PT,forecast_solar_generation,Solar,2026-08-06T07:09:49Z
2026-08-06T06:59:31Z,2026-08-06T08:59:31+0200,c9803fd0-85de-41d5-be1c-e8446d37c7e0,2026-08-03T18:00:00Z,2026-08-03T20:00:00+0200,502.8,MW,PT,PT,forecast_solar_generation,Solar,2026-08-06T07:09:49Z
2026-08-06T06:59:31Z,2026-08-06T08:59:31+0200,c9803fd0-85de-41d5-be1c-e8446d37c7e0,2026-08-03T19:00:00Z,2026-08-03T21:00:00+0200,44.9,MW,PT,PT,forecast_solar_generation,Solar,2026-08-06T07:09:49Z
2026-08-06T06:59:31Z,2026-08-06T08:59:31+0200,c9803fd0-85de-41d5-be1c-e8446d37c7e0,2026-08-03T20:00:00Z,2026-08-03T22:00:00+0200,0.0,MW,PT,PT,forecast_solar_generation,Solar,2026-08-06T07:09:49Z
2026-08-06T06:59:31Z,2026-08-06T08:59:31+0200,c9803fd0-85de-41d5-be1c-e8446d37c7e0,2026-08-03T21:00:00Z,2026-08-03T23:00:00+0200,0.0,MW,PT,PT,forecast_solar_generation,Solar,2026-08-06T07:09:49Z
2026-08-06T06:59:31Z,2026-08-06T08:59:31+0200,c9803fd0-85de-41d5-be1c-e8446d37c7e0,2026-08-03T22:00:00Z,2026-08-04T00:00:00+0200,15.9,MW,PT,PT,forecast_solar_generation,Solar,2026-08-06T07:09:49Z
2026-08-06T06:59:31Z,2026-08-06T08:59:31+0200,c9803fd0-85de-41d5-be1c-e8446d37c7e0,2026-08-03T23:00:00Z,2026-08-04T01:00:00+0200,14.8,MW,PT,PT,forecast_solar_generation,Solar,2026-08-06T07:09:49Z
2026-08-06T06:59:31Z,2026-08-06T08:59:31+0200,c9803fd0-85de-41d5-be1c-e8446d37c7e0,2026-08-04T00:00:00Z,2026-08-04T02:00:00+0200,14.8,MW,PT,PT,forecast_solar_generation,Solar,2026-08-06T07:09:49Z
2026-08-06T06:59:31Z,2026-08-06T08:59:31+0200,c9803fd0-85de-41d5-be1c-e8446d37c7e0,2026-08-04T01:00:00Z,2026-08-04T03:00:00+0200,14.8,MW,PT,PT,forecast_solar_generation,Solar,2026-08-06T07:09:49Z
2026-08-06T06:59:31Z,2026-08-06T08:59:31+0200,c9803fd0-85de-41d5-be1c-e8446d37c7e0,2026-08-04T02:00:00Z,2026-08-04T04:00:00+0200,14.8,MW,PT,PT,forecast_solar_generation,Solar,2026-08-06T07:09:49Z
2026-08-06T06:59:31Z,2026-08-06T08:59:31+0200,c9803fd0-85de-41d5-be1c-e8446d37c7e0,2026-08-04T03:00:00Z,2026-08-04T05:00:00+0200,14.8,MW,PT,PT,forecast_solar_generation,Solar,2026-08-06T07:09:49Z
2026-08-06T06:59:31Z,2026-08-06T08:59:31+0200,c9803fd0-85de-41d5-be1c-e8446d37c7e0,2026-08-04T04:00:00Z,2026-08-04T06:00:00+0200,14.8,MW,PT,PT,forecast_solar_generation,Solar,2026-08-06T07:09:49Z
2026-08-06T06:59:31Z,2026-08-06T08:59:31+0200,c9803fd0-85de-41d5-be1c-e8446d37c7e0,2026-08-04T05:00:00Z,2026-08-04T07:00:00+0200,16.6,MW,PT,PT,forecast_solar_generation,Solar,2026-08-06T07:09:49Z
2026-08-06T06:59:31Z,2026-08-06T08:59:31+0200,c9803fd0-85de-41d5-be1c-e8446d37c7e0,2026-08-04T06:00:00Z,2026-08-04T08:00:00+0200,334.3,MW,PT,PT,forecast_solar_generation,Solar,2026-08-06T07:09:49Z
2026-08-06T06:59:31Z,2026-08-06T08:59:31+0200,c9803fd0-85de-41d5-be1c-e8446d37c7e0,2026-08-04T07:00:00Z,2026-08-04T09:00:00+0200,869.9,MW,PT,PT,forecast_solar_generation,Solar,2026-08-06T07:09:49Z
2026-08-06T06:59:31Z,2026-08-06T08:59:31+0200,c9803fd0-85de-41d5-be1c-e8446d37c7e0,2026-08-04T08:00:00Z,2026-08-04T10:00:00+0200,1750.0,MW,PT,PT,forecast_solar_generation,Solar,2026-08-06T07:09:49Z
2026-08-06T06:59:31Z,2026-08-06T08:59:31+0200,c9803fd0-85de-41d5-be1c-e8446d37c7e0,2026-08-04T09:00:00Z,2026-08-04T11:00:00+0200,2243.3,MW,PT,PT,forecast_solar_generation,Solar,2026-08-06T07:09:49Z
2026-08-06T06:59:31Z,2026-08-06T08:59:31+0200,c9803fd0-85de-41d5-be1c-e8446d37c7e0,2026-08-04T10:00:00Z,2026-08-04T12:00:00+0200,2663.7,MW,PT,PT,forecast_solar_generation,Solar,2026-08-06T07:09:49Z
2026-08-06T06:59:31Z,2026-08-06T08:59:31+0200,c9803fd0-85de-41d5-be1c-e8446d37c7e0,2026-08-04T11:00:00Z,2026-08-04T13:00:00+0200,2877.5,MW,PT,PT,forecast_solar_generation,Solar,2026-08-06T07:09:49Z
2026-08-06T06:59:31Z,2026-08-06T08:59:31+0200,c9803fd0-85de-41d5-be1c-e8446d37c7e0,2026-08-04T12:00:00Z,2026-08-04T14:00:00+0200,2984.2,MW,PT,PT,forecast_solar_generation,Solar,2026-08-06T07:09:49Z
2026-08-06T06:59:31Z,2026-08-06T08:59:31+0200,c9803fd0-85de-41d5-be1c-e8446d37c7e0,2026-08-04T13:00:00Z,2026-08-04T15:00:00+0200,2980.9,MW,PT,PT,forecast_solar_generation,Solar,2026-08-06T07:09:49Z
2026-08-06T06:59:31Z,2026-08-06T08:59:31+0200,c9803fd0-85de-41d5-be1c-e8446d37c7e0,2026-08-04T14:00:00Z,2026-08-04T16:00:00+0200,2900.0,MW,PT,PT,forecast_solar_generation,Solar,2026-08-06T07:09:49Z
2026-08-06T06:59:31Z,2026-08-06T08:59:31+0200,c9803fd0-85de-41d5-be1c-e8446d37c7e0,2026-08-04T15:00:00Z,2026-08-04T17:00:00+0200,2548.4,MW,PT,PT,forecast_solar_generation,Solar,2026-08-06T07:09:49Z
2026-08-06T06:59:31Z,2026-08-06T08:59:31+0200,c9803fd0-85de-41d5-be1c-e8446d37c7e0,2026-08-04T16:00:00Z,2026-08-04T18:00:00+0200,2023.6,MW,PT,PT,forecast_solar_generation,Solar,2026-08-06T07:09:49Z
2026-08-06T06:59:31Z,2026-08-06T08:59:31+0200,c9803fd0-85de-41d5-be1c-e8446d37c7e0,2026-08-04T17:00:00Z,2026-08-04T19:00:00+0200,1391.9,MW,PT,PT,forecast_solar_generation,Solar,2026-08-06T07:09:49Z
2026-08-06T06:59:31Z,2026-08-06T08:59:31+0200,c9803fd0-85de-41d5-be1c-e8446d37c7e0,2026-08-04T18:00:00Z,2026-08-04T20:00:00+0200,643.1,MW,PT,PT,forecast_solar_generation,Solar,2026-08-06T07:09:49Z
2026-08-06T06:59:31Z,2026-08-06T08:59:31+0200,c9803fd0-85de-41d5-be1c-e8446d37c7e0,2026-08-04T19:00:00Z,2026-08-04T21:00:00+0200,202.0,MW,PT,PT,forecast_solar_generation,Solar,2026-08-06T07:09:49Z
2026-08-06T06:59:31Z,2026-08-06T08:59:31+0200,c9803fd0-85de-41d5-be1c-e8446d37c7e0,2026-08-04T20:00:00Z,2026-08-04T22:00:00+0200,35.5,MW,PT,PT,forecast_solar_generation,Solar,2026-08-06T07:09:49Z
2026-08-06T06:59:31Z,2026-08-06T08:59:31+0200,c9803fd0-85de-41d5-be1c-e8446d37c7e0,2026-08-04T21:00:00Z,2026-08-04T23:00:00+0200,28.8,MW,PT,PT,forecast_solar_generation,Solar,2026-08-06T07:09:49Z
2026-08-06T06:59:31Z,2026-08-06T08:59:31+0200,c9803fd0-85de-41d5-be1c-e8446d37c7e0,2026-08-04T22:00:00Z,2026-08-05T00:00:00+0200,20.7,MW,PT,PT,forecast_solar_generation,Solar,2026-08-06T07:09:49Z
2026-08-06T06:59:31Z,2026-08-06T08:59:31+0200,c9803fd0-85de-41d5-be1c-e8446d37c7e0,2026-08-04T23:00:00Z,2026-08-05T01:00:00+0200,19.5,MW,PT,PT,forecast_solar_generation,Solar,2026-08-06T07:09:49Z
2026-08-06T06:59:31Z,2026-08-06T08:59:31+0200,c9803fd0-85de-41d5-be1c-e8446d37c7e0,2026-08-05T00:00:00Z,2026-08-05T02:00:00+0200,19.5,MW,PT,PT,forecast_solar_generation,Solar,2026-08-06T07:09:49Z
2026-08-06T06:59:31Z,2026-08-06T08:59:31+0200,c9803fd0-85de-41d5-be1c-e8446d37c7e0,2026-08-05T01:00:00Z,2026-08-05T03:00:00+0200,19.5,MW,PT,PT,forecast_solar_generation,Solar,2026-08-06T07:09:49Z
2026-08-06T06:59:31Z,2026-08-06T08:59:31+0200,c9803fd0-85de-41d5-be1c-e8446d37c7e0,2026-08-05T02:00:00Z,2026-08-05T04:00:00+0200,19.5,MW,PT,PT,forecast_solar_generation,Solar,2026-08-06T07:09:49Z
2026-08-06T06:59:31Z,2026-08-06T08:59:31+0200,c9803fd0-85de-41d5-be1c-e8446d37c7e0,2026-08-05T03:00:00Z,2026-08-05T05:00:00+0200,19.5,MW,PT,PT,forecast_solar_generation,Solar,2026-08-06T07:09:49Z
2026-08-06T06:59:31Z,2026-08-06T08:59:31+0200,c9803fd0-85de-41d5-be1c-e8446d37c7e0,2026-08-05T04:00:00Z,2026-08-05T06:00:00+0200,19.5,MW,PT,PT,forecast_solar_generation,Solar,2026-08-06T07:09:49Z
2026-08-06T06:59:31Z,2026-08-06T08:59:31+0200,c9803fd0-85de-41d5-be1c-e8446d37c7e0,2026-08-05T05:00:00Z,2026-08-05T07:00:00+0200,27.0,MW,PT,PT,forecast_solar_generation,Solar,2026-08-06T07:09:49Z
2026-08-06T06:59:31Z,2026-08-06T08:59:31+0200,c9803fd0-85de-41d5-be1c-e8446d37c7e0,2026-08-05T06:00:00Z,2026-08-05T08:00:00+0200,304.4,MW,PT,PT,forecast_solar_generation,Solar,2026-08-06T07:09:49Z
2026-08-06T06:59:31Z,2026-08-06T08:59:31+0200,c9803fd0-85de-41d5-be1c-e8446d37c7e0,2026-08-05T07:00:00Z,2026-08-05T09:00:00+0200,1005.7,MW,PT,PT,forecast_solar_generation,Solar,2026-08-06T07:09:49Z
2026-08-06T06:59:31Z,2026-08-06T08:59:31+0200,c9803fd0-85de-41d5-be1c-e8446d37c7e0,2026-08-05T08:00:00Z,2026-08-05T10:00:00+0200,1803.0,MW,PT,PT,forecast_solar_generation,Solar,2026-08-06T07:09:49Z
2026-08-06T06:59:31Z,2026-08-06T08:59:31+0200,c9803fd0-85de-41d5-be1c-e8446d37c7e0,2026-08-05T09:00:00Z,2026-08-05T11:00:00+0200,2487.9,MW,PT,PT,forecast_solar_generation,Solar,2026-08-06T07:09:49Z
2026-08-06T06:59:31Z,2026-08-06T08:59:31+0200,c9803fd0-85de-41d5-be1c-e8446d37c7e0,2026-08-05T10:00:00Z,2026-08-05T12:00:00+0200,2918.3,MW,PT,PT,forecast_solar_generation,Solar,2026-08-06T07:09:49Z
2026-08-06T06:59:31Z,2026-08-06T08:59:31+0200,c9803fd0-85de-41d5-be1c-e8446d37c7e0,2026-08-05T11:00:00Z,2026-08-05T13:00:00+0200,3045.3,MW,PT,PT,forecast_solar_generation,Solar,2026-08-06T07:09:49Z
2026-08-06T06:59:31Z,2026-08-06T08:59:31+0200,c9803fd0-85de-41d5-be1c-e8446d37c7e0,2026-08-05T12:00:00Z,2026-08-05T14:00:00+0200,3111.2,MW,PT,PT,forecast_solar_generation,Solar,2026-08-06T07:09:49Z
2026-08-06T06:59:31Z,2026-08-06T08:59:31+0200,c9803fd0-85de-41d5-be1c-e8446d37c7e0,2026-08-05T13:00:00Z,2026-08-05T15:00:00+0200,3062.6,MW,PT,PT,forecast_solar_generation,Solar,2026-08-06T07:09:49Z
2026-08-06T06:59:31Z,2026-08-06T08:59:31+0200,c9803fd0-85de-41d5-be1c-e8446d37c7e0,2026-08-05T14:00:00Z,2026-08-05T16:00:00+0200,2941.7,MW,PT,PT,forecast_solar_generation,Solar,2026-08-06T07:09:49Z
2026-08-06T06:59:31Z,2026-08-06T08:59:31+0200,c9803fd0-85de-41d5-be1c-e8446d37c7e0,2026-08-05T15:00:00Z,2026-08-05T17:00:00+0200,2760.9,MW,PT,PT,forecast_solar_generation,Solar,2026-08-06T07:09:49Z
2026-08-06T06:59:31Z,2026-08-06T08:59:31+0200,c9803fd0-85de-41d5-be1c-e8446d37c7e0,2026-08-05T16:00:00Z,2026-08-05T18:00:00+0200,2251.9,MW,PT,PT,forecast_solar_generation,Solar,2026-08-06T07:09:49Z
2026-08-06T06:59:31Z,2026-08-06T08:59:31+0200,c9803fd0-85de-41d5-be1c-e8446d37c7e0,2026-08-05T17:00:00Z,2026-08-05T19:00:00+0200,1401.4,MW,PT,PT,forecast_solar_generation,Solar,2026-08-06T07:09:49Z
2026-08-06T06:59:31Z,2026-08-06T08:59:31+0200,c9803fd0-85de-41d5-be1c-e8446d37c7e0,2026-08-05T18:00:00Z,2026-08-05T20:00:00+0200,603.2,MW,PT,PT,forecast_solar_generation,Solar,2026-08-06T07:09:49Z
2026-08-06T06:59:31Z,2026-08-06T08:59:31+0200,c9803fd0-85de-41d5-be1c-e8446d37c7e0,2026-08-05T19:00:00Z,2026-08-05T21:00:00+0200,169.7,MW,PT,PT,forecast_solar_generation,Solar,2026-08-06T07:09:49Z
2026-08-06T06:59:31Z,2026-08-06T08:59:31+0200,c9803fd0-85de-41d5-be1c-e8446d37c7e0,2026-08-05T20:00:00Z,2026-08-05T22:00:00+0200,35.8,MW,PT,PT,forecast_solar_generation,Solar,2026-08-06T07:09:49Z
2026-08-06T06:59:31Z,2026-08-06T08:59:31+0200,c9803fd0-85de-41d5-be1c-e8446d37c7e0,2026-08-05T21:00:00Z,2026-08-05T23:00:00+0200,26.6,MW,PT,PT,forecast_solar_generation,Solar,2026-08-06T07:09:49Z
2026-08-06T06:59:31Z,2026-08-06T08:59:31+0200,c9803fd0-85de-41d5-be1c-e8446d37c7e0,2026-08-05T22:00:00Z,2026-08-06T00:00:00+0200,0.0,MW,PT,PT,forecast_solar_generation,Solar,2026-08-06T07:09:49Z
2026-08-06T06:59:31Z,2026-08-06T08:59:31+0200,c9803fd0-85de-41d5-be1c-e8446d37c7e0,2026-08-05T23:00:00Z,2026-08-06T01:00:00+0200,0.0,MW,PT,PT,forecast_solar_generation,Solar,2026-08-06T07:09:49Z
2026-08-06T06:59:31Z,2026-08-06T08:59:31+0200,c9803fd0-85de-41d5-be1c-e8446d37c7e0,2026-08-06T00:00:00Z,2026-08-06T02:00:00+0200,0.0,MW,PT,PT,forecast_solar_generation,Solar,2026-08-06T07:09:49Z
2026-08-06T06:59:31Z,2026-08-06T08:59:31+0200,c9803fd0-85de-41d5-be1c-e8446d37c7e0,2026-08-06T01:00:00Z,2026-08-06T03:00:00+0200,0.0,MW,PT,PT,forecast_solar_generation,Solar,2026-08-06T07:09:49Z
2026-08-06T06:59:31Z,2026-08-06T08:59:31+0200,c9803fd0-85de-41d5-be1c-e8446d37c7e0,2026-08-06T02:00:00Z,2026-08-06T04:00:00+0200,0.0,MW,PT,PT,forecast_solar_generation,Solar,2026-08-06T07:09:49Z
2026-08-06T06:59:31Z,2026-08-06T08:59:31+0200,c9803fd0-85de-41d5-be1c-e8446d37c7e0,2026-08-06T03:00:00Z,2026-08-06T05:00:00+0200,0.0,MW,PT,PT,forecast_solar_generation,Solar,2026-08-06T07:09:49Z
2026-08-06T06:59:31Z,2026-08-06T08:59:31+0200,c9803fd0-85de-41d5-be1c-e8446d37c7e0,2026-08-06T04:00:00Z,2026-08-06T06:00:00+0200,0.0,MW,PT,PT,forecast_solar_generation,Solar,2026-08-06T07:09:49Z
2026-08-06T06:59:31Z,2026-08-06T08:59:31+0200,c9803fd0-85de-41d5-be1c-e8446d37c7e0,2026-08-06T05:00:00Z,2026-08-06T07:00:00+0200,52.3,MW,PT,PT,forecast_solar_generation,Solar,2026-08-06T07:09:49Z
2026-08-06T06:59:31Z,2026-08-06T08:59:31+0200,c9803fd0-85de-41d5-be1c-e8446d37c7e0,2026-08-06T06:00:00Z,2026-08-06T08:00:00+0200,450.0,MW,PT,PT,forecast_solar_generation,Solar,2026-08-06T07:09:49Z
