collection_time_utc,collection_time_local,run_id,timestamp_utc,timestamp_local,value,unit,country,entsoe_area,variable,source,updated_at_utc
2026-05-31T18:09:40Z,2026-05-31T20:09:40+0200,6aacff99-9564-44c3-8148-44a92f3205b7,2026-04-30T19:00:00Z,2026-04-30T21:00:00+0200,1674.335,MW,BE,BE,actual_offshore_wind_generation,Wind Offshore | Actual Aggregated,2026-05-31T18:09:57Z
2026-05-31T18:09:40Z,2026-05-31T20:09:40+0200,6aacff99-9564-44c3-8148-44a92f3205b7,2026-04-30T20:00:00Z,2026-04-30T22:00:00+0200,1703.83,MW,BE,BE,actual_offshore_wind_generation,Wind Offshore | Actual Aggregated,2026-05-31T18:09:57Z
2026-05-31T18:09:40Z,2026-05-31T20:09:40+0200,6aacff99-9564-44c3-8148-44a92f3205b7,2026-04-30T21:00:00Z,2026-04-30T23:00:00+0200,1474.345,MW,BE,BE,actual_offshore_wind_generation,Wind Offshore | Actual Aggregated,2026-05-31T18:09:57Z
2026-05-31T18:09:40Z,2026-05-31T20:09:40+0200,6aacff99-9564-44c3-8148-44a92f3205b7,2026-04-30T22:00:00Z,2026-05-01T00:00:00+0200,1280.735,MW,BE,BE,actual_offshore_wind_generation,Wind Offshore | Actual Aggregated,2026-05-31T18:09:57Z
2026-05-31T18:09:40Z,2026-05-31T20:09:40+0200,6aacff99-9564-44c3-8148-44a92f3205b7,2026-04-30T23:00:00Z,2026-05-01T01:00:00+0200,881.865,MW,BE,BE,actual_offshore_wind_generation,Wind Offshore | Actual Aggregated,2026-05-31T18:09:57Z
2026-05-31T18:09:40Z,2026-05-31T20:09:40+0200,6aacff99-9564-44c3-8148-44a92f3205b7,2026-05-01T00:00:00Z,2026-05-01T02:00:00+0200,835.985,MW,BE,BE,actual_offshore_wind_generation,Wind Offshore | Actual Aggregated,2026-05-31T18:09:57Z
2026-05-31T18:09:40Z,2026-05-31T20:09:40+0200,6aacff99-9564-44c3-8148-44a92f3205b7,2026-05-01T01:00:00Z,2026-05-01T03:00:00+0200,771.2675,MW,BE,BE,actual_offshore_wind_generation,Wind Offshore | Actual Aggregated,2026-05-31T18:09:57Z
2026-05-31T18:09:40Z,2026-05-31T20:09:40+0200,6aacff99-9564-44c3-8148-44a92f3205b7,2026-05-01T02:00:00Z,2026-05-01T04:00:00+0200,579.9225,MW,BE,BE,actual_offshore_wind_generation,Wind Offshore | Actual Aggregated,2026-05-31T18:09:57Z
2026-05-31T18:09:40Z,2026-05-31T20:09:40+0200,6aacff99-9564-44c3-8148-44a92f3205b7,2026-05-01T03:00:00Z,2026-05-01T05:00:00+0200,570.9725,MW,BE,BE,actual_offshore_wind_generation,Wind Offshore | Actual Aggregated,2026-05-31T18:09:57Z
2026-05-31T18:09:40Z,2026-05-31T20:09:40+0200,6aacff99-9564-44c3-8148-44a92f3205b7,2026-05-01T04:00:00Z,2026-05-01T06:00:00+0200,595.5475,MW,BE,BE,actual_offshore_wind_generation,Wind Offshore | Actual Aggregated,2026-05-31T18:09:57Z
2026-05-31T18:09:40Z,2026-05-31T20:09:40+0200,6aacff99-9564-44c3-8148-44a92f3205b7,2026-05-01T05:00:00Z,2026-05-01T07:00:00+0200,625.475,MW,BE,BE,actual_offshore_wind_generation,Wind Offshore | Actual Aggregated,2026-05-31T18:09:57Z
2026-05-31T18:09:40Z,2026-05-31T20:09:40+0200,6aacff99-9564-44c3-8148-44a92f3205b7,2026-05-01T06:00:00Z,2026-05-01T08:00:00+0200,553.425,MW,BE,BE,actual_offshore_wind_generation,Wind Offshore | Actual Aggregated,2026-05-31T18:09:57Z
2026-05-31T18:09:40Z,2026-05-31T20:09:40+0200,6aacff99-9564-44c3-8148-44a92f3205b7,2026-05-01T07:00:00Z,2026-05-01T09:00:00+0200,392.72,MW,BE,BE,actual_offshore_wind_generation,Wind Offshore | Actual Aggregated,2026-05-31T18:09:57Z
2026-05-31T18:09:40Z,2026-05-31T20:09:40+0200,6aacff99-9564-44c3-8148-44a92f3205b7,2026-05-01T08:00:00Z,2026-05-01T10:00:00+0200,223.53,MW,BE,BE,actual_offshore_wind_generation,Wind Offshore | Actual Aggregated,2026-05-31T18:09:57Z
2026-05-31T18:09:40Z,2026-05-31T20:09:40+0200,6aacff99-9564-44c3-8148-44a92f3205b7,2026-05-01T09:00:00Z,2026-05-01T11:00:00+0200,154.93,MW,BE,BE,actual_offshore_wind_generation,Wind Offshore | Actual Aggregated,2026-05-31T18:09:57Z
2026-05-31T18:09:40Z,2026-05-31T20:09:40+0200,6aacff99-9564-44c3-8148-44a92f3205b7,2026-05-01T10:00:00Z,2026-05-01T12:00:00+0200,69.525,MW,BE,BE,actual_offshore_wind_generation,Wind Offshore | Actual Aggregated,2026-05-31T18:09:57Z
2026-05-31T18:09:40Z,2026-05-31T20:09:40+0200,6aacff99-9564-44c3-8148-44a92f3205b7,2026-05-01T11:00:00Z,2026-05-01T13:00:00+0200,46.5075,MW,BE,BE,actual_offshore_wind_generation,Wind Offshore | Actual Aggregated,2026-05-31T18:09:57Z
2026-05-31T18:09:40Z,2026-05-31T20:09:40+0200,6aacff99-9564-44c3-8148-44a92f3205b7,2026-05-01T12:00:00Z,2026-05-01T14:00:00+0200,68.105,MW,BE,BE,actual_offshore_wind_generation,Wind Offshore | Actual Aggregated,2026-05-31T18:09:57Z
2026-05-31T18:09:40Z,2026-05-31T20:09:40+0200,6aacff99-9564-44c3-8148-44a92f3205b7,2026-05-01T13:00:00Z,2026-05-01T15:00:00+0200,79.0175,MW,BE,BE,actual_offshore_wind_generation,Wind Offshore | Actual Aggregated,2026-05-31T18:09:57Z
2026-05-31T18:09:40Z,2026-05-31T20:09:40+0200,6aacff99-9564-44c3-8148-44a92f3205b7,2026-05-01T14:00:00Z,2026-05-01T16:00:00+0200,14.565,MW,BE,BE,actual_offshore_wind_generation,Wind Offshore | Actual Aggregated,2026-05-31T18:09:57Z
2026-05-31T18:09:40Z,2026-05-31T20:09:40+0200,6aacff99-9564-44c3-8148-44a92f3205b7,2026-05-01T14:00:00Z,2026-05-01T16:00:00+0200,2.705,MW,BE,BE,actual_offshore_wind_generation,Wind Offshore | Actual Consumption,2026-05-31T18:09:57Z
2026-05-31T18:09:40Z,2026-05-31T20:09:40+0200,6aacff99-9564-44c3-8148-44a92f3205b7,2026-05-01T15:00:00Z,2026-05-01T17:00:00+0200,18.6075,MW,BE,BE,actual_offshore_wind_generation,Wind Offshore | Actual Consumption,2026-05-31T18:09:57Z
2026-05-31T18:09:40Z,2026-05-31T20:09:40+0200,6aacff99-9564-44c3-8148-44a92f3205b7,2026-05-01T16:00:00Z,2026-05-01T18:00:00+0200,24.885,MW,BE,BE,actual_offshore_wind_generation,Wind Offshore | Actual Consumption,2026-05-31T18:09:57Z
2026-05-31T18:09:40Z,2026-05-31T20:09:40+0200,6aacff99-9564-44c3-8148-44a92f3205b7,2026-05-01T17:00:00Z,2026-05-01T19:00:00+0200,24.8625,MW,BE,BE,actual_offshore_wind_generation,Wind Offshore | Actual Consumption,2026-05-31T18:09:57Z
2026-05-31T18:09:40Z,2026-05-31T20:09:40+0200,6aacff99-9564-44c3-8148-44a92f3205b7,2026-05-01T18:00:00Z,2026-05-01T20:00:00+0200,25.065,MW,BE,BE,actual_offshore_wind_generation,Wind Offshore | Actual Consumption,2026-05-31T18:09:57Z
2026-05-31T18:09:40Z,2026-05-31T20:09:40+0200,6aacff99-9564-44c3-8148-44a92f3205b7,2026-05-01T19:00:00Z,2026-05-01T21:00:00+0200,23.93,MW,BE,BE,actual_offshore_wind_generation,Wind Offshore | Actual Consumption,2026-05-31T18:09:57Z
2026-05-31T18:09:40Z,2026-05-31T20:09:40+0200,6aacff99-9564-44c3-8148-44a92f3205b7,2026-05-01T20:00:00Z,2026-05-01T22:00:00+0200,19.66,MW,BE,BE,actual_offshore_wind_generation,Wind Offshore | Actual Consumption,2026-05-31T18:09:57Z
2026-05-31T18:09:40Z,2026-05-31T20:09:40+0200,6aacff99-9564-44c3-8148-44a92f3205b7,2026-05-01T21:00:00Z,2026-05-01T23:00:00+0200,25.17,MW,BE,BE,actual_offshore_wind_generation,Wind Offshore | Actual Consumption,2026-05-31T18:09:57Z
2026-05-31T18:09:40Z,2026-05-31T20:09:40+0200,6aacff99-9564-44c3-8148-44a92f3205b7,2026-05-01T22:00:00Z,2026-05-02T00:00:00+0200,43.2475,MW,BE,BE,actual_offshore_wind_generation,Wind Offshore | Actual Aggregated,2026-05-31T18:09:57Z
2026-05-31T18:09:40Z,2026-05-31T20:09:40+0200,6aacff99-9564-44c3-8148-44a92f3205b7,2026-05-01T22:00:00Z,2026-05-02T00:00:00+0200,12.07,MW,BE,BE,actual_offshore_wind_generation,Wind Offshore | Actual Consumption,2026-05-31T18:09:57Z
2026-05-31T18:09:40Z,2026-05-31T20:09:40+0200,6aacff99-9564-44c3-8148-44a92f3205b7,2026-05-01T23:00:00Z,2026-05-02T01:00:00+0200,219.4775,MW,BE,BE,actual_offshore_wind_generation,Wind Offshore | Actual Aggregated,2026-05-31T18:09:57Z
2026-05-31T18:09:40Z,2026-05-31T20:09:40+0200,6aacff99-9564-44c3-8148-44a92f3205b7,2026-05-02T00:00:00Z,2026-05-02T02:00:00+0200,228.9675,MW,BE,BE,actual_offshore_wind_generation,Wind Offshore | Actual Aggregated,2026-05-31T18:09:57Z
2026-05-31T18:09:40Z,2026-05-31T20:09:40+0200,6aacff99-9564-44c3-8148-44a92f3205b7,2026-05-02T01:00:00Z,2026-05-02T03:00:00+0200,138.1925,MW,BE,BE,actual_offshore_wind_generation,Wind Offshore | Actual Aggregated,2026-05-31T18:09:57Z
2026-05-31T18:09:40Z,2026-05-31T20:09:40+0200,6aacff99-9564-44c3-8148-44a92f3205b7,2026-05-02T02:00:00Z,2026-05-02T04:00:00+0200,58.7725,MW,BE,BE,actual_offshore_wind_generation,Wind Offshore | Actual Aggregated,2026-05-31T18:09:57Z
2026-05-31T18:09:40Z,2026-05-31T20:09:40+0200,6aacff99-9564-44c3-8148-44a92f3205b7,2026-05-02T03:00:00Z,2026-05-02T05:00:00+0200,177.5775,MW,BE,BE,actual_offshore_wind_generation,Wind Offshore | Actual Aggregated,2026-05-31T18:09:57Z
2026-05-31T18:09:40Z,2026-05-31T20:09:40+0200,6aacff99-9564-44c3-8148-44a92f3205b7,2026-05-02T04:00:00Z,2026-05-02T06:00:00+0200,44.685,MW,BE,BE,actual_offshore_wind_generation,Wind Offshore | Actual Aggregated,2026-05-31T18:09:57Z
2026-05-31T18:09:40Z,2026-05-31T20:09:40+0200,6aacff99-9564-44c3-8148-44a92f3205b7,2026-05-02T04:00:00Z,2026-05-02T06:00:00+0200,1.005,MW,BE,BE,actual_offshore_wind_generation,Wind Offshore | Actual Consumption,2026-05-31T18:09:57Z
2026-05-31T18:09:40Z,2026-05-31T20:09:40+0200,6aacff99-9564-44c3-8148-44a92f3205b7,2026-05-02T05:00:00Z,2026-05-02T07:00:00+0200,68.6375,MW,BE,BE,actual_offshore_wind_generation,Wind Offshore | Actual Aggregated,2026-05-31T18:09:57Z
2026-05-31T18:09:40Z,2026-05-31T20:09:40+0200,6aacff99-9564-44c3-8148-44a92f3205b7,2026-05-02T05:00:00Z,2026-05-02T07:00:00+0200,2.48,MW,BE,BE,actual_offshore_wind_generation,Wind Offshore | Actual Consumption,2026-05-31T18:09:57Z
2026-05-31T18:09:40Z,2026-05-31T20:09:40+0200,6aacff99-9564-44c3-8148-44a92f3205b7,2026-05-02T06:00:00Z,2026-05-02T08:00:00+0200,237.2175,MW,BE,BE,actual_offshore_wind_generation,Wind Offshore | Actual Aggregated,2026-05-31T18:09:57Z
2026-05-31T18:09:40Z,2026-05-31T20:09:40+0200,6aacff99-9564-44c3-8148-44a92f3205b7,2026-05-02T07:00:00Z,2026-05-02T09:00:00+0200,268.7075,MW,BE,BE,actual_offshore_wind_generation,Wind Offshore | Actual Aggregated,2026-05-31T18:09:57Z
2026-05-31T18:09:40Z,2026-05-31T20:09:40+0200,6aacff99-9564-44c3-8148-44a92f3205b7,2026-05-02T08:00:00Z,2026-05-02T10:00:00+0200,259.28,MW,BE,BE,actual_offshore_wind_generation,Wind Offshore | Actual Aggregated,2026-05-31T18:09:57Z
2026-05-31T18:09:40Z,2026-05-31T20:09:40+0200,6aacff99-9564-44c3-8148-44a92f3205b7,2026-05-02T09:00:00Z,2026-05-02T11:00:00+0200,230.7775,MW,BE,BE,actual_offshore_wind_generation,Wind Offshore | Actual Aggregated,2026-05-31T18:09:57Z
2026-05-31T18:09:40Z,2026-05-31T20:09:40+0200,6aacff99-9564-44c3-8148-44a92f3205b7,2026-05-02T10:00:00Z,2026-05-02T12:00:00+0200,120.63,MW,BE,BE,actual_offshore_wind_generation,Wind Offshore | Actual Aggregated,2026-05-31T18:09:57Z
2026-05-31T18:09:40Z,2026-05-31T20:09:40+0200,6aacff99-9564-44c3-8148-44a92f3205b7,2026-05-02T11:00:00Z,2026-05-02T13:00:00+0200,7.39,MW,BE,BE,actual_offshore_wind_generation,Wind Offshore | Actual Aggregated,2026-05-31T18:09:57Z
2026-05-31T18:09:40Z,2026-05-31T20:09:40+0200,6aacff99-9564-44c3-8148-44a92f3205b7,2026-05-02T11:00:00Z,2026-05-02T13:00:00+0200,1.045,MW,BE,BE,actual_offshore_wind_generation,Wind Offshore | Actual Consumption,2026-05-31T18:09:57Z
2026-05-31T18:09:40Z,2026-05-31T20:09:40+0200,6aacff99-9564-44c3-8148-44a92f3205b7,2026-05-02T12:00:00Z,2026-05-02T14:00:00+0200,13.6425,MW,BE,BE,actual_offshore_wind_generation,Wind Offshore | Actual Consumption,2026-05-31T18:09:57Z
2026-05-31T18:09:40Z,2026-05-31T20:09:40+0200,6aacff99-9564-44c3-8148-44a92f3205b7,2026-05-02T13:00:00Z,2026-05-02T15:00:00+0200,23.9175,MW,BE,BE,actual_offshore_wind_generation,Wind Offshore | Actual Consumption,2026-05-31T18:09:57Z
2026-05-31T18:09:40Z,2026-05-31T20:09:40+0200,6aacff99-9564-44c3-8148-44a92f3205b7,2026-05-02T14:00:00Z,2026-05-02T16:00:00+0200,22.935,MW,BE,BE,actual_offshore_wind_generation,Wind Offshore | Actual Consumption,2026-05-31T18:09:57Z
2026-05-31T18:09:40Z,2026-05-31T20:09:40+0200,6aacff99-9564-44c3-8148-44a92f3205b7,2026-05-02T15:00:00Z,2026-05-02T17:00:00+0200,19.5375,MW,BE,BE,actual_offshore_wind_generation,Wind Offshore | Actual Consumption,2026-05-31T18:09:57Z
2026-05-31T18:09:40Z,2026-05-31T20:09:40+0200,6aacff99-9564-44c3-8148-44a92f3205b7,2026-05-02T16:00:00Z,2026-05-02T18:00:00+0200,9.8825,MW,BE,BE,actual_offshore_wind_generation,Wind Offshore | Actual Aggregated,2026-05-31T18:09:57Z
2026-05-31T18:09:40Z,2026-05-31T20:09:40+0200,6aacff99-9564-44c3-8148-44a92f3205b7,2026-05-02T16:00:00Z,2026-05-02T18:00:00+0200,0.875,MW,BE,BE,actual_offshore_wind_generation,Wind Offshore | Actual Consumption,2026-05-31T18:09:57Z
2026-05-31T18:09:40Z,2026-05-31T20:09:40+0200,6aacff99-9564-44c3-8148-44a92f3205b7,2026-05-02T17:00:00Z,2026-05-02T19:00:00+0200,51.91,MW,BE,BE,actual_offshore_wind_generation,Wind Offshore | Actual Aggregated,2026-05-31T18:09:57Z
2026-05-31T18:09:40Z,2026-05-31T20:09:40+0200,6aacff99-9564-44c3-8148-44a92f3205b7,2026-05-02T18:00:00Z,2026-05-02T20:00:00+0200,147.985,MW,BE,BE,actual_offshore_wind_generation,Wind Offshore | Actual Aggregated,2026-05-31T18:09:57Z
2026-05-31T18:09:40Z,2026-05-31T20:09:40+0200,6aacff99-9564-44c3-8148-44a92f3205b7,2026-05-02T19:00:00Z,2026-05-02T21:00:00+0200,277.0425,MW,BE,BE,actual_offshore_wind_generation,Wind Offshore | Actual Aggregated,2026-05-31T18:09:57Z
2026-05-31T18:09:40Z,2026-05-31T20:09:40+0200,6aacff99-9564-44c3-8148-44a92f3205b7,2026-05-02T20:00:00Z,2026-05-02T22:00:00+0200,221.52,MW,BE,BE,actual_offshore_wind_generation,Wind Offshore | Actual Aggregated,2026-05-31T18:09:57Z
2026-05-31T18:09:40Z,2026-05-31T20:09:40+0200,6aacff99-9564-44c3-8148-44a92f3205b7,2026-05-02T21:00:00Z,2026-05-02T23:00:00+0200,74.9025,MW,BE,BE,actual_offshore_wind_generation,Wind Offshore | Actual Aggregated,2026-05-31T18:09:57Z
2026-05-31T18:09:40Z,2026-05-31T20:09:40+0200,6aacff99-9564-44c3-8148-44a92f3205b7,2026-05-02T22:00:00Z,2026-05-03T00:00:00+0200,76.9725,MW,BE,BE,actual_offshore_wind_generation,Wind Offshore | Actual Aggregated,2026-05-31T18:09:57Z
2026-05-31T18:09:40Z,2026-05-31T20:09:40+0200,6aacff99-9564-44c3-8148-44a92f3205b7,2026-05-02T23:00:00Z,2026-05-03T01:00:00+0200,42.6375,MW,BE,BE,actual_offshore_wind_generation,Wind Offshore | Actual Aggregated,2026-05-31T18:09:57Z
2026-05-31T18:09:40Z,2026-05-31T20:09:40+0200,6aacff99-9564-44c3-8148-44a92f3205b7,2026-05-03T00:00:00Z,2026-05-03T02:00:00+0200,160.12,MW,BE,BE,actual_offshore_wind_generation,Wind Offshore | Actual Aggregated,2026-05-31T18:09:57Z
2026-05-31T18:09:40Z,2026-05-31T20:09:40+0200,6aacff99-9564-44c3-8148-44a92f3205b7,2026-05-03T01:00:00Z,2026-05-03T03:00:00+0200,171.235,MW,BE,BE,actual_offshore_wind_generation,Wind Offshore | Actual Aggregated,2026-05-31T18:09:57Z
2026-05-31T18:09:40Z,2026-05-31T20:09:40+0200,6aacff99-9564-44c3-8148-44a92f3205b7,2026-05-03T02:00:00Z,2026-05-03T04:00:00+0200,254.3675,MW,BE,BE,actual_offshore_wind_generation,Wind Offshore | Actual Aggregated,2026-05-31T18:09:57Z
2026-05-31T18:09:40Z,2026-05-31T20:09:40+0200,6aacff99-9564-44c3-8148-44a92f3205b7,2026-05-03T03:00:00Z,2026-05-03T05:00:00+0200,277.77,MW,BE,BE,actual_offshore_wind_generation,Wind Offshore | Actual Aggregated,2026-05-31T18:09:57Z
2026-05-31T18:09:40Z,2026-05-31T20:09:40+0200,6aacff99-9564-44c3-8148-44a92f3205b7,2026-05-03T04:00:00Z,2026-05-03T06:00:00+0200,114.6775,MW,BE,BE,actual_offshore_wind_generation,Wind Offshore | Actual Aggregated,2026-05-31T18:09:57Z
2026-05-31T18:09:40Z,2026-05-31T20:09:40+0200,6aacff99-9564-44c3-8148-44a92f3205b7,2026-05-03T05:00:00Z,2026-05-03T07:00:00+0200,268.13,MW,BE,BE,actual_offshore_wind_generation,Wind Offshore | Actual Aggregated,2026-05-31T18:09:57Z
2026-05-31T18:09:40Z,2026-05-31T20:09:40+0200,6aacff99-9564-44c3-8148-44a92f3205b7,2026-05-03T06:00:00Z,2026-05-03T08:00:00+0200,447.7,MW,BE,BE,actual_offshore_wind_generation,Wind Offshore | Actual Aggregated,2026-05-31T18:09:57Z
2026-05-31T18:09:40Z,2026-05-31T20:09:40+0200,6aacff99-9564-44c3-8148-44a92f3205b7,2026-05-03T07:00:00Z,2026-05-03T09:00:00+0200,294.3525,MW,BE,BE,actual_offshore_wind_generation,Wind Offshore | Actual Aggregated,2026-05-31T18:09:57Z
2026-05-31T18:09:40Z,2026-05-31T20:09:40+0200,6aacff99-9564-44c3-8148-44a92f3205b7,2026-05-03T08:00:00Z,2026-05-03T10:00:00+0200,199.43,MW,BE,BE,actual_offshore_wind_generation,Wind Offshore | Actual Aggregated,2026-05-31T18:09:57Z
2026-05-31T18:09:40Z,2026-05-31T20:09:40+0200,6aacff99-9564-44c3-8148-44a92f3205b7,2026-05-03T09:00:00Z,2026-05-03T11:00:00+0200,186.4825,MW,BE,BE,actual_offshore_wind_generation,Wind Offshore | Actual Aggregated,2026-05-31T18:09:57Z
2026-05-31T18:09:40Z,2026-05-31T20:09:40+0200,6aacff99-9564-44c3-8148-44a92f3205b7,2026-05-03T10:00:00Z,2026-05-03T12:00:00+0200,167.6525,MW,BE,BE,actual_offshore_wind_generation,Wind Offshore | Actual Aggregated,2026-05-31T18:09:57Z
2026-05-31T18:09:40Z,2026-05-31T20:09:40+0200,6aacff99-9564-44c3-8148-44a92f3205b7,2026-05-03T11:00:00Z,2026-05-03T13:00:00+0200,23.8475,MW,BE,BE,actual_offshore_wind_generation,Wind Offshore | Actual Aggregated,2026-05-31T18:09:57Z
2026-05-31T18:09:40Z,2026-05-31T20:09:40+0200,6aacff99-9564-44c3-8148-44a92f3205b7,2026-05-03T12:00:00Z,2026-05-03T14:00:00+0200,14.1325,MW,BE,BE,actual_offshore_wind_generation,Wind Offshore | Actual Aggregated,2026-05-31T18:09:57Z
2026-05-31T18:09:40Z,2026-05-31T20:09:40+0200,6aacff99-9564-44c3-8148-44a92f3205b7,2026-05-03T12:00:00Z,2026-05-03T14:00:00+0200,4.26,MW,BE,BE,actual_offshore_wind_generation,Wind Offshore | Actual Consumption,2026-05-31T18:09:57Z
2026-05-31T18:09:40Z,2026-05-31T20:09:40+0200,6aacff99-9564-44c3-8148-44a92f3205b7,2026-05-03T13:00:00Z,2026-05-03T15:00:00+0200,0.77,MW,BE,BE,actual_offshore_wind_generation,Wind Offshore | Actual Aggregated,2026-05-31T18:09:57Z
2026-05-31T18:09:40Z,2026-05-31T20:09:40+0200,6aacff99-9564-44c3-8148-44a92f3205b7,2026-05-03T13:00:00Z,2026-05-03T15:00:00+0200,1.8025,MW,BE,BE,actual_offshore_wind_generation,Wind Offshore | Actual Consumption,2026-05-31T18:09:57Z
2026-05-31T18:09:40Z,2026-05-31T20:09:40+0200,6aacff99-9564-44c3-8148-44a92f3205b7,2026-05-03T14:00:00Z,2026-05-03T16:00:00+0200,30.8675,MW,BE,BE,actual_offshore_wind_generation,Wind Offshore | Actual Aggregated,2026-05-31T18:09:57Z
2026-05-31T18:09:40Z,2026-05-31T20:09:40+0200,6aacff99-9564-44c3-8148-44a92f3205b7,2026-05-03T15:00:00Z,2026-05-03T17:00:00+0200,57.85,MW,BE,BE,actual_offshore_wind_generation,Wind Offshore | Actual Aggregated,2026-05-31T18:09:57Z
2026-05-31T18:09:40Z,2026-05-31T20:09:40+0200,6aacff99-9564-44c3-8148-44a92f3205b7,2026-05-03T16:00:00Z,2026-05-03T18:00:00+0200,107.035,MW,BE,BE,actual_offshore_wind_generation,Wind Offshore | Actual Aggregated,2026-05-31T18:09:57Z
2026-05-31T18:09:40Z,2026-05-31T20:09:40+0200,6aacff99-9564-44c3-8148-44a92f3205b7,2026-05-03T17:00:00Z,2026-05-03T19:00:00+0200,137.5725,MW,BE,BE,actual_offshore_wind_generation,Wind Offshore | Actual Aggregated,2026-05-31T18:09:57Z
2026-05-31T18:09:40Z,2026-05-31T20:09:40+0200,6aacff99-9564-44c3-8148-44a92f3205b7,2026-05-03T18:00:00Z,2026-05-03T20:00:00+0200,92.2525,MW,BE,BE,actual_offshore_wind_generation,Wind Offshore | Actual Aggregated,2026-05-31T18:09:57Z
2026-05-31T18:09:40Z,2026-05-31T20:09:40+0200,6aacff99-9564-44c3-8148-44a92f3205b7,2026-05-03T19:00:00Z,2026-05-03T21:00:00+0200,111.67,MW,BE,BE,actual_offshore_wind_generation,Wind Offshore | Actual Aggregated,2026-05-31T18:09:57Z
2026-05-31T18:09:40Z,2026-05-31T20:09:40+0200,6aacff99-9564-44c3-8148-44a92f3205b7,2026-05-03T20:00:00Z,2026-05-03T22:00:00+0200,75.2075,MW,BE,BE,actual_offshore_wind_generation,Wind Offshore | Actual Aggregated,2026-05-31T18:09:57Z
2026-05-31T18:09:40Z,2026-05-31T20:09:40+0200,6aacff99-9564-44c3-8148-44a92f3205b7,2026-05-03T21:00:00Z,2026-05-03T23:00:00+0200,94.6175,MW,BE,BE,actual_offshore_wind_generation,Wind Offshore | Actual Aggregated,2026-05-31T18:09:57Z
2026-05-31T18:09:40Z,2026-05-31T20:09:40+0200,6aacff99-9564-44c3-8148-44a92f3205b7,2026-05-03T22:00:00Z,2026-05-04T00:00:00+0200,81.1775,MW,BE,BE,actual_offshore_wind_generation,Wind Offshore | Actual Aggregated,2026-05-31T18:09:57Z
2026-05-31T18:09:40Z,2026-05-31T20:09:40+0200,6aacff99-9564-44c3-8148-44a92f3205b7,2026-05-03T23:00:00Z,2026-05-04T01:00:00+0200,121.0825,MW,BE,BE,actual_offshore_wind_generation,Wind Offshore | Actual Aggregated,2026-05-31T18:09:57Z
2026-05-31T18:09:40Z,2026-05-31T20:09:40+0200,6aacff99-9564-44c3-8148-44a92f3205b7,2026-05-04T00:00:00Z,2026-05-04T02:00:00+0200,200.675,MW,BE,BE,actual_offshore_wind_generation,Wind Offshore | Actual Aggregated,2026-05-31T18:09:57Z
2026-05-31T18:09:40Z,2026-05-31T20:09:40+0200,6aacff99-9564-44c3-8148-44a92f3205b7,2026-05-04T01:00:00Z,2026-05-04T03:00:00+0200,75.815,MW,BE,BE,actual_offshore_wind_generation,Wind Offshore | Actual Aggregated,2026-05-31T18:09:57Z
2026-05-31T18:09:40Z,2026-05-31T20:09:40+0200,6aacff99-9564-44c3-8148-44a92f3205b7,2026-05-04T02:00:00Z,2026-05-04T04:00:00+0200,133.79,MW,BE,BE,actual_offshore_wind_generation,Wind Offshore | Actual Aggregated,2026-05-31T18:09:57Z
2026-05-31T18:09:40Z,2026-05-31T20:09:40+0200,6aacff99-9564-44c3-8148-44a92f3205b7,2026-05-04T03:00:00Z,2026-05-04T05:00:00+0200,64.91,MW,BE,BE,actual_offshore_wind_generation,Wind Offshore | Actual Aggregated,2026-05-31T18:09:57Z
2026-05-31T18:09:40Z,2026-05-31T20:09:40+0200,6aacff99-9564-44c3-8148-44a92f3205b7,2026-05-04T04:00:00Z,2026-05-04T06:00:00+0200,1.9,MW,BE,BE,actual_offshore_wind_generation,Wind Offshore | Actual Aggregated,2026-05-31T18:09:57Z
2026-05-31T18:09:40Z,2026-05-31T20:09:40+0200,6aacff99-9564-44c3-8148-44a92f3205b7,2026-05-04T04:00:00Z,2026-05-04T06:00:00+0200,5.4825,MW,BE,BE,actual_offshore_wind_generation,Wind Offshore | Actual Consumption,2026-05-31T18:09:57Z
2026-05-31T18:09:40Z,2026-05-31T20:09:40+0200,6aacff99-9564-44c3-8148-44a92f3205b7,2026-05-04T05:00:00Z,2026-05-04T07:00:00+0200,19.0725,MW,BE,BE,actual_offshore_wind_generation,Wind Offshore | Actual Consumption,2026-05-31T18:09:57Z
2026-05-31T18:09:40Z,2026-05-31T20:09:40+0200,6aacff99-9564-44c3-8148-44a92f3205b7,2026-05-04T06:00:00Z,2026-05-04T08:00:00+0200,1.635,MW,BE,BE,actual_offshore_wind_generation,Wind Offshore | Actual Aggregated,2026-05-31T18:09:57Z
2026-05-31T18:09:40Z,2026-05-31T20:09:40+0200,6aacff99-9564-44c3-8148-44a92f3205b7,2026-05-04T06:00:00Z,2026-05-04T08:00:00+0200,3.8975,MW,BE,BE,actual_offshore_wind_generation,Wind Offshore | Actual Consumption,2026-05-31T18:09:57Z
2026-05-31T18:09:40Z,2026-05-31T20:09:40+0200,6aacff99-9564-44c3-8148-44a92f3205b7,2026-05-04T07:00:00Z,2026-05-04T09:00:00+0200,16.3375,MW,BE,BE,actual_offshore_wind_generation,Wind Offshore | Actual Aggregated,2026-05-31T18:09:57Z
2026-05-31T18:09:40Z,2026-05-31T20:09:40+0200,6aacff99-9564-44c3-8148-44a92f3205b7,2026-05-04T08:00:00Z,2026-05-04T10:00:00+0200,20.5,MW,BE,BE,actual_offshore_wind_generation,Wind Offshore | Actual Aggregated,2026-05-31T18:09:57Z
2026-05-31T18:09:40Z,2026-05-31T20:09:40+0200,6aacff99-9564-44c3-8148-44a92f3205b7,2026-05-04T09:00:00Z,2026-05-04T11:00:00+0200,23.325,MW,BE,BE,actual_offshore_wind_generation,Wind Offshore | Actual Aggregated,2026-05-31T18:09:57Z
2026-05-31T18:09:40Z,2026-05-31T20:09:40+0200,6aacff99-9564-44c3-8148-44a92f3205b7,2026-05-04T10:00:00Z,2026-05-04T12:00:00+0200,18.3875,MW,BE,BE,actual_offshore_wind_generation,Wind Offshore | Actual Aggregated,2026-05-31T18:09:57Z
2026-05-31T18:09:40Z,2026-05-31T20:09:40+0200,6aacff99-9564-44c3-8148-44a92f3205b7,2026-05-04T11:00:00Z,2026-05-04T13:00:00+0200,25.8025,MW,BE,BE,actual_offshore_wind_generation,Wind Offshore | Actual Aggregated,2026-05-31T18:09:57Z
2026-05-31T18:09:40Z,2026-05-31T20:09:40+0200,6aacff99-9564-44c3-8148-44a92f3205b7,2026-05-04T12:00:00Z,2026-05-04T14:00:00+0200,33.095,MW,BE,BE,actual_offshore_wind_generation,Wind Offshore | Actual Aggregated,2026-05-31T18:09:57Z
2026-05-31T18:09:40Z,2026-05-31T20:09:40+0200,6aacff99-9564-44c3-8148-44a92f3205b7,2026-05-04T13:00:00Z,2026-05-04T15:00:00+0200,35.0575,MW,BE,BE,actual_offshore_wind_generation,Wind Offshore | Actual Aggregated,2026-05-31T18:09:57Z
2026-05-31T18:09:40Z,2026-05-31T20:09:40+0200,6aacff99-9564-44c3-8148-44a92f3205b7,2026-05-04T14:00:00Z,2026-05-04T16:00:00+0200,228.3175,MW,BE,BE,actual_offshore_wind_generation,Wind Offshore | Actual Aggregated,2026-05-31T18:09:57Z
2026-05-31T18:09:40Z,2026-05-31T20:09:40+0200,6aacff99-9564-44c3-8148-44a92f3205b7,2026-05-04T15:00:00Z,2026-05-04T17:00:00+0200,483.6825,MW,BE,BE,actual_offshore_wind_generation,Wind Offshore | Actual Aggregated,2026-05-31T18:09:57Z
2026-05-31T18:09:40Z,2026-05-31T20:09:40+0200,6aacff99-9564-44c3-8148-44a92f3205b7,2026-05-04T16:00:00Z,2026-05-04T18:00:00+0200,528.69,MW,BE,BE,actual_offshore_wind_generation,Wind Offshore | Actual Aggregated,2026-05-31T18:09:57Z
2026-05-31T18:09:40Z,2026-05-31T20:09:40+0200,6aacff99-9564-44c3-8148-44a92f3205b7,2026-05-04T17:00:00Z,2026-05-04T19:00:00+0200,394.1675,MW,BE,BE,actual_offshore_wind_generation,Wind Offshore | Actual Aggregated,2026-05-31T18:09:57Z
2026-05-31T18:09:40Z,2026-05-31T20:09:40+0200,6aacff99-9564-44c3-8148-44a92f3205b7,2026-05-04T18:00:00Z,2026-05-04T20:00:00+0200,539.34,MW,BE,BE,actual_offshore_wind_generation,Wind Offshore | Actual Aggregated,2026-05-31T18:09:57Z
2026-05-31T18:09:40Z,2026-05-31T20:09:40+0200,6aacff99-9564-44c3-8148-44a92f3205b7,2026-05-04T19:00:00Z,2026-05-04T21:00:00+0200,760.19,MW,BE,BE,actual_offshore_wind_generation,Wind Offshore | Actual Aggregated,2026-05-31T18:09:57Z
2026-05-31T18:09:40Z,2026-05-31T20:09:40+0200,6aacff99-9564-44c3-8148-44a92f3205b7,2026-05-04T20:00:00Z,2026-05-04T22:00:00+0200,782.63,MW,BE,BE,actual_offshore_wind_generation,Wind Offshore | Actual Aggregated,2026-05-31T18:09:57Z
2026-05-31T18:09:40Z,2026-05-31T20:09:40+0200,6aacff99-9564-44c3-8148-44a92f3205b7,2026-05-04T21:00:00Z,2026-05-04T23:00:00+0200,811.215,MW,BE,BE,actual_offshore_wind_generation,Wind Offshore | Actual Aggregated,2026-05-31T18:09:57Z
2026-05-31T18:09:40Z,2026-05-31T20:09:40+0200,6aacff99-9564-44c3-8148-44a92f3205b7,2026-05-04T22:00:00Z,2026-05-05T00:00:00+0200,926.39,MW,BE,BE,actual_offshore_wind_generation,Wind Offshore | Actual Aggregated,2026-05-31T18:09:57Z
2026-05-31T18:09:40Z,2026-05-31T20:09:40+0200,6aacff99-9564-44c3-8148-44a92f3205b7,2026-05-04T23:00:00Z,2026-05-05T01:00:00+0200,795.3225,MW,BE,BE,actual_offshore_wind_generation,Wind Offshore | Actual Aggregated,2026-05-31T18:09:57Z
2026-05-31T18:09:40Z,2026-05-31T20:09:40+0200,6aacff99-9564-44c3-8148-44a92f3205b7,2026-05-05T00:00:00Z,2026-05-05T02:00:00+0200,619.2875,MW,BE,BE,actual_offshore_wind_generation,Wind Offshore | Actual Aggregated,2026-05-31T18:09:57Z
2026-05-31T18:09:40Z,2026-05-31T20:09:40+0200,6aacff99-9564-44c3-8148-44a92f3205b7,2026-05-05T01:00:00Z,2026-05-05T03:00:00+0200,595.94,MW,BE,BE,actual_offshore_wind_generation,Wind Offshore | Actual Aggregated,2026-05-31T18:09:57Z
2026-05-31T18:09:40Z,2026-05-31T20:09:40+0200,6aacff99-9564-44c3-8148-44a92f3205b7,2026-05-05T02:00:00Z,2026-05-05T04:00:00+0200,508.025,MW,BE,BE,actual_offshore_wind_generation,Wind Offshore | Actual Aggregated,2026-05-31T18:09:57Z
2026-05-31T18:09:40Z,2026-05-31T20:09:40+0200,6aacff99-9564-44c3-8148-44a92f3205b7,2026-05-05T03:00:00Z,2026-05-05T05:00:00+0200,301.09,MW,BE,BE,actual_offshore_wind_generation,Wind Offshore | Actual Aggregated,2026-05-31T18:09:57Z
2026-05-31T18:09:40Z,2026-05-31T20:09:40+0200,6aacff99-9564-44c3-8148-44a92f3205b7,2026-05-05T04:00:00Z,2026-05-05T06:00:00+0200,267.6175,MW,BE,BE,actual_offshore_wind_generation,Wind Offshore | Actual Aggregated,2026-05-31T18:09:57Z
2026-05-31T18:09:40Z,2026-05-31T20:09:40+0200,6aacff99-9564-44c3-8148-44a92f3205b7,2026-05-05T05:00:00Z,2026-05-05T07:00:00+0200,374.745,MW,BE,BE,actual_offshore_wind_generation,Wind Offshore | Actual Aggregated,2026-05-31T18:09:57Z
2026-05-31T18:09:40Z,2026-05-31T20:09:40+0200,6aacff99-9564-44c3-8148-44a92f3205b7,2026-05-05T06:00:00Z,2026-05-05T08:00:00+0200,619.475,MW,BE,BE,actual_offshore_wind_generation,Wind Offshore | Actual Aggregated,2026-05-31T18:09:57Z
2026-05-31T18:09:40Z,2026-05-31T20:09:40+0200,6aacff99-9564-44c3-8148-44a92f3205b7,2026-05-05T07:00:00Z,2026-05-05T09:00:00+0200,812.945,MW,BE,BE,actual_offshore_wind_generation,Wind Offshore | Actual Aggregated,2026-05-31T18:09:57Z
2026-05-31T18:09:40Z,2026-05-31T20:09:40+0200,6aacff99-9564-44c3-8148-44a92f3205b7,2026-05-05T08:00:00Z,2026-05-05T10:00:00+0200,839.615,MW,BE,BE,actual_offshore_wind_generation,Wind Offshore | Actual Aggregated,2026-05-31T18:09:57Z
2026-05-31T18:09:40Z,2026-05-31T20:09:40+0200,6aacff99-9564-44c3-8148-44a92f3205b7,2026-05-05T09:00:00Z,2026-05-05T11:00:00+0200,817.85,MW,BE,BE,actual_offshore_wind_generation,Wind Offshore | Actual Aggregated,2026-05-31T18:09:57Z
2026-05-31T18:09:40Z,2026-05-31T20:09:40+0200,6aacff99-9564-44c3-8148-44a92f3205b7,2026-05-05T10:00:00Z,2026-05-05T12:00:00+0200,836.02,MW,BE,BE,actual_offshore_wind_generation,Wind Offshore | Actual Aggregated,2026-05-31T18:09:57Z
2026-05-31T18:09:40Z,2026-05-31T20:09:40+0200,6aacff99-9564-44c3-8148-44a92f3205b7,2026-05-05T11:00:00Z,2026-05-05T13:00:00+0200,839.5775,MW,BE,BE,actual_offshore_wind_generation,Wind Offshore | Actual Aggregated,2026-05-31T18:09:57Z
2026-05-31T18:09:40Z,2026-05-31T20:09:40+0200,6aacff99-9564-44c3-8148-44a92f3205b7,2026-05-05T12:00:00Z,2026-05-05T14:00:00+0200,782.8225,MW,BE,BE,actual_offshore_wind_generation,Wind Offshore | Actual Aggregated,2026-05-31T18:09:57Z
2026-05-31T18:09:40Z,2026-05-31T20:09:40+0200,6aacff99-9564-44c3-8148-44a92f3205b7,2026-05-05T13:00:00Z,2026-05-05T15:00:00+0200,667.5325,MW,BE,BE,actual_offshore_wind_generation,Wind Offshore | Actual Aggregated,2026-05-31T18:09:57Z
2026-05-31T18:09:40Z,2026-05-31T20:09:40+0200,6aacff99-9564-44c3-8148-44a92f3205b7,2026-05-05T14:00:00Z,2026-05-05T16:00:00+0200,710.93,MW,BE,BE,actual_offshore_wind_generation,Wind Offshore | Actual Aggregated,2026-05-31T18:09:57Z
2026-05-31T18:09:40Z,2026-05-31T20:09:40+0200,6aacff99-9564-44c3-8148-44a92f3205b7,2026-05-05T15:00:00Z,2026-05-05T17:00:00+0200,880.8925,MW,BE,BE,actual_offshore_wind_generation,Wind Offshore | Actual Aggregated,2026-05-31T18:09:57Z
2026-05-31T18:09:40Z,2026-05-31T20:09:40+0200,6aacff99-9564-44c3-8148-44a92f3205b7,2026-05-05T16:00:00Z,2026-05-05T18:00:00+0200,1044.7375,MW,BE,BE,actual_offshore_wind_generation,Wind Offshore | Actual Aggregated,2026-05-31T18:09:57Z
2026-05-31T18:09:40Z,2026-05-31T20:09:40+0200,6aacff99-9564-44c3-8148-44a92f3205b7,2026-05-05T17:00:00Z,2026-05-05T19:00:00+0200,1123.2125,MW,BE,BE,actual_offshore_wind_generation,Wind Offshore | Actual Aggregated,2026-05-31T18:09:57Z
2026-05-31T18:09:40Z,2026-05-31T20:09:40+0200,6aacff99-9564-44c3-8148-44a92f3205b7,2026-05-05T18:00:00Z,2026-05-05T20:00:00+0200,1199.1125,MW,BE,BE,actual_offshore_wind_generation,Wind Offshore | Actual Aggregated,2026-05-31T18:09:57Z
2026-05-31T18:09:40Z,2026-05-31T20:09:40+0200,6aacff99-9564-44c3-8148-44a92f3205b7,2026-05-05T19:00:00Z,2026-05-05T21:00:00+0200,1119.9775,MW,BE,BE,actual_offshore_wind_generation,Wind Offshore | Actual Aggregated,2026-05-31T18:09:57Z
2026-05-31T18:09:40Z,2026-05-31T20:09:40+0200,6aacff99-9564-44c3-8148-44a92f3205b7,2026-05-05T20:00:00Z,2026-05-05T22:00:00+0200,982.26,MW,BE,BE,actual_offshore_wind_generation,Wind Offshore | Actual Aggregated,2026-05-31T18:09:57Z
2026-05-31T18:09:40Z,2026-05-31T20:09:40+0200,6aacff99-9564-44c3-8148-44a92f3205b7,2026-05-05T21:00:00Z,2026-05-05T23:00:00+0200,889.5075,MW,BE,BE,actual_offshore_wind_generation,Wind Offshore | Actual Aggregated,2026-05-31T18:09:57Z
2026-05-31T18:09:40Z,2026-05-31T20:09:40+0200,6aacff99-9564-44c3-8148-44a92f3205b7,2026-05-05T22:00:00Z,2026-05-06T00:00:00+0200,832.92,MW,BE,BE,actual_offshore_wind_generation,Wind Offshore | Actual Aggregated,2026-05-31T18:09:57Z
2026-05-31T18:09:40Z,2026-05-31T20:09:40+0200,6aacff99-9564-44c3-8148-44a92f3205b7,2026-05-05T23:00:00Z,2026-05-06T01:00:00+0200,868.0525,MW,BE,BE,actual_offshore_wind_generation,Wind Offshore | Actual Aggregated,2026-05-31T18:09:57Z
2026-05-31T18:09:40Z,2026-05-31T20:09:40+0200,6aacff99-9564-44c3-8148-44a92f3205b7,2026-05-06T00:00:00Z,2026-05-06T02:00:00+0200,778.435,MW,BE,BE,actual_offshore_wind_generation,Wind Offshore | Actual Aggregated,2026-05-31T18:09:57Z
2026-05-31T18:09:40Z,2026-05-31T20:09:40+0200,6aacff99-9564-44c3-8148-44a92f3205b7,2026-05-06T01:00:00Z,2026-05-06T03:00:00+0200,758.4775,MW,BE,BE,actual_offshore_wind_generation,Wind Offshore | Actual Aggregated,2026-05-31T18:09:57Z
2026-05-31T18:09:40Z,2026-05-31T20:09:40+0200,6aacff99-9564-44c3-8148-44a92f3205b7,2026-05-06T02:00:00Z,2026-05-06T04:00:00+0200,715.235,MW,BE,BE,actual_offshore_wind_generation,Wind Offshore | Actual Aggregated,2026-05-31T18:09:57Z
2026-05-31T18:09:40Z,2026-05-31T20:09:40+0200,6aacff99-9564-44c3-8148-44a92f3205b7,2026-05-06T03:00:00Z,2026-05-06T05:00:00+0200,612.5875,MW,BE,BE,actual_offshore_wind_generation,Wind Offshore | Actual Aggregated,2026-05-31T18:09:57Z
2026-05-31T18:09:40Z,2026-05-31T20:09:40+0200,6aacff99-9564-44c3-8148-44a92f3205b7,2026-05-06T04:00:00Z,2026-05-06T06:00:00+0200,542.635,MW,BE,BE,actual_offshore_wind_generation,Wind Offshore | Actual Aggregated,2026-05-31T18:09:57Z
2026-05-31T18:09:40Z,2026-05-31T20:09:40+0200,6aacff99-9564-44c3-8148-44a92f3205b7,2026-05-06T05:00:00Z,2026-05-06T07:00:00+0200,453.345,MW,BE,BE,actual_offshore_wind_generation,Wind Offshore | Actual Aggregated,2026-05-31T18:09:57Z
2026-05-31T18:09:40Z,2026-05-31T20:09:40+0200,6aacff99-9564-44c3-8148-44a92f3205b7,2026-05-06T06:00:00Z,2026-05-06T08:00:00+0200,385.86,MW,BE,BE,actual_offshore_wind_generation,Wind Offshore | Actual Aggregated,2026-05-31T18:09:57Z
2026-05-31T18:09:40Z,2026-05-31T20:09:40+0200,6aacff99-9564-44c3-8148-44a92f3205b7,2026-05-06T07:00:00Z,2026-05-06T09:00:00+0200,477.5275,MW,BE,BE,actual_offshore_wind_generation,Wind Offshore | Actual Aggregated,2026-05-31T18:09:57Z
2026-05-31T18:09:40Z,2026-05-31T20:09:40+0200,6aacff99-9564-44c3-8148-44a92f3205b7,2026-05-06T08:00:00Z,2026-05-06T10:00:00+0200,508.995,MW,BE,BE,actual_offshore_wind_generation,Wind Offshore | Actual Aggregated,2026-05-31T18:09:57Z
2026-05-31T18:09:40Z,2026-05-31T20:09:40+0200,6aacff99-9564-44c3-8148-44a92f3205b7,2026-05-06T09:00:00Z,2026-05-06T11:00:00+0200,524.3975,MW,BE,BE,actual_offshore_wind_generation,Wind Offshore | Actual Aggregated,2026-05-31T18:09:57Z
2026-05-31T18:09:40Z,2026-05-31T20:09:40+0200,6aacff99-9564-44c3-8148-44a92f3205b7,2026-05-06T10:00:00Z,2026-05-06T12:00:00+0200,553.59,MW,BE,BE,actual_offshore_wind_generation,Wind Offshore | Actual Aggregated,2026-05-31T18:09:57Z
2026-05-31T18:09:40Z,2026-05-31T20:09:40+0200,6aacff99-9564-44c3-8148-44a92f3205b7,2026-05-06T11:00:00Z,2026-05-06T13:00:00+0200,467.1175,MW,BE,BE,actual_offshore_wind_generation,Wind Offshore | Actual Aggregated,2026-05-31T18:09:57Z
2026-05-31T18:09:40Z,2026-05-31T20:09:40+0200,6aacff99-9564-44c3-8148-44a92f3205b7,2026-05-06T12:00:00Z,2026-05-06T14:00:00+0200,429.395,MW,BE,BE,actual_offshore_wind_generation,Wind Offshore | Actual Aggregated,2026-05-31T18:09:57Z
2026-05-31T18:09:40Z,2026-05-31T20:09:40+0200,6aacff99-9564-44c3-8148-44a92f3205b7,2026-05-06T13:00:00Z,2026-05-06T15:00:00+0200,506.3575,MW,BE,BE,actual_offshore_wind_generation,Wind Offshore | Actual Aggregated,2026-05-31T18:09:57Z
2026-05-31T18:09:40Z,2026-05-31T20:09:40+0200,6aacff99-9564-44c3-8148-44a92f3205b7,2026-05-06T14:00:00Z,2026-05-06T16:00:00+0200,559.78,MW,BE,BE,actual_offshore_wind_generation,Wind Offshore | Actual Aggregated,2026-05-31T18:09:57Z
2026-05-31T18:09:40Z,2026-05-31T20:09:40+0200,6aacff99-9564-44c3-8148-44a92f3205b7,2026-05-06T15:00:00Z,2026-05-06T17:00:00+0200,526.2025,MW,BE,BE,actual_offshore_wind_generation,Wind Offshore | Actual Aggregated,2026-05-31T18:09:57Z
2026-05-31T18:09:40Z,2026-05-31T20:09:40+0200,6aacff99-9564-44c3-8148-44a92f3205b7,2026-05-06T16:00:00Z,2026-05-06T18:00:00+0200,487.8975,MW,BE,BE,actual_offshore_wind_generation,Wind Offshore | Actual Aggregated,2026-05-31T18:09:57Z
2026-05-31T18:09:40Z,2026-05-31T20:09:40+0200,6aacff99-9564-44c3-8148-44a92f3205b7,2026-05-06T17:00:00Z,2026-05-06T19:00:00+0200,446.155,MW,BE,BE,actual_offshore_wind_generation,Wind Offshore | Actual Aggregated,2026-05-31T18:09:57Z
2026-05-31T18:09:40Z,2026-05-31T20:09:40+0200,6aacff99-9564-44c3-8148-44a92f3205b7,2026-05-06T18:00:00Z,2026-05-06T20:00:00+0200,382.0425,MW,BE,BE,actual_offshore_wind_generation,Wind Offshore | Actual Aggregated,2026-05-31T18:09:57Z
2026-05-31T18:09:40Z,2026-05-31T20:09:40+0200,6aacff99-9564-44c3-8148-44a92f3205b7,2026-05-06T19:00:00Z,2026-05-06T21:00:00+0200,332.7675,MW,BE,BE,actual_offshore_wind_generation,Wind Offshore | Actual Aggregated,2026-05-31T18:09:57Z
2026-05-31T18:09:40Z,2026-05-31T20:09:40+0200,6aacff99-9564-44c3-8148-44a92f3205b7,2026-05-06T20:00:00Z,2026-05-06T22:00:00+0200,356.555,MW,BE,BE,actual_offshore_wind_generation,Wind Offshore | Actual Aggregated,2026-05-31T18:09:57Z
2026-05-31T18:09:40Z,2026-05-31T20:09:40+0200,6aacff99-9564-44c3-8148-44a92f3205b7,2026-05-06T21:00:00Z,2026-05-06T23:00:00+0200,390.2375,MW,BE,BE,actual_offshore_wind_generation,Wind Offshore | Actual Aggregated,2026-05-31T18:09:57Z
2026-05-31T18:09:40Z,2026-05-31T20:09:40+0200,6aacff99-9564-44c3-8148-44a92f3205b7,2026-05-06T22:00:00Z,2026-05-07T00:00:00+0200,390.52,MW,BE,BE,actual_offshore_wind_generation,Wind Offshore | Actual Aggregated,2026-05-31T18:09:57Z
2026-05-31T18:09:40Z,2026-05-31T20:09:40+0200,6aacff99-9564-44c3-8148-44a92f3205b7,2026-05-06T23:00:00Z,2026-05-07T01:00:00+0200,379.99,MW,BE,BE,actual_offshore_wind_generation,Wind Offshore | Actual Aggregated,2026-05-31T18:09:57Z
2026-05-31T18:09:40Z,2026-05-31T20:09:40+0200,6aacff99-9564-44c3-8148-44a92f3205b7,2026-05-07T00:00:00Z,2026-05-07T02:00:00+0200,347.825,MW,BE,BE,actual_offshore_wind_generation,Wind Offshore | Actual Aggregated,2026-05-31T18:09:57Z
2026-05-31T18:09:40Z,2026-05-31T20:09:40+0200,6aacff99-9564-44c3-8148-44a92f3205b7,2026-05-07T01:00:00Z,2026-05-07T03:00:00+0200,252.74,MW,BE,BE,actual_offshore_wind_generation,Wind Offshore | Actual Aggregated,2026-05-31T18:09:57Z
2026-05-31T18:09:40Z,2026-05-31T20:09:40+0200,6aacff99-9564-44c3-8148-44a92f3205b7,2026-05-07T02:00:00Z,2026-05-07T04:00:00+0200,207.4125,MW,BE,BE,actual_offshore_wind_generation,Wind Offshore | Actual Aggregated,2026-05-31T18:09:57Z
2026-05-31T18:09:40Z,2026-05-31T20:09:40+0200,6aacff99-9564-44c3-8148-44a92f3205b7,2026-05-07T03:00:00Z,2026-05-07T05:00:00+0200,174.51,MW,BE,BE,actual_offshore_wind_generation,Wind Offshore | Actual Aggregated,2026-05-31T18:09:57Z
2026-05-31T18:09:40Z,2026-05-31T20:09:40+0200,6aacff99-9564-44c3-8148-44a92f3205b7,2026-05-07T04:00:00Z,2026-05-07T06:00:00+0200,164.4275,MW,BE,BE,actual_offshore_wind_generation,Wind Offshore | Actual Aggregated,2026-05-31T18:09:57Z
2026-05-31T18:09:40Z,2026-05-31T20:09:40+0200,6aacff99-9564-44c3-8148-44a92f3205b7,2026-05-07T05:00:00Z,2026-05-07T07:00:00+0200,155.1075,MW,BE,BE,actual_offshore_wind_generation,Wind Offshore | Actual Aggregated,2026-05-31T18:09:57Z
2026-05-31T18:09:40Z,2026-05-31T20:09:40+0200,6aacff99-9564-44c3-8148-44a92f3205b7,2026-05-07T06:00:00Z,2026-05-07T08:00:00+0200,122.61,MW,BE,BE,actual_offshore_wind_generation,Wind Offshore | Actual Aggregated,2026-05-31T18:09:57Z
2026-05-31T18:09:40Z,2026-05-31T20:09:40+0200,6aacff99-9564-44c3-8148-44a92f3205b7,2026-05-07T07:00:00Z,2026-05-07T09:00:00+0200,79.8725,MW,BE,BE,actual_offshore_wind_generation,Wind Offshore | Actual Aggregated,2026-05-31T18:09:57Z
2026-05-31T18:09:40Z,2026-05-31T20:09:40+0200,6aacff99-9564-44c3-8148-44a92f3205b7,2026-05-07T08:00:00Z,2026-05-07T10:00:00+0200,56.7275,MW,BE,BE,actual_offshore_wind_generation,Wind Offshore | Actual Aggregated,2026-05-31T18:09:57Z
2026-05-31T18:09:40Z,2026-05-31T20:09:40+0200,6aacff99-9564-44c3-8148-44a92f3205b7,2026-05-07T09:00:00Z,2026-05-07T11:00:00+0200,20.385,MW,BE,BE,actual_offshore_wind_generation,Wind Offshore | Actual Aggregated,2026-05-31T18:09:57Z
2026-05-31T18:09:40Z,2026-05-31T20:09:40+0200,6aacff99-9564-44c3-8148-44a92f3205b7,2026-05-07T10:00:00Z,2026-05-07T12:00:00+0200,6.09,MW,BE,BE,actual_offshore_wind_generation,Wind Offshore | Actual Aggregated,2026-05-31T18:09:57Z
2026-05-31T18:09:40Z,2026-05-31T20:09:40+0200,6aacff99-9564-44c3-8148-44a92f3205b7,2026-05-07T11:00:00Z,2026-05-07T13:00:00+0200,32.9375,MW,BE,BE,actual_offshore_wind_generation,Wind Offshore | Actual Aggregated,2026-05-31T18:09:57Z
2026-05-31T18:09:40Z,2026-05-31T20:09:40+0200,6aacff99-9564-44c3-8148-44a92f3205b7,2026-05-07T12:00:00Z,2026-05-07T14:00:00+0200,82.1625,MW,BE,BE,actual_offshore_wind_generation,Wind Offshore | Actual Aggregated,2026-05-31T18:09:57Z
2026-05-31T18:09:40Z,2026-05-31T20:09:40+0200,6aacff99-9564-44c3-8148-44a92f3205b7,2026-05-07T13:00:00Z,2026-05-07T15:00:00+0200,133.2275,MW,BE,BE,actual_offshore_wind_generation,Wind Offshore | Actual Aggregated,2026-05-31T18:09:57Z
2026-05-31T18:09:40Z,2026-05-31T20:09:40+0200,6aacff99-9564-44c3-8148-44a92f3205b7,2026-05-07T14:00:00Z,2026-05-07T16:00:00+0200,114.5475,MW,BE,BE,actual_offshore_wind_generation,Wind Offshore | Actual Aggregated,2026-05-31T18:09:57Z
2026-05-31T18:09:40Z,2026-05-31T20:09:40+0200,6aacff99-9564-44c3-8148-44a92f3205b7,2026-05-07T15:00:00Z,2026-05-07T17:00:00+0200,101.35,MW,BE,BE,actual_offshore_wind_generation,Wind Offshore | Actual Aggregated,2026-05-31T18:09:57Z
2026-05-31T18:09:40Z,2026-05-31T20:09:40+0200,6aacff99-9564-44c3-8148-44a92f3205b7,2026-05-07T16:00:00Z,2026-05-07T18:00:00+0200,99.0875,MW,BE,BE,actual_offshore_wind_generation,Wind Offshore | Actual Aggregated,2026-05-31T18:09:57Z
2026-05-31T18:09:40Z,2026-05-31T20:09:40+0200,6aacff99-9564-44c3-8148-44a92f3205b7,2026-05-07T17:00:00Z,2026-05-07T19:00:00+0200,127.115,MW,BE,BE,actual_offshore_wind_generation,Wind Offshore | Actual Aggregated,2026-05-31T18:09:57Z
2026-05-31T18:09:40Z,2026-05-31T20:09:40+0200,6aacff99-9564-44c3-8148-44a92f3205b7,2026-05-07T18:00:00Z,2026-05-07T20:00:00+0200,67.9475,MW,BE,BE,actual_offshore_wind_generation,Wind Offshore | Actual Aggregated,2026-05-31T18:09:57Z
2026-05-31T18:09:40Z,2026-05-31T20:09:40+0200,6aacff99-9564-44c3-8148-44a92f3205b7,2026-05-07T19:00:00Z,2026-05-07T21:00:00+0200,19.9025,MW,BE,BE,actual_offshore_wind_generation,Wind Offshore | Actual Aggregated,2026-05-31T18:09:57Z
2026-05-31T18:09:40Z,2026-05-31T20:09:40+0200,6aacff99-9564-44c3-8148-44a92f3205b7,2026-05-07T20:00:00Z,2026-05-07T22:00:00+0200,14.1675,MW,BE,BE,actual_offshore_wind_generation,Wind Offshore | Actual Aggregated,2026-05-31T18:09:57Z
2026-05-31T18:09:40Z,2026-05-31T20:09:40+0200,6aacff99-9564-44c3-8148-44a92f3205b7,2026-05-07T21:00:00Z,2026-05-07T23:00:00+0200,1.15,MW,BE,BE,actual_offshore_wind_generation,Wind Offshore | Actual Aggregated,2026-05-31T18:09:57Z
2026-05-31T18:09:40Z,2026-05-31T20:09:40+0200,6aacff99-9564-44c3-8148-44a92f3205b7,2026-05-07T21:00:00Z,2026-05-07T23:00:00+0200,2.2975,MW,BE,BE,actual_offshore_wind_generation,Wind Offshore | Actual Consumption,2026-05-31T18:09:57Z
2026-05-31T18:09:40Z,2026-05-31T20:09:40+0200,6aacff99-9564-44c3-8148-44a92f3205b7,2026-05-07T22:00:00Z,2026-05-08T00:00:00+0200,5.6975,MW,BE,BE,actual_offshore_wind_generation,Wind Offshore | Actual Consumption,2026-05-31T18:09:57Z
2026-05-31T18:09:40Z,2026-05-31T20:09:40+0200,6aacff99-9564-44c3-8148-44a92f3205b7,2026-05-07T23:00:00Z,2026-05-08T01:00:00+0200,19.5575,MW,BE,BE,actual_offshore_wind_generation,Wind Offshore | Actual Consumption,2026-05-31T18:09:57Z
2026-05-31T18:09:40Z,2026-05-31T20:09:40+0200,6aacff99-9564-44c3-8148-44a92f3205b7,2026-05-08T00:00:00Z,2026-05-08T02:00:00+0200,22.8,MW,BE,BE,actual_offshore_wind_generation,Wind Offshore | Actual Consumption,2026-05-31T18:09:57Z
2026-05-31T18:09:40Z,2026-05-31T20:09:40+0200,6aacff99-9564-44c3-8148-44a92f3205b7,2026-05-08T01:00:00Z,2026-05-08T03:00:00+0200,27.1825,MW,BE,BE,actual_offshore_wind_generation,Wind Offshore | Actual Consumption,2026-05-31T18:09:57Z
2026-05-31T18:09:40Z,2026-05-31T20:09:40+0200,6aacff99-9564-44c3-8148-44a92f3205b7,2026-05-08T02:00:00Z,2026-05-08T04:00:00+0200,26.7975,MW,BE,BE,actual_offshore_wind_generation,Wind Offshore | Actual Consumption,2026-05-31T18:09:57Z
2026-05-31T18:09:40Z,2026-05-31T20:09:40+0200,6aacff99-9564-44c3-8148-44a92f3205b7,2026-05-08T03:00:00Z,2026-05-08T05:00:00+0200,26.13,MW,BE,BE,actual_offshore_wind_generation,Wind Offshore | Actual Consumption,2026-05-31T18:09:57Z
2026-05-31T18:09:40Z,2026-05-31T20:09:40+0200,6aacff99-9564-44c3-8148-44a92f3205b7,2026-05-08T04:00:00Z,2026-05-08T06:00:00+0200,25.7,MW,BE,BE,actual_offshore_wind_generation,Wind Offshore | Actual Consumption,2026-05-31T18:09:57Z
2026-05-31T18:09:40Z,2026-05-31T20:09:40+0200,6aacff99-9564-44c3-8148-44a92f3205b7,2026-05-08T05:00:00Z,2026-05-08T07:00:00+0200,24.425,MW,BE,BE,actual_offshore_wind_generation,Wind Offshore | Actual Consumption,2026-05-31T18:09:57Z
2026-05-31T18:09:40Z,2026-05-31T20:09:40+0200,6aacff99-9564-44c3-8148-44a92f3205b7,2026-05-08T06:00:00Z,2026-05-08T08:00:00+0200,21.045,MW,BE,BE,actual_offshore_wind_generation,Wind Offshore | Actual Consumption,2026-05-31T18:09:57Z
2026-05-31T18:09:40Z,2026-05-31T20:09:40+0200,6aacff99-9564-44c3-8148-44a92f3205b7,2026-05-08T07:00:00Z,2026-05-08T09:00:00+0200,20.395,MW,BE,BE,actual_offshore_wind_generation,Wind Offshore | Actual Consumption,2026-05-31T18:09:57Z
2026-05-31T18:09:40Z,2026-05-31T20:09:40+0200,6aacff99-9564-44c3-8148-44a92f3205b7,2026-05-08T08:00:00Z,2026-05-08T10:00:00+0200,20.985,MW,BE,BE,actual_offshore_wind_generation,Wind Offshore | Actual Consumption,2026-05-31T18:09:57Z
2026-05-31T18:09:40Z,2026-05-31T20:09:40+0200,6aacff99-9564-44c3-8148-44a92f3205b7,2026-05-08T09:00:00Z,2026-05-08T11:00:00+0200,20.2625,MW,BE,BE,actual_offshore_wind_generation,Wind Offshore | Actual Consumption,2026-05-31T18:09:57Z
2026-05-31T18:09:40Z,2026-05-31T20:09:40+0200,6aacff99-9564-44c3-8148-44a92f3205b7,2026-05-08T10:00:00Z,2026-05-08T12:00:00+0200,16.9025,MW,BE,BE,actual_offshore_wind_generation,Wind Offshore | Actual Consumption,2026-05-31T18:09:57Z
2026-05-31T18:09:40Z,2026-05-31T20:09:40+0200,6aacff99-9564-44c3-8148-44a92f3205b7,2026-05-08T11:00:00Z,2026-05-08T13:00:00+0200,6.5975,MW,BE,BE,actual_offshore_wind_generation,Wind Offshore | Actual Consumption,2026-05-31T18:09:57Z
2026-05-31T18:09:40Z,2026-05-31T20:09:40+0200,6aacff99-9564-44c3-8148-44a92f3205b7,2026-05-08T12:00:00Z,2026-05-08T14:00:00+0200,8.7725,MW,BE,BE,actual_offshore_wind_generation,Wind Offshore | Actual Aggregated,2026-05-31T18:09:57Z
2026-05-31T18:09:40Z,2026-05-31T20:09:40+0200,6aacff99-9564-44c3-8148-44a92f3205b7,2026-05-08T12:00:00Z,2026-05-08T14:00:00+0200,2.995,MW,BE,BE,actual_offshore_wind_generation,Wind Offshore | Actual Consumption,2026-05-31T18:09:57Z
2026-05-31T18:09:40Z,2026-05-31T20:09:40+0200,6aacff99-9564-44c3-8148-44a92f3205b7,2026-05-08T13:00:00Z,2026-05-08T15:00:00+0200,53.0325,MW,BE,BE,actual_offshore_wind_generation,Wind Offshore | Actual Aggregated,2026-05-31T18:09:57Z
2026-05-31T18:09:40Z,2026-05-31T20:09:40+0200,6aacff99-9564-44c3-8148-44a92f3205b7,2026-05-08T14:00:00Z,2026-05-08T16:00:00+0200,84.1775,MW,BE,BE,actual_offshore_wind_generation,Wind Offshore | Actual Aggregated,2026-05-31T18:09:57Z
2026-05-31T18:09:40Z,2026-05-31T20:09:40+0200,6aacff99-9564-44c3-8148-44a92f3205b7,2026-05-08T15:00:00Z,2026-05-08T17:00:00+0200,118.7125,MW,BE,BE,actual_offshore_wind_generation,Wind Offshore | Actual Aggregated,2026-05-31T18:09:57Z
2026-05-31T18:09:40Z,2026-05-31T20:09:40+0200,6aacff99-9564-44c3-8148-44a92f3205b7,2026-05-08T16:00:00Z,2026-05-08T18:00:00+0200,154.875,MW,BE,BE,actual_offshore_wind_generation,Wind Offshore | Actual Aggregated,2026-05-31T18:09:57Z
2026-05-31T18:09:40Z,2026-05-31T20:09:40+0200,6aacff99-9564-44c3-8148-44a92f3205b7,2026-05-08T17:00:00Z,2026-05-08T19:00:00+0200,173.3975,MW,BE,BE,actual_offshore_wind_generation,Wind Offshore | Actual Aggregated,2026-05-31T18:09:57Z
2026-05-31T18:09:40Z,2026-05-31T20:09:40+0200,6aacff99-9564-44c3-8148-44a92f3205b7,2026-05-08T18:00:00Z,2026-05-08T20:00:00+0200,189.0325,MW,BE,BE,actual_offshore_wind_generation,Wind Offshore | Actual Aggregated,2026-05-31T18:09:57Z
2026-05-31T18:09:40Z,2026-05-31T20:09:40+0200,6aacff99-9564-44c3-8148-44a92f3205b7,2026-05-08T19:00:00Z,2026-05-08T21:00:00+0200,194.1225,MW,BE,BE,actual_offshore_wind_generation,Wind Offshore | Actual Aggregated,2026-05-31T18:09:57Z
2026-05-31T18:09:40Z,2026-05-31T20:09:40+0200,6aacff99-9564-44c3-8148-44a92f3205b7,2026-05-08T20:00:00Z,2026-05-08T22:00:00+0200,198.54,MW,BE,BE,actual_offshore_wind_generation,Wind Offshore | Actual Aggregated,2026-05-31T18:09:57Z
2026-05-31T18:09:40Z,2026-05-31T20:09:40+0200,6aacff99-9564-44c3-8148-44a92f3205b7,2026-05-08T21:00:00Z,2026-05-08T23:00:00+0200,209.2925,MW,BE,BE,actual_offshore_wind_generation,Wind Offshore | Actual Aggregated,2026-05-31T18:09:57Z
2026-05-31T18:09:40Z,2026-05-31T20:09:40+0200,6aacff99-9564-44c3-8148-44a92f3205b7,2026-05-08T22:00:00Z,2026-05-09T00:00:00+0200,167.18,MW,BE,BE,actual_offshore_wind_generation,Wind Offshore | Actual Aggregated,2026-05-31T18:09:57Z
2026-05-31T18:09:40Z,2026-05-31T20:09:40+0200,6aacff99-9564-44c3-8148-44a92f3205b7,2026-05-08T23:00:00Z,2026-05-09T01:00:00+0200,99.6975,MW,BE,BE,actual_offshore_wind_generation,Wind Offshore | Actual Aggregated,2026-05-31T18:09:57Z
2026-05-31T18:09:40Z,2026-05-31T20:09:40+0200,6aacff99-9564-44c3-8148-44a92f3205b7,2026-05-09T00:00:00Z,2026-05-09T02:00:00+0200,71.3275,MW,BE,BE,actual_offshore_wind_generation,Wind Offshore | Actual Aggregated,2026-05-31T18:09:57Z
2026-05-31T18:09:40Z,2026-05-31T20:09:40+0200,6aacff99-9564-44c3-8148-44a92f3205b7,2026-05-09T01:00:00Z,2026-05-09T03:00:00+0200,28.3275,MW,BE,BE,actual_offshore_wind_generation,Wind Offshore | Actual Aggregated,2026-05-31T18:09:57Z
2026-05-31T18:09:40Z,2026-05-31T20:09:40+0200,6aacff99-9564-44c3-8148-44a92f3205b7,2026-05-09T02:00:00Z,2026-05-09T04:00:00+0200,1.79,MW,BE,BE,actual_offshore_wind_generation,Wind Offshore | Actual Aggregated,2026-05-31T18:09:57Z
2026-05-31T18:09:40Z,2026-05-31T20:09:40+0200,6aacff99-9564-44c3-8148-44a92f3205b7,2026-05-09T02:00:00Z,2026-05-09T04:00:00+0200,4.4875,MW,BE,BE,actual_offshore_wind_generation,Wind Offshore | Actual Consumption,2026-05-31T18:09:57Z
2026-05-31T18:09:40Z,2026-05-31T20:09:40+0200,6aacff99-9564-44c3-8148-44a92f3205b7,2026-05-09T03:00:00Z,2026-05-09T05:00:00+0200,20.9725,MW,BE,BE,actual_offshore_wind_generation,Wind Offshore | Actual Aggregated,2026-05-31T18:09:57Z
2026-05-31T18:09:40Z,2026-05-31T20:09:40+0200,6aacff99-9564-44c3-8148-44a92f3205b7,2026-05-09T03:00:00Z,2026-05-09T05:00:00+0200,0.1275,MW,BE,BE,actual_offshore_wind_generation,Wind Offshore | Actual Consumption,2026-05-31T18:09:57Z
2026-05-31T18:09:40Z,2026-05-31T20:09:40+0200,6aacff99-9564-44c3-8148-44a92f3205b7,2026-05-09T04:00:00Z,2026-05-09T06:00:00+0200,11.2125,MW,BE,BE,actual_offshore_wind_generation,Wind Offshore | Actual Aggregated,2026-05-31T18:09:57Z
2026-05-31T18:09:40Z,2026-05-31T20:09:40+0200,6aacff99-9564-44c3-8148-44a92f3205b7,2026-05-09T04:00:00Z,2026-05-09T06:00:00+0200,0.4125,MW,BE,BE,actual_offshore_wind_generation,Wind Offshore | Actual Consumption,2026-05-31T18:09:57Z
2026-05-31T18:09:40Z,2026-05-31T20:09:40+0200,6aacff99-9564-44c3-8148-44a92f3205b7,2026-05-09T05:00:00Z,2026-05-09T07:00:00+0200,13.2025,MW,BE,BE,actual_offshore_wind_generation,Wind Offshore | Actual Aggregated,2026-05-31T18:09:57Z
2026-05-31T18:09:40Z,2026-05-31T20:09:40+0200,6aacff99-9564-44c3-8148-44a92f3205b7,2026-05-09T06:00:00Z,2026-05-09T08:00:00+0200,19.4375,MW,BE,BE,actual_offshore_wind_generation,Wind Offshore | Actual Aggregated,2026-05-31T18:09:57Z
2026-05-31T18:09:40Z,2026-05-31T20:09:40+0200,6aacff99-9564-44c3-8148-44a92f3205b7,2026-05-09T07:00:00Z,2026-05-09T09:00:00+0200,7.5025,MW,BE,BE,actual_offshore_wind_generation,Wind Offshore | Actual Aggregated,2026-05-31T18:09:57Z
2026-05-31T18:09:40Z,2026-05-31T20:09:40+0200,6aacff99-9564-44c3-8148-44a92f3205b7,2026-05-09T08:00:00Z,2026-05-09T10:00:00+0200,24.9325,MW,BE,BE,actual_offshore_wind_generation,Wind Offshore | Actual Aggregated,2026-05-31T18:09:57Z
2026-05-31T18:09:40Z,2026-05-31T20:09:40+0200,6aacff99-9564-44c3-8148-44a92f3205b7,2026-05-09T09:00:00Z,2026-05-09T11:00:00+0200,35.99,MW,BE,BE,actual_offshore_wind_generation,Wind Offshore | Actual Aggregated,2026-05-31T18:09:57Z
2026-05-31T18:09:40Z,2026-05-31T20:09:40+0200,6aacff99-9564-44c3-8148-44a92f3205b7,2026-05-09T10:00:00Z,2026-05-09T12:00:00+0200,56.795,MW,BE,BE,actual_offshore_wind_generation,Wind Offshore | Actual Aggregated,2026-05-31T18:09:57Z
2026-05-31T18:09:40Z,2026-05-31T20:09:40+0200,6aacff99-9564-44c3-8148-44a92f3205b7,2026-05-09T11:00:00Z,2026-05-09T13:00:00+0200,81.3425,MW,BE,BE,actual_offshore_wind_generation,Wind Offshore | Actual Aggregated,2026-05-31T18:09:57Z
2026-05-31T18:09:40Z,2026-05-31T20:09:40+0200,6aacff99-9564-44c3-8148-44a92f3205b7,2026-05-09T12:00:00Z,2026-05-09T14:00:00+0200,73.505,MW,BE,BE,actual_offshore_wind_generation,Wind Offshore | Actual Aggregated,2026-05-31T18:09:57Z
2026-05-31T18:09:40Z,2026-05-31T20:09:40+0200,6aacff99-9564-44c3-8148-44a92f3205b7,2026-05-09T13:00:00Z,2026-05-09T15:00:00+0200,111.4475,MW,BE,BE,actual_offshore_wind_generation,Wind Offshore | Actual Aggregated,2026-05-31T18:09:57Z
2026-05-31T18:09:40Z,2026-05-31T20:09:40+0200,6aacff99-9564-44c3-8148-44a92f3205b7,2026-05-09T14:00:00Z,2026-05-09T16:00:00+0200,170.5775,MW,BE,BE,actual_offshore_wind_generation,Wind Offshore | Actual Aggregated,2026-05-31T18:09:57Z
2026-05-31T18:09:40Z,2026-05-31T20:09:40+0200,6aacff99-9564-44c3-8148-44a92f3205b7,2026-05-09T15:00:00Z,2026-05-09T17:00:00+0200,187.3975,MW,BE,BE,actual_offshore_wind_generation,Wind Offshore | Actual Aggregated,2026-05-31T18:09:57Z
2026-05-31T18:09:40Z,2026-05-31T20:09:40+0200,6aacff99-9564-44c3-8148-44a92f3205b7,2026-05-09T16:00:00Z,2026-05-09T18:00:00+0200,235.7675,MW,BE,BE,actual_offshore_wind_generation,Wind Offshore | Actual Aggregated,2026-05-31T18:09:57Z
2026-05-31T18:09:40Z,2026-05-31T20:09:40+0200,6aacff99-9564-44c3-8148-44a92f3205b7,2026-05-09T17:00:00Z,2026-05-09T19:00:00+0200,308.3825,MW,BE,BE,actual_offshore_wind_generation,Wind Offshore | Actual Aggregated,2026-05-31T18:09:57Z
2026-05-31T18:09:40Z,2026-05-31T20:09:40+0200,6aacff99-9564-44c3-8148-44a92f3205b7,2026-05-09T18:00:00Z,2026-05-09T20:00:00+0200,278.265,MW,BE,BE,actual_offshore_wind_generation,Wind Offshore | Actual Aggregated,2026-05-31T18:09:57Z
2026-05-31T18:09:40Z,2026-05-31T20:09:40+0200,6aacff99-9564-44c3-8148-44a92f3205b7,2026-05-09T19:00:00Z,2026-05-09T21:00:00+0200,433.0775,MW,BE,BE,actual_offshore_wind_generation,Wind Offshore | Actual Aggregated,2026-05-31T18:09:57Z
2026-05-31T18:09:40Z,2026-05-31T20:09:40+0200,6aacff99-9564-44c3-8148-44a92f3205b7,2026-05-09T20:00:00Z,2026-05-09T22:00:00+0200,602.86,MW,BE,BE,actual_offshore_wind_generation,Wind Offshore | Actual Aggregated,2026-05-31T18:09:57Z
2026-05-31T18:09:40Z,2026-05-31T20:09:40+0200,6aacff99-9564-44c3-8148-44a92f3205b7,2026-05-09T21:00:00Z,2026-05-09T23:00:00+0200,548.7525,MW,BE,BE,actual_offshore_wind_generation,Wind Offshore | Actual Aggregated,2026-05-31T18:09:57Z
2026-05-31T18:09:40Z,2026-05-31T20:09:40+0200,6aacff99-9564-44c3-8148-44a92f3205b7,2026-05-09T22:00:00Z,2026-05-10T00:00:00+0200,632.465,MW,BE,BE,actual_offshore_wind_generation,Wind Offshore | Actual Aggregated,2026-05-31T18:09:57Z
2026-05-31T18:09:40Z,2026-05-31T20:09:40+0200,6aacff99-9564-44c3-8148-44a92f3205b7,2026-05-09T23:00:00Z,2026-05-10T01:00:00+0200,644.4825,MW,BE,BE,actual_offshore_wind_generation,Wind Offshore | Actual Aggregated,2026-05-31T18:09:57Z
2026-05-31T18:09:40Z,2026-05-31T20:09:40+0200,6aacff99-9564-44c3-8148-44a92f3205b7,2026-05-10T00:00:00Z,2026-05-10T02:00:00+0200,614.64,MW,BE,BE,actual_offshore_wind_generation,Wind Offshore | Actual Aggregated,2026-05-31T18:09:57Z
2026-05-31T18:09:40Z,2026-05-31T20:09:40+0200,6aacff99-9564-44c3-8148-44a92f3205b7,2026-05-10T01:00:00Z,2026-05-10T03:00:00+0200,623.615,MW,BE,BE,actual_offshore_wind_generation,Wind Offshore | Actual Aggregated,2026-05-31T18:09:57Z
2026-05-31T18:09:40Z,2026-05-31T20:09:40+0200,6aacff99-9564-44c3-8148-44a92f3205b7,2026-05-10T02:00:00Z,2026-05-10T04:00:00+0200,824.11,MW,BE,BE,actual_offshore_wind_generation,Wind Offshore | Actual Aggregated,2026-05-31T18:09:57Z
2026-05-31T18:09:40Z,2026-05-31T20:09:40+0200,6aacff99-9564-44c3-8148-44a92f3205b7,2026-05-10T03:00:00Z,2026-05-10T05:00:00+0200,1121.53,MW,BE,BE,actual_offshore_wind_generation,Wind Offshore | Actual Aggregated,2026-05-31T18:09:57Z
2026-05-31T18:09:40Z,2026-05-31T20:09:40+0200,6aacff99-9564-44c3-8148-44a92f3205b7,2026-05-10T04:00:00Z,2026-05-10T06:00:00+0200,992.6625,MW,BE,BE,actual_offshore_wind_generation,Wind Offshore | Actual Aggregated,2026-05-31T18:09:57Z
2026-05-31T18:09:40Z,2026-05-31T20:09:40+0200,6aacff99-9564-44c3-8148-44a92f3205b7,2026-05-10T05:00:00Z,2026-05-10T07:00:00+0200,1255.155,MW,BE,BE,actual_offshore_wind_generation,Wind Offshore | Actual Aggregated,2026-05-31T18:09:57Z
2026-05-31T18:09:40Z,2026-05-31T20:09:40+0200,6aacff99-9564-44c3-8148-44a92f3205b7,2026-05-10T06:00:00Z,2026-05-10T08:00:00+0200,1098.6375,MW,BE,BE,actual_offshore_wind_generation,Wind Offshore | Actual Aggregated,2026-05-31T18:09:57Z
2026-05-31T18:09:40Z,2026-05-31T20:09:40+0200,6aacff99-9564-44c3-8148-44a92f3205b7,2026-05-10T07:00:00Z,2026-05-10T09:00:00+0200,1148.5275,MW,BE,BE,actual_offshore_wind_generation,Wind Offshore | Actual Aggregated,2026-05-31T18:09:57Z
2026-05-31T18:09:40Z,2026-05-31T20:09:40+0200,6aacff99-9564-44c3-8148-44a92f3205b7,2026-05-10T08:00:00Z,2026-05-10T10:00:00+0200,1280.435,MW,BE,BE,actual_offshore_wind_generation,Wind Offshore | Actual Aggregated,2026-05-31T18:09:57Z
2026-05-31T18:09:40Z,2026-05-31T20:09:40+0200,6aacff99-9564-44c3-8148-44a92f3205b7,2026-05-10T09:00:00Z,2026-05-10T11:00:00+0200,1566.5175,MW,BE,BE,actual_offshore_wind_generation,Wind Offshore | Actual Aggregated,2026-05-31T18:09:57Z
2026-05-31T18:09:40Z,2026-05-31T20:09:40+0200,6aacff99-9564-44c3-8148-44a92f3205b7,2026-05-10T10:00:00Z,2026-05-10T12:00:00+0200,1640.9225,MW,BE,BE,actual_offshore_wind_generation,Wind Offshore | Actual Aggregated,2026-05-31T18:09:57Z
2026-05-31T18:09:40Z,2026-05-31T20:09:40+0200,6aacff99-9564-44c3-8148-44a92f3205b7,2026-05-10T11:00:00Z,2026-05-10T13:00:00+0200,1924.425,MW,BE,BE,actual_offshore_wind_generation,Wind Offshore | Actual Aggregated,2026-05-31T18:09:57Z
2026-05-31T18:09:40Z,2026-05-31T20:09:40+0200,6aacff99-9564-44c3-8148-44a92f3205b7,2026-05-10T12:00:00Z,2026-05-10T14:00:00+0200,1913.58,MW,BE,BE,actual_offshore_wind_generation,Wind Offshore | Actual Aggregated,2026-05-31T18:09:57Z
2026-05-31T18:09:40Z,2026-05-31T20:09:40+0200,6aacff99-9564-44c3-8148-44a92f3205b7,2026-05-10T13:00:00Z,2026-05-10T15:00:00+0200,2085.4975,MW,BE,BE,actual_offshore_wind_generation,Wind Offshore | Actual Aggregated,2026-05-31T18:09:57Z
2026-05-31T18:09:40Z,2026-05-31T20:09:40+0200,6aacff99-9564-44c3-8148-44a92f3205b7,2026-05-10T14:00:00Z,2026-05-10T16:00:00+0200,2136.065,MW,BE,BE,actual_offshore_wind_generation,Wind Offshore | Actual Aggregated,2026-05-31T18:09:57Z
2026-05-31T18:09:40Z,2026-05-31T20:09:40+0200,6aacff99-9564-44c3-8148-44a92f3205b7,2026-05-10T15:00:00Z,2026-05-10T17:00:00+0200,2160.435,MW,BE,BE,actual_offshore_wind_generation,Wind Offshore | Actual Aggregated,2026-05-31T18:09:57Z
2026-05-31T18:09:40Z,2026-05-31T20:09:40+0200,6aacff99-9564-44c3-8148-44a92f3205b7,2026-05-10T16:00:00Z,2026-05-10T18:00:00+0200,2154.915,MW,BE,BE,actual_offshore_wind_generation,Wind Offshore | Actual Aggregated,2026-05-31T18:09:57Z
2026-05-31T18:09:40Z,2026-05-31T20:09:40+0200,6aacff99-9564-44c3-8148-44a92f3205b7,2026-05-10T17:00:00Z,2026-05-10T19:00:00+0200,2164.065,MW,BE,BE,actual_offshore_wind_generation,Wind Offshore | Actual Aggregated,2026-05-31T18:09:57Z
2026-05-31T18:09:40Z,2026-05-31T20:09:40+0200,6aacff99-9564-44c3-8148-44a92f3205b7,2026-05-10T18:00:00Z,2026-05-10T20:00:00+0200,2153.435,MW,BE,BE,actual_offshore_wind_generation,Wind Offshore | Actual Aggregated,2026-05-31T18:09:57Z
2026-05-31T18:09:40Z,2026-05-31T20:09:40+0200,6aacff99-9564-44c3-8148-44a92f3205b7,2026-05-10T19:00:00Z,2026-05-10T21:00:00+0200,2078.54,MW,BE,BE,actual_offshore_wind_generation,Wind Offshore | Actual Aggregated,2026-05-31T18:09:57Z
2026-05-31T18:09:40Z,2026-05-31T20:09:40+0200,6aacff99-9564-44c3-8148-44a92f3205b7,2026-05-10T20:00:00Z,2026-05-10T22:00:00+0200,1861.575,MW,BE,BE,actual_offshore_wind_generation,Wind Offshore | Actual Aggregated,2026-05-31T18:09:57Z
2026-05-31T18:09:40Z,2026-05-31T20:09:40+0200,6aacff99-9564-44c3-8148-44a92f3205b7,2026-05-10T21:00:00Z,2026-05-10T23:00:00+0200,1622.5125,MW,BE,BE,actual_offshore_wind_generation,Wind Offshore | Actual Aggregated,2026-05-31T18:09:57Z
2026-05-31T18:09:40Z,2026-05-31T20:09:40+0200,6aacff99-9564-44c3-8148-44a92f3205b7,2026-05-10T22:00:00Z,2026-05-11T00:00:00+0200,1426.22,MW,BE,BE,actual_offshore_wind_generation,Wind Offshore | Actual Aggregated,2026-05-31T18:09:57Z
2026-05-31T18:09:40Z,2026-05-31T20:09:40+0200,6aacff99-9564-44c3-8148-44a92f3205b7,2026-05-10T23:00:00Z,2026-05-11T01:00:00+0200,1203.3,MW,BE,BE,actual_offshore_wind_generation,Wind Offshore | Actual Aggregated,2026-05-31T18:09:57Z
2026-05-31T18:09:40Z,2026-05-31T20:09:40+0200,6aacff99-9564-44c3-8148-44a92f3205b7,2026-05-11T00:00:00Z,2026-05-11T02:00:00+0200,1037.6425,MW,BE,BE,actual_offshore_wind_generation,Wind Offshore | Actual Aggregated,2026-05-31T18:09:57Z
2026-05-31T18:09:40Z,2026-05-31T20:09:40+0200,6aacff99-9564-44c3-8148-44a92f3205b7,2026-05-11T01:00:00Z,2026-05-11T03:00:00+0200,870.2625,MW,BE,BE,actual_offshore_wind_generation,Wind Offshore | Actual Aggregated,2026-05-31T18:09:57Z
2026-05-31T18:09:40Z,2026-05-31T20:09:40+0200,6aacff99-9564-44c3-8148-44a92f3205b7,2026-05-11T02:00:00Z,2026-05-11T04:00:00+0200,707.1725,MW,BE,BE,actual_offshore_wind_generation,Wind Offshore | Actual Aggregated,2026-05-31T18:09:57Z
2026-05-31T18:09:40Z,2026-05-31T20:09:40+0200,6aacff99-9564-44c3-8148-44a92f3205b7,2026-05-11T03:00:00Z,2026-05-11T05:00:00+0200,677.265,MW,BE,BE,actual_offshore_wind_generation,Wind Offshore | Actual Aggregated,2026-05-31T18:09:57Z
2026-05-31T18:09:40Z,2026-05-31T20:09:40+0200,6aacff99-9564-44c3-8148-44a92f3205b7,2026-05-11T04:00:00Z,2026-05-11T06:00:00+0200,471.925,MW,BE,BE,actual_offshore_wind_generation,Wind Offshore | Actual Aggregated,2026-05-31T18:09:57Z
2026-05-31T18:09:40Z,2026-05-31T20:09:40+0200,6aacff99-9564-44c3-8148-44a92f3205b7,2026-05-11T05:00:00Z,2026-05-11T07:00:00+0200,307.7025,MW,BE,BE,actual_offshore_wind_generation,Wind Offshore | Actual Aggregated,2026-05-31T18:09:57Z
2026-05-31T18:09:40Z,2026-05-31T20:09:40+0200,6aacff99-9564-44c3-8148-44a92f3205b7,2026-05-11T06:00:00Z,2026-05-11T08:00:00+0200,266.57,MW,BE,BE,actual_offshore_wind_generation,Wind Offshore | Actual Aggregated,2026-05-31T18:09:57Z
2026-05-31T18:09:40Z,2026-05-31T20:09:40+0200,6aacff99-9564-44c3-8148-44a92f3205b7,2026-05-11T07:00:00Z,2026-05-11T09:00:00+0200,246.6175,MW,BE,BE,actual_offshore_wind_generation,Wind Offshore | Actual Aggregated,2026-05-31T18:09:57Z
2026-05-31T18:09:40Z,2026-05-31T20:09:40+0200,6aacff99-9564-44c3-8148-44a92f3205b7,2026-05-11T08:00:00Z,2026-05-11T10:00:00+0200,434.3875,MW,BE,BE,actual_offshore_wind_generation,Wind Offshore | Actual Aggregated,2026-05-31T18:09:57Z
2026-05-31T18:09:40Z,2026-05-31T20:09:40+0200,6aacff99-9564-44c3-8148-44a92f3205b7,2026-05-11T09:00:00Z,2026-05-11T11:00:00+0200,694.92,MW,BE,BE,actual_offshore_wind_generation,Wind Offshore | Actual Aggregated,2026-05-31T18:09:57Z
2026-05-31T18:09:40Z,2026-05-31T20:09:40+0200,6aacff99-9564-44c3-8148-44a92f3205b7,2026-05-11T10:00:00Z,2026-05-11T12:00:00+0200,1169.9725,MW,BE,BE,actual_offshore_wind_generation,Wind Offshore | Actual Aggregated,2026-05-31T18:09:57Z
2026-05-31T18:09:40Z,2026-05-31T20:09:40+0200,6aacff99-9564-44c3-8148-44a92f3205b7,2026-05-11T11:00:00Z,2026-05-11T13:00:00+0200,934.2675,MW,BE,BE,actual_offshore_wind_generation,Wind Offshore | Actual Aggregated,2026-05-31T18:09:57Z
2026-05-31T18:09:40Z,2026-05-31T20:09:40+0200,6aacff99-9564-44c3-8148-44a92f3205b7,2026-05-11T12:00:00Z,2026-05-11T14:00:00+0200,1266.6175,MW,BE,BE,actual_offshore_wind_generation,Wind Offshore | Actual Aggregated,2026-05-31T18:09:57Z
2026-05-31T18:09:40Z,2026-05-31T20:09:40+0200,6aacff99-9564-44c3-8148-44a92f3205b7,2026-05-11T13:00:00Z,2026-05-11T15:00:00+0200,1507.6375,MW,BE,BE,actual_offshore_wind_generation,Wind Offshore | Actual Aggregated,2026-05-31T18:09:57Z
2026-05-31T18:09:40Z,2026-05-31T20:09:40+0200,6aacff99-9564-44c3-8148-44a92f3205b7,2026-05-11T14:00:00Z,2026-05-11T16:00:00+0200,1707.08,MW,BE,BE,actual_offshore_wind_generation,Wind Offshore | Actual Aggregated,2026-05-31T18:09:57Z
2026-05-31T18:09:40Z,2026-05-31T20:09:40+0200,6aacff99-9564-44c3-8148-44a92f3205b7,2026-05-11T15:00:00Z,2026-05-11T17:00:00+0200,1858.99,MW,BE,BE,actual_offshore_wind_generation,Wind Offshore | Actual Aggregated,2026-05-31T18:09:57Z
2026-05-31T18:09:40Z,2026-05-31T20:09:40+0200,6aacff99-9564-44c3-8148-44a92f3205b7,2026-05-11T16:00:00Z,2026-05-11T18:00:00+0200,2061.9675,MW,BE,BE,actual_offshore_wind_generation,Wind Offshore | Actual Aggregated,2026-05-31T18:09:57Z
2026-05-31T18:09:40Z,2026-05-31T20:09:40+0200,6aacff99-9564-44c3-8148-44a92f3205b7,2026-05-11T17:00:00Z,2026-05-11T19:00:00+0200,1940.905,MW,BE,BE,actual_offshore_wind_generation,Wind Offshore | Actual Aggregated,2026-05-31T18:09:57Z
2026-05-31T18:09:40Z,2026-05-31T20:09:40+0200,6aacff99-9564-44c3-8148-44a92f3205b7,2026-05-11T18:00:00Z,2026-05-11T20:00:00+0200,1726.1325,MW,BE,BE,actual_offshore_wind_generation,Wind Offshore | Actual Aggregated,2026-05-31T18:09:57Z
2026-05-31T18:09:40Z,2026-05-31T20:09:40+0200,6aacff99-9564-44c3-8148-44a92f3205b7,2026-05-11T19:00:00Z,2026-05-11T21:00:00+0200,1531.7825,MW,BE,BE,actual_offshore_wind_generation,Wind Offshore | Actual Aggregated,2026-05-31T18:09:57Z
2026-05-31T18:09:40Z,2026-05-31T20:09:40+0200,6aacff99-9564-44c3-8148-44a92f3205b7,2026-05-11T20:00:00Z,2026-05-11T22:00:00+0200,1786.63,MW,BE,BE,actual_offshore_wind_generation,Wind Offshore | Actual Aggregated,2026-05-31T18:09:57Z
2026-05-31T18:09:40Z,2026-05-31T20:09:40+0200,6aacff99-9564-44c3-8148-44a92f3205b7,2026-05-11T21:00:00Z,2026-05-11T23:00:00+0200,1687.0175,MW,BE,BE,actual_offshore_wind_generation,Wind Offshore | Actual Aggregated,2026-05-31T18:09:57Z
2026-05-31T18:09:40Z,2026-05-31T20:09:40+0200,6aacff99-9564-44c3-8148-44a92f3205b7,2026-05-11T22:00:00Z,2026-05-12T00:00:00+0200,1450.8475,MW,BE,BE,actual_offshore_wind_generation,Wind Offshore | Actual Aggregated,2026-05-31T18:09:57Z
2026-05-31T18:09:40Z,2026-05-31T20:09:40+0200,6aacff99-9564-44c3-8148-44a92f3205b7,2026-05-11T23:00:00Z,2026-05-12T01:00:00+0200,1371.785,MW,BE,BE,actual_offshore_wind_generation,Wind Offshore | Actual Aggregated,2026-05-31T18:09:57Z
2026-05-31T18:09:40Z,2026-05-31T20:09:40+0200,6aacff99-9564-44c3-8148-44a92f3205b7,2026-05-12T00:00:00Z,2026-05-12T02:00:00+0200,1265.865,MW,BE,BE,actual_offshore_wind_generation,Wind Offshore | Actual Aggregated,2026-05-31T18:09:57Z
2026-05-31T18:09:40Z,2026-05-31T20:09:40+0200,6aacff99-9564-44c3-8148-44a92f3205b7,2026-05-12T01:00:00Z,2026-05-12T03:00:00+0200,934.235,MW,BE,BE,actual_offshore_wind_generation,Wind Offshore | Actual Aggregated,2026-05-31T18:09:57Z
2026-05-31T18:09:40Z,2026-05-31T20:09:40+0200,6aacff99-9564-44c3-8148-44a92f3205b7,2026-05-12T02:00:00Z,2026-05-12T04:00:00+0200,1143.9625,MW,BE,BE,actual_offshore_wind_generation,Wind Offshore | Actual Aggregated,2026-05-31T18:09:57Z
2026-05-31T18:09:40Z,2026-05-31T20:09:40+0200,6aacff99-9564-44c3-8148-44a92f3205b7,2026-05-12T03:00:00Z,2026-05-12T05:00:00+0200,1253.185,MW,BE,BE,actual_offshore_wind_generation,Wind Offshore | Actual Aggregated,2026-05-31T18:09:57Z
2026-05-31T18:09:40Z,2026-05-31T20:09:40+0200,6aacff99-9564-44c3-8148-44a92f3205b7,2026-05-12T04:00:00Z,2026-05-12T06:00:00+0200,965.84,MW,BE,BE,actual_offshore_wind_generation,Wind Offshore | Actual Aggregated,2026-05-31T18:09:57Z
2026-05-31T18:09:40Z,2026-05-31T20:09:40+0200,6aacff99-9564-44c3-8148-44a92f3205b7,2026-05-12T05:00:00Z,2026-05-12T07:00:00+0200,791.6325,MW,BE,BE,actual_offshore_wind_generation,Wind Offshore | Actual Aggregated,2026-05-31T18:09:57Z
2026-05-31T18:09:40Z,2026-05-31T20:09:40+0200,6aacff99-9564-44c3-8148-44a92f3205b7,2026-05-12T06:00:00Z,2026-05-12T08:00:00+0200,647.4075,MW,BE,BE,actual_offshore_wind_generation,Wind Offshore | Actual Aggregated,2026-05-31T18:09:57Z
2026-05-31T18:09:40Z,2026-05-31T20:09:40+0200,6aacff99-9564-44c3-8148-44a92f3205b7,2026-05-12T07:00:00Z,2026-05-12T09:00:00+0200,536.87,MW,BE,BE,actual_offshore_wind_generation,Wind Offshore | Actual Aggregated,2026-05-31T18:09:57Z
2026-05-31T18:09:40Z,2026-05-31T20:09:40+0200,6aacff99-9564-44c3-8148-44a92f3205b7,2026-05-12T08:00:00Z,2026-05-12T10:00:00+0200,340.72,MW,BE,BE,actual_offshore_wind_generation,Wind Offshore | Actual Aggregated,2026-05-31T18:09:57Z
2026-05-31T18:09:40Z,2026-05-31T20:09:40+0200,6aacff99-9564-44c3-8148-44a92f3205b7,2026-05-12T09:00:00Z,2026-05-12T11:00:00+0200,387.675,MW,BE,BE,actual_offshore_wind_generation,Wind Offshore | Actual Aggregated,2026-05-31T18:09:57Z
2026-05-31T18:09:40Z,2026-05-31T20:09:40+0200,6aacff99-9564-44c3-8148-44a92f3205b7,2026-05-12T10:00:00Z,2026-05-12T12:00:00+0200,816.9525,MW,BE,BE,actual_offshore_wind_generation,Wind Offshore | Actual Aggregated,2026-05-31T18:09:57Z
2026-05-31T18:09:40Z,2026-05-31T20:09:40+0200,6aacff99-9564-44c3-8148-44a92f3205b7,2026-05-12T11:00:00Z,2026-05-12T13:00:00+0200,890.915,MW,BE,BE,actual_offshore_wind_generation,Wind Offshore | Actual Aggregated,2026-05-31T18:09:57Z
2026-05-31T18:09:40Z,2026-05-31T20:09:40+0200,6aacff99-9564-44c3-8148-44a92f3205b7,2026-05-12T12:00:00Z,2026-05-12T14:00:00+0200,1133.0275,MW,BE,BE,actual_offshore_wind_generation,Wind Offshore | Actual Aggregated,2026-05-31T18:09:57Z
2026-05-31T18:09:40Z,2026-05-31T20:09:40+0200,6aacff99-9564-44c3-8148-44a92f3205b7,2026-05-12T13:00:00Z,2026-05-12T15:00:00+0200,1626.1675,MW,BE,BE,actual_offshore_wind_generation,Wind Offshore | Actual Aggregated,2026-05-31T18:09:57Z
2026-05-31T18:09:40Z,2026-05-31T20:09:40+0200,6aacff99-9564-44c3-8148-44a92f3205b7,2026-05-12T14:00:00Z,2026-05-12T16:00:00+0200,1768.0575,MW,BE,BE,actual_offshore_wind_generation,Wind Offshore | Actual Aggregated,2026-05-31T18:09:57Z
2026-05-31T18:09:40Z,2026-05-31T20:09:40+0200,6aacff99-9564-44c3-8148-44a92f3205b7,2026-05-12T15:00:00Z,2026-05-12T17:00:00+0200,1402.4375,MW,BE,BE,actual_offshore_wind_generation,Wind Offshore | Actual Aggregated,2026-05-31T18:09:57Z
2026-05-31T18:09:40Z,2026-05-31T20:09:40+0200,6aacff99-9564-44c3-8148-44a92f3205b7,2026-05-12T16:00:00Z,2026-05-12T18:00:00+0200,1753.235,MW,BE,BE,actual_offshore_wind_generation,Wind Offshore | Actual Aggregated,2026-05-31T18:09:57Z
2026-05-31T18:09:40Z,2026-05-31T20:09:40+0200,6aacff99-9564-44c3-8148-44a92f3205b7,2026-05-12T17:00:00Z,2026-05-12T19:00:00+0200,1701.355,MW,BE,BE,actual_offshore_wind_generation,Wind Offshore | Actual Aggregated,2026-05-31T18:09:57Z
2026-05-31T18:09:40Z,2026-05-31T20:09:40+0200,6aacff99-9564-44c3-8148-44a92f3205b7,2026-05-12T18:00:00Z,2026-05-12T20:00:00+0200,1013.955,MW,BE,BE,actual_offshore_wind_generation,Wind Offshore | Actual Aggregated,2026-05-31T18:09:57Z
2026-05-31T18:09:40Z,2026-05-31T20:09:40+0200,6aacff99-9564-44c3-8148-44a92f3205b7,2026-05-12T19:00:00Z,2026-05-12T21:00:00+0200,807.605,MW,BE,BE,actual_offshore_wind_generation,Wind Offshore | Actual Aggregated,2026-05-31T18:09:57Z
2026-05-31T18:09:40Z,2026-05-31T20:09:40+0200,6aacff99-9564-44c3-8148-44a92f3205b7,2026-05-12T20:00:00Z,2026-05-12T22:00:00+0200,887.5175,MW,BE,BE,actual_offshore_wind_generation,Wind Offshore | Actual Aggregated,2026-05-31T18:09:57Z
2026-05-31T18:09:40Z,2026-05-31T20:09:40+0200,6aacff99-9564-44c3-8148-44a92f3205b7,2026-05-12T21:00:00Z,2026-05-12T23:00:00+0200,1102.0075,MW,BE,BE,actual_offshore_wind_generation,Wind Offshore | Actual Aggregated,2026-05-31T18:09:57Z
2026-05-31T18:09:40Z,2026-05-31T20:09:40+0200,6aacff99-9564-44c3-8148-44a92f3205b7,2026-05-12T22:00:00Z,2026-05-13T00:00:00+0200,998.32,MW,BE,BE,actual_offshore_wind_generation,Wind Offshore | Actual Aggregated,2026-05-31T18:09:57Z
2026-05-31T18:09:40Z,2026-05-31T20:09:40+0200,6aacff99-9564-44c3-8148-44a92f3205b7,2026-05-12T23:00:00Z,2026-05-13T01:00:00+0200,1285.33,MW,BE,BE,actual_offshore_wind_generation,Wind Offshore | Actual Aggregated,2026-05-31T18:09:57Z
2026-05-31T18:09:40Z,2026-05-31T20:09:40+0200,6aacff99-9564-44c3-8148-44a92f3205b7,2026-05-13T00:00:00Z,2026-05-13T02:00:00+0200,1207.0825,MW,BE,BE,actual_offshore_wind_generation,Wind Offshore | Actual Aggregated,2026-05-31T18:09:57Z
2026-05-31T18:09:40Z,2026-05-31T20:09:40+0200,6aacff99-9564-44c3-8148-44a92f3205b7,2026-05-13T01:00:00Z,2026-05-13T03:00:00+0200,966.205,MW,BE,BE,actual_offshore_wind_generation,Wind Offshore | Actual Aggregated,2026-05-31T18:09:57Z
2026-05-31T18:09:40Z,2026-05-31T20:09:40+0200,6aacff99-9564-44c3-8148-44a92f3205b7,2026-05-13T02:00:00Z,2026-05-13T04:00:00+0200,614.635,MW,BE,BE,actual_offshore_wind_generation,Wind Offshore | Actual Aggregated,2026-05-31T18:09:57Z
2026-05-31T18:09:40Z,2026-05-31T20:09:40+0200,6aacff99-9564-44c3-8148-44a92f3205b7,2026-05-13T03:00:00Z,2026-05-13T05:00:00+0200,480.3375,MW,BE,BE,actual_offshore_wind_generation,Wind Offshore | Actual Aggregated,2026-05-31T18:09:57Z
2026-05-31T18:09:40Z,2026-05-31T20:09:40+0200,6aacff99-9564-44c3-8148-44a92f3205b7,2026-05-13T04:00:00Z,2026-05-13T06:00:00+0200,365.5525,MW,BE,BE,actual_offshore_wind_generation,Wind Offshore | Actual Aggregated,2026-05-31T18:09:57Z
2026-05-31T18:09:40Z,2026-05-31T20:09:40+0200,6aacff99-9564-44c3-8148-44a92f3205b7,2026-05-13T05:00:00Z,2026-05-13T07:00:00+0200,489.035,MW,BE,BE,actual_offshore_wind_generation,Wind Offshore | Actual Aggregated,2026-05-31T18:09:57Z
2026-05-31T18:09:40Z,2026-05-31T20:09:40+0200,6aacff99-9564-44c3-8148-44a92f3205b7,2026-05-13T06:00:00Z,2026-05-13T08:00:00+0200,733.8125,MW,BE,BE,actual_offshore_wind_generation,Wind Offshore | Actual Aggregated,2026-05-31T18:09:57Z
2026-05-31T18:09:40Z,2026-05-31T20:09:40+0200,6aacff99-9564-44c3-8148-44a92f3205b7,2026-05-13T07:00:00Z,2026-05-13T09:00:00+0200,486.9,MW,BE,BE,actual_offshore_wind_generation,Wind Offshore | Actual Aggregated,2026-05-31T18:09:57Z
2026-05-31T18:09:40Z,2026-05-31T20:09:40+0200,6aacff99-9564-44c3-8148-44a92f3205b7,2026-05-13T08:00:00Z,2026-05-13T10:00:00+0200,232.0725,MW,BE,BE,actual_offshore_wind_generation,Wind Offshore | Actual Aggregated,2026-05-31T18:09:57Z
2026-05-31T18:09:40Z,2026-05-31T20:09:40+0200,6aacff99-9564-44c3-8148-44a92f3205b7,2026-05-13T09:00:00Z,2026-05-13T11:00:00+0200,374.6325,MW,BE,BE,actual_offshore_wind_generation,Wind Offshore | Actual Aggregated,2026-05-31T18:09:57Z
2026-05-31T18:09:40Z,2026-05-31T20:09:40+0200,6aacff99-9564-44c3-8148-44a92f3205b7,2026-05-13T10:00:00Z,2026-05-13T12:00:00+0200,316.025,MW,BE,BE,actual_offshore_wind_generation,Wind Offshore | Actual Aggregated,2026-05-31T18:09:57Z
2026-05-31T18:09:40Z,2026-05-31T20:09:40+0200,6aacff99-9564-44c3-8148-44a92f3205b7,2026-05-13T11:00:00Z,2026-05-13T13:00:00+0200,592.285,MW,BE,BE,actual_offshore_wind_generation,Wind Offshore | Actual Aggregated,2026-05-31T18:09:57Z
2026-05-31T18:09:40Z,2026-05-31T20:09:40+0200,6aacff99-9564-44c3-8148-44a92f3205b7,2026-05-13T12:00:00Z,2026-05-13T14:00:00+0200,579.925,MW,BE,BE,actual_offshore_wind_generation,Wind Offshore | Actual Aggregated,2026-05-31T18:09:57Z
2026-05-31T18:09:40Z,2026-05-31T20:09:40+0200,6aacff99-9564-44c3-8148-44a92f3205b7,2026-05-13T13:00:00Z,2026-05-13T15:00:00+0200,810.045,MW,BE,BE,actual_offshore_wind_generation,Wind Offshore | Actual Aggregated,2026-05-31T18:09:57Z
2026-05-31T18:09:40Z,2026-05-31T20:09:40+0200,6aacff99-9564-44c3-8148-44a92f3205b7,2026-05-13T14:00:00Z,2026-05-13T16:00:00+0200,932.4025,MW,BE,BE,actual_offshore_wind_generation,Wind Offshore | Actual Aggregated,2026-05-31T18:09:57Z
2026-05-31T18:09:40Z,2026-05-31T20:09:40+0200,6aacff99-9564-44c3-8148-44a92f3205b7,2026-05-13T15:00:00Z,2026-05-13T17:00:00+0200,367.975,MW,BE,BE,actual_offshore_wind_generation,Wind Offshore | Actual Aggregated,2026-05-31T18:09:57Z
2026-05-31T18:09:40Z,2026-05-31T20:09:40+0200,6aacff99-9564-44c3-8148-44a92f3205b7,2026-05-13T16:00:00Z,2026-05-13T18:00:00+0200,458.955,MW,BE,BE,actual_offshore_wind_generation,Wind Offshore | Actual Aggregated,2026-05-31T18:09:57Z
2026-05-31T18:09:40Z,2026-05-31T20:09:40+0200,6aacff99-9564-44c3-8148-44a92f3205b7,2026-05-13T17:00:00Z,2026-05-13T19:00:00+0200,1066.765,MW,BE,BE,actual_offshore_wind_generation,Wind Offshore | Actual Aggregated,2026-05-31T18:09:57Z
2026-05-31T18:09:40Z,2026-05-31T20:09:40+0200,6aacff99-9564-44c3-8148-44a92f3205b7,2026-05-13T18:00:00Z,2026-05-13T20:00:00+0200,1377.6675,MW,BE,BE,actual_offshore_wind_generation,Wind Offshore | Actual Aggregated,2026-05-31T18:09:57Z
2026-05-31T18:09:40Z,2026-05-31T20:09:40+0200,6aacff99-9564-44c3-8148-44a92f3205b7,2026-05-13T19:00:00Z,2026-05-13T21:00:00+0200,282.0325,MW,BE,BE,actual_offshore_wind_generation,Wind Offshore | Actual Aggregated,2026-05-31T18:09:57Z
2026-05-31T18:09:40Z,2026-05-31T20:09:40+0200,6aacff99-9564-44c3-8148-44a92f3205b7,2026-05-13T20:00:00Z,2026-05-13T22:00:00+0200,570.9425,MW,BE,BE,actual_offshore_wind_generation,Wind Offshore | Actual Aggregated,2026-05-31T18:09:57Z
2026-05-31T18:09:40Z,2026-05-31T20:09:40+0200,6aacff99-9564-44c3-8148-44a92f3205b7,2026-05-13T21:00:00Z,2026-05-13T23:00:00+0200,623.3475,MW,BE,BE,actual_offshore_wind_generation,Wind Offshore | Actual Aggregated,2026-05-31T18:09:57Z
2026-05-31T18:09:40Z,2026-05-31T20:09:40+0200,6aacff99-9564-44c3-8148-44a92f3205b7,2026-05-13T22:00:00Z,2026-05-14T00:00:00+0200,664.1725,MW,BE,BE,actual_offshore_wind_generation,Wind Offshore | Actual Aggregated,2026-05-31T18:09:57Z
2026-05-31T18:09:40Z,2026-05-31T20:09:40+0200,6aacff99-9564-44c3-8148-44a92f3205b7,2026-05-13T23:00:00Z,2026-05-14T01:00:00+0200,1146.0625,MW,BE,BE,actual_offshore_wind_generation,Wind Offshore | Actual Aggregated,2026-05-31T18:09:57Z
2026-05-31T18:09:40Z,2026-05-31T20:09:40+0200,6aacff99-9564-44c3-8148-44a92f3205b7,2026-05-14T00:00:00Z,2026-05-14T02:00:00+0200,1195.0475,MW,BE,BE,actual_offshore_wind_generation,Wind Offshore | Actual Aggregated,2026-05-31T18:09:57Z
2026-05-31T18:09:40Z,2026-05-31T20:09:40+0200,6aacff99-9564-44c3-8148-44a92f3205b7,2026-05-14T01:00:00Z,2026-05-14T03:00:00+0200,1438.25,MW,BE,BE,actual_offshore_wind_generation,Wind Offshore | Actual Aggregated,2026-05-31T18:09:57Z
2026-05-31T18:09:40Z,2026-05-31T20:09:40+0200,6aacff99-9564-44c3-8148-44a92f3205b7,2026-05-14T02:00:00Z,2026-05-14T04:00:00+0200,1435.63,MW,BE,BE,actual_offshore_wind_generation,Wind Offshore | Actual Aggregated,2026-05-31T18:09:57Z
2026-05-31T18:09:40Z,2026-05-31T20:09:40+0200,6aacff99-9564-44c3-8148-44a92f3205b7,2026-05-14T03:00:00Z,2026-05-14T05:00:00+0200,1452.1425,MW,BE,BE,actual_offshore_wind_generation,Wind Offshore | Actual Aggregated,2026-05-31T18:09:57Z
2026-05-31T18:09:40Z,2026-05-31T20:09:40+0200,6aacff99-9564-44c3-8148-44a92f3205b7,2026-05-14T04:00:00Z,2026-05-14T06:00:00+0200,1220.1725,MW,BE,BE,actual_offshore_wind_generation,Wind Offshore | Actual Aggregated,2026-05-31T18:09:57Z
2026-05-31T18:09:40Z,2026-05-31T20:09:40+0200,6aacff99-9564-44c3-8148-44a92f3205b7,2026-05-14T05:00:00Z,2026-05-14T07:00:00+0200,793.015,MW,BE,BE,actual_offshore_wind_generation,Wind Offshore | Actual Aggregated,2026-05-31T18:09:57Z
2026-05-31T18:09:40Z,2026-05-31T20:09:40+0200,6aacff99-9564-44c3-8148-44a92f3205b7,2026-05-14T06:00:00Z,2026-05-14T08:00:00+0200,531.1075,MW,BE,BE,actual_offshore_wind_generation,Wind Offshore | Actual Aggregated,2026-05-31T18:09:57Z
2026-05-31T18:09:40Z,2026-05-31T20:09:40+0200,6aacff99-9564-44c3-8148-44a92f3205b7,2026-05-14T07:00:00Z,2026-05-14T09:00:00+0200,302.8575,MW,BE,BE,actual_offshore_wind_generation,Wind Offshore | Actual Aggregated,2026-05-31T18:09:57Z
2026-05-31T18:09:40Z,2026-05-31T20:09:40+0200,6aacff99-9564-44c3-8148-44a92f3205b7,2026-05-14T08:00:00Z,2026-05-14T10:00:00+0200,288.075,MW,BE,BE,actual_offshore_wind_generation,Wind Offshore | Actual Aggregated,2026-05-31T18:09:57Z
2026-05-31T18:09:40Z,2026-05-31T20:09:40+0200,6aacff99-9564-44c3-8148-44a92f3205b7,2026-05-14T09:00:00Z,2026-05-14T11:00:00+0200,238.5725,MW,BE,BE,actual_offshore_wind_generation,Wind Offshore | Actual Aggregated,2026-05-31T18:09:57Z
2026-05-31T18:09:40Z,2026-05-31T20:09:40+0200,6aacff99-9564-44c3-8148-44a92f3205b7,2026-05-14T10:00:00Z,2026-05-14T12:00:00+0200,181.8925,MW,BE,BE,actual_offshore_wind_generation,Wind Offshore | Actual Aggregated,2026-05-31T18:09:57Z
2026-05-31T18:09:40Z,2026-05-31T20:09:40+0200,6aacff99-9564-44c3-8148-44a92f3205b7,2026-05-14T11:00:00Z,2026-05-14T13:00:00+0200,255.3875,MW,BE,BE,actual_offshore_wind_generation,Wind Offshore | Actual Aggregated,2026-05-31T18:09:57Z
2026-05-31T18:09:40Z,2026-05-31T20:09:40+0200,6aacff99-9564-44c3-8148-44a92f3205b7,2026-05-14T12:00:00Z,2026-05-14T14:00:00+0200,575.875,MW,BE,BE,actual_offshore_wind_generation,Wind Offshore | Actual Aggregated,2026-05-31T18:09:57Z
2026-05-31T18:09:40Z,2026-05-31T20:09:40+0200,6aacff99-9564-44c3-8148-44a92f3205b7,2026-05-14T13:00:00Z,2026-05-14T15:00:00+0200,334.9,MW,BE,BE,actual_offshore_wind_generation,Wind Offshore | Actual Aggregated,2026-05-31T18:09:57Z
2026-05-31T18:09:40Z,2026-05-31T20:09:40+0200,6aacff99-9564-44c3-8148-44a92f3205b7,2026-05-14T14:00:00Z,2026-05-14T16:00:00+0200,397.19,MW,BE,BE,actual_offshore_wind_generation,Wind Offshore | Actual Aggregated,2026-05-31T18:09:57Z
2026-05-31T18:09:40Z,2026-05-31T20:09:40+0200,6aacff99-9564-44c3-8148-44a92f3205b7,2026-05-14T15:00:00Z,2026-05-14T17:00:00+0200,309.895,MW,BE,BE,actual_offshore_wind_generation,Wind Offshore | Actual Aggregated,2026-05-31T18:09:57Z
2026-05-31T18:09:40Z,2026-05-31T20:09:40+0200,6aacff99-9564-44c3-8148-44a92f3205b7,2026-05-14T16:00:00Z,2026-05-14T18:00:00+0200,121.935,MW,BE,BE,actual_offshore_wind_generation,Wind Offshore | Actual Aggregated,2026-05-31T18:09:57Z
2026-05-31T18:09:40Z,2026-05-31T20:09:40+0200,6aacff99-9564-44c3-8148-44a92f3205b7,2026-05-14T17:00:00Z,2026-05-14T19:00:00+0200,92.3175,MW,BE,BE,actual_offshore_wind_generation,Wind Offshore | Actual Aggregated,2026-05-31T18:09:57Z
2026-05-31T18:09:40Z,2026-05-31T20:09:40+0200,6aacff99-9564-44c3-8148-44a92f3205b7,2026-05-14T18:00:00Z,2026-05-14T20:00:00+0200,61.3775,MW,BE,BE,actual_offshore_wind_generation,Wind Offshore | Actual Aggregated,2026-05-31T18:09:57Z
2026-05-31T18:09:40Z,2026-05-31T20:09:40+0200,6aacff99-9564-44c3-8148-44a92f3205b7,2026-05-14T19:00:00Z,2026-05-14T21:00:00+0200,54.29,MW,BE,BE,actual_offshore_wind_generation,Wind Offshore | Actual Aggregated,2026-05-31T18:09:57Z
2026-05-31T18:09:40Z,2026-05-31T20:09:40+0200,6aacff99-9564-44c3-8148-44a92f3205b7,2026-05-14T20:00:00Z,2026-05-14T22:00:00+0200,51.4725,MW,BE,BE,actual_offshore_wind_generation,Wind Offshore | Actual Aggregated,2026-05-31T18:09:57Z
2026-05-31T18:09:40Z,2026-05-31T20:09:40+0200,6aacff99-9564-44c3-8148-44a92f3205b7,2026-05-14T21:00:00Z,2026-05-14T23:00:00+0200,53.125,MW,BE,BE,actual_offshore_wind_generation,Wind Offshore | Actual Aggregated,2026-05-31T18:09:57Z
2026-05-31T18:09:40Z,2026-05-31T20:09:40+0200,6aacff99-9564-44c3-8148-44a92f3205b7,2026-05-14T22:00:00Z,2026-05-15T00:00:00+0200,62.1375,MW,BE,BE,actual_offshore_wind_generation,Wind Offshore | Actual Aggregated,2026-05-31T18:09:57Z
2026-05-31T18:09:40Z,2026-05-31T20:09:40+0200,6aacff99-9564-44c3-8148-44a92f3205b7,2026-05-14T23:00:00Z,2026-05-15T01:00:00+0200,120.6025,MW,BE,BE,actual_offshore_wind_generation,Wind Offshore | Actual Aggregated,2026-05-31T18:09:57Z
2026-05-31T18:09:40Z,2026-05-31T20:09:40+0200,6aacff99-9564-44c3-8148-44a92f3205b7,2026-05-15T00:00:00Z,2026-05-15T02:00:00+0200,142.41,MW,BE,BE,actual_offshore_wind_generation,Wind Offshore | Actual Aggregated,2026-05-31T18:09:57Z
2026-05-31T18:09:40Z,2026-05-31T20:09:40+0200,6aacff99-9564-44c3-8148-44a92f3205b7,2026-05-15T01:00:00Z,2026-05-15T03:00:00+0200,249.415,MW,BE,BE,actual_offshore_wind_generation,Wind Offshore | Actual Aggregated,2026-05-31T18:09:57Z
2026-05-31T18:09:40Z,2026-05-31T20:09:40+0200,6aacff99-9564-44c3-8148-44a92f3205b7,2026-05-15T02:00:00Z,2026-05-15T04:00:00+0200,435.27,MW,BE,BE,actual_offshore_wind_generation,Wind Offshore | Actual Aggregated,2026-05-31T18:09:57Z
2026-05-31T18:09:40Z,2026-05-31T20:09:40+0200,6aacff99-9564-44c3-8148-44a92f3205b7,2026-05-15T03:00:00Z,2026-05-15T05:00:00+0200,371.5375,MW,BE,BE,actual_offshore_wind_generation,Wind Offshore | Actual Aggregated,2026-05-31T18:09:57Z
2026-05-31T18:09:40Z,2026-05-31T20:09:40+0200,6aacff99-9564-44c3-8148-44a92f3205b7,2026-05-15T04:00:00Z,2026-05-15T06:00:00+0200,541.1475,MW,BE,BE,actual_offshore_wind_generation,Wind Offshore | Actual Aggregated,2026-05-31T18:09:57Z
2026-05-31T18:09:40Z,2026-05-31T20:09:40+0200,6aacff99-9564-44c3-8148-44a92f3205b7,2026-05-15T05:00:00Z,2026-05-15T07:00:00+0200,522.58,MW,BE,BE,actual_offshore_wind_generation,Wind Offshore | Actual Aggregated,2026-05-31T18:09:57Z
2026-05-31T18:09:40Z,2026-05-31T20:09:40+0200,6aacff99-9564-44c3-8148-44a92f3205b7,2026-05-15T06:00:00Z,2026-05-15T08:00:00+0200,810.1925,MW,BE,BE,actual_offshore_wind_generation,Wind Offshore | Actual Aggregated,2026-05-31T18:09:57Z
2026-05-31T18:09:40Z,2026-05-31T20:09:40+0200,6aacff99-9564-44c3-8148-44a92f3205b7,2026-05-15T07:00:00Z,2026-05-15T09:00:00+0200,865.93,MW,BE,BE,actual_offshore_wind_generation,Wind Offshore | Actual Aggregated,2026-05-31T18:09:57Z
2026-05-31T18:09:40Z,2026-05-31T20:09:40+0200,6aacff99-9564-44c3-8148-44a92f3205b7,2026-05-15T08:00:00Z,2026-05-15T10:00:00+0200,649.5375,MW,BE,BE,actual_offshore_wind_generation,Wind Offshore | Actual Aggregated,2026-05-31T18:09:57Z
2026-05-31T18:09:40Z,2026-05-31T20:09:40+0200,6aacff99-9564-44c3-8148-44a92f3205b7,2026-05-15T09:00:00Z,2026-05-15T11:00:00+0200,670.43,MW,BE,BE,actual_offshore_wind_generation,Wind Offshore | Actual Aggregated,2026-05-31T18:09:57Z
2026-05-31T18:09:40Z,2026-05-31T20:09:40+0200,6aacff99-9564-44c3-8148-44a92f3205b7,2026-05-15T10:00:00Z,2026-05-15T12:00:00+0200,548.165,MW,BE,BE,actual_offshore_wind_generation,Wind Offshore | Actual Aggregated,2026-05-31T18:09:57Z
2026-05-31T18:09:40Z,2026-05-31T20:09:40+0200,6aacff99-9564-44c3-8148-44a92f3205b7,2026-05-15T11:00:00Z,2026-05-15T13:00:00+0200,518.5575,MW,BE,BE,actual_offshore_wind_generation,Wind Offshore | Actual Aggregated,2026-05-31T18:09:57Z
2026-05-31T18:09:40Z,2026-05-31T20:09:40+0200,6aacff99-9564-44c3-8148-44a92f3205b7,2026-05-15T12:00:00Z,2026-05-15T14:00:00+0200,463.9725,MW,BE,BE,actual_offshore_wind_generation,Wind Offshore | Actual Aggregated,2026-05-31T18:09:57Z
2026-05-31T18:09:40Z,2026-05-31T20:09:40+0200,6aacff99-9564-44c3-8148-44a92f3205b7,2026-05-15T13:00:00Z,2026-05-15T15:00:00+0200,515.485,MW,BE,BE,actual_offshore_wind_generation,Wind Offshore | Actual Aggregated,2026-05-31T18:09:57Z
2026-05-31T18:09:40Z,2026-05-31T20:09:40+0200,6aacff99-9564-44c3-8148-44a92f3205b7,2026-05-15T14:00:00Z,2026-05-15T16:00:00+0200,490.48,MW,BE,BE,actual_offshore_wind_generation,Wind Offshore | Actual Aggregated,2026-05-31T18:09:57Z
2026-05-31T18:09:40Z,2026-05-31T20:09:40+0200,6aacff99-9564-44c3-8148-44a92f3205b7,2026-05-15T15:00:00Z,2026-05-15T17:00:00+0200,191.28,MW,BE,BE,actual_offshore_wind_generation,Wind Offshore | Actual Aggregated,2026-05-31T18:09:57Z
2026-05-31T18:09:40Z,2026-05-31T20:09:40+0200,6aacff99-9564-44c3-8148-44a92f3205b7,2026-05-15T16:00:00Z,2026-05-15T18:00:00+0200,472.525,MW,BE,BE,actual_offshore_wind_generation,Wind Offshore | Actual Aggregated,2026-05-31T18:09:57Z
2026-05-31T18:09:40Z,2026-05-31T20:09:40+0200,6aacff99-9564-44c3-8148-44a92f3205b7,2026-05-15T17:00:00Z,2026-05-15T19:00:00+0200,287.3625,MW,BE,BE,actual_offshore_wind_generation,Wind Offshore | Actual Aggregated,2026-05-31T18:09:57Z
2026-05-31T18:09:40Z,2026-05-31T20:09:40+0200,6aacff99-9564-44c3-8148-44a92f3205b7,2026-05-15T18:00:00Z,2026-05-15T20:00:00+0200,289.5825,MW,BE,BE,actual_offshore_wind_generation,Wind Offshore | Actual Aggregated,2026-05-31T18:09:57Z
2026-05-31T18:09:40Z,2026-05-31T20:09:40+0200,6aacff99-9564-44c3-8148-44a92f3205b7,2026-05-15T19:00:00Z,2026-05-15T21:00:00+0200,241.24,MW,BE,BE,actual_offshore_wind_generation,Wind Offshore | Actual Aggregated,2026-05-31T18:09:57Z
2026-05-31T18:09:40Z,2026-05-31T20:09:40+0200,6aacff99-9564-44c3-8148-44a92f3205b7,2026-05-15T20:00:00Z,2026-05-15T22:00:00+0200,119.1725,MW,BE,BE,actual_offshore_wind_generation,Wind Offshore | Actual Aggregated,2026-05-31T18:09:57Z
2026-05-31T18:09:40Z,2026-05-31T20:09:40+0200,6aacff99-9564-44c3-8148-44a92f3205b7,2026-05-15T21:00:00Z,2026-05-15T23:00:00+0200,118.83,MW,BE,BE,actual_offshore_wind_generation,Wind Offshore | Actual Aggregated,2026-05-31T18:09:57Z
2026-05-31T18:09:40Z,2026-05-31T20:09:40+0200,6aacff99-9564-44c3-8148-44a92f3205b7,2026-05-15T22:00:00Z,2026-05-16T00:00:00+0200,52.375,MW,BE,BE,actual_offshore_wind_generation,Wind Offshore | Actual Aggregated,2026-05-31T18:09:57Z
2026-05-31T18:09:40Z,2026-05-31T20:09:40+0200,6aacff99-9564-44c3-8148-44a92f3205b7,2026-05-15T23:00:00Z,2026-05-16T01:00:00+0200,70.315,MW,BE,BE,actual_offshore_wind_generation,Wind Offshore | Actual Aggregated,2026-05-31T18:09:57Z
2026-05-31T18:09:40Z,2026-05-31T20:09:40+0200,6aacff99-9564-44c3-8148-44a92f3205b7,2026-05-16T00:00:00Z,2026-05-16T02:00:00+0200,63.7725,MW,BE,BE,actual_offshore_wind_generation,Wind Offshore | Actual Aggregated,2026-05-31T18:09:57Z
2026-05-31T18:09:40Z,2026-05-31T20:09:40+0200,6aacff99-9564-44c3-8148-44a92f3205b7,2026-05-16T01:00:00Z,2026-05-16T03:00:00+0200,26.875,MW,BE,BE,actual_offshore_wind_generation,Wind Offshore | Actual Aggregated,2026-05-31T18:09:57Z
2026-05-31T18:09:40Z,2026-05-31T20:09:40+0200,6aacff99-9564-44c3-8148-44a92f3205b7,2026-05-16T02:00:00Z,2026-05-16T04:00:00+0200,4.95,MW,BE,BE,actual_offshore_wind_generation,Wind Offshore | Actual Aggregated,2026-05-31T18:09:57Z
2026-05-31T18:09:40Z,2026-05-31T20:09:40+0200,6aacff99-9564-44c3-8148-44a92f3205b7,2026-05-16T02:00:00Z,2026-05-16T04:00:00+0200,3.055,MW,BE,BE,actual_offshore_wind_generation,Wind Offshore | Actual Consumption,2026-05-31T18:09:57Z
2026-05-31T18:09:40Z,2026-05-31T20:09:40+0200,6aacff99-9564-44c3-8148-44a92f3205b7,2026-05-16T03:00:00Z,2026-05-16T05:00:00+0200,59.4025,MW,BE,BE,actual_offshore_wind_generation,Wind Offshore | Actual Aggregated,2026-05-31T18:09:57Z
2026-05-31T18:09:40Z,2026-05-31T20:09:40+0200,6aacff99-9564-44c3-8148-44a92f3205b7,2026-05-16T04:00:00Z,2026-05-16T06:00:00+0200,131.5275,MW,BE,BE,actual_offshore_wind_generation,Wind Offshore | Actual Aggregated,2026-05-31T18:09:57Z
2026-05-31T18:09:40Z,2026-05-31T20:09:40+0200,6aacff99-9564-44c3-8148-44a92f3205b7,2026-05-16T05:00:00Z,2026-05-16T07:00:00+0200,442.45,MW,BE,BE,actual_offshore_wind_generation,Wind Offshore | Actual Aggregated,2026-05-31T18:09:57Z
2026-05-31T18:09:40Z,2026-05-31T20:09:40+0200,6aacff99-9564-44c3-8148-44a92f3205b7,2026-05-16T06:00:00Z,2026-05-16T08:00:00+0200,438.985,MW,BE,BE,actual_offshore_wind_generation,Wind Offshore | Actual Aggregated,2026-05-31T18:09:57Z
2026-05-31T18:09:40Z,2026-05-31T20:09:40+0200,6aacff99-9564-44c3-8148-44a92f3205b7,2026-05-16T07:00:00Z,2026-05-16T09:00:00+0200,705.995,MW,BE,BE,actual_offshore_wind_generation,Wind Offshore | Actual Aggregated,2026-05-31T18:09:57Z
2026-05-31T18:09:40Z,2026-05-31T20:09:40+0200,6aacff99-9564-44c3-8148-44a92f3205b7,2026-05-16T08:00:00Z,2026-05-16T10:00:00+0200,792.6325,MW,BE,BE,actual_offshore_wind_generation,Wind Offshore | Actual Aggregated,2026-05-31T18:09:57Z
2026-05-31T18:09:40Z,2026-05-31T20:09:40+0200,6aacff99-9564-44c3-8148-44a92f3205b7,2026-05-16T09:00:00Z,2026-05-16T11:00:00+0200,570.265,MW,BE,BE,actual_offshore_wind_generation,Wind Offshore | Actual Aggregated,2026-05-31T18:09:57Z
2026-05-31T18:09:40Z,2026-05-31T20:09:40+0200,6aacff99-9564-44c3-8148-44a92f3205b7,2026-05-16T10:00:00Z,2026-05-16T12:00:00+0200,593.02,MW,BE,BE,actual_offshore_wind_generation,Wind Offshore | Actual Aggregated,2026-05-31T18:09:57Z
2026-05-31T18:09:40Z,2026-05-31T20:09:40+0200,6aacff99-9564-44c3-8148-44a92f3205b7,2026-05-16T11:00:00Z,2026-05-16T13:00:00+0200,519.535,MW,BE,BE,actual_offshore_wind_generation,Wind Offshore | Actual Aggregated,2026-05-31T18:09:57Z
2026-05-31T18:09:40Z,2026-05-31T20:09:40+0200,6aacff99-9564-44c3-8148-44a92f3205b7,2026-05-16T12:00:00Z,2026-05-16T14:00:00+0200,450.8125,MW,BE,BE,actual_offshore_wind_generation,Wind Offshore | Actual Aggregated,2026-05-31T18:09:57Z
2026-05-31T18:09:40Z,2026-05-31T20:09:40+0200,6aacff99-9564-44c3-8148-44a92f3205b7,2026-05-16T13:00:00Z,2026-05-16T15:00:00+0200,295.15,MW,BE,BE,actual_offshore_wind_generation,Wind Offshore | Actual Aggregated,2026-05-31T18:09:57Z
2026-05-31T18:09:40Z,2026-05-31T20:09:40+0200,6aacff99-9564-44c3-8148-44a92f3205b7,2026-05-16T14:00:00Z,2026-05-16T16:00:00+0200,319.0525,MW,BE,BE,actual_offshore_wind_generation,Wind Offshore | Actual Aggregated,2026-05-31T18:09:57Z
2026-05-31T18:09:40Z,2026-05-31T20:09:40+0200,6aacff99-9564-44c3-8148-44a92f3205b7,2026-05-16T15:00:00Z,2026-05-16T17:00:00+0200,513.8025,MW,BE,BE,actual_offshore_wind_generation,Wind Offshore | Actual Aggregated,2026-05-31T18:09:57Z
2026-05-31T18:09:40Z,2026-05-31T20:09:40+0200,6aacff99-9564-44c3-8148-44a92f3205b7,2026-05-16T16:00:00Z,2026-05-16T18:00:00+0200,1005.8675,MW,BE,BE,actual_offshore_wind_generation,Wind Offshore | Actual Aggregated,2026-05-31T18:09:57Z
2026-05-31T18:09:40Z,2026-05-31T20:09:40+0200,6aacff99-9564-44c3-8148-44a92f3205b7,2026-05-16T17:00:00Z,2026-05-16T19:00:00+0200,1507.195,MW,BE,BE,actual_offshore_wind_generation,Wind Offshore | Actual Aggregated,2026-05-31T18:09:57Z
2026-05-31T18:09:40Z,2026-05-31T20:09:40+0200,6aacff99-9564-44c3-8148-44a92f3205b7,2026-05-16T18:00:00Z,2026-05-16T20:00:00+0200,1194.2425,MW,BE,BE,actual_offshore_wind_generation,Wind Offshore | Actual Aggregated,2026-05-31T18:09:57Z
2026-05-31T18:09:40Z,2026-05-31T20:09:40+0200,6aacff99-9564-44c3-8148-44a92f3205b7,2026-05-16T19:00:00Z,2026-05-16T21:00:00+0200,1336.1625,MW,BE,BE,actual_offshore_wind_generation,Wind Offshore | Actual Aggregated,2026-05-31T18:09:57Z
2026-05-31T18:09:40Z,2026-05-31T20:09:40+0200,6aacff99-9564-44c3-8148-44a92f3205b7,2026-05-16T20:00:00Z,2026-05-16T22:00:00+0200,1615.3325,MW,BE,BE,actual_offshore_wind_generation,Wind Offshore | Actual Aggregated,2026-05-31T18:09:57Z
2026-05-31T18:09:40Z,2026-05-31T20:09:40+0200,6aacff99-9564-44c3-8148-44a92f3205b7,2026-05-16T21:00:00Z,2026-05-16T23:00:00+0200,1241.745,MW,BE,BE,actual_offshore_wind_generation,Wind Offshore | Actual Aggregated,2026-05-31T18:09:57Z
2026-05-31T18:09:40Z,2026-05-31T20:09:40+0200,6aacff99-9564-44c3-8148-44a92f3205b7,2026-05-16T22:00:00Z,2026-05-17T00:00:00+0200,1134.52,MW,BE,BE,actual_offshore_wind_generation,Wind Offshore | Actual Aggregated,2026-05-31T18:09:57Z
2026-05-31T18:09:40Z,2026-05-31T20:09:40+0200,6aacff99-9564-44c3-8148-44a92f3205b7,2026-05-16T23:00:00Z,2026-05-17T01:00:00+0200,1630.72,MW,BE,BE,actual_offshore_wind_generation,Wind Offshore | Actual Aggregated,2026-05-31T18:09:57Z
2026-05-31T18:09:40Z,2026-05-31T20:09:40+0200,6aacff99-9564-44c3-8148-44a92f3205b7,2026-05-17T00:00:00Z,2026-05-17T02:00:00+0200,1730.6325,MW,BE,BE,actual_offshore_wind_generation,Wind Offshore | Actual Aggregated,2026-05-31T18:09:57Z
2026-05-31T18:09:40Z,2026-05-31T20:09:40+0200,6aacff99-9564-44c3-8148-44a92f3205b7,2026-05-17T01:00:00Z,2026-05-17T03:00:00+0200,1667.6325,MW,BE,BE,actual_offshore_wind_generation,Wind Offshore | Actual Aggregated,2026-05-31T18:09:57Z
2026-05-31T18:09:40Z,2026-05-31T20:09:40+0200,6aacff99-9564-44c3-8148-44a92f3205b7,2026-05-17T02:00:00Z,2026-05-17T04:00:00+0200,1305.095,MW,BE,BE,actual_offshore_wind_generation,Wind Offshore | Actual Aggregated,2026-05-31T18:09:57Z
2026-05-31T18:09:40Z,2026-05-31T20:09:40+0200,6aacff99-9564-44c3-8148-44a92f3205b7,2026-05-17T03:00:00Z,2026-05-17T05:00:00+0200,1325.71,MW,BE,BE,actual_offshore_wind_generation,Wind Offshore | Actual Aggregated,2026-05-31T18:09:57Z
2026-05-31T18:09:40Z,2026-05-31T20:09:40+0200,6aacff99-9564-44c3-8148-44a92f3205b7,2026-05-17T04:00:00Z,2026-05-17T06:00:00+0200,1172.3075,MW,BE,BE,actual_offshore_wind_generation,Wind Offshore | Actual Aggregated,2026-05-31T18:09:57Z
2026-05-31T18:09:40Z,2026-05-31T20:09:40+0200,6aacff99-9564-44c3-8148-44a92f3205b7,2026-05-17T05:00:00Z,2026-05-17T07:00:00+0200,1152.87,MW,BE,BE,actual_offshore_wind_generation,Wind Offshore | Actual Aggregated,2026-05-31T18:09:57Z
2026-05-31T18:09:40Z,2026-05-31T20:09:40+0200,6aacff99-9564-44c3-8148-44a92f3205b7,2026-05-17T06:00:00Z,2026-05-17T08:00:00+0200,885.1625,MW,BE,BE,actual_offshore_wind_generation,Wind Offshore | Actual Aggregated,2026-05-31T18:09:57Z
2026-05-31T18:09:40Z,2026-05-31T20:09:40+0200,6aacff99-9564-44c3-8148-44a92f3205b7,2026-05-17T07:00:00Z,2026-05-17T09:00:00+0200,770.285,MW,BE,BE,actual_offshore_wind_generation,Wind Offshore | Actual Aggregated,2026-05-31T18:09:57Z
2026-05-31T18:09:40Z,2026-05-31T20:09:40+0200,6aacff99-9564-44c3-8148-44a92f3205b7,2026-05-17T08:00:00Z,2026-05-17T10:00:00+0200,1003.8525,MW,BE,BE,actual_offshore_wind_generation,Wind Offshore | Actual Aggregated,2026-05-31T18:09:57Z
2026-05-31T18:09:40Z,2026-05-31T20:09:40+0200,6aacff99-9564-44c3-8148-44a92f3205b7,2026-05-17T09:00:00Z,2026-05-17T11:00:00+0200,858.1525,MW,BE,BE,actual_offshore_wind_generation,Wind Offshore | Actual Aggregated,2026-05-31T18:09:57Z
2026-05-31T18:09:40Z,2026-05-31T20:09:40+0200,6aacff99-9564-44c3-8148-44a92f3205b7,2026-05-17T10:00:00Z,2026-05-17T12:00:00+0200,322.715,MW,BE,BE,actual_offshore_wind_generation,Wind Offshore | Actual Aggregated,2026-05-31T18:09:57Z
2026-05-31T18:09:40Z,2026-05-31T20:09:40+0200,6aacff99-9564-44c3-8148-44a92f3205b7,2026-05-17T11:00:00Z,2026-05-17T13:00:00+0200,365.2725,MW,BE,BE,actual_offshore_wind_generation,Wind Offshore | Actual Aggregated,2026-05-31T18:09:57Z
2026-05-31T18:09:40Z,2026-05-31T20:09:40+0200,6aacff99-9564-44c3-8148-44a92f3205b7,2026-05-17T12:00:00Z,2026-05-17T14:00:00+0200,348.0925,MW,BE,BE,actual_offshore_wind_generation,Wind Offshore | Actual Aggregated,2026-05-31T18:09:57Z
2026-05-31T18:09:40Z,2026-05-31T20:09:40+0200,6aacff99-9564-44c3-8148-44a92f3205b7,2026-05-17T13:00:00Z,2026-05-17T15:00:00+0200,296.605,MW,BE,BE,actual_offshore_wind_generation,Wind Offshore | Actual Aggregated,2026-05-31T18:09:57Z
2026-05-31T18:09:40Z,2026-05-31T20:09:40+0200,6aacff99-9564-44c3-8148-44a92f3205b7,2026-05-17T14:00:00Z,2026-05-17T16:00:00+0200,416.285,MW,BE,BE,actual_offshore_wind_generation,Wind Offshore | Actual Aggregated,2026-05-31T18:09:57Z
2026-05-31T18:09:40Z,2026-05-31T20:09:40+0200,6aacff99-9564-44c3-8148-44a92f3205b7,2026-05-17T15:00:00Z,2026-05-17T17:00:00+0200,334.35,MW,BE,BE,actual_offshore_wind_generation,Wind Offshore | Actual Aggregated,2026-05-31T18:09:57Z
2026-05-31T18:09:40Z,2026-05-31T20:09:40+0200,6aacff99-9564-44c3-8148-44a92f3205b7,2026-05-17T16:00:00Z,2026-05-17T18:00:00+0200,220.5675,MW,BE,BE,actual_offshore_wind_generation,Wind Offshore | Actual Aggregated,2026-05-31T18:09:57Z
2026-05-31T18:09:40Z,2026-05-31T20:09:40+0200,6aacff99-9564-44c3-8148-44a92f3205b7,2026-05-17T17:00:00Z,2026-05-17T19:00:00+0200,221.445,MW,BE,BE,actual_offshore_wind_generation,Wind Offshore | Actual Aggregated,2026-05-31T18:09:57Z
2026-05-31T18:09:40Z,2026-05-31T20:09:40+0200,6aacff99-9564-44c3-8148-44a92f3205b7,2026-05-17T18:00:00Z,2026-05-17T20:00:00+0200,301.4125,MW,BE,BE,actual_offshore_wind_generation,Wind Offshore | Actual Aggregated,2026-05-31T18:09:57Z
2026-05-31T18:09:40Z,2026-05-31T20:09:40+0200,6aacff99-9564-44c3-8148-44a92f3205b7,2026-05-17T19:00:00Z,2026-05-17T21:00:00+0200,550.9375,MW,BE,BE,actual_offshore_wind_generation,Wind Offshore | Actual Aggregated,2026-05-31T18:09:57Z
2026-05-31T18:09:40Z,2026-05-31T20:09:40+0200,6aacff99-9564-44c3-8148-44a92f3205b7,2026-05-17T20:00:00Z,2026-05-17T22:00:00+0200,581.8,MW,BE,BE,actual_offshore_wind_generation,Wind Offshore | Actual Aggregated,2026-05-31T18:09:57Z
2026-05-31T18:09:40Z,2026-05-31T20:09:40+0200,6aacff99-9564-44c3-8148-44a92f3205b7,2026-05-17T21:00:00Z,2026-05-17T23:00:00+0200,492.6175,MW,BE,BE,actual_offshore_wind_generation,Wind Offshore | Actual Aggregated,2026-05-31T18:09:57Z
2026-05-31T18:09:40Z,2026-05-31T20:09:40+0200,6aacff99-9564-44c3-8148-44a92f3205b7,2026-05-17T22:00:00Z,2026-05-18T00:00:00+0200,410.55,MW,BE,BE,actual_offshore_wind_generation,Wind Offshore | Actual Aggregated,2026-05-31T18:09:57Z
2026-05-31T18:09:40Z,2026-05-31T20:09:40+0200,6aacff99-9564-44c3-8148-44a92f3205b7,2026-05-17T23:00:00Z,2026-05-18T01:00:00+0200,418.165,MW,BE,BE,actual_offshore_wind_generation,Wind Offshore | Actual Aggregated,2026-05-31T18:09:57Z
2026-05-31T18:09:40Z,2026-05-31T20:09:40+0200,6aacff99-9564-44c3-8148-44a92f3205b7,2026-05-18T00:00:00Z,2026-05-18T02:00:00+0200,536.4525,MW,BE,BE,actual_offshore_wind_generation,Wind Offshore | Actual Aggregated,2026-05-31T18:09:57Z
2026-05-31T18:09:40Z,2026-05-31T20:09:40+0200,6aacff99-9564-44c3-8148-44a92f3205b7,2026-05-18T01:00:00Z,2026-05-18T03:00:00+0200,686.7525,MW,BE,BE,actual_offshore_wind_generation,Wind Offshore | Actual Aggregated,2026-05-31T18:09:57Z
2026-05-31T18:09:40Z,2026-05-31T20:09:40+0200,6aacff99-9564-44c3-8148-44a92f3205b7,2026-05-18T02:00:00Z,2026-05-18T04:00:00+0200,479.695,MW,BE,BE,actual_offshore_wind_generation,Wind Offshore | Actual Aggregated,2026-05-31T18:09:57Z
2026-05-31T18:09:40Z,2026-05-31T20:09:40+0200,6aacff99-9564-44c3-8148-44a92f3205b7,2026-05-18T03:00:00Z,2026-05-18T05:00:00+0200,431.03,MW,BE,BE,actual_offshore_wind_generation,Wind Offshore | Actual Aggregated,2026-05-31T18:09:57Z
2026-05-31T18:09:40Z,2026-05-31T20:09:40+0200,6aacff99-9564-44c3-8148-44a92f3205b7,2026-05-18T04:00:00Z,2026-05-18T06:00:00+0200,324.0225,MW,BE,BE,actual_offshore_wind_generation,Wind Offshore | Actual Aggregated,2026-05-31T18:09:57Z
2026-05-31T18:09:40Z,2026-05-31T20:09:40+0200,6aacff99-9564-44c3-8148-44a92f3205b7,2026-05-18T05:00:00Z,2026-05-18T07:00:00+0200,197.185,MW,BE,BE,actual_offshore_wind_generation,Wind Offshore | Actual Aggregated,2026-05-31T18:09:57Z
2026-05-31T18:09:40Z,2026-05-31T20:09:40+0200,6aacff99-9564-44c3-8148-44a92f3205b7,2026-05-18T06:00:00Z,2026-05-18T08:00:00+0200,146.8125,MW,BE,BE,actual_offshore_wind_generation,Wind Offshore | Actual Aggregated,2026-05-31T18:09:57Z
2026-05-31T18:09:40Z,2026-05-31T20:09:40+0200,6aacff99-9564-44c3-8148-44a92f3205b7,2026-05-18T07:00:00Z,2026-05-18T09:00:00+0200,273.2925,MW,BE,BE,actual_offshore_wind_generation,Wind Offshore | Actual Aggregated,2026-05-31T18:09:57Z
2026-05-31T18:09:40Z,2026-05-31T20:09:40+0200,6aacff99-9564-44c3-8148-44a92f3205b7,2026-05-18T08:00:00Z,2026-05-18T10:00:00+0200,371.455,MW,BE,BE,actual_offshore_wind_generation,Wind Offshore | Actual Aggregated,2026-05-31T18:09:57Z
2026-05-31T18:09:40Z,2026-05-31T20:09:40+0200,6aacff99-9564-44c3-8148-44a92f3205b7,2026-05-18T09:00:00Z,2026-05-18T11:00:00+0200,242.875,MW,BE,BE,actual_offshore_wind_generation,Wind Offshore | Actual Aggregated,2026-05-31T18:09:57Z
2026-05-31T18:09:40Z,2026-05-31T20:09:40+0200,6aacff99-9564-44c3-8148-44a92f3205b7,2026-05-18T10:00:00Z,2026-05-18T12:00:00+0200,262.2425,MW,BE,BE,actual_offshore_wind_generation,Wind Offshore | Actual Aggregated,2026-05-31T18:09:57Z
2026-05-31T18:09:40Z,2026-05-31T20:09:40+0200,6aacff99-9564-44c3-8148-44a92f3205b7,2026-05-18T11:00:00Z,2026-05-18T13:00:00+0200,404.845,MW,BE,BE,actual_offshore_wind_generation,Wind Offshore | Actual Aggregated,2026-05-31T18:09:57Z
2026-05-31T18:09:40Z,2026-05-31T20:09:40+0200,6aacff99-9564-44c3-8148-44a92f3205b7,2026-05-18T12:00:00Z,2026-05-18T14:00:00+0200,429.255,MW,BE,BE,actual_offshore_wind_generation,Wind Offshore | Actual Aggregated,2026-05-31T18:09:57Z
2026-05-31T18:09:40Z,2026-05-31T20:09:40+0200,6aacff99-9564-44c3-8148-44a92f3205b7,2026-05-18T13:00:00Z,2026-05-18T15:00:00+0200,586.735,MW,BE,BE,actual_offshore_wind_generation,Wind Offshore | Actual Aggregated,2026-05-31T18:09:57Z
2026-05-31T18:09:40Z,2026-05-31T20:09:40+0200,6aacff99-9564-44c3-8148-44a92f3205b7,2026-05-18T14:00:00Z,2026-05-18T16:00:00+0200,747.285,MW,BE,BE,actual_offshore_wind_generation,Wind Offshore | Actual Aggregated,2026-05-31T18:09:57Z
2026-05-31T18:09:40Z,2026-05-31T20:09:40+0200,6aacff99-9564-44c3-8148-44a92f3205b7,2026-05-18T15:00:00Z,2026-05-18T17:00:00+0200,956.0875,MW,BE,BE,actual_offshore_wind_generation,Wind Offshore | Actual Aggregated,2026-05-31T18:09:57Z
2026-05-31T18:09:40Z,2026-05-31T20:09:40+0200,6aacff99-9564-44c3-8148-44a92f3205b7,2026-05-18T16:00:00Z,2026-05-18T18:00:00+0200,1161.2425,MW,BE,BE,actual_offshore_wind_generation,Wind Offshore | Actual Aggregated,2026-05-31T18:09:57Z
2026-05-31T18:09:40Z,2026-05-31T20:09:40+0200,6aacff99-9564-44c3-8148-44a92f3205b7,2026-05-18T17:00:00Z,2026-05-18T19:00:00+0200,1035.575,MW,BE,BE,actual_offshore_wind_generation,Wind Offshore | Actual Aggregated,2026-05-31T18:09:57Z
2026-05-31T18:09:40Z,2026-05-31T20:09:40+0200,6aacff99-9564-44c3-8148-44a92f3205b7,2026-05-18T18:00:00Z,2026-05-18T20:00:00+0200,968.03,MW,BE,BE,actual_offshore_wind_generation,Wind Offshore | Actual Aggregated,2026-05-31T18:09:57Z
2026-05-31T18:09:40Z,2026-05-31T20:09:40+0200,6aacff99-9564-44c3-8148-44a92f3205b7,2026-05-18T19:00:00Z,2026-05-18T21:00:00+0200,723.6375,MW,BE,BE,actual_offshore_wind_generation,Wind Offshore | Actual Aggregated,2026-05-31T18:09:57Z
2026-05-31T18:09:40Z,2026-05-31T20:09:40+0200,6aacff99-9564-44c3-8148-44a92f3205b7,2026-05-18T20:00:00Z,2026-05-18T22:00:00+0200,701.2325,MW,BE,BE,actual_offshore_wind_generation,Wind Offshore | Actual Aggregated,2026-05-31T18:09:57Z
2026-05-31T18:09:40Z,2026-05-31T20:09:40+0200,6aacff99-9564-44c3-8148-44a92f3205b7,2026-05-18T21:00:00Z,2026-05-18T23:00:00+0200,619.87,MW,BE,BE,actual_offshore_wind_generation,Wind Offshore | Actual Aggregated,2026-05-31T18:09:57Z
2026-05-31T18:09:40Z,2026-05-31T20:09:40+0200,6aacff99-9564-44c3-8148-44a92f3205b7,2026-05-18T22:00:00Z,2026-05-19T00:00:00+0200,438.0875,MW,BE,BE,actual_offshore_wind_generation,Wind Offshore | Actual Aggregated,2026-05-31T18:09:57Z
2026-05-31T18:09:40Z,2026-05-31T20:09:40+0200,6aacff99-9564-44c3-8148-44a92f3205b7,2026-05-18T23:00:00Z,2026-05-19T01:00:00+0200,325.6875,MW,BE,BE,actual_offshore_wind_generation,Wind Offshore | Actual Aggregated,2026-05-31T18:09:57Z
2026-05-31T18:09:40Z,2026-05-31T20:09:40+0200,6aacff99-9564-44c3-8148-44a92f3205b7,2026-05-19T00:00:00Z,2026-05-19T02:00:00+0200,323.09,MW,BE,BE,actual_offshore_wind_generation,Wind Offshore | Actual Aggregated,2026-05-31T18:09:57Z
2026-05-31T18:09:40Z,2026-05-31T20:09:40+0200,6aacff99-9564-44c3-8148-44a92f3205b7,2026-05-19T01:00:00Z,2026-05-19T03:00:00+0200,398.3775,MW,BE,BE,actual_offshore_wind_generation,Wind Offshore | Actual Aggregated,2026-05-31T18:09:57Z
2026-05-31T18:09:40Z,2026-05-31T20:09:40+0200,6aacff99-9564-44c3-8148-44a92f3205b7,2026-05-19T02:00:00Z,2026-05-19T04:00:00+0200,610.52,MW,BE,BE,actual_offshore_wind_generation,Wind Offshore | Actual Aggregated,2026-05-31T18:09:57Z
2026-05-31T18:09:40Z,2026-05-31T20:09:40+0200,6aacff99-9564-44c3-8148-44a92f3205b7,2026-05-19T03:00:00Z,2026-05-19T05:00:00+0200,727.3275,MW,BE,BE,actual_offshore_wind_generation,Wind Offshore | Actual Aggregated,2026-05-31T18:09:57Z
2026-05-31T18:09:40Z,2026-05-31T20:09:40+0200,6aacff99-9564-44c3-8148-44a92f3205b7,2026-05-19T04:00:00Z,2026-05-19T06:00:00+0200,801.5,MW,BE,BE,actual_offshore_wind_generation,Wind Offshore | Actual Aggregated,2026-05-31T18:09:57Z
2026-05-31T18:09:40Z,2026-05-31T20:09:40+0200,6aacff99-9564-44c3-8148-44a92f3205b7,2026-05-19T05:00:00Z,2026-05-19T07:00:00+0200,901.375,MW,BE,BE,actual_offshore_wind_generation,Wind Offshore | Actual Aggregated,2026-05-31T18:09:57Z
2026-05-31T18:09:40Z,2026-05-31T20:09:40+0200,6aacff99-9564-44c3-8148-44a92f3205b7,2026-05-19T06:00:00Z,2026-05-19T08:00:00+0200,981.3325,MW,BE,BE,actual_offshore_wind_generation,Wind Offshore | Actual Aggregated,2026-05-31T18:09:57Z
2026-05-31T18:09:40Z,2026-05-31T20:09:40+0200,6aacff99-9564-44c3-8148-44a92f3205b7,2026-05-19T07:00:00Z,2026-05-19T09:00:00+0200,1166.8725,MW,BE,BE,actual_offshore_wind_generation,Wind Offshore | Actual Aggregated,2026-05-31T18:09:57Z
2026-05-31T18:09:40Z,2026-05-31T20:09:40+0200,6aacff99-9564-44c3-8148-44a92f3205b7,2026-05-19T08:00:00Z,2026-05-19T10:00:00+0200,1230.3725,MW,BE,BE,actual_offshore_wind_generation,Wind Offshore | Actual Aggregated,2026-05-31T18:09:57Z
2026-05-31T18:09:40Z,2026-05-31T20:09:40+0200,6aacff99-9564-44c3-8148-44a92f3205b7,2026-05-19T09:00:00Z,2026-05-19T11:00:00+0200,1299.495,MW,BE,BE,actual_offshore_wind_generation,Wind Offshore | Actual Aggregated,2026-05-31T18:09:57Z
2026-05-31T18:09:40Z,2026-05-31T20:09:40+0200,6aacff99-9564-44c3-8148-44a92f3205b7,2026-05-19T10:00:00Z,2026-05-19T12:00:00+0200,1610.305,MW,BE,BE,actual_offshore_wind_generation,Wind Offshore | Actual Aggregated,2026-05-31T18:09:57Z
2026-05-31T18:09:40Z,2026-05-31T20:09:40+0200,6aacff99-9564-44c3-8148-44a92f3205b7,2026-05-19T11:00:00Z,2026-05-19T13:00:00+0200,1935.7325,MW,BE,BE,actual_offshore_wind_generation,Wind Offshore | Actual Aggregated,2026-05-31T18:09:57Z
2026-05-31T18:09:40Z,2026-05-31T20:09:40+0200,6aacff99-9564-44c3-8148-44a92f3205b7,2026-05-19T12:00:00Z,2026-05-19T14:00:00+0200,1995.9525,MW,BE,BE,actual_offshore_wind_generation,Wind Offshore | Actual Aggregated,2026-05-31T18:09:57Z
2026-05-31T18:09:40Z,2026-05-31T20:09:40+0200,6aacff99-9564-44c3-8148-44a92f3205b7,2026-05-19T13:00:00Z,2026-05-19T15:00:00+0200,2064.0675,MW,BE,BE,actual_offshore_wind_generation,Wind Offshore | Actual Aggregated,2026-05-31T18:09:57Z
2026-05-31T18:09:40Z,2026-05-31T20:09:40+0200,6aacff99-9564-44c3-8148-44a92f3205b7,2026-05-19T14:00:00Z,2026-05-19T16:00:00+0200,2040.3325,MW,BE,BE,actual_offshore_wind_generation,Wind Offshore | Actual Aggregated,2026-05-31T18:09:57Z
2026-05-31T18:09:40Z,2026-05-31T20:09:40+0200,6aacff99-9564-44c3-8148-44a92f3205b7,2026-05-19T15:00:00Z,2026-05-19T17:00:00+0200,2015.1875,MW,BE,BE,actual_offshore_wind_generation,Wind Offshore | Actual Aggregated,2026-05-31T18:09:57Z
2026-05-31T18:09:40Z,2026-05-31T20:09:40+0200,6aacff99-9564-44c3-8148-44a92f3205b7,2026-05-19T16:00:00Z,2026-05-19T18:00:00+0200,1705.345,MW,BE,BE,actual_offshore_wind_generation,Wind Offshore | Actual Aggregated,2026-05-31T18:09:57Z
2026-05-31T18:09:40Z,2026-05-31T20:09:40+0200,6aacff99-9564-44c3-8148-44a92f3205b7,2026-05-19T17:00:00Z,2026-05-19T19:00:00+0200,1500.065,MW,BE,BE,actual_offshore_wind_generation,Wind Offshore | Actual Aggregated,2026-05-31T18:09:57Z
2026-05-31T18:09:40Z,2026-05-31T20:09:40+0200,6aacff99-9564-44c3-8148-44a92f3205b7,2026-05-19T18:00:00Z,2026-05-19T20:00:00+0200,1526.1475,MW,BE,BE,actual_offshore_wind_generation,Wind Offshore | Actual Aggregated,2026-05-31T18:09:57Z
2026-05-31T18:09:40Z,2026-05-31T20:09:40+0200,6aacff99-9564-44c3-8148-44a92f3205b7,2026-05-19T19:00:00Z,2026-05-19T21:00:00+0200,1586.74,MW,BE,BE,actual_offshore_wind_generation,Wind Offshore | Actual Aggregated,2026-05-31T18:09:57Z
2026-05-31T18:09:40Z,2026-05-31T20:09:40+0200,6aacff99-9564-44c3-8148-44a92f3205b7,2026-05-19T20:00:00Z,2026-05-19T22:00:00+0200,1767.21,MW,BE,BE,actual_offshore_wind_generation,Wind Offshore | Actual Aggregated,2026-05-31T18:09:57Z
2026-05-31T18:09:40Z,2026-05-31T20:09:40+0200,6aacff99-9564-44c3-8148-44a92f3205b7,2026-05-19T21:00:00Z,2026-05-19T23:00:00+0200,1899.0625,MW,BE,BE,actual_offshore_wind_generation,Wind Offshore | Actual Aggregated,2026-05-31T18:09:57Z
2026-05-31T18:09:40Z,2026-05-31T20:09:40+0200,6aacff99-9564-44c3-8148-44a92f3205b7,2026-05-19T22:00:00Z,2026-05-20T00:00:00+0200,1959.14,MW,BE,BE,actual_offshore_wind_generation,Wind Offshore | Actual Aggregated,2026-05-31T18:09:57Z
2026-05-31T18:09:40Z,2026-05-31T20:09:40+0200,6aacff99-9564-44c3-8148-44a92f3205b7,2026-05-19T23:00:00Z,2026-05-20T01:00:00+0200,1959.515,MW,BE,BE,actual_offshore_wind_generation,Wind Offshore | Actual Aggregated,2026-05-31T18:09:57Z
2026-05-31T18:09:40Z,2026-05-31T20:09:40+0200,6aacff99-9564-44c3-8148-44a92f3205b7,2026-05-20T00:00:00Z,2026-05-20T02:00:00+0200,2007.945,MW,BE,BE,actual_offshore_wind_generation,Wind Offshore | Actual Aggregated,2026-05-31T18:09:57Z
2026-05-31T18:09:40Z,2026-05-31T20:09:40+0200,6aacff99-9564-44c3-8148-44a92f3205b7,2026-05-20T01:00:00Z,2026-05-20T03:00:00+0200,2075.9325,MW,BE,BE,actual_offshore_wind_generation,Wind Offshore | Actual Aggregated,2026-05-31T18:09:57Z
2026-05-31T18:09:40Z,2026-05-31T20:09:40+0200,6aacff99-9564-44c3-8148-44a92f3205b7,2026-05-20T02:00:00Z,2026-05-20T04:00:00+0200,2138.47,MW,BE,BE,actual_offshore_wind_generation,Wind Offshore | Actual Aggregated,2026-05-31T18:09:57Z
2026-05-31T18:09:40Z,2026-05-31T20:09:40+0200,6aacff99-9564-44c3-8148-44a92f3205b7,2026-05-20T03:00:00Z,2026-05-20T05:00:00+0200,2144.075,MW,BE,BE,actual_offshore_wind_generation,Wind Offshore | Actual Aggregated,2026-05-31T18:09:57Z
2026-05-31T18:09:40Z,2026-05-31T20:09:40+0200,6aacff99-9564-44c3-8148-44a92f3205b7,2026-05-20T04:00:00Z,2026-05-20T06:00:00+0200,2142.575,MW,BE,BE,actual_offshore_wind_generation,Wind Offshore | Actual Aggregated,2026-05-31T18:09:57Z
2026-05-31T18:09:40Z,2026-05-31T20:09:40+0200,6aacff99-9564-44c3-8148-44a92f3205b7,2026-05-20T05:00:00Z,2026-05-20T07:00:00+0200,2145.3375,MW,BE,BE,actual_offshore_wind_generation,Wind Offshore | Actual Aggregated,2026-05-31T18:09:57Z
2026-05-31T18:09:40Z,2026-05-31T20:09:40+0200,6aacff99-9564-44c3-8148-44a92f3205b7,2026-05-20T06:00:00Z,2026-05-20T08:00:00+0200,2141.1675,MW,BE,BE,actual_offshore_wind_generation,Wind Offshore | Actual Aggregated,2026-05-31T18:09:57Z
2026-05-31T18:09:40Z,2026-05-31T20:09:40+0200,6aacff99-9564-44c3-8148-44a92f3205b7,2026-05-20T07:00:00Z,2026-05-20T09:00:00+0200,2132.9125,MW,BE,BE,actual_offshore_wind_generation,Wind Offshore | Actual Aggregated,2026-05-31T18:09:57Z
2026-05-31T18:09:40Z,2026-05-31T20:09:40+0200,6aacff99-9564-44c3-8148-44a92f3205b7,2026-05-20T08:00:00Z,2026-05-20T10:00:00+0200,2124.1225,MW,BE,BE,actual_offshore_wind_generation,Wind Offshore | Actual Aggregated,2026-05-31T18:09:57Z
2026-05-31T18:09:40Z,2026-05-31T20:09:40+0200,6aacff99-9564-44c3-8148-44a92f3205b7,2026-05-20T09:00:00Z,2026-05-20T11:00:00+0200,2053.2925,MW,BE,BE,actual_offshore_wind_generation,Wind Offshore | Actual Aggregated,2026-05-31T18:09:57Z
2026-05-31T18:09:40Z,2026-05-31T20:09:40+0200,6aacff99-9564-44c3-8148-44a92f3205b7,2026-05-20T10:00:00Z,2026-05-20T12:00:00+0200,1850.555,MW,BE,BE,actual_offshore_wind_generation,Wind Offshore | Actual Aggregated,2026-05-31T18:09:57Z
2026-05-31T18:09:40Z,2026-05-31T20:09:40+0200,6aacff99-9564-44c3-8148-44a92f3205b7,2026-05-20T11:00:00Z,2026-05-20T13:00:00+0200,2006.36,MW,BE,BE,actual_offshore_wind_generation,Wind Offshore | Actual Aggregated,2026-05-31T18:09:57Z
2026-05-31T18:09:40Z,2026-05-31T20:09:40+0200,6aacff99-9564-44c3-8148-44a92f3205b7,2026-05-20T12:00:00Z,2026-05-20T14:00:00+0200,2091.745,MW,BE,BE,actual_offshore_wind_generation,Wind Offshore | Actual Aggregated,2026-05-31T18:09:57Z
2026-05-31T18:09:40Z,2026-05-31T20:09:40+0200,6aacff99-9564-44c3-8148-44a92f3205b7,2026-05-20T13:00:00Z,2026-05-20T15:00:00+0200,2113.8675,MW,BE,BE,actual_offshore_wind_generation,Wind Offshore | Actual Aggregated,2026-05-31T18:09:57Z
2026-05-31T18:09:40Z,2026-05-31T20:09:40+0200,6aacff99-9564-44c3-8148-44a92f3205b7,2026-05-20T14:00:00Z,2026-05-20T16:00:00+0200,2123.7,MW,BE,BE,actual_offshore_wind_generation,Wind Offshore | Actual Aggregated,2026-05-31T18:09:57Z
2026-05-31T18:09:40Z,2026-05-31T20:09:40+0200,6aacff99-9564-44c3-8148-44a92f3205b7,2026-05-20T15:00:00Z,2026-05-20T17:00:00+0200,1951.8125,MW,BE,BE,actual_offshore_wind_generation,Wind Offshore | Actual Aggregated,2026-05-31T18:09:57Z
2026-05-31T18:09:40Z,2026-05-31T20:09:40+0200,6aacff99-9564-44c3-8148-44a92f3205b7,2026-05-20T16:00:00Z,2026-05-20T18:00:00+0200,1706.27,MW,BE,BE,actual_offshore_wind_generation,Wind Offshore | Actual Aggregated,2026-05-31T18:09:57Z
2026-05-31T18:09:40Z,2026-05-31T20:09:40+0200,6aacff99-9564-44c3-8148-44a92f3205b7,2026-05-20T17:00:00Z,2026-05-20T19:00:00+0200,1773.46,MW,BE,BE,actual_offshore_wind_generation,Wind Offshore | Actual Aggregated,2026-05-31T18:09:57Z
2026-05-31T18:09:40Z,2026-05-31T20:09:40+0200,6aacff99-9564-44c3-8148-44a92f3205b7,2026-05-20T18:00:00Z,2026-05-20T20:00:00+0200,1728.2275,MW,BE,BE,actual_offshore_wind_generation,Wind Offshore | Actual Aggregated,2026-05-31T18:09:57Z
2026-05-31T18:09:40Z,2026-05-31T20:09:40+0200,6aacff99-9564-44c3-8148-44a92f3205b7,2026-05-20T19:00:00Z,2026-05-20T21:00:00+0200,1642.4325,MW,BE,BE,actual_offshore_wind_generation,Wind Offshore | Actual Aggregated,2026-05-31T18:09:57Z
2026-05-31T18:09:40Z,2026-05-31T20:09:40+0200,6aacff99-9564-44c3-8148-44a92f3205b7,2026-05-20T20:00:00Z,2026-05-20T22:00:00+0200,1595.96,MW,BE,BE,actual_offshore_wind_generation,Wind Offshore | Actual Aggregated,2026-05-31T18:09:57Z
2026-05-31T18:09:40Z,2026-05-31T20:09:40+0200,6aacff99-9564-44c3-8148-44a92f3205b7,2026-05-20T21:00:00Z,2026-05-20T23:00:00+0200,1634.46,MW,BE,BE,actual_offshore_wind_generation,Wind Offshore | Actual Aggregated,2026-05-31T18:09:57Z
2026-05-31T18:09:40Z,2026-05-31T20:09:40+0200,6aacff99-9564-44c3-8148-44a92f3205b7,2026-05-20T22:00:00Z,2026-05-21T00:00:00+0200,1476.55,MW,BE,BE,actual_offshore_wind_generation,Wind Offshore | Actual Aggregated,2026-05-31T18:09:57Z
2026-05-31T18:09:40Z,2026-05-31T20:09:40+0200,6aacff99-9564-44c3-8148-44a92f3205b7,2026-05-20T23:00:00Z,2026-05-21T01:00:00+0200,1035.12,MW,BE,BE,actual_offshore_wind_generation,Wind Offshore | Actual Aggregated,2026-05-31T18:09:57Z
2026-05-31T18:09:40Z,2026-05-31T20:09:40+0200,6aacff99-9564-44c3-8148-44a92f3205b7,2026-05-21T00:00:00Z,2026-05-21T02:00:00+0200,745.1,MW,BE,BE,actual_offshore_wind_generation,Wind Offshore | Actual Aggregated,2026-05-31T18:09:57Z
2026-05-31T18:09:40Z,2026-05-31T20:09:40+0200,6aacff99-9564-44c3-8148-44a92f3205b7,2026-05-21T01:00:00Z,2026-05-21T03:00:00+0200,369.92,MW,BE,BE,actual_offshore_wind_generation,Wind Offshore | Actual Aggregated,2026-05-31T18:09:57Z
2026-05-31T18:09:40Z,2026-05-31T20:09:40+0200,6aacff99-9564-44c3-8148-44a92f3205b7,2026-05-21T02:00:00Z,2026-05-21T04:00:00+0200,402.76,MW,BE,BE,actual_offshore_wind_generation,Wind Offshore | Actual Aggregated,2026-05-31T18:09:57Z
2026-05-31T18:09:40Z,2026-05-31T20:09:40+0200,6aacff99-9564-44c3-8148-44a92f3205b7,2026-05-21T03:00:00Z,2026-05-21T05:00:00+0200,357.3125,MW,BE,BE,actual_offshore_wind_generation,Wind Offshore | Actual Aggregated,2026-05-31T18:09:57Z
2026-05-31T18:09:40Z,2026-05-31T20:09:40+0200,6aacff99-9564-44c3-8148-44a92f3205b7,2026-05-21T04:00:00Z,2026-05-21T06:00:00+0200,414.425,MW,BE,BE,actual_offshore_wind_generation,Wind Offshore | Actual Aggregated,2026-05-31T18:09:57Z
2026-05-31T18:09:40Z,2026-05-31T20:09:40+0200,6aacff99-9564-44c3-8148-44a92f3205b7,2026-05-21T05:00:00Z,2026-05-21T07:00:00+0200,597.7725,MW,BE,BE,actual_offshore_wind_generation,Wind Offshore | Actual Aggregated,2026-05-31T18:09:57Z
2026-05-31T18:09:40Z,2026-05-31T20:09:40+0200,6aacff99-9564-44c3-8148-44a92f3205b7,2026-05-21T06:00:00Z,2026-05-21T08:00:00+0200,518.1,MW,BE,BE,actual_offshore_wind_generation,Wind Offshore | Actual Aggregated,2026-05-31T18:09:57Z
2026-05-31T18:09:40Z,2026-05-31T20:09:40+0200,6aacff99-9564-44c3-8148-44a92f3205b7,2026-05-21T07:00:00Z,2026-05-21T09:00:00+0200,453.85,MW,BE,BE,actual_offshore_wind_generation,Wind Offshore | Actual Aggregated,2026-05-31T18:09:57Z
2026-05-31T18:09:40Z,2026-05-31T20:09:40+0200,6aacff99-9564-44c3-8148-44a92f3205b7,2026-05-21T08:00:00Z,2026-05-21T10:00:00+0200,528.685,MW,BE,BE,actual_offshore_wind_generation,Wind Offshore | Actual Aggregated,2026-05-31T18:09:57Z
2026-05-31T18:09:40Z,2026-05-31T20:09:40+0200,6aacff99-9564-44c3-8148-44a92f3205b7,2026-05-21T09:00:00Z,2026-05-21T11:00:00+0200,297.1075,MW,BE,BE,actual_offshore_wind_generation,Wind Offshore | Actual Aggregated,2026-05-31T18:09:57Z
2026-05-31T18:09:40Z,2026-05-31T20:09:40+0200,6aacff99-9564-44c3-8148-44a92f3205b7,2026-05-21T10:00:00Z,2026-05-21T12:00:00+0200,295.305,MW,BE,BE,actual_offshore_wind_generation,Wind Offshore | Actual Aggregated,2026-05-31T18:09:57Z
2026-05-31T18:09:40Z,2026-05-31T20:09:40+0200,6aacff99-9564-44c3-8148-44a92f3205b7,2026-05-21T11:00:00Z,2026-05-21T13:00:00+0200,359.935,MW,BE,BE,actual_offshore_wind_generation,Wind Offshore | Actual Aggregated,2026-05-31T18:09:57Z
2026-05-31T18:09:40Z,2026-05-31T20:09:40+0200,6aacff99-9564-44c3-8148-44a92f3205b7,2026-05-21T12:00:00Z,2026-05-21T14:00:00+0200,327.9275,MW,BE,BE,actual_offshore_wind_generation,Wind Offshore | Actual Aggregated,2026-05-31T18:09:57Z
2026-05-31T18:09:40Z,2026-05-31T20:09:40+0200,6aacff99-9564-44c3-8148-44a92f3205b7,2026-05-21T13:00:00Z,2026-05-21T15:00:00+0200,235.9725,MW,BE,BE,actual_offshore_wind_generation,Wind Offshore | Actual Aggregated,2026-05-31T18:09:57Z
2026-05-31T18:09:40Z,2026-05-31T20:09:40+0200,6aacff99-9564-44c3-8148-44a92f3205b7,2026-05-21T14:00:00Z,2026-05-21T16:00:00+0200,143.8175,MW,BE,BE,actual_offshore_wind_generation,Wind Offshore | Actual Aggregated,2026-05-31T18:09:57Z
2026-05-31T18:09:40Z,2026-05-31T20:09:40+0200,6aacff99-9564-44c3-8148-44a92f3205b7,2026-05-21T15:00:00Z,2026-05-21T17:00:00+0200,88.8175,MW,BE,BE,actual_offshore_wind_generation,Wind Offshore | Actual Aggregated,2026-05-31T18:09:57Z
2026-05-31T18:09:40Z,2026-05-31T20:09:40+0200,6aacff99-9564-44c3-8148-44a92f3205b7,2026-05-21T16:00:00Z,2026-05-21T18:00:00+0200,26.21,MW,BE,BE,actual_offshore_wind_generation,Wind Offshore | Actual Aggregated,2026-05-31T18:09:57Z
2026-05-31T18:09:40Z,2026-05-31T20:09:40+0200,6aacff99-9564-44c3-8148-44a92f3205b7,2026-05-21T17:00:00Z,2026-05-21T19:00:00+0200,10.475,MW,BE,BE,actual_offshore_wind_generation,Wind Offshore | Actual Aggregated,2026-05-31T18:09:57Z
2026-05-31T18:09:40Z,2026-05-31T20:09:40+0200,6aacff99-9564-44c3-8148-44a92f3205b7,2026-05-21T18:00:00Z,2026-05-21T20:00:00+0200,7.415,MW,BE,BE,actual_offshore_wind_generation,Wind Offshore | Actual Aggregated,2026-05-31T18:09:57Z
2026-05-31T18:09:40Z,2026-05-31T20:09:40+0200,6aacff99-9564-44c3-8148-44a92f3205b7,2026-05-21T18:00:00Z,2026-05-21T20:00:00+0200,2.98,MW,BE,BE,actual_offshore_wind_generation,Wind Offshore | Actual Consumption,2026-05-31T18:09:57Z
2026-05-31T18:09:40Z,2026-05-31T20:09:40+0200,6aacff99-9564-44c3-8148-44a92f3205b7,2026-05-21T19:00:00Z,2026-05-21T21:00:00+0200,22.98,MW,BE,BE,actual_offshore_wind_generation,Wind Offshore | Actual Consumption,2026-05-31T18:09:57Z
2026-05-31T18:09:40Z,2026-05-31T20:09:40+0200,6aacff99-9564-44c3-8148-44a92f3205b7,2026-05-21T20:00:00Z,2026-05-21T22:00:00+0200,26.9225,MW,BE,BE,actual_offshore_wind_generation,Wind Offshore | Actual Consumption,2026-05-31T18:09:57Z
2026-05-31T18:09:40Z,2026-05-31T20:09:40+0200,6aacff99-9564-44c3-8148-44a92f3205b7,2026-05-21T21:00:00Z,2026-05-21T23:00:00+0200,27.305,MW,BE,BE,actual_offshore_wind_generation,Wind Offshore | Actual Consumption,2026-05-31T18:09:57Z
2026-05-31T18:09:40Z,2026-05-31T20:09:40+0200,6aacff99-9564-44c3-8148-44a92f3205b7,2026-05-21T22:00:00Z,2026-05-22T00:00:00+0200,24.7225,MW,BE,BE,actual_offshore_wind_generation,Wind Offshore | Actual Consumption,2026-05-31T18:09:57Z
2026-05-31T18:09:40Z,2026-05-31T20:09:40+0200,6aacff99-9564-44c3-8148-44a92f3205b7,2026-05-21T23:00:00Z,2026-05-22T01:00:00+0200,13.8075,MW,BE,BE,actual_offshore_wind_generation,Wind Offshore | Actual Consumption,2026-05-31T18:09:57Z
2026-05-31T18:09:40Z,2026-05-31T20:09:40+0200,6aacff99-9564-44c3-8148-44a92f3205b7,2026-05-22T00:00:00Z,2026-05-22T02:00:00+0200,28.57,MW,BE,BE,actual_offshore_wind_generation,Wind Offshore | Actual Aggregated,2026-05-31T18:09:57Z
2026-05-31T18:09:40Z,2026-05-31T20:09:40+0200,6aacff99-9564-44c3-8148-44a92f3205b7,2026-05-22T01:00:00Z,2026-05-22T03:00:00+0200,120.4625,MW,BE,BE,actual_offshore_wind_generation,Wind Offshore | Actual Aggregated,2026-05-31T18:09:57Z
2026-05-31T18:09:40Z,2026-05-31T20:09:40+0200,6aacff99-9564-44c3-8148-44a92f3205b7,2026-05-22T02:00:00Z,2026-05-22T04:00:00+0200,203.89,MW,BE,BE,actual_offshore_wind_generation,Wind Offshore | Actual Aggregated,2026-05-31T18:09:57Z
2026-05-31T18:09:40Z,2026-05-31T20:09:40+0200,6aacff99-9564-44c3-8148-44a92f3205b7,2026-05-22T03:00:00Z,2026-05-22T05:00:00+0200,233.13,MW,BE,BE,actual_offshore_wind_generation,Wind Offshore | Actual Aggregated,2026-05-31T18:09:57Z
2026-05-31T18:09:40Z,2026-05-31T20:09:40+0200,6aacff99-9564-44c3-8148-44a92f3205b7,2026-05-22T04:00:00Z,2026-05-22T06:00:00+0200,240.56,MW,BE,BE,actual_offshore_wind_generation,Wind Offshore | Actual Aggregated,2026-05-31T18:09:57Z
2026-05-31T18:09:40Z,2026-05-31T20:09:40+0200,6aacff99-9564-44c3-8148-44a92f3205b7,2026-05-22T05:00:00Z,2026-05-22T07:00:00+0200,255.8,MW,BE,BE,actual_offshore_wind_generation,Wind Offshore | Actual Aggregated,2026-05-31T18:09:57Z
2026-05-31T18:09:40Z,2026-05-31T20:09:40+0200,6aacff99-9564-44c3-8148-44a92f3205b7,2026-05-22T06:00:00Z,2026-05-22T08:00:00+0200,207.9175,MW,BE,BE,actual_offshore_wind_generation,Wind Offshore | Actual Aggregated,2026-05-31T18:09:57Z
2026-05-31T18:09:40Z,2026-05-31T20:09:40+0200,6aacff99-9564-44c3-8148-44a92f3205b7,2026-05-22T07:00:00Z,2026-05-22T09:00:00+0200,145.6225,MW,BE,BE,actual_offshore_wind_generation,Wind Offshore | Actual Aggregated,2026-05-31T18:09:57Z
2026-05-31T18:09:40Z,2026-05-31T20:09:40+0200,6aacff99-9564-44c3-8148-44a92f3205b7,2026-05-22T08:00:00Z,2026-05-22T10:00:00+0200,54.9575,MW,BE,BE,actual_offshore_wind_generation,Wind Offshore | Actual Aggregated,2026-05-31T18:09:57Z
2026-05-31T18:09:40Z,2026-05-31T20:09:40+0200,6aacff99-9564-44c3-8148-44a92f3205b7,2026-05-22T09:00:00Z,2026-05-22T11:00:00+0200,9.4025,MW,BE,BE,actual_offshore_wind_generation,Wind Offshore | Actual Aggregated,2026-05-31T18:09:57Z
2026-05-31T18:09:40Z,2026-05-31T20:09:40+0200,6aacff99-9564-44c3-8148-44a92f3205b7,2026-05-22T09:00:00Z,2026-05-22T11:00:00+0200,0.24,MW,BE,BE,actual_offshore_wind_generation,Wind Offshore | Actual Consumption,2026-05-31T18:09:57Z
2026-05-31T18:09:40Z,2026-05-31T20:09:40+0200,6aacff99-9564-44c3-8148-44a92f3205b7,2026-05-22T10:00:00Z,2026-05-22T12:00:00+0200,9.0225,MW,BE,BE,actual_offshore_wind_generation,Wind Offshore | Actual Consumption,2026-05-31T18:09:57Z
2026-05-31T18:09:40Z,2026-05-31T20:09:40+0200,6aacff99-9564-44c3-8148-44a92f3205b7,2026-05-22T11:00:00Z,2026-05-22T13:00:00+0200,17.525,MW,BE,BE,actual_offshore_wind_generation,Wind Offshore | Actual Consumption,2026-05-31T18:09:57Z
2026-05-31T18:09:40Z,2026-05-31T20:09:40+0200,6aacff99-9564-44c3-8148-44a92f3205b7,2026-05-22T12:00:00Z,2026-05-22T14:00:00+0200,25.06,MW,BE,BE,actual_offshore_wind_generation,Wind Offshore | Actual Consumption,2026-05-31T18:09:57Z
2026-05-31T18:09:40Z,2026-05-31T20:09:40+0200,6aacff99-9564-44c3-8148-44a92f3205b7,2026-05-22T13:00:00Z,2026-05-22T15:00:00+0200,21.795,MW,BE,BE,actual_offshore_wind_generation,Wind Offshore | Actual Consumption,2026-05-31T18:09:57Z
2026-05-31T18:09:40Z,2026-05-31T20:09:40+0200,6aacff99-9564-44c3-8148-44a92f3205b7,2026-05-22T14:00:00Z,2026-05-22T16:00:00+0200,13.7775,MW,BE,BE,actual_offshore_wind_generation,Wind Offshore | Actual Consumption,2026-05-31T18:09:57Z
2026-05-31T18:09:40Z,2026-05-31T20:09:40+0200,6aacff99-9564-44c3-8148-44a92f3205b7,2026-05-22T15:00:00Z,2026-05-22T17:00:00+0200,21.43,MW,BE,BE,actual_offshore_wind_generation,Wind Offshore | Actual Aggregated,2026-05-31T18:09:57Z
2026-05-31T18:09:40Z,2026-05-31T20:09:40+0200,6aacff99-9564-44c3-8148-44a92f3205b7,2026-05-22T15:00:00Z,2026-05-22T17:00:00+0200,0.1325,MW,BE,BE,actual_offshore_wind_generation,Wind Offshore | Actual Consumption,2026-05-31T18:09:57Z
2026-05-31T18:09:40Z,2026-05-31T20:09:40+0200,6aacff99-9564-44c3-8148-44a92f3205b7,2026-05-22T16:00:00Z,2026-05-22T18:00:00+0200,43.675,MW,BE,BE,actual_offshore_wind_generation,Wind Offshore | Actual Aggregated,2026-05-31T18:09:57Z
2026-05-31T18:09:40Z,2026-05-31T20:09:40+0200,6aacff99-9564-44c3-8148-44a92f3205b7,2026-05-22T17:00:00Z,2026-05-22T19:00:00+0200,38.825,MW,BE,BE,actual_offshore_wind_generation,Wind Offshore | Actual Aggregated,2026-05-31T18:09:57Z
2026-05-31T18:09:40Z,2026-05-31T20:09:40+0200,6aacff99-9564-44c3-8148-44a92f3205b7,2026-05-22T18:00:00Z,2026-05-22T20:00:00+0200,55.92,MW,BE,BE,actual_offshore_wind_generation,Wind Offshore | Actual Aggregated,2026-05-31T18:09:57Z
2026-05-31T18:09:40Z,2026-05-31T20:09:40+0200,6aacff99-9564-44c3-8148-44a92f3205b7,2026-05-22T19:00:00Z,2026-05-22T21:00:00+0200,57.4025,MW,BE,BE,actual_offshore_wind_generation,Wind Offshore | Actual Aggregated,2026-05-31T18:09:57Z
2026-05-31T18:09:40Z,2026-05-31T20:09:40+0200,6aacff99-9564-44c3-8148-44a92f3205b7,2026-05-22T20:00:00Z,2026-05-22T22:00:00+0200,2.615,MW,BE,BE,actual_offshore_wind_generation,Wind Offshore | Actual Aggregated,2026-05-31T18:09:57Z
2026-05-31T18:09:40Z,2026-05-31T20:09:40+0200,6aacff99-9564-44c3-8148-44a92f3205b7,2026-05-22T20:00:00Z,2026-05-22T22:00:00+0200,8.39,MW,BE,BE,actual_offshore_wind_generation,Wind Offshore | Actual Consumption,2026-05-31T18:09:57Z
2026-05-31T18:09:40Z,2026-05-31T20:09:40+0200,6aacff99-9564-44c3-8148-44a92f3205b7,2026-05-22T21:00:00Z,2026-05-22T23:00:00+0200,7.225,MW,BE,BE,actual_offshore_wind_generation,Wind Offshore | Actual Aggregated,2026-05-31T18:09:57Z
2026-05-31T18:09:40Z,2026-05-31T20:09:40+0200,6aacff99-9564-44c3-8148-44a92f3205b7,2026-05-22T21:00:00Z,2026-05-22T23:00:00+0200,3.7225,MW,BE,BE,actual_offshore_wind_generation,Wind Offshore | Actual Consumption,2026-05-31T18:09:57Z
2026-05-31T18:09:40Z,2026-05-31T20:09:40+0200,6aacff99-9564-44c3-8148-44a92f3205b7,2026-05-22T22:00:00Z,2026-05-23T00:00:00+0200,23.52,MW,BE,BE,actual_offshore_wind_generation,Wind Offshore | Actual Aggregated,2026-05-31T18:09:57Z
2026-05-31T18:09:40Z,2026-05-31T20:09:40+0200,6aacff99-9564-44c3-8148-44a92f3205b7,2026-05-22T23:00:00Z,2026-05-23T01:00:00+0200,15.865,MW,BE,BE,actual_offshore_wind_generation,Wind Offshore | Actual Aggregated,2026-05-31T18:09:57Z
2026-05-31T18:09:40Z,2026-05-31T20:09:40+0200,6aacff99-9564-44c3-8148-44a92f3205b7,2026-05-23T00:00:00Z,2026-05-23T02:00:00+0200,59.91,MW,BE,BE,actual_offshore_wind_generation,Wind Offshore | Actual Aggregated,2026-05-31T18:09:57Z
2026-05-31T18:09:40Z,2026-05-31T20:09:40+0200,6aacff99-9564-44c3-8148-44a92f3205b7,2026-05-23T01:00:00Z,2026-05-23T03:00:00+0200,135.265,MW,BE,BE,actual_offshore_wind_generation,Wind Offshore | Actual Aggregated,2026-05-31T18:09:57Z
2026-05-31T18:09:40Z,2026-05-31T20:09:40+0200,6aacff99-9564-44c3-8148-44a92f3205b7,2026-05-23T02:00:00Z,2026-05-23T04:00:00+0200,226.31,MW,BE,BE,actual_offshore_wind_generation,Wind Offshore | Actual Aggregated,2026-05-31T18:09:57Z
2026-05-31T18:09:40Z,2026-05-31T20:09:40+0200,6aacff99-9564-44c3-8148-44a92f3205b7,2026-05-23T03:00:00Z,2026-05-23T05:00:00+0200,341.05,MW,BE,BE,actual_offshore_wind_generation,Wind Offshore | Actual Aggregated,2026-05-31T18:09:57Z
2026-05-31T18:09:40Z,2026-05-31T20:09:40+0200,6aacff99-9564-44c3-8148-44a92f3205b7,2026-05-23T04:00:00Z,2026-05-23T06:00:00+0200,453.89,MW,BE,BE,actual_offshore_wind_generation,Wind Offshore | Actual Aggregated,2026-05-31T18:09:57Z
2026-05-31T18:09:40Z,2026-05-31T20:09:40+0200,6aacff99-9564-44c3-8148-44a92f3205b7,2026-05-23T05:00:00Z,2026-05-23T07:00:00+0200,430.71,MW,BE,BE,actual_offshore_wind_generation,Wind Offshore | Actual Aggregated,2026-05-31T18:09:57Z
2026-05-31T18:09:40Z,2026-05-31T20:09:40+0200,6aacff99-9564-44c3-8148-44a92f3205b7,2026-05-23T06:00:00Z,2026-05-23T08:00:00+0200,537.0075,MW,BE,BE,actual_offshore_wind_generation,Wind Offshore | Actual Aggregated,2026-05-31T18:09:57Z
2026-05-31T18:09:40Z,2026-05-31T20:09:40+0200,6aacff99-9564-44c3-8148-44a92f3205b7,2026-05-23T07:00:00Z,2026-05-23T09:00:00+0200,378.795,MW,BE,BE,actual_offshore_wind_generation,Wind Offshore | Actual Aggregated,2026-05-31T18:09:57Z
2026-05-31T18:09:40Z,2026-05-31T20:09:40+0200,6aacff99-9564-44c3-8148-44a92f3205b7,2026-05-23T08:00:00Z,2026-05-23T10:00:00+0200,296.98,MW,BE,BE,actual_offshore_wind_generation,Wind Offshore | Actual Aggregated,2026-05-31T18:09:57Z
2026-05-31T18:09:40Z,2026-05-31T20:09:40+0200,6aacff99-9564-44c3-8148-44a92f3205b7,2026-05-23T09:00:00Z,2026-05-23T11:00:00+0200,269.5375,MW,BE,BE,actual_offshore_wind_generation,Wind Offshore | Actual Aggregated,2026-05-31T18:09:57Z
2026-05-31T18:09:40Z,2026-05-31T20:09:40+0200,6aacff99-9564-44c3-8148-44a92f3205b7,2026-05-23T10:00:00Z,2026-05-23T12:00:00+0200,244.615,MW,BE,BE,actual_offshore_wind_generation,Wind Offshore | Actual Aggregated,2026-05-31T18:09:57Z
2026-05-31T18:09:40Z,2026-05-31T20:09:40+0200,6aacff99-9564-44c3-8148-44a92f3205b7,2026-05-23T11:00:00Z,2026-05-23T13:00:00+0200,231.14,MW,BE,BE,actual_offshore_wind_generation,Wind Offshore | Actual Aggregated,2026-05-31T18:09:57Z
2026-05-31T18:09:40Z,2026-05-31T20:09:40+0200,6aacff99-9564-44c3-8148-44a92f3205b7,2026-05-23T12:00:00Z,2026-05-23T14:00:00+0200,157.5475,MW,BE,BE,actual_offshore_wind_generation,Wind Offshore | Actual Aggregated,2026-05-31T18:09:57Z
2026-05-31T18:09:40Z,2026-05-31T20:09:40+0200,6aacff99-9564-44c3-8148-44a92f3205b7,2026-05-23T13:00:00Z,2026-05-23T15:00:00+0200,157.5975,MW,BE,BE,actual_offshore_wind_generation,Wind Offshore | Actual Aggregated,2026-05-31T18:09:57Z
2026-05-31T18:09:40Z,2026-05-31T20:09:40+0200,6aacff99-9564-44c3-8148-44a92f3205b7,2026-05-23T14:00:00Z,2026-05-23T16:00:00+0200,194.2625,MW,BE,BE,actual_offshore_wind_generation,Wind Offshore | Actual Aggregated,2026-05-31T18:09:57Z
2026-05-31T18:09:40Z,2026-05-31T20:09:40+0200,6aacff99-9564-44c3-8148-44a92f3205b7,2026-05-23T15:00:00Z,2026-05-23T17:00:00+0200,166.9475,MW,BE,BE,actual_offshore_wind_generation,Wind Offshore | Actual Aggregated,2026-05-31T18:09:57Z
2026-05-31T18:09:40Z,2026-05-31T20:09:40+0200,6aacff99-9564-44c3-8148-44a92f3205b7,2026-05-23T16:00:00Z,2026-05-23T18:00:00+0200,81.2575,MW,BE,BE,actual_offshore_wind_generation,Wind Offshore | Actual Aggregated,2026-05-31T18:09:57Z
2026-05-31T18:09:40Z,2026-05-31T20:09:40+0200,6aacff99-9564-44c3-8148-44a92f3205b7,2026-05-23T17:00:00Z,2026-05-23T19:00:00+0200,80.31,MW,BE,BE,actual_offshore_wind_generation,Wind Offshore | Actual Aggregated,2026-05-31T18:09:57Z
2026-05-31T18:09:40Z,2026-05-31T20:09:40+0200,6aacff99-9564-44c3-8148-44a92f3205b7,2026-05-23T18:00:00Z,2026-05-23T20:00:00+0200,112.0975,MW,BE,BE,actual_offshore_wind_generation,Wind Offshore | Actual Aggregated,2026-05-31T18:09:57Z
2026-05-31T18:09:40Z,2026-05-31T20:09:40+0200,6aacff99-9564-44c3-8148-44a92f3205b7,2026-05-23T19:00:00Z,2026-05-23T21:00:00+0200,201.5875,MW,BE,BE,actual_offshore_wind_generation,Wind Offshore | Actual Aggregated,2026-05-31T18:09:57Z
2026-05-31T18:09:40Z,2026-05-31T20:09:40+0200,6aacff99-9564-44c3-8148-44a92f3205b7,2026-05-23T20:00:00Z,2026-05-23T22:00:00+0200,211.0925,MW,BE,BE,actual_offshore_wind_generation,Wind Offshore | Actual Aggregated,2026-05-31T18:09:57Z
2026-05-31T18:09:40Z,2026-05-31T20:09:40+0200,6aacff99-9564-44c3-8148-44a92f3205b7,2026-05-23T21:00:00Z,2026-05-23T23:00:00+0200,170.3325,MW,BE,BE,actual_offshore_wind_generation,Wind Offshore | Actual Aggregated,2026-05-31T18:09:57Z
2026-05-31T18:09:40Z,2026-05-31T20:09:40+0200,6aacff99-9564-44c3-8148-44a92f3205b7,2026-05-23T22:00:00Z,2026-05-24T00:00:00+0200,131.36,MW,BE,BE,actual_offshore_wind_generation,Wind Offshore | Actual Aggregated,2026-05-31T18:09:57Z
2026-05-31T18:09:40Z,2026-05-31T20:09:40+0200,6aacff99-9564-44c3-8148-44a92f3205b7,2026-05-23T23:00:00Z,2026-05-24T01:00:00+0200,96.9375,MW,BE,BE,actual_offshore_wind_generation,Wind Offshore | Actual Aggregated,2026-05-31T18:09:57Z
2026-05-31T18:09:40Z,2026-05-31T20:09:40+0200,6aacff99-9564-44c3-8148-44a92f3205b7,2026-05-24T00:00:00Z,2026-05-24T02:00:00+0200,18.9925,MW,BE,BE,actual_offshore_wind_generation,Wind Offshore | Actual Aggregated,2026-05-31T18:09:57Z
2026-05-31T18:09:40Z,2026-05-31T20:09:40+0200,6aacff99-9564-44c3-8148-44a92f3205b7,2026-05-24T01:00:00Z,2026-05-24T03:00:00+0200,7.3375,MW,BE,BE,actual_offshore_wind_generation,Wind Offshore | Actual Aggregated,2026-05-31T18:09:57Z
2026-05-31T18:09:40Z,2026-05-31T20:09:40+0200,6aacff99-9564-44c3-8148-44a92f3205b7,2026-05-24T02:00:00Z,2026-05-24T04:00:00+0200,22.7625,MW,BE,BE,actual_offshore_wind_generation,Wind Offshore | Actual Aggregated,2026-05-31T18:09:57Z
2026-05-31T18:09:40Z,2026-05-31T20:09:40+0200,6aacff99-9564-44c3-8148-44a92f3205b7,2026-05-24T03:00:00Z,2026-05-24T05:00:00+0200,12.3975,MW,BE,BE,actual_offshore_wind_generation,Wind Offshore | Actual Aggregated,2026-05-31T18:09:57Z
2026-05-31T18:09:40Z,2026-05-31T20:09:40+0200,6aacff99-9564-44c3-8148-44a92f3205b7,2026-05-24T04:00:00Z,2026-05-24T06:00:00+0200,37.78,MW,BE,BE,actual_offshore_wind_generation,Wind Offshore | Actual Aggregated,2026-05-31T18:09:57Z
2026-05-31T18:09:40Z,2026-05-31T20:09:40+0200,6aacff99-9564-44c3-8148-44a92f3205b7,2026-05-24T05:00:00Z,2026-05-24T07:00:00+0200,48.6925,MW,BE,BE,actual_offshore_wind_generation,Wind Offshore | Actual Aggregated,2026-05-31T18:09:57Z
2026-05-31T18:09:40Z,2026-05-31T20:09:40+0200,6aacff99-9564-44c3-8148-44a92f3205b7,2026-05-24T06:00:00Z,2026-05-24T08:00:00+0200,65.54,MW,BE,BE,actual_offshore_wind_generation,Wind Offshore | Actual Aggregated,2026-05-31T18:09:57Z
2026-05-31T18:09:40Z,2026-05-31T20:09:40+0200,6aacff99-9564-44c3-8148-44a92f3205b7,2026-05-24T07:00:00Z,2026-05-24T09:00:00+0200,70.98,MW,BE,BE,actual_offshore_wind_generation,Wind Offshore | Actual Aggregated,2026-05-31T18:09:57Z
2026-05-31T18:09:40Z,2026-05-31T20:09:40+0200,6aacff99-9564-44c3-8148-44a92f3205b7,2026-05-24T08:00:00Z,2026-05-24T10:00:00+0200,30.1175,MW,BE,BE,actual_offshore_wind_generation,Wind Offshore | Actual Aggregated,2026-05-31T18:09:57Z
2026-05-31T18:09:40Z,2026-05-31T20:09:40+0200,6aacff99-9564-44c3-8148-44a92f3205b7,2026-05-24T09:00:00Z,2026-05-24T11:00:00+0200,5.9475,MW,BE,BE,actual_offshore_wind_generation,Wind Offshore | Actual Aggregated,2026-05-31T18:09:57Z
2026-05-31T18:09:40Z,2026-05-31T20:09:40+0200,6aacff99-9564-44c3-8148-44a92f3205b7,2026-05-24T09:00:00Z,2026-05-24T11:00:00+0200,0.11,MW,BE,BE,actual_offshore_wind_generation,Wind Offshore | Actual Consumption,2026-05-31T18:09:57Z
2026-05-31T18:09:40Z,2026-05-31T20:09:40+0200,6aacff99-9564-44c3-8148-44a92f3205b7,2026-05-24T10:00:00Z,2026-05-24T12:00:00+0200,5.9,MW,BE,BE,actual_offshore_wind_generation,Wind Offshore | Actual Aggregated,2026-05-31T18:09:57Z
2026-05-31T18:09:40Z,2026-05-31T20:09:40+0200,6aacff99-9564-44c3-8148-44a92f3205b7,2026-05-24T11:00:00Z,2026-05-24T13:00:00+0200,17.355,MW,BE,BE,actual_offshore_wind_generation,Wind Offshore | Actual Aggregated,2026-05-31T18:09:57Z
2026-05-31T18:09:40Z,2026-05-31T20:09:40+0200,6aacff99-9564-44c3-8148-44a92f3205b7,2026-05-24T12:00:00Z,2026-05-24T14:00:00+0200,86.435,MW,BE,BE,actual_offshore_wind_generation,Wind Offshore | Actual Aggregated,2026-05-31T18:09:57Z
2026-05-31T18:09:40Z,2026-05-31T20:09:40+0200,6aacff99-9564-44c3-8148-44a92f3205b7,2026-05-24T13:00:00Z,2026-05-24T15:00:00+0200,104.795,MW,BE,BE,actual_offshore_wind_generation,Wind Offshore | Actual Aggregated,2026-05-31T18:09:57Z
2026-05-31T18:09:40Z,2026-05-31T20:09:40+0200,6aacff99-9564-44c3-8148-44a92f3205b7,2026-05-24T14:00:00Z,2026-05-24T16:00:00+0200,145.2,MW,BE,BE,actual_offshore_wind_generation,Wind Offshore | Actual Aggregated,2026-05-31T18:09:57Z
2026-05-31T18:09:40Z,2026-05-31T20:09:40+0200,6aacff99-9564-44c3-8148-44a92f3205b7,2026-05-24T15:00:00Z,2026-05-24T17:00:00+0200,182.415,MW,BE,BE,actual_offshore_wind_generation,Wind Offshore | Actual Aggregated,2026-05-31T18:09:57Z
2026-05-31T18:09:40Z,2026-05-31T20:09:40+0200,6aacff99-9564-44c3-8148-44a92f3205b7,2026-05-24T16:00:00Z,2026-05-24T18:00:00+0200,199.955,MW,BE,BE,actual_offshore_wind_generation,Wind Offshore | Actual Aggregated,2026-05-31T18:09:57Z
2026-05-31T18:09:40Z,2026-05-31T20:09:40+0200,6aacff99-9564-44c3-8148-44a92f3205b7,2026-05-24T17:00:00Z,2026-05-24T19:00:00+0200,194.3125,MW,BE,BE,actual_offshore_wind_generation,Wind Offshore | Actual Aggregated,2026-05-31T18:09:57Z
2026-05-31T18:09:40Z,2026-05-31T20:09:40+0200,6aacff99-9564-44c3-8148-44a92f3205b7,2026-05-24T18:00:00Z,2026-05-24T20:00:00+0200,181.97,MW,BE,BE,actual_offshore_wind_generation,Wind Offshore | Actual Aggregated,2026-05-31T18:09:57Z
2026-05-31T18:09:40Z,2026-05-31T20:09:40+0200,6aacff99-9564-44c3-8148-44a92f3205b7,2026-05-24T19:00:00Z,2026-05-24T21:00:00+0200,200.865,MW,BE,BE,actual_offshore_wind_generation,Wind Offshore | Actual Aggregated,2026-05-31T18:09:57Z
2026-05-31T18:09:40Z,2026-05-31T20:09:40+0200,6aacff99-9564-44c3-8148-44a92f3205b7,2026-05-24T20:00:00Z,2026-05-24T22:00:00+0200,199.835,MW,BE,BE,actual_offshore_wind_generation,Wind Offshore | Actual Aggregated,2026-05-31T18:09:57Z
2026-05-31T18:09:40Z,2026-05-31T20:09:40+0200,6aacff99-9564-44c3-8148-44a92f3205b7,2026-05-24T21:00:00Z,2026-05-24T23:00:00+0200,199.4,MW,BE,BE,actual_offshore_wind_generation,Wind Offshore | Actual Aggregated,2026-05-31T18:09:57Z
2026-05-31T18:09:40Z,2026-05-31T20:09:40+0200,6aacff99-9564-44c3-8148-44a92f3205b7,2026-05-24T22:00:00Z,2026-05-25T00:00:00+0200,200.385,MW,BE,BE,actual_offshore_wind_generation,Wind Offshore | Actual Aggregated,2026-05-31T18:09:57Z
2026-05-31T18:09:40Z,2026-05-31T20:09:40+0200,6aacff99-9564-44c3-8148-44a92f3205b7,2026-05-24T23:00:00Z,2026-05-25T01:00:00+0200,147.585,MW,BE,BE,actual_offshore_wind_generation,Wind Offshore | Actual Aggregated,2026-05-31T18:09:57Z
2026-05-31T18:09:40Z,2026-05-31T20:09:40+0200,6aacff99-9564-44c3-8148-44a92f3205b7,2026-05-25T00:00:00Z,2026-05-25T02:00:00+0200,124.56,MW,BE,BE,actual_offshore_wind_generation,Wind Offshore | Actual Aggregated,2026-05-31T18:09:57Z
2026-05-31T18:09:40Z,2026-05-31T20:09:40+0200,6aacff99-9564-44c3-8148-44a92f3205b7,2026-05-25T01:00:00Z,2026-05-25T03:00:00+0200,80.9525,MW,BE,BE,actual_offshore_wind_generation,Wind Offshore | Actual Aggregated,2026-05-31T18:09:57Z
2026-05-31T18:09:40Z,2026-05-31T20:09:40+0200,6aacff99-9564-44c3-8148-44a92f3205b7,2026-05-25T02:00:00Z,2026-05-25T04:00:00+0200,20.71,MW,BE,BE,actual_offshore_wind_generation,Wind Offshore | Actual Aggregated,2026-05-31T18:09:57Z
2026-05-31T18:09:40Z,2026-05-31T20:09:40+0200,6aacff99-9564-44c3-8148-44a92f3205b7,2026-05-25T03:00:00Z,2026-05-25T05:00:00+0200,21.775,MW,BE,BE,actual_offshore_wind_generation,Wind Offshore | Actual Aggregated,2026-05-31T18:09:57Z
2026-05-31T18:09:40Z,2026-05-31T20:09:40+0200,6aacff99-9564-44c3-8148-44a92f3205b7,2026-05-25T04:00:00Z,2026-05-25T06:00:00+0200,16.8525,MW,BE,BE,actual_offshore_wind_generation,Wind Offshore | Actual Aggregated,2026-05-31T18:09:57Z
2026-05-31T18:09:40Z,2026-05-31T20:09:40+0200,6aacff99-9564-44c3-8148-44a92f3205b7,2026-05-25T05:00:00Z,2026-05-25T07:00:00+0200,8.6925,MW,BE,BE,actual_offshore_wind_generation,Wind Offshore | Actual Aggregated,2026-05-31T18:09:57Z
2026-05-31T18:09:40Z,2026-05-31T20:09:40+0200,6aacff99-9564-44c3-8148-44a92f3205b7,2026-05-25T06:00:00Z,2026-05-25T08:00:00+0200,3.34,MW,BE,BE,actual_offshore_wind_generation,Wind Offshore | Actual Aggregated,2026-05-31T18:09:57Z
2026-05-31T18:09:40Z,2026-05-31T20:09:40+0200,6aacff99-9564-44c3-8148-44a92f3205b7,2026-05-25T06:00:00Z,2026-05-25T08:00:00+0200,4.45,MW,BE,BE,actual_offshore_wind_generation,Wind Offshore | Actual Consumption,2026-05-31T18:09:57Z
2026-05-31T18:09:40Z,2026-05-31T20:09:40+0200,6aacff99-9564-44c3-8148-44a92f3205b7,2026-05-25T07:00:00Z,2026-05-25T09:00:00+0200,20.9125,MW,BE,BE,actual_offshore_wind_generation,Wind Offshore | Actual Consumption,2026-05-31T18:09:57Z
2026-05-31T18:09:40Z,2026-05-31T20:09:40+0200,6aacff99-9564-44c3-8148-44a92f3205b7,2026-05-25T08:00:00Z,2026-05-25T10:00:00+0200,23.8225,MW,BE,BE,actual_offshore_wind_generation,Wind Offshore | Actual Consumption,2026-05-31T18:09:57Z
2026-05-31T18:09:40Z,2026-05-31T20:09:40+0200,6aacff99-9564-44c3-8148-44a92f3205b7,2026-05-25T09:00:00Z,2026-05-25T11:00:00+0200,28.4475,MW,BE,BE,actual_offshore_wind_generation,Wind Offshore | Actual Consumption,2026-05-31T18:09:57Z
2026-05-31T18:09:40Z,2026-05-31T20:09:40+0200,6aacff99-9564-44c3-8148-44a92f3205b7,2026-05-25T10:00:00Z,2026-05-25T12:00:00+0200,27.695,MW,BE,BE,actual_offshore_wind_generation,Wind Offshore | Actual Consumption,2026-05-31T18:09:57Z
2026-05-31T18:09:40Z,2026-05-31T20:09:40+0200,6aacff99-9564-44c3-8148-44a92f3205b7,2026-05-25T11:00:00Z,2026-05-25T13:00:00+0200,27.27,MW,BE,BE,actual_offshore_wind_generation,Wind Offshore | Actual Consumption,2026-05-31T18:09:57Z
2026-05-31T18:09:40Z,2026-05-31T20:09:40+0200,6aacff99-9564-44c3-8148-44a92f3205b7,2026-05-25T12:00:00Z,2026-05-25T14:00:00+0200,19.6075,MW,BE,BE,actual_offshore_wind_generation,Wind Offshore | Actual Consumption,2026-05-31T18:09:57Z
2026-05-31T18:09:40Z,2026-05-31T20:09:40+0200,6aacff99-9564-44c3-8148-44a92f3205b7,2026-05-25T13:00:00Z,2026-05-25T15:00:00+0200,8.035,MW,BE,BE,actual_offshore_wind_generation,Wind Offshore | Actual Aggregated,2026-05-31T18:09:57Z
2026-05-31T18:09:40Z,2026-05-31T20:09:40+0200,6aacff99-9564-44c3-8148-44a92f3205b7,2026-05-25T13:00:00Z,2026-05-25T15:00:00+0200,2.895,MW,BE,BE,actual_offshore_wind_generation,Wind Offshore | Actual Consumption,2026-05-31T18:09:57Z
2026-05-31T18:09:40Z,2026-05-31T20:09:40+0200,6aacff99-9564-44c3-8148-44a92f3205b7,2026-05-25T14:00:00Z,2026-05-25T16:00:00+0200,15.9,MW,BE,BE,actual_offshore_wind_generation,Wind Offshore | Actual Aggregated,2026-05-31T18:09:57Z
2026-05-31T18:09:40Z,2026-05-31T20:09:40+0200,6aacff99-9564-44c3-8148-44a92f3205b7,2026-05-25T15:00:00Z,2026-05-25T17:00:00+0200,27.0325,MW,BE,BE,actual_offshore_wind_generation,Wind Offshore | Actual Aggregated,2026-05-31T18:09:57Z
2026-05-31T18:09:40Z,2026-05-31T20:09:40+0200,6aacff99-9564-44c3-8148-44a92f3205b7,2026-05-25T16:00:00Z,2026-05-25T18:00:00+0200,24.3025,MW,BE,BE,actual_offshore_wind_generation,Wind Offshore | Actual Aggregated,2026-05-31T18:09:57Z
2026-05-31T18:09:40Z,2026-05-31T20:09:40+0200,6aacff99-9564-44c3-8148-44a92f3205b7,2026-05-25T17:00:00Z,2026-05-25T19:00:00+0200,28.825,MW,BE,BE,actual_offshore_wind_generation,Wind Offshore | Actual Aggregated,2026-05-31T18:09:57Z
2026-05-31T18:09:40Z,2026-05-31T20:09:40+0200,6aacff99-9564-44c3-8148-44a92f3205b7,2026-05-25T18:00:00Z,2026-05-25T20:00:00+0200,17.12,MW,BE,BE,actual_offshore_wind_generation,Wind Offshore | Actual Aggregated,2026-05-31T18:09:57Z
2026-05-31T18:09:40Z,2026-05-31T20:09:40+0200,6aacff99-9564-44c3-8148-44a92f3205b7,2026-05-25T19:00:00Z,2026-05-25T21:00:00+0200,27.75,MW,BE,BE,actual_offshore_wind_generation,Wind Offshore | Actual Aggregated,2026-05-31T18:09:57Z
2026-05-31T18:09:40Z,2026-05-31T20:09:40+0200,6aacff99-9564-44c3-8148-44a92f3205b7,2026-05-25T20:00:00Z,2026-05-25T22:00:00+0200,37.0075,MW,BE,BE,actual_offshore_wind_generation,Wind Offshore | Actual Aggregated,2026-05-31T18:09:57Z
2026-05-31T18:09:40Z,2026-05-31T20:09:40+0200,6aacff99-9564-44c3-8148-44a92f3205b7,2026-05-25T21:00:00Z,2026-05-25T23:00:00+0200,70.21,MW,BE,BE,actual_offshore_wind_generation,Wind Offshore | Actual Aggregated,2026-05-31T18:09:57Z
2026-05-31T18:09:40Z,2026-05-31T20:09:40+0200,6aacff99-9564-44c3-8148-44a92f3205b7,2026-05-25T22:00:00Z,2026-05-26T00:00:00+0200,61.5925,MW,BE,BE,actual_offshore_wind_generation,Wind Offshore | Actual Aggregated,2026-05-31T18:09:57Z
2026-05-31T18:09:40Z,2026-05-31T20:09:40+0200,6aacff99-9564-44c3-8148-44a92f3205b7,2026-05-25T23:00:00Z,2026-05-26T01:00:00+0200,99.79,MW,BE,BE,actual_offshore_wind_generation,Wind Offshore | Actual Aggregated,2026-05-31T18:09:57Z
2026-05-31T18:09:40Z,2026-05-31T20:09:40+0200,6aacff99-9564-44c3-8148-44a92f3205b7,2026-05-26T00:00:00Z,2026-05-26T02:00:00+0200,138.3775,MW,BE,BE,actual_offshore_wind_generation,Wind Offshore | Actual Aggregated,2026-05-31T18:09:57Z
2026-05-31T18:09:40Z,2026-05-31T20:09:40+0200,6aacff99-9564-44c3-8148-44a92f3205b7,2026-05-26T01:00:00Z,2026-05-26T03:00:00+0200,107.645,MW,BE,BE,actual_offshore_wind_generation,Wind Offshore | Actual Aggregated,2026-05-31T18:09:57Z
2026-05-31T18:09:40Z,2026-05-31T20:09:40+0200,6aacff99-9564-44c3-8148-44a92f3205b7,2026-05-26T02:00:00Z,2026-05-26T04:00:00+0200,68.375,MW,BE,BE,actual_offshore_wind_generation,Wind Offshore | Actual Aggregated,2026-05-31T18:09:57Z
2026-05-31T18:09:40Z,2026-05-31T20:09:40+0200,6aacff99-9564-44c3-8148-44a92f3205b7,2026-05-26T03:00:00Z,2026-05-26T05:00:00+0200,73.0675,MW,BE,BE,actual_offshore_wind_generation,Wind Offshore | Actual Aggregated,2026-05-31T18:09:57Z
2026-05-31T18:09:40Z,2026-05-31T20:09:40+0200,6aacff99-9564-44c3-8148-44a92f3205b7,2026-05-26T04:00:00Z,2026-05-26T06:00:00+0200,76.6875,MW,BE,BE,actual_offshore_wind_generation,Wind Offshore | Actual Aggregated,2026-05-31T18:09:57Z
2026-05-31T18:09:40Z,2026-05-31T20:09:40+0200,6aacff99-9564-44c3-8148-44a92f3205b7,2026-05-26T05:00:00Z,2026-05-26T07:00:00+0200,55.0875,MW,BE,BE,actual_offshore_wind_generation,Wind Offshore | Actual Aggregated,2026-05-31T18:09:57Z
2026-05-31T18:09:40Z,2026-05-31T20:09:40+0200,6aacff99-9564-44c3-8148-44a92f3205b7,2026-05-26T06:00:00Z,2026-05-26T08:00:00+0200,33.665,MW,BE,BE,actual_offshore_wind_generation,Wind Offshore | Actual Aggregated,2026-05-31T18:09:57Z
2026-05-31T18:09:40Z,2026-05-31T20:09:40+0200,6aacff99-9564-44c3-8148-44a92f3205b7,2026-05-26T07:00:00Z,2026-05-26T09:00:00+0200,3.4375,MW,BE,BE,actual_offshore_wind_generation,Wind Offshore | Actual Aggregated,2026-05-31T18:09:57Z
2026-05-31T18:09:40Z,2026-05-31T20:09:40+0200,6aacff99-9564-44c3-8148-44a92f3205b7,2026-05-26T07:00:00Z,2026-05-26T09:00:00+0200,4.805,MW,BE,BE,actual_offshore_wind_generation,Wind Offshore | Actual Consumption,2026-05-31T18:09:57Z
2026-05-31T18:09:40Z,2026-05-31T20:09:40+0200,6aacff99-9564-44c3-8148-44a92f3205b7,2026-05-26T08:00:00Z,2026-05-26T10:00:00+0200,26.105,MW,BE,BE,actual_offshore_wind_generation,Wind Offshore | Actual Consumption,2026-05-31T18:09:57Z
2026-05-31T18:09:40Z,2026-05-31T20:09:40+0200,6aacff99-9564-44c3-8148-44a92f3205b7,2026-05-26T09:00:00Z,2026-05-26T11:00:00+0200,27.26,MW,BE,BE,actual_offshore_wind_generation,Wind Offshore | Actual Consumption,2026-05-31T18:09:57Z
2026-05-31T18:09:40Z,2026-05-31T20:09:40+0200,6aacff99-9564-44c3-8148-44a92f3205b7,2026-05-26T10:00:00Z,2026-05-26T12:00:00+0200,27.4175,MW,BE,BE,actual_offshore_wind_generation,Wind Offshore | Actual Consumption,2026-05-31T18:09:57Z
2026-05-31T18:09:40Z,2026-05-31T20:09:40+0200,6aacff99-9564-44c3-8148-44a92f3205b7,2026-05-26T11:00:00Z,2026-05-26T13:00:00+0200,27.55,MW,BE,BE,actual_offshore_wind_generation,Wind Offshore | Actual Consumption,2026-05-31T18:09:57Z
2026-05-31T18:09:40Z,2026-05-31T20:09:40+0200,6aacff99-9564-44c3-8148-44a92f3205b7,2026-05-26T12:00:00Z,2026-05-26T14:00:00+0200,28.71,MW,BE,BE,actual_offshore_wind_generation,Wind Offshore | Actual Consumption,2026-05-31T18:09:57Z
2026-05-31T18:09:40Z,2026-05-31T20:09:40+0200,6aacff99-9564-44c3-8148-44a92f3205b7,2026-05-26T13:00:00Z,2026-05-26T15:00:00+0200,29.9325,MW,BE,BE,actual_offshore_wind_generation,Wind Offshore | Actual Consumption,2026-05-31T18:09:57Z
2026-05-31T18:09:40Z,2026-05-31T20:09:40+0200,6aacff99-9564-44c3-8148-44a92f3205b7,2026-05-26T14:00:00Z,2026-05-26T16:00:00+0200,30.5375,MW,BE,BE,actual_offshore_wind_generation,Wind Offshore | Actual Consumption,2026-05-31T18:09:57Z
2026-05-31T18:09:40Z,2026-05-31T20:09:40+0200,6aacff99-9564-44c3-8148-44a92f3205b7,2026-05-26T15:00:00Z,2026-05-26T17:00:00+0200,29.3075,MW,BE,BE,actual_offshore_wind_generation,Wind Offshore | Actual Consumption,2026-05-31T18:09:57Z
2026-05-31T18:09:40Z,2026-05-31T20:09:40+0200,6aacff99-9564-44c3-8148-44a92f3205b7,2026-05-26T16:00:00Z,2026-05-26T18:00:00+0200,30.2625,MW,BE,BE,actual_offshore_wind_generation,Wind Offshore | Actual Consumption,2026-05-31T18:09:57Z
2026-05-31T18:09:40Z,2026-05-31T20:09:40+0200,6aacff99-9564-44c3-8148-44a92f3205b7,2026-05-26T17:00:00Z,2026-05-26T19:00:00+0200,31.0,MW,BE,BE,actual_offshore_wind_generation,Wind Offshore | Actual Consumption,2026-05-31T18:09:57Z
2026-05-31T18:09:40Z,2026-05-31T20:09:40+0200,6aacff99-9564-44c3-8148-44a92f3205b7,2026-05-26T18:00:00Z,2026-05-26T20:00:00+0200,30.5075,MW,BE,BE,actual_offshore_wind_generation,Wind Offshore | Actual Consumption,2026-05-31T18:09:57Z
2026-05-31T18:09:40Z,2026-05-31T20:09:40+0200,6aacff99-9564-44c3-8148-44a92f3205b7,2026-05-26T19:00:00Z,2026-05-26T21:00:00+0200,5.3975,MW,BE,BE,actual_offshore_wind_generation,Wind Offshore | Actual Aggregated,2026-05-31T18:09:57Z
2026-05-31T18:09:40Z,2026-05-31T20:09:40+0200,6aacff99-9564-44c3-8148-44a92f3205b7,2026-05-26T19:00:00Z,2026-05-26T21:00:00+0200,13.84,MW,BE,BE,actual_offshore_wind_generation,Wind Offshore | Actual Consumption,2026-05-31T18:09:57Z
2026-05-31T18:09:40Z,2026-05-31T20:09:40+0200,6aacff99-9564-44c3-8148-44a92f3205b7,2026-05-26T20:00:00Z,2026-05-26T22:00:00+0200,54.2975,MW,BE,BE,actual_offshore_wind_generation,Wind Offshore | Actual Aggregated,2026-05-31T18:09:57Z
2026-05-31T18:09:40Z,2026-05-31T20:09:40+0200,6aacff99-9564-44c3-8148-44a92f3205b7,2026-05-26T21:00:00Z,2026-05-26T23:00:00+0200,241.45,MW,BE,BE,actual_offshore_wind_generation,Wind Offshore | Actual Aggregated,2026-05-31T18:09:57Z
2026-05-31T18:09:40Z,2026-05-31T20:09:40+0200,6aacff99-9564-44c3-8148-44a92f3205b7,2026-05-26T22:00:00Z,2026-05-27T00:00:00+0200,247.6275,MW,BE,BE,actual_offshore_wind_generation,Wind Offshore | Actual Aggregated,2026-05-31T18:09:57Z
2026-05-31T18:09:40Z,2026-05-31T20:09:40+0200,6aacff99-9564-44c3-8148-44a92f3205b7,2026-05-26T23:00:00Z,2026-05-27T01:00:00+0200,221.855,MW,BE,BE,actual_offshore_wind_generation,Wind Offshore | Actual Aggregated,2026-05-31T18:09:57Z
2026-05-31T18:09:40Z,2026-05-31T20:09:40+0200,6aacff99-9564-44c3-8148-44a92f3205b7,2026-05-27T00:00:00Z,2026-05-27T02:00:00+0200,208.37,MW,BE,BE,actual_offshore_wind_generation,Wind Offshore | Actual Aggregated,2026-05-31T18:09:57Z
2026-05-31T18:09:40Z,2026-05-31T20:09:40+0200,6aacff99-9564-44c3-8148-44a92f3205b7,2026-05-27T01:00:00Z,2026-05-27T03:00:00+0200,247.4375,MW,BE,BE,actual_offshore_wind_generation,Wind Offshore | Actual Aggregated,2026-05-31T18:09:57Z
2026-05-31T18:09:40Z,2026-05-31T20:09:40+0200,6aacff99-9564-44c3-8148-44a92f3205b7,2026-05-27T02:00:00Z,2026-05-27T04:00:00+0200,386.965,MW,BE,BE,actual_offshore_wind_generation,Wind Offshore | Actual Aggregated,2026-05-31T18:09:57Z
2026-05-31T18:09:40Z,2026-05-31T20:09:40+0200,6aacff99-9564-44c3-8148-44a92f3205b7,2026-05-27T03:00:00Z,2026-05-27T05:00:00+0200,441.34,MW,BE,BE,actual_offshore_wind_generation,Wind Offshore | Actual Aggregated,2026-05-31T18:09:57Z
2026-05-31T18:09:40Z,2026-05-31T20:09:40+0200,6aacff99-9564-44c3-8148-44a92f3205b7,2026-05-27T04:00:00Z,2026-05-27T06:00:00+0200,578.345,MW,BE,BE,actual_offshore_wind_generation,Wind Offshore | Actual Aggregated,2026-05-31T18:09:57Z
2026-05-31T18:09:40Z,2026-05-31T20:09:40+0200,6aacff99-9564-44c3-8148-44a92f3205b7,2026-05-27T05:00:00Z,2026-05-27T07:00:00+0200,565.975,MW,BE,BE,actual_offshore_wind_generation,Wind Offshore | Actual Aggregated,2026-05-31T18:09:57Z
2026-05-31T18:09:40Z,2026-05-31T20:09:40+0200,6aacff99-9564-44c3-8148-44a92f3205b7,2026-05-27T06:00:00Z,2026-05-27T08:00:00+0200,441.1075,MW,BE,BE,actual_offshore_wind_generation,Wind Offshore | Actual Aggregated,2026-05-31T18:09:57Z
2026-05-31T18:09:40Z,2026-05-31T20:09:40+0200,6aacff99-9564-44c3-8148-44a92f3205b7,2026-05-27T07:00:00Z,2026-05-27T09:00:00+0200,444.375,MW,BE,BE,actual_offshore_wind_generation,Wind Offshore | Actual Aggregated,2026-05-31T18:09:57Z
2026-05-31T18:09:40Z,2026-05-31T20:09:40+0200,6aacff99-9564-44c3-8148-44a92f3205b7,2026-05-27T08:00:00Z,2026-05-27T10:00:00+0200,511.565,MW,BE,BE,actual_offshore_wind_generation,Wind Offshore | Actual Aggregated,2026-05-31T18:09:57Z
2026-05-31T18:09:40Z,2026-05-31T20:09:40+0200,6aacff99-9564-44c3-8148-44a92f3205b7,2026-05-27T09:00:00Z,2026-05-27T11:00:00+0200,617.265,MW,BE,BE,actual_offshore_wind_generation,Wind Offshore | Actual Aggregated,2026-05-31T18:09:57Z
2026-05-31T18:09:40Z,2026-05-31T20:09:40+0200,6aacff99-9564-44c3-8148-44a92f3205b7,2026-05-27T10:00:00Z,2026-05-27T12:00:00+0200,686.2675,MW,BE,BE,actual_offshore_wind_generation,Wind Offshore | Actual Aggregated,2026-05-31T18:09:57Z
2026-05-31T18:09:40Z,2026-05-31T20:09:40+0200,6aacff99-9564-44c3-8148-44a92f3205b7,2026-05-27T11:00:00Z,2026-05-27T13:00:00+0200,764.1725,MW,BE,BE,actual_offshore_wind_generation,Wind Offshore | Actual Aggregated,2026-05-31T18:09:57Z
2026-05-31T18:09:40Z,2026-05-31T20:09:40+0200,6aacff99-9564-44c3-8148-44a92f3205b7,2026-05-27T12:00:00Z,2026-05-27T14:00:00+0200,897.7875,MW,BE,BE,actual_offshore_wind_generation,Wind Offshore | Actual Aggregated,2026-05-31T18:09:57Z
2026-05-31T18:09:40Z,2026-05-31T20:09:40+0200,6aacff99-9564-44c3-8148-44a92f3205b7,2026-05-27T13:00:00Z,2026-05-27T15:00:00+0200,1005.115,MW,BE,BE,actual_offshore_wind_generation,Wind Offshore | Actual Aggregated,2026-05-31T18:09:57Z
2026-05-31T18:09:40Z,2026-05-31T20:09:40+0200,6aacff99-9564-44c3-8148-44a92f3205b7,2026-05-27T14:00:00Z,2026-05-27T16:00:00+0200,1033.3475,MW,BE,BE,actual_offshore_wind_generation,Wind Offshore | Actual Aggregated,2026-05-31T18:09:57Z
2026-05-31T18:09:40Z,2026-05-31T20:09:40+0200,6aacff99-9564-44c3-8148-44a92f3205b7,2026-05-27T15:00:00Z,2026-05-27T17:00:00+0200,1083.46,MW,BE,BE,actual_offshore_wind_generation,Wind Offshore | Actual Aggregated,2026-05-31T18:09:57Z
2026-05-31T18:09:40Z,2026-05-31T20:09:40+0200,6aacff99-9564-44c3-8148-44a92f3205b7,2026-05-27T16:00:00Z,2026-05-27T18:00:00+0200,1034.1775,MW,BE,BE,actual_offshore_wind_generation,Wind Offshore | Actual Aggregated,2026-05-31T18:09:57Z
2026-05-31T18:09:40Z,2026-05-31T20:09:40+0200,6aacff99-9564-44c3-8148-44a92f3205b7,2026-05-27T17:00:00Z,2026-05-27T19:00:00+0200,905.77,MW,BE,BE,actual_offshore_wind_generation,Wind Offshore | Actual Aggregated,2026-05-31T18:09:57Z
2026-05-31T18:09:40Z,2026-05-31T20:09:40+0200,6aacff99-9564-44c3-8148-44a92f3205b7,2026-05-27T18:00:00Z,2026-05-27T20:00:00+0200,887.44,MW,BE,BE,actual_offshore_wind_generation,Wind Offshore | Actual Aggregated,2026-05-31T18:09:57Z
2026-05-31T18:09:40Z,2026-05-31T20:09:40+0200,6aacff99-9564-44c3-8148-44a92f3205b7,2026-05-27T19:00:00Z,2026-05-27T21:00:00+0200,845.415,MW,BE,BE,actual_offshore_wind_generation,Wind Offshore | Actual Aggregated,2026-05-31T18:09:57Z
2026-05-31T18:09:40Z,2026-05-31T20:09:40+0200,6aacff99-9564-44c3-8148-44a92f3205b7,2026-05-27T20:00:00Z,2026-05-27T22:00:00+0200,806.34,MW,BE,BE,actual_offshore_wind_generation,Wind Offshore | Actual Aggregated,2026-05-31T18:09:57Z
2026-05-31T18:09:40Z,2026-05-31T20:09:40+0200,6aacff99-9564-44c3-8148-44a92f3205b7,2026-05-27T21:00:00Z,2026-05-27T23:00:00+0200,802.56,MW,BE,BE,actual_offshore_wind_generation,Wind Offshore | Actual Aggregated,2026-05-31T18:09:57Z
2026-05-31T18:09:40Z,2026-05-31T20:09:40+0200,6aacff99-9564-44c3-8148-44a92f3205b7,2026-05-27T22:00:00Z,2026-05-28T00:00:00+0200,713.995,MW,BE,BE,actual_offshore_wind_generation,Wind Offshore | Actual Aggregated,2026-05-31T18:09:57Z
2026-05-31T18:09:40Z,2026-05-31T20:09:40+0200,6aacff99-9564-44c3-8148-44a92f3205b7,2026-05-27T23:00:00Z,2026-05-28T01:00:00+0200,597.3975,MW,BE,BE,actual_offshore_wind_generation,Wind Offshore | Actual Aggregated,2026-05-31T18:09:57Z
2026-05-31T18:09:40Z,2026-05-31T20:09:40+0200,6aacff99-9564-44c3-8148-44a92f3205b7,2026-05-28T00:00:00Z,2026-05-28T02:00:00+0200,595.2775,MW,BE,BE,actual_offshore_wind_generation,Wind Offshore | Actual Aggregated,2026-05-31T18:09:57Z
2026-05-31T18:09:40Z,2026-05-31T20:09:40+0200,6aacff99-9564-44c3-8148-44a92f3205b7,2026-05-28T01:00:00Z,2026-05-28T03:00:00+0200,711.46,MW,BE,BE,actual_offshore_wind_generation,Wind Offshore | Actual Aggregated,2026-05-31T18:09:57Z
2026-05-31T18:09:40Z,2026-05-31T20:09:40+0200,6aacff99-9564-44c3-8148-44a92f3205b7,2026-05-28T02:00:00Z,2026-05-28T04:00:00+0200,624.465,MW,BE,BE,actual_offshore_wind_generation,Wind Offshore | Actual Aggregated,2026-05-31T18:09:57Z
2026-05-31T18:09:40Z,2026-05-31T20:09:40+0200,6aacff99-9564-44c3-8148-44a92f3205b7,2026-05-28T03:00:00Z,2026-05-28T05:00:00+0200,598.285,MW,BE,BE,actual_offshore_wind_generation,Wind Offshore | Actual Aggregated,2026-05-31T18:09:57Z
2026-05-31T18:09:40Z,2026-05-31T20:09:40+0200,6aacff99-9564-44c3-8148-44a92f3205b7,2026-05-28T04:00:00Z,2026-05-28T06:00:00+0200,612.1425,MW,BE,BE,actual_offshore_wind_generation,Wind Offshore | Actual Aggregated,2026-05-31T18:09:57Z
2026-05-31T18:09:40Z,2026-05-31T20:09:40+0200,6aacff99-9564-44c3-8148-44a92f3205b7,2026-05-28T05:00:00Z,2026-05-28T07:00:00+0200,536.1575,MW,BE,BE,actual_offshore_wind_generation,Wind Offshore | Actual Aggregated,2026-05-31T18:09:57Z
2026-05-31T18:09:40Z,2026-05-31T20:09:40+0200,6aacff99-9564-44c3-8148-44a92f3205b7,2026-05-28T06:00:00Z,2026-05-28T08:00:00+0200,314.515,MW,BE,BE,actual_offshore_wind_generation,Wind Offshore | Actual Aggregated,2026-05-31T18:09:57Z
2026-05-31T18:09:40Z,2026-05-31T20:09:40+0200,6aacff99-9564-44c3-8148-44a92f3205b7,2026-05-28T07:00:00Z,2026-05-28T09:00:00+0200,305.6225,MW,BE,BE,actual_offshore_wind_generation,Wind Offshore | Actual Aggregated,2026-05-31T18:09:57Z
2026-05-31T18:09:40Z,2026-05-31T20:09:40+0200,6aacff99-9564-44c3-8148-44a92f3205b7,2026-05-28T08:00:00Z,2026-05-28T10:00:00+0200,375.3775,MW,BE,BE,actual_offshore_wind_generation,Wind Offshore | Actual Aggregated,2026-05-31T18:09:57Z
2026-05-31T18:09:40Z,2026-05-31T20:09:40+0200,6aacff99-9564-44c3-8148-44a92f3205b7,2026-05-28T09:00:00Z,2026-05-28T11:00:00+0200,331.8575,MW,BE,BE,actual_offshore_wind_generation,Wind Offshore | Actual Aggregated,2026-05-31T18:09:57Z
2026-05-31T18:09:40Z,2026-05-31T20:09:40+0200,6aacff99-9564-44c3-8148-44a92f3205b7,2026-05-28T10:00:00Z,2026-05-28T12:00:00+0200,422.3075,MW,BE,BE,actual_offshore_wind_generation,Wind Offshore | Actual Aggregated,2026-05-31T18:09:57Z
2026-05-31T18:09:40Z,2026-05-31T20:09:40+0200,6aacff99-9564-44c3-8148-44a92f3205b7,2026-05-28T11:00:00Z,2026-05-28T13:00:00+0200,458.3675,MW,BE,BE,actual_offshore_wind_generation,Wind Offshore | Actual Aggregated,2026-05-31T18:09:57Z
2026-05-31T18:09:40Z,2026-05-31T20:09:40+0200,6aacff99-9564-44c3-8148-44a92f3205b7,2026-05-28T12:00:00Z,2026-05-28T14:00:00+0200,449.365,MW,BE,BE,actual_offshore_wind_generation,Wind Offshore | Actual Aggregated,2026-05-31T18:09:57Z
2026-05-31T18:09:40Z,2026-05-31T20:09:40+0200,6aacff99-9564-44c3-8148-44a92f3205b7,2026-05-28T13:00:00Z,2026-05-28T15:00:00+0200,526.3775,MW,BE,BE,actual_offshore_wind_generation,Wind Offshore | Actual Aggregated,2026-05-31T18:09:57Z
2026-05-31T18:09:40Z,2026-05-31T20:09:40+0200,6aacff99-9564-44c3-8148-44a92f3205b7,2026-05-28T14:00:00Z,2026-05-28T16:00:00+0200,558.7175,MW,BE,BE,actual_offshore_wind_generation,Wind Offshore | Actual Aggregated,2026-05-31T18:09:57Z
2026-05-31T18:09:40Z,2026-05-31T20:09:40+0200,6aacff99-9564-44c3-8148-44a92f3205b7,2026-05-28T15:00:00Z,2026-05-28T17:00:00+0200,484.4825,MW,BE,BE,actual_offshore_wind_generation,Wind Offshore | Actual Aggregated,2026-05-31T18:09:57Z
2026-05-31T18:09:40Z,2026-05-31T20:09:40+0200,6aacff99-9564-44c3-8148-44a92f3205b7,2026-05-28T16:00:00Z,2026-05-28T18:00:00+0200,455.2675,MW,BE,BE,actual_offshore_wind_generation,Wind Offshore | Actual Aggregated,2026-05-31T18:09:57Z
2026-05-31T18:09:40Z,2026-05-31T20:09:40+0200,6aacff99-9564-44c3-8148-44a92f3205b7,2026-05-28T17:00:00Z,2026-05-28T19:00:00+0200,488.4525,MW,BE,BE,actual_offshore_wind_generation,Wind Offshore | Actual Aggregated,2026-05-31T18:09:57Z
2026-05-31T18:09:40Z,2026-05-31T20:09:40+0200,6aacff99-9564-44c3-8148-44a92f3205b7,2026-05-28T18:00:00Z,2026-05-28T20:00:00+0200,411.825,MW,BE,BE,actual_offshore_wind_generation,Wind Offshore | Actual Aggregated,2026-05-31T18:09:57Z
2026-05-31T18:09:40Z,2026-05-31T20:09:40+0200,6aacff99-9564-44c3-8148-44a92f3205b7,2026-05-28T19:00:00Z,2026-05-28T21:00:00+0200,302.145,MW,BE,BE,actual_offshore_wind_generation,Wind Offshore | Actual Aggregated,2026-05-31T18:09:57Z
2026-05-31T18:09:40Z,2026-05-31T20:09:40+0200,6aacff99-9564-44c3-8148-44a92f3205b7,2026-05-28T20:00:00Z,2026-05-28T22:00:00+0200,289.1975,MW,BE,BE,actual_offshore_wind_generation,Wind Offshore | Actual Aggregated,2026-05-31T18:09:57Z
2026-05-31T18:09:40Z,2026-05-31T20:09:40+0200,6aacff99-9564-44c3-8148-44a92f3205b7,2026-05-28T21:00:00Z,2026-05-28T23:00:00+0200,591.255,MW,BE,BE,actual_offshore_wind_generation,Wind Offshore | Actual Aggregated,2026-05-31T18:09:57Z
2026-05-31T18:09:40Z,2026-05-31T20:09:40+0200,6aacff99-9564-44c3-8148-44a92f3205b7,2026-05-28T22:00:00Z,2026-05-29T00:00:00+0200,794.72175,MW,BE,BE,actual_offshore_wind_generation,Wind Offshore | Actual Aggregated,2026-05-31T18:09:57Z
2026-05-31T18:09:40Z,2026-05-31T20:09:40+0200,6aacff99-9564-44c3-8148-44a92f3205b7,2026-05-28T23:00:00Z,2026-05-29T01:00:00+0200,753.497,MW,BE,BE,actual_offshore_wind_generation,Wind Offshore | Actual Aggregated,2026-05-31T18:09:57Z
2026-05-31T18:09:40Z,2026-05-31T20:09:40+0200,6aacff99-9564-44c3-8148-44a92f3205b7,2026-05-29T00:00:00Z,2026-05-29T02:00:00+0200,621.009,MW,BE,BE,actual_offshore_wind_generation,Wind Offshore | Actual Aggregated,2026-05-31T18:09:57Z
2026-05-31T18:09:40Z,2026-05-31T20:09:40+0200,6aacff99-9564-44c3-8148-44a92f3205b7,2026-05-29T01:00:00Z,2026-05-29T03:00:00+0200,380.86175,MW,BE,BE,actual_offshore_wind_generation,Wind Offshore | Actual Aggregated,2026-05-31T18:09:57Z
2026-05-31T18:09:40Z,2026-05-31T20:09:40+0200,6aacff99-9564-44c3-8148-44a92f3205b7,2026-05-29T02:00:00Z,2026-05-29T04:00:00+0200,355.26075,MW,BE,BE,actual_offshore_wind_generation,Wind Offshore | Actual Aggregated,2026-05-31T18:09:57Z
2026-05-31T18:09:40Z,2026-05-31T20:09:40+0200,6aacff99-9564-44c3-8148-44a92f3205b7,2026-05-29T03:00:00Z,2026-05-29T05:00:00+0200,192.741,MW,BE,BE,actual_offshore_wind_generation,Wind Offshore | Actual Aggregated,2026-05-31T18:09:57Z
2026-05-31T18:09:40Z,2026-05-31T20:09:40+0200,6aacff99-9564-44c3-8148-44a92f3205b7,2026-05-29T04:00:00Z,2026-05-29T06:00:00+0200,100.09125,MW,BE,BE,actual_offshore_wind_generation,Wind Offshore | Actual Aggregated,2026-05-31T18:09:57Z
2026-05-31T18:09:40Z,2026-05-31T20:09:40+0200,6aacff99-9564-44c3-8148-44a92f3205b7,2026-05-29T05:00:00Z,2026-05-29T07:00:00+0200,96.66625,MW,BE,BE,actual_offshore_wind_generation,Wind Offshore | Actual Aggregated,2026-05-31T18:09:57Z
2026-05-31T18:09:40Z,2026-05-31T20:09:40+0200,6aacff99-9564-44c3-8148-44a92f3205b7,2026-05-29T06:00:00Z,2026-05-29T08:00:00+0200,84.439,MW,BE,BE,actual_offshore_wind_generation,Wind Offshore | Actual Aggregated,2026-05-31T18:09:57Z
2026-05-31T18:09:40Z,2026-05-31T20:09:40+0200,6aacff99-9564-44c3-8148-44a92f3205b7,2026-05-29T07:00:00Z,2026-05-29T09:00:00+0200,112.72225,MW,BE,BE,actual_offshore_wind_generation,Wind Offshore | Actual Aggregated,2026-05-31T18:09:57Z
2026-05-31T18:09:40Z,2026-05-31T20:09:40+0200,6aacff99-9564-44c3-8148-44a92f3205b7,2026-05-29T08:00:00Z,2026-05-29T10:00:00+0200,265.33475,MW,BE,BE,actual_offshore_wind_generation,Wind Offshore | Actual Aggregated,2026-05-31T18:09:57Z
2026-05-31T18:09:40Z,2026-05-31T20:09:40+0200,6aacff99-9564-44c3-8148-44a92f3205b7,2026-05-29T09:00:00Z,2026-05-29T11:00:00+0200,160.24375,MW,BE,BE,actual_offshore_wind_generation,Wind Offshore | Actual Aggregated,2026-05-31T18:09:57Z
2026-05-31T18:09:40Z,2026-05-31T20:09:40+0200,6aacff99-9564-44c3-8148-44a92f3205b7,2026-05-29T10:00:00Z,2026-05-29T12:00:00+0200,89.589,MW,BE,BE,actual_offshore_wind_generation,Wind Offshore | Actual Aggregated,2026-05-31T18:09:57Z
2026-05-31T18:09:40Z,2026-05-31T20:09:40+0200,6aacff99-9564-44c3-8148-44a92f3205b7,2026-05-29T11:00:00Z,2026-05-29T13:00:00+0200,85.08175,MW,BE,BE,actual_offshore_wind_generation,Wind Offshore | Actual Aggregated,2026-05-31T18:09:57Z
2026-05-31T18:09:40Z,2026-05-31T20:09:40+0200,6aacff99-9564-44c3-8148-44a92f3205b7,2026-05-29T12:00:00Z,2026-05-29T14:00:00+0200,70.517,MW,BE,BE,actual_offshore_wind_generation,Wind Offshore | Actual Aggregated,2026-05-31T18:09:57Z
2026-05-31T18:09:40Z,2026-05-31T20:09:40+0200,6aacff99-9564-44c3-8148-44a92f3205b7,2026-05-29T13:00:00Z,2026-05-29T15:00:00+0200,91.87625,MW,BE,BE,actual_offshore_wind_generation,Wind Offshore | Actual Aggregated,2026-05-31T18:09:57Z
2026-05-31T18:09:40Z,2026-05-31T20:09:40+0200,6aacff99-9564-44c3-8148-44a92f3205b7,2026-05-29T14:00:00Z,2026-05-29T16:00:00+0200,83.29075,MW,BE,BE,actual_offshore_wind_generation,Wind Offshore | Actual Aggregated,2026-05-31T18:09:57Z
2026-05-31T18:09:40Z,2026-05-31T20:09:40+0200,6aacff99-9564-44c3-8148-44a92f3205b7,2026-05-29T15:00:00Z,2026-05-29T17:00:00+0200,3.321,MW,BE,BE,actual_offshore_wind_generation,Wind Offshore | Actual Aggregated,2026-05-31T18:09:57Z
2026-05-31T18:09:40Z,2026-05-31T20:09:40+0200,6aacff99-9564-44c3-8148-44a92f3205b7,2026-05-29T16:00:00Z,2026-05-29T18:00:00+0200,5.091,MW,BE,BE,actual_offshore_wind_generation,Wind Offshore | Actual Aggregated,2026-05-31T18:09:57Z
2026-05-31T18:09:40Z,2026-05-31T20:09:40+0200,6aacff99-9564-44c3-8148-44a92f3205b7,2026-05-29T17:00:00Z,2026-05-29T19:00:00+0200,17.713,MW,BE,BE,actual_offshore_wind_generation,Wind Offshore | Actual Aggregated,2026-05-31T18:09:57Z
2026-05-31T18:09:40Z,2026-05-31T20:09:40+0200,6aacff99-9564-44c3-8148-44a92f3205b7,2026-05-29T18:00:00Z,2026-05-29T20:00:00+0200,12.16975,MW,BE,BE,actual_offshore_wind_generation,Wind Offshore | Actual Aggregated,2026-05-31T18:09:57Z
2026-05-31T18:09:40Z,2026-05-31T20:09:40+0200,6aacff99-9564-44c3-8148-44a92f3205b7,2026-05-29T19:00:00Z,2026-05-29T21:00:00+0200,17.608,MW,BE,BE,actual_offshore_wind_generation,Wind Offshore | Actual Aggregated,2026-05-31T18:09:57Z
2026-05-31T18:09:40Z,2026-05-31T20:09:40+0200,6aacff99-9564-44c3-8148-44a92f3205b7,2026-05-29T20:00:00Z,2026-05-29T22:00:00+0200,7.20525,MW,BE,BE,actual_offshore_wind_generation,Wind Offshore | Actual Aggregated,2026-05-31T18:09:57Z
2026-05-31T18:09:40Z,2026-05-31T20:09:40+0200,6aacff99-9564-44c3-8148-44a92f3205b7,2026-05-29T21:00:00Z,2026-05-29T23:00:00+0200,5.341,MW,BE,BE,actual_offshore_wind_generation,Wind Offshore | Actual Aggregated,2026-05-31T18:09:57Z
2026-05-31T18:09:40Z,2026-05-31T20:09:40+0200,6aacff99-9564-44c3-8148-44a92f3205b7,2026-05-29T22:00:00Z,2026-05-30T00:00:00+0200,33.637,MW,BE,BE,actual_offshore_wind_generation,Wind Offshore | Actual Aggregated,2026-05-31T18:09:57Z
2026-05-31T18:09:40Z,2026-05-31T20:09:40+0200,6aacff99-9564-44c3-8148-44a92f3205b7,2026-05-29T23:00:00Z,2026-05-30T01:00:00+0200,112.31775,MW,BE,BE,actual_offshore_wind_generation,Wind Offshore | Actual Aggregated,2026-05-31T18:09:57Z
2026-05-31T18:09:40Z,2026-05-31T20:09:40+0200,6aacff99-9564-44c3-8148-44a92f3205b7,2026-05-30T00:00:00Z,2026-05-30T02:00:00+0200,62.4135,MW,BE,BE,actual_offshore_wind_generation,Wind Offshore | Actual Aggregated,2026-05-31T18:09:57Z
2026-05-31T18:09:40Z,2026-05-31T20:09:40+0200,6aacff99-9564-44c3-8148-44a92f3205b7,2026-05-30T01:00:00Z,2026-05-30T03:00:00+0200,63.7885,MW,BE,BE,actual_offshore_wind_generation,Wind Offshore | Actual Aggregated,2026-05-31T18:09:57Z
2026-05-31T18:09:40Z,2026-05-31T20:09:40+0200,6aacff99-9564-44c3-8148-44a92f3205b7,2026-05-30T02:00:00Z,2026-05-30T04:00:00+0200,70.73675,MW,BE,BE,actual_offshore_wind_generation,Wind Offshore | Actual Aggregated,2026-05-31T18:09:57Z
2026-05-31T18:09:40Z,2026-05-31T20:09:40+0200,6aacff99-9564-44c3-8148-44a92f3205b7,2026-05-30T03:00:00Z,2026-05-30T05:00:00+0200,74.8525,MW,BE,BE,actual_offshore_wind_generation,Wind Offshore | Actual Aggregated,2026-05-31T18:09:57Z
2026-05-31T18:09:40Z,2026-05-31T20:09:40+0200,6aacff99-9564-44c3-8148-44a92f3205b7,2026-05-30T04:00:00Z,2026-05-30T06:00:00+0200,44.03725,MW,BE,BE,actual_offshore_wind_generation,Wind Offshore | Actual Aggregated,2026-05-31T18:09:57Z
2026-05-31T18:09:40Z,2026-05-31T20:09:40+0200,6aacff99-9564-44c3-8148-44a92f3205b7,2026-05-30T05:00:00Z,2026-05-30T07:00:00+0200,9.35925,MW,BE,BE,actual_offshore_wind_generation,Wind Offshore | Actual Aggregated,2026-05-31T18:09:57Z
2026-05-31T18:09:40Z,2026-05-31T20:09:40+0200,6aacff99-9564-44c3-8148-44a92f3205b7,2026-05-30T06:00:00Z,2026-05-30T08:00:00+0200,1.173,MW,BE,BE,actual_offshore_wind_generation,Wind Offshore | Actual Aggregated,2026-05-31T18:09:57Z
2026-05-31T18:09:40Z,2026-05-31T20:09:40+0200,6aacff99-9564-44c3-8148-44a92f3205b7,2026-05-30T07:00:00Z,2026-05-30T09:00:00+0200,1.171,MW,BE,BE,actual_offshore_wind_generation,Wind Offshore | Actual Aggregated,2026-05-31T18:09:57Z
2026-05-31T18:09:40Z,2026-05-31T20:09:40+0200,6aacff99-9564-44c3-8148-44a92f3205b7,2026-05-30T08:00:00Z,2026-05-30T10:00:00+0200,1.2015,MW,BE,BE,actual_offshore_wind_generation,Wind Offshore | Actual Aggregated,2026-05-31T18:09:57Z
2026-05-31T18:09:40Z,2026-05-31T20:09:40+0200,6aacff99-9564-44c3-8148-44a92f3205b7,2026-05-30T09:00:00Z,2026-05-30T11:00:00+0200,26.32175,MW,BE,BE,actual_offshore_wind_generation,Wind Offshore | Actual Aggregated,2026-05-31T18:09:57Z
2026-05-31T18:09:40Z,2026-05-31T20:09:40+0200,6aacff99-9564-44c3-8148-44a92f3205b7,2026-05-30T10:00:00Z,2026-05-30T12:00:00+0200,92.1255,MW,BE,BE,actual_offshore_wind_generation,Wind Offshore | Actual Aggregated,2026-05-31T18:09:57Z
2026-05-31T18:09:40Z,2026-05-31T20:09:40+0200,6aacff99-9564-44c3-8148-44a92f3205b7,2026-05-30T11:00:00Z,2026-05-30T13:00:00+0200,168.46925,MW,BE,BE,actual_offshore_wind_generation,Wind Offshore | Actual Aggregated,2026-05-31T18:09:57Z
2026-05-31T18:09:40Z,2026-05-31T20:09:40+0200,6aacff99-9564-44c3-8148-44a92f3205b7,2026-05-30T12:00:00Z,2026-05-30T14:00:00+0200,182.2515,MW,BE,BE,actual_offshore_wind_generation,Wind Offshore | Actual Aggregated,2026-05-31T18:09:57Z
2026-05-31T18:09:40Z,2026-05-31T20:09:40+0200,6aacff99-9564-44c3-8148-44a92f3205b7,2026-05-30T13:00:00Z,2026-05-30T15:00:00+0200,245.52825,MW,BE,BE,actual_offshore_wind_generation,Wind Offshore | Actual Aggregated,2026-05-31T18:09:57Z
2026-05-31T18:09:40Z,2026-05-31T20:09:40+0200,6aacff99-9564-44c3-8148-44a92f3205b7,2026-05-30T14:00:00Z,2026-05-30T16:00:00+0200,289.239,MW,BE,BE,actual_offshore_wind_generation,Wind Offshore | Actual Aggregated,2026-05-31T18:09:57Z
2026-05-31T18:09:40Z,2026-05-31T20:09:40+0200,6aacff99-9564-44c3-8148-44a92f3205b7,2026-05-30T15:00:00Z,2026-05-30T17:00:00+0200,265.5415,MW,BE,BE,actual_offshore_wind_generation,Wind Offshore | Actual Aggregated,2026-05-31T18:09:57Z
2026-05-31T18:09:40Z,2026-05-31T20:09:40+0200,6aacff99-9564-44c3-8148-44a92f3205b7,2026-05-30T16:00:00Z,2026-05-30T18:00:00+0200,291.2905,MW,BE,BE,actual_offshore_wind_generation,Wind Offshore | Actual Aggregated,2026-05-31T18:09:57Z
2026-05-31T18:09:40Z,2026-05-31T20:09:40+0200,6aacff99-9564-44c3-8148-44a92f3205b7,2026-05-30T17:00:00Z,2026-05-30T19:00:00+0200,309.80175,MW,BE,BE,actual_offshore_wind_generation,Wind Offshore | Actual Aggregated,2026-05-31T18:09:57Z
2026-05-31T18:09:40Z,2026-05-31T20:09:40+0200,6aacff99-9564-44c3-8148-44a92f3205b7,2026-05-30T18:00:00Z,2026-05-30T20:00:00+0200,278.71925,MW,BE,BE,actual_offshore_wind_generation,Wind Offshore | Actual Aggregated,2026-05-31T18:09:57Z
2026-05-31T18:09:40Z,2026-05-31T20:09:40+0200,6aacff99-9564-44c3-8148-44a92f3205b7,2026-05-30T19:00:00Z,2026-05-30T21:00:00+0200,246.922,MW,BE,BE,actual_offshore_wind_generation,Wind Offshore | Actual Aggregated,2026-05-31T18:09:57Z
2026-05-31T18:09:40Z,2026-05-31T20:09:40+0200,6aacff99-9564-44c3-8148-44a92f3205b7,2026-05-30T20:00:00Z,2026-05-30T22:00:00+0200,153.6605,MW,BE,BE,actual_offshore_wind_generation,Wind Offshore | Actual Aggregated,2026-05-31T18:09:57Z
2026-05-31T18:09:40Z,2026-05-31T20:09:40+0200,6aacff99-9564-44c3-8148-44a92f3205b7,2026-05-30T21:00:00Z,2026-05-30T23:00:00+0200,35.31025,MW,BE,BE,actual_offshore_wind_generation,Wind Offshore | Actual Aggregated,2026-05-31T18:09:57Z
2026-05-31T18:09:40Z,2026-05-31T20:09:40+0200,6aacff99-9564-44c3-8148-44a92f3205b7,2026-05-30T22:00:00Z,2026-05-31T00:00:00+0200,24.28375,MW,BE,BE,actual_offshore_wind_generation,Wind Offshore | Actual Aggregated,2026-05-31T18:09:57Z
2026-05-31T18:09:40Z,2026-05-31T20:09:40+0200,6aacff99-9564-44c3-8148-44a92f3205b7,2026-05-30T23:00:00Z,2026-05-31T01:00:00+0200,8.752,MW,BE,BE,actual_offshore_wind_generation,Wind Offshore | Actual Aggregated,2026-05-31T18:09:57Z
2026-05-31T18:09:40Z,2026-05-31T20:09:40+0200,6aacff99-9564-44c3-8148-44a92f3205b7,2026-05-31T00:00:00Z,2026-05-31T02:00:00+0200,1.4495,MW,BE,BE,actual_offshore_wind_generation,Wind Offshore | Actual Aggregated,2026-05-31T18:09:57Z
2026-05-31T18:09:40Z,2026-05-31T20:09:40+0200,6aacff99-9564-44c3-8148-44a92f3205b7,2026-05-31T01:00:00Z,2026-05-31T03:00:00+0200,10.6815,MW,BE,BE,actual_offshore_wind_generation,Wind Offshore | Actual Aggregated,2026-05-31T18:09:57Z
2026-05-31T18:09:40Z,2026-05-31T20:09:40+0200,6aacff99-9564-44c3-8148-44a92f3205b7,2026-05-31T02:00:00Z,2026-05-31T04:00:00+0200,25.36625,MW,BE,BE,actual_offshore_wind_generation,Wind Offshore | Actual Aggregated,2026-05-31T18:09:57Z
2026-05-31T18:09:40Z,2026-05-31T20:09:40+0200,6aacff99-9564-44c3-8148-44a92f3205b7,2026-05-31T03:00:00Z,2026-05-31T05:00:00+0200,55.77125,MW,BE,BE,actual_offshore_wind_generation,Wind Offshore | Actual Aggregated,2026-05-31T18:09:57Z
2026-05-31T18:09:40Z,2026-05-31T20:09:40+0200,6aacff99-9564-44c3-8148-44a92f3205b7,2026-05-31T04:00:00Z,2026-05-31T06:00:00+0200,233.90275,MW,BE,BE,actual_offshore_wind_generation,Wind Offshore | Actual Aggregated,2026-05-31T18:09:57Z
2026-05-31T18:09:40Z,2026-05-31T20:09:40+0200,6aacff99-9564-44c3-8148-44a92f3205b7,2026-05-31T05:00:00Z,2026-05-31T07:00:00+0200,407.25325,MW,BE,BE,actual_offshore_wind_generation,Wind Offshore | Actual Aggregated,2026-05-31T18:09:57Z
2026-05-31T18:09:40Z,2026-05-31T20:09:40+0200,6aacff99-9564-44c3-8148-44a92f3205b7,2026-05-31T06:00:00Z,2026-05-31T08:00:00+0200,480.46675,MW,BE,BE,actual_offshore_wind_generation,Wind Offshore | Actual Aggregated,2026-05-31T18:09:57Z
2026-05-31T18:09:40Z,2026-05-31T20:09:40+0200,6aacff99-9564-44c3-8148-44a92f3205b7,2026-05-31T07:00:00Z,2026-05-31T09:00:00+0200,371.39425,MW,BE,BE,actual_offshore_wind_generation,Wind Offshore | Actual Aggregated,2026-05-31T18:09:57Z
2026-05-31T18:09:40Z,2026-05-31T20:09:40+0200,6aacff99-9564-44c3-8148-44a92f3205b7,2026-05-31T08:00:00Z,2026-05-31T10:00:00+0200,369.291,MW,BE,BE,actual_offshore_wind_generation,Wind Offshore | Actual Aggregated,2026-05-31T18:09:57Z
2026-05-31T18:09:40Z,2026-05-31T20:09:40+0200,6aacff99-9564-44c3-8148-44a92f3205b7,2026-05-31T09:00:00Z,2026-05-31T11:00:00+0200,481.016,MW,BE,BE,actual_offshore_wind_generation,Wind Offshore | Actual Aggregated,2026-05-31T18:09:57Z
2026-05-31T18:09:40Z,2026-05-31T20:09:40+0200,6aacff99-9564-44c3-8148-44a92f3205b7,2026-05-31T10:00:00Z,2026-05-31T12:00:00+0200,662.5295,MW,BE,BE,actual_offshore_wind_generation,Wind Offshore | Actual Aggregated,2026-05-31T18:09:57Z
2026-05-31T18:09:40Z,2026-05-31T20:09:40+0200,6aacff99-9564-44c3-8148-44a92f3205b7,2026-05-31T11:00:00Z,2026-05-31T13:00:00+0200,779.93875,MW,BE,BE,actual_offshore_wind_generation,Wind Offshore | Actual Aggregated,2026-05-31T18:09:57Z
2026-05-31T18:09:40Z,2026-05-31T20:09:40+0200,6aacff99-9564-44c3-8148-44a92f3205b7,2026-05-31T12:00:00Z,2026-05-31T14:00:00+0200,877.09275,MW,BE,BE,actual_offshore_wind_generation,Wind Offshore | Actual Aggregated,2026-05-31T18:09:57Z
2026-05-31T18:09:40Z,2026-05-31T20:09:40+0200,6aacff99-9564-44c3-8148-44a92f3205b7,2026-05-31T13:00:00Z,2026-05-31T15:00:00+0200,868.5525,MW,BE,BE,actual_offshore_wind_generation,Wind Offshore | Actual Aggregated,2026-05-31T18:09:57Z
2026-05-31T18:09:40Z,2026-05-31T20:09:40+0200,6aacff99-9564-44c3-8148-44a92f3205b7,2026-05-31T14:00:00Z,2026-05-31T16:00:00+0200,1322.11925,MW,BE,BE,actual_offshore_wind_generation,Wind Offshore | Actual Aggregated,2026-05-31T18:09:57Z
2026-05-31T18:09:40Z,2026-05-31T20:09:40+0200,6aacff99-9564-44c3-8148-44a92f3205b7,2026-05-31T15:00:00Z,2026-05-31T17:00:00+0200,747.04975,MW,BE,BE,actual_offshore_wind_generation,Wind Offshore | Actual Aggregated,2026-05-31T18:09:57Z
2026-05-31T18:09:40Z,2026-05-31T20:09:40+0200,6aacff99-9564-44c3-8148-44a92f3205b7,2026-05-31T16:00:00Z,2026-05-31T18:00:00+0200,1177.628,MW,BE,BE,actual_offshore_wind_generation,Wind Offshore | Actual Aggregated,2026-05-31T18:09:57Z
