collection_time_utc,collection_time_local,run_id,timestamp_utc,timestamp_local,value,unit,country,entsoe_area,variable,source,updated_at_utc
2026-08-04T00:59:54Z,2026-08-04T02:59:54+0200,e971b95d-ef8c-4c78-99a5-54bbb479ab9f,2026-07-04T01:15:00Z,2026-07-04T03:15:00+0200,115.08,EUR/MWh,DE,DE_LU,day_ahead_price,value,2026-08-04T01:03:53Z
2026-08-04T00:59:54Z,2026-08-04T02:59:54+0200,e971b95d-ef8c-4c78-99a5-54bbb479ab9f,2026-07-04T01:30:00Z,2026-07-04T03:30:00+0200,112.56,EUR/MWh,DE,DE_LU,day_ahead_price,value,2026-08-04T01:03:53Z
2026-08-04T00:59:54Z,2026-08-04T02:59:54+0200,e971b95d-ef8c-4c78-99a5-54bbb479ab9f,2026-07-04T01:45:00Z,2026-07-04T03:45:00+0200,110.51,EUR/MWh,DE,DE_LU,day_ahead_price,value,2026-08-04T01:03:53Z
2026-08-04T00:59:54Z,2026-08-04T02:59:54+0200,e971b95d-ef8c-4c78-99a5-54bbb479ab9f,2026-07-04T02:00:00Z,2026-07-04T04:00:00+0200,107.42,EUR/MWh,DE,DE_LU,day_ahead_price,value,2026-08-04T01:03:53Z
2026-08-04T00:59:54Z,2026-08-04T02:59:54+0200,e971b95d-ef8c-4c78-99a5-54bbb479ab9f,2026-07-04T02:15:00Z,2026-07-04T04:15:00+0200,107.41,EUR/MWh,DE,DE_LU,day_ahead_price,value,2026-08-04T01:03:53Z
2026-08-04T00:59:54Z,2026-08-04T02:59:54+0200,e971b95d-ef8c-4c78-99a5-54bbb479ab9f,2026-07-04T02:30:00Z,2026-07-04T04:30:00+0200,105.31,EUR/MWh,DE,DE_LU,day_ahead_price,value,2026-08-04T01:03:53Z
2026-08-04T00:59:54Z,2026-08-04T02:59:54+0200,e971b95d-ef8c-4c78-99a5-54bbb479ab9f,2026-07-04T02:45:00Z,2026-07-04T04:45:00+0200,105.21,EUR/MWh,DE,DE_LU,day_ahead_price,value,2026-08-04T01:03:53Z
2026-08-04T00:59:54Z,2026-08-04T02:59:54+0200,e971b95d-ef8c-4c78-99a5-54bbb479ab9f,2026-07-04T03:00:00Z,2026-07-04T05:00:00+0200,103.42,EUR/MWh,DE,DE_LU,day_ahead_price,value,2026-08-04T01:03:53Z
2026-08-04T00:59:54Z,2026-08-04T02:59:54+0200,e971b95d-ef8c-4c78-99a5-54bbb479ab9f,2026-07-04T03:15:00Z,2026-07-04T05:15:00+0200,103.92,EUR/MWh,DE,DE_LU,day_ahead_price,value,2026-08-04T01:03:53Z
2026-08-04T00:59:54Z,2026-08-04T02:59:54+0200,e971b95d-ef8c-4c78-99a5-54bbb479ab9f,2026-07-04T03:30:00Z,2026-07-04T05:30:00+0200,98.97,EUR/MWh,DE,DE_LU,day_ahead_price,value,2026-08-04T01:03:53Z
2026-08-04T00:59:54Z,2026-08-04T02:59:54+0200,e971b95d-ef8c-4c78-99a5-54bbb479ab9f,2026-07-04T03:45:00Z,2026-07-04T05:45:00+0200,92.38,EUR/MWh,DE,DE_LU,day_ahead_price,value,2026-08-04T01:03:53Z
2026-08-04T00:59:54Z,2026-08-04T02:59:54+0200,e971b95d-ef8c-4c78-99a5-54bbb479ab9f,2026-07-04T04:00:00Z,2026-07-04T06:00:00+0200,105.0,EUR/MWh,DE,DE_LU,day_ahead_price,value,2026-08-04T01:03:53Z
2026-08-04T00:59:54Z,2026-08-04T02:59:54+0200,e971b95d-ef8c-4c78-99a5-54bbb479ab9f,2026-07-04T04:15:00Z,2026-07-04T06:15:00+0200,100.51,EUR/MWh,DE,DE_LU,day_ahead_price,value,2026-08-04T01:03:53Z
2026-08-04T00:59:54Z,2026-08-04T02:59:54+0200,e971b95d-ef8c-4c78-99a5-54bbb479ab9f,2026-07-04T04:30:00Z,2026-07-04T06:30:00+0200,89.33,EUR/MWh,DE,DE_LU,day_ahead_price,value,2026-08-04T01:03:53Z
2026-08-04T00:59:54Z,2026-08-04T02:59:54+0200,e971b95d-ef8c-4c78-99a5-54bbb479ab9f,2026-07-04T04:45:00Z,2026-07-04T06:45:00+0200,74.16,EUR/MWh,DE,DE_LU,day_ahead_price,value,2026-08-04T01:03:53Z
2026-08-04T00:59:54Z,2026-08-04T02:59:54+0200,e971b95d-ef8c-4c78-99a5-54bbb479ab9f,2026-07-04T05:00:00Z,2026-07-04T07:00:00+0200,101.72,EUR/MWh,DE,DE_LU,day_ahead_price,value,2026-08-04T01:03:53Z
2026-08-04T00:59:54Z,2026-08-04T02:59:54+0200,e971b95d-ef8c-4c78-99a5-54bbb479ab9f,2026-07-04T05:15:00Z,2026-07-04T07:15:00+0200,83.07,EUR/MWh,DE,DE_LU,day_ahead_price,value,2026-08-04T01:03:53Z
2026-08-04T00:59:54Z,2026-08-04T02:59:54+0200,e971b95d-ef8c-4c78-99a5-54bbb479ab9f,2026-07-04T05:30:00Z,2026-07-04T07:30:00+0200,61.06,EUR/MWh,DE,DE_LU,day_ahead_price,value,2026-08-04T01:03:53Z
2026-08-04T00:59:54Z,2026-08-04T02:59:54+0200,e971b95d-ef8c-4c78-99a5-54bbb479ab9f,2026-07-04T05:45:00Z,2026-07-04T07:45:00+0200,44.76,EUR/MWh,DE,DE_LU,day_ahead_price,value,2026-08-04T01:03:53Z
2026-08-04T00:59:54Z,2026-08-04T02:59:54+0200,e971b95d-ef8c-4c78-99a5-54bbb479ab9f,2026-07-04T06:00:00Z,2026-07-04T08:00:00+0200,63.4,EUR/MWh,DE,DE_LU,day_ahead_price,value,2026-08-04T01:03:53Z
2026-08-04T00:59:54Z,2026-08-04T02:59:54+0200,e971b95d-ef8c-4c78-99a5-54bbb479ab9f,2026-07-04T06:15:00Z,2026-07-04T08:15:00+0200,32.9,EUR/MWh,DE,DE_LU,day_ahead_price,value,2026-08-04T01:03:53Z
2026-08-04T00:59:54Z,2026-08-04T02:59:54+0200,e971b95d-ef8c-4c78-99a5-54bbb479ab9f,2026-07-04T06:30:00Z,2026-07-04T08:30:00+0200,14.63,EUR/MWh,DE,DE_LU,day_ahead_price,value,2026-08-04T01:03:53Z
2026-08-04T00:59:54Z,2026-08-04T02:59:54+0200,e971b95d-ef8c-4c78-99a5-54bbb479ab9f,2026-07-04T06:45:00Z,2026-07-04T08:45:00+0200,4.79,EUR/MWh,DE,DE_LU,day_ahead_price,value,2026-08-04T01:03:53Z
2026-08-04T00:59:54Z,2026-08-04T02:59:54+0200,e971b95d-ef8c-4c78-99a5-54bbb479ab9f,2026-07-04T07:00:00Z,2026-07-04T09:00:00+0200,3.91,EUR/MWh,DE,DE_LU,day_ahead_price,value,2026-08-04T01:03:53Z
2026-08-04T00:59:54Z,2026-08-04T02:59:54+0200,e971b95d-ef8c-4c78-99a5-54bbb479ab9f,2026-07-04T07:15:00Z,2026-07-04T09:15:00+0200,0.06,EUR/MWh,DE,DE_LU,day_ahead_price,value,2026-08-04T01:03:53Z
2026-08-04T00:59:54Z,2026-08-04T02:59:54+0200,e971b95d-ef8c-4c78-99a5-54bbb479ab9f,2026-07-04T07:30:00Z,2026-07-04T09:30:00+0200,0.0,EUR/MWh,DE,DE_LU,day_ahead_price,value,2026-08-04T01:03:53Z
2026-08-04T00:59:54Z,2026-08-04T02:59:54+0200,e971b95d-ef8c-4c78-99a5-54bbb479ab9f,2026-07-04T07:45:00Z,2026-07-04T09:45:00+0200,0.0,EUR/MWh,DE,DE_LU,day_ahead_price,value,2026-08-04T01:03:53Z
2026-08-04T00:59:54Z,2026-08-04T02:59:54+0200,e971b95d-ef8c-4c78-99a5-54bbb479ab9f,2026-07-04T08:00:00Z,2026-07-04T10:00:00+0200,0.0,EUR/MWh,DE,DE_LU,day_ahead_price,value,2026-08-04T01:03:53Z
2026-08-04T00:59:54Z,2026-08-04T02:59:54+0200,e971b95d-ef8c-4c78-99a5-54bbb479ab9f,2026-07-04T08:15:00Z,2026-07-04T10:15:00+0200,0.0,EUR/MWh,DE,DE_LU,day_ahead_price,value,2026-08-04T01:03:53Z
2026-08-04T00:59:54Z,2026-08-04T02:59:54+0200,e971b95d-ef8c-4c78-99a5-54bbb479ab9f,2026-07-04T08:30:00Z,2026-07-04T10:30:00+0200,-0.01,EUR/MWh,DE,DE_LU,day_ahead_price,value,2026-08-04T01:03:53Z
2026-08-04T00:59:54Z,2026-08-04T02:59:54+0200,e971b95d-ef8c-4c78-99a5-54bbb479ab9f,2026-07-04T08:45:00Z,2026-07-04T10:45:00+0200,-0.03,EUR/MWh,DE,DE_LU,day_ahead_price,value,2026-08-04T01:03:53Z
2026-08-04T00:59:54Z,2026-08-04T02:59:54+0200,e971b95d-ef8c-4c78-99a5-54bbb479ab9f,2026-07-04T09:00:00Z,2026-07-04T11:00:00+0200,-0.12,EUR/MWh,DE,DE_LU,day_ahead_price,value,2026-08-04T01:03:53Z
2026-08-04T00:59:54Z,2026-08-04T02:59:54+0200,e971b95d-ef8c-4c78-99a5-54bbb479ab9f,2026-07-04T09:15:00Z,2026-07-04T11:15:00+0200,-0.13,EUR/MWh,DE,DE_LU,day_ahead_price,value,2026-08-04T01:03:53Z
2026-08-04T00:59:54Z,2026-08-04T02:59:54+0200,e971b95d-ef8c-4c78-99a5-54bbb479ab9f,2026-07-04T09:30:00Z,2026-07-04T11:30:00+0200,-1.01,EUR/MWh,DE,DE_LU,day_ahead_price,value,2026-08-04T01:03:53Z
2026-08-04T00:59:54Z,2026-08-04T02:59:54+0200,e971b95d-ef8c-4c78-99a5-54bbb479ab9f,2026-07-04T09:45:00Z,2026-07-04T11:45:00+0200,-1.94,EUR/MWh,DE,DE_LU,day_ahead_price,value,2026-08-04T01:03:53Z
2026-08-04T00:59:54Z,2026-08-04T02:59:54+0200,e971b95d-ef8c-4c78-99a5-54bbb479ab9f,2026-07-04T10:00:00Z,2026-07-04T12:00:00+0200,-1.65,EUR/MWh,DE,DE_LU,day_ahead_price,value,2026-08-04T01:03:53Z
2026-08-04T00:59:54Z,2026-08-04T02:59:54+0200,e971b95d-ef8c-4c78-99a5-54bbb479ab9f,2026-07-04T10:15:00Z,2026-07-04T12:15:00+0200,-2.35,EUR/MWh,DE,DE_LU,day_ahead_price,value,2026-08-04T01:03:53Z
2026-08-04T00:59:54Z,2026-08-04T02:59:54+0200,e971b95d-ef8c-4c78-99a5-54bbb479ab9f,2026-07-04T10:30:00Z,2026-07-04T12:30:00+0200,-3.42,EUR/MWh,DE,DE_LU,day_ahead_price,value,2026-08-04T01:03:53Z
2026-08-04T00:59:54Z,2026-08-04T02:59:54+0200,e971b95d-ef8c-4c78-99a5-54bbb479ab9f,2026-07-04T10:45:00Z,2026-07-04T12:45:00+0200,-4.99,EUR/MWh,DE,DE_LU,day_ahead_price,value,2026-08-04T01:03:53Z
2026-08-04T00:59:54Z,2026-08-04T02:59:54+0200,e971b95d-ef8c-4c78-99a5-54bbb479ab9f,2026-07-04T11:00:00Z,2026-07-04T13:00:00+0200,-6.41,EUR/MWh,DE,DE_LU,day_ahead_price,value,2026-08-04T01:03:53Z
2026-08-04T00:59:54Z,2026-08-04T02:59:54+0200,e971b95d-ef8c-4c78-99a5-54bbb479ab9f,2026-07-04T11:15:00Z,2026-07-04T13:15:00+0200,-7.91,EUR/MWh,DE,DE_LU,day_ahead_price,value,2026-08-04T01:03:53Z
2026-08-04T00:59:54Z,2026-08-04T02:59:54+0200,e971b95d-ef8c-4c78-99a5-54bbb479ab9f,2026-07-04T11:30:00Z,2026-07-04T13:30:00+0200,-8.67,EUR/MWh,DE,DE_LU,day_ahead_price,value,2026-08-04T01:03:53Z
2026-08-04T00:59:54Z,2026-08-04T02:59:54+0200,e971b95d-ef8c-4c78-99a5-54bbb479ab9f,2026-07-04T11:45:00Z,2026-07-04T13:45:00+0200,-10.01,EUR/MWh,DE,DE_LU,day_ahead_price,value,2026-08-04T01:03:53Z
2026-08-04T00:59:54Z,2026-08-04T02:59:54+0200,e971b95d-ef8c-4c78-99a5-54bbb479ab9f,2026-07-04T12:00:00Z,2026-07-04T14:00:00+0200,-11.8,EUR/MWh,DE,DE_LU,day_ahead_price,value,2026-08-04T01:03:53Z
2026-08-04T00:59:54Z,2026-08-04T02:59:54+0200,e971b95d-ef8c-4c78-99a5-54bbb479ab9f,2026-07-04T12:15:00Z,2026-07-04T14:15:00+0200,-10.81,EUR/MWh,DE,DE_LU,day_ahead_price,value,2026-08-04T01:03:53Z
2026-08-04T00:59:54Z,2026-08-04T02:59:54+0200,e971b95d-ef8c-4c78-99a5-54bbb479ab9f,2026-07-04T12:30:00Z,2026-07-04T14:30:00+0200,-9.99,EUR/MWh,DE,DE_LU,day_ahead_price,value,2026-08-04T01:03:53Z
2026-08-04T00:59:54Z,2026-08-04T02:59:54+0200,e971b95d-ef8c-4c78-99a5-54bbb479ab9f,2026-07-04T12:45:00Z,2026-07-04T14:45:00+0200,-8.64,EUR/MWh,DE,DE_LU,day_ahead_price,value,2026-08-04T01:03:53Z
2026-08-04T00:59:54Z,2026-08-04T02:59:54+0200,e971b95d-ef8c-4c78-99a5-54bbb479ab9f,2026-07-04T13:00:00Z,2026-07-04T15:00:00+0200,-5.98,EUR/MWh,DE,DE_LU,day_ahead_price,value,2026-08-04T01:03:53Z
2026-08-04T00:59:54Z,2026-08-04T02:59:54+0200,e971b95d-ef8c-4c78-99a5-54bbb479ab9f,2026-07-04T13:15:00Z,2026-07-04T15:15:00+0200,-4.99,EUR/MWh,DE,DE_LU,day_ahead_price,value,2026-08-04T01:03:53Z
2026-08-04T00:59:54Z,2026-08-04T02:59:54+0200,e971b95d-ef8c-4c78-99a5-54bbb479ab9f,2026-07-04T13:30:00Z,2026-07-04T15:30:00+0200,-3.69,EUR/MWh,DE,DE_LU,day_ahead_price,value,2026-08-04T01:03:53Z
2026-08-04T00:59:54Z,2026-08-04T02:59:54+0200,e971b95d-ef8c-4c78-99a5-54bbb479ab9f,2026-07-04T13:45:00Z,2026-07-04T15:45:00+0200,-2.4,EUR/MWh,DE,DE_LU,day_ahead_price,value,2026-08-04T01:03:53Z
2026-08-04T00:59:54Z,2026-08-04T02:59:54+0200,e971b95d-ef8c-4c78-99a5-54bbb479ab9f,2026-07-04T14:00:00Z,2026-07-04T16:00:00+0200,-1.01,EUR/MWh,DE,DE_LU,day_ahead_price,value,2026-08-04T01:03:53Z
2026-08-04T00:59:54Z,2026-08-04T02:59:54+0200,e971b95d-ef8c-4c78-99a5-54bbb479ab9f,2026-07-04T14:15:00Z,2026-07-04T16:15:00+0200,-0.14,EUR/MWh,DE,DE_LU,day_ahead_price,value,2026-08-04T01:03:53Z
2026-08-04T00:59:54Z,2026-08-04T02:59:54+0200,e971b95d-ef8c-4c78-99a5-54bbb479ab9f,2026-07-04T14:30:00Z,2026-07-04T16:30:00+0200,-0.12,EUR/MWh,DE,DE_LU,day_ahead_price,value,2026-08-04T01:03:53Z
2026-08-04T00:59:54Z,2026-08-04T02:59:54+0200,e971b95d-ef8c-4c78-99a5-54bbb479ab9f,2026-07-04T14:45:00Z,2026-07-04T16:45:00+0200,-0.09,EUR/MWh,DE,DE_LU,day_ahead_price,value,2026-08-04T01:03:53Z
2026-08-04T00:59:54Z,2026-08-04T02:59:54+0200,e971b95d-ef8c-4c78-99a5-54bbb479ab9f,2026-07-04T15:00:00Z,2026-07-04T17:00:00+0200,-0.09,EUR/MWh,DE,DE_LU,day_ahead_price,value,2026-08-04T01:03:53Z
2026-08-04T00:59:54Z,2026-08-04T02:59:54+0200,e971b95d-ef8c-4c78-99a5-54bbb479ab9f,2026-07-04T15:15:00Z,2026-07-04T17:15:00+0200,0.0,EUR/MWh,DE,DE_LU,day_ahead_price,value,2026-08-04T01:03:53Z
2026-08-04T00:59:54Z,2026-08-04T02:59:54+0200,e971b95d-ef8c-4c78-99a5-54bbb479ab9f,2026-07-04T15:30:00Z,2026-07-04T17:30:00+0200,0.08,EUR/MWh,DE,DE_LU,day_ahead_price,value,2026-08-04T01:03:53Z
2026-08-04T00:59:54Z,2026-08-04T02:59:54+0200,e971b95d-ef8c-4c78-99a5-54bbb479ab9f,2026-07-04T15:45:00Z,2026-07-04T17:45:00+0200,17.18,EUR/MWh,DE,DE_LU,day_ahead_price,value,2026-08-04T01:03:53Z
2026-08-04T00:59:54Z,2026-08-04T02:59:54+0200,e971b95d-ef8c-4c78-99a5-54bbb479ab9f,2026-07-04T16:00:00Z,2026-07-04T18:00:00+0200,11.44,EUR/MWh,DE,DE_LU,day_ahead_price,value,2026-08-04T01:03:53Z
2026-08-04T00:59:54Z,2026-08-04T02:59:54+0200,e971b95d-ef8c-4c78-99a5-54bbb479ab9f,2026-07-04T16:15:00Z,2026-07-04T18:15:00+0200,49.97,EUR/MWh,DE,DE_LU,day_ahead_price,value,2026-08-04T01:03:53Z
2026-08-04T00:59:54Z,2026-08-04T02:59:54+0200,e971b95d-ef8c-4c78-99a5-54bbb479ab9f,2026-07-04T16:30:00Z,2026-07-04T18:30:00+0200,74.74,EUR/MWh,DE,DE_LU,day_ahead_price,value,2026-08-04T01:03:53Z
2026-08-04T00:59:54Z,2026-08-04T02:59:54+0200,e971b95d-ef8c-4c78-99a5-54bbb479ab9f,2026-07-04T16:45:00Z,2026-07-04T18:45:00+0200,94.78,EUR/MWh,DE,DE_LU,day_ahead_price,value,2026-08-04T01:03:53Z
2026-08-04T00:59:54Z,2026-08-04T02:59:54+0200,e971b95d-ef8c-4c78-99a5-54bbb479ab9f,2026-07-04T17:00:00Z,2026-07-04T19:00:00+0200,83.56,EUR/MWh,DE,DE_LU,day_ahead_price,value,2026-08-04T01:03:53Z
2026-08-04T00:59:54Z,2026-08-04T02:59:54+0200,e971b95d-ef8c-4c78-99a5-54bbb479ab9f,2026-07-04T17:15:00Z,2026-07-04T19:15:00+0200,98.57,EUR/MWh,DE,DE_LU,day_ahead_price,value,2026-08-04T01:03:53Z
2026-08-04T00:59:54Z,2026-08-04T02:59:54+0200,e971b95d-ef8c-4c78-99a5-54bbb479ab9f,2026-07-04T17:30:00Z,2026-07-04T19:30:00+0200,120.89,EUR/MWh,DE,DE_LU,day_ahead_price,value,2026-08-04T01:03:53Z
2026-08-04T00:59:54Z,2026-08-04T02:59:54+0200,e971b95d-ef8c-4c78-99a5-54bbb479ab9f,2026-07-04T17:45:00Z,2026-07-04T19:45:00+0200,125.75,EUR/MWh,DE,DE_LU,day_ahead_price,value,2026-08-04T01:03:53Z
2026-08-04T00:59:54Z,2026-08-04T02:59:54+0200,e971b95d-ef8c-4c78-99a5-54bbb479ab9f,2026-07-04T18:00:00Z,2026-07-04T20:00:00+0200,116.79,EUR/MWh,DE,DE_LU,day_ahead_price,value,2026-08-04T01:03:53Z
2026-08-04T00:59:54Z,2026-08-04T02:59:54+0200,e971b95d-ef8c-4c78-99a5-54bbb479ab9f,2026-07-04T18:15:00Z,2026-07-04T20:15:00+0200,120.84,EUR/MWh,DE,DE_LU,day_ahead_price,value,2026-08-04T01:03:53Z
2026-08-04T00:59:54Z,2026-08-04T02:59:54+0200,e971b95d-ef8c-4c78-99a5-54bbb479ab9f,2026-07-04T18:30:00Z,2026-07-04T20:30:00+0200,127.45,EUR/MWh,DE,DE_LU,day_ahead_price,value,2026-08-04T01:03:53Z
2026-08-04T00:59:54Z,2026-08-04T02:59:54+0200,e971b95d-ef8c-4c78-99a5-54bbb479ab9f,2026-07-04T18:45:00Z,2026-07-04T20:45:00+0200,137.48,EUR/MWh,DE,DE_LU,day_ahead_price,value,2026-08-04T01:03:53Z
2026-08-04T00:59:54Z,2026-08-04T02:59:54+0200,e971b95d-ef8c-4c78-99a5-54bbb479ab9f,2026-07-04T19:00:00Z,2026-07-04T21:00:00+0200,128.97,EUR/MWh,DE,DE_LU,day_ahead_price,value,2026-08-04T01:03:53Z
2026-08-04T00:59:54Z,2026-08-04T02:59:54+0200,e971b95d-ef8c-4c78-99a5-54bbb479ab9f,2026-07-04T19:15:00Z,2026-07-04T21:15:00+0200,130.19,EUR/MWh,DE,DE_LU,day_ahead_price,value,2026-08-04T01:03:53Z
2026-08-04T00:59:54Z,2026-08-04T02:59:54+0200,e971b95d-ef8c-4c78-99a5-54bbb479ab9f,2026-07-04T19:30:00Z,2026-07-04T21:30:00+0200,133.51,EUR/MWh,DE,DE_LU,day_ahead_price,value,2026-08-04T01:03:53Z
2026-08-04T00:59:54Z,2026-08-04T02:59:54+0200,e971b95d-ef8c-4c78-99a5-54bbb479ab9f,2026-07-04T19:45:00Z,2026-07-04T21:45:00+0200,131.45,EUR/MWh,DE,DE_LU,day_ahead_price,value,2026-08-04T01:03:53Z
2026-08-04T00:59:54Z,2026-08-04T02:59:54+0200,e971b95d-ef8c-4c78-99a5-54bbb479ab9f,2026-07-04T20:00:00Z,2026-07-04T22:00:00+0200,136.51,EUR/MWh,DE,DE_LU,day_ahead_price,value,2026-08-04T01:03:53Z
2026-08-04T00:59:54Z,2026-08-04T02:59:54+0200,e971b95d-ef8c-4c78-99a5-54bbb479ab9f,2026-07-04T20:15:00Z,2026-07-04T22:15:00+0200,128.68,EUR/MWh,DE,DE_LU,day_ahead_price,value,2026-08-04T01:03:53Z
2026-08-04T00:59:54Z,2026-08-04T02:59:54+0200,e971b95d-ef8c-4c78-99a5-54bbb479ab9f,2026-07-04T20:30:00Z,2026-07-04T22:30:00+0200,127.84,EUR/MWh,DE,DE_LU,day_ahead_price,value,2026-08-04T01:03:53Z
2026-08-04T00:59:54Z,2026-08-04T02:59:54+0200,e971b95d-ef8c-4c78-99a5-54bbb479ab9f,2026-07-04T20:45:00Z,2026-07-04T22:45:00+0200,119.08,EUR/MWh,DE,DE_LU,day_ahead_price,value,2026-08-04T01:03:53Z
2026-08-04T00:59:54Z,2026-08-04T02:59:54+0200,e971b95d-ef8c-4c78-99a5-54bbb479ab9f,2026-07-04T21:00:00Z,2026-07-04T23:00:00+0200,126.46,EUR/MWh,DE,DE_LU,day_ahead_price,value,2026-08-04T01:03:53Z
2026-08-04T00:59:54Z,2026-08-04T02:59:54+0200,e971b95d-ef8c-4c78-99a5-54bbb479ab9f,2026-07-04T21:15:00Z,2026-07-04T23:15:00+0200,117.93,EUR/MWh,DE,DE_LU,day_ahead_price,value,2026-08-04T01:03:53Z
2026-08-04T00:59:54Z,2026-08-04T02:59:54+0200,e971b95d-ef8c-4c78-99a5-54bbb479ab9f,2026-07-04T21:30:00Z,2026-07-04T23:30:00+0200,115.85,EUR/MWh,DE,DE_LU,day_ahead_price,value,2026-08-04T01:03:53Z
2026-08-04T00:59:54Z,2026-08-04T02:59:54+0200,e971b95d-ef8c-4c78-99a5-54bbb479ab9f,2026-07-04T21:45:00Z,2026-07-04T23:45:00+0200,114.24,EUR/MWh,DE,DE_LU,day_ahead_price,value,2026-08-04T01:03:53Z
2026-08-04T00:59:54Z,2026-08-04T02:59:54+0200,e971b95d-ef8c-4c78-99a5-54bbb479ab9f,2026-07-04T22:00:00Z,2026-07-05T00:00:00+0200,134.57,EUR/MWh,DE,DE_LU,day_ahead_price,value,2026-08-04T01:03:53Z
2026-08-04T00:59:54Z,2026-08-04T02:59:54+0200,e971b95d-ef8c-4c78-99a5-54bbb479ab9f,2026-07-04T22:15:00Z,2026-07-05T00:15:00+0200,129.55,EUR/MWh,DE,DE_LU,day_ahead_price,value,2026-08-04T01:03:53Z
2026-08-04T00:59:54Z,2026-08-04T02:59:54+0200,e971b95d-ef8c-4c78-99a5-54bbb479ab9f,2026-07-04T22:30:00Z,2026-07-05T00:30:00+0200,117.65,EUR/MWh,DE,DE_LU,day_ahead_price,value,2026-08-04T01:03:53Z
2026-08-04T00:59:54Z,2026-08-04T02:59:54+0200,e971b95d-ef8c-4c78-99a5-54bbb479ab9f,2026-07-04T22:45:00Z,2026-07-05T00:45:00+0200,109.72,EUR/MWh,DE,DE_LU,day_ahead_price,value,2026-08-04T01:03:53Z
2026-08-04T00:59:54Z,2026-08-04T02:59:54+0200,e971b95d-ef8c-4c78-99a5-54bbb479ab9f,2026-07-04T23:00:00Z,2026-07-05T01:00:00+0200,135.0,EUR/MWh,DE,DE_LU,day_ahead_price,value,2026-08-04T01:03:53Z
2026-08-04T00:59:54Z,2026-08-04T02:59:54+0200,e971b95d-ef8c-4c78-99a5-54bbb479ab9f,2026-07-04T23:15:00Z,2026-07-05T01:15:00+0200,115.8,EUR/MWh,DE,DE_LU,day_ahead_price,value,2026-08-04T01:03:53Z
2026-08-04T00:59:54Z,2026-08-04T02:59:54+0200,e971b95d-ef8c-4c78-99a5-54bbb479ab9f,2026-07-04T23:30:00Z,2026-07-05T01:30:00+0200,110.04,EUR/MWh,DE,DE_LU,day_ahead_price,value,2026-08-04T01:03:53Z
2026-08-04T00:59:54Z,2026-08-04T02:59:54+0200,e971b95d-ef8c-4c78-99a5-54bbb479ab9f,2026-07-04T23:45:00Z,2026-07-05T01:45:00+0200,102.85,EUR/MWh,DE,DE_LU,day_ahead_price,value,2026-08-04T01:03:53Z
2026-08-04T00:59:54Z,2026-08-04T02:59:54+0200,e971b95d-ef8c-4c78-99a5-54bbb479ab9f,2026-07-05T00:00:00Z,2026-07-05T02:00:00+0200,116.64,EUR/MWh,DE,DE_LU,day_ahead_price,value,2026-08-04T01:03:53Z
2026-08-04T00:59:54Z,2026-08-04T02:59:54+0200,e971b95d-ef8c-4c78-99a5-54bbb479ab9f,2026-07-05T00:15:00Z,2026-07-05T02:15:00+0200,112.81,EUR/MWh,DE,DE_LU,day_ahead_price,value,2026-08-04T01:03:53Z
2026-08-04T00:59:54Z,2026-08-04T02:59:54+0200,e971b95d-ef8c-4c78-99a5-54bbb479ab9f,2026-07-05T00:30:00Z,2026-07-05T02:30:00+0200,109.36,EUR/MWh,DE,DE_LU,day_ahead_price,value,2026-08-04T01:03:53Z
2026-08-04T00:59:54Z,2026-08-04T02:59:54+0200,e971b95d-ef8c-4c78-99a5-54bbb479ab9f,2026-07-05T00:45:00Z,2026-07-05T02:45:00+0200,103.18,EUR/MWh,DE,DE_LU,day_ahead_price,value,2026-08-04T01:03:53Z
2026-08-04T00:59:54Z,2026-08-04T02:59:54+0200,e971b95d-ef8c-4c78-99a5-54bbb479ab9f,2026-07-05T01:00:00Z,2026-07-05T03:00:00+0200,108.99,EUR/MWh,DE,DE_LU,day_ahead_price,value,2026-08-04T01:03:53Z
2026-08-04T00:59:54Z,2026-08-04T02:59:54+0200,e971b95d-ef8c-4c78-99a5-54bbb479ab9f,2026-07-05T01:15:00Z,2026-07-05T03:15:00+0200,107.44,EUR/MWh,DE,DE_LU,day_ahead_price,value,2026-08-04T01:03:53Z
2026-08-04T00:59:54Z,2026-08-04T02:59:54+0200,e971b95d-ef8c-4c78-99a5-54bbb479ab9f,2026-07-05T01:30:00Z,2026-07-05T03:30:00+0200,105.54,EUR/MWh,DE,DE_LU,day_ahead_price,value,2026-08-04T01:03:53Z
2026-08-04T00:59:54Z,2026-08-04T02:59:54+0200,e971b95d-ef8c-4c78-99a5-54bbb479ab9f,2026-07-05T01:45:00Z,2026-07-05T03:45:00+0200,101.84,EUR/MWh,DE,DE_LU,day_ahead_price,value,2026-08-04T01:03:53Z
2026-08-04T00:59:54Z,2026-08-04T02:59:54+0200,e971b95d-ef8c-4c78-99a5-54bbb479ab9f,2026-07-05T02:00:00Z,2026-07-05T04:00:00+0200,103.24,EUR/MWh,DE,DE_LU,day_ahead_price,value,2026-08-04T01:03:53Z
2026-08-04T00:59:54Z,2026-08-04T02:59:54+0200,e971b95d-ef8c-4c78-99a5-54bbb479ab9f,2026-07-05T02:15:00Z,2026-07-05T04:15:00+0200,101.42,EUR/MWh,DE,DE_LU,day_ahead_price,value,2026-08-04T01:03:53Z
2026-08-04T00:59:54Z,2026-08-04T02:59:54+0200,e971b95d-ef8c-4c78-99a5-54bbb479ab9f,2026-07-05T02:30:00Z,2026-07-05T04:30:00+0200,101.47,EUR/MWh,DE,DE_LU,day_ahead_price,value,2026-08-04T01:03:53Z
2026-08-04T00:59:54Z,2026-08-04T02:59:54+0200,e971b95d-ef8c-4c78-99a5-54bbb479ab9f,2026-07-05T02:45:00Z,2026-07-05T04:45:00+0200,99.51,EUR/MWh,DE,DE_LU,day_ahead_price,value,2026-08-04T01:03:53Z
2026-08-04T00:59:54Z,2026-08-04T02:59:54+0200,e971b95d-ef8c-4c78-99a5-54bbb479ab9f,2026-07-05T03:00:00Z,2026-07-05T05:00:00+0200,103.14,EUR/MWh,DE,DE_LU,day_ahead_price,value,2026-08-04T01:03:53Z
2026-08-04T00:59:54Z,2026-08-04T02:59:54+0200,e971b95d-ef8c-4c78-99a5-54bbb479ab9f,2026-07-05T03:15:00Z,2026-07-05T05:15:00+0200,103.1,EUR/MWh,DE,DE_LU,day_ahead_price,value,2026-08-04T01:03:53Z
2026-08-04T00:59:54Z,2026-08-04T02:59:54+0200,e971b95d-ef8c-4c78-99a5-54bbb479ab9f,2026-07-05T03:30:00Z,2026-07-05T05:30:00+0200,96.95,EUR/MWh,DE,DE_LU,day_ahead_price,value,2026-08-04T01:03:53Z
2026-08-04T00:59:54Z,2026-08-04T02:59:54+0200,e971b95d-ef8c-4c78-99a5-54bbb479ab9f,2026-07-05T03:45:00Z,2026-07-05T05:45:00+0200,85.17,EUR/MWh,DE,DE_LU,day_ahead_price,value,2026-08-04T01:03:53Z
2026-08-04T00:59:54Z,2026-08-04T02:59:54+0200,e971b95d-ef8c-4c78-99a5-54bbb479ab9f,2026-07-05T04:00:00Z,2026-07-05T06:00:00+0200,108.44,EUR/MWh,DE,DE_LU,day_ahead_price,value,2026-08-04T01:03:53Z
2026-08-04T00:59:54Z,2026-08-04T02:59:54+0200,e971b95d-ef8c-4c78-99a5-54bbb479ab9f,2026-07-05T04:15:00Z,2026-07-05T06:15:00+0200,96.96,EUR/MWh,DE,DE_LU,day_ahead_price,value,2026-08-04T01:03:53Z
2026-08-04T00:59:54Z,2026-08-04T02:59:54+0200,e971b95d-ef8c-4c78-99a5-54bbb479ab9f,2026-07-05T04:30:00Z,2026-07-05T06:30:00+0200,77.93,EUR/MWh,DE,DE_LU,day_ahead_price,value,2026-08-04T01:03:53Z
2026-08-04T00:59:54Z,2026-08-04T02:59:54+0200,e971b95d-ef8c-4c78-99a5-54bbb479ab9f,2026-07-05T04:45:00Z,2026-07-05T06:45:00+0200,56.68,EUR/MWh,DE,DE_LU,day_ahead_price,value,2026-08-04T01:03:53Z
2026-08-04T00:59:54Z,2026-08-04T02:59:54+0200,e971b95d-ef8c-4c78-99a5-54bbb479ab9f,2026-07-05T05:00:00Z,2026-07-05T07:00:00+0200,76.36,EUR/MWh,DE,DE_LU,day_ahead_price,value,2026-08-04T01:03:53Z
2026-08-04T00:59:54Z,2026-08-04T02:59:54+0200,e971b95d-ef8c-4c78-99a5-54bbb479ab9f,2026-07-05T05:15:00Z,2026-07-05T07:15:00+0200,47.4,EUR/MWh,DE,DE_LU,day_ahead_price,value,2026-08-04T01:03:53Z
2026-08-04T00:59:54Z,2026-08-04T02:59:54+0200,e971b95d-ef8c-4c78-99a5-54bbb479ab9f,2026-07-05T05:30:00Z,2026-07-05T07:30:00+0200,31.58,EUR/MWh,DE,DE_LU,day_ahead_price,value,2026-08-04T01:03:53Z
2026-08-04T00:59:54Z,2026-08-04T02:59:54+0200,e971b95d-ef8c-4c78-99a5-54bbb479ab9f,2026-07-05T05:45:00Z,2026-07-05T07:45:00+0200,21.31,EUR/MWh,DE,DE_LU,day_ahead_price,value,2026-08-04T01:03:53Z
2026-08-04T00:59:54Z,2026-08-04T02:59:54+0200,e971b95d-ef8c-4c78-99a5-54bbb479ab9f,2026-07-05T06:00:00Z,2026-07-05T08:00:00+0200,31.17,EUR/MWh,DE,DE_LU,day_ahead_price,value,2026-08-04T01:03:53Z
2026-08-04T00:59:54Z,2026-08-04T02:59:54+0200,e971b95d-ef8c-4c78-99a5-54bbb479ab9f,2026-07-05T06:15:00Z,2026-07-05T08:15:00+0200,16.55,EUR/MWh,DE,DE_LU,day_ahead_price,value,2026-08-04T01:03:53Z
2026-08-04T00:59:54Z,2026-08-04T02:59:54+0200,e971b95d-ef8c-4c78-99a5-54bbb479ab9f,2026-07-05T06:30:00Z,2026-07-05T08:30:00+0200,7.24,EUR/MWh,DE,DE_LU,day_ahead_price,value,2026-08-04T01:03:53Z
2026-08-04T00:59:54Z,2026-08-04T02:59:54+0200,e971b95d-ef8c-4c78-99a5-54bbb479ab9f,2026-07-05T06:45:00Z,2026-07-05T08:45:00+0200,4.22,EUR/MWh,DE,DE_LU,day_ahead_price,value,2026-08-04T01:03:53Z
2026-08-04T00:59:54Z,2026-08-04T02:59:54+0200,e971b95d-ef8c-4c78-99a5-54bbb479ab9f,2026-07-05T07:00:00Z,2026-07-05T09:00:00+0200,4.25,EUR/MWh,DE,DE_LU,day_ahead_price,value,2026-08-04T01:03:53Z
2026-08-04T00:59:54Z,2026-08-04T02:59:54+0200,e971b95d-ef8c-4c78-99a5-54bbb479ab9f,2026-07-05T07:15:00Z,2026-07-05T09:15:00+0200,1.26,EUR/MWh,DE,DE_LU,day_ahead_price,value,2026-08-04T01:03:53Z
2026-08-04T00:59:54Z,2026-08-04T02:59:54+0200,e971b95d-ef8c-4c78-99a5-54bbb479ab9f,2026-07-05T07:30:00Z,2026-07-05T09:30:00+0200,0.02,EUR/MWh,DE,DE_LU,day_ahead_price,value,2026-08-04T01:03:53Z
2026-08-04T00:59:54Z,2026-08-04T02:59:54+0200,e971b95d-ef8c-4c78-99a5-54bbb479ab9f,2026-07-05T07:45:00Z,2026-07-05T09:45:00+0200,0.0,EUR/MWh,DE,DE_LU,day_ahead_price,value,2026-08-04T01:03:53Z
2026-08-04T00:59:54Z,2026-08-04T02:59:54+0200,e971b95d-ef8c-4c78-99a5-54bbb479ab9f,2026-07-05T08:00:00Z,2026-07-05T10:00:00+0200,0.0,EUR/MWh,DE,DE_LU,day_ahead_price,value,2026-08-04T01:03:53Z
2026-08-04T00:59:54Z,2026-08-04T02:59:54+0200,e971b95d-ef8c-4c78-99a5-54bbb479ab9f,2026-07-05T08:15:00Z,2026-07-05T10:15:00+0200,0.0,EUR/MWh,DE,DE_LU,day_ahead_price,value,2026-08-04T01:03:53Z
2026-08-04T00:59:54Z,2026-08-04T02:59:54+0200,e971b95d-ef8c-4c78-99a5-54bbb479ab9f,2026-07-05T08:30:00Z,2026-07-05T10:30:00+0200,-0.01,EUR/MWh,DE,DE_LU,day_ahead_price,value,2026-08-04T01:03:53Z
2026-08-04T00:59:54Z,2026-08-04T02:59:54+0200,e971b95d-ef8c-4c78-99a5-54bbb479ab9f,2026-07-05T08:45:00Z,2026-07-05T10:45:00+0200,-0.02,EUR/MWh,DE,DE_LU,day_ahead_price,value,2026-08-04T01:03:53Z
2026-08-04T00:59:54Z,2026-08-04T02:59:54+0200,e971b95d-ef8c-4c78-99a5-54bbb479ab9f,2026-07-05T09:00:00Z,2026-07-05T11:00:00+0200,-0.03,EUR/MWh,DE,DE_LU,day_ahead_price,value,2026-08-04T01:03:53Z
2026-08-04T00:59:54Z,2026-08-04T02:59:54+0200,e971b95d-ef8c-4c78-99a5-54bbb479ab9f,2026-07-05T09:15:00Z,2026-07-05T11:15:00+0200,-0.02,EUR/MWh,DE,DE_LU,day_ahead_price,value,2026-08-04T01:03:53Z
2026-08-04T00:59:54Z,2026-08-04T02:59:54+0200,e971b95d-ef8c-4c78-99a5-54bbb479ab9f,2026-07-05T09:30:00Z,2026-07-05T11:30:00+0200,-0.03,EUR/MWh,DE,DE_LU,day_ahead_price,value,2026-08-04T01:03:53Z
2026-08-04T00:59:54Z,2026-08-04T02:59:54+0200,e971b95d-ef8c-4c78-99a5-54bbb479ab9f,2026-07-05T09:45:00Z,2026-07-05T11:45:00+0200,-0.04,EUR/MWh,DE,DE_LU,day_ahead_price,value,2026-08-04T01:03:53Z
2026-08-04T00:59:54Z,2026-08-04T02:59:54+0200,e971b95d-ef8c-4c78-99a5-54bbb479ab9f,2026-07-05T10:00:00Z,2026-07-05T12:00:00+0200,-0.09,EUR/MWh,DE,DE_LU,day_ahead_price,value,2026-08-04T01:03:53Z
2026-08-04T00:59:54Z,2026-08-04T02:59:54+0200,e971b95d-ef8c-4c78-99a5-54bbb479ab9f,2026-07-05T10:15:00Z,2026-07-05T12:15:00+0200,-0.1,EUR/MWh,DE,DE_LU,day_ahead_price,value,2026-08-04T01:03:53Z
2026-08-04T00:59:54Z,2026-08-04T02:59:54+0200,e971b95d-ef8c-4c78-99a5-54bbb479ab9f,2026-07-05T10:30:00Z,2026-07-05T12:30:00+0200,-0.11,EUR/MWh,DE,DE_LU,day_ahead_price,value,2026-08-04T01:03:53Z
2026-08-04T00:59:54Z,2026-08-04T02:59:54+0200,e971b95d-ef8c-4c78-99a5-54bbb479ab9f,2026-07-05T10:45:00Z,2026-07-05T12:45:00+0200,-0.12,EUR/MWh,DE,DE_LU,day_ahead_price,value,2026-08-04T01:03:53Z
2026-08-04T00:59:54Z,2026-08-04T02:59:54+0200,e971b95d-ef8c-4c78-99a5-54bbb479ab9f,2026-07-05T11:00:00Z,2026-07-05T13:00:00+0200,-0.17,EUR/MWh,DE,DE_LU,day_ahead_price,value,2026-08-04T01:03:53Z
2026-08-04T00:59:54Z,2026-08-04T02:59:54+0200,e971b95d-ef8c-4c78-99a5-54bbb479ab9f,2026-07-05T11:15:00Z,2026-07-05T13:15:00+0200,-0.21,EUR/MWh,DE,DE_LU,day_ahead_price,value,2026-08-04T01:03:53Z
2026-08-04T00:59:54Z,2026-08-04T02:59:54+0200,e971b95d-ef8c-4c78-99a5-54bbb479ab9f,2026-07-05T11:30:00Z,2026-07-05T13:30:00+0200,-1.01,EUR/MWh,DE,DE_LU,day_ahead_price,value,2026-08-04T01:03:53Z
2026-08-04T00:59:54Z,2026-08-04T02:59:54+0200,e971b95d-ef8c-4c78-99a5-54bbb479ab9f,2026-07-05T11:45:00Z,2026-07-05T13:45:00+0200,-1.08,EUR/MWh,DE,DE_LU,day_ahead_price,value,2026-08-04T01:03:53Z
2026-08-04T00:59:54Z,2026-08-04T02:59:54+0200,e971b95d-ef8c-4c78-99a5-54bbb479ab9f,2026-07-05T12:00:00Z,2026-07-05T14:00:00+0200,-1.31,EUR/MWh,DE,DE_LU,day_ahead_price,value,2026-08-04T01:03:53Z
2026-08-04T00:59:54Z,2026-08-04T02:59:54+0200,e971b95d-ef8c-4c78-99a5-54bbb479ab9f,2026-07-05T12:15:00Z,2026-07-05T14:15:00+0200,-1.2,EUR/MWh,DE,DE_LU,day_ahead_price,value,2026-08-04T01:03:53Z
2026-08-04T00:59:54Z,2026-08-04T02:59:54+0200,e971b95d-ef8c-4c78-99a5-54bbb479ab9f,2026-07-05T12:30:00Z,2026-07-05T14:30:00+0200,-1.1,EUR/MWh,DE,DE_LU,day_ahead_price,value,2026-08-04T01:03:53Z
2026-08-04T00:59:54Z,2026-08-04T02:59:54+0200,e971b95d-ef8c-4c78-99a5-54bbb479ab9f,2026-07-05T12:45:00Z,2026-07-05T14:45:00+0200,-1.05,EUR/MWh,DE,DE_LU,day_ahead_price,value,2026-08-04T01:03:53Z
2026-08-04T00:59:54Z,2026-08-04T02:59:54+0200,e971b95d-ef8c-4c78-99a5-54bbb479ab9f,2026-07-05T13:00:00Z,2026-07-05T15:00:00+0200,-1.02,EUR/MWh,DE,DE_LU,day_ahead_price,value,2026-08-04T01:03:53Z
2026-08-04T00:59:54Z,2026-08-04T02:59:54+0200,e971b95d-ef8c-4c78-99a5-54bbb479ab9f,2026-07-05T13:15:00Z,2026-07-05T15:15:00+0200,-1.05,EUR/MWh,DE,DE_LU,day_ahead_price,value,2026-08-04T01:03:53Z
2026-08-04T00:59:54Z,2026-08-04T02:59:54+0200,e971b95d-ef8c-4c78-99a5-54bbb479ab9f,2026-07-05T13:30:00Z,2026-07-05T15:30:00+0200,-1.02,EUR/MWh,DE,DE_LU,day_ahead_price,value,2026-08-04T01:03:53Z
2026-08-04T00:59:54Z,2026-08-04T02:59:54+0200,e971b95d-ef8c-4c78-99a5-54bbb479ab9f,2026-07-05T13:45:00Z,2026-07-05T15:45:00+0200,-1.0,EUR/MWh,DE,DE_LU,day_ahead_price,value,2026-08-04T01:03:53Z
2026-08-04T00:59:54Z,2026-08-04T02:59:54+0200,e971b95d-ef8c-4c78-99a5-54bbb479ab9f,2026-07-05T14:00:00Z,2026-07-05T16:00:00+0200,-0.09,EUR/MWh,DE,DE_LU,day_ahead_price,value,2026-08-04T01:03:53Z
2026-08-04T00:59:54Z,2026-08-04T02:59:54+0200,e971b95d-ef8c-4c78-99a5-54bbb479ab9f,2026-07-05T14:15:00Z,2026-07-05T16:15:00+0200,-0.08,EUR/MWh,DE,DE_LU,day_ahead_price,value,2026-08-04T01:03:53Z
2026-08-04T00:59:54Z,2026-08-04T02:59:54+0200,e971b95d-ef8c-4c78-99a5-54bbb479ab9f,2026-07-05T14:30:00Z,2026-07-05T16:30:00+0200,-0.07,EUR/MWh,DE,DE_LU,day_ahead_price,value,2026-08-04T01:03:53Z
2026-08-04T00:59:54Z,2026-08-04T02:59:54+0200,e971b95d-ef8c-4c78-99a5-54bbb479ab9f,2026-07-05T14:45:00Z,2026-07-05T16:45:00+0200,0.0,EUR/MWh,DE,DE_LU,day_ahead_price,value,2026-08-04T01:03:53Z
2026-08-04T00:59:54Z,2026-08-04T02:59:54+0200,e971b95d-ef8c-4c78-99a5-54bbb479ab9f,2026-07-05T15:00:00Z,2026-07-05T17:00:00+0200,-0.01,EUR/MWh,DE,DE_LU,day_ahead_price,value,2026-08-04T01:03:53Z
2026-08-04T00:59:54Z,2026-08-04T02:59:54+0200,e971b95d-ef8c-4c78-99a5-54bbb479ab9f,2026-07-05T15:15:00Z,2026-07-05T17:15:00+0200,0.14,EUR/MWh,DE,DE_LU,day_ahead_price,value,2026-08-04T01:03:53Z
2026-08-04T00:59:54Z,2026-08-04T02:59:54+0200,e971b95d-ef8c-4c78-99a5-54bbb479ab9f,2026-07-05T15:30:00Z,2026-07-05T17:30:00+0200,3.78,EUR/MWh,DE,DE_LU,day_ahead_price,value,2026-08-04T01:03:53Z
2026-08-04T00:59:54Z,2026-08-04T02:59:54+0200,e971b95d-ef8c-4c78-99a5-54bbb479ab9f,2026-07-05T15:45:00Z,2026-07-05T17:45:00+0200,15.69,EUR/MWh,DE,DE_LU,day_ahead_price,value,2026-08-04T01:03:53Z
2026-08-04T00:59:54Z,2026-08-04T02:59:54+0200,e971b95d-ef8c-4c78-99a5-54bbb479ab9f,2026-07-05T16:00:00Z,2026-07-05T18:00:00+0200,20.06,EUR/MWh,DE,DE_LU,day_ahead_price,value,2026-08-04T01:03:53Z
2026-08-04T00:59:54Z,2026-08-04T02:59:54+0200,e971b95d-ef8c-4c78-99a5-54bbb479ab9f,2026-07-05T16:15:00Z,2026-07-05T18:15:00+0200,41.94,EUR/MWh,DE,DE_LU,day_ahead_price,value,2026-08-04T01:03:53Z
2026-08-04T00:59:54Z,2026-08-04T02:59:54+0200,e971b95d-ef8c-4c78-99a5-54bbb479ab9f,2026-07-05T16:30:00Z,2026-07-05T18:30:00+0200,82.04,EUR/MWh,DE,DE_LU,day_ahead_price,value,2026-08-04T01:03:53Z
2026-08-04T00:59:54Z,2026-08-04T02:59:54+0200,e971b95d-ef8c-4c78-99a5-54bbb479ab9f,2026-07-05T16:45:00Z,2026-07-05T18:45:00+0200,111.96,EUR/MWh,DE,DE_LU,day_ahead_price,value,2026-08-04T01:03:53Z
2026-08-04T00:59:54Z,2026-08-04T02:59:54+0200,e971b95d-ef8c-4c78-99a5-54bbb479ab9f,2026-07-05T17:00:00Z,2026-07-05T19:00:00+0200,69.67,EUR/MWh,DE,DE_LU,day_ahead_price,value,2026-08-04T01:03:53Z
2026-08-04T00:59:54Z,2026-08-04T02:59:54+0200,e971b95d-ef8c-4c78-99a5-54bbb479ab9f,2026-07-05T17:15:00Z,2026-07-05T19:15:00+0200,100.28,EUR/MWh,DE,DE_LU,day_ahead_price,value,2026-08-04T01:03:53Z
2026-08-04T00:59:54Z,2026-08-04T02:59:54+0200,e971b95d-ef8c-4c78-99a5-54bbb479ab9f,2026-07-05T17:30:00Z,2026-07-05T19:30:00+0200,125.07,EUR/MWh,DE,DE_LU,day_ahead_price,value,2026-08-04T01:03:53Z
2026-08-04T00:59:54Z,2026-08-04T02:59:54+0200,e971b95d-ef8c-4c78-99a5-54bbb479ab9f,2026-07-05T17:45:00Z,2026-07-05T19:45:00+0200,135.0,EUR/MWh,DE,DE_LU,day_ahead_price,value,2026-08-04T01:03:53Z
2026-08-04T00:59:54Z,2026-08-04T02:59:54+0200,e971b95d-ef8c-4c78-99a5-54bbb479ab9f,2026-07-05T18:00:00Z,2026-07-05T20:00:00+0200,115.65,EUR/MWh,DE,DE_LU,day_ahead_price,value,2026-08-04T01:03:53Z
2026-08-04T00:59:54Z,2026-08-04T02:59:54+0200,e971b95d-ef8c-4c78-99a5-54bbb479ab9f,2026-07-05T18:15:00Z,2026-07-05T20:15:00+0200,122.54,EUR/MWh,DE,DE_LU,day_ahead_price,value,2026-08-04T01:03:53Z
2026-08-04T00:59:54Z,2026-08-04T02:59:54+0200,e971b95d-ef8c-4c78-99a5-54bbb479ab9f,2026-07-05T18:30:00Z,2026-07-05T20:30:00+0200,134.01,EUR/MWh,DE,DE_LU,day_ahead_price,value,2026-08-04T01:03:53Z
2026-08-04T00:59:54Z,2026-08-04T02:59:54+0200,e971b95d-ef8c-4c78-99a5-54bbb479ab9f,2026-07-05T18:45:00Z,2026-07-05T20:45:00+0200,144.99,EUR/MWh,DE,DE_LU,day_ahead_price,value,2026-08-04T01:03:53Z
2026-08-04T00:59:54Z,2026-08-04T02:59:54+0200,e971b95d-ef8c-4c78-99a5-54bbb479ab9f,2026-07-05T19:00:00Z,2026-07-05T21:00:00+0200,129.95,EUR/MWh,DE,DE_LU,day_ahead_price,value,2026-08-04T01:03:53Z
2026-08-04T00:59:54Z,2026-08-04T02:59:54+0200,e971b95d-ef8c-4c78-99a5-54bbb479ab9f,2026-07-05T19:15:00Z,2026-07-05T21:15:00+0200,133.15,EUR/MWh,DE,DE_LU,day_ahead_price,value,2026-08-04T01:03:53Z
2026-08-04T00:59:54Z,2026-08-04T02:59:54+0200,e971b95d-ef8c-4c78-99a5-54bbb479ab9f,2026-07-05T19:30:00Z,2026-07-05T21:30:00+0200,136.63,EUR/MWh,DE,DE_LU,day_ahead_price,value,2026-08-04T01:03:53Z
2026-08-04T00:59:54Z,2026-08-04T02:59:54+0200,e971b95d-ef8c-4c78-99a5-54bbb479ab9f,2026-07-05T19:45:00Z,2026-07-05T21:45:00+0200,146.43,EUR/MWh,DE,DE_LU,day_ahead_price,value,2026-08-04T01:03:53Z
2026-08-04T00:59:54Z,2026-08-04T02:59:54+0200,e971b95d-ef8c-4c78-99a5-54bbb479ab9f,2026-07-05T20:00:00Z,2026-07-05T22:00:00+0200,144.99,EUR/MWh,DE,DE_LU,day_ahead_price,value,2026-08-04T01:03:53Z
2026-08-04T00:59:54Z,2026-08-04T02:59:54+0200,e971b95d-ef8c-4c78-99a5-54bbb479ab9f,2026-07-05T20:15:00Z,2026-07-05T22:15:00+0200,143.59,EUR/MWh,DE,DE_LU,day_ahead_price,value,2026-08-04T01:03:53Z
2026-08-04T00:59:54Z,2026-08-04T02:59:54+0200,e971b95d-ef8c-4c78-99a5-54bbb479ab9f,2026-07-05T20:30:00Z,2026-07-05T22:30:00+0200,137.68,EUR/MWh,DE,DE_LU,day_ahead_price,value,2026-08-04T01:03:53Z
2026-08-04T00:59:54Z,2026-08-04T02:59:54+0200,e971b95d-ef8c-4c78-99a5-54bbb479ab9f,2026-07-05T20:45:00Z,2026-07-05T22:45:00+0200,133.31,EUR/MWh,DE,DE_LU,day_ahead_price,value,2026-08-04T01:03:53Z
2026-08-04T00:59:54Z,2026-08-04T02:59:54+0200,e971b95d-ef8c-4c78-99a5-54bbb479ab9f,2026-07-05T21:00:00Z,2026-07-05T23:00:00+0200,134.51,EUR/MWh,DE,DE_LU,day_ahead_price,value,2026-08-04T01:03:53Z
2026-08-04T00:59:54Z,2026-08-04T02:59:54+0200,e971b95d-ef8c-4c78-99a5-54bbb479ab9f,2026-07-05T21:15:00Z,2026-07-05T23:15:00+0200,124.6,EUR/MWh,DE,DE_LU,day_ahead_price,value,2026-08-04T01:03:53Z
2026-08-04T00:59:54Z,2026-08-04T02:59:54+0200,e971b95d-ef8c-4c78-99a5-54bbb479ab9f,2026-07-05T21:30:00Z,2026-07-05T23:30:00+0200,129.06,EUR/MWh,DE,DE_LU,day_ahead_price,value,2026-08-04T01:03:53Z
2026-08-04T00:59:54Z,2026-08-04T02:59:54+0200,e971b95d-ef8c-4c78-99a5-54bbb479ab9f,2026-07-05T21:45:00Z,2026-07-05T23:45:00+0200,123.41,EUR/MWh,DE,DE_LU,day_ahead_price,value,2026-08-04T01:03:53Z
2026-08-04T00:59:54Z,2026-08-04T02:59:54+0200,e971b95d-ef8c-4c78-99a5-54bbb479ab9f,2026-07-05T22:00:00Z,2026-07-06T00:00:00+0200,149.55,EUR/MWh,DE,DE_LU,day_ahead_price,value,2026-08-04T01:03:53Z
2026-08-04T00:59:54Z,2026-08-04T02:59:54+0200,e971b95d-ef8c-4c78-99a5-54bbb479ab9f,2026-07-05T22:15:00Z,2026-07-06T00:15:00+0200,145.0,EUR/MWh,DE,DE_LU,day_ahead_price,value,2026-08-04T01:03:53Z
2026-08-04T00:59:54Z,2026-08-04T02:59:54+0200,e971b95d-ef8c-4c78-99a5-54bbb479ab9f,2026-07-05T22:30:00Z,2026-07-06T00:30:00+0200,136.0,EUR/MWh,DE,DE_LU,day_ahead_price,value,2026-08-04T01:03:53Z
2026-08-04T00:59:54Z,2026-08-04T02:59:54+0200,e971b95d-ef8c-4c78-99a5-54bbb479ab9f,2026-07-05T22:45:00Z,2026-07-06T00:45:00+0200,123.67,EUR/MWh,DE,DE_LU,day_ahead_price,value,2026-08-04T01:03:53Z
2026-08-04T00:59:54Z,2026-08-04T02:59:54+0200,e971b95d-ef8c-4c78-99a5-54bbb479ab9f,2026-07-05T23:00:00Z,2026-07-06T01:00:00+0200,130.57,EUR/MWh,DE,DE_LU,day_ahead_price,value,2026-08-04T01:03:53Z
2026-08-04T00:59:54Z,2026-08-04T02:59:54+0200,e971b95d-ef8c-4c78-99a5-54bbb479ab9f,2026-07-05T23:15:00Z,2026-07-06T01:15:00+0200,124.75,EUR/MWh,DE,DE_LU,day_ahead_price,value,2026-08-04T01:03:53Z
2026-08-04T00:59:54Z,2026-08-04T02:59:54+0200,e971b95d-ef8c-4c78-99a5-54bbb479ab9f,2026-07-05T23:30:00Z,2026-07-06T01:30:00+0200,122.84,EUR/MWh,DE,DE_LU,day_ahead_price,value,2026-08-04T01:03:53Z
2026-08-04T00:59:54Z,2026-08-04T02:59:54+0200,e971b95d-ef8c-4c78-99a5-54bbb479ab9f,2026-07-05T23:45:00Z,2026-07-06T01:45:00+0200,119.99,EUR/MWh,DE,DE_LU,day_ahead_price,value,2026-08-04T01:03:53Z
2026-08-04T00:59:54Z,2026-08-04T02:59:54+0200,e971b95d-ef8c-4c78-99a5-54bbb479ab9f,2026-07-06T00:00:00Z,2026-07-06T02:00:00+0200,124.91,EUR/MWh,DE,DE_LU,day_ahead_price,value,2026-08-04T01:03:53Z
2026-08-04T00:59:54Z,2026-08-04T02:59:54+0200,e971b95d-ef8c-4c78-99a5-54bbb479ab9f,2026-07-06T00:15:00Z,2026-07-06T02:15:00+0200,119.57,EUR/MWh,DE,DE_LU,day_ahead_price,value,2026-08-04T01:03:53Z
2026-08-04T00:59:54Z,2026-08-04T02:59:54+0200,e971b95d-ef8c-4c78-99a5-54bbb479ab9f,2026-07-06T00:30:00Z,2026-07-06T02:30:00+0200,118.21,EUR/MWh,DE,DE_LU,day_ahead_price,value,2026-08-04T01:03:53Z
2026-08-04T00:59:54Z,2026-08-04T02:59:54+0200,e971b95d-ef8c-4c78-99a5-54bbb479ab9f,2026-07-06T00:45:00Z,2026-07-06T02:45:00+0200,116.36,EUR/MWh,DE,DE_LU,day_ahead_price,value,2026-08-04T01:03:53Z
2026-08-04T00:59:54Z,2026-08-04T02:59:54+0200,e971b95d-ef8c-4c78-99a5-54bbb479ab9f,2026-07-06T01:00:00Z,2026-07-06T03:00:00+0200,115.42,EUR/MWh,DE,DE_LU,day_ahead_price,value,2026-08-04T01:03:53Z
2026-08-04T00:59:54Z,2026-08-04T02:59:54+0200,e971b95d-ef8c-4c78-99a5-54bbb479ab9f,2026-07-06T01:15:00Z,2026-07-06T03:15:00+0200,114.72,EUR/MWh,DE,DE_LU,day_ahead_price,value,2026-08-04T01:03:53Z
2026-08-04T00:59:54Z,2026-08-04T02:59:54+0200,e971b95d-ef8c-4c78-99a5-54bbb479ab9f,2026-07-06T01:30:00Z,2026-07-06T03:30:00+0200,115.95,EUR/MWh,DE,DE_LU,day_ahead_price,value,2026-08-04T01:03:53Z
2026-08-04T00:59:54Z,2026-08-04T02:59:54+0200,e971b95d-ef8c-4c78-99a5-54bbb479ab9f,2026-07-06T01:45:00Z,2026-07-06T03:45:00+0200,116.11,EUR/MWh,DE,DE_LU,day_ahead_price,value,2026-08-04T01:03:53Z
2026-08-04T00:59:54Z,2026-08-04T02:59:54+0200,e971b95d-ef8c-4c78-99a5-54bbb479ab9f,2026-07-06T02:00:00Z,2026-07-06T04:00:00+0200,114.39,EUR/MWh,DE,DE_LU,day_ahead_price,value,2026-08-04T01:03:53Z
2026-08-04T00:59:54Z,2026-08-04T02:59:54+0200,e971b95d-ef8c-4c78-99a5-54bbb479ab9f,2026-07-06T02:15:00Z,2026-07-06T04:15:00+0200,114.13,EUR/MWh,DE,DE_LU,day_ahead_price,value,2026-08-04T01:03:53Z
2026-08-04T00:59:54Z,2026-08-04T02:59:54+0200,e971b95d-ef8c-4c78-99a5-54bbb479ab9f,2026-07-06T02:30:00Z,2026-07-06T04:30:00+0200,117.9,EUR/MWh,DE,DE_LU,day_ahead_price,value,2026-08-04T01:03:53Z
2026-08-04T00:59:54Z,2026-08-04T02:59:54+0200,e971b95d-ef8c-4c78-99a5-54bbb479ab9f,2026-07-06T02:45:00Z,2026-07-06T04:45:00+0200,117.28,EUR/MWh,DE,DE_LU,day_ahead_price,value,2026-08-04T01:03:53Z
2026-08-04T00:59:54Z,2026-08-04T02:59:54+0200,e971b95d-ef8c-4c78-99a5-54bbb479ab9f,2026-07-06T03:00:00Z,2026-07-06T05:00:00+0200,116.41,EUR/MWh,DE,DE_LU,day_ahead_price,value,2026-08-04T01:03:53Z
2026-08-04T00:59:54Z,2026-08-04T02:59:54+0200,e971b95d-ef8c-4c78-99a5-54bbb479ab9f,2026-07-06T03:15:00Z,2026-07-06T05:15:00+0200,117.05,EUR/MWh,DE,DE_LU,day_ahead_price,value,2026-08-04T01:03:53Z
2026-08-04T00:59:54Z,2026-08-04T02:59:54+0200,e971b95d-ef8c-4c78-99a5-54bbb479ab9f,2026-07-06T03:30:00Z,2026-07-06T05:30:00+0200,120.0,EUR/MWh,DE,DE_LU,day_ahead_price,value,2026-08-04T01:03:53Z
2026-08-04T00:59:54Z,2026-08-04T02:59:54+0200,e971b95d-ef8c-4c78-99a5-54bbb479ab9f,2026-07-06T03:45:00Z,2026-07-06T05:45:00+0200,129.98,EUR/MWh,DE,DE_LU,day_ahead_price,value,2026-08-04T01:03:53Z
2026-08-04T00:59:54Z,2026-08-04T02:59:54+0200,e971b95d-ef8c-4c78-99a5-54bbb479ab9f,2026-07-06T04:00:00Z,2026-07-06T06:00:00+0200,129.64,EUR/MWh,DE,DE_LU,day_ahead_price,value,2026-08-04T01:03:53Z
2026-08-04T00:59:54Z,2026-08-04T02:59:54+0200,e971b95d-ef8c-4c78-99a5-54bbb479ab9f,2026-07-06T04:15:00Z,2026-07-06T06:15:00+0200,138.53,EUR/MWh,DE,DE_LU,day_ahead_price,value,2026-08-04T01:03:53Z
2026-08-04T00:59:54Z,2026-08-04T02:59:54+0200,e971b95d-ef8c-4c78-99a5-54bbb479ab9f,2026-07-06T04:30:00Z,2026-07-06T06:30:00+0200,139.33,EUR/MWh,DE,DE_LU,day_ahead_price,value,2026-08-04T01:03:53Z
2026-08-04T00:59:54Z,2026-08-04T02:59:54+0200,e971b95d-ef8c-4c78-99a5-54bbb479ab9f,2026-07-06T04:45:00Z,2026-07-06T06:45:00+0200,136.63,EUR/MWh,DE,DE_LU,day_ahead_price,value,2026-08-04T01:03:53Z
2026-08-04T00:59:54Z,2026-08-04T02:59:54+0200,e971b95d-ef8c-4c78-99a5-54bbb479ab9f,2026-07-06T05:00:00Z,2026-07-06T07:00:00+0200,148.93,EUR/MWh,DE,DE_LU,day_ahead_price,value,2026-08-04T01:03:53Z
2026-08-04T00:59:54Z,2026-08-04T02:59:54+0200,e971b95d-ef8c-4c78-99a5-54bbb479ab9f,2026-07-06T05:15:00Z,2026-07-06T07:15:00+0200,143.75,EUR/MWh,DE,DE_LU,day_ahead_price,value,2026-08-04T01:03:53Z
2026-08-04T00:59:54Z,2026-08-04T02:59:54+0200,e971b95d-ef8c-4c78-99a5-54bbb479ab9f,2026-07-06T05:30:00Z,2026-07-06T07:30:00+0200,133.79,EUR/MWh,DE,DE_LU,day_ahead_price,value,2026-08-04T01:03:53Z
2026-08-04T00:59:54Z,2026-08-04T02:59:54+0200,e971b95d-ef8c-4c78-99a5-54bbb479ab9f,2026-07-06T05:45:00Z,2026-07-06T07:45:00+0200,131.77,EUR/MWh,DE,DE_LU,day_ahead_price,value,2026-08-04T01:03:53Z
2026-08-04T00:59:54Z,2026-08-04T02:59:54+0200,e971b95d-ef8c-4c78-99a5-54bbb479ab9f,2026-07-06T06:00:00Z,2026-07-06T08:00:00+0200,155.93,EUR/MWh,DE,DE_LU,day_ahead_price,value,2026-08-04T01:03:53Z
2026-08-04T00:59:54Z,2026-08-04T02:59:54+0200,e971b95d-ef8c-4c78-99a5-54bbb479ab9f,2026-07-06T06:15:00Z,2026-07-06T08:15:00+0200,135.18,EUR/MWh,DE,DE_LU,day_ahead_price,value,2026-08-04T01:03:53Z
2026-08-04T00:59:54Z,2026-08-04T02:59:54+0200,e971b95d-ef8c-4c78-99a5-54bbb479ab9f,2026-07-06T06:30:00Z,2026-07-06T08:30:00+0200,127.45,EUR/MWh,DE,DE_LU,day_ahead_price,value,2026-08-04T01:03:53Z
2026-08-04T00:59:54Z,2026-08-04T02:59:54+0200,e971b95d-ef8c-4c78-99a5-54bbb479ab9f,2026-07-06T06:45:00Z,2026-07-06T08:45:00+0200,116.9,EUR/MWh,DE,DE_LU,day_ahead_price,value,2026-08-04T01:03:53Z
2026-08-04T00:59:54Z,2026-08-04T02:59:54+0200,e971b95d-ef8c-4c78-99a5-54bbb479ab9f,2026-07-06T07:00:00Z,2026-07-06T09:00:00+0200,127.87,EUR/MWh,DE,DE_LU,day_ahead_price,value,2026-08-04T01:03:53Z
2026-08-04T00:59:54Z,2026-08-04T02:59:54+0200,e971b95d-ef8c-4c78-99a5-54bbb479ab9f,2026-07-06T07:15:00Z,2026-07-06T09:15:00+0200,115.55,EUR/MWh,DE,DE_LU,day_ahead_price,value,2026-08-04T01:03:53Z
2026-08-04T00:59:54Z,2026-08-04T02:59:54+0200,e971b95d-ef8c-4c78-99a5-54bbb479ab9f,2026-07-06T07:30:00Z,2026-07-06T09:30:00+0200,105.08,EUR/MWh,DE,DE_LU,day_ahead_price,value,2026-08-04T01:03:53Z
2026-08-04T00:59:54Z,2026-08-04T02:59:54+0200,e971b95d-ef8c-4c78-99a5-54bbb479ab9f,2026-07-06T07:45:00Z,2026-07-06T09:45:00+0200,93.96,EUR/MWh,DE,DE_LU,day_ahead_price,value,2026-08-04T01:03:53Z
2026-08-04T00:59:54Z,2026-08-04T02:59:54+0200,e971b95d-ef8c-4c78-99a5-54bbb479ab9f,2026-07-06T08:00:00Z,2026-07-06T10:00:00+0200,114.77,EUR/MWh,DE,DE_LU,day_ahead_price,value,2026-08-04T01:03:53Z
2026-08-04T00:59:54Z,2026-08-04T02:59:54+0200,e971b95d-ef8c-4c78-99a5-54bbb479ab9f,2026-07-06T08:15:00Z,2026-07-06T10:15:00+0200,94.99,EUR/MWh,DE,DE_LU,day_ahead_price,value,2026-08-04T01:03:53Z
2026-08-04T00:59:54Z,2026-08-04T02:59:54+0200,e971b95d-ef8c-4c78-99a5-54bbb479ab9f,2026-07-06T08:30:00Z,2026-07-06T10:30:00+0200,81.4,EUR/MWh,DE,DE_LU,day_ahead_price,value,2026-08-04T01:03:53Z
2026-08-04T00:59:54Z,2026-08-04T02:59:54+0200,e971b95d-ef8c-4c78-99a5-54bbb479ab9f,2026-07-06T08:45:00Z,2026-07-06T10:45:00+0200,69.94,EUR/MWh,DE,DE_LU,day_ahead_price,value,2026-08-04T01:03:53Z
2026-08-04T00:59:54Z,2026-08-04T02:59:54+0200,e971b95d-ef8c-4c78-99a5-54bbb479ab9f,2026-07-06T09:00:00Z,2026-07-06T11:00:00+0200,87.0,EUR/MWh,DE,DE_LU,day_ahead_price,value,2026-08-04T01:03:53Z
2026-08-04T00:59:54Z,2026-08-04T02:59:54+0200,e971b95d-ef8c-4c78-99a5-54bbb479ab9f,2026-07-06T09:15:00Z,2026-07-06T11:15:00+0200,79.52,EUR/MWh,DE,DE_LU,day_ahead_price,value,2026-08-04T01:03:53Z
2026-08-04T00:59:54Z,2026-08-04T02:59:54+0200,e971b95d-ef8c-4c78-99a5-54bbb479ab9f,2026-07-06T09:30:00Z,2026-07-06T11:30:00+0200,64.74,EUR/MWh,DE,DE_LU,day_ahead_price,value,2026-08-04T01:03:53Z
2026-08-04T00:59:54Z,2026-08-04T02:59:54+0200,e971b95d-ef8c-4c78-99a5-54bbb479ab9f,2026-07-06T09:45:00Z,2026-07-06T11:45:00+0200,57.0,EUR/MWh,DE,DE_LU,day_ahead_price,value,2026-08-04T01:03:53Z
2026-08-04T00:59:54Z,2026-08-04T02:59:54+0200,e971b95d-ef8c-4c78-99a5-54bbb479ab9f,2026-07-06T10:00:00Z,2026-07-06T12:00:00+0200,59.95,EUR/MWh,DE,DE_LU,day_ahead_price,value,2026-08-04T01:03:53Z
2026-08-04T00:59:54Z,2026-08-04T02:59:54+0200,e971b95d-ef8c-4c78-99a5-54bbb479ab9f,2026-07-06T10:15:00Z,2026-07-06T12:15:00+0200,47.22,EUR/MWh,DE,DE_LU,day_ahead_price,value,2026-08-04T01:03:53Z
2026-08-04T00:59:54Z,2026-08-04T02:59:54+0200,e971b95d-ef8c-4c78-99a5-54bbb479ab9f,2026-07-06T10:30:00Z,2026-07-06T12:30:00+0200,38.33,EUR/MWh,DE,DE_LU,day_ahead_price,value,2026-08-04T01:03:53Z
2026-08-04T00:59:54Z,2026-08-04T02:59:54+0200,e971b95d-ef8c-4c78-99a5-54bbb479ab9f,2026-07-06T10:45:00Z,2026-07-06T12:45:00+0200,26.56,EUR/MWh,DE,DE_LU,day_ahead_price,value,2026-08-04T01:03:53Z
2026-08-04T00:59:54Z,2026-08-04T02:59:54+0200,e971b95d-ef8c-4c78-99a5-54bbb479ab9f,2026-07-06T11:00:00Z,2026-07-06T13:00:00+0200,39.51,EUR/MWh,DE,DE_LU,day_ahead_price,value,2026-08-04T01:03:53Z
2026-08-04T00:59:54Z,2026-08-04T02:59:54+0200,e971b95d-ef8c-4c78-99a5-54bbb479ab9f,2026-07-06T11:15:00Z,2026-07-06T13:15:00+0200,25.02,EUR/MWh,DE,DE_LU,day_ahead_price,value,2026-08-04T01:03:53Z
2026-08-04T00:59:54Z,2026-08-04T02:59:54+0200,e971b95d-ef8c-4c78-99a5-54bbb479ab9f,2026-07-06T11:30:00Z,2026-07-06T13:30:00+0200,14.16,EUR/MWh,DE,DE_LU,day_ahead_price,value,2026-08-04T01:03:53Z
2026-08-04T00:59:54Z,2026-08-04T02:59:54+0200,e971b95d-ef8c-4c78-99a5-54bbb479ab9f,2026-07-06T11:45:00Z,2026-07-06T13:45:00+0200,3.09,EUR/MWh,DE,DE_LU,day_ahead_price,value,2026-08-04T01:03:53Z
2026-08-04T00:59:54Z,2026-08-04T02:59:54+0200,e971b95d-ef8c-4c78-99a5-54bbb479ab9f,2026-07-06T12:00:00Z,2026-07-06T14:00:00+0200,19.2,EUR/MWh,DE,DE_LU,day_ahead_price,value,2026-08-04T01:03:53Z
2026-08-04T00:59:54Z,2026-08-04T02:59:54+0200,e971b95d-ef8c-4c78-99a5-54bbb479ab9f,2026-07-06T12:15:00Z,2026-07-06T14:15:00+0200,10.24,EUR/MWh,DE,DE_LU,day_ahead_price,value,2026-08-04T01:03:53Z
2026-08-04T00:59:54Z,2026-08-04T02:59:54+0200,e971b95d-ef8c-4c78-99a5-54bbb479ab9f,2026-07-06T12:30:00Z,2026-07-06T14:30:00+0200,8.76,EUR/MWh,DE,DE_LU,day_ahead_price,value,2026-08-04T01:03:53Z
2026-08-04T00:59:54Z,2026-08-04T02:59:54+0200,e971b95d-ef8c-4c78-99a5-54bbb479ab9f,2026-07-06T12:45:00Z,2026-07-06T14:45:00+0200,1.03,EUR/MWh,DE,DE_LU,day_ahead_price,value,2026-08-04T01:03:53Z
2026-08-04T00:59:54Z,2026-08-04T02:59:54+0200,e971b95d-ef8c-4c78-99a5-54bbb479ab9f,2026-07-06T13:00:00Z,2026-07-06T15:00:00+0200,4.51,EUR/MWh,DE,DE_LU,day_ahead_price,value,2026-08-04T01:03:53Z
2026-08-04T00:59:54Z,2026-08-04T02:59:54+0200,e971b95d-ef8c-4c78-99a5-54bbb479ab9f,2026-07-06T13:15:00Z,2026-07-06T15:15:00+0200,2.86,EUR/MWh,DE,DE_LU,day_ahead_price,value,2026-08-04T01:03:53Z
2026-08-04T00:59:54Z,2026-08-04T02:59:54+0200,e971b95d-ef8c-4c78-99a5-54bbb479ab9f,2026-07-06T13:30:00Z,2026-07-06T15:30:00+0200,4.99,EUR/MWh,DE,DE_LU,day_ahead_price,value,2026-08-04T01:03:53Z
2026-08-04T00:59:54Z,2026-08-04T02:59:54+0200,e971b95d-ef8c-4c78-99a5-54bbb479ab9f,2026-07-06T13:45:00Z,2026-07-06T15:45:00+0200,7.64,EUR/MWh,DE,DE_LU,day_ahead_price,value,2026-08-04T01:03:53Z
2026-08-04T00:59:54Z,2026-08-04T02:59:54+0200,e971b95d-ef8c-4c78-99a5-54bbb479ab9f,2026-07-06T14:00:00Z,2026-07-06T16:00:00+0200,2.46,EUR/MWh,DE,DE_LU,day_ahead_price,value,2026-08-04T01:03:53Z
2026-08-04T00:59:54Z,2026-08-04T02:59:54+0200,e971b95d-ef8c-4c78-99a5-54bbb479ab9f,2026-07-06T14:15:00Z,2026-07-06T16:15:00+0200,11.06,EUR/MWh,DE,DE_LU,day_ahead_price,value,2026-08-04T01:03:53Z
2026-08-04T00:59:54Z,2026-08-04T02:59:54+0200,e971b95d-ef8c-4c78-99a5-54bbb479ab9f,2026-07-06T14:30:00Z,2026-07-06T16:30:00+0200,26.52,EUR/MWh,DE,DE_LU,day_ahead_price,value,2026-08-04T01:03:53Z
2026-08-04T00:59:54Z,2026-08-04T02:59:54+0200,e971b95d-ef8c-4c78-99a5-54bbb479ab9f,2026-07-06T14:45:00Z,2026-07-06T16:45:00+0200,42.0,EUR/MWh,DE,DE_LU,day_ahead_price,value,2026-08-04T01:03:53Z
2026-08-04T00:59:54Z,2026-08-04T02:59:54+0200,e971b95d-ef8c-4c78-99a5-54bbb479ab9f,2026-07-06T15:00:00Z,2026-07-06T17:00:00+0200,28.86,EUR/MWh,DE,DE_LU,day_ahead_price,value,2026-08-04T01:03:53Z
2026-08-04T00:59:54Z,2026-08-04T02:59:54+0200,e971b95d-ef8c-4c78-99a5-54bbb479ab9f,2026-07-06T15:15:00Z,2026-07-06T17:15:00+0200,64.14,EUR/MWh,DE,DE_LU,day_ahead_price,value,2026-08-04T01:03:53Z
2026-08-04T00:59:54Z,2026-08-04T02:59:54+0200,e971b95d-ef8c-4c78-99a5-54bbb479ab9f,2026-07-06T15:30:00Z,2026-07-06T17:30:00+0200,81.21,EUR/MWh,DE,DE_LU,day_ahead_price,value,2026-08-04T01:03:53Z
2026-08-04T00:59:54Z,2026-08-04T02:59:54+0200,e971b95d-ef8c-4c78-99a5-54bbb479ab9f,2026-07-06T15:45:00Z,2026-07-06T17:45:00+0200,92.12,EUR/MWh,DE,DE_LU,day_ahead_price,value,2026-08-04T01:03:53Z
2026-08-04T00:59:54Z,2026-08-04T02:59:54+0200,e971b95d-ef8c-4c78-99a5-54bbb479ab9f,2026-07-06T16:00:00Z,2026-07-06T18:00:00+0200,79.74,EUR/MWh,DE,DE_LU,day_ahead_price,value,2026-08-04T01:03:53Z
2026-08-04T00:59:54Z,2026-08-04T02:59:54+0200,e971b95d-ef8c-4c78-99a5-54bbb479ab9f,2026-07-06T16:15:00Z,2026-07-06T18:15:00+0200,92.6,EUR/MWh,DE,DE_LU,day_ahead_price,value,2026-08-04T01:03:53Z
2026-08-04T00:59:54Z,2026-08-04T02:59:54+0200,e971b95d-ef8c-4c78-99a5-54bbb479ab9f,2026-07-06T16:30:00Z,2026-07-06T18:30:00+0200,108.23,EUR/MWh,DE,DE_LU,day_ahead_price,value,2026-08-04T01:03:53Z
2026-08-04T00:59:54Z,2026-08-04T02:59:54+0200,e971b95d-ef8c-4c78-99a5-54bbb479ab9f,2026-07-06T16:45:00Z,2026-07-06T18:45:00+0200,116.78,EUR/MWh,DE,DE_LU,day_ahead_price,value,2026-08-04T01:03:53Z
2026-08-04T00:59:54Z,2026-08-04T02:59:54+0200,e971b95d-ef8c-4c78-99a5-54bbb479ab9f,2026-07-06T17:00:00Z,2026-07-06T19:00:00+0200,101.23,EUR/MWh,DE,DE_LU,day_ahead_price,value,2026-08-04T01:03:53Z
2026-08-04T00:59:54Z,2026-08-04T02:59:54+0200,e971b95d-ef8c-4c78-99a5-54bbb479ab9f,2026-07-06T17:15:00Z,2026-07-06T19:15:00+0200,111.12,EUR/MWh,DE,DE_LU,day_ahead_price,value,2026-08-04T01:03:53Z
2026-08-04T00:59:54Z,2026-08-04T02:59:54+0200,e971b95d-ef8c-4c78-99a5-54bbb479ab9f,2026-07-06T17:30:00Z,2026-07-06T19:30:00+0200,125.26,EUR/MWh,DE,DE_LU,day_ahead_price,value,2026-08-04T01:03:53Z
2026-08-04T00:59:54Z,2026-08-04T02:59:54+0200,e971b95d-ef8c-4c78-99a5-54bbb479ab9f,2026-07-06T17:45:00Z,2026-07-06T19:45:00+0200,133.85,EUR/MWh,DE,DE_LU,day_ahead_price,value,2026-08-04T01:03:53Z
2026-08-04T00:59:54Z,2026-08-04T02:59:54+0200,e971b95d-ef8c-4c78-99a5-54bbb479ab9f,2026-07-06T18:00:00Z,2026-07-06T20:00:00+0200,124.27,EUR/MWh,DE,DE_LU,day_ahead_price,value,2026-08-04T01:03:53Z
2026-08-04T00:59:54Z,2026-08-04T02:59:54+0200,e971b95d-ef8c-4c78-99a5-54bbb479ab9f,2026-07-06T18:15:00Z,2026-07-06T20:15:00+0200,135.21,EUR/MWh,DE,DE_LU,day_ahead_price,value,2026-08-04T01:03:53Z
2026-08-04T00:59:54Z,2026-08-04T02:59:54+0200,e971b95d-ef8c-4c78-99a5-54bbb479ab9f,2026-07-06T18:30:00Z,2026-07-06T20:30:00+0200,140.83,EUR/MWh,DE,DE_LU,day_ahead_price,value,2026-08-04T01:03:53Z
2026-08-04T00:59:54Z,2026-08-04T02:59:54+0200,e971b95d-ef8c-4c78-99a5-54bbb479ab9f,2026-07-06T18:45:00Z,2026-07-06T20:45:00+0200,153.01,EUR/MWh,DE,DE_LU,day_ahead_price,value,2026-08-04T01:03:53Z
2026-08-04T00:59:54Z,2026-08-04T02:59:54+0200,e971b95d-ef8c-4c78-99a5-54bbb479ab9f,2026-07-06T19:00:00Z,2026-07-06T21:00:00+0200,151.64,EUR/MWh,DE,DE_LU,day_ahead_price,value,2026-08-04T01:03:53Z
2026-08-04T00:59:54Z,2026-08-04T02:59:54+0200,e971b95d-ef8c-4c78-99a5-54bbb479ab9f,2026-07-06T19:15:00Z,2026-07-06T21:15:00+0200,155.18,EUR/MWh,DE,DE_LU,day_ahead_price,value,2026-08-04T01:03:53Z
2026-08-04T00:59:54Z,2026-08-04T02:59:54+0200,e971b95d-ef8c-4c78-99a5-54bbb479ab9f,2026-07-06T19:30:00Z,2026-07-06T21:30:00+0200,153.19,EUR/MWh,DE,DE_LU,day_ahead_price,value,2026-08-04T01:03:53Z
2026-08-04T00:59:54Z,2026-08-04T02:59:54+0200,e971b95d-ef8c-4c78-99a5-54bbb479ab9f,2026-07-06T19:45:00Z,2026-07-06T21:45:00+0200,144.8,EUR/MWh,DE,DE_LU,day_ahead_price,value,2026-08-04T01:03:53Z
2026-08-04T00:59:54Z,2026-08-04T02:59:54+0200,e971b95d-ef8c-4c78-99a5-54bbb479ab9f,2026-07-06T20:00:00Z,2026-07-06T22:00:00+0200,152.61,EUR/MWh,DE,DE_LU,day_ahead_price,value,2026-08-04T01:03:53Z
2026-08-04T00:59:54Z,2026-08-04T02:59:54+0200,e971b95d-ef8c-4c78-99a5-54bbb479ab9f,2026-07-06T20:15:00Z,2026-07-06T22:15:00+0200,143.82,EUR/MWh,DE,DE_LU,day_ahead_price,value,2026-08-04T01:03:53Z
2026-08-04T00:59:54Z,2026-08-04T02:59:54+0200,e971b95d-ef8c-4c78-99a5-54bbb479ab9f,2026-07-06T20:30:00Z,2026-07-06T22:30:00+0200,150.67,EUR/MWh,DE,DE_LU,day_ahead_price,value,2026-08-04T01:03:53Z
2026-08-04T00:59:54Z,2026-08-04T02:59:54+0200,e971b95d-ef8c-4c78-99a5-54bbb479ab9f,2026-07-06T20:45:00Z,2026-07-06T22:45:00+0200,141.52,EUR/MWh,DE,DE_LU,day_ahead_price,value,2026-08-04T01:03:53Z
2026-08-04T00:59:54Z,2026-08-04T02:59:54+0200,e971b95d-ef8c-4c78-99a5-54bbb479ab9f,2026-07-06T21:00:00Z,2026-07-06T23:00:00+0200,145.38,EUR/MWh,DE,DE_LU,day_ahead_price,value,2026-08-04T01:03:53Z
2026-08-04T00:59:54Z,2026-08-04T02:59:54+0200,e971b95d-ef8c-4c78-99a5-54bbb479ab9f,2026-07-06T21:15:00Z,2026-07-06T23:15:00+0200,135.27,EUR/MWh,DE,DE_LU,day_ahead_price,value,2026-08-04T01:03:53Z
2026-08-04T00:59:54Z,2026-08-04T02:59:54+0200,e971b95d-ef8c-4c78-99a5-54bbb479ab9f,2026-07-06T21:30:00Z,2026-07-06T23:30:00+0200,132.58,EUR/MWh,DE,DE_LU,day_ahead_price,value,2026-08-04T01:03:53Z
2026-08-04T00:59:54Z,2026-08-04T02:59:54+0200,e971b95d-ef8c-4c78-99a5-54bbb479ab9f,2026-07-06T21:45:00Z,2026-07-06T23:45:00+0200,126.77,EUR/MWh,DE,DE_LU,day_ahead_price,value,2026-08-04T01:03:53Z
2026-08-04T00:59:54Z,2026-08-04T02:59:54+0200,e971b95d-ef8c-4c78-99a5-54bbb479ab9f,2026-07-06T22:00:00Z,2026-07-07T00:00:00+0200,129.03,EUR/MWh,DE,DE_LU,day_ahead_price,value,2026-08-04T01:03:53Z
2026-08-04T00:59:54Z,2026-08-04T02:59:54+0200,e971b95d-ef8c-4c78-99a5-54bbb479ab9f,2026-07-06T22:15:00Z,2026-07-07T00:15:00+0200,127.28,EUR/MWh,DE,DE_LU,day_ahead_price,value,2026-08-04T01:03:53Z
2026-08-04T00:59:54Z,2026-08-04T02:59:54+0200,e971b95d-ef8c-4c78-99a5-54bbb479ab9f,2026-07-06T22:30:00Z,2026-07-07T00:30:00+0200,116.08,EUR/MWh,DE,DE_LU,day_ahead_price,value,2026-08-04T01:03:53Z
2026-08-04T00:59:54Z,2026-08-04T02:59:54+0200,e971b95d-ef8c-4c78-99a5-54bbb479ab9f,2026-07-06T22:45:00Z,2026-07-07T00:45:00+0200,111.53,EUR/MWh,DE,DE_LU,day_ahead_price,value,2026-08-04T01:03:53Z
2026-08-04T00:59:54Z,2026-08-04T02:59:54+0200,e971b95d-ef8c-4c78-99a5-54bbb479ab9f,2026-07-06T23:00:00Z,2026-07-07T01:00:00+0200,121.75,EUR/MWh,DE,DE_LU,day_ahead_price,value,2026-08-04T01:03:53Z
2026-08-04T00:59:54Z,2026-08-04T02:59:54+0200,e971b95d-ef8c-4c78-99a5-54bbb479ab9f,2026-07-06T23:15:00Z,2026-07-07T01:15:00+0200,114.02,EUR/MWh,DE,DE_LU,day_ahead_price,value,2026-08-04T01:03:53Z
2026-08-04T00:59:54Z,2026-08-04T02:59:54+0200,e971b95d-ef8c-4c78-99a5-54bbb479ab9f,2026-07-06T23:30:00Z,2026-07-07T01:30:00+0200,112.85,EUR/MWh,DE,DE_LU,day_ahead_price,value,2026-08-04T01:03:53Z
2026-08-04T00:59:54Z,2026-08-04T02:59:54+0200,e971b95d-ef8c-4c78-99a5-54bbb479ab9f,2026-07-06T23:45:00Z,2026-07-07T01:45:00+0200,109.99,EUR/MWh,DE,DE_LU,day_ahead_price,value,2026-08-04T01:03:53Z
2026-08-04T00:59:54Z,2026-08-04T02:59:54+0200,e971b95d-ef8c-4c78-99a5-54bbb479ab9f,2026-07-07T00:00:00Z,2026-07-07T02:00:00+0200,113.0,EUR/MWh,DE,DE_LU,day_ahead_price,value,2026-08-04T01:03:53Z
2026-08-04T00:59:54Z,2026-08-04T02:59:54+0200,e971b95d-ef8c-4c78-99a5-54bbb479ab9f,2026-07-07T00:15:00Z,2026-07-07T02:15:00+0200,109.28,EUR/MWh,DE,DE_LU,day_ahead_price,value,2026-08-04T01:03:53Z
2026-08-04T00:59:54Z,2026-08-04T02:59:54+0200,e971b95d-ef8c-4c78-99a5-54bbb479ab9f,2026-07-07T00:30:00Z,2026-07-07T02:30:00+0200,106.29,EUR/MWh,DE,DE_LU,day_ahead_price,value,2026-08-04T01:03:53Z
2026-08-04T00:59:54Z,2026-08-04T02:59:54+0200,e971b95d-ef8c-4c78-99a5-54bbb479ab9f,2026-07-07T00:45:00Z,2026-07-07T02:45:00+0200,103.38,EUR/MWh,DE,DE_LU,day_ahead_price,value,2026-08-04T01:03:53Z
2026-08-04T00:59:54Z,2026-08-04T02:59:54+0200,e971b95d-ef8c-4c78-99a5-54bbb479ab9f,2026-07-07T01:00:00Z,2026-07-07T03:00:00+0200,103.36,EUR/MWh,DE,DE_LU,day_ahead_price,value,2026-08-04T01:03:53Z
2026-08-04T00:59:54Z,2026-08-04T02:59:54+0200,e971b95d-ef8c-4c78-99a5-54bbb479ab9f,2026-07-07T01:15:00Z,2026-07-07T03:15:00+0200,100.07,EUR/MWh,DE,DE_LU,day_ahead_price,value,2026-08-04T01:03:53Z
2026-08-04T00:59:54Z,2026-08-04T02:59:54+0200,e971b95d-ef8c-4c78-99a5-54bbb479ab9f,2026-07-07T01:30:00Z,2026-07-07T03:30:00+0200,101.0,EUR/MWh,DE,DE_LU,day_ahead_price,value,2026-08-04T01:03:53Z
2026-08-04T00:59:54Z,2026-08-04T02:59:54+0200,e971b95d-ef8c-4c78-99a5-54bbb479ab9f,2026-07-07T01:45:00Z,2026-07-07T03:45:00+0200,99.58,EUR/MWh,DE,DE_LU,day_ahead_price,value,2026-08-04T01:03:53Z
2026-08-04T00:59:54Z,2026-08-04T02:59:54+0200,e971b95d-ef8c-4c78-99a5-54bbb479ab9f,2026-07-07T02:00:00Z,2026-07-07T04:00:00+0200,98.9,EUR/MWh,DE,DE_LU,day_ahead_price,value,2026-08-04T01:03:53Z
2026-08-04T00:59:54Z,2026-08-04T02:59:54+0200,e971b95d-ef8c-4c78-99a5-54bbb479ab9f,2026-07-07T02:15:00Z,2026-07-07T04:15:00+0200,97.27,EUR/MWh,DE,DE_LU,day_ahead_price,value,2026-08-04T01:03:53Z
2026-08-04T00:59:54Z,2026-08-04T02:59:54+0200,e971b95d-ef8c-4c78-99a5-54bbb479ab9f,2026-07-07T02:30:00Z,2026-07-07T04:30:00+0200,98.19,EUR/MWh,DE,DE_LU,day_ahead_price,value,2026-08-04T01:03:53Z
2026-08-04T00:59:54Z,2026-08-04T02:59:54+0200,e971b95d-ef8c-4c78-99a5-54bbb479ab9f,2026-07-07T02:45:00Z,2026-07-07T04:45:00+0200,99.17,EUR/MWh,DE,DE_LU,day_ahead_price,value,2026-08-04T01:03:53Z
2026-08-04T00:59:54Z,2026-08-04T02:59:54+0200,e971b95d-ef8c-4c78-99a5-54bbb479ab9f,2026-07-07T03:00:00Z,2026-07-07T05:00:00+0200,100.0,EUR/MWh,DE,DE_LU,day_ahead_price,value,2026-08-04T01:03:53Z
2026-08-04T00:59:54Z,2026-08-04T02:59:54+0200,e971b95d-ef8c-4c78-99a5-54bbb479ab9f,2026-07-07T03:15:00Z,2026-07-07T05:15:00+0200,100.57,EUR/MWh,DE,DE_LU,day_ahead_price,value,2026-08-04T01:03:53Z
2026-08-04T00:59:54Z,2026-08-04T02:59:54+0200,e971b95d-ef8c-4c78-99a5-54bbb479ab9f,2026-07-07T03:30:00Z,2026-07-07T05:30:00+0200,102.72,EUR/MWh,DE,DE_LU,day_ahead_price,value,2026-08-04T01:03:53Z
2026-08-04T00:59:54Z,2026-08-04T02:59:54+0200,e971b95d-ef8c-4c78-99a5-54bbb479ab9f,2026-07-07T03:45:00Z,2026-07-07T05:45:00+0200,106.34,EUR/MWh,DE,DE_LU,day_ahead_price,value,2026-08-04T01:03:53Z
2026-08-04T00:59:54Z,2026-08-04T02:59:54+0200,e971b95d-ef8c-4c78-99a5-54bbb479ab9f,2026-07-07T04:00:00Z,2026-07-07T06:00:00+0200,111.14,EUR/MWh,DE,DE_LU,day_ahead_price,value,2026-08-04T01:03:53Z
2026-08-04T00:59:54Z,2026-08-04T02:59:54+0200,e971b95d-ef8c-4c78-99a5-54bbb479ab9f,2026-07-07T04:15:00Z,2026-07-07T06:15:00+0200,117.33,EUR/MWh,DE,DE_LU,day_ahead_price,value,2026-08-04T01:03:53Z
2026-08-04T00:59:54Z,2026-08-04T02:59:54+0200,e971b95d-ef8c-4c78-99a5-54bbb479ab9f,2026-07-07T04:30:00Z,2026-07-07T06:30:00+0200,116.82,EUR/MWh,DE,DE_LU,day_ahead_price,value,2026-08-04T01:03:53Z
2026-08-04T00:59:54Z,2026-08-04T02:59:54+0200,e971b95d-ef8c-4c78-99a5-54bbb479ab9f,2026-07-07T04:45:00Z,2026-07-07T06:45:00+0200,117.11,EUR/MWh,DE,DE_LU,day_ahead_price,value,2026-08-04T01:03:53Z
2026-08-04T00:59:54Z,2026-08-04T02:59:54+0200,e971b95d-ef8c-4c78-99a5-54bbb479ab9f,2026-07-07T05:00:00Z,2026-07-07T07:00:00+0200,124.01,EUR/MWh,DE,DE_LU,day_ahead_price,value,2026-08-04T01:03:53Z
2026-08-04T00:59:54Z,2026-08-04T02:59:54+0200,e971b95d-ef8c-4c78-99a5-54bbb479ab9f,2026-07-07T05:15:00Z,2026-07-07T07:15:00+0200,121.0,EUR/MWh,DE,DE_LU,day_ahead_price,value,2026-08-04T01:03:53Z
2026-08-04T00:59:54Z,2026-08-04T02:59:54+0200,e971b95d-ef8c-4c78-99a5-54bbb479ab9f,2026-07-07T05:30:00Z,2026-07-07T07:30:00+0200,117.95,EUR/MWh,DE,DE_LU,day_ahead_price,value,2026-08-04T01:03:53Z
2026-08-04T00:59:54Z,2026-08-04T02:59:54+0200,e971b95d-ef8c-4c78-99a5-54bbb479ab9f,2026-07-07T05:45:00Z,2026-07-07T07:45:00+0200,111.61,EUR/MWh,DE,DE_LU,day_ahead_price,value,2026-08-04T01:03:53Z
2026-08-04T00:59:54Z,2026-08-04T02:59:54+0200,e971b95d-ef8c-4c78-99a5-54bbb479ab9f,2026-07-07T06:00:00Z,2026-07-07T08:00:00+0200,128.69,EUR/MWh,DE,DE_LU,day_ahead_price,value,2026-08-04T01:03:53Z
2026-08-04T00:59:54Z,2026-08-04T02:59:54+0200,e971b95d-ef8c-4c78-99a5-54bbb479ab9f,2026-07-07T06:15:00Z,2026-07-07T08:15:00+0200,114.3,EUR/MWh,DE,DE_LU,day_ahead_price,value,2026-08-04T01:03:53Z
2026-08-04T00:59:54Z,2026-08-04T02:59:54+0200,e971b95d-ef8c-4c78-99a5-54bbb479ab9f,2026-07-07T06:30:00Z,2026-07-07T08:30:00+0200,112.34,EUR/MWh,DE,DE_LU,day_ahead_price,value,2026-08-04T01:03:53Z
2026-08-04T00:59:54Z,2026-08-04T02:59:54+0200,e971b95d-ef8c-4c78-99a5-54bbb479ab9f,2026-07-07T06:45:00Z,2026-07-07T08:45:00+0200,104.23,EUR/MWh,DE,DE_LU,day_ahead_price,value,2026-08-04T01:03:53Z
2026-08-04T00:59:54Z,2026-08-04T02:59:54+0200,e971b95d-ef8c-4c78-99a5-54bbb479ab9f,2026-07-07T07:00:00Z,2026-07-07T09:00:00+0200,121.97,EUR/MWh,DE,DE_LU,day_ahead_price,value,2026-08-04T01:03:53Z
2026-08-04T00:59:54Z,2026-08-04T02:59:54+0200,e971b95d-ef8c-4c78-99a5-54bbb479ab9f,2026-07-07T07:15:00Z,2026-07-07T09:15:00+0200,106.62,EUR/MWh,DE,DE_LU,day_ahead_price,value,2026-08-04T01:03:53Z
2026-08-04T00:59:54Z,2026-08-04T02:59:54+0200,e971b95d-ef8c-4c78-99a5-54bbb479ab9f,2026-07-07T07:30:00Z,2026-07-07T09:30:00+0200,89.96,EUR/MWh,DE,DE_LU,day_ahead_price,value,2026-08-04T01:03:53Z
2026-08-04T00:59:54Z,2026-08-04T02:59:54+0200,e971b95d-ef8c-4c78-99a5-54bbb479ab9f,2026-07-07T07:45:00Z,2026-07-07T09:45:00+0200,60.04,EUR/MWh,DE,DE_LU,day_ahead_price,value,2026-08-04T01:03:53Z
2026-08-04T00:59:54Z,2026-08-04T02:59:54+0200,e971b95d-ef8c-4c78-99a5-54bbb479ab9f,2026-07-07T08:00:00Z,2026-07-07T10:00:00+0200,82.67,EUR/MWh,DE,DE_LU,day_ahead_price,value,2026-08-04T01:03:53Z
2026-08-04T00:59:54Z,2026-08-04T02:59:54+0200,e971b95d-ef8c-4c78-99a5-54bbb479ab9f,2026-07-07T08:15:00Z,2026-07-07T10:15:00+0200,54.52,EUR/MWh,DE,DE_LU,day_ahead_price,value,2026-08-04T01:03:53Z
2026-08-04T00:59:54Z,2026-08-04T02:59:54+0200,e971b95d-ef8c-4c78-99a5-54bbb479ab9f,2026-07-07T08:30:00Z,2026-07-07T10:30:00+0200,32.22,EUR/MWh,DE,DE_LU,day_ahead_price,value,2026-08-04T01:03:53Z
2026-08-04T00:59:54Z,2026-08-04T02:59:54+0200,e971b95d-ef8c-4c78-99a5-54bbb479ab9f,2026-07-07T08:45:00Z,2026-07-07T10:45:00+0200,4.15,EUR/MWh,DE,DE_LU,day_ahead_price,value,2026-08-04T01:03:53Z
2026-08-04T00:59:54Z,2026-08-04T02:59:54+0200,e971b95d-ef8c-4c78-99a5-54bbb479ab9f,2026-07-07T09:00:00Z,2026-07-07T11:00:00+0200,18.22,EUR/MWh,DE,DE_LU,day_ahead_price,value,2026-08-04T01:03:53Z
2026-08-04T00:59:54Z,2026-08-04T02:59:54+0200,e971b95d-ef8c-4c78-99a5-54bbb479ab9f,2026-07-07T09:15:00Z,2026-07-07T11:15:00+0200,1.48,EUR/MWh,DE,DE_LU,day_ahead_price,value,2026-08-04T01:03:53Z
2026-08-04T00:59:54Z,2026-08-04T02:59:54+0200,e971b95d-ef8c-4c78-99a5-54bbb479ab9f,2026-07-07T09:30:00Z,2026-07-07T11:30:00+0200,0.0,EUR/MWh,DE,DE_LU,day_ahead_price,value,2026-08-04T01:03:53Z
2026-08-04T00:59:54Z,2026-08-04T02:59:54+0200,e971b95d-ef8c-4c78-99a5-54bbb479ab9f,2026-07-07T09:45:00Z,2026-07-07T11:45:00+0200,-0.01,EUR/MWh,DE,DE_LU,day_ahead_price,value,2026-08-04T01:03:53Z
2026-08-04T00:59:54Z,2026-08-04T02:59:54+0200,e971b95d-ef8c-4c78-99a5-54bbb479ab9f,2026-07-07T10:00:00Z,2026-07-07T12:00:00+0200,-0.02,EUR/MWh,DE,DE_LU,day_ahead_price,value,2026-08-04T01:03:53Z
2026-08-04T00:59:54Z,2026-08-04T02:59:54+0200,e971b95d-ef8c-4c78-99a5-54bbb479ab9f,2026-07-07T10:15:00Z,2026-07-07T12:15:00+0200,-0.33,EUR/MWh,DE,DE_LU,day_ahead_price,value,2026-08-04T01:03:53Z
2026-08-04T00:59:54Z,2026-08-04T02:59:54+0200,e971b95d-ef8c-4c78-99a5-54bbb479ab9f,2026-07-07T10:30:00Z,2026-07-07T12:30:00+0200,-1.1,EUR/MWh,DE,DE_LU,day_ahead_price,value,2026-08-04T01:03:53Z
2026-08-04T00:59:54Z,2026-08-04T02:59:54+0200,e971b95d-ef8c-4c78-99a5-54bbb479ab9f,2026-07-07T10:45:00Z,2026-07-07T12:45:00+0200,-1.87,EUR/MWh,DE,DE_LU,day_ahead_price,value,2026-08-04T01:03:53Z
2026-08-04T00:59:54Z,2026-08-04T02:59:54+0200,e971b95d-ef8c-4c78-99a5-54bbb479ab9f,2026-07-07T11:00:00Z,2026-07-07T13:00:00+0200,-3.65,EUR/MWh,DE,DE_LU,day_ahead_price,value,2026-08-04T01:03:53Z
2026-08-04T00:59:54Z,2026-08-04T02:59:54+0200,e971b95d-ef8c-4c78-99a5-54bbb479ab9f,2026-07-07T11:15:00Z,2026-07-07T13:15:00+0200,-2.02,EUR/MWh,DE,DE_LU,day_ahead_price,value,2026-08-04T01:03:53Z
2026-08-04T00:59:54Z,2026-08-04T02:59:54+0200,e971b95d-ef8c-4c78-99a5-54bbb479ab9f,2026-07-07T11:30:00Z,2026-07-07T13:30:00+0200,-2.17,EUR/MWh,DE,DE_LU,day_ahead_price,value,2026-08-04T01:03:53Z
2026-08-04T00:59:54Z,2026-08-04T02:59:54+0200,e971b95d-ef8c-4c78-99a5-54bbb479ab9f,2026-07-07T11:45:00Z,2026-07-07T13:45:00+0200,-2.98,EUR/MWh,DE,DE_LU,day_ahead_price,value,2026-08-04T01:03:53Z
2026-08-04T00:59:54Z,2026-08-04T02:59:54+0200,e971b95d-ef8c-4c78-99a5-54bbb479ab9f,2026-07-07T12:00:00Z,2026-07-07T14:00:00+0200,-3.02,EUR/MWh,DE,DE_LU,day_ahead_price,value,2026-08-04T01:03:53Z
2026-08-04T00:59:54Z,2026-08-04T02:59:54+0200,e971b95d-ef8c-4c78-99a5-54bbb479ab9f,2026-07-07T12:15:00Z,2026-07-07T14:15:00+0200,-2.71,EUR/MWh,DE,DE_LU,day_ahead_price,value,2026-08-04T01:03:53Z
2026-08-04T00:59:54Z,2026-08-04T02:59:54+0200,e971b95d-ef8c-4c78-99a5-54bbb479ab9f,2026-07-07T12:30:00Z,2026-07-07T14:30:00+0200,-3.07,EUR/MWh,DE,DE_LU,day_ahead_price,value,2026-08-04T01:03:53Z
2026-08-04T00:59:54Z,2026-08-04T02:59:54+0200,e971b95d-ef8c-4c78-99a5-54bbb479ab9f,2026-07-07T12:45:00Z,2026-07-07T14:45:00+0200,-2.54,EUR/MWh,DE,DE_LU,day_ahead_price,value,2026-08-04T01:03:53Z
2026-08-04T00:59:54Z,2026-08-04T02:59:54+0200,e971b95d-ef8c-4c78-99a5-54bbb479ab9f,2026-07-07T13:00:00Z,2026-07-07T15:00:00+0200,-1.77,EUR/MWh,DE,DE_LU,day_ahead_price,value,2026-08-04T01:03:53Z
2026-08-04T00:59:54Z,2026-08-04T02:59:54+0200,e971b95d-ef8c-4c78-99a5-54bbb479ab9f,2026-07-07T13:15:00Z,2026-07-07T15:15:00+0200,-1.63,EUR/MWh,DE,DE_LU,day_ahead_price,value,2026-08-04T01:03:53Z
2026-08-04T00:59:54Z,2026-08-04T02:59:54+0200,e971b95d-ef8c-4c78-99a5-54bbb479ab9f,2026-07-07T13:30:00Z,2026-07-07T15:30:00+0200,-1.33,EUR/MWh,DE,DE_LU,day_ahead_price,value,2026-08-04T01:03:53Z
2026-08-04T00:59:54Z,2026-08-04T02:59:54+0200,e971b95d-ef8c-4c78-99a5-54bbb479ab9f,2026-07-07T13:45:00Z,2026-07-07T15:45:00+0200,-1.21,EUR/MWh,DE,DE_LU,day_ahead_price,value,2026-08-04T01:03:53Z
2026-08-04T00:59:54Z,2026-08-04T02:59:54+0200,e971b95d-ef8c-4c78-99a5-54bbb479ab9f,2026-07-07T14:00:00Z,2026-07-07T16:00:00+0200,-1.02,EUR/MWh,DE,DE_LU,day_ahead_price,value,2026-08-04T01:03:53Z
2026-08-04T00:59:54Z,2026-08-04T02:59:54+0200,e971b95d-ef8c-4c78-99a5-54bbb479ab9f,2026-07-07T14:15:00Z,2026-07-07T16:15:00+0200,-1.0,EUR/MWh,DE,DE_LU,day_ahead_price,value,2026-08-04T01:03:53Z
2026-08-04T00:59:54Z,2026-08-04T02:59:54+0200,e971b95d-ef8c-4c78-99a5-54bbb479ab9f,2026-07-07T14:30:00Z,2026-07-07T16:30:00+0200,-0.05,EUR/MWh,DE,DE_LU,day_ahead_price,value,2026-08-04T01:03:53Z
2026-08-04T00:59:54Z,2026-08-04T02:59:54+0200,e971b95d-ef8c-4c78-99a5-54bbb479ab9f,2026-07-07T14:45:00Z,2026-07-07T16:45:00+0200,-0.01,EUR/MWh,DE,DE_LU,day_ahead_price,value,2026-08-04T01:03:53Z
2026-08-04T00:59:54Z,2026-08-04T02:59:54+0200,e971b95d-ef8c-4c78-99a5-54bbb479ab9f,2026-07-07T15:00:00Z,2026-07-07T17:00:00+0200,0.0,EUR/MWh,DE,DE_LU,day_ahead_price,value,2026-08-04T01:03:53Z
2026-08-04T00:59:54Z,2026-08-04T02:59:54+0200,e971b95d-ef8c-4c78-99a5-54bbb479ab9f,2026-07-07T15:15:00Z,2026-07-07T17:15:00+0200,0.01,EUR/MWh,DE,DE_LU,day_ahead_price,value,2026-08-04T01:03:53Z
2026-08-04T00:59:54Z,2026-08-04T02:59:54+0200,e971b95d-ef8c-4c78-99a5-54bbb479ab9f,2026-07-07T15:30:00Z,2026-07-07T17:30:00+0200,7.85,EUR/MWh,DE,DE_LU,day_ahead_price,value,2026-08-04T01:03:53Z
2026-08-04T00:59:54Z,2026-08-04T02:59:54+0200,e971b95d-ef8c-4c78-99a5-54bbb479ab9f,2026-07-07T15:45:00Z,2026-07-07T17:45:00+0200,20.21,EUR/MWh,DE,DE_LU,day_ahead_price,value,2026-08-04T01:03:53Z
2026-08-04T00:59:54Z,2026-08-04T02:59:54+0200,e971b95d-ef8c-4c78-99a5-54bbb479ab9f,2026-07-07T16:00:00Z,2026-07-07T18:00:00+0200,25.18,EUR/MWh,DE,DE_LU,day_ahead_price,value,2026-08-04T01:03:53Z
2026-08-04T00:59:54Z,2026-08-04T02:59:54+0200,e971b95d-ef8c-4c78-99a5-54bbb479ab9f,2026-07-07T16:15:00Z,2026-07-07T18:15:00+0200,58.86,EUR/MWh,DE,DE_LU,day_ahead_price,value,2026-08-04T01:03:53Z
2026-08-04T00:59:54Z,2026-08-04T02:59:54+0200,e971b95d-ef8c-4c78-99a5-54bbb479ab9f,2026-07-07T16:30:00Z,2026-07-07T18:30:00+0200,71.01,EUR/MWh,DE,DE_LU,day_ahead_price,value,2026-08-04T01:03:53Z
2026-08-04T00:59:54Z,2026-08-04T02:59:54+0200,e971b95d-ef8c-4c78-99a5-54bbb479ab9f,2026-07-07T16:45:00Z,2026-07-07T18:45:00+0200,87.8,EUR/MWh,DE,DE_LU,day_ahead_price,value,2026-08-04T01:03:53Z
2026-08-04T00:59:54Z,2026-08-04T02:59:54+0200,e971b95d-ef8c-4c78-99a5-54bbb479ab9f,2026-07-07T17:00:00Z,2026-07-07T19:00:00+0200,67.53,EUR/MWh,DE,DE_LU,day_ahead_price,value,2026-08-04T01:03:53Z
2026-08-04T00:59:54Z,2026-08-04T02:59:54+0200,e971b95d-ef8c-4c78-99a5-54bbb479ab9f,2026-07-07T17:15:00Z,2026-07-07T19:15:00+0200,84.19,EUR/MWh,DE,DE_LU,day_ahead_price,value,2026-08-04T01:03:53Z
2026-08-04T00:59:54Z,2026-08-04T02:59:54+0200,e971b95d-ef8c-4c78-99a5-54bbb479ab9f,2026-07-07T17:30:00Z,2026-07-07T19:30:00+0200,92.01,EUR/MWh,DE,DE_LU,day_ahead_price,value,2026-08-04T01:03:53Z
2026-08-04T00:59:54Z,2026-08-04T02:59:54+0200,e971b95d-ef8c-4c78-99a5-54bbb479ab9f,2026-07-07T17:45:00Z,2026-07-07T19:45:00+0200,101.0,EUR/MWh,DE,DE_LU,day_ahead_price,value,2026-08-04T01:03:53Z
2026-08-04T00:59:54Z,2026-08-04T02:59:54+0200,e971b95d-ef8c-4c78-99a5-54bbb479ab9f,2026-07-07T18:00:00Z,2026-07-07T20:00:00+0200,102.91,EUR/MWh,DE,DE_LU,day_ahead_price,value,2026-08-04T01:03:53Z
2026-08-04T00:59:54Z,2026-08-04T02:59:54+0200,e971b95d-ef8c-4c78-99a5-54bbb479ab9f,2026-07-07T18:15:00Z,2026-07-07T20:15:00+0200,104.17,EUR/MWh,DE,DE_LU,day_ahead_price,value,2026-08-04T01:03:53Z
2026-08-04T00:59:54Z,2026-08-04T02:59:54+0200,e971b95d-ef8c-4c78-99a5-54bbb479ab9f,2026-07-07T18:30:00Z,2026-07-07T20:30:00+0200,112.9,EUR/MWh,DE,DE_LU,day_ahead_price,value,2026-08-04T01:03:53Z
2026-08-04T00:59:54Z,2026-08-04T02:59:54+0200,e971b95d-ef8c-4c78-99a5-54bbb479ab9f,2026-07-07T18:45:00Z,2026-07-07T20:45:00+0200,111.91,EUR/MWh,DE,DE_LU,day_ahead_price,value,2026-08-04T01:03:53Z
2026-08-04T00:59:54Z,2026-08-04T02:59:54+0200,e971b95d-ef8c-4c78-99a5-54bbb479ab9f,2026-07-07T19:00:00Z,2026-07-07T21:00:00+0200,118.09,EUR/MWh,DE,DE_LU,day_ahead_price,value,2026-08-04T01:03:53Z
2026-08-04T00:59:54Z,2026-08-04T02:59:54+0200,e971b95d-ef8c-4c78-99a5-54bbb479ab9f,2026-07-07T19:15:00Z,2026-07-07T21:15:00+0200,117.0,EUR/MWh,DE,DE_LU,day_ahead_price,value,2026-08-04T01:03:53Z
2026-08-04T00:59:54Z,2026-08-04T02:59:54+0200,e971b95d-ef8c-4c78-99a5-54bbb479ab9f,2026-07-07T19:30:00Z,2026-07-07T21:30:00+0200,118.88,EUR/MWh,DE,DE_LU,day_ahead_price,value,2026-08-04T01:03:53Z
2026-08-04T00:59:54Z,2026-08-04T02:59:54+0200,e971b95d-ef8c-4c78-99a5-54bbb479ab9f,2026-07-07T19:45:00Z,2026-07-07T21:45:00+0200,119.64,EUR/MWh,DE,DE_LU,day_ahead_price,value,2026-08-04T01:03:53Z
2026-08-04T00:59:54Z,2026-08-04T02:59:54+0200,e971b95d-ef8c-4c78-99a5-54bbb479ab9f,2026-07-07T20:00:00Z,2026-07-07T22:00:00+0200,124.54,EUR/MWh,DE,DE_LU,day_ahead_price,value,2026-08-04T01:03:53Z
2026-08-04T00:59:54Z,2026-08-04T02:59:54+0200,e971b95d-ef8c-4c78-99a5-54bbb479ab9f,2026-07-07T20:15:00Z,2026-07-07T22:15:00+0200,122.0,EUR/MWh,DE,DE_LU,day_ahead_price,value,2026-08-04T01:03:53Z
2026-08-04T00:59:54Z,2026-08-04T02:59:54+0200,e971b95d-ef8c-4c78-99a5-54bbb479ab9f,2026-07-07T20:30:00Z,2026-07-07T22:30:00+0200,121.03,EUR/MWh,DE,DE_LU,day_ahead_price,value,2026-08-04T01:03:53Z
2026-08-04T00:59:54Z,2026-08-04T02:59:54+0200,e971b95d-ef8c-4c78-99a5-54bbb479ab9f,2026-07-07T20:45:00Z,2026-07-07T22:45:00+0200,115.45,EUR/MWh,DE,DE_LU,day_ahead_price,value,2026-08-04T01:03:53Z
2026-08-04T00:59:54Z,2026-08-04T02:59:54+0200,e971b95d-ef8c-4c78-99a5-54bbb479ab9f,2026-07-07T21:00:00Z,2026-07-07T23:00:00+0200,121.24,EUR/MWh,DE,DE_LU,day_ahead_price,value,2026-08-04T01:03:53Z
2026-08-04T00:59:54Z,2026-08-04T02:59:54+0200,e971b95d-ef8c-4c78-99a5-54bbb479ab9f,2026-07-07T21:15:00Z,2026-07-07T23:15:00+0200,118.8,EUR/MWh,DE,DE_LU,day_ahead_price,value,2026-08-04T01:03:53Z
2026-08-04T00:59:54Z,2026-08-04T02:59:54+0200,e971b95d-ef8c-4c78-99a5-54bbb479ab9f,2026-07-07T21:30:00Z,2026-07-07T23:30:00+0200,115.36,EUR/MWh,DE,DE_LU,day_ahead_price,value,2026-08-04T01:03:53Z
2026-08-04T00:59:54Z,2026-08-04T02:59:54+0200,e971b95d-ef8c-4c78-99a5-54bbb479ab9f,2026-07-07T21:45:00Z,2026-07-07T23:45:00+0200,112.93,EUR/MWh,DE,DE_LU,day_ahead_price,value,2026-08-04T01:03:53Z
2026-08-04T00:59:54Z,2026-08-04T02:59:54+0200,e971b95d-ef8c-4c78-99a5-54bbb479ab9f,2026-07-07T22:00:00Z,2026-07-08T00:00:00+0200,119.71,EUR/MWh,DE,DE_LU,day_ahead_price,value,2026-08-04T01:03:53Z
2026-08-04T00:59:54Z,2026-08-04T02:59:54+0200,e971b95d-ef8c-4c78-99a5-54bbb479ab9f,2026-07-07T22:15:00Z,2026-07-08T00:15:00+0200,116.96,EUR/MWh,DE,DE_LU,day_ahead_price,value,2026-08-04T01:03:53Z
2026-08-04T00:59:54Z,2026-08-04T02:59:54+0200,e971b95d-ef8c-4c78-99a5-54bbb479ab9f,2026-07-07T22:30:00Z,2026-07-08T00:30:00+0200,112.03,EUR/MWh,DE,DE_LU,day_ahead_price,value,2026-08-04T01:03:53Z
2026-08-04T00:59:54Z,2026-08-04T02:59:54+0200,e971b95d-ef8c-4c78-99a5-54bbb479ab9f,2026-07-07T22:45:00Z,2026-07-08T00:45:00+0200,110.99,EUR/MWh,DE,DE_LU,day_ahead_price,value,2026-08-04T01:03:53Z
2026-08-04T00:59:54Z,2026-08-04T02:59:54+0200,e971b95d-ef8c-4c78-99a5-54bbb479ab9f,2026-07-07T23:00:00Z,2026-07-08T01:00:00+0200,120.96,EUR/MWh,DE,DE_LU,day_ahead_price,value,2026-08-04T01:03:53Z
2026-08-04T00:59:54Z,2026-08-04T02:59:54+0200,e971b95d-ef8c-4c78-99a5-54bbb479ab9f,2026-07-07T23:15:00Z,2026-07-08T01:15:00+0200,116.9,EUR/MWh,DE,DE_LU,day_ahead_price,value,2026-08-04T01:03:53Z
2026-08-04T00:59:54Z,2026-08-04T02:59:54+0200,e971b95d-ef8c-4c78-99a5-54bbb479ab9f,2026-07-07T23:30:00Z,2026-07-08T01:30:00+0200,115.3,EUR/MWh,DE,DE_LU,day_ahead_price,value,2026-08-04T01:03:53Z
2026-08-04T00:59:54Z,2026-08-04T02:59:54+0200,e971b95d-ef8c-4c78-99a5-54bbb479ab9f,2026-07-07T23:45:00Z,2026-07-08T01:45:00+0200,110.22,EUR/MWh,DE,DE_LU,day_ahead_price,value,2026-08-04T01:03:53Z
2026-08-04T00:59:54Z,2026-08-04T02:59:54+0200,e971b95d-ef8c-4c78-99a5-54bbb479ab9f,2026-07-08T00:00:00Z,2026-07-08T02:00:00+0200,116.05,EUR/MWh,DE,DE_LU,day_ahead_price,value,2026-08-04T01:03:53Z
2026-08-04T00:59:54Z,2026-08-04T02:59:54+0200,e971b95d-ef8c-4c78-99a5-54bbb479ab9f,2026-07-08T00:15:00Z,2026-07-08T02:15:00+0200,111.3,EUR/MWh,DE,DE_LU,day_ahead_price,value,2026-08-04T01:03:53Z
2026-08-04T00:59:54Z,2026-08-04T02:59:54+0200,e971b95d-ef8c-4c78-99a5-54bbb479ab9f,2026-07-08T00:30:00Z,2026-07-08T02:30:00+0200,111.07,EUR/MWh,DE,DE_LU,day_ahead_price,value,2026-08-04T01:03:53Z
2026-08-04T00:59:54Z,2026-08-04T02:59:54+0200,e971b95d-ef8c-4c78-99a5-54bbb479ab9f,2026-07-08T00:45:00Z,2026-07-08T02:45:00+0200,108.61,EUR/MWh,DE,DE_LU,day_ahead_price,value,2026-08-04T01:03:53Z
2026-08-04T00:59:54Z,2026-08-04T02:59:54+0200,e971b95d-ef8c-4c78-99a5-54bbb479ab9f,2026-07-08T01:00:00Z,2026-07-08T03:00:00+0200,107.31,EUR/MWh,DE,DE_LU,day_ahead_price,value,2026-08-04T01:03:53Z
2026-08-04T00:59:54Z,2026-08-04T02:59:54+0200,e971b95d-ef8c-4c78-99a5-54bbb479ab9f,2026-07-08T01:15:00Z,2026-07-08T03:15:00+0200,109.0,EUR/MWh,DE,DE_LU,day_ahead_price,value,2026-08-04T01:03:53Z
2026-08-04T00:59:54Z,2026-08-04T02:59:54+0200,e971b95d-ef8c-4c78-99a5-54bbb479ab9f,2026-07-08T01:30:00Z,2026-07-08T03:30:00+0200,107.18,EUR/MWh,DE,DE_LU,day_ahead_price,value,2026-08-04T01:03:53Z
2026-08-04T00:59:54Z,2026-08-04T02:59:54+0200,e971b95d-ef8c-4c78-99a5-54bbb479ab9f,2026-07-08T01:45:00Z,2026-07-08T03:45:00+0200,109.19,EUR/MWh,DE,DE_LU,day_ahead_price,value,2026-08-04T01:03:53Z
2026-08-04T00:59:54Z,2026-08-04T02:59:54+0200,e971b95d-ef8c-4c78-99a5-54bbb479ab9f,2026-07-08T02:00:00Z,2026-07-08T04:00:00+0200,107.84,EUR/MWh,DE,DE_LU,day_ahead_price,value,2026-08-04T01:03:53Z
2026-08-04T00:59:54Z,2026-08-04T02:59:54+0200,e971b95d-ef8c-4c78-99a5-54bbb479ab9f,2026-07-08T02:15:00Z,2026-07-08T04:15:00+0200,113.32,EUR/MWh,DE,DE_LU,day_ahead_price,value,2026-08-04T01:03:53Z
2026-08-04T00:59:54Z,2026-08-04T02:59:54+0200,e971b95d-ef8c-4c78-99a5-54bbb479ab9f,2026-07-08T02:30:00Z,2026-07-08T04:30:00+0200,115.14,EUR/MWh,DE,DE_LU,day_ahead_price,value,2026-08-04T01:03:53Z
2026-08-04T00:59:54Z,2026-08-04T02:59:54+0200,e971b95d-ef8c-4c78-99a5-54bbb479ab9f,2026-07-08T02:45:00Z,2026-07-08T04:45:00+0200,118.03,EUR/MWh,DE,DE_LU,day_ahead_price,value,2026-08-04T01:03:53Z
2026-08-04T00:59:54Z,2026-08-04T02:59:54+0200,e971b95d-ef8c-4c78-99a5-54bbb479ab9f,2026-07-08T03:00:00Z,2026-07-08T05:00:00+0200,115.22,EUR/MWh,DE,DE_LU,day_ahead_price,value,2026-08-04T01:03:53Z
2026-08-04T00:59:54Z,2026-08-04T02:59:54+0200,e971b95d-ef8c-4c78-99a5-54bbb479ab9f,2026-07-08T03:15:00Z,2026-07-08T05:15:00+0200,118.91,EUR/MWh,DE,DE_LU,day_ahead_price,value,2026-08-04T01:03:53Z
2026-08-04T00:59:54Z,2026-08-04T02:59:54+0200,e971b95d-ef8c-4c78-99a5-54bbb479ab9f,2026-07-08T03:30:00Z,2026-07-08T05:30:00+0200,121.19,EUR/MWh,DE,DE_LU,day_ahead_price,value,2026-08-04T01:03:53Z
2026-08-04T00:59:54Z,2026-08-04T02:59:54+0200,e971b95d-ef8c-4c78-99a5-54bbb479ab9f,2026-07-08T03:45:00Z,2026-07-08T05:45:00+0200,123.5,EUR/MWh,DE,DE_LU,day_ahead_price,value,2026-08-04T01:03:53Z
2026-08-04T00:59:54Z,2026-08-04T02:59:54+0200,e971b95d-ef8c-4c78-99a5-54bbb479ab9f,2026-07-08T04:00:00Z,2026-07-08T06:00:00+0200,125.23,EUR/MWh,DE,DE_LU,day_ahead_price,value,2026-08-04T01:03:53Z
2026-08-04T00:59:54Z,2026-08-04T02:59:54+0200,e971b95d-ef8c-4c78-99a5-54bbb479ab9f,2026-07-08T04:15:00Z,2026-07-08T06:15:00+0200,131.6,EUR/MWh,DE,DE_LU,day_ahead_price,value,2026-08-04T01:03:53Z
2026-08-04T00:59:54Z,2026-08-04T02:59:54+0200,e971b95d-ef8c-4c78-99a5-54bbb479ab9f,2026-07-08T04:30:00Z,2026-07-08T06:30:00+0200,132.5,EUR/MWh,DE,DE_LU,day_ahead_price,value,2026-08-04T01:03:53Z
2026-08-04T00:59:54Z,2026-08-04T02:59:54+0200,e971b95d-ef8c-4c78-99a5-54bbb479ab9f,2026-07-08T04:45:00Z,2026-07-08T06:45:00+0200,133.67,EUR/MWh,DE,DE_LU,day_ahead_price,value,2026-08-04T01:03:53Z
2026-08-04T00:59:54Z,2026-08-04T02:59:54+0200,e971b95d-ef8c-4c78-99a5-54bbb479ab9f,2026-07-08T05:00:00Z,2026-07-08T07:00:00+0200,136.17,EUR/MWh,DE,DE_LU,day_ahead_price,value,2026-08-04T01:03:53Z
2026-08-04T00:59:54Z,2026-08-04T02:59:54+0200,e971b95d-ef8c-4c78-99a5-54bbb479ab9f,2026-07-08T05:15:00Z,2026-07-08T07:15:00+0200,134.45,EUR/MWh,DE,DE_LU,day_ahead_price,value,2026-08-04T01:03:53Z
2026-08-04T00:59:54Z,2026-08-04T02:59:54+0200,e971b95d-ef8c-4c78-99a5-54bbb479ab9f,2026-07-08T05:30:00Z,2026-07-08T07:30:00+0200,132.02,EUR/MWh,DE,DE_LU,day_ahead_price,value,2026-08-04T01:03:53Z
2026-08-04T00:59:54Z,2026-08-04T02:59:54+0200,e971b95d-ef8c-4c78-99a5-54bbb479ab9f,2026-07-08T05:45:00Z,2026-07-08T07:45:00+0200,125.0,EUR/MWh,DE,DE_LU,day_ahead_price,value,2026-08-04T01:03:53Z
2026-08-04T00:59:54Z,2026-08-04T02:59:54+0200,e971b95d-ef8c-4c78-99a5-54bbb479ab9f,2026-07-08T06:00:00Z,2026-07-08T08:00:00+0200,139.68,EUR/MWh,DE,DE_LU,day_ahead_price,value,2026-08-04T01:03:53Z
2026-08-04T00:59:54Z,2026-08-04T02:59:54+0200,e971b95d-ef8c-4c78-99a5-54bbb479ab9f,2026-07-08T06:15:00Z,2026-07-08T08:15:00+0200,130.92,EUR/MWh,DE,DE_LU,day_ahead_price,value,2026-08-04T01:03:53Z
2026-08-04T00:59:54Z,2026-08-04T02:59:54+0200,e971b95d-ef8c-4c78-99a5-54bbb479ab9f,2026-07-08T06:30:00Z,2026-07-08T08:30:00+0200,121.17,EUR/MWh,DE,DE_LU,day_ahead_price,value,2026-08-04T01:03:53Z
2026-08-04T00:59:54Z,2026-08-04T02:59:54+0200,e971b95d-ef8c-4c78-99a5-54bbb479ab9f,2026-07-08T06:45:00Z,2026-07-08T08:45:00+0200,111.4,EUR/MWh,DE,DE_LU,day_ahead_price,value,2026-08-04T01:03:53Z
2026-08-04T00:59:54Z,2026-08-04T02:59:54+0200,e971b95d-ef8c-4c78-99a5-54bbb479ab9f,2026-07-08T07:00:00Z,2026-07-08T09:00:00+0200,122.91,EUR/MWh,DE,DE_LU,day_ahead_price,value,2026-08-04T01:03:53Z
2026-08-04T00:59:54Z,2026-08-04T02:59:54+0200,e971b95d-ef8c-4c78-99a5-54bbb479ab9f,2026-07-08T07:15:00Z,2026-07-08T09:15:00+0200,110.85,EUR/MWh,DE,DE_LU,day_ahead_price,value,2026-08-04T01:03:53Z
2026-08-04T00:59:54Z,2026-08-04T02:59:54+0200,e971b95d-ef8c-4c78-99a5-54bbb479ab9f,2026-07-08T07:30:00Z,2026-07-08T09:30:00+0200,89.22,EUR/MWh,DE,DE_LU,day_ahead_price,value,2026-08-04T01:03:53Z
2026-08-04T00:59:54Z,2026-08-04T02:59:54+0200,e971b95d-ef8c-4c78-99a5-54bbb479ab9f,2026-07-08T07:45:00Z,2026-07-08T09:45:00+0200,78.71,EUR/MWh,DE,DE_LU,day_ahead_price,value,2026-08-04T01:03:53Z
2026-08-04T00:59:54Z,2026-08-04T02:59:54+0200,e971b95d-ef8c-4c78-99a5-54bbb479ab9f,2026-07-08T08:00:00Z,2026-07-08T10:00:00+0200,90.05,EUR/MWh,DE,DE_LU,day_ahead_price,value,2026-08-04T01:03:53Z
2026-08-04T00:59:54Z,2026-08-04T02:59:54+0200,e971b95d-ef8c-4c78-99a5-54bbb479ab9f,2026-07-08T08:15:00Z,2026-07-08T10:15:00+0200,79.47,EUR/MWh,DE,DE_LU,day_ahead_price,value,2026-08-04T01:03:53Z
2026-08-04T00:59:54Z,2026-08-04T02:59:54+0200,e971b95d-ef8c-4c78-99a5-54bbb479ab9f,2026-07-08T08:30:00Z,2026-07-08T10:30:00+0200,78.8,EUR/MWh,DE,DE_LU,day_ahead_price,value,2026-08-04T01:03:53Z
2026-08-04T00:59:54Z,2026-08-04T02:59:54+0200,e971b95d-ef8c-4c78-99a5-54bbb479ab9f,2026-07-08T08:45:00Z,2026-07-08T10:45:00+0200,70.01,EUR/MWh,DE,DE_LU,day_ahead_price,value,2026-08-04T01:03:53Z
2026-08-04T00:59:54Z,2026-08-04T02:59:54+0200,e971b95d-ef8c-4c78-99a5-54bbb479ab9f,2026-07-08T09:00:00Z,2026-07-08T11:00:00+0200,85.0,EUR/MWh,DE,DE_LU,day_ahead_price,value,2026-08-04T01:03:53Z
2026-08-04T00:59:54Z,2026-08-04T02:59:54+0200,e971b95d-ef8c-4c78-99a5-54bbb479ab9f,2026-07-08T09:15:00Z,2026-07-08T11:15:00+0200,74.26,EUR/MWh,DE,DE_LU,day_ahead_price,value,2026-08-04T01:03:53Z
2026-08-04T00:59:54Z,2026-08-04T02:59:54+0200,e971b95d-ef8c-4c78-99a5-54bbb479ab9f,2026-07-08T09:30:00Z,2026-07-08T11:30:00+0200,71.2,EUR/MWh,DE,DE_LU,day_ahead_price,value,2026-08-04T01:03:53Z
2026-08-04T00:59:54Z,2026-08-04T02:59:54+0200,e971b95d-ef8c-4c78-99a5-54bbb479ab9f,2026-07-08T09:45:00Z,2026-07-08T11:45:00+0200,53.84,EUR/MWh,DE,DE_LU,day_ahead_price,value,2026-08-04T01:03:53Z
2026-08-04T00:59:54Z,2026-08-04T02:59:54+0200,e971b95d-ef8c-4c78-99a5-54bbb479ab9f,2026-07-08T10:00:00Z,2026-07-08T12:00:00+0200,56.9,EUR/MWh,DE,DE_LU,day_ahead_price,value,2026-08-04T01:03:53Z
2026-08-04T00:59:54Z,2026-08-04T02:59:54+0200,e971b95d-ef8c-4c78-99a5-54bbb479ab9f,2026-07-08T10:15:00Z,2026-07-08T12:15:00+0200,56.19,EUR/MWh,DE,DE_LU,day_ahead_price,value,2026-08-04T01:03:53Z
2026-08-04T00:59:54Z,2026-08-04T02:59:54+0200,e971b95d-ef8c-4c78-99a5-54bbb479ab9f,2026-07-08T10:30:00Z,2026-07-08T12:30:00+0200,47.95,EUR/MWh,DE,DE_LU,day_ahead_price,value,2026-08-04T01:03:53Z
2026-08-04T00:59:54Z,2026-08-04T02:59:54+0200,e971b95d-ef8c-4c78-99a5-54bbb479ab9f,2026-07-08T10:45:00Z,2026-07-08T12:45:00+0200,34.99,EUR/MWh,DE,DE_LU,day_ahead_price,value,2026-08-04T01:03:53Z
2026-08-04T00:59:54Z,2026-08-04T02:59:54+0200,e971b95d-ef8c-4c78-99a5-54bbb479ab9f,2026-07-08T11:00:00Z,2026-07-08T13:00:00+0200,30.73,EUR/MWh,DE,DE_LU,day_ahead_price,value,2026-08-04T01:03:53Z
2026-08-04T00:59:54Z,2026-08-04T02:59:54+0200,e971b95d-ef8c-4c78-99a5-54bbb479ab9f,2026-07-08T11:15:00Z,2026-07-08T13:15:00+0200,20.06,EUR/MWh,DE,DE_LU,day_ahead_price,value,2026-08-04T01:03:53Z
2026-08-04T00:59:54Z,2026-08-04T02:59:54+0200,e971b95d-ef8c-4c78-99a5-54bbb479ab9f,2026-07-08T11:30:00Z,2026-07-08T13:30:00+0200,9.87,EUR/MWh,DE,DE_LU,day_ahead_price,value,2026-08-04T01:03:53Z
2026-08-04T00:59:54Z,2026-08-04T02:59:54+0200,e971b95d-ef8c-4c78-99a5-54bbb479ab9f,2026-07-08T11:45:00Z,2026-07-08T13:45:00+0200,8.32,EUR/MWh,DE,DE_LU,day_ahead_price,value,2026-08-04T01:03:53Z
2026-08-04T00:59:54Z,2026-08-04T02:59:54+0200,e971b95d-ef8c-4c78-99a5-54bbb479ab9f,2026-07-08T12:00:00Z,2026-07-08T14:00:00+0200,6.86,EUR/MWh,DE,DE_LU,day_ahead_price,value,2026-08-04T01:03:53Z
2026-08-04T00:59:54Z,2026-08-04T02:59:54+0200,e971b95d-ef8c-4c78-99a5-54bbb479ab9f,2026-07-08T12:15:00Z,2026-07-08T14:15:00+0200,8.25,EUR/MWh,DE,DE_LU,day_ahead_price,value,2026-08-04T01:03:53Z
2026-08-04T00:59:54Z,2026-08-04T02:59:54+0200,e971b95d-ef8c-4c78-99a5-54bbb479ab9f,2026-07-08T12:30:00Z,2026-07-08T14:30:00+0200,8.89,EUR/MWh,DE,DE_LU,day_ahead_price,value,2026-08-04T01:03:53Z
2026-08-04T00:59:54Z,2026-08-04T02:59:54+0200,e971b95d-ef8c-4c78-99a5-54bbb479ab9f,2026-07-08T12:45:00Z,2026-07-08T14:45:00+0200,7.61,EUR/MWh,DE,DE_LU,day_ahead_price,value,2026-08-04T01:03:53Z
2026-08-04T00:59:54Z,2026-08-04T02:59:54+0200,e971b95d-ef8c-4c78-99a5-54bbb479ab9f,2026-07-08T13:00:00Z,2026-07-08T15:00:00+0200,5.72,EUR/MWh,DE,DE_LU,day_ahead_price,value,2026-08-04T01:03:53Z
2026-08-04T00:59:54Z,2026-08-04T02:59:54+0200,e971b95d-ef8c-4c78-99a5-54bbb479ab9f,2026-07-08T13:15:00Z,2026-07-08T15:15:00+0200,4.62,EUR/MWh,DE,DE_LU,day_ahead_price,value,2026-08-04T01:03:53Z
2026-08-04T00:59:54Z,2026-08-04T02:59:54+0200,e971b95d-ef8c-4c78-99a5-54bbb479ab9f,2026-07-08T13:30:00Z,2026-07-08T15:30:00+0200,10.0,EUR/MWh,DE,DE_LU,day_ahead_price,value,2026-08-04T01:03:53Z
2026-08-04T00:59:54Z,2026-08-04T02:59:54+0200,e971b95d-ef8c-4c78-99a5-54bbb479ab9f,2026-07-08T13:45:00Z,2026-07-08T15:45:00+0200,18.82,EUR/MWh,DE,DE_LU,day_ahead_price,value,2026-08-04T01:03:53Z
2026-08-04T00:59:54Z,2026-08-04T02:59:54+0200,e971b95d-ef8c-4c78-99a5-54bbb479ab9f,2026-07-08T14:00:00Z,2026-07-08T16:00:00+0200,8.21,EUR/MWh,DE,DE_LU,day_ahead_price,value,2026-08-04T01:03:53Z
2026-08-04T00:59:54Z,2026-08-04T02:59:54+0200,e971b95d-ef8c-4c78-99a5-54bbb479ab9f,2026-07-08T14:15:00Z,2026-07-08T16:15:00+0200,16.45,EUR/MWh,DE,DE_LU,day_ahead_price,value,2026-08-04T01:03:53Z
2026-08-04T00:59:54Z,2026-08-04T02:59:54+0200,e971b95d-ef8c-4c78-99a5-54bbb479ab9f,2026-07-08T14:30:00Z,2026-07-08T16:30:00+0200,47.32,EUR/MWh,DE,DE_LU,day_ahead_price,value,2026-08-04T01:03:53Z
2026-08-04T00:59:54Z,2026-08-04T02:59:54+0200,e971b95d-ef8c-4c78-99a5-54bbb479ab9f,2026-07-08T14:45:00Z,2026-07-08T16:45:00+0200,68.1,EUR/MWh,DE,DE_LU,day_ahead_price,value,2026-08-04T01:03:53Z
2026-08-04T00:59:54Z,2026-08-04T02:59:54+0200,e971b95d-ef8c-4c78-99a5-54bbb479ab9f,2026-07-08T15:00:00Z,2026-07-08T17:00:00+0200,60.43,EUR/MWh,DE,DE_LU,day_ahead_price,value,2026-08-04T01:03:53Z
2026-08-04T00:59:54Z,2026-08-04T02:59:54+0200,e971b95d-ef8c-4c78-99a5-54bbb479ab9f,2026-07-08T15:15:00Z,2026-07-08T17:15:00+0200,79.42,EUR/MWh,DE,DE_LU,day_ahead_price,value,2026-08-04T01:03:53Z
2026-08-04T00:59:54Z,2026-08-04T02:59:54+0200,e971b95d-ef8c-4c78-99a5-54bbb479ab9f,2026-07-08T15:30:00Z,2026-07-08T17:30:00+0200,82.16,EUR/MWh,DE,DE_LU,day_ahead_price,value,2026-08-04T01:03:53Z
2026-08-04T00:59:54Z,2026-08-04T02:59:54+0200,e971b95d-ef8c-4c78-99a5-54bbb479ab9f,2026-07-08T15:45:00Z,2026-07-08T17:45:00+0200,87.22,EUR/MWh,DE,DE_LU,day_ahead_price,value,2026-08-04T01:03:53Z
2026-08-04T00:59:54Z,2026-08-04T02:59:54+0200,e971b95d-ef8c-4c78-99a5-54bbb479ab9f,2026-07-08T16:00:00Z,2026-07-08T18:00:00+0200,85.09,EUR/MWh,DE,DE_LU,day_ahead_price,value,2026-08-04T01:03:53Z
2026-08-04T00:59:54Z,2026-08-04T02:59:54+0200,e971b95d-ef8c-4c78-99a5-54bbb479ab9f,2026-07-08T16:15:00Z,2026-07-08T18:15:00+0200,91.76,EUR/MWh,DE,DE_LU,day_ahead_price,value,2026-08-04T01:03:53Z
2026-08-04T00:59:54Z,2026-08-04T02:59:54+0200,e971b95d-ef8c-4c78-99a5-54bbb479ab9f,2026-07-08T16:30:00Z,2026-07-08T18:30:00+0200,112.88,EUR/MWh,DE,DE_LU,day_ahead_price,value,2026-08-04T01:03:53Z
2026-08-04T00:59:54Z,2026-08-04T02:59:54+0200,e971b95d-ef8c-4c78-99a5-54bbb479ab9f,2026-07-08T16:45:00Z,2026-07-08T18:45:00+0200,127.99,EUR/MWh,DE,DE_LU,day_ahead_price,value,2026-08-04T01:03:53Z
2026-08-04T00:59:54Z,2026-08-04T02:59:54+0200,e971b95d-ef8c-4c78-99a5-54bbb479ab9f,2026-07-08T17:00:00Z,2026-07-08T19:00:00+0200,120.1,EUR/MWh,DE,DE_LU,day_ahead_price,value,2026-08-04T01:03:53Z
2026-08-04T00:59:54Z,2026-08-04T02:59:54+0200,e971b95d-ef8c-4c78-99a5-54bbb479ab9f,2026-07-08T17:15:00Z,2026-07-08T19:15:00+0200,133.01,EUR/MWh,DE,DE_LU,day_ahead_price,value,2026-08-04T01:03:53Z
2026-08-04T00:59:54Z,2026-08-04T02:59:54+0200,e971b95d-ef8c-4c78-99a5-54bbb479ab9f,2026-07-08T17:30:00Z,2026-07-08T19:30:00+0200,137.08,EUR/MWh,DE,DE_LU,day_ahead_price,value,2026-08-04T01:03:53Z
2026-08-04T00:59:54Z,2026-08-04T02:59:54+0200,e971b95d-ef8c-4c78-99a5-54bbb479ab9f,2026-07-08T17:45:00Z,2026-07-08T19:45:00+0200,150.0,EUR/MWh,DE,DE_LU,day_ahead_price,value,2026-08-04T01:03:53Z
2026-08-04T00:59:54Z,2026-08-04T02:59:54+0200,e971b95d-ef8c-4c78-99a5-54bbb479ab9f,2026-07-08T18:00:00Z,2026-07-08T20:00:00+0200,133.1,EUR/MWh,DE,DE_LU,day_ahead_price,value,2026-08-04T01:03:53Z
2026-08-04T00:59:54Z,2026-08-04T02:59:54+0200,e971b95d-ef8c-4c78-99a5-54bbb479ab9f,2026-07-08T18:15:00Z,2026-07-08T20:15:00+0200,146.12,EUR/MWh,DE,DE_LU,day_ahead_price,value,2026-08-04T01:03:53Z
2026-08-04T00:59:54Z,2026-08-04T02:59:54+0200,e971b95d-ef8c-4c78-99a5-54bbb479ab9f,2026-07-08T18:30:00Z,2026-07-08T20:30:00+0200,155.06,EUR/MWh,DE,DE_LU,day_ahead_price,value,2026-08-04T01:03:53Z
2026-08-04T00:59:54Z,2026-08-04T02:59:54+0200,e971b95d-ef8c-4c78-99a5-54bbb479ab9f,2026-07-08T18:45:00Z,2026-07-08T20:45:00+0200,169.11,EUR/MWh,DE,DE_LU,day_ahead_price,value,2026-08-04T01:03:53Z
2026-08-04T00:59:54Z,2026-08-04T02:59:54+0200,e971b95d-ef8c-4c78-99a5-54bbb479ab9f,2026-07-08T19:00:00Z,2026-07-08T21:00:00+0200,161.19,EUR/MWh,DE,DE_LU,day_ahead_price,value,2026-08-04T01:03:53Z
2026-08-04T00:59:54Z,2026-08-04T02:59:54+0200,e971b95d-ef8c-4c78-99a5-54bbb479ab9f,2026-07-08T19:15:00Z,2026-07-08T21:15:00+0200,161.05,EUR/MWh,DE,DE_LU,day_ahead_price,value,2026-08-04T01:03:53Z
2026-08-04T00:59:54Z,2026-08-04T02:59:54+0200,e971b95d-ef8c-4c78-99a5-54bbb479ab9f,2026-07-08T19:30:00Z,2026-07-08T21:30:00+0200,163.14,EUR/MWh,DE,DE_LU,day_ahead_price,value,2026-08-04T01:03:53Z
2026-08-04T00:59:54Z,2026-08-04T02:59:54+0200,e971b95d-ef8c-4c78-99a5-54bbb479ab9f,2026-07-08T19:45:00Z,2026-07-08T21:45:00+0200,157.1,EUR/MWh,DE,DE_LU,day_ahead_price,value,2026-08-04T01:03:53Z
2026-08-04T00:59:54Z,2026-08-04T02:59:54+0200,e971b95d-ef8c-4c78-99a5-54bbb479ab9f,2026-07-08T20:00:00Z,2026-07-08T22:00:00+0200,167.11,EUR/MWh,DE,DE_LU,day_ahead_price,value,2026-08-04T01:03:53Z
2026-08-04T00:59:54Z,2026-08-04T02:59:54+0200,e971b95d-ef8c-4c78-99a5-54bbb479ab9f,2026-07-08T20:15:00Z,2026-07-08T22:15:00+0200,163.15,EUR/MWh,DE,DE_LU,day_ahead_price,value,2026-08-04T01:03:53Z
2026-08-04T00:59:54Z,2026-08-04T02:59:54+0200,e971b95d-ef8c-4c78-99a5-54bbb479ab9f,2026-07-08T20:30:00Z,2026-07-08T22:30:00+0200,159.44,EUR/MWh,DE,DE_LU,day_ahead_price,value,2026-08-04T01:03:53Z
2026-08-04T00:59:54Z,2026-08-04T02:59:54+0200,e971b95d-ef8c-4c78-99a5-54bbb479ab9f,2026-07-08T20:45:00Z,2026-07-08T22:45:00+0200,147.1,EUR/MWh,DE,DE_LU,day_ahead_price,value,2026-08-04T01:03:53Z
2026-08-04T00:59:54Z,2026-08-04T02:59:54+0200,e971b95d-ef8c-4c78-99a5-54bbb479ab9f,2026-07-08T21:00:00Z,2026-07-08T23:00:00+0200,153.65,EUR/MWh,DE,DE_LU,day_ahead_price,value,2026-08-04T01:03:53Z
2026-08-04T00:59:54Z,2026-08-04T02:59:54+0200,e971b95d-ef8c-4c78-99a5-54bbb479ab9f,2026-07-08T21:15:00Z,2026-07-08T23:15:00+0200,144.99,EUR/MWh,DE,DE_LU,day_ahead_price,value,2026-08-04T01:03:53Z
2026-08-04T00:59:54Z,2026-08-04T02:59:54+0200,e971b95d-ef8c-4c78-99a5-54bbb479ab9f,2026-07-08T21:30:00Z,2026-07-08T23:30:00+0200,144.01,EUR/MWh,DE,DE_LU,day_ahead_price,value,2026-08-04T01:03:53Z
2026-08-04T00:59:54Z,2026-08-04T02:59:54+0200,e971b95d-ef8c-4c78-99a5-54bbb479ab9f,2026-07-08T21:45:00Z,2026-07-08T23:45:00+0200,137.54,EUR/MWh,DE,DE_LU,day_ahead_price,value,2026-08-04T01:03:53Z
2026-08-04T00:59:54Z,2026-08-04T02:59:54+0200,e971b95d-ef8c-4c78-99a5-54bbb479ab9f,2026-07-08T22:00:00Z,2026-07-09T00:00:00+0200,149.97,EUR/MWh,DE,DE_LU,day_ahead_price,value,2026-08-04T01:03:53Z
2026-08-04T00:59:54Z,2026-08-04T02:59:54+0200,e971b95d-ef8c-4c78-99a5-54bbb479ab9f,2026-07-08T22:15:00Z,2026-07-09T00:15:00+0200,143.98,EUR/MWh,DE,DE_LU,day_ahead_price,value,2026-08-04T01:03:53Z
2026-08-04T00:59:54Z,2026-08-04T02:59:54+0200,e971b95d-ef8c-4c78-99a5-54bbb479ab9f,2026-07-08T22:30:00Z,2026-07-09T00:30:00+0200,136.93,EUR/MWh,DE,DE_LU,day_ahead_price,value,2026-08-04T01:03:53Z
2026-08-04T00:59:54Z,2026-08-04T02:59:54+0200,e971b95d-ef8c-4c78-99a5-54bbb479ab9f,2026-07-08T22:45:00Z,2026-07-09T00:45:00+0200,130.43,EUR/MWh,DE,DE_LU,day_ahead_price,value,2026-08-04T01:03:53Z
2026-08-04T00:59:54Z,2026-08-04T02:59:54+0200,e971b95d-ef8c-4c78-99a5-54bbb479ab9f,2026-07-08T23:00:00Z,2026-07-09T01:00:00+0200,140.32,EUR/MWh,DE,DE_LU,day_ahead_price,value,2026-08-04T01:03:53Z
2026-08-04T00:59:54Z,2026-08-04T02:59:54+0200,e971b95d-ef8c-4c78-99a5-54bbb479ab9f,2026-07-08T23:15:00Z,2026-07-09T01:15:00+0200,133.19,EUR/MWh,DE,DE_LU,day_ahead_price,value,2026-08-04T01:03:53Z
2026-08-04T00:59:54Z,2026-08-04T02:59:54+0200,e971b95d-ef8c-4c78-99a5-54bbb479ab9f,2026-07-08T23:30:00Z,2026-07-09T01:30:00+0200,130.89,EUR/MWh,DE,DE_LU,day_ahead_price,value,2026-08-04T01:03:53Z
2026-08-04T00:59:54Z,2026-08-04T02:59:54+0200,e971b95d-ef8c-4c78-99a5-54bbb479ab9f,2026-07-08T23:45:00Z,2026-07-09T01:45:00+0200,128.43,EUR/MWh,DE,DE_LU,day_ahead_price,value,2026-08-04T01:03:53Z
2026-08-04T00:59:54Z,2026-08-04T02:59:54+0200,e971b95d-ef8c-4c78-99a5-54bbb479ab9f,2026-07-09T00:00:00Z,2026-07-09T02:00:00+0200,128.44,EUR/MWh,DE,DE_LU,day_ahead_price,value,2026-08-04T01:03:53Z
2026-08-04T00:59:54Z,2026-08-04T02:59:54+0200,e971b95d-ef8c-4c78-99a5-54bbb479ab9f,2026-07-09T00:15:00Z,2026-07-09T02:15:00+0200,127.48,EUR/MWh,DE,DE_LU,day_ahead_price,value,2026-08-04T01:03:53Z
2026-08-04T00:59:54Z,2026-08-04T02:59:54+0200,e971b95d-ef8c-4c78-99a5-54bbb479ab9f,2026-07-09T00:30:00Z,2026-07-09T02:30:00+0200,127.0,EUR/MWh,DE,DE_LU,day_ahead_price,value,2026-08-04T01:03:53Z
2026-08-04T00:59:54Z,2026-08-04T02:59:54+0200,e971b95d-ef8c-4c78-99a5-54bbb479ab9f,2026-07-09T00:45:00Z,2026-07-09T02:45:00+0200,126.37,EUR/MWh,DE,DE_LU,day_ahead_price,value,2026-08-04T01:03:53Z
2026-08-04T00:59:54Z,2026-08-04T02:59:54+0200,e971b95d-ef8c-4c78-99a5-54bbb479ab9f,2026-07-09T01:00:00Z,2026-07-09T03:00:00+0200,124.96,EUR/MWh,DE,DE_LU,day_ahead_price,value,2026-08-04T01:03:53Z
2026-08-04T00:59:54Z,2026-08-04T02:59:54+0200,e971b95d-ef8c-4c78-99a5-54bbb479ab9f,2026-07-09T01:15:00Z,2026-07-09T03:15:00+0200,124.85,EUR/MWh,DE,DE_LU,day_ahead_price,value,2026-08-04T01:03:53Z
2026-08-04T00:59:54Z,2026-08-04T02:59:54+0200,e971b95d-ef8c-4c78-99a5-54bbb479ab9f,2026-07-09T01:30:00Z,2026-07-09T03:30:00+0200,124.61,EUR/MWh,DE,DE_LU,day_ahead_price,value,2026-08-04T01:03:53Z
2026-08-04T00:59:54Z,2026-08-04T02:59:54+0200,e971b95d-ef8c-4c78-99a5-54bbb479ab9f,2026-07-09T01:45:00Z,2026-07-09T03:45:00+0200,124.97,EUR/MWh,DE,DE_LU,day_ahead_price,value,2026-08-04T01:03:53Z
2026-08-04T00:59:54Z,2026-08-04T02:59:54+0200,e971b95d-ef8c-4c78-99a5-54bbb479ab9f,2026-07-09T02:00:00Z,2026-07-09T04:00:00+0200,121.12,EUR/MWh,DE,DE_LU,day_ahead_price,value,2026-08-04T01:03:53Z
2026-08-04T00:59:54Z,2026-08-04T02:59:54+0200,e971b95d-ef8c-4c78-99a5-54bbb479ab9f,2026-07-09T02:15:00Z,2026-07-09T04:15:00+0200,124.01,EUR/MWh,DE,DE_LU,day_ahead_price,value,2026-08-04T01:03:53Z
2026-08-04T00:59:54Z,2026-08-04T02:59:54+0200,e971b95d-ef8c-4c78-99a5-54bbb479ab9f,2026-07-09T02:30:00Z,2026-07-09T04:30:00+0200,126.59,EUR/MWh,DE,DE_LU,day_ahead_price,value,2026-08-04T01:03:53Z
2026-08-04T00:59:54Z,2026-08-04T02:59:54+0200,e971b95d-ef8c-4c78-99a5-54bbb479ab9f,2026-07-09T02:45:00Z,2026-07-09T04:45:00+0200,130.05,EUR/MWh,DE,DE_LU,day_ahead_price,value,2026-08-04T01:03:53Z
2026-08-04T00:59:54Z,2026-08-04T02:59:54+0200,e971b95d-ef8c-4c78-99a5-54bbb479ab9f,2026-07-09T03:00:00Z,2026-07-09T05:00:00+0200,127.86,EUR/MWh,DE,DE_LU,day_ahead_price,value,2026-08-04T01:03:53Z
2026-08-04T00:59:54Z,2026-08-04T02:59:54+0200,e971b95d-ef8c-4c78-99a5-54bbb479ab9f,2026-07-09T03:15:00Z,2026-07-09T05:15:00+0200,131.66,EUR/MWh,DE,DE_LU,day_ahead_price,value,2026-08-04T01:03:53Z
2026-08-04T00:59:54Z,2026-08-04T02:59:54+0200,e971b95d-ef8c-4c78-99a5-54bbb479ab9f,2026-07-09T03:30:00Z,2026-07-09T05:30:00+0200,135.0,EUR/MWh,DE,DE_LU,day_ahead_price,value,2026-08-04T01:03:53Z
2026-08-04T00:59:54Z,2026-08-04T02:59:54+0200,e971b95d-ef8c-4c78-99a5-54bbb479ab9f,2026-07-09T03:45:00Z,2026-07-09T05:45:00+0200,141.3,EUR/MWh,DE,DE_LU,day_ahead_price,value,2026-08-04T01:03:53Z
2026-08-04T00:59:54Z,2026-08-04T02:59:54+0200,e971b95d-ef8c-4c78-99a5-54bbb479ab9f,2026-07-09T04:00:00Z,2026-07-09T06:00:00+0200,142.51,EUR/MWh,DE,DE_LU,day_ahead_price,value,2026-08-04T01:03:53Z
2026-08-04T00:59:54Z,2026-08-04T02:59:54+0200,e971b95d-ef8c-4c78-99a5-54bbb479ab9f,2026-07-09T04:15:00Z,2026-07-09T06:15:00+0200,152.43,EUR/MWh,DE,DE_LU,day_ahead_price,value,2026-08-04T01:03:53Z
2026-08-04T00:59:54Z,2026-08-04T02:59:54+0200,e971b95d-ef8c-4c78-99a5-54bbb479ab9f,2026-07-09T04:30:00Z,2026-07-09T06:30:00+0200,153.73,EUR/MWh,DE,DE_LU,day_ahead_price,value,2026-08-04T01:03:53Z
2026-08-04T00:59:54Z,2026-08-04T02:59:54+0200,e971b95d-ef8c-4c78-99a5-54bbb479ab9f,2026-07-09T04:45:00Z,2026-07-09T06:45:00+0200,147.93,EUR/MWh,DE,DE_LU,day_ahead_price,value,2026-08-04T01:03:53Z
2026-08-04T00:59:54Z,2026-08-04T02:59:54+0200,e971b95d-ef8c-4c78-99a5-54bbb479ab9f,2026-07-09T05:00:00Z,2026-07-09T07:00:00+0200,164.44,EUR/MWh,DE,DE_LU,day_ahead_price,value,2026-08-04T01:03:53Z
2026-08-04T00:59:54Z,2026-08-04T02:59:54+0200,e971b95d-ef8c-4c78-99a5-54bbb479ab9f,2026-07-09T05:15:00Z,2026-07-09T07:15:00+0200,151.41,EUR/MWh,DE,DE_LU,day_ahead_price,value,2026-08-04T01:03:53Z
2026-08-04T00:59:54Z,2026-08-04T02:59:54+0200,e971b95d-ef8c-4c78-99a5-54bbb479ab9f,2026-07-09T05:30:00Z,2026-07-09T07:30:00+0200,143.06,EUR/MWh,DE,DE_LU,day_ahead_price,value,2026-08-04T01:03:53Z
2026-08-04T00:59:54Z,2026-08-04T02:59:54+0200,e971b95d-ef8c-4c78-99a5-54bbb479ab9f,2026-07-09T05:45:00Z,2026-07-09T07:45:00+0200,131.73,EUR/MWh,DE,DE_LU,day_ahead_price,value,2026-08-04T01:03:53Z
2026-08-04T00:59:54Z,2026-08-04T02:59:54+0200,e971b95d-ef8c-4c78-99a5-54bbb479ab9f,2026-07-09T06:00:00Z,2026-07-09T08:00:00+0200,154.08,EUR/MWh,DE,DE_LU,day_ahead_price,value,2026-08-04T01:03:53Z
2026-08-04T00:59:54Z,2026-08-04T02:59:54+0200,e971b95d-ef8c-4c78-99a5-54bbb479ab9f,2026-07-09T06:15:00Z,2026-07-09T08:15:00+0200,140.0,EUR/MWh,DE,DE_LU,day_ahead_price,value,2026-08-04T01:03:53Z
2026-08-04T00:59:54Z,2026-08-04T02:59:54+0200,e971b95d-ef8c-4c78-99a5-54bbb479ab9f,2026-07-09T06:30:00Z,2026-07-09T08:30:00+0200,134.92,EUR/MWh,DE,DE_LU,day_ahead_price,value,2026-08-04T01:03:53Z
2026-08-04T00:59:54Z,2026-08-04T02:59:54+0200,e971b95d-ef8c-4c78-99a5-54bbb479ab9f,2026-07-09T06:45:00Z,2026-07-09T08:45:00+0200,124.19,EUR/MWh,DE,DE_LU,day_ahead_price,value,2026-08-04T01:03:53Z
2026-08-04T00:59:54Z,2026-08-04T02:59:54+0200,e971b95d-ef8c-4c78-99a5-54bbb479ab9f,2026-07-09T07:00:00Z,2026-07-09T09:00:00+0200,132.6,EUR/MWh,DE,DE_LU,day_ahead_price,value,2026-08-04T01:03:53Z
2026-08-04T00:59:54Z,2026-08-04T02:59:54+0200,e971b95d-ef8c-4c78-99a5-54bbb479ab9f,2026-07-09T07:15:00Z,2026-07-09T09:15:00+0200,120.33,EUR/MWh,DE,DE_LU,day_ahead_price,value,2026-08-04T01:03:53Z
2026-08-04T00:59:54Z,2026-08-04T02:59:54+0200,e971b95d-ef8c-4c78-99a5-54bbb479ab9f,2026-07-09T07:30:00Z,2026-07-09T09:30:00+0200,113.25,EUR/MWh,DE,DE_LU,day_ahead_price,value,2026-08-04T01:03:53Z
2026-08-04T00:59:54Z,2026-08-04T02:59:54+0200,e971b95d-ef8c-4c78-99a5-54bbb479ab9f,2026-07-09T07:45:00Z,2026-07-09T09:45:00+0200,105.94,EUR/MWh,DE,DE_LU,day_ahead_price,value,2026-08-04T01:03:53Z
2026-08-04T00:59:54Z,2026-08-04T02:59:54+0200,e971b95d-ef8c-4c78-99a5-54bbb479ab9f,2026-07-09T08:00:00Z,2026-07-09T10:00:00+0200,109.06,EUR/MWh,DE,DE_LU,day_ahead_price,value,2026-08-04T01:03:53Z
2026-08-04T00:59:54Z,2026-08-04T02:59:54+0200,e971b95d-ef8c-4c78-99a5-54bbb479ab9f,2026-07-09T08:15:00Z,2026-07-09T10:15:00+0200,104.01,EUR/MWh,DE,DE_LU,day_ahead_price,value,2026-08-04T01:03:53Z
2026-08-04T00:59:54Z,2026-08-04T02:59:54+0200,e971b95d-ef8c-4c78-99a5-54bbb479ab9f,2026-07-09T08:30:00Z,2026-07-09T10:30:00+0200,98.51,EUR/MWh,DE,DE_LU,day_ahead_price,value,2026-08-04T01:03:53Z
2026-08-04T00:59:54Z,2026-08-04T02:59:54+0200,e971b95d-ef8c-4c78-99a5-54bbb479ab9f,2026-07-09T08:45:00Z,2026-07-09T10:45:00+0200,86.94,EUR/MWh,DE,DE_LU,day_ahead_price,value,2026-08-04T01:03:53Z
2026-08-04T00:59:54Z,2026-08-04T02:59:54+0200,e971b95d-ef8c-4c78-99a5-54bbb479ab9f,2026-07-09T09:00:00Z,2026-07-09T11:00:00+0200,100.0,EUR/MWh,DE,DE_LU,day_ahead_price,value,2026-08-04T01:03:53Z
2026-08-04T00:59:54Z,2026-08-04T02:59:54+0200,e971b95d-ef8c-4c78-99a5-54bbb479ab9f,2026-07-09T09:15:00Z,2026-07-09T11:15:00+0200,90.1,EUR/MWh,DE,DE_LU,day_ahead_price,value,2026-08-04T01:03:53Z
2026-08-04T00:59:54Z,2026-08-04T02:59:54+0200,e971b95d-ef8c-4c78-99a5-54bbb479ab9f,2026-07-09T09:30:00Z,2026-07-09T11:30:00+0200,81.76,EUR/MWh,DE,DE_LU,day_ahead_price,value,2026-08-04T01:03:53Z
2026-08-04T00:59:54Z,2026-08-04T02:59:54+0200,e971b95d-ef8c-4c78-99a5-54bbb479ab9f,2026-07-09T09:45:00Z,2026-07-09T11:45:00+0200,75.46,EUR/MWh,DE,DE_LU,day_ahead_price,value,2026-08-04T01:03:53Z
2026-08-04T00:59:54Z,2026-08-04T02:59:54+0200,e971b95d-ef8c-4c78-99a5-54bbb479ab9f,2026-07-09T10:00:00Z,2026-07-09T12:00:00+0200,82.36,EUR/MWh,DE,DE_LU,day_ahead_price,value,2026-08-04T01:03:53Z
2026-08-04T00:59:54Z,2026-08-04T02:59:54+0200,e971b95d-ef8c-4c78-99a5-54bbb479ab9f,2026-07-09T10:15:00Z,2026-07-09T12:15:00+0200,69.09,EUR/MWh,DE,DE_LU,day_ahead_price,value,2026-08-04T01:03:53Z
2026-08-04T00:59:54Z,2026-08-04T02:59:54+0200,e971b95d-ef8c-4c78-99a5-54bbb479ab9f,2026-07-09T10:30:00Z,2026-07-09T12:30:00+0200,61.0,EUR/MWh,DE,DE_LU,day_ahead_price,value,2026-08-04T01:03:53Z
2026-08-04T00:59:54Z,2026-08-04T02:59:54+0200,e971b95d-ef8c-4c78-99a5-54bbb479ab9f,2026-07-09T10:45:00Z,2026-07-09T12:45:00+0200,54.31,EUR/MWh,DE,DE_LU,day_ahead_price,value,2026-08-04T01:03:53Z
2026-08-04T00:59:54Z,2026-08-04T02:59:54+0200,e971b95d-ef8c-4c78-99a5-54bbb479ab9f,2026-07-09T11:00:00Z,2026-07-09T13:00:00+0200,58.7,EUR/MWh,DE,DE_LU,day_ahead_price,value,2026-08-04T01:03:53Z
2026-08-04T00:59:54Z,2026-08-04T02:59:54+0200,e971b95d-ef8c-4c78-99a5-54bbb479ab9f,2026-07-09T11:15:00Z,2026-07-09T13:15:00+0200,51.67,EUR/MWh,DE,DE_LU,day_ahead_price,value,2026-08-04T01:03:53Z
2026-08-04T00:59:54Z,2026-08-04T02:59:54+0200,e971b95d-ef8c-4c78-99a5-54bbb479ab9f,2026-07-09T11:30:00Z,2026-07-09T13:30:00+0200,39.06,EUR/MWh,DE,DE_LU,day_ahead_price,value,2026-08-04T01:03:53Z
2026-08-04T00:59:54Z,2026-08-04T02:59:54+0200,e971b95d-ef8c-4c78-99a5-54bbb479ab9f,2026-07-09T11:45:00Z,2026-07-09T13:45:00+0200,25.07,EUR/MWh,DE,DE_LU,day_ahead_price,value,2026-08-04T01:03:53Z
2026-08-04T00:59:54Z,2026-08-04T02:59:54+0200,e971b95d-ef8c-4c78-99a5-54bbb479ab9f,2026-07-09T12:00:00Z,2026-07-09T14:00:00+0200,33.61,EUR/MWh,DE,DE_LU,day_ahead_price,value,2026-08-04T01:03:53Z
2026-08-04T00:59:54Z,2026-08-04T02:59:54+0200,e971b95d-ef8c-4c78-99a5-54bbb479ab9f,2026-07-09T12:15:00Z,2026-07-09T14:15:00+0200,35.94,EUR/MWh,DE,DE_LU,day_ahead_price,value,2026-08-04T01:03:53Z
2026-08-04T00:59:54Z,2026-08-04T02:59:54+0200,e971b95d-ef8c-4c78-99a5-54bbb479ab9f,2026-07-09T12:30:00Z,2026-07-09T14:30:00+0200,38.9,EUR/MWh,DE,DE_LU,day_ahead_price,value,2026-08-04T01:03:53Z
2026-08-04T00:59:54Z,2026-08-04T02:59:54+0200,e971b95d-ef8c-4c78-99a5-54bbb479ab9f,2026-07-09T12:45:00Z,2026-07-09T14:45:00+0200,43.57,EUR/MWh,DE,DE_LU,day_ahead_price,value,2026-08-04T01:03:53Z
2026-08-04T00:59:54Z,2026-08-04T02:59:54+0200,e971b95d-ef8c-4c78-99a5-54bbb479ab9f,2026-07-09T13:00:00Z,2026-07-09T15:00:00+0200,33.37,EUR/MWh,DE,DE_LU,day_ahead_price,value,2026-08-04T01:03:53Z
2026-08-04T00:59:54Z,2026-08-04T02:59:54+0200,e971b95d-ef8c-4c78-99a5-54bbb479ab9f,2026-07-09T13:15:00Z,2026-07-09T15:15:00+0200,43.22,EUR/MWh,DE,DE_LU,day_ahead_price,value,2026-08-04T01:03:53Z
2026-08-04T00:59:54Z,2026-08-04T02:59:54+0200,e971b95d-ef8c-4c78-99a5-54bbb479ab9f,2026-07-09T13:30:00Z,2026-07-09T15:30:00+0200,55.16,EUR/MWh,DE,DE_LU,day_ahead_price,value,2026-08-04T01:03:53Z
2026-08-04T00:59:54Z,2026-08-04T02:59:54+0200,e971b95d-ef8c-4c78-99a5-54bbb479ab9f,2026-07-09T13:45:00Z,2026-07-09T15:45:00+0200,72.41,EUR/MWh,DE,DE_LU,day_ahead_price,value,2026-08-04T01:03:53Z
2026-08-04T00:59:54Z,2026-08-04T02:59:54+0200,e971b95d-ef8c-4c78-99a5-54bbb479ab9f,2026-07-09T14:00:00Z,2026-07-09T16:00:00+0200,62.14,EUR/MWh,DE,DE_LU,day_ahead_price,value,2026-08-04T01:03:53Z
2026-08-04T00:59:54Z,2026-08-04T02:59:54+0200,e971b95d-ef8c-4c78-99a5-54bbb479ab9f,2026-07-09T14:15:00Z,2026-07-09T16:15:00+0200,77.0,EUR/MWh,DE,DE_LU,day_ahead_price,value,2026-08-04T01:03:53Z
2026-08-04T00:59:54Z,2026-08-04T02:59:54+0200,e971b95d-ef8c-4c78-99a5-54bbb479ab9f,2026-07-09T14:30:00Z,2026-07-09T16:30:00+0200,86.53,EUR/MWh,DE,DE_LU,day_ahead_price,value,2026-08-04T01:03:53Z
2026-08-04T00:59:54Z,2026-08-04T02:59:54+0200,e971b95d-ef8c-4c78-99a5-54bbb479ab9f,2026-07-09T14:45:00Z,2026-07-09T16:45:00+0200,98.37,EUR/MWh,DE,DE_LU,day_ahead_price,value,2026-08-04T01:03:53Z
2026-08-04T00:59:54Z,2026-08-04T02:59:54+0200,e971b95d-ef8c-4c78-99a5-54bbb479ab9f,2026-07-09T15:00:00Z,2026-07-09T17:00:00+0200,85.15,EUR/MWh,DE,DE_LU,day_ahead_price,value,2026-08-04T01:03:53Z
2026-08-04T00:59:54Z,2026-08-04T02:59:54+0200,e971b95d-ef8c-4c78-99a5-54bbb479ab9f,2026-07-09T15:15:00Z,2026-07-09T17:15:00+0200,104.06,EUR/MWh,DE,DE_LU,day_ahead_price,value,2026-08-04T01:03:53Z
2026-08-04T00:59:54Z,2026-08-04T02:59:54+0200,e971b95d-ef8c-4c78-99a5-54bbb479ab9f,2026-07-09T15:30:00Z,2026-07-09T17:30:00+0200,114.41,EUR/MWh,DE,DE_LU,day_ahead_price,value,2026-08-04T01:03:53Z
2026-08-04T00:59:54Z,2026-08-04T02:59:54+0200,e971b95d-ef8c-4c78-99a5-54bbb479ab9f,2026-07-09T15:45:00Z,2026-07-09T17:45:00+0200,130.03,EUR/MWh,DE,DE_LU,day_ahead_price,value,2026-08-04T01:03:53Z
2026-08-04T00:59:54Z,2026-08-04T02:59:54+0200,e971b95d-ef8c-4c78-99a5-54bbb479ab9f,2026-07-09T16:00:00Z,2026-07-09T18:00:00+0200,114.4,EUR/MWh,DE,DE_LU,day_ahead_price,value,2026-08-04T01:03:53Z
2026-08-04T00:59:54Z,2026-08-04T02:59:54+0200,e971b95d-ef8c-4c78-99a5-54bbb479ab9f,2026-07-09T16:15:00Z,2026-07-09T18:15:00+0200,123.36,EUR/MWh,DE,DE_LU,day_ahead_price,value,2026-08-04T01:03:53Z
2026-08-04T00:59:54Z,2026-08-04T02:59:54+0200,e971b95d-ef8c-4c78-99a5-54bbb479ab9f,2026-07-09T16:30:00Z,2026-07-09T18:30:00+0200,136.05,EUR/MWh,DE,DE_LU,day_ahead_price,value,2026-08-04T01:03:53Z
2026-08-04T00:59:54Z,2026-08-04T02:59:54+0200,e971b95d-ef8c-4c78-99a5-54bbb479ab9f,2026-07-09T16:45:00Z,2026-07-09T18:45:00+0200,147.82,EUR/MWh,DE,DE_LU,day_ahead_price,value,2026-08-04T01:03:53Z
2026-08-04T00:59:54Z,2026-08-04T02:59:54+0200,e971b95d-ef8c-4c78-99a5-54bbb479ab9f,2026-07-09T17:00:00Z,2026-07-09T19:00:00+0200,142.83,EUR/MWh,DE,DE_LU,day_ahead_price,value,2026-08-04T01:03:53Z
2026-08-04T00:59:54Z,2026-08-04T02:59:54+0200,e971b95d-ef8c-4c78-99a5-54bbb479ab9f,2026-07-09T17:15:00Z,2026-07-09T19:15:00+0200,152.09,EUR/MWh,DE,DE_LU,day_ahead_price,value,2026-08-04T01:03:53Z
2026-08-04T00:59:54Z,2026-08-04T02:59:54+0200,e971b95d-ef8c-4c78-99a5-54bbb479ab9f,2026-07-09T17:30:00Z,2026-07-09T19:30:00+0200,170.16,EUR/MWh,DE,DE_LU,day_ahead_price,value,2026-08-04T01:03:53Z
2026-08-04T00:59:54Z,2026-08-04T02:59:54+0200,e971b95d-ef8c-4c78-99a5-54bbb479ab9f,2026-07-09T17:45:00Z,2026-07-09T19:45:00+0200,200.92,EUR/MWh,DE,DE_LU,day_ahead_price,value,2026-08-04T01:03:53Z
2026-08-04T00:59:54Z,2026-08-04T02:59:54+0200,e971b95d-ef8c-4c78-99a5-54bbb479ab9f,2026-07-09T18:00:00Z,2026-07-09T20:00:00+0200,185.06,EUR/MWh,DE,DE_LU,day_ahead_price,value,2026-08-04T01:03:53Z
2026-08-04T00:59:54Z,2026-08-04T02:59:54+0200,e971b95d-ef8c-4c78-99a5-54bbb479ab9f,2026-07-09T18:15:00Z,2026-07-09T20:15:00+0200,199.67,EUR/MWh,DE,DE_LU,day_ahead_price,value,2026-08-04T01:03:53Z
2026-08-04T00:59:54Z,2026-08-04T02:59:54+0200,e971b95d-ef8c-4c78-99a5-54bbb479ab9f,2026-07-09T18:30:00Z,2026-07-09T20:30:00+0200,223.16,EUR/MWh,DE,DE_LU,day_ahead_price,value,2026-08-04T01:03:53Z
2026-08-04T00:59:54Z,2026-08-04T02:59:54+0200,e971b95d-ef8c-4c78-99a5-54bbb479ab9f,2026-07-09T18:45:00Z,2026-07-09T20:45:00+0200,234.91,EUR/MWh,DE,DE_LU,day_ahead_price,value,2026-08-04T01:03:53Z
2026-08-04T00:59:54Z,2026-08-04T02:59:54+0200,e971b95d-ef8c-4c78-99a5-54bbb479ab9f,2026-07-09T19:00:00Z,2026-07-09T21:00:00+0200,231.36,EUR/MWh,DE,DE_LU,day_ahead_price,value,2026-08-04T01:03:53Z
2026-08-04T00:59:54Z,2026-08-04T02:59:54+0200,e971b95d-ef8c-4c78-99a5-54bbb479ab9f,2026-07-09T19:15:00Z,2026-07-09T21:15:00+0200,223.78,EUR/MWh,DE,DE_LU,day_ahead_price,value,2026-08-04T01:03:53Z
2026-08-04T00:59:54Z,2026-08-04T02:59:54+0200,e971b95d-ef8c-4c78-99a5-54bbb479ab9f,2026-07-09T19:30:00Z,2026-07-09T21:30:00+0200,206.85,EUR/MWh,DE,DE_LU,day_ahead_price,value,2026-08-04T01:03:53Z
2026-08-04T00:59:54Z,2026-08-04T02:59:54+0200,e971b95d-ef8c-4c78-99a5-54bbb479ab9f,2026-07-09T19:45:00Z,2026-07-09T21:45:00+0200,191.26,EUR/MWh,DE,DE_LU,day_ahead_price,value,2026-08-04T01:03:53Z
2026-08-04T00:59:54Z,2026-08-04T02:59:54+0200,e971b95d-ef8c-4c78-99a5-54bbb479ab9f,2026-07-09T20:00:00Z,2026-07-09T22:00:00+0200,208.4,EUR/MWh,DE,DE_LU,day_ahead_price,value,2026-08-04T01:03:53Z
2026-08-04T00:59:54Z,2026-08-04T02:59:54+0200,e971b95d-ef8c-4c78-99a5-54bbb479ab9f,2026-07-09T20:15:00Z,2026-07-09T22:15:00+0200,187.95,EUR/MWh,DE,DE_LU,day_ahead_price,value,2026-08-04T01:03:53Z
2026-08-04T00:59:54Z,2026-08-04T02:59:54+0200,e971b95d-ef8c-4c78-99a5-54bbb479ab9f,2026-07-09T20:30:00Z,2026-07-09T22:30:00+0200,174.8,EUR/MWh,DE,DE_LU,day_ahead_price,value,2026-08-04T01:03:53Z
2026-08-04T00:59:54Z,2026-08-04T02:59:54+0200,e971b95d-ef8c-4c78-99a5-54bbb479ab9f,2026-07-09T20:45:00Z,2026-07-09T22:45:00+0200,164.71,EUR/MWh,DE,DE_LU,day_ahead_price,value,2026-08-04T01:03:53Z
2026-08-04T00:59:54Z,2026-08-04T02:59:54+0200,e971b95d-ef8c-4c78-99a5-54bbb479ab9f,2026-07-09T21:00:00Z,2026-07-09T23:00:00+0200,172.66,EUR/MWh,DE,DE_LU,day_ahead_price,value,2026-08-04T01:03:53Z
2026-08-04T00:59:54Z,2026-08-04T02:59:54+0200,e971b95d-ef8c-4c78-99a5-54bbb479ab9f,2026-07-09T21:15:00Z,2026-07-09T23:15:00+0200,165.09,EUR/MWh,DE,DE_LU,day_ahead_price,value,2026-08-04T01:03:53Z
2026-08-04T00:59:54Z,2026-08-04T02:59:54+0200,e971b95d-ef8c-4c78-99a5-54bbb479ab9f,2026-07-09T21:30:00Z,2026-07-09T23:30:00+0200,156.21,EUR/MWh,DE,DE_LU,day_ahead_price,value,2026-08-04T01:03:53Z
2026-08-04T00:59:54Z,2026-08-04T02:59:54+0200,e971b95d-ef8c-4c78-99a5-54bbb479ab9f,2026-07-09T21:45:00Z,2026-07-09T23:45:00+0200,157.02,EUR/MWh,DE,DE_LU,day_ahead_price,value,2026-08-04T01:03:53Z
2026-08-04T00:59:54Z,2026-08-04T02:59:54+0200,e971b95d-ef8c-4c78-99a5-54bbb479ab9f,2026-07-09T22:00:00Z,2026-07-10T00:00:00+0200,167.73,EUR/MWh,DE,DE_LU,day_ahead_price,value,2026-08-04T01:03:53Z
2026-08-04T00:59:54Z,2026-08-04T02:59:54+0200,e971b95d-ef8c-4c78-99a5-54bbb479ab9f,2026-07-09T22:15:00Z,2026-07-10T00:15:00+0200,154.65,EUR/MWh,DE,DE_LU,day_ahead_price,value,2026-08-04T01:03:53Z
2026-08-04T00:59:54Z,2026-08-04T02:59:54+0200,e971b95d-ef8c-4c78-99a5-54bbb479ab9f,2026-07-09T22:30:00Z,2026-07-10T00:30:00+0200,149.56,EUR/MWh,DE,DE_LU,day_ahead_price,value,2026-08-04T01:03:53Z
2026-08-04T00:59:54Z,2026-08-04T02:59:54+0200,e971b95d-ef8c-4c78-99a5-54bbb479ab9f,2026-07-09T22:45:00Z,2026-07-10T00:45:00+0200,142.29,EUR/MWh,DE,DE_LU,day_ahead_price,value,2026-08-04T01:03:53Z
2026-08-04T00:59:54Z,2026-08-04T02:59:54+0200,e971b95d-ef8c-4c78-99a5-54bbb479ab9f,2026-07-09T23:00:00Z,2026-07-10T01:00:00+0200,149.61,EUR/MWh,DE,DE_LU,day_ahead_price,value,2026-08-04T01:03:53Z
2026-08-04T00:59:54Z,2026-08-04T02:59:54+0200,e971b95d-ef8c-4c78-99a5-54bbb479ab9f,2026-07-09T23:15:00Z,2026-07-10T01:15:00+0200,143.85,EUR/MWh,DE,DE_LU,day_ahead_price,value,2026-08-04T01:03:53Z
2026-08-04T00:59:54Z,2026-08-04T02:59:54+0200,e971b95d-ef8c-4c78-99a5-54bbb479ab9f,2026-07-09T23:30:00Z,2026-07-10T01:30:00+0200,142.3,EUR/MWh,DE,DE_LU,day_ahead_price,value,2026-08-04T01:03:53Z
2026-08-04T00:59:54Z,2026-08-04T02:59:54+0200,e971b95d-ef8c-4c78-99a5-54bbb479ab9f,2026-07-09T23:45:00Z,2026-07-10T01:45:00+0200,137.97,EUR/MWh,DE,DE_LU,day_ahead_price,value,2026-08-04T01:03:53Z
2026-08-04T00:59:54Z,2026-08-04T02:59:54+0200,e971b95d-ef8c-4c78-99a5-54bbb479ab9f,2026-07-10T00:00:00Z,2026-07-10T02:00:00+0200,141.98,EUR/MWh,DE,DE_LU,day_ahead_price,value,2026-08-04T01:03:53Z
2026-08-04T00:59:54Z,2026-08-04T02:59:54+0200,e971b95d-ef8c-4c78-99a5-54bbb479ab9f,2026-07-10T00:15:00Z,2026-07-10T02:15:00+0200,141.16,EUR/MWh,DE,DE_LU,day_ahead_price,value,2026-08-04T01:03:53Z
2026-08-04T00:59:54Z,2026-08-04T02:59:54+0200,e971b95d-ef8c-4c78-99a5-54bbb479ab9f,2026-07-10T00:30:00Z,2026-07-10T02:30:00+0200,137.71,EUR/MWh,DE,DE_LU,day_ahead_price,value,2026-08-04T01:03:53Z
2026-08-04T00:59:54Z,2026-08-04T02:59:54+0200,e971b95d-ef8c-4c78-99a5-54bbb479ab9f,2026-07-10T00:45:00Z,2026-07-10T02:45:00+0200,137.95,EUR/MWh,DE,DE_LU,day_ahead_price,value,2026-08-04T01:03:53Z
2026-08-04T00:59:54Z,2026-08-04T02:59:54+0200,e971b95d-ef8c-4c78-99a5-54bbb479ab9f,2026-07-10T01:00:00Z,2026-07-10T03:00:00+0200,138.55,EUR/MWh,DE,DE_LU,day_ahead_price,value,2026-08-04T01:03:53Z
2026-08-04T00:59:54Z,2026-08-04T02:59:54+0200,e971b95d-ef8c-4c78-99a5-54bbb479ab9f,2026-07-10T01:15:00Z,2026-07-10T03:15:00+0200,137.87,EUR/MWh,DE,DE_LU,day_ahead_price,value,2026-08-04T01:03:53Z
2026-08-04T00:59:54Z,2026-08-04T02:59:54+0200,e971b95d-ef8c-4c78-99a5-54bbb479ab9f,2026-07-10T01:30:00Z,2026-07-10T03:30:00+0200,137.7,EUR/MWh,DE,DE_LU,day_ahead_price,value,2026-08-04T01:03:53Z
2026-08-04T00:59:54Z,2026-08-04T02:59:54+0200,e971b95d-ef8c-4c78-99a5-54bbb479ab9f,2026-07-10T01:45:00Z,2026-07-10T03:45:00+0200,137.59,EUR/MWh,DE,DE_LU,day_ahead_price,value,2026-08-04T01:03:53Z
2026-08-04T00:59:54Z,2026-08-04T02:59:54+0200,e971b95d-ef8c-4c78-99a5-54bbb479ab9f,2026-07-10T02:00:00Z,2026-07-10T04:00:00+0200,137.37,EUR/MWh,DE,DE_LU,day_ahead_price,value,2026-08-04T01:03:53Z
2026-08-04T00:59:54Z,2026-08-04T02:59:54+0200,e971b95d-ef8c-4c78-99a5-54bbb479ab9f,2026-07-10T02:15:00Z,2026-07-10T04:15:00+0200,138.0,EUR/MWh,DE,DE_LU,day_ahead_price,value,2026-08-04T01:03:53Z
2026-08-04T00:59:54Z,2026-08-04T02:59:54+0200,e971b95d-ef8c-4c78-99a5-54bbb479ab9f,2026-07-10T02:30:00Z,2026-07-10T04:30:00+0200,137.71,EUR/MWh,DE,DE_LU,day_ahead_price,value,2026-08-04T01:03:53Z
2026-08-04T00:59:54Z,2026-08-04T02:59:54+0200,e971b95d-ef8c-4c78-99a5-54bbb479ab9f,2026-07-10T02:45:00Z,2026-07-10T04:45:00+0200,140.0,EUR/MWh,DE,DE_LU,day_ahead_price,value,2026-08-04T01:03:53Z
2026-08-04T00:59:54Z,2026-08-04T02:59:54+0200,e971b95d-ef8c-4c78-99a5-54bbb479ab9f,2026-07-10T03:00:00Z,2026-07-10T05:00:00+0200,140.01,EUR/MWh,DE,DE_LU,day_ahead_price,value,2026-08-04T01:03:53Z
2026-08-04T00:59:54Z,2026-08-04T02:59:54+0200,e971b95d-ef8c-4c78-99a5-54bbb479ab9f,2026-07-10T03:15:00Z,2026-07-10T05:15:00+0200,141.61,EUR/MWh,DE,DE_LU,day_ahead_price,value,2026-08-04T01:03:53Z
2026-08-04T00:59:54Z,2026-08-04T02:59:54+0200,e971b95d-ef8c-4c78-99a5-54bbb479ab9f,2026-07-10T03:30:00Z,2026-07-10T05:30:00+0200,142.43,EUR/MWh,DE,DE_LU,day_ahead_price,value,2026-08-04T01:03:53Z
2026-08-04T00:59:54Z,2026-08-04T02:59:54+0200,e971b95d-ef8c-4c78-99a5-54bbb479ab9f,2026-07-10T03:45:00Z,2026-07-10T05:45:00+0200,145.76,EUR/MWh,DE,DE_LU,day_ahead_price,value,2026-08-04T01:03:53Z
2026-08-04T00:59:54Z,2026-08-04T02:59:54+0200,e971b95d-ef8c-4c78-99a5-54bbb479ab9f,2026-07-10T04:00:00Z,2026-07-10T06:00:00+0200,146.74,EUR/MWh,DE,DE_LU,day_ahead_price,value,2026-08-04T01:03:53Z
2026-08-04T00:59:54Z,2026-08-04T02:59:54+0200,e971b95d-ef8c-4c78-99a5-54bbb479ab9f,2026-07-10T04:15:00Z,2026-07-10T06:15:00+0200,155.45,EUR/MWh,DE,DE_LU,day_ahead_price,value,2026-08-04T01:03:53Z
2026-08-04T00:59:54Z,2026-08-04T02:59:54+0200,e971b95d-ef8c-4c78-99a5-54bbb479ab9f,2026-07-10T04:30:00Z,2026-07-10T06:30:00+0200,152.29,EUR/MWh,DE,DE_LU,day_ahead_price,value,2026-08-04T01:03:53Z
2026-08-04T00:59:54Z,2026-08-04T02:59:54+0200,e971b95d-ef8c-4c78-99a5-54bbb479ab9f,2026-07-10T04:45:00Z,2026-07-10T06:45:00+0200,150.08,EUR/MWh,DE,DE_LU,day_ahead_price,value,2026-08-04T01:03:53Z
2026-08-04T00:59:54Z,2026-08-04T02:59:54+0200,e971b95d-ef8c-4c78-99a5-54bbb479ab9f,2026-07-10T05:00:00Z,2026-07-10T07:00:00+0200,160.54,EUR/MWh,DE,DE_LU,day_ahead_price,value,2026-08-04T01:03:53Z
2026-08-04T00:59:54Z,2026-08-04T02:59:54+0200,e971b95d-ef8c-4c78-99a5-54bbb479ab9f,2026-07-10T05:15:00Z,2026-07-10T07:15:00+0200,153.35,EUR/MWh,DE,DE_LU,day_ahead_price,value,2026-08-04T01:03:53Z
2026-08-04T00:59:54Z,2026-08-04T02:59:54+0200,e971b95d-ef8c-4c78-99a5-54bbb479ab9f,2026-07-10T05:30:00Z,2026-07-10T07:30:00+0200,144.96,EUR/MWh,DE,DE_LU,day_ahead_price,value,2026-08-04T01:03:53Z
2026-08-04T00:59:54Z,2026-08-04T02:59:54+0200,e971b95d-ef8c-4c78-99a5-54bbb479ab9f,2026-07-10T05:45:00Z,2026-07-10T07:45:00+0200,131.92,EUR/MWh,DE,DE_LU,day_ahead_price,value,2026-08-04T01:03:53Z
2026-08-04T00:59:54Z,2026-08-04T02:59:54+0200,e971b95d-ef8c-4c78-99a5-54bbb479ab9f,2026-07-10T06:00:00Z,2026-07-10T08:00:00+0200,154.77,EUR/MWh,DE,DE_LU,day_ahead_price,value,2026-08-04T01:03:53Z
2026-08-04T00:59:54Z,2026-08-04T02:59:54+0200,e971b95d-ef8c-4c78-99a5-54bbb479ab9f,2026-07-10T06:15:00Z,2026-07-10T08:15:00+0200,141.08,EUR/MWh,DE,DE_LU,day_ahead_price,value,2026-08-04T01:03:53Z
2026-08-04T00:59:54Z,2026-08-04T02:59:54+0200,e971b95d-ef8c-4c78-99a5-54bbb479ab9f,2026-07-10T06:30:00Z,2026-07-10T08:30:00+0200,131.42,EUR/MWh,DE,DE_LU,day_ahead_price,value,2026-08-04T01:03:53Z
2026-08-04T00:59:54Z,2026-08-04T02:59:54+0200,e971b95d-ef8c-4c78-99a5-54bbb479ab9f,2026-07-10T06:45:00Z,2026-07-10T08:45:00+0200,112.34,EUR/MWh,DE,DE_LU,day_ahead_price,value,2026-08-04T01:03:53Z
2026-08-04T00:59:54Z,2026-08-04T02:59:54+0200,e971b95d-ef8c-4c78-99a5-54bbb479ab9f,2026-07-10T07:00:00Z,2026-07-10T09:00:00+0200,138.13,EUR/MWh,DE,DE_LU,day_ahead_price,value,2026-08-04T01:03:53Z
2026-08-04T00:59:54Z,2026-08-04T02:59:54+0200,e971b95d-ef8c-4c78-99a5-54bbb479ab9f,2026-07-10T07:15:00Z,2026-07-10T09:15:00+0200,130.77,EUR/MWh,DE,DE_LU,day_ahead_price,value,2026-08-04T01:03:53Z
2026-08-04T00:59:54Z,2026-08-04T02:59:54+0200,e971b95d-ef8c-4c78-99a5-54bbb479ab9f,2026-07-10T07:30:00Z,2026-07-10T09:30:00+0200,115.23,EUR/MWh,DE,DE_LU,day_ahead_price,value,2026-08-04T01:03:53Z
2026-08-04T00:59:54Z,2026-08-04T02:59:54+0200,e971b95d-ef8c-4c78-99a5-54bbb479ab9f,2026-07-10T07:45:00Z,2026-07-10T09:45:00+0200,103.77,EUR/MWh,DE,DE_LU,day_ahead_price,value,2026-08-04T01:03:53Z
2026-08-04T00:59:54Z,2026-08-04T02:59:54+0200,e971b95d-ef8c-4c78-99a5-54bbb479ab9f,2026-07-10T08:00:00Z,2026-07-10T10:00:00+0200,112.71,EUR/MWh,DE,DE_LU,day_ahead_price,value,2026-08-04T01:03:53Z
2026-08-04T00:59:54Z,2026-08-04T02:59:54+0200,e971b95d-ef8c-4c78-99a5-54bbb479ab9f,2026-07-10T08:15:00Z,2026-07-10T10:15:00+0200,108.28,EUR/MWh,DE,DE_LU,day_ahead_price,value,2026-08-04T01:03:53Z
2026-08-04T00:59:54Z,2026-08-04T02:59:54+0200,e971b95d-ef8c-4c78-99a5-54bbb479ab9f,2026-07-10T08:30:00Z,2026-07-10T10:30:00+0200,94.0,EUR/MWh,DE,DE_LU,day_ahead_price,value,2026-08-04T01:03:53Z
2026-08-04T00:59:54Z,2026-08-04T02:59:54+0200,e971b95d-ef8c-4c78-99a5-54bbb479ab9f,2026-07-10T08:45:00Z,2026-07-10T10:45:00+0200,84.59,EUR/MWh,DE,DE_LU,day_ahead_price,value,2026-08-04T01:03:53Z
2026-08-04T00:59:54Z,2026-08-04T02:59:54+0200,e971b95d-ef8c-4c78-99a5-54bbb479ab9f,2026-07-10T09:00:00Z,2026-07-10T11:00:00+0200,89.7,EUR/MWh,DE,DE_LU,day_ahead_price,value,2026-08-04T01:03:53Z
2026-08-04T00:59:54Z,2026-08-04T02:59:54+0200,e971b95d-ef8c-4c78-99a5-54bbb479ab9f,2026-07-10T09:15:00Z,2026-07-10T11:15:00+0200,82.55,EUR/MWh,DE,DE_LU,day_ahead_price,value,2026-08-04T01:03:53Z
2026-08-04T00:59:54Z,2026-08-04T02:59:54+0200,e971b95d-ef8c-4c78-99a5-54bbb479ab9f,2026-07-10T09:30:00Z,2026-07-10T11:30:00+0200,75.0,EUR/MWh,DE,DE_LU,day_ahead_price,value,2026-08-04T01:03:53Z
2026-08-04T00:59:54Z,2026-08-04T02:59:54+0200,e971b95d-ef8c-4c78-99a5-54bbb479ab9f,2026-07-10T09:45:00Z,2026-07-10T11:45:00+0200,65.99,EUR/MWh,DE,DE_LU,day_ahead_price,value,2026-08-04T01:03:53Z
2026-08-04T00:59:54Z,2026-08-04T02:59:54+0200,e971b95d-ef8c-4c78-99a5-54bbb479ab9f,2026-07-10T10:00:00Z,2026-07-10T12:00:00+0200,69.94,EUR/MWh,DE,DE_LU,day_ahead_price,value,2026-08-04T01:03:53Z
2026-08-04T00:59:54Z,2026-08-04T02:59:54+0200,e971b95d-ef8c-4c78-99a5-54bbb479ab9f,2026-07-10T10:15:00Z,2026-07-10T12:15:00+0200,64.54,EUR/MWh,DE,DE_LU,day_ahead_price,value,2026-08-04T01:03:53Z
2026-08-04T00:59:54Z,2026-08-04T02:59:54+0200,e971b95d-ef8c-4c78-99a5-54bbb479ab9f,2026-07-10T10:30:00Z,2026-07-10T12:30:00+0200,52.74,EUR/MWh,DE,DE_LU,day_ahead_price,value,2026-08-04T01:03:53Z
2026-08-04T00:59:54Z,2026-08-04T02:59:54+0200,e971b95d-ef8c-4c78-99a5-54bbb479ab9f,2026-07-10T10:45:00Z,2026-07-10T12:45:00+0200,40.0,EUR/MWh,DE,DE_LU,day_ahead_price,value,2026-08-04T01:03:53Z
2026-08-04T00:59:54Z,2026-08-04T02:59:54+0200,e971b95d-ef8c-4c78-99a5-54bbb479ab9f,2026-07-10T11:00:00Z,2026-07-10T13:00:00+0200,43.44,EUR/MWh,DE,DE_LU,day_ahead_price,value,2026-08-04T01:03:53Z
2026-08-04T00:59:54Z,2026-08-04T02:59:54+0200,e971b95d-ef8c-4c78-99a5-54bbb479ab9f,2026-07-10T11:15:00Z,2026-07-10T13:15:00+0200,39.0,EUR/MWh,DE,DE_LU,day_ahead_price,value,2026-08-04T01:03:53Z
2026-08-04T00:59:54Z,2026-08-04T02:59:54+0200,e971b95d-ef8c-4c78-99a5-54bbb479ab9f,2026-07-10T11:30:00Z,2026-07-10T13:30:00+0200,37.0,EUR/MWh,DE,DE_LU,day_ahead_price,value,2026-08-04T01:03:53Z
2026-08-04T00:59:54Z,2026-08-04T02:59:54+0200,e971b95d-ef8c-4c78-99a5-54bbb479ab9f,2026-07-10T11:45:00Z,2026-07-10T13:45:00+0200,30.0,EUR/MWh,DE,DE_LU,day_ahead_price,value,2026-08-04T01:03:53Z
2026-08-04T00:59:54Z,2026-08-04T02:59:54+0200,e971b95d-ef8c-4c78-99a5-54bbb479ab9f,2026-07-10T12:00:00Z,2026-07-10T14:00:00+0200,38.9,EUR/MWh,DE,DE_LU,day_ahead_price,value,2026-08-04T01:03:53Z
2026-08-04T00:59:54Z,2026-08-04T02:59:54+0200,e971b95d-ef8c-4c78-99a5-54bbb479ab9f,2026-07-10T12:15:00Z,2026-07-10T14:15:00+0200,40.0,EUR/MWh,DE,DE_LU,day_ahead_price,value,2026-08-04T01:03:53Z
2026-08-04T00:59:54Z,2026-08-04T02:59:54+0200,e971b95d-ef8c-4c78-99a5-54bbb479ab9f,2026-07-10T12:30:00Z,2026-07-10T14:30:00+0200,42.91,EUR/MWh,DE,DE_LU,day_ahead_price,value,2026-08-04T01:03:53Z
2026-08-04T00:59:54Z,2026-08-04T02:59:54+0200,e971b95d-ef8c-4c78-99a5-54bbb479ab9f,2026-07-10T12:45:00Z,2026-07-10T14:45:00+0200,41.99,EUR/MWh,DE,DE_LU,day_ahead_price,value,2026-08-04T01:03:53Z
2026-08-04T00:59:54Z,2026-08-04T02:59:54+0200,e971b95d-ef8c-4c78-99a5-54bbb479ab9f,2026-07-10T13:00:00Z,2026-07-10T15:00:00+0200,46.23,EUR/MWh,DE,DE_LU,day_ahead_price,value,2026-08-04T01:03:53Z
2026-08-04T00:59:54Z,2026-08-04T02:59:54+0200,e971b95d-ef8c-4c78-99a5-54bbb479ab9f,2026-07-10T13:15:00Z,2026-07-10T15:15:00+0200,55.83,EUR/MWh,DE,DE_LU,day_ahead_price,value,2026-08-04T01:03:53Z
2026-08-04T00:59:54Z,2026-08-04T02:59:54+0200,e971b95d-ef8c-4c78-99a5-54bbb479ab9f,2026-07-10T13:30:00Z,2026-07-10T15:30:00+0200,65.81,EUR/MWh,DE,DE_LU,day_ahead_price,value,2026-08-04T01:03:53Z
2026-08-04T00:59:54Z,2026-08-04T02:59:54+0200,e971b95d-ef8c-4c78-99a5-54bbb479ab9f,2026-07-10T13:45:00Z,2026-07-10T15:45:00+0200,80.53,EUR/MWh,DE,DE_LU,day_ahead_price,value,2026-08-04T01:03:53Z
2026-08-04T00:59:54Z,2026-08-04T02:59:54+0200,e971b95d-ef8c-4c78-99a5-54bbb479ab9f,2026-07-10T14:00:00Z,2026-07-10T16:00:00+0200,61.2,EUR/MWh,DE,DE_LU,day_ahead_price,value,2026-08-04T01:03:53Z
2026-08-04T00:59:54Z,2026-08-04T02:59:54+0200,e971b95d-ef8c-4c78-99a5-54bbb479ab9f,2026-07-10T14:15:00Z,2026-07-10T16:15:00+0200,83.11,EUR/MWh,DE,DE_LU,day_ahead_price,value,2026-08-04T01:03:53Z
2026-08-04T00:59:54Z,2026-08-04T02:59:54+0200,e971b95d-ef8c-4c78-99a5-54bbb479ab9f,2026-07-10T14:30:00Z,2026-07-10T16:30:00+0200,97.1,EUR/MWh,DE,DE_LU,day_ahead_price,value,2026-08-04T01:03:53Z
2026-08-04T00:59:54Z,2026-08-04T02:59:54+0200,e971b95d-ef8c-4c78-99a5-54bbb479ab9f,2026-07-10T14:45:00Z,2026-07-10T16:45:00+0200,112.24,EUR/MWh,DE,DE_LU,day_ahead_price,value,2026-08-04T01:03:53Z
2026-08-04T00:59:54Z,2026-08-04T02:59:54+0200,e971b95d-ef8c-4c78-99a5-54bbb479ab9f,2026-07-10T15:00:00Z,2026-07-10T17:00:00+0200,103.63,EUR/MWh,DE,DE_LU,day_ahead_price,value,2026-08-04T01:03:53Z
2026-08-04T00:59:54Z,2026-08-04T02:59:54+0200,e971b95d-ef8c-4c78-99a5-54bbb479ab9f,2026-07-10T15:15:00Z,2026-07-10T17:15:00+0200,106.17,EUR/MWh,DE,DE_LU,day_ahead_price,value,2026-08-04T01:03:53Z
2026-08-04T00:59:54Z,2026-08-04T02:59:54+0200,e971b95d-ef8c-4c78-99a5-54bbb479ab9f,2026-07-10T15:30:00Z,2026-07-10T17:30:00+0200,117.19,EUR/MWh,DE,DE_LU,day_ahead_price,value,2026-08-04T01:03:53Z
2026-08-04T00:59:54Z,2026-08-04T02:59:54+0200,e971b95d-ef8c-4c78-99a5-54bbb479ab9f,2026-07-10T15:45:00Z,2026-07-10T17:45:00+0200,128.29,EUR/MWh,DE,DE_LU,day_ahead_price,value,2026-08-04T01:03:53Z
2026-08-04T00:59:54Z,2026-08-04T02:59:54+0200,e971b95d-ef8c-4c78-99a5-54bbb479ab9f,2026-07-10T16:00:00Z,2026-07-10T18:00:00+0200,108.97,EUR/MWh,DE,DE_LU,day_ahead_price,value,2026-08-04T01:03:53Z
2026-08-04T00:59:54Z,2026-08-04T02:59:54+0200,e971b95d-ef8c-4c78-99a5-54bbb479ab9f,2026-07-10T16:15:00Z,2026-07-10T18:15:00+0200,120.83,EUR/MWh,DE,DE_LU,day_ahead_price,value,2026-08-04T01:03:53Z
2026-08-04T00:59:54Z,2026-08-04T02:59:54+0200,e971b95d-ef8c-4c78-99a5-54bbb479ab9f,2026-07-10T16:30:00Z,2026-07-10T18:30:00+0200,138.66,EUR/MWh,DE,DE_LU,day_ahead_price,value,2026-08-04T01:03:53Z
2026-08-04T00:59:54Z,2026-08-04T02:59:54+0200,e971b95d-ef8c-4c78-99a5-54bbb479ab9f,2026-07-10T16:45:00Z,2026-07-10T18:45:00+0200,145.28,EUR/MWh,DE,DE_LU,day_ahead_price,value,2026-08-04T01:03:53Z
2026-08-04T00:59:54Z,2026-08-04T02:59:54+0200,e971b95d-ef8c-4c78-99a5-54bbb479ab9f,2026-07-10T17:00:00Z,2026-07-10T19:00:00+0200,142.95,EUR/MWh,DE,DE_LU,day_ahead_price,value,2026-08-04T01:03:53Z
2026-08-04T00:59:54Z,2026-08-04T02:59:54+0200,e971b95d-ef8c-4c78-99a5-54bbb479ab9f,2026-07-10T17:15:00Z,2026-07-10T19:15:00+0200,150.82,EUR/MWh,DE,DE_LU,day_ahead_price,value,2026-08-04T01:03:53Z
2026-08-04T00:59:54Z,2026-08-04T02:59:54+0200,e971b95d-ef8c-4c78-99a5-54bbb479ab9f,2026-07-10T17:30:00Z,2026-07-10T19:30:00+0200,174.69,EUR/MWh,DE,DE_LU,day_ahead_price,value,2026-08-04T01:03:53Z
2026-08-04T00:59:54Z,2026-08-04T02:59:54+0200,e971b95d-ef8c-4c78-99a5-54bbb479ab9f,2026-07-10T17:45:00Z,2026-07-10T19:45:00+0200,191.62,EUR/MWh,DE,DE_LU,day_ahead_price,value,2026-08-04T01:03:53Z
2026-08-04T00:59:54Z,2026-08-04T02:59:54+0200,e971b95d-ef8c-4c78-99a5-54bbb479ab9f,2026-07-10T18:00:00Z,2026-07-10T20:00:00+0200,176.0,EUR/MWh,DE,DE_LU,day_ahead_price,value,2026-08-04T01:03:53Z
2026-08-04T00:59:54Z,2026-08-04T02:59:54+0200,e971b95d-ef8c-4c78-99a5-54bbb479ab9f,2026-07-10T18:15:00Z,2026-07-10T20:15:00+0200,183.49,EUR/MWh,DE,DE_LU,day_ahead_price,value,2026-08-04T01:03:53Z
2026-08-04T00:59:54Z,2026-08-04T02:59:54+0200,e971b95d-ef8c-4c78-99a5-54bbb479ab9f,2026-07-10T18:30:00Z,2026-07-10T20:30:00+0200,192.63,EUR/MWh,DE,DE_LU,day_ahead_price,value,2026-08-04T01:03:53Z
2026-08-04T00:59:54Z,2026-08-04T02:59:54+0200,e971b95d-ef8c-4c78-99a5-54bbb479ab9f,2026-07-10T18:45:00Z,2026-07-10T20:45:00+0200,194.59,EUR/MWh,DE,DE_LU,day_ahead_price,value,2026-08-04T01:03:53Z
2026-08-04T00:59:54Z,2026-08-04T02:59:54+0200,e971b95d-ef8c-4c78-99a5-54bbb479ab9f,2026-07-10T19:00:00Z,2026-07-10T21:00:00+0200,189.88,EUR/MWh,DE,DE_LU,day_ahead_price,value,2026-08-04T01:03:53Z
2026-08-04T00:59:54Z,2026-08-04T02:59:54+0200,e971b95d-ef8c-4c78-99a5-54bbb479ab9f,2026-07-10T19:15:00Z,2026-07-10T21:15:00+0200,179.1,EUR/MWh,DE,DE_LU,day_ahead_price,value,2026-08-04T01:03:53Z
2026-08-04T00:59:54Z,2026-08-04T02:59:54+0200,e971b95d-ef8c-4c78-99a5-54bbb479ab9f,2026-07-10T19:30:00Z,2026-07-10T21:30:00+0200,170.0,EUR/MWh,DE,DE_LU,day_ahead_price,value,2026-08-04T01:03:53Z
2026-08-04T00:59:54Z,2026-08-04T02:59:54+0200,e971b95d-ef8c-4c78-99a5-54bbb479ab9f,2026-07-10T19:45:00Z,2026-07-10T21:45:00+0200,168.56,EUR/MWh,DE,DE_LU,day_ahead_price,value,2026-08-04T01:03:53Z
2026-08-04T00:59:54Z,2026-08-04T02:59:54+0200,e971b95d-ef8c-4c78-99a5-54bbb479ab9f,2026-07-10T20:00:00Z,2026-07-10T22:00:00+0200,172.7,EUR/MWh,DE,DE_LU,day_ahead_price,value,2026-08-04T01:03:53Z
2026-08-04T00:59:54Z,2026-08-04T02:59:54+0200,e971b95d-ef8c-4c78-99a5-54bbb479ab9f,2026-07-10T20:15:00Z,2026-07-10T22:15:00+0200,169.16,EUR/MWh,DE,DE_LU,day_ahead_price,value,2026-08-04T01:03:53Z
2026-08-04T00:59:54Z,2026-08-04T02:59:54+0200,e971b95d-ef8c-4c78-99a5-54bbb479ab9f,2026-07-10T20:30:00Z,2026-07-10T22:30:00+0200,168.55,EUR/MWh,DE,DE_LU,day_ahead_price,value,2026-08-04T01:03:53Z
2026-08-04T00:59:54Z,2026-08-04T02:59:54+0200,e971b95d-ef8c-4c78-99a5-54bbb479ab9f,2026-07-10T20:45:00Z,2026-07-10T22:45:00+0200,161.59,EUR/MWh,DE,DE_LU,day_ahead_price,value,2026-08-04T01:03:53Z
2026-08-04T00:59:54Z,2026-08-04T02:59:54+0200,e971b95d-ef8c-4c78-99a5-54bbb479ab9f,2026-07-10T21:00:00Z,2026-07-10T23:00:00+0200,162.26,EUR/MWh,DE,DE_LU,day_ahead_price,value,2026-08-04T01:03:53Z
2026-08-04T00:59:54Z,2026-08-04T02:59:54+0200,e971b95d-ef8c-4c78-99a5-54bbb479ab9f,2026-07-10T21:15:00Z,2026-07-10T23:15:00+0200,156.32,EUR/MWh,DE,DE_LU,day_ahead_price,value,2026-08-04T01:03:53Z
2026-08-04T00:59:54Z,2026-08-04T02:59:54+0200,e971b95d-ef8c-4c78-99a5-54bbb479ab9f,2026-07-10T21:30:00Z,2026-07-10T23:30:00+0200,153.37,EUR/MWh,DE,DE_LU,day_ahead_price,value,2026-08-04T01:03:53Z
2026-08-04T00:59:54Z,2026-08-04T02:59:54+0200,e971b95d-ef8c-4c78-99a5-54bbb479ab9f,2026-07-10T21:45:00Z,2026-07-10T23:45:00+0200,145.9,EUR/MWh,DE,DE_LU,day_ahead_price,value,2026-08-04T01:03:53Z
2026-08-04T00:59:54Z,2026-08-04T02:59:54+0200,e971b95d-ef8c-4c78-99a5-54bbb479ab9f,2026-07-10T22:00:00Z,2026-07-11T00:00:00+0200,160.31,EUR/MWh,DE,DE_LU,day_ahead_price,value,2026-08-04T01:03:53Z
2026-08-04T00:59:54Z,2026-08-04T02:59:54+0200,e971b95d-ef8c-4c78-99a5-54bbb479ab9f,2026-07-10T22:15:00Z,2026-07-11T00:15:00+0200,153.81,EUR/MWh,DE,DE_LU,day_ahead_price,value,2026-08-04T01:03:53Z
2026-08-04T00:59:54Z,2026-08-04T02:59:54+0200,e971b95d-ef8c-4c78-99a5-54bbb479ab9f,2026-07-10T22:30:00Z,2026-07-11T00:30:00+0200,146.24,EUR/MWh,DE,DE_LU,day_ahead_price,value,2026-08-04T01:03:53Z
2026-08-04T00:59:54Z,2026-08-04T02:59:54+0200,e971b95d-ef8c-4c78-99a5-54bbb479ab9f,2026-07-10T22:45:00Z,2026-07-11T00:45:00+0200,141.63,EUR/MWh,DE,DE_LU,day_ahead_price,value,2026-08-04T01:03:53Z
2026-08-04T00:59:54Z,2026-08-04T02:59:54+0200,e971b95d-ef8c-4c78-99a5-54bbb479ab9f,2026-07-10T23:00:00Z,2026-07-11T01:00:00+0200,145.41,EUR/MWh,DE,DE_LU,day_ahead_price,value,2026-08-04T01:03:53Z
2026-08-04T00:59:54Z,2026-08-04T02:59:54+0200,e971b95d-ef8c-4c78-99a5-54bbb479ab9f,2026-07-10T23:15:00Z,2026-07-11T01:15:00+0200,145.0,EUR/MWh,DE,DE_LU,day_ahead_price,value,2026-08-04T01:03:53Z
2026-08-04T00:59:54Z,2026-08-04T02:59:54+0200,e971b95d-ef8c-4c78-99a5-54bbb479ab9f,2026-07-10T23:30:00Z,2026-07-11T01:30:00+0200,144.98,EUR/MWh,DE,DE_LU,day_ahead_price,value,2026-08-04T01:03:53Z
2026-08-04T00:59:54Z,2026-08-04T02:59:54+0200,e971b95d-ef8c-4c78-99a5-54bbb479ab9f,2026-07-10T23:45:00Z,2026-07-11T01:45:00+0200,140.41,EUR/MWh,DE,DE_LU,day_ahead_price,value,2026-08-04T01:03:53Z
2026-08-04T00:59:54Z,2026-08-04T02:59:54+0200,e971b95d-ef8c-4c78-99a5-54bbb479ab9f,2026-07-11T00:00:00Z,2026-07-11T02:00:00+0200,143.42,EUR/MWh,DE,DE_LU,day_ahead_price,value,2026-08-04T01:03:53Z
2026-08-04T00:59:54Z,2026-08-04T02:59:54+0200,e971b95d-ef8c-4c78-99a5-54bbb479ab9f,2026-07-11T00:15:00Z,2026-07-11T02:15:00+0200,140.71,EUR/MWh,DE,DE_LU,day_ahead_price,value,2026-08-04T01:03:53Z
2026-08-04T00:59:54Z,2026-08-04T02:59:54+0200,e971b95d-ef8c-4c78-99a5-54bbb479ab9f,2026-07-11T00:30:00Z,2026-07-11T02:30:00+0200,140.0,EUR/MWh,DE,DE_LU,day_ahead_price,value,2026-08-04T01:03:53Z
2026-08-04T00:59:54Z,2026-08-04T02:59:54+0200,e971b95d-ef8c-4c78-99a5-54bbb479ab9f,2026-07-11T00:45:00Z,2026-07-11T02:45:00+0200,140.3,EUR/MWh,DE,DE_LU,day_ahead_price,value,2026-08-04T01:03:53Z
2026-08-04T00:59:54Z,2026-08-04T02:59:54+0200,e971b95d-ef8c-4c78-99a5-54bbb479ab9f,2026-07-11T01:00:00Z,2026-07-11T03:00:00+0200,141.15,EUR/MWh,DE,DE_LU,day_ahead_price,value,2026-08-04T01:03:53Z
2026-08-04T00:59:54Z,2026-08-04T02:59:54+0200,e971b95d-ef8c-4c78-99a5-54bbb479ab9f,2026-07-11T01:15:00Z,2026-07-11T03:15:00+0200,141.88,EUR/MWh,DE,DE_LU,day_ahead_price,value,2026-08-04T01:03:53Z
2026-08-04T00:59:54Z,2026-08-04T02:59:54+0200,e971b95d-ef8c-4c78-99a5-54bbb479ab9f,2026-07-11T01:30:00Z,2026-07-11T03:30:00+0200,140.8,EUR/MWh,DE,DE_LU,day_ahead_price,value,2026-08-04T01:03:53Z
2026-08-04T00:59:54Z,2026-08-04T02:59:54+0200,e971b95d-ef8c-4c78-99a5-54bbb479ab9f,2026-07-11T01:45:00Z,2026-07-11T03:45:00+0200,138.86,EUR/MWh,DE,DE_LU,day_ahead_price,value,2026-08-04T01:03:53Z
2026-08-04T00:59:54Z,2026-08-04T02:59:54+0200,e971b95d-ef8c-4c78-99a5-54bbb479ab9f,2026-07-11T02:00:00Z,2026-07-11T04:00:00+0200,142.48,EUR/MWh,DE,DE_LU,day_ahead_price,value,2026-08-04T01:03:53Z
2026-08-04T00:59:54Z,2026-08-04T02:59:54+0200,e971b95d-ef8c-4c78-99a5-54bbb479ab9f,2026-07-11T02:15:00Z,2026-07-11T04:15:00+0200,144.68,EUR/MWh,DE,DE_LU,day_ahead_price,value,2026-08-04T01:03:53Z
2026-08-04T00:59:54Z,2026-08-04T02:59:54+0200,e971b95d-ef8c-4c78-99a5-54bbb479ab9f,2026-07-11T02:30:00Z,2026-07-11T04:30:00+0200,137.61,EUR/MWh,DE,DE_LU,day_ahead_price,value,2026-08-04T01:03:53Z
2026-08-04T00:59:54Z,2026-08-04T02:59:54+0200,e971b95d-ef8c-4c78-99a5-54bbb479ab9f,2026-07-11T02:45:00Z,2026-07-11T04:45:00+0200,137.08,EUR/MWh,DE,DE_LU,day_ahead_price,value,2026-08-04T01:03:53Z
2026-08-04T00:59:54Z,2026-08-04T02:59:54+0200,e971b95d-ef8c-4c78-99a5-54bbb479ab9f,2026-07-11T03:00:00Z,2026-07-11T05:00:00+0200,141.4,EUR/MWh,DE,DE_LU,day_ahead_price,value,2026-08-04T01:03:53Z
2026-08-04T00:59:54Z,2026-08-04T02:59:54+0200,e971b95d-ef8c-4c78-99a5-54bbb479ab9f,2026-07-11T03:15:00Z,2026-07-11T05:15:00+0200,138.6,EUR/MWh,DE,DE_LU,day_ahead_price,value,2026-08-04T01:03:53Z
2026-08-04T00:59:54Z,2026-08-04T02:59:54+0200,e971b95d-ef8c-4c78-99a5-54bbb479ab9f,2026-07-11T03:30:00Z,2026-07-11T05:30:00+0200,139.82,EUR/MWh,DE,DE_LU,day_ahead_price,value,2026-08-04T01:03:53Z
2026-08-04T00:59:54Z,2026-08-04T02:59:54+0200,e971b95d-ef8c-4c78-99a5-54bbb479ab9f,2026-07-11T03:45:00Z,2026-07-11T05:45:00+0200,135.63,EUR/MWh,DE,DE_LU,day_ahead_price,value,2026-08-04T01:03:53Z
2026-08-04T00:59:54Z,2026-08-04T02:59:54+0200,e971b95d-ef8c-4c78-99a5-54bbb479ab9f,2026-07-11T04:00:00Z,2026-07-11T06:00:00+0200,146.42,EUR/MWh,DE,DE_LU,day_ahead_price,value,2026-08-04T01:03:53Z
2026-08-04T00:59:54Z,2026-08-04T02:59:54+0200,e971b95d-ef8c-4c78-99a5-54bbb479ab9f,2026-07-11T04:15:00Z,2026-07-11T06:15:00+0200,141.11,EUR/MWh,DE,DE_LU,day_ahead_price,value,2026-08-04T01:03:53Z
2026-08-04T00:59:54Z,2026-08-04T02:59:54+0200,e971b95d-ef8c-4c78-99a5-54bbb479ab9f,2026-07-11T04:30:00Z,2026-07-11T06:30:00+0200,131.6,EUR/MWh,DE,DE_LU,day_ahead_price,value,2026-08-04T01:03:53Z
2026-08-04T00:59:54Z,2026-08-04T02:59:54+0200,e971b95d-ef8c-4c78-99a5-54bbb479ab9f,2026-07-11T04:45:00Z,2026-07-11T06:45:00+0200,126.21,EUR/MWh,DE,DE_LU,day_ahead_price,value,2026-08-04T01:03:53Z
2026-08-04T00:59:54Z,2026-08-04T02:59:54+0200,e971b95d-ef8c-4c78-99a5-54bbb479ab9f,2026-07-11T05:00:00Z,2026-07-11T07:00:00+0200,131.69,EUR/MWh,DE,DE_LU,day_ahead_price,value,2026-08-04T01:03:53Z
2026-08-04T00:59:54Z,2026-08-04T02:59:54+0200,e971b95d-ef8c-4c78-99a5-54bbb479ab9f,2026-07-11T05:15:00Z,2026-07-11T07:15:00+0200,126.93,EUR/MWh,DE,DE_LU,day_ahead_price,value,2026-08-04T01:03:53Z
2026-08-04T00:59:54Z,2026-08-04T02:59:54+0200,e971b95d-ef8c-4c78-99a5-54bbb479ab9f,2026-07-11T05:30:00Z,2026-07-11T07:30:00+0200,122.13,EUR/MWh,DE,DE_LU,day_ahead_price,value,2026-08-04T01:03:53Z
2026-08-04T00:59:54Z,2026-08-04T02:59:54+0200,e971b95d-ef8c-4c78-99a5-54bbb479ab9f,2026-07-11T05:45:00Z,2026-07-11T07:45:00+0200,116.38,EUR/MWh,DE,DE_LU,day_ahead_price,value,2026-08-04T01:03:53Z
2026-08-04T00:59:54Z,2026-08-04T02:59:54+0200,e971b95d-ef8c-4c78-99a5-54bbb479ab9f,2026-07-11T06:00:00Z,2026-07-11T08:00:00+0200,142.16,EUR/MWh,DE,DE_LU,day_ahead_price,value,2026-08-04T01:03:53Z
2026-08-04T00:59:54Z,2026-08-04T02:59:54+0200,e971b95d-ef8c-4c78-99a5-54bbb479ab9f,2026-07-11T06:15:00Z,2026-07-11T08:15:00+0200,123.95,EUR/MWh,DE,DE_LU,day_ahead_price,value,2026-08-04T01:03:53Z
2026-08-04T00:59:54Z,2026-08-04T02:59:54+0200,e971b95d-ef8c-4c78-99a5-54bbb479ab9f,2026-07-11T06:30:00Z,2026-07-11T08:30:00+0200,105.75,EUR/MWh,DE,DE_LU,day_ahead_price,value,2026-08-04T01:03:53Z
2026-08-04T00:59:54Z,2026-08-04T02:59:54+0200,e971b95d-ef8c-4c78-99a5-54bbb479ab9f,2026-07-11T06:45:00Z,2026-07-11T08:45:00+0200,89.55,EUR/MWh,DE,DE_LU,day_ahead_price,value,2026-08-04T01:03:53Z
2026-08-04T00:59:54Z,2026-08-04T02:59:54+0200,e971b95d-ef8c-4c78-99a5-54bbb479ab9f,2026-07-11T07:00:00Z,2026-07-11T09:00:00+0200,107.07,EUR/MWh,DE,DE_LU,day_ahead_price,value,2026-08-04T01:03:53Z
2026-08-04T00:59:54Z,2026-08-04T02:59:54+0200,e971b95d-ef8c-4c78-99a5-54bbb479ab9f,2026-07-11T07:15:00Z,2026-07-11T09:15:00+0200,91.35,EUR/MWh,DE,DE_LU,day_ahead_price,value,2026-08-04T01:03:53Z
2026-08-04T00:59:54Z,2026-08-04T02:59:54+0200,e971b95d-ef8c-4c78-99a5-54bbb479ab9f,2026-07-11T07:30:00Z,2026-07-11T09:30:00+0200,67.51,EUR/MWh,DE,DE_LU,day_ahead_price,value,2026-08-04T01:03:53Z
2026-08-04T00:59:54Z,2026-08-04T02:59:54+0200,e971b95d-ef8c-4c78-99a5-54bbb479ab9f,2026-07-11T07:45:00Z,2026-07-11T09:45:00+0200,29.51,EUR/MWh,DE,DE_LU,day_ahead_price,value,2026-08-04T01:03:53Z
2026-08-04T00:59:54Z,2026-08-04T02:59:54+0200,e971b95d-ef8c-4c78-99a5-54bbb479ab9f,2026-07-11T08:00:00Z,2026-07-11T10:00:00+0200,40.0,EUR/MWh,DE,DE_LU,day_ahead_price,value,2026-08-04T01:03:53Z
2026-08-04T00:59:54Z,2026-08-04T02:59:54+0200,e971b95d-ef8c-4c78-99a5-54bbb479ab9f,2026-07-11T08:15:00Z,2026-07-11T10:15:00+0200,18.09,EUR/MWh,DE,DE_LU,day_ahead_price,value,2026-08-04T01:03:53Z
2026-08-04T00:59:54Z,2026-08-04T02:59:54+0200,e971b95d-ef8c-4c78-99a5-54bbb479ab9f,2026-07-11T08:30:00Z,2026-07-11T10:30:00+0200,5.18,EUR/MWh,DE,DE_LU,day_ahead_price,value,2026-08-04T01:03:53Z
2026-08-04T00:59:54Z,2026-08-04T02:59:54+0200,e971b95d-ef8c-4c78-99a5-54bbb479ab9f,2026-07-11T08:45:00Z,2026-07-11T10:45:00+0200,1.08,EUR/MWh,DE,DE_LU,day_ahead_price,value,2026-08-04T01:03:53Z
2026-08-04T00:59:54Z,2026-08-04T02:59:54+0200,e971b95d-ef8c-4c78-99a5-54bbb479ab9f,2026-07-11T09:00:00Z,2026-07-11T11:00:00+0200,1.0,EUR/MWh,DE,DE_LU,day_ahead_price,value,2026-08-04T01:03:53Z
2026-08-04T00:59:54Z,2026-08-04T02:59:54+0200,e971b95d-ef8c-4c78-99a5-54bbb479ab9f,2026-07-11T09:15:00Z,2026-07-11T11:15:00+0200,0.29,EUR/MWh,DE,DE_LU,day_ahead_price,value,2026-08-04T01:03:53Z
2026-08-04T00:59:54Z,2026-08-04T02:59:54+0200,e971b95d-ef8c-4c78-99a5-54bbb479ab9f,2026-07-11T09:30:00Z,2026-07-11T11:30:00+0200,0.02,EUR/MWh,DE,DE_LU,day_ahead_price,value,2026-08-04T01:03:53Z
2026-08-04T00:59:54Z,2026-08-04T02:59:54+0200,e971b95d-ef8c-4c78-99a5-54bbb479ab9f,2026-07-11T09:45:00Z,2026-07-11T11:45:00+0200,0.0,EUR/MWh,DE,DE_LU,day_ahead_price,value,2026-08-04T01:03:53Z
2026-08-04T00:59:54Z,2026-08-04T02:59:54+0200,e971b95d-ef8c-4c78-99a5-54bbb479ab9f,2026-07-11T10:00:00Z,2026-07-11T12:00:00+0200,0.0,EUR/MWh,DE,DE_LU,day_ahead_price,value,2026-08-04T01:03:53Z
2026-08-04T00:59:54Z,2026-08-04T02:59:54+0200,e971b95d-ef8c-4c78-99a5-54bbb479ab9f,2026-07-11T10:15:00Z,2026-07-11T12:15:00+0200,0.0,EUR/MWh,DE,DE_LU,day_ahead_price,value,2026-08-04T01:03:53Z
2026-08-04T00:59:54Z,2026-08-04T02:59:54+0200,e971b95d-ef8c-4c78-99a5-54bbb479ab9f,2026-07-11T10:30:00Z,2026-07-11T12:30:00+0200,-0.01,EUR/MWh,DE,DE_LU,day_ahead_price,value,2026-08-04T01:03:53Z
2026-08-04T00:59:54Z,2026-08-04T02:59:54+0200,e971b95d-ef8c-4c78-99a5-54bbb479ab9f,2026-07-11T10:45:00Z,2026-07-11T12:45:00+0200,-0.02,EUR/MWh,DE,DE_LU,day_ahead_price,value,2026-08-04T01:03:53Z
2026-08-04T00:59:54Z,2026-08-04T02:59:54+0200,e971b95d-ef8c-4c78-99a5-54bbb479ab9f,2026-07-11T11:00:00Z,2026-07-11T13:00:00+0200,-0.07,EUR/MWh,DE,DE_LU,day_ahead_price,value,2026-08-04T01:03:53Z
2026-08-04T00:59:54Z,2026-08-04T02:59:54+0200,e971b95d-ef8c-4c78-99a5-54bbb479ab9f,2026-07-11T11:15:00Z,2026-07-11T13:15:00+0200,-0.8,EUR/MWh,DE,DE_LU,day_ahead_price,value,2026-08-04T01:03:53Z
2026-08-04T00:59:54Z,2026-08-04T02:59:54+0200,e971b95d-ef8c-4c78-99a5-54bbb479ab9f,2026-07-11T11:30:00Z,2026-07-11T13:30:00+0200,-0.9,EUR/MWh,DE,DE_LU,day_ahead_price,value,2026-08-04T01:03:53Z
2026-08-04T00:59:54Z,2026-08-04T02:59:54+0200,e971b95d-ef8c-4c78-99a5-54bbb479ab9f,2026-07-11T11:45:00Z,2026-07-11T13:45:00+0200,-1.01,EUR/MWh,DE,DE_LU,day_ahead_price,value,2026-08-04T01:03:53Z
2026-08-04T00:59:54Z,2026-08-04T02:59:54+0200,e971b95d-ef8c-4c78-99a5-54bbb479ab9f,2026-07-11T12:00:00Z,2026-07-11T14:00:00+0200,-1.01,EUR/MWh,DE,DE_LU,day_ahead_price,value,2026-08-04T01:03:53Z
2026-08-04T00:59:54Z,2026-08-04T02:59:54+0200,e971b95d-ef8c-4c78-99a5-54bbb479ab9f,2026-07-11T12:15:00Z,2026-07-11T14:15:00+0200,-1.01,EUR/MWh,DE,DE_LU,day_ahead_price,value,2026-08-04T01:03:53Z
2026-08-04T00:59:54Z,2026-08-04T02:59:54+0200,e971b95d-ef8c-4c78-99a5-54bbb479ab9f,2026-07-11T12:30:00Z,2026-07-11T14:30:00+0200,-1.0,EUR/MWh,DE,DE_LU,day_ahead_price,value,2026-08-04T01:03:53Z
2026-08-04T00:59:54Z,2026-08-04T02:59:54+0200,e971b95d-ef8c-4c78-99a5-54bbb479ab9f,2026-07-11T12:45:00Z,2026-07-11T14:45:00+0200,-0.88,EUR/MWh,DE,DE_LU,day_ahead_price,value,2026-08-04T01:03:53Z
2026-08-04T00:59:54Z,2026-08-04T02:59:54+0200,e971b95d-ef8c-4c78-99a5-54bbb479ab9f,2026-07-11T13:00:00Z,2026-07-11T15:00:00+0200,-0.92,EUR/MWh,DE,DE_LU,day_ahead_price,value,2026-08-04T01:03:53Z
2026-08-04T00:59:54Z,2026-08-04T02:59:54+0200,e971b95d-ef8c-4c78-99a5-54bbb479ab9f,2026-07-11T13:15:00Z,2026-07-11T15:15:00+0200,-0.53,EUR/MWh,DE,DE_LU,day_ahead_price,value,2026-08-04T01:03:53Z
2026-08-04T00:59:54Z,2026-08-04T02:59:54+0200,e971b95d-ef8c-4c78-99a5-54bbb479ab9f,2026-07-11T13:30:00Z,2026-07-11T15:30:00+0200,-0.11,EUR/MWh,DE,DE_LU,day_ahead_price,value,2026-08-04T01:03:53Z
2026-08-04T00:59:54Z,2026-08-04T02:59:54+0200,e971b95d-ef8c-4c78-99a5-54bbb479ab9f,2026-07-11T13:45:00Z,2026-07-11T15:45:00+0200,-0.45,EUR/MWh,DE,DE_LU,day_ahead_price,value,2026-08-04T01:03:53Z
2026-08-04T00:59:54Z,2026-08-04T02:59:54+0200,e971b95d-ef8c-4c78-99a5-54bbb479ab9f,2026-07-11T14:00:00Z,2026-07-11T16:00:00+0200,-0.04,EUR/MWh,DE,DE_LU,day_ahead_price,value,2026-08-04T01:03:53Z
2026-08-04T00:59:54Z,2026-08-04T02:59:54+0200,e971b95d-ef8c-4c78-99a5-54bbb479ab9f,2026-07-11T14:15:00Z,2026-07-11T16:15:00+0200,-0.04,EUR/MWh,DE,DE_LU,day_ahead_price,value,2026-08-04T01:03:53Z
2026-08-04T00:59:54Z,2026-08-04T02:59:54+0200,e971b95d-ef8c-4c78-99a5-54bbb479ab9f,2026-07-11T14:30:00Z,2026-07-11T16:30:00+0200,0.01,EUR/MWh,DE,DE_LU,day_ahead_price,value,2026-08-04T01:03:53Z
2026-08-04T00:59:54Z,2026-08-04T02:59:54+0200,e971b95d-ef8c-4c78-99a5-54bbb479ab9f,2026-07-11T14:45:00Z,2026-07-11T16:45:00+0200,24.76,EUR/MWh,DE,DE_LU,day_ahead_price,value,2026-08-04T01:03:53Z
2026-08-04T00:59:54Z,2026-08-04T02:59:54+0200,e971b95d-ef8c-4c78-99a5-54bbb479ab9f,2026-07-11T15:00:00Z,2026-07-11T17:00:00+0200,14.58,EUR/MWh,DE,DE_LU,day_ahead_price,value,2026-08-04T01:03:53Z
2026-08-04T00:59:54Z,2026-08-04T02:59:54+0200,e971b95d-ef8c-4c78-99a5-54bbb479ab9f,2026-07-11T15:15:00Z,2026-07-11T17:15:00+0200,66.85,EUR/MWh,DE,DE_LU,day_ahead_price,value,2026-08-04T01:03:53Z
2026-08-04T00:59:54Z,2026-08-04T02:59:54+0200,e971b95d-ef8c-4c78-99a5-54bbb479ab9f,2026-07-11T15:30:00Z,2026-07-11T17:30:00+0200,94.19,EUR/MWh,DE,DE_LU,day_ahead_price,value,2026-08-04T01:03:53Z
2026-08-04T00:59:54Z,2026-08-04T02:59:54+0200,e971b95d-ef8c-4c78-99a5-54bbb479ab9f,2026-07-11T15:45:00Z,2026-07-11T17:45:00+0200,123.16,EUR/MWh,DE,DE_LU,day_ahead_price,value,2026-08-04T01:03:53Z
2026-08-04T00:59:54Z,2026-08-04T02:59:54+0200,e971b95d-ef8c-4c78-99a5-54bbb479ab9f,2026-07-11T16:00:00Z,2026-07-11T18:00:00+0200,97.43,EUR/MWh,DE,DE_LU,day_ahead_price,value,2026-08-04T01:03:53Z
2026-08-04T00:59:54Z,2026-08-04T02:59:54+0200,e971b95d-ef8c-4c78-99a5-54bbb479ab9f,2026-07-11T16:15:00Z,2026-07-11T18:15:00+0200,113.36,EUR/MWh,DE,DE_LU,day_ahead_price,value,2026-08-04T01:03:53Z
2026-08-04T00:59:54Z,2026-08-04T02:59:54+0200,e971b95d-ef8c-4c78-99a5-54bbb479ab9f,2026-07-11T16:30:00Z,2026-07-11T18:30:00+0200,130.99,EUR/MWh,DE,DE_LU,day_ahead_price,value,2026-08-04T01:03:53Z
2026-08-04T00:59:54Z,2026-08-04T02:59:54+0200,e971b95d-ef8c-4c78-99a5-54bbb479ab9f,2026-07-11T16:45:00Z,2026-07-11T18:45:00+0200,139.63,EUR/MWh,DE,DE_LU,day_ahead_price,value,2026-08-04T01:03:53Z
2026-08-04T00:59:54Z,2026-08-04T02:59:54+0200,e971b95d-ef8c-4c78-99a5-54bbb479ab9f,2026-07-11T17:00:00Z,2026-07-11T19:00:00+0200,130.04,EUR/MWh,DE,DE_LU,day_ahead_price,value,2026-08-04T01:03:53Z
2026-08-04T00:59:54Z,2026-08-04T02:59:54+0200,e971b95d-ef8c-4c78-99a5-54bbb479ab9f,2026-07-11T17:15:00Z,2026-07-11T19:15:00+0200,140.92,EUR/MWh,DE,DE_LU,day_ahead_price,value,2026-08-04T01:03:53Z
2026-08-04T00:59:54Z,2026-08-04T02:59:54+0200,e971b95d-ef8c-4c78-99a5-54bbb479ab9f,2026-07-11T17:30:00Z,2026-07-11T19:30:00+0200,144.1,EUR/MWh,DE,DE_LU,day_ahead_price,value,2026-08-04T01:03:53Z
2026-08-04T00:59:54Z,2026-08-04T02:59:54+0200,e971b95d-ef8c-4c78-99a5-54bbb479ab9f,2026-07-11T17:45:00Z,2026-07-11T19:45:00+0200,148.94,EUR/MWh,DE,DE_LU,day_ahead_price,value,2026-08-04T01:03:53Z
2026-08-04T00:59:54Z,2026-08-04T02:59:54+0200,e971b95d-ef8c-4c78-99a5-54bbb479ab9f,2026-07-11T18:00:00Z,2026-07-11T20:00:00+0200,148.14,EUR/MWh,DE,DE_LU,day_ahead_price,value,2026-08-04T01:03:53Z
2026-08-04T00:59:54Z,2026-08-04T02:59:54+0200,e971b95d-ef8c-4c78-99a5-54bbb479ab9f,2026-07-11T18:15:00Z,2026-07-11T20:15:00+0200,151.26,EUR/MWh,DE,DE_LU,day_ahead_price,value,2026-08-04T01:03:53Z
2026-08-04T00:59:54Z,2026-08-04T02:59:54+0200,e971b95d-ef8c-4c78-99a5-54bbb479ab9f,2026-07-11T18:30:00Z,2026-07-11T20:30:00+0200,153.35,EUR/MWh,DE,DE_LU,day_ahead_price,value,2026-08-04T01:03:53Z
2026-08-04T00:59:54Z,2026-08-04T02:59:54+0200,e971b95d-ef8c-4c78-99a5-54bbb479ab9f,2026-07-11T18:45:00Z,2026-07-11T20:45:00+0200,154.53,EUR/MWh,DE,DE_LU,day_ahead_price,value,2026-08-04T01:03:53Z
2026-08-04T00:59:54Z,2026-08-04T02:59:54+0200,e971b95d-ef8c-4c78-99a5-54bbb479ab9f,2026-07-11T19:00:00Z,2026-07-11T21:00:00+0200,156.38,EUR/MWh,DE,DE_LU,day_ahead_price,value,2026-08-04T01:03:53Z
2026-08-04T00:59:54Z,2026-08-04T02:59:54+0200,e971b95d-ef8c-4c78-99a5-54bbb479ab9f,2026-07-11T19:15:00Z,2026-07-11T21:15:00+0200,154.63,EUR/MWh,DE,DE_LU,day_ahead_price,value,2026-08-04T01:03:53Z
2026-08-04T00:59:54Z,2026-08-04T02:59:54+0200,e971b95d-ef8c-4c78-99a5-54bbb479ab9f,2026-07-11T19:30:00Z,2026-07-11T21:30:00+0200,157.95,EUR/MWh,DE,DE_LU,day_ahead_price,value,2026-08-04T01:03:53Z
2026-08-04T00:59:54Z,2026-08-04T02:59:54+0200,e971b95d-ef8c-4c78-99a5-54bbb479ab9f,2026-07-11T19:45:00Z,2026-07-11T21:45:00+0200,156.54,EUR/MWh,DE,DE_LU,day_ahead_price,value,2026-08-04T01:03:53Z
2026-08-04T00:59:54Z,2026-08-04T02:59:54+0200,e971b95d-ef8c-4c78-99a5-54bbb479ab9f,2026-07-11T20:00:00Z,2026-07-11T22:00:00+0200,160.01,EUR/MWh,DE,DE_LU,day_ahead_price,value,2026-08-04T01:03:53Z
2026-08-04T00:59:54Z,2026-08-04T02:59:54+0200,e971b95d-ef8c-4c78-99a5-54bbb479ab9f,2026-07-11T20:15:00Z,2026-07-11T22:15:00+0200,155.31,EUR/MWh,DE,DE_LU,day_ahead_price,value,2026-08-04T01:03:53Z
2026-08-04T00:59:54Z,2026-08-04T02:59:54+0200,e971b95d-ef8c-4c78-99a5-54bbb479ab9f,2026-07-11T20:30:00Z,2026-07-11T22:30:00+0200,155.28,EUR/MWh,DE,DE_LU,day_ahead_price,value,2026-08-04T01:03:53Z
2026-08-04T00:59:54Z,2026-08-04T02:59:54+0200,e971b95d-ef8c-4c78-99a5-54bbb479ab9f,2026-07-11T20:45:00Z,2026-07-11T22:45:00+0200,148.95,EUR/MWh,DE,DE_LU,day_ahead_price,value,2026-08-04T01:03:53Z
2026-08-04T00:59:54Z,2026-08-04T02:59:54+0200,e971b95d-ef8c-4c78-99a5-54bbb479ab9f,2026-07-11T21:00:00Z,2026-07-11T23:00:00+0200,151.35,EUR/MWh,DE,DE_LU,day_ahead_price,value,2026-08-04T01:03:53Z
2026-08-04T00:59:54Z,2026-08-04T02:59:54+0200,e971b95d-ef8c-4c78-99a5-54bbb479ab9f,2026-07-11T21:15:00Z,2026-07-11T23:15:00+0200,145.2,EUR/MWh,DE,DE_LU,day_ahead_price,value,2026-08-04T01:03:53Z
2026-08-04T00:59:54Z,2026-08-04T02:59:54+0200,e971b95d-ef8c-4c78-99a5-54bbb479ab9f,2026-07-11T21:30:00Z,2026-07-11T23:30:00+0200,145.0,EUR/MWh,DE,DE_LU,day_ahead_price,value,2026-08-04T01:03:53Z
2026-08-04T00:59:54Z,2026-08-04T02:59:54+0200,e971b95d-ef8c-4c78-99a5-54bbb479ab9f,2026-07-11T21:45:00Z,2026-07-11T23:45:00+0200,140.78,EUR/MWh,DE,DE_LU,day_ahead_price,value,2026-08-04T01:03:53Z
2026-08-04T00:59:54Z,2026-08-04T02:59:54+0200,e971b95d-ef8c-4c78-99a5-54bbb479ab9f,2026-07-11T22:00:00Z,2026-07-12T00:00:00+0200,140.51,EUR/MWh,DE,DE_LU,day_ahead_price,value,2026-08-04T01:03:53Z
2026-08-04T00:59:54Z,2026-08-04T02:59:54+0200,e971b95d-ef8c-4c78-99a5-54bbb479ab9f,2026-07-11T22:15:00Z,2026-07-12T00:15:00+0200,140.0,EUR/MWh,DE,DE_LU,day_ahead_price,value,2026-08-04T01:03:53Z
2026-08-04T00:59:54Z,2026-08-04T02:59:54+0200,e971b95d-ef8c-4c78-99a5-54bbb479ab9f,2026-07-11T22:30:00Z,2026-07-12T00:30:00+0200,138.76,EUR/MWh,DE,DE_LU,day_ahead_price,value,2026-08-04T01:03:53Z
2026-08-04T00:59:54Z,2026-08-04T02:59:54+0200,e971b95d-ef8c-4c78-99a5-54bbb479ab9f,2026-07-11T22:45:00Z,2026-07-12T00:45:00+0200,130.5,EUR/MWh,DE,DE_LU,day_ahead_price,value,2026-08-04T01:03:53Z
2026-08-04T00:59:54Z,2026-08-04T02:59:54+0200,e971b95d-ef8c-4c78-99a5-54bbb479ab9f,2026-07-11T23:00:00Z,2026-07-12T01:00:00+0200,135.2,EUR/MWh,DE,DE_LU,day_ahead_price,value,2026-08-04T01:03:53Z
2026-08-04T00:59:54Z,2026-08-04T02:59:54+0200,e971b95d-ef8c-4c78-99a5-54bbb479ab9f,2026-07-11T23:15:00Z,2026-07-12T01:15:00+0200,135.0,EUR/MWh,DE,DE_LU,day_ahead_price,value,2026-08-04T01:03:53Z
2026-08-04T00:59:54Z,2026-08-04T02:59:54+0200,e971b95d-ef8c-4c78-99a5-54bbb479ab9f,2026-07-11T23:30:00Z,2026-07-12T01:30:00+0200,131.34,EUR/MWh,DE,DE_LU,day_ahead_price,value,2026-08-04T01:03:53Z
2026-08-04T00:59:54Z,2026-08-04T02:59:54+0200,e971b95d-ef8c-4c78-99a5-54bbb479ab9f,2026-07-11T23:45:00Z,2026-07-12T01:45:00+0200,126.0,EUR/MWh,DE,DE_LU,day_ahead_price,value,2026-08-04T01:03:53Z
2026-08-04T00:59:54Z,2026-08-04T02:59:54+0200,e971b95d-ef8c-4c78-99a5-54bbb479ab9f,2026-07-12T00:00:00Z,2026-07-12T02:00:00+0200,127.94,EUR/MWh,DE,DE_LU,day_ahead_price,value,2026-08-04T01:03:53Z
2026-08-04T00:59:54Z,2026-08-04T02:59:54+0200,e971b95d-ef8c-4c78-99a5-54bbb479ab9f,2026-07-12T00:15:00Z,2026-07-12T02:15:00+0200,126.04,EUR/MWh,DE,DE_LU,day_ahead_price,value,2026-08-04T01:03:53Z
2026-08-04T00:59:54Z,2026-08-04T02:59:54+0200,e971b95d-ef8c-4c78-99a5-54bbb479ab9f,2026-07-12T00:30:00Z,2026-07-12T02:30:00+0200,124.8,EUR/MWh,DE,DE_LU,day_ahead_price,value,2026-08-04T01:03:53Z
2026-08-04T00:59:54Z,2026-08-04T02:59:54+0200,e971b95d-ef8c-4c78-99a5-54bbb479ab9f,2026-07-12T00:45:00Z,2026-07-12T02:45:00+0200,123.5,EUR/MWh,DE,DE_LU,day_ahead_price,value,2026-08-04T01:03:53Z
2026-08-04T00:59:54Z,2026-08-04T02:59:54+0200,e971b95d-ef8c-4c78-99a5-54bbb479ab9f,2026-07-12T01:00:00Z,2026-07-12T03:00:00+0200,127.93,EUR/MWh,DE,DE_LU,day_ahead_price,value,2026-08-04T01:03:53Z
2026-08-04T00:59:54Z,2026-08-04T02:59:54+0200,e971b95d-ef8c-4c78-99a5-54bbb479ab9f,2026-07-12T01:15:00Z,2026-07-12T03:15:00+0200,127.92,EUR/MWh,DE,DE_LU,day_ahead_price,value,2026-08-04T01:03:53Z
2026-08-04T00:59:54Z,2026-08-04T02:59:54+0200,e971b95d-ef8c-4c78-99a5-54bbb479ab9f,2026-07-12T01:30:00Z,2026-07-12T03:30:00+0200,122.85,EUR/MWh,DE,DE_LU,day_ahead_price,value,2026-08-04T01:03:53Z
2026-08-04T00:59:54Z,2026-08-04T02:59:54+0200,e971b95d-ef8c-4c78-99a5-54bbb479ab9f,2026-07-12T01:45:00Z,2026-07-12T03:45:00+0200,121.7,EUR/MWh,DE,DE_LU,day_ahead_price,value,2026-08-04T01:03:53Z
2026-08-04T00:59:54Z,2026-08-04T02:59:54+0200,e971b95d-ef8c-4c78-99a5-54bbb479ab9f,2026-07-12T02:00:00Z,2026-07-12T04:00:00+0200,127.0,EUR/MWh,DE,DE_LU,day_ahead_price,value,2026-08-04T01:03:53Z
2026-08-04T00:59:54Z,2026-08-04T02:59:54+0200,e971b95d-ef8c-4c78-99a5-54bbb479ab9f,2026-07-12T02:15:00Z,2026-07-12T04:15:00+0200,123.23,EUR/MWh,DE,DE_LU,day_ahead_price,value,2026-08-04T01:03:53Z
2026-08-04T00:59:54Z,2026-08-04T02:59:54+0200,e971b95d-ef8c-4c78-99a5-54bbb479ab9f,2026-07-12T02:30:00Z,2026-07-12T04:30:00+0200,121.11,EUR/MWh,DE,DE_LU,day_ahead_price,value,2026-08-04T01:03:53Z
2026-08-04T00:59:54Z,2026-08-04T02:59:54+0200,e971b95d-ef8c-4c78-99a5-54bbb479ab9f,2026-07-12T02:45:00Z,2026-07-12T04:45:00+0200,120.19,EUR/MWh,DE,DE_LU,day_ahead_price,value,2026-08-04T01:03:53Z
2026-08-04T00:59:54Z,2026-08-04T02:59:54+0200,e971b95d-ef8c-4c78-99a5-54bbb479ab9f,2026-07-12T03:00:00Z,2026-07-12T05:00:00+0200,124.0,EUR/MWh,DE,DE_LU,day_ahead_price,value,2026-08-04T01:03:53Z
2026-08-04T00:59:54Z,2026-08-04T02:59:54+0200,e971b95d-ef8c-4c78-99a5-54bbb479ab9f,2026-07-12T03:15:00Z,2026-07-12T05:15:00+0200,122.18,EUR/MWh,DE,DE_LU,day_ahead_price,value,2026-08-04T01:03:53Z
2026-08-04T00:59:54Z,2026-08-04T02:59:54+0200,e971b95d-ef8c-4c78-99a5-54bbb479ab9f,2026-07-12T03:30:00Z,2026-07-12T05:30:00+0200,120.54,EUR/MWh,DE,DE_LU,day_ahead_price,value,2026-08-04T01:03:53Z
2026-08-04T00:59:54Z,2026-08-04T02:59:54+0200,e971b95d-ef8c-4c78-99a5-54bbb479ab9f,2026-07-12T03:45:00Z,2026-07-12T05:45:00+0200,112.94,EUR/MWh,DE,DE_LU,day_ahead_price,value,2026-08-04T01:03:53Z
2026-08-04T00:59:54Z,2026-08-04T02:59:54+0200,e971b95d-ef8c-4c78-99a5-54bbb479ab9f,2026-07-12T04:00:00Z,2026-07-12T06:00:00+0200,118.64,EUR/MWh,DE,DE_LU,day_ahead_price,value,2026-08-04T01:03:53Z
2026-08-04T00:59:54Z,2026-08-04T02:59:54+0200,e971b95d-ef8c-4c78-99a5-54bbb479ab9f,2026-07-12T04:15:00Z,2026-07-12T06:15:00+0200,112.33,EUR/MWh,DE,DE_LU,day_ahead_price,value,2026-08-04T01:03:53Z
2026-08-04T00:59:54Z,2026-08-04T02:59:54+0200,e971b95d-ef8c-4c78-99a5-54bbb479ab9f,2026-07-12T04:30:00Z,2026-07-12T06:30:00+0200,110.0,EUR/MWh,DE,DE_LU,day_ahead_price,value,2026-08-04T01:03:53Z
2026-08-04T00:59:54Z,2026-08-04T02:59:54+0200,e971b95d-ef8c-4c78-99a5-54bbb479ab9f,2026-07-12T04:45:00Z,2026-07-12T06:45:00+0200,105.48,EUR/MWh,DE,DE_LU,day_ahead_price,value,2026-08-04T01:03:53Z
2026-08-04T00:59:54Z,2026-08-04T02:59:54+0200,e971b95d-ef8c-4c78-99a5-54bbb479ab9f,2026-07-12T05:00:00Z,2026-07-12T07:00:00+0200,112.31,EUR/MWh,DE,DE_LU,day_ahead_price,value,2026-08-04T01:03:53Z
2026-08-04T00:59:54Z,2026-08-04T02:59:54+0200,e971b95d-ef8c-4c78-99a5-54bbb479ab9f,2026-07-12T05:15:00Z,2026-07-12T07:15:00+0200,108.3,EUR/MWh,DE,DE_LU,day_ahead_price,value,2026-08-04T01:03:53Z
2026-08-04T00:59:54Z,2026-08-04T02:59:54+0200,e971b95d-ef8c-4c78-99a5-54bbb479ab9f,2026-07-12T05:30:00Z,2026-07-12T07:30:00+0200,101.21,EUR/MWh,DE,DE_LU,day_ahead_price,value,2026-08-04T01:03:53Z
2026-08-04T00:59:54Z,2026-08-04T02:59:54+0200,e971b95d-ef8c-4c78-99a5-54bbb479ab9f,2026-07-12T05:45:00Z,2026-07-12T07:45:00+0200,77.28,EUR/MWh,DE,DE_LU,day_ahead_price,value,2026-08-04T01:03:53Z
2026-08-04T00:59:54Z,2026-08-04T02:59:54+0200,e971b95d-ef8c-4c78-99a5-54bbb479ab9f,2026-07-12T06:00:00Z,2026-07-12T08:00:00+0200,103.56,EUR/MWh,DE,DE_LU,day_ahead_price,value,2026-08-04T01:03:53Z
2026-08-04T00:59:54Z,2026-08-04T02:59:54+0200,e971b95d-ef8c-4c78-99a5-54bbb479ab9f,2026-07-12T06:15:00Z,2026-07-12T08:15:00+0200,79.42,EUR/MWh,DE,DE_LU,day_ahead_price,value,2026-08-04T01:03:53Z
2026-08-04T00:59:54Z,2026-08-04T02:59:54+0200,e971b95d-ef8c-4c78-99a5-54bbb479ab9f,2026-07-12T06:30:00Z,2026-07-12T08:30:00+0200,52.3,EUR/MWh,DE,DE_LU,day_ahead_price,value,2026-08-04T01:03:53Z
2026-08-04T00:59:54Z,2026-08-04T02:59:54+0200,e971b95d-ef8c-4c78-99a5-54bbb479ab9f,2026-07-12T06:45:00Z,2026-07-12T08:45:00+0200,13.19,EUR/MWh,DE,DE_LU,day_ahead_price,value,2026-08-04T01:03:53Z
2026-08-04T00:59:54Z,2026-08-04T02:59:54+0200,e971b95d-ef8c-4c78-99a5-54bbb479ab9f,2026-07-12T07:00:00Z,2026-07-12T09:00:00+0200,20.0,EUR/MWh,DE,DE_LU,day_ahead_price,value,2026-08-04T01:03:53Z
2026-08-04T00:59:54Z,2026-08-04T02:59:54+0200,e971b95d-ef8c-4c78-99a5-54bbb479ab9f,2026-07-12T07:15:00Z,2026-07-12T09:15:00+0200,1.54,EUR/MWh,DE,DE_LU,day_ahead_price,value,2026-08-04T01:03:53Z
2026-08-04T00:59:54Z,2026-08-04T02:59:54+0200,e971b95d-ef8c-4c78-99a5-54bbb479ab9f,2026-07-12T07:30:00Z,2026-07-12T09:30:00+0200,0.0,EUR/MWh,DE,DE_LU,day_ahead_price,value,2026-08-04T01:03:53Z
2026-08-04T00:59:54Z,2026-08-04T02:59:54+0200,e971b95d-ef8c-4c78-99a5-54bbb479ab9f,2026-07-12T07:45:00Z,2026-07-12T09:45:00+0200,0.0,EUR/MWh,DE,DE_LU,day_ahead_price,value,2026-08-04T01:03:53Z
2026-08-04T00:59:54Z,2026-08-04T02:59:54+0200,e971b95d-ef8c-4c78-99a5-54bbb479ab9f,2026-07-12T08:00:00Z,2026-07-12T10:00:00+0200,-0.01,EUR/MWh,DE,DE_LU,day_ahead_price,value,2026-08-04T01:03:53Z
2026-08-04T00:59:54Z,2026-08-04T02:59:54+0200,e971b95d-ef8c-4c78-99a5-54bbb479ab9f,2026-07-12T08:15:00Z,2026-07-12T10:15:00+0200,-0.01,EUR/MWh,DE,DE_LU,day_ahead_price,value,2026-08-04T01:03:53Z
2026-08-04T00:59:54Z,2026-08-04T02:59:54+0200,e971b95d-ef8c-4c78-99a5-54bbb479ab9f,2026-07-12T08:30:00Z,2026-07-12T10:30:00+0200,-0.05,EUR/MWh,DE,DE_LU,day_ahead_price,value,2026-08-04T01:03:53Z
2026-08-04T00:59:54Z,2026-08-04T02:59:54+0200,e971b95d-ef8c-4c78-99a5-54bbb479ab9f,2026-07-12T08:45:00Z,2026-07-12T10:45:00+0200,-0.11,EUR/MWh,DE,DE_LU,day_ahead_price,value,2026-08-04T01:03:53Z
2026-08-04T00:59:54Z,2026-08-04T02:59:54+0200,e971b95d-ef8c-4c78-99a5-54bbb479ab9f,2026-07-12T09:00:00Z,2026-07-12T11:00:00+0200,-1.01,EUR/MWh,DE,DE_LU,day_ahead_price,value,2026-08-04T01:03:53Z
2026-08-04T00:59:54Z,2026-08-04T02:59:54+0200,e971b95d-ef8c-4c78-99a5-54bbb479ab9f,2026-07-12T09:15:00Z,2026-07-12T11:15:00+0200,-1.68,EUR/MWh,DE,DE_LU,day_ahead_price,value,2026-08-04T01:03:53Z
2026-08-04T00:59:54Z,2026-08-04T02:59:54+0200,e971b95d-ef8c-4c78-99a5-54bbb479ab9f,2026-07-12T09:30:00Z,2026-07-12T11:30:00+0200,-2.33,EUR/MWh,DE,DE_LU,day_ahead_price,value,2026-08-04T01:03:53Z
2026-08-04T00:59:54Z,2026-08-04T02:59:54+0200,e971b95d-ef8c-4c78-99a5-54bbb479ab9f,2026-07-12T09:45:00Z,2026-07-12T11:45:00+0200,-3.64,EUR/MWh,DE,DE_LU,day_ahead_price,value,2026-08-04T01:03:53Z
2026-08-04T00:59:54Z,2026-08-04T02:59:54+0200,e971b95d-ef8c-4c78-99a5-54bbb479ab9f,2026-07-12T10:00:00Z,2026-07-12T12:00:00+0200,-5.0,EUR/MWh,DE,DE_LU,day_ahead_price,value,2026-08-04T01:03:53Z
2026-08-04T00:59:54Z,2026-08-04T02:59:54+0200,e971b95d-ef8c-4c78-99a5-54bbb479ab9f,2026-07-12T10:15:00Z,2026-07-12T12:15:00+0200,-6.35,EUR/MWh,DE,DE_LU,day_ahead_price,value,2026-08-04T01:03:53Z
2026-08-04T00:59:54Z,2026-08-04T02:59:54+0200,e971b95d-ef8c-4c78-99a5-54bbb479ab9f,2026-07-12T10:30:00Z,2026-07-12T12:30:00+0200,-8.0,EUR/MWh,DE,DE_LU,day_ahead_price,value,2026-08-04T01:03:53Z
2026-08-04T00:59:54Z,2026-08-04T02:59:54+0200,e971b95d-ef8c-4c78-99a5-54bbb479ab9f,2026-07-12T10:45:00Z,2026-07-12T12:45:00+0200,-9.28,EUR/MWh,DE,DE_LU,day_ahead_price,value,2026-08-04T01:03:53Z
2026-08-04T00:59:54Z,2026-08-04T02:59:54+0200,e971b95d-ef8c-4c78-99a5-54bbb479ab9f,2026-07-12T11:00:00Z,2026-07-12T13:00:00+0200,-9.5,EUR/MWh,DE,DE_LU,day_ahead_price,value,2026-08-04T01:03:53Z
2026-08-04T00:59:54Z,2026-08-04T02:59:54+0200,e971b95d-ef8c-4c78-99a5-54bbb479ab9f,2026-07-12T11:15:00Z,2026-07-12T13:15:00+0200,-10.01,EUR/MWh,DE,DE_LU,day_ahead_price,value,2026-08-04T01:03:53Z
2026-08-04T00:59:54Z,2026-08-04T02:59:54+0200,e971b95d-ef8c-4c78-99a5-54bbb479ab9f,2026-07-12T11:30:00Z,2026-07-12T13:30:00+0200,-11.51,EUR/MWh,DE,DE_LU,day_ahead_price,value,2026-08-04T01:03:53Z
2026-08-04T00:59:54Z,2026-08-04T02:59:54+0200,e971b95d-ef8c-4c78-99a5-54bbb479ab9f,2026-07-12T11:45:00Z,2026-07-12T13:45:00+0200,-11.83,EUR/MWh,DE,DE_LU,day_ahead_price,value,2026-08-04T01:03:53Z
2026-08-04T00:59:54Z,2026-08-04T02:59:54+0200,e971b95d-ef8c-4c78-99a5-54bbb479ab9f,2026-07-12T12:00:00Z,2026-07-12T14:00:00+0200,-10.4,EUR/MWh,DE,DE_LU,day_ahead_price,value,2026-08-04T01:03:53Z
2026-08-04T00:59:54Z,2026-08-04T02:59:54+0200,e971b95d-ef8c-4c78-99a5-54bbb479ab9f,2026-07-12T12:15:00Z,2026-07-12T14:15:00+0200,-10.19,EUR/MWh,DE,DE_LU,day_ahead_price,value,2026-08-04T01:03:53Z
2026-08-04T00:59:54Z,2026-08-04T02:59:54+0200,e971b95d-ef8c-4c78-99a5-54bbb479ab9f,2026-07-12T12:30:00Z,2026-07-12T14:30:00+0200,-9.99,EUR/MWh,DE,DE_LU,day_ahead_price,value,2026-08-04T01:03:53Z
2026-08-04T00:59:54Z,2026-08-04T02:59:54+0200,e971b95d-ef8c-4c78-99a5-54bbb479ab9f,2026-07-12T12:45:00Z,2026-07-12T14:45:00+0200,-9.64,EUR/MWh,DE,DE_LU,day_ahead_price,value,2026-08-04T01:03:53Z
2026-08-04T00:59:54Z,2026-08-04T02:59:54+0200,e971b95d-ef8c-4c78-99a5-54bbb479ab9f,2026-07-12T13:00:00Z,2026-07-12T15:00:00+0200,-8.72,EUR/MWh,DE,DE_LU,day_ahead_price,value,2026-08-04T01:03:53Z
2026-08-04T00:59:54Z,2026-08-04T02:59:54+0200,e971b95d-ef8c-4c78-99a5-54bbb479ab9f,2026-07-12T13:15:00Z,2026-07-12T15:15:00+0200,-6.39,EUR/MWh,DE,DE_LU,day_ahead_price,value,2026-08-04T01:03:53Z
2026-08-04T00:59:54Z,2026-08-04T02:59:54+0200,e971b95d-ef8c-4c78-99a5-54bbb479ab9f,2026-07-12T13:30:00Z,2026-07-12T15:30:00+0200,-4.99,EUR/MWh,DE,DE_LU,day_ahead_price,value,2026-08-04T01:03:53Z
2026-08-04T00:59:54Z,2026-08-04T02:59:54+0200,e971b95d-ef8c-4c78-99a5-54bbb479ab9f,2026-07-12T13:45:00Z,2026-07-12T15:45:00+0200,-3.53,EUR/MWh,DE,DE_LU,day_ahead_price,value,2026-08-04T01:03:53Z
2026-08-04T00:59:54Z,2026-08-04T02:59:54+0200,e971b95d-ef8c-4c78-99a5-54bbb479ab9f,2026-07-12T14:00:00Z,2026-07-12T16:00:00+0200,-2.02,EUR/MWh,DE,DE_LU,day_ahead_price,value,2026-08-04T01:03:53Z
2026-08-04T00:59:54Z,2026-08-04T02:59:54+0200,e971b95d-ef8c-4c78-99a5-54bbb479ab9f,2026-07-12T14:15:00Z,2026-07-12T16:15:00+0200,-1.89,EUR/MWh,DE,DE_LU,day_ahead_price,value,2026-08-04T01:03:53Z
2026-08-04T00:59:54Z,2026-08-04T02:59:54+0200,e971b95d-ef8c-4c78-99a5-54bbb479ab9f,2026-07-12T14:30:00Z,2026-07-12T16:30:00+0200,-2.01,EUR/MWh,DE,DE_LU,day_ahead_price,value,2026-08-04T01:03:53Z
2026-08-04T00:59:54Z,2026-08-04T02:59:54+0200,e971b95d-ef8c-4c78-99a5-54bbb479ab9f,2026-07-12T14:45:00Z,2026-07-12T16:45:00+0200,-4.85,EUR/MWh,DE,DE_LU,day_ahead_price,value,2026-08-04T01:03:53Z
2026-08-04T00:59:54Z,2026-08-04T02:59:54+0200,e971b95d-ef8c-4c78-99a5-54bbb479ab9f,2026-07-12T15:00:00Z,2026-07-12T17:00:00+0200,-1.61,EUR/MWh,DE,DE_LU,day_ahead_price,value,2026-08-04T01:03:53Z
2026-08-04T00:59:54Z,2026-08-04T02:59:54+0200,e971b95d-ef8c-4c78-99a5-54bbb479ab9f,2026-07-12T15:15:00Z,2026-07-12T17:15:00+0200,-1.2,EUR/MWh,DE,DE_LU,day_ahead_price,value,2026-08-04T01:03:53Z
2026-08-04T00:59:54Z,2026-08-04T02:59:54+0200,e971b95d-ef8c-4c78-99a5-54bbb479ab9f,2026-07-12T15:30:00Z,2026-07-12T17:30:00+0200,-0.01,EUR/MWh,DE,DE_LU,day_ahead_price,value,2026-08-04T01:03:53Z
2026-08-04T00:59:54Z,2026-08-04T02:59:54+0200,e971b95d-ef8c-4c78-99a5-54bbb479ab9f,2026-07-12T15:45:00Z,2026-07-12T17:45:00+0200,33.34,EUR/MWh,DE,DE_LU,day_ahead_price,value,2026-08-04T01:03:53Z
2026-08-04T00:59:54Z,2026-08-04T02:59:54+0200,e971b95d-ef8c-4c78-99a5-54bbb479ab9f,2026-07-12T16:00:00Z,2026-07-12T18:00:00+0200,25.33,EUR/MWh,DE,DE_LU,day_ahead_price,value,2026-08-04T01:03:53Z
2026-08-04T00:59:54Z,2026-08-04T02:59:54+0200,e971b95d-ef8c-4c78-99a5-54bbb479ab9f,2026-07-12T16:15:00Z,2026-07-12T18:15:00+0200,99.54,EUR/MWh,DE,DE_LU,day_ahead_price,value,2026-08-04T01:03:53Z
2026-08-04T00:59:54Z,2026-08-04T02:59:54+0200,e971b95d-ef8c-4c78-99a5-54bbb479ab9f,2026-07-12T16:30:00Z,2026-07-12T18:30:00+0200,116.25,EUR/MWh,DE,DE_LU,day_ahead_price,value,2026-08-04T01:03:53Z
2026-08-04T00:59:54Z,2026-08-04T02:59:54+0200,e971b95d-ef8c-4c78-99a5-54bbb479ab9f,2026-07-12T16:45:00Z,2026-07-12T18:45:00+0200,132.61,EUR/MWh,DE,DE_LU,day_ahead_price,value,2026-08-04T01:03:53Z
2026-08-04T00:59:54Z,2026-08-04T02:59:54+0200,e971b95d-ef8c-4c78-99a5-54bbb479ab9f,2026-07-12T17:00:00Z,2026-07-12T19:00:00+0200,111.51,EUR/MWh,DE,DE_LU,day_ahead_price,value,2026-08-04T01:03:53Z
2026-08-04T00:59:54Z,2026-08-04T02:59:54+0200,e971b95d-ef8c-4c78-99a5-54bbb479ab9f,2026-07-12T17:15:00Z,2026-07-12T19:15:00+0200,133.75,EUR/MWh,DE,DE_LU,day_ahead_price,value,2026-08-04T01:03:53Z
2026-08-04T00:59:54Z,2026-08-04T02:59:54+0200,e971b95d-ef8c-4c78-99a5-54bbb479ab9f,2026-07-12T17:30:00Z,2026-07-12T19:30:00+0200,136.97,EUR/MWh,DE,DE_LU,day_ahead_price,value,2026-08-04T01:03:53Z
2026-08-04T00:59:54Z,2026-08-04T02:59:54+0200,e971b95d-ef8c-4c78-99a5-54bbb479ab9f,2026-07-12T17:45:00Z,2026-07-12T19:45:00+0200,145.0,EUR/MWh,DE,DE_LU,day_ahead_price,value,2026-08-04T01:03:53Z
2026-08-04T00:59:54Z,2026-08-04T02:59:54+0200,e971b95d-ef8c-4c78-99a5-54bbb479ab9f,2026-07-12T18:00:00Z,2026-07-12T20:00:00+0200,137.21,EUR/MWh,DE,DE_LU,day_ahead_price,value,2026-08-04T01:03:53Z
2026-08-04T00:59:54Z,2026-08-04T02:59:54+0200,e971b95d-ef8c-4c78-99a5-54bbb479ab9f,2026-07-12T18:15:00Z,2026-07-12T20:15:00+0200,140.89,EUR/MWh,DE,DE_LU,day_ahead_price,value,2026-08-04T01:03:53Z
2026-08-04T00:59:54Z,2026-08-04T02:59:54+0200,e971b95d-ef8c-4c78-99a5-54bbb479ab9f,2026-07-12T18:30:00Z,2026-07-12T20:30:00+0200,141.37,EUR/MWh,DE,DE_LU,day_ahead_price,value,2026-08-04T01:03:53Z
2026-08-04T00:59:54Z,2026-08-04T02:59:54+0200,e971b95d-ef8c-4c78-99a5-54bbb479ab9f,2026-07-12T18:45:00Z,2026-07-12T20:45:00+0200,144.12,EUR/MWh,DE,DE_LU,day_ahead_price,value,2026-08-04T01:03:53Z
2026-08-04T00:59:54Z,2026-08-04T02:59:54+0200,e971b95d-ef8c-4c78-99a5-54bbb479ab9f,2026-07-12T19:00:00Z,2026-07-12T21:00:00+0200,140.1,EUR/MWh,DE,DE_LU,day_ahead_price,value,2026-08-04T01:03:53Z
2026-08-04T00:59:54Z,2026-08-04T02:59:54+0200,e971b95d-ef8c-4c78-99a5-54bbb479ab9f,2026-07-12T19:15:00Z,2026-07-12T21:15:00+0200,144.94,EUR/MWh,DE,DE_LU,day_ahead_price,value,2026-08-04T01:03:53Z
2026-08-04T00:59:54Z,2026-08-04T02:59:54+0200,e971b95d-ef8c-4c78-99a5-54bbb479ab9f,2026-07-12T19:30:00Z,2026-07-12T21:30:00+0200,145.93,EUR/MWh,DE,DE_LU,day_ahead_price,value,2026-08-04T01:03:53Z
2026-08-04T00:59:54Z,2026-08-04T02:59:54+0200,e971b95d-ef8c-4c78-99a5-54bbb479ab9f,2026-07-12T19:45:00Z,2026-07-12T21:45:00+0200,146.98,EUR/MWh,DE,DE_LU,day_ahead_price,value,2026-08-04T01:03:53Z
2026-08-04T00:59:54Z,2026-08-04T02:59:54+0200,e971b95d-ef8c-4c78-99a5-54bbb479ab9f,2026-07-12T20:00:00Z,2026-07-12T22:00:00+0200,149.7,EUR/MWh,DE,DE_LU,day_ahead_price,value,2026-08-04T01:03:53Z
2026-08-04T00:59:54Z,2026-08-04T02:59:54+0200,e971b95d-ef8c-4c78-99a5-54bbb479ab9f,2026-07-12T20:15:00Z,2026-07-12T22:15:00+0200,145.0,EUR/MWh,DE,DE_LU,day_ahead_price,value,2026-08-04T01:03:53Z
2026-08-04T00:59:54Z,2026-08-04T02:59:54+0200,e971b95d-ef8c-4c78-99a5-54bbb479ab9f,2026-07-12T20:30:00Z,2026-07-12T22:30:00+0200,144.94,EUR/MWh,DE,DE_LU,day_ahead_price,value,2026-08-04T01:03:53Z
2026-08-04T00:59:54Z,2026-08-04T02:59:54+0200,e971b95d-ef8c-4c78-99a5-54bbb479ab9f,2026-07-12T20:45:00Z,2026-07-12T22:45:00+0200,140.08,EUR/MWh,DE,DE_LU,day_ahead_price,value,2026-08-04T01:03:53Z
2026-08-04T00:59:54Z,2026-08-04T02:59:54+0200,e971b95d-ef8c-4c78-99a5-54bbb479ab9f,2026-07-12T21:00:00Z,2026-07-12T23:00:00+0200,144.97,EUR/MWh,DE,DE_LU,day_ahead_price,value,2026-08-04T01:03:53Z
2026-08-04T00:59:54Z,2026-08-04T02:59:54+0200,e971b95d-ef8c-4c78-99a5-54bbb479ab9f,2026-07-12T21:15:00Z,2026-07-12T23:15:00+0200,137.9,EUR/MWh,DE,DE_LU,day_ahead_price,value,2026-08-04T01:03:53Z
2026-08-04T00:59:54Z,2026-08-04T02:59:54+0200,e971b95d-ef8c-4c78-99a5-54bbb479ab9f,2026-07-12T21:30:00Z,2026-07-12T23:30:00+0200,138.47,EUR/MWh,DE,DE_LU,day_ahead_price,value,2026-08-04T01:03:53Z
2026-08-04T00:59:54Z,2026-08-04T02:59:54+0200,e971b95d-ef8c-4c78-99a5-54bbb479ab9f,2026-07-12T21:45:00Z,2026-07-12T23:45:00+0200,135.93,EUR/MWh,DE,DE_LU,day_ahead_price,value,2026-08-04T01:03:53Z
2026-08-04T00:59:54Z,2026-08-04T02:59:54+0200,e971b95d-ef8c-4c78-99a5-54bbb479ab9f,2026-07-12T22:00:00Z,2026-07-13T00:00:00+0200,131.94,EUR/MWh,DE,DE_LU,day_ahead_price,value,2026-08-04T01:03:53Z
2026-08-04T00:59:54Z,2026-08-04T02:59:54+0200,e971b95d-ef8c-4c78-99a5-54bbb479ab9f,2026-07-12T22:15:00Z,2026-07-13T00:15:00+0200,130.0,EUR/MWh,DE,DE_LU,day_ahead_price,value,2026-08-04T01:03:53Z
2026-08-04T00:59:54Z,2026-08-04T02:59:54+0200,e971b95d-ef8c-4c78-99a5-54bbb479ab9f,2026-07-12T22:30:00Z,2026-07-13T00:30:00+0200,129.41,EUR/MWh,DE,DE_LU,day_ahead_price,value,2026-08-04T01:03:53Z
2026-08-04T00:59:54Z,2026-08-04T02:59:54+0200,e971b95d-ef8c-4c78-99a5-54bbb479ab9f,2026-07-12T22:45:00Z,2026-07-13T00:45:00+0200,127.57,EUR/MWh,DE,DE_LU,day_ahead_price,value,2026-08-04T01:03:53Z
2026-08-04T00:59:54Z,2026-08-04T02:59:54+0200,e971b95d-ef8c-4c78-99a5-54bbb479ab9f,2026-07-12T23:00:00Z,2026-07-13T01:00:00+0200,128.42,EUR/MWh,DE,DE_LU,day_ahead_price,value,2026-08-04T01:03:53Z
2026-08-04T00:59:54Z,2026-08-04T02:59:54+0200,e971b95d-ef8c-4c78-99a5-54bbb479ab9f,2026-07-12T23:15:00Z,2026-07-13T01:15:00+0200,124.17,EUR/MWh,DE,DE_LU,day_ahead_price,value,2026-08-04T01:03:53Z
2026-08-04T00:59:54Z,2026-08-04T02:59:54+0200,e971b95d-ef8c-4c78-99a5-54bbb479ab9f,2026-07-12T23:30:00Z,2026-07-13T01:30:00+0200,123.7,EUR/MWh,DE,DE_LU,day_ahead_price,value,2026-08-04T01:03:53Z
2026-08-04T00:59:54Z,2026-08-04T02:59:54+0200,e971b95d-ef8c-4c78-99a5-54bbb479ab9f,2026-07-12T23:45:00Z,2026-07-13T01:45:00+0200,122.13,EUR/MWh,DE,DE_LU,day_ahead_price,value,2026-08-04T01:03:53Z
2026-08-04T00:59:54Z,2026-08-04T02:59:54+0200,e971b95d-ef8c-4c78-99a5-54bbb479ab9f,2026-07-13T00:00:00Z,2026-07-13T02:00:00+0200,122.93,EUR/MWh,DE,DE_LU,day_ahead_price,value,2026-08-04T01:03:53Z
2026-08-04T00:59:54Z,2026-08-04T02:59:54+0200,e971b95d-ef8c-4c78-99a5-54bbb479ab9f,2026-07-13T00:15:00Z,2026-07-13T02:15:00+0200,119.39,EUR/MWh,DE,DE_LU,day_ahead_price,value,2026-08-04T01:03:53Z
2026-08-04T00:59:54Z,2026-08-04T02:59:54+0200,e971b95d-ef8c-4c78-99a5-54bbb479ab9f,2026-07-13T00:30:00Z,2026-07-13T02:30:00+0200,119.45,EUR/MWh,DE,DE_LU,day_ahead_price,value,2026-08-04T01:03:53Z
2026-08-04T00:59:54Z,2026-08-04T02:59:54+0200,e971b95d-ef8c-4c78-99a5-54bbb479ab9f,2026-07-13T00:45:00Z,2026-07-13T02:45:00+0200,120.5,EUR/MWh,DE,DE_LU,day_ahead_price,value,2026-08-04T01:03:53Z
2026-08-04T00:59:54Z,2026-08-04T02:59:54+0200,e971b95d-ef8c-4c78-99a5-54bbb479ab9f,2026-07-13T01:00:00Z,2026-07-13T03:00:00+0200,120.0,EUR/MWh,DE,DE_LU,day_ahead_price,value,2026-08-04T01:03:53Z
2026-08-04T00:59:54Z,2026-08-04T02:59:54+0200,e971b95d-ef8c-4c78-99a5-54bbb479ab9f,2026-07-13T01:15:00Z,2026-07-13T03:15:00+0200,120.3,EUR/MWh,DE,DE_LU,day_ahead_price,value,2026-08-04T01:03:53Z
2026-08-04T00:59:54Z,2026-08-04T02:59:54+0200,e971b95d-ef8c-4c78-99a5-54bbb479ab9f,2026-07-13T01:30:00Z,2026-07-13T03:30:00+0200,121.92,EUR/MWh,DE,DE_LU,day_ahead_price,value,2026-08-04T01:03:53Z
2026-08-04T00:59:54Z,2026-08-04T02:59:54+0200,e971b95d-ef8c-4c78-99a5-54bbb479ab9f,2026-07-13T01:45:00Z,2026-07-13T03:45:00+0200,123.68,EUR/MWh,DE,DE_LU,day_ahead_price,value,2026-08-04T01:03:53Z
2026-08-04T00:59:54Z,2026-08-04T02:59:54+0200,e971b95d-ef8c-4c78-99a5-54bbb479ab9f,2026-07-13T02:00:00Z,2026-07-13T04:00:00+0200,118.68,EUR/MWh,DE,DE_LU,day_ahead_price,value,2026-08-04T01:03:53Z
2026-08-04T00:59:54Z,2026-08-04T02:59:54+0200,e971b95d-ef8c-4c78-99a5-54bbb479ab9f,2026-07-13T02:15:00Z,2026-07-13T04:15:00+0200,122.74,EUR/MWh,DE,DE_LU,day_ahead_price,value,2026-08-04T01:03:53Z
2026-08-04T00:59:54Z,2026-08-04T02:59:54+0200,e971b95d-ef8c-4c78-99a5-54bbb479ab9f,2026-07-13T02:30:00Z,2026-07-13T04:30:00+0200,125.75,EUR/MWh,DE,DE_LU,day_ahead_price,value,2026-08-04T01:03:53Z
2026-08-04T00:59:54Z,2026-08-04T02:59:54+0200,e971b95d-ef8c-4c78-99a5-54bbb479ab9f,2026-07-13T02:45:00Z,2026-07-13T04:45:00+0200,127.0,EUR/MWh,DE,DE_LU,day_ahead_price,value,2026-08-04T01:03:53Z
2026-08-04T00:59:54Z,2026-08-04T02:59:54+0200,e971b95d-ef8c-4c78-99a5-54bbb479ab9f,2026-07-13T03:00:00Z,2026-07-13T05:00:00+0200,126.51,EUR/MWh,DE,DE_LU,day_ahead_price,value,2026-08-04T01:03:53Z
2026-08-04T00:59:54Z,2026-08-04T02:59:54+0200,e971b95d-ef8c-4c78-99a5-54bbb479ab9f,2026-07-13T03:15:00Z,2026-07-13T05:15:00+0200,130.46,EUR/MWh,DE,DE_LU,day_ahead_price,value,2026-08-04T01:03:53Z
2026-08-04T00:59:54Z,2026-08-04T02:59:54+0200,e971b95d-ef8c-4c78-99a5-54bbb479ab9f,2026-07-13T03:30:00Z,2026-07-13T05:30:00+0200,137.14,EUR/MWh,DE,DE_LU,day_ahead_price,value,2026-08-04T01:03:53Z
2026-08-04T00:59:54Z,2026-08-04T02:59:54+0200,e971b95d-ef8c-4c78-99a5-54bbb479ab9f,2026-07-13T03:45:00Z,2026-07-13T05:45:00+0200,142.86,EUR/MWh,DE,DE_LU,day_ahead_price,value,2026-08-04T01:03:53Z
2026-08-04T00:59:54Z,2026-08-04T02:59:54+0200,e971b95d-ef8c-4c78-99a5-54bbb479ab9f,2026-07-13T04:00:00Z,2026-07-13T06:00:00+0200,145.27,EUR/MWh,DE,DE_LU,day_ahead_price,value,2026-08-04T01:03:53Z
2026-08-04T00:59:54Z,2026-08-04T02:59:54+0200,e971b95d-ef8c-4c78-99a5-54bbb479ab9f,2026-07-13T04:15:00Z,2026-07-13T06:15:00+0200,152.18,EUR/MWh,DE,DE_LU,day_ahead_price,value,2026-08-04T01:03:53Z
2026-08-04T00:59:54Z,2026-08-04T02:59:54+0200,e971b95d-ef8c-4c78-99a5-54bbb479ab9f,2026-07-13T04:30:00Z,2026-07-13T06:30:00+0200,151.4,EUR/MWh,DE,DE_LU,day_ahead_price,value,2026-08-04T01:03:53Z
2026-08-04T00:59:54Z,2026-08-04T02:59:54+0200,e971b95d-ef8c-4c78-99a5-54bbb479ab9f,2026-07-13T04:45:00Z,2026-07-13T06:45:00+0200,150.52,EUR/MWh,DE,DE_LU,day_ahead_price,value,2026-08-04T01:03:53Z
2026-08-04T00:59:54Z,2026-08-04T02:59:54+0200,e971b95d-ef8c-4c78-99a5-54bbb479ab9f,2026-07-13T05:00:00Z,2026-07-13T07:00:00+0200,171.08,EUR/MWh,DE,DE_LU,day_ahead_price,value,2026-08-04T01:03:53Z
2026-08-04T00:59:54Z,2026-08-04T02:59:54+0200,e971b95d-ef8c-4c78-99a5-54bbb479ab9f,2026-07-13T05:15:00Z,2026-07-13T07:15:00+0200,166.72,EUR/MWh,DE,DE_LU,day_ahead_price,value,2026-08-04T01:03:53Z
2026-08-04T00:59:54Z,2026-08-04T02:59:54+0200,e971b95d-ef8c-4c78-99a5-54bbb479ab9f,2026-07-13T05:30:00Z,2026-07-13T07:30:00+0200,154.33,EUR/MWh,DE,DE_LU,day_ahead_price,value,2026-08-04T01:03:53Z
2026-08-04T00:59:54Z,2026-08-04T02:59:54+0200,e971b95d-ef8c-4c78-99a5-54bbb479ab9f,2026-07-13T05:45:00Z,2026-07-13T07:45:00+0200,145.59,EUR/MWh,DE,DE_LU,day_ahead_price,value,2026-08-04T01:03:53Z
2026-08-04T00:59:54Z,2026-08-04T02:59:54+0200,e971b95d-ef8c-4c78-99a5-54bbb479ab9f,2026-07-13T06:00:00Z,2026-07-13T08:00:00+0200,151.81,EUR/MWh,DE,DE_LU,day_ahead_price,value,2026-08-04T01:03:53Z
2026-08-04T00:59:54Z,2026-08-04T02:59:54+0200,e971b95d-ef8c-4c78-99a5-54bbb479ab9f,2026-07-13T06:15:00Z,2026-07-13T08:15:00+0200,146.22,EUR/MWh,DE,DE_LU,day_ahead_price,value,2026-08-04T01:03:53Z
2026-08-04T00:59:54Z,2026-08-04T02:59:54+0200,e971b95d-ef8c-4c78-99a5-54bbb479ab9f,2026-07-13T06:30:00Z,2026-07-13T08:30:00+0200,130.86,EUR/MWh,DE,DE_LU,day_ahead_price,value,2026-08-04T01:03:53Z
2026-08-04T00:59:54Z,2026-08-04T02:59:54+0200,e971b95d-ef8c-4c78-99a5-54bbb479ab9f,2026-07-13T06:45:00Z,2026-07-13T08:45:00+0200,127.06,EUR/MWh,DE,DE_LU,day_ahead_price,value,2026-08-04T01:03:53Z
2026-08-04T00:59:54Z,2026-08-04T02:59:54+0200,e971b95d-ef8c-4c78-99a5-54bbb479ab9f,2026-07-13T07:00:00Z,2026-07-13T09:00:00+0200,142.94,EUR/MWh,DE,DE_LU,day_ahead_price,value,2026-08-04T01:03:53Z
2026-08-04T00:59:54Z,2026-08-04T02:59:54+0200,e971b95d-ef8c-4c78-99a5-54bbb479ab9f,2026-07-13T07:15:00Z,2026-07-13T09:15:00+0200,130.01,EUR/MWh,DE,DE_LU,day_ahead_price,value,2026-08-04T01:03:53Z
2026-08-04T00:59:54Z,2026-08-04T02:59:54+0200,e971b95d-ef8c-4c78-99a5-54bbb479ab9f,2026-07-13T07:30:00Z,2026-07-13T09:30:00+0200,114.41,EUR/MWh,DE,DE_LU,day_ahead_price,value,2026-08-04T01:03:53Z
2026-08-04T00:59:54Z,2026-08-04T02:59:54+0200,e971b95d-ef8c-4c78-99a5-54bbb479ab9f,2026-07-13T07:45:00Z,2026-07-13T09:45:00+0200,103.07,EUR/MWh,DE,DE_LU,day_ahead_price,value,2026-08-04T01:03:53Z
2026-08-04T00:59:54Z,2026-08-04T02:59:54+0200,e971b95d-ef8c-4c78-99a5-54bbb479ab9f,2026-07-13T08:00:00Z,2026-07-13T10:00:00+0200,119.03,EUR/MWh,DE,DE_LU,day_ahead_price,value,2026-08-04T01:03:53Z
2026-08-04T00:59:54Z,2026-08-04T02:59:54+0200,e971b95d-ef8c-4c78-99a5-54bbb479ab9f,2026-07-13T08:15:00Z,2026-07-13T10:15:00+0200,103.92,EUR/MWh,DE,DE_LU,day_ahead_price,value,2026-08-04T01:03:53Z
2026-08-04T00:59:54Z,2026-08-04T02:59:54+0200,e971b95d-ef8c-4c78-99a5-54bbb479ab9f,2026-07-13T08:30:00Z,2026-07-13T10:30:00+0200,95.83,EUR/MWh,DE,DE_LU,day_ahead_price,value,2026-08-04T01:03:53Z
2026-08-04T00:59:54Z,2026-08-04T02:59:54+0200,e971b95d-ef8c-4c78-99a5-54bbb479ab9f,2026-07-13T08:45:00Z,2026-07-13T10:45:00+0200,81.29,EUR/MWh,DE,DE_LU,day_ahead_price,value,2026-08-04T01:03:53Z
2026-08-04T00:59:54Z,2026-08-04T02:59:54+0200,e971b95d-ef8c-4c78-99a5-54bbb479ab9f,2026-07-13T09:00:00Z,2026-07-13T11:00:00+0200,87.38,EUR/MWh,DE,DE_LU,day_ahead_price,value,2026-08-04T01:03:53Z
2026-08-04T00:59:54Z,2026-08-04T02:59:54+0200,e971b95d-ef8c-4c78-99a5-54bbb479ab9f,2026-07-13T09:15:00Z,2026-07-13T11:15:00+0200,78.66,EUR/MWh,DE,DE_LU,day_ahead_price,value,2026-08-04T01:03:53Z
2026-08-04T00:59:54Z,2026-08-04T02:59:54+0200,e971b95d-ef8c-4c78-99a5-54bbb479ab9f,2026-07-13T09:30:00Z,2026-07-13T11:30:00+0200,70.0,EUR/MWh,DE,DE_LU,day_ahead_price,value,2026-08-04T01:03:53Z
2026-08-04T00:59:54Z,2026-08-04T02:59:54+0200,e971b95d-ef8c-4c78-99a5-54bbb479ab9f,2026-07-13T09:45:00Z,2026-07-13T11:45:00+0200,60.45,EUR/MWh,DE,DE_LU,day_ahead_price,value,2026-08-04T01:03:53Z
2026-08-04T00:59:54Z,2026-08-04T02:59:54+0200,e971b95d-ef8c-4c78-99a5-54bbb479ab9f,2026-07-13T10:00:00Z,2026-07-13T12:00:00+0200,63.97,EUR/MWh,DE,DE_LU,day_ahead_price,value,2026-08-04T01:03:53Z
2026-08-04T00:59:54Z,2026-08-04T02:59:54+0200,e971b95d-ef8c-4c78-99a5-54bbb479ab9f,2026-07-13T10:15:00Z,2026-07-13T12:15:00+0200,52.2,EUR/MWh,DE,DE_LU,day_ahead_price,value,2026-08-04T01:03:53Z
2026-08-04T00:59:54Z,2026-08-04T02:59:54+0200,e971b95d-ef8c-4c78-99a5-54bbb479ab9f,2026-07-13T10:30:00Z,2026-07-13T12:30:00+0200,45.01,EUR/MWh,DE,DE_LU,day_ahead_price,value,2026-08-04T01:03:53Z
2026-08-04T00:59:54Z,2026-08-04T02:59:54+0200,e971b95d-ef8c-4c78-99a5-54bbb479ab9f,2026-07-13T10:45:00Z,2026-07-13T12:45:00+0200,41.31,EUR/MWh,DE,DE_LU,day_ahead_price,value,2026-08-04T01:03:53Z
2026-08-04T00:59:54Z,2026-08-04T02:59:54+0200,e971b95d-ef8c-4c78-99a5-54bbb479ab9f,2026-07-13T11:00:00Z,2026-07-13T13:00:00+0200,40.45,EUR/MWh,DE,DE_LU,day_ahead_price,value,2026-08-04T01:03:53Z
2026-08-04T00:59:54Z,2026-08-04T02:59:54+0200,e971b95d-ef8c-4c78-99a5-54bbb479ab9f,2026-07-13T11:15:00Z,2026-07-13T13:15:00+0200,34.67,EUR/MWh,DE,DE_LU,day_ahead_price,value,2026-08-04T01:03:53Z
2026-08-04T00:59:54Z,2026-08-04T02:59:54+0200,e971b95d-ef8c-4c78-99a5-54bbb479ab9f,2026-07-13T11:30:00Z,2026-07-13T13:30:00+0200,33.63,EUR/MWh,DE,DE_LU,day_ahead_price,value,2026-08-04T01:03:53Z
2026-08-04T00:59:54Z,2026-08-04T02:59:54+0200,e971b95d-ef8c-4c78-99a5-54bbb479ab9f,2026-07-13T11:45:00Z,2026-07-13T13:45:00+0200,22.85,EUR/MWh,DE,DE_LU,day_ahead_price,value,2026-08-04T01:03:53Z
2026-08-04T00:59:54Z,2026-08-04T02:59:54+0200,e971b95d-ef8c-4c78-99a5-54bbb479ab9f,2026-07-13T12:00:00Z,2026-07-13T14:00:00+0200,34.08,EUR/MWh,DE,DE_LU,day_ahead_price,value,2026-08-04T01:03:53Z
2026-08-04T00:59:54Z,2026-08-04T02:59:54+0200,e971b95d-ef8c-4c78-99a5-54bbb479ab9f,2026-07-13T12:15:00Z,2026-07-13T14:15:00+0200,34.23,EUR/MWh,DE,DE_LU,day_ahead_price,value,2026-08-04T01:03:53Z
2026-08-04T00:59:54Z,2026-08-04T02:59:54+0200,e971b95d-ef8c-4c78-99a5-54bbb479ab9f,2026-07-13T12:30:00Z,2026-07-13T14:30:00+0200,40.72,EUR/MWh,DE,DE_LU,day_ahead_price,value,2026-08-04T01:03:53Z
2026-08-04T00:59:54Z,2026-08-04T02:59:54+0200,e971b95d-ef8c-4c78-99a5-54bbb479ab9f,2026-07-13T12:45:00Z,2026-07-13T14:45:00+0200,45.12,EUR/MWh,DE,DE_LU,day_ahead_price,value,2026-08-04T01:03:53Z
2026-08-04T00:59:54Z,2026-08-04T02:59:54+0200,e971b95d-ef8c-4c78-99a5-54bbb479ab9f,2026-07-13T13:00:00Z,2026-07-13T15:00:00+0200,45.0,EUR/MWh,DE,DE_LU,day_ahead_price,value,2026-08-04T01:03:53Z
2026-08-04T00:59:54Z,2026-08-04T02:59:54+0200,e971b95d-ef8c-4c78-99a5-54bbb479ab9f,2026-07-13T13:15:00Z,2026-07-13T15:15:00+0200,56.1,EUR/MWh,DE,DE_LU,day_ahead_price,value,2026-08-04T01:03:53Z
2026-08-04T00:59:54Z,2026-08-04T02:59:54+0200,e971b95d-ef8c-4c78-99a5-54bbb479ab9f,2026-07-13T13:30:00Z,2026-07-13T15:30:00+0200,68.79,EUR/MWh,DE,DE_LU,day_ahead_price,value,2026-08-04T01:03:53Z
2026-08-04T00:59:54Z,2026-08-04T02:59:54+0200,e971b95d-ef8c-4c78-99a5-54bbb479ab9f,2026-07-13T13:45:00Z,2026-07-13T15:45:00+0200,86.01,EUR/MWh,DE,DE_LU,day_ahead_price,value,2026-08-04T01:03:53Z
2026-08-04T00:59:54Z,2026-08-04T02:59:54+0200,e971b95d-ef8c-4c78-99a5-54bbb479ab9f,2026-07-13T14:00:00Z,2026-07-13T16:00:00+0200,68.8,EUR/MWh,DE,DE_LU,day_ahead_price,value,2026-08-04T01:03:53Z
2026-08-04T00:59:54Z,2026-08-04T02:59:54+0200,e971b95d-ef8c-4c78-99a5-54bbb479ab9f,2026-07-13T14:15:00Z,2026-07-13T16:15:00+0200,91.85,EUR/MWh,DE,DE_LU,day_ahead_price,value,2026-08-04T01:03:53Z
2026-08-04T00:59:54Z,2026-08-04T02:59:54+0200,e971b95d-ef8c-4c78-99a5-54bbb479ab9f,2026-07-13T14:30:00Z,2026-07-13T16:30:00+0200,95.69,EUR/MWh,DE,DE_LU,day_ahead_price,value,2026-08-04T01:03:53Z
2026-08-04T00:59:54Z,2026-08-04T02:59:54+0200,e971b95d-ef8c-4c78-99a5-54bbb479ab9f,2026-07-13T14:45:00Z,2026-07-13T16:45:00+0200,107.46,EUR/MWh,DE,DE_LU,day_ahead_price,value,2026-08-04T01:03:53Z
2026-08-04T00:59:54Z,2026-08-04T02:59:54+0200,e971b95d-ef8c-4c78-99a5-54bbb479ab9f,2026-07-13T15:00:00Z,2026-07-13T17:00:00+0200,98.37,EUR/MWh,DE,DE_LU,day_ahead_price,value,2026-08-04T01:03:53Z
2026-08-04T00:59:54Z,2026-08-04T02:59:54+0200,e971b95d-ef8c-4c78-99a5-54bbb479ab9f,2026-07-13T15:15:00Z,2026-07-13T17:15:00+0200,115.87,EUR/MWh,DE,DE_LU,day_ahead_price,value,2026-08-04T01:03:53Z
2026-08-04T00:59:54Z,2026-08-04T02:59:54+0200,e971b95d-ef8c-4c78-99a5-54bbb479ab9f,2026-07-13T15:30:00Z,2026-07-13T17:30:00+0200,132.69,EUR/MWh,DE,DE_LU,day_ahead_price,value,2026-08-04T01:03:53Z
2026-08-04T00:59:54Z,2026-08-04T02:59:54+0200,e971b95d-ef8c-4c78-99a5-54bbb479ab9f,2026-07-13T15:45:00Z,2026-07-13T17:45:00+0200,139.18,EUR/MWh,DE,DE_LU,day_ahead_price,value,2026-08-04T01:03:53Z
2026-08-04T00:59:54Z,2026-08-04T02:59:54+0200,e971b95d-ef8c-4c78-99a5-54bbb479ab9f,2026-07-13T16:00:00Z,2026-07-13T18:00:00+0200,125.68,EUR/MWh,DE,DE_LU,day_ahead_price,value,2026-08-04T01:03:53Z
2026-08-04T00:59:54Z,2026-08-04T02:59:54+0200,e971b95d-ef8c-4c78-99a5-54bbb479ab9f,2026-07-13T16:15:00Z,2026-07-13T18:15:00+0200,137.75,EUR/MWh,DE,DE_LU,day_ahead_price,value,2026-08-04T01:03:53Z
2026-08-04T00:59:54Z,2026-08-04T02:59:54+0200,e971b95d-ef8c-4c78-99a5-54bbb479ab9f,2026-07-13T16:30:00Z,2026-07-13T18:30:00+0200,144.06,EUR/MWh,DE,DE_LU,day_ahead_price,value,2026-08-04T01:03:53Z
2026-08-04T00:59:54Z,2026-08-04T02:59:54+0200,e971b95d-ef8c-4c78-99a5-54bbb479ab9f,2026-07-13T16:45:00Z,2026-07-13T18:45:00+0200,152.51,EUR/MWh,DE,DE_LU,day_ahead_price,value,2026-08-04T01:03:53Z
2026-08-04T00:59:54Z,2026-08-04T02:59:54+0200,e971b95d-ef8c-4c78-99a5-54bbb479ab9f,2026-07-13T17:00:00Z,2026-07-13T19:00:00+0200,149.92,EUR/MWh,DE,DE_LU,day_ahead_price,value,2026-08-04T01:03:53Z
2026-08-04T00:59:54Z,2026-08-04T02:59:54+0200,e971b95d-ef8c-4c78-99a5-54bbb479ab9f,2026-07-13T17:15:00Z,2026-07-13T19:15:00+0200,153.0,EUR/MWh,DE,DE_LU,day_ahead_price,value,2026-08-04T01:03:53Z
2026-08-04T00:59:54Z,2026-08-04T02:59:54+0200,e971b95d-ef8c-4c78-99a5-54bbb479ab9f,2026-07-13T17:30:00Z,2026-07-13T19:30:00+0200,166.0,EUR/MWh,DE,DE_LU,day_ahead_price,value,2026-08-04T01:03:53Z
2026-08-04T00:59:54Z,2026-08-04T02:59:54+0200,e971b95d-ef8c-4c78-99a5-54bbb479ab9f,2026-07-13T17:45:00Z,2026-07-13T19:45:00+0200,194.93,EUR/MWh,DE,DE_LU,day_ahead_price,value,2026-08-04T01:03:53Z
2026-08-04T00:59:54Z,2026-08-04T02:59:54+0200,e971b95d-ef8c-4c78-99a5-54bbb479ab9f,2026-07-13T18:00:00Z,2026-07-13T20:00:00+0200,184.53,EUR/MWh,DE,DE_LU,day_ahead_price,value,2026-08-04T01:03:53Z
2026-08-04T00:59:54Z,2026-08-04T02:59:54+0200,e971b95d-ef8c-4c78-99a5-54bbb479ab9f,2026-07-13T18:15:00Z,2026-07-13T20:15:00+0200,184.98,EUR/MWh,DE,DE_LU,day_ahead_price,value,2026-08-04T01:03:53Z
2026-08-04T00:59:54Z,2026-08-04T02:59:54+0200,e971b95d-ef8c-4c78-99a5-54bbb479ab9f,2026-07-13T18:30:00Z,2026-07-13T20:30:00+0200,182.22,EUR/MWh,DE,DE_LU,day_ahead_price,value,2026-08-04T01:03:53Z
2026-08-04T00:59:54Z,2026-08-04T02:59:54+0200,e971b95d-ef8c-4c78-99a5-54bbb479ab9f,2026-07-13T18:45:00Z,2026-07-13T20:45:00+0200,180.26,EUR/MWh,DE,DE_LU,day_ahead_price,value,2026-08-04T01:03:53Z
2026-08-04T00:59:54Z,2026-08-04T02:59:54+0200,e971b95d-ef8c-4c78-99a5-54bbb479ab9f,2026-07-13T19:00:00Z,2026-07-13T21:00:00+0200,181.44,EUR/MWh,DE,DE_LU,day_ahead_price,value,2026-08-04T01:03:53Z
2026-08-04T00:59:54Z,2026-08-04T02:59:54+0200,e971b95d-ef8c-4c78-99a5-54bbb479ab9f,2026-07-13T19:15:00Z,2026-07-13T21:15:00+0200,177.45,EUR/MWh,DE,DE_LU,day_ahead_price,value,2026-08-04T01:03:53Z
2026-08-04T00:59:54Z,2026-08-04T02:59:54+0200,e971b95d-ef8c-4c78-99a5-54bbb479ab9f,2026-07-13T19:30:00Z,2026-07-13T21:30:00+0200,163.0,EUR/MWh,DE,DE_LU,day_ahead_price,value,2026-08-04T01:03:53Z
2026-08-04T00:59:54Z,2026-08-04T02:59:54+0200,e971b95d-ef8c-4c78-99a5-54bbb479ab9f,2026-07-13T19:45:00Z,2026-07-13T21:45:00+0200,153.31,EUR/MWh,DE,DE_LU,day_ahead_price,value,2026-08-04T01:03:53Z
2026-08-04T00:59:54Z,2026-08-04T02:59:54+0200,e971b95d-ef8c-4c78-99a5-54bbb479ab9f,2026-07-13T20:00:00Z,2026-07-13T22:00:00+0200,172.84,EUR/MWh,DE,DE_LU,day_ahead_price,value,2026-08-04T01:03:53Z
2026-08-04T00:59:54Z,2026-08-04T02:59:54+0200,e971b95d-ef8c-4c78-99a5-54bbb479ab9f,2026-07-13T20:15:00Z,2026-07-13T22:15:00+0200,155.98,EUR/MWh,DE,DE_LU,day_ahead_price,value,2026-08-04T01:03:53Z
2026-08-04T00:59:54Z,2026-08-04T02:59:54+0200,e971b95d-ef8c-4c78-99a5-54bbb479ab9f,2026-07-13T20:30:00Z,2026-07-13T22:30:00+0200,157.0,EUR/MWh,DE,DE_LU,day_ahead_price,value,2026-08-04T01:03:53Z
2026-08-04T00:59:54Z,2026-08-04T02:59:54+0200,e971b95d-ef8c-4c78-99a5-54bbb479ab9f,2026-07-13T20:45:00Z,2026-07-13T22:45:00+0200,150.47,EUR/MWh,DE,DE_LU,day_ahead_price,value,2026-08-04T01:03:53Z
2026-08-04T00:59:54Z,2026-08-04T02:59:54+0200,e971b95d-ef8c-4c78-99a5-54bbb479ab9f,2026-07-13T21:00:00Z,2026-07-13T23:00:00+0200,149.9,EUR/MWh,DE,DE_LU,day_ahead_price,value,2026-08-04T01:03:53Z
2026-08-04T00:59:54Z,2026-08-04T02:59:54+0200,e971b95d-ef8c-4c78-99a5-54bbb479ab9f,2026-07-13T21:15:00Z,2026-07-13T23:15:00+0200,144.58,EUR/MWh,DE,DE_LU,day_ahead_price,value,2026-08-04T01:03:53Z
2026-08-04T00:59:54Z,2026-08-04T02:59:54+0200,e971b95d-ef8c-4c78-99a5-54bbb479ab9f,2026-07-13T21:30:00Z,2026-07-13T23:30:00+0200,142.81,EUR/MWh,DE,DE_LU,day_ahead_price,value,2026-08-04T01:03:53Z
2026-08-04T00:59:54Z,2026-08-04T02:59:54+0200,e971b95d-ef8c-4c78-99a5-54bbb479ab9f,2026-07-13T21:45:00Z,2026-07-13T23:45:00+0200,138.99,EUR/MWh,DE,DE_LU,day_ahead_price,value,2026-08-04T01:03:53Z
2026-08-04T00:59:54Z,2026-08-04T02:59:54+0200,e971b95d-ef8c-4c78-99a5-54bbb479ab9f,2026-07-13T22:00:00Z,2026-07-14T00:00:00+0200,148.37,EUR/MWh,DE,DE_LU,day_ahead_price,value,2026-08-04T01:03:53Z
2026-08-04T00:59:54Z,2026-08-04T02:59:54+0200,e971b95d-ef8c-4c78-99a5-54bbb479ab9f,2026-07-13T22:15:00Z,2026-07-14T00:15:00+0200,141.21,EUR/MWh,DE,DE_LU,day_ahead_price,value,2026-08-04T01:03:53Z
2026-08-04T00:59:54Z,2026-08-04T02:59:54+0200,e971b95d-ef8c-4c78-99a5-54bbb479ab9f,2026-07-13T22:30:00Z,2026-07-14T00:30:00+0200,137.07,EUR/MWh,DE,DE_LU,day_ahead_price,value,2026-08-04T01:03:53Z
2026-08-04T00:59:54Z,2026-08-04T02:59:54+0200,e971b95d-ef8c-4c78-99a5-54bbb479ab9f,2026-07-13T22:45:00Z,2026-07-14T00:45:00+0200,131.91,EUR/MWh,DE,DE_LU,day_ahead_price,value,2026-08-04T01:03:53Z
2026-08-04T00:59:54Z,2026-08-04T02:59:54+0200,e971b95d-ef8c-4c78-99a5-54bbb479ab9f,2026-07-13T23:00:00Z,2026-07-14T01:00:00+0200,138.79,EUR/MWh,DE,DE_LU,day_ahead_price,value,2026-08-04T01:03:53Z
2026-08-04T00:59:54Z,2026-08-04T02:59:54+0200,e971b95d-ef8c-4c78-99a5-54bbb479ab9f,2026-07-13T23:15:00Z,2026-07-14T01:15:00+0200,134.5,EUR/MWh,DE,DE_LU,day_ahead_price,value,2026-08-04T01:03:53Z
2026-08-04T00:59:54Z,2026-08-04T02:59:54+0200,e971b95d-ef8c-4c78-99a5-54bbb479ab9f,2026-07-13T23:30:00Z,2026-07-14T01:30:00+0200,132.99,EUR/MWh,DE,DE_LU,day_ahead_price,value,2026-08-04T01:03:53Z
2026-08-04T00:59:54Z,2026-08-04T02:59:54+0200,e971b95d-ef8c-4c78-99a5-54bbb479ab9f,2026-07-13T23:45:00Z,2026-07-14T01:45:00+0200,129.27,EUR/MWh,DE,DE_LU,day_ahead_price,value,2026-08-04T01:03:53Z
2026-08-04T00:59:54Z,2026-08-04T02:59:54+0200,e971b95d-ef8c-4c78-99a5-54bbb479ab9f,2026-07-14T00:00:00Z,2026-07-14T02:00:00+0200,129.55,EUR/MWh,DE,DE_LU,day_ahead_price,value,2026-08-04T01:03:53Z
2026-08-04T00:59:54Z,2026-08-04T02:59:54+0200,e971b95d-ef8c-4c78-99a5-54bbb479ab9f,2026-07-14T00:15:00Z,2026-07-14T02:15:00+0200,126.71,EUR/MWh,DE,DE_LU,day_ahead_price,value,2026-08-04T01:03:53Z
2026-08-04T00:59:54Z,2026-08-04T02:59:54+0200,e971b95d-ef8c-4c78-99a5-54bbb479ab9f,2026-07-14T00:30:00Z,2026-07-14T02:30:00+0200,127.44,EUR/MWh,DE,DE_LU,day_ahead_price,value,2026-08-04T01:03:53Z
2026-08-04T00:59:54Z,2026-08-04T02:59:54+0200,e971b95d-ef8c-4c78-99a5-54bbb479ab9f,2026-07-14T00:45:00Z,2026-07-14T02:45:00+0200,125.7,EUR/MWh,DE,DE_LU,day_ahead_price,value,2026-08-04T01:03:53Z
2026-08-04T00:59:54Z,2026-08-04T02:59:54+0200,e971b95d-ef8c-4c78-99a5-54bbb479ab9f,2026-07-14T01:00:00Z,2026-07-14T03:00:00+0200,128.0,EUR/MWh,DE,DE_LU,day_ahead_price,value,2026-08-04T01:03:53Z
2026-08-04T00:59:54Z,2026-08-04T02:59:54+0200,e971b95d-ef8c-4c78-99a5-54bbb479ab9f,2026-07-14T01:15:00Z,2026-07-14T03:15:00+0200,127.28,EUR/MWh,DE,DE_LU,day_ahead_price,value,2026-08-04T01:03:53Z
2026-08-04T00:59:54Z,2026-08-04T02:59:54+0200,e971b95d-ef8c-4c78-99a5-54bbb479ab9f,2026-07-14T01:30:00Z,2026-07-14T03:30:00+0200,127.09,EUR/MWh,DE,DE_LU,day_ahead_price,value,2026-08-04T01:03:53Z
2026-08-04T00:59:54Z,2026-08-04T02:59:54+0200,e971b95d-ef8c-4c78-99a5-54bbb479ab9f,2026-07-14T01:45:00Z,2026-07-14T03:45:00+0200,126.5,EUR/MWh,DE,DE_LU,day_ahead_price,value,2026-08-04T01:03:53Z
2026-08-04T00:59:54Z,2026-08-04T02:59:54+0200,e971b95d-ef8c-4c78-99a5-54bbb479ab9f,2026-07-14T02:00:00Z,2026-07-14T04:00:00+0200,125.62,EUR/MWh,DE,DE_LU,day_ahead_price,value,2026-08-04T01:03:53Z
2026-08-04T00:59:54Z,2026-08-04T02:59:54+0200,e971b95d-ef8c-4c78-99a5-54bbb479ab9f,2026-07-14T02:15:00Z,2026-07-14T04:15:00+0200,125.87,EUR/MWh,DE,DE_LU,day_ahead_price,value,2026-08-04T01:03:53Z
2026-08-04T00:59:54Z,2026-08-04T02:59:54+0200,e971b95d-ef8c-4c78-99a5-54bbb479ab9f,2026-07-14T02:30:00Z,2026-07-14T04:30:00+0200,128.23,EUR/MWh,DE,DE_LU,day_ahead_price,value,2026-08-04T01:03:53Z
2026-08-04T00:59:54Z,2026-08-04T02:59:54+0200,e971b95d-ef8c-4c78-99a5-54bbb479ab9f,2026-07-14T02:45:00Z,2026-07-14T04:45:00+0200,130.88,EUR/MWh,DE,DE_LU,day_ahead_price,value,2026-08-04T01:03:53Z
2026-08-04T00:59:54Z,2026-08-04T02:59:54+0200,e971b95d-ef8c-4c78-99a5-54bbb479ab9f,2026-07-14T03:00:00Z,2026-07-14T05:00:00+0200,130.27,EUR/MWh,DE,DE_LU,day_ahead_price,value,2026-08-04T01:03:53Z
2026-08-04T00:59:54Z,2026-08-04T02:59:54+0200,e971b95d-ef8c-4c78-99a5-54bbb479ab9f,2026-07-14T03:15:00Z,2026-07-14T05:15:00+0200,133.28,EUR/MWh,DE,DE_LU,day_ahead_price,value,2026-08-04T01:03:53Z
2026-08-04T00:59:54Z,2026-08-04T02:59:54+0200,e971b95d-ef8c-4c78-99a5-54bbb479ab9f,2026-07-14T03:30:00Z,2026-07-14T05:30:00+0200,136.93,EUR/MWh,DE,DE_LU,day_ahead_price,value,2026-08-04T01:03:53Z
2026-08-04T00:59:54Z,2026-08-04T02:59:54+0200,e971b95d-ef8c-4c78-99a5-54bbb479ab9f,2026-07-14T03:45:00Z,2026-07-14T05:45:00+0200,139.6,EUR/MWh,DE,DE_LU,day_ahead_price,value,2026-08-04T01:03:53Z
2026-08-04T00:59:54Z,2026-08-04T02:59:54+0200,e971b95d-ef8c-4c78-99a5-54bbb479ab9f,2026-07-14T04:00:00Z,2026-07-14T06:00:00+0200,144.85,EUR/MWh,DE,DE_LU,day_ahead_price,value,2026-08-04T01:03:53Z
2026-08-04T00:59:54Z,2026-08-04T02:59:54+0200,e971b95d-ef8c-4c78-99a5-54bbb479ab9f,2026-07-14T04:15:00Z,2026-07-14T06:15:00+0200,142.87,EUR/MWh,DE,DE_LU,day_ahead_price,value,2026-08-04T01:03:53Z
2026-08-04T00:59:54Z,2026-08-04T02:59:54+0200,e971b95d-ef8c-4c78-99a5-54bbb479ab9f,2026-07-14T04:30:00Z,2026-07-14T06:30:00+0200,148.51,EUR/MWh,DE,DE_LU,day_ahead_price,value,2026-08-04T01:03:53Z
2026-08-04T00:59:54Z,2026-08-04T02:59:54+0200,e971b95d-ef8c-4c78-99a5-54bbb479ab9f,2026-07-14T04:45:00Z,2026-07-14T06:45:00+0200,146.99,EUR/MWh,DE,DE_LU,day_ahead_price,value,2026-08-04T01:03:53Z
2026-08-04T00:59:54Z,2026-08-04T02:59:54+0200,e971b95d-ef8c-4c78-99a5-54bbb479ab9f,2026-07-14T05:00:00Z,2026-07-14T07:00:00+0200,153.8,EUR/MWh,DE,DE_LU,day_ahead_price,value,2026-08-04T01:03:53Z
2026-08-04T00:59:54Z,2026-08-04T02:59:54+0200,e971b95d-ef8c-4c78-99a5-54bbb479ab9f,2026-07-14T05:15:00Z,2026-07-14T07:15:00+0200,152.35,EUR/MWh,DE,DE_LU,day_ahead_price,value,2026-08-04T01:03:53Z
2026-08-04T00:59:54Z,2026-08-04T02:59:54+0200,e971b95d-ef8c-4c78-99a5-54bbb479ab9f,2026-07-14T05:30:00Z,2026-07-14T07:30:00+0200,154.96,EUR/MWh,DE,DE_LU,day_ahead_price,value,2026-08-04T01:03:53Z
2026-08-04T00:59:54Z,2026-08-04T02:59:54+0200,e971b95d-ef8c-4c78-99a5-54bbb479ab9f,2026-07-14T05:45:00Z,2026-07-14T07:45:00+0200,147.95,EUR/MWh,DE,DE_LU,day_ahead_price,value,2026-08-04T01:03:53Z
2026-08-04T00:59:54Z,2026-08-04T02:59:54+0200,e971b95d-ef8c-4c78-99a5-54bbb479ab9f,2026-07-14T06:00:00Z,2026-07-14T08:00:00+0200,148.37,EUR/MWh,DE,DE_LU,day_ahead_price,value,2026-08-04T01:03:53Z
2026-08-04T00:59:54Z,2026-08-04T02:59:54+0200,e971b95d-ef8c-4c78-99a5-54bbb479ab9f,2026-07-14T06:15:00Z,2026-07-14T08:15:00+0200,140.6,EUR/MWh,DE,DE_LU,day_ahead_price,value,2026-08-04T01:03:53Z
2026-08-04T00:59:54Z,2026-08-04T02:59:54+0200,e971b95d-ef8c-4c78-99a5-54bbb479ab9f,2026-07-14T06:30:00Z,2026-07-14T08:30:00+0200,132.15,EUR/MWh,DE,DE_LU,day_ahead_price,value,2026-08-04T01:03:53Z
2026-08-04T00:59:54Z,2026-08-04T02:59:54+0200,e971b95d-ef8c-4c78-99a5-54bbb479ab9f,2026-07-14T06:45:00Z,2026-07-14T08:45:00+0200,121.56,EUR/MWh,DE,DE_LU,day_ahead_price,value,2026-08-04T01:03:53Z
2026-08-04T00:59:54Z,2026-08-04T02:59:54+0200,e971b95d-ef8c-4c78-99a5-54bbb479ab9f,2026-07-14T07:00:00Z,2026-07-14T09:00:00+0200,135.28,EUR/MWh,DE,DE_LU,day_ahead_price,value,2026-08-04T01:03:53Z
2026-08-04T00:59:54Z,2026-08-04T02:59:54+0200,e971b95d-ef8c-4c78-99a5-54bbb479ab9f,2026-07-14T07:15:00Z,2026-07-14T09:15:00+0200,125.01,EUR/MWh,DE,DE_LU,day_ahead_price,value,2026-08-04T01:03:53Z
2026-08-04T00:59:54Z,2026-08-04T02:59:54+0200,e971b95d-ef8c-4c78-99a5-54bbb479ab9f,2026-07-14T07:30:00Z,2026-07-14T09:30:00+0200,116.41,EUR/MWh,DE,DE_LU,day_ahead_price,value,2026-08-04T01:03:53Z
2026-08-04T00:59:54Z,2026-08-04T02:59:54+0200,e971b95d-ef8c-4c78-99a5-54bbb479ab9f,2026-07-14T07:45:00Z,2026-07-14T09:45:00+0200,110.87,EUR/MWh,DE,DE_LU,day_ahead_price,value,2026-08-04T01:03:53Z
2026-08-04T00:59:54Z,2026-08-04T02:59:54+0200,e971b95d-ef8c-4c78-99a5-54bbb479ab9f,2026-07-14T08:00:00Z,2026-07-14T10:00:00+0200,123.34,EUR/MWh,DE,DE_LU,day_ahead_price,value,2026-08-04T01:03:53Z
2026-08-04T00:59:54Z,2026-08-04T02:59:54+0200,e971b95d-ef8c-4c78-99a5-54bbb479ab9f,2026-07-14T08:15:00Z,2026-07-14T10:15:00+0200,107.29,EUR/MWh,DE,DE_LU,day_ahead_price,value,2026-08-04T01:03:53Z
2026-08-04T00:59:54Z,2026-08-04T02:59:54+0200,e971b95d-ef8c-4c78-99a5-54bbb479ab9f,2026-07-14T08:30:00Z,2026-07-14T10:30:00+0200,103.67,EUR/MWh,DE,DE_LU,day_ahead_price,value,2026-08-04T01:03:53Z
2026-08-04T00:59:54Z,2026-08-04T02:59:54+0200,e971b95d-ef8c-4c78-99a5-54bbb479ab9f,2026-07-14T08:45:00Z,2026-07-14T10:45:00+0200,95.61,EUR/MWh,DE,DE_LU,day_ahead_price,value,2026-08-04T01:03:53Z
2026-08-04T00:59:54Z,2026-08-04T02:59:54+0200,e971b95d-ef8c-4c78-99a5-54bbb479ab9f,2026-07-14T09:00:00Z,2026-07-14T11:00:00+0200,101.59,EUR/MWh,DE,DE_LU,day_ahead_price,value,2026-08-04T01:03:53Z
2026-08-04T00:59:54Z,2026-08-04T02:59:54+0200,e971b95d-ef8c-4c78-99a5-54bbb479ab9f,2026-07-14T09:15:00Z,2026-07-14T11:15:00+0200,97.38,EUR/MWh,DE,DE_LU,day_ahead_price,value,2026-08-04T01:03:53Z
2026-08-04T00:59:54Z,2026-08-04T02:59:54+0200,e971b95d-ef8c-4c78-99a5-54bbb479ab9f,2026-07-14T09:30:00Z,2026-07-14T11:30:00+0200,94.0,EUR/MWh,DE,DE_LU,day_ahead_price,value,2026-08-04T01:03:53Z
2026-08-04T00:59:54Z,2026-08-04T02:59:54+0200,e971b95d-ef8c-4c78-99a5-54bbb479ab9f,2026-07-14T09:45:00Z,2026-07-14T11:45:00+0200,73.78,EUR/MWh,DE,DE_LU,day_ahead_price,value,2026-08-04T01:03:53Z
2026-08-04T00:59:54Z,2026-08-04T02:59:54+0200,e971b95d-ef8c-4c78-99a5-54bbb479ab9f,2026-07-14T10:00:00Z,2026-07-14T12:00:00+0200,82.29,EUR/MWh,DE,DE_LU,day_ahead_price,value,2026-08-04T01:03:53Z
2026-08-04T00:59:54Z,2026-08-04T02:59:54+0200,e971b95d-ef8c-4c78-99a5-54bbb479ab9f,2026-07-14T10:15:00Z,2026-07-14T12:15:00+0200,65.78,EUR/MWh,DE,DE_LU,day_ahead_price,value,2026-08-04T01:03:53Z
2026-08-04T00:59:54Z,2026-08-04T02:59:54+0200,e971b95d-ef8c-4c78-99a5-54bbb479ab9f,2026-07-14T10:30:00Z,2026-07-14T12:30:00+0200,58.1,EUR/MWh,DE,DE_LU,day_ahead_price,value,2026-08-04T01:03:53Z
2026-08-04T00:59:54Z,2026-08-04T02:59:54+0200,e971b95d-ef8c-4c78-99a5-54bbb479ab9f,2026-07-14T10:45:00Z,2026-07-14T12:45:00+0200,50.0,EUR/MWh,DE,DE_LU,day_ahead_price,value,2026-08-04T01:03:53Z
2026-08-04T00:59:54Z,2026-08-04T02:59:54+0200,e971b95d-ef8c-4c78-99a5-54bbb479ab9f,2026-07-14T11:00:00Z,2026-07-14T13:00:00+0200,55.72,EUR/MWh,DE,DE_LU,day_ahead_price,value,2026-08-04T01:03:53Z
2026-08-04T00:59:54Z,2026-08-04T02:59:54+0200,e971b95d-ef8c-4c78-99a5-54bbb479ab9f,2026-07-14T11:15:00Z,2026-07-14T13:15:00+0200,54.04,EUR/MWh,DE,DE_LU,day_ahead_price,value,2026-08-04T01:03:53Z
2026-08-04T00:59:54Z,2026-08-04T02:59:54+0200,e971b95d-ef8c-4c78-99a5-54bbb479ab9f,2026-07-14T11:30:00Z,2026-07-14T13:30:00+0200,52.53,EUR/MWh,DE,DE_LU,day_ahead_price,value,2026-08-04T01:03:53Z
2026-08-04T00:59:54Z,2026-08-04T02:59:54+0200,e971b95d-ef8c-4c78-99a5-54bbb479ab9f,2026-07-14T11:45:00Z,2026-07-14T13:45:00+0200,45.01,EUR/MWh,DE,DE_LU,day_ahead_price,value,2026-08-04T01:03:53Z
2026-08-04T00:59:54Z,2026-08-04T02:59:54+0200,e971b95d-ef8c-4c78-99a5-54bbb479ab9f,2026-07-14T12:00:00Z,2026-07-14T14:00:00+0200,48.17,EUR/MWh,DE,DE_LU,day_ahead_price,value,2026-08-04T01:03:53Z
2026-08-04T00:59:54Z,2026-08-04T02:59:54+0200,e971b95d-ef8c-4c78-99a5-54bbb479ab9f,2026-07-14T12:15:00Z,2026-07-14T14:15:00+0200,55.0,EUR/MWh,DE,DE_LU,day_ahead_price,value,2026-08-04T01:03:53Z
2026-08-04T00:59:54Z,2026-08-04T02:59:54+0200,e971b95d-ef8c-4c78-99a5-54bbb479ab9f,2026-07-14T12:30:00Z,2026-07-14T14:30:00+0200,59.89,EUR/MWh,DE,DE_LU,day_ahead_price,value,2026-08-04T01:03:53Z
2026-08-04T00:59:54Z,2026-08-04T02:59:54+0200,e971b95d-ef8c-4c78-99a5-54bbb479ab9f,2026-07-14T12:45:00Z,2026-07-14T14:45:00+0200,67.86,EUR/MWh,DE,DE_LU,day_ahead_price,value,2026-08-04T01:03:53Z
2026-08-04T00:59:54Z,2026-08-04T02:59:54+0200,e971b95d-ef8c-4c78-99a5-54bbb479ab9f,2026-07-14T13:00:00Z,2026-07-14T15:00:00+0200,54.18,EUR/MWh,DE,DE_LU,day_ahead_price,value,2026-08-04T01:03:53Z
2026-08-04T00:59:54Z,2026-08-04T02:59:54+0200,e971b95d-ef8c-4c78-99a5-54bbb479ab9f,2026-07-14T13:15:00Z,2026-07-14T15:15:00+0200,64.87,EUR/MWh,DE,DE_LU,day_ahead_price,value,2026-08-04T01:03:53Z
2026-08-04T00:59:54Z,2026-08-04T02:59:54+0200,e971b95d-ef8c-4c78-99a5-54bbb479ab9f,2026-07-14T13:30:00Z,2026-07-14T15:30:00+0200,75.37,EUR/MWh,DE,DE_LU,day_ahead_price,value,2026-08-04T01:03:53Z
2026-08-04T00:59:54Z,2026-08-04T02:59:54+0200,e971b95d-ef8c-4c78-99a5-54bbb479ab9f,2026-07-14T13:45:00Z,2026-07-14T15:45:00+0200,85.58,EUR/MWh,DE,DE_LU,day_ahead_price,value,2026-08-04T01:03:53Z
2026-08-04T00:59:54Z,2026-08-04T02:59:54+0200,e971b95d-ef8c-4c78-99a5-54bbb479ab9f,2026-07-14T14:00:00Z,2026-07-14T16:00:00+0200,69.4,EUR/MWh,DE,DE_LU,day_ahead_price,value,2026-08-04T01:03:53Z
2026-08-04T00:59:54Z,2026-08-04T02:59:54+0200,e971b95d-ef8c-4c78-99a5-54bbb479ab9f,2026-07-14T14:15:00Z,2026-07-14T16:15:00+0200,91.8,EUR/MWh,DE,DE_LU,day_ahead_price,value,2026-08-04T01:03:53Z
2026-08-04T00:59:54Z,2026-08-04T02:59:54+0200,e971b95d-ef8c-4c78-99a5-54bbb479ab9f,2026-07-14T14:30:00Z,2026-07-14T16:30:00+0200,104.3,EUR/MWh,DE,DE_LU,day_ahead_price,value,2026-08-04T01:03:53Z
2026-08-04T00:59:54Z,2026-08-04T02:59:54+0200,e971b95d-ef8c-4c78-99a5-54bbb479ab9f,2026-07-14T14:45:00Z,2026-07-14T16:45:00+0200,107.53,EUR/MWh,DE,DE_LU,day_ahead_price,value,2026-08-04T01:03:53Z
2026-08-04T00:59:54Z,2026-08-04T02:59:54+0200,e971b95d-ef8c-4c78-99a5-54bbb479ab9f,2026-07-14T15:00:00Z,2026-07-14T17:00:00+0200,105.48,EUR/MWh,DE,DE_LU,day_ahead_price,value,2026-08-04T01:03:53Z
2026-08-04T00:59:54Z,2026-08-04T02:59:54+0200,e971b95d-ef8c-4c78-99a5-54bbb479ab9f,2026-07-14T15:15:00Z,2026-07-14T17:15:00+0200,109.99,EUR/MWh,DE,DE_LU,day_ahead_price,value,2026-08-04T01:03:53Z
2026-08-04T00:59:54Z,2026-08-04T02:59:54+0200,e971b95d-ef8c-4c78-99a5-54bbb479ab9f,2026-07-14T15:30:00Z,2026-07-14T17:30:00+0200,124.12,EUR/MWh,DE,DE_LU,day_ahead_price,value,2026-08-04T01:03:53Z
2026-08-04T00:59:54Z,2026-08-04T02:59:54+0200,e971b95d-ef8c-4c78-99a5-54bbb479ab9f,2026-07-14T15:45:00Z,2026-07-14T17:45:00+0200,130.17,EUR/MWh,DE,DE_LU,day_ahead_price,value,2026-08-04T01:03:53Z
2026-08-04T00:59:54Z,2026-08-04T02:59:54+0200,e971b95d-ef8c-4c78-99a5-54bbb479ab9f,2026-07-14T16:00:00Z,2026-07-14T18:00:00+0200,123.56,EUR/MWh,DE,DE_LU,day_ahead_price,value,2026-08-04T01:03:53Z
2026-08-04T00:59:54Z,2026-08-04T02:59:54+0200,e971b95d-ef8c-4c78-99a5-54bbb479ab9f,2026-07-14T16:15:00Z,2026-07-14T18:15:00+0200,131.59,EUR/MWh,DE,DE_LU,day_ahead_price,value,2026-08-04T01:03:53Z
2026-08-04T00:59:54Z,2026-08-04T02:59:54+0200,e971b95d-ef8c-4c78-99a5-54bbb479ab9f,2026-07-14T16:30:00Z,2026-07-14T18:30:00+0200,142.04,EUR/MWh,DE,DE_LU,day_ahead_price,value,2026-08-04T01:03:53Z
2026-08-04T00:59:54Z,2026-08-04T02:59:54+0200,e971b95d-ef8c-4c78-99a5-54bbb479ab9f,2026-07-14T16:45:00Z,2026-07-14T18:45:00+0200,156.0,EUR/MWh,DE,DE_LU,day_ahead_price,value,2026-08-04T01:03:53Z
2026-08-04T00:59:54Z,2026-08-04T02:59:54+0200,e971b95d-ef8c-4c78-99a5-54bbb479ab9f,2026-07-14T17:00:00Z,2026-07-14T19:00:00+0200,143.92,EUR/MWh,DE,DE_LU,day_ahead_price,value,2026-08-04T01:03:53Z
2026-08-04T00:59:54Z,2026-08-04T02:59:54+0200,e971b95d-ef8c-4c78-99a5-54bbb479ab9f,2026-07-14T17:15:00Z,2026-07-14T19:15:00+0200,152.08,EUR/MWh,DE,DE_LU,day_ahead_price,value,2026-08-04T01:03:53Z
2026-08-04T00:59:54Z,2026-08-04T02:59:54+0200,e971b95d-ef8c-4c78-99a5-54bbb479ab9f,2026-07-14T17:30:00Z,2026-07-14T19:30:00+0200,161.92,EUR/MWh,DE,DE_LU,day_ahead_price,value,2026-08-04T01:03:53Z
2026-08-04T00:59:54Z,2026-08-04T02:59:54+0200,e971b95d-ef8c-4c78-99a5-54bbb479ab9f,2026-07-14T17:45:00Z,2026-07-14T19:45:00+0200,178.1,EUR/MWh,DE,DE_LU,day_ahead_price,value,2026-08-04T01:03:53Z
2026-08-04T00:59:54Z,2026-08-04T02:59:54+0200,e971b95d-ef8c-4c78-99a5-54bbb479ab9f,2026-07-14T18:00:00Z,2026-07-14T20:00:00+0200,177.95,EUR/MWh,DE,DE_LU,day_ahead_price,value,2026-08-04T01:03:53Z
2026-08-04T00:59:54Z,2026-08-04T02:59:54+0200,e971b95d-ef8c-4c78-99a5-54bbb479ab9f,2026-07-14T18:15:00Z,2026-07-14T20:15:00+0200,181.72,EUR/MWh,DE,DE_LU,day_ahead_price,value,2026-08-04T01:03:53Z
2026-08-04T00:59:54Z,2026-08-04T02:59:54+0200,e971b95d-ef8c-4c78-99a5-54bbb479ab9f,2026-07-14T18:30:00Z,2026-07-14T20:30:00+0200,184.75,EUR/MWh,DE,DE_LU,day_ahead_price,value,2026-08-04T01:03:53Z
2026-08-04T00:59:54Z,2026-08-04T02:59:54+0200,e971b95d-ef8c-4c78-99a5-54bbb479ab9f,2026-07-14T18:45:00Z,2026-07-14T20:45:00+0200,185.5,EUR/MWh,DE,DE_LU,day_ahead_price,value,2026-08-04T01:03:53Z
2026-08-04T00:59:54Z,2026-08-04T02:59:54+0200,e971b95d-ef8c-4c78-99a5-54bbb479ab9f,2026-07-14T19:00:00Z,2026-07-14T21:00:00+0200,180.96,EUR/MWh,DE,DE_LU,day_ahead_price,value,2026-08-04T01:03:53Z
2026-08-04T00:59:54Z,2026-08-04T02:59:54+0200,e971b95d-ef8c-4c78-99a5-54bbb479ab9f,2026-07-14T19:15:00Z,2026-07-14T21:15:00+0200,174.32,EUR/MWh,DE,DE_LU,day_ahead_price,value,2026-08-04T01:03:53Z
2026-08-04T00:59:54Z,2026-08-04T02:59:54+0200,e971b95d-ef8c-4c78-99a5-54bbb479ab9f,2026-07-14T19:30:00Z,2026-07-14T21:30:00+0200,174.02,EUR/MWh,DE,DE_LU,day_ahead_price,value,2026-08-04T01:03:53Z
2026-08-04T00:59:54Z,2026-08-04T02:59:54+0200,e971b95d-ef8c-4c78-99a5-54bbb479ab9f,2026-07-14T19:45:00Z,2026-07-14T21:45:00+0200,171.96,EUR/MWh,DE,DE_LU,day_ahead_price,value,2026-08-04T01:03:53Z
2026-08-04T00:59:54Z,2026-08-04T02:59:54+0200,e971b95d-ef8c-4c78-99a5-54bbb479ab9f,2026-07-14T20:00:00Z,2026-07-14T22:00:00+0200,178.44,EUR/MWh,DE,DE_LU,day_ahead_price,value,2026-08-04T01:03:53Z
2026-08-04T00:59:54Z,2026-08-04T02:59:54+0200,e971b95d-ef8c-4c78-99a5-54bbb479ab9f,2026-07-14T20:15:00Z,2026-07-14T22:15:00+0200,170.58,EUR/MWh,DE,DE_LU,day_ahead_price,value,2026-08-04T01:03:53Z
2026-08-04T00:59:54Z,2026-08-04T02:59:54+0200,e971b95d-ef8c-4c78-99a5-54bbb479ab9f,2026-07-14T20:30:00Z,2026-07-14T22:30:00+0200,167.11,EUR/MWh,DE,DE_LU,day_ahead_price,value,2026-08-04T01:03:53Z
2026-08-04T00:59:54Z,2026-08-04T02:59:54+0200,e971b95d-ef8c-4c78-99a5-54bbb479ab9f,2026-07-14T20:45:00Z,2026-07-14T22:45:00+0200,158.93,EUR/MWh,DE,DE_LU,day_ahead_price,value,2026-08-04T01:03:53Z
2026-08-04T00:59:54Z,2026-08-04T02:59:54+0200,e971b95d-ef8c-4c78-99a5-54bbb479ab9f,2026-07-14T21:00:00Z,2026-07-14T23:00:00+0200,158.51,EUR/MWh,DE,DE_LU,day_ahead_price,value,2026-08-04T01:03:53Z
2026-08-04T00:59:54Z,2026-08-04T02:59:54+0200,e971b95d-ef8c-4c78-99a5-54bbb479ab9f,2026-07-14T21:15:00Z,2026-07-14T23:15:00+0200,153.0,EUR/MWh,DE,DE_LU,day_ahead_price,value,2026-08-04T01:03:53Z
2026-08-04T00:59:54Z,2026-08-04T02:59:54+0200,e971b95d-ef8c-4c78-99a5-54bbb479ab9f,2026-07-14T21:30:00Z,2026-07-14T23:30:00+0200,150.31,EUR/MWh,DE,DE_LU,day_ahead_price,value,2026-08-04T01:03:53Z
2026-08-04T00:59:54Z,2026-08-04T02:59:54+0200,e971b95d-ef8c-4c78-99a5-54bbb479ab9f,2026-07-14T21:45:00Z,2026-07-14T23:45:00+0200,144.26,EUR/MWh,DE,DE_LU,day_ahead_price,value,2026-08-04T01:03:53Z
2026-08-04T00:59:54Z,2026-08-04T02:59:54+0200,e971b95d-ef8c-4c78-99a5-54bbb479ab9f,2026-07-14T22:00:00Z,2026-07-15T00:00:00+0200,158.34,EUR/MWh,DE,DE_LU,day_ahead_price,value,2026-08-04T01:03:53Z
2026-08-04T00:59:54Z,2026-08-04T02:59:54+0200,e971b95d-ef8c-4c78-99a5-54bbb479ab9f,2026-07-14T22:15:00Z,2026-07-15T00:15:00+0200,154.5,EUR/MWh,DE,DE_LU,day_ahead_price,value,2026-08-04T01:03:53Z
2026-08-04T00:59:54Z,2026-08-04T02:59:54+0200,e971b95d-ef8c-4c78-99a5-54bbb479ab9f,2026-07-14T22:30:00Z,2026-07-15T00:30:00+0200,154.43,EUR/MWh,DE,DE_LU,day_ahead_price,value,2026-08-04T01:03:53Z
2026-08-04T00:59:54Z,2026-08-04T02:59:54+0200,e971b95d-ef8c-4c78-99a5-54bbb479ab9f,2026-07-14T22:45:00Z,2026-07-15T00:45:00+0200,146.8,EUR/MWh,DE,DE_LU,day_ahead_price,value,2026-08-04T01:03:53Z
2026-08-04T00:59:54Z,2026-08-04T02:59:54+0200,e971b95d-ef8c-4c78-99a5-54bbb479ab9f,2026-07-14T23:00:00Z,2026-07-15T01:00:00+0200,150.45,EUR/MWh,DE,DE_LU,day_ahead_price,value,2026-08-04T01:03:53Z
2026-08-04T00:59:54Z,2026-08-04T02:59:54+0200,e971b95d-ef8c-4c78-99a5-54bbb479ab9f,2026-07-14T23:15:00Z,2026-07-15T01:15:00+0200,145.0,EUR/MWh,DE,DE_LU,day_ahead_price,value,2026-08-04T01:03:53Z
2026-08-04T00:59:54Z,2026-08-04T02:59:54+0200,e971b95d-ef8c-4c78-99a5-54bbb479ab9f,2026-07-14T23:30:00Z,2026-07-15T01:30:00+0200,142.9,EUR/MWh,DE,DE_LU,day_ahead_price,value,2026-08-04T01:03:53Z
2026-08-04T00:59:54Z,2026-08-04T02:59:54+0200,e971b95d-ef8c-4c78-99a5-54bbb479ab9f,2026-07-14T23:45:00Z,2026-07-15T01:45:00+0200,139.44,EUR/MWh,DE,DE_LU,day_ahead_price,value,2026-08-04T01:03:53Z
2026-08-04T00:59:54Z,2026-08-04T02:59:54+0200,e971b95d-ef8c-4c78-99a5-54bbb479ab9f,2026-07-15T00:00:00Z,2026-07-15T02:00:00+0200,141.39,EUR/MWh,DE,DE_LU,day_ahead_price,value,2026-08-04T01:03:53Z
2026-08-04T00:59:54Z,2026-08-04T02:59:54+0200,e971b95d-ef8c-4c78-99a5-54bbb479ab9f,2026-07-15T00:15:00Z,2026-07-15T02:15:00+0200,138.28,EUR/MWh,DE,DE_LU,day_ahead_price,value,2026-08-04T01:03:53Z
2026-08-04T00:59:54Z,2026-08-04T02:59:54+0200,e971b95d-ef8c-4c78-99a5-54bbb479ab9f,2026-07-15T00:30:00Z,2026-07-15T02:30:00+0200,138.73,EUR/MWh,DE,DE_LU,day_ahead_price,value,2026-08-04T01:03:53Z
2026-08-04T00:59:54Z,2026-08-04T02:59:54+0200,e971b95d-ef8c-4c78-99a5-54bbb479ab9f,2026-07-15T00:45:00Z,2026-07-15T02:45:00+0200,137.75,EUR/MWh,DE,DE_LU,day_ahead_price,value,2026-08-04T01:03:53Z
2026-08-04T00:59:54Z,2026-08-04T02:59:54+0200,e971b95d-ef8c-4c78-99a5-54bbb479ab9f,2026-07-15T01:00:00Z,2026-07-15T03:00:00+0200,136.5,EUR/MWh,DE,DE_LU,day_ahead_price,value,2026-08-04T01:03:53Z
2026-08-04T00:59:54Z,2026-08-04T02:59:54+0200,e971b95d-ef8c-4c78-99a5-54bbb479ab9f,2026-07-15T01:15:00Z,2026-07-15T03:15:00+0200,137.63,EUR/MWh,DE,DE_LU,day_ahead_price,value,2026-08-04T01:03:53Z
2026-08-04T00:59:54Z,2026-08-04T02:59:54+0200,e971b95d-ef8c-4c78-99a5-54bbb479ab9f,2026-07-15T01:30:00Z,2026-07-15T03:30:00+0200,135.94,EUR/MWh,DE,DE_LU,day_ahead_price,value,2026-08-04T01:03:53Z
2026-08-04T00:59:54Z,2026-08-04T02:59:54+0200,e971b95d-ef8c-4c78-99a5-54bbb479ab9f,2026-07-15T01:45:00Z,2026-07-15T03:45:00+0200,136.4,EUR/MWh,DE,DE_LU,day_ahead_price,value,2026-08-04T01:03:53Z
2026-08-04T00:59:54Z,2026-08-04T02:59:54+0200,e971b95d-ef8c-4c78-99a5-54bbb479ab9f,2026-07-15T02:00:00Z,2026-07-15T04:00:00+0200,136.5,EUR/MWh,DE,DE_LU,day_ahead_price,value,2026-08-04T01:03:53Z
2026-08-04T00:59:54Z,2026-08-04T02:59:54+0200,e971b95d-ef8c-4c78-99a5-54bbb479ab9f,2026-07-15T02:15:00Z,2026-07-15T04:15:00+0200,138.93,EUR/MWh,DE,DE_LU,day_ahead_price,value,2026-08-04T01:03:53Z
2026-08-04T00:59:54Z,2026-08-04T02:59:54+0200,e971b95d-ef8c-4c78-99a5-54bbb479ab9f,2026-07-15T02:30:00Z,2026-07-15T04:30:00+0200,141.98,EUR/MWh,DE,DE_LU,day_ahead_price,value,2026-08-04T01:03:53Z
2026-08-04T00:59:54Z,2026-08-04T02:59:54+0200,e971b95d-ef8c-4c78-99a5-54bbb479ab9f,2026-07-15T02:45:00Z,2026-07-15T04:45:00+0200,146.05,EUR/MWh,DE,DE_LU,day_ahead_price,value,2026-08-04T01:03:53Z
2026-08-04T00:59:54Z,2026-08-04T02:59:54+0200,e971b95d-ef8c-4c78-99a5-54bbb479ab9f,2026-07-15T03:00:00Z,2026-07-15T05:00:00+0200,142.19,EUR/MWh,DE,DE_LU,day_ahead_price,value,2026-08-04T01:03:53Z
2026-08-04T00:59:54Z,2026-08-04T02:59:54+0200,e971b95d-ef8c-4c78-99a5-54bbb479ab9f,2026-07-15T03:15:00Z,2026-07-15T05:15:00+0200,148.59,EUR/MWh,DE,DE_LU,day_ahead_price,value,2026-08-04T01:03:53Z
2026-08-04T00:59:54Z,2026-08-04T02:59:54+0200,e971b95d-ef8c-4c78-99a5-54bbb479ab9f,2026-07-15T03:30:00Z,2026-07-15T05:30:00+0200,151.16,EUR/MWh,DE,DE_LU,day_ahead_price,value,2026-08-04T01:03:53Z
2026-08-04T00:59:54Z,2026-08-04T02:59:54+0200,e971b95d-ef8c-4c78-99a5-54bbb479ab9f,2026-07-15T03:45:00Z,2026-07-15T05:45:00+0200,159.19,EUR/MWh,DE,DE_LU,day_ahead_price,value,2026-08-04T01:03:53Z
2026-08-04T00:59:54Z,2026-08-04T02:59:54+0200,e971b95d-ef8c-4c78-99a5-54bbb479ab9f,2026-07-15T04:00:00Z,2026-07-15T06:00:00+0200,165.87,EUR/MWh,DE,DE_LU,day_ahead_price,value,2026-08-04T01:03:53Z
2026-08-04T00:59:54Z,2026-08-04T02:59:54+0200,e971b95d-ef8c-4c78-99a5-54bbb479ab9f,2026-07-15T04:15:00Z,2026-07-15T06:15:00+0200,171.16,EUR/MWh,DE,DE_LU,day_ahead_price,value,2026-08-04T01:03:53Z
2026-08-04T00:59:54Z,2026-08-04T02:59:54+0200,e971b95d-ef8c-4c78-99a5-54bbb479ab9f,2026-07-15T04:30:00Z,2026-07-15T06:30:00+0200,166.34,EUR/MWh,DE,DE_LU,day_ahead_price,value,2026-08-04T01:03:53Z
2026-08-04T00:59:54Z,2026-08-04T02:59:54+0200,e971b95d-ef8c-4c78-99a5-54bbb479ab9f,2026-07-15T04:45:00Z,2026-07-15T06:45:00+0200,163.4,EUR/MWh,DE,DE_LU,day_ahead_price,value,2026-08-04T01:03:53Z
2026-08-04T00:59:54Z,2026-08-04T02:59:54+0200,e971b95d-ef8c-4c78-99a5-54bbb479ab9f,2026-07-15T05:00:00Z,2026-07-15T07:00:00+0200,173.09,EUR/MWh,DE,DE_LU,day_ahead_price,value,2026-08-04T01:03:53Z
2026-08-04T00:59:54Z,2026-08-04T02:59:54+0200,e971b95d-ef8c-4c78-99a5-54bbb479ab9f,2026-07-15T05:15:00Z,2026-07-15T07:15:00+0200,167.0,EUR/MWh,DE,DE_LU,day_ahead_price,value,2026-08-04T01:03:53Z
2026-08-04T00:59:54Z,2026-08-04T02:59:54+0200,e971b95d-ef8c-4c78-99a5-54bbb479ab9f,2026-07-15T05:30:00Z,2026-07-15T07:30:00+0200,164.39,EUR/MWh,DE,DE_LU,day_ahead_price,value,2026-08-04T01:03:53Z
2026-08-04T00:59:54Z,2026-08-04T02:59:54+0200,e971b95d-ef8c-4c78-99a5-54bbb479ab9f,2026-07-15T05:45:00Z,2026-07-15T07:45:00+0200,159.04,EUR/MWh,DE,DE_LU,day_ahead_price,value,2026-08-04T01:03:53Z
2026-08-04T00:59:54Z,2026-08-04T02:59:54+0200,e971b95d-ef8c-4c78-99a5-54bbb479ab9f,2026-07-15T06:00:00Z,2026-07-15T08:00:00+0200,167.28,EUR/MWh,DE,DE_LU,day_ahead_price,value,2026-08-04T01:03:53Z
2026-08-04T00:59:54Z,2026-08-04T02:59:54+0200,e971b95d-ef8c-4c78-99a5-54bbb479ab9f,2026-07-15T06:15:00Z,2026-07-15T08:15:00+0200,163.43,EUR/MWh,DE,DE_LU,day_ahead_price,value,2026-08-04T01:03:53Z
2026-08-04T00:59:54Z,2026-08-04T02:59:54+0200,e971b95d-ef8c-4c78-99a5-54bbb479ab9f,2026-07-15T06:30:00Z,2026-07-15T08:30:00+0200,153.01,EUR/MWh,DE,DE_LU,day_ahead_price,value,2026-08-04T01:03:53Z
2026-08-04T00:59:54Z,2026-08-04T02:59:54+0200,e971b95d-ef8c-4c78-99a5-54bbb479ab9f,2026-07-15T06:45:00Z,2026-07-15T08:45:00+0200,140.01,EUR/MWh,DE,DE_LU,day_ahead_price,value,2026-08-04T01:03:53Z
2026-08-04T00:59:54Z,2026-08-04T02:59:54+0200,e971b95d-ef8c-4c78-99a5-54bbb479ab9f,2026-07-15T07:00:00Z,2026-07-15T09:00:00+0200,150.0,EUR/MWh,DE,DE_LU,day_ahead_price,value,2026-08-04T01:03:53Z
2026-08-04T00:59:54Z,2026-08-04T02:59:54+0200,e971b95d-ef8c-4c78-99a5-54bbb479ab9f,2026-07-15T07:15:00Z,2026-07-15T09:15:00+0200,139.62,EUR/MWh,DE,DE_LU,day_ahead_price,value,2026-08-04T01:03:53Z
2026-08-04T00:59:54Z,2026-08-04T02:59:54+0200,e971b95d-ef8c-4c78-99a5-54bbb479ab9f,2026-07-15T07:30:00Z,2026-07-15T09:30:00+0200,130.36,EUR/MWh,DE,DE_LU,day_ahead_price,value,2026-08-04T01:03:53Z
2026-08-04T00:59:54Z,2026-08-04T02:59:54+0200,e971b95d-ef8c-4c78-99a5-54bbb479ab9f,2026-07-15T07:45:00Z,2026-07-15T09:45:00+0200,120.43,EUR/MWh,DE,DE_LU,day_ahead_price,value,2026-08-04T01:03:53Z
2026-08-04T00:59:54Z,2026-08-04T02:59:54+0200,e971b95d-ef8c-4c78-99a5-54bbb479ab9f,2026-07-15T08:00:00Z,2026-07-15T10:00:00+0200,130.15,EUR/MWh,DE,DE_LU,day_ahead_price,value,2026-08-04T01:03:53Z
2026-08-04T00:59:54Z,2026-08-04T02:59:54+0200,e971b95d-ef8c-4c78-99a5-54bbb479ab9f,2026-07-15T08:15:00Z,2026-07-15T10:15:00+0200,115.44,EUR/MWh,DE,DE_LU,day_ahead_price,value,2026-08-04T01:03:53Z
2026-08-04T00:59:54Z,2026-08-04T02:59:54+0200,e971b95d-ef8c-4c78-99a5-54bbb479ab9f,2026-07-15T08:30:00Z,2026-07-15T10:30:00+0200,102.0,EUR/MWh,DE,DE_LU,day_ahead_price,value,2026-08-04T01:03:53Z
2026-08-04T00:59:54Z,2026-08-04T02:59:54+0200,e971b95d-ef8c-4c78-99a5-54bbb479ab9f,2026-07-15T08:45:00Z,2026-07-15T10:45:00+0200,98.08,EUR/MWh,DE,DE_LU,day_ahead_price,value,2026-08-04T01:03:53Z
2026-08-04T00:59:54Z,2026-08-04T02:59:54+0200,e971b95d-ef8c-4c78-99a5-54bbb479ab9f,2026-07-15T09:00:00Z,2026-07-15T11:00:00+0200,105.23,EUR/MWh,DE,DE_LU,day_ahead_price,value,2026-08-04T01:03:53Z
2026-08-04T00:59:54Z,2026-08-04T02:59:54+0200,e971b95d-ef8c-4c78-99a5-54bbb479ab9f,2026-07-15T09:15:00Z,2026-07-15T11:15:00+0200,101.0,EUR/MWh,DE,DE_LU,day_ahead_price,value,2026-08-04T01:03:53Z
2026-08-04T00:59:54Z,2026-08-04T02:59:54+0200,e971b95d-ef8c-4c78-99a5-54bbb479ab9f,2026-07-15T09:30:00Z,2026-07-15T11:30:00+0200,97.04,EUR/MWh,DE,DE_LU,day_ahead_price,value,2026-08-04T01:03:53Z
2026-08-04T00:59:54Z,2026-08-04T02:59:54+0200,e971b95d-ef8c-4c78-99a5-54bbb479ab9f,2026-07-15T09:45:00Z,2026-07-15T11:45:00+0200,81.74,EUR/MWh,DE,DE_LU,day_ahead_price,value,2026-08-04T01:03:53Z
2026-08-04T00:59:54Z,2026-08-04T02:59:54+0200,e971b95d-ef8c-4c78-99a5-54bbb479ab9f,2026-07-15T10:00:00Z,2026-07-15T12:00:00+0200,89.39,EUR/MWh,DE,DE_LU,day_ahead_price,value,2026-08-04T01:03:53Z
2026-08-04T00:59:54Z,2026-08-04T02:59:54+0200,e971b95d-ef8c-4c78-99a5-54bbb479ab9f,2026-07-15T10:15:00Z,2026-07-15T12:15:00+0200,75.14,EUR/MWh,DE,DE_LU,day_ahead_price,value,2026-08-04T01:03:53Z
2026-08-04T00:59:54Z,2026-08-04T02:59:54+0200,e971b95d-ef8c-4c78-99a5-54bbb479ab9f,2026-07-15T10:30:00Z,2026-07-15T12:30:00+0200,68.17,EUR/MWh,DE,DE_LU,day_ahead_price,value,2026-08-04T01:03:53Z
2026-08-04T00:59:54Z,2026-08-04T02:59:54+0200,e971b95d-ef8c-4c78-99a5-54bbb479ab9f,2026-07-15T10:45:00Z,2026-07-15T12:45:00+0200,64.68,EUR/MWh,DE,DE_LU,day_ahead_price,value,2026-08-04T01:03:53Z
2026-08-04T00:59:54Z,2026-08-04T02:59:54+0200,e971b95d-ef8c-4c78-99a5-54bbb479ab9f,2026-07-15T11:00:00Z,2026-07-15T13:00:00+0200,67.27,EUR/MWh,DE,DE_LU,day_ahead_price,value,2026-08-04T01:03:53Z
2026-08-04T00:59:54Z,2026-08-04T02:59:54+0200,e971b95d-ef8c-4c78-99a5-54bbb479ab9f,2026-07-15T11:15:00Z,2026-07-15T13:15:00+0200,67.24,EUR/MWh,DE,DE_LU,day_ahead_price,value,2026-08-04T01:03:53Z
2026-08-04T00:59:54Z,2026-08-04T02:59:54+0200,e971b95d-ef8c-4c78-99a5-54bbb479ab9f,2026-07-15T11:30:00Z,2026-07-15T13:30:00+0200,60.9,EUR/MWh,DE,DE_LU,day_ahead_price,value,2026-08-04T01:03:53Z
2026-08-04T00:59:54Z,2026-08-04T02:59:54+0200,e971b95d-ef8c-4c78-99a5-54bbb479ab9f,2026-07-15T11:45:00Z,2026-07-15T13:45:00+0200,58.98,EUR/MWh,DE,DE_LU,day_ahead_price,value,2026-08-04T01:03:53Z
2026-08-04T00:59:54Z,2026-08-04T02:59:54+0200,e971b95d-ef8c-4c78-99a5-54bbb479ab9f,2026-07-15T12:00:00Z,2026-07-15T14:00:00+0200,61.06,EUR/MWh,DE,DE_LU,day_ahead_price,value,2026-08-04T01:03:53Z
2026-08-04T00:59:54Z,2026-08-04T02:59:54+0200,e971b95d-ef8c-4c78-99a5-54bbb479ab9f,2026-07-15T12:15:00Z,2026-07-15T14:15:00+0200,60.24,EUR/MWh,DE,DE_LU,day_ahead_price,value,2026-08-04T01:03:53Z
2026-08-04T00:59:54Z,2026-08-04T02:59:54+0200,e971b95d-ef8c-4c78-99a5-54bbb479ab9f,2026-07-15T12:30:00Z,2026-07-15T14:30:00+0200,63.12,EUR/MWh,DE,DE_LU,day_ahead_price,value,2026-08-04T01:03:53Z
2026-08-04T00:59:54Z,2026-08-04T02:59:54+0200,e971b95d-ef8c-4c78-99a5-54bbb479ab9f,2026-07-15T12:45:00Z,2026-07-15T14:45:00+0200,67.25,EUR/MWh,DE,DE_LU,day_ahead_price,value,2026-08-04T01:03:53Z
2026-08-04T00:59:54Z,2026-08-04T02:59:54+0200,e971b95d-ef8c-4c78-99a5-54bbb479ab9f,2026-07-15T13:00:00Z,2026-07-15T15:00:00+0200,60.77,EUR/MWh,DE,DE_LU,day_ahead_price,value,2026-08-04T01:03:53Z
2026-08-04T00:59:54Z,2026-08-04T02:59:54+0200,e971b95d-ef8c-4c78-99a5-54bbb479ab9f,2026-07-15T13:15:00Z,2026-07-15T15:15:00+0200,66.93,EUR/MWh,DE,DE_LU,day_ahead_price,value,2026-08-04T01:03:53Z
2026-08-04T00:59:54Z,2026-08-04T02:59:54+0200,e971b95d-ef8c-4c78-99a5-54bbb479ab9f,2026-07-15T13:30:00Z,2026-07-15T15:30:00+0200,76.82,EUR/MWh,DE,DE_LU,day_ahead_price,value,2026-08-04T01:03:53Z
2026-08-04T00:59:54Z,2026-08-04T02:59:54+0200,e971b95d-ef8c-4c78-99a5-54bbb479ab9f,2026-07-15T13:45:00Z,2026-07-15T15:45:00+0200,87.78,EUR/MWh,DE,DE_LU,day_ahead_price,value,2026-08-04T01:03:53Z
2026-08-04T00:59:54Z,2026-08-04T02:59:54+0200,e971b95d-ef8c-4c78-99a5-54bbb479ab9f,2026-07-15T14:00:00Z,2026-07-15T16:00:00+0200,80.34,EUR/MWh,DE,DE_LU,day_ahead_price,value,2026-08-04T01:03:53Z
2026-08-04T00:59:54Z,2026-08-04T02:59:54+0200,e971b95d-ef8c-4c78-99a5-54bbb479ab9f,2026-07-15T14:15:00Z,2026-07-15T16:15:00+0200,89.58,EUR/MWh,DE,DE_LU,day_ahead_price,value,2026-08-04T01:03:53Z
2026-08-04T00:59:54Z,2026-08-04T02:59:54+0200,e971b95d-ef8c-4c78-99a5-54bbb479ab9f,2026-07-15T14:30:00Z,2026-07-15T16:30:00+0200,105.29,EUR/MWh,DE,DE_LU,day_ahead_price,value,2026-08-04T01:03:53Z
2026-08-04T00:59:54Z,2026-08-04T02:59:54+0200,e971b95d-ef8c-4c78-99a5-54bbb479ab9f,2026-07-15T14:45:00Z,2026-07-15T16:45:00+0200,113.38,EUR/MWh,DE,DE_LU,day_ahead_price,value,2026-08-04T01:03:53Z
2026-08-04T00:59:54Z,2026-08-04T02:59:54+0200,e971b95d-ef8c-4c78-99a5-54bbb479ab9f,2026-07-15T15:00:00Z,2026-07-15T17:00:00+0200,101.0,EUR/MWh,DE,DE_LU,day_ahead_price,value,2026-08-04T01:03:53Z
2026-08-04T00:59:54Z,2026-08-04T02:59:54+0200,e971b95d-ef8c-4c78-99a5-54bbb479ab9f,2026-07-15T15:15:00Z,2026-07-15T17:15:00+0200,108.54,EUR/MWh,DE,DE_LU,day_ahead_price,value,2026-08-04T01:03:53Z
2026-08-04T00:59:54Z,2026-08-04T02:59:54+0200,e971b95d-ef8c-4c78-99a5-54bbb479ab9f,2026-07-15T15:30:00Z,2026-07-15T17:30:00+0200,123.63,EUR/MWh,DE,DE_LU,day_ahead_price,value,2026-08-04T01:03:53Z
2026-08-04T00:59:54Z,2026-08-04T02:59:54+0200,e971b95d-ef8c-4c78-99a5-54bbb479ab9f,2026-07-15T15:45:00Z,2026-07-15T17:45:00+0200,139.56,EUR/MWh,DE,DE_LU,day_ahead_price,value,2026-08-04T01:03:53Z
2026-08-04T00:59:54Z,2026-08-04T02:59:54+0200,e971b95d-ef8c-4c78-99a5-54bbb479ab9f,2026-07-15T16:00:00Z,2026-07-15T18:00:00+0200,128.64,EUR/MWh,DE,DE_LU,day_ahead_price,value,2026-08-04T01:03:53Z
2026-08-04T00:59:54Z,2026-08-04T02:59:54+0200,e971b95d-ef8c-4c78-99a5-54bbb479ab9f,2026-07-15T16:15:00Z,2026-07-15T18:15:00+0200,142.01,EUR/MWh,DE,DE_LU,day_ahead_price,value,2026-08-04T01:03:53Z
2026-08-04T00:59:54Z,2026-08-04T02:59:54+0200,e971b95d-ef8c-4c78-99a5-54bbb479ab9f,2026-07-15T16:30:00Z,2026-07-15T18:30:00+0200,147.58,EUR/MWh,DE,DE_LU,day_ahead_price,value,2026-08-04T01:03:53Z
2026-08-04T00:59:54Z,2026-08-04T02:59:54+0200,e971b95d-ef8c-4c78-99a5-54bbb479ab9f,2026-07-15T16:45:00Z,2026-07-15T18:45:00+0200,164.02,EUR/MWh,DE,DE_LU,day_ahead_price,value,2026-08-04T01:03:53Z
2026-08-04T00:59:54Z,2026-08-04T02:59:54+0200,e971b95d-ef8c-4c78-99a5-54bbb479ab9f,2026-07-15T17:00:00Z,2026-07-15T19:00:00+0200,147.92,EUR/MWh,DE,DE_LU,day_ahead_price,value,2026-08-04T01:03:53Z
2026-08-04T00:59:54Z,2026-08-04T02:59:54+0200,e971b95d-ef8c-4c78-99a5-54bbb479ab9f,2026-07-15T17:15:00Z,2026-07-15T19:15:00+0200,163.77,EUR/MWh,DE,DE_LU,day_ahead_price,value,2026-08-04T01:03:53Z
2026-08-04T00:59:54Z,2026-08-04T02:59:54+0200,e971b95d-ef8c-4c78-99a5-54bbb479ab9f,2026-07-15T17:30:00Z,2026-07-15T19:30:00+0200,183.98,EUR/MWh,DE,DE_LU,day_ahead_price,value,2026-08-04T01:03:53Z
2026-08-04T00:59:54Z,2026-08-04T02:59:54+0200,e971b95d-ef8c-4c78-99a5-54bbb479ab9f,2026-07-15T17:45:00Z,2026-07-15T19:45:00+0200,207.88,EUR/MWh,DE,DE_LU,day_ahead_price,value,2026-08-04T01:03:53Z
2026-08-04T00:59:54Z,2026-08-04T02:59:54+0200,e971b95d-ef8c-4c78-99a5-54bbb479ab9f,2026-07-15T18:00:00Z,2026-07-15T20:00:00+0200,197.96,EUR/MWh,DE,DE_LU,day_ahead_price,value,2026-08-04T01:03:53Z
2026-08-04T00:59:54Z,2026-08-04T02:59:54+0200,e971b95d-ef8c-4c78-99a5-54bbb479ab9f,2026-07-15T18:15:00Z,2026-07-15T20:15:00+0200,199.64,EUR/MWh,DE,DE_LU,day_ahead_price,value,2026-08-04T01:03:53Z
2026-08-04T00:59:54Z,2026-08-04T02:59:54+0200,e971b95d-ef8c-4c78-99a5-54bbb479ab9f,2026-07-15T18:30:00Z,2026-07-15T20:30:00+0200,208.25,EUR/MWh,DE,DE_LU,day_ahead_price,value,2026-08-04T01:03:53Z
2026-08-04T00:59:54Z,2026-08-04T02:59:54+0200,e971b95d-ef8c-4c78-99a5-54bbb479ab9f,2026-07-15T18:45:00Z,2026-07-15T20:45:00+0200,218.05,EUR/MWh,DE,DE_LU,day_ahead_price,value,2026-08-04T01:03:53Z
2026-08-04T00:59:54Z,2026-08-04T02:59:54+0200,e971b95d-ef8c-4c78-99a5-54bbb479ab9f,2026-07-15T19:00:00Z,2026-07-15T21:00:00+0200,221.06,EUR/MWh,DE,DE_LU,day_ahead_price,value,2026-08-04T01:03:53Z
2026-08-04T00:59:54Z,2026-08-04T02:59:54+0200,e971b95d-ef8c-4c78-99a5-54bbb479ab9f,2026-07-15T19:15:00Z,2026-07-15T21:15:00+0200,196.12,EUR/MWh,DE,DE_LU,day_ahead_price,value,2026-08-04T01:03:53Z
2026-08-04T00:59:54Z,2026-08-04T02:59:54+0200,e971b95d-ef8c-4c78-99a5-54bbb479ab9f,2026-07-15T19:30:00Z,2026-07-15T21:30:00+0200,197.13,EUR/MWh,DE,DE_LU,day_ahead_price,value,2026-08-04T01:03:53Z
2026-08-04T00:59:54Z,2026-08-04T02:59:54+0200,e971b95d-ef8c-4c78-99a5-54bbb479ab9f,2026-07-15T19:45:00Z,2026-07-15T21:45:00+0200,192.29,EUR/MWh,DE,DE_LU,day_ahead_price,value,2026-08-04T01:03:53Z
2026-08-04T00:59:54Z,2026-08-04T02:59:54+0200,e971b95d-ef8c-4c78-99a5-54bbb479ab9f,2026-07-15T20:00:00Z,2026-07-15T22:00:00+0200,199.99,EUR/MWh,DE,DE_LU,day_ahead_price,value,2026-08-04T01:03:53Z
2026-08-04T00:59:54Z,2026-08-04T02:59:54+0200,e971b95d-ef8c-4c78-99a5-54bbb479ab9f,2026-07-15T20:15:00Z,2026-07-15T22:15:00+0200,190.0,EUR/MWh,DE,DE_LU,day_ahead_price,value,2026-08-04T01:03:53Z
2026-08-04T00:59:54Z,2026-08-04T02:59:54+0200,e971b95d-ef8c-4c78-99a5-54bbb479ab9f,2026-07-15T20:30:00Z,2026-07-15T22:30:00+0200,187.9,EUR/MWh,DE,DE_LU,day_ahead_price,value,2026-08-04T01:03:53Z
2026-08-04T00:59:54Z,2026-08-04T02:59:54+0200,e971b95d-ef8c-4c78-99a5-54bbb479ab9f,2026-07-15T20:45:00Z,2026-07-15T22:45:00+0200,175.63,EUR/MWh,DE,DE_LU,day_ahead_price,value,2026-08-04T01:03:53Z
2026-08-04T00:59:54Z,2026-08-04T02:59:54+0200,e971b95d-ef8c-4c78-99a5-54bbb479ab9f,2026-07-15T21:00:00Z,2026-07-15T23:00:00+0200,179.14,EUR/MWh,DE,DE_LU,day_ahead_price,value,2026-08-04T01:03:53Z
2026-08-04T00:59:54Z,2026-08-04T02:59:54+0200,e971b95d-ef8c-4c78-99a5-54bbb479ab9f,2026-07-15T21:15:00Z,2026-07-15T23:15:00+0200,171.94,EUR/MWh,DE,DE_LU,day_ahead_price,value,2026-08-04T01:03:53Z
2026-08-04T00:59:54Z,2026-08-04T02:59:54+0200,e971b95d-ef8c-4c78-99a5-54bbb479ab9f,2026-07-15T21:30:00Z,2026-07-15T23:30:00+0200,169.62,EUR/MWh,DE,DE_LU,day_ahead_price,value,2026-08-04T01:03:53Z
2026-08-04T00:59:54Z,2026-08-04T02:59:54+0200,e971b95d-ef8c-4c78-99a5-54bbb479ab9f,2026-07-15T21:45:00Z,2026-07-15T23:45:00+0200,164.96,EUR/MWh,DE,DE_LU,day_ahead_price,value,2026-08-04T01:03:53Z
2026-08-04T00:59:54Z,2026-08-04T02:59:54+0200,e971b95d-ef8c-4c78-99a5-54bbb479ab9f,2026-07-15T22:00:00Z,2026-07-16T00:00:00+0200,173.58,EUR/MWh,DE,DE_LU,day_ahead_price,value,2026-08-04T01:03:53Z
2026-08-04T00:59:54Z,2026-08-04T02:59:54+0200,e971b95d-ef8c-4c78-99a5-54bbb479ab9f,2026-07-15T22:15:00Z,2026-07-16T00:15:00+0200,169.04,EUR/MWh,DE,DE_LU,day_ahead_price,value,2026-08-04T01:03:53Z
2026-08-04T00:59:54Z,2026-08-04T02:59:54+0200,e971b95d-ef8c-4c78-99a5-54bbb479ab9f,2026-07-15T22:30:00Z,2026-07-16T00:30:00+0200,163.51,EUR/MWh,DE,DE_LU,day_ahead_price,value,2026-08-04T01:03:53Z
2026-08-04T00:59:54Z,2026-08-04T02:59:54+0200,e971b95d-ef8c-4c78-99a5-54bbb479ab9f,2026-07-15T22:45:00Z,2026-07-16T00:45:00+0200,158.0,EUR/MWh,DE,DE_LU,day_ahead_price,value,2026-08-04T01:03:53Z
2026-08-04T00:59:54Z,2026-08-04T02:59:54+0200,e971b95d-ef8c-4c78-99a5-54bbb479ab9f,2026-07-15T23:00:00Z,2026-07-16T01:00:00+0200,162.03,EUR/MWh,DE,DE_LU,day_ahead_price,value,2026-08-04T01:03:53Z
2026-08-04T00:59:54Z,2026-08-04T02:59:54+0200,e971b95d-ef8c-4c78-99a5-54bbb479ab9f,2026-07-15T23:15:00Z,2026-07-16T01:15:00+0200,158.0,EUR/MWh,DE,DE_LU,day_ahead_price,value,2026-08-04T01:03:53Z
2026-08-04T00:59:54Z,2026-08-04T02:59:54+0200,e971b95d-ef8c-4c78-99a5-54bbb479ab9f,2026-07-15T23:30:00Z,2026-07-16T01:30:00+0200,158.97,EUR/MWh,DE,DE_LU,day_ahead_price,value,2026-08-04T01:03:53Z
2026-08-04T00:59:54Z,2026-08-04T02:59:54+0200,e971b95d-ef8c-4c78-99a5-54bbb479ab9f,2026-07-15T23:45:00Z,2026-07-16T01:45:00+0200,157.8,EUR/MWh,DE,DE_LU,day_ahead_price,value,2026-08-04T01:03:53Z
2026-08-04T00:59:54Z,2026-08-04T02:59:54+0200,e971b95d-ef8c-4c78-99a5-54bbb479ab9f,2026-07-16T00:00:00Z,2026-07-16T02:00:00+0200,157.62,EUR/MWh,DE,DE_LU,day_ahead_price,value,2026-08-04T01:03:53Z
2026-08-04T00:59:54Z,2026-08-04T02:59:54+0200,e971b95d-ef8c-4c78-99a5-54bbb479ab9f,2026-07-16T00:15:00Z,2026-07-16T02:15:00+0200,154.67,EUR/MWh,DE,DE_LU,day_ahead_price,value,2026-08-04T01:03:53Z
2026-08-04T00:59:54Z,2026-08-04T02:59:54+0200,e971b95d-ef8c-4c78-99a5-54bbb479ab9f,2026-07-16T00:30:00Z,2026-07-16T02:30:00+0200,150.92,EUR/MWh,DE,DE_LU,day_ahead_price,value,2026-08-04T01:03:53Z
2026-08-04T00:59:54Z,2026-08-04T02:59:54+0200,e971b95d-ef8c-4c78-99a5-54bbb479ab9f,2026-07-16T00:45:00Z,2026-07-16T02:45:00+0200,148.42,EUR/MWh,DE,DE_LU,day_ahead_price,value,2026-08-04T01:03:53Z
2026-08-04T00:59:54Z,2026-08-04T02:59:54+0200,e971b95d-ef8c-4c78-99a5-54bbb479ab9f,2026-07-16T01:00:00Z,2026-07-16T03:00:00+0200,152.09,EUR/MWh,DE,DE_LU,day_ahead_price,value,2026-08-04T01:03:53Z
2026-08-04T00:59:54Z,2026-08-04T02:59:54+0200,e971b95d-ef8c-4c78-99a5-54bbb479ab9f,2026-07-16T01:15:00Z,2026-07-16T03:15:00+0200,147.56,EUR/MWh,DE,DE_LU,day_ahead_price,value,2026-08-04T01:03:53Z
2026-08-04T00:59:54Z,2026-08-04T02:59:54+0200,e971b95d-ef8c-4c78-99a5-54bbb479ab9f,2026-07-16T01:30:00Z,2026-07-16T03:30:00+0200,148.08,EUR/MWh,DE,DE_LU,day_ahead_price,value,2026-08-04T01:03:53Z
2026-08-04T00:59:54Z,2026-08-04T02:59:54+0200,e971b95d-ef8c-4c78-99a5-54bbb479ab9f,2026-07-16T01:45:00Z,2026-07-16T03:45:00+0200,148.18,EUR/MWh,DE,DE_LU,day_ahead_price,value,2026-08-04T01:03:53Z
2026-08-04T00:59:54Z,2026-08-04T02:59:54+0200,e971b95d-ef8c-4c78-99a5-54bbb479ab9f,2026-07-16T02:00:00Z,2026-07-16T04:00:00+0200,148.9,EUR/MWh,DE,DE_LU,day_ahead_price,value,2026-08-04T01:03:53Z
2026-08-04T00:59:54Z,2026-08-04T02:59:54+0200,e971b95d-ef8c-4c78-99a5-54bbb479ab9f,2026-07-16T02:15:00Z,2026-07-16T04:15:00+0200,150.4,EUR/MWh,DE,DE_LU,day_ahead_price,value,2026-08-04T01:03:53Z
2026-08-04T00:59:54Z,2026-08-04T02:59:54+0200,e971b95d-ef8c-4c78-99a5-54bbb479ab9f,2026-07-16T02:30:00Z,2026-07-16T04:30:00+0200,154.25,EUR/MWh,DE,DE_LU,day_ahead_price,value,2026-08-04T01:03:53Z
2026-08-04T00:59:54Z,2026-08-04T02:59:54+0200,e971b95d-ef8c-4c78-99a5-54bbb479ab9f,2026-07-16T02:45:00Z,2026-07-16T04:45:00+0200,155.2,EUR/MWh,DE,DE_LU,day_ahead_price,value,2026-08-04T01:03:53Z
2026-08-04T00:59:54Z,2026-08-04T02:59:54+0200,e971b95d-ef8c-4c78-99a5-54bbb479ab9f,2026-07-16T03:00:00Z,2026-07-16T05:00:00+0200,156.76,EUR/MWh,DE,DE_LU,day_ahead_price,value,2026-08-04T01:03:53Z
2026-08-04T00:59:54Z,2026-08-04T02:59:54+0200,e971b95d-ef8c-4c78-99a5-54bbb479ab9f,2026-07-16T03:15:00Z,2026-07-16T05:15:00+0200,159.44,EUR/MWh,DE,DE_LU,day_ahead_price,value,2026-08-04T01:03:53Z
2026-08-04T00:59:54Z,2026-08-04T02:59:54+0200,e971b95d-ef8c-4c78-99a5-54bbb479ab9f,2026-07-16T03:30:00Z,2026-07-16T05:30:00+0200,160.3,EUR/MWh,DE,DE_LU,day_ahead_price,value,2026-08-04T01:03:53Z
2026-08-04T00:59:54Z,2026-08-04T02:59:54+0200,e971b95d-ef8c-4c78-99a5-54bbb479ab9f,2026-07-16T03:45:00Z,2026-07-16T05:45:00+0200,163.28,EUR/MWh,DE,DE_LU,day_ahead_price,value,2026-08-04T01:03:53Z
2026-08-04T00:59:54Z,2026-08-04T02:59:54+0200,e971b95d-ef8c-4c78-99a5-54bbb479ab9f,2026-07-16T04:00:00Z,2026-07-16T06:00:00+0200,175.0,EUR/MWh,DE,DE_LU,day_ahead_price,value,2026-08-04T01:03:53Z
2026-08-04T00:59:54Z,2026-08-04T02:59:54+0200,e971b95d-ef8c-4c78-99a5-54bbb479ab9f,2026-07-16T04:15:00Z,2026-07-16T06:15:00+0200,175.68,EUR/MWh,DE,DE_LU,day_ahead_price,value,2026-08-04T01:03:53Z
2026-08-04T00:59:54Z,2026-08-04T02:59:54+0200,e971b95d-ef8c-4c78-99a5-54bbb479ab9f,2026-07-16T04:30:00Z,2026-07-16T06:30:00+0200,176.35,EUR/MWh,DE,DE_LU,day_ahead_price,value,2026-08-04T01:03:53Z
2026-08-04T00:59:54Z,2026-08-04T02:59:54+0200,e971b95d-ef8c-4c78-99a5-54bbb479ab9f,2026-07-16T04:45:00Z,2026-07-16T06:45:00+0200,174.77,EUR/MWh,DE,DE_LU,day_ahead_price,value,2026-08-04T01:03:53Z
2026-08-04T00:59:54Z,2026-08-04T02:59:54+0200,e971b95d-ef8c-4c78-99a5-54bbb479ab9f,2026-07-16T05:00:00Z,2026-07-16T07:00:00+0200,180.58,EUR/MWh,DE,DE_LU,day_ahead_price,value,2026-08-04T01:03:53Z
2026-08-04T00:59:54Z,2026-08-04T02:59:54+0200,e971b95d-ef8c-4c78-99a5-54bbb479ab9f,2026-07-16T05:15:00Z,2026-07-16T07:15:00+0200,177.84,EUR/MWh,DE,DE_LU,day_ahead_price,value,2026-08-04T01:03:53Z
2026-08-04T00:59:54Z,2026-08-04T02:59:54+0200,e971b95d-ef8c-4c78-99a5-54bbb479ab9f,2026-07-16T05:30:00Z,2026-07-16T07:30:00+0200,171.47,EUR/MWh,DE,DE_LU,day_ahead_price,value,2026-08-04T01:03:53Z
2026-08-04T00:59:54Z,2026-08-04T02:59:54+0200,e971b95d-ef8c-4c78-99a5-54bbb479ab9f,2026-07-16T05:45:00Z,2026-07-16T07:45:00+0200,161.15,EUR/MWh,DE,DE_LU,day_ahead_price,value,2026-08-04T01:03:53Z
2026-08-04T00:59:54Z,2026-08-04T02:59:54+0200,e971b95d-ef8c-4c78-99a5-54bbb479ab9f,2026-07-16T06:00:00Z,2026-07-16T08:00:00+0200,169.65,EUR/MWh,DE,DE_LU,day_ahead_price,value,2026-08-04T01:03:53Z
2026-08-04T00:59:54Z,2026-08-04T02:59:54+0200,e971b95d-ef8c-4c78-99a5-54bbb479ab9f,2026-07-16T06:15:00Z,2026-07-16T08:15:00+0200,166.12,EUR/MWh,DE,DE_LU,day_ahead_price,value,2026-08-04T01:03:53Z
2026-08-04T00:59:54Z,2026-08-04T02:59:54+0200,e971b95d-ef8c-4c78-99a5-54bbb479ab9f,2026-07-16T06:30:00Z,2026-07-16T08:30:00+0200,159.55,EUR/MWh,DE,DE_LU,day_ahead_price,value,2026-08-04T01:03:53Z
2026-08-04T00:59:54Z,2026-08-04T02:59:54+0200,e971b95d-ef8c-4c78-99a5-54bbb479ab9f,2026-07-16T06:45:00Z,2026-07-16T08:45:00+0200,138.73,EUR/MWh,DE,DE_LU,day_ahead_price,value,2026-08-04T01:03:53Z
2026-08-04T00:59:54Z,2026-08-04T02:59:54+0200,e971b95d-ef8c-4c78-99a5-54bbb479ab9f,2026-07-16T07:00:00Z,2026-07-16T09:00:00+0200,152.98,EUR/MWh,DE,DE_LU,day_ahead_price,value,2026-08-04T01:03:53Z
2026-08-04T00:59:54Z,2026-08-04T02:59:54+0200,e971b95d-ef8c-4c78-99a5-54bbb479ab9f,2026-07-16T07:15:00Z,2026-07-16T09:15:00+0200,138.29,EUR/MWh,DE,DE_LU,day_ahead_price,value,2026-08-04T01:03:53Z
2026-08-04T00:59:54Z,2026-08-04T02:59:54+0200,e971b95d-ef8c-4c78-99a5-54bbb479ab9f,2026-07-16T07:30:00Z,2026-07-16T09:30:00+0200,133.08,EUR/MWh,DE,DE_LU,day_ahead_price,value,2026-08-04T01:03:53Z
2026-08-04T00:59:54Z,2026-08-04T02:59:54+0200,e971b95d-ef8c-4c78-99a5-54bbb479ab9f,2026-07-16T07:45:00Z,2026-07-16T09:45:00+0200,124.22,EUR/MWh,DE,DE_LU,day_ahead_price,value,2026-08-04T01:03:53Z
2026-08-04T00:59:54Z,2026-08-04T02:59:54+0200,e971b95d-ef8c-4c78-99a5-54bbb479ab9f,2026-07-16T08:00:00Z,2026-07-16T10:00:00+0200,140.04,EUR/MWh,DE,DE_LU,day_ahead_price,value,2026-08-04T01:03:53Z
2026-08-04T00:59:54Z,2026-08-04T02:59:54+0200,e971b95d-ef8c-4c78-99a5-54bbb479ab9f,2026-07-16T08:15:00Z,2026-07-16T10:15:00+0200,122.66,EUR/MWh,DE,DE_LU,day_ahead_price,value,2026-08-04T01:03:53Z
2026-08-04T00:59:54Z,2026-08-04T02:59:54+0200,e971b95d-ef8c-4c78-99a5-54bbb479ab9f,2026-07-16T08:30:00Z,2026-07-16T10:30:00+0200,110.32,EUR/MWh,DE,DE_LU,day_ahead_price,value,2026-08-04T01:03:53Z
2026-08-04T00:59:54Z,2026-08-04T02:59:54+0200,e971b95d-ef8c-4c78-99a5-54bbb479ab9f,2026-07-16T08:45:00Z,2026-07-16T10:45:00+0200,100.21,EUR/MWh,DE,DE_LU,day_ahead_price,value,2026-08-04T01:03:53Z
2026-08-04T00:59:54Z,2026-08-04T02:59:54+0200,e971b95d-ef8c-4c78-99a5-54bbb479ab9f,2026-07-16T09:00:00Z,2026-07-16T11:00:00+0200,113.34,EUR/MWh,DE,DE_LU,day_ahead_price,value,2026-08-04T01:03:53Z
2026-08-04T00:59:54Z,2026-08-04T02:59:54+0200,e971b95d-ef8c-4c78-99a5-54bbb479ab9f,2026-07-16T09:15:00Z,2026-07-16T11:15:00+0200,109.25,EUR/MWh,DE,DE_LU,day_ahead_price,value,2026-08-04T01:03:53Z
2026-08-04T00:59:54Z,2026-08-04T02:59:54+0200,e971b95d-ef8c-4c78-99a5-54bbb479ab9f,2026-07-16T09:30:00Z,2026-07-16T11:30:00+0200,105.98,EUR/MWh,DE,DE_LU,day_ahead_price,value,2026-08-04T01:03:53Z
2026-08-04T00:59:54Z,2026-08-04T02:59:54+0200,e971b95d-ef8c-4c78-99a5-54bbb479ab9f,2026-07-16T09:45:00Z,2026-07-16T11:45:00+0200,100.36,EUR/MWh,DE,DE_LU,day_ahead_price,value,2026-08-04T01:03:53Z
2026-08-04T00:59:54Z,2026-08-04T02:59:54+0200,e971b95d-ef8c-4c78-99a5-54bbb479ab9f,2026-07-16T10:00:00Z,2026-07-16T12:00:00+0200,100.35,EUR/MWh,DE,DE_LU,day_ahead_price,value,2026-08-04T01:03:53Z
2026-08-04T00:59:54Z,2026-08-04T02:59:54+0200,e971b95d-ef8c-4c78-99a5-54bbb479ab9f,2026-07-16T10:15:00Z,2026-07-16T12:15:00+0200,93.84,EUR/MWh,DE,DE_LU,day_ahead_price,value,2026-08-04T01:03:53Z
2026-08-04T00:59:54Z,2026-08-04T02:59:54+0200,e971b95d-ef8c-4c78-99a5-54bbb479ab9f,2026-07-16T10:30:00Z,2026-07-16T12:30:00+0200,93.02,EUR/MWh,DE,DE_LU,day_ahead_price,value,2026-08-04T01:03:53Z
2026-08-04T00:59:54Z,2026-08-04T02:59:54+0200,e971b95d-ef8c-4c78-99a5-54bbb479ab9f,2026-07-16T10:45:00Z,2026-07-16T12:45:00+0200,91.55,EUR/MWh,DE,DE_LU,day_ahead_price,value,2026-08-04T01:03:53Z
2026-08-04T00:59:54Z,2026-08-04T02:59:54+0200,e971b95d-ef8c-4c78-99a5-54bbb479ab9f,2026-07-16T11:00:00Z,2026-07-16T13:00:00+0200,92.38,EUR/MWh,DE,DE_LU,day_ahead_price,value,2026-08-04T01:03:53Z
2026-08-04T00:59:54Z,2026-08-04T02:59:54+0200,e971b95d-ef8c-4c78-99a5-54bbb479ab9f,2026-07-16T11:15:00Z,2026-07-16T13:15:00+0200,91.74,EUR/MWh,DE,DE_LU,day_ahead_price,value,2026-08-04T01:03:53Z
2026-08-04T00:59:54Z,2026-08-04T02:59:54+0200,e971b95d-ef8c-4c78-99a5-54bbb479ab9f,2026-07-16T11:30:00Z,2026-07-16T13:30:00+0200,83.79,EUR/MWh,DE,DE_LU,day_ahead_price,value,2026-08-04T01:03:53Z
2026-08-04T00:59:54Z,2026-08-04T02:59:54+0200,e971b95d-ef8c-4c78-99a5-54bbb479ab9f,2026-07-16T11:45:00Z,2026-07-16T13:45:00+0200,81.99,EUR/MWh,DE,DE_LU,day_ahead_price,value,2026-08-04T01:03:53Z
2026-08-04T00:59:54Z,2026-08-04T02:59:54+0200,e971b95d-ef8c-4c78-99a5-54bbb479ab9f,2026-07-16T12:00:00Z,2026-07-16T14:00:00+0200,91.77,EUR/MWh,DE,DE_LU,day_ahead_price,value,2026-08-04T01:03:53Z
2026-08-04T00:59:54Z,2026-08-04T02:59:54+0200,e971b95d-ef8c-4c78-99a5-54bbb479ab9f,2026-07-16T12:15:00Z,2026-07-16T14:15:00+0200,94.01,EUR/MWh,DE,DE_LU,day_ahead_price,value,2026-08-04T01:03:53Z
2026-08-04T00:59:54Z,2026-08-04T02:59:54+0200,e971b95d-ef8c-4c78-99a5-54bbb479ab9f,2026-07-16T12:30:00Z,2026-07-16T14:30:00+0200,97.05,EUR/MWh,DE,DE_LU,day_ahead_price,value,2026-08-04T01:03:53Z
2026-08-04T00:59:54Z,2026-08-04T02:59:54+0200,e971b95d-ef8c-4c78-99a5-54bbb479ab9f,2026-07-16T12:45:00Z,2026-07-16T14:45:00+0200,103.01,EUR/MWh,DE,DE_LU,day_ahead_price,value,2026-08-04T01:03:53Z
2026-08-04T00:59:54Z,2026-08-04T02:59:54+0200,e971b95d-ef8c-4c78-99a5-54bbb479ab9f,2026-07-16T13:00:00Z,2026-07-16T15:00:00+0200,105.43,EUR/MWh,DE,DE_LU,day_ahead_price,value,2026-08-04T01:03:53Z
2026-08-04T00:59:54Z,2026-08-04T02:59:54+0200,e971b95d-ef8c-4c78-99a5-54bbb479ab9f,2026-07-16T13:15:00Z,2026-07-16T15:15:00+0200,108.71,EUR/MWh,DE,DE_LU,day_ahead_price,value,2026-08-04T01:03:53Z
2026-08-04T00:59:54Z,2026-08-04T02:59:54+0200,e971b95d-ef8c-4c78-99a5-54bbb479ab9f,2026-07-16T13:30:00Z,2026-07-16T15:30:00+0200,109.36,EUR/MWh,DE,DE_LU,day_ahead_price,value,2026-08-04T01:03:53Z
2026-08-04T00:59:54Z,2026-08-04T02:59:54+0200,e971b95d-ef8c-4c78-99a5-54bbb479ab9f,2026-07-16T13:45:00Z,2026-07-16T15:45:00+0200,114.91,EUR/MWh,DE,DE_LU,day_ahead_price,value,2026-08-04T01:03:53Z
2026-08-04T00:59:54Z,2026-08-04T02:59:54+0200,e971b95d-ef8c-4c78-99a5-54bbb479ab9f,2026-07-16T14:00:00Z,2026-07-16T16:00:00+0200,105.78,EUR/MWh,DE,DE_LU,day_ahead_price,value,2026-08-04T01:03:53Z
2026-08-04T00:59:54Z,2026-08-04T02:59:54+0200,e971b95d-ef8c-4c78-99a5-54bbb479ab9f,2026-07-16T14:15:00Z,2026-07-16T16:15:00+0200,112.67,EUR/MWh,DE,DE_LU,day_ahead_price,value,2026-08-04T01:03:53Z
2026-08-04T00:59:54Z,2026-08-04T02:59:54+0200,e971b95d-ef8c-4c78-99a5-54bbb479ab9f,2026-07-16T14:30:00Z,2026-07-16T16:30:00+0200,127.74,EUR/MWh,DE,DE_LU,day_ahead_price,value,2026-08-04T01:03:53Z
2026-08-04T00:59:54Z,2026-08-04T02:59:54+0200,e971b95d-ef8c-4c78-99a5-54bbb479ab9f,2026-07-16T14:45:00Z,2026-07-16T16:45:00+0200,132.36,EUR/MWh,DE,DE_LU,day_ahead_price,value,2026-08-04T01:03:53Z
2026-08-04T00:59:54Z,2026-08-04T02:59:54+0200,e971b95d-ef8c-4c78-99a5-54bbb479ab9f,2026-07-16T15:00:00Z,2026-07-16T17:00:00+0200,124.5,EUR/MWh,DE,DE_LU,day_ahead_price,value,2026-08-04T01:03:53Z
2026-08-04T00:59:54Z,2026-08-04T02:59:54+0200,e971b95d-ef8c-4c78-99a5-54bbb479ab9f,2026-07-16T15:15:00Z,2026-07-16T17:15:00+0200,135.4,EUR/MWh,DE,DE_LU,day_ahead_price,value,2026-08-04T01:03:53Z
2026-08-04T00:59:54Z,2026-08-04T02:59:54+0200,e971b95d-ef8c-4c78-99a5-54bbb479ab9f,2026-07-16T15:30:00Z,2026-07-16T17:30:00+0200,143.19,EUR/MWh,DE,DE_LU,day_ahead_price,value,2026-08-04T01:03:53Z
2026-08-04T00:59:54Z,2026-08-04T02:59:54+0200,e971b95d-ef8c-4c78-99a5-54bbb479ab9f,2026-07-16T15:45:00Z,2026-07-16T17:45:00+0200,156.65,EUR/MWh,DE,DE_LU,day_ahead_price,value,2026-08-04T01:03:53Z
2026-08-04T00:59:54Z,2026-08-04T02:59:54+0200,e971b95d-ef8c-4c78-99a5-54bbb479ab9f,2026-07-16T16:00:00Z,2026-07-16T18:00:00+0200,146.38,EUR/MWh,DE,DE_LU,day_ahead_price,value,2026-08-04T01:03:53Z
2026-08-04T00:59:54Z,2026-08-04T02:59:54+0200,e971b95d-ef8c-4c78-99a5-54bbb479ab9f,2026-07-16T16:15:00Z,2026-07-16T18:15:00+0200,176.08,EUR/MWh,DE,DE_LU,day_ahead_price,value,2026-08-04T01:03:53Z
2026-08-04T00:59:54Z,2026-08-04T02:59:54+0200,e971b95d-ef8c-4c78-99a5-54bbb479ab9f,2026-07-16T16:30:00Z,2026-07-16T18:30:00+0200,181.59,EUR/MWh,DE,DE_LU,day_ahead_price,value,2026-08-04T01:03:53Z
2026-08-04T00:59:54Z,2026-08-04T02:59:54+0200,e971b95d-ef8c-4c78-99a5-54bbb479ab9f,2026-07-16T16:45:00Z,2026-07-16T18:45:00+0200,206.74,EUR/MWh,DE,DE_LU,day_ahead_price,value,2026-08-04T01:03:53Z
2026-08-04T00:59:54Z,2026-08-04T02:59:54+0200,e971b95d-ef8c-4c78-99a5-54bbb479ab9f,2026-07-16T17:00:00Z,2026-07-16T19:00:00+0200,184.35,EUR/MWh,DE,DE_LU,day_ahead_price,value,2026-08-04T01:03:53Z
2026-08-04T00:59:54Z,2026-08-04T02:59:54+0200,e971b95d-ef8c-4c78-99a5-54bbb479ab9f,2026-07-16T17:15:00Z,2026-07-16T19:15:00+0200,217.92,EUR/MWh,DE,DE_LU,day_ahead_price,value,2026-08-04T01:03:53Z
2026-08-04T00:59:54Z,2026-08-04T02:59:54+0200,e971b95d-ef8c-4c78-99a5-54bbb479ab9f,2026-07-16T17:30:00Z,2026-07-16T19:30:00+0200,257.87,EUR/MWh,DE,DE_LU,day_ahead_price,value,2026-08-04T01:03:53Z
2026-08-04T00:59:54Z,2026-08-04T02:59:54+0200,e971b95d-ef8c-4c78-99a5-54bbb479ab9f,2026-07-16T17:45:00Z,2026-07-16T19:45:00+0200,304.27,EUR/MWh,DE,DE_LU,day_ahead_price,value,2026-08-04T01:03:53Z
2026-08-04T00:59:54Z,2026-08-04T02:59:54+0200,e971b95d-ef8c-4c78-99a5-54bbb479ab9f,2026-07-16T18:00:00Z,2026-07-16T20:00:00+0200,284.85,EUR/MWh,DE,DE_LU,day_ahead_price,value,2026-08-04T01:03:53Z
2026-08-04T00:59:54Z,2026-08-04T02:59:54+0200,e971b95d-ef8c-4c78-99a5-54bbb479ab9f,2026-07-16T18:15:00Z,2026-07-16T20:15:00+0200,304.44,EUR/MWh,DE,DE_LU,day_ahead_price,value,2026-08-04T01:03:53Z
2026-08-04T00:59:54Z,2026-08-04T02:59:54+0200,e971b95d-ef8c-4c78-99a5-54bbb479ab9f,2026-07-16T18:30:00Z,2026-07-16T20:30:00+0200,329.15,EUR/MWh,DE,DE_LU,day_ahead_price,value,2026-08-04T01:03:53Z
2026-08-04T00:59:54Z,2026-08-04T02:59:54+0200,e971b95d-ef8c-4c78-99a5-54bbb479ab9f,2026-07-16T18:45:00Z,2026-07-16T20:45:00+0200,328.3,EUR/MWh,DE,DE_LU,day_ahead_price,value,2026-08-04T01:03:53Z
2026-08-04T00:59:54Z,2026-08-04T02:59:54+0200,e971b95d-ef8c-4c78-99a5-54bbb479ab9f,2026-07-16T19:00:00Z,2026-07-16T21:00:00+0200,339.65,EUR/MWh,DE,DE_LU,day_ahead_price,value,2026-08-04T01:03:53Z
2026-08-04T00:59:54Z,2026-08-04T02:59:54+0200,e971b95d-ef8c-4c78-99a5-54bbb479ab9f,2026-07-16T19:15:00Z,2026-07-16T21:15:00+0200,277.83,EUR/MWh,DE,DE_LU,day_ahead_price,value,2026-08-04T01:03:53Z
2026-08-04T00:59:54Z,2026-08-04T02:59:54+0200,e971b95d-ef8c-4c78-99a5-54bbb479ab9f,2026-07-16T19:30:00Z,2026-07-16T21:30:00+0200,229.17,EUR/MWh,DE,DE_LU,day_ahead_price,value,2026-08-04T01:03:53Z
2026-08-04T00:59:54Z,2026-08-04T02:59:54+0200,e971b95d-ef8c-4c78-99a5-54bbb479ab9f,2026-07-16T19:45:00Z,2026-07-16T21:45:00+0200,203.75,EUR/MWh,DE,DE_LU,day_ahead_price,value,2026-08-04T01:03:53Z
2026-08-04T00:59:54Z,2026-08-04T02:59:54+0200,e971b95d-ef8c-4c78-99a5-54bbb479ab9f,2026-07-16T20:00:00Z,2026-07-16T22:00:00+0200,228.77,EUR/MWh,DE,DE_LU,day_ahead_price,value,2026-08-04T01:03:53Z
2026-08-04T00:59:54Z,2026-08-04T02:59:54+0200,e971b95d-ef8c-4c78-99a5-54bbb479ab9f,2026-07-16T20:15:00Z,2026-07-16T22:15:00+0200,203.75,EUR/MWh,DE,DE_LU,day_ahead_price,value,2026-08-04T01:03:53Z
2026-08-04T00:59:54Z,2026-08-04T02:59:54+0200,e971b95d-ef8c-4c78-99a5-54bbb479ab9f,2026-07-16T20:30:00Z,2026-07-16T22:30:00+0200,205.0,EUR/MWh,DE,DE_LU,day_ahead_price,value,2026-08-04T01:03:53Z
2026-08-04T00:59:54Z,2026-08-04T02:59:54+0200,e971b95d-ef8c-4c78-99a5-54bbb479ab9f,2026-07-16T20:45:00Z,2026-07-16T22:45:00+0200,189.84,EUR/MWh,DE,DE_LU,day_ahead_price,value,2026-08-04T01:03:53Z
2026-08-04T00:59:54Z,2026-08-04T02:59:54+0200,e971b95d-ef8c-4c78-99a5-54bbb479ab9f,2026-07-16T21:00:00Z,2026-07-16T23:00:00+0200,196.03,EUR/MWh,DE,DE_LU,day_ahead_price,value,2026-08-04T01:03:53Z
2026-08-04T00:59:54Z,2026-08-04T02:59:54+0200,e971b95d-ef8c-4c78-99a5-54bbb479ab9f,2026-07-16T21:15:00Z,2026-07-16T23:15:00+0200,180.6,EUR/MWh,DE,DE_LU,day_ahead_price,value,2026-08-04T01:03:53Z
2026-08-04T00:59:54Z,2026-08-04T02:59:54+0200,e971b95d-ef8c-4c78-99a5-54bbb479ab9f,2026-07-16T21:30:00Z,2026-07-16T23:30:00+0200,175.1,EUR/MWh,DE,DE_LU,day_ahead_price,value,2026-08-04T01:03:53Z
2026-08-04T00:59:54Z,2026-08-04T02:59:54+0200,e971b95d-ef8c-4c78-99a5-54bbb479ab9f,2026-07-16T21:45:00Z,2026-07-16T23:45:00+0200,169.52,EUR/MWh,DE,DE_LU,day_ahead_price,value,2026-08-04T01:03:53Z
2026-08-04T00:59:54Z,2026-08-04T02:59:54+0200,e971b95d-ef8c-4c78-99a5-54bbb479ab9f,2026-07-16T22:00:00Z,2026-07-17T00:00:00+0200,175.0,EUR/MWh,DE,DE_LU,day_ahead_price,value,2026-08-04T01:03:53Z
2026-08-04T00:59:54Z,2026-08-04T02:59:54+0200,e971b95d-ef8c-4c78-99a5-54bbb479ab9f,2026-07-16T22:15:00Z,2026-07-17T00:15:00+0200,171.31,EUR/MWh,DE,DE_LU,day_ahead_price,value,2026-08-04T01:03:53Z
2026-08-04T00:59:54Z,2026-08-04T02:59:54+0200,e971b95d-ef8c-4c78-99a5-54bbb479ab9f,2026-07-16T22:30:00Z,2026-07-17T00:30:00+0200,169.45,EUR/MWh,DE,DE_LU,day_ahead_price,value,2026-08-04T01:03:53Z
2026-08-04T00:59:54Z,2026-08-04T02:59:54+0200,e971b95d-ef8c-4c78-99a5-54bbb479ab9f,2026-07-16T22:45:00Z,2026-07-17T00:45:00+0200,166.5,EUR/MWh,DE,DE_LU,day_ahead_price,value,2026-08-04T01:03:53Z
2026-08-04T00:59:54Z,2026-08-04T02:59:54+0200,e971b95d-ef8c-4c78-99a5-54bbb479ab9f,2026-07-16T23:00:00Z,2026-07-17T01:00:00+0200,167.0,EUR/MWh,DE,DE_LU,day_ahead_price,value,2026-08-04T01:03:53Z
2026-08-04T00:59:54Z,2026-08-04T02:59:54+0200,e971b95d-ef8c-4c78-99a5-54bbb479ab9f,2026-07-16T23:15:00Z,2026-07-17T01:15:00+0200,162.88,EUR/MWh,DE,DE_LU,day_ahead_price,value,2026-08-04T01:03:53Z
2026-08-04T00:59:54Z,2026-08-04T02:59:54+0200,e971b95d-ef8c-4c78-99a5-54bbb479ab9f,2026-07-16T23:30:00Z,2026-07-17T01:30:00+0200,160.64,EUR/MWh,DE,DE_LU,day_ahead_price,value,2026-08-04T01:03:53Z
2026-08-04T00:59:54Z,2026-08-04T02:59:54+0200,e971b95d-ef8c-4c78-99a5-54bbb479ab9f,2026-07-16T23:45:00Z,2026-07-17T01:45:00+0200,155.28,EUR/MWh,DE,DE_LU,day_ahead_price,value,2026-08-04T01:03:53Z
2026-08-04T00:59:54Z,2026-08-04T02:59:54+0200,e971b95d-ef8c-4c78-99a5-54bbb479ab9f,2026-07-17T00:00:00Z,2026-07-17T02:00:00+0200,156.97,EUR/MWh,DE,DE_LU,day_ahead_price,value,2026-08-04T01:03:53Z
2026-08-04T00:59:54Z,2026-08-04T02:59:54+0200,e971b95d-ef8c-4c78-99a5-54bbb479ab9f,2026-07-17T00:15:00Z,2026-07-17T02:15:00+0200,153.0,EUR/MWh,DE,DE_LU,day_ahead_price,value,2026-08-04T01:03:53Z
2026-08-04T00:59:54Z,2026-08-04T02:59:54+0200,e971b95d-ef8c-4c78-99a5-54bbb479ab9f,2026-07-17T00:30:00Z,2026-07-17T02:30:00+0200,151.91,EUR/MWh,DE,DE_LU,day_ahead_price,value,2026-08-04T01:03:53Z
2026-08-04T00:59:54Z,2026-08-04T02:59:54+0200,e971b95d-ef8c-4c78-99a5-54bbb479ab9f,2026-07-17T00:45:00Z,2026-07-17T02:45:00+0200,146.02,EUR/MWh,DE,DE_LU,day_ahead_price,value,2026-08-04T01:03:53Z
2026-08-04T00:59:54Z,2026-08-04T02:59:54+0200,e971b95d-ef8c-4c78-99a5-54bbb479ab9f,2026-07-17T01:00:00Z,2026-07-17T03:00:00+0200,148.0,EUR/MWh,DE,DE_LU,day_ahead_price,value,2026-08-04T01:03:53Z
2026-08-04T00:59:54Z,2026-08-04T02:59:54+0200,e971b95d-ef8c-4c78-99a5-54bbb479ab9f,2026-07-17T01:15:00Z,2026-07-17T03:15:00+0200,145.0,EUR/MWh,DE,DE_LU,day_ahead_price,value,2026-08-04T01:03:53Z
2026-08-04T00:59:54Z,2026-08-04T02:59:54+0200,e971b95d-ef8c-4c78-99a5-54bbb479ab9f,2026-07-17T01:30:00Z,2026-07-17T03:30:00+0200,142.0,EUR/MWh,DE,DE_LU,day_ahead_price,value,2026-08-04T01:03:53Z
2026-08-04T00:59:54Z,2026-08-04T02:59:54+0200,e971b95d-ef8c-4c78-99a5-54bbb479ab9f,2026-07-17T01:45:00Z,2026-07-17T03:45:00+0200,140.76,EUR/MWh,DE,DE_LU,day_ahead_price,value,2026-08-04T01:03:53Z
2026-08-04T00:59:54Z,2026-08-04T02:59:54+0200,e971b95d-ef8c-4c78-99a5-54bbb479ab9f,2026-07-17T02:00:00Z,2026-07-17T04:00:00+0200,141.04,EUR/MWh,DE,DE_LU,day_ahead_price,value,2026-08-04T01:03:53Z
2026-08-04T00:59:54Z,2026-08-04T02:59:54+0200,e971b95d-ef8c-4c78-99a5-54bbb479ab9f,2026-07-17T02:15:00Z,2026-07-17T04:15:00+0200,142.2,EUR/MWh,DE,DE_LU,day_ahead_price,value,2026-08-04T01:03:53Z
2026-08-04T00:59:54Z,2026-08-04T02:59:54+0200,e971b95d-ef8c-4c78-99a5-54bbb479ab9f,2026-07-17T02:30:00Z,2026-07-17T04:30:00+0200,142.35,EUR/MWh,DE,DE_LU,day_ahead_price,value,2026-08-04T01:03:53Z
2026-08-04T00:59:54Z,2026-08-04T02:59:54+0200,e971b95d-ef8c-4c78-99a5-54bbb479ab9f,2026-07-17T02:45:00Z,2026-07-17T04:45:00+0200,146.01,EUR/MWh,DE,DE_LU,day_ahead_price,value,2026-08-04T01:03:53Z
2026-08-04T00:59:54Z,2026-08-04T02:59:54+0200,e971b95d-ef8c-4c78-99a5-54bbb479ab9f,2026-07-17T03:00:00Z,2026-07-17T05:00:00+0200,150.92,EUR/MWh,DE,DE_LU,day_ahead_price,value,2026-08-04T01:03:53Z
2026-08-04T00:59:54Z,2026-08-04T02:59:54+0200,e971b95d-ef8c-4c78-99a5-54bbb479ab9f,2026-07-17T03:15:00Z,2026-07-17T05:15:00+0200,151.2,EUR/MWh,DE,DE_LU,day_ahead_price,value,2026-08-04T01:03:53Z
2026-08-04T00:59:54Z,2026-08-04T02:59:54+0200,e971b95d-ef8c-4c78-99a5-54bbb479ab9f,2026-07-17T03:30:00Z,2026-07-17T05:30:00+0200,153.03,EUR/MWh,DE,DE_LU,day_ahead_price,value,2026-08-04T01:03:53Z
2026-08-04T00:59:54Z,2026-08-04T02:59:54+0200,e971b95d-ef8c-4c78-99a5-54bbb479ab9f,2026-07-17T03:45:00Z,2026-07-17T05:45:00+0200,158.8,EUR/MWh,DE,DE_LU,day_ahead_price,value,2026-08-04T01:03:53Z
2026-08-04T00:59:54Z,2026-08-04T02:59:54+0200,e971b95d-ef8c-4c78-99a5-54bbb479ab9f,2026-07-17T04:00:00Z,2026-07-17T06:00:00+0200,162.67,EUR/MWh,DE,DE_LU,day_ahead_price,value,2026-08-04T01:03:53Z
2026-08-04T00:59:54Z,2026-08-04T02:59:54+0200,e971b95d-ef8c-4c78-99a5-54bbb479ab9f,2026-07-17T04:15:00Z,2026-07-17T06:15:00+0200,168.5,EUR/MWh,DE,DE_LU,day_ahead_price,value,2026-08-04T01:03:53Z
2026-08-04T00:59:54Z,2026-08-04T02:59:54+0200,e971b95d-ef8c-4c78-99a5-54bbb479ab9f,2026-07-17T04:30:00Z,2026-07-17T06:30:00+0200,167.88,EUR/MWh,DE,DE_LU,day_ahead_price,value,2026-08-04T01:03:53Z
2026-08-04T00:59:54Z,2026-08-04T02:59:54+0200,e971b95d-ef8c-4c78-99a5-54bbb479ab9f,2026-07-17T04:45:00Z,2026-07-17T06:45:00+0200,161.39,EUR/MWh,DE,DE_LU,day_ahead_price,value,2026-08-04T01:03:53Z
2026-08-04T00:59:54Z,2026-08-04T02:59:54+0200,e971b95d-ef8c-4c78-99a5-54bbb479ab9f,2026-07-17T05:00:00Z,2026-07-17T07:00:00+0200,176.95,EUR/MWh,DE,DE_LU,day_ahead_price,value,2026-08-04T01:03:53Z
2026-08-04T00:59:54Z,2026-08-04T02:59:54+0200,e971b95d-ef8c-4c78-99a5-54bbb479ab9f,2026-07-17T05:15:00Z,2026-07-17T07:15:00+0200,171.42,EUR/MWh,DE,DE_LU,day_ahead_price,value,2026-08-04T01:03:53Z
2026-08-04T00:59:54Z,2026-08-04T02:59:54+0200,e971b95d-ef8c-4c78-99a5-54bbb479ab9f,2026-07-17T05:30:00Z,2026-07-17T07:30:00+0200,163.68,EUR/MWh,DE,DE_LU,day_ahead_price,value,2026-08-04T01:03:53Z
2026-08-04T00:59:54Z,2026-08-04T02:59:54+0200,e971b95d-ef8c-4c78-99a5-54bbb479ab9f,2026-07-17T05:45:00Z,2026-07-17T07:45:00+0200,150.96,EUR/MWh,DE,DE_LU,day_ahead_price,value,2026-08-04T01:03:53Z
2026-08-04T00:59:54Z,2026-08-04T02:59:54+0200,e971b95d-ef8c-4c78-99a5-54bbb479ab9f,2026-07-17T06:00:00Z,2026-07-17T08:00:00+0200,174.77,EUR/MWh,DE,DE_LU,day_ahead_price,value,2026-08-04T01:03:53Z
2026-08-04T00:59:54Z,2026-08-04T02:59:54+0200,e971b95d-ef8c-4c78-99a5-54bbb479ab9f,2026-07-17T06:15:00Z,2026-07-17T08:15:00+0200,165.12,EUR/MWh,DE,DE_LU,day_ahead_price,value,2026-08-04T01:03:53Z
2026-08-04T00:59:54Z,2026-08-04T02:59:54+0200,e971b95d-ef8c-4c78-99a5-54bbb479ab9f,2026-07-17T06:30:00Z,2026-07-17T08:30:00+0200,154.73,EUR/MWh,DE,DE_LU,day_ahead_price,value,2026-08-04T01:03:53Z
2026-08-04T00:59:54Z,2026-08-04T02:59:54+0200,e971b95d-ef8c-4c78-99a5-54bbb479ab9f,2026-07-17T06:45:00Z,2026-07-17T08:45:00+0200,133.8,EUR/MWh,DE,DE_LU,day_ahead_price,value,2026-08-04T01:03:53Z
2026-08-04T00:59:54Z,2026-08-04T02:59:54+0200,e971b95d-ef8c-4c78-99a5-54bbb479ab9f,2026-07-17T07:00:00Z,2026-07-17T09:00:00+0200,150.0,EUR/MWh,DE,DE_LU,day_ahead_price,value,2026-08-04T01:03:53Z
2026-08-04T00:59:54Z,2026-08-04T02:59:54+0200,e971b95d-ef8c-4c78-99a5-54bbb479ab9f,2026-07-17T07:15:00Z,2026-07-17T09:15:00+0200,138.62,EUR/MWh,DE,DE_LU,day_ahead_price,value,2026-08-04T01:03:53Z
2026-08-04T00:59:54Z,2026-08-04T02:59:54+0200,e971b95d-ef8c-4c78-99a5-54bbb479ab9f,2026-07-17T07:30:00Z,2026-07-17T09:30:00+0200,134.25,EUR/MWh,DE,DE_LU,day_ahead_price,value,2026-08-04T01:03:53Z
2026-08-04T00:59:54Z,2026-08-04T02:59:54+0200,e971b95d-ef8c-4c78-99a5-54bbb479ab9f,2026-07-17T07:45:00Z,2026-07-17T09:45:00+0200,118.81,EUR/MWh,DE,DE_LU,day_ahead_price,value,2026-08-04T01:03:53Z
2026-08-04T00:59:54Z,2026-08-04T02:59:54+0200,e971b95d-ef8c-4c78-99a5-54bbb479ab9f,2026-07-17T08:00:00Z,2026-07-17T10:00:00+0200,148.62,EUR/MWh,DE,DE_LU,day_ahead_price,value,2026-08-04T01:03:53Z
2026-08-04T00:59:54Z,2026-08-04T02:59:54+0200,e971b95d-ef8c-4c78-99a5-54bbb479ab9f,2026-07-17T08:15:00Z,2026-07-17T10:15:00+0200,130.95,EUR/MWh,DE,DE_LU,day_ahead_price,value,2026-08-04T01:03:53Z
2026-08-04T00:59:54Z,2026-08-04T02:59:54+0200,e971b95d-ef8c-4c78-99a5-54bbb479ab9f,2026-07-17T08:30:00Z,2026-07-17T10:30:00+0200,118.61,EUR/MWh,DE,DE_LU,day_ahead_price,value,2026-08-04T01:03:53Z
2026-08-04T00:59:54Z,2026-08-04T02:59:54+0200,e971b95d-ef8c-4c78-99a5-54bbb479ab9f,2026-07-17T08:45:00Z,2026-07-17T10:45:00+0200,111.63,EUR/MWh,DE,DE_LU,day_ahead_price,value,2026-08-04T01:03:53Z
2026-08-04T00:59:54Z,2026-08-04T02:59:54+0200,e971b95d-ef8c-4c78-99a5-54bbb479ab9f,2026-07-17T09:00:00Z,2026-07-17T11:00:00+0200,120.7,EUR/MWh,DE,DE_LU,day_ahead_price,value,2026-08-04T01:03:53Z
2026-08-04T00:59:54Z,2026-08-04T02:59:54+0200,e971b95d-ef8c-4c78-99a5-54bbb479ab9f,2026-07-17T09:15:00Z,2026-07-17T11:15:00+0200,112.02,EUR/MWh,DE,DE_LU,day_ahead_price,value,2026-08-04T01:03:53Z
2026-08-04T00:59:54Z,2026-08-04T02:59:54+0200,e971b95d-ef8c-4c78-99a5-54bbb479ab9f,2026-07-17T09:30:00Z,2026-07-17T11:30:00+0200,111.61,EUR/MWh,DE,DE_LU,day_ahead_price,value,2026-08-04T01:03:53Z
2026-08-04T00:59:54Z,2026-08-04T02:59:54+0200,e971b95d-ef8c-4c78-99a5-54bbb479ab9f,2026-07-17T09:45:00Z,2026-07-17T11:45:00+0200,110.8,EUR/MWh,DE,DE_LU,day_ahead_price,value,2026-08-04T01:03:53Z
2026-08-04T00:59:54Z,2026-08-04T02:59:54+0200,e971b95d-ef8c-4c78-99a5-54bbb479ab9f,2026-07-17T10:00:00Z,2026-07-17T12:00:00+0200,112.25,EUR/MWh,DE,DE_LU,day_ahead_price,value,2026-08-04T01:03:53Z
2026-08-04T00:59:54Z,2026-08-04T02:59:54+0200,e971b95d-ef8c-4c78-99a5-54bbb479ab9f,2026-07-17T10:15:00Z,2026-07-17T12:15:00+0200,105.0,EUR/MWh,DE,DE_LU,day_ahead_price,value,2026-08-04T01:03:53Z
2026-08-04T00:59:54Z,2026-08-04T02:59:54+0200,e971b95d-ef8c-4c78-99a5-54bbb479ab9f,2026-07-17T10:30:00Z,2026-07-17T12:30:00+0200,100.0,EUR/MWh,DE,DE_LU,day_ahead_price,value,2026-08-04T01:03:53Z
2026-08-04T00:59:54Z,2026-08-04T02:59:54+0200,e971b95d-ef8c-4c78-99a5-54bbb479ab9f,2026-07-17T10:45:00Z,2026-07-17T12:45:00+0200,98.3,EUR/MWh,DE,DE_LU,day_ahead_price,value,2026-08-04T01:03:53Z
2026-08-04T00:59:54Z,2026-08-04T02:59:54+0200,e971b95d-ef8c-4c78-99a5-54bbb479ab9f,2026-07-17T11:00:00Z,2026-07-17T13:00:00+0200,98.96,EUR/MWh,DE,DE_LU,day_ahead_price,value,2026-08-04T01:03:53Z
2026-08-04T00:59:54Z,2026-08-04T02:59:54+0200,e971b95d-ef8c-4c78-99a5-54bbb479ab9f,2026-07-17T11:15:00Z,2026-07-17T13:15:00+0200,98.35,EUR/MWh,DE,DE_LU,day_ahead_price,value,2026-08-04T01:03:53Z
2026-08-04T00:59:54Z,2026-08-04T02:59:54+0200,e971b95d-ef8c-4c78-99a5-54bbb479ab9f,2026-07-17T11:30:00Z,2026-07-17T13:30:00+0200,97.81,EUR/MWh,DE,DE_LU,day_ahead_price,value,2026-08-04T01:03:53Z
2026-08-04T00:59:54Z,2026-08-04T02:59:54+0200,e971b95d-ef8c-4c78-99a5-54bbb479ab9f,2026-07-17T11:45:00Z,2026-07-17T13:45:00+0200,97.68,EUR/MWh,DE,DE_LU,day_ahead_price,value,2026-08-04T01:03:53Z
2026-08-04T00:59:54Z,2026-08-04T02:59:54+0200,e971b95d-ef8c-4c78-99a5-54bbb479ab9f,2026-07-17T12:00:00Z,2026-07-17T14:00:00+0200,97.94,EUR/MWh,DE,DE_LU,day_ahead_price,value,2026-08-04T01:03:53Z
2026-08-04T00:59:54Z,2026-08-04T02:59:54+0200,e971b95d-ef8c-4c78-99a5-54bbb479ab9f,2026-07-17T12:15:00Z,2026-07-17T14:15:00+0200,98.09,EUR/MWh,DE,DE_LU,day_ahead_price,value,2026-08-04T01:03:53Z
2026-08-04T00:59:54Z,2026-08-04T02:59:54+0200,e971b95d-ef8c-4c78-99a5-54bbb479ab9f,2026-07-17T12:30:00Z,2026-07-17T14:30:00+0200,98.41,EUR/MWh,DE,DE_LU,day_ahead_price,value,2026-08-04T01:03:53Z
2026-08-04T00:59:54Z,2026-08-04T02:59:54+0200,e971b95d-ef8c-4c78-99a5-54bbb479ab9f,2026-07-17T12:45:00Z,2026-07-17T14:45:00+0200,99.27,EUR/MWh,DE,DE_LU,day_ahead_price,value,2026-08-04T01:03:53Z
2026-08-04T00:59:54Z,2026-08-04T02:59:54+0200,e971b95d-ef8c-4c78-99a5-54bbb479ab9f,2026-07-17T13:00:00Z,2026-07-17T15:00:00+0200,99.7,EUR/MWh,DE,DE_LU,day_ahead_price,value,2026-08-04T01:03:53Z
2026-08-04T00:59:54Z,2026-08-04T02:59:54+0200,e971b95d-ef8c-4c78-99a5-54bbb479ab9f,2026-07-17T13:15:00Z,2026-07-17T15:15:00+0200,105.3,EUR/MWh,DE,DE_LU,day_ahead_price,value,2026-08-04T01:03:53Z
2026-08-04T00:59:54Z,2026-08-04T02:59:54+0200,e971b95d-ef8c-4c78-99a5-54bbb479ab9f,2026-07-17T13:30:00Z,2026-07-17T15:30:00+0200,108.98,EUR/MWh,DE,DE_LU,day_ahead_price,value,2026-08-04T01:03:53Z
2026-08-04T00:59:54Z,2026-08-04T02:59:54+0200,e971b95d-ef8c-4c78-99a5-54bbb479ab9f,2026-07-17T13:45:00Z,2026-07-17T15:45:00+0200,109.94,EUR/MWh,DE,DE_LU,day_ahead_price,value,2026-08-04T01:03:53Z
2026-08-04T00:59:54Z,2026-08-04T02:59:54+0200,e971b95d-ef8c-4c78-99a5-54bbb479ab9f,2026-07-17T14:00:00Z,2026-07-17T16:00:00+0200,105.0,EUR/MWh,DE,DE_LU,day_ahead_price,value,2026-08-04T01:03:53Z
2026-08-04T00:59:54Z,2026-08-04T02:59:54+0200,e971b95d-ef8c-4c78-99a5-54bbb479ab9f,2026-07-17T14:15:00Z,2026-07-17T16:15:00+0200,111.5,EUR/MWh,DE,DE_LU,day_ahead_price,value,2026-08-04T01:03:53Z
2026-08-04T00:59:54Z,2026-08-04T02:59:54+0200,e971b95d-ef8c-4c78-99a5-54bbb479ab9f,2026-07-17T14:30:00Z,2026-07-17T16:30:00+0200,116.86,EUR/MWh,DE,DE_LU,day_ahead_price,value,2026-08-04T01:03:53Z
2026-08-04T00:59:54Z,2026-08-04T02:59:54+0200,e971b95d-ef8c-4c78-99a5-54bbb479ab9f,2026-07-17T14:45:00Z,2026-07-17T16:45:00+0200,125.44,EUR/MWh,DE,DE_LU,day_ahead_price,value,2026-08-04T01:03:53Z
2026-08-04T00:59:54Z,2026-08-04T02:59:54+0200,e971b95d-ef8c-4c78-99a5-54bbb479ab9f,2026-07-17T15:00:00Z,2026-07-17T17:00:00+0200,114.66,EUR/MWh,DE,DE_LU,day_ahead_price,value,2026-08-04T01:03:53Z
2026-08-04T00:59:54Z,2026-08-04T02:59:54+0200,e971b95d-ef8c-4c78-99a5-54bbb479ab9f,2026-07-17T15:15:00Z,2026-07-17T17:15:00+0200,122.57,EUR/MWh,DE,DE_LU,day_ahead_price,value,2026-08-04T01:03:53Z
2026-08-04T00:59:54Z,2026-08-04T02:59:54+0200,e971b95d-ef8c-4c78-99a5-54bbb479ab9f,2026-07-17T15:30:00Z,2026-07-17T17:30:00+0200,130.51,EUR/MWh,DE,DE_LU,day_ahead_price,value,2026-08-04T01:03:53Z
2026-08-04T00:59:54Z,2026-08-04T02:59:54+0200,e971b95d-ef8c-4c78-99a5-54bbb479ab9f,2026-07-17T15:45:00Z,2026-07-17T17:45:00+0200,141.96,EUR/MWh,DE,DE_LU,day_ahead_price,value,2026-08-04T01:03:53Z
2026-08-04T00:59:54Z,2026-08-04T02:59:54+0200,e971b95d-ef8c-4c78-99a5-54bbb479ab9f,2026-07-17T16:00:00Z,2026-07-17T18:00:00+0200,122.92,EUR/MWh,DE,DE_LU,day_ahead_price,value,2026-08-04T01:03:53Z
2026-08-04T00:59:54Z,2026-08-04T02:59:54+0200,e971b95d-ef8c-4c78-99a5-54bbb479ab9f,2026-07-17T16:15:00Z,2026-07-17T18:15:00+0200,137.9,EUR/MWh,DE,DE_LU,day_ahead_price,value,2026-08-04T01:03:53Z
2026-08-04T00:59:54Z,2026-08-04T02:59:54+0200,e971b95d-ef8c-4c78-99a5-54bbb479ab9f,2026-07-17T16:30:00Z,2026-07-17T18:30:00+0200,141.12,EUR/MWh,DE,DE_LU,day_ahead_price,value,2026-08-04T01:03:53Z
2026-08-04T00:59:54Z,2026-08-04T02:59:54+0200,e971b95d-ef8c-4c78-99a5-54bbb479ab9f,2026-07-17T16:45:00Z,2026-07-17T18:45:00+0200,148.38,EUR/MWh,DE,DE_LU,day_ahead_price,value,2026-08-04T01:03:53Z
2026-08-04T00:59:54Z,2026-08-04T02:59:54+0200,e971b95d-ef8c-4c78-99a5-54bbb479ab9f,2026-07-17T17:00:00Z,2026-07-17T19:00:00+0200,144.82,EUR/MWh,DE,DE_LU,day_ahead_price,value,2026-08-04T01:03:53Z
2026-08-04T00:59:54Z,2026-08-04T02:59:54+0200,e971b95d-ef8c-4c78-99a5-54bbb479ab9f,2026-07-17T17:15:00Z,2026-07-17T19:15:00+0200,152.97,EUR/MWh,DE,DE_LU,day_ahead_price,value,2026-08-04T01:03:53Z
2026-08-04T00:59:54Z,2026-08-04T02:59:54+0200,e971b95d-ef8c-4c78-99a5-54bbb479ab9f,2026-07-17T17:30:00Z,2026-07-17T19:30:00+0200,151.79,EUR/MWh,DE,DE_LU,day_ahead_price,value,2026-08-04T01:03:53Z
2026-08-04T00:59:54Z,2026-08-04T02:59:54+0200,e971b95d-ef8c-4c78-99a5-54bbb479ab9f,2026-07-17T17:45:00Z,2026-07-17T19:45:00+0200,154.55,EUR/MWh,DE,DE_LU,day_ahead_price,value,2026-08-04T01:03:53Z
2026-08-04T00:59:54Z,2026-08-04T02:59:54+0200,e971b95d-ef8c-4c78-99a5-54bbb479ab9f,2026-07-17T18:00:00Z,2026-07-17T20:00:00+0200,148.35,EUR/MWh,DE,DE_LU,day_ahead_price,value,2026-08-04T01:03:53Z
2026-08-04T00:59:54Z,2026-08-04T02:59:54+0200,e971b95d-ef8c-4c78-99a5-54bbb479ab9f,2026-07-17T18:15:00Z,2026-07-17T20:15:00+0200,155.75,EUR/MWh,DE,DE_LU,day_ahead_price,value,2026-08-04T01:03:53Z
2026-08-04T00:59:54Z,2026-08-04T02:59:54+0200,e971b95d-ef8c-4c78-99a5-54bbb479ab9f,2026-07-17T18:30:00Z,2026-07-17T20:30:00+0200,161.92,EUR/MWh,DE,DE_LU,day_ahead_price,value,2026-08-04T01:03:53Z
2026-08-04T00:59:54Z,2026-08-04T02:59:54+0200,e971b95d-ef8c-4c78-99a5-54bbb479ab9f,2026-07-17T18:45:00Z,2026-07-17T20:45:00+0200,170.24,EUR/MWh,DE,DE_LU,day_ahead_price,value,2026-08-04T01:03:53Z
2026-08-04T00:59:54Z,2026-08-04T02:59:54+0200,e971b95d-ef8c-4c78-99a5-54bbb479ab9f,2026-07-17T19:00:00Z,2026-07-17T21:00:00+0200,165.0,EUR/MWh,DE,DE_LU,day_ahead_price,value,2026-08-04T01:03:53Z
2026-08-04T00:59:54Z,2026-08-04T02:59:54+0200,e971b95d-ef8c-4c78-99a5-54bbb479ab9f,2026-07-17T19:15:00Z,2026-07-17T21:15:00+0200,165.36,EUR/MWh,DE,DE_LU,day_ahead_price,value,2026-08-04T01:03:53Z
2026-08-04T00:59:54Z,2026-08-04T02:59:54+0200,e971b95d-ef8c-4c78-99a5-54bbb479ab9f,2026-07-17T19:30:00Z,2026-07-17T21:30:00+0200,168.84,EUR/MWh,DE,DE_LU,day_ahead_price,value,2026-08-04T01:03:53Z
2026-08-04T00:59:54Z,2026-08-04T02:59:54+0200,e971b95d-ef8c-4c78-99a5-54bbb479ab9f,2026-07-17T19:45:00Z,2026-07-17T21:45:00+0200,168.25,EUR/MWh,DE,DE_LU,day_ahead_price,value,2026-08-04T01:03:53Z
2026-08-04T00:59:54Z,2026-08-04T02:59:54+0200,e971b95d-ef8c-4c78-99a5-54bbb479ab9f,2026-07-17T20:00:00Z,2026-07-17T22:00:00+0200,168.71,EUR/MWh,DE,DE_LU,day_ahead_price,value,2026-08-04T01:03:53Z
2026-08-04T00:59:54Z,2026-08-04T02:59:54+0200,e971b95d-ef8c-4c78-99a5-54bbb479ab9f,2026-07-17T20:15:00Z,2026-07-17T22:15:00+0200,165.47,EUR/MWh,DE,DE_LU,day_ahead_price,value,2026-08-04T01:03:53Z
2026-08-04T00:59:54Z,2026-08-04T02:59:54+0200,e971b95d-ef8c-4c78-99a5-54bbb479ab9f,2026-07-17T20:30:00Z,2026-07-17T22:30:00+0200,164.55,EUR/MWh,DE,DE_LU,day_ahead_price,value,2026-08-04T01:03:53Z
2026-08-04T00:59:54Z,2026-08-04T02:59:54+0200,e971b95d-ef8c-4c78-99a5-54bbb479ab9f,2026-07-17T20:45:00Z,2026-07-17T22:45:00+0200,159.97,EUR/MWh,DE,DE_LU,day_ahead_price,value,2026-08-04T01:03:53Z
2026-08-04T00:59:54Z,2026-08-04T02:59:54+0200,e971b95d-ef8c-4c78-99a5-54bbb479ab9f,2026-07-17T21:00:00Z,2026-07-17T23:00:00+0200,162.97,EUR/MWh,DE,DE_LU,day_ahead_price,value,2026-08-04T01:03:53Z
2026-08-04T00:59:54Z,2026-08-04T02:59:54+0200,e971b95d-ef8c-4c78-99a5-54bbb479ab9f,2026-07-17T21:15:00Z,2026-07-17T23:15:00+0200,160.71,EUR/MWh,DE,DE_LU,day_ahead_price,value,2026-08-04T01:03:53Z
2026-08-04T00:59:54Z,2026-08-04T02:59:54+0200,e971b95d-ef8c-4c78-99a5-54bbb479ab9f,2026-07-17T21:30:00Z,2026-07-17T23:30:00+0200,159.04,EUR/MWh,DE,DE_LU,day_ahead_price,value,2026-08-04T01:03:53Z
2026-08-04T00:59:54Z,2026-08-04T02:59:54+0200,e971b95d-ef8c-4c78-99a5-54bbb479ab9f,2026-07-17T21:45:00Z,2026-07-17T23:45:00+0200,150.48,EUR/MWh,DE,DE_LU,day_ahead_price,value,2026-08-04T01:03:53Z
2026-08-04T00:59:54Z,2026-08-04T02:59:54+0200,e971b95d-ef8c-4c78-99a5-54bbb479ab9f,2026-07-17T22:00:00Z,2026-07-18T00:00:00+0200,168.41,EUR/MWh,DE,DE_LU,day_ahead_price,value,2026-08-04T01:03:53Z
2026-08-04T00:59:54Z,2026-08-04T02:59:54+0200,e971b95d-ef8c-4c78-99a5-54bbb479ab9f,2026-07-17T22:15:00Z,2026-07-18T00:15:00+0200,160.15,EUR/MWh,DE,DE_LU,day_ahead_price,value,2026-08-04T01:03:53Z
2026-08-04T00:59:54Z,2026-08-04T02:59:54+0200,e971b95d-ef8c-4c78-99a5-54bbb479ab9f,2026-07-17T22:30:00Z,2026-07-18T00:30:00+0200,151.24,EUR/MWh,DE,DE_LU,day_ahead_price,value,2026-08-04T01:03:53Z
2026-08-04T00:59:54Z,2026-08-04T02:59:54+0200,e971b95d-ef8c-4c78-99a5-54bbb479ab9f,2026-07-17T22:45:00Z,2026-07-18T00:45:00+0200,145.0,EUR/MWh,DE,DE_LU,day_ahead_price,value,2026-08-04T01:03:53Z
2026-08-04T00:59:54Z,2026-08-04T02:59:54+0200,e971b95d-ef8c-4c78-99a5-54bbb479ab9f,2026-07-17T23:00:00Z,2026-07-18T01:00:00+0200,152.94,EUR/MWh,DE,DE_LU,day_ahead_price,value,2026-08-04T01:03:53Z
2026-08-04T00:59:54Z,2026-08-04T02:59:54+0200,e971b95d-ef8c-4c78-99a5-54bbb479ab9f,2026-07-17T23:15:00Z,2026-07-18T01:15:00+0200,146.81,EUR/MWh,DE,DE_LU,day_ahead_price,value,2026-08-04T01:03:53Z
2026-08-04T00:59:54Z,2026-08-04T02:59:54+0200,e971b95d-ef8c-4c78-99a5-54bbb479ab9f,2026-07-17T23:30:00Z,2026-07-18T01:30:00+0200,143.38,EUR/MWh,DE,DE_LU,day_ahead_price,value,2026-08-04T01:03:53Z
2026-08-04T00:59:54Z,2026-08-04T02:59:54+0200,e971b95d-ef8c-4c78-99a5-54bbb479ab9f,2026-07-17T23:45:00Z,2026-07-18T01:45:00+0200,138.39,EUR/MWh,DE,DE_LU,day_ahead_price,value,2026-08-04T01:03:53Z
2026-08-04T00:59:54Z,2026-08-04T02:59:54+0200,e971b95d-ef8c-4c78-99a5-54bbb479ab9f,2026-07-18T00:00:00Z,2026-07-18T02:00:00+0200,146.13,EUR/MWh,DE,DE_LU,day_ahead_price,value,2026-08-04T01:03:53Z
2026-08-04T00:59:54Z,2026-08-04T02:59:54+0200,e971b95d-ef8c-4c78-99a5-54bbb479ab9f,2026-07-18T00:15:00Z,2026-07-18T02:15:00+0200,142.61,EUR/MWh,DE,DE_LU,day_ahead_price,value,2026-08-04T01:03:53Z
2026-08-04T00:59:54Z,2026-08-04T02:59:54+0200,e971b95d-ef8c-4c78-99a5-54bbb479ab9f,2026-07-18T00:30:00Z,2026-07-18T02:30:00+0200,139.09,EUR/MWh,DE,DE_LU,day_ahead_price,value,2026-08-04T01:03:53Z
2026-08-04T00:59:54Z,2026-08-04T02:59:54+0200,e971b95d-ef8c-4c78-99a5-54bbb479ab9f,2026-07-18T00:45:00Z,2026-07-18T02:45:00+0200,140.17,EUR/MWh,DE,DE_LU,day_ahead_price,value,2026-08-04T01:03:53Z
2026-08-04T00:59:54Z,2026-08-04T02:59:54+0200,e971b95d-ef8c-4c78-99a5-54bbb479ab9f,2026-07-18T01:00:00Z,2026-07-18T03:00:00+0200,137.21,EUR/MWh,DE,DE_LU,day_ahead_price,value,2026-08-04T01:03:53Z
2026-08-04T00:59:54Z,2026-08-04T02:59:54+0200,e971b95d-ef8c-4c78-99a5-54bbb479ab9f,2026-07-18T01:15:00Z,2026-07-18T03:15:00+0200,135.55,EUR/MWh,DE,DE_LU,day_ahead_price,value,2026-08-04T01:03:53Z
2026-08-04T00:59:54Z,2026-08-04T02:59:54+0200,e971b95d-ef8c-4c78-99a5-54bbb479ab9f,2026-07-18T01:30:00Z,2026-07-18T03:30:00+0200,135.0,EUR/MWh,DE,DE_LU,day_ahead_price,value,2026-08-04T01:03:53Z
2026-08-04T00:59:54Z,2026-08-04T02:59:54+0200,e971b95d-ef8c-4c78-99a5-54bbb479ab9f,2026-07-18T01:45:00Z,2026-07-18T03:45:00+0200,133.44,EUR/MWh,DE,DE_LU,day_ahead_price,value,2026-08-04T01:03:53Z
2026-08-04T00:59:54Z,2026-08-04T02:59:54+0200,e971b95d-ef8c-4c78-99a5-54bbb479ab9f,2026-07-18T02:00:00Z,2026-07-18T04:00:00+0200,137.22,EUR/MWh,DE,DE_LU,day_ahead_price,value,2026-08-04T01:03:53Z
2026-08-04T00:59:54Z,2026-08-04T02:59:54+0200,e971b95d-ef8c-4c78-99a5-54bbb479ab9f,2026-07-18T02:15:00Z,2026-07-18T04:15:00+0200,136.92,EUR/MWh,DE,DE_LU,day_ahead_price,value,2026-08-04T01:03:53Z
2026-08-04T00:59:54Z,2026-08-04T02:59:54+0200,e971b95d-ef8c-4c78-99a5-54bbb479ab9f,2026-07-18T02:30:00Z,2026-07-18T04:30:00+0200,134.72,EUR/MWh,DE,DE_LU,day_ahead_price,value,2026-08-04T01:03:53Z
2026-08-04T00:59:54Z,2026-08-04T02:59:54+0200,e971b95d-ef8c-4c78-99a5-54bbb479ab9f,2026-07-18T02:45:00Z,2026-07-18T04:45:00+0200,130.38,EUR/MWh,DE,DE_LU,day_ahead_price,value,2026-08-04T01:03:53Z
2026-08-04T00:59:54Z,2026-08-04T02:59:54+0200,e971b95d-ef8c-4c78-99a5-54bbb479ab9f,2026-07-18T03:00:00Z,2026-07-18T05:00:00+0200,141.07,EUR/MWh,DE,DE_LU,day_ahead_price,value,2026-08-04T01:03:53Z
2026-08-04T00:59:54Z,2026-08-04T02:59:54+0200,e971b95d-ef8c-4c78-99a5-54bbb479ab9f,2026-07-18T03:15:00Z,2026-07-18T05:15:00+0200,134.01,EUR/MWh,DE,DE_LU,day_ahead_price,value,2026-08-04T01:03:53Z
2026-08-04T00:59:54Z,2026-08-04T02:59:54+0200,e971b95d-ef8c-4c78-99a5-54bbb479ab9f,2026-07-18T03:30:00Z,2026-07-18T05:30:00+0200,130.45,EUR/MWh,DE,DE_LU,day_ahead_price,value,2026-08-04T01:03:53Z
2026-08-04T00:59:54Z,2026-08-04T02:59:54+0200,e971b95d-ef8c-4c78-99a5-54bbb479ab9f,2026-07-18T03:45:00Z,2026-07-18T05:45:00+0200,123.41,EUR/MWh,DE,DE_LU,day_ahead_price,value,2026-08-04T01:03:53Z
2026-08-04T00:59:54Z,2026-08-04T02:59:54+0200,e971b95d-ef8c-4c78-99a5-54bbb479ab9f,2026-07-18T04:00:00Z,2026-07-18T06:00:00+0200,131.63,EUR/MWh,DE,DE_LU,day_ahead_price,value,2026-08-04T01:03:53Z
2026-08-04T00:59:54Z,2026-08-04T02:59:54+0200,e971b95d-ef8c-4c78-99a5-54bbb479ab9f,2026-07-18T04:15:00Z,2026-07-18T06:15:00+0200,129.26,EUR/MWh,DE,DE_LU,day_ahead_price,value,2026-08-04T01:03:53Z
2026-08-04T00:59:54Z,2026-08-04T02:59:54+0200,e971b95d-ef8c-4c78-99a5-54bbb479ab9f,2026-07-18T04:30:00Z,2026-07-18T06:30:00+0200,127.13,EUR/MWh,DE,DE_LU,day_ahead_price,value,2026-08-04T01:03:53Z
2026-08-04T00:59:54Z,2026-08-04T02:59:54+0200,e971b95d-ef8c-4c78-99a5-54bbb479ab9f,2026-07-18T04:45:00Z,2026-07-18T06:45:00+0200,118.01,EUR/MWh,DE,DE_LU,day_ahead_price,value,2026-08-04T01:03:53Z
2026-08-04T00:59:54Z,2026-08-04T02:59:54+0200,e971b95d-ef8c-4c78-99a5-54bbb479ab9f,2026-07-18T05:00:00Z,2026-07-18T07:00:00+0200,150.08,EUR/MWh,DE,DE_LU,day_ahead_price,value,2026-08-04T01:03:53Z
2026-08-04T00:59:54Z,2026-08-04T02:59:54+0200,e971b95d-ef8c-4c78-99a5-54bbb479ab9f,2026-07-18T05:15:00Z,2026-07-18T07:15:00+0200,120.72,EUR/MWh,DE,DE_LU,day_ahead_price,value,2026-08-04T01:03:53Z
2026-08-04T00:59:54Z,2026-08-04T02:59:54+0200,e971b95d-ef8c-4c78-99a5-54bbb479ab9f,2026-07-18T05:30:00Z,2026-07-18T07:30:00+0200,109.52,EUR/MWh,DE,DE_LU,day_ahead_price,value,2026-08-04T01:03:53Z
2026-08-04T00:59:54Z,2026-08-04T02:59:54+0200,e971b95d-ef8c-4c78-99a5-54bbb479ab9f,2026-07-18T05:45:00Z,2026-07-18T07:45:00+0200,96.88,EUR/MWh,DE,DE_LU,day_ahead_price,value,2026-08-04T01:03:53Z
2026-08-04T00:59:54Z,2026-08-04T02:59:54+0200,e971b95d-ef8c-4c78-99a5-54bbb479ab9f,2026-07-18T06:00:00Z,2026-07-18T08:00:00+0200,119.62,EUR/MWh,DE,DE_LU,day_ahead_price,value,2026-08-04T01:03:53Z
2026-08-04T00:59:54Z,2026-08-04T02:59:54+0200,e971b95d-ef8c-4c78-99a5-54bbb479ab9f,2026-07-18T06:15:00Z,2026-07-18T08:15:00+0200,106.87,EUR/MWh,DE,DE_LU,day_ahead_price,value,2026-08-04T01:03:53Z
2026-08-04T00:59:54Z,2026-08-04T02:59:54+0200,e971b95d-ef8c-4c78-99a5-54bbb479ab9f,2026-07-18T06:30:00Z,2026-07-18T08:30:00+0200,91.03,EUR/MWh,DE,DE_LU,day_ahead_price,value,2026-08-04T01:03:53Z
2026-08-04T00:59:54Z,2026-08-04T02:59:54+0200,e971b95d-ef8c-4c78-99a5-54bbb479ab9f,2026-07-18T06:45:00Z,2026-07-18T08:45:00+0200,72.65,EUR/MWh,DE,DE_LU,day_ahead_price,value,2026-08-04T01:03:53Z
2026-08-04T00:59:54Z,2026-08-04T02:59:54+0200,e971b95d-ef8c-4c78-99a5-54bbb479ab9f,2026-07-18T07:00:00Z,2026-07-18T09:00:00+0200,82.67,EUR/MWh,DE,DE_LU,day_ahead_price,value,2026-08-04T01:03:53Z
2026-08-04T00:59:54Z,2026-08-04T02:59:54+0200,e971b95d-ef8c-4c78-99a5-54bbb479ab9f,2026-07-18T07:15:00Z,2026-07-18T09:15:00+0200,58.07,EUR/MWh,DE,DE_LU,day_ahead_price,value,2026-08-04T01:03:53Z
2026-08-04T00:59:54Z,2026-08-04T02:59:54+0200,e971b95d-ef8c-4c78-99a5-54bbb479ab9f,2026-07-18T07:30:00Z,2026-07-18T09:30:00+0200,27.97,EUR/MWh,DE,DE_LU,day_ahead_price,value,2026-08-04T01:03:53Z
2026-08-04T00:59:54Z,2026-08-04T02:59:54+0200,e971b95d-ef8c-4c78-99a5-54bbb479ab9f,2026-07-18T07:45:00Z,2026-07-18T09:45:00+0200,11.0,EUR/MWh,DE,DE_LU,day_ahead_price,value,2026-08-04T01:03:53Z
2026-08-04T00:59:54Z,2026-08-04T02:59:54+0200,e971b95d-ef8c-4c78-99a5-54bbb479ab9f,2026-07-18T08:00:00Z,2026-07-18T10:00:00+0200,21.82,EUR/MWh,DE,DE_LU,day_ahead_price,value,2026-08-04T01:03:53Z
2026-08-04T00:59:54Z,2026-08-04T02:59:54+0200,e971b95d-ef8c-4c78-99a5-54bbb479ab9f,2026-07-18T08:15:00Z,2026-07-18T10:15:00+0200,11.96,EUR/MWh,DE,DE_LU,day_ahead_price,value,2026-08-04T01:03:53Z
2026-08-04T00:59:54Z,2026-08-04T02:59:54+0200,e971b95d-ef8c-4c78-99a5-54bbb479ab9f,2026-07-18T08:30:00Z,2026-07-18T10:30:00+0200,4.99,EUR/MWh,DE,DE_LU,day_ahead_price,value,2026-08-04T01:03:53Z
2026-08-04T00:59:54Z,2026-08-04T02:59:54+0200,e971b95d-ef8c-4c78-99a5-54bbb479ab9f,2026-07-18T08:45:00Z,2026-07-18T10:45:00+0200,1.1,EUR/MWh,DE,DE_LU,day_ahead_price,value,2026-08-04T01:03:53Z
2026-08-04T00:59:54Z,2026-08-04T02:59:54+0200,e971b95d-ef8c-4c78-99a5-54bbb479ab9f,2026-07-18T09:00:00Z,2026-07-18T11:00:00+0200,0.06,EUR/MWh,DE,DE_LU,day_ahead_price,value,2026-08-04T01:03:53Z
2026-08-04T00:59:54Z,2026-08-04T02:59:54+0200,e971b95d-ef8c-4c78-99a5-54bbb479ab9f,2026-07-18T09:15:00Z,2026-07-18T11:15:00+0200,0.0,EUR/MWh,DE,DE_LU,day_ahead_price,value,2026-08-04T01:03:53Z
2026-08-04T00:59:54Z,2026-08-04T02:59:54+0200,e971b95d-ef8c-4c78-99a5-54bbb479ab9f,2026-07-18T09:30:00Z,2026-07-18T11:30:00+0200,-0.01,EUR/MWh,DE,DE_LU,day_ahead_price,value,2026-08-04T01:03:53Z
2026-08-04T00:59:54Z,2026-08-04T02:59:54+0200,e971b95d-ef8c-4c78-99a5-54bbb479ab9f,2026-07-18T09:45:00Z,2026-07-18T11:45:00+0200,-0.07,EUR/MWh,DE,DE_LU,day_ahead_price,value,2026-08-04T01:03:53Z
2026-08-04T00:59:54Z,2026-08-04T02:59:54+0200,e971b95d-ef8c-4c78-99a5-54bbb479ab9f,2026-07-18T10:00:00Z,2026-07-18T12:00:00+0200,-0.04,EUR/MWh,DE,DE_LU,day_ahead_price,value,2026-08-04T01:03:53Z
2026-08-04T00:59:54Z,2026-08-04T02:59:54+0200,e971b95d-ef8c-4c78-99a5-54bbb479ab9f,2026-07-18T10:15:00Z,2026-07-18T12:15:00+0200,-0.07,EUR/MWh,DE,DE_LU,day_ahead_price,value,2026-08-04T01:03:53Z
2026-08-04T00:59:54Z,2026-08-04T02:59:54+0200,e971b95d-ef8c-4c78-99a5-54bbb479ab9f,2026-07-18T10:30:00Z,2026-07-18T12:30:00+0200,-0.1,EUR/MWh,DE,DE_LU,day_ahead_price,value,2026-08-04T01:03:53Z
2026-08-04T00:59:54Z,2026-08-04T02:59:54+0200,e971b95d-ef8c-4c78-99a5-54bbb479ab9f,2026-07-18T10:45:00Z,2026-07-18T12:45:00+0200,-0.29,EUR/MWh,DE,DE_LU,day_ahead_price,value,2026-08-04T01:03:53Z
2026-08-04T00:59:54Z,2026-08-04T02:59:54+0200,e971b95d-ef8c-4c78-99a5-54bbb479ab9f,2026-07-18T11:00:00Z,2026-07-18T13:00:00+0200,-0.96,EUR/MWh,DE,DE_LU,day_ahead_price,value,2026-08-04T01:03:53Z
2026-08-04T00:59:54Z,2026-08-04T02:59:54+0200,e971b95d-ef8c-4c78-99a5-54bbb479ab9f,2026-07-18T11:15:00Z,2026-07-18T13:15:00+0200,-1.0,EUR/MWh,DE,DE_LU,day_ahead_price,value,2026-08-04T01:03:53Z
2026-08-04T00:59:54Z,2026-08-04T02:59:54+0200,e971b95d-ef8c-4c78-99a5-54bbb479ab9f,2026-07-18T11:30:00Z,2026-07-18T13:30:00+0200,-1.09,EUR/MWh,DE,DE_LU,day_ahead_price,value,2026-08-04T01:03:53Z
2026-08-04T00:59:54Z,2026-08-04T02:59:54+0200,e971b95d-ef8c-4c78-99a5-54bbb479ab9f,2026-07-18T11:45:00Z,2026-07-18T13:45:00+0200,-1.61,EUR/MWh,DE,DE_LU,day_ahead_price,value,2026-08-04T01:03:53Z
2026-08-04T00:59:54Z,2026-08-04T02:59:54+0200,e971b95d-ef8c-4c78-99a5-54bbb479ab9f,2026-07-18T12:00:00Z,2026-07-18T14:00:00+0200,-1.86,EUR/MWh,DE,DE_LU,day_ahead_price,value,2026-08-04T01:03:53Z
2026-08-04T00:59:54Z,2026-08-04T02:59:54+0200,e971b95d-ef8c-4c78-99a5-54bbb479ab9f,2026-07-18T12:15:00Z,2026-07-18T14:15:00+0200,-2.01,EUR/MWh,DE,DE_LU,day_ahead_price,value,2026-08-04T01:03:53Z
2026-08-04T00:59:54Z,2026-08-04T02:59:54+0200,e971b95d-ef8c-4c78-99a5-54bbb479ab9f,2026-07-18T12:30:00Z,2026-07-18T14:30:00+0200,-2.01,EUR/MWh,DE,DE_LU,day_ahead_price,value,2026-08-04T01:03:53Z
2026-08-04T00:59:54Z,2026-08-04T02:59:54+0200,e971b95d-ef8c-4c78-99a5-54bbb479ab9f,2026-07-18T12:45:00Z,2026-07-18T14:45:00+0200,-2.09,EUR/MWh,DE,DE_LU,day_ahead_price,value,2026-08-04T01:03:53Z
2026-08-04T00:59:54Z,2026-08-04T02:59:54+0200,e971b95d-ef8c-4c78-99a5-54bbb479ab9f,2026-07-18T13:00:00Z,2026-07-18T15:00:00+0200,-2.02,EUR/MWh,DE,DE_LU,day_ahead_price,value,2026-08-04T01:03:53Z
2026-08-04T00:59:54Z,2026-08-04T02:59:54+0200,e971b95d-ef8c-4c78-99a5-54bbb479ab9f,2026-07-18T13:15:00Z,2026-07-18T15:15:00+0200,-2.24,EUR/MWh,DE,DE_LU,day_ahead_price,value,2026-08-04T01:03:53Z
2026-08-04T00:59:54Z,2026-08-04T02:59:54+0200,e971b95d-ef8c-4c78-99a5-54bbb479ab9f,2026-07-18T13:30:00Z,2026-07-18T15:30:00+0200,-2.66,EUR/MWh,DE,DE_LU,day_ahead_price,value,2026-08-04T01:03:53Z
2026-08-04T00:59:54Z,2026-08-04T02:59:54+0200,e971b95d-ef8c-4c78-99a5-54bbb479ab9f,2026-07-18T13:45:00Z,2026-07-18T15:45:00+0200,-4.87,EUR/MWh,DE,DE_LU,day_ahead_price,value,2026-08-04T01:03:53Z
2026-08-04T00:59:54Z,2026-08-04T02:59:54+0200,e971b95d-ef8c-4c78-99a5-54bbb479ab9f,2026-07-18T14:00:00Z,2026-07-18T16:00:00+0200,-2.01,EUR/MWh,DE,DE_LU,day_ahead_price,value,2026-08-04T01:03:53Z
2026-08-04T00:59:54Z,2026-08-04T02:59:54+0200,e971b95d-ef8c-4c78-99a5-54bbb479ab9f,2026-07-18T14:15:00Z,2026-07-18T16:15:00+0200,-2.02,EUR/MWh,DE,DE_LU,day_ahead_price,value,2026-08-04T01:03:53Z
2026-08-04T00:59:54Z,2026-08-04T02:59:54+0200,e971b95d-ef8c-4c78-99a5-54bbb479ab9f,2026-07-18T14:30:00Z,2026-07-18T16:30:00+0200,-1.91,EUR/MWh,DE,DE_LU,day_ahead_price,value,2026-08-04T01:03:53Z
2026-08-04T00:59:54Z,2026-08-04T02:59:54+0200,e971b95d-ef8c-4c78-99a5-54bbb479ab9f,2026-07-18T14:45:00Z,2026-07-18T16:45:00+0200,-1.1,EUR/MWh,DE,DE_LU,day_ahead_price,value,2026-08-04T01:03:53Z
2026-08-04T00:59:54Z,2026-08-04T02:59:54+0200,e971b95d-ef8c-4c78-99a5-54bbb479ab9f,2026-07-18T15:00:00Z,2026-07-18T17:00:00+0200,-0.45,EUR/MWh,DE,DE_LU,day_ahead_price,value,2026-08-04T01:03:53Z
2026-08-04T00:59:54Z,2026-08-04T02:59:54+0200,e971b95d-ef8c-4c78-99a5-54bbb479ab9f,2026-07-18T15:15:00Z,2026-07-18T17:15:00+0200,-0.01,EUR/MWh,DE,DE_LU,day_ahead_price,value,2026-08-04T01:03:53Z
2026-08-04T00:59:54Z,2026-08-04T02:59:54+0200,e971b95d-ef8c-4c78-99a5-54bbb479ab9f,2026-07-18T15:30:00Z,2026-07-18T17:30:00+0200,0.0,EUR/MWh,DE,DE_LU,day_ahead_price,value,2026-08-04T01:03:53Z
2026-08-04T00:59:54Z,2026-08-04T02:59:54+0200,e971b95d-ef8c-4c78-99a5-54bbb479ab9f,2026-07-18T15:45:00Z,2026-07-18T17:45:00+0200,2.19,EUR/MWh,DE,DE_LU,day_ahead_price,value,2026-08-04T01:03:53Z
2026-08-04T00:59:54Z,2026-08-04T02:59:54+0200,e971b95d-ef8c-4c78-99a5-54bbb479ab9f,2026-07-18T16:00:00Z,2026-07-18T18:00:00+0200,1.38,EUR/MWh,DE,DE_LU,day_ahead_price,value,2026-08-04T01:03:53Z
2026-08-04T00:59:54Z,2026-08-04T02:59:54+0200,e971b95d-ef8c-4c78-99a5-54bbb479ab9f,2026-07-18T16:15:00Z,2026-07-18T18:15:00+0200,39.69,EUR/MWh,DE,DE_LU,day_ahead_price,value,2026-08-04T01:03:53Z
2026-08-04T00:59:54Z,2026-08-04T02:59:54+0200,e971b95d-ef8c-4c78-99a5-54bbb479ab9f,2026-07-18T16:30:00Z,2026-07-18T18:30:00+0200,82.52,EUR/MWh,DE,DE_LU,day_ahead_price,value,2026-08-04T01:03:53Z
2026-08-04T00:59:54Z,2026-08-04T02:59:54+0200,e971b95d-ef8c-4c78-99a5-54bbb479ab9f,2026-07-18T16:45:00Z,2026-07-18T18:45:00+0200,100.1,EUR/MWh,DE,DE_LU,day_ahead_price,value,2026-08-04T01:03:53Z
2026-08-04T00:59:54Z,2026-08-04T02:59:54+0200,e971b95d-ef8c-4c78-99a5-54bbb479ab9f,2026-07-18T17:00:00Z,2026-07-18T19:00:00+0200,87.96,EUR/MWh,DE,DE_LU,day_ahead_price,value,2026-08-04T01:03:53Z
2026-08-04T00:59:54Z,2026-08-04T02:59:54+0200,e971b95d-ef8c-4c78-99a5-54bbb479ab9f,2026-07-18T17:15:00Z,2026-07-18T19:15:00+0200,110.59,EUR/MWh,DE,DE_LU,day_ahead_price,value,2026-08-04T01:03:53Z
2026-08-04T00:59:54Z,2026-08-04T02:59:54+0200,e971b95d-ef8c-4c78-99a5-54bbb479ab9f,2026-07-18T17:30:00Z,2026-07-18T19:30:00+0200,117.24,EUR/MWh,DE,DE_LU,day_ahead_price,value,2026-08-04T01:03:53Z
2026-08-04T00:59:54Z,2026-08-04T02:59:54+0200,e971b95d-ef8c-4c78-99a5-54bbb479ab9f,2026-07-18T17:45:00Z,2026-07-18T19:45:00+0200,125.01,EUR/MWh,DE,DE_LU,day_ahead_price,value,2026-08-04T01:03:53Z
2026-08-04T00:59:54Z,2026-08-04T02:59:54+0200,e971b95d-ef8c-4c78-99a5-54bbb479ab9f,2026-07-18T18:00:00Z,2026-07-18T20:00:00+0200,120.49,EUR/MWh,DE,DE_LU,day_ahead_price,value,2026-08-04T01:03:53Z
2026-08-04T00:59:54Z,2026-08-04T02:59:54+0200,e971b95d-ef8c-4c78-99a5-54bbb479ab9f,2026-07-18T18:15:00Z,2026-07-18T20:15:00+0200,129.99,EUR/MWh,DE,DE_LU,day_ahead_price,value,2026-08-04T01:03:53Z
2026-08-04T00:59:54Z,2026-08-04T02:59:54+0200,e971b95d-ef8c-4c78-99a5-54bbb479ab9f,2026-07-18T18:30:00Z,2026-07-18T20:30:00+0200,135.66,EUR/MWh,DE,DE_LU,day_ahead_price,value,2026-08-04T01:03:53Z
2026-08-04T00:59:54Z,2026-08-04T02:59:54+0200,e971b95d-ef8c-4c78-99a5-54bbb479ab9f,2026-07-18T18:45:00Z,2026-07-18T20:45:00+0200,142.54,EUR/MWh,DE,DE_LU,day_ahead_price,value,2026-08-04T01:03:53Z
2026-08-04T00:59:54Z,2026-08-04T02:59:54+0200,e971b95d-ef8c-4c78-99a5-54bbb479ab9f,2026-07-18T19:00:00Z,2026-07-18T21:00:00+0200,143.14,EUR/MWh,DE,DE_LU,day_ahead_price,value,2026-08-04T01:03:53Z
2026-08-04T00:59:54Z,2026-08-04T02:59:54+0200,e971b95d-ef8c-4c78-99a5-54bbb479ab9f,2026-07-18T19:15:00Z,2026-07-18T21:15:00+0200,142.73,EUR/MWh,DE,DE_LU,day_ahead_price,value,2026-08-04T01:03:53Z
2026-08-04T00:59:54Z,2026-08-04T02:59:54+0200,e971b95d-ef8c-4c78-99a5-54bbb479ab9f,2026-07-18T19:30:00Z,2026-07-18T21:30:00+0200,145.49,EUR/MWh,DE,DE_LU,day_ahead_price,value,2026-08-04T01:03:53Z
2026-08-04T00:59:54Z,2026-08-04T02:59:54+0200,e971b95d-ef8c-4c78-99a5-54bbb479ab9f,2026-07-18T19:45:00Z,2026-07-18T21:45:00+0200,152.44,EUR/MWh,DE,DE_LU,day_ahead_price,value,2026-08-04T01:03:53Z
2026-08-04T00:59:54Z,2026-08-04T02:59:54+0200,e971b95d-ef8c-4c78-99a5-54bbb479ab9f,2026-07-18T20:00:00Z,2026-07-18T22:00:00+0200,153.58,EUR/MWh,DE,DE_LU,day_ahead_price,value,2026-08-04T01:03:53Z
2026-08-04T00:59:54Z,2026-08-04T02:59:54+0200,e971b95d-ef8c-4c78-99a5-54bbb479ab9f,2026-07-18T20:15:00Z,2026-07-18T22:15:00+0200,153.09,EUR/MWh,DE,DE_LU,day_ahead_price,value,2026-08-04T01:03:53Z
2026-08-04T00:59:54Z,2026-08-04T02:59:54+0200,e971b95d-ef8c-4c78-99a5-54bbb479ab9f,2026-07-18T20:30:00Z,2026-07-18T22:30:00+0200,152.97,EUR/MWh,DE,DE_LU,day_ahead_price,value,2026-08-04T01:03:53Z
2026-08-04T00:59:54Z,2026-08-04T02:59:54+0200,e971b95d-ef8c-4c78-99a5-54bbb479ab9f,2026-07-18T20:45:00Z,2026-07-18T22:45:00+0200,150.21,EUR/MWh,DE,DE_LU,day_ahead_price,value,2026-08-04T01:03:53Z
2026-08-04T00:59:54Z,2026-08-04T02:59:54+0200,e971b95d-ef8c-4c78-99a5-54bbb479ab9f,2026-07-18T21:00:00Z,2026-07-18T23:00:00+0200,150.41,EUR/MWh,DE,DE_LU,day_ahead_price,value,2026-08-04T01:03:53Z
2026-08-04T00:59:54Z,2026-08-04T02:59:54+0200,e971b95d-ef8c-4c78-99a5-54bbb479ab9f,2026-07-18T21:15:00Z,2026-07-18T23:15:00+0200,148.79,EUR/MWh,DE,DE_LU,day_ahead_price,value,2026-08-04T01:03:53Z
2026-08-04T00:59:54Z,2026-08-04T02:59:54+0200,e971b95d-ef8c-4c78-99a5-54bbb479ab9f,2026-07-18T21:30:00Z,2026-07-18T23:30:00+0200,146.79,EUR/MWh,DE,DE_LU,day_ahead_price,value,2026-08-04T01:03:53Z
2026-08-04T00:59:54Z,2026-08-04T02:59:54+0200,e971b95d-ef8c-4c78-99a5-54bbb479ab9f,2026-07-18T21:45:00Z,2026-07-18T23:45:00+0200,137.06,EUR/MWh,DE,DE_LU,day_ahead_price,value,2026-08-04T01:03:53Z
2026-08-04T00:59:54Z,2026-08-04T02:59:54+0200,e971b95d-ef8c-4c78-99a5-54bbb479ab9f,2026-07-18T22:00:00Z,2026-07-19T00:00:00+0200,145.59,EUR/MWh,DE,DE_LU,day_ahead_price,value,2026-08-04T01:03:53Z
2026-08-04T00:59:54Z,2026-08-04T02:59:54+0200,e971b95d-ef8c-4c78-99a5-54bbb479ab9f,2026-07-18T22:15:00Z,2026-07-19T00:15:00+0200,142.6,EUR/MWh,DE,DE_LU,day_ahead_price,value,2026-08-04T01:03:53Z
2026-08-04T00:59:54Z,2026-08-04T02:59:54+0200,e971b95d-ef8c-4c78-99a5-54bbb479ab9f,2026-07-18T22:30:00Z,2026-07-19T00:30:00+0200,135.63,EUR/MWh,DE,DE_LU,day_ahead_price,value,2026-08-04T01:03:53Z
2026-08-04T00:59:54Z,2026-08-04T02:59:54+0200,e971b95d-ef8c-4c78-99a5-54bbb479ab9f,2026-07-18T22:45:00Z,2026-07-19T00:45:00+0200,130.97,EUR/MWh,DE,DE_LU,day_ahead_price,value,2026-08-04T01:03:53Z
2026-08-04T00:59:54Z,2026-08-04T02:59:54+0200,e971b95d-ef8c-4c78-99a5-54bbb479ab9f,2026-07-18T23:00:00Z,2026-07-19T01:00:00+0200,135.0,EUR/MWh,DE,DE_LU,day_ahead_price,value,2026-08-04T01:03:53Z
2026-08-04T00:59:54Z,2026-08-04T02:59:54+0200,e971b95d-ef8c-4c78-99a5-54bbb479ab9f,2026-07-18T23:15:00Z,2026-07-19T01:15:00+0200,132.23,EUR/MWh,DE,DE_LU,day_ahead_price,value,2026-08-04T01:03:53Z
2026-08-04T00:59:54Z,2026-08-04T02:59:54+0200,e971b95d-ef8c-4c78-99a5-54bbb479ab9f,2026-07-18T23:30:00Z,2026-07-19T01:30:00+0200,130.06,EUR/MWh,DE,DE_LU,day_ahead_price,value,2026-08-04T01:03:53Z
2026-08-04T00:59:54Z,2026-08-04T02:59:54+0200,e971b95d-ef8c-4c78-99a5-54bbb479ab9f,2026-07-18T23:45:00Z,2026-07-19T01:45:00+0200,125.68,EUR/MWh,DE,DE_LU,day_ahead_price,value,2026-08-04T01:03:53Z
2026-08-04T00:59:54Z,2026-08-04T02:59:54+0200,e971b95d-ef8c-4c78-99a5-54bbb479ab9f,2026-07-19T00:00:00Z,2026-07-19T02:00:00+0200,127.55,EUR/MWh,DE,DE_LU,day_ahead_price,value,2026-08-04T01:03:53Z
2026-08-04T00:59:54Z,2026-08-04T02:59:54+0200,e971b95d-ef8c-4c78-99a5-54bbb479ab9f,2026-07-19T00:15:00Z,2026-07-19T02:15:00+0200,122.31,EUR/MWh,DE,DE_LU,day_ahead_price,value,2026-08-04T01:03:53Z
2026-08-04T00:59:54Z,2026-08-04T02:59:54+0200,e971b95d-ef8c-4c78-99a5-54bbb479ab9f,2026-07-19T00:30:00Z,2026-07-19T02:30:00+0200,120.85,EUR/MWh,DE,DE_LU,day_ahead_price,value,2026-08-04T01:03:53Z
2026-08-04T00:59:54Z,2026-08-04T02:59:54+0200,e971b95d-ef8c-4c78-99a5-54bbb479ab9f,2026-07-19T00:45:00Z,2026-07-19T02:45:00+0200,116.89,EUR/MWh,DE,DE_LU,day_ahead_price,value,2026-08-04T01:03:53Z
2026-08-04T00:59:54Z,2026-08-04T02:59:54+0200,e971b95d-ef8c-4c78-99a5-54bbb479ab9f,2026-07-19T01:00:00Z,2026-07-19T03:00:00+0200,121.07,EUR/MWh,DE,DE_LU,day_ahead_price,value,2026-08-04T01:03:53Z
2026-08-04T00:59:54Z,2026-08-04T02:59:54+0200,e971b95d-ef8c-4c78-99a5-54bbb479ab9f,2026-07-19T01:15:00Z,2026-07-19T03:15:00+0200,120.09,EUR/MWh,DE,DE_LU,day_ahead_price,value,2026-08-04T01:03:53Z
2026-08-04T00:59:54Z,2026-08-04T02:59:54+0200,e971b95d-ef8c-4c78-99a5-54bbb479ab9f,2026-07-19T01:30:00Z,2026-07-19T03:30:00+0200,118.93,EUR/MWh,DE,DE_LU,day_ahead_price,value,2026-08-04T01:03:53Z
2026-08-04T00:59:54Z,2026-08-04T02:59:54+0200,e971b95d-ef8c-4c78-99a5-54bbb479ab9f,2026-07-19T01:45:00Z,2026-07-19T03:45:00+0200,115.5,EUR/MWh,DE,DE_LU,day_ahead_price,value,2026-08-04T01:03:53Z
2026-08-04T00:59:54Z,2026-08-04T02:59:54+0200,e971b95d-ef8c-4c78-99a5-54bbb479ab9f,2026-07-19T02:00:00Z,2026-07-19T04:00:00+0200,119.53,EUR/MWh,DE,DE_LU,day_ahead_price,value,2026-08-04T01:03:53Z
2026-08-04T00:59:54Z,2026-08-04T02:59:54+0200,e971b95d-ef8c-4c78-99a5-54bbb479ab9f,2026-07-19T02:15:00Z,2026-07-19T04:15:00+0200,116.11,EUR/MWh,DE,DE_LU,day_ahead_price,value,2026-08-04T01:03:53Z
2026-08-04T00:59:54Z,2026-08-04T02:59:54+0200,e971b95d-ef8c-4c78-99a5-54bbb479ab9f,2026-07-19T02:30:00Z,2026-07-19T04:30:00+0200,113.85,EUR/MWh,DE,DE_LU,day_ahead_price,value,2026-08-04T01:03:53Z
2026-08-04T00:59:54Z,2026-08-04T02:59:54+0200,e971b95d-ef8c-4c78-99a5-54bbb479ab9f,2026-07-19T02:45:00Z,2026-07-19T04:45:00+0200,111.61,EUR/MWh,DE,DE_LU,day_ahead_price,value,2026-08-04T01:03:53Z
2026-08-04T00:59:54Z,2026-08-04T02:59:54+0200,e971b95d-ef8c-4c78-99a5-54bbb479ab9f,2026-07-19T03:00:00Z,2026-07-19T05:00:00+0200,113.18,EUR/MWh,DE,DE_LU,day_ahead_price,value,2026-08-04T01:03:53Z
2026-08-04T00:59:54Z,2026-08-04T02:59:54+0200,e971b95d-ef8c-4c78-99a5-54bbb479ab9f,2026-07-19T03:15:00Z,2026-07-19T05:15:00+0200,110.1,EUR/MWh,DE,DE_LU,day_ahead_price,value,2026-08-04T01:03:53Z
2026-08-04T00:59:54Z,2026-08-04T02:59:54+0200,e971b95d-ef8c-4c78-99a5-54bbb479ab9f,2026-07-19T03:30:00Z,2026-07-19T05:30:00+0200,108.94,EUR/MWh,DE,DE_LU,day_ahead_price,value,2026-08-04T01:03:53Z
2026-08-04T00:59:54Z,2026-08-04T02:59:54+0200,e971b95d-ef8c-4c78-99a5-54bbb479ab9f,2026-07-19T03:45:00Z,2026-07-19T05:45:00+0200,105.45,EUR/MWh,DE,DE_LU,day_ahead_price,value,2026-08-04T01:03:53Z
2026-08-04T00:59:54Z,2026-08-04T02:59:54+0200,e971b95d-ef8c-4c78-99a5-54bbb479ab9f,2026-07-19T04:00:00Z,2026-07-19T06:00:00+0200,109.53,EUR/MWh,DE,DE_LU,day_ahead_price,value,2026-08-04T01:03:53Z
2026-08-04T00:59:54Z,2026-08-04T02:59:54+0200,e971b95d-ef8c-4c78-99a5-54bbb479ab9f,2026-07-19T04:15:00Z,2026-07-19T06:15:00+0200,103.79,EUR/MWh,DE,DE_LU,day_ahead_price,value,2026-08-04T01:03:53Z
2026-08-04T00:59:54Z,2026-08-04T02:59:54+0200,e971b95d-ef8c-4c78-99a5-54bbb479ab9f,2026-07-19T04:30:00Z,2026-07-19T06:30:00+0200,101.23,EUR/MWh,DE,DE_LU,day_ahead_price,value,2026-08-04T01:03:53Z
2026-08-04T00:59:54Z,2026-08-04T02:59:54+0200,e971b95d-ef8c-4c78-99a5-54bbb479ab9f,2026-07-19T04:45:00Z,2026-07-19T06:45:00+0200,92.84,EUR/MWh,DE,DE_LU,day_ahead_price,value,2026-08-04T01:03:53Z
2026-08-04T00:59:54Z,2026-08-04T02:59:54+0200,e971b95d-ef8c-4c78-99a5-54bbb479ab9f,2026-07-19T05:00:00Z,2026-07-19T07:00:00+0200,100.73,EUR/MWh,DE,DE_LU,day_ahead_price,value,2026-08-04T01:03:53Z
2026-08-04T00:59:54Z,2026-08-04T02:59:54+0200,e971b95d-ef8c-4c78-99a5-54bbb479ab9f,2026-07-19T05:15:00Z,2026-07-19T07:15:00+0200,92.07,EUR/MWh,DE,DE_LU,day_ahead_price,value,2026-08-04T01:03:53Z
2026-08-04T00:59:54Z,2026-08-04T02:59:54+0200,e971b95d-ef8c-4c78-99a5-54bbb479ab9f,2026-07-19T05:30:00Z,2026-07-19T07:30:00+0200,88.25,EUR/MWh,DE,DE_LU,day_ahead_price,value,2026-08-04T01:03:53Z
2026-08-04T00:59:54Z,2026-08-04T02:59:54+0200,e971b95d-ef8c-4c78-99a5-54bbb479ab9f,2026-07-19T05:45:00Z,2026-07-19T07:45:00+0200,72.79,EUR/MWh,DE,DE_LU,day_ahead_price,value,2026-08-04T01:03:53Z
2026-08-04T00:59:54Z,2026-08-04T02:59:54+0200,e971b95d-ef8c-4c78-99a5-54bbb479ab9f,2026-07-19T06:00:00Z,2026-07-19T08:00:00+0200,74.18,EUR/MWh,DE,DE_LU,day_ahead_price,value,2026-08-04T01:03:53Z
2026-08-04T00:59:54Z,2026-08-04T02:59:54+0200,e971b95d-ef8c-4c78-99a5-54bbb479ab9f,2026-07-19T06:15:00Z,2026-07-19T08:15:00+0200,57.66,EUR/MWh,DE,DE_LU,day_ahead_price,value,2026-08-04T01:03:53Z
2026-08-04T00:59:54Z,2026-08-04T02:59:54+0200,e971b95d-ef8c-4c78-99a5-54bbb479ab9f,2026-07-19T06:30:00Z,2026-07-19T08:30:00+0200,30.29,EUR/MWh,DE,DE_LU,day_ahead_price,value,2026-08-04T01:03:53Z
2026-08-04T00:59:54Z,2026-08-04T02:59:54+0200,e971b95d-ef8c-4c78-99a5-54bbb479ab9f,2026-07-19T06:45:00Z,2026-07-19T08:45:00+0200,10.5,EUR/MWh,DE,DE_LU,day_ahead_price,value,2026-08-04T01:03:53Z
2026-08-04T00:59:54Z,2026-08-04T02:59:54+0200,e971b95d-ef8c-4c78-99a5-54bbb479ab9f,2026-07-19T07:00:00Z,2026-07-19T09:00:00+0200,10.51,EUR/MWh,DE,DE_LU,day_ahead_price,value,2026-08-04T01:03:53Z
2026-08-04T00:59:54Z,2026-08-04T02:59:54+0200,e971b95d-ef8c-4c78-99a5-54bbb479ab9f,2026-07-19T07:15:00Z,2026-07-19T09:15:00+0200,4.43,EUR/MWh,DE,DE_LU,day_ahead_price,value,2026-08-04T01:03:53Z
2026-08-04T00:59:54Z,2026-08-04T02:59:54+0200,e971b95d-ef8c-4c78-99a5-54bbb479ab9f,2026-07-19T07:30:00Z,2026-07-19T09:30:00+0200,1.45,EUR/MWh,DE,DE_LU,day_ahead_price,value,2026-08-04T01:03:53Z
2026-08-04T00:59:54Z,2026-08-04T02:59:54+0200,e971b95d-ef8c-4c78-99a5-54bbb479ab9f,2026-07-19T07:45:00Z,2026-07-19T09:45:00+0200,0.27,EUR/MWh,DE,DE_LU,day_ahead_price,value,2026-08-04T01:03:53Z
2026-08-04T00:59:54Z,2026-08-04T02:59:54+0200,e971b95d-ef8c-4c78-99a5-54bbb479ab9f,2026-07-19T08:00:00Z,2026-07-19T10:00:00+0200,0.06,EUR/MWh,DE,DE_LU,day_ahead_price,value,2026-08-04T01:03:53Z
2026-08-04T00:59:54Z,2026-08-04T02:59:54+0200,e971b95d-ef8c-4c78-99a5-54bbb479ab9f,2026-07-19T08:15:00Z,2026-07-19T10:15:00+0200,0.0,EUR/MWh,DE,DE_LU,day_ahead_price,value,2026-08-04T01:03:53Z
2026-08-04T00:59:54Z,2026-08-04T02:59:54+0200,e971b95d-ef8c-4c78-99a5-54bbb479ab9f,2026-07-19T08:30:00Z,2026-07-19T10:30:00+0200,0.0,EUR/MWh,DE,DE_LU,day_ahead_price,value,2026-08-04T01:03:53Z
2026-08-04T00:59:54Z,2026-08-04T02:59:54+0200,e971b95d-ef8c-4c78-99a5-54bbb479ab9f,2026-07-19T08:45:00Z,2026-07-19T10:45:00+0200,0.0,EUR/MWh,DE,DE_LU,day_ahead_price,value,2026-08-04T01:03:53Z
2026-08-04T00:59:54Z,2026-08-04T02:59:54+0200,e971b95d-ef8c-4c78-99a5-54bbb479ab9f,2026-07-19T09:00:00Z,2026-07-19T11:00:00+0200,-0.01,EUR/MWh,DE,DE_LU,day_ahead_price,value,2026-08-04T01:03:53Z
2026-08-04T00:59:54Z,2026-08-04T02:59:54+0200,e971b95d-ef8c-4c78-99a5-54bbb479ab9f,2026-07-19T09:15:00Z,2026-07-19T11:15:00+0200,-0.02,EUR/MWh,DE,DE_LU,day_ahead_price,value,2026-08-04T01:03:53Z
2026-08-04T00:59:54Z,2026-08-04T02:59:54+0200,e971b95d-ef8c-4c78-99a5-54bbb479ab9f,2026-07-19T09:30:00Z,2026-07-19T11:30:00+0200,-0.04,EUR/MWh,DE,DE_LU,day_ahead_price,value,2026-08-04T01:03:53Z
2026-08-04T00:59:54Z,2026-08-04T02:59:54+0200,e971b95d-ef8c-4c78-99a5-54bbb479ab9f,2026-07-19T09:45:00Z,2026-07-19T11:45:00+0200,-0.11,EUR/MWh,DE,DE_LU,day_ahead_price,value,2026-08-04T01:03:53Z
2026-08-04T00:59:54Z,2026-08-04T02:59:54+0200,e971b95d-ef8c-4c78-99a5-54bbb479ab9f,2026-07-19T10:00:00Z,2026-07-19T12:00:00+0200,-0.44,EUR/MWh,DE,DE_LU,day_ahead_price,value,2026-08-04T01:03:53Z
2026-08-04T00:59:54Z,2026-08-04T02:59:54+0200,e971b95d-ef8c-4c78-99a5-54bbb479ab9f,2026-07-19T10:15:00Z,2026-07-19T12:15:00+0200,-0.73,EUR/MWh,DE,DE_LU,day_ahead_price,value,2026-08-04T01:03:53Z
2026-08-04T00:59:54Z,2026-08-04T02:59:54+0200,e971b95d-ef8c-4c78-99a5-54bbb479ab9f,2026-07-19T10:30:00Z,2026-07-19T12:30:00+0200,-0.8,EUR/MWh,DE,DE_LU,day_ahead_price,value,2026-08-04T01:03:53Z
2026-08-04T00:59:54Z,2026-08-04T02:59:54+0200,e971b95d-ef8c-4c78-99a5-54bbb479ab9f,2026-07-19T10:45:00Z,2026-07-19T12:45:00+0200,-1.0,EUR/MWh,DE,DE_LU,day_ahead_price,value,2026-08-04T01:03:53Z
2026-08-04T00:59:54Z,2026-08-04T02:59:54+0200,e971b95d-ef8c-4c78-99a5-54bbb479ab9f,2026-07-19T11:00:00Z,2026-07-19T13:00:00+0200,-1.19,EUR/MWh,DE,DE_LU,day_ahead_price,value,2026-08-04T01:03:53Z
2026-08-04T00:59:54Z,2026-08-04T02:59:54+0200,e971b95d-ef8c-4c78-99a5-54bbb479ab9f,2026-07-19T11:15:00Z,2026-07-19T13:15:00+0200,-2.36,EUR/MWh,DE,DE_LU,day_ahead_price,value,2026-08-04T01:03:53Z
2026-08-04T00:59:54Z,2026-08-04T02:59:54+0200,e971b95d-ef8c-4c78-99a5-54bbb479ab9f,2026-07-19T11:30:00Z,2026-07-19T13:30:00+0200,-3.09,EUR/MWh,DE,DE_LU,day_ahead_price,value,2026-08-04T01:03:53Z
2026-08-04T00:59:54Z,2026-08-04T02:59:54+0200,e971b95d-ef8c-4c78-99a5-54bbb479ab9f,2026-07-19T11:45:00Z,2026-07-19T13:45:00+0200,-4.07,EUR/MWh,DE,DE_LU,day_ahead_price,value,2026-08-04T01:03:53Z
2026-08-04T00:59:54Z,2026-08-04T02:59:54+0200,e971b95d-ef8c-4c78-99a5-54bbb479ab9f,2026-07-19T12:00:00Z,2026-07-19T14:00:00+0200,-4.62,EUR/MWh,DE,DE_LU,day_ahead_price,value,2026-08-04T01:03:53Z
2026-08-04T00:59:54Z,2026-08-04T02:59:54+0200,e971b95d-ef8c-4c78-99a5-54bbb479ab9f,2026-07-19T12:15:00Z,2026-07-19T14:15:00+0200,-5.0,EUR/MWh,DE,DE_LU,day_ahead_price,value,2026-08-04T01:03:53Z
2026-08-04T00:59:54Z,2026-08-04T02:59:54+0200,e971b95d-ef8c-4c78-99a5-54bbb479ab9f,2026-07-19T12:30:00Z,2026-07-19T14:30:00+0200,-5.0,EUR/MWh,DE,DE_LU,day_ahead_price,value,2026-08-04T01:03:53Z
2026-08-04T00:59:54Z,2026-08-04T02:59:54+0200,e971b95d-ef8c-4c78-99a5-54bbb479ab9f,2026-07-19T12:45:00Z,2026-07-19T14:45:00+0200,-5.37,EUR/MWh,DE,DE_LU,day_ahead_price,value,2026-08-04T01:03:53Z
2026-08-04T00:59:54Z,2026-08-04T02:59:54+0200,e971b95d-ef8c-4c78-99a5-54bbb479ab9f,2026-07-19T13:00:00Z,2026-07-19T15:00:00+0200,-5.69,EUR/MWh,DE,DE_LU,day_ahead_price,value,2026-08-04T01:03:53Z
2026-08-04T00:59:54Z,2026-08-04T02:59:54+0200,e971b95d-ef8c-4c78-99a5-54bbb479ab9f,2026-07-19T13:15:00Z,2026-07-19T15:15:00+0200,-5.29,EUR/MWh,DE,DE_LU,day_ahead_price,value,2026-08-04T01:03:53Z
2026-08-04T00:59:54Z,2026-08-04T02:59:54+0200,e971b95d-ef8c-4c78-99a5-54bbb479ab9f,2026-07-19T13:30:00Z,2026-07-19T15:30:00+0200,-4.83,EUR/MWh,DE,DE_LU,day_ahead_price,value,2026-08-04T01:03:53Z
2026-08-04T00:59:54Z,2026-08-04T02:59:54+0200,e971b95d-ef8c-4c78-99a5-54bbb479ab9f,2026-07-19T13:45:00Z,2026-07-19T15:45:00+0200,-4.01,EUR/MWh,DE,DE_LU,day_ahead_price,value,2026-08-04T01:03:53Z
2026-08-04T00:59:54Z,2026-08-04T02:59:54+0200,e971b95d-ef8c-4c78-99a5-54bbb479ab9f,2026-07-19T14:00:00Z,2026-07-19T16:00:00+0200,-2.31,EUR/MWh,DE,DE_LU,day_ahead_price,value,2026-08-04T01:03:53Z
2026-08-04T00:59:54Z,2026-08-04T02:59:54+0200,e971b95d-ef8c-4c78-99a5-54bbb479ab9f,2026-07-19T14:15:00Z,2026-07-19T16:15:00+0200,-2.84,EUR/MWh,DE,DE_LU,day_ahead_price,value,2026-08-04T01:03:53Z
2026-08-04T00:59:54Z,2026-08-04T02:59:54+0200,e971b95d-ef8c-4c78-99a5-54bbb479ab9f,2026-07-19T14:30:00Z,2026-07-19T16:30:00+0200,-3.4,EUR/MWh,DE,DE_LU,day_ahead_price,value,2026-08-04T01:03:53Z
2026-08-04T00:59:54Z,2026-08-04T02:59:54+0200,e971b95d-ef8c-4c78-99a5-54bbb479ab9f,2026-07-19T14:45:00Z,2026-07-19T16:45:00+0200,-1.2,EUR/MWh,DE,DE_LU,day_ahead_price,value,2026-08-04T01:03:53Z
2026-08-04T00:59:54Z,2026-08-04T02:59:54+0200,e971b95d-ef8c-4c78-99a5-54bbb479ab9f,2026-07-19T15:00:00Z,2026-07-19T17:00:00+0200,-1.2,EUR/MWh,DE,DE_LU,day_ahead_price,value,2026-08-04T01:03:53Z
2026-08-04T00:59:54Z,2026-08-04T02:59:54+0200,e971b95d-ef8c-4c78-99a5-54bbb479ab9f,2026-07-19T15:15:00Z,2026-07-19T17:15:00+0200,-0.97,EUR/MWh,DE,DE_LU,day_ahead_price,value,2026-08-04T01:03:53Z
2026-08-04T00:59:54Z,2026-08-04T02:59:54+0200,e971b95d-ef8c-4c78-99a5-54bbb479ab9f,2026-07-19T15:30:00Z,2026-07-19T17:30:00+0200,-0.01,EUR/MWh,DE,DE_LU,day_ahead_price,value,2026-08-04T01:03:53Z
2026-08-04T00:59:54Z,2026-08-04T02:59:54+0200,e971b95d-ef8c-4c78-99a5-54bbb479ab9f,2026-07-19T15:45:00Z,2026-07-19T17:45:00+0200,0.6,EUR/MWh,DE,DE_LU,day_ahead_price,value,2026-08-04T01:03:53Z
2026-08-04T00:59:54Z,2026-08-04T02:59:54+0200,e971b95d-ef8c-4c78-99a5-54bbb479ab9f,2026-07-19T16:00:00Z,2026-07-19T18:00:00+0200,0.68,EUR/MWh,DE,DE_LU,day_ahead_price,value,2026-08-04T01:03:53Z
2026-08-04T00:59:54Z,2026-08-04T02:59:54+0200,e971b95d-ef8c-4c78-99a5-54bbb479ab9f,2026-07-19T16:15:00Z,2026-07-19T18:15:00+0200,29.42,EUR/MWh,DE,DE_LU,day_ahead_price,value,2026-08-04T01:03:53Z
2026-08-04T00:59:54Z,2026-08-04T02:59:54+0200,e971b95d-ef8c-4c78-99a5-54bbb479ab9f,2026-07-19T16:30:00Z,2026-07-19T18:30:00+0200,62.58,EUR/MWh,DE,DE_LU,day_ahead_price,value,2026-08-04T01:03:53Z
2026-08-04T00:59:54Z,2026-08-04T02:59:54+0200,e971b95d-ef8c-4c78-99a5-54bbb479ab9f,2026-07-19T16:45:00Z,2026-07-19T18:45:00+0200,98.69,EUR/MWh,DE,DE_LU,day_ahead_price,value,2026-08-04T01:03:53Z
2026-08-04T00:59:54Z,2026-08-04T02:59:54+0200,e971b95d-ef8c-4c78-99a5-54bbb479ab9f,2026-07-19T17:00:00Z,2026-07-19T19:00:00+0200,87.8,EUR/MWh,DE,DE_LU,day_ahead_price,value,2026-08-04T01:03:53Z
2026-08-04T00:59:54Z,2026-08-04T02:59:54+0200,e971b95d-ef8c-4c78-99a5-54bbb479ab9f,2026-07-19T17:15:00Z,2026-07-19T19:15:00+0200,109.62,EUR/MWh,DE,DE_LU,day_ahead_price,value,2026-08-04T01:03:53Z
2026-08-04T00:59:54Z,2026-08-04T02:59:54+0200,e971b95d-ef8c-4c78-99a5-54bbb479ab9f,2026-07-19T17:30:00Z,2026-07-19T19:30:00+0200,131.67,EUR/MWh,DE,DE_LU,day_ahead_price,value,2026-08-04T01:03:53Z
2026-08-04T00:59:54Z,2026-08-04T02:59:54+0200,e971b95d-ef8c-4c78-99a5-54bbb479ab9f,2026-07-19T17:45:00Z,2026-07-19T19:45:00+0200,139.55,EUR/MWh,DE,DE_LU,day_ahead_price,value,2026-08-04T01:03:53Z
2026-08-04T00:59:54Z,2026-08-04T02:59:54+0200,e971b95d-ef8c-4c78-99a5-54bbb479ab9f,2026-07-19T18:00:00Z,2026-07-19T20:00:00+0200,128.5,EUR/MWh,DE,DE_LU,day_ahead_price,value,2026-08-04T01:03:53Z
2026-08-04T00:59:54Z,2026-08-04T02:59:54+0200,e971b95d-ef8c-4c78-99a5-54bbb479ab9f,2026-07-19T18:15:00Z,2026-07-19T20:15:00+0200,140.1,EUR/MWh,DE,DE_LU,day_ahead_price,value,2026-08-04T01:03:53Z
2026-08-04T00:59:54Z,2026-08-04T02:59:54+0200,e971b95d-ef8c-4c78-99a5-54bbb479ab9f,2026-07-19T18:30:00Z,2026-07-19T20:30:00+0200,150.91,EUR/MWh,DE,DE_LU,day_ahead_price,value,2026-08-04T01:03:53Z
2026-08-04T00:59:54Z,2026-08-04T02:59:54+0200,e971b95d-ef8c-4c78-99a5-54bbb479ab9f,2026-07-19T18:45:00Z,2026-07-19T20:45:00+0200,156.98,EUR/MWh,DE,DE_LU,day_ahead_price,value,2026-08-04T01:03:53Z
2026-08-04T00:59:54Z,2026-08-04T02:59:54+0200,e971b95d-ef8c-4c78-99a5-54bbb479ab9f,2026-07-19T19:00:00Z,2026-07-19T21:00:00+0200,152.54,EUR/MWh,DE,DE_LU,day_ahead_price,value,2026-08-04T01:03:53Z
2026-08-04T00:59:54Z,2026-08-04T02:59:54+0200,e971b95d-ef8c-4c78-99a5-54bbb479ab9f,2026-07-19T19:15:00Z,2026-07-19T21:15:00+0200,150.38,EUR/MWh,DE,DE_LU,day_ahead_price,value,2026-08-04T01:03:53Z
2026-08-04T00:59:54Z,2026-08-04T02:59:54+0200,e971b95d-ef8c-4c78-99a5-54bbb479ab9f,2026-07-19T19:30:00Z,2026-07-19T21:30:00+0200,149.65,EUR/MWh,DE,DE_LU,day_ahead_price,value,2026-08-04T01:03:53Z
2026-08-04T00:59:54Z,2026-08-04T02:59:54+0200,e971b95d-ef8c-4c78-99a5-54bbb479ab9f,2026-07-19T19:45:00Z,2026-07-19T21:45:00+0200,146.15,EUR/MWh,DE,DE_LU,day_ahead_price,value,2026-08-04T01:03:53Z
2026-08-04T00:59:54Z,2026-08-04T02:59:54+0200,e971b95d-ef8c-4c78-99a5-54bbb479ab9f,2026-07-19T20:00:00Z,2026-07-19T22:00:00+0200,159.18,EUR/MWh,DE,DE_LU,day_ahead_price,value,2026-08-04T01:03:53Z
2026-08-04T00:59:54Z,2026-08-04T02:59:54+0200,e971b95d-ef8c-4c78-99a5-54bbb479ab9f,2026-07-19T20:15:00Z,2026-07-19T22:15:00+0200,150.91,EUR/MWh,DE,DE_LU,day_ahead_price,value,2026-08-04T01:03:53Z
2026-08-04T00:59:54Z,2026-08-04T02:59:54+0200,e971b95d-ef8c-4c78-99a5-54bbb479ab9f,2026-07-19T20:30:00Z,2026-07-19T22:30:00+0200,148.2,EUR/MWh,DE,DE_LU,day_ahead_price,value,2026-08-04T01:03:53Z
2026-08-04T00:59:54Z,2026-08-04T02:59:54+0200,e971b95d-ef8c-4c78-99a5-54bbb479ab9f,2026-07-19T20:45:00Z,2026-07-19T22:45:00+0200,140.34,EUR/MWh,DE,DE_LU,day_ahead_price,value,2026-08-04T01:03:53Z
2026-08-04T00:59:54Z,2026-08-04T02:59:54+0200,e971b95d-ef8c-4c78-99a5-54bbb479ab9f,2026-07-19T21:00:00Z,2026-07-19T23:00:00+0200,151.71,EUR/MWh,DE,DE_LU,day_ahead_price,value,2026-08-04T01:03:53Z
2026-08-04T00:59:54Z,2026-08-04T02:59:54+0200,e971b95d-ef8c-4c78-99a5-54bbb479ab9f,2026-07-19T21:15:00Z,2026-07-19T23:15:00+0200,137.02,EUR/MWh,DE,DE_LU,day_ahead_price,value,2026-08-04T01:03:53Z
2026-08-04T00:59:54Z,2026-08-04T02:59:54+0200,e971b95d-ef8c-4c78-99a5-54bbb479ab9f,2026-07-19T21:30:00Z,2026-07-19T23:30:00+0200,135.65,EUR/MWh,DE,DE_LU,day_ahead_price,value,2026-08-04T01:03:53Z
2026-08-04T00:59:54Z,2026-08-04T02:59:54+0200,e971b95d-ef8c-4c78-99a5-54bbb479ab9f,2026-07-19T21:45:00Z,2026-07-19T23:45:00+0200,128.43,EUR/MWh,DE,DE_LU,day_ahead_price,value,2026-08-04T01:03:53Z
2026-08-04T00:59:54Z,2026-08-04T02:59:54+0200,e971b95d-ef8c-4c78-99a5-54bbb479ab9f,2026-07-19T22:00:00Z,2026-07-20T00:00:00+0200,167.33,EUR/MWh,DE,DE_LU,day_ahead_price,value,2026-08-04T01:03:53Z
2026-08-04T00:59:54Z,2026-08-04T02:59:54+0200,e971b95d-ef8c-4c78-99a5-54bbb479ab9f,2026-07-19T22:15:00Z,2026-07-20T00:15:00+0200,150.11,EUR/MWh,DE,DE_LU,day_ahead_price,value,2026-08-04T01:03:53Z
2026-08-04T00:59:54Z,2026-08-04T02:59:54+0200,e971b95d-ef8c-4c78-99a5-54bbb479ab9f,2026-07-19T22:30:00Z,2026-07-20T00:30:00+0200,140.74,EUR/MWh,DE,DE_LU,day_ahead_price,value,2026-08-04T01:03:53Z
2026-08-04T00:59:54Z,2026-08-04T02:59:54+0200,e971b95d-ef8c-4c78-99a5-54bbb479ab9f,2026-07-19T22:45:00Z,2026-07-20T00:45:00+0200,131.63,EUR/MWh,DE,DE_LU,day_ahead_price,value,2026-08-04T01:03:53Z
2026-08-04T00:59:54Z,2026-08-04T02:59:54+0200,e971b95d-ef8c-4c78-99a5-54bbb479ab9f,2026-07-19T23:00:00Z,2026-07-20T01:00:00+0200,148.25,EUR/MWh,DE,DE_LU,day_ahead_price,value,2026-08-04T01:03:53Z
2026-08-04T00:59:54Z,2026-08-04T02:59:54+0200,e971b95d-ef8c-4c78-99a5-54bbb479ab9f,2026-07-19T23:15:00Z,2026-07-20T01:15:00+0200,140.01,EUR/MWh,DE,DE_LU,day_ahead_price,value,2026-08-04T01:03:53Z
2026-08-04T00:59:54Z,2026-08-04T02:59:54+0200,e971b95d-ef8c-4c78-99a5-54bbb479ab9f,2026-07-19T23:30:00Z,2026-07-20T01:30:00+0200,135.68,EUR/MWh,DE,DE_LU,day_ahead_price,value,2026-08-04T01:03:53Z
2026-08-04T00:59:54Z,2026-08-04T02:59:54+0200,e971b95d-ef8c-4c78-99a5-54bbb479ab9f,2026-07-19T23:45:00Z,2026-07-20T01:45:00+0200,129.99,EUR/MWh,DE,DE_LU,day_ahead_price,value,2026-08-04T01:03:53Z
2026-08-04T00:59:54Z,2026-08-04T02:59:54+0200,e971b95d-ef8c-4c78-99a5-54bbb479ab9f,2026-07-20T00:00:00Z,2026-07-20T02:00:00+0200,132.41,EUR/MWh,DE,DE_LU,day_ahead_price,value,2026-08-04T01:03:53Z
2026-08-04T00:59:54Z,2026-08-04T02:59:54+0200,e971b95d-ef8c-4c78-99a5-54bbb479ab9f,2026-07-20T00:15:00Z,2026-07-20T02:15:00+0200,128.37,EUR/MWh,DE,DE_LU,day_ahead_price,value,2026-08-04T01:03:53Z
2026-08-04T00:59:54Z,2026-08-04T02:59:54+0200,e971b95d-ef8c-4c78-99a5-54bbb479ab9f,2026-07-20T00:30:00Z,2026-07-20T02:30:00+0200,128.49,EUR/MWh,DE,DE_LU,day_ahead_price,value,2026-08-04T01:03:53Z
2026-08-04T00:59:54Z,2026-08-04T02:59:54+0200,e971b95d-ef8c-4c78-99a5-54bbb479ab9f,2026-07-20T00:45:00Z,2026-07-20T02:45:00+0200,126.15,EUR/MWh,DE,DE_LU,day_ahead_price,value,2026-08-04T01:03:53Z
2026-08-04T00:59:54Z,2026-08-04T02:59:54+0200,e971b95d-ef8c-4c78-99a5-54bbb479ab9f,2026-07-20T01:00:00Z,2026-07-20T03:00:00+0200,126.92,EUR/MWh,DE,DE_LU,day_ahead_price,value,2026-08-04T01:03:53Z
2026-08-04T00:59:54Z,2026-08-04T02:59:54+0200,e971b95d-ef8c-4c78-99a5-54bbb479ab9f,2026-07-20T01:15:00Z,2026-07-20T03:15:00+0200,122.69,EUR/MWh,DE,DE_LU,day_ahead_price,value,2026-08-04T01:03:53Z
2026-08-04T00:59:54Z,2026-08-04T02:59:54+0200,e971b95d-ef8c-4c78-99a5-54bbb479ab9f,2026-07-20T01:30:00Z,2026-07-20T03:30:00+0200,122.69,EUR/MWh,DE,DE_LU,day_ahead_price,value,2026-08-04T01:03:53Z
2026-08-04T00:59:54Z,2026-08-04T02:59:54+0200,e971b95d-ef8c-4c78-99a5-54bbb479ab9f,2026-07-20T01:45:00Z,2026-07-20T03:45:00+0200,121.82,EUR/MWh,DE,DE_LU,day_ahead_price,value,2026-08-04T01:03:53Z
2026-08-04T00:59:54Z,2026-08-04T02:59:54+0200,e971b95d-ef8c-4c78-99a5-54bbb479ab9f,2026-07-20T02:00:00Z,2026-07-20T04:00:00+0200,125.04,EUR/MWh,DE,DE_LU,day_ahead_price,value,2026-08-04T01:03:53Z
2026-08-04T00:59:54Z,2026-08-04T02:59:54+0200,e971b95d-ef8c-4c78-99a5-54bbb479ab9f,2026-07-20T02:15:00Z,2026-07-20T04:15:00+0200,130.26,EUR/MWh,DE,DE_LU,day_ahead_price,value,2026-08-04T01:03:53Z
2026-08-04T00:59:54Z,2026-08-04T02:59:54+0200,e971b95d-ef8c-4c78-99a5-54bbb479ab9f,2026-07-20T02:30:00Z,2026-07-20T04:30:00+0200,133.62,EUR/MWh,DE,DE_LU,day_ahead_price,value,2026-08-04T01:03:53Z
2026-08-04T00:59:54Z,2026-08-04T02:59:54+0200,e971b95d-ef8c-4c78-99a5-54bbb479ab9f,2026-07-20T02:45:00Z,2026-07-20T04:45:00+0200,136.16,EUR/MWh,DE,DE_LU,day_ahead_price,value,2026-08-04T01:03:53Z
2026-08-04T00:59:54Z,2026-08-04T02:59:54+0200,e971b95d-ef8c-4c78-99a5-54bbb479ab9f,2026-07-20T03:00:00Z,2026-07-20T05:00:00+0200,132.84,EUR/MWh,DE,DE_LU,day_ahead_price,value,2026-08-04T01:03:53Z
2026-08-04T00:59:54Z,2026-08-04T02:59:54+0200,e971b95d-ef8c-4c78-99a5-54bbb479ab9f,2026-07-20T03:15:00Z,2026-07-20T05:15:00+0200,138.22,EUR/MWh,DE,DE_LU,day_ahead_price,value,2026-08-04T01:03:53Z
2026-08-04T00:59:54Z,2026-08-04T02:59:54+0200,e971b95d-ef8c-4c78-99a5-54bbb479ab9f,2026-07-20T03:30:00Z,2026-07-20T05:30:00+0200,139.35,EUR/MWh,DE,DE_LU,day_ahead_price,value,2026-08-04T01:03:53Z
2026-08-04T00:59:54Z,2026-08-04T02:59:54+0200,e971b95d-ef8c-4c78-99a5-54bbb479ab9f,2026-07-20T03:45:00Z,2026-07-20T05:45:00+0200,144.75,EUR/MWh,DE,DE_LU,day_ahead_price,value,2026-08-04T01:03:53Z
2026-08-04T00:59:54Z,2026-08-04T02:59:54+0200,e971b95d-ef8c-4c78-99a5-54bbb479ab9f,2026-07-20T04:00:00Z,2026-07-20T06:00:00+0200,147.63,EUR/MWh,DE,DE_LU,day_ahead_price,value,2026-08-04T01:03:53Z
2026-08-04T00:59:54Z,2026-08-04T02:59:54+0200,e971b95d-ef8c-4c78-99a5-54bbb479ab9f,2026-07-20T04:15:00Z,2026-07-20T06:15:00+0200,150.01,EUR/MWh,DE,DE_LU,day_ahead_price,value,2026-08-04T01:03:53Z
2026-08-04T00:59:54Z,2026-08-04T02:59:54+0200,e971b95d-ef8c-4c78-99a5-54bbb479ab9f,2026-07-20T04:30:00Z,2026-07-20T06:30:00+0200,150.41,EUR/MWh,DE,DE_LU,day_ahead_price,value,2026-08-04T01:03:53Z
2026-08-04T00:59:54Z,2026-08-04T02:59:54+0200,e971b95d-ef8c-4c78-99a5-54bbb479ab9f,2026-07-20T04:45:00Z,2026-07-20T06:45:00+0200,149.19,EUR/MWh,DE,DE_LU,day_ahead_price,value,2026-08-04T01:03:53Z
2026-08-04T00:59:54Z,2026-08-04T02:59:54+0200,e971b95d-ef8c-4c78-99a5-54bbb479ab9f,2026-07-20T05:00:00Z,2026-07-20T07:00:00+0200,159.92,EUR/MWh,DE,DE_LU,day_ahead_price,value,2026-08-04T01:03:53Z
2026-08-04T00:59:54Z,2026-08-04T02:59:54+0200,e971b95d-ef8c-4c78-99a5-54bbb479ab9f,2026-07-20T05:15:00Z,2026-07-20T07:15:00+0200,152.96,EUR/MWh,DE,DE_LU,day_ahead_price,value,2026-08-04T01:03:53Z
2026-08-04T00:59:54Z,2026-08-04T02:59:54+0200,e971b95d-ef8c-4c78-99a5-54bbb479ab9f,2026-07-20T05:30:00Z,2026-07-20T07:30:00+0200,148.99,EUR/MWh,DE,DE_LU,day_ahead_price,value,2026-08-04T01:03:53Z
2026-08-04T00:59:54Z,2026-08-04T02:59:54+0200,e971b95d-ef8c-4c78-99a5-54bbb479ab9f,2026-07-20T05:45:00Z,2026-07-20T07:45:00+0200,140.24,EUR/MWh,DE,DE_LU,day_ahead_price,value,2026-08-04T01:03:53Z
2026-08-04T00:59:54Z,2026-08-04T02:59:54+0200,e971b95d-ef8c-4c78-99a5-54bbb479ab9f,2026-07-20T06:00:00Z,2026-07-20T08:00:00+0200,159.0,EUR/MWh,DE,DE_LU,day_ahead_price,value,2026-08-04T01:03:53Z
2026-08-04T00:59:54Z,2026-08-04T02:59:54+0200,e971b95d-ef8c-4c78-99a5-54bbb479ab9f,2026-07-20T06:15:00Z,2026-07-20T08:15:00+0200,140.0,EUR/MWh,DE,DE_LU,day_ahead_price,value,2026-08-04T01:03:53Z
2026-08-04T00:59:54Z,2026-08-04T02:59:54+0200,e971b95d-ef8c-4c78-99a5-54bbb479ab9f,2026-07-20T06:30:00Z,2026-07-20T08:30:00+0200,120.7,EUR/MWh,DE,DE_LU,day_ahead_price,value,2026-08-04T01:03:53Z
2026-08-04T00:59:54Z,2026-08-04T02:59:54+0200,e971b95d-ef8c-4c78-99a5-54bbb479ab9f,2026-07-20T06:45:00Z,2026-07-20T08:45:00+0200,104.29,EUR/MWh,DE,DE_LU,day_ahead_price,value,2026-08-04T01:03:53Z
2026-08-04T00:59:54Z,2026-08-04T02:59:54+0200,e971b95d-ef8c-4c78-99a5-54bbb479ab9f,2026-07-20T07:00:00Z,2026-07-20T09:00:00+0200,113.72,EUR/MWh,DE,DE_LU,day_ahead_price,value,2026-08-04T01:03:53Z
2026-08-04T00:59:54Z,2026-08-04T02:59:54+0200,e971b95d-ef8c-4c78-99a5-54bbb479ab9f,2026-07-20T07:15:00Z,2026-07-20T09:15:00+0200,102.0,EUR/MWh,DE,DE_LU,day_ahead_price,value,2026-08-04T01:03:53Z
2026-08-04T00:59:54Z,2026-08-04T02:59:54+0200,e971b95d-ef8c-4c78-99a5-54bbb479ab9f,2026-07-20T07:30:00Z,2026-07-20T09:30:00+0200,89.33,EUR/MWh,DE,DE_LU,day_ahead_price,value,2026-08-04T01:03:53Z
2026-08-04T00:59:54Z,2026-08-04T02:59:54+0200,e971b95d-ef8c-4c78-99a5-54bbb479ab9f,2026-07-20T07:45:00Z,2026-07-20T09:45:00+0200,65.82,EUR/MWh,DE,DE_LU,day_ahead_price,value,2026-08-04T01:03:53Z
2026-08-04T00:59:54Z,2026-08-04T02:59:54+0200,e971b95d-ef8c-4c78-99a5-54bbb479ab9f,2026-07-20T08:00:00Z,2026-07-20T10:00:00+0200,83.1,EUR/MWh,DE,DE_LU,day_ahead_price,value,2026-08-04T01:03:53Z
2026-08-04T00:59:54Z,2026-08-04T02:59:54+0200,e971b95d-ef8c-4c78-99a5-54bbb479ab9f,2026-07-20T08:15:00Z,2026-07-20T10:15:00+0200,73.36,EUR/MWh,DE,DE_LU,day_ahead_price,value,2026-08-04T01:03:53Z
2026-08-04T00:59:54Z,2026-08-04T02:59:54+0200,e971b95d-ef8c-4c78-99a5-54bbb479ab9f,2026-07-20T08:30:00Z,2026-07-20T10:30:00+0200,58.47,EUR/MWh,DE,DE_LU,day_ahead_price,value,2026-08-04T01:03:53Z
2026-08-04T00:59:54Z,2026-08-04T02:59:54+0200,e971b95d-ef8c-4c78-99a5-54bbb479ab9f,2026-07-20T08:45:00Z,2026-07-20T10:45:00+0200,26.16,EUR/MWh,DE,DE_LU,day_ahead_price,value,2026-08-04T01:03:53Z
2026-08-04T00:59:54Z,2026-08-04T02:59:54+0200,e971b95d-ef8c-4c78-99a5-54bbb479ab9f,2026-07-20T09:00:00Z,2026-07-20T11:00:00+0200,31.71,EUR/MWh,DE,DE_LU,day_ahead_price,value,2026-08-04T01:03:53Z
2026-08-04T00:59:54Z,2026-08-04T02:59:54+0200,e971b95d-ef8c-4c78-99a5-54bbb479ab9f,2026-07-20T09:15:00Z,2026-07-20T11:15:00+0200,19.47,EUR/MWh,DE,DE_LU,day_ahead_price,value,2026-08-04T01:03:53Z
2026-08-04T00:59:54Z,2026-08-04T02:59:54+0200,e971b95d-ef8c-4c78-99a5-54bbb479ab9f,2026-07-20T09:30:00Z,2026-07-20T11:30:00+0200,10.0,EUR/MWh,DE,DE_LU,day_ahead_price,value,2026-08-04T01:03:53Z
2026-08-04T00:59:54Z,2026-08-04T02:59:54+0200,e971b95d-ef8c-4c78-99a5-54bbb479ab9f,2026-07-20T09:45:00Z,2026-07-20T11:45:00+0200,1.97,EUR/MWh,DE,DE_LU,day_ahead_price,value,2026-08-04T01:03:53Z
2026-08-04T00:59:54Z,2026-08-04T02:59:54+0200,e971b95d-ef8c-4c78-99a5-54bbb479ab9f,2026-07-20T10:00:00Z,2026-07-20T12:00:00+0200,16.21,EUR/MWh,DE,DE_LU,day_ahead_price,value,2026-08-04T01:03:53Z
2026-08-04T00:59:54Z,2026-08-04T02:59:54+0200,e971b95d-ef8c-4c78-99a5-54bbb479ab9f,2026-07-20T10:15:00Z,2026-07-20T12:15:00+0200,4.12,EUR/MWh,DE,DE_LU,day_ahead_price,value,2026-08-04T01:03:53Z
2026-08-04T00:59:54Z,2026-08-04T02:59:54+0200,e971b95d-ef8c-4c78-99a5-54bbb479ab9f,2026-07-20T10:30:00Z,2026-07-20T12:30:00+0200,6.98,EUR/MWh,DE,DE_LU,day_ahead_price,value,2026-08-04T01:03:53Z
2026-08-04T00:59:54Z,2026-08-04T02:59:54+0200,e971b95d-ef8c-4c78-99a5-54bbb479ab9f,2026-07-20T10:45:00Z,2026-07-20T12:45:00+0200,3.34,EUR/MWh,DE,DE_LU,day_ahead_price,value,2026-08-04T01:03:53Z
2026-08-04T00:59:54Z,2026-08-04T02:59:54+0200,e971b95d-ef8c-4c78-99a5-54bbb479ab9f,2026-07-20T11:00:00Z,2026-07-20T13:00:00+0200,0.05,EUR/MWh,DE,DE_LU,day_ahead_price,value,2026-08-04T01:03:53Z
2026-08-04T00:59:54Z,2026-08-04T02:59:54+0200,e971b95d-ef8c-4c78-99a5-54bbb479ab9f,2026-07-20T11:15:00Z,2026-07-20T13:15:00+0200,0.01,EUR/MWh,DE,DE_LU,day_ahead_price,value,2026-08-04T01:03:53Z
2026-08-04T00:59:54Z,2026-08-04T02:59:54+0200,e971b95d-ef8c-4c78-99a5-54bbb479ab9f,2026-07-20T11:30:00Z,2026-07-20T13:30:00+0200,0.0,EUR/MWh,DE,DE_LU,day_ahead_price,value,2026-08-04T01:03:53Z
2026-08-04T00:59:54Z,2026-08-04T02:59:54+0200,e971b95d-ef8c-4c78-99a5-54bbb479ab9f,2026-07-20T11:45:00Z,2026-07-20T13:45:00+0200,0.0,EUR/MWh,DE,DE_LU,day_ahead_price,value,2026-08-04T01:03:53Z
2026-08-04T00:59:54Z,2026-08-04T02:59:54+0200,e971b95d-ef8c-4c78-99a5-54bbb479ab9f,2026-07-20T12:00:00Z,2026-07-20T14:00:00+0200,0.0,EUR/MWh,DE,DE_LU,day_ahead_price,value,2026-08-04T01:03:53Z
2026-08-04T00:59:54Z,2026-08-04T02:59:54+0200,e971b95d-ef8c-4c78-99a5-54bbb479ab9f,2026-07-20T12:15:00Z,2026-07-20T14:15:00+0200,0.0,EUR/MWh,DE,DE_LU,day_ahead_price,value,2026-08-04T01:03:53Z
2026-08-04T00:59:54Z,2026-08-04T02:59:54+0200,e971b95d-ef8c-4c78-99a5-54bbb479ab9f,2026-07-20T12:30:00Z,2026-07-20T14:30:00+0200,0.02,EUR/MWh,DE,DE_LU,day_ahead_price,value,2026-08-04T01:03:53Z
2026-08-04T00:59:54Z,2026-08-04T02:59:54+0200,e971b95d-ef8c-4c78-99a5-54bbb479ab9f,2026-07-20T12:45:00Z,2026-07-20T14:45:00+0200,0.01,EUR/MWh,DE,DE_LU,day_ahead_price,value,2026-08-04T01:03:53Z
2026-08-04T00:59:54Z,2026-08-04T02:59:54+0200,e971b95d-ef8c-4c78-99a5-54bbb479ab9f,2026-07-20T13:00:00Z,2026-07-20T15:00:00+0200,0.01,EUR/MWh,DE,DE_LU,day_ahead_price,value,2026-08-04T01:03:53Z
2026-08-04T00:59:54Z,2026-08-04T02:59:54+0200,e971b95d-ef8c-4c78-99a5-54bbb479ab9f,2026-07-20T13:15:00Z,2026-07-20T15:15:00+0200,0.03,EUR/MWh,DE,DE_LU,day_ahead_price,value,2026-08-04T01:03:53Z
2026-08-04T00:59:54Z,2026-08-04T02:59:54+0200,e971b95d-ef8c-4c78-99a5-54bbb479ab9f,2026-07-20T13:30:00Z,2026-07-20T15:30:00+0200,0.07,EUR/MWh,DE,DE_LU,day_ahead_price,value,2026-08-04T01:03:53Z
2026-08-04T00:59:54Z,2026-08-04T02:59:54+0200,e971b95d-ef8c-4c78-99a5-54bbb479ab9f,2026-07-20T13:45:00Z,2026-07-20T15:45:00+0200,3.72,EUR/MWh,DE,DE_LU,day_ahead_price,value,2026-08-04T01:03:53Z
2026-08-04T00:59:54Z,2026-08-04T02:59:54+0200,e971b95d-ef8c-4c78-99a5-54bbb479ab9f,2026-07-20T14:00:00Z,2026-07-20T16:00:00+0200,0.03,EUR/MWh,DE,DE_LU,day_ahead_price,value,2026-08-04T01:03:53Z
2026-08-04T00:59:54Z,2026-08-04T02:59:54+0200,e971b95d-ef8c-4c78-99a5-54bbb479ab9f,2026-07-20T14:15:00Z,2026-07-20T16:15:00+0200,0.09,EUR/MWh,DE,DE_LU,day_ahead_price,value,2026-08-04T01:03:53Z
2026-08-04T00:59:54Z,2026-08-04T02:59:54+0200,e971b95d-ef8c-4c78-99a5-54bbb479ab9f,2026-07-20T14:30:00Z,2026-07-20T16:30:00+0200,14.9,EUR/MWh,DE,DE_LU,day_ahead_price,value,2026-08-04T01:03:53Z
2026-08-04T00:59:54Z,2026-08-04T02:59:54+0200,e971b95d-ef8c-4c78-99a5-54bbb479ab9f,2026-07-20T14:45:00Z,2026-07-20T16:45:00+0200,45.4,EUR/MWh,DE,DE_LU,day_ahead_price,value,2026-08-04T01:03:53Z
2026-08-04T00:59:54Z,2026-08-04T02:59:54+0200,e971b95d-ef8c-4c78-99a5-54bbb479ab9f,2026-07-20T15:00:00Z,2026-07-20T17:00:00+0200,23.43,EUR/MWh,DE,DE_LU,day_ahead_price,value,2026-08-04T01:03:53Z
2026-08-04T00:59:54Z,2026-08-04T02:59:54+0200,e971b95d-ef8c-4c78-99a5-54bbb479ab9f,2026-07-20T15:15:00Z,2026-07-20T17:15:00+0200,79.41,EUR/MWh,DE,DE_LU,day_ahead_price,value,2026-08-04T01:03:53Z
2026-08-04T00:59:54Z,2026-08-04T02:59:54+0200,e971b95d-ef8c-4c78-99a5-54bbb479ab9f,2026-07-20T15:30:00Z,2026-07-20T17:30:00+0200,90.1,EUR/MWh,DE,DE_LU,day_ahead_price,value,2026-08-04T01:03:53Z
2026-08-04T00:59:54Z,2026-08-04T02:59:54+0200,e971b95d-ef8c-4c78-99a5-54bbb479ab9f,2026-07-20T15:45:00Z,2026-07-20T17:45:00+0200,106.11,EUR/MWh,DE,DE_LU,day_ahead_price,value,2026-08-04T01:03:53Z
2026-08-04T00:59:54Z,2026-08-04T02:59:54+0200,e971b95d-ef8c-4c78-99a5-54bbb479ab9f,2026-07-20T16:00:00Z,2026-07-20T18:00:00+0200,95.51,EUR/MWh,DE,DE_LU,day_ahead_price,value,2026-08-04T01:03:53Z
2026-08-04T00:59:54Z,2026-08-04T02:59:54+0200,e971b95d-ef8c-4c78-99a5-54bbb479ab9f,2026-07-20T16:15:00Z,2026-07-20T18:15:00+0200,106.67,EUR/MWh,DE,DE_LU,day_ahead_price,value,2026-08-04T01:03:53Z
2026-08-04T00:59:54Z,2026-08-04T02:59:54+0200,e971b95d-ef8c-4c78-99a5-54bbb479ab9f,2026-07-20T16:30:00Z,2026-07-20T18:30:00+0200,127.06,EUR/MWh,DE,DE_LU,day_ahead_price,value,2026-08-04T01:03:53Z
2026-08-04T00:59:54Z,2026-08-04T02:59:54+0200,e971b95d-ef8c-4c78-99a5-54bbb479ab9f,2026-07-20T16:45:00Z,2026-07-20T18:45:00+0200,144.41,EUR/MWh,DE,DE_LU,day_ahead_price,value,2026-08-04T01:03:53Z
2026-08-04T00:59:54Z,2026-08-04T02:59:54+0200,e971b95d-ef8c-4c78-99a5-54bbb479ab9f,2026-07-20T17:00:00Z,2026-07-20T19:00:00+0200,142.32,EUR/MWh,DE,DE_LU,day_ahead_price,value,2026-08-04T01:03:53Z
2026-08-04T00:59:54Z,2026-08-04T02:59:54+0200,e971b95d-ef8c-4c78-99a5-54bbb479ab9f,2026-07-20T17:15:00Z,2026-07-20T19:15:00+0200,152.87,EUR/MWh,DE,DE_LU,day_ahead_price,value,2026-08-04T01:03:53Z
2026-08-04T00:59:54Z,2026-08-04T02:59:54+0200,e971b95d-ef8c-4c78-99a5-54bbb479ab9f,2026-07-20T17:30:00Z,2026-07-20T19:30:00+0200,161.99,EUR/MWh,DE,DE_LU,day_ahead_price,value,2026-08-04T01:03:53Z
2026-08-04T00:59:54Z,2026-08-04T02:59:54+0200,e971b95d-ef8c-4c78-99a5-54bbb479ab9f,2026-07-20T17:45:00Z,2026-07-20T19:45:00+0200,177.87,EUR/MWh,DE,DE_LU,day_ahead_price,value,2026-08-04T01:03:53Z
2026-08-04T00:59:54Z,2026-08-04T02:59:54+0200,e971b95d-ef8c-4c78-99a5-54bbb479ab9f,2026-07-20T18:00:00Z,2026-07-20T20:00:00+0200,165.17,EUR/MWh,DE,DE_LU,day_ahead_price,value,2026-08-04T01:03:53Z
2026-08-04T00:59:54Z,2026-08-04T02:59:54+0200,e971b95d-ef8c-4c78-99a5-54bbb479ab9f,2026-07-20T18:15:00Z,2026-07-20T20:15:00+0200,171.39,EUR/MWh,DE,DE_LU,day_ahead_price,value,2026-08-04T01:03:53Z
2026-08-04T00:59:54Z,2026-08-04T02:59:54+0200,e971b95d-ef8c-4c78-99a5-54bbb479ab9f,2026-07-20T18:30:00Z,2026-07-20T20:30:00+0200,181.65,EUR/MWh,DE,DE_LU,day_ahead_price,value,2026-08-04T01:03:53Z
2026-08-04T00:59:54Z,2026-08-04T02:59:54+0200,e971b95d-ef8c-4c78-99a5-54bbb479ab9f,2026-07-20T18:45:00Z,2026-07-20T20:45:00+0200,194.77,EUR/MWh,DE,DE_LU,day_ahead_price,value,2026-08-04T01:03:53Z
2026-08-04T00:59:54Z,2026-08-04T02:59:54+0200,e971b95d-ef8c-4c78-99a5-54bbb479ab9f,2026-07-20T19:00:00Z,2026-07-20T21:00:00+0200,180.53,EUR/MWh,DE,DE_LU,day_ahead_price,value,2026-08-04T01:03:53Z
2026-08-04T00:59:54Z,2026-08-04T02:59:54+0200,e971b95d-ef8c-4c78-99a5-54bbb479ab9f,2026-07-20T19:15:00Z,2026-07-20T21:15:00+0200,180.47,EUR/MWh,DE,DE_LU,day_ahead_price,value,2026-08-04T01:03:53Z
2026-08-04T00:59:54Z,2026-08-04T02:59:54+0200,e971b95d-ef8c-4c78-99a5-54bbb479ab9f,2026-07-20T19:30:00Z,2026-07-20T21:30:00+0200,179.92,EUR/MWh,DE,DE_LU,day_ahead_price,value,2026-08-04T01:03:53Z
2026-08-04T00:59:54Z,2026-08-04T02:59:54+0200,e971b95d-ef8c-4c78-99a5-54bbb479ab9f,2026-07-20T19:45:00Z,2026-07-20T21:45:00+0200,178.0,EUR/MWh,DE,DE_LU,day_ahead_price,value,2026-08-04T01:03:53Z
2026-08-04T00:59:54Z,2026-08-04T02:59:54+0200,e971b95d-ef8c-4c78-99a5-54bbb479ab9f,2026-07-20T20:00:00Z,2026-07-20T22:00:00+0200,186.34,EUR/MWh,DE,DE_LU,day_ahead_price,value,2026-08-04T01:03:53Z
2026-08-04T00:59:54Z,2026-08-04T02:59:54+0200,e971b95d-ef8c-4c78-99a5-54bbb479ab9f,2026-07-20T20:15:00Z,2026-07-20T22:15:00+0200,175.98,EUR/MWh,DE,DE_LU,day_ahead_price,value,2026-08-04T01:03:53Z
2026-08-04T00:59:54Z,2026-08-04T02:59:54+0200,e971b95d-ef8c-4c78-99a5-54bbb479ab9f,2026-07-20T20:30:00Z,2026-07-20T22:30:00+0200,171.94,EUR/MWh,DE,DE_LU,day_ahead_price,value,2026-08-04T01:03:53Z
2026-08-04T00:59:54Z,2026-08-04T02:59:54+0200,e971b95d-ef8c-4c78-99a5-54bbb479ab9f,2026-07-20T20:45:00Z,2026-07-20T22:45:00+0200,165.0,EUR/MWh,DE,DE_LU,day_ahead_price,value,2026-08-04T01:03:53Z
2026-08-04T00:59:54Z,2026-08-04T02:59:54+0200,e971b95d-ef8c-4c78-99a5-54bbb479ab9f,2026-07-20T21:00:00Z,2026-07-20T23:00:00+0200,168.33,EUR/MWh,DE,DE_LU,day_ahead_price,value,2026-08-04T01:03:53Z
2026-08-04T00:59:54Z,2026-08-04T02:59:54+0200,e971b95d-ef8c-4c78-99a5-54bbb479ab9f,2026-07-20T21:15:00Z,2026-07-20T23:15:00+0200,161.96,EUR/MWh,DE,DE_LU,day_ahead_price,value,2026-08-04T01:03:53Z
2026-08-04T00:59:54Z,2026-08-04T02:59:54+0200,e971b95d-ef8c-4c78-99a5-54bbb479ab9f,2026-07-20T21:30:00Z,2026-07-20T23:30:00+0200,158.28,EUR/MWh,DE,DE_LU,day_ahead_price,value,2026-08-04T01:03:53Z
2026-08-04T00:59:54Z,2026-08-04T02:59:54+0200,e971b95d-ef8c-4c78-99a5-54bbb479ab9f,2026-07-20T21:45:00Z,2026-07-20T23:45:00+0200,149.3,EUR/MWh,DE,DE_LU,day_ahead_price,value,2026-08-04T01:03:53Z
2026-08-04T00:59:54Z,2026-08-04T02:59:54+0200,e971b95d-ef8c-4c78-99a5-54bbb479ab9f,2026-07-20T22:00:00Z,2026-07-21T00:00:00+0200,153.81,EUR/MWh,DE,DE_LU,day_ahead_price,value,2026-08-04T01:03:53Z
2026-08-04T00:59:54Z,2026-08-04T02:59:54+0200,e971b95d-ef8c-4c78-99a5-54bbb479ab9f,2026-07-20T22:15:00Z,2026-07-21T00:15:00+0200,150.03,EUR/MWh,DE,DE_LU,day_ahead_price,value,2026-08-04T01:03:53Z
2026-08-04T00:59:54Z,2026-08-04T02:59:54+0200,e971b95d-ef8c-4c78-99a5-54bbb479ab9f,2026-07-20T22:30:00Z,2026-07-21T00:30:00+0200,146.26,EUR/MWh,DE,DE_LU,day_ahead_price,value,2026-08-04T01:03:53Z
2026-08-04T00:59:54Z,2026-08-04T02:59:54+0200,e971b95d-ef8c-4c78-99a5-54bbb479ab9f,2026-07-20T22:45:00Z,2026-07-21T00:45:00+0200,145.01,EUR/MWh,DE,DE_LU,day_ahead_price,value,2026-08-04T01:03:53Z
2026-08-04T00:59:54Z,2026-08-04T02:59:54+0200,e971b95d-ef8c-4c78-99a5-54bbb479ab9f,2026-07-20T23:00:00Z,2026-07-21T01:00:00+0200,151.84,EUR/MWh,DE,DE_LU,day_ahead_price,value,2026-08-04T01:03:53Z
2026-08-04T00:59:54Z,2026-08-04T02:59:54+0200,e971b95d-ef8c-4c78-99a5-54bbb479ab9f,2026-07-20T23:15:00Z,2026-07-21T01:15:00+0200,150.56,EUR/MWh,DE,DE_LU,day_ahead_price,value,2026-08-04T01:03:53Z
2026-08-04T00:59:54Z,2026-08-04T02:59:54+0200,e971b95d-ef8c-4c78-99a5-54bbb479ab9f,2026-07-20T23:30:00Z,2026-07-21T01:30:00+0200,149.25,EUR/MWh,DE,DE_LU,day_ahead_price,value,2026-08-04T01:03:53Z
2026-08-04T00:59:54Z,2026-08-04T02:59:54+0200,e971b95d-ef8c-4c78-99a5-54bbb479ab9f,2026-07-20T23:45:00Z,2026-07-21T01:45:00+0200,146.43,EUR/MWh,DE,DE_LU,day_ahead_price,value,2026-08-04T01:03:53Z
2026-08-04T00:59:54Z,2026-08-04T02:59:54+0200,e971b95d-ef8c-4c78-99a5-54bbb479ab9f,2026-07-21T00:00:00Z,2026-07-21T02:00:00+0200,146.63,EUR/MWh,DE,DE_LU,day_ahead_price,value,2026-08-04T01:03:53Z
2026-08-04T00:59:54Z,2026-08-04T02:59:54+0200,e971b95d-ef8c-4c78-99a5-54bbb479ab9f,2026-07-21T00:15:00Z,2026-07-21T02:15:00+0200,144.03,EUR/MWh,DE,DE_LU,day_ahead_price,value,2026-08-04T01:03:53Z
2026-08-04T00:59:54Z,2026-08-04T02:59:54+0200,e971b95d-ef8c-4c78-99a5-54bbb479ab9f,2026-07-21T00:30:00Z,2026-07-21T02:30:00+0200,142.98,EUR/MWh,DE,DE_LU,day_ahead_price,value,2026-08-04T01:03:53Z
2026-08-04T00:59:54Z,2026-08-04T02:59:54+0200,e971b95d-ef8c-4c78-99a5-54bbb479ab9f,2026-07-21T00:45:00Z,2026-07-21T02:45:00+0200,139.92,EUR/MWh,DE,DE_LU,day_ahead_price,value,2026-08-04T01:03:53Z
2026-08-04T00:59:54Z,2026-08-04T02:59:54+0200,e971b95d-ef8c-4c78-99a5-54bbb479ab9f,2026-07-21T01:00:00Z,2026-07-21T03:00:00+0200,140.27,EUR/MWh,DE,DE_LU,day_ahead_price,value,2026-08-04T01:03:53Z
2026-08-04T00:59:54Z,2026-08-04T02:59:54+0200,e971b95d-ef8c-4c78-99a5-54bbb479ab9f,2026-07-21T01:15:00Z,2026-07-21T03:15:00+0200,138.09,EUR/MWh,DE,DE_LU,day_ahead_price,value,2026-08-04T01:03:53Z
2026-08-04T00:59:54Z,2026-08-04T02:59:54+0200,e971b95d-ef8c-4c78-99a5-54bbb479ab9f,2026-07-21T01:30:00Z,2026-07-21T03:30:00+0200,138.18,EUR/MWh,DE,DE_LU,day_ahead_price,value,2026-08-04T01:03:53Z
2026-08-04T00:59:54Z,2026-08-04T02:59:54+0200,e971b95d-ef8c-4c78-99a5-54bbb479ab9f,2026-07-21T01:45:00Z,2026-07-21T03:45:00+0200,138.93,EUR/MWh,DE,DE_LU,day_ahead_price,value,2026-08-04T01:03:53Z
2026-08-04T00:59:54Z,2026-08-04T02:59:54+0200,e971b95d-ef8c-4c78-99a5-54bbb479ab9f,2026-07-21T02:00:00Z,2026-07-21T04:00:00+0200,135.03,EUR/MWh,DE,DE_LU,day_ahead_price,value,2026-08-04T01:03:53Z
2026-08-04T00:59:54Z,2026-08-04T02:59:54+0200,e971b95d-ef8c-4c78-99a5-54bbb479ab9f,2026-07-21T02:15:00Z,2026-07-21T04:15:00+0200,137.3,EUR/MWh,DE,DE_LU,day_ahead_price,value,2026-08-04T01:03:53Z
2026-08-04T00:59:54Z,2026-08-04T02:59:54+0200,e971b95d-ef8c-4c78-99a5-54bbb479ab9f,2026-07-21T02:30:00Z,2026-07-21T04:30:00+0200,140.95,EUR/MWh,DE,DE_LU,day_ahead_price,value,2026-08-04T01:03:53Z
2026-08-04T00:59:54Z,2026-08-04T02:59:54+0200,e971b95d-ef8c-4c78-99a5-54bbb479ab9f,2026-07-21T02:45:00Z,2026-07-21T04:45:00+0200,143.73,EUR/MWh,DE,DE_LU,day_ahead_price,value,2026-08-04T01:03:53Z
2026-08-04T00:59:54Z,2026-08-04T02:59:54+0200,e971b95d-ef8c-4c78-99a5-54bbb479ab9f,2026-07-21T03:00:00Z,2026-07-21T05:00:00+0200,140.34,EUR/MWh,DE,DE_LU,day_ahead_price,value,2026-08-04T01:03:53Z
2026-08-04T00:59:54Z,2026-08-04T02:59:54+0200,e971b95d-ef8c-4c78-99a5-54bbb479ab9f,2026-07-21T03:15:00Z,2026-07-21T05:15:00+0200,143.19,EUR/MWh,DE,DE_LU,day_ahead_price,value,2026-08-04T01:03:53Z
2026-08-04T00:59:54Z,2026-08-04T02:59:54+0200,e971b95d-ef8c-4c78-99a5-54bbb479ab9f,2026-07-21T03:30:00Z,2026-07-21T05:30:00+0200,146.91,EUR/MWh,DE,DE_LU,day_ahead_price,value,2026-08-04T01:03:53Z
2026-08-04T00:59:54Z,2026-08-04T02:59:54+0200,e971b95d-ef8c-4c78-99a5-54bbb479ab9f,2026-07-21T03:45:00Z,2026-07-21T05:45:00+0200,149.21,EUR/MWh,DE,DE_LU,day_ahead_price,value,2026-08-04T01:03:53Z
2026-08-04T00:59:54Z,2026-08-04T02:59:54+0200,e971b95d-ef8c-4c78-99a5-54bbb479ab9f,2026-07-21T04:00:00Z,2026-07-21T06:00:00+0200,155.0,EUR/MWh,DE,DE_LU,day_ahead_price,value,2026-08-04T01:03:53Z
2026-08-04T00:59:54Z,2026-08-04T02:59:54+0200,e971b95d-ef8c-4c78-99a5-54bbb479ab9f,2026-07-21T04:15:00Z,2026-07-21T06:15:00+0200,159.33,EUR/MWh,DE,DE_LU,day_ahead_price,value,2026-08-04T01:03:53Z
2026-08-04T00:59:54Z,2026-08-04T02:59:54+0200,e971b95d-ef8c-4c78-99a5-54bbb479ab9f,2026-07-21T04:30:00Z,2026-07-21T06:30:00+0200,159.79,EUR/MWh,DE,DE_LU,day_ahead_price,value,2026-08-04T01:03:53Z
2026-08-04T00:59:54Z,2026-08-04T02:59:54+0200,e971b95d-ef8c-4c78-99a5-54bbb479ab9f,2026-07-21T04:45:00Z,2026-07-21T06:45:00+0200,156.48,EUR/MWh,DE,DE_LU,day_ahead_price,value,2026-08-04T01:03:53Z
2026-08-04T00:59:54Z,2026-08-04T02:59:54+0200,e971b95d-ef8c-4c78-99a5-54bbb479ab9f,2026-07-21T05:00:00Z,2026-07-21T07:00:00+0200,167.0,EUR/MWh,DE,DE_LU,day_ahead_price,value,2026-08-04T01:03:53Z
2026-08-04T00:59:54Z,2026-08-04T02:59:54+0200,e971b95d-ef8c-4c78-99a5-54bbb479ab9f,2026-07-21T05:15:00Z,2026-07-21T07:15:00+0200,159.35,EUR/MWh,DE,DE_LU,day_ahead_price,value,2026-08-04T01:03:53Z
2026-08-04T00:59:54Z,2026-08-04T02:59:54+0200,e971b95d-ef8c-4c78-99a5-54bbb479ab9f,2026-07-21T05:30:00Z,2026-07-21T07:30:00+0200,155.01,EUR/MWh,DE,DE_LU,day_ahead_price,value,2026-08-04T01:03:53Z
2026-08-04T00:59:54Z,2026-08-04T02:59:54+0200,e971b95d-ef8c-4c78-99a5-54bbb479ab9f,2026-07-21T05:45:00Z,2026-07-21T07:45:00+0200,136.35,EUR/MWh,DE,DE_LU,day_ahead_price,value,2026-08-04T01:03:53Z
2026-08-04T00:59:54Z,2026-08-04T02:59:54+0200,e971b95d-ef8c-4c78-99a5-54bbb479ab9f,2026-07-21T06:00:00Z,2026-07-21T08:00:00+0200,164.78,EUR/MWh,DE,DE_LU,day_ahead_price,value,2026-08-04T01:03:53Z
2026-08-04T00:59:54Z,2026-08-04T02:59:54+0200,e971b95d-ef8c-4c78-99a5-54bbb479ab9f,2026-07-21T06:15:00Z,2026-07-21T08:15:00+0200,149.0,EUR/MWh,DE,DE_LU,day_ahead_price,value,2026-08-04T01:03:53Z
2026-08-04T00:59:54Z,2026-08-04T02:59:54+0200,e971b95d-ef8c-4c78-99a5-54bbb479ab9f,2026-07-21T06:30:00Z,2026-07-21T08:30:00+0200,142.16,EUR/MWh,DE,DE_LU,day_ahead_price,value,2026-08-04T01:03:53Z
2026-08-04T00:59:54Z,2026-08-04T02:59:54+0200,e971b95d-ef8c-4c78-99a5-54bbb479ab9f,2026-07-21T06:45:00Z,2026-07-21T08:45:00+0200,125.57,EUR/MWh,DE,DE_LU,day_ahead_price,value,2026-08-04T01:03:53Z
2026-08-04T00:59:54Z,2026-08-04T02:59:54+0200,e971b95d-ef8c-4c78-99a5-54bbb479ab9f,2026-07-21T07:00:00Z,2026-07-21T09:00:00+0200,153.01,EUR/MWh,DE,DE_LU,day_ahead_price,value,2026-08-04T01:03:53Z
2026-08-04T00:59:54Z,2026-08-04T02:59:54+0200,e971b95d-ef8c-4c78-99a5-54bbb479ab9f,2026-07-21T07:15:00Z,2026-07-21T09:15:00+0200,120.16,EUR/MWh,DE,DE_LU,day_ahead_price,value,2026-08-04T01:03:53Z
2026-08-04T00:59:54Z,2026-08-04T02:59:54+0200,e971b95d-ef8c-4c78-99a5-54bbb479ab9f,2026-07-21T07:30:00Z,2026-07-21T09:30:00+0200,107.37,EUR/MWh,DE,DE_LU,day_ahead_price,value,2026-08-04T01:03:53Z
2026-08-04T00:59:54Z,2026-08-04T02:59:54+0200,e971b95d-ef8c-4c78-99a5-54bbb479ab9f,2026-07-21T07:45:00Z,2026-07-21T09:45:00+0200,79.27,EUR/MWh,DE,DE_LU,day_ahead_price,value,2026-08-04T01:03:53Z
2026-08-04T00:59:54Z,2026-08-04T02:59:54+0200,e971b95d-ef8c-4c78-99a5-54bbb479ab9f,2026-07-21T08:00:00Z,2026-07-21T10:00:00+0200,103.18,EUR/MWh,DE,DE_LU,day_ahead_price,value,2026-08-04T01:03:53Z
2026-08-04T00:59:54Z,2026-08-04T02:59:54+0200,e971b95d-ef8c-4c78-99a5-54bbb479ab9f,2026-07-21T08:15:00Z,2026-07-21T10:15:00+0200,86.15,EUR/MWh,DE,DE_LU,day_ahead_price,value,2026-08-04T01:03:53Z
2026-08-04T00:59:54Z,2026-08-04T02:59:54+0200,e971b95d-ef8c-4c78-99a5-54bbb479ab9f,2026-07-21T08:30:00Z,2026-07-21T10:30:00+0200,79.37,EUR/MWh,DE,DE_LU,day_ahead_price,value,2026-08-04T01:03:53Z
2026-08-04T00:59:54Z,2026-08-04T02:59:54+0200,e971b95d-ef8c-4c78-99a5-54bbb479ab9f,2026-07-21T08:45:00Z,2026-07-21T10:45:00+0200,66.06,EUR/MWh,DE,DE_LU,day_ahead_price,value,2026-08-04T01:03:53Z
2026-08-04T00:59:54Z,2026-08-04T02:59:54+0200,e971b95d-ef8c-4c78-99a5-54bbb479ab9f,2026-07-21T09:00:00Z,2026-07-21T11:00:00+0200,66.11,EUR/MWh,DE,DE_LU,day_ahead_price,value,2026-08-04T01:03:53Z
2026-08-04T00:59:54Z,2026-08-04T02:59:54+0200,e971b95d-ef8c-4c78-99a5-54bbb479ab9f,2026-07-21T09:15:00Z,2026-07-21T11:15:00+0200,59.09,EUR/MWh,DE,DE_LU,day_ahead_price,value,2026-08-04T01:03:53Z
2026-08-04T00:59:54Z,2026-08-04T02:59:54+0200,e971b95d-ef8c-4c78-99a5-54bbb479ab9f,2026-07-21T09:30:00Z,2026-07-21T11:30:00+0200,36.89,EUR/MWh,DE,DE_LU,day_ahead_price,value,2026-08-04T01:03:53Z
2026-08-04T00:59:54Z,2026-08-04T02:59:54+0200,e971b95d-ef8c-4c78-99a5-54bbb479ab9f,2026-07-21T09:45:00Z,2026-07-21T11:45:00+0200,12.46,EUR/MWh,DE,DE_LU,day_ahead_price,value,2026-08-04T01:03:53Z
2026-08-04T00:59:54Z,2026-08-04T02:59:54+0200,e971b95d-ef8c-4c78-99a5-54bbb479ab9f,2026-07-21T10:00:00Z,2026-07-21T12:00:00+0200,16.31,EUR/MWh,DE,DE_LU,day_ahead_price,value,2026-08-04T01:03:53Z
2026-08-04T00:59:54Z,2026-08-04T02:59:54+0200,e971b95d-ef8c-4c78-99a5-54bbb479ab9f,2026-07-21T10:15:00Z,2026-07-21T12:15:00+0200,5.46,EUR/MWh,DE,DE_LU,day_ahead_price,value,2026-08-04T01:03:53Z
2026-08-04T00:59:54Z,2026-08-04T02:59:54+0200,e971b95d-ef8c-4c78-99a5-54bbb479ab9f,2026-07-21T10:30:00Z,2026-07-21T12:30:00+0200,3.85,EUR/MWh,DE,DE_LU,day_ahead_price,value,2026-08-04T01:03:53Z
2026-08-04T00:59:54Z,2026-08-04T02:59:54+0200,e971b95d-ef8c-4c78-99a5-54bbb479ab9f,2026-07-21T10:45:00Z,2026-07-21T12:45:00+0200,2.59,EUR/MWh,DE,DE_LU,day_ahead_price,value,2026-08-04T01:03:53Z
2026-08-04T00:59:54Z,2026-08-04T02:59:54+0200,e971b95d-ef8c-4c78-99a5-54bbb479ab9f,2026-07-21T11:00:00Z,2026-07-21T13:00:00+0200,2.52,EUR/MWh,DE,DE_LU,day_ahead_price,value,2026-08-04T01:03:53Z
2026-08-04T00:59:54Z,2026-08-04T02:59:54+0200,e971b95d-ef8c-4c78-99a5-54bbb479ab9f,2026-07-21T11:15:00Z,2026-07-21T13:15:00+0200,1.44,EUR/MWh,DE,DE_LU,day_ahead_price,value,2026-08-04T01:03:53Z
2026-08-04T00:59:54Z,2026-08-04T02:59:54+0200,e971b95d-ef8c-4c78-99a5-54bbb479ab9f,2026-07-21T11:30:00Z,2026-07-21T13:30:00+0200,0.08,EUR/MWh,DE,DE_LU,day_ahead_price,value,2026-08-04T01:03:53Z
2026-08-04T00:59:54Z,2026-08-04T02:59:54+0200,e971b95d-ef8c-4c78-99a5-54bbb479ab9f,2026-07-21T11:45:00Z,2026-07-21T13:45:00+0200,0.0,EUR/MWh,DE,DE_LU,day_ahead_price,value,2026-08-04T01:03:53Z
2026-08-04T00:59:54Z,2026-08-04T02:59:54+0200,e971b95d-ef8c-4c78-99a5-54bbb479ab9f,2026-07-21T12:00:00Z,2026-07-21T14:00:00+0200,0.04,EUR/MWh,DE,DE_LU,day_ahead_price,value,2026-08-04T01:03:53Z
2026-08-04T00:59:54Z,2026-08-04T02:59:54+0200,e971b95d-ef8c-4c78-99a5-54bbb479ab9f,2026-07-21T12:15:00Z,2026-07-21T14:15:00+0200,0.09,EUR/MWh,DE,DE_LU,day_ahead_price,value,2026-08-04T01:03:53Z
2026-08-04T00:59:54Z,2026-08-04T02:59:54+0200,e971b95d-ef8c-4c78-99a5-54bbb479ab9f,2026-07-21T12:30:00Z,2026-07-21T14:30:00+0200,0.1,EUR/MWh,DE,DE_LU,day_ahead_price,value,2026-08-04T01:03:53Z
2026-08-04T00:59:54Z,2026-08-04T02:59:54+0200,e971b95d-ef8c-4c78-99a5-54bbb479ab9f,2026-07-21T12:45:00Z,2026-07-21T14:45:00+0200,3.78,EUR/MWh,DE,DE_LU,day_ahead_price,value,2026-08-04T01:03:53Z
2026-08-04T00:59:54Z,2026-08-04T02:59:54+0200,e971b95d-ef8c-4c78-99a5-54bbb479ab9f,2026-07-21T13:00:00Z,2026-07-21T15:00:00+0200,3.3,EUR/MWh,DE,DE_LU,day_ahead_price,value,2026-08-04T01:03:53Z
2026-08-04T00:59:54Z,2026-08-04T02:59:54+0200,e971b95d-ef8c-4c78-99a5-54bbb479ab9f,2026-07-21T13:15:00Z,2026-07-21T15:15:00+0200,6.49,EUR/MWh,DE,DE_LU,day_ahead_price,value,2026-08-04T01:03:53Z
2026-08-04T00:59:54Z,2026-08-04T02:59:54+0200,e971b95d-ef8c-4c78-99a5-54bbb479ab9f,2026-07-21T13:30:00Z,2026-07-21T15:30:00+0200,11.51,EUR/MWh,DE,DE_LU,day_ahead_price,value,2026-08-04T01:03:53Z
2026-08-04T00:59:54Z,2026-08-04T02:59:54+0200,e971b95d-ef8c-4c78-99a5-54bbb479ab9f,2026-07-21T13:45:00Z,2026-07-21T15:45:00+0200,33.38,EUR/MWh,DE,DE_LU,day_ahead_price,value,2026-08-04T01:03:53Z
2026-08-04T00:59:54Z,2026-08-04T02:59:54+0200,e971b95d-ef8c-4c78-99a5-54bbb479ab9f,2026-07-21T14:00:00Z,2026-07-21T16:00:00+0200,30.47,EUR/MWh,DE,DE_LU,day_ahead_price,value,2026-08-04T01:03:53Z
2026-08-04T00:59:54Z,2026-08-04T02:59:54+0200,e971b95d-ef8c-4c78-99a5-54bbb479ab9f,2026-07-21T14:15:00Z,2026-07-21T16:15:00+0200,64.0,EUR/MWh,DE,DE_LU,day_ahead_price,value,2026-08-04T01:03:53Z
2026-08-04T00:59:54Z,2026-08-04T02:59:54+0200,e971b95d-ef8c-4c78-99a5-54bbb479ab9f,2026-07-21T14:30:00Z,2026-07-21T16:30:00+0200,71.46,EUR/MWh,DE,DE_LU,day_ahead_price,value,2026-08-04T01:03:53Z
2026-08-04T00:59:54Z,2026-08-04T02:59:54+0200,e971b95d-ef8c-4c78-99a5-54bbb479ab9f,2026-07-21T14:45:00Z,2026-07-21T16:45:00+0200,83.0,EUR/MWh,DE,DE_LU,day_ahead_price,value,2026-08-04T01:03:53Z
2026-08-04T00:59:54Z,2026-08-04T02:59:54+0200,e971b95d-ef8c-4c78-99a5-54bbb479ab9f,2026-07-21T15:00:00Z,2026-07-21T17:00:00+0200,77.06,EUR/MWh,DE,DE_LU,day_ahead_price,value,2026-08-04T01:03:53Z
2026-08-04T00:59:54Z,2026-08-04T02:59:54+0200,e971b95d-ef8c-4c78-99a5-54bbb479ab9f,2026-07-21T15:15:00Z,2026-07-21T17:15:00+0200,94.26,EUR/MWh,DE,DE_LU,day_ahead_price,value,2026-08-04T01:03:53Z
2026-08-04T00:59:54Z,2026-08-04T02:59:54+0200,e971b95d-ef8c-4c78-99a5-54bbb479ab9f,2026-07-21T15:30:00Z,2026-07-21T17:30:00+0200,112.0,EUR/MWh,DE,DE_LU,day_ahead_price,value,2026-08-04T01:03:53Z
2026-08-04T00:59:54Z,2026-08-04T02:59:54+0200,e971b95d-ef8c-4c78-99a5-54bbb479ab9f,2026-07-21T15:45:00Z,2026-07-21T17:45:00+0200,126.94,EUR/MWh,DE,DE_LU,day_ahead_price,value,2026-08-04T01:03:53Z
2026-08-04T00:59:54Z,2026-08-04T02:59:54+0200,e971b95d-ef8c-4c78-99a5-54bbb479ab9f,2026-07-21T16:00:00Z,2026-07-21T18:00:00+0200,113.81,EUR/MWh,DE,DE_LU,day_ahead_price,value,2026-08-04T01:03:53Z
2026-08-04T00:59:54Z,2026-08-04T02:59:54+0200,e971b95d-ef8c-4c78-99a5-54bbb479ab9f,2026-07-21T16:15:00Z,2026-07-21T18:15:00+0200,130.62,EUR/MWh,DE,DE_LU,day_ahead_price,value,2026-08-04T01:03:53Z
2026-08-04T00:59:54Z,2026-08-04T02:59:54+0200,e971b95d-ef8c-4c78-99a5-54bbb479ab9f,2026-07-21T16:30:00Z,2026-07-21T18:30:00+0200,142.99,EUR/MWh,DE,DE_LU,day_ahead_price,value,2026-08-04T01:03:53Z
2026-08-04T00:59:54Z,2026-08-04T02:59:54+0200,e971b95d-ef8c-4c78-99a5-54bbb479ab9f,2026-07-21T16:45:00Z,2026-07-21T18:45:00+0200,154.04,EUR/MWh,DE,DE_LU,day_ahead_price,value,2026-08-04T01:03:53Z
2026-08-04T00:59:54Z,2026-08-04T02:59:54+0200,e971b95d-ef8c-4c78-99a5-54bbb479ab9f,2026-07-21T17:00:00Z,2026-07-21T19:00:00+0200,140.91,EUR/MWh,DE,DE_LU,day_ahead_price,value,2026-08-04T01:03:53Z
2026-08-04T00:59:54Z,2026-08-04T02:59:54+0200,e971b95d-ef8c-4c78-99a5-54bbb479ab9f,2026-07-21T17:15:00Z,2026-07-21T19:15:00+0200,150.92,EUR/MWh,DE,DE_LU,day_ahead_price,value,2026-08-04T01:03:53Z
2026-08-04T00:59:54Z,2026-08-04T02:59:54+0200,e971b95d-ef8c-4c78-99a5-54bbb479ab9f,2026-07-21T17:30:00Z,2026-07-21T19:30:00+0200,158.07,EUR/MWh,DE,DE_LU,day_ahead_price,value,2026-08-04T01:03:53Z
2026-08-04T00:59:54Z,2026-08-04T02:59:54+0200,e971b95d-ef8c-4c78-99a5-54bbb479ab9f,2026-07-21T17:45:00Z,2026-07-21T19:45:00+0200,164.54,EUR/MWh,DE,DE_LU,day_ahead_price,value,2026-08-04T01:03:53Z
2026-08-04T00:59:54Z,2026-08-04T02:59:54+0200,e971b95d-ef8c-4c78-99a5-54bbb479ab9f,2026-07-21T18:00:00Z,2026-07-21T20:00:00+0200,166.51,EUR/MWh,DE,DE_LU,day_ahead_price,value,2026-08-04T01:03:53Z
2026-08-04T00:59:54Z,2026-08-04T02:59:54+0200,e971b95d-ef8c-4c78-99a5-54bbb479ab9f,2026-07-21T18:15:00Z,2026-07-21T20:15:00+0200,172.0,EUR/MWh,DE,DE_LU,day_ahead_price,value,2026-08-04T01:03:53Z
2026-08-04T00:59:54Z,2026-08-04T02:59:54+0200,e971b95d-ef8c-4c78-99a5-54bbb479ab9f,2026-07-21T18:30:00Z,2026-07-21T20:30:00+0200,174.59,EUR/MWh,DE,DE_LU,day_ahead_price,value,2026-08-04T01:03:53Z
2026-08-04T00:59:54Z,2026-08-04T02:59:54+0200,e971b95d-ef8c-4c78-99a5-54bbb479ab9f,2026-07-21T18:45:00Z,2026-07-21T20:45:00+0200,174.9,EUR/MWh,DE,DE_LU,day_ahead_price,value,2026-08-04T01:03:53Z
2026-08-04T00:59:54Z,2026-08-04T02:59:54+0200,e971b95d-ef8c-4c78-99a5-54bbb479ab9f,2026-07-21T19:00:00Z,2026-07-21T21:00:00+0200,177.29,EUR/MWh,DE,DE_LU,day_ahead_price,value,2026-08-04T01:03:53Z
2026-08-04T00:59:54Z,2026-08-04T02:59:54+0200,e971b95d-ef8c-4c78-99a5-54bbb479ab9f,2026-07-21T19:15:00Z,2026-07-21T21:15:00+0200,177.19,EUR/MWh,DE,DE_LU,day_ahead_price,value,2026-08-04T01:03:53Z
2026-08-04T00:59:54Z,2026-08-04T02:59:54+0200,e971b95d-ef8c-4c78-99a5-54bbb479ab9f,2026-07-21T19:30:00Z,2026-07-21T21:30:00+0200,174.6,EUR/MWh,DE,DE_LU,day_ahead_price,value,2026-08-04T01:03:53Z
2026-08-04T00:59:54Z,2026-08-04T02:59:54+0200,e971b95d-ef8c-4c78-99a5-54bbb479ab9f,2026-07-21T19:45:00Z,2026-07-21T21:45:00+0200,169.17,EUR/MWh,DE,DE_LU,day_ahead_price,value,2026-08-04T01:03:53Z
2026-08-04T00:59:54Z,2026-08-04T02:59:54+0200,e971b95d-ef8c-4c78-99a5-54bbb479ab9f,2026-07-21T20:00:00Z,2026-07-21T22:00:00+0200,175.9,EUR/MWh,DE,DE_LU,day_ahead_price,value,2026-08-04T01:03:53Z
2026-08-04T00:59:54Z,2026-08-04T02:59:54+0200,e971b95d-ef8c-4c78-99a5-54bbb479ab9f,2026-07-21T20:15:00Z,2026-07-21T22:15:00+0200,168.57,EUR/MWh,DE,DE_LU,day_ahead_price,value,2026-08-04T01:03:53Z
2026-08-04T00:59:54Z,2026-08-04T02:59:54+0200,e971b95d-ef8c-4c78-99a5-54bbb479ab9f,2026-07-21T20:30:00Z,2026-07-21T22:30:00+0200,170.06,EUR/MWh,DE,DE_LU,day_ahead_price,value,2026-08-04T01:03:53Z
2026-08-04T00:59:54Z,2026-08-04T02:59:54+0200,e971b95d-ef8c-4c78-99a5-54bbb479ab9f,2026-07-21T20:45:00Z,2026-07-21T22:45:00+0200,158.74,EUR/MWh,DE,DE_LU,day_ahead_price,value,2026-08-04T01:03:53Z
2026-08-04T00:59:54Z,2026-08-04T02:59:54+0200,e971b95d-ef8c-4c78-99a5-54bbb479ab9f,2026-07-21T21:00:00Z,2026-07-21T23:00:00+0200,165.16,EUR/MWh,DE,DE_LU,day_ahead_price,value,2026-08-04T01:03:53Z
2026-08-04T00:59:54Z,2026-08-04T02:59:54+0200,e971b95d-ef8c-4c78-99a5-54bbb479ab9f,2026-07-21T21:15:00Z,2026-07-21T23:15:00+0200,156.09,EUR/MWh,DE,DE_LU,day_ahead_price,value,2026-08-04T01:03:53Z
2026-08-04T00:59:54Z,2026-08-04T02:59:54+0200,e971b95d-ef8c-4c78-99a5-54bbb479ab9f,2026-07-21T21:30:00Z,2026-07-21T23:30:00+0200,153.42,EUR/MWh,DE,DE_LU,day_ahead_price,value,2026-08-04T01:03:53Z
2026-08-04T00:59:54Z,2026-08-04T02:59:54+0200,e971b95d-ef8c-4c78-99a5-54bbb479ab9f,2026-07-21T21:45:00Z,2026-07-21T23:45:00+0200,146.08,EUR/MWh,DE,DE_LU,day_ahead_price,value,2026-08-04T01:03:53Z
2026-08-04T00:59:54Z,2026-08-04T02:59:54+0200,e971b95d-ef8c-4c78-99a5-54bbb479ab9f,2026-07-21T22:00:00Z,2026-07-22T00:00:00+0200,156.4,EUR/MWh,DE,DE_LU,day_ahead_price,value,2026-08-04T01:03:53Z
2026-08-04T00:59:54Z,2026-08-04T02:59:54+0200,e971b95d-ef8c-4c78-99a5-54bbb479ab9f,2026-07-21T22:15:00Z,2026-07-22T00:15:00+0200,155.25,EUR/MWh,DE,DE_LU,day_ahead_price,value,2026-08-04T01:03:53Z
2026-08-04T00:59:54Z,2026-08-04T02:59:54+0200,e971b95d-ef8c-4c78-99a5-54bbb479ab9f,2026-07-21T22:30:00Z,2026-07-22T00:30:00+0200,151.39,EUR/MWh,DE,DE_LU,day_ahead_price,value,2026-08-04T01:03:53Z
2026-08-04T00:59:54Z,2026-08-04T02:59:54+0200,e971b95d-ef8c-4c78-99a5-54bbb479ab9f,2026-07-21T22:45:00Z,2026-07-22T00:45:00+0200,145.72,EUR/MWh,DE,DE_LU,day_ahead_price,value,2026-08-04T01:03:53Z
2026-08-04T00:59:54Z,2026-08-04T02:59:54+0200,e971b95d-ef8c-4c78-99a5-54bbb479ab9f,2026-07-21T23:00:00Z,2026-07-22T01:00:00+0200,156.37,EUR/MWh,DE,DE_LU,day_ahead_price,value,2026-08-04T01:03:53Z
2026-08-04T00:59:54Z,2026-08-04T02:59:54+0200,e971b95d-ef8c-4c78-99a5-54bbb479ab9f,2026-07-21T23:15:00Z,2026-07-22T01:15:00+0200,148.57,EUR/MWh,DE,DE_LU,day_ahead_price,value,2026-08-04T01:03:53Z
2026-08-04T00:59:54Z,2026-08-04T02:59:54+0200,e971b95d-ef8c-4c78-99a5-54bbb479ab9f,2026-07-21T23:30:00Z,2026-07-22T01:30:00+0200,145.66,EUR/MWh,DE,DE_LU,day_ahead_price,value,2026-08-04T01:03:53Z
2026-08-04T00:59:54Z,2026-08-04T02:59:54+0200,e971b95d-ef8c-4c78-99a5-54bbb479ab9f,2026-07-21T23:45:00Z,2026-07-22T01:45:00+0200,142.55,EUR/MWh,DE,DE_LU,day_ahead_price,value,2026-08-04T01:03:53Z
2026-08-04T00:59:54Z,2026-08-04T02:59:54+0200,e971b95d-ef8c-4c78-99a5-54bbb479ab9f,2026-07-22T00:00:00Z,2026-07-22T02:00:00+0200,146.94,EUR/MWh,DE,DE_LU,day_ahead_price,value,2026-08-04T01:03:53Z
2026-08-04T00:59:54Z,2026-08-04T02:59:54+0200,e971b95d-ef8c-4c78-99a5-54bbb479ab9f,2026-07-22T00:15:00Z,2026-07-22T02:15:00+0200,144.88,EUR/MWh,DE,DE_LU,day_ahead_price,value,2026-08-04T01:03:53Z
2026-08-04T00:59:54Z,2026-08-04T02:59:54+0200,e971b95d-ef8c-4c78-99a5-54bbb479ab9f,2026-07-22T00:30:00Z,2026-07-22T02:30:00+0200,143.04,EUR/MWh,DE,DE_LU,day_ahead_price,value,2026-08-04T01:03:53Z
2026-08-04T00:59:54Z,2026-08-04T02:59:54+0200,e971b95d-ef8c-4c78-99a5-54bbb479ab9f,2026-07-22T00:45:00Z,2026-07-22T02:45:00+0200,138.07,EUR/MWh,DE,DE_LU,day_ahead_price,value,2026-08-04T01:03:53Z
2026-08-04T00:59:54Z,2026-08-04T02:59:54+0200,e971b95d-ef8c-4c78-99a5-54bbb479ab9f,2026-07-22T01:00:00Z,2026-07-22T03:00:00+0200,142.08,EUR/MWh,DE,DE_LU,day_ahead_price,value,2026-08-04T01:03:53Z
2026-08-04T00:59:54Z,2026-08-04T02:59:54+0200,e971b95d-ef8c-4c78-99a5-54bbb479ab9f,2026-07-22T01:15:00Z,2026-07-22T03:15:00+0200,134.75,EUR/MWh,DE,DE_LU,day_ahead_price,value,2026-08-04T01:03:53Z
2026-08-04T00:59:54Z,2026-08-04T02:59:54+0200,e971b95d-ef8c-4c78-99a5-54bbb479ab9f,2026-07-22T01:30:00Z,2026-07-22T03:30:00+0200,132.02,EUR/MWh,DE,DE_LU,day_ahead_price,value,2026-08-04T01:03:53Z
2026-08-04T00:59:54Z,2026-08-04T02:59:54+0200,e971b95d-ef8c-4c78-99a5-54bbb479ab9f,2026-07-22T01:45:00Z,2026-07-22T03:45:00+0200,130.8,EUR/MWh,DE,DE_LU,day_ahead_price,value,2026-08-04T01:03:53Z
2026-08-04T00:59:54Z,2026-08-04T02:59:54+0200,e971b95d-ef8c-4c78-99a5-54bbb479ab9f,2026-07-22T02:00:00Z,2026-07-22T04:00:00+0200,130.3,EUR/MWh,DE,DE_LU,day_ahead_price,value,2026-08-04T01:03:53Z
2026-08-04T00:59:54Z,2026-08-04T02:59:54+0200,e971b95d-ef8c-4c78-99a5-54bbb479ab9f,2026-07-22T02:15:00Z,2026-07-22T04:15:00+0200,129.8,EUR/MWh,DE,DE_LU,day_ahead_price,value,2026-08-04T01:03:53Z
2026-08-04T00:59:54Z,2026-08-04T02:59:54+0200,e971b95d-ef8c-4c78-99a5-54bbb479ab9f,2026-07-22T02:30:00Z,2026-07-22T04:30:00+0200,131.0,EUR/MWh,DE,DE_LU,day_ahead_price,value,2026-08-04T01:03:53Z
2026-08-04T00:59:54Z,2026-08-04T02:59:54+0200,e971b95d-ef8c-4c78-99a5-54bbb479ab9f,2026-07-22T02:45:00Z,2026-07-22T04:45:00+0200,131.56,EUR/MWh,DE,DE_LU,day_ahead_price,value,2026-08-04T01:03:53Z
2026-08-04T00:59:54Z,2026-08-04T02:59:54+0200,e971b95d-ef8c-4c78-99a5-54bbb479ab9f,2026-07-22T03:00:00Z,2026-07-22T05:00:00+0200,128.24,EUR/MWh,DE,DE_LU,day_ahead_price,value,2026-08-04T01:03:53Z
2026-08-04T00:59:54Z,2026-08-04T02:59:54+0200,e971b95d-ef8c-4c78-99a5-54bbb479ab9f,2026-07-22T03:15:00Z,2026-07-22T05:15:00+0200,132.75,EUR/MWh,DE,DE_LU,day_ahead_price,value,2026-08-04T01:03:53Z
2026-08-04T00:59:54Z,2026-08-04T02:59:54+0200,e971b95d-ef8c-4c78-99a5-54bbb479ab9f,2026-07-22T03:30:00Z,2026-07-22T05:30:00+0200,138.93,EUR/MWh,DE,DE_LU,day_ahead_price,value,2026-08-04T01:03:53Z
2026-08-04T00:59:54Z,2026-08-04T02:59:54+0200,e971b95d-ef8c-4c78-99a5-54bbb479ab9f,2026-07-22T03:45:00Z,2026-07-22T05:45:00+0200,143.91,EUR/MWh,DE,DE_LU,day_ahead_price,value,2026-08-04T01:03:53Z
2026-08-04T00:59:54Z,2026-08-04T02:59:54+0200,e971b95d-ef8c-4c78-99a5-54bbb479ab9f,2026-07-22T04:00:00Z,2026-07-22T06:00:00+0200,144.26,EUR/MWh,DE,DE_LU,day_ahead_price,value,2026-08-04T01:03:53Z
2026-08-04T00:59:54Z,2026-08-04T02:59:54+0200,e971b95d-ef8c-4c78-99a5-54bbb479ab9f,2026-07-22T04:15:00Z,2026-07-22T06:15:00+0200,150.01,EUR/MWh,DE,DE_LU,day_ahead_price,value,2026-08-04T01:03:53Z
2026-08-04T00:59:54Z,2026-08-04T02:59:54+0200,e971b95d-ef8c-4c78-99a5-54bbb479ab9f,2026-07-22T04:30:00Z,2026-07-22T06:30:00+0200,156.08,EUR/MWh,DE,DE_LU,day_ahead_price,value,2026-08-04T01:03:53Z
2026-08-04T00:59:54Z,2026-08-04T02:59:54+0200,e971b95d-ef8c-4c78-99a5-54bbb479ab9f,2026-07-22T04:45:00Z,2026-07-22T06:45:00+0200,147.29,EUR/MWh,DE,DE_LU,day_ahead_price,value,2026-08-04T01:03:53Z
2026-08-04T00:59:54Z,2026-08-04T02:59:54+0200,e971b95d-ef8c-4c78-99a5-54bbb479ab9f,2026-07-22T05:00:00Z,2026-07-22T07:00:00+0200,156.89,EUR/MWh,DE,DE_LU,day_ahead_price,value,2026-08-04T01:03:53Z
2026-08-04T00:59:54Z,2026-08-04T02:59:54+0200,e971b95d-ef8c-4c78-99a5-54bbb479ab9f,2026-07-22T05:15:00Z,2026-07-22T07:15:00+0200,150.03,EUR/MWh,DE,DE_LU,day_ahead_price,value,2026-08-04T01:03:53Z
2026-08-04T00:59:54Z,2026-08-04T02:59:54+0200,e971b95d-ef8c-4c78-99a5-54bbb479ab9f,2026-07-22T05:30:00Z,2026-07-22T07:30:00+0200,145.16,EUR/MWh,DE,DE_LU,day_ahead_price,value,2026-08-04T01:03:53Z
2026-08-04T00:59:54Z,2026-08-04T02:59:54+0200,e971b95d-ef8c-4c78-99a5-54bbb479ab9f,2026-07-22T05:45:00Z,2026-07-22T07:45:00+0200,129.3,EUR/MWh,DE,DE_LU,day_ahead_price,value,2026-08-04T01:03:53Z
2026-08-04T00:59:54Z,2026-08-04T02:59:54+0200,e971b95d-ef8c-4c78-99a5-54bbb479ab9f,2026-07-22T06:00:00Z,2026-07-22T08:00:00+0200,158.11,EUR/MWh,DE,DE_LU,day_ahead_price,value,2026-08-04T01:03:53Z
2026-08-04T00:59:54Z,2026-08-04T02:59:54+0200,e971b95d-ef8c-4c78-99a5-54bbb479ab9f,2026-07-22T06:15:00Z,2026-07-22T08:15:00+0200,141.28,EUR/MWh,DE,DE_LU,day_ahead_price,value,2026-08-04T01:03:53Z
2026-08-04T00:59:54Z,2026-08-04T02:59:54+0200,e971b95d-ef8c-4c78-99a5-54bbb479ab9f,2026-07-22T06:30:00Z,2026-07-22T08:30:00+0200,121.54,EUR/MWh,DE,DE_LU,day_ahead_price,value,2026-08-04T01:03:53Z
2026-08-04T00:59:54Z,2026-08-04T02:59:54+0200,e971b95d-ef8c-4c78-99a5-54bbb479ab9f,2026-07-22T06:45:00Z,2026-07-22T08:45:00+0200,107.0,EUR/MWh,DE,DE_LU,day_ahead_price,value,2026-08-04T01:03:53Z
2026-08-04T00:59:54Z,2026-08-04T02:59:54+0200,e971b95d-ef8c-4c78-99a5-54bbb479ab9f,2026-07-22T07:00:00Z,2026-07-22T09:00:00+0200,114.48,EUR/MWh,DE,DE_LU,day_ahead_price,value,2026-08-04T01:03:53Z
2026-08-04T00:59:54Z,2026-08-04T02:59:54+0200,e971b95d-ef8c-4c78-99a5-54bbb479ab9f,2026-07-22T07:15:00Z,2026-07-22T09:15:00+0200,102.42,EUR/MWh,DE,DE_LU,day_ahead_price,value,2026-08-04T01:03:53Z
2026-08-04T00:59:54Z,2026-08-04T02:59:54+0200,e971b95d-ef8c-4c78-99a5-54bbb479ab9f,2026-07-22T07:30:00Z,2026-07-22T09:30:00+0200,86.34,EUR/MWh,DE,DE_LU,day_ahead_price,value,2026-08-04T01:03:53Z
2026-08-04T00:59:54Z,2026-08-04T02:59:54+0200,e971b95d-ef8c-4c78-99a5-54bbb479ab9f,2026-07-22T07:45:00Z,2026-07-22T09:45:00+0200,60.53,EUR/MWh,DE,DE_LU,day_ahead_price,value,2026-08-04T01:03:53Z
2026-08-04T00:59:54Z,2026-08-04T02:59:54+0200,e971b95d-ef8c-4c78-99a5-54bbb479ab9f,2026-07-22T08:00:00Z,2026-07-22T10:00:00+0200,92.11,EUR/MWh,DE,DE_LU,day_ahead_price,value,2026-08-04T01:03:53Z
2026-08-04T00:59:54Z,2026-08-04T02:59:54+0200,e971b95d-ef8c-4c78-99a5-54bbb479ab9f,2026-07-22T08:15:00Z,2026-07-22T10:15:00+0200,68.71,EUR/MWh,DE,DE_LU,day_ahead_price,value,2026-08-04T01:03:53Z
2026-08-04T00:59:54Z,2026-08-04T02:59:54+0200,e971b95d-ef8c-4c78-99a5-54bbb479ab9f,2026-07-22T08:30:00Z,2026-07-22T10:30:00+0200,57.8,EUR/MWh,DE,DE_LU,day_ahead_price,value,2026-08-04T01:03:53Z
2026-08-04T00:59:54Z,2026-08-04T02:59:54+0200,e971b95d-ef8c-4c78-99a5-54bbb479ab9f,2026-07-22T08:45:00Z,2026-07-22T10:45:00+0200,45.99,EUR/MWh,DE,DE_LU,day_ahead_price,value,2026-08-04T01:03:53Z
2026-08-04T00:59:54Z,2026-08-04T02:59:54+0200,e971b95d-ef8c-4c78-99a5-54bbb479ab9f,2026-07-22T09:00:00Z,2026-07-22T11:00:00+0200,49.24,EUR/MWh,DE,DE_LU,day_ahead_price,value,2026-08-04T01:03:53Z
2026-08-04T00:59:54Z,2026-08-04T02:59:54+0200,e971b95d-ef8c-4c78-99a5-54bbb479ab9f,2026-07-22T09:15:00Z,2026-07-22T11:15:00+0200,37.27,EUR/MWh,DE,DE_LU,day_ahead_price,value,2026-08-04T01:03:53Z
2026-08-04T00:59:54Z,2026-08-04T02:59:54+0200,e971b95d-ef8c-4c78-99a5-54bbb479ab9f,2026-07-22T09:30:00Z,2026-07-22T11:30:00+0200,21.69,EUR/MWh,DE,DE_LU,day_ahead_price,value,2026-08-04T01:03:53Z
2026-08-04T00:59:54Z,2026-08-04T02:59:54+0200,e971b95d-ef8c-4c78-99a5-54bbb479ab9f,2026-07-22T09:45:00Z,2026-07-22T11:45:00+0200,15.54,EUR/MWh,DE,DE_LU,day_ahead_price,value,2026-08-04T01:03:53Z
2026-08-04T00:59:54Z,2026-08-04T02:59:54+0200,e971b95d-ef8c-4c78-99a5-54bbb479ab9f,2026-07-22T10:00:00Z,2026-07-22T12:00:00+0200,21.08,EUR/MWh,DE,DE_LU,day_ahead_price,value,2026-08-04T01:03:53Z
2026-08-04T00:59:54Z,2026-08-04T02:59:54+0200,e971b95d-ef8c-4c78-99a5-54bbb479ab9f,2026-07-22T10:15:00Z,2026-07-22T12:15:00+0200,9.99,EUR/MWh,DE,DE_LU,day_ahead_price,value,2026-08-04T01:03:53Z
2026-08-04T00:59:54Z,2026-08-04T02:59:54+0200,e971b95d-ef8c-4c78-99a5-54bbb479ab9f,2026-07-22T10:30:00Z,2026-07-22T12:30:00+0200,6.94,EUR/MWh,DE,DE_LU,day_ahead_price,value,2026-08-04T01:03:53Z
2026-08-04T00:59:54Z,2026-08-04T02:59:54+0200,e971b95d-ef8c-4c78-99a5-54bbb479ab9f,2026-07-22T10:45:00Z,2026-07-22T12:45:00+0200,3.53,EUR/MWh,DE,DE_LU,day_ahead_price,value,2026-08-04T01:03:53Z
2026-08-04T00:59:54Z,2026-08-04T02:59:54+0200,e971b95d-ef8c-4c78-99a5-54bbb479ab9f,2026-07-22T11:00:00Z,2026-07-22T13:00:00+0200,3.99,EUR/MWh,DE,DE_LU,day_ahead_price,value,2026-08-04T01:03:53Z
2026-08-04T00:59:54Z,2026-08-04T02:59:54+0200,e971b95d-ef8c-4c78-99a5-54bbb479ab9f,2026-07-22T11:15:00Z,2026-07-22T13:15:00+0200,0.99,EUR/MWh,DE,DE_LU,day_ahead_price,value,2026-08-04T01:03:53Z
2026-08-04T00:59:54Z,2026-08-04T02:59:54+0200,e971b95d-ef8c-4c78-99a5-54bbb479ab9f,2026-07-22T11:30:00Z,2026-07-22T13:30:00+0200,0.15,EUR/MWh,DE,DE_LU,day_ahead_price,value,2026-08-04T01:03:53Z
2026-08-04T00:59:54Z,2026-08-04T02:59:54+0200,e971b95d-ef8c-4c78-99a5-54bbb479ab9f,2026-07-22T11:45:00Z,2026-07-22T13:45:00+0200,0.03,EUR/MWh,DE,DE_LU,day_ahead_price,value,2026-08-04T01:03:53Z
2026-08-04T00:59:54Z,2026-08-04T02:59:54+0200,e971b95d-ef8c-4c78-99a5-54bbb479ab9f,2026-07-22T12:00:00Z,2026-07-22T14:00:00+0200,0.03,EUR/MWh,DE,DE_LU,day_ahead_price,value,2026-08-04T01:03:53Z
2026-08-04T00:59:54Z,2026-08-04T02:59:54+0200,e971b95d-ef8c-4c78-99a5-54bbb479ab9f,2026-07-22T12:15:00Z,2026-07-22T14:15:00+0200,0.08,EUR/MWh,DE,DE_LU,day_ahead_price,value,2026-08-04T01:03:53Z
2026-08-04T00:59:54Z,2026-08-04T02:59:54+0200,e971b95d-ef8c-4c78-99a5-54bbb479ab9f,2026-07-22T12:30:00Z,2026-07-22T14:30:00+0200,0.03,EUR/MWh,DE,DE_LU,day_ahead_price,value,2026-08-04T01:03:53Z
2026-08-04T00:59:54Z,2026-08-04T02:59:54+0200,e971b95d-ef8c-4c78-99a5-54bbb479ab9f,2026-07-22T12:45:00Z,2026-07-22T14:45:00+0200,0.01,EUR/MWh,DE,DE_LU,day_ahead_price,value,2026-08-04T01:03:53Z
2026-08-04T00:59:54Z,2026-08-04T02:59:54+0200,e971b95d-ef8c-4c78-99a5-54bbb479ab9f,2026-07-22T13:00:00Z,2026-07-22T15:00:00+0200,0.05,EUR/MWh,DE,DE_LU,day_ahead_price,value,2026-08-04T01:03:53Z
2026-08-04T00:59:54Z,2026-08-04T02:59:54+0200,e971b95d-ef8c-4c78-99a5-54bbb479ab9f,2026-07-22T13:15:00Z,2026-07-22T15:15:00+0200,0.09,EUR/MWh,DE,DE_LU,day_ahead_price,value,2026-08-04T01:03:53Z
2026-08-04T00:59:54Z,2026-08-04T02:59:54+0200,e971b95d-ef8c-4c78-99a5-54bbb479ab9f,2026-07-22T13:30:00Z,2026-07-22T15:30:00+0200,0.77,EUR/MWh,DE,DE_LU,day_ahead_price,value,2026-08-04T01:03:53Z
2026-08-04T00:59:54Z,2026-08-04T02:59:54+0200,e971b95d-ef8c-4c78-99a5-54bbb479ab9f,2026-07-22T13:45:00Z,2026-07-22T15:45:00+0200,1.08,EUR/MWh,DE,DE_LU,day_ahead_price,value,2026-08-04T01:03:53Z
2026-08-04T00:59:54Z,2026-08-04T02:59:54+0200,e971b95d-ef8c-4c78-99a5-54bbb479ab9f,2026-07-22T14:00:00Z,2026-07-22T16:00:00+0200,1.9,EUR/MWh,DE,DE_LU,day_ahead_price,value,2026-08-04T01:03:53Z
2026-08-04T00:59:54Z,2026-08-04T02:59:54+0200,e971b95d-ef8c-4c78-99a5-54bbb479ab9f,2026-07-22T14:15:00Z,2026-07-22T16:15:00+0200,5.44,EUR/MWh,DE,DE_LU,day_ahead_price,value,2026-08-04T01:03:53Z
2026-08-04T00:59:54Z,2026-08-04T02:59:54+0200,e971b95d-ef8c-4c78-99a5-54bbb479ab9f,2026-07-22T14:30:00Z,2026-07-22T16:30:00+0200,6.89,EUR/MWh,DE,DE_LU,day_ahead_price,value,2026-08-04T01:03:53Z
2026-08-04T00:59:54Z,2026-08-04T02:59:54+0200,e971b95d-ef8c-4c78-99a5-54bbb479ab9f,2026-07-22T14:45:00Z,2026-07-22T16:45:00+0200,22.37,EUR/MWh,DE,DE_LU,day_ahead_price,value,2026-08-04T01:03:53Z
2026-08-04T00:59:54Z,2026-08-04T02:59:54+0200,e971b95d-ef8c-4c78-99a5-54bbb479ab9f,2026-07-22T15:00:00Z,2026-07-22T17:00:00+0200,24.99,EUR/MWh,DE,DE_LU,day_ahead_price,value,2026-08-04T01:03:53Z
2026-08-04T00:59:54Z,2026-08-04T02:59:54+0200,e971b95d-ef8c-4c78-99a5-54bbb479ab9f,2026-07-22T15:15:00Z,2026-07-22T17:15:00+0200,59.6,EUR/MWh,DE,DE_LU,day_ahead_price,value,2026-08-04T01:03:53Z
2026-08-04T00:59:54Z,2026-08-04T02:59:54+0200,e971b95d-ef8c-4c78-99a5-54bbb479ab9f,2026-07-22T15:30:00Z,2026-07-22T17:30:00+0200,68.63,EUR/MWh,DE,DE_LU,day_ahead_price,value,2026-08-04T01:03:53Z
2026-08-04T00:59:54Z,2026-08-04T02:59:54+0200,e971b95d-ef8c-4c78-99a5-54bbb479ab9f,2026-07-22T15:45:00Z,2026-07-22T17:45:00+0200,99.62,EUR/MWh,DE,DE_LU,day_ahead_price,value,2026-08-04T01:03:53Z
2026-08-04T00:59:54Z,2026-08-04T02:59:54+0200,e971b95d-ef8c-4c78-99a5-54bbb479ab9f,2026-07-22T16:00:00Z,2026-07-22T18:00:00+0200,82.67,EUR/MWh,DE,DE_LU,day_ahead_price,value,2026-08-04T01:03:53Z
2026-08-04T00:59:54Z,2026-08-04T02:59:54+0200,e971b95d-ef8c-4c78-99a5-54bbb479ab9f,2026-07-22T16:15:00Z,2026-07-22T18:15:00+0200,102.38,EUR/MWh,DE,DE_LU,day_ahead_price,value,2026-08-04T01:03:53Z
2026-08-04T00:59:54Z,2026-08-04T02:59:54+0200,e971b95d-ef8c-4c78-99a5-54bbb479ab9f,2026-07-22T16:30:00Z,2026-07-22T18:30:00+0200,114.93,EUR/MWh,DE,DE_LU,day_ahead_price,value,2026-08-04T01:03:53Z
2026-08-04T00:59:54Z,2026-08-04T02:59:54+0200,e971b95d-ef8c-4c78-99a5-54bbb479ab9f,2026-07-22T16:45:00Z,2026-07-22T18:45:00+0200,132.42,EUR/MWh,DE,DE_LU,day_ahead_price,value,2026-08-04T01:03:53Z
2026-08-04T00:59:54Z,2026-08-04T02:59:54+0200,e971b95d-ef8c-4c78-99a5-54bbb479ab9f,2026-07-22T17:00:00Z,2026-07-22T19:00:00+0200,122.97,EUR/MWh,DE,DE_LU,day_ahead_price,value,2026-08-04T01:03:53Z
2026-08-04T00:59:54Z,2026-08-04T02:59:54+0200,e971b95d-ef8c-4c78-99a5-54bbb479ab9f,2026-07-22T17:15:00Z,2026-07-22T19:15:00+0200,134.85,EUR/MWh,DE,DE_LU,day_ahead_price,value,2026-08-04T01:03:53Z
2026-08-04T00:59:54Z,2026-08-04T02:59:54+0200,e971b95d-ef8c-4c78-99a5-54bbb479ab9f,2026-07-22T17:30:00Z,2026-07-22T19:30:00+0200,144.48,EUR/MWh,DE,DE_LU,day_ahead_price,value,2026-08-04T01:03:53Z
2026-08-04T00:59:54Z,2026-08-04T02:59:54+0200,e971b95d-ef8c-4c78-99a5-54bbb479ab9f,2026-07-22T17:45:00Z,2026-07-22T19:45:00+0200,149.01,EUR/MWh,DE,DE_LU,day_ahead_price,value,2026-08-04T01:03:53Z
2026-08-04T00:59:54Z,2026-08-04T02:59:54+0200,e971b95d-ef8c-4c78-99a5-54bbb479ab9f,2026-07-22T18:00:00Z,2026-07-22T20:00:00+0200,151.37,EUR/MWh,DE,DE_LU,day_ahead_price,value,2026-08-04T01:03:53Z
2026-08-04T00:59:54Z,2026-08-04T02:59:54+0200,e971b95d-ef8c-4c78-99a5-54bbb479ab9f,2026-07-22T18:15:00Z,2026-07-22T20:15:00+0200,154.68,EUR/MWh,DE,DE_LU,day_ahead_price,value,2026-08-04T01:03:53Z
2026-08-04T00:59:54Z,2026-08-04T02:59:54+0200,e971b95d-ef8c-4c78-99a5-54bbb479ab9f,2026-07-22T18:30:00Z,2026-07-22T20:30:00+0200,158.27,EUR/MWh,DE,DE_LU,day_ahead_price,value,2026-08-04T01:03:53Z
2026-08-04T00:59:54Z,2026-08-04T02:59:54+0200,e971b95d-ef8c-4c78-99a5-54bbb479ab9f,2026-07-22T18:45:00Z,2026-07-22T20:45:00+0200,163.72,EUR/MWh,DE,DE_LU,day_ahead_price,value,2026-08-04T01:03:53Z
2026-08-04T00:59:54Z,2026-08-04T02:59:54+0200,e971b95d-ef8c-4c78-99a5-54bbb479ab9f,2026-07-22T19:00:00Z,2026-07-22T21:00:00+0200,166.36,EUR/MWh,DE,DE_LU,day_ahead_price,value,2026-08-04T01:03:53Z
2026-08-04T00:59:54Z,2026-08-04T02:59:54+0200,e971b95d-ef8c-4c78-99a5-54bbb479ab9f,2026-07-22T19:15:00Z,2026-07-22T21:15:00+0200,162.43,EUR/MWh,DE,DE_LU,day_ahead_price,value,2026-08-04T01:03:53Z
2026-08-04T00:59:54Z,2026-08-04T02:59:54+0200,e971b95d-ef8c-4c78-99a5-54bbb479ab9f,2026-07-22T19:30:00Z,2026-07-22T21:30:00+0200,161.95,EUR/MWh,DE,DE_LU,day_ahead_price,value,2026-08-04T01:03:53Z
2026-08-04T00:59:54Z,2026-08-04T02:59:54+0200,e971b95d-ef8c-4c78-99a5-54bbb479ab9f,2026-07-22T19:45:00Z,2026-07-22T21:45:00+0200,156.3,EUR/MWh,DE,DE_LU,day_ahead_price,value,2026-08-04T01:03:53Z
2026-08-04T00:59:54Z,2026-08-04T02:59:54+0200,e971b95d-ef8c-4c78-99a5-54bbb479ab9f,2026-07-22T20:00:00Z,2026-07-22T22:00:00+0200,167.24,EUR/MWh,DE,DE_LU,day_ahead_price,value,2026-08-04T01:03:53Z
2026-08-04T00:59:54Z,2026-08-04T02:59:54+0200,e971b95d-ef8c-4c78-99a5-54bbb479ab9f,2026-07-22T20:15:00Z,2026-07-22T22:15:00+0200,159.44,EUR/MWh,DE,DE_LU,day_ahead_price,value,2026-08-04T01:03:53Z
2026-08-04T00:59:54Z,2026-08-04T02:59:54+0200,e971b95d-ef8c-4c78-99a5-54bbb479ab9f,2026-07-22T20:30:00Z,2026-07-22T22:30:00+0200,155.94,EUR/MWh,DE,DE_LU,day_ahead_price,value,2026-08-04T01:03:53Z
2026-08-04T00:59:54Z,2026-08-04T02:59:54+0200,e971b95d-ef8c-4c78-99a5-54bbb479ab9f,2026-07-22T20:45:00Z,2026-07-22T22:45:00+0200,147.82,EUR/MWh,DE,DE_LU,day_ahead_price,value,2026-08-04T01:03:53Z
2026-08-04T00:59:54Z,2026-08-04T02:59:54+0200,e971b95d-ef8c-4c78-99a5-54bbb479ab9f,2026-07-22T21:00:00Z,2026-07-22T23:00:00+0200,153.17,EUR/MWh,DE,DE_LU,day_ahead_price,value,2026-08-04T01:03:53Z
2026-08-04T00:59:54Z,2026-08-04T02:59:54+0200,e971b95d-ef8c-4c78-99a5-54bbb479ab9f,2026-07-22T21:15:00Z,2026-07-22T23:15:00+0200,143.94,EUR/MWh,DE,DE_LU,day_ahead_price,value,2026-08-04T01:03:53Z
2026-08-04T00:59:54Z,2026-08-04T02:59:54+0200,e971b95d-ef8c-4c78-99a5-54bbb479ab9f,2026-07-22T21:30:00Z,2026-07-22T23:30:00+0200,140.56,EUR/MWh,DE,DE_LU,day_ahead_price,value,2026-08-04T01:03:53Z
2026-08-04T00:59:54Z,2026-08-04T02:59:54+0200,e971b95d-ef8c-4c78-99a5-54bbb479ab9f,2026-07-22T21:45:00Z,2026-07-22T23:45:00+0200,136.5,EUR/MWh,DE,DE_LU,day_ahead_price,value,2026-08-04T01:03:53Z
2026-08-04T00:59:54Z,2026-08-04T02:59:54+0200,e971b95d-ef8c-4c78-99a5-54bbb479ab9f,2026-07-22T22:00:00Z,2026-07-23T00:00:00+0200,153.4,EUR/MWh,DE,DE_LU,day_ahead_price,value,2026-08-04T01:03:53Z
2026-08-04T00:59:54Z,2026-08-04T02:59:54+0200,e971b95d-ef8c-4c78-99a5-54bbb479ab9f,2026-07-22T22:15:00Z,2026-07-23T00:15:00+0200,147.31,EUR/MWh,DE,DE_LU,day_ahead_price,value,2026-08-04T01:03:53Z
2026-08-04T00:59:54Z,2026-08-04T02:59:54+0200,e971b95d-ef8c-4c78-99a5-54bbb479ab9f,2026-07-22T22:30:00Z,2026-07-23T00:30:00+0200,139.23,EUR/MWh,DE,DE_LU,day_ahead_price,value,2026-08-04T01:03:53Z
2026-08-04T00:59:54Z,2026-08-04T02:59:54+0200,e971b95d-ef8c-4c78-99a5-54bbb479ab9f,2026-07-22T22:45:00Z,2026-07-23T00:45:00+0200,131.08,EUR/MWh,DE,DE_LU,day_ahead_price,value,2026-08-04T01:03:53Z
2026-08-04T00:59:54Z,2026-08-04T02:59:54+0200,e971b95d-ef8c-4c78-99a5-54bbb479ab9f,2026-07-22T23:00:00Z,2026-07-23T01:00:00+0200,142.47,EUR/MWh,DE,DE_LU,day_ahead_price,value,2026-08-04T01:03:53Z
2026-08-04T00:59:54Z,2026-08-04T02:59:54+0200,e971b95d-ef8c-4c78-99a5-54bbb479ab9f,2026-07-22T23:15:00Z,2026-07-23T01:15:00+0200,137.83,EUR/MWh,DE,DE_LU,day_ahead_price,value,2026-08-04T01:03:53Z
2026-08-04T00:59:54Z,2026-08-04T02:59:54+0200,e971b95d-ef8c-4c78-99a5-54bbb479ab9f,2026-07-22T23:30:00Z,2026-07-23T01:30:00+0200,136.34,EUR/MWh,DE,DE_LU,day_ahead_price,value,2026-08-04T01:03:53Z
2026-08-04T00:59:54Z,2026-08-04T02:59:54+0200,e971b95d-ef8c-4c78-99a5-54bbb479ab9f,2026-07-22T23:45:00Z,2026-07-23T01:45:00+0200,132.74,EUR/MWh,DE,DE_LU,day_ahead_price,value,2026-08-04T01:03:53Z
2026-08-04T00:59:54Z,2026-08-04T02:59:54+0200,e971b95d-ef8c-4c78-99a5-54bbb479ab9f,2026-07-23T00:00:00Z,2026-07-23T02:00:00+0200,135.04,EUR/MWh,DE,DE_LU,day_ahead_price,value,2026-08-04T01:03:53Z
2026-08-04T00:59:54Z,2026-08-04T02:59:54+0200,e971b95d-ef8c-4c78-99a5-54bbb479ab9f,2026-07-23T00:15:00Z,2026-07-23T02:15:00+0200,133.28,EUR/MWh,DE,DE_LU,day_ahead_price,value,2026-08-04T01:03:53Z
2026-08-04T00:59:54Z,2026-08-04T02:59:54+0200,e971b95d-ef8c-4c78-99a5-54bbb479ab9f,2026-07-23T00:30:00Z,2026-07-23T02:30:00+0200,133.78,EUR/MWh,DE,DE_LU,day_ahead_price,value,2026-08-04T01:03:53Z
2026-08-04T00:59:54Z,2026-08-04T02:59:54+0200,e971b95d-ef8c-4c78-99a5-54bbb479ab9f,2026-07-23T00:45:00Z,2026-07-23T02:45:00+0200,132.54,EUR/MWh,DE,DE_LU,day_ahead_price,value,2026-08-04T01:03:53Z
2026-08-04T00:59:54Z,2026-08-04T02:59:54+0200,e971b95d-ef8c-4c78-99a5-54bbb479ab9f,2026-07-23T01:00:00Z,2026-07-23T03:00:00+0200,132.42,EUR/MWh,DE,DE_LU,day_ahead_price,value,2026-08-04T01:03:53Z
2026-08-04T00:59:54Z,2026-08-04T02:59:54+0200,e971b95d-ef8c-4c78-99a5-54bbb479ab9f,2026-07-23T01:15:00Z,2026-07-23T03:15:00+0200,134.73,EUR/MWh,DE,DE_LU,day_ahead_price,value,2026-08-04T01:03:53Z
2026-08-04T00:59:54Z,2026-08-04T02:59:54+0200,e971b95d-ef8c-4c78-99a5-54bbb479ab9f,2026-07-23T01:30:00Z,2026-07-23T03:30:00+0200,132.35,EUR/MWh,DE,DE_LU,day_ahead_price,value,2026-08-04T01:03:53Z
2026-08-04T00:59:54Z,2026-08-04T02:59:54+0200,e971b95d-ef8c-4c78-99a5-54bbb479ab9f,2026-07-23T01:45:00Z,2026-07-23T03:45:00+0200,132.36,EUR/MWh,DE,DE_LU,day_ahead_price,value,2026-08-04T01:03:53Z
2026-08-04T00:59:54Z,2026-08-04T02:59:54+0200,e971b95d-ef8c-4c78-99a5-54bbb479ab9f,2026-07-23T02:00:00Z,2026-07-23T04:00:00+0200,133.0,EUR/MWh,DE,DE_LU,day_ahead_price,value,2026-08-04T01:03:53Z
2026-08-04T00:59:54Z,2026-08-04T02:59:54+0200,e971b95d-ef8c-4c78-99a5-54bbb479ab9f,2026-07-23T02:15:00Z,2026-07-23T04:15:00+0200,133.54,EUR/MWh,DE,DE_LU,day_ahead_price,value,2026-08-04T01:03:53Z
2026-08-04T00:59:54Z,2026-08-04T02:59:54+0200,e971b95d-ef8c-4c78-99a5-54bbb479ab9f,2026-07-23T02:30:00Z,2026-07-23T04:30:00+0200,137.38,EUR/MWh,DE,DE_LU,day_ahead_price,value,2026-08-04T01:03:53Z
2026-08-04T00:59:54Z,2026-08-04T02:59:54+0200,e971b95d-ef8c-4c78-99a5-54bbb479ab9f,2026-07-23T02:45:00Z,2026-07-23T04:45:00+0200,141.04,EUR/MWh,DE,DE_LU,day_ahead_price,value,2026-08-04T01:03:53Z
2026-08-04T00:59:54Z,2026-08-04T02:59:54+0200,e971b95d-ef8c-4c78-99a5-54bbb479ab9f,2026-07-23T03:00:00Z,2026-07-23T05:00:00+0200,132.23,EUR/MWh,DE,DE_LU,day_ahead_price,value,2026-08-04T01:03:53Z
2026-08-04T00:59:54Z,2026-08-04T02:59:54+0200,e971b95d-ef8c-4c78-99a5-54bbb479ab9f,2026-07-23T03:15:00Z,2026-07-23T05:15:00+0200,138.07,EUR/MWh,DE,DE_LU,day_ahead_price,value,2026-08-04T01:03:53Z
2026-08-04T00:59:54Z,2026-08-04T02:59:54+0200,e971b95d-ef8c-4c78-99a5-54bbb479ab9f,2026-07-23T03:30:00Z,2026-07-23T05:30:00+0200,147.78,EUR/MWh,DE,DE_LU,day_ahead_price,value,2026-08-04T01:03:53Z
2026-08-04T00:59:54Z,2026-08-04T02:59:54+0200,e971b95d-ef8c-4c78-99a5-54bbb479ab9f,2026-07-23T03:45:00Z,2026-07-23T05:45:00+0200,154.1,EUR/MWh,DE,DE_LU,day_ahead_price,value,2026-08-04T01:03:53Z
2026-08-04T00:59:54Z,2026-08-04T02:59:54+0200,e971b95d-ef8c-4c78-99a5-54bbb479ab9f,2026-07-23T04:00:00Z,2026-07-23T06:00:00+0200,148.92,EUR/MWh,DE,DE_LU,day_ahead_price,value,2026-08-04T01:03:53Z
2026-08-04T00:59:54Z,2026-08-04T02:59:54+0200,e971b95d-ef8c-4c78-99a5-54bbb479ab9f,2026-07-23T04:15:00Z,2026-07-23T06:15:00+0200,162.15,EUR/MWh,DE,DE_LU,day_ahead_price,value,2026-08-04T01:03:53Z
2026-08-04T00:59:54Z,2026-08-04T02:59:54+0200,e971b95d-ef8c-4c78-99a5-54bbb479ab9f,2026-07-23T04:30:00Z,2026-07-23T06:30:00+0200,161.64,EUR/MWh,DE,DE_LU,day_ahead_price,value,2026-08-04T01:03:53Z
2026-08-04T00:59:54Z,2026-08-04T02:59:54+0200,e971b95d-ef8c-4c78-99a5-54bbb479ab9f,2026-07-23T04:45:00Z,2026-07-23T06:45:00+0200,164.01,EUR/MWh,DE,DE_LU,day_ahead_price,value,2026-08-04T01:03:53Z
2026-08-04T00:59:54Z,2026-08-04T02:59:54+0200,e971b95d-ef8c-4c78-99a5-54bbb479ab9f,2026-07-23T05:00:00Z,2026-07-23T07:00:00+0200,172.95,EUR/MWh,DE,DE_LU,day_ahead_price,value,2026-08-04T01:03:53Z
2026-08-04T00:59:54Z,2026-08-04T02:59:54+0200,e971b95d-ef8c-4c78-99a5-54bbb479ab9f,2026-07-23T05:15:00Z,2026-07-23T07:15:00+0200,173.72,EUR/MWh,DE,DE_LU,day_ahead_price,value,2026-08-04T01:03:53Z
2026-08-04T00:59:54Z,2026-08-04T02:59:54+0200,e971b95d-ef8c-4c78-99a5-54bbb479ab9f,2026-07-23T05:30:00Z,2026-07-23T07:30:00+0200,163.82,EUR/MWh,DE,DE_LU,day_ahead_price,value,2026-08-04T01:03:53Z
2026-08-04T00:59:54Z,2026-08-04T02:59:54+0200,e971b95d-ef8c-4c78-99a5-54bbb479ab9f,2026-07-23T05:45:00Z,2026-07-23T07:45:00+0200,161.0,EUR/MWh,DE,DE_LU,day_ahead_price,value,2026-08-04T01:03:53Z
2026-08-04T00:59:54Z,2026-08-04T02:59:54+0200,e971b95d-ef8c-4c78-99a5-54bbb479ab9f,2026-07-23T06:00:00Z,2026-07-23T08:00:00+0200,174.01,EUR/MWh,DE,DE_LU,day_ahead_price,value,2026-08-04T01:03:53Z
2026-08-04T00:59:54Z,2026-08-04T02:59:54+0200,e971b95d-ef8c-4c78-99a5-54bbb479ab9f,2026-07-23T06:15:00Z,2026-07-23T08:15:00+0200,162.8,EUR/MWh,DE,DE_LU,day_ahead_price,value,2026-08-04T01:03:53Z
2026-08-04T00:59:54Z,2026-08-04T02:59:54+0200,e971b95d-ef8c-4c78-99a5-54bbb479ab9f,2026-07-23T06:30:00Z,2026-07-23T08:30:00+0200,159.96,EUR/MWh,DE,DE_LU,day_ahead_price,value,2026-08-04T01:03:53Z
2026-08-04T00:59:54Z,2026-08-04T02:59:54+0200,e971b95d-ef8c-4c78-99a5-54bbb479ab9f,2026-07-23T06:45:00Z,2026-07-23T08:45:00+0200,143.04,EUR/MWh,DE,DE_LU,day_ahead_price,value,2026-08-04T01:03:53Z
2026-08-04T00:59:54Z,2026-08-04T02:59:54+0200,e971b95d-ef8c-4c78-99a5-54bbb479ab9f,2026-07-23T07:00:00Z,2026-07-23T09:00:00+0200,162.67,EUR/MWh,DE,DE_LU,day_ahead_price,value,2026-08-04T01:03:53Z
2026-08-04T00:59:54Z,2026-08-04T02:59:54+0200,e971b95d-ef8c-4c78-99a5-54bbb479ab9f,2026-07-23T07:15:00Z,2026-07-23T09:15:00+0200,144.64,EUR/MWh,DE,DE_LU,day_ahead_price,value,2026-08-04T01:03:53Z
2026-08-04T00:59:54Z,2026-08-04T02:59:54+0200,e971b95d-ef8c-4c78-99a5-54bbb479ab9f,2026-07-23T07:30:00Z,2026-07-23T09:30:00+0200,119.0,EUR/MWh,DE,DE_LU,day_ahead_price,value,2026-08-04T01:03:53Z
2026-08-04T00:59:54Z,2026-08-04T02:59:54+0200,e971b95d-ef8c-4c78-99a5-54bbb479ab9f,2026-07-23T07:45:00Z,2026-07-23T09:45:00+0200,111.0,EUR/MWh,DE,DE_LU,day_ahead_price,value,2026-08-04T01:03:53Z
2026-08-04T00:59:54Z,2026-08-04T02:59:54+0200,e971b95d-ef8c-4c78-99a5-54bbb479ab9f,2026-07-23T08:00:00Z,2026-07-23T10:00:00+0200,117.29,EUR/MWh,DE,DE_LU,day_ahead_price,value,2026-08-04T01:03:53Z
2026-08-04T00:59:54Z,2026-08-04T02:59:54+0200,e971b95d-ef8c-4c78-99a5-54bbb479ab9f,2026-07-23T08:15:00Z,2026-07-23T10:15:00+0200,107.38,EUR/MWh,DE,DE_LU,day_ahead_price,value,2026-08-04T01:03:53Z
2026-08-04T00:59:54Z,2026-08-04T02:59:54+0200,e971b95d-ef8c-4c78-99a5-54bbb479ab9f,2026-07-23T08:30:00Z,2026-07-23T10:30:00+0200,99.74,EUR/MWh,DE,DE_LU,day_ahead_price,value,2026-08-04T01:03:53Z
2026-08-04T00:59:54Z,2026-08-04T02:59:54+0200,e971b95d-ef8c-4c78-99a5-54bbb479ab9f,2026-07-23T08:45:00Z,2026-07-23T10:45:00+0200,83.51,EUR/MWh,DE,DE_LU,day_ahead_price,value,2026-08-04T01:03:53Z
2026-08-04T00:59:54Z,2026-08-04T02:59:54+0200,e971b95d-ef8c-4c78-99a5-54bbb479ab9f,2026-07-23T09:00:00Z,2026-07-23T11:00:00+0200,96.47,EUR/MWh,DE,DE_LU,day_ahead_price,value,2026-08-04T01:03:53Z
2026-08-04T00:59:54Z,2026-08-04T02:59:54+0200,e971b95d-ef8c-4c78-99a5-54bbb479ab9f,2026-07-23T09:15:00Z,2026-07-23T11:15:00+0200,84.74,EUR/MWh,DE,DE_LU,day_ahead_price,value,2026-08-04T01:03:53Z
2026-08-04T00:59:54Z,2026-08-04T02:59:54+0200,e971b95d-ef8c-4c78-99a5-54bbb479ab9f,2026-07-23T09:30:00Z,2026-07-23T11:30:00+0200,77.53,EUR/MWh,DE,DE_LU,day_ahead_price,value,2026-08-04T01:03:53Z
2026-08-04T00:59:54Z,2026-08-04T02:59:54+0200,e971b95d-ef8c-4c78-99a5-54bbb479ab9f,2026-07-23T09:45:00Z,2026-07-23T11:45:00+0200,59.42,EUR/MWh,DE,DE_LU,day_ahead_price,value,2026-08-04T01:03:53Z
2026-08-04T00:59:54Z,2026-08-04T02:59:54+0200,e971b95d-ef8c-4c78-99a5-54bbb479ab9f,2026-07-23T10:00:00Z,2026-07-23T12:00:00+0200,60.42,EUR/MWh,DE,DE_LU,day_ahead_price,value,2026-08-04T01:03:53Z
2026-08-04T00:59:54Z,2026-08-04T02:59:54+0200,e971b95d-ef8c-4c78-99a5-54bbb479ab9f,2026-07-23T10:15:00Z,2026-07-23T12:15:00+0200,35.99,EUR/MWh,DE,DE_LU,day_ahead_price,value,2026-08-04T01:03:53Z
2026-08-04T00:59:54Z,2026-08-04T02:59:54+0200,e971b95d-ef8c-4c78-99a5-54bbb479ab9f,2026-07-23T10:30:00Z,2026-07-23T12:30:00+0200,20.66,EUR/MWh,DE,DE_LU,day_ahead_price,value,2026-08-04T01:03:53Z
2026-08-04T00:59:54Z,2026-08-04T02:59:54+0200,e971b95d-ef8c-4c78-99a5-54bbb479ab9f,2026-07-23T10:45:00Z,2026-07-23T12:45:00+0200,7.3,EUR/MWh,DE,DE_LU,day_ahead_price,value,2026-08-04T01:03:53Z
2026-08-04T00:59:54Z,2026-08-04T02:59:54+0200,e971b95d-ef8c-4c78-99a5-54bbb479ab9f,2026-07-23T11:00:00Z,2026-07-23T13:00:00+0200,11.37,EUR/MWh,DE,DE_LU,day_ahead_price,value,2026-08-04T01:03:53Z
2026-08-04T00:59:54Z,2026-08-04T02:59:54+0200,e971b95d-ef8c-4c78-99a5-54bbb479ab9f,2026-07-23T11:15:00Z,2026-07-23T13:15:00+0200,4.84,EUR/MWh,DE,DE_LU,day_ahead_price,value,2026-08-04T01:03:53Z
2026-08-04T00:59:54Z,2026-08-04T02:59:54+0200,e971b95d-ef8c-4c78-99a5-54bbb479ab9f,2026-07-23T11:30:00Z,2026-07-23T13:30:00+0200,1.0,EUR/MWh,DE,DE_LU,day_ahead_price,value,2026-08-04T01:03:53Z
2026-08-04T00:59:54Z,2026-08-04T02:59:54+0200,e971b95d-ef8c-4c78-99a5-54bbb479ab9f,2026-07-23T11:45:00Z,2026-07-23T13:45:00+0200,0.0,EUR/MWh,DE,DE_LU,day_ahead_price,value,2026-08-04T01:03:53Z
2026-08-04T00:59:54Z,2026-08-04T02:59:54+0200,e971b95d-ef8c-4c78-99a5-54bbb479ab9f,2026-07-23T12:00:00Z,2026-07-23T14:00:00+0200,0.0,EUR/MWh,DE,DE_LU,day_ahead_price,value,2026-08-04T01:03:53Z
2026-08-04T00:59:54Z,2026-08-04T02:59:54+0200,e971b95d-ef8c-4c78-99a5-54bbb479ab9f,2026-07-23T12:15:00Z,2026-07-23T14:15:00+0200,0.0,EUR/MWh,DE,DE_LU,day_ahead_price,value,2026-08-04T01:03:53Z
2026-08-04T00:59:54Z,2026-08-04T02:59:54+0200,e971b95d-ef8c-4c78-99a5-54bbb479ab9f,2026-07-23T12:30:00Z,2026-07-23T14:30:00+0200,0.0,EUR/MWh,DE,DE_LU,day_ahead_price,value,2026-08-04T01:03:53Z
2026-08-04T00:59:54Z,2026-08-04T02:59:54+0200,e971b95d-ef8c-4c78-99a5-54bbb479ab9f,2026-07-23T12:45:00Z,2026-07-23T14:45:00+0200,0.0,EUR/MWh,DE,DE_LU,day_ahead_price,value,2026-08-04T01:03:53Z
2026-08-04T00:59:54Z,2026-08-04T02:59:54+0200,e971b95d-ef8c-4c78-99a5-54bbb479ab9f,2026-07-23T13:00:00Z,2026-07-23T15:00:00+0200,0.0,EUR/MWh,DE,DE_LU,day_ahead_price,value,2026-08-04T01:03:53Z
2026-08-04T00:59:54Z,2026-08-04T02:59:54+0200,e971b95d-ef8c-4c78-99a5-54bbb479ab9f,2026-07-23T13:15:00Z,2026-07-23T15:15:00+0200,0.0,EUR/MWh,DE,DE_LU,day_ahead_price,value,2026-08-04T01:03:53Z
2026-08-04T00:59:54Z,2026-08-04T02:59:54+0200,e971b95d-ef8c-4c78-99a5-54bbb479ab9f,2026-07-23T13:30:00Z,2026-07-23T15:30:00+0200,0.03,EUR/MWh,DE,DE_LU,day_ahead_price,value,2026-08-04T01:03:53Z
2026-08-04T00:59:54Z,2026-08-04T02:59:54+0200,e971b95d-ef8c-4c78-99a5-54bbb479ab9f,2026-07-23T13:45:00Z,2026-07-23T15:45:00+0200,0.09,EUR/MWh,DE,DE_LU,day_ahead_price,value,2026-08-04T01:03:53Z
2026-08-04T00:59:54Z,2026-08-04T02:59:54+0200,e971b95d-ef8c-4c78-99a5-54bbb479ab9f,2026-07-23T14:00:00Z,2026-07-23T16:00:00+0200,0.0,EUR/MWh,DE,DE_LU,day_ahead_price,value,2026-08-04T01:03:53Z
2026-08-04T00:59:54Z,2026-08-04T02:59:54+0200,e971b95d-ef8c-4c78-99a5-54bbb479ab9f,2026-07-23T14:15:00Z,2026-07-23T16:15:00+0200,3.11,EUR/MWh,DE,DE_LU,day_ahead_price,value,2026-08-04T01:03:53Z
2026-08-04T00:59:54Z,2026-08-04T02:59:54+0200,e971b95d-ef8c-4c78-99a5-54bbb479ab9f,2026-07-23T14:30:00Z,2026-07-23T16:30:00+0200,24.79,EUR/MWh,DE,DE_LU,day_ahead_price,value,2026-08-04T01:03:53Z
2026-08-04T00:59:54Z,2026-08-04T02:59:54+0200,e971b95d-ef8c-4c78-99a5-54bbb479ab9f,2026-07-23T14:45:00Z,2026-07-23T16:45:00+0200,60.09,EUR/MWh,DE,DE_LU,day_ahead_price,value,2026-08-04T01:03:53Z
2026-08-04T00:59:54Z,2026-08-04T02:59:54+0200,e971b95d-ef8c-4c78-99a5-54bbb479ab9f,2026-07-23T15:00:00Z,2026-07-23T17:00:00+0200,52.99,EUR/MWh,DE,DE_LU,day_ahead_price,value,2026-08-04T01:03:53Z
2026-08-04T00:59:54Z,2026-08-04T02:59:54+0200,e971b95d-ef8c-4c78-99a5-54bbb479ab9f,2026-07-23T15:15:00Z,2026-07-23T17:15:00+0200,94.82,EUR/MWh,DE,DE_LU,day_ahead_price,value,2026-08-04T01:03:53Z
2026-08-04T00:59:54Z,2026-08-04T02:59:54+0200,e971b95d-ef8c-4c78-99a5-54bbb479ab9f,2026-07-23T15:30:00Z,2026-07-23T17:30:00+0200,113.51,EUR/MWh,DE,DE_LU,day_ahead_price,value,2026-08-04T01:03:53Z
2026-08-04T00:59:54Z,2026-08-04T02:59:54+0200,e971b95d-ef8c-4c78-99a5-54bbb479ab9f,2026-07-23T15:45:00Z,2026-07-23T17:45:00+0200,125.5,EUR/MWh,DE,DE_LU,day_ahead_price,value,2026-08-04T01:03:53Z
2026-08-04T00:59:54Z,2026-08-04T02:59:54+0200,e971b95d-ef8c-4c78-99a5-54bbb479ab9f,2026-07-23T16:00:00Z,2026-07-23T18:00:00+0200,111.39,EUR/MWh,DE,DE_LU,day_ahead_price,value,2026-08-04T01:03:53Z
2026-08-04T00:59:54Z,2026-08-04T02:59:54+0200,e971b95d-ef8c-4c78-99a5-54bbb479ab9f,2026-07-23T16:15:00Z,2026-07-23T18:15:00+0200,139.21,EUR/MWh,DE,DE_LU,day_ahead_price,value,2026-08-04T01:03:53Z
2026-08-04T00:59:54Z,2026-08-04T02:59:54+0200,e971b95d-ef8c-4c78-99a5-54bbb479ab9f,2026-07-23T16:30:00Z,2026-07-23T18:30:00+0200,154.96,EUR/MWh,DE,DE_LU,day_ahead_price,value,2026-08-04T01:03:53Z
2026-08-04T00:59:54Z,2026-08-04T02:59:54+0200,e971b95d-ef8c-4c78-99a5-54bbb479ab9f,2026-07-23T16:45:00Z,2026-07-23T18:45:00+0200,165.0,EUR/MWh,DE,DE_LU,day_ahead_price,value,2026-08-04T01:03:53Z
2026-08-04T00:59:54Z,2026-08-04T02:59:54+0200,e971b95d-ef8c-4c78-99a5-54bbb479ab9f,2026-07-23T17:00:00Z,2026-07-23T19:00:00+0200,152.77,EUR/MWh,DE,DE_LU,day_ahead_price,value,2026-08-04T01:03:53Z
2026-08-04T00:59:54Z,2026-08-04T02:59:54+0200,e971b95d-ef8c-4c78-99a5-54bbb479ab9f,2026-07-23T17:15:00Z,2026-07-23T19:15:00+0200,164.67,EUR/MWh,DE,DE_LU,day_ahead_price,value,2026-08-04T01:03:53Z
2026-08-04T00:59:54Z,2026-08-04T02:59:54+0200,e971b95d-ef8c-4c78-99a5-54bbb479ab9f,2026-07-23T17:30:00Z,2026-07-23T19:30:00+0200,168.27,EUR/MWh,DE,DE_LU,day_ahead_price,value,2026-08-04T01:03:53Z
2026-08-04T00:59:54Z,2026-08-04T02:59:54+0200,e971b95d-ef8c-4c78-99a5-54bbb479ab9f,2026-07-23T17:45:00Z,2026-07-23T19:45:00+0200,178.69,EUR/MWh,DE,DE_LU,day_ahead_price,value,2026-08-04T01:03:53Z
2026-08-04T00:59:54Z,2026-08-04T02:59:54+0200,e971b95d-ef8c-4c78-99a5-54bbb479ab9f,2026-07-23T18:00:00Z,2026-07-23T20:00:00+0200,172.79,EUR/MWh,DE,DE_LU,day_ahead_price,value,2026-08-04T01:03:53Z
2026-08-04T00:59:54Z,2026-08-04T02:59:54+0200,e971b95d-ef8c-4c78-99a5-54bbb479ab9f,2026-07-23T18:15:00Z,2026-07-23T20:15:00+0200,184.29,EUR/MWh,DE,DE_LU,day_ahead_price,value,2026-08-04T01:03:53Z
2026-08-04T00:59:54Z,2026-08-04T02:59:54+0200,e971b95d-ef8c-4c78-99a5-54bbb479ab9f,2026-07-23T18:30:00Z,2026-07-23T20:30:00+0200,185.48,EUR/MWh,DE,DE_LU,day_ahead_price,value,2026-08-04T01:03:53Z
2026-08-04T00:59:54Z,2026-08-04T02:59:54+0200,e971b95d-ef8c-4c78-99a5-54bbb479ab9f,2026-07-23T18:45:00Z,2026-07-23T20:45:00+0200,197.5,EUR/MWh,DE,DE_LU,day_ahead_price,value,2026-08-04T01:03:53Z
2026-08-04T00:59:54Z,2026-08-04T02:59:54+0200,e971b95d-ef8c-4c78-99a5-54bbb479ab9f,2026-07-23T19:00:00Z,2026-07-23T21:00:00+0200,192.84,EUR/MWh,DE,DE_LU,day_ahead_price,value,2026-08-04T01:03:53Z
2026-08-04T00:59:54Z,2026-08-04T02:59:54+0200,e971b95d-ef8c-4c78-99a5-54bbb479ab9f,2026-07-23T19:15:00Z,2026-07-23T21:15:00+0200,191.79,EUR/MWh,DE,DE_LU,day_ahead_price,value,2026-08-04T01:03:53Z
2026-08-04T00:59:54Z,2026-08-04T02:59:54+0200,e971b95d-ef8c-4c78-99a5-54bbb479ab9f,2026-07-23T19:30:00Z,2026-07-23T21:30:00+0200,189.7,EUR/MWh,DE,DE_LU,day_ahead_price,value,2026-08-04T01:03:53Z
2026-08-04T00:59:54Z,2026-08-04T02:59:54+0200,e971b95d-ef8c-4c78-99a5-54bbb479ab9f,2026-07-23T19:45:00Z,2026-07-23T21:45:00+0200,185.67,EUR/MWh,DE,DE_LU,day_ahead_price,value,2026-08-04T01:03:53Z
2026-08-04T00:59:54Z,2026-08-04T02:59:54+0200,e971b95d-ef8c-4c78-99a5-54bbb479ab9f,2026-07-23T20:00:00Z,2026-07-23T22:00:00+0200,195.92,EUR/MWh,DE,DE_LU,day_ahead_price,value,2026-08-04T01:03:53Z
2026-08-04T00:59:54Z,2026-08-04T02:59:54+0200,e971b95d-ef8c-4c78-99a5-54bbb479ab9f,2026-07-23T20:15:00Z,2026-07-23T22:15:00+0200,188.96,EUR/MWh,DE,DE_LU,day_ahead_price,value,2026-08-04T01:03:53Z
2026-08-04T00:59:54Z,2026-08-04T02:59:54+0200,e971b95d-ef8c-4c78-99a5-54bbb479ab9f,2026-07-23T20:30:00Z,2026-07-23T22:30:00+0200,184.29,EUR/MWh,DE,DE_LU,day_ahead_price,value,2026-08-04T01:03:53Z
2026-08-04T00:59:54Z,2026-08-04T02:59:54+0200,e971b95d-ef8c-4c78-99a5-54bbb479ab9f,2026-07-23T20:45:00Z,2026-07-23T22:45:00+0200,177.0,EUR/MWh,DE,DE_LU,day_ahead_price,value,2026-08-04T01:03:53Z
2026-08-04T00:59:54Z,2026-08-04T02:59:54+0200,e971b95d-ef8c-4c78-99a5-54bbb479ab9f,2026-07-23T21:00:00Z,2026-07-23T23:00:00+0200,181.68,EUR/MWh,DE,DE_LU,day_ahead_price,value,2026-08-04T01:03:53Z
2026-08-04T00:59:54Z,2026-08-04T02:59:54+0200,e971b95d-ef8c-4c78-99a5-54bbb479ab9f,2026-07-23T21:15:00Z,2026-07-23T23:15:00+0200,170.66,EUR/MWh,DE,DE_LU,day_ahead_price,value,2026-08-04T01:03:53Z
2026-08-04T00:59:54Z,2026-08-04T02:59:54+0200,e971b95d-ef8c-4c78-99a5-54bbb479ab9f,2026-07-23T21:30:00Z,2026-07-23T23:30:00+0200,166.94,EUR/MWh,DE,DE_LU,day_ahead_price,value,2026-08-04T01:03:53Z
2026-08-04T00:59:54Z,2026-08-04T02:59:54+0200,e971b95d-ef8c-4c78-99a5-54bbb479ab9f,2026-07-23T21:45:00Z,2026-07-23T23:45:00+0200,162.4,EUR/MWh,DE,DE_LU,day_ahead_price,value,2026-08-04T01:03:53Z
2026-08-04T00:59:54Z,2026-08-04T02:59:54+0200,e971b95d-ef8c-4c78-99a5-54bbb479ab9f,2026-07-23T22:00:00Z,2026-07-24T00:00:00+0200,168.22,EUR/MWh,DE,DE_LU,day_ahead_price,value,2026-08-04T01:03:53Z
2026-08-04T00:59:54Z,2026-08-04T02:59:54+0200,e971b95d-ef8c-4c78-99a5-54bbb479ab9f,2026-07-23T22:15:00Z,2026-07-24T00:15:00+0200,163.65,EUR/MWh,DE,DE_LU,day_ahead_price,value,2026-08-04T01:03:53Z
2026-08-04T00:59:54Z,2026-08-04T02:59:54+0200,e971b95d-ef8c-4c78-99a5-54bbb479ab9f,2026-07-23T22:30:00Z,2026-07-24T00:30:00+0200,160.58,EUR/MWh,DE,DE_LU,day_ahead_price,value,2026-08-04T01:03:53Z
2026-08-04T00:59:54Z,2026-08-04T02:59:54+0200,e971b95d-ef8c-4c78-99a5-54bbb479ab9f,2026-07-23T22:45:00Z,2026-07-24T00:45:00+0200,151.56,EUR/MWh,DE,DE_LU,day_ahead_price,value,2026-08-04T01:03:53Z
2026-08-04T00:59:54Z,2026-08-04T02:59:54+0200,e971b95d-ef8c-4c78-99a5-54bbb479ab9f,2026-07-23T23:00:00Z,2026-07-24T01:00:00+0200,162.69,EUR/MWh,DE,DE_LU,day_ahead_price,value,2026-08-04T01:03:53Z
2026-08-04T00:59:54Z,2026-08-04T02:59:54+0200,e971b95d-ef8c-4c78-99a5-54bbb479ab9f,2026-07-23T23:15:00Z,2026-07-24T01:15:00+0200,158.03,EUR/MWh,DE,DE_LU,day_ahead_price,value,2026-08-04T01:03:53Z
2026-08-04T00:59:54Z,2026-08-04T02:59:54+0200,e971b95d-ef8c-4c78-99a5-54bbb479ab9f,2026-07-23T23:30:00Z,2026-07-24T01:30:00+0200,155.89,EUR/MWh,DE,DE_LU,day_ahead_price,value,2026-08-04T01:03:53Z
2026-08-04T00:59:54Z,2026-08-04T02:59:54+0200,e971b95d-ef8c-4c78-99a5-54bbb479ab9f,2026-07-23T23:45:00Z,2026-07-24T01:45:00+0200,151.94,EUR/MWh,DE,DE_LU,day_ahead_price,value,2026-08-04T01:03:53Z
2026-08-04T00:59:54Z,2026-08-04T02:59:54+0200,e971b95d-ef8c-4c78-99a5-54bbb479ab9f,2026-07-24T00:00:00Z,2026-07-24T02:00:00+0200,155.26,EUR/MWh,DE,DE_LU,day_ahead_price,value,2026-08-04T01:03:53Z
2026-08-04T00:59:54Z,2026-08-04T02:59:54+0200,e971b95d-ef8c-4c78-99a5-54bbb479ab9f,2026-07-24T00:15:00Z,2026-07-24T02:15:00+0200,151.69,EUR/MWh,DE,DE_LU,day_ahead_price,value,2026-08-04T01:03:53Z
2026-08-04T00:59:54Z,2026-08-04T02:59:54+0200,e971b95d-ef8c-4c78-99a5-54bbb479ab9f,2026-07-24T00:30:00Z,2026-07-24T02:30:00+0200,150.67,EUR/MWh,DE,DE_LU,day_ahead_price,value,2026-08-04T01:03:53Z
2026-08-04T00:59:54Z,2026-08-04T02:59:54+0200,e971b95d-ef8c-4c78-99a5-54bbb479ab9f,2026-07-24T00:45:00Z,2026-07-24T02:45:00+0200,149.63,EUR/MWh,DE,DE_LU,day_ahead_price,value,2026-08-04T01:03:53Z
2026-08-04T00:59:54Z,2026-08-04T02:59:54+0200,e971b95d-ef8c-4c78-99a5-54bbb479ab9f,2026-07-24T01:00:00Z,2026-07-24T03:00:00+0200,156.19,EUR/MWh,DE,DE_LU,day_ahead_price,value,2026-08-04T01:03:53Z
2026-08-04T00:59:54Z,2026-08-04T02:59:54+0200,e971b95d-ef8c-4c78-99a5-54bbb479ab9f,2026-07-24T01:15:00Z,2026-07-24T03:15:00+0200,153.21,EUR/MWh,DE,DE_LU,day_ahead_price,value,2026-08-04T01:03:53Z
2026-08-04T00:59:54Z,2026-08-04T02:59:54+0200,e971b95d-ef8c-4c78-99a5-54bbb479ab9f,2026-07-24T01:30:00Z,2026-07-24T03:30:00+0200,151.78,EUR/MWh,DE,DE_LU,day_ahead_price,value,2026-08-04T01:03:53Z
2026-08-04T00:59:54Z,2026-08-04T02:59:54+0200,e971b95d-ef8c-4c78-99a5-54bbb479ab9f,2026-07-24T01:45:00Z,2026-07-24T03:45:00+0200,152.13,EUR/MWh,DE,DE_LU,day_ahead_price,value,2026-08-04T01:03:53Z
2026-08-04T00:59:54Z,2026-08-04T02:59:54+0200,e971b95d-ef8c-4c78-99a5-54bbb479ab9f,2026-07-24T02:00:00Z,2026-07-24T04:00:00+0200,150.58,EUR/MWh,DE,DE_LU,day_ahead_price,value,2026-08-04T01:03:53Z
2026-08-04T00:59:54Z,2026-08-04T02:59:54+0200,e971b95d-ef8c-4c78-99a5-54bbb479ab9f,2026-07-24T02:15:00Z,2026-07-24T04:15:00+0200,152.91,EUR/MWh,DE,DE_LU,day_ahead_price,value,2026-08-04T01:03:53Z
2026-08-04T00:59:54Z,2026-08-04T02:59:54+0200,e971b95d-ef8c-4c78-99a5-54bbb479ab9f,2026-07-24T02:30:00Z,2026-07-24T04:30:00+0200,153.93,EUR/MWh,DE,DE_LU,day_ahead_price,value,2026-08-04T01:03:53Z
2026-08-04T00:59:54Z,2026-08-04T02:59:54+0200,e971b95d-ef8c-4c78-99a5-54bbb479ab9f,2026-07-24T02:45:00Z,2026-07-24T04:45:00+0200,165.22,EUR/MWh,DE,DE_LU,day_ahead_price,value,2026-08-04T01:03:53Z
2026-08-04T00:59:54Z,2026-08-04T02:59:54+0200,e971b95d-ef8c-4c78-99a5-54bbb479ab9f,2026-07-24T03:00:00Z,2026-07-24T05:00:00+0200,152.92,EUR/MWh,DE,DE_LU,day_ahead_price,value,2026-08-04T01:03:53Z
2026-08-04T00:59:54Z,2026-08-04T02:59:54+0200,e971b95d-ef8c-4c78-99a5-54bbb479ab9f,2026-07-24T03:15:00Z,2026-07-24T05:15:00+0200,158.44,EUR/MWh,DE,DE_LU,day_ahead_price,value,2026-08-04T01:03:53Z
2026-08-04T00:59:54Z,2026-08-04T02:59:54+0200,e971b95d-ef8c-4c78-99a5-54bbb479ab9f,2026-07-24T03:30:00Z,2026-07-24T05:30:00+0200,164.71,EUR/MWh,DE,DE_LU,day_ahead_price,value,2026-08-04T01:03:53Z
2026-08-04T00:59:54Z,2026-08-04T02:59:54+0200,e971b95d-ef8c-4c78-99a5-54bbb479ab9f,2026-07-24T03:45:00Z,2026-07-24T05:45:00+0200,168.6,EUR/MWh,DE,DE_LU,day_ahead_price,value,2026-08-04T01:03:53Z
2026-08-04T00:59:54Z,2026-08-04T02:59:54+0200,e971b95d-ef8c-4c78-99a5-54bbb479ab9f,2026-07-24T04:00:00Z,2026-07-24T06:00:00+0200,167.75,EUR/MWh,DE,DE_LU,day_ahead_price,value,2026-08-04T01:03:53Z
2026-08-04T00:59:54Z,2026-08-04T02:59:54+0200,e971b95d-ef8c-4c78-99a5-54bbb479ab9f,2026-07-24T04:15:00Z,2026-07-24T06:15:00+0200,176.4,EUR/MWh,DE,DE_LU,day_ahead_price,value,2026-08-04T01:03:53Z
2026-08-04T00:59:54Z,2026-08-04T02:59:54+0200,e971b95d-ef8c-4c78-99a5-54bbb479ab9f,2026-07-24T04:30:00Z,2026-07-24T06:30:00+0200,174.67,EUR/MWh,DE,DE_LU,day_ahead_price,value,2026-08-04T01:03:53Z
2026-08-04T00:59:54Z,2026-08-04T02:59:54+0200,e971b95d-ef8c-4c78-99a5-54bbb479ab9f,2026-07-24T04:45:00Z,2026-07-24T06:45:00+0200,171.34,EUR/MWh,DE,DE_LU,day_ahead_price,value,2026-08-04T01:03:53Z
2026-08-04T00:59:54Z,2026-08-04T02:59:54+0200,e971b95d-ef8c-4c78-99a5-54bbb479ab9f,2026-07-24T05:00:00Z,2026-07-24T07:00:00+0200,177.93,EUR/MWh,DE,DE_LU,day_ahead_price,value,2026-08-04T01:03:53Z
2026-08-04T00:59:54Z,2026-08-04T02:59:54+0200,e971b95d-ef8c-4c78-99a5-54bbb479ab9f,2026-07-24T05:15:00Z,2026-07-24T07:15:00+0200,172.09,EUR/MWh,DE,DE_LU,day_ahead_price,value,2026-08-04T01:03:53Z
2026-08-04T00:59:54Z,2026-08-04T02:59:54+0200,e971b95d-ef8c-4c78-99a5-54bbb479ab9f,2026-07-24T05:30:00Z,2026-07-24T07:30:00+0200,167.0,EUR/MWh,DE,DE_LU,day_ahead_price,value,2026-08-04T01:03:53Z
2026-08-04T00:59:54Z,2026-08-04T02:59:54+0200,e971b95d-ef8c-4c78-99a5-54bbb479ab9f,2026-07-24T05:45:00Z,2026-07-24T07:45:00+0200,152.53,EUR/MWh,DE,DE_LU,day_ahead_price,value,2026-08-04T01:03:53Z
2026-08-04T00:59:54Z,2026-08-04T02:59:54+0200,e971b95d-ef8c-4c78-99a5-54bbb479ab9f,2026-07-24T06:00:00Z,2026-07-24T08:00:00+0200,174.0,EUR/MWh,DE,DE_LU,day_ahead_price,value,2026-08-04T01:03:53Z
2026-08-04T00:59:54Z,2026-08-04T02:59:54+0200,e971b95d-ef8c-4c78-99a5-54bbb479ab9f,2026-07-24T06:15:00Z,2026-07-24T08:15:00+0200,166.76,EUR/MWh,DE,DE_LU,day_ahead_price,value,2026-08-04T01:03:53Z
2026-08-04T00:59:54Z,2026-08-04T02:59:54+0200,e971b95d-ef8c-4c78-99a5-54bbb479ab9f,2026-07-24T06:30:00Z,2026-07-24T08:30:00+0200,159.3,EUR/MWh,DE,DE_LU,day_ahead_price,value,2026-08-04T01:03:53Z
2026-08-04T00:59:54Z,2026-08-04T02:59:54+0200,e971b95d-ef8c-4c78-99a5-54bbb479ab9f,2026-07-24T06:45:00Z,2026-07-24T08:45:00+0200,139.93,EUR/MWh,DE,DE_LU,day_ahead_price,value,2026-08-04T01:03:53Z
2026-08-04T00:59:54Z,2026-08-04T02:59:54+0200,e971b95d-ef8c-4c78-99a5-54bbb479ab9f,2026-07-24T07:00:00Z,2026-07-24T09:00:00+0200,169.66,EUR/MWh,DE,DE_LU,day_ahead_price,value,2026-08-04T01:03:53Z
2026-08-04T00:59:54Z,2026-08-04T02:59:54+0200,e971b95d-ef8c-4c78-99a5-54bbb479ab9f,2026-07-24T07:15:00Z,2026-07-24T09:15:00+0200,133.6,EUR/MWh,DE,DE_LU,day_ahead_price,value,2026-08-04T01:03:53Z
2026-08-04T00:59:54Z,2026-08-04T02:59:54+0200,e971b95d-ef8c-4c78-99a5-54bbb479ab9f,2026-07-24T07:30:00Z,2026-07-24T09:30:00+0200,116.06,EUR/MWh,DE,DE_LU,day_ahead_price,value,2026-08-04T01:03:53Z
2026-08-04T00:59:54Z,2026-08-04T02:59:54+0200,e971b95d-ef8c-4c78-99a5-54bbb479ab9f,2026-07-24T07:45:00Z,2026-07-24T09:45:00+0200,111.09,EUR/MWh,DE,DE_LU,day_ahead_price,value,2026-08-04T01:03:53Z
2026-08-04T00:59:54Z,2026-08-04T02:59:54+0200,e971b95d-ef8c-4c78-99a5-54bbb479ab9f,2026-07-24T08:00:00Z,2026-07-24T10:00:00+0200,116.41,EUR/MWh,DE,DE_LU,day_ahead_price,value,2026-08-04T01:03:53Z
2026-08-04T00:59:54Z,2026-08-04T02:59:54+0200,e971b95d-ef8c-4c78-99a5-54bbb479ab9f,2026-07-24T08:15:00Z,2026-07-24T10:15:00+0200,106.02,EUR/MWh,DE,DE_LU,day_ahead_price,value,2026-08-04T01:03:53Z
2026-08-04T00:59:54Z,2026-08-04T02:59:54+0200,e971b95d-ef8c-4c78-99a5-54bbb479ab9f,2026-07-24T08:30:00Z,2026-07-24T10:30:00+0200,98.58,EUR/MWh,DE,DE_LU,day_ahead_price,value,2026-08-04T01:03:53Z
2026-08-04T00:59:54Z,2026-08-04T02:59:54+0200,e971b95d-ef8c-4c78-99a5-54bbb479ab9f,2026-07-24T08:45:00Z,2026-07-24T10:45:00+0200,88.25,EUR/MWh,DE,DE_LU,day_ahead_price,value,2026-08-04T01:03:53Z
2026-08-04T00:59:54Z,2026-08-04T02:59:54+0200,e971b95d-ef8c-4c78-99a5-54bbb479ab9f,2026-07-24T09:00:00Z,2026-07-24T11:00:00+0200,86.08,EUR/MWh,DE,DE_LU,day_ahead_price,value,2026-08-04T01:03:53Z
2026-08-04T00:59:54Z,2026-08-04T02:59:54+0200,e971b95d-ef8c-4c78-99a5-54bbb479ab9f,2026-07-24T09:15:00Z,2026-07-24T11:15:00+0200,77.2,EUR/MWh,DE,DE_LU,day_ahead_price,value,2026-08-04T01:03:53Z
2026-08-04T00:59:54Z,2026-08-04T02:59:54+0200,e971b95d-ef8c-4c78-99a5-54bbb479ab9f,2026-07-24T09:30:00Z,2026-07-24T11:30:00+0200,74.12,EUR/MWh,DE,DE_LU,day_ahead_price,value,2026-08-04T01:03:53Z
2026-08-04T00:59:54Z,2026-08-04T02:59:54+0200,e971b95d-ef8c-4c78-99a5-54bbb479ab9f,2026-07-24T09:45:00Z,2026-07-24T11:45:00+0200,65.25,EUR/MWh,DE,DE_LU,day_ahead_price,value,2026-08-04T01:03:53Z
2026-08-04T00:59:54Z,2026-08-04T02:59:54+0200,e971b95d-ef8c-4c78-99a5-54bbb479ab9f,2026-07-24T10:00:00Z,2026-07-24T12:00:00+0200,65.15,EUR/MWh,DE,DE_LU,day_ahead_price,value,2026-08-04T01:03:53Z
2026-08-04T00:59:54Z,2026-08-04T02:59:54+0200,e971b95d-ef8c-4c78-99a5-54bbb479ab9f,2026-07-24T10:15:00Z,2026-07-24T12:15:00+0200,50.97,EUR/MWh,DE,DE_LU,day_ahead_price,value,2026-08-04T01:03:53Z
2026-08-04T00:59:54Z,2026-08-04T02:59:54+0200,e971b95d-ef8c-4c78-99a5-54bbb479ab9f,2026-07-24T10:30:00Z,2026-07-24T12:30:00+0200,37.8,EUR/MWh,DE,DE_LU,day_ahead_price,value,2026-08-04T01:03:53Z
2026-08-04T00:59:54Z,2026-08-04T02:59:54+0200,e971b95d-ef8c-4c78-99a5-54bbb479ab9f,2026-07-24T10:45:00Z,2026-07-24T12:45:00+0200,25.05,EUR/MWh,DE,DE_LU,day_ahead_price,value,2026-08-04T01:03:53Z
2026-08-04T00:59:54Z,2026-08-04T02:59:54+0200,e971b95d-ef8c-4c78-99a5-54bbb479ab9f,2026-07-24T11:00:00Z,2026-07-24T13:00:00+0200,36.1,EUR/MWh,DE,DE_LU,day_ahead_price,value,2026-08-04T01:03:53Z
2026-08-04T00:59:54Z,2026-08-04T02:59:54+0200,e971b95d-ef8c-4c78-99a5-54bbb479ab9f,2026-07-24T11:15:00Z,2026-07-24T13:15:00+0200,22.9,EUR/MWh,DE,DE_LU,day_ahead_price,value,2026-08-04T01:03:53Z
2026-08-04T00:59:54Z,2026-08-04T02:59:54+0200,e971b95d-ef8c-4c78-99a5-54bbb479ab9f,2026-07-24T11:30:00Z,2026-07-24T13:30:00+0200,16.89,EUR/MWh,DE,DE_LU,day_ahead_price,value,2026-08-04T01:03:53Z
2026-08-04T00:59:54Z,2026-08-04T02:59:54+0200,e971b95d-ef8c-4c78-99a5-54bbb479ab9f,2026-07-24T11:45:00Z,2026-07-24T13:45:00+0200,8.21,EUR/MWh,DE,DE_LU,day_ahead_price,value,2026-08-04T01:03:53Z
2026-08-04T00:59:54Z,2026-08-04T02:59:54+0200,e971b95d-ef8c-4c78-99a5-54bbb479ab9f,2026-07-24T12:00:00Z,2026-07-24T14:00:00+0200,6.01,EUR/MWh,DE,DE_LU,day_ahead_price,value,2026-08-04T01:03:53Z
2026-08-04T00:59:54Z,2026-08-04T02:59:54+0200,e971b95d-ef8c-4c78-99a5-54bbb479ab9f,2026-07-24T12:15:00Z,2026-07-24T14:15:00+0200,5.2,EUR/MWh,DE,DE_LU,day_ahead_price,value,2026-08-04T01:03:53Z
2026-08-04T00:59:54Z,2026-08-04T02:59:54+0200,e971b95d-ef8c-4c78-99a5-54bbb479ab9f,2026-07-24T12:30:00Z,2026-07-24T14:30:00+0200,5.85,EUR/MWh,DE,DE_LU,day_ahead_price,value,2026-08-04T01:03:53Z
2026-08-04T00:59:54Z,2026-08-04T02:59:54+0200,e971b95d-ef8c-4c78-99a5-54bbb479ab9f,2026-07-24T12:45:00Z,2026-07-24T14:45:00+0200,8.88,EUR/MWh,DE,DE_LU,day_ahead_price,value,2026-08-04T01:03:53Z
2026-08-04T00:59:54Z,2026-08-04T02:59:54+0200,e971b95d-ef8c-4c78-99a5-54bbb479ab9f,2026-07-24T13:00:00Z,2026-07-24T15:00:00+0200,3.23,EUR/MWh,DE,DE_LU,day_ahead_price,value,2026-08-04T01:03:53Z
2026-08-04T00:59:54Z,2026-08-04T02:59:54+0200,e971b95d-ef8c-4c78-99a5-54bbb479ab9f,2026-07-24T13:15:00Z,2026-07-24T15:15:00+0200,4.7,EUR/MWh,DE,DE_LU,day_ahead_price,value,2026-08-04T01:03:53Z
2026-08-04T00:59:54Z,2026-08-04T02:59:54+0200,e971b95d-ef8c-4c78-99a5-54bbb479ab9f,2026-07-24T13:30:00Z,2026-07-24T15:30:00+0200,17.13,EUR/MWh,DE,DE_LU,day_ahead_price,value,2026-08-04T01:03:53Z
2026-08-04T00:59:54Z,2026-08-04T02:59:54+0200,e971b95d-ef8c-4c78-99a5-54bbb479ab9f,2026-07-24T13:45:00Z,2026-07-24T15:45:00+0200,32.1,EUR/MWh,DE,DE_LU,day_ahead_price,value,2026-08-04T01:03:53Z
2026-08-04T00:59:54Z,2026-08-04T02:59:54+0200,e971b95d-ef8c-4c78-99a5-54bbb479ab9f,2026-07-24T14:00:00Z,2026-07-24T16:00:00+0200,32.07,EUR/MWh,DE,DE_LU,day_ahead_price,value,2026-08-04T01:03:53Z
2026-08-04T00:59:54Z,2026-08-04T02:59:54+0200,e971b95d-ef8c-4c78-99a5-54bbb479ab9f,2026-07-24T14:15:00Z,2026-07-24T16:15:00+0200,60.07,EUR/MWh,DE,DE_LU,day_ahead_price,value,2026-08-04T01:03:53Z
2026-08-04T00:59:54Z,2026-08-04T02:59:54+0200,e971b95d-ef8c-4c78-99a5-54bbb479ab9f,2026-07-24T14:30:00Z,2026-07-24T16:30:00+0200,81.52,EUR/MWh,DE,DE_LU,day_ahead_price,value,2026-08-04T01:03:53Z
2026-08-04T00:59:54Z,2026-08-04T02:59:54+0200,e971b95d-ef8c-4c78-99a5-54bbb479ab9f,2026-07-24T14:45:00Z,2026-07-24T16:45:00+0200,102.2,EUR/MWh,DE,DE_LU,day_ahead_price,value,2026-08-04T01:03:53Z
2026-08-04T00:59:54Z,2026-08-04T02:59:54+0200,e971b95d-ef8c-4c78-99a5-54bbb479ab9f,2026-07-24T15:00:00Z,2026-07-24T17:00:00+0200,77.07,EUR/MWh,DE,DE_LU,day_ahead_price,value,2026-08-04T01:03:53Z
2026-08-04T00:59:54Z,2026-08-04T02:59:54+0200,e971b95d-ef8c-4c78-99a5-54bbb479ab9f,2026-07-24T15:15:00Z,2026-07-24T17:15:00+0200,112.18,EUR/MWh,DE,DE_LU,day_ahead_price,value,2026-08-04T01:03:53Z
2026-08-04T00:59:54Z,2026-08-04T02:59:54+0200,e971b95d-ef8c-4c78-99a5-54bbb479ab9f,2026-07-24T15:30:00Z,2026-07-24T17:30:00+0200,125.2,EUR/MWh,DE,DE_LU,day_ahead_price,value,2026-08-04T01:03:53Z
2026-08-04T00:59:54Z,2026-08-04T02:59:54+0200,e971b95d-ef8c-4c78-99a5-54bbb479ab9f,2026-07-24T15:45:00Z,2026-07-24T17:45:00+0200,141.62,EUR/MWh,DE,DE_LU,day_ahead_price,value,2026-08-04T01:03:53Z
2026-08-04T00:59:54Z,2026-08-04T02:59:54+0200,e971b95d-ef8c-4c78-99a5-54bbb479ab9f,2026-07-24T16:00:00Z,2026-07-24T18:00:00+0200,127.09,EUR/MWh,DE,DE_LU,day_ahead_price,value,2026-08-04T01:03:53Z
2026-08-04T00:59:54Z,2026-08-04T02:59:54+0200,e971b95d-ef8c-4c78-99a5-54bbb479ab9f,2026-07-24T16:15:00Z,2026-07-24T18:15:00+0200,147.56,EUR/MWh,DE,DE_LU,day_ahead_price,value,2026-08-04T01:03:53Z
2026-08-04T00:59:54Z,2026-08-04T02:59:54+0200,e971b95d-ef8c-4c78-99a5-54bbb479ab9f,2026-07-24T16:30:00Z,2026-07-24T18:30:00+0200,163.05,EUR/MWh,DE,DE_LU,day_ahead_price,value,2026-08-04T01:03:53Z
2026-08-04T00:59:54Z,2026-08-04T02:59:54+0200,e971b95d-ef8c-4c78-99a5-54bbb479ab9f,2026-07-24T16:45:00Z,2026-07-24T18:45:00+0200,180.96,EUR/MWh,DE,DE_LU,day_ahead_price,value,2026-08-04T01:03:53Z
2026-08-04T00:59:54Z,2026-08-04T02:59:54+0200,e971b95d-ef8c-4c78-99a5-54bbb479ab9f,2026-07-24T17:00:00Z,2026-07-24T19:00:00+0200,149.16,EUR/MWh,DE,DE_LU,day_ahead_price,value,2026-08-04T01:03:53Z
2026-08-04T00:59:54Z,2026-08-04T02:59:54+0200,e971b95d-ef8c-4c78-99a5-54bbb479ab9f,2026-07-24T17:15:00Z,2026-07-24T19:15:00+0200,176.2,EUR/MWh,DE,DE_LU,day_ahead_price,value,2026-08-04T01:03:53Z
2026-08-04T00:59:54Z,2026-08-04T02:59:54+0200,e971b95d-ef8c-4c78-99a5-54bbb479ab9f,2026-07-24T17:30:00Z,2026-07-24T19:30:00+0200,190.23,EUR/MWh,DE,DE_LU,day_ahead_price,value,2026-08-04T01:03:53Z
2026-08-04T00:59:54Z,2026-08-04T02:59:54+0200,e971b95d-ef8c-4c78-99a5-54bbb479ab9f,2026-07-24T17:45:00Z,2026-07-24T19:45:00+0200,204.95,EUR/MWh,DE,DE_LU,day_ahead_price,value,2026-08-04T01:03:53Z
2026-08-04T00:59:54Z,2026-08-04T02:59:54+0200,e971b95d-ef8c-4c78-99a5-54bbb479ab9f,2026-07-24T18:00:00Z,2026-07-24T20:00:00+0200,188.24,EUR/MWh,DE,DE_LU,day_ahead_price,value,2026-08-04T01:03:53Z
2026-08-04T00:59:54Z,2026-08-04T02:59:54+0200,e971b95d-ef8c-4c78-99a5-54bbb479ab9f,2026-07-24T18:15:00Z,2026-07-24T20:15:00+0200,194.07,EUR/MWh,DE,DE_LU,day_ahead_price,value,2026-08-04T01:03:53Z
2026-08-04T00:59:54Z,2026-08-04T02:59:54+0200,e971b95d-ef8c-4c78-99a5-54bbb479ab9f,2026-07-24T18:30:00Z,2026-07-24T20:30:00+0200,205.89,EUR/MWh,DE,DE_LU,day_ahead_price,value,2026-08-04T01:03:53Z
2026-08-04T00:59:54Z,2026-08-04T02:59:54+0200,e971b95d-ef8c-4c78-99a5-54bbb479ab9f,2026-07-24T18:45:00Z,2026-07-24T20:45:00+0200,211.97,EUR/MWh,DE,DE_LU,day_ahead_price,value,2026-08-04T01:03:53Z
2026-08-04T00:59:54Z,2026-08-04T02:59:54+0200,e971b95d-ef8c-4c78-99a5-54bbb479ab9f,2026-07-24T19:00:00Z,2026-07-24T21:00:00+0200,209.26,EUR/MWh,DE,DE_LU,day_ahead_price,value,2026-08-04T01:03:53Z
2026-08-04T00:59:54Z,2026-08-04T02:59:54+0200,e971b95d-ef8c-4c78-99a5-54bbb479ab9f,2026-07-24T19:15:00Z,2026-07-24T21:15:00+0200,206.84,EUR/MWh,DE,DE_LU,day_ahead_price,value,2026-08-04T01:03:53Z
2026-08-04T00:59:54Z,2026-08-04T02:59:54+0200,e971b95d-ef8c-4c78-99a5-54bbb479ab9f,2026-07-24T19:30:00Z,2026-07-24T21:30:00+0200,201.25,EUR/MWh,DE,DE_LU,day_ahead_price,value,2026-08-04T01:03:53Z
2026-08-04T00:59:54Z,2026-08-04T02:59:54+0200,e971b95d-ef8c-4c78-99a5-54bbb479ab9f,2026-07-24T19:45:00Z,2026-07-24T21:45:00+0200,195.34,EUR/MWh,DE,DE_LU,day_ahead_price,value,2026-08-04T01:03:53Z
2026-08-04T00:59:54Z,2026-08-04T02:59:54+0200,e971b95d-ef8c-4c78-99a5-54bbb479ab9f,2026-07-24T20:00:00Z,2026-07-24T22:00:00+0200,207.44,EUR/MWh,DE,DE_LU,day_ahead_price,value,2026-08-04T01:03:53Z
2026-08-04T00:59:54Z,2026-08-04T02:59:54+0200,e971b95d-ef8c-4c78-99a5-54bbb479ab9f,2026-07-24T20:15:00Z,2026-07-24T22:15:00+0200,197.49,EUR/MWh,DE,DE_LU,day_ahead_price,value,2026-08-04T01:03:53Z
2026-08-04T00:59:54Z,2026-08-04T02:59:54+0200,e971b95d-ef8c-4c78-99a5-54bbb479ab9f,2026-07-24T20:30:00Z,2026-07-24T22:30:00+0200,188.64,EUR/MWh,DE,DE_LU,day_ahead_price,value,2026-08-04T01:03:53Z
2026-08-04T00:59:54Z,2026-08-04T02:59:54+0200,e971b95d-ef8c-4c78-99a5-54bbb479ab9f,2026-07-24T20:45:00Z,2026-07-24T22:45:00+0200,184.5,EUR/MWh,DE,DE_LU,day_ahead_price,value,2026-08-04T01:03:53Z
2026-08-04T00:59:54Z,2026-08-04T02:59:54+0200,e971b95d-ef8c-4c78-99a5-54bbb479ab9f,2026-07-24T21:00:00Z,2026-07-24T23:00:00+0200,185.48,EUR/MWh,DE,DE_LU,day_ahead_price,value,2026-08-04T01:03:53Z
2026-08-04T00:59:54Z,2026-08-04T02:59:54+0200,e971b95d-ef8c-4c78-99a5-54bbb479ab9f,2026-07-24T21:15:00Z,2026-07-24T23:15:00+0200,183.0,EUR/MWh,DE,DE_LU,day_ahead_price,value,2026-08-04T01:03:53Z
2026-08-04T00:59:54Z,2026-08-04T02:59:54+0200,e971b95d-ef8c-4c78-99a5-54bbb479ab9f,2026-07-24T21:30:00Z,2026-07-24T23:30:00+0200,181.31,EUR/MWh,DE,DE_LU,day_ahead_price,value,2026-08-04T01:03:53Z
2026-08-04T00:59:54Z,2026-08-04T02:59:54+0200,e971b95d-ef8c-4c78-99a5-54bbb479ab9f,2026-07-24T21:45:00Z,2026-07-24T23:45:00+0200,170.67,EUR/MWh,DE,DE_LU,day_ahead_price,value,2026-08-04T01:03:53Z
2026-08-04T00:59:54Z,2026-08-04T02:59:54+0200,e971b95d-ef8c-4c78-99a5-54bbb479ab9f,2026-07-24T22:00:00Z,2026-07-25T00:00:00+0200,175.92,EUR/MWh,DE,DE_LU,day_ahead_price,value,2026-08-04T01:03:53Z
2026-08-04T00:59:54Z,2026-08-04T02:59:54+0200,e971b95d-ef8c-4c78-99a5-54bbb479ab9f,2026-07-24T22:15:00Z,2026-07-25T00:15:00+0200,168.63,EUR/MWh,DE,DE_LU,day_ahead_price,value,2026-08-04T01:03:53Z
2026-08-04T00:59:54Z,2026-08-04T02:59:54+0200,e971b95d-ef8c-4c78-99a5-54bbb479ab9f,2026-07-24T22:30:00Z,2026-07-25T00:30:00+0200,165.98,EUR/MWh,DE,DE_LU,day_ahead_price,value,2026-08-04T01:03:53Z
2026-08-04T00:59:54Z,2026-08-04T02:59:54+0200,e971b95d-ef8c-4c78-99a5-54bbb479ab9f,2026-07-24T22:45:00Z,2026-07-25T00:45:00+0200,158.01,EUR/MWh,DE,DE_LU,day_ahead_price,value,2026-08-04T01:03:53Z
2026-08-04T00:59:54Z,2026-08-04T02:59:54+0200,e971b95d-ef8c-4c78-99a5-54bbb479ab9f,2026-07-24T23:00:00Z,2026-07-25T01:00:00+0200,170.01,EUR/MWh,DE,DE_LU,day_ahead_price,value,2026-08-04T01:03:53Z
2026-08-04T00:59:54Z,2026-08-04T02:59:54+0200,e971b95d-ef8c-4c78-99a5-54bbb479ab9f,2026-07-24T23:15:00Z,2026-07-25T01:15:00+0200,156.79,EUR/MWh,DE,DE_LU,day_ahead_price,value,2026-08-04T01:03:53Z
2026-08-04T00:59:54Z,2026-08-04T02:59:54+0200,e971b95d-ef8c-4c78-99a5-54bbb479ab9f,2026-07-24T23:30:00Z,2026-07-25T01:30:00+0200,161.32,EUR/MWh,DE,DE_LU,day_ahead_price,value,2026-08-04T01:03:53Z
2026-08-04T00:59:54Z,2026-08-04T02:59:54+0200,e971b95d-ef8c-4c78-99a5-54bbb479ab9f,2026-07-24T23:45:00Z,2026-07-25T01:45:00+0200,158.32,EUR/MWh,DE,DE_LU,day_ahead_price,value,2026-08-04T01:03:53Z
2026-08-04T00:59:54Z,2026-08-04T02:59:54+0200,e971b95d-ef8c-4c78-99a5-54bbb479ab9f,2026-07-25T00:00:00Z,2026-07-25T02:00:00+0200,162.0,EUR/MWh,DE,DE_LU,day_ahead_price,value,2026-08-04T01:03:53Z
2026-08-04T00:59:54Z,2026-08-04T02:59:54+0200,e971b95d-ef8c-4c78-99a5-54bbb479ab9f,2026-07-25T00:15:00Z,2026-07-25T02:15:00+0200,158.72,EUR/MWh,DE,DE_LU,day_ahead_price,value,2026-08-04T01:03:53Z
2026-08-04T00:59:54Z,2026-08-04T02:59:54+0200,e971b95d-ef8c-4c78-99a5-54bbb479ab9f,2026-07-25T00:30:00Z,2026-07-25T02:30:00+0200,162.25,EUR/MWh,DE,DE_LU,day_ahead_price,value,2026-08-04T01:03:53Z
2026-08-04T00:59:54Z,2026-08-04T02:59:54+0200,e971b95d-ef8c-4c78-99a5-54bbb479ab9f,2026-07-25T00:45:00Z,2026-07-25T02:45:00+0200,158.74,EUR/MWh,DE,DE_LU,day_ahead_price,value,2026-08-04T01:03:53Z
2026-08-04T00:59:54Z,2026-08-04T02:59:54+0200,e971b95d-ef8c-4c78-99a5-54bbb479ab9f,2026-07-25T01:00:00Z,2026-07-25T03:00:00+0200,162.0,EUR/MWh,DE,DE_LU,day_ahead_price,value,2026-08-04T01:03:53Z
2026-08-04T00:59:54Z,2026-08-04T02:59:54+0200,e971b95d-ef8c-4c78-99a5-54bbb479ab9f,2026-07-25T01:15:00Z,2026-07-25T03:15:00+0200,161.32,EUR/MWh,DE,DE_LU,day_ahead_price,value,2026-08-04T01:03:53Z
2026-08-04T00:59:54Z,2026-08-04T02:59:54+0200,e971b95d-ef8c-4c78-99a5-54bbb479ab9f,2026-07-25T01:30:00Z,2026-07-25T03:30:00+0200,160.98,EUR/MWh,DE,DE_LU,day_ahead_price,value,2026-08-04T01:03:53Z
2026-08-04T00:59:54Z,2026-08-04T02:59:54+0200,e971b95d-ef8c-4c78-99a5-54bbb479ab9f,2026-07-25T01:45:00Z,2026-07-25T03:45:00+0200,155.11,EUR/MWh,DE,DE_LU,day_ahead_price,value,2026-08-04T01:03:53Z
2026-08-04T00:59:54Z,2026-08-04T02:59:54+0200,e971b95d-ef8c-4c78-99a5-54bbb479ab9f,2026-07-25T02:00:00Z,2026-07-25T04:00:00+0200,156.89,EUR/MWh,DE,DE_LU,day_ahead_price,value,2026-08-04T01:03:53Z
2026-08-04T00:59:54Z,2026-08-04T02:59:54+0200,e971b95d-ef8c-4c78-99a5-54bbb479ab9f,2026-07-25T02:15:00Z,2026-07-25T04:15:00+0200,151.99,EUR/MWh,DE,DE_LU,day_ahead_price,value,2026-08-04T01:03:53Z
2026-08-04T00:59:54Z,2026-08-04T02:59:54+0200,e971b95d-ef8c-4c78-99a5-54bbb479ab9f,2026-07-25T02:30:00Z,2026-07-25T04:30:00+0200,149.4,EUR/MWh,DE,DE_LU,day_ahead_price,value,2026-08-04T01:03:53Z
2026-08-04T00:59:54Z,2026-08-04T02:59:54+0200,e971b95d-ef8c-4c78-99a5-54bbb479ab9f,2026-07-25T02:45:00Z,2026-07-25T04:45:00+0200,149.77,EUR/MWh,DE,DE_LU,day_ahead_price,value,2026-08-04T01:03:53Z
2026-08-04T00:59:54Z,2026-08-04T02:59:54+0200,e971b95d-ef8c-4c78-99a5-54bbb479ab9f,2026-07-25T03:00:00Z,2026-07-25T05:00:00+0200,150.12,EUR/MWh,DE,DE_LU,day_ahead_price,value,2026-08-04T01:03:53Z
2026-08-04T00:59:54Z,2026-08-04T02:59:54+0200,e971b95d-ef8c-4c78-99a5-54bbb479ab9f,2026-07-25T03:15:00Z,2026-07-25T05:15:00+0200,147.0,EUR/MWh,DE,DE_LU,day_ahead_price,value,2026-08-04T01:03:53Z
2026-08-04T00:59:54Z,2026-08-04T02:59:54+0200,e971b95d-ef8c-4c78-99a5-54bbb479ab9f,2026-07-25T03:30:00Z,2026-07-25T05:30:00+0200,147.84,EUR/MWh,DE,DE_LU,day_ahead_price,value,2026-08-04T01:03:53Z
2026-08-04T00:59:54Z,2026-08-04T02:59:54+0200,e971b95d-ef8c-4c78-99a5-54bbb479ab9f,2026-07-25T03:45:00Z,2026-07-25T05:45:00+0200,140.05,EUR/MWh,DE,DE_LU,day_ahead_price,value,2026-08-04T01:03:53Z
2026-08-04T00:59:54Z,2026-08-04T02:59:54+0200,e971b95d-ef8c-4c78-99a5-54bbb479ab9f,2026-07-25T04:00:00Z,2026-07-25T06:00:00+0200,157.71,EUR/MWh,DE,DE_LU,day_ahead_price,value,2026-08-04T01:03:53Z
2026-08-04T00:59:54Z,2026-08-04T02:59:54+0200,e971b95d-ef8c-4c78-99a5-54bbb479ab9f,2026-07-25T04:15:00Z,2026-07-25T06:15:00+0200,136.12,EUR/MWh,DE,DE_LU,day_ahead_price,value,2026-08-04T01:03:53Z
2026-08-04T00:59:54Z,2026-08-04T02:59:54+0200,e971b95d-ef8c-4c78-99a5-54bbb479ab9f,2026-07-25T04:30:00Z,2026-07-25T06:30:00+0200,130.01,EUR/MWh,DE,DE_LU,day_ahead_price,value,2026-08-04T01:03:53Z
2026-08-04T00:59:54Z,2026-08-04T02:59:54+0200,e971b95d-ef8c-4c78-99a5-54bbb479ab9f,2026-07-25T04:45:00Z,2026-07-25T06:45:00+0200,117.68,EUR/MWh,DE,DE_LU,day_ahead_price,value,2026-08-04T01:03:53Z
2026-08-04T00:59:54Z,2026-08-04T02:59:54+0200,e971b95d-ef8c-4c78-99a5-54bbb479ab9f,2026-07-25T05:00:00Z,2026-07-25T07:00:00+0200,136.39,EUR/MWh,DE,DE_LU,day_ahead_price,value,2026-08-04T01:03:53Z
2026-08-04T00:59:54Z,2026-08-04T02:59:54+0200,e971b95d-ef8c-4c78-99a5-54bbb479ab9f,2026-07-25T05:15:00Z,2026-07-25T07:15:00+0200,119.99,EUR/MWh,DE,DE_LU,day_ahead_price,value,2026-08-04T01:03:53Z
2026-08-04T00:59:54Z,2026-08-04T02:59:54+0200,e971b95d-ef8c-4c78-99a5-54bbb479ab9f,2026-07-25T05:30:00Z,2026-07-25T07:30:00+0200,107.52,EUR/MWh,DE,DE_LU,day_ahead_price,value,2026-08-04T01:03:53Z
2026-08-04T00:59:54Z,2026-08-04T02:59:54+0200,e971b95d-ef8c-4c78-99a5-54bbb479ab9f,2026-07-25T05:45:00Z,2026-07-25T07:45:00+0200,97.32,EUR/MWh,DE,DE_LU,day_ahead_price,value,2026-08-04T01:03:53Z
2026-08-04T00:59:54Z,2026-08-04T02:59:54+0200,e971b95d-ef8c-4c78-99a5-54bbb479ab9f,2026-07-25T06:00:00Z,2026-07-25T08:00:00+0200,122.67,EUR/MWh,DE,DE_LU,day_ahead_price,value,2026-08-04T01:03:53Z
2026-08-04T00:59:54Z,2026-08-04T02:59:54+0200,e971b95d-ef8c-4c78-99a5-54bbb479ab9f,2026-07-25T06:15:00Z,2026-07-25T08:15:00+0200,102.71,EUR/MWh,DE,DE_LU,day_ahead_price,value,2026-08-04T01:03:53Z
2026-08-04T00:59:54Z,2026-08-04T02:59:54+0200,e971b95d-ef8c-4c78-99a5-54bbb479ab9f,2026-07-25T06:30:00Z,2026-07-25T08:30:00+0200,79.93,EUR/MWh,DE,DE_LU,day_ahead_price,value,2026-08-04T01:03:53Z
2026-08-04T00:59:54Z,2026-08-04T02:59:54+0200,e971b95d-ef8c-4c78-99a5-54bbb479ab9f,2026-07-25T06:45:00Z,2026-07-25T08:45:00+0200,28.73,EUR/MWh,DE,DE_LU,day_ahead_price,value,2026-08-04T01:03:53Z
2026-08-04T00:59:54Z,2026-08-04T02:59:54+0200,e971b95d-ef8c-4c78-99a5-54bbb479ab9f,2026-07-25T07:00:00Z,2026-07-25T09:00:00+0200,39.61,EUR/MWh,DE,DE_LU,day_ahead_price,value,2026-08-04T01:03:53Z
2026-08-04T00:59:54Z,2026-08-04T02:59:54+0200,e971b95d-ef8c-4c78-99a5-54bbb479ab9f,2026-07-25T07:15:00Z,2026-07-25T09:15:00+0200,5.05,EUR/MWh,DE,DE_LU,day_ahead_price,value,2026-08-04T01:03:53Z
2026-08-04T00:59:54Z,2026-08-04T02:59:54+0200,e971b95d-ef8c-4c78-99a5-54bbb479ab9f,2026-07-25T07:30:00Z,2026-07-25T09:30:00+0200,0.01,EUR/MWh,DE,DE_LU,day_ahead_price,value,2026-08-04T01:03:53Z
2026-08-04T00:59:54Z,2026-08-04T02:59:54+0200,e971b95d-ef8c-4c78-99a5-54bbb479ab9f,2026-07-25T07:45:00Z,2026-07-25T09:45:00+0200,0.0,EUR/MWh,DE,DE_LU,day_ahead_price,value,2026-08-04T01:03:53Z
2026-08-04T00:59:54Z,2026-08-04T02:59:54+0200,e971b95d-ef8c-4c78-99a5-54bbb479ab9f,2026-07-25T08:00:00Z,2026-07-25T10:00:00+0200,0.0,EUR/MWh,DE,DE_LU,day_ahead_price,value,2026-08-04T01:03:53Z
2026-08-04T00:59:54Z,2026-08-04T02:59:54+0200,e971b95d-ef8c-4c78-99a5-54bbb479ab9f,2026-07-25T08:15:00Z,2026-07-25T10:15:00+0200,-0.01,EUR/MWh,DE,DE_LU,day_ahead_price,value,2026-08-04T01:03:53Z
2026-08-04T00:59:54Z,2026-08-04T02:59:54+0200,e971b95d-ef8c-4c78-99a5-54bbb479ab9f,2026-07-25T08:30:00Z,2026-07-25T10:30:00+0200,-0.07,EUR/MWh,DE,DE_LU,day_ahead_price,value,2026-08-04T01:03:53Z
2026-08-04T00:59:54Z,2026-08-04T02:59:54+0200,e971b95d-ef8c-4c78-99a5-54bbb479ab9f,2026-07-25T08:45:00Z,2026-07-25T10:45:00+0200,-0.39,EUR/MWh,DE,DE_LU,day_ahead_price,value,2026-08-04T01:03:53Z
2026-08-04T00:59:54Z,2026-08-04T02:59:54+0200,e971b95d-ef8c-4c78-99a5-54bbb479ab9f,2026-07-25T09:00:00Z,2026-07-25T11:00:00+0200,-0.82,EUR/MWh,DE,DE_LU,day_ahead_price,value,2026-08-04T01:03:53Z
2026-08-04T00:59:54Z,2026-08-04T02:59:54+0200,e971b95d-ef8c-4c78-99a5-54bbb479ab9f,2026-07-25T09:15:00Z,2026-07-25T11:15:00+0200,-1.19,EUR/MWh,DE,DE_LU,day_ahead_price,value,2026-08-04T01:03:53Z
2026-08-04T00:59:54Z,2026-08-04T02:59:54+0200,e971b95d-ef8c-4c78-99a5-54bbb479ab9f,2026-07-25T09:30:00Z,2026-07-25T11:30:00+0200,-3.41,EUR/MWh,DE,DE_LU,day_ahead_price,value,2026-08-04T01:03:53Z
2026-08-04T00:59:54Z,2026-08-04T02:59:54+0200,e971b95d-ef8c-4c78-99a5-54bbb479ab9f,2026-07-25T09:45:00Z,2026-07-25T11:45:00+0200,-5.01,EUR/MWh,DE,DE_LU,day_ahead_price,value,2026-08-04T01:03:53Z
2026-08-04T00:59:54Z,2026-08-04T02:59:54+0200,e971b95d-ef8c-4c78-99a5-54bbb479ab9f,2026-07-25T10:00:00Z,2026-07-25T12:00:00+0200,-4.82,EUR/MWh,DE,DE_LU,day_ahead_price,value,2026-08-04T01:03:53Z
2026-08-04T00:59:54Z,2026-08-04T02:59:54+0200,e971b95d-ef8c-4c78-99a5-54bbb479ab9f,2026-07-25T10:15:00Z,2026-07-25T12:15:00+0200,-5.0,EUR/MWh,DE,DE_LU,day_ahead_price,value,2026-08-04T01:03:53Z
2026-08-04T00:59:54Z,2026-08-04T02:59:54+0200,e971b95d-ef8c-4c78-99a5-54bbb479ab9f,2026-07-25T10:30:00Z,2026-07-25T12:30:00+0200,-5.54,EUR/MWh,DE,DE_LU,day_ahead_price,value,2026-08-04T01:03:53Z
2026-08-04T00:59:54Z,2026-08-04T02:59:54+0200,e971b95d-ef8c-4c78-99a5-54bbb479ab9f,2026-07-25T10:45:00Z,2026-07-25T12:45:00+0200,-8.46,EUR/MWh,DE,DE_LU,day_ahead_price,value,2026-08-04T01:03:53Z
2026-08-04T00:59:54Z,2026-08-04T02:59:54+0200,e971b95d-ef8c-4c78-99a5-54bbb479ab9f,2026-07-25T11:00:00Z,2026-07-25T13:00:00+0200,-7.99,EUR/MWh,DE,DE_LU,day_ahead_price,value,2026-08-04T01:03:53Z
2026-08-04T00:59:54Z,2026-08-04T02:59:54+0200,e971b95d-ef8c-4c78-99a5-54bbb479ab9f,2026-07-25T11:15:00Z,2026-07-25T13:15:00+0200,-9.98,EUR/MWh,DE,DE_LU,day_ahead_price,value,2026-08-04T01:03:53Z
2026-08-04T00:59:54Z,2026-08-04T02:59:54+0200,e971b95d-ef8c-4c78-99a5-54bbb479ab9f,2026-07-25T11:30:00Z,2026-07-25T13:30:00+0200,-10.44,EUR/MWh,DE,DE_LU,day_ahead_price,value,2026-08-04T01:03:53Z
2026-08-04T00:59:54Z,2026-08-04T02:59:54+0200,e971b95d-ef8c-4c78-99a5-54bbb479ab9f,2026-07-25T11:45:00Z,2026-07-25T13:45:00+0200,-11.38,EUR/MWh,DE,DE_LU,day_ahead_price,value,2026-08-04T01:03:53Z
2026-08-04T00:59:54Z,2026-08-04T02:59:54+0200,e971b95d-ef8c-4c78-99a5-54bbb479ab9f,2026-07-25T12:00:00Z,2026-07-25T14:00:00+0200,-15.01,EUR/MWh,DE,DE_LU,day_ahead_price,value,2026-08-04T01:03:53Z
2026-08-04T00:59:54Z,2026-08-04T02:59:54+0200,e971b95d-ef8c-4c78-99a5-54bbb479ab9f,2026-07-25T12:15:00Z,2026-07-25T14:15:00+0200,-14.31,EUR/MWh,DE,DE_LU,day_ahead_price,value,2026-08-04T01:03:53Z
2026-08-04T00:59:54Z,2026-08-04T02:59:54+0200,e971b95d-ef8c-4c78-99a5-54bbb479ab9f,2026-07-25T12:30:00Z,2026-07-25T14:30:00+0200,-11.81,EUR/MWh,DE,DE_LU,day_ahead_price,value,2026-08-04T01:03:53Z
2026-08-04T00:59:54Z,2026-08-04T02:59:54+0200,e971b95d-ef8c-4c78-99a5-54bbb479ab9f,2026-07-25T12:45:00Z,2026-07-25T14:45:00+0200,-7.99,EUR/MWh,DE,DE_LU,day_ahead_price,value,2026-08-04T01:03:53Z
2026-08-04T00:59:54Z,2026-08-04T02:59:54+0200,e971b95d-ef8c-4c78-99a5-54bbb479ab9f,2026-07-25T13:00:00Z,2026-07-25T15:00:00+0200,-6.47,EUR/MWh,DE,DE_LU,day_ahead_price,value,2026-08-04T01:03:53Z
2026-08-04T00:59:54Z,2026-08-04T02:59:54+0200,e971b95d-ef8c-4c78-99a5-54bbb479ab9f,2026-07-25T13:15:00Z,2026-07-25T15:15:00+0200,-3.72,EUR/MWh,DE,DE_LU,day_ahead_price,value,2026-08-04T01:03:53Z
2026-08-04T00:59:54Z,2026-08-04T02:59:54+0200,e971b95d-ef8c-4c78-99a5-54bbb479ab9f,2026-07-25T13:30:00Z,2026-07-25T15:30:00+0200,-2.01,EUR/MWh,DE,DE_LU,day_ahead_price,value,2026-08-04T01:03:53Z
2026-08-04T00:59:54Z,2026-08-04T02:59:54+0200,e971b95d-ef8c-4c78-99a5-54bbb479ab9f,2026-07-25T13:45:00Z,2026-07-25T15:45:00+0200,-1.21,EUR/MWh,DE,DE_LU,day_ahead_price,value,2026-08-04T01:03:53Z
2026-08-04T00:59:54Z,2026-08-04T02:59:54+0200,e971b95d-ef8c-4c78-99a5-54bbb479ab9f,2026-07-25T14:00:00Z,2026-07-25T16:00:00+0200,-1.06,EUR/MWh,DE,DE_LU,day_ahead_price,value,2026-08-04T01:03:53Z
2026-08-04T00:59:54Z,2026-08-04T02:59:54+0200,e971b95d-ef8c-4c78-99a5-54bbb479ab9f,2026-07-25T14:15:00Z,2026-07-25T16:15:00+0200,-0.12,EUR/MWh,DE,DE_LU,day_ahead_price,value,2026-08-04T01:03:53Z
2026-08-04T00:59:54Z,2026-08-04T02:59:54+0200,e971b95d-ef8c-4c78-99a5-54bbb479ab9f,2026-07-25T14:30:00Z,2026-07-25T16:30:00+0200,-0.09,EUR/MWh,DE,DE_LU,day_ahead_price,value,2026-08-04T01:03:53Z
2026-08-04T00:59:54Z,2026-08-04T02:59:54+0200,e971b95d-ef8c-4c78-99a5-54bbb479ab9f,2026-07-25T14:45:00Z,2026-07-25T16:45:00+0200,-0.01,EUR/MWh,DE,DE_LU,day_ahead_price,value,2026-08-04T01:03:53Z
2026-08-04T00:59:54Z,2026-08-04T02:59:54+0200,e971b95d-ef8c-4c78-99a5-54bbb479ab9f,2026-07-25T15:00:00Z,2026-07-25T17:00:00+0200,-0.01,EUR/MWh,DE,DE_LU,day_ahead_price,value,2026-08-04T01:03:53Z
2026-08-04T00:59:54Z,2026-08-04T02:59:54+0200,e971b95d-ef8c-4c78-99a5-54bbb479ab9f,2026-07-25T15:15:00Z,2026-07-25T17:15:00+0200,0.0,EUR/MWh,DE,DE_LU,day_ahead_price,value,2026-08-04T01:03:53Z
2026-08-04T00:59:54Z,2026-08-04T02:59:54+0200,e971b95d-ef8c-4c78-99a5-54bbb479ab9f,2026-07-25T15:30:00Z,2026-07-25T17:30:00+0200,2.59,EUR/MWh,DE,DE_LU,day_ahead_price,value,2026-08-04T01:03:53Z
2026-08-04T00:59:54Z,2026-08-04T02:59:54+0200,e971b95d-ef8c-4c78-99a5-54bbb479ab9f,2026-07-25T15:45:00Z,2026-07-25T17:45:00+0200,42.42,EUR/MWh,DE,DE_LU,day_ahead_price,value,2026-08-04T01:03:53Z
2026-08-04T00:59:54Z,2026-08-04T02:59:54+0200,e971b95d-ef8c-4c78-99a5-54bbb479ab9f,2026-07-25T16:00:00Z,2026-07-25T18:00:00+0200,21.95,EUR/MWh,DE,DE_LU,day_ahead_price,value,2026-08-04T01:03:53Z
2026-08-04T00:59:54Z,2026-08-04T02:59:54+0200,e971b95d-ef8c-4c78-99a5-54bbb479ab9f,2026-07-25T16:15:00Z,2026-07-25T18:15:00+0200,99.1,EUR/MWh,DE,DE_LU,day_ahead_price,value,2026-08-04T01:03:53Z
2026-08-04T00:59:54Z,2026-08-04T02:59:54+0200,e971b95d-ef8c-4c78-99a5-54bbb479ab9f,2026-07-25T16:30:00Z,2026-07-25T18:30:00+0200,119.75,EUR/MWh,DE,DE_LU,day_ahead_price,value,2026-08-04T01:03:53Z
2026-08-04T00:59:54Z,2026-08-04T02:59:54+0200,e971b95d-ef8c-4c78-99a5-54bbb479ab9f,2026-07-25T16:45:00Z,2026-07-25T18:45:00+0200,139.98,EUR/MWh,DE,DE_LU,day_ahead_price,value,2026-08-04T01:03:53Z
2026-08-04T00:59:54Z,2026-08-04T02:59:54+0200,e971b95d-ef8c-4c78-99a5-54bbb479ab9f,2026-07-25T17:00:00Z,2026-07-25T19:00:00+0200,138.92,EUR/MWh,DE,DE_LU,day_ahead_price,value,2026-08-04T01:03:53Z
2026-08-04T00:59:54Z,2026-08-04T02:59:54+0200,e971b95d-ef8c-4c78-99a5-54bbb479ab9f,2026-07-25T17:15:00Z,2026-07-25T19:15:00+0200,150.0,EUR/MWh,DE,DE_LU,day_ahead_price,value,2026-08-04T01:03:53Z
2026-08-04T00:59:54Z,2026-08-04T02:59:54+0200,e971b95d-ef8c-4c78-99a5-54bbb479ab9f,2026-07-25T17:30:00Z,2026-07-25T19:30:00+0200,163.89,EUR/MWh,DE,DE_LU,day_ahead_price,value,2026-08-04T01:03:53Z
2026-08-04T00:59:54Z,2026-08-04T02:59:54+0200,e971b95d-ef8c-4c78-99a5-54bbb479ab9f,2026-07-25T17:45:00Z,2026-07-25T19:45:00+0200,176.87,EUR/MWh,DE,DE_LU,day_ahead_price,value,2026-08-04T01:03:53Z
2026-08-04T00:59:54Z,2026-08-04T02:59:54+0200,e971b95d-ef8c-4c78-99a5-54bbb479ab9f,2026-07-25T18:00:00Z,2026-07-25T20:00:00+0200,163.01,EUR/MWh,DE,DE_LU,day_ahead_price,value,2026-08-04T01:03:53Z
2026-08-04T00:59:54Z,2026-08-04T02:59:54+0200,e971b95d-ef8c-4c78-99a5-54bbb479ab9f,2026-07-25T18:15:00Z,2026-07-25T20:15:00+0200,172.99,EUR/MWh,DE,DE_LU,day_ahead_price,value,2026-08-04T01:03:53Z
2026-08-04T00:59:54Z,2026-08-04T02:59:54+0200,e971b95d-ef8c-4c78-99a5-54bbb479ab9f,2026-07-25T18:30:00Z,2026-07-25T20:30:00+0200,173.49,EUR/MWh,DE,DE_LU,day_ahead_price,value,2026-08-04T01:03:53Z
2026-08-04T00:59:54Z,2026-08-04T02:59:54+0200,e971b95d-ef8c-4c78-99a5-54bbb479ab9f,2026-07-25T18:45:00Z,2026-07-25T20:45:00+0200,171.75,EUR/MWh,DE,DE_LU,day_ahead_price,value,2026-08-04T01:03:53Z
2026-08-04T00:59:54Z,2026-08-04T02:59:54+0200,e971b95d-ef8c-4c78-99a5-54bbb479ab9f,2026-07-25T19:00:00Z,2026-07-25T21:00:00+0200,174.48,EUR/MWh,DE,DE_LU,day_ahead_price,value,2026-08-04T01:03:53Z
2026-08-04T00:59:54Z,2026-08-04T02:59:54+0200,e971b95d-ef8c-4c78-99a5-54bbb479ab9f,2026-07-25T19:15:00Z,2026-07-25T21:15:00+0200,171.54,EUR/MWh,DE,DE_LU,day_ahead_price,value,2026-08-04T01:03:53Z
2026-08-04T00:59:54Z,2026-08-04T02:59:54+0200,e971b95d-ef8c-4c78-99a5-54bbb479ab9f,2026-07-25T19:30:00Z,2026-07-25T21:30:00+0200,165.5,EUR/MWh,DE,DE_LU,day_ahead_price,value,2026-08-04T01:03:53Z
2026-08-04T00:59:54Z,2026-08-04T02:59:54+0200,e971b95d-ef8c-4c78-99a5-54bbb479ab9f,2026-07-25T19:45:00Z,2026-07-25T21:45:00+0200,164.78,EUR/MWh,DE,DE_LU,day_ahead_price,value,2026-08-04T01:03:53Z
2026-08-04T00:59:54Z,2026-08-04T02:59:54+0200,e971b95d-ef8c-4c78-99a5-54bbb479ab9f,2026-07-25T20:00:00Z,2026-07-25T22:00:00+0200,173.22,EUR/MWh,DE,DE_LU,day_ahead_price,value,2026-08-04T01:03:53Z
2026-08-04T00:59:54Z,2026-08-04T02:59:54+0200,e971b95d-ef8c-4c78-99a5-54bbb479ab9f,2026-07-25T20:15:00Z,2026-07-25T22:15:00+0200,165.16,EUR/MWh,DE,DE_LU,day_ahead_price,value,2026-08-04T01:03:53Z
2026-08-04T00:59:54Z,2026-08-04T02:59:54+0200,e971b95d-ef8c-4c78-99a5-54bbb479ab9f,2026-07-25T20:30:00Z,2026-07-25T22:30:00+0200,164.99,EUR/MWh,DE,DE_LU,day_ahead_price,value,2026-08-04T01:03:53Z
2026-08-04T00:59:54Z,2026-08-04T02:59:54+0200,e971b95d-ef8c-4c78-99a5-54bbb479ab9f,2026-07-25T20:45:00Z,2026-07-25T22:45:00+0200,158.56,EUR/MWh,DE,DE_LU,day_ahead_price,value,2026-08-04T01:03:53Z
2026-08-04T00:59:54Z,2026-08-04T02:59:54+0200,e971b95d-ef8c-4c78-99a5-54bbb479ab9f,2026-07-25T21:00:00Z,2026-07-25T23:00:00+0200,166.84,EUR/MWh,DE,DE_LU,day_ahead_price,value,2026-08-04T01:03:53Z
2026-08-04T00:59:54Z,2026-08-04T02:59:54+0200,e971b95d-ef8c-4c78-99a5-54bbb479ab9f,2026-07-25T21:15:00Z,2026-07-25T23:15:00+0200,160.33,EUR/MWh,DE,DE_LU,day_ahead_price,value,2026-08-04T01:03:53Z
2026-08-04T00:59:54Z,2026-08-04T02:59:54+0200,e971b95d-ef8c-4c78-99a5-54bbb479ab9f,2026-07-25T21:30:00Z,2026-07-25T23:30:00+0200,160.64,EUR/MWh,DE,DE_LU,day_ahead_price,value,2026-08-04T01:03:53Z
2026-08-04T00:59:54Z,2026-08-04T02:59:54+0200,e971b95d-ef8c-4c78-99a5-54bbb479ab9f,2026-07-25T21:45:00Z,2026-07-25T23:45:00+0200,152.19,EUR/MWh,DE,DE_LU,day_ahead_price,value,2026-08-04T01:03:53Z
2026-08-04T00:59:54Z,2026-08-04T02:59:54+0200,e971b95d-ef8c-4c78-99a5-54bbb479ab9f,2026-07-25T22:00:00Z,2026-07-26T00:00:00+0200,148.59,EUR/MWh,DE,DE_LU,day_ahead_price,value,2026-08-04T01:03:53Z
2026-08-04T00:59:54Z,2026-08-04T02:59:54+0200,e971b95d-ef8c-4c78-99a5-54bbb479ab9f,2026-07-25T22:15:00Z,2026-07-26T00:15:00+0200,154.88,EUR/MWh,DE,DE_LU,day_ahead_price,value,2026-08-04T01:03:53Z
2026-08-04T00:59:54Z,2026-08-04T02:59:54+0200,e971b95d-ef8c-4c78-99a5-54bbb479ab9f,2026-07-25T22:30:00Z,2026-07-26T00:30:00+0200,154.92,EUR/MWh,DE,DE_LU,day_ahead_price,value,2026-08-04T01:03:53Z
2026-08-04T00:59:54Z,2026-08-04T02:59:54+0200,e971b95d-ef8c-4c78-99a5-54bbb479ab9f,2026-07-25T22:45:00Z,2026-07-26T00:45:00+0200,153.73,EUR/MWh,DE,DE_LU,day_ahead_price,value,2026-08-04T01:03:53Z
2026-08-04T00:59:54Z,2026-08-04T02:59:54+0200,e971b95d-ef8c-4c78-99a5-54bbb479ab9f,2026-07-25T23:00:00Z,2026-07-26T01:00:00+0200,150.01,EUR/MWh,DE,DE_LU,day_ahead_price,value,2026-08-04T01:03:53Z
2026-08-04T00:59:54Z,2026-08-04T02:59:54+0200,e971b95d-ef8c-4c78-99a5-54bbb479ab9f,2026-07-25T23:15:00Z,2026-07-26T01:15:00+0200,148.82,EUR/MWh,DE,DE_LU,day_ahead_price,value,2026-08-04T01:03:53Z
2026-08-04T00:59:54Z,2026-08-04T02:59:54+0200,e971b95d-ef8c-4c78-99a5-54bbb479ab9f,2026-07-25T23:30:00Z,2026-07-26T01:30:00+0200,143.68,EUR/MWh,DE,DE_LU,day_ahead_price,value,2026-08-04T01:03:53Z
2026-08-04T00:59:54Z,2026-08-04T02:59:54+0200,e971b95d-ef8c-4c78-99a5-54bbb479ab9f,2026-07-25T23:45:00Z,2026-07-26T01:45:00+0200,143.31,EUR/MWh,DE,DE_LU,day_ahead_price,value,2026-08-04T01:03:53Z
2026-08-04T00:59:54Z,2026-08-04T02:59:54+0200,e971b95d-ef8c-4c78-99a5-54bbb479ab9f,2026-07-26T00:00:00Z,2026-07-26T02:00:00+0200,145.58,EUR/MWh,DE,DE_LU,day_ahead_price,value,2026-08-04T01:03:53Z
2026-08-04T00:59:54Z,2026-08-04T02:59:54+0200,e971b95d-ef8c-4c78-99a5-54bbb479ab9f,2026-07-26T00:15:00Z,2026-07-26T02:15:00+0200,147.15,EUR/MWh,DE,DE_LU,day_ahead_price,value,2026-08-04T01:03:53Z
2026-08-04T00:59:54Z,2026-08-04T02:59:54+0200,e971b95d-ef8c-4c78-99a5-54bbb479ab9f,2026-07-26T00:30:00Z,2026-07-26T02:30:00+0200,148.84,EUR/MWh,DE,DE_LU,day_ahead_price,value,2026-08-04T01:03:53Z
2026-08-04T00:59:54Z,2026-08-04T02:59:54+0200,e971b95d-ef8c-4c78-99a5-54bbb479ab9f,2026-07-26T00:45:00Z,2026-07-26T02:45:00+0200,150.53,EUR/MWh,DE,DE_LU,day_ahead_price,value,2026-08-04T01:03:53Z
2026-08-04T00:59:54Z,2026-08-04T02:59:54+0200,e971b95d-ef8c-4c78-99a5-54bbb479ab9f,2026-07-26T01:00:00Z,2026-07-26T03:00:00+0200,149.01,EUR/MWh,DE,DE_LU,day_ahead_price,value,2026-08-04T01:03:53Z
2026-08-04T00:59:54Z,2026-08-04T02:59:54+0200,e971b95d-ef8c-4c78-99a5-54bbb479ab9f,2026-07-26T01:15:00Z,2026-07-26T03:15:00+0200,156.83,EUR/MWh,DE,DE_LU,day_ahead_price,value,2026-08-04T01:03:53Z
2026-08-04T00:59:54Z,2026-08-04T02:59:54+0200,e971b95d-ef8c-4c78-99a5-54bbb479ab9f,2026-07-26T01:30:00Z,2026-07-26T03:30:00+0200,155.54,EUR/MWh,DE,DE_LU,day_ahead_price,value,2026-08-04T01:03:53Z
2026-08-04T00:59:54Z,2026-08-04T02:59:54+0200,e971b95d-ef8c-4c78-99a5-54bbb479ab9f,2026-07-26T01:45:00Z,2026-07-26T03:45:00+0200,152.99,EUR/MWh,DE,DE_LU,day_ahead_price,value,2026-08-04T01:03:53Z
2026-08-04T00:59:54Z,2026-08-04T02:59:54+0200,e971b95d-ef8c-4c78-99a5-54bbb479ab9f,2026-07-26T02:00:00Z,2026-07-26T04:00:00+0200,154.24,EUR/MWh,DE,DE_LU,day_ahead_price,value,2026-08-04T01:03:53Z
2026-08-04T00:59:54Z,2026-08-04T02:59:54+0200,e971b95d-ef8c-4c78-99a5-54bbb479ab9f,2026-07-26T02:15:00Z,2026-07-26T04:15:00+0200,146.32,EUR/MWh,DE,DE_LU,day_ahead_price,value,2026-08-04T01:03:53Z
2026-08-04T00:59:54Z,2026-08-04T02:59:54+0200,e971b95d-ef8c-4c78-99a5-54bbb479ab9f,2026-07-26T02:30:00Z,2026-07-26T04:30:00+0200,144.84,EUR/MWh,DE,DE_LU,day_ahead_price,value,2026-08-04T01:03:53Z
2026-08-04T00:59:54Z,2026-08-04T02:59:54+0200,e971b95d-ef8c-4c78-99a5-54bbb479ab9f,2026-07-26T02:45:00Z,2026-07-26T04:45:00+0200,142.92,EUR/MWh,DE,DE_LU,day_ahead_price,value,2026-08-04T01:03:53Z
2026-08-04T00:59:54Z,2026-08-04T02:59:54+0200,e971b95d-ef8c-4c78-99a5-54bbb479ab9f,2026-07-26T03:00:00Z,2026-07-26T05:00:00+0200,139.91,EUR/MWh,DE,DE_LU,day_ahead_price,value,2026-08-04T01:03:53Z
2026-08-04T00:59:54Z,2026-08-04T02:59:54+0200,e971b95d-ef8c-4c78-99a5-54bbb479ab9f,2026-07-26T03:15:00Z,2026-07-26T05:15:00+0200,139.83,EUR/MWh,DE,DE_LU,day_ahead_price,value,2026-08-04T01:03:53Z
2026-08-04T00:59:54Z,2026-08-04T02:59:54+0200,e971b95d-ef8c-4c78-99a5-54bbb479ab9f,2026-07-26T03:30:00Z,2026-07-26T05:30:00+0200,137.98,EUR/MWh,DE,DE_LU,day_ahead_price,value,2026-08-04T01:03:53Z
2026-08-04T00:59:54Z,2026-08-04T02:59:54+0200,e971b95d-ef8c-4c78-99a5-54bbb479ab9f,2026-07-26T03:45:00Z,2026-07-26T05:45:00+0200,134.25,EUR/MWh,DE,DE_LU,day_ahead_price,value,2026-08-04T01:03:53Z
2026-08-04T00:59:54Z,2026-08-04T02:59:54+0200,e971b95d-ef8c-4c78-99a5-54bbb479ab9f,2026-07-26T04:00:00Z,2026-07-26T06:00:00+0200,134.87,EUR/MWh,DE,DE_LU,day_ahead_price,value,2026-08-04T01:03:53Z
2026-08-04T00:59:54Z,2026-08-04T02:59:54+0200,e971b95d-ef8c-4c78-99a5-54bbb479ab9f,2026-07-26T04:15:00Z,2026-07-26T06:15:00+0200,127.87,EUR/MWh,DE,DE_LU,day_ahead_price,value,2026-08-04T01:03:53Z
2026-08-04T00:59:54Z,2026-08-04T02:59:54+0200,e971b95d-ef8c-4c78-99a5-54bbb479ab9f,2026-07-26T04:30:00Z,2026-07-26T06:30:00+0200,122.77,EUR/MWh,DE,DE_LU,day_ahead_price,value,2026-08-04T01:03:53Z
2026-08-04T00:59:54Z,2026-08-04T02:59:54+0200,e971b95d-ef8c-4c78-99a5-54bbb479ab9f,2026-07-26T04:45:00Z,2026-07-26T06:45:00+0200,113.94,EUR/MWh,DE,DE_LU,day_ahead_price,value,2026-08-04T01:03:53Z
2026-08-04T00:59:54Z,2026-08-04T02:59:54+0200,e971b95d-ef8c-4c78-99a5-54bbb479ab9f,2026-07-26T05:00:00Z,2026-07-26T07:00:00+0200,120.34,EUR/MWh,DE,DE_LU,day_ahead_price,value,2026-08-04T01:03:53Z
2026-08-04T00:59:54Z,2026-08-04T02:59:54+0200,e971b95d-ef8c-4c78-99a5-54bbb479ab9f,2026-07-26T05:15:00Z,2026-07-26T07:15:00+0200,114.25,EUR/MWh,DE,DE_LU,day_ahead_price,value,2026-08-04T01:03:53Z
2026-08-04T00:59:54Z,2026-08-04T02:59:54+0200,e971b95d-ef8c-4c78-99a5-54bbb479ab9f,2026-07-26T05:30:00Z,2026-07-26T07:30:00+0200,107.52,EUR/MWh,DE,DE_LU,day_ahead_price,value,2026-08-04T01:03:53Z
2026-08-04T00:59:54Z,2026-08-04T02:59:54+0200,e971b95d-ef8c-4c78-99a5-54bbb479ab9f,2026-07-26T05:45:00Z,2026-07-26T07:45:00+0200,98.6,EUR/MWh,DE,DE_LU,day_ahead_price,value,2026-08-04T01:03:53Z
2026-08-04T00:59:54Z,2026-08-04T02:59:54+0200,e971b95d-ef8c-4c78-99a5-54bbb479ab9f,2026-07-26T06:00:00Z,2026-07-26T08:00:00+0200,111.17,EUR/MWh,DE,DE_LU,day_ahead_price,value,2026-08-04T01:03:53Z
2026-08-04T00:59:54Z,2026-08-04T02:59:54+0200,e971b95d-ef8c-4c78-99a5-54bbb479ab9f,2026-07-26T06:15:00Z,2026-07-26T08:15:00+0200,102.28,EUR/MWh,DE,DE_LU,day_ahead_price,value,2026-08-04T01:03:53Z
2026-08-04T00:59:54Z,2026-08-04T02:59:54+0200,e971b95d-ef8c-4c78-99a5-54bbb479ab9f,2026-07-26T06:30:00Z,2026-07-26T08:30:00+0200,89.05,EUR/MWh,DE,DE_LU,day_ahead_price,value,2026-08-04T01:03:53Z
2026-08-04T00:59:54Z,2026-08-04T02:59:54+0200,e971b95d-ef8c-4c78-99a5-54bbb479ab9f,2026-07-26T06:45:00Z,2026-07-26T08:45:00+0200,72.54,EUR/MWh,DE,DE_LU,day_ahead_price,value,2026-08-04T01:03:53Z
2026-08-04T00:59:54Z,2026-08-04T02:59:54+0200,e971b95d-ef8c-4c78-99a5-54bbb479ab9f,2026-07-26T07:00:00Z,2026-07-26T09:00:00+0200,95.05,EUR/MWh,DE,DE_LU,day_ahead_price,value,2026-08-04T01:03:53Z
2026-08-04T00:59:54Z,2026-08-04T02:59:54+0200,e971b95d-ef8c-4c78-99a5-54bbb479ab9f,2026-07-26T07:15:00Z,2026-07-26T09:15:00+0200,71.77,EUR/MWh,DE,DE_LU,day_ahead_price,value,2026-08-04T01:03:53Z
2026-08-04T00:59:54Z,2026-08-04T02:59:54+0200,e971b95d-ef8c-4c78-99a5-54bbb479ab9f,2026-07-26T07:30:00Z,2026-07-26T09:30:00+0200,43.87,EUR/MWh,DE,DE_LU,day_ahead_price,value,2026-08-04T01:03:53Z
2026-08-04T00:59:54Z,2026-08-04T02:59:54+0200,e971b95d-ef8c-4c78-99a5-54bbb479ab9f,2026-07-26T07:45:00Z,2026-07-26T09:45:00+0200,10.04,EUR/MWh,DE,DE_LU,day_ahead_price,value,2026-08-04T01:03:53Z
2026-08-04T00:59:54Z,2026-08-04T02:59:54+0200,e971b95d-ef8c-4c78-99a5-54bbb479ab9f,2026-07-26T08:00:00Z,2026-07-26T10:00:00+0200,22.85,EUR/MWh,DE,DE_LU,day_ahead_price,value,2026-08-04T01:03:53Z
2026-08-04T00:59:54Z,2026-08-04T02:59:54+0200,e971b95d-ef8c-4c78-99a5-54bbb479ab9f,2026-07-26T08:15:00Z,2026-07-26T10:15:00+0200,5.64,EUR/MWh,DE,DE_LU,day_ahead_price,value,2026-08-04T01:03:53Z
2026-08-04T00:59:54Z,2026-08-04T02:59:54+0200,e971b95d-ef8c-4c78-99a5-54bbb479ab9f,2026-07-26T08:30:00Z,2026-07-26T10:30:00+0200,0.07,EUR/MWh,DE,DE_LU,day_ahead_price,value,2026-08-04T01:03:53Z
2026-08-04T00:59:54Z,2026-08-04T02:59:54+0200,e971b95d-ef8c-4c78-99a5-54bbb479ab9f,2026-07-26T08:45:00Z,2026-07-26T10:45:00+0200,0.0,EUR/MWh,DE,DE_LU,day_ahead_price,value,2026-08-04T01:03:53Z
2026-08-04T00:59:54Z,2026-08-04T02:59:54+0200,e971b95d-ef8c-4c78-99a5-54bbb479ab9f,2026-07-26T09:00:00Z,2026-07-26T11:00:00+0200,0.0,EUR/MWh,DE,DE_LU,day_ahead_price,value,2026-08-04T01:03:53Z
2026-08-04T00:59:54Z,2026-08-04T02:59:54+0200,e971b95d-ef8c-4c78-99a5-54bbb479ab9f,2026-07-26T09:15:00Z,2026-07-26T11:15:00+0200,0.0,EUR/MWh,DE,DE_LU,day_ahead_price,value,2026-08-04T01:03:53Z
2026-08-04T00:59:54Z,2026-08-04T02:59:54+0200,e971b95d-ef8c-4c78-99a5-54bbb479ab9f,2026-07-26T09:30:00Z,2026-07-26T11:30:00+0200,-0.01,EUR/MWh,DE,DE_LU,day_ahead_price,value,2026-08-04T01:03:53Z
2026-08-04T00:59:54Z,2026-08-04T02:59:54+0200,e971b95d-ef8c-4c78-99a5-54bbb479ab9f,2026-07-26T09:45:00Z,2026-07-26T11:45:00+0200,-0.01,EUR/MWh,DE,DE_LU,day_ahead_price,value,2026-08-04T01:03:53Z
2026-08-04T00:59:54Z,2026-08-04T02:59:54+0200,e971b95d-ef8c-4c78-99a5-54bbb479ab9f,2026-07-26T10:00:00Z,2026-07-26T12:00:00+0200,-0.05,EUR/MWh,DE,DE_LU,day_ahead_price,value,2026-08-04T01:03:53Z
2026-08-04T00:59:54Z,2026-08-04T02:59:54+0200,e971b95d-ef8c-4c78-99a5-54bbb479ab9f,2026-07-26T10:15:00Z,2026-07-26T12:15:00+0200,-0.06,EUR/MWh,DE,DE_LU,day_ahead_price,value,2026-08-04T01:03:53Z
2026-08-04T00:59:54Z,2026-08-04T02:59:54+0200,e971b95d-ef8c-4c78-99a5-54bbb479ab9f,2026-07-26T10:30:00Z,2026-07-26T12:30:00+0200,-0.08,EUR/MWh,DE,DE_LU,day_ahead_price,value,2026-08-04T01:03:53Z
2026-08-04T00:59:54Z,2026-08-04T02:59:54+0200,e971b95d-ef8c-4c78-99a5-54bbb479ab9f,2026-07-26T10:45:00Z,2026-07-26T12:45:00+0200,-0.11,EUR/MWh,DE,DE_LU,day_ahead_price,value,2026-08-04T01:03:53Z
2026-08-04T00:59:54Z,2026-08-04T02:59:54+0200,e971b95d-ef8c-4c78-99a5-54bbb479ab9f,2026-07-26T11:00:00Z,2026-07-26T13:00:00+0200,-0.12,EUR/MWh,DE,DE_LU,day_ahead_price,value,2026-08-04T01:03:53Z
2026-08-04T00:59:54Z,2026-08-04T02:59:54+0200,e971b95d-ef8c-4c78-99a5-54bbb479ab9f,2026-07-26T11:15:00Z,2026-07-26T13:15:00+0200,-0.12,EUR/MWh,DE,DE_LU,day_ahead_price,value,2026-08-04T01:03:53Z
2026-08-04T00:59:54Z,2026-08-04T02:59:54+0200,e971b95d-ef8c-4c78-99a5-54bbb479ab9f,2026-07-26T11:30:00Z,2026-07-26T13:30:00+0200,-0.12,EUR/MWh,DE,DE_LU,day_ahead_price,value,2026-08-04T01:03:53Z
2026-08-04T00:59:54Z,2026-08-04T02:59:54+0200,e971b95d-ef8c-4c78-99a5-54bbb479ab9f,2026-07-26T11:45:00Z,2026-07-26T13:45:00+0200,-0.71,EUR/MWh,DE,DE_LU,day_ahead_price,value,2026-08-04T01:03:53Z
2026-08-04T00:59:54Z,2026-08-04T02:59:54+0200,e971b95d-ef8c-4c78-99a5-54bbb479ab9f,2026-07-26T12:00:00Z,2026-07-26T14:00:00+0200,-0.7,EUR/MWh,DE,DE_LU,day_ahead_price,value,2026-08-04T01:03:53Z
2026-08-04T00:59:54Z,2026-08-04T02:59:54+0200,e971b95d-ef8c-4c78-99a5-54bbb479ab9f,2026-07-26T12:15:00Z,2026-07-26T14:15:00+0200,-0.66,EUR/MWh,DE,DE_LU,day_ahead_price,value,2026-08-04T01:03:53Z
2026-08-04T00:59:54Z,2026-08-04T02:59:54+0200,e971b95d-ef8c-4c78-99a5-54bbb479ab9f,2026-07-26T12:30:00Z,2026-07-26T14:30:00+0200,-0.66,EUR/MWh,DE,DE_LU,day_ahead_price,value,2026-08-04T01:03:53Z
2026-08-04T00:59:54Z,2026-08-04T02:59:54+0200,e971b95d-ef8c-4c78-99a5-54bbb479ab9f,2026-07-26T12:45:00Z,2026-07-26T14:45:00+0200,-0.66,EUR/MWh,DE,DE_LU,day_ahead_price,value,2026-08-04T01:03:53Z
2026-08-04T00:59:54Z,2026-08-04T02:59:54+0200,e971b95d-ef8c-4c78-99a5-54bbb479ab9f,2026-07-26T13:00:00Z,2026-07-26T15:00:00+0200,-0.82,EUR/MWh,DE,DE_LU,day_ahead_price,value,2026-08-04T01:03:53Z
2026-08-04T00:59:54Z,2026-08-04T02:59:54+0200,e971b95d-ef8c-4c78-99a5-54bbb479ab9f,2026-07-26T13:15:00Z,2026-07-26T15:15:00+0200,-0.85,EUR/MWh,DE,DE_LU,day_ahead_price,value,2026-08-04T01:03:53Z
2026-08-04T00:59:54Z,2026-08-04T02:59:54+0200,e971b95d-ef8c-4c78-99a5-54bbb479ab9f,2026-07-26T13:30:00Z,2026-07-26T15:30:00+0200,-0.89,EUR/MWh,DE,DE_LU,day_ahead_price,value,2026-08-04T01:03:53Z
2026-08-04T00:59:54Z,2026-08-04T02:59:54+0200,e971b95d-ef8c-4c78-99a5-54bbb479ab9f,2026-07-26T13:45:00Z,2026-07-26T15:45:00+0200,-0.88,EUR/MWh,DE,DE_LU,day_ahead_price,value,2026-08-04T01:03:53Z
2026-08-04T00:59:54Z,2026-08-04T02:59:54+0200,e971b95d-ef8c-4c78-99a5-54bbb479ab9f,2026-07-26T14:00:00Z,2026-07-26T16:00:00+0200,-0.07,EUR/MWh,DE,DE_LU,day_ahead_price,value,2026-08-04T01:03:53Z
2026-08-04T00:59:54Z,2026-08-04T02:59:54+0200,e971b95d-ef8c-4c78-99a5-54bbb479ab9f,2026-07-26T14:15:00Z,2026-07-26T16:15:00+0200,-0.01,EUR/MWh,DE,DE_LU,day_ahead_price,value,2026-08-04T01:03:53Z
2026-08-04T00:59:54Z,2026-08-04T02:59:54+0200,e971b95d-ef8c-4c78-99a5-54bbb479ab9f,2026-07-26T14:30:00Z,2026-07-26T16:30:00+0200,0.0,EUR/MWh,DE,DE_LU,day_ahead_price,value,2026-08-04T01:03:53Z
2026-08-04T00:59:54Z,2026-08-04T02:59:54+0200,e971b95d-ef8c-4c78-99a5-54bbb479ab9f,2026-07-26T14:45:00Z,2026-07-26T16:45:00+0200,3.53,EUR/MWh,DE,DE_LU,day_ahead_price,value,2026-08-04T01:03:53Z
2026-08-04T00:59:54Z,2026-08-04T02:59:54+0200,e971b95d-ef8c-4c78-99a5-54bbb479ab9f,2026-07-26T15:00:00Z,2026-07-26T17:00:00+0200,5.25,EUR/MWh,DE,DE_LU,day_ahead_price,value,2026-08-04T01:03:53Z
2026-08-04T00:59:54Z,2026-08-04T02:59:54+0200,e971b95d-ef8c-4c78-99a5-54bbb479ab9f,2026-07-26T15:15:00Z,2026-07-26T17:15:00+0200,35.76,EUR/MWh,DE,DE_LU,day_ahead_price,value,2026-08-04T01:03:53Z
2026-08-04T00:59:54Z,2026-08-04T02:59:54+0200,e971b95d-ef8c-4c78-99a5-54bbb479ab9f,2026-07-26T15:30:00Z,2026-07-26T17:30:00+0200,62.92,EUR/MWh,DE,DE_LU,day_ahead_price,value,2026-08-04T01:03:53Z
2026-08-04T00:59:54Z,2026-08-04T02:59:54+0200,e971b95d-ef8c-4c78-99a5-54bbb479ab9f,2026-07-26T15:45:00Z,2026-07-26T17:45:00+0200,103.36,EUR/MWh,DE,DE_LU,day_ahead_price,value,2026-08-04T01:03:53Z
2026-08-04T00:59:54Z,2026-08-04T02:59:54+0200,e971b95d-ef8c-4c78-99a5-54bbb479ab9f,2026-07-26T16:00:00Z,2026-07-26T18:00:00+0200,79.45,EUR/MWh,DE,DE_LU,day_ahead_price,value,2026-08-04T01:03:53Z
2026-08-04T00:59:54Z,2026-08-04T02:59:54+0200,e971b95d-ef8c-4c78-99a5-54bbb479ab9f,2026-07-26T16:15:00Z,2026-07-26T18:15:00+0200,110.7,EUR/MWh,DE,DE_LU,day_ahead_price,value,2026-08-04T01:03:53Z
2026-08-04T00:59:54Z,2026-08-04T02:59:54+0200,e971b95d-ef8c-4c78-99a5-54bbb479ab9f,2026-07-26T16:30:00Z,2026-07-26T18:30:00+0200,119.87,EUR/MWh,DE,DE_LU,day_ahead_price,value,2026-08-04T01:03:53Z
2026-08-04T00:59:54Z,2026-08-04T02:59:54+0200,e971b95d-ef8c-4c78-99a5-54bbb479ab9f,2026-07-26T16:45:00Z,2026-07-26T18:45:00+0200,126.98,EUR/MWh,DE,DE_LU,day_ahead_price,value,2026-08-04T01:03:53Z
2026-08-04T00:59:54Z,2026-08-04T02:59:54+0200,e971b95d-ef8c-4c78-99a5-54bbb479ab9f,2026-07-26T17:00:00Z,2026-07-26T19:00:00+0200,130.39,EUR/MWh,DE,DE_LU,day_ahead_price,value,2026-08-04T01:03:53Z
2026-08-04T00:59:54Z,2026-08-04T02:59:54+0200,e971b95d-ef8c-4c78-99a5-54bbb479ab9f,2026-07-26T17:15:00Z,2026-07-26T19:15:00+0200,138.36,EUR/MWh,DE,DE_LU,day_ahead_price,value,2026-08-04T01:03:53Z
2026-08-04T00:59:54Z,2026-08-04T02:59:54+0200,e971b95d-ef8c-4c78-99a5-54bbb479ab9f,2026-07-26T17:30:00Z,2026-07-26T19:30:00+0200,141.97,EUR/MWh,DE,DE_LU,day_ahead_price,value,2026-08-04T01:03:53Z
2026-08-04T00:59:54Z,2026-08-04T02:59:54+0200,e971b95d-ef8c-4c78-99a5-54bbb479ab9f,2026-07-26T17:45:00Z,2026-07-26T19:45:00+0200,146.44,EUR/MWh,DE,DE_LU,day_ahead_price,value,2026-08-04T01:03:53Z
2026-08-04T00:59:54Z,2026-08-04T02:59:54+0200,e971b95d-ef8c-4c78-99a5-54bbb479ab9f,2026-07-26T18:00:00Z,2026-07-26T20:00:00+0200,144.94,EUR/MWh,DE,DE_LU,day_ahead_price,value,2026-08-04T01:03:53Z
2026-08-04T00:59:54Z,2026-08-04T02:59:54+0200,e971b95d-ef8c-4c78-99a5-54bbb479ab9f,2026-07-26T18:15:00Z,2026-07-26T20:15:00+0200,152.74,EUR/MWh,DE,DE_LU,day_ahead_price,value,2026-08-04T01:03:53Z
2026-08-04T00:59:54Z,2026-08-04T02:59:54+0200,e971b95d-ef8c-4c78-99a5-54bbb479ab9f,2026-07-26T18:30:00Z,2026-07-26T20:30:00+0200,152.82,EUR/MWh,DE,DE_LU,day_ahead_price,value,2026-08-04T01:03:53Z
2026-08-04T00:59:54Z,2026-08-04T02:59:54+0200,e971b95d-ef8c-4c78-99a5-54bbb479ab9f,2026-07-26T18:45:00Z,2026-07-26T20:45:00+0200,156.23,EUR/MWh,DE,DE_LU,day_ahead_price,value,2026-08-04T01:03:53Z
2026-08-04T00:59:54Z,2026-08-04T02:59:54+0200,e971b95d-ef8c-4c78-99a5-54bbb479ab9f,2026-07-26T19:00:00Z,2026-07-26T21:00:00+0200,156.05,EUR/MWh,DE,DE_LU,day_ahead_price,value,2026-08-04T01:03:53Z
2026-08-04T00:59:54Z,2026-08-04T02:59:54+0200,e971b95d-ef8c-4c78-99a5-54bbb479ab9f,2026-07-26T19:15:00Z,2026-07-26T21:15:00+0200,152.17,EUR/MWh,DE,DE_LU,day_ahead_price,value,2026-08-04T01:03:53Z
2026-08-04T00:59:54Z,2026-08-04T02:59:54+0200,e971b95d-ef8c-4c78-99a5-54bbb479ab9f,2026-07-26T19:30:00Z,2026-07-26T21:30:00+0200,148.6,EUR/MWh,DE,DE_LU,day_ahead_price,value,2026-08-04T01:03:53Z
2026-08-04T00:59:54Z,2026-08-04T02:59:54+0200,e971b95d-ef8c-4c78-99a5-54bbb479ab9f,2026-07-26T19:45:00Z,2026-07-26T21:45:00+0200,146.95,EUR/MWh,DE,DE_LU,day_ahead_price,value,2026-08-04T01:03:53Z
2026-08-04T00:59:54Z,2026-08-04T02:59:54+0200,e971b95d-ef8c-4c78-99a5-54bbb479ab9f,2026-07-26T20:00:00Z,2026-07-26T22:00:00+0200,154.96,EUR/MWh,DE,DE_LU,day_ahead_price,value,2026-08-04T01:03:53Z
2026-08-04T00:59:54Z,2026-08-04T02:59:54+0200,e971b95d-ef8c-4c78-99a5-54bbb479ab9f,2026-07-26T20:15:00Z,2026-07-26T22:15:00+0200,149.21,EUR/MWh,DE,DE_LU,day_ahead_price,value,2026-08-04T01:03:53Z
2026-08-04T00:59:54Z,2026-08-04T02:59:54+0200,e971b95d-ef8c-4c78-99a5-54bbb479ab9f,2026-07-26T20:30:00Z,2026-07-26T22:30:00+0200,147.98,EUR/MWh,DE,DE_LU,day_ahead_price,value,2026-08-04T01:03:53Z
2026-08-04T00:59:54Z,2026-08-04T02:59:54+0200,e971b95d-ef8c-4c78-99a5-54bbb479ab9f,2026-07-26T20:45:00Z,2026-07-26T22:45:00+0200,139.84,EUR/MWh,DE,DE_LU,day_ahead_price,value,2026-08-04T01:03:53Z
2026-08-04T00:59:54Z,2026-08-04T02:59:54+0200,e971b95d-ef8c-4c78-99a5-54bbb479ab9f,2026-07-26T21:00:00Z,2026-07-26T23:00:00+0200,145.35,EUR/MWh,DE,DE_LU,day_ahead_price,value,2026-08-04T01:03:53Z
2026-08-04T00:59:54Z,2026-08-04T02:59:54+0200,e971b95d-ef8c-4c78-99a5-54bbb479ab9f,2026-07-26T21:15:00Z,2026-07-26T23:15:00+0200,138.09,EUR/MWh,DE,DE_LU,day_ahead_price,value,2026-08-04T01:03:53Z
2026-08-04T00:59:54Z,2026-08-04T02:59:54+0200,e971b95d-ef8c-4c78-99a5-54bbb479ab9f,2026-07-26T21:30:00Z,2026-07-26T23:30:00+0200,136.73,EUR/MWh,DE,DE_LU,day_ahead_price,value,2026-08-04T01:03:53Z
2026-08-04T00:59:54Z,2026-08-04T02:59:54+0200,e971b95d-ef8c-4c78-99a5-54bbb479ab9f,2026-07-26T21:45:00Z,2026-07-26T23:45:00+0200,127.01,EUR/MWh,DE,DE_LU,day_ahead_price,value,2026-08-04T01:03:53Z
2026-08-04T00:59:54Z,2026-08-04T02:59:54+0200,e971b95d-ef8c-4c78-99a5-54bbb479ab9f,2026-07-26T22:00:00Z,2026-07-27T00:00:00+0200,84.26,EUR/MWh,DE,DE_LU,day_ahead_price,value,2026-08-04T01:03:53Z
2026-08-04T00:59:54Z,2026-08-04T02:59:54+0200,e971b95d-ef8c-4c78-99a5-54bbb479ab9f,2026-07-26T22:15:00Z,2026-07-27T00:15:00+0200,88.77,EUR/MWh,DE,DE_LU,day_ahead_price,value,2026-08-04T01:03:53Z
2026-08-04T00:59:54Z,2026-08-04T02:59:54+0200,e971b95d-ef8c-4c78-99a5-54bbb479ab9f,2026-07-26T22:30:00Z,2026-07-27T00:30:00+0200,86.68,EUR/MWh,DE,DE_LU,day_ahead_price,value,2026-08-04T01:03:53Z
2026-08-04T00:59:54Z,2026-08-04T02:59:54+0200,e971b95d-ef8c-4c78-99a5-54bbb479ab9f,2026-07-26T22:45:00Z,2026-07-27T00:45:00+0200,84.46,EUR/MWh,DE,DE_LU,day_ahead_price,value,2026-08-04T01:03:53Z
2026-08-04T00:59:54Z,2026-08-04T02:59:54+0200,e971b95d-ef8c-4c78-99a5-54bbb479ab9f,2026-07-26T23:00:00Z,2026-07-27T01:00:00+0200,82.4,EUR/MWh,DE,DE_LU,day_ahead_price,value,2026-08-04T01:03:53Z
2026-08-04T00:59:54Z,2026-08-04T02:59:54+0200,e971b95d-ef8c-4c78-99a5-54bbb479ab9f,2026-07-26T23:15:00Z,2026-07-27T01:15:00+0200,75.45,EUR/MWh,DE,DE_LU,day_ahead_price,value,2026-08-04T01:03:53Z
2026-08-04T00:59:54Z,2026-08-04T02:59:54+0200,e971b95d-ef8c-4c78-99a5-54bbb479ab9f,2026-07-26T23:30:00Z,2026-07-27T01:30:00+0200,68.95,EUR/MWh,DE,DE_LU,day_ahead_price,value,2026-08-04T01:03:53Z
2026-08-04T00:59:54Z,2026-08-04T02:59:54+0200,e971b95d-ef8c-4c78-99a5-54bbb479ab9f,2026-07-26T23:45:00Z,2026-07-27T01:45:00+0200,55.83,EUR/MWh,DE,DE_LU,day_ahead_price,value,2026-08-04T01:03:53Z
2026-08-04T00:59:54Z,2026-08-04T02:59:54+0200,e971b95d-ef8c-4c78-99a5-54bbb479ab9f,2026-07-27T00:00:00Z,2026-07-27T02:00:00+0200,60.82,EUR/MWh,DE,DE_LU,day_ahead_price,value,2026-08-04T01:03:53Z
2026-08-04T00:59:54Z,2026-08-04T02:59:54+0200,e971b95d-ef8c-4c78-99a5-54bbb479ab9f,2026-07-27T00:15:00Z,2026-07-27T02:15:00+0200,50.8,EUR/MWh,DE,DE_LU,day_ahead_price,value,2026-08-04T01:03:53Z
2026-08-04T00:59:54Z,2026-08-04T02:59:54+0200,e971b95d-ef8c-4c78-99a5-54bbb479ab9f,2026-07-27T00:30:00Z,2026-07-27T02:30:00+0200,72.21,EUR/MWh,DE,DE_LU,day_ahead_price,value,2026-08-04T01:03:53Z
2026-08-04T00:59:54Z,2026-08-04T02:59:54+0200,e971b95d-ef8c-4c78-99a5-54bbb479ab9f,2026-07-27T00:45:00Z,2026-07-27T02:45:00+0200,62.97,EUR/MWh,DE,DE_LU,day_ahead_price,value,2026-08-04T01:03:53Z
2026-08-04T00:59:54Z,2026-08-04T02:59:54+0200,e971b95d-ef8c-4c78-99a5-54bbb479ab9f,2026-07-27T01:00:00Z,2026-07-27T03:00:00+0200,69.26,EUR/MWh,DE,DE_LU,day_ahead_price,value,2026-08-04T01:03:53Z
2026-08-04T00:59:54Z,2026-08-04T02:59:54+0200,e971b95d-ef8c-4c78-99a5-54bbb479ab9f,2026-07-27T01:15:00Z,2026-07-27T03:15:00+0200,60.42,EUR/MWh,DE,DE_LU,day_ahead_price,value,2026-08-04T01:03:53Z
2026-08-04T00:59:54Z,2026-08-04T02:59:54+0200,e971b95d-ef8c-4c78-99a5-54bbb479ab9f,2026-07-27T01:30:00Z,2026-07-27T03:30:00+0200,59.72,EUR/MWh,DE,DE_LU,day_ahead_price,value,2026-08-04T01:03:53Z
2026-08-04T00:59:54Z,2026-08-04T02:59:54+0200,e971b95d-ef8c-4c78-99a5-54bbb479ab9f,2026-07-27T01:45:00Z,2026-07-27T03:45:00+0200,61.15,EUR/MWh,DE,DE_LU,day_ahead_price,value,2026-08-04T01:03:53Z
2026-08-04T00:59:54Z,2026-08-04T02:59:54+0200,e971b95d-ef8c-4c78-99a5-54bbb479ab9f,2026-07-27T02:00:00Z,2026-07-27T04:00:00+0200,66.38,EUR/MWh,DE,DE_LU,day_ahead_price,value,2026-08-04T01:03:53Z
2026-08-04T00:59:54Z,2026-08-04T02:59:54+0200,e971b95d-ef8c-4c78-99a5-54bbb479ab9f,2026-07-27T02:15:00Z,2026-07-27T04:15:00+0200,66.52,EUR/MWh,DE,DE_LU,day_ahead_price,value,2026-08-04T01:03:53Z
2026-08-04T00:59:54Z,2026-08-04T02:59:54+0200,e971b95d-ef8c-4c78-99a5-54bbb479ab9f,2026-07-27T02:30:00Z,2026-07-27T04:30:00+0200,66.8,EUR/MWh,DE,DE_LU,day_ahead_price,value,2026-08-04T01:03:53Z
2026-08-04T00:59:54Z,2026-08-04T02:59:54+0200,e971b95d-ef8c-4c78-99a5-54bbb479ab9f,2026-07-27T02:45:00Z,2026-07-27T04:45:00+0200,85.0,EUR/MWh,DE,DE_LU,day_ahead_price,value,2026-08-04T01:03:53Z
2026-08-04T00:59:54Z,2026-08-04T02:59:54+0200,e971b95d-ef8c-4c78-99a5-54bbb479ab9f,2026-07-27T03:00:00Z,2026-07-27T05:00:00+0200,60.43,EUR/MWh,DE,DE_LU,day_ahead_price,value,2026-08-04T01:03:53Z
2026-08-04T00:59:54Z,2026-08-04T02:59:54+0200,e971b95d-ef8c-4c78-99a5-54bbb479ab9f,2026-07-27T03:15:00Z,2026-07-27T05:15:00+0200,86.66,EUR/MWh,DE,DE_LU,day_ahead_price,value,2026-08-04T01:03:53Z
2026-08-04T00:59:54Z,2026-08-04T02:59:54+0200,e971b95d-ef8c-4c78-99a5-54bbb479ab9f,2026-07-27T03:30:00Z,2026-07-27T05:30:00+0200,100.99,EUR/MWh,DE,DE_LU,day_ahead_price,value,2026-08-04T01:03:53Z
2026-08-04T00:59:54Z,2026-08-04T02:59:54+0200,e971b95d-ef8c-4c78-99a5-54bbb479ab9f,2026-07-27T03:45:00Z,2026-07-27T05:45:00+0200,116.0,EUR/MWh,DE,DE_LU,day_ahead_price,value,2026-08-04T01:03:53Z
2026-08-04T00:59:54Z,2026-08-04T02:59:54+0200,e971b95d-ef8c-4c78-99a5-54bbb479ab9f,2026-07-27T04:00:00Z,2026-07-27T06:00:00+0200,102.69,EUR/MWh,DE,DE_LU,day_ahead_price,value,2026-08-04T01:03:53Z
2026-08-04T00:59:54Z,2026-08-04T02:59:54+0200,e971b95d-ef8c-4c78-99a5-54bbb479ab9f,2026-07-27T04:15:00Z,2026-07-27T06:15:00+0200,116.63,EUR/MWh,DE,DE_LU,day_ahead_price,value,2026-08-04T01:03:53Z
2026-08-04T00:59:54Z,2026-08-04T02:59:54+0200,e971b95d-ef8c-4c78-99a5-54bbb479ab9f,2026-07-27T04:30:00Z,2026-07-27T06:30:00+0200,121.24,EUR/MWh,DE,DE_LU,day_ahead_price,value,2026-08-04T01:03:53Z
2026-08-04T00:59:54Z,2026-08-04T02:59:54+0200,e971b95d-ef8c-4c78-99a5-54bbb479ab9f,2026-07-27T04:45:00Z,2026-07-27T06:45:00+0200,129.67,EUR/MWh,DE,DE_LU,day_ahead_price,value,2026-08-04T01:03:53Z
2026-08-04T00:59:54Z,2026-08-04T02:59:54+0200,e971b95d-ef8c-4c78-99a5-54bbb479ab9f,2026-07-27T05:00:00Z,2026-07-27T07:00:00+0200,133.85,EUR/MWh,DE,DE_LU,day_ahead_price,value,2026-08-04T01:03:53Z
2026-08-04T00:59:54Z,2026-08-04T02:59:54+0200,e971b95d-ef8c-4c78-99a5-54bbb479ab9f,2026-07-27T05:15:00Z,2026-07-27T07:15:00+0200,132.87,EUR/MWh,DE,DE_LU,day_ahead_price,value,2026-08-04T01:03:53Z
2026-08-04T00:59:54Z,2026-08-04T02:59:54+0200,e971b95d-ef8c-4c78-99a5-54bbb479ab9f,2026-07-27T05:30:00Z,2026-07-27T07:30:00+0200,125.74,EUR/MWh,DE,DE_LU,day_ahead_price,value,2026-08-04T01:03:53Z
2026-08-04T00:59:54Z,2026-08-04T02:59:54+0200,e971b95d-ef8c-4c78-99a5-54bbb479ab9f,2026-07-27T05:45:00Z,2026-07-27T07:45:00+0200,123.44,EUR/MWh,DE,DE_LU,day_ahead_price,value,2026-08-04T01:03:53Z
2026-08-04T00:59:54Z,2026-08-04T02:59:54+0200,e971b95d-ef8c-4c78-99a5-54bbb479ab9f,2026-07-27T06:00:00Z,2026-07-27T08:00:00+0200,141.48,EUR/MWh,DE,DE_LU,day_ahead_price,value,2026-08-04T01:03:53Z
2026-08-04T00:59:54Z,2026-08-04T02:59:54+0200,e971b95d-ef8c-4c78-99a5-54bbb479ab9f,2026-07-27T06:15:00Z,2026-07-27T08:15:00+0200,130.69,EUR/MWh,DE,DE_LU,day_ahead_price,value,2026-08-04T01:03:53Z
2026-08-04T00:59:54Z,2026-08-04T02:59:54+0200,e971b95d-ef8c-4c78-99a5-54bbb479ab9f,2026-07-27T06:30:00Z,2026-07-27T08:30:00+0200,111.85,EUR/MWh,DE,DE_LU,day_ahead_price,value,2026-08-04T01:03:53Z
2026-08-04T00:59:54Z,2026-08-04T02:59:54+0200,e971b95d-ef8c-4c78-99a5-54bbb479ab9f,2026-07-27T06:45:00Z,2026-07-27T08:45:00+0200,91.88,EUR/MWh,DE,DE_LU,day_ahead_price,value,2026-08-04T01:03:53Z
2026-08-04T00:59:54Z,2026-08-04T02:59:54+0200,e971b95d-ef8c-4c78-99a5-54bbb479ab9f,2026-07-27T07:00:00Z,2026-07-27T09:00:00+0200,107.83,EUR/MWh,DE,DE_LU,day_ahead_price,value,2026-08-04T01:03:53Z
2026-08-04T00:59:54Z,2026-08-04T02:59:54+0200,e971b95d-ef8c-4c78-99a5-54bbb479ab9f,2026-07-27T07:15:00Z,2026-07-27T09:15:00+0200,87.45,EUR/MWh,DE,DE_LU,day_ahead_price,value,2026-08-04T01:03:53Z
2026-08-04T00:59:54Z,2026-08-04T02:59:54+0200,e971b95d-ef8c-4c78-99a5-54bbb479ab9f,2026-07-27T07:30:00Z,2026-07-27T09:30:00+0200,72.2,EUR/MWh,DE,DE_LU,day_ahead_price,value,2026-08-04T01:03:53Z
2026-08-04T00:59:54Z,2026-08-04T02:59:54+0200,e971b95d-ef8c-4c78-99a5-54bbb479ab9f,2026-07-27T07:45:00Z,2026-07-27T09:45:00+0200,32.26,EUR/MWh,DE,DE_LU,day_ahead_price,value,2026-08-04T01:03:53Z
2026-08-04T00:59:54Z,2026-08-04T02:59:54+0200,e971b95d-ef8c-4c78-99a5-54bbb479ab9f,2026-07-27T08:00:00Z,2026-07-27T10:00:00+0200,55.3,EUR/MWh,DE,DE_LU,day_ahead_price,value,2026-08-04T01:03:53Z
2026-08-04T00:59:54Z,2026-08-04T02:59:54+0200,e971b95d-ef8c-4c78-99a5-54bbb479ab9f,2026-07-27T08:15:00Z,2026-07-27T10:15:00+0200,19.75,EUR/MWh,DE,DE_LU,day_ahead_price,value,2026-08-04T01:03:53Z
2026-08-04T00:59:54Z,2026-08-04T02:59:54+0200,e971b95d-ef8c-4c78-99a5-54bbb479ab9f,2026-07-27T08:30:00Z,2026-07-27T10:30:00+0200,15.16,EUR/MWh,DE,DE_LU,day_ahead_price,value,2026-08-04T01:03:53Z
2026-08-04T00:59:54Z,2026-08-04T02:59:54+0200,e971b95d-ef8c-4c78-99a5-54bbb479ab9f,2026-07-27T08:45:00Z,2026-07-27T10:45:00+0200,4.94,EUR/MWh,DE,DE_LU,day_ahead_price,value,2026-08-04T01:03:53Z
2026-08-04T00:59:54Z,2026-08-04T02:59:54+0200,e971b95d-ef8c-4c78-99a5-54bbb479ab9f,2026-07-27T09:00:00Z,2026-07-27T11:00:00+0200,3.45,EUR/MWh,DE,DE_LU,day_ahead_price,value,2026-08-04T01:03:53Z
2026-08-04T00:59:54Z,2026-08-04T02:59:54+0200,e971b95d-ef8c-4c78-99a5-54bbb479ab9f,2026-07-27T09:15:00Z,2026-07-27T11:15:00+0200,0.45,EUR/MWh,DE,DE_LU,day_ahead_price,value,2026-08-04T01:03:53Z
2026-08-04T00:59:54Z,2026-08-04T02:59:54+0200,e971b95d-ef8c-4c78-99a5-54bbb479ab9f,2026-07-27T09:30:00Z,2026-07-27T11:30:00+0200,0.02,EUR/MWh,DE,DE_LU,day_ahead_price,value,2026-08-04T01:03:53Z
2026-08-04T00:59:54Z,2026-08-04T02:59:54+0200,e971b95d-ef8c-4c78-99a5-54bbb479ab9f,2026-07-27T09:45:00Z,2026-07-27T11:45:00+0200,0.0,EUR/MWh,DE,DE_LU,day_ahead_price,value,2026-08-04T01:03:53Z
2026-08-04T00:59:54Z,2026-08-04T02:59:54+0200,e971b95d-ef8c-4c78-99a5-54bbb479ab9f,2026-07-27T10:00:00Z,2026-07-27T12:00:00+0200,0.0,EUR/MWh,DE,DE_LU,day_ahead_price,value,2026-08-04T01:03:53Z
2026-08-04T00:59:54Z,2026-08-04T02:59:54+0200,e971b95d-ef8c-4c78-99a5-54bbb479ab9f,2026-07-27T10:15:00Z,2026-07-27T12:15:00+0200,-0.01,EUR/MWh,DE,DE_LU,day_ahead_price,value,2026-08-04T01:03:53Z
2026-08-04T00:59:54Z,2026-08-04T02:59:54+0200,e971b95d-ef8c-4c78-99a5-54bbb479ab9f,2026-07-27T10:30:00Z,2026-07-27T12:30:00+0200,-0.01,EUR/MWh,DE,DE_LU,day_ahead_price,value,2026-08-04T01:03:53Z
2026-08-04T00:59:54Z,2026-08-04T02:59:54+0200,e971b95d-ef8c-4c78-99a5-54bbb479ab9f,2026-07-27T10:45:00Z,2026-07-27T12:45:00+0200,-0.02,EUR/MWh,DE,DE_LU,day_ahead_price,value,2026-08-04T01:03:53Z
2026-08-04T00:59:54Z,2026-08-04T02:59:54+0200,e971b95d-ef8c-4c78-99a5-54bbb479ab9f,2026-07-27T11:00:00Z,2026-07-27T13:00:00+0200,-0.01,EUR/MWh,DE,DE_LU,day_ahead_price,value,2026-08-04T01:03:53Z
2026-08-04T00:59:54Z,2026-08-04T02:59:54+0200,e971b95d-ef8c-4c78-99a5-54bbb479ab9f,2026-07-27T11:15:00Z,2026-07-27T13:15:00+0200,-0.03,EUR/MWh,DE,DE_LU,day_ahead_price,value,2026-08-04T01:03:53Z
2026-08-04T00:59:54Z,2026-08-04T02:59:54+0200,e971b95d-ef8c-4c78-99a5-54bbb479ab9f,2026-07-27T11:30:00Z,2026-07-27T13:30:00+0200,-0.07,EUR/MWh,DE,DE_LU,day_ahead_price,value,2026-08-04T01:03:53Z
2026-08-04T00:59:54Z,2026-08-04T02:59:54+0200,e971b95d-ef8c-4c78-99a5-54bbb479ab9f,2026-07-27T11:45:00Z,2026-07-27T13:45:00+0200,-0.48,EUR/MWh,DE,DE_LU,day_ahead_price,value,2026-08-04T01:03:53Z
2026-08-04T00:59:54Z,2026-08-04T02:59:54+0200,e971b95d-ef8c-4c78-99a5-54bbb479ab9f,2026-07-27T12:00:00Z,2026-07-27T14:00:00+0200,-0.87,EUR/MWh,DE,DE_LU,day_ahead_price,value,2026-08-04T01:03:53Z
2026-08-04T00:59:54Z,2026-08-04T02:59:54+0200,e971b95d-ef8c-4c78-99a5-54bbb479ab9f,2026-07-27T12:15:00Z,2026-07-27T14:15:00+0200,-1.0,EUR/MWh,DE,DE_LU,day_ahead_price,value,2026-08-04T01:03:53Z
2026-08-04T00:59:54Z,2026-08-04T02:59:54+0200,e971b95d-ef8c-4c78-99a5-54bbb479ab9f,2026-07-27T12:30:00Z,2026-07-27T14:30:00+0200,-0.7,EUR/MWh,DE,DE_LU,day_ahead_price,value,2026-08-04T01:03:53Z
2026-08-04T00:59:54Z,2026-08-04T02:59:54+0200,e971b95d-ef8c-4c78-99a5-54bbb479ab9f,2026-07-27T12:45:00Z,2026-07-27T14:45:00+0200,-0.25,EUR/MWh,DE,DE_LU,day_ahead_price,value,2026-08-04T01:03:53Z
2026-08-04T00:59:54Z,2026-08-04T02:59:54+0200,e971b95d-ef8c-4c78-99a5-54bbb479ab9f,2026-07-27T13:00:00Z,2026-07-27T15:00:00+0200,-0.12,EUR/MWh,DE,DE_LU,day_ahead_price,value,2026-08-04T01:03:53Z
2026-08-04T00:59:54Z,2026-08-04T02:59:54+0200,e971b95d-ef8c-4c78-99a5-54bbb479ab9f,2026-07-27T13:15:00Z,2026-07-27T15:15:00+0200,-0.09,EUR/MWh,DE,DE_LU,day_ahead_price,value,2026-08-04T01:03:53Z
2026-08-04T00:59:54Z,2026-08-04T02:59:54+0200,e971b95d-ef8c-4c78-99a5-54bbb479ab9f,2026-07-27T13:30:00Z,2026-07-27T15:30:00+0200,-0.05,EUR/MWh,DE,DE_LU,day_ahead_price,value,2026-08-04T01:03:53Z
2026-08-04T00:59:54Z,2026-08-04T02:59:54+0200,e971b95d-ef8c-4c78-99a5-54bbb479ab9f,2026-07-27T13:45:00Z,2026-07-27T15:45:00+0200,-0.06,EUR/MWh,DE,DE_LU,day_ahead_price,value,2026-08-04T01:03:53Z
2026-08-04T00:59:54Z,2026-08-04T02:59:54+0200,e971b95d-ef8c-4c78-99a5-54bbb479ab9f,2026-07-27T14:00:00Z,2026-07-27T16:00:00+0200,-0.04,EUR/MWh,DE,DE_LU,day_ahead_price,value,2026-08-04T01:03:53Z
2026-08-04T00:59:54Z,2026-08-04T02:59:54+0200,e971b95d-ef8c-4c78-99a5-54bbb479ab9f,2026-07-27T14:15:00Z,2026-07-27T16:15:00+0200,-0.01,EUR/MWh,DE,DE_LU,day_ahead_price,value,2026-08-04T01:03:53Z
2026-08-04T00:59:54Z,2026-08-04T02:59:54+0200,e971b95d-ef8c-4c78-99a5-54bbb479ab9f,2026-07-27T14:30:00Z,2026-07-27T16:30:00+0200,-0.01,EUR/MWh,DE,DE_LU,day_ahead_price,value,2026-08-04T01:03:53Z
2026-08-04T00:59:54Z,2026-08-04T02:59:54+0200,e971b95d-ef8c-4c78-99a5-54bbb479ab9f,2026-07-27T14:45:00Z,2026-07-27T16:45:00+0200,0.01,EUR/MWh,DE,DE_LU,day_ahead_price,value,2026-08-04T01:03:53Z
2026-08-04T00:59:54Z,2026-08-04T02:59:54+0200,e971b95d-ef8c-4c78-99a5-54bbb479ab9f,2026-07-27T15:00:00Z,2026-07-27T17:00:00+0200,0.01,EUR/MWh,DE,DE_LU,day_ahead_price,value,2026-08-04T01:03:53Z
2026-08-04T00:59:54Z,2026-08-04T02:59:54+0200,e971b95d-ef8c-4c78-99a5-54bbb479ab9f,2026-07-27T15:15:00Z,2026-07-27T17:15:00+0200,2.88,EUR/MWh,DE,DE_LU,day_ahead_price,value,2026-08-04T01:03:53Z
2026-08-04T00:59:54Z,2026-08-04T02:59:54+0200,e971b95d-ef8c-4c78-99a5-54bbb479ab9f,2026-07-27T15:30:00Z,2026-07-27T17:30:00+0200,10.1,EUR/MWh,DE,DE_LU,day_ahead_price,value,2026-08-04T01:03:53Z
2026-08-04T00:59:54Z,2026-08-04T02:59:54+0200,e971b95d-ef8c-4c78-99a5-54bbb479ab9f,2026-07-27T15:45:00Z,2026-07-27T17:45:00+0200,44.62,EUR/MWh,DE,DE_LU,day_ahead_price,value,2026-08-04T01:03:53Z
2026-08-04T00:59:54Z,2026-08-04T02:59:54+0200,e971b95d-ef8c-4c78-99a5-54bbb479ab9f,2026-07-27T16:00:00Z,2026-07-27T18:00:00+0200,50.37,EUR/MWh,DE,DE_LU,day_ahead_price,value,2026-08-04T01:03:53Z
2026-08-04T00:59:54Z,2026-08-04T02:59:54+0200,e971b95d-ef8c-4c78-99a5-54bbb479ab9f,2026-07-27T16:15:00Z,2026-07-27T18:15:00+0200,91.19,EUR/MWh,DE,DE_LU,day_ahead_price,value,2026-08-04T01:03:53Z
2026-08-04T00:59:54Z,2026-08-04T02:59:54+0200,e971b95d-ef8c-4c78-99a5-54bbb479ab9f,2026-07-27T16:30:00Z,2026-07-27T18:30:00+0200,113.61,EUR/MWh,DE,DE_LU,day_ahead_price,value,2026-08-04T01:03:53Z
2026-08-04T00:59:54Z,2026-08-04T02:59:54+0200,e971b95d-ef8c-4c78-99a5-54bbb479ab9f,2026-07-27T16:45:00Z,2026-07-27T18:45:00+0200,133.99,EUR/MWh,DE,DE_LU,day_ahead_price,value,2026-08-04T01:03:53Z
2026-08-04T00:59:54Z,2026-08-04T02:59:54+0200,e971b95d-ef8c-4c78-99a5-54bbb479ab9f,2026-07-27T17:00:00Z,2026-07-27T19:00:00+0200,120.01,EUR/MWh,DE,DE_LU,day_ahead_price,value,2026-08-04T01:03:53Z
2026-08-04T00:59:54Z,2026-08-04T02:59:54+0200,e971b95d-ef8c-4c78-99a5-54bbb479ab9f,2026-07-27T17:15:00Z,2026-07-27T19:15:00+0200,147.93,EUR/MWh,DE,DE_LU,day_ahead_price,value,2026-08-04T01:03:53Z
2026-08-04T00:59:54Z,2026-08-04T02:59:54+0200,e971b95d-ef8c-4c78-99a5-54bbb479ab9f,2026-07-27T17:30:00Z,2026-07-27T19:30:00+0200,154.58,EUR/MWh,DE,DE_LU,day_ahead_price,value,2026-08-04T01:03:53Z
2026-08-04T00:59:54Z,2026-08-04T02:59:54+0200,e971b95d-ef8c-4c78-99a5-54bbb479ab9f,2026-07-27T17:45:00Z,2026-07-27T19:45:00+0200,174.0,EUR/MWh,DE,DE_LU,day_ahead_price,value,2026-08-04T01:03:53Z
2026-08-04T00:59:54Z,2026-08-04T02:59:54+0200,e971b95d-ef8c-4c78-99a5-54bbb479ab9f,2026-07-27T18:00:00Z,2026-07-27T20:00:00+0200,155.6,EUR/MWh,DE,DE_LU,day_ahead_price,value,2026-08-04T01:03:53Z
2026-08-04T00:59:54Z,2026-08-04T02:59:54+0200,e971b95d-ef8c-4c78-99a5-54bbb479ab9f,2026-07-27T18:15:00Z,2026-07-27T20:15:00+0200,172.2,EUR/MWh,DE,DE_LU,day_ahead_price,value,2026-08-04T01:03:53Z
2026-08-04T00:59:54Z,2026-08-04T02:59:54+0200,e971b95d-ef8c-4c78-99a5-54bbb479ab9f,2026-07-27T18:30:00Z,2026-07-27T20:30:00+0200,180.04,EUR/MWh,DE,DE_LU,day_ahead_price,value,2026-08-04T01:03:53Z
2026-08-04T00:59:54Z,2026-08-04T02:59:54+0200,e971b95d-ef8c-4c78-99a5-54bbb479ab9f,2026-07-27T18:45:00Z,2026-07-27T20:45:00+0200,187.05,EUR/MWh,DE,DE_LU,day_ahead_price,value,2026-08-04T01:03:53Z
2026-08-04T00:59:54Z,2026-08-04T02:59:54+0200,e971b95d-ef8c-4c78-99a5-54bbb479ab9f,2026-07-27T19:00:00Z,2026-07-27T21:00:00+0200,183.1,EUR/MWh,DE,DE_LU,day_ahead_price,value,2026-08-04T01:03:53Z
2026-08-04T00:59:54Z,2026-08-04T02:59:54+0200,e971b95d-ef8c-4c78-99a5-54bbb479ab9f,2026-07-27T19:15:00Z,2026-07-27T21:15:00+0200,181.08,EUR/MWh,DE,DE_LU,day_ahead_price,value,2026-08-04T01:03:53Z
2026-08-04T00:59:54Z,2026-08-04T02:59:54+0200,e971b95d-ef8c-4c78-99a5-54bbb479ab9f,2026-07-27T19:30:00Z,2026-07-27T21:30:00+0200,178.93,EUR/MWh,DE,DE_LU,day_ahead_price,value,2026-08-04T01:03:53Z
2026-08-04T00:59:54Z,2026-08-04T02:59:54+0200,e971b95d-ef8c-4c78-99a5-54bbb479ab9f,2026-07-27T19:45:00Z,2026-07-27T21:45:00+0200,172.87,EUR/MWh,DE,DE_LU,day_ahead_price,value,2026-08-04T01:03:53Z
2026-08-04T00:59:54Z,2026-08-04T02:59:54+0200,e971b95d-ef8c-4c78-99a5-54bbb479ab9f,2026-07-27T20:00:00Z,2026-07-27T22:00:00+0200,180.23,EUR/MWh,DE,DE_LU,day_ahead_price,value,2026-08-04T01:03:53Z
2026-08-04T00:59:54Z,2026-08-04T02:59:54+0200,e971b95d-ef8c-4c78-99a5-54bbb479ab9f,2026-07-27T20:15:00Z,2026-07-27T22:15:00+0200,173.14,EUR/MWh,DE,DE_LU,day_ahead_price,value,2026-08-04T01:03:53Z
2026-08-04T00:59:54Z,2026-08-04T02:59:54+0200,e971b95d-ef8c-4c78-99a5-54bbb479ab9f,2026-07-27T20:30:00Z,2026-07-27T22:30:00+0200,174.5,EUR/MWh,DE,DE_LU,day_ahead_price,value,2026-08-04T01:03:53Z
2026-08-04T00:59:54Z,2026-08-04T02:59:54+0200,e971b95d-ef8c-4c78-99a5-54bbb479ab9f,2026-07-27T20:45:00Z,2026-07-27T22:45:00+0200,156.56,EUR/MWh,DE,DE_LU,day_ahead_price,value,2026-08-04T01:03:53Z
2026-08-04T00:59:54Z,2026-08-04T02:59:54+0200,e971b95d-ef8c-4c78-99a5-54bbb479ab9f,2026-07-27T21:00:00Z,2026-07-27T23:00:00+0200,161.31,EUR/MWh,DE,DE_LU,day_ahead_price,value,2026-08-04T01:03:53Z
2026-08-04T00:59:54Z,2026-08-04T02:59:54+0200,e971b95d-ef8c-4c78-99a5-54bbb479ab9f,2026-07-27T21:15:00Z,2026-07-27T23:15:00+0200,161.03,EUR/MWh,DE,DE_LU,day_ahead_price,value,2026-08-04T01:03:53Z
2026-08-04T00:59:54Z,2026-08-04T02:59:54+0200,e971b95d-ef8c-4c78-99a5-54bbb479ab9f,2026-07-27T21:30:00Z,2026-07-27T23:30:00+0200,160.83,EUR/MWh,DE,DE_LU,day_ahead_price,value,2026-08-04T01:03:53Z
2026-08-04T00:59:54Z,2026-08-04T02:59:54+0200,e971b95d-ef8c-4c78-99a5-54bbb479ab9f,2026-07-27T21:45:00Z,2026-07-27T23:45:00+0200,148.78,EUR/MWh,DE,DE_LU,day_ahead_price,value,2026-08-04T01:03:53Z
2026-08-04T00:59:54Z,2026-08-04T02:59:54+0200,e971b95d-ef8c-4c78-99a5-54bbb479ab9f,2026-07-27T22:00:00Z,2026-07-28T00:00:00+0200,178.01,EUR/MWh,DE,DE_LU,day_ahead_price,value,2026-08-04T01:03:53Z
2026-08-04T00:59:54Z,2026-08-04T02:59:54+0200,e971b95d-ef8c-4c78-99a5-54bbb479ab9f,2026-07-27T22:15:00Z,2026-07-28T00:15:00+0200,169.91,EUR/MWh,DE,DE_LU,day_ahead_price,value,2026-08-04T01:03:53Z
2026-08-04T00:59:54Z,2026-08-04T02:59:54+0200,e971b95d-ef8c-4c78-99a5-54bbb479ab9f,2026-07-27T22:30:00Z,2026-07-28T00:30:00+0200,152.34,EUR/MWh,DE,DE_LU,day_ahead_price,value,2026-08-04T01:03:53Z
2026-08-04T00:59:54Z,2026-08-04T02:59:54+0200,e971b95d-ef8c-4c78-99a5-54bbb479ab9f,2026-07-27T22:45:00Z,2026-07-28T00:45:00+0200,143.75,EUR/MWh,DE,DE_LU,day_ahead_price,value,2026-08-04T01:03:53Z
2026-08-04T00:59:54Z,2026-08-04T02:59:54+0200,e971b95d-ef8c-4c78-99a5-54bbb479ab9f,2026-07-27T23:00:00Z,2026-07-28T01:00:00+0200,154.96,EUR/MWh,DE,DE_LU,day_ahead_price,value,2026-08-04T01:03:53Z
2026-08-04T00:59:54Z,2026-08-04T02:59:54+0200,e971b95d-ef8c-4c78-99a5-54bbb479ab9f,2026-07-27T23:15:00Z,2026-07-28T01:15:00+0200,149.56,EUR/MWh,DE,DE_LU,day_ahead_price,value,2026-08-04T01:03:53Z
2026-08-04T00:59:54Z,2026-08-04T02:59:54+0200,e971b95d-ef8c-4c78-99a5-54bbb479ab9f,2026-07-27T23:30:00Z,2026-07-28T01:30:00+0200,145.28,EUR/MWh,DE,DE_LU,day_ahead_price,value,2026-08-04T01:03:53Z
2026-08-04T00:59:54Z,2026-08-04T02:59:54+0200,e971b95d-ef8c-4c78-99a5-54bbb479ab9f,2026-07-27T23:45:00Z,2026-07-28T01:45:00+0200,143.43,EUR/MWh,DE,DE_LU,day_ahead_price,value,2026-08-04T01:03:53Z
2026-08-04T00:59:54Z,2026-08-04T02:59:54+0200,e971b95d-ef8c-4c78-99a5-54bbb479ab9f,2026-07-28T00:00:00Z,2026-07-28T02:00:00+0200,147.09,EUR/MWh,DE,DE_LU,day_ahead_price,value,2026-08-04T01:03:53Z
2026-08-04T00:59:54Z,2026-08-04T02:59:54+0200,e971b95d-ef8c-4c78-99a5-54bbb479ab9f,2026-07-28T00:15:00Z,2026-07-28T02:15:00+0200,141.52,EUR/MWh,DE,DE_LU,day_ahead_price,value,2026-08-04T01:03:53Z
2026-08-04T00:59:54Z,2026-08-04T02:59:54+0200,e971b95d-ef8c-4c78-99a5-54bbb479ab9f,2026-07-28T00:30:00Z,2026-07-28T02:30:00+0200,138.91,EUR/MWh,DE,DE_LU,day_ahead_price,value,2026-08-04T01:03:53Z
2026-08-04T00:59:54Z,2026-08-04T02:59:54+0200,e971b95d-ef8c-4c78-99a5-54bbb479ab9f,2026-07-28T00:45:00Z,2026-07-28T02:45:00+0200,137.8,EUR/MWh,DE,DE_LU,day_ahead_price,value,2026-08-04T01:03:53Z
2026-08-04T00:59:54Z,2026-08-04T02:59:54+0200,e971b95d-ef8c-4c78-99a5-54bbb479ab9f,2026-07-28T01:00:00Z,2026-07-28T03:00:00+0200,136.5,EUR/MWh,DE,DE_LU,day_ahead_price,value,2026-08-04T01:03:53Z
2026-08-04T00:59:54Z,2026-08-04T02:59:54+0200,e971b95d-ef8c-4c78-99a5-54bbb479ab9f,2026-07-28T01:15:00Z,2026-07-28T03:15:00+0200,136.25,EUR/MWh,DE,DE_LU,day_ahead_price,value,2026-08-04T01:03:53Z
2026-08-04T00:59:54Z,2026-08-04T02:59:54+0200,e971b95d-ef8c-4c78-99a5-54bbb479ab9f,2026-07-28T01:30:00Z,2026-07-28T03:30:00+0200,135.16,EUR/MWh,DE,DE_LU,day_ahead_price,value,2026-08-04T01:03:53Z
2026-08-04T00:59:54Z,2026-08-04T02:59:54+0200,e971b95d-ef8c-4c78-99a5-54bbb479ab9f,2026-07-28T01:45:00Z,2026-07-28T03:45:00+0200,135.57,EUR/MWh,DE,DE_LU,day_ahead_price,value,2026-08-04T01:03:53Z
2026-08-04T00:59:54Z,2026-08-04T02:59:54+0200,e971b95d-ef8c-4c78-99a5-54bbb479ab9f,2026-07-28T02:00:00Z,2026-07-28T04:00:00+0200,133.25,EUR/MWh,DE,DE_LU,day_ahead_price,value,2026-08-04T01:03:53Z
2026-08-04T00:59:54Z,2026-08-04T02:59:54+0200,e971b95d-ef8c-4c78-99a5-54bbb479ab9f,2026-07-28T02:15:00Z,2026-07-28T04:15:00+0200,135.87,EUR/MWh,DE,DE_LU,day_ahead_price,value,2026-08-04T01:03:53Z
2026-08-04T00:59:54Z,2026-08-04T02:59:54+0200,e971b95d-ef8c-4c78-99a5-54bbb479ab9f,2026-07-28T02:30:00Z,2026-07-28T04:30:00+0200,141.35,EUR/MWh,DE,DE_LU,day_ahead_price,value,2026-08-04T01:03:53Z
2026-08-04T00:59:54Z,2026-08-04T02:59:54+0200,e971b95d-ef8c-4c78-99a5-54bbb479ab9f,2026-07-28T02:45:00Z,2026-07-28T04:45:00+0200,149.27,EUR/MWh,DE,DE_LU,day_ahead_price,value,2026-08-04T01:03:53Z
2026-08-04T00:59:54Z,2026-08-04T02:59:54+0200,e971b95d-ef8c-4c78-99a5-54bbb479ab9f,2026-07-28T03:00:00Z,2026-07-28T05:00:00+0200,140.53,EUR/MWh,DE,DE_LU,day_ahead_price,value,2026-08-04T01:03:53Z
2026-08-04T00:59:54Z,2026-08-04T02:59:54+0200,e971b95d-ef8c-4c78-99a5-54bbb479ab9f,2026-07-28T03:15:00Z,2026-07-28T05:15:00+0200,143.75,EUR/MWh,DE,DE_LU,day_ahead_price,value,2026-08-04T01:03:53Z
2026-08-04T00:59:54Z,2026-08-04T02:59:54+0200,e971b95d-ef8c-4c78-99a5-54bbb479ab9f,2026-07-28T03:30:00Z,2026-07-28T05:30:00+0200,154.19,EUR/MWh,DE,DE_LU,day_ahead_price,value,2026-08-04T01:03:53Z
2026-08-04T00:59:54Z,2026-08-04T02:59:54+0200,e971b95d-ef8c-4c78-99a5-54bbb479ab9f,2026-07-28T03:45:00Z,2026-07-28T05:45:00+0200,160.5,EUR/MWh,DE,DE_LU,day_ahead_price,value,2026-08-04T01:03:53Z
2026-08-04T00:59:54Z,2026-08-04T02:59:54+0200,e971b95d-ef8c-4c78-99a5-54bbb479ab9f,2026-07-28T04:00:00Z,2026-07-28T06:00:00+0200,165.45,EUR/MWh,DE,DE_LU,day_ahead_price,value,2026-08-04T01:03:53Z
2026-08-04T00:59:54Z,2026-08-04T02:59:54+0200,e971b95d-ef8c-4c78-99a5-54bbb479ab9f,2026-07-28T04:15:00Z,2026-07-28T06:15:00+0200,174.29,EUR/MWh,DE,DE_LU,day_ahead_price,value,2026-08-04T01:03:53Z
2026-08-04T00:59:54Z,2026-08-04T02:59:54+0200,e971b95d-ef8c-4c78-99a5-54bbb479ab9f,2026-07-28T04:30:00Z,2026-07-28T06:30:00+0200,170.33,EUR/MWh,DE,DE_LU,day_ahead_price,value,2026-08-04T01:03:53Z
2026-08-04T00:59:54Z,2026-08-04T02:59:54+0200,e971b95d-ef8c-4c78-99a5-54bbb479ab9f,2026-07-28T04:45:00Z,2026-07-28T06:45:00+0200,160.15,EUR/MWh,DE,DE_LU,day_ahead_price,value,2026-08-04T01:03:53Z
2026-08-04T00:59:54Z,2026-08-04T02:59:54+0200,e971b95d-ef8c-4c78-99a5-54bbb479ab9f,2026-07-28T05:00:00Z,2026-07-28T07:00:00+0200,177.04,EUR/MWh,DE,DE_LU,day_ahead_price,value,2026-08-04T01:03:53Z
2026-08-04T00:59:54Z,2026-08-04T02:59:54+0200,e971b95d-ef8c-4c78-99a5-54bbb479ab9f,2026-07-28T05:15:00Z,2026-07-28T07:15:00+0200,167.39,EUR/MWh,DE,DE_LU,day_ahead_price,value,2026-08-04T01:03:53Z
2026-08-04T00:59:54Z,2026-08-04T02:59:54+0200,e971b95d-ef8c-4c78-99a5-54bbb479ab9f,2026-07-28T05:30:00Z,2026-07-28T07:30:00+0200,156.72,EUR/MWh,DE,DE_LU,day_ahead_price,value,2026-08-04T01:03:53Z
2026-08-04T00:59:54Z,2026-08-04T02:59:54+0200,e971b95d-ef8c-4c78-99a5-54bbb479ab9f,2026-07-28T05:45:00Z,2026-07-28T07:45:00+0200,147.95,EUR/MWh,DE,DE_LU,day_ahead_price,value,2026-08-04T01:03:53Z
2026-08-04T00:59:54Z,2026-08-04T02:59:54+0200,e971b95d-ef8c-4c78-99a5-54bbb479ab9f,2026-07-28T06:00:00Z,2026-07-28T08:00:00+0200,165.67,EUR/MWh,DE,DE_LU,day_ahead_price,value,2026-08-04T01:03:53Z
2026-08-04T00:59:54Z,2026-08-04T02:59:54+0200,e971b95d-ef8c-4c78-99a5-54bbb479ab9f,2026-07-28T06:15:00Z,2026-07-28T08:15:00+0200,152.28,EUR/MWh,DE,DE_LU,day_ahead_price,value,2026-08-04T01:03:53Z
2026-08-04T00:59:54Z,2026-08-04T02:59:54+0200,e971b95d-ef8c-4c78-99a5-54bbb479ab9f,2026-07-28T06:30:00Z,2026-07-28T08:30:00+0200,143.43,EUR/MWh,DE,DE_LU,day_ahead_price,value,2026-08-04T01:03:53Z
2026-08-04T00:59:54Z,2026-08-04T02:59:54+0200,e971b95d-ef8c-4c78-99a5-54bbb479ab9f,2026-07-28T06:45:00Z,2026-07-28T08:45:00+0200,115.26,EUR/MWh,DE,DE_LU,day_ahead_price,value,2026-08-04T01:03:53Z
2026-08-04T00:59:54Z,2026-08-04T02:59:54+0200,e971b95d-ef8c-4c78-99a5-54bbb479ab9f,2026-07-28T07:00:00Z,2026-07-28T09:00:00+0200,160.11,EUR/MWh,DE,DE_LU,day_ahead_price,value,2026-08-04T01:03:53Z
2026-08-04T00:59:54Z,2026-08-04T02:59:54+0200,e971b95d-ef8c-4c78-99a5-54bbb479ab9f,2026-07-28T07:15:00Z,2026-07-28T09:15:00+0200,115.62,EUR/MWh,DE,DE_LU,day_ahead_price,value,2026-08-04T01:03:53Z
2026-08-04T00:59:54Z,2026-08-04T02:59:54+0200,e971b95d-ef8c-4c78-99a5-54bbb479ab9f,2026-07-28T07:30:00Z,2026-07-28T09:30:00+0200,94.8,EUR/MWh,DE,DE_LU,day_ahead_price,value,2026-08-04T01:03:53Z
2026-08-04T00:59:54Z,2026-08-04T02:59:54+0200,e971b95d-ef8c-4c78-99a5-54bbb479ab9f,2026-07-28T07:45:00Z,2026-07-28T09:45:00+0200,65.56,EUR/MWh,DE,DE_LU,day_ahead_price,value,2026-08-04T01:03:53Z
2026-08-04T00:59:54Z,2026-08-04T02:59:54+0200,e971b95d-ef8c-4c78-99a5-54bbb479ab9f,2026-07-28T08:00:00Z,2026-07-28T10:00:00+0200,85.32,EUR/MWh,DE,DE_LU,day_ahead_price,value,2026-08-04T01:03:53Z
2026-08-04T00:59:54Z,2026-08-04T02:59:54+0200,e971b95d-ef8c-4c78-99a5-54bbb479ab9f,2026-07-28T08:15:00Z,2026-07-28T10:15:00+0200,41.74,EUR/MWh,DE,DE_LU,day_ahead_price,value,2026-08-04T01:03:53Z
2026-08-04T00:59:54Z,2026-08-04T02:59:54+0200,e971b95d-ef8c-4c78-99a5-54bbb479ab9f,2026-07-28T08:30:00Z,2026-07-28T10:30:00+0200,15.06,EUR/MWh,DE,DE_LU,day_ahead_price,value,2026-08-04T01:03:53Z
2026-08-04T00:59:54Z,2026-08-04T02:59:54+0200,e971b95d-ef8c-4c78-99a5-54bbb479ab9f,2026-07-28T08:45:00Z,2026-07-28T10:45:00+0200,4.95,EUR/MWh,DE,DE_LU,day_ahead_price,value,2026-08-04T01:03:53Z
2026-08-04T00:59:54Z,2026-08-04T02:59:54+0200,e971b95d-ef8c-4c78-99a5-54bbb479ab9f,2026-07-28T09:00:00Z,2026-07-28T11:00:00+0200,7.61,EUR/MWh,DE,DE_LU,day_ahead_price,value,2026-08-04T01:03:53Z
2026-08-04T00:59:54Z,2026-08-04T02:59:54+0200,e971b95d-ef8c-4c78-99a5-54bbb479ab9f,2026-07-28T09:15:00Z,2026-07-28T11:15:00+0200,4.45,EUR/MWh,DE,DE_LU,day_ahead_price,value,2026-08-04T01:03:53Z
2026-08-04T00:59:54Z,2026-08-04T02:59:54+0200,e971b95d-ef8c-4c78-99a5-54bbb479ab9f,2026-07-28T09:30:00Z,2026-07-28T11:30:00+0200,1.66,EUR/MWh,DE,DE_LU,day_ahead_price,value,2026-08-04T01:03:53Z
2026-08-04T00:59:54Z,2026-08-04T02:59:54+0200,e971b95d-ef8c-4c78-99a5-54bbb479ab9f,2026-07-28T09:45:00Z,2026-07-28T11:45:00+0200,0.0,EUR/MWh,DE,DE_LU,day_ahead_price,value,2026-08-04T01:03:53Z
2026-08-04T00:59:54Z,2026-08-04T02:59:54+0200,e971b95d-ef8c-4c78-99a5-54bbb479ab9f,2026-07-28T10:00:00Z,2026-07-28T12:00:00+0200,0.0,EUR/MWh,DE,DE_LU,day_ahead_price,value,2026-08-04T01:03:53Z
2026-08-04T00:59:54Z,2026-08-04T02:59:54+0200,e971b95d-ef8c-4c78-99a5-54bbb479ab9f,2026-07-28T10:15:00Z,2026-07-28T12:15:00+0200,-0.01,EUR/MWh,DE,DE_LU,day_ahead_price,value,2026-08-04T01:03:53Z
2026-08-04T00:59:54Z,2026-08-04T02:59:54+0200,e971b95d-ef8c-4c78-99a5-54bbb479ab9f,2026-07-28T10:30:00Z,2026-07-28T12:30:00+0200,-0.01,EUR/MWh,DE,DE_LU,day_ahead_price,value,2026-08-04T01:03:53Z
2026-08-04T00:59:54Z,2026-08-04T02:59:54+0200,e971b95d-ef8c-4c78-99a5-54bbb479ab9f,2026-07-28T10:45:00Z,2026-07-28T12:45:00+0200,-0.03,EUR/MWh,DE,DE_LU,day_ahead_price,value,2026-08-04T01:03:53Z
2026-08-04T00:59:54Z,2026-08-04T02:59:54+0200,e971b95d-ef8c-4c78-99a5-54bbb479ab9f,2026-07-28T11:00:00Z,2026-07-28T13:00:00+0200,-0.01,EUR/MWh,DE,DE_LU,day_ahead_price,value,2026-08-04T01:03:53Z
2026-08-04T00:59:54Z,2026-08-04T02:59:54+0200,e971b95d-ef8c-4c78-99a5-54bbb479ab9f,2026-07-28T11:15:00Z,2026-07-28T13:15:00+0200,-0.05,EUR/MWh,DE,DE_LU,day_ahead_price,value,2026-08-04T01:03:53Z
2026-08-04T00:59:54Z,2026-08-04T02:59:54+0200,e971b95d-ef8c-4c78-99a5-54bbb479ab9f,2026-07-28T11:30:00Z,2026-07-28T13:30:00+0200,-0.1,EUR/MWh,DE,DE_LU,day_ahead_price,value,2026-08-04T01:03:53Z
2026-08-04T00:59:54Z,2026-08-04T02:59:54+0200,e971b95d-ef8c-4c78-99a5-54bbb479ab9f,2026-07-28T11:45:00Z,2026-07-28T13:45:00+0200,-0.19,EUR/MWh,DE,DE_LU,day_ahead_price,value,2026-08-04T01:03:53Z
2026-08-04T00:59:54Z,2026-08-04T02:59:54+0200,e971b95d-ef8c-4c78-99a5-54bbb479ab9f,2026-07-28T12:00:00Z,2026-07-28T14:00:00+0200,-0.09,EUR/MWh,DE,DE_LU,day_ahead_price,value,2026-08-04T01:03:53Z
2026-08-04T00:59:54Z,2026-08-04T02:59:54+0200,e971b95d-ef8c-4c78-99a5-54bbb479ab9f,2026-07-28T12:15:00Z,2026-07-28T14:15:00+0200,-0.03,EUR/MWh,DE,DE_LU,day_ahead_price,value,2026-08-04T01:03:53Z
2026-08-04T00:59:54Z,2026-08-04T02:59:54+0200,e971b95d-ef8c-4c78-99a5-54bbb479ab9f,2026-07-28T12:30:00Z,2026-07-28T14:30:00+0200,0.0,EUR/MWh,DE,DE_LU,day_ahead_price,value,2026-08-04T01:03:53Z
2026-08-04T00:59:54Z,2026-08-04T02:59:54+0200,e971b95d-ef8c-4c78-99a5-54bbb479ab9f,2026-07-28T12:45:00Z,2026-07-28T14:45:00+0200,0.0,EUR/MWh,DE,DE_LU,day_ahead_price,value,2026-08-04T01:03:53Z
2026-08-04T00:59:54Z,2026-08-04T02:59:54+0200,e971b95d-ef8c-4c78-99a5-54bbb479ab9f,2026-07-28T13:00:00Z,2026-07-28T15:00:00+0200,0.0,EUR/MWh,DE,DE_LU,day_ahead_price,value,2026-08-04T01:03:53Z
2026-08-04T00:59:54Z,2026-08-04T02:59:54+0200,e971b95d-ef8c-4c78-99a5-54bbb479ab9f,2026-07-28T13:15:00Z,2026-07-28T15:15:00+0200,0.91,EUR/MWh,DE,DE_LU,day_ahead_price,value,2026-08-04T01:03:53Z
2026-08-04T00:59:54Z,2026-08-04T02:59:54+0200,e971b95d-ef8c-4c78-99a5-54bbb479ab9f,2026-07-28T13:30:00Z,2026-07-28T15:30:00+0200,2.66,EUR/MWh,DE,DE_LU,day_ahead_price,value,2026-08-04T01:03:53Z
2026-08-04T00:59:54Z,2026-08-04T02:59:54+0200,e971b95d-ef8c-4c78-99a5-54bbb479ab9f,2026-07-28T13:45:00Z,2026-07-28T15:45:00+0200,10.04,EUR/MWh,DE,DE_LU,day_ahead_price,value,2026-08-04T01:03:53Z
2026-08-04T00:59:54Z,2026-08-04T02:59:54+0200,e971b95d-ef8c-4c78-99a5-54bbb479ab9f,2026-07-28T14:00:00Z,2026-07-28T16:00:00+0200,4.26,EUR/MWh,DE,DE_LU,day_ahead_price,value,2026-08-04T01:03:53Z
2026-08-04T00:59:54Z,2026-08-04T02:59:54+0200,e971b95d-ef8c-4c78-99a5-54bbb479ab9f,2026-07-28T14:15:00Z,2026-07-28T16:15:00+0200,15.48,EUR/MWh,DE,DE_LU,day_ahead_price,value,2026-08-04T01:03:53Z
2026-08-04T00:59:54Z,2026-08-04T02:59:54+0200,e971b95d-ef8c-4c78-99a5-54bbb479ab9f,2026-07-28T14:30:00Z,2026-07-28T16:30:00+0200,61.68,EUR/MWh,DE,DE_LU,day_ahead_price,value,2026-08-04T01:03:53Z
2026-08-04T00:59:54Z,2026-08-04T02:59:54+0200,e971b95d-ef8c-4c78-99a5-54bbb479ab9f,2026-07-28T14:45:00Z,2026-07-28T16:45:00+0200,97.54,EUR/MWh,DE,DE_LU,day_ahead_price,value,2026-08-04T01:03:53Z
2026-08-04T00:59:54Z,2026-08-04T02:59:54+0200,e971b95d-ef8c-4c78-99a5-54bbb479ab9f,2026-07-28T15:00:00Z,2026-07-28T17:00:00+0200,60.03,EUR/MWh,DE,DE_LU,day_ahead_price,value,2026-08-04T01:03:53Z
2026-08-04T00:59:54Z,2026-08-04T02:59:54+0200,e971b95d-ef8c-4c78-99a5-54bbb479ab9f,2026-07-28T15:15:00Z,2026-07-28T17:15:00+0200,101.86,EUR/MWh,DE,DE_LU,day_ahead_price,value,2026-08-04T01:03:53Z
2026-08-04T00:59:54Z,2026-08-04T02:59:54+0200,e971b95d-ef8c-4c78-99a5-54bbb479ab9f,2026-07-28T15:30:00Z,2026-07-28T17:30:00+0200,120.25,EUR/MWh,DE,DE_LU,day_ahead_price,value,2026-08-04T01:03:53Z
2026-08-04T00:59:54Z,2026-08-04T02:59:54+0200,e971b95d-ef8c-4c78-99a5-54bbb479ab9f,2026-07-28T15:45:00Z,2026-07-28T17:45:00+0200,148.37,EUR/MWh,DE,DE_LU,day_ahead_price,value,2026-08-04T01:03:53Z
2026-08-04T00:59:54Z,2026-08-04T02:59:54+0200,e971b95d-ef8c-4c78-99a5-54bbb479ab9f,2026-07-28T16:00:00Z,2026-07-28T18:00:00+0200,125.01,EUR/MWh,DE,DE_LU,day_ahead_price,value,2026-08-04T01:03:53Z
2026-08-04T00:59:54Z,2026-08-04T02:59:54+0200,e971b95d-ef8c-4c78-99a5-54bbb479ab9f,2026-07-28T16:15:00Z,2026-07-28T18:15:00+0200,156.96,EUR/MWh,DE,DE_LU,day_ahead_price,value,2026-08-04T01:03:53Z
2026-08-04T00:59:54Z,2026-08-04T02:59:54+0200,e971b95d-ef8c-4c78-99a5-54bbb479ab9f,2026-07-28T16:30:00Z,2026-07-28T18:30:00+0200,167.25,EUR/MWh,DE,DE_LU,day_ahead_price,value,2026-08-04T01:03:53Z
2026-08-04T00:59:54Z,2026-08-04T02:59:54+0200,e971b95d-ef8c-4c78-99a5-54bbb479ab9f,2026-07-28T16:45:00Z,2026-07-28T18:45:00+0200,178.67,EUR/MWh,DE,DE_LU,day_ahead_price,value,2026-08-04T01:03:53Z
2026-08-04T00:59:54Z,2026-08-04T02:59:54+0200,e971b95d-ef8c-4c78-99a5-54bbb479ab9f,2026-07-28T17:00:00Z,2026-07-28T19:00:00+0200,174.9,EUR/MWh,DE,DE_LU,day_ahead_price,value,2026-08-04T01:03:53Z
2026-08-04T00:59:54Z,2026-08-04T02:59:54+0200,e971b95d-ef8c-4c78-99a5-54bbb479ab9f,2026-07-28T17:15:00Z,2026-07-28T19:15:00+0200,187.15,EUR/MWh,DE,DE_LU,day_ahead_price,value,2026-08-04T01:03:53Z
2026-08-04T00:59:54Z,2026-08-04T02:59:54+0200,e971b95d-ef8c-4c78-99a5-54bbb479ab9f,2026-07-28T17:30:00Z,2026-07-28T19:30:00+0200,202.71,EUR/MWh,DE,DE_LU,day_ahead_price,value,2026-08-04T01:03:53Z
2026-08-04T00:59:54Z,2026-08-04T02:59:54+0200,e971b95d-ef8c-4c78-99a5-54bbb479ab9f,2026-07-28T17:45:00Z,2026-07-28T19:45:00+0200,230.67,EUR/MWh,DE,DE_LU,day_ahead_price,value,2026-08-04T01:03:53Z
2026-08-04T00:59:54Z,2026-08-04T02:59:54+0200,e971b95d-ef8c-4c78-99a5-54bbb479ab9f,2026-07-28T18:00:00Z,2026-07-28T20:00:00+0200,200.87,EUR/MWh,DE,DE_LU,day_ahead_price,value,2026-08-04T01:03:53Z
2026-08-04T00:59:54Z,2026-08-04T02:59:54+0200,e971b95d-ef8c-4c78-99a5-54bbb479ab9f,2026-07-28T18:15:00Z,2026-07-28T20:15:00+0200,208.01,EUR/MWh,DE,DE_LU,day_ahead_price,value,2026-08-04T01:03:53Z
2026-08-04T00:59:54Z,2026-08-04T02:59:54+0200,e971b95d-ef8c-4c78-99a5-54bbb479ab9f,2026-07-28T18:30:00Z,2026-07-28T20:30:00+0200,219.85,EUR/MWh,DE,DE_LU,day_ahead_price,value,2026-08-04T01:03:53Z
2026-08-04T00:59:54Z,2026-08-04T02:59:54+0200,e971b95d-ef8c-4c78-99a5-54bbb479ab9f,2026-07-28T18:45:00Z,2026-07-28T20:45:00+0200,238.29,EUR/MWh,DE,DE_LU,day_ahead_price,value,2026-08-04T01:03:53Z
2026-08-04T00:59:54Z,2026-08-04T02:59:54+0200,e971b95d-ef8c-4c78-99a5-54bbb479ab9f,2026-07-28T19:00:00Z,2026-07-28T21:00:00+0200,219.99,EUR/MWh,DE,DE_LU,day_ahead_price,value,2026-08-04T01:03:53Z
2026-08-04T00:59:54Z,2026-08-04T02:59:54+0200,e971b95d-ef8c-4c78-99a5-54bbb479ab9f,2026-07-28T19:15:00Z,2026-07-28T21:15:00+0200,213.91,EUR/MWh,DE,DE_LU,day_ahead_price,value,2026-08-04T01:03:53Z
2026-08-04T00:59:54Z,2026-08-04T02:59:54+0200,e971b95d-ef8c-4c78-99a5-54bbb479ab9f,2026-07-28T19:30:00Z,2026-07-28T21:30:00+0200,205.71,EUR/MWh,DE,DE_LU,day_ahead_price,value,2026-08-04T01:03:53Z
2026-08-04T00:59:54Z,2026-08-04T02:59:54+0200,e971b95d-ef8c-4c78-99a5-54bbb479ab9f,2026-07-28T19:45:00Z,2026-07-28T21:45:00+0200,200.1,EUR/MWh,DE,DE_LU,day_ahead_price,value,2026-08-04T01:03:53Z
2026-08-04T00:59:54Z,2026-08-04T02:59:54+0200,e971b95d-ef8c-4c78-99a5-54bbb479ab9f,2026-07-28T20:00:00Z,2026-07-28T22:00:00+0200,210.79,EUR/MWh,DE,DE_LU,day_ahead_price,value,2026-08-04T01:03:53Z
2026-08-04T00:59:54Z,2026-08-04T02:59:54+0200,e971b95d-ef8c-4c78-99a5-54bbb479ab9f,2026-07-28T20:15:00Z,2026-07-28T22:15:00+0200,197.06,EUR/MWh,DE,DE_LU,day_ahead_price,value,2026-08-04T01:03:53Z
2026-08-04T00:59:54Z,2026-08-04T02:59:54+0200,e971b95d-ef8c-4c78-99a5-54bbb479ab9f,2026-07-28T20:30:00Z,2026-07-28T22:30:00+0200,187.55,EUR/MWh,DE,DE_LU,day_ahead_price,value,2026-08-04T01:03:53Z
2026-08-04T00:59:54Z,2026-08-04T02:59:54+0200,e971b95d-ef8c-4c78-99a5-54bbb479ab9f,2026-07-28T20:45:00Z,2026-07-28T22:45:00+0200,180.43,EUR/MWh,DE,DE_LU,day_ahead_price,value,2026-08-04T01:03:53Z
2026-08-04T00:59:54Z,2026-08-04T02:59:54+0200,e971b95d-ef8c-4c78-99a5-54bbb479ab9f,2026-07-28T21:00:00Z,2026-07-28T23:00:00+0200,188.33,EUR/MWh,DE,DE_LU,day_ahead_price,value,2026-08-04T01:03:53Z
2026-08-04T00:59:54Z,2026-08-04T02:59:54+0200,e971b95d-ef8c-4c78-99a5-54bbb479ab9f,2026-07-28T21:15:00Z,2026-07-28T23:15:00+0200,173.99,EUR/MWh,DE,DE_LU,day_ahead_price,value,2026-08-04T01:03:53Z
2026-08-04T00:59:54Z,2026-08-04T02:59:54+0200,e971b95d-ef8c-4c78-99a5-54bbb479ab9f,2026-07-28T21:30:00Z,2026-07-28T23:30:00+0200,165.95,EUR/MWh,DE,DE_LU,day_ahead_price,value,2026-08-04T01:03:53Z
2026-08-04T00:59:54Z,2026-08-04T02:59:54+0200,e971b95d-ef8c-4c78-99a5-54bbb479ab9f,2026-07-28T21:45:00Z,2026-07-28T23:45:00+0200,160.78,EUR/MWh,DE,DE_LU,day_ahead_price,value,2026-08-04T01:03:53Z
2026-08-04T00:59:54Z,2026-08-04T02:59:54+0200,e971b95d-ef8c-4c78-99a5-54bbb479ab9f,2026-07-28T22:00:00Z,2026-07-29T00:00:00+0200,170.39,EUR/MWh,DE,DE_LU,day_ahead_price,value,2026-08-04T01:03:53Z
2026-08-04T00:59:54Z,2026-08-04T02:59:54+0200,e971b95d-ef8c-4c78-99a5-54bbb479ab9f,2026-07-28T22:15:00Z,2026-07-29T00:15:00+0200,158.08,EUR/MWh,DE,DE_LU,day_ahead_price,value,2026-08-04T01:03:53Z
2026-08-04T00:59:54Z,2026-08-04T02:59:54+0200,e971b95d-ef8c-4c78-99a5-54bbb479ab9f,2026-07-28T22:30:00Z,2026-07-29T00:30:00+0200,154.26,EUR/MWh,DE,DE_LU,day_ahead_price,value,2026-08-04T01:03:53Z
2026-08-04T00:59:54Z,2026-08-04T02:59:54+0200,e971b95d-ef8c-4c78-99a5-54bbb479ab9f,2026-07-28T22:45:00Z,2026-07-29T00:45:00+0200,144.3,EUR/MWh,DE,DE_LU,day_ahead_price,value,2026-08-04T01:03:53Z
2026-08-04T00:59:54Z,2026-08-04T02:59:54+0200,e971b95d-ef8c-4c78-99a5-54bbb479ab9f,2026-07-28T23:00:00Z,2026-07-29T01:00:00+0200,155.48,EUR/MWh,DE,DE_LU,day_ahead_price,value,2026-08-04T01:03:53Z
2026-08-04T00:59:54Z,2026-08-04T02:59:54+0200,e971b95d-ef8c-4c78-99a5-54bbb479ab9f,2026-07-28T23:15:00Z,2026-07-29T01:15:00+0200,150.5,EUR/MWh,DE,DE_LU,day_ahead_price,value,2026-08-04T01:03:53Z
2026-08-04T00:59:54Z,2026-08-04T02:59:54+0200,e971b95d-ef8c-4c78-99a5-54bbb479ab9f,2026-07-28T23:30:00Z,2026-07-29T01:30:00+0200,146.95,EUR/MWh,DE,DE_LU,day_ahead_price,value,2026-08-04T01:03:53Z
2026-08-04T00:59:54Z,2026-08-04T02:59:54+0200,e971b95d-ef8c-4c78-99a5-54bbb479ab9f,2026-07-28T23:45:00Z,2026-07-29T01:45:00+0200,140.87,EUR/MWh,DE,DE_LU,day_ahead_price,value,2026-08-04T01:03:53Z
2026-08-04T00:59:54Z,2026-08-04T02:59:54+0200,e971b95d-ef8c-4c78-99a5-54bbb479ab9f,2026-07-29T00:00:00Z,2026-07-29T02:00:00+0200,140.9,EUR/MWh,DE,DE_LU,day_ahead_price,value,2026-08-04T01:03:53Z
2026-08-04T00:59:54Z,2026-08-04T02:59:54+0200,e971b95d-ef8c-4c78-99a5-54bbb479ab9f,2026-07-29T00:15:00Z,2026-07-29T02:15:00+0200,138.32,EUR/MWh,DE,DE_LU,day_ahead_price,value,2026-08-04T01:03:53Z
2026-08-04T00:59:54Z,2026-08-04T02:59:54+0200,e971b95d-ef8c-4c78-99a5-54bbb479ab9f,2026-07-29T00:30:00Z,2026-07-29T02:30:00+0200,135.71,EUR/MWh,DE,DE_LU,day_ahead_price,value,2026-08-04T01:03:53Z
2026-08-04T00:59:54Z,2026-08-04T02:59:54+0200,e971b95d-ef8c-4c78-99a5-54bbb479ab9f,2026-07-29T00:45:00Z,2026-07-29T02:45:00+0200,133.9,EUR/MWh,DE,DE_LU,day_ahead_price,value,2026-08-04T01:03:53Z
2026-08-04T00:59:54Z,2026-08-04T02:59:54+0200,e971b95d-ef8c-4c78-99a5-54bbb479ab9f,2026-07-29T01:00:00Z,2026-07-29T03:00:00+0200,135.01,EUR/MWh,DE,DE_LU,day_ahead_price,value,2026-08-04T01:03:53Z
2026-08-04T00:59:54Z,2026-08-04T02:59:54+0200,e971b95d-ef8c-4c78-99a5-54bbb479ab9f,2026-07-29T01:15:00Z,2026-07-29T03:15:00+0200,135.15,EUR/MWh,DE,DE_LU,day_ahead_price,value,2026-08-04T01:03:53Z
2026-08-04T00:59:54Z,2026-08-04T02:59:54+0200,e971b95d-ef8c-4c78-99a5-54bbb479ab9f,2026-07-29T01:30:00Z,2026-07-29T03:30:00+0200,135.03,EUR/MWh,DE,DE_LU,day_ahead_price,value,2026-08-04T01:03:53Z
2026-08-04T00:59:54Z,2026-08-04T02:59:54+0200,e971b95d-ef8c-4c78-99a5-54bbb479ab9f,2026-07-29T01:45:00Z,2026-07-29T03:45:00+0200,134.82,EUR/MWh,DE,DE_LU,day_ahead_price,value,2026-08-04T01:03:53Z
2026-08-04T00:59:54Z,2026-08-04T02:59:54+0200,e971b95d-ef8c-4c78-99a5-54bbb479ab9f,2026-07-29T02:00:00Z,2026-07-29T04:00:00+0200,134.22,EUR/MWh,DE,DE_LU,day_ahead_price,value,2026-08-04T01:03:53Z
2026-08-04T00:59:54Z,2026-08-04T02:59:54+0200,e971b95d-ef8c-4c78-99a5-54bbb479ab9f,2026-07-29T02:15:00Z,2026-07-29T04:15:00+0200,138.11,EUR/MWh,DE,DE_LU,day_ahead_price,value,2026-08-04T01:03:53Z
2026-08-04T00:59:54Z,2026-08-04T02:59:54+0200,e971b95d-ef8c-4c78-99a5-54bbb479ab9f,2026-07-29T02:30:00Z,2026-07-29T04:30:00+0200,141.35,EUR/MWh,DE,DE_LU,day_ahead_price,value,2026-08-04T01:03:53Z
2026-08-04T00:59:54Z,2026-08-04T02:59:54+0200,e971b95d-ef8c-4c78-99a5-54bbb479ab9f,2026-07-29T02:45:00Z,2026-07-29T04:45:00+0200,147.63,EUR/MWh,DE,DE_LU,day_ahead_price,value,2026-08-04T01:03:53Z
2026-08-04T00:59:54Z,2026-08-04T02:59:54+0200,e971b95d-ef8c-4c78-99a5-54bbb479ab9f,2026-07-29T03:00:00Z,2026-07-29T05:00:00+0200,137.93,EUR/MWh,DE,DE_LU,day_ahead_price,value,2026-08-04T01:03:53Z
2026-08-04T00:59:54Z,2026-08-04T02:59:54+0200,e971b95d-ef8c-4c78-99a5-54bbb479ab9f,2026-07-29T03:15:00Z,2026-07-29T05:15:00+0200,142.48,EUR/MWh,DE,DE_LU,day_ahead_price,value,2026-08-04T01:03:53Z
2026-08-04T00:59:54Z,2026-08-04T02:59:54+0200,e971b95d-ef8c-4c78-99a5-54bbb479ab9f,2026-07-29T03:30:00Z,2026-07-29T05:30:00+0200,151.3,EUR/MWh,DE,DE_LU,day_ahead_price,value,2026-08-04T01:03:53Z
2026-08-04T00:59:54Z,2026-08-04T02:59:54+0200,e971b95d-ef8c-4c78-99a5-54bbb479ab9f,2026-07-29T03:45:00Z,2026-07-29T05:45:00+0200,162.33,EUR/MWh,DE,DE_LU,day_ahead_price,value,2026-08-04T01:03:53Z
2026-08-04T00:59:54Z,2026-08-04T02:59:54+0200,e971b95d-ef8c-4c78-99a5-54bbb479ab9f,2026-07-29T04:00:00Z,2026-07-29T06:00:00+0200,160.56,EUR/MWh,DE,DE_LU,day_ahead_price,value,2026-08-04T01:03:53Z
2026-08-04T00:59:54Z,2026-08-04T02:59:54+0200,e971b95d-ef8c-4c78-99a5-54bbb479ab9f,2026-07-29T04:15:00Z,2026-07-29T06:15:00+0200,171.28,EUR/MWh,DE,DE_LU,day_ahead_price,value,2026-08-04T01:03:53Z
2026-08-04T00:59:54Z,2026-08-04T02:59:54+0200,e971b95d-ef8c-4c78-99a5-54bbb479ab9f,2026-07-29T04:30:00Z,2026-07-29T06:30:00+0200,171.75,EUR/MWh,DE,DE_LU,day_ahead_price,value,2026-08-04T01:03:53Z
2026-08-04T00:59:54Z,2026-08-04T02:59:54+0200,e971b95d-ef8c-4c78-99a5-54bbb479ab9f,2026-07-29T04:45:00Z,2026-07-29T06:45:00+0200,170.7,EUR/MWh,DE,DE_LU,day_ahead_price,value,2026-08-04T01:03:53Z
2026-08-04T00:59:54Z,2026-08-04T02:59:54+0200,e971b95d-ef8c-4c78-99a5-54bbb479ab9f,2026-07-29T05:00:00Z,2026-07-29T07:00:00+0200,172.87,EUR/MWh,DE,DE_LU,day_ahead_price,value,2026-08-04T01:03:53Z
2026-08-04T00:59:54Z,2026-08-04T02:59:54+0200,e971b95d-ef8c-4c78-99a5-54bbb479ab9f,2026-07-29T05:15:00Z,2026-07-29T07:15:00+0200,170.7,EUR/MWh,DE,DE_LU,day_ahead_price,value,2026-08-04T01:03:53Z
2026-08-04T00:59:54Z,2026-08-04T02:59:54+0200,e971b95d-ef8c-4c78-99a5-54bbb479ab9f,2026-07-29T05:30:00Z,2026-07-29T07:30:00+0200,158.97,EUR/MWh,DE,DE_LU,day_ahead_price,value,2026-08-04T01:03:53Z
2026-08-04T00:59:54Z,2026-08-04T02:59:54+0200,e971b95d-ef8c-4c78-99a5-54bbb479ab9f,2026-07-29T05:45:00Z,2026-07-29T07:45:00+0200,141.84,EUR/MWh,DE,DE_LU,day_ahead_price,value,2026-08-04T01:03:53Z
2026-08-04T00:59:54Z,2026-08-04T02:59:54+0200,e971b95d-ef8c-4c78-99a5-54bbb479ab9f,2026-07-29T06:00:00Z,2026-07-29T08:00:00+0200,166.9,EUR/MWh,DE,DE_LU,day_ahead_price,value,2026-08-04T01:03:53Z
2026-08-04T00:59:54Z,2026-08-04T02:59:54+0200,e971b95d-ef8c-4c78-99a5-54bbb479ab9f,2026-07-29T06:15:00Z,2026-07-29T08:15:00+0200,151.19,EUR/MWh,DE,DE_LU,day_ahead_price,value,2026-08-04T01:03:53Z
2026-08-04T00:59:54Z,2026-08-04T02:59:54+0200,e971b95d-ef8c-4c78-99a5-54bbb479ab9f,2026-07-29T06:30:00Z,2026-07-29T08:30:00+0200,143.42,EUR/MWh,DE,DE_LU,day_ahead_price,value,2026-08-04T01:03:53Z
2026-08-04T00:59:54Z,2026-08-04T02:59:54+0200,e971b95d-ef8c-4c78-99a5-54bbb479ab9f,2026-07-29T06:45:00Z,2026-07-29T08:45:00+0200,123.18,EUR/MWh,DE,DE_LU,day_ahead_price,value,2026-08-04T01:03:53Z
2026-08-04T00:59:54Z,2026-08-04T02:59:54+0200,e971b95d-ef8c-4c78-99a5-54bbb479ab9f,2026-07-29T07:00:00Z,2026-07-29T09:00:00+0200,153.33,EUR/MWh,DE,DE_LU,day_ahead_price,value,2026-08-04T01:03:53Z
2026-08-04T00:59:54Z,2026-08-04T02:59:54+0200,e971b95d-ef8c-4c78-99a5-54bbb479ab9f,2026-07-29T07:15:00Z,2026-07-29T09:15:00+0200,124.78,EUR/MWh,DE,DE_LU,day_ahead_price,value,2026-08-04T01:03:53Z
2026-08-04T00:59:54Z,2026-08-04T02:59:54+0200,e971b95d-ef8c-4c78-99a5-54bbb479ab9f,2026-07-29T07:30:00Z,2026-07-29T09:30:00+0200,109.69,EUR/MWh,DE,DE_LU,day_ahead_price,value,2026-08-04T01:03:53Z
2026-08-04T00:59:54Z,2026-08-04T02:59:54+0200,e971b95d-ef8c-4c78-99a5-54bbb479ab9f,2026-07-29T07:45:00Z,2026-07-29T09:45:00+0200,100.64,EUR/MWh,DE,DE_LU,day_ahead_price,value,2026-08-04T01:03:53Z
2026-08-04T00:59:54Z,2026-08-04T02:59:54+0200,e971b95d-ef8c-4c78-99a5-54bbb479ab9f,2026-07-29T08:00:00Z,2026-07-29T10:00:00+0200,109.94,EUR/MWh,DE,DE_LU,day_ahead_price,value,2026-08-04T01:03:53Z
2026-08-04T00:59:54Z,2026-08-04T02:59:54+0200,e971b95d-ef8c-4c78-99a5-54bbb479ab9f,2026-07-29T08:15:00Z,2026-07-29T10:15:00+0200,101.6,EUR/MWh,DE,DE_LU,day_ahead_price,value,2026-08-04T01:03:53Z
2026-08-04T00:59:54Z,2026-08-04T02:59:54+0200,e971b95d-ef8c-4c78-99a5-54bbb479ab9f,2026-07-29T08:30:00Z,2026-07-29T10:30:00+0200,79.51,EUR/MWh,DE,DE_LU,day_ahead_price,value,2026-08-04T01:03:53Z
2026-08-04T00:59:54Z,2026-08-04T02:59:54+0200,e971b95d-ef8c-4c78-99a5-54bbb479ab9f,2026-07-29T08:45:00Z,2026-07-29T10:45:00+0200,50.1,EUR/MWh,DE,DE_LU,day_ahead_price,value,2026-08-04T01:03:53Z
2026-08-04T00:59:54Z,2026-08-04T02:59:54+0200,e971b95d-ef8c-4c78-99a5-54bbb479ab9f,2026-07-29T09:00:00Z,2026-07-29T11:00:00+0200,62.23,EUR/MWh,DE,DE_LU,day_ahead_price,value,2026-08-04T01:03:53Z
2026-08-04T00:59:54Z,2026-08-04T02:59:54+0200,e971b95d-ef8c-4c78-99a5-54bbb479ab9f,2026-07-29T09:15:00Z,2026-07-29T11:15:00+0200,32.8,EUR/MWh,DE,DE_LU,day_ahead_price,value,2026-08-04T01:03:53Z
2026-08-04T00:59:54Z,2026-08-04T02:59:54+0200,e971b95d-ef8c-4c78-99a5-54bbb479ab9f,2026-07-29T09:30:00Z,2026-07-29T11:30:00+0200,12.68,EUR/MWh,DE,DE_LU,day_ahead_price,value,2026-08-04T01:03:53Z
2026-08-04T00:59:54Z,2026-08-04T02:59:54+0200,e971b95d-ef8c-4c78-99a5-54bbb479ab9f,2026-07-29T09:45:00Z,2026-07-29T11:45:00+0200,8.43,EUR/MWh,DE,DE_LU,day_ahead_price,value,2026-08-04T01:03:53Z
2026-08-04T00:59:54Z,2026-08-04T02:59:54+0200,e971b95d-ef8c-4c78-99a5-54bbb479ab9f,2026-07-29T10:00:00Z,2026-07-29T12:00:00+0200,5.02,EUR/MWh,DE,DE_LU,day_ahead_price,value,2026-08-04T01:03:53Z
2026-08-04T00:59:54Z,2026-08-04T02:59:54+0200,e971b95d-ef8c-4c78-99a5-54bbb479ab9f,2026-07-29T10:15:00Z,2026-07-29T12:15:00+0200,0.0,EUR/MWh,DE,DE_LU,day_ahead_price,value,2026-08-04T01:03:53Z
2026-08-04T00:59:54Z,2026-08-04T02:59:54+0200,e971b95d-ef8c-4c78-99a5-54bbb479ab9f,2026-07-29T10:30:00Z,2026-07-29T12:30:00+0200,-0.01,EUR/MWh,DE,DE_LU,day_ahead_price,value,2026-08-04T01:03:53Z
2026-08-04T00:59:54Z,2026-08-04T02:59:54+0200,e971b95d-ef8c-4c78-99a5-54bbb479ab9f,2026-07-29T10:45:00Z,2026-07-29T12:45:00+0200,-0.06,EUR/MWh,DE,DE_LU,day_ahead_price,value,2026-08-04T01:03:53Z
2026-08-04T00:59:54Z,2026-08-04T02:59:54+0200,e971b95d-ef8c-4c78-99a5-54bbb479ab9f,2026-07-29T11:00:00Z,2026-07-29T13:00:00+0200,-0.01,EUR/MWh,DE,DE_LU,day_ahead_price,value,2026-08-04T01:03:53Z
2026-08-04T00:59:54Z,2026-08-04T02:59:54+0200,e971b95d-ef8c-4c78-99a5-54bbb479ab9f,2026-07-29T11:15:00Z,2026-07-29T13:15:00+0200,-0.01,EUR/MWh,DE,DE_LU,day_ahead_price,value,2026-08-04T01:03:53Z
2026-08-04T00:59:54Z,2026-08-04T02:59:54+0200,e971b95d-ef8c-4c78-99a5-54bbb479ab9f,2026-07-29T11:30:00Z,2026-07-29T13:30:00+0200,-0.05,EUR/MWh,DE,DE_LU,day_ahead_price,value,2026-08-04T01:03:53Z
2026-08-04T00:59:54Z,2026-08-04T02:59:54+0200,e971b95d-ef8c-4c78-99a5-54bbb479ab9f,2026-07-29T11:45:00Z,2026-07-29T13:45:00+0200,-0.1,EUR/MWh,DE,DE_LU,day_ahead_price,value,2026-08-04T01:03:53Z
2026-08-04T00:59:54Z,2026-08-04T02:59:54+0200,e971b95d-ef8c-4c78-99a5-54bbb479ab9f,2026-07-29T12:00:00Z,2026-07-29T14:00:00+0200,-0.04,EUR/MWh,DE,DE_LU,day_ahead_price,value,2026-08-04T01:03:53Z
2026-08-04T00:59:54Z,2026-08-04T02:59:54+0200,e971b95d-ef8c-4c78-99a5-54bbb479ab9f,2026-07-29T12:15:00Z,2026-07-29T14:15:00+0200,-0.04,EUR/MWh,DE,DE_LU,day_ahead_price,value,2026-08-04T01:03:53Z
2026-08-04T00:59:54Z,2026-08-04T02:59:54+0200,e971b95d-ef8c-4c78-99a5-54bbb479ab9f,2026-07-29T12:30:00Z,2026-07-29T14:30:00+0200,-0.01,EUR/MWh,DE,DE_LU,day_ahead_price,value,2026-08-04T01:03:53Z
2026-08-04T00:59:54Z,2026-08-04T02:59:54+0200,e971b95d-ef8c-4c78-99a5-54bbb479ab9f,2026-07-29T12:45:00Z,2026-07-29T14:45:00+0200,0.0,EUR/MWh,DE,DE_LU,day_ahead_price,value,2026-08-04T01:03:53Z
2026-08-04T00:59:54Z,2026-08-04T02:59:54+0200,e971b95d-ef8c-4c78-99a5-54bbb479ab9f,2026-07-29T13:00:00Z,2026-07-29T15:00:00+0200,0.0,EUR/MWh,DE,DE_LU,day_ahead_price,value,2026-08-04T01:03:53Z
2026-08-04T00:59:54Z,2026-08-04T02:59:54+0200,e971b95d-ef8c-4c78-99a5-54bbb479ab9f,2026-07-29T13:15:00Z,2026-07-29T15:15:00+0200,0.74,EUR/MWh,DE,DE_LU,day_ahead_price,value,2026-08-04T01:03:53Z
2026-08-04T00:59:54Z,2026-08-04T02:59:54+0200,e971b95d-ef8c-4c78-99a5-54bbb479ab9f,2026-07-29T13:30:00Z,2026-07-29T15:30:00+0200,6.01,EUR/MWh,DE,DE_LU,day_ahead_price,value,2026-08-04T01:03:53Z
2026-08-04T00:59:54Z,2026-08-04T02:59:54+0200,e971b95d-ef8c-4c78-99a5-54bbb479ab9f,2026-07-29T13:45:00Z,2026-07-29T15:45:00+0200,22.75,EUR/MWh,DE,DE_LU,day_ahead_price,value,2026-08-04T01:03:53Z
2026-08-04T00:59:54Z,2026-08-04T02:59:54+0200,e971b95d-ef8c-4c78-99a5-54bbb479ab9f,2026-07-29T14:00:00Z,2026-07-29T16:00:00+0200,24.99,EUR/MWh,DE,DE_LU,day_ahead_price,value,2026-08-04T01:03:53Z
2026-08-04T00:59:54Z,2026-08-04T02:59:54+0200,e971b95d-ef8c-4c78-99a5-54bbb479ab9f,2026-07-29T14:15:00Z,2026-07-29T16:15:00+0200,73.59,EUR/MWh,DE,DE_LU,day_ahead_price,value,2026-08-04T01:03:53Z
2026-08-04T00:59:54Z,2026-08-04T02:59:54+0200,e971b95d-ef8c-4c78-99a5-54bbb479ab9f,2026-07-29T14:30:00Z,2026-07-29T16:30:00+0200,97.26,EUR/MWh,DE,DE_LU,day_ahead_price,value,2026-08-04T01:03:53Z
2026-08-04T00:59:54Z,2026-08-04T02:59:54+0200,e971b95d-ef8c-4c78-99a5-54bbb479ab9f,2026-07-29T14:45:00Z,2026-07-29T16:45:00+0200,109.56,EUR/MWh,DE,DE_LU,day_ahead_price,value,2026-08-04T01:03:53Z
2026-08-04T00:59:54Z,2026-08-04T02:59:54+0200,e971b95d-ef8c-4c78-99a5-54bbb479ab9f,2026-07-29T15:00:00Z,2026-07-29T17:00:00+0200,100.3,EUR/MWh,DE,DE_LU,day_ahead_price,value,2026-08-04T01:03:53Z
2026-08-04T00:59:54Z,2026-08-04T02:59:54+0200,e971b95d-ef8c-4c78-99a5-54bbb479ab9f,2026-07-29T15:15:00Z,2026-07-29T17:15:00+0200,115.38,EUR/MWh,DE,DE_LU,day_ahead_price,value,2026-08-04T01:03:53Z
2026-08-04T00:59:54Z,2026-08-04T02:59:54+0200,e971b95d-ef8c-4c78-99a5-54bbb479ab9f,2026-07-29T15:30:00Z,2026-07-29T17:30:00+0200,134.72,EUR/MWh,DE,DE_LU,day_ahead_price,value,2026-08-04T01:03:53Z
2026-08-04T00:59:54Z,2026-08-04T02:59:54+0200,e971b95d-ef8c-4c78-99a5-54bbb479ab9f,2026-07-29T15:45:00Z,2026-07-29T17:45:00+0200,150.97,EUR/MWh,DE,DE_LU,day_ahead_price,value,2026-08-04T01:03:53Z
2026-08-04T00:59:54Z,2026-08-04T02:59:54+0200,e971b95d-ef8c-4c78-99a5-54bbb479ab9f,2026-07-29T16:00:00Z,2026-07-29T18:00:00+0200,127.72,EUR/MWh,DE,DE_LU,day_ahead_price,value,2026-08-04T01:03:53Z
2026-08-04T00:59:54Z,2026-08-04T02:59:54+0200,e971b95d-ef8c-4c78-99a5-54bbb479ab9f,2026-07-29T16:15:00Z,2026-07-29T18:15:00+0200,148.84,EUR/MWh,DE,DE_LU,day_ahead_price,value,2026-08-04T01:03:53Z
2026-08-04T00:59:54Z,2026-08-04T02:59:54+0200,e971b95d-ef8c-4c78-99a5-54bbb479ab9f,2026-07-29T16:30:00Z,2026-07-29T18:30:00+0200,170.2,EUR/MWh,DE,DE_LU,day_ahead_price,value,2026-08-04T01:03:53Z
2026-08-04T00:59:54Z,2026-08-04T02:59:54+0200,e971b95d-ef8c-4c78-99a5-54bbb479ab9f,2026-07-29T16:45:00Z,2026-07-29T18:45:00+0200,202.5,EUR/MWh,DE,DE_LU,day_ahead_price,value,2026-08-04T01:03:53Z
2026-08-04T00:59:54Z,2026-08-04T02:59:54+0200,e971b95d-ef8c-4c78-99a5-54bbb479ab9f,2026-07-29T17:00:00Z,2026-07-29T19:00:00+0200,172.69,EUR/MWh,DE,DE_LU,day_ahead_price,value,2026-08-04T01:03:53Z
2026-08-04T00:59:54Z,2026-08-04T02:59:54+0200,e971b95d-ef8c-4c78-99a5-54bbb479ab9f,2026-07-29T17:15:00Z,2026-07-29T19:15:00+0200,204.82,EUR/MWh,DE,DE_LU,day_ahead_price,value,2026-08-04T01:03:53Z
2026-08-04T00:59:54Z,2026-08-04T02:59:54+0200,e971b95d-ef8c-4c78-99a5-54bbb479ab9f,2026-07-29T17:30:00Z,2026-07-29T19:30:00+0200,247.71,EUR/MWh,DE,DE_LU,day_ahead_price,value,2026-08-04T01:03:53Z
2026-08-04T00:59:54Z,2026-08-04T02:59:54+0200,e971b95d-ef8c-4c78-99a5-54bbb479ab9f,2026-07-29T17:45:00Z,2026-07-29T19:45:00+0200,352.36,EUR/MWh,DE,DE_LU,day_ahead_price,value,2026-08-04T01:03:53Z
2026-08-04T00:59:54Z,2026-08-04T02:59:54+0200,e971b95d-ef8c-4c78-99a5-54bbb479ab9f,2026-07-29T18:00:00Z,2026-07-29T20:00:00+0200,251.36,EUR/MWh,DE,DE_LU,day_ahead_price,value,2026-08-04T01:03:53Z
2026-08-04T00:59:54Z,2026-08-04T02:59:54+0200,e971b95d-ef8c-4c78-99a5-54bbb479ab9f,2026-07-29T18:15:00Z,2026-07-29T20:15:00+0200,265.97,EUR/MWh,DE,DE_LU,day_ahead_price,value,2026-08-04T01:03:53Z
2026-08-04T00:59:54Z,2026-08-04T02:59:54+0200,e971b95d-ef8c-4c78-99a5-54bbb479ab9f,2026-07-29T18:30:00Z,2026-07-29T20:30:00+0200,275.9,EUR/MWh,DE,DE_LU,day_ahead_price,value,2026-08-04T01:03:53Z
2026-08-04T00:59:54Z,2026-08-04T02:59:54+0200,e971b95d-ef8c-4c78-99a5-54bbb479ab9f,2026-07-29T18:45:00Z,2026-07-29T20:45:00+0200,261.36,EUR/MWh,DE,DE_LU,day_ahead_price,value,2026-08-04T01:03:53Z
2026-08-04T00:59:54Z,2026-08-04T02:59:54+0200,e971b95d-ef8c-4c78-99a5-54bbb479ab9f,2026-07-29T19:00:00Z,2026-07-29T21:00:00+0200,254.43,EUR/MWh,DE,DE_LU,day_ahead_price,value,2026-08-04T01:03:53Z
2026-08-04T00:59:54Z,2026-08-04T02:59:54+0200,e971b95d-ef8c-4c78-99a5-54bbb479ab9f,2026-07-29T19:15:00Z,2026-07-29T21:15:00+0200,225.09,EUR/MWh,DE,DE_LU,day_ahead_price,value,2026-08-04T01:03:53Z
2026-08-04T00:59:54Z,2026-08-04T02:59:54+0200,e971b95d-ef8c-4c78-99a5-54bbb479ab9f,2026-07-29T19:30:00Z,2026-07-29T21:30:00+0200,217.3,EUR/MWh,DE,DE_LU,day_ahead_price,value,2026-08-04T01:03:53Z
2026-08-04T00:59:54Z,2026-08-04T02:59:54+0200,e971b95d-ef8c-4c78-99a5-54bbb479ab9f,2026-07-29T19:45:00Z,2026-07-29T21:45:00+0200,202.0,EUR/MWh,DE,DE_LU,day_ahead_price,value,2026-08-04T01:03:53Z
2026-08-04T00:59:54Z,2026-08-04T02:59:54+0200,e971b95d-ef8c-4c78-99a5-54bbb479ab9f,2026-07-29T20:00:00Z,2026-07-29T22:00:00+0200,206.99,EUR/MWh,DE,DE_LU,day_ahead_price,value,2026-08-04T01:03:53Z
2026-08-04T00:59:54Z,2026-08-04T02:59:54+0200,e971b95d-ef8c-4c78-99a5-54bbb479ab9f,2026-07-29T20:15:00Z,2026-07-29T22:15:00+0200,198.3,EUR/MWh,DE,DE_LU,day_ahead_price,value,2026-08-04T01:03:53Z
2026-08-04T00:59:54Z,2026-08-04T02:59:54+0200,e971b95d-ef8c-4c78-99a5-54bbb479ab9f,2026-07-29T20:30:00Z,2026-07-29T22:30:00+0200,190.39,EUR/MWh,DE,DE_LU,day_ahead_price,value,2026-08-04T01:03:53Z
2026-08-04T00:59:54Z,2026-08-04T02:59:54+0200,e971b95d-ef8c-4c78-99a5-54bbb479ab9f,2026-07-29T20:45:00Z,2026-07-29T22:45:00+0200,176.02,EUR/MWh,DE,DE_LU,day_ahead_price,value,2026-08-04T01:03:53Z
2026-08-04T00:59:54Z,2026-08-04T02:59:54+0200,e971b95d-ef8c-4c78-99a5-54bbb479ab9f,2026-07-29T21:00:00Z,2026-07-29T23:00:00+0200,179.05,EUR/MWh,DE,DE_LU,day_ahead_price,value,2026-08-04T01:03:53Z
2026-08-04T00:59:54Z,2026-08-04T02:59:54+0200,e971b95d-ef8c-4c78-99a5-54bbb479ab9f,2026-07-29T21:15:00Z,2026-07-29T23:15:00+0200,173.72,EUR/MWh,DE,DE_LU,day_ahead_price,value,2026-08-04T01:03:53Z
2026-08-04T00:59:54Z,2026-08-04T02:59:54+0200,e971b95d-ef8c-4c78-99a5-54bbb479ab9f,2026-07-29T21:30:00Z,2026-07-29T23:30:00+0200,170.38,EUR/MWh,DE,DE_LU,day_ahead_price,value,2026-08-04T01:03:53Z
2026-08-04T00:59:54Z,2026-08-04T02:59:54+0200,e971b95d-ef8c-4c78-99a5-54bbb479ab9f,2026-07-29T21:45:00Z,2026-07-29T23:45:00+0200,146.1,EUR/MWh,DE,DE_LU,day_ahead_price,value,2026-08-04T01:03:53Z
2026-08-04T00:59:54Z,2026-08-04T02:59:54+0200,e971b95d-ef8c-4c78-99a5-54bbb479ab9f,2026-07-29T22:00:00Z,2026-07-30T00:00:00+0200,162.16,EUR/MWh,DE,DE_LU,day_ahead_price,value,2026-08-04T01:03:53Z
2026-08-04T00:59:54Z,2026-08-04T02:59:54+0200,e971b95d-ef8c-4c78-99a5-54bbb479ab9f,2026-07-29T22:15:00Z,2026-07-30T00:15:00+0200,152.0,EUR/MWh,DE,DE_LU,day_ahead_price,value,2026-08-04T01:03:53Z
2026-08-04T00:59:54Z,2026-08-04T02:59:54+0200,e971b95d-ef8c-4c78-99a5-54bbb479ab9f,2026-07-29T22:30:00Z,2026-07-30T00:30:00+0200,142.66,EUR/MWh,DE,DE_LU,day_ahead_price,value,2026-08-04T01:03:53Z
2026-08-04T00:59:54Z,2026-08-04T02:59:54+0200,e971b95d-ef8c-4c78-99a5-54bbb479ab9f,2026-07-29T22:45:00Z,2026-07-30T00:45:00+0200,142.2,EUR/MWh,DE,DE_LU,day_ahead_price,value,2026-08-04T01:03:53Z
2026-08-04T00:59:54Z,2026-08-04T02:59:54+0200,e971b95d-ef8c-4c78-99a5-54bbb479ab9f,2026-07-29T23:00:00Z,2026-07-30T01:00:00+0200,144.05,EUR/MWh,DE,DE_LU,day_ahead_price,value,2026-08-04T01:03:53Z
2026-08-04T00:59:54Z,2026-08-04T02:59:54+0200,e971b95d-ef8c-4c78-99a5-54bbb479ab9f,2026-07-29T23:15:00Z,2026-07-30T01:15:00+0200,141.88,EUR/MWh,DE,DE_LU,day_ahead_price,value,2026-08-04T01:03:53Z
2026-08-04T00:59:54Z,2026-08-04T02:59:54+0200,e971b95d-ef8c-4c78-99a5-54bbb479ab9f,2026-07-29T23:30:00Z,2026-07-30T01:30:00+0200,145.61,EUR/MWh,DE,DE_LU,day_ahead_price,value,2026-08-04T01:03:53Z
2026-08-04T00:59:54Z,2026-08-04T02:59:54+0200,e971b95d-ef8c-4c78-99a5-54bbb479ab9f,2026-07-29T23:45:00Z,2026-07-30T01:45:00+0200,138.0,EUR/MWh,DE,DE_LU,day_ahead_price,value,2026-08-04T01:03:53Z
2026-08-04T00:59:54Z,2026-08-04T02:59:54+0200,e971b95d-ef8c-4c78-99a5-54bbb479ab9f,2026-07-30T00:00:00Z,2026-07-30T02:00:00+0200,143.0,EUR/MWh,DE,DE_LU,day_ahead_price,value,2026-08-04T01:03:53Z
2026-08-04T00:59:54Z,2026-08-04T02:59:54+0200,e971b95d-ef8c-4c78-99a5-54bbb479ab9f,2026-07-30T00:15:00Z,2026-07-30T02:15:00+0200,142.63,EUR/MWh,DE,DE_LU,day_ahead_price,value,2026-08-04T01:03:53Z
2026-08-04T00:59:54Z,2026-08-04T02:59:54+0200,e971b95d-ef8c-4c78-99a5-54bbb479ab9f,2026-07-30T00:30:00Z,2026-07-30T02:30:00+0200,137.99,EUR/MWh,DE,DE_LU,day_ahead_price,value,2026-08-04T01:03:53Z
2026-08-04T00:59:54Z,2026-08-04T02:59:54+0200,e971b95d-ef8c-4c78-99a5-54bbb479ab9f,2026-07-30T00:45:00Z,2026-07-30T02:45:00+0200,136.37,EUR/MWh,DE,DE_LU,day_ahead_price,value,2026-08-04T01:03:53Z
2026-08-04T00:59:54Z,2026-08-04T02:59:54+0200,e971b95d-ef8c-4c78-99a5-54bbb479ab9f,2026-07-30T01:00:00Z,2026-07-30T03:00:00+0200,135.94,EUR/MWh,DE,DE_LU,day_ahead_price,value,2026-08-04T01:03:53Z
2026-08-04T00:59:54Z,2026-08-04T02:59:54+0200,e971b95d-ef8c-4c78-99a5-54bbb479ab9f,2026-07-30T01:15:00Z,2026-07-30T03:15:00+0200,135.0,EUR/MWh,DE,DE_LU,day_ahead_price,value,2026-08-04T01:03:53Z
2026-08-04T00:59:54Z,2026-08-04T02:59:54+0200,e971b95d-ef8c-4c78-99a5-54bbb479ab9f,2026-07-30T01:30:00Z,2026-07-30T03:30:00+0200,134.66,EUR/MWh,DE,DE_LU,day_ahead_price,value,2026-08-04T01:03:53Z
2026-08-04T00:59:54Z,2026-08-04T02:59:54+0200,e971b95d-ef8c-4c78-99a5-54bbb479ab9f,2026-07-30T01:45:00Z,2026-07-30T03:45:00+0200,136.52,EUR/MWh,DE,DE_LU,day_ahead_price,value,2026-08-04T01:03:53Z
2026-08-04T00:59:54Z,2026-08-04T02:59:54+0200,e971b95d-ef8c-4c78-99a5-54bbb479ab9f,2026-07-30T02:00:00Z,2026-07-30T04:00:00+0200,132.03,EUR/MWh,DE,DE_LU,day_ahead_price,value,2026-08-04T01:03:53Z
2026-08-04T00:59:54Z,2026-08-04T02:59:54+0200,e971b95d-ef8c-4c78-99a5-54bbb479ab9f,2026-07-30T02:15:00Z,2026-07-30T04:15:00+0200,132.36,EUR/MWh,DE,DE_LU,day_ahead_price,value,2026-08-04T01:03:53Z
2026-08-04T00:59:54Z,2026-08-04T02:59:54+0200,e971b95d-ef8c-4c78-99a5-54bbb479ab9f,2026-07-30T02:30:00Z,2026-07-30T04:30:00+0200,132.96,EUR/MWh,DE,DE_LU,day_ahead_price,value,2026-08-04T01:03:53Z
2026-08-04T00:59:54Z,2026-08-04T02:59:54+0200,e971b95d-ef8c-4c78-99a5-54bbb479ab9f,2026-07-30T02:45:00Z,2026-07-30T04:45:00+0200,133.54,EUR/MWh,DE,DE_LU,day_ahead_price,value,2026-08-04T01:03:53Z
2026-08-04T00:59:54Z,2026-08-04T02:59:54+0200,e971b95d-ef8c-4c78-99a5-54bbb479ab9f,2026-07-30T03:00:00Z,2026-07-30T05:00:00+0200,133.51,EUR/MWh,DE,DE_LU,day_ahead_price,value,2026-08-04T01:03:53Z
2026-08-04T00:59:54Z,2026-08-04T02:59:54+0200,e971b95d-ef8c-4c78-99a5-54bbb479ab9f,2026-07-30T03:15:00Z,2026-07-30T05:15:00+0200,133.85,EUR/MWh,DE,DE_LU,day_ahead_price,value,2026-08-04T01:03:53Z
2026-08-04T00:59:54Z,2026-08-04T02:59:54+0200,e971b95d-ef8c-4c78-99a5-54bbb479ab9f,2026-07-30T03:30:00Z,2026-07-30T05:30:00+0200,139.53,EUR/MWh,DE,DE_LU,day_ahead_price,value,2026-08-04T01:03:53Z
2026-08-04T00:59:54Z,2026-08-04T02:59:54+0200,e971b95d-ef8c-4c78-99a5-54bbb479ab9f,2026-07-30T03:45:00Z,2026-07-30T05:45:00+0200,143.54,EUR/MWh,DE,DE_LU,day_ahead_price,value,2026-08-04T01:03:53Z
2026-08-04T00:59:54Z,2026-08-04T02:59:54+0200,e971b95d-ef8c-4c78-99a5-54bbb479ab9f,2026-07-30T04:00:00Z,2026-07-30T06:00:00+0200,143.34,EUR/MWh,DE,DE_LU,day_ahead_price,value,2026-08-04T01:03:53Z
2026-08-04T00:59:54Z,2026-08-04T02:59:54+0200,e971b95d-ef8c-4c78-99a5-54bbb479ab9f,2026-07-30T04:15:00Z,2026-07-30T06:15:00+0200,151.75,EUR/MWh,DE,DE_LU,day_ahead_price,value,2026-08-04T01:03:53Z
2026-08-04T00:59:54Z,2026-08-04T02:59:54+0200,e971b95d-ef8c-4c78-99a5-54bbb479ab9f,2026-07-30T04:30:00Z,2026-07-30T06:30:00+0200,150.6,EUR/MWh,DE,DE_LU,day_ahead_price,value,2026-08-04T01:03:53Z
2026-08-04T00:59:54Z,2026-08-04T02:59:54+0200,e971b95d-ef8c-4c78-99a5-54bbb479ab9f,2026-07-30T04:45:00Z,2026-07-30T06:45:00+0200,148.15,EUR/MWh,DE,DE_LU,day_ahead_price,value,2026-08-04T01:03:53Z
2026-08-04T00:59:54Z,2026-08-04T02:59:54+0200,e971b95d-ef8c-4c78-99a5-54bbb479ab9f,2026-07-30T05:00:00Z,2026-07-30T07:00:00+0200,166.47,EUR/MWh,DE,DE_LU,day_ahead_price,value,2026-08-04T01:03:53Z
2026-08-04T00:59:54Z,2026-08-04T02:59:54+0200,e971b95d-ef8c-4c78-99a5-54bbb479ab9f,2026-07-30T05:15:00Z,2026-07-30T07:15:00+0200,153.95,EUR/MWh,DE,DE_LU,day_ahead_price,value,2026-08-04T01:03:53Z
2026-08-04T00:59:54Z,2026-08-04T02:59:54+0200,e971b95d-ef8c-4c78-99a5-54bbb479ab9f,2026-07-30T05:30:00Z,2026-07-30T07:30:00+0200,142.6,EUR/MWh,DE,DE_LU,day_ahead_price,value,2026-08-04T01:03:53Z
2026-08-04T00:59:54Z,2026-08-04T02:59:54+0200,e971b95d-ef8c-4c78-99a5-54bbb479ab9f,2026-07-30T05:45:00Z,2026-07-30T07:45:00+0200,127.96,EUR/MWh,DE,DE_LU,day_ahead_price,value,2026-08-04T01:03:53Z
2026-08-04T00:59:54Z,2026-08-04T02:59:54+0200,e971b95d-ef8c-4c78-99a5-54bbb479ab9f,2026-07-30T06:00:00Z,2026-07-30T08:00:00+0200,163.38,EUR/MWh,DE,DE_LU,day_ahead_price,value,2026-08-04T01:03:53Z
2026-08-04T00:59:54Z,2026-08-04T02:59:54+0200,e971b95d-ef8c-4c78-99a5-54bbb479ab9f,2026-07-30T06:15:00Z,2026-07-30T08:15:00+0200,146.05,EUR/MWh,DE,DE_LU,day_ahead_price,value,2026-08-04T01:03:53Z
2026-08-04T00:59:54Z,2026-08-04T02:59:54+0200,e971b95d-ef8c-4c78-99a5-54bbb479ab9f,2026-07-30T06:30:00Z,2026-07-30T08:30:00+0200,131.04,EUR/MWh,DE,DE_LU,day_ahead_price,value,2026-08-04T01:03:53Z
2026-08-04T00:59:54Z,2026-08-04T02:59:54+0200,e971b95d-ef8c-4c78-99a5-54bbb479ab9f,2026-07-30T06:45:00Z,2026-07-30T08:45:00+0200,115.71,EUR/MWh,DE,DE_LU,day_ahead_price,value,2026-08-04T01:03:53Z
2026-08-04T00:59:54Z,2026-08-04T02:59:54+0200,e971b95d-ef8c-4c78-99a5-54bbb479ab9f,2026-07-30T07:00:00Z,2026-07-30T09:00:00+0200,139.67,EUR/MWh,DE,DE_LU,day_ahead_price,value,2026-08-04T01:03:53Z
2026-08-04T00:59:54Z,2026-08-04T02:59:54+0200,e971b95d-ef8c-4c78-99a5-54bbb479ab9f,2026-07-30T07:15:00Z,2026-07-30T09:15:00+0200,122.81,EUR/MWh,DE,DE_LU,day_ahead_price,value,2026-08-04T01:03:53Z
2026-08-04T00:59:54Z,2026-08-04T02:59:54+0200,e971b95d-ef8c-4c78-99a5-54bbb479ab9f,2026-07-30T07:30:00Z,2026-07-30T09:30:00+0200,110.54,EUR/MWh,DE,DE_LU,day_ahead_price,value,2026-08-04T01:03:53Z
2026-08-04T00:59:54Z,2026-08-04T02:59:54+0200,e971b95d-ef8c-4c78-99a5-54bbb479ab9f,2026-07-30T07:45:00Z,2026-07-30T09:45:00+0200,99.44,EUR/MWh,DE,DE_LU,day_ahead_price,value,2026-08-04T01:03:53Z
2026-08-04T00:59:54Z,2026-08-04T02:59:54+0200,e971b95d-ef8c-4c78-99a5-54bbb479ab9f,2026-07-30T08:00:00Z,2026-07-30T10:00:00+0200,109.01,EUR/MWh,DE,DE_LU,day_ahead_price,value,2026-08-04T01:03:53Z
2026-08-04T00:59:54Z,2026-08-04T02:59:54+0200,e971b95d-ef8c-4c78-99a5-54bbb479ab9f,2026-07-30T08:15:00Z,2026-07-30T10:15:00+0200,94.27,EUR/MWh,DE,DE_LU,day_ahead_price,value,2026-08-04T01:03:53Z
2026-08-04T00:59:54Z,2026-08-04T02:59:54+0200,e971b95d-ef8c-4c78-99a5-54bbb479ab9f,2026-07-30T08:30:00Z,2026-07-30T10:30:00+0200,80.88,EUR/MWh,DE,DE_LU,day_ahead_price,value,2026-08-04T01:03:53Z
2026-08-04T00:59:54Z,2026-08-04T02:59:54+0200,e971b95d-ef8c-4c78-99a5-54bbb479ab9f,2026-07-30T08:45:00Z,2026-07-30T10:45:00+0200,55.84,EUR/MWh,DE,DE_LU,day_ahead_price,value,2026-08-04T01:03:53Z
2026-08-04T00:59:54Z,2026-08-04T02:59:54+0200,e971b95d-ef8c-4c78-99a5-54bbb479ab9f,2026-07-30T09:00:00Z,2026-07-30T11:00:00+0200,70.3,EUR/MWh,DE,DE_LU,day_ahead_price,value,2026-08-04T01:03:53Z
2026-08-04T00:59:54Z,2026-08-04T02:59:54+0200,e971b95d-ef8c-4c78-99a5-54bbb479ab9f,2026-07-30T09:15:00Z,2026-07-30T11:15:00+0200,35.96,EUR/MWh,DE,DE_LU,day_ahead_price,value,2026-08-04T01:03:53Z
2026-08-04T00:59:54Z,2026-08-04T02:59:54+0200,e971b95d-ef8c-4c78-99a5-54bbb479ab9f,2026-07-30T09:30:00Z,2026-07-30T11:30:00+0200,19.81,EUR/MWh,DE,DE_LU,day_ahead_price,value,2026-08-04T01:03:53Z
2026-08-04T00:59:54Z,2026-08-04T02:59:54+0200,e971b95d-ef8c-4c78-99a5-54bbb479ab9f,2026-07-30T09:45:00Z,2026-07-30T11:45:00+0200,12.33,EUR/MWh,DE,DE_LU,day_ahead_price,value,2026-08-04T01:03:53Z
2026-08-04T00:59:54Z,2026-08-04T02:59:54+0200,e971b95d-ef8c-4c78-99a5-54bbb479ab9f,2026-07-30T10:00:00Z,2026-07-30T12:00:00+0200,8.97,EUR/MWh,DE,DE_LU,day_ahead_price,value,2026-08-04T01:03:53Z
2026-08-04T00:59:54Z,2026-08-04T02:59:54+0200,e971b95d-ef8c-4c78-99a5-54bbb479ab9f,2026-07-30T10:15:00Z,2026-07-30T12:15:00+0200,8.0,EUR/MWh,DE,DE_LU,day_ahead_price,value,2026-08-04T01:03:53Z
2026-08-04T00:59:54Z,2026-08-04T02:59:54+0200,e971b95d-ef8c-4c78-99a5-54bbb479ab9f,2026-07-30T10:30:00Z,2026-07-30T12:30:00+0200,4.5,EUR/MWh,DE,DE_LU,day_ahead_price,value,2026-08-04T01:03:53Z
2026-08-04T00:59:54Z,2026-08-04T02:59:54+0200,e971b95d-ef8c-4c78-99a5-54bbb479ab9f,2026-07-30T10:45:00Z,2026-07-30T12:45:00+0200,3.94,EUR/MWh,DE,DE_LU,day_ahead_price,value,2026-08-04T01:03:53Z
2026-08-04T00:59:54Z,2026-08-04T02:59:54+0200,e971b95d-ef8c-4c78-99a5-54bbb479ab9f,2026-07-30T11:00:00Z,2026-07-30T13:00:00+0200,4.56,EUR/MWh,DE,DE_LU,day_ahead_price,value,2026-08-04T01:03:53Z
2026-08-04T00:59:54Z,2026-08-04T02:59:54+0200,e971b95d-ef8c-4c78-99a5-54bbb479ab9f,2026-07-30T11:15:00Z,2026-07-30T13:15:00+0200,2.31,EUR/MWh,DE,DE_LU,day_ahead_price,value,2026-08-04T01:03:53Z
2026-08-04T00:59:54Z,2026-08-04T02:59:54+0200,e971b95d-ef8c-4c78-99a5-54bbb479ab9f,2026-07-30T11:30:00Z,2026-07-30T13:30:00+0200,1.38,EUR/MWh,DE,DE_LU,day_ahead_price,value,2026-08-04T01:03:53Z
2026-08-04T00:59:54Z,2026-08-04T02:59:54+0200,e971b95d-ef8c-4c78-99a5-54bbb479ab9f,2026-07-30T11:45:00Z,2026-07-30T13:45:00+0200,2.43,EUR/MWh,DE,DE_LU,day_ahead_price,value,2026-08-04T01:03:53Z
2026-08-04T00:59:54Z,2026-08-04T02:59:54+0200,e971b95d-ef8c-4c78-99a5-54bbb479ab9f,2026-07-30T12:00:00Z,2026-07-30T14:00:00+0200,4.18,EUR/MWh,DE,DE_LU,day_ahead_price,value,2026-08-04T01:03:53Z
2026-08-04T00:59:54Z,2026-08-04T02:59:54+0200,e971b95d-ef8c-4c78-99a5-54bbb479ab9f,2026-07-30T12:15:00Z,2026-07-30T14:15:00+0200,6.19,EUR/MWh,DE,DE_LU,day_ahead_price,value,2026-08-04T01:03:53Z
2026-08-04T00:59:54Z,2026-08-04T02:59:54+0200,e971b95d-ef8c-4c78-99a5-54bbb479ab9f,2026-07-30T12:30:00Z,2026-07-30T14:30:00+0200,16.36,EUR/MWh,DE,DE_LU,day_ahead_price,value,2026-08-04T01:03:53Z
2026-08-04T00:59:54Z,2026-08-04T02:59:54+0200,e971b95d-ef8c-4c78-99a5-54bbb479ab9f,2026-07-30T12:45:00Z,2026-07-30T14:45:00+0200,32.96,EUR/MWh,DE,DE_LU,day_ahead_price,value,2026-08-04T01:03:53Z
2026-08-04T00:59:54Z,2026-08-04T02:59:54+0200,e971b95d-ef8c-4c78-99a5-54bbb479ab9f,2026-07-30T13:00:00Z,2026-07-30T15:00:00+0200,40.04,EUR/MWh,DE,DE_LU,day_ahead_price,value,2026-08-04T01:03:53Z
2026-08-04T00:59:54Z,2026-08-04T02:59:54+0200,e971b95d-ef8c-4c78-99a5-54bbb479ab9f,2026-07-30T13:15:00Z,2026-07-30T15:15:00+0200,57.45,EUR/MWh,DE,DE_LU,day_ahead_price,value,2026-08-04T01:03:53Z
2026-08-04T00:59:54Z,2026-08-04T02:59:54+0200,e971b95d-ef8c-4c78-99a5-54bbb479ab9f,2026-07-30T13:30:00Z,2026-07-30T15:30:00+0200,69.11,EUR/MWh,DE,DE_LU,day_ahead_price,value,2026-08-04T01:03:53Z
2026-08-04T00:59:54Z,2026-08-04T02:59:54+0200,e971b95d-ef8c-4c78-99a5-54bbb479ab9f,2026-07-30T13:45:00Z,2026-07-30T15:45:00+0200,83.13,EUR/MWh,DE,DE_LU,day_ahead_price,value,2026-08-04T01:03:53Z
2026-08-04T00:59:54Z,2026-08-04T02:59:54+0200,e971b95d-ef8c-4c78-99a5-54bbb479ab9f,2026-07-30T14:00:00Z,2026-07-30T16:00:00+0200,73.54,EUR/MWh,DE,DE_LU,day_ahead_price,value,2026-08-04T01:03:53Z
2026-08-04T00:59:54Z,2026-08-04T02:59:54+0200,e971b95d-ef8c-4c78-99a5-54bbb479ab9f,2026-07-30T14:15:00Z,2026-07-30T16:15:00+0200,87.66,EUR/MWh,DE,DE_LU,day_ahead_price,value,2026-08-04T01:03:53Z
2026-08-04T00:59:54Z,2026-08-04T02:59:54+0200,e971b95d-ef8c-4c78-99a5-54bbb479ab9f,2026-07-30T14:30:00Z,2026-07-30T16:30:00+0200,106.5,EUR/MWh,DE,DE_LU,day_ahead_price,value,2026-08-04T01:03:53Z
2026-08-04T00:59:54Z,2026-08-04T02:59:54+0200,e971b95d-ef8c-4c78-99a5-54bbb479ab9f,2026-07-30T14:45:00Z,2026-07-30T16:45:00+0200,124.91,EUR/MWh,DE,DE_LU,day_ahead_price,value,2026-08-04T01:03:53Z
2026-08-04T00:59:54Z,2026-08-04T02:59:54+0200,e971b95d-ef8c-4c78-99a5-54bbb479ab9f,2026-07-30T15:00:00Z,2026-07-30T17:00:00+0200,105.84,EUR/MWh,DE,DE_LU,day_ahead_price,value,2026-08-04T01:03:53Z
2026-08-04T00:59:54Z,2026-08-04T02:59:54+0200,e971b95d-ef8c-4c78-99a5-54bbb479ab9f,2026-07-30T15:15:00Z,2026-07-30T17:15:00+0200,115.01,EUR/MWh,DE,DE_LU,day_ahead_price,value,2026-08-04T01:03:53Z
2026-08-04T00:59:54Z,2026-08-04T02:59:54+0200,e971b95d-ef8c-4c78-99a5-54bbb479ab9f,2026-07-30T15:30:00Z,2026-07-30T17:30:00+0200,131.76,EUR/MWh,DE,DE_LU,day_ahead_price,value,2026-08-04T01:03:53Z
2026-08-04T00:59:54Z,2026-08-04T02:59:54+0200,e971b95d-ef8c-4c78-99a5-54bbb479ab9f,2026-07-30T15:45:00Z,2026-07-30T17:45:00+0200,154.6,EUR/MWh,DE,DE_LU,day_ahead_price,value,2026-08-04T01:03:53Z
2026-08-04T00:59:54Z,2026-08-04T02:59:54+0200,e971b95d-ef8c-4c78-99a5-54bbb479ab9f,2026-07-30T16:00:00Z,2026-07-30T18:00:00+0200,130.34,EUR/MWh,DE,DE_LU,day_ahead_price,value,2026-08-04T01:03:53Z
2026-08-04T00:59:54Z,2026-08-04T02:59:54+0200,e971b95d-ef8c-4c78-99a5-54bbb479ab9f,2026-07-30T16:15:00Z,2026-07-30T18:15:00+0200,145.71,EUR/MWh,DE,DE_LU,day_ahead_price,value,2026-08-04T01:03:53Z
2026-08-04T00:59:54Z,2026-08-04T02:59:54+0200,e971b95d-ef8c-4c78-99a5-54bbb479ab9f,2026-07-30T16:30:00Z,2026-07-30T18:30:00+0200,160.56,EUR/MWh,DE,DE_LU,day_ahead_price,value,2026-08-04T01:03:53Z
2026-08-04T00:59:54Z,2026-08-04T02:59:54+0200,e971b95d-ef8c-4c78-99a5-54bbb479ab9f,2026-07-30T16:45:00Z,2026-07-30T18:45:00+0200,160.5,EUR/MWh,DE,DE_LU,day_ahead_price,value,2026-08-04T01:03:53Z
2026-08-04T00:59:54Z,2026-08-04T02:59:54+0200,e971b95d-ef8c-4c78-99a5-54bbb479ab9f,2026-07-30T17:00:00Z,2026-07-30T19:00:00+0200,149.9,EUR/MWh,DE,DE_LU,day_ahead_price,value,2026-08-04T01:03:53Z
2026-08-04T00:59:54Z,2026-08-04T02:59:54+0200,e971b95d-ef8c-4c78-99a5-54bbb479ab9f,2026-07-30T17:15:00Z,2026-07-30T19:15:00+0200,172.61,EUR/MWh,DE,DE_LU,day_ahead_price,value,2026-08-04T01:03:53Z
2026-08-04T00:59:54Z,2026-08-04T02:59:54+0200,e971b95d-ef8c-4c78-99a5-54bbb479ab9f,2026-07-30T17:30:00Z,2026-07-30T19:30:00+0200,181.2,EUR/MWh,DE,DE_LU,day_ahead_price,value,2026-08-04T01:03:53Z
2026-08-04T00:59:54Z,2026-08-04T02:59:54+0200,e971b95d-ef8c-4c78-99a5-54bbb479ab9f,2026-07-30T17:45:00Z,2026-07-30T19:45:00+0200,191.37,EUR/MWh,DE,DE_LU,day_ahead_price,value,2026-08-04T01:03:53Z
2026-08-04T00:59:54Z,2026-08-04T02:59:54+0200,e971b95d-ef8c-4c78-99a5-54bbb479ab9f,2026-07-30T18:00:00Z,2026-07-30T20:00:00+0200,183.7,EUR/MWh,DE,DE_LU,day_ahead_price,value,2026-08-04T01:03:53Z
2026-08-04T00:59:54Z,2026-08-04T02:59:54+0200,e971b95d-ef8c-4c78-99a5-54bbb479ab9f,2026-07-30T18:15:00Z,2026-07-30T20:15:00+0200,188.39,EUR/MWh,DE,DE_LU,day_ahead_price,value,2026-08-04T01:03:53Z
2026-08-04T00:59:54Z,2026-08-04T02:59:54+0200,e971b95d-ef8c-4c78-99a5-54bbb479ab9f,2026-07-30T18:30:00Z,2026-07-30T20:30:00+0200,199.44,EUR/MWh,DE,DE_LU,day_ahead_price,value,2026-08-04T01:03:53Z
2026-08-04T00:59:54Z,2026-08-04T02:59:54+0200,e971b95d-ef8c-4c78-99a5-54bbb479ab9f,2026-07-30T18:45:00Z,2026-07-30T20:45:00+0200,221.71,EUR/MWh,DE,DE_LU,day_ahead_price,value,2026-08-04T01:03:53Z
2026-08-04T00:59:54Z,2026-08-04T02:59:54+0200,e971b95d-ef8c-4c78-99a5-54bbb479ab9f,2026-07-30T19:00:00Z,2026-07-30T21:00:00+0200,218.14,EUR/MWh,DE,DE_LU,day_ahead_price,value,2026-08-04T01:03:53Z
2026-08-04T00:59:54Z,2026-08-04T02:59:54+0200,e971b95d-ef8c-4c78-99a5-54bbb479ab9f,2026-07-30T19:15:00Z,2026-07-30T21:15:00+0200,212.28,EUR/MWh,DE,DE_LU,day_ahead_price,value,2026-08-04T01:03:53Z
2026-08-04T00:59:54Z,2026-08-04T02:59:54+0200,e971b95d-ef8c-4c78-99a5-54bbb479ab9f,2026-07-30T19:30:00Z,2026-07-30T21:30:00+0200,203.9,EUR/MWh,DE,DE_LU,day_ahead_price,value,2026-08-04T01:03:53Z
2026-08-04T00:59:54Z,2026-08-04T02:59:54+0200,e971b95d-ef8c-4c78-99a5-54bbb479ab9f,2026-07-30T19:45:00Z,2026-07-30T21:45:00+0200,193.8,EUR/MWh,DE,DE_LU,day_ahead_price,value,2026-08-04T01:03:53Z
2026-08-04T00:59:54Z,2026-08-04T02:59:54+0200,e971b95d-ef8c-4c78-99a5-54bbb479ab9f,2026-07-30T20:00:00Z,2026-07-30T22:00:00+0200,201.3,EUR/MWh,DE,DE_LU,day_ahead_price,value,2026-08-04T01:03:53Z
2026-08-04T00:59:54Z,2026-08-04T02:59:54+0200,e971b95d-ef8c-4c78-99a5-54bbb479ab9f,2026-07-30T20:15:00Z,2026-07-30T22:15:00+0200,194.09,EUR/MWh,DE,DE_LU,day_ahead_price,value,2026-08-04T01:03:53Z
2026-08-04T00:59:54Z,2026-08-04T02:59:54+0200,e971b95d-ef8c-4c78-99a5-54bbb479ab9f,2026-07-30T20:30:00Z,2026-07-30T22:30:00+0200,187.25,EUR/MWh,DE,DE_LU,day_ahead_price,value,2026-08-04T01:03:53Z
2026-08-04T00:59:54Z,2026-08-04T02:59:54+0200,e971b95d-ef8c-4c78-99a5-54bbb479ab9f,2026-07-30T20:45:00Z,2026-07-30T22:45:00+0200,178.55,EUR/MWh,DE,DE_LU,day_ahead_price,value,2026-08-04T01:03:53Z
2026-08-04T00:59:54Z,2026-08-04T02:59:54+0200,e971b95d-ef8c-4c78-99a5-54bbb479ab9f,2026-07-30T21:00:00Z,2026-07-30T23:00:00+0200,181.29,EUR/MWh,DE,DE_LU,day_ahead_price,value,2026-08-04T01:03:53Z
2026-08-04T00:59:54Z,2026-08-04T02:59:54+0200,e971b95d-ef8c-4c78-99a5-54bbb479ab9f,2026-07-30T21:15:00Z,2026-07-30T23:15:00+0200,172.65,EUR/MWh,DE,DE_LU,day_ahead_price,value,2026-08-04T01:03:53Z
2026-08-04T00:59:54Z,2026-08-04T02:59:54+0200,e971b95d-ef8c-4c78-99a5-54bbb479ab9f,2026-07-30T21:30:00Z,2026-07-30T23:30:00+0200,169.78,EUR/MWh,DE,DE_LU,day_ahead_price,value,2026-08-04T01:03:53Z
2026-08-04T00:59:54Z,2026-08-04T02:59:54+0200,e971b95d-ef8c-4c78-99a5-54bbb479ab9f,2026-07-30T21:45:00Z,2026-07-30T23:45:00+0200,159.6,EUR/MWh,DE,DE_LU,day_ahead_price,value,2026-08-04T01:03:53Z
2026-08-04T00:59:54Z,2026-08-04T02:59:54+0200,e971b95d-ef8c-4c78-99a5-54bbb479ab9f,2026-07-30T22:00:00Z,2026-07-31T00:00:00+0200,177.28,EUR/MWh,DE,DE_LU,day_ahead_price,value,2026-08-04T01:03:53Z
2026-08-04T00:59:54Z,2026-08-04T02:59:54+0200,e971b95d-ef8c-4c78-99a5-54bbb479ab9f,2026-07-30T22:15:00Z,2026-07-31T00:15:00+0200,170.09,EUR/MWh,DE,DE_LU,day_ahead_price,value,2026-08-04T01:03:53Z
2026-08-04T00:59:54Z,2026-08-04T02:59:54+0200,e971b95d-ef8c-4c78-99a5-54bbb479ab9f,2026-07-30T22:30:00Z,2026-07-31T00:30:00+0200,164.6,EUR/MWh,DE,DE_LU,day_ahead_price,value,2026-08-04T01:03:53Z
2026-08-04T00:59:54Z,2026-08-04T02:59:54+0200,e971b95d-ef8c-4c78-99a5-54bbb479ab9f,2026-07-30T22:45:00Z,2026-07-31T00:45:00+0200,160.87,EUR/MWh,DE,DE_LU,day_ahead_price,value,2026-08-04T01:03:53Z
2026-08-04T00:59:54Z,2026-08-04T02:59:54+0200,e971b95d-ef8c-4c78-99a5-54bbb479ab9f,2026-07-30T23:00:00Z,2026-07-31T01:00:00+0200,172.99,EUR/MWh,DE,DE_LU,day_ahead_price,value,2026-08-04T01:03:53Z
2026-08-04T00:59:54Z,2026-08-04T02:59:54+0200,e971b95d-ef8c-4c78-99a5-54bbb479ab9f,2026-07-30T23:15:00Z,2026-07-31T01:15:00+0200,167.17,EUR/MWh,DE,DE_LU,day_ahead_price,value,2026-08-04T01:03:53Z
2026-08-04T00:59:54Z,2026-08-04T02:59:54+0200,e971b95d-ef8c-4c78-99a5-54bbb479ab9f,2026-07-30T23:30:00Z,2026-07-31T01:30:00+0200,157.61,EUR/MWh,DE,DE_LU,day_ahead_price,value,2026-08-04T01:03:53Z
2026-08-04T00:59:54Z,2026-08-04T02:59:54+0200,e971b95d-ef8c-4c78-99a5-54bbb479ab9f,2026-07-30T23:45:00Z,2026-07-31T01:45:00+0200,154.04,EUR/MWh,DE,DE_LU,day_ahead_price,value,2026-08-04T01:03:53Z
2026-08-04T00:59:54Z,2026-08-04T02:59:54+0200,e971b95d-ef8c-4c78-99a5-54bbb479ab9f,2026-07-31T00:00:00Z,2026-07-31T02:00:00+0200,157.15,EUR/MWh,DE,DE_LU,day_ahead_price,value,2026-08-04T01:03:53Z
2026-08-04T00:59:54Z,2026-08-04T02:59:54+0200,e971b95d-ef8c-4c78-99a5-54bbb479ab9f,2026-07-31T00:15:00Z,2026-07-31T02:15:00+0200,154.5,EUR/MWh,DE,DE_LU,day_ahead_price,value,2026-08-04T01:03:53Z
2026-08-04T00:59:54Z,2026-08-04T02:59:54+0200,e971b95d-ef8c-4c78-99a5-54bbb479ab9f,2026-07-31T00:30:00Z,2026-07-31T02:30:00+0200,154.05,EUR/MWh,DE,DE_LU,day_ahead_price,value,2026-08-04T01:03:53Z
2026-08-04T00:59:54Z,2026-08-04T02:59:54+0200,e971b95d-ef8c-4c78-99a5-54bbb479ab9f,2026-07-31T00:45:00Z,2026-07-31T02:45:00+0200,154.94,EUR/MWh,DE,DE_LU,day_ahead_price,value,2026-08-04T01:03:53Z
2026-08-04T00:59:54Z,2026-08-04T02:59:54+0200,e971b95d-ef8c-4c78-99a5-54bbb479ab9f,2026-07-31T01:00:00Z,2026-07-31T03:00:00+0200,153.96,EUR/MWh,DE,DE_LU,day_ahead_price,value,2026-08-04T01:03:53Z
2026-08-04T00:59:54Z,2026-08-04T02:59:54+0200,e971b95d-ef8c-4c78-99a5-54bbb479ab9f,2026-07-31T01:15:00Z,2026-07-31T03:15:00+0200,154.65,EUR/MWh,DE,DE_LU,day_ahead_price,value,2026-08-04T01:03:53Z
2026-08-04T00:59:54Z,2026-08-04T02:59:54+0200,e971b95d-ef8c-4c78-99a5-54bbb479ab9f,2026-07-31T01:30:00Z,2026-07-31T03:30:00+0200,154.01,EUR/MWh,DE,DE_LU,day_ahead_price,value,2026-08-04T01:03:53Z
2026-08-04T00:59:54Z,2026-08-04T02:59:54+0200,e971b95d-ef8c-4c78-99a5-54bbb479ab9f,2026-07-31T01:45:00Z,2026-07-31T03:45:00+0200,154.07,EUR/MWh,DE,DE_LU,day_ahead_price,value,2026-08-04T01:03:53Z
2026-08-04T00:59:54Z,2026-08-04T02:59:54+0200,e971b95d-ef8c-4c78-99a5-54bbb479ab9f,2026-07-31T02:00:00Z,2026-07-31T04:00:00+0200,154.91,EUR/MWh,DE,DE_LU,day_ahead_price,value,2026-08-04T01:03:53Z
2026-08-04T00:59:54Z,2026-08-04T02:59:54+0200,e971b95d-ef8c-4c78-99a5-54bbb479ab9f,2026-07-31T02:15:00Z,2026-07-31T04:15:00+0200,152.67,EUR/MWh,DE,DE_LU,day_ahead_price,value,2026-08-04T01:03:53Z
2026-08-04T00:59:54Z,2026-08-04T02:59:54+0200,e971b95d-ef8c-4c78-99a5-54bbb479ab9f,2026-07-31T02:30:00Z,2026-07-31T04:30:00+0200,156.78,EUR/MWh,DE,DE_LU,day_ahead_price,value,2026-08-04T01:03:53Z
2026-08-04T00:59:54Z,2026-08-04T02:59:54+0200,e971b95d-ef8c-4c78-99a5-54bbb479ab9f,2026-07-31T02:45:00Z,2026-07-31T04:45:00+0200,165.0,EUR/MWh,DE,DE_LU,day_ahead_price,value,2026-08-04T01:03:53Z
2026-08-04T00:59:54Z,2026-08-04T02:59:54+0200,e971b95d-ef8c-4c78-99a5-54bbb479ab9f,2026-07-31T03:00:00Z,2026-07-31T05:00:00+0200,154.3,EUR/MWh,DE,DE_LU,day_ahead_price,value,2026-08-04T01:03:53Z
2026-08-04T00:59:54Z,2026-08-04T02:59:54+0200,e971b95d-ef8c-4c78-99a5-54bbb479ab9f,2026-07-31T03:15:00Z,2026-07-31T05:15:00+0200,159.22,EUR/MWh,DE,DE_LU,day_ahead_price,value,2026-08-04T01:03:53Z
2026-08-04T00:59:54Z,2026-08-04T02:59:54+0200,e971b95d-ef8c-4c78-99a5-54bbb479ab9f,2026-07-31T03:30:00Z,2026-07-31T05:30:00+0200,173.89,EUR/MWh,DE,DE_LU,day_ahead_price,value,2026-08-04T01:03:53Z
2026-08-04T00:59:54Z,2026-08-04T02:59:54+0200,e971b95d-ef8c-4c78-99a5-54bbb479ab9f,2026-07-31T03:45:00Z,2026-07-31T05:45:00+0200,174.64,EUR/MWh,DE,DE_LU,day_ahead_price,value,2026-08-04T01:03:53Z
2026-08-04T00:59:54Z,2026-08-04T02:59:54+0200,e971b95d-ef8c-4c78-99a5-54bbb479ab9f,2026-07-31T04:00:00Z,2026-07-31T06:00:00+0200,172.04,EUR/MWh,DE,DE_LU,day_ahead_price,value,2026-08-04T01:03:53Z
2026-08-04T00:59:54Z,2026-08-04T02:59:54+0200,e971b95d-ef8c-4c78-99a5-54bbb479ab9f,2026-07-31T04:15:00Z,2026-07-31T06:15:00+0200,182.29,EUR/MWh,DE,DE_LU,day_ahead_price,value,2026-08-04T01:03:53Z
2026-08-04T00:59:54Z,2026-08-04T02:59:54+0200,e971b95d-ef8c-4c78-99a5-54bbb479ab9f,2026-07-31T04:30:00Z,2026-07-31T06:30:00+0200,183.6,EUR/MWh,DE,DE_LU,day_ahead_price,value,2026-08-04T01:03:53Z
2026-08-04T00:59:54Z,2026-08-04T02:59:54+0200,e971b95d-ef8c-4c78-99a5-54bbb479ab9f,2026-07-31T04:45:00Z,2026-07-31T06:45:00+0200,178.42,EUR/MWh,DE,DE_LU,day_ahead_price,value,2026-08-04T01:03:53Z
2026-08-04T00:59:54Z,2026-08-04T02:59:54+0200,e971b95d-ef8c-4c78-99a5-54bbb479ab9f,2026-07-31T05:00:00Z,2026-07-31T07:00:00+0200,187.3,EUR/MWh,DE,DE_LU,day_ahead_price,value,2026-08-04T01:03:53Z
2026-08-04T00:59:54Z,2026-08-04T02:59:54+0200,e971b95d-ef8c-4c78-99a5-54bbb479ab9f,2026-07-31T05:15:00Z,2026-07-31T07:15:00+0200,180.0,EUR/MWh,DE,DE_LU,day_ahead_price,value,2026-08-04T01:03:53Z
2026-08-04T00:59:54Z,2026-08-04T02:59:54+0200,e971b95d-ef8c-4c78-99a5-54bbb479ab9f,2026-07-31T05:30:00Z,2026-07-31T07:30:00+0200,172.61,EUR/MWh,DE,DE_LU,day_ahead_price,value,2026-08-04T01:03:53Z
2026-08-04T00:59:54Z,2026-08-04T02:59:54+0200,e971b95d-ef8c-4c78-99a5-54bbb479ab9f,2026-07-31T05:45:00Z,2026-07-31T07:45:00+0200,150.2,EUR/MWh,DE,DE_LU,day_ahead_price,value,2026-08-04T01:03:53Z
2026-08-04T00:59:54Z,2026-08-04T02:59:54+0200,e971b95d-ef8c-4c78-99a5-54bbb479ab9f,2026-07-31T06:00:00Z,2026-07-31T08:00:00+0200,182.6,EUR/MWh,DE,DE_LU,day_ahead_price,value,2026-08-04T01:03:53Z
2026-08-04T00:59:54Z,2026-08-04T02:59:54+0200,e971b95d-ef8c-4c78-99a5-54bbb479ab9f,2026-07-31T06:15:00Z,2026-07-31T08:15:00+0200,170.72,EUR/MWh,DE,DE_LU,day_ahead_price,value,2026-08-04T01:03:53Z
2026-08-04T00:59:54Z,2026-08-04T02:59:54+0200,e971b95d-ef8c-4c78-99a5-54bbb479ab9f,2026-07-31T06:30:00Z,2026-07-31T08:30:00+0200,153.29,EUR/MWh,DE,DE_LU,day_ahead_price,value,2026-08-04T01:03:53Z
2026-08-04T00:59:54Z,2026-08-04T02:59:54+0200,e971b95d-ef8c-4c78-99a5-54bbb479ab9f,2026-07-31T06:45:00Z,2026-07-31T08:45:00+0200,129.7,EUR/MWh,DE,DE_LU,day_ahead_price,value,2026-08-04T01:03:53Z
2026-08-04T00:59:54Z,2026-08-04T02:59:54+0200,e971b95d-ef8c-4c78-99a5-54bbb479ab9f,2026-07-31T07:00:00Z,2026-07-31T09:00:00+0200,159.97,EUR/MWh,DE,DE_LU,day_ahead_price,value,2026-08-04T01:03:53Z
2026-08-04T00:59:54Z,2026-08-04T02:59:54+0200,e971b95d-ef8c-4c78-99a5-54bbb479ab9f,2026-07-31T07:15:00Z,2026-07-31T09:15:00+0200,144.3,EUR/MWh,DE,DE_LU,day_ahead_price,value,2026-08-04T01:03:53Z
2026-08-04T00:59:54Z,2026-08-04T02:59:54+0200,e971b95d-ef8c-4c78-99a5-54bbb479ab9f,2026-07-31T07:30:00Z,2026-07-31T09:30:00+0200,129.15,EUR/MWh,DE,DE_LU,day_ahead_price,value,2026-08-04T01:03:53Z
2026-08-04T00:59:54Z,2026-08-04T02:59:54+0200,e971b95d-ef8c-4c78-99a5-54bbb479ab9f,2026-07-31T07:45:00Z,2026-07-31T09:45:00+0200,124.13,EUR/MWh,DE,DE_LU,day_ahead_price,value,2026-08-04T01:03:53Z
2026-08-04T00:59:54Z,2026-08-04T02:59:54+0200,e971b95d-ef8c-4c78-99a5-54bbb479ab9f,2026-07-31T08:00:00Z,2026-07-31T10:00:00+0200,135.42,EUR/MWh,DE,DE_LU,day_ahead_price,value,2026-08-04T01:03:53Z
2026-08-04T00:59:54Z,2026-08-04T02:59:54+0200,e971b95d-ef8c-4c78-99a5-54bbb479ab9f,2026-07-31T08:15:00Z,2026-07-31T10:15:00+0200,128.59,EUR/MWh,DE,DE_LU,day_ahead_price,value,2026-08-04T01:03:53Z
2026-08-04T00:59:54Z,2026-08-04T02:59:54+0200,e971b95d-ef8c-4c78-99a5-54bbb479ab9f,2026-07-31T08:30:00Z,2026-07-31T10:30:00+0200,112.6,EUR/MWh,DE,DE_LU,day_ahead_price,value,2026-08-04T01:03:53Z
2026-08-04T00:59:54Z,2026-08-04T02:59:54+0200,e971b95d-ef8c-4c78-99a5-54bbb479ab9f,2026-07-31T08:45:00Z,2026-07-31T10:45:00+0200,101.81,EUR/MWh,DE,DE_LU,day_ahead_price,value,2026-08-04T01:03:53Z
2026-08-04T00:59:54Z,2026-08-04T02:59:54+0200,e971b95d-ef8c-4c78-99a5-54bbb479ab9f,2026-07-31T09:00:00Z,2026-07-31T11:00:00+0200,113.8,EUR/MWh,DE,DE_LU,day_ahead_price,value,2026-08-04T01:03:53Z
2026-08-04T00:59:54Z,2026-08-04T02:59:54+0200,e971b95d-ef8c-4c78-99a5-54bbb479ab9f,2026-07-31T09:15:00Z,2026-07-31T11:15:00+0200,99.94,EUR/MWh,DE,DE_LU,day_ahead_price,value,2026-08-04T01:03:53Z
2026-08-04T00:59:54Z,2026-08-04T02:59:54+0200,e971b95d-ef8c-4c78-99a5-54bbb479ab9f,2026-07-31T09:30:00Z,2026-07-31T11:30:00+0200,98.75,EUR/MWh,DE,DE_LU,day_ahead_price,value,2026-08-04T01:03:53Z
2026-08-04T00:59:54Z,2026-08-04T02:59:54+0200,e971b95d-ef8c-4c78-99a5-54bbb479ab9f,2026-07-31T09:45:00Z,2026-07-31T11:45:00+0200,92.19,EUR/MWh,DE,DE_LU,day_ahead_price,value,2026-08-04T01:03:53Z
2026-08-04T00:59:54Z,2026-08-04T02:59:54+0200,e971b95d-ef8c-4c78-99a5-54bbb479ab9f,2026-07-31T10:00:00Z,2026-07-31T12:00:00+0200,97.71,EUR/MWh,DE,DE_LU,day_ahead_price,value,2026-08-04T01:03:53Z
2026-08-04T00:59:54Z,2026-08-04T02:59:54+0200,e971b95d-ef8c-4c78-99a5-54bbb479ab9f,2026-07-31T10:15:00Z,2026-07-31T12:15:00+0200,95.74,EUR/MWh,DE,DE_LU,day_ahead_price,value,2026-08-04T01:03:53Z
2026-08-04T00:59:54Z,2026-08-04T02:59:54+0200,e971b95d-ef8c-4c78-99a5-54bbb479ab9f,2026-07-31T10:30:00Z,2026-07-31T12:30:00+0200,96.03,EUR/MWh,DE,DE_LU,day_ahead_price,value,2026-08-04T01:03:53Z
2026-08-04T00:59:54Z,2026-08-04T02:59:54+0200,e971b95d-ef8c-4c78-99a5-54bbb479ab9f,2026-07-31T10:45:00Z,2026-07-31T12:45:00+0200,86.99,EUR/MWh,DE,DE_LU,day_ahead_price,value,2026-08-04T01:03:53Z
2026-08-04T00:59:54Z,2026-08-04T02:59:54+0200,e971b95d-ef8c-4c78-99a5-54bbb479ab9f,2026-07-31T11:00:00Z,2026-07-31T13:00:00+0200,85.01,EUR/MWh,DE,DE_LU,day_ahead_price,value,2026-08-04T01:03:53Z
2026-08-04T00:59:54Z,2026-08-04T02:59:54+0200,e971b95d-ef8c-4c78-99a5-54bbb479ab9f,2026-07-31T11:15:00Z,2026-07-31T13:15:00+0200,84.46,EUR/MWh,DE,DE_LU,day_ahead_price,value,2026-08-04T01:03:53Z
2026-08-04T00:59:54Z,2026-08-04T02:59:54+0200,e971b95d-ef8c-4c78-99a5-54bbb479ab9f,2026-07-31T11:30:00Z,2026-07-31T13:30:00+0200,82.25,EUR/MWh,DE,DE_LU,day_ahead_price,value,2026-08-04T01:03:53Z
2026-08-04T00:59:54Z,2026-08-04T02:59:54+0200,e971b95d-ef8c-4c78-99a5-54bbb479ab9f,2026-07-31T11:45:00Z,2026-07-31T13:45:00+0200,81.35,EUR/MWh,DE,DE_LU,day_ahead_price,value,2026-08-04T01:03:53Z
2026-08-04T00:59:54Z,2026-08-04T02:59:54+0200,e971b95d-ef8c-4c78-99a5-54bbb479ab9f,2026-07-31T12:00:00Z,2026-07-31T14:00:00+0200,80.4,EUR/MWh,DE,DE_LU,day_ahead_price,value,2026-08-04T01:03:53Z
2026-08-04T00:59:54Z,2026-08-04T02:59:54+0200,e971b95d-ef8c-4c78-99a5-54bbb479ab9f,2026-07-31T12:15:00Z,2026-07-31T14:15:00+0200,81.99,EUR/MWh,DE,DE_LU,day_ahead_price,value,2026-08-04T01:03:53Z
2026-08-04T00:59:54Z,2026-08-04T02:59:54+0200,e971b95d-ef8c-4c78-99a5-54bbb479ab9f,2026-07-31T12:30:00Z,2026-07-31T14:30:00+0200,87.81,EUR/MWh,DE,DE_LU,day_ahead_price,value,2026-08-04T01:03:53Z
2026-08-04T00:59:54Z,2026-08-04T02:59:54+0200,e971b95d-ef8c-4c78-99a5-54bbb479ab9f,2026-07-31T12:45:00Z,2026-07-31T14:45:00+0200,94.94,EUR/MWh,DE,DE_LU,day_ahead_price,value,2026-08-04T01:03:53Z
2026-08-04T00:59:54Z,2026-08-04T02:59:54+0200,e971b95d-ef8c-4c78-99a5-54bbb479ab9f,2026-07-31T13:00:00Z,2026-07-31T15:00:00+0200,90.11,EUR/MWh,DE,DE_LU,day_ahead_price,value,2026-08-04T01:03:53Z
2026-08-04T00:59:54Z,2026-08-04T02:59:54+0200,e971b95d-ef8c-4c78-99a5-54bbb479ab9f,2026-07-31T13:15:00Z,2026-07-31T15:15:00+0200,98.77,EUR/MWh,DE,DE_LU,day_ahead_price,value,2026-08-04T01:03:53Z
2026-08-04T00:59:54Z,2026-08-04T02:59:54+0200,e971b95d-ef8c-4c78-99a5-54bbb479ab9f,2026-07-31T13:30:00Z,2026-07-31T15:30:00+0200,104.72,EUR/MWh,DE,DE_LU,day_ahead_price,value,2026-08-04T01:03:53Z
2026-08-04T00:59:54Z,2026-08-04T02:59:54+0200,e971b95d-ef8c-4c78-99a5-54bbb479ab9f,2026-07-31T13:45:00Z,2026-07-31T15:45:00+0200,118.94,EUR/MWh,DE,DE_LU,day_ahead_price,value,2026-08-04T01:03:53Z
2026-08-04T00:59:54Z,2026-08-04T02:59:54+0200,e971b95d-ef8c-4c78-99a5-54bbb479ab9f,2026-07-31T14:00:00Z,2026-07-31T16:00:00+0200,110.0,EUR/MWh,DE,DE_LU,day_ahead_price,value,2026-08-04T01:03:53Z
2026-08-04T00:59:54Z,2026-08-04T02:59:54+0200,e971b95d-ef8c-4c78-99a5-54bbb479ab9f,2026-07-31T14:15:00Z,2026-07-31T16:15:00+0200,113.67,EUR/MWh,DE,DE_LU,day_ahead_price,value,2026-08-04T01:03:53Z
2026-08-04T00:59:54Z,2026-08-04T02:59:54+0200,e971b95d-ef8c-4c78-99a5-54bbb479ab9f,2026-07-31T14:30:00Z,2026-07-31T16:30:00+0200,123.8,EUR/MWh,DE,DE_LU,day_ahead_price,value,2026-08-04T01:03:53Z
2026-08-04T00:59:54Z,2026-08-04T02:59:54+0200,e971b95d-ef8c-4c78-99a5-54bbb479ab9f,2026-07-31T14:45:00Z,2026-07-31T16:45:00+0200,135.99,EUR/MWh,DE,DE_LU,day_ahead_price,value,2026-08-04T01:03:53Z
2026-08-04T00:59:54Z,2026-08-04T02:59:54+0200,e971b95d-ef8c-4c78-99a5-54bbb479ab9f,2026-07-31T15:00:00Z,2026-07-31T17:00:00+0200,123.97,EUR/MWh,DE,DE_LU,day_ahead_price,value,2026-08-04T01:03:53Z
2026-08-04T00:59:54Z,2026-08-04T02:59:54+0200,e971b95d-ef8c-4c78-99a5-54bbb479ab9f,2026-07-31T15:15:00Z,2026-07-31T17:15:00+0200,135.07,EUR/MWh,DE,DE_LU,day_ahead_price,value,2026-08-04T01:03:53Z
2026-08-04T00:59:54Z,2026-08-04T02:59:54+0200,e971b95d-ef8c-4c78-99a5-54bbb479ab9f,2026-07-31T15:30:00Z,2026-07-31T17:30:00+0200,164.01,EUR/MWh,DE,DE_LU,day_ahead_price,value,2026-08-04T01:03:53Z
2026-08-04T00:59:54Z,2026-08-04T02:59:54+0200,e971b95d-ef8c-4c78-99a5-54bbb479ab9f,2026-07-31T15:45:00Z,2026-07-31T17:45:00+0200,166.92,EUR/MWh,DE,DE_LU,day_ahead_price,value,2026-08-04T01:03:53Z
2026-08-04T00:59:54Z,2026-08-04T02:59:54+0200,e971b95d-ef8c-4c78-99a5-54bbb479ab9f,2026-07-31T16:00:00Z,2026-07-31T18:00:00+0200,140.45,EUR/MWh,DE,DE_LU,day_ahead_price,value,2026-08-04T01:03:53Z
2026-08-04T00:59:54Z,2026-08-04T02:59:54+0200,e971b95d-ef8c-4c78-99a5-54bbb479ab9f,2026-07-31T16:15:00Z,2026-07-31T18:15:00+0200,160.29,EUR/MWh,DE,DE_LU,day_ahead_price,value,2026-08-04T01:03:53Z
2026-08-04T00:59:54Z,2026-08-04T02:59:54+0200,e971b95d-ef8c-4c78-99a5-54bbb479ab9f,2026-07-31T16:30:00Z,2026-07-31T18:30:00+0200,168.14,EUR/MWh,DE,DE_LU,day_ahead_price,value,2026-08-04T01:03:53Z
2026-08-04T00:59:54Z,2026-08-04T02:59:54+0200,e971b95d-ef8c-4c78-99a5-54bbb479ab9f,2026-07-31T16:45:00Z,2026-07-31T18:45:00+0200,180.35,EUR/MWh,DE,DE_LU,day_ahead_price,value,2026-08-04T01:03:53Z
2026-08-04T00:59:54Z,2026-08-04T02:59:54+0200,e971b95d-ef8c-4c78-99a5-54bbb479ab9f,2026-07-31T17:00:00Z,2026-07-31T19:00:00+0200,165.01,EUR/MWh,DE,DE_LU,day_ahead_price,value,2026-08-04T01:03:53Z
2026-08-04T00:59:54Z,2026-08-04T02:59:54+0200,e971b95d-ef8c-4c78-99a5-54bbb479ab9f,2026-07-31T17:15:00Z,2026-07-31T19:15:00+0200,177.8,EUR/MWh,DE,DE_LU,day_ahead_price,value,2026-08-04T01:03:53Z
2026-08-04T00:59:54Z,2026-08-04T02:59:54+0200,e971b95d-ef8c-4c78-99a5-54bbb479ab9f,2026-07-31T17:30:00Z,2026-07-31T19:30:00+0200,192.93,EUR/MWh,DE,DE_LU,day_ahead_price,value,2026-08-04T01:03:53Z
2026-08-04T00:59:54Z,2026-08-04T02:59:54+0200,e971b95d-ef8c-4c78-99a5-54bbb479ab9f,2026-07-31T17:45:00Z,2026-07-31T19:45:00+0200,203.8,EUR/MWh,DE,DE_LU,day_ahead_price,value,2026-08-04T01:03:53Z
2026-08-04T00:59:54Z,2026-08-04T02:59:54+0200,e971b95d-ef8c-4c78-99a5-54bbb479ab9f,2026-07-31T18:00:00Z,2026-07-31T20:00:00+0200,184.96,EUR/MWh,DE,DE_LU,day_ahead_price,value,2026-08-04T01:03:53Z
2026-08-04T00:59:54Z,2026-08-04T02:59:54+0200,e971b95d-ef8c-4c78-99a5-54bbb479ab9f,2026-07-31T18:15:00Z,2026-07-31T20:15:00+0200,190.66,EUR/MWh,DE,DE_LU,day_ahead_price,value,2026-08-04T01:03:53Z
2026-08-04T00:59:54Z,2026-08-04T02:59:54+0200,e971b95d-ef8c-4c78-99a5-54bbb479ab9f,2026-07-31T18:30:00Z,2026-07-31T20:30:00+0200,196.27,EUR/MWh,DE,DE_LU,day_ahead_price,value,2026-08-04T01:03:53Z
2026-08-04T00:59:54Z,2026-08-04T02:59:54+0200,e971b95d-ef8c-4c78-99a5-54bbb479ab9f,2026-07-31T18:45:00Z,2026-07-31T20:45:00+0200,199.07,EUR/MWh,DE,DE_LU,day_ahead_price,value,2026-08-04T01:03:53Z
2026-08-04T00:59:54Z,2026-08-04T02:59:54+0200,e971b95d-ef8c-4c78-99a5-54bbb479ab9f,2026-07-31T19:00:00Z,2026-07-31T21:00:00+0200,192.09,EUR/MWh,DE,DE_LU,day_ahead_price,value,2026-08-04T01:03:53Z
2026-08-04T00:59:54Z,2026-08-04T02:59:54+0200,e971b95d-ef8c-4c78-99a5-54bbb479ab9f,2026-07-31T19:15:00Z,2026-07-31T21:15:00+0200,193.75,EUR/MWh,DE,DE_LU,day_ahead_price,value,2026-08-04T01:03:53Z
2026-08-04T00:59:54Z,2026-08-04T02:59:54+0200,e971b95d-ef8c-4c78-99a5-54bbb479ab9f,2026-07-31T19:30:00Z,2026-07-31T21:30:00+0200,197.33,EUR/MWh,DE,DE_LU,day_ahead_price,value,2026-08-04T01:03:53Z
2026-08-04T00:59:54Z,2026-08-04T02:59:54+0200,e971b95d-ef8c-4c78-99a5-54bbb479ab9f,2026-07-31T19:45:00Z,2026-07-31T21:45:00+0200,199.39,EUR/MWh,DE,DE_LU,day_ahead_price,value,2026-08-04T01:03:53Z
2026-08-04T00:59:54Z,2026-08-04T02:59:54+0200,e971b95d-ef8c-4c78-99a5-54bbb479ab9f,2026-07-31T20:00:00Z,2026-07-31T22:00:00+0200,204.05,EUR/MWh,DE,DE_LU,day_ahead_price,value,2026-08-04T01:03:53Z
2026-08-04T00:59:54Z,2026-08-04T02:59:54+0200,e971b95d-ef8c-4c78-99a5-54bbb479ab9f,2026-07-31T20:15:00Z,2026-07-31T22:15:00+0200,201.34,EUR/MWh,DE,DE_LU,day_ahead_price,value,2026-08-04T01:03:53Z
2026-08-04T00:59:54Z,2026-08-04T02:59:54+0200,e971b95d-ef8c-4c78-99a5-54bbb479ab9f,2026-07-31T20:30:00Z,2026-07-31T22:30:00+0200,184.12,EUR/MWh,DE,DE_LU,day_ahead_price,value,2026-08-04T01:03:53Z
2026-08-04T00:59:54Z,2026-08-04T02:59:54+0200,e971b95d-ef8c-4c78-99a5-54bbb479ab9f,2026-07-31T20:45:00Z,2026-07-31T22:45:00+0200,175.01,EUR/MWh,DE,DE_LU,day_ahead_price,value,2026-08-04T01:03:53Z
2026-08-04T00:59:54Z,2026-08-04T02:59:54+0200,e971b95d-ef8c-4c78-99a5-54bbb479ab9f,2026-07-31T21:00:00Z,2026-07-31T23:00:00+0200,178.22,EUR/MWh,DE,DE_LU,day_ahead_price,value,2026-08-04T01:03:53Z
2026-08-04T00:59:54Z,2026-08-04T02:59:54+0200,e971b95d-ef8c-4c78-99a5-54bbb479ab9f,2026-07-31T21:15:00Z,2026-07-31T23:15:00+0200,169.88,EUR/MWh,DE,DE_LU,day_ahead_price,value,2026-08-04T01:03:53Z
2026-08-04T00:59:54Z,2026-08-04T02:59:54+0200,e971b95d-ef8c-4c78-99a5-54bbb479ab9f,2026-07-31T21:30:00Z,2026-07-31T23:30:00+0200,167.36,EUR/MWh,DE,DE_LU,day_ahead_price,value,2026-08-04T01:03:53Z
2026-08-04T00:59:54Z,2026-08-04T02:59:54+0200,e971b95d-ef8c-4c78-99a5-54bbb479ab9f,2026-07-31T21:45:00Z,2026-07-31T23:45:00+0200,165.13,EUR/MWh,DE,DE_LU,day_ahead_price,value,2026-08-04T01:03:53Z
2026-08-04T00:59:54Z,2026-08-04T02:59:54+0200,e971b95d-ef8c-4c78-99a5-54bbb479ab9f,2026-07-31T22:00:00Z,2026-08-01T00:00:00+0200,183.75,EUR/MWh,DE,DE_LU,day_ahead_price,value,2026-08-04T01:03:53Z
2026-08-04T00:59:54Z,2026-08-04T02:59:54+0200,e971b95d-ef8c-4c78-99a5-54bbb479ab9f,2026-07-31T22:15:00Z,2026-08-01T00:15:00+0200,173.56,EUR/MWh,DE,DE_LU,day_ahead_price,value,2026-08-04T01:03:53Z
2026-08-04T00:59:54Z,2026-08-04T02:59:54+0200,e971b95d-ef8c-4c78-99a5-54bbb479ab9f,2026-07-31T22:30:00Z,2026-08-01T00:30:00+0200,164.44,EUR/MWh,DE,DE_LU,day_ahead_price,value,2026-08-04T01:03:53Z
2026-08-04T00:59:54Z,2026-08-04T02:59:54+0200,e971b95d-ef8c-4c78-99a5-54bbb479ab9f,2026-07-31T22:45:00Z,2026-08-01T00:45:00+0200,156.0,EUR/MWh,DE,DE_LU,day_ahead_price,value,2026-08-04T01:03:53Z
2026-08-04T00:59:54Z,2026-08-04T02:59:54+0200,e971b95d-ef8c-4c78-99a5-54bbb479ab9f,2026-07-31T23:00:00Z,2026-08-01T01:00:00+0200,169.43,EUR/MWh,DE,DE_LU,day_ahead_price,value,2026-08-04T01:03:53Z
2026-08-04T00:59:54Z,2026-08-04T02:59:54+0200,e971b95d-ef8c-4c78-99a5-54bbb479ab9f,2026-07-31T23:15:00Z,2026-08-01T01:15:00+0200,166.63,EUR/MWh,DE,DE_LU,day_ahead_price,value,2026-08-04T01:03:53Z
2026-08-04T00:59:54Z,2026-08-04T02:59:54+0200,e971b95d-ef8c-4c78-99a5-54bbb479ab9f,2026-07-31T23:30:00Z,2026-08-01T01:30:00+0200,157.66,EUR/MWh,DE,DE_LU,day_ahead_price,value,2026-08-04T01:03:53Z
2026-08-04T00:59:54Z,2026-08-04T02:59:54+0200,e971b95d-ef8c-4c78-99a5-54bbb479ab9f,2026-07-31T23:45:00Z,2026-08-01T01:45:00+0200,156.91,EUR/MWh,DE,DE_LU,day_ahead_price,value,2026-08-04T01:03:53Z
2026-08-04T00:59:54Z,2026-08-04T02:59:54+0200,e971b95d-ef8c-4c78-99a5-54bbb479ab9f,2026-08-01T00:00:00Z,2026-08-01T02:00:00+0200,160.91,EUR/MWh,DE,DE_LU,day_ahead_price,value,2026-08-04T01:03:53Z
2026-08-04T00:59:54Z,2026-08-04T02:59:54+0200,e971b95d-ef8c-4c78-99a5-54bbb479ab9f,2026-08-01T00:15:00Z,2026-08-01T02:15:00+0200,159.09,EUR/MWh,DE,DE_LU,day_ahead_price,value,2026-08-04T01:03:53Z
2026-08-04T00:59:54Z,2026-08-04T02:59:54+0200,e971b95d-ef8c-4c78-99a5-54bbb479ab9f,2026-08-01T00:30:00Z,2026-08-01T02:30:00+0200,155.88,EUR/MWh,DE,DE_LU,day_ahead_price,value,2026-08-04T01:03:53Z
2026-08-04T00:59:54Z,2026-08-04T02:59:54+0200,e971b95d-ef8c-4c78-99a5-54bbb479ab9f,2026-08-01T00:45:00Z,2026-08-01T02:45:00+0200,152.1,EUR/MWh,DE,DE_LU,day_ahead_price,value,2026-08-04T01:03:53Z
2026-08-04T00:59:54Z,2026-08-04T02:59:54+0200,e971b95d-ef8c-4c78-99a5-54bbb479ab9f,2026-08-01T01:00:00Z,2026-08-01T03:00:00+0200,157.01,EUR/MWh,DE,DE_LU,day_ahead_price,value,2026-08-04T01:03:53Z
2026-08-04T00:59:54Z,2026-08-04T02:59:54+0200,e971b95d-ef8c-4c78-99a5-54bbb479ab9f,2026-08-01T01:15:00Z,2026-08-01T03:15:00+0200,153.37,EUR/MWh,DE,DE_LU,day_ahead_price,value,2026-08-04T01:03:53Z
2026-08-04T00:59:54Z,2026-08-04T02:59:54+0200,e971b95d-ef8c-4c78-99a5-54bbb479ab9f,2026-08-01T01:30:00Z,2026-08-01T03:30:00+0200,155.0,EUR/MWh,DE,DE_LU,day_ahead_price,value,2026-08-04T01:03:53Z
2026-08-04T00:59:54Z,2026-08-04T02:59:54+0200,e971b95d-ef8c-4c78-99a5-54bbb479ab9f,2026-08-01T01:45:00Z,2026-08-01T03:45:00+0200,153.05,EUR/MWh,DE,DE_LU,day_ahead_price,value,2026-08-04T01:03:53Z
2026-08-04T00:59:54Z,2026-08-04T02:59:54+0200,e971b95d-ef8c-4c78-99a5-54bbb479ab9f,2026-08-01T02:00:00Z,2026-08-01T04:00:00+0200,154.91,EUR/MWh,DE,DE_LU,day_ahead_price,value,2026-08-04T01:03:53Z
2026-08-04T00:59:54Z,2026-08-04T02:59:54+0200,e971b95d-ef8c-4c78-99a5-54bbb479ab9f,2026-08-01T02:15:00Z,2026-08-01T04:15:00+0200,158.34,EUR/MWh,DE,DE_LU,day_ahead_price,value,2026-08-04T01:03:53Z
2026-08-04T00:59:54Z,2026-08-04T02:59:54+0200,e971b95d-ef8c-4c78-99a5-54bbb479ab9f,2026-08-01T02:30:00Z,2026-08-01T04:30:00+0200,153.54,EUR/MWh,DE,DE_LU,day_ahead_price,value,2026-08-04T01:03:53Z
2026-08-04T00:59:54Z,2026-08-04T02:59:54+0200,e971b95d-ef8c-4c78-99a5-54bbb479ab9f,2026-08-01T02:45:00Z,2026-08-01T04:45:00+0200,151.3,EUR/MWh,DE,DE_LU,day_ahead_price,value,2026-08-04T01:03:53Z
2026-08-04T00:59:54Z,2026-08-04T02:59:54+0200,e971b95d-ef8c-4c78-99a5-54bbb479ab9f,2026-08-01T03:00:00Z,2026-08-01T05:00:00+0200,152.78,EUR/MWh,DE,DE_LU,day_ahead_price,value,2026-08-04T01:03:53Z
2026-08-04T00:59:54Z,2026-08-04T02:59:54+0200,e971b95d-ef8c-4c78-99a5-54bbb479ab9f,2026-08-01T03:15:00Z,2026-08-01T05:15:00+0200,157.0,EUR/MWh,DE,DE_LU,day_ahead_price,value,2026-08-04T01:03:53Z
2026-08-04T00:59:54Z,2026-08-04T02:59:54+0200,e971b95d-ef8c-4c78-99a5-54bbb479ab9f,2026-08-01T03:30:00Z,2026-08-01T05:30:00+0200,155.47,EUR/MWh,DE,DE_LU,day_ahead_price,value,2026-08-04T01:03:53Z
2026-08-04T00:59:54Z,2026-08-04T02:59:54+0200,e971b95d-ef8c-4c78-99a5-54bbb479ab9f,2026-08-01T03:45:00Z,2026-08-01T05:45:00+0200,156.82,EUR/MWh,DE,DE_LU,day_ahead_price,value,2026-08-04T01:03:53Z
2026-08-04T00:59:54Z,2026-08-04T02:59:54+0200,e971b95d-ef8c-4c78-99a5-54bbb479ab9f,2026-08-01T04:00:00Z,2026-08-01T06:00:00+0200,160.52,EUR/MWh,DE,DE_LU,day_ahead_price,value,2026-08-04T01:03:53Z
2026-08-04T00:59:54Z,2026-08-04T02:59:54+0200,e971b95d-ef8c-4c78-99a5-54bbb479ab9f,2026-08-01T04:15:00Z,2026-08-01T06:15:00+0200,156.94,EUR/MWh,DE,DE_LU,day_ahead_price,value,2026-08-04T01:03:53Z
2026-08-04T00:59:54Z,2026-08-04T02:59:54+0200,e971b95d-ef8c-4c78-99a5-54bbb479ab9f,2026-08-01T04:30:00Z,2026-08-01T06:30:00+0200,151.9,EUR/MWh,DE,DE_LU,day_ahead_price,value,2026-08-04T01:03:53Z
2026-08-04T00:59:54Z,2026-08-04T02:59:54+0200,e971b95d-ef8c-4c78-99a5-54bbb479ab9f,2026-08-01T04:45:00Z,2026-08-01T06:45:00+0200,149.8,EUR/MWh,DE,DE_LU,day_ahead_price,value,2026-08-04T01:03:53Z
2026-08-04T00:59:54Z,2026-08-04T02:59:54+0200,e971b95d-ef8c-4c78-99a5-54bbb479ab9f,2026-08-01T05:00:00Z,2026-08-01T07:00:00+0200,162.96,EUR/MWh,DE,DE_LU,day_ahead_price,value,2026-08-04T01:03:53Z
2026-08-04T00:59:54Z,2026-08-04T02:59:54+0200,e971b95d-ef8c-4c78-99a5-54bbb479ab9f,2026-08-01T05:15:00Z,2026-08-01T07:15:00+0200,147.0,EUR/MWh,DE,DE_LU,day_ahead_price,value,2026-08-04T01:03:53Z
2026-08-04T00:59:54Z,2026-08-04T02:59:54+0200,e971b95d-ef8c-4c78-99a5-54bbb479ab9f,2026-08-01T05:30:00Z,2026-08-01T07:30:00+0200,141.73,EUR/MWh,DE,DE_LU,day_ahead_price,value,2026-08-04T01:03:53Z
2026-08-04T00:59:54Z,2026-08-04T02:59:54+0200,e971b95d-ef8c-4c78-99a5-54bbb479ab9f,2026-08-01T05:45:00Z,2026-08-01T07:45:00+0200,134.0,EUR/MWh,DE,DE_LU,day_ahead_price,value,2026-08-04T01:03:53Z
2026-08-04T00:59:54Z,2026-08-04T02:59:54+0200,e971b95d-ef8c-4c78-99a5-54bbb479ab9f,2026-08-01T06:00:00Z,2026-08-01T08:00:00+0200,160.86,EUR/MWh,DE,DE_LU,day_ahead_price,value,2026-08-04T01:03:53Z
2026-08-04T00:59:54Z,2026-08-04T02:59:54+0200,e971b95d-ef8c-4c78-99a5-54bbb479ab9f,2026-08-01T06:15:00Z,2026-08-01T08:15:00+0200,143.7,EUR/MWh,DE,DE_LU,day_ahead_price,value,2026-08-04T01:03:53Z
2026-08-04T00:59:54Z,2026-08-04T02:59:54+0200,e971b95d-ef8c-4c78-99a5-54bbb479ab9f,2026-08-01T06:30:00Z,2026-08-01T08:30:00+0200,133.18,EUR/MWh,DE,DE_LU,day_ahead_price,value,2026-08-04T01:03:53Z
2026-08-04T00:59:54Z,2026-08-04T02:59:54+0200,e971b95d-ef8c-4c78-99a5-54bbb479ab9f,2026-08-01T06:45:00Z,2026-08-01T08:45:00+0200,123.89,EUR/MWh,DE,DE_LU,day_ahead_price,value,2026-08-04T01:03:53Z
2026-08-04T00:59:54Z,2026-08-04T02:59:54+0200,e971b95d-ef8c-4c78-99a5-54bbb479ab9f,2026-08-01T07:00:00Z,2026-08-01T09:00:00+0200,145.41,EUR/MWh,DE,DE_LU,day_ahead_price,value,2026-08-04T01:03:53Z
2026-08-04T00:59:54Z,2026-08-04T02:59:54+0200,e971b95d-ef8c-4c78-99a5-54bbb479ab9f,2026-08-01T07:15:00Z,2026-08-01T09:15:00+0200,122.44,EUR/MWh,DE,DE_LU,day_ahead_price,value,2026-08-04T01:03:53Z
2026-08-04T00:59:54Z,2026-08-04T02:59:54+0200,e971b95d-ef8c-4c78-99a5-54bbb479ab9f,2026-08-01T07:30:00Z,2026-08-01T09:30:00+0200,117.65,EUR/MWh,DE,DE_LU,day_ahead_price,value,2026-08-04T01:03:53Z
2026-08-04T00:59:54Z,2026-08-04T02:59:54+0200,e971b95d-ef8c-4c78-99a5-54bbb479ab9f,2026-08-01T07:45:00Z,2026-08-01T09:45:00+0200,107.59,EUR/MWh,DE,DE_LU,day_ahead_price,value,2026-08-04T01:03:53Z
2026-08-04T00:59:54Z,2026-08-04T02:59:54+0200,e971b95d-ef8c-4c78-99a5-54bbb479ab9f,2026-08-01T08:00:00Z,2026-08-01T10:00:00+0200,116.41,EUR/MWh,DE,DE_LU,day_ahead_price,value,2026-08-04T01:03:53Z
2026-08-04T00:59:54Z,2026-08-04T02:59:54+0200,e971b95d-ef8c-4c78-99a5-54bbb479ab9f,2026-08-01T08:15:00Z,2026-08-01T10:15:00+0200,104.39,EUR/MWh,DE,DE_LU,day_ahead_price,value,2026-08-04T01:03:53Z
2026-08-04T00:59:54Z,2026-08-04T02:59:54+0200,e971b95d-ef8c-4c78-99a5-54bbb479ab9f,2026-08-01T08:30:00Z,2026-08-01T10:30:00+0200,101.6,EUR/MWh,DE,DE_LU,day_ahead_price,value,2026-08-04T01:03:53Z
2026-08-04T00:59:54Z,2026-08-04T02:59:54+0200,e971b95d-ef8c-4c78-99a5-54bbb479ab9f,2026-08-01T08:45:00Z,2026-08-01T10:45:00+0200,81.29,EUR/MWh,DE,DE_LU,day_ahead_price,value,2026-08-04T01:03:53Z
2026-08-04T00:59:54Z,2026-08-04T02:59:54+0200,e971b95d-ef8c-4c78-99a5-54bbb479ab9f,2026-08-01T09:00:00Z,2026-08-01T11:00:00+0200,83.0,EUR/MWh,DE,DE_LU,day_ahead_price,value,2026-08-04T01:03:53Z
2026-08-04T00:59:54Z,2026-08-04T02:59:54+0200,e971b95d-ef8c-4c78-99a5-54bbb479ab9f,2026-08-01T09:15:00Z,2026-08-01T11:15:00+0200,67.98,EUR/MWh,DE,DE_LU,day_ahead_price,value,2026-08-04T01:03:53Z
2026-08-04T00:59:54Z,2026-08-04T02:59:54+0200,e971b95d-ef8c-4c78-99a5-54bbb479ab9f,2026-08-01T09:30:00Z,2026-08-01T11:30:00+0200,51.16,EUR/MWh,DE,DE_LU,day_ahead_price,value,2026-08-04T01:03:53Z
2026-08-04T00:59:54Z,2026-08-04T02:59:54+0200,e971b95d-ef8c-4c78-99a5-54bbb479ab9f,2026-08-01T09:45:00Z,2026-08-01T11:45:00+0200,26.47,EUR/MWh,DE,DE_LU,day_ahead_price,value,2026-08-04T01:03:53Z
2026-08-04T00:59:54Z,2026-08-04T02:59:54+0200,e971b95d-ef8c-4c78-99a5-54bbb479ab9f,2026-08-01T10:00:00Z,2026-08-01T12:00:00+0200,31.63,EUR/MWh,DE,DE_LU,day_ahead_price,value,2026-08-04T01:03:53Z
2026-08-04T00:59:54Z,2026-08-04T02:59:54+0200,e971b95d-ef8c-4c78-99a5-54bbb479ab9f,2026-08-01T10:15:00Z,2026-08-01T12:15:00+0200,19.62,EUR/MWh,DE,DE_LU,day_ahead_price,value,2026-08-04T01:03:53Z
2026-08-04T00:59:54Z,2026-08-04T02:59:54+0200,e971b95d-ef8c-4c78-99a5-54bbb479ab9f,2026-08-01T10:30:00Z,2026-08-01T12:30:00+0200,11.7,EUR/MWh,DE,DE_LU,day_ahead_price,value,2026-08-04T01:03:53Z
2026-08-04T00:59:54Z,2026-08-04T02:59:54+0200,e971b95d-ef8c-4c78-99a5-54bbb479ab9f,2026-08-01T10:45:00Z,2026-08-01T12:45:00+0200,3.91,EUR/MWh,DE,DE_LU,day_ahead_price,value,2026-08-04T01:03:53Z
2026-08-04T00:59:54Z,2026-08-04T02:59:54+0200,e971b95d-ef8c-4c78-99a5-54bbb479ab9f,2026-08-01T11:00:00Z,2026-08-01T13:00:00+0200,1.63,EUR/MWh,DE,DE_LU,day_ahead_price,value,2026-08-04T01:03:53Z
2026-08-04T00:59:54Z,2026-08-04T02:59:54+0200,e971b95d-ef8c-4c78-99a5-54bbb479ab9f,2026-08-01T11:15:00Z,2026-08-01T13:15:00+0200,0.0,EUR/MWh,DE,DE_LU,day_ahead_price,value,2026-08-04T01:03:53Z
2026-08-04T00:59:54Z,2026-08-04T02:59:54+0200,e971b95d-ef8c-4c78-99a5-54bbb479ab9f,2026-08-01T11:30:00Z,2026-08-01T13:30:00+0200,0.0,EUR/MWh,DE,DE_LU,day_ahead_price,value,2026-08-04T01:03:53Z
2026-08-04T00:59:54Z,2026-08-04T02:59:54+0200,e971b95d-ef8c-4c78-99a5-54bbb479ab9f,2026-08-01T11:45:00Z,2026-08-01T13:45:00+0200,0.0,EUR/MWh,DE,DE_LU,day_ahead_price,value,2026-08-04T01:03:53Z
2026-08-04T00:59:54Z,2026-08-04T02:59:54+0200,e971b95d-ef8c-4c78-99a5-54bbb479ab9f,2026-08-01T12:00:00Z,2026-08-01T14:00:00+0200,0.0,EUR/MWh,DE,DE_LU,day_ahead_price,value,2026-08-04T01:03:53Z
2026-08-04T00:59:54Z,2026-08-04T02:59:54+0200,e971b95d-ef8c-4c78-99a5-54bbb479ab9f,2026-08-01T12:15:00Z,2026-08-01T14:15:00+0200,0.0,EUR/MWh,DE,DE_LU,day_ahead_price,value,2026-08-04T01:03:53Z
2026-08-04T00:59:54Z,2026-08-04T02:59:54+0200,e971b95d-ef8c-4c78-99a5-54bbb479ab9f,2026-08-01T12:30:00Z,2026-08-01T14:30:00+0200,0.0,EUR/MWh,DE,DE_LU,day_ahead_price,value,2026-08-04T01:03:53Z
2026-08-04T00:59:54Z,2026-08-04T02:59:54+0200,e971b95d-ef8c-4c78-99a5-54bbb479ab9f,2026-08-01T12:45:00Z,2026-08-01T14:45:00+0200,0.0,EUR/MWh,DE,DE_LU,day_ahead_price,value,2026-08-04T01:03:53Z
2026-08-04T00:59:54Z,2026-08-04T02:59:54+0200,e971b95d-ef8c-4c78-99a5-54bbb479ab9f,2026-08-01T13:00:00Z,2026-08-01T15:00:00+0200,0.02,EUR/MWh,DE,DE_LU,day_ahead_price,value,2026-08-04T01:03:53Z
2026-08-04T00:59:54Z,2026-08-04T02:59:54+0200,e971b95d-ef8c-4c78-99a5-54bbb479ab9f,2026-08-01T13:15:00Z,2026-08-01T15:15:00+0200,0.29,EUR/MWh,DE,DE_LU,day_ahead_price,value,2026-08-04T01:03:53Z
2026-08-04T00:59:54Z,2026-08-04T02:59:54+0200,e971b95d-ef8c-4c78-99a5-54bbb479ab9f,2026-08-01T13:30:00Z,2026-08-01T15:30:00+0200,2.8,EUR/MWh,DE,DE_LU,day_ahead_price,value,2026-08-04T01:03:53Z
2026-08-04T00:59:54Z,2026-08-04T02:59:54+0200,e971b95d-ef8c-4c78-99a5-54bbb479ab9f,2026-08-01T13:45:00Z,2026-08-01T15:45:00+0200,9.2,EUR/MWh,DE,DE_LU,day_ahead_price,value,2026-08-04T01:03:53Z
2026-08-04T00:59:54Z,2026-08-04T02:59:54+0200,e971b95d-ef8c-4c78-99a5-54bbb479ab9f,2026-08-01T14:00:00Z,2026-08-01T16:00:00+0200,6.5,EUR/MWh,DE,DE_LU,day_ahead_price,value,2026-08-04T01:03:53Z
2026-08-04T00:59:54Z,2026-08-04T02:59:54+0200,e971b95d-ef8c-4c78-99a5-54bbb479ab9f,2026-08-01T14:15:00Z,2026-08-01T16:15:00+0200,24.13,EUR/MWh,DE,DE_LU,day_ahead_price,value,2026-08-04T01:03:53Z
2026-08-04T00:59:54Z,2026-08-04T02:59:54+0200,e971b95d-ef8c-4c78-99a5-54bbb479ab9f,2026-08-01T14:30:00Z,2026-08-01T16:30:00+0200,64.03,EUR/MWh,DE,DE_LU,day_ahead_price,value,2026-08-04T01:03:53Z
2026-08-04T00:59:54Z,2026-08-04T02:59:54+0200,e971b95d-ef8c-4c78-99a5-54bbb479ab9f,2026-08-01T14:45:00Z,2026-08-01T16:45:00+0200,87.41,EUR/MWh,DE,DE_LU,day_ahead_price,value,2026-08-04T01:03:53Z
2026-08-04T00:59:54Z,2026-08-04T02:59:54+0200,e971b95d-ef8c-4c78-99a5-54bbb479ab9f,2026-08-01T15:00:00Z,2026-08-01T17:00:00+0200,87.12,EUR/MWh,DE,DE_LU,day_ahead_price,value,2026-08-04T01:03:53Z
2026-08-04T00:59:54Z,2026-08-04T02:59:54+0200,e971b95d-ef8c-4c78-99a5-54bbb479ab9f,2026-08-01T15:15:00Z,2026-08-01T17:15:00+0200,101.14,EUR/MWh,DE,DE_LU,day_ahead_price,value,2026-08-04T01:03:53Z
2026-08-04T00:59:54Z,2026-08-04T02:59:54+0200,e971b95d-ef8c-4c78-99a5-54bbb479ab9f,2026-08-01T15:30:00Z,2026-08-01T17:30:00+0200,119.08,EUR/MWh,DE,DE_LU,day_ahead_price,value,2026-08-04T01:03:53Z
2026-08-04T00:59:54Z,2026-08-04T02:59:54+0200,e971b95d-ef8c-4c78-99a5-54bbb479ab9f,2026-08-01T15:45:00Z,2026-08-01T17:45:00+0200,122.92,EUR/MWh,DE,DE_LU,day_ahead_price,value,2026-08-04T01:03:53Z
2026-08-04T00:59:54Z,2026-08-04T02:59:54+0200,e971b95d-ef8c-4c78-99a5-54bbb479ab9f,2026-08-01T16:00:00Z,2026-08-01T18:00:00+0200,119.38,EUR/MWh,DE,DE_LU,day_ahead_price,value,2026-08-04T01:03:53Z
2026-08-04T00:59:54Z,2026-08-04T02:59:54+0200,e971b95d-ef8c-4c78-99a5-54bbb479ab9f,2026-08-01T16:15:00Z,2026-08-01T18:15:00+0200,133.0,EUR/MWh,DE,DE_LU,day_ahead_price,value,2026-08-04T01:03:53Z
2026-08-04T00:59:54Z,2026-08-04T02:59:54+0200,e971b95d-ef8c-4c78-99a5-54bbb479ab9f,2026-08-01T16:30:00Z,2026-08-01T18:30:00+0200,160.82,EUR/MWh,DE,DE_LU,day_ahead_price,value,2026-08-04T01:03:53Z
2026-08-04T00:59:54Z,2026-08-04T02:59:54+0200,e971b95d-ef8c-4c78-99a5-54bbb479ab9f,2026-08-01T16:45:00Z,2026-08-01T18:45:00+0200,167.34,EUR/MWh,DE,DE_LU,day_ahead_price,value,2026-08-04T01:03:53Z
2026-08-04T00:59:54Z,2026-08-04T02:59:54+0200,e971b95d-ef8c-4c78-99a5-54bbb479ab9f,2026-08-01T17:00:00Z,2026-08-01T19:00:00+0200,150.92,EUR/MWh,DE,DE_LU,day_ahead_price,value,2026-08-04T01:03:53Z
2026-08-04T00:59:54Z,2026-08-04T02:59:54+0200,e971b95d-ef8c-4c78-99a5-54bbb479ab9f,2026-08-01T17:15:00Z,2026-08-01T19:15:00+0200,160.26,EUR/MWh,DE,DE_LU,day_ahead_price,value,2026-08-04T01:03:53Z
2026-08-04T00:59:54Z,2026-08-04T02:59:54+0200,e971b95d-ef8c-4c78-99a5-54bbb479ab9f,2026-08-01T17:30:00Z,2026-08-01T19:30:00+0200,175.47,EUR/MWh,DE,DE_LU,day_ahead_price,value,2026-08-04T01:03:53Z
2026-08-04T00:59:54Z,2026-08-04T02:59:54+0200,e971b95d-ef8c-4c78-99a5-54bbb479ab9f,2026-08-01T17:45:00Z,2026-08-01T19:45:00+0200,187.49,EUR/MWh,DE,DE_LU,day_ahead_price,value,2026-08-04T01:03:53Z
2026-08-04T00:59:54Z,2026-08-04T02:59:54+0200,e971b95d-ef8c-4c78-99a5-54bbb479ab9f,2026-08-01T18:00:00Z,2026-08-01T20:00:00+0200,174.17,EUR/MWh,DE,DE_LU,day_ahead_price,value,2026-08-04T01:03:53Z
2026-08-04T00:59:54Z,2026-08-04T02:59:54+0200,e971b95d-ef8c-4c78-99a5-54bbb479ab9f,2026-08-01T18:15:00Z,2026-08-01T20:15:00+0200,180.23,EUR/MWh,DE,DE_LU,day_ahead_price,value,2026-08-04T01:03:53Z
2026-08-04T00:59:54Z,2026-08-04T02:59:54+0200,e971b95d-ef8c-4c78-99a5-54bbb479ab9f,2026-08-01T18:30:00Z,2026-08-01T20:30:00+0200,183.4,EUR/MWh,DE,DE_LU,day_ahead_price,value,2026-08-04T01:03:53Z
2026-08-04T00:59:54Z,2026-08-04T02:59:54+0200,e971b95d-ef8c-4c78-99a5-54bbb479ab9f,2026-08-01T18:45:00Z,2026-08-01T20:45:00+0200,186.05,EUR/MWh,DE,DE_LU,day_ahead_price,value,2026-08-04T01:03:53Z
2026-08-04T00:59:54Z,2026-08-04T02:59:54+0200,e971b95d-ef8c-4c78-99a5-54bbb479ab9f,2026-08-01T19:00:00Z,2026-08-01T21:00:00+0200,184.85,EUR/MWh,DE,DE_LU,day_ahead_price,value,2026-08-04T01:03:53Z
2026-08-04T00:59:54Z,2026-08-04T02:59:54+0200,e971b95d-ef8c-4c78-99a5-54bbb479ab9f,2026-08-01T19:15:00Z,2026-08-01T21:15:00+0200,181.6,EUR/MWh,DE,DE_LU,day_ahead_price,value,2026-08-04T01:03:53Z
2026-08-04T00:59:54Z,2026-08-04T02:59:54+0200,e971b95d-ef8c-4c78-99a5-54bbb479ab9f,2026-08-01T19:30:00Z,2026-08-01T21:30:00+0200,182.41,EUR/MWh,DE,DE_LU,day_ahead_price,value,2026-08-04T01:03:53Z
2026-08-04T00:59:54Z,2026-08-04T02:59:54+0200,e971b95d-ef8c-4c78-99a5-54bbb479ab9f,2026-08-01T19:45:00Z,2026-08-01T21:45:00+0200,173.85,EUR/MWh,DE,DE_LU,day_ahead_price,value,2026-08-04T01:03:53Z
2026-08-04T00:59:54Z,2026-08-04T02:59:54+0200,e971b95d-ef8c-4c78-99a5-54bbb479ab9f,2026-08-01T20:00:00Z,2026-08-01T22:00:00+0200,190.2,EUR/MWh,DE,DE_LU,day_ahead_price,value,2026-08-04T01:03:53Z
2026-08-04T00:59:54Z,2026-08-04T02:59:54+0200,e971b95d-ef8c-4c78-99a5-54bbb479ab9f,2026-08-01T20:15:00Z,2026-08-01T22:15:00+0200,179.69,EUR/MWh,DE,DE_LU,day_ahead_price,value,2026-08-04T01:03:53Z
2026-08-04T00:59:54Z,2026-08-04T02:59:54+0200,e971b95d-ef8c-4c78-99a5-54bbb479ab9f,2026-08-01T20:30:00Z,2026-08-01T22:30:00+0200,175.2,EUR/MWh,DE,DE_LU,day_ahead_price,value,2026-08-04T01:03:53Z
2026-08-04T00:59:54Z,2026-08-04T02:59:54+0200,e971b95d-ef8c-4c78-99a5-54bbb479ab9f,2026-08-01T20:45:00Z,2026-08-01T22:45:00+0200,169.1,EUR/MWh,DE,DE_LU,day_ahead_price,value,2026-08-04T01:03:53Z
2026-08-04T00:59:54Z,2026-08-04T02:59:54+0200,e971b95d-ef8c-4c78-99a5-54bbb479ab9f,2026-08-01T21:00:00Z,2026-08-01T23:00:00+0200,172.11,EUR/MWh,DE,DE_LU,day_ahead_price,value,2026-08-04T01:03:53Z
2026-08-04T00:59:54Z,2026-08-04T02:59:54+0200,e971b95d-ef8c-4c78-99a5-54bbb479ab9f,2026-08-01T21:15:00Z,2026-08-01T23:15:00+0200,171.94,EUR/MWh,DE,DE_LU,day_ahead_price,value,2026-08-04T01:03:53Z
2026-08-04T00:59:54Z,2026-08-04T02:59:54+0200,e971b95d-ef8c-4c78-99a5-54bbb479ab9f,2026-08-01T21:30:00Z,2026-08-01T23:30:00+0200,171.23,EUR/MWh,DE,DE_LU,day_ahead_price,value,2026-08-04T01:03:53Z
2026-08-04T00:59:54Z,2026-08-04T02:59:54+0200,e971b95d-ef8c-4c78-99a5-54bbb479ab9f,2026-08-01T21:45:00Z,2026-08-01T23:45:00+0200,164.72,EUR/MWh,DE,DE_LU,day_ahead_price,value,2026-08-04T01:03:53Z
2026-08-04T00:59:54Z,2026-08-04T02:59:54+0200,e971b95d-ef8c-4c78-99a5-54bbb479ab9f,2026-08-01T22:00:00Z,2026-08-02T00:00:00+0200,188.4,EUR/MWh,DE,DE_LU,day_ahead_price,value,2026-08-04T01:03:53Z
2026-08-04T00:59:54Z,2026-08-04T02:59:54+0200,e971b95d-ef8c-4c78-99a5-54bbb479ab9f,2026-08-01T22:15:00Z,2026-08-02T00:15:00+0200,170.98,EUR/MWh,DE,DE_LU,day_ahead_price,value,2026-08-04T01:03:53Z
2026-08-04T00:59:54Z,2026-08-04T02:59:54+0200,e971b95d-ef8c-4c78-99a5-54bbb479ab9f,2026-08-01T22:30:00Z,2026-08-02T00:30:00+0200,161.1,EUR/MWh,DE,DE_LU,day_ahead_price,value,2026-08-04T01:03:53Z
2026-08-04T00:59:54Z,2026-08-04T02:59:54+0200,e971b95d-ef8c-4c78-99a5-54bbb479ab9f,2026-08-01T22:45:00Z,2026-08-02T00:45:00+0200,158.02,EUR/MWh,DE,DE_LU,day_ahead_price,value,2026-08-04T01:03:53Z
2026-08-04T00:59:54Z,2026-08-04T02:59:54+0200,e971b95d-ef8c-4c78-99a5-54bbb479ab9f,2026-08-01T23:00:00Z,2026-08-02T01:00:00+0200,160.86,EUR/MWh,DE,DE_LU,day_ahead_price,value,2026-08-04T01:03:53Z
2026-08-04T00:59:54Z,2026-08-04T02:59:54+0200,e971b95d-ef8c-4c78-99a5-54bbb479ab9f,2026-08-01T23:15:00Z,2026-08-02T01:15:00+0200,156.81,EUR/MWh,DE,DE_LU,day_ahead_price,value,2026-08-04T01:03:53Z
2026-08-04T00:59:54Z,2026-08-04T02:59:54+0200,e971b95d-ef8c-4c78-99a5-54bbb479ab9f,2026-08-01T23:30:00Z,2026-08-02T01:30:00+0200,162.01,EUR/MWh,DE,DE_LU,day_ahead_price,value,2026-08-04T01:03:53Z
2026-08-04T00:59:54Z,2026-08-04T02:59:54+0200,e971b95d-ef8c-4c78-99a5-54bbb479ab9f,2026-08-01T23:45:00Z,2026-08-02T01:45:00+0200,159.98,EUR/MWh,DE,DE_LU,day_ahead_price,value,2026-08-04T01:03:53Z
2026-08-04T00:59:54Z,2026-08-04T02:59:54+0200,e971b95d-ef8c-4c78-99a5-54bbb479ab9f,2026-08-02T00:00:00Z,2026-08-02T02:00:00+0200,158.74,EUR/MWh,DE,DE_LU,day_ahead_price,value,2026-08-04T01:03:53Z
2026-08-04T00:59:54Z,2026-08-04T02:59:54+0200,e971b95d-ef8c-4c78-99a5-54bbb479ab9f,2026-08-02T00:15:00Z,2026-08-02T02:15:00+0200,156.5,EUR/MWh,DE,DE_LU,day_ahead_price,value,2026-08-04T01:03:53Z
2026-08-04T00:59:54Z,2026-08-04T02:59:54+0200,e971b95d-ef8c-4c78-99a5-54bbb479ab9f,2026-08-02T00:30:00Z,2026-08-02T02:30:00+0200,157.31,EUR/MWh,DE,DE_LU,day_ahead_price,value,2026-08-04T01:03:53Z
2026-08-04T00:59:54Z,2026-08-04T02:59:54+0200,e971b95d-ef8c-4c78-99a5-54bbb479ab9f,2026-08-02T00:45:00Z,2026-08-02T02:45:00+0200,154.8,EUR/MWh,DE,DE_LU,day_ahead_price,value,2026-08-04T01:03:53Z
2026-08-04T00:59:54Z,2026-08-04T02:59:54+0200,e971b95d-ef8c-4c78-99a5-54bbb479ab9f,2026-08-02T01:00:00Z,2026-08-02T03:00:00+0200,155.36,EUR/MWh,DE,DE_LU,day_ahead_price,value,2026-08-04T01:03:53Z
2026-08-04T00:59:54Z,2026-08-04T02:59:54+0200,e971b95d-ef8c-4c78-99a5-54bbb479ab9f,2026-08-02T01:15:00Z,2026-08-02T03:15:00+0200,153.75,EUR/MWh,DE,DE_LU,day_ahead_price,value,2026-08-04T01:03:53Z
2026-08-04T00:59:54Z,2026-08-04T02:59:54+0200,e971b95d-ef8c-4c78-99a5-54bbb479ab9f,2026-08-02T01:30:00Z,2026-08-02T03:30:00+0200,153.88,EUR/MWh,DE,DE_LU,day_ahead_price,value,2026-08-04T01:03:53Z
2026-08-04T00:59:54Z,2026-08-04T02:59:54+0200,e971b95d-ef8c-4c78-99a5-54bbb479ab9f,2026-08-02T01:45:00Z,2026-08-02T03:45:00+0200,154.78,EUR/MWh,DE,DE_LU,day_ahead_price,value,2026-08-04T01:03:53Z
2026-08-04T00:59:54Z,2026-08-04T02:59:54+0200,e971b95d-ef8c-4c78-99a5-54bbb479ab9f,2026-08-02T02:00:00Z,2026-08-02T04:00:00+0200,155.01,EUR/MWh,DE,DE_LU,day_ahead_price,value,2026-08-04T01:03:53Z
2026-08-04T00:59:54Z,2026-08-04T02:59:54+0200,e971b95d-ef8c-4c78-99a5-54bbb479ab9f,2026-08-02T02:15:00Z,2026-08-02T04:15:00+0200,153.16,EUR/MWh,DE,DE_LU,day_ahead_price,value,2026-08-04T01:03:53Z
2026-08-04T00:59:54Z,2026-08-04T02:59:54+0200,e971b95d-ef8c-4c78-99a5-54bbb479ab9f,2026-08-02T02:30:00Z,2026-08-02T04:30:00+0200,152.94,EUR/MWh,DE,DE_LU,day_ahead_price,value,2026-08-04T01:03:53Z
2026-08-04T00:59:54Z,2026-08-04T02:59:54+0200,e971b95d-ef8c-4c78-99a5-54bbb479ab9f,2026-08-02T02:45:00Z,2026-08-02T04:45:00+0200,153.26,EUR/MWh,DE,DE_LU,day_ahead_price,value,2026-08-04T01:03:53Z
2026-08-04T00:59:54Z,2026-08-04T02:59:54+0200,e971b95d-ef8c-4c78-99a5-54bbb479ab9f,2026-08-02T03:00:00Z,2026-08-02T05:00:00+0200,159.03,EUR/MWh,DE,DE_LU,day_ahead_price,value,2026-08-04T01:03:53Z
2026-08-04T00:59:54Z,2026-08-04T02:59:54+0200,e971b95d-ef8c-4c78-99a5-54bbb479ab9f,2026-08-02T03:15:00Z,2026-08-02T05:15:00+0200,160.83,EUR/MWh,DE,DE_LU,day_ahead_price,value,2026-08-04T01:03:53Z
2026-08-04T00:59:54Z,2026-08-04T02:59:54+0200,e971b95d-ef8c-4c78-99a5-54bbb479ab9f,2026-08-02T03:30:00Z,2026-08-02T05:30:00+0200,159.73,EUR/MWh,DE,DE_LU,day_ahead_price,value,2026-08-04T01:03:53Z
2026-08-04T00:59:54Z,2026-08-04T02:59:54+0200,e971b95d-ef8c-4c78-99a5-54bbb479ab9f,2026-08-02T03:45:00Z,2026-08-02T05:45:00+0200,157.72,EUR/MWh,DE,DE_LU,day_ahead_price,value,2026-08-04T01:03:53Z
2026-08-04T00:59:54Z,2026-08-04T02:59:54+0200,e971b95d-ef8c-4c78-99a5-54bbb479ab9f,2026-08-02T04:00:00Z,2026-08-02T06:00:00+0200,161.13,EUR/MWh,DE,DE_LU,day_ahead_price,value,2026-08-04T01:03:53Z
2026-08-04T00:59:54Z,2026-08-04T02:59:54+0200,e971b95d-ef8c-4c78-99a5-54bbb479ab9f,2026-08-02T04:15:00Z,2026-08-02T06:15:00+0200,153.7,EUR/MWh,DE,DE_LU,day_ahead_price,value,2026-08-04T01:03:53Z
2026-08-04T00:59:54Z,2026-08-04T02:59:54+0200,e971b95d-ef8c-4c78-99a5-54bbb479ab9f,2026-08-02T04:30:00Z,2026-08-02T06:30:00+0200,151.62,EUR/MWh,DE,DE_LU,day_ahead_price,value,2026-08-04T01:03:53Z
2026-08-04T00:59:54Z,2026-08-04T02:59:54+0200,e971b95d-ef8c-4c78-99a5-54bbb479ab9f,2026-08-02T04:45:00Z,2026-08-02T06:45:00+0200,139.14,EUR/MWh,DE,DE_LU,day_ahead_price,value,2026-08-04T01:03:53Z
2026-08-04T00:59:54Z,2026-08-04T02:59:54+0200,e971b95d-ef8c-4c78-99a5-54bbb479ab9f,2026-08-02T05:00:00Z,2026-08-02T07:00:00+0200,153.77,EUR/MWh,DE,DE_LU,day_ahead_price,value,2026-08-04T01:03:53Z
2026-08-04T00:59:54Z,2026-08-04T02:59:54+0200,e971b95d-ef8c-4c78-99a5-54bbb479ab9f,2026-08-02T05:15:00Z,2026-08-02T07:15:00+0200,142.6,EUR/MWh,DE,DE_LU,day_ahead_price,value,2026-08-04T01:03:53Z
2026-08-04T00:59:54Z,2026-08-04T02:59:54+0200,e971b95d-ef8c-4c78-99a5-54bbb479ab9f,2026-08-02T05:30:00Z,2026-08-02T07:30:00+0200,136.11,EUR/MWh,DE,DE_LU,day_ahead_price,value,2026-08-04T01:03:53Z
2026-08-04T00:59:54Z,2026-08-04T02:59:54+0200,e971b95d-ef8c-4c78-99a5-54bbb479ab9f,2026-08-02T05:45:00Z,2026-08-02T07:45:00+0200,122.32,EUR/MWh,DE,DE_LU,day_ahead_price,value,2026-08-04T01:03:53Z
2026-08-04T00:59:54Z,2026-08-04T02:59:54+0200,e971b95d-ef8c-4c78-99a5-54bbb479ab9f,2026-08-02T06:00:00Z,2026-08-02T08:00:00+0200,152.74,EUR/MWh,DE,DE_LU,day_ahead_price,value,2026-08-04T01:03:53Z
2026-08-04T00:59:54Z,2026-08-04T02:59:54+0200,e971b95d-ef8c-4c78-99a5-54bbb479ab9f,2026-08-02T06:15:00Z,2026-08-02T08:15:00+0200,130.33,EUR/MWh,DE,DE_LU,day_ahead_price,value,2026-08-04T01:03:53Z
2026-08-04T00:59:54Z,2026-08-04T02:59:54+0200,e971b95d-ef8c-4c78-99a5-54bbb479ab9f,2026-08-02T06:30:00Z,2026-08-02T08:30:00+0200,112.43,EUR/MWh,DE,DE_LU,day_ahead_price,value,2026-08-04T01:03:53Z
2026-08-04T00:59:54Z,2026-08-04T02:59:54+0200,e971b95d-ef8c-4c78-99a5-54bbb479ab9f,2026-08-02T06:45:00Z,2026-08-02T08:45:00+0200,93.22,EUR/MWh,DE,DE_LU,day_ahead_price,value,2026-08-04T01:03:53Z
2026-08-04T00:59:54Z,2026-08-04T02:59:54+0200,e971b95d-ef8c-4c78-99a5-54bbb479ab9f,2026-08-02T07:00:00Z,2026-08-02T09:00:00+0200,104.46,EUR/MWh,DE,DE_LU,day_ahead_price,value,2026-08-04T01:03:53Z
2026-08-04T00:59:54Z,2026-08-04T02:59:54+0200,e971b95d-ef8c-4c78-99a5-54bbb479ab9f,2026-08-02T07:15:00Z,2026-08-02T09:15:00+0200,84.19,EUR/MWh,DE,DE_LU,day_ahead_price,value,2026-08-04T01:03:53Z
2026-08-04T00:59:54Z,2026-08-04T02:59:54+0200,e971b95d-ef8c-4c78-99a5-54bbb479ab9f,2026-08-02T07:30:00Z,2026-08-02T09:30:00+0200,51.64,EUR/MWh,DE,DE_LU,day_ahead_price,value,2026-08-04T01:03:53Z
2026-08-04T00:59:54Z,2026-08-04T02:59:54+0200,e971b95d-ef8c-4c78-99a5-54bbb479ab9f,2026-08-02T07:45:00Z,2026-08-02T09:45:00+0200,10.45,EUR/MWh,DE,DE_LU,day_ahead_price,value,2026-08-04T01:03:53Z
2026-08-04T00:59:54Z,2026-08-04T02:59:54+0200,e971b95d-ef8c-4c78-99a5-54bbb479ab9f,2026-08-02T08:00:00Z,2026-08-02T10:00:00+0200,10.21,EUR/MWh,DE,DE_LU,day_ahead_price,value,2026-08-04T01:03:53Z
2026-08-04T00:59:54Z,2026-08-04T02:59:54+0200,e971b95d-ef8c-4c78-99a5-54bbb479ab9f,2026-08-02T08:15:00Z,2026-08-02T10:15:00+0200,2.47,EUR/MWh,DE,DE_LU,day_ahead_price,value,2026-08-04T01:03:53Z
2026-08-04T00:59:54Z,2026-08-04T02:59:54+0200,e971b95d-ef8c-4c78-99a5-54bbb479ab9f,2026-08-02T08:30:00Z,2026-08-02T10:30:00+0200,-0.01,EUR/MWh,DE,DE_LU,day_ahead_price,value,2026-08-04T01:03:53Z
2026-08-04T00:59:54Z,2026-08-04T02:59:54+0200,e971b95d-ef8c-4c78-99a5-54bbb479ab9f,2026-08-02T08:45:00Z,2026-08-02T10:45:00+0200,-0.05,EUR/MWh,DE,DE_LU,day_ahead_price,value,2026-08-04T01:03:53Z
2026-08-04T00:59:54Z,2026-08-04T02:59:54+0200,e971b95d-ef8c-4c78-99a5-54bbb479ab9f,2026-08-02T09:00:00Z,2026-08-02T11:00:00+0200,-0.09,EUR/MWh,DE,DE_LU,day_ahead_price,value,2026-08-04T01:03:53Z
2026-08-04T00:59:54Z,2026-08-04T02:59:54+0200,e971b95d-ef8c-4c78-99a5-54bbb479ab9f,2026-08-02T09:15:00Z,2026-08-02T11:15:00+0200,-0.13,EUR/MWh,DE,DE_LU,day_ahead_price,value,2026-08-04T01:03:53Z
2026-08-04T00:59:54Z,2026-08-04T02:59:54+0200,e971b95d-ef8c-4c78-99a5-54bbb479ab9f,2026-08-02T09:30:00Z,2026-08-02T11:30:00+0200,-0.34,EUR/MWh,DE,DE_LU,day_ahead_price,value,2026-08-04T01:03:53Z
2026-08-04T00:59:54Z,2026-08-04T02:59:54+0200,e971b95d-ef8c-4c78-99a5-54bbb479ab9f,2026-08-02T09:45:00Z,2026-08-02T11:45:00+0200,-0.48,EUR/MWh,DE,DE_LU,day_ahead_price,value,2026-08-04T01:03:53Z
2026-08-04T00:59:54Z,2026-08-04T02:59:54+0200,e971b95d-ef8c-4c78-99a5-54bbb479ab9f,2026-08-02T10:00:00Z,2026-08-02T12:00:00+0200,-0.71,EUR/MWh,DE,DE_LU,day_ahead_price,value,2026-08-04T01:03:53Z
2026-08-04T00:59:54Z,2026-08-04T02:59:54+0200,e971b95d-ef8c-4c78-99a5-54bbb479ab9f,2026-08-02T10:15:00Z,2026-08-02T12:15:00+0200,-1.08,EUR/MWh,DE,DE_LU,day_ahead_price,value,2026-08-04T01:03:53Z
2026-08-04T00:59:54Z,2026-08-04T02:59:54+0200,e971b95d-ef8c-4c78-99a5-54bbb479ab9f,2026-08-02T10:30:00Z,2026-08-02T12:30:00+0200,-1.44,EUR/MWh,DE,DE_LU,day_ahead_price,value,2026-08-04T01:03:53Z
2026-08-04T00:59:54Z,2026-08-04T02:59:54+0200,e971b95d-ef8c-4c78-99a5-54bbb479ab9f,2026-08-02T10:45:00Z,2026-08-02T12:45:00+0200,-1.87,EUR/MWh,DE,DE_LU,day_ahead_price,value,2026-08-04T01:03:53Z
2026-08-04T00:59:54Z,2026-08-04T02:59:54+0200,e971b95d-ef8c-4c78-99a5-54bbb479ab9f,2026-08-02T11:00:00Z,2026-08-02T13:00:00+0200,-2.77,EUR/MWh,DE,DE_LU,day_ahead_price,value,2026-08-04T01:03:53Z
2026-08-04T00:59:54Z,2026-08-04T02:59:54+0200,e971b95d-ef8c-4c78-99a5-54bbb479ab9f,2026-08-02T11:15:00Z,2026-08-02T13:15:00+0200,-3.1,EUR/MWh,DE,DE_LU,day_ahead_price,value,2026-08-04T01:03:53Z
2026-08-04T00:59:54Z,2026-08-04T02:59:54+0200,e971b95d-ef8c-4c78-99a5-54bbb479ab9f,2026-08-02T11:30:00Z,2026-08-02T13:30:00+0200,-4.28,EUR/MWh,DE,DE_LU,day_ahead_price,value,2026-08-04T01:03:53Z
2026-08-04T00:59:54Z,2026-08-04T02:59:54+0200,e971b95d-ef8c-4c78-99a5-54bbb479ab9f,2026-08-02T11:45:00Z,2026-08-02T13:45:00+0200,-4.77,EUR/MWh,DE,DE_LU,day_ahead_price,value,2026-08-04T01:03:53Z
2026-08-04T00:59:54Z,2026-08-04T02:59:54+0200,e971b95d-ef8c-4c78-99a5-54bbb479ab9f,2026-08-02T12:00:00Z,2026-08-02T14:00:00+0200,-2.42,EUR/MWh,DE,DE_LU,day_ahead_price,value,2026-08-04T01:03:53Z
2026-08-04T00:59:54Z,2026-08-04T02:59:54+0200,e971b95d-ef8c-4c78-99a5-54bbb479ab9f,2026-08-02T12:15:00Z,2026-08-02T14:15:00+0200,-1.99,EUR/MWh,DE,DE_LU,day_ahead_price,value,2026-08-04T01:03:53Z
2026-08-04T00:59:54Z,2026-08-04T02:59:54+0200,e971b95d-ef8c-4c78-99a5-54bbb479ab9f,2026-08-02T12:30:00Z,2026-08-02T14:30:00+0200,-1.64,EUR/MWh,DE,DE_LU,day_ahead_price,value,2026-08-04T01:03:53Z
2026-08-04T00:59:54Z,2026-08-04T02:59:54+0200,e971b95d-ef8c-4c78-99a5-54bbb479ab9f,2026-08-02T12:45:00Z,2026-08-02T14:45:00+0200,-1.09,EUR/MWh,DE,DE_LU,day_ahead_price,value,2026-08-04T01:03:53Z
2026-08-04T00:59:54Z,2026-08-04T02:59:54+0200,e971b95d-ef8c-4c78-99a5-54bbb479ab9f,2026-08-02T13:00:00Z,2026-08-02T15:00:00+0200,-1.29,EUR/MWh,DE,DE_LU,day_ahead_price,value,2026-08-04T01:03:53Z
2026-08-04T00:59:54Z,2026-08-04T02:59:54+0200,e971b95d-ef8c-4c78-99a5-54bbb479ab9f,2026-08-02T13:15:00Z,2026-08-02T15:15:00+0200,-1.25,EUR/MWh,DE,DE_LU,day_ahead_price,value,2026-08-04T01:03:53Z
2026-08-04T00:59:54Z,2026-08-04T02:59:54+0200,e971b95d-ef8c-4c78-99a5-54bbb479ab9f,2026-08-02T13:30:00Z,2026-08-02T15:30:00+0200,-1.19,EUR/MWh,DE,DE_LU,day_ahead_price,value,2026-08-04T01:03:53Z
2026-08-04T00:59:54Z,2026-08-04T02:59:54+0200,e971b95d-ef8c-4c78-99a5-54bbb479ab9f,2026-08-02T13:45:00Z,2026-08-02T15:45:00+0200,-0.98,EUR/MWh,DE,DE_LU,day_ahead_price,value,2026-08-04T01:03:53Z
2026-08-04T00:59:54Z,2026-08-04T02:59:54+0200,e971b95d-ef8c-4c78-99a5-54bbb479ab9f,2026-08-02T14:00:00Z,2026-08-02T16:00:00+0200,-1.01,EUR/MWh,DE,DE_LU,day_ahead_price,value,2026-08-04T01:03:53Z
2026-08-04T00:59:54Z,2026-08-04T02:59:54+0200,e971b95d-ef8c-4c78-99a5-54bbb479ab9f,2026-08-02T14:15:00Z,2026-08-02T16:15:00+0200,-0.04,EUR/MWh,DE,DE_LU,day_ahead_price,value,2026-08-04T01:03:53Z
2026-08-04T00:59:54Z,2026-08-04T02:59:54+0200,e971b95d-ef8c-4c78-99a5-54bbb479ab9f,2026-08-02T14:30:00Z,2026-08-02T16:30:00+0200,0.0,EUR/MWh,DE,DE_LU,day_ahead_price,value,2026-08-04T01:03:53Z
2026-08-04T00:59:54Z,2026-08-04T02:59:54+0200,e971b95d-ef8c-4c78-99a5-54bbb479ab9f,2026-08-02T14:45:00Z,2026-08-02T16:45:00+0200,12.71,EUR/MWh,DE,DE_LU,day_ahead_price,value,2026-08-04T01:03:53Z
2026-08-04T00:59:54Z,2026-08-04T02:59:54+0200,e971b95d-ef8c-4c78-99a5-54bbb479ab9f,2026-08-02T15:00:00Z,2026-08-02T17:00:00+0200,41.97,EUR/MWh,DE,DE_LU,day_ahead_price,value,2026-08-04T01:03:53Z
2026-08-04T00:59:54Z,2026-08-04T02:59:54+0200,e971b95d-ef8c-4c78-99a5-54bbb479ab9f,2026-08-02T15:15:00Z,2026-08-02T17:15:00+0200,92.84,EUR/MWh,DE,DE_LU,day_ahead_price,value,2026-08-04T01:03:53Z
2026-08-04T00:59:54Z,2026-08-04T02:59:54+0200,e971b95d-ef8c-4c78-99a5-54bbb479ab9f,2026-08-02T15:30:00Z,2026-08-02T17:30:00+0200,116.55,EUR/MWh,DE,DE_LU,day_ahead_price,value,2026-08-04T01:03:53Z
2026-08-04T00:59:54Z,2026-08-04T02:59:54+0200,e971b95d-ef8c-4c78-99a5-54bbb479ab9f,2026-08-02T15:45:00Z,2026-08-02T17:45:00+0200,130.29,EUR/MWh,DE,DE_LU,day_ahead_price,value,2026-08-04T01:03:53Z
2026-08-04T00:59:54Z,2026-08-04T02:59:54+0200,e971b95d-ef8c-4c78-99a5-54bbb479ab9f,2026-08-02T16:00:00Z,2026-08-02T18:00:00+0200,123.89,EUR/MWh,DE,DE_LU,day_ahead_price,value,2026-08-04T01:03:53Z
2026-08-04T00:59:54Z,2026-08-04T02:59:54+0200,e971b95d-ef8c-4c78-99a5-54bbb479ab9f,2026-08-02T16:15:00Z,2026-08-02T18:15:00+0200,138.13,EUR/MWh,DE,DE_LU,day_ahead_price,value,2026-08-04T01:03:53Z
2026-08-04T00:59:54Z,2026-08-04T02:59:54+0200,e971b95d-ef8c-4c78-99a5-54bbb479ab9f,2026-08-02T16:30:00Z,2026-08-02T18:30:00+0200,157.0,EUR/MWh,DE,DE_LU,day_ahead_price,value,2026-08-04T01:03:53Z
2026-08-04T00:59:54Z,2026-08-04T02:59:54+0200,e971b95d-ef8c-4c78-99a5-54bbb479ab9f,2026-08-02T16:45:00Z,2026-08-02T18:45:00+0200,173.61,EUR/MWh,DE,DE_LU,day_ahead_price,value,2026-08-04T01:03:53Z
2026-08-04T00:59:54Z,2026-08-04T02:59:54+0200,e971b95d-ef8c-4c78-99a5-54bbb479ab9f,2026-08-02T17:00:00Z,2026-08-02T19:00:00+0200,160.15,EUR/MWh,DE,DE_LU,day_ahead_price,value,2026-08-04T01:03:53Z
2026-08-04T00:59:54Z,2026-08-04T02:59:54+0200,e971b95d-ef8c-4c78-99a5-54bbb479ab9f,2026-08-02T17:15:00Z,2026-08-02T19:15:00+0200,170.59,EUR/MWh,DE,DE_LU,day_ahead_price,value,2026-08-04T01:03:53Z
2026-08-04T00:59:54Z,2026-08-04T02:59:54+0200,e971b95d-ef8c-4c78-99a5-54bbb479ab9f,2026-08-02T17:30:00Z,2026-08-02T19:30:00+0200,183.9,EUR/MWh,DE,DE_LU,day_ahead_price,value,2026-08-04T01:03:53Z
2026-08-04T00:59:54Z,2026-08-04T02:59:54+0200,e971b95d-ef8c-4c78-99a5-54bbb479ab9f,2026-08-02T17:45:00Z,2026-08-02T19:45:00+0200,192.93,EUR/MWh,DE,DE_LU,day_ahead_price,value,2026-08-04T01:03:53Z
2026-08-04T00:59:54Z,2026-08-04T02:59:54+0200,e971b95d-ef8c-4c78-99a5-54bbb479ab9f,2026-08-02T18:00:00Z,2026-08-02T20:00:00+0200,182.99,EUR/MWh,DE,DE_LU,day_ahead_price,value,2026-08-04T01:03:53Z
2026-08-04T00:59:54Z,2026-08-04T02:59:54+0200,e971b95d-ef8c-4c78-99a5-54bbb479ab9f,2026-08-02T18:15:00Z,2026-08-02T20:15:00+0200,181.78,EUR/MWh,DE,DE_LU,day_ahead_price,value,2026-08-04T01:03:53Z
2026-08-04T00:59:54Z,2026-08-04T02:59:54+0200,e971b95d-ef8c-4c78-99a5-54bbb479ab9f,2026-08-02T18:30:00Z,2026-08-02T20:30:00+0200,185.66,EUR/MWh,DE,DE_LU,day_ahead_price,value,2026-08-04T01:03:53Z
2026-08-04T00:59:54Z,2026-08-04T02:59:54+0200,e971b95d-ef8c-4c78-99a5-54bbb479ab9f,2026-08-02T18:45:00Z,2026-08-02T20:45:00+0200,192.32,EUR/MWh,DE,DE_LU,day_ahead_price,value,2026-08-04T01:03:53Z
2026-08-04T00:59:54Z,2026-08-04T02:59:54+0200,e971b95d-ef8c-4c78-99a5-54bbb479ab9f,2026-08-02T19:00:00Z,2026-08-02T21:00:00+0200,190.7,EUR/MWh,DE,DE_LU,day_ahead_price,value,2026-08-04T01:03:53Z
2026-08-04T00:59:54Z,2026-08-04T02:59:54+0200,e971b95d-ef8c-4c78-99a5-54bbb479ab9f,2026-08-02T19:15:00Z,2026-08-02T21:15:00+0200,181.18,EUR/MWh,DE,DE_LU,day_ahead_price,value,2026-08-04T01:03:53Z
2026-08-04T00:59:54Z,2026-08-04T02:59:54+0200,e971b95d-ef8c-4c78-99a5-54bbb479ab9f,2026-08-02T19:30:00Z,2026-08-02T21:30:00+0200,174.37,EUR/MWh,DE,DE_LU,day_ahead_price,value,2026-08-04T01:03:53Z
2026-08-04T00:59:54Z,2026-08-04T02:59:54+0200,e971b95d-ef8c-4c78-99a5-54bbb479ab9f,2026-08-02T19:45:00Z,2026-08-02T21:45:00+0200,164.51,EUR/MWh,DE,DE_LU,day_ahead_price,value,2026-08-04T01:03:53Z
2026-08-04T00:59:54Z,2026-08-04T02:59:54+0200,e971b95d-ef8c-4c78-99a5-54bbb479ab9f,2026-08-02T20:00:00Z,2026-08-02T22:00:00+0200,181.59,EUR/MWh,DE,DE_LU,day_ahead_price,value,2026-08-04T01:03:53Z
2026-08-04T00:59:54Z,2026-08-04T02:59:54+0200,e971b95d-ef8c-4c78-99a5-54bbb479ab9f,2026-08-02T20:15:00Z,2026-08-02T22:15:00+0200,167.84,EUR/MWh,DE,DE_LU,day_ahead_price,value,2026-08-04T01:03:53Z
2026-08-04T00:59:54Z,2026-08-04T02:59:54+0200,e971b95d-ef8c-4c78-99a5-54bbb479ab9f,2026-08-02T20:30:00Z,2026-08-02T22:30:00+0200,163.65,EUR/MWh,DE,DE_LU,day_ahead_price,value,2026-08-04T01:03:53Z
2026-08-04T00:59:54Z,2026-08-04T02:59:54+0200,e971b95d-ef8c-4c78-99a5-54bbb479ab9f,2026-08-02T20:45:00Z,2026-08-02T22:45:00+0200,157.83,EUR/MWh,DE,DE_LU,day_ahead_price,value,2026-08-04T01:03:53Z
2026-08-04T00:59:54Z,2026-08-04T02:59:54+0200,e971b95d-ef8c-4c78-99a5-54bbb479ab9f,2026-08-02T21:00:00Z,2026-08-02T23:00:00+0200,160.11,EUR/MWh,DE,DE_LU,day_ahead_price,value,2026-08-04T01:03:53Z
2026-08-04T00:59:54Z,2026-08-04T02:59:54+0200,e971b95d-ef8c-4c78-99a5-54bbb479ab9f,2026-08-02T21:15:00Z,2026-08-02T23:15:00+0200,155.09,EUR/MWh,DE,DE_LU,day_ahead_price,value,2026-08-04T01:03:53Z
2026-08-04T00:59:54Z,2026-08-04T02:59:54+0200,e971b95d-ef8c-4c78-99a5-54bbb479ab9f,2026-08-02T21:30:00Z,2026-08-02T23:30:00+0200,152.96,EUR/MWh,DE,DE_LU,day_ahead_price,value,2026-08-04T01:03:53Z
2026-08-04T00:59:54Z,2026-08-04T02:59:54+0200,e971b95d-ef8c-4c78-99a5-54bbb479ab9f,2026-08-02T21:45:00Z,2026-08-02T23:45:00+0200,143.17,EUR/MWh,DE,DE_LU,day_ahead_price,value,2026-08-04T01:03:53Z
2026-08-04T00:59:54Z,2026-08-04T02:59:54+0200,e971b95d-ef8c-4c78-99a5-54bbb479ab9f,2026-08-02T22:00:00Z,2026-08-03T00:00:00+0200,146.32,EUR/MWh,DE,DE_LU,day_ahead_price,value,2026-08-04T01:03:53Z
2026-08-04T00:59:54Z,2026-08-04T02:59:54+0200,e971b95d-ef8c-4c78-99a5-54bbb479ab9f,2026-08-02T22:15:00Z,2026-08-03T00:15:00+0200,141.85,EUR/MWh,DE,DE_LU,day_ahead_price,value,2026-08-04T01:03:53Z
2026-08-04T00:59:54Z,2026-08-04T02:59:54+0200,e971b95d-ef8c-4c78-99a5-54bbb479ab9f,2026-08-02T22:30:00Z,2026-08-03T00:30:00+0200,136.95,EUR/MWh,DE,DE_LU,day_ahead_price,value,2026-08-04T01:03:53Z
2026-08-04T00:59:54Z,2026-08-04T02:59:54+0200,e971b95d-ef8c-4c78-99a5-54bbb479ab9f,2026-08-02T22:45:00Z,2026-08-03T00:45:00+0200,134.05,EUR/MWh,DE,DE_LU,day_ahead_price,value,2026-08-04T01:03:53Z
2026-08-04T00:59:54Z,2026-08-04T02:59:54+0200,e971b95d-ef8c-4c78-99a5-54bbb479ab9f,2026-08-02T23:00:00Z,2026-08-03T01:00:00+0200,137.95,EUR/MWh,DE,DE_LU,day_ahead_price,value,2026-08-04T01:03:53Z
2026-08-04T00:59:54Z,2026-08-04T02:59:54+0200,e971b95d-ef8c-4c78-99a5-54bbb479ab9f,2026-08-02T23:15:00Z,2026-08-03T01:15:00+0200,134.42,EUR/MWh,DE,DE_LU,day_ahead_price,value,2026-08-04T01:03:53Z
2026-08-04T00:59:54Z,2026-08-04T02:59:54+0200,e971b95d-ef8c-4c78-99a5-54bbb479ab9f,2026-08-02T23:30:00Z,2026-08-03T01:30:00+0200,135.44,EUR/MWh,DE,DE_LU,day_ahead_price,value,2026-08-04T01:03:53Z
2026-08-04T00:59:54Z,2026-08-04T02:59:54+0200,e971b95d-ef8c-4c78-99a5-54bbb479ab9f,2026-08-02T23:45:00Z,2026-08-03T01:45:00+0200,132.63,EUR/MWh,DE,DE_LU,day_ahead_price,value,2026-08-04T01:03:53Z
2026-08-04T00:59:54Z,2026-08-04T02:59:54+0200,e971b95d-ef8c-4c78-99a5-54bbb479ab9f,2026-08-03T00:00:00Z,2026-08-03T02:00:00+0200,133.59,EUR/MWh,DE,DE_LU,day_ahead_price,value,2026-08-04T01:03:53Z
2026-08-04T00:59:54Z,2026-08-04T02:59:54+0200,e971b95d-ef8c-4c78-99a5-54bbb479ab9f,2026-08-03T00:15:00Z,2026-08-03T02:15:00+0200,131.84,EUR/MWh,DE,DE_LU,day_ahead_price,value,2026-08-04T01:03:53Z
2026-08-04T00:59:54Z,2026-08-04T02:59:54+0200,e971b95d-ef8c-4c78-99a5-54bbb479ab9f,2026-08-03T00:30:00Z,2026-08-03T02:30:00+0200,131.4,EUR/MWh,DE,DE_LU,day_ahead_price,value,2026-08-04T01:03:53Z
2026-08-04T00:59:54Z,2026-08-04T02:59:54+0200,e971b95d-ef8c-4c78-99a5-54bbb479ab9f,2026-08-03T00:45:00Z,2026-08-03T02:45:00+0200,130.93,EUR/MWh,DE,DE_LU,day_ahead_price,value,2026-08-04T01:03:53Z
2026-08-04T00:59:54Z,2026-08-04T02:59:54+0200,e971b95d-ef8c-4c78-99a5-54bbb479ab9f,2026-08-03T01:00:00Z,2026-08-03T03:00:00+0200,129.25,EUR/MWh,DE,DE_LU,day_ahead_price,value,2026-08-04T01:03:53Z
2026-08-04T00:59:54Z,2026-08-04T02:59:54+0200,e971b95d-ef8c-4c78-99a5-54bbb479ab9f,2026-08-03T01:15:00Z,2026-08-03T03:15:00+0200,128.84,EUR/MWh,DE,DE_LU,day_ahead_price,value,2026-08-04T01:03:53Z
2026-08-04T00:59:54Z,2026-08-04T02:59:54+0200,e971b95d-ef8c-4c78-99a5-54bbb479ab9f,2026-08-03T01:30:00Z,2026-08-03T03:30:00+0200,129.5,EUR/MWh,DE,DE_LU,day_ahead_price,value,2026-08-04T01:03:53Z
2026-08-04T00:59:54Z,2026-08-04T02:59:54+0200,e971b95d-ef8c-4c78-99a5-54bbb479ab9f,2026-08-03T01:45:00Z,2026-08-03T03:45:00+0200,131.56,EUR/MWh,DE,DE_LU,day_ahead_price,value,2026-08-04T01:03:53Z
2026-08-04T00:59:54Z,2026-08-04T02:59:54+0200,e971b95d-ef8c-4c78-99a5-54bbb479ab9f,2026-08-03T02:00:00Z,2026-08-03T04:00:00+0200,128.7,EUR/MWh,DE,DE_LU,day_ahead_price,value,2026-08-04T01:03:53Z
2026-08-04T00:59:54Z,2026-08-04T02:59:54+0200,e971b95d-ef8c-4c78-99a5-54bbb479ab9f,2026-08-03T02:15:00Z,2026-08-03T04:15:00+0200,131.24,EUR/MWh,DE,DE_LU,day_ahead_price,value,2026-08-04T01:03:53Z
2026-08-04T00:59:54Z,2026-08-04T02:59:54+0200,e971b95d-ef8c-4c78-99a5-54bbb479ab9f,2026-08-03T02:30:00Z,2026-08-03T04:30:00+0200,133.6,EUR/MWh,DE,DE_LU,day_ahead_price,value,2026-08-04T01:03:53Z
2026-08-04T00:59:54Z,2026-08-04T02:59:54+0200,e971b95d-ef8c-4c78-99a5-54bbb479ab9f,2026-08-03T02:45:00Z,2026-08-03T04:45:00+0200,137.41,EUR/MWh,DE,DE_LU,day_ahead_price,value,2026-08-04T01:03:53Z
2026-08-04T00:59:54Z,2026-08-04T02:59:54+0200,e971b95d-ef8c-4c78-99a5-54bbb479ab9f,2026-08-03T03:00:00Z,2026-08-03T05:00:00+0200,139.13,EUR/MWh,DE,DE_LU,day_ahead_price,value,2026-08-04T01:03:53Z
2026-08-04T00:59:54Z,2026-08-04T02:59:54+0200,e971b95d-ef8c-4c78-99a5-54bbb479ab9f,2026-08-03T03:15:00Z,2026-08-03T05:15:00+0200,141.73,EUR/MWh,DE,DE_LU,day_ahead_price,value,2026-08-04T01:03:53Z
2026-08-04T00:59:54Z,2026-08-04T02:59:54+0200,e971b95d-ef8c-4c78-99a5-54bbb479ab9f,2026-08-03T03:30:00Z,2026-08-03T05:30:00+0200,144.67,EUR/MWh,DE,DE_LU,day_ahead_price,value,2026-08-04T01:03:53Z
2026-08-04T00:59:54Z,2026-08-04T02:59:54+0200,e971b95d-ef8c-4c78-99a5-54bbb479ab9f,2026-08-03T03:45:00Z,2026-08-03T05:45:00+0200,151.67,EUR/MWh,DE,DE_LU,day_ahead_price,value,2026-08-04T01:03:53Z
2026-08-04T00:59:54Z,2026-08-04T02:59:54+0200,e971b95d-ef8c-4c78-99a5-54bbb479ab9f,2026-08-03T04:00:00Z,2026-08-03T06:00:00+0200,164.9,EUR/MWh,DE,DE_LU,day_ahead_price,value,2026-08-04T01:03:53Z
2026-08-04T00:59:54Z,2026-08-04T02:59:54+0200,e971b95d-ef8c-4c78-99a5-54bbb479ab9f,2026-08-03T04:15:00Z,2026-08-03T06:15:00+0200,171.38,EUR/MWh,DE,DE_LU,day_ahead_price,value,2026-08-04T01:03:53Z
2026-08-04T00:59:54Z,2026-08-04T02:59:54+0200,e971b95d-ef8c-4c78-99a5-54bbb479ab9f,2026-08-03T04:30:00Z,2026-08-03T06:30:00+0200,173.41,EUR/MWh,DE,DE_LU,day_ahead_price,value,2026-08-04T01:03:53Z
2026-08-04T00:59:54Z,2026-08-04T02:59:54+0200,e971b95d-ef8c-4c78-99a5-54bbb479ab9f,2026-08-03T04:45:00Z,2026-08-03T06:45:00+0200,167.21,EUR/MWh,DE,DE_LU,day_ahead_price,value,2026-08-04T01:03:53Z
2026-08-04T00:59:54Z,2026-08-04T02:59:54+0200,e971b95d-ef8c-4c78-99a5-54bbb479ab9f,2026-08-03T05:00:00Z,2026-08-03T07:00:00+0200,173.56,EUR/MWh,DE,DE_LU,day_ahead_price,value,2026-08-04T01:03:53Z
2026-08-04T00:59:54Z,2026-08-04T02:59:54+0200,e971b95d-ef8c-4c78-99a5-54bbb479ab9f,2026-08-03T05:15:00Z,2026-08-03T07:15:00+0200,166.94,EUR/MWh,DE,DE_LU,day_ahead_price,value,2026-08-04T01:03:53Z
2026-08-04T00:59:54Z,2026-08-04T02:59:54+0200,e971b95d-ef8c-4c78-99a5-54bbb479ab9f,2026-08-03T05:30:00Z,2026-08-03T07:30:00+0200,161.83,EUR/MWh,DE,DE_LU,day_ahead_price,value,2026-08-04T01:03:53Z
2026-08-04T00:59:54Z,2026-08-04T02:59:54+0200,e971b95d-ef8c-4c78-99a5-54bbb479ab9f,2026-08-03T05:45:00Z,2026-08-03T07:45:00+0200,155.63,EUR/MWh,DE,DE_LU,day_ahead_price,value,2026-08-04T01:03:53Z
2026-08-04T00:59:54Z,2026-08-04T02:59:54+0200,e971b95d-ef8c-4c78-99a5-54bbb479ab9f,2026-08-03T06:00:00Z,2026-08-03T08:00:00+0200,167.27,EUR/MWh,DE,DE_LU,day_ahead_price,value,2026-08-04T01:03:53Z
2026-08-04T00:59:54Z,2026-08-04T02:59:54+0200,e971b95d-ef8c-4c78-99a5-54bbb479ab9f,2026-08-03T06:15:00Z,2026-08-03T08:15:00+0200,156.95,EUR/MWh,DE,DE_LU,day_ahead_price,value,2026-08-04T01:03:53Z
2026-08-04T00:59:54Z,2026-08-04T02:59:54+0200,e971b95d-ef8c-4c78-99a5-54bbb479ab9f,2026-08-03T06:30:00Z,2026-08-03T08:30:00+0200,150.23,EUR/MWh,DE,DE_LU,day_ahead_price,value,2026-08-04T01:03:53Z
2026-08-04T00:59:54Z,2026-08-04T02:59:54+0200,e971b95d-ef8c-4c78-99a5-54bbb479ab9f,2026-08-03T06:45:00Z,2026-08-03T08:45:00+0200,125.55,EUR/MWh,DE,DE_LU,day_ahead_price,value,2026-08-04T01:03:53Z
2026-08-04T00:59:54Z,2026-08-04T02:59:54+0200,e971b95d-ef8c-4c78-99a5-54bbb479ab9f,2026-08-03T07:00:00Z,2026-08-03T09:00:00+0200,163.11,EUR/MWh,DE,DE_LU,day_ahead_price,value,2026-08-04T01:03:53Z
2026-08-04T00:59:54Z,2026-08-04T02:59:54+0200,e971b95d-ef8c-4c78-99a5-54bbb479ab9f,2026-08-03T07:15:00Z,2026-08-03T09:15:00+0200,134.68,EUR/MWh,DE,DE_LU,day_ahead_price,value,2026-08-04T01:03:53Z
2026-08-04T00:59:54Z,2026-08-04T02:59:54+0200,e971b95d-ef8c-4c78-99a5-54bbb479ab9f,2026-08-03T07:30:00Z,2026-08-03T09:30:00+0200,124.22,EUR/MWh,DE,DE_LU,day_ahead_price,value,2026-08-04T01:03:53Z
2026-08-04T00:59:54Z,2026-08-04T02:59:54+0200,e971b95d-ef8c-4c78-99a5-54bbb479ab9f,2026-08-03T07:45:00Z,2026-08-03T09:45:00+0200,118.48,EUR/MWh,DE,DE_LU,day_ahead_price,value,2026-08-04T01:03:53Z
2026-08-04T00:59:54Z,2026-08-04T02:59:54+0200,e971b95d-ef8c-4c78-99a5-54bbb479ab9f,2026-08-03T08:00:00Z,2026-08-03T10:00:00+0200,127.99,EUR/MWh,DE,DE_LU,day_ahead_price,value,2026-08-04T01:03:53Z
2026-08-04T00:59:54Z,2026-08-04T02:59:54+0200,e971b95d-ef8c-4c78-99a5-54bbb479ab9f,2026-08-03T08:15:00Z,2026-08-03T10:15:00+0200,117.09,EUR/MWh,DE,DE_LU,day_ahead_price,value,2026-08-04T01:03:53Z
2026-08-04T00:59:54Z,2026-08-04T02:59:54+0200,e971b95d-ef8c-4c78-99a5-54bbb479ab9f,2026-08-03T08:30:00Z,2026-08-03T10:30:00+0200,109.3,EUR/MWh,DE,DE_LU,day_ahead_price,value,2026-08-04T01:03:53Z
2026-08-04T00:59:54Z,2026-08-04T02:59:54+0200,e971b95d-ef8c-4c78-99a5-54bbb479ab9f,2026-08-03T08:45:00Z,2026-08-03T10:45:00+0200,88.76,EUR/MWh,DE,DE_LU,day_ahead_price,value,2026-08-04T01:03:53Z
2026-08-04T00:59:54Z,2026-08-04T02:59:54+0200,e971b95d-ef8c-4c78-99a5-54bbb479ab9f,2026-08-03T09:00:00Z,2026-08-03T11:00:00+0200,90.05,EUR/MWh,DE,DE_LU,day_ahead_price,value,2026-08-04T01:03:53Z
2026-08-04T00:59:54Z,2026-08-04T02:59:54+0200,e971b95d-ef8c-4c78-99a5-54bbb479ab9f,2026-08-03T09:15:00Z,2026-08-03T11:15:00+0200,74.45,EUR/MWh,DE,DE_LU,day_ahead_price,value,2026-08-04T01:03:53Z
2026-08-04T00:59:54Z,2026-08-04T02:59:54+0200,e971b95d-ef8c-4c78-99a5-54bbb479ab9f,2026-08-03T09:30:00Z,2026-08-03T11:30:00+0200,62.48,EUR/MWh,DE,DE_LU,day_ahead_price,value,2026-08-04T01:03:53Z
2026-08-04T00:59:54Z,2026-08-04T02:59:54+0200,e971b95d-ef8c-4c78-99a5-54bbb479ab9f,2026-08-03T09:45:00Z,2026-08-03T11:45:00+0200,51.73,EUR/MWh,DE,DE_LU,day_ahead_price,value,2026-08-04T01:03:53Z
2026-08-04T00:59:54Z,2026-08-04T02:59:54+0200,e971b95d-ef8c-4c78-99a5-54bbb479ab9f,2026-08-03T10:00:00Z,2026-08-03T12:00:00+0200,42.44,EUR/MWh,DE,DE_LU,day_ahead_price,value,2026-08-04T01:03:53Z
2026-08-04T00:59:54Z,2026-08-04T02:59:54+0200,e971b95d-ef8c-4c78-99a5-54bbb479ab9f,2026-08-03T10:15:00Z,2026-08-03T12:15:00+0200,25.1,EUR/MWh,DE,DE_LU,day_ahead_price,value,2026-08-04T01:03:53Z
2026-08-04T00:59:54Z,2026-08-04T02:59:54+0200,e971b95d-ef8c-4c78-99a5-54bbb479ab9f,2026-08-03T10:30:00Z,2026-08-03T12:30:00+0200,21.36,EUR/MWh,DE,DE_LU,day_ahead_price,value,2026-08-04T01:03:53Z
2026-08-04T00:59:54Z,2026-08-04T02:59:54+0200,e971b95d-ef8c-4c78-99a5-54bbb479ab9f,2026-08-03T10:45:00Z,2026-08-03T12:45:00+0200,15.22,EUR/MWh,DE,DE_LU,day_ahead_price,value,2026-08-04T01:03:53Z
2026-08-04T00:59:54Z,2026-08-04T02:59:54+0200,e971b95d-ef8c-4c78-99a5-54bbb479ab9f,2026-08-03T11:00:00Z,2026-08-03T13:00:00+0200,23.27,EUR/MWh,DE,DE_LU,day_ahead_price,value,2026-08-04T01:03:53Z
2026-08-04T00:59:54Z,2026-08-04T02:59:54+0200,e971b95d-ef8c-4c78-99a5-54bbb479ab9f,2026-08-03T11:15:00Z,2026-08-03T13:15:00+0200,20.1,EUR/MWh,DE,DE_LU,day_ahead_price,value,2026-08-04T01:03:53Z
2026-08-04T00:59:54Z,2026-08-04T02:59:54+0200,e971b95d-ef8c-4c78-99a5-54bbb479ab9f,2026-08-03T11:30:00Z,2026-08-03T13:30:00+0200,11.28,EUR/MWh,DE,DE_LU,day_ahead_price,value,2026-08-04T01:03:53Z
2026-08-04T00:59:54Z,2026-08-04T02:59:54+0200,e971b95d-ef8c-4c78-99a5-54bbb479ab9f,2026-08-03T11:45:00Z,2026-08-03T13:45:00+0200,10.9,EUR/MWh,DE,DE_LU,day_ahead_price,value,2026-08-04T01:03:53Z
2026-08-04T00:59:54Z,2026-08-04T02:59:54+0200,e971b95d-ef8c-4c78-99a5-54bbb479ab9f,2026-08-03T12:00:00Z,2026-08-03T14:00:00+0200,10.09,EUR/MWh,DE,DE_LU,day_ahead_price,value,2026-08-04T01:03:53Z
2026-08-04T00:59:54Z,2026-08-04T02:59:54+0200,e971b95d-ef8c-4c78-99a5-54bbb479ab9f,2026-08-03T12:15:00Z,2026-08-03T14:15:00+0200,13.36,EUR/MWh,DE,DE_LU,day_ahead_price,value,2026-08-04T01:03:53Z
2026-08-04T00:59:54Z,2026-08-04T02:59:54+0200,e971b95d-ef8c-4c78-99a5-54bbb479ab9f,2026-08-03T12:30:00Z,2026-08-03T14:30:00+0200,26.04,EUR/MWh,DE,DE_LU,day_ahead_price,value,2026-08-04T01:03:53Z
2026-08-04T00:59:54Z,2026-08-04T02:59:54+0200,e971b95d-ef8c-4c78-99a5-54bbb479ab9f,2026-08-03T12:45:00Z,2026-08-03T14:45:00+0200,40.73,EUR/MWh,DE,DE_LU,day_ahead_price,value,2026-08-04T01:03:53Z
2026-08-04T00:59:54Z,2026-08-04T02:59:54+0200,e971b95d-ef8c-4c78-99a5-54bbb479ab9f,2026-08-03T13:00:00Z,2026-08-03T15:00:00+0200,41.35,EUR/MWh,DE,DE_LU,day_ahead_price,value,2026-08-04T01:03:53Z
2026-08-04T00:59:54Z,2026-08-04T02:59:54+0200,e971b95d-ef8c-4c78-99a5-54bbb479ab9f,2026-08-03T13:15:00Z,2026-08-03T15:15:00+0200,58.8,EUR/MWh,DE,DE_LU,day_ahead_price,value,2026-08-04T01:03:53Z
2026-08-04T00:59:54Z,2026-08-04T02:59:54+0200,e971b95d-ef8c-4c78-99a5-54bbb479ab9f,2026-08-03T13:30:00Z,2026-08-03T15:30:00+0200,68.01,EUR/MWh,DE,DE_LU,day_ahead_price,value,2026-08-04T01:03:53Z
2026-08-04T00:59:54Z,2026-08-04T02:59:54+0200,e971b95d-ef8c-4c78-99a5-54bbb479ab9f,2026-08-03T13:45:00Z,2026-08-03T15:45:00+0200,75.09,EUR/MWh,DE,DE_LU,day_ahead_price,value,2026-08-04T01:03:53Z
2026-08-04T00:59:54Z,2026-08-04T02:59:54+0200,e971b95d-ef8c-4c78-99a5-54bbb479ab9f,2026-08-03T14:00:00Z,2026-08-03T16:00:00+0200,88.22,EUR/MWh,DE,DE_LU,day_ahead_price,value,2026-08-04T01:03:53Z
2026-08-04T00:59:54Z,2026-08-04T02:59:54+0200,e971b95d-ef8c-4c78-99a5-54bbb479ab9f,2026-08-03T14:15:00Z,2026-08-03T16:15:00+0200,96.18,EUR/MWh,DE,DE_LU,day_ahead_price,value,2026-08-04T01:03:53Z
2026-08-04T00:59:54Z,2026-08-04T02:59:54+0200,e971b95d-ef8c-4c78-99a5-54bbb479ab9f,2026-08-03T14:30:00Z,2026-08-03T16:30:00+0200,106.57,EUR/MWh,DE,DE_LU,day_ahead_price,value,2026-08-04T01:03:53Z
2026-08-04T00:59:54Z,2026-08-04T02:59:54+0200,e971b95d-ef8c-4c78-99a5-54bbb479ab9f,2026-08-03T14:45:00Z,2026-08-03T16:45:00+0200,120.26,EUR/MWh,DE,DE_LU,day_ahead_price,value,2026-08-04T01:03:53Z
2026-08-04T00:59:54Z,2026-08-04T02:59:54+0200,e971b95d-ef8c-4c78-99a5-54bbb479ab9f,2026-08-03T15:00:00Z,2026-08-03T17:00:00+0200,117.1,EUR/MWh,DE,DE_LU,day_ahead_price,value,2026-08-04T01:03:53Z
2026-08-04T00:59:54Z,2026-08-04T02:59:54+0200,e971b95d-ef8c-4c78-99a5-54bbb479ab9f,2026-08-03T15:15:00Z,2026-08-03T17:15:00+0200,123.8,EUR/MWh,DE,DE_LU,day_ahead_price,value,2026-08-04T01:03:53Z
2026-08-04T00:59:54Z,2026-08-04T02:59:54+0200,e971b95d-ef8c-4c78-99a5-54bbb479ab9f,2026-08-03T15:30:00Z,2026-08-03T17:30:00+0200,145.59,EUR/MWh,DE,DE_LU,day_ahead_price,value,2026-08-04T01:03:53Z
2026-08-04T00:59:54Z,2026-08-04T02:59:54+0200,e971b95d-ef8c-4c78-99a5-54bbb479ab9f,2026-08-03T15:45:00Z,2026-08-03T17:45:00+0200,172.71,EUR/MWh,DE,DE_LU,day_ahead_price,value,2026-08-04T01:03:53Z
2026-08-04T00:59:54Z,2026-08-04T02:59:54+0200,e971b95d-ef8c-4c78-99a5-54bbb479ab9f,2026-08-03T16:00:00Z,2026-08-03T18:00:00+0200,155.17,EUR/MWh,DE,DE_LU,day_ahead_price,value,2026-08-04T01:03:53Z
2026-08-04T00:59:54Z,2026-08-04T02:59:54+0200,e971b95d-ef8c-4c78-99a5-54bbb479ab9f,2026-08-03T16:15:00Z,2026-08-03T18:15:00+0200,162.78,EUR/MWh,DE,DE_LU,day_ahead_price,value,2026-08-04T01:03:53Z
2026-08-04T00:59:54Z,2026-08-04T02:59:54+0200,e971b95d-ef8c-4c78-99a5-54bbb479ab9f,2026-08-03T16:30:00Z,2026-08-03T18:30:00+0200,170.7,EUR/MWh,DE,DE_LU,day_ahead_price,value,2026-08-04T01:03:53Z
2026-08-04T00:59:54Z,2026-08-04T02:59:54+0200,e971b95d-ef8c-4c78-99a5-54bbb479ab9f,2026-08-03T16:45:00Z,2026-08-03T18:45:00+0200,187.46,EUR/MWh,DE,DE_LU,day_ahead_price,value,2026-08-04T01:03:53Z
2026-08-04T00:59:54Z,2026-08-04T02:59:54+0200,e971b95d-ef8c-4c78-99a5-54bbb479ab9f,2026-08-03T17:00:00Z,2026-08-03T19:00:00+0200,177.61,EUR/MWh,DE,DE_LU,day_ahead_price,value,2026-08-04T01:03:53Z
2026-08-04T00:59:54Z,2026-08-04T02:59:54+0200,e971b95d-ef8c-4c78-99a5-54bbb479ab9f,2026-08-03T17:15:00Z,2026-08-03T19:15:00+0200,189.78,EUR/MWh,DE,DE_LU,day_ahead_price,value,2026-08-04T01:03:53Z
2026-08-04T00:59:54Z,2026-08-04T02:59:54+0200,e971b95d-ef8c-4c78-99a5-54bbb479ab9f,2026-08-03T17:30:00Z,2026-08-03T19:30:00+0200,208.69,EUR/MWh,DE,DE_LU,day_ahead_price,value,2026-08-04T01:03:53Z
2026-08-04T00:59:54Z,2026-08-04T02:59:54+0200,e971b95d-ef8c-4c78-99a5-54bbb479ab9f,2026-08-03T17:45:00Z,2026-08-03T19:45:00+0200,246.99,EUR/MWh,DE,DE_LU,day_ahead_price,value,2026-08-04T01:03:53Z
2026-08-04T00:59:54Z,2026-08-04T02:59:54+0200,e971b95d-ef8c-4c78-99a5-54bbb479ab9f,2026-08-03T18:00:00Z,2026-08-03T20:00:00+0200,207.26,EUR/MWh,DE,DE_LU,day_ahead_price,value,2026-08-04T01:03:53Z
2026-08-04T00:59:54Z,2026-08-04T02:59:54+0200,e971b95d-ef8c-4c78-99a5-54bbb479ab9f,2026-08-03T18:15:00Z,2026-08-03T20:15:00+0200,201.41,EUR/MWh,DE,DE_LU,day_ahead_price,value,2026-08-04T01:03:53Z
2026-08-04T00:59:54Z,2026-08-04T02:59:54+0200,e971b95d-ef8c-4c78-99a5-54bbb479ab9f,2026-08-03T18:30:00Z,2026-08-03T20:30:00+0200,194.5,EUR/MWh,DE,DE_LU,day_ahead_price,value,2026-08-04T01:03:53Z
2026-08-04T00:59:54Z,2026-08-04T02:59:54+0200,e971b95d-ef8c-4c78-99a5-54bbb479ab9f,2026-08-03T18:45:00Z,2026-08-03T20:45:00+0200,199.53,EUR/MWh,DE,DE_LU,day_ahead_price,value,2026-08-04T01:03:53Z
2026-08-04T00:59:54Z,2026-08-04T02:59:54+0200,e971b95d-ef8c-4c78-99a5-54bbb479ab9f,2026-08-03T19:00:00Z,2026-08-03T21:00:00+0200,196.48,EUR/MWh,DE,DE_LU,day_ahead_price,value,2026-08-04T01:03:53Z
2026-08-04T00:59:54Z,2026-08-04T02:59:54+0200,e971b95d-ef8c-4c78-99a5-54bbb479ab9f,2026-08-03T19:15:00Z,2026-08-03T21:15:00+0200,188.91,EUR/MWh,DE,DE_LU,day_ahead_price,value,2026-08-04T01:03:53Z
2026-08-04T00:59:54Z,2026-08-04T02:59:54+0200,e971b95d-ef8c-4c78-99a5-54bbb479ab9f,2026-08-03T19:30:00Z,2026-08-03T21:30:00+0200,184.83,EUR/MWh,DE,DE_LU,day_ahead_price,value,2026-08-04T01:03:53Z
2026-08-04T00:59:54Z,2026-08-04T02:59:54+0200,e971b95d-ef8c-4c78-99a5-54bbb479ab9f,2026-08-03T19:45:00Z,2026-08-03T21:45:00+0200,173.01,EUR/MWh,DE,DE_LU,day_ahead_price,value,2026-08-04T01:03:53Z
2026-08-04T00:59:54Z,2026-08-04T02:59:54+0200,e971b95d-ef8c-4c78-99a5-54bbb479ab9f,2026-08-03T20:00:00Z,2026-08-03T22:00:00+0200,184.05,EUR/MWh,DE,DE_LU,day_ahead_price,value,2026-08-04T01:03:53Z
2026-08-04T00:59:54Z,2026-08-04T02:59:54+0200,e971b95d-ef8c-4c78-99a5-54bbb479ab9f,2026-08-03T20:15:00Z,2026-08-03T22:15:00+0200,175.64,EUR/MWh,DE,DE_LU,day_ahead_price,value,2026-08-04T01:03:53Z
2026-08-04T00:59:54Z,2026-08-04T02:59:54+0200,e971b95d-ef8c-4c78-99a5-54bbb479ab9f,2026-08-03T20:30:00Z,2026-08-03T22:30:00+0200,173.01,EUR/MWh,DE,DE_LU,day_ahead_price,value,2026-08-04T01:03:53Z
2026-08-04T00:59:54Z,2026-08-04T02:59:54+0200,e971b95d-ef8c-4c78-99a5-54bbb479ab9f,2026-08-03T20:45:00Z,2026-08-03T22:45:00+0200,165.02,EUR/MWh,DE,DE_LU,day_ahead_price,value,2026-08-04T01:03:53Z
2026-08-04T00:59:54Z,2026-08-04T02:59:54+0200,e971b95d-ef8c-4c78-99a5-54bbb479ab9f,2026-08-03T21:00:00Z,2026-08-03T23:00:00+0200,166.58,EUR/MWh,DE,DE_LU,day_ahead_price,value,2026-08-04T01:03:53Z
2026-08-04T00:59:54Z,2026-08-04T02:59:54+0200,e971b95d-ef8c-4c78-99a5-54bbb479ab9f,2026-08-03T21:15:00Z,2026-08-03T23:15:00+0200,160.0,EUR/MWh,DE,DE_LU,day_ahead_price,value,2026-08-04T01:03:53Z
2026-08-04T00:59:54Z,2026-08-04T02:59:54+0200,e971b95d-ef8c-4c78-99a5-54bbb479ab9f,2026-08-03T21:30:00Z,2026-08-03T23:30:00+0200,155.7,EUR/MWh,DE,DE_LU,day_ahead_price,value,2026-08-04T01:03:53Z
2026-08-04T00:59:54Z,2026-08-04T02:59:54+0200,e971b95d-ef8c-4c78-99a5-54bbb479ab9f,2026-08-03T21:45:00Z,2026-08-03T23:45:00+0200,146.27,EUR/MWh,DE,DE_LU,day_ahead_price,value,2026-08-04T01:03:53Z
2026-08-04T00:59:54Z,2026-08-04T02:59:54+0200,e971b95d-ef8c-4c78-99a5-54bbb479ab9f,2026-08-03T22:00:00Z,2026-08-04T00:00:00+0200,168.81,EUR/MWh,DE,DE_LU,day_ahead_price,value,2026-08-04T01:03:53Z
2026-08-04T00:59:54Z,2026-08-04T02:59:54+0200,e971b95d-ef8c-4c78-99a5-54bbb479ab9f,2026-08-03T22:15:00Z,2026-08-04T00:15:00+0200,152.23,EUR/MWh,DE,DE_LU,day_ahead_price,value,2026-08-04T01:03:53Z
2026-08-04T00:59:54Z,2026-08-04T02:59:54+0200,e971b95d-ef8c-4c78-99a5-54bbb479ab9f,2026-08-03T22:30:00Z,2026-08-04T00:30:00+0200,151.15,EUR/MWh,DE,DE_LU,day_ahead_price,value,2026-08-04T01:03:53Z
2026-08-04T00:59:54Z,2026-08-04T02:59:54+0200,e971b95d-ef8c-4c78-99a5-54bbb479ab9f,2026-08-03T22:45:00Z,2026-08-04T00:45:00+0200,143.81,EUR/MWh,DE,DE_LU,day_ahead_price,value,2026-08-04T01:03:53Z
2026-08-04T00:59:54Z,2026-08-04T02:59:54+0200,e971b95d-ef8c-4c78-99a5-54bbb479ab9f,2026-08-03T23:00:00Z,2026-08-04T01:00:00+0200,151.26,EUR/MWh,DE,DE_LU,day_ahead_price,value,2026-08-04T01:03:53Z
2026-08-04T00:59:54Z,2026-08-04T02:59:54+0200,e971b95d-ef8c-4c78-99a5-54bbb479ab9f,2026-08-03T23:15:00Z,2026-08-04T01:15:00+0200,144.52,EUR/MWh,DE,DE_LU,day_ahead_price,value,2026-08-04T01:03:53Z
2026-08-04T00:59:54Z,2026-08-04T02:59:54+0200,e971b95d-ef8c-4c78-99a5-54bbb479ab9f,2026-08-03T23:30:00Z,2026-08-04T01:30:00+0200,143.87,EUR/MWh,DE,DE_LU,day_ahead_price,value,2026-08-04T01:03:53Z
2026-08-04T00:59:54Z,2026-08-04T02:59:54+0200,e971b95d-ef8c-4c78-99a5-54bbb479ab9f,2026-08-03T23:45:00Z,2026-08-04T01:45:00+0200,139.22,EUR/MWh,DE,DE_LU,day_ahead_price,value,2026-08-04T01:03:53Z
2026-08-04T00:59:54Z,2026-08-04T02:59:54+0200,e971b95d-ef8c-4c78-99a5-54bbb479ab9f,2026-08-04T00:00:00Z,2026-08-04T02:00:00+0200,140.8,EUR/MWh,DE,DE_LU,day_ahead_price,value,2026-08-04T01:03:53Z
2026-08-04T00:59:54Z,2026-08-04T02:59:54+0200,e971b95d-ef8c-4c78-99a5-54bbb479ab9f,2026-08-04T00:15:00Z,2026-08-04T02:15:00+0200,140.25,EUR/MWh,DE,DE_LU,day_ahead_price,value,2026-08-04T01:03:53Z
2026-08-04T00:59:54Z,2026-08-04T02:59:54+0200,e971b95d-ef8c-4c78-99a5-54bbb479ab9f,2026-08-04T00:30:00Z,2026-08-04T02:30:00+0200,139.17,EUR/MWh,DE,DE_LU,day_ahead_price,value,2026-08-04T01:03:53Z
2026-08-04T00:59:54Z,2026-08-04T02:59:54+0200,e971b95d-ef8c-4c78-99a5-54bbb479ab9f,2026-08-04T00:45:00Z,2026-08-04T02:45:00+0200,135.76,EUR/MWh,DE,DE_LU,day_ahead_price,value,2026-08-04T01:03:53Z
2026-08-04T00:59:54Z,2026-08-04T02:59:54+0200,e971b95d-ef8c-4c78-99a5-54bbb479ab9f,2026-08-04T01:00:00Z,2026-08-04T03:00:00+0200,134.42,EUR/MWh,DE,DE_LU,day_ahead_price,value,2026-08-04T01:03:53Z
2026-08-04T00:59:54Z,2026-08-04T02:59:54+0200,e971b95d-ef8c-4c78-99a5-54bbb479ab9f,2026-08-04T01:15:00Z,2026-08-04T03:15:00+0200,136.01,EUR/MWh,DE,DE_LU,day_ahead_price,value,2026-08-04T01:03:53Z
