collection_time_utc,collection_time_local,run_id,timestamp_utc,timestamp_local,value,unit,country,entsoe_area,variable,source,updated_at_utc
2026-06-21T18:40:01Z,2026-06-21T20:40:01+0200,c0299f87-b988-4d8b-a611-962c285e5a18,2026-05-21T18:45:00Z,2026-05-21T20:45:00+0200,119.44,EUR/MWh,FR,FR,day_ahead_price,value,2026-06-21T18:40:53Z
2026-06-21T18:40:01Z,2026-06-21T20:40:01+0200,c0299f87-b988-4d8b-a611-962c285e5a18,2026-05-21T19:00:00Z,2026-05-21T21:00:00+0200,120.9,EUR/MWh,FR,FR,day_ahead_price,value,2026-06-21T18:40:53Z
2026-06-21T18:40:01Z,2026-06-21T20:40:01+0200,c0299f87-b988-4d8b-a611-962c285e5a18,2026-05-21T19:15:00Z,2026-05-21T21:15:00+0200,123.87,EUR/MWh,FR,FR,day_ahead_price,value,2026-06-21T18:40:53Z
2026-06-21T18:40:01Z,2026-06-21T20:40:01+0200,c0299f87-b988-4d8b-a611-962c285e5a18,2026-05-21T19:30:00Z,2026-05-21T21:30:00+0200,125.01,EUR/MWh,FR,FR,day_ahead_price,value,2026-06-21T18:40:53Z
2026-06-21T18:40:01Z,2026-06-21T20:40:01+0200,c0299f87-b988-4d8b-a611-962c285e5a18,2026-05-21T19:45:00Z,2026-05-21T21:45:00+0200,123.01,EUR/MWh,FR,FR,day_ahead_price,value,2026-06-21T18:40:53Z
2026-06-21T18:40:01Z,2026-06-21T20:40:01+0200,c0299f87-b988-4d8b-a611-962c285e5a18,2026-05-21T20:00:00Z,2026-05-21T22:00:00+0200,122.69,EUR/MWh,FR,FR,day_ahead_price,value,2026-06-21T18:40:53Z
2026-06-21T18:40:01Z,2026-06-21T20:40:01+0200,c0299f87-b988-4d8b-a611-962c285e5a18,2026-05-21T20:15:00Z,2026-05-21T22:15:00+0200,120.01,EUR/MWh,FR,FR,day_ahead_price,value,2026-06-21T18:40:53Z
2026-06-21T18:40:01Z,2026-06-21T20:40:01+0200,c0299f87-b988-4d8b-a611-962c285e5a18,2026-05-21T20:30:00Z,2026-05-21T22:30:00+0200,119.44,EUR/MWh,FR,FR,day_ahead_price,value,2026-06-21T18:40:53Z
2026-06-21T18:40:01Z,2026-06-21T20:40:01+0200,c0299f87-b988-4d8b-a611-962c285e5a18,2026-05-21T20:45:00Z,2026-05-21T22:45:00+0200,116.04,EUR/MWh,FR,FR,day_ahead_price,value,2026-06-21T18:40:53Z
2026-06-21T18:40:01Z,2026-06-21T20:40:01+0200,c0299f87-b988-4d8b-a611-962c285e5a18,2026-05-21T21:00:00Z,2026-05-21T23:00:00+0200,110.0,EUR/MWh,FR,FR,day_ahead_price,value,2026-06-21T18:40:53Z
2026-06-21T18:40:01Z,2026-06-21T20:40:01+0200,c0299f87-b988-4d8b-a611-962c285e5a18,2026-05-21T21:15:00Z,2026-05-21T23:15:00+0200,104.1,EUR/MWh,FR,FR,day_ahead_price,value,2026-06-21T18:40:53Z
2026-06-21T18:40:01Z,2026-06-21T20:40:01+0200,c0299f87-b988-4d8b-a611-962c285e5a18,2026-05-21T21:30:00Z,2026-05-21T23:30:00+0200,104.1,EUR/MWh,FR,FR,day_ahead_price,value,2026-06-21T18:40:53Z
2026-06-21T18:40:01Z,2026-06-21T20:40:01+0200,c0299f87-b988-4d8b-a611-962c285e5a18,2026-05-21T21:45:00Z,2026-05-21T23:45:00+0200,96.72,EUR/MWh,FR,FR,day_ahead_price,value,2026-06-21T18:40:53Z
2026-06-21T18:40:01Z,2026-06-21T20:40:01+0200,c0299f87-b988-4d8b-a611-962c285e5a18,2026-05-21T22:00:00Z,2026-05-22T00:00:00+0200,120.0,EUR/MWh,FR,FR,day_ahead_price,value,2026-06-21T18:40:53Z
2026-06-21T18:40:01Z,2026-06-21T20:40:01+0200,c0299f87-b988-4d8b-a611-962c285e5a18,2026-05-21T22:15:00Z,2026-05-22T00:15:00+0200,116.04,EUR/MWh,FR,FR,day_ahead_price,value,2026-06-21T18:40:53Z
2026-06-21T18:40:01Z,2026-06-21T20:40:01+0200,c0299f87-b988-4d8b-a611-962c285e5a18,2026-05-21T22:30:00Z,2026-05-22T00:30:00+0200,109.23,EUR/MWh,FR,FR,day_ahead_price,value,2026-06-21T18:40:53Z
2026-06-21T18:40:01Z,2026-06-21T20:40:01+0200,c0299f87-b988-4d8b-a611-962c285e5a18,2026-05-21T22:45:00Z,2026-05-22T00:45:00+0200,96.17,EUR/MWh,FR,FR,day_ahead_price,value,2026-06-21T18:40:53Z
2026-06-21T18:40:01Z,2026-06-21T20:40:01+0200,c0299f87-b988-4d8b-a611-962c285e5a18,2026-05-21T23:00:00Z,2026-05-22T01:00:00+0200,105.87,EUR/MWh,FR,FR,day_ahead_price,value,2026-06-21T18:40:53Z
2026-06-21T18:40:01Z,2026-06-21T20:40:01+0200,c0299f87-b988-4d8b-a611-962c285e5a18,2026-05-21T23:15:00Z,2026-05-22T01:15:00+0200,99.0,EUR/MWh,FR,FR,day_ahead_price,value,2026-06-21T18:40:53Z
2026-06-21T18:40:01Z,2026-06-21T20:40:01+0200,c0299f87-b988-4d8b-a611-962c285e5a18,2026-05-21T23:30:00Z,2026-05-22T01:30:00+0200,95.82,EUR/MWh,FR,FR,day_ahead_price,value,2026-06-21T18:40:53Z
2026-06-21T18:40:01Z,2026-06-21T20:40:01+0200,c0299f87-b988-4d8b-a611-962c285e5a18,2026-05-21T23:45:00Z,2026-05-22T01:45:00+0200,90.69,EUR/MWh,FR,FR,day_ahead_price,value,2026-06-21T18:40:53Z
2026-06-21T18:40:01Z,2026-06-21T20:40:01+0200,c0299f87-b988-4d8b-a611-962c285e5a18,2026-05-22T00:00:00Z,2026-05-22T02:00:00+0200,90.69,EUR/MWh,FR,FR,day_ahead_price,value,2026-06-21T18:40:53Z
2026-06-21T18:40:01Z,2026-06-21T20:40:01+0200,c0299f87-b988-4d8b-a611-962c285e5a18,2026-05-22T00:15:00Z,2026-05-22T02:15:00+0200,85.1,EUR/MWh,FR,FR,day_ahead_price,value,2026-06-21T18:40:53Z
2026-06-21T18:40:01Z,2026-06-21T20:40:01+0200,c0299f87-b988-4d8b-a611-962c285e5a18,2026-05-22T00:30:00Z,2026-05-22T02:30:00+0200,81.56,EUR/MWh,FR,FR,day_ahead_price,value,2026-06-21T18:40:53Z
2026-06-21T18:40:01Z,2026-06-21T20:40:01+0200,c0299f87-b988-4d8b-a611-962c285e5a18,2026-05-22T00:45:00Z,2026-05-22T02:45:00+0200,80.36,EUR/MWh,FR,FR,day_ahead_price,value,2026-06-21T18:40:53Z
2026-06-21T18:40:01Z,2026-06-21T20:40:01+0200,c0299f87-b988-4d8b-a611-962c285e5a18,2026-05-22T01:00:00Z,2026-05-22T03:00:00+0200,85.0,EUR/MWh,FR,FR,day_ahead_price,value,2026-06-21T18:40:53Z
2026-06-21T18:40:01Z,2026-06-21T20:40:01+0200,c0299f87-b988-4d8b-a611-962c285e5a18,2026-05-22T01:15:00Z,2026-05-22T03:15:00+0200,81.56,EUR/MWh,FR,FR,day_ahead_price,value,2026-06-21T18:40:53Z
2026-06-21T18:40:01Z,2026-06-21T20:40:01+0200,c0299f87-b988-4d8b-a611-962c285e5a18,2026-05-22T01:30:00Z,2026-05-22T03:30:00+0200,81.56,EUR/MWh,FR,FR,day_ahead_price,value,2026-06-21T18:40:53Z
2026-06-21T18:40:01Z,2026-06-21T20:40:01+0200,c0299f87-b988-4d8b-a611-962c285e5a18,2026-05-22T01:45:00Z,2026-05-22T03:45:00+0200,80.36,EUR/MWh,FR,FR,day_ahead_price,value,2026-06-21T18:40:53Z
2026-06-21T18:40:01Z,2026-06-21T20:40:01+0200,c0299f87-b988-4d8b-a611-962c285e5a18,2026-05-22T02:00:00Z,2026-05-22T04:00:00+0200,81.56,EUR/MWh,FR,FR,day_ahead_price,value,2026-06-21T18:40:53Z
2026-06-21T18:40:01Z,2026-06-21T20:40:01+0200,c0299f87-b988-4d8b-a611-962c285e5a18,2026-05-22T02:15:00Z,2026-05-22T04:15:00+0200,80.84,EUR/MWh,FR,FR,day_ahead_price,value,2026-06-21T18:40:53Z
2026-06-21T18:40:01Z,2026-06-21T20:40:01+0200,c0299f87-b988-4d8b-a611-962c285e5a18,2026-05-22T02:30:00Z,2026-05-22T04:30:00+0200,81.56,EUR/MWh,FR,FR,day_ahead_price,value,2026-06-21T18:40:53Z
2026-06-21T18:40:01Z,2026-06-21T20:40:01+0200,c0299f87-b988-4d8b-a611-962c285e5a18,2026-05-22T02:45:00Z,2026-05-22T04:45:00+0200,83.14,EUR/MWh,FR,FR,day_ahead_price,value,2026-06-21T18:40:53Z
2026-06-21T18:40:01Z,2026-06-21T20:40:01+0200,c0299f87-b988-4d8b-a611-962c285e5a18,2026-05-22T03:00:00Z,2026-05-22T05:00:00+0200,83.14,EUR/MWh,FR,FR,day_ahead_price,value,2026-06-21T18:40:53Z
2026-06-21T18:40:01Z,2026-06-21T20:40:01+0200,c0299f87-b988-4d8b-a611-962c285e5a18,2026-05-22T03:15:00Z,2026-05-22T05:15:00+0200,85.3,EUR/MWh,FR,FR,day_ahead_price,value,2026-06-21T18:40:53Z
2026-06-21T18:40:01Z,2026-06-21T20:40:01+0200,c0299f87-b988-4d8b-a611-962c285e5a18,2026-05-22T03:30:00Z,2026-05-22T05:30:00+0200,88.87,EUR/MWh,FR,FR,day_ahead_price,value,2026-06-21T18:40:53Z
2026-06-21T18:40:01Z,2026-06-21T20:40:01+0200,c0299f87-b988-4d8b-a611-962c285e5a18,2026-05-22T03:45:00Z,2026-05-22T05:45:00+0200,95.57,EUR/MWh,FR,FR,day_ahead_price,value,2026-06-21T18:40:53Z
2026-06-21T18:40:01Z,2026-06-21T20:40:01+0200,c0299f87-b988-4d8b-a611-962c285e5a18,2026-05-22T04:00:00Z,2026-05-22T06:00:00+0200,95.72,EUR/MWh,FR,FR,day_ahead_price,value,2026-06-21T18:40:53Z
2026-06-21T18:40:01Z,2026-06-21T20:40:01+0200,c0299f87-b988-4d8b-a611-962c285e5a18,2026-05-22T04:15:00Z,2026-05-22T06:15:00+0200,97.62,EUR/MWh,FR,FR,day_ahead_price,value,2026-06-21T18:40:53Z
2026-06-21T18:40:01Z,2026-06-21T20:40:01+0200,c0299f87-b988-4d8b-a611-962c285e5a18,2026-05-22T04:30:00Z,2026-05-22T06:30:00+0200,105.02,EUR/MWh,FR,FR,day_ahead_price,value,2026-06-21T18:40:53Z
2026-06-21T18:40:01Z,2026-06-21T20:40:01+0200,c0299f87-b988-4d8b-a611-962c285e5a18,2026-05-22T04:45:00Z,2026-05-22T06:45:00+0200,109.88,EUR/MWh,FR,FR,day_ahead_price,value,2026-06-21T18:40:53Z
2026-06-21T18:40:01Z,2026-06-21T20:40:01+0200,c0299f87-b988-4d8b-a611-962c285e5a18,2026-05-22T05:00:00Z,2026-05-22T07:00:00+0200,115.89,EUR/MWh,FR,FR,day_ahead_price,value,2026-06-21T18:40:53Z
2026-06-21T18:40:01Z,2026-06-21T20:40:01+0200,c0299f87-b988-4d8b-a611-962c285e5a18,2026-05-22T05:15:00Z,2026-05-22T07:15:00+0200,110.57,EUR/MWh,FR,FR,day_ahead_price,value,2026-06-21T18:40:53Z
2026-06-21T18:40:01Z,2026-06-21T20:40:01+0200,c0299f87-b988-4d8b-a611-962c285e5a18,2026-05-22T05:30:00Z,2026-05-22T07:30:00+0200,102.0,EUR/MWh,FR,FR,day_ahead_price,value,2026-06-21T18:40:53Z
2026-06-21T18:40:01Z,2026-06-21T20:40:01+0200,c0299f87-b988-4d8b-a611-962c285e5a18,2026-05-22T05:45:00Z,2026-05-22T07:45:00+0200,89.02,EUR/MWh,FR,FR,day_ahead_price,value,2026-06-21T18:40:53Z
2026-06-21T18:40:01Z,2026-06-21T20:40:01+0200,c0299f87-b988-4d8b-a611-962c285e5a18,2026-05-22T06:00:00Z,2026-05-22T08:00:00+0200,106.47,EUR/MWh,FR,FR,day_ahead_price,value,2026-06-21T18:40:53Z
2026-06-21T18:40:01Z,2026-06-21T20:40:01+0200,c0299f87-b988-4d8b-a611-962c285e5a18,2026-05-22T06:15:00Z,2026-05-22T08:15:00+0200,85.44,EUR/MWh,FR,FR,day_ahead_price,value,2026-06-21T18:40:53Z
2026-06-21T18:40:01Z,2026-06-21T20:40:01+0200,c0299f87-b988-4d8b-a611-962c285e5a18,2026-05-22T06:30:00Z,2026-05-22T08:30:00+0200,71.44,EUR/MWh,FR,FR,day_ahead_price,value,2026-06-21T18:40:53Z
2026-06-21T18:40:01Z,2026-06-21T20:40:01+0200,c0299f87-b988-4d8b-a611-962c285e5a18,2026-05-22T06:45:00Z,2026-05-22T08:45:00+0200,38.12,EUR/MWh,FR,FR,day_ahead_price,value,2026-06-21T18:40:53Z
2026-06-21T18:40:01Z,2026-06-21T20:40:01+0200,c0299f87-b988-4d8b-a611-962c285e5a18,2026-05-22T07:00:00Z,2026-05-22T09:00:00+0200,45.27,EUR/MWh,FR,FR,day_ahead_price,value,2026-06-21T18:40:53Z
2026-06-21T18:40:01Z,2026-06-21T20:40:01+0200,c0299f87-b988-4d8b-a611-962c285e5a18,2026-05-22T07:15:00Z,2026-05-22T09:15:00+0200,30.33,EUR/MWh,FR,FR,day_ahead_price,value,2026-06-21T18:40:53Z
2026-06-21T18:40:01Z,2026-06-21T20:40:01+0200,c0299f87-b988-4d8b-a611-962c285e5a18,2026-05-22T07:30:00Z,2026-05-22T09:30:00+0200,15.26,EUR/MWh,FR,FR,day_ahead_price,value,2026-06-21T18:40:53Z
2026-06-21T18:40:01Z,2026-06-21T20:40:01+0200,c0299f87-b988-4d8b-a611-962c285e5a18,2026-05-22T07:45:00Z,2026-05-22T09:45:00+0200,1.82,EUR/MWh,FR,FR,day_ahead_price,value,2026-06-21T18:40:53Z
2026-06-21T18:40:01Z,2026-06-21T20:40:01+0200,c0299f87-b988-4d8b-a611-962c285e5a18,2026-05-22T08:00:00Z,2026-05-22T10:00:00+0200,2.2,EUR/MWh,FR,FR,day_ahead_price,value,2026-06-21T18:40:53Z
2026-06-21T18:40:01Z,2026-06-21T20:40:01+0200,c0299f87-b988-4d8b-a611-962c285e5a18,2026-05-22T08:15:00Z,2026-05-22T10:15:00+0200,0.84,EUR/MWh,FR,FR,day_ahead_price,value,2026-06-21T18:40:53Z
2026-06-21T18:40:01Z,2026-06-21T20:40:01+0200,c0299f87-b988-4d8b-a611-962c285e5a18,2026-05-22T08:30:00Z,2026-05-22T10:30:00+0200,0.01,EUR/MWh,FR,FR,day_ahead_price,value,2026-06-21T18:40:53Z
2026-06-21T18:40:01Z,2026-06-21T20:40:01+0200,c0299f87-b988-4d8b-a611-962c285e5a18,2026-05-22T08:45:00Z,2026-05-22T10:45:00+0200,0.0,EUR/MWh,FR,FR,day_ahead_price,value,2026-06-21T18:40:53Z
2026-06-21T18:40:01Z,2026-06-21T20:40:01+0200,c0299f87-b988-4d8b-a611-962c285e5a18,2026-05-22T09:00:00Z,2026-05-22T11:00:00+0200,0.0,EUR/MWh,FR,FR,day_ahead_price,value,2026-06-21T18:40:53Z
2026-06-21T18:40:01Z,2026-06-21T20:40:01+0200,c0299f87-b988-4d8b-a611-962c285e5a18,2026-05-22T09:15:00Z,2026-05-22T11:15:00+0200,0.0,EUR/MWh,FR,FR,day_ahead_price,value,2026-06-21T18:40:53Z
2026-06-21T18:40:01Z,2026-06-21T20:40:01+0200,c0299f87-b988-4d8b-a611-962c285e5a18,2026-05-22T09:30:00Z,2026-05-22T11:30:00+0200,0.0,EUR/MWh,FR,FR,day_ahead_price,value,2026-06-21T18:40:53Z
2026-06-21T18:40:01Z,2026-06-21T20:40:01+0200,c0299f87-b988-4d8b-a611-962c285e5a18,2026-05-22T09:45:00Z,2026-05-22T11:45:00+0200,0.0,EUR/MWh,FR,FR,day_ahead_price,value,2026-06-21T18:40:53Z
2026-06-21T18:40:01Z,2026-06-21T20:40:01+0200,c0299f87-b988-4d8b-a611-962c285e5a18,2026-05-22T10:00:00Z,2026-05-22T12:00:00+0200,0.0,EUR/MWh,FR,FR,day_ahead_price,value,2026-06-21T18:40:53Z
2026-06-21T18:40:01Z,2026-06-21T20:40:01+0200,c0299f87-b988-4d8b-a611-962c285e5a18,2026-05-22T10:15:00Z,2026-05-22T12:15:00+0200,0.0,EUR/MWh,FR,FR,day_ahead_price,value,2026-06-21T18:40:53Z
2026-06-21T18:40:01Z,2026-06-21T20:40:01+0200,c0299f87-b988-4d8b-a611-962c285e5a18,2026-05-22T10:30:00Z,2026-05-22T12:30:00+0200,0.0,EUR/MWh,FR,FR,day_ahead_price,value,2026-06-21T18:40:53Z
2026-06-21T18:40:01Z,2026-06-21T20:40:01+0200,c0299f87-b988-4d8b-a611-962c285e5a18,2026-05-22T10:45:00Z,2026-05-22T12:45:00+0200,-0.01,EUR/MWh,FR,FR,day_ahead_price,value,2026-06-21T18:40:53Z
2026-06-21T18:40:01Z,2026-06-21T20:40:01+0200,c0299f87-b988-4d8b-a611-962c285e5a18,2026-05-22T11:00:00Z,2026-05-22T13:00:00+0200,-0.01,EUR/MWh,FR,FR,day_ahead_price,value,2026-06-21T18:40:53Z
2026-06-21T18:40:01Z,2026-06-21T20:40:01+0200,c0299f87-b988-4d8b-a611-962c285e5a18,2026-05-22T11:15:00Z,2026-05-22T13:15:00+0200,-0.01,EUR/MWh,FR,FR,day_ahead_price,value,2026-06-21T18:40:53Z
2026-06-21T18:40:01Z,2026-06-21T20:40:01+0200,c0299f87-b988-4d8b-a611-962c285e5a18,2026-05-22T11:30:00Z,2026-05-22T13:30:00+0200,-0.01,EUR/MWh,FR,FR,day_ahead_price,value,2026-06-21T18:40:53Z
2026-06-21T18:40:01Z,2026-06-21T20:40:01+0200,c0299f87-b988-4d8b-a611-962c285e5a18,2026-05-22T11:45:00Z,2026-05-22T13:45:00+0200,-0.01,EUR/MWh,FR,FR,day_ahead_price,value,2026-06-21T18:40:53Z
2026-06-21T18:40:01Z,2026-06-21T20:40:01+0200,c0299f87-b988-4d8b-a611-962c285e5a18,2026-05-22T12:00:00Z,2026-05-22T14:00:00+0200,-0.01,EUR/MWh,FR,FR,day_ahead_price,value,2026-06-21T18:40:53Z
2026-06-21T18:40:01Z,2026-06-21T20:40:01+0200,c0299f87-b988-4d8b-a611-962c285e5a18,2026-05-22T12:15:00Z,2026-05-22T14:15:00+0200,-0.01,EUR/MWh,FR,FR,day_ahead_price,value,2026-06-21T18:40:53Z
2026-06-21T18:40:01Z,2026-06-21T20:40:01+0200,c0299f87-b988-4d8b-a611-962c285e5a18,2026-05-22T12:30:00Z,2026-05-22T14:30:00+0200,-0.01,EUR/MWh,FR,FR,day_ahead_price,value,2026-06-21T18:40:53Z
2026-06-21T18:40:01Z,2026-06-21T20:40:01+0200,c0299f87-b988-4d8b-a611-962c285e5a18,2026-05-22T12:45:00Z,2026-05-22T14:45:00+0200,-0.01,EUR/MWh,FR,FR,day_ahead_price,value,2026-06-21T18:40:53Z
2026-06-21T18:40:01Z,2026-06-21T20:40:01+0200,c0299f87-b988-4d8b-a611-962c285e5a18,2026-05-22T13:00:00Z,2026-05-22T15:00:00+0200,-0.01,EUR/MWh,FR,FR,day_ahead_price,value,2026-06-21T18:40:53Z
2026-06-21T18:40:01Z,2026-06-21T20:40:01+0200,c0299f87-b988-4d8b-a611-962c285e5a18,2026-05-22T13:15:00Z,2026-05-22T15:15:00+0200,-0.01,EUR/MWh,FR,FR,day_ahead_price,value,2026-06-21T18:40:53Z
2026-06-21T18:40:01Z,2026-06-21T20:40:01+0200,c0299f87-b988-4d8b-a611-962c285e5a18,2026-05-22T13:30:00Z,2026-05-22T15:30:00+0200,-0.01,EUR/MWh,FR,FR,day_ahead_price,value,2026-06-21T18:40:53Z
2026-06-21T18:40:01Z,2026-06-21T20:40:01+0200,c0299f87-b988-4d8b-a611-962c285e5a18,2026-05-22T13:45:00Z,2026-05-22T15:45:00+0200,-0.01,EUR/MWh,FR,FR,day_ahead_price,value,2026-06-21T18:40:53Z
2026-06-21T18:40:01Z,2026-06-21T20:40:01+0200,c0299f87-b988-4d8b-a611-962c285e5a18,2026-05-22T14:00:00Z,2026-05-22T16:00:00+0200,-0.01,EUR/MWh,FR,FR,day_ahead_price,value,2026-06-21T18:40:53Z
2026-06-21T18:40:01Z,2026-06-21T20:40:01+0200,c0299f87-b988-4d8b-a611-962c285e5a18,2026-05-22T14:15:00Z,2026-05-22T16:15:00+0200,-0.01,EUR/MWh,FR,FR,day_ahead_price,value,2026-06-21T18:40:53Z
2026-06-21T18:40:01Z,2026-06-21T20:40:01+0200,c0299f87-b988-4d8b-a611-962c285e5a18,2026-05-22T14:30:00Z,2026-05-22T16:30:00+0200,-0.01,EUR/MWh,FR,FR,day_ahead_price,value,2026-06-21T18:40:53Z
2026-06-21T18:40:01Z,2026-06-21T20:40:01+0200,c0299f87-b988-4d8b-a611-962c285e5a18,2026-05-22T14:45:00Z,2026-05-22T16:45:00+0200,0.0,EUR/MWh,FR,FR,day_ahead_price,value,2026-06-21T18:40:53Z
2026-06-21T18:40:01Z,2026-06-21T20:40:01+0200,c0299f87-b988-4d8b-a611-962c285e5a18,2026-05-22T15:00:00Z,2026-05-22T17:00:00+0200,0.0,EUR/MWh,FR,FR,day_ahead_price,value,2026-06-21T18:40:53Z
2026-06-21T18:40:01Z,2026-06-21T20:40:01+0200,c0299f87-b988-4d8b-a611-962c285e5a18,2026-05-22T15:15:00Z,2026-05-22T17:15:00+0200,0.0,EUR/MWh,FR,FR,day_ahead_price,value,2026-06-21T18:40:53Z
2026-06-21T18:40:01Z,2026-06-21T20:40:01+0200,c0299f87-b988-4d8b-a611-962c285e5a18,2026-05-22T15:30:00Z,2026-05-22T17:30:00+0200,0.0,EUR/MWh,FR,FR,day_ahead_price,value,2026-06-21T18:40:53Z
2026-06-21T18:40:01Z,2026-06-21T20:40:01+0200,c0299f87-b988-4d8b-a611-962c285e5a18,2026-05-22T15:45:00Z,2026-05-22T17:45:00+0200,0.51,EUR/MWh,FR,FR,day_ahead_price,value,2026-06-21T18:40:53Z
2026-06-21T18:40:01Z,2026-06-21T20:40:01+0200,c0299f87-b988-4d8b-a611-962c285e5a18,2026-05-22T16:00:00Z,2026-05-22T18:00:00+0200,8.99,EUR/MWh,FR,FR,day_ahead_price,value,2026-06-21T18:40:53Z
2026-06-21T18:40:01Z,2026-06-21T20:40:01+0200,c0299f87-b988-4d8b-a611-962c285e5a18,2026-05-22T16:15:00Z,2026-05-22T18:15:00+0200,32.9,EUR/MWh,FR,FR,day_ahead_price,value,2026-06-21T18:40:53Z
2026-06-21T18:40:01Z,2026-06-21T20:40:01+0200,c0299f87-b988-4d8b-a611-962c285e5a18,2026-05-22T16:30:00Z,2026-05-22T18:30:00+0200,49.3,EUR/MWh,FR,FR,day_ahead_price,value,2026-06-21T18:40:53Z
2026-06-21T18:40:01Z,2026-06-21T20:40:01+0200,c0299f87-b988-4d8b-a611-962c285e5a18,2026-05-22T16:45:00Z,2026-05-22T18:45:00+0200,101.21,EUR/MWh,FR,FR,day_ahead_price,value,2026-06-21T18:40:53Z
2026-06-21T18:40:01Z,2026-06-21T20:40:01+0200,c0299f87-b988-4d8b-a611-962c285e5a18,2026-05-22T17:00:00Z,2026-05-22T19:00:00+0200,42.96,EUR/MWh,FR,FR,day_ahead_price,value,2026-06-21T18:40:53Z
2026-06-21T18:40:01Z,2026-06-21T20:40:01+0200,c0299f87-b988-4d8b-a611-962c285e5a18,2026-05-22T17:15:00Z,2026-05-22T19:15:00+0200,84.49,EUR/MWh,FR,FR,day_ahead_price,value,2026-06-21T18:40:53Z
2026-06-21T18:40:01Z,2026-06-21T20:40:01+0200,c0299f87-b988-4d8b-a611-962c285e5a18,2026-05-22T17:30:00Z,2026-05-22T19:30:00+0200,90.31,EUR/MWh,FR,FR,day_ahead_price,value,2026-06-21T18:40:53Z
2026-06-21T18:40:01Z,2026-06-21T20:40:01+0200,c0299f87-b988-4d8b-a611-962c285e5a18,2026-05-22T17:45:00Z,2026-05-22T19:45:00+0200,114.0,EUR/MWh,FR,FR,day_ahead_price,value,2026-06-21T18:40:53Z
2026-06-21T18:40:01Z,2026-06-21T20:40:01+0200,c0299f87-b988-4d8b-a611-962c285e5a18,2026-05-22T18:00:00Z,2026-05-22T20:00:00+0200,97.88,EUR/MWh,FR,FR,day_ahead_price,value,2026-06-21T18:40:53Z
2026-06-21T18:40:01Z,2026-06-21T20:40:01+0200,c0299f87-b988-4d8b-a611-962c285e5a18,2026-05-22T18:15:00Z,2026-05-22T20:15:00+0200,108.2,EUR/MWh,FR,FR,day_ahead_price,value,2026-06-21T18:40:53Z
2026-06-21T18:40:01Z,2026-06-21T20:40:01+0200,c0299f87-b988-4d8b-a611-962c285e5a18,2026-05-22T18:30:00Z,2026-05-22T20:30:00+0200,99.0,EUR/MWh,FR,FR,day_ahead_price,value,2026-06-21T18:40:53Z
2026-06-21T18:40:01Z,2026-06-21T20:40:01+0200,c0299f87-b988-4d8b-a611-962c285e5a18,2026-05-22T18:45:00Z,2026-05-22T20:45:00+0200,114.92,EUR/MWh,FR,FR,day_ahead_price,value,2026-06-21T18:40:53Z
2026-06-21T18:40:01Z,2026-06-21T20:40:01+0200,c0299f87-b988-4d8b-a611-962c285e5a18,2026-05-22T19:00:00Z,2026-05-22T21:00:00+0200,114.92,EUR/MWh,FR,FR,day_ahead_price,value,2026-06-21T18:40:53Z
2026-06-21T18:40:01Z,2026-06-21T20:40:01+0200,c0299f87-b988-4d8b-a611-962c285e5a18,2026-05-22T19:15:00Z,2026-05-22T21:15:00+0200,116.42,EUR/MWh,FR,FR,day_ahead_price,value,2026-06-21T18:40:53Z
2026-06-21T18:40:01Z,2026-06-21T20:40:01+0200,c0299f87-b988-4d8b-a611-962c285e5a18,2026-05-22T19:30:00Z,2026-05-22T21:30:00+0200,117.92,EUR/MWh,FR,FR,day_ahead_price,value,2026-06-21T18:40:53Z
2026-06-21T18:40:01Z,2026-06-21T20:40:01+0200,c0299f87-b988-4d8b-a611-962c285e5a18,2026-05-22T19:45:00Z,2026-05-22T21:45:00+0200,116.42,EUR/MWh,FR,FR,day_ahead_price,value,2026-06-21T18:40:53Z
2026-06-21T18:40:01Z,2026-06-21T20:40:01+0200,c0299f87-b988-4d8b-a611-962c285e5a18,2026-05-22T20:00:00Z,2026-05-22T22:00:00+0200,125.01,EUR/MWh,FR,FR,day_ahead_price,value,2026-06-21T18:40:53Z
2026-06-21T18:40:01Z,2026-06-21T20:40:01+0200,c0299f87-b988-4d8b-a611-962c285e5a18,2026-05-22T20:15:00Z,2026-05-22T22:15:00+0200,118.58,EUR/MWh,FR,FR,day_ahead_price,value,2026-06-21T18:40:53Z
2026-06-21T18:40:01Z,2026-06-21T20:40:01+0200,c0299f87-b988-4d8b-a611-962c285e5a18,2026-05-22T20:30:00Z,2026-05-22T22:30:00+0200,120.01,EUR/MWh,FR,FR,day_ahead_price,value,2026-06-21T18:40:53Z
2026-06-21T18:40:01Z,2026-06-21T20:40:01+0200,c0299f87-b988-4d8b-a611-962c285e5a18,2026-05-22T20:45:00Z,2026-05-22T22:45:00+0200,116.42,EUR/MWh,FR,FR,day_ahead_price,value,2026-06-21T18:40:53Z
2026-06-21T18:40:01Z,2026-06-21T20:40:01+0200,c0299f87-b988-4d8b-a611-962c285e5a18,2026-05-22T21:00:00Z,2026-05-22T23:00:00+0200,116.04,EUR/MWh,FR,FR,day_ahead_price,value,2026-06-21T18:40:53Z
2026-06-21T18:40:01Z,2026-06-21T20:40:01+0200,c0299f87-b988-4d8b-a611-962c285e5a18,2026-05-22T21:15:00Z,2026-05-22T23:15:00+0200,114.92,EUR/MWh,FR,FR,day_ahead_price,value,2026-06-21T18:40:53Z
2026-06-21T18:40:01Z,2026-06-21T20:40:01+0200,c0299f87-b988-4d8b-a611-962c285e5a18,2026-05-22T21:30:00Z,2026-05-22T23:30:00+0200,115.61,EUR/MWh,FR,FR,day_ahead_price,value,2026-06-21T18:40:53Z
2026-06-21T18:40:01Z,2026-06-21T20:40:01+0200,c0299f87-b988-4d8b-a611-962c285e5a18,2026-05-22T21:45:00Z,2026-05-22T23:45:00+0200,98.77,EUR/MWh,FR,FR,day_ahead_price,value,2026-06-21T18:40:53Z
2026-06-21T18:40:01Z,2026-06-21T20:40:01+0200,c0299f87-b988-4d8b-a611-962c285e5a18,2026-05-22T22:00:00Z,2026-05-23T00:00:00+0200,115.0,EUR/MWh,FR,FR,day_ahead_price,value,2026-06-21T18:40:53Z
2026-06-21T18:40:01Z,2026-06-21T20:40:01+0200,c0299f87-b988-4d8b-a611-962c285e5a18,2026-05-22T22:15:00Z,2026-05-23T00:15:00+0200,110.0,EUR/MWh,FR,FR,day_ahead_price,value,2026-06-21T18:40:53Z
2026-06-21T18:40:01Z,2026-06-21T20:40:01+0200,c0299f87-b988-4d8b-a611-962c285e5a18,2026-05-22T22:30:00Z,2026-05-23T00:30:00+0200,97.55,EUR/MWh,FR,FR,day_ahead_price,value,2026-06-21T18:40:53Z
2026-06-21T18:40:01Z,2026-06-21T20:40:01+0200,c0299f87-b988-4d8b-a611-962c285e5a18,2026-05-22T22:45:00Z,2026-05-23T00:45:00+0200,91.37,EUR/MWh,FR,FR,day_ahead_price,value,2026-06-21T18:40:53Z
2026-06-21T18:40:01Z,2026-06-21T20:40:01+0200,c0299f87-b988-4d8b-a611-962c285e5a18,2026-05-22T23:00:00Z,2026-05-23T01:00:00+0200,89.62,EUR/MWh,FR,FR,day_ahead_price,value,2026-06-21T18:40:53Z
2026-06-21T18:40:01Z,2026-06-21T20:40:01+0200,c0299f87-b988-4d8b-a611-962c285e5a18,2026-05-22T23:15:00Z,2026-05-23T01:15:00+0200,85.0,EUR/MWh,FR,FR,day_ahead_price,value,2026-06-21T18:40:53Z
2026-06-21T18:40:01Z,2026-06-21T20:40:01+0200,c0299f87-b988-4d8b-a611-962c285e5a18,2026-05-22T23:30:00Z,2026-05-23T01:30:00+0200,80.0,EUR/MWh,FR,FR,day_ahead_price,value,2026-06-21T18:40:53Z
2026-06-21T18:40:01Z,2026-06-21T20:40:01+0200,c0299f87-b988-4d8b-a611-962c285e5a18,2026-05-22T23:45:00Z,2026-05-23T01:45:00+0200,67.14,EUR/MWh,FR,FR,day_ahead_price,value,2026-06-21T18:40:53Z
2026-06-21T18:40:01Z,2026-06-21T20:40:01+0200,c0299f87-b988-4d8b-a611-962c285e5a18,2026-05-23T00:00:00Z,2026-05-23T02:00:00+0200,65.56,EUR/MWh,FR,FR,day_ahead_price,value,2026-06-21T18:40:53Z
2026-06-21T18:40:01Z,2026-06-21T20:40:01+0200,c0299f87-b988-4d8b-a611-962c285e5a18,2026-05-23T00:15:00Z,2026-05-23T02:15:00+0200,62.4,EUR/MWh,FR,FR,day_ahead_price,value,2026-06-21T18:40:53Z
2026-06-21T18:40:01Z,2026-06-21T20:40:01+0200,c0299f87-b988-4d8b-a611-962c285e5a18,2026-05-23T00:30:00Z,2026-05-23T02:30:00+0200,61.88,EUR/MWh,FR,FR,day_ahead_price,value,2026-06-21T18:40:53Z
2026-06-21T18:40:01Z,2026-06-21T20:40:01+0200,c0299f87-b988-4d8b-a611-962c285e5a18,2026-05-23T00:45:00Z,2026-05-23T02:45:00+0200,54.39,EUR/MWh,FR,FR,day_ahead_price,value,2026-06-21T18:40:53Z
2026-06-21T18:40:01Z,2026-06-21T20:40:01+0200,c0299f87-b988-4d8b-a611-962c285e5a18,2026-05-23T01:00:00Z,2026-05-23T03:00:00+0200,49.81,EUR/MWh,FR,FR,day_ahead_price,value,2026-06-21T18:40:53Z
2026-06-21T18:40:01Z,2026-06-21T20:40:01+0200,c0299f87-b988-4d8b-a611-962c285e5a18,2026-05-23T01:15:00Z,2026-05-23T03:15:00+0200,45.98,EUR/MWh,FR,FR,day_ahead_price,value,2026-06-21T18:40:53Z
2026-06-21T18:40:01Z,2026-06-21T20:40:01+0200,c0299f87-b988-4d8b-a611-962c285e5a18,2026-05-23T01:30:00Z,2026-05-23T03:30:00+0200,45.98,EUR/MWh,FR,FR,day_ahead_price,value,2026-06-21T18:40:53Z
2026-06-21T18:40:01Z,2026-06-21T20:40:01+0200,c0299f87-b988-4d8b-a611-962c285e5a18,2026-05-23T01:45:00Z,2026-05-23T03:45:00+0200,45.73,EUR/MWh,FR,FR,day_ahead_price,value,2026-06-21T18:40:53Z
2026-06-21T18:40:01Z,2026-06-21T20:40:01+0200,c0299f87-b988-4d8b-a611-962c285e5a18,2026-05-23T02:00:00Z,2026-05-23T04:00:00+0200,50.0,EUR/MWh,FR,FR,day_ahead_price,value,2026-06-21T18:40:53Z
2026-06-21T18:40:01Z,2026-06-21T20:40:01+0200,c0299f87-b988-4d8b-a611-962c285e5a18,2026-05-23T02:15:00Z,2026-05-23T04:15:00+0200,50.0,EUR/MWh,FR,FR,day_ahead_price,value,2026-06-21T18:40:53Z
2026-06-21T18:40:01Z,2026-06-21T20:40:01+0200,c0299f87-b988-4d8b-a611-962c285e5a18,2026-05-23T02:30:00Z,2026-05-23T04:30:00+0200,50.0,EUR/MWh,FR,FR,day_ahead_price,value,2026-06-21T18:40:53Z
2026-06-21T18:40:01Z,2026-06-21T20:40:01+0200,c0299f87-b988-4d8b-a611-962c285e5a18,2026-05-23T02:45:00Z,2026-05-23T04:45:00+0200,50.0,EUR/MWh,FR,FR,day_ahead_price,value,2026-06-21T18:40:53Z
2026-06-21T18:40:01Z,2026-06-21T20:40:01+0200,c0299f87-b988-4d8b-a611-962c285e5a18,2026-05-23T03:00:00Z,2026-05-23T05:00:00+0200,45.98,EUR/MWh,FR,FR,day_ahead_price,value,2026-06-21T18:40:53Z
2026-06-21T18:40:01Z,2026-06-21T20:40:01+0200,c0299f87-b988-4d8b-a611-962c285e5a18,2026-05-23T03:15:00Z,2026-05-23T05:15:00+0200,46.19,EUR/MWh,FR,FR,day_ahead_price,value,2026-06-21T18:40:53Z
2026-06-21T18:40:01Z,2026-06-21T20:40:01+0200,c0299f87-b988-4d8b-a611-962c285e5a18,2026-05-23T03:30:00Z,2026-05-23T05:30:00+0200,44.78,EUR/MWh,FR,FR,day_ahead_price,value,2026-06-21T18:40:53Z
2026-06-21T18:40:01Z,2026-06-21T20:40:01+0200,c0299f87-b988-4d8b-a611-962c285e5a18,2026-05-23T03:45:00Z,2026-05-23T05:45:00+0200,45.73,EUR/MWh,FR,FR,day_ahead_price,value,2026-06-21T18:40:53Z
2026-06-21T18:40:01Z,2026-06-21T20:40:01+0200,c0299f87-b988-4d8b-a611-962c285e5a18,2026-05-23T04:00:00Z,2026-05-23T06:00:00+0200,46.19,EUR/MWh,FR,FR,day_ahead_price,value,2026-06-21T18:40:53Z
2026-06-21T18:40:01Z,2026-06-21T20:40:01+0200,c0299f87-b988-4d8b-a611-962c285e5a18,2026-05-23T04:15:00Z,2026-05-23T06:15:00+0200,43.0,EUR/MWh,FR,FR,day_ahead_price,value,2026-06-21T18:40:53Z
2026-06-21T18:40:01Z,2026-06-21T20:40:01+0200,c0299f87-b988-4d8b-a611-962c285e5a18,2026-05-23T04:30:00Z,2026-05-23T06:30:00+0200,46.4,EUR/MWh,FR,FR,day_ahead_price,value,2026-06-21T18:40:53Z
2026-06-21T18:40:01Z,2026-06-21T20:40:01+0200,c0299f87-b988-4d8b-a611-962c285e5a18,2026-05-23T04:45:00Z,2026-05-23T06:45:00+0200,46.4,EUR/MWh,FR,FR,day_ahead_price,value,2026-06-21T18:40:53Z
2026-06-21T18:40:01Z,2026-06-21T20:40:01+0200,c0299f87-b988-4d8b-a611-962c285e5a18,2026-05-23T05:00:00Z,2026-05-23T07:00:00+0200,61.88,EUR/MWh,FR,FR,day_ahead_price,value,2026-06-21T18:40:53Z
2026-06-21T18:40:01Z,2026-06-21T20:40:01+0200,c0299f87-b988-4d8b-a611-962c285e5a18,2026-05-23T05:15:00Z,2026-05-23T07:15:00+0200,49.26,EUR/MWh,FR,FR,day_ahead_price,value,2026-06-21T18:40:53Z
2026-06-21T18:40:01Z,2026-06-21T20:40:01+0200,c0299f87-b988-4d8b-a611-962c285e5a18,2026-05-23T05:30:00Z,2026-05-23T07:30:00+0200,45.73,EUR/MWh,FR,FR,day_ahead_price,value,2026-06-21T18:40:53Z
2026-06-21T18:40:01Z,2026-06-21T20:40:01+0200,c0299f87-b988-4d8b-a611-962c285e5a18,2026-05-23T05:45:00Z,2026-05-23T07:45:00+0200,40.0,EUR/MWh,FR,FR,day_ahead_price,value,2026-06-21T18:40:53Z
2026-06-21T18:40:01Z,2026-06-21T20:40:01+0200,c0299f87-b988-4d8b-a611-962c285e5a18,2026-05-23T06:00:00Z,2026-05-23T08:00:00+0200,44.9,EUR/MWh,FR,FR,day_ahead_price,value,2026-06-21T18:40:53Z
2026-06-21T18:40:01Z,2026-06-21T20:40:01+0200,c0299f87-b988-4d8b-a611-962c285e5a18,2026-05-23T06:15:00Z,2026-05-23T08:15:00+0200,34.0,EUR/MWh,FR,FR,day_ahead_price,value,2026-06-21T18:40:53Z
2026-06-21T18:40:01Z,2026-06-21T20:40:01+0200,c0299f87-b988-4d8b-a611-962c285e5a18,2026-05-23T06:30:00Z,2026-05-23T08:30:00+0200,5.27,EUR/MWh,FR,FR,day_ahead_price,value,2026-06-21T18:40:53Z
2026-06-21T18:40:01Z,2026-06-21T20:40:01+0200,c0299f87-b988-4d8b-a611-962c285e5a18,2026-05-23T06:45:00Z,2026-05-23T08:45:00+0200,0.51,EUR/MWh,FR,FR,day_ahead_price,value,2026-06-21T18:40:53Z
2026-06-21T18:40:01Z,2026-06-21T20:40:01+0200,c0299f87-b988-4d8b-a611-962c285e5a18,2026-05-23T07:00:00Z,2026-05-23T09:00:00+0200,5.4,EUR/MWh,FR,FR,day_ahead_price,value,2026-06-21T18:40:53Z
2026-06-21T18:40:01Z,2026-06-21T20:40:01+0200,c0299f87-b988-4d8b-a611-962c285e5a18,2026-05-23T07:15:00Z,2026-05-23T09:15:00+0200,1.0,EUR/MWh,FR,FR,day_ahead_price,value,2026-06-21T18:40:53Z
2026-06-21T18:40:01Z,2026-06-21T20:40:01+0200,c0299f87-b988-4d8b-a611-962c285e5a18,2026-05-23T07:30:00Z,2026-05-23T09:30:00+0200,0.0,EUR/MWh,FR,FR,day_ahead_price,value,2026-06-21T18:40:53Z
2026-06-21T18:40:01Z,2026-06-21T20:40:01+0200,c0299f87-b988-4d8b-a611-962c285e5a18,2026-05-23T07:45:00Z,2026-05-23T09:45:00+0200,0.0,EUR/MWh,FR,FR,day_ahead_price,value,2026-06-21T18:40:53Z
2026-06-21T18:40:01Z,2026-06-21T20:40:01+0200,c0299f87-b988-4d8b-a611-962c285e5a18,2026-05-23T08:00:00Z,2026-05-23T10:00:00+0200,-0.01,EUR/MWh,FR,FR,day_ahead_price,value,2026-06-21T18:40:53Z
2026-06-21T18:40:01Z,2026-06-21T20:40:01+0200,c0299f87-b988-4d8b-a611-962c285e5a18,2026-05-23T08:15:00Z,2026-05-23T10:15:00+0200,-0.02,EUR/MWh,FR,FR,day_ahead_price,value,2026-06-21T18:40:53Z
2026-06-21T18:40:01Z,2026-06-21T20:40:01+0200,c0299f87-b988-4d8b-a611-962c285e5a18,2026-05-23T08:30:00Z,2026-05-23T10:30:00+0200,-0.3,EUR/MWh,FR,FR,day_ahead_price,value,2026-06-21T18:40:53Z
2026-06-21T18:40:01Z,2026-06-21T20:40:01+0200,c0299f87-b988-4d8b-a611-962c285e5a18,2026-05-23T08:45:00Z,2026-05-23T10:45:00+0200,-1.0,EUR/MWh,FR,FR,day_ahead_price,value,2026-06-21T18:40:53Z
2026-06-21T18:40:01Z,2026-06-21T20:40:01+0200,c0299f87-b988-4d8b-a611-962c285e5a18,2026-05-23T09:00:00Z,2026-05-23T11:00:00+0200,-2.0,EUR/MWh,FR,FR,day_ahead_price,value,2026-06-21T18:40:53Z
2026-06-21T18:40:01Z,2026-06-21T20:40:01+0200,c0299f87-b988-4d8b-a611-962c285e5a18,2026-05-23T09:15:00Z,2026-05-23T11:15:00+0200,-2.09,EUR/MWh,FR,FR,day_ahead_price,value,2026-06-21T18:40:53Z
2026-06-21T18:40:01Z,2026-06-21T20:40:01+0200,c0299f87-b988-4d8b-a611-962c285e5a18,2026-05-23T09:30:00Z,2026-05-23T11:30:00+0200,-5.94,EUR/MWh,FR,FR,day_ahead_price,value,2026-06-21T18:40:53Z
2026-06-21T18:40:01Z,2026-06-21T20:40:01+0200,c0299f87-b988-4d8b-a611-962c285e5a18,2026-05-23T09:45:00Z,2026-05-23T11:45:00+0200,-5.43,EUR/MWh,FR,FR,day_ahead_price,value,2026-06-21T18:40:53Z
2026-06-21T18:40:01Z,2026-06-21T20:40:01+0200,c0299f87-b988-4d8b-a611-962c285e5a18,2026-05-23T10:00:00Z,2026-05-23T12:00:00+0200,-5.96,EUR/MWh,FR,FR,day_ahead_price,value,2026-06-21T18:40:53Z
2026-06-21T18:40:01Z,2026-06-21T20:40:01+0200,c0299f87-b988-4d8b-a611-962c285e5a18,2026-05-23T10:15:00Z,2026-05-23T12:15:00+0200,-9.94,EUR/MWh,FR,FR,day_ahead_price,value,2026-06-21T18:40:53Z
2026-06-21T18:40:01Z,2026-06-21T20:40:01+0200,c0299f87-b988-4d8b-a611-962c285e5a18,2026-05-23T10:30:00Z,2026-05-23T12:30:00+0200,-13.42,EUR/MWh,FR,FR,day_ahead_price,value,2026-06-21T18:40:53Z
2026-06-21T18:40:01Z,2026-06-21T20:40:01+0200,c0299f87-b988-4d8b-a611-962c285e5a18,2026-05-23T10:45:00Z,2026-05-23T12:45:00+0200,-19.82,EUR/MWh,FR,FR,day_ahead_price,value,2026-06-21T18:40:53Z
2026-06-21T18:40:01Z,2026-06-21T20:40:01+0200,c0299f87-b988-4d8b-a611-962c285e5a18,2026-05-23T11:00:00Z,2026-05-23T13:00:00+0200,-24.79,EUR/MWh,FR,FR,day_ahead_price,value,2026-06-21T18:40:53Z
2026-06-21T18:40:01Z,2026-06-21T20:40:01+0200,c0299f87-b988-4d8b-a611-962c285e5a18,2026-05-23T11:15:00Z,2026-05-23T13:15:00+0200,-29.74,EUR/MWh,FR,FR,day_ahead_price,value,2026-06-21T18:40:53Z
2026-06-21T18:40:01Z,2026-06-21T20:40:01+0200,c0299f87-b988-4d8b-a611-962c285e5a18,2026-05-23T11:30:00Z,2026-05-23T13:30:00+0200,-36.35,EUR/MWh,FR,FR,day_ahead_price,value,2026-06-21T18:40:53Z
2026-06-21T18:40:01Z,2026-06-21T20:40:01+0200,c0299f87-b988-4d8b-a611-962c285e5a18,2026-05-23T11:45:00Z,2026-05-23T13:45:00+0200,-35.32,EUR/MWh,FR,FR,day_ahead_price,value,2026-06-21T18:40:53Z
2026-06-21T18:40:01Z,2026-06-21T20:40:01+0200,c0299f87-b988-4d8b-a611-962c285e5a18,2026-05-23T12:00:00Z,2026-05-23T14:00:00+0200,-26.8,EUR/MWh,FR,FR,day_ahead_price,value,2026-06-21T18:40:53Z
2026-06-21T18:40:01Z,2026-06-21T20:40:01+0200,c0299f87-b988-4d8b-a611-962c285e5a18,2026-05-23T12:15:00Z,2026-05-23T14:15:00+0200,-19.89,EUR/MWh,FR,FR,day_ahead_price,value,2026-06-21T18:40:53Z
2026-06-21T18:40:01Z,2026-06-21T20:40:01+0200,c0299f87-b988-4d8b-a611-962c285e5a18,2026-05-23T12:30:00Z,2026-05-23T14:30:00+0200,-13.42,EUR/MWh,FR,FR,day_ahead_price,value,2026-06-21T18:40:53Z
2026-06-21T18:40:01Z,2026-06-21T20:40:01+0200,c0299f87-b988-4d8b-a611-962c285e5a18,2026-05-23T12:45:00Z,2026-05-23T14:45:00+0200,-12.94,EUR/MWh,FR,FR,day_ahead_price,value,2026-06-21T18:40:53Z
2026-06-21T18:40:01Z,2026-06-21T20:40:01+0200,c0299f87-b988-4d8b-a611-962c285e5a18,2026-05-23T13:00:00Z,2026-05-23T15:00:00+0200,-8.67,EUR/MWh,FR,FR,day_ahead_price,value,2026-06-21T18:40:53Z
2026-06-21T18:40:01Z,2026-06-21T20:40:01+0200,c0299f87-b988-4d8b-a611-962c285e5a18,2026-05-23T13:15:00Z,2026-05-23T15:15:00+0200,-3.23,EUR/MWh,FR,FR,day_ahead_price,value,2026-06-21T18:40:53Z
2026-06-21T18:40:01Z,2026-06-21T20:40:01+0200,c0299f87-b988-4d8b-a611-962c285e5a18,2026-05-23T13:30:00Z,2026-05-23T15:30:00+0200,-2.1,EUR/MWh,FR,FR,day_ahead_price,value,2026-06-21T18:40:53Z
2026-06-21T18:40:01Z,2026-06-21T20:40:01+0200,c0299f87-b988-4d8b-a611-962c285e5a18,2026-05-23T13:45:00Z,2026-05-23T15:45:00+0200,-2.0,EUR/MWh,FR,FR,day_ahead_price,value,2026-06-21T18:40:53Z
2026-06-21T18:40:01Z,2026-06-21T20:40:01+0200,c0299f87-b988-4d8b-a611-962c285e5a18,2026-05-23T14:00:00Z,2026-05-23T16:00:00+0200,-1.07,EUR/MWh,FR,FR,day_ahead_price,value,2026-06-21T18:40:53Z
2026-06-21T18:40:01Z,2026-06-21T20:40:01+0200,c0299f87-b988-4d8b-a611-962c285e5a18,2026-05-23T14:15:00Z,2026-05-23T16:15:00+0200,-0.09,EUR/MWh,FR,FR,day_ahead_price,value,2026-06-21T18:40:53Z
2026-06-21T18:40:01Z,2026-06-21T20:40:01+0200,c0299f87-b988-4d8b-a611-962c285e5a18,2026-05-23T14:30:00Z,2026-05-23T16:30:00+0200,-0.01,EUR/MWh,FR,FR,day_ahead_price,value,2026-06-21T18:40:53Z
2026-06-21T18:40:01Z,2026-06-21T20:40:01+0200,c0299f87-b988-4d8b-a611-962c285e5a18,2026-05-23T14:45:00Z,2026-05-23T16:45:00+0200,-0.01,EUR/MWh,FR,FR,day_ahead_price,value,2026-06-21T18:40:53Z
2026-06-21T18:40:01Z,2026-06-21T20:40:01+0200,c0299f87-b988-4d8b-a611-962c285e5a18,2026-05-23T15:00:00Z,2026-05-23T17:00:00+0200,-0.01,EUR/MWh,FR,FR,day_ahead_price,value,2026-06-21T18:40:53Z
2026-06-21T18:40:01Z,2026-06-21T20:40:01+0200,c0299f87-b988-4d8b-a611-962c285e5a18,2026-05-23T15:15:00Z,2026-05-23T17:15:00+0200,-0.01,EUR/MWh,FR,FR,day_ahead_price,value,2026-06-21T18:40:53Z
2026-06-21T18:40:01Z,2026-06-21T20:40:01+0200,c0299f87-b988-4d8b-a611-962c285e5a18,2026-05-23T15:30:00Z,2026-05-23T17:30:00+0200,-0.01,EUR/MWh,FR,FR,day_ahead_price,value,2026-06-21T18:40:53Z
2026-06-21T18:40:01Z,2026-06-21T20:40:01+0200,c0299f87-b988-4d8b-a611-962c285e5a18,2026-05-23T15:45:00Z,2026-05-23T17:45:00+0200,0.0,EUR/MWh,FR,FR,day_ahead_price,value,2026-06-21T18:40:53Z
2026-06-21T18:40:01Z,2026-06-21T20:40:01+0200,c0299f87-b988-4d8b-a611-962c285e5a18,2026-05-23T16:00:00Z,2026-05-23T18:00:00+0200,0.01,EUR/MWh,FR,FR,day_ahead_price,value,2026-06-21T18:40:53Z
2026-06-21T18:40:01Z,2026-06-21T20:40:01+0200,c0299f87-b988-4d8b-a611-962c285e5a18,2026-05-23T16:15:00Z,2026-05-23T18:15:00+0200,1.61,EUR/MWh,FR,FR,day_ahead_price,value,2026-06-21T18:40:53Z
2026-06-21T18:40:01Z,2026-06-21T20:40:01+0200,c0299f87-b988-4d8b-a611-962c285e5a18,2026-05-23T16:30:00Z,2026-05-23T18:30:00+0200,9.62,EUR/MWh,FR,FR,day_ahead_price,value,2026-06-21T18:40:53Z
2026-06-21T18:40:01Z,2026-06-21T20:40:01+0200,c0299f87-b988-4d8b-a611-962c285e5a18,2026-05-23T16:45:00Z,2026-05-23T18:45:00+0200,32.8,EUR/MWh,FR,FR,day_ahead_price,value,2026-06-21T18:40:53Z
2026-06-21T18:40:01Z,2026-06-21T20:40:01+0200,c0299f87-b988-4d8b-a611-962c285e5a18,2026-05-23T17:00:00Z,2026-05-23T19:00:00+0200,5.02,EUR/MWh,FR,FR,day_ahead_price,value,2026-06-21T18:40:53Z
2026-06-21T18:40:01Z,2026-06-21T20:40:01+0200,c0299f87-b988-4d8b-a611-962c285e5a18,2026-05-23T17:15:00Z,2026-05-23T19:15:00+0200,36.5,EUR/MWh,FR,FR,day_ahead_price,value,2026-06-21T18:40:53Z
2026-06-21T18:40:01Z,2026-06-21T20:40:01+0200,c0299f87-b988-4d8b-a611-962c285e5a18,2026-05-23T17:30:00Z,2026-05-23T19:30:00+0200,45.73,EUR/MWh,FR,FR,day_ahead_price,value,2026-06-21T18:40:53Z
2026-06-21T18:40:01Z,2026-06-21T20:40:01+0200,c0299f87-b988-4d8b-a611-962c285e5a18,2026-05-23T17:45:00Z,2026-05-23T19:45:00+0200,66.56,EUR/MWh,FR,FR,day_ahead_price,value,2026-06-21T18:40:53Z
2026-06-21T18:40:01Z,2026-06-21T20:40:01+0200,c0299f87-b988-4d8b-a611-962c285e5a18,2026-05-23T18:00:00Z,2026-05-23T20:00:00+0200,43.88,EUR/MWh,FR,FR,day_ahead_price,value,2026-06-21T18:40:53Z
2026-06-21T18:40:01Z,2026-06-21T20:40:01+0200,c0299f87-b988-4d8b-a611-962c285e5a18,2026-05-23T18:15:00Z,2026-05-23T20:15:00+0200,56.96,EUR/MWh,FR,FR,day_ahead_price,value,2026-06-21T18:40:53Z
2026-06-21T18:40:01Z,2026-06-21T20:40:01+0200,c0299f87-b988-4d8b-a611-962c285e5a18,2026-05-23T18:30:00Z,2026-05-23T20:30:00+0200,65.56,EUR/MWh,FR,FR,day_ahead_price,value,2026-06-21T18:40:53Z
2026-06-21T18:40:01Z,2026-06-21T20:40:01+0200,c0299f87-b988-4d8b-a611-962c285e5a18,2026-05-23T18:45:00Z,2026-05-23T20:45:00+0200,83.44,EUR/MWh,FR,FR,day_ahead_price,value,2026-06-21T18:40:53Z
2026-06-21T18:40:01Z,2026-06-21T20:40:01+0200,c0299f87-b988-4d8b-a611-962c285e5a18,2026-05-23T19:00:00Z,2026-05-23T21:00:00+0200,91.37,EUR/MWh,FR,FR,day_ahead_price,value,2026-06-21T18:40:53Z
2026-06-21T18:40:01Z,2026-06-21T20:40:01+0200,c0299f87-b988-4d8b-a611-962c285e5a18,2026-05-23T19:15:00Z,2026-05-23T21:15:00+0200,95.7,EUR/MWh,FR,FR,day_ahead_price,value,2026-06-21T18:40:53Z
2026-06-21T18:40:01Z,2026-06-21T20:40:01+0200,c0299f87-b988-4d8b-a611-962c285e5a18,2026-05-23T19:30:00Z,2026-05-23T21:30:00+0200,96.81,EUR/MWh,FR,FR,day_ahead_price,value,2026-06-21T18:40:53Z
2026-06-21T18:40:01Z,2026-06-21T20:40:01+0200,c0299f87-b988-4d8b-a611-962c285e5a18,2026-05-23T19:45:00Z,2026-05-23T21:45:00+0200,95.7,EUR/MWh,FR,FR,day_ahead_price,value,2026-06-21T18:40:53Z
2026-06-21T18:40:01Z,2026-06-21T20:40:01+0200,c0299f87-b988-4d8b-a611-962c285e5a18,2026-05-23T20:00:00Z,2026-05-23T22:00:00+0200,110.0,EUR/MWh,FR,FR,day_ahead_price,value,2026-06-21T18:40:53Z
2026-06-21T18:40:01Z,2026-06-21T20:40:01+0200,c0299f87-b988-4d8b-a611-962c285e5a18,2026-05-23T20:15:00Z,2026-05-23T22:15:00+0200,102.24,EUR/MWh,FR,FR,day_ahead_price,value,2026-06-21T18:40:53Z
2026-06-21T18:40:01Z,2026-06-21T20:40:01+0200,c0299f87-b988-4d8b-a611-962c285e5a18,2026-05-23T20:30:00Z,2026-05-23T22:30:00+0200,109.89,EUR/MWh,FR,FR,day_ahead_price,value,2026-06-21T18:40:53Z
2026-06-21T18:40:01Z,2026-06-21T20:40:01+0200,c0299f87-b988-4d8b-a611-962c285e5a18,2026-05-23T20:45:00Z,2026-05-23T22:45:00+0200,92.0,EUR/MWh,FR,FR,day_ahead_price,value,2026-06-21T18:40:53Z
2026-06-21T18:40:01Z,2026-06-21T20:40:01+0200,c0299f87-b988-4d8b-a611-962c285e5a18,2026-05-23T21:00:00Z,2026-05-23T23:00:00+0200,91.22,EUR/MWh,FR,FR,day_ahead_price,value,2026-06-21T18:40:53Z
2026-06-21T18:40:01Z,2026-06-21T20:40:01+0200,c0299f87-b988-4d8b-a611-962c285e5a18,2026-05-23T21:15:00Z,2026-05-23T23:15:00+0200,82.0,EUR/MWh,FR,FR,day_ahead_price,value,2026-06-21T18:40:53Z
2026-06-21T18:40:01Z,2026-06-21T20:40:01+0200,c0299f87-b988-4d8b-a611-962c285e5a18,2026-05-23T21:30:00Z,2026-05-23T23:30:00+0200,77.0,EUR/MWh,FR,FR,day_ahead_price,value,2026-06-21T18:40:53Z
2026-06-21T18:40:01Z,2026-06-21T20:40:01+0200,c0299f87-b988-4d8b-a611-962c285e5a18,2026-05-23T21:45:00Z,2026-05-23T23:45:00+0200,65.56,EUR/MWh,FR,FR,day_ahead_price,value,2026-06-21T18:40:53Z
2026-06-21T18:40:01Z,2026-06-21T20:40:01+0200,c0299f87-b988-4d8b-a611-962c285e5a18,2026-05-23T22:00:00Z,2026-05-24T00:00:00+0200,77.99,EUR/MWh,FR,FR,day_ahead_price,value,2026-06-21T18:40:53Z
2026-06-21T18:40:01Z,2026-06-21T20:40:01+0200,c0299f87-b988-4d8b-a611-962c285e5a18,2026-05-23T22:15:00Z,2026-05-24T00:15:00+0200,71.4,EUR/MWh,FR,FR,day_ahead_price,value,2026-06-21T18:40:53Z
2026-06-21T18:40:01Z,2026-06-21T20:40:01+0200,c0299f87-b988-4d8b-a611-962c285e5a18,2026-05-23T22:30:00Z,2026-05-24T00:30:00+0200,56.88,EUR/MWh,FR,FR,day_ahead_price,value,2026-06-21T18:40:53Z
2026-06-21T18:40:01Z,2026-06-21T20:40:01+0200,c0299f87-b988-4d8b-a611-962c285e5a18,2026-05-23T22:45:00Z,2026-05-24T00:45:00+0200,50.0,EUR/MWh,FR,FR,day_ahead_price,value,2026-06-21T18:40:53Z
2026-06-21T18:40:01Z,2026-06-21T20:40:01+0200,c0299f87-b988-4d8b-a611-962c285e5a18,2026-05-23T23:00:00Z,2026-05-24T01:00:00+0200,54.0,EUR/MWh,FR,FR,day_ahead_price,value,2026-06-21T18:40:53Z
2026-06-21T18:40:01Z,2026-06-21T20:40:01+0200,c0299f87-b988-4d8b-a611-962c285e5a18,2026-05-23T23:15:00Z,2026-05-24T01:15:00+0200,45.0,EUR/MWh,FR,FR,day_ahead_price,value,2026-06-21T18:40:53Z
2026-06-21T18:40:01Z,2026-06-21T20:40:01+0200,c0299f87-b988-4d8b-a611-962c285e5a18,2026-05-23T23:30:00Z,2026-05-24T01:30:00+0200,40.5,EUR/MWh,FR,FR,day_ahead_price,value,2026-06-21T18:40:53Z
2026-06-21T18:40:01Z,2026-06-21T20:40:01+0200,c0299f87-b988-4d8b-a611-962c285e5a18,2026-05-23T23:45:00Z,2026-05-24T01:45:00+0200,35.02,EUR/MWh,FR,FR,day_ahead_price,value,2026-06-21T18:40:53Z
2026-06-21T18:40:01Z,2026-06-21T20:40:01+0200,c0299f87-b988-4d8b-a611-962c285e5a18,2026-05-24T00:00:00Z,2026-05-24T02:00:00+0200,35.02,EUR/MWh,FR,FR,day_ahead_price,value,2026-06-21T18:40:53Z
2026-06-21T18:40:01Z,2026-06-21T20:40:01+0200,c0299f87-b988-4d8b-a611-962c285e5a18,2026-05-24T00:15:00Z,2026-05-24T02:15:00+0200,35.02,EUR/MWh,FR,FR,day_ahead_price,value,2026-06-21T18:40:53Z
2026-06-21T18:40:01Z,2026-06-21T20:40:01+0200,c0299f87-b988-4d8b-a611-962c285e5a18,2026-05-24T00:30:00Z,2026-05-24T02:30:00+0200,35.02,EUR/MWh,FR,FR,day_ahead_price,value,2026-06-21T18:40:53Z
2026-06-21T18:40:01Z,2026-06-21T20:40:01+0200,c0299f87-b988-4d8b-a611-962c285e5a18,2026-05-24T00:45:00Z,2026-05-24T02:45:00+0200,35.02,EUR/MWh,FR,FR,day_ahead_price,value,2026-06-21T18:40:53Z
2026-06-21T18:40:01Z,2026-06-21T20:40:01+0200,c0299f87-b988-4d8b-a611-962c285e5a18,2026-05-24T01:00:00Z,2026-05-24T03:00:00+0200,35.02,EUR/MWh,FR,FR,day_ahead_price,value,2026-06-21T18:40:53Z
2026-06-21T18:40:01Z,2026-06-21T20:40:01+0200,c0299f87-b988-4d8b-a611-962c285e5a18,2026-05-24T01:15:00Z,2026-05-24T03:15:00+0200,31.85,EUR/MWh,FR,FR,day_ahead_price,value,2026-06-21T18:40:53Z
2026-06-21T18:40:01Z,2026-06-21T20:40:01+0200,c0299f87-b988-4d8b-a611-962c285e5a18,2026-05-24T01:30:00Z,2026-05-24T03:30:00+0200,33.12,EUR/MWh,FR,FR,day_ahead_price,value,2026-06-21T18:40:53Z
2026-06-21T18:40:01Z,2026-06-21T20:40:01+0200,c0299f87-b988-4d8b-a611-962c285e5a18,2026-05-24T01:45:00Z,2026-05-24T03:45:00+0200,28.17,EUR/MWh,FR,FR,day_ahead_price,value,2026-06-21T18:40:53Z
2026-06-21T18:40:01Z,2026-06-21T20:40:01+0200,c0299f87-b988-4d8b-a611-962c285e5a18,2026-05-24T02:00:00Z,2026-05-24T04:00:00+0200,25.67,EUR/MWh,FR,FR,day_ahead_price,value,2026-06-21T18:40:53Z
2026-06-21T18:40:01Z,2026-06-21T20:40:01+0200,c0299f87-b988-4d8b-a611-962c285e5a18,2026-05-24T02:15:00Z,2026-05-24T04:15:00+0200,29.87,EUR/MWh,FR,FR,day_ahead_price,value,2026-06-21T18:40:53Z
2026-06-21T18:40:01Z,2026-06-21T20:40:01+0200,c0299f87-b988-4d8b-a611-962c285e5a18,2026-05-24T02:30:00Z,2026-05-24T04:30:00+0200,32.22,EUR/MWh,FR,FR,day_ahead_price,value,2026-06-21T18:40:53Z
2026-06-21T18:40:01Z,2026-06-21T20:40:01+0200,c0299f87-b988-4d8b-a611-962c285e5a18,2026-05-24T02:45:00Z,2026-05-24T04:45:00+0200,22.7,EUR/MWh,FR,FR,day_ahead_price,value,2026-06-21T18:40:53Z
2026-06-21T18:40:01Z,2026-06-21T20:40:01+0200,c0299f87-b988-4d8b-a611-962c285e5a18,2026-05-24T03:00:00Z,2026-05-24T05:00:00+0200,26.17,EUR/MWh,FR,FR,day_ahead_price,value,2026-06-21T18:40:53Z
2026-06-21T18:40:01Z,2026-06-21T20:40:01+0200,c0299f87-b988-4d8b-a611-962c285e5a18,2026-05-24T03:15:00Z,2026-05-24T05:15:00+0200,28.77,EUR/MWh,FR,FR,day_ahead_price,value,2026-06-21T18:40:53Z
2026-06-21T18:40:01Z,2026-06-21T20:40:01+0200,c0299f87-b988-4d8b-a611-962c285e5a18,2026-05-24T03:30:00Z,2026-05-24T05:30:00+0200,31.26,EUR/MWh,FR,FR,day_ahead_price,value,2026-06-21T18:40:53Z
2026-06-21T18:40:01Z,2026-06-21T20:40:01+0200,c0299f87-b988-4d8b-a611-962c285e5a18,2026-05-24T03:45:00Z,2026-05-24T05:45:00+0200,35.02,EUR/MWh,FR,FR,day_ahead_price,value,2026-06-21T18:40:53Z
2026-06-21T18:40:01Z,2026-06-21T20:40:01+0200,c0299f87-b988-4d8b-a611-962c285e5a18,2026-05-24T04:00:00Z,2026-05-24T06:00:00+0200,31.49,EUR/MWh,FR,FR,day_ahead_price,value,2026-06-21T18:40:53Z
2026-06-21T18:40:01Z,2026-06-21T20:40:01+0200,c0299f87-b988-4d8b-a611-962c285e5a18,2026-05-24T04:15:00Z,2026-05-24T06:15:00+0200,22.71,EUR/MWh,FR,FR,day_ahead_price,value,2026-06-21T18:40:53Z
2026-06-21T18:40:01Z,2026-06-21T20:40:01+0200,c0299f87-b988-4d8b-a611-962c285e5a18,2026-05-24T04:30:00Z,2026-05-24T06:30:00+0200,34.62,EUR/MWh,FR,FR,day_ahead_price,value,2026-06-21T18:40:53Z
2026-06-21T18:40:01Z,2026-06-21T20:40:01+0200,c0299f87-b988-4d8b-a611-962c285e5a18,2026-05-24T04:45:00Z,2026-05-24T06:45:00+0200,29.99,EUR/MWh,FR,FR,day_ahead_price,value,2026-06-21T18:40:53Z
2026-06-21T18:40:01Z,2026-06-21T20:40:01+0200,c0299f87-b988-4d8b-a611-962c285e5a18,2026-05-24T05:00:00Z,2026-05-24T07:00:00+0200,27.84,EUR/MWh,FR,FR,day_ahead_price,value,2026-06-21T18:40:53Z
2026-06-21T18:40:01Z,2026-06-21T20:40:01+0200,c0299f87-b988-4d8b-a611-962c285e5a18,2026-05-24T05:15:00Z,2026-05-24T07:15:00+0200,16.0,EUR/MWh,FR,FR,day_ahead_price,value,2026-06-21T18:40:53Z
2026-06-21T18:40:01Z,2026-06-21T20:40:01+0200,c0299f87-b988-4d8b-a611-962c285e5a18,2026-05-24T05:30:00Z,2026-05-24T07:30:00+0200,35.01,EUR/MWh,FR,FR,day_ahead_price,value,2026-06-21T18:40:53Z
2026-06-21T18:40:01Z,2026-06-21T20:40:01+0200,c0299f87-b988-4d8b-a611-962c285e5a18,2026-05-24T05:45:00Z,2026-05-24T07:45:00+0200,27.06,EUR/MWh,FR,FR,day_ahead_price,value,2026-06-21T18:40:53Z
2026-06-21T18:40:01Z,2026-06-21T20:40:01+0200,c0299f87-b988-4d8b-a611-962c285e5a18,2026-05-24T06:00:00Z,2026-05-24T08:00:00+0200,26.32,EUR/MWh,FR,FR,day_ahead_price,value,2026-06-21T18:40:53Z
2026-06-21T18:40:01Z,2026-06-21T20:40:01+0200,c0299f87-b988-4d8b-a611-962c285e5a18,2026-05-24T06:15:00Z,2026-05-24T08:15:00+0200,7.96,EUR/MWh,FR,FR,day_ahead_price,value,2026-06-21T18:40:53Z
2026-06-21T18:40:01Z,2026-06-21T20:40:01+0200,c0299f87-b988-4d8b-a611-962c285e5a18,2026-05-24T06:30:00Z,2026-05-24T08:30:00+0200,0.49,EUR/MWh,FR,FR,day_ahead_price,value,2026-06-21T18:40:53Z
2026-06-21T18:40:01Z,2026-06-21T20:40:01+0200,c0299f87-b988-4d8b-a611-962c285e5a18,2026-05-24T06:45:00Z,2026-05-24T08:45:00+0200,0.0,EUR/MWh,FR,FR,day_ahead_price,value,2026-06-21T18:40:53Z
2026-06-21T18:40:01Z,2026-06-21T20:40:01+0200,c0299f87-b988-4d8b-a611-962c285e5a18,2026-05-24T07:00:00Z,2026-05-24T09:00:00+0200,0.01,EUR/MWh,FR,FR,day_ahead_price,value,2026-06-21T18:40:53Z
2026-06-21T18:40:01Z,2026-06-21T20:40:01+0200,c0299f87-b988-4d8b-a611-962c285e5a18,2026-05-24T07:15:00Z,2026-05-24T09:15:00+0200,0.0,EUR/MWh,FR,FR,day_ahead_price,value,2026-06-21T18:40:53Z
2026-06-21T18:40:01Z,2026-06-21T20:40:01+0200,c0299f87-b988-4d8b-a611-962c285e5a18,2026-05-24T07:30:00Z,2026-05-24T09:30:00+0200,-0.01,EUR/MWh,FR,FR,day_ahead_price,value,2026-06-21T18:40:53Z
2026-06-21T18:40:01Z,2026-06-21T20:40:01+0200,c0299f87-b988-4d8b-a611-962c285e5a18,2026-05-24T07:45:00Z,2026-05-24T09:45:00+0200,-0.11,EUR/MWh,FR,FR,day_ahead_price,value,2026-06-21T18:40:53Z
2026-06-21T18:40:01Z,2026-06-21T20:40:01+0200,c0299f87-b988-4d8b-a611-962c285e5a18,2026-05-24T08:00:00Z,2026-05-24T10:00:00+0200,-0.11,EUR/MWh,FR,FR,day_ahead_price,value,2026-06-21T18:40:53Z
2026-06-21T18:40:01Z,2026-06-21T20:40:01+0200,c0299f87-b988-4d8b-a611-962c285e5a18,2026-05-24T08:15:00Z,2026-05-24T10:15:00+0200,-0.9,EUR/MWh,FR,FR,day_ahead_price,value,2026-06-21T18:40:53Z
2026-06-21T18:40:01Z,2026-06-21T20:40:01+0200,c0299f87-b988-4d8b-a611-962c285e5a18,2026-05-24T08:30:00Z,2026-05-24T10:30:00+0200,-3.0,EUR/MWh,FR,FR,day_ahead_price,value,2026-06-21T18:40:53Z
2026-06-21T18:40:01Z,2026-06-21T20:40:01+0200,c0299f87-b988-4d8b-a611-962c285e5a18,2026-05-24T08:45:00Z,2026-05-24T10:45:00+0200,-6.0,EUR/MWh,FR,FR,day_ahead_price,value,2026-06-21T18:40:53Z
2026-06-21T18:40:01Z,2026-06-21T20:40:01+0200,c0299f87-b988-4d8b-a611-962c285e5a18,2026-05-24T09:00:00Z,2026-05-24T11:00:00+0200,-5.99,EUR/MWh,FR,FR,day_ahead_price,value,2026-06-21T18:40:53Z
2026-06-21T18:40:01Z,2026-06-21T20:40:01+0200,c0299f87-b988-4d8b-a611-962c285e5a18,2026-05-24T09:15:00Z,2026-05-24T11:15:00+0200,-11.25,EUR/MWh,FR,FR,day_ahead_price,value,2026-06-21T18:40:53Z
2026-06-21T18:40:01Z,2026-06-21T20:40:01+0200,c0299f87-b988-4d8b-a611-962c285e5a18,2026-05-24T09:30:00Z,2026-05-24T11:30:00+0200,-14.33,EUR/MWh,FR,FR,day_ahead_price,value,2026-06-21T18:40:53Z
2026-06-21T18:40:01Z,2026-06-21T20:40:01+0200,c0299f87-b988-4d8b-a611-962c285e5a18,2026-05-24T09:45:00Z,2026-05-24T11:45:00+0200,-23.48,EUR/MWh,FR,FR,day_ahead_price,value,2026-06-21T18:40:53Z
2026-06-21T18:40:01Z,2026-06-21T20:40:01+0200,c0299f87-b988-4d8b-a611-962c285e5a18,2026-05-24T10:00:00Z,2026-05-24T12:00:00+0200,-19.48,EUR/MWh,FR,FR,day_ahead_price,value,2026-06-21T18:40:53Z
2026-06-21T18:40:01Z,2026-06-21T20:40:01+0200,c0299f87-b988-4d8b-a611-962c285e5a18,2026-05-24T10:15:00Z,2026-05-24T12:15:00+0200,-29.8,EUR/MWh,FR,FR,day_ahead_price,value,2026-06-21T18:40:53Z
2026-06-21T18:40:01Z,2026-06-21T20:40:01+0200,c0299f87-b988-4d8b-a611-962c285e5a18,2026-05-24T10:30:00Z,2026-05-24T12:30:00+0200,-41.77,EUR/MWh,FR,FR,day_ahead_price,value,2026-06-21T18:40:53Z
2026-06-21T18:40:01Z,2026-06-21T20:40:01+0200,c0299f87-b988-4d8b-a611-962c285e5a18,2026-05-24T10:45:00Z,2026-05-24T12:45:00+0200,-58.37,EUR/MWh,FR,FR,day_ahead_price,value,2026-06-21T18:40:53Z
2026-06-21T18:40:01Z,2026-06-21T20:40:01+0200,c0299f87-b988-4d8b-a611-962c285e5a18,2026-05-24T11:00:00Z,2026-05-24T13:00:00+0200,-59.59,EUR/MWh,FR,FR,day_ahead_price,value,2026-06-21T18:40:53Z
2026-06-21T18:40:01Z,2026-06-21T20:40:01+0200,c0299f87-b988-4d8b-a611-962c285e5a18,2026-05-24T11:15:00Z,2026-05-24T13:15:00+0200,-71.46,EUR/MWh,FR,FR,day_ahead_price,value,2026-06-21T18:40:53Z
2026-06-21T18:40:01Z,2026-06-21T20:40:01+0200,c0299f87-b988-4d8b-a611-962c285e5a18,2026-05-24T11:30:00Z,2026-05-24T13:30:00+0200,-84.35,EUR/MWh,FR,FR,day_ahead_price,value,2026-06-21T18:40:53Z
2026-06-21T18:40:01Z,2026-06-21T20:40:01+0200,c0299f87-b988-4d8b-a611-962c285e5a18,2026-05-24T11:45:00Z,2026-05-24T13:45:00+0200,-86.08,EUR/MWh,FR,FR,day_ahead_price,value,2026-06-21T18:40:53Z
2026-06-21T18:40:01Z,2026-06-21T20:40:01+0200,c0299f87-b988-4d8b-a611-962c285e5a18,2026-05-24T12:00:00Z,2026-05-24T14:00:00+0200,-77.31,EUR/MWh,FR,FR,day_ahead_price,value,2026-06-21T18:40:53Z
2026-06-21T18:40:01Z,2026-06-21T20:40:01+0200,c0299f87-b988-4d8b-a611-962c285e5a18,2026-05-24T12:15:00Z,2026-05-24T14:15:00+0200,-69.49,EUR/MWh,FR,FR,day_ahead_price,value,2026-06-21T18:40:53Z
2026-06-21T18:40:01Z,2026-06-21T20:40:01+0200,c0299f87-b988-4d8b-a611-962c285e5a18,2026-05-24T12:30:00Z,2026-05-24T14:30:00+0200,-58.55,EUR/MWh,FR,FR,day_ahead_price,value,2026-06-21T18:40:53Z
2026-06-21T18:40:01Z,2026-06-21T20:40:01+0200,c0299f87-b988-4d8b-a611-962c285e5a18,2026-05-24T12:45:00Z,2026-05-24T14:45:00+0200,-39.8,EUR/MWh,FR,FR,day_ahead_price,value,2026-06-21T18:40:53Z
2026-06-21T18:40:01Z,2026-06-21T20:40:01+0200,c0299f87-b988-4d8b-a611-962c285e5a18,2026-05-24T13:00:00Z,2026-05-24T15:00:00+0200,-45.97,EUR/MWh,FR,FR,day_ahead_price,value,2026-06-21T18:40:53Z
2026-06-21T18:40:01Z,2026-06-21T20:40:01+0200,c0299f87-b988-4d8b-a611-962c285e5a18,2026-05-24T13:15:00Z,2026-05-24T15:15:00+0200,-27.09,EUR/MWh,FR,FR,day_ahead_price,value,2026-06-21T18:40:53Z
2026-06-21T18:40:01Z,2026-06-21T20:40:01+0200,c0299f87-b988-4d8b-a611-962c285e5a18,2026-05-24T13:30:00Z,2026-05-24T15:30:00+0200,-14.28,EUR/MWh,FR,FR,day_ahead_price,value,2026-06-21T18:40:53Z
2026-06-21T18:40:01Z,2026-06-21T20:40:01+0200,c0299f87-b988-4d8b-a611-962c285e5a18,2026-05-24T13:45:00Z,2026-05-24T15:45:00+0200,-6.0,EUR/MWh,FR,FR,day_ahead_price,value,2026-06-21T18:40:53Z
2026-06-21T18:40:01Z,2026-06-21T20:40:01+0200,c0299f87-b988-4d8b-a611-962c285e5a18,2026-05-24T14:00:00Z,2026-05-24T16:00:00+0200,-6.0,EUR/MWh,FR,FR,day_ahead_price,value,2026-06-21T18:40:53Z
2026-06-21T18:40:01Z,2026-06-21T20:40:01+0200,c0299f87-b988-4d8b-a611-962c285e5a18,2026-05-24T14:15:00Z,2026-05-24T16:15:00+0200,-1.52,EUR/MWh,FR,FR,day_ahead_price,value,2026-06-21T18:40:53Z
2026-06-21T18:40:01Z,2026-06-21T20:40:01+0200,c0299f87-b988-4d8b-a611-962c285e5a18,2026-05-24T14:30:00Z,2026-05-24T16:30:00+0200,-0.27,EUR/MWh,FR,FR,day_ahead_price,value,2026-06-21T18:40:53Z
2026-06-21T18:40:01Z,2026-06-21T20:40:01+0200,c0299f87-b988-4d8b-a611-962c285e5a18,2026-05-24T14:45:00Z,2026-05-24T16:45:00+0200,-0.04,EUR/MWh,FR,FR,day_ahead_price,value,2026-06-21T18:40:53Z
2026-06-21T18:40:01Z,2026-06-21T20:40:01+0200,c0299f87-b988-4d8b-a611-962c285e5a18,2026-05-24T15:00:00Z,2026-05-24T17:00:00+0200,-0.01,EUR/MWh,FR,FR,day_ahead_price,value,2026-06-21T18:40:53Z
2026-06-21T18:40:01Z,2026-06-21T20:40:01+0200,c0299f87-b988-4d8b-a611-962c285e5a18,2026-05-24T15:15:00Z,2026-05-24T17:15:00+0200,-0.01,EUR/MWh,FR,FR,day_ahead_price,value,2026-06-21T18:40:53Z
2026-06-21T18:40:01Z,2026-06-21T20:40:01+0200,c0299f87-b988-4d8b-a611-962c285e5a18,2026-05-24T15:30:00Z,2026-05-24T17:30:00+0200,0.0,EUR/MWh,FR,FR,day_ahead_price,value,2026-06-21T18:40:53Z
2026-06-21T18:40:01Z,2026-06-21T20:40:01+0200,c0299f87-b988-4d8b-a611-962c285e5a18,2026-05-24T15:45:00Z,2026-05-24T17:45:00+0200,0.0,EUR/MWh,FR,FR,day_ahead_price,value,2026-06-21T18:40:53Z
2026-06-21T18:40:01Z,2026-06-21T20:40:01+0200,c0299f87-b988-4d8b-a611-962c285e5a18,2026-05-24T16:00:00Z,2026-05-24T18:00:00+0200,0.1,EUR/MWh,FR,FR,day_ahead_price,value,2026-06-21T18:40:53Z
2026-06-21T18:40:01Z,2026-06-21T20:40:01+0200,c0299f87-b988-4d8b-a611-962c285e5a18,2026-05-24T16:15:00Z,2026-05-24T18:15:00+0200,10.86,EUR/MWh,FR,FR,day_ahead_price,value,2026-06-21T18:40:53Z
2026-06-21T18:40:01Z,2026-06-21T20:40:01+0200,c0299f87-b988-4d8b-a611-962c285e5a18,2026-05-24T16:30:00Z,2026-05-24T18:30:00+0200,16.31,EUR/MWh,FR,FR,day_ahead_price,value,2026-06-21T18:40:53Z
2026-06-21T18:40:01Z,2026-06-21T20:40:01+0200,c0299f87-b988-4d8b-a611-962c285e5a18,2026-05-24T16:45:00Z,2026-05-24T18:45:00+0200,27.72,EUR/MWh,FR,FR,day_ahead_price,value,2026-06-21T18:40:53Z
2026-06-21T18:40:01Z,2026-06-21T20:40:01+0200,c0299f87-b988-4d8b-a611-962c285e5a18,2026-05-24T17:00:00Z,2026-05-24T19:00:00+0200,20.83,EUR/MWh,FR,FR,day_ahead_price,value,2026-06-21T18:40:53Z
2026-06-21T18:40:01Z,2026-06-21T20:40:01+0200,c0299f87-b988-4d8b-a611-962c285e5a18,2026-05-24T17:15:00Z,2026-05-24T19:15:00+0200,23.2,EUR/MWh,FR,FR,day_ahead_price,value,2026-06-21T18:40:53Z
2026-06-21T18:40:01Z,2026-06-21T20:40:01+0200,c0299f87-b988-4d8b-a611-962c285e5a18,2026-05-24T17:30:00Z,2026-05-24T19:30:00+0200,27.06,EUR/MWh,FR,FR,day_ahead_price,value,2026-06-21T18:40:53Z
2026-06-21T18:40:01Z,2026-06-21T20:40:01+0200,c0299f87-b988-4d8b-a611-962c285e5a18,2026-05-24T17:45:00Z,2026-05-24T19:45:00+0200,35.02,EUR/MWh,FR,FR,day_ahead_price,value,2026-06-21T18:40:53Z
2026-06-21T18:40:01Z,2026-06-21T20:40:01+0200,c0299f87-b988-4d8b-a611-962c285e5a18,2026-05-24T18:00:00Z,2026-05-24T20:00:00+0200,35.01,EUR/MWh,FR,FR,day_ahead_price,value,2026-06-21T18:40:53Z
2026-06-21T18:40:01Z,2026-06-21T20:40:01+0200,c0299f87-b988-4d8b-a611-962c285e5a18,2026-05-24T18:15:00Z,2026-05-24T20:15:00+0200,47.52,EUR/MWh,FR,FR,day_ahead_price,value,2026-06-21T18:40:53Z
2026-06-21T18:40:01Z,2026-06-21T20:40:01+0200,c0299f87-b988-4d8b-a611-962c285e5a18,2026-05-24T18:30:00Z,2026-05-24T20:30:00+0200,58.95,EUR/MWh,FR,FR,day_ahead_price,value,2026-06-21T18:40:53Z
2026-06-21T18:40:01Z,2026-06-21T20:40:01+0200,c0299f87-b988-4d8b-a611-962c285e5a18,2026-05-24T18:45:00Z,2026-05-24T20:45:00+0200,75.43,EUR/MWh,FR,FR,day_ahead_price,value,2026-06-21T18:40:53Z
2026-06-21T18:40:01Z,2026-06-21T20:40:01+0200,c0299f87-b988-4d8b-a611-962c285e5a18,2026-05-24T19:00:00Z,2026-05-24T21:00:00+0200,78.82,EUR/MWh,FR,FR,day_ahead_price,value,2026-06-21T18:40:53Z
2026-06-21T18:40:01Z,2026-06-21T20:40:01+0200,c0299f87-b988-4d8b-a611-962c285e5a18,2026-05-24T19:15:00Z,2026-05-24T21:15:00+0200,86.1,EUR/MWh,FR,FR,day_ahead_price,value,2026-06-21T18:40:53Z
2026-06-21T18:40:01Z,2026-06-21T20:40:01+0200,c0299f87-b988-4d8b-a611-962c285e5a18,2026-05-24T19:30:00Z,2026-05-24T21:30:00+0200,89.0,EUR/MWh,FR,FR,day_ahead_price,value,2026-06-21T18:40:53Z
2026-06-21T18:40:01Z,2026-06-21T20:40:01+0200,c0299f87-b988-4d8b-a611-962c285e5a18,2026-05-24T19:45:00Z,2026-05-24T21:45:00+0200,85.5,EUR/MWh,FR,FR,day_ahead_price,value,2026-06-21T18:40:53Z
2026-06-21T18:40:01Z,2026-06-21T20:40:01+0200,c0299f87-b988-4d8b-a611-962c285e5a18,2026-05-24T20:00:00Z,2026-05-24T22:00:00+0200,91.62,EUR/MWh,FR,FR,day_ahead_price,value,2026-06-21T18:40:53Z
2026-06-21T18:40:01Z,2026-06-21T20:40:01+0200,c0299f87-b988-4d8b-a611-962c285e5a18,2026-05-24T20:15:00Z,2026-05-24T22:15:00+0200,91.1,EUR/MWh,FR,FR,day_ahead_price,value,2026-06-21T18:40:53Z
2026-06-21T18:40:01Z,2026-06-21T20:40:01+0200,c0299f87-b988-4d8b-a611-962c285e5a18,2026-05-24T20:30:00Z,2026-05-24T22:30:00+0200,91.47,EUR/MWh,FR,FR,day_ahead_price,value,2026-06-21T18:40:53Z
2026-06-21T18:40:01Z,2026-06-21T20:40:01+0200,c0299f87-b988-4d8b-a611-962c285e5a18,2026-05-24T20:45:00Z,2026-05-24T22:45:00+0200,85.0,EUR/MWh,FR,FR,day_ahead_price,value,2026-06-21T18:40:53Z
2026-06-21T18:40:01Z,2026-06-21T20:40:01+0200,c0299f87-b988-4d8b-a611-962c285e5a18,2026-05-24T21:00:00Z,2026-05-24T23:00:00+0200,76.14,EUR/MWh,FR,FR,day_ahead_price,value,2026-06-21T18:40:53Z
2026-06-21T18:40:01Z,2026-06-21T20:40:01+0200,c0299f87-b988-4d8b-a611-962c285e5a18,2026-05-24T21:15:00Z,2026-05-24T23:15:00+0200,71.4,EUR/MWh,FR,FR,day_ahead_price,value,2026-06-21T18:40:53Z
2026-06-21T18:40:01Z,2026-06-21T20:40:01+0200,c0299f87-b988-4d8b-a611-962c285e5a18,2026-05-24T21:30:00Z,2026-05-24T23:30:00+0200,69.59,EUR/MWh,FR,FR,day_ahead_price,value,2026-06-21T18:40:53Z
2026-06-21T18:40:01Z,2026-06-21T20:40:01+0200,c0299f87-b988-4d8b-a611-962c285e5a18,2026-05-24T21:45:00Z,2026-05-24T23:45:00+0200,60.0,EUR/MWh,FR,FR,day_ahead_price,value,2026-06-21T18:40:53Z
2026-06-21T18:40:01Z,2026-06-21T20:40:01+0200,c0299f87-b988-4d8b-a611-962c285e5a18,2026-05-24T22:00:00Z,2026-05-25T00:00:00+0200,50.0,EUR/MWh,FR,FR,day_ahead_price,value,2026-06-21T18:40:53Z
2026-06-21T18:40:01Z,2026-06-21T20:40:01+0200,c0299f87-b988-4d8b-a611-962c285e5a18,2026-05-24T22:15:00Z,2026-05-25T00:15:00+0200,36.5,EUR/MWh,FR,FR,day_ahead_price,value,2026-06-21T18:40:53Z
2026-06-21T18:40:01Z,2026-06-21T20:40:01+0200,c0299f87-b988-4d8b-a611-962c285e5a18,2026-05-24T22:30:00Z,2026-05-25T00:30:00+0200,35.21,EUR/MWh,FR,FR,day_ahead_price,value,2026-06-21T18:40:53Z
2026-06-21T18:40:01Z,2026-06-21T20:40:01+0200,c0299f87-b988-4d8b-a611-962c285e5a18,2026-05-24T22:45:00Z,2026-05-25T00:45:00+0200,30.2,EUR/MWh,FR,FR,day_ahead_price,value,2026-06-21T18:40:53Z
2026-06-21T18:40:01Z,2026-06-21T20:40:01+0200,c0299f87-b988-4d8b-a611-962c285e5a18,2026-05-24T23:00:00Z,2026-05-25T01:00:00+0200,41.0,EUR/MWh,FR,FR,day_ahead_price,value,2026-06-21T18:40:53Z
2026-06-21T18:40:01Z,2026-06-21T20:40:01+0200,c0299f87-b988-4d8b-a611-962c285e5a18,2026-05-24T23:15:00Z,2026-05-25T01:15:00+0200,34.66,EUR/MWh,FR,FR,day_ahead_price,value,2026-06-21T18:40:53Z
2026-06-21T18:40:01Z,2026-06-21T20:40:01+0200,c0299f87-b988-4d8b-a611-962c285e5a18,2026-05-24T23:30:00Z,2026-05-25T01:30:00+0200,34.77,EUR/MWh,FR,FR,day_ahead_price,value,2026-06-21T18:40:53Z
2026-06-21T18:40:01Z,2026-06-21T20:40:01+0200,c0299f87-b988-4d8b-a611-962c285e5a18,2026-05-24T23:45:00Z,2026-05-25T01:45:00+0200,27.84,EUR/MWh,FR,FR,day_ahead_price,value,2026-06-21T18:40:53Z
2026-06-21T18:40:01Z,2026-06-21T20:40:01+0200,c0299f87-b988-4d8b-a611-962c285e5a18,2026-05-25T00:00:00Z,2026-05-25T02:00:00+0200,25.0,EUR/MWh,FR,FR,day_ahead_price,value,2026-06-21T18:40:53Z
2026-06-21T18:40:01Z,2026-06-21T20:40:01+0200,c0299f87-b988-4d8b-a611-962c285e5a18,2026-05-25T00:15:00Z,2026-05-25T02:15:00+0200,24.16,EUR/MWh,FR,FR,day_ahead_price,value,2026-06-21T18:40:53Z
2026-06-21T18:40:01Z,2026-06-21T20:40:01+0200,c0299f87-b988-4d8b-a611-962c285e5a18,2026-05-25T00:30:00Z,2026-05-25T02:30:00+0200,24.16,EUR/MWh,FR,FR,day_ahead_price,value,2026-06-21T18:40:53Z
2026-06-21T18:40:01Z,2026-06-21T20:40:01+0200,c0299f87-b988-4d8b-a611-962c285e5a18,2026-05-25T00:45:00Z,2026-05-25T02:45:00+0200,24.16,EUR/MWh,FR,FR,day_ahead_price,value,2026-06-21T18:40:53Z
2026-06-21T18:40:01Z,2026-06-21T20:40:01+0200,c0299f87-b988-4d8b-a611-962c285e5a18,2026-05-25T01:00:00Z,2026-05-25T03:00:00+0200,24.16,EUR/MWh,FR,FR,day_ahead_price,value,2026-06-21T18:40:53Z
2026-06-21T18:40:01Z,2026-06-21T20:40:01+0200,c0299f87-b988-4d8b-a611-962c285e5a18,2026-05-25T01:15:00Z,2026-05-25T03:15:00+0200,24.15,EUR/MWh,FR,FR,day_ahead_price,value,2026-06-21T18:40:53Z
2026-06-21T18:40:01Z,2026-06-21T20:40:01+0200,c0299f87-b988-4d8b-a611-962c285e5a18,2026-05-25T01:30:00Z,2026-05-25T03:30:00+0200,20.52,EUR/MWh,FR,FR,day_ahead_price,value,2026-06-21T18:40:53Z
2026-06-21T18:40:01Z,2026-06-21T20:40:01+0200,c0299f87-b988-4d8b-a611-962c285e5a18,2026-05-25T01:45:00Z,2026-05-25T03:45:00+0200,28.54,EUR/MWh,FR,FR,day_ahead_price,value,2026-06-21T18:40:53Z
2026-06-21T18:40:01Z,2026-06-21T20:40:01+0200,c0299f87-b988-4d8b-a611-962c285e5a18,2026-05-25T02:00:00Z,2026-05-25T04:00:00+0200,24.16,EUR/MWh,FR,FR,day_ahead_price,value,2026-06-21T18:40:53Z
2026-06-21T18:40:01Z,2026-06-21T20:40:01+0200,c0299f87-b988-4d8b-a611-962c285e5a18,2026-05-25T02:15:00Z,2026-05-25T04:15:00+0200,20.57,EUR/MWh,FR,FR,day_ahead_price,value,2026-06-21T18:40:53Z
2026-06-21T18:40:01Z,2026-06-21T20:40:01+0200,c0299f87-b988-4d8b-a611-962c285e5a18,2026-05-25T02:30:00Z,2026-05-25T04:30:00+0200,22.82,EUR/MWh,FR,FR,day_ahead_price,value,2026-06-21T18:40:53Z
2026-06-21T18:40:01Z,2026-06-21T20:40:01+0200,c0299f87-b988-4d8b-a611-962c285e5a18,2026-05-25T02:45:00Z,2026-05-25T04:45:00+0200,21.97,EUR/MWh,FR,FR,day_ahead_price,value,2026-06-21T18:40:53Z
2026-06-21T18:40:01Z,2026-06-21T20:40:01+0200,c0299f87-b988-4d8b-a611-962c285e5a18,2026-05-25T03:00:00Z,2026-05-25T05:00:00+0200,14.24,EUR/MWh,FR,FR,day_ahead_price,value,2026-06-21T18:40:53Z
2026-06-21T18:40:01Z,2026-06-21T20:40:01+0200,c0299f87-b988-4d8b-a611-962c285e5a18,2026-05-25T03:15:00Z,2026-05-25T05:15:00+0200,30.0,EUR/MWh,FR,FR,day_ahead_price,value,2026-06-21T18:40:53Z
2026-06-21T18:40:01Z,2026-06-21T20:40:01+0200,c0299f87-b988-4d8b-a611-962c285e5a18,2026-05-25T03:30:00Z,2026-05-25T05:30:00+0200,28.36,EUR/MWh,FR,FR,day_ahead_price,value,2026-06-21T18:40:53Z
2026-06-21T18:40:01Z,2026-06-21T20:40:01+0200,c0299f87-b988-4d8b-a611-962c285e5a18,2026-05-25T03:45:00Z,2026-05-25T05:45:00+0200,35.0,EUR/MWh,FR,FR,day_ahead_price,value,2026-06-21T18:40:53Z
2026-06-21T18:40:01Z,2026-06-21T20:40:01+0200,c0299f87-b988-4d8b-a611-962c285e5a18,2026-05-25T04:00:00Z,2026-05-25T06:00:00+0200,46.0,EUR/MWh,FR,FR,day_ahead_price,value,2026-06-21T18:40:53Z
2026-06-21T18:40:01Z,2026-06-21T20:40:01+0200,c0299f87-b988-4d8b-a611-962c285e5a18,2026-05-25T04:15:00Z,2026-05-25T06:15:00+0200,39.99,EUR/MWh,FR,FR,day_ahead_price,value,2026-06-21T18:40:53Z
2026-06-21T18:40:01Z,2026-06-21T20:40:01+0200,c0299f87-b988-4d8b-a611-962c285e5a18,2026-05-25T04:30:00Z,2026-05-25T06:30:00+0200,43.04,EUR/MWh,FR,FR,day_ahead_price,value,2026-06-21T18:40:53Z
2026-06-21T18:40:01Z,2026-06-21T20:40:01+0200,c0299f87-b988-4d8b-a611-962c285e5a18,2026-05-25T04:45:00Z,2026-05-25T06:45:00+0200,31.53,EUR/MWh,FR,FR,day_ahead_price,value,2026-06-21T18:40:53Z
2026-06-21T18:40:01Z,2026-06-21T20:40:01+0200,c0299f87-b988-4d8b-a611-962c285e5a18,2026-05-25T05:00:00Z,2026-05-25T07:00:00+0200,53.63,EUR/MWh,FR,FR,day_ahead_price,value,2026-06-21T18:40:53Z
2026-06-21T18:40:01Z,2026-06-21T20:40:01+0200,c0299f87-b988-4d8b-a611-962c285e5a18,2026-05-25T05:15:00Z,2026-05-25T07:15:00+0200,36.58,EUR/MWh,FR,FR,day_ahead_price,value,2026-06-21T18:40:53Z
2026-06-21T18:40:01Z,2026-06-21T20:40:01+0200,c0299f87-b988-4d8b-a611-962c285e5a18,2026-05-25T05:30:00Z,2026-05-25T07:30:00+0200,25.43,EUR/MWh,FR,FR,day_ahead_price,value,2026-06-21T18:40:53Z
2026-06-21T18:40:01Z,2026-06-21T20:40:01+0200,c0299f87-b988-4d8b-a611-962c285e5a18,2026-05-25T05:45:00Z,2026-05-25T07:45:00+0200,13.7,EUR/MWh,FR,FR,day_ahead_price,value,2026-06-21T18:40:53Z
2026-06-21T18:40:01Z,2026-06-21T20:40:01+0200,c0299f87-b988-4d8b-a611-962c285e5a18,2026-05-25T06:00:00Z,2026-05-25T08:00:00+0200,38.92,EUR/MWh,FR,FR,day_ahead_price,value,2026-06-21T18:40:53Z
2026-06-21T18:40:01Z,2026-06-21T20:40:01+0200,c0299f87-b988-4d8b-a611-962c285e5a18,2026-05-25T06:15:00Z,2026-05-25T08:15:00+0200,18.0,EUR/MWh,FR,FR,day_ahead_price,value,2026-06-21T18:40:53Z
2026-06-21T18:40:01Z,2026-06-21T20:40:01+0200,c0299f87-b988-4d8b-a611-962c285e5a18,2026-05-25T06:30:00Z,2026-05-25T08:30:00+0200,17.5,EUR/MWh,FR,FR,day_ahead_price,value,2026-06-21T18:40:53Z
2026-06-21T18:40:01Z,2026-06-21T20:40:01+0200,c0299f87-b988-4d8b-a611-962c285e5a18,2026-05-25T06:45:00Z,2026-05-25T08:45:00+0200,1.31,EUR/MWh,FR,FR,day_ahead_price,value,2026-06-21T18:40:53Z
2026-06-21T18:40:01Z,2026-06-21T20:40:01+0200,c0299f87-b988-4d8b-a611-962c285e5a18,2026-05-25T07:00:00Z,2026-05-25T09:00:00+0200,16.73,EUR/MWh,FR,FR,day_ahead_price,value,2026-06-21T18:40:53Z
2026-06-21T18:40:01Z,2026-06-21T20:40:01+0200,c0299f87-b988-4d8b-a611-962c285e5a18,2026-05-25T07:15:00Z,2026-05-25T09:15:00+0200,3.08,EUR/MWh,FR,FR,day_ahead_price,value,2026-06-21T18:40:53Z
2026-06-21T18:40:01Z,2026-06-21T20:40:01+0200,c0299f87-b988-4d8b-a611-962c285e5a18,2026-05-25T07:30:00Z,2026-05-25T09:30:00+0200,0.19,EUR/MWh,FR,FR,day_ahead_price,value,2026-06-21T18:40:53Z
2026-06-21T18:40:01Z,2026-06-21T20:40:01+0200,c0299f87-b988-4d8b-a611-962c285e5a18,2026-05-25T07:45:00Z,2026-05-25T09:45:00+0200,0.0,EUR/MWh,FR,FR,day_ahead_price,value,2026-06-21T18:40:53Z
2026-06-21T18:40:01Z,2026-06-21T20:40:01+0200,c0299f87-b988-4d8b-a611-962c285e5a18,2026-05-25T08:00:00Z,2026-05-25T10:00:00+0200,0.0,EUR/MWh,FR,FR,day_ahead_price,value,2026-06-21T18:40:53Z
2026-06-21T18:40:01Z,2026-06-21T20:40:01+0200,c0299f87-b988-4d8b-a611-962c285e5a18,2026-05-25T08:15:00Z,2026-05-25T10:15:00+0200,-0.01,EUR/MWh,FR,FR,day_ahead_price,value,2026-06-21T18:40:53Z
2026-06-21T18:40:01Z,2026-06-21T20:40:01+0200,c0299f87-b988-4d8b-a611-962c285e5a18,2026-05-25T08:30:00Z,2026-05-25T10:30:00+0200,-0.06,EUR/MWh,FR,FR,day_ahead_price,value,2026-06-21T18:40:53Z
2026-06-21T18:40:01Z,2026-06-21T20:40:01+0200,c0299f87-b988-4d8b-a611-962c285e5a18,2026-05-25T08:45:00Z,2026-05-25T10:45:00+0200,-0.49,EUR/MWh,FR,FR,day_ahead_price,value,2026-06-21T18:40:53Z
2026-06-21T18:40:01Z,2026-06-21T20:40:01+0200,c0299f87-b988-4d8b-a611-962c285e5a18,2026-05-25T09:00:00Z,2026-05-25T11:00:00+0200,-0.82,EUR/MWh,FR,FR,day_ahead_price,value,2026-06-21T18:40:53Z
2026-06-21T18:40:01Z,2026-06-21T20:40:01+0200,c0299f87-b988-4d8b-a611-962c285e5a18,2026-05-25T09:15:00Z,2026-05-25T11:15:00+0200,-1.0,EUR/MWh,FR,FR,day_ahead_price,value,2026-06-21T18:40:53Z
2026-06-21T18:40:01Z,2026-06-21T20:40:01+0200,c0299f87-b988-4d8b-a611-962c285e5a18,2026-05-25T09:30:00Z,2026-05-25T11:30:00+0200,-1.32,EUR/MWh,FR,FR,day_ahead_price,value,2026-06-21T18:40:53Z
2026-06-21T18:40:01Z,2026-06-21T20:40:01+0200,c0299f87-b988-4d8b-a611-962c285e5a18,2026-05-25T09:45:00Z,2026-05-25T11:45:00+0200,-3.83,EUR/MWh,FR,FR,day_ahead_price,value,2026-06-21T18:40:53Z
2026-06-21T18:40:01Z,2026-06-21T20:40:01+0200,c0299f87-b988-4d8b-a611-962c285e5a18,2026-05-25T10:00:00Z,2026-05-25T12:00:00+0200,-2.0,EUR/MWh,FR,FR,day_ahead_price,value,2026-06-21T18:40:53Z
2026-06-21T18:40:01Z,2026-06-21T20:40:01+0200,c0299f87-b988-4d8b-a611-962c285e5a18,2026-05-25T10:15:00Z,2026-05-25T12:15:00+0200,-2.41,EUR/MWh,FR,FR,day_ahead_price,value,2026-06-21T18:40:53Z
2026-06-21T18:40:01Z,2026-06-21T20:40:01+0200,c0299f87-b988-4d8b-a611-962c285e5a18,2026-05-25T10:30:00Z,2026-05-25T12:30:00+0200,-2.0,EUR/MWh,FR,FR,day_ahead_price,value,2026-06-21T18:40:53Z
2026-06-21T18:40:01Z,2026-06-21T20:40:01+0200,c0299f87-b988-4d8b-a611-962c285e5a18,2026-05-25T10:45:00Z,2026-05-25T12:45:00+0200,-2.44,EUR/MWh,FR,FR,day_ahead_price,value,2026-06-21T18:40:53Z
2026-06-21T18:40:01Z,2026-06-21T20:40:01+0200,c0299f87-b988-4d8b-a611-962c285e5a18,2026-05-25T11:00:00Z,2026-05-25T13:00:00+0200,-9.99,EUR/MWh,FR,FR,day_ahead_price,value,2026-06-21T18:40:53Z
2026-06-21T18:40:01Z,2026-06-21T20:40:01+0200,c0299f87-b988-4d8b-a611-962c285e5a18,2026-05-25T11:15:00Z,2026-05-25T13:15:00+0200,-12.38,EUR/MWh,FR,FR,day_ahead_price,value,2026-06-21T18:40:53Z
2026-06-21T18:40:01Z,2026-06-21T20:40:01+0200,c0299f87-b988-4d8b-a611-962c285e5a18,2026-05-25T11:30:00Z,2026-05-25T13:30:00+0200,-20.0,EUR/MWh,FR,FR,day_ahead_price,value,2026-06-21T18:40:53Z
2026-06-21T18:40:01Z,2026-06-21T20:40:01+0200,c0299f87-b988-4d8b-a611-962c285e5a18,2026-05-25T11:45:00Z,2026-05-25T13:45:00+0200,-21.19,EUR/MWh,FR,FR,day_ahead_price,value,2026-06-21T18:40:53Z
2026-06-21T18:40:01Z,2026-06-21T20:40:01+0200,c0299f87-b988-4d8b-a611-962c285e5a18,2026-05-25T12:00:00Z,2026-05-25T14:00:00+0200,-13.91,EUR/MWh,FR,FR,day_ahead_price,value,2026-06-21T18:40:53Z
2026-06-21T18:40:01Z,2026-06-21T20:40:01+0200,c0299f87-b988-4d8b-a611-962c285e5a18,2026-05-25T12:15:00Z,2026-05-25T14:15:00+0200,-12.06,EUR/MWh,FR,FR,day_ahead_price,value,2026-06-21T18:40:53Z
2026-06-21T18:40:01Z,2026-06-21T20:40:01+0200,c0299f87-b988-4d8b-a611-962c285e5a18,2026-05-25T12:30:00Z,2026-05-25T14:30:00+0200,-7.93,EUR/MWh,FR,FR,day_ahead_price,value,2026-06-21T18:40:53Z
2026-06-21T18:40:01Z,2026-06-21T20:40:01+0200,c0299f87-b988-4d8b-a611-962c285e5a18,2026-05-25T12:45:00Z,2026-05-25T14:45:00+0200,-5.07,EUR/MWh,FR,FR,day_ahead_price,value,2026-06-21T18:40:53Z
2026-06-21T18:40:01Z,2026-06-21T20:40:01+0200,c0299f87-b988-4d8b-a611-962c285e5a18,2026-05-25T13:00:00Z,2026-05-25T15:00:00+0200,-2.1,EUR/MWh,FR,FR,day_ahead_price,value,2026-06-21T18:40:53Z
2026-06-21T18:40:01Z,2026-06-21T20:40:01+0200,c0299f87-b988-4d8b-a611-962c285e5a18,2026-05-25T13:15:00Z,2026-05-25T15:15:00+0200,-2.1,EUR/MWh,FR,FR,day_ahead_price,value,2026-06-21T18:40:53Z
2026-06-21T18:40:01Z,2026-06-21T20:40:01+0200,c0299f87-b988-4d8b-a611-962c285e5a18,2026-05-25T13:30:00Z,2026-05-25T15:30:00+0200,-2.0,EUR/MWh,FR,FR,day_ahead_price,value,2026-06-21T18:40:53Z
2026-06-21T18:40:01Z,2026-06-21T20:40:01+0200,c0299f87-b988-4d8b-a611-962c285e5a18,2026-05-25T13:45:00Z,2026-05-25T15:45:00+0200,-1.46,EUR/MWh,FR,FR,day_ahead_price,value,2026-06-21T18:40:53Z
2026-06-21T18:40:01Z,2026-06-21T20:40:01+0200,c0299f87-b988-4d8b-a611-962c285e5a18,2026-05-25T14:00:00Z,2026-05-25T16:00:00+0200,-1.0,EUR/MWh,FR,FR,day_ahead_price,value,2026-06-21T18:40:53Z
2026-06-21T18:40:01Z,2026-06-21T20:40:01+0200,c0299f87-b988-4d8b-a611-962c285e5a18,2026-05-25T14:15:00Z,2026-05-25T16:15:00+0200,-0.12,EUR/MWh,FR,FR,day_ahead_price,value,2026-06-21T18:40:53Z
2026-06-21T18:40:01Z,2026-06-21T20:40:01+0200,c0299f87-b988-4d8b-a611-962c285e5a18,2026-05-25T14:30:00Z,2026-05-25T16:30:00+0200,0.0,EUR/MWh,FR,FR,day_ahead_price,value,2026-06-21T18:40:53Z
2026-06-21T18:40:01Z,2026-06-21T20:40:01+0200,c0299f87-b988-4d8b-a611-962c285e5a18,2026-05-25T14:45:00Z,2026-05-25T16:45:00+0200,2.49,EUR/MWh,FR,FR,day_ahead_price,value,2026-06-21T18:40:53Z
2026-06-21T18:40:01Z,2026-06-21T20:40:01+0200,c0299f87-b988-4d8b-a611-962c285e5a18,2026-05-25T15:00:00Z,2026-05-25T17:00:00+0200,0.0,EUR/MWh,FR,FR,day_ahead_price,value,2026-06-21T18:40:53Z
2026-06-21T18:40:01Z,2026-06-21T20:40:01+0200,c0299f87-b988-4d8b-a611-962c285e5a18,2026-05-25T15:15:00Z,2026-05-25T17:15:00+0200,3.78,EUR/MWh,FR,FR,day_ahead_price,value,2026-06-21T18:40:53Z
2026-06-21T18:40:01Z,2026-06-21T20:40:01+0200,c0299f87-b988-4d8b-a611-962c285e5a18,2026-05-25T15:30:00Z,2026-05-25T17:30:00+0200,2.4,EUR/MWh,FR,FR,day_ahead_price,value,2026-06-21T18:40:53Z
2026-06-21T18:40:01Z,2026-06-21T20:40:01+0200,c0299f87-b988-4d8b-a611-962c285e5a18,2026-05-25T15:45:00Z,2026-05-25T17:45:00+0200,37.9,EUR/MWh,FR,FR,day_ahead_price,value,2026-06-21T18:40:53Z
2026-06-21T18:40:01Z,2026-06-21T20:40:01+0200,c0299f87-b988-4d8b-a611-962c285e5a18,2026-05-25T16:00:00Z,2026-05-25T18:00:00+0200,15.29,EUR/MWh,FR,FR,day_ahead_price,value,2026-06-21T18:40:53Z
2026-06-21T18:40:01Z,2026-06-21T20:40:01+0200,c0299f87-b988-4d8b-a611-962c285e5a18,2026-05-25T16:15:00Z,2026-05-25T18:15:00+0200,13.82,EUR/MWh,FR,FR,day_ahead_price,value,2026-06-21T18:40:53Z
2026-06-21T18:40:01Z,2026-06-21T20:40:01+0200,c0299f87-b988-4d8b-a611-962c285e5a18,2026-05-25T16:30:00Z,2026-05-25T18:30:00+0200,45.76,EUR/MWh,FR,FR,day_ahead_price,value,2026-06-21T18:40:53Z
2026-06-21T18:40:01Z,2026-06-21T20:40:01+0200,c0299f87-b988-4d8b-a611-962c285e5a18,2026-05-25T16:45:00Z,2026-05-25T18:45:00+0200,51.94,EUR/MWh,FR,FR,day_ahead_price,value,2026-06-21T18:40:53Z
2026-06-21T18:40:01Z,2026-06-21T20:40:01+0200,c0299f87-b988-4d8b-a611-962c285e5a18,2026-05-25T17:00:00Z,2026-05-25T19:00:00+0200,14.02,EUR/MWh,FR,FR,day_ahead_price,value,2026-06-21T18:40:53Z
2026-06-21T18:40:01Z,2026-06-21T20:40:01+0200,c0299f87-b988-4d8b-a611-962c285e5a18,2026-05-25T17:15:00Z,2026-05-25T19:15:00+0200,45.15,EUR/MWh,FR,FR,day_ahead_price,value,2026-06-21T18:40:53Z
2026-06-21T18:40:01Z,2026-06-21T20:40:01+0200,c0299f87-b988-4d8b-a611-962c285e5a18,2026-05-25T17:30:00Z,2026-05-25T19:30:00+0200,57.86,EUR/MWh,FR,FR,day_ahead_price,value,2026-06-21T18:40:53Z
2026-06-21T18:40:01Z,2026-06-21T20:40:01+0200,c0299f87-b988-4d8b-a611-962c285e5a18,2026-05-25T17:45:00Z,2026-05-25T19:45:00+0200,96.61,EUR/MWh,FR,FR,day_ahead_price,value,2026-06-21T18:40:53Z
2026-06-21T18:40:01Z,2026-06-21T20:40:01+0200,c0299f87-b988-4d8b-a611-962c285e5a18,2026-05-25T18:00:00Z,2026-05-25T20:00:00+0200,55.6,EUR/MWh,FR,FR,day_ahead_price,value,2026-06-21T18:40:53Z
2026-06-21T18:40:01Z,2026-06-21T20:40:01+0200,c0299f87-b988-4d8b-a611-962c285e5a18,2026-05-25T18:15:00Z,2026-05-25T20:15:00+0200,85.67,EUR/MWh,FR,FR,day_ahead_price,value,2026-06-21T18:40:53Z
2026-06-21T18:40:01Z,2026-06-21T20:40:01+0200,c0299f87-b988-4d8b-a611-962c285e5a18,2026-05-25T18:30:00Z,2026-05-25T20:30:00+0200,101.28,EUR/MWh,FR,FR,day_ahead_price,value,2026-06-21T18:40:53Z
2026-06-21T18:40:01Z,2026-06-21T20:40:01+0200,c0299f87-b988-4d8b-a611-962c285e5a18,2026-05-25T18:45:00Z,2026-05-25T20:45:00+0200,109.89,EUR/MWh,FR,FR,day_ahead_price,value,2026-06-21T18:40:53Z
2026-06-21T18:40:01Z,2026-06-21T20:40:01+0200,c0299f87-b988-4d8b-a611-962c285e5a18,2026-05-25T19:00:00Z,2026-05-25T21:00:00+0200,104.42,EUR/MWh,FR,FR,day_ahead_price,value,2026-06-21T18:40:53Z
2026-06-21T18:40:01Z,2026-06-21T20:40:01+0200,c0299f87-b988-4d8b-a611-962c285e5a18,2026-05-25T19:15:00Z,2026-05-25T21:15:00+0200,108.1,EUR/MWh,FR,FR,day_ahead_price,value,2026-06-21T18:40:53Z
2026-06-21T18:40:01Z,2026-06-21T20:40:01+0200,c0299f87-b988-4d8b-a611-962c285e5a18,2026-05-25T19:30:00Z,2026-05-25T21:30:00+0200,110.0,EUR/MWh,FR,FR,day_ahead_price,value,2026-06-21T18:40:53Z
2026-06-21T18:40:01Z,2026-06-21T20:40:01+0200,c0299f87-b988-4d8b-a611-962c285e5a18,2026-05-25T19:45:00Z,2026-05-25T21:45:00+0200,109.86,EUR/MWh,FR,FR,day_ahead_price,value,2026-06-21T18:40:53Z
2026-06-21T18:40:01Z,2026-06-21T20:40:01+0200,c0299f87-b988-4d8b-a611-962c285e5a18,2026-05-25T20:00:00Z,2026-05-25T22:00:00+0200,109.89,EUR/MWh,FR,FR,day_ahead_price,value,2026-06-21T18:40:53Z
2026-06-21T18:40:01Z,2026-06-21T20:40:01+0200,c0299f87-b988-4d8b-a611-962c285e5a18,2026-05-25T20:15:00Z,2026-05-25T22:15:00+0200,109.86,EUR/MWh,FR,FR,day_ahead_price,value,2026-06-21T18:40:53Z
2026-06-21T18:40:01Z,2026-06-21T20:40:01+0200,c0299f87-b988-4d8b-a611-962c285e5a18,2026-05-25T20:30:00Z,2026-05-25T22:30:00+0200,109.86,EUR/MWh,FR,FR,day_ahead_price,value,2026-06-21T18:40:53Z
2026-06-21T18:40:01Z,2026-06-21T20:40:01+0200,c0299f87-b988-4d8b-a611-962c285e5a18,2026-05-25T20:45:00Z,2026-05-25T22:45:00+0200,105.0,EUR/MWh,FR,FR,day_ahead_price,value,2026-06-21T18:40:53Z
2026-06-21T18:40:01Z,2026-06-21T20:40:01+0200,c0299f87-b988-4d8b-a611-962c285e5a18,2026-05-25T21:00:00Z,2026-05-25T23:00:00+0200,97.0,EUR/MWh,FR,FR,day_ahead_price,value,2026-06-21T18:40:53Z
2026-06-21T18:40:01Z,2026-06-21T20:40:01+0200,c0299f87-b988-4d8b-a611-962c285e5a18,2026-05-25T21:15:00Z,2026-05-25T23:15:00+0200,90.91,EUR/MWh,FR,FR,day_ahead_price,value,2026-06-21T18:40:53Z
2026-06-21T18:40:01Z,2026-06-21T20:40:01+0200,c0299f87-b988-4d8b-a611-962c285e5a18,2026-05-25T21:30:00Z,2026-05-25T23:30:00+0200,88.93,EUR/MWh,FR,FR,day_ahead_price,value,2026-06-21T18:40:53Z
2026-06-21T18:40:01Z,2026-06-21T20:40:01+0200,c0299f87-b988-4d8b-a611-962c285e5a18,2026-05-25T21:45:00Z,2026-05-25T23:45:00+0200,83.0,EUR/MWh,FR,FR,day_ahead_price,value,2026-06-21T18:40:53Z
2026-06-21T18:40:01Z,2026-06-21T20:40:01+0200,c0299f87-b988-4d8b-a611-962c285e5a18,2026-05-25T22:00:00Z,2026-05-26T00:00:00+0200,102.67,EUR/MWh,FR,FR,day_ahead_price,value,2026-06-21T18:40:53Z
2026-06-21T18:40:01Z,2026-06-21T20:40:01+0200,c0299f87-b988-4d8b-a611-962c285e5a18,2026-05-25T22:15:00Z,2026-05-26T00:15:00+0200,98.76,EUR/MWh,FR,FR,day_ahead_price,value,2026-06-21T18:40:53Z
2026-06-21T18:40:01Z,2026-06-21T20:40:01+0200,c0299f87-b988-4d8b-a611-962c285e5a18,2026-05-25T22:30:00Z,2026-05-26T00:30:00+0200,88.0,EUR/MWh,FR,FR,day_ahead_price,value,2026-06-21T18:40:53Z
2026-06-21T18:40:01Z,2026-06-21T20:40:01+0200,c0299f87-b988-4d8b-a611-962c285e5a18,2026-05-25T22:45:00Z,2026-05-26T00:45:00+0200,81.99,EUR/MWh,FR,FR,day_ahead_price,value,2026-06-21T18:40:53Z
2026-06-21T18:40:01Z,2026-06-21T20:40:01+0200,c0299f87-b988-4d8b-a611-962c285e5a18,2026-05-25T23:00:00Z,2026-05-26T01:00:00+0200,90.2,EUR/MWh,FR,FR,day_ahead_price,value,2026-06-21T18:40:53Z
2026-06-21T18:40:01Z,2026-06-21T20:40:01+0200,c0299f87-b988-4d8b-a611-962c285e5a18,2026-05-25T23:15:00Z,2026-05-26T01:15:00+0200,88.13,EUR/MWh,FR,FR,day_ahead_price,value,2026-06-21T18:40:53Z
2026-06-21T18:40:01Z,2026-06-21T20:40:01+0200,c0299f87-b988-4d8b-a611-962c285e5a18,2026-05-25T23:30:00Z,2026-05-26T01:30:00+0200,88.13,EUR/MWh,FR,FR,day_ahead_price,value,2026-06-21T18:40:53Z
2026-06-21T18:40:01Z,2026-06-21T20:40:01+0200,c0299f87-b988-4d8b-a611-962c285e5a18,2026-05-25T23:45:00Z,2026-05-26T01:45:00+0200,82.6,EUR/MWh,FR,FR,day_ahead_price,value,2026-06-21T18:40:53Z
2026-06-21T18:40:01Z,2026-06-21T20:40:01+0200,c0299f87-b988-4d8b-a611-962c285e5a18,2026-05-26T00:00:00Z,2026-05-26T02:00:00+0200,82.84,EUR/MWh,FR,FR,day_ahead_price,value,2026-06-21T18:40:53Z
2026-06-21T18:40:01Z,2026-06-21T20:40:01+0200,c0299f87-b988-4d8b-a611-962c285e5a18,2026-05-26T00:15:00Z,2026-05-26T02:15:00+0200,63.42,EUR/MWh,FR,FR,day_ahead_price,value,2026-06-21T18:40:53Z
2026-06-21T18:40:01Z,2026-06-21T20:40:01+0200,c0299f87-b988-4d8b-a611-962c285e5a18,2026-05-26T00:30:00Z,2026-05-26T02:30:00+0200,82.36,EUR/MWh,FR,FR,day_ahead_price,value,2026-06-21T18:40:53Z
2026-06-21T18:40:01Z,2026-06-21T20:40:01+0200,c0299f87-b988-4d8b-a611-962c285e5a18,2026-05-26T00:45:00Z,2026-05-26T02:45:00+0200,64.99,EUR/MWh,FR,FR,day_ahead_price,value,2026-06-21T18:40:53Z
2026-06-21T18:40:01Z,2026-06-21T20:40:01+0200,c0299f87-b988-4d8b-a611-962c285e5a18,2026-05-26T01:00:00Z,2026-05-26T03:00:00+0200,74.35,EUR/MWh,FR,FR,day_ahead_price,value,2026-06-21T18:40:53Z
2026-06-21T18:40:01Z,2026-06-21T20:40:01+0200,c0299f87-b988-4d8b-a611-962c285e5a18,2026-05-26T01:15:00Z,2026-05-26T03:15:00+0200,69.16,EUR/MWh,FR,FR,day_ahead_price,value,2026-06-21T18:40:53Z
2026-06-21T18:40:01Z,2026-06-21T20:40:01+0200,c0299f87-b988-4d8b-a611-962c285e5a18,2026-05-26T01:30:00Z,2026-05-26T03:30:00+0200,68.89,EUR/MWh,FR,FR,day_ahead_price,value,2026-06-21T18:40:53Z
2026-06-21T18:40:01Z,2026-06-21T20:40:01+0200,c0299f87-b988-4d8b-a611-962c285e5a18,2026-05-26T01:45:00Z,2026-05-26T03:45:00+0200,67.6,EUR/MWh,FR,FR,day_ahead_price,value,2026-06-21T18:40:53Z
2026-06-21T18:40:01Z,2026-06-21T20:40:01+0200,c0299f87-b988-4d8b-a611-962c285e5a18,2026-05-26T02:00:00Z,2026-05-26T04:00:00+0200,73.72,EUR/MWh,FR,FR,day_ahead_price,value,2026-06-21T18:40:53Z
2026-06-21T18:40:01Z,2026-06-21T20:40:01+0200,c0299f87-b988-4d8b-a611-962c285e5a18,2026-05-26T02:15:00Z,2026-05-26T04:15:00+0200,76.3,EUR/MWh,FR,FR,day_ahead_price,value,2026-06-21T18:40:53Z
2026-06-21T18:40:01Z,2026-06-21T20:40:01+0200,c0299f87-b988-4d8b-a611-962c285e5a18,2026-05-26T02:30:00Z,2026-05-26T04:30:00+0200,77.82,EUR/MWh,FR,FR,day_ahead_price,value,2026-06-21T18:40:53Z
2026-06-21T18:40:01Z,2026-06-21T20:40:01+0200,c0299f87-b988-4d8b-a611-962c285e5a18,2026-05-26T02:45:00Z,2026-05-26T04:45:00+0200,81.0,EUR/MWh,FR,FR,day_ahead_price,value,2026-06-21T18:40:53Z
2026-06-21T18:40:01Z,2026-06-21T20:40:01+0200,c0299f87-b988-4d8b-a611-962c285e5a18,2026-05-26T03:00:00Z,2026-05-26T05:00:00+0200,81.18,EUR/MWh,FR,FR,day_ahead_price,value,2026-06-21T18:40:53Z
2026-06-21T18:40:01Z,2026-06-21T20:40:01+0200,c0299f87-b988-4d8b-a611-962c285e5a18,2026-05-26T03:15:00Z,2026-05-26T05:15:00+0200,81.88,EUR/MWh,FR,FR,day_ahead_price,value,2026-06-21T18:40:53Z
2026-06-21T18:40:01Z,2026-06-21T20:40:01+0200,c0299f87-b988-4d8b-a611-962c285e5a18,2026-05-26T03:30:00Z,2026-05-26T05:30:00+0200,82.76,EUR/MWh,FR,FR,day_ahead_price,value,2026-06-21T18:40:53Z
2026-06-21T18:40:01Z,2026-06-21T20:40:01+0200,c0299f87-b988-4d8b-a611-962c285e5a18,2026-05-26T03:45:00Z,2026-05-26T05:45:00+0200,88.28,EUR/MWh,FR,FR,day_ahead_price,value,2026-06-21T18:40:53Z
2026-06-21T18:40:01Z,2026-06-21T20:40:01+0200,c0299f87-b988-4d8b-a611-962c285e5a18,2026-05-26T04:00:00Z,2026-05-26T06:00:00+0200,95.1,EUR/MWh,FR,FR,day_ahead_price,value,2026-06-21T18:40:53Z
2026-06-21T18:40:01Z,2026-06-21T20:40:01+0200,c0299f87-b988-4d8b-a611-962c285e5a18,2026-05-26T04:15:00Z,2026-05-26T06:15:00+0200,103.0,EUR/MWh,FR,FR,day_ahead_price,value,2026-06-21T18:40:53Z
2026-06-21T18:40:01Z,2026-06-21T20:40:01+0200,c0299f87-b988-4d8b-a611-962c285e5a18,2026-05-26T04:30:00Z,2026-05-26T06:30:00+0200,108.98,EUR/MWh,FR,FR,day_ahead_price,value,2026-06-21T18:40:53Z
2026-06-21T18:40:01Z,2026-06-21T20:40:01+0200,c0299f87-b988-4d8b-a611-962c285e5a18,2026-05-26T04:45:00Z,2026-05-26T06:45:00+0200,109.86,EUR/MWh,FR,FR,day_ahead_price,value,2026-06-21T18:40:53Z
2026-06-21T18:40:01Z,2026-06-21T20:40:01+0200,c0299f87-b988-4d8b-a611-962c285e5a18,2026-05-26T05:00:00Z,2026-05-26T07:00:00+0200,114.69,EUR/MWh,FR,FR,day_ahead_price,value,2026-06-21T18:40:53Z
2026-06-21T18:40:01Z,2026-06-21T20:40:01+0200,c0299f87-b988-4d8b-a611-962c285e5a18,2026-05-26T05:15:00Z,2026-05-26T07:15:00+0200,110.48,EUR/MWh,FR,FR,day_ahead_price,value,2026-06-21T18:40:53Z
2026-06-21T18:40:01Z,2026-06-21T20:40:01+0200,c0299f87-b988-4d8b-a611-962c285e5a18,2026-05-26T05:30:00Z,2026-05-26T07:30:00+0200,108.44,EUR/MWh,FR,FR,day_ahead_price,value,2026-06-21T18:40:53Z
2026-06-21T18:40:01Z,2026-06-21T20:40:01+0200,c0299f87-b988-4d8b-a611-962c285e5a18,2026-05-26T05:45:00Z,2026-05-26T07:45:00+0200,88.73,EUR/MWh,FR,FR,day_ahead_price,value,2026-06-21T18:40:53Z
2026-06-21T18:40:01Z,2026-06-21T20:40:01+0200,c0299f87-b988-4d8b-a611-962c285e5a18,2026-05-26T06:00:00Z,2026-05-26T08:00:00+0200,109.86,EUR/MWh,FR,FR,day_ahead_price,value,2026-06-21T18:40:53Z
2026-06-21T18:40:01Z,2026-06-21T20:40:01+0200,c0299f87-b988-4d8b-a611-962c285e5a18,2026-05-26T06:15:00Z,2026-05-26T08:15:00+0200,88.43,EUR/MWh,FR,FR,day_ahead_price,value,2026-06-21T18:40:53Z
2026-06-21T18:40:01Z,2026-06-21T20:40:01+0200,c0299f87-b988-4d8b-a611-962c285e5a18,2026-05-26T06:30:00Z,2026-05-26T08:30:00+0200,76.62,EUR/MWh,FR,FR,day_ahead_price,value,2026-06-21T18:40:53Z
2026-06-21T18:40:01Z,2026-06-21T20:40:01+0200,c0299f87-b988-4d8b-a611-962c285e5a18,2026-05-26T06:45:00Z,2026-05-26T08:45:00+0200,36.5,EUR/MWh,FR,FR,day_ahead_price,value,2026-06-21T18:40:53Z
2026-06-21T18:40:01Z,2026-06-21T20:40:01+0200,c0299f87-b988-4d8b-a611-962c285e5a18,2026-05-26T07:00:00Z,2026-05-26T09:00:00+0200,73.43,EUR/MWh,FR,FR,day_ahead_price,value,2026-06-21T18:40:53Z
2026-06-21T18:40:01Z,2026-06-21T20:40:01+0200,c0299f87-b988-4d8b-a611-962c285e5a18,2026-05-26T07:15:00Z,2026-05-26T09:15:00+0200,24.39,EUR/MWh,FR,FR,day_ahead_price,value,2026-06-21T18:40:53Z
2026-06-21T18:40:01Z,2026-06-21T20:40:01+0200,c0299f87-b988-4d8b-a611-962c285e5a18,2026-05-26T07:30:00Z,2026-05-26T09:30:00+0200,8.01,EUR/MWh,FR,FR,day_ahead_price,value,2026-06-21T18:40:53Z
2026-06-21T18:40:01Z,2026-06-21T20:40:01+0200,c0299f87-b988-4d8b-a611-962c285e5a18,2026-05-26T07:45:00Z,2026-05-26T09:45:00+0200,2.5,EUR/MWh,FR,FR,day_ahead_price,value,2026-06-21T18:40:53Z
2026-06-21T18:40:01Z,2026-06-21T20:40:01+0200,c0299f87-b988-4d8b-a611-962c285e5a18,2026-05-26T08:00:00Z,2026-05-26T10:00:00+0200,2.99,EUR/MWh,FR,FR,day_ahead_price,value,2026-06-21T18:40:53Z
2026-06-21T18:40:01Z,2026-06-21T20:40:01+0200,c0299f87-b988-4d8b-a611-962c285e5a18,2026-05-26T08:15:00Z,2026-05-26T10:15:00+0200,0.84,EUR/MWh,FR,FR,day_ahead_price,value,2026-06-21T18:40:53Z
2026-06-21T18:40:01Z,2026-06-21T20:40:01+0200,c0299f87-b988-4d8b-a611-962c285e5a18,2026-05-26T08:30:00Z,2026-05-26T10:30:00+0200,0.05,EUR/MWh,FR,FR,day_ahead_price,value,2026-06-21T18:40:53Z
2026-06-21T18:40:01Z,2026-06-21T20:40:01+0200,c0299f87-b988-4d8b-a611-962c285e5a18,2026-05-26T08:45:00Z,2026-05-26T10:45:00+0200,0.0,EUR/MWh,FR,FR,day_ahead_price,value,2026-06-21T18:40:53Z
2026-06-21T18:40:01Z,2026-06-21T20:40:01+0200,c0299f87-b988-4d8b-a611-962c285e5a18,2026-05-26T09:00:00Z,2026-05-26T11:00:00+0200,0.0,EUR/MWh,FR,FR,day_ahead_price,value,2026-06-21T18:40:53Z
2026-06-21T18:40:01Z,2026-06-21T20:40:01+0200,c0299f87-b988-4d8b-a611-962c285e5a18,2026-05-26T09:15:00Z,2026-05-26T11:15:00+0200,0.0,EUR/MWh,FR,FR,day_ahead_price,value,2026-06-21T18:40:53Z
2026-06-21T18:40:01Z,2026-06-21T20:40:01+0200,c0299f87-b988-4d8b-a611-962c285e5a18,2026-05-26T09:30:00Z,2026-05-26T11:30:00+0200,-0.01,EUR/MWh,FR,FR,day_ahead_price,value,2026-06-21T18:40:53Z
2026-06-21T18:40:01Z,2026-06-21T20:40:01+0200,c0299f87-b988-4d8b-a611-962c285e5a18,2026-05-26T09:45:00Z,2026-05-26T11:45:00+0200,-0.01,EUR/MWh,FR,FR,day_ahead_price,value,2026-06-21T18:40:53Z
2026-06-21T18:40:01Z,2026-06-21T20:40:01+0200,c0299f87-b988-4d8b-a611-962c285e5a18,2026-05-26T10:00:00Z,2026-05-26T12:00:00+0200,-0.01,EUR/MWh,FR,FR,day_ahead_price,value,2026-06-21T18:40:53Z
2026-06-21T18:40:01Z,2026-06-21T20:40:01+0200,c0299f87-b988-4d8b-a611-962c285e5a18,2026-05-26T10:15:00Z,2026-05-26T12:15:00+0200,-0.01,EUR/MWh,FR,FR,day_ahead_price,value,2026-06-21T18:40:53Z
2026-06-21T18:40:01Z,2026-06-21T20:40:01+0200,c0299f87-b988-4d8b-a611-962c285e5a18,2026-05-26T10:30:00Z,2026-05-26T12:30:00+0200,-0.01,EUR/MWh,FR,FR,day_ahead_price,value,2026-06-21T18:40:53Z
2026-06-21T18:40:01Z,2026-06-21T20:40:01+0200,c0299f87-b988-4d8b-a611-962c285e5a18,2026-05-26T10:45:00Z,2026-05-26T12:45:00+0200,-0.01,EUR/MWh,FR,FR,day_ahead_price,value,2026-06-21T18:40:53Z
2026-06-21T18:40:01Z,2026-06-21T20:40:01+0200,c0299f87-b988-4d8b-a611-962c285e5a18,2026-05-26T11:00:00Z,2026-05-26T13:00:00+0200,-0.09,EUR/MWh,FR,FR,day_ahead_price,value,2026-06-21T18:40:53Z
2026-06-21T18:40:01Z,2026-06-21T20:40:01+0200,c0299f87-b988-4d8b-a611-962c285e5a18,2026-05-26T11:15:00Z,2026-05-26T13:15:00+0200,-0.11,EUR/MWh,FR,FR,day_ahead_price,value,2026-06-21T18:40:53Z
2026-06-21T18:40:01Z,2026-06-21T20:40:01+0200,c0299f87-b988-4d8b-a611-962c285e5a18,2026-05-26T11:30:00Z,2026-05-26T13:30:00+0200,-0.11,EUR/MWh,FR,FR,day_ahead_price,value,2026-06-21T18:40:53Z
2026-06-21T18:40:01Z,2026-06-21T20:40:01+0200,c0299f87-b988-4d8b-a611-962c285e5a18,2026-05-26T11:45:00Z,2026-05-26T13:45:00+0200,-0.11,EUR/MWh,FR,FR,day_ahead_price,value,2026-06-21T18:40:53Z
2026-06-21T18:40:01Z,2026-06-21T20:40:01+0200,c0299f87-b988-4d8b-a611-962c285e5a18,2026-05-26T12:00:00Z,2026-05-26T14:00:00+0200,-0.39,EUR/MWh,FR,FR,day_ahead_price,value,2026-06-21T18:40:53Z
2026-06-21T18:40:01Z,2026-06-21T20:40:01+0200,c0299f87-b988-4d8b-a611-962c285e5a18,2026-05-26T12:15:00Z,2026-05-26T14:15:00+0200,-0.12,EUR/MWh,FR,FR,day_ahead_price,value,2026-06-21T18:40:53Z
2026-06-21T18:40:01Z,2026-06-21T20:40:01+0200,c0299f87-b988-4d8b-a611-962c285e5a18,2026-05-26T12:30:00Z,2026-05-26T14:30:00+0200,-0.11,EUR/MWh,FR,FR,day_ahead_price,value,2026-06-21T18:40:53Z
2026-06-21T18:40:01Z,2026-06-21T20:40:01+0200,c0299f87-b988-4d8b-a611-962c285e5a18,2026-05-26T12:45:00Z,2026-05-26T14:45:00+0200,-0.06,EUR/MWh,FR,FR,day_ahead_price,value,2026-06-21T18:40:53Z
2026-06-21T18:40:01Z,2026-06-21T20:40:01+0200,c0299f87-b988-4d8b-a611-962c285e5a18,2026-05-26T13:00:00Z,2026-05-26T15:00:00+0200,-0.03,EUR/MWh,FR,FR,day_ahead_price,value,2026-06-21T18:40:53Z
2026-06-21T18:40:01Z,2026-06-21T20:40:01+0200,c0299f87-b988-4d8b-a611-962c285e5a18,2026-05-26T13:15:00Z,2026-05-26T15:15:00+0200,-0.01,EUR/MWh,FR,FR,day_ahead_price,value,2026-06-21T18:40:53Z
2026-06-21T18:40:01Z,2026-06-21T20:40:01+0200,c0299f87-b988-4d8b-a611-962c285e5a18,2026-05-26T13:30:00Z,2026-05-26T15:30:00+0200,-0.01,EUR/MWh,FR,FR,day_ahead_price,value,2026-06-21T18:40:53Z
2026-06-21T18:40:01Z,2026-06-21T20:40:01+0200,c0299f87-b988-4d8b-a611-962c285e5a18,2026-05-26T13:45:00Z,2026-05-26T15:45:00+0200,-0.01,EUR/MWh,FR,FR,day_ahead_price,value,2026-06-21T18:40:53Z
2026-06-21T18:40:01Z,2026-06-21T20:40:01+0200,c0299f87-b988-4d8b-a611-962c285e5a18,2026-05-26T14:00:00Z,2026-05-26T16:00:00+0200,0.0,EUR/MWh,FR,FR,day_ahead_price,value,2026-06-21T18:40:53Z
2026-06-21T18:40:01Z,2026-06-21T20:40:01+0200,c0299f87-b988-4d8b-a611-962c285e5a18,2026-05-26T14:15:00Z,2026-05-26T16:15:00+0200,0.0,EUR/MWh,FR,FR,day_ahead_price,value,2026-06-21T18:40:53Z
2026-06-21T18:40:01Z,2026-06-21T20:40:01+0200,c0299f87-b988-4d8b-a611-962c285e5a18,2026-05-26T14:30:00Z,2026-05-26T16:30:00+0200,0.0,EUR/MWh,FR,FR,day_ahead_price,value,2026-06-21T18:40:53Z
2026-06-21T18:40:01Z,2026-06-21T20:40:01+0200,c0299f87-b988-4d8b-a611-962c285e5a18,2026-05-26T14:45:00Z,2026-05-26T16:45:00+0200,0.0,EUR/MWh,FR,FR,day_ahead_price,value,2026-06-21T18:40:53Z
2026-06-21T18:40:01Z,2026-06-21T20:40:01+0200,c0299f87-b988-4d8b-a611-962c285e5a18,2026-05-26T15:00:00Z,2026-05-26T17:00:00+0200,0.01,EUR/MWh,FR,FR,day_ahead_price,value,2026-06-21T18:40:53Z
2026-06-21T18:40:01Z,2026-06-21T20:40:01+0200,c0299f87-b988-4d8b-a611-962c285e5a18,2026-05-26T15:15:00Z,2026-05-26T17:15:00+0200,0.51,EUR/MWh,FR,FR,day_ahead_price,value,2026-06-21T18:40:53Z
2026-06-21T18:40:01Z,2026-06-21T20:40:01+0200,c0299f87-b988-4d8b-a611-962c285e5a18,2026-05-26T15:30:00Z,2026-05-26T17:30:00+0200,13.01,EUR/MWh,FR,FR,day_ahead_price,value,2026-06-21T18:40:53Z
2026-06-21T18:40:01Z,2026-06-21T20:40:01+0200,c0299f87-b988-4d8b-a611-962c285e5a18,2026-05-26T15:45:00Z,2026-05-26T17:45:00+0200,68.99,EUR/MWh,FR,FR,day_ahead_price,value,2026-06-21T18:40:53Z
2026-06-21T18:40:01Z,2026-06-21T20:40:01+0200,c0299f87-b988-4d8b-a611-962c285e5a18,2026-05-26T16:00:00Z,2026-05-26T18:00:00+0200,45.0,EUR/MWh,FR,FR,day_ahead_price,value,2026-06-21T18:40:53Z
2026-06-21T18:40:01Z,2026-06-21T20:40:01+0200,c0299f87-b988-4d8b-a611-962c285e5a18,2026-05-26T16:15:00Z,2026-05-26T18:15:00+0200,61.51,EUR/MWh,FR,FR,day_ahead_price,value,2026-06-21T18:40:53Z
2026-06-21T18:40:01Z,2026-06-21T20:40:01+0200,c0299f87-b988-4d8b-a611-962c285e5a18,2026-05-26T16:30:00Z,2026-05-26T18:30:00+0200,98.63,EUR/MWh,FR,FR,day_ahead_price,value,2026-06-21T18:40:53Z
2026-06-21T18:40:01Z,2026-06-21T20:40:01+0200,c0299f87-b988-4d8b-a611-962c285e5a18,2026-05-26T16:45:00Z,2026-05-26T18:45:00+0200,111.04,EUR/MWh,FR,FR,day_ahead_price,value,2026-06-21T18:40:53Z
2026-06-21T18:40:01Z,2026-06-21T20:40:01+0200,c0299f87-b988-4d8b-a611-962c285e5a18,2026-05-26T17:00:00Z,2026-05-26T19:00:00+0200,79.64,EUR/MWh,FR,FR,day_ahead_price,value,2026-06-21T18:40:53Z
2026-06-21T18:40:01Z,2026-06-21T20:40:01+0200,c0299f87-b988-4d8b-a611-962c285e5a18,2026-05-26T17:15:00Z,2026-05-26T19:15:00+0200,109.49,EUR/MWh,FR,FR,day_ahead_price,value,2026-06-21T18:40:53Z
2026-06-21T18:40:01Z,2026-06-21T20:40:01+0200,c0299f87-b988-4d8b-a611-962c285e5a18,2026-05-26T17:30:00Z,2026-05-26T19:30:00+0200,146.11,EUR/MWh,FR,FR,day_ahead_price,value,2026-06-21T18:40:53Z
2026-06-21T18:40:01Z,2026-06-21T20:40:01+0200,c0299f87-b988-4d8b-a611-962c285e5a18,2026-05-26T17:45:00Z,2026-05-26T19:45:00+0200,171.12,EUR/MWh,FR,FR,day_ahead_price,value,2026-06-21T18:40:53Z
2026-06-21T18:40:01Z,2026-06-21T20:40:01+0200,c0299f87-b988-4d8b-a611-962c285e5a18,2026-05-26T18:00:00Z,2026-05-26T20:00:00+0200,136.0,EUR/MWh,FR,FR,day_ahead_price,value,2026-06-21T18:40:53Z
2026-06-21T18:40:01Z,2026-06-21T20:40:01+0200,c0299f87-b988-4d8b-a611-962c285e5a18,2026-05-26T18:15:00Z,2026-05-26T20:15:00+0200,153.4,EUR/MWh,FR,FR,day_ahead_price,value,2026-06-21T18:40:53Z
2026-06-21T18:40:01Z,2026-06-21T20:40:01+0200,c0299f87-b988-4d8b-a611-962c285e5a18,2026-05-26T18:30:00Z,2026-05-26T20:30:00+0200,132.36,EUR/MWh,FR,FR,day_ahead_price,value,2026-06-21T18:40:53Z
2026-06-21T18:40:01Z,2026-06-21T20:40:01+0200,c0299f87-b988-4d8b-a611-962c285e5a18,2026-05-26T18:45:00Z,2026-05-26T20:45:00+0200,147.6,EUR/MWh,FR,FR,day_ahead_price,value,2026-06-21T18:40:53Z
2026-06-21T18:40:01Z,2026-06-21T20:40:01+0200,c0299f87-b988-4d8b-a611-962c285e5a18,2026-05-26T19:00:00Z,2026-05-26T21:00:00+0200,137.56,EUR/MWh,FR,FR,day_ahead_price,value,2026-06-21T18:40:53Z
2026-06-21T18:40:01Z,2026-06-21T20:40:01+0200,c0299f87-b988-4d8b-a611-962c285e5a18,2026-05-26T19:15:00Z,2026-05-26T21:15:00+0200,154.04,EUR/MWh,FR,FR,day_ahead_price,value,2026-06-21T18:40:53Z
2026-06-21T18:40:01Z,2026-06-21T20:40:01+0200,c0299f87-b988-4d8b-a611-962c285e5a18,2026-05-26T19:30:00Z,2026-05-26T21:30:00+0200,162.5,EUR/MWh,FR,FR,day_ahead_price,value,2026-06-21T18:40:53Z
2026-06-21T18:40:01Z,2026-06-21T20:40:01+0200,c0299f87-b988-4d8b-a611-962c285e5a18,2026-05-26T19:45:00Z,2026-05-26T21:45:00+0200,150.73,EUR/MWh,FR,FR,day_ahead_price,value,2026-06-21T18:40:53Z
2026-06-21T18:40:01Z,2026-06-21T20:40:01+0200,c0299f87-b988-4d8b-a611-962c285e5a18,2026-05-26T20:00:00Z,2026-05-26T22:00:00+0200,167.2,EUR/MWh,FR,FR,day_ahead_price,value,2026-06-21T18:40:53Z
2026-06-21T18:40:01Z,2026-06-21T20:40:01+0200,c0299f87-b988-4d8b-a611-962c285e5a18,2026-05-26T20:15:00Z,2026-05-26T22:15:00+0200,150.73,EUR/MWh,FR,FR,day_ahead_price,value,2026-06-21T18:40:53Z
2026-06-21T18:40:01Z,2026-06-21T20:40:01+0200,c0299f87-b988-4d8b-a611-962c285e5a18,2026-05-26T20:30:00Z,2026-05-26T22:30:00+0200,147.6,EUR/MWh,FR,FR,day_ahead_price,value,2026-06-21T18:40:53Z
2026-06-21T18:40:01Z,2026-06-21T20:40:01+0200,c0299f87-b988-4d8b-a611-962c285e5a18,2026-05-26T20:45:00Z,2026-05-26T22:45:00+0200,134.43,EUR/MWh,FR,FR,day_ahead_price,value,2026-06-21T18:40:53Z
2026-06-21T18:40:01Z,2026-06-21T20:40:01+0200,c0299f87-b988-4d8b-a611-962c285e5a18,2026-05-26T21:00:00Z,2026-05-26T23:00:00+0200,141.88,EUR/MWh,FR,FR,day_ahead_price,value,2026-06-21T18:40:53Z
2026-06-21T18:40:01Z,2026-06-21T20:40:01+0200,c0299f87-b988-4d8b-a611-962c285e5a18,2026-05-26T21:15:00Z,2026-05-26T23:15:00+0200,132.9,EUR/MWh,FR,FR,day_ahead_price,value,2026-06-21T18:40:53Z
2026-06-21T18:40:01Z,2026-06-21T20:40:01+0200,c0299f87-b988-4d8b-a611-962c285e5a18,2026-05-26T21:30:00Z,2026-05-26T23:30:00+0200,128.48,EUR/MWh,FR,FR,day_ahead_price,value,2026-06-21T18:40:53Z
2026-06-21T18:40:01Z,2026-06-21T20:40:01+0200,c0299f87-b988-4d8b-a611-962c285e5a18,2026-05-26T21:45:00Z,2026-05-26T23:45:00+0200,114.71,EUR/MWh,FR,FR,day_ahead_price,value,2026-06-21T18:40:53Z
2026-06-21T18:40:01Z,2026-06-21T20:40:01+0200,c0299f87-b988-4d8b-a611-962c285e5a18,2026-05-26T22:00:00Z,2026-05-27T00:00:00+0200,140.52,EUR/MWh,FR,FR,day_ahead_price,value,2026-06-21T18:40:53Z
2026-06-21T18:40:01Z,2026-06-21T20:40:01+0200,c0299f87-b988-4d8b-a611-962c285e5a18,2026-05-26T22:15:00Z,2026-05-27T00:15:00+0200,135.84,EUR/MWh,FR,FR,day_ahead_price,value,2026-06-21T18:40:53Z
2026-06-21T18:40:01Z,2026-06-21T20:40:01+0200,c0299f87-b988-4d8b-a611-962c285e5a18,2026-05-26T22:30:00Z,2026-05-27T00:30:00+0200,130.01,EUR/MWh,FR,FR,day_ahead_price,value,2026-06-21T18:40:53Z
2026-06-21T18:40:01Z,2026-06-21T20:40:01+0200,c0299f87-b988-4d8b-a611-962c285e5a18,2026-05-26T22:45:00Z,2026-05-27T00:45:00+0200,129.71,EUR/MWh,FR,FR,day_ahead_price,value,2026-06-21T18:40:53Z
2026-06-21T18:40:01Z,2026-06-21T20:40:01+0200,c0299f87-b988-4d8b-a611-962c285e5a18,2026-05-26T23:00:00Z,2026-05-27T01:00:00+0200,129.71,EUR/MWh,FR,FR,day_ahead_price,value,2026-06-21T18:40:53Z
2026-06-21T18:40:01Z,2026-06-21T20:40:01+0200,c0299f87-b988-4d8b-a611-962c285e5a18,2026-05-26T23:15:00Z,2026-05-27T01:15:00+0200,125.01,EUR/MWh,FR,FR,day_ahead_price,value,2026-06-21T18:40:53Z
2026-06-21T18:40:01Z,2026-06-21T20:40:01+0200,c0299f87-b988-4d8b-a611-962c285e5a18,2026-05-26T23:30:00Z,2026-05-27T01:30:00+0200,125.01,EUR/MWh,FR,FR,day_ahead_price,value,2026-06-21T18:40:53Z
2026-06-21T18:40:01Z,2026-06-21T20:40:01+0200,c0299f87-b988-4d8b-a611-962c285e5a18,2026-05-26T23:45:00Z,2026-05-27T01:45:00+0200,118.02,EUR/MWh,FR,FR,day_ahead_price,value,2026-06-21T18:40:53Z
2026-06-21T18:40:01Z,2026-06-21T20:40:01+0200,c0299f87-b988-4d8b-a611-962c285e5a18,2026-05-27T00:00:00Z,2026-05-27T02:00:00+0200,119.0,EUR/MWh,FR,FR,day_ahead_price,value,2026-06-21T18:40:53Z
2026-06-21T18:40:01Z,2026-06-21T20:40:01+0200,c0299f87-b988-4d8b-a611-962c285e5a18,2026-05-27T00:15:00Z,2026-05-27T02:15:00+0200,116.42,EUR/MWh,FR,FR,day_ahead_price,value,2026-06-21T18:40:53Z
2026-06-21T18:40:01Z,2026-06-21T20:40:01+0200,c0299f87-b988-4d8b-a611-962c285e5a18,2026-05-27T00:30:00Z,2026-05-27T02:30:00+0200,112.0,EUR/MWh,FR,FR,day_ahead_price,value,2026-06-21T18:40:53Z
2026-06-21T18:40:01Z,2026-06-21T20:40:01+0200,c0299f87-b988-4d8b-a611-962c285e5a18,2026-05-27T00:45:00Z,2026-05-27T02:45:00+0200,108.71,EUR/MWh,FR,FR,day_ahead_price,value,2026-06-21T18:40:53Z
2026-06-21T18:40:01Z,2026-06-21T20:40:01+0200,c0299f87-b988-4d8b-a611-962c285e5a18,2026-05-27T01:00:00Z,2026-05-27T03:00:00+0200,110.21,EUR/MWh,FR,FR,day_ahead_price,value,2026-06-21T18:40:53Z
2026-06-21T18:40:01Z,2026-06-21T20:40:01+0200,c0299f87-b988-4d8b-a611-962c285e5a18,2026-05-27T01:15:00Z,2026-05-27T03:15:00+0200,105.39,EUR/MWh,FR,FR,day_ahead_price,value,2026-06-21T18:40:53Z
2026-06-21T18:40:01Z,2026-06-21T20:40:01+0200,c0299f87-b988-4d8b-a611-962c285e5a18,2026-05-27T01:30:00Z,2026-05-27T03:30:00+0200,103.31,EUR/MWh,FR,FR,day_ahead_price,value,2026-06-21T18:40:53Z
2026-06-21T18:40:01Z,2026-06-21T20:40:01+0200,c0299f87-b988-4d8b-a611-962c285e5a18,2026-05-27T01:45:00Z,2026-05-27T03:45:00+0200,86.6,EUR/MWh,FR,FR,day_ahead_price,value,2026-06-21T18:40:53Z
2026-06-21T18:40:01Z,2026-06-21T20:40:01+0200,c0299f87-b988-4d8b-a611-962c285e5a18,2026-05-27T02:00:00Z,2026-05-27T04:00:00+0200,101.99,EUR/MWh,FR,FR,day_ahead_price,value,2026-06-21T18:40:53Z
2026-06-21T18:40:01Z,2026-06-21T20:40:01+0200,c0299f87-b988-4d8b-a611-962c285e5a18,2026-05-27T02:15:00Z,2026-05-27T04:15:00+0200,97.16,EUR/MWh,FR,FR,day_ahead_price,value,2026-06-21T18:40:53Z
2026-06-21T18:40:01Z,2026-06-21T20:40:01+0200,c0299f87-b988-4d8b-a611-962c285e5a18,2026-05-27T02:30:00Z,2026-05-27T04:30:00+0200,97.28,EUR/MWh,FR,FR,day_ahead_price,value,2026-06-21T18:40:53Z
2026-06-21T18:40:01Z,2026-06-21T20:40:01+0200,c0299f87-b988-4d8b-a611-962c285e5a18,2026-05-27T02:45:00Z,2026-05-27T04:45:00+0200,97.01,EUR/MWh,FR,FR,day_ahead_price,value,2026-06-21T18:40:53Z
2026-06-21T18:40:01Z,2026-06-21T20:40:01+0200,c0299f87-b988-4d8b-a611-962c285e5a18,2026-05-27T03:00:00Z,2026-05-27T05:00:00+0200,100.27,EUR/MWh,FR,FR,day_ahead_price,value,2026-06-21T18:40:53Z
2026-06-21T18:40:01Z,2026-06-21T20:40:01+0200,c0299f87-b988-4d8b-a611-962c285e5a18,2026-05-27T03:15:00Z,2026-05-27T05:15:00+0200,106.09,EUR/MWh,FR,FR,day_ahead_price,value,2026-06-21T18:40:53Z
2026-06-21T18:40:01Z,2026-06-21T20:40:01+0200,c0299f87-b988-4d8b-a611-962c285e5a18,2026-05-27T03:30:00Z,2026-05-27T05:30:00+0200,110.61,EUR/MWh,FR,FR,day_ahead_price,value,2026-06-21T18:40:53Z
2026-06-21T18:40:01Z,2026-06-21T20:40:01+0200,c0299f87-b988-4d8b-a611-962c285e5a18,2026-05-27T03:45:00Z,2026-05-27T05:45:00+0200,114.75,EUR/MWh,FR,FR,day_ahead_price,value,2026-06-21T18:40:53Z
2026-06-21T18:40:01Z,2026-06-21T20:40:01+0200,c0299f87-b988-4d8b-a611-962c285e5a18,2026-05-27T04:00:00Z,2026-05-27T06:00:00+0200,103.99,EUR/MWh,FR,FR,day_ahead_price,value,2026-06-21T18:40:53Z
2026-06-21T18:40:01Z,2026-06-21T20:40:01+0200,c0299f87-b988-4d8b-a611-962c285e5a18,2026-05-27T04:15:00Z,2026-05-27T06:15:00+0200,113.21,EUR/MWh,FR,FR,day_ahead_price,value,2026-06-21T18:40:53Z
2026-06-21T18:40:01Z,2026-06-21T20:40:01+0200,c0299f87-b988-4d8b-a611-962c285e5a18,2026-05-27T04:30:00Z,2026-05-27T06:30:00+0200,119.92,EUR/MWh,FR,FR,day_ahead_price,value,2026-06-21T18:40:53Z
2026-06-21T18:40:01Z,2026-06-21T20:40:01+0200,c0299f87-b988-4d8b-a611-962c285e5a18,2026-05-27T04:45:00Z,2026-05-27T06:45:00+0200,125.01,EUR/MWh,FR,FR,day_ahead_price,value,2026-06-21T18:40:53Z
2026-06-21T18:40:01Z,2026-06-21T20:40:01+0200,c0299f87-b988-4d8b-a611-962c285e5a18,2026-05-27T05:00:00Z,2026-05-27T07:00:00+0200,129.71,EUR/MWh,FR,FR,day_ahead_price,value,2026-06-21T18:40:53Z
2026-06-21T18:40:01Z,2026-06-21T20:40:01+0200,c0299f87-b988-4d8b-a611-962c285e5a18,2026-05-27T05:15:00Z,2026-05-27T07:15:00+0200,129.71,EUR/MWh,FR,FR,day_ahead_price,value,2026-06-21T18:40:53Z
2026-06-21T18:40:01Z,2026-06-21T20:40:01+0200,c0299f87-b988-4d8b-a611-962c285e5a18,2026-05-27T05:30:00Z,2026-05-27T07:30:00+0200,126.03,EUR/MWh,FR,FR,day_ahead_price,value,2026-06-21T18:40:53Z
2026-06-21T18:40:01Z,2026-06-21T20:40:01+0200,c0299f87-b988-4d8b-a611-962c285e5a18,2026-05-27T05:45:00Z,2026-05-27T07:45:00+0200,111.71,EUR/MWh,FR,FR,day_ahead_price,value,2026-06-21T18:40:53Z
2026-06-21T18:40:01Z,2026-06-21T20:40:01+0200,c0299f87-b988-4d8b-a611-962c285e5a18,2026-05-27T06:00:00Z,2026-05-27T08:00:00+0200,129.71,EUR/MWh,FR,FR,day_ahead_price,value,2026-06-21T18:40:53Z
2026-06-21T18:40:01Z,2026-06-21T20:40:01+0200,c0299f87-b988-4d8b-a611-962c285e5a18,2026-05-27T06:15:00Z,2026-05-27T08:15:00+0200,114.0,EUR/MWh,FR,FR,day_ahead_price,value,2026-06-21T18:40:53Z
2026-06-21T18:40:01Z,2026-06-21T20:40:01+0200,c0299f87-b988-4d8b-a611-962c285e5a18,2026-05-27T06:30:00Z,2026-05-27T08:30:00+0200,98.32,EUR/MWh,FR,FR,day_ahead_price,value,2026-06-21T18:40:53Z
2026-06-21T18:40:01Z,2026-06-21T20:40:01+0200,c0299f87-b988-4d8b-a611-962c285e5a18,2026-05-27T06:45:00Z,2026-05-27T08:45:00+0200,69.99,EUR/MWh,FR,FR,day_ahead_price,value,2026-06-21T18:40:53Z
2026-06-21T18:40:01Z,2026-06-21T20:40:01+0200,c0299f87-b988-4d8b-a611-962c285e5a18,2026-05-27T07:00:00Z,2026-05-27T09:00:00+0200,91.99,EUR/MWh,FR,FR,day_ahead_price,value,2026-06-21T18:40:53Z
2026-06-21T18:40:01Z,2026-06-21T20:40:01+0200,c0299f87-b988-4d8b-a611-962c285e5a18,2026-05-27T07:15:00Z,2026-05-27T09:15:00+0200,56.62,EUR/MWh,FR,FR,day_ahead_price,value,2026-06-21T18:40:53Z
2026-06-21T18:40:01Z,2026-06-21T20:40:01+0200,c0299f87-b988-4d8b-a611-962c285e5a18,2026-05-27T07:30:00Z,2026-05-27T09:30:00+0200,18.49,EUR/MWh,FR,FR,day_ahead_price,value,2026-06-21T18:40:53Z
2026-06-21T18:40:01Z,2026-06-21T20:40:01+0200,c0299f87-b988-4d8b-a611-962c285e5a18,2026-05-27T07:45:00Z,2026-05-27T09:45:00+0200,3.08,EUR/MWh,FR,FR,day_ahead_price,value,2026-06-21T18:40:53Z
2026-06-21T18:40:01Z,2026-06-21T20:40:01+0200,c0299f87-b988-4d8b-a611-962c285e5a18,2026-05-27T08:00:00Z,2026-05-27T10:00:00+0200,11.0,EUR/MWh,FR,FR,day_ahead_price,value,2026-06-21T18:40:53Z
2026-06-21T18:40:01Z,2026-06-21T20:40:01+0200,c0299f87-b988-4d8b-a611-962c285e5a18,2026-05-27T08:15:00Z,2026-05-27T10:15:00+0200,3.08,EUR/MWh,FR,FR,day_ahead_price,value,2026-06-21T18:40:53Z
2026-06-21T18:40:01Z,2026-06-21T20:40:01+0200,c0299f87-b988-4d8b-a611-962c285e5a18,2026-05-27T08:30:00Z,2026-05-27T10:30:00+0200,0.92,EUR/MWh,FR,FR,day_ahead_price,value,2026-06-21T18:40:53Z
2026-06-21T18:40:01Z,2026-06-21T20:40:01+0200,c0299f87-b988-4d8b-a611-962c285e5a18,2026-05-27T08:45:00Z,2026-05-27T10:45:00+0200,0.84,EUR/MWh,FR,FR,day_ahead_price,value,2026-06-21T18:40:53Z
2026-06-21T18:40:01Z,2026-06-21T20:40:01+0200,c0299f87-b988-4d8b-a611-962c285e5a18,2026-05-27T09:00:00Z,2026-05-27T11:00:00+0200,0.66,EUR/MWh,FR,FR,day_ahead_price,value,2026-06-21T18:40:53Z
2026-06-21T18:40:01Z,2026-06-21T20:40:01+0200,c0299f87-b988-4d8b-a611-962c285e5a18,2026-05-27T09:15:00Z,2026-05-27T11:15:00+0200,0.39,EUR/MWh,FR,FR,day_ahead_price,value,2026-06-21T18:40:53Z
2026-06-21T18:40:01Z,2026-06-21T20:40:01+0200,c0299f87-b988-4d8b-a611-962c285e5a18,2026-05-27T09:30:00Z,2026-05-27T11:30:00+0200,0.07,EUR/MWh,FR,FR,day_ahead_price,value,2026-06-21T18:40:53Z
2026-06-21T18:40:01Z,2026-06-21T20:40:01+0200,c0299f87-b988-4d8b-a611-962c285e5a18,2026-05-27T09:45:00Z,2026-05-27T11:45:00+0200,0.0,EUR/MWh,FR,FR,day_ahead_price,value,2026-06-21T18:40:53Z
2026-06-21T18:40:01Z,2026-06-21T20:40:01+0200,c0299f87-b988-4d8b-a611-962c285e5a18,2026-05-27T10:00:00Z,2026-05-27T12:00:00+0200,0.0,EUR/MWh,FR,FR,day_ahead_price,value,2026-06-21T18:40:53Z
2026-06-21T18:40:01Z,2026-06-21T20:40:01+0200,c0299f87-b988-4d8b-a611-962c285e5a18,2026-05-27T10:15:00Z,2026-05-27T12:15:00+0200,0.0,EUR/MWh,FR,FR,day_ahead_price,value,2026-06-21T18:40:53Z
2026-06-21T18:40:01Z,2026-06-21T20:40:01+0200,c0299f87-b988-4d8b-a611-962c285e5a18,2026-05-27T10:30:00Z,2026-05-27T12:30:00+0200,0.0,EUR/MWh,FR,FR,day_ahead_price,value,2026-06-21T18:40:53Z
2026-06-21T18:40:01Z,2026-06-21T20:40:01+0200,c0299f87-b988-4d8b-a611-962c285e5a18,2026-05-27T10:45:00Z,2026-05-27T12:45:00+0200,0.0,EUR/MWh,FR,FR,day_ahead_price,value,2026-06-21T18:40:53Z
2026-06-21T18:40:01Z,2026-06-21T20:40:01+0200,c0299f87-b988-4d8b-a611-962c285e5a18,2026-05-27T11:00:00Z,2026-05-27T13:00:00+0200,0.0,EUR/MWh,FR,FR,day_ahead_price,value,2026-06-21T18:40:53Z
2026-06-21T18:40:01Z,2026-06-21T20:40:01+0200,c0299f87-b988-4d8b-a611-962c285e5a18,2026-05-27T11:15:00Z,2026-05-27T13:15:00+0200,0.0,EUR/MWh,FR,FR,day_ahead_price,value,2026-06-21T18:40:53Z
2026-06-21T18:40:01Z,2026-06-21T20:40:01+0200,c0299f87-b988-4d8b-a611-962c285e5a18,2026-05-27T11:30:00Z,2026-05-27T13:30:00+0200,-0.01,EUR/MWh,FR,FR,day_ahead_price,value,2026-06-21T18:40:53Z
2026-06-21T18:40:01Z,2026-06-21T20:40:01+0200,c0299f87-b988-4d8b-a611-962c285e5a18,2026-05-27T11:45:00Z,2026-05-27T13:45:00+0200,-0.01,EUR/MWh,FR,FR,day_ahead_price,value,2026-06-21T18:40:53Z
2026-06-21T18:40:01Z,2026-06-21T20:40:01+0200,c0299f87-b988-4d8b-a611-962c285e5a18,2026-05-27T12:00:00Z,2026-05-27T14:00:00+0200,-0.01,EUR/MWh,FR,FR,day_ahead_price,value,2026-06-21T18:40:53Z
2026-06-21T18:40:01Z,2026-06-21T20:40:01+0200,c0299f87-b988-4d8b-a611-962c285e5a18,2026-05-27T12:15:00Z,2026-05-27T14:15:00+0200,-0.01,EUR/MWh,FR,FR,day_ahead_price,value,2026-06-21T18:40:53Z
2026-06-21T18:40:01Z,2026-06-21T20:40:01+0200,c0299f87-b988-4d8b-a611-962c285e5a18,2026-05-27T12:30:00Z,2026-05-27T14:30:00+0200,-0.01,EUR/MWh,FR,FR,day_ahead_price,value,2026-06-21T18:40:53Z
2026-06-21T18:40:01Z,2026-06-21T20:40:01+0200,c0299f87-b988-4d8b-a611-962c285e5a18,2026-05-27T12:45:00Z,2026-05-27T14:45:00+0200,0.0,EUR/MWh,FR,FR,day_ahead_price,value,2026-06-21T18:40:53Z
2026-06-21T18:40:01Z,2026-06-21T20:40:01+0200,c0299f87-b988-4d8b-a611-962c285e5a18,2026-05-27T13:00:00Z,2026-05-27T15:00:00+0200,0.0,EUR/MWh,FR,FR,day_ahead_price,value,2026-06-21T18:40:53Z
2026-06-21T18:40:01Z,2026-06-21T20:40:01+0200,c0299f87-b988-4d8b-a611-962c285e5a18,2026-05-27T13:15:00Z,2026-05-27T15:15:00+0200,0.0,EUR/MWh,FR,FR,day_ahead_price,value,2026-06-21T18:40:53Z
2026-06-21T18:40:01Z,2026-06-21T20:40:01+0200,c0299f87-b988-4d8b-a611-962c285e5a18,2026-05-27T13:30:00Z,2026-05-27T15:30:00+0200,0.04,EUR/MWh,FR,FR,day_ahead_price,value,2026-06-21T18:40:53Z
2026-06-21T18:40:01Z,2026-06-21T20:40:01+0200,c0299f87-b988-4d8b-a611-962c285e5a18,2026-05-27T13:45:00Z,2026-05-27T15:45:00+0200,0.88,EUR/MWh,FR,FR,day_ahead_price,value,2026-06-21T18:40:53Z
2026-06-21T18:40:01Z,2026-06-21T20:40:01+0200,c0299f87-b988-4d8b-a611-962c285e5a18,2026-05-27T14:00:00Z,2026-05-27T16:00:00+0200,0.0,EUR/MWh,FR,FR,day_ahead_price,value,2026-06-21T18:40:53Z
2026-06-21T18:40:01Z,2026-06-21T20:40:01+0200,c0299f87-b988-4d8b-a611-962c285e5a18,2026-05-27T14:15:00Z,2026-05-27T16:15:00+0200,0.01,EUR/MWh,FR,FR,day_ahead_price,value,2026-06-21T18:40:53Z
2026-06-21T18:40:01Z,2026-06-21T20:40:01+0200,c0299f87-b988-4d8b-a611-962c285e5a18,2026-05-27T14:30:00Z,2026-05-27T16:30:00+0200,0.51,EUR/MWh,FR,FR,day_ahead_price,value,2026-06-21T18:40:53Z
2026-06-21T18:40:01Z,2026-06-21T20:40:01+0200,c0299f87-b988-4d8b-a611-962c285e5a18,2026-05-27T14:45:00Z,2026-05-27T16:45:00+0200,16.73,EUR/MWh,FR,FR,day_ahead_price,value,2026-06-21T18:40:53Z
2026-06-21T18:40:01Z,2026-06-21T20:40:01+0200,c0299f87-b988-4d8b-a611-962c285e5a18,2026-05-27T15:00:00Z,2026-05-27T17:00:00+0200,3.44,EUR/MWh,FR,FR,day_ahead_price,value,2026-06-21T18:40:53Z
2026-06-21T18:40:01Z,2026-06-21T20:40:01+0200,c0299f87-b988-4d8b-a611-962c285e5a18,2026-05-27T15:15:00Z,2026-05-27T17:15:00+0200,15.79,EUR/MWh,FR,FR,day_ahead_price,value,2026-06-21T18:40:53Z
2026-06-21T18:40:01Z,2026-06-21T20:40:01+0200,c0299f87-b988-4d8b-a611-962c285e5a18,2026-05-27T15:30:00Z,2026-05-27T17:30:00+0200,30.94,EUR/MWh,FR,FR,day_ahead_price,value,2026-06-21T18:40:53Z
2026-06-21T18:40:01Z,2026-06-21T20:40:01+0200,c0299f87-b988-4d8b-a611-962c285e5a18,2026-05-27T15:45:00Z,2026-05-27T17:45:00+0200,66.89,EUR/MWh,FR,FR,day_ahead_price,value,2026-06-21T18:40:53Z
2026-06-21T18:40:01Z,2026-06-21T20:40:01+0200,c0299f87-b988-4d8b-a611-962c285e5a18,2026-05-27T16:00:00Z,2026-05-27T18:00:00+0200,31.53,EUR/MWh,FR,FR,day_ahead_price,value,2026-06-21T18:40:53Z
2026-06-21T18:40:01Z,2026-06-21T20:40:01+0200,c0299f87-b988-4d8b-a611-962c285e5a18,2026-05-27T16:15:00Z,2026-05-27T18:15:00+0200,69.67,EUR/MWh,FR,FR,day_ahead_price,value,2026-06-21T18:40:53Z
2026-06-21T18:40:01Z,2026-06-21T20:40:01+0200,c0299f87-b988-4d8b-a611-962c285e5a18,2026-05-27T16:30:00Z,2026-05-27T18:30:00+0200,74.5,EUR/MWh,FR,FR,day_ahead_price,value,2026-06-21T18:40:53Z
2026-06-21T18:40:01Z,2026-06-21T20:40:01+0200,c0299f87-b988-4d8b-a611-962c285e5a18,2026-05-27T16:45:00Z,2026-05-27T18:45:00+0200,121.99,EUR/MWh,FR,FR,day_ahead_price,value,2026-06-21T18:40:53Z
2026-06-21T18:40:01Z,2026-06-21T20:40:01+0200,c0299f87-b988-4d8b-a611-962c285e5a18,2026-05-27T17:00:00Z,2026-05-27T19:00:00+0200,79.35,EUR/MWh,FR,FR,day_ahead_price,value,2026-06-21T18:40:53Z
2026-06-21T18:40:01Z,2026-06-21T20:40:01+0200,c0299f87-b988-4d8b-a611-962c285e5a18,2026-05-27T17:15:00Z,2026-05-27T19:15:00+0200,132.02,EUR/MWh,FR,FR,day_ahead_price,value,2026-06-21T18:40:53Z
2026-06-21T18:40:01Z,2026-06-21T20:40:01+0200,c0299f87-b988-4d8b-a611-962c285e5a18,2026-05-27T17:30:00Z,2026-05-27T19:30:00+0200,145.08,EUR/MWh,FR,FR,day_ahead_price,value,2026-06-21T18:40:53Z
2026-06-21T18:40:01Z,2026-06-21T20:40:01+0200,c0299f87-b988-4d8b-a611-962c285e5a18,2026-05-27T17:45:00Z,2026-05-27T19:45:00+0200,151.89,EUR/MWh,FR,FR,day_ahead_price,value,2026-06-21T18:40:53Z
2026-06-21T18:40:01Z,2026-06-21T20:40:01+0200,c0299f87-b988-4d8b-a611-962c285e5a18,2026-05-27T18:00:00Z,2026-05-27T20:00:00+0200,121.99,EUR/MWh,FR,FR,day_ahead_price,value,2026-06-21T18:40:53Z
2026-06-21T18:40:01Z,2026-06-21T20:40:01+0200,c0299f87-b988-4d8b-a611-962c285e5a18,2026-05-27T18:15:00Z,2026-05-27T20:15:00+0200,131.75,EUR/MWh,FR,FR,day_ahead_price,value,2026-06-21T18:40:53Z
2026-06-21T18:40:01Z,2026-06-21T20:40:01+0200,c0299f87-b988-4d8b-a611-962c285e5a18,2026-05-27T18:30:00Z,2026-05-27T20:30:00+0200,129.71,EUR/MWh,FR,FR,day_ahead_price,value,2026-06-21T18:40:53Z
2026-06-21T18:40:01Z,2026-06-21T20:40:01+0200,c0299f87-b988-4d8b-a611-962c285e5a18,2026-05-27T18:45:00Z,2026-05-27T20:45:00+0200,135.84,EUR/MWh,FR,FR,day_ahead_price,value,2026-06-21T18:40:53Z
2026-06-21T18:40:01Z,2026-06-21T20:40:01+0200,c0299f87-b988-4d8b-a611-962c285e5a18,2026-05-27T19:00:00Z,2026-05-27T21:00:00+0200,138.02,EUR/MWh,FR,FR,day_ahead_price,value,2026-06-21T18:40:53Z
2026-06-21T18:40:01Z,2026-06-21T20:40:01+0200,c0299f87-b988-4d8b-a611-962c285e5a18,2026-05-27T19:15:00Z,2026-05-27T21:15:00+0200,145.71,EUR/MWh,FR,FR,day_ahead_price,value,2026-06-21T18:40:53Z
2026-06-21T18:40:01Z,2026-06-21T20:40:01+0200,c0299f87-b988-4d8b-a611-962c285e5a18,2026-05-27T19:30:00Z,2026-05-27T21:30:00+0200,146.0,EUR/MWh,FR,FR,day_ahead_price,value,2026-06-21T18:40:53Z
2026-06-21T18:40:01Z,2026-06-21T20:40:01+0200,c0299f87-b988-4d8b-a611-962c285e5a18,2026-05-27T19:45:00Z,2026-05-27T21:45:00+0200,140.68,EUR/MWh,FR,FR,day_ahead_price,value,2026-06-21T18:40:53Z
2026-06-21T18:40:01Z,2026-06-21T20:40:01+0200,c0299f87-b988-4d8b-a611-962c285e5a18,2026-05-27T20:00:00Z,2026-05-27T22:00:00+0200,142.9,EUR/MWh,FR,FR,day_ahead_price,value,2026-06-21T18:40:53Z
2026-06-21T18:40:01Z,2026-06-21T20:40:01+0200,c0299f87-b988-4d8b-a611-962c285e5a18,2026-05-27T20:15:00Z,2026-05-27T22:15:00+0200,136.2,EUR/MWh,FR,FR,day_ahead_price,value,2026-06-21T18:40:53Z
2026-06-21T18:40:01Z,2026-06-21T20:40:01+0200,c0299f87-b988-4d8b-a611-962c285e5a18,2026-05-27T20:30:00Z,2026-05-27T22:30:00+0200,136.29,EUR/MWh,FR,FR,day_ahead_price,value,2026-06-21T18:40:53Z
2026-06-21T18:40:01Z,2026-06-21T20:40:01+0200,c0299f87-b988-4d8b-a611-962c285e5a18,2026-05-27T20:45:00Z,2026-05-27T22:45:00+0200,129.71,EUR/MWh,FR,FR,day_ahead_price,value,2026-06-21T18:40:53Z
2026-06-21T18:40:01Z,2026-06-21T20:40:01+0200,c0299f87-b988-4d8b-a611-962c285e5a18,2026-05-27T21:00:00Z,2026-05-27T23:00:00+0200,126.46,EUR/MWh,FR,FR,day_ahead_price,value,2026-06-21T18:40:53Z
2026-06-21T18:40:01Z,2026-06-21T20:40:01+0200,c0299f87-b988-4d8b-a611-962c285e5a18,2026-05-27T21:15:00Z,2026-05-27T23:15:00+0200,119.89,EUR/MWh,FR,FR,day_ahead_price,value,2026-06-21T18:40:53Z
2026-06-21T18:40:01Z,2026-06-21T20:40:01+0200,c0299f87-b988-4d8b-a611-962c285e5a18,2026-05-27T21:30:00Z,2026-05-27T23:30:00+0200,121.46,EUR/MWh,FR,FR,day_ahead_price,value,2026-06-21T18:40:53Z
2026-06-21T18:40:01Z,2026-06-21T20:40:01+0200,c0299f87-b988-4d8b-a611-962c285e5a18,2026-05-27T21:45:00Z,2026-05-27T23:45:00+0200,112.71,EUR/MWh,FR,FR,day_ahead_price,value,2026-06-21T18:40:53Z
2026-06-21T18:40:01Z,2026-06-21T20:40:01+0200,c0299f87-b988-4d8b-a611-962c285e5a18,2026-05-27T22:00:00Z,2026-05-28T00:00:00+0200,115.4,EUR/MWh,FR,FR,day_ahead_price,value,2026-06-21T18:40:53Z
2026-06-21T18:40:01Z,2026-06-21T20:40:01+0200,c0299f87-b988-4d8b-a611-962c285e5a18,2026-05-27T22:15:00Z,2026-05-28T00:15:00+0200,110.92,EUR/MWh,FR,FR,day_ahead_price,value,2026-06-21T18:40:53Z
2026-06-21T18:40:01Z,2026-06-21T20:40:01+0200,c0299f87-b988-4d8b-a611-962c285e5a18,2026-05-27T22:30:00Z,2026-05-28T00:30:00+0200,107.92,EUR/MWh,FR,FR,day_ahead_price,value,2026-06-21T18:40:53Z
2026-06-21T18:40:01Z,2026-06-21T20:40:01+0200,c0299f87-b988-4d8b-a611-962c285e5a18,2026-05-27T22:45:00Z,2026-05-28T00:45:00+0200,105.64,EUR/MWh,FR,FR,day_ahead_price,value,2026-06-21T18:40:53Z
2026-06-21T18:40:01Z,2026-06-21T20:40:01+0200,c0299f87-b988-4d8b-a611-962c285e5a18,2026-05-27T23:00:00Z,2026-05-28T01:00:00+0200,108.36,EUR/MWh,FR,FR,day_ahead_price,value,2026-06-21T18:40:53Z
2026-06-21T18:40:01Z,2026-06-21T20:40:01+0200,c0299f87-b988-4d8b-a611-962c285e5a18,2026-05-27T23:15:00Z,2026-05-28T01:15:00+0200,107.92,EUR/MWh,FR,FR,day_ahead_price,value,2026-06-21T18:40:53Z
2026-06-21T18:40:01Z,2026-06-21T20:40:01+0200,c0299f87-b988-4d8b-a611-962c285e5a18,2026-05-27T23:30:00Z,2026-05-28T01:30:00+0200,107.88,EUR/MWh,FR,FR,day_ahead_price,value,2026-06-21T18:40:53Z
2026-06-21T18:40:01Z,2026-06-21T20:40:01+0200,c0299f87-b988-4d8b-a611-962c285e5a18,2026-05-27T23:45:00Z,2026-05-28T01:45:00+0200,105.64,EUR/MWh,FR,FR,day_ahead_price,value,2026-06-21T18:40:53Z
2026-06-21T18:40:01Z,2026-06-21T20:40:01+0200,c0299f87-b988-4d8b-a611-962c285e5a18,2026-05-28T00:00:00Z,2026-05-28T02:00:00+0200,105.76,EUR/MWh,FR,FR,day_ahead_price,value,2026-06-21T18:40:53Z
2026-06-21T18:40:01Z,2026-06-21T20:40:01+0200,c0299f87-b988-4d8b-a611-962c285e5a18,2026-05-28T00:15:00Z,2026-05-28T02:15:00+0200,105.17,EUR/MWh,FR,FR,day_ahead_price,value,2026-06-21T18:40:53Z
2026-06-21T18:40:01Z,2026-06-21T20:40:01+0200,c0299f87-b988-4d8b-a611-962c285e5a18,2026-05-28T00:30:00Z,2026-05-28T02:30:00+0200,95.0,EUR/MWh,FR,FR,day_ahead_price,value,2026-06-21T18:40:53Z
2026-06-21T18:40:01Z,2026-06-21T20:40:01+0200,c0299f87-b988-4d8b-a611-962c285e5a18,2026-05-28T00:45:00Z,2026-05-28T02:45:00+0200,77.16,EUR/MWh,FR,FR,day_ahead_price,value,2026-06-21T18:40:53Z
2026-06-21T18:40:01Z,2026-06-21T20:40:01+0200,c0299f87-b988-4d8b-a611-962c285e5a18,2026-05-28T01:00:00Z,2026-05-28T03:00:00+0200,79.5,EUR/MWh,FR,FR,day_ahead_price,value,2026-06-21T18:40:53Z
2026-06-21T18:40:01Z,2026-06-21T20:40:01+0200,c0299f87-b988-4d8b-a611-962c285e5a18,2026-05-28T01:15:00Z,2026-05-28T03:15:00+0200,84.01,EUR/MWh,FR,FR,day_ahead_price,value,2026-06-21T18:40:53Z
2026-06-21T18:40:01Z,2026-06-21T20:40:01+0200,c0299f87-b988-4d8b-a611-962c285e5a18,2026-05-28T01:30:00Z,2026-05-28T03:30:00+0200,90.21,EUR/MWh,FR,FR,day_ahead_price,value,2026-06-21T18:40:53Z
2026-06-21T18:40:01Z,2026-06-21T20:40:01+0200,c0299f87-b988-4d8b-a611-962c285e5a18,2026-05-28T01:45:00Z,2026-05-28T03:45:00+0200,89.0,EUR/MWh,FR,FR,day_ahead_price,value,2026-06-21T18:40:53Z
2026-06-21T18:40:01Z,2026-06-21T20:40:01+0200,c0299f87-b988-4d8b-a611-962c285e5a18,2026-05-28T02:00:00Z,2026-05-28T04:00:00+0200,91.4,EUR/MWh,FR,FR,day_ahead_price,value,2026-06-21T18:40:53Z
2026-06-21T18:40:01Z,2026-06-21T20:40:01+0200,c0299f87-b988-4d8b-a611-962c285e5a18,2026-05-28T02:15:00Z,2026-05-28T04:15:00+0200,96.99,EUR/MWh,FR,FR,day_ahead_price,value,2026-06-21T18:40:53Z
2026-06-21T18:40:01Z,2026-06-21T20:40:01+0200,c0299f87-b988-4d8b-a611-962c285e5a18,2026-05-28T02:30:00Z,2026-05-28T04:30:00+0200,106.94,EUR/MWh,FR,FR,day_ahead_price,value,2026-06-21T18:40:53Z
2026-06-21T18:40:01Z,2026-06-21T20:40:01+0200,c0299f87-b988-4d8b-a611-962c285e5a18,2026-05-28T02:45:00Z,2026-05-28T04:45:00+0200,107.88,EUR/MWh,FR,FR,day_ahead_price,value,2026-06-21T18:40:53Z
2026-06-21T18:40:01Z,2026-06-21T20:40:01+0200,c0299f87-b988-4d8b-a611-962c285e5a18,2026-05-28T03:00:00Z,2026-05-28T05:00:00+0200,108.6,EUR/MWh,FR,FR,day_ahead_price,value,2026-06-21T18:40:53Z
2026-06-21T18:40:01Z,2026-06-21T20:40:01+0200,c0299f87-b988-4d8b-a611-962c285e5a18,2026-05-28T03:15:00Z,2026-05-28T05:15:00+0200,110.51,EUR/MWh,FR,FR,day_ahead_price,value,2026-06-21T18:40:53Z
2026-06-21T18:40:01Z,2026-06-21T20:40:01+0200,c0299f87-b988-4d8b-a611-962c285e5a18,2026-05-28T03:30:00Z,2026-05-28T05:30:00+0200,115.23,EUR/MWh,FR,FR,day_ahead_price,value,2026-06-21T18:40:53Z
2026-06-21T18:40:01Z,2026-06-21T20:40:01+0200,c0299f87-b988-4d8b-a611-962c285e5a18,2026-05-28T03:45:00Z,2026-05-28T05:45:00+0200,120.67,EUR/MWh,FR,FR,day_ahead_price,value,2026-06-21T18:40:53Z
2026-06-21T18:40:01Z,2026-06-21T20:40:01+0200,c0299f87-b988-4d8b-a611-962c285e5a18,2026-05-28T04:00:00Z,2026-05-28T06:00:00+0200,122.67,EUR/MWh,FR,FR,day_ahead_price,value,2026-06-21T18:40:53Z
2026-06-21T18:40:01Z,2026-06-21T20:40:01+0200,c0299f87-b988-4d8b-a611-962c285e5a18,2026-05-28T04:15:00Z,2026-05-28T06:15:00+0200,128.92,EUR/MWh,FR,FR,day_ahead_price,value,2026-06-21T18:40:53Z
2026-06-21T18:40:01Z,2026-06-21T20:40:01+0200,c0299f87-b988-4d8b-a611-962c285e5a18,2026-05-28T04:30:00Z,2026-05-28T06:30:00+0200,127.07,EUR/MWh,FR,FR,day_ahead_price,value,2026-06-21T18:40:53Z
2026-06-21T18:40:01Z,2026-06-21T20:40:01+0200,c0299f87-b988-4d8b-a611-962c285e5a18,2026-05-28T04:45:00Z,2026-05-28T06:45:00+0200,128.92,EUR/MWh,FR,FR,day_ahead_price,value,2026-06-21T18:40:53Z
2026-06-21T18:40:01Z,2026-06-21T20:40:01+0200,c0299f87-b988-4d8b-a611-962c285e5a18,2026-05-28T05:00:00Z,2026-05-28T07:00:00+0200,128.92,EUR/MWh,FR,FR,day_ahead_price,value,2026-06-21T18:40:53Z
2026-06-21T18:40:01Z,2026-06-21T20:40:01+0200,c0299f87-b988-4d8b-a611-962c285e5a18,2026-05-28T05:15:00Z,2026-05-28T07:15:00+0200,128.92,EUR/MWh,FR,FR,day_ahead_price,value,2026-06-21T18:40:53Z
2026-06-21T18:40:01Z,2026-06-21T20:40:01+0200,c0299f87-b988-4d8b-a611-962c285e5a18,2026-05-28T05:30:00Z,2026-05-28T07:30:00+0200,121.69,EUR/MWh,FR,FR,day_ahead_price,value,2026-06-21T18:40:53Z
2026-06-21T18:40:01Z,2026-06-21T20:40:01+0200,c0299f87-b988-4d8b-a611-962c285e5a18,2026-05-28T05:45:00Z,2026-05-28T07:45:00+0200,111.0,EUR/MWh,FR,FR,day_ahead_price,value,2026-06-21T18:40:53Z
2026-06-21T18:40:01Z,2026-06-21T20:40:01+0200,c0299f87-b988-4d8b-a611-962c285e5a18,2026-05-28T06:00:00Z,2026-05-28T08:00:00+0200,126.0,EUR/MWh,FR,FR,day_ahead_price,value,2026-06-21T18:40:53Z
2026-06-21T18:40:01Z,2026-06-21T20:40:01+0200,c0299f87-b988-4d8b-a611-962c285e5a18,2026-05-28T06:15:00Z,2026-05-28T08:15:00+0200,109.42,EUR/MWh,FR,FR,day_ahead_price,value,2026-06-21T18:40:53Z
2026-06-21T18:40:01Z,2026-06-21T20:40:01+0200,c0299f87-b988-4d8b-a611-962c285e5a18,2026-05-28T06:30:00Z,2026-05-28T08:30:00+0200,104.18,EUR/MWh,FR,FR,day_ahead_price,value,2026-06-21T18:40:53Z
2026-06-21T18:40:01Z,2026-06-21T20:40:01+0200,c0299f87-b988-4d8b-a611-962c285e5a18,2026-05-28T06:45:00Z,2026-05-28T08:45:00+0200,77.0,EUR/MWh,FR,FR,day_ahead_price,value,2026-06-21T18:40:53Z
2026-06-21T18:40:01Z,2026-06-21T20:40:01+0200,c0299f87-b988-4d8b-a611-962c285e5a18,2026-05-28T07:00:00Z,2026-05-28T09:00:00+0200,88.87,EUR/MWh,FR,FR,day_ahead_price,value,2026-06-21T18:40:53Z
2026-06-21T18:40:01Z,2026-06-21T20:40:01+0200,c0299f87-b988-4d8b-a611-962c285e5a18,2026-05-28T07:15:00Z,2026-05-28T09:15:00+0200,62.75,EUR/MWh,FR,FR,day_ahead_price,value,2026-06-21T18:40:53Z
2026-06-21T18:40:01Z,2026-06-21T20:40:01+0200,c0299f87-b988-4d8b-a611-962c285e5a18,2026-05-28T07:30:00Z,2026-05-28T09:30:00+0200,35.1,EUR/MWh,FR,FR,day_ahead_price,value,2026-06-21T18:40:53Z
2026-06-21T18:40:01Z,2026-06-21T20:40:01+0200,c0299f87-b988-4d8b-a611-962c285e5a18,2026-05-28T07:45:00Z,2026-05-28T09:45:00+0200,24.15,EUR/MWh,FR,FR,day_ahead_price,value,2026-06-21T18:40:53Z
2026-06-21T18:40:01Z,2026-06-21T20:40:01+0200,c0299f87-b988-4d8b-a611-962c285e5a18,2026-05-28T08:00:00Z,2026-05-28T10:00:00+0200,44.26,EUR/MWh,FR,FR,day_ahead_price,value,2026-06-21T18:40:53Z
2026-06-21T18:40:01Z,2026-06-21T20:40:01+0200,c0299f87-b988-4d8b-a611-962c285e5a18,2026-05-28T08:15:00Z,2026-05-28T10:15:00+0200,17.94,EUR/MWh,FR,FR,day_ahead_price,value,2026-06-21T18:40:53Z
2026-06-21T18:40:01Z,2026-06-21T20:40:01+0200,c0299f87-b988-4d8b-a611-962c285e5a18,2026-05-28T08:30:00Z,2026-05-28T10:30:00+0200,6.32,EUR/MWh,FR,FR,day_ahead_price,value,2026-06-21T18:40:53Z
2026-06-21T18:40:01Z,2026-06-21T20:40:01+0200,c0299f87-b988-4d8b-a611-962c285e5a18,2026-05-28T08:45:00Z,2026-05-28T10:45:00+0200,2.51,EUR/MWh,FR,FR,day_ahead_price,value,2026-06-21T18:40:53Z
2026-06-21T18:40:01Z,2026-06-21T20:40:01+0200,c0299f87-b988-4d8b-a611-962c285e5a18,2026-05-28T09:00:00Z,2026-05-28T11:00:00+0200,1.56,EUR/MWh,FR,FR,day_ahead_price,value,2026-06-21T18:40:53Z
2026-06-21T18:40:01Z,2026-06-21T20:40:01+0200,c0299f87-b988-4d8b-a611-962c285e5a18,2026-05-28T09:15:00Z,2026-05-28T11:15:00+0200,0.7,EUR/MWh,FR,FR,day_ahead_price,value,2026-06-21T18:40:53Z
2026-06-21T18:40:01Z,2026-06-21T20:40:01+0200,c0299f87-b988-4d8b-a611-962c285e5a18,2026-05-28T09:30:00Z,2026-05-28T11:30:00+0200,0.01,EUR/MWh,FR,FR,day_ahead_price,value,2026-06-21T18:40:53Z
2026-06-21T18:40:01Z,2026-06-21T20:40:01+0200,c0299f87-b988-4d8b-a611-962c285e5a18,2026-05-28T09:45:00Z,2026-05-28T11:45:00+0200,0.0,EUR/MWh,FR,FR,day_ahead_price,value,2026-06-21T18:40:53Z
2026-06-21T18:40:01Z,2026-06-21T20:40:01+0200,c0299f87-b988-4d8b-a611-962c285e5a18,2026-05-28T10:00:00Z,2026-05-28T12:00:00+0200,0.04,EUR/MWh,FR,FR,day_ahead_price,value,2026-06-21T18:40:53Z
2026-06-21T18:40:01Z,2026-06-21T20:40:01+0200,c0299f87-b988-4d8b-a611-962c285e5a18,2026-05-28T10:15:00Z,2026-05-28T12:15:00+0200,0.0,EUR/MWh,FR,FR,day_ahead_price,value,2026-06-21T18:40:53Z
2026-06-21T18:40:01Z,2026-06-21T20:40:01+0200,c0299f87-b988-4d8b-a611-962c285e5a18,2026-05-28T10:30:00Z,2026-05-28T12:30:00+0200,0.0,EUR/MWh,FR,FR,day_ahead_price,value,2026-06-21T18:40:53Z
2026-06-21T18:40:01Z,2026-06-21T20:40:01+0200,c0299f87-b988-4d8b-a611-962c285e5a18,2026-05-28T10:45:00Z,2026-05-28T12:45:00+0200,0.0,EUR/MWh,FR,FR,day_ahead_price,value,2026-06-21T18:40:53Z
2026-06-21T18:40:01Z,2026-06-21T20:40:01+0200,c0299f87-b988-4d8b-a611-962c285e5a18,2026-05-28T11:00:00Z,2026-05-28T13:00:00+0200,0.01,EUR/MWh,FR,FR,day_ahead_price,value,2026-06-21T18:40:53Z
2026-06-21T18:40:01Z,2026-06-21T20:40:01+0200,c0299f87-b988-4d8b-a611-962c285e5a18,2026-05-28T11:15:00Z,2026-05-28T13:15:00+0200,0.01,EUR/MWh,FR,FR,day_ahead_price,value,2026-06-21T18:40:53Z
2026-06-21T18:40:01Z,2026-06-21T20:40:01+0200,c0299f87-b988-4d8b-a611-962c285e5a18,2026-05-28T11:30:00Z,2026-05-28T13:30:00+0200,0.0,EUR/MWh,FR,FR,day_ahead_price,value,2026-06-21T18:40:53Z
2026-06-21T18:40:01Z,2026-06-21T20:40:01+0200,c0299f87-b988-4d8b-a611-962c285e5a18,2026-05-28T11:45:00Z,2026-05-28T13:45:00+0200,0.0,EUR/MWh,FR,FR,day_ahead_price,value,2026-06-21T18:40:53Z
2026-06-21T18:40:01Z,2026-06-21T20:40:01+0200,c0299f87-b988-4d8b-a611-962c285e5a18,2026-05-28T12:00:00Z,2026-05-28T14:00:00+0200,0.0,EUR/MWh,FR,FR,day_ahead_price,value,2026-06-21T18:40:53Z
2026-06-21T18:40:01Z,2026-06-21T20:40:01+0200,c0299f87-b988-4d8b-a611-962c285e5a18,2026-05-28T12:15:00Z,2026-05-28T14:15:00+0200,0.0,EUR/MWh,FR,FR,day_ahead_price,value,2026-06-21T18:40:53Z
2026-06-21T18:40:01Z,2026-06-21T20:40:01+0200,c0299f87-b988-4d8b-a611-962c285e5a18,2026-05-28T12:30:00Z,2026-05-28T14:30:00+0200,0.01,EUR/MWh,FR,FR,day_ahead_price,value,2026-06-21T18:40:53Z
2026-06-21T18:40:01Z,2026-06-21T20:40:01+0200,c0299f87-b988-4d8b-a611-962c285e5a18,2026-05-28T12:45:00Z,2026-05-28T14:45:00+0200,0.02,EUR/MWh,FR,FR,day_ahead_price,value,2026-06-21T18:40:53Z
2026-06-21T18:40:01Z,2026-06-21T20:40:01+0200,c0299f87-b988-4d8b-a611-962c285e5a18,2026-05-28T13:00:00Z,2026-05-28T15:00:00+0200,0.01,EUR/MWh,FR,FR,day_ahead_price,value,2026-06-21T18:40:53Z
2026-06-21T18:40:01Z,2026-06-21T20:40:01+0200,c0299f87-b988-4d8b-a611-962c285e5a18,2026-05-28T13:15:00Z,2026-05-28T15:15:00+0200,0.01,EUR/MWh,FR,FR,day_ahead_price,value,2026-06-21T18:40:53Z
2026-06-21T18:40:01Z,2026-06-21T20:40:01+0200,c0299f87-b988-4d8b-a611-962c285e5a18,2026-05-28T13:30:00Z,2026-05-28T15:30:00+0200,0.84,EUR/MWh,FR,FR,day_ahead_price,value,2026-06-21T18:40:53Z
2026-06-21T18:40:01Z,2026-06-21T20:40:01+0200,c0299f87-b988-4d8b-a611-962c285e5a18,2026-05-28T13:45:00Z,2026-05-28T15:45:00+0200,4.34,EUR/MWh,FR,FR,day_ahead_price,value,2026-06-21T18:40:53Z
2026-06-21T18:40:01Z,2026-06-21T20:40:01+0200,c0299f87-b988-4d8b-a611-962c285e5a18,2026-05-28T14:00:00Z,2026-05-28T16:00:00+0200,2.84,EUR/MWh,FR,FR,day_ahead_price,value,2026-06-21T18:40:53Z
2026-06-21T18:40:01Z,2026-06-21T20:40:01+0200,c0299f87-b988-4d8b-a611-962c285e5a18,2026-05-28T14:15:00Z,2026-05-28T16:15:00+0200,10.0,EUR/MWh,FR,FR,day_ahead_price,value,2026-06-21T18:40:53Z
2026-06-21T18:40:01Z,2026-06-21T20:40:01+0200,c0299f87-b988-4d8b-a611-962c285e5a18,2026-05-28T14:30:00Z,2026-05-28T16:30:00+0200,17.0,EUR/MWh,FR,FR,day_ahead_price,value,2026-06-21T18:40:53Z
2026-06-21T18:40:01Z,2026-06-21T20:40:01+0200,c0299f87-b988-4d8b-a611-962c285e5a18,2026-05-28T14:45:00Z,2026-05-28T16:45:00+0200,52.8,EUR/MWh,FR,FR,day_ahead_price,value,2026-06-21T18:40:53Z
2026-06-21T18:40:01Z,2026-06-21T20:40:01+0200,c0299f87-b988-4d8b-a611-962c285e5a18,2026-05-28T15:00:00Z,2026-05-28T17:00:00+0200,31.65,EUR/MWh,FR,FR,day_ahead_price,value,2026-06-21T18:40:53Z
2026-06-21T18:40:01Z,2026-06-21T20:40:01+0200,c0299f87-b988-4d8b-a611-962c285e5a18,2026-05-28T15:15:00Z,2026-05-28T17:15:00+0200,35.9,EUR/MWh,FR,FR,day_ahead_price,value,2026-06-21T18:40:53Z
2026-06-21T18:40:01Z,2026-06-21T20:40:01+0200,c0299f87-b988-4d8b-a611-962c285e5a18,2026-05-28T15:30:00Z,2026-05-28T17:30:00+0200,58.31,EUR/MWh,FR,FR,day_ahead_price,value,2026-06-21T18:40:53Z
2026-06-21T18:40:01Z,2026-06-21T20:40:01+0200,c0299f87-b988-4d8b-a611-962c285e5a18,2026-05-28T15:45:00Z,2026-05-28T17:45:00+0200,90.18,EUR/MWh,FR,FR,day_ahead_price,value,2026-06-21T18:40:53Z
2026-06-21T18:40:01Z,2026-06-21T20:40:01+0200,c0299f87-b988-4d8b-a611-962c285e5a18,2026-05-28T16:00:00Z,2026-05-28T18:00:00+0200,69.74,EUR/MWh,FR,FR,day_ahead_price,value,2026-06-21T18:40:53Z
2026-06-21T18:40:01Z,2026-06-21T20:40:01+0200,c0299f87-b988-4d8b-a611-962c285e5a18,2026-05-28T16:15:00Z,2026-05-28T18:15:00+0200,87.92,EUR/MWh,FR,FR,day_ahead_price,value,2026-06-21T18:40:53Z
2026-06-21T18:40:01Z,2026-06-21T20:40:01+0200,c0299f87-b988-4d8b-a611-962c285e5a18,2026-05-28T16:30:00Z,2026-05-28T18:30:00+0200,147.28,EUR/MWh,FR,FR,day_ahead_price,value,2026-06-21T18:40:53Z
2026-06-21T18:40:01Z,2026-06-21T20:40:01+0200,c0299f87-b988-4d8b-a611-962c285e5a18,2026-05-28T16:45:00Z,2026-05-28T18:45:00+0200,165.3,EUR/MWh,FR,FR,day_ahead_price,value,2026-06-21T18:40:53Z
2026-06-21T18:40:01Z,2026-06-21T20:40:01+0200,c0299f87-b988-4d8b-a611-962c285e5a18,2026-05-28T17:00:00Z,2026-05-28T19:00:00+0200,101.33,EUR/MWh,FR,FR,day_ahead_price,value,2026-06-21T18:40:53Z
2026-06-21T18:40:01Z,2026-06-21T20:40:01+0200,c0299f87-b988-4d8b-a611-962c285e5a18,2026-05-28T17:15:00Z,2026-05-28T19:15:00+0200,156.2,EUR/MWh,FR,FR,day_ahead_price,value,2026-06-21T18:40:53Z
2026-06-21T18:40:01Z,2026-06-21T20:40:01+0200,c0299f87-b988-4d8b-a611-962c285e5a18,2026-05-28T17:30:00Z,2026-05-28T19:30:00+0200,162.74,EUR/MWh,FR,FR,day_ahead_price,value,2026-06-21T18:40:53Z
2026-06-21T18:40:01Z,2026-06-21T20:40:01+0200,c0299f87-b988-4d8b-a611-962c285e5a18,2026-05-28T17:45:00Z,2026-05-28T19:45:00+0200,170.99,EUR/MWh,FR,FR,day_ahead_price,value,2026-06-21T18:40:53Z
2026-06-21T18:40:01Z,2026-06-21T20:40:01+0200,c0299f87-b988-4d8b-a611-962c285e5a18,2026-05-28T18:00:00Z,2026-05-28T20:00:00+0200,127.84,EUR/MWh,FR,FR,day_ahead_price,value,2026-06-21T18:40:53Z
2026-06-21T18:40:01Z,2026-06-21T20:40:01+0200,c0299f87-b988-4d8b-a611-962c285e5a18,2026-05-28T18:15:00Z,2026-05-28T20:15:00+0200,122.67,EUR/MWh,FR,FR,day_ahead_price,value,2026-06-21T18:40:53Z
2026-06-21T18:40:01Z,2026-06-21T20:40:01+0200,c0299f87-b988-4d8b-a611-962c285e5a18,2026-05-28T18:30:00Z,2026-05-28T20:30:00+0200,133.4,EUR/MWh,FR,FR,day_ahead_price,value,2026-06-21T18:40:53Z
2026-06-21T18:40:01Z,2026-06-21T20:40:01+0200,c0299f87-b988-4d8b-a611-962c285e5a18,2026-05-28T18:45:00Z,2026-05-28T20:45:00+0200,152.9,EUR/MWh,FR,FR,day_ahead_price,value,2026-06-21T18:40:53Z
2026-06-21T18:40:01Z,2026-06-21T20:40:01+0200,c0299f87-b988-4d8b-a611-962c285e5a18,2026-05-28T19:00:00Z,2026-05-28T21:00:00+0200,147.52,EUR/MWh,FR,FR,day_ahead_price,value,2026-06-21T18:40:53Z
2026-06-21T18:40:01Z,2026-06-21T20:40:01+0200,c0299f87-b988-4d8b-a611-962c285e5a18,2026-05-28T19:15:00Z,2026-05-28T21:15:00+0200,160.51,EUR/MWh,FR,FR,day_ahead_price,value,2026-06-21T18:40:53Z
2026-06-21T18:40:01Z,2026-06-21T20:40:01+0200,c0299f87-b988-4d8b-a611-962c285e5a18,2026-05-28T19:30:00Z,2026-05-28T21:30:00+0200,172.5,EUR/MWh,FR,FR,day_ahead_price,value,2026-06-21T18:40:53Z
2026-06-21T18:40:01Z,2026-06-21T20:40:01+0200,c0299f87-b988-4d8b-a611-962c285e5a18,2026-05-28T19:45:00Z,2026-05-28T21:45:00+0200,157.87,EUR/MWh,FR,FR,day_ahead_price,value,2026-06-21T18:40:53Z
2026-06-21T18:40:01Z,2026-06-21T20:40:01+0200,c0299f87-b988-4d8b-a611-962c285e5a18,2026-05-28T20:00:00Z,2026-05-28T22:00:00+0200,170.12,EUR/MWh,FR,FR,day_ahead_price,value,2026-06-21T18:40:53Z
2026-06-21T18:40:01Z,2026-06-21T20:40:01+0200,c0299f87-b988-4d8b-a611-962c285e5a18,2026-05-28T20:15:00Z,2026-05-28T22:15:00+0200,151.98,EUR/MWh,FR,FR,day_ahead_price,value,2026-06-21T18:40:53Z
2026-06-21T18:40:01Z,2026-06-21T20:40:01+0200,c0299f87-b988-4d8b-a611-962c285e5a18,2026-05-28T20:30:00Z,2026-05-28T22:30:00+0200,157.87,EUR/MWh,FR,FR,day_ahead_price,value,2026-06-21T18:40:53Z
2026-06-21T18:40:01Z,2026-06-21T20:40:01+0200,c0299f87-b988-4d8b-a611-962c285e5a18,2026-05-28T20:45:00Z,2026-05-28T22:45:00+0200,140.89,EUR/MWh,FR,FR,day_ahead_price,value,2026-06-21T18:40:53Z
2026-06-21T18:40:01Z,2026-06-21T20:40:01+0200,c0299f87-b988-4d8b-a611-962c285e5a18,2026-05-28T21:00:00Z,2026-05-28T23:00:00+0200,143.28,EUR/MWh,FR,FR,day_ahead_price,value,2026-06-21T18:40:53Z
2026-06-21T18:40:01Z,2026-06-21T20:40:01+0200,c0299f87-b988-4d8b-a611-962c285e5a18,2026-05-28T21:15:00Z,2026-05-28T23:15:00+0200,134.47,EUR/MWh,FR,FR,day_ahead_price,value,2026-06-21T18:40:53Z
2026-06-21T18:40:01Z,2026-06-21T20:40:01+0200,c0299f87-b988-4d8b-a611-962c285e5a18,2026-05-28T21:30:00Z,2026-05-28T23:30:00+0200,133.26,EUR/MWh,FR,FR,day_ahead_price,value,2026-06-21T18:40:53Z
2026-06-21T18:40:01Z,2026-06-21T20:40:01+0200,c0299f87-b988-4d8b-a611-962c285e5a18,2026-05-28T21:45:00Z,2026-05-28T23:45:00+0200,128.92,EUR/MWh,FR,FR,day_ahead_price,value,2026-06-21T18:40:53Z
2026-06-21T18:40:01Z,2026-06-21T20:40:01+0200,c0299f87-b988-4d8b-a611-962c285e5a18,2026-05-28T22:00:00Z,2026-05-29T00:00:00+0200,140.4,EUR/MWh,FR,FR,day_ahead_price,value,2026-06-21T18:40:53Z
2026-06-21T18:40:01Z,2026-06-21T20:40:01+0200,c0299f87-b988-4d8b-a611-962c285e5a18,2026-05-28T22:15:00Z,2026-05-29T00:15:00+0200,136.43,EUR/MWh,FR,FR,day_ahead_price,value,2026-06-21T18:40:53Z
2026-06-21T18:40:01Z,2026-06-21T20:40:01+0200,c0299f87-b988-4d8b-a611-962c285e5a18,2026-05-28T22:30:00Z,2026-05-29T00:30:00+0200,127.25,EUR/MWh,FR,FR,day_ahead_price,value,2026-06-21T18:40:53Z
2026-06-21T18:40:01Z,2026-06-21T20:40:01+0200,c0299f87-b988-4d8b-a611-962c285e5a18,2026-05-28T22:45:00Z,2026-05-29T00:45:00+0200,126.36,EUR/MWh,FR,FR,day_ahead_price,value,2026-06-21T18:40:53Z
2026-06-21T18:40:01Z,2026-06-21T20:40:01+0200,c0299f87-b988-4d8b-a611-962c285e5a18,2026-05-28T23:00:00Z,2026-05-29T01:00:00+0200,126.36,EUR/MWh,FR,FR,day_ahead_price,value,2026-06-21T18:40:53Z
2026-06-21T18:40:01Z,2026-06-21T20:40:01+0200,c0299f87-b988-4d8b-a611-962c285e5a18,2026-05-28T23:15:00Z,2026-05-29T01:15:00+0200,126.36,EUR/MWh,FR,FR,day_ahead_price,value,2026-06-21T18:40:53Z
2026-06-21T18:40:01Z,2026-06-21T20:40:01+0200,c0299f87-b988-4d8b-a611-962c285e5a18,2026-05-28T23:30:00Z,2026-05-29T01:30:00+0200,126.36,EUR/MWh,FR,FR,day_ahead_price,value,2026-06-21T18:40:53Z
2026-06-21T18:40:01Z,2026-06-21T20:40:01+0200,c0299f87-b988-4d8b-a611-962c285e5a18,2026-05-28T23:45:00Z,2026-05-29T01:45:00+0200,123.86,EUR/MWh,FR,FR,day_ahead_price,value,2026-06-21T18:40:53Z
2026-06-21T18:40:01Z,2026-06-21T20:40:01+0200,c0299f87-b988-4d8b-a611-962c285e5a18,2026-05-29T00:00:00Z,2026-05-29T02:00:00+0200,125.01,EUR/MWh,FR,FR,day_ahead_price,value,2026-06-21T18:40:53Z
2026-06-21T18:40:01Z,2026-06-21T20:40:01+0200,c0299f87-b988-4d8b-a611-962c285e5a18,2026-05-29T00:15:00Z,2026-05-29T02:15:00+0200,120.0,EUR/MWh,FR,FR,day_ahead_price,value,2026-06-21T18:40:53Z
2026-06-21T18:40:01Z,2026-06-21T20:40:01+0200,c0299f87-b988-4d8b-a611-962c285e5a18,2026-05-29T00:30:00Z,2026-05-29T02:30:00+0200,119.57,EUR/MWh,FR,FR,day_ahead_price,value,2026-06-21T18:40:53Z
2026-06-21T18:40:01Z,2026-06-21T20:40:01+0200,c0299f87-b988-4d8b-a611-962c285e5a18,2026-05-29T00:45:00Z,2026-05-29T02:45:00+0200,118.11,EUR/MWh,FR,FR,day_ahead_price,value,2026-06-21T18:40:53Z
2026-06-21T18:40:01Z,2026-06-21T20:40:01+0200,c0299f87-b988-4d8b-a611-962c285e5a18,2026-05-29T01:00:00Z,2026-05-29T03:00:00+0200,117.27,EUR/MWh,FR,FR,day_ahead_price,value,2026-06-21T18:40:53Z
2026-06-21T18:40:01Z,2026-06-21T20:40:01+0200,c0299f87-b988-4d8b-a611-962c285e5a18,2026-05-29T01:15:00Z,2026-05-29T03:15:00+0200,115.88,EUR/MWh,FR,FR,day_ahead_price,value,2026-06-21T18:40:53Z
2026-06-21T18:40:01Z,2026-06-21T20:40:01+0200,c0299f87-b988-4d8b-a611-962c285e5a18,2026-05-29T01:30:00Z,2026-05-29T03:30:00+0200,115.0,EUR/MWh,FR,FR,day_ahead_price,value,2026-06-21T18:40:53Z
2026-06-21T18:40:01Z,2026-06-21T20:40:01+0200,c0299f87-b988-4d8b-a611-962c285e5a18,2026-05-29T01:45:00Z,2026-05-29T03:45:00+0200,111.21,EUR/MWh,FR,FR,day_ahead_price,value,2026-06-21T18:40:53Z
2026-06-21T18:40:01Z,2026-06-21T20:40:01+0200,c0299f87-b988-4d8b-a611-962c285e5a18,2026-05-29T02:00:00Z,2026-05-29T04:00:00+0200,110.76,EUR/MWh,FR,FR,day_ahead_price,value,2026-06-21T18:40:53Z
2026-06-21T18:40:01Z,2026-06-21T20:40:01+0200,c0299f87-b988-4d8b-a611-962c285e5a18,2026-05-29T02:15:00Z,2026-05-29T04:15:00+0200,110.76,EUR/MWh,FR,FR,day_ahead_price,value,2026-06-21T18:40:53Z
2026-06-21T18:40:01Z,2026-06-21T20:40:01+0200,c0299f87-b988-4d8b-a611-962c285e5a18,2026-05-29T02:30:00Z,2026-05-29T04:30:00+0200,110.76,EUR/MWh,FR,FR,day_ahead_price,value,2026-06-21T18:40:53Z
2026-06-21T18:40:01Z,2026-06-21T20:40:01+0200,c0299f87-b988-4d8b-a611-962c285e5a18,2026-05-29T02:45:00Z,2026-05-29T04:45:00+0200,112.49,EUR/MWh,FR,FR,day_ahead_price,value,2026-06-21T18:40:53Z
2026-06-21T18:40:01Z,2026-06-21T20:40:01+0200,c0299f87-b988-4d8b-a611-962c285e5a18,2026-05-29T03:00:00Z,2026-05-29T05:00:00+0200,114.25,EUR/MWh,FR,FR,day_ahead_price,value,2026-06-21T18:40:53Z
2026-06-21T18:40:01Z,2026-06-21T20:40:01+0200,c0299f87-b988-4d8b-a611-962c285e5a18,2026-05-29T03:15:00Z,2026-05-29T05:15:00+0200,118.02,EUR/MWh,FR,FR,day_ahead_price,value,2026-06-21T18:40:53Z
2026-06-21T18:40:01Z,2026-06-21T20:40:01+0200,c0299f87-b988-4d8b-a611-962c285e5a18,2026-05-29T03:30:00Z,2026-05-29T05:30:00+0200,119.11,EUR/MWh,FR,FR,day_ahead_price,value,2026-06-21T18:40:53Z
2026-06-21T18:40:01Z,2026-06-21T20:40:01+0200,c0299f87-b988-4d8b-a611-962c285e5a18,2026-05-29T03:45:00Z,2026-05-29T05:45:00+0200,120.0,EUR/MWh,FR,FR,day_ahead_price,value,2026-06-21T18:40:53Z
2026-06-21T18:40:01Z,2026-06-21T20:40:01+0200,c0299f87-b988-4d8b-a611-962c285e5a18,2026-05-29T04:00:00Z,2026-05-29T06:00:00+0200,126.36,EUR/MWh,FR,FR,day_ahead_price,value,2026-06-21T18:40:53Z
2026-06-21T18:40:01Z,2026-06-21T20:40:01+0200,c0299f87-b988-4d8b-a611-962c285e5a18,2026-05-29T04:15:00Z,2026-05-29T06:15:00+0200,126.36,EUR/MWh,FR,FR,day_ahead_price,value,2026-06-21T18:40:53Z
2026-06-21T18:40:01Z,2026-06-21T20:40:01+0200,c0299f87-b988-4d8b-a611-962c285e5a18,2026-05-29T04:30:00Z,2026-05-29T06:30:00+0200,126.36,EUR/MWh,FR,FR,day_ahead_price,value,2026-06-21T18:40:53Z
2026-06-21T18:40:01Z,2026-06-21T20:40:01+0200,c0299f87-b988-4d8b-a611-962c285e5a18,2026-05-29T04:45:00Z,2026-05-29T06:45:00+0200,126.36,EUR/MWh,FR,FR,day_ahead_price,value,2026-06-21T18:40:53Z
2026-06-21T18:40:01Z,2026-06-21T20:40:01+0200,c0299f87-b988-4d8b-a611-962c285e5a18,2026-05-29T05:00:00Z,2026-05-29T07:00:00+0200,136.96,EUR/MWh,FR,FR,day_ahead_price,value,2026-06-21T18:40:53Z
2026-06-21T18:40:01Z,2026-06-21T20:40:01+0200,c0299f87-b988-4d8b-a611-962c285e5a18,2026-05-29T05:15:00Z,2026-05-29T07:15:00+0200,130.1,EUR/MWh,FR,FR,day_ahead_price,value,2026-06-21T18:40:53Z
2026-06-21T18:40:01Z,2026-06-21T20:40:01+0200,c0299f87-b988-4d8b-a611-962c285e5a18,2026-05-29T05:30:00Z,2026-05-29T07:30:00+0200,124.97,EUR/MWh,FR,FR,day_ahead_price,value,2026-06-21T18:40:53Z
2026-06-21T18:40:01Z,2026-06-21T20:40:01+0200,c0299f87-b988-4d8b-a611-962c285e5a18,2026-05-29T05:45:00Z,2026-05-29T07:45:00+0200,111.95,EUR/MWh,FR,FR,day_ahead_price,value,2026-06-21T18:40:53Z
2026-06-21T18:40:01Z,2026-06-21T20:40:01+0200,c0299f87-b988-4d8b-a611-962c285e5a18,2026-05-29T06:00:00Z,2026-05-29T08:00:00+0200,126.36,EUR/MWh,FR,FR,day_ahead_price,value,2026-06-21T18:40:53Z
2026-06-21T18:40:01Z,2026-06-21T20:40:01+0200,c0299f87-b988-4d8b-a611-962c285e5a18,2026-05-29T06:15:00Z,2026-05-29T08:15:00+0200,116.39,EUR/MWh,FR,FR,day_ahead_price,value,2026-06-21T18:40:53Z
2026-06-21T18:40:01Z,2026-06-21T20:40:01+0200,c0299f87-b988-4d8b-a611-962c285e5a18,2026-05-29T06:30:00Z,2026-05-29T08:30:00+0200,107.0,EUR/MWh,FR,FR,day_ahead_price,value,2026-06-21T18:40:53Z
2026-06-21T18:40:01Z,2026-06-21T20:40:01+0200,c0299f87-b988-4d8b-a611-962c285e5a18,2026-05-29T06:45:00Z,2026-05-29T08:45:00+0200,84.57,EUR/MWh,FR,FR,day_ahead_price,value,2026-06-21T18:40:53Z
2026-06-21T18:40:01Z,2026-06-21T20:40:01+0200,c0299f87-b988-4d8b-a611-962c285e5a18,2026-05-29T07:00:00Z,2026-05-29T09:00:00+0200,94.47,EUR/MWh,FR,FR,day_ahead_price,value,2026-06-21T18:40:53Z
2026-06-21T18:40:01Z,2026-06-21T20:40:01+0200,c0299f87-b988-4d8b-a611-962c285e5a18,2026-05-29T07:15:00Z,2026-05-29T09:15:00+0200,72.75,EUR/MWh,FR,FR,day_ahead_price,value,2026-06-21T18:40:53Z
2026-06-21T18:40:01Z,2026-06-21T20:40:01+0200,c0299f87-b988-4d8b-a611-962c285e5a18,2026-05-29T07:30:00Z,2026-05-29T09:30:00+0200,45.0,EUR/MWh,FR,FR,day_ahead_price,value,2026-06-21T18:40:53Z
2026-06-21T18:40:01Z,2026-06-21T20:40:01+0200,c0299f87-b988-4d8b-a611-962c285e5a18,2026-05-29T07:45:00Z,2026-05-29T09:45:00+0200,34.58,EUR/MWh,FR,FR,day_ahead_price,value,2026-06-21T18:40:53Z
2026-06-21T18:40:01Z,2026-06-21T20:40:01+0200,c0299f87-b988-4d8b-a611-962c285e5a18,2026-05-29T08:00:00Z,2026-05-29T10:00:00+0200,30.0,EUR/MWh,FR,FR,day_ahead_price,value,2026-06-21T18:40:53Z
2026-06-21T18:40:01Z,2026-06-21T20:40:01+0200,c0299f87-b988-4d8b-a611-962c285e5a18,2026-05-29T08:15:00Z,2026-05-29T10:15:00+0200,17.77,EUR/MWh,FR,FR,day_ahead_price,value,2026-06-21T18:40:53Z
2026-06-21T18:40:01Z,2026-06-21T20:40:01+0200,c0299f87-b988-4d8b-a611-962c285e5a18,2026-05-29T08:30:00Z,2026-05-29T10:30:00+0200,10.89,EUR/MWh,FR,FR,day_ahead_price,value,2026-06-21T18:40:53Z
2026-06-21T18:40:01Z,2026-06-21T20:40:01+0200,c0299f87-b988-4d8b-a611-962c285e5a18,2026-05-29T08:45:00Z,2026-05-29T10:45:00+0200,5.0,EUR/MWh,FR,FR,day_ahead_price,value,2026-06-21T18:40:53Z
2026-06-21T18:40:01Z,2026-06-21T20:40:01+0200,c0299f87-b988-4d8b-a611-962c285e5a18,2026-05-29T09:00:00Z,2026-05-29T11:00:00+0200,5.56,EUR/MWh,FR,FR,day_ahead_price,value,2026-06-21T18:40:53Z
2026-06-21T18:40:01Z,2026-06-21T20:40:01+0200,c0299f87-b988-4d8b-a611-962c285e5a18,2026-05-29T09:15:00Z,2026-05-29T11:15:00+0200,1.75,EUR/MWh,FR,FR,day_ahead_price,value,2026-06-21T18:40:53Z
2026-06-21T18:40:01Z,2026-06-21T20:40:01+0200,c0299f87-b988-4d8b-a611-962c285e5a18,2026-05-29T09:30:00Z,2026-05-29T11:30:00+0200,0.84,EUR/MWh,FR,FR,day_ahead_price,value,2026-06-21T18:40:53Z
2026-06-21T18:40:01Z,2026-06-21T20:40:01+0200,c0299f87-b988-4d8b-a611-962c285e5a18,2026-05-29T09:45:00Z,2026-05-29T11:45:00+0200,0.84,EUR/MWh,FR,FR,day_ahead_price,value,2026-06-21T18:40:53Z
2026-06-21T18:40:01Z,2026-06-21T20:40:01+0200,c0299f87-b988-4d8b-a611-962c285e5a18,2026-05-29T10:00:00Z,2026-05-29T12:00:00+0200,0.84,EUR/MWh,FR,FR,day_ahead_price,value,2026-06-21T18:40:53Z
2026-06-21T18:40:01Z,2026-06-21T20:40:01+0200,c0299f87-b988-4d8b-a611-962c285e5a18,2026-05-29T10:15:00Z,2026-05-29T12:15:00+0200,0.54,EUR/MWh,FR,FR,day_ahead_price,value,2026-06-21T18:40:53Z
2026-06-21T18:40:01Z,2026-06-21T20:40:01+0200,c0299f87-b988-4d8b-a611-962c285e5a18,2026-05-29T10:30:00Z,2026-05-29T12:30:00+0200,0.51,EUR/MWh,FR,FR,day_ahead_price,value,2026-06-21T18:40:53Z
2026-06-21T18:40:01Z,2026-06-21T20:40:01+0200,c0299f87-b988-4d8b-a611-962c285e5a18,2026-05-29T10:45:00Z,2026-05-29T12:45:00+0200,0.29,EUR/MWh,FR,FR,day_ahead_price,value,2026-06-21T18:40:53Z
2026-06-21T18:40:01Z,2026-06-21T20:40:01+0200,c0299f87-b988-4d8b-a611-962c285e5a18,2026-05-29T11:00:00Z,2026-05-29T13:00:00+0200,0.51,EUR/MWh,FR,FR,day_ahead_price,value,2026-06-21T18:40:53Z
2026-06-21T18:40:01Z,2026-06-21T20:40:01+0200,c0299f87-b988-4d8b-a611-962c285e5a18,2026-05-29T11:15:00Z,2026-05-29T13:15:00+0200,0.18,EUR/MWh,FR,FR,day_ahead_price,value,2026-06-21T18:40:53Z
2026-06-21T18:40:01Z,2026-06-21T20:40:01+0200,c0299f87-b988-4d8b-a611-962c285e5a18,2026-05-29T11:30:00Z,2026-05-29T13:30:00+0200,0.08,EUR/MWh,FR,FR,day_ahead_price,value,2026-06-21T18:40:53Z
2026-06-21T18:40:01Z,2026-06-21T20:40:01+0200,c0299f87-b988-4d8b-a611-962c285e5a18,2026-05-29T11:45:00Z,2026-05-29T13:45:00+0200,0.02,EUR/MWh,FR,FR,day_ahead_price,value,2026-06-21T18:40:53Z
2026-06-21T18:40:01Z,2026-06-21T20:40:01+0200,c0299f87-b988-4d8b-a611-962c285e5a18,2026-05-29T12:00:00Z,2026-05-29T14:00:00+0200,0.84,EUR/MWh,FR,FR,day_ahead_price,value,2026-06-21T18:40:53Z
2026-06-21T18:40:01Z,2026-06-21T20:40:01+0200,c0299f87-b988-4d8b-a611-962c285e5a18,2026-05-29T12:15:00Z,2026-05-29T14:15:00+0200,0.84,EUR/MWh,FR,FR,day_ahead_price,value,2026-06-21T18:40:53Z
2026-06-21T18:40:01Z,2026-06-21T20:40:01+0200,c0299f87-b988-4d8b-a611-962c285e5a18,2026-05-29T12:30:00Z,2026-05-29T14:30:00+0200,0.84,EUR/MWh,FR,FR,day_ahead_price,value,2026-06-21T18:40:53Z
2026-06-21T18:40:01Z,2026-06-21T20:40:01+0200,c0299f87-b988-4d8b-a611-962c285e5a18,2026-05-29T12:45:00Z,2026-05-29T14:45:00+0200,0.84,EUR/MWh,FR,FR,day_ahead_price,value,2026-06-21T18:40:53Z
2026-06-21T18:40:01Z,2026-06-21T20:40:01+0200,c0299f87-b988-4d8b-a611-962c285e5a18,2026-05-29T13:00:00Z,2026-05-29T15:00:00+0200,0.84,EUR/MWh,FR,FR,day_ahead_price,value,2026-06-21T18:40:53Z
2026-06-21T18:40:01Z,2026-06-21T20:40:01+0200,c0299f87-b988-4d8b-a611-962c285e5a18,2026-05-29T13:15:00Z,2026-05-29T15:15:00+0200,2.11,EUR/MWh,FR,FR,day_ahead_price,value,2026-06-21T18:40:53Z
2026-06-21T18:40:01Z,2026-06-21T20:40:01+0200,c0299f87-b988-4d8b-a611-962c285e5a18,2026-05-29T13:30:00Z,2026-05-29T15:30:00+0200,1.7,EUR/MWh,FR,FR,day_ahead_price,value,2026-06-21T18:40:53Z
2026-06-21T18:40:01Z,2026-06-21T20:40:01+0200,c0299f87-b988-4d8b-a611-962c285e5a18,2026-05-29T13:45:00Z,2026-05-29T15:45:00+0200,1.55,EUR/MWh,FR,FR,day_ahead_price,value,2026-06-21T18:40:53Z
2026-06-21T18:40:01Z,2026-06-21T20:40:01+0200,c0299f87-b988-4d8b-a611-962c285e5a18,2026-05-29T14:00:00Z,2026-05-29T16:00:00+0200,5.27,EUR/MWh,FR,FR,day_ahead_price,value,2026-06-21T18:40:53Z
2026-06-21T18:40:01Z,2026-06-21T20:40:01+0200,c0299f87-b988-4d8b-a611-962c285e5a18,2026-05-29T14:15:00Z,2026-05-29T16:15:00+0200,5.0,EUR/MWh,FR,FR,day_ahead_price,value,2026-06-21T18:40:53Z
2026-06-21T18:40:01Z,2026-06-21T20:40:01+0200,c0299f87-b988-4d8b-a611-962c285e5a18,2026-05-29T14:30:00Z,2026-05-29T16:30:00+0200,8.1,EUR/MWh,FR,FR,day_ahead_price,value,2026-06-21T18:40:53Z
2026-06-21T18:40:01Z,2026-06-21T20:40:01+0200,c0299f87-b988-4d8b-a611-962c285e5a18,2026-05-29T14:45:00Z,2026-05-29T16:45:00+0200,12.46,EUR/MWh,FR,FR,day_ahead_price,value,2026-06-21T18:40:53Z
2026-06-21T18:40:01Z,2026-06-21T20:40:01+0200,c0299f87-b988-4d8b-a611-962c285e5a18,2026-05-29T15:00:00Z,2026-05-29T17:00:00+0200,25.93,EUR/MWh,FR,FR,day_ahead_price,value,2026-06-21T18:40:53Z
2026-06-21T18:40:01Z,2026-06-21T20:40:01+0200,c0299f87-b988-4d8b-a611-962c285e5a18,2026-05-29T15:15:00Z,2026-05-29T17:15:00+0200,41.51,EUR/MWh,FR,FR,day_ahead_price,value,2026-06-21T18:40:53Z
2026-06-21T18:40:01Z,2026-06-21T20:40:01+0200,c0299f87-b988-4d8b-a611-962c285e5a18,2026-05-29T15:30:00Z,2026-05-29T17:30:00+0200,71.98,EUR/MWh,FR,FR,day_ahead_price,value,2026-06-21T18:40:53Z
2026-06-21T18:40:01Z,2026-06-21T20:40:01+0200,c0299f87-b988-4d8b-a611-962c285e5a18,2026-05-29T15:45:00Z,2026-05-29T17:45:00+0200,110.72,EUR/MWh,FR,FR,day_ahead_price,value,2026-06-21T18:40:53Z
2026-06-21T18:40:01Z,2026-06-21T20:40:01+0200,c0299f87-b988-4d8b-a611-962c285e5a18,2026-05-29T16:00:00Z,2026-05-29T18:00:00+0200,61.12,EUR/MWh,FR,FR,day_ahead_price,value,2026-06-21T18:40:53Z
2026-06-21T18:40:01Z,2026-06-21T20:40:01+0200,c0299f87-b988-4d8b-a611-962c285e5a18,2026-05-29T16:15:00Z,2026-05-29T18:15:00+0200,94.84,EUR/MWh,FR,FR,day_ahead_price,value,2026-06-21T18:40:53Z
2026-06-21T18:40:01Z,2026-06-21T20:40:01+0200,c0299f87-b988-4d8b-a611-962c285e5a18,2026-05-29T16:30:00Z,2026-05-29T18:30:00+0200,99.0,EUR/MWh,FR,FR,day_ahead_price,value,2026-06-21T18:40:53Z
2026-06-21T18:40:01Z,2026-06-21T20:40:01+0200,c0299f87-b988-4d8b-a611-962c285e5a18,2026-05-29T16:45:00Z,2026-05-29T18:45:00+0200,154.45,EUR/MWh,FR,FR,day_ahead_price,value,2026-06-21T18:40:53Z
2026-06-21T18:40:01Z,2026-06-21T20:40:01+0200,c0299f87-b988-4d8b-a611-962c285e5a18,2026-05-29T17:00:00Z,2026-05-29T19:00:00+0200,109.41,EUR/MWh,FR,FR,day_ahead_price,value,2026-06-21T18:40:53Z
2026-06-21T18:40:01Z,2026-06-21T20:40:01+0200,c0299f87-b988-4d8b-a611-962c285e5a18,2026-05-29T17:15:00Z,2026-05-29T19:15:00+0200,140.79,EUR/MWh,FR,FR,day_ahead_price,value,2026-06-21T18:40:53Z
2026-06-21T18:40:01Z,2026-06-21T20:40:01+0200,c0299f87-b988-4d8b-a611-962c285e5a18,2026-05-29T17:30:00Z,2026-05-29T19:30:00+0200,136.54,EUR/MWh,FR,FR,day_ahead_price,value,2026-06-21T18:40:53Z
2026-06-21T18:40:01Z,2026-06-21T20:40:01+0200,c0299f87-b988-4d8b-a611-962c285e5a18,2026-05-29T17:45:00Z,2026-05-29T19:45:00+0200,169.1,EUR/MWh,FR,FR,day_ahead_price,value,2026-06-21T18:40:53Z
2026-06-21T18:40:01Z,2026-06-21T20:40:01+0200,c0299f87-b988-4d8b-a611-962c285e5a18,2026-05-29T18:00:00Z,2026-05-29T20:00:00+0200,128.84,EUR/MWh,FR,FR,day_ahead_price,value,2026-06-21T18:40:53Z
2026-06-21T18:40:01Z,2026-06-21T20:40:01+0200,c0299f87-b988-4d8b-a611-962c285e5a18,2026-05-29T18:15:00Z,2026-05-29T20:15:00+0200,115.88,EUR/MWh,FR,FR,day_ahead_price,value,2026-06-21T18:40:53Z
2026-06-21T18:40:01Z,2026-06-21T20:40:01+0200,c0299f87-b988-4d8b-a611-962c285e5a18,2026-05-29T18:30:00Z,2026-05-29T20:30:00+0200,126.36,EUR/MWh,FR,FR,day_ahead_price,value,2026-06-21T18:40:53Z
2026-06-21T18:40:01Z,2026-06-21T20:40:01+0200,c0299f87-b988-4d8b-a611-962c285e5a18,2026-05-29T18:45:00Z,2026-05-29T20:45:00+0200,136.68,EUR/MWh,FR,FR,day_ahead_price,value,2026-06-21T18:40:53Z
2026-06-21T18:40:01Z,2026-06-21T20:40:01+0200,c0299f87-b988-4d8b-a611-962c285e5a18,2026-05-29T19:00:00Z,2026-05-29T21:00:00+0200,140.34,EUR/MWh,FR,FR,day_ahead_price,value,2026-06-21T18:40:53Z
2026-06-21T18:40:01Z,2026-06-21T20:40:01+0200,c0299f87-b988-4d8b-a611-962c285e5a18,2026-05-29T19:15:00Z,2026-05-29T21:15:00+0200,150.0,EUR/MWh,FR,FR,day_ahead_price,value,2026-06-21T18:40:53Z
2026-06-21T18:40:01Z,2026-06-21T20:40:01+0200,c0299f87-b988-4d8b-a611-962c285e5a18,2026-05-29T19:30:00Z,2026-05-29T21:30:00+0200,158.01,EUR/MWh,FR,FR,day_ahead_price,value,2026-06-21T18:40:53Z
2026-06-21T18:40:01Z,2026-06-21T20:40:01+0200,c0299f87-b988-4d8b-a611-962c285e5a18,2026-05-29T19:45:00Z,2026-05-29T21:45:00+0200,152.43,EUR/MWh,FR,FR,day_ahead_price,value,2026-06-21T18:40:53Z
2026-06-21T18:40:01Z,2026-06-21T20:40:01+0200,c0299f87-b988-4d8b-a611-962c285e5a18,2026-05-29T20:00:00Z,2026-05-29T22:00:00+0200,164.53,EUR/MWh,FR,FR,day_ahead_price,value,2026-06-21T18:40:53Z
2026-06-21T18:40:01Z,2026-06-21T20:40:01+0200,c0299f87-b988-4d8b-a611-962c285e5a18,2026-05-29T20:15:00Z,2026-05-29T22:15:00+0200,152.43,EUR/MWh,FR,FR,day_ahead_price,value,2026-06-21T18:40:53Z
2026-06-21T18:40:01Z,2026-06-21T20:40:01+0200,c0299f87-b988-4d8b-a611-962c285e5a18,2026-05-29T20:30:00Z,2026-05-29T22:30:00+0200,152.43,EUR/MWh,FR,FR,day_ahead_price,value,2026-06-21T18:40:53Z
2026-06-21T18:40:01Z,2026-06-21T20:40:01+0200,c0299f87-b988-4d8b-a611-962c285e5a18,2026-05-29T20:45:00Z,2026-05-29T22:45:00+0200,140.4,EUR/MWh,FR,FR,day_ahead_price,value,2026-06-21T18:40:53Z
2026-06-21T18:40:01Z,2026-06-21T20:40:01+0200,c0299f87-b988-4d8b-a611-962c285e5a18,2026-05-29T21:00:00Z,2026-05-29T23:00:00+0200,136.46,EUR/MWh,FR,FR,day_ahead_price,value,2026-06-21T18:40:53Z
2026-06-21T18:40:01Z,2026-06-21T20:40:01+0200,c0299f87-b988-4d8b-a611-962c285e5a18,2026-05-29T21:15:00Z,2026-05-29T23:15:00+0200,126.36,EUR/MWh,FR,FR,day_ahead_price,value,2026-06-21T18:40:53Z
2026-06-21T18:40:01Z,2026-06-21T20:40:01+0200,c0299f87-b988-4d8b-a611-962c285e5a18,2026-05-29T21:30:00Z,2026-05-29T23:30:00+0200,126.36,EUR/MWh,FR,FR,day_ahead_price,value,2026-06-21T18:40:53Z
2026-06-21T18:40:01Z,2026-06-21T20:40:01+0200,c0299f87-b988-4d8b-a611-962c285e5a18,2026-05-29T21:45:00Z,2026-05-29T23:45:00+0200,121.27,EUR/MWh,FR,FR,day_ahead_price,value,2026-06-21T18:40:53Z
2026-06-21T18:40:01Z,2026-06-21T20:40:01+0200,c0299f87-b988-4d8b-a611-962c285e5a18,2026-05-29T22:00:00Z,2026-05-30T00:00:00+0200,130.0,EUR/MWh,FR,FR,day_ahead_price,value,2026-06-21T18:40:53Z
2026-06-21T18:40:01Z,2026-06-21T20:40:01+0200,c0299f87-b988-4d8b-a611-962c285e5a18,2026-05-29T22:15:00Z,2026-05-30T00:15:00+0200,127.98,EUR/MWh,FR,FR,day_ahead_price,value,2026-06-21T18:40:53Z
2026-06-21T18:40:01Z,2026-06-21T20:40:01+0200,c0299f87-b988-4d8b-a611-962c285e5a18,2026-05-29T22:30:00Z,2026-05-30T00:30:00+0200,120.24,EUR/MWh,FR,FR,day_ahead_price,value,2026-06-21T18:40:53Z
2026-06-21T18:40:01Z,2026-06-21T20:40:01+0200,c0299f87-b988-4d8b-a611-962c285e5a18,2026-05-29T22:45:00Z,2026-05-30T00:45:00+0200,115.0,EUR/MWh,FR,FR,day_ahead_price,value,2026-06-21T18:40:53Z
2026-06-21T18:40:01Z,2026-06-21T20:40:01+0200,c0299f87-b988-4d8b-a611-962c285e5a18,2026-05-29T23:00:00Z,2026-05-30T01:00:00+0200,115.0,EUR/MWh,FR,FR,day_ahead_price,value,2026-06-21T18:40:53Z
2026-06-21T18:40:01Z,2026-06-21T20:40:01+0200,c0299f87-b988-4d8b-a611-962c285e5a18,2026-05-29T23:15:00Z,2026-05-30T01:15:00+0200,111.2,EUR/MWh,FR,FR,day_ahead_price,value,2026-06-21T18:40:53Z
2026-06-21T18:40:01Z,2026-06-21T20:40:01+0200,c0299f87-b988-4d8b-a611-962c285e5a18,2026-05-29T23:30:00Z,2026-05-30T01:30:00+0200,111.55,EUR/MWh,FR,FR,day_ahead_price,value,2026-06-21T18:40:53Z
2026-06-21T18:40:01Z,2026-06-21T20:40:01+0200,c0299f87-b988-4d8b-a611-962c285e5a18,2026-05-29T23:45:00Z,2026-05-30T01:45:00+0200,109.7,EUR/MWh,FR,FR,day_ahead_price,value,2026-06-21T18:40:53Z
2026-06-21T18:40:01Z,2026-06-21T20:40:01+0200,c0299f87-b988-4d8b-a611-962c285e5a18,2026-05-30T00:00:00Z,2026-05-30T02:00:00+0200,111.23,EUR/MWh,FR,FR,day_ahead_price,value,2026-06-21T18:40:53Z
2026-06-21T18:40:01Z,2026-06-21T20:40:01+0200,c0299f87-b988-4d8b-a611-962c285e5a18,2026-05-30T00:15:00Z,2026-05-30T02:15:00+0200,108.57,EUR/MWh,FR,FR,day_ahead_price,value,2026-06-21T18:40:53Z
2026-06-21T18:40:01Z,2026-06-21T20:40:01+0200,c0299f87-b988-4d8b-a611-962c285e5a18,2026-05-30T00:30:00Z,2026-05-30T02:30:00+0200,104.98,EUR/MWh,FR,FR,day_ahead_price,value,2026-06-21T18:40:53Z
2026-06-21T18:40:01Z,2026-06-21T20:40:01+0200,c0299f87-b988-4d8b-a611-962c285e5a18,2026-05-30T00:45:00Z,2026-05-30T02:45:00+0200,71.46,EUR/MWh,FR,FR,day_ahead_price,value,2026-06-21T18:40:53Z
2026-06-21T18:40:01Z,2026-06-21T20:40:01+0200,c0299f87-b988-4d8b-a611-962c285e5a18,2026-05-30T01:00:00Z,2026-05-30T03:00:00+0200,102.74,EUR/MWh,FR,FR,day_ahead_price,value,2026-06-21T18:40:53Z
2026-06-21T18:40:01Z,2026-06-21T20:40:01+0200,c0299f87-b988-4d8b-a611-962c285e5a18,2026-05-30T01:15:00Z,2026-05-30T03:15:00+0200,87.78,EUR/MWh,FR,FR,day_ahead_price,value,2026-06-21T18:40:53Z
2026-06-21T18:40:01Z,2026-06-21T20:40:01+0200,c0299f87-b988-4d8b-a611-962c285e5a18,2026-05-30T01:30:00Z,2026-05-30T03:30:00+0200,73.55,EUR/MWh,FR,FR,day_ahead_price,value,2026-06-21T18:40:53Z
2026-06-21T18:40:01Z,2026-06-21T20:40:01+0200,c0299f87-b988-4d8b-a611-962c285e5a18,2026-05-30T01:45:00Z,2026-05-30T03:45:00+0200,89.01,EUR/MWh,FR,FR,day_ahead_price,value,2026-06-21T18:40:53Z
2026-06-21T18:40:01Z,2026-06-21T20:40:01+0200,c0299f87-b988-4d8b-a611-962c285e5a18,2026-05-30T02:00:00Z,2026-05-30T04:00:00+0200,95.27,EUR/MWh,FR,FR,day_ahead_price,value,2026-06-21T18:40:53Z
2026-06-21T18:40:01Z,2026-06-21T20:40:01+0200,c0299f87-b988-4d8b-a611-962c285e5a18,2026-05-30T02:15:00Z,2026-05-30T04:15:00+0200,89.26,EUR/MWh,FR,FR,day_ahead_price,value,2026-06-21T18:40:53Z
2026-06-21T18:40:01Z,2026-06-21T20:40:01+0200,c0299f87-b988-4d8b-a611-962c285e5a18,2026-05-30T02:30:00Z,2026-05-30T04:30:00+0200,82.43,EUR/MWh,FR,FR,day_ahead_price,value,2026-06-21T18:40:53Z
2026-06-21T18:40:01Z,2026-06-21T20:40:01+0200,c0299f87-b988-4d8b-a611-962c285e5a18,2026-05-30T02:45:00Z,2026-05-30T04:45:00+0200,76.23,EUR/MWh,FR,FR,day_ahead_price,value,2026-06-21T18:40:53Z
2026-06-21T18:40:01Z,2026-06-21T20:40:01+0200,c0299f87-b988-4d8b-a611-962c285e5a18,2026-05-30T03:00:00Z,2026-05-30T05:00:00+0200,97.99,EUR/MWh,FR,FR,day_ahead_price,value,2026-06-21T18:40:53Z
2026-06-21T18:40:01Z,2026-06-21T20:40:01+0200,c0299f87-b988-4d8b-a611-962c285e5a18,2026-05-30T03:15:00Z,2026-05-30T05:15:00+0200,86.42,EUR/MWh,FR,FR,day_ahead_price,value,2026-06-21T18:40:53Z
2026-06-21T18:40:01Z,2026-06-21T20:40:01+0200,c0299f87-b988-4d8b-a611-962c285e5a18,2026-05-30T03:30:00Z,2026-05-30T05:30:00+0200,92.07,EUR/MWh,FR,FR,day_ahead_price,value,2026-06-21T18:40:53Z
2026-06-21T18:40:01Z,2026-06-21T20:40:01+0200,c0299f87-b988-4d8b-a611-962c285e5a18,2026-05-30T03:45:00Z,2026-05-30T05:45:00+0200,82.31,EUR/MWh,FR,FR,day_ahead_price,value,2026-06-21T18:40:53Z
2026-06-21T18:40:01Z,2026-06-21T20:40:01+0200,c0299f87-b988-4d8b-a611-962c285e5a18,2026-05-30T04:00:00Z,2026-05-30T06:00:00+0200,103.52,EUR/MWh,FR,FR,day_ahead_price,value,2026-06-21T18:40:53Z
2026-06-21T18:40:01Z,2026-06-21T20:40:01+0200,c0299f87-b988-4d8b-a611-962c285e5a18,2026-05-30T04:15:00Z,2026-05-30T06:15:00+0200,101.25,EUR/MWh,FR,FR,day_ahead_price,value,2026-06-21T18:40:53Z
2026-06-21T18:40:01Z,2026-06-21T20:40:01+0200,c0299f87-b988-4d8b-a611-962c285e5a18,2026-05-30T04:30:00Z,2026-05-30T06:30:00+0200,93.66,EUR/MWh,FR,FR,day_ahead_price,value,2026-06-21T18:40:53Z
2026-06-21T18:40:01Z,2026-06-21T20:40:01+0200,c0299f87-b988-4d8b-a611-962c285e5a18,2026-05-30T04:45:00Z,2026-05-30T06:45:00+0200,81.57,EUR/MWh,FR,FR,day_ahead_price,value,2026-06-21T18:40:53Z
2026-06-21T18:40:01Z,2026-06-21T20:40:01+0200,c0299f87-b988-4d8b-a611-962c285e5a18,2026-05-30T05:00:00Z,2026-05-30T07:00:00+0200,77.9,EUR/MWh,FR,FR,day_ahead_price,value,2026-06-21T18:40:53Z
2026-06-21T18:40:01Z,2026-06-21T20:40:01+0200,c0299f87-b988-4d8b-a611-962c285e5a18,2026-05-30T05:15:00Z,2026-05-30T07:15:00+0200,69.7,EUR/MWh,FR,FR,day_ahead_price,value,2026-06-21T18:40:53Z
2026-06-21T18:40:01Z,2026-06-21T20:40:01+0200,c0299f87-b988-4d8b-a611-962c285e5a18,2026-05-30T05:30:00Z,2026-05-30T07:30:00+0200,99.26,EUR/MWh,FR,FR,day_ahead_price,value,2026-06-21T18:40:53Z
2026-06-21T18:40:01Z,2026-06-21T20:40:01+0200,c0299f87-b988-4d8b-a611-962c285e5a18,2026-05-30T05:45:00Z,2026-05-30T07:45:00+0200,93.13,EUR/MWh,FR,FR,day_ahead_price,value,2026-06-21T18:40:53Z
2026-06-21T18:40:01Z,2026-06-21T20:40:01+0200,c0299f87-b988-4d8b-a611-962c285e5a18,2026-05-30T06:00:00Z,2026-05-30T08:00:00+0200,94.6,EUR/MWh,FR,FR,day_ahead_price,value,2026-06-21T18:40:53Z
2026-06-21T18:40:01Z,2026-06-21T20:40:01+0200,c0299f87-b988-4d8b-a611-962c285e5a18,2026-05-30T06:15:00Z,2026-05-30T08:15:00+0200,64.4,EUR/MWh,FR,FR,day_ahead_price,value,2026-06-21T18:40:53Z
2026-06-21T18:40:01Z,2026-06-21T20:40:01+0200,c0299f87-b988-4d8b-a611-962c285e5a18,2026-05-30T06:30:00Z,2026-05-30T08:30:00+0200,52.38,EUR/MWh,FR,FR,day_ahead_price,value,2026-06-21T18:40:53Z
2026-06-21T18:40:01Z,2026-06-21T20:40:01+0200,c0299f87-b988-4d8b-a611-962c285e5a18,2026-05-30T06:45:00Z,2026-05-30T08:45:00+0200,35.35,EUR/MWh,FR,FR,day_ahead_price,value,2026-06-21T18:40:53Z
2026-06-21T18:40:01Z,2026-06-21T20:40:01+0200,c0299f87-b988-4d8b-a611-962c285e5a18,2026-05-30T07:00:00Z,2026-05-30T09:00:00+0200,41.55,EUR/MWh,FR,FR,day_ahead_price,value,2026-06-21T18:40:53Z
2026-06-21T18:40:01Z,2026-06-21T20:40:01+0200,c0299f87-b988-4d8b-a611-962c285e5a18,2026-05-30T07:15:00Z,2026-05-30T09:15:00+0200,24.15,EUR/MWh,FR,FR,day_ahead_price,value,2026-06-21T18:40:53Z
2026-06-21T18:40:01Z,2026-06-21T20:40:01+0200,c0299f87-b988-4d8b-a611-962c285e5a18,2026-05-30T07:30:00Z,2026-05-30T09:30:00+0200,13.56,EUR/MWh,FR,FR,day_ahead_price,value,2026-06-21T18:40:53Z
2026-06-21T18:40:01Z,2026-06-21T20:40:01+0200,c0299f87-b988-4d8b-a611-962c285e5a18,2026-05-30T07:45:00Z,2026-05-30T09:45:00+0200,7.6,EUR/MWh,FR,FR,day_ahead_price,value,2026-06-21T18:40:53Z
2026-06-21T18:40:01Z,2026-06-21T20:40:01+0200,c0299f87-b988-4d8b-a611-962c285e5a18,2026-05-30T08:00:00Z,2026-05-30T10:00:00+0200,9.99,EUR/MWh,FR,FR,day_ahead_price,value,2026-06-21T18:40:53Z
2026-06-21T18:40:01Z,2026-06-21T20:40:01+0200,c0299f87-b988-4d8b-a611-962c285e5a18,2026-05-30T08:15:00Z,2026-05-30T10:15:00+0200,1.75,EUR/MWh,FR,FR,day_ahead_price,value,2026-06-21T18:40:53Z
2026-06-21T18:40:01Z,2026-06-21T20:40:01+0200,c0299f87-b988-4d8b-a611-962c285e5a18,2026-05-30T08:30:00Z,2026-05-30T10:30:00+0200,0.1,EUR/MWh,FR,FR,day_ahead_price,value,2026-06-21T18:40:53Z
2026-06-21T18:40:01Z,2026-06-21T20:40:01+0200,c0299f87-b988-4d8b-a611-962c285e5a18,2026-05-30T08:45:00Z,2026-05-30T10:45:00+0200,0.0,EUR/MWh,FR,FR,day_ahead_price,value,2026-06-21T18:40:53Z
2026-06-21T18:40:01Z,2026-06-21T20:40:01+0200,c0299f87-b988-4d8b-a611-962c285e5a18,2026-05-30T09:00:00Z,2026-05-30T11:00:00+0200,0.0,EUR/MWh,FR,FR,day_ahead_price,value,2026-06-21T18:40:53Z
2026-06-21T18:40:01Z,2026-06-21T20:40:01+0200,c0299f87-b988-4d8b-a611-962c285e5a18,2026-05-30T09:15:00Z,2026-05-30T11:15:00+0200,0.0,EUR/MWh,FR,FR,day_ahead_price,value,2026-06-21T18:40:53Z
2026-06-21T18:40:01Z,2026-06-21T20:40:01+0200,c0299f87-b988-4d8b-a611-962c285e5a18,2026-05-30T09:30:00Z,2026-05-30T11:30:00+0200,-0.01,EUR/MWh,FR,FR,day_ahead_price,value,2026-06-21T18:40:53Z
2026-06-21T18:40:01Z,2026-06-21T20:40:01+0200,c0299f87-b988-4d8b-a611-962c285e5a18,2026-05-30T09:45:00Z,2026-05-30T11:45:00+0200,-0.01,EUR/MWh,FR,FR,day_ahead_price,value,2026-06-21T18:40:53Z
2026-06-21T18:40:01Z,2026-06-21T20:40:01+0200,c0299f87-b988-4d8b-a611-962c285e5a18,2026-05-30T10:00:00Z,2026-05-30T12:00:00+0200,-0.01,EUR/MWh,FR,FR,day_ahead_price,value,2026-06-21T18:40:53Z
2026-06-21T18:40:01Z,2026-06-21T20:40:01+0200,c0299f87-b988-4d8b-a611-962c285e5a18,2026-05-30T10:15:00Z,2026-05-30T12:15:00+0200,-0.01,EUR/MWh,FR,FR,day_ahead_price,value,2026-06-21T18:40:53Z
2026-06-21T18:40:01Z,2026-06-21T20:40:01+0200,c0299f87-b988-4d8b-a611-962c285e5a18,2026-05-30T10:30:00Z,2026-05-30T12:30:00+0200,-0.01,EUR/MWh,FR,FR,day_ahead_price,value,2026-06-21T18:40:53Z
2026-06-21T18:40:01Z,2026-06-21T20:40:01+0200,c0299f87-b988-4d8b-a611-962c285e5a18,2026-05-30T10:45:00Z,2026-05-30T12:45:00+0200,-0.01,EUR/MWh,FR,FR,day_ahead_price,value,2026-06-21T18:40:53Z
2026-06-21T18:40:01Z,2026-06-21T20:40:01+0200,c0299f87-b988-4d8b-a611-962c285e5a18,2026-05-30T11:00:00Z,2026-05-30T13:00:00+0200,-0.01,EUR/MWh,FR,FR,day_ahead_price,value,2026-06-21T18:40:53Z
2026-06-21T18:40:01Z,2026-06-21T20:40:01+0200,c0299f87-b988-4d8b-a611-962c285e5a18,2026-05-30T11:15:00Z,2026-05-30T13:15:00+0200,-0.09,EUR/MWh,FR,FR,day_ahead_price,value,2026-06-21T18:40:53Z
2026-06-21T18:40:01Z,2026-06-21T20:40:01+0200,c0299f87-b988-4d8b-a611-962c285e5a18,2026-05-30T11:30:00Z,2026-05-30T13:30:00+0200,-0.11,EUR/MWh,FR,FR,day_ahead_price,value,2026-06-21T18:40:53Z
2026-06-21T18:40:01Z,2026-06-21T20:40:01+0200,c0299f87-b988-4d8b-a611-962c285e5a18,2026-05-30T11:45:00Z,2026-05-30T13:45:00+0200,-0.11,EUR/MWh,FR,FR,day_ahead_price,value,2026-06-21T18:40:53Z
2026-06-21T18:40:01Z,2026-06-21T20:40:01+0200,c0299f87-b988-4d8b-a611-962c285e5a18,2026-05-30T12:00:00Z,2026-05-30T14:00:00+0200,-0.1,EUR/MWh,FR,FR,day_ahead_price,value,2026-06-21T18:40:53Z
2026-06-21T18:40:01Z,2026-06-21T20:40:01+0200,c0299f87-b988-4d8b-a611-962c285e5a18,2026-05-30T12:15:00Z,2026-05-30T14:15:00+0200,-0.11,EUR/MWh,FR,FR,day_ahead_price,value,2026-06-21T18:40:53Z
2026-06-21T18:40:01Z,2026-06-21T20:40:01+0200,c0299f87-b988-4d8b-a611-962c285e5a18,2026-05-30T12:30:00Z,2026-05-30T14:30:00+0200,-0.1,EUR/MWh,FR,FR,day_ahead_price,value,2026-06-21T18:40:53Z
2026-06-21T18:40:01Z,2026-06-21T20:40:01+0200,c0299f87-b988-4d8b-a611-962c285e5a18,2026-05-30T12:45:00Z,2026-05-30T14:45:00+0200,-0.11,EUR/MWh,FR,FR,day_ahead_price,value,2026-06-21T18:40:53Z
2026-06-21T18:40:01Z,2026-06-21T20:40:01+0200,c0299f87-b988-4d8b-a611-962c285e5a18,2026-05-30T13:00:00Z,2026-05-30T15:00:00+0200,-0.02,EUR/MWh,FR,FR,day_ahead_price,value,2026-06-21T18:40:53Z
2026-06-21T18:40:01Z,2026-06-21T20:40:01+0200,c0299f87-b988-4d8b-a611-962c285e5a18,2026-05-30T13:15:00Z,2026-05-30T15:15:00+0200,-0.01,EUR/MWh,FR,FR,day_ahead_price,value,2026-06-21T18:40:53Z
2026-06-21T18:40:01Z,2026-06-21T20:40:01+0200,c0299f87-b988-4d8b-a611-962c285e5a18,2026-05-30T13:30:00Z,2026-05-30T15:30:00+0200,-0.01,EUR/MWh,FR,FR,day_ahead_price,value,2026-06-21T18:40:53Z
2026-06-21T18:40:01Z,2026-06-21T20:40:01+0200,c0299f87-b988-4d8b-a611-962c285e5a18,2026-05-30T13:45:00Z,2026-05-30T15:45:00+0200,0.0,EUR/MWh,FR,FR,day_ahead_price,value,2026-06-21T18:40:53Z
2026-06-21T18:40:01Z,2026-06-21T20:40:01+0200,c0299f87-b988-4d8b-a611-962c285e5a18,2026-05-30T14:00:00Z,2026-05-30T16:00:00+0200,0.0,EUR/MWh,FR,FR,day_ahead_price,value,2026-06-21T18:40:53Z
2026-06-21T18:40:01Z,2026-06-21T20:40:01+0200,c0299f87-b988-4d8b-a611-962c285e5a18,2026-05-30T14:15:00Z,2026-05-30T16:15:00+0200,0.0,EUR/MWh,FR,FR,day_ahead_price,value,2026-06-21T18:40:53Z
2026-06-21T18:40:01Z,2026-06-21T20:40:01+0200,c0299f87-b988-4d8b-a611-962c285e5a18,2026-05-30T14:30:00Z,2026-05-30T16:30:00+0200,0.51,EUR/MWh,FR,FR,day_ahead_price,value,2026-06-21T18:40:53Z
2026-06-21T18:40:01Z,2026-06-21T20:40:01+0200,c0299f87-b988-4d8b-a611-962c285e5a18,2026-05-30T14:45:00Z,2026-05-30T16:45:00+0200,11.52,EUR/MWh,FR,FR,day_ahead_price,value,2026-06-21T18:40:53Z
2026-06-21T18:40:01Z,2026-06-21T20:40:01+0200,c0299f87-b988-4d8b-a611-962c285e5a18,2026-05-30T15:00:00Z,2026-05-30T17:00:00+0200,8.44,EUR/MWh,FR,FR,day_ahead_price,value,2026-06-21T18:40:53Z
2026-06-21T18:40:01Z,2026-06-21T20:40:01+0200,c0299f87-b988-4d8b-a611-962c285e5a18,2026-05-30T15:15:00Z,2026-05-30T17:15:00+0200,13.5,EUR/MWh,FR,FR,day_ahead_price,value,2026-06-21T18:40:53Z
2026-06-21T18:40:01Z,2026-06-21T20:40:01+0200,c0299f87-b988-4d8b-a611-962c285e5a18,2026-05-30T15:30:00Z,2026-05-30T17:30:00+0200,20.8,EUR/MWh,FR,FR,day_ahead_price,value,2026-06-21T18:40:53Z
2026-06-21T18:40:01Z,2026-06-21T20:40:01+0200,c0299f87-b988-4d8b-a611-962c285e5a18,2026-05-30T15:45:00Z,2026-05-30T17:45:00+0200,11.14,EUR/MWh,FR,FR,day_ahead_price,value,2026-06-21T18:40:53Z
2026-06-21T18:40:01Z,2026-06-21T20:40:01+0200,c0299f87-b988-4d8b-a611-962c285e5a18,2026-05-30T16:00:00Z,2026-05-30T18:00:00+0200,19.47,EUR/MWh,FR,FR,day_ahead_price,value,2026-06-21T18:40:53Z
2026-06-21T18:40:01Z,2026-06-21T20:40:01+0200,c0299f87-b988-4d8b-a611-962c285e5a18,2026-05-30T16:15:00Z,2026-05-30T18:15:00+0200,25.45,EUR/MWh,FR,FR,day_ahead_price,value,2026-06-21T18:40:53Z
2026-06-21T18:40:01Z,2026-06-21T20:40:01+0200,c0299f87-b988-4d8b-a611-962c285e5a18,2026-05-30T16:30:00Z,2026-05-30T18:30:00+0200,47.58,EUR/MWh,FR,FR,day_ahead_price,value,2026-06-21T18:40:53Z
2026-06-21T18:40:01Z,2026-06-21T20:40:01+0200,c0299f87-b988-4d8b-a611-962c285e5a18,2026-05-30T16:45:00Z,2026-05-30T18:45:00+0200,84.53,EUR/MWh,FR,FR,day_ahead_price,value,2026-06-21T18:40:53Z
2026-06-21T18:40:01Z,2026-06-21T20:40:01+0200,c0299f87-b988-4d8b-a611-962c285e5a18,2026-05-30T17:00:00Z,2026-05-30T19:00:00+0200,45.11,EUR/MWh,FR,FR,day_ahead_price,value,2026-06-21T18:40:53Z
2026-06-21T18:40:01Z,2026-06-21T20:40:01+0200,c0299f87-b988-4d8b-a611-962c285e5a18,2026-05-30T17:15:00Z,2026-05-30T19:15:00+0200,83.69,EUR/MWh,FR,FR,day_ahead_price,value,2026-06-21T18:40:53Z
2026-06-21T18:40:01Z,2026-06-21T20:40:01+0200,c0299f87-b988-4d8b-a611-962c285e5a18,2026-05-30T17:30:00Z,2026-05-30T19:30:00+0200,87.38,EUR/MWh,FR,FR,day_ahead_price,value,2026-06-21T18:40:53Z
2026-06-21T18:40:01Z,2026-06-21T20:40:01+0200,c0299f87-b988-4d8b-a611-962c285e5a18,2026-05-30T17:45:00Z,2026-05-30T19:45:00+0200,109.42,EUR/MWh,FR,FR,day_ahead_price,value,2026-06-21T18:40:53Z
2026-06-21T18:40:01Z,2026-06-21T20:40:01+0200,c0299f87-b988-4d8b-a611-962c285e5a18,2026-05-30T18:00:00Z,2026-05-30T20:00:00+0200,80.0,EUR/MWh,FR,FR,day_ahead_price,value,2026-06-21T18:40:53Z
2026-06-21T18:40:01Z,2026-06-21T20:40:01+0200,c0299f87-b988-4d8b-a611-962c285e5a18,2026-05-30T18:15:00Z,2026-05-30T20:15:00+0200,95.7,EUR/MWh,FR,FR,day_ahead_price,value,2026-06-21T18:40:53Z
2026-06-21T18:40:01Z,2026-06-21T20:40:01+0200,c0299f87-b988-4d8b-a611-962c285e5a18,2026-05-30T18:30:00Z,2026-05-30T20:30:00+0200,100.2,EUR/MWh,FR,FR,day_ahead_price,value,2026-06-21T18:40:53Z
2026-06-21T18:40:01Z,2026-06-21T20:40:01+0200,c0299f87-b988-4d8b-a611-962c285e5a18,2026-05-30T18:45:00Z,2026-05-30T20:45:00+0200,111.2,EUR/MWh,FR,FR,day_ahead_price,value,2026-06-21T18:40:53Z
2026-06-21T18:40:01Z,2026-06-21T20:40:01+0200,c0299f87-b988-4d8b-a611-962c285e5a18,2026-05-30T19:00:00Z,2026-05-30T21:00:00+0200,105.64,EUR/MWh,FR,FR,day_ahead_price,value,2026-06-21T18:40:53Z
2026-06-21T18:40:01Z,2026-06-21T20:40:01+0200,c0299f87-b988-4d8b-a611-962c285e5a18,2026-05-30T19:15:00Z,2026-05-30T21:15:00+0200,109.04,EUR/MWh,FR,FR,day_ahead_price,value,2026-06-21T18:40:53Z
2026-06-21T18:40:01Z,2026-06-21T20:40:01+0200,c0299f87-b988-4d8b-a611-962c285e5a18,2026-05-30T19:30:00Z,2026-05-30T21:30:00+0200,111.2,EUR/MWh,FR,FR,day_ahead_price,value,2026-06-21T18:40:53Z
2026-06-21T18:40:01Z,2026-06-21T20:40:01+0200,c0299f87-b988-4d8b-a611-962c285e5a18,2026-05-30T19:45:00Z,2026-05-30T21:45:00+0200,110.29,EUR/MWh,FR,FR,day_ahead_price,value,2026-06-21T18:40:53Z
2026-06-21T18:40:01Z,2026-06-21T20:40:01+0200,c0299f87-b988-4d8b-a611-962c285e5a18,2026-05-30T20:00:00Z,2026-05-30T22:00:00+0200,115.0,EUR/MWh,FR,FR,day_ahead_price,value,2026-06-21T18:40:53Z
2026-06-21T18:40:01Z,2026-06-21T20:40:01+0200,c0299f87-b988-4d8b-a611-962c285e5a18,2026-05-30T20:15:00Z,2026-05-30T22:15:00+0200,113.58,EUR/MWh,FR,FR,day_ahead_price,value,2026-06-21T18:40:53Z
2026-06-21T18:40:01Z,2026-06-21T20:40:01+0200,c0299f87-b988-4d8b-a611-962c285e5a18,2026-05-30T20:30:00Z,2026-05-30T22:30:00+0200,117.79,EUR/MWh,FR,FR,day_ahead_price,value,2026-06-21T18:40:53Z
2026-06-21T18:40:01Z,2026-06-21T20:40:01+0200,c0299f87-b988-4d8b-a611-962c285e5a18,2026-05-30T20:45:00Z,2026-05-30T22:45:00+0200,111.59,EUR/MWh,FR,FR,day_ahead_price,value,2026-06-21T18:40:53Z
2026-06-21T18:40:01Z,2026-06-21T20:40:01+0200,c0299f87-b988-4d8b-a611-962c285e5a18,2026-05-30T21:00:00Z,2026-05-30T23:00:00+0200,111.2,EUR/MWh,FR,FR,day_ahead_price,value,2026-06-21T18:40:53Z
2026-06-21T18:40:01Z,2026-06-21T20:40:01+0200,c0299f87-b988-4d8b-a611-962c285e5a18,2026-05-30T21:15:00Z,2026-05-30T23:15:00+0200,109.0,EUR/MWh,FR,FR,day_ahead_price,value,2026-06-21T18:40:53Z
2026-06-21T18:40:01Z,2026-06-21T20:40:01+0200,c0299f87-b988-4d8b-a611-962c285e5a18,2026-05-30T21:30:00Z,2026-05-30T23:30:00+0200,111.2,EUR/MWh,FR,FR,day_ahead_price,value,2026-06-21T18:40:53Z
2026-06-21T18:40:01Z,2026-06-21T20:40:01+0200,c0299f87-b988-4d8b-a611-962c285e5a18,2026-05-30T21:45:00Z,2026-05-30T23:45:00+0200,100.2,EUR/MWh,FR,FR,day_ahead_price,value,2026-06-21T18:40:53Z
2026-06-21T18:40:01Z,2026-06-21T20:40:01+0200,c0299f87-b988-4d8b-a611-962c285e5a18,2026-05-30T22:00:00Z,2026-05-31T00:00:00+0200,104.67,EUR/MWh,FR,FR,day_ahead_price,value,2026-06-21T18:40:53Z
2026-06-21T18:40:01Z,2026-06-21T20:40:01+0200,c0299f87-b988-4d8b-a611-962c285e5a18,2026-05-30T22:15:00Z,2026-05-31T00:15:00+0200,100.66,EUR/MWh,FR,FR,day_ahead_price,value,2026-06-21T18:40:53Z
2026-06-21T18:40:01Z,2026-06-21T20:40:01+0200,c0299f87-b988-4d8b-a611-962c285e5a18,2026-05-30T22:30:00Z,2026-05-31T00:30:00+0200,99.86,EUR/MWh,FR,FR,day_ahead_price,value,2026-06-21T18:40:53Z
2026-06-21T18:40:01Z,2026-06-21T20:40:01+0200,c0299f87-b988-4d8b-a611-962c285e5a18,2026-05-30T22:45:00Z,2026-05-31T00:45:00+0200,96.7,EUR/MWh,FR,FR,day_ahead_price,value,2026-06-21T18:40:53Z
2026-06-21T18:40:01Z,2026-06-21T20:40:01+0200,c0299f87-b988-4d8b-a611-962c285e5a18,2026-05-30T23:00:00Z,2026-05-31T01:00:00+0200,99.86,EUR/MWh,FR,FR,day_ahead_price,value,2026-06-21T18:40:53Z
2026-06-21T18:40:01Z,2026-06-21T20:40:01+0200,c0299f87-b988-4d8b-a611-962c285e5a18,2026-05-30T23:15:00Z,2026-05-31T01:15:00+0200,94.0,EUR/MWh,FR,FR,day_ahead_price,value,2026-06-21T18:40:53Z
2026-06-21T18:40:01Z,2026-06-21T20:40:01+0200,c0299f87-b988-4d8b-a611-962c285e5a18,2026-05-30T23:30:00Z,2026-05-31T01:30:00+0200,93.84,EUR/MWh,FR,FR,day_ahead_price,value,2026-06-21T18:40:53Z
2026-06-21T18:40:01Z,2026-06-21T20:40:01+0200,c0299f87-b988-4d8b-a611-962c285e5a18,2026-05-30T23:45:00Z,2026-05-31T01:45:00+0200,85.92,EUR/MWh,FR,FR,day_ahead_price,value,2026-06-21T18:40:53Z
2026-06-21T18:40:01Z,2026-06-21T20:40:01+0200,c0299f87-b988-4d8b-a611-962c285e5a18,2026-05-31T00:00:00Z,2026-05-31T02:00:00+0200,85.62,EUR/MWh,FR,FR,day_ahead_price,value,2026-06-21T18:40:53Z
2026-06-21T18:40:01Z,2026-06-21T20:40:01+0200,c0299f87-b988-4d8b-a611-962c285e5a18,2026-05-31T00:15:00Z,2026-05-31T02:15:00+0200,65.31,EUR/MWh,FR,FR,day_ahead_price,value,2026-06-21T18:40:53Z
2026-06-21T18:40:01Z,2026-06-21T20:40:01+0200,c0299f87-b988-4d8b-a611-962c285e5a18,2026-05-31T00:30:00Z,2026-05-31T02:30:00+0200,68.0,EUR/MWh,FR,FR,day_ahead_price,value,2026-06-21T18:40:53Z
2026-06-21T18:40:01Z,2026-06-21T20:40:01+0200,c0299f87-b988-4d8b-a611-962c285e5a18,2026-05-31T00:45:00Z,2026-05-31T02:45:00+0200,43.01,EUR/MWh,FR,FR,day_ahead_price,value,2026-06-21T18:40:53Z
2026-06-21T18:40:01Z,2026-06-21T20:40:01+0200,c0299f87-b988-4d8b-a611-962c285e5a18,2026-05-31T01:00:00Z,2026-05-31T03:00:00+0200,47.67,EUR/MWh,FR,FR,day_ahead_price,value,2026-06-21T18:40:53Z
2026-06-21T18:40:01Z,2026-06-21T20:40:01+0200,c0299f87-b988-4d8b-a611-962c285e5a18,2026-05-31T01:15:00Z,2026-05-31T03:15:00+0200,26.9,EUR/MWh,FR,FR,day_ahead_price,value,2026-06-21T18:40:53Z
2026-06-21T18:40:01Z,2026-06-21T20:40:01+0200,c0299f87-b988-4d8b-a611-962c285e5a18,2026-05-31T01:30:00Z,2026-05-31T03:30:00+0200,43.19,EUR/MWh,FR,FR,day_ahead_price,value,2026-06-21T18:40:53Z
2026-06-21T18:40:01Z,2026-06-21T20:40:01+0200,c0299f87-b988-4d8b-a611-962c285e5a18,2026-05-31T01:45:00Z,2026-05-31T03:45:00+0200,34.44,EUR/MWh,FR,FR,day_ahead_price,value,2026-06-21T18:40:53Z
2026-06-21T18:40:01Z,2026-06-21T20:40:01+0200,c0299f87-b988-4d8b-a611-962c285e5a18,2026-05-31T02:00:00Z,2026-05-31T04:00:00+0200,31.81,EUR/MWh,FR,FR,day_ahead_price,value,2026-06-21T18:40:53Z
2026-06-21T18:40:01Z,2026-06-21T20:40:01+0200,c0299f87-b988-4d8b-a611-962c285e5a18,2026-05-31T02:15:00Z,2026-05-31T04:15:00+0200,37.82,EUR/MWh,FR,FR,day_ahead_price,value,2026-06-21T18:40:53Z
2026-06-21T18:40:01Z,2026-06-21T20:40:01+0200,c0299f87-b988-4d8b-a611-962c285e5a18,2026-05-31T02:30:00Z,2026-05-31T04:30:00+0200,35.27,EUR/MWh,FR,FR,day_ahead_price,value,2026-06-21T18:40:53Z
2026-06-21T18:40:01Z,2026-06-21T20:40:01+0200,c0299f87-b988-4d8b-a611-962c285e5a18,2026-05-31T02:45:00Z,2026-05-31T04:45:00+0200,20.49,EUR/MWh,FR,FR,day_ahead_price,value,2026-06-21T18:40:53Z
2026-06-21T18:40:01Z,2026-06-21T20:40:01+0200,c0299f87-b988-4d8b-a611-962c285e5a18,2026-05-31T03:00:00Z,2026-05-31T05:00:00+0200,28.72,EUR/MWh,FR,FR,day_ahead_price,value,2026-06-21T18:40:53Z
2026-06-21T18:40:01Z,2026-06-21T20:40:01+0200,c0299f87-b988-4d8b-a611-962c285e5a18,2026-05-31T03:15:00Z,2026-05-31T05:15:00+0200,36.4,EUR/MWh,FR,FR,day_ahead_price,value,2026-06-21T18:40:53Z
2026-06-21T18:40:01Z,2026-06-21T20:40:01+0200,c0299f87-b988-4d8b-a611-962c285e5a18,2026-05-31T03:30:00Z,2026-05-31T05:30:00+0200,29.99,EUR/MWh,FR,FR,day_ahead_price,value,2026-06-21T18:40:53Z
2026-06-21T18:40:01Z,2026-06-21T20:40:01+0200,c0299f87-b988-4d8b-a611-962c285e5a18,2026-05-31T03:45:00Z,2026-05-31T05:45:00+0200,24.03,EUR/MWh,FR,FR,day_ahead_price,value,2026-06-21T18:40:53Z
2026-06-21T18:40:01Z,2026-06-21T20:40:01+0200,c0299f87-b988-4d8b-a611-962c285e5a18,2026-05-31T04:00:00Z,2026-05-31T06:00:00+0200,26.61,EUR/MWh,FR,FR,day_ahead_price,value,2026-06-21T18:40:53Z
2026-06-21T18:40:01Z,2026-06-21T20:40:01+0200,c0299f87-b988-4d8b-a611-962c285e5a18,2026-05-31T04:15:00Z,2026-05-31T06:15:00+0200,28.47,EUR/MWh,FR,FR,day_ahead_price,value,2026-06-21T18:40:53Z
2026-06-21T18:40:01Z,2026-06-21T20:40:01+0200,c0299f87-b988-4d8b-a611-962c285e5a18,2026-05-31T04:30:00Z,2026-05-31T06:30:00+0200,24.18,EUR/MWh,FR,FR,day_ahead_price,value,2026-06-21T18:40:53Z
2026-06-21T18:40:01Z,2026-06-21T20:40:01+0200,c0299f87-b988-4d8b-a611-962c285e5a18,2026-05-31T04:45:00Z,2026-05-31T06:45:00+0200,6.82,EUR/MWh,FR,FR,day_ahead_price,value,2026-06-21T18:40:53Z
2026-06-21T18:40:01Z,2026-06-21T20:40:01+0200,c0299f87-b988-4d8b-a611-962c285e5a18,2026-05-31T05:00:00Z,2026-05-31T07:00:00+0200,36.46,EUR/MWh,FR,FR,day_ahead_price,value,2026-06-21T18:40:53Z
2026-06-21T18:40:01Z,2026-06-21T20:40:01+0200,c0299f87-b988-4d8b-a611-962c285e5a18,2026-05-31T05:15:00Z,2026-05-31T07:15:00+0200,26.59,EUR/MWh,FR,FR,day_ahead_price,value,2026-06-21T18:40:53Z
2026-06-21T18:40:01Z,2026-06-21T20:40:01+0200,c0299f87-b988-4d8b-a611-962c285e5a18,2026-05-31T05:30:00Z,2026-05-31T07:30:00+0200,23.43,EUR/MWh,FR,FR,day_ahead_price,value,2026-06-21T18:40:53Z
2026-06-21T18:40:01Z,2026-06-21T20:40:01+0200,c0299f87-b988-4d8b-a611-962c285e5a18,2026-05-31T05:45:00Z,2026-05-31T07:45:00+0200,11.01,EUR/MWh,FR,FR,day_ahead_price,value,2026-06-21T18:40:53Z
2026-06-21T18:40:01Z,2026-06-21T20:40:01+0200,c0299f87-b988-4d8b-a611-962c285e5a18,2026-05-31T06:00:00Z,2026-05-31T08:00:00+0200,39.33,EUR/MWh,FR,FR,day_ahead_price,value,2026-06-21T18:40:53Z
2026-06-21T18:40:01Z,2026-06-21T20:40:01+0200,c0299f87-b988-4d8b-a611-962c285e5a18,2026-05-31T06:15:00Z,2026-05-31T08:15:00+0200,27.06,EUR/MWh,FR,FR,day_ahead_price,value,2026-06-21T18:40:53Z
2026-06-21T18:40:01Z,2026-06-21T20:40:01+0200,c0299f87-b988-4d8b-a611-962c285e5a18,2026-05-31T06:30:00Z,2026-05-31T08:30:00+0200,10.9,EUR/MWh,FR,FR,day_ahead_price,value,2026-06-21T18:40:53Z
2026-06-21T18:40:01Z,2026-06-21T20:40:01+0200,c0299f87-b988-4d8b-a611-962c285e5a18,2026-05-31T06:45:00Z,2026-05-31T08:45:00+0200,1.0,EUR/MWh,FR,FR,day_ahead_price,value,2026-06-21T18:40:53Z
2026-06-21T18:40:01Z,2026-06-21T20:40:01+0200,c0299f87-b988-4d8b-a611-962c285e5a18,2026-05-31T07:00:00Z,2026-05-31T09:00:00+0200,8.17,EUR/MWh,FR,FR,day_ahead_price,value,2026-06-21T18:40:53Z
2026-06-21T18:40:01Z,2026-06-21T20:40:01+0200,c0299f87-b988-4d8b-a611-962c285e5a18,2026-05-31T07:15:00Z,2026-05-31T09:15:00+0200,0.84,EUR/MWh,FR,FR,day_ahead_price,value,2026-06-21T18:40:53Z
2026-06-21T18:40:01Z,2026-06-21T20:40:01+0200,c0299f87-b988-4d8b-a611-962c285e5a18,2026-05-31T07:30:00Z,2026-05-31T09:30:00+0200,0.0,EUR/MWh,FR,FR,day_ahead_price,value,2026-06-21T18:40:53Z
2026-06-21T18:40:01Z,2026-06-21T20:40:01+0200,c0299f87-b988-4d8b-a611-962c285e5a18,2026-05-31T07:45:00Z,2026-05-31T09:45:00+0200,0.0,EUR/MWh,FR,FR,day_ahead_price,value,2026-06-21T18:40:53Z
2026-06-21T18:40:01Z,2026-06-21T20:40:01+0200,c0299f87-b988-4d8b-a611-962c285e5a18,2026-05-31T08:00:00Z,2026-05-31T10:00:00+0200,4.49,EUR/MWh,FR,FR,day_ahead_price,value,2026-06-21T18:40:53Z
2026-06-21T18:40:01Z,2026-06-21T20:40:01+0200,c0299f87-b988-4d8b-a611-962c285e5a18,2026-05-31T08:15:00Z,2026-05-31T10:15:00+0200,4.06,EUR/MWh,FR,FR,day_ahead_price,value,2026-06-21T18:40:53Z
2026-06-21T18:40:01Z,2026-06-21T20:40:01+0200,c0299f87-b988-4d8b-a611-962c285e5a18,2026-05-31T08:30:00Z,2026-05-31T10:30:00+0200,0.01,EUR/MWh,FR,FR,day_ahead_price,value,2026-06-21T18:40:53Z
2026-06-21T18:40:01Z,2026-06-21T20:40:01+0200,c0299f87-b988-4d8b-a611-962c285e5a18,2026-05-31T08:45:00Z,2026-05-31T10:45:00+0200,0.0,EUR/MWh,FR,FR,day_ahead_price,value,2026-06-21T18:40:53Z
2026-06-21T18:40:01Z,2026-06-21T20:40:01+0200,c0299f87-b988-4d8b-a611-962c285e5a18,2026-05-31T09:00:00Z,2026-05-31T11:00:00+0200,0.0,EUR/MWh,FR,FR,day_ahead_price,value,2026-06-21T18:40:53Z
2026-06-21T18:40:01Z,2026-06-21T20:40:01+0200,c0299f87-b988-4d8b-a611-962c285e5a18,2026-05-31T09:15:00Z,2026-05-31T11:15:00+0200,0.0,EUR/MWh,FR,FR,day_ahead_price,value,2026-06-21T18:40:53Z
2026-06-21T18:40:01Z,2026-06-21T20:40:01+0200,c0299f87-b988-4d8b-a611-962c285e5a18,2026-05-31T09:30:00Z,2026-05-31T11:30:00+0200,0.0,EUR/MWh,FR,FR,day_ahead_price,value,2026-06-21T18:40:53Z
2026-06-21T18:40:01Z,2026-06-21T20:40:01+0200,c0299f87-b988-4d8b-a611-962c285e5a18,2026-05-31T09:45:00Z,2026-05-31T11:45:00+0200,0.0,EUR/MWh,FR,FR,day_ahead_price,value,2026-06-21T18:40:53Z
2026-06-21T18:40:01Z,2026-06-21T20:40:01+0200,c0299f87-b988-4d8b-a611-962c285e5a18,2026-05-31T10:00:00Z,2026-05-31T12:00:00+0200,0.0,EUR/MWh,FR,FR,day_ahead_price,value,2026-06-21T18:40:53Z
2026-06-21T18:40:01Z,2026-06-21T20:40:01+0200,c0299f87-b988-4d8b-a611-962c285e5a18,2026-05-31T10:15:00Z,2026-05-31T12:15:00+0200,0.0,EUR/MWh,FR,FR,day_ahead_price,value,2026-06-21T18:40:53Z
2026-06-21T18:40:01Z,2026-06-21T20:40:01+0200,c0299f87-b988-4d8b-a611-962c285e5a18,2026-05-31T10:30:00Z,2026-05-31T12:30:00+0200,-0.01,EUR/MWh,FR,FR,day_ahead_price,value,2026-06-21T18:40:53Z
2026-06-21T18:40:01Z,2026-06-21T20:40:01+0200,c0299f87-b988-4d8b-a611-962c285e5a18,2026-05-31T10:45:00Z,2026-05-31T12:45:00+0200,-0.01,EUR/MWh,FR,FR,day_ahead_price,value,2026-06-21T18:40:53Z
2026-06-21T18:40:01Z,2026-06-21T20:40:01+0200,c0299f87-b988-4d8b-a611-962c285e5a18,2026-05-31T11:00:00Z,2026-05-31T13:00:00+0200,-0.01,EUR/MWh,FR,FR,day_ahead_price,value,2026-06-21T18:40:53Z
2026-06-21T18:40:01Z,2026-06-21T20:40:01+0200,c0299f87-b988-4d8b-a611-962c285e5a18,2026-05-31T11:15:00Z,2026-05-31T13:15:00+0200,-0.01,EUR/MWh,FR,FR,day_ahead_price,value,2026-06-21T18:40:53Z
2026-06-21T18:40:01Z,2026-06-21T20:40:01+0200,c0299f87-b988-4d8b-a611-962c285e5a18,2026-05-31T11:30:00Z,2026-05-31T13:30:00+0200,-0.01,EUR/MWh,FR,FR,day_ahead_price,value,2026-06-21T18:40:53Z
2026-06-21T18:40:01Z,2026-06-21T20:40:01+0200,c0299f87-b988-4d8b-a611-962c285e5a18,2026-05-31T11:45:00Z,2026-05-31T13:45:00+0200,-0.01,EUR/MWh,FR,FR,day_ahead_price,value,2026-06-21T18:40:53Z
2026-06-21T18:40:01Z,2026-06-21T20:40:01+0200,c0299f87-b988-4d8b-a611-962c285e5a18,2026-05-31T12:00:00Z,2026-05-31T14:00:00+0200,-0.01,EUR/MWh,FR,FR,day_ahead_price,value,2026-06-21T18:40:53Z
2026-06-21T18:40:01Z,2026-06-21T20:40:01+0200,c0299f87-b988-4d8b-a611-962c285e5a18,2026-05-31T12:15:00Z,2026-05-31T14:15:00+0200,-0.01,EUR/MWh,FR,FR,day_ahead_price,value,2026-06-21T18:40:53Z
2026-06-21T18:40:01Z,2026-06-21T20:40:01+0200,c0299f87-b988-4d8b-a611-962c285e5a18,2026-05-31T12:30:00Z,2026-05-31T14:30:00+0200,-0.01,EUR/MWh,FR,FR,day_ahead_price,value,2026-06-21T18:40:53Z
2026-06-21T18:40:01Z,2026-06-21T20:40:01+0200,c0299f87-b988-4d8b-a611-962c285e5a18,2026-05-31T12:45:00Z,2026-05-31T14:45:00+0200,-0.01,EUR/MWh,FR,FR,day_ahead_price,value,2026-06-21T18:40:53Z
2026-06-21T18:40:01Z,2026-06-21T20:40:01+0200,c0299f87-b988-4d8b-a611-962c285e5a18,2026-05-31T13:00:00Z,2026-05-31T15:00:00+0200,-0.01,EUR/MWh,FR,FR,day_ahead_price,value,2026-06-21T18:40:53Z
2026-06-21T18:40:01Z,2026-06-21T20:40:01+0200,c0299f87-b988-4d8b-a611-962c285e5a18,2026-05-31T13:15:00Z,2026-05-31T15:15:00+0200,0.0,EUR/MWh,FR,FR,day_ahead_price,value,2026-06-21T18:40:53Z
2026-06-21T18:40:01Z,2026-06-21T20:40:01+0200,c0299f87-b988-4d8b-a611-962c285e5a18,2026-05-31T13:30:00Z,2026-05-31T15:30:00+0200,0.0,EUR/MWh,FR,FR,day_ahead_price,value,2026-06-21T18:40:53Z
2026-06-21T18:40:01Z,2026-06-21T20:40:01+0200,c0299f87-b988-4d8b-a611-962c285e5a18,2026-05-31T13:45:00Z,2026-05-31T15:45:00+0200,0.0,EUR/MWh,FR,FR,day_ahead_price,value,2026-06-21T18:40:53Z
2026-06-21T18:40:01Z,2026-06-21T20:40:01+0200,c0299f87-b988-4d8b-a611-962c285e5a18,2026-05-31T14:00:00Z,2026-05-31T16:00:00+0200,-0.01,EUR/MWh,FR,FR,day_ahead_price,value,2026-06-21T18:40:53Z
2026-06-21T18:40:01Z,2026-06-21T20:40:01+0200,c0299f87-b988-4d8b-a611-962c285e5a18,2026-05-31T14:15:00Z,2026-05-31T16:15:00+0200,-0.01,EUR/MWh,FR,FR,day_ahead_price,value,2026-06-21T18:40:53Z
2026-06-21T18:40:01Z,2026-06-21T20:40:01+0200,c0299f87-b988-4d8b-a611-962c285e5a18,2026-05-31T14:30:00Z,2026-05-31T16:30:00+0200,-0.01,EUR/MWh,FR,FR,day_ahead_price,value,2026-06-21T18:40:53Z
2026-06-21T18:40:01Z,2026-06-21T20:40:01+0200,c0299f87-b988-4d8b-a611-962c285e5a18,2026-05-31T14:45:00Z,2026-05-31T16:45:00+0200,-0.01,EUR/MWh,FR,FR,day_ahead_price,value,2026-06-21T18:40:53Z
2026-06-21T18:40:01Z,2026-06-21T20:40:01+0200,c0299f87-b988-4d8b-a611-962c285e5a18,2026-05-31T15:00:00Z,2026-05-31T17:00:00+0200,-0.01,EUR/MWh,FR,FR,day_ahead_price,value,2026-06-21T18:40:53Z
2026-06-21T18:40:01Z,2026-06-21T20:40:01+0200,c0299f87-b988-4d8b-a611-962c285e5a18,2026-05-31T15:15:00Z,2026-05-31T17:15:00+0200,-0.01,EUR/MWh,FR,FR,day_ahead_price,value,2026-06-21T18:40:53Z
2026-06-21T18:40:01Z,2026-06-21T20:40:01+0200,c0299f87-b988-4d8b-a611-962c285e5a18,2026-05-31T15:30:00Z,2026-05-31T17:30:00+0200,0.0,EUR/MWh,FR,FR,day_ahead_price,value,2026-06-21T18:40:53Z
2026-06-21T18:40:01Z,2026-06-21T20:40:01+0200,c0299f87-b988-4d8b-a611-962c285e5a18,2026-05-31T15:45:00Z,2026-05-31T17:45:00+0200,0.0,EUR/MWh,FR,FR,day_ahead_price,value,2026-06-21T18:40:53Z
2026-06-21T18:40:01Z,2026-06-21T20:40:01+0200,c0299f87-b988-4d8b-a611-962c285e5a18,2026-05-31T16:00:00Z,2026-05-31T18:00:00+0200,0.01,EUR/MWh,FR,FR,day_ahead_price,value,2026-06-21T18:40:53Z
2026-06-21T18:40:01Z,2026-06-21T20:40:01+0200,c0299f87-b988-4d8b-a611-962c285e5a18,2026-05-31T16:15:00Z,2026-05-31T18:15:00+0200,0.84,EUR/MWh,FR,FR,day_ahead_price,value,2026-06-21T18:40:53Z
2026-06-21T18:40:01Z,2026-06-21T20:40:01+0200,c0299f87-b988-4d8b-a611-962c285e5a18,2026-05-31T16:30:00Z,2026-05-31T18:30:00+0200,1.55,EUR/MWh,FR,FR,day_ahead_price,value,2026-06-21T18:40:53Z
2026-06-21T18:40:01Z,2026-06-21T20:40:01+0200,c0299f87-b988-4d8b-a611-962c285e5a18,2026-05-31T16:45:00Z,2026-05-31T18:45:00+0200,13.48,EUR/MWh,FR,FR,day_ahead_price,value,2026-06-21T18:40:53Z
2026-06-21T18:40:01Z,2026-06-21T20:40:01+0200,c0299f87-b988-4d8b-a611-962c285e5a18,2026-05-31T17:00:00Z,2026-05-31T19:00:00+0200,5.59,EUR/MWh,FR,FR,day_ahead_price,value,2026-06-21T18:40:53Z
2026-06-21T18:40:01Z,2026-06-21T20:40:01+0200,c0299f87-b988-4d8b-a611-962c285e5a18,2026-05-31T17:15:00Z,2026-05-31T19:15:00+0200,24.46,EUR/MWh,FR,FR,day_ahead_price,value,2026-06-21T18:40:53Z
2026-06-21T18:40:01Z,2026-06-21T20:40:01+0200,c0299f87-b988-4d8b-a611-962c285e5a18,2026-05-31T17:30:00Z,2026-05-31T19:30:00+0200,41.08,EUR/MWh,FR,FR,day_ahead_price,value,2026-06-21T18:40:53Z
2026-06-21T18:40:01Z,2026-06-21T20:40:01+0200,c0299f87-b988-4d8b-a611-962c285e5a18,2026-05-31T17:45:00Z,2026-05-31T19:45:00+0200,56.5,EUR/MWh,FR,FR,day_ahead_price,value,2026-06-21T18:40:53Z
2026-06-21T18:40:01Z,2026-06-21T20:40:01+0200,c0299f87-b988-4d8b-a611-962c285e5a18,2026-05-31T18:00:00Z,2026-05-31T20:00:00+0200,39.93,EUR/MWh,FR,FR,day_ahead_price,value,2026-06-21T18:40:53Z
2026-06-21T18:40:01Z,2026-06-21T20:40:01+0200,c0299f87-b988-4d8b-a611-962c285e5a18,2026-05-31T18:15:00Z,2026-05-31T20:15:00+0200,63.24,EUR/MWh,FR,FR,day_ahead_price,value,2026-06-21T18:40:53Z
2026-06-21T18:40:01Z,2026-06-21T20:40:01+0200,c0299f87-b988-4d8b-a611-962c285e5a18,2026-05-31T18:30:00Z,2026-05-31T20:30:00+0200,72.89,EUR/MWh,FR,FR,day_ahead_price,value,2026-06-21T18:40:53Z
2026-06-21T18:40:01Z,2026-06-21T20:40:01+0200,c0299f87-b988-4d8b-a611-962c285e5a18,2026-05-31T18:45:00Z,2026-05-31T20:45:00+0200,85.92,EUR/MWh,FR,FR,day_ahead_price,value,2026-06-21T18:40:53Z
2026-06-21T18:40:01Z,2026-06-21T20:40:01+0200,c0299f87-b988-4d8b-a611-962c285e5a18,2026-05-31T19:00:00Z,2026-05-31T21:00:00+0200,83.18,EUR/MWh,FR,FR,day_ahead_price,value,2026-06-21T18:40:53Z
2026-06-21T18:40:01Z,2026-06-21T20:40:01+0200,c0299f87-b988-4d8b-a611-962c285e5a18,2026-05-31T19:15:00Z,2026-05-31T21:15:00+0200,77.76,EUR/MWh,FR,FR,day_ahead_price,value,2026-06-21T18:40:53Z
2026-06-21T18:40:01Z,2026-06-21T20:40:01+0200,c0299f87-b988-4d8b-a611-962c285e5a18,2026-05-31T19:30:00Z,2026-05-31T21:30:00+0200,90.17,EUR/MWh,FR,FR,day_ahead_price,value,2026-06-21T18:40:53Z
2026-06-21T18:40:01Z,2026-06-21T20:40:01+0200,c0299f87-b988-4d8b-a611-962c285e5a18,2026-05-31T19:45:00Z,2026-05-31T21:45:00+0200,93.22,EUR/MWh,FR,FR,day_ahead_price,value,2026-06-21T18:40:53Z
2026-06-21T18:40:01Z,2026-06-21T20:40:01+0200,c0299f87-b988-4d8b-a611-962c285e5a18,2026-05-31T20:00:00Z,2026-05-31T22:00:00+0200,100.72,EUR/MWh,FR,FR,day_ahead_price,value,2026-06-21T18:40:53Z
2026-06-21T18:40:01Z,2026-06-21T20:40:01+0200,c0299f87-b988-4d8b-a611-962c285e5a18,2026-05-31T20:15:00Z,2026-05-31T22:15:00+0200,100.8,EUR/MWh,FR,FR,day_ahead_price,value,2026-06-21T18:40:53Z
2026-06-21T18:40:01Z,2026-06-21T20:40:01+0200,c0299f87-b988-4d8b-a611-962c285e5a18,2026-05-31T20:30:00Z,2026-05-31T22:30:00+0200,104.67,EUR/MWh,FR,FR,day_ahead_price,value,2026-06-21T18:40:53Z
2026-06-21T18:40:01Z,2026-06-21T20:40:01+0200,c0299f87-b988-4d8b-a611-962c285e5a18,2026-05-31T20:45:00Z,2026-05-31T22:45:00+0200,100.42,EUR/MWh,FR,FR,day_ahead_price,value,2026-06-21T18:40:53Z
2026-06-21T18:40:01Z,2026-06-21T20:40:01+0200,c0299f87-b988-4d8b-a611-962c285e5a18,2026-05-31T21:00:00Z,2026-05-31T23:00:00+0200,98.28,EUR/MWh,FR,FR,day_ahead_price,value,2026-06-21T18:40:53Z
2026-06-21T18:40:01Z,2026-06-21T20:40:01+0200,c0299f87-b988-4d8b-a611-962c285e5a18,2026-05-31T21:15:00Z,2026-05-31T23:15:00+0200,89.8,EUR/MWh,FR,FR,day_ahead_price,value,2026-06-21T18:40:53Z
2026-06-21T18:40:01Z,2026-06-21T20:40:01+0200,c0299f87-b988-4d8b-a611-962c285e5a18,2026-05-31T21:30:00Z,2026-05-31T23:30:00+0200,92.61,EUR/MWh,FR,FR,day_ahead_price,value,2026-06-21T18:40:53Z
2026-06-21T18:40:01Z,2026-06-21T20:40:01+0200,c0299f87-b988-4d8b-a611-962c285e5a18,2026-05-31T21:45:00Z,2026-05-31T23:45:00+0200,85.32,EUR/MWh,FR,FR,day_ahead_price,value,2026-06-21T18:40:53Z
2026-06-21T18:40:01Z,2026-06-21T20:40:01+0200,c0299f87-b988-4d8b-a611-962c285e5a18,2026-05-31T22:00:00Z,2026-06-01T00:00:00+0200,108.4,EUR/MWh,FR,FR,day_ahead_price,value,2026-06-21T18:40:53Z
2026-06-21T18:40:01Z,2026-06-21T20:40:01+0200,c0299f87-b988-4d8b-a611-962c285e5a18,2026-05-31T22:15:00Z,2026-06-01T00:15:00+0200,103.68,EUR/MWh,FR,FR,day_ahead_price,value,2026-06-21T18:40:53Z
2026-06-21T18:40:01Z,2026-06-21T20:40:01+0200,c0299f87-b988-4d8b-a611-962c285e5a18,2026-05-31T22:30:00Z,2026-06-01T00:30:00+0200,48.23,EUR/MWh,FR,FR,day_ahead_price,value,2026-06-21T18:40:53Z
2026-06-21T18:40:01Z,2026-06-21T20:40:01+0200,c0299f87-b988-4d8b-a611-962c285e5a18,2026-05-31T22:45:00Z,2026-06-01T00:45:00+0200,12.33,EUR/MWh,FR,FR,day_ahead_price,value,2026-06-21T18:40:53Z
2026-06-21T18:40:01Z,2026-06-21T20:40:01+0200,c0299f87-b988-4d8b-a611-962c285e5a18,2026-05-31T23:00:00Z,2026-06-01T01:00:00+0200,40.46,EUR/MWh,FR,FR,day_ahead_price,value,2026-06-21T18:40:53Z
2026-06-21T18:40:01Z,2026-06-21T20:40:01+0200,c0299f87-b988-4d8b-a611-962c285e5a18,2026-05-31T23:15:00Z,2026-06-01T01:15:00+0200,48.14,EUR/MWh,FR,FR,day_ahead_price,value,2026-06-21T18:40:53Z
2026-06-21T18:40:01Z,2026-06-21T20:40:01+0200,c0299f87-b988-4d8b-a611-962c285e5a18,2026-05-31T23:30:00Z,2026-06-01T01:30:00+0200,66.71,EUR/MWh,FR,FR,day_ahead_price,value,2026-06-21T18:40:53Z
2026-06-21T18:40:01Z,2026-06-21T20:40:01+0200,c0299f87-b988-4d8b-a611-962c285e5a18,2026-05-31T23:45:00Z,2026-06-01T01:45:00+0200,43.92,EUR/MWh,FR,FR,day_ahead_price,value,2026-06-21T18:40:53Z
2026-06-21T18:40:01Z,2026-06-21T20:40:01+0200,c0299f87-b988-4d8b-a611-962c285e5a18,2026-06-01T00:00:00Z,2026-06-01T02:00:00+0200,64.95,EUR/MWh,FR,FR,day_ahead_price,value,2026-06-21T18:40:53Z
2026-06-21T18:40:01Z,2026-06-21T20:40:01+0200,c0299f87-b988-4d8b-a611-962c285e5a18,2026-06-01T00:15:00Z,2026-06-01T02:15:00+0200,40.45,EUR/MWh,FR,FR,day_ahead_price,value,2026-06-21T18:40:53Z
2026-06-21T18:40:01Z,2026-06-21T20:40:01+0200,c0299f87-b988-4d8b-a611-962c285e5a18,2026-06-01T00:30:00Z,2026-06-01T02:30:00+0200,35.0,EUR/MWh,FR,FR,day_ahead_price,value,2026-06-21T18:40:53Z
2026-06-21T18:40:01Z,2026-06-21T20:40:01+0200,c0299f87-b988-4d8b-a611-962c285e5a18,2026-06-01T00:45:00Z,2026-06-01T02:45:00+0200,19.03,EUR/MWh,FR,FR,day_ahead_price,value,2026-06-21T18:40:53Z
2026-06-21T18:40:01Z,2026-06-21T20:40:01+0200,c0299f87-b988-4d8b-a611-962c285e5a18,2026-06-01T01:00:00Z,2026-06-01T03:00:00+0200,26.43,EUR/MWh,FR,FR,day_ahead_price,value,2026-06-21T18:40:53Z
2026-06-21T18:40:01Z,2026-06-21T20:40:01+0200,c0299f87-b988-4d8b-a611-962c285e5a18,2026-06-01T01:15:00Z,2026-06-01T03:15:00+0200,3.21,EUR/MWh,FR,FR,day_ahead_price,value,2026-06-21T18:40:53Z
2026-06-21T18:40:01Z,2026-06-21T20:40:01+0200,c0299f87-b988-4d8b-a611-962c285e5a18,2026-06-01T01:30:00Z,2026-06-01T03:30:00+0200,17.08,EUR/MWh,FR,FR,day_ahead_price,value,2026-06-21T18:40:53Z
2026-06-21T18:40:01Z,2026-06-21T20:40:01+0200,c0299f87-b988-4d8b-a611-962c285e5a18,2026-06-01T01:45:00Z,2026-06-01T03:45:00+0200,24.09,EUR/MWh,FR,FR,day_ahead_price,value,2026-06-21T18:40:53Z
2026-06-21T18:40:01Z,2026-06-21T20:40:01+0200,c0299f87-b988-4d8b-a611-962c285e5a18,2026-06-01T02:00:00Z,2026-06-01T04:00:00+0200,35.43,EUR/MWh,FR,FR,day_ahead_price,value,2026-06-21T18:40:53Z
2026-06-21T18:40:01Z,2026-06-21T20:40:01+0200,c0299f87-b988-4d8b-a611-962c285e5a18,2026-06-01T02:15:00Z,2026-06-01T04:15:00+0200,44.67,EUR/MWh,FR,FR,day_ahead_price,value,2026-06-21T18:40:53Z
2026-06-21T18:40:01Z,2026-06-21T20:40:01+0200,c0299f87-b988-4d8b-a611-962c285e5a18,2026-06-01T02:30:00Z,2026-06-01T04:30:00+0200,18.41,EUR/MWh,FR,FR,day_ahead_price,value,2026-06-21T18:40:53Z
2026-06-21T18:40:01Z,2026-06-21T20:40:01+0200,c0299f87-b988-4d8b-a611-962c285e5a18,2026-06-01T02:45:00Z,2026-06-01T04:45:00+0200,26.3,EUR/MWh,FR,FR,day_ahead_price,value,2026-06-21T18:40:53Z
2026-06-21T18:40:01Z,2026-06-21T20:40:01+0200,c0299f87-b988-4d8b-a611-962c285e5a18,2026-06-01T03:00:00Z,2026-06-01T05:00:00+0200,32.33,EUR/MWh,FR,FR,day_ahead_price,value,2026-06-21T18:40:53Z
2026-06-21T18:40:01Z,2026-06-21T20:40:01+0200,c0299f87-b988-4d8b-a611-962c285e5a18,2026-06-01T03:15:00Z,2026-06-01T05:15:00+0200,34.2,EUR/MWh,FR,FR,day_ahead_price,value,2026-06-21T18:40:53Z
2026-06-21T18:40:01Z,2026-06-21T20:40:01+0200,c0299f87-b988-4d8b-a611-962c285e5a18,2026-06-01T03:30:00Z,2026-06-01T05:30:00+0200,32.76,EUR/MWh,FR,FR,day_ahead_price,value,2026-06-21T18:40:53Z
2026-06-21T18:40:01Z,2026-06-21T20:40:01+0200,c0299f87-b988-4d8b-a611-962c285e5a18,2026-06-01T03:45:00Z,2026-06-01T05:45:00+0200,43.22,EUR/MWh,FR,FR,day_ahead_price,value,2026-06-21T18:40:53Z
2026-06-21T18:40:01Z,2026-06-21T20:40:01+0200,c0299f87-b988-4d8b-a611-962c285e5a18,2026-06-01T04:00:00Z,2026-06-01T06:00:00+0200,24.56,EUR/MWh,FR,FR,day_ahead_price,value,2026-06-21T18:40:53Z
2026-06-21T18:40:01Z,2026-06-21T20:40:01+0200,c0299f87-b988-4d8b-a611-962c285e5a18,2026-06-01T04:15:00Z,2026-06-01T06:15:00+0200,44.02,EUR/MWh,FR,FR,day_ahead_price,value,2026-06-21T18:40:53Z
2026-06-21T18:40:01Z,2026-06-21T20:40:01+0200,c0299f87-b988-4d8b-a611-962c285e5a18,2026-06-01T04:30:00Z,2026-06-01T06:30:00+0200,91.66,EUR/MWh,FR,FR,day_ahead_price,value,2026-06-21T18:40:53Z
2026-06-21T18:40:01Z,2026-06-21T20:40:01+0200,c0299f87-b988-4d8b-a611-962c285e5a18,2026-06-01T04:45:00Z,2026-06-01T06:45:00+0200,111.46,EUR/MWh,FR,FR,day_ahead_price,value,2026-06-21T18:40:53Z
2026-06-21T18:40:01Z,2026-06-21T20:40:01+0200,c0299f87-b988-4d8b-a611-962c285e5a18,2026-06-01T05:00:00Z,2026-06-01T07:00:00+0200,129.61,EUR/MWh,FR,FR,day_ahead_price,value,2026-06-21T18:40:53Z
2026-06-21T18:40:01Z,2026-06-21T20:40:01+0200,c0299f87-b988-4d8b-a611-962c285e5a18,2026-06-01T05:15:00Z,2026-06-01T07:15:00+0200,125.32,EUR/MWh,FR,FR,day_ahead_price,value,2026-06-21T18:40:53Z
2026-06-21T18:40:01Z,2026-06-21T20:40:01+0200,c0299f87-b988-4d8b-a611-962c285e5a18,2026-06-01T05:30:00Z,2026-06-01T07:30:00+0200,123.32,EUR/MWh,FR,FR,day_ahead_price,value,2026-06-21T18:40:53Z
2026-06-21T18:40:01Z,2026-06-21T20:40:01+0200,c0299f87-b988-4d8b-a611-962c285e5a18,2026-06-01T05:45:00Z,2026-06-01T07:45:00+0200,112.07,EUR/MWh,FR,FR,day_ahead_price,value,2026-06-21T18:40:53Z
2026-06-21T18:40:01Z,2026-06-21T20:40:01+0200,c0299f87-b988-4d8b-a611-962c285e5a18,2026-06-01T06:00:00Z,2026-06-01T08:00:00+0200,126.88,EUR/MWh,FR,FR,day_ahead_price,value,2026-06-21T18:40:53Z
2026-06-21T18:40:01Z,2026-06-21T20:40:01+0200,c0299f87-b988-4d8b-a611-962c285e5a18,2026-06-01T06:15:00Z,2026-06-01T08:15:00+0200,110.57,EUR/MWh,FR,FR,day_ahead_price,value,2026-06-21T18:40:53Z
2026-06-21T18:40:01Z,2026-06-21T20:40:01+0200,c0299f87-b988-4d8b-a611-962c285e5a18,2026-06-01T06:30:00Z,2026-06-01T08:30:00+0200,93.08,EUR/MWh,FR,FR,day_ahead_price,value,2026-06-21T18:40:53Z
2026-06-21T18:40:01Z,2026-06-21T20:40:01+0200,c0299f87-b988-4d8b-a611-962c285e5a18,2026-06-01T06:45:00Z,2026-06-01T08:45:00+0200,70.0,EUR/MWh,FR,FR,day_ahead_price,value,2026-06-21T18:40:53Z
2026-06-21T18:40:01Z,2026-06-21T20:40:01+0200,c0299f87-b988-4d8b-a611-962c285e5a18,2026-06-01T07:00:00Z,2026-06-01T09:00:00+0200,75.0,EUR/MWh,FR,FR,day_ahead_price,value,2026-06-21T18:40:53Z
2026-06-21T18:40:01Z,2026-06-21T20:40:01+0200,c0299f87-b988-4d8b-a611-962c285e5a18,2026-06-01T07:15:00Z,2026-06-01T09:15:00+0200,49.9,EUR/MWh,FR,FR,day_ahead_price,value,2026-06-21T18:40:53Z
2026-06-21T18:40:01Z,2026-06-21T20:40:01+0200,c0299f87-b988-4d8b-a611-962c285e5a18,2026-06-01T07:30:00Z,2026-06-01T09:30:00+0200,32.96,EUR/MWh,FR,FR,day_ahead_price,value,2026-06-21T18:40:53Z
2026-06-21T18:40:01Z,2026-06-21T20:40:01+0200,c0299f87-b988-4d8b-a611-962c285e5a18,2026-06-01T07:45:00Z,2026-06-01T09:45:00+0200,18.7,EUR/MWh,FR,FR,day_ahead_price,value,2026-06-21T18:40:53Z
2026-06-21T18:40:01Z,2026-06-21T20:40:01+0200,c0299f87-b988-4d8b-a611-962c285e5a18,2026-06-01T08:00:00Z,2026-06-01T10:00:00+0200,26.02,EUR/MWh,FR,FR,day_ahead_price,value,2026-06-21T18:40:53Z
2026-06-21T18:40:01Z,2026-06-21T20:40:01+0200,c0299f87-b988-4d8b-a611-962c285e5a18,2026-06-01T08:15:00Z,2026-06-01T10:15:00+0200,22.96,EUR/MWh,FR,FR,day_ahead_price,value,2026-06-21T18:40:53Z
2026-06-21T18:40:01Z,2026-06-21T20:40:01+0200,c0299f87-b988-4d8b-a611-962c285e5a18,2026-06-01T08:30:00Z,2026-06-01T10:30:00+0200,15.58,EUR/MWh,FR,FR,day_ahead_price,value,2026-06-21T18:40:53Z
2026-06-21T18:40:01Z,2026-06-21T20:40:01+0200,c0299f87-b988-4d8b-a611-962c285e5a18,2026-06-01T08:45:00Z,2026-06-01T10:45:00+0200,10.52,EUR/MWh,FR,FR,day_ahead_price,value,2026-06-21T18:40:53Z
2026-06-21T18:40:01Z,2026-06-21T20:40:01+0200,c0299f87-b988-4d8b-a611-962c285e5a18,2026-06-01T09:00:00Z,2026-06-01T11:00:00+0200,16.3,EUR/MWh,FR,FR,day_ahead_price,value,2026-06-21T18:40:53Z
2026-06-21T18:40:01Z,2026-06-21T20:40:01+0200,c0299f87-b988-4d8b-a611-962c285e5a18,2026-06-01T09:15:00Z,2026-06-01T11:15:00+0200,12.53,EUR/MWh,FR,FR,day_ahead_price,value,2026-06-21T18:40:53Z
2026-06-21T18:40:01Z,2026-06-21T20:40:01+0200,c0299f87-b988-4d8b-a611-962c285e5a18,2026-06-01T09:30:00Z,2026-06-01T11:30:00+0200,8.01,EUR/MWh,FR,FR,day_ahead_price,value,2026-06-21T18:40:53Z
2026-06-21T18:40:01Z,2026-06-21T20:40:01+0200,c0299f87-b988-4d8b-a611-962c285e5a18,2026-06-01T09:45:00Z,2026-06-01T11:45:00+0200,7.27,EUR/MWh,FR,FR,day_ahead_price,value,2026-06-21T18:40:53Z
2026-06-21T18:40:01Z,2026-06-21T20:40:01+0200,c0299f87-b988-4d8b-a611-962c285e5a18,2026-06-01T10:00:00Z,2026-06-01T12:00:00+0200,10.5,EUR/MWh,FR,FR,day_ahead_price,value,2026-06-21T18:40:53Z
2026-06-21T18:40:01Z,2026-06-21T20:40:01+0200,c0299f87-b988-4d8b-a611-962c285e5a18,2026-06-01T10:15:00Z,2026-06-01T12:15:00+0200,10.0,EUR/MWh,FR,FR,day_ahead_price,value,2026-06-21T18:40:53Z
2026-06-21T18:40:01Z,2026-06-21T20:40:01+0200,c0299f87-b988-4d8b-a611-962c285e5a18,2026-06-01T10:30:00Z,2026-06-01T12:30:00+0200,8.01,EUR/MWh,FR,FR,day_ahead_price,value,2026-06-21T18:40:53Z
2026-06-21T18:40:01Z,2026-06-21T20:40:01+0200,c0299f87-b988-4d8b-a611-962c285e5a18,2026-06-01T10:45:00Z,2026-06-01T12:45:00+0200,8.01,EUR/MWh,FR,FR,day_ahead_price,value,2026-06-21T18:40:53Z
2026-06-21T18:40:01Z,2026-06-21T20:40:01+0200,c0299f87-b988-4d8b-a611-962c285e5a18,2026-06-01T11:00:00Z,2026-06-01T13:00:00+0200,2.09,EUR/MWh,FR,FR,day_ahead_price,value,2026-06-21T18:40:53Z
2026-06-21T18:40:01Z,2026-06-21T20:40:01+0200,c0299f87-b988-4d8b-a611-962c285e5a18,2026-06-01T11:15:00Z,2026-06-01T13:15:00+0200,2.09,EUR/MWh,FR,FR,day_ahead_price,value,2026-06-21T18:40:53Z
2026-06-21T18:40:01Z,2026-06-21T20:40:01+0200,c0299f87-b988-4d8b-a611-962c285e5a18,2026-06-01T11:30:00Z,2026-06-01T13:30:00+0200,2.0,EUR/MWh,FR,FR,day_ahead_price,value,2026-06-21T18:40:53Z
2026-06-21T18:40:01Z,2026-06-21T20:40:01+0200,c0299f87-b988-4d8b-a611-962c285e5a18,2026-06-01T11:45:00Z,2026-06-01T13:45:00+0200,2.0,EUR/MWh,FR,FR,day_ahead_price,value,2026-06-21T18:40:53Z
2026-06-21T18:40:01Z,2026-06-21T20:40:01+0200,c0299f87-b988-4d8b-a611-962c285e5a18,2026-06-01T12:00:00Z,2026-06-01T14:00:00+0200,11.57,EUR/MWh,FR,FR,day_ahead_price,value,2026-06-21T18:40:53Z
2026-06-21T18:40:01Z,2026-06-21T20:40:01+0200,c0299f87-b988-4d8b-a611-962c285e5a18,2026-06-01T12:15:00Z,2026-06-01T14:15:00+0200,2.09,EUR/MWh,FR,FR,day_ahead_price,value,2026-06-21T18:40:53Z
2026-06-21T18:40:01Z,2026-06-21T20:40:01+0200,c0299f87-b988-4d8b-a611-962c285e5a18,2026-06-01T12:30:00Z,2026-06-01T14:30:00+0200,1.95,EUR/MWh,FR,FR,day_ahead_price,value,2026-06-21T18:40:53Z
2026-06-21T18:40:01Z,2026-06-21T20:40:01+0200,c0299f87-b988-4d8b-a611-962c285e5a18,2026-06-01T12:45:00Z,2026-06-01T14:45:00+0200,1.51,EUR/MWh,FR,FR,day_ahead_price,value,2026-06-21T18:40:53Z
2026-06-21T18:40:01Z,2026-06-21T20:40:01+0200,c0299f87-b988-4d8b-a611-962c285e5a18,2026-06-01T13:00:00Z,2026-06-01T15:00:00+0200,1.49,EUR/MWh,FR,FR,day_ahead_price,value,2026-06-21T18:40:53Z
2026-06-21T18:40:01Z,2026-06-21T20:40:01+0200,c0299f87-b988-4d8b-a611-962c285e5a18,2026-06-01T13:15:00Z,2026-06-01T15:15:00+0200,1.2,EUR/MWh,FR,FR,day_ahead_price,value,2026-06-21T18:40:53Z
2026-06-21T18:40:01Z,2026-06-21T20:40:01+0200,c0299f87-b988-4d8b-a611-962c285e5a18,2026-06-01T13:30:00Z,2026-06-01T15:30:00+0200,1.2,EUR/MWh,FR,FR,day_ahead_price,value,2026-06-21T18:40:53Z
2026-06-21T18:40:01Z,2026-06-21T20:40:01+0200,c0299f87-b988-4d8b-a611-962c285e5a18,2026-06-01T13:45:00Z,2026-06-01T15:45:00+0200,1.2,EUR/MWh,FR,FR,day_ahead_price,value,2026-06-21T18:40:53Z
2026-06-21T18:40:01Z,2026-06-21T20:40:01+0200,c0299f87-b988-4d8b-a611-962c285e5a18,2026-06-01T14:00:00Z,2026-06-01T16:00:00+0200,1.44,EUR/MWh,FR,FR,day_ahead_price,value,2026-06-21T18:40:53Z
2026-06-21T18:40:01Z,2026-06-21T20:40:01+0200,c0299f87-b988-4d8b-a611-962c285e5a18,2026-06-01T14:15:00Z,2026-06-01T16:15:00+0200,1.82,EUR/MWh,FR,FR,day_ahead_price,value,2026-06-21T18:40:53Z
2026-06-21T18:40:01Z,2026-06-21T20:40:01+0200,c0299f87-b988-4d8b-a611-962c285e5a18,2026-06-01T14:30:00Z,2026-06-01T16:30:00+0200,2.0,EUR/MWh,FR,FR,day_ahead_price,value,2026-06-21T18:40:53Z
2026-06-21T18:40:01Z,2026-06-21T20:40:01+0200,c0299f87-b988-4d8b-a611-962c285e5a18,2026-06-01T14:45:00Z,2026-06-01T16:45:00+0200,3.08,EUR/MWh,FR,FR,day_ahead_price,value,2026-06-21T18:40:53Z
2026-06-21T18:40:01Z,2026-06-21T20:40:01+0200,c0299f87-b988-4d8b-a611-962c285e5a18,2026-06-01T15:00:00Z,2026-06-01T17:00:00+0200,4.29,EUR/MWh,FR,FR,day_ahead_price,value,2026-06-21T18:40:53Z
2026-06-21T18:40:01Z,2026-06-21T20:40:01+0200,c0299f87-b988-4d8b-a611-962c285e5a18,2026-06-01T15:15:00Z,2026-06-01T17:15:00+0200,12.01,EUR/MWh,FR,FR,day_ahead_price,value,2026-06-21T18:40:53Z
2026-06-21T18:40:01Z,2026-06-21T20:40:01+0200,c0299f87-b988-4d8b-a611-962c285e5a18,2026-06-01T15:30:00Z,2026-06-01T17:30:00+0200,19.17,EUR/MWh,FR,FR,day_ahead_price,value,2026-06-21T18:40:53Z
2026-06-21T18:40:01Z,2026-06-21T20:40:01+0200,c0299f87-b988-4d8b-a611-962c285e5a18,2026-06-01T15:45:00Z,2026-06-01T17:45:00+0200,20.0,EUR/MWh,FR,FR,day_ahead_price,value,2026-06-21T18:40:53Z
2026-06-21T18:40:01Z,2026-06-21T20:40:01+0200,c0299f87-b988-4d8b-a611-962c285e5a18,2026-06-01T16:00:00Z,2026-06-01T18:00:00+0200,24.11,EUR/MWh,FR,FR,day_ahead_price,value,2026-06-21T18:40:53Z
2026-06-21T18:40:01Z,2026-06-21T20:40:01+0200,c0299f87-b988-4d8b-a611-962c285e5a18,2026-06-01T16:15:00Z,2026-06-01T18:15:00+0200,38.91,EUR/MWh,FR,FR,day_ahead_price,value,2026-06-21T18:40:53Z
2026-06-21T18:40:01Z,2026-06-21T20:40:01+0200,c0299f87-b988-4d8b-a611-962c285e5a18,2026-06-01T16:30:00Z,2026-06-01T18:30:00+0200,46.0,EUR/MWh,FR,FR,day_ahead_price,value,2026-06-21T18:40:53Z
2026-06-21T18:40:01Z,2026-06-21T20:40:01+0200,c0299f87-b988-4d8b-a611-962c285e5a18,2026-06-01T16:45:00Z,2026-06-01T18:45:00+0200,71.34,EUR/MWh,FR,FR,day_ahead_price,value,2026-06-21T18:40:53Z
2026-06-21T18:40:01Z,2026-06-21T20:40:01+0200,c0299f87-b988-4d8b-a611-962c285e5a18,2026-06-01T17:00:00Z,2026-06-01T19:00:00+0200,55.57,EUR/MWh,FR,FR,day_ahead_price,value,2026-06-21T18:40:53Z
2026-06-21T18:40:01Z,2026-06-21T20:40:01+0200,c0299f87-b988-4d8b-a611-962c285e5a18,2026-06-01T17:15:00Z,2026-06-01T19:15:00+0200,84.01,EUR/MWh,FR,FR,day_ahead_price,value,2026-06-21T18:40:53Z
2026-06-21T18:40:01Z,2026-06-21T20:40:01+0200,c0299f87-b988-4d8b-a611-962c285e5a18,2026-06-01T17:30:00Z,2026-06-01T19:30:00+0200,140.65,EUR/MWh,FR,FR,day_ahead_price,value,2026-06-21T18:40:53Z
2026-06-21T18:40:01Z,2026-06-21T20:40:01+0200,c0299f87-b988-4d8b-a611-962c285e5a18,2026-06-01T17:45:00Z,2026-06-01T19:45:00+0200,172.55,EUR/MWh,FR,FR,day_ahead_price,value,2026-06-21T18:40:53Z
2026-06-21T18:40:01Z,2026-06-21T20:40:01+0200,c0299f87-b988-4d8b-a611-962c285e5a18,2026-06-01T18:00:00Z,2026-06-01T20:00:00+0200,99.44,EUR/MWh,FR,FR,day_ahead_price,value,2026-06-21T18:40:53Z
2026-06-21T18:40:01Z,2026-06-21T20:40:01+0200,c0299f87-b988-4d8b-a611-962c285e5a18,2026-06-01T18:15:00Z,2026-06-01T20:15:00+0200,113.57,EUR/MWh,FR,FR,day_ahead_price,value,2026-06-21T18:40:53Z
2026-06-21T18:40:01Z,2026-06-21T20:40:01+0200,c0299f87-b988-4d8b-a611-962c285e5a18,2026-06-01T18:30:00Z,2026-06-01T20:30:00+0200,126.0,EUR/MWh,FR,FR,day_ahead_price,value,2026-06-21T18:40:53Z
2026-06-21T18:40:01Z,2026-06-21T20:40:01+0200,c0299f87-b988-4d8b-a611-962c285e5a18,2026-06-01T18:45:00Z,2026-06-01T20:45:00+0200,135.01,EUR/MWh,FR,FR,day_ahead_price,value,2026-06-21T18:40:53Z
2026-06-21T18:40:01Z,2026-06-21T20:40:01+0200,c0299f87-b988-4d8b-a611-962c285e5a18,2026-06-01T19:00:00Z,2026-06-01T21:00:00+0200,131.57,EUR/MWh,FR,FR,day_ahead_price,value,2026-06-21T18:40:53Z
2026-06-21T18:40:01Z,2026-06-21T20:40:01+0200,c0299f87-b988-4d8b-a611-962c285e5a18,2026-06-01T19:15:00Z,2026-06-01T21:15:00+0200,137.59,EUR/MWh,FR,FR,day_ahead_price,value,2026-06-21T18:40:53Z
2026-06-21T18:40:01Z,2026-06-21T20:40:01+0200,c0299f87-b988-4d8b-a611-962c285e5a18,2026-06-01T19:30:00Z,2026-06-01T21:30:00+0200,144.23,EUR/MWh,FR,FR,day_ahead_price,value,2026-06-21T18:40:53Z
2026-06-21T18:40:01Z,2026-06-21T20:40:01+0200,c0299f87-b988-4d8b-a611-962c285e5a18,2026-06-01T19:45:00Z,2026-06-01T21:45:00+0200,140.0,EUR/MWh,FR,FR,day_ahead_price,value,2026-06-21T18:40:53Z
2026-06-21T18:40:01Z,2026-06-21T20:40:01+0200,c0299f87-b988-4d8b-a611-962c285e5a18,2026-06-01T20:00:00Z,2026-06-01T22:00:00+0200,152.43,EUR/MWh,FR,FR,day_ahead_price,value,2026-06-21T18:40:53Z
2026-06-21T18:40:01Z,2026-06-21T20:40:01+0200,c0299f87-b988-4d8b-a611-962c285e5a18,2026-06-01T20:15:00Z,2026-06-01T22:15:00+0200,145.01,EUR/MWh,FR,FR,day_ahead_price,value,2026-06-21T18:40:53Z
2026-06-21T18:40:01Z,2026-06-21T20:40:01+0200,c0299f87-b988-4d8b-a611-962c285e5a18,2026-06-01T20:30:00Z,2026-06-01T22:30:00+0200,146.72,EUR/MWh,FR,FR,day_ahead_price,value,2026-06-21T18:40:53Z
2026-06-21T18:40:01Z,2026-06-21T20:40:01+0200,c0299f87-b988-4d8b-a611-962c285e5a18,2026-06-01T20:45:00Z,2026-06-01T22:45:00+0200,136.96,EUR/MWh,FR,FR,day_ahead_price,value,2026-06-21T18:40:53Z
2026-06-21T18:40:01Z,2026-06-21T20:40:01+0200,c0299f87-b988-4d8b-a611-962c285e5a18,2026-06-01T21:00:00Z,2026-06-01T23:00:00+0200,133.01,EUR/MWh,FR,FR,day_ahead_price,value,2026-06-21T18:40:53Z
2026-06-21T18:40:01Z,2026-06-21T20:40:01+0200,c0299f87-b988-4d8b-a611-962c285e5a18,2026-06-01T21:15:00Z,2026-06-01T23:15:00+0200,130.0,EUR/MWh,FR,FR,day_ahead_price,value,2026-06-21T18:40:53Z
2026-06-21T18:40:01Z,2026-06-21T20:40:01+0200,c0299f87-b988-4d8b-a611-962c285e5a18,2026-06-01T21:30:00Z,2026-06-01T23:30:00+0200,130.0,EUR/MWh,FR,FR,day_ahead_price,value,2026-06-21T18:40:53Z
2026-06-21T18:40:01Z,2026-06-21T20:40:01+0200,c0299f87-b988-4d8b-a611-962c285e5a18,2026-06-01T21:45:00Z,2026-06-01T23:45:00+0200,118.13,EUR/MWh,FR,FR,day_ahead_price,value,2026-06-21T18:40:53Z
2026-06-21T18:40:01Z,2026-06-21T20:40:01+0200,c0299f87-b988-4d8b-a611-962c285e5a18,2026-06-01T22:00:00Z,2026-06-02T00:00:00+0200,122.77,EUR/MWh,FR,FR,day_ahead_price,value,2026-06-21T18:40:53Z
2026-06-21T18:40:01Z,2026-06-21T20:40:01+0200,c0299f87-b988-4d8b-a611-962c285e5a18,2026-06-01T22:15:00Z,2026-06-02T00:15:00+0200,120.2,EUR/MWh,FR,FR,day_ahead_price,value,2026-06-21T18:40:53Z
2026-06-21T18:40:01Z,2026-06-21T20:40:01+0200,c0299f87-b988-4d8b-a611-962c285e5a18,2026-06-01T22:30:00Z,2026-06-02T00:30:00+0200,69.02,EUR/MWh,FR,FR,day_ahead_price,value,2026-06-21T18:40:53Z
2026-06-21T18:40:01Z,2026-06-21T20:40:01+0200,c0299f87-b988-4d8b-a611-962c285e5a18,2026-06-01T22:45:00Z,2026-06-02T00:45:00+0200,35.06,EUR/MWh,FR,FR,day_ahead_price,value,2026-06-21T18:40:53Z
2026-06-21T18:40:01Z,2026-06-21T20:40:01+0200,c0299f87-b988-4d8b-a611-962c285e5a18,2026-06-01T23:00:00Z,2026-06-02T01:00:00+0200,97.27,EUR/MWh,FR,FR,day_ahead_price,value,2026-06-21T18:40:53Z
2026-06-21T18:40:01Z,2026-06-21T20:40:01+0200,c0299f87-b988-4d8b-a611-962c285e5a18,2026-06-01T23:15:00Z,2026-06-02T01:15:00+0200,58.1,EUR/MWh,FR,FR,day_ahead_price,value,2026-06-21T18:40:53Z
2026-06-21T18:40:01Z,2026-06-21T20:40:01+0200,c0299f87-b988-4d8b-a611-962c285e5a18,2026-06-01T23:30:00Z,2026-06-02T01:30:00+0200,61.28,EUR/MWh,FR,FR,day_ahead_price,value,2026-06-21T18:40:53Z
2026-06-21T18:40:01Z,2026-06-21T20:40:01+0200,c0299f87-b988-4d8b-a611-962c285e5a18,2026-06-01T23:45:00Z,2026-06-02T01:45:00+0200,36.14,EUR/MWh,FR,FR,day_ahead_price,value,2026-06-21T18:40:53Z
2026-06-21T18:40:01Z,2026-06-21T20:40:01+0200,c0299f87-b988-4d8b-a611-962c285e5a18,2026-06-02T00:00:00Z,2026-06-02T02:00:00+0200,65.47,EUR/MWh,FR,FR,day_ahead_price,value,2026-06-21T18:40:53Z
2026-06-21T18:40:01Z,2026-06-21T20:40:01+0200,c0299f87-b988-4d8b-a611-962c285e5a18,2026-06-02T00:15:00Z,2026-06-02T02:15:00+0200,20.89,EUR/MWh,FR,FR,day_ahead_price,value,2026-06-21T18:40:53Z
2026-06-21T18:40:01Z,2026-06-21T20:40:01+0200,c0299f87-b988-4d8b-a611-962c285e5a18,2026-06-02T00:30:00Z,2026-06-02T02:30:00+0200,23.11,EUR/MWh,FR,FR,day_ahead_price,value,2026-06-21T18:40:53Z
2026-06-21T18:40:01Z,2026-06-21T20:40:01+0200,c0299f87-b988-4d8b-a611-962c285e5a18,2026-06-02T00:45:00Z,2026-06-02T02:45:00+0200,12.13,EUR/MWh,FR,FR,day_ahead_price,value,2026-06-21T18:40:53Z
2026-06-21T18:40:01Z,2026-06-21T20:40:01+0200,c0299f87-b988-4d8b-a611-962c285e5a18,2026-06-02T01:00:00Z,2026-06-02T03:00:00+0200,20.59,EUR/MWh,FR,FR,day_ahead_price,value,2026-06-21T18:40:53Z
2026-06-21T18:40:01Z,2026-06-21T20:40:01+0200,c0299f87-b988-4d8b-a611-962c285e5a18,2026-06-02T01:15:00Z,2026-06-02T03:15:00+0200,22.2,EUR/MWh,FR,FR,day_ahead_price,value,2026-06-21T18:40:53Z
2026-06-21T18:40:01Z,2026-06-21T20:40:01+0200,c0299f87-b988-4d8b-a611-962c285e5a18,2026-06-02T01:30:00Z,2026-06-02T03:30:00+0200,32.32,EUR/MWh,FR,FR,day_ahead_price,value,2026-06-21T18:40:53Z
2026-06-21T18:40:01Z,2026-06-21T20:40:01+0200,c0299f87-b988-4d8b-a611-962c285e5a18,2026-06-02T01:45:00Z,2026-06-02T03:45:00+0200,14.68,EUR/MWh,FR,FR,day_ahead_price,value,2026-06-21T18:40:53Z
2026-06-21T18:40:01Z,2026-06-21T20:40:01+0200,c0299f87-b988-4d8b-a611-962c285e5a18,2026-06-02T02:00:00Z,2026-06-02T04:00:00+0200,34.95,EUR/MWh,FR,FR,day_ahead_price,value,2026-06-21T18:40:53Z
2026-06-21T18:40:01Z,2026-06-21T20:40:01+0200,c0299f87-b988-4d8b-a611-962c285e5a18,2026-06-02T02:15:00Z,2026-06-02T04:15:00+0200,15.45,EUR/MWh,FR,FR,day_ahead_price,value,2026-06-21T18:40:53Z
2026-06-21T18:40:01Z,2026-06-21T20:40:01+0200,c0299f87-b988-4d8b-a611-962c285e5a18,2026-06-02T02:30:00Z,2026-06-02T04:30:00+0200,12.2,EUR/MWh,FR,FR,day_ahead_price,value,2026-06-21T18:40:53Z
2026-06-21T18:40:01Z,2026-06-21T20:40:01+0200,c0299f87-b988-4d8b-a611-962c285e5a18,2026-06-02T02:45:00Z,2026-06-02T04:45:00+0200,19.01,EUR/MWh,FR,FR,day_ahead_price,value,2026-06-21T18:40:53Z
2026-06-21T18:40:01Z,2026-06-21T20:40:01+0200,c0299f87-b988-4d8b-a611-962c285e5a18,2026-06-02T03:00:00Z,2026-06-02T05:00:00+0200,28.99,EUR/MWh,FR,FR,day_ahead_price,value,2026-06-21T18:40:53Z
2026-06-21T18:40:01Z,2026-06-21T20:40:01+0200,c0299f87-b988-4d8b-a611-962c285e5a18,2026-06-02T03:15:00Z,2026-06-02T05:15:00+0200,31.75,EUR/MWh,FR,FR,day_ahead_price,value,2026-06-21T18:40:53Z
2026-06-21T18:40:01Z,2026-06-21T20:40:01+0200,c0299f87-b988-4d8b-a611-962c285e5a18,2026-06-02T03:30:00Z,2026-06-02T05:30:00+0200,25.81,EUR/MWh,FR,FR,day_ahead_price,value,2026-06-21T18:40:53Z
2026-06-21T18:40:01Z,2026-06-21T20:40:01+0200,c0299f87-b988-4d8b-a611-962c285e5a18,2026-06-02T03:45:00Z,2026-06-02T05:45:00+0200,27.4,EUR/MWh,FR,FR,day_ahead_price,value,2026-06-21T18:40:53Z
2026-06-21T18:40:01Z,2026-06-21T20:40:01+0200,c0299f87-b988-4d8b-a611-962c285e5a18,2026-06-02T04:00:00Z,2026-06-02T06:00:00+0200,14.0,EUR/MWh,FR,FR,day_ahead_price,value,2026-06-21T18:40:53Z
2026-06-21T18:40:01Z,2026-06-21T20:40:01+0200,c0299f87-b988-4d8b-a611-962c285e5a18,2026-06-02T04:15:00Z,2026-06-02T06:15:00+0200,22.2,EUR/MWh,FR,FR,day_ahead_price,value,2026-06-21T18:40:53Z
2026-06-21T18:40:01Z,2026-06-21T20:40:01+0200,c0299f87-b988-4d8b-a611-962c285e5a18,2026-06-02T04:30:00Z,2026-06-02T06:30:00+0200,26.32,EUR/MWh,FR,FR,day_ahead_price,value,2026-06-21T18:40:53Z
2026-06-21T18:40:01Z,2026-06-21T20:40:01+0200,c0299f87-b988-4d8b-a611-962c285e5a18,2026-06-02T04:45:00Z,2026-06-02T06:45:00+0200,39.33,EUR/MWh,FR,FR,day_ahead_price,value,2026-06-21T18:40:53Z
2026-06-21T18:40:01Z,2026-06-21T20:40:01+0200,c0299f87-b988-4d8b-a611-962c285e5a18,2026-06-02T05:00:00Z,2026-06-02T07:00:00+0200,28.41,EUR/MWh,FR,FR,day_ahead_price,value,2026-06-21T18:40:53Z
2026-06-21T18:40:01Z,2026-06-21T20:40:01+0200,c0299f87-b988-4d8b-a611-962c285e5a18,2026-06-02T05:15:00Z,2026-06-02T07:15:00+0200,48.8,EUR/MWh,FR,FR,day_ahead_price,value,2026-06-21T18:40:53Z
2026-06-21T18:40:01Z,2026-06-21T20:40:01+0200,c0299f87-b988-4d8b-a611-962c285e5a18,2026-06-02T05:30:00Z,2026-06-02T07:30:00+0200,68.01,EUR/MWh,FR,FR,day_ahead_price,value,2026-06-21T18:40:53Z
2026-06-21T18:40:01Z,2026-06-21T20:40:01+0200,c0299f87-b988-4d8b-a611-962c285e5a18,2026-06-02T05:45:00Z,2026-06-02T07:45:00+0200,61.9,EUR/MWh,FR,FR,day_ahead_price,value,2026-06-21T18:40:53Z
2026-06-21T18:40:01Z,2026-06-21T20:40:01+0200,c0299f87-b988-4d8b-a611-962c285e5a18,2026-06-02T06:00:00Z,2026-06-02T08:00:00+0200,72.35,EUR/MWh,FR,FR,day_ahead_price,value,2026-06-21T18:40:53Z
2026-06-21T18:40:01Z,2026-06-21T20:40:01+0200,c0299f87-b988-4d8b-a611-962c285e5a18,2026-06-02T06:15:00Z,2026-06-02T08:15:00+0200,72.65,EUR/MWh,FR,FR,day_ahead_price,value,2026-06-21T18:40:53Z
2026-06-21T18:40:01Z,2026-06-21T20:40:01+0200,c0299f87-b988-4d8b-a611-962c285e5a18,2026-06-02T06:30:00Z,2026-06-02T08:30:00+0200,65.63,EUR/MWh,FR,FR,day_ahead_price,value,2026-06-21T18:40:53Z
2026-06-21T18:40:01Z,2026-06-21T20:40:01+0200,c0299f87-b988-4d8b-a611-962c285e5a18,2026-06-02T06:45:00Z,2026-06-02T08:45:00+0200,49.0,EUR/MWh,FR,FR,day_ahead_price,value,2026-06-21T18:40:53Z
2026-06-21T18:40:01Z,2026-06-21T20:40:01+0200,c0299f87-b988-4d8b-a611-962c285e5a18,2026-06-02T07:00:00Z,2026-06-02T09:00:00+0200,50.0,EUR/MWh,FR,FR,day_ahead_price,value,2026-06-21T18:40:53Z
2026-06-21T18:40:01Z,2026-06-21T20:40:01+0200,c0299f87-b988-4d8b-a611-962c285e5a18,2026-06-02T07:15:00Z,2026-06-02T09:15:00+0200,30.0,EUR/MWh,FR,FR,day_ahead_price,value,2026-06-21T18:40:53Z
2026-06-21T18:40:01Z,2026-06-21T20:40:01+0200,c0299f87-b988-4d8b-a611-962c285e5a18,2026-06-02T07:30:00Z,2026-06-02T09:30:00+0200,26.07,EUR/MWh,FR,FR,day_ahead_price,value,2026-06-21T18:40:53Z
2026-06-21T18:40:01Z,2026-06-21T20:40:01+0200,c0299f87-b988-4d8b-a611-962c285e5a18,2026-06-02T07:45:00Z,2026-06-02T09:45:00+0200,10.56,EUR/MWh,FR,FR,day_ahead_price,value,2026-06-21T18:40:53Z
2026-06-21T18:40:01Z,2026-06-21T20:40:01+0200,c0299f87-b988-4d8b-a611-962c285e5a18,2026-06-02T08:00:00Z,2026-06-02T10:00:00+0200,6.11,EUR/MWh,FR,FR,day_ahead_price,value,2026-06-21T18:40:53Z
2026-06-21T18:40:01Z,2026-06-21T20:40:01+0200,c0299f87-b988-4d8b-a611-962c285e5a18,2026-06-02T08:15:00Z,2026-06-02T10:15:00+0200,2.2,EUR/MWh,FR,FR,day_ahead_price,value,2026-06-21T18:40:53Z
2026-06-21T18:40:01Z,2026-06-21T20:40:01+0200,c0299f87-b988-4d8b-a611-962c285e5a18,2026-06-02T08:30:00Z,2026-06-02T10:30:00+0200,1.23,EUR/MWh,FR,FR,day_ahead_price,value,2026-06-21T18:40:53Z
2026-06-21T18:40:01Z,2026-06-21T20:40:01+0200,c0299f87-b988-4d8b-a611-962c285e5a18,2026-06-02T08:45:00Z,2026-06-02T10:45:00+0200,0.84,EUR/MWh,FR,FR,day_ahead_price,value,2026-06-21T18:40:53Z
2026-06-21T18:40:01Z,2026-06-21T20:40:01+0200,c0299f87-b988-4d8b-a611-962c285e5a18,2026-06-02T09:00:00Z,2026-06-02T11:00:00+0200,0.51,EUR/MWh,FR,FR,day_ahead_price,value,2026-06-21T18:40:53Z
2026-06-21T18:40:01Z,2026-06-21T20:40:01+0200,c0299f87-b988-4d8b-a611-962c285e5a18,2026-06-02T09:15:00Z,2026-06-02T11:15:00+0200,0.01,EUR/MWh,FR,FR,day_ahead_price,value,2026-06-21T18:40:53Z
2026-06-21T18:40:01Z,2026-06-21T20:40:01+0200,c0299f87-b988-4d8b-a611-962c285e5a18,2026-06-02T09:30:00Z,2026-06-02T11:30:00+0200,0.0,EUR/MWh,FR,FR,day_ahead_price,value,2026-06-21T18:40:53Z
2026-06-21T18:40:01Z,2026-06-21T20:40:01+0200,c0299f87-b988-4d8b-a611-962c285e5a18,2026-06-02T09:45:00Z,2026-06-02T11:45:00+0200,0.0,EUR/MWh,FR,FR,day_ahead_price,value,2026-06-21T18:40:53Z
2026-06-21T18:40:01Z,2026-06-21T20:40:01+0200,c0299f87-b988-4d8b-a611-962c285e5a18,2026-06-02T10:00:00Z,2026-06-02T12:00:00+0200,0.0,EUR/MWh,FR,FR,day_ahead_price,value,2026-06-21T18:40:53Z
2026-06-21T18:40:01Z,2026-06-21T20:40:01+0200,c0299f87-b988-4d8b-a611-962c285e5a18,2026-06-02T10:15:00Z,2026-06-02T12:15:00+0200,0.0,EUR/MWh,FR,FR,day_ahead_price,value,2026-06-21T18:40:53Z
2026-06-21T18:40:01Z,2026-06-21T20:40:01+0200,c0299f87-b988-4d8b-a611-962c285e5a18,2026-06-02T10:30:00Z,2026-06-02T12:30:00+0200,0.0,EUR/MWh,FR,FR,day_ahead_price,value,2026-06-21T18:40:53Z
2026-06-21T18:40:01Z,2026-06-21T20:40:01+0200,c0299f87-b988-4d8b-a611-962c285e5a18,2026-06-02T10:45:00Z,2026-06-02T12:45:00+0200,0.0,EUR/MWh,FR,FR,day_ahead_price,value,2026-06-21T18:40:53Z
2026-06-21T18:40:01Z,2026-06-21T20:40:01+0200,c0299f87-b988-4d8b-a611-962c285e5a18,2026-06-02T11:00:00Z,2026-06-02T13:00:00+0200,-0.01,EUR/MWh,FR,FR,day_ahead_price,value,2026-06-21T18:40:53Z
2026-06-21T18:40:01Z,2026-06-21T20:40:01+0200,c0299f87-b988-4d8b-a611-962c285e5a18,2026-06-02T11:15:00Z,2026-06-02T13:15:00+0200,-0.01,EUR/MWh,FR,FR,day_ahead_price,value,2026-06-21T18:40:53Z
2026-06-21T18:40:01Z,2026-06-21T20:40:01+0200,c0299f87-b988-4d8b-a611-962c285e5a18,2026-06-02T11:30:00Z,2026-06-02T13:30:00+0200,-0.01,EUR/MWh,FR,FR,day_ahead_price,value,2026-06-21T18:40:53Z
2026-06-21T18:40:01Z,2026-06-21T20:40:01+0200,c0299f87-b988-4d8b-a611-962c285e5a18,2026-06-02T11:45:00Z,2026-06-02T13:45:00+0200,-0.01,EUR/MWh,FR,FR,day_ahead_price,value,2026-06-21T18:40:53Z
2026-06-21T18:40:01Z,2026-06-21T20:40:01+0200,c0299f87-b988-4d8b-a611-962c285e5a18,2026-06-02T12:00:00Z,2026-06-02T14:00:00+0200,-0.01,EUR/MWh,FR,FR,day_ahead_price,value,2026-06-21T18:40:53Z
2026-06-21T18:40:01Z,2026-06-21T20:40:01+0200,c0299f87-b988-4d8b-a611-962c285e5a18,2026-06-02T12:15:00Z,2026-06-02T14:15:00+0200,-0.01,EUR/MWh,FR,FR,day_ahead_price,value,2026-06-21T18:40:53Z
2026-06-21T18:40:01Z,2026-06-21T20:40:01+0200,c0299f87-b988-4d8b-a611-962c285e5a18,2026-06-02T12:30:00Z,2026-06-02T14:30:00+0200,-0.01,EUR/MWh,FR,FR,day_ahead_price,value,2026-06-21T18:40:53Z
2026-06-21T18:40:01Z,2026-06-21T20:40:01+0200,c0299f87-b988-4d8b-a611-962c285e5a18,2026-06-02T12:45:00Z,2026-06-02T14:45:00+0200,-0.01,EUR/MWh,FR,FR,day_ahead_price,value,2026-06-21T18:40:53Z
2026-06-21T18:40:01Z,2026-06-21T20:40:01+0200,c0299f87-b988-4d8b-a611-962c285e5a18,2026-06-02T13:00:00Z,2026-06-02T15:00:00+0200,-0.01,EUR/MWh,FR,FR,day_ahead_price,value,2026-06-21T18:40:53Z
2026-06-21T18:40:01Z,2026-06-21T20:40:01+0200,c0299f87-b988-4d8b-a611-962c285e5a18,2026-06-02T13:15:00Z,2026-06-02T15:15:00+0200,-0.01,EUR/MWh,FR,FR,day_ahead_price,value,2026-06-21T18:40:53Z
2026-06-21T18:40:01Z,2026-06-21T20:40:01+0200,c0299f87-b988-4d8b-a611-962c285e5a18,2026-06-02T13:30:00Z,2026-06-02T15:30:00+0200,-0.02,EUR/MWh,FR,FR,day_ahead_price,value,2026-06-21T18:40:53Z
2026-06-21T18:40:01Z,2026-06-21T20:40:01+0200,c0299f87-b988-4d8b-a611-962c285e5a18,2026-06-02T13:45:00Z,2026-06-02T15:45:00+0200,-0.04,EUR/MWh,FR,FR,day_ahead_price,value,2026-06-21T18:40:53Z
2026-06-21T18:40:01Z,2026-06-21T20:40:01+0200,c0299f87-b988-4d8b-a611-962c285e5a18,2026-06-02T14:00:00Z,2026-06-02T16:00:00+0200,-0.1,EUR/MWh,FR,FR,day_ahead_price,value,2026-06-21T18:40:53Z
2026-06-21T18:40:01Z,2026-06-21T20:40:01+0200,c0299f87-b988-4d8b-a611-962c285e5a18,2026-06-02T14:15:00Z,2026-06-02T16:15:00+0200,-0.09,EUR/MWh,FR,FR,day_ahead_price,value,2026-06-21T18:40:53Z
2026-06-21T18:40:01Z,2026-06-21T20:40:01+0200,c0299f87-b988-4d8b-a611-962c285e5a18,2026-06-02T14:30:00Z,2026-06-02T16:30:00+0200,-0.09,EUR/MWh,FR,FR,day_ahead_price,value,2026-06-21T18:40:53Z
2026-06-21T18:40:01Z,2026-06-21T20:40:01+0200,c0299f87-b988-4d8b-a611-962c285e5a18,2026-06-02T14:45:00Z,2026-06-02T16:45:00+0200,-0.05,EUR/MWh,FR,FR,day_ahead_price,value,2026-06-21T18:40:53Z
2026-06-21T18:40:01Z,2026-06-21T20:40:01+0200,c0299f87-b988-4d8b-a611-962c285e5a18,2026-06-02T15:00:00Z,2026-06-02T17:00:00+0200,-0.01,EUR/MWh,FR,FR,day_ahead_price,value,2026-06-21T18:40:53Z
2026-06-21T18:40:01Z,2026-06-21T20:40:01+0200,c0299f87-b988-4d8b-a611-962c285e5a18,2026-06-02T15:15:00Z,2026-06-02T17:15:00+0200,-0.01,EUR/MWh,FR,FR,day_ahead_price,value,2026-06-21T18:40:53Z
2026-06-21T18:40:01Z,2026-06-21T20:40:01+0200,c0299f87-b988-4d8b-a611-962c285e5a18,2026-06-02T15:30:00Z,2026-06-02T17:30:00+0200,-0.01,EUR/MWh,FR,FR,day_ahead_price,value,2026-06-21T18:40:53Z
2026-06-21T18:40:01Z,2026-06-21T20:40:01+0200,c0299f87-b988-4d8b-a611-962c285e5a18,2026-06-02T15:45:00Z,2026-06-02T17:45:00+0200,-0.01,EUR/MWh,FR,FR,day_ahead_price,value,2026-06-21T18:40:53Z
2026-06-21T18:40:01Z,2026-06-21T20:40:01+0200,c0299f87-b988-4d8b-a611-962c285e5a18,2026-06-02T16:00:00Z,2026-06-02T18:00:00+0200,0.0,EUR/MWh,FR,FR,day_ahead_price,value,2026-06-21T18:40:53Z
2026-06-21T18:40:01Z,2026-06-21T20:40:01+0200,c0299f87-b988-4d8b-a611-962c285e5a18,2026-06-02T16:15:00Z,2026-06-02T18:15:00+0200,0.0,EUR/MWh,FR,FR,day_ahead_price,value,2026-06-21T18:40:53Z
2026-06-21T18:40:01Z,2026-06-21T20:40:01+0200,c0299f87-b988-4d8b-a611-962c285e5a18,2026-06-02T16:30:00Z,2026-06-02T18:30:00+0200,0.51,EUR/MWh,FR,FR,day_ahead_price,value,2026-06-21T18:40:53Z
2026-06-21T18:40:01Z,2026-06-21T20:40:01+0200,c0299f87-b988-4d8b-a611-962c285e5a18,2026-06-02T16:45:00Z,2026-06-02T18:45:00+0200,1.5,EUR/MWh,FR,FR,day_ahead_price,value,2026-06-21T18:40:53Z
2026-06-21T18:40:01Z,2026-06-21T20:40:01+0200,c0299f87-b988-4d8b-a611-962c285e5a18,2026-06-02T17:00:00Z,2026-06-02T19:00:00+0200,1.0,EUR/MWh,FR,FR,day_ahead_price,value,2026-06-21T18:40:53Z
2026-06-21T18:40:01Z,2026-06-21T20:40:01+0200,c0299f87-b988-4d8b-a611-962c285e5a18,2026-06-02T17:15:00Z,2026-06-02T19:15:00+0200,2.0,EUR/MWh,FR,FR,day_ahead_price,value,2026-06-21T18:40:53Z
2026-06-21T18:40:01Z,2026-06-21T20:40:01+0200,c0299f87-b988-4d8b-a611-962c285e5a18,2026-06-02T17:30:00Z,2026-06-02T19:30:00+0200,4.32,EUR/MWh,FR,FR,day_ahead_price,value,2026-06-21T18:40:53Z
2026-06-21T18:40:01Z,2026-06-21T20:40:01+0200,c0299f87-b988-4d8b-a611-962c285e5a18,2026-06-02T17:45:00Z,2026-06-02T19:45:00+0200,24.01,EUR/MWh,FR,FR,day_ahead_price,value,2026-06-21T18:40:53Z
2026-06-21T18:40:01Z,2026-06-21T20:40:01+0200,c0299f87-b988-4d8b-a611-962c285e5a18,2026-06-02T18:00:00Z,2026-06-02T20:00:00+0200,9.75,EUR/MWh,FR,FR,day_ahead_price,value,2026-06-21T18:40:53Z
2026-06-21T18:40:01Z,2026-06-21T20:40:01+0200,c0299f87-b988-4d8b-a611-962c285e5a18,2026-06-02T18:15:00Z,2026-06-02T20:15:00+0200,28.61,EUR/MWh,FR,FR,day_ahead_price,value,2026-06-21T18:40:53Z
2026-06-21T18:40:01Z,2026-06-21T20:40:01+0200,c0299f87-b988-4d8b-a611-962c285e5a18,2026-06-02T18:30:00Z,2026-06-02T20:30:00+0200,21.54,EUR/MWh,FR,FR,day_ahead_price,value,2026-06-21T18:40:53Z
2026-06-21T18:40:01Z,2026-06-21T20:40:01+0200,c0299f87-b988-4d8b-a611-962c285e5a18,2026-06-02T18:45:00Z,2026-06-02T20:45:00+0200,23.41,EUR/MWh,FR,FR,day_ahead_price,value,2026-06-21T18:40:53Z
2026-06-21T18:40:01Z,2026-06-21T20:40:01+0200,c0299f87-b988-4d8b-a611-962c285e5a18,2026-06-02T19:00:00Z,2026-06-02T21:00:00+0200,36.8,EUR/MWh,FR,FR,day_ahead_price,value,2026-06-21T18:40:53Z
2026-06-21T18:40:01Z,2026-06-21T20:40:01+0200,c0299f87-b988-4d8b-a611-962c285e5a18,2026-06-02T19:15:00Z,2026-06-02T21:15:00+0200,22.98,EUR/MWh,FR,FR,day_ahead_price,value,2026-06-21T18:40:53Z
2026-06-21T18:40:01Z,2026-06-21T20:40:01+0200,c0299f87-b988-4d8b-a611-962c285e5a18,2026-06-02T19:30:00Z,2026-06-02T21:30:00+0200,23.0,EUR/MWh,FR,FR,day_ahead_price,value,2026-06-21T18:40:53Z
2026-06-21T18:40:01Z,2026-06-21T20:40:01+0200,c0299f87-b988-4d8b-a611-962c285e5a18,2026-06-02T19:45:00Z,2026-06-02T21:45:00+0200,24.16,EUR/MWh,FR,FR,day_ahead_price,value,2026-06-21T18:40:53Z
2026-06-21T18:40:01Z,2026-06-21T20:40:01+0200,c0299f87-b988-4d8b-a611-962c285e5a18,2026-06-02T20:00:00Z,2026-06-02T22:00:00+0200,31.75,EUR/MWh,FR,FR,day_ahead_price,value,2026-06-21T18:40:53Z
2026-06-21T18:40:01Z,2026-06-21T20:40:01+0200,c0299f87-b988-4d8b-a611-962c285e5a18,2026-06-02T20:15:00Z,2026-06-02T22:15:00+0200,28.72,EUR/MWh,FR,FR,day_ahead_price,value,2026-06-21T18:40:53Z
2026-06-21T18:40:01Z,2026-06-21T20:40:01+0200,c0299f87-b988-4d8b-a611-962c285e5a18,2026-06-02T20:30:00Z,2026-06-02T22:30:00+0200,70.53,EUR/MWh,FR,FR,day_ahead_price,value,2026-06-21T18:40:53Z
2026-06-21T18:40:01Z,2026-06-21T20:40:01+0200,c0299f87-b988-4d8b-a611-962c285e5a18,2026-06-02T20:45:00Z,2026-06-02T22:45:00+0200,29.01,EUR/MWh,FR,FR,day_ahead_price,value,2026-06-21T18:40:53Z
2026-06-21T18:40:01Z,2026-06-21T20:40:01+0200,c0299f87-b988-4d8b-a611-962c285e5a18,2026-06-02T21:00:00Z,2026-06-02T23:00:00+0200,34.16,EUR/MWh,FR,FR,day_ahead_price,value,2026-06-21T18:40:53Z
2026-06-21T18:40:01Z,2026-06-21T20:40:01+0200,c0299f87-b988-4d8b-a611-962c285e5a18,2026-06-02T21:15:00Z,2026-06-02T23:15:00+0200,16.09,EUR/MWh,FR,FR,day_ahead_price,value,2026-06-21T18:40:53Z
2026-06-21T18:40:01Z,2026-06-21T20:40:01+0200,c0299f87-b988-4d8b-a611-962c285e5a18,2026-06-02T21:30:00Z,2026-06-02T23:30:00+0200,50.99,EUR/MWh,FR,FR,day_ahead_price,value,2026-06-21T18:40:53Z
2026-06-21T18:40:01Z,2026-06-21T20:40:01+0200,c0299f87-b988-4d8b-a611-962c285e5a18,2026-06-02T21:45:00Z,2026-06-02T23:45:00+0200,30.26,EUR/MWh,FR,FR,day_ahead_price,value,2026-06-21T18:40:53Z
2026-06-21T18:40:01Z,2026-06-21T20:40:01+0200,c0299f87-b988-4d8b-a611-962c285e5a18,2026-06-02T22:00:00Z,2026-06-03T00:00:00+0200,0.0,EUR/MWh,FR,FR,day_ahead_price,value,2026-06-21T18:40:53Z
2026-06-21T18:40:01Z,2026-06-21T20:40:01+0200,c0299f87-b988-4d8b-a611-962c285e5a18,2026-06-02T22:15:00Z,2026-06-03T00:15:00+0200,0.0,EUR/MWh,FR,FR,day_ahead_price,value,2026-06-21T18:40:53Z
2026-06-21T18:40:01Z,2026-06-21T20:40:01+0200,c0299f87-b988-4d8b-a611-962c285e5a18,2026-06-02T22:30:00Z,2026-06-03T00:30:00+0200,0.0,EUR/MWh,FR,FR,day_ahead_price,value,2026-06-21T18:40:53Z
2026-06-21T18:40:01Z,2026-06-21T20:40:01+0200,c0299f87-b988-4d8b-a611-962c285e5a18,2026-06-02T22:45:00Z,2026-06-03T00:45:00+0200,0.0,EUR/MWh,FR,FR,day_ahead_price,value,2026-06-21T18:40:53Z
2026-06-21T18:40:01Z,2026-06-21T20:40:01+0200,c0299f87-b988-4d8b-a611-962c285e5a18,2026-06-02T23:00:00Z,2026-06-03T01:00:00+0200,8.67,EUR/MWh,FR,FR,day_ahead_price,value,2026-06-21T18:40:53Z
2026-06-21T18:40:01Z,2026-06-21T20:40:01+0200,c0299f87-b988-4d8b-a611-962c285e5a18,2026-06-02T23:15:00Z,2026-06-03T01:15:00+0200,16.42,EUR/MWh,FR,FR,day_ahead_price,value,2026-06-21T18:40:53Z
2026-06-21T18:40:01Z,2026-06-21T20:40:01+0200,c0299f87-b988-4d8b-a611-962c285e5a18,2026-06-02T23:30:00Z,2026-06-03T01:30:00+0200,43.1,EUR/MWh,FR,FR,day_ahead_price,value,2026-06-21T18:40:53Z
2026-06-21T18:40:01Z,2026-06-21T20:40:01+0200,c0299f87-b988-4d8b-a611-962c285e5a18,2026-06-02T23:45:00Z,2026-06-03T01:45:00+0200,22.02,EUR/MWh,FR,FR,day_ahead_price,value,2026-06-21T18:40:53Z
2026-06-21T18:40:01Z,2026-06-21T20:40:01+0200,c0299f87-b988-4d8b-a611-962c285e5a18,2026-06-03T00:00:00Z,2026-06-03T02:00:00+0200,24.8,EUR/MWh,FR,FR,day_ahead_price,value,2026-06-21T18:40:53Z
2026-06-21T18:40:01Z,2026-06-21T20:40:01+0200,c0299f87-b988-4d8b-a611-962c285e5a18,2026-06-03T00:15:00Z,2026-06-03T02:15:00+0200,14.93,EUR/MWh,FR,FR,day_ahead_price,value,2026-06-21T18:40:53Z
2026-06-21T18:40:01Z,2026-06-21T20:40:01+0200,c0299f87-b988-4d8b-a611-962c285e5a18,2026-06-03T00:30:00Z,2026-06-03T02:30:00+0200,29.04,EUR/MWh,FR,FR,day_ahead_price,value,2026-06-21T18:40:53Z
2026-06-21T18:40:01Z,2026-06-21T20:40:01+0200,c0299f87-b988-4d8b-a611-962c285e5a18,2026-06-03T00:45:00Z,2026-06-03T02:45:00+0200,14.0,EUR/MWh,FR,FR,day_ahead_price,value,2026-06-21T18:40:53Z
2026-06-21T18:40:01Z,2026-06-21T20:40:01+0200,c0299f87-b988-4d8b-a611-962c285e5a18,2026-06-03T01:00:00Z,2026-06-03T03:00:00+0200,14.52,EUR/MWh,FR,FR,day_ahead_price,value,2026-06-21T18:40:53Z
2026-06-21T18:40:01Z,2026-06-21T20:40:01+0200,c0299f87-b988-4d8b-a611-962c285e5a18,2026-06-03T01:15:00Z,2026-06-03T03:15:00+0200,5.79,EUR/MWh,FR,FR,day_ahead_price,value,2026-06-21T18:40:53Z
2026-06-21T18:40:01Z,2026-06-21T20:40:01+0200,c0299f87-b988-4d8b-a611-962c285e5a18,2026-06-03T01:30:00Z,2026-06-03T03:30:00+0200,5.53,EUR/MWh,FR,FR,day_ahead_price,value,2026-06-21T18:40:53Z
2026-06-21T18:40:01Z,2026-06-21T20:40:01+0200,c0299f87-b988-4d8b-a611-962c285e5a18,2026-06-03T01:45:00Z,2026-06-03T03:45:00+0200,0.04,EUR/MWh,FR,FR,day_ahead_price,value,2026-06-21T18:40:53Z
2026-06-21T18:40:01Z,2026-06-21T20:40:01+0200,c0299f87-b988-4d8b-a611-962c285e5a18,2026-06-03T02:00:00Z,2026-06-03T04:00:00+0200,0.0,EUR/MWh,FR,FR,day_ahead_price,value,2026-06-21T18:40:53Z
2026-06-21T18:40:01Z,2026-06-21T20:40:01+0200,c0299f87-b988-4d8b-a611-962c285e5a18,2026-06-03T02:15:00Z,2026-06-03T04:15:00+0200,0.0,EUR/MWh,FR,FR,day_ahead_price,value,2026-06-21T18:40:53Z
2026-06-21T18:40:01Z,2026-06-21T20:40:01+0200,c0299f87-b988-4d8b-a611-962c285e5a18,2026-06-03T02:30:00Z,2026-06-03T04:30:00+0200,0.04,EUR/MWh,FR,FR,day_ahead_price,value,2026-06-21T18:40:53Z
2026-06-21T18:40:01Z,2026-06-21T20:40:01+0200,c0299f87-b988-4d8b-a611-962c285e5a18,2026-06-03T02:45:00Z,2026-06-03T04:45:00+0200,11.47,EUR/MWh,FR,FR,day_ahead_price,value,2026-06-21T18:40:53Z
2026-06-21T18:40:01Z,2026-06-21T20:40:01+0200,c0299f87-b988-4d8b-a611-962c285e5a18,2026-06-03T03:00:00Z,2026-06-03T05:00:00+0200,15.87,EUR/MWh,FR,FR,day_ahead_price,value,2026-06-21T18:40:53Z
2026-06-21T18:40:01Z,2026-06-21T20:40:01+0200,c0299f87-b988-4d8b-a611-962c285e5a18,2026-06-03T03:15:00Z,2026-06-03T05:15:00+0200,33.92,EUR/MWh,FR,FR,day_ahead_price,value,2026-06-21T18:40:53Z
2026-06-21T18:40:01Z,2026-06-21T20:40:01+0200,c0299f87-b988-4d8b-a611-962c285e5a18,2026-06-03T03:30:00Z,2026-06-03T05:30:00+0200,10.08,EUR/MWh,FR,FR,day_ahead_price,value,2026-06-21T18:40:53Z
2026-06-21T18:40:01Z,2026-06-21T20:40:01+0200,c0299f87-b988-4d8b-a611-962c285e5a18,2026-06-03T03:45:00Z,2026-06-03T05:45:00+0200,5.26,EUR/MWh,FR,FR,day_ahead_price,value,2026-06-21T18:40:53Z
2026-06-21T18:40:01Z,2026-06-21T20:40:01+0200,c0299f87-b988-4d8b-a611-962c285e5a18,2026-06-03T04:00:00Z,2026-06-03T06:00:00+0200,22.02,EUR/MWh,FR,FR,day_ahead_price,value,2026-06-21T18:40:53Z
2026-06-21T18:40:01Z,2026-06-21T20:40:01+0200,c0299f87-b988-4d8b-a611-962c285e5a18,2026-06-03T04:15:00Z,2026-06-03T06:15:00+0200,18.63,EUR/MWh,FR,FR,day_ahead_price,value,2026-06-21T18:40:53Z
2026-06-21T18:40:01Z,2026-06-21T20:40:01+0200,c0299f87-b988-4d8b-a611-962c285e5a18,2026-06-03T04:30:00Z,2026-06-03T06:30:00+0200,21.87,EUR/MWh,FR,FR,day_ahead_price,value,2026-06-21T18:40:53Z
2026-06-21T18:40:01Z,2026-06-21T20:40:01+0200,c0299f87-b988-4d8b-a611-962c285e5a18,2026-06-03T04:45:00Z,2026-06-03T06:45:00+0200,6.2,EUR/MWh,FR,FR,day_ahead_price,value,2026-06-21T18:40:53Z
2026-06-21T18:40:01Z,2026-06-21T20:40:01+0200,c0299f87-b988-4d8b-a611-962c285e5a18,2026-06-03T05:00:00Z,2026-06-03T07:00:00+0200,22.6,EUR/MWh,FR,FR,day_ahead_price,value,2026-06-21T18:40:53Z
2026-06-21T18:40:01Z,2026-06-21T20:40:01+0200,c0299f87-b988-4d8b-a611-962c285e5a18,2026-06-03T05:15:00Z,2026-06-03T07:15:00+0200,28.28,EUR/MWh,FR,FR,day_ahead_price,value,2026-06-21T18:40:53Z
2026-06-21T18:40:01Z,2026-06-21T20:40:01+0200,c0299f87-b988-4d8b-a611-962c285e5a18,2026-06-03T05:30:00Z,2026-06-03T07:30:00+0200,16.62,EUR/MWh,FR,FR,day_ahead_price,value,2026-06-21T18:40:53Z
2026-06-21T18:40:01Z,2026-06-21T20:40:01+0200,c0299f87-b988-4d8b-a611-962c285e5a18,2026-06-03T05:45:00Z,2026-06-03T07:45:00+0200,26.19,EUR/MWh,FR,FR,day_ahead_price,value,2026-06-21T18:40:53Z
2026-06-21T18:40:01Z,2026-06-21T20:40:01+0200,c0299f87-b988-4d8b-a611-962c285e5a18,2026-06-03T06:00:00Z,2026-06-03T08:00:00+0200,28.11,EUR/MWh,FR,FR,day_ahead_price,value,2026-06-21T18:40:53Z
2026-06-21T18:40:01Z,2026-06-21T20:40:01+0200,c0299f87-b988-4d8b-a611-962c285e5a18,2026-06-03T06:15:00Z,2026-06-03T08:15:00+0200,11.89,EUR/MWh,FR,FR,day_ahead_price,value,2026-06-21T18:40:53Z
2026-06-21T18:40:01Z,2026-06-21T20:40:01+0200,c0299f87-b988-4d8b-a611-962c285e5a18,2026-06-03T06:30:00Z,2026-06-03T08:30:00+0200,26.54,EUR/MWh,FR,FR,day_ahead_price,value,2026-06-21T18:40:53Z
2026-06-21T18:40:01Z,2026-06-21T20:40:01+0200,c0299f87-b988-4d8b-a611-962c285e5a18,2026-06-03T06:45:00Z,2026-06-03T08:45:00+0200,1.32,EUR/MWh,FR,FR,day_ahead_price,value,2026-06-21T18:40:53Z
2026-06-21T18:40:01Z,2026-06-21T20:40:01+0200,c0299f87-b988-4d8b-a611-962c285e5a18,2026-06-03T07:00:00Z,2026-06-03T09:00:00+0200,2.09,EUR/MWh,FR,FR,day_ahead_price,value,2026-06-21T18:40:53Z
2026-06-21T18:40:01Z,2026-06-21T20:40:01+0200,c0299f87-b988-4d8b-a611-962c285e5a18,2026-06-03T07:15:00Z,2026-06-03T09:15:00+0200,0.0,EUR/MWh,FR,FR,day_ahead_price,value,2026-06-21T18:40:53Z
2026-06-21T18:40:01Z,2026-06-21T20:40:01+0200,c0299f87-b988-4d8b-a611-962c285e5a18,2026-06-03T07:30:00Z,2026-06-03T09:30:00+0200,0.0,EUR/MWh,FR,FR,day_ahead_price,value,2026-06-21T18:40:53Z
2026-06-21T18:40:01Z,2026-06-21T20:40:01+0200,c0299f87-b988-4d8b-a611-962c285e5a18,2026-06-03T07:45:00Z,2026-06-03T09:45:00+0200,0.0,EUR/MWh,FR,FR,day_ahead_price,value,2026-06-21T18:40:53Z
2026-06-21T18:40:01Z,2026-06-21T20:40:01+0200,c0299f87-b988-4d8b-a611-962c285e5a18,2026-06-03T08:00:00Z,2026-06-03T10:00:00+0200,0.0,EUR/MWh,FR,FR,day_ahead_price,value,2026-06-21T18:40:53Z
2026-06-21T18:40:01Z,2026-06-21T20:40:01+0200,c0299f87-b988-4d8b-a611-962c285e5a18,2026-06-03T08:15:00Z,2026-06-03T10:15:00+0200,0.0,EUR/MWh,FR,FR,day_ahead_price,value,2026-06-21T18:40:53Z
2026-06-21T18:40:01Z,2026-06-21T20:40:01+0200,c0299f87-b988-4d8b-a611-962c285e5a18,2026-06-03T08:30:00Z,2026-06-03T10:30:00+0200,-0.01,EUR/MWh,FR,FR,day_ahead_price,value,2026-06-21T18:40:53Z
2026-06-21T18:40:01Z,2026-06-21T20:40:01+0200,c0299f87-b988-4d8b-a611-962c285e5a18,2026-06-03T08:45:00Z,2026-06-03T10:45:00+0200,-0.01,EUR/MWh,FR,FR,day_ahead_price,value,2026-06-21T18:40:53Z
2026-06-21T18:40:01Z,2026-06-21T20:40:01+0200,c0299f87-b988-4d8b-a611-962c285e5a18,2026-06-03T09:00:00Z,2026-06-03T11:00:00+0200,-0.01,EUR/MWh,FR,FR,day_ahead_price,value,2026-06-21T18:40:53Z
2026-06-21T18:40:01Z,2026-06-21T20:40:01+0200,c0299f87-b988-4d8b-a611-962c285e5a18,2026-06-03T09:15:00Z,2026-06-03T11:15:00+0200,-0.01,EUR/MWh,FR,FR,day_ahead_price,value,2026-06-21T18:40:53Z
2026-06-21T18:40:01Z,2026-06-21T20:40:01+0200,c0299f87-b988-4d8b-a611-962c285e5a18,2026-06-03T09:30:00Z,2026-06-03T11:30:00+0200,-0.01,EUR/MWh,FR,FR,day_ahead_price,value,2026-06-21T18:40:53Z
2026-06-21T18:40:01Z,2026-06-21T20:40:01+0200,c0299f87-b988-4d8b-a611-962c285e5a18,2026-06-03T09:45:00Z,2026-06-03T11:45:00+0200,-0.01,EUR/MWh,FR,FR,day_ahead_price,value,2026-06-21T18:40:53Z
2026-06-21T18:40:01Z,2026-06-21T20:40:01+0200,c0299f87-b988-4d8b-a611-962c285e5a18,2026-06-03T10:00:00Z,2026-06-03T12:00:00+0200,-0.01,EUR/MWh,FR,FR,day_ahead_price,value,2026-06-21T18:40:53Z
2026-06-21T18:40:01Z,2026-06-21T20:40:01+0200,c0299f87-b988-4d8b-a611-962c285e5a18,2026-06-03T10:15:00Z,2026-06-03T12:15:00+0200,-0.01,EUR/MWh,FR,FR,day_ahead_price,value,2026-06-21T18:40:53Z
2026-06-21T18:40:01Z,2026-06-21T20:40:01+0200,c0299f87-b988-4d8b-a611-962c285e5a18,2026-06-03T10:30:00Z,2026-06-03T12:30:00+0200,-0.01,EUR/MWh,FR,FR,day_ahead_price,value,2026-06-21T18:40:53Z
2026-06-21T18:40:01Z,2026-06-21T20:40:01+0200,c0299f87-b988-4d8b-a611-962c285e5a18,2026-06-03T10:45:00Z,2026-06-03T12:45:00+0200,-0.01,EUR/MWh,FR,FR,day_ahead_price,value,2026-06-21T18:40:53Z
2026-06-21T18:40:01Z,2026-06-21T20:40:01+0200,c0299f87-b988-4d8b-a611-962c285e5a18,2026-06-03T11:00:00Z,2026-06-03T13:00:00+0200,-0.01,EUR/MWh,FR,FR,day_ahead_price,value,2026-06-21T18:40:53Z
2026-06-21T18:40:01Z,2026-06-21T20:40:01+0200,c0299f87-b988-4d8b-a611-962c285e5a18,2026-06-03T11:15:00Z,2026-06-03T13:15:00+0200,-0.01,EUR/MWh,FR,FR,day_ahead_price,value,2026-06-21T18:40:53Z
2026-06-21T18:40:01Z,2026-06-21T20:40:01+0200,c0299f87-b988-4d8b-a611-962c285e5a18,2026-06-03T11:30:00Z,2026-06-03T13:30:00+0200,-0.05,EUR/MWh,FR,FR,day_ahead_price,value,2026-06-21T18:40:53Z
2026-06-21T18:40:01Z,2026-06-21T20:40:01+0200,c0299f87-b988-4d8b-a611-962c285e5a18,2026-06-03T11:45:00Z,2026-06-03T13:45:00+0200,-0.05,EUR/MWh,FR,FR,day_ahead_price,value,2026-06-21T18:40:53Z
2026-06-21T18:40:01Z,2026-06-21T20:40:01+0200,c0299f87-b988-4d8b-a611-962c285e5a18,2026-06-03T12:00:00Z,2026-06-03T14:00:00+0200,-0.01,EUR/MWh,FR,FR,day_ahead_price,value,2026-06-21T18:40:53Z
2026-06-21T18:40:01Z,2026-06-21T20:40:01+0200,c0299f87-b988-4d8b-a611-962c285e5a18,2026-06-03T12:15:00Z,2026-06-03T14:15:00+0200,-0.01,EUR/MWh,FR,FR,day_ahead_price,value,2026-06-21T18:40:53Z
2026-06-21T18:40:01Z,2026-06-21T20:40:01+0200,c0299f87-b988-4d8b-a611-962c285e5a18,2026-06-03T12:30:00Z,2026-06-03T14:30:00+0200,-0.01,EUR/MWh,FR,FR,day_ahead_price,value,2026-06-21T18:40:53Z
2026-06-21T18:40:01Z,2026-06-21T20:40:01+0200,c0299f87-b988-4d8b-a611-962c285e5a18,2026-06-03T12:45:00Z,2026-06-03T14:45:00+0200,-0.01,EUR/MWh,FR,FR,day_ahead_price,value,2026-06-21T18:40:53Z
2026-06-21T18:40:01Z,2026-06-21T20:40:01+0200,c0299f87-b988-4d8b-a611-962c285e5a18,2026-06-03T13:00:00Z,2026-06-03T15:00:00+0200,-0.09,EUR/MWh,FR,FR,day_ahead_price,value,2026-06-21T18:40:53Z
2026-06-21T18:40:01Z,2026-06-21T20:40:01+0200,c0299f87-b988-4d8b-a611-962c285e5a18,2026-06-03T13:15:00Z,2026-06-03T15:15:00+0200,-0.09,EUR/MWh,FR,FR,day_ahead_price,value,2026-06-21T18:40:53Z
2026-06-21T18:40:01Z,2026-06-21T20:40:01+0200,c0299f87-b988-4d8b-a611-962c285e5a18,2026-06-03T13:30:00Z,2026-06-03T15:30:00+0200,-0.11,EUR/MWh,FR,FR,day_ahead_price,value,2026-06-21T18:40:53Z
2026-06-21T18:40:01Z,2026-06-21T20:40:01+0200,c0299f87-b988-4d8b-a611-962c285e5a18,2026-06-03T13:45:00Z,2026-06-03T15:45:00+0200,-0.11,EUR/MWh,FR,FR,day_ahead_price,value,2026-06-21T18:40:53Z
2026-06-21T18:40:01Z,2026-06-21T20:40:01+0200,c0299f87-b988-4d8b-a611-962c285e5a18,2026-06-03T14:00:00Z,2026-06-03T16:00:00+0200,-0.11,EUR/MWh,FR,FR,day_ahead_price,value,2026-06-21T18:40:53Z
2026-06-21T18:40:01Z,2026-06-21T20:40:01+0200,c0299f87-b988-4d8b-a611-962c285e5a18,2026-06-03T14:15:00Z,2026-06-03T16:15:00+0200,-0.11,EUR/MWh,FR,FR,day_ahead_price,value,2026-06-21T18:40:53Z
2026-06-21T18:40:01Z,2026-06-21T20:40:01+0200,c0299f87-b988-4d8b-a611-962c285e5a18,2026-06-03T14:30:00Z,2026-06-03T16:30:00+0200,-0.1,EUR/MWh,FR,FR,day_ahead_price,value,2026-06-21T18:40:53Z
2026-06-21T18:40:01Z,2026-06-21T20:40:01+0200,c0299f87-b988-4d8b-a611-962c285e5a18,2026-06-03T14:45:00Z,2026-06-03T16:45:00+0200,-0.08,EUR/MWh,FR,FR,day_ahead_price,value,2026-06-21T18:40:53Z
2026-06-21T18:40:01Z,2026-06-21T20:40:01+0200,c0299f87-b988-4d8b-a611-962c285e5a18,2026-06-03T15:00:00Z,2026-06-03T17:00:00+0200,-0.01,EUR/MWh,FR,FR,day_ahead_price,value,2026-06-21T18:40:53Z
2026-06-21T18:40:01Z,2026-06-21T20:40:01+0200,c0299f87-b988-4d8b-a611-962c285e5a18,2026-06-03T15:15:00Z,2026-06-03T17:15:00+0200,-0.01,EUR/MWh,FR,FR,day_ahead_price,value,2026-06-21T18:40:53Z
2026-06-21T18:40:01Z,2026-06-21T20:40:01+0200,c0299f87-b988-4d8b-a611-962c285e5a18,2026-06-03T15:30:00Z,2026-06-03T17:30:00+0200,-0.01,EUR/MWh,FR,FR,day_ahead_price,value,2026-06-21T18:40:53Z
2026-06-21T18:40:01Z,2026-06-21T20:40:01+0200,c0299f87-b988-4d8b-a611-962c285e5a18,2026-06-03T15:45:00Z,2026-06-03T17:45:00+0200,0.0,EUR/MWh,FR,FR,day_ahead_price,value,2026-06-21T18:40:53Z
2026-06-21T18:40:01Z,2026-06-21T20:40:01+0200,c0299f87-b988-4d8b-a611-962c285e5a18,2026-06-03T16:00:00Z,2026-06-03T18:00:00+0200,0.0,EUR/MWh,FR,FR,day_ahead_price,value,2026-06-21T18:40:53Z
2026-06-21T18:40:01Z,2026-06-21T20:40:01+0200,c0299f87-b988-4d8b-a611-962c285e5a18,2026-06-03T16:15:00Z,2026-06-03T18:15:00+0200,0.51,EUR/MWh,FR,FR,day_ahead_price,value,2026-06-21T18:40:53Z
2026-06-21T18:40:01Z,2026-06-21T20:40:01+0200,c0299f87-b988-4d8b-a611-962c285e5a18,2026-06-03T16:30:00Z,2026-06-03T18:30:00+0200,1.01,EUR/MWh,FR,FR,day_ahead_price,value,2026-06-21T18:40:53Z
2026-06-21T18:40:01Z,2026-06-21T20:40:01+0200,c0299f87-b988-4d8b-a611-962c285e5a18,2026-06-03T16:45:00Z,2026-06-03T18:45:00+0200,3.08,EUR/MWh,FR,FR,day_ahead_price,value,2026-06-21T18:40:53Z
2026-06-21T18:40:01Z,2026-06-21T20:40:01+0200,c0299f87-b988-4d8b-a611-962c285e5a18,2026-06-03T17:00:00Z,2026-06-03T19:00:00+0200,9.94,EUR/MWh,FR,FR,day_ahead_price,value,2026-06-21T18:40:53Z
2026-06-21T18:40:01Z,2026-06-21T20:40:01+0200,c0299f87-b988-4d8b-a611-962c285e5a18,2026-06-03T17:15:00Z,2026-06-03T19:15:00+0200,29.38,EUR/MWh,FR,FR,day_ahead_price,value,2026-06-21T18:40:53Z
2026-06-21T18:40:01Z,2026-06-21T20:40:01+0200,c0299f87-b988-4d8b-a611-962c285e5a18,2026-06-03T17:30:00Z,2026-06-03T19:30:00+0200,25.25,EUR/MWh,FR,FR,day_ahead_price,value,2026-06-21T18:40:53Z
2026-06-21T18:40:01Z,2026-06-21T20:40:01+0200,c0299f87-b988-4d8b-a611-962c285e5a18,2026-06-03T17:45:00Z,2026-06-03T19:45:00+0200,33.45,EUR/MWh,FR,FR,day_ahead_price,value,2026-06-21T18:40:53Z
2026-06-21T18:40:01Z,2026-06-21T20:40:01+0200,c0299f87-b988-4d8b-a611-962c285e5a18,2026-06-03T18:00:00Z,2026-06-03T20:00:00+0200,13.99,EUR/MWh,FR,FR,day_ahead_price,value,2026-06-21T18:40:53Z
2026-06-21T18:40:01Z,2026-06-21T20:40:01+0200,c0299f87-b988-4d8b-a611-962c285e5a18,2026-06-03T18:15:00Z,2026-06-03T20:15:00+0200,27.63,EUR/MWh,FR,FR,day_ahead_price,value,2026-06-21T18:40:53Z
2026-06-21T18:40:01Z,2026-06-21T20:40:01+0200,c0299f87-b988-4d8b-a611-962c285e5a18,2026-06-03T18:30:00Z,2026-06-03T20:30:00+0200,25.7,EUR/MWh,FR,FR,day_ahead_price,value,2026-06-21T18:40:53Z
2026-06-21T18:40:01Z,2026-06-21T20:40:01+0200,c0299f87-b988-4d8b-a611-962c285e5a18,2026-06-03T18:45:00Z,2026-06-03T20:45:00+0200,8.93,EUR/MWh,FR,FR,day_ahead_price,value,2026-06-21T18:40:53Z
2026-06-21T18:40:01Z,2026-06-21T20:40:01+0200,c0299f87-b988-4d8b-a611-962c285e5a18,2026-06-03T19:00:00Z,2026-06-03T21:00:00+0200,11.21,EUR/MWh,FR,FR,day_ahead_price,value,2026-06-21T18:40:53Z
2026-06-21T18:40:01Z,2026-06-21T20:40:01+0200,c0299f87-b988-4d8b-a611-962c285e5a18,2026-06-03T19:15:00Z,2026-06-03T21:15:00+0200,4.8,EUR/MWh,FR,FR,day_ahead_price,value,2026-06-21T18:40:53Z
2026-06-21T18:40:01Z,2026-06-21T20:40:01+0200,c0299f87-b988-4d8b-a611-962c285e5a18,2026-06-03T19:30:00Z,2026-06-03T21:30:00+0200,16.57,EUR/MWh,FR,FR,day_ahead_price,value,2026-06-21T18:40:53Z
2026-06-21T18:40:01Z,2026-06-21T20:40:01+0200,c0299f87-b988-4d8b-a611-962c285e5a18,2026-06-03T19:45:00Z,2026-06-03T21:45:00+0200,10.07,EUR/MWh,FR,FR,day_ahead_price,value,2026-06-21T18:40:53Z
2026-06-21T18:40:01Z,2026-06-21T20:40:01+0200,c0299f87-b988-4d8b-a611-962c285e5a18,2026-06-03T20:00:00Z,2026-06-03T22:00:00+0200,16.12,EUR/MWh,FR,FR,day_ahead_price,value,2026-06-21T18:40:53Z
2026-06-21T18:40:01Z,2026-06-21T20:40:01+0200,c0299f87-b988-4d8b-a611-962c285e5a18,2026-06-03T20:15:00Z,2026-06-03T22:15:00+0200,6.96,EUR/MWh,FR,FR,day_ahead_price,value,2026-06-21T18:40:53Z
2026-06-21T18:40:01Z,2026-06-21T20:40:01+0200,c0299f87-b988-4d8b-a611-962c285e5a18,2026-06-03T20:30:00Z,2026-06-03T22:30:00+0200,48.45,EUR/MWh,FR,FR,day_ahead_price,value,2026-06-21T18:40:53Z
2026-06-21T18:40:01Z,2026-06-21T20:40:01+0200,c0299f87-b988-4d8b-a611-962c285e5a18,2026-06-03T20:45:00Z,2026-06-03T22:45:00+0200,15.31,EUR/MWh,FR,FR,day_ahead_price,value,2026-06-21T18:40:53Z
2026-06-21T18:40:01Z,2026-06-21T20:40:01+0200,c0299f87-b988-4d8b-a611-962c285e5a18,2026-06-03T21:00:00Z,2026-06-03T23:00:00+0200,20.57,EUR/MWh,FR,FR,day_ahead_price,value,2026-06-21T18:40:53Z
2026-06-21T18:40:01Z,2026-06-21T20:40:01+0200,c0299f87-b988-4d8b-a611-962c285e5a18,2026-06-03T21:15:00Z,2026-06-03T23:15:00+0200,0.0,EUR/MWh,FR,FR,day_ahead_price,value,2026-06-21T18:40:53Z
2026-06-21T18:40:01Z,2026-06-21T20:40:01+0200,c0299f87-b988-4d8b-a611-962c285e5a18,2026-06-03T21:30:00Z,2026-06-03T23:30:00+0200,24.67,EUR/MWh,FR,FR,day_ahead_price,value,2026-06-21T18:40:53Z
2026-06-21T18:40:01Z,2026-06-21T20:40:01+0200,c0299f87-b988-4d8b-a611-962c285e5a18,2026-06-03T21:45:00Z,2026-06-03T23:45:00+0200,0.09,EUR/MWh,FR,FR,day_ahead_price,value,2026-06-21T18:40:53Z
2026-06-21T18:40:01Z,2026-06-21T20:40:01+0200,c0299f87-b988-4d8b-a611-962c285e5a18,2026-06-03T22:00:00Z,2026-06-04T00:00:00+0200,18.26,EUR/MWh,FR,FR,day_ahead_price,value,2026-06-21T18:40:53Z
2026-06-21T18:40:01Z,2026-06-21T20:40:01+0200,c0299f87-b988-4d8b-a611-962c285e5a18,2026-06-03T22:15:00Z,2026-06-04T00:15:00+0200,11.0,EUR/MWh,FR,FR,day_ahead_price,value,2026-06-21T18:40:53Z
2026-06-21T18:40:01Z,2026-06-21T20:40:01+0200,c0299f87-b988-4d8b-a611-962c285e5a18,2026-06-03T22:30:00Z,2026-06-04T00:30:00+0200,4.31,EUR/MWh,FR,FR,day_ahead_price,value,2026-06-21T18:40:53Z
2026-06-21T18:40:01Z,2026-06-21T20:40:01+0200,c0299f87-b988-4d8b-a611-962c285e5a18,2026-06-03T22:45:00Z,2026-06-04T00:45:00+0200,0.0,EUR/MWh,FR,FR,day_ahead_price,value,2026-06-21T18:40:53Z
2026-06-21T18:40:01Z,2026-06-21T20:40:01+0200,c0299f87-b988-4d8b-a611-962c285e5a18,2026-06-03T23:00:00Z,2026-06-04T01:00:00+0200,9.03,EUR/MWh,FR,FR,day_ahead_price,value,2026-06-21T18:40:53Z
2026-06-21T18:40:01Z,2026-06-21T20:40:01+0200,c0299f87-b988-4d8b-a611-962c285e5a18,2026-06-03T23:15:00Z,2026-06-04T01:15:00+0200,2.47,EUR/MWh,FR,FR,day_ahead_price,value,2026-06-21T18:40:53Z
2026-06-21T18:40:01Z,2026-06-21T20:40:01+0200,c0299f87-b988-4d8b-a611-962c285e5a18,2026-06-03T23:30:00Z,2026-06-04T01:30:00+0200,7.71,EUR/MWh,FR,FR,day_ahead_price,value,2026-06-21T18:40:53Z
2026-06-21T18:40:01Z,2026-06-21T20:40:01+0200,c0299f87-b988-4d8b-a611-962c285e5a18,2026-06-03T23:45:00Z,2026-06-04T01:45:00+0200,11.6,EUR/MWh,FR,FR,day_ahead_price,value,2026-06-21T18:40:53Z
2026-06-21T18:40:01Z,2026-06-21T20:40:01+0200,c0299f87-b988-4d8b-a611-962c285e5a18,2026-06-04T00:00:00Z,2026-06-04T02:00:00+0200,4.47,EUR/MWh,FR,FR,day_ahead_price,value,2026-06-21T18:40:53Z
2026-06-21T18:40:01Z,2026-06-21T20:40:01+0200,c0299f87-b988-4d8b-a611-962c285e5a18,2026-06-04T00:15:00Z,2026-06-04T02:15:00+0200,0.61,EUR/MWh,FR,FR,day_ahead_price,value,2026-06-21T18:40:53Z
2026-06-21T18:40:01Z,2026-06-21T20:40:01+0200,c0299f87-b988-4d8b-a611-962c285e5a18,2026-06-04T00:30:00Z,2026-06-04T02:30:00+0200,9.07,EUR/MWh,FR,FR,day_ahead_price,value,2026-06-21T18:40:53Z
2026-06-21T18:40:01Z,2026-06-21T20:40:01+0200,c0299f87-b988-4d8b-a611-962c285e5a18,2026-06-04T00:45:00Z,2026-06-04T02:45:00+0200,0.99,EUR/MWh,FR,FR,day_ahead_price,value,2026-06-21T18:40:53Z
2026-06-21T18:40:01Z,2026-06-21T20:40:01+0200,c0299f87-b988-4d8b-a611-962c285e5a18,2026-06-04T01:00:00Z,2026-06-04T03:00:00+0200,0.0,EUR/MWh,FR,FR,day_ahead_price,value,2026-06-21T18:40:53Z
2026-06-21T18:40:01Z,2026-06-21T20:40:01+0200,c0299f87-b988-4d8b-a611-962c285e5a18,2026-06-04T01:15:00Z,2026-06-04T03:15:00+0200,0.0,EUR/MWh,FR,FR,day_ahead_price,value,2026-06-21T18:40:53Z
2026-06-21T18:40:01Z,2026-06-21T20:40:01+0200,c0299f87-b988-4d8b-a611-962c285e5a18,2026-06-04T01:30:00Z,2026-06-04T03:30:00+0200,0.0,EUR/MWh,FR,FR,day_ahead_price,value,2026-06-21T18:40:53Z
2026-06-21T18:40:01Z,2026-06-21T20:40:01+0200,c0299f87-b988-4d8b-a611-962c285e5a18,2026-06-04T01:45:00Z,2026-06-04T03:45:00+0200,0.0,EUR/MWh,FR,FR,day_ahead_price,value,2026-06-21T18:40:53Z
2026-06-21T18:40:01Z,2026-06-21T20:40:01+0200,c0299f87-b988-4d8b-a611-962c285e5a18,2026-06-04T02:00:00Z,2026-06-04T04:00:00+0200,0.0,EUR/MWh,FR,FR,day_ahead_price,value,2026-06-21T18:40:53Z
2026-06-21T18:40:01Z,2026-06-21T20:40:01+0200,c0299f87-b988-4d8b-a611-962c285e5a18,2026-06-04T02:15:00Z,2026-06-04T04:15:00+0200,0.0,EUR/MWh,FR,FR,day_ahead_price,value,2026-06-21T18:40:53Z
2026-06-21T18:40:01Z,2026-06-21T20:40:01+0200,c0299f87-b988-4d8b-a611-962c285e5a18,2026-06-04T02:30:00Z,2026-06-04T04:30:00+0200,0.0,EUR/MWh,FR,FR,day_ahead_price,value,2026-06-21T18:40:53Z
2026-06-21T18:40:01Z,2026-06-21T20:40:01+0200,c0299f87-b988-4d8b-a611-962c285e5a18,2026-06-04T02:45:00Z,2026-06-04T04:45:00+0200,0.0,EUR/MWh,FR,FR,day_ahead_price,value,2026-06-21T18:40:53Z
2026-06-21T18:40:01Z,2026-06-21T20:40:01+0200,c0299f87-b988-4d8b-a611-962c285e5a18,2026-06-04T03:00:00Z,2026-06-04T05:00:00+0200,0.0,EUR/MWh,FR,FR,day_ahead_price,value,2026-06-21T18:40:53Z
2026-06-21T18:40:01Z,2026-06-21T20:40:01+0200,c0299f87-b988-4d8b-a611-962c285e5a18,2026-06-04T03:15:00Z,2026-06-04T05:15:00+0200,0.0,EUR/MWh,FR,FR,day_ahead_price,value,2026-06-21T18:40:53Z
2026-06-21T18:40:01Z,2026-06-21T20:40:01+0200,c0299f87-b988-4d8b-a611-962c285e5a18,2026-06-04T03:30:00Z,2026-06-04T05:30:00+0200,0.01,EUR/MWh,FR,FR,day_ahead_price,value,2026-06-21T18:40:53Z
2026-06-21T18:40:01Z,2026-06-21T20:40:01+0200,c0299f87-b988-4d8b-a611-962c285e5a18,2026-06-04T03:45:00Z,2026-06-04T05:45:00+0200,0.76,EUR/MWh,FR,FR,day_ahead_price,value,2026-06-21T18:40:53Z
2026-06-21T18:40:01Z,2026-06-21T20:40:01+0200,c0299f87-b988-4d8b-a611-962c285e5a18,2026-06-04T04:00:00Z,2026-06-04T06:00:00+0200,9.29,EUR/MWh,FR,FR,day_ahead_price,value,2026-06-21T18:40:53Z
2026-06-21T18:40:01Z,2026-06-21T20:40:01+0200,c0299f87-b988-4d8b-a611-962c285e5a18,2026-06-04T04:15:00Z,2026-06-04T06:15:00+0200,0.07,EUR/MWh,FR,FR,day_ahead_price,value,2026-06-21T18:40:53Z
2026-06-21T18:40:01Z,2026-06-21T20:40:01+0200,c0299f87-b988-4d8b-a611-962c285e5a18,2026-06-04T04:30:00Z,2026-06-04T06:30:00+0200,4.48,EUR/MWh,FR,FR,day_ahead_price,value,2026-06-21T18:40:53Z
2026-06-21T18:40:01Z,2026-06-21T20:40:01+0200,c0299f87-b988-4d8b-a611-962c285e5a18,2026-06-04T04:45:00Z,2026-06-04T06:45:00+0200,15.41,EUR/MWh,FR,FR,day_ahead_price,value,2026-06-21T18:40:53Z
2026-06-21T18:40:01Z,2026-06-21T20:40:01+0200,c0299f87-b988-4d8b-a611-962c285e5a18,2026-06-04T05:00:00Z,2026-06-04T07:00:00+0200,12.67,EUR/MWh,FR,FR,day_ahead_price,value,2026-06-21T18:40:53Z
2026-06-21T18:40:01Z,2026-06-21T20:40:01+0200,c0299f87-b988-4d8b-a611-962c285e5a18,2026-06-04T05:15:00Z,2026-06-04T07:15:00+0200,10.85,EUR/MWh,FR,FR,day_ahead_price,value,2026-06-21T18:40:53Z
2026-06-21T18:40:01Z,2026-06-21T20:40:01+0200,c0299f87-b988-4d8b-a611-962c285e5a18,2026-06-04T05:30:00Z,2026-06-04T07:30:00+0200,21.59,EUR/MWh,FR,FR,day_ahead_price,value,2026-06-21T18:40:53Z
2026-06-21T18:40:01Z,2026-06-21T20:40:01+0200,c0299f87-b988-4d8b-a611-962c285e5a18,2026-06-04T05:45:00Z,2026-06-04T07:45:00+0200,13.9,EUR/MWh,FR,FR,day_ahead_price,value,2026-06-21T18:40:53Z
2026-06-21T18:40:01Z,2026-06-21T20:40:01+0200,c0299f87-b988-4d8b-a611-962c285e5a18,2026-06-04T06:00:00Z,2026-06-04T08:00:00+0200,37.4,EUR/MWh,FR,FR,day_ahead_price,value,2026-06-21T18:40:53Z
2026-06-21T18:40:01Z,2026-06-21T20:40:01+0200,c0299f87-b988-4d8b-a611-962c285e5a18,2026-06-04T06:15:00Z,2026-06-04T08:15:00+0200,25.8,EUR/MWh,FR,FR,day_ahead_price,value,2026-06-21T18:40:53Z
2026-06-21T18:40:01Z,2026-06-21T20:40:01+0200,c0299f87-b988-4d8b-a611-962c285e5a18,2026-06-04T06:30:00Z,2026-06-04T08:30:00+0200,27.11,EUR/MWh,FR,FR,day_ahead_price,value,2026-06-21T18:40:53Z
2026-06-21T18:40:01Z,2026-06-21T20:40:01+0200,c0299f87-b988-4d8b-a611-962c285e5a18,2026-06-04T06:45:00Z,2026-06-04T08:45:00+0200,33.74,EUR/MWh,FR,FR,day_ahead_price,value,2026-06-21T18:40:53Z
2026-06-21T18:40:01Z,2026-06-21T20:40:01+0200,c0299f87-b988-4d8b-a611-962c285e5a18,2026-06-04T07:00:00Z,2026-06-04T09:00:00+0200,36.5,EUR/MWh,FR,FR,day_ahead_price,value,2026-06-21T18:40:53Z
2026-06-21T18:40:01Z,2026-06-21T20:40:01+0200,c0299f87-b988-4d8b-a611-962c285e5a18,2026-06-04T07:15:00Z,2026-06-04T09:15:00+0200,15.86,EUR/MWh,FR,FR,day_ahead_price,value,2026-06-21T18:40:53Z
2026-06-21T18:40:01Z,2026-06-21T20:40:01+0200,c0299f87-b988-4d8b-a611-962c285e5a18,2026-06-04T07:30:00Z,2026-06-04T09:30:00+0200,2.5,EUR/MWh,FR,FR,day_ahead_price,value,2026-06-21T18:40:53Z
2026-06-21T18:40:01Z,2026-06-21T20:40:01+0200,c0299f87-b988-4d8b-a611-962c285e5a18,2026-06-04T07:45:00Z,2026-06-04T09:45:00+0200,0.51,EUR/MWh,FR,FR,day_ahead_price,value,2026-06-21T18:40:53Z
2026-06-21T18:40:01Z,2026-06-21T20:40:01+0200,c0299f87-b988-4d8b-a611-962c285e5a18,2026-06-04T08:00:00Z,2026-06-04T10:00:00+0200,0.51,EUR/MWh,FR,FR,day_ahead_price,value,2026-06-21T18:40:53Z
2026-06-21T18:40:01Z,2026-06-21T20:40:01+0200,c0299f87-b988-4d8b-a611-962c285e5a18,2026-06-04T08:15:00Z,2026-06-04T10:15:00+0200,0.0,EUR/MWh,FR,FR,day_ahead_price,value,2026-06-21T18:40:53Z
2026-06-21T18:40:01Z,2026-06-21T20:40:01+0200,c0299f87-b988-4d8b-a611-962c285e5a18,2026-06-04T08:30:00Z,2026-06-04T10:30:00+0200,0.0,EUR/MWh,FR,FR,day_ahead_price,value,2026-06-21T18:40:53Z
2026-06-21T18:40:01Z,2026-06-21T20:40:01+0200,c0299f87-b988-4d8b-a611-962c285e5a18,2026-06-04T08:45:00Z,2026-06-04T10:45:00+0200,0.0,EUR/MWh,FR,FR,day_ahead_price,value,2026-06-21T18:40:53Z
2026-06-21T18:40:01Z,2026-06-21T20:40:01+0200,c0299f87-b988-4d8b-a611-962c285e5a18,2026-06-04T09:00:00Z,2026-06-04T11:00:00+0200,0.0,EUR/MWh,FR,FR,day_ahead_price,value,2026-06-21T18:40:53Z
2026-06-21T18:40:01Z,2026-06-21T20:40:01+0200,c0299f87-b988-4d8b-a611-962c285e5a18,2026-06-04T09:15:00Z,2026-06-04T11:15:00+0200,0.0,EUR/MWh,FR,FR,day_ahead_price,value,2026-06-21T18:40:53Z
2026-06-21T18:40:01Z,2026-06-21T20:40:01+0200,c0299f87-b988-4d8b-a611-962c285e5a18,2026-06-04T09:30:00Z,2026-06-04T11:30:00+0200,0.0,EUR/MWh,FR,FR,day_ahead_price,value,2026-06-21T18:40:53Z
2026-06-21T18:40:01Z,2026-06-21T20:40:01+0200,c0299f87-b988-4d8b-a611-962c285e5a18,2026-06-04T09:45:00Z,2026-06-04T11:45:00+0200,-0.01,EUR/MWh,FR,FR,day_ahead_price,value,2026-06-21T18:40:53Z
2026-06-21T18:40:01Z,2026-06-21T20:40:01+0200,c0299f87-b988-4d8b-a611-962c285e5a18,2026-06-04T10:00:00Z,2026-06-04T12:00:00+0200,0.0,EUR/MWh,FR,FR,day_ahead_price,value,2026-06-21T18:40:53Z
2026-06-21T18:40:01Z,2026-06-21T20:40:01+0200,c0299f87-b988-4d8b-a611-962c285e5a18,2026-06-04T10:15:00Z,2026-06-04T12:15:00+0200,0.0,EUR/MWh,FR,FR,day_ahead_price,value,2026-06-21T18:40:53Z
2026-06-21T18:40:01Z,2026-06-21T20:40:01+0200,c0299f87-b988-4d8b-a611-962c285e5a18,2026-06-04T10:30:00Z,2026-06-04T12:30:00+0200,0.0,EUR/MWh,FR,FR,day_ahead_price,value,2026-06-21T18:40:53Z
2026-06-21T18:40:01Z,2026-06-21T20:40:01+0200,c0299f87-b988-4d8b-a611-962c285e5a18,2026-06-04T10:45:00Z,2026-06-04T12:45:00+0200,-0.01,EUR/MWh,FR,FR,day_ahead_price,value,2026-06-21T18:40:53Z
2026-06-21T18:40:01Z,2026-06-21T20:40:01+0200,c0299f87-b988-4d8b-a611-962c285e5a18,2026-06-04T11:00:00Z,2026-06-04T13:00:00+0200,-0.01,EUR/MWh,FR,FR,day_ahead_price,value,2026-06-21T18:40:53Z
2026-06-21T18:40:01Z,2026-06-21T20:40:01+0200,c0299f87-b988-4d8b-a611-962c285e5a18,2026-06-04T11:15:00Z,2026-06-04T13:15:00+0200,-0.01,EUR/MWh,FR,FR,day_ahead_price,value,2026-06-21T18:40:53Z
2026-06-21T18:40:01Z,2026-06-21T20:40:01+0200,c0299f87-b988-4d8b-a611-962c285e5a18,2026-06-04T11:30:00Z,2026-06-04T13:30:00+0200,-0.01,EUR/MWh,FR,FR,day_ahead_price,value,2026-06-21T18:40:53Z
2026-06-21T18:40:01Z,2026-06-21T20:40:01+0200,c0299f87-b988-4d8b-a611-962c285e5a18,2026-06-04T11:45:00Z,2026-06-04T13:45:00+0200,-0.01,EUR/MWh,FR,FR,day_ahead_price,value,2026-06-21T18:40:53Z
2026-06-21T18:40:01Z,2026-06-21T20:40:01+0200,c0299f87-b988-4d8b-a611-962c285e5a18,2026-06-04T12:00:00Z,2026-06-04T14:00:00+0200,-0.01,EUR/MWh,FR,FR,day_ahead_price,value,2026-06-21T18:40:53Z
2026-06-21T18:40:01Z,2026-06-21T20:40:01+0200,c0299f87-b988-4d8b-a611-962c285e5a18,2026-06-04T12:15:00Z,2026-06-04T14:15:00+0200,-0.01,EUR/MWh,FR,FR,day_ahead_price,value,2026-06-21T18:40:53Z
2026-06-21T18:40:01Z,2026-06-21T20:40:01+0200,c0299f87-b988-4d8b-a611-962c285e5a18,2026-06-04T12:30:00Z,2026-06-04T14:30:00+0200,-0.01,EUR/MWh,FR,FR,day_ahead_price,value,2026-06-21T18:40:53Z
2026-06-21T18:40:01Z,2026-06-21T20:40:01+0200,c0299f87-b988-4d8b-a611-962c285e5a18,2026-06-04T12:45:00Z,2026-06-04T14:45:00+0200,-0.01,EUR/MWh,FR,FR,day_ahead_price,value,2026-06-21T18:40:53Z
2026-06-21T18:40:01Z,2026-06-21T20:40:01+0200,c0299f87-b988-4d8b-a611-962c285e5a18,2026-06-04T13:00:00Z,2026-06-04T15:00:00+0200,-0.01,EUR/MWh,FR,FR,day_ahead_price,value,2026-06-21T18:40:53Z
2026-06-21T18:40:01Z,2026-06-21T20:40:01+0200,c0299f87-b988-4d8b-a611-962c285e5a18,2026-06-04T13:15:00Z,2026-06-04T15:15:00+0200,-0.01,EUR/MWh,FR,FR,day_ahead_price,value,2026-06-21T18:40:53Z
2026-06-21T18:40:01Z,2026-06-21T20:40:01+0200,c0299f87-b988-4d8b-a611-962c285e5a18,2026-06-04T13:30:00Z,2026-06-04T15:30:00+0200,-0.01,EUR/MWh,FR,FR,day_ahead_price,value,2026-06-21T18:40:53Z
2026-06-21T18:40:01Z,2026-06-21T20:40:01+0200,c0299f87-b988-4d8b-a611-962c285e5a18,2026-06-04T13:45:00Z,2026-06-04T15:45:00+0200,-0.01,EUR/MWh,FR,FR,day_ahead_price,value,2026-06-21T18:40:53Z
2026-06-21T18:40:01Z,2026-06-21T20:40:01+0200,c0299f87-b988-4d8b-a611-962c285e5a18,2026-06-04T14:00:00Z,2026-06-04T16:00:00+0200,-0.01,EUR/MWh,FR,FR,day_ahead_price,value,2026-06-21T18:40:53Z
2026-06-21T18:40:01Z,2026-06-21T20:40:01+0200,c0299f87-b988-4d8b-a611-962c285e5a18,2026-06-04T14:15:00Z,2026-06-04T16:15:00+0200,-0.01,EUR/MWh,FR,FR,day_ahead_price,value,2026-06-21T18:40:53Z
2026-06-21T18:40:01Z,2026-06-21T20:40:01+0200,c0299f87-b988-4d8b-a611-962c285e5a18,2026-06-04T14:30:00Z,2026-06-04T16:30:00+0200,-0.02,EUR/MWh,FR,FR,day_ahead_price,value,2026-06-21T18:40:53Z
2026-06-21T18:40:01Z,2026-06-21T20:40:01+0200,c0299f87-b988-4d8b-a611-962c285e5a18,2026-06-04T14:45:00Z,2026-06-04T16:45:00+0200,-0.02,EUR/MWh,FR,FR,day_ahead_price,value,2026-06-21T18:40:53Z
2026-06-21T18:40:01Z,2026-06-21T20:40:01+0200,c0299f87-b988-4d8b-a611-962c285e5a18,2026-06-04T15:00:00Z,2026-06-04T17:00:00+0200,-0.01,EUR/MWh,FR,FR,day_ahead_price,value,2026-06-21T18:40:53Z
2026-06-21T18:40:01Z,2026-06-21T20:40:01+0200,c0299f87-b988-4d8b-a611-962c285e5a18,2026-06-04T15:15:00Z,2026-06-04T17:15:00+0200,-0.01,EUR/MWh,FR,FR,day_ahead_price,value,2026-06-21T18:40:53Z
2026-06-21T18:40:01Z,2026-06-21T20:40:01+0200,c0299f87-b988-4d8b-a611-962c285e5a18,2026-06-04T15:30:00Z,2026-06-04T17:30:00+0200,-0.01,EUR/MWh,FR,FR,day_ahead_price,value,2026-06-21T18:40:53Z
2026-06-21T18:40:01Z,2026-06-21T20:40:01+0200,c0299f87-b988-4d8b-a611-962c285e5a18,2026-06-04T15:45:00Z,2026-06-04T17:45:00+0200,-0.01,EUR/MWh,FR,FR,day_ahead_price,value,2026-06-21T18:40:53Z
2026-06-21T18:40:01Z,2026-06-21T20:40:01+0200,c0299f87-b988-4d8b-a611-962c285e5a18,2026-06-04T16:00:00Z,2026-06-04T18:00:00+0200,-0.01,EUR/MWh,FR,FR,day_ahead_price,value,2026-06-21T18:40:53Z
2026-06-21T18:40:01Z,2026-06-21T20:40:01+0200,c0299f87-b988-4d8b-a611-962c285e5a18,2026-06-04T16:15:00Z,2026-06-04T18:15:00+0200,0.0,EUR/MWh,FR,FR,day_ahead_price,value,2026-06-21T18:40:53Z
2026-06-21T18:40:01Z,2026-06-21T20:40:01+0200,c0299f87-b988-4d8b-a611-962c285e5a18,2026-06-04T16:30:00Z,2026-06-04T18:30:00+0200,0.0,EUR/MWh,FR,FR,day_ahead_price,value,2026-06-21T18:40:53Z
2026-06-21T18:40:01Z,2026-06-21T20:40:01+0200,c0299f87-b988-4d8b-a611-962c285e5a18,2026-06-04T16:45:00Z,2026-06-04T18:45:00+0200,0.51,EUR/MWh,FR,FR,day_ahead_price,value,2026-06-21T18:40:53Z
2026-06-21T18:40:01Z,2026-06-21T20:40:01+0200,c0299f87-b988-4d8b-a611-962c285e5a18,2026-06-04T17:00:00Z,2026-06-04T19:00:00+0200,3.32,EUR/MWh,FR,FR,day_ahead_price,value,2026-06-21T18:40:53Z
2026-06-21T18:40:01Z,2026-06-21T20:40:01+0200,c0299f87-b988-4d8b-a611-962c285e5a18,2026-06-04T17:15:00Z,2026-06-04T19:15:00+0200,0.95,EUR/MWh,FR,FR,day_ahead_price,value,2026-06-21T18:40:53Z
2026-06-21T18:40:01Z,2026-06-21T20:40:01+0200,c0299f87-b988-4d8b-a611-962c285e5a18,2026-06-04T17:30:00Z,2026-06-04T19:30:00+0200,1.01,EUR/MWh,FR,FR,day_ahead_price,value,2026-06-21T18:40:53Z
2026-06-21T18:40:01Z,2026-06-21T20:40:01+0200,c0299f87-b988-4d8b-a611-962c285e5a18,2026-06-04T17:45:00Z,2026-06-04T19:45:00+0200,6.0,EUR/MWh,FR,FR,day_ahead_price,value,2026-06-21T18:40:53Z
2026-06-21T18:40:01Z,2026-06-21T20:40:01+0200,c0299f87-b988-4d8b-a611-962c285e5a18,2026-06-04T18:00:00Z,2026-06-04T20:00:00+0200,5.0,EUR/MWh,FR,FR,day_ahead_price,value,2026-06-21T18:40:53Z
2026-06-21T18:40:01Z,2026-06-21T20:40:01+0200,c0299f87-b988-4d8b-a611-962c285e5a18,2026-06-04T18:15:00Z,2026-06-04T20:15:00+0200,20.44,EUR/MWh,FR,FR,day_ahead_price,value,2026-06-21T18:40:53Z
2026-06-21T18:40:01Z,2026-06-21T20:40:01+0200,c0299f87-b988-4d8b-a611-962c285e5a18,2026-06-04T18:30:00Z,2026-06-04T20:30:00+0200,7.12,EUR/MWh,FR,FR,day_ahead_price,value,2026-06-21T18:40:53Z
2026-06-21T18:40:01Z,2026-06-21T20:40:01+0200,c0299f87-b988-4d8b-a611-962c285e5a18,2026-06-04T18:45:00Z,2026-06-04T20:45:00+0200,19.74,EUR/MWh,FR,FR,day_ahead_price,value,2026-06-21T18:40:53Z
2026-06-21T18:40:01Z,2026-06-21T20:40:01+0200,c0299f87-b988-4d8b-a611-962c285e5a18,2026-06-04T19:00:00Z,2026-06-04T21:00:00+0200,11.07,EUR/MWh,FR,FR,day_ahead_price,value,2026-06-21T18:40:53Z
2026-06-21T18:40:01Z,2026-06-21T20:40:01+0200,c0299f87-b988-4d8b-a611-962c285e5a18,2026-06-04T19:15:00Z,2026-06-04T21:15:00+0200,12.57,EUR/MWh,FR,FR,day_ahead_price,value,2026-06-21T18:40:53Z
2026-06-21T18:40:01Z,2026-06-21T20:40:01+0200,c0299f87-b988-4d8b-a611-962c285e5a18,2026-06-04T19:30:00Z,2026-06-04T21:30:00+0200,14.3,EUR/MWh,FR,FR,day_ahead_price,value,2026-06-21T18:40:53Z
2026-06-21T18:40:01Z,2026-06-21T20:40:01+0200,c0299f87-b988-4d8b-a611-962c285e5a18,2026-06-04T19:45:00Z,2026-06-04T21:45:00+0200,13.46,EUR/MWh,FR,FR,day_ahead_price,value,2026-06-21T18:40:53Z
2026-06-21T18:40:01Z,2026-06-21T20:40:01+0200,c0299f87-b988-4d8b-a611-962c285e5a18,2026-06-04T20:00:00Z,2026-06-04T22:00:00+0200,25.46,EUR/MWh,FR,FR,day_ahead_price,value,2026-06-21T18:40:53Z
2026-06-21T18:40:01Z,2026-06-21T20:40:01+0200,c0299f87-b988-4d8b-a611-962c285e5a18,2026-06-04T20:15:00Z,2026-06-04T22:15:00+0200,16.96,EUR/MWh,FR,FR,day_ahead_price,value,2026-06-21T18:40:53Z
2026-06-21T18:40:01Z,2026-06-21T20:40:01+0200,c0299f87-b988-4d8b-a611-962c285e5a18,2026-06-04T20:30:00Z,2026-06-04T22:30:00+0200,50.88,EUR/MWh,FR,FR,day_ahead_price,value,2026-06-21T18:40:53Z
2026-06-21T18:40:01Z,2026-06-21T20:40:01+0200,c0299f87-b988-4d8b-a611-962c285e5a18,2026-06-04T20:45:00Z,2026-06-04T22:45:00+0200,39.31,EUR/MWh,FR,FR,day_ahead_price,value,2026-06-21T18:40:53Z
2026-06-21T18:40:01Z,2026-06-21T20:40:01+0200,c0299f87-b988-4d8b-a611-962c285e5a18,2026-06-04T21:00:00Z,2026-06-04T23:00:00+0200,27.53,EUR/MWh,FR,FR,day_ahead_price,value,2026-06-21T18:40:53Z
2026-06-21T18:40:01Z,2026-06-21T20:40:01+0200,c0299f87-b988-4d8b-a611-962c285e5a18,2026-06-04T21:15:00Z,2026-06-04T23:15:00+0200,18.0,EUR/MWh,FR,FR,day_ahead_price,value,2026-06-21T18:40:53Z
2026-06-21T18:40:01Z,2026-06-21T20:40:01+0200,c0299f87-b988-4d8b-a611-962c285e5a18,2026-06-04T21:30:00Z,2026-06-04T23:30:00+0200,56.32,EUR/MWh,FR,FR,day_ahead_price,value,2026-06-21T18:40:53Z
2026-06-21T18:40:01Z,2026-06-21T20:40:01+0200,c0299f87-b988-4d8b-a611-962c285e5a18,2026-06-04T21:45:00Z,2026-06-04T23:45:00+0200,82.5,EUR/MWh,FR,FR,day_ahead_price,value,2026-06-21T18:40:53Z
2026-06-21T18:40:01Z,2026-06-21T20:40:01+0200,c0299f87-b988-4d8b-a611-962c285e5a18,2026-06-04T22:00:00Z,2026-06-05T00:00:00+0200,13.8,EUR/MWh,FR,FR,day_ahead_price,value,2026-06-21T18:40:53Z
2026-06-21T18:40:01Z,2026-06-21T20:40:01+0200,c0299f87-b988-4d8b-a611-962c285e5a18,2026-06-04T22:15:00Z,2026-06-05T00:15:00+0200,16.32,EUR/MWh,FR,FR,day_ahead_price,value,2026-06-21T18:40:53Z
2026-06-21T18:40:01Z,2026-06-21T20:40:01+0200,c0299f87-b988-4d8b-a611-962c285e5a18,2026-06-04T22:30:00Z,2026-06-05T00:30:00+0200,26.22,EUR/MWh,FR,FR,day_ahead_price,value,2026-06-21T18:40:53Z
2026-06-21T18:40:01Z,2026-06-21T20:40:01+0200,c0299f87-b988-4d8b-a611-962c285e5a18,2026-06-04T22:45:00Z,2026-06-05T00:45:00+0200,0.06,EUR/MWh,FR,FR,day_ahead_price,value,2026-06-21T18:40:53Z
2026-06-21T18:40:01Z,2026-06-21T20:40:01+0200,c0299f87-b988-4d8b-a611-962c285e5a18,2026-06-04T23:00:00Z,2026-06-05T01:00:00+0200,34.23,EUR/MWh,FR,FR,day_ahead_price,value,2026-06-21T18:40:53Z
2026-06-21T18:40:01Z,2026-06-21T20:40:01+0200,c0299f87-b988-4d8b-a611-962c285e5a18,2026-06-04T23:15:00Z,2026-06-05T01:15:00+0200,23.99,EUR/MWh,FR,FR,day_ahead_price,value,2026-06-21T18:40:53Z
2026-06-21T18:40:01Z,2026-06-21T20:40:01+0200,c0299f87-b988-4d8b-a611-962c285e5a18,2026-06-04T23:30:00Z,2026-06-05T01:30:00+0200,29.37,EUR/MWh,FR,FR,day_ahead_price,value,2026-06-21T18:40:53Z
2026-06-21T18:40:01Z,2026-06-21T20:40:01+0200,c0299f87-b988-4d8b-a611-962c285e5a18,2026-06-04T23:45:00Z,2026-06-05T01:45:00+0200,8.85,EUR/MWh,FR,FR,day_ahead_price,value,2026-06-21T18:40:53Z
2026-06-21T18:40:01Z,2026-06-21T20:40:01+0200,c0299f87-b988-4d8b-a611-962c285e5a18,2026-06-05T00:00:00Z,2026-06-05T02:00:00+0200,11.51,EUR/MWh,FR,FR,day_ahead_price,value,2026-06-21T18:40:53Z
2026-06-21T18:40:01Z,2026-06-21T20:40:01+0200,c0299f87-b988-4d8b-a611-962c285e5a18,2026-06-05T00:15:00Z,2026-06-05T02:15:00+0200,4.72,EUR/MWh,FR,FR,day_ahead_price,value,2026-06-21T18:40:53Z
2026-06-21T18:40:01Z,2026-06-21T20:40:01+0200,c0299f87-b988-4d8b-a611-962c285e5a18,2026-06-05T00:30:00Z,2026-06-05T02:30:00+0200,21.25,EUR/MWh,FR,FR,day_ahead_price,value,2026-06-21T18:40:53Z
2026-06-21T18:40:01Z,2026-06-21T20:40:01+0200,c0299f87-b988-4d8b-a611-962c285e5a18,2026-06-05T00:45:00Z,2026-06-05T02:45:00+0200,5.31,EUR/MWh,FR,FR,day_ahead_price,value,2026-06-21T18:40:53Z
2026-06-21T18:40:01Z,2026-06-21T20:40:01+0200,c0299f87-b988-4d8b-a611-962c285e5a18,2026-06-05T01:00:00Z,2026-06-05T03:00:00+0200,8.18,EUR/MWh,FR,FR,day_ahead_price,value,2026-06-21T18:40:53Z
2026-06-21T18:40:01Z,2026-06-21T20:40:01+0200,c0299f87-b988-4d8b-a611-962c285e5a18,2026-06-05T01:15:00Z,2026-06-05T03:15:00+0200,2.82,EUR/MWh,FR,FR,day_ahead_price,value,2026-06-21T18:40:53Z
2026-06-21T18:40:01Z,2026-06-21T20:40:01+0200,c0299f87-b988-4d8b-a611-962c285e5a18,2026-06-05T01:30:00Z,2026-06-05T03:30:00+0200,11.46,EUR/MWh,FR,FR,day_ahead_price,value,2026-06-21T18:40:53Z
2026-06-21T18:40:01Z,2026-06-21T20:40:01+0200,c0299f87-b988-4d8b-a611-962c285e5a18,2026-06-05T01:45:00Z,2026-06-05T03:45:00+0200,0.28,EUR/MWh,FR,FR,day_ahead_price,value,2026-06-21T18:40:53Z
2026-06-21T18:40:01Z,2026-06-21T20:40:01+0200,c0299f87-b988-4d8b-a611-962c285e5a18,2026-06-05T02:00:00Z,2026-06-05T04:00:00+0200,0.0,EUR/MWh,FR,FR,day_ahead_price,value,2026-06-21T18:40:53Z
2026-06-21T18:40:01Z,2026-06-21T20:40:01+0200,c0299f87-b988-4d8b-a611-962c285e5a18,2026-06-05T02:15:00Z,2026-06-05T04:15:00+0200,0.0,EUR/MWh,FR,FR,day_ahead_price,value,2026-06-21T18:40:53Z
2026-06-21T18:40:01Z,2026-06-21T20:40:01+0200,c0299f87-b988-4d8b-a611-962c285e5a18,2026-06-05T02:30:00Z,2026-06-05T04:30:00+0200,0.0,EUR/MWh,FR,FR,day_ahead_price,value,2026-06-21T18:40:53Z
2026-06-21T18:40:01Z,2026-06-21T20:40:01+0200,c0299f87-b988-4d8b-a611-962c285e5a18,2026-06-05T02:45:00Z,2026-06-05T04:45:00+0200,0.0,EUR/MWh,FR,FR,day_ahead_price,value,2026-06-21T18:40:53Z
2026-06-21T18:40:01Z,2026-06-21T20:40:01+0200,c0299f87-b988-4d8b-a611-962c285e5a18,2026-06-05T03:00:00Z,2026-06-05T05:00:00+0200,8.12,EUR/MWh,FR,FR,day_ahead_price,value,2026-06-21T18:40:53Z
2026-06-21T18:40:01Z,2026-06-21T20:40:01+0200,c0299f87-b988-4d8b-a611-962c285e5a18,2026-06-05T03:15:00Z,2026-06-05T05:15:00+0200,3.26,EUR/MWh,FR,FR,day_ahead_price,value,2026-06-21T18:40:53Z
2026-06-21T18:40:01Z,2026-06-21T20:40:01+0200,c0299f87-b988-4d8b-a611-962c285e5a18,2026-06-05T03:30:00Z,2026-06-05T05:30:00+0200,13.92,EUR/MWh,FR,FR,day_ahead_price,value,2026-06-21T18:40:53Z
2026-06-21T18:40:01Z,2026-06-21T20:40:01+0200,c0299f87-b988-4d8b-a611-962c285e5a18,2026-06-05T03:45:00Z,2026-06-05T05:45:00+0200,14.6,EUR/MWh,FR,FR,day_ahead_price,value,2026-06-21T18:40:53Z
2026-06-21T18:40:01Z,2026-06-21T20:40:01+0200,c0299f87-b988-4d8b-a611-962c285e5a18,2026-06-05T04:00:00Z,2026-06-05T06:00:00+0200,44.06,EUR/MWh,FR,FR,day_ahead_price,value,2026-06-21T18:40:53Z
2026-06-21T18:40:01Z,2026-06-21T20:40:01+0200,c0299f87-b988-4d8b-a611-962c285e5a18,2026-06-05T04:15:00Z,2026-06-05T06:15:00+0200,15.92,EUR/MWh,FR,FR,day_ahead_price,value,2026-06-21T18:40:53Z
2026-06-21T18:40:01Z,2026-06-21T20:40:01+0200,c0299f87-b988-4d8b-a611-962c285e5a18,2026-06-05T04:30:00Z,2026-06-05T06:30:00+0200,9.51,EUR/MWh,FR,FR,day_ahead_price,value,2026-06-21T18:40:53Z
2026-06-21T18:40:01Z,2026-06-21T20:40:01+0200,c0299f87-b988-4d8b-a611-962c285e5a18,2026-06-05T04:45:00Z,2026-06-05T06:45:00+0200,14.81,EUR/MWh,FR,FR,day_ahead_price,value,2026-06-21T18:40:53Z
2026-06-21T18:40:01Z,2026-06-21T20:40:01+0200,c0299f87-b988-4d8b-a611-962c285e5a18,2026-06-05T05:00:00Z,2026-06-05T07:00:00+0200,19.29,EUR/MWh,FR,FR,day_ahead_price,value,2026-06-21T18:40:53Z
2026-06-21T18:40:01Z,2026-06-21T20:40:01+0200,c0299f87-b988-4d8b-a611-962c285e5a18,2026-06-05T05:15:00Z,2026-06-05T07:15:00+0200,36.34,EUR/MWh,FR,FR,day_ahead_price,value,2026-06-21T18:40:53Z
2026-06-21T18:40:01Z,2026-06-21T20:40:01+0200,c0299f87-b988-4d8b-a611-962c285e5a18,2026-06-05T05:30:00Z,2026-06-05T07:30:00+0200,64.0,EUR/MWh,FR,FR,day_ahead_price,value,2026-06-21T18:40:53Z
2026-06-21T18:40:01Z,2026-06-21T20:40:01+0200,c0299f87-b988-4d8b-a611-962c285e5a18,2026-06-05T05:45:00Z,2026-06-05T07:45:00+0200,51.88,EUR/MWh,FR,FR,day_ahead_price,value,2026-06-21T18:40:53Z
2026-06-21T18:40:01Z,2026-06-21T20:40:01+0200,c0299f87-b988-4d8b-a611-962c285e5a18,2026-06-05T06:00:00Z,2026-06-05T08:00:00+0200,90.06,EUR/MWh,FR,FR,day_ahead_price,value,2026-06-21T18:40:53Z
2026-06-21T18:40:01Z,2026-06-21T20:40:01+0200,c0299f87-b988-4d8b-a611-962c285e5a18,2026-06-05T06:15:00Z,2026-06-05T08:15:00+0200,70.39,EUR/MWh,FR,FR,day_ahead_price,value,2026-06-21T18:40:53Z
2026-06-21T18:40:01Z,2026-06-21T20:40:01+0200,c0299f87-b988-4d8b-a611-962c285e5a18,2026-06-05T06:30:00Z,2026-06-05T08:30:00+0200,53.25,EUR/MWh,FR,FR,day_ahead_price,value,2026-06-21T18:40:53Z
2026-06-21T18:40:01Z,2026-06-21T20:40:01+0200,c0299f87-b988-4d8b-a611-962c285e5a18,2026-06-05T06:45:00Z,2026-06-05T08:45:00+0200,15.0,EUR/MWh,FR,FR,day_ahead_price,value,2026-06-21T18:40:53Z
2026-06-21T18:40:01Z,2026-06-21T20:40:01+0200,c0299f87-b988-4d8b-a611-962c285e5a18,2026-06-05T07:00:00Z,2026-06-05T09:00:00+0200,38.66,EUR/MWh,FR,FR,day_ahead_price,value,2026-06-21T18:40:53Z
2026-06-21T18:40:01Z,2026-06-21T20:40:01+0200,c0299f87-b988-4d8b-a611-962c285e5a18,2026-06-05T07:15:00Z,2026-06-05T09:15:00+0200,26.0,EUR/MWh,FR,FR,day_ahead_price,value,2026-06-21T18:40:53Z
2026-06-21T18:40:01Z,2026-06-21T20:40:01+0200,c0299f87-b988-4d8b-a611-962c285e5a18,2026-06-05T07:30:00Z,2026-06-05T09:30:00+0200,10.5,EUR/MWh,FR,FR,day_ahead_price,value,2026-06-21T18:40:53Z
2026-06-21T18:40:01Z,2026-06-21T20:40:01+0200,c0299f87-b988-4d8b-a611-962c285e5a18,2026-06-05T07:45:00Z,2026-06-05T09:45:00+0200,3.01,EUR/MWh,FR,FR,day_ahead_price,value,2026-06-21T18:40:53Z
2026-06-21T18:40:01Z,2026-06-21T20:40:01+0200,c0299f87-b988-4d8b-a611-962c285e5a18,2026-06-05T08:00:00Z,2026-06-05T10:00:00+0200,5.73,EUR/MWh,FR,FR,day_ahead_price,value,2026-06-21T18:40:53Z
2026-06-21T18:40:01Z,2026-06-21T20:40:01+0200,c0299f87-b988-4d8b-a611-962c285e5a18,2026-06-05T08:15:00Z,2026-06-05T10:15:00+0200,2.5,EUR/MWh,FR,FR,day_ahead_price,value,2026-06-21T18:40:53Z
2026-06-21T18:40:01Z,2026-06-21T20:40:01+0200,c0299f87-b988-4d8b-a611-962c285e5a18,2026-06-05T08:30:00Z,2026-06-05T10:30:00+0200,2.99,EUR/MWh,FR,FR,day_ahead_price,value,2026-06-21T18:40:53Z
2026-06-21T18:40:01Z,2026-06-21T20:40:01+0200,c0299f87-b988-4d8b-a611-962c285e5a18,2026-06-05T08:45:00Z,2026-06-05T10:45:00+0200,1.95,EUR/MWh,FR,FR,day_ahead_price,value,2026-06-21T18:40:53Z
2026-06-21T18:40:01Z,2026-06-21T20:40:01+0200,c0299f87-b988-4d8b-a611-962c285e5a18,2026-06-05T09:00:00Z,2026-06-05T11:00:00+0200,0.84,EUR/MWh,FR,FR,day_ahead_price,value,2026-06-21T18:40:53Z
2026-06-21T18:40:01Z,2026-06-21T20:40:01+0200,c0299f87-b988-4d8b-a611-962c285e5a18,2026-06-05T09:15:00Z,2026-06-05T11:15:00+0200,0.61,EUR/MWh,FR,FR,day_ahead_price,value,2026-06-21T18:40:53Z
2026-06-21T18:40:01Z,2026-06-21T20:40:01+0200,c0299f87-b988-4d8b-a611-962c285e5a18,2026-06-05T09:30:00Z,2026-06-05T11:30:00+0200,0.51,EUR/MWh,FR,FR,day_ahead_price,value,2026-06-21T18:40:53Z
2026-06-21T18:40:01Z,2026-06-21T20:40:01+0200,c0299f87-b988-4d8b-a611-962c285e5a18,2026-06-05T09:45:00Z,2026-06-05T11:45:00+0200,0.51,EUR/MWh,FR,FR,day_ahead_price,value,2026-06-21T18:40:53Z
2026-06-21T18:40:01Z,2026-06-21T20:40:01+0200,c0299f87-b988-4d8b-a611-962c285e5a18,2026-06-05T10:00:00Z,2026-06-05T12:00:00+0200,1.95,EUR/MWh,FR,FR,day_ahead_price,value,2026-06-21T18:40:53Z
2026-06-21T18:40:01Z,2026-06-21T20:40:01+0200,c0299f87-b988-4d8b-a611-962c285e5a18,2026-06-05T10:15:00Z,2026-06-05T12:15:00+0200,2.09,EUR/MWh,FR,FR,day_ahead_price,value,2026-06-21T18:40:53Z
2026-06-21T18:40:01Z,2026-06-21T20:40:01+0200,c0299f87-b988-4d8b-a611-962c285e5a18,2026-06-05T10:30:00Z,2026-06-05T12:30:00+0200,2.2,EUR/MWh,FR,FR,day_ahead_price,value,2026-06-21T18:40:53Z
2026-06-21T18:40:01Z,2026-06-21T20:40:01+0200,c0299f87-b988-4d8b-a611-962c285e5a18,2026-06-05T10:45:00Z,2026-06-05T12:45:00+0200,2.09,EUR/MWh,FR,FR,day_ahead_price,value,2026-06-21T18:40:53Z
2026-06-21T18:40:01Z,2026-06-21T20:40:01+0200,c0299f87-b988-4d8b-a611-962c285e5a18,2026-06-05T11:00:00Z,2026-06-05T13:00:00+0200,1.75,EUR/MWh,FR,FR,day_ahead_price,value,2026-06-21T18:40:53Z
2026-06-21T18:40:01Z,2026-06-21T20:40:01+0200,c0299f87-b988-4d8b-a611-962c285e5a18,2026-06-05T11:15:00Z,2026-06-05T13:15:00+0200,1.09,EUR/MWh,FR,FR,day_ahead_price,value,2026-06-21T18:40:53Z
2026-06-21T18:40:01Z,2026-06-21T20:40:01+0200,c0299f87-b988-4d8b-a611-962c285e5a18,2026-06-05T11:30:00Z,2026-06-05T13:30:00+0200,1.0,EUR/MWh,FR,FR,day_ahead_price,value,2026-06-21T18:40:53Z
2026-06-21T18:40:01Z,2026-06-21T20:40:01+0200,c0299f87-b988-4d8b-a611-962c285e5a18,2026-06-05T11:45:00Z,2026-06-05T13:45:00+0200,0.95,EUR/MWh,FR,FR,day_ahead_price,value,2026-06-21T18:40:53Z
2026-06-21T18:40:01Z,2026-06-21T20:40:01+0200,c0299f87-b988-4d8b-a611-962c285e5a18,2026-06-05T12:00:00Z,2026-06-05T14:00:00+0200,1.2,EUR/MWh,FR,FR,day_ahead_price,value,2026-06-21T18:40:53Z
2026-06-21T18:40:01Z,2026-06-21T20:40:01+0200,c0299f87-b988-4d8b-a611-962c285e5a18,2026-06-05T12:15:00Z,2026-06-05T14:15:00+0200,1.0,EUR/MWh,FR,FR,day_ahead_price,value,2026-06-21T18:40:53Z
2026-06-21T18:40:01Z,2026-06-21T20:40:01+0200,c0299f87-b988-4d8b-a611-962c285e5a18,2026-06-05T12:30:00Z,2026-06-05T14:30:00+0200,0.95,EUR/MWh,FR,FR,day_ahead_price,value,2026-06-21T18:40:53Z
2026-06-21T18:40:01Z,2026-06-21T20:40:01+0200,c0299f87-b988-4d8b-a611-962c285e5a18,2026-06-05T12:45:00Z,2026-06-05T14:45:00+0200,0.84,EUR/MWh,FR,FR,day_ahead_price,value,2026-06-21T18:40:53Z
2026-06-21T18:40:01Z,2026-06-21T20:40:01+0200,c0299f87-b988-4d8b-a611-962c285e5a18,2026-06-05T13:00:00Z,2026-06-05T15:00:00+0200,0.84,EUR/MWh,FR,FR,day_ahead_price,value,2026-06-21T18:40:53Z
2026-06-21T18:40:01Z,2026-06-21T20:40:01+0200,c0299f87-b988-4d8b-a611-962c285e5a18,2026-06-05T13:15:00Z,2026-06-05T15:15:00+0200,0.61,EUR/MWh,FR,FR,day_ahead_price,value,2026-06-21T18:40:53Z
2026-06-21T18:40:01Z,2026-06-21T20:40:01+0200,c0299f87-b988-4d8b-a611-962c285e5a18,2026-06-05T13:30:00Z,2026-06-05T15:30:00+0200,0.51,EUR/MWh,FR,FR,day_ahead_price,value,2026-06-21T18:40:53Z
2026-06-21T18:40:01Z,2026-06-21T20:40:01+0200,c0299f87-b988-4d8b-a611-962c285e5a18,2026-06-05T13:45:00Z,2026-06-05T15:45:00+0200,0.51,EUR/MWh,FR,FR,day_ahead_price,value,2026-06-21T18:40:53Z
2026-06-21T18:40:01Z,2026-06-21T20:40:01+0200,c0299f87-b988-4d8b-a611-962c285e5a18,2026-06-05T14:00:00Z,2026-06-05T16:00:00+0200,0.51,EUR/MWh,FR,FR,day_ahead_price,value,2026-06-21T18:40:53Z
2026-06-21T18:40:01Z,2026-06-21T20:40:01+0200,c0299f87-b988-4d8b-a611-962c285e5a18,2026-06-05T14:15:00Z,2026-06-05T16:15:00+0200,0.51,EUR/MWh,FR,FR,day_ahead_price,value,2026-06-21T18:40:53Z
2026-06-21T18:40:01Z,2026-06-21T20:40:01+0200,c0299f87-b988-4d8b-a611-962c285e5a18,2026-06-05T14:30:00Z,2026-06-05T16:30:00+0200,0.84,EUR/MWh,FR,FR,day_ahead_price,value,2026-06-21T18:40:53Z
2026-06-21T18:40:01Z,2026-06-21T20:40:01+0200,c0299f87-b988-4d8b-a611-962c285e5a18,2026-06-05T14:45:00Z,2026-06-05T16:45:00+0200,1.0,EUR/MWh,FR,FR,day_ahead_price,value,2026-06-21T18:40:53Z
2026-06-21T18:40:01Z,2026-06-21T20:40:01+0200,c0299f87-b988-4d8b-a611-962c285e5a18,2026-06-05T15:00:00Z,2026-06-05T17:00:00+0200,1.83,EUR/MWh,FR,FR,day_ahead_price,value,2026-06-21T18:40:53Z
2026-06-21T18:40:01Z,2026-06-21T20:40:01+0200,c0299f87-b988-4d8b-a611-962c285e5a18,2026-06-05T15:15:00Z,2026-06-05T17:15:00+0200,2.2,EUR/MWh,FR,FR,day_ahead_price,value,2026-06-21T18:40:53Z
2026-06-21T18:40:01Z,2026-06-21T20:40:01+0200,c0299f87-b988-4d8b-a611-962c285e5a18,2026-06-05T15:30:00Z,2026-06-05T17:30:00+0200,10.0,EUR/MWh,FR,FR,day_ahead_price,value,2026-06-21T18:40:53Z
2026-06-21T18:40:01Z,2026-06-21T20:40:01+0200,c0299f87-b988-4d8b-a611-962c285e5a18,2026-06-05T15:45:00Z,2026-06-05T17:45:00+0200,20.0,EUR/MWh,FR,FR,day_ahead_price,value,2026-06-21T18:40:53Z
2026-06-21T18:40:01Z,2026-06-21T20:40:01+0200,c0299f87-b988-4d8b-a611-962c285e5a18,2026-06-05T16:00:00Z,2026-06-05T18:00:00+0200,12.63,EUR/MWh,FR,FR,day_ahead_price,value,2026-06-21T18:40:53Z
2026-06-21T18:40:01Z,2026-06-21T20:40:01+0200,c0299f87-b988-4d8b-a611-962c285e5a18,2026-06-05T16:15:00Z,2026-06-05T18:15:00+0200,20.07,EUR/MWh,FR,FR,day_ahead_price,value,2026-06-21T18:40:53Z
2026-06-21T18:40:01Z,2026-06-21T20:40:01+0200,c0299f87-b988-4d8b-a611-962c285e5a18,2026-06-05T16:30:00Z,2026-06-05T18:30:00+0200,20.98,EUR/MWh,FR,FR,day_ahead_price,value,2026-06-21T18:40:53Z
2026-06-21T18:40:01Z,2026-06-21T20:40:01+0200,c0299f87-b988-4d8b-a611-962c285e5a18,2026-06-05T16:45:00Z,2026-06-05T18:45:00+0200,32.91,EUR/MWh,FR,FR,day_ahead_price,value,2026-06-21T18:40:53Z
2026-06-21T18:40:01Z,2026-06-21T20:40:01+0200,c0299f87-b988-4d8b-a611-962c285e5a18,2026-06-05T17:00:00Z,2026-06-05T19:00:00+0200,43.5,EUR/MWh,FR,FR,day_ahead_price,value,2026-06-21T18:40:53Z
2026-06-21T18:40:01Z,2026-06-21T20:40:01+0200,c0299f87-b988-4d8b-a611-962c285e5a18,2026-06-05T17:15:00Z,2026-06-05T19:15:00+0200,57.52,EUR/MWh,FR,FR,day_ahead_price,value,2026-06-21T18:40:53Z
2026-06-21T18:40:01Z,2026-06-21T20:40:01+0200,c0299f87-b988-4d8b-a611-962c285e5a18,2026-06-05T17:30:00Z,2026-06-05T19:30:00+0200,78.96,EUR/MWh,FR,FR,day_ahead_price,value,2026-06-21T18:40:53Z
2026-06-21T18:40:01Z,2026-06-21T20:40:01+0200,c0299f87-b988-4d8b-a611-962c285e5a18,2026-06-05T17:45:00Z,2026-06-05T19:45:00+0200,90.06,EUR/MWh,FR,FR,day_ahead_price,value,2026-06-21T18:40:53Z
2026-06-21T18:40:01Z,2026-06-21T20:40:01+0200,c0299f87-b988-4d8b-a611-962c285e5a18,2026-06-05T18:00:00Z,2026-06-05T20:00:00+0200,84.36,EUR/MWh,FR,FR,day_ahead_price,value,2026-06-21T18:40:53Z
2026-06-21T18:40:01Z,2026-06-21T20:40:01+0200,c0299f87-b988-4d8b-a611-962c285e5a18,2026-06-05T18:15:00Z,2026-06-05T20:15:00+0200,94.44,EUR/MWh,FR,FR,day_ahead_price,value,2026-06-21T18:40:53Z
2026-06-21T18:40:01Z,2026-06-21T20:40:01+0200,c0299f87-b988-4d8b-a611-962c285e5a18,2026-06-05T18:30:00Z,2026-06-05T20:30:00+0200,107.0,EUR/MWh,FR,FR,day_ahead_price,value,2026-06-21T18:40:53Z
2026-06-21T18:40:01Z,2026-06-21T20:40:01+0200,c0299f87-b988-4d8b-a611-962c285e5a18,2026-06-05T18:45:00Z,2026-06-05T20:45:00+0200,126.18,EUR/MWh,FR,FR,day_ahead_price,value,2026-06-21T18:40:53Z
2026-06-21T18:40:01Z,2026-06-21T20:40:01+0200,c0299f87-b988-4d8b-a611-962c285e5a18,2026-06-05T19:00:00Z,2026-06-05T21:00:00+0200,112.9,EUR/MWh,FR,FR,day_ahead_price,value,2026-06-21T18:40:53Z
2026-06-21T18:40:01Z,2026-06-21T20:40:01+0200,c0299f87-b988-4d8b-a611-962c285e5a18,2026-06-05T19:15:00Z,2026-06-05T21:15:00+0200,120.01,EUR/MWh,FR,FR,day_ahead_price,value,2026-06-21T18:40:53Z
2026-06-21T18:40:01Z,2026-06-21T20:40:01+0200,c0299f87-b988-4d8b-a611-962c285e5a18,2026-06-05T19:30:00Z,2026-06-05T21:30:00+0200,121.54,EUR/MWh,FR,FR,day_ahead_price,value,2026-06-21T18:40:53Z
2026-06-21T18:40:01Z,2026-06-21T20:40:01+0200,c0299f87-b988-4d8b-a611-962c285e5a18,2026-06-05T19:45:00Z,2026-06-05T21:45:00+0200,100.01,EUR/MWh,FR,FR,day_ahead_price,value,2026-06-21T18:40:53Z
2026-06-21T18:40:01Z,2026-06-21T20:40:01+0200,c0299f87-b988-4d8b-a611-962c285e5a18,2026-06-05T20:00:00Z,2026-06-05T22:00:00+0200,129.18,EUR/MWh,FR,FR,day_ahead_price,value,2026-06-21T18:40:53Z
2026-06-21T18:40:01Z,2026-06-21T20:40:01+0200,c0299f87-b988-4d8b-a611-962c285e5a18,2026-06-05T20:15:00Z,2026-06-05T22:15:00+0200,127.68,EUR/MWh,FR,FR,day_ahead_price,value,2026-06-21T18:40:53Z
2026-06-21T18:40:01Z,2026-06-21T20:40:01+0200,c0299f87-b988-4d8b-a611-962c285e5a18,2026-06-05T20:30:00Z,2026-06-05T22:30:00+0200,130.0,EUR/MWh,FR,FR,day_ahead_price,value,2026-06-21T18:40:53Z
2026-06-21T18:40:01Z,2026-06-21T20:40:01+0200,c0299f87-b988-4d8b-a611-962c285e5a18,2026-06-05T20:45:00Z,2026-06-05T22:45:00+0200,126.51,EUR/MWh,FR,FR,day_ahead_price,value,2026-06-21T18:40:53Z
2026-06-21T18:40:01Z,2026-06-21T20:40:01+0200,c0299f87-b988-4d8b-a611-962c285e5a18,2026-06-05T21:00:00Z,2026-06-05T23:00:00+0200,131.0,EUR/MWh,FR,FR,day_ahead_price,value,2026-06-21T18:40:53Z
2026-06-21T18:40:01Z,2026-06-21T20:40:01+0200,c0299f87-b988-4d8b-a611-962c285e5a18,2026-06-05T21:15:00Z,2026-06-05T23:15:00+0200,126.18,EUR/MWh,FR,FR,day_ahead_price,value,2026-06-21T18:40:53Z
2026-06-21T18:40:01Z,2026-06-21T20:40:01+0200,c0299f87-b988-4d8b-a611-962c285e5a18,2026-06-05T21:30:00Z,2026-06-05T23:30:00+0200,125.75,EUR/MWh,FR,FR,day_ahead_price,value,2026-06-21T18:40:53Z
2026-06-21T18:40:01Z,2026-06-21T20:40:01+0200,c0299f87-b988-4d8b-a611-962c285e5a18,2026-06-05T21:45:00Z,2026-06-05T23:45:00+0200,109.53,EUR/MWh,FR,FR,day_ahead_price,value,2026-06-21T18:40:53Z
2026-06-21T18:40:01Z,2026-06-21T20:40:01+0200,c0299f87-b988-4d8b-a611-962c285e5a18,2026-06-05T22:00:00Z,2026-06-06T00:00:00+0200,127.45,EUR/MWh,FR,FR,day_ahead_price,value,2026-06-21T18:40:53Z
2026-06-21T18:40:01Z,2026-06-21T20:40:01+0200,c0299f87-b988-4d8b-a611-962c285e5a18,2026-06-05T22:15:00Z,2026-06-06T00:15:00+0200,123.41,EUR/MWh,FR,FR,day_ahead_price,value,2026-06-21T18:40:53Z
2026-06-21T18:40:01Z,2026-06-21T20:40:01+0200,c0299f87-b988-4d8b-a611-962c285e5a18,2026-06-05T22:30:00Z,2026-06-06T00:30:00+0200,48.25,EUR/MWh,FR,FR,day_ahead_price,value,2026-06-21T18:40:53Z
2026-06-21T18:40:01Z,2026-06-21T20:40:01+0200,c0299f87-b988-4d8b-a611-962c285e5a18,2026-06-05T22:45:00Z,2026-06-06T00:45:00+0200,11.71,EUR/MWh,FR,FR,day_ahead_price,value,2026-06-21T18:40:53Z
2026-06-21T18:40:01Z,2026-06-21T20:40:01+0200,c0299f87-b988-4d8b-a611-962c285e5a18,2026-06-05T23:00:00Z,2026-06-06T01:00:00+0200,78.47,EUR/MWh,FR,FR,day_ahead_price,value,2026-06-21T18:40:53Z
2026-06-21T18:40:01Z,2026-06-21T20:40:01+0200,c0299f87-b988-4d8b-a611-962c285e5a18,2026-06-05T23:15:00Z,2026-06-06T01:15:00+0200,40.01,EUR/MWh,FR,FR,day_ahead_price,value,2026-06-21T18:40:53Z
2026-06-21T18:40:01Z,2026-06-21T20:40:01+0200,c0299f87-b988-4d8b-a611-962c285e5a18,2026-06-05T23:30:00Z,2026-06-06T01:30:00+0200,37.87,EUR/MWh,FR,FR,day_ahead_price,value,2026-06-21T18:40:53Z
2026-06-21T18:40:01Z,2026-06-21T20:40:01+0200,c0299f87-b988-4d8b-a611-962c285e5a18,2026-06-05T23:45:00Z,2026-06-06T01:45:00+0200,11.31,EUR/MWh,FR,FR,day_ahead_price,value,2026-06-21T18:40:53Z
2026-06-21T18:40:01Z,2026-06-21T20:40:01+0200,c0299f87-b988-4d8b-a611-962c285e5a18,2026-06-06T00:00:00Z,2026-06-06T02:00:00+0200,18.05,EUR/MWh,FR,FR,day_ahead_price,value,2026-06-21T18:40:53Z
2026-06-21T18:40:01Z,2026-06-21T20:40:01+0200,c0299f87-b988-4d8b-a611-962c285e5a18,2026-06-06T00:15:00Z,2026-06-06T02:15:00+0200,7.1,EUR/MWh,FR,FR,day_ahead_price,value,2026-06-21T18:40:53Z
2026-06-21T18:40:01Z,2026-06-21T20:40:01+0200,c0299f87-b988-4d8b-a611-962c285e5a18,2026-06-06T00:30:00Z,2026-06-06T02:30:00+0200,29.01,EUR/MWh,FR,FR,day_ahead_price,value,2026-06-21T18:40:53Z
2026-06-21T18:40:01Z,2026-06-21T20:40:01+0200,c0299f87-b988-4d8b-a611-962c285e5a18,2026-06-06T00:45:00Z,2026-06-06T02:45:00+0200,0.0,EUR/MWh,FR,FR,day_ahead_price,value,2026-06-21T18:40:53Z
2026-06-21T18:40:01Z,2026-06-21T20:40:01+0200,c0299f87-b988-4d8b-a611-962c285e5a18,2026-06-06T01:00:00Z,2026-06-06T03:00:00+0200,87.5,EUR/MWh,FR,FR,day_ahead_price,value,2026-06-21T18:40:53Z
2026-06-21T18:40:01Z,2026-06-21T20:40:01+0200,c0299f87-b988-4d8b-a611-962c285e5a18,2026-06-06T01:15:00Z,2026-06-06T03:15:00+0200,56.06,EUR/MWh,FR,FR,day_ahead_price,value,2026-06-21T18:40:53Z
2026-06-21T18:40:01Z,2026-06-21T20:40:01+0200,c0299f87-b988-4d8b-a611-962c285e5a18,2026-06-06T01:30:00Z,2026-06-06T03:30:00+0200,40.34,EUR/MWh,FR,FR,day_ahead_price,value,2026-06-21T18:40:53Z
2026-06-21T18:40:01Z,2026-06-21T20:40:01+0200,c0299f87-b988-4d8b-a611-962c285e5a18,2026-06-06T01:45:00Z,2026-06-06T03:45:00+0200,42.6,EUR/MWh,FR,FR,day_ahead_price,value,2026-06-21T18:40:53Z
2026-06-21T18:40:01Z,2026-06-21T20:40:01+0200,c0299f87-b988-4d8b-a611-962c285e5a18,2026-06-06T02:00:00Z,2026-06-06T04:00:00+0200,-0.01,EUR/MWh,FR,FR,day_ahead_price,value,2026-06-21T18:40:53Z
2026-06-21T18:40:01Z,2026-06-21T20:40:01+0200,c0299f87-b988-4d8b-a611-962c285e5a18,2026-06-06T02:15:00Z,2026-06-06T04:15:00+0200,5.02,EUR/MWh,FR,FR,day_ahead_price,value,2026-06-21T18:40:53Z
2026-06-21T18:40:01Z,2026-06-21T20:40:01+0200,c0299f87-b988-4d8b-a611-962c285e5a18,2026-06-06T02:30:00Z,2026-06-06T04:30:00+0200,12.82,EUR/MWh,FR,FR,day_ahead_price,value,2026-06-21T18:40:53Z
2026-06-21T18:40:01Z,2026-06-21T20:40:01+0200,c0299f87-b988-4d8b-a611-962c285e5a18,2026-06-06T02:45:00Z,2026-06-06T04:45:00+0200,15.57,EUR/MWh,FR,FR,day_ahead_price,value,2026-06-21T18:40:53Z
2026-06-21T18:40:01Z,2026-06-21T20:40:01+0200,c0299f87-b988-4d8b-a611-962c285e5a18,2026-06-06T03:00:00Z,2026-06-06T05:00:00+0200,25.42,EUR/MWh,FR,FR,day_ahead_price,value,2026-06-21T18:40:53Z
2026-06-21T18:40:01Z,2026-06-21T20:40:01+0200,c0299f87-b988-4d8b-a611-962c285e5a18,2026-06-06T03:15:00Z,2026-06-06T05:15:00+0200,13.35,EUR/MWh,FR,FR,day_ahead_price,value,2026-06-21T18:40:53Z
2026-06-21T18:40:01Z,2026-06-21T20:40:01+0200,c0299f87-b988-4d8b-a611-962c285e5a18,2026-06-06T03:30:00Z,2026-06-06T05:30:00+0200,18.48,EUR/MWh,FR,FR,day_ahead_price,value,2026-06-21T18:40:53Z
2026-06-21T18:40:01Z,2026-06-21T20:40:01+0200,c0299f87-b988-4d8b-a611-962c285e5a18,2026-06-06T03:45:00Z,2026-06-06T05:45:00+0200,14.01,EUR/MWh,FR,FR,day_ahead_price,value,2026-06-21T18:40:53Z
2026-06-21T18:40:01Z,2026-06-21T20:40:01+0200,c0299f87-b988-4d8b-a611-962c285e5a18,2026-06-06T04:00:00Z,2026-06-06T06:00:00+0200,34.07,EUR/MWh,FR,FR,day_ahead_price,value,2026-06-21T18:40:53Z
2026-06-21T18:40:01Z,2026-06-21T20:40:01+0200,c0299f87-b988-4d8b-a611-962c285e5a18,2026-06-06T04:15:00Z,2026-06-06T06:15:00+0200,14.0,EUR/MWh,FR,FR,day_ahead_price,value,2026-06-21T18:40:53Z
2026-06-21T18:40:01Z,2026-06-21T20:40:01+0200,c0299f87-b988-4d8b-a611-962c285e5a18,2026-06-06T04:30:00Z,2026-06-06T06:30:00+0200,13.85,EUR/MWh,FR,FR,day_ahead_price,value,2026-06-21T18:40:53Z
2026-06-21T18:40:01Z,2026-06-21T20:40:01+0200,c0299f87-b988-4d8b-a611-962c285e5a18,2026-06-06T04:45:00Z,2026-06-06T06:45:00+0200,8.66,EUR/MWh,FR,FR,day_ahead_price,value,2026-06-21T18:40:53Z
2026-06-21T18:40:01Z,2026-06-21T20:40:01+0200,c0299f87-b988-4d8b-a611-962c285e5a18,2026-06-06T05:00:00Z,2026-06-06T07:00:00+0200,31.32,EUR/MWh,FR,FR,day_ahead_price,value,2026-06-21T18:40:53Z
2026-06-21T18:40:01Z,2026-06-21T20:40:01+0200,c0299f87-b988-4d8b-a611-962c285e5a18,2026-06-06T05:15:00Z,2026-06-06T07:15:00+0200,21.87,EUR/MWh,FR,FR,day_ahead_price,value,2026-06-21T18:40:53Z
2026-06-21T18:40:01Z,2026-06-21T20:40:01+0200,c0299f87-b988-4d8b-a611-962c285e5a18,2026-06-06T05:30:00Z,2026-06-06T07:30:00+0200,4.15,EUR/MWh,FR,FR,day_ahead_price,value,2026-06-21T18:40:53Z
2026-06-21T18:40:01Z,2026-06-21T20:40:01+0200,c0299f87-b988-4d8b-a611-962c285e5a18,2026-06-06T05:45:00Z,2026-06-06T07:45:00+0200,0.08,EUR/MWh,FR,FR,day_ahead_price,value,2026-06-21T18:40:53Z
2026-06-21T18:40:01Z,2026-06-21T20:40:01+0200,c0299f87-b988-4d8b-a611-962c285e5a18,2026-06-06T06:00:00Z,2026-06-06T08:00:00+0200,20.09,EUR/MWh,FR,FR,day_ahead_price,value,2026-06-21T18:40:53Z
2026-06-21T18:40:01Z,2026-06-21T20:40:01+0200,c0299f87-b988-4d8b-a611-962c285e5a18,2026-06-06T06:15:00Z,2026-06-06T08:15:00+0200,13.43,EUR/MWh,FR,FR,day_ahead_price,value,2026-06-21T18:40:53Z
2026-06-21T18:40:01Z,2026-06-21T20:40:01+0200,c0299f87-b988-4d8b-a611-962c285e5a18,2026-06-06T06:30:00Z,2026-06-06T08:30:00+0200,0.0,EUR/MWh,FR,FR,day_ahead_price,value,2026-06-21T18:40:53Z
2026-06-21T18:40:01Z,2026-06-21T20:40:01+0200,c0299f87-b988-4d8b-a611-962c285e5a18,2026-06-06T06:45:00Z,2026-06-06T08:45:00+0200,0.0,EUR/MWh,FR,FR,day_ahead_price,value,2026-06-21T18:40:53Z
2026-06-21T18:40:01Z,2026-06-21T20:40:01+0200,c0299f87-b988-4d8b-a611-962c285e5a18,2026-06-06T07:00:00Z,2026-06-06T09:00:00+0200,0.0,EUR/MWh,FR,FR,day_ahead_price,value,2026-06-21T18:40:53Z
2026-06-21T18:40:01Z,2026-06-21T20:40:01+0200,c0299f87-b988-4d8b-a611-962c285e5a18,2026-06-06T07:15:00Z,2026-06-06T09:15:00+0200,0.0,EUR/MWh,FR,FR,day_ahead_price,value,2026-06-21T18:40:53Z
2026-06-21T18:40:01Z,2026-06-21T20:40:01+0200,c0299f87-b988-4d8b-a611-962c285e5a18,2026-06-06T07:30:00Z,2026-06-06T09:30:00+0200,0.0,EUR/MWh,FR,FR,day_ahead_price,value,2026-06-21T18:40:53Z
2026-06-21T18:40:01Z,2026-06-21T20:40:01+0200,c0299f87-b988-4d8b-a611-962c285e5a18,2026-06-06T07:45:00Z,2026-06-06T09:45:00+0200,0.0,EUR/MWh,FR,FR,day_ahead_price,value,2026-06-21T18:40:53Z
2026-06-21T18:40:01Z,2026-06-21T20:40:01+0200,c0299f87-b988-4d8b-a611-962c285e5a18,2026-06-06T08:00:00Z,2026-06-06T10:00:00+0200,-0.01,EUR/MWh,FR,FR,day_ahead_price,value,2026-06-21T18:40:53Z
2026-06-21T18:40:01Z,2026-06-21T20:40:01+0200,c0299f87-b988-4d8b-a611-962c285e5a18,2026-06-06T08:15:00Z,2026-06-06T10:15:00+0200,-0.01,EUR/MWh,FR,FR,day_ahead_price,value,2026-06-21T18:40:53Z
2026-06-21T18:40:01Z,2026-06-21T20:40:01+0200,c0299f87-b988-4d8b-a611-962c285e5a18,2026-06-06T08:30:00Z,2026-06-06T10:30:00+0200,-0.05,EUR/MWh,FR,FR,day_ahead_price,value,2026-06-21T18:40:53Z
2026-06-21T18:40:01Z,2026-06-21T20:40:01+0200,c0299f87-b988-4d8b-a611-962c285e5a18,2026-06-06T08:45:00Z,2026-06-06T10:45:00+0200,-0.05,EUR/MWh,FR,FR,day_ahead_price,value,2026-06-21T18:40:53Z
2026-06-21T18:40:01Z,2026-06-21T20:40:01+0200,c0299f87-b988-4d8b-a611-962c285e5a18,2026-06-06T09:00:00Z,2026-06-06T11:00:00+0200,-0.11,EUR/MWh,FR,FR,day_ahead_price,value,2026-06-21T18:40:53Z
2026-06-21T18:40:01Z,2026-06-21T20:40:01+0200,c0299f87-b988-4d8b-a611-962c285e5a18,2026-06-06T09:15:00Z,2026-06-06T11:15:00+0200,-0.11,EUR/MWh,FR,FR,day_ahead_price,value,2026-06-21T18:40:53Z
2026-06-21T18:40:01Z,2026-06-21T20:40:01+0200,c0299f87-b988-4d8b-a611-962c285e5a18,2026-06-06T09:30:00Z,2026-06-06T11:30:00+0200,-0.11,EUR/MWh,FR,FR,day_ahead_price,value,2026-06-21T18:40:53Z
2026-06-21T18:40:01Z,2026-06-21T20:40:01+0200,c0299f87-b988-4d8b-a611-962c285e5a18,2026-06-06T09:45:00Z,2026-06-06T11:45:00+0200,-0.1,EUR/MWh,FR,FR,day_ahead_price,value,2026-06-21T18:40:53Z
2026-06-21T18:40:01Z,2026-06-21T20:40:01+0200,c0299f87-b988-4d8b-a611-962c285e5a18,2026-06-06T10:00:00Z,2026-06-06T12:00:00+0200,-0.08,EUR/MWh,FR,FR,day_ahead_price,value,2026-06-21T18:40:53Z
2026-06-21T18:40:01Z,2026-06-21T20:40:01+0200,c0299f87-b988-4d8b-a611-962c285e5a18,2026-06-06T10:15:00Z,2026-06-06T12:15:00+0200,-0.07,EUR/MWh,FR,FR,day_ahead_price,value,2026-06-21T18:40:53Z
2026-06-21T18:40:01Z,2026-06-21T20:40:01+0200,c0299f87-b988-4d8b-a611-962c285e5a18,2026-06-06T10:30:00Z,2026-06-06T12:30:00+0200,-0.05,EUR/MWh,FR,FR,day_ahead_price,value,2026-06-21T18:40:53Z
2026-06-21T18:40:01Z,2026-06-21T20:40:01+0200,c0299f87-b988-4d8b-a611-962c285e5a18,2026-06-06T10:45:00Z,2026-06-06T12:45:00+0200,-0.07,EUR/MWh,FR,FR,day_ahead_price,value,2026-06-21T18:40:53Z
2026-06-21T18:40:01Z,2026-06-21T20:40:01+0200,c0299f87-b988-4d8b-a611-962c285e5a18,2026-06-06T11:00:00Z,2026-06-06T13:00:00+0200,-0.02,EUR/MWh,FR,FR,day_ahead_price,value,2026-06-21T18:40:53Z
2026-06-21T18:40:01Z,2026-06-21T20:40:01+0200,c0299f87-b988-4d8b-a611-962c285e5a18,2026-06-06T11:15:00Z,2026-06-06T13:15:00+0200,-0.04,EUR/MWh,FR,FR,day_ahead_price,value,2026-06-21T18:40:53Z
2026-06-21T18:40:01Z,2026-06-21T20:40:01+0200,c0299f87-b988-4d8b-a611-962c285e5a18,2026-06-06T11:30:00Z,2026-06-06T13:30:00+0200,-0.07,EUR/MWh,FR,FR,day_ahead_price,value,2026-06-21T18:40:53Z
2026-06-21T18:40:01Z,2026-06-21T20:40:01+0200,c0299f87-b988-4d8b-a611-962c285e5a18,2026-06-06T11:45:00Z,2026-06-06T13:45:00+0200,-0.07,EUR/MWh,FR,FR,day_ahead_price,value,2026-06-21T18:40:53Z
2026-06-21T18:40:01Z,2026-06-21T20:40:01+0200,c0299f87-b988-4d8b-a611-962c285e5a18,2026-06-06T12:00:00Z,2026-06-06T14:00:00+0200,-0.09,EUR/MWh,FR,FR,day_ahead_price,value,2026-06-21T18:40:53Z
2026-06-21T18:40:01Z,2026-06-21T20:40:01+0200,c0299f87-b988-4d8b-a611-962c285e5a18,2026-06-06T12:15:00Z,2026-06-06T14:15:00+0200,-0.1,EUR/MWh,FR,FR,day_ahead_price,value,2026-06-21T18:40:53Z
2026-06-21T18:40:01Z,2026-06-21T20:40:01+0200,c0299f87-b988-4d8b-a611-962c285e5a18,2026-06-06T12:30:00Z,2026-06-06T14:30:00+0200,-0.1,EUR/MWh,FR,FR,day_ahead_price,value,2026-06-21T18:40:53Z
2026-06-21T18:40:01Z,2026-06-21T20:40:01+0200,c0299f87-b988-4d8b-a611-962c285e5a18,2026-06-06T12:45:00Z,2026-06-06T14:45:00+0200,-0.11,EUR/MWh,FR,FR,day_ahead_price,value,2026-06-21T18:40:53Z
2026-06-21T18:40:01Z,2026-06-21T20:40:01+0200,c0299f87-b988-4d8b-a611-962c285e5a18,2026-06-06T13:00:00Z,2026-06-06T15:00:00+0200,-0.11,EUR/MWh,FR,FR,day_ahead_price,value,2026-06-21T18:40:53Z
2026-06-21T18:40:01Z,2026-06-21T20:40:01+0200,c0299f87-b988-4d8b-a611-962c285e5a18,2026-06-06T13:15:00Z,2026-06-06T15:15:00+0200,-0.11,EUR/MWh,FR,FR,day_ahead_price,value,2026-06-21T18:40:53Z
2026-06-21T18:40:01Z,2026-06-21T20:40:01+0200,c0299f87-b988-4d8b-a611-962c285e5a18,2026-06-06T13:30:00Z,2026-06-06T15:30:00+0200,-0.11,EUR/MWh,FR,FR,day_ahead_price,value,2026-06-21T18:40:53Z
2026-06-21T18:40:01Z,2026-06-21T20:40:01+0200,c0299f87-b988-4d8b-a611-962c285e5a18,2026-06-06T13:45:00Z,2026-06-06T15:45:00+0200,-0.11,EUR/MWh,FR,FR,day_ahead_price,value,2026-06-21T18:40:53Z
2026-06-21T18:40:01Z,2026-06-21T20:40:01+0200,c0299f87-b988-4d8b-a611-962c285e5a18,2026-06-06T14:00:00Z,2026-06-06T16:00:00+0200,-0.11,EUR/MWh,FR,FR,day_ahead_price,value,2026-06-21T18:40:53Z
2026-06-21T18:40:01Z,2026-06-21T20:40:01+0200,c0299f87-b988-4d8b-a611-962c285e5a18,2026-06-06T14:15:00Z,2026-06-06T16:15:00+0200,-0.11,EUR/MWh,FR,FR,day_ahead_price,value,2026-06-21T18:40:53Z
2026-06-21T18:40:01Z,2026-06-21T20:40:01+0200,c0299f87-b988-4d8b-a611-962c285e5a18,2026-06-06T14:30:00Z,2026-06-06T16:30:00+0200,-0.11,EUR/MWh,FR,FR,day_ahead_price,value,2026-06-21T18:40:53Z
2026-06-21T18:40:01Z,2026-06-21T20:40:01+0200,c0299f87-b988-4d8b-a611-962c285e5a18,2026-06-06T14:45:00Z,2026-06-06T16:45:00+0200,-0.1,EUR/MWh,FR,FR,day_ahead_price,value,2026-06-21T18:40:53Z
2026-06-21T18:40:01Z,2026-06-21T20:40:01+0200,c0299f87-b988-4d8b-a611-962c285e5a18,2026-06-06T15:00:00Z,2026-06-06T17:00:00+0200,-0.01,EUR/MWh,FR,FR,day_ahead_price,value,2026-06-21T18:40:53Z
2026-06-21T18:40:01Z,2026-06-21T20:40:01+0200,c0299f87-b988-4d8b-a611-962c285e5a18,2026-06-06T15:15:00Z,2026-06-06T17:15:00+0200,-0.01,EUR/MWh,FR,FR,day_ahead_price,value,2026-06-21T18:40:53Z
2026-06-21T18:40:01Z,2026-06-21T20:40:01+0200,c0299f87-b988-4d8b-a611-962c285e5a18,2026-06-06T15:30:00Z,2026-06-06T17:30:00+0200,-0.01,EUR/MWh,FR,FR,day_ahead_price,value,2026-06-21T18:40:53Z
2026-06-21T18:40:01Z,2026-06-21T20:40:01+0200,c0299f87-b988-4d8b-a611-962c285e5a18,2026-06-06T15:45:00Z,2026-06-06T17:45:00+0200,-0.01,EUR/MWh,FR,FR,day_ahead_price,value,2026-06-21T18:40:53Z
2026-06-21T18:40:01Z,2026-06-21T20:40:01+0200,c0299f87-b988-4d8b-a611-962c285e5a18,2026-06-06T16:00:00Z,2026-06-06T18:00:00+0200,-0.01,EUR/MWh,FR,FR,day_ahead_price,value,2026-06-21T18:40:53Z
2026-06-21T18:40:01Z,2026-06-21T20:40:01+0200,c0299f87-b988-4d8b-a611-962c285e5a18,2026-06-06T16:15:00Z,2026-06-06T18:15:00+0200,0.0,EUR/MWh,FR,FR,day_ahead_price,value,2026-06-21T18:40:53Z
2026-06-21T18:40:01Z,2026-06-21T20:40:01+0200,c0299f87-b988-4d8b-a611-962c285e5a18,2026-06-06T16:30:00Z,2026-06-06T18:30:00+0200,0.0,EUR/MWh,FR,FR,day_ahead_price,value,2026-06-21T18:40:53Z
2026-06-21T18:40:01Z,2026-06-21T20:40:01+0200,c0299f87-b988-4d8b-a611-962c285e5a18,2026-06-06T16:45:00Z,2026-06-06T18:45:00+0200,1.75,EUR/MWh,FR,FR,day_ahead_price,value,2026-06-21T18:40:53Z
2026-06-21T18:40:01Z,2026-06-21T20:40:01+0200,c0299f87-b988-4d8b-a611-962c285e5a18,2026-06-06T17:00:00Z,2026-06-06T19:00:00+0200,2.06,EUR/MWh,FR,FR,day_ahead_price,value,2026-06-21T18:40:53Z
2026-06-21T18:40:01Z,2026-06-21T20:40:01+0200,c0299f87-b988-4d8b-a611-962c285e5a18,2026-06-06T17:15:00Z,2026-06-06T19:15:00+0200,5.94,EUR/MWh,FR,FR,day_ahead_price,value,2026-06-21T18:40:53Z
2026-06-21T18:40:01Z,2026-06-21T20:40:01+0200,c0299f87-b988-4d8b-a611-962c285e5a18,2026-06-06T17:30:00Z,2026-06-06T19:30:00+0200,12.4,EUR/MWh,FR,FR,day_ahead_price,value,2026-06-21T18:40:53Z
2026-06-21T18:40:01Z,2026-06-21T20:40:01+0200,c0299f87-b988-4d8b-a611-962c285e5a18,2026-06-06T17:45:00Z,2026-06-06T19:45:00+0200,33.96,EUR/MWh,FR,FR,day_ahead_price,value,2026-06-21T18:40:53Z
2026-06-21T18:40:01Z,2026-06-21T20:40:01+0200,c0299f87-b988-4d8b-a611-962c285e5a18,2026-06-06T18:00:00Z,2026-06-06T20:00:00+0200,26.12,EUR/MWh,FR,FR,day_ahead_price,value,2026-06-21T18:40:53Z
2026-06-21T18:40:01Z,2026-06-21T20:40:01+0200,c0299f87-b988-4d8b-a611-962c285e5a18,2026-06-06T18:15:00Z,2026-06-06T20:15:00+0200,29.06,EUR/MWh,FR,FR,day_ahead_price,value,2026-06-21T18:40:53Z
2026-06-21T18:40:01Z,2026-06-21T20:40:01+0200,c0299f87-b988-4d8b-a611-962c285e5a18,2026-06-06T18:30:00Z,2026-06-06T20:30:00+0200,17.74,EUR/MWh,FR,FR,day_ahead_price,value,2026-06-21T18:40:53Z
2026-06-21T18:40:01Z,2026-06-21T20:40:01+0200,c0299f87-b988-4d8b-a611-962c285e5a18,2026-06-06T18:45:00Z,2026-06-06T20:45:00+0200,23.37,EUR/MWh,FR,FR,day_ahead_price,value,2026-06-21T18:40:53Z
2026-06-21T18:40:01Z,2026-06-21T20:40:01+0200,c0299f87-b988-4d8b-a611-962c285e5a18,2026-06-06T19:00:00Z,2026-06-06T21:00:00+0200,13.43,EUR/MWh,FR,FR,day_ahead_price,value,2026-06-21T18:40:53Z
2026-06-21T18:40:01Z,2026-06-21T20:40:01+0200,c0299f87-b988-4d8b-a611-962c285e5a18,2026-06-06T19:15:00Z,2026-06-06T21:15:00+0200,23.86,EUR/MWh,FR,FR,day_ahead_price,value,2026-06-21T18:40:53Z
2026-06-21T18:40:01Z,2026-06-21T20:40:01+0200,c0299f87-b988-4d8b-a611-962c285e5a18,2026-06-06T19:30:00Z,2026-06-06T21:30:00+0200,41.3,EUR/MWh,FR,FR,day_ahead_price,value,2026-06-21T18:40:53Z
2026-06-21T18:40:01Z,2026-06-21T20:40:01+0200,c0299f87-b988-4d8b-a611-962c285e5a18,2026-06-06T19:45:00Z,2026-06-06T21:45:00+0200,23.87,EUR/MWh,FR,FR,day_ahead_price,value,2026-06-21T18:40:53Z
2026-06-21T18:40:01Z,2026-06-21T20:40:01+0200,c0299f87-b988-4d8b-a611-962c285e5a18,2026-06-06T20:00:00Z,2026-06-06T22:00:00+0200,40.33,EUR/MWh,FR,FR,day_ahead_price,value,2026-06-21T18:40:53Z
2026-06-21T18:40:01Z,2026-06-21T20:40:01+0200,c0299f87-b988-4d8b-a611-962c285e5a18,2026-06-06T20:15:00Z,2026-06-06T22:15:00+0200,40.99,EUR/MWh,FR,FR,day_ahead_price,value,2026-06-21T18:40:53Z
2026-06-21T18:40:01Z,2026-06-21T20:40:01+0200,c0299f87-b988-4d8b-a611-962c285e5a18,2026-06-06T20:30:00Z,2026-06-06T22:30:00+0200,64.21,EUR/MWh,FR,FR,day_ahead_price,value,2026-06-21T18:40:53Z
2026-06-21T18:40:01Z,2026-06-21T20:40:01+0200,c0299f87-b988-4d8b-a611-962c285e5a18,2026-06-06T20:45:00Z,2026-06-06T22:45:00+0200,61.08,EUR/MWh,FR,FR,day_ahead_price,value,2026-06-21T18:40:53Z
2026-06-21T18:40:01Z,2026-06-21T20:40:01+0200,c0299f87-b988-4d8b-a611-962c285e5a18,2026-06-06T21:00:00Z,2026-06-06T23:00:00+0200,34.57,EUR/MWh,FR,FR,day_ahead_price,value,2026-06-21T18:40:53Z
2026-06-21T18:40:01Z,2026-06-21T20:40:01+0200,c0299f87-b988-4d8b-a611-962c285e5a18,2026-06-06T21:15:00Z,2026-06-06T23:15:00+0200,18.01,EUR/MWh,FR,FR,day_ahead_price,value,2026-06-21T18:40:53Z
2026-06-21T18:40:01Z,2026-06-21T20:40:01+0200,c0299f87-b988-4d8b-a611-962c285e5a18,2026-06-06T21:30:00Z,2026-06-06T23:30:00+0200,40.84,EUR/MWh,FR,FR,day_ahead_price,value,2026-06-21T18:40:53Z
2026-06-21T18:40:01Z,2026-06-21T20:40:01+0200,c0299f87-b988-4d8b-a611-962c285e5a18,2026-06-06T21:45:00Z,2026-06-06T23:45:00+0200,29.6,EUR/MWh,FR,FR,day_ahead_price,value,2026-06-21T18:40:53Z
2026-06-21T18:40:01Z,2026-06-21T20:40:01+0200,c0299f87-b988-4d8b-a611-962c285e5a18,2026-06-06T22:00:00Z,2026-06-07T00:00:00+0200,24.01,EUR/MWh,FR,FR,day_ahead_price,value,2026-06-21T18:40:53Z
2026-06-21T18:40:01Z,2026-06-21T20:40:01+0200,c0299f87-b988-4d8b-a611-962c285e5a18,2026-06-06T22:15:00Z,2026-06-07T00:15:00+0200,23.29,EUR/MWh,FR,FR,day_ahead_price,value,2026-06-21T18:40:53Z
2026-06-21T18:40:01Z,2026-06-21T20:40:01+0200,c0299f87-b988-4d8b-a611-962c285e5a18,2026-06-06T22:30:00Z,2026-06-07T00:30:00+0200,12.62,EUR/MWh,FR,FR,day_ahead_price,value,2026-06-21T18:40:53Z
2026-06-21T18:40:01Z,2026-06-21T20:40:01+0200,c0299f87-b988-4d8b-a611-962c285e5a18,2026-06-06T22:45:00Z,2026-06-07T00:45:00+0200,0.01,EUR/MWh,FR,FR,day_ahead_price,value,2026-06-21T18:40:53Z
2026-06-21T18:40:01Z,2026-06-21T20:40:01+0200,c0299f87-b988-4d8b-a611-962c285e5a18,2026-06-06T23:00:00Z,2026-06-07T01:00:00+0200,26.82,EUR/MWh,FR,FR,day_ahead_price,value,2026-06-21T18:40:53Z
2026-06-21T18:40:01Z,2026-06-21T20:40:01+0200,c0299f87-b988-4d8b-a611-962c285e5a18,2026-06-06T23:15:00Z,2026-06-07T01:15:00+0200,0.0,EUR/MWh,FR,FR,day_ahead_price,value,2026-06-21T18:40:53Z
2026-06-21T18:40:01Z,2026-06-21T20:40:01+0200,c0299f87-b988-4d8b-a611-962c285e5a18,2026-06-06T23:30:00Z,2026-06-07T01:30:00+0200,25.91,EUR/MWh,FR,FR,day_ahead_price,value,2026-06-21T18:40:53Z
2026-06-21T18:40:01Z,2026-06-21T20:40:01+0200,c0299f87-b988-4d8b-a611-962c285e5a18,2026-06-06T23:45:00Z,2026-06-07T01:45:00+0200,13.08,EUR/MWh,FR,FR,day_ahead_price,value,2026-06-21T18:40:53Z
2026-06-21T18:40:01Z,2026-06-21T20:40:01+0200,c0299f87-b988-4d8b-a611-962c285e5a18,2026-06-07T00:00:00Z,2026-06-07T02:00:00+0200,9.63,EUR/MWh,FR,FR,day_ahead_price,value,2026-06-21T18:40:53Z
2026-06-21T18:40:01Z,2026-06-21T20:40:01+0200,c0299f87-b988-4d8b-a611-962c285e5a18,2026-06-07T00:15:00Z,2026-06-07T02:15:00+0200,21.66,EUR/MWh,FR,FR,day_ahead_price,value,2026-06-21T18:40:53Z
2026-06-21T18:40:01Z,2026-06-21T20:40:01+0200,c0299f87-b988-4d8b-a611-962c285e5a18,2026-06-07T00:30:00Z,2026-06-07T02:30:00+0200,20.47,EUR/MWh,FR,FR,day_ahead_price,value,2026-06-21T18:40:53Z
2026-06-21T18:40:01Z,2026-06-21T20:40:01+0200,c0299f87-b988-4d8b-a611-962c285e5a18,2026-06-07T00:45:00Z,2026-06-07T02:45:00+0200,16.5,EUR/MWh,FR,FR,day_ahead_price,value,2026-06-21T18:40:53Z
2026-06-21T18:40:01Z,2026-06-21T20:40:01+0200,c0299f87-b988-4d8b-a611-962c285e5a18,2026-06-07T01:00:00Z,2026-06-07T03:00:00+0200,13.1,EUR/MWh,FR,FR,day_ahead_price,value,2026-06-21T18:40:53Z
2026-06-21T18:40:01Z,2026-06-21T20:40:01+0200,c0299f87-b988-4d8b-a611-962c285e5a18,2026-06-07T01:15:00Z,2026-06-07T03:15:00+0200,5.54,EUR/MWh,FR,FR,day_ahead_price,value,2026-06-21T18:40:53Z
2026-06-21T18:40:01Z,2026-06-21T20:40:01+0200,c0299f87-b988-4d8b-a611-962c285e5a18,2026-06-07T01:30:00Z,2026-06-07T03:30:00+0200,8.97,EUR/MWh,FR,FR,day_ahead_price,value,2026-06-21T18:40:53Z
2026-06-21T18:40:01Z,2026-06-21T20:40:01+0200,c0299f87-b988-4d8b-a611-962c285e5a18,2026-06-07T01:45:00Z,2026-06-07T03:45:00+0200,8.39,EUR/MWh,FR,FR,day_ahead_price,value,2026-06-21T18:40:53Z
2026-06-21T18:40:01Z,2026-06-21T20:40:01+0200,c0299f87-b988-4d8b-a611-962c285e5a18,2026-06-07T02:00:00Z,2026-06-07T04:00:00+0200,12.64,EUR/MWh,FR,FR,day_ahead_price,value,2026-06-21T18:40:53Z
2026-06-21T18:40:01Z,2026-06-21T20:40:01+0200,c0299f87-b988-4d8b-a611-962c285e5a18,2026-06-07T02:15:00Z,2026-06-07T04:15:00+0200,9.18,EUR/MWh,FR,FR,day_ahead_price,value,2026-06-21T18:40:53Z
2026-06-21T18:40:01Z,2026-06-21T20:40:01+0200,c0299f87-b988-4d8b-a611-962c285e5a18,2026-06-07T02:30:00Z,2026-06-07T04:30:00+0200,5.44,EUR/MWh,FR,FR,day_ahead_price,value,2026-06-21T18:40:53Z
2026-06-21T18:40:01Z,2026-06-21T20:40:01+0200,c0299f87-b988-4d8b-a611-962c285e5a18,2026-06-07T02:45:00Z,2026-06-07T04:45:00+0200,2.99,EUR/MWh,FR,FR,day_ahead_price,value,2026-06-21T18:40:53Z
2026-06-21T18:40:01Z,2026-06-21T20:40:01+0200,c0299f87-b988-4d8b-a611-962c285e5a18,2026-06-07T03:00:00Z,2026-06-07T05:00:00+0200,6.51,EUR/MWh,FR,FR,day_ahead_price,value,2026-06-21T18:40:53Z
2026-06-21T18:40:01Z,2026-06-21T20:40:01+0200,c0299f87-b988-4d8b-a611-962c285e5a18,2026-06-07T03:15:00Z,2026-06-07T05:15:00+0200,11.45,EUR/MWh,FR,FR,day_ahead_price,value,2026-06-21T18:40:53Z
2026-06-21T18:40:01Z,2026-06-21T20:40:01+0200,c0299f87-b988-4d8b-a611-962c285e5a18,2026-06-07T03:30:00Z,2026-06-07T05:30:00+0200,7.35,EUR/MWh,FR,FR,day_ahead_price,value,2026-06-21T18:40:53Z
2026-06-21T18:40:01Z,2026-06-21T20:40:01+0200,c0299f87-b988-4d8b-a611-962c285e5a18,2026-06-07T03:45:00Z,2026-06-07T05:45:00+0200,7.17,EUR/MWh,FR,FR,day_ahead_price,value,2026-06-21T18:40:53Z
2026-06-21T18:40:01Z,2026-06-21T20:40:01+0200,c0299f87-b988-4d8b-a611-962c285e5a18,2026-06-07T04:00:00Z,2026-06-07T06:00:00+0200,8.75,EUR/MWh,FR,FR,day_ahead_price,value,2026-06-21T18:40:53Z
2026-06-21T18:40:01Z,2026-06-21T20:40:01+0200,c0299f87-b988-4d8b-a611-962c285e5a18,2026-06-07T04:15:00Z,2026-06-07T06:15:00+0200,5.11,EUR/MWh,FR,FR,day_ahead_price,value,2026-06-21T18:40:53Z
2026-06-21T18:40:01Z,2026-06-21T20:40:01+0200,c0299f87-b988-4d8b-a611-962c285e5a18,2026-06-07T04:30:00Z,2026-06-07T06:30:00+0200,4.43,EUR/MWh,FR,FR,day_ahead_price,value,2026-06-21T18:40:53Z
2026-06-21T18:40:01Z,2026-06-21T20:40:01+0200,c0299f87-b988-4d8b-a611-962c285e5a18,2026-06-07T04:45:00Z,2026-06-07T06:45:00+0200,2.1,EUR/MWh,FR,FR,day_ahead_price,value,2026-06-21T18:40:53Z
2026-06-21T18:40:01Z,2026-06-21T20:40:01+0200,c0299f87-b988-4d8b-a611-962c285e5a18,2026-06-07T05:00:00Z,2026-06-07T07:00:00+0200,1.84,EUR/MWh,FR,FR,day_ahead_price,value,2026-06-21T18:40:53Z
2026-06-21T18:40:01Z,2026-06-21T20:40:01+0200,c0299f87-b988-4d8b-a611-962c285e5a18,2026-06-07T05:15:00Z,2026-06-07T07:15:00+0200,0.01,EUR/MWh,FR,FR,day_ahead_price,value,2026-06-21T18:40:53Z
2026-06-21T18:40:01Z,2026-06-21T20:40:01+0200,c0299f87-b988-4d8b-a611-962c285e5a18,2026-06-07T05:30:00Z,2026-06-07T07:30:00+0200,0.0,EUR/MWh,FR,FR,day_ahead_price,value,2026-06-21T18:40:53Z
2026-06-21T18:40:01Z,2026-06-21T20:40:01+0200,c0299f87-b988-4d8b-a611-962c285e5a18,2026-06-07T05:45:00Z,2026-06-07T07:45:00+0200,-0.01,EUR/MWh,FR,FR,day_ahead_price,value,2026-06-21T18:40:53Z
2026-06-21T18:40:01Z,2026-06-21T20:40:01+0200,c0299f87-b988-4d8b-a611-962c285e5a18,2026-06-07T06:00:00Z,2026-06-07T08:00:00+0200,-0.01,EUR/MWh,FR,FR,day_ahead_price,value,2026-06-21T18:40:53Z
2026-06-21T18:40:01Z,2026-06-21T20:40:01+0200,c0299f87-b988-4d8b-a611-962c285e5a18,2026-06-07T06:15:00Z,2026-06-07T08:15:00+0200,-0.05,EUR/MWh,FR,FR,day_ahead_price,value,2026-06-21T18:40:53Z
2026-06-21T18:40:01Z,2026-06-21T20:40:01+0200,c0299f87-b988-4d8b-a611-962c285e5a18,2026-06-07T06:30:00Z,2026-06-07T08:30:00+0200,-0.11,EUR/MWh,FR,FR,day_ahead_price,value,2026-06-21T18:40:53Z
2026-06-21T18:40:01Z,2026-06-21T20:40:01+0200,c0299f87-b988-4d8b-a611-962c285e5a18,2026-06-07T06:45:00Z,2026-06-07T08:45:00+0200,-2.03,EUR/MWh,FR,FR,day_ahead_price,value,2026-06-21T18:40:53Z
2026-06-21T18:40:01Z,2026-06-21T20:40:01+0200,c0299f87-b988-4d8b-a611-962c285e5a18,2026-06-07T07:00:00Z,2026-06-07T09:00:00+0200,-1.3,EUR/MWh,FR,FR,day_ahead_price,value,2026-06-21T18:40:53Z
2026-06-21T18:40:01Z,2026-06-21T20:40:01+0200,c0299f87-b988-4d8b-a611-962c285e5a18,2026-06-07T07:15:00Z,2026-06-07T09:15:00+0200,-3.4,EUR/MWh,FR,FR,day_ahead_price,value,2026-06-21T18:40:53Z
2026-06-21T18:40:01Z,2026-06-21T20:40:01+0200,c0299f87-b988-4d8b-a611-962c285e5a18,2026-06-07T07:30:00Z,2026-06-07T09:30:00+0200,-5.49,EUR/MWh,FR,FR,day_ahead_price,value,2026-06-21T18:40:53Z
2026-06-21T18:40:01Z,2026-06-21T20:40:01+0200,c0299f87-b988-4d8b-a611-962c285e5a18,2026-06-07T07:45:00Z,2026-06-07T09:45:00+0200,-9.98,EUR/MWh,FR,FR,day_ahead_price,value,2026-06-21T18:40:53Z
2026-06-21T18:40:01Z,2026-06-21T20:40:01+0200,c0299f87-b988-4d8b-a611-962c285e5a18,2026-06-07T08:00:00Z,2026-06-07T10:00:00+0200,-4.99,EUR/MWh,FR,FR,day_ahead_price,value,2026-06-21T18:40:53Z
2026-06-21T18:40:01Z,2026-06-21T20:40:01+0200,c0299f87-b988-4d8b-a611-962c285e5a18,2026-06-07T08:15:00Z,2026-06-07T10:15:00+0200,-5.46,EUR/MWh,FR,FR,day_ahead_price,value,2026-06-21T18:40:53Z
2026-06-21T18:40:01Z,2026-06-21T20:40:01+0200,c0299f87-b988-4d8b-a611-962c285e5a18,2026-06-07T08:30:00Z,2026-06-07T10:30:00+0200,-9.88,EUR/MWh,FR,FR,day_ahead_price,value,2026-06-21T18:40:53Z
2026-06-21T18:40:01Z,2026-06-21T20:40:01+0200,c0299f87-b988-4d8b-a611-962c285e5a18,2026-06-07T08:45:00Z,2026-06-07T10:45:00+0200,-11.67,EUR/MWh,FR,FR,day_ahead_price,value,2026-06-21T18:40:53Z
2026-06-21T18:40:01Z,2026-06-21T20:40:01+0200,c0299f87-b988-4d8b-a611-962c285e5a18,2026-06-07T09:00:00Z,2026-06-07T11:00:00+0200,-12.7,EUR/MWh,FR,FR,day_ahead_price,value,2026-06-21T18:40:53Z
2026-06-21T18:40:01Z,2026-06-21T20:40:01+0200,c0299f87-b988-4d8b-a611-962c285e5a18,2026-06-07T09:15:00Z,2026-06-07T11:15:00+0200,-14.6,EUR/MWh,FR,FR,day_ahead_price,value,2026-06-21T18:40:53Z
2026-06-21T18:40:01Z,2026-06-21T20:40:01+0200,c0299f87-b988-4d8b-a611-962c285e5a18,2026-06-07T09:30:00Z,2026-06-07T11:30:00+0200,-14.3,EUR/MWh,FR,FR,day_ahead_price,value,2026-06-21T18:40:53Z
2026-06-21T18:40:01Z,2026-06-21T20:40:01+0200,c0299f87-b988-4d8b-a611-962c285e5a18,2026-06-07T09:45:00Z,2026-06-07T11:45:00+0200,-14.57,EUR/MWh,FR,FR,day_ahead_price,value,2026-06-21T18:40:53Z
2026-06-21T18:40:01Z,2026-06-21T20:40:01+0200,c0299f87-b988-4d8b-a611-962c285e5a18,2026-06-07T10:00:00Z,2026-06-07T12:00:00+0200,-14.99,EUR/MWh,FR,FR,day_ahead_price,value,2026-06-21T18:40:53Z
2026-06-21T18:40:01Z,2026-06-21T20:40:01+0200,c0299f87-b988-4d8b-a611-962c285e5a18,2026-06-07T10:15:00Z,2026-06-07T12:15:00+0200,-19.0,EUR/MWh,FR,FR,day_ahead_price,value,2026-06-21T18:40:53Z
2026-06-21T18:40:01Z,2026-06-21T20:40:01+0200,c0299f87-b988-4d8b-a611-962c285e5a18,2026-06-07T10:30:00Z,2026-06-07T12:30:00+0200,-19.0,EUR/MWh,FR,FR,day_ahead_price,value,2026-06-21T18:40:53Z
2026-06-21T18:40:01Z,2026-06-21T20:40:01+0200,c0299f87-b988-4d8b-a611-962c285e5a18,2026-06-07T10:45:00Z,2026-06-07T12:45:00+0200,-20.06,EUR/MWh,FR,FR,day_ahead_price,value,2026-06-21T18:40:53Z
2026-06-21T18:40:01Z,2026-06-21T20:40:01+0200,c0299f87-b988-4d8b-a611-962c285e5a18,2026-06-07T11:00:00Z,2026-06-07T13:00:00+0200,-23.38,EUR/MWh,FR,FR,day_ahead_price,value,2026-06-21T18:40:53Z
2026-06-21T18:40:01Z,2026-06-21T20:40:01+0200,c0299f87-b988-4d8b-a611-962c285e5a18,2026-06-07T11:15:00Z,2026-06-07T13:15:00+0200,-29.98,EUR/MWh,FR,FR,day_ahead_price,value,2026-06-21T18:40:53Z
2026-06-21T18:40:01Z,2026-06-21T20:40:01+0200,c0299f87-b988-4d8b-a611-962c285e5a18,2026-06-07T11:30:00Z,2026-06-07T13:30:00+0200,-40.0,EUR/MWh,FR,FR,day_ahead_price,value,2026-06-21T18:40:53Z
2026-06-21T18:40:01Z,2026-06-21T20:40:01+0200,c0299f87-b988-4d8b-a611-962c285e5a18,2026-06-07T11:45:00Z,2026-06-07T13:45:00+0200,-50.08,EUR/MWh,FR,FR,day_ahead_price,value,2026-06-21T18:40:53Z
2026-06-21T18:40:01Z,2026-06-21T20:40:01+0200,c0299f87-b988-4d8b-a611-962c285e5a18,2026-06-07T12:00:00Z,2026-06-07T14:00:00+0200,-43.98,EUR/MWh,FR,FR,day_ahead_price,value,2026-06-21T18:40:53Z
2026-06-21T18:40:01Z,2026-06-21T20:40:01+0200,c0299f87-b988-4d8b-a611-962c285e5a18,2026-06-07T12:15:00Z,2026-06-07T14:15:00+0200,-45.37,EUR/MWh,FR,FR,day_ahead_price,value,2026-06-21T18:40:53Z
2026-06-21T18:40:01Z,2026-06-21T20:40:01+0200,c0299f87-b988-4d8b-a611-962c285e5a18,2026-06-07T12:30:00Z,2026-06-07T14:30:00+0200,-44.37,EUR/MWh,FR,FR,day_ahead_price,value,2026-06-21T18:40:53Z
2026-06-21T18:40:01Z,2026-06-21T20:40:01+0200,c0299f87-b988-4d8b-a611-962c285e5a18,2026-06-07T12:45:00Z,2026-06-07T14:45:00+0200,-44.91,EUR/MWh,FR,FR,day_ahead_price,value,2026-06-21T18:40:53Z
2026-06-21T18:40:01Z,2026-06-21T20:40:01+0200,c0299f87-b988-4d8b-a611-962c285e5a18,2026-06-07T13:00:00Z,2026-06-07T15:00:00+0200,-49.84,EUR/MWh,FR,FR,day_ahead_price,value,2026-06-21T18:40:53Z
2026-06-21T18:40:01Z,2026-06-21T20:40:01+0200,c0299f87-b988-4d8b-a611-962c285e5a18,2026-06-07T13:15:00Z,2026-06-07T15:15:00+0200,-39.97,EUR/MWh,FR,FR,day_ahead_price,value,2026-06-21T18:40:53Z
2026-06-21T18:40:01Z,2026-06-21T20:40:01+0200,c0299f87-b988-4d8b-a611-962c285e5a18,2026-06-07T13:30:00Z,2026-06-07T15:30:00+0200,-31.64,EUR/MWh,FR,FR,day_ahead_price,value,2026-06-21T18:40:53Z
2026-06-21T18:40:01Z,2026-06-21T20:40:01+0200,c0299f87-b988-4d8b-a611-962c285e5a18,2026-06-07T13:45:00Z,2026-06-07T15:45:00+0200,-23.76,EUR/MWh,FR,FR,day_ahead_price,value,2026-06-21T18:40:53Z
2026-06-21T18:40:01Z,2026-06-21T20:40:01+0200,c0299f87-b988-4d8b-a611-962c285e5a18,2026-06-07T14:00:00Z,2026-06-07T16:00:00+0200,-28.0,EUR/MWh,FR,FR,day_ahead_price,value,2026-06-21T18:40:53Z
2026-06-21T18:40:01Z,2026-06-21T20:40:01+0200,c0299f87-b988-4d8b-a611-962c285e5a18,2026-06-07T14:15:00Z,2026-06-07T16:15:00+0200,-17.92,EUR/MWh,FR,FR,day_ahead_price,value,2026-06-21T18:40:53Z
2026-06-21T18:40:01Z,2026-06-21T20:40:01+0200,c0299f87-b988-4d8b-a611-962c285e5a18,2026-06-07T14:30:00Z,2026-06-07T16:30:00+0200,-12.76,EUR/MWh,FR,FR,day_ahead_price,value,2026-06-21T18:40:53Z
2026-06-21T18:40:01Z,2026-06-21T20:40:01+0200,c0299f87-b988-4d8b-a611-962c285e5a18,2026-06-07T14:45:00Z,2026-06-07T16:45:00+0200,-5.03,EUR/MWh,FR,FR,day_ahead_price,value,2026-06-21T18:40:53Z
2026-06-21T18:40:01Z,2026-06-21T20:40:01+0200,c0299f87-b988-4d8b-a611-962c285e5a18,2026-06-07T15:00:00Z,2026-06-07T17:00:00+0200,-3.41,EUR/MWh,FR,FR,day_ahead_price,value,2026-06-21T18:40:53Z
2026-06-21T18:40:01Z,2026-06-21T20:40:01+0200,c0299f87-b988-4d8b-a611-962c285e5a18,2026-06-07T15:15:00Z,2026-06-07T17:15:00+0200,-1.0,EUR/MWh,FR,FR,day_ahead_price,value,2026-06-21T18:40:53Z
2026-06-21T18:40:01Z,2026-06-21T20:40:01+0200,c0299f87-b988-4d8b-a611-962c285e5a18,2026-06-07T15:30:00Z,2026-06-07T17:30:00+0200,-0.09,EUR/MWh,FR,FR,day_ahead_price,value,2026-06-21T18:40:53Z
2026-06-21T18:40:01Z,2026-06-21T20:40:01+0200,c0299f87-b988-4d8b-a611-962c285e5a18,2026-06-07T15:45:00Z,2026-06-07T17:45:00+0200,0.0,EUR/MWh,FR,FR,day_ahead_price,value,2026-06-21T18:40:53Z
2026-06-21T18:40:01Z,2026-06-21T20:40:01+0200,c0299f87-b988-4d8b-a611-962c285e5a18,2026-06-07T16:00:00Z,2026-06-07T18:00:00+0200,0.0,EUR/MWh,FR,FR,day_ahead_price,value,2026-06-21T18:40:53Z
2026-06-21T18:40:01Z,2026-06-21T20:40:01+0200,c0299f87-b988-4d8b-a611-962c285e5a18,2026-06-07T16:15:00Z,2026-06-07T18:15:00+0200,0.02,EUR/MWh,FR,FR,day_ahead_price,value,2026-06-21T18:40:53Z
2026-06-21T18:40:01Z,2026-06-21T20:40:01+0200,c0299f87-b988-4d8b-a611-962c285e5a18,2026-06-07T16:30:00Z,2026-06-07T18:30:00+0200,0.84,EUR/MWh,FR,FR,day_ahead_price,value,2026-06-21T18:40:53Z
2026-06-21T18:40:01Z,2026-06-21T20:40:01+0200,c0299f87-b988-4d8b-a611-962c285e5a18,2026-06-07T16:45:00Z,2026-06-07T18:45:00+0200,1.44,EUR/MWh,FR,FR,day_ahead_price,value,2026-06-21T18:40:53Z
2026-06-21T18:40:01Z,2026-06-21T20:40:01+0200,c0299f87-b988-4d8b-a611-962c285e5a18,2026-06-07T17:00:00Z,2026-06-07T19:00:00+0200,5.93,EUR/MWh,FR,FR,day_ahead_price,value,2026-06-21T18:40:53Z
2026-06-21T18:40:01Z,2026-06-21T20:40:01+0200,c0299f87-b988-4d8b-a611-962c285e5a18,2026-06-07T17:15:00Z,2026-06-07T19:15:00+0200,22.09,EUR/MWh,FR,FR,day_ahead_price,value,2026-06-21T18:40:53Z
2026-06-21T18:40:01Z,2026-06-21T20:40:01+0200,c0299f87-b988-4d8b-a611-962c285e5a18,2026-06-07T17:30:00Z,2026-06-07T19:30:00+0200,36.69,EUR/MWh,FR,FR,day_ahead_price,value,2026-06-21T18:40:53Z
2026-06-21T18:40:01Z,2026-06-21T20:40:01+0200,c0299f87-b988-4d8b-a611-962c285e5a18,2026-06-07T17:45:00Z,2026-06-07T19:45:00+0200,61.55,EUR/MWh,FR,FR,day_ahead_price,value,2026-06-21T18:40:53Z
2026-06-21T18:40:01Z,2026-06-21T20:40:01+0200,c0299f87-b988-4d8b-a611-962c285e5a18,2026-06-07T18:00:00Z,2026-06-07T20:00:00+0200,60.5,EUR/MWh,FR,FR,day_ahead_price,value,2026-06-21T18:40:53Z
2026-06-21T18:40:01Z,2026-06-21T20:40:01+0200,c0299f87-b988-4d8b-a611-962c285e5a18,2026-06-07T18:15:00Z,2026-06-07T20:15:00+0200,82.01,EUR/MWh,FR,FR,day_ahead_price,value,2026-06-21T18:40:53Z
2026-06-21T18:40:01Z,2026-06-21T20:40:01+0200,c0299f87-b988-4d8b-a611-962c285e5a18,2026-06-07T18:30:00Z,2026-06-07T20:30:00+0200,97.99,EUR/MWh,FR,FR,day_ahead_price,value,2026-06-21T18:40:53Z
2026-06-21T18:40:01Z,2026-06-21T20:40:01+0200,c0299f87-b988-4d8b-a611-962c285e5a18,2026-06-07T18:45:00Z,2026-06-07T20:45:00+0200,109.48,EUR/MWh,FR,FR,day_ahead_price,value,2026-06-21T18:40:53Z
2026-06-21T18:40:01Z,2026-06-21T20:40:01+0200,c0299f87-b988-4d8b-a611-962c285e5a18,2026-06-07T19:00:00Z,2026-06-07T21:00:00+0200,102.64,EUR/MWh,FR,FR,day_ahead_price,value,2026-06-21T18:40:53Z
2026-06-21T18:40:01Z,2026-06-21T20:40:01+0200,c0299f87-b988-4d8b-a611-962c285e5a18,2026-06-07T19:15:00Z,2026-06-07T21:15:00+0200,94.66,EUR/MWh,FR,FR,day_ahead_price,value,2026-06-21T18:40:53Z
2026-06-21T18:40:01Z,2026-06-21T20:40:01+0200,c0299f87-b988-4d8b-a611-962c285e5a18,2026-06-07T19:30:00Z,2026-06-07T21:30:00+0200,91.54,EUR/MWh,FR,FR,day_ahead_price,value,2026-06-21T18:40:53Z
2026-06-21T18:40:01Z,2026-06-21T20:40:01+0200,c0299f87-b988-4d8b-a611-962c285e5a18,2026-06-07T19:45:00Z,2026-06-07T21:45:00+0200,81.97,EUR/MWh,FR,FR,day_ahead_price,value,2026-06-21T18:40:53Z
2026-06-21T18:40:01Z,2026-06-21T20:40:01+0200,c0299f87-b988-4d8b-a611-962c285e5a18,2026-06-07T20:00:00Z,2026-06-07T22:00:00+0200,122.1,EUR/MWh,FR,FR,day_ahead_price,value,2026-06-21T18:40:53Z
2026-06-21T18:40:01Z,2026-06-21T20:40:01+0200,c0299f87-b988-4d8b-a611-962c285e5a18,2026-06-07T20:15:00Z,2026-06-07T22:15:00+0200,97.14,EUR/MWh,FR,FR,day_ahead_price,value,2026-06-21T18:40:53Z
2026-06-21T18:40:01Z,2026-06-21T20:40:01+0200,c0299f87-b988-4d8b-a611-962c285e5a18,2026-06-07T20:30:00Z,2026-06-07T22:30:00+0200,125.54,EUR/MWh,FR,FR,day_ahead_price,value,2026-06-21T18:40:53Z
2026-06-21T18:40:01Z,2026-06-21T20:40:01+0200,c0299f87-b988-4d8b-a611-962c285e5a18,2026-06-07T20:45:00Z,2026-06-07T22:45:00+0200,114.68,EUR/MWh,FR,FR,day_ahead_price,value,2026-06-21T18:40:53Z
2026-06-21T18:40:01Z,2026-06-21T20:40:01+0200,c0299f87-b988-4d8b-a611-962c285e5a18,2026-06-07T21:00:00Z,2026-06-07T23:00:00+0200,123.41,EUR/MWh,FR,FR,day_ahead_price,value,2026-06-21T18:40:53Z
2026-06-21T18:40:01Z,2026-06-21T20:40:01+0200,c0299f87-b988-4d8b-a611-962c285e5a18,2026-06-07T21:15:00Z,2026-06-07T23:15:00+0200,104.95,EUR/MWh,FR,FR,day_ahead_price,value,2026-06-21T18:40:53Z
2026-06-21T18:40:01Z,2026-06-21T20:40:01+0200,c0299f87-b988-4d8b-a611-962c285e5a18,2026-06-07T21:30:00Z,2026-06-07T23:30:00+0200,115.0,EUR/MWh,FR,FR,day_ahead_price,value,2026-06-21T18:40:53Z
2026-06-21T18:40:01Z,2026-06-21T20:40:01+0200,c0299f87-b988-4d8b-a611-962c285e5a18,2026-06-07T21:45:00Z,2026-06-07T23:45:00+0200,68.64,EUR/MWh,FR,FR,day_ahead_price,value,2026-06-21T18:40:53Z
2026-06-21T18:40:01Z,2026-06-21T20:40:01+0200,c0299f87-b988-4d8b-a611-962c285e5a18,2026-06-07T22:00:00Z,2026-06-08T00:00:00+0200,114.0,EUR/MWh,FR,FR,day_ahead_price,value,2026-06-21T18:40:53Z
2026-06-21T18:40:01Z,2026-06-21T20:40:01+0200,c0299f87-b988-4d8b-a611-962c285e5a18,2026-06-07T22:15:00Z,2026-06-08T00:15:00+0200,88.0,EUR/MWh,FR,FR,day_ahead_price,value,2026-06-21T18:40:53Z
2026-06-21T18:40:01Z,2026-06-21T20:40:01+0200,c0299f87-b988-4d8b-a611-962c285e5a18,2026-06-07T22:30:00Z,2026-06-08T00:30:00+0200,54.99,EUR/MWh,FR,FR,day_ahead_price,value,2026-06-21T18:40:53Z
2026-06-21T18:40:01Z,2026-06-21T20:40:01+0200,c0299f87-b988-4d8b-a611-962c285e5a18,2026-06-07T22:45:00Z,2026-06-08T00:45:00+0200,2.06,EUR/MWh,FR,FR,day_ahead_price,value,2026-06-21T18:40:53Z
2026-06-21T18:40:01Z,2026-06-21T20:40:01+0200,c0299f87-b988-4d8b-a611-962c285e5a18,2026-06-07T23:00:00Z,2026-06-08T01:00:00+0200,86.31,EUR/MWh,FR,FR,day_ahead_price,value,2026-06-21T18:40:53Z
2026-06-21T18:40:01Z,2026-06-21T20:40:01+0200,c0299f87-b988-4d8b-a611-962c285e5a18,2026-06-07T23:15:00Z,2026-06-08T01:15:00+0200,35.08,EUR/MWh,FR,FR,day_ahead_price,value,2026-06-21T18:40:53Z
2026-06-21T18:40:01Z,2026-06-21T20:40:01+0200,c0299f87-b988-4d8b-a611-962c285e5a18,2026-06-07T23:30:00Z,2026-06-08T01:30:00+0200,49.97,EUR/MWh,FR,FR,day_ahead_price,value,2026-06-21T18:40:53Z
2026-06-21T18:40:01Z,2026-06-21T20:40:01+0200,c0299f87-b988-4d8b-a611-962c285e5a18,2026-06-07T23:45:00Z,2026-06-08T01:45:00+0200,4.75,EUR/MWh,FR,FR,day_ahead_price,value,2026-06-21T18:40:53Z
2026-06-21T18:40:01Z,2026-06-21T20:40:01+0200,c0299f87-b988-4d8b-a611-962c285e5a18,2026-06-08T00:00:00Z,2026-06-08T02:00:00+0200,41.7,EUR/MWh,FR,FR,day_ahead_price,value,2026-06-21T18:40:53Z
2026-06-21T18:40:01Z,2026-06-21T20:40:01+0200,c0299f87-b988-4d8b-a611-962c285e5a18,2026-06-08T00:15:00Z,2026-06-08T02:15:00+0200,7.39,EUR/MWh,FR,FR,day_ahead_price,value,2026-06-21T18:40:53Z
2026-06-21T18:40:01Z,2026-06-21T20:40:01+0200,c0299f87-b988-4d8b-a611-962c285e5a18,2026-06-08T00:30:00Z,2026-06-08T02:30:00+0200,35.07,EUR/MWh,FR,FR,day_ahead_price,value,2026-06-21T18:40:53Z
2026-06-21T18:40:01Z,2026-06-21T20:40:01+0200,c0299f87-b988-4d8b-a611-962c285e5a18,2026-06-08T00:45:00Z,2026-06-08T02:45:00+0200,10.52,EUR/MWh,FR,FR,day_ahead_price,value,2026-06-21T18:40:53Z
2026-06-21T18:40:01Z,2026-06-21T20:40:01+0200,c0299f87-b988-4d8b-a611-962c285e5a18,2026-06-08T01:00:00Z,2026-06-08T03:00:00+0200,19.91,EUR/MWh,FR,FR,day_ahead_price,value,2026-06-21T18:40:53Z
2026-06-21T18:40:01Z,2026-06-21T20:40:01+0200,c0299f87-b988-4d8b-a611-962c285e5a18,2026-06-08T01:15:00Z,2026-06-08T03:15:00+0200,3.2,EUR/MWh,FR,FR,day_ahead_price,value,2026-06-21T18:40:53Z
2026-06-21T18:40:01Z,2026-06-21T20:40:01+0200,c0299f87-b988-4d8b-a611-962c285e5a18,2026-06-08T01:30:00Z,2026-06-08T03:30:00+0200,34.39,EUR/MWh,FR,FR,day_ahead_price,value,2026-06-21T18:40:53Z
2026-06-21T18:40:01Z,2026-06-21T20:40:01+0200,c0299f87-b988-4d8b-a611-962c285e5a18,2026-06-08T01:45:00Z,2026-06-08T03:45:00+0200,27.68,EUR/MWh,FR,FR,day_ahead_price,value,2026-06-21T18:40:53Z
2026-06-21T18:40:01Z,2026-06-21T20:40:01+0200,c0299f87-b988-4d8b-a611-962c285e5a18,2026-06-08T02:00:00Z,2026-06-08T04:00:00+0200,39.6,EUR/MWh,FR,FR,day_ahead_price,value,2026-06-21T18:40:53Z
2026-06-21T18:40:01Z,2026-06-21T20:40:01+0200,c0299f87-b988-4d8b-a611-962c285e5a18,2026-06-08T02:15:00Z,2026-06-08T04:15:00+0200,34.8,EUR/MWh,FR,FR,day_ahead_price,value,2026-06-21T18:40:53Z
2026-06-21T18:40:01Z,2026-06-21T20:40:01+0200,c0299f87-b988-4d8b-a611-962c285e5a18,2026-06-08T02:30:00Z,2026-06-08T04:30:00+0200,32.94,EUR/MWh,FR,FR,day_ahead_price,value,2026-06-21T18:40:53Z
2026-06-21T18:40:01Z,2026-06-21T20:40:01+0200,c0299f87-b988-4d8b-a611-962c285e5a18,2026-06-08T02:45:00Z,2026-06-08T04:45:00+0200,42.9,EUR/MWh,FR,FR,day_ahead_price,value,2026-06-21T18:40:53Z
2026-06-21T18:40:01Z,2026-06-21T20:40:01+0200,c0299f87-b988-4d8b-a611-962c285e5a18,2026-06-08T03:00:00Z,2026-06-08T05:00:00+0200,33.22,EUR/MWh,FR,FR,day_ahead_price,value,2026-06-21T18:40:53Z
2026-06-21T18:40:01Z,2026-06-21T20:40:01+0200,c0299f87-b988-4d8b-a611-962c285e5a18,2026-06-08T03:15:00Z,2026-06-08T05:15:00+0200,32.45,EUR/MWh,FR,FR,day_ahead_price,value,2026-06-21T18:40:53Z
2026-06-21T18:40:01Z,2026-06-21T20:40:01+0200,c0299f87-b988-4d8b-a611-962c285e5a18,2026-06-08T03:30:00Z,2026-06-08T05:30:00+0200,6.46,EUR/MWh,FR,FR,day_ahead_price,value,2026-06-21T18:40:53Z
2026-06-21T18:40:01Z,2026-06-21T20:40:01+0200,c0299f87-b988-4d8b-a611-962c285e5a18,2026-06-08T03:45:00Z,2026-06-08T05:45:00+0200,16.79,EUR/MWh,FR,FR,day_ahead_price,value,2026-06-21T18:40:53Z
2026-06-21T18:40:01Z,2026-06-21T20:40:01+0200,c0299f87-b988-4d8b-a611-962c285e5a18,2026-06-08T04:00:00Z,2026-06-08T06:00:00+0200,33.01,EUR/MWh,FR,FR,day_ahead_price,value,2026-06-21T18:40:53Z
2026-06-21T18:40:01Z,2026-06-21T20:40:01+0200,c0299f87-b988-4d8b-a611-962c285e5a18,2026-06-08T04:15:00Z,2026-06-08T06:15:00+0200,36.0,EUR/MWh,FR,FR,day_ahead_price,value,2026-06-21T18:40:53Z
2026-06-21T18:40:01Z,2026-06-21T20:40:01+0200,c0299f87-b988-4d8b-a611-962c285e5a18,2026-06-08T04:30:00Z,2026-06-08T06:30:00+0200,0.0,EUR/MWh,FR,FR,day_ahead_price,value,2026-06-21T18:40:53Z
2026-06-21T18:40:01Z,2026-06-21T20:40:01+0200,c0299f87-b988-4d8b-a611-962c285e5a18,2026-06-08T04:45:00Z,2026-06-08T06:45:00+0200,1.9,EUR/MWh,FR,FR,day_ahead_price,value,2026-06-21T18:40:53Z
2026-06-21T18:40:01Z,2026-06-21T20:40:01+0200,c0299f87-b988-4d8b-a611-962c285e5a18,2026-06-08T05:00:00Z,2026-06-08T07:00:00+0200,51.64,EUR/MWh,FR,FR,day_ahead_price,value,2026-06-21T18:40:53Z
2026-06-21T18:40:01Z,2026-06-21T20:40:01+0200,c0299f87-b988-4d8b-a611-962c285e5a18,2026-06-08T05:15:00Z,2026-06-08T07:15:00+0200,71.58,EUR/MWh,FR,FR,day_ahead_price,value,2026-06-21T18:40:53Z
2026-06-21T18:40:01Z,2026-06-21T20:40:01+0200,c0299f87-b988-4d8b-a611-962c285e5a18,2026-06-08T05:30:00Z,2026-06-08T07:30:00+0200,67.99,EUR/MWh,FR,FR,day_ahead_price,value,2026-06-21T18:40:53Z
2026-06-21T18:40:01Z,2026-06-21T20:40:01+0200,c0299f87-b988-4d8b-a611-962c285e5a18,2026-06-08T05:45:00Z,2026-06-08T07:45:00+0200,58.97,EUR/MWh,FR,FR,day_ahead_price,value,2026-06-21T18:40:53Z
2026-06-21T18:40:01Z,2026-06-21T20:40:01+0200,c0299f87-b988-4d8b-a611-962c285e5a18,2026-06-08T06:00:00Z,2026-06-08T08:00:00+0200,102.55,EUR/MWh,FR,FR,day_ahead_price,value,2026-06-21T18:40:53Z
2026-06-21T18:40:01Z,2026-06-21T20:40:01+0200,c0299f87-b988-4d8b-a611-962c285e5a18,2026-06-08T06:15:00Z,2026-06-08T08:15:00+0200,83.44,EUR/MWh,FR,FR,day_ahead_price,value,2026-06-21T18:40:53Z
2026-06-21T18:40:01Z,2026-06-21T20:40:01+0200,c0299f87-b988-4d8b-a611-962c285e5a18,2026-06-08T06:30:00Z,2026-06-08T08:30:00+0200,78.7,EUR/MWh,FR,FR,day_ahead_price,value,2026-06-21T18:40:53Z
2026-06-21T18:40:01Z,2026-06-21T20:40:01+0200,c0299f87-b988-4d8b-a611-962c285e5a18,2026-06-08T06:45:00Z,2026-06-08T08:45:00+0200,55.03,EUR/MWh,FR,FR,day_ahead_price,value,2026-06-21T18:40:53Z
2026-06-21T18:40:01Z,2026-06-21T20:40:01+0200,c0299f87-b988-4d8b-a611-962c285e5a18,2026-06-08T07:00:00Z,2026-06-08T09:00:00+0200,70.19,EUR/MWh,FR,FR,day_ahead_price,value,2026-06-21T18:40:53Z
2026-06-21T18:40:01Z,2026-06-21T20:40:01+0200,c0299f87-b988-4d8b-a611-962c285e5a18,2026-06-08T07:15:00Z,2026-06-08T09:15:00+0200,52.19,EUR/MWh,FR,FR,day_ahead_price,value,2026-06-21T18:40:53Z
2026-06-21T18:40:01Z,2026-06-21T20:40:01+0200,c0299f87-b988-4d8b-a611-962c285e5a18,2026-06-08T07:30:00Z,2026-06-08T09:30:00+0200,45.0,EUR/MWh,FR,FR,day_ahead_price,value,2026-06-21T18:40:53Z
2026-06-21T18:40:01Z,2026-06-21T20:40:01+0200,c0299f87-b988-4d8b-a611-962c285e5a18,2026-06-08T07:45:00Z,2026-06-08T09:45:00+0200,29.74,EUR/MWh,FR,FR,day_ahead_price,value,2026-06-21T18:40:53Z
2026-06-21T18:40:01Z,2026-06-21T20:40:01+0200,c0299f87-b988-4d8b-a611-962c285e5a18,2026-06-08T08:00:00Z,2026-06-08T10:00:00+0200,34.16,EUR/MWh,FR,FR,day_ahead_price,value,2026-06-21T18:40:53Z
2026-06-21T18:40:01Z,2026-06-21T20:40:01+0200,c0299f87-b988-4d8b-a611-962c285e5a18,2026-06-08T08:15:00Z,2026-06-08T10:15:00+0200,25.1,EUR/MWh,FR,FR,day_ahead_price,value,2026-06-21T18:40:53Z
2026-06-21T18:40:01Z,2026-06-21T20:40:01+0200,c0299f87-b988-4d8b-a611-962c285e5a18,2026-06-08T08:30:00Z,2026-06-08T10:30:00+0200,25.0,EUR/MWh,FR,FR,day_ahead_price,value,2026-06-21T18:40:53Z
2026-06-21T18:40:01Z,2026-06-21T20:40:01+0200,c0299f87-b988-4d8b-a611-962c285e5a18,2026-06-08T08:45:00Z,2026-06-08T10:45:00+0200,20.53,EUR/MWh,FR,FR,day_ahead_price,value,2026-06-21T18:40:53Z
2026-06-21T18:40:01Z,2026-06-21T20:40:01+0200,c0299f87-b988-4d8b-a611-962c285e5a18,2026-06-08T09:00:00Z,2026-06-08T11:00:00+0200,23.1,EUR/MWh,FR,FR,day_ahead_price,value,2026-06-21T18:40:53Z
2026-06-21T18:40:01Z,2026-06-21T20:40:01+0200,c0299f87-b988-4d8b-a611-962c285e5a18,2026-06-08T09:15:00Z,2026-06-08T11:15:00+0200,20.0,EUR/MWh,FR,FR,day_ahead_price,value,2026-06-21T18:40:53Z
2026-06-21T18:40:01Z,2026-06-21T20:40:01+0200,c0299f87-b988-4d8b-a611-962c285e5a18,2026-06-08T09:30:00Z,2026-06-08T11:30:00+0200,10.03,EUR/MWh,FR,FR,day_ahead_price,value,2026-06-21T18:40:53Z
2026-06-21T18:40:01Z,2026-06-21T20:40:01+0200,c0299f87-b988-4d8b-a611-962c285e5a18,2026-06-08T09:45:00Z,2026-06-08T11:45:00+0200,6.84,EUR/MWh,FR,FR,day_ahead_price,value,2026-06-21T18:40:53Z
2026-06-21T18:40:01Z,2026-06-21T20:40:01+0200,c0299f87-b988-4d8b-a611-962c285e5a18,2026-06-08T10:00:00Z,2026-06-08T12:00:00+0200,13.35,EUR/MWh,FR,FR,day_ahead_price,value,2026-06-21T18:40:53Z
2026-06-21T18:40:01Z,2026-06-21T20:40:01+0200,c0299f87-b988-4d8b-a611-962c285e5a18,2026-06-08T10:15:00Z,2026-06-08T12:15:00+0200,8.34,EUR/MWh,FR,FR,day_ahead_price,value,2026-06-21T18:40:53Z
2026-06-21T18:40:01Z,2026-06-21T20:40:01+0200,c0299f87-b988-4d8b-a611-962c285e5a18,2026-06-08T10:30:00Z,2026-06-08T12:30:00+0200,11.73,EUR/MWh,FR,FR,day_ahead_price,value,2026-06-21T18:40:53Z
2026-06-21T18:40:01Z,2026-06-21T20:40:01+0200,c0299f87-b988-4d8b-a611-962c285e5a18,2026-06-08T10:45:00Z,2026-06-08T12:45:00+0200,6.0,EUR/MWh,FR,FR,day_ahead_price,value,2026-06-21T18:40:53Z
2026-06-21T18:40:01Z,2026-06-21T20:40:01+0200,c0299f87-b988-4d8b-a611-962c285e5a18,2026-06-08T11:00:00Z,2026-06-08T13:00:00+0200,4.82,EUR/MWh,FR,FR,day_ahead_price,value,2026-06-21T18:40:53Z
2026-06-21T18:40:01Z,2026-06-21T20:40:01+0200,c0299f87-b988-4d8b-a611-962c285e5a18,2026-06-08T11:15:00Z,2026-06-08T13:15:00+0200,2.21,EUR/MWh,FR,FR,day_ahead_price,value,2026-06-21T18:40:53Z
2026-06-21T18:40:01Z,2026-06-21T20:40:01+0200,c0299f87-b988-4d8b-a611-962c285e5a18,2026-06-08T11:30:00Z,2026-06-08T13:30:00+0200,2.0,EUR/MWh,FR,FR,day_ahead_price,value,2026-06-21T18:40:53Z
2026-06-21T18:40:01Z,2026-06-21T20:40:01+0200,c0299f87-b988-4d8b-a611-962c285e5a18,2026-06-08T11:45:00Z,2026-06-08T13:45:00+0200,1.44,EUR/MWh,FR,FR,day_ahead_price,value,2026-06-21T18:40:53Z
2026-06-21T18:40:01Z,2026-06-21T20:40:01+0200,c0299f87-b988-4d8b-a611-962c285e5a18,2026-06-08T12:00:00Z,2026-06-08T14:00:00+0200,1.55,EUR/MWh,FR,FR,day_ahead_price,value,2026-06-21T18:40:53Z
2026-06-21T18:40:01Z,2026-06-21T20:40:01+0200,c0299f87-b988-4d8b-a611-962c285e5a18,2026-06-08T12:15:00Z,2026-06-08T14:15:00+0200,1.09,EUR/MWh,FR,FR,day_ahead_price,value,2026-06-21T18:40:53Z
2026-06-21T18:40:01Z,2026-06-21T20:40:01+0200,c0299f87-b988-4d8b-a611-962c285e5a18,2026-06-08T12:30:00Z,2026-06-08T14:30:00+0200,1.0,EUR/MWh,FR,FR,day_ahead_price,value,2026-06-21T18:40:53Z
2026-06-21T18:40:01Z,2026-06-21T20:40:01+0200,c0299f87-b988-4d8b-a611-962c285e5a18,2026-06-08T12:45:00Z,2026-06-08T14:45:00+0200,0.84,EUR/MWh,FR,FR,day_ahead_price,value,2026-06-21T18:40:53Z
2026-06-21T18:40:01Z,2026-06-21T20:40:01+0200,c0299f87-b988-4d8b-a611-962c285e5a18,2026-06-08T13:00:00Z,2026-06-08T15:00:00+0200,0.51,EUR/MWh,FR,FR,day_ahead_price,value,2026-06-21T18:40:53Z
2026-06-21T18:40:01Z,2026-06-21T20:40:01+0200,c0299f87-b988-4d8b-a611-962c285e5a18,2026-06-08T13:15:00Z,2026-06-08T15:15:00+0200,0.01,EUR/MWh,FR,FR,day_ahead_price,value,2026-06-21T18:40:53Z
2026-06-21T18:40:01Z,2026-06-21T20:40:01+0200,c0299f87-b988-4d8b-a611-962c285e5a18,2026-06-08T13:30:00Z,2026-06-08T15:30:00+0200,0.0,EUR/MWh,FR,FR,day_ahead_price,value,2026-06-21T18:40:53Z
2026-06-21T18:40:01Z,2026-06-21T20:40:01+0200,c0299f87-b988-4d8b-a611-962c285e5a18,2026-06-08T13:45:00Z,2026-06-08T15:45:00+0200,0.0,EUR/MWh,FR,FR,day_ahead_price,value,2026-06-21T18:40:53Z
2026-06-21T18:40:01Z,2026-06-21T20:40:01+0200,c0299f87-b988-4d8b-a611-962c285e5a18,2026-06-08T14:00:00Z,2026-06-08T16:00:00+0200,0.0,EUR/MWh,FR,FR,day_ahead_price,value,2026-06-21T18:40:53Z
2026-06-21T18:40:01Z,2026-06-21T20:40:01+0200,c0299f87-b988-4d8b-a611-962c285e5a18,2026-06-08T14:15:00Z,2026-06-08T16:15:00+0200,0.0,EUR/MWh,FR,FR,day_ahead_price,value,2026-06-21T18:40:53Z
2026-06-21T18:40:01Z,2026-06-21T20:40:01+0200,c0299f87-b988-4d8b-a611-962c285e5a18,2026-06-08T14:30:00Z,2026-06-08T16:30:00+0200,0.0,EUR/MWh,FR,FR,day_ahead_price,value,2026-06-21T18:40:53Z
2026-06-21T18:40:01Z,2026-06-21T20:40:01+0200,c0299f87-b988-4d8b-a611-962c285e5a18,2026-06-08T14:45:00Z,2026-06-08T16:45:00+0200,0.01,EUR/MWh,FR,FR,day_ahead_price,value,2026-06-21T18:40:53Z
2026-06-21T18:40:01Z,2026-06-21T20:40:01+0200,c0299f87-b988-4d8b-a611-962c285e5a18,2026-06-08T15:00:00Z,2026-06-08T17:00:00+0200,0.71,EUR/MWh,FR,FR,day_ahead_price,value,2026-06-21T18:40:53Z
2026-06-21T18:40:01Z,2026-06-21T20:40:01+0200,c0299f87-b988-4d8b-a611-962c285e5a18,2026-06-08T15:15:00Z,2026-06-08T17:15:00+0200,0.84,EUR/MWh,FR,FR,day_ahead_price,value,2026-06-21T18:40:53Z
2026-06-21T18:40:01Z,2026-06-21T20:40:01+0200,c0299f87-b988-4d8b-a611-962c285e5a18,2026-06-08T15:30:00Z,2026-06-08T17:30:00+0200,0.84,EUR/MWh,FR,FR,day_ahead_price,value,2026-06-21T18:40:53Z
2026-06-21T18:40:01Z,2026-06-21T20:40:01+0200,c0299f87-b988-4d8b-a611-962c285e5a18,2026-06-08T15:45:00Z,2026-06-08T17:45:00+0200,1.75,EUR/MWh,FR,FR,day_ahead_price,value,2026-06-21T18:40:53Z
2026-06-21T18:40:01Z,2026-06-21T20:40:01+0200,c0299f87-b988-4d8b-a611-962c285e5a18,2026-06-08T16:00:00Z,2026-06-08T18:00:00+0200,2.09,EUR/MWh,FR,FR,day_ahead_price,value,2026-06-21T18:40:53Z
2026-06-21T18:40:01Z,2026-06-21T20:40:01+0200,c0299f87-b988-4d8b-a611-962c285e5a18,2026-06-08T16:15:00Z,2026-06-08T18:15:00+0200,3.08,EUR/MWh,FR,FR,day_ahead_price,value,2026-06-21T18:40:53Z
2026-06-21T18:40:01Z,2026-06-21T20:40:01+0200,c0299f87-b988-4d8b-a611-962c285e5a18,2026-06-08T16:30:00Z,2026-06-08T18:30:00+0200,5.41,EUR/MWh,FR,FR,day_ahead_price,value,2026-06-21T18:40:53Z
2026-06-21T18:40:01Z,2026-06-21T20:40:01+0200,c0299f87-b988-4d8b-a611-962c285e5a18,2026-06-08T16:45:00Z,2026-06-08T18:45:00+0200,19.75,EUR/MWh,FR,FR,day_ahead_price,value,2026-06-21T18:40:53Z
2026-06-21T18:40:01Z,2026-06-21T20:40:01+0200,c0299f87-b988-4d8b-a611-962c285e5a18,2026-06-08T17:00:00Z,2026-06-08T19:00:00+0200,5.59,EUR/MWh,FR,FR,day_ahead_price,value,2026-06-21T18:40:53Z
2026-06-21T18:40:01Z,2026-06-21T20:40:01+0200,c0299f87-b988-4d8b-a611-962c285e5a18,2026-06-08T17:15:00Z,2026-06-08T19:15:00+0200,30.0,EUR/MWh,FR,FR,day_ahead_price,value,2026-06-21T18:40:53Z
2026-06-21T18:40:01Z,2026-06-21T20:40:01+0200,c0299f87-b988-4d8b-a611-962c285e5a18,2026-06-08T17:30:00Z,2026-06-08T19:30:00+0200,40.3,EUR/MWh,FR,FR,day_ahead_price,value,2026-06-21T18:40:53Z
2026-06-21T18:40:01Z,2026-06-21T20:40:01+0200,c0299f87-b988-4d8b-a611-962c285e5a18,2026-06-08T17:45:00Z,2026-06-08T19:45:00+0200,53.94,EUR/MWh,FR,FR,day_ahead_price,value,2026-06-21T18:40:53Z
2026-06-21T18:40:01Z,2026-06-21T20:40:01+0200,c0299f87-b988-4d8b-a611-962c285e5a18,2026-06-08T18:00:00Z,2026-06-08T20:00:00+0200,36.13,EUR/MWh,FR,FR,day_ahead_price,value,2026-06-21T18:40:53Z
2026-06-21T18:40:01Z,2026-06-21T20:40:01+0200,c0299f87-b988-4d8b-a611-962c285e5a18,2026-06-08T18:15:00Z,2026-06-08T20:15:00+0200,55.7,EUR/MWh,FR,FR,day_ahead_price,value,2026-06-21T18:40:53Z
2026-06-21T18:40:01Z,2026-06-21T20:40:01+0200,c0299f87-b988-4d8b-a611-962c285e5a18,2026-06-08T18:30:00Z,2026-06-08T20:30:00+0200,60.67,EUR/MWh,FR,FR,day_ahead_price,value,2026-06-21T18:40:53Z
2026-06-21T18:40:01Z,2026-06-21T20:40:01+0200,c0299f87-b988-4d8b-a611-962c285e5a18,2026-06-08T18:45:00Z,2026-06-08T20:45:00+0200,15.08,EUR/MWh,FR,FR,day_ahead_price,value,2026-06-21T18:40:53Z
2026-06-21T18:40:01Z,2026-06-21T20:40:01+0200,c0299f87-b988-4d8b-a611-962c285e5a18,2026-06-08T19:00:00Z,2026-06-08T21:00:00+0200,23.31,EUR/MWh,FR,FR,day_ahead_price,value,2026-06-21T18:40:53Z
2026-06-21T18:40:01Z,2026-06-21T20:40:01+0200,c0299f87-b988-4d8b-a611-962c285e5a18,2026-06-08T19:15:00Z,2026-06-08T21:15:00+0200,8.9,EUR/MWh,FR,FR,day_ahead_price,value,2026-06-21T18:40:53Z
2026-06-21T18:40:01Z,2026-06-21T20:40:01+0200,c0299f87-b988-4d8b-a611-962c285e5a18,2026-06-08T19:30:00Z,2026-06-08T21:30:00+0200,21.0,EUR/MWh,FR,FR,day_ahead_price,value,2026-06-21T18:40:53Z
2026-06-21T18:40:01Z,2026-06-21T20:40:01+0200,c0299f87-b988-4d8b-a611-962c285e5a18,2026-06-08T19:45:00Z,2026-06-08T21:45:00+0200,1.33,EUR/MWh,FR,FR,day_ahead_price,value,2026-06-21T18:40:53Z
2026-06-21T18:40:01Z,2026-06-21T20:40:01+0200,c0299f87-b988-4d8b-a611-962c285e5a18,2026-06-08T20:00:00Z,2026-06-08T22:00:00+0200,23.52,EUR/MWh,FR,FR,day_ahead_price,value,2026-06-21T18:40:53Z
2026-06-21T18:40:01Z,2026-06-21T20:40:01+0200,c0299f87-b988-4d8b-a611-962c285e5a18,2026-06-08T20:15:00Z,2026-06-08T22:15:00+0200,16.42,EUR/MWh,FR,FR,day_ahead_price,value,2026-06-21T18:40:53Z
2026-06-21T18:40:01Z,2026-06-21T20:40:01+0200,c0299f87-b988-4d8b-a611-962c285e5a18,2026-06-08T20:30:00Z,2026-06-08T22:30:00+0200,83.88,EUR/MWh,FR,FR,day_ahead_price,value,2026-06-21T18:40:53Z
2026-06-21T18:40:01Z,2026-06-21T20:40:01+0200,c0299f87-b988-4d8b-a611-962c285e5a18,2026-06-08T20:45:00Z,2026-06-08T22:45:00+0200,64.66,EUR/MWh,FR,FR,day_ahead_price,value,2026-06-21T18:40:53Z
2026-06-21T18:40:01Z,2026-06-21T20:40:01+0200,c0299f87-b988-4d8b-a611-962c285e5a18,2026-06-08T21:00:00Z,2026-06-08T23:00:00+0200,67.09,EUR/MWh,FR,FR,day_ahead_price,value,2026-06-21T18:40:53Z
2026-06-21T18:40:01Z,2026-06-21T20:40:01+0200,c0299f87-b988-4d8b-a611-962c285e5a18,2026-06-08T21:15:00Z,2026-06-08T23:15:00+0200,41.61,EUR/MWh,FR,FR,day_ahead_price,value,2026-06-21T18:40:53Z
2026-06-21T18:40:01Z,2026-06-21T20:40:01+0200,c0299f87-b988-4d8b-a611-962c285e5a18,2026-06-08T21:30:00Z,2026-06-08T23:30:00+0200,55.04,EUR/MWh,FR,FR,day_ahead_price,value,2026-06-21T18:40:53Z
2026-06-21T18:40:01Z,2026-06-21T20:40:01+0200,c0299f87-b988-4d8b-a611-962c285e5a18,2026-06-08T21:45:00Z,2026-06-08T23:45:00+0200,42.72,EUR/MWh,FR,FR,day_ahead_price,value,2026-06-21T18:40:53Z
2026-06-21T18:40:01Z,2026-06-21T20:40:01+0200,c0299f87-b988-4d8b-a611-962c285e5a18,2026-06-08T22:00:00Z,2026-06-09T00:00:00+0200,68.8,EUR/MWh,FR,FR,day_ahead_price,value,2026-06-21T18:40:53Z
2026-06-21T18:40:01Z,2026-06-21T20:40:01+0200,c0299f87-b988-4d8b-a611-962c285e5a18,2026-06-08T22:15:00Z,2026-06-09T00:15:00+0200,43.51,EUR/MWh,FR,FR,day_ahead_price,value,2026-06-21T18:40:53Z
2026-06-21T18:40:01Z,2026-06-21T20:40:01+0200,c0299f87-b988-4d8b-a611-962c285e5a18,2026-06-08T22:30:00Z,2026-06-09T00:30:00+0200,58.7,EUR/MWh,FR,FR,day_ahead_price,value,2026-06-21T18:40:53Z
2026-06-21T18:40:01Z,2026-06-21T20:40:01+0200,c0299f87-b988-4d8b-a611-962c285e5a18,2026-06-08T22:45:00Z,2026-06-09T00:45:00+0200,29.23,EUR/MWh,FR,FR,day_ahead_price,value,2026-06-21T18:40:53Z
2026-06-21T18:40:01Z,2026-06-21T20:40:01+0200,c0299f87-b988-4d8b-a611-962c285e5a18,2026-06-08T23:00:00Z,2026-06-09T01:00:00+0200,51.47,EUR/MWh,FR,FR,day_ahead_price,value,2026-06-21T18:40:53Z
2026-06-21T18:40:01Z,2026-06-21T20:40:01+0200,c0299f87-b988-4d8b-a611-962c285e5a18,2026-06-08T23:15:00Z,2026-06-09T01:15:00+0200,34.58,EUR/MWh,FR,FR,day_ahead_price,value,2026-06-21T18:40:53Z
2026-06-21T18:40:01Z,2026-06-21T20:40:01+0200,c0299f87-b988-4d8b-a611-962c285e5a18,2026-06-08T23:30:00Z,2026-06-09T01:30:00+0200,52.76,EUR/MWh,FR,FR,day_ahead_price,value,2026-06-21T18:40:53Z
2026-06-21T18:40:01Z,2026-06-21T20:40:01+0200,c0299f87-b988-4d8b-a611-962c285e5a18,2026-06-08T23:45:00Z,2026-06-09T01:45:00+0200,39.98,EUR/MWh,FR,FR,day_ahead_price,value,2026-06-21T18:40:53Z
2026-06-21T18:40:01Z,2026-06-21T20:40:01+0200,c0299f87-b988-4d8b-a611-962c285e5a18,2026-06-09T00:00:00Z,2026-06-09T02:00:00+0200,49.42,EUR/MWh,FR,FR,day_ahead_price,value,2026-06-21T18:40:53Z
2026-06-21T18:40:01Z,2026-06-21T20:40:01+0200,c0299f87-b988-4d8b-a611-962c285e5a18,2026-06-09T00:15:00Z,2026-06-09T02:15:00+0200,32.42,EUR/MWh,FR,FR,day_ahead_price,value,2026-06-21T18:40:53Z
2026-06-21T18:40:01Z,2026-06-21T20:40:01+0200,c0299f87-b988-4d8b-a611-962c285e5a18,2026-06-09T00:30:00Z,2026-06-09T02:30:00+0200,25.0,EUR/MWh,FR,FR,day_ahead_price,value,2026-06-21T18:40:53Z
2026-06-21T18:40:01Z,2026-06-21T20:40:01+0200,c0299f87-b988-4d8b-a611-962c285e5a18,2026-06-09T00:45:00Z,2026-06-09T02:45:00+0200,26.18,EUR/MWh,FR,FR,day_ahead_price,value,2026-06-21T18:40:53Z
2026-06-21T18:40:01Z,2026-06-21T20:40:01+0200,c0299f87-b988-4d8b-a611-962c285e5a18,2026-06-09T01:00:00Z,2026-06-09T03:00:00+0200,32.23,EUR/MWh,FR,FR,day_ahead_price,value,2026-06-21T18:40:53Z
2026-06-21T18:40:01Z,2026-06-21T20:40:01+0200,c0299f87-b988-4d8b-a611-962c285e5a18,2026-06-09T01:15:00Z,2026-06-09T03:15:00+0200,24.92,EUR/MWh,FR,FR,day_ahead_price,value,2026-06-21T18:40:53Z
2026-06-21T18:40:01Z,2026-06-21T20:40:01+0200,c0299f87-b988-4d8b-a611-962c285e5a18,2026-06-09T01:30:00Z,2026-06-09T03:30:00+0200,27.45,EUR/MWh,FR,FR,day_ahead_price,value,2026-06-21T18:40:53Z
2026-06-21T18:40:01Z,2026-06-21T20:40:01+0200,c0299f87-b988-4d8b-a611-962c285e5a18,2026-06-09T01:45:00Z,2026-06-09T03:45:00+0200,29.8,EUR/MWh,FR,FR,day_ahead_price,value,2026-06-21T18:40:53Z
2026-06-21T18:40:01Z,2026-06-21T20:40:01+0200,c0299f87-b988-4d8b-a611-962c285e5a18,2026-06-09T02:00:00Z,2026-06-09T04:00:00+0200,6.82,EUR/MWh,FR,FR,day_ahead_price,value,2026-06-21T18:40:53Z
2026-06-21T18:40:01Z,2026-06-21T20:40:01+0200,c0299f87-b988-4d8b-a611-962c285e5a18,2026-06-09T02:15:00Z,2026-06-09T04:15:00+0200,5.33,EUR/MWh,FR,FR,day_ahead_price,value,2026-06-21T18:40:53Z
2026-06-21T18:40:01Z,2026-06-21T20:40:01+0200,c0299f87-b988-4d8b-a611-962c285e5a18,2026-06-09T02:30:00Z,2026-06-09T04:30:00+0200,32.83,EUR/MWh,FR,FR,day_ahead_price,value,2026-06-21T18:40:53Z
2026-06-21T18:40:01Z,2026-06-21T20:40:01+0200,c0299f87-b988-4d8b-a611-962c285e5a18,2026-06-09T02:45:00Z,2026-06-09T04:45:00+0200,33.45,EUR/MWh,FR,FR,day_ahead_price,value,2026-06-21T18:40:53Z
2026-06-21T18:40:01Z,2026-06-21T20:40:01+0200,c0299f87-b988-4d8b-a611-962c285e5a18,2026-06-09T03:00:00Z,2026-06-09T05:00:00+0200,26.16,EUR/MWh,FR,FR,day_ahead_price,value,2026-06-21T18:40:53Z
2026-06-21T18:40:01Z,2026-06-21T20:40:01+0200,c0299f87-b988-4d8b-a611-962c285e5a18,2026-06-09T03:15:00Z,2026-06-09T05:15:00+0200,30.58,EUR/MWh,FR,FR,day_ahead_price,value,2026-06-21T18:40:53Z
2026-06-21T18:40:01Z,2026-06-21T20:40:01+0200,c0299f87-b988-4d8b-a611-962c285e5a18,2026-06-09T03:30:00Z,2026-06-09T05:30:00+0200,21.01,EUR/MWh,FR,FR,day_ahead_price,value,2026-06-21T18:40:53Z
2026-06-21T18:40:01Z,2026-06-21T20:40:01+0200,c0299f87-b988-4d8b-a611-962c285e5a18,2026-06-09T03:45:00Z,2026-06-09T05:45:00+0200,12.33,EUR/MWh,FR,FR,day_ahead_price,value,2026-06-21T18:40:53Z
2026-06-21T18:40:01Z,2026-06-21T20:40:01+0200,c0299f87-b988-4d8b-a611-962c285e5a18,2026-06-09T04:00:00Z,2026-06-09T06:00:00+0200,33.18,EUR/MWh,FR,FR,day_ahead_price,value,2026-06-21T18:40:53Z
2026-06-21T18:40:01Z,2026-06-21T20:40:01+0200,c0299f87-b988-4d8b-a611-962c285e5a18,2026-06-09T04:15:00Z,2026-06-09T06:15:00+0200,37.43,EUR/MWh,FR,FR,day_ahead_price,value,2026-06-21T18:40:53Z
2026-06-21T18:40:01Z,2026-06-21T20:40:01+0200,c0299f87-b988-4d8b-a611-962c285e5a18,2026-06-09T04:30:00Z,2026-06-09T06:30:00+0200,64.01,EUR/MWh,FR,FR,day_ahead_price,value,2026-06-21T18:40:53Z
2026-06-21T18:40:01Z,2026-06-21T20:40:01+0200,c0299f87-b988-4d8b-a611-962c285e5a18,2026-06-09T04:45:00Z,2026-06-09T06:45:00+0200,59.65,EUR/MWh,FR,FR,day_ahead_price,value,2026-06-21T18:40:53Z
2026-06-21T18:40:01Z,2026-06-21T20:40:01+0200,c0299f87-b988-4d8b-a611-962c285e5a18,2026-06-09T05:00:00Z,2026-06-09T07:00:00+0200,50.16,EUR/MWh,FR,FR,day_ahead_price,value,2026-06-21T18:40:53Z
2026-06-21T18:40:01Z,2026-06-21T20:40:01+0200,c0299f87-b988-4d8b-a611-962c285e5a18,2026-06-09T05:15:00Z,2026-06-09T07:15:00+0200,70.94,EUR/MWh,FR,FR,day_ahead_price,value,2026-06-21T18:40:53Z
2026-06-21T18:40:01Z,2026-06-21T20:40:01+0200,c0299f87-b988-4d8b-a611-962c285e5a18,2026-06-09T05:30:00Z,2026-06-09T07:30:00+0200,70.92,EUR/MWh,FR,FR,day_ahead_price,value,2026-06-21T18:40:53Z
2026-06-21T18:40:01Z,2026-06-21T20:40:01+0200,c0299f87-b988-4d8b-a611-962c285e5a18,2026-06-09T05:45:00Z,2026-06-09T07:45:00+0200,70.9,EUR/MWh,FR,FR,day_ahead_price,value,2026-06-21T18:40:53Z
2026-06-21T18:40:01Z,2026-06-21T20:40:01+0200,c0299f87-b988-4d8b-a611-962c285e5a18,2026-06-09T06:00:00Z,2026-06-09T08:00:00+0200,84.2,EUR/MWh,FR,FR,day_ahead_price,value,2026-06-21T18:40:53Z
2026-06-21T18:40:01Z,2026-06-21T20:40:01+0200,c0299f87-b988-4d8b-a611-962c285e5a18,2026-06-09T06:15:00Z,2026-06-09T08:15:00+0200,45.2,EUR/MWh,FR,FR,day_ahead_price,value,2026-06-21T18:40:53Z
2026-06-21T18:40:01Z,2026-06-21T20:40:01+0200,c0299f87-b988-4d8b-a611-962c285e5a18,2026-06-09T06:30:00Z,2026-06-09T08:30:00+0200,36.42,EUR/MWh,FR,FR,day_ahead_price,value,2026-06-21T18:40:53Z
2026-06-21T18:40:01Z,2026-06-21T20:40:01+0200,c0299f87-b988-4d8b-a611-962c285e5a18,2026-06-09T06:45:00Z,2026-06-09T08:45:00+0200,10.2,EUR/MWh,FR,FR,day_ahead_price,value,2026-06-21T18:40:53Z
2026-06-21T18:40:01Z,2026-06-21T20:40:01+0200,c0299f87-b988-4d8b-a611-962c285e5a18,2026-06-09T07:00:00Z,2026-06-09T09:00:00+0200,10.0,EUR/MWh,FR,FR,day_ahead_price,value,2026-06-21T18:40:53Z
2026-06-21T18:40:01Z,2026-06-21T20:40:01+0200,c0299f87-b988-4d8b-a611-962c285e5a18,2026-06-09T07:15:00Z,2026-06-09T09:15:00+0200,2.2,EUR/MWh,FR,FR,day_ahead_price,value,2026-06-21T18:40:53Z
2026-06-21T18:40:01Z,2026-06-21T20:40:01+0200,c0299f87-b988-4d8b-a611-962c285e5a18,2026-06-09T07:30:00Z,2026-06-09T09:30:00+0200,0.84,EUR/MWh,FR,FR,day_ahead_price,value,2026-06-21T18:40:53Z
2026-06-21T18:40:01Z,2026-06-21T20:40:01+0200,c0299f87-b988-4d8b-a611-962c285e5a18,2026-06-09T07:45:00Z,2026-06-09T09:45:00+0200,0.0,EUR/MWh,FR,FR,day_ahead_price,value,2026-06-21T18:40:53Z
2026-06-21T18:40:01Z,2026-06-21T20:40:01+0200,c0299f87-b988-4d8b-a611-962c285e5a18,2026-06-09T08:00:00Z,2026-06-09T10:00:00+0200,0.0,EUR/MWh,FR,FR,day_ahead_price,value,2026-06-21T18:40:53Z
2026-06-21T18:40:01Z,2026-06-21T20:40:01+0200,c0299f87-b988-4d8b-a611-962c285e5a18,2026-06-09T08:15:00Z,2026-06-09T10:15:00+0200,-0.01,EUR/MWh,FR,FR,day_ahead_price,value,2026-06-21T18:40:53Z
2026-06-21T18:40:01Z,2026-06-21T20:40:01+0200,c0299f87-b988-4d8b-a611-962c285e5a18,2026-06-09T08:30:00Z,2026-06-09T10:30:00+0200,-0.01,EUR/MWh,FR,FR,day_ahead_price,value,2026-06-21T18:40:53Z
2026-06-21T18:40:01Z,2026-06-21T20:40:01+0200,c0299f87-b988-4d8b-a611-962c285e5a18,2026-06-09T08:45:00Z,2026-06-09T10:45:00+0200,-0.01,EUR/MWh,FR,FR,day_ahead_price,value,2026-06-21T18:40:53Z
2026-06-21T18:40:01Z,2026-06-21T20:40:01+0200,c0299f87-b988-4d8b-a611-962c285e5a18,2026-06-09T09:00:00Z,2026-06-09T11:00:00+0200,-0.02,EUR/MWh,FR,FR,day_ahead_price,value,2026-06-21T18:40:53Z
2026-06-21T18:40:01Z,2026-06-21T20:40:01+0200,c0299f87-b988-4d8b-a611-962c285e5a18,2026-06-09T09:15:00Z,2026-06-09T11:15:00+0200,-0.02,EUR/MWh,FR,FR,day_ahead_price,value,2026-06-21T18:40:53Z
2026-06-21T18:40:01Z,2026-06-21T20:40:01+0200,c0299f87-b988-4d8b-a611-962c285e5a18,2026-06-09T09:30:00Z,2026-06-09T11:30:00+0200,-0.03,EUR/MWh,FR,FR,day_ahead_price,value,2026-06-21T18:40:53Z
2026-06-21T18:40:01Z,2026-06-21T20:40:01+0200,c0299f87-b988-4d8b-a611-962c285e5a18,2026-06-09T09:45:00Z,2026-06-09T11:45:00+0200,-0.03,EUR/MWh,FR,FR,day_ahead_price,value,2026-06-21T18:40:53Z
2026-06-21T18:40:01Z,2026-06-21T20:40:01+0200,c0299f87-b988-4d8b-a611-962c285e5a18,2026-06-09T10:00:00Z,2026-06-09T12:00:00+0200,-0.01,EUR/MWh,FR,FR,day_ahead_price,value,2026-06-21T18:40:53Z
2026-06-21T18:40:01Z,2026-06-21T20:40:01+0200,c0299f87-b988-4d8b-a611-962c285e5a18,2026-06-09T10:15:00Z,2026-06-09T12:15:00+0200,-0.01,EUR/MWh,FR,FR,day_ahead_price,value,2026-06-21T18:40:53Z
2026-06-21T18:40:01Z,2026-06-21T20:40:01+0200,c0299f87-b988-4d8b-a611-962c285e5a18,2026-06-09T10:30:00Z,2026-06-09T12:30:00+0200,-0.01,EUR/MWh,FR,FR,day_ahead_price,value,2026-06-21T18:40:53Z
2026-06-21T18:40:01Z,2026-06-21T20:40:01+0200,c0299f87-b988-4d8b-a611-962c285e5a18,2026-06-09T10:45:00Z,2026-06-09T12:45:00+0200,-0.01,EUR/MWh,FR,FR,day_ahead_price,value,2026-06-21T18:40:53Z
2026-06-21T18:40:01Z,2026-06-21T20:40:01+0200,c0299f87-b988-4d8b-a611-962c285e5a18,2026-06-09T11:00:00Z,2026-06-09T13:00:00+0200,-0.01,EUR/MWh,FR,FR,day_ahead_price,value,2026-06-21T18:40:53Z
2026-06-21T18:40:01Z,2026-06-21T20:40:01+0200,c0299f87-b988-4d8b-a611-962c285e5a18,2026-06-09T11:15:00Z,2026-06-09T13:15:00+0200,-0.01,EUR/MWh,FR,FR,day_ahead_price,value,2026-06-21T18:40:53Z
2026-06-21T18:40:01Z,2026-06-21T20:40:01+0200,c0299f87-b988-4d8b-a611-962c285e5a18,2026-06-09T11:30:00Z,2026-06-09T13:30:00+0200,-0.01,EUR/MWh,FR,FR,day_ahead_price,value,2026-06-21T18:40:53Z
2026-06-21T18:40:01Z,2026-06-21T20:40:01+0200,c0299f87-b988-4d8b-a611-962c285e5a18,2026-06-09T11:45:00Z,2026-06-09T13:45:00+0200,-0.01,EUR/MWh,FR,FR,day_ahead_price,value,2026-06-21T18:40:53Z
2026-06-21T18:40:01Z,2026-06-21T20:40:01+0200,c0299f87-b988-4d8b-a611-962c285e5a18,2026-06-09T12:00:00Z,2026-06-09T14:00:00+0200,-0.01,EUR/MWh,FR,FR,day_ahead_price,value,2026-06-21T18:40:53Z
2026-06-21T18:40:01Z,2026-06-21T20:40:01+0200,c0299f87-b988-4d8b-a611-962c285e5a18,2026-06-09T12:15:00Z,2026-06-09T14:15:00+0200,-0.01,EUR/MWh,FR,FR,day_ahead_price,value,2026-06-21T18:40:53Z
2026-06-21T18:40:01Z,2026-06-21T20:40:01+0200,c0299f87-b988-4d8b-a611-962c285e5a18,2026-06-09T12:30:00Z,2026-06-09T14:30:00+0200,-0.01,EUR/MWh,FR,FR,day_ahead_price,value,2026-06-21T18:40:53Z
2026-06-21T18:40:01Z,2026-06-21T20:40:01+0200,c0299f87-b988-4d8b-a611-962c285e5a18,2026-06-09T12:45:00Z,2026-06-09T14:45:00+0200,-0.01,EUR/MWh,FR,FR,day_ahead_price,value,2026-06-21T18:40:53Z
2026-06-21T18:40:01Z,2026-06-21T20:40:01+0200,c0299f87-b988-4d8b-a611-962c285e5a18,2026-06-09T13:00:00Z,2026-06-09T15:00:00+0200,-0.01,EUR/MWh,FR,FR,day_ahead_price,value,2026-06-21T18:40:53Z
2026-06-21T18:40:01Z,2026-06-21T20:40:01+0200,c0299f87-b988-4d8b-a611-962c285e5a18,2026-06-09T13:15:00Z,2026-06-09T15:15:00+0200,-0.01,EUR/MWh,FR,FR,day_ahead_price,value,2026-06-21T18:40:53Z
2026-06-21T18:40:01Z,2026-06-21T20:40:01+0200,c0299f87-b988-4d8b-a611-962c285e5a18,2026-06-09T13:30:00Z,2026-06-09T15:30:00+0200,-0.01,EUR/MWh,FR,FR,day_ahead_price,value,2026-06-21T18:40:53Z
2026-06-21T18:40:01Z,2026-06-21T20:40:01+0200,c0299f87-b988-4d8b-a611-962c285e5a18,2026-06-09T13:45:00Z,2026-06-09T15:45:00+0200,-0.01,EUR/MWh,FR,FR,day_ahead_price,value,2026-06-21T18:40:53Z
2026-06-21T18:40:01Z,2026-06-21T20:40:01+0200,c0299f87-b988-4d8b-a611-962c285e5a18,2026-06-09T14:00:00Z,2026-06-09T16:00:00+0200,-0.03,EUR/MWh,FR,FR,day_ahead_price,value,2026-06-21T18:40:53Z
2026-06-21T18:40:01Z,2026-06-21T20:40:01+0200,c0299f87-b988-4d8b-a611-962c285e5a18,2026-06-09T14:15:00Z,2026-06-09T16:15:00+0200,-0.02,EUR/MWh,FR,FR,day_ahead_price,value,2026-06-21T18:40:53Z
2026-06-21T18:40:01Z,2026-06-21T20:40:01+0200,c0299f87-b988-4d8b-a611-962c285e5a18,2026-06-09T14:30:00Z,2026-06-09T16:30:00+0200,-0.01,EUR/MWh,FR,FR,day_ahead_price,value,2026-06-21T18:40:53Z
2026-06-21T18:40:01Z,2026-06-21T20:40:01+0200,c0299f87-b988-4d8b-a611-962c285e5a18,2026-06-09T14:45:00Z,2026-06-09T16:45:00+0200,-0.01,EUR/MWh,FR,FR,day_ahead_price,value,2026-06-21T18:40:53Z
2026-06-21T18:40:01Z,2026-06-21T20:40:01+0200,c0299f87-b988-4d8b-a611-962c285e5a18,2026-06-09T15:00:00Z,2026-06-09T17:00:00+0200,-0.01,EUR/MWh,FR,FR,day_ahead_price,value,2026-06-21T18:40:53Z
2026-06-21T18:40:01Z,2026-06-21T20:40:01+0200,c0299f87-b988-4d8b-a611-962c285e5a18,2026-06-09T15:15:00Z,2026-06-09T17:15:00+0200,-0.01,EUR/MWh,FR,FR,day_ahead_price,value,2026-06-21T18:40:53Z
2026-06-21T18:40:01Z,2026-06-21T20:40:01+0200,c0299f87-b988-4d8b-a611-962c285e5a18,2026-06-09T15:30:00Z,2026-06-09T17:30:00+0200,0.0,EUR/MWh,FR,FR,day_ahead_price,value,2026-06-21T18:40:53Z
2026-06-21T18:40:01Z,2026-06-21T20:40:01+0200,c0299f87-b988-4d8b-a611-962c285e5a18,2026-06-09T15:45:00Z,2026-06-09T17:45:00+0200,0.0,EUR/MWh,FR,FR,day_ahead_price,value,2026-06-21T18:40:53Z
2026-06-21T18:40:01Z,2026-06-21T20:40:01+0200,c0299f87-b988-4d8b-a611-962c285e5a18,2026-06-09T16:00:00Z,2026-06-09T18:00:00+0200,0.84,EUR/MWh,FR,FR,day_ahead_price,value,2026-06-21T18:40:53Z
2026-06-21T18:40:01Z,2026-06-21T20:40:01+0200,c0299f87-b988-4d8b-a611-962c285e5a18,2026-06-09T16:15:00Z,2026-06-09T18:15:00+0200,1.38,EUR/MWh,FR,FR,day_ahead_price,value,2026-06-21T18:40:53Z
2026-06-21T18:40:01Z,2026-06-21T20:40:01+0200,c0299f87-b988-4d8b-a611-962c285e5a18,2026-06-09T16:30:00Z,2026-06-09T18:30:00+0200,5.41,EUR/MWh,FR,FR,day_ahead_price,value,2026-06-21T18:40:53Z
2026-06-21T18:40:01Z,2026-06-21T20:40:01+0200,c0299f87-b988-4d8b-a611-962c285e5a18,2026-06-09T16:45:00Z,2026-06-09T18:45:00+0200,12.1,EUR/MWh,FR,FR,day_ahead_price,value,2026-06-21T18:40:53Z
2026-06-21T18:40:01Z,2026-06-21T20:40:01+0200,c0299f87-b988-4d8b-a611-962c285e5a18,2026-06-09T17:00:00Z,2026-06-09T19:00:00+0200,7.1,EUR/MWh,FR,FR,day_ahead_price,value,2026-06-21T18:40:53Z
2026-06-21T18:40:01Z,2026-06-21T20:40:01+0200,c0299f87-b988-4d8b-a611-962c285e5a18,2026-06-09T17:15:00Z,2026-06-09T19:15:00+0200,25.1,EUR/MWh,FR,FR,day_ahead_price,value,2026-06-21T18:40:53Z
2026-06-21T18:40:01Z,2026-06-21T20:40:01+0200,c0299f87-b988-4d8b-a611-962c285e5a18,2026-06-09T17:30:00Z,2026-06-09T19:30:00+0200,37.07,EUR/MWh,FR,FR,day_ahead_price,value,2026-06-21T18:40:53Z
2026-06-21T18:40:01Z,2026-06-21T20:40:01+0200,c0299f87-b988-4d8b-a611-962c285e5a18,2026-06-09T17:45:00Z,2026-06-09T19:45:00+0200,57.18,EUR/MWh,FR,FR,day_ahead_price,value,2026-06-21T18:40:53Z
2026-06-21T18:40:01Z,2026-06-21T20:40:01+0200,c0299f87-b988-4d8b-a611-962c285e5a18,2026-06-09T18:00:00Z,2026-06-09T20:00:00+0200,38.7,EUR/MWh,FR,FR,day_ahead_price,value,2026-06-21T18:40:53Z
2026-06-21T18:40:01Z,2026-06-21T20:40:01+0200,c0299f87-b988-4d8b-a611-962c285e5a18,2026-06-09T18:15:00Z,2026-06-09T20:15:00+0200,75.6,EUR/MWh,FR,FR,day_ahead_price,value,2026-06-21T18:40:53Z
2026-06-21T18:40:01Z,2026-06-21T20:40:01+0200,c0299f87-b988-4d8b-a611-962c285e5a18,2026-06-09T18:30:00Z,2026-06-09T20:30:00+0200,95.0,EUR/MWh,FR,FR,day_ahead_price,value,2026-06-21T18:40:53Z
2026-06-21T18:40:01Z,2026-06-21T20:40:01+0200,c0299f87-b988-4d8b-a611-962c285e5a18,2026-06-09T18:45:00Z,2026-06-09T20:45:00+0200,113.49,EUR/MWh,FR,FR,day_ahead_price,value,2026-06-21T18:40:53Z
2026-06-21T18:40:01Z,2026-06-21T20:40:01+0200,c0299f87-b988-4d8b-a611-962c285e5a18,2026-06-09T19:00:00Z,2026-06-09T21:00:00+0200,103.01,EUR/MWh,FR,FR,day_ahead_price,value,2026-06-21T18:40:53Z
2026-06-21T18:40:01Z,2026-06-21T20:40:01+0200,c0299f87-b988-4d8b-a611-962c285e5a18,2026-06-09T19:15:00Z,2026-06-09T21:15:00+0200,81.56,EUR/MWh,FR,FR,day_ahead_price,value,2026-06-21T18:40:53Z
2026-06-21T18:40:01Z,2026-06-21T20:40:01+0200,c0299f87-b988-4d8b-a611-962c285e5a18,2026-06-09T19:30:00Z,2026-06-09T21:30:00+0200,95.16,EUR/MWh,FR,FR,day_ahead_price,value,2026-06-21T18:40:53Z
2026-06-21T18:40:01Z,2026-06-21T20:40:01+0200,c0299f87-b988-4d8b-a611-962c285e5a18,2026-06-09T19:45:00Z,2026-06-09T21:45:00+0200,93.87,EUR/MWh,FR,FR,day_ahead_price,value,2026-06-21T18:40:53Z
2026-06-21T18:40:01Z,2026-06-21T20:40:01+0200,c0299f87-b988-4d8b-a611-962c285e5a18,2026-06-09T20:00:00Z,2026-06-09T22:00:00+0200,123.01,EUR/MWh,FR,FR,day_ahead_price,value,2026-06-21T18:40:53Z
2026-06-21T18:40:01Z,2026-06-21T20:40:01+0200,c0299f87-b988-4d8b-a611-962c285e5a18,2026-06-09T20:15:00Z,2026-06-09T22:15:00+0200,117.5,EUR/MWh,FR,FR,day_ahead_price,value,2026-06-21T18:40:53Z
2026-06-21T18:40:01Z,2026-06-21T20:40:01+0200,c0299f87-b988-4d8b-a611-962c285e5a18,2026-06-09T20:30:00Z,2026-06-09T22:30:00+0200,120.2,EUR/MWh,FR,FR,day_ahead_price,value,2026-06-21T18:40:53Z
2026-06-21T18:40:01Z,2026-06-21T20:40:01+0200,c0299f87-b988-4d8b-a611-962c285e5a18,2026-06-09T20:45:00Z,2026-06-09T22:45:00+0200,110.0,EUR/MWh,FR,FR,day_ahead_price,value,2026-06-21T18:40:53Z
2026-06-21T18:40:01Z,2026-06-21T20:40:01+0200,c0299f87-b988-4d8b-a611-962c285e5a18,2026-06-09T21:00:00Z,2026-06-09T23:00:00+0200,105.0,EUR/MWh,FR,FR,day_ahead_price,value,2026-06-21T18:40:53Z
2026-06-21T18:40:01Z,2026-06-21T20:40:01+0200,c0299f87-b988-4d8b-a611-962c285e5a18,2026-06-09T21:15:00Z,2026-06-09T23:15:00+0200,99.65,EUR/MWh,FR,FR,day_ahead_price,value,2026-06-21T18:40:53Z
2026-06-21T18:40:01Z,2026-06-21T20:40:01+0200,c0299f87-b988-4d8b-a611-962c285e5a18,2026-06-09T21:30:00Z,2026-06-09T23:30:00+0200,99.5,EUR/MWh,FR,FR,day_ahead_price,value,2026-06-21T18:40:53Z
2026-06-21T18:40:01Z,2026-06-21T20:40:01+0200,c0299f87-b988-4d8b-a611-962c285e5a18,2026-06-09T21:45:00Z,2026-06-09T23:45:00+0200,91.1,EUR/MWh,FR,FR,day_ahead_price,value,2026-06-21T18:40:53Z
2026-06-21T18:40:01Z,2026-06-21T20:40:01+0200,c0299f87-b988-4d8b-a611-962c285e5a18,2026-06-09T22:00:00Z,2026-06-10T00:00:00+0200,85.28,EUR/MWh,FR,FR,day_ahead_price,value,2026-06-21T18:40:53Z
2026-06-21T18:40:01Z,2026-06-21T20:40:01+0200,c0299f87-b988-4d8b-a611-962c285e5a18,2026-06-09T22:15:00Z,2026-06-10T00:15:00+0200,83.7,EUR/MWh,FR,FR,day_ahead_price,value,2026-06-21T18:40:53Z
2026-06-21T18:40:01Z,2026-06-21T20:40:01+0200,c0299f87-b988-4d8b-a611-962c285e5a18,2026-06-09T22:30:00Z,2026-06-10T00:30:00+0200,76.92,EUR/MWh,FR,FR,day_ahead_price,value,2026-06-21T18:40:53Z
2026-06-21T18:40:01Z,2026-06-21T20:40:01+0200,c0299f87-b988-4d8b-a611-962c285e5a18,2026-06-09T22:45:00Z,2026-06-10T00:45:00+0200,61.39,EUR/MWh,FR,FR,day_ahead_price,value,2026-06-21T18:40:53Z
2026-06-21T18:40:01Z,2026-06-21T20:40:01+0200,c0299f87-b988-4d8b-a611-962c285e5a18,2026-06-09T23:00:00Z,2026-06-10T01:00:00+0200,77.64,EUR/MWh,FR,FR,day_ahead_price,value,2026-06-21T18:40:53Z
2026-06-21T18:40:01Z,2026-06-21T20:40:01+0200,c0299f87-b988-4d8b-a611-962c285e5a18,2026-06-09T23:15:00Z,2026-06-10T01:15:00+0200,76.44,EUR/MWh,FR,FR,day_ahead_price,value,2026-06-21T18:40:53Z
2026-06-21T18:40:01Z,2026-06-21T20:40:01+0200,c0299f87-b988-4d8b-a611-962c285e5a18,2026-06-09T23:30:00Z,2026-06-10T01:30:00+0200,76.2,EUR/MWh,FR,FR,day_ahead_price,value,2026-06-21T18:40:53Z
2026-06-21T18:40:01Z,2026-06-21T20:40:01+0200,c0299f87-b988-4d8b-a611-962c285e5a18,2026-06-09T23:45:00Z,2026-06-10T01:45:00+0200,74.2,EUR/MWh,FR,FR,day_ahead_price,value,2026-06-21T18:40:53Z
2026-06-21T18:40:01Z,2026-06-21T20:40:01+0200,c0299f87-b988-4d8b-a611-962c285e5a18,2026-06-10T00:00:00Z,2026-06-10T02:00:00+0200,70.0,EUR/MWh,FR,FR,day_ahead_price,value,2026-06-21T18:40:53Z
2026-06-21T18:40:01Z,2026-06-21T20:40:01+0200,c0299f87-b988-4d8b-a611-962c285e5a18,2026-06-10T00:15:00Z,2026-06-10T02:15:00+0200,65.03,EUR/MWh,FR,FR,day_ahead_price,value,2026-06-21T18:40:53Z
2026-06-21T18:40:01Z,2026-06-21T20:40:01+0200,c0299f87-b988-4d8b-a611-962c285e5a18,2026-06-10T00:30:00Z,2026-06-10T02:30:00+0200,56.63,EUR/MWh,FR,FR,day_ahead_price,value,2026-06-21T18:40:53Z
2026-06-21T18:40:01Z,2026-06-21T20:40:01+0200,c0299f87-b988-4d8b-a611-962c285e5a18,2026-06-10T00:45:00Z,2026-06-10T02:45:00+0200,42.7,EUR/MWh,FR,FR,day_ahead_price,value,2026-06-21T18:40:53Z
2026-06-21T18:40:01Z,2026-06-21T20:40:01+0200,c0299f87-b988-4d8b-a611-962c285e5a18,2026-06-10T01:00:00Z,2026-06-10T03:00:00+0200,31.89,EUR/MWh,FR,FR,day_ahead_price,value,2026-06-21T18:40:53Z
2026-06-21T18:40:01Z,2026-06-21T20:40:01+0200,c0299f87-b988-4d8b-a611-962c285e5a18,2026-06-10T01:15:00Z,2026-06-10T03:15:00+0200,40.34,EUR/MWh,FR,FR,day_ahead_price,value,2026-06-21T18:40:53Z
2026-06-21T18:40:01Z,2026-06-21T20:40:01+0200,c0299f87-b988-4d8b-a611-962c285e5a18,2026-06-10T01:30:00Z,2026-06-10T03:30:00+0200,40.99,EUR/MWh,FR,FR,day_ahead_price,value,2026-06-21T18:40:53Z
2026-06-21T18:40:01Z,2026-06-21T20:40:01+0200,c0299f87-b988-4d8b-a611-962c285e5a18,2026-06-10T01:45:00Z,2026-06-10T03:45:00+0200,35.56,EUR/MWh,FR,FR,day_ahead_price,value,2026-06-21T18:40:53Z
2026-06-21T18:40:01Z,2026-06-21T20:40:01+0200,c0299f87-b988-4d8b-a611-962c285e5a18,2026-06-10T02:00:00Z,2026-06-10T04:00:00+0200,36.33,EUR/MWh,FR,FR,day_ahead_price,value,2026-06-21T18:40:53Z
2026-06-21T18:40:01Z,2026-06-21T20:40:01+0200,c0299f87-b988-4d8b-a611-962c285e5a18,2026-06-10T02:15:00Z,2026-06-10T04:15:00+0200,34.44,EUR/MWh,FR,FR,day_ahead_price,value,2026-06-21T18:40:53Z
2026-06-21T18:40:01Z,2026-06-21T20:40:01+0200,c0299f87-b988-4d8b-a611-962c285e5a18,2026-06-10T02:30:00Z,2026-06-10T04:30:00+0200,42.5,EUR/MWh,FR,FR,day_ahead_price,value,2026-06-21T18:40:53Z
2026-06-21T18:40:01Z,2026-06-21T20:40:01+0200,c0299f87-b988-4d8b-a611-962c285e5a18,2026-06-10T02:45:00Z,2026-06-10T04:45:00+0200,32.0,EUR/MWh,FR,FR,day_ahead_price,value,2026-06-21T18:40:53Z
2026-06-21T18:40:01Z,2026-06-21T20:40:01+0200,c0299f87-b988-4d8b-a611-962c285e5a18,2026-06-10T03:00:00Z,2026-06-10T05:00:00+0200,49.55,EUR/MWh,FR,FR,day_ahead_price,value,2026-06-21T18:40:53Z
2026-06-21T18:40:01Z,2026-06-21T20:40:01+0200,c0299f87-b988-4d8b-a611-962c285e5a18,2026-06-10T03:15:00Z,2026-06-10T05:15:00+0200,58.91,EUR/MWh,FR,FR,day_ahead_price,value,2026-06-21T18:40:53Z
2026-06-21T18:40:01Z,2026-06-21T20:40:01+0200,c0299f87-b988-4d8b-a611-962c285e5a18,2026-06-10T03:30:00Z,2026-06-10T05:30:00+0200,51.86,EUR/MWh,FR,FR,day_ahead_price,value,2026-06-21T18:40:53Z
2026-06-21T18:40:01Z,2026-06-21T20:40:01+0200,c0299f87-b988-4d8b-a611-962c285e5a18,2026-06-10T03:45:00Z,2026-06-10T05:45:00+0200,39.1,EUR/MWh,FR,FR,day_ahead_price,value,2026-06-21T18:40:53Z
2026-06-21T18:40:01Z,2026-06-21T20:40:01+0200,c0299f87-b988-4d8b-a611-962c285e5a18,2026-06-10T04:00:00Z,2026-06-10T06:00:00+0200,36.47,EUR/MWh,FR,FR,day_ahead_price,value,2026-06-21T18:40:53Z
2026-06-21T18:40:01Z,2026-06-21T20:40:01+0200,c0299f87-b988-4d8b-a611-962c285e5a18,2026-06-10T04:15:00Z,2026-06-10T06:15:00+0200,50.08,EUR/MWh,FR,FR,day_ahead_price,value,2026-06-21T18:40:53Z
2026-06-21T18:40:01Z,2026-06-21T20:40:01+0200,c0299f87-b988-4d8b-a611-962c285e5a18,2026-06-10T04:30:00Z,2026-06-10T06:30:00+0200,55.79,EUR/MWh,FR,FR,day_ahead_price,value,2026-06-21T18:40:53Z
2026-06-21T18:40:01Z,2026-06-21T20:40:01+0200,c0299f87-b988-4d8b-a611-962c285e5a18,2026-06-10T04:45:00Z,2026-06-10T06:45:00+0200,63.59,EUR/MWh,FR,FR,day_ahead_price,value,2026-06-21T18:40:53Z
2026-06-21T18:40:01Z,2026-06-21T20:40:01+0200,c0299f87-b988-4d8b-a611-962c285e5a18,2026-06-10T05:00:00Z,2026-06-10T07:00:00+0200,65.0,EUR/MWh,FR,FR,day_ahead_price,value,2026-06-21T18:40:53Z
2026-06-21T18:40:01Z,2026-06-21T20:40:01+0200,c0299f87-b988-4d8b-a611-962c285e5a18,2026-06-10T05:15:00Z,2026-06-10T07:15:00+0200,70.7,EUR/MWh,FR,FR,day_ahead_price,value,2026-06-21T18:40:53Z
2026-06-21T18:40:01Z,2026-06-21T20:40:01+0200,c0299f87-b988-4d8b-a611-962c285e5a18,2026-06-10T05:30:00Z,2026-06-10T07:30:00+0200,75.99,EUR/MWh,FR,FR,day_ahead_price,value,2026-06-21T18:40:53Z
2026-06-21T18:40:01Z,2026-06-21T20:40:01+0200,c0299f87-b988-4d8b-a611-962c285e5a18,2026-06-10T05:45:00Z,2026-06-10T07:45:00+0200,62.3,EUR/MWh,FR,FR,day_ahead_price,value,2026-06-21T18:40:53Z
2026-06-21T18:40:01Z,2026-06-21T20:40:01+0200,c0299f87-b988-4d8b-a611-962c285e5a18,2026-06-10T06:00:00Z,2026-06-10T08:00:00+0200,77.16,EUR/MWh,FR,FR,day_ahead_price,value,2026-06-21T18:40:53Z
2026-06-21T18:40:01Z,2026-06-21T20:40:01+0200,c0299f87-b988-4d8b-a611-962c285e5a18,2026-06-10T06:15:00Z,2026-06-10T08:15:00+0200,50.01,EUR/MWh,FR,FR,day_ahead_price,value,2026-06-21T18:40:53Z
2026-06-21T18:40:01Z,2026-06-21T20:40:01+0200,c0299f87-b988-4d8b-a611-962c285e5a18,2026-06-10T06:30:00Z,2026-06-10T08:30:00+0200,39.48,EUR/MWh,FR,FR,day_ahead_price,value,2026-06-21T18:40:53Z
2026-06-21T18:40:01Z,2026-06-21T20:40:01+0200,c0299f87-b988-4d8b-a611-962c285e5a18,2026-06-10T06:45:00Z,2026-06-10T08:45:00+0200,15.23,EUR/MWh,FR,FR,day_ahead_price,value,2026-06-21T18:40:53Z
2026-06-21T18:40:01Z,2026-06-21T20:40:01+0200,c0299f87-b988-4d8b-a611-962c285e5a18,2026-06-10T07:00:00Z,2026-06-10T09:00:00+0200,14.94,EUR/MWh,FR,FR,day_ahead_price,value,2026-06-21T18:40:53Z
2026-06-21T18:40:01Z,2026-06-21T20:40:01+0200,c0299f87-b988-4d8b-a611-962c285e5a18,2026-06-10T07:15:00Z,2026-06-10T09:15:00+0200,2.21,EUR/MWh,FR,FR,day_ahead_price,value,2026-06-21T18:40:53Z
2026-06-21T18:40:01Z,2026-06-21T20:40:01+0200,c0299f87-b988-4d8b-a611-962c285e5a18,2026-06-10T07:30:00Z,2026-06-10T09:30:00+0200,0.84,EUR/MWh,FR,FR,day_ahead_price,value,2026-06-21T18:40:53Z
2026-06-21T18:40:01Z,2026-06-21T20:40:01+0200,c0299f87-b988-4d8b-a611-962c285e5a18,2026-06-10T07:45:00Z,2026-06-10T09:45:00+0200,0.0,EUR/MWh,FR,FR,day_ahead_price,value,2026-06-21T18:40:53Z
2026-06-21T18:40:01Z,2026-06-21T20:40:01+0200,c0299f87-b988-4d8b-a611-962c285e5a18,2026-06-10T08:00:00Z,2026-06-10T10:00:00+0200,0.0,EUR/MWh,FR,FR,day_ahead_price,value,2026-06-21T18:40:53Z
2026-06-21T18:40:01Z,2026-06-21T20:40:01+0200,c0299f87-b988-4d8b-a611-962c285e5a18,2026-06-10T08:15:00Z,2026-06-10T10:15:00+0200,0.0,EUR/MWh,FR,FR,day_ahead_price,value,2026-06-21T18:40:53Z
2026-06-21T18:40:01Z,2026-06-21T20:40:01+0200,c0299f87-b988-4d8b-a611-962c285e5a18,2026-06-10T08:30:00Z,2026-06-10T10:30:00+0200,0.0,EUR/MWh,FR,FR,day_ahead_price,value,2026-06-21T18:40:53Z
2026-06-21T18:40:01Z,2026-06-21T20:40:01+0200,c0299f87-b988-4d8b-a611-962c285e5a18,2026-06-10T08:45:00Z,2026-06-10T10:45:00+0200,-0.01,EUR/MWh,FR,FR,day_ahead_price,value,2026-06-21T18:40:53Z
2026-06-21T18:40:01Z,2026-06-21T20:40:01+0200,c0299f87-b988-4d8b-a611-962c285e5a18,2026-06-10T09:00:00Z,2026-06-10T11:00:00+0200,-0.01,EUR/MWh,FR,FR,day_ahead_price,value,2026-06-21T18:40:53Z
2026-06-21T18:40:01Z,2026-06-21T20:40:01+0200,c0299f87-b988-4d8b-a611-962c285e5a18,2026-06-10T09:15:00Z,2026-06-10T11:15:00+0200,-0.01,EUR/MWh,FR,FR,day_ahead_price,value,2026-06-21T18:40:53Z
2026-06-21T18:40:01Z,2026-06-21T20:40:01+0200,c0299f87-b988-4d8b-a611-962c285e5a18,2026-06-10T09:30:00Z,2026-06-10T11:30:00+0200,-0.01,EUR/MWh,FR,FR,day_ahead_price,value,2026-06-21T18:40:53Z
2026-06-21T18:40:01Z,2026-06-21T20:40:01+0200,c0299f87-b988-4d8b-a611-962c285e5a18,2026-06-10T09:45:00Z,2026-06-10T11:45:00+0200,-0.01,EUR/MWh,FR,FR,day_ahead_price,value,2026-06-21T18:40:53Z
2026-06-21T18:40:01Z,2026-06-21T20:40:01+0200,c0299f87-b988-4d8b-a611-962c285e5a18,2026-06-10T10:00:00Z,2026-06-10T12:00:00+0200,-0.01,EUR/MWh,FR,FR,day_ahead_price,value,2026-06-21T18:40:53Z
2026-06-21T18:40:01Z,2026-06-21T20:40:01+0200,c0299f87-b988-4d8b-a611-962c285e5a18,2026-06-10T10:15:00Z,2026-06-10T12:15:00+0200,-0.01,EUR/MWh,FR,FR,day_ahead_price,value,2026-06-21T18:40:53Z
2026-06-21T18:40:01Z,2026-06-21T20:40:01+0200,c0299f87-b988-4d8b-a611-962c285e5a18,2026-06-10T10:30:00Z,2026-06-10T12:30:00+0200,-0.01,EUR/MWh,FR,FR,day_ahead_price,value,2026-06-21T18:40:53Z
2026-06-21T18:40:01Z,2026-06-21T20:40:01+0200,c0299f87-b988-4d8b-a611-962c285e5a18,2026-06-10T10:45:00Z,2026-06-10T12:45:00+0200,-0.01,EUR/MWh,FR,FR,day_ahead_price,value,2026-06-21T18:40:53Z
2026-06-21T18:40:01Z,2026-06-21T20:40:01+0200,c0299f87-b988-4d8b-a611-962c285e5a18,2026-06-10T11:00:00Z,2026-06-10T13:00:00+0200,-0.01,EUR/MWh,FR,FR,day_ahead_price,value,2026-06-21T18:40:53Z
2026-06-21T18:40:01Z,2026-06-21T20:40:01+0200,c0299f87-b988-4d8b-a611-962c285e5a18,2026-06-10T11:15:00Z,2026-06-10T13:15:00+0200,-0.01,EUR/MWh,FR,FR,day_ahead_price,value,2026-06-21T18:40:53Z
2026-06-21T18:40:01Z,2026-06-21T20:40:01+0200,c0299f87-b988-4d8b-a611-962c285e5a18,2026-06-10T11:30:00Z,2026-06-10T13:30:00+0200,-0.02,EUR/MWh,FR,FR,day_ahead_price,value,2026-06-21T18:40:53Z
2026-06-21T18:40:01Z,2026-06-21T20:40:01+0200,c0299f87-b988-4d8b-a611-962c285e5a18,2026-06-10T11:45:00Z,2026-06-10T13:45:00+0200,-0.02,EUR/MWh,FR,FR,day_ahead_price,value,2026-06-21T18:40:53Z
2026-06-21T18:40:01Z,2026-06-21T20:40:01+0200,c0299f87-b988-4d8b-a611-962c285e5a18,2026-06-10T12:00:00Z,2026-06-10T14:00:00+0200,-0.01,EUR/MWh,FR,FR,day_ahead_price,value,2026-06-21T18:40:53Z
2026-06-21T18:40:01Z,2026-06-21T20:40:01+0200,c0299f87-b988-4d8b-a611-962c285e5a18,2026-06-10T12:15:00Z,2026-06-10T14:15:00+0200,-0.02,EUR/MWh,FR,FR,day_ahead_price,value,2026-06-21T18:40:53Z
2026-06-21T18:40:01Z,2026-06-21T20:40:01+0200,c0299f87-b988-4d8b-a611-962c285e5a18,2026-06-10T12:30:00Z,2026-06-10T14:30:00+0200,-0.02,EUR/MWh,FR,FR,day_ahead_price,value,2026-06-21T18:40:53Z
2026-06-21T18:40:01Z,2026-06-21T20:40:01+0200,c0299f87-b988-4d8b-a611-962c285e5a18,2026-06-10T12:45:00Z,2026-06-10T14:45:00+0200,-0.05,EUR/MWh,FR,FR,day_ahead_price,value,2026-06-21T18:40:53Z
2026-06-21T18:40:01Z,2026-06-21T20:40:01+0200,c0299f87-b988-4d8b-a611-962c285e5a18,2026-06-10T13:00:00Z,2026-06-10T15:00:00+0200,-0.07,EUR/MWh,FR,FR,day_ahead_price,value,2026-06-21T18:40:53Z
2026-06-21T18:40:01Z,2026-06-21T20:40:01+0200,c0299f87-b988-4d8b-a611-962c285e5a18,2026-06-10T13:15:00Z,2026-06-10T15:15:00+0200,-0.1,EUR/MWh,FR,FR,day_ahead_price,value,2026-06-21T18:40:53Z
2026-06-21T18:40:01Z,2026-06-21T20:40:01+0200,c0299f87-b988-4d8b-a611-962c285e5a18,2026-06-10T13:30:00Z,2026-06-10T15:30:00+0200,-0.11,EUR/MWh,FR,FR,day_ahead_price,value,2026-06-21T18:40:53Z
2026-06-21T18:40:01Z,2026-06-21T20:40:01+0200,c0299f87-b988-4d8b-a611-962c285e5a18,2026-06-10T13:45:00Z,2026-06-10T15:45:00+0200,-0.11,EUR/MWh,FR,FR,day_ahead_price,value,2026-06-21T18:40:53Z
2026-06-21T18:40:01Z,2026-06-21T20:40:01+0200,c0299f87-b988-4d8b-a611-962c285e5a18,2026-06-10T14:00:00Z,2026-06-10T16:00:00+0200,-0.11,EUR/MWh,FR,FR,day_ahead_price,value,2026-06-21T18:40:53Z
2026-06-21T18:40:01Z,2026-06-21T20:40:01+0200,c0299f87-b988-4d8b-a611-962c285e5a18,2026-06-10T14:15:00Z,2026-06-10T16:15:00+0200,-0.11,EUR/MWh,FR,FR,day_ahead_price,value,2026-06-21T18:40:53Z
2026-06-21T18:40:01Z,2026-06-21T20:40:01+0200,c0299f87-b988-4d8b-a611-962c285e5a18,2026-06-10T14:30:00Z,2026-06-10T16:30:00+0200,-0.11,EUR/MWh,FR,FR,day_ahead_price,value,2026-06-21T18:40:53Z
2026-06-21T18:40:01Z,2026-06-21T20:40:01+0200,c0299f87-b988-4d8b-a611-962c285e5a18,2026-06-10T14:45:00Z,2026-06-10T16:45:00+0200,-0.11,EUR/MWh,FR,FR,day_ahead_price,value,2026-06-21T18:40:53Z
2026-06-21T18:40:01Z,2026-06-21T20:40:01+0200,c0299f87-b988-4d8b-a611-962c285e5a18,2026-06-10T15:00:00Z,2026-06-10T17:00:00+0200,-0.05,EUR/MWh,FR,FR,day_ahead_price,value,2026-06-21T18:40:53Z
2026-06-21T18:40:01Z,2026-06-21T20:40:01+0200,c0299f87-b988-4d8b-a611-962c285e5a18,2026-06-10T15:15:00Z,2026-06-10T17:15:00+0200,-0.01,EUR/MWh,FR,FR,day_ahead_price,value,2026-06-21T18:40:53Z
2026-06-21T18:40:01Z,2026-06-21T20:40:01+0200,c0299f87-b988-4d8b-a611-962c285e5a18,2026-06-10T15:30:00Z,2026-06-10T17:30:00+0200,-0.01,EUR/MWh,FR,FR,day_ahead_price,value,2026-06-21T18:40:53Z
2026-06-21T18:40:01Z,2026-06-21T20:40:01+0200,c0299f87-b988-4d8b-a611-962c285e5a18,2026-06-10T15:45:00Z,2026-06-10T17:45:00+0200,-0.01,EUR/MWh,FR,FR,day_ahead_price,value,2026-06-21T18:40:53Z
2026-06-21T18:40:01Z,2026-06-21T20:40:01+0200,c0299f87-b988-4d8b-a611-962c285e5a18,2026-06-10T16:00:00Z,2026-06-10T18:00:00+0200,0.0,EUR/MWh,FR,FR,day_ahead_price,value,2026-06-21T18:40:53Z
2026-06-21T18:40:01Z,2026-06-21T20:40:01+0200,c0299f87-b988-4d8b-a611-962c285e5a18,2026-06-10T16:15:00Z,2026-06-10T18:15:00+0200,0.0,EUR/MWh,FR,FR,day_ahead_price,value,2026-06-21T18:40:53Z
2026-06-21T18:40:01Z,2026-06-21T20:40:01+0200,c0299f87-b988-4d8b-a611-962c285e5a18,2026-06-10T16:30:00Z,2026-06-10T18:30:00+0200,0.0,EUR/MWh,FR,FR,day_ahead_price,value,2026-06-21T18:40:53Z
2026-06-21T18:40:01Z,2026-06-21T20:40:01+0200,c0299f87-b988-4d8b-a611-962c285e5a18,2026-06-10T16:45:00Z,2026-06-10T18:45:00+0200,0.84,EUR/MWh,FR,FR,day_ahead_price,value,2026-06-21T18:40:53Z
2026-06-21T18:40:01Z,2026-06-21T20:40:01+0200,c0299f87-b988-4d8b-a611-962c285e5a18,2026-06-10T17:00:00Z,2026-06-10T19:00:00+0200,16.99,EUR/MWh,FR,FR,day_ahead_price,value,2026-06-21T18:40:53Z
2026-06-21T18:40:01Z,2026-06-21T20:40:01+0200,c0299f87-b988-4d8b-a611-962c285e5a18,2026-06-10T17:15:00Z,2026-06-10T19:15:00+0200,1.5,EUR/MWh,FR,FR,day_ahead_price,value,2026-06-21T18:40:53Z
2026-06-21T18:40:01Z,2026-06-21T20:40:01+0200,c0299f87-b988-4d8b-a611-962c285e5a18,2026-06-10T17:30:00Z,2026-06-10T19:30:00+0200,8.73,EUR/MWh,FR,FR,day_ahead_price,value,2026-06-21T18:40:53Z
2026-06-21T18:40:01Z,2026-06-21T20:40:01+0200,c0299f87-b988-4d8b-a611-962c285e5a18,2026-06-10T17:45:00Z,2026-06-10T19:45:00+0200,38.03,EUR/MWh,FR,FR,day_ahead_price,value,2026-06-21T18:40:53Z
2026-06-21T18:40:01Z,2026-06-21T20:40:01+0200,c0299f87-b988-4d8b-a611-962c285e5a18,2026-06-10T18:00:00Z,2026-06-10T20:00:00+0200,20.0,EUR/MWh,FR,FR,day_ahead_price,value,2026-06-21T18:40:53Z
2026-06-21T18:40:01Z,2026-06-21T20:40:01+0200,c0299f87-b988-4d8b-a611-962c285e5a18,2026-06-10T18:15:00Z,2026-06-10T20:15:00+0200,46.68,EUR/MWh,FR,FR,day_ahead_price,value,2026-06-21T18:40:53Z
2026-06-21T18:40:01Z,2026-06-21T20:40:01+0200,c0299f87-b988-4d8b-a611-962c285e5a18,2026-06-10T18:30:00Z,2026-06-10T20:30:00+0200,67.43,EUR/MWh,FR,FR,day_ahead_price,value,2026-06-21T18:40:53Z
2026-06-21T18:40:01Z,2026-06-21T20:40:01+0200,c0299f87-b988-4d8b-a611-962c285e5a18,2026-06-10T18:45:00Z,2026-06-10T20:45:00+0200,84.93,EUR/MWh,FR,FR,day_ahead_price,value,2026-06-21T18:40:53Z
2026-06-21T18:40:01Z,2026-06-21T20:40:01+0200,c0299f87-b988-4d8b-a611-962c285e5a18,2026-06-10T19:00:00Z,2026-06-10T21:00:00+0200,85.28,EUR/MWh,FR,FR,day_ahead_price,value,2026-06-21T18:40:53Z
2026-06-21T18:40:01Z,2026-06-21T20:40:01+0200,c0299f87-b988-4d8b-a611-962c285e5a18,2026-06-10T19:15:00Z,2026-06-10T21:15:00+0200,70.12,EUR/MWh,FR,FR,day_ahead_price,value,2026-06-21T18:40:53Z
2026-06-21T18:40:01Z,2026-06-21T20:40:01+0200,c0299f87-b988-4d8b-a611-962c285e5a18,2026-06-10T19:30:00Z,2026-06-10T21:30:00+0200,68.02,EUR/MWh,FR,FR,day_ahead_price,value,2026-06-21T18:40:53Z
2026-06-21T18:40:01Z,2026-06-21T20:40:01+0200,c0299f87-b988-4d8b-a611-962c285e5a18,2026-06-10T19:45:00Z,2026-06-10T21:45:00+0200,67.76,EUR/MWh,FR,FR,day_ahead_price,value,2026-06-21T18:40:53Z
2026-06-21T18:40:01Z,2026-06-21T20:40:01+0200,c0299f87-b988-4d8b-a611-962c285e5a18,2026-06-10T20:00:00Z,2026-06-10T22:00:00+0200,73.01,EUR/MWh,FR,FR,day_ahead_price,value,2026-06-21T18:40:53Z
2026-06-21T18:40:01Z,2026-06-21T20:40:01+0200,c0299f87-b988-4d8b-a611-962c285e5a18,2026-06-10T20:15:00Z,2026-06-10T22:15:00+0200,84.7,EUR/MWh,FR,FR,day_ahead_price,value,2026-06-21T18:40:53Z
2026-06-21T18:40:01Z,2026-06-21T20:40:01+0200,c0299f87-b988-4d8b-a611-962c285e5a18,2026-06-10T20:30:00Z,2026-06-10T22:30:00+0200,88.44,EUR/MWh,FR,FR,day_ahead_price,value,2026-06-21T18:40:53Z
2026-06-21T18:40:01Z,2026-06-21T20:40:01+0200,c0299f87-b988-4d8b-a611-962c285e5a18,2026-06-10T20:45:00Z,2026-06-10T22:45:00+0200,79.85,EUR/MWh,FR,FR,day_ahead_price,value,2026-06-21T18:40:53Z
2026-06-21T18:40:01Z,2026-06-21T20:40:01+0200,c0299f87-b988-4d8b-a611-962c285e5a18,2026-06-10T21:00:00Z,2026-06-10T23:00:00+0200,81.8,EUR/MWh,FR,FR,day_ahead_price,value,2026-06-21T18:40:53Z
2026-06-21T18:40:01Z,2026-06-21T20:40:01+0200,c0299f87-b988-4d8b-a611-962c285e5a18,2026-06-10T21:15:00Z,2026-06-10T23:15:00+0200,76.44,EUR/MWh,FR,FR,day_ahead_price,value,2026-06-21T18:40:53Z
2026-06-21T18:40:01Z,2026-06-21T20:40:01+0200,c0299f87-b988-4d8b-a611-962c285e5a18,2026-06-10T21:30:00Z,2026-06-10T23:30:00+0200,75.66,EUR/MWh,FR,FR,day_ahead_price,value,2026-06-21T18:40:53Z
2026-06-21T18:40:01Z,2026-06-21T20:40:01+0200,c0299f87-b988-4d8b-a611-962c285e5a18,2026-06-10T21:45:00Z,2026-06-10T23:45:00+0200,60.2,EUR/MWh,FR,FR,day_ahead_price,value,2026-06-21T18:40:53Z
2026-06-21T18:40:01Z,2026-06-21T20:40:01+0200,c0299f87-b988-4d8b-a611-962c285e5a18,2026-06-10T22:00:00Z,2026-06-11T00:00:00+0200,62.44,EUR/MWh,FR,FR,day_ahead_price,value,2026-06-21T18:40:53Z
2026-06-21T18:40:01Z,2026-06-21T20:40:01+0200,c0299f87-b988-4d8b-a611-962c285e5a18,2026-06-10T22:15:00Z,2026-06-11T00:15:00+0200,59.28,EUR/MWh,FR,FR,day_ahead_price,value,2026-06-21T18:40:53Z
2026-06-21T18:40:01Z,2026-06-21T20:40:01+0200,c0299f87-b988-4d8b-a611-962c285e5a18,2026-06-10T22:30:00Z,2026-06-11T00:30:00+0200,11.92,EUR/MWh,FR,FR,day_ahead_price,value,2026-06-21T18:40:53Z
2026-06-21T18:40:01Z,2026-06-21T20:40:01+0200,c0299f87-b988-4d8b-a611-962c285e5a18,2026-06-10T22:45:00Z,2026-06-11T00:45:00+0200,-0.01,EUR/MWh,FR,FR,day_ahead_price,value,2026-06-21T18:40:53Z
2026-06-21T18:40:01Z,2026-06-21T20:40:01+0200,c0299f87-b988-4d8b-a611-962c285e5a18,2026-06-10T23:00:00Z,2026-06-11T01:00:00+0200,29.02,EUR/MWh,FR,FR,day_ahead_price,value,2026-06-21T18:40:53Z
2026-06-21T18:40:01Z,2026-06-21T20:40:01+0200,c0299f87-b988-4d8b-a611-962c285e5a18,2026-06-10T23:15:00Z,2026-06-11T01:15:00+0200,0.0,EUR/MWh,FR,FR,day_ahead_price,value,2026-06-21T18:40:53Z
2026-06-21T18:40:01Z,2026-06-21T20:40:01+0200,c0299f87-b988-4d8b-a611-962c285e5a18,2026-06-10T23:30:00Z,2026-06-11T01:30:00+0200,16.56,EUR/MWh,FR,FR,day_ahead_price,value,2026-06-21T18:40:53Z
2026-06-21T18:40:01Z,2026-06-21T20:40:01+0200,c0299f87-b988-4d8b-a611-962c285e5a18,2026-06-10T23:45:00Z,2026-06-11T01:45:00+0200,1.94,EUR/MWh,FR,FR,day_ahead_price,value,2026-06-21T18:40:53Z
2026-06-21T18:40:01Z,2026-06-21T20:40:01+0200,c0299f87-b988-4d8b-a611-962c285e5a18,2026-06-11T00:00:00Z,2026-06-11T02:00:00+0200,18.29,EUR/MWh,FR,FR,day_ahead_price,value,2026-06-21T18:40:53Z
2026-06-21T18:40:01Z,2026-06-21T20:40:01+0200,c0299f87-b988-4d8b-a611-962c285e5a18,2026-06-11T00:15:00Z,2026-06-11T02:15:00+0200,17.01,EUR/MWh,FR,FR,day_ahead_price,value,2026-06-21T18:40:53Z
2026-06-21T18:40:01Z,2026-06-21T20:40:01+0200,c0299f87-b988-4d8b-a611-962c285e5a18,2026-06-11T00:30:00Z,2026-06-11T02:30:00+0200,29.5,EUR/MWh,FR,FR,day_ahead_price,value,2026-06-21T18:40:53Z
2026-06-21T18:40:01Z,2026-06-21T20:40:01+0200,c0299f87-b988-4d8b-a611-962c285e5a18,2026-06-11T00:45:00Z,2026-06-11T02:45:00+0200,24.01,EUR/MWh,FR,FR,day_ahead_price,value,2026-06-21T18:40:53Z
2026-06-21T18:40:01Z,2026-06-21T20:40:01+0200,c0299f87-b988-4d8b-a611-962c285e5a18,2026-06-11T01:00:00Z,2026-06-11T03:00:00+0200,5.55,EUR/MWh,FR,FR,day_ahead_price,value,2026-06-21T18:40:53Z
2026-06-21T18:40:01Z,2026-06-21T20:40:01+0200,c0299f87-b988-4d8b-a611-962c285e5a18,2026-06-11T01:15:00Z,2026-06-11T03:15:00+0200,0.0,EUR/MWh,FR,FR,day_ahead_price,value,2026-06-21T18:40:53Z
2026-06-21T18:40:01Z,2026-06-21T20:40:01+0200,c0299f87-b988-4d8b-a611-962c285e5a18,2026-06-11T01:30:00Z,2026-06-11T03:30:00+0200,0.0,EUR/MWh,FR,FR,day_ahead_price,value,2026-06-21T18:40:53Z
2026-06-21T18:40:01Z,2026-06-21T20:40:01+0200,c0299f87-b988-4d8b-a611-962c285e5a18,2026-06-11T01:45:00Z,2026-06-11T03:45:00+0200,8.9,EUR/MWh,FR,FR,day_ahead_price,value,2026-06-21T18:40:53Z
2026-06-21T18:40:01Z,2026-06-21T20:40:01+0200,c0299f87-b988-4d8b-a611-962c285e5a18,2026-06-11T02:00:00Z,2026-06-11T04:00:00+0200,1.2,EUR/MWh,FR,FR,day_ahead_price,value,2026-06-21T18:40:53Z
2026-06-21T18:40:01Z,2026-06-21T20:40:01+0200,c0299f87-b988-4d8b-a611-962c285e5a18,2026-06-11T02:15:00Z,2026-06-11T04:15:00+0200,3.15,EUR/MWh,FR,FR,day_ahead_price,value,2026-06-21T18:40:53Z
2026-06-21T18:40:01Z,2026-06-21T20:40:01+0200,c0299f87-b988-4d8b-a611-962c285e5a18,2026-06-11T02:30:00Z,2026-06-11T04:30:00+0200,2.52,EUR/MWh,FR,FR,day_ahead_price,value,2026-06-21T18:40:53Z
2026-06-21T18:40:01Z,2026-06-21T20:40:01+0200,c0299f87-b988-4d8b-a611-962c285e5a18,2026-06-11T02:45:00Z,2026-06-11T04:45:00+0200,13.13,EUR/MWh,FR,FR,day_ahead_price,value,2026-06-21T18:40:53Z
2026-06-21T18:40:01Z,2026-06-21T20:40:01+0200,c0299f87-b988-4d8b-a611-962c285e5a18,2026-06-11T03:00:00Z,2026-06-11T05:00:00+0200,13.01,EUR/MWh,FR,FR,day_ahead_price,value,2026-06-21T18:40:53Z
2026-06-21T18:40:01Z,2026-06-21T20:40:01+0200,c0299f87-b988-4d8b-a611-962c285e5a18,2026-06-11T03:15:00Z,2026-06-11T05:15:00+0200,15.52,EUR/MWh,FR,FR,day_ahead_price,value,2026-06-21T18:40:53Z
2026-06-21T18:40:01Z,2026-06-21T20:40:01+0200,c0299f87-b988-4d8b-a611-962c285e5a18,2026-06-11T03:30:00Z,2026-06-11T05:30:00+0200,19.13,EUR/MWh,FR,FR,day_ahead_price,value,2026-06-21T18:40:53Z
2026-06-21T18:40:01Z,2026-06-21T20:40:01+0200,c0299f87-b988-4d8b-a611-962c285e5a18,2026-06-11T03:45:00Z,2026-06-11T05:45:00+0200,22.07,EUR/MWh,FR,FR,day_ahead_price,value,2026-06-21T18:40:53Z
2026-06-21T18:40:01Z,2026-06-21T20:40:01+0200,c0299f87-b988-4d8b-a611-962c285e5a18,2026-06-11T04:00:00Z,2026-06-11T06:00:00+0200,0.14,EUR/MWh,FR,FR,day_ahead_price,value,2026-06-21T18:40:53Z
2026-06-21T18:40:01Z,2026-06-21T20:40:01+0200,c0299f87-b988-4d8b-a611-962c285e5a18,2026-06-11T04:15:00Z,2026-06-11T06:15:00+0200,15.01,EUR/MWh,FR,FR,day_ahead_price,value,2026-06-21T18:40:53Z
2026-06-21T18:40:01Z,2026-06-21T20:40:01+0200,c0299f87-b988-4d8b-a611-962c285e5a18,2026-06-11T04:30:00Z,2026-06-11T06:30:00+0200,22.11,EUR/MWh,FR,FR,day_ahead_price,value,2026-06-21T18:40:53Z
2026-06-21T18:40:01Z,2026-06-21T20:40:01+0200,c0299f87-b988-4d8b-a611-962c285e5a18,2026-06-11T04:45:00Z,2026-06-11T06:45:00+0200,19.22,EUR/MWh,FR,FR,day_ahead_price,value,2026-06-21T18:40:53Z
2026-06-21T18:40:01Z,2026-06-21T20:40:01+0200,c0299f87-b988-4d8b-a611-962c285e5a18,2026-06-11T05:00:00Z,2026-06-11T07:00:00+0200,48.29,EUR/MWh,FR,FR,day_ahead_price,value,2026-06-21T18:40:53Z
2026-06-21T18:40:01Z,2026-06-21T20:40:01+0200,c0299f87-b988-4d8b-a611-962c285e5a18,2026-06-11T05:15:00Z,2026-06-11T07:15:00+0200,59.22,EUR/MWh,FR,FR,day_ahead_price,value,2026-06-21T18:40:53Z
2026-06-21T18:40:01Z,2026-06-21T20:40:01+0200,c0299f87-b988-4d8b-a611-962c285e5a18,2026-06-11T05:30:00Z,2026-06-11T07:30:00+0200,49.11,EUR/MWh,FR,FR,day_ahead_price,value,2026-06-21T18:40:53Z
2026-06-21T18:40:01Z,2026-06-21T20:40:01+0200,c0299f87-b988-4d8b-a611-962c285e5a18,2026-06-11T05:45:00Z,2026-06-11T07:45:00+0200,36.01,EUR/MWh,FR,FR,day_ahead_price,value,2026-06-21T18:40:53Z
2026-06-21T18:40:01Z,2026-06-21T20:40:01+0200,c0299f87-b988-4d8b-a611-962c285e5a18,2026-06-11T06:00:00Z,2026-06-11T08:00:00+0200,50.0,EUR/MWh,FR,FR,day_ahead_price,value,2026-06-21T18:40:53Z
2026-06-21T18:40:01Z,2026-06-21T20:40:01+0200,c0299f87-b988-4d8b-a611-962c285e5a18,2026-06-11T06:15:00Z,2026-06-11T08:15:00+0200,25.0,EUR/MWh,FR,FR,day_ahead_price,value,2026-06-21T18:40:53Z
2026-06-21T18:40:01Z,2026-06-21T20:40:01+0200,c0299f87-b988-4d8b-a611-962c285e5a18,2026-06-11T06:30:00Z,2026-06-11T08:30:00+0200,18.64,EUR/MWh,FR,FR,day_ahead_price,value,2026-06-21T18:40:53Z
2026-06-21T18:40:01Z,2026-06-21T20:40:01+0200,c0299f87-b988-4d8b-a611-962c285e5a18,2026-06-11T06:45:00Z,2026-06-11T08:45:00+0200,1.0,EUR/MWh,FR,FR,day_ahead_price,value,2026-06-21T18:40:53Z
2026-06-21T18:40:01Z,2026-06-21T20:40:01+0200,c0299f87-b988-4d8b-a611-962c285e5a18,2026-06-11T07:00:00Z,2026-06-11T09:00:00+0200,5.41,EUR/MWh,FR,FR,day_ahead_price,value,2026-06-21T18:40:53Z
2026-06-21T18:40:01Z,2026-06-21T20:40:01+0200,c0299f87-b988-4d8b-a611-962c285e5a18,2026-06-11T07:15:00Z,2026-06-11T09:15:00+0200,1.0,EUR/MWh,FR,FR,day_ahead_price,value,2026-06-21T18:40:53Z
2026-06-21T18:40:01Z,2026-06-21T20:40:01+0200,c0299f87-b988-4d8b-a611-962c285e5a18,2026-06-11T07:30:00Z,2026-06-11T09:30:00+0200,0.04,EUR/MWh,FR,FR,day_ahead_price,value,2026-06-21T18:40:53Z
2026-06-21T18:40:01Z,2026-06-21T20:40:01+0200,c0299f87-b988-4d8b-a611-962c285e5a18,2026-06-11T07:45:00Z,2026-06-11T09:45:00+0200,0.0,EUR/MWh,FR,FR,day_ahead_price,value,2026-06-21T18:40:53Z
2026-06-21T18:40:01Z,2026-06-21T20:40:01+0200,c0299f87-b988-4d8b-a611-962c285e5a18,2026-06-11T08:00:00Z,2026-06-11T10:00:00+0200,0.0,EUR/MWh,FR,FR,day_ahead_price,value,2026-06-21T18:40:53Z
2026-06-21T18:40:01Z,2026-06-21T20:40:01+0200,c0299f87-b988-4d8b-a611-962c285e5a18,2026-06-11T08:15:00Z,2026-06-11T10:15:00+0200,0.0,EUR/MWh,FR,FR,day_ahead_price,value,2026-06-21T18:40:53Z
2026-06-21T18:40:01Z,2026-06-21T20:40:01+0200,c0299f87-b988-4d8b-a611-962c285e5a18,2026-06-11T08:30:00Z,2026-06-11T10:30:00+0200,0.0,EUR/MWh,FR,FR,day_ahead_price,value,2026-06-21T18:40:53Z
2026-06-21T18:40:01Z,2026-06-21T20:40:01+0200,c0299f87-b988-4d8b-a611-962c285e5a18,2026-06-11T08:45:00Z,2026-06-11T10:45:00+0200,-0.01,EUR/MWh,FR,FR,day_ahead_price,value,2026-06-21T18:40:53Z
2026-06-21T18:40:01Z,2026-06-21T20:40:01+0200,c0299f87-b988-4d8b-a611-962c285e5a18,2026-06-11T09:00:00Z,2026-06-11T11:00:00+0200,0.0,EUR/MWh,FR,FR,day_ahead_price,value,2026-06-21T18:40:53Z
2026-06-21T18:40:01Z,2026-06-21T20:40:01+0200,c0299f87-b988-4d8b-a611-962c285e5a18,2026-06-11T09:15:00Z,2026-06-11T11:15:00+0200,-0.01,EUR/MWh,FR,FR,day_ahead_price,value,2026-06-21T18:40:53Z
2026-06-21T18:40:01Z,2026-06-21T20:40:01+0200,c0299f87-b988-4d8b-a611-962c285e5a18,2026-06-11T09:30:00Z,2026-06-11T11:30:00+0200,-0.01,EUR/MWh,FR,FR,day_ahead_price,value,2026-06-21T18:40:53Z
2026-06-21T18:40:01Z,2026-06-21T20:40:01+0200,c0299f87-b988-4d8b-a611-962c285e5a18,2026-06-11T09:45:00Z,2026-06-11T11:45:00+0200,-0.01,EUR/MWh,FR,FR,day_ahead_price,value,2026-06-21T18:40:53Z
2026-06-21T18:40:01Z,2026-06-21T20:40:01+0200,c0299f87-b988-4d8b-a611-962c285e5a18,2026-06-11T10:00:00Z,2026-06-11T12:00:00+0200,-0.01,EUR/MWh,FR,FR,day_ahead_price,value,2026-06-21T18:40:53Z
2026-06-21T18:40:01Z,2026-06-21T20:40:01+0200,c0299f87-b988-4d8b-a611-962c285e5a18,2026-06-11T10:15:00Z,2026-06-11T12:15:00+0200,-0.01,EUR/MWh,FR,FR,day_ahead_price,value,2026-06-21T18:40:53Z
2026-06-21T18:40:01Z,2026-06-21T20:40:01+0200,c0299f87-b988-4d8b-a611-962c285e5a18,2026-06-11T10:30:00Z,2026-06-11T12:30:00+0200,-0.01,EUR/MWh,FR,FR,day_ahead_price,value,2026-06-21T18:40:53Z
2026-06-21T18:40:01Z,2026-06-21T20:40:01+0200,c0299f87-b988-4d8b-a611-962c285e5a18,2026-06-11T10:45:00Z,2026-06-11T12:45:00+0200,-0.01,EUR/MWh,FR,FR,day_ahead_price,value,2026-06-21T18:40:53Z
2026-06-21T18:40:01Z,2026-06-21T20:40:01+0200,c0299f87-b988-4d8b-a611-962c285e5a18,2026-06-11T11:00:00Z,2026-06-11T13:00:00+0200,-0.01,EUR/MWh,FR,FR,day_ahead_price,value,2026-06-21T18:40:53Z
2026-06-21T18:40:01Z,2026-06-21T20:40:01+0200,c0299f87-b988-4d8b-a611-962c285e5a18,2026-06-11T11:15:00Z,2026-06-11T13:15:00+0200,-0.01,EUR/MWh,FR,FR,day_ahead_price,value,2026-06-21T18:40:53Z
2026-06-21T18:40:01Z,2026-06-21T20:40:01+0200,c0299f87-b988-4d8b-a611-962c285e5a18,2026-06-11T11:30:00Z,2026-06-11T13:30:00+0200,-0.01,EUR/MWh,FR,FR,day_ahead_price,value,2026-06-21T18:40:53Z
2026-06-21T18:40:01Z,2026-06-21T20:40:01+0200,c0299f87-b988-4d8b-a611-962c285e5a18,2026-06-11T11:45:00Z,2026-06-11T13:45:00+0200,-0.01,EUR/MWh,FR,FR,day_ahead_price,value,2026-06-21T18:40:53Z
2026-06-21T18:40:01Z,2026-06-21T20:40:01+0200,c0299f87-b988-4d8b-a611-962c285e5a18,2026-06-11T12:00:00Z,2026-06-11T14:00:00+0200,-0.01,EUR/MWh,FR,FR,day_ahead_price,value,2026-06-21T18:40:53Z
2026-06-21T18:40:01Z,2026-06-21T20:40:01+0200,c0299f87-b988-4d8b-a611-962c285e5a18,2026-06-11T12:15:00Z,2026-06-11T14:15:00+0200,-0.01,EUR/MWh,FR,FR,day_ahead_price,value,2026-06-21T18:40:53Z
2026-06-21T18:40:01Z,2026-06-21T20:40:01+0200,c0299f87-b988-4d8b-a611-962c285e5a18,2026-06-11T12:30:00Z,2026-06-11T14:30:00+0200,-0.01,EUR/MWh,FR,FR,day_ahead_price,value,2026-06-21T18:40:53Z
2026-06-21T18:40:01Z,2026-06-21T20:40:01+0200,c0299f87-b988-4d8b-a611-962c285e5a18,2026-06-11T12:45:00Z,2026-06-11T14:45:00+0200,-0.01,EUR/MWh,FR,FR,day_ahead_price,value,2026-06-21T18:40:53Z
2026-06-21T18:40:01Z,2026-06-21T20:40:01+0200,c0299f87-b988-4d8b-a611-962c285e5a18,2026-06-11T13:00:00Z,2026-06-11T15:00:00+0200,-0.01,EUR/MWh,FR,FR,day_ahead_price,value,2026-06-21T18:40:53Z
2026-06-21T18:40:01Z,2026-06-21T20:40:01+0200,c0299f87-b988-4d8b-a611-962c285e5a18,2026-06-11T13:15:00Z,2026-06-11T15:15:00+0200,-0.01,EUR/MWh,FR,FR,day_ahead_price,value,2026-06-21T18:40:53Z
2026-06-21T18:40:01Z,2026-06-21T20:40:01+0200,c0299f87-b988-4d8b-a611-962c285e5a18,2026-06-11T13:30:00Z,2026-06-11T15:30:00+0200,-0.01,EUR/MWh,FR,FR,day_ahead_price,value,2026-06-21T18:40:53Z
2026-06-21T18:40:01Z,2026-06-21T20:40:01+0200,c0299f87-b988-4d8b-a611-962c285e5a18,2026-06-11T13:45:00Z,2026-06-11T15:45:00+0200,-0.01,EUR/MWh,FR,FR,day_ahead_price,value,2026-06-21T18:40:53Z
2026-06-21T18:40:01Z,2026-06-21T20:40:01+0200,c0299f87-b988-4d8b-a611-962c285e5a18,2026-06-11T14:00:00Z,2026-06-11T16:00:00+0200,-0.01,EUR/MWh,FR,FR,day_ahead_price,value,2026-06-21T18:40:53Z
2026-06-21T18:40:01Z,2026-06-21T20:40:01+0200,c0299f87-b988-4d8b-a611-962c285e5a18,2026-06-11T14:15:00Z,2026-06-11T16:15:00+0200,-0.01,EUR/MWh,FR,FR,day_ahead_price,value,2026-06-21T18:40:53Z
2026-06-21T18:40:01Z,2026-06-21T20:40:01+0200,c0299f87-b988-4d8b-a611-962c285e5a18,2026-06-11T14:30:00Z,2026-06-11T16:30:00+0200,-0.01,EUR/MWh,FR,FR,day_ahead_price,value,2026-06-21T18:40:53Z
2026-06-21T18:40:01Z,2026-06-21T20:40:01+0200,c0299f87-b988-4d8b-a611-962c285e5a18,2026-06-11T14:45:00Z,2026-06-11T16:45:00+0200,-0.01,EUR/MWh,FR,FR,day_ahead_price,value,2026-06-21T18:40:53Z
2026-06-21T18:40:01Z,2026-06-21T20:40:01+0200,c0299f87-b988-4d8b-a611-962c285e5a18,2026-06-11T15:00:00Z,2026-06-11T17:00:00+0200,0.0,EUR/MWh,FR,FR,day_ahead_price,value,2026-06-21T18:40:53Z
2026-06-21T18:40:01Z,2026-06-21T20:40:01+0200,c0299f87-b988-4d8b-a611-962c285e5a18,2026-06-11T15:15:00Z,2026-06-11T17:15:00+0200,0.0,EUR/MWh,FR,FR,day_ahead_price,value,2026-06-21T18:40:53Z
2026-06-21T18:40:01Z,2026-06-21T20:40:01+0200,c0299f87-b988-4d8b-a611-962c285e5a18,2026-06-11T15:30:00Z,2026-06-11T17:30:00+0200,0.0,EUR/MWh,FR,FR,day_ahead_price,value,2026-06-21T18:40:53Z
2026-06-21T18:40:01Z,2026-06-21T20:40:01+0200,c0299f87-b988-4d8b-a611-962c285e5a18,2026-06-11T15:45:00Z,2026-06-11T17:45:00+0200,0.01,EUR/MWh,FR,FR,day_ahead_price,value,2026-06-21T18:40:53Z
2026-06-21T18:40:01Z,2026-06-21T20:40:01+0200,c0299f87-b988-4d8b-a611-962c285e5a18,2026-06-11T16:00:00Z,2026-06-11T18:00:00+0200,0.84,EUR/MWh,FR,FR,day_ahead_price,value,2026-06-21T18:40:53Z
2026-06-21T18:40:01Z,2026-06-21T20:40:01+0200,c0299f87-b988-4d8b-a611-962c285e5a18,2026-06-11T16:15:00Z,2026-06-11T18:15:00+0200,1.44,EUR/MWh,FR,FR,day_ahead_price,value,2026-06-21T18:40:53Z
2026-06-21T18:40:01Z,2026-06-21T20:40:01+0200,c0299f87-b988-4d8b-a611-962c285e5a18,2026-06-11T16:30:00Z,2026-06-11T18:30:00+0200,7.95,EUR/MWh,FR,FR,day_ahead_price,value,2026-06-21T18:40:53Z
2026-06-21T18:40:01Z,2026-06-21T20:40:01+0200,c0299f87-b988-4d8b-a611-962c285e5a18,2026-06-11T16:45:00Z,2026-06-11T18:45:00+0200,11.03,EUR/MWh,FR,FR,day_ahead_price,value,2026-06-21T18:40:53Z
2026-06-21T18:40:01Z,2026-06-21T20:40:01+0200,c0299f87-b988-4d8b-a611-962c285e5a18,2026-06-11T17:00:00Z,2026-06-11T19:00:00+0200,6.99,EUR/MWh,FR,FR,day_ahead_price,value,2026-06-21T18:40:53Z
2026-06-21T18:40:01Z,2026-06-21T20:40:01+0200,c0299f87-b988-4d8b-a611-962c285e5a18,2026-06-11T17:15:00Z,2026-06-11T19:15:00+0200,21.68,EUR/MWh,FR,FR,day_ahead_price,value,2026-06-21T18:40:53Z
2026-06-21T18:40:01Z,2026-06-21T20:40:01+0200,c0299f87-b988-4d8b-a611-962c285e5a18,2026-06-11T17:30:00Z,2026-06-11T19:30:00+0200,22.2,EUR/MWh,FR,FR,day_ahead_price,value,2026-06-21T18:40:53Z
2026-06-21T18:40:01Z,2026-06-21T20:40:01+0200,c0299f87-b988-4d8b-a611-962c285e5a18,2026-06-11T17:45:00Z,2026-06-11T19:45:00+0200,37.0,EUR/MWh,FR,FR,day_ahead_price,value,2026-06-21T18:40:53Z
2026-06-21T18:40:01Z,2026-06-21T20:40:01+0200,c0299f87-b988-4d8b-a611-962c285e5a18,2026-06-11T18:00:00Z,2026-06-11T20:00:00+0200,24.14,EUR/MWh,FR,FR,day_ahead_price,value,2026-06-21T18:40:53Z
2026-06-21T18:40:01Z,2026-06-21T20:40:01+0200,c0299f87-b988-4d8b-a611-962c285e5a18,2026-06-11T18:15:00Z,2026-06-11T20:15:00+0200,30.28,EUR/MWh,FR,FR,day_ahead_price,value,2026-06-21T18:40:53Z
2026-06-21T18:40:01Z,2026-06-21T20:40:01+0200,c0299f87-b988-4d8b-a611-962c285e5a18,2026-06-11T18:30:00Z,2026-06-11T20:30:00+0200,12.51,EUR/MWh,FR,FR,day_ahead_price,value,2026-06-21T18:40:53Z
2026-06-21T18:40:01Z,2026-06-21T20:40:01+0200,c0299f87-b988-4d8b-a611-962c285e5a18,2026-06-11T18:45:00Z,2026-06-11T20:45:00+0200,7.2,EUR/MWh,FR,FR,day_ahead_price,value,2026-06-21T18:40:53Z
2026-06-21T18:40:01Z,2026-06-21T20:40:01+0200,c0299f87-b988-4d8b-a611-962c285e5a18,2026-06-11T19:00:00Z,2026-06-11T21:00:00+0200,26.51,EUR/MWh,FR,FR,day_ahead_price,value,2026-06-21T18:40:53Z
2026-06-21T18:40:01Z,2026-06-21T20:40:01+0200,c0299f87-b988-4d8b-a611-962c285e5a18,2026-06-11T19:15:00Z,2026-06-11T21:15:00+0200,10.58,EUR/MWh,FR,FR,day_ahead_price,value,2026-06-21T18:40:53Z
2026-06-21T18:40:01Z,2026-06-21T20:40:01+0200,c0299f87-b988-4d8b-a611-962c285e5a18,2026-06-11T19:30:00Z,2026-06-11T21:30:00+0200,15.13,EUR/MWh,FR,FR,day_ahead_price,value,2026-06-21T18:40:53Z
2026-06-21T18:40:01Z,2026-06-21T20:40:01+0200,c0299f87-b988-4d8b-a611-962c285e5a18,2026-06-11T19:45:00Z,2026-06-11T21:45:00+0200,0.0,EUR/MWh,FR,FR,day_ahead_price,value,2026-06-21T18:40:53Z
2026-06-21T18:40:01Z,2026-06-21T20:40:01+0200,c0299f87-b988-4d8b-a611-962c285e5a18,2026-06-11T20:00:00Z,2026-06-11T22:00:00+0200,27.29,EUR/MWh,FR,FR,day_ahead_price,value,2026-06-21T18:40:53Z
2026-06-21T18:40:01Z,2026-06-21T20:40:01+0200,c0299f87-b988-4d8b-a611-962c285e5a18,2026-06-11T20:15:00Z,2026-06-11T22:15:00+0200,15.17,EUR/MWh,FR,FR,day_ahead_price,value,2026-06-21T18:40:53Z
2026-06-21T18:40:01Z,2026-06-21T20:40:01+0200,c0299f87-b988-4d8b-a611-962c285e5a18,2026-06-11T20:30:00Z,2026-06-11T22:30:00+0200,35.52,EUR/MWh,FR,FR,day_ahead_price,value,2026-06-21T18:40:53Z
2026-06-21T18:40:01Z,2026-06-21T20:40:01+0200,c0299f87-b988-4d8b-a611-962c285e5a18,2026-06-11T20:45:00Z,2026-06-11T22:45:00+0200,0.0,EUR/MWh,FR,FR,day_ahead_price,value,2026-06-21T18:40:53Z
2026-06-21T18:40:01Z,2026-06-21T20:40:01+0200,c0299f87-b988-4d8b-a611-962c285e5a18,2026-06-11T21:00:00Z,2026-06-11T23:00:00+0200,41.94,EUR/MWh,FR,FR,day_ahead_price,value,2026-06-21T18:40:53Z
2026-06-21T18:40:01Z,2026-06-21T20:40:01+0200,c0299f87-b988-4d8b-a611-962c285e5a18,2026-06-11T21:15:00Z,2026-06-11T23:15:00+0200,8.43,EUR/MWh,FR,FR,day_ahead_price,value,2026-06-21T18:40:53Z
2026-06-21T18:40:01Z,2026-06-21T20:40:01+0200,c0299f87-b988-4d8b-a611-962c285e5a18,2026-06-11T21:30:00Z,2026-06-11T23:30:00+0200,26.8,EUR/MWh,FR,FR,day_ahead_price,value,2026-06-21T18:40:53Z
2026-06-21T18:40:01Z,2026-06-21T20:40:01+0200,c0299f87-b988-4d8b-a611-962c285e5a18,2026-06-11T21:45:00Z,2026-06-11T23:45:00+0200,2.81,EUR/MWh,FR,FR,day_ahead_price,value,2026-06-21T18:40:53Z
2026-06-21T18:40:01Z,2026-06-21T20:40:01+0200,c0299f87-b988-4d8b-a611-962c285e5a18,2026-06-11T22:00:00Z,2026-06-12T00:00:00+0200,43.09,EUR/MWh,FR,FR,day_ahead_price,value,2026-06-21T18:40:53Z
2026-06-21T18:40:01Z,2026-06-21T20:40:01+0200,c0299f87-b988-4d8b-a611-962c285e5a18,2026-06-11T22:15:00Z,2026-06-12T00:15:00+0200,39.27,EUR/MWh,FR,FR,day_ahead_price,value,2026-06-21T18:40:53Z
2026-06-21T18:40:01Z,2026-06-21T20:40:01+0200,c0299f87-b988-4d8b-a611-962c285e5a18,2026-06-11T22:30:00Z,2026-06-12T00:30:00+0200,34.6,EUR/MWh,FR,FR,day_ahead_price,value,2026-06-21T18:40:53Z
2026-06-21T18:40:01Z,2026-06-21T20:40:01+0200,c0299f87-b988-4d8b-a611-962c285e5a18,2026-06-11T22:45:00Z,2026-06-12T00:45:00+0200,15.0,EUR/MWh,FR,FR,day_ahead_price,value,2026-06-21T18:40:53Z
2026-06-21T18:40:01Z,2026-06-21T20:40:01+0200,c0299f87-b988-4d8b-a611-962c285e5a18,2026-06-11T23:00:00Z,2026-06-12T01:00:00+0200,34.7,EUR/MWh,FR,FR,day_ahead_price,value,2026-06-21T18:40:53Z
2026-06-21T18:40:01Z,2026-06-21T20:40:01+0200,c0299f87-b988-4d8b-a611-962c285e5a18,2026-06-11T23:15:00Z,2026-06-12T01:15:00+0200,27.0,EUR/MWh,FR,FR,day_ahead_price,value,2026-06-21T18:40:53Z
2026-06-21T18:40:01Z,2026-06-21T20:40:01+0200,c0299f87-b988-4d8b-a611-962c285e5a18,2026-06-11T23:30:00Z,2026-06-12T01:30:00+0200,25.99,EUR/MWh,FR,FR,day_ahead_price,value,2026-06-21T18:40:53Z
2026-06-21T18:40:01Z,2026-06-21T20:40:01+0200,c0299f87-b988-4d8b-a611-962c285e5a18,2026-06-11T23:45:00Z,2026-06-12T01:45:00+0200,22.0,EUR/MWh,FR,FR,day_ahead_price,value,2026-06-21T18:40:53Z
2026-06-21T18:40:01Z,2026-06-21T20:40:01+0200,c0299f87-b988-4d8b-a611-962c285e5a18,2026-06-12T00:00:00Z,2026-06-12T02:00:00+0200,21.94,EUR/MWh,FR,FR,day_ahead_price,value,2026-06-21T18:40:53Z
2026-06-21T18:40:01Z,2026-06-21T20:40:01+0200,c0299f87-b988-4d8b-a611-962c285e5a18,2026-06-12T00:15:00Z,2026-06-12T02:15:00+0200,11.53,EUR/MWh,FR,FR,day_ahead_price,value,2026-06-21T18:40:53Z
2026-06-21T18:40:01Z,2026-06-21T20:40:01+0200,c0299f87-b988-4d8b-a611-962c285e5a18,2026-06-12T00:30:00Z,2026-06-12T02:30:00+0200,11.09,EUR/MWh,FR,FR,day_ahead_price,value,2026-06-21T18:40:53Z
2026-06-21T18:40:01Z,2026-06-21T20:40:01+0200,c0299f87-b988-4d8b-a611-962c285e5a18,2026-06-12T00:45:00Z,2026-06-12T02:45:00+0200,9.78,EUR/MWh,FR,FR,day_ahead_price,value,2026-06-21T18:40:53Z
2026-06-21T18:40:01Z,2026-06-21T20:40:01+0200,c0299f87-b988-4d8b-a611-962c285e5a18,2026-06-12T01:00:00Z,2026-06-12T03:00:00+0200,7.9,EUR/MWh,FR,FR,day_ahead_price,value,2026-06-21T18:40:53Z
2026-06-21T18:40:01Z,2026-06-21T20:40:01+0200,c0299f87-b988-4d8b-a611-962c285e5a18,2026-06-12T01:15:00Z,2026-06-12T03:15:00+0200,9.17,EUR/MWh,FR,FR,day_ahead_price,value,2026-06-21T18:40:53Z
2026-06-21T18:40:01Z,2026-06-21T20:40:01+0200,c0299f87-b988-4d8b-a611-962c285e5a18,2026-06-12T01:30:00Z,2026-06-12T03:30:00+0200,7.99,EUR/MWh,FR,FR,day_ahead_price,value,2026-06-21T18:40:53Z
2026-06-21T18:40:01Z,2026-06-21T20:40:01+0200,c0299f87-b988-4d8b-a611-962c285e5a18,2026-06-12T01:45:00Z,2026-06-12T03:45:00+0200,9.33,EUR/MWh,FR,FR,day_ahead_price,value,2026-06-21T18:40:53Z
2026-06-21T18:40:01Z,2026-06-21T20:40:01+0200,c0299f87-b988-4d8b-a611-962c285e5a18,2026-06-12T02:00:00Z,2026-06-12T04:00:00+0200,13.02,EUR/MWh,FR,FR,day_ahead_price,value,2026-06-21T18:40:53Z
2026-06-21T18:40:01Z,2026-06-21T20:40:01+0200,c0299f87-b988-4d8b-a611-962c285e5a18,2026-06-12T02:15:00Z,2026-06-12T04:15:00+0200,10.33,EUR/MWh,FR,FR,day_ahead_price,value,2026-06-21T18:40:53Z
2026-06-21T18:40:01Z,2026-06-21T20:40:01+0200,c0299f87-b988-4d8b-a611-962c285e5a18,2026-06-12T02:30:00Z,2026-06-12T04:30:00+0200,6.48,EUR/MWh,FR,FR,day_ahead_price,value,2026-06-21T18:40:53Z
2026-06-21T18:40:01Z,2026-06-21T20:40:01+0200,c0299f87-b988-4d8b-a611-962c285e5a18,2026-06-12T02:45:00Z,2026-06-12T04:45:00+0200,7.13,EUR/MWh,FR,FR,day_ahead_price,value,2026-06-21T18:40:53Z
2026-06-21T18:40:01Z,2026-06-21T20:40:01+0200,c0299f87-b988-4d8b-a611-962c285e5a18,2026-06-12T03:00:00Z,2026-06-12T05:00:00+0200,8.1,EUR/MWh,FR,FR,day_ahead_price,value,2026-06-21T18:40:53Z
2026-06-21T18:40:01Z,2026-06-21T20:40:01+0200,c0299f87-b988-4d8b-a611-962c285e5a18,2026-06-12T03:15:00Z,2026-06-12T05:15:00+0200,8.81,EUR/MWh,FR,FR,day_ahead_price,value,2026-06-21T18:40:53Z
2026-06-21T18:40:01Z,2026-06-21T20:40:01+0200,c0299f87-b988-4d8b-a611-962c285e5a18,2026-06-12T03:30:00Z,2026-06-12T05:30:00+0200,11.19,EUR/MWh,FR,FR,day_ahead_price,value,2026-06-21T18:40:53Z
2026-06-21T18:40:01Z,2026-06-21T20:40:01+0200,c0299f87-b988-4d8b-a611-962c285e5a18,2026-06-12T03:45:00Z,2026-06-12T05:45:00+0200,15.99,EUR/MWh,FR,FR,day_ahead_price,value,2026-06-21T18:40:53Z
2026-06-21T18:40:01Z,2026-06-21T20:40:01+0200,c0299f87-b988-4d8b-a611-962c285e5a18,2026-06-12T04:00:00Z,2026-06-12T06:00:00+0200,35.57,EUR/MWh,FR,FR,day_ahead_price,value,2026-06-21T18:40:53Z
2026-06-21T18:40:01Z,2026-06-21T20:40:01+0200,c0299f87-b988-4d8b-a611-962c285e5a18,2026-06-12T04:15:00Z,2026-06-12T06:15:00+0200,33.82,EUR/MWh,FR,FR,day_ahead_price,value,2026-06-21T18:40:53Z
2026-06-21T18:40:01Z,2026-06-21T20:40:01+0200,c0299f87-b988-4d8b-a611-962c285e5a18,2026-06-12T04:30:00Z,2026-06-12T06:30:00+0200,17.09,EUR/MWh,FR,FR,day_ahead_price,value,2026-06-21T18:40:53Z
2026-06-21T18:40:01Z,2026-06-21T20:40:01+0200,c0299f87-b988-4d8b-a611-962c285e5a18,2026-06-12T04:45:00Z,2026-06-12T06:45:00+0200,19.74,EUR/MWh,FR,FR,day_ahead_price,value,2026-06-21T18:40:53Z
2026-06-21T18:40:01Z,2026-06-21T20:40:01+0200,c0299f87-b988-4d8b-a611-962c285e5a18,2026-06-12T05:00:00Z,2026-06-12T07:00:00+0200,33.4,EUR/MWh,FR,FR,day_ahead_price,value,2026-06-21T18:40:53Z
2026-06-21T18:40:01Z,2026-06-21T20:40:01+0200,c0299f87-b988-4d8b-a611-962c285e5a18,2026-06-12T05:15:00Z,2026-06-12T07:15:00+0200,46.06,EUR/MWh,FR,FR,day_ahead_price,value,2026-06-21T18:40:53Z
2026-06-21T18:40:01Z,2026-06-21T20:40:01+0200,c0299f87-b988-4d8b-a611-962c285e5a18,2026-06-12T05:30:00Z,2026-06-12T07:30:00+0200,46.66,EUR/MWh,FR,FR,day_ahead_price,value,2026-06-21T18:40:53Z
2026-06-21T18:40:01Z,2026-06-21T20:40:01+0200,c0299f87-b988-4d8b-a611-962c285e5a18,2026-06-12T05:45:00Z,2026-06-12T07:45:00+0200,34.18,EUR/MWh,FR,FR,day_ahead_price,value,2026-06-21T18:40:53Z
2026-06-21T18:40:01Z,2026-06-21T20:40:01+0200,c0299f87-b988-4d8b-a611-962c285e5a18,2026-06-12T06:00:00Z,2026-06-12T08:00:00+0200,38.7,EUR/MWh,FR,FR,day_ahead_price,value,2026-06-21T18:40:53Z
2026-06-21T18:40:01Z,2026-06-21T20:40:01+0200,c0299f87-b988-4d8b-a611-962c285e5a18,2026-06-12T06:15:00Z,2026-06-12T08:15:00+0200,21.75,EUR/MWh,FR,FR,day_ahead_price,value,2026-06-21T18:40:53Z
2026-06-21T18:40:01Z,2026-06-21T20:40:01+0200,c0299f87-b988-4d8b-a611-962c285e5a18,2026-06-12T06:30:00Z,2026-06-12T08:30:00+0200,12.26,EUR/MWh,FR,FR,day_ahead_price,value,2026-06-21T18:40:53Z
2026-06-21T18:40:01Z,2026-06-21T20:40:01+0200,c0299f87-b988-4d8b-a611-962c285e5a18,2026-06-12T06:45:00Z,2026-06-12T08:45:00+0200,0.84,EUR/MWh,FR,FR,day_ahead_price,value,2026-06-21T18:40:53Z
2026-06-21T18:40:01Z,2026-06-21T20:40:01+0200,c0299f87-b988-4d8b-a611-962c285e5a18,2026-06-12T07:00:00Z,2026-06-12T09:00:00+0200,0.84,EUR/MWh,FR,FR,day_ahead_price,value,2026-06-21T18:40:53Z
2026-06-21T18:40:01Z,2026-06-21T20:40:01+0200,c0299f87-b988-4d8b-a611-962c285e5a18,2026-06-12T07:15:00Z,2026-06-12T09:15:00+0200,0.0,EUR/MWh,FR,FR,day_ahead_price,value,2026-06-21T18:40:53Z
2026-06-21T18:40:01Z,2026-06-21T20:40:01+0200,c0299f87-b988-4d8b-a611-962c285e5a18,2026-06-12T07:30:00Z,2026-06-12T09:30:00+0200,0.0,EUR/MWh,FR,FR,day_ahead_price,value,2026-06-21T18:40:53Z
2026-06-21T18:40:01Z,2026-06-21T20:40:01+0200,c0299f87-b988-4d8b-a611-962c285e5a18,2026-06-12T07:45:00Z,2026-06-12T09:45:00+0200,-0.01,EUR/MWh,FR,FR,day_ahead_price,value,2026-06-21T18:40:53Z
2026-06-21T18:40:01Z,2026-06-21T20:40:01+0200,c0299f87-b988-4d8b-a611-962c285e5a18,2026-06-12T08:00:00Z,2026-06-12T10:00:00+0200,0.0,EUR/MWh,FR,FR,day_ahead_price,value,2026-06-21T18:40:53Z
2026-06-21T18:40:01Z,2026-06-21T20:40:01+0200,c0299f87-b988-4d8b-a611-962c285e5a18,2026-06-12T08:15:00Z,2026-06-12T10:15:00+0200,0.0,EUR/MWh,FR,FR,day_ahead_price,value,2026-06-21T18:40:53Z
2026-06-21T18:40:01Z,2026-06-21T20:40:01+0200,c0299f87-b988-4d8b-a611-962c285e5a18,2026-06-12T08:30:00Z,2026-06-12T10:30:00+0200,-0.01,EUR/MWh,FR,FR,day_ahead_price,value,2026-06-21T18:40:53Z
2026-06-21T18:40:01Z,2026-06-21T20:40:01+0200,c0299f87-b988-4d8b-a611-962c285e5a18,2026-06-12T08:45:00Z,2026-06-12T10:45:00+0200,-0.01,EUR/MWh,FR,FR,day_ahead_price,value,2026-06-21T18:40:53Z
2026-06-21T18:40:01Z,2026-06-21T20:40:01+0200,c0299f87-b988-4d8b-a611-962c285e5a18,2026-06-12T09:00:00Z,2026-06-12T11:00:00+0200,-0.01,EUR/MWh,FR,FR,day_ahead_price,value,2026-06-21T18:40:53Z
2026-06-21T18:40:01Z,2026-06-21T20:40:01+0200,c0299f87-b988-4d8b-a611-962c285e5a18,2026-06-12T09:15:00Z,2026-06-12T11:15:00+0200,-0.01,EUR/MWh,FR,FR,day_ahead_price,value,2026-06-21T18:40:53Z
2026-06-21T18:40:01Z,2026-06-21T20:40:01+0200,c0299f87-b988-4d8b-a611-962c285e5a18,2026-06-12T09:30:00Z,2026-06-12T11:30:00+0200,-0.01,EUR/MWh,FR,FR,day_ahead_price,value,2026-06-21T18:40:53Z
2026-06-21T18:40:01Z,2026-06-21T20:40:01+0200,c0299f87-b988-4d8b-a611-962c285e5a18,2026-06-12T09:45:00Z,2026-06-12T11:45:00+0200,-0.01,EUR/MWh,FR,FR,day_ahead_price,value,2026-06-21T18:40:53Z
2026-06-21T18:40:01Z,2026-06-21T20:40:01+0200,c0299f87-b988-4d8b-a611-962c285e5a18,2026-06-12T10:00:00Z,2026-06-12T12:00:00+0200,-0.01,EUR/MWh,FR,FR,day_ahead_price,value,2026-06-21T18:40:53Z
2026-06-21T18:40:01Z,2026-06-21T20:40:01+0200,c0299f87-b988-4d8b-a611-962c285e5a18,2026-06-12T10:15:00Z,2026-06-12T12:15:00+0200,-0.01,EUR/MWh,FR,FR,day_ahead_price,value,2026-06-21T18:40:53Z
2026-06-21T18:40:01Z,2026-06-21T20:40:01+0200,c0299f87-b988-4d8b-a611-962c285e5a18,2026-06-12T10:30:00Z,2026-06-12T12:30:00+0200,-0.01,EUR/MWh,FR,FR,day_ahead_price,value,2026-06-21T18:40:53Z
2026-06-21T18:40:01Z,2026-06-21T20:40:01+0200,c0299f87-b988-4d8b-a611-962c285e5a18,2026-06-12T10:45:00Z,2026-06-12T12:45:00+0200,-0.01,EUR/MWh,FR,FR,day_ahead_price,value,2026-06-21T18:40:53Z
2026-06-21T18:40:01Z,2026-06-21T20:40:01+0200,c0299f87-b988-4d8b-a611-962c285e5a18,2026-06-12T11:00:00Z,2026-06-12T13:00:00+0200,-0.01,EUR/MWh,FR,FR,day_ahead_price,value,2026-06-21T18:40:53Z
2026-06-21T18:40:01Z,2026-06-21T20:40:01+0200,c0299f87-b988-4d8b-a611-962c285e5a18,2026-06-12T11:15:00Z,2026-06-12T13:15:00+0200,-0.01,EUR/MWh,FR,FR,day_ahead_price,value,2026-06-21T18:40:53Z
2026-06-21T18:40:01Z,2026-06-21T20:40:01+0200,c0299f87-b988-4d8b-a611-962c285e5a18,2026-06-12T11:30:00Z,2026-06-12T13:30:00+0200,-0.01,EUR/MWh,FR,FR,day_ahead_price,value,2026-06-21T18:40:53Z
2026-06-21T18:40:01Z,2026-06-21T20:40:01+0200,c0299f87-b988-4d8b-a611-962c285e5a18,2026-06-12T11:45:00Z,2026-06-12T13:45:00+0200,-0.01,EUR/MWh,FR,FR,day_ahead_price,value,2026-06-21T18:40:53Z
2026-06-21T18:40:01Z,2026-06-21T20:40:01+0200,c0299f87-b988-4d8b-a611-962c285e5a18,2026-06-12T12:00:00Z,2026-06-12T14:00:00+0200,-0.01,EUR/MWh,FR,FR,day_ahead_price,value,2026-06-21T18:40:53Z
2026-06-21T18:40:01Z,2026-06-21T20:40:01+0200,c0299f87-b988-4d8b-a611-962c285e5a18,2026-06-12T12:15:00Z,2026-06-12T14:15:00+0200,-0.01,EUR/MWh,FR,FR,day_ahead_price,value,2026-06-21T18:40:53Z
2026-06-21T18:40:01Z,2026-06-21T20:40:01+0200,c0299f87-b988-4d8b-a611-962c285e5a18,2026-06-12T12:30:00Z,2026-06-12T14:30:00+0200,-0.01,EUR/MWh,FR,FR,day_ahead_price,value,2026-06-21T18:40:53Z
2026-06-21T18:40:01Z,2026-06-21T20:40:01+0200,c0299f87-b988-4d8b-a611-962c285e5a18,2026-06-12T12:45:00Z,2026-06-12T14:45:00+0200,-0.01,EUR/MWh,FR,FR,day_ahead_price,value,2026-06-21T18:40:53Z
2026-06-21T18:40:01Z,2026-06-21T20:40:01+0200,c0299f87-b988-4d8b-a611-962c285e5a18,2026-06-12T13:00:00Z,2026-06-12T15:00:00+0200,-0.01,EUR/MWh,FR,FR,day_ahead_price,value,2026-06-21T18:40:53Z
2026-06-21T18:40:01Z,2026-06-21T20:40:01+0200,c0299f87-b988-4d8b-a611-962c285e5a18,2026-06-12T13:15:00Z,2026-06-12T15:15:00+0200,-0.02,EUR/MWh,FR,FR,day_ahead_price,value,2026-06-21T18:40:53Z
2026-06-21T18:40:01Z,2026-06-21T20:40:01+0200,c0299f87-b988-4d8b-a611-962c285e5a18,2026-06-12T13:30:00Z,2026-06-12T15:30:00+0200,-0.02,EUR/MWh,FR,FR,day_ahead_price,value,2026-06-21T18:40:53Z
2026-06-21T18:40:01Z,2026-06-21T20:40:01+0200,c0299f87-b988-4d8b-a611-962c285e5a18,2026-06-12T13:45:00Z,2026-06-12T15:45:00+0200,-0.03,EUR/MWh,FR,FR,day_ahead_price,value,2026-06-21T18:40:53Z
2026-06-21T18:40:01Z,2026-06-21T20:40:01+0200,c0299f87-b988-4d8b-a611-962c285e5a18,2026-06-12T14:00:00Z,2026-06-12T16:00:00+0200,-0.09,EUR/MWh,FR,FR,day_ahead_price,value,2026-06-21T18:40:53Z
2026-06-21T18:40:01Z,2026-06-21T20:40:01+0200,c0299f87-b988-4d8b-a611-962c285e5a18,2026-06-12T14:15:00Z,2026-06-12T16:15:00+0200,-0.08,EUR/MWh,FR,FR,day_ahead_price,value,2026-06-21T18:40:53Z
2026-06-21T18:40:01Z,2026-06-21T20:40:01+0200,c0299f87-b988-4d8b-a611-962c285e5a18,2026-06-12T14:30:00Z,2026-06-12T16:30:00+0200,-0.02,EUR/MWh,FR,FR,day_ahead_price,value,2026-06-21T18:40:53Z
2026-06-21T18:40:01Z,2026-06-21T20:40:01+0200,c0299f87-b988-4d8b-a611-962c285e5a18,2026-06-12T14:45:00Z,2026-06-12T16:45:00+0200,-0.01,EUR/MWh,FR,FR,day_ahead_price,value,2026-06-21T18:40:53Z
2026-06-21T18:40:01Z,2026-06-21T20:40:01+0200,c0299f87-b988-4d8b-a611-962c285e5a18,2026-06-12T15:00:00Z,2026-06-12T17:00:00+0200,-0.01,EUR/MWh,FR,FR,day_ahead_price,value,2026-06-21T18:40:53Z
2026-06-21T18:40:01Z,2026-06-21T20:40:01+0200,c0299f87-b988-4d8b-a611-962c285e5a18,2026-06-12T15:15:00Z,2026-06-12T17:15:00+0200,-0.01,EUR/MWh,FR,FR,day_ahead_price,value,2026-06-21T18:40:53Z
2026-06-21T18:40:01Z,2026-06-21T20:40:01+0200,c0299f87-b988-4d8b-a611-962c285e5a18,2026-06-12T15:30:00Z,2026-06-12T17:30:00+0200,0.0,EUR/MWh,FR,FR,day_ahead_price,value,2026-06-21T18:40:53Z
2026-06-21T18:40:01Z,2026-06-21T20:40:01+0200,c0299f87-b988-4d8b-a611-962c285e5a18,2026-06-12T15:45:00Z,2026-06-12T17:45:00+0200,0.0,EUR/MWh,FR,FR,day_ahead_price,value,2026-06-21T18:40:53Z
2026-06-21T18:40:01Z,2026-06-21T20:40:01+0200,c0299f87-b988-4d8b-a611-962c285e5a18,2026-06-12T16:00:00Z,2026-06-12T18:00:00+0200,0.84,EUR/MWh,FR,FR,day_ahead_price,value,2026-06-21T18:40:53Z
2026-06-21T18:40:01Z,2026-06-21T20:40:01+0200,c0299f87-b988-4d8b-a611-962c285e5a18,2026-06-12T16:15:00Z,2026-06-12T18:15:00+0200,1.44,EUR/MWh,FR,FR,day_ahead_price,value,2026-06-21T18:40:53Z
2026-06-21T18:40:01Z,2026-06-21T20:40:01+0200,c0299f87-b988-4d8b-a611-962c285e5a18,2026-06-12T16:30:00Z,2026-06-12T18:30:00+0200,4.74,EUR/MWh,FR,FR,day_ahead_price,value,2026-06-21T18:40:53Z
2026-06-21T18:40:01Z,2026-06-21T20:40:01+0200,c0299f87-b988-4d8b-a611-962c285e5a18,2026-06-12T16:45:00Z,2026-06-12T18:45:00+0200,13.3,EUR/MWh,FR,FR,day_ahead_price,value,2026-06-21T18:40:53Z
2026-06-21T18:40:01Z,2026-06-21T20:40:01+0200,c0299f87-b988-4d8b-a611-962c285e5a18,2026-06-12T17:00:00Z,2026-06-12T19:00:00+0200,20.0,EUR/MWh,FR,FR,day_ahead_price,value,2026-06-21T18:40:53Z
2026-06-21T18:40:01Z,2026-06-21T20:40:01+0200,c0299f87-b988-4d8b-a611-962c285e5a18,2026-06-12T17:15:00Z,2026-06-12T19:15:00+0200,22.2,EUR/MWh,FR,FR,day_ahead_price,value,2026-06-21T18:40:53Z
2026-06-21T18:40:01Z,2026-06-21T20:40:01+0200,c0299f87-b988-4d8b-a611-962c285e5a18,2026-06-12T17:30:00Z,2026-06-12T19:30:00+0200,25.72,EUR/MWh,FR,FR,day_ahead_price,value,2026-06-21T18:40:53Z
2026-06-21T18:40:01Z,2026-06-21T20:40:01+0200,c0299f87-b988-4d8b-a611-962c285e5a18,2026-06-12T17:45:00Z,2026-06-12T19:45:00+0200,50.99,EUR/MWh,FR,FR,day_ahead_price,value,2026-06-21T18:40:53Z
2026-06-21T18:40:01Z,2026-06-21T20:40:01+0200,c0299f87-b988-4d8b-a611-962c285e5a18,2026-06-12T18:00:00Z,2026-06-12T20:00:00+0200,45.45,EUR/MWh,FR,FR,day_ahead_price,value,2026-06-21T18:40:53Z
2026-06-21T18:40:01Z,2026-06-21T20:40:01+0200,c0299f87-b988-4d8b-a611-962c285e5a18,2026-06-12T18:15:00Z,2026-06-12T20:15:00+0200,69.67,EUR/MWh,FR,FR,day_ahead_price,value,2026-06-21T18:40:53Z
2026-06-21T18:40:01Z,2026-06-21T20:40:01+0200,c0299f87-b988-4d8b-a611-962c285e5a18,2026-06-12T18:30:00Z,2026-06-12T20:30:00+0200,95.79,EUR/MWh,FR,FR,day_ahead_price,value,2026-06-21T18:40:53Z
2026-06-21T18:40:01Z,2026-06-21T20:40:01+0200,c0299f87-b988-4d8b-a611-962c285e5a18,2026-06-12T18:45:00Z,2026-06-12T20:45:00+0200,108.81,EUR/MWh,FR,FR,day_ahead_price,value,2026-06-21T18:40:53Z
2026-06-21T18:40:01Z,2026-06-21T20:40:01+0200,c0299f87-b988-4d8b-a611-962c285e5a18,2026-06-12T19:00:00Z,2026-06-12T21:00:00+0200,99.61,EUR/MWh,FR,FR,day_ahead_price,value,2026-06-21T18:40:53Z
2026-06-21T18:40:01Z,2026-06-21T20:40:01+0200,c0299f87-b988-4d8b-a611-962c285e5a18,2026-06-12T19:15:00Z,2026-06-12T21:15:00+0200,104.21,EUR/MWh,FR,FR,day_ahead_price,value,2026-06-21T18:40:53Z
2026-06-21T18:40:01Z,2026-06-21T20:40:01+0200,c0299f87-b988-4d8b-a611-962c285e5a18,2026-06-12T19:30:00Z,2026-06-12T21:30:00+0200,104.59,EUR/MWh,FR,FR,day_ahead_price,value,2026-06-21T18:40:53Z
2026-06-21T18:40:01Z,2026-06-21T20:40:01+0200,c0299f87-b988-4d8b-a611-962c285e5a18,2026-06-12T19:45:00Z,2026-06-12T21:45:00+0200,107.91,EUR/MWh,FR,FR,day_ahead_price,value,2026-06-21T18:40:53Z
2026-06-21T18:40:01Z,2026-06-21T20:40:01+0200,c0299f87-b988-4d8b-a611-962c285e5a18,2026-06-12T20:00:00Z,2026-06-12T22:00:00+0200,108.31,EUR/MWh,FR,FR,day_ahead_price,value,2026-06-21T18:40:53Z
2026-06-21T18:40:01Z,2026-06-21T20:40:01+0200,c0299f87-b988-4d8b-a611-962c285e5a18,2026-06-12T20:15:00Z,2026-06-12T22:15:00+0200,112.0,EUR/MWh,FR,FR,day_ahead_price,value,2026-06-21T18:40:53Z
2026-06-21T18:40:01Z,2026-06-21T20:40:01+0200,c0299f87-b988-4d8b-a611-962c285e5a18,2026-06-12T20:30:00Z,2026-06-12T22:30:00+0200,112.56,EUR/MWh,FR,FR,day_ahead_price,value,2026-06-21T18:40:53Z
2026-06-21T18:40:01Z,2026-06-21T20:40:01+0200,c0299f87-b988-4d8b-a611-962c285e5a18,2026-06-12T20:45:00Z,2026-06-12T22:45:00+0200,106.3,EUR/MWh,FR,FR,day_ahead_price,value,2026-06-21T18:40:53Z
2026-06-21T18:40:01Z,2026-06-21T20:40:01+0200,c0299f87-b988-4d8b-a611-962c285e5a18,2026-06-12T21:00:00Z,2026-06-12T23:00:00+0200,105.71,EUR/MWh,FR,FR,day_ahead_price,value,2026-06-21T18:40:53Z
2026-06-21T18:40:01Z,2026-06-21T20:40:01+0200,c0299f87-b988-4d8b-a611-962c285e5a18,2026-06-12T21:15:00Z,2026-06-12T23:15:00+0200,100.67,EUR/MWh,FR,FR,day_ahead_price,value,2026-06-21T18:40:53Z
2026-06-21T18:40:01Z,2026-06-21T20:40:01+0200,c0299f87-b988-4d8b-a611-962c285e5a18,2026-06-12T21:30:00Z,2026-06-12T23:30:00+0200,100.1,EUR/MWh,FR,FR,day_ahead_price,value,2026-06-21T18:40:53Z
2026-06-21T18:40:01Z,2026-06-21T20:40:01+0200,c0299f87-b988-4d8b-a611-962c285e5a18,2026-06-12T21:45:00Z,2026-06-12T23:45:00+0200,93.55,EUR/MWh,FR,FR,day_ahead_price,value,2026-06-21T18:40:53Z
2026-06-21T18:40:01Z,2026-06-21T20:40:01+0200,c0299f87-b988-4d8b-a611-962c285e5a18,2026-06-12T22:00:00Z,2026-06-13T00:00:00+0200,109.02,EUR/MWh,FR,FR,day_ahead_price,value,2026-06-21T18:40:53Z
2026-06-21T18:40:01Z,2026-06-21T20:40:01+0200,c0299f87-b988-4d8b-a611-962c285e5a18,2026-06-12T22:15:00Z,2026-06-13T00:15:00+0200,90.51,EUR/MWh,FR,FR,day_ahead_price,value,2026-06-21T18:40:53Z
2026-06-21T18:40:01Z,2026-06-21T20:40:01+0200,c0299f87-b988-4d8b-a611-962c285e5a18,2026-06-12T22:30:00Z,2026-06-13T00:30:00+0200,74.0,EUR/MWh,FR,FR,day_ahead_price,value,2026-06-21T18:40:53Z
2026-06-21T18:40:01Z,2026-06-21T20:40:01+0200,c0299f87-b988-4d8b-a611-962c285e5a18,2026-06-12T22:45:00Z,2026-06-13T00:45:00+0200,38.12,EUR/MWh,FR,FR,day_ahead_price,value,2026-06-21T18:40:53Z
2026-06-21T18:40:01Z,2026-06-21T20:40:01+0200,c0299f87-b988-4d8b-a611-962c285e5a18,2026-06-12T23:00:00Z,2026-06-13T01:00:00+0200,85.77,EUR/MWh,FR,FR,day_ahead_price,value,2026-06-21T18:40:53Z
2026-06-21T18:40:01Z,2026-06-21T20:40:01+0200,c0299f87-b988-4d8b-a611-962c285e5a18,2026-06-12T23:15:00Z,2026-06-13T01:15:00+0200,77.36,EUR/MWh,FR,FR,day_ahead_price,value,2026-06-21T18:40:53Z
2026-06-21T18:40:01Z,2026-06-21T20:40:01+0200,c0299f87-b988-4d8b-a611-962c285e5a18,2026-06-12T23:30:00Z,2026-06-13T01:30:00+0200,71.5,EUR/MWh,FR,FR,day_ahead_price,value,2026-06-21T18:40:53Z
2026-06-21T18:40:01Z,2026-06-21T20:40:01+0200,c0299f87-b988-4d8b-a611-962c285e5a18,2026-06-12T23:45:00Z,2026-06-13T01:45:00+0200,46.22,EUR/MWh,FR,FR,day_ahead_price,value,2026-06-21T18:40:53Z
2026-06-21T18:40:01Z,2026-06-21T20:40:01+0200,c0299f87-b988-4d8b-a611-962c285e5a18,2026-06-13T00:00:00Z,2026-06-13T02:00:00+0200,71.78,EUR/MWh,FR,FR,day_ahead_price,value,2026-06-21T18:40:53Z
2026-06-21T18:40:01Z,2026-06-21T20:40:01+0200,c0299f87-b988-4d8b-a611-962c285e5a18,2026-06-13T00:15:00Z,2026-06-13T02:15:00+0200,58.55,EUR/MWh,FR,FR,day_ahead_price,value,2026-06-21T18:40:53Z
2026-06-21T18:40:01Z,2026-06-21T20:40:01+0200,c0299f87-b988-4d8b-a611-962c285e5a18,2026-06-13T00:30:00Z,2026-06-13T02:30:00+0200,37.44,EUR/MWh,FR,FR,day_ahead_price,value,2026-06-21T18:40:53Z
2026-06-21T18:40:01Z,2026-06-21T20:40:01+0200,c0299f87-b988-4d8b-a611-962c285e5a18,2026-06-13T00:45:00Z,2026-06-13T02:45:00+0200,27.8,EUR/MWh,FR,FR,day_ahead_price,value,2026-06-21T18:40:53Z
2026-06-21T18:40:01Z,2026-06-21T20:40:01+0200,c0299f87-b988-4d8b-a611-962c285e5a18,2026-06-13T01:00:00Z,2026-06-13T03:00:00+0200,31.79,EUR/MWh,FR,FR,day_ahead_price,value,2026-06-21T18:40:53Z
2026-06-21T18:40:01Z,2026-06-21T20:40:01+0200,c0299f87-b988-4d8b-a611-962c285e5a18,2026-06-13T01:15:00Z,2026-06-13T03:15:00+0200,27.84,EUR/MWh,FR,FR,day_ahead_price,value,2026-06-21T18:40:53Z
2026-06-21T18:40:01Z,2026-06-21T20:40:01+0200,c0299f87-b988-4d8b-a611-962c285e5a18,2026-06-13T01:30:00Z,2026-06-13T03:30:00+0200,35.35,EUR/MWh,FR,FR,day_ahead_price,value,2026-06-21T18:40:53Z
2026-06-21T18:40:01Z,2026-06-21T20:40:01+0200,c0299f87-b988-4d8b-a611-962c285e5a18,2026-06-13T01:45:00Z,2026-06-13T03:45:00+0200,38.89,EUR/MWh,FR,FR,day_ahead_price,value,2026-06-21T18:40:53Z
2026-06-21T18:40:01Z,2026-06-21T20:40:01+0200,c0299f87-b988-4d8b-a611-962c285e5a18,2026-06-13T02:00:00Z,2026-06-13T04:00:00+0200,20.54,EUR/MWh,FR,FR,day_ahead_price,value,2026-06-21T18:40:53Z
2026-06-21T18:40:01Z,2026-06-21T20:40:01+0200,c0299f87-b988-4d8b-a611-962c285e5a18,2026-06-13T02:15:00Z,2026-06-13T04:15:00+0200,30.14,EUR/MWh,FR,FR,day_ahead_price,value,2026-06-21T18:40:53Z
2026-06-21T18:40:01Z,2026-06-21T20:40:01+0200,c0299f87-b988-4d8b-a611-962c285e5a18,2026-06-13T02:30:00Z,2026-06-13T04:30:00+0200,30.71,EUR/MWh,FR,FR,day_ahead_price,value,2026-06-21T18:40:53Z
2026-06-21T18:40:01Z,2026-06-21T20:40:01+0200,c0299f87-b988-4d8b-a611-962c285e5a18,2026-06-13T02:45:00Z,2026-06-13T04:45:00+0200,37.32,EUR/MWh,FR,FR,day_ahead_price,value,2026-06-21T18:40:53Z
2026-06-21T18:40:01Z,2026-06-21T20:40:01+0200,c0299f87-b988-4d8b-a611-962c285e5a18,2026-06-13T03:00:00Z,2026-06-13T05:00:00+0200,18.43,EUR/MWh,FR,FR,day_ahead_price,value,2026-06-21T18:40:53Z
2026-06-21T18:40:01Z,2026-06-21T20:40:01+0200,c0299f87-b988-4d8b-a611-962c285e5a18,2026-06-13T03:15:00Z,2026-06-13T05:15:00+0200,32.53,EUR/MWh,FR,FR,day_ahead_price,value,2026-06-21T18:40:53Z
2026-06-21T18:40:01Z,2026-06-21T20:40:01+0200,c0299f87-b988-4d8b-a611-962c285e5a18,2026-06-13T03:30:00Z,2026-06-13T05:30:00+0200,29.18,EUR/MWh,FR,FR,day_ahead_price,value,2026-06-21T18:40:53Z
2026-06-21T18:40:01Z,2026-06-21T20:40:01+0200,c0299f87-b988-4d8b-a611-962c285e5a18,2026-06-13T03:45:00Z,2026-06-13T05:45:00+0200,36.79,EUR/MWh,FR,FR,day_ahead_price,value,2026-06-21T18:40:53Z
2026-06-21T18:40:01Z,2026-06-21T20:40:01+0200,c0299f87-b988-4d8b-a611-962c285e5a18,2026-06-13T04:00:00Z,2026-06-13T06:00:00+0200,22.67,EUR/MWh,FR,FR,day_ahead_price,value,2026-06-21T18:40:53Z
2026-06-21T18:40:01Z,2026-06-21T20:40:01+0200,c0299f87-b988-4d8b-a611-962c285e5a18,2026-06-13T04:15:00Z,2026-06-13T06:15:00+0200,31.9,EUR/MWh,FR,FR,day_ahead_price,value,2026-06-21T18:40:53Z
2026-06-21T18:40:01Z,2026-06-21T20:40:01+0200,c0299f87-b988-4d8b-a611-962c285e5a18,2026-06-13T04:30:00Z,2026-06-13T06:30:00+0200,26.79,EUR/MWh,FR,FR,day_ahead_price,value,2026-06-21T18:40:53Z
2026-06-21T18:40:01Z,2026-06-21T20:40:01+0200,c0299f87-b988-4d8b-a611-962c285e5a18,2026-06-13T04:45:00Z,2026-06-13T06:45:00+0200,15.36,EUR/MWh,FR,FR,day_ahead_price,value,2026-06-21T18:40:53Z
2026-06-21T18:40:01Z,2026-06-21T20:40:01+0200,c0299f87-b988-4d8b-a611-962c285e5a18,2026-06-13T05:00:00Z,2026-06-13T07:00:00+0200,30.68,EUR/MWh,FR,FR,day_ahead_price,value,2026-06-21T18:40:53Z
2026-06-21T18:40:01Z,2026-06-21T20:40:01+0200,c0299f87-b988-4d8b-a611-962c285e5a18,2026-06-13T05:15:00Z,2026-06-13T07:15:00+0200,14.84,EUR/MWh,FR,FR,day_ahead_price,value,2026-06-21T18:40:53Z
2026-06-21T18:40:01Z,2026-06-21T20:40:01+0200,c0299f87-b988-4d8b-a611-962c285e5a18,2026-06-13T05:30:00Z,2026-06-13T07:30:00+0200,7.0,EUR/MWh,FR,FR,day_ahead_price,value,2026-06-21T18:40:53Z
2026-06-21T18:40:01Z,2026-06-21T20:40:01+0200,c0299f87-b988-4d8b-a611-962c285e5a18,2026-06-13T05:45:00Z,2026-06-13T07:45:00+0200,2.1,EUR/MWh,FR,FR,day_ahead_price,value,2026-06-21T18:40:53Z
2026-06-21T18:40:01Z,2026-06-21T20:40:01+0200,c0299f87-b988-4d8b-a611-962c285e5a18,2026-06-13T06:00:00Z,2026-06-13T08:00:00+0200,1.4,EUR/MWh,FR,FR,day_ahead_price,value,2026-06-21T18:40:53Z
2026-06-21T18:40:01Z,2026-06-21T20:40:01+0200,c0299f87-b988-4d8b-a611-962c285e5a18,2026-06-13T06:15:00Z,2026-06-13T08:15:00+0200,0.0,EUR/MWh,FR,FR,day_ahead_price,value,2026-06-21T18:40:53Z
2026-06-21T18:40:01Z,2026-06-21T20:40:01+0200,c0299f87-b988-4d8b-a611-962c285e5a18,2026-06-13T06:30:00Z,2026-06-13T08:30:00+0200,-0.01,EUR/MWh,FR,FR,day_ahead_price,value,2026-06-21T18:40:53Z
2026-06-21T18:40:01Z,2026-06-21T20:40:01+0200,c0299f87-b988-4d8b-a611-962c285e5a18,2026-06-13T06:45:00Z,2026-06-13T08:45:00+0200,-0.08,EUR/MWh,FR,FR,day_ahead_price,value,2026-06-21T18:40:53Z
2026-06-21T18:40:01Z,2026-06-21T20:40:01+0200,c0299f87-b988-4d8b-a611-962c285e5a18,2026-06-13T07:00:00Z,2026-06-13T09:00:00+0200,-0.08,EUR/MWh,FR,FR,day_ahead_price,value,2026-06-21T18:40:53Z
2026-06-21T18:40:01Z,2026-06-21T20:40:01+0200,c0299f87-b988-4d8b-a611-962c285e5a18,2026-06-13T07:15:00Z,2026-06-13T09:15:00+0200,-0.28,EUR/MWh,FR,FR,day_ahead_price,value,2026-06-21T18:40:53Z
2026-06-21T18:40:01Z,2026-06-21T20:40:01+0200,c0299f87-b988-4d8b-a611-962c285e5a18,2026-06-13T07:30:00Z,2026-06-13T09:30:00+0200,-2.0,EUR/MWh,FR,FR,day_ahead_price,value,2026-06-21T18:40:53Z
2026-06-21T18:40:01Z,2026-06-21T20:40:01+0200,c0299f87-b988-4d8b-a611-962c285e5a18,2026-06-13T07:45:00Z,2026-06-13T09:45:00+0200,-2.07,EUR/MWh,FR,FR,day_ahead_price,value,2026-06-21T18:40:53Z
2026-06-21T18:40:01Z,2026-06-21T20:40:01+0200,c0299f87-b988-4d8b-a611-962c285e5a18,2026-06-13T08:00:00Z,2026-06-13T10:00:00+0200,-2.01,EUR/MWh,FR,FR,day_ahead_price,value,2026-06-21T18:40:53Z
2026-06-21T18:40:01Z,2026-06-21T20:40:01+0200,c0299f87-b988-4d8b-a611-962c285e5a18,2026-06-13T08:15:00Z,2026-06-13T10:15:00+0200,-3.24,EUR/MWh,FR,FR,day_ahead_price,value,2026-06-21T18:40:53Z
2026-06-21T18:40:01Z,2026-06-21T20:40:01+0200,c0299f87-b988-4d8b-a611-962c285e5a18,2026-06-13T08:30:00Z,2026-06-13T10:30:00+0200,-5.01,EUR/MWh,FR,FR,day_ahead_price,value,2026-06-21T18:40:53Z
2026-06-21T18:40:01Z,2026-06-21T20:40:01+0200,c0299f87-b988-4d8b-a611-962c285e5a18,2026-06-13T08:45:00Z,2026-06-13T10:45:00+0200,-9.41,EUR/MWh,FR,FR,day_ahead_price,value,2026-06-21T18:40:53Z
2026-06-21T18:40:01Z,2026-06-21T20:40:01+0200,c0299f87-b988-4d8b-a611-962c285e5a18,2026-06-13T09:00:00Z,2026-06-13T11:00:00+0200,-9.98,EUR/MWh,FR,FR,day_ahead_price,value,2026-06-21T18:40:53Z
2026-06-21T18:40:01Z,2026-06-21T20:40:01+0200,c0299f87-b988-4d8b-a611-962c285e5a18,2026-06-13T09:15:00Z,2026-06-13T11:15:00+0200,-14.9,EUR/MWh,FR,FR,day_ahead_price,value,2026-06-21T18:40:53Z
2026-06-21T18:40:01Z,2026-06-21T20:40:01+0200,c0299f87-b988-4d8b-a611-962c285e5a18,2026-06-13T09:30:00Z,2026-06-13T11:30:00+0200,-17.9,EUR/MWh,FR,FR,day_ahead_price,value,2026-06-21T18:40:53Z
2026-06-21T18:40:01Z,2026-06-21T20:40:01+0200,c0299f87-b988-4d8b-a611-962c285e5a18,2026-06-13T09:45:00Z,2026-06-13T11:45:00+0200,-19.81,EUR/MWh,FR,FR,day_ahead_price,value,2026-06-21T18:40:53Z
2026-06-21T18:40:01Z,2026-06-21T20:40:01+0200,c0299f87-b988-4d8b-a611-962c285e5a18,2026-06-13T10:00:00Z,2026-06-13T12:00:00+0200,-19.94,EUR/MWh,FR,FR,day_ahead_price,value,2026-06-21T18:40:53Z
2026-06-21T18:40:01Z,2026-06-21T20:40:01+0200,c0299f87-b988-4d8b-a611-962c285e5a18,2026-06-13T10:15:00Z,2026-06-13T12:15:00+0200,-24.81,EUR/MWh,FR,FR,day_ahead_price,value,2026-06-21T18:40:53Z
2026-06-21T18:40:01Z,2026-06-21T20:40:01+0200,c0299f87-b988-4d8b-a611-962c285e5a18,2026-06-13T10:30:00Z,2026-06-13T12:30:00+0200,-29.94,EUR/MWh,FR,FR,day_ahead_price,value,2026-06-21T18:40:53Z
2026-06-21T18:40:01Z,2026-06-21T20:40:01+0200,c0299f87-b988-4d8b-a611-962c285e5a18,2026-06-13T10:45:00Z,2026-06-13T12:45:00+0200,-35.0,EUR/MWh,FR,FR,day_ahead_price,value,2026-06-21T18:40:53Z
2026-06-21T18:40:01Z,2026-06-21T20:40:01+0200,c0299f87-b988-4d8b-a611-962c285e5a18,2026-06-13T11:00:00Z,2026-06-13T13:00:00+0200,-35.49,EUR/MWh,FR,FR,day_ahead_price,value,2026-06-21T18:40:53Z
2026-06-21T18:40:01Z,2026-06-21T20:40:01+0200,c0299f87-b988-4d8b-a611-962c285e5a18,2026-06-13T11:15:00Z,2026-06-13T13:15:00+0200,-45.01,EUR/MWh,FR,FR,day_ahead_price,value,2026-06-21T18:40:53Z
2026-06-21T18:40:01Z,2026-06-21T20:40:01+0200,c0299f87-b988-4d8b-a611-962c285e5a18,2026-06-13T11:30:00Z,2026-06-13T13:30:00+0200,-49.98,EUR/MWh,FR,FR,day_ahead_price,value,2026-06-21T18:40:53Z
2026-06-21T18:40:01Z,2026-06-21T20:40:01+0200,c0299f87-b988-4d8b-a611-962c285e5a18,2026-06-13T11:45:00Z,2026-06-13T13:45:00+0200,-52.99,EUR/MWh,FR,FR,day_ahead_price,value,2026-06-21T18:40:53Z
2026-06-21T18:40:01Z,2026-06-21T20:40:01+0200,c0299f87-b988-4d8b-a611-962c285e5a18,2026-06-13T12:00:00Z,2026-06-13T14:00:00+0200,-46.52,EUR/MWh,FR,FR,day_ahead_price,value,2026-06-21T18:40:53Z
2026-06-21T18:40:01Z,2026-06-21T20:40:01+0200,c0299f87-b988-4d8b-a611-962c285e5a18,2026-06-13T12:15:00Z,2026-06-13T14:15:00+0200,-46.52,EUR/MWh,FR,FR,day_ahead_price,value,2026-06-21T18:40:53Z
2026-06-21T18:40:01Z,2026-06-21T20:40:01+0200,c0299f87-b988-4d8b-a611-962c285e5a18,2026-06-13T12:30:00Z,2026-06-13T14:30:00+0200,-45.0,EUR/MWh,FR,FR,day_ahead_price,value,2026-06-21T18:40:53Z
2026-06-21T18:40:01Z,2026-06-21T20:40:01+0200,c0299f87-b988-4d8b-a611-962c285e5a18,2026-06-13T12:45:00Z,2026-06-13T14:45:00+0200,-41.94,EUR/MWh,FR,FR,day_ahead_price,value,2026-06-21T18:40:53Z
2026-06-21T18:40:01Z,2026-06-21T20:40:01+0200,c0299f87-b988-4d8b-a611-962c285e5a18,2026-06-13T13:00:00Z,2026-06-13T15:00:00+0200,-36.73,EUR/MWh,FR,FR,day_ahead_price,value,2026-06-21T18:40:53Z
2026-06-21T18:40:01Z,2026-06-21T20:40:01+0200,c0299f87-b988-4d8b-a611-962c285e5a18,2026-06-13T13:15:00Z,2026-06-13T15:15:00+0200,-34.0,EUR/MWh,FR,FR,day_ahead_price,value,2026-06-21T18:40:53Z
2026-06-21T18:40:01Z,2026-06-21T20:40:01+0200,c0299f87-b988-4d8b-a611-962c285e5a18,2026-06-13T13:30:00Z,2026-06-13T15:30:00+0200,-29.91,EUR/MWh,FR,FR,day_ahead_price,value,2026-06-21T18:40:53Z
2026-06-21T18:40:01Z,2026-06-21T20:40:01+0200,c0299f87-b988-4d8b-a611-962c285e5a18,2026-06-13T13:45:00Z,2026-06-13T15:45:00+0200,-25.27,EUR/MWh,FR,FR,day_ahead_price,value,2026-06-21T18:40:53Z
2026-06-21T18:40:01Z,2026-06-21T20:40:01+0200,c0299f87-b988-4d8b-a611-962c285e5a18,2026-06-13T14:00:00Z,2026-06-13T16:00:00+0200,-24.83,EUR/MWh,FR,FR,day_ahead_price,value,2026-06-21T18:40:53Z
2026-06-21T18:40:01Z,2026-06-21T20:40:01+0200,c0299f87-b988-4d8b-a611-962c285e5a18,2026-06-13T14:15:00Z,2026-06-13T16:15:00+0200,-19.26,EUR/MWh,FR,FR,day_ahead_price,value,2026-06-21T18:40:53Z
2026-06-21T18:40:01Z,2026-06-21T20:40:01+0200,c0299f87-b988-4d8b-a611-962c285e5a18,2026-06-13T14:30:00Z,2026-06-13T16:30:00+0200,-16.92,EUR/MWh,FR,FR,day_ahead_price,value,2026-06-21T18:40:53Z
2026-06-21T18:40:01Z,2026-06-21T20:40:01+0200,c0299f87-b988-4d8b-a611-962c285e5a18,2026-06-13T14:45:00Z,2026-06-13T16:45:00+0200,-12.69,EUR/MWh,FR,FR,day_ahead_price,value,2026-06-21T18:40:53Z
2026-06-21T18:40:01Z,2026-06-21T20:40:01+0200,c0299f87-b988-4d8b-a611-962c285e5a18,2026-06-13T15:00:00Z,2026-06-13T17:00:00+0200,-8.65,EUR/MWh,FR,FR,day_ahead_price,value,2026-06-21T18:40:53Z
2026-06-21T18:40:01Z,2026-06-21T20:40:01+0200,c0299f87-b988-4d8b-a611-962c285e5a18,2026-06-13T15:15:00Z,2026-06-13T17:15:00+0200,-4.68,EUR/MWh,FR,FR,day_ahead_price,value,2026-06-21T18:40:53Z
2026-06-21T18:40:01Z,2026-06-21T20:40:01+0200,c0299f87-b988-4d8b-a611-962c285e5a18,2026-06-13T15:30:00Z,2026-06-13T17:30:00+0200,-1.58,EUR/MWh,FR,FR,day_ahead_price,value,2026-06-21T18:40:53Z
2026-06-21T18:40:01Z,2026-06-21T20:40:01+0200,c0299f87-b988-4d8b-a611-962c285e5a18,2026-06-13T15:45:00Z,2026-06-13T17:45:00+0200,-0.16,EUR/MWh,FR,FR,day_ahead_price,value,2026-06-21T18:40:53Z
2026-06-21T18:40:01Z,2026-06-21T20:40:01+0200,c0299f87-b988-4d8b-a611-962c285e5a18,2026-06-13T16:00:00Z,2026-06-13T18:00:00+0200,-0.1,EUR/MWh,FR,FR,day_ahead_price,value,2026-06-21T18:40:53Z
2026-06-21T18:40:01Z,2026-06-21T20:40:01+0200,c0299f87-b988-4d8b-a611-962c285e5a18,2026-06-13T16:15:00Z,2026-06-13T18:15:00+0200,0.58,EUR/MWh,FR,FR,day_ahead_price,value,2026-06-21T18:40:53Z
2026-06-21T18:40:01Z,2026-06-21T20:40:01+0200,c0299f87-b988-4d8b-a611-962c285e5a18,2026-06-13T16:30:00Z,2026-06-13T18:30:00+0200,2.43,EUR/MWh,FR,FR,day_ahead_price,value,2026-06-21T18:40:53Z
2026-06-21T18:40:01Z,2026-06-21T20:40:01+0200,c0299f87-b988-4d8b-a611-962c285e5a18,2026-06-13T16:45:00Z,2026-06-13T18:45:00+0200,11.06,EUR/MWh,FR,FR,day_ahead_price,value,2026-06-21T18:40:53Z
2026-06-21T18:40:01Z,2026-06-21T20:40:01+0200,c0299f87-b988-4d8b-a611-962c285e5a18,2026-06-13T17:00:00Z,2026-06-13T19:00:00+0200,12.01,EUR/MWh,FR,FR,day_ahead_price,value,2026-06-21T18:40:53Z
2026-06-21T18:40:01Z,2026-06-21T20:40:01+0200,c0299f87-b988-4d8b-a611-962c285e5a18,2026-06-13T17:15:00Z,2026-06-13T19:15:00+0200,28.5,EUR/MWh,FR,FR,day_ahead_price,value,2026-06-21T18:40:53Z
2026-06-21T18:40:01Z,2026-06-21T20:40:01+0200,c0299f87-b988-4d8b-a611-962c285e5a18,2026-06-13T17:30:00Z,2026-06-13T19:30:00+0200,56.32,EUR/MWh,FR,FR,day_ahead_price,value,2026-06-21T18:40:53Z
2026-06-21T18:40:01Z,2026-06-21T20:40:01+0200,c0299f87-b988-4d8b-a611-962c285e5a18,2026-06-13T17:45:00Z,2026-06-13T19:45:00+0200,68.93,EUR/MWh,FR,FR,day_ahead_price,value,2026-06-21T18:40:53Z
2026-06-21T18:40:01Z,2026-06-21T20:40:01+0200,c0299f87-b988-4d8b-a611-962c285e5a18,2026-06-13T18:00:00Z,2026-06-13T20:00:00+0200,51.99,EUR/MWh,FR,FR,day_ahead_price,value,2026-06-21T18:40:53Z
2026-06-21T18:40:01Z,2026-06-21T20:40:01+0200,c0299f87-b988-4d8b-a611-962c285e5a18,2026-06-13T18:15:00Z,2026-06-13T20:15:00+0200,80.31,EUR/MWh,FR,FR,day_ahead_price,value,2026-06-21T18:40:53Z
2026-06-21T18:40:01Z,2026-06-21T20:40:01+0200,c0299f87-b988-4d8b-a611-962c285e5a18,2026-06-13T18:30:00Z,2026-06-13T20:30:00+0200,98.76,EUR/MWh,FR,FR,day_ahead_price,value,2026-06-21T18:40:53Z
2026-06-21T18:40:01Z,2026-06-21T20:40:01+0200,c0299f87-b988-4d8b-a611-962c285e5a18,2026-06-13T18:45:00Z,2026-06-13T20:45:00+0200,111.98,EUR/MWh,FR,FR,day_ahead_price,value,2026-06-21T18:40:53Z
2026-06-21T18:40:01Z,2026-06-21T20:40:01+0200,c0299f87-b988-4d8b-a611-962c285e5a18,2026-06-13T19:00:00Z,2026-06-13T21:00:00+0200,92.24,EUR/MWh,FR,FR,day_ahead_price,value,2026-06-21T18:40:53Z
2026-06-21T18:40:01Z,2026-06-21T20:40:01+0200,c0299f87-b988-4d8b-a611-962c285e5a18,2026-06-13T19:15:00Z,2026-06-13T21:15:00+0200,95.85,EUR/MWh,FR,FR,day_ahead_price,value,2026-06-21T18:40:53Z
2026-06-21T18:40:01Z,2026-06-21T20:40:01+0200,c0299f87-b988-4d8b-a611-962c285e5a18,2026-06-13T19:30:00Z,2026-06-13T21:30:00+0200,100.36,EUR/MWh,FR,FR,day_ahead_price,value,2026-06-21T18:40:53Z
2026-06-21T18:40:01Z,2026-06-21T20:40:01+0200,c0299f87-b988-4d8b-a611-962c285e5a18,2026-06-13T19:45:00Z,2026-06-13T21:45:00+0200,107.8,EUR/MWh,FR,FR,day_ahead_price,value,2026-06-21T18:40:53Z
2026-06-21T18:40:01Z,2026-06-21T20:40:01+0200,c0299f87-b988-4d8b-a611-962c285e5a18,2026-06-13T20:00:00Z,2026-06-13T22:00:00+0200,114.51,EUR/MWh,FR,FR,day_ahead_price,value,2026-06-21T18:40:53Z
2026-06-21T18:40:01Z,2026-06-21T20:40:01+0200,c0299f87-b988-4d8b-a611-962c285e5a18,2026-06-13T20:15:00Z,2026-06-13T22:15:00+0200,114.42,EUR/MWh,FR,FR,day_ahead_price,value,2026-06-21T18:40:53Z
2026-06-21T18:40:01Z,2026-06-21T20:40:01+0200,c0299f87-b988-4d8b-a611-962c285e5a18,2026-06-13T20:30:00Z,2026-06-13T22:30:00+0200,115.31,EUR/MWh,FR,FR,day_ahead_price,value,2026-06-21T18:40:53Z
2026-06-21T18:40:01Z,2026-06-21T20:40:01+0200,c0299f87-b988-4d8b-a611-962c285e5a18,2026-06-13T20:45:00Z,2026-06-13T22:45:00+0200,100.39,EUR/MWh,FR,FR,day_ahead_price,value,2026-06-21T18:40:53Z
2026-06-21T18:40:01Z,2026-06-21T20:40:01+0200,c0299f87-b988-4d8b-a611-962c285e5a18,2026-06-13T21:00:00Z,2026-06-13T23:00:00+0200,113.99,EUR/MWh,FR,FR,day_ahead_price,value,2026-06-21T18:40:53Z
2026-06-21T18:40:01Z,2026-06-21T20:40:01+0200,c0299f87-b988-4d8b-a611-962c285e5a18,2026-06-13T21:15:00Z,2026-06-13T23:15:00+0200,100.11,EUR/MWh,FR,FR,day_ahead_price,value,2026-06-21T18:40:53Z
2026-06-21T18:40:01Z,2026-06-21T20:40:01+0200,c0299f87-b988-4d8b-a611-962c285e5a18,2026-06-13T21:30:00Z,2026-06-13T23:30:00+0200,94.81,EUR/MWh,FR,FR,day_ahead_price,value,2026-06-21T18:40:53Z
2026-06-21T18:40:01Z,2026-06-21T20:40:01+0200,c0299f87-b988-4d8b-a611-962c285e5a18,2026-06-13T21:45:00Z,2026-06-13T23:45:00+0200,90.38,EUR/MWh,FR,FR,day_ahead_price,value,2026-06-21T18:40:53Z
2026-06-21T18:40:01Z,2026-06-21T20:40:01+0200,c0299f87-b988-4d8b-a611-962c285e5a18,2026-06-13T22:00:00Z,2026-06-14T00:00:00+0200,103.69,EUR/MWh,FR,FR,day_ahead_price,value,2026-06-21T18:40:53Z
2026-06-21T18:40:01Z,2026-06-21T20:40:01+0200,c0299f87-b988-4d8b-a611-962c285e5a18,2026-06-13T22:15:00Z,2026-06-14T00:15:00+0200,85.45,EUR/MWh,FR,FR,day_ahead_price,value,2026-06-21T18:40:53Z
2026-06-21T18:40:01Z,2026-06-21T20:40:01+0200,c0299f87-b988-4d8b-a611-962c285e5a18,2026-06-13T22:30:00Z,2026-06-14T00:30:00+0200,64.2,EUR/MWh,FR,FR,day_ahead_price,value,2026-06-21T18:40:53Z
2026-06-21T18:40:01Z,2026-06-21T20:40:01+0200,c0299f87-b988-4d8b-a611-962c285e5a18,2026-06-13T22:45:00Z,2026-06-14T00:45:00+0200,47.66,EUR/MWh,FR,FR,day_ahead_price,value,2026-06-21T18:40:53Z
2026-06-21T18:40:01Z,2026-06-21T20:40:01+0200,c0299f87-b988-4d8b-a611-962c285e5a18,2026-06-13T23:00:00Z,2026-06-14T01:00:00+0200,64.0,EUR/MWh,FR,FR,day_ahead_price,value,2026-06-21T18:40:53Z
2026-06-21T18:40:01Z,2026-06-21T20:40:01+0200,c0299f87-b988-4d8b-a611-962c285e5a18,2026-06-13T23:15:00Z,2026-06-14T01:15:00+0200,55.67,EUR/MWh,FR,FR,day_ahead_price,value,2026-06-21T18:40:53Z
2026-06-21T18:40:01Z,2026-06-21T20:40:01+0200,c0299f87-b988-4d8b-a611-962c285e5a18,2026-06-13T23:30:00Z,2026-06-14T01:30:00+0200,49.4,EUR/MWh,FR,FR,day_ahead_price,value,2026-06-21T18:40:53Z
2026-06-21T18:40:01Z,2026-06-21T20:40:01+0200,c0299f87-b988-4d8b-a611-962c285e5a18,2026-06-13T23:45:00Z,2026-06-14T01:45:00+0200,41.69,EUR/MWh,FR,FR,day_ahead_price,value,2026-06-21T18:40:53Z
2026-06-21T18:40:01Z,2026-06-21T20:40:01+0200,c0299f87-b988-4d8b-a611-962c285e5a18,2026-06-14T00:00:00Z,2026-06-14T02:00:00+0200,48.08,EUR/MWh,FR,FR,day_ahead_price,value,2026-06-21T18:40:53Z
2026-06-21T18:40:01Z,2026-06-21T20:40:01+0200,c0299f87-b988-4d8b-a611-962c285e5a18,2026-06-14T00:15:00Z,2026-06-14T02:15:00+0200,37.76,EUR/MWh,FR,FR,day_ahead_price,value,2026-06-21T18:40:53Z
2026-06-21T18:40:01Z,2026-06-21T20:40:01+0200,c0299f87-b988-4d8b-a611-962c285e5a18,2026-06-14T00:30:00Z,2026-06-14T02:30:00+0200,31.89,EUR/MWh,FR,FR,day_ahead_price,value,2026-06-21T18:40:53Z
2026-06-21T18:40:01Z,2026-06-21T20:40:01+0200,c0299f87-b988-4d8b-a611-962c285e5a18,2026-06-14T00:45:00Z,2026-06-14T02:45:00+0200,32.63,EUR/MWh,FR,FR,day_ahead_price,value,2026-06-21T18:40:53Z
2026-06-21T18:40:01Z,2026-06-21T20:40:01+0200,c0299f87-b988-4d8b-a611-962c285e5a18,2026-06-14T01:00:00Z,2026-06-14T03:00:00+0200,33.1,EUR/MWh,FR,FR,day_ahead_price,value,2026-06-21T18:40:53Z
2026-06-21T18:40:01Z,2026-06-21T20:40:01+0200,c0299f87-b988-4d8b-a611-962c285e5a18,2026-06-14T01:15:00Z,2026-06-14T03:15:00+0200,29.45,EUR/MWh,FR,FR,day_ahead_price,value,2026-06-21T18:40:53Z
2026-06-21T18:40:01Z,2026-06-21T20:40:01+0200,c0299f87-b988-4d8b-a611-962c285e5a18,2026-06-14T01:30:00Z,2026-06-14T03:30:00+0200,32.3,EUR/MWh,FR,FR,day_ahead_price,value,2026-06-21T18:40:53Z
2026-06-21T18:40:01Z,2026-06-21T20:40:01+0200,c0299f87-b988-4d8b-a611-962c285e5a18,2026-06-14T01:45:00Z,2026-06-14T03:45:00+0200,31.17,EUR/MWh,FR,FR,day_ahead_price,value,2026-06-21T18:40:53Z
2026-06-21T18:40:01Z,2026-06-21T20:40:01+0200,c0299f87-b988-4d8b-a611-962c285e5a18,2026-06-14T02:00:00Z,2026-06-14T04:00:00+0200,29.0,EUR/MWh,FR,FR,day_ahead_price,value,2026-06-21T18:40:53Z
2026-06-21T18:40:01Z,2026-06-21T20:40:01+0200,c0299f87-b988-4d8b-a611-962c285e5a18,2026-06-14T02:15:00Z,2026-06-14T04:15:00+0200,27.34,EUR/MWh,FR,FR,day_ahead_price,value,2026-06-21T18:40:53Z
2026-06-21T18:40:01Z,2026-06-21T20:40:01+0200,c0299f87-b988-4d8b-a611-962c285e5a18,2026-06-14T02:30:00Z,2026-06-14T04:30:00+0200,30.11,EUR/MWh,FR,FR,day_ahead_price,value,2026-06-21T18:40:53Z
2026-06-21T18:40:01Z,2026-06-21T20:40:01+0200,c0299f87-b988-4d8b-a611-962c285e5a18,2026-06-14T02:45:00Z,2026-06-14T04:45:00+0200,31.8,EUR/MWh,FR,FR,day_ahead_price,value,2026-06-21T18:40:53Z
2026-06-21T18:40:01Z,2026-06-21T20:40:01+0200,c0299f87-b988-4d8b-a611-962c285e5a18,2026-06-14T03:00:00Z,2026-06-14T05:00:00+0200,27.33,EUR/MWh,FR,FR,day_ahead_price,value,2026-06-21T18:40:53Z
2026-06-21T18:40:01Z,2026-06-21T20:40:01+0200,c0299f87-b988-4d8b-a611-962c285e5a18,2026-06-14T03:15:00Z,2026-06-14T05:15:00+0200,21.76,EUR/MWh,FR,FR,day_ahead_price,value,2026-06-21T18:40:53Z
2026-06-21T18:40:01Z,2026-06-21T20:40:01+0200,c0299f87-b988-4d8b-a611-962c285e5a18,2026-06-14T03:30:00Z,2026-06-14T05:30:00+0200,22.07,EUR/MWh,FR,FR,day_ahead_price,value,2026-06-21T18:40:53Z
2026-06-21T18:40:01Z,2026-06-21T20:40:01+0200,c0299f87-b988-4d8b-a611-962c285e5a18,2026-06-14T03:45:00Z,2026-06-14T05:45:00+0200,18.56,EUR/MWh,FR,FR,day_ahead_price,value,2026-06-21T18:40:53Z
2026-06-21T18:40:01Z,2026-06-21T20:40:01+0200,c0299f87-b988-4d8b-a611-962c285e5a18,2026-06-14T04:00:00Z,2026-06-14T06:00:00+0200,13.98,EUR/MWh,FR,FR,day_ahead_price,value,2026-06-21T18:40:53Z
2026-06-21T18:40:01Z,2026-06-21T20:40:01+0200,c0299f87-b988-4d8b-a611-962c285e5a18,2026-06-14T04:15:00Z,2026-06-14T06:15:00+0200,9.9,EUR/MWh,FR,FR,day_ahead_price,value,2026-06-21T18:40:53Z
2026-06-21T18:40:01Z,2026-06-21T20:40:01+0200,c0299f87-b988-4d8b-a611-962c285e5a18,2026-06-14T04:30:00Z,2026-06-14T06:30:00+0200,5.48,EUR/MWh,FR,FR,day_ahead_price,value,2026-06-21T18:40:53Z
2026-06-21T18:40:01Z,2026-06-21T20:40:01+0200,c0299f87-b988-4d8b-a611-962c285e5a18,2026-06-14T04:45:00Z,2026-06-14T06:45:00+0200,1.78,EUR/MWh,FR,FR,day_ahead_price,value,2026-06-21T18:40:53Z
2026-06-21T18:40:01Z,2026-06-21T20:40:01+0200,c0299f87-b988-4d8b-a611-962c285e5a18,2026-06-14T05:00:00Z,2026-06-14T07:00:00+0200,1.88,EUR/MWh,FR,FR,day_ahead_price,value,2026-06-21T18:40:53Z
2026-06-21T18:40:01Z,2026-06-21T20:40:01+0200,c0299f87-b988-4d8b-a611-962c285e5a18,2026-06-14T05:15:00Z,2026-06-14T07:15:00+0200,0.0,EUR/MWh,FR,FR,day_ahead_price,value,2026-06-21T18:40:53Z
2026-06-21T18:40:01Z,2026-06-21T20:40:01+0200,c0299f87-b988-4d8b-a611-962c285e5a18,2026-06-14T05:30:00Z,2026-06-14T07:30:00+0200,-0.01,EUR/MWh,FR,FR,day_ahead_price,value,2026-06-21T18:40:53Z
2026-06-21T18:40:01Z,2026-06-21T20:40:01+0200,c0299f87-b988-4d8b-a611-962c285e5a18,2026-06-14T05:45:00Z,2026-06-14T07:45:00+0200,-0.03,EUR/MWh,FR,FR,day_ahead_price,value,2026-06-21T18:40:53Z
2026-06-21T18:40:01Z,2026-06-21T20:40:01+0200,c0299f87-b988-4d8b-a611-962c285e5a18,2026-06-14T06:00:00Z,2026-06-14T08:00:00+0200,-0.01,EUR/MWh,FR,FR,day_ahead_price,value,2026-06-21T18:40:53Z
2026-06-21T18:40:01Z,2026-06-21T20:40:01+0200,c0299f87-b988-4d8b-a611-962c285e5a18,2026-06-14T06:15:00Z,2026-06-14T08:15:00+0200,-0.09,EUR/MWh,FR,FR,day_ahead_price,value,2026-06-21T18:40:53Z
2026-06-21T18:40:01Z,2026-06-21T20:40:01+0200,c0299f87-b988-4d8b-a611-962c285e5a18,2026-06-14T06:30:00Z,2026-06-14T08:30:00+0200,-0.19,EUR/MWh,FR,FR,day_ahead_price,value,2026-06-21T18:40:53Z
2026-06-21T18:40:01Z,2026-06-21T20:40:01+0200,c0299f87-b988-4d8b-a611-962c285e5a18,2026-06-14T06:45:00Z,2026-06-14T08:45:00+0200,-1.1,EUR/MWh,FR,FR,day_ahead_price,value,2026-06-21T18:40:53Z
2026-06-21T18:40:01Z,2026-06-21T20:40:01+0200,c0299f87-b988-4d8b-a611-962c285e5a18,2026-06-14T07:00:00Z,2026-06-14T09:00:00+0200,-1.27,EUR/MWh,FR,FR,day_ahead_price,value,2026-06-21T18:40:53Z
2026-06-21T18:40:01Z,2026-06-21T20:40:01+0200,c0299f87-b988-4d8b-a611-962c285e5a18,2026-06-14T07:15:00Z,2026-06-14T09:15:00+0200,-2.01,EUR/MWh,FR,FR,day_ahead_price,value,2026-06-21T18:40:53Z
2026-06-21T18:40:01Z,2026-06-21T20:40:01+0200,c0299f87-b988-4d8b-a611-962c285e5a18,2026-06-14T07:30:00Z,2026-06-14T09:30:00+0200,-3.05,EUR/MWh,FR,FR,day_ahead_price,value,2026-06-21T18:40:53Z
2026-06-21T18:40:01Z,2026-06-21T20:40:01+0200,c0299f87-b988-4d8b-a611-962c285e5a18,2026-06-14T07:45:00Z,2026-06-14T09:45:00+0200,-5.0,EUR/MWh,FR,FR,day_ahead_price,value,2026-06-21T18:40:53Z
2026-06-21T18:40:01Z,2026-06-21T20:40:01+0200,c0299f87-b988-4d8b-a611-962c285e5a18,2026-06-14T08:00:00Z,2026-06-14T10:00:00+0200,-3.47,EUR/MWh,FR,FR,day_ahead_price,value,2026-06-21T18:40:53Z
2026-06-21T18:40:01Z,2026-06-21T20:40:01+0200,c0299f87-b988-4d8b-a611-962c285e5a18,2026-06-14T08:15:00Z,2026-06-14T10:15:00+0200,-5.0,EUR/MWh,FR,FR,day_ahead_price,value,2026-06-21T18:40:53Z
2026-06-21T18:40:01Z,2026-06-21T20:40:01+0200,c0299f87-b988-4d8b-a611-962c285e5a18,2026-06-14T08:30:00Z,2026-06-14T10:30:00+0200,-7.01,EUR/MWh,FR,FR,day_ahead_price,value,2026-06-21T18:40:53Z
2026-06-21T18:40:01Z,2026-06-21T20:40:01+0200,c0299f87-b988-4d8b-a611-962c285e5a18,2026-06-14T08:45:00Z,2026-06-14T10:45:00+0200,-10.0,EUR/MWh,FR,FR,day_ahead_price,value,2026-06-21T18:40:53Z
2026-06-21T18:40:01Z,2026-06-21T20:40:01+0200,c0299f87-b988-4d8b-a611-962c285e5a18,2026-06-14T09:00:00Z,2026-06-14T11:00:00+0200,-7.3,EUR/MWh,FR,FR,day_ahead_price,value,2026-06-21T18:40:53Z
2026-06-21T18:40:01Z,2026-06-21T20:40:01+0200,c0299f87-b988-4d8b-a611-962c285e5a18,2026-06-14T09:15:00Z,2026-06-14T11:15:00+0200,-8.01,EUR/MWh,FR,FR,day_ahead_price,value,2026-06-21T18:40:53Z
2026-06-21T18:40:01Z,2026-06-21T20:40:01+0200,c0299f87-b988-4d8b-a611-962c285e5a18,2026-06-14T09:30:00Z,2026-06-14T11:30:00+0200,-10.01,EUR/MWh,FR,FR,day_ahead_price,value,2026-06-21T18:40:53Z
2026-06-21T18:40:01Z,2026-06-21T20:40:01+0200,c0299f87-b988-4d8b-a611-962c285e5a18,2026-06-14T09:45:00Z,2026-06-14T11:45:00+0200,-11.83,EUR/MWh,FR,FR,day_ahead_price,value,2026-06-21T18:40:53Z
2026-06-21T18:40:01Z,2026-06-21T20:40:01+0200,c0299f87-b988-4d8b-a611-962c285e5a18,2026-06-14T10:00:00Z,2026-06-14T12:00:00+0200,-11.87,EUR/MWh,FR,FR,day_ahead_price,value,2026-06-21T18:40:53Z
2026-06-21T18:40:01Z,2026-06-21T20:40:01+0200,c0299f87-b988-4d8b-a611-962c285e5a18,2026-06-14T10:15:00Z,2026-06-14T12:15:00+0200,-14.1,EUR/MWh,FR,FR,day_ahead_price,value,2026-06-21T18:40:53Z
2026-06-21T18:40:01Z,2026-06-21T20:40:01+0200,c0299f87-b988-4d8b-a611-962c285e5a18,2026-06-14T10:30:00Z,2026-06-14T12:30:00+0200,-15.0,EUR/MWh,FR,FR,day_ahead_price,value,2026-06-21T18:40:53Z
2026-06-21T18:40:01Z,2026-06-21T20:40:01+0200,c0299f87-b988-4d8b-a611-962c285e5a18,2026-06-14T10:45:00Z,2026-06-14T12:45:00+0200,-19.0,EUR/MWh,FR,FR,day_ahead_price,value,2026-06-21T18:40:53Z
2026-06-21T18:40:01Z,2026-06-21T20:40:01+0200,c0299f87-b988-4d8b-a611-962c285e5a18,2026-06-14T11:00:00Z,2026-06-14T13:00:00+0200,-17.01,EUR/MWh,FR,FR,day_ahead_price,value,2026-06-21T18:40:53Z
2026-06-21T18:40:01Z,2026-06-21T20:40:01+0200,c0299f87-b988-4d8b-a611-962c285e5a18,2026-06-14T11:15:00Z,2026-06-14T13:15:00+0200,-20.02,EUR/MWh,FR,FR,day_ahead_price,value,2026-06-21T18:40:53Z
2026-06-21T18:40:01Z,2026-06-21T20:40:01+0200,c0299f87-b988-4d8b-a611-962c285e5a18,2026-06-14T11:30:00Z,2026-06-14T13:30:00+0200,-26.7,EUR/MWh,FR,FR,day_ahead_price,value,2026-06-21T18:40:53Z
2026-06-21T18:40:01Z,2026-06-21T20:40:01+0200,c0299f87-b988-4d8b-a611-962c285e5a18,2026-06-14T11:45:00Z,2026-06-14T13:45:00+0200,-29.96,EUR/MWh,FR,FR,day_ahead_price,value,2026-06-21T18:40:53Z
2026-06-21T18:40:01Z,2026-06-21T20:40:01+0200,c0299f87-b988-4d8b-a611-962c285e5a18,2026-06-14T12:00:00Z,2026-06-14T14:00:00+0200,-26.08,EUR/MWh,FR,FR,day_ahead_price,value,2026-06-21T18:40:53Z
2026-06-21T18:40:01Z,2026-06-21T20:40:01+0200,c0299f87-b988-4d8b-a611-962c285e5a18,2026-06-14T12:15:00Z,2026-06-14T14:15:00+0200,-25.82,EUR/MWh,FR,FR,day_ahead_price,value,2026-06-21T18:40:53Z
2026-06-21T18:40:01Z,2026-06-21T20:40:01+0200,c0299f87-b988-4d8b-a611-962c285e5a18,2026-06-14T12:30:00Z,2026-06-14T14:30:00+0200,-23.9,EUR/MWh,FR,FR,day_ahead_price,value,2026-06-21T18:40:53Z
2026-06-21T18:40:01Z,2026-06-21T20:40:01+0200,c0299f87-b988-4d8b-a611-962c285e5a18,2026-06-14T12:45:00Z,2026-06-14T14:45:00+0200,-23.66,EUR/MWh,FR,FR,day_ahead_price,value,2026-06-21T18:40:53Z
2026-06-21T18:40:01Z,2026-06-21T20:40:01+0200,c0299f87-b988-4d8b-a611-962c285e5a18,2026-06-14T13:00:00Z,2026-06-14T15:00:00+0200,-21.23,EUR/MWh,FR,FR,day_ahead_price,value,2026-06-21T18:40:53Z
2026-06-21T18:40:01Z,2026-06-21T20:40:01+0200,c0299f87-b988-4d8b-a611-962c285e5a18,2026-06-14T13:15:00Z,2026-06-14T15:15:00+0200,-19.32,EUR/MWh,FR,FR,day_ahead_price,value,2026-06-21T18:40:53Z
2026-06-21T18:40:01Z,2026-06-21T20:40:01+0200,c0299f87-b988-4d8b-a611-962c285e5a18,2026-06-14T13:30:00Z,2026-06-14T15:30:00+0200,-19.25,EUR/MWh,FR,FR,day_ahead_price,value,2026-06-21T18:40:53Z
2026-06-21T18:40:01Z,2026-06-21T20:40:01+0200,c0299f87-b988-4d8b-a611-962c285e5a18,2026-06-14T13:45:00Z,2026-06-14T15:45:00+0200,-17.48,EUR/MWh,FR,FR,day_ahead_price,value,2026-06-21T18:40:53Z
2026-06-21T18:40:01Z,2026-06-21T20:40:01+0200,c0299f87-b988-4d8b-a611-962c285e5a18,2026-06-14T14:00:00Z,2026-06-14T16:00:00+0200,-14.27,EUR/MWh,FR,FR,day_ahead_price,value,2026-06-21T18:40:53Z
2026-06-21T18:40:01Z,2026-06-21T20:40:01+0200,c0299f87-b988-4d8b-a611-962c285e5a18,2026-06-14T14:15:00Z,2026-06-14T16:15:00+0200,-9.66,EUR/MWh,FR,FR,day_ahead_price,value,2026-06-21T18:40:53Z
2026-06-21T18:40:01Z,2026-06-21T20:40:01+0200,c0299f87-b988-4d8b-a611-962c285e5a18,2026-06-14T14:30:00Z,2026-06-14T16:30:00+0200,-7.13,EUR/MWh,FR,FR,day_ahead_price,value,2026-06-21T18:40:53Z
2026-06-21T18:40:01Z,2026-06-21T20:40:01+0200,c0299f87-b988-4d8b-a611-962c285e5a18,2026-06-14T14:45:00Z,2026-06-14T16:45:00+0200,-4.16,EUR/MWh,FR,FR,day_ahead_price,value,2026-06-21T18:40:53Z
2026-06-21T18:40:01Z,2026-06-21T20:40:01+0200,c0299f87-b988-4d8b-a611-962c285e5a18,2026-06-14T15:00:00Z,2026-06-14T17:00:00+0200,-4.68,EUR/MWh,FR,FR,day_ahead_price,value,2026-06-21T18:40:53Z
2026-06-21T18:40:01Z,2026-06-21T20:40:01+0200,c0299f87-b988-4d8b-a611-962c285e5a18,2026-06-14T15:15:00Z,2026-06-14T17:15:00+0200,-1.25,EUR/MWh,FR,FR,day_ahead_price,value,2026-06-21T18:40:53Z
2026-06-21T18:40:01Z,2026-06-21T20:40:01+0200,c0299f87-b988-4d8b-a611-962c285e5a18,2026-06-14T15:30:00Z,2026-06-14T17:30:00+0200,-0.06,EUR/MWh,FR,FR,day_ahead_price,value,2026-06-21T18:40:53Z
2026-06-21T18:40:01Z,2026-06-21T20:40:01+0200,c0299f87-b988-4d8b-a611-962c285e5a18,2026-06-14T15:45:00Z,2026-06-14T17:45:00+0200,0.0,EUR/MWh,FR,FR,day_ahead_price,value,2026-06-21T18:40:53Z
2026-06-21T18:40:01Z,2026-06-21T20:40:01+0200,c0299f87-b988-4d8b-a611-962c285e5a18,2026-06-14T16:00:00Z,2026-06-14T18:00:00+0200,0.0,EUR/MWh,FR,FR,day_ahead_price,value,2026-06-21T18:40:53Z
2026-06-21T18:40:01Z,2026-06-21T20:40:01+0200,c0299f87-b988-4d8b-a611-962c285e5a18,2026-06-14T16:15:00Z,2026-06-14T18:15:00+0200,1.02,EUR/MWh,FR,FR,day_ahead_price,value,2026-06-21T18:40:53Z
2026-06-21T18:40:01Z,2026-06-21T20:40:01+0200,c0299f87-b988-4d8b-a611-962c285e5a18,2026-06-14T16:30:00Z,2026-06-14T18:30:00+0200,5.01,EUR/MWh,FR,FR,day_ahead_price,value,2026-06-21T18:40:53Z
2026-06-21T18:40:01Z,2026-06-21T20:40:01+0200,c0299f87-b988-4d8b-a611-962c285e5a18,2026-06-14T16:45:00Z,2026-06-14T18:45:00+0200,19.17,EUR/MWh,FR,FR,day_ahead_price,value,2026-06-21T18:40:53Z
2026-06-21T18:40:01Z,2026-06-21T20:40:01+0200,c0299f87-b988-4d8b-a611-962c285e5a18,2026-06-14T17:00:00Z,2026-06-14T19:00:00+0200,27.79,EUR/MWh,FR,FR,day_ahead_price,value,2026-06-21T18:40:53Z
2026-06-21T18:40:01Z,2026-06-21T20:40:01+0200,c0299f87-b988-4d8b-a611-962c285e5a18,2026-06-14T17:15:00Z,2026-06-14T19:15:00+0200,50.0,EUR/MWh,FR,FR,day_ahead_price,value,2026-06-21T18:40:53Z
2026-06-21T18:40:01Z,2026-06-21T20:40:01+0200,c0299f87-b988-4d8b-a611-962c285e5a18,2026-06-14T17:30:00Z,2026-06-14T19:30:00+0200,86.77,EUR/MWh,FR,FR,day_ahead_price,value,2026-06-21T18:40:53Z
2026-06-21T18:40:01Z,2026-06-21T20:40:01+0200,c0299f87-b988-4d8b-a611-962c285e5a18,2026-06-14T17:45:00Z,2026-06-14T19:45:00+0200,93.13,EUR/MWh,FR,FR,day_ahead_price,value,2026-06-21T18:40:53Z
2026-06-21T18:40:01Z,2026-06-21T20:40:01+0200,c0299f87-b988-4d8b-a611-962c285e5a18,2026-06-14T18:00:00Z,2026-06-14T20:00:00+0200,86.31,EUR/MWh,FR,FR,day_ahead_price,value,2026-06-21T18:40:53Z
2026-06-21T18:40:01Z,2026-06-21T20:40:01+0200,c0299f87-b988-4d8b-a611-962c285e5a18,2026-06-14T18:15:00Z,2026-06-14T20:15:00+0200,99.8,EUR/MWh,FR,FR,day_ahead_price,value,2026-06-21T18:40:53Z
2026-06-21T18:40:01Z,2026-06-21T20:40:01+0200,c0299f87-b988-4d8b-a611-962c285e5a18,2026-06-14T18:30:00Z,2026-06-14T20:30:00+0200,120.43,EUR/MWh,FR,FR,day_ahead_price,value,2026-06-21T18:40:53Z
2026-06-21T18:40:01Z,2026-06-21T20:40:01+0200,c0299f87-b988-4d8b-a611-962c285e5a18,2026-06-14T18:45:00Z,2026-06-14T20:45:00+0200,131.53,EUR/MWh,FR,FR,day_ahead_price,value,2026-06-21T18:40:53Z
2026-06-21T18:40:01Z,2026-06-21T20:40:01+0200,c0299f87-b988-4d8b-a611-962c285e5a18,2026-06-14T19:00:00Z,2026-06-14T21:00:00+0200,108.26,EUR/MWh,FR,FR,day_ahead_price,value,2026-06-21T18:40:53Z
2026-06-21T18:40:01Z,2026-06-21T20:40:01+0200,c0299f87-b988-4d8b-a611-962c285e5a18,2026-06-14T19:15:00Z,2026-06-14T21:15:00+0200,113.4,EUR/MWh,FR,FR,day_ahead_price,value,2026-06-21T18:40:53Z
2026-06-21T18:40:01Z,2026-06-21T20:40:01+0200,c0299f87-b988-4d8b-a611-962c285e5a18,2026-06-14T19:30:00Z,2026-06-14T21:30:00+0200,114.52,EUR/MWh,FR,FR,day_ahead_price,value,2026-06-21T18:40:53Z
2026-06-21T18:40:01Z,2026-06-21T20:40:01+0200,c0299f87-b988-4d8b-a611-962c285e5a18,2026-06-14T19:45:00Z,2026-06-14T21:45:00+0200,118.28,EUR/MWh,FR,FR,day_ahead_price,value,2026-06-21T18:40:53Z
2026-06-21T18:40:01Z,2026-06-21T20:40:01+0200,c0299f87-b988-4d8b-a611-962c285e5a18,2026-06-14T20:00:00Z,2026-06-14T22:00:00+0200,124.39,EUR/MWh,FR,FR,day_ahead_price,value,2026-06-21T18:40:53Z
2026-06-21T18:40:01Z,2026-06-21T20:40:01+0200,c0299f87-b988-4d8b-a611-962c285e5a18,2026-06-14T20:15:00Z,2026-06-14T22:15:00+0200,119.54,EUR/MWh,FR,FR,day_ahead_price,value,2026-06-21T18:40:53Z
2026-06-21T18:40:01Z,2026-06-21T20:40:01+0200,c0299f87-b988-4d8b-a611-962c285e5a18,2026-06-14T20:30:00Z,2026-06-14T22:30:00+0200,120.07,EUR/MWh,FR,FR,day_ahead_price,value,2026-06-21T18:40:53Z
2026-06-21T18:40:01Z,2026-06-21T20:40:01+0200,c0299f87-b988-4d8b-a611-962c285e5a18,2026-06-14T20:45:00Z,2026-06-14T22:45:00+0200,111.78,EUR/MWh,FR,FR,day_ahead_price,value,2026-06-21T18:40:53Z
2026-06-21T18:40:01Z,2026-06-21T20:40:01+0200,c0299f87-b988-4d8b-a611-962c285e5a18,2026-06-14T21:00:00Z,2026-06-14T23:00:00+0200,116.58,EUR/MWh,FR,FR,day_ahead_price,value,2026-06-21T18:40:53Z
2026-06-21T18:40:01Z,2026-06-21T20:40:01+0200,c0299f87-b988-4d8b-a611-962c285e5a18,2026-06-14T21:15:00Z,2026-06-14T23:15:00+0200,107.31,EUR/MWh,FR,FR,day_ahead_price,value,2026-06-21T18:40:53Z
2026-06-21T18:40:01Z,2026-06-21T20:40:01+0200,c0299f87-b988-4d8b-a611-962c285e5a18,2026-06-14T21:30:00Z,2026-06-14T23:30:00+0200,111.73,EUR/MWh,FR,FR,day_ahead_price,value,2026-06-21T18:40:53Z
2026-06-21T18:40:01Z,2026-06-21T20:40:01+0200,c0299f87-b988-4d8b-a611-962c285e5a18,2026-06-14T21:45:00Z,2026-06-14T23:45:00+0200,102.34,EUR/MWh,FR,FR,day_ahead_price,value,2026-06-21T18:40:53Z
2026-06-21T18:40:01Z,2026-06-21T20:40:01+0200,c0299f87-b988-4d8b-a611-962c285e5a18,2026-06-14T22:00:00Z,2026-06-15T00:00:00+0200,123.48,EUR/MWh,FR,FR,day_ahead_price,value,2026-06-21T18:40:53Z
2026-06-21T18:40:01Z,2026-06-21T20:40:01+0200,c0299f87-b988-4d8b-a611-962c285e5a18,2026-06-14T22:15:00Z,2026-06-15T00:15:00+0200,108.98,EUR/MWh,FR,FR,day_ahead_price,value,2026-06-21T18:40:53Z
2026-06-21T18:40:01Z,2026-06-21T20:40:01+0200,c0299f87-b988-4d8b-a611-962c285e5a18,2026-06-14T22:30:00Z,2026-06-15T00:30:00+0200,102.38,EUR/MWh,FR,FR,day_ahead_price,value,2026-06-21T18:40:53Z
2026-06-21T18:40:01Z,2026-06-21T20:40:01+0200,c0299f87-b988-4d8b-a611-962c285e5a18,2026-06-14T22:45:00Z,2026-06-15T00:45:00+0200,79.28,EUR/MWh,FR,FR,day_ahead_price,value,2026-06-21T18:40:53Z
2026-06-21T18:40:01Z,2026-06-21T20:40:01+0200,c0299f87-b988-4d8b-a611-962c285e5a18,2026-06-14T23:00:00Z,2026-06-15T01:00:00+0200,105.9,EUR/MWh,FR,FR,day_ahead_price,value,2026-06-21T18:40:53Z
2026-06-21T18:40:01Z,2026-06-21T20:40:01+0200,c0299f87-b988-4d8b-a611-962c285e5a18,2026-06-14T23:15:00Z,2026-06-15T01:15:00+0200,99.57,EUR/MWh,FR,FR,day_ahead_price,value,2026-06-21T18:40:53Z
2026-06-21T18:40:01Z,2026-06-21T20:40:01+0200,c0299f87-b988-4d8b-a611-962c285e5a18,2026-06-14T23:30:00Z,2026-06-15T01:30:00+0200,93.51,EUR/MWh,FR,FR,day_ahead_price,value,2026-06-21T18:40:53Z
2026-06-21T18:40:01Z,2026-06-21T20:40:01+0200,c0299f87-b988-4d8b-a611-962c285e5a18,2026-06-14T23:45:00Z,2026-06-15T01:45:00+0200,82.58,EUR/MWh,FR,FR,day_ahead_price,value,2026-06-21T18:40:53Z
2026-06-21T18:40:01Z,2026-06-21T20:40:01+0200,c0299f87-b988-4d8b-a611-962c285e5a18,2026-06-15T00:00:00Z,2026-06-15T02:00:00+0200,90.57,EUR/MWh,FR,FR,day_ahead_price,value,2026-06-21T18:40:53Z
2026-06-21T18:40:01Z,2026-06-21T20:40:01+0200,c0299f87-b988-4d8b-a611-962c285e5a18,2026-06-15T00:15:00Z,2026-06-15T02:15:00+0200,81.76,EUR/MWh,FR,FR,day_ahead_price,value,2026-06-21T18:40:53Z
2026-06-21T18:40:01Z,2026-06-21T20:40:01+0200,c0299f87-b988-4d8b-a611-962c285e5a18,2026-06-15T00:30:00Z,2026-06-15T02:30:00+0200,85.15,EUR/MWh,FR,FR,day_ahead_price,value,2026-06-21T18:40:53Z
2026-06-21T18:40:01Z,2026-06-21T20:40:01+0200,c0299f87-b988-4d8b-a611-962c285e5a18,2026-06-15T00:45:00Z,2026-06-15T02:45:00+0200,69.17,EUR/MWh,FR,FR,day_ahead_price,value,2026-06-21T18:40:53Z
2026-06-21T18:40:01Z,2026-06-21T20:40:01+0200,c0299f87-b988-4d8b-a611-962c285e5a18,2026-06-15T01:00:00Z,2026-06-15T03:00:00+0200,83.76,EUR/MWh,FR,FR,day_ahead_price,value,2026-06-21T18:40:53Z
2026-06-21T18:40:01Z,2026-06-21T20:40:01+0200,c0299f87-b988-4d8b-a611-962c285e5a18,2026-06-15T01:15:00Z,2026-06-15T03:15:00+0200,70.2,EUR/MWh,FR,FR,day_ahead_price,value,2026-06-21T18:40:53Z
2026-06-21T18:40:01Z,2026-06-21T20:40:01+0200,c0299f87-b988-4d8b-a611-962c285e5a18,2026-06-15T01:30:00Z,2026-06-15T03:30:00+0200,64.4,EUR/MWh,FR,FR,day_ahead_price,value,2026-06-21T18:40:53Z
2026-06-21T18:40:01Z,2026-06-21T20:40:01+0200,c0299f87-b988-4d8b-a611-962c285e5a18,2026-06-15T01:45:00Z,2026-06-15T03:45:00+0200,62.47,EUR/MWh,FR,FR,day_ahead_price,value,2026-06-21T18:40:53Z
2026-06-21T18:40:01Z,2026-06-21T20:40:01+0200,c0299f87-b988-4d8b-a611-962c285e5a18,2026-06-15T02:00:00Z,2026-06-15T04:00:00+0200,65.26,EUR/MWh,FR,FR,day_ahead_price,value,2026-06-21T18:40:53Z
2026-06-21T18:40:01Z,2026-06-21T20:40:01+0200,c0299f87-b988-4d8b-a611-962c285e5a18,2026-06-15T02:15:00Z,2026-06-15T04:15:00+0200,70.5,EUR/MWh,FR,FR,day_ahead_price,value,2026-06-21T18:40:53Z
2026-06-21T18:40:01Z,2026-06-21T20:40:01+0200,c0299f87-b988-4d8b-a611-962c285e5a18,2026-06-15T02:30:00Z,2026-06-15T04:30:00+0200,81.62,EUR/MWh,FR,FR,day_ahead_price,value,2026-06-21T18:40:53Z
2026-06-21T18:40:01Z,2026-06-21T20:40:01+0200,c0299f87-b988-4d8b-a611-962c285e5a18,2026-06-15T02:45:00Z,2026-06-15T04:45:00+0200,94.34,EUR/MWh,FR,FR,day_ahead_price,value,2026-06-21T18:40:53Z
2026-06-21T18:40:01Z,2026-06-21T20:40:01+0200,c0299f87-b988-4d8b-a611-962c285e5a18,2026-06-15T03:00:00Z,2026-06-15T05:00:00+0200,81.74,EUR/MWh,FR,FR,day_ahead_price,value,2026-06-21T18:40:53Z
2026-06-21T18:40:01Z,2026-06-21T20:40:01+0200,c0299f87-b988-4d8b-a611-962c285e5a18,2026-06-15T03:15:00Z,2026-06-15T05:15:00+0200,92.9,EUR/MWh,FR,FR,day_ahead_price,value,2026-06-21T18:40:53Z
2026-06-21T18:40:01Z,2026-06-21T20:40:01+0200,c0299f87-b988-4d8b-a611-962c285e5a18,2026-06-15T03:30:00Z,2026-06-15T05:30:00+0200,83.24,EUR/MWh,FR,FR,day_ahead_price,value,2026-06-21T18:40:53Z
2026-06-21T18:40:01Z,2026-06-21T20:40:01+0200,c0299f87-b988-4d8b-a611-962c285e5a18,2026-06-15T03:45:00Z,2026-06-15T05:45:00+0200,102.12,EUR/MWh,FR,FR,day_ahead_price,value,2026-06-21T18:40:53Z
2026-06-21T18:40:01Z,2026-06-21T20:40:01+0200,c0299f87-b988-4d8b-a611-962c285e5a18,2026-06-15T04:00:00Z,2026-06-15T06:00:00+0200,96.77,EUR/MWh,FR,FR,day_ahead_price,value,2026-06-21T18:40:53Z
2026-06-21T18:40:01Z,2026-06-21T20:40:01+0200,c0299f87-b988-4d8b-a611-962c285e5a18,2026-06-15T04:15:00Z,2026-06-15T06:15:00+0200,106.78,EUR/MWh,FR,FR,day_ahead_price,value,2026-06-21T18:40:53Z
2026-06-21T18:40:01Z,2026-06-21T20:40:01+0200,c0299f87-b988-4d8b-a611-962c285e5a18,2026-06-15T04:30:00Z,2026-06-15T06:30:00+0200,112.95,EUR/MWh,FR,FR,day_ahead_price,value,2026-06-21T18:40:53Z
2026-06-21T18:40:01Z,2026-06-21T20:40:01+0200,c0299f87-b988-4d8b-a611-962c285e5a18,2026-06-15T04:45:00Z,2026-06-15T06:45:00+0200,110.04,EUR/MWh,FR,FR,day_ahead_price,value,2026-06-21T18:40:53Z
2026-06-21T18:40:01Z,2026-06-21T20:40:01+0200,c0299f87-b988-4d8b-a611-962c285e5a18,2026-06-15T05:00:00Z,2026-06-15T07:00:00+0200,124.26,EUR/MWh,FR,FR,day_ahead_price,value,2026-06-21T18:40:53Z
2026-06-21T18:40:01Z,2026-06-21T20:40:01+0200,c0299f87-b988-4d8b-a611-962c285e5a18,2026-06-15T05:15:00Z,2026-06-15T07:15:00+0200,117.01,EUR/MWh,FR,FR,day_ahead_price,value,2026-06-21T18:40:53Z
2026-06-21T18:40:01Z,2026-06-21T20:40:01+0200,c0299f87-b988-4d8b-a611-962c285e5a18,2026-06-15T05:30:00Z,2026-06-15T07:30:00+0200,111.85,EUR/MWh,FR,FR,day_ahead_price,value,2026-06-21T18:40:53Z
2026-06-21T18:40:01Z,2026-06-21T20:40:01+0200,c0299f87-b988-4d8b-a611-962c285e5a18,2026-06-15T05:45:00Z,2026-06-15T07:45:00+0200,98.51,EUR/MWh,FR,FR,day_ahead_price,value,2026-06-21T18:40:53Z
2026-06-21T18:40:01Z,2026-06-21T20:40:01+0200,c0299f87-b988-4d8b-a611-962c285e5a18,2026-06-15T06:00:00Z,2026-06-15T08:00:00+0200,125.39,EUR/MWh,FR,FR,day_ahead_price,value,2026-06-21T18:40:53Z
2026-06-21T18:40:01Z,2026-06-21T20:40:01+0200,c0299f87-b988-4d8b-a611-962c285e5a18,2026-06-15T06:15:00Z,2026-06-15T08:15:00+0200,109.68,EUR/MWh,FR,FR,day_ahead_price,value,2026-06-21T18:40:53Z
2026-06-21T18:40:01Z,2026-06-21T20:40:01+0200,c0299f87-b988-4d8b-a611-962c285e5a18,2026-06-15T06:30:00Z,2026-06-15T08:30:00+0200,102.97,EUR/MWh,FR,FR,day_ahead_price,value,2026-06-21T18:40:53Z
2026-06-21T18:40:01Z,2026-06-21T20:40:01+0200,c0299f87-b988-4d8b-a611-962c285e5a18,2026-06-15T06:45:00Z,2026-06-15T08:45:00+0200,81.79,EUR/MWh,FR,FR,day_ahead_price,value,2026-06-21T18:40:53Z
2026-06-21T18:40:01Z,2026-06-21T20:40:01+0200,c0299f87-b988-4d8b-a611-962c285e5a18,2026-06-15T07:00:00Z,2026-06-15T09:00:00+0200,113.35,EUR/MWh,FR,FR,day_ahead_price,value,2026-06-21T18:40:53Z
2026-06-21T18:40:01Z,2026-06-21T20:40:01+0200,c0299f87-b988-4d8b-a611-962c285e5a18,2026-06-15T07:15:00Z,2026-06-15T09:15:00+0200,84.54,EUR/MWh,FR,FR,day_ahead_price,value,2026-06-21T18:40:53Z
2026-06-21T18:40:01Z,2026-06-21T20:40:01+0200,c0299f87-b988-4d8b-a611-962c285e5a18,2026-06-15T07:30:00Z,2026-06-15T09:30:00+0200,51.95,EUR/MWh,FR,FR,day_ahead_price,value,2026-06-21T18:40:53Z
2026-06-21T18:40:01Z,2026-06-21T20:40:01+0200,c0299f87-b988-4d8b-a611-962c285e5a18,2026-06-15T07:45:00Z,2026-06-15T09:45:00+0200,35.27,EUR/MWh,FR,FR,day_ahead_price,value,2026-06-21T18:40:53Z
2026-06-21T18:40:01Z,2026-06-21T20:40:01+0200,c0299f87-b988-4d8b-a611-962c285e5a18,2026-06-15T08:00:00Z,2026-06-15T10:00:00+0200,35.27,EUR/MWh,FR,FR,day_ahead_price,value,2026-06-21T18:40:53Z
2026-06-21T18:40:01Z,2026-06-21T20:40:01+0200,c0299f87-b988-4d8b-a611-962c285e5a18,2026-06-15T08:15:00Z,2026-06-15T10:15:00+0200,22.23,EUR/MWh,FR,FR,day_ahead_price,value,2026-06-21T18:40:53Z
2026-06-21T18:40:01Z,2026-06-21T20:40:01+0200,c0299f87-b988-4d8b-a611-962c285e5a18,2026-06-15T08:30:00Z,2026-06-15T10:30:00+0200,16.36,EUR/MWh,FR,FR,day_ahead_price,value,2026-06-21T18:40:53Z
2026-06-21T18:40:01Z,2026-06-21T20:40:01+0200,c0299f87-b988-4d8b-a611-962c285e5a18,2026-06-15T08:45:00Z,2026-06-15T10:45:00+0200,2.14,EUR/MWh,FR,FR,day_ahead_price,value,2026-06-21T18:40:53Z
2026-06-21T18:40:01Z,2026-06-21T20:40:01+0200,c0299f87-b988-4d8b-a611-962c285e5a18,2026-06-15T09:00:00Z,2026-06-15T11:00:00+0200,5.12,EUR/MWh,FR,FR,day_ahead_price,value,2026-06-21T18:40:53Z
2026-06-21T18:40:01Z,2026-06-21T20:40:01+0200,c0299f87-b988-4d8b-a611-962c285e5a18,2026-06-15T09:15:00Z,2026-06-15T11:15:00+0200,5.01,EUR/MWh,FR,FR,day_ahead_price,value,2026-06-21T18:40:53Z
2026-06-21T18:40:01Z,2026-06-21T20:40:01+0200,c0299f87-b988-4d8b-a611-962c285e5a18,2026-06-15T09:30:00Z,2026-06-15T11:30:00+0200,2.0,EUR/MWh,FR,FR,day_ahead_price,value,2026-06-21T18:40:53Z
2026-06-21T18:40:01Z,2026-06-21T20:40:01+0200,c0299f87-b988-4d8b-a611-962c285e5a18,2026-06-15T09:45:00Z,2026-06-15T11:45:00+0200,1.75,EUR/MWh,FR,FR,day_ahead_price,value,2026-06-21T18:40:53Z
2026-06-21T18:40:01Z,2026-06-21T20:40:01+0200,c0299f87-b988-4d8b-a611-962c285e5a18,2026-06-15T10:00:00Z,2026-06-15T12:00:00+0200,1.25,EUR/MWh,FR,FR,day_ahead_price,value,2026-06-21T18:40:53Z
2026-06-21T18:40:01Z,2026-06-21T20:40:01+0200,c0299f87-b988-4d8b-a611-962c285e5a18,2026-06-15T10:15:00Z,2026-06-15T12:15:00+0200,1.13,EUR/MWh,FR,FR,day_ahead_price,value,2026-06-21T18:40:53Z
2026-06-21T18:40:01Z,2026-06-21T20:40:01+0200,c0299f87-b988-4d8b-a611-962c285e5a18,2026-06-15T10:30:00Z,2026-06-15T12:30:00+0200,0.93,EUR/MWh,FR,FR,day_ahead_price,value,2026-06-21T18:40:53Z
2026-06-21T18:40:01Z,2026-06-21T20:40:01+0200,c0299f87-b988-4d8b-a611-962c285e5a18,2026-06-15T10:45:00Z,2026-06-15T12:45:00+0200,0.66,EUR/MWh,FR,FR,day_ahead_price,value,2026-06-21T18:40:53Z
2026-06-21T18:40:01Z,2026-06-21T20:40:01+0200,c0299f87-b988-4d8b-a611-962c285e5a18,2026-06-15T11:00:00Z,2026-06-15T13:00:00+0200,0.84,EUR/MWh,FR,FR,day_ahead_price,value,2026-06-21T18:40:53Z
2026-06-21T18:40:01Z,2026-06-21T20:40:01+0200,c0299f87-b988-4d8b-a611-962c285e5a18,2026-06-15T11:15:00Z,2026-06-15T13:15:00+0200,0.84,EUR/MWh,FR,FR,day_ahead_price,value,2026-06-21T18:40:53Z
2026-06-21T18:40:01Z,2026-06-21T20:40:01+0200,c0299f87-b988-4d8b-a611-962c285e5a18,2026-06-15T11:30:00Z,2026-06-15T13:30:00+0200,0.0,EUR/MWh,FR,FR,day_ahead_price,value,2026-06-21T18:40:53Z
2026-06-21T18:40:01Z,2026-06-21T20:40:01+0200,c0299f87-b988-4d8b-a611-962c285e5a18,2026-06-15T11:45:00Z,2026-06-15T13:45:00+0200,0.0,EUR/MWh,FR,FR,day_ahead_price,value,2026-06-21T18:40:53Z
2026-06-21T18:40:01Z,2026-06-21T20:40:01+0200,c0299f87-b988-4d8b-a611-962c285e5a18,2026-06-15T12:00:00Z,2026-06-15T14:00:00+0200,0.84,EUR/MWh,FR,FR,day_ahead_price,value,2026-06-21T18:40:53Z
2026-06-21T18:40:01Z,2026-06-21T20:40:01+0200,c0299f87-b988-4d8b-a611-962c285e5a18,2026-06-15T12:15:00Z,2026-06-15T14:15:00+0200,0.84,EUR/MWh,FR,FR,day_ahead_price,value,2026-06-21T18:40:53Z
2026-06-21T18:40:01Z,2026-06-21T20:40:01+0200,c0299f87-b988-4d8b-a611-962c285e5a18,2026-06-15T12:30:00Z,2026-06-15T14:30:00+0200,1.15,EUR/MWh,FR,FR,day_ahead_price,value,2026-06-21T18:40:53Z
2026-06-21T18:40:01Z,2026-06-21T20:40:01+0200,c0299f87-b988-4d8b-a611-962c285e5a18,2026-06-15T12:45:00Z,2026-06-15T14:45:00+0200,1.0,EUR/MWh,FR,FR,day_ahead_price,value,2026-06-21T18:40:53Z
2026-06-21T18:40:01Z,2026-06-21T20:40:01+0200,c0299f87-b988-4d8b-a611-962c285e5a18,2026-06-15T13:00:00Z,2026-06-15T15:00:00+0200,0.21,EUR/MWh,FR,FR,day_ahead_price,value,2026-06-21T18:40:53Z
2026-06-21T18:40:01Z,2026-06-21T20:40:01+0200,c0299f87-b988-4d8b-a611-962c285e5a18,2026-06-15T13:15:00Z,2026-06-15T15:15:00+0200,0.35,EUR/MWh,FR,FR,day_ahead_price,value,2026-06-21T18:40:53Z
2026-06-21T18:40:01Z,2026-06-21T20:40:01+0200,c0299f87-b988-4d8b-a611-962c285e5a18,2026-06-15T13:30:00Z,2026-06-15T15:30:00+0200,1.0,EUR/MWh,FR,FR,day_ahead_price,value,2026-06-21T18:40:53Z
2026-06-21T18:40:01Z,2026-06-21T20:40:01+0200,c0299f87-b988-4d8b-a611-962c285e5a18,2026-06-15T13:45:00Z,2026-06-15T15:45:00+0200,1.46,EUR/MWh,FR,FR,day_ahead_price,value,2026-06-21T18:40:53Z
2026-06-21T18:40:01Z,2026-06-21T20:40:01+0200,c0299f87-b988-4d8b-a611-962c285e5a18,2026-06-15T14:00:00Z,2026-06-15T16:00:00+0200,1.04,EUR/MWh,FR,FR,day_ahead_price,value,2026-06-21T18:40:53Z
2026-06-21T18:40:01Z,2026-06-21T20:40:01+0200,c0299f87-b988-4d8b-a611-962c285e5a18,2026-06-15T14:15:00Z,2026-06-15T16:15:00+0200,1.89,EUR/MWh,FR,FR,day_ahead_price,value,2026-06-21T18:40:53Z
2026-06-21T18:40:01Z,2026-06-21T20:40:01+0200,c0299f87-b988-4d8b-a611-962c285e5a18,2026-06-15T14:30:00Z,2026-06-15T16:30:00+0200,7.73,EUR/MWh,FR,FR,day_ahead_price,value,2026-06-21T18:40:53Z
2026-06-21T18:40:01Z,2026-06-21T20:40:01+0200,c0299f87-b988-4d8b-a611-962c285e5a18,2026-06-15T14:45:00Z,2026-06-15T16:45:00+0200,25.0,EUR/MWh,FR,FR,day_ahead_price,value,2026-06-21T18:40:53Z
2026-06-21T18:40:01Z,2026-06-21T20:40:01+0200,c0299f87-b988-4d8b-a611-962c285e5a18,2026-06-15T15:00:00Z,2026-06-15T17:00:00+0200,8.44,EUR/MWh,FR,FR,day_ahead_price,value,2026-06-21T18:40:53Z
2026-06-21T18:40:01Z,2026-06-21T20:40:01+0200,c0299f87-b988-4d8b-a611-962c285e5a18,2026-06-15T15:15:00Z,2026-06-15T17:15:00+0200,34.88,EUR/MWh,FR,FR,day_ahead_price,value,2026-06-21T18:40:53Z
2026-06-21T18:40:01Z,2026-06-21T20:40:01+0200,c0299f87-b988-4d8b-a611-962c285e5a18,2026-06-15T15:30:00Z,2026-06-15T17:30:00+0200,54.43,EUR/MWh,FR,FR,day_ahead_price,value,2026-06-21T18:40:53Z
2026-06-21T18:40:01Z,2026-06-21T20:40:01+0200,c0299f87-b988-4d8b-a611-962c285e5a18,2026-06-15T15:45:00Z,2026-06-15T17:45:00+0200,95.44,EUR/MWh,FR,FR,day_ahead_price,value,2026-06-21T18:40:53Z
2026-06-21T18:40:01Z,2026-06-21T20:40:01+0200,c0299f87-b988-4d8b-a611-962c285e5a18,2026-06-15T16:00:00Z,2026-06-15T18:00:00+0200,55.17,EUR/MWh,FR,FR,day_ahead_price,value,2026-06-21T18:40:53Z
2026-06-21T18:40:01Z,2026-06-21T20:40:01+0200,c0299f87-b988-4d8b-a611-962c285e5a18,2026-06-15T16:15:00Z,2026-06-15T18:15:00+0200,84.57,EUR/MWh,FR,FR,day_ahead_price,value,2026-06-21T18:40:53Z
2026-06-21T18:40:01Z,2026-06-21T20:40:01+0200,c0299f87-b988-4d8b-a611-962c285e5a18,2026-06-15T16:30:00Z,2026-06-15T18:30:00+0200,109.22,EUR/MWh,FR,FR,day_ahead_price,value,2026-06-21T18:40:53Z
2026-06-21T18:40:01Z,2026-06-21T20:40:01+0200,c0299f87-b988-4d8b-a611-962c285e5a18,2026-06-15T16:45:00Z,2026-06-15T18:45:00+0200,135.19,EUR/MWh,FR,FR,day_ahead_price,value,2026-06-21T18:40:53Z
2026-06-21T18:40:01Z,2026-06-21T20:40:01+0200,c0299f87-b988-4d8b-a611-962c285e5a18,2026-06-15T17:00:00Z,2026-06-15T19:00:00+0200,115.7,EUR/MWh,FR,FR,day_ahead_price,value,2026-06-21T18:40:53Z
2026-06-21T18:40:01Z,2026-06-21T20:40:01+0200,c0299f87-b988-4d8b-a611-962c285e5a18,2026-06-15T17:15:00Z,2026-06-15T19:15:00+0200,125.55,EUR/MWh,FR,FR,day_ahead_price,value,2026-06-21T18:40:53Z
2026-06-21T18:40:01Z,2026-06-21T20:40:01+0200,c0299f87-b988-4d8b-a611-962c285e5a18,2026-06-15T17:30:00Z,2026-06-15T19:30:00+0200,138.03,EUR/MWh,FR,FR,day_ahead_price,value,2026-06-21T18:40:53Z
2026-06-21T18:40:01Z,2026-06-21T20:40:01+0200,c0299f87-b988-4d8b-a611-962c285e5a18,2026-06-15T17:45:00Z,2026-06-15T19:45:00+0200,151.17,EUR/MWh,FR,FR,day_ahead_price,value,2026-06-21T18:40:53Z
2026-06-21T18:40:01Z,2026-06-21T20:40:01+0200,c0299f87-b988-4d8b-a611-962c285e5a18,2026-06-15T18:00:00Z,2026-06-15T20:00:00+0200,135.98,EUR/MWh,FR,FR,day_ahead_price,value,2026-06-21T18:40:53Z
2026-06-21T18:40:01Z,2026-06-21T20:40:01+0200,c0299f87-b988-4d8b-a611-962c285e5a18,2026-06-15T18:15:00Z,2026-06-15T20:15:00+0200,142.93,EUR/MWh,FR,FR,day_ahead_price,value,2026-06-21T18:40:53Z
2026-06-21T18:40:01Z,2026-06-21T20:40:01+0200,c0299f87-b988-4d8b-a611-962c285e5a18,2026-06-15T18:30:00Z,2026-06-15T20:30:00+0200,153.92,EUR/MWh,FR,FR,day_ahead_price,value,2026-06-21T18:40:53Z
2026-06-21T18:40:01Z,2026-06-21T20:40:01+0200,c0299f87-b988-4d8b-a611-962c285e5a18,2026-06-15T18:45:00Z,2026-06-15T20:45:00+0200,165.2,EUR/MWh,FR,FR,day_ahead_price,value,2026-06-21T18:40:53Z
2026-06-21T18:40:01Z,2026-06-21T20:40:01+0200,c0299f87-b988-4d8b-a611-962c285e5a18,2026-06-15T19:00:00Z,2026-06-15T21:00:00+0200,153.36,EUR/MWh,FR,FR,day_ahead_price,value,2026-06-21T18:40:53Z
2026-06-21T18:40:01Z,2026-06-21T20:40:01+0200,c0299f87-b988-4d8b-a611-962c285e5a18,2026-06-15T19:15:00Z,2026-06-15T21:15:00+0200,157.62,EUR/MWh,FR,FR,day_ahead_price,value,2026-06-21T18:40:53Z
2026-06-21T18:40:01Z,2026-06-21T20:40:01+0200,c0299f87-b988-4d8b-a611-962c285e5a18,2026-06-15T19:30:00Z,2026-06-15T21:30:00+0200,160.01,EUR/MWh,FR,FR,day_ahead_price,value,2026-06-21T18:40:53Z
2026-06-21T18:40:01Z,2026-06-21T20:40:01+0200,c0299f87-b988-4d8b-a611-962c285e5a18,2026-06-15T19:45:00Z,2026-06-15T21:45:00+0200,152.61,EUR/MWh,FR,FR,day_ahead_price,value,2026-06-21T18:40:53Z
2026-06-21T18:40:01Z,2026-06-21T20:40:01+0200,c0299f87-b988-4d8b-a611-962c285e5a18,2026-06-15T20:00:00Z,2026-06-15T22:00:00+0200,162.7,EUR/MWh,FR,FR,day_ahead_price,value,2026-06-21T18:40:53Z
2026-06-21T18:40:01Z,2026-06-21T20:40:01+0200,c0299f87-b988-4d8b-a611-962c285e5a18,2026-06-15T20:15:00Z,2026-06-15T22:15:00+0200,155.89,EUR/MWh,FR,FR,day_ahead_price,value,2026-06-21T18:40:53Z
2026-06-21T18:40:01Z,2026-06-21T20:40:01+0200,c0299f87-b988-4d8b-a611-962c285e5a18,2026-06-15T20:30:00Z,2026-06-15T22:30:00+0200,155.08,EUR/MWh,FR,FR,day_ahead_price,value,2026-06-21T18:40:53Z
2026-06-21T18:40:01Z,2026-06-21T20:40:01+0200,c0299f87-b988-4d8b-a611-962c285e5a18,2026-06-15T20:45:00Z,2026-06-15T22:45:00+0200,141.5,EUR/MWh,FR,FR,day_ahead_price,value,2026-06-21T18:40:53Z
2026-06-21T18:40:01Z,2026-06-21T20:40:01+0200,c0299f87-b988-4d8b-a611-962c285e5a18,2026-06-15T21:00:00Z,2026-06-15T23:00:00+0200,147.38,EUR/MWh,FR,FR,day_ahead_price,value,2026-06-21T18:40:53Z
2026-06-21T18:40:01Z,2026-06-21T20:40:01+0200,c0299f87-b988-4d8b-a611-962c285e5a18,2026-06-15T21:15:00Z,2026-06-15T23:15:00+0200,133.33,EUR/MWh,FR,FR,day_ahead_price,value,2026-06-21T18:40:53Z
2026-06-21T18:40:01Z,2026-06-21T20:40:01+0200,c0299f87-b988-4d8b-a611-962c285e5a18,2026-06-15T21:30:00Z,2026-06-15T23:30:00+0200,132.09,EUR/MWh,FR,FR,day_ahead_price,value,2026-06-21T18:40:53Z
2026-06-21T18:40:01Z,2026-06-21T20:40:01+0200,c0299f87-b988-4d8b-a611-962c285e5a18,2026-06-15T21:45:00Z,2026-06-15T23:45:00+0200,127.46,EUR/MWh,FR,FR,day_ahead_price,value,2026-06-21T18:40:53Z
2026-06-21T18:40:01Z,2026-06-21T20:40:01+0200,c0299f87-b988-4d8b-a611-962c285e5a18,2026-06-15T22:00:00Z,2026-06-16T00:00:00+0200,132.54,EUR/MWh,FR,FR,day_ahead_price,value,2026-06-21T18:40:53Z
2026-06-21T18:40:01Z,2026-06-21T20:40:01+0200,c0299f87-b988-4d8b-a611-962c285e5a18,2026-06-15T22:15:00Z,2026-06-16T00:15:00+0200,127.49,EUR/MWh,FR,FR,day_ahead_price,value,2026-06-21T18:40:53Z
2026-06-21T18:40:01Z,2026-06-21T20:40:01+0200,c0299f87-b988-4d8b-a611-962c285e5a18,2026-06-15T22:30:00Z,2026-06-16T00:30:00+0200,116.73,EUR/MWh,FR,FR,day_ahead_price,value,2026-06-21T18:40:53Z
2026-06-21T18:40:01Z,2026-06-21T20:40:01+0200,c0299f87-b988-4d8b-a611-962c285e5a18,2026-06-15T22:45:00Z,2026-06-16T00:45:00+0200,104.48,EUR/MWh,FR,FR,day_ahead_price,value,2026-06-21T18:40:53Z
2026-06-21T18:40:01Z,2026-06-21T20:40:01+0200,c0299f87-b988-4d8b-a611-962c285e5a18,2026-06-15T23:00:00Z,2026-06-16T01:00:00+0200,119.77,EUR/MWh,FR,FR,day_ahead_price,value,2026-06-21T18:40:53Z
2026-06-21T18:40:01Z,2026-06-21T20:40:01+0200,c0299f87-b988-4d8b-a611-962c285e5a18,2026-06-15T23:15:00Z,2026-06-16T01:15:00+0200,116.47,EUR/MWh,FR,FR,day_ahead_price,value,2026-06-21T18:40:53Z
2026-06-21T18:40:01Z,2026-06-21T20:40:01+0200,c0299f87-b988-4d8b-a611-962c285e5a18,2026-06-15T23:30:00Z,2026-06-16T01:30:00+0200,116.34,EUR/MWh,FR,FR,day_ahead_price,value,2026-06-21T18:40:53Z
2026-06-21T18:40:01Z,2026-06-21T20:40:01+0200,c0299f87-b988-4d8b-a611-962c285e5a18,2026-06-15T23:45:00Z,2026-06-16T01:45:00+0200,114.84,EUR/MWh,FR,FR,day_ahead_price,value,2026-06-21T18:40:53Z
2026-06-21T18:40:01Z,2026-06-21T20:40:01+0200,c0299f87-b988-4d8b-a611-962c285e5a18,2026-06-16T00:00:00Z,2026-06-16T02:00:00+0200,116.34,EUR/MWh,FR,FR,day_ahead_price,value,2026-06-21T18:40:53Z
2026-06-21T18:40:01Z,2026-06-21T20:40:01+0200,c0299f87-b988-4d8b-a611-962c285e5a18,2026-06-16T00:15:00Z,2026-06-16T02:15:00+0200,114.74,EUR/MWh,FR,FR,day_ahead_price,value,2026-06-21T18:40:53Z
2026-06-21T18:40:01Z,2026-06-21T20:40:01+0200,c0299f87-b988-4d8b-a611-962c285e5a18,2026-06-16T00:30:00Z,2026-06-16T02:30:00+0200,113.14,EUR/MWh,FR,FR,day_ahead_price,value,2026-06-21T18:40:53Z
2026-06-21T18:40:01Z,2026-06-21T20:40:01+0200,c0299f87-b988-4d8b-a611-962c285e5a18,2026-06-16T00:45:00Z,2026-06-16T02:45:00+0200,88.59,EUR/MWh,FR,FR,day_ahead_price,value,2026-06-21T18:40:53Z
2026-06-21T18:40:01Z,2026-06-21T20:40:01+0200,c0299f87-b988-4d8b-a611-962c285e5a18,2026-06-16T01:00:00Z,2026-06-16T03:00:00+0200,112.18,EUR/MWh,FR,FR,day_ahead_price,value,2026-06-21T18:40:53Z
2026-06-21T18:40:01Z,2026-06-21T20:40:01+0200,c0299f87-b988-4d8b-a611-962c285e5a18,2026-06-16T01:15:00Z,2026-06-16T03:15:00+0200,112.12,EUR/MWh,FR,FR,day_ahead_price,value,2026-06-21T18:40:53Z
2026-06-21T18:40:01Z,2026-06-21T20:40:01+0200,c0299f87-b988-4d8b-a611-962c285e5a18,2026-06-16T01:30:00Z,2026-06-16T03:30:00+0200,104.68,EUR/MWh,FR,FR,day_ahead_price,value,2026-06-21T18:40:53Z
2026-06-21T18:40:01Z,2026-06-21T20:40:01+0200,c0299f87-b988-4d8b-a611-962c285e5a18,2026-06-16T01:45:00Z,2026-06-16T03:45:00+0200,72.0,EUR/MWh,FR,FR,day_ahead_price,value,2026-06-21T18:40:53Z
2026-06-21T18:40:01Z,2026-06-21T20:40:01+0200,c0299f87-b988-4d8b-a611-962c285e5a18,2026-06-16T02:00:00Z,2026-06-16T04:00:00+0200,93.24,EUR/MWh,FR,FR,day_ahead_price,value,2026-06-21T18:40:53Z
2026-06-21T18:40:01Z,2026-06-21T20:40:01+0200,c0299f87-b988-4d8b-a611-962c285e5a18,2026-06-16T02:15:00Z,2026-06-16T04:15:00+0200,89.14,EUR/MWh,FR,FR,day_ahead_price,value,2026-06-21T18:40:53Z
2026-06-21T18:40:01Z,2026-06-21T20:40:01+0200,c0299f87-b988-4d8b-a611-962c285e5a18,2026-06-16T02:30:00Z,2026-06-16T04:30:00+0200,82.7,EUR/MWh,FR,FR,day_ahead_price,value,2026-06-21T18:40:53Z
2026-06-21T18:40:01Z,2026-06-21T20:40:01+0200,c0299f87-b988-4d8b-a611-962c285e5a18,2026-06-16T02:45:00Z,2026-06-16T04:45:00+0200,91.25,EUR/MWh,FR,FR,day_ahead_price,value,2026-06-21T18:40:53Z
2026-06-21T18:40:01Z,2026-06-21T20:40:01+0200,c0299f87-b988-4d8b-a611-962c285e5a18,2026-06-16T03:00:00Z,2026-06-16T05:00:00+0200,102.57,EUR/MWh,FR,FR,day_ahead_price,value,2026-06-21T18:40:53Z
2026-06-21T18:40:01Z,2026-06-21T20:40:01+0200,c0299f87-b988-4d8b-a611-962c285e5a18,2026-06-16T03:15:00Z,2026-06-16T05:15:00+0200,102.17,EUR/MWh,FR,FR,day_ahead_price,value,2026-06-21T18:40:53Z
2026-06-21T18:40:01Z,2026-06-21T20:40:01+0200,c0299f87-b988-4d8b-a611-962c285e5a18,2026-06-16T03:30:00Z,2026-06-16T05:30:00+0200,116.77,EUR/MWh,FR,FR,day_ahead_price,value,2026-06-21T18:40:53Z
2026-06-21T18:40:01Z,2026-06-21T20:40:01+0200,c0299f87-b988-4d8b-a611-962c285e5a18,2026-06-16T03:45:00Z,2026-06-16T05:45:00+0200,108.49,EUR/MWh,FR,FR,day_ahead_price,value,2026-06-21T18:40:53Z
2026-06-21T18:40:01Z,2026-06-21T20:40:01+0200,c0299f87-b988-4d8b-a611-962c285e5a18,2026-06-16T04:00:00Z,2026-06-16T06:00:00+0200,125.0,EUR/MWh,FR,FR,day_ahead_price,value,2026-06-21T18:40:53Z
2026-06-21T18:40:01Z,2026-06-21T20:40:01+0200,c0299f87-b988-4d8b-a611-962c285e5a18,2026-06-16T04:15:00Z,2026-06-16T06:15:00+0200,127.7,EUR/MWh,FR,FR,day_ahead_price,value,2026-06-21T18:40:53Z
2026-06-21T18:40:01Z,2026-06-21T20:40:01+0200,c0299f87-b988-4d8b-a611-962c285e5a18,2026-06-16T04:30:00Z,2026-06-16T06:30:00+0200,129.27,EUR/MWh,FR,FR,day_ahead_price,value,2026-06-21T18:40:53Z
2026-06-21T18:40:01Z,2026-06-21T20:40:01+0200,c0299f87-b988-4d8b-a611-962c285e5a18,2026-06-16T04:45:00Z,2026-06-16T06:45:00+0200,130.0,EUR/MWh,FR,FR,day_ahead_price,value,2026-06-21T18:40:53Z
2026-06-21T18:40:01Z,2026-06-21T20:40:01+0200,c0299f87-b988-4d8b-a611-962c285e5a18,2026-06-16T05:00:00Z,2026-06-16T07:00:00+0200,138.99,EUR/MWh,FR,FR,day_ahead_price,value,2026-06-21T18:40:53Z
2026-06-21T18:40:01Z,2026-06-21T20:40:01+0200,c0299f87-b988-4d8b-a611-962c285e5a18,2026-06-16T05:15:00Z,2026-06-16T07:15:00+0200,133.31,EUR/MWh,FR,FR,day_ahead_price,value,2026-06-21T18:40:53Z
2026-06-21T18:40:01Z,2026-06-21T20:40:01+0200,c0299f87-b988-4d8b-a611-962c285e5a18,2026-06-16T05:30:00Z,2026-06-16T07:30:00+0200,131.48,EUR/MWh,FR,FR,day_ahead_price,value,2026-06-21T18:40:53Z
2026-06-21T18:40:01Z,2026-06-21T20:40:01+0200,c0299f87-b988-4d8b-a611-962c285e5a18,2026-06-16T05:45:00Z,2026-06-16T07:45:00+0200,123.0,EUR/MWh,FR,FR,day_ahead_price,value,2026-06-21T18:40:53Z
2026-06-21T18:40:01Z,2026-06-21T20:40:01+0200,c0299f87-b988-4d8b-a611-962c285e5a18,2026-06-16T06:00:00Z,2026-06-16T08:00:00+0200,132.54,EUR/MWh,FR,FR,day_ahead_price,value,2026-06-21T18:40:53Z
2026-06-21T18:40:01Z,2026-06-21T20:40:01+0200,c0299f87-b988-4d8b-a611-962c285e5a18,2026-06-16T06:15:00Z,2026-06-16T08:15:00+0200,128.97,EUR/MWh,FR,FR,day_ahead_price,value,2026-06-21T18:40:53Z
2026-06-21T18:40:01Z,2026-06-21T20:40:01+0200,c0299f87-b988-4d8b-a611-962c285e5a18,2026-06-16T06:30:00Z,2026-06-16T08:30:00+0200,122.52,EUR/MWh,FR,FR,day_ahead_price,value,2026-06-21T18:40:53Z
2026-06-21T18:40:01Z,2026-06-21T20:40:01+0200,c0299f87-b988-4d8b-a611-962c285e5a18,2026-06-16T06:45:00Z,2026-06-16T08:45:00+0200,117.18,EUR/MWh,FR,FR,day_ahead_price,value,2026-06-21T18:40:53Z
2026-06-21T18:40:01Z,2026-06-21T20:40:01+0200,c0299f87-b988-4d8b-a611-962c285e5a18,2026-06-16T07:00:00Z,2026-06-16T09:00:00+0200,120.3,EUR/MWh,FR,FR,day_ahead_price,value,2026-06-21T18:40:53Z
2026-06-21T18:40:01Z,2026-06-21T20:40:01+0200,c0299f87-b988-4d8b-a611-962c285e5a18,2026-06-16T07:15:00Z,2026-06-16T09:15:00+0200,97.85,EUR/MWh,FR,FR,day_ahead_price,value,2026-06-21T18:40:53Z
2026-06-21T18:40:01Z,2026-06-21T20:40:01+0200,c0299f87-b988-4d8b-a611-962c285e5a18,2026-06-16T07:30:00Z,2026-06-16T09:30:00+0200,86.39,EUR/MWh,FR,FR,day_ahead_price,value,2026-06-21T18:40:53Z
2026-06-21T18:40:01Z,2026-06-21T20:40:01+0200,c0299f87-b988-4d8b-a611-962c285e5a18,2026-06-16T07:45:00Z,2026-06-16T09:45:00+0200,70.2,EUR/MWh,FR,FR,day_ahead_price,value,2026-06-21T18:40:53Z
2026-06-21T18:40:01Z,2026-06-21T20:40:01+0200,c0299f87-b988-4d8b-a611-962c285e5a18,2026-06-16T08:00:00Z,2026-06-16T10:00:00+0200,79.08,EUR/MWh,FR,FR,day_ahead_price,value,2026-06-21T18:40:53Z
2026-06-21T18:40:01Z,2026-06-21T20:40:01+0200,c0299f87-b988-4d8b-a611-962c285e5a18,2026-06-16T08:15:00Z,2026-06-16T10:15:00+0200,64.81,EUR/MWh,FR,FR,day_ahead_price,value,2026-06-21T18:40:53Z
2026-06-21T18:40:01Z,2026-06-21T20:40:01+0200,c0299f87-b988-4d8b-a611-962c285e5a18,2026-06-16T08:30:00Z,2026-06-16T10:30:00+0200,61.0,EUR/MWh,FR,FR,day_ahead_price,value,2026-06-21T18:40:53Z
2026-06-21T18:40:01Z,2026-06-21T20:40:01+0200,c0299f87-b988-4d8b-a611-962c285e5a18,2026-06-16T08:45:00Z,2026-06-16T10:45:00+0200,58.63,EUR/MWh,FR,FR,day_ahead_price,value,2026-06-21T18:40:53Z
2026-06-21T18:40:01Z,2026-06-21T20:40:01+0200,c0299f87-b988-4d8b-a611-962c285e5a18,2026-06-16T09:00:00Z,2026-06-16T11:00:00+0200,60.96,EUR/MWh,FR,FR,day_ahead_price,value,2026-06-21T18:40:53Z
2026-06-21T18:40:01Z,2026-06-21T20:40:01+0200,c0299f87-b988-4d8b-a611-962c285e5a18,2026-06-16T09:15:00Z,2026-06-16T11:15:00+0200,49.15,EUR/MWh,FR,FR,day_ahead_price,value,2026-06-21T18:40:53Z
2026-06-21T18:40:01Z,2026-06-21T20:40:01+0200,c0299f87-b988-4d8b-a611-962c285e5a18,2026-06-16T09:30:00Z,2026-06-16T11:30:00+0200,43.36,EUR/MWh,FR,FR,day_ahead_price,value,2026-06-21T18:40:53Z
2026-06-21T18:40:01Z,2026-06-21T20:40:01+0200,c0299f87-b988-4d8b-a611-962c285e5a18,2026-06-16T09:45:00Z,2026-06-16T11:45:00+0200,39.88,EUR/MWh,FR,FR,day_ahead_price,value,2026-06-21T18:40:53Z
2026-06-21T18:40:01Z,2026-06-21T20:40:01+0200,c0299f87-b988-4d8b-a611-962c285e5a18,2026-06-16T10:00:00Z,2026-06-16T12:00:00+0200,54.2,EUR/MWh,FR,FR,day_ahead_price,value,2026-06-21T18:40:53Z
2026-06-21T18:40:01Z,2026-06-21T20:40:01+0200,c0299f87-b988-4d8b-a611-962c285e5a18,2026-06-16T10:15:00Z,2026-06-16T12:15:00+0200,40.91,EUR/MWh,FR,FR,day_ahead_price,value,2026-06-21T18:40:53Z
2026-06-21T18:40:01Z,2026-06-21T20:40:01+0200,c0299f87-b988-4d8b-a611-962c285e5a18,2026-06-16T10:30:00Z,2026-06-16T12:30:00+0200,42.17,EUR/MWh,FR,FR,day_ahead_price,value,2026-06-21T18:40:53Z
2026-06-21T18:40:01Z,2026-06-21T20:40:01+0200,c0299f87-b988-4d8b-a611-962c285e5a18,2026-06-16T10:45:00Z,2026-06-16T12:45:00+0200,33.02,EUR/MWh,FR,FR,day_ahead_price,value,2026-06-21T18:40:53Z
2026-06-21T18:40:01Z,2026-06-21T20:40:01+0200,c0299f87-b988-4d8b-a611-962c285e5a18,2026-06-16T11:00:00Z,2026-06-16T13:00:00+0200,28.96,EUR/MWh,FR,FR,day_ahead_price,value,2026-06-21T18:40:53Z
2026-06-21T18:40:01Z,2026-06-21T20:40:01+0200,c0299f87-b988-4d8b-a611-962c285e5a18,2026-06-16T11:15:00Z,2026-06-16T13:15:00+0200,25.29,EUR/MWh,FR,FR,day_ahead_price,value,2026-06-21T18:40:53Z
2026-06-21T18:40:01Z,2026-06-21T20:40:01+0200,c0299f87-b988-4d8b-a611-962c285e5a18,2026-06-16T11:30:00Z,2026-06-16T13:30:00+0200,18.5,EUR/MWh,FR,FR,day_ahead_price,value,2026-06-21T18:40:53Z
2026-06-21T18:40:01Z,2026-06-21T20:40:01+0200,c0299f87-b988-4d8b-a611-962c285e5a18,2026-06-16T11:45:00Z,2026-06-16T13:45:00+0200,18.08,EUR/MWh,FR,FR,day_ahead_price,value,2026-06-21T18:40:53Z
2026-06-21T18:40:01Z,2026-06-21T20:40:01+0200,c0299f87-b988-4d8b-a611-962c285e5a18,2026-06-16T12:00:00Z,2026-06-16T14:00:00+0200,22.5,EUR/MWh,FR,FR,day_ahead_price,value,2026-06-21T18:40:53Z
2026-06-21T18:40:01Z,2026-06-21T20:40:01+0200,c0299f87-b988-4d8b-a611-962c285e5a18,2026-06-16T12:15:00Z,2026-06-16T14:15:00+0200,22.5,EUR/MWh,FR,FR,day_ahead_price,value,2026-06-21T18:40:53Z
2026-06-21T18:40:01Z,2026-06-21T20:40:01+0200,c0299f87-b988-4d8b-a611-962c285e5a18,2026-06-16T12:30:00Z,2026-06-16T14:30:00+0200,25.0,EUR/MWh,FR,FR,day_ahead_price,value,2026-06-21T18:40:53Z
2026-06-21T18:40:01Z,2026-06-21T20:40:01+0200,c0299f87-b988-4d8b-a611-962c285e5a18,2026-06-16T12:45:00Z,2026-06-16T14:45:00+0200,25.0,EUR/MWh,FR,FR,day_ahead_price,value,2026-06-21T18:40:53Z
2026-06-21T18:40:01Z,2026-06-21T20:40:01+0200,c0299f87-b988-4d8b-a611-962c285e5a18,2026-06-16T13:00:00Z,2026-06-16T15:00:00+0200,30.0,EUR/MWh,FR,FR,day_ahead_price,value,2026-06-21T18:40:53Z
2026-06-21T18:40:01Z,2026-06-21T20:40:01+0200,c0299f87-b988-4d8b-a611-962c285e5a18,2026-06-16T13:15:00Z,2026-06-16T15:15:00+0200,30.0,EUR/MWh,FR,FR,day_ahead_price,value,2026-06-21T18:40:53Z
2026-06-21T18:40:01Z,2026-06-21T20:40:01+0200,c0299f87-b988-4d8b-a611-962c285e5a18,2026-06-16T13:30:00Z,2026-06-16T15:30:00+0200,33.75,EUR/MWh,FR,FR,day_ahead_price,value,2026-06-21T18:40:53Z
2026-06-21T18:40:01Z,2026-06-21T20:40:01+0200,c0299f87-b988-4d8b-a611-962c285e5a18,2026-06-16T13:45:00Z,2026-06-16T15:45:00+0200,34.7,EUR/MWh,FR,FR,day_ahead_price,value,2026-06-21T18:40:53Z
2026-06-21T18:40:01Z,2026-06-21T20:40:01+0200,c0299f87-b988-4d8b-a611-962c285e5a18,2026-06-16T14:00:00Z,2026-06-16T16:00:00+0200,36.47,EUR/MWh,FR,FR,day_ahead_price,value,2026-06-21T18:40:53Z
2026-06-21T18:40:01Z,2026-06-21T20:40:01+0200,c0299f87-b988-4d8b-a611-962c285e5a18,2026-06-16T14:15:00Z,2026-06-16T16:15:00+0200,40.1,EUR/MWh,FR,FR,day_ahead_price,value,2026-06-21T18:40:53Z
2026-06-21T18:40:01Z,2026-06-21T20:40:01+0200,c0299f87-b988-4d8b-a611-962c285e5a18,2026-06-16T14:30:00Z,2026-06-16T16:30:00+0200,50.0,EUR/MWh,FR,FR,day_ahead_price,value,2026-06-21T18:40:53Z
2026-06-21T18:40:01Z,2026-06-21T20:40:01+0200,c0299f87-b988-4d8b-a611-962c285e5a18,2026-06-16T14:45:00Z,2026-06-16T16:45:00+0200,58.13,EUR/MWh,FR,FR,day_ahead_price,value,2026-06-21T18:40:53Z
2026-06-21T18:40:01Z,2026-06-21T20:40:01+0200,c0299f87-b988-4d8b-a611-962c285e5a18,2026-06-16T15:00:00Z,2026-06-16T17:00:00+0200,55.0,EUR/MWh,FR,FR,day_ahead_price,value,2026-06-21T18:40:53Z
2026-06-21T18:40:01Z,2026-06-21T20:40:01+0200,c0299f87-b988-4d8b-a611-962c285e5a18,2026-06-16T15:15:00Z,2026-06-16T17:15:00+0200,60.0,EUR/MWh,FR,FR,day_ahead_price,value,2026-06-21T18:40:53Z
2026-06-21T18:40:01Z,2026-06-21T20:40:01+0200,c0299f87-b988-4d8b-a611-962c285e5a18,2026-06-16T15:30:00Z,2026-06-16T17:30:00+0200,64.55,EUR/MWh,FR,FR,day_ahead_price,value,2026-06-21T18:40:53Z
2026-06-21T18:40:01Z,2026-06-21T20:40:01+0200,c0299f87-b988-4d8b-a611-962c285e5a18,2026-06-16T15:45:00Z,2026-06-16T17:45:00+0200,78.44,EUR/MWh,FR,FR,day_ahead_price,value,2026-06-21T18:40:53Z
2026-06-21T18:40:01Z,2026-06-21T20:40:01+0200,c0299f87-b988-4d8b-a611-962c285e5a18,2026-06-16T16:00:00Z,2026-06-16T18:00:00+0200,82.49,EUR/MWh,FR,FR,day_ahead_price,value,2026-06-21T18:40:53Z
2026-06-21T18:40:01Z,2026-06-21T20:40:01+0200,c0299f87-b988-4d8b-a611-962c285e5a18,2026-06-16T16:15:00Z,2026-06-16T18:15:00+0200,90.0,EUR/MWh,FR,FR,day_ahead_price,value,2026-06-21T18:40:53Z
2026-06-21T18:40:01Z,2026-06-21T20:40:01+0200,c0299f87-b988-4d8b-a611-962c285e5a18,2026-06-16T16:30:00Z,2026-06-16T18:30:00+0200,104.0,EUR/MWh,FR,FR,day_ahead_price,value,2026-06-21T18:40:53Z
2026-06-21T18:40:01Z,2026-06-21T20:40:01+0200,c0299f87-b988-4d8b-a611-962c285e5a18,2026-06-16T16:45:00Z,2026-06-16T18:45:00+0200,132.1,EUR/MWh,FR,FR,day_ahead_price,value,2026-06-21T18:40:53Z
2026-06-21T18:40:01Z,2026-06-21T20:40:01+0200,c0299f87-b988-4d8b-a611-962c285e5a18,2026-06-16T17:00:00Z,2026-06-16T19:00:00+0200,117.08,EUR/MWh,FR,FR,day_ahead_price,value,2026-06-21T18:40:53Z
2026-06-21T18:40:01Z,2026-06-21T20:40:01+0200,c0299f87-b988-4d8b-a611-962c285e5a18,2026-06-16T17:15:00Z,2026-06-16T19:15:00+0200,122.36,EUR/MWh,FR,FR,day_ahead_price,value,2026-06-21T18:40:53Z
2026-06-21T18:40:01Z,2026-06-21T20:40:01+0200,c0299f87-b988-4d8b-a611-962c285e5a18,2026-06-16T17:30:00Z,2026-06-16T19:30:00+0200,149.03,EUR/MWh,FR,FR,day_ahead_price,value,2026-06-21T18:40:53Z
2026-06-21T18:40:01Z,2026-06-21T20:40:01+0200,c0299f87-b988-4d8b-a611-962c285e5a18,2026-06-16T17:45:00Z,2026-06-16T19:45:00+0200,168.13,EUR/MWh,FR,FR,day_ahead_price,value,2026-06-21T18:40:53Z
2026-06-21T18:40:01Z,2026-06-21T20:40:01+0200,c0299f87-b988-4d8b-a611-962c285e5a18,2026-06-16T18:00:00Z,2026-06-16T20:00:00+0200,126.89,EUR/MWh,FR,FR,day_ahead_price,value,2026-06-21T18:40:53Z
2026-06-21T18:40:01Z,2026-06-21T20:40:01+0200,c0299f87-b988-4d8b-a611-962c285e5a18,2026-06-16T18:15:00Z,2026-06-16T20:15:00+0200,129.59,EUR/MWh,FR,FR,day_ahead_price,value,2026-06-21T18:40:53Z
2026-06-21T18:40:01Z,2026-06-21T20:40:01+0200,c0299f87-b988-4d8b-a611-962c285e5a18,2026-06-16T18:30:00Z,2026-06-16T20:30:00+0200,158.56,EUR/MWh,FR,FR,day_ahead_price,value,2026-06-21T18:40:53Z
2026-06-21T18:40:01Z,2026-06-21T20:40:01+0200,c0299f87-b988-4d8b-a611-962c285e5a18,2026-06-16T18:45:00Z,2026-06-16T20:45:00+0200,150.96,EUR/MWh,FR,FR,day_ahead_price,value,2026-06-21T18:40:53Z
2026-06-21T18:40:01Z,2026-06-21T20:40:01+0200,c0299f87-b988-4d8b-a611-962c285e5a18,2026-06-16T19:00:00Z,2026-06-16T21:00:00+0200,139.03,EUR/MWh,FR,FR,day_ahead_price,value,2026-06-21T18:40:53Z
2026-06-21T18:40:01Z,2026-06-21T20:40:01+0200,c0299f87-b988-4d8b-a611-962c285e5a18,2026-06-16T19:15:00Z,2026-06-16T21:15:00+0200,148.72,EUR/MWh,FR,FR,day_ahead_price,value,2026-06-21T18:40:53Z
2026-06-21T18:40:01Z,2026-06-21T20:40:01+0200,c0299f87-b988-4d8b-a611-962c285e5a18,2026-06-16T19:30:00Z,2026-06-16T21:30:00+0200,158.19,EUR/MWh,FR,FR,day_ahead_price,value,2026-06-21T18:40:53Z
2026-06-21T18:40:01Z,2026-06-21T20:40:01+0200,c0299f87-b988-4d8b-a611-962c285e5a18,2026-06-16T19:45:00Z,2026-06-16T21:45:00+0200,153.65,EUR/MWh,FR,FR,day_ahead_price,value,2026-06-21T18:40:53Z
2026-06-21T18:40:01Z,2026-06-21T20:40:01+0200,c0299f87-b988-4d8b-a611-962c285e5a18,2026-06-16T20:00:00Z,2026-06-16T22:00:00+0200,159.16,EUR/MWh,FR,FR,day_ahead_price,value,2026-06-21T18:40:53Z
2026-06-21T18:40:01Z,2026-06-21T20:40:01+0200,c0299f87-b988-4d8b-a611-962c285e5a18,2026-06-16T20:15:00Z,2026-06-16T22:15:00+0200,154.49,EUR/MWh,FR,FR,day_ahead_price,value,2026-06-21T18:40:53Z
2026-06-21T18:40:01Z,2026-06-21T20:40:01+0200,c0299f87-b988-4d8b-a611-962c285e5a18,2026-06-16T20:30:00Z,2026-06-16T22:30:00+0200,153.99,EUR/MWh,FR,FR,day_ahead_price,value,2026-06-21T18:40:53Z
2026-06-21T18:40:01Z,2026-06-21T20:40:01+0200,c0299f87-b988-4d8b-a611-962c285e5a18,2026-06-16T20:45:00Z,2026-06-16T22:45:00+0200,145.28,EUR/MWh,FR,FR,day_ahead_price,value,2026-06-21T18:40:53Z
2026-06-21T18:40:01Z,2026-06-21T20:40:01+0200,c0299f87-b988-4d8b-a611-962c285e5a18,2026-06-16T21:00:00Z,2026-06-16T23:00:00+0200,148.94,EUR/MWh,FR,FR,day_ahead_price,value,2026-06-21T18:40:53Z
2026-06-21T18:40:01Z,2026-06-21T20:40:01+0200,c0299f87-b988-4d8b-a611-962c285e5a18,2026-06-16T21:15:00Z,2026-06-16T23:15:00+0200,139.63,EUR/MWh,FR,FR,day_ahead_price,value,2026-06-21T18:40:53Z
2026-06-21T18:40:01Z,2026-06-21T20:40:01+0200,c0299f87-b988-4d8b-a611-962c285e5a18,2026-06-16T21:30:00Z,2026-06-16T23:30:00+0200,136.87,EUR/MWh,FR,FR,day_ahead_price,value,2026-06-21T18:40:53Z
2026-06-21T18:40:01Z,2026-06-21T20:40:01+0200,c0299f87-b988-4d8b-a611-962c285e5a18,2026-06-16T21:45:00Z,2026-06-16T23:45:00+0200,132.54,EUR/MWh,FR,FR,day_ahead_price,value,2026-06-21T18:40:53Z
2026-06-21T18:40:01Z,2026-06-21T20:40:01+0200,c0299f87-b988-4d8b-a611-962c285e5a18,2026-06-16T22:00:00Z,2026-06-17T00:00:00+0200,142.54,EUR/MWh,FR,FR,day_ahead_price,value,2026-06-21T18:40:53Z
2026-06-21T18:40:01Z,2026-06-21T20:40:01+0200,c0299f87-b988-4d8b-a611-962c285e5a18,2026-06-16T22:15:00Z,2026-06-17T00:15:00+0200,132.67,EUR/MWh,FR,FR,day_ahead_price,value,2026-06-21T18:40:53Z
2026-06-21T18:40:01Z,2026-06-21T20:40:01+0200,c0299f87-b988-4d8b-a611-962c285e5a18,2026-06-16T22:30:00Z,2026-06-17T00:30:00+0200,129.0,EUR/MWh,FR,FR,day_ahead_price,value,2026-06-21T18:40:53Z
2026-06-21T18:40:01Z,2026-06-21T20:40:01+0200,c0299f87-b988-4d8b-a611-962c285e5a18,2026-06-16T22:45:00Z,2026-06-17T00:45:00+0200,127.4,EUR/MWh,FR,FR,day_ahead_price,value,2026-06-21T18:40:53Z
2026-06-21T18:40:01Z,2026-06-21T20:40:01+0200,c0299f87-b988-4d8b-a611-962c285e5a18,2026-06-16T23:00:00Z,2026-06-17T01:00:00+0200,127.84,EUR/MWh,FR,FR,day_ahead_price,value,2026-06-21T18:40:53Z
2026-06-21T18:40:01Z,2026-06-21T20:40:01+0200,c0299f87-b988-4d8b-a611-962c285e5a18,2026-06-16T23:15:00Z,2026-06-17T01:15:00+0200,126.49,EUR/MWh,FR,FR,day_ahead_price,value,2026-06-21T18:40:53Z
2026-06-21T18:40:01Z,2026-06-21T20:40:01+0200,c0299f87-b988-4d8b-a611-962c285e5a18,2026-06-16T23:30:00Z,2026-06-17T01:30:00+0200,126.26,EUR/MWh,FR,FR,day_ahead_price,value,2026-06-21T18:40:53Z
2026-06-21T18:40:01Z,2026-06-21T20:40:01+0200,c0299f87-b988-4d8b-a611-962c285e5a18,2026-06-16T23:45:00Z,2026-06-17T01:45:00+0200,126.17,EUR/MWh,FR,FR,day_ahead_price,value,2026-06-21T18:40:53Z
2026-06-21T18:40:01Z,2026-06-21T20:40:01+0200,c0299f87-b988-4d8b-a611-962c285e5a18,2026-06-17T00:00:00Z,2026-06-17T02:00:00+0200,126.26,EUR/MWh,FR,FR,day_ahead_price,value,2026-06-21T18:40:53Z
2026-06-21T18:40:01Z,2026-06-21T20:40:01+0200,c0299f87-b988-4d8b-a611-962c285e5a18,2026-06-17T00:15:00Z,2026-06-17T02:15:00+0200,125.26,EUR/MWh,FR,FR,day_ahead_price,value,2026-06-21T18:40:53Z
2026-06-21T18:40:01Z,2026-06-21T20:40:01+0200,c0299f87-b988-4d8b-a611-962c285e5a18,2026-06-17T00:30:00Z,2026-06-17T02:30:00+0200,124.67,EUR/MWh,FR,FR,day_ahead_price,value,2026-06-21T18:40:53Z
2026-06-21T18:40:01Z,2026-06-21T20:40:01+0200,c0299f87-b988-4d8b-a611-962c285e5a18,2026-06-17T00:45:00Z,2026-06-17T02:45:00+0200,118.92,EUR/MWh,FR,FR,day_ahead_price,value,2026-06-21T18:40:53Z
2026-06-21T18:40:01Z,2026-06-21T20:40:01+0200,c0299f87-b988-4d8b-a611-962c285e5a18,2026-06-17T01:00:00Z,2026-06-17T03:00:00+0200,124.67,EUR/MWh,FR,FR,day_ahead_price,value,2026-06-21T18:40:53Z
2026-06-21T18:40:01Z,2026-06-21T20:40:01+0200,c0299f87-b988-4d8b-a611-962c285e5a18,2026-06-17T01:15:00Z,2026-06-17T03:15:00+0200,123.1,EUR/MWh,FR,FR,day_ahead_price,value,2026-06-21T18:40:53Z
2026-06-21T18:40:01Z,2026-06-21T20:40:01+0200,c0299f87-b988-4d8b-a611-962c285e5a18,2026-06-17T01:30:00Z,2026-06-17T03:30:00+0200,118.07,EUR/MWh,FR,FR,day_ahead_price,value,2026-06-21T18:40:53Z
2026-06-21T18:40:01Z,2026-06-21T20:40:01+0200,c0299f87-b988-4d8b-a611-962c285e5a18,2026-06-17T01:45:00Z,2026-06-17T03:45:00+0200,115.71,EUR/MWh,FR,FR,day_ahead_price,value,2026-06-21T18:40:53Z
2026-06-21T18:40:01Z,2026-06-21T20:40:01+0200,c0299f87-b988-4d8b-a611-962c285e5a18,2026-06-17T02:00:00Z,2026-06-17T04:00:00+0200,121.71,EUR/MWh,FR,FR,day_ahead_price,value,2026-06-21T18:40:53Z
2026-06-21T18:40:01Z,2026-06-21T20:40:01+0200,c0299f87-b988-4d8b-a611-962c285e5a18,2026-06-17T02:15:00Z,2026-06-17T04:15:00+0200,110.98,EUR/MWh,FR,FR,day_ahead_price,value,2026-06-21T18:40:53Z
2026-06-21T18:40:01Z,2026-06-21T20:40:01+0200,c0299f87-b988-4d8b-a611-962c285e5a18,2026-06-17T02:30:00Z,2026-06-17T04:30:00+0200,116.05,EUR/MWh,FR,FR,day_ahead_price,value,2026-06-21T18:40:53Z
2026-06-21T18:40:01Z,2026-06-21T20:40:01+0200,c0299f87-b988-4d8b-a611-962c285e5a18,2026-06-17T02:45:00Z,2026-06-17T04:45:00+0200,120.2,EUR/MWh,FR,FR,day_ahead_price,value,2026-06-21T18:40:53Z
2026-06-21T18:40:01Z,2026-06-21T20:40:01+0200,c0299f87-b988-4d8b-a611-962c285e5a18,2026-06-17T03:00:00Z,2026-06-17T05:00:00+0200,112.71,EUR/MWh,FR,FR,day_ahead_price,value,2026-06-21T18:40:53Z
2026-06-21T18:40:01Z,2026-06-21T20:40:01+0200,c0299f87-b988-4d8b-a611-962c285e5a18,2026-06-17T03:15:00Z,2026-06-17T05:15:00+0200,123.1,EUR/MWh,FR,FR,day_ahead_price,value,2026-06-21T18:40:53Z
2026-06-21T18:40:01Z,2026-06-21T20:40:01+0200,c0299f87-b988-4d8b-a611-962c285e5a18,2026-06-17T03:30:00Z,2026-06-17T05:30:00+0200,124.67,EUR/MWh,FR,FR,day_ahead_price,value,2026-06-21T18:40:53Z
2026-06-21T18:40:01Z,2026-06-21T20:40:01+0200,c0299f87-b988-4d8b-a611-962c285e5a18,2026-06-17T03:45:00Z,2026-06-17T05:45:00+0200,125.02,EUR/MWh,FR,FR,day_ahead_price,value,2026-06-21T18:40:53Z
2026-06-21T18:40:01Z,2026-06-21T20:40:01+0200,c0299f87-b988-4d8b-a611-962c285e5a18,2026-06-17T04:00:00Z,2026-06-17T06:00:00+0200,103.87,EUR/MWh,FR,FR,day_ahead_price,value,2026-06-21T18:40:53Z
2026-06-21T18:40:01Z,2026-06-21T20:40:01+0200,c0299f87-b988-4d8b-a611-962c285e5a18,2026-06-17T04:15:00Z,2026-06-17T06:15:00+0200,110.0,EUR/MWh,FR,FR,day_ahead_price,value,2026-06-21T18:40:53Z
2026-06-21T18:40:01Z,2026-06-21T20:40:01+0200,c0299f87-b988-4d8b-a611-962c285e5a18,2026-06-17T04:30:00Z,2026-06-17T06:30:00+0200,124.72,EUR/MWh,FR,FR,day_ahead_price,value,2026-06-21T18:40:53Z
2026-06-21T18:40:01Z,2026-06-21T20:40:01+0200,c0299f87-b988-4d8b-a611-962c285e5a18,2026-06-17T04:45:00Z,2026-06-17T06:45:00+0200,126.6,EUR/MWh,FR,FR,day_ahead_price,value,2026-06-21T18:40:53Z
2026-06-21T18:40:01Z,2026-06-21T20:40:01+0200,c0299f87-b988-4d8b-a611-962c285e5a18,2026-06-17T05:00:00Z,2026-06-17T07:00:00+0200,115.84,EUR/MWh,FR,FR,day_ahead_price,value,2026-06-21T18:40:53Z
2026-06-21T18:40:01Z,2026-06-21T20:40:01+0200,c0299f87-b988-4d8b-a611-962c285e5a18,2026-06-17T05:15:00Z,2026-06-17T07:15:00+0200,122.26,EUR/MWh,FR,FR,day_ahead_price,value,2026-06-21T18:40:53Z
2026-06-21T18:40:01Z,2026-06-21T20:40:01+0200,c0299f87-b988-4d8b-a611-962c285e5a18,2026-06-17T05:30:00Z,2026-06-17T07:30:00+0200,116.0,EUR/MWh,FR,FR,day_ahead_price,value,2026-06-21T18:40:53Z
2026-06-21T18:40:01Z,2026-06-21T20:40:01+0200,c0299f87-b988-4d8b-a611-962c285e5a18,2026-06-17T05:45:00Z,2026-06-17T07:45:00+0200,106.85,EUR/MWh,FR,FR,day_ahead_price,value,2026-06-21T18:40:53Z
2026-06-21T18:40:01Z,2026-06-21T20:40:01+0200,c0299f87-b988-4d8b-a611-962c285e5a18,2026-06-17T06:00:00Z,2026-06-17T08:00:00+0200,125.26,EUR/MWh,FR,FR,day_ahead_price,value,2026-06-21T18:40:53Z
2026-06-21T18:40:01Z,2026-06-21T20:40:01+0200,c0299f87-b988-4d8b-a611-962c285e5a18,2026-06-17T06:15:00Z,2026-06-17T08:15:00+0200,113.0,EUR/MWh,FR,FR,day_ahead_price,value,2026-06-21T18:40:53Z
2026-06-21T18:40:01Z,2026-06-21T20:40:01+0200,c0299f87-b988-4d8b-a611-962c285e5a18,2026-06-17T06:30:00Z,2026-06-17T08:30:00+0200,97.85,EUR/MWh,FR,FR,day_ahead_price,value,2026-06-21T18:40:53Z
2026-06-21T18:40:01Z,2026-06-21T20:40:01+0200,c0299f87-b988-4d8b-a611-962c285e5a18,2026-06-17T06:45:00Z,2026-06-17T08:45:00+0200,82.49,EUR/MWh,FR,FR,day_ahead_price,value,2026-06-21T18:40:53Z
2026-06-21T18:40:01Z,2026-06-21T20:40:01+0200,c0299f87-b988-4d8b-a611-962c285e5a18,2026-06-17T07:00:00Z,2026-06-17T09:00:00+0200,119.3,EUR/MWh,FR,FR,day_ahead_price,value,2026-06-21T18:40:53Z
2026-06-21T18:40:01Z,2026-06-21T20:40:01+0200,c0299f87-b988-4d8b-a611-962c285e5a18,2026-06-17T07:15:00Z,2026-06-17T09:15:00+0200,97.92,EUR/MWh,FR,FR,day_ahead_price,value,2026-06-21T18:40:53Z
2026-06-21T18:40:01Z,2026-06-21T20:40:01+0200,c0299f87-b988-4d8b-a611-962c285e5a18,2026-06-17T07:30:00Z,2026-06-17T09:30:00+0200,74.7,EUR/MWh,FR,FR,day_ahead_price,value,2026-06-21T18:40:53Z
2026-06-21T18:40:01Z,2026-06-21T20:40:01+0200,c0299f87-b988-4d8b-a611-962c285e5a18,2026-06-17T07:45:00Z,2026-06-17T09:45:00+0200,68.88,EUR/MWh,FR,FR,day_ahead_price,value,2026-06-21T18:40:53Z
2026-06-21T18:40:01Z,2026-06-21T20:40:01+0200,c0299f87-b988-4d8b-a611-962c285e5a18,2026-06-17T08:00:00Z,2026-06-17T10:00:00+0200,74.81,EUR/MWh,FR,FR,day_ahead_price,value,2026-06-21T18:40:53Z
2026-06-21T18:40:01Z,2026-06-21T20:40:01+0200,c0299f87-b988-4d8b-a611-962c285e5a18,2026-06-17T08:15:00Z,2026-06-17T10:15:00+0200,65.0,EUR/MWh,FR,FR,day_ahead_price,value,2026-06-21T18:40:53Z
2026-06-21T18:40:01Z,2026-06-21T20:40:01+0200,c0299f87-b988-4d8b-a611-962c285e5a18,2026-06-17T08:30:00Z,2026-06-17T10:30:00+0200,57.0,EUR/MWh,FR,FR,day_ahead_price,value,2026-06-21T18:40:53Z
2026-06-21T18:40:01Z,2026-06-21T20:40:01+0200,c0299f87-b988-4d8b-a611-962c285e5a18,2026-06-17T08:45:00Z,2026-06-17T10:45:00+0200,50.51,EUR/MWh,FR,FR,day_ahead_price,value,2026-06-21T18:40:53Z
2026-06-21T18:40:01Z,2026-06-21T20:40:01+0200,c0299f87-b988-4d8b-a611-962c285e5a18,2026-06-17T09:00:00Z,2026-06-17T11:00:00+0200,60.56,EUR/MWh,FR,FR,day_ahead_price,value,2026-06-21T18:40:53Z
2026-06-21T18:40:01Z,2026-06-21T20:40:01+0200,c0299f87-b988-4d8b-a611-962c285e5a18,2026-06-17T09:15:00Z,2026-06-17T11:15:00+0200,51.6,EUR/MWh,FR,FR,day_ahead_price,value,2026-06-21T18:40:53Z
2026-06-21T18:40:01Z,2026-06-21T20:40:01+0200,c0299f87-b988-4d8b-a611-962c285e5a18,2026-06-17T09:30:00Z,2026-06-17T11:30:00+0200,48.5,EUR/MWh,FR,FR,day_ahead_price,value,2026-06-21T18:40:53Z
2026-06-21T18:40:01Z,2026-06-21T20:40:01+0200,c0299f87-b988-4d8b-a611-962c285e5a18,2026-06-17T09:45:00Z,2026-06-17T11:45:00+0200,38.7,EUR/MWh,FR,FR,day_ahead_price,value,2026-06-21T18:40:53Z
2026-06-21T18:40:01Z,2026-06-21T20:40:01+0200,c0299f87-b988-4d8b-a611-962c285e5a18,2026-06-17T10:00:00Z,2026-06-17T12:00:00+0200,54.16,EUR/MWh,FR,FR,day_ahead_price,value,2026-06-21T18:40:53Z
2026-06-21T18:40:01Z,2026-06-21T20:40:01+0200,c0299f87-b988-4d8b-a611-962c285e5a18,2026-06-17T10:15:00Z,2026-06-17T12:15:00+0200,40.9,EUR/MWh,FR,FR,day_ahead_price,value,2026-06-21T18:40:53Z
2026-06-21T18:40:01Z,2026-06-21T20:40:01+0200,c0299f87-b988-4d8b-a611-962c285e5a18,2026-06-17T10:30:00Z,2026-06-17T12:30:00+0200,46.17,EUR/MWh,FR,FR,day_ahead_price,value,2026-06-21T18:40:53Z
2026-06-21T18:40:01Z,2026-06-21T20:40:01+0200,c0299f87-b988-4d8b-a611-962c285e5a18,2026-06-17T10:45:00Z,2026-06-17T12:45:00+0200,25.0,EUR/MWh,FR,FR,day_ahead_price,value,2026-06-21T18:40:53Z
2026-06-21T18:40:01Z,2026-06-21T20:40:01+0200,c0299f87-b988-4d8b-a611-962c285e5a18,2026-06-17T11:00:00Z,2026-06-17T13:00:00+0200,14.1,EUR/MWh,FR,FR,day_ahead_price,value,2026-06-21T18:40:53Z
2026-06-21T18:40:01Z,2026-06-21T20:40:01+0200,c0299f87-b988-4d8b-a611-962c285e5a18,2026-06-17T11:15:00Z,2026-06-17T13:15:00+0200,11.93,EUR/MWh,FR,FR,day_ahead_price,value,2026-06-21T18:40:53Z
2026-06-21T18:40:01Z,2026-06-21T20:40:01+0200,c0299f87-b988-4d8b-a611-962c285e5a18,2026-06-17T11:30:00Z,2026-06-17T13:30:00+0200,5.27,EUR/MWh,FR,FR,day_ahead_price,value,2026-06-21T18:40:53Z
2026-06-21T18:40:01Z,2026-06-21T20:40:01+0200,c0299f87-b988-4d8b-a611-962c285e5a18,2026-06-17T11:45:00Z,2026-06-17T13:45:00+0200,4.1,EUR/MWh,FR,FR,day_ahead_price,value,2026-06-21T18:40:53Z
2026-06-21T18:40:01Z,2026-06-21T20:40:01+0200,c0299f87-b988-4d8b-a611-962c285e5a18,2026-06-17T12:00:00Z,2026-06-17T14:00:00+0200,27.18,EUR/MWh,FR,FR,day_ahead_price,value,2026-06-21T18:40:53Z
2026-06-21T18:40:01Z,2026-06-21T20:40:01+0200,c0299f87-b988-4d8b-a611-962c285e5a18,2026-06-17T12:15:00Z,2026-06-17T14:15:00+0200,35.46,EUR/MWh,FR,FR,day_ahead_price,value,2026-06-21T18:40:53Z
2026-06-21T18:40:01Z,2026-06-21T20:40:01+0200,c0299f87-b988-4d8b-a611-962c285e5a18,2026-06-17T12:30:00Z,2026-06-17T14:30:00+0200,31.0,EUR/MWh,FR,FR,day_ahead_price,value,2026-06-21T18:40:53Z
2026-06-21T18:40:01Z,2026-06-21T20:40:01+0200,c0299f87-b988-4d8b-a611-962c285e5a18,2026-06-17T12:45:00Z,2026-06-17T14:45:00+0200,25.81,EUR/MWh,FR,FR,day_ahead_price,value,2026-06-21T18:40:53Z
2026-06-21T18:40:01Z,2026-06-21T20:40:01+0200,c0299f87-b988-4d8b-a611-962c285e5a18,2026-06-17T13:00:00Z,2026-06-17T15:00:00+0200,35.99,EUR/MWh,FR,FR,day_ahead_price,value,2026-06-21T18:40:53Z
2026-06-21T18:40:01Z,2026-06-21T20:40:01+0200,c0299f87-b988-4d8b-a611-962c285e5a18,2026-06-17T13:15:00Z,2026-06-17T15:15:00+0200,45.13,EUR/MWh,FR,FR,day_ahead_price,value,2026-06-21T18:40:53Z
2026-06-21T18:40:01Z,2026-06-21T20:40:01+0200,c0299f87-b988-4d8b-a611-962c285e5a18,2026-06-17T13:30:00Z,2026-06-17T15:30:00+0200,34.6,EUR/MWh,FR,FR,day_ahead_price,value,2026-06-21T18:40:53Z
2026-06-21T18:40:01Z,2026-06-21T20:40:01+0200,c0299f87-b988-4d8b-a611-962c285e5a18,2026-06-17T13:45:00Z,2026-06-17T15:45:00+0200,45.22,EUR/MWh,FR,FR,day_ahead_price,value,2026-06-21T18:40:53Z
2026-06-21T18:40:01Z,2026-06-21T20:40:01+0200,c0299f87-b988-4d8b-a611-962c285e5a18,2026-06-17T14:00:00Z,2026-06-17T16:00:00+0200,44.55,EUR/MWh,FR,FR,day_ahead_price,value,2026-06-21T18:40:53Z
2026-06-21T18:40:01Z,2026-06-21T20:40:01+0200,c0299f87-b988-4d8b-a611-962c285e5a18,2026-06-17T14:15:00Z,2026-06-17T16:15:00+0200,49.0,EUR/MWh,FR,FR,day_ahead_price,value,2026-06-21T18:40:53Z
2026-06-21T18:40:01Z,2026-06-21T20:40:01+0200,c0299f87-b988-4d8b-a611-962c285e5a18,2026-06-17T14:30:00Z,2026-06-17T16:30:00+0200,50.0,EUR/MWh,FR,FR,day_ahead_price,value,2026-06-21T18:40:53Z
2026-06-21T18:40:01Z,2026-06-21T20:40:01+0200,c0299f87-b988-4d8b-a611-962c285e5a18,2026-06-17T14:45:00Z,2026-06-17T16:45:00+0200,67.61,EUR/MWh,FR,FR,day_ahead_price,value,2026-06-21T18:40:53Z
2026-06-21T18:40:01Z,2026-06-21T20:40:01+0200,c0299f87-b988-4d8b-a611-962c285e5a18,2026-06-17T15:00:00Z,2026-06-17T17:00:00+0200,62.88,EUR/MWh,FR,FR,day_ahead_price,value,2026-06-21T18:40:53Z
2026-06-21T18:40:01Z,2026-06-21T20:40:01+0200,c0299f87-b988-4d8b-a611-962c285e5a18,2026-06-17T15:15:00Z,2026-06-17T17:15:00+0200,69.15,EUR/MWh,FR,FR,day_ahead_price,value,2026-06-21T18:40:53Z
2026-06-21T18:40:01Z,2026-06-21T20:40:01+0200,c0299f87-b988-4d8b-a611-962c285e5a18,2026-06-17T15:30:00Z,2026-06-17T17:30:00+0200,84.64,EUR/MWh,FR,FR,day_ahead_price,value,2026-06-21T18:40:53Z
2026-06-21T18:40:01Z,2026-06-21T20:40:01+0200,c0299f87-b988-4d8b-a611-962c285e5a18,2026-06-17T15:45:00Z,2026-06-17T17:45:00+0200,120.28,EUR/MWh,FR,FR,day_ahead_price,value,2026-06-21T18:40:53Z
2026-06-21T18:40:01Z,2026-06-21T20:40:01+0200,c0299f87-b988-4d8b-a611-962c285e5a18,2026-06-17T16:00:00Z,2026-06-17T18:00:00+0200,74.55,EUR/MWh,FR,FR,day_ahead_price,value,2026-06-21T18:40:53Z
2026-06-21T18:40:01Z,2026-06-21T20:40:01+0200,c0299f87-b988-4d8b-a611-962c285e5a18,2026-06-17T16:15:00Z,2026-06-17T18:15:00+0200,112.26,EUR/MWh,FR,FR,day_ahead_price,value,2026-06-21T18:40:53Z
2026-06-21T18:40:01Z,2026-06-21T20:40:01+0200,c0299f87-b988-4d8b-a611-962c285e5a18,2026-06-17T16:30:00Z,2026-06-17T18:30:00+0200,124.96,EUR/MWh,FR,FR,day_ahead_price,value,2026-06-21T18:40:53Z
2026-06-21T18:40:01Z,2026-06-21T20:40:01+0200,c0299f87-b988-4d8b-a611-962c285e5a18,2026-06-17T16:45:00Z,2026-06-17T18:45:00+0200,134.69,EUR/MWh,FR,FR,day_ahead_price,value,2026-06-21T18:40:53Z
2026-06-21T18:40:01Z,2026-06-21T20:40:01+0200,c0299f87-b988-4d8b-a611-962c285e5a18,2026-06-17T17:00:00Z,2026-06-17T19:00:00+0200,103.35,EUR/MWh,FR,FR,day_ahead_price,value,2026-06-21T18:40:53Z
2026-06-21T18:40:01Z,2026-06-21T20:40:01+0200,c0299f87-b988-4d8b-a611-962c285e5a18,2026-06-17T17:15:00Z,2026-06-17T19:15:00+0200,127.74,EUR/MWh,FR,FR,day_ahead_price,value,2026-06-21T18:40:53Z
2026-06-21T18:40:01Z,2026-06-21T20:40:01+0200,c0299f87-b988-4d8b-a611-962c285e5a18,2026-06-17T17:30:00Z,2026-06-17T19:30:00+0200,145.3,EUR/MWh,FR,FR,day_ahead_price,value,2026-06-21T18:40:53Z
2026-06-21T18:40:01Z,2026-06-21T20:40:01+0200,c0299f87-b988-4d8b-a611-962c285e5a18,2026-06-17T17:45:00Z,2026-06-17T19:45:00+0200,155.59,EUR/MWh,FR,FR,day_ahead_price,value,2026-06-21T18:40:53Z
2026-06-21T18:40:01Z,2026-06-21T20:40:01+0200,c0299f87-b988-4d8b-a611-962c285e5a18,2026-06-17T18:00:00Z,2026-06-17T20:00:00+0200,134.54,EUR/MWh,FR,FR,day_ahead_price,value,2026-06-21T18:40:53Z
2026-06-21T18:40:01Z,2026-06-21T20:40:01+0200,c0299f87-b988-4d8b-a611-962c285e5a18,2026-06-17T18:15:00Z,2026-06-17T20:15:00+0200,140.01,EUR/MWh,FR,FR,day_ahead_price,value,2026-06-21T18:40:53Z
2026-06-21T18:40:01Z,2026-06-21T20:40:01+0200,c0299f87-b988-4d8b-a611-962c285e5a18,2026-06-17T18:30:00Z,2026-06-17T20:30:00+0200,139.56,EUR/MWh,FR,FR,day_ahead_price,value,2026-06-21T18:40:53Z
2026-06-21T18:40:01Z,2026-06-21T20:40:01+0200,c0299f87-b988-4d8b-a611-962c285e5a18,2026-06-17T18:45:00Z,2026-06-17T20:45:00+0200,148.21,EUR/MWh,FR,FR,day_ahead_price,value,2026-06-21T18:40:53Z
2026-06-21T18:40:01Z,2026-06-21T20:40:01+0200,c0299f87-b988-4d8b-a611-962c285e5a18,2026-06-17T19:00:00Z,2026-06-17T21:00:00+0200,144.03,EUR/MWh,FR,FR,day_ahead_price,value,2026-06-21T18:40:53Z
2026-06-21T18:40:01Z,2026-06-21T20:40:01+0200,c0299f87-b988-4d8b-a611-962c285e5a18,2026-06-17T19:15:00Z,2026-06-17T21:15:00+0200,150.96,EUR/MWh,FR,FR,day_ahead_price,value,2026-06-21T18:40:53Z
2026-06-21T18:40:01Z,2026-06-21T20:40:01+0200,c0299f87-b988-4d8b-a611-962c285e5a18,2026-06-17T19:30:00Z,2026-06-17T21:30:00+0200,158.02,EUR/MWh,FR,FR,day_ahead_price,value,2026-06-21T18:40:53Z
2026-06-21T18:40:01Z,2026-06-21T20:40:01+0200,c0299f87-b988-4d8b-a611-962c285e5a18,2026-06-17T19:45:00Z,2026-06-17T21:45:00+0200,150.96,EUR/MWh,FR,FR,day_ahead_price,value,2026-06-21T18:40:53Z
2026-06-21T18:40:01Z,2026-06-21T20:40:01+0200,c0299f87-b988-4d8b-a611-962c285e5a18,2026-06-17T20:00:00Z,2026-06-17T22:00:00+0200,157.13,EUR/MWh,FR,FR,day_ahead_price,value,2026-06-21T18:40:53Z
2026-06-21T18:40:01Z,2026-06-21T20:40:01+0200,c0299f87-b988-4d8b-a611-962c285e5a18,2026-06-17T20:15:00Z,2026-06-17T22:15:00+0200,148.94,EUR/MWh,FR,FR,day_ahead_price,value,2026-06-21T18:40:53Z
2026-06-21T18:40:01Z,2026-06-21T20:40:01+0200,c0299f87-b988-4d8b-a611-962c285e5a18,2026-06-17T20:30:00Z,2026-06-17T22:30:00+0200,154.54,EUR/MWh,FR,FR,day_ahead_price,value,2026-06-21T18:40:53Z
2026-06-21T18:40:01Z,2026-06-21T20:40:01+0200,c0299f87-b988-4d8b-a611-962c285e5a18,2026-06-17T20:45:00Z,2026-06-17T22:45:00+0200,145.35,EUR/MWh,FR,FR,day_ahead_price,value,2026-06-21T18:40:53Z
2026-06-21T18:40:01Z,2026-06-21T20:40:01+0200,c0299f87-b988-4d8b-a611-962c285e5a18,2026-06-17T21:00:00Z,2026-06-17T23:00:00+0200,143.01,EUR/MWh,FR,FR,day_ahead_price,value,2026-06-21T18:40:53Z
2026-06-21T18:40:01Z,2026-06-21T20:40:01+0200,c0299f87-b988-4d8b-a611-962c285e5a18,2026-06-17T21:15:00Z,2026-06-17T23:15:00+0200,132.67,EUR/MWh,FR,FR,day_ahead_price,value,2026-06-21T18:40:53Z
2026-06-21T18:40:01Z,2026-06-21T20:40:01+0200,c0299f87-b988-4d8b-a611-962c285e5a18,2026-06-17T21:30:00Z,2026-06-17T23:30:00+0200,132.67,EUR/MWh,FR,FR,day_ahead_price,value,2026-06-21T18:40:53Z
2026-06-21T18:40:01Z,2026-06-21T20:40:01+0200,c0299f87-b988-4d8b-a611-962c285e5a18,2026-06-17T21:45:00Z,2026-06-17T23:45:00+0200,128.17,EUR/MWh,FR,FR,day_ahead_price,value,2026-06-21T18:40:53Z
2026-06-21T18:40:01Z,2026-06-21T20:40:01+0200,c0299f87-b988-4d8b-a611-962c285e5a18,2026-06-17T22:00:00Z,2026-06-18T00:00:00+0200,128.13,EUR/MWh,FR,FR,day_ahead_price,value,2026-06-21T18:40:53Z
2026-06-21T18:40:01Z,2026-06-21T20:40:01+0200,c0299f87-b988-4d8b-a611-962c285e5a18,2026-06-17T22:15:00Z,2026-06-18T00:15:00+0200,126.76,EUR/MWh,FR,FR,day_ahead_price,value,2026-06-21T18:40:53Z
2026-06-21T18:40:01Z,2026-06-21T20:40:01+0200,c0299f87-b988-4d8b-a611-962c285e5a18,2026-06-17T22:30:00Z,2026-06-18T00:30:00+0200,125.0,EUR/MWh,FR,FR,day_ahead_price,value,2026-06-21T18:40:53Z
2026-06-21T18:40:01Z,2026-06-21T20:40:01+0200,c0299f87-b988-4d8b-a611-962c285e5a18,2026-06-17T22:45:00Z,2026-06-18T00:45:00+0200,103.51,EUR/MWh,FR,FR,day_ahead_price,value,2026-06-21T18:40:53Z
2026-06-21T18:40:01Z,2026-06-21T20:40:01+0200,c0299f87-b988-4d8b-a611-962c285e5a18,2026-06-17T23:00:00Z,2026-06-18T01:00:00+0200,119.09,EUR/MWh,FR,FR,day_ahead_price,value,2026-06-21T18:40:53Z
2026-06-21T18:40:01Z,2026-06-21T20:40:01+0200,c0299f87-b988-4d8b-a611-962c285e5a18,2026-06-17T23:15:00Z,2026-06-18T01:15:00+0200,112.95,EUR/MWh,FR,FR,day_ahead_price,value,2026-06-21T18:40:53Z
2026-06-21T18:40:01Z,2026-06-21T20:40:01+0200,c0299f87-b988-4d8b-a611-962c285e5a18,2026-06-17T23:30:00Z,2026-06-18T01:30:00+0200,119.2,EUR/MWh,FR,FR,day_ahead_price,value,2026-06-21T18:40:53Z
2026-06-21T18:40:01Z,2026-06-21T20:40:01+0200,c0299f87-b988-4d8b-a611-962c285e5a18,2026-06-17T23:45:00Z,2026-06-18T01:45:00+0200,114.68,EUR/MWh,FR,FR,day_ahead_price,value,2026-06-21T18:40:53Z
2026-06-21T18:40:01Z,2026-06-21T20:40:01+0200,c0299f87-b988-4d8b-a611-962c285e5a18,2026-06-18T00:00:00Z,2026-06-18T02:00:00+0200,123.1,EUR/MWh,FR,FR,day_ahead_price,value,2026-06-21T18:40:53Z
2026-06-21T18:40:01Z,2026-06-21T20:40:01+0200,c0299f87-b988-4d8b-a611-962c285e5a18,2026-06-18T00:15:00Z,2026-06-18T02:15:00+0200,114.2,EUR/MWh,FR,FR,day_ahead_price,value,2026-06-21T18:40:53Z
2026-06-21T18:40:01Z,2026-06-21T20:40:01+0200,c0299f87-b988-4d8b-a611-962c285e5a18,2026-06-18T00:30:00Z,2026-06-18T02:30:00+0200,111.69,EUR/MWh,FR,FR,day_ahead_price,value,2026-06-21T18:40:53Z
2026-06-21T18:40:01Z,2026-06-21T20:40:01+0200,c0299f87-b988-4d8b-a611-962c285e5a18,2026-06-18T00:45:00Z,2026-06-18T02:45:00+0200,98.49,EUR/MWh,FR,FR,day_ahead_price,value,2026-06-21T18:40:53Z
2026-06-21T18:40:01Z,2026-06-21T20:40:01+0200,c0299f87-b988-4d8b-a611-962c285e5a18,2026-06-18T01:00:00Z,2026-06-18T03:00:00+0200,111.62,EUR/MWh,FR,FR,day_ahead_price,value,2026-06-21T18:40:53Z
2026-06-21T18:40:01Z,2026-06-21T20:40:01+0200,c0299f87-b988-4d8b-a611-962c285e5a18,2026-06-18T01:15:00Z,2026-06-18T03:15:00+0200,92.84,EUR/MWh,FR,FR,day_ahead_price,value,2026-06-21T18:40:53Z
2026-06-21T18:40:01Z,2026-06-21T20:40:01+0200,c0299f87-b988-4d8b-a611-962c285e5a18,2026-06-18T01:30:00Z,2026-06-18T03:30:00+0200,93.92,EUR/MWh,FR,FR,day_ahead_price,value,2026-06-21T18:40:53Z
2026-06-21T18:40:01Z,2026-06-21T20:40:01+0200,c0299f87-b988-4d8b-a611-962c285e5a18,2026-06-18T01:45:00Z,2026-06-18T03:45:00+0200,95.03,EUR/MWh,FR,FR,day_ahead_price,value,2026-06-21T18:40:53Z
2026-06-21T18:40:01Z,2026-06-21T20:40:01+0200,c0299f87-b988-4d8b-a611-962c285e5a18,2026-06-18T02:00:00Z,2026-06-18T04:00:00+0200,103.17,EUR/MWh,FR,FR,day_ahead_price,value,2026-06-21T18:40:53Z
2026-06-21T18:40:01Z,2026-06-21T20:40:01+0200,c0299f87-b988-4d8b-a611-962c285e5a18,2026-06-18T02:15:00Z,2026-06-18T04:15:00+0200,92.03,EUR/MWh,FR,FR,day_ahead_price,value,2026-06-21T18:40:53Z
2026-06-21T18:40:01Z,2026-06-21T20:40:01+0200,c0299f87-b988-4d8b-a611-962c285e5a18,2026-06-18T02:30:00Z,2026-06-18T04:30:00+0200,96.91,EUR/MWh,FR,FR,day_ahead_price,value,2026-06-21T18:40:53Z
2026-06-21T18:40:01Z,2026-06-21T20:40:01+0200,c0299f87-b988-4d8b-a611-962c285e5a18,2026-06-18T02:45:00Z,2026-06-18T04:45:00+0200,101.0,EUR/MWh,FR,FR,day_ahead_price,value,2026-06-21T18:40:53Z
2026-06-21T18:40:01Z,2026-06-21T20:40:01+0200,c0299f87-b988-4d8b-a611-962c285e5a18,2026-06-18T03:00:00Z,2026-06-18T05:00:00+0200,94.58,EUR/MWh,FR,FR,day_ahead_price,value,2026-06-21T18:40:53Z
2026-06-21T18:40:01Z,2026-06-21T20:40:01+0200,c0299f87-b988-4d8b-a611-962c285e5a18,2026-06-18T03:15:00Z,2026-06-18T05:15:00+0200,102.72,EUR/MWh,FR,FR,day_ahead_price,value,2026-06-21T18:40:53Z
2026-06-21T18:40:01Z,2026-06-21T20:40:01+0200,c0299f87-b988-4d8b-a611-962c285e5a18,2026-06-18T03:30:00Z,2026-06-18T05:30:00+0200,106.02,EUR/MWh,FR,FR,day_ahead_price,value,2026-06-21T18:40:53Z
2026-06-21T18:40:01Z,2026-06-21T20:40:01+0200,c0299f87-b988-4d8b-a611-962c285e5a18,2026-06-18T03:45:00Z,2026-06-18T05:45:00+0200,115.6,EUR/MWh,FR,FR,day_ahead_price,value,2026-06-21T18:40:53Z
2026-06-21T18:40:01Z,2026-06-21T20:40:01+0200,c0299f87-b988-4d8b-a611-962c285e5a18,2026-06-18T04:00:00Z,2026-06-18T06:00:00+0200,120.18,EUR/MWh,FR,FR,day_ahead_price,value,2026-06-21T18:40:53Z
2026-06-21T18:40:01Z,2026-06-21T20:40:01+0200,c0299f87-b988-4d8b-a611-962c285e5a18,2026-06-18T04:15:00Z,2026-06-18T06:15:00+0200,117.19,EUR/MWh,FR,FR,day_ahead_price,value,2026-06-21T18:40:53Z
2026-06-21T18:40:01Z,2026-06-21T20:40:01+0200,c0299f87-b988-4d8b-a611-962c285e5a18,2026-06-18T04:30:00Z,2026-06-18T06:30:00+0200,131.1,EUR/MWh,FR,FR,day_ahead_price,value,2026-06-21T18:40:53Z
2026-06-21T18:40:01Z,2026-06-21T20:40:01+0200,c0299f87-b988-4d8b-a611-962c285e5a18,2026-06-18T04:45:00Z,2026-06-18T06:45:00+0200,109.81,EUR/MWh,FR,FR,day_ahead_price,value,2026-06-21T18:40:53Z
2026-06-21T18:40:01Z,2026-06-21T20:40:01+0200,c0299f87-b988-4d8b-a611-962c285e5a18,2026-06-18T05:00:00Z,2026-06-18T07:00:00+0200,132.64,EUR/MWh,FR,FR,day_ahead_price,value,2026-06-21T18:40:53Z
2026-06-21T18:40:01Z,2026-06-21T20:40:01+0200,c0299f87-b988-4d8b-a611-962c285e5a18,2026-06-18T05:15:00Z,2026-06-18T07:15:00+0200,132.63,EUR/MWh,FR,FR,day_ahead_price,value,2026-06-21T18:40:53Z
2026-06-21T18:40:01Z,2026-06-21T20:40:01+0200,c0299f87-b988-4d8b-a611-962c285e5a18,2026-06-18T05:30:00Z,2026-06-18T07:30:00+0200,125.74,EUR/MWh,FR,FR,day_ahead_price,value,2026-06-21T18:40:53Z
2026-06-21T18:40:01Z,2026-06-21T20:40:01+0200,c0299f87-b988-4d8b-a611-962c285e5a18,2026-06-18T05:45:00Z,2026-06-18T07:45:00+0200,117.6,EUR/MWh,FR,FR,day_ahead_price,value,2026-06-21T18:40:53Z
2026-06-21T18:40:01Z,2026-06-21T20:40:01+0200,c0299f87-b988-4d8b-a611-962c285e5a18,2026-06-18T06:00:00Z,2026-06-18T08:00:00+0200,131.0,EUR/MWh,FR,FR,day_ahead_price,value,2026-06-21T18:40:53Z
2026-06-21T18:40:01Z,2026-06-21T20:40:01+0200,c0299f87-b988-4d8b-a611-962c285e5a18,2026-06-18T06:15:00Z,2026-06-18T08:15:00+0200,123.6,EUR/MWh,FR,FR,day_ahead_price,value,2026-06-21T18:40:53Z
2026-06-21T18:40:01Z,2026-06-21T20:40:01+0200,c0299f87-b988-4d8b-a611-962c285e5a18,2026-06-18T06:30:00Z,2026-06-18T08:30:00+0200,116.55,EUR/MWh,FR,FR,day_ahead_price,value,2026-06-21T18:40:53Z
2026-06-21T18:40:01Z,2026-06-21T20:40:01+0200,c0299f87-b988-4d8b-a611-962c285e5a18,2026-06-18T06:45:00Z,2026-06-18T08:45:00+0200,95.0,EUR/MWh,FR,FR,day_ahead_price,value,2026-06-21T18:40:53Z
2026-06-21T18:40:01Z,2026-06-21T20:40:01+0200,c0299f87-b988-4d8b-a611-962c285e5a18,2026-06-18T07:00:00Z,2026-06-18T09:00:00+0200,117.0,EUR/MWh,FR,FR,day_ahead_price,value,2026-06-21T18:40:53Z
2026-06-21T18:40:01Z,2026-06-21T20:40:01+0200,c0299f87-b988-4d8b-a611-962c285e5a18,2026-06-18T07:15:00Z,2026-06-18T09:15:00+0200,100.9,EUR/MWh,FR,FR,day_ahead_price,value,2026-06-21T18:40:53Z
2026-06-21T18:40:01Z,2026-06-21T20:40:01+0200,c0299f87-b988-4d8b-a611-962c285e5a18,2026-06-18T07:30:00Z,2026-06-18T09:30:00+0200,83.4,EUR/MWh,FR,FR,day_ahead_price,value,2026-06-21T18:40:53Z
2026-06-21T18:40:01Z,2026-06-21T20:40:01+0200,c0299f87-b988-4d8b-a611-962c285e5a18,2026-06-18T07:45:00Z,2026-06-18T09:45:00+0200,75.2,EUR/MWh,FR,FR,day_ahead_price,value,2026-06-21T18:40:53Z
2026-06-21T18:40:01Z,2026-06-21T20:40:01+0200,c0299f87-b988-4d8b-a611-962c285e5a18,2026-06-18T08:00:00Z,2026-06-18T10:00:00+0200,74.94,EUR/MWh,FR,FR,day_ahead_price,value,2026-06-21T18:40:53Z
2026-06-21T18:40:01Z,2026-06-21T20:40:01+0200,c0299f87-b988-4d8b-a611-962c285e5a18,2026-06-18T08:15:00Z,2026-06-18T10:15:00+0200,68.0,EUR/MWh,FR,FR,day_ahead_price,value,2026-06-21T18:40:53Z
2026-06-21T18:40:01Z,2026-06-21T20:40:01+0200,c0299f87-b988-4d8b-a611-962c285e5a18,2026-06-18T08:30:00Z,2026-06-18T10:30:00+0200,58.02,EUR/MWh,FR,FR,day_ahead_price,value,2026-06-21T18:40:53Z
2026-06-21T18:40:01Z,2026-06-21T20:40:01+0200,c0299f87-b988-4d8b-a611-962c285e5a18,2026-06-18T08:45:00Z,2026-06-18T10:45:00+0200,43.67,EUR/MWh,FR,FR,day_ahead_price,value,2026-06-21T18:40:53Z
2026-06-21T18:40:01Z,2026-06-21T20:40:01+0200,c0299f87-b988-4d8b-a611-962c285e5a18,2026-06-18T09:00:00Z,2026-06-18T11:00:00+0200,39.77,EUR/MWh,FR,FR,day_ahead_price,value,2026-06-21T18:40:53Z
2026-06-21T18:40:01Z,2026-06-21T20:40:01+0200,c0299f87-b988-4d8b-a611-962c285e5a18,2026-06-18T09:15:00Z,2026-06-18T11:15:00+0200,27.24,EUR/MWh,FR,FR,day_ahead_price,value,2026-06-21T18:40:53Z
2026-06-21T18:40:01Z,2026-06-21T20:40:01+0200,c0299f87-b988-4d8b-a611-962c285e5a18,2026-06-18T09:30:00Z,2026-06-18T11:30:00+0200,25.0,EUR/MWh,FR,FR,day_ahead_price,value,2026-06-21T18:40:53Z
2026-06-21T18:40:01Z,2026-06-21T20:40:01+0200,c0299f87-b988-4d8b-a611-962c285e5a18,2026-06-18T09:45:00Z,2026-06-18T11:45:00+0200,17.26,EUR/MWh,FR,FR,day_ahead_price,value,2026-06-21T18:40:53Z
2026-06-21T18:40:01Z,2026-06-21T20:40:01+0200,c0299f87-b988-4d8b-a611-962c285e5a18,2026-06-18T10:00:00Z,2026-06-18T12:00:00+0200,39.95,EUR/MWh,FR,FR,day_ahead_price,value,2026-06-21T18:40:53Z
2026-06-21T18:40:01Z,2026-06-21T20:40:01+0200,c0299f87-b988-4d8b-a611-962c285e5a18,2026-06-18T10:15:00Z,2026-06-18T12:15:00+0200,28.68,EUR/MWh,FR,FR,day_ahead_price,value,2026-06-21T18:40:53Z
2026-06-21T18:40:01Z,2026-06-21T20:40:01+0200,c0299f87-b988-4d8b-a611-962c285e5a18,2026-06-18T10:30:00Z,2026-06-18T12:30:00+0200,24.99,EUR/MWh,FR,FR,day_ahead_price,value,2026-06-21T18:40:53Z
2026-06-21T18:40:01Z,2026-06-21T20:40:01+0200,c0299f87-b988-4d8b-a611-962c285e5a18,2026-06-18T10:45:00Z,2026-06-18T12:45:00+0200,19.37,EUR/MWh,FR,FR,day_ahead_price,value,2026-06-21T18:40:53Z
2026-06-21T18:40:01Z,2026-06-21T20:40:01+0200,c0299f87-b988-4d8b-a611-962c285e5a18,2026-06-18T11:00:00Z,2026-06-18T13:00:00+0200,25.54,EUR/MWh,FR,FR,day_ahead_price,value,2026-06-21T18:40:53Z
2026-06-21T18:40:01Z,2026-06-21T20:40:01+0200,c0299f87-b988-4d8b-a611-962c285e5a18,2026-06-18T11:15:00Z,2026-06-18T13:15:00+0200,21.89,EUR/MWh,FR,FR,day_ahead_price,value,2026-06-21T18:40:53Z
2026-06-21T18:40:01Z,2026-06-21T20:40:01+0200,c0299f87-b988-4d8b-a611-962c285e5a18,2026-06-18T11:30:00Z,2026-06-18T13:30:00+0200,14.72,EUR/MWh,FR,FR,day_ahead_price,value,2026-06-21T18:40:53Z
2026-06-21T18:40:01Z,2026-06-21T20:40:01+0200,c0299f87-b988-4d8b-a611-962c285e5a18,2026-06-18T11:45:00Z,2026-06-18T13:45:00+0200,11.01,EUR/MWh,FR,FR,day_ahead_price,value,2026-06-21T18:40:53Z
2026-06-21T18:40:01Z,2026-06-21T20:40:01+0200,c0299f87-b988-4d8b-a611-962c285e5a18,2026-06-18T12:00:00Z,2026-06-18T14:00:00+0200,21.13,EUR/MWh,FR,FR,day_ahead_price,value,2026-06-21T18:40:53Z
2026-06-21T18:40:01Z,2026-06-21T20:40:01+0200,c0299f87-b988-4d8b-a611-962c285e5a18,2026-06-18T12:15:00Z,2026-06-18T14:15:00+0200,23.76,EUR/MWh,FR,FR,day_ahead_price,value,2026-06-21T18:40:53Z
2026-06-21T18:40:01Z,2026-06-21T20:40:01+0200,c0299f87-b988-4d8b-a611-962c285e5a18,2026-06-18T12:30:00Z,2026-06-18T14:30:00+0200,26.27,EUR/MWh,FR,FR,day_ahead_price,value,2026-06-21T18:40:53Z
2026-06-21T18:40:01Z,2026-06-21T20:40:01+0200,c0299f87-b988-4d8b-a611-962c285e5a18,2026-06-18T12:45:00Z,2026-06-18T14:45:00+0200,32.44,EUR/MWh,FR,FR,day_ahead_price,value,2026-06-21T18:40:53Z
2026-06-21T18:40:01Z,2026-06-21T20:40:01+0200,c0299f87-b988-4d8b-a611-962c285e5a18,2026-06-18T13:00:00Z,2026-06-18T15:00:00+0200,25.0,EUR/MWh,FR,FR,day_ahead_price,value,2026-06-21T18:40:53Z
2026-06-21T18:40:01Z,2026-06-21T20:40:01+0200,c0299f87-b988-4d8b-a611-962c285e5a18,2026-06-18T13:15:00Z,2026-06-18T15:15:00+0200,42.0,EUR/MWh,FR,FR,day_ahead_price,value,2026-06-21T18:40:53Z
2026-06-21T18:40:01Z,2026-06-21T20:40:01+0200,c0299f87-b988-4d8b-a611-962c285e5a18,2026-06-18T13:30:00Z,2026-06-18T15:30:00+0200,54.1,EUR/MWh,FR,FR,day_ahead_price,value,2026-06-21T18:40:53Z
2026-06-21T18:40:01Z,2026-06-21T20:40:01+0200,c0299f87-b988-4d8b-a611-962c285e5a18,2026-06-18T13:45:00Z,2026-06-18T15:45:00+0200,71.29,EUR/MWh,FR,FR,day_ahead_price,value,2026-06-21T18:40:53Z
2026-06-21T18:40:01Z,2026-06-21T20:40:01+0200,c0299f87-b988-4d8b-a611-962c285e5a18,2026-06-18T14:00:00Z,2026-06-18T16:00:00+0200,46.78,EUR/MWh,FR,FR,day_ahead_price,value,2026-06-21T18:40:53Z
2026-06-21T18:40:01Z,2026-06-21T20:40:01+0200,c0299f87-b988-4d8b-a611-962c285e5a18,2026-06-18T14:15:00Z,2026-06-18T16:15:00+0200,57.01,EUR/MWh,FR,FR,day_ahead_price,value,2026-06-21T18:40:53Z
2026-06-21T18:40:01Z,2026-06-21T20:40:01+0200,c0299f87-b988-4d8b-a611-962c285e5a18,2026-06-18T14:30:00Z,2026-06-18T16:30:00+0200,78.01,EUR/MWh,FR,FR,day_ahead_price,value,2026-06-21T18:40:53Z
2026-06-21T18:40:01Z,2026-06-21T20:40:01+0200,c0299f87-b988-4d8b-a611-962c285e5a18,2026-06-18T14:45:00Z,2026-06-18T16:45:00+0200,104.52,EUR/MWh,FR,FR,day_ahead_price,value,2026-06-21T18:40:53Z
2026-06-21T18:40:01Z,2026-06-21T20:40:01+0200,c0299f87-b988-4d8b-a611-962c285e5a18,2026-06-18T15:00:00Z,2026-06-18T17:00:00+0200,76.04,EUR/MWh,FR,FR,day_ahead_price,value,2026-06-21T18:40:53Z
2026-06-21T18:40:01Z,2026-06-21T20:40:01+0200,c0299f87-b988-4d8b-a611-962c285e5a18,2026-06-18T15:15:00Z,2026-06-18T17:15:00+0200,97.17,EUR/MWh,FR,FR,day_ahead_price,value,2026-06-21T18:40:53Z
2026-06-21T18:40:01Z,2026-06-21T20:40:01+0200,c0299f87-b988-4d8b-a611-962c285e5a18,2026-06-18T15:30:00Z,2026-06-18T17:30:00+0200,109.06,EUR/MWh,FR,FR,day_ahead_price,value,2026-06-21T18:40:53Z
2026-06-21T18:40:01Z,2026-06-21T20:40:01+0200,c0299f87-b988-4d8b-a611-962c285e5a18,2026-06-18T15:45:00Z,2026-06-18T17:45:00+0200,114.62,EUR/MWh,FR,FR,day_ahead_price,value,2026-06-21T18:40:53Z
2026-06-21T18:40:01Z,2026-06-21T20:40:01+0200,c0299f87-b988-4d8b-a611-962c285e5a18,2026-06-18T16:00:00Z,2026-06-18T18:00:00+0200,89.5,EUR/MWh,FR,FR,day_ahead_price,value,2026-06-21T18:40:53Z
2026-06-21T18:40:01Z,2026-06-21T20:40:01+0200,c0299f87-b988-4d8b-a611-962c285e5a18,2026-06-18T16:15:00Z,2026-06-18T18:15:00+0200,110.94,EUR/MWh,FR,FR,day_ahead_price,value,2026-06-21T18:40:53Z
2026-06-21T18:40:01Z,2026-06-21T20:40:01+0200,c0299f87-b988-4d8b-a611-962c285e5a18,2026-06-18T16:30:00Z,2026-06-18T18:30:00+0200,115.3,EUR/MWh,FR,FR,day_ahead_price,value,2026-06-21T18:40:53Z
2026-06-21T18:40:01Z,2026-06-21T20:40:01+0200,c0299f87-b988-4d8b-a611-962c285e5a18,2026-06-18T16:45:00Z,2026-06-18T18:45:00+0200,156.29,EUR/MWh,FR,FR,day_ahead_price,value,2026-06-21T18:40:53Z
2026-06-21T18:40:01Z,2026-06-21T20:40:01+0200,c0299f87-b988-4d8b-a611-962c285e5a18,2026-06-18T17:00:00Z,2026-06-18T19:00:00+0200,106.0,EUR/MWh,FR,FR,day_ahead_price,value,2026-06-21T18:40:53Z
2026-06-21T18:40:01Z,2026-06-21T20:40:01+0200,c0299f87-b988-4d8b-a611-962c285e5a18,2026-06-18T17:15:00Z,2026-06-18T19:15:00+0200,129.3,EUR/MWh,FR,FR,day_ahead_price,value,2026-06-21T18:40:53Z
2026-06-21T18:40:01Z,2026-06-21T20:40:01+0200,c0299f87-b988-4d8b-a611-962c285e5a18,2026-06-18T17:30:00Z,2026-06-18T19:30:00+0200,119.2,EUR/MWh,FR,FR,day_ahead_price,value,2026-06-21T18:40:53Z
2026-06-21T18:40:01Z,2026-06-21T20:40:01+0200,c0299f87-b988-4d8b-a611-962c285e5a18,2026-06-18T17:45:00Z,2026-06-18T19:45:00+0200,125.6,EUR/MWh,FR,FR,day_ahead_price,value,2026-06-21T18:40:53Z
2026-06-21T18:40:01Z,2026-06-21T20:40:01+0200,c0299f87-b988-4d8b-a611-962c285e5a18,2026-06-18T18:00:00Z,2026-06-18T20:00:00+0200,119.2,EUR/MWh,FR,FR,day_ahead_price,value,2026-06-21T18:40:53Z
2026-06-21T18:40:01Z,2026-06-21T20:40:01+0200,c0299f87-b988-4d8b-a611-962c285e5a18,2026-06-18T18:15:00Z,2026-06-18T20:15:00+0200,125.6,EUR/MWh,FR,FR,day_ahead_price,value,2026-06-21T18:40:53Z
2026-06-21T18:40:01Z,2026-06-21T20:40:01+0200,c0299f87-b988-4d8b-a611-962c285e5a18,2026-06-18T18:30:00Z,2026-06-18T20:30:00+0200,129.54,EUR/MWh,FR,FR,day_ahead_price,value,2026-06-21T18:40:53Z
2026-06-21T18:40:01Z,2026-06-21T20:40:01+0200,c0299f87-b988-4d8b-a611-962c285e5a18,2026-06-18T18:45:00Z,2026-06-18T20:45:00+0200,135.0,EUR/MWh,FR,FR,day_ahead_price,value,2026-06-21T18:40:53Z
2026-06-21T18:40:01Z,2026-06-21T20:40:01+0200,c0299f87-b988-4d8b-a611-962c285e5a18,2026-06-18T19:00:00Z,2026-06-18T21:00:00+0200,132.63,EUR/MWh,FR,FR,day_ahead_price,value,2026-06-21T18:40:53Z
2026-06-21T18:40:01Z,2026-06-21T20:40:01+0200,c0299f87-b988-4d8b-a611-962c285e5a18,2026-06-18T19:15:00Z,2026-06-18T21:15:00+0200,132.63,EUR/MWh,FR,FR,day_ahead_price,value,2026-06-21T18:40:53Z
2026-06-21T18:40:01Z,2026-06-21T20:40:01+0200,c0299f87-b988-4d8b-a611-962c285e5a18,2026-06-18T19:30:00Z,2026-06-18T21:30:00+0200,135.0,EUR/MWh,FR,FR,day_ahead_price,value,2026-06-21T18:40:53Z
2026-06-21T18:40:01Z,2026-06-21T20:40:01+0200,c0299f87-b988-4d8b-a611-962c285e5a18,2026-06-18T19:45:00Z,2026-06-18T21:45:00+0200,132.63,EUR/MWh,FR,FR,day_ahead_price,value,2026-06-21T18:40:53Z
2026-06-21T18:40:01Z,2026-06-21T20:40:01+0200,c0299f87-b988-4d8b-a611-962c285e5a18,2026-06-18T20:00:00Z,2026-06-18T22:00:00+0200,142.67,EUR/MWh,FR,FR,day_ahead_price,value,2026-06-21T18:40:53Z
2026-06-21T18:40:01Z,2026-06-21T20:40:01+0200,c0299f87-b988-4d8b-a611-962c285e5a18,2026-06-18T20:15:00Z,2026-06-18T22:15:00+0200,137.4,EUR/MWh,FR,FR,day_ahead_price,value,2026-06-21T18:40:53Z
2026-06-21T18:40:01Z,2026-06-21T20:40:01+0200,c0299f87-b988-4d8b-a611-962c285e5a18,2026-06-18T20:30:00Z,2026-06-18T22:30:00+0200,142.67,EUR/MWh,FR,FR,day_ahead_price,value,2026-06-21T18:40:53Z
2026-06-21T18:40:01Z,2026-06-21T20:40:01+0200,c0299f87-b988-4d8b-a611-962c285e5a18,2026-06-18T20:45:00Z,2026-06-18T22:45:00+0200,132.86,EUR/MWh,FR,FR,day_ahead_price,value,2026-06-21T18:40:53Z
2026-06-21T18:40:01Z,2026-06-21T20:40:01+0200,c0299f87-b988-4d8b-a611-962c285e5a18,2026-06-18T21:00:00Z,2026-06-18T23:00:00+0200,131.94,EUR/MWh,FR,FR,day_ahead_price,value,2026-06-21T18:40:53Z
2026-06-21T18:40:01Z,2026-06-21T20:40:01+0200,c0299f87-b988-4d8b-a611-962c285e5a18,2026-06-18T21:15:00Z,2026-06-18T23:15:00+0200,127.18,EUR/MWh,FR,FR,day_ahead_price,value,2026-06-21T18:40:53Z
2026-06-21T18:40:01Z,2026-06-21T20:40:01+0200,c0299f87-b988-4d8b-a611-962c285e5a18,2026-06-18T21:30:00Z,2026-06-18T23:30:00+0200,128.76,EUR/MWh,FR,FR,day_ahead_price,value,2026-06-21T18:40:53Z
2026-06-21T18:40:01Z,2026-06-21T20:40:01+0200,c0299f87-b988-4d8b-a611-962c285e5a18,2026-06-18T21:45:00Z,2026-06-18T23:45:00+0200,125.6,EUR/MWh,FR,FR,day_ahead_price,value,2026-06-21T18:40:53Z
2026-06-21T18:40:01Z,2026-06-21T20:40:01+0200,c0299f87-b988-4d8b-a611-962c285e5a18,2026-06-18T22:00:00Z,2026-06-19T00:00:00+0200,127.67,EUR/MWh,FR,FR,day_ahead_price,value,2026-06-21T18:40:53Z
2026-06-21T18:40:01Z,2026-06-21T20:40:01+0200,c0299f87-b988-4d8b-a611-962c285e5a18,2026-06-18T22:15:00Z,2026-06-19T00:15:00+0200,126.52,EUR/MWh,FR,FR,day_ahead_price,value,2026-06-21T18:40:53Z
2026-06-21T18:40:01Z,2026-06-21T20:40:01+0200,c0299f87-b988-4d8b-a611-962c285e5a18,2026-06-18T22:30:00Z,2026-06-19T00:30:00+0200,122.4,EUR/MWh,FR,FR,day_ahead_price,value,2026-06-21T18:40:53Z
2026-06-21T18:40:01Z,2026-06-21T20:40:01+0200,c0299f87-b988-4d8b-a611-962c285e5a18,2026-06-18T22:45:00Z,2026-06-19T00:45:00+0200,112.0,EUR/MWh,FR,FR,day_ahead_price,value,2026-06-21T18:40:53Z
2026-06-21T18:40:01Z,2026-06-21T20:40:01+0200,c0299f87-b988-4d8b-a611-962c285e5a18,2026-06-18T23:00:00Z,2026-06-19T01:00:00+0200,122.4,EUR/MWh,FR,FR,day_ahead_price,value,2026-06-21T18:40:53Z
2026-06-21T18:40:01Z,2026-06-21T20:40:01+0200,c0299f87-b988-4d8b-a611-962c285e5a18,2026-06-18T23:15:00Z,2026-06-19T01:15:00+0200,119.12,EUR/MWh,FR,FR,day_ahead_price,value,2026-06-21T18:40:53Z
2026-06-21T18:40:01Z,2026-06-21T20:40:01+0200,c0299f87-b988-4d8b-a611-962c285e5a18,2026-06-18T23:30:00Z,2026-06-19T01:30:00+0200,119.97,EUR/MWh,FR,FR,day_ahead_price,value,2026-06-21T18:40:53Z
2026-06-21T18:40:01Z,2026-06-21T20:40:01+0200,c0299f87-b988-4d8b-a611-962c285e5a18,2026-06-18T23:45:00Z,2026-06-19T01:45:00+0200,113.8,EUR/MWh,FR,FR,day_ahead_price,value,2026-06-21T18:40:53Z
2026-06-21T18:40:01Z,2026-06-21T20:40:01+0200,c0299f87-b988-4d8b-a611-962c285e5a18,2026-06-19T00:00:00Z,2026-06-19T02:00:00+0200,118.22,EUR/MWh,FR,FR,day_ahead_price,value,2026-06-21T18:40:53Z
2026-06-21T18:40:01Z,2026-06-21T20:40:01+0200,c0299f87-b988-4d8b-a611-962c285e5a18,2026-06-19T00:15:00Z,2026-06-19T02:15:00+0200,111.89,EUR/MWh,FR,FR,day_ahead_price,value,2026-06-21T18:40:53Z
2026-06-21T18:40:01Z,2026-06-21T20:40:01+0200,c0299f87-b988-4d8b-a611-962c285e5a18,2026-06-19T00:30:00Z,2026-06-19T02:30:00+0200,98.0,EUR/MWh,FR,FR,day_ahead_price,value,2026-06-21T18:40:53Z
2026-06-21T18:40:01Z,2026-06-21T20:40:01+0200,c0299f87-b988-4d8b-a611-962c285e5a18,2026-06-19T00:45:00Z,2026-06-19T02:45:00+0200,91.95,EUR/MWh,FR,FR,day_ahead_price,value,2026-06-21T18:40:53Z
2026-06-21T18:40:01Z,2026-06-21T20:40:01+0200,c0299f87-b988-4d8b-a611-962c285e5a18,2026-06-19T01:00:00Z,2026-06-19T03:00:00+0200,110.5,EUR/MWh,FR,FR,day_ahead_price,value,2026-06-21T18:40:53Z
2026-06-21T18:40:01Z,2026-06-21T20:40:01+0200,c0299f87-b988-4d8b-a611-962c285e5a18,2026-06-19T01:15:00Z,2026-06-19T03:15:00+0200,101.79,EUR/MWh,FR,FR,day_ahead_price,value,2026-06-21T18:40:53Z
2026-06-21T18:40:01Z,2026-06-21T20:40:01+0200,c0299f87-b988-4d8b-a611-962c285e5a18,2026-06-19T01:30:00Z,2026-06-19T03:30:00+0200,106.18,EUR/MWh,FR,FR,day_ahead_price,value,2026-06-21T18:40:53Z
2026-06-21T18:40:01Z,2026-06-21T20:40:01+0200,c0299f87-b988-4d8b-a611-962c285e5a18,2026-06-19T01:45:00Z,2026-06-19T03:45:00+0200,99.73,EUR/MWh,FR,FR,day_ahead_price,value,2026-06-21T18:40:53Z
2026-06-21T18:40:01Z,2026-06-21T20:40:01+0200,c0299f87-b988-4d8b-a611-962c285e5a18,2026-06-19T02:00:00Z,2026-06-19T04:00:00+0200,90.75,EUR/MWh,FR,FR,day_ahead_price,value,2026-06-21T18:40:53Z
2026-06-21T18:40:01Z,2026-06-21T20:40:01+0200,c0299f87-b988-4d8b-a611-962c285e5a18,2026-06-19T02:15:00Z,2026-06-19T04:15:00+0200,82.07,EUR/MWh,FR,FR,day_ahead_price,value,2026-06-21T18:40:53Z
2026-06-21T18:40:01Z,2026-06-21T20:40:01+0200,c0299f87-b988-4d8b-a611-962c285e5a18,2026-06-19T02:30:00Z,2026-06-19T04:30:00+0200,84.01,EUR/MWh,FR,FR,day_ahead_price,value,2026-06-21T18:40:53Z
2026-06-21T18:40:01Z,2026-06-21T20:40:01+0200,c0299f87-b988-4d8b-a611-962c285e5a18,2026-06-19T02:45:00Z,2026-06-19T04:45:00+0200,83.32,EUR/MWh,FR,FR,day_ahead_price,value,2026-06-21T18:40:53Z
2026-06-21T18:40:01Z,2026-06-21T20:40:01+0200,c0299f87-b988-4d8b-a611-962c285e5a18,2026-06-19T03:00:00Z,2026-06-19T05:00:00+0200,96.5,EUR/MWh,FR,FR,day_ahead_price,value,2026-06-21T18:40:53Z
2026-06-21T18:40:01Z,2026-06-21T20:40:01+0200,c0299f87-b988-4d8b-a611-962c285e5a18,2026-06-19T03:15:00Z,2026-06-19T05:15:00+0200,105.52,EUR/MWh,FR,FR,day_ahead_price,value,2026-06-21T18:40:53Z
2026-06-21T18:40:01Z,2026-06-21T20:40:01+0200,c0299f87-b988-4d8b-a611-962c285e5a18,2026-06-19T03:30:00Z,2026-06-19T05:30:00+0200,89.67,EUR/MWh,FR,FR,day_ahead_price,value,2026-06-21T18:40:53Z
2026-06-21T18:40:01Z,2026-06-21T20:40:01+0200,c0299f87-b988-4d8b-a611-962c285e5a18,2026-06-19T03:45:00Z,2026-06-19T05:45:00+0200,113.75,EUR/MWh,FR,FR,day_ahead_price,value,2026-06-21T18:40:53Z
2026-06-21T18:40:01Z,2026-06-21T20:40:01+0200,c0299f87-b988-4d8b-a611-962c285e5a18,2026-06-19T04:00:00Z,2026-06-19T06:00:00+0200,74.59,EUR/MWh,FR,FR,day_ahead_price,value,2026-06-21T18:40:53Z
2026-06-21T18:40:01Z,2026-06-21T20:40:01+0200,c0299f87-b988-4d8b-a611-962c285e5a18,2026-06-19T04:15:00Z,2026-06-19T06:15:00+0200,105.68,EUR/MWh,FR,FR,day_ahead_price,value,2026-06-21T18:40:53Z
2026-06-21T18:40:01Z,2026-06-21T20:40:01+0200,c0299f87-b988-4d8b-a611-962c285e5a18,2026-06-19T04:30:00Z,2026-06-19T06:30:00+0200,106.36,EUR/MWh,FR,FR,day_ahead_price,value,2026-06-21T18:40:53Z
2026-06-21T18:40:01Z,2026-06-21T20:40:01+0200,c0299f87-b988-4d8b-a611-962c285e5a18,2026-06-19T04:45:00Z,2026-06-19T06:45:00+0200,120.11,EUR/MWh,FR,FR,day_ahead_price,value,2026-06-21T18:40:53Z
2026-06-21T18:40:01Z,2026-06-21T20:40:01+0200,c0299f87-b988-4d8b-a611-962c285e5a18,2026-06-19T05:00:00Z,2026-06-19T07:00:00+0200,127.03,EUR/MWh,FR,FR,day_ahead_price,value,2026-06-21T18:40:53Z
2026-06-21T18:40:01Z,2026-06-21T20:40:01+0200,c0299f87-b988-4d8b-a611-962c285e5a18,2026-06-19T05:15:00Z,2026-06-19T07:15:00+0200,125.6,EUR/MWh,FR,FR,day_ahead_price,value,2026-06-21T18:40:53Z
2026-06-21T18:40:01Z,2026-06-21T20:40:01+0200,c0299f87-b988-4d8b-a611-962c285e5a18,2026-06-19T05:30:00Z,2026-06-19T07:30:00+0200,120.52,EUR/MWh,FR,FR,day_ahead_price,value,2026-06-21T18:40:53Z
2026-06-21T18:40:01Z,2026-06-21T20:40:01+0200,c0299f87-b988-4d8b-a611-962c285e5a18,2026-06-19T05:45:00Z,2026-06-19T07:45:00+0200,105.9,EUR/MWh,FR,FR,day_ahead_price,value,2026-06-21T18:40:53Z
2026-06-21T18:40:01Z,2026-06-21T20:40:01+0200,c0299f87-b988-4d8b-a611-962c285e5a18,2026-06-19T06:00:00Z,2026-06-19T08:00:00+0200,119.8,EUR/MWh,FR,FR,day_ahead_price,value,2026-06-21T18:40:53Z
2026-06-21T18:40:01Z,2026-06-21T20:40:01+0200,c0299f87-b988-4d8b-a611-962c285e5a18,2026-06-19T06:15:00Z,2026-06-19T08:15:00+0200,113.17,EUR/MWh,FR,FR,day_ahead_price,value,2026-06-21T18:40:53Z
2026-06-21T18:40:01Z,2026-06-21T20:40:01+0200,c0299f87-b988-4d8b-a611-962c285e5a18,2026-06-19T06:30:00Z,2026-06-19T08:30:00+0200,97.85,EUR/MWh,FR,FR,day_ahead_price,value,2026-06-21T18:40:53Z
2026-06-21T18:40:01Z,2026-06-21T20:40:01+0200,c0299f87-b988-4d8b-a611-962c285e5a18,2026-06-19T06:45:00Z,2026-06-19T08:45:00+0200,85.58,EUR/MWh,FR,FR,day_ahead_price,value,2026-06-21T18:40:53Z
2026-06-21T18:40:01Z,2026-06-21T20:40:01+0200,c0299f87-b988-4d8b-a611-962c285e5a18,2026-06-19T07:00:00Z,2026-06-19T09:00:00+0200,100.3,EUR/MWh,FR,FR,day_ahead_price,value,2026-06-21T18:40:53Z
2026-06-21T18:40:01Z,2026-06-21T20:40:01+0200,c0299f87-b988-4d8b-a611-962c285e5a18,2026-06-19T07:15:00Z,2026-06-19T09:15:00+0200,79.01,EUR/MWh,FR,FR,day_ahead_price,value,2026-06-21T18:40:53Z
2026-06-21T18:40:01Z,2026-06-21T20:40:01+0200,c0299f87-b988-4d8b-a611-962c285e5a18,2026-06-19T07:30:00Z,2026-06-19T09:30:00+0200,70.1,EUR/MWh,FR,FR,day_ahead_price,value,2026-06-21T18:40:53Z
2026-06-21T18:40:01Z,2026-06-21T20:40:01+0200,c0299f87-b988-4d8b-a611-962c285e5a18,2026-06-19T07:45:00Z,2026-06-19T09:45:00+0200,40.78,EUR/MWh,FR,FR,day_ahead_price,value,2026-06-21T18:40:53Z
2026-06-21T18:40:01Z,2026-06-21T20:40:01+0200,c0299f87-b988-4d8b-a611-962c285e5a18,2026-06-19T08:00:00Z,2026-06-19T10:00:00+0200,59.25,EUR/MWh,FR,FR,day_ahead_price,value,2026-06-21T18:40:53Z
2026-06-21T18:40:01Z,2026-06-21T20:40:01+0200,c0299f87-b988-4d8b-a611-962c285e5a18,2026-06-19T08:15:00Z,2026-06-19T10:15:00+0200,40.1,EUR/MWh,FR,FR,day_ahead_price,value,2026-06-21T18:40:53Z
2026-06-21T18:40:01Z,2026-06-21T20:40:01+0200,c0299f87-b988-4d8b-a611-962c285e5a18,2026-06-19T08:30:00Z,2026-06-19T10:30:00+0200,32.59,EUR/MWh,FR,FR,day_ahead_price,value,2026-06-21T18:40:53Z
2026-06-21T18:40:01Z,2026-06-21T20:40:01+0200,c0299f87-b988-4d8b-a611-962c285e5a18,2026-06-19T08:45:00Z,2026-06-19T10:45:00+0200,20.0,EUR/MWh,FR,FR,day_ahead_price,value,2026-06-21T18:40:53Z
2026-06-21T18:40:01Z,2026-06-21T20:40:01+0200,c0299f87-b988-4d8b-a611-962c285e5a18,2026-06-19T09:00:00Z,2026-06-19T11:00:00+0200,39.88,EUR/MWh,FR,FR,day_ahead_price,value,2026-06-21T18:40:53Z
2026-06-21T18:40:01Z,2026-06-21T20:40:01+0200,c0299f87-b988-4d8b-a611-962c285e5a18,2026-06-19T09:15:00Z,2026-06-19T11:15:00+0200,35.0,EUR/MWh,FR,FR,day_ahead_price,value,2026-06-21T18:40:53Z
2026-06-21T18:40:01Z,2026-06-21T20:40:01+0200,c0299f87-b988-4d8b-a611-962c285e5a18,2026-06-19T09:30:00Z,2026-06-19T11:30:00+0200,19.74,EUR/MWh,FR,FR,day_ahead_price,value,2026-06-21T18:40:53Z
2026-06-21T18:40:01Z,2026-06-21T20:40:01+0200,c0299f87-b988-4d8b-a611-962c285e5a18,2026-06-19T09:45:00Z,2026-06-19T11:45:00+0200,11.0,EUR/MWh,FR,FR,day_ahead_price,value,2026-06-21T18:40:53Z
2026-06-21T18:40:01Z,2026-06-21T20:40:01+0200,c0299f87-b988-4d8b-a611-962c285e5a18,2026-06-19T10:00:00Z,2026-06-19T12:00:00+0200,21.8,EUR/MWh,FR,FR,day_ahead_price,value,2026-06-21T18:40:53Z
2026-06-21T18:40:01Z,2026-06-21T20:40:01+0200,c0299f87-b988-4d8b-a611-962c285e5a18,2026-06-19T10:15:00Z,2026-06-19T12:15:00+0200,14.01,EUR/MWh,FR,FR,day_ahead_price,value,2026-06-21T18:40:53Z
2026-06-21T18:40:01Z,2026-06-21T20:40:01+0200,c0299f87-b988-4d8b-a611-962c285e5a18,2026-06-19T10:30:00Z,2026-06-19T12:30:00+0200,14.2,EUR/MWh,FR,FR,day_ahead_price,value,2026-06-21T18:40:53Z
2026-06-21T18:40:01Z,2026-06-21T20:40:01+0200,c0299f87-b988-4d8b-a611-962c285e5a18,2026-06-19T10:45:00Z,2026-06-19T12:45:00+0200,9.99,EUR/MWh,FR,FR,day_ahead_price,value,2026-06-21T18:40:53Z
2026-06-21T18:40:01Z,2026-06-21T20:40:01+0200,c0299f87-b988-4d8b-a611-962c285e5a18,2026-06-19T11:00:00Z,2026-06-19T13:00:00+0200,12.97,EUR/MWh,FR,FR,day_ahead_price,value,2026-06-21T18:40:53Z
2026-06-21T18:40:01Z,2026-06-21T20:40:01+0200,c0299f87-b988-4d8b-a611-962c285e5a18,2026-06-19T11:15:00Z,2026-06-19T13:15:00+0200,10.31,EUR/MWh,FR,FR,day_ahead_price,value,2026-06-21T18:40:53Z
2026-06-21T18:40:01Z,2026-06-21T20:40:01+0200,c0299f87-b988-4d8b-a611-962c285e5a18,2026-06-19T11:30:00Z,2026-06-19T13:30:00+0200,2.7,EUR/MWh,FR,FR,day_ahead_price,value,2026-06-21T18:40:53Z
2026-06-21T18:40:01Z,2026-06-21T20:40:01+0200,c0299f87-b988-4d8b-a611-962c285e5a18,2026-06-19T11:45:00Z,2026-06-19T13:45:00+0200,0.84,EUR/MWh,FR,FR,day_ahead_price,value,2026-06-21T18:40:53Z
2026-06-21T18:40:01Z,2026-06-21T20:40:01+0200,c0299f87-b988-4d8b-a611-962c285e5a18,2026-06-19T12:00:00Z,2026-06-19T14:00:00+0200,9.21,EUR/MWh,FR,FR,day_ahead_price,value,2026-06-21T18:40:53Z
2026-06-21T18:40:01Z,2026-06-21T20:40:01+0200,c0299f87-b988-4d8b-a611-962c285e5a18,2026-06-19T12:15:00Z,2026-06-19T14:15:00+0200,12.38,EUR/MWh,FR,FR,day_ahead_price,value,2026-06-21T18:40:53Z
2026-06-21T18:40:01Z,2026-06-21T20:40:01+0200,c0299f87-b988-4d8b-a611-962c285e5a18,2026-06-19T12:30:00Z,2026-06-19T14:30:00+0200,13.79,EUR/MWh,FR,FR,day_ahead_price,value,2026-06-21T18:40:53Z
2026-06-21T18:40:01Z,2026-06-21T20:40:01+0200,c0299f87-b988-4d8b-a611-962c285e5a18,2026-06-19T12:45:00Z,2026-06-19T14:45:00+0200,13.06,EUR/MWh,FR,FR,day_ahead_price,value,2026-06-21T18:40:53Z
2026-06-21T18:40:01Z,2026-06-21T20:40:01+0200,c0299f87-b988-4d8b-a611-962c285e5a18,2026-06-19T13:00:00Z,2026-06-19T15:00:00+0200,18.74,EUR/MWh,FR,FR,day_ahead_price,value,2026-06-21T18:40:53Z
2026-06-21T18:40:01Z,2026-06-21T20:40:01+0200,c0299f87-b988-4d8b-a611-962c285e5a18,2026-06-19T13:15:00Z,2026-06-19T15:15:00+0200,22.96,EUR/MWh,FR,FR,day_ahead_price,value,2026-06-21T18:40:53Z
2026-06-21T18:40:01Z,2026-06-21T20:40:01+0200,c0299f87-b988-4d8b-a611-962c285e5a18,2026-06-19T13:30:00Z,2026-06-19T15:30:00+0200,9.42,EUR/MWh,FR,FR,day_ahead_price,value,2026-06-21T18:40:53Z
2026-06-21T18:40:01Z,2026-06-21T20:40:01+0200,c0299f87-b988-4d8b-a611-962c285e5a18,2026-06-19T13:45:00Z,2026-06-19T15:45:00+0200,18.41,EUR/MWh,FR,FR,day_ahead_price,value,2026-06-21T18:40:53Z
2026-06-21T18:40:01Z,2026-06-21T20:40:01+0200,c0299f87-b988-4d8b-a611-962c285e5a18,2026-06-19T14:00:00Z,2026-06-19T16:00:00+0200,8.5,EUR/MWh,FR,FR,day_ahead_price,value,2026-06-21T18:40:53Z
2026-06-21T18:40:01Z,2026-06-21T20:40:01+0200,c0299f87-b988-4d8b-a611-962c285e5a18,2026-06-19T14:15:00Z,2026-06-19T16:15:00+0200,17.42,EUR/MWh,FR,FR,day_ahead_price,value,2026-06-21T18:40:53Z
2026-06-21T18:40:01Z,2026-06-21T20:40:01+0200,c0299f87-b988-4d8b-a611-962c285e5a18,2026-06-19T14:30:00Z,2026-06-19T16:30:00+0200,27.01,EUR/MWh,FR,FR,day_ahead_price,value,2026-06-21T18:40:53Z
2026-06-21T18:40:01Z,2026-06-21T20:40:01+0200,c0299f87-b988-4d8b-a611-962c285e5a18,2026-06-19T14:45:00Z,2026-06-19T16:45:00+0200,47.69,EUR/MWh,FR,FR,day_ahead_price,value,2026-06-21T18:40:53Z
2026-06-21T18:40:01Z,2026-06-21T20:40:01+0200,c0299f87-b988-4d8b-a611-962c285e5a18,2026-06-19T15:00:00Z,2026-06-19T17:00:00+0200,39.99,EUR/MWh,FR,FR,day_ahead_price,value,2026-06-21T18:40:53Z
2026-06-21T18:40:01Z,2026-06-21T20:40:01+0200,c0299f87-b988-4d8b-a611-962c285e5a18,2026-06-19T15:15:00Z,2026-06-19T17:15:00+0200,60.0,EUR/MWh,FR,FR,day_ahead_price,value,2026-06-21T18:40:53Z
2026-06-21T18:40:01Z,2026-06-21T20:40:01+0200,c0299f87-b988-4d8b-a611-962c285e5a18,2026-06-19T15:30:00Z,2026-06-19T17:30:00+0200,70.01,EUR/MWh,FR,FR,day_ahead_price,value,2026-06-21T18:40:53Z
2026-06-21T18:40:01Z,2026-06-21T20:40:01+0200,c0299f87-b988-4d8b-a611-962c285e5a18,2026-06-19T15:45:00Z,2026-06-19T17:45:00+0200,100.31,EUR/MWh,FR,FR,day_ahead_price,value,2026-06-21T18:40:53Z
2026-06-21T18:40:01Z,2026-06-21T20:40:01+0200,c0299f87-b988-4d8b-a611-962c285e5a18,2026-06-19T16:00:00Z,2026-06-19T18:00:00+0200,70.98,EUR/MWh,FR,FR,day_ahead_price,value,2026-06-21T18:40:53Z
2026-06-21T18:40:01Z,2026-06-21T20:40:01+0200,c0299f87-b988-4d8b-a611-962c285e5a18,2026-06-19T16:15:00Z,2026-06-19T18:15:00+0200,93.3,EUR/MWh,FR,FR,day_ahead_price,value,2026-06-21T18:40:53Z
2026-06-21T18:40:01Z,2026-06-21T20:40:01+0200,c0299f87-b988-4d8b-a611-962c285e5a18,2026-06-19T16:30:00Z,2026-06-19T18:30:00+0200,98.59,EUR/MWh,FR,FR,day_ahead_price,value,2026-06-21T18:40:53Z
2026-06-21T18:40:01Z,2026-06-21T20:40:01+0200,c0299f87-b988-4d8b-a611-962c285e5a18,2026-06-19T16:45:00Z,2026-06-19T18:45:00+0200,148.2,EUR/MWh,FR,FR,day_ahead_price,value,2026-06-21T18:40:53Z
2026-06-21T18:40:01Z,2026-06-21T20:40:01+0200,c0299f87-b988-4d8b-a611-962c285e5a18,2026-06-19T17:00:00Z,2026-06-19T19:00:00+0200,89.0,EUR/MWh,FR,FR,day_ahead_price,value,2026-06-21T18:40:53Z
2026-06-21T18:40:01Z,2026-06-21T20:40:01+0200,c0299f87-b988-4d8b-a611-962c285e5a18,2026-06-19T17:15:00Z,2026-06-19T19:15:00+0200,106.5,EUR/MWh,FR,FR,day_ahead_price,value,2026-06-21T18:40:53Z
2026-06-21T18:40:01Z,2026-06-21T20:40:01+0200,c0299f87-b988-4d8b-a611-962c285e5a18,2026-06-19T17:30:00Z,2026-06-19T19:30:00+0200,114.0,EUR/MWh,FR,FR,day_ahead_price,value,2026-06-21T18:40:53Z
2026-06-21T18:40:01Z,2026-06-21T20:40:01+0200,c0299f87-b988-4d8b-a611-962c285e5a18,2026-06-19T17:45:00Z,2026-06-19T19:45:00+0200,121.0,EUR/MWh,FR,FR,day_ahead_price,value,2026-06-21T18:40:53Z
2026-06-21T18:40:01Z,2026-06-21T20:40:01+0200,c0299f87-b988-4d8b-a611-962c285e5a18,2026-06-19T18:00:00Z,2026-06-19T20:00:00+0200,114.67,EUR/MWh,FR,FR,day_ahead_price,value,2026-06-21T18:40:53Z
2026-06-21T18:40:01Z,2026-06-21T20:40:01+0200,c0299f87-b988-4d8b-a611-962c285e5a18,2026-06-19T18:15:00Z,2026-06-19T20:15:00+0200,125.57,EUR/MWh,FR,FR,day_ahead_price,value,2026-06-21T18:40:53Z
2026-06-21T18:40:01Z,2026-06-21T20:40:01+0200,c0299f87-b988-4d8b-a611-962c285e5a18,2026-06-19T18:30:00Z,2026-06-19T20:30:00+0200,130.74,EUR/MWh,FR,FR,day_ahead_price,value,2026-06-21T18:40:53Z
2026-06-21T18:40:01Z,2026-06-21T20:40:01+0200,c0299f87-b988-4d8b-a611-962c285e5a18,2026-06-19T18:45:00Z,2026-06-19T20:45:00+0200,143.63,EUR/MWh,FR,FR,day_ahead_price,value,2026-06-21T18:40:53Z
2026-06-21T18:40:01Z,2026-06-21T20:40:01+0200,c0299f87-b988-4d8b-a611-962c285e5a18,2026-06-19T19:00:00Z,2026-06-19T21:00:00+0200,138.73,EUR/MWh,FR,FR,day_ahead_price,value,2026-06-21T18:40:53Z
2026-06-21T18:40:01Z,2026-06-21T20:40:01+0200,c0299f87-b988-4d8b-a611-962c285e5a18,2026-06-19T19:15:00Z,2026-06-19T21:15:00+0200,142.67,EUR/MWh,FR,FR,day_ahead_price,value,2026-06-21T18:40:53Z
2026-06-21T18:40:01Z,2026-06-21T20:40:01+0200,c0299f87-b988-4d8b-a611-962c285e5a18,2026-06-19T19:30:00Z,2026-06-19T21:30:00+0200,145.0,EUR/MWh,FR,FR,day_ahead_price,value,2026-06-21T18:40:53Z
2026-06-21T18:40:01Z,2026-06-21T20:40:01+0200,c0299f87-b988-4d8b-a611-962c285e5a18,2026-06-19T19:45:00Z,2026-06-19T21:45:00+0200,142.46,EUR/MWh,FR,FR,day_ahead_price,value,2026-06-21T18:40:53Z
2026-06-21T18:40:01Z,2026-06-21T20:40:01+0200,c0299f87-b988-4d8b-a611-962c285e5a18,2026-06-19T20:00:00Z,2026-06-19T22:00:00+0200,150.01,EUR/MWh,FR,FR,day_ahead_price,value,2026-06-21T18:40:53Z
2026-06-21T18:40:01Z,2026-06-21T20:40:01+0200,c0299f87-b988-4d8b-a611-962c285e5a18,2026-06-19T20:15:00Z,2026-06-19T22:15:00+0200,149.74,EUR/MWh,FR,FR,day_ahead_price,value,2026-06-21T18:40:53Z
2026-06-21T18:40:01Z,2026-06-21T20:40:01+0200,c0299f87-b988-4d8b-a611-962c285e5a18,2026-06-19T20:30:00Z,2026-06-19T22:30:00+0200,150.0,EUR/MWh,FR,FR,day_ahead_price,value,2026-06-21T18:40:53Z
2026-06-21T18:40:01Z,2026-06-21T20:40:01+0200,c0299f87-b988-4d8b-a611-962c285e5a18,2026-06-19T20:45:00Z,2026-06-19T22:45:00+0200,144.12,EUR/MWh,FR,FR,day_ahead_price,value,2026-06-21T18:40:53Z
2026-06-21T18:40:01Z,2026-06-21T20:40:01+0200,c0299f87-b988-4d8b-a611-962c285e5a18,2026-06-19T21:00:00Z,2026-06-19T23:00:00+0200,144.47,EUR/MWh,FR,FR,day_ahead_price,value,2026-06-21T18:40:53Z
2026-06-21T18:40:01Z,2026-06-21T20:40:01+0200,c0299f87-b988-4d8b-a611-962c285e5a18,2026-06-19T21:15:00Z,2026-06-19T23:15:00+0200,137.82,EUR/MWh,FR,FR,day_ahead_price,value,2026-06-21T18:40:53Z
2026-06-21T18:40:01Z,2026-06-21T20:40:01+0200,c0299f87-b988-4d8b-a611-962c285e5a18,2026-06-19T21:30:00Z,2026-06-19T23:30:00+0200,131.96,EUR/MWh,FR,FR,day_ahead_price,value,2026-06-21T18:40:53Z
2026-06-21T18:40:01Z,2026-06-21T20:40:01+0200,c0299f87-b988-4d8b-a611-962c285e5a18,2026-06-19T21:45:00Z,2026-06-19T23:45:00+0200,126.6,EUR/MWh,FR,FR,day_ahead_price,value,2026-06-21T18:40:53Z
2026-06-21T18:40:01Z,2026-06-21T20:40:01+0200,c0299f87-b988-4d8b-a611-962c285e5a18,2026-06-19T22:00:00Z,2026-06-20T00:00:00+0200,129.45,EUR/MWh,FR,FR,day_ahead_price,value,2026-06-21T18:40:53Z
2026-06-21T18:40:01Z,2026-06-21T20:40:01+0200,c0299f87-b988-4d8b-a611-962c285e5a18,2026-06-19T22:15:00Z,2026-06-20T00:15:00+0200,128.3,EUR/MWh,FR,FR,day_ahead_price,value,2026-06-21T18:40:53Z
2026-06-21T18:40:01Z,2026-06-21T20:40:01+0200,c0299f87-b988-4d8b-a611-962c285e5a18,2026-06-19T22:30:00Z,2026-06-20T00:30:00+0200,120.0,EUR/MWh,FR,FR,day_ahead_price,value,2026-06-21T18:40:53Z
2026-06-21T18:40:01Z,2026-06-21T20:40:01+0200,c0299f87-b988-4d8b-a611-962c285e5a18,2026-06-19T22:45:00Z,2026-06-20T00:45:00+0200,117.95,EUR/MWh,FR,FR,day_ahead_price,value,2026-06-21T18:40:53Z
2026-06-21T18:40:01Z,2026-06-21T20:40:01+0200,c0299f87-b988-4d8b-a611-962c285e5a18,2026-06-19T23:00:00Z,2026-06-20T01:00:00+0200,123.6,EUR/MWh,FR,FR,day_ahead_price,value,2026-06-21T18:40:53Z
2026-06-21T18:40:01Z,2026-06-21T20:40:01+0200,c0299f87-b988-4d8b-a611-962c285e5a18,2026-06-19T23:15:00Z,2026-06-20T01:15:00+0200,120.16,EUR/MWh,FR,FR,day_ahead_price,value,2026-06-21T18:40:53Z
2026-06-21T18:40:01Z,2026-06-21T20:40:01+0200,c0299f87-b988-4d8b-a611-962c285e5a18,2026-06-19T23:30:00Z,2026-06-20T01:30:00+0200,120.05,EUR/MWh,FR,FR,day_ahead_price,value,2026-06-21T18:40:53Z
2026-06-21T18:40:01Z,2026-06-21T20:40:01+0200,c0299f87-b988-4d8b-a611-962c285e5a18,2026-06-19T23:45:00Z,2026-06-20T01:45:00+0200,120.0,EUR/MWh,FR,FR,day_ahead_price,value,2026-06-21T18:40:53Z
2026-06-21T18:40:01Z,2026-06-21T20:40:01+0200,c0299f87-b988-4d8b-a611-962c285e5a18,2026-06-20T00:00:00Z,2026-06-20T02:00:00+0200,120.55,EUR/MWh,FR,FR,day_ahead_price,value,2026-06-21T18:40:53Z
2026-06-21T18:40:01Z,2026-06-21T20:40:01+0200,c0299f87-b988-4d8b-a611-962c285e5a18,2026-06-20T00:15:00Z,2026-06-20T02:15:00+0200,119.45,EUR/MWh,FR,FR,day_ahead_price,value,2026-06-21T18:40:53Z
2026-06-21T18:40:01Z,2026-06-21T20:40:01+0200,c0299f87-b988-4d8b-a611-962c285e5a18,2026-06-20T00:30:00Z,2026-06-20T02:30:00+0200,117.95,EUR/MWh,FR,FR,day_ahead_price,value,2026-06-21T18:40:53Z
2026-06-21T18:40:01Z,2026-06-21T20:40:01+0200,c0299f87-b988-4d8b-a611-962c285e5a18,2026-06-20T00:45:00Z,2026-06-20T02:45:00+0200,116.45,EUR/MWh,FR,FR,day_ahead_price,value,2026-06-21T18:40:53Z
2026-06-21T18:40:01Z,2026-06-21T20:40:01+0200,c0299f87-b988-4d8b-a611-962c285e5a18,2026-06-20T01:00:00Z,2026-06-20T03:00:00+0200,115.78,EUR/MWh,FR,FR,day_ahead_price,value,2026-06-21T18:40:53Z
2026-06-21T18:40:01Z,2026-06-21T20:40:01+0200,c0299f87-b988-4d8b-a611-962c285e5a18,2026-06-20T01:15:00Z,2026-06-20T03:15:00+0200,110.5,EUR/MWh,FR,FR,day_ahead_price,value,2026-06-21T18:40:53Z
2026-06-21T18:40:01Z,2026-06-21T20:40:01+0200,c0299f87-b988-4d8b-a611-962c285e5a18,2026-06-20T01:30:00Z,2026-06-20T03:30:00+0200,113.91,EUR/MWh,FR,FR,day_ahead_price,value,2026-06-21T18:40:53Z
2026-06-21T18:40:01Z,2026-06-21T20:40:01+0200,c0299f87-b988-4d8b-a611-962c285e5a18,2026-06-20T01:45:00Z,2026-06-20T03:45:00+0200,105.5,EUR/MWh,FR,FR,day_ahead_price,value,2026-06-21T18:40:53Z
2026-06-21T18:40:01Z,2026-06-21T20:40:01+0200,c0299f87-b988-4d8b-a611-962c285e5a18,2026-06-20T02:00:00Z,2026-06-20T04:00:00+0200,113.88,EUR/MWh,FR,FR,day_ahead_price,value,2026-06-21T18:40:53Z
2026-06-21T18:40:01Z,2026-06-21T20:40:01+0200,c0299f87-b988-4d8b-a611-962c285e5a18,2026-06-20T02:15:00Z,2026-06-20T04:15:00+0200,114.95,EUR/MWh,FR,FR,day_ahead_price,value,2026-06-21T18:40:53Z
2026-06-21T18:40:01Z,2026-06-21T20:40:01+0200,c0299f87-b988-4d8b-a611-962c285e5a18,2026-06-20T02:30:00Z,2026-06-20T04:30:00+0200,103.73,EUR/MWh,FR,FR,day_ahead_price,value,2026-06-21T18:40:53Z
2026-06-21T18:40:01Z,2026-06-21T20:40:01+0200,c0299f87-b988-4d8b-a611-962c285e5a18,2026-06-20T02:45:00Z,2026-06-20T04:45:00+0200,104.29,EUR/MWh,FR,FR,day_ahead_price,value,2026-06-21T18:40:53Z
2026-06-21T18:40:01Z,2026-06-21T20:40:01+0200,c0299f87-b988-4d8b-a611-962c285e5a18,2026-06-20T03:00:00Z,2026-06-20T05:00:00+0200,98.09,EUR/MWh,FR,FR,day_ahead_price,value,2026-06-21T18:40:53Z
2026-06-21T18:40:01Z,2026-06-21T20:40:01+0200,c0299f87-b988-4d8b-a611-962c285e5a18,2026-06-20T03:15:00Z,2026-06-20T05:15:00+0200,100.44,EUR/MWh,FR,FR,day_ahead_price,value,2026-06-21T18:40:53Z
2026-06-21T18:40:01Z,2026-06-21T20:40:01+0200,c0299f87-b988-4d8b-a611-962c285e5a18,2026-06-20T03:30:00Z,2026-06-20T05:30:00+0200,99.7,EUR/MWh,FR,FR,day_ahead_price,value,2026-06-21T18:40:53Z
2026-06-21T18:40:01Z,2026-06-21T20:40:01+0200,c0299f87-b988-4d8b-a611-962c285e5a18,2026-06-20T03:45:00Z,2026-06-20T05:45:00+0200,96.25,EUR/MWh,FR,FR,day_ahead_price,value,2026-06-21T18:40:53Z
2026-06-21T18:40:01Z,2026-06-21T20:40:01+0200,c0299f87-b988-4d8b-a611-962c285e5a18,2026-06-20T04:00:00Z,2026-06-20T06:00:00+0200,106.31,EUR/MWh,FR,FR,day_ahead_price,value,2026-06-21T18:40:53Z
2026-06-21T18:40:01Z,2026-06-21T20:40:01+0200,c0299f87-b988-4d8b-a611-962c285e5a18,2026-06-20T04:15:00Z,2026-06-20T06:15:00+0200,101.17,EUR/MWh,FR,FR,day_ahead_price,value,2026-06-21T18:40:53Z
2026-06-21T18:40:01Z,2026-06-21T20:40:01+0200,c0299f87-b988-4d8b-a611-962c285e5a18,2026-06-20T04:30:00Z,2026-06-20T06:30:00+0200,103.6,EUR/MWh,FR,FR,day_ahead_price,value,2026-06-21T18:40:53Z
2026-06-21T18:40:01Z,2026-06-21T20:40:01+0200,c0299f87-b988-4d8b-a611-962c285e5a18,2026-06-20T04:45:00Z,2026-06-20T06:45:00+0200,99.29,EUR/MWh,FR,FR,day_ahead_price,value,2026-06-21T18:40:53Z
2026-06-21T18:40:01Z,2026-06-21T20:40:01+0200,c0299f87-b988-4d8b-a611-962c285e5a18,2026-06-20T05:00:00Z,2026-06-20T07:00:00+0200,114.3,EUR/MWh,FR,FR,day_ahead_price,value,2026-06-21T18:40:53Z
2026-06-21T18:40:01Z,2026-06-21T20:40:01+0200,c0299f87-b988-4d8b-a611-962c285e5a18,2026-06-20T05:15:00Z,2026-06-20T07:15:00+0200,108.42,EUR/MWh,FR,FR,day_ahead_price,value,2026-06-21T18:40:53Z
2026-06-21T18:40:01Z,2026-06-21T20:40:01+0200,c0299f87-b988-4d8b-a611-962c285e5a18,2026-06-20T05:30:00Z,2026-06-20T07:30:00+0200,97.61,EUR/MWh,FR,FR,day_ahead_price,value,2026-06-21T18:40:53Z
2026-06-21T18:40:01Z,2026-06-21T20:40:01+0200,c0299f87-b988-4d8b-a611-962c285e5a18,2026-06-20T05:45:00Z,2026-06-20T07:45:00+0200,75.88,EUR/MWh,FR,FR,day_ahead_price,value,2026-06-21T18:40:53Z
2026-06-21T18:40:01Z,2026-06-21T20:40:01+0200,c0299f87-b988-4d8b-a611-962c285e5a18,2026-06-20T06:00:00Z,2026-06-20T08:00:00+0200,98.46,EUR/MWh,FR,FR,day_ahead_price,value,2026-06-21T18:40:53Z
2026-06-21T18:40:01Z,2026-06-21T20:40:01+0200,c0299f87-b988-4d8b-a611-962c285e5a18,2026-06-20T06:15:00Z,2026-06-20T08:15:00+0200,78.09,EUR/MWh,FR,FR,day_ahead_price,value,2026-06-21T18:40:53Z
2026-06-21T18:40:01Z,2026-06-21T20:40:01+0200,c0299f87-b988-4d8b-a611-962c285e5a18,2026-06-20T06:30:00Z,2026-06-20T08:30:00+0200,72.5,EUR/MWh,FR,FR,day_ahead_price,value,2026-06-21T18:40:53Z
2026-06-21T18:40:01Z,2026-06-21T20:40:01+0200,c0299f87-b988-4d8b-a611-962c285e5a18,2026-06-20T06:45:00Z,2026-06-20T08:45:00+0200,49.77,EUR/MWh,FR,FR,day_ahead_price,value,2026-06-21T18:40:53Z
2026-06-21T18:40:01Z,2026-06-21T20:40:01+0200,c0299f87-b988-4d8b-a611-962c285e5a18,2026-06-20T07:00:00Z,2026-06-20T09:00:00+0200,56.22,EUR/MWh,FR,FR,day_ahead_price,value,2026-06-21T18:40:53Z
2026-06-21T18:40:01Z,2026-06-21T20:40:01+0200,c0299f87-b988-4d8b-a611-962c285e5a18,2026-06-20T07:15:00Z,2026-06-20T09:15:00+0200,33.16,EUR/MWh,FR,FR,day_ahead_price,value,2026-06-21T18:40:53Z
2026-06-21T18:40:01Z,2026-06-21T20:40:01+0200,c0299f87-b988-4d8b-a611-962c285e5a18,2026-06-20T07:30:00Z,2026-06-20T09:30:00+0200,12.29,EUR/MWh,FR,FR,day_ahead_price,value,2026-06-21T18:40:53Z
2026-06-21T18:40:01Z,2026-06-21T20:40:01+0200,c0299f87-b988-4d8b-a611-962c285e5a18,2026-06-20T07:45:00Z,2026-06-20T09:45:00+0200,4.23,EUR/MWh,FR,FR,day_ahead_price,value,2026-06-21T18:40:53Z
2026-06-21T18:40:01Z,2026-06-21T20:40:01+0200,c0299f87-b988-4d8b-a611-962c285e5a18,2026-06-20T08:00:00Z,2026-06-20T10:00:00+0200,11.79,EUR/MWh,FR,FR,day_ahead_price,value,2026-06-21T18:40:53Z
2026-06-21T18:40:01Z,2026-06-21T20:40:01+0200,c0299f87-b988-4d8b-a611-962c285e5a18,2026-06-20T08:15:00Z,2026-06-20T10:15:00+0200,3.99,EUR/MWh,FR,FR,day_ahead_price,value,2026-06-21T18:40:53Z
2026-06-21T18:40:01Z,2026-06-21T20:40:01+0200,c0299f87-b988-4d8b-a611-962c285e5a18,2026-06-20T08:30:00Z,2026-06-20T10:30:00+0200,0.71,EUR/MWh,FR,FR,day_ahead_price,value,2026-06-21T18:40:53Z
2026-06-21T18:40:01Z,2026-06-21T20:40:01+0200,c0299f87-b988-4d8b-a611-962c285e5a18,2026-06-20T08:45:00Z,2026-06-20T10:45:00+0200,0.01,EUR/MWh,FR,FR,day_ahead_price,value,2026-06-21T18:40:53Z
2026-06-21T18:40:01Z,2026-06-21T20:40:01+0200,c0299f87-b988-4d8b-a611-962c285e5a18,2026-06-20T09:00:00Z,2026-06-20T11:00:00+0200,0.0,EUR/MWh,FR,FR,day_ahead_price,value,2026-06-21T18:40:53Z
2026-06-21T18:40:01Z,2026-06-21T20:40:01+0200,c0299f87-b988-4d8b-a611-962c285e5a18,2026-06-20T09:15:00Z,2026-06-20T11:15:00+0200,0.0,EUR/MWh,FR,FR,day_ahead_price,value,2026-06-21T18:40:53Z
2026-06-21T18:40:01Z,2026-06-21T20:40:01+0200,c0299f87-b988-4d8b-a611-962c285e5a18,2026-06-20T09:30:00Z,2026-06-20T11:30:00+0200,0.0,EUR/MWh,FR,FR,day_ahead_price,value,2026-06-21T18:40:53Z
2026-06-21T18:40:01Z,2026-06-21T20:40:01+0200,c0299f87-b988-4d8b-a611-962c285e5a18,2026-06-20T09:45:00Z,2026-06-20T11:45:00+0200,-0.01,EUR/MWh,FR,FR,day_ahead_price,value,2026-06-21T18:40:53Z
2026-06-21T18:40:01Z,2026-06-21T20:40:01+0200,c0299f87-b988-4d8b-a611-962c285e5a18,2026-06-20T10:00:00Z,2026-06-20T12:00:00+0200,-0.01,EUR/MWh,FR,FR,day_ahead_price,value,2026-06-21T18:40:53Z
2026-06-21T18:40:01Z,2026-06-21T20:40:01+0200,c0299f87-b988-4d8b-a611-962c285e5a18,2026-06-20T10:15:00Z,2026-06-20T12:15:00+0200,-0.01,EUR/MWh,FR,FR,day_ahead_price,value,2026-06-21T18:40:53Z
2026-06-21T18:40:01Z,2026-06-21T20:40:01+0200,c0299f87-b988-4d8b-a611-962c285e5a18,2026-06-20T10:30:00Z,2026-06-20T12:30:00+0200,-0.01,EUR/MWh,FR,FR,day_ahead_price,value,2026-06-21T18:40:53Z
2026-06-21T18:40:01Z,2026-06-21T20:40:01+0200,c0299f87-b988-4d8b-a611-962c285e5a18,2026-06-20T10:45:00Z,2026-06-20T12:45:00+0200,-0.01,EUR/MWh,FR,FR,day_ahead_price,value,2026-06-21T18:40:53Z
2026-06-21T18:40:01Z,2026-06-21T20:40:01+0200,c0299f87-b988-4d8b-a611-962c285e5a18,2026-06-20T11:00:00Z,2026-06-20T13:00:00+0200,-0.01,EUR/MWh,FR,FR,day_ahead_price,value,2026-06-21T18:40:53Z
2026-06-21T18:40:01Z,2026-06-21T20:40:01+0200,c0299f87-b988-4d8b-a611-962c285e5a18,2026-06-20T11:15:00Z,2026-06-20T13:15:00+0200,-0.02,EUR/MWh,FR,FR,day_ahead_price,value,2026-06-21T18:40:53Z
2026-06-21T18:40:01Z,2026-06-21T20:40:01+0200,c0299f87-b988-4d8b-a611-962c285e5a18,2026-06-20T11:30:00Z,2026-06-20T13:30:00+0200,-0.02,EUR/MWh,FR,FR,day_ahead_price,value,2026-06-21T18:40:53Z
2026-06-21T18:40:01Z,2026-06-21T20:40:01+0200,c0299f87-b988-4d8b-a611-962c285e5a18,2026-06-20T11:45:00Z,2026-06-20T13:45:00+0200,-0.02,EUR/MWh,FR,FR,day_ahead_price,value,2026-06-21T18:40:53Z
2026-06-21T18:40:01Z,2026-06-21T20:40:01+0200,c0299f87-b988-4d8b-a611-962c285e5a18,2026-06-20T12:00:00Z,2026-06-20T14:00:00+0200,-0.01,EUR/MWh,FR,FR,day_ahead_price,value,2026-06-21T18:40:53Z
2026-06-21T18:40:01Z,2026-06-21T20:40:01+0200,c0299f87-b988-4d8b-a611-962c285e5a18,2026-06-20T12:15:00Z,2026-06-20T14:15:00+0200,-0.01,EUR/MWh,FR,FR,day_ahead_price,value,2026-06-21T18:40:53Z
2026-06-21T18:40:01Z,2026-06-21T20:40:01+0200,c0299f87-b988-4d8b-a611-962c285e5a18,2026-06-20T12:30:00Z,2026-06-20T14:30:00+0200,-0.01,EUR/MWh,FR,FR,day_ahead_price,value,2026-06-21T18:40:53Z
2026-06-21T18:40:01Z,2026-06-21T20:40:01+0200,c0299f87-b988-4d8b-a611-962c285e5a18,2026-06-20T12:45:00Z,2026-06-20T14:45:00+0200,-0.01,EUR/MWh,FR,FR,day_ahead_price,value,2026-06-21T18:40:53Z
2026-06-21T18:40:01Z,2026-06-21T20:40:01+0200,c0299f87-b988-4d8b-a611-962c285e5a18,2026-06-20T13:00:00Z,2026-06-20T15:00:00+0200,0.0,EUR/MWh,FR,FR,day_ahead_price,value,2026-06-21T18:40:53Z
2026-06-21T18:40:01Z,2026-06-21T20:40:01+0200,c0299f87-b988-4d8b-a611-962c285e5a18,2026-06-20T13:15:00Z,2026-06-20T15:15:00+0200,0.0,EUR/MWh,FR,FR,day_ahead_price,value,2026-06-21T18:40:53Z
2026-06-21T18:40:01Z,2026-06-21T20:40:01+0200,c0299f87-b988-4d8b-a611-962c285e5a18,2026-06-20T13:30:00Z,2026-06-20T15:30:00+0200,0.0,EUR/MWh,FR,FR,day_ahead_price,value,2026-06-21T18:40:53Z
2026-06-21T18:40:01Z,2026-06-21T20:40:01+0200,c0299f87-b988-4d8b-a611-962c285e5a18,2026-06-20T13:45:00Z,2026-06-20T15:45:00+0200,1.0,EUR/MWh,FR,FR,day_ahead_price,value,2026-06-21T18:40:53Z
2026-06-21T18:40:01Z,2026-06-21T20:40:01+0200,c0299f87-b988-4d8b-a611-962c285e5a18,2026-06-20T14:00:00Z,2026-06-20T16:00:00+0200,0.15,EUR/MWh,FR,FR,day_ahead_price,value,2026-06-21T18:40:53Z
2026-06-21T18:40:01Z,2026-06-21T20:40:01+0200,c0299f87-b988-4d8b-a611-962c285e5a18,2026-06-20T14:15:00Z,2026-06-20T16:15:00+0200,5.11,EUR/MWh,FR,FR,day_ahead_price,value,2026-06-21T18:40:53Z
2026-06-21T18:40:01Z,2026-06-21T20:40:01+0200,c0299f87-b988-4d8b-a611-962c285e5a18,2026-06-20T14:30:00Z,2026-06-20T16:30:00+0200,16.18,EUR/MWh,FR,FR,day_ahead_price,value,2026-06-21T18:40:53Z
2026-06-21T18:40:01Z,2026-06-21T20:40:01+0200,c0299f87-b988-4d8b-a611-962c285e5a18,2026-06-20T14:45:00Z,2026-06-20T16:45:00+0200,31.23,EUR/MWh,FR,FR,day_ahead_price,value,2026-06-21T18:40:53Z
2026-06-21T18:40:01Z,2026-06-21T20:40:01+0200,c0299f87-b988-4d8b-a611-962c285e5a18,2026-06-20T15:00:00Z,2026-06-20T17:00:00+0200,9.72,EUR/MWh,FR,FR,day_ahead_price,value,2026-06-21T18:40:53Z
2026-06-21T18:40:01Z,2026-06-21T20:40:01+0200,c0299f87-b988-4d8b-a611-962c285e5a18,2026-06-20T15:15:00Z,2026-06-20T17:15:00+0200,15.61,EUR/MWh,FR,FR,day_ahead_price,value,2026-06-21T18:40:53Z
2026-06-21T18:40:01Z,2026-06-21T20:40:01+0200,c0299f87-b988-4d8b-a611-962c285e5a18,2026-06-20T15:30:00Z,2026-06-20T17:30:00+0200,62.45,EUR/MWh,FR,FR,day_ahead_price,value,2026-06-21T18:40:53Z
2026-06-21T18:40:01Z,2026-06-21T20:40:01+0200,c0299f87-b988-4d8b-a611-962c285e5a18,2026-06-20T15:45:00Z,2026-06-20T17:45:00+0200,132.22,EUR/MWh,FR,FR,day_ahead_price,value,2026-06-21T18:40:53Z
2026-06-21T18:40:01Z,2026-06-21T20:40:01+0200,c0299f87-b988-4d8b-a611-962c285e5a18,2026-06-20T16:00:00Z,2026-06-20T18:00:00+0200,85.65,EUR/MWh,FR,FR,day_ahead_price,value,2026-06-21T18:40:53Z
2026-06-21T18:40:01Z,2026-06-21T20:40:01+0200,c0299f87-b988-4d8b-a611-962c285e5a18,2026-06-20T16:15:00Z,2026-06-20T18:15:00+0200,95.51,EUR/MWh,FR,FR,day_ahead_price,value,2026-06-21T18:40:53Z
2026-06-21T18:40:01Z,2026-06-21T20:40:01+0200,c0299f87-b988-4d8b-a611-962c285e5a18,2026-06-20T16:30:00Z,2026-06-20T18:30:00+0200,123.54,EUR/MWh,FR,FR,day_ahead_price,value,2026-06-21T18:40:53Z
2026-06-21T18:40:01Z,2026-06-21T20:40:01+0200,c0299f87-b988-4d8b-a611-962c285e5a18,2026-06-20T16:45:00Z,2026-06-20T18:45:00+0200,134.9,EUR/MWh,FR,FR,day_ahead_price,value,2026-06-21T18:40:53Z
2026-06-21T18:40:01Z,2026-06-21T20:40:01+0200,c0299f87-b988-4d8b-a611-962c285e5a18,2026-06-20T17:00:00Z,2026-06-20T19:00:00+0200,55.73,EUR/MWh,FR,FR,day_ahead_price,value,2026-06-21T18:40:53Z
2026-06-21T18:40:01Z,2026-06-21T20:40:01+0200,c0299f87-b988-4d8b-a611-962c285e5a18,2026-06-20T17:15:00Z,2026-06-20T19:15:00+0200,106.98,EUR/MWh,FR,FR,day_ahead_price,value,2026-06-21T18:40:53Z
2026-06-21T18:40:01Z,2026-06-21T20:40:01+0200,c0299f87-b988-4d8b-a611-962c285e5a18,2026-06-20T17:30:00Z,2026-06-20T19:30:00+0200,113.45,EUR/MWh,FR,FR,day_ahead_price,value,2026-06-21T18:40:53Z
2026-06-21T18:40:01Z,2026-06-21T20:40:01+0200,c0299f87-b988-4d8b-a611-962c285e5a18,2026-06-20T17:45:00Z,2026-06-20T19:45:00+0200,125.92,EUR/MWh,FR,FR,day_ahead_price,value,2026-06-21T18:40:53Z
2026-06-21T18:40:01Z,2026-06-21T20:40:01+0200,c0299f87-b988-4d8b-a611-962c285e5a18,2026-06-20T18:00:00Z,2026-06-20T20:00:00+0200,90.0,EUR/MWh,FR,FR,day_ahead_price,value,2026-06-21T18:40:53Z
2026-06-21T18:40:01Z,2026-06-21T20:40:01+0200,c0299f87-b988-4d8b-a611-962c285e5a18,2026-06-20T18:15:00Z,2026-06-20T20:15:00+0200,110.3,EUR/MWh,FR,FR,day_ahead_price,value,2026-06-21T18:40:53Z
2026-06-21T18:40:01Z,2026-06-21T20:40:01+0200,c0299f87-b988-4d8b-a611-962c285e5a18,2026-06-20T18:30:00Z,2026-06-20T20:30:00+0200,116.34,EUR/MWh,FR,FR,day_ahead_price,value,2026-06-21T18:40:53Z
2026-06-21T18:40:01Z,2026-06-21T20:40:01+0200,c0299f87-b988-4d8b-a611-962c285e5a18,2026-06-20T18:45:00Z,2026-06-20T20:45:00+0200,123.6,EUR/MWh,FR,FR,day_ahead_price,value,2026-06-21T18:40:53Z
2026-06-21T18:40:01Z,2026-06-21T20:40:01+0200,c0299f87-b988-4d8b-a611-962c285e5a18,2026-06-20T19:00:00Z,2026-06-20T21:00:00+0200,120.0,EUR/MWh,FR,FR,day_ahead_price,value,2026-06-21T18:40:53Z
2026-06-21T18:40:01Z,2026-06-21T20:40:01+0200,c0299f87-b988-4d8b-a611-962c285e5a18,2026-06-20T19:15:00Z,2026-06-20T21:15:00+0200,123.0,EUR/MWh,FR,FR,day_ahead_price,value,2026-06-21T18:40:53Z
2026-06-21T18:40:01Z,2026-06-21T20:40:01+0200,c0299f87-b988-4d8b-a611-962c285e5a18,2026-06-20T19:30:00Z,2026-06-20T21:30:00+0200,124.52,EUR/MWh,FR,FR,day_ahead_price,value,2026-06-21T18:40:53Z
2026-06-21T18:40:01Z,2026-06-21T20:40:01+0200,c0299f87-b988-4d8b-a611-962c285e5a18,2026-06-20T19:45:00Z,2026-06-20T21:45:00+0200,124.8,EUR/MWh,FR,FR,day_ahead_price,value,2026-06-21T18:40:53Z
2026-06-21T18:40:01Z,2026-06-21T20:40:01+0200,c0299f87-b988-4d8b-a611-962c285e5a18,2026-06-20T20:00:00Z,2026-06-20T22:00:00+0200,129.06,EUR/MWh,FR,FR,day_ahead_price,value,2026-06-21T18:40:53Z
2026-06-21T18:40:01Z,2026-06-21T20:40:01+0200,c0299f87-b988-4d8b-a611-962c285e5a18,2026-06-20T20:15:00Z,2026-06-20T22:15:00+0200,128.9,EUR/MWh,FR,FR,day_ahead_price,value,2026-06-21T18:40:53Z
2026-06-21T18:40:01Z,2026-06-21T20:40:01+0200,c0299f87-b988-4d8b-a611-962c285e5a18,2026-06-20T20:30:00Z,2026-06-20T22:30:00+0200,129.45,EUR/MWh,FR,FR,day_ahead_price,value,2026-06-21T18:40:53Z
2026-06-21T18:40:01Z,2026-06-21T20:40:01+0200,c0299f87-b988-4d8b-a611-962c285e5a18,2026-06-20T20:45:00Z,2026-06-20T22:45:00+0200,128.9,EUR/MWh,FR,FR,day_ahead_price,value,2026-06-21T18:40:53Z
2026-06-21T18:40:01Z,2026-06-21T20:40:01+0200,c0299f87-b988-4d8b-a611-962c285e5a18,2026-06-20T21:00:00Z,2026-06-20T23:00:00+0200,126.95,EUR/MWh,FR,FR,day_ahead_price,value,2026-06-21T18:40:53Z
2026-06-21T18:40:01Z,2026-06-21T20:40:01+0200,c0299f87-b988-4d8b-a611-962c285e5a18,2026-06-20T21:15:00Z,2026-06-20T23:15:00+0200,121.0,EUR/MWh,FR,FR,day_ahead_price,value,2026-06-21T18:40:53Z
2026-06-21T18:40:01Z,2026-06-21T20:40:01+0200,c0299f87-b988-4d8b-a611-962c285e5a18,2026-06-20T21:30:00Z,2026-06-20T23:30:00+0200,121.49,EUR/MWh,FR,FR,day_ahead_price,value,2026-06-21T18:40:53Z
2026-06-21T18:40:01Z,2026-06-21T20:40:01+0200,c0299f87-b988-4d8b-a611-962c285e5a18,2026-06-20T21:45:00Z,2026-06-20T23:45:00+0200,117.95,EUR/MWh,FR,FR,day_ahead_price,value,2026-06-21T18:40:53Z
2026-06-21T18:40:01Z,2026-06-21T20:40:01+0200,c0299f87-b988-4d8b-a611-962c285e5a18,2026-06-20T22:00:00Z,2026-06-21T00:00:00+0200,121.34,EUR/MWh,FR,FR,day_ahead_price,value,2026-06-21T18:40:53Z
2026-06-21T18:40:01Z,2026-06-21T20:40:01+0200,c0299f87-b988-4d8b-a611-962c285e5a18,2026-06-20T22:15:00Z,2026-06-21T00:15:00+0200,119.3,EUR/MWh,FR,FR,day_ahead_price,value,2026-06-21T18:40:53Z
2026-06-21T18:40:01Z,2026-06-21T20:40:01+0200,c0299f87-b988-4d8b-a611-962c285e5a18,2026-06-20T22:30:00Z,2026-06-21T00:30:00+0200,117.0,EUR/MWh,FR,FR,day_ahead_price,value,2026-06-21T18:40:53Z
2026-06-21T18:40:01Z,2026-06-21T20:40:01+0200,c0299f87-b988-4d8b-a611-962c285e5a18,2026-06-20T22:45:00Z,2026-06-21T00:45:00+0200,115.78,EUR/MWh,FR,FR,day_ahead_price,value,2026-06-21T18:40:53Z
2026-06-21T18:40:01Z,2026-06-21T20:40:01+0200,c0299f87-b988-4d8b-a611-962c285e5a18,2026-06-20T23:00:00Z,2026-06-21T01:00:00+0200,116.02,EUR/MWh,FR,FR,day_ahead_price,value,2026-06-21T18:40:53Z
2026-06-21T18:40:01Z,2026-06-21T20:40:01+0200,c0299f87-b988-4d8b-a611-962c285e5a18,2026-06-20T23:15:00Z,2026-06-21T01:15:00+0200,113.77,EUR/MWh,FR,FR,day_ahead_price,value,2026-06-21T18:40:53Z
2026-06-21T18:40:01Z,2026-06-21T20:40:01+0200,c0299f87-b988-4d8b-a611-962c285e5a18,2026-06-20T23:30:00Z,2026-06-21T01:30:00+0200,115.54,EUR/MWh,FR,FR,day_ahead_price,value,2026-06-21T18:40:53Z
2026-06-21T18:40:01Z,2026-06-21T20:40:01+0200,c0299f87-b988-4d8b-a611-962c285e5a18,2026-06-20T23:45:00Z,2026-06-21T01:45:00+0200,111.52,EUR/MWh,FR,FR,day_ahead_price,value,2026-06-21T18:40:53Z
2026-06-21T18:40:01Z,2026-06-21T20:40:01+0200,c0299f87-b988-4d8b-a611-962c285e5a18,2026-06-21T00:00:00Z,2026-06-21T02:00:00+0200,111.3,EUR/MWh,FR,FR,day_ahead_price,value,2026-06-21T18:40:53Z
2026-06-21T18:40:01Z,2026-06-21T20:40:01+0200,c0299f87-b988-4d8b-a611-962c285e5a18,2026-06-21T00:15:00Z,2026-06-21T02:15:00+0200,112.9,EUR/MWh,FR,FR,day_ahead_price,value,2026-06-21T18:40:53Z
2026-06-21T18:40:01Z,2026-06-21T20:40:01+0200,c0299f87-b988-4d8b-a611-962c285e5a18,2026-06-21T00:30:00Z,2026-06-21T02:30:00+0200,107.0,EUR/MWh,FR,FR,day_ahead_price,value,2026-06-21T18:40:53Z
2026-06-21T18:40:01Z,2026-06-21T20:40:01+0200,c0299f87-b988-4d8b-a611-962c285e5a18,2026-06-21T00:45:00Z,2026-06-21T02:45:00+0200,98.35,EUR/MWh,FR,FR,day_ahead_price,value,2026-06-21T18:40:53Z
2026-06-21T18:40:01Z,2026-06-21T20:40:01+0200,c0299f87-b988-4d8b-a611-962c285e5a18,2026-06-21T01:00:00Z,2026-06-21T03:00:00+0200,110.0,EUR/MWh,FR,FR,day_ahead_price,value,2026-06-21T18:40:53Z
2026-06-21T18:40:01Z,2026-06-21T20:40:01+0200,c0299f87-b988-4d8b-a611-962c285e5a18,2026-06-21T01:15:00Z,2026-06-21T03:15:00+0200,90.32,EUR/MWh,FR,FR,day_ahead_price,value,2026-06-21T18:40:53Z
2026-06-21T18:40:01Z,2026-06-21T20:40:01+0200,c0299f87-b988-4d8b-a611-962c285e5a18,2026-06-21T01:30:00Z,2026-06-21T03:30:00+0200,88.17,EUR/MWh,FR,FR,day_ahead_price,value,2026-06-21T18:40:53Z
2026-06-21T18:40:01Z,2026-06-21T20:40:01+0200,c0299f87-b988-4d8b-a611-962c285e5a18,2026-06-21T01:45:00Z,2026-06-21T03:45:00+0200,62.78,EUR/MWh,FR,FR,day_ahead_price,value,2026-06-21T18:40:53Z
2026-06-21T18:40:01Z,2026-06-21T20:40:01+0200,c0299f87-b988-4d8b-a611-962c285e5a18,2026-06-21T02:00:00Z,2026-06-21T04:00:00+0200,81.66,EUR/MWh,FR,FR,day_ahead_price,value,2026-06-21T18:40:53Z
2026-06-21T18:40:01Z,2026-06-21T20:40:01+0200,c0299f87-b988-4d8b-a611-962c285e5a18,2026-06-21T02:15:00Z,2026-06-21T04:15:00+0200,74.16,EUR/MWh,FR,FR,day_ahead_price,value,2026-06-21T18:40:53Z
2026-06-21T18:40:01Z,2026-06-21T20:40:01+0200,c0299f87-b988-4d8b-a611-962c285e5a18,2026-06-21T02:30:00Z,2026-06-21T04:30:00+0200,93.0,EUR/MWh,FR,FR,day_ahead_price,value,2026-06-21T18:40:53Z
2026-06-21T18:40:01Z,2026-06-21T20:40:01+0200,c0299f87-b988-4d8b-a611-962c285e5a18,2026-06-21T02:45:00Z,2026-06-21T04:45:00+0200,74.16,EUR/MWh,FR,FR,day_ahead_price,value,2026-06-21T18:40:53Z
2026-06-21T18:40:01Z,2026-06-21T20:40:01+0200,c0299f87-b988-4d8b-a611-962c285e5a18,2026-06-21T03:00:00Z,2026-06-21T05:00:00+0200,64.47,EUR/MWh,FR,FR,day_ahead_price,value,2026-06-21T18:40:53Z
2026-06-21T18:40:01Z,2026-06-21T20:40:01+0200,c0299f87-b988-4d8b-a611-962c285e5a18,2026-06-21T03:15:00Z,2026-06-21T05:15:00+0200,73.11,EUR/MWh,FR,FR,day_ahead_price,value,2026-06-21T18:40:53Z
2026-06-21T18:40:01Z,2026-06-21T20:40:01+0200,c0299f87-b988-4d8b-a611-962c285e5a18,2026-06-21T03:30:00Z,2026-06-21T05:30:00+0200,70.09,EUR/MWh,FR,FR,day_ahead_price,value,2026-06-21T18:40:53Z
2026-06-21T18:40:01Z,2026-06-21T20:40:01+0200,c0299f87-b988-4d8b-a611-962c285e5a18,2026-06-21T03:45:00Z,2026-06-21T05:45:00+0200,55.13,EUR/MWh,FR,FR,day_ahead_price,value,2026-06-21T18:40:53Z
2026-06-21T18:40:01Z,2026-06-21T20:40:01+0200,c0299f87-b988-4d8b-a611-962c285e5a18,2026-06-21T04:00:00Z,2026-06-21T06:00:00+0200,69.18,EUR/MWh,FR,FR,day_ahead_price,value,2026-06-21T18:40:53Z
2026-06-21T18:40:01Z,2026-06-21T20:40:01+0200,c0299f87-b988-4d8b-a611-962c285e5a18,2026-06-21T04:15:00Z,2026-06-21T06:15:00+0200,80.0,EUR/MWh,FR,FR,day_ahead_price,value,2026-06-21T18:40:53Z
2026-06-21T18:40:01Z,2026-06-21T20:40:01+0200,c0299f87-b988-4d8b-a611-962c285e5a18,2026-06-21T04:30:00Z,2026-06-21T06:30:00+0200,67.38,EUR/MWh,FR,FR,day_ahead_price,value,2026-06-21T18:40:53Z
2026-06-21T18:40:01Z,2026-06-21T20:40:01+0200,c0299f87-b988-4d8b-a611-962c285e5a18,2026-06-21T04:45:00Z,2026-06-21T06:45:00+0200,37.84,EUR/MWh,FR,FR,day_ahead_price,value,2026-06-21T18:40:53Z
2026-06-21T18:40:01Z,2026-06-21T20:40:01+0200,c0299f87-b988-4d8b-a611-962c285e5a18,2026-06-21T05:00:00Z,2026-06-21T07:00:00+0200,80.16,EUR/MWh,FR,FR,day_ahead_price,value,2026-06-21T18:40:53Z
2026-06-21T18:40:01Z,2026-06-21T20:40:01+0200,c0299f87-b988-4d8b-a611-962c285e5a18,2026-06-21T05:15:00Z,2026-06-21T07:15:00+0200,54.22,EUR/MWh,FR,FR,day_ahead_price,value,2026-06-21T18:40:53Z
2026-06-21T18:40:01Z,2026-06-21T20:40:01+0200,c0299f87-b988-4d8b-a611-962c285e5a18,2026-06-21T05:30:00Z,2026-06-21T07:30:00+0200,61.31,EUR/MWh,FR,FR,day_ahead_price,value,2026-06-21T18:40:53Z
2026-06-21T18:40:01Z,2026-06-21T20:40:01+0200,c0299f87-b988-4d8b-a611-962c285e5a18,2026-06-21T05:45:00Z,2026-06-21T07:45:00+0200,43.41,EUR/MWh,FR,FR,day_ahead_price,value,2026-06-21T18:40:53Z
2026-06-21T18:40:01Z,2026-06-21T20:40:01+0200,c0299f87-b988-4d8b-a611-962c285e5a18,2026-06-21T06:00:00Z,2026-06-21T08:00:00+0200,49.99,EUR/MWh,FR,FR,day_ahead_price,value,2026-06-21T18:40:53Z
2026-06-21T18:40:01Z,2026-06-21T20:40:01+0200,c0299f87-b988-4d8b-a611-962c285e5a18,2026-06-21T06:15:00Z,2026-06-21T08:15:00+0200,27.68,EUR/MWh,FR,FR,day_ahead_price,value,2026-06-21T18:40:53Z
2026-06-21T18:40:01Z,2026-06-21T20:40:01+0200,c0299f87-b988-4d8b-a611-962c285e5a18,2026-06-21T06:30:00Z,2026-06-21T08:30:00+0200,2.13,EUR/MWh,FR,FR,day_ahead_price,value,2026-06-21T18:40:53Z
2026-06-21T18:40:01Z,2026-06-21T20:40:01+0200,c0299f87-b988-4d8b-a611-962c285e5a18,2026-06-21T06:45:00Z,2026-06-21T08:45:00+0200,0.0,EUR/MWh,FR,FR,day_ahead_price,value,2026-06-21T18:40:53Z
2026-06-21T18:40:01Z,2026-06-21T20:40:01+0200,c0299f87-b988-4d8b-a611-962c285e5a18,2026-06-21T07:00:00Z,2026-06-21T09:00:00+0200,0.84,EUR/MWh,FR,FR,day_ahead_price,value,2026-06-21T18:40:53Z
2026-06-21T18:40:01Z,2026-06-21T20:40:01+0200,c0299f87-b988-4d8b-a611-962c285e5a18,2026-06-21T07:15:00Z,2026-06-21T09:15:00+0200,0.01,EUR/MWh,FR,FR,day_ahead_price,value,2026-06-21T18:40:53Z
2026-06-21T18:40:01Z,2026-06-21T20:40:01+0200,c0299f87-b988-4d8b-a611-962c285e5a18,2026-06-21T07:30:00Z,2026-06-21T09:30:00+0200,0.0,EUR/MWh,FR,FR,day_ahead_price,value,2026-06-21T18:40:53Z
2026-06-21T18:40:01Z,2026-06-21T20:40:01+0200,c0299f87-b988-4d8b-a611-962c285e5a18,2026-06-21T07:45:00Z,2026-06-21T09:45:00+0200,0.0,EUR/MWh,FR,FR,day_ahead_price,value,2026-06-21T18:40:53Z
2026-06-21T18:40:01Z,2026-06-21T20:40:01+0200,c0299f87-b988-4d8b-a611-962c285e5a18,2026-06-21T08:00:00Z,2026-06-21T10:00:00+0200,4.1,EUR/MWh,FR,FR,day_ahead_price,value,2026-06-21T18:40:53Z
2026-06-21T18:40:01Z,2026-06-21T20:40:01+0200,c0299f87-b988-4d8b-a611-962c285e5a18,2026-06-21T08:15:00Z,2026-06-21T10:15:00+0200,1.31,EUR/MWh,FR,FR,day_ahead_price,value,2026-06-21T18:40:53Z
2026-06-21T18:40:01Z,2026-06-21T20:40:01+0200,c0299f87-b988-4d8b-a611-962c285e5a18,2026-06-21T08:30:00Z,2026-06-21T10:30:00+0200,0.04,EUR/MWh,FR,FR,day_ahead_price,value,2026-06-21T18:40:53Z
2026-06-21T18:40:01Z,2026-06-21T20:40:01+0200,c0299f87-b988-4d8b-a611-962c285e5a18,2026-06-21T08:45:00Z,2026-06-21T10:45:00+0200,0.0,EUR/MWh,FR,FR,day_ahead_price,value,2026-06-21T18:40:53Z
2026-06-21T18:40:01Z,2026-06-21T20:40:01+0200,c0299f87-b988-4d8b-a611-962c285e5a18,2026-06-21T09:00:00Z,2026-06-21T11:00:00+0200,0.0,EUR/MWh,FR,FR,day_ahead_price,value,2026-06-21T18:40:53Z
2026-06-21T18:40:01Z,2026-06-21T20:40:01+0200,c0299f87-b988-4d8b-a611-962c285e5a18,2026-06-21T09:15:00Z,2026-06-21T11:15:00+0200,0.0,EUR/MWh,FR,FR,day_ahead_price,value,2026-06-21T18:40:53Z
2026-06-21T18:40:01Z,2026-06-21T20:40:01+0200,c0299f87-b988-4d8b-a611-962c285e5a18,2026-06-21T09:30:00Z,2026-06-21T11:30:00+0200,0.0,EUR/MWh,FR,FR,day_ahead_price,value,2026-06-21T18:40:53Z
2026-06-21T18:40:01Z,2026-06-21T20:40:01+0200,c0299f87-b988-4d8b-a611-962c285e5a18,2026-06-21T09:45:00Z,2026-06-21T11:45:00+0200,-0.01,EUR/MWh,FR,FR,day_ahead_price,value,2026-06-21T18:40:53Z
2026-06-21T18:40:01Z,2026-06-21T20:40:01+0200,c0299f87-b988-4d8b-a611-962c285e5a18,2026-06-21T10:00:00Z,2026-06-21T12:00:00+0200,0.0,EUR/MWh,FR,FR,day_ahead_price,value,2026-06-21T18:40:53Z
2026-06-21T18:40:01Z,2026-06-21T20:40:01+0200,c0299f87-b988-4d8b-a611-962c285e5a18,2026-06-21T10:15:00Z,2026-06-21T12:15:00+0200,-0.01,EUR/MWh,FR,FR,day_ahead_price,value,2026-06-21T18:40:53Z
2026-06-21T18:40:01Z,2026-06-21T20:40:01+0200,c0299f87-b988-4d8b-a611-962c285e5a18,2026-06-21T10:30:00Z,2026-06-21T12:30:00+0200,-0.01,EUR/MWh,FR,FR,day_ahead_price,value,2026-06-21T18:40:53Z
2026-06-21T18:40:01Z,2026-06-21T20:40:01+0200,c0299f87-b988-4d8b-a611-962c285e5a18,2026-06-21T10:45:00Z,2026-06-21T12:45:00+0200,-0.01,EUR/MWh,FR,FR,day_ahead_price,value,2026-06-21T18:40:53Z
2026-06-21T18:40:01Z,2026-06-21T20:40:01+0200,c0299f87-b988-4d8b-a611-962c285e5a18,2026-06-21T11:00:00Z,2026-06-21T13:00:00+0200,-0.01,EUR/MWh,FR,FR,day_ahead_price,value,2026-06-21T18:40:53Z
2026-06-21T18:40:01Z,2026-06-21T20:40:01+0200,c0299f87-b988-4d8b-a611-962c285e5a18,2026-06-21T11:15:00Z,2026-06-21T13:15:00+0200,-0.01,EUR/MWh,FR,FR,day_ahead_price,value,2026-06-21T18:40:53Z
2026-06-21T18:40:01Z,2026-06-21T20:40:01+0200,c0299f87-b988-4d8b-a611-962c285e5a18,2026-06-21T11:30:00Z,2026-06-21T13:30:00+0200,-0.01,EUR/MWh,FR,FR,day_ahead_price,value,2026-06-21T18:40:53Z
2026-06-21T18:40:01Z,2026-06-21T20:40:01+0200,c0299f87-b988-4d8b-a611-962c285e5a18,2026-06-21T11:45:00Z,2026-06-21T13:45:00+0200,-0.01,EUR/MWh,FR,FR,day_ahead_price,value,2026-06-21T18:40:53Z
2026-06-21T18:40:01Z,2026-06-21T20:40:01+0200,c0299f87-b988-4d8b-a611-962c285e5a18,2026-06-21T12:00:00Z,2026-06-21T14:00:00+0200,-0.01,EUR/MWh,FR,FR,day_ahead_price,value,2026-06-21T18:40:53Z
2026-06-21T18:40:01Z,2026-06-21T20:40:01+0200,c0299f87-b988-4d8b-a611-962c285e5a18,2026-06-21T12:15:00Z,2026-06-21T14:15:00+0200,-0.01,EUR/MWh,FR,FR,day_ahead_price,value,2026-06-21T18:40:53Z
2026-06-21T18:40:01Z,2026-06-21T20:40:01+0200,c0299f87-b988-4d8b-a611-962c285e5a18,2026-06-21T12:30:00Z,2026-06-21T14:30:00+0200,0.0,EUR/MWh,FR,FR,day_ahead_price,value,2026-06-21T18:40:53Z
2026-06-21T18:40:01Z,2026-06-21T20:40:01+0200,c0299f87-b988-4d8b-a611-962c285e5a18,2026-06-21T12:45:00Z,2026-06-21T14:45:00+0200,0.0,EUR/MWh,FR,FR,day_ahead_price,value,2026-06-21T18:40:53Z
2026-06-21T18:40:01Z,2026-06-21T20:40:01+0200,c0299f87-b988-4d8b-a611-962c285e5a18,2026-06-21T13:00:00Z,2026-06-21T15:00:00+0200,0.0,EUR/MWh,FR,FR,day_ahead_price,value,2026-06-21T18:40:53Z
2026-06-21T18:40:01Z,2026-06-21T20:40:01+0200,c0299f87-b988-4d8b-a611-962c285e5a18,2026-06-21T13:15:00Z,2026-06-21T15:15:00+0200,0.0,EUR/MWh,FR,FR,day_ahead_price,value,2026-06-21T18:40:53Z
2026-06-21T18:40:01Z,2026-06-21T20:40:01+0200,c0299f87-b988-4d8b-a611-962c285e5a18,2026-06-21T13:30:00Z,2026-06-21T15:30:00+0200,0.0,EUR/MWh,FR,FR,day_ahead_price,value,2026-06-21T18:40:53Z
2026-06-21T18:40:01Z,2026-06-21T20:40:01+0200,c0299f87-b988-4d8b-a611-962c285e5a18,2026-06-21T13:45:00Z,2026-06-21T15:45:00+0200,0.03,EUR/MWh,FR,FR,day_ahead_price,value,2026-06-21T18:40:53Z
2026-06-21T18:40:01Z,2026-06-21T20:40:01+0200,c0299f87-b988-4d8b-a611-962c285e5a18,2026-06-21T14:00:00Z,2026-06-21T16:00:00+0200,0.11,EUR/MWh,FR,FR,day_ahead_price,value,2026-06-21T18:40:53Z
2026-06-21T18:40:01Z,2026-06-21T20:40:01+0200,c0299f87-b988-4d8b-a611-962c285e5a18,2026-06-21T14:15:00Z,2026-06-21T16:15:00+0200,2.05,EUR/MWh,FR,FR,day_ahead_price,value,2026-06-21T18:40:53Z
2026-06-21T18:40:01Z,2026-06-21T20:40:01+0200,c0299f87-b988-4d8b-a611-962c285e5a18,2026-06-21T14:30:00Z,2026-06-21T16:30:00+0200,6.85,EUR/MWh,FR,FR,day_ahead_price,value,2026-06-21T18:40:53Z
2026-06-21T18:40:01Z,2026-06-21T20:40:01+0200,c0299f87-b988-4d8b-a611-962c285e5a18,2026-06-21T14:45:00Z,2026-06-21T16:45:00+0200,23.74,EUR/MWh,FR,FR,day_ahead_price,value,2026-06-21T18:40:53Z
2026-06-21T18:40:01Z,2026-06-21T20:40:01+0200,c0299f87-b988-4d8b-a611-962c285e5a18,2026-06-21T15:00:00Z,2026-06-21T17:00:00+0200,4.85,EUR/MWh,FR,FR,day_ahead_price,value,2026-06-21T18:40:53Z
2026-06-21T18:40:01Z,2026-06-21T20:40:01+0200,c0299f87-b988-4d8b-a611-962c285e5a18,2026-06-21T15:15:00Z,2026-06-21T17:15:00+0200,7.77,EUR/MWh,FR,FR,day_ahead_price,value,2026-06-21T18:40:53Z
2026-06-21T18:40:01Z,2026-06-21T20:40:01+0200,c0299f87-b988-4d8b-a611-962c285e5a18,2026-06-21T15:30:00Z,2026-06-21T17:30:00+0200,37.74,EUR/MWh,FR,FR,day_ahead_price,value,2026-06-21T18:40:53Z
2026-06-21T18:40:01Z,2026-06-21T20:40:01+0200,c0299f87-b988-4d8b-a611-962c285e5a18,2026-06-21T15:45:00Z,2026-06-21T17:45:00+0200,54.12,EUR/MWh,FR,FR,day_ahead_price,value,2026-06-21T18:40:53Z
2026-06-21T18:40:01Z,2026-06-21T20:40:01+0200,c0299f87-b988-4d8b-a611-962c285e5a18,2026-06-21T16:00:00Z,2026-06-21T18:00:00+0200,45.13,EUR/MWh,FR,FR,day_ahead_price,value,2026-06-21T18:40:53Z
2026-06-21T18:40:01Z,2026-06-21T20:40:01+0200,c0299f87-b988-4d8b-a611-962c285e5a18,2026-06-21T16:15:00Z,2026-06-21T18:15:00+0200,91.87,EUR/MWh,FR,FR,day_ahead_price,value,2026-06-21T18:40:53Z
2026-06-21T18:40:01Z,2026-06-21T20:40:01+0200,c0299f87-b988-4d8b-a611-962c285e5a18,2026-06-21T16:30:00Z,2026-06-21T18:30:00+0200,103.7,EUR/MWh,FR,FR,day_ahead_price,value,2026-06-21T18:40:53Z
2026-06-21T18:40:01Z,2026-06-21T20:40:01+0200,c0299f87-b988-4d8b-a611-962c285e5a18,2026-06-21T16:45:00Z,2026-06-21T18:45:00+0200,132.83,EUR/MWh,FR,FR,day_ahead_price,value,2026-06-21T18:40:53Z
2026-06-21T18:40:01Z,2026-06-21T20:40:01+0200,c0299f87-b988-4d8b-a611-962c285e5a18,2026-06-21T17:00:00Z,2026-06-21T19:00:00+0200,72.38,EUR/MWh,FR,FR,day_ahead_price,value,2026-06-21T18:40:53Z
2026-06-21T18:40:01Z,2026-06-21T20:40:01+0200,c0299f87-b988-4d8b-a611-962c285e5a18,2026-06-21T17:15:00Z,2026-06-21T19:15:00+0200,120.0,EUR/MWh,FR,FR,day_ahead_price,value,2026-06-21T18:40:53Z
2026-06-21T18:40:01Z,2026-06-21T20:40:01+0200,c0299f87-b988-4d8b-a611-962c285e5a18,2026-06-21T17:30:00Z,2026-06-21T19:30:00+0200,120.52,EUR/MWh,FR,FR,day_ahead_price,value,2026-06-21T18:40:53Z
2026-06-21T18:40:01Z,2026-06-21T20:40:01+0200,c0299f87-b988-4d8b-a611-962c285e5a18,2026-06-21T17:45:00Z,2026-06-21T19:45:00+0200,131.06,EUR/MWh,FR,FR,day_ahead_price,value,2026-06-21T18:40:53Z
2026-06-21T18:40:01Z,2026-06-21T20:40:01+0200,c0299f87-b988-4d8b-a611-962c285e5a18,2026-06-21T18:00:00Z,2026-06-21T20:00:00+0200,122.41,EUR/MWh,FR,FR,day_ahead_price,value,2026-06-21T18:40:53Z
2026-06-21T18:40:01Z,2026-06-21T20:40:01+0200,c0299f87-b988-4d8b-a611-962c285e5a18,2026-06-21T18:15:00Z,2026-06-21T20:15:00+0200,127.0,EUR/MWh,FR,FR,day_ahead_price,value,2026-06-21T18:40:53Z
2026-06-21T18:40:01Z,2026-06-21T20:40:01+0200,c0299f87-b988-4d8b-a611-962c285e5a18,2026-06-21T18:30:00Z,2026-06-21T20:30:00+0200,116.76,EUR/MWh,FR,FR,day_ahead_price,value,2026-06-21T18:40:53Z
2026-06-21T18:40:01Z,2026-06-21T20:40:01+0200,c0299f87-b988-4d8b-a611-962c285e5a18,2026-06-21T18:45:00Z,2026-06-21T20:45:00+0200,125.89,EUR/MWh,FR,FR,day_ahead_price,value,2026-06-21T18:40:53Z
