collection_time_utc,collection_time_local,run_id,timestamp_utc,timestamp_local,value,unit,country,entsoe_area,variable,source,updated_at_utc
2026-08-23T09:55:52Z,2026-08-23T11:55:52+0200,e9ed0e7a-f773-48fd-b5c3-626d89d5de64,2026-07-23T10:00:00Z,2026-07-23T12:00:00+0200,2256.1499,MW,FR,FR,forecast_onshore_wind_generation,Wind Onshore,2026-08-23T09:57:02Z
2026-08-23T09:55:52Z,2026-08-23T11:55:52+0200,e9ed0e7a-f773-48fd-b5c3-626d89d5de64,2026-07-23T10:15:00Z,2026-07-23T12:15:00+0200,2297.62988,MW,FR,FR,forecast_onshore_wind_generation,Wind Onshore,2026-08-23T09:57:02Z
2026-08-23T09:55:52Z,2026-08-23T11:55:52+0200,e9ed0e7a-f773-48fd-b5c3-626d89d5de64,2026-07-23T10:30:00Z,2026-07-23T12:30:00+0200,2339.12012,MW,FR,FR,forecast_onshore_wind_generation,Wind Onshore,2026-08-23T09:57:02Z
2026-08-23T09:55:52Z,2026-08-23T11:55:52+0200,e9ed0e7a-f773-48fd-b5c3-626d89d5de64,2026-07-23T10:45:00Z,2026-07-23T12:45:00+0200,2380.58984,MW,FR,FR,forecast_onshore_wind_generation,Wind Onshore,2026-08-23T09:57:02Z
2026-08-23T09:55:52Z,2026-08-23T11:55:52+0200,e9ed0e7a-f773-48fd-b5c3-626d89d5de64,2026-07-23T11:00:00Z,2026-07-23T13:00:00+0200,2422.03003,MW,FR,FR,forecast_onshore_wind_generation,Wind Onshore,2026-08-23T09:57:02Z
2026-08-23T09:55:52Z,2026-08-23T11:55:52+0200,e9ed0e7a-f773-48fd-b5c3-626d89d5de64,2026-07-23T11:15:00Z,2026-07-23T13:15:00+0200,2456.33008,MW,FR,FR,forecast_onshore_wind_generation,Wind Onshore,2026-08-23T09:57:02Z
2026-08-23T09:55:52Z,2026-08-23T11:55:52+0200,e9ed0e7a-f773-48fd-b5c3-626d89d5de64,2026-07-23T11:30:00Z,2026-07-23T13:30:00+0200,2490.61011,MW,FR,FR,forecast_onshore_wind_generation,Wind Onshore,2026-08-23T09:57:02Z
2026-08-23T09:55:52Z,2026-08-23T11:55:52+0200,e9ed0e7a-f773-48fd-b5c3-626d89d5de64,2026-07-23T11:45:00Z,2026-07-23T13:45:00+0200,2524.91992,MW,FR,FR,forecast_onshore_wind_generation,Wind Onshore,2026-08-23T09:57:02Z
2026-08-23T09:55:52Z,2026-08-23T11:55:52+0200,e9ed0e7a-f773-48fd-b5c3-626d89d5de64,2026-07-23T12:00:00Z,2026-07-23T14:00:00+0200,2559.2002,MW,FR,FR,forecast_onshore_wind_generation,Wind Onshore,2026-08-23T09:57:02Z
2026-08-23T09:55:52Z,2026-08-23T11:55:52+0200,e9ed0e7a-f773-48fd-b5c3-626d89d5de64,2026-07-23T12:15:00Z,2026-07-23T14:15:00+0200,2616.40015,MW,FR,FR,forecast_onshore_wind_generation,Wind Onshore,2026-08-23T09:57:02Z
2026-08-23T09:55:52Z,2026-08-23T11:55:52+0200,e9ed0e7a-f773-48fd-b5c3-626d89d5de64,2026-07-23T12:30:00Z,2026-07-23T14:30:00+0200,2673.58984,MW,FR,FR,forecast_onshore_wind_generation,Wind Onshore,2026-08-23T09:57:02Z
2026-08-23T09:55:52Z,2026-08-23T11:55:52+0200,e9ed0e7a-f773-48fd-b5c3-626d89d5de64,2026-07-23T12:45:00Z,2026-07-23T14:45:00+0200,2730.77002,MW,FR,FR,forecast_onshore_wind_generation,Wind Onshore,2026-08-23T09:57:02Z
2026-08-23T09:55:52Z,2026-08-23T11:55:52+0200,e9ed0e7a-f773-48fd-b5c3-626d89d5de64,2026-07-23T13:00:00Z,2026-07-23T15:00:00+0200,2787.97998,MW,FR,FR,forecast_onshore_wind_generation,Wind Onshore,2026-08-23T09:57:02Z
2026-08-23T09:55:52Z,2026-08-23T11:55:52+0200,e9ed0e7a-f773-48fd-b5c3-626d89d5de64,2026-07-23T13:15:00Z,2026-07-23T15:15:00+0200,2837.60986,MW,FR,FR,forecast_onshore_wind_generation,Wind Onshore,2026-08-23T09:57:02Z
2026-08-23T09:55:52Z,2026-08-23T11:55:52+0200,e9ed0e7a-f773-48fd-b5c3-626d89d5de64,2026-07-23T13:30:00Z,2026-07-23T15:30:00+0200,2887.26001,MW,FR,FR,forecast_onshore_wind_generation,Wind Onshore,2026-08-23T09:57:02Z
2026-08-23T09:55:52Z,2026-08-23T11:55:52+0200,e9ed0e7a-f773-48fd-b5c3-626d89d5de64,2026-07-23T13:45:00Z,2026-07-23T15:45:00+0200,2936.86011,MW,FR,FR,forecast_onshore_wind_generation,Wind Onshore,2026-08-23T09:57:02Z
2026-08-23T09:55:52Z,2026-08-23T11:55:52+0200,e9ed0e7a-f773-48fd-b5c3-626d89d5de64,2026-07-23T14:00:00Z,2026-07-23T16:00:00+0200,2986.45996,MW,FR,FR,forecast_onshore_wind_generation,Wind Onshore,2026-08-23T09:57:02Z
2026-08-23T09:55:52Z,2026-08-23T11:55:52+0200,e9ed0e7a-f773-48fd-b5c3-626d89d5de64,2026-07-23T14:15:00Z,2026-07-23T16:15:00+0200,3035.06006,MW,FR,FR,forecast_onshore_wind_generation,Wind Onshore,2026-08-23T09:57:02Z
2026-08-23T09:55:52Z,2026-08-23T11:55:52+0200,e9ed0e7a-f773-48fd-b5c3-626d89d5de64,2026-07-23T14:30:00Z,2026-07-23T16:30:00+0200,3083.68018,MW,FR,FR,forecast_onshore_wind_generation,Wind Onshore,2026-08-23T09:57:02Z
2026-08-23T09:55:52Z,2026-08-23T11:55:52+0200,e9ed0e7a-f773-48fd-b5c3-626d89d5de64,2026-07-23T14:45:00Z,2026-07-23T16:45:00+0200,3132.25,MW,FR,FR,forecast_onshore_wind_generation,Wind Onshore,2026-08-23T09:57:02Z
2026-08-23T09:55:52Z,2026-08-23T11:55:52+0200,e9ed0e7a-f773-48fd-b5c3-626d89d5de64,2026-07-23T15:00:00Z,2026-07-23T17:00:00+0200,3180.81006,MW,FR,FR,forecast_onshore_wind_generation,Wind Onshore,2026-08-23T09:57:02Z
2026-08-23T09:55:52Z,2026-08-23T11:55:52+0200,e9ed0e7a-f773-48fd-b5c3-626d89d5de64,2026-07-23T15:15:00Z,2026-07-23T17:15:00+0200,3252.37988,MW,FR,FR,forecast_onshore_wind_generation,Wind Onshore,2026-08-23T09:57:02Z
2026-08-23T09:55:52Z,2026-08-23T11:55:52+0200,e9ed0e7a-f773-48fd-b5c3-626d89d5de64,2026-07-23T15:30:00Z,2026-07-23T17:30:00+0200,3323.95996,MW,FR,FR,forecast_onshore_wind_generation,Wind Onshore,2026-08-23T09:57:02Z
2026-08-23T09:55:52Z,2026-08-23T11:55:52+0200,e9ed0e7a-f773-48fd-b5c3-626d89d5de64,2026-07-23T15:45:00Z,2026-07-23T17:45:00+0200,3395.51001,MW,FR,FR,forecast_onshore_wind_generation,Wind Onshore,2026-08-23T09:57:02Z
2026-08-23T09:55:52Z,2026-08-23T11:55:52+0200,e9ed0e7a-f773-48fd-b5c3-626d89d5de64,2026-07-23T16:00:00Z,2026-07-23T18:00:00+0200,3467.04004,MW,FR,FR,forecast_onshore_wind_generation,Wind Onshore,2026-08-23T09:57:02Z
2026-08-23T09:55:52Z,2026-08-23T11:55:52+0200,e9ed0e7a-f773-48fd-b5c3-626d89d5de64,2026-07-23T16:15:00Z,2026-07-23T18:15:00+0200,3541.40991,MW,FR,FR,forecast_onshore_wind_generation,Wind Onshore,2026-08-23T09:57:02Z
2026-08-23T09:55:52Z,2026-08-23T11:55:52+0200,e9ed0e7a-f773-48fd-b5c3-626d89d5de64,2026-07-23T16:30:00Z,2026-07-23T18:30:00+0200,3615.77002,MW,FR,FR,forecast_onshore_wind_generation,Wind Onshore,2026-08-23T09:57:02Z
2026-08-23T09:55:52Z,2026-08-23T11:55:52+0200,e9ed0e7a-f773-48fd-b5c3-626d89d5de64,2026-07-23T16:45:00Z,2026-07-23T18:45:00+0200,3690.0,MW,FR,FR,forecast_onshore_wind_generation,Wind Onshore,2026-08-23T09:57:02Z
2026-08-23T09:55:52Z,2026-08-23T11:55:52+0200,e9ed0e7a-f773-48fd-b5c3-626d89d5de64,2026-07-23T17:00:00Z,2026-07-23T19:00:00+0200,3764.25,MW,FR,FR,forecast_onshore_wind_generation,Wind Onshore,2026-08-23T09:57:02Z
2026-08-23T09:55:52Z,2026-08-23T11:55:52+0200,e9ed0e7a-f773-48fd-b5c3-626d89d5de64,2026-07-23T17:15:00Z,2026-07-23T19:15:00+0200,3805.68018,MW,FR,FR,forecast_onshore_wind_generation,Wind Onshore,2026-08-23T09:57:02Z
2026-08-23T09:55:52Z,2026-08-23T11:55:52+0200,e9ed0e7a-f773-48fd-b5c3-626d89d5de64,2026-07-23T17:30:00Z,2026-07-23T19:30:00+0200,3847.11987,MW,FR,FR,forecast_onshore_wind_generation,Wind Onshore,2026-08-23T09:57:02Z
2026-08-23T09:55:52Z,2026-08-23T11:55:52+0200,e9ed0e7a-f773-48fd-b5c3-626d89d5de64,2026-07-23T17:45:00Z,2026-07-23T19:45:00+0200,3888.54004,MW,FR,FR,forecast_onshore_wind_generation,Wind Onshore,2026-08-23T09:57:02Z
2026-08-23T09:55:52Z,2026-08-23T11:55:52+0200,e9ed0e7a-f773-48fd-b5c3-626d89d5de64,2026-07-23T18:00:00Z,2026-07-23T20:00:00+0200,3929.95996,MW,FR,FR,forecast_onshore_wind_generation,Wind Onshore,2026-08-23T09:57:02Z
2026-08-23T09:55:52Z,2026-08-23T11:55:52+0200,e9ed0e7a-f773-48fd-b5c3-626d89d5de64,2026-07-23T18:15:00Z,2026-07-23T20:15:00+0200,3887.57007,MW,FR,FR,forecast_onshore_wind_generation,Wind Onshore,2026-08-23T09:57:02Z
2026-08-23T09:55:52Z,2026-08-23T11:55:52+0200,e9ed0e7a-f773-48fd-b5c3-626d89d5de64,2026-07-23T18:30:00Z,2026-07-23T20:30:00+0200,3845.15991,MW,FR,FR,forecast_onshore_wind_generation,Wind Onshore,2026-08-23T09:57:02Z
2026-08-23T09:55:52Z,2026-08-23T11:55:52+0200,e9ed0e7a-f773-48fd-b5c3-626d89d5de64,2026-07-23T18:45:00Z,2026-07-23T20:45:00+0200,3802.73975,MW,FR,FR,forecast_onshore_wind_generation,Wind Onshore,2026-08-23T09:57:02Z
2026-08-23T09:55:52Z,2026-08-23T11:55:52+0200,e9ed0e7a-f773-48fd-b5c3-626d89d5de64,2026-07-23T19:00:00Z,2026-07-23T21:00:00+0200,3760.30005,MW,FR,FR,forecast_onshore_wind_generation,Wind Onshore,2026-08-23T09:57:02Z
2026-08-23T09:55:52Z,2026-08-23T11:55:52+0200,e9ed0e7a-f773-48fd-b5c3-626d89d5de64,2026-07-23T19:15:00Z,2026-07-23T21:15:00+0200,3864.21973,MW,FR,FR,forecast_onshore_wind_generation,Wind Onshore,2026-08-23T09:57:02Z
2026-08-23T09:55:52Z,2026-08-23T11:55:52+0200,e9ed0e7a-f773-48fd-b5c3-626d89d5de64,2026-07-23T19:30:00Z,2026-07-23T21:30:00+0200,3968.15991,MW,FR,FR,forecast_onshore_wind_generation,Wind Onshore,2026-08-23T09:57:02Z
2026-08-23T09:55:52Z,2026-08-23T11:55:52+0200,e9ed0e7a-f773-48fd-b5c3-626d89d5de64,2026-07-23T19:45:00Z,2026-07-23T21:45:00+0200,4072.1499,MW,FR,FR,forecast_onshore_wind_generation,Wind Onshore,2026-08-23T09:57:02Z
2026-08-23T09:55:52Z,2026-08-23T11:55:52+0200,e9ed0e7a-f773-48fd-b5c3-626d89d5de64,2026-07-23T20:00:00Z,2026-07-23T22:00:00+0200,4176.16992,MW,FR,FR,forecast_onshore_wind_generation,Wind Onshore,2026-08-23T09:57:02Z
2026-08-23T09:55:52Z,2026-08-23T11:55:52+0200,e9ed0e7a-f773-48fd-b5c3-626d89d5de64,2026-07-23T20:15:00Z,2026-07-23T22:15:00+0200,4295.83008,MW,FR,FR,forecast_onshore_wind_generation,Wind Onshore,2026-08-23T09:57:02Z
2026-08-23T09:55:52Z,2026-08-23T11:55:52+0200,e9ed0e7a-f773-48fd-b5c3-626d89d5de64,2026-07-23T20:30:00Z,2026-07-23T22:30:00+0200,4415.49023,MW,FR,FR,forecast_onshore_wind_generation,Wind Onshore,2026-08-23T09:57:02Z
2026-08-23T09:55:52Z,2026-08-23T11:55:52+0200,e9ed0e7a-f773-48fd-b5c3-626d89d5de64,2026-07-23T20:45:00Z,2026-07-23T22:45:00+0200,4535.22021,MW,FR,FR,forecast_onshore_wind_generation,Wind Onshore,2026-08-23T09:57:02Z
2026-08-23T09:55:52Z,2026-08-23T11:55:52+0200,e9ed0e7a-f773-48fd-b5c3-626d89d5de64,2026-07-23T21:00:00Z,2026-07-23T23:00:00+0200,4654.9502,MW,FR,FR,forecast_onshore_wind_generation,Wind Onshore,2026-08-23T09:57:02Z
2026-08-23T09:55:52Z,2026-08-23T11:55:52+0200,e9ed0e7a-f773-48fd-b5c3-626d89d5de64,2026-07-23T21:15:00Z,2026-07-23T23:15:00+0200,4673.21973,MW,FR,FR,forecast_onshore_wind_generation,Wind Onshore,2026-08-23T09:57:02Z
2026-08-23T09:55:52Z,2026-08-23T11:55:52+0200,e9ed0e7a-f773-48fd-b5c3-626d89d5de64,2026-07-23T21:30:00Z,2026-07-23T23:30:00+0200,4691.50977,MW,FR,FR,forecast_onshore_wind_generation,Wind Onshore,2026-08-23T09:57:02Z
2026-08-23T09:55:52Z,2026-08-23T11:55:52+0200,e9ed0e7a-f773-48fd-b5c3-626d89d5de64,2026-07-23T21:45:00Z,2026-07-23T23:45:00+0200,4709.86035,MW,FR,FR,forecast_onshore_wind_generation,Wind Onshore,2026-08-23T09:57:02Z
2026-08-23T09:55:52Z,2026-08-23T11:55:52+0200,e9ed0e7a-f773-48fd-b5c3-626d89d5de64,2026-07-23T22:00:00Z,2026-07-24T00:00:00+0200,4607.00977,MW,FR,FR,forecast_onshore_wind_generation,Wind Onshore,2026-08-23T09:57:02Z
2026-08-23T09:55:52Z,2026-08-23T11:55:52+0200,e9ed0e7a-f773-48fd-b5c3-626d89d5de64,2026-07-23T22:15:00Z,2026-07-24T00:15:00+0200,4548.75,MW,FR,FR,forecast_onshore_wind_generation,Wind Onshore,2026-08-23T09:57:02Z
2026-08-23T09:55:52Z,2026-08-23T11:55:52+0200,e9ed0e7a-f773-48fd-b5c3-626d89d5de64,2026-07-23T22:30:00Z,2026-07-24T00:30:00+0200,4490.5498,MW,FR,FR,forecast_onshore_wind_generation,Wind Onshore,2026-08-23T09:57:02Z
2026-08-23T09:55:52Z,2026-08-23T11:55:52+0200,e9ed0e7a-f773-48fd-b5c3-626d89d5de64,2026-07-23T22:45:00Z,2026-07-24T00:45:00+0200,4432.91992,MW,FR,FR,forecast_onshore_wind_generation,Wind Onshore,2026-08-23T09:57:02Z
2026-08-23T09:55:52Z,2026-08-23T11:55:52+0200,e9ed0e7a-f773-48fd-b5c3-626d89d5de64,2026-07-23T23:00:00Z,2026-07-24T01:00:00+0200,4375.59961,MW,FR,FR,forecast_onshore_wind_generation,Wind Onshore,2026-08-23T09:57:02Z
2026-08-23T09:55:52Z,2026-08-23T11:55:52+0200,e9ed0e7a-f773-48fd-b5c3-626d89d5de64,2026-07-23T23:15:00Z,2026-07-24T01:15:00+0200,4304.75,MW,FR,FR,forecast_onshore_wind_generation,Wind Onshore,2026-08-23T09:57:02Z
2026-08-23T09:55:52Z,2026-08-23T11:55:52+0200,e9ed0e7a-f773-48fd-b5c3-626d89d5de64,2026-07-23T23:30:00Z,2026-07-24T01:30:00+0200,4233.93994,MW,FR,FR,forecast_onshore_wind_generation,Wind Onshore,2026-08-23T09:57:02Z
2026-08-23T09:55:52Z,2026-08-23T11:55:52+0200,e9ed0e7a-f773-48fd-b5c3-626d89d5de64,2026-07-23T23:45:00Z,2026-07-24T01:45:00+0200,4163.52002,MW,FR,FR,forecast_onshore_wind_generation,Wind Onshore,2026-08-23T09:57:02Z
2026-08-23T09:55:52Z,2026-08-23T11:55:52+0200,e9ed0e7a-f773-48fd-b5c3-626d89d5de64,2026-07-24T00:00:00Z,2026-07-24T02:00:00+0200,4093.65967,MW,FR,FR,forecast_onshore_wind_generation,Wind Onshore,2026-08-23T09:57:02Z
2026-08-23T09:55:52Z,2026-08-23T11:55:52+0200,e9ed0e7a-f773-48fd-b5c3-626d89d5de64,2026-07-24T00:15:00Z,2026-07-24T02:15:00+0200,3993.3501,MW,FR,FR,forecast_onshore_wind_generation,Wind Onshore,2026-08-23T09:57:02Z
2026-08-23T09:55:52Z,2026-08-23T11:55:52+0200,e9ed0e7a-f773-48fd-b5c3-626d89d5de64,2026-07-24T00:30:00Z,2026-07-24T02:30:00+0200,3893.15967,MW,FR,FR,forecast_onshore_wind_generation,Wind Onshore,2026-08-23T09:57:02Z
2026-08-23T09:55:52Z,2026-08-23T11:55:52+0200,e9ed0e7a-f773-48fd-b5c3-626d89d5de64,2026-07-24T00:45:00Z,2026-07-24T02:45:00+0200,3793.08008,MW,FR,FR,forecast_onshore_wind_generation,Wind Onshore,2026-08-23T09:57:02Z
2026-08-23T09:55:52Z,2026-08-23T11:55:52+0200,e9ed0e7a-f773-48fd-b5c3-626d89d5de64,2026-07-24T01:00:00Z,2026-07-24T03:00:00+0200,3693.13013,MW,FR,FR,forecast_onshore_wind_generation,Wind Onshore,2026-08-23T09:57:02Z
2026-08-23T09:55:52Z,2026-08-23T11:55:52+0200,e9ed0e7a-f773-48fd-b5c3-626d89d5de64,2026-07-24T01:15:00Z,2026-07-24T03:15:00+0200,3612.53027,MW,FR,FR,forecast_onshore_wind_generation,Wind Onshore,2026-08-23T09:57:02Z
2026-08-23T09:55:52Z,2026-08-23T11:55:52+0200,e9ed0e7a-f773-48fd-b5c3-626d89d5de64,2026-07-24T01:30:00Z,2026-07-24T03:30:00+0200,3531.95996,MW,FR,FR,forecast_onshore_wind_generation,Wind Onshore,2026-08-23T09:57:02Z
2026-08-23T09:55:52Z,2026-08-23T11:55:52+0200,e9ed0e7a-f773-48fd-b5c3-626d89d5de64,2026-07-24T01:45:00Z,2026-07-24T03:45:00+0200,3451.31982,MW,FR,FR,forecast_onshore_wind_generation,Wind Onshore,2026-08-23T09:57:02Z
2026-08-23T09:55:52Z,2026-08-23T11:55:52+0200,e9ed0e7a-f773-48fd-b5c3-626d89d5de64,2026-07-24T02:00:00Z,2026-07-24T04:00:00+0200,3370.68994,MW,FR,FR,forecast_onshore_wind_generation,Wind Onshore,2026-08-23T09:57:02Z
2026-08-23T09:55:52Z,2026-08-23T11:55:52+0200,e9ed0e7a-f773-48fd-b5c3-626d89d5de64,2026-07-24T02:15:00Z,2026-07-24T04:15:00+0200,3326.56006,MW,FR,FR,forecast_onshore_wind_generation,Wind Onshore,2026-08-23T09:57:02Z
2026-08-23T09:55:52Z,2026-08-23T11:55:52+0200,e9ed0e7a-f773-48fd-b5c3-626d89d5de64,2026-07-24T02:30:00Z,2026-07-24T04:30:00+0200,3282.46997,MW,FR,FR,forecast_onshore_wind_generation,Wind Onshore,2026-08-23T09:57:02Z
2026-08-23T09:55:52Z,2026-08-23T11:55:52+0200,e9ed0e7a-f773-48fd-b5c3-626d89d5de64,2026-07-24T02:45:00Z,2026-07-24T04:45:00+0200,3238.36987,MW,FR,FR,forecast_onshore_wind_generation,Wind Onshore,2026-08-23T09:57:02Z
2026-08-23T09:55:52Z,2026-08-23T11:55:52+0200,e9ed0e7a-f773-48fd-b5c3-626d89d5de64,2026-07-24T03:00:00Z,2026-07-24T05:00:00+0200,3194.29004,MW,FR,FR,forecast_onshore_wind_generation,Wind Onshore,2026-08-23T09:57:02Z
2026-08-23T09:55:52Z,2026-08-23T11:55:52+0200,e9ed0e7a-f773-48fd-b5c3-626d89d5de64,2026-07-24T03:15:00Z,2026-07-24T05:15:00+0200,3153.94019,MW,FR,FR,forecast_onshore_wind_generation,Wind Onshore,2026-08-23T09:57:02Z
2026-08-23T09:55:52Z,2026-08-23T11:55:52+0200,e9ed0e7a-f773-48fd-b5c3-626d89d5de64,2026-07-24T03:30:00Z,2026-07-24T05:30:00+0200,3113.62988,MW,FR,FR,forecast_onshore_wind_generation,Wind Onshore,2026-08-23T09:57:02Z
2026-08-23T09:55:52Z,2026-08-23T11:55:52+0200,e9ed0e7a-f773-48fd-b5c3-626d89d5de64,2026-07-24T03:45:00Z,2026-07-24T05:45:00+0200,3073.80005,MW,FR,FR,forecast_onshore_wind_generation,Wind Onshore,2026-08-23T09:57:02Z
2026-08-23T09:55:52Z,2026-08-23T11:55:52+0200,e9ed0e7a-f773-48fd-b5c3-626d89d5de64,2026-07-24T04:00:00Z,2026-07-24T06:00:00+0200,3034.02002,MW,FR,FR,forecast_onshore_wind_generation,Wind Onshore,2026-08-23T09:57:02Z
2026-08-23T09:55:52Z,2026-08-23T11:55:52+0200,e9ed0e7a-f773-48fd-b5c3-626d89d5de64,2026-07-24T04:15:00Z,2026-07-24T06:15:00+0200,2981.62988,MW,FR,FR,forecast_onshore_wind_generation,Wind Onshore,2026-08-23T09:57:02Z
2026-08-23T09:55:52Z,2026-08-23T11:55:52+0200,e9ed0e7a-f773-48fd-b5c3-626d89d5de64,2026-07-24T04:30:00Z,2026-07-24T06:30:00+0200,2929.29004,MW,FR,FR,forecast_onshore_wind_generation,Wind Onshore,2026-08-23T09:57:02Z
2026-08-23T09:55:52Z,2026-08-23T11:55:52+0200,e9ed0e7a-f773-48fd-b5c3-626d89d5de64,2026-07-24T04:45:00Z,2026-07-24T06:45:00+0200,2877.03979,MW,FR,FR,forecast_onshore_wind_generation,Wind Onshore,2026-08-23T09:57:02Z
2026-08-23T09:55:52Z,2026-08-23T11:55:52+0200,e9ed0e7a-f773-48fd-b5c3-626d89d5de64,2026-07-24T05:00:00Z,2026-07-24T07:00:00+0200,2824.77979,MW,FR,FR,forecast_onshore_wind_generation,Wind Onshore,2026-08-23T09:57:02Z
2026-08-23T09:55:52Z,2026-08-23T11:55:52+0200,e9ed0e7a-f773-48fd-b5c3-626d89d5de64,2026-07-24T05:15:00Z,2026-07-24T07:15:00+0200,2809.84009,MW,FR,FR,forecast_onshore_wind_generation,Wind Onshore,2026-08-23T09:57:02Z
2026-08-23T09:55:52Z,2026-08-23T11:55:52+0200,e9ed0e7a-f773-48fd-b5c3-626d89d5de64,2026-07-24T05:30:00Z,2026-07-24T07:30:00+0200,2794.91992,MW,FR,FR,forecast_onshore_wind_generation,Wind Onshore,2026-08-23T09:57:02Z
2026-08-23T09:55:52Z,2026-08-23T11:55:52+0200,e9ed0e7a-f773-48fd-b5c3-626d89d5de64,2026-07-24T05:45:00Z,2026-07-24T07:45:00+0200,2780.29004,MW,FR,FR,forecast_onshore_wind_generation,Wind Onshore,2026-08-23T09:57:02Z
2026-08-23T09:55:52Z,2026-08-23T11:55:52+0200,e9ed0e7a-f773-48fd-b5c3-626d89d5de64,2026-07-24T06:00:00Z,2026-07-24T08:00:00+0200,2765.71997,MW,FR,FR,forecast_onshore_wind_generation,Wind Onshore,2026-08-23T09:57:02Z
2026-08-23T09:55:52Z,2026-08-23T11:55:52+0200,e9ed0e7a-f773-48fd-b5c3-626d89d5de64,2026-07-24T06:15:00Z,2026-07-24T08:15:00+0200,2429.01001,MW,FR,FR,forecast_onshore_wind_generation,Wind Onshore,2026-08-23T09:57:02Z
2026-08-23T09:55:52Z,2026-08-23T11:55:52+0200,e9ed0e7a-f773-48fd-b5c3-626d89d5de64,2026-07-24T06:30:00Z,2026-07-24T08:30:00+0200,2092.30005,MW,FR,FR,forecast_onshore_wind_generation,Wind Onshore,2026-08-23T09:57:02Z
2026-08-23T09:55:52Z,2026-08-23T11:55:52+0200,e9ed0e7a-f773-48fd-b5c3-626d89d5de64,2026-07-24T06:45:00Z,2026-07-24T08:45:00+0200,1755.83997,MW,FR,FR,forecast_onshore_wind_generation,Wind Onshore,2026-08-23T09:57:02Z
2026-08-23T09:55:52Z,2026-08-23T11:55:52+0200,e9ed0e7a-f773-48fd-b5c3-626d89d5de64,2026-07-24T07:00:00Z,2026-07-24T09:00:00+0200,1419.41003,MW,FR,FR,forecast_onshore_wind_generation,Wind Onshore,2026-08-23T09:57:02Z
2026-08-23T09:55:52Z,2026-08-23T11:55:52+0200,e9ed0e7a-f773-48fd-b5c3-626d89d5de64,2026-07-24T07:15:00Z,2026-07-24T09:15:00+0200,1393.08008,MW,FR,FR,forecast_onshore_wind_generation,Wind Onshore,2026-08-23T09:57:02Z
2026-08-23T09:55:52Z,2026-08-23T11:55:52+0200,e9ed0e7a-f773-48fd-b5c3-626d89d5de64,2026-07-24T07:30:00Z,2026-07-24T09:30:00+0200,1366.83997,MW,FR,FR,forecast_onshore_wind_generation,Wind Onshore,2026-08-23T09:57:02Z
2026-08-23T09:55:52Z,2026-08-23T11:55:52+0200,e9ed0e7a-f773-48fd-b5c3-626d89d5de64,2026-07-24T07:45:00Z,2026-07-24T09:45:00+0200,1340.72998,MW,FR,FR,forecast_onshore_wind_generation,Wind Onshore,2026-08-23T09:57:02Z
2026-08-23T09:55:52Z,2026-08-23T11:55:52+0200,e9ed0e7a-f773-48fd-b5c3-626d89d5de64,2026-07-24T08:00:00Z,2026-07-24T10:00:00+0200,1314.65991,MW,FR,FR,forecast_onshore_wind_generation,Wind Onshore,2026-08-23T09:57:02Z
2026-08-23T09:55:52Z,2026-08-23T11:55:52+0200,e9ed0e7a-f773-48fd-b5c3-626d89d5de64,2026-07-24T08:15:00Z,2026-07-24T10:15:00+0200,1334.45996,MW,FR,FR,forecast_onshore_wind_generation,Wind Onshore,2026-08-23T09:57:02Z
2026-08-23T09:55:52Z,2026-08-23T11:55:52+0200,e9ed0e7a-f773-48fd-b5c3-626d89d5de64,2026-07-24T08:30:00Z,2026-07-24T10:30:00+0200,1354.33997,MW,FR,FR,forecast_onshore_wind_generation,Wind Onshore,2026-08-23T09:57:02Z
2026-08-23T09:55:52Z,2026-08-23T11:55:52+0200,e9ed0e7a-f773-48fd-b5c3-626d89d5de64,2026-07-24T08:45:00Z,2026-07-24T10:45:00+0200,1374.33008,MW,FR,FR,forecast_onshore_wind_generation,Wind Onshore,2026-08-23T09:57:02Z
2026-08-23T09:55:52Z,2026-08-23T11:55:52+0200,e9ed0e7a-f773-48fd-b5c3-626d89d5de64,2026-07-24T09:00:00Z,2026-07-24T11:00:00+0200,1394.39001,MW,FR,FR,forecast_onshore_wind_generation,Wind Onshore,2026-08-23T09:57:02Z
2026-08-23T09:55:52Z,2026-08-23T11:55:52+0200,e9ed0e7a-f773-48fd-b5c3-626d89d5de64,2026-07-24T09:15:00Z,2026-07-24T11:15:00+0200,1416.96997,MW,FR,FR,forecast_onshore_wind_generation,Wind Onshore,2026-08-23T09:57:02Z
2026-08-23T09:55:52Z,2026-08-23T11:55:52+0200,e9ed0e7a-f773-48fd-b5c3-626d89d5de64,2026-07-24T09:30:00Z,2026-07-24T11:30:00+0200,1439.54993,MW,FR,FR,forecast_onshore_wind_generation,Wind Onshore,2026-08-23T09:57:02Z
2026-08-23T09:55:52Z,2026-08-23T11:55:52+0200,e9ed0e7a-f773-48fd-b5c3-626d89d5de64,2026-07-24T09:45:00Z,2026-07-24T11:45:00+0200,1462.19006,MW,FR,FR,forecast_onshore_wind_generation,Wind Onshore,2026-08-23T09:57:02Z
2026-08-23T09:55:52Z,2026-08-23T11:55:52+0200,e9ed0e7a-f773-48fd-b5c3-626d89d5de64,2026-07-24T10:00:00Z,2026-07-24T12:00:00+0200,1484.80005,MW,FR,FR,forecast_onshore_wind_generation,Wind Onshore,2026-08-23T09:57:02Z
2026-08-23T09:55:52Z,2026-08-23T11:55:52+0200,e9ed0e7a-f773-48fd-b5c3-626d89d5de64,2026-07-24T10:15:00Z,2026-07-24T12:15:00+0200,1509.41003,MW,FR,FR,forecast_onshore_wind_generation,Wind Onshore,2026-08-23T09:57:02Z
2026-08-23T09:55:52Z,2026-08-23T11:55:52+0200,e9ed0e7a-f773-48fd-b5c3-626d89d5de64,2026-07-24T10:30:00Z,2026-07-24T12:30:00+0200,1534.12012,MW,FR,FR,forecast_onshore_wind_generation,Wind Onshore,2026-08-23T09:57:02Z
2026-08-23T09:55:52Z,2026-08-23T11:55:52+0200,e9ed0e7a-f773-48fd-b5c3-626d89d5de64,2026-07-24T10:45:00Z,2026-07-24T12:45:00+0200,1558.82996,MW,FR,FR,forecast_onshore_wind_generation,Wind Onshore,2026-08-23T09:57:02Z
2026-08-23T09:55:52Z,2026-08-23T11:55:52+0200,e9ed0e7a-f773-48fd-b5c3-626d89d5de64,2026-07-24T11:00:00Z,2026-07-24T13:00:00+0200,1583.65991,MW,FR,FR,forecast_onshore_wind_generation,Wind Onshore,2026-08-23T09:57:02Z
2026-08-23T09:55:52Z,2026-08-23T11:55:52+0200,e9ed0e7a-f773-48fd-b5c3-626d89d5de64,2026-07-24T11:15:00Z,2026-07-24T13:15:00+0200,1603.75,MW,FR,FR,forecast_onshore_wind_generation,Wind Onshore,2026-08-23T09:57:02Z
2026-08-23T09:55:52Z,2026-08-23T11:55:52+0200,e9ed0e7a-f773-48fd-b5c3-626d89d5de64,2026-07-24T11:30:00Z,2026-07-24T13:30:00+0200,1623.98999,MW,FR,FR,forecast_onshore_wind_generation,Wind Onshore,2026-08-23T09:57:02Z
2026-08-23T09:55:52Z,2026-08-23T11:55:52+0200,e9ed0e7a-f773-48fd-b5c3-626d89d5de64,2026-07-24T11:45:00Z,2026-07-24T13:45:00+0200,1644.37,MW,FR,FR,forecast_onshore_wind_generation,Wind Onshore,2026-08-23T09:57:02Z
2026-08-23T09:55:52Z,2026-08-23T11:55:52+0200,e9ed0e7a-f773-48fd-b5c3-626d89d5de64,2026-07-24T12:00:00Z,2026-07-24T14:00:00+0200,1665.08997,MW,FR,FR,forecast_onshore_wind_generation,Wind Onshore,2026-08-23T09:57:02Z
2026-08-23T09:55:52Z,2026-08-23T11:55:52+0200,e9ed0e7a-f773-48fd-b5c3-626d89d5de64,2026-07-24T12:15:00Z,2026-07-24T14:15:00+0200,1669.79004,MW,FR,FR,forecast_onshore_wind_generation,Wind Onshore,2026-08-23T09:57:02Z
2026-08-23T09:55:52Z,2026-08-23T11:55:52+0200,e9ed0e7a-f773-48fd-b5c3-626d89d5de64,2026-07-24T12:30:00Z,2026-07-24T14:30:00+0200,1674.66003,MW,FR,FR,forecast_onshore_wind_generation,Wind Onshore,2026-08-23T09:57:02Z
2026-08-23T09:55:52Z,2026-08-23T11:55:52+0200,e9ed0e7a-f773-48fd-b5c3-626d89d5de64,2026-07-24T12:45:00Z,2026-07-24T14:45:00+0200,1679.66992,MW,FR,FR,forecast_onshore_wind_generation,Wind Onshore,2026-08-23T09:57:02Z
2026-08-23T09:55:52Z,2026-08-23T11:55:52+0200,e9ed0e7a-f773-48fd-b5c3-626d89d5de64,2026-07-24T13:00:00Z,2026-07-24T15:00:00+0200,1684.72998,MW,FR,FR,forecast_onshore_wind_generation,Wind Onshore,2026-08-23T09:57:02Z
2026-08-23T09:55:52Z,2026-08-23T11:55:52+0200,e9ed0e7a-f773-48fd-b5c3-626d89d5de64,2026-07-24T13:15:00Z,2026-07-24T15:15:00+0200,1674.65002,MW,FR,FR,forecast_onshore_wind_generation,Wind Onshore,2026-08-23T09:57:02Z
2026-08-23T09:55:52Z,2026-08-23T11:55:52+0200,e9ed0e7a-f773-48fd-b5c3-626d89d5de64,2026-07-24T13:30:00Z,2026-07-24T15:30:00+0200,1664.57007,MW,FR,FR,forecast_onshore_wind_generation,Wind Onshore,2026-08-23T09:57:02Z
2026-08-23T09:55:52Z,2026-08-23T11:55:52+0200,e9ed0e7a-f773-48fd-b5c3-626d89d5de64,2026-07-24T13:45:00Z,2026-07-24T15:45:00+0200,1654.45996,MW,FR,FR,forecast_onshore_wind_generation,Wind Onshore,2026-08-23T09:57:02Z
2026-08-23T09:55:52Z,2026-08-23T11:55:52+0200,e9ed0e7a-f773-48fd-b5c3-626d89d5de64,2026-07-24T14:00:00Z,2026-07-24T16:00:00+0200,1644.3999,MW,FR,FR,forecast_onshore_wind_generation,Wind Onshore,2026-08-23T09:57:02Z
2026-08-23T09:55:52Z,2026-08-23T11:55:52+0200,e9ed0e7a-f773-48fd-b5c3-626d89d5de64,2026-07-24T14:15:00Z,2026-07-24T16:15:00+0200,1644.43005,MW,FR,FR,forecast_onshore_wind_generation,Wind Onshore,2026-08-23T09:57:02Z
2026-08-23T09:55:52Z,2026-08-23T11:55:52+0200,e9ed0e7a-f773-48fd-b5c3-626d89d5de64,2026-07-24T14:30:00Z,2026-07-24T16:30:00+0200,1644.51001,MW,FR,FR,forecast_onshore_wind_generation,Wind Onshore,2026-08-23T09:57:02Z
2026-08-23T09:55:52Z,2026-08-23T11:55:52+0200,e9ed0e7a-f773-48fd-b5c3-626d89d5de64,2026-07-24T14:45:00Z,2026-07-24T16:45:00+0200,1644.45996,MW,FR,FR,forecast_onshore_wind_generation,Wind Onshore,2026-08-23T09:57:02Z
2026-08-23T09:55:52Z,2026-08-23T11:55:52+0200,e9ed0e7a-f773-48fd-b5c3-626d89d5de64,2026-07-24T15:00:00Z,2026-07-24T17:00:00+0200,1644.72998,MW,FR,FR,forecast_onshore_wind_generation,Wind Onshore,2026-08-23T09:57:02Z
2026-08-23T09:55:52Z,2026-08-23T11:55:52+0200,e9ed0e7a-f773-48fd-b5c3-626d89d5de64,2026-07-24T15:15:00Z,2026-07-24T17:15:00+0200,1649.63013,MW,FR,FR,forecast_onshore_wind_generation,Wind Onshore,2026-08-23T09:57:02Z
2026-08-23T09:55:52Z,2026-08-23T11:55:52+0200,e9ed0e7a-f773-48fd-b5c3-626d89d5de64,2026-07-24T15:30:00Z,2026-07-24T17:30:00+0200,1654.65015,MW,FR,FR,forecast_onshore_wind_generation,Wind Onshore,2026-08-23T09:57:02Z
2026-08-23T09:55:52Z,2026-08-23T11:55:52+0200,e9ed0e7a-f773-48fd-b5c3-626d89d5de64,2026-07-24T15:45:00Z,2026-07-24T17:45:00+0200,1659.47998,MW,FR,FR,forecast_onshore_wind_generation,Wind Onshore,2026-08-23T09:57:02Z
2026-08-23T09:55:52Z,2026-08-23T11:55:52+0200,e9ed0e7a-f773-48fd-b5c3-626d89d5de64,2026-07-24T16:00:00Z,2026-07-24T18:00:00+0200,1664.29004,MW,FR,FR,forecast_onshore_wind_generation,Wind Onshore,2026-08-23T09:57:02Z
2026-08-23T09:55:52Z,2026-08-23T11:55:52+0200,e9ed0e7a-f773-48fd-b5c3-626d89d5de64,2026-07-24T16:15:00Z,2026-07-24T18:15:00+0200,1679.55994,MW,FR,FR,forecast_onshore_wind_generation,Wind Onshore,2026-08-23T09:57:02Z
2026-08-23T09:55:52Z,2026-08-23T11:55:52+0200,e9ed0e7a-f773-48fd-b5c3-626d89d5de64,2026-07-24T16:30:00Z,2026-07-24T18:30:00+0200,1695.05005,MW,FR,FR,forecast_onshore_wind_generation,Wind Onshore,2026-08-23T09:57:02Z
2026-08-23T09:55:52Z,2026-08-23T11:55:52+0200,e9ed0e7a-f773-48fd-b5c3-626d89d5de64,2026-07-24T16:45:00Z,2026-07-24T18:45:00+0200,1710.38,MW,FR,FR,forecast_onshore_wind_generation,Wind Onshore,2026-08-23T09:57:02Z
2026-08-23T09:55:52Z,2026-08-23T11:55:52+0200,e9ed0e7a-f773-48fd-b5c3-626d89d5de64,2026-07-24T17:00:00Z,2026-07-24T19:00:00+0200,1725.91992,MW,FR,FR,forecast_onshore_wind_generation,Wind Onshore,2026-08-23T09:57:02Z
2026-08-23T09:55:52Z,2026-08-23T11:55:52+0200,e9ed0e7a-f773-48fd-b5c3-626d89d5de64,2026-07-24T17:15:00Z,2026-07-24T19:15:00+0200,1783.07996,MW,FR,FR,forecast_onshore_wind_generation,Wind Onshore,2026-08-23T09:57:02Z
2026-08-23T09:55:52Z,2026-08-23T11:55:52+0200,e9ed0e7a-f773-48fd-b5c3-626d89d5de64,2026-07-24T17:30:00Z,2026-07-24T19:30:00+0200,1840.31006,MW,FR,FR,forecast_onshore_wind_generation,Wind Onshore,2026-08-23T09:57:02Z
2026-08-23T09:55:52Z,2026-08-23T11:55:52+0200,e9ed0e7a-f773-48fd-b5c3-626d89d5de64,2026-07-24T17:45:00Z,2026-07-24T19:45:00+0200,1897.53992,MW,FR,FR,forecast_onshore_wind_generation,Wind Onshore,2026-08-23T09:57:02Z
2026-08-23T09:55:52Z,2026-08-23T11:55:52+0200,e9ed0e7a-f773-48fd-b5c3-626d89d5de64,2026-07-24T18:00:00Z,2026-07-24T20:00:00+0200,1954.82007,MW,FR,FR,forecast_onshore_wind_generation,Wind Onshore,2026-08-23T09:57:02Z
2026-08-23T09:55:52Z,2026-08-23T11:55:52+0200,e9ed0e7a-f773-48fd-b5c3-626d89d5de64,2026-07-24T18:15:00Z,2026-07-24T20:15:00+0200,2085.32983,MW,FR,FR,forecast_onshore_wind_generation,Wind Onshore,2026-08-23T09:57:02Z
2026-08-23T09:55:52Z,2026-08-23T11:55:52+0200,e9ed0e7a-f773-48fd-b5c3-626d89d5de64,2026-07-24T18:30:00Z,2026-07-24T20:30:00+0200,2216.73975,MW,FR,FR,forecast_onshore_wind_generation,Wind Onshore,2026-08-23T09:57:02Z
2026-08-23T09:55:52Z,2026-08-23T11:55:52+0200,e9ed0e7a-f773-48fd-b5c3-626d89d5de64,2026-07-24T18:45:00Z,2026-07-24T20:45:00+0200,2348.14014,MW,FR,FR,forecast_onshore_wind_generation,Wind Onshore,2026-08-23T09:57:02Z
2026-08-23T09:55:52Z,2026-08-23T11:55:52+0200,e9ed0e7a-f773-48fd-b5c3-626d89d5de64,2026-07-24T19:00:00Z,2026-07-24T21:00:00+0200,2479.59009,MW,FR,FR,forecast_onshore_wind_generation,Wind Onshore,2026-08-23T09:57:02Z
2026-08-23T09:55:52Z,2026-08-23T11:55:52+0200,e9ed0e7a-f773-48fd-b5c3-626d89d5de64,2026-07-24T19:15:00Z,2026-07-24T21:15:00+0200,2709.67017,MW,FR,FR,forecast_onshore_wind_generation,Wind Onshore,2026-08-23T09:57:02Z
2026-08-23T09:55:52Z,2026-08-23T11:55:52+0200,e9ed0e7a-f773-48fd-b5c3-626d89d5de64,2026-07-24T19:30:00Z,2026-07-24T21:30:00+0200,2939.75,MW,FR,FR,forecast_onshore_wind_generation,Wind Onshore,2026-08-23T09:57:02Z
2026-08-23T09:55:52Z,2026-08-23T11:55:52+0200,e9ed0e7a-f773-48fd-b5c3-626d89d5de64,2026-07-24T19:45:00Z,2026-07-24T21:45:00+0200,3170.01001,MW,FR,FR,forecast_onshore_wind_generation,Wind Onshore,2026-08-23T09:57:02Z
2026-08-23T09:55:52Z,2026-08-23T11:55:52+0200,e9ed0e7a-f773-48fd-b5c3-626d89d5de64,2026-07-24T20:00:00Z,2026-07-24T22:00:00+0200,3400.27026,MW,FR,FR,forecast_onshore_wind_generation,Wind Onshore,2026-08-23T09:57:02Z
2026-08-23T09:55:52Z,2026-08-23T11:55:52+0200,e9ed0e7a-f773-48fd-b5c3-626d89d5de64,2026-07-24T20:15:00Z,2026-07-24T22:15:00+0200,3471.28003,MW,FR,FR,forecast_onshore_wind_generation,Wind Onshore,2026-08-23T09:57:02Z
2026-08-23T09:55:52Z,2026-08-23T11:55:52+0200,e9ed0e7a-f773-48fd-b5c3-626d89d5de64,2026-07-24T20:30:00Z,2026-07-24T22:30:00+0200,3542.29028,MW,FR,FR,forecast_onshore_wind_generation,Wind Onshore,2026-08-23T09:57:02Z
2026-08-23T09:55:52Z,2026-08-23T11:55:52+0200,e9ed0e7a-f773-48fd-b5c3-626d89d5de64,2026-07-24T20:45:00Z,2026-07-24T22:45:00+0200,3613.47021,MW,FR,FR,forecast_onshore_wind_generation,Wind Onshore,2026-08-23T09:57:02Z
2026-08-23T09:55:52Z,2026-08-23T11:55:52+0200,e9ed0e7a-f773-48fd-b5c3-626d89d5de64,2026-07-24T21:00:00Z,2026-07-24T23:00:00+0200,3684.69971,MW,FR,FR,forecast_onshore_wind_generation,Wind Onshore,2026-08-23T09:57:02Z
2026-08-23T09:55:52Z,2026-08-23T11:55:52+0200,e9ed0e7a-f773-48fd-b5c3-626d89d5de64,2026-07-24T21:15:00Z,2026-07-24T23:15:00+0200,3701.81006,MW,FR,FR,forecast_onshore_wind_generation,Wind Onshore,2026-08-23T09:57:02Z
2026-08-23T09:55:52Z,2026-08-23T11:55:52+0200,e9ed0e7a-f773-48fd-b5c3-626d89d5de64,2026-07-24T21:30:00Z,2026-07-24T23:30:00+0200,3718.93994,MW,FR,FR,forecast_onshore_wind_generation,Wind Onshore,2026-08-23T09:57:02Z
2026-08-23T09:55:52Z,2026-08-23T11:55:52+0200,e9ed0e7a-f773-48fd-b5c3-626d89d5de64,2026-07-24T21:45:00Z,2026-07-24T23:45:00+0200,3736.05005,MW,FR,FR,forecast_onshore_wind_generation,Wind Onshore,2026-08-23T09:57:02Z
2026-08-23T09:55:52Z,2026-08-23T11:55:52+0200,e9ed0e7a-f773-48fd-b5c3-626d89d5de64,2026-07-24T22:00:00Z,2026-07-25T00:00:00+0200,4096.5,MW,FR,FR,forecast_onshore_wind_generation,Wind Onshore,2026-08-23T09:57:02Z
2026-08-23T09:55:52Z,2026-08-23T11:55:52+0200,e9ed0e7a-f773-48fd-b5c3-626d89d5de64,2026-07-24T22:15:00Z,2026-07-25T00:15:00+0200,4061.69971,MW,FR,FR,forecast_onshore_wind_generation,Wind Onshore,2026-08-23T09:57:02Z
2026-08-23T09:55:52Z,2026-08-23T11:55:52+0200,e9ed0e7a-f773-48fd-b5c3-626d89d5de64,2026-07-24T22:30:00Z,2026-07-25T00:30:00+0200,4027.51001,MW,FR,FR,forecast_onshore_wind_generation,Wind Onshore,2026-08-23T09:57:02Z
2026-08-23T09:55:52Z,2026-08-23T11:55:52+0200,e9ed0e7a-f773-48fd-b5c3-626d89d5de64,2026-07-24T22:45:00Z,2026-07-25T00:45:00+0200,3993.52979,MW,FR,FR,forecast_onshore_wind_generation,Wind Onshore,2026-08-23T09:57:02Z
2026-08-23T09:55:52Z,2026-08-23T11:55:52+0200,e9ed0e7a-f773-48fd-b5c3-626d89d5de64,2026-07-24T23:00:00Z,2026-07-25T01:00:00+0200,3960.05981,MW,FR,FR,forecast_onshore_wind_generation,Wind Onshore,2026-08-23T09:57:02Z
2026-08-23T09:55:52Z,2026-08-23T11:55:52+0200,e9ed0e7a-f773-48fd-b5c3-626d89d5de64,2026-07-24T23:15:00Z,2026-07-25T01:15:00+0200,3893.04004,MW,FR,FR,forecast_onshore_wind_generation,Wind Onshore,2026-08-23T09:57:02Z
2026-08-23T09:55:52Z,2026-08-23T11:55:52+0200,e9ed0e7a-f773-48fd-b5c3-626d89d5de64,2026-07-24T23:30:00Z,2026-07-25T01:30:00+0200,3826.52979,MW,FR,FR,forecast_onshore_wind_generation,Wind Onshore,2026-08-23T09:57:02Z
2026-08-23T09:55:52Z,2026-08-23T11:55:52+0200,e9ed0e7a-f773-48fd-b5c3-626d89d5de64,2026-07-24T23:45:00Z,2026-07-25T01:45:00+0200,3760.31006,MW,FR,FR,forecast_onshore_wind_generation,Wind Onshore,2026-08-23T09:57:02Z
2026-08-23T09:55:52Z,2026-08-23T11:55:52+0200,e9ed0e7a-f773-48fd-b5c3-626d89d5de64,2026-07-25T00:00:00Z,2026-07-25T02:00:00+0200,3694.46997,MW,FR,FR,forecast_onshore_wind_generation,Wind Onshore,2026-08-23T09:57:02Z
2026-08-23T09:55:52Z,2026-08-23T11:55:52+0200,e9ed0e7a-f773-48fd-b5c3-626d89d5de64,2026-07-25T00:15:00Z,2026-07-25T02:15:00+0200,3607.68994,MW,FR,FR,forecast_onshore_wind_generation,Wind Onshore,2026-08-23T09:57:02Z
2026-08-23T09:55:52Z,2026-08-23T11:55:52+0200,e9ed0e7a-f773-48fd-b5c3-626d89d5de64,2026-07-25T00:30:00Z,2026-07-25T02:30:00+0200,3521.49023,MW,FR,FR,forecast_onshore_wind_generation,Wind Onshore,2026-08-23T09:57:02Z
2026-08-23T09:55:52Z,2026-08-23T11:55:52+0200,e9ed0e7a-f773-48fd-b5c3-626d89d5de64,2026-07-25T00:45:00Z,2026-07-25T02:45:00+0200,3435.5498,MW,FR,FR,forecast_onshore_wind_generation,Wind Onshore,2026-08-23T09:57:02Z
2026-08-23T09:55:52Z,2026-08-23T11:55:52+0200,e9ed0e7a-f773-48fd-b5c3-626d89d5de64,2026-07-25T01:00:00Z,2026-07-25T03:00:00+0200,3350.33008,MW,FR,FR,forecast_onshore_wind_generation,Wind Onshore,2026-08-23T09:57:02Z
2026-08-23T09:55:52Z,2026-08-23T11:55:52+0200,e9ed0e7a-f773-48fd-b5c3-626d89d5de64,2026-07-25T01:15:00Z,2026-07-25T03:15:00+0200,3227.02002,MW,FR,FR,forecast_onshore_wind_generation,Wind Onshore,2026-08-23T09:57:02Z
2026-08-23T09:55:52Z,2026-08-23T11:55:52+0200,e9ed0e7a-f773-48fd-b5c3-626d89d5de64,2026-07-25T01:30:00Z,2026-07-25T03:30:00+0200,3104.12012,MW,FR,FR,forecast_onshore_wind_generation,Wind Onshore,2026-08-23T09:57:02Z
2026-08-23T09:55:52Z,2026-08-23T11:55:52+0200,e9ed0e7a-f773-48fd-b5c3-626d89d5de64,2026-07-25T01:45:00Z,2026-07-25T03:45:00+0200,2981.39014,MW,FR,FR,forecast_onshore_wind_generation,Wind Onshore,2026-08-23T09:57:02Z
2026-08-23T09:55:52Z,2026-08-23T11:55:52+0200,e9ed0e7a-f773-48fd-b5c3-626d89d5de64,2026-07-25T02:00:00Z,2026-07-25T04:00:00+0200,2858.8999,MW,FR,FR,forecast_onshore_wind_generation,Wind Onshore,2026-08-23T09:57:02Z
2026-08-23T09:55:52Z,2026-08-23T11:55:52+0200,e9ed0e7a-f773-48fd-b5c3-626d89d5de64,2026-07-25T02:15:00Z,2026-07-25T04:15:00+0200,2748.20996,MW,FR,FR,forecast_onshore_wind_generation,Wind Onshore,2026-08-23T09:57:02Z
2026-08-23T09:55:52Z,2026-08-23T11:55:52+0200,e9ed0e7a-f773-48fd-b5c3-626d89d5de64,2026-07-25T02:30:00Z,2026-07-25T04:30:00+0200,2637.89014,MW,FR,FR,forecast_onshore_wind_generation,Wind Onshore,2026-08-23T09:57:02Z
2026-08-23T09:55:52Z,2026-08-23T11:55:52+0200,e9ed0e7a-f773-48fd-b5c3-626d89d5de64,2026-07-25T02:45:00Z,2026-07-25T04:45:00+0200,2527.69995,MW,FR,FR,forecast_onshore_wind_generation,Wind Onshore,2026-08-23T09:57:02Z
2026-08-23T09:55:52Z,2026-08-23T11:55:52+0200,e9ed0e7a-f773-48fd-b5c3-626d89d5de64,2026-07-25T03:00:00Z,2026-07-25T05:00:00+0200,2417.6001,MW,FR,FR,forecast_onshore_wind_generation,Wind Onshore,2026-08-23T09:57:02Z
2026-08-23T09:55:52Z,2026-08-23T11:55:52+0200,e9ed0e7a-f773-48fd-b5c3-626d89d5de64,2026-07-25T03:15:00Z,2026-07-25T05:15:00+0200,2345.6499,MW,FR,FR,forecast_onshore_wind_generation,Wind Onshore,2026-08-23T09:57:02Z
2026-08-23T09:55:52Z,2026-08-23T11:55:52+0200,e9ed0e7a-f773-48fd-b5c3-626d89d5de64,2026-07-25T03:30:00Z,2026-07-25T05:30:00+0200,2273.71997,MW,FR,FR,forecast_onshore_wind_generation,Wind Onshore,2026-08-23T09:57:02Z
2026-08-23T09:55:52Z,2026-08-23T11:55:52+0200,e9ed0e7a-f773-48fd-b5c3-626d89d5de64,2026-07-25T03:45:00Z,2026-07-25T05:45:00+0200,2201.92993,MW,FR,FR,forecast_onshore_wind_generation,Wind Onshore,2026-08-23T09:57:02Z
2026-08-23T09:55:52Z,2026-08-23T11:55:52+0200,e9ed0e7a-f773-48fd-b5c3-626d89d5de64,2026-07-25T04:00:00Z,2026-07-25T06:00:00+0200,2130.16016,MW,FR,FR,forecast_onshore_wind_generation,Wind Onshore,2026-08-23T09:57:02Z
2026-08-23T09:55:52Z,2026-08-23T11:55:52+0200,e9ed0e7a-f773-48fd-b5c3-626d89d5de64,2026-07-25T04:15:00Z,2026-07-25T06:15:00+0200,2064.16016,MW,FR,FR,forecast_onshore_wind_generation,Wind Onshore,2026-08-23T09:57:02Z
2026-08-23T09:55:52Z,2026-08-23T11:55:52+0200,e9ed0e7a-f773-48fd-b5c3-626d89d5de64,2026-07-25T04:30:00Z,2026-07-25T06:30:00+0200,1998.19995,MW,FR,FR,forecast_onshore_wind_generation,Wind Onshore,2026-08-23T09:57:02Z
2026-08-23T09:55:52Z,2026-08-23T11:55:52+0200,e9ed0e7a-f773-48fd-b5c3-626d89d5de64,2026-07-25T04:45:00Z,2026-07-25T06:45:00+0200,1932.22009,MW,FR,FR,forecast_onshore_wind_generation,Wind Onshore,2026-08-23T09:57:02Z
2026-08-23T09:55:52Z,2026-08-23T11:55:52+0200,e9ed0e7a-f773-48fd-b5c3-626d89d5de64,2026-07-25T05:00:00Z,2026-07-25T07:00:00+0200,1866.55981,MW,FR,FR,forecast_onshore_wind_generation,Wind Onshore,2026-08-23T09:57:02Z
2026-08-23T09:55:52Z,2026-08-23T11:55:52+0200,e9ed0e7a-f773-48fd-b5c3-626d89d5de64,2026-07-25T05:15:00Z,2026-07-25T07:15:00+0200,1833.65002,MW,FR,FR,forecast_onshore_wind_generation,Wind Onshore,2026-08-23T09:57:02Z
2026-08-23T09:55:52Z,2026-08-23T11:55:52+0200,e9ed0e7a-f773-48fd-b5c3-626d89d5de64,2026-07-25T05:30:00Z,2026-07-25T07:30:00+0200,1800.75,MW,FR,FR,forecast_onshore_wind_generation,Wind Onshore,2026-08-23T09:57:02Z
2026-08-23T09:55:52Z,2026-08-23T11:55:52+0200,e9ed0e7a-f773-48fd-b5c3-626d89d5de64,2026-07-25T05:45:00Z,2026-07-25T07:45:00+0200,1767.96997,MW,FR,FR,forecast_onshore_wind_generation,Wind Onshore,2026-08-23T09:57:02Z
2026-08-23T09:55:52Z,2026-08-23T11:55:52+0200,e9ed0e7a-f773-48fd-b5c3-626d89d5de64,2026-07-25T06:00:00Z,2026-07-25T08:00:00+0200,1735.18994,MW,FR,FR,forecast_onshore_wind_generation,Wind Onshore,2026-08-23T09:57:02Z
2026-08-23T09:55:52Z,2026-08-23T11:55:52+0200,e9ed0e7a-f773-48fd-b5c3-626d89d5de64,2026-07-25T06:15:00Z,2026-07-25T08:15:00+0200,1585.07996,MW,FR,FR,forecast_onshore_wind_generation,Wind Onshore,2026-08-23T09:57:02Z
2026-08-23T09:55:52Z,2026-08-23T11:55:52+0200,e9ed0e7a-f773-48fd-b5c3-626d89d5de64,2026-07-25T06:30:00Z,2026-07-25T08:30:00+0200,1435.21008,MW,FR,FR,forecast_onshore_wind_generation,Wind Onshore,2026-08-23T09:57:02Z
2026-08-23T09:55:52Z,2026-08-23T11:55:52+0200,e9ed0e7a-f773-48fd-b5c3-626d89d5de64,2026-07-25T06:45:00Z,2026-07-25T08:45:00+0200,1285.5,MW,FR,FR,forecast_onshore_wind_generation,Wind Onshore,2026-08-23T09:57:02Z
2026-08-23T09:55:52Z,2026-08-23T11:55:52+0200,e9ed0e7a-f773-48fd-b5c3-626d89d5de64,2026-07-25T07:00:00Z,2026-07-25T09:00:00+0200,1135.97998,MW,FR,FR,forecast_onshore_wind_generation,Wind Onshore,2026-08-23T09:57:02Z
2026-08-23T09:55:52Z,2026-08-23T11:55:52+0200,e9ed0e7a-f773-48fd-b5c3-626d89d5de64,2026-07-25T07:15:00Z,2026-07-25T09:15:00+0200,1116.19995,MW,FR,FR,forecast_onshore_wind_generation,Wind Onshore,2026-08-23T09:57:02Z
2026-08-23T09:55:52Z,2026-08-23T11:55:52+0200,e9ed0e7a-f773-48fd-b5c3-626d89d5de64,2026-07-25T07:30:00Z,2026-07-25T09:30:00+0200,1096.45996,MW,FR,FR,forecast_onshore_wind_generation,Wind Onshore,2026-08-23T09:57:02Z
2026-08-23T09:55:52Z,2026-08-23T11:55:52+0200,e9ed0e7a-f773-48fd-b5c3-626d89d5de64,2026-07-25T07:45:00Z,2026-07-25T09:45:00+0200,1076.86011,MW,FR,FR,forecast_onshore_wind_generation,Wind Onshore,2026-08-23T09:57:02Z
2026-08-23T09:55:52Z,2026-08-23T11:55:52+0200,e9ed0e7a-f773-48fd-b5c3-626d89d5de64,2026-07-25T08:00:00Z,2026-07-25T10:00:00+0200,1057.32007,MW,FR,FR,forecast_onshore_wind_generation,Wind Onshore,2026-08-23T09:57:02Z
2026-08-23T09:55:52Z,2026-08-23T11:55:52+0200,e9ed0e7a-f773-48fd-b5c3-626d89d5de64,2026-07-25T08:15:00Z,2026-07-25T10:15:00+0200,1065.71997,MW,FR,FR,forecast_onshore_wind_generation,Wind Onshore,2026-08-23T09:57:02Z
2026-08-23T09:55:52Z,2026-08-23T11:55:52+0200,e9ed0e7a-f773-48fd-b5c3-626d89d5de64,2026-07-25T08:30:00Z,2026-07-25T10:30:00+0200,1074.29004,MW,FR,FR,forecast_onshore_wind_generation,Wind Onshore,2026-08-23T09:57:02Z
2026-08-23T09:55:52Z,2026-08-23T11:55:52+0200,e9ed0e7a-f773-48fd-b5c3-626d89d5de64,2026-07-25T08:45:00Z,2026-07-25T10:45:00+0200,1082.93994,MW,FR,FR,forecast_onshore_wind_generation,Wind Onshore,2026-08-23T09:57:02Z
2026-08-23T09:55:52Z,2026-08-23T11:55:52+0200,e9ed0e7a-f773-48fd-b5c3-626d89d5de64,2026-07-25T09:00:00Z,2026-07-25T11:00:00+0200,1091.65002,MW,FR,FR,forecast_onshore_wind_generation,Wind Onshore,2026-08-23T09:57:02Z
2026-08-23T09:55:52Z,2026-08-23T11:55:52+0200,e9ed0e7a-f773-48fd-b5c3-626d89d5de64,2026-07-25T09:15:00Z,2026-07-25T11:15:00+0200,1103.61987,MW,FR,FR,forecast_onshore_wind_generation,Wind Onshore,2026-08-23T09:57:02Z
2026-08-23T09:55:52Z,2026-08-23T11:55:52+0200,e9ed0e7a-f773-48fd-b5c3-626d89d5de64,2026-07-25T09:30:00Z,2026-07-25T11:30:00+0200,1115.63,MW,FR,FR,forecast_onshore_wind_generation,Wind Onshore,2026-08-23T09:57:02Z
2026-08-23T09:55:52Z,2026-08-23T11:55:52+0200,e9ed0e7a-f773-48fd-b5c3-626d89d5de64,2026-07-25T09:45:00Z,2026-07-25T11:45:00+0200,1127.64001,MW,FR,FR,forecast_onshore_wind_generation,Wind Onshore,2026-08-23T09:57:02Z
2026-08-23T09:55:52Z,2026-08-23T11:55:52+0200,e9ed0e7a-f773-48fd-b5c3-626d89d5de64,2026-07-25T10:00:00Z,2026-07-25T12:00:00+0200,1139.70007,MW,FR,FR,forecast_onshore_wind_generation,Wind Onshore,2026-08-23T09:57:02Z
2026-08-23T09:55:52Z,2026-08-23T11:55:52+0200,e9ed0e7a-f773-48fd-b5c3-626d89d5de64,2026-07-25T10:15:00Z,2026-07-25T12:15:00+0200,1167.13,MW,FR,FR,forecast_onshore_wind_generation,Wind Onshore,2026-08-23T09:57:02Z
2026-08-23T09:55:52Z,2026-08-23T11:55:52+0200,e9ed0e7a-f773-48fd-b5c3-626d89d5de64,2026-07-25T10:30:00Z,2026-07-25T12:30:00+0200,1194.61987,MW,FR,FR,forecast_onshore_wind_generation,Wind Onshore,2026-08-23T09:57:02Z
2026-08-23T09:55:52Z,2026-08-23T11:55:52+0200,e9ed0e7a-f773-48fd-b5c3-626d89d5de64,2026-07-25T10:45:00Z,2026-07-25T12:45:00+0200,1222.06995,MW,FR,FR,forecast_onshore_wind_generation,Wind Onshore,2026-08-23T09:57:02Z
2026-08-23T09:55:52Z,2026-08-23T11:55:52+0200,e9ed0e7a-f773-48fd-b5c3-626d89d5de64,2026-07-25T11:00:00Z,2026-07-25T13:00:00+0200,1249.5199,MW,FR,FR,forecast_onshore_wind_generation,Wind Onshore,2026-08-23T09:57:02Z
2026-08-23T09:55:52Z,2026-08-23T11:55:52+0200,e9ed0e7a-f773-48fd-b5c3-626d89d5de64,2026-07-25T11:15:00Z,2026-07-25T13:15:00+0200,1312.34998,MW,FR,FR,forecast_onshore_wind_generation,Wind Onshore,2026-08-23T09:57:02Z
2026-08-23T09:55:52Z,2026-08-23T11:55:52+0200,e9ed0e7a-f773-48fd-b5c3-626d89d5de64,2026-07-25T11:30:00Z,2026-07-25T13:30:00+0200,1375.38013,MW,FR,FR,forecast_onshore_wind_generation,Wind Onshore,2026-08-23T09:57:02Z
2026-08-23T09:55:52Z,2026-08-23T11:55:52+0200,e9ed0e7a-f773-48fd-b5c3-626d89d5de64,2026-07-25T11:45:00Z,2026-07-25T13:45:00+0200,1438.53015,MW,FR,FR,forecast_onshore_wind_generation,Wind Onshore,2026-08-23T09:57:02Z
2026-08-23T09:55:52Z,2026-08-23T11:55:52+0200,e9ed0e7a-f773-48fd-b5c3-626d89d5de64,2026-07-25T12:00:00Z,2026-07-25T14:00:00+0200,1501.73987,MW,FR,FR,forecast_onshore_wind_generation,Wind Onshore,2026-08-23T09:57:02Z
2026-08-23T09:55:52Z,2026-08-23T11:55:52+0200,e9ed0e7a-f773-48fd-b5c3-626d89d5de64,2026-07-25T12:15:00Z,2026-07-25T14:15:00+0200,1557.37012,MW,FR,FR,forecast_onshore_wind_generation,Wind Onshore,2026-08-23T09:57:02Z
2026-08-23T09:55:52Z,2026-08-23T11:55:52+0200,e9ed0e7a-f773-48fd-b5c3-626d89d5de64,2026-07-25T12:30:00Z,2026-07-25T14:30:00+0200,1613.34985,MW,FR,FR,forecast_onshore_wind_generation,Wind Onshore,2026-08-23T09:57:02Z
2026-08-23T09:55:52Z,2026-08-23T11:55:52+0200,e9ed0e7a-f773-48fd-b5c3-626d89d5de64,2026-07-25T12:45:00Z,2026-07-25T14:45:00+0200,1669.40991,MW,FR,FR,forecast_onshore_wind_generation,Wind Onshore,2026-08-23T09:57:02Z
2026-08-23T09:55:52Z,2026-08-23T11:55:52+0200,e9ed0e7a-f773-48fd-b5c3-626d89d5de64,2026-07-25T13:00:00Z,2026-07-25T15:00:00+0200,1725.54004,MW,FR,FR,forecast_onshore_wind_generation,Wind Onshore,2026-08-23T09:57:02Z
2026-08-23T09:55:52Z,2026-08-23T11:55:52+0200,e9ed0e7a-f773-48fd-b5c3-626d89d5de64,2026-07-25T13:15:00Z,2026-07-25T15:15:00+0200,1770.38989,MW,FR,FR,forecast_onshore_wind_generation,Wind Onshore,2026-08-23T09:57:02Z
2026-08-23T09:55:52Z,2026-08-23T11:55:52+0200,e9ed0e7a-f773-48fd-b5c3-626d89d5de64,2026-07-25T13:30:00Z,2026-07-25T15:30:00+0200,1815.30005,MW,FR,FR,forecast_onshore_wind_generation,Wind Onshore,2026-08-23T09:57:02Z
2026-08-23T09:55:52Z,2026-08-23T11:55:52+0200,e9ed0e7a-f773-48fd-b5c3-626d89d5de64,2026-07-25T13:45:00Z,2026-07-25T15:45:00+0200,1860.26001,MW,FR,FR,forecast_onshore_wind_generation,Wind Onshore,2026-08-23T09:57:02Z
2026-08-23T09:55:52Z,2026-08-23T11:55:52+0200,e9ed0e7a-f773-48fd-b5c3-626d89d5de64,2026-07-25T14:00:00Z,2026-07-25T16:00:00+0200,1905.6001,MW,FR,FR,forecast_onshore_wind_generation,Wind Onshore,2026-08-23T09:57:02Z
2026-08-23T09:55:52Z,2026-08-23T11:55:52+0200,e9ed0e7a-f773-48fd-b5c3-626d89d5de64,2026-07-25T14:15:00Z,2026-07-25T16:15:00+0200,1991.64014,MW,FR,FR,forecast_onshore_wind_generation,Wind Onshore,2026-08-23T09:57:02Z
2026-08-23T09:55:52Z,2026-08-23T11:55:52+0200,e9ed0e7a-f773-48fd-b5c3-626d89d5de64,2026-07-25T14:30:00Z,2026-07-25T16:30:00+0200,2078.14014,MW,FR,FR,forecast_onshore_wind_generation,Wind Onshore,2026-08-23T09:57:02Z
2026-08-23T09:55:52Z,2026-08-23T11:55:52+0200,e9ed0e7a-f773-48fd-b5c3-626d89d5de64,2026-07-25T14:45:00Z,2026-07-25T16:45:00+0200,2164.66992,MW,FR,FR,forecast_onshore_wind_generation,Wind Onshore,2026-08-23T09:57:02Z
2026-08-23T09:55:52Z,2026-08-23T11:55:52+0200,e9ed0e7a-f773-48fd-b5c3-626d89d5de64,2026-07-25T15:00:00Z,2026-07-25T17:00:00+0200,2251.18994,MW,FR,FR,forecast_onshore_wind_generation,Wind Onshore,2026-08-23T09:57:02Z
2026-08-23T09:55:52Z,2026-08-23T11:55:52+0200,e9ed0e7a-f773-48fd-b5c3-626d89d5de64,2026-07-25T15:15:00Z,2026-07-25T17:15:00+0200,2357.41992,MW,FR,FR,forecast_onshore_wind_generation,Wind Onshore,2026-08-23T09:57:02Z
2026-08-23T09:55:52Z,2026-08-23T11:55:52+0200,e9ed0e7a-f773-48fd-b5c3-626d89d5de64,2026-07-25T15:30:00Z,2026-07-25T17:30:00+0200,2463.60986,MW,FR,FR,forecast_onshore_wind_generation,Wind Onshore,2026-08-23T09:57:02Z
2026-08-23T09:55:52Z,2026-08-23T11:55:52+0200,e9ed0e7a-f773-48fd-b5c3-626d89d5de64,2026-07-25T15:45:00Z,2026-07-25T17:45:00+0200,2569.68994,MW,FR,FR,forecast_onshore_wind_generation,Wind Onshore,2026-08-23T09:57:02Z
2026-08-23T09:55:52Z,2026-08-23T11:55:52+0200,e9ed0e7a-f773-48fd-b5c3-626d89d5de64,2026-07-25T16:00:00Z,2026-07-25T18:00:00+0200,2675.79004,MW,FR,FR,forecast_onshore_wind_generation,Wind Onshore,2026-08-23T09:57:02Z
2026-08-23T09:55:52Z,2026-08-23T11:55:52+0200,e9ed0e7a-f773-48fd-b5c3-626d89d5de64,2026-07-25T16:15:00Z,2026-07-25T18:15:00+0200,2822.16016,MW,FR,FR,forecast_onshore_wind_generation,Wind Onshore,2026-08-23T09:57:02Z
2026-08-23T09:55:52Z,2026-08-23T11:55:52+0200,e9ed0e7a-f773-48fd-b5c3-626d89d5de64,2026-07-25T16:30:00Z,2026-07-25T18:30:00+0200,2968.54004,MW,FR,FR,forecast_onshore_wind_generation,Wind Onshore,2026-08-23T09:57:02Z
2026-08-23T09:55:52Z,2026-08-23T11:55:52+0200,e9ed0e7a-f773-48fd-b5c3-626d89d5de64,2026-07-25T16:45:00Z,2026-07-25T18:45:00+0200,3114.92969,MW,FR,FR,forecast_onshore_wind_generation,Wind Onshore,2026-08-23T09:57:02Z
2026-08-23T09:55:52Z,2026-08-23T11:55:52+0200,e9ed0e7a-f773-48fd-b5c3-626d89d5de64,2026-07-25T17:00:00Z,2026-07-25T19:00:00+0200,3261.36987,MW,FR,FR,forecast_onshore_wind_generation,Wind Onshore,2026-08-23T09:57:02Z
2026-08-23T09:55:52Z,2026-08-23T11:55:52+0200,e9ed0e7a-f773-48fd-b5c3-626d89d5de64,2026-07-25T17:15:00Z,2026-07-25T19:15:00+0200,3414.55981,MW,FR,FR,forecast_onshore_wind_generation,Wind Onshore,2026-08-23T09:57:02Z
2026-08-23T09:55:52Z,2026-08-23T11:55:52+0200,e9ed0e7a-f773-48fd-b5c3-626d89d5de64,2026-07-25T17:30:00Z,2026-07-25T19:30:00+0200,3567.8103,MW,FR,FR,forecast_onshore_wind_generation,Wind Onshore,2026-08-23T09:57:02Z
2026-08-23T09:55:52Z,2026-08-23T11:55:52+0200,e9ed0e7a-f773-48fd-b5c3-626d89d5de64,2026-07-25T17:45:00Z,2026-07-25T19:45:00+0200,3721.1499,MW,FR,FR,forecast_onshore_wind_generation,Wind Onshore,2026-08-23T09:57:02Z
2026-08-23T09:55:52Z,2026-08-23T11:55:52+0200,e9ed0e7a-f773-48fd-b5c3-626d89d5de64,2026-07-25T18:00:00Z,2026-07-25T20:00:00+0200,3874.48975,MW,FR,FR,forecast_onshore_wind_generation,Wind Onshore,2026-08-23T09:57:02Z
2026-08-23T09:55:52Z,2026-08-23T11:55:52+0200,e9ed0e7a-f773-48fd-b5c3-626d89d5de64,2026-07-25T18:15:00Z,2026-07-25T20:15:00+0200,4011.02002,MW,FR,FR,forecast_onshore_wind_generation,Wind Onshore,2026-08-23T09:57:02Z
2026-08-23T09:55:52Z,2026-08-23T11:55:52+0200,e9ed0e7a-f773-48fd-b5c3-626d89d5de64,2026-07-25T18:30:00Z,2026-07-25T20:30:00+0200,4147.55957,MW,FR,FR,forecast_onshore_wind_generation,Wind Onshore,2026-08-23T09:57:02Z
2026-08-23T09:55:52Z,2026-08-23T11:55:52+0200,e9ed0e7a-f773-48fd-b5c3-626d89d5de64,2026-07-25T18:45:00Z,2026-07-25T20:45:00+0200,4283.93994,MW,FR,FR,forecast_onshore_wind_generation,Wind Onshore,2026-08-23T09:57:02Z
2026-08-23T09:55:52Z,2026-08-23T11:55:52+0200,e9ed0e7a-f773-48fd-b5c3-626d89d5de64,2026-07-25T19:00:00Z,2026-07-25T21:00:00+0200,4420.35986,MW,FR,FR,forecast_onshore_wind_generation,Wind Onshore,2026-08-23T09:57:02Z
2026-08-23T09:55:52Z,2026-08-23T11:55:52+0200,e9ed0e7a-f773-48fd-b5c3-626d89d5de64,2026-07-25T19:15:00Z,2026-07-25T21:15:00+0200,4533.23975,MW,FR,FR,forecast_onshore_wind_generation,Wind Onshore,2026-08-23T09:57:02Z
2026-08-23T09:55:52Z,2026-08-23T11:55:52+0200,e9ed0e7a-f773-48fd-b5c3-626d89d5de64,2026-07-25T19:30:00Z,2026-07-25T21:30:00+0200,4646.12988,MW,FR,FR,forecast_onshore_wind_generation,Wind Onshore,2026-08-23T09:57:02Z
2026-08-23T09:55:52Z,2026-08-23T11:55:52+0200,e9ed0e7a-f773-48fd-b5c3-626d89d5de64,2026-07-25T19:45:00Z,2026-07-25T21:45:00+0200,4759.02002,MW,FR,FR,forecast_onshore_wind_generation,Wind Onshore,2026-08-23T09:57:02Z
2026-08-23T09:55:52Z,2026-08-23T11:55:52+0200,e9ed0e7a-f773-48fd-b5c3-626d89d5de64,2026-07-25T20:00:00Z,2026-07-25T22:00:00+0200,4871.90039,MW,FR,FR,forecast_onshore_wind_generation,Wind Onshore,2026-08-23T09:57:02Z
2026-08-23T09:55:52Z,2026-08-23T11:55:52+0200,e9ed0e7a-f773-48fd-b5c3-626d89d5de64,2026-07-25T20:15:00Z,2026-07-25T22:15:00+0200,4984.28027,MW,FR,FR,forecast_onshore_wind_generation,Wind Onshore,2026-08-23T09:57:02Z
2026-08-23T09:55:52Z,2026-08-23T11:55:52+0200,e9ed0e7a-f773-48fd-b5c3-626d89d5de64,2026-07-25T20:30:00Z,2026-07-25T22:30:00+0200,5096.65967,MW,FR,FR,forecast_onshore_wind_generation,Wind Onshore,2026-08-23T09:57:02Z
2026-08-23T09:55:52Z,2026-08-23T11:55:52+0200,e9ed0e7a-f773-48fd-b5c3-626d89d5de64,2026-07-25T20:45:00Z,2026-07-25T22:45:00+0200,5209.12988,MW,FR,FR,forecast_onshore_wind_generation,Wind Onshore,2026-08-23T09:57:02Z
2026-08-23T09:55:52Z,2026-08-23T11:55:52+0200,e9ed0e7a-f773-48fd-b5c3-626d89d5de64,2026-07-25T21:00:00Z,2026-07-25T23:00:00+0200,5321.58984,MW,FR,FR,forecast_onshore_wind_generation,Wind Onshore,2026-08-23T09:57:02Z
2026-08-23T09:55:52Z,2026-08-23T11:55:52+0200,e9ed0e7a-f773-48fd-b5c3-626d89d5de64,2026-07-25T21:15:00Z,2026-07-25T23:15:00+0200,5400.00977,MW,FR,FR,forecast_onshore_wind_generation,Wind Onshore,2026-08-23T09:57:02Z
2026-08-23T09:55:52Z,2026-08-23T11:55:52+0200,e9ed0e7a-f773-48fd-b5c3-626d89d5de64,2026-07-25T21:30:00Z,2026-07-25T23:30:00+0200,5478.41992,MW,FR,FR,forecast_onshore_wind_generation,Wind Onshore,2026-08-23T09:57:02Z
2026-08-23T09:55:52Z,2026-08-23T11:55:52+0200,e9ed0e7a-f773-48fd-b5c3-626d89d5de64,2026-07-25T21:45:00Z,2026-07-25T23:45:00+0200,5556.82959,MW,FR,FR,forecast_onshore_wind_generation,Wind Onshore,2026-08-23T09:57:02Z
2026-08-23T09:55:52Z,2026-08-23T11:55:52+0200,e9ed0e7a-f773-48fd-b5c3-626d89d5de64,2026-07-25T22:00:00Z,2026-07-26T00:00:00+0200,6189.52979,MW,FR,FR,forecast_onshore_wind_generation,Wind Onshore,2026-08-23T09:57:02Z
2026-08-23T09:55:52Z,2026-08-23T11:55:52+0200,e9ed0e7a-f773-48fd-b5c3-626d89d5de64,2026-07-25T22:15:00Z,2026-07-26T00:15:00+0200,6136.35986,MW,FR,FR,forecast_onshore_wind_generation,Wind Onshore,2026-08-23T09:57:02Z
2026-08-23T09:55:52Z,2026-08-23T11:55:52+0200,e9ed0e7a-f773-48fd-b5c3-626d89d5de64,2026-07-25T22:30:00Z,2026-07-26T00:30:00+0200,6083.20996,MW,FR,FR,forecast_onshore_wind_generation,Wind Onshore,2026-08-23T09:57:02Z
2026-08-23T09:55:52Z,2026-08-23T11:55:52+0200,e9ed0e7a-f773-48fd-b5c3-626d89d5de64,2026-07-25T22:45:00Z,2026-07-26T00:45:00+0200,6029.91992,MW,FR,FR,forecast_onshore_wind_generation,Wind Onshore,2026-08-23T09:57:02Z
2026-08-23T09:55:52Z,2026-08-23T11:55:52+0200,e9ed0e7a-f773-48fd-b5c3-626d89d5de64,2026-07-25T23:00:00Z,2026-07-26T01:00:00+0200,5976.90967,MW,FR,FR,forecast_onshore_wind_generation,Wind Onshore,2026-08-23T09:57:02Z
2026-08-23T09:55:52Z,2026-08-23T11:55:52+0200,e9ed0e7a-f773-48fd-b5c3-626d89d5de64,2026-07-25T23:15:00Z,2026-07-26T01:15:00+0200,5831.18018,MW,FR,FR,forecast_onshore_wind_generation,Wind Onshore,2026-08-23T09:57:02Z
2026-08-23T09:55:52Z,2026-08-23T11:55:52+0200,e9ed0e7a-f773-48fd-b5c3-626d89d5de64,2026-07-25T23:30:00Z,2026-07-26T01:30:00+0200,5685.66016,MW,FR,FR,forecast_onshore_wind_generation,Wind Onshore,2026-08-23T09:57:02Z
2026-08-23T09:55:52Z,2026-08-23T11:55:52+0200,e9ed0e7a-f773-48fd-b5c3-626d89d5de64,2026-07-25T23:45:00Z,2026-07-26T01:45:00+0200,5540.21973,MW,FR,FR,forecast_onshore_wind_generation,Wind Onshore,2026-08-23T09:57:02Z
2026-08-23T09:55:52Z,2026-08-23T11:55:52+0200,e9ed0e7a-f773-48fd-b5c3-626d89d5de64,2026-07-26T00:00:00Z,2026-07-26T02:00:00+0200,5394.79004,MW,FR,FR,forecast_onshore_wind_generation,Wind Onshore,2026-08-23T09:57:02Z
2026-08-23T09:55:52Z,2026-08-23T11:55:52+0200,e9ed0e7a-f773-48fd-b5c3-626d89d5de64,2026-07-26T00:15:00Z,2026-07-26T02:15:00+0200,5293.45996,MW,FR,FR,forecast_onshore_wind_generation,Wind Onshore,2026-08-23T09:57:02Z
2026-08-23T09:55:52Z,2026-08-23T11:55:52+0200,e9ed0e7a-f773-48fd-b5c3-626d89d5de64,2026-07-26T00:30:00Z,2026-07-26T02:30:00+0200,5192.15967,MW,FR,FR,forecast_onshore_wind_generation,Wind Onshore,2026-08-23T09:57:02Z
2026-08-23T09:55:52Z,2026-08-23T11:55:52+0200,e9ed0e7a-f773-48fd-b5c3-626d89d5de64,2026-07-26T00:45:00Z,2026-07-26T02:45:00+0200,5090.87988,MW,FR,FR,forecast_onshore_wind_generation,Wind Onshore,2026-08-23T09:57:02Z
2026-08-23T09:55:52Z,2026-08-23T11:55:52+0200,e9ed0e7a-f773-48fd-b5c3-626d89d5de64,2026-07-26T01:00:00Z,2026-07-26T03:00:00+0200,4989.81006,MW,FR,FR,forecast_onshore_wind_generation,Wind Onshore,2026-08-23T09:57:02Z
2026-08-23T09:55:52Z,2026-08-23T11:55:52+0200,e9ed0e7a-f773-48fd-b5c3-626d89d5de64,2026-07-26T01:15:00Z,2026-07-26T03:15:00+0200,4956.66992,MW,FR,FR,forecast_onshore_wind_generation,Wind Onshore,2026-08-23T09:57:02Z
2026-08-23T09:55:52Z,2026-08-23T11:55:52+0200,e9ed0e7a-f773-48fd-b5c3-626d89d5de64,2026-07-26T01:30:00Z,2026-07-26T03:30:00+0200,4923.5498,MW,FR,FR,forecast_onshore_wind_generation,Wind Onshore,2026-08-23T09:57:02Z
2026-08-23T09:55:52Z,2026-08-23T11:55:52+0200,e9ed0e7a-f773-48fd-b5c3-626d89d5de64,2026-07-26T01:45:00Z,2026-07-26T03:45:00+0200,4890.4502,MW,FR,FR,forecast_onshore_wind_generation,Wind Onshore,2026-08-23T09:57:02Z
2026-08-23T09:55:52Z,2026-08-23T11:55:52+0200,e9ed0e7a-f773-48fd-b5c3-626d89d5de64,2026-07-26T02:00:00Z,2026-07-26T04:00:00+0200,4857.31982,MW,FR,FR,forecast_onshore_wind_generation,Wind Onshore,2026-08-23T09:57:02Z
2026-08-23T09:55:52Z,2026-08-23T11:55:52+0200,e9ed0e7a-f773-48fd-b5c3-626d89d5de64,2026-07-26T02:15:00Z,2026-07-26T04:15:00+0200,4832.25,MW,FR,FR,forecast_onshore_wind_generation,Wind Onshore,2026-08-23T09:57:02Z
2026-08-23T09:55:52Z,2026-08-23T11:55:52+0200,e9ed0e7a-f773-48fd-b5c3-626d89d5de64,2026-07-26T02:30:00Z,2026-07-26T04:30:00+0200,4807.31006,MW,FR,FR,forecast_onshore_wind_generation,Wind Onshore,2026-08-23T09:57:02Z
2026-08-23T09:55:52Z,2026-08-23T11:55:52+0200,e9ed0e7a-f773-48fd-b5c3-626d89d5de64,2026-07-26T02:45:00Z,2026-07-26T04:45:00+0200,4782.33008,MW,FR,FR,forecast_onshore_wind_generation,Wind Onshore,2026-08-23T09:57:02Z
2026-08-23T09:55:52Z,2026-08-23T11:55:52+0200,e9ed0e7a-f773-48fd-b5c3-626d89d5de64,2026-07-26T03:00:00Z,2026-07-26T05:00:00+0200,4757.33008,MW,FR,FR,forecast_onshore_wind_generation,Wind Onshore,2026-08-23T09:57:02Z
2026-08-23T09:55:52Z,2026-08-23T11:55:52+0200,e9ed0e7a-f773-48fd-b5c3-626d89d5de64,2026-07-26T03:15:00Z,2026-07-26T05:15:00+0200,4747.35986,MW,FR,FR,forecast_onshore_wind_generation,Wind Onshore,2026-08-23T09:57:02Z
2026-08-23T09:55:52Z,2026-08-23T11:55:52+0200,e9ed0e7a-f773-48fd-b5c3-626d89d5de64,2026-07-26T03:30:00Z,2026-07-26T05:30:00+0200,4737.36963,MW,FR,FR,forecast_onshore_wind_generation,Wind Onshore,2026-08-23T09:57:02Z
2026-08-23T09:55:52Z,2026-08-23T11:55:52+0200,e9ed0e7a-f773-48fd-b5c3-626d89d5de64,2026-07-26T03:45:00Z,2026-07-26T05:45:00+0200,4727.44971,MW,FR,FR,forecast_onshore_wind_generation,Wind Onshore,2026-08-23T09:57:02Z
2026-08-23T09:55:52Z,2026-08-23T11:55:52+0200,e9ed0e7a-f773-48fd-b5c3-626d89d5de64,2026-07-26T04:00:00Z,2026-07-26T06:00:00+0200,4717.5,MW,FR,FR,forecast_onshore_wind_generation,Wind Onshore,2026-08-23T09:57:02Z
2026-08-23T09:55:52Z,2026-08-23T11:55:52+0200,e9ed0e7a-f773-48fd-b5c3-626d89d5de64,2026-07-26T04:15:00Z,2026-07-26T06:15:00+0200,4742.95996,MW,FR,FR,forecast_onshore_wind_generation,Wind Onshore,2026-08-23T09:57:02Z
2026-08-23T09:55:52Z,2026-08-23T11:55:52+0200,e9ed0e7a-f773-48fd-b5c3-626d89d5de64,2026-07-26T04:30:00Z,2026-07-26T06:30:00+0200,4768.41016,MW,FR,FR,forecast_onshore_wind_generation,Wind Onshore,2026-08-23T09:57:02Z
2026-08-23T09:55:52Z,2026-08-23T11:55:52+0200,e9ed0e7a-f773-48fd-b5c3-626d89d5de64,2026-07-26T04:45:00Z,2026-07-26T06:45:00+0200,4793.72998,MW,FR,FR,forecast_onshore_wind_generation,Wind Onshore,2026-08-23T09:57:02Z
2026-08-23T09:55:52Z,2026-08-23T11:55:52+0200,e9ed0e7a-f773-48fd-b5c3-626d89d5de64,2026-07-26T05:00:00Z,2026-07-26T07:00:00+0200,4819.07031,MW,FR,FR,forecast_onshore_wind_generation,Wind Onshore,2026-08-23T09:57:02Z
2026-08-23T09:55:52Z,2026-08-23T11:55:52+0200,e9ed0e7a-f773-48fd-b5c3-626d89d5de64,2026-07-26T05:15:00Z,2026-07-26T07:15:00+0200,4700.04004,MW,FR,FR,forecast_onshore_wind_generation,Wind Onshore,2026-08-23T09:57:02Z
2026-08-23T09:55:52Z,2026-08-23T11:55:52+0200,e9ed0e7a-f773-48fd-b5c3-626d89d5de64,2026-07-26T05:30:00Z,2026-07-26T07:30:00+0200,4581.02979,MW,FR,FR,forecast_onshore_wind_generation,Wind Onshore,2026-08-23T09:57:02Z
2026-08-23T09:55:52Z,2026-08-23T11:55:52+0200,e9ed0e7a-f773-48fd-b5c3-626d89d5de64,2026-07-26T05:45:00Z,2026-07-26T07:45:00+0200,4462.01025,MW,FR,FR,forecast_onshore_wind_generation,Wind Onshore,2026-08-23T09:57:02Z
2026-08-23T09:55:52Z,2026-08-23T11:55:52+0200,e9ed0e7a-f773-48fd-b5c3-626d89d5de64,2026-07-26T06:00:00Z,2026-07-26T08:00:00+0200,4343.00977,MW,FR,FR,forecast_onshore_wind_generation,Wind Onshore,2026-08-23T09:57:02Z
2026-08-23T09:55:52Z,2026-08-23T11:55:52+0200,e9ed0e7a-f773-48fd-b5c3-626d89d5de64,2026-07-26T06:15:00Z,2026-07-26T08:15:00+0200,4507.91992,MW,FR,FR,forecast_onshore_wind_generation,Wind Onshore,2026-08-23T09:57:02Z
2026-08-23T09:55:52Z,2026-08-23T11:55:52+0200,e9ed0e7a-f773-48fd-b5c3-626d89d5de64,2026-07-26T06:30:00Z,2026-07-26T08:30:00+0200,4672.83008,MW,FR,FR,forecast_onshore_wind_generation,Wind Onshore,2026-08-23T09:57:02Z
2026-08-23T09:55:52Z,2026-08-23T11:55:52+0200,e9ed0e7a-f773-48fd-b5c3-626d89d5de64,2026-07-26T06:45:00Z,2026-07-26T08:45:00+0200,4837.72021,MW,FR,FR,forecast_onshore_wind_generation,Wind Onshore,2026-08-23T09:57:02Z
2026-08-23T09:55:52Z,2026-08-23T11:55:52+0200,e9ed0e7a-f773-48fd-b5c3-626d89d5de64,2026-07-26T07:00:00Z,2026-07-26T09:00:00+0200,5002.35645,MW,FR,FR,forecast_onshore_wind_generation,Wind Onshore,2026-08-23T09:57:02Z
2026-08-23T09:55:52Z,2026-08-23T11:55:52+0200,e9ed0e7a-f773-48fd-b5c3-626d89d5de64,2026-07-26T07:15:00Z,2026-07-26T09:15:00+0200,3180.96069,MW,FR,FR,forecast_onshore_wind_generation,Wind Onshore,2026-08-23T09:57:02Z
2026-08-23T09:55:52Z,2026-08-23T11:55:52+0200,e9ed0e7a-f773-48fd-b5c3-626d89d5de64,2026-07-26T07:30:00Z,2026-07-26T09:30:00+0200,3311.84961,MW,FR,FR,forecast_onshore_wind_generation,Wind Onshore,2026-08-23T09:57:02Z
2026-08-23T09:55:52Z,2026-08-23T11:55:52+0200,e9ed0e7a-f773-48fd-b5c3-626d89d5de64,2026-07-26T07:45:00Z,2026-07-26T09:45:00+0200,3030.3501,MW,FR,FR,forecast_onshore_wind_generation,Wind Onshore,2026-08-23T09:57:02Z
2026-08-23T09:55:52Z,2026-08-23T11:55:52+0200,e9ed0e7a-f773-48fd-b5c3-626d89d5de64,2026-07-26T08:00:00Z,2026-07-26T10:00:00+0200,3053.16968,MW,FR,FR,forecast_onshore_wind_generation,Wind Onshore,2026-08-23T09:57:02Z
2026-08-23T09:55:52Z,2026-08-23T11:55:52+0200,e9ed0e7a-f773-48fd-b5c3-626d89d5de64,2026-07-26T08:15:00Z,2026-07-26T10:15:00+0200,3115.7417,MW,FR,FR,forecast_onshore_wind_generation,Wind Onshore,2026-08-23T09:57:02Z
2026-08-23T09:55:52Z,2026-08-23T11:55:52+0200,e9ed0e7a-f773-48fd-b5c3-626d89d5de64,2026-07-26T08:30:00Z,2026-07-26T10:30:00+0200,3217.15869,MW,FR,FR,forecast_onshore_wind_generation,Wind Onshore,2026-08-23T09:57:02Z
2026-08-23T09:55:52Z,2026-08-23T11:55:52+0200,e9ed0e7a-f773-48fd-b5c3-626d89d5de64,2026-07-26T08:45:00Z,2026-07-26T10:45:00+0200,3317.12061,MW,FR,FR,forecast_onshore_wind_generation,Wind Onshore,2026-08-23T09:57:02Z
2026-08-23T09:55:52Z,2026-08-23T11:55:52+0200,e9ed0e7a-f773-48fd-b5c3-626d89d5de64,2026-07-26T09:00:00Z,2026-07-26T11:00:00+0200,3447.7793,MW,FR,FR,forecast_onshore_wind_generation,Wind Onshore,2026-08-23T09:57:02Z
2026-08-23T09:55:52Z,2026-08-23T11:55:52+0200,e9ed0e7a-f773-48fd-b5c3-626d89d5de64,2026-07-26T09:15:00Z,2026-07-26T11:15:00+0200,4400.30176,MW,FR,FR,forecast_onshore_wind_generation,Wind Onshore,2026-08-23T09:57:02Z
2026-08-23T09:55:52Z,2026-08-23T11:55:52+0200,e9ed0e7a-f773-48fd-b5c3-626d89d5de64,2026-07-26T09:30:00Z,2026-07-26T11:30:00+0200,4174.58936,MW,FR,FR,forecast_onshore_wind_generation,Wind Onshore,2026-08-23T09:57:02Z
2026-08-23T09:55:52Z,2026-08-23T11:55:52+0200,e9ed0e7a-f773-48fd-b5c3-626d89d5de64,2026-07-26T09:45:00Z,2026-07-26T11:45:00+0200,4301.3291,MW,FR,FR,forecast_onshore_wind_generation,Wind Onshore,2026-08-23T09:57:02Z
2026-08-23T09:55:52Z,2026-08-23T11:55:52+0200,e9ed0e7a-f773-48fd-b5c3-626d89d5de64,2026-07-26T10:00:00Z,2026-07-26T12:00:00+0200,4483.39795,MW,FR,FR,forecast_onshore_wind_generation,Wind Onshore,2026-08-23T09:57:02Z
2026-08-23T09:55:52Z,2026-08-23T11:55:52+0200,e9ed0e7a-f773-48fd-b5c3-626d89d5de64,2026-07-26T10:15:00Z,2026-07-26T12:15:00+0200,5189.70605,MW,FR,FR,forecast_onshore_wind_generation,Wind Onshore,2026-08-23T09:57:02Z
2026-08-23T09:55:52Z,2026-08-23T11:55:52+0200,e9ed0e7a-f773-48fd-b5c3-626d89d5de64,2026-07-26T10:30:00Z,2026-07-26T12:30:00+0200,5389.75928,MW,FR,FR,forecast_onshore_wind_generation,Wind Onshore,2026-08-23T09:57:02Z
2026-08-23T09:55:52Z,2026-08-23T11:55:52+0200,e9ed0e7a-f773-48fd-b5c3-626d89d5de64,2026-07-26T10:45:00Z,2026-07-26T12:45:00+0200,5099.1626,MW,FR,FR,forecast_onshore_wind_generation,Wind Onshore,2026-08-23T09:57:02Z
2026-08-23T09:55:52Z,2026-08-23T11:55:52+0200,e9ed0e7a-f773-48fd-b5c3-626d89d5de64,2026-07-26T11:00:00Z,2026-07-26T13:00:00+0200,4102.05957,MW,FR,FR,forecast_onshore_wind_generation,Wind Onshore,2026-08-23T09:57:02Z
2026-08-23T09:55:52Z,2026-08-23T11:55:52+0200,e9ed0e7a-f773-48fd-b5c3-626d89d5de64,2026-07-26T11:15:00Z,2026-07-26T13:15:00+0200,3896.96338,MW,FR,FR,forecast_onshore_wind_generation,Wind Onshore,2026-08-23T09:57:02Z
2026-08-23T09:55:52Z,2026-08-23T11:55:52+0200,e9ed0e7a-f773-48fd-b5c3-626d89d5de64,2026-07-26T11:30:00Z,2026-07-26T13:30:00+0200,3418.00195,MW,FR,FR,forecast_onshore_wind_generation,Wind Onshore,2026-08-23T09:57:02Z
2026-08-23T09:55:52Z,2026-08-23T11:55:52+0200,e9ed0e7a-f773-48fd-b5c3-626d89d5de64,2026-07-26T11:45:00Z,2026-07-26T13:45:00+0200,3462.73975,MW,FR,FR,forecast_onshore_wind_generation,Wind Onshore,2026-08-23T09:57:02Z
2026-08-23T09:55:52Z,2026-08-23T11:55:52+0200,e9ed0e7a-f773-48fd-b5c3-626d89d5de64,2026-07-26T12:00:00Z,2026-07-26T14:00:00+0200,3576.21948,MW,FR,FR,forecast_onshore_wind_generation,Wind Onshore,2026-08-23T09:57:02Z
2026-08-23T09:55:52Z,2026-08-23T11:55:52+0200,e9ed0e7a-f773-48fd-b5c3-626d89d5de64,2026-07-26T12:15:00Z,2026-07-26T14:15:00+0200,3648.29004,MW,FR,FR,forecast_onshore_wind_generation,Wind Onshore,2026-08-23T09:57:02Z
2026-08-23T09:55:52Z,2026-08-23T11:55:52+0200,e9ed0e7a-f773-48fd-b5c3-626d89d5de64,2026-07-26T12:30:00Z,2026-07-26T14:30:00+0200,3720.71924,MW,FR,FR,forecast_onshore_wind_generation,Wind Onshore,2026-08-23T09:57:02Z
2026-08-23T09:55:52Z,2026-08-23T11:55:52+0200,e9ed0e7a-f773-48fd-b5c3-626d89d5de64,2026-07-26T12:45:00Z,2026-07-26T14:45:00+0200,3792.92871,MW,FR,FR,forecast_onshore_wind_generation,Wind Onshore,2026-08-23T09:57:02Z
2026-08-23T09:55:52Z,2026-08-23T11:55:52+0200,e9ed0e7a-f773-48fd-b5c3-626d89d5de64,2026-07-26T13:00:00Z,2026-07-26T15:00:00+0200,3865.33862,MW,FR,FR,forecast_onshore_wind_generation,Wind Onshore,2026-08-23T09:57:02Z
2026-08-23T09:55:52Z,2026-08-23T11:55:52+0200,e9ed0e7a-f773-48fd-b5c3-626d89d5de64,2026-07-26T13:15:00Z,2026-07-26T15:15:00+0200,3966.67163,MW,FR,FR,forecast_onshore_wind_generation,Wind Onshore,2026-08-23T09:57:02Z
2026-08-23T09:55:52Z,2026-08-23T11:55:52+0200,e9ed0e7a-f773-48fd-b5c3-626d89d5de64,2026-07-26T13:30:00Z,2026-07-26T15:30:00+0200,4068.06152,MW,FR,FR,forecast_onshore_wind_generation,Wind Onshore,2026-08-23T09:57:02Z
2026-08-23T09:55:52Z,2026-08-23T11:55:52+0200,e9ed0e7a-f773-48fd-b5c3-626d89d5de64,2026-07-26T13:45:00Z,2026-07-26T15:45:00+0200,4169.68945,MW,FR,FR,forecast_onshore_wind_generation,Wind Onshore,2026-08-23T09:57:02Z
2026-08-23T09:55:52Z,2026-08-23T11:55:52+0200,e9ed0e7a-f773-48fd-b5c3-626d89d5de64,2026-07-26T14:00:00Z,2026-07-26T16:00:00+0200,4271.13916,MW,FR,FR,forecast_onshore_wind_generation,Wind Onshore,2026-08-23T09:57:02Z
2026-08-23T09:55:52Z,2026-08-23T11:55:52+0200,e9ed0e7a-f773-48fd-b5c3-626d89d5de64,2026-07-26T14:15:00Z,2026-07-26T16:15:00+0200,4303.92773,MW,FR,FR,forecast_onshore_wind_generation,Wind Onshore,2026-08-23T09:57:02Z
2026-08-23T09:55:52Z,2026-08-23T11:55:52+0200,e9ed0e7a-f773-48fd-b5c3-626d89d5de64,2026-07-26T14:30:00Z,2026-07-26T16:30:00+0200,4336.71924,MW,FR,FR,forecast_onshore_wind_generation,Wind Onshore,2026-08-23T09:57:02Z
2026-08-23T09:55:52Z,2026-08-23T11:55:52+0200,e9ed0e7a-f773-48fd-b5c3-626d89d5de64,2026-07-26T14:45:00Z,2026-07-26T16:45:00+0200,4369.66016,MW,FR,FR,forecast_onshore_wind_generation,Wind Onshore,2026-08-23T09:57:02Z
2026-08-23T09:55:52Z,2026-08-23T11:55:52+0200,e9ed0e7a-f773-48fd-b5c3-626d89d5de64,2026-07-26T15:00:00Z,2026-07-26T17:00:00+0200,4402.64014,MW,FR,FR,forecast_onshore_wind_generation,Wind Onshore,2026-08-23T09:57:02Z
2026-08-23T09:55:52Z,2026-08-23T11:55:52+0200,e9ed0e7a-f773-48fd-b5c3-626d89d5de64,2026-07-26T15:15:00Z,2026-07-26T17:15:00+0200,4427.43848,MW,FR,FR,forecast_onshore_wind_generation,Wind Onshore,2026-08-23T09:57:02Z
2026-08-23T09:55:52Z,2026-08-23T11:55:52+0200,e9ed0e7a-f773-48fd-b5c3-626d89d5de64,2026-07-26T15:30:00Z,2026-07-26T17:30:00+0200,4452.06836,MW,FR,FR,forecast_onshore_wind_generation,Wind Onshore,2026-08-23T09:57:02Z
2026-08-23T09:55:52Z,2026-08-23T11:55:52+0200,e9ed0e7a-f773-48fd-b5c3-626d89d5de64,2026-07-26T15:45:00Z,2026-07-26T17:45:00+0200,5409.93115,MW,FR,FR,forecast_onshore_wind_generation,Wind Onshore,2026-08-23T09:57:02Z
2026-08-23T09:55:52Z,2026-08-23T11:55:52+0200,e9ed0e7a-f773-48fd-b5c3-626d89d5de64,2026-07-26T16:00:00Z,2026-07-26T18:00:00+0200,6079.17041,MW,FR,FR,forecast_onshore_wind_generation,Wind Onshore,2026-08-23T09:57:02Z
2026-08-23T09:55:52Z,2026-08-23T11:55:52+0200,e9ed0e7a-f773-48fd-b5c3-626d89d5de64,2026-07-26T16:15:00Z,2026-07-26T18:15:00+0200,8149.5293,MW,FR,FR,forecast_onshore_wind_generation,Wind Onshore,2026-08-23T09:57:02Z
2026-08-23T09:55:52Z,2026-08-23T11:55:52+0200,e9ed0e7a-f773-48fd-b5c3-626d89d5de64,2026-07-26T16:30:00Z,2026-07-26T18:30:00+0200,8048.78125,MW,FR,FR,forecast_onshore_wind_generation,Wind Onshore,2026-08-23T09:57:02Z
2026-08-23T09:55:52Z,2026-08-23T11:55:52+0200,e9ed0e7a-f773-48fd-b5c3-626d89d5de64,2026-07-26T16:45:00Z,2026-07-26T18:45:00+0200,7947.48877,MW,FR,FR,forecast_onshore_wind_generation,Wind Onshore,2026-08-23T09:57:02Z
2026-08-23T09:55:52Z,2026-08-23T11:55:52+0200,e9ed0e7a-f773-48fd-b5c3-626d89d5de64,2026-07-26T17:00:00Z,2026-07-26T19:00:00+0200,12970.94727,MW,FR,FR,forecast_onshore_wind_generation,Wind Onshore,2026-08-23T09:57:02Z
2026-08-23T09:55:52Z,2026-08-23T11:55:52+0200,e9ed0e7a-f773-48fd-b5c3-626d89d5de64,2026-07-26T17:15:00Z,2026-07-26T19:15:00+0200,12686.88965,MW,FR,FR,forecast_onshore_wind_generation,Wind Onshore,2026-08-23T09:57:02Z
2026-08-23T09:55:52Z,2026-08-23T11:55:52+0200,e9ed0e7a-f773-48fd-b5c3-626d89d5de64,2026-07-26T17:30:00Z,2026-07-26T19:30:00+0200,12402.95996,MW,FR,FR,forecast_onshore_wind_generation,Wind Onshore,2026-08-23T09:57:02Z
2026-08-23T09:55:52Z,2026-08-23T11:55:52+0200,e9ed0e7a-f773-48fd-b5c3-626d89d5de64,2026-07-26T17:45:00Z,2026-07-26T19:45:00+0200,12119.06934,MW,FR,FR,forecast_onshore_wind_generation,Wind Onshore,2026-08-23T09:57:02Z
2026-08-23T09:55:52Z,2026-08-23T11:55:52+0200,e9ed0e7a-f773-48fd-b5c3-626d89d5de64,2026-07-26T18:00:00Z,2026-07-26T20:00:00+0200,11835.2207,MW,FR,FR,forecast_onshore_wind_generation,Wind Onshore,2026-08-23T09:57:02Z
2026-08-23T09:55:52Z,2026-08-23T11:55:52+0200,e9ed0e7a-f773-48fd-b5c3-626d89d5de64,2026-07-26T18:15:00Z,2026-07-26T20:15:00+0200,11422.34082,MW,FR,FR,forecast_onshore_wind_generation,Wind Onshore,2026-08-23T09:57:02Z
2026-08-23T09:55:52Z,2026-08-23T11:55:52+0200,e9ed0e7a-f773-48fd-b5c3-626d89d5de64,2026-07-26T18:30:00Z,2026-07-26T20:30:00+0200,11009.4502,MW,FR,FR,forecast_onshore_wind_generation,Wind Onshore,2026-08-23T09:57:02Z
2026-08-23T09:55:52Z,2026-08-23T11:55:52+0200,e9ed0e7a-f773-48fd-b5c3-626d89d5de64,2026-07-26T18:45:00Z,2026-07-26T20:45:00+0200,10596.45996,MW,FR,FR,forecast_onshore_wind_generation,Wind Onshore,2026-08-23T09:57:02Z
2026-08-23T09:55:52Z,2026-08-23T11:55:52+0200,e9ed0e7a-f773-48fd-b5c3-626d89d5de64,2026-07-26T19:00:00Z,2026-07-26T21:00:00+0200,10183.47949,MW,FR,FR,forecast_onshore_wind_generation,Wind Onshore,2026-08-23T09:57:02Z
2026-08-23T09:55:52Z,2026-08-23T11:55:52+0200,e9ed0e7a-f773-48fd-b5c3-626d89d5de64,2026-07-26T19:15:00Z,2026-07-26T21:15:00+0200,9955.13086,MW,FR,FR,forecast_onshore_wind_generation,Wind Onshore,2026-08-23T09:57:02Z
2026-08-23T09:55:52Z,2026-08-23T11:55:52+0200,e9ed0e7a-f773-48fd-b5c3-626d89d5de64,2026-07-26T19:30:00Z,2026-07-26T21:30:00+0200,9726.78027,MW,FR,FR,forecast_onshore_wind_generation,Wind Onshore,2026-08-23T09:57:02Z
2026-08-23T09:55:52Z,2026-08-23T11:55:52+0200,e9ed0e7a-f773-48fd-b5c3-626d89d5de64,2026-07-26T19:45:00Z,2026-07-26T21:45:00+0200,9498.41016,MW,FR,FR,forecast_onshore_wind_generation,Wind Onshore,2026-08-23T09:57:02Z
2026-08-23T09:55:52Z,2026-08-23T11:55:52+0200,e9ed0e7a-f773-48fd-b5c3-626d89d5de64,2026-07-26T20:00:00Z,2026-07-26T22:00:00+0200,9270.0293,MW,FR,FR,forecast_onshore_wind_generation,Wind Onshore,2026-08-23T09:57:02Z
2026-08-23T09:55:52Z,2026-08-23T11:55:52+0200,e9ed0e7a-f773-48fd-b5c3-626d89d5de64,2026-07-26T20:15:00Z,2026-07-26T22:15:00+0200,9165.2793,MW,FR,FR,forecast_onshore_wind_generation,Wind Onshore,2026-08-23T09:57:02Z
2026-08-23T09:55:52Z,2026-08-23T11:55:52+0200,e9ed0e7a-f773-48fd-b5c3-626d89d5de64,2026-07-26T20:30:00Z,2026-07-26T22:30:00+0200,9060.54004,MW,FR,FR,forecast_onshore_wind_generation,Wind Onshore,2026-08-23T09:57:02Z
2026-08-23T09:55:52Z,2026-08-23T11:55:52+0200,e9ed0e7a-f773-48fd-b5c3-626d89d5de64,2026-07-26T20:45:00Z,2026-07-26T22:45:00+0200,8955.75,MW,FR,FR,forecast_onshore_wind_generation,Wind Onshore,2026-08-23T09:57:02Z
2026-08-23T09:55:52Z,2026-08-23T11:55:52+0200,e9ed0e7a-f773-48fd-b5c3-626d89d5de64,2026-07-26T21:00:00Z,2026-07-26T23:00:00+0200,8850.9707,MW,FR,FR,forecast_onshore_wind_generation,Wind Onshore,2026-08-23T09:57:02Z
2026-08-23T09:55:52Z,2026-08-23T11:55:52+0200,e9ed0e7a-f773-48fd-b5c3-626d89d5de64,2026-07-26T21:15:00Z,2026-07-26T23:15:00+0200,8703.31055,MW,FR,FR,forecast_onshore_wind_generation,Wind Onshore,2026-08-23T09:57:02Z
2026-08-23T09:55:52Z,2026-08-23T11:55:52+0200,e9ed0e7a-f773-48fd-b5c3-626d89d5de64,2026-07-26T21:30:00Z,2026-07-26T23:30:00+0200,8555.64062,MW,FR,FR,forecast_onshore_wind_generation,Wind Onshore,2026-08-23T09:57:02Z
2026-08-23T09:55:52Z,2026-08-23T11:55:52+0200,e9ed0e7a-f773-48fd-b5c3-626d89d5de64,2026-07-26T21:45:00Z,2026-07-26T23:45:00+0200,8407.9502,MW,FR,FR,forecast_onshore_wind_generation,Wind Onshore,2026-08-23T09:57:02Z
2026-08-23T09:55:52Z,2026-08-23T11:55:52+0200,e9ed0e7a-f773-48fd-b5c3-626d89d5de64,2026-07-26T22:00:00Z,2026-07-27T00:00:00+0200,8385.7998,MW,FR,FR,forecast_onshore_wind_generation,Wind Onshore,2026-08-23T09:57:02Z
2026-08-23T09:55:52Z,2026-08-23T11:55:52+0200,e9ed0e7a-f773-48fd-b5c3-626d89d5de64,2026-07-26T22:15:00Z,2026-07-27T00:15:00+0200,8192.17969,MW,FR,FR,forecast_onshore_wind_generation,Wind Onshore,2026-08-23T09:57:02Z
2026-08-23T09:55:52Z,2026-08-23T11:55:52+0200,e9ed0e7a-f773-48fd-b5c3-626d89d5de64,2026-07-26T22:30:00Z,2026-07-27T00:30:00+0200,7998.65967,MW,FR,FR,forecast_onshore_wind_generation,Wind Onshore,2026-08-23T09:57:02Z
2026-08-23T09:55:52Z,2026-08-23T11:55:52+0200,e9ed0e7a-f773-48fd-b5c3-626d89d5de64,2026-07-26T22:45:00Z,2026-07-27T00:45:00+0200,7805.13965,MW,FR,FR,forecast_onshore_wind_generation,Wind Onshore,2026-08-23T09:57:02Z
2026-08-23T09:55:52Z,2026-08-23T11:55:52+0200,e9ed0e7a-f773-48fd-b5c3-626d89d5de64,2026-07-26T23:00:00Z,2026-07-27T01:00:00+0200,7611.62012,MW,FR,FR,forecast_onshore_wind_generation,Wind Onshore,2026-08-23T09:57:02Z
2026-08-23T09:55:52Z,2026-08-23T11:55:52+0200,e9ed0e7a-f773-48fd-b5c3-626d89d5de64,2026-07-26T23:15:00Z,2026-07-27T01:15:00+0200,7381.7998,MW,FR,FR,forecast_onshore_wind_generation,Wind Onshore,2026-08-23T09:57:02Z
2026-08-23T09:55:52Z,2026-08-23T11:55:52+0200,e9ed0e7a-f773-48fd-b5c3-626d89d5de64,2026-07-26T23:30:00Z,2026-07-27T01:30:00+0200,7151.99023,MW,FR,FR,forecast_onshore_wind_generation,Wind Onshore,2026-08-23T09:57:02Z
2026-08-23T09:55:52Z,2026-08-23T11:55:52+0200,e9ed0e7a-f773-48fd-b5c3-626d89d5de64,2026-07-26T23:45:00Z,2026-07-27T01:45:00+0200,6922.24023,MW,FR,FR,forecast_onshore_wind_generation,Wind Onshore,2026-08-23T09:57:02Z
2026-08-23T09:55:52Z,2026-08-23T11:55:52+0200,e9ed0e7a-f773-48fd-b5c3-626d89d5de64,2026-07-27T00:00:00Z,2026-07-27T02:00:00+0200,6692.58008,MW,FR,FR,forecast_onshore_wind_generation,Wind Onshore,2026-08-23T09:57:02Z
2026-08-23T09:55:52Z,2026-08-23T11:55:52+0200,e9ed0e7a-f773-48fd-b5c3-626d89d5de64,2026-07-27T00:15:00Z,2026-07-27T02:15:00+0200,6478.8501,MW,FR,FR,forecast_onshore_wind_generation,Wind Onshore,2026-08-23T09:57:02Z
2026-08-23T09:55:52Z,2026-08-23T11:55:52+0200,e9ed0e7a-f773-48fd-b5c3-626d89d5de64,2026-07-27T00:30:00Z,2026-07-27T02:30:00+0200,6265.22021,MW,FR,FR,forecast_onshore_wind_generation,Wind Onshore,2026-08-23T09:57:02Z
2026-08-23T09:55:52Z,2026-08-23T11:55:52+0200,e9ed0e7a-f773-48fd-b5c3-626d89d5de64,2026-07-27T00:45:00Z,2026-07-27T02:45:00+0200,6051.58984,MW,FR,FR,forecast_onshore_wind_generation,Wind Onshore,2026-08-23T09:57:02Z
2026-08-23T09:55:52Z,2026-08-23T11:55:52+0200,e9ed0e7a-f773-48fd-b5c3-626d89d5de64,2026-07-27T01:00:00Z,2026-07-27T03:00:00+0200,5838.02002,MW,FR,FR,forecast_onshore_wind_generation,Wind Onshore,2026-08-23T09:57:02Z
2026-08-23T09:55:52Z,2026-08-23T11:55:52+0200,e9ed0e7a-f773-48fd-b5c3-626d89d5de64,2026-07-27T01:15:00Z,2026-07-27T03:15:00+0200,5697.02002,MW,FR,FR,forecast_onshore_wind_generation,Wind Onshore,2026-08-23T09:57:02Z
2026-08-23T09:55:52Z,2026-08-23T11:55:52+0200,e9ed0e7a-f773-48fd-b5c3-626d89d5de64,2026-07-27T01:30:00Z,2026-07-27T03:30:00+0200,5556.04004,MW,FR,FR,forecast_onshore_wind_generation,Wind Onshore,2026-08-23T09:57:02Z
2026-08-23T09:55:52Z,2026-08-23T11:55:52+0200,e9ed0e7a-f773-48fd-b5c3-626d89d5de64,2026-07-27T01:45:00Z,2026-07-27T03:45:00+0200,5415.0498,MW,FR,FR,forecast_onshore_wind_generation,Wind Onshore,2026-08-23T09:57:02Z
2026-08-23T09:55:52Z,2026-08-23T11:55:52+0200,e9ed0e7a-f773-48fd-b5c3-626d89d5de64,2026-07-27T02:00:00Z,2026-07-27T04:00:00+0200,5274.1499,MW,FR,FR,forecast_onshore_wind_generation,Wind Onshore,2026-08-23T09:57:02Z
2026-08-23T09:55:52Z,2026-08-23T11:55:52+0200,e9ed0e7a-f773-48fd-b5c3-626d89d5de64,2026-07-27T02:15:00Z,2026-07-27T04:15:00+0200,5136.22021,MW,FR,FR,forecast_onshore_wind_generation,Wind Onshore,2026-08-23T09:57:02Z
2026-08-23T09:55:52Z,2026-08-23T11:55:52+0200,e9ed0e7a-f773-48fd-b5c3-626d89d5de64,2026-07-27T02:30:00Z,2026-07-27T04:30:00+0200,4998.33008,MW,FR,FR,forecast_onshore_wind_generation,Wind Onshore,2026-08-23T09:57:02Z
2026-08-23T09:55:52Z,2026-08-23T11:55:52+0200,e9ed0e7a-f773-48fd-b5c3-626d89d5de64,2026-07-27T02:45:00Z,2026-07-27T04:45:00+0200,4860.59961,MW,FR,FR,forecast_onshore_wind_generation,Wind Onshore,2026-08-23T09:57:02Z
2026-08-23T09:55:52Z,2026-08-23T11:55:52+0200,e9ed0e7a-f773-48fd-b5c3-626d89d5de64,2026-07-27T03:00:00Z,2026-07-27T05:00:00+0200,4723.19971,MW,FR,FR,forecast_onshore_wind_generation,Wind Onshore,2026-08-23T09:57:02Z
2026-08-23T09:55:52Z,2026-08-23T11:55:52+0200,e9ed0e7a-f773-48fd-b5c3-626d89d5de64,2026-07-27T03:15:00Z,2026-07-27T05:15:00+0200,4583.97998,MW,FR,FR,forecast_onshore_wind_generation,Wind Onshore,2026-08-23T09:57:02Z
2026-08-23T09:55:52Z,2026-08-23T11:55:52+0200,e9ed0e7a-f773-48fd-b5c3-626d89d5de64,2026-07-27T03:30:00Z,2026-07-27T05:30:00+0200,4445.3999,MW,FR,FR,forecast_onshore_wind_generation,Wind Onshore,2026-08-23T09:57:02Z
2026-08-23T09:55:52Z,2026-08-23T11:55:52+0200,e9ed0e7a-f773-48fd-b5c3-626d89d5de64,2026-07-27T03:45:00Z,2026-07-27T05:45:00+0200,4307.08008,MW,FR,FR,forecast_onshore_wind_generation,Wind Onshore,2026-08-23T09:57:02Z
2026-08-23T09:55:52Z,2026-08-23T11:55:52+0200,e9ed0e7a-f773-48fd-b5c3-626d89d5de64,2026-07-27T04:00:00Z,2026-07-27T06:00:00+0200,4168.94971,MW,FR,FR,forecast_onshore_wind_generation,Wind Onshore,2026-08-23T09:57:02Z
2026-08-23T09:55:52Z,2026-08-23T11:55:52+0200,e9ed0e7a-f773-48fd-b5c3-626d89d5de64,2026-07-27T04:15:00Z,2026-07-27T06:15:00+0200,4055.91992,MW,FR,FR,forecast_onshore_wind_generation,Wind Onshore,2026-08-23T09:57:02Z
2026-08-23T09:55:52Z,2026-08-23T11:55:52+0200,e9ed0e7a-f773-48fd-b5c3-626d89d5de64,2026-07-27T04:30:00Z,2026-07-27T06:30:00+0200,3942.93994,MW,FR,FR,forecast_onshore_wind_generation,Wind Onshore,2026-08-23T09:57:02Z
2026-08-23T09:55:52Z,2026-08-23T11:55:52+0200,e9ed0e7a-f773-48fd-b5c3-626d89d5de64,2026-07-27T04:45:00Z,2026-07-27T06:45:00+0200,3830.12988,MW,FR,FR,forecast_onshore_wind_generation,Wind Onshore,2026-08-23T09:57:02Z
2026-08-23T09:55:52Z,2026-08-23T11:55:52+0200,e9ed0e7a-f773-48fd-b5c3-626d89d5de64,2026-07-27T05:00:00Z,2026-07-27T07:00:00+0200,3717.54004,MW,FR,FR,forecast_onshore_wind_generation,Wind Onshore,2026-08-23T09:57:02Z
2026-08-23T09:55:52Z,2026-08-23T11:55:52+0200,e9ed0e7a-f773-48fd-b5c3-626d89d5de64,2026-07-27T05:15:00Z,2026-07-27T07:15:00+0200,3530.25,MW,FR,FR,forecast_onshore_wind_generation,Wind Onshore,2026-08-23T09:57:02Z
2026-08-23T09:55:52Z,2026-08-23T11:55:52+0200,e9ed0e7a-f773-48fd-b5c3-626d89d5de64,2026-07-27T05:30:00Z,2026-07-27T07:30:00+0200,3343.07983,MW,FR,FR,forecast_onshore_wind_generation,Wind Onshore,2026-08-23T09:57:02Z
2026-08-23T09:55:52Z,2026-08-23T11:55:52+0200,e9ed0e7a-f773-48fd-b5c3-626d89d5de64,2026-07-27T05:45:00Z,2026-07-27T07:45:00+0200,3156.01001,MW,FR,FR,forecast_onshore_wind_generation,Wind Onshore,2026-08-23T09:57:02Z
2026-08-23T09:55:52Z,2026-08-23T11:55:52+0200,e9ed0e7a-f773-48fd-b5c3-626d89d5de64,2026-07-27T06:00:00Z,2026-07-27T08:00:00+0200,2969.27002,MW,FR,FR,forecast_onshore_wind_generation,Wind Onshore,2026-08-23T09:57:02Z
2026-08-23T09:55:52Z,2026-08-23T11:55:52+0200,e9ed0e7a-f773-48fd-b5c3-626d89d5de64,2026-07-27T06:15:00Z,2026-07-27T08:15:00+0200,2797.90991,MW,FR,FR,forecast_onshore_wind_generation,Wind Onshore,2026-08-23T09:57:02Z
2026-08-23T09:55:52Z,2026-08-23T11:55:52+0200,e9ed0e7a-f773-48fd-b5c3-626d89d5de64,2026-07-27T06:30:00Z,2026-07-27T08:30:00+0200,2627.51001,MW,FR,FR,forecast_onshore_wind_generation,Wind Onshore,2026-08-23T09:57:02Z
2026-08-23T09:55:52Z,2026-08-23T11:55:52+0200,e9ed0e7a-f773-48fd-b5c3-626d89d5de64,2026-07-27T06:45:00Z,2026-07-27T08:45:00+0200,2458.43018,MW,FR,FR,forecast_onshore_wind_generation,Wind Onshore,2026-08-23T09:57:02Z
2026-08-23T09:55:52Z,2026-08-23T11:55:52+0200,e9ed0e7a-f773-48fd-b5c3-626d89d5de64,2026-07-27T07:00:00Z,2026-07-27T09:00:00+0200,2291.33008,MW,FR,FR,forecast_onshore_wind_generation,Wind Onshore,2026-08-23T09:57:02Z
2026-08-23T09:55:52Z,2026-08-23T11:55:52+0200,e9ed0e7a-f773-48fd-b5c3-626d89d5de64,2026-07-27T07:15:00Z,2026-07-27T09:15:00+0200,2246.94995,MW,FR,FR,forecast_onshore_wind_generation,Wind Onshore,2026-08-23T09:57:02Z
2026-08-23T09:55:52Z,2026-08-23T11:55:52+0200,e9ed0e7a-f773-48fd-b5c3-626d89d5de64,2026-07-27T07:30:00Z,2026-07-27T09:30:00+0200,2203.16016,MW,FR,FR,forecast_onshore_wind_generation,Wind Onshore,2026-08-23T09:57:02Z
2026-08-23T09:55:52Z,2026-08-23T11:55:52+0200,e9ed0e7a-f773-48fd-b5c3-626d89d5de64,2026-07-27T07:45:00Z,2026-07-27T09:45:00+0200,2159.56982,MW,FR,FR,forecast_onshore_wind_generation,Wind Onshore,2026-08-23T09:57:02Z
2026-08-23T09:55:52Z,2026-08-23T11:55:52+0200,e9ed0e7a-f773-48fd-b5c3-626d89d5de64,2026-07-27T08:00:00Z,2026-07-27T10:00:00+0200,2116.10986,MW,FR,FR,forecast_onshore_wind_generation,Wind Onshore,2026-08-23T09:57:02Z
2026-08-23T09:55:52Z,2026-08-23T11:55:52+0200,e9ed0e7a-f773-48fd-b5c3-626d89d5de64,2026-07-27T08:15:00Z,2026-07-27T10:15:00+0200,2132.07007,MW,FR,FR,forecast_onshore_wind_generation,Wind Onshore,2026-08-23T09:57:02Z
2026-08-23T09:55:52Z,2026-08-23T11:55:52+0200,e9ed0e7a-f773-48fd-b5c3-626d89d5de64,2026-07-27T08:30:00Z,2026-07-27T10:30:00+0200,2148.82007,MW,FR,FR,forecast_onshore_wind_generation,Wind Onshore,2026-08-23T09:57:02Z
2026-08-23T09:55:52Z,2026-08-23T11:55:52+0200,e9ed0e7a-f773-48fd-b5c3-626d89d5de64,2026-07-27T08:45:00Z,2026-07-27T10:45:00+0200,2166.09985,MW,FR,FR,forecast_onshore_wind_generation,Wind Onshore,2026-08-23T09:57:02Z
2026-08-23T09:55:52Z,2026-08-23T11:55:52+0200,e9ed0e7a-f773-48fd-b5c3-626d89d5de64,2026-07-27T09:00:00Z,2026-07-27T11:00:00+0200,2183.94019,MW,FR,FR,forecast_onshore_wind_generation,Wind Onshore,2026-08-23T09:57:02Z
2026-08-23T09:55:52Z,2026-08-23T11:55:52+0200,e9ed0e7a-f773-48fd-b5c3-626d89d5de64,2026-07-27T09:15:00Z,2026-07-27T11:15:00+0200,2214.1499,MW,FR,FR,forecast_onshore_wind_generation,Wind Onshore,2026-08-23T09:57:02Z
2026-08-23T09:55:52Z,2026-08-23T11:55:52+0200,e9ed0e7a-f773-48fd-b5c3-626d89d5de64,2026-07-27T09:30:00Z,2026-07-27T11:30:00+0200,2244.57007,MW,FR,FR,forecast_onshore_wind_generation,Wind Onshore,2026-08-23T09:57:02Z
2026-08-23T09:55:52Z,2026-08-23T11:55:52+0200,e9ed0e7a-f773-48fd-b5c3-626d89d5de64,2026-07-27T09:45:00Z,2026-07-27T11:45:00+0200,2275.09985,MW,FR,FR,forecast_onshore_wind_generation,Wind Onshore,2026-08-23T09:57:02Z
2026-08-23T09:55:52Z,2026-08-23T11:55:52+0200,e9ed0e7a-f773-48fd-b5c3-626d89d5de64,2026-07-27T10:00:00Z,2026-07-27T12:00:00+0200,2306.07007,MW,FR,FR,forecast_onshore_wind_generation,Wind Onshore,2026-08-23T09:57:02Z
2026-08-23T09:55:52Z,2026-08-23T11:55:52+0200,e9ed0e7a-f773-48fd-b5c3-626d89d5de64,2026-07-27T10:15:00Z,2026-07-27T12:15:00+0200,2338.95996,MW,FR,FR,forecast_onshore_wind_generation,Wind Onshore,2026-08-23T09:57:02Z
2026-08-23T09:55:52Z,2026-08-23T11:55:52+0200,e9ed0e7a-f773-48fd-b5c3-626d89d5de64,2026-07-27T10:30:00Z,2026-07-27T12:30:00+0200,2372.36011,MW,FR,FR,forecast_onshore_wind_generation,Wind Onshore,2026-08-23T09:57:02Z
2026-08-23T09:55:52Z,2026-08-23T11:55:52+0200,e9ed0e7a-f773-48fd-b5c3-626d89d5de64,2026-07-27T10:45:00Z,2026-07-27T12:45:00+0200,2405.88916,MW,FR,FR,forecast_onshore_wind_generation,Wind Onshore,2026-08-23T09:57:02Z
2026-08-23T09:55:52Z,2026-08-23T11:55:52+0200,e9ed0e7a-f773-48fd-b5c3-626d89d5de64,2026-07-27T11:00:00Z,2026-07-27T13:00:00+0200,1442.13989,MW,FR,FR,forecast_onshore_wind_generation,Wind Onshore,2026-08-23T09:57:02Z
2026-08-23T09:55:52Z,2026-08-23T11:55:52+0200,e9ed0e7a-f773-48fd-b5c3-626d89d5de64,2026-07-27T11:15:00Z,2026-07-27T13:15:00+0200,1446.96008,MW,FR,FR,forecast_onshore_wind_generation,Wind Onshore,2026-08-23T09:57:02Z
2026-08-23T09:55:52Z,2026-08-23T11:55:52+0200,e9ed0e7a-f773-48fd-b5c3-626d89d5de64,2026-07-27T11:30:00Z,2026-07-27T13:30:00+0200,1451.90002,MW,FR,FR,forecast_onshore_wind_generation,Wind Onshore,2026-08-23T09:57:02Z
2026-08-23T09:55:52Z,2026-08-23T11:55:52+0200,e9ed0e7a-f773-48fd-b5c3-626d89d5de64,2026-07-27T11:45:00Z,2026-07-27T13:45:00+0200,1457.04053,MW,FR,FR,forecast_onshore_wind_generation,Wind Onshore,2026-08-23T09:57:02Z
2026-08-23T09:55:52Z,2026-08-23T11:55:52+0200,e9ed0e7a-f773-48fd-b5c3-626d89d5de64,2026-07-27T12:00:00Z,2026-07-27T14:00:00+0200,1462.08032,MW,FR,FR,forecast_onshore_wind_generation,Wind Onshore,2026-08-23T09:57:02Z
2026-08-23T09:55:52Z,2026-08-23T11:55:52+0200,e9ed0e7a-f773-48fd-b5c3-626d89d5de64,2026-07-27T12:15:00Z,2026-07-27T14:15:00+0200,1479.33936,MW,FR,FR,forecast_onshore_wind_generation,Wind Onshore,2026-08-23T09:57:02Z
2026-08-23T09:55:52Z,2026-08-23T11:55:52+0200,e9ed0e7a-f773-48fd-b5c3-626d89d5de64,2026-07-27T12:30:00Z,2026-07-27T14:30:00+0200,1496.71069,MW,FR,FR,forecast_onshore_wind_generation,Wind Onshore,2026-08-23T09:57:02Z
2026-08-23T09:55:52Z,2026-08-23T11:55:52+0200,e9ed0e7a-f773-48fd-b5c3-626d89d5de64,2026-07-27T12:45:00Z,2026-07-27T14:45:00+0200,1514.0614,MW,FR,FR,forecast_onshore_wind_generation,Wind Onshore,2026-08-23T09:57:02Z
2026-08-23T09:55:52Z,2026-08-23T11:55:52+0200,e9ed0e7a-f773-48fd-b5c3-626d89d5de64,2026-07-27T13:00:00Z,2026-07-27T15:00:00+0200,1531.76038,MW,FR,FR,forecast_onshore_wind_generation,Wind Onshore,2026-08-23T09:57:02Z
2026-08-23T09:55:52Z,2026-08-23T11:55:52+0200,e9ed0e7a-f773-48fd-b5c3-626d89d5de64,2026-07-27T13:15:00Z,2026-07-27T15:15:00+0200,1535.0509,MW,FR,FR,forecast_onshore_wind_generation,Wind Onshore,2026-08-23T09:57:02Z
2026-08-23T09:55:52Z,2026-08-23T11:55:52+0200,e9ed0e7a-f773-48fd-b5c3-626d89d5de64,2026-07-27T13:30:00Z,2026-07-27T15:30:00+0200,1538.48975,MW,FR,FR,forecast_onshore_wind_generation,Wind Onshore,2026-08-23T09:57:02Z
2026-08-23T09:55:52Z,2026-08-23T11:55:52+0200,e9ed0e7a-f773-48fd-b5c3-626d89d5de64,2026-07-27T13:45:00Z,2026-07-27T15:45:00+0200,1542.09912,MW,FR,FR,forecast_onshore_wind_generation,Wind Onshore,2026-08-23T09:57:02Z
2026-08-23T09:55:52Z,2026-08-23T11:55:52+0200,e9ed0e7a-f773-48fd-b5c3-626d89d5de64,2026-07-27T14:00:00Z,2026-07-27T16:00:00+0200,1545.63037,MW,FR,FR,forecast_onshore_wind_generation,Wind Onshore,2026-08-23T09:57:02Z
2026-08-23T09:55:52Z,2026-08-23T11:55:52+0200,e9ed0e7a-f773-48fd-b5c3-626d89d5de64,2026-07-27T14:15:00Z,2026-07-27T16:15:00+0200,1509.92004,MW,FR,FR,forecast_onshore_wind_generation,Wind Onshore,2026-08-23T09:57:02Z
2026-08-23T09:55:52Z,2026-08-23T11:55:52+0200,e9ed0e7a-f773-48fd-b5c3-626d89d5de64,2026-07-27T14:30:00Z,2026-07-27T16:30:00+0200,1474.43958,MW,FR,FR,forecast_onshore_wind_generation,Wind Onshore,2026-08-23T09:57:02Z
2026-08-23T09:55:52Z,2026-08-23T11:55:52+0200,e9ed0e7a-f773-48fd-b5c3-626d89d5de64,2026-07-27T14:45:00Z,2026-07-27T16:45:00+0200,1439.12964,MW,FR,FR,forecast_onshore_wind_generation,Wind Onshore,2026-08-23T09:57:02Z
2026-08-23T09:55:52Z,2026-08-23T11:55:52+0200,e9ed0e7a-f773-48fd-b5c3-626d89d5de64,2026-07-27T15:00:00Z,2026-07-27T17:00:00+0200,1404.07935,MW,FR,FR,forecast_onshore_wind_generation,Wind Onshore,2026-08-23T09:57:02Z
2026-08-23T09:55:52Z,2026-08-23T11:55:52+0200,e9ed0e7a-f773-48fd-b5c3-626d89d5de64,2026-07-27T15:15:00Z,2026-07-27T17:15:00+0200,2329.59155,MW,FR,FR,forecast_onshore_wind_generation,Wind Onshore,2026-08-23T09:57:02Z
2026-08-23T09:55:52Z,2026-08-23T11:55:52+0200,e9ed0e7a-f773-48fd-b5c3-626d89d5de64,2026-07-27T15:30:00Z,2026-07-27T17:30:00+0200,2267.87012,MW,FR,FR,forecast_onshore_wind_generation,Wind Onshore,2026-08-23T09:57:02Z
2026-08-23T09:55:52Z,2026-08-23T11:55:52+0200,e9ed0e7a-f773-48fd-b5c3-626d89d5de64,2026-07-27T15:45:00Z,2026-07-27T17:45:00+0200,2206.39014,MW,FR,FR,forecast_onshore_wind_generation,Wind Onshore,2026-08-23T09:57:02Z
2026-08-23T09:55:52Z,2026-08-23T11:55:52+0200,e9ed0e7a-f773-48fd-b5c3-626d89d5de64,2026-07-27T16:00:00Z,2026-07-27T18:00:00+0200,2144.95996,MW,FR,FR,forecast_onshore_wind_generation,Wind Onshore,2026-08-23T09:57:02Z
2026-08-23T09:55:52Z,2026-08-23T11:55:52+0200,e9ed0e7a-f773-48fd-b5c3-626d89d5de64,2026-07-27T16:15:00Z,2026-07-27T18:15:00+0200,2115.07983,MW,FR,FR,forecast_onshore_wind_generation,Wind Onshore,2026-08-23T09:57:02Z
2026-08-23T09:55:52Z,2026-08-23T11:55:52+0200,e9ed0e7a-f773-48fd-b5c3-626d89d5de64,2026-07-27T16:30:00Z,2026-07-27T18:30:00+0200,2085.32007,MW,FR,FR,forecast_onshore_wind_generation,Wind Onshore,2026-08-23T09:57:02Z
2026-08-23T09:55:52Z,2026-08-23T11:55:52+0200,e9ed0e7a-f773-48fd-b5c3-626d89d5de64,2026-07-27T16:45:00Z,2026-07-27T18:45:00+0200,2055.67993,MW,FR,FR,forecast_onshore_wind_generation,Wind Onshore,2026-08-23T09:57:02Z
2026-08-23T09:55:52Z,2026-08-23T11:55:52+0200,e9ed0e7a-f773-48fd-b5c3-626d89d5de64,2026-07-27T17:00:00Z,2026-07-27T19:00:00+0200,2026.10986,MW,FR,FR,forecast_onshore_wind_generation,Wind Onshore,2026-08-23T09:57:02Z
2026-08-23T09:55:52Z,2026-08-23T11:55:52+0200,e9ed0e7a-f773-48fd-b5c3-626d89d5de64,2026-07-27T17:15:00Z,2026-07-27T19:15:00+0200,1998.53003,MW,FR,FR,forecast_onshore_wind_generation,Wind Onshore,2026-08-23T09:57:02Z
2026-08-23T09:55:52Z,2026-08-23T11:55:52+0200,e9ed0e7a-f773-48fd-b5c3-626d89d5de64,2026-07-27T17:30:00Z,2026-07-27T19:30:00+0200,1971.16003,MW,FR,FR,forecast_onshore_wind_generation,Wind Onshore,2026-08-23T09:57:02Z
2026-08-23T09:55:52Z,2026-08-23T11:55:52+0200,e9ed0e7a-f773-48fd-b5c3-626d89d5de64,2026-07-27T17:45:00Z,2026-07-27T19:45:00+0200,1944.04004,MW,FR,FR,forecast_onshore_wind_generation,Wind Onshore,2026-08-23T09:57:02Z
2026-08-23T09:55:52Z,2026-08-23T11:55:52+0200,e9ed0e7a-f773-48fd-b5c3-626d89d5de64,2026-07-27T18:00:00Z,2026-07-27T20:00:00+0200,1917.17004,MW,FR,FR,forecast_onshore_wind_generation,Wind Onshore,2026-08-23T09:57:02Z
2026-08-23T09:55:52Z,2026-08-23T11:55:52+0200,e9ed0e7a-f773-48fd-b5c3-626d89d5de64,2026-07-27T18:15:00Z,2026-07-27T20:15:00+0200,1934.58984,MW,FR,FR,forecast_onshore_wind_generation,Wind Onshore,2026-08-23T09:57:02Z
2026-08-23T09:55:52Z,2026-08-23T11:55:52+0200,e9ed0e7a-f773-48fd-b5c3-626d89d5de64,2026-07-27T18:30:00Z,2026-07-27T20:30:00+0200,1952.45996,MW,FR,FR,forecast_onshore_wind_generation,Wind Onshore,2026-08-23T09:57:02Z
2026-08-23T09:55:52Z,2026-08-23T11:55:52+0200,e9ed0e7a-f773-48fd-b5c3-626d89d5de64,2026-07-27T18:45:00Z,2026-07-27T20:45:00+0200,1970.66003,MW,FR,FR,forecast_onshore_wind_generation,Wind Onshore,2026-08-23T09:57:02Z
2026-08-23T09:55:52Z,2026-08-23T11:55:52+0200,e9ed0e7a-f773-48fd-b5c3-626d89d5de64,2026-07-27T19:00:00Z,2026-07-27T21:00:00+0200,1989.01001,MW,FR,FR,forecast_onshore_wind_generation,Wind Onshore,2026-08-23T09:57:02Z
2026-08-23T09:55:52Z,2026-08-23T11:55:52+0200,e9ed0e7a-f773-48fd-b5c3-626d89d5de64,2026-07-27T19:15:00Z,2026-07-27T21:15:00+0200,2086.97998,MW,FR,FR,forecast_onshore_wind_generation,Wind Onshore,2026-08-23T09:57:02Z
2026-08-23T09:55:52Z,2026-08-23T11:55:52+0200,e9ed0e7a-f773-48fd-b5c3-626d89d5de64,2026-07-27T19:30:00Z,2026-07-27T21:30:00+0200,2185.12988,MW,FR,FR,forecast_onshore_wind_generation,Wind Onshore,2026-08-23T09:57:02Z
2026-08-23T09:55:52Z,2026-08-23T11:55:52+0200,e9ed0e7a-f773-48fd-b5c3-626d89d5de64,2026-07-27T19:45:00Z,2026-07-27T21:45:00+0200,2283.37988,MW,FR,FR,forecast_onshore_wind_generation,Wind Onshore,2026-08-23T09:57:02Z
2026-08-23T09:55:52Z,2026-08-23T11:55:52+0200,e9ed0e7a-f773-48fd-b5c3-626d89d5de64,2026-07-27T20:00:00Z,2026-07-27T22:00:00+0200,2381.72998,MW,FR,FR,forecast_onshore_wind_generation,Wind Onshore,2026-08-23T09:57:02Z
2026-08-23T09:55:52Z,2026-08-23T11:55:52+0200,e9ed0e7a-f773-48fd-b5c3-626d89d5de64,2026-07-27T20:15:00Z,2026-07-27T22:15:00+0200,2410.34985,MW,FR,FR,forecast_onshore_wind_generation,Wind Onshore,2026-08-23T09:57:02Z
2026-08-23T09:55:52Z,2026-08-23T11:55:52+0200,e9ed0e7a-f773-48fd-b5c3-626d89d5de64,2026-07-27T20:30:00Z,2026-07-27T22:30:00+0200,2439.0498,MW,FR,FR,forecast_onshore_wind_generation,Wind Onshore,2026-08-23T09:57:02Z
2026-08-23T09:55:52Z,2026-08-23T11:55:52+0200,e9ed0e7a-f773-48fd-b5c3-626d89d5de64,2026-07-27T20:45:00Z,2026-07-27T22:45:00+0200,2468.27979,MW,FR,FR,forecast_onshore_wind_generation,Wind Onshore,2026-08-23T09:57:02Z
2026-08-23T09:55:52Z,2026-08-23T11:55:52+0200,e9ed0e7a-f773-48fd-b5c3-626d89d5de64,2026-07-27T21:00:00Z,2026-07-27T23:00:00+0200,2498.17017,MW,FR,FR,forecast_onshore_wind_generation,Wind Onshore,2026-08-23T09:57:02Z
2026-08-23T09:55:52Z,2026-08-23T11:55:52+0200,e9ed0e7a-f773-48fd-b5c3-626d89d5de64,2026-07-27T21:15:00Z,2026-07-27T23:15:00+0200,2462.73999,MW,FR,FR,forecast_onshore_wind_generation,Wind Onshore,2026-08-23T09:57:02Z
2026-08-23T09:55:52Z,2026-08-23T11:55:52+0200,e9ed0e7a-f773-48fd-b5c3-626d89d5de64,2026-07-27T21:30:00Z,2026-07-27T23:30:00+0200,2427.70996,MW,FR,FR,forecast_onshore_wind_generation,Wind Onshore,2026-08-23T09:57:02Z
2026-08-23T09:55:52Z,2026-08-23T11:55:52+0200,e9ed0e7a-f773-48fd-b5c3-626d89d5de64,2026-07-27T21:45:00Z,2026-07-27T23:45:00+0200,2392.78003,MW,FR,FR,forecast_onshore_wind_generation,Wind Onshore,2026-08-23T09:57:02Z
2026-08-23T09:55:52Z,2026-08-23T11:55:52+0200,e9ed0e7a-f773-48fd-b5c3-626d89d5de64,2026-07-27T22:00:00Z,2026-07-28T00:00:00+0200,2516.09009,MW,FR,FR,forecast_onshore_wind_generation,Wind Onshore,2026-08-23T09:57:02Z
2026-08-23T09:55:52Z,2026-08-23T11:55:52+0200,e9ed0e7a-f773-48fd-b5c3-626d89d5de64,2026-07-27T22:15:00Z,2026-07-28T00:15:00+0200,2522.67993,MW,FR,FR,forecast_onshore_wind_generation,Wind Onshore,2026-08-23T09:57:02Z
2026-08-23T09:55:52Z,2026-08-23T11:55:52+0200,e9ed0e7a-f773-48fd-b5c3-626d89d5de64,2026-07-27T22:30:00Z,2026-07-28T00:30:00+0200,2529.28003,MW,FR,FR,forecast_onshore_wind_generation,Wind Onshore,2026-08-23T09:57:02Z
2026-08-23T09:55:52Z,2026-08-23T11:55:52+0200,e9ed0e7a-f773-48fd-b5c3-626d89d5de64,2026-07-27T22:45:00Z,2026-07-28T00:45:00+0200,2535.91992,MW,FR,FR,forecast_onshore_wind_generation,Wind Onshore,2026-08-23T09:57:02Z
2026-08-23T09:55:52Z,2026-08-23T11:55:52+0200,e9ed0e7a-f773-48fd-b5c3-626d89d5de64,2026-07-27T23:00:00Z,2026-07-28T01:00:00+0200,2542.63989,MW,FR,FR,forecast_onshore_wind_generation,Wind Onshore,2026-08-23T09:57:02Z
2026-08-23T09:55:52Z,2026-08-23T11:55:52+0200,e9ed0e7a-f773-48fd-b5c3-626d89d5de64,2026-07-27T23:15:00Z,2026-07-28T01:15:00+0200,2526.56006,MW,FR,FR,forecast_onshore_wind_generation,Wind Onshore,2026-08-23T09:57:02Z
2026-08-23T09:55:52Z,2026-08-23T11:55:52+0200,e9ed0e7a-f773-48fd-b5c3-626d89d5de64,2026-07-27T23:30:00Z,2026-07-28T01:30:00+0200,2510.51001,MW,FR,FR,forecast_onshore_wind_generation,Wind Onshore,2026-08-23T09:57:02Z
2026-08-23T09:55:52Z,2026-08-23T11:55:52+0200,e9ed0e7a-f773-48fd-b5c3-626d89d5de64,2026-07-27T23:45:00Z,2026-07-28T01:45:00+0200,2494.45996,MW,FR,FR,forecast_onshore_wind_generation,Wind Onshore,2026-08-23T09:57:02Z
2026-08-23T09:55:52Z,2026-08-23T11:55:52+0200,e9ed0e7a-f773-48fd-b5c3-626d89d5de64,2026-07-28T00:00:00Z,2026-07-28T02:00:00+0200,2478.4502,MW,FR,FR,forecast_onshore_wind_generation,Wind Onshore,2026-08-23T09:57:02Z
2026-08-23T09:55:52Z,2026-08-23T11:55:52+0200,e9ed0e7a-f773-48fd-b5c3-626d89d5de64,2026-07-28T00:15:00Z,2026-07-28T02:15:00+0200,2408.82983,MW,FR,FR,forecast_onshore_wind_generation,Wind Onshore,2026-08-23T09:57:02Z
2026-08-23T09:55:52Z,2026-08-23T11:55:52+0200,e9ed0e7a-f773-48fd-b5c3-626d89d5de64,2026-07-28T00:30:00Z,2026-07-28T02:30:00+0200,2339.26001,MW,FR,FR,forecast_onshore_wind_generation,Wind Onshore,2026-08-23T09:57:02Z
2026-08-23T09:55:52Z,2026-08-23T11:55:52+0200,e9ed0e7a-f773-48fd-b5c3-626d89d5de64,2026-07-28T00:45:00Z,2026-07-28T02:45:00+0200,2269.77002,MW,FR,FR,forecast_onshore_wind_generation,Wind Onshore,2026-08-23T09:57:02Z
2026-08-23T09:55:52Z,2026-08-23T11:55:52+0200,e9ed0e7a-f773-48fd-b5c3-626d89d5de64,2026-07-28T01:00:00Z,2026-07-28T03:00:00+0200,2200.47021,MW,FR,FR,forecast_onshore_wind_generation,Wind Onshore,2026-08-23T09:57:02Z
2026-08-23T09:55:52Z,2026-08-23T11:55:52+0200,e9ed0e7a-f773-48fd-b5c3-626d89d5de64,2026-07-28T01:15:00Z,2026-07-28T03:15:00+0200,2129.13989,MW,FR,FR,forecast_onshore_wind_generation,Wind Onshore,2026-08-23T09:57:02Z
2026-08-23T09:55:52Z,2026-08-23T11:55:52+0200,e9ed0e7a-f773-48fd-b5c3-626d89d5de64,2026-07-28T01:30:00Z,2026-07-28T03:30:00+0200,2057.90015,MW,FR,FR,forecast_onshore_wind_generation,Wind Onshore,2026-08-23T09:57:02Z
2026-08-23T09:55:52Z,2026-08-23T11:55:52+0200,e9ed0e7a-f773-48fd-b5c3-626d89d5de64,2026-07-28T01:45:00Z,2026-07-28T03:45:00+0200,1986.82996,MW,FR,FR,forecast_onshore_wind_generation,Wind Onshore,2026-08-23T09:57:02Z
2026-08-23T09:55:52Z,2026-08-23T11:55:52+0200,e9ed0e7a-f773-48fd-b5c3-626d89d5de64,2026-07-28T02:00:00Z,2026-07-28T04:00:00+0200,1916.14001,MW,FR,FR,forecast_onshore_wind_generation,Wind Onshore,2026-08-23T09:57:02Z
2026-08-23T09:55:52Z,2026-08-23T11:55:52+0200,e9ed0e7a-f773-48fd-b5c3-626d89d5de64,2026-07-28T02:15:00Z,2026-07-28T04:15:00+0200,1868.54004,MW,FR,FR,forecast_onshore_wind_generation,Wind Onshore,2026-08-23T09:57:02Z
2026-08-23T09:55:52Z,2026-08-23T11:55:52+0200,e9ed0e7a-f773-48fd-b5c3-626d89d5de64,2026-07-28T02:30:00Z,2026-07-28T04:30:00+0200,1821.10999,MW,FR,FR,forecast_onshore_wind_generation,Wind Onshore,2026-08-23T09:57:02Z
2026-08-23T09:55:52Z,2026-08-23T11:55:52+0200,e9ed0e7a-f773-48fd-b5c3-626d89d5de64,2026-07-28T02:45:00Z,2026-07-28T04:45:00+0200,1773.90991,MW,FR,FR,forecast_onshore_wind_generation,Wind Onshore,2026-08-23T09:57:02Z
2026-08-23T09:55:52Z,2026-08-23T11:55:52+0200,e9ed0e7a-f773-48fd-b5c3-626d89d5de64,2026-07-28T03:00:00Z,2026-07-28T05:00:00+0200,1727.21997,MW,FR,FR,forecast_onshore_wind_generation,Wind Onshore,2026-08-23T09:57:02Z
2026-08-23T09:55:52Z,2026-08-23T11:55:52+0200,e9ed0e7a-f773-48fd-b5c3-626d89d5de64,2026-07-28T03:15:00Z,2026-07-28T05:15:00+0200,1724.15002,MW,FR,FR,forecast_onshore_wind_generation,Wind Onshore,2026-08-23T09:57:02Z
2026-08-23T09:55:52Z,2026-08-23T11:55:52+0200,e9ed0e7a-f773-48fd-b5c3-626d89d5de64,2026-07-28T03:30:00Z,2026-07-28T05:30:00+0200,1721.26013,MW,FR,FR,forecast_onshore_wind_generation,Wind Onshore,2026-08-23T09:57:02Z
2026-08-23T09:55:52Z,2026-08-23T11:55:52+0200,e9ed0e7a-f773-48fd-b5c3-626d89d5de64,2026-07-28T03:45:00Z,2026-07-28T05:45:00+0200,1718.71008,MW,FR,FR,forecast_onshore_wind_generation,Wind Onshore,2026-08-23T09:57:02Z
2026-08-23T09:55:52Z,2026-08-23T11:55:52+0200,e9ed0e7a-f773-48fd-b5c3-626d89d5de64,2026-07-28T04:00:00Z,2026-07-28T06:00:00+0200,1716.66003,MW,FR,FR,forecast_onshore_wind_generation,Wind Onshore,2026-08-23T09:57:02Z
2026-08-23T09:55:52Z,2026-08-23T11:55:52+0200,e9ed0e7a-f773-48fd-b5c3-626d89d5de64,2026-07-28T04:15:00Z,2026-07-28T06:15:00+0200,1737.78003,MW,FR,FR,forecast_onshore_wind_generation,Wind Onshore,2026-08-23T09:57:02Z
2026-08-23T09:55:52Z,2026-08-23T11:55:52+0200,e9ed0e7a-f773-48fd-b5c3-626d89d5de64,2026-07-28T04:30:00Z,2026-07-28T06:30:00+0200,1759.36011,MW,FR,FR,forecast_onshore_wind_generation,Wind Onshore,2026-08-23T09:57:02Z
2026-08-23T09:55:52Z,2026-08-23T11:55:52+0200,e9ed0e7a-f773-48fd-b5c3-626d89d5de64,2026-07-28T04:45:00Z,2026-07-28T06:45:00+0200,1781.16016,MW,FR,FR,forecast_onshore_wind_generation,Wind Onshore,2026-08-23T09:57:02Z
2026-08-23T09:55:52Z,2026-08-23T11:55:52+0200,e9ed0e7a-f773-48fd-b5c3-626d89d5de64,2026-07-28T05:00:00Z,2026-07-28T07:00:00+0200,1803.14014,MW,FR,FR,forecast_onshore_wind_generation,Wind Onshore,2026-08-23T09:57:02Z
2026-08-23T09:55:52Z,2026-08-23T11:55:52+0200,e9ed0e7a-f773-48fd-b5c3-626d89d5de64,2026-07-28T05:15:00Z,2026-07-28T07:15:00+0200,1839.64014,MW,FR,FR,forecast_onshore_wind_generation,Wind Onshore,2026-08-23T09:57:02Z
2026-08-23T09:55:52Z,2026-08-23T11:55:52+0200,e9ed0e7a-f773-48fd-b5c3-626d89d5de64,2026-07-28T05:30:00Z,2026-07-28T07:30:00+0200,1876.36011,MW,FR,FR,forecast_onshore_wind_generation,Wind Onshore,2026-08-23T09:57:02Z
2026-08-23T09:55:52Z,2026-08-23T11:55:52+0200,e9ed0e7a-f773-48fd-b5c3-626d89d5de64,2026-07-28T05:45:00Z,2026-07-28T07:45:00+0200,1913.54004,MW,FR,FR,forecast_onshore_wind_generation,Wind Onshore,2026-08-23T09:57:02Z
2026-08-23T09:55:52Z,2026-08-23T11:55:52+0200,e9ed0e7a-f773-48fd-b5c3-626d89d5de64,2026-07-28T06:00:00Z,2026-07-28T08:00:00+0200,1950.87012,MW,FR,FR,forecast_onshore_wind_generation,Wind Onshore,2026-08-23T09:57:02Z
2026-08-23T09:55:52Z,2026-08-23T11:55:52+0200,e9ed0e7a-f773-48fd-b5c3-626d89d5de64,2026-07-28T06:15:00Z,2026-07-28T08:15:00+0200,1737.91992,MW,FR,FR,forecast_onshore_wind_generation,Wind Onshore,2026-08-23T09:57:02Z
2026-08-23T09:55:52Z,2026-08-23T11:55:52+0200,e9ed0e7a-f773-48fd-b5c3-626d89d5de64,2026-07-28T06:30:00Z,2026-07-28T08:30:00+0200,1525.12,MW,FR,FR,forecast_onshore_wind_generation,Wind Onshore,2026-08-23T09:57:02Z
2026-08-23T09:55:52Z,2026-08-23T11:55:52+0200,e9ed0e7a-f773-48fd-b5c3-626d89d5de64,2026-07-28T06:45:00Z,2026-07-28T08:45:00+0200,1312.56006,MW,FR,FR,forecast_onshore_wind_generation,Wind Onshore,2026-08-23T09:57:02Z
2026-08-23T09:55:52Z,2026-08-23T11:55:52+0200,e9ed0e7a-f773-48fd-b5c3-626d89d5de64,2026-07-28T07:00:00Z,2026-07-28T09:00:00+0200,1100.79993,MW,FR,FR,forecast_onshore_wind_generation,Wind Onshore,2026-08-23T09:57:02Z
2026-08-23T09:55:52Z,2026-08-23T11:55:52+0200,e9ed0e7a-f773-48fd-b5c3-626d89d5de64,2026-07-28T07:15:00Z,2026-07-28T09:15:00+0200,1043.76001,MW,FR,FR,forecast_onshore_wind_generation,Wind Onshore,2026-08-23T09:57:02Z
2026-08-23T09:55:52Z,2026-08-23T11:55:52+0200,e9ed0e7a-f773-48fd-b5c3-626d89d5de64,2026-07-28T07:30:00Z,2026-07-28T09:30:00+0200,986.87006,MW,FR,FR,forecast_onshore_wind_generation,Wind Onshore,2026-08-23T09:57:02Z
2026-08-23T09:55:52Z,2026-08-23T11:55:52+0200,e9ed0e7a-f773-48fd-b5c3-626d89d5de64,2026-07-28T07:45:00Z,2026-07-28T09:45:00+0200,930.18994,MW,FR,FR,forecast_onshore_wind_generation,Wind Onshore,2026-08-23T09:57:02Z
2026-08-23T09:55:52Z,2026-08-23T11:55:52+0200,e9ed0e7a-f773-48fd-b5c3-626d89d5de64,2026-07-28T08:00:00Z,2026-07-28T10:00:00+0200,873.58002,MW,FR,FR,forecast_onshore_wind_generation,Wind Onshore,2026-08-23T09:57:02Z
2026-08-23T09:55:52Z,2026-08-23T11:55:52+0200,e9ed0e7a-f773-48fd-b5c3-626d89d5de64,2026-07-28T08:15:00Z,2026-07-28T10:15:00+0200,880.12079,MW,FR,FR,forecast_onshore_wind_generation,Wind Onshore,2026-08-23T09:57:02Z
2026-08-23T09:55:52Z,2026-08-23T11:55:52+0200,e9ed0e7a-f773-48fd-b5c3-626d89d5de64,2026-07-28T08:30:00Z,2026-07-28T10:30:00+0200,538.80975,MW,FR,FR,forecast_onshore_wind_generation,Wind Onshore,2026-08-23T09:57:02Z
2026-08-23T09:55:52Z,2026-08-23T11:55:52+0200,e9ed0e7a-f773-48fd-b5c3-626d89d5de64,2026-07-28T08:45:00Z,2026-07-28T10:45:00+0200,545.77985,MW,FR,FR,forecast_onshore_wind_generation,Wind Onshore,2026-08-23T09:57:02Z
2026-08-23T09:55:52Z,2026-08-23T11:55:52+0200,e9ed0e7a-f773-48fd-b5c3-626d89d5de64,2026-07-28T09:00:00Z,2026-07-28T11:00:00+0200,552.81958,MW,FR,FR,forecast_onshore_wind_generation,Wind Onshore,2026-08-23T09:57:02Z
2026-08-23T09:55:52Z,2026-08-23T11:55:52+0200,e9ed0e7a-f773-48fd-b5c3-626d89d5de64,2026-07-28T09:15:00Z,2026-07-28T11:15:00+0200,542.50024,MW,FR,FR,forecast_onshore_wind_generation,Wind Onshore,2026-08-23T09:57:02Z
2026-08-23T09:55:52Z,2026-08-23T11:55:52+0200,e9ed0e7a-f773-48fd-b5c3-626d89d5de64,2026-07-28T09:30:00Z,2026-07-28T11:30:00+0200,532.55981,MW,FR,FR,forecast_onshore_wind_generation,Wind Onshore,2026-08-23T09:57:02Z
2026-08-23T09:55:52Z,2026-08-23T11:55:52+0200,e9ed0e7a-f773-48fd-b5c3-626d89d5de64,2026-07-28T09:45:00Z,2026-07-28T11:45:00+0200,523.11969,MW,FR,FR,forecast_onshore_wind_generation,Wind Onshore,2026-08-23T09:57:02Z
2026-08-23T09:55:52Z,2026-08-23T11:55:52+0200,e9ed0e7a-f773-48fd-b5c3-626d89d5de64,2026-07-28T10:00:00Z,2026-07-28T12:00:00+0200,513.63977,MW,FR,FR,forecast_onshore_wind_generation,Wind Onshore,2026-08-23T09:57:02Z
2026-08-23T09:55:52Z,2026-08-23T11:55:52+0200,e9ed0e7a-f773-48fd-b5c3-626d89d5de64,2026-07-28T10:15:00Z,2026-07-28T12:15:00+0200,781.85059,MW,FR,FR,forecast_onshore_wind_generation,Wind Onshore,2026-08-23T09:57:02Z
2026-08-23T09:55:52Z,2026-08-23T11:55:52+0200,e9ed0e7a-f773-48fd-b5c3-626d89d5de64,2026-07-28T10:30:00Z,2026-07-28T12:30:00+0200,750.14948,MW,FR,FR,forecast_onshore_wind_generation,Wind Onshore,2026-08-23T09:57:02Z
2026-08-23T09:55:52Z,2026-08-23T11:55:52+0200,e9ed0e7a-f773-48fd-b5c3-626d89d5de64,2026-07-28T10:45:00Z,2026-07-28T12:45:00+0200,460.92004,MW,FR,FR,forecast_onshore_wind_generation,Wind Onshore,2026-08-23T09:57:02Z
2026-08-23T09:55:52Z,2026-08-23T11:55:52+0200,e9ed0e7a-f773-48fd-b5c3-626d89d5de64,2026-07-28T11:00:00Z,2026-07-28T13:00:00+0200,443.56985,MW,FR,FR,forecast_onshore_wind_generation,Wind Onshore,2026-08-23T09:57:02Z
2026-08-23T09:55:52Z,2026-08-23T11:55:52+0200,e9ed0e7a-f773-48fd-b5c3-626d89d5de64,2026-07-28T11:15:00Z,2026-07-28T13:15:00+0200,431.94,MW,FR,FR,forecast_onshore_wind_generation,Wind Onshore,2026-08-23T09:57:02Z
2026-08-23T09:55:52Z,2026-08-23T11:55:52+0200,e9ed0e7a-f773-48fd-b5c3-626d89d5de64,2026-07-28T11:30:00Z,2026-07-28T13:30:00+0200,420.3299,MW,FR,FR,forecast_onshore_wind_generation,Wind Onshore,2026-08-23T09:57:02Z
2026-08-23T09:55:52Z,2026-08-23T11:55:52+0200,e9ed0e7a-f773-48fd-b5c3-626d89d5de64,2026-07-28T11:45:00Z,2026-07-28T13:45:00+0200,409.12021,MW,FR,FR,forecast_onshore_wind_generation,Wind Onshore,2026-08-23T09:57:02Z
2026-08-23T09:55:52Z,2026-08-23T11:55:52+0200,e9ed0e7a-f773-48fd-b5c3-626d89d5de64,2026-07-28T12:00:00Z,2026-07-28T14:00:00+0200,397.7901,MW,FR,FR,forecast_onshore_wind_generation,Wind Onshore,2026-08-23T09:57:02Z
2026-08-23T09:55:52Z,2026-08-23T11:55:52+0200,e9ed0e7a-f773-48fd-b5c3-626d89d5de64,2026-07-28T12:15:00Z,2026-07-28T14:15:00+0200,402.66998,MW,FR,FR,forecast_onshore_wind_generation,Wind Onshore,2026-08-23T09:57:02Z
2026-08-23T09:55:52Z,2026-08-23T11:55:52+0200,e9ed0e7a-f773-48fd-b5c3-626d89d5de64,2026-07-28T12:30:00Z,2026-07-28T14:30:00+0200,637.59949,MW,FR,FR,forecast_onshore_wind_generation,Wind Onshore,2026-08-23T09:57:02Z
2026-08-23T09:55:52Z,2026-08-23T11:55:52+0200,e9ed0e7a-f773-48fd-b5c3-626d89d5de64,2026-07-28T12:45:00Z,2026-07-28T14:45:00+0200,650.13,MW,FR,FR,forecast_onshore_wind_generation,Wind Onshore,2026-08-23T09:57:02Z
2026-08-23T09:55:52Z,2026-08-23T11:55:52+0200,e9ed0e7a-f773-48fd-b5c3-626d89d5de64,2026-07-28T13:00:00Z,2026-07-28T15:00:00+0200,662.65002,MW,FR,FR,forecast_onshore_wind_generation,Wind Onshore,2026-08-23T09:57:02Z
2026-08-23T09:55:52Z,2026-08-23T11:55:52+0200,e9ed0e7a-f773-48fd-b5c3-626d89d5de64,2026-07-28T13:15:00Z,2026-07-28T15:15:00+0200,673.71002,MW,FR,FR,forecast_onshore_wind_generation,Wind Onshore,2026-08-23T09:57:02Z
2026-08-23T09:55:52Z,2026-08-23T11:55:52+0200,e9ed0e7a-f773-48fd-b5c3-626d89d5de64,2026-07-28T13:30:00Z,2026-07-28T15:30:00+0200,684.79004,MW,FR,FR,forecast_onshore_wind_generation,Wind Onshore,2026-08-23T09:57:02Z
2026-08-23T09:55:52Z,2026-08-23T11:55:52+0200,e9ed0e7a-f773-48fd-b5c3-626d89d5de64,2026-07-28T13:45:00Z,2026-07-28T15:45:00+0200,696.07001,MW,FR,FR,forecast_onshore_wind_generation,Wind Onshore,2026-08-23T09:57:02Z
2026-08-23T09:55:52Z,2026-08-23T11:55:52+0200,e9ed0e7a-f773-48fd-b5c3-626d89d5de64,2026-07-28T14:00:00Z,2026-07-28T16:00:00+0200,707.70001,MW,FR,FR,forecast_onshore_wind_generation,Wind Onshore,2026-08-23T09:57:02Z
2026-08-23T09:55:52Z,2026-08-23T11:55:52+0200,e9ed0e7a-f773-48fd-b5c3-626d89d5de64,2026-07-28T14:15:00Z,2026-07-28T16:15:00+0200,712.27997,MW,FR,FR,forecast_onshore_wind_generation,Wind Onshore,2026-08-23T09:57:02Z
2026-08-23T09:55:52Z,2026-08-23T11:55:52+0200,e9ed0e7a-f773-48fd-b5c3-626d89d5de64,2026-07-28T14:30:00Z,2026-07-28T16:30:00+0200,717.08002,MW,FR,FR,forecast_onshore_wind_generation,Wind Onshore,2026-08-23T09:57:02Z
2026-08-23T09:55:52Z,2026-08-23T11:55:52+0200,e9ed0e7a-f773-48fd-b5c3-626d89d5de64,2026-07-28T14:45:00Z,2026-07-28T16:45:00+0200,722.08002,MW,FR,FR,forecast_onshore_wind_generation,Wind Onshore,2026-08-23T09:57:02Z
2026-08-23T09:55:52Z,2026-08-23T11:55:52+0200,e9ed0e7a-f773-48fd-b5c3-626d89d5de64,2026-07-28T15:00:00Z,2026-07-28T17:00:00+0200,727.29999,MW,FR,FR,forecast_onshore_wind_generation,Wind Onshore,2026-08-23T09:57:02Z
2026-08-23T09:55:52Z,2026-08-23T11:55:52+0200,e9ed0e7a-f773-48fd-b5c3-626d89d5de64,2026-07-28T15:15:00Z,2026-07-28T17:15:00+0200,739.55005,MW,FR,FR,forecast_onshore_wind_generation,Wind Onshore,2026-08-23T09:57:02Z
2026-08-23T09:55:52Z,2026-08-23T11:55:52+0200,e9ed0e7a-f773-48fd-b5c3-626d89d5de64,2026-07-28T15:30:00Z,2026-07-28T17:30:00+0200,752.0,MW,FR,FR,forecast_onshore_wind_generation,Wind Onshore,2026-08-23T09:57:02Z
2026-08-23T09:55:52Z,2026-08-23T11:55:52+0200,e9ed0e7a-f773-48fd-b5c3-626d89d5de64,2026-07-28T15:45:00Z,2026-07-28T17:45:00+0200,764.54004,MW,FR,FR,forecast_onshore_wind_generation,Wind Onshore,2026-08-23T09:57:02Z
2026-08-23T09:55:52Z,2026-08-23T11:55:52+0200,e9ed0e7a-f773-48fd-b5c3-626d89d5de64,2026-07-28T16:00:00Z,2026-07-28T18:00:00+0200,777.26001,MW,FR,FR,forecast_onshore_wind_generation,Wind Onshore,2026-08-23T09:57:02Z
2026-08-23T09:55:52Z,2026-08-23T11:55:52+0200,e9ed0e7a-f773-48fd-b5c3-626d89d5de64,2026-07-28T16:15:00Z,2026-07-28T18:15:00+0200,802.15997,MW,FR,FR,forecast_onshore_wind_generation,Wind Onshore,2026-08-23T09:57:02Z
2026-08-23T09:55:52Z,2026-08-23T11:55:52+0200,e9ed0e7a-f773-48fd-b5c3-626d89d5de64,2026-07-28T16:30:00Z,2026-07-28T18:30:00+0200,827.14001,MW,FR,FR,forecast_onshore_wind_generation,Wind Onshore,2026-08-23T09:57:02Z
2026-08-23T09:55:52Z,2026-08-23T11:55:52+0200,e9ed0e7a-f773-48fd-b5c3-626d89d5de64,2026-07-28T16:45:00Z,2026-07-28T18:45:00+0200,852.27002,MW,FR,FR,forecast_onshore_wind_generation,Wind Onshore,2026-08-23T09:57:02Z
2026-08-23T09:55:52Z,2026-08-23T11:55:52+0200,e9ed0e7a-f773-48fd-b5c3-626d89d5de64,2026-07-28T17:00:00Z,2026-07-28T19:00:00+0200,877.47998,MW,FR,FR,forecast_onshore_wind_generation,Wind Onshore,2026-08-23T09:57:02Z
2026-08-23T09:55:52Z,2026-08-23T11:55:52+0200,e9ed0e7a-f773-48fd-b5c3-626d89d5de64,2026-07-28T17:15:00Z,2026-07-28T19:15:00+0200,912.82001,MW,FR,FR,forecast_onshore_wind_generation,Wind Onshore,2026-08-23T09:57:02Z
2026-08-23T09:55:52Z,2026-08-23T11:55:52+0200,e9ed0e7a-f773-48fd-b5c3-626d89d5de64,2026-07-28T17:30:00Z,2026-07-28T19:30:00+0200,948.25995,MW,FR,FR,forecast_onshore_wind_generation,Wind Onshore,2026-08-23T09:57:02Z
2026-08-23T09:55:52Z,2026-08-23T11:55:52+0200,e9ed0e7a-f773-48fd-b5c3-626d89d5de64,2026-07-28T17:45:00Z,2026-07-28T19:45:00+0200,983.81,MW,FR,FR,forecast_onshore_wind_generation,Wind Onshore,2026-08-23T09:57:02Z
2026-08-23T09:55:52Z,2026-08-23T11:55:52+0200,e9ed0e7a-f773-48fd-b5c3-626d89d5de64,2026-07-28T18:00:00Z,2026-07-28T20:00:00+0200,1019.41992,MW,FR,FR,forecast_onshore_wind_generation,Wind Onshore,2026-08-23T09:57:02Z
2026-08-23T09:55:52Z,2026-08-23T11:55:52+0200,e9ed0e7a-f773-48fd-b5c3-626d89d5de64,2026-07-28T18:15:00Z,2026-07-28T20:15:00+0200,1110.57007,MW,FR,FR,forecast_onshore_wind_generation,Wind Onshore,2026-08-23T09:57:02Z
2026-08-23T09:55:52Z,2026-08-23T11:55:52+0200,e9ed0e7a-f773-48fd-b5c3-626d89d5de64,2026-07-28T18:30:00Z,2026-07-28T20:30:00+0200,1201.94995,MW,FR,FR,forecast_onshore_wind_generation,Wind Onshore,2026-08-23T09:57:02Z
2026-08-23T09:55:52Z,2026-08-23T11:55:52+0200,e9ed0e7a-f773-48fd-b5c3-626d89d5de64,2026-07-28T18:45:00Z,2026-07-28T20:45:00+0200,1293.38989,MW,FR,FR,forecast_onshore_wind_generation,Wind Onshore,2026-08-23T09:57:02Z
2026-08-23T09:55:52Z,2026-08-23T11:55:52+0200,e9ed0e7a-f773-48fd-b5c3-626d89d5de64,2026-07-28T19:00:00Z,2026-07-28T21:00:00+0200,1384.92004,MW,FR,FR,forecast_onshore_wind_generation,Wind Onshore,2026-08-23T09:57:02Z
2026-08-23T09:55:52Z,2026-08-23T11:55:52+0200,e9ed0e7a-f773-48fd-b5c3-626d89d5de64,2026-07-28T19:15:00Z,2026-07-28T21:15:00+0200,1547.66003,MW,FR,FR,forecast_onshore_wind_generation,Wind Onshore,2026-08-23T09:57:02Z
2026-08-23T09:55:52Z,2026-08-23T11:55:52+0200,e9ed0e7a-f773-48fd-b5c3-626d89d5de64,2026-07-28T19:30:00Z,2026-07-28T21:30:00+0200,1710.48999,MW,FR,FR,forecast_onshore_wind_generation,Wind Onshore,2026-08-23T09:57:02Z
2026-08-23T09:55:52Z,2026-08-23T11:55:52+0200,e9ed0e7a-f773-48fd-b5c3-626d89d5de64,2026-07-28T19:45:00Z,2026-07-28T21:45:00+0200,1873.40991,MW,FR,FR,forecast_onshore_wind_generation,Wind Onshore,2026-08-23T09:57:02Z
2026-08-23T09:55:52Z,2026-08-23T11:55:52+0200,e9ed0e7a-f773-48fd-b5c3-626d89d5de64,2026-07-28T20:00:00Z,2026-07-28T22:00:00+0200,2036.45007,MW,FR,FR,forecast_onshore_wind_generation,Wind Onshore,2026-08-23T09:57:02Z
2026-08-23T09:55:52Z,2026-08-23T11:55:52+0200,e9ed0e7a-f773-48fd-b5c3-626d89d5de64,2026-07-28T20:15:00Z,2026-07-28T22:15:00+0200,2148.53003,MW,FR,FR,forecast_onshore_wind_generation,Wind Onshore,2026-08-23T09:57:02Z
2026-08-23T09:55:52Z,2026-08-23T11:55:52+0200,e9ed0e7a-f773-48fd-b5c3-626d89d5de64,2026-07-28T20:30:00Z,2026-07-28T22:30:00+0200,2260.62988,MW,FR,FR,forecast_onshore_wind_generation,Wind Onshore,2026-08-23T09:57:02Z
2026-08-23T09:55:52Z,2026-08-23T11:55:52+0200,e9ed0e7a-f773-48fd-b5c3-626d89d5de64,2026-07-28T20:45:00Z,2026-07-28T22:45:00+0200,2372.73999,MW,FR,FR,forecast_onshore_wind_generation,Wind Onshore,2026-08-23T09:57:02Z
2026-08-23T09:55:52Z,2026-08-23T11:55:52+0200,e9ed0e7a-f773-48fd-b5c3-626d89d5de64,2026-07-28T21:00:00Z,2026-07-28T23:00:00+0200,2484.83008,MW,FR,FR,forecast_onshore_wind_generation,Wind Onshore,2026-08-23T09:57:02Z
2026-08-23T09:55:52Z,2026-08-23T11:55:52+0200,e9ed0e7a-f773-48fd-b5c3-626d89d5de64,2026-07-28T21:15:00Z,2026-07-28T23:15:00+0200,2494.34009,MW,FR,FR,forecast_onshore_wind_generation,Wind Onshore,2026-08-23T09:57:02Z
2026-08-23T09:55:52Z,2026-08-23T11:55:52+0200,e9ed0e7a-f773-48fd-b5c3-626d89d5de64,2026-07-28T21:30:00Z,2026-07-28T23:30:00+0200,2503.84985,MW,FR,FR,forecast_onshore_wind_generation,Wind Onshore,2026-08-23T09:57:02Z
2026-08-23T09:55:52Z,2026-08-23T11:55:52+0200,e9ed0e7a-f773-48fd-b5c3-626d89d5de64,2026-07-28T21:45:00Z,2026-07-28T23:45:00+0200,2513.40991,MW,FR,FR,forecast_onshore_wind_generation,Wind Onshore,2026-08-23T09:57:02Z
2026-08-23T09:55:52Z,2026-08-23T11:55:52+0200,e9ed0e7a-f773-48fd-b5c3-626d89d5de64,2026-07-28T22:00:00Z,2026-07-29T00:00:00+0200,2127.38013,MW,FR,FR,forecast_onshore_wind_generation,Wind Onshore,2026-08-23T09:57:02Z
2026-08-23T09:55:52Z,2026-08-23T11:55:52+0200,e9ed0e7a-f773-48fd-b5c3-626d89d5de64,2026-07-28T22:15:00Z,2026-07-29T00:15:00+0200,2102.86011,MW,FR,FR,forecast_onshore_wind_generation,Wind Onshore,2026-08-23T09:57:02Z
2026-08-23T09:55:52Z,2026-08-23T11:55:52+0200,e9ed0e7a-f773-48fd-b5c3-626d89d5de64,2026-07-28T22:30:00Z,2026-07-29T00:30:00+0200,2078.31982,MW,FR,FR,forecast_onshore_wind_generation,Wind Onshore,2026-08-23T09:57:02Z
2026-08-23T09:55:52Z,2026-08-23T11:55:52+0200,e9ed0e7a-f773-48fd-b5c3-626d89d5de64,2026-07-28T22:45:00Z,2026-07-29T00:45:00+0200,2053.7998,MW,FR,FR,forecast_onshore_wind_generation,Wind Onshore,2026-08-23T09:57:02Z
2026-08-23T09:55:52Z,2026-08-23T11:55:52+0200,e9ed0e7a-f773-48fd-b5c3-626d89d5de64,2026-07-28T23:00:00Z,2026-07-29T01:00:00+0200,2029.33008,MW,FR,FR,forecast_onshore_wind_generation,Wind Onshore,2026-08-23T09:57:02Z
2026-08-23T09:55:52Z,2026-08-23T11:55:52+0200,e9ed0e7a-f773-48fd-b5c3-626d89d5de64,2026-07-28T23:15:00Z,2026-07-29T01:15:00+0200,2010.63989,MW,FR,FR,forecast_onshore_wind_generation,Wind Onshore,2026-08-23T09:57:02Z
2026-08-23T09:55:52Z,2026-08-23T11:55:52+0200,e9ed0e7a-f773-48fd-b5c3-626d89d5de64,2026-07-28T23:30:00Z,2026-07-29T01:30:00+0200,1992.0,MW,FR,FR,forecast_onshore_wind_generation,Wind Onshore,2026-08-23T09:57:02Z
2026-08-23T09:55:52Z,2026-08-23T11:55:52+0200,e9ed0e7a-f773-48fd-b5c3-626d89d5de64,2026-07-28T23:45:00Z,2026-07-29T01:45:00+0200,1973.36011,MW,FR,FR,forecast_onshore_wind_generation,Wind Onshore,2026-08-23T09:57:02Z
2026-08-23T09:55:52Z,2026-08-23T11:55:52+0200,e9ed0e7a-f773-48fd-b5c3-626d89d5de64,2026-07-29T00:00:00Z,2026-07-29T02:00:00+0200,1954.75,MW,FR,FR,forecast_onshore_wind_generation,Wind Onshore,2026-08-23T09:57:02Z
2026-08-23T09:55:52Z,2026-08-23T11:55:52+0200,e9ed0e7a-f773-48fd-b5c3-626d89d5de64,2026-07-29T00:15:00Z,2026-07-29T02:15:00+0200,1913.51001,MW,FR,FR,forecast_onshore_wind_generation,Wind Onshore,2026-08-23T09:57:02Z
2026-08-23T09:55:52Z,2026-08-23T11:55:52+0200,e9ed0e7a-f773-48fd-b5c3-626d89d5de64,2026-07-29T00:30:00Z,2026-07-29T02:30:00+0200,1872.30005,MW,FR,FR,forecast_onshore_wind_generation,Wind Onshore,2026-08-23T09:57:02Z
2026-08-23T09:55:52Z,2026-08-23T11:55:52+0200,e9ed0e7a-f773-48fd-b5c3-626d89d5de64,2026-07-29T00:45:00Z,2026-07-29T02:45:00+0200,1831.06995,MW,FR,FR,forecast_onshore_wind_generation,Wind Onshore,2026-08-23T09:57:02Z
2026-08-23T09:55:52Z,2026-08-23T11:55:52+0200,e9ed0e7a-f773-48fd-b5c3-626d89d5de64,2026-07-29T01:00:00Z,2026-07-29T03:00:00+0200,1789.91003,MW,FR,FR,forecast_onshore_wind_generation,Wind Onshore,2026-08-23T09:57:02Z
2026-08-23T09:55:52Z,2026-08-23T11:55:52+0200,e9ed0e7a-f773-48fd-b5c3-626d89d5de64,2026-07-29T01:15:00Z,2026-07-29T03:15:00+0200,1768.20996,MW,FR,FR,forecast_onshore_wind_generation,Wind Onshore,2026-08-23T09:57:02Z
2026-08-23T09:55:52Z,2026-08-23T11:55:52+0200,e9ed0e7a-f773-48fd-b5c3-626d89d5de64,2026-07-29T01:30:00Z,2026-07-29T03:30:00+0200,1746.54004,MW,FR,FR,forecast_onshore_wind_generation,Wind Onshore,2026-08-23T09:57:02Z
2026-08-23T09:55:52Z,2026-08-23T11:55:52+0200,e9ed0e7a-f773-48fd-b5c3-626d89d5de64,2026-07-29T01:45:00Z,2026-07-29T03:45:00+0200,1724.89001,MW,FR,FR,forecast_onshore_wind_generation,Wind Onshore,2026-08-23T09:57:02Z
2026-08-23T09:55:52Z,2026-08-23T11:55:52+0200,e9ed0e7a-f773-48fd-b5c3-626d89d5de64,2026-07-29T02:00:00Z,2026-07-29T04:00:00+0200,1703.34009,MW,FR,FR,forecast_onshore_wind_generation,Wind Onshore,2026-08-23T09:57:02Z
2026-08-23T09:55:52Z,2026-08-23T11:55:52+0200,e9ed0e7a-f773-48fd-b5c3-626d89d5de64,2026-07-29T02:15:00Z,2026-07-29T04:15:00+0200,1720.28003,MW,FR,FR,forecast_onshore_wind_generation,Wind Onshore,2026-08-23T09:57:02Z
2026-08-23T09:55:52Z,2026-08-23T11:55:52+0200,e9ed0e7a-f773-48fd-b5c3-626d89d5de64,2026-07-29T02:30:00Z,2026-07-29T04:30:00+0200,1737.33008,MW,FR,FR,forecast_onshore_wind_generation,Wind Onshore,2026-08-23T09:57:02Z
2026-08-23T09:55:52Z,2026-08-23T11:55:52+0200,e9ed0e7a-f773-48fd-b5c3-626d89d5de64,2026-07-29T02:45:00Z,2026-07-29T04:45:00+0200,1754.42993,MW,FR,FR,forecast_onshore_wind_generation,Wind Onshore,2026-08-23T09:57:02Z
2026-08-23T09:55:52Z,2026-08-23T11:55:52+0200,e9ed0e7a-f773-48fd-b5c3-626d89d5de64,2026-07-29T03:00:00Z,2026-07-29T05:00:00+0200,1771.63,MW,FR,FR,forecast_onshore_wind_generation,Wind Onshore,2026-08-23T09:57:02Z
2026-08-23T09:55:52Z,2026-08-23T11:55:52+0200,e9ed0e7a-f773-48fd-b5c3-626d89d5de64,2026-07-29T03:15:00Z,2026-07-29T05:15:00+0200,1815.44006,MW,FR,FR,forecast_onshore_wind_generation,Wind Onshore,2026-08-23T09:57:02Z
2026-08-23T09:55:52Z,2026-08-23T11:55:52+0200,e9ed0e7a-f773-48fd-b5c3-626d89d5de64,2026-07-29T03:30:00Z,2026-07-29T05:30:00+0200,1859.29004,MW,FR,FR,forecast_onshore_wind_generation,Wind Onshore,2026-08-23T09:57:02Z
2026-08-23T09:55:52Z,2026-08-23T11:55:52+0200,e9ed0e7a-f773-48fd-b5c3-626d89d5de64,2026-07-29T03:45:00Z,2026-07-29T05:45:00+0200,1903.16992,MW,FR,FR,forecast_onshore_wind_generation,Wind Onshore,2026-08-23T09:57:02Z
2026-08-23T09:55:52Z,2026-08-23T11:55:52+0200,e9ed0e7a-f773-48fd-b5c3-626d89d5de64,2026-07-29T04:00:00Z,2026-07-29T06:00:00+0200,1947.05005,MW,FR,FR,forecast_onshore_wind_generation,Wind Onshore,2026-08-23T09:57:02Z
2026-08-23T09:55:52Z,2026-08-23T11:55:52+0200,e9ed0e7a-f773-48fd-b5c3-626d89d5de64,2026-07-29T04:15:00Z,2026-07-29T06:15:00+0200,1960.80017,MW,FR,FR,forecast_onshore_wind_generation,Wind Onshore,2026-08-23T09:57:02Z
2026-08-23T09:55:52Z,2026-08-23T11:55:52+0200,e9ed0e7a-f773-48fd-b5c3-626d89d5de64,2026-07-29T04:30:00Z,2026-07-29T06:30:00+0200,1974.53992,MW,FR,FR,forecast_onshore_wind_generation,Wind Onshore,2026-08-23T09:57:02Z
2026-08-23T09:55:52Z,2026-08-23T11:55:52+0200,e9ed0e7a-f773-48fd-b5c3-626d89d5de64,2026-07-29T04:45:00Z,2026-07-29T06:45:00+0200,1988.31995,MW,FR,FR,forecast_onshore_wind_generation,Wind Onshore,2026-08-23T09:57:02Z
2026-08-23T09:55:52Z,2026-08-23T11:55:52+0200,e9ed0e7a-f773-48fd-b5c3-626d89d5de64,2026-07-29T05:00:00Z,2026-07-29T07:00:00+0200,2002.09998,MW,FR,FR,forecast_onshore_wind_generation,Wind Onshore,2026-08-23T09:57:02Z
2026-08-23T09:55:52Z,2026-08-23T11:55:52+0200,e9ed0e7a-f773-48fd-b5c3-626d89d5de64,2026-07-29T05:15:00Z,2026-07-29T07:15:00+0200,1954.9801,MW,FR,FR,forecast_onshore_wind_generation,Wind Onshore,2026-08-23T09:57:02Z
2026-08-23T09:55:52Z,2026-08-23T11:55:52+0200,e9ed0e7a-f773-48fd-b5c3-626d89d5de64,2026-07-29T05:30:00Z,2026-07-29T07:30:00+0200,1907.89001,MW,FR,FR,forecast_onshore_wind_generation,Wind Onshore,2026-08-23T09:57:02Z
2026-08-23T09:55:52Z,2026-08-23T11:55:52+0200,e9ed0e7a-f773-48fd-b5c3-626d89d5de64,2026-07-29T05:45:00Z,2026-07-29T07:45:00+0200,1860.79993,MW,FR,FR,forecast_onshore_wind_generation,Wind Onshore,2026-08-23T09:57:02Z
2026-08-23T09:55:52Z,2026-08-23T11:55:52+0200,e9ed0e7a-f773-48fd-b5c3-626d89d5de64,2026-07-29T06:00:00Z,2026-07-29T08:00:00+0200,1813.67993,MW,FR,FR,forecast_onshore_wind_generation,Wind Onshore,2026-08-23T09:57:02Z
2026-08-23T09:55:52Z,2026-08-23T11:55:52+0200,e9ed0e7a-f773-48fd-b5c3-626d89d5de64,2026-07-29T06:15:00Z,2026-07-29T08:15:00+0200,1727.83008,MW,FR,FR,forecast_onshore_wind_generation,Wind Onshore,2026-08-23T09:57:02Z
2026-08-23T09:55:52Z,2026-08-23T11:55:52+0200,e9ed0e7a-f773-48fd-b5c3-626d89d5de64,2026-07-29T06:30:00Z,2026-07-29T08:30:00+0200,1641.95996,MW,FR,FR,forecast_onshore_wind_generation,Wind Onshore,2026-08-23T09:57:02Z
2026-08-23T09:55:52Z,2026-08-23T11:55:52+0200,e9ed0e7a-f773-48fd-b5c3-626d89d5de64,2026-07-29T06:45:00Z,2026-07-29T08:45:00+0200,1556.12,MW,FR,FR,forecast_onshore_wind_generation,Wind Onshore,2026-08-23T09:57:02Z
2026-08-23T09:55:52Z,2026-08-23T11:55:52+0200,e9ed0e7a-f773-48fd-b5c3-626d89d5de64,2026-07-29T07:00:00Z,2026-07-29T09:00:00+0200,1470.28992,MW,FR,FR,forecast_onshore_wind_generation,Wind Onshore,2026-08-23T09:57:02Z
2026-08-23T09:55:52Z,2026-08-23T11:55:52+0200,e9ed0e7a-f773-48fd-b5c3-626d89d5de64,2026-07-29T07:15:00Z,2026-07-29T09:15:00+0200,1291.91992,MW,FR,FR,forecast_onshore_wind_generation,Wind Onshore,2026-08-23T09:57:02Z
2026-08-23T09:55:52Z,2026-08-23T11:55:52+0200,e9ed0e7a-f773-48fd-b5c3-626d89d5de64,2026-07-29T07:30:00Z,2026-07-29T09:30:00+0200,1113.59009,MW,FR,FR,forecast_onshore_wind_generation,Wind Onshore,2026-08-23T09:57:02Z
2026-08-23T09:55:52Z,2026-08-23T11:55:52+0200,e9ed0e7a-f773-48fd-b5c3-626d89d5de64,2026-07-29T07:45:00Z,2026-07-29T09:45:00+0200,935.25995,MW,FR,FR,forecast_onshore_wind_generation,Wind Onshore,2026-08-23T09:57:02Z
2026-08-23T09:55:52Z,2026-08-23T11:55:52+0200,e9ed0e7a-f773-48fd-b5c3-626d89d5de64,2026-07-29T08:00:00Z,2026-07-29T10:00:00+0200,756.95996,MW,FR,FR,forecast_onshore_wind_generation,Wind Onshore,2026-08-23T09:57:02Z
2026-08-23T09:55:52Z,2026-08-23T11:55:52+0200,e9ed0e7a-f773-48fd-b5c3-626d89d5de64,2026-07-29T08:15:00Z,2026-07-29T10:15:00+0200,749.21997,MW,FR,FR,forecast_onshore_wind_generation,Wind Onshore,2026-08-23T09:57:02Z
2026-08-23T09:55:52Z,2026-08-23T11:55:52+0200,e9ed0e7a-f773-48fd-b5c3-626d89d5de64,2026-07-29T08:30:00Z,2026-07-29T10:30:00+0200,741.47003,MW,FR,FR,forecast_onshore_wind_generation,Wind Onshore,2026-08-23T09:57:02Z
2026-08-23T09:55:52Z,2026-08-23T11:55:52+0200,e9ed0e7a-f773-48fd-b5c3-626d89d5de64,2026-07-29T08:45:00Z,2026-07-29T10:45:00+0200,733.73999,MW,FR,FR,forecast_onshore_wind_generation,Wind Onshore,2026-08-23T09:57:02Z
2026-08-23T09:55:52Z,2026-08-23T11:55:52+0200,e9ed0e7a-f773-48fd-b5c3-626d89d5de64,2026-07-29T09:00:00Z,2026-07-29T11:00:00+0200,726.03003,MW,FR,FR,forecast_onshore_wind_generation,Wind Onshore,2026-08-23T09:57:02Z
2026-08-23T09:55:52Z,2026-08-23T11:55:52+0200,e9ed0e7a-f773-48fd-b5c3-626d89d5de64,2026-07-29T09:15:00Z,2026-07-29T11:15:00+0200,740.46997,MW,FR,FR,forecast_onshore_wind_generation,Wind Onshore,2026-08-23T09:57:02Z
2026-08-23T09:55:52Z,2026-08-23T11:55:52+0200,e9ed0e7a-f773-48fd-b5c3-626d89d5de64,2026-07-29T09:30:00Z,2026-07-29T11:30:00+0200,754.91998,MW,FR,FR,forecast_onshore_wind_generation,Wind Onshore,2026-08-23T09:57:02Z
2026-08-23T09:55:52Z,2026-08-23T11:55:52+0200,e9ed0e7a-f773-48fd-b5c3-626d89d5de64,2026-07-29T09:45:00Z,2026-07-29T11:45:00+0200,769.37,MW,FR,FR,forecast_onshore_wind_generation,Wind Onshore,2026-08-23T09:57:02Z
2026-08-23T09:55:52Z,2026-08-23T11:55:52+0200,e9ed0e7a-f773-48fd-b5c3-626d89d5de64,2026-07-29T10:00:00Z,2026-07-29T12:00:00+0200,783.81,MW,FR,FR,forecast_onshore_wind_generation,Wind Onshore,2026-08-23T09:57:02Z
2026-08-23T09:55:52Z,2026-08-23T11:55:52+0200,e9ed0e7a-f773-48fd-b5c3-626d89d5de64,2026-07-29T10:15:00Z,2026-07-29T12:15:00+0200,822.07001,MW,FR,FR,forecast_onshore_wind_generation,Wind Onshore,2026-08-23T09:57:02Z
2026-08-23T09:55:52Z,2026-08-23T11:55:52+0200,e9ed0e7a-f773-48fd-b5c3-626d89d5de64,2026-07-29T10:30:00Z,2026-07-29T12:30:00+0200,860.35999,MW,FR,FR,forecast_onshore_wind_generation,Wind Onshore,2026-08-23T09:57:02Z
2026-08-23T09:55:52Z,2026-08-23T11:55:52+0200,e9ed0e7a-f773-48fd-b5c3-626d89d5de64,2026-07-29T10:45:00Z,2026-07-29T12:45:00+0200,898.64001,MW,FR,FR,forecast_onshore_wind_generation,Wind Onshore,2026-08-23T09:57:02Z
2026-08-23T09:55:52Z,2026-08-23T11:55:52+0200,e9ed0e7a-f773-48fd-b5c3-626d89d5de64,2026-07-29T11:00:00Z,2026-07-29T13:00:00+0200,936.92999,MW,FR,FR,forecast_onshore_wind_generation,Wind Onshore,2026-08-23T09:57:02Z
2026-08-23T09:55:52Z,2026-08-23T11:55:52+0200,e9ed0e7a-f773-48fd-b5c3-626d89d5de64,2026-07-29T11:15:00Z,2026-07-29T13:15:00+0200,1010.58002,MW,FR,FR,forecast_onshore_wind_generation,Wind Onshore,2026-08-23T09:57:02Z
2026-08-23T09:55:52Z,2026-08-23T11:55:52+0200,e9ed0e7a-f773-48fd-b5c3-626d89d5de64,2026-07-29T11:30:00Z,2026-07-29T13:30:00+0200,1084.22009,MW,FR,FR,forecast_onshore_wind_generation,Wind Onshore,2026-08-23T09:57:02Z
2026-08-23T09:55:52Z,2026-08-23T11:55:52+0200,e9ed0e7a-f773-48fd-b5c3-626d89d5de64,2026-07-29T11:45:00Z,2026-07-29T13:45:00+0200,1157.85999,MW,FR,FR,forecast_onshore_wind_generation,Wind Onshore,2026-08-23T09:57:02Z
2026-08-23T09:55:52Z,2026-08-23T11:55:52+0200,e9ed0e7a-f773-48fd-b5c3-626d89d5de64,2026-07-29T12:00:00Z,2026-07-29T14:00:00+0200,1231.52002,MW,FR,FR,forecast_onshore_wind_generation,Wind Onshore,2026-08-23T09:57:02Z
2026-08-23T09:55:52Z,2026-08-23T11:55:52+0200,e9ed0e7a-f773-48fd-b5c3-626d89d5de64,2026-07-29T12:15:00Z,2026-07-29T14:15:00+0200,1323.28003,MW,FR,FR,forecast_onshore_wind_generation,Wind Onshore,2026-08-23T09:57:02Z
2026-08-23T09:55:52Z,2026-08-23T11:55:52+0200,e9ed0e7a-f773-48fd-b5c3-626d89d5de64,2026-07-29T12:30:00Z,2026-07-29T14:30:00+0200,1415.05005,MW,FR,FR,forecast_onshore_wind_generation,Wind Onshore,2026-08-23T09:57:02Z
2026-08-23T09:55:52Z,2026-08-23T11:55:52+0200,e9ed0e7a-f773-48fd-b5c3-626d89d5de64,2026-07-29T12:45:00Z,2026-07-29T14:45:00+0200,1506.82996,MW,FR,FR,forecast_onshore_wind_generation,Wind Onshore,2026-08-23T09:57:02Z
2026-08-23T09:55:52Z,2026-08-23T11:55:52+0200,e9ed0e7a-f773-48fd-b5c3-626d89d5de64,2026-07-29T13:00:00Z,2026-07-29T15:00:00+0200,1598.61011,MW,FR,FR,forecast_onshore_wind_generation,Wind Onshore,2026-08-23T09:57:02Z
2026-08-23T09:55:52Z,2026-08-23T11:55:52+0200,e9ed0e7a-f773-48fd-b5c3-626d89d5de64,2026-07-29T13:15:00Z,2026-07-29T15:15:00+0200,1663.80005,MW,FR,FR,forecast_onshore_wind_generation,Wind Onshore,2026-08-23T09:57:02Z
2026-08-23T09:55:52Z,2026-08-23T11:55:52+0200,e9ed0e7a-f773-48fd-b5c3-626d89d5de64,2026-07-29T13:30:00Z,2026-07-29T15:30:00+0200,1728.98999,MW,FR,FR,forecast_onshore_wind_generation,Wind Onshore,2026-08-23T09:57:02Z
2026-08-23T09:55:52Z,2026-08-23T11:55:52+0200,e9ed0e7a-f773-48fd-b5c3-626d89d5de64,2026-07-29T13:45:00Z,2026-07-29T15:45:00+0200,1794.18994,MW,FR,FR,forecast_onshore_wind_generation,Wind Onshore,2026-08-23T09:57:02Z
2026-08-23T09:55:52Z,2026-08-23T11:55:52+0200,e9ed0e7a-f773-48fd-b5c3-626d89d5de64,2026-07-29T14:00:00Z,2026-07-29T16:00:00+0200,1859.37988,MW,FR,FR,forecast_onshore_wind_generation,Wind Onshore,2026-08-23T09:57:02Z
2026-08-23T09:55:52Z,2026-08-23T11:55:52+0200,e9ed0e7a-f773-48fd-b5c3-626d89d5de64,2026-07-29T14:15:00Z,2026-07-29T16:15:00+0200,1905.10986,MW,FR,FR,forecast_onshore_wind_generation,Wind Onshore,2026-08-23T09:57:02Z
2026-08-23T09:55:52Z,2026-08-23T11:55:52+0200,e9ed0e7a-f773-48fd-b5c3-626d89d5de64,2026-07-29T14:30:00Z,2026-07-29T16:30:00+0200,1950.83984,MW,FR,FR,forecast_onshore_wind_generation,Wind Onshore,2026-08-23T09:57:02Z
2026-08-23T09:55:52Z,2026-08-23T11:55:52+0200,e9ed0e7a-f773-48fd-b5c3-626d89d5de64,2026-07-29T14:45:00Z,2026-07-29T16:45:00+0200,1996.56982,MW,FR,FR,forecast_onshore_wind_generation,Wind Onshore,2026-08-23T09:57:02Z
2026-08-23T09:55:52Z,2026-08-23T11:55:52+0200,e9ed0e7a-f773-48fd-b5c3-626d89d5de64,2026-07-29T15:00:00Z,2026-07-29T17:00:00+0200,2042.2998,MW,FR,FR,forecast_onshore_wind_generation,Wind Onshore,2026-08-23T09:57:02Z
2026-08-23T09:55:52Z,2026-08-23T11:55:52+0200,e9ed0e7a-f773-48fd-b5c3-626d89d5de64,2026-07-29T15:15:00Z,2026-07-29T17:15:00+0200,2032.76001,MW,FR,FR,forecast_onshore_wind_generation,Wind Onshore,2026-08-23T09:57:02Z
2026-08-23T09:55:52Z,2026-08-23T11:55:52+0200,e9ed0e7a-f773-48fd-b5c3-626d89d5de64,2026-07-29T15:30:00Z,2026-07-29T17:30:00+0200,2023.21985,MW,FR,FR,forecast_onshore_wind_generation,Wind Onshore,2026-08-23T09:57:02Z
2026-08-23T09:55:52Z,2026-08-23T11:55:52+0200,e9ed0e7a-f773-48fd-b5c3-626d89d5de64,2026-07-29T15:45:00Z,2026-07-29T17:45:00+0200,2013.67993,MW,FR,FR,forecast_onshore_wind_generation,Wind Onshore,2026-08-23T09:57:02Z
2026-08-23T09:55:52Z,2026-08-23T11:55:52+0200,e9ed0e7a-f773-48fd-b5c3-626d89d5de64,2026-07-29T16:00:00Z,2026-07-29T18:00:00+0200,2004.1499,MW,FR,FR,forecast_onshore_wind_generation,Wind Onshore,2026-08-23T09:57:02Z
2026-08-23T09:55:52Z,2026-08-23T11:55:52+0200,e9ed0e7a-f773-48fd-b5c3-626d89d5de64,2026-07-29T16:15:00Z,2026-07-29T18:15:00+0200,1957.28992,MW,FR,FR,forecast_onshore_wind_generation,Wind Onshore,2026-08-23T09:57:02Z
2026-08-23T09:55:52Z,2026-08-23T11:55:52+0200,e9ed0e7a-f773-48fd-b5c3-626d89d5de64,2026-07-29T16:30:00Z,2026-07-29T18:30:00+0200,1910.41992,MW,FR,FR,forecast_onshore_wind_generation,Wind Onshore,2026-08-23T09:57:02Z
2026-08-23T09:55:52Z,2026-08-23T11:55:52+0200,e9ed0e7a-f773-48fd-b5c3-626d89d5de64,2026-07-29T16:45:00Z,2026-07-29T18:45:00+0200,1863.54993,MW,FR,FR,forecast_onshore_wind_generation,Wind Onshore,2026-08-23T09:57:02Z
2026-08-23T09:55:52Z,2026-08-23T11:55:52+0200,e9ed0e7a-f773-48fd-b5c3-626d89d5de64,2026-07-29T17:00:00Z,2026-07-29T19:00:00+0200,1816.70996,MW,FR,FR,forecast_onshore_wind_generation,Wind Onshore,2026-08-23T09:57:02Z
2026-08-23T09:55:52Z,2026-08-23T11:55:52+0200,e9ed0e7a-f773-48fd-b5c3-626d89d5de64,2026-07-29T17:15:00Z,2026-07-29T19:15:00+0200,1761.39001,MW,FR,FR,forecast_onshore_wind_generation,Wind Onshore,2026-08-23T09:57:02Z
2026-08-23T09:55:52Z,2026-08-23T11:55:52+0200,e9ed0e7a-f773-48fd-b5c3-626d89d5de64,2026-07-29T17:30:00Z,2026-07-29T19:30:00+0200,1706.06006,MW,FR,FR,forecast_onshore_wind_generation,Wind Onshore,2026-08-23T09:57:02Z
2026-08-23T09:55:52Z,2026-08-23T11:55:52+0200,e9ed0e7a-f773-48fd-b5c3-626d89d5de64,2026-07-29T17:45:00Z,2026-07-29T19:45:00+0200,1650.73999,MW,FR,FR,forecast_onshore_wind_generation,Wind Onshore,2026-08-23T09:57:02Z
2026-08-23T09:55:52Z,2026-08-23T11:55:52+0200,e9ed0e7a-f773-48fd-b5c3-626d89d5de64,2026-07-29T18:00:00Z,2026-07-29T20:00:00+0200,1595.44995,MW,FR,FR,forecast_onshore_wind_generation,Wind Onshore,2026-08-23T09:57:02Z
2026-08-23T09:55:52Z,2026-08-23T11:55:52+0200,e9ed0e7a-f773-48fd-b5c3-626d89d5de64,2026-07-29T18:15:00Z,2026-07-29T20:15:00+0200,1650.65991,MW,FR,FR,forecast_onshore_wind_generation,Wind Onshore,2026-08-23T09:57:02Z
2026-08-23T09:55:52Z,2026-08-23T11:55:52+0200,e9ed0e7a-f773-48fd-b5c3-626d89d5de64,2026-07-29T18:30:00Z,2026-07-29T20:30:00+0200,1705.88,MW,FR,FR,forecast_onshore_wind_generation,Wind Onshore,2026-08-23T09:57:02Z
2026-08-23T09:55:52Z,2026-08-23T11:55:52+0200,e9ed0e7a-f773-48fd-b5c3-626d89d5de64,2026-07-29T18:45:00Z,2026-07-29T20:45:00+0200,1761.12,MW,FR,FR,forecast_onshore_wind_generation,Wind Onshore,2026-08-23T09:57:02Z
2026-08-23T09:55:52Z,2026-08-23T11:55:52+0200,e9ed0e7a-f773-48fd-b5c3-626d89d5de64,2026-07-29T19:00:00Z,2026-07-29T21:00:00+0200,1816.34009,MW,FR,FR,forecast_onshore_wind_generation,Wind Onshore,2026-08-23T09:57:02Z
2026-08-23T09:55:52Z,2026-08-23T11:55:52+0200,e9ed0e7a-f773-48fd-b5c3-626d89d5de64,2026-07-29T19:15:00Z,2026-07-29T21:15:00+0200,1948.73999,MW,FR,FR,forecast_onshore_wind_generation,Wind Onshore,2026-08-23T09:57:02Z
2026-08-23T09:55:52Z,2026-08-23T11:55:52+0200,e9ed0e7a-f773-48fd-b5c3-626d89d5de64,2026-07-29T19:30:00Z,2026-07-29T21:30:00+0200,2081.14014,MW,FR,FR,forecast_onshore_wind_generation,Wind Onshore,2026-08-23T09:57:02Z
2026-08-23T09:55:52Z,2026-08-23T11:55:52+0200,e9ed0e7a-f773-48fd-b5c3-626d89d5de64,2026-07-29T19:45:00Z,2026-07-29T21:45:00+0200,2213.54004,MW,FR,FR,forecast_onshore_wind_generation,Wind Onshore,2026-08-23T09:57:02Z
2026-08-23T09:55:52Z,2026-08-23T11:55:52+0200,e9ed0e7a-f773-48fd-b5c3-626d89d5de64,2026-07-29T20:00:00Z,2026-07-29T22:00:00+0200,2345.95996,MW,FR,FR,forecast_onshore_wind_generation,Wind Onshore,2026-08-23T09:57:02Z
2026-08-23T09:55:52Z,2026-08-23T11:55:52+0200,e9ed0e7a-f773-48fd-b5c3-626d89d5de64,2026-07-29T20:15:00Z,2026-07-29T22:15:00+0200,2418.62988,MW,FR,FR,forecast_onshore_wind_generation,Wind Onshore,2026-08-23T09:57:02Z
2026-08-23T09:55:52Z,2026-08-23T11:55:52+0200,e9ed0e7a-f773-48fd-b5c3-626d89d5de64,2026-07-29T20:30:00Z,2026-07-29T22:30:00+0200,2491.28003,MW,FR,FR,forecast_onshore_wind_generation,Wind Onshore,2026-08-23T09:57:02Z
2026-08-23T09:55:52Z,2026-08-23T11:55:52+0200,e9ed0e7a-f773-48fd-b5c3-626d89d5de64,2026-07-29T20:45:00Z,2026-07-29T22:45:00+0200,2563.94995,MW,FR,FR,forecast_onshore_wind_generation,Wind Onshore,2026-08-23T09:57:02Z
2026-08-23T09:55:52Z,2026-08-23T11:55:52+0200,e9ed0e7a-f773-48fd-b5c3-626d89d5de64,2026-07-29T21:00:00Z,2026-07-29T23:00:00+0200,2636.61987,MW,FR,FR,forecast_onshore_wind_generation,Wind Onshore,2026-08-23T09:57:02Z
2026-08-23T09:55:52Z,2026-08-23T11:55:52+0200,e9ed0e7a-f773-48fd-b5c3-626d89d5de64,2026-07-29T21:15:00Z,2026-07-29T23:15:00+0200,2631.41992,MW,FR,FR,forecast_onshore_wind_generation,Wind Onshore,2026-08-23T09:57:02Z
2026-08-23T09:55:52Z,2026-08-23T11:55:52+0200,e9ed0e7a-f773-48fd-b5c3-626d89d5de64,2026-07-29T21:30:00Z,2026-07-29T23:30:00+0200,2626.21997,MW,FR,FR,forecast_onshore_wind_generation,Wind Onshore,2026-08-23T09:57:02Z
2026-08-23T09:55:52Z,2026-08-23T11:55:52+0200,e9ed0e7a-f773-48fd-b5c3-626d89d5de64,2026-07-29T21:45:00Z,2026-07-29T23:45:00+0200,2621.0,MW,FR,FR,forecast_onshore_wind_generation,Wind Onshore,2026-08-23T09:57:02Z
2026-08-23T09:55:52Z,2026-08-23T11:55:52+0200,e9ed0e7a-f773-48fd-b5c3-626d89d5de64,2026-07-29T22:00:00Z,2026-07-30T00:00:00+0200,3103.23999,MW,FR,FR,forecast_onshore_wind_generation,Wind Onshore,2026-08-23T09:57:02Z
2026-08-23T09:55:52Z,2026-08-23T11:55:52+0200,e9ed0e7a-f773-48fd-b5c3-626d89d5de64,2026-07-29T22:15:00Z,2026-07-30T00:15:00+0200,3146.34009,MW,FR,FR,forecast_onshore_wind_generation,Wind Onshore,2026-08-23T09:57:02Z
2026-08-23T09:55:52Z,2026-08-23T11:55:52+0200,e9ed0e7a-f773-48fd-b5c3-626d89d5de64,2026-07-29T22:30:00Z,2026-07-30T00:30:00+0200,3189.45996,MW,FR,FR,forecast_onshore_wind_generation,Wind Onshore,2026-08-23T09:57:02Z
2026-08-23T09:55:52Z,2026-08-23T11:55:52+0200,e9ed0e7a-f773-48fd-b5c3-626d89d5de64,2026-07-29T22:45:00Z,2026-07-30T00:45:00+0200,3233.37988,MW,FR,FR,forecast_onshore_wind_generation,Wind Onshore,2026-08-23T09:57:02Z
2026-08-23T09:55:52Z,2026-08-23T11:55:52+0200,e9ed0e7a-f773-48fd-b5c3-626d89d5de64,2026-07-29T23:00:00Z,2026-07-30T01:00:00+0200,3277.45996,MW,FR,FR,forecast_onshore_wind_generation,Wind Onshore,2026-08-23T09:57:02Z
2026-08-23T09:55:52Z,2026-08-23T11:55:52+0200,e9ed0e7a-f773-48fd-b5c3-626d89d5de64,2026-07-29T23:15:00Z,2026-07-30T01:15:00+0200,3252.21021,MW,FR,FR,forecast_onshore_wind_generation,Wind Onshore,2026-08-23T09:57:02Z
2026-08-23T09:55:52Z,2026-08-23T11:55:52+0200,e9ed0e7a-f773-48fd-b5c3-626d89d5de64,2026-07-29T23:30:00Z,2026-07-30T01:30:00+0200,3227.37012,MW,FR,FR,forecast_onshore_wind_generation,Wind Onshore,2026-08-23T09:57:02Z
2026-08-23T09:55:52Z,2026-08-23T11:55:52+0200,e9ed0e7a-f773-48fd-b5c3-626d89d5de64,2026-07-29T23:45:00Z,2026-07-30T01:45:00+0200,3202.80981,MW,FR,FR,forecast_onshore_wind_generation,Wind Onshore,2026-08-23T09:57:02Z
2026-08-23T09:55:52Z,2026-08-23T11:55:52+0200,e9ed0e7a-f773-48fd-b5c3-626d89d5de64,2026-07-30T00:00:00Z,2026-07-30T02:00:00+0200,3178.51001,MW,FR,FR,forecast_onshore_wind_generation,Wind Onshore,2026-08-23T09:57:02Z
2026-08-23T09:55:52Z,2026-08-23T11:55:52+0200,e9ed0e7a-f773-48fd-b5c3-626d89d5de64,2026-07-30T00:15:00Z,2026-07-30T02:15:00+0200,3206.11011,MW,FR,FR,forecast_onshore_wind_generation,Wind Onshore,2026-08-23T09:57:02Z
2026-08-23T09:55:52Z,2026-08-23T11:55:52+0200,e9ed0e7a-f773-48fd-b5c3-626d89d5de64,2026-07-30T00:30:00Z,2026-07-30T02:30:00+0200,3234.10986,MW,FR,FR,forecast_onshore_wind_generation,Wind Onshore,2026-08-23T09:57:02Z
2026-08-23T09:55:52Z,2026-08-23T11:55:52+0200,e9ed0e7a-f773-48fd-b5c3-626d89d5de64,2026-07-30T00:45:00Z,2026-07-30T02:45:00+0200,3262.51001,MW,FR,FR,forecast_onshore_wind_generation,Wind Onshore,2026-08-23T09:57:02Z
2026-08-23T09:55:52Z,2026-08-23T11:55:52+0200,e9ed0e7a-f773-48fd-b5c3-626d89d5de64,2026-07-30T01:00:00Z,2026-07-30T03:00:00+0200,3291.02002,MW,FR,FR,forecast_onshore_wind_generation,Wind Onshore,2026-08-23T09:57:02Z
2026-08-23T09:55:52Z,2026-08-23T11:55:52+0200,e9ed0e7a-f773-48fd-b5c3-626d89d5de64,2026-07-30T01:15:00Z,2026-07-30T03:15:00+0200,3316.34009,MW,FR,FR,forecast_onshore_wind_generation,Wind Onshore,2026-08-23T09:57:02Z
2026-08-23T09:55:52Z,2026-08-23T11:55:52+0200,e9ed0e7a-f773-48fd-b5c3-626d89d5de64,2026-07-30T01:30:00Z,2026-07-30T03:30:00+0200,3341.64014,MW,FR,FR,forecast_onshore_wind_generation,Wind Onshore,2026-08-23T09:57:02Z
2026-08-23T09:55:52Z,2026-08-23T11:55:52+0200,e9ed0e7a-f773-48fd-b5c3-626d89d5de64,2026-07-30T01:45:00Z,2026-07-30T03:45:00+0200,3366.83008,MW,FR,FR,forecast_onshore_wind_generation,Wind Onshore,2026-08-23T09:57:02Z
2026-08-23T09:55:52Z,2026-08-23T11:55:52+0200,e9ed0e7a-f773-48fd-b5c3-626d89d5de64,2026-07-30T02:00:00Z,2026-07-30T04:00:00+0200,3392.01001,MW,FR,FR,forecast_onshore_wind_generation,Wind Onshore,2026-08-23T09:57:02Z
2026-08-23T09:55:52Z,2026-08-23T11:55:52+0200,e9ed0e7a-f773-48fd-b5c3-626d89d5de64,2026-07-30T02:15:00Z,2026-07-30T04:15:00+0200,3430.05005,MW,FR,FR,forecast_onshore_wind_generation,Wind Onshore,2026-08-23T09:57:02Z
2026-08-23T09:55:52Z,2026-08-23T11:55:52+0200,e9ed0e7a-f773-48fd-b5c3-626d89d5de64,2026-07-30T02:30:00Z,2026-07-30T04:30:00+0200,3468.08008,MW,FR,FR,forecast_onshore_wind_generation,Wind Onshore,2026-08-23T09:57:02Z
2026-08-23T09:55:52Z,2026-08-23T11:55:52+0200,e9ed0e7a-f773-48fd-b5c3-626d89d5de64,2026-07-30T02:45:00Z,2026-07-30T04:45:00+0200,3506.22021,MW,FR,FR,forecast_onshore_wind_generation,Wind Onshore,2026-08-23T09:57:02Z
2026-08-23T09:55:52Z,2026-08-23T11:55:52+0200,e9ed0e7a-f773-48fd-b5c3-626d89d5de64,2026-07-30T03:00:00Z,2026-07-30T05:00:00+0200,3544.36987,MW,FR,FR,forecast_onshore_wind_generation,Wind Onshore,2026-08-23T09:57:02Z
2026-08-23T09:55:52Z,2026-08-23T11:55:52+0200,e9ed0e7a-f773-48fd-b5c3-626d89d5de64,2026-07-30T03:15:00Z,2026-07-30T05:15:00+0200,3621.19995,MW,FR,FR,forecast_onshore_wind_generation,Wind Onshore,2026-08-23T09:57:02Z
2026-08-23T09:55:52Z,2026-08-23T11:55:52+0200,e9ed0e7a-f773-48fd-b5c3-626d89d5de64,2026-07-30T03:30:00Z,2026-07-30T05:30:00+0200,3698.06006,MW,FR,FR,forecast_onshore_wind_generation,Wind Onshore,2026-08-23T09:57:02Z
2026-08-23T09:55:52Z,2026-08-23T11:55:52+0200,e9ed0e7a-f773-48fd-b5c3-626d89d5de64,2026-07-30T03:45:00Z,2026-07-30T05:45:00+0200,3774.91992,MW,FR,FR,forecast_onshore_wind_generation,Wind Onshore,2026-08-23T09:57:02Z
2026-08-23T09:55:52Z,2026-08-23T11:55:52+0200,e9ed0e7a-f773-48fd-b5c3-626d89d5de64,2026-07-30T04:00:00Z,2026-07-30T06:00:00+0200,3851.75,MW,FR,FR,forecast_onshore_wind_generation,Wind Onshore,2026-08-23T09:57:02Z
2026-08-23T09:55:52Z,2026-08-23T11:55:52+0200,e9ed0e7a-f773-48fd-b5c3-626d89d5de64,2026-07-30T04:15:00Z,2026-07-30T06:15:00+0200,3895.57983,MW,FR,FR,forecast_onshore_wind_generation,Wind Onshore,2026-08-23T09:57:02Z
2026-08-23T09:55:52Z,2026-08-23T11:55:52+0200,e9ed0e7a-f773-48fd-b5c3-626d89d5de64,2026-07-30T04:30:00Z,2026-07-30T06:30:00+0200,3939.38989,MW,FR,FR,forecast_onshore_wind_generation,Wind Onshore,2026-08-23T09:57:02Z
2026-08-23T09:55:52Z,2026-08-23T11:55:52+0200,e9ed0e7a-f773-48fd-b5c3-626d89d5de64,2026-07-30T04:45:00Z,2026-07-30T06:45:00+0200,3983.59009,MW,FR,FR,forecast_onshore_wind_generation,Wind Onshore,2026-08-23T09:57:02Z
2026-08-23T09:55:52Z,2026-08-23T11:55:52+0200,e9ed0e7a-f773-48fd-b5c3-626d89d5de64,2026-07-30T05:00:00Z,2026-07-30T07:00:00+0200,4027.81006,MW,FR,FR,forecast_onshore_wind_generation,Wind Onshore,2026-08-23T09:57:02Z
2026-08-23T09:55:52Z,2026-08-23T11:55:52+0200,e9ed0e7a-f773-48fd-b5c3-626d89d5de64,2026-07-30T05:15:00Z,2026-07-30T07:15:00+0200,3803.40991,MW,FR,FR,forecast_onshore_wind_generation,Wind Onshore,2026-08-23T09:57:02Z
2026-08-23T09:55:52Z,2026-08-23T11:55:52+0200,e9ed0e7a-f773-48fd-b5c3-626d89d5de64,2026-07-30T05:30:00Z,2026-07-30T07:30:00+0200,3579.0498,MW,FR,FR,forecast_onshore_wind_generation,Wind Onshore,2026-08-23T09:57:02Z
2026-08-23T09:55:52Z,2026-08-23T11:55:52+0200,e9ed0e7a-f773-48fd-b5c3-626d89d5de64,2026-07-30T05:45:00Z,2026-07-30T07:45:00+0200,3354.91016,MW,FR,FR,forecast_onshore_wind_generation,Wind Onshore,2026-08-23T09:57:02Z
2026-08-23T09:55:52Z,2026-08-23T11:55:52+0200,e9ed0e7a-f773-48fd-b5c3-626d89d5de64,2026-07-30T06:00:00Z,2026-07-30T08:00:00+0200,3130.80005,MW,FR,FR,forecast_onshore_wind_generation,Wind Onshore,2026-08-23T09:57:02Z
2026-08-23T09:55:52Z,2026-08-23T11:55:52+0200,e9ed0e7a-f773-48fd-b5c3-626d89d5de64,2026-07-30T06:15:00Z,2026-07-30T08:15:00+0200,3008.03003,MW,FR,FR,forecast_onshore_wind_generation,Wind Onshore,2026-08-23T09:57:02Z
2026-08-23T09:55:52Z,2026-08-23T11:55:52+0200,e9ed0e7a-f773-48fd-b5c3-626d89d5de64,2026-07-30T06:30:00Z,2026-07-30T08:30:00+0200,2885.32007,MW,FR,FR,forecast_onshore_wind_generation,Wind Onshore,2026-08-23T09:57:02Z
2026-08-23T09:55:52Z,2026-08-23T11:55:52+0200,e9ed0e7a-f773-48fd-b5c3-626d89d5de64,2026-07-30T06:45:00Z,2026-07-30T08:45:00+0200,2762.60986,MW,FR,FR,forecast_onshore_wind_generation,Wind Onshore,2026-08-23T09:57:02Z
2026-08-23T09:55:52Z,2026-08-23T11:55:52+0200,e9ed0e7a-f773-48fd-b5c3-626d89d5de64,2026-07-30T07:00:00Z,2026-07-30T09:00:00+0200,2639.95996,MW,FR,FR,forecast_onshore_wind_generation,Wind Onshore,2026-08-23T09:57:02Z
2026-08-23T09:55:52Z,2026-08-23T11:55:52+0200,e9ed0e7a-f773-48fd-b5c3-626d89d5de64,2026-07-30T07:15:00Z,2026-07-30T09:15:00+0200,2498.55005,MW,FR,FR,forecast_onshore_wind_generation,Wind Onshore,2026-08-23T09:57:02Z
2026-08-23T09:55:52Z,2026-08-23T11:55:52+0200,e9ed0e7a-f773-48fd-b5c3-626d89d5de64,2026-07-30T07:30:00Z,2026-07-30T09:30:00+0200,2357.18018,MW,FR,FR,forecast_onshore_wind_generation,Wind Onshore,2026-08-23T09:57:02Z
2026-08-23T09:55:52Z,2026-08-23T11:55:52+0200,e9ed0e7a-f773-48fd-b5c3-626d89d5de64,2026-07-30T07:45:00Z,2026-07-30T09:45:00+0200,2215.96997,MW,FR,FR,forecast_onshore_wind_generation,Wind Onshore,2026-08-23T09:57:02Z
2026-08-23T09:55:52Z,2026-08-23T11:55:52+0200,e9ed0e7a-f773-48fd-b5c3-626d89d5de64,2026-07-30T08:00:00Z,2026-07-30T10:00:00+0200,2074.90991,MW,FR,FR,forecast_onshore_wind_generation,Wind Onshore,2026-08-23T09:57:02Z
2026-08-23T09:55:52Z,2026-08-23T11:55:52+0200,e9ed0e7a-f773-48fd-b5c3-626d89d5de64,2026-07-30T08:15:00Z,2026-07-30T10:15:00+0200,1996.64014,MW,FR,FR,forecast_onshore_wind_generation,Wind Onshore,2026-08-23T09:57:02Z
2026-08-23T09:55:52Z,2026-08-23T11:55:52+0200,e9ed0e7a-f773-48fd-b5c3-626d89d5de64,2026-07-30T08:30:00Z,2026-07-30T10:30:00+0200,1918.47998,MW,FR,FR,forecast_onshore_wind_generation,Wind Onshore,2026-08-23T09:57:02Z
2026-08-23T09:55:52Z,2026-08-23T11:55:52+0200,e9ed0e7a-f773-48fd-b5c3-626d89d5de64,2026-07-30T08:45:00Z,2026-07-30T10:45:00+0200,1840.40991,MW,FR,FR,forecast_onshore_wind_generation,Wind Onshore,2026-08-23T09:57:02Z
2026-08-23T09:55:52Z,2026-08-23T11:55:52+0200,e9ed0e7a-f773-48fd-b5c3-626d89d5de64,2026-07-30T09:00:00Z,2026-07-30T11:00:00+0200,1762.37,MW,FR,FR,forecast_onshore_wind_generation,Wind Onshore,2026-08-23T09:57:02Z
2026-08-23T09:55:52Z,2026-08-23T11:55:52+0200,e9ed0e7a-f773-48fd-b5c3-626d89d5de64,2026-07-30T09:15:00Z,2026-07-30T11:15:00+0200,1767.71997,MW,FR,FR,forecast_onshore_wind_generation,Wind Onshore,2026-08-23T09:57:02Z
2026-08-23T09:55:52Z,2026-08-23T11:55:52+0200,e9ed0e7a-f773-48fd-b5c3-626d89d5de64,2026-07-30T09:30:00Z,2026-07-30T11:30:00+0200,1773.08997,MW,FR,FR,forecast_onshore_wind_generation,Wind Onshore,2026-08-23T09:57:02Z
2026-08-23T09:55:52Z,2026-08-23T11:55:52+0200,e9ed0e7a-f773-48fd-b5c3-626d89d5de64,2026-07-30T09:45:00Z,2026-07-30T11:45:00+0200,1778.46997,MW,FR,FR,forecast_onshore_wind_generation,Wind Onshore,2026-08-23T09:57:02Z
2026-08-23T09:55:52Z,2026-08-23T11:55:52+0200,e9ed0e7a-f773-48fd-b5c3-626d89d5de64,2026-07-30T10:00:00Z,2026-07-30T12:00:00+0200,1783.94006,MW,FR,FR,forecast_onshore_wind_generation,Wind Onshore,2026-08-23T09:57:02Z
2026-08-23T09:55:52Z,2026-08-23T11:55:52+0200,e9ed0e7a-f773-48fd-b5c3-626d89d5de64,2026-07-30T10:15:00Z,2026-07-30T12:15:00+0200,1785.46997,MW,FR,FR,forecast_onshore_wind_generation,Wind Onshore,2026-08-23T09:57:02Z
2026-08-23T09:55:52Z,2026-08-23T11:55:52+0200,e9ed0e7a-f773-48fd-b5c3-626d89d5de64,2026-07-30T10:30:00Z,2026-07-30T12:30:00+0200,1787.09998,MW,FR,FR,forecast_onshore_wind_generation,Wind Onshore,2026-08-23T09:57:02Z
2026-08-23T09:55:52Z,2026-08-23T11:55:52+0200,e9ed0e7a-f773-48fd-b5c3-626d89d5de64,2026-07-30T10:45:00Z,2026-07-30T12:45:00+0200,1788.76001,MW,FR,FR,forecast_onshore_wind_generation,Wind Onshore,2026-08-23T09:57:02Z
2026-08-23T09:55:52Z,2026-08-23T11:55:52+0200,e9ed0e7a-f773-48fd-b5c3-626d89d5de64,2026-07-30T11:00:00Z,2026-07-30T13:00:00+0200,1790.45996,MW,FR,FR,forecast_onshore_wind_generation,Wind Onshore,2026-08-23T09:57:02Z
2026-08-23T09:55:52Z,2026-08-23T11:55:52+0200,e9ed0e7a-f773-48fd-b5c3-626d89d5de64,2026-07-30T11:15:00Z,2026-07-30T13:15:00+0200,1738.33008,MW,FR,FR,forecast_onshore_wind_generation,Wind Onshore,2026-08-23T09:57:02Z
2026-08-23T09:55:52Z,2026-08-23T11:55:52+0200,e9ed0e7a-f773-48fd-b5c3-626d89d5de64,2026-07-30T11:30:00Z,2026-07-30T13:30:00+0200,1686.22998,MW,FR,FR,forecast_onshore_wind_generation,Wind Onshore,2026-08-23T09:57:02Z
2026-08-23T09:55:52Z,2026-08-23T11:55:52+0200,e9ed0e7a-f773-48fd-b5c3-626d89d5de64,2026-07-30T11:45:00Z,2026-07-30T13:45:00+0200,1634.22998,MW,FR,FR,forecast_onshore_wind_generation,Wind Onshore,2026-08-23T09:57:02Z
2026-08-23T09:55:52Z,2026-08-23T11:55:52+0200,e9ed0e7a-f773-48fd-b5c3-626d89d5de64,2026-07-30T12:00:00Z,2026-07-30T14:00:00+0200,1582.52002,MW,FR,FR,forecast_onshore_wind_generation,Wind Onshore,2026-08-23T09:57:02Z
2026-08-23T09:55:52Z,2026-08-23T11:55:52+0200,e9ed0e7a-f773-48fd-b5c3-626d89d5de64,2026-07-30T12:15:00Z,2026-07-30T14:15:00+0200,1585.57996,MW,FR,FR,forecast_onshore_wind_generation,Wind Onshore,2026-08-23T09:57:02Z
2026-08-23T09:55:52Z,2026-08-23T11:55:52+0200,e9ed0e7a-f773-48fd-b5c3-626d89d5de64,2026-07-30T12:30:00Z,2026-07-30T14:30:00+0200,1588.77002,MW,FR,FR,forecast_onshore_wind_generation,Wind Onshore,2026-08-23T09:57:02Z
2026-08-23T09:55:52Z,2026-08-23T11:55:52+0200,e9ed0e7a-f773-48fd-b5c3-626d89d5de64,2026-07-30T12:45:00Z,2026-07-30T14:45:00+0200,1592.03003,MW,FR,FR,forecast_onshore_wind_generation,Wind Onshore,2026-08-23T09:57:02Z
2026-08-23T09:55:52Z,2026-08-23T11:55:52+0200,e9ed0e7a-f773-48fd-b5c3-626d89d5de64,2026-07-30T13:00:00Z,2026-07-30T15:00:00+0200,1595.31006,MW,FR,FR,forecast_onshore_wind_generation,Wind Onshore,2026-08-23T09:57:02Z
2026-08-23T09:55:52Z,2026-08-23T11:55:52+0200,e9ed0e7a-f773-48fd-b5c3-626d89d5de64,2026-07-30T13:15:00Z,2026-07-30T15:15:00+0200,1536.80005,MW,FR,FR,forecast_onshore_wind_generation,Wind Onshore,2026-08-23T09:57:02Z
2026-08-23T09:55:52Z,2026-08-23T11:55:52+0200,e9ed0e7a-f773-48fd-b5c3-626d89d5de64,2026-07-30T13:30:00Z,2026-07-30T15:30:00+0200,1478.35999,MW,FR,FR,forecast_onshore_wind_generation,Wind Onshore,2026-08-23T09:57:02Z
2026-08-23T09:55:52Z,2026-08-23T11:55:52+0200,e9ed0e7a-f773-48fd-b5c3-626d89d5de64,2026-07-30T13:45:00Z,2026-07-30T15:45:00+0200,1419.92004,MW,FR,FR,forecast_onshore_wind_generation,Wind Onshore,2026-08-23T09:57:02Z
2026-08-23T09:55:52Z,2026-08-23T11:55:52+0200,e9ed0e7a-f773-48fd-b5c3-626d89d5de64,2026-07-30T14:00:00Z,2026-07-30T16:00:00+0200,1361.58008,MW,FR,FR,forecast_onshore_wind_generation,Wind Onshore,2026-08-23T09:57:02Z
2026-08-23T09:55:52Z,2026-08-23T11:55:52+0200,e9ed0e7a-f773-48fd-b5c3-626d89d5de64,2026-07-30T14:15:00Z,2026-07-30T16:15:00+0200,1369.11011,MW,FR,FR,forecast_onshore_wind_generation,Wind Onshore,2026-08-23T09:57:02Z
2026-08-23T09:55:52Z,2026-08-23T11:55:52+0200,e9ed0e7a-f773-48fd-b5c3-626d89d5de64,2026-07-30T14:30:00Z,2026-07-30T16:30:00+0200,1376.65991,MW,FR,FR,forecast_onshore_wind_generation,Wind Onshore,2026-08-23T09:57:02Z
2026-08-23T09:55:52Z,2026-08-23T11:55:52+0200,e9ed0e7a-f773-48fd-b5c3-626d89d5de64,2026-07-30T14:45:00Z,2026-07-30T16:45:00+0200,1384.1001,MW,FR,FR,forecast_onshore_wind_generation,Wind Onshore,2026-08-23T09:57:02Z
2026-08-23T09:55:52Z,2026-08-23T11:55:52+0200,e9ed0e7a-f773-48fd-b5c3-626d89d5de64,2026-07-30T15:00:00Z,2026-07-30T17:00:00+0200,1392.16992,MW,FR,FR,forecast_onshore_wind_generation,Wind Onshore,2026-08-23T09:57:02Z
2026-08-23T09:55:52Z,2026-08-23T11:55:52+0200,e9ed0e7a-f773-48fd-b5c3-626d89d5de64,2026-07-30T15:15:00Z,2026-07-30T17:15:00+0200,1393.58008,MW,FR,FR,forecast_onshore_wind_generation,Wind Onshore,2026-08-23T09:57:02Z
2026-08-23T09:55:52Z,2026-08-23T11:55:52+0200,e9ed0e7a-f773-48fd-b5c3-626d89d5de64,2026-07-30T15:30:00Z,2026-07-30T17:30:00+0200,1395.02002,MW,FR,FR,forecast_onshore_wind_generation,Wind Onshore,2026-08-23T09:57:02Z
2026-08-23T09:55:52Z,2026-08-23T11:55:52+0200,e9ed0e7a-f773-48fd-b5c3-626d89d5de64,2026-07-30T15:45:00Z,2026-07-30T17:45:00+0200,1396.33008,MW,FR,FR,forecast_onshore_wind_generation,Wind Onshore,2026-08-23T09:57:02Z
2026-08-23T09:55:52Z,2026-08-23T11:55:52+0200,e9ed0e7a-f773-48fd-b5c3-626d89d5de64,2026-07-30T16:00:00Z,2026-07-30T18:00:00+0200,1397.67993,MW,FR,FR,forecast_onshore_wind_generation,Wind Onshore,2026-08-23T09:57:02Z
2026-08-23T09:55:52Z,2026-08-23T11:55:52+0200,e9ed0e7a-f773-48fd-b5c3-626d89d5de64,2026-07-30T16:15:00Z,2026-07-30T18:15:00+0200,1406.96997,MW,FR,FR,forecast_onshore_wind_generation,Wind Onshore,2026-08-23T09:57:02Z
2026-08-23T09:55:52Z,2026-08-23T11:55:52+0200,e9ed0e7a-f773-48fd-b5c3-626d89d5de64,2026-07-30T16:30:00Z,2026-07-30T18:30:00+0200,1416.34009,MW,FR,FR,forecast_onshore_wind_generation,Wind Onshore,2026-08-23T09:57:02Z
2026-08-23T09:55:52Z,2026-08-23T11:55:52+0200,e9ed0e7a-f773-48fd-b5c3-626d89d5de64,2026-07-30T16:45:00Z,2026-07-30T18:45:00+0200,1425.59009,MW,FR,FR,forecast_onshore_wind_generation,Wind Onshore,2026-08-23T09:57:02Z
2026-08-23T09:55:52Z,2026-08-23T11:55:52+0200,e9ed0e7a-f773-48fd-b5c3-626d89d5de64,2026-07-30T17:00:00Z,2026-07-30T19:00:00+0200,1434.82996,MW,FR,FR,forecast_onshore_wind_generation,Wind Onshore,2026-08-23T09:57:02Z
2026-08-23T09:55:52Z,2026-08-23T11:55:52+0200,e9ed0e7a-f773-48fd-b5c3-626d89d5de64,2026-07-30T17:15:00Z,2026-07-30T19:15:00+0200,1449.55005,MW,FR,FR,forecast_onshore_wind_generation,Wind Onshore,2026-08-23T09:57:02Z
2026-08-23T09:55:52Z,2026-08-23T11:55:52+0200,e9ed0e7a-f773-48fd-b5c3-626d89d5de64,2026-07-30T17:30:00Z,2026-07-30T19:30:00+0200,1464.27991,MW,FR,FR,forecast_onshore_wind_generation,Wind Onshore,2026-08-23T09:57:02Z
2026-08-23T09:55:52Z,2026-08-23T11:55:52+0200,e9ed0e7a-f773-48fd-b5c3-626d89d5de64,2026-07-30T17:45:00Z,2026-07-30T19:45:00+0200,1478.94006,MW,FR,FR,forecast_onshore_wind_generation,Wind Onshore,2026-08-23T09:57:02Z
2026-08-23T09:55:52Z,2026-08-23T11:55:52+0200,e9ed0e7a-f773-48fd-b5c3-626d89d5de64,2026-07-30T18:00:00Z,2026-07-30T20:00:00+0200,1493.71997,MW,FR,FR,forecast_onshore_wind_generation,Wind Onshore,2026-08-23T09:57:02Z
2026-08-23T09:55:52Z,2026-08-23T11:55:52+0200,e9ed0e7a-f773-48fd-b5c3-626d89d5de64,2026-07-30T18:15:00Z,2026-07-30T20:15:00+0200,1539.0,MW,FR,FR,forecast_onshore_wind_generation,Wind Onshore,2026-08-23T09:57:02Z
2026-08-23T09:55:52Z,2026-08-23T11:55:52+0200,e9ed0e7a-f773-48fd-b5c3-626d89d5de64,2026-07-30T18:30:00Z,2026-07-30T20:30:00+0200,1584.51013,MW,FR,FR,forecast_onshore_wind_generation,Wind Onshore,2026-08-23T09:57:02Z
2026-08-23T09:55:52Z,2026-08-23T11:55:52+0200,e9ed0e7a-f773-48fd-b5c3-626d89d5de64,2026-07-30T18:45:00Z,2026-07-30T20:45:00+0200,1630.05994,MW,FR,FR,forecast_onshore_wind_generation,Wind Onshore,2026-08-23T09:57:02Z
2026-08-23T09:55:52Z,2026-08-23T11:55:52+0200,e9ed0e7a-f773-48fd-b5c3-626d89d5de64,2026-07-30T19:00:00Z,2026-07-30T21:00:00+0200,1675.75012,MW,FR,FR,forecast_onshore_wind_generation,Wind Onshore,2026-08-23T09:57:02Z
2026-08-23T09:55:52Z,2026-08-23T11:55:52+0200,e9ed0e7a-f773-48fd-b5c3-626d89d5de64,2026-07-30T19:15:00Z,2026-07-30T21:15:00+0200,1750.93005,MW,FR,FR,forecast_onshore_wind_generation,Wind Onshore,2026-08-23T09:57:02Z
2026-08-23T09:55:52Z,2026-08-23T11:55:52+0200,e9ed0e7a-f773-48fd-b5c3-626d89d5de64,2026-07-30T19:30:00Z,2026-07-30T21:30:00+0200,1826.25,MW,FR,FR,forecast_onshore_wind_generation,Wind Onshore,2026-08-23T09:57:02Z
2026-08-23T09:55:52Z,2026-08-23T11:55:52+0200,e9ed0e7a-f773-48fd-b5c3-626d89d5de64,2026-07-30T19:45:00Z,2026-07-30T21:45:00+0200,1901.71997,MW,FR,FR,forecast_onshore_wind_generation,Wind Onshore,2026-08-23T09:57:02Z
2026-08-23T09:55:52Z,2026-08-23T11:55:52+0200,e9ed0e7a-f773-48fd-b5c3-626d89d5de64,2026-07-30T20:00:00Z,2026-07-30T22:00:00+0200,1977.30005,MW,FR,FR,forecast_onshore_wind_generation,Wind Onshore,2026-08-23T09:57:02Z
2026-08-23T09:55:52Z,2026-08-23T11:55:52+0200,e9ed0e7a-f773-48fd-b5c3-626d89d5de64,2026-07-30T20:15:00Z,2026-07-30T22:15:00+0200,2048.56982,MW,FR,FR,forecast_onshore_wind_generation,Wind Onshore,2026-08-23T09:57:02Z
2026-08-23T09:55:52Z,2026-08-23T11:55:52+0200,e9ed0e7a-f773-48fd-b5c3-626d89d5de64,2026-07-30T20:30:00Z,2026-07-30T22:30:00+0200,2119.8999,MW,FR,FR,forecast_onshore_wind_generation,Wind Onshore,2026-08-23T09:57:02Z
2026-08-23T09:55:52Z,2026-08-23T11:55:52+0200,e9ed0e7a-f773-48fd-b5c3-626d89d5de64,2026-07-30T20:45:00Z,2026-07-30T22:45:00+0200,2191.36011,MW,FR,FR,forecast_onshore_wind_generation,Wind Onshore,2026-08-23T09:57:02Z
2026-08-23T09:55:52Z,2026-08-23T11:55:52+0200,e9ed0e7a-f773-48fd-b5c3-626d89d5de64,2026-07-30T21:00:00Z,2026-07-30T23:00:00+0200,2262.7998,MW,FR,FR,forecast_onshore_wind_generation,Wind Onshore,2026-08-23T09:57:02Z
2026-08-23T09:55:52Z,2026-08-23T11:55:52+0200,e9ed0e7a-f773-48fd-b5c3-626d89d5de64,2026-07-30T21:15:00Z,2026-07-30T23:15:00+0200,2306.73999,MW,FR,FR,forecast_onshore_wind_generation,Wind Onshore,2026-08-23T09:57:02Z
2026-08-23T09:55:52Z,2026-08-23T11:55:52+0200,e9ed0e7a-f773-48fd-b5c3-626d89d5de64,2026-07-30T21:30:00Z,2026-07-30T23:30:00+0200,2350.68994,MW,FR,FR,forecast_onshore_wind_generation,Wind Onshore,2026-08-23T09:57:02Z
2026-08-23T09:55:52Z,2026-08-23T11:55:52+0200,e9ed0e7a-f773-48fd-b5c3-626d89d5de64,2026-07-30T21:45:00Z,2026-07-30T23:45:00+0200,2394.75,MW,FR,FR,forecast_onshore_wind_generation,Wind Onshore,2026-08-23T09:57:02Z
2026-08-23T09:55:52Z,2026-08-23T11:55:52+0200,e9ed0e7a-f773-48fd-b5c3-626d89d5de64,2026-07-30T22:00:00Z,2026-07-31T00:00:00+0200,1901.17993,MW,FR,FR,forecast_onshore_wind_generation,Wind Onshore,2026-08-23T09:57:02Z
2026-08-23T09:55:52Z,2026-08-23T11:55:52+0200,e9ed0e7a-f773-48fd-b5c3-626d89d5de64,2026-07-30T22:15:00Z,2026-07-31T00:15:00+0200,1878.73999,MW,FR,FR,forecast_onshore_wind_generation,Wind Onshore,2026-08-23T09:57:02Z
2026-08-23T09:55:52Z,2026-08-23T11:55:52+0200,e9ed0e7a-f773-48fd-b5c3-626d89d5de64,2026-07-30T22:30:00Z,2026-07-31T00:30:00+0200,1856.52002,MW,FR,FR,forecast_onshore_wind_generation,Wind Onshore,2026-08-23T09:57:02Z
2026-08-23T09:55:52Z,2026-08-23T11:55:52+0200,e9ed0e7a-f773-48fd-b5c3-626d89d5de64,2026-07-30T22:45:00Z,2026-07-31T00:45:00+0200,1834.94006,MW,FR,FR,forecast_onshore_wind_generation,Wind Onshore,2026-08-23T09:57:02Z
2026-08-23T09:55:52Z,2026-08-23T11:55:52+0200,e9ed0e7a-f773-48fd-b5c3-626d89d5de64,2026-07-30T23:00:00Z,2026-07-31T01:00:00+0200,1813.48999,MW,FR,FR,forecast_onshore_wind_generation,Wind Onshore,2026-08-23T09:57:02Z
2026-08-23T09:55:52Z,2026-08-23T11:55:52+0200,e9ed0e7a-f773-48fd-b5c3-626d89d5de64,2026-07-30T23:15:00Z,2026-07-31T01:15:00+0200,1795.41992,MW,FR,FR,forecast_onshore_wind_generation,Wind Onshore,2026-08-23T09:57:02Z
2026-08-23T09:55:52Z,2026-08-23T11:55:52+0200,e9ed0e7a-f773-48fd-b5c3-626d89d5de64,2026-07-30T23:30:00Z,2026-07-31T01:30:00+0200,1777.44995,MW,FR,FR,forecast_onshore_wind_generation,Wind Onshore,2026-08-23T09:57:02Z
2026-08-23T09:55:52Z,2026-08-23T11:55:52+0200,e9ed0e7a-f773-48fd-b5c3-626d89d5de64,2026-07-30T23:45:00Z,2026-07-31T01:45:00+0200,1759.93994,MW,FR,FR,forecast_onshore_wind_generation,Wind Onshore,2026-08-23T09:57:02Z
2026-08-23T09:55:52Z,2026-08-23T11:55:52+0200,e9ed0e7a-f773-48fd-b5c3-626d89d5de64,2026-07-31T00:00:00Z,2026-07-31T02:00:00+0200,1742.56995,MW,FR,FR,forecast_onshore_wind_generation,Wind Onshore,2026-08-23T09:57:02Z
2026-08-23T09:55:52Z,2026-08-23T11:55:52+0200,e9ed0e7a-f773-48fd-b5c3-626d89d5de64,2026-07-31T00:15:00Z,2026-07-31T02:15:00+0200,1733.29993,MW,FR,FR,forecast_onshore_wind_generation,Wind Onshore,2026-08-23T09:57:02Z
2026-08-23T09:55:52Z,2026-08-23T11:55:52+0200,e9ed0e7a-f773-48fd-b5c3-626d89d5de64,2026-07-31T00:30:00Z,2026-07-31T02:30:00+0200,1724.29004,MW,FR,FR,forecast_onshore_wind_generation,Wind Onshore,2026-08-23T09:57:02Z
2026-08-23T09:55:52Z,2026-08-23T11:55:52+0200,e9ed0e7a-f773-48fd-b5c3-626d89d5de64,2026-07-31T00:45:00Z,2026-07-31T02:45:00+0200,1715.67993,MW,FR,FR,forecast_onshore_wind_generation,Wind Onshore,2026-08-23T09:57:02Z
2026-08-23T09:55:52Z,2026-08-23T11:55:52+0200,e9ed0e7a-f773-48fd-b5c3-626d89d5de64,2026-07-31T01:00:00Z,2026-07-31T03:00:00+0200,1707.12,MW,FR,FR,forecast_onshore_wind_generation,Wind Onshore,2026-08-23T09:57:02Z
2026-08-23T09:55:52Z,2026-08-23T11:55:52+0200,e9ed0e7a-f773-48fd-b5c3-626d89d5de64,2026-07-31T01:15:00Z,2026-07-31T03:15:00+0200,1686.15991,MW,FR,FR,forecast_onshore_wind_generation,Wind Onshore,2026-08-23T09:57:02Z
2026-08-23T09:55:52Z,2026-08-23T11:55:52+0200,e9ed0e7a-f773-48fd-b5c3-626d89d5de64,2026-07-31T01:30:00Z,2026-07-31T03:30:00+0200,1665.31995,MW,FR,FR,forecast_onshore_wind_generation,Wind Onshore,2026-08-23T09:57:02Z
2026-08-23T09:55:52Z,2026-08-23T11:55:52+0200,e9ed0e7a-f773-48fd-b5c3-626d89d5de64,2026-07-31T01:45:00Z,2026-07-31T03:45:00+0200,1644.43005,MW,FR,FR,forecast_onshore_wind_generation,Wind Onshore,2026-08-23T09:57:02Z
2026-08-23T09:55:52Z,2026-08-23T11:55:52+0200,e9ed0e7a-f773-48fd-b5c3-626d89d5de64,2026-07-31T02:00:00Z,2026-07-31T04:00:00+0200,1623.59998,MW,FR,FR,forecast_onshore_wind_generation,Wind Onshore,2026-08-23T09:57:02Z
2026-08-23T09:55:52Z,2026-08-23T11:55:52+0200,e9ed0e7a-f773-48fd-b5c3-626d89d5de64,2026-07-31T02:15:00Z,2026-07-31T04:15:00+0200,1621.27991,MW,FR,FR,forecast_onshore_wind_generation,Wind Onshore,2026-08-23T09:57:02Z
2026-08-23T09:55:52Z,2026-08-23T11:55:52+0200,e9ed0e7a-f773-48fd-b5c3-626d89d5de64,2026-07-31T02:30:00Z,2026-07-31T04:30:00+0200,1618.94006,MW,FR,FR,forecast_onshore_wind_generation,Wind Onshore,2026-08-23T09:57:02Z
2026-08-23T09:55:52Z,2026-08-23T11:55:52+0200,e9ed0e7a-f773-48fd-b5c3-626d89d5de64,2026-07-31T02:45:00Z,2026-07-31T04:45:00+0200,1616.47998,MW,FR,FR,forecast_onshore_wind_generation,Wind Onshore,2026-08-23T09:57:02Z
2026-08-23T09:55:52Z,2026-08-23T11:55:52+0200,e9ed0e7a-f773-48fd-b5c3-626d89d5de64,2026-07-31T03:00:00Z,2026-07-31T05:00:00+0200,1614.01001,MW,FR,FR,forecast_onshore_wind_generation,Wind Onshore,2026-08-23T09:57:02Z
2026-08-23T09:55:52Z,2026-08-23T11:55:52+0200,e9ed0e7a-f773-48fd-b5c3-626d89d5de64,2026-07-31T03:15:00Z,2026-07-31T05:15:00+0200,1603.41992,MW,FR,FR,forecast_onshore_wind_generation,Wind Onshore,2026-08-23T09:57:02Z
2026-08-23T09:55:52Z,2026-08-23T11:55:52+0200,e9ed0e7a-f773-48fd-b5c3-626d89d5de64,2026-07-31T03:30:00Z,2026-07-31T05:30:00+0200,1592.88013,MW,FR,FR,forecast_onshore_wind_generation,Wind Onshore,2026-08-23T09:57:02Z
2026-08-23T09:55:52Z,2026-08-23T11:55:52+0200,e9ed0e7a-f773-48fd-b5c3-626d89d5de64,2026-07-31T03:45:00Z,2026-07-31T05:45:00+0200,1582.67004,MW,FR,FR,forecast_onshore_wind_generation,Wind Onshore,2026-08-23T09:57:02Z
2026-08-23T09:55:52Z,2026-08-23T11:55:52+0200,e9ed0e7a-f773-48fd-b5c3-626d89d5de64,2026-07-31T04:00:00Z,2026-07-31T06:00:00+0200,1572.44995,MW,FR,FR,forecast_onshore_wind_generation,Wind Onshore,2026-08-23T09:57:02Z
2026-08-23T09:55:52Z,2026-08-23T11:55:52+0200,e9ed0e7a-f773-48fd-b5c3-626d89d5de64,2026-07-31T04:15:00Z,2026-07-31T06:15:00+0200,1536.87,MW,FR,FR,forecast_onshore_wind_generation,Wind Onshore,2026-08-23T09:57:02Z
2026-08-23T09:55:52Z,2026-08-23T11:55:52+0200,e9ed0e7a-f773-48fd-b5c3-626d89d5de64,2026-07-31T04:30:00Z,2026-07-31T06:30:00+0200,1501.27002,MW,FR,FR,forecast_onshore_wind_generation,Wind Onshore,2026-08-23T09:57:02Z
2026-08-23T09:55:52Z,2026-08-23T11:55:52+0200,e9ed0e7a-f773-48fd-b5c3-626d89d5de64,2026-07-31T04:45:00Z,2026-07-31T06:45:00+0200,1466.0,MW,FR,FR,forecast_onshore_wind_generation,Wind Onshore,2026-08-23T09:57:02Z
2026-08-23T09:55:52Z,2026-08-23T11:55:52+0200,e9ed0e7a-f773-48fd-b5c3-626d89d5de64,2026-07-31T05:00:00Z,2026-07-31T07:00:00+0200,1430.80994,MW,FR,FR,forecast_onshore_wind_generation,Wind Onshore,2026-08-23T09:57:02Z
2026-08-23T09:55:52Z,2026-08-23T11:55:52+0200,e9ed0e7a-f773-48fd-b5c3-626d89d5de64,2026-07-31T05:15:00Z,2026-07-31T07:15:00+0200,1362.16003,MW,FR,FR,forecast_onshore_wind_generation,Wind Onshore,2026-08-23T09:57:02Z
2026-08-23T09:55:52Z,2026-08-23T11:55:52+0200,e9ed0e7a-f773-48fd-b5c3-626d89d5de64,2026-07-31T05:30:00Z,2026-07-31T07:30:00+0200,1293.54004,MW,FR,FR,forecast_onshore_wind_generation,Wind Onshore,2026-08-23T09:57:02Z
2026-08-23T09:55:52Z,2026-08-23T11:55:52+0200,e9ed0e7a-f773-48fd-b5c3-626d89d5de64,2026-07-31T05:45:00Z,2026-07-31T07:45:00+0200,1225.08008,MW,FR,FR,forecast_onshore_wind_generation,Wind Onshore,2026-08-23T09:57:02Z
2026-08-23T09:55:52Z,2026-08-23T11:55:52+0200,e9ed0e7a-f773-48fd-b5c3-626d89d5de64,2026-07-31T06:00:00Z,2026-07-31T08:00:00+0200,1156.71997,MW,FR,FR,forecast_onshore_wind_generation,Wind Onshore,2026-08-23T09:57:02Z
2026-08-23T09:55:52Z,2026-08-23T11:55:52+0200,e9ed0e7a-f773-48fd-b5c3-626d89d5de64,2026-07-31T06:15:00Z,2026-07-31T08:15:00+0200,1049.29993,MW,FR,FR,forecast_onshore_wind_generation,Wind Onshore,2026-08-23T09:57:02Z
2026-08-23T09:55:52Z,2026-08-23T11:55:52+0200,e9ed0e7a-f773-48fd-b5c3-626d89d5de64,2026-07-31T06:30:00Z,2026-07-31T08:30:00+0200,942.08997,MW,FR,FR,forecast_onshore_wind_generation,Wind Onshore,2026-08-23T09:57:02Z
2026-08-23T09:55:52Z,2026-08-23T11:55:52+0200,e9ed0e7a-f773-48fd-b5c3-626d89d5de64,2026-07-31T06:45:00Z,2026-07-31T08:45:00+0200,835.18994,MW,FR,FR,forecast_onshore_wind_generation,Wind Onshore,2026-08-23T09:57:02Z
2026-08-23T09:55:52Z,2026-08-23T11:55:52+0200,e9ed0e7a-f773-48fd-b5c3-626d89d5de64,2026-07-31T07:00:00Z,2026-07-31T09:00:00+0200,729.04999,MW,FR,FR,forecast_onshore_wind_generation,Wind Onshore,2026-08-23T09:57:02Z
2026-08-23T09:55:52Z,2026-08-23T11:55:52+0200,e9ed0e7a-f773-48fd-b5c3-626d89d5de64,2026-07-31T07:15:00Z,2026-07-31T09:15:00+0200,723.37,MW,FR,FR,forecast_onshore_wind_generation,Wind Onshore,2026-08-23T09:57:02Z
2026-08-23T09:55:52Z,2026-08-23T11:55:52+0200,e9ed0e7a-f773-48fd-b5c3-626d89d5de64,2026-07-31T07:30:00Z,2026-07-31T09:30:00+0200,718.47998,MW,FR,FR,forecast_onshore_wind_generation,Wind Onshore,2026-08-23T09:57:02Z
2026-08-23T09:55:52Z,2026-08-23T11:55:52+0200,e9ed0e7a-f773-48fd-b5c3-626d89d5de64,2026-07-31T07:45:00Z,2026-07-31T09:45:00+0200,713.73999,MW,FR,FR,forecast_onshore_wind_generation,Wind Onshore,2026-08-23T09:57:02Z
2026-08-23T09:55:52Z,2026-08-23T11:55:52+0200,e9ed0e7a-f773-48fd-b5c3-626d89d5de64,2026-07-31T08:00:00Z,2026-07-31T10:00:00+0200,709.02002,MW,FR,FR,forecast_onshore_wind_generation,Wind Onshore,2026-08-23T09:57:02Z
2026-08-23T09:55:52Z,2026-08-23T11:55:52+0200,e9ed0e7a-f773-48fd-b5c3-626d89d5de64,2026-07-31T08:15:00Z,2026-07-31T10:15:00+0200,724.38,MW,FR,FR,forecast_onshore_wind_generation,Wind Onshore,2026-08-23T09:57:02Z
2026-08-23T09:55:52Z,2026-08-23T11:55:52+0200,e9ed0e7a-f773-48fd-b5c3-626d89d5de64,2026-07-31T08:30:00Z,2026-07-31T10:30:00+0200,739.91998,MW,FR,FR,forecast_onshore_wind_generation,Wind Onshore,2026-08-23T09:57:02Z
2026-08-23T09:55:52Z,2026-08-23T11:55:52+0200,e9ed0e7a-f773-48fd-b5c3-626d89d5de64,2026-07-31T08:45:00Z,2026-07-31T10:45:00+0200,755.65997,MW,FR,FR,forecast_onshore_wind_generation,Wind Onshore,2026-08-23T09:57:02Z
2026-08-23T09:55:52Z,2026-08-23T11:55:52+0200,e9ed0e7a-f773-48fd-b5c3-626d89d5de64,2026-07-31T09:00:00Z,2026-07-31T11:00:00+0200,771.94,MW,FR,FR,forecast_onshore_wind_generation,Wind Onshore,2026-08-23T09:57:02Z
2026-08-23T09:55:52Z,2026-08-23T11:55:52+0200,e9ed0e7a-f773-48fd-b5c3-626d89d5de64,2026-07-31T09:15:00Z,2026-07-31T11:15:00+0200,774.69006,MW,FR,FR,forecast_onshore_wind_generation,Wind Onshore,2026-08-23T09:57:02Z
2026-08-23T09:55:52Z,2026-08-23T11:55:52+0200,e9ed0e7a-f773-48fd-b5c3-626d89d5de64,2026-07-31T09:30:00Z,2026-07-31T11:30:00+0200,777.84998,MW,FR,FR,forecast_onshore_wind_generation,Wind Onshore,2026-08-23T09:57:02Z
2026-08-23T09:55:52Z,2026-08-23T11:55:52+0200,e9ed0e7a-f773-48fd-b5c3-626d89d5de64,2026-07-31T09:45:00Z,2026-07-31T11:45:00+0200,781.17004,MW,FR,FR,forecast_onshore_wind_generation,Wind Onshore,2026-08-23T09:57:02Z
2026-08-23T09:55:52Z,2026-08-23T11:55:52+0200,e9ed0e7a-f773-48fd-b5c3-626d89d5de64,2026-07-31T10:00:00Z,2026-07-31T12:00:00+0200,784.95996,MW,FR,FR,forecast_onshore_wind_generation,Wind Onshore,2026-08-23T09:57:02Z
2026-08-23T09:55:52Z,2026-08-23T11:55:52+0200,e9ed0e7a-f773-48fd-b5c3-626d89d5de64,2026-07-31T10:15:00Z,2026-07-31T12:15:00+0200,812.95007,MW,FR,FR,forecast_onshore_wind_generation,Wind Onshore,2026-08-23T09:57:02Z
2026-08-23T09:55:52Z,2026-08-23T11:55:52+0200,e9ed0e7a-f773-48fd-b5c3-626d89d5de64,2026-07-31T10:30:00Z,2026-07-31T12:30:00+0200,841.44995,MW,FR,FR,forecast_onshore_wind_generation,Wind Onshore,2026-08-23T09:57:02Z
2026-08-23T09:55:52Z,2026-08-23T11:55:52+0200,e9ed0e7a-f773-48fd-b5c3-626d89d5de64,2026-07-31T10:45:00Z,2026-07-31T12:45:00+0200,870.21002,MW,FR,FR,forecast_onshore_wind_generation,Wind Onshore,2026-08-23T09:57:02Z
2026-08-23T09:55:52Z,2026-08-23T11:55:52+0200,e9ed0e7a-f773-48fd-b5c3-626d89d5de64,2026-07-31T11:00:00Z,2026-07-31T13:00:00+0200,899.46997,MW,FR,FR,forecast_onshore_wind_generation,Wind Onshore,2026-08-23T09:57:02Z
2026-08-23T09:55:52Z,2026-08-23T11:55:52+0200,e9ed0e7a-f773-48fd-b5c3-626d89d5de64,2026-07-31T11:15:00Z,2026-07-31T13:15:00+0200,922.26001,MW,FR,FR,forecast_onshore_wind_generation,Wind Onshore,2026-08-23T09:57:02Z
2026-08-23T09:55:52Z,2026-08-23T11:55:52+0200,e9ed0e7a-f773-48fd-b5c3-626d89d5de64,2026-07-31T11:30:00Z,2026-07-31T13:30:00+0200,945.16998,MW,FR,FR,forecast_onshore_wind_generation,Wind Onshore,2026-08-23T09:57:02Z
2026-08-23T09:55:52Z,2026-08-23T11:55:52+0200,e9ed0e7a-f773-48fd-b5c3-626d89d5de64,2026-07-31T11:45:00Z,2026-07-31T13:45:00+0200,968.13,MW,FR,FR,forecast_onshore_wind_generation,Wind Onshore,2026-08-23T09:57:02Z
2026-08-23T09:55:52Z,2026-08-23T11:55:52+0200,e9ed0e7a-f773-48fd-b5c3-626d89d5de64,2026-07-31T12:00:00Z,2026-07-31T14:00:00+0200,991.19006,MW,FR,FR,forecast_onshore_wind_generation,Wind Onshore,2026-08-23T09:57:02Z
2026-08-23T09:55:52Z,2026-08-23T11:55:52+0200,e9ed0e7a-f773-48fd-b5c3-626d89d5de64,2026-07-31T12:15:00Z,2026-07-31T14:15:00+0200,1049.87,MW,FR,FR,forecast_onshore_wind_generation,Wind Onshore,2026-08-23T09:57:02Z
2026-08-23T09:55:52Z,2026-08-23T11:55:52+0200,e9ed0e7a-f773-48fd-b5c3-626d89d5de64,2026-07-31T12:30:00Z,2026-07-31T14:30:00+0200,1108.68005,MW,FR,FR,forecast_onshore_wind_generation,Wind Onshore,2026-08-23T09:57:02Z
2026-08-23T09:55:52Z,2026-08-23T11:55:52+0200,e9ed0e7a-f773-48fd-b5c3-626d89d5de64,2026-07-31T12:45:00Z,2026-07-31T14:45:00+0200,1167.40002,MW,FR,FR,forecast_onshore_wind_generation,Wind Onshore,2026-08-23T09:57:02Z
2026-08-23T09:55:52Z,2026-08-23T11:55:52+0200,e9ed0e7a-f773-48fd-b5c3-626d89d5de64,2026-07-31T13:00:00Z,2026-07-31T15:00:00+0200,1226.13,MW,FR,FR,forecast_onshore_wind_generation,Wind Onshore,2026-08-23T09:57:02Z
2026-08-23T09:55:52Z,2026-08-23T11:55:52+0200,e9ed0e7a-f773-48fd-b5c3-626d89d5de64,2026-07-31T13:15:00Z,2026-07-31T15:15:00+0200,1276.64001,MW,FR,FR,forecast_onshore_wind_generation,Wind Onshore,2026-08-23T09:57:02Z
2026-08-23T09:55:52Z,2026-08-23T11:55:52+0200,e9ed0e7a-f773-48fd-b5c3-626d89d5de64,2026-07-31T13:30:00Z,2026-07-31T15:30:00+0200,1327.38,MW,FR,FR,forecast_onshore_wind_generation,Wind Onshore,2026-08-23T09:57:02Z
2026-08-23T09:55:52Z,2026-08-23T11:55:52+0200,e9ed0e7a-f773-48fd-b5c3-626d89d5de64,2026-07-31T13:45:00Z,2026-07-31T15:45:00+0200,1378.27002,MW,FR,FR,forecast_onshore_wind_generation,Wind Onshore,2026-08-23T09:57:02Z
2026-08-23T09:55:52Z,2026-08-23T11:55:52+0200,e9ed0e7a-f773-48fd-b5c3-626d89d5de64,2026-07-31T14:00:00Z,2026-07-31T16:00:00+0200,1429.23999,MW,FR,FR,forecast_onshore_wind_generation,Wind Onshore,2026-08-23T09:57:02Z
2026-08-23T09:55:52Z,2026-08-23T11:55:52+0200,e9ed0e7a-f773-48fd-b5c3-626d89d5de64,2026-07-31T14:15:00Z,2026-07-31T16:15:00+0200,1496.63,MW,FR,FR,forecast_onshore_wind_generation,Wind Onshore,2026-08-23T09:57:02Z
2026-08-23T09:55:52Z,2026-08-23T11:55:52+0200,e9ed0e7a-f773-48fd-b5c3-626d89d5de64,2026-07-31T14:30:00Z,2026-07-31T16:30:00+0200,1564.31006,MW,FR,FR,forecast_onshore_wind_generation,Wind Onshore,2026-08-23T09:57:02Z
2026-08-23T09:55:52Z,2026-08-23T11:55:52+0200,e9ed0e7a-f773-48fd-b5c3-626d89d5de64,2026-07-31T14:45:00Z,2026-07-31T16:45:00+0200,1631.91992,MW,FR,FR,forecast_onshore_wind_generation,Wind Onshore,2026-08-23T09:57:02Z
2026-08-23T09:55:52Z,2026-08-23T11:55:52+0200,e9ed0e7a-f773-48fd-b5c3-626d89d5de64,2026-07-31T15:00:00Z,2026-07-31T17:00:00+0200,1699.59009,MW,FR,FR,forecast_onshore_wind_generation,Wind Onshore,2026-08-23T09:57:02Z
2026-08-23T09:55:52Z,2026-08-23T11:55:52+0200,e9ed0e7a-f773-48fd-b5c3-626d89d5de64,2026-07-31T15:15:00Z,2026-07-31T17:15:00+0200,1761.56995,MW,FR,FR,forecast_onshore_wind_generation,Wind Onshore,2026-08-23T09:57:02Z
2026-08-23T09:55:52Z,2026-08-23T11:55:52+0200,e9ed0e7a-f773-48fd-b5c3-626d89d5de64,2026-07-31T15:30:00Z,2026-07-31T17:30:00+0200,1823.59009,MW,FR,FR,forecast_onshore_wind_generation,Wind Onshore,2026-08-23T09:57:02Z
2026-08-23T09:55:52Z,2026-08-23T11:55:52+0200,e9ed0e7a-f773-48fd-b5c3-626d89d5de64,2026-07-31T15:45:00Z,2026-07-31T17:45:00+0200,1885.32996,MW,FR,FR,forecast_onshore_wind_generation,Wind Onshore,2026-08-23T09:57:02Z
2026-08-23T09:55:52Z,2026-08-23T11:55:52+0200,e9ed0e7a-f773-48fd-b5c3-626d89d5de64,2026-07-31T16:00:00Z,2026-07-31T18:00:00+0200,1947.16992,MW,FR,FR,forecast_onshore_wind_generation,Wind Onshore,2026-08-23T09:57:02Z
2026-08-23T09:55:52Z,2026-08-23T11:55:52+0200,e9ed0e7a-f773-48fd-b5c3-626d89d5de64,2026-07-31T16:15:00Z,2026-07-31T18:15:00+0200,2069.67993,MW,FR,FR,forecast_onshore_wind_generation,Wind Onshore,2026-08-23T09:57:02Z
2026-08-23T09:55:52Z,2026-08-23T11:55:52+0200,e9ed0e7a-f773-48fd-b5c3-626d89d5de64,2026-07-31T16:30:00Z,2026-07-31T18:30:00+0200,2192.3501,MW,FR,FR,forecast_onshore_wind_generation,Wind Onshore,2026-08-23T09:57:02Z
2026-08-23T09:55:52Z,2026-08-23T11:55:52+0200,e9ed0e7a-f773-48fd-b5c3-626d89d5de64,2026-07-31T16:45:00Z,2026-07-31T18:45:00+0200,2315.05005,MW,FR,FR,forecast_onshore_wind_generation,Wind Onshore,2026-08-23T09:57:02Z
2026-08-23T09:55:52Z,2026-08-23T11:55:52+0200,e9ed0e7a-f773-48fd-b5c3-626d89d5de64,2026-07-31T17:00:00Z,2026-07-31T19:00:00+0200,2437.80005,MW,FR,FR,forecast_onshore_wind_generation,Wind Onshore,2026-08-23T09:57:02Z
2026-08-23T09:55:52Z,2026-08-23T11:55:52+0200,e9ed0e7a-f773-48fd-b5c3-626d89d5de64,2026-07-31T17:15:00Z,2026-07-31T19:15:00+0200,2513.51001,MW,FR,FR,forecast_onshore_wind_generation,Wind Onshore,2026-08-23T09:57:02Z
2026-08-23T09:55:52Z,2026-08-23T11:55:52+0200,e9ed0e7a-f773-48fd-b5c3-626d89d5de64,2026-07-31T17:30:00Z,2026-07-31T19:30:00+0200,2589.52002,MW,FR,FR,forecast_onshore_wind_generation,Wind Onshore,2026-08-23T09:57:02Z
2026-08-23T09:55:52Z,2026-08-23T11:55:52+0200,e9ed0e7a-f773-48fd-b5c3-626d89d5de64,2026-07-31T17:45:00Z,2026-07-31T19:45:00+0200,2665.67993,MW,FR,FR,forecast_onshore_wind_generation,Wind Onshore,2026-08-23T09:57:02Z
2026-08-23T09:55:52Z,2026-08-23T11:55:52+0200,e9ed0e7a-f773-48fd-b5c3-626d89d5de64,2026-07-31T18:00:00Z,2026-07-31T20:00:00+0200,2741.94019,MW,FR,FR,forecast_onshore_wind_generation,Wind Onshore,2026-08-23T09:57:02Z
2026-08-23T09:55:52Z,2026-08-23T11:55:52+0200,e9ed0e7a-f773-48fd-b5c3-626d89d5de64,2026-07-31T18:15:00Z,2026-07-31T20:15:00+0200,2750.4502,MW,FR,FR,forecast_onshore_wind_generation,Wind Onshore,2026-08-23T09:57:02Z
2026-08-23T09:55:52Z,2026-08-23T11:55:52+0200,e9ed0e7a-f773-48fd-b5c3-626d89d5de64,2026-07-31T18:30:00Z,2026-07-31T20:30:00+0200,2759.04004,MW,FR,FR,forecast_onshore_wind_generation,Wind Onshore,2026-08-23T09:57:02Z
2026-08-23T09:55:52Z,2026-08-23T11:55:52+0200,e9ed0e7a-f773-48fd-b5c3-626d89d5de64,2026-07-31T18:45:00Z,2026-07-31T20:45:00+0200,2767.56006,MW,FR,FR,forecast_onshore_wind_generation,Wind Onshore,2026-08-23T09:57:02Z
2026-08-23T09:55:52Z,2026-08-23T11:55:52+0200,e9ed0e7a-f773-48fd-b5c3-626d89d5de64,2026-07-31T19:00:00Z,2026-07-31T21:00:00+0200,2776.13989,MW,FR,FR,forecast_onshore_wind_generation,Wind Onshore,2026-08-23T09:57:02Z
2026-08-23T09:55:52Z,2026-08-23T11:55:52+0200,e9ed0e7a-f773-48fd-b5c3-626d89d5de64,2026-07-31T19:15:00Z,2026-07-31T21:15:00+0200,2828.64014,MW,FR,FR,forecast_onshore_wind_generation,Wind Onshore,2026-08-23T09:57:02Z
2026-08-23T09:55:52Z,2026-08-23T11:55:52+0200,e9ed0e7a-f773-48fd-b5c3-626d89d5de64,2026-07-31T19:30:00Z,2026-07-31T21:30:00+0200,2881.1499,MW,FR,FR,forecast_onshore_wind_generation,Wind Onshore,2026-08-23T09:57:02Z
2026-08-23T09:55:52Z,2026-08-23T11:55:52+0200,e9ed0e7a-f773-48fd-b5c3-626d89d5de64,2026-07-31T19:45:00Z,2026-07-31T21:45:00+0200,2933.67993,MW,FR,FR,forecast_onshore_wind_generation,Wind Onshore,2026-08-23T09:57:02Z
2026-08-23T09:55:52Z,2026-08-23T11:55:52+0200,e9ed0e7a-f773-48fd-b5c3-626d89d5de64,2026-07-31T20:00:00Z,2026-07-31T22:00:00+0200,2986.22021,MW,FR,FR,forecast_onshore_wind_generation,Wind Onshore,2026-08-23T09:57:02Z
2026-08-23T09:55:52Z,2026-08-23T11:55:52+0200,e9ed0e7a-f773-48fd-b5c3-626d89d5de64,2026-07-31T20:15:00Z,2026-07-31T22:15:00+0200,3041.84009,MW,FR,FR,forecast_onshore_wind_generation,Wind Onshore,2026-08-23T09:57:02Z
2026-08-23T09:55:52Z,2026-08-23T11:55:52+0200,e9ed0e7a-f773-48fd-b5c3-626d89d5de64,2026-07-31T20:30:00Z,2026-07-31T22:30:00+0200,3097.46997,MW,FR,FR,forecast_onshore_wind_generation,Wind Onshore,2026-08-23T09:57:02Z
2026-08-23T09:55:52Z,2026-08-23T11:55:52+0200,e9ed0e7a-f773-48fd-b5c3-626d89d5de64,2026-07-31T20:45:00Z,2026-07-31T22:45:00+0200,3153.11011,MW,FR,FR,forecast_onshore_wind_generation,Wind Onshore,2026-08-23T09:57:02Z
2026-08-23T09:55:52Z,2026-08-23T11:55:52+0200,e9ed0e7a-f773-48fd-b5c3-626d89d5de64,2026-07-31T21:00:00Z,2026-07-31T23:00:00+0200,3208.7998,MW,FR,FR,forecast_onshore_wind_generation,Wind Onshore,2026-08-23T09:57:02Z
2026-08-23T09:55:52Z,2026-08-23T11:55:52+0200,e9ed0e7a-f773-48fd-b5c3-626d89d5de64,2026-07-31T21:15:00Z,2026-07-31T23:15:00+0200,3213.5,MW,FR,FR,forecast_onshore_wind_generation,Wind Onshore,2026-08-23T09:57:02Z
2026-08-23T09:55:52Z,2026-08-23T11:55:52+0200,e9ed0e7a-f773-48fd-b5c3-626d89d5de64,2026-07-31T21:30:00Z,2026-07-31T23:30:00+0200,3218.20996,MW,FR,FR,forecast_onshore_wind_generation,Wind Onshore,2026-08-23T09:57:02Z
2026-08-23T09:55:52Z,2026-08-23T11:55:52+0200,e9ed0e7a-f773-48fd-b5c3-626d89d5de64,2026-07-31T21:45:00Z,2026-07-31T23:45:00+0200,3223.1499,MW,FR,FR,forecast_onshore_wind_generation,Wind Onshore,2026-08-23T09:57:02Z
2026-08-23T09:55:52Z,2026-08-23T11:55:52+0200,e9ed0e7a-f773-48fd-b5c3-626d89d5de64,2026-07-31T22:00:00Z,2026-08-01T00:00:00+0200,3461.0,MW,FR,FR,forecast_onshore_wind_generation,Wind Onshore,2026-08-23T09:57:02Z
2026-08-23T09:55:52Z,2026-08-23T11:55:52+0200,e9ed0e7a-f773-48fd-b5c3-626d89d5de64,2026-07-31T22:15:00Z,2026-08-01T00:15:00+0200,3454.33984,MW,FR,FR,forecast_onshore_wind_generation,Wind Onshore,2026-08-23T09:57:02Z
2026-08-23T09:55:52Z,2026-08-23T11:55:52+0200,e9ed0e7a-f773-48fd-b5c3-626d89d5de64,2026-07-31T22:30:00Z,2026-08-01T00:30:00+0200,3447.91016,MW,FR,FR,forecast_onshore_wind_generation,Wind Onshore,2026-08-23T09:57:02Z
2026-08-23T09:55:52Z,2026-08-23T11:55:52+0200,e9ed0e7a-f773-48fd-b5c3-626d89d5de64,2026-07-31T22:45:00Z,2026-08-01T00:45:00+0200,3441.63013,MW,FR,FR,forecast_onshore_wind_generation,Wind Onshore,2026-08-23T09:57:02Z
2026-08-23T09:55:52Z,2026-08-23T11:55:52+0200,e9ed0e7a-f773-48fd-b5c3-626d89d5de64,2026-07-31T23:00:00Z,2026-08-01T01:00:00+0200,3435.36987,MW,FR,FR,forecast_onshore_wind_generation,Wind Onshore,2026-08-23T09:57:02Z
2026-08-23T09:55:52Z,2026-08-23T11:55:52+0200,e9ed0e7a-f773-48fd-b5c3-626d89d5de64,2026-07-31T23:15:00Z,2026-08-01T01:15:00+0200,3412.1499,MW,FR,FR,forecast_onshore_wind_generation,Wind Onshore,2026-08-23T09:57:02Z
2026-08-23T09:55:52Z,2026-08-23T11:55:52+0200,e9ed0e7a-f773-48fd-b5c3-626d89d5de64,2026-07-31T23:30:00Z,2026-08-01T01:30:00+0200,3389.35986,MW,FR,FR,forecast_onshore_wind_generation,Wind Onshore,2026-08-23T09:57:02Z
2026-08-23T09:55:52Z,2026-08-23T11:55:52+0200,e9ed0e7a-f773-48fd-b5c3-626d89d5de64,2026-07-31T23:45:00Z,2026-08-01T01:45:00+0200,3366.64014,MW,FR,FR,forecast_onshore_wind_generation,Wind Onshore,2026-08-23T09:57:02Z
2026-08-23T09:55:52Z,2026-08-23T11:55:52+0200,e9ed0e7a-f773-48fd-b5c3-626d89d5de64,2026-08-01T00:00:00Z,2026-08-01T02:00:00+0200,3343.92993,MW,FR,FR,forecast_onshore_wind_generation,Wind Onshore,2026-08-23T09:57:02Z
2026-08-23T09:55:52Z,2026-08-23T11:55:52+0200,e9ed0e7a-f773-48fd-b5c3-626d89d5de64,2026-08-01T00:15:00Z,2026-08-01T02:15:00+0200,3278.19995,MW,FR,FR,forecast_onshore_wind_generation,Wind Onshore,2026-08-23T09:57:02Z
2026-08-23T09:55:52Z,2026-08-23T11:55:52+0200,e9ed0e7a-f773-48fd-b5c3-626d89d5de64,2026-08-01T00:30:00Z,2026-08-01T02:30:00+0200,3212.72998,MW,FR,FR,forecast_onshore_wind_generation,Wind Onshore,2026-08-23T09:57:02Z
2026-08-23T09:55:52Z,2026-08-23T11:55:52+0200,e9ed0e7a-f773-48fd-b5c3-626d89d5de64,2026-08-01T00:45:00Z,2026-08-01T02:45:00+0200,3147.36987,MW,FR,FR,forecast_onshore_wind_generation,Wind Onshore,2026-08-23T09:57:02Z
2026-08-23T09:55:52Z,2026-08-23T11:55:52+0200,e9ed0e7a-f773-48fd-b5c3-626d89d5de64,2026-08-01T01:00:00Z,2026-08-01T03:00:00+0200,3082.0498,MW,FR,FR,forecast_onshore_wind_generation,Wind Onshore,2026-08-23T09:57:02Z
2026-08-23T09:55:52Z,2026-08-23T11:55:52+0200,e9ed0e7a-f773-48fd-b5c3-626d89d5de64,2026-08-01T01:15:00Z,2026-08-01T03:15:00+0200,3015.20996,MW,FR,FR,forecast_onshore_wind_generation,Wind Onshore,2026-08-23T09:57:02Z
2026-08-23T09:55:52Z,2026-08-23T11:55:52+0200,e9ed0e7a-f773-48fd-b5c3-626d89d5de64,2026-08-01T01:30:00Z,2026-08-01T03:30:00+0200,2948.34985,MW,FR,FR,forecast_onshore_wind_generation,Wind Onshore,2026-08-23T09:57:02Z
2026-08-23T09:55:52Z,2026-08-23T11:55:52+0200,e9ed0e7a-f773-48fd-b5c3-626d89d5de64,2026-08-01T01:45:00Z,2026-08-01T03:45:00+0200,2881.52002,MW,FR,FR,forecast_onshore_wind_generation,Wind Onshore,2026-08-23T09:57:02Z
2026-08-23T09:55:52Z,2026-08-23T11:55:52+0200,e9ed0e7a-f773-48fd-b5c3-626d89d5de64,2026-08-01T02:00:00Z,2026-08-01T04:00:00+0200,2814.66992,MW,FR,FR,forecast_onshore_wind_generation,Wind Onshore,2026-08-23T09:57:02Z
2026-08-23T09:55:52Z,2026-08-23T11:55:52+0200,e9ed0e7a-f773-48fd-b5c3-626d89d5de64,2026-08-01T02:15:00Z,2026-08-01T04:15:00+0200,2742.02002,MW,FR,FR,forecast_onshore_wind_generation,Wind Onshore,2026-08-23T09:57:02Z
2026-08-23T09:55:52Z,2026-08-23T11:55:52+0200,e9ed0e7a-f773-48fd-b5c3-626d89d5de64,2026-08-01T02:30:00Z,2026-08-01T04:30:00+0200,2669.36987,MW,FR,FR,forecast_onshore_wind_generation,Wind Onshore,2026-08-23T09:57:02Z
2026-08-23T09:55:52Z,2026-08-23T11:55:52+0200,e9ed0e7a-f773-48fd-b5c3-626d89d5de64,2026-08-01T02:45:00Z,2026-08-01T04:45:00+0200,2596.73999,MW,FR,FR,forecast_onshore_wind_generation,Wind Onshore,2026-08-23T09:57:02Z
2026-08-23T09:55:52Z,2026-08-23T11:55:52+0200,e9ed0e7a-f773-48fd-b5c3-626d89d5de64,2026-08-01T03:00:00Z,2026-08-01T05:00:00+0200,2524.15991,MW,FR,FR,forecast_onshore_wind_generation,Wind Onshore,2026-08-23T09:57:02Z
2026-08-23T09:55:52Z,2026-08-23T11:55:52+0200,e9ed0e7a-f773-48fd-b5c3-626d89d5de64,2026-08-01T03:15:00Z,2026-08-01T05:15:00+0200,2457.1001,MW,FR,FR,forecast_onshore_wind_generation,Wind Onshore,2026-08-23T09:57:02Z
2026-08-23T09:55:52Z,2026-08-23T11:55:52+0200,e9ed0e7a-f773-48fd-b5c3-626d89d5de64,2026-08-01T03:30:00Z,2026-08-01T05:30:00+0200,2390.07007,MW,FR,FR,forecast_onshore_wind_generation,Wind Onshore,2026-08-23T09:57:02Z
2026-08-23T09:55:52Z,2026-08-23T11:55:52+0200,e9ed0e7a-f773-48fd-b5c3-626d89d5de64,2026-08-01T03:45:00Z,2026-08-01T05:45:00+0200,2323.09009,MW,FR,FR,forecast_onshore_wind_generation,Wind Onshore,2026-08-23T09:57:02Z
2026-08-23T09:55:52Z,2026-08-23T11:55:52+0200,e9ed0e7a-f773-48fd-b5c3-626d89d5de64,2026-08-01T04:00:00Z,2026-08-01T06:00:00+0200,2256.18994,MW,FR,FR,forecast_onshore_wind_generation,Wind Onshore,2026-08-23T09:57:02Z
2026-08-23T09:55:52Z,2026-08-23T11:55:52+0200,e9ed0e7a-f773-48fd-b5c3-626d89d5de64,2026-08-01T04:15:00Z,2026-08-01T06:15:00+0200,2206.98999,MW,FR,FR,forecast_onshore_wind_generation,Wind Onshore,2026-08-23T09:57:02Z
2026-08-23T09:55:52Z,2026-08-23T11:55:52+0200,e9ed0e7a-f773-48fd-b5c3-626d89d5de64,2026-08-01T04:30:00Z,2026-08-01T06:30:00+0200,2157.88989,MW,FR,FR,forecast_onshore_wind_generation,Wind Onshore,2026-08-23T09:57:02Z
2026-08-23T09:55:52Z,2026-08-23T11:55:52+0200,e9ed0e7a-f773-48fd-b5c3-626d89d5de64,2026-08-01T04:45:00Z,2026-08-01T06:45:00+0200,2108.80005,MW,FR,FR,forecast_onshore_wind_generation,Wind Onshore,2026-08-23T09:57:02Z
2026-08-23T09:55:52Z,2026-08-23T11:55:52+0200,e9ed0e7a-f773-48fd-b5c3-626d89d5de64,2026-08-01T05:00:00Z,2026-08-01T07:00:00+0200,2059.71997,MW,FR,FR,forecast_onshore_wind_generation,Wind Onshore,2026-08-23T09:57:02Z
2026-08-23T09:55:52Z,2026-08-23T11:55:52+0200,e9ed0e7a-f773-48fd-b5c3-626d89d5de64,2026-08-01T05:15:00Z,2026-08-01T07:15:00+0200,1964.64001,MW,FR,FR,forecast_onshore_wind_generation,Wind Onshore,2026-08-23T09:57:02Z
2026-08-23T09:55:52Z,2026-08-23T11:55:52+0200,e9ed0e7a-f773-48fd-b5c3-626d89d5de64,2026-08-01T05:30:00Z,2026-08-01T07:30:00+0200,1869.63013,MW,FR,FR,forecast_onshore_wind_generation,Wind Onshore,2026-08-23T09:57:02Z
2026-08-23T09:55:52Z,2026-08-23T11:55:52+0200,e9ed0e7a-f773-48fd-b5c3-626d89d5de64,2026-08-01T05:45:00Z,2026-08-01T07:45:00+0200,1774.60986,MW,FR,FR,forecast_onshore_wind_generation,Wind Onshore,2026-08-23T09:57:02Z
2026-08-23T09:55:52Z,2026-08-23T11:55:52+0200,e9ed0e7a-f773-48fd-b5c3-626d89d5de64,2026-08-01T06:00:00Z,2026-08-01T08:00:00+0200,1679.68005,MW,FR,FR,forecast_onshore_wind_generation,Wind Onshore,2026-08-23T09:57:02Z
2026-08-23T09:55:52Z,2026-08-23T11:55:52+0200,e9ed0e7a-f773-48fd-b5c3-626d89d5de64,2026-08-01T06:15:00Z,2026-08-01T08:15:00+0200,1493.18994,MW,FR,FR,forecast_onshore_wind_generation,Wind Onshore,2026-08-23T09:57:02Z
2026-08-23T09:55:52Z,2026-08-23T11:55:52+0200,e9ed0e7a-f773-48fd-b5c3-626d89d5de64,2026-08-01T06:30:00Z,2026-08-01T08:30:00+0200,1306.76001,MW,FR,FR,forecast_onshore_wind_generation,Wind Onshore,2026-08-23T09:57:02Z
2026-08-23T09:55:52Z,2026-08-23T11:55:52+0200,e9ed0e7a-f773-48fd-b5c3-626d89d5de64,2026-08-01T06:45:00Z,2026-08-01T08:45:00+0200,1120.55005,MW,FR,FR,forecast_onshore_wind_generation,Wind Onshore,2026-08-23T09:57:02Z
2026-08-23T09:55:52Z,2026-08-23T11:55:52+0200,e9ed0e7a-f773-48fd-b5c3-626d89d5de64,2026-08-01T07:00:00Z,2026-08-01T09:00:00+0200,934.73999,MW,FR,FR,forecast_onshore_wind_generation,Wind Onshore,2026-08-23T09:57:02Z
2026-08-23T09:55:52Z,2026-08-23T11:55:52+0200,e9ed0e7a-f773-48fd-b5c3-626d89d5de64,2026-08-01T07:15:00Z,2026-08-01T09:15:00+0200,911.90002,MW,FR,FR,forecast_onshore_wind_generation,Wind Onshore,2026-08-23T09:57:02Z
2026-08-23T09:55:52Z,2026-08-23T11:55:52+0200,e9ed0e7a-f773-48fd-b5c3-626d89d5de64,2026-08-01T07:30:00Z,2026-08-01T09:30:00+0200,889.09998,MW,FR,FR,forecast_onshore_wind_generation,Wind Onshore,2026-08-23T09:57:02Z
2026-08-23T09:55:52Z,2026-08-23T11:55:52+0200,e9ed0e7a-f773-48fd-b5c3-626d89d5de64,2026-08-01T07:45:00Z,2026-08-01T09:45:00+0200,866.36005,MW,FR,FR,forecast_onshore_wind_generation,Wind Onshore,2026-08-23T09:57:02Z
2026-08-23T09:55:52Z,2026-08-23T11:55:52+0200,e9ed0e7a-f773-48fd-b5c3-626d89d5de64,2026-08-01T08:00:00Z,2026-08-01T10:00:00+0200,843.70007,MW,FR,FR,forecast_onshore_wind_generation,Wind Onshore,2026-08-23T09:57:02Z
2026-08-23T09:55:52Z,2026-08-23T11:55:52+0200,e9ed0e7a-f773-48fd-b5c3-626d89d5de64,2026-08-01T08:15:00Z,2026-08-01T10:15:00+0200,832.90997,MW,FR,FR,forecast_onshore_wind_generation,Wind Onshore,2026-08-23T09:57:02Z
2026-08-23T09:55:52Z,2026-08-23T11:55:52+0200,e9ed0e7a-f773-48fd-b5c3-626d89d5de64,2026-08-01T08:30:00Z,2026-08-01T10:30:00+0200,822.23999,MW,FR,FR,forecast_onshore_wind_generation,Wind Onshore,2026-08-23T09:57:02Z
2026-08-23T09:55:52Z,2026-08-23T11:55:52+0200,e9ed0e7a-f773-48fd-b5c3-626d89d5de64,2026-08-01T08:45:00Z,2026-08-01T10:45:00+0200,811.67004,MW,FR,FR,forecast_onshore_wind_generation,Wind Onshore,2026-08-23T09:57:02Z
2026-08-23T09:55:52Z,2026-08-23T11:55:52+0200,e9ed0e7a-f773-48fd-b5c3-626d89d5de64,2026-08-01T09:00:00Z,2026-08-01T11:00:00+0200,801.20001,MW,FR,FR,forecast_onshore_wind_generation,Wind Onshore,2026-08-23T09:57:02Z
2026-08-23T09:55:52Z,2026-08-23T11:55:52+0200,e9ed0e7a-f773-48fd-b5c3-626d89d5de64,2026-08-01T09:15:00Z,2026-08-01T11:15:00+0200,792.01001,MW,FR,FR,forecast_onshore_wind_generation,Wind Onshore,2026-08-23T09:57:02Z
2026-08-23T09:55:52Z,2026-08-23T11:55:52+0200,e9ed0e7a-f773-48fd-b5c3-626d89d5de64,2026-08-01T09:30:00Z,2026-08-01T11:30:00+0200,782.91998,MW,FR,FR,forecast_onshore_wind_generation,Wind Onshore,2026-08-23T09:57:02Z
2026-08-23T09:55:52Z,2026-08-23T11:55:52+0200,e9ed0e7a-f773-48fd-b5c3-626d89d5de64,2026-08-01T09:45:00Z,2026-08-01T11:45:00+0200,773.89996,MW,FR,FR,forecast_onshore_wind_generation,Wind Onshore,2026-08-23T09:57:02Z
2026-08-23T09:55:52Z,2026-08-23T11:55:52+0200,e9ed0e7a-f773-48fd-b5c3-626d89d5de64,2026-08-01T10:00:00Z,2026-08-01T12:00:00+0200,764.90997,MW,FR,FR,forecast_onshore_wind_generation,Wind Onshore,2026-08-23T09:57:02Z
2026-08-23T09:55:52Z,2026-08-23T11:55:52+0200,e9ed0e7a-f773-48fd-b5c3-626d89d5de64,2026-08-01T10:15:00Z,2026-08-01T12:15:00+0200,769.42999,MW,FR,FR,forecast_onshore_wind_generation,Wind Onshore,2026-08-23T09:57:02Z
2026-08-23T09:55:52Z,2026-08-23T11:55:52+0200,e9ed0e7a-f773-48fd-b5c3-626d89d5de64,2026-08-01T10:30:00Z,2026-08-01T12:30:00+0200,774.03003,MW,FR,FR,forecast_onshore_wind_generation,Wind Onshore,2026-08-23T09:57:02Z
2026-08-23T09:55:52Z,2026-08-23T11:55:52+0200,e9ed0e7a-f773-48fd-b5c3-626d89d5de64,2026-08-01T10:45:00Z,2026-08-01T12:45:00+0200,778.67993,MW,FR,FR,forecast_onshore_wind_generation,Wind Onshore,2026-08-23T09:57:02Z
2026-08-23T09:55:52Z,2026-08-23T11:55:52+0200,e9ed0e7a-f773-48fd-b5c3-626d89d5de64,2026-08-01T11:00:00Z,2026-08-01T13:00:00+0200,783.32001,MW,FR,FR,forecast_onshore_wind_generation,Wind Onshore,2026-08-23T09:57:02Z
2026-08-23T09:55:52Z,2026-08-23T11:55:52+0200,e9ed0e7a-f773-48fd-b5c3-626d89d5de64,2026-08-01T11:15:00Z,2026-08-01T13:15:00+0200,791.21997,MW,FR,FR,forecast_onshore_wind_generation,Wind Onshore,2026-08-23T09:57:02Z
2026-08-23T09:55:52Z,2026-08-23T11:55:52+0200,e9ed0e7a-f773-48fd-b5c3-626d89d5de64,2026-08-01T11:30:00Z,2026-08-01T13:30:00+0200,799.13,MW,FR,FR,forecast_onshore_wind_generation,Wind Onshore,2026-08-23T09:57:02Z
2026-08-23T09:55:52Z,2026-08-23T11:55:52+0200,e9ed0e7a-f773-48fd-b5c3-626d89d5de64,2026-08-01T11:45:00Z,2026-08-01T13:45:00+0200,807.03998,MW,FR,FR,forecast_onshore_wind_generation,Wind Onshore,2026-08-23T09:57:02Z
2026-08-23T09:55:52Z,2026-08-23T11:55:52+0200,e9ed0e7a-f773-48fd-b5c3-626d89d5de64,2026-08-01T12:00:00Z,2026-08-01T14:00:00+0200,814.94,MW,FR,FR,forecast_onshore_wind_generation,Wind Onshore,2026-08-23T09:57:02Z
2026-08-23T09:55:52Z,2026-08-23T11:55:52+0200,e9ed0e7a-f773-48fd-b5c3-626d89d5de64,2026-08-01T12:15:00Z,2026-08-01T14:15:00+0200,833.46008,MW,FR,FR,forecast_onshore_wind_generation,Wind Onshore,2026-08-23T09:57:02Z
2026-08-23T09:55:52Z,2026-08-23T11:55:52+0200,e9ed0e7a-f773-48fd-b5c3-626d89d5de64,2026-08-01T12:30:00Z,2026-08-01T14:30:00+0200,852.02002,MW,FR,FR,forecast_onshore_wind_generation,Wind Onshore,2026-08-23T09:57:02Z
2026-08-23T09:55:52Z,2026-08-23T11:55:52+0200,e9ed0e7a-f773-48fd-b5c3-626d89d5de64,2026-08-01T12:45:00Z,2026-08-01T14:45:00+0200,870.60999,MW,FR,FR,forecast_onshore_wind_generation,Wind Onshore,2026-08-23T09:57:02Z
2026-08-23T09:55:52Z,2026-08-23T11:55:52+0200,e9ed0e7a-f773-48fd-b5c3-626d89d5de64,2026-08-01T13:00:00Z,2026-08-01T15:00:00+0200,889.22998,MW,FR,FR,forecast_onshore_wind_generation,Wind Onshore,2026-08-23T09:57:02Z
2026-08-23T09:55:52Z,2026-08-23T11:55:52+0200,e9ed0e7a-f773-48fd-b5c3-626d89d5de64,2026-08-01T13:15:00Z,2026-08-01T15:15:00+0200,918.30005,MW,FR,FR,forecast_onshore_wind_generation,Wind Onshore,2026-08-23T09:57:02Z
2026-08-23T09:55:52Z,2026-08-23T11:55:52+0200,e9ed0e7a-f773-48fd-b5c3-626d89d5de64,2026-08-01T13:30:00Z,2026-08-01T15:30:00+0200,947.42004,MW,FR,FR,forecast_onshore_wind_generation,Wind Onshore,2026-08-23T09:57:02Z
2026-08-23T09:55:52Z,2026-08-23T11:55:52+0200,e9ed0e7a-f773-48fd-b5c3-626d89d5de64,2026-08-01T13:45:00Z,2026-08-01T15:45:00+0200,976.66003,MW,FR,FR,forecast_onshore_wind_generation,Wind Onshore,2026-08-23T09:57:02Z
2026-08-23T09:55:52Z,2026-08-23T11:55:52+0200,e9ed0e7a-f773-48fd-b5c3-626d89d5de64,2026-08-01T14:00:00Z,2026-08-01T16:00:00+0200,1005.96002,MW,FR,FR,forecast_onshore_wind_generation,Wind Onshore,2026-08-23T09:57:02Z
2026-08-23T09:55:52Z,2026-08-23T11:55:52+0200,e9ed0e7a-f773-48fd-b5c3-626d89d5de64,2026-08-01T14:15:00Z,2026-08-01T16:15:00+0200,1051.33997,MW,FR,FR,forecast_onshore_wind_generation,Wind Onshore,2026-08-23T09:57:02Z
2026-08-23T09:55:52Z,2026-08-23T11:55:52+0200,e9ed0e7a-f773-48fd-b5c3-626d89d5de64,2026-08-01T14:30:00Z,2026-08-01T16:30:00+0200,1096.78003,MW,FR,FR,forecast_onshore_wind_generation,Wind Onshore,2026-08-23T09:57:02Z
2026-08-23T09:55:52Z,2026-08-23T11:55:52+0200,e9ed0e7a-f773-48fd-b5c3-626d89d5de64,2026-08-01T14:45:00Z,2026-08-01T16:45:00+0200,1142.32007,MW,FR,FR,forecast_onshore_wind_generation,Wind Onshore,2026-08-23T09:57:02Z
2026-08-23T09:55:52Z,2026-08-23T11:55:52+0200,e9ed0e7a-f773-48fd-b5c3-626d89d5de64,2026-08-01T15:00:00Z,2026-08-01T17:00:00+0200,1187.95996,MW,FR,FR,forecast_onshore_wind_generation,Wind Onshore,2026-08-23T09:57:02Z
2026-08-23T09:55:52Z,2026-08-23T11:55:52+0200,e9ed0e7a-f773-48fd-b5c3-626d89d5de64,2026-08-01T15:15:00Z,2026-08-01T17:15:00+0200,1221.45996,MW,FR,FR,forecast_onshore_wind_generation,Wind Onshore,2026-08-23T09:57:02Z
2026-08-23T09:55:52Z,2026-08-23T11:55:52+0200,e9ed0e7a-f773-48fd-b5c3-626d89d5de64,2026-08-01T15:30:00Z,2026-08-01T17:30:00+0200,1255.17993,MW,FR,FR,forecast_onshore_wind_generation,Wind Onshore,2026-08-23T09:57:02Z
2026-08-23T09:55:52Z,2026-08-23T11:55:52+0200,e9ed0e7a-f773-48fd-b5c3-626d89d5de64,2026-08-01T15:45:00Z,2026-08-01T17:45:00+0200,1288.93005,MW,FR,FR,forecast_onshore_wind_generation,Wind Onshore,2026-08-23T09:57:02Z
2026-08-23T09:55:52Z,2026-08-23T11:55:52+0200,e9ed0e7a-f773-48fd-b5c3-626d89d5de64,2026-08-01T16:00:00Z,2026-08-01T18:00:00+0200,1322.79004,MW,FR,FR,forecast_onshore_wind_generation,Wind Onshore,2026-08-23T09:57:02Z
2026-08-23T09:55:52Z,2026-08-23T11:55:52+0200,e9ed0e7a-f773-48fd-b5c3-626d89d5de64,2026-08-01T16:15:00Z,2026-08-01T18:15:00+0200,1378.69995,MW,FR,FR,forecast_onshore_wind_generation,Wind Onshore,2026-08-23T09:57:02Z
2026-08-23T09:55:52Z,2026-08-23T11:55:52+0200,e9ed0e7a-f773-48fd-b5c3-626d89d5de64,2026-08-01T16:30:00Z,2026-08-01T18:30:00+0200,1434.71997,MW,FR,FR,forecast_onshore_wind_generation,Wind Onshore,2026-08-23T09:57:02Z
2026-08-23T09:55:52Z,2026-08-23T11:55:52+0200,e9ed0e7a-f773-48fd-b5c3-626d89d5de64,2026-08-01T16:45:00Z,2026-08-01T18:45:00+0200,1490.81006,MW,FR,FR,forecast_onshore_wind_generation,Wind Onshore,2026-08-23T09:57:02Z
2026-08-23T09:55:52Z,2026-08-23T11:55:52+0200,e9ed0e7a-f773-48fd-b5c3-626d89d5de64,2026-08-01T17:00:00Z,2026-08-01T19:00:00+0200,1546.94995,MW,FR,FR,forecast_onshore_wind_generation,Wind Onshore,2026-08-23T09:57:02Z
2026-08-23T09:55:52Z,2026-08-23T11:55:52+0200,e9ed0e7a-f773-48fd-b5c3-626d89d5de64,2026-08-01T17:15:00Z,2026-08-01T19:15:00+0200,1636.92993,MW,FR,FR,forecast_onshore_wind_generation,Wind Onshore,2026-08-23T09:57:02Z
2026-08-23T09:55:52Z,2026-08-23T11:55:52+0200,e9ed0e7a-f773-48fd-b5c3-626d89d5de64,2026-08-01T17:30:00Z,2026-08-01T19:30:00+0200,1727.20007,MW,FR,FR,forecast_onshore_wind_generation,Wind Onshore,2026-08-23T09:57:02Z
2026-08-23T09:55:52Z,2026-08-23T11:55:52+0200,e9ed0e7a-f773-48fd-b5c3-626d89d5de64,2026-08-01T17:45:00Z,2026-08-01T19:45:00+0200,1817.59009,MW,FR,FR,forecast_onshore_wind_generation,Wind Onshore,2026-08-23T09:57:02Z
2026-08-23T09:55:52Z,2026-08-23T11:55:52+0200,e9ed0e7a-f773-48fd-b5c3-626d89d5de64,2026-08-01T18:00:00Z,2026-08-01T20:00:00+0200,1908.0,MW,FR,FR,forecast_onshore_wind_generation,Wind Onshore,2026-08-23T09:57:02Z
2026-08-23T09:55:52Z,2026-08-23T11:55:52+0200,e9ed0e7a-f773-48fd-b5c3-626d89d5de64,2026-08-01T18:15:00Z,2026-08-01T20:15:00+0200,2108.40015,MW,FR,FR,forecast_onshore_wind_generation,Wind Onshore,2026-08-23T09:57:02Z
2026-08-23T09:55:52Z,2026-08-23T11:55:52+0200,e9ed0e7a-f773-48fd-b5c3-626d89d5de64,2026-08-01T18:30:00Z,2026-08-01T20:30:00+0200,2308.93994,MW,FR,FR,forecast_onshore_wind_generation,Wind Onshore,2026-08-23T09:57:02Z
2026-08-23T09:55:52Z,2026-08-23T11:55:52+0200,e9ed0e7a-f773-48fd-b5c3-626d89d5de64,2026-08-01T18:45:00Z,2026-08-01T20:45:00+0200,2509.48999,MW,FR,FR,forecast_onshore_wind_generation,Wind Onshore,2026-08-23T09:57:02Z
2026-08-23T09:55:52Z,2026-08-23T11:55:52+0200,e9ed0e7a-f773-48fd-b5c3-626d89d5de64,2026-08-01T19:00:00Z,2026-08-01T21:00:00+0200,2710.0498,MW,FR,FR,forecast_onshore_wind_generation,Wind Onshore,2026-08-23T09:57:02Z
2026-08-23T09:55:52Z,2026-08-23T11:55:52+0200,e9ed0e7a-f773-48fd-b5c3-626d89d5de64,2026-08-01T19:15:00Z,2026-08-01T21:15:00+0200,3001.77002,MW,FR,FR,forecast_onshore_wind_generation,Wind Onshore,2026-08-23T09:57:02Z
2026-08-23T09:55:52Z,2026-08-23T11:55:52+0200,e9ed0e7a-f773-48fd-b5c3-626d89d5de64,2026-08-01T19:30:00Z,2026-08-01T21:30:00+0200,3293.47021,MW,FR,FR,forecast_onshore_wind_generation,Wind Onshore,2026-08-23T09:57:02Z
2026-08-23T09:55:52Z,2026-08-23T11:55:52+0200,e9ed0e7a-f773-48fd-b5c3-626d89d5de64,2026-08-01T19:45:00Z,2026-08-01T21:45:00+0200,3585.20996,MW,FR,FR,forecast_onshore_wind_generation,Wind Onshore,2026-08-23T09:57:02Z
2026-08-23T09:55:52Z,2026-08-23T11:55:52+0200,e9ed0e7a-f773-48fd-b5c3-626d89d5de64,2026-08-01T20:00:00Z,2026-08-01T22:00:00+0200,3876.92969,MW,FR,FR,forecast_onshore_wind_generation,Wind Onshore,2026-08-23T09:57:02Z
2026-08-23T09:55:52Z,2026-08-23T11:55:52+0200,e9ed0e7a-f773-48fd-b5c3-626d89d5de64,2026-08-01T20:15:00Z,2026-08-01T22:15:00+0200,3979.17993,MW,FR,FR,forecast_onshore_wind_generation,Wind Onshore,2026-08-23T09:57:02Z
2026-08-23T09:55:52Z,2026-08-23T11:55:52+0200,e9ed0e7a-f773-48fd-b5c3-626d89d5de64,2026-08-01T20:30:00Z,2026-08-01T22:30:00+0200,4081.43994,MW,FR,FR,forecast_onshore_wind_generation,Wind Onshore,2026-08-23T09:57:02Z
2026-08-23T09:55:52Z,2026-08-23T11:55:52+0200,e9ed0e7a-f773-48fd-b5c3-626d89d5de64,2026-08-01T20:45:00Z,2026-08-01T22:45:00+0200,4183.70996,MW,FR,FR,forecast_onshore_wind_generation,Wind Onshore,2026-08-23T09:57:02Z
2026-08-23T09:55:52Z,2026-08-23T11:55:52+0200,e9ed0e7a-f773-48fd-b5c3-626d89d5de64,2026-08-01T21:00:00Z,2026-08-01T23:00:00+0200,4285.97998,MW,FR,FR,forecast_onshore_wind_generation,Wind Onshore,2026-08-23T09:57:02Z
2026-08-23T09:55:52Z,2026-08-23T11:55:52+0200,e9ed0e7a-f773-48fd-b5c3-626d89d5de64,2026-08-01T21:15:00Z,2026-08-01T23:15:00+0200,4292.20996,MW,FR,FR,forecast_onshore_wind_generation,Wind Onshore,2026-08-23T09:57:02Z
2026-08-23T09:55:52Z,2026-08-23T11:55:52+0200,e9ed0e7a-f773-48fd-b5c3-626d89d5de64,2026-08-01T21:30:00Z,2026-08-01T23:30:00+0200,4298.41016,MW,FR,FR,forecast_onshore_wind_generation,Wind Onshore,2026-08-23T09:57:02Z
2026-08-23T09:55:52Z,2026-08-23T11:55:52+0200,e9ed0e7a-f773-48fd-b5c3-626d89d5de64,2026-08-01T21:45:00Z,2026-08-01T23:45:00+0200,4304.61963,MW,FR,FR,forecast_onshore_wind_generation,Wind Onshore,2026-08-23T09:57:02Z
2026-08-23T09:55:52Z,2026-08-23T11:55:52+0200,e9ed0e7a-f773-48fd-b5c3-626d89d5de64,2026-08-01T22:00:00Z,2026-08-02T00:00:00+0200,4313.24023,MW,FR,FR,forecast_onshore_wind_generation,Wind Onshore,2026-08-23T09:57:02Z
2026-08-23T09:55:52Z,2026-08-23T11:55:52+0200,e9ed0e7a-f773-48fd-b5c3-626d89d5de64,2026-08-01T22:15:00Z,2026-08-02T00:15:00+0200,4288.80029,MW,FR,FR,forecast_onshore_wind_generation,Wind Onshore,2026-08-23T09:57:02Z
2026-08-23T09:55:52Z,2026-08-23T11:55:52+0200,e9ed0e7a-f773-48fd-b5c3-626d89d5de64,2026-08-01T22:30:00Z,2026-08-02T00:30:00+0200,4264.39014,MW,FR,FR,forecast_onshore_wind_generation,Wind Onshore,2026-08-23T09:57:02Z
2026-08-23T09:55:52Z,2026-08-23T11:55:52+0200,e9ed0e7a-f773-48fd-b5c3-626d89d5de64,2026-08-01T22:45:00Z,2026-08-02T00:45:00+0200,4239.97998,MW,FR,FR,forecast_onshore_wind_generation,Wind Onshore,2026-08-23T09:57:02Z
2026-08-23T09:55:52Z,2026-08-23T11:55:52+0200,e9ed0e7a-f773-48fd-b5c3-626d89d5de64,2026-08-01T23:00:00Z,2026-08-02T01:00:00+0200,4215.5498,MW,FR,FR,forecast_onshore_wind_generation,Wind Onshore,2026-08-23T09:57:02Z
2026-08-23T09:55:52Z,2026-08-23T11:55:52+0200,e9ed0e7a-f773-48fd-b5c3-626d89d5de64,2026-08-01T23:15:00Z,2026-08-02T01:15:00+0200,4173.14014,MW,FR,FR,forecast_onshore_wind_generation,Wind Onshore,2026-08-23T09:57:02Z
2026-08-23T09:55:52Z,2026-08-23T11:55:52+0200,e9ed0e7a-f773-48fd-b5c3-626d89d5de64,2026-08-01T23:30:00Z,2026-08-02T01:30:00+0200,4130.70996,MW,FR,FR,forecast_onshore_wind_generation,Wind Onshore,2026-08-23T09:57:02Z
2026-08-23T09:55:52Z,2026-08-23T11:55:52+0200,e9ed0e7a-f773-48fd-b5c3-626d89d5de64,2026-08-01T23:45:00Z,2026-08-02T01:45:00+0200,4088.33008,MW,FR,FR,forecast_onshore_wind_generation,Wind Onshore,2026-08-23T09:57:02Z
2026-08-23T09:55:52Z,2026-08-23T11:55:52+0200,e9ed0e7a-f773-48fd-b5c3-626d89d5de64,2026-08-02T00:00:00Z,2026-08-02T02:00:00+0200,4045.94971,MW,FR,FR,forecast_onshore_wind_generation,Wind Onshore,2026-08-23T09:57:02Z
2026-08-23T09:55:52Z,2026-08-23T11:55:52+0200,e9ed0e7a-f773-48fd-b5c3-626d89d5de64,2026-08-02T00:15:00Z,2026-08-02T02:15:00+0200,3950.46973,MW,FR,FR,forecast_onshore_wind_generation,Wind Onshore,2026-08-23T09:57:02Z
2026-08-23T09:55:52Z,2026-08-23T11:55:52+0200,e9ed0e7a-f773-48fd-b5c3-626d89d5de64,2026-08-02T00:30:00Z,2026-08-02T02:30:00+0200,3854.95972,MW,FR,FR,forecast_onshore_wind_generation,Wind Onshore,2026-08-23T09:57:02Z
2026-08-23T09:55:52Z,2026-08-23T11:55:52+0200,e9ed0e7a-f773-48fd-b5c3-626d89d5de64,2026-08-02T00:45:00Z,2026-08-02T02:45:00+0200,3759.50977,MW,FR,FR,forecast_onshore_wind_generation,Wind Onshore,2026-08-23T09:57:02Z
2026-08-23T09:55:52Z,2026-08-23T11:55:52+0200,e9ed0e7a-f773-48fd-b5c3-626d89d5de64,2026-08-02T01:00:00Z,2026-08-02T03:00:00+0200,3664.16016,MW,FR,FR,forecast_onshore_wind_generation,Wind Onshore,2026-08-23T09:57:02Z
2026-08-23T09:55:52Z,2026-08-23T11:55:52+0200,e9ed0e7a-f773-48fd-b5c3-626d89d5de64,2026-08-02T01:15:00Z,2026-08-02T03:15:00+0200,3591.58984,MW,FR,FR,forecast_onshore_wind_generation,Wind Onshore,2026-08-23T09:57:02Z
2026-08-23T09:55:52Z,2026-08-23T11:55:52+0200,e9ed0e7a-f773-48fd-b5c3-626d89d5de64,2026-08-02T01:30:00Z,2026-08-02T03:30:00+0200,3519.12012,MW,FR,FR,forecast_onshore_wind_generation,Wind Onshore,2026-08-23T09:57:02Z
2026-08-23T09:55:52Z,2026-08-23T11:55:52+0200,e9ed0e7a-f773-48fd-b5c3-626d89d5de64,2026-08-02T01:45:00Z,2026-08-02T03:45:00+0200,3446.68994,MW,FR,FR,forecast_onshore_wind_generation,Wind Onshore,2026-08-23T09:57:02Z
2026-08-23T09:55:52Z,2026-08-23T11:55:52+0200,e9ed0e7a-f773-48fd-b5c3-626d89d5de64,2026-08-02T02:00:00Z,2026-08-02T04:00:00+0200,3374.27002,MW,FR,FR,forecast_onshore_wind_generation,Wind Onshore,2026-08-23T09:57:02Z
2026-08-23T09:55:52Z,2026-08-23T11:55:52+0200,e9ed0e7a-f773-48fd-b5c3-626d89d5de64,2026-08-02T02:15:00Z,2026-08-02T04:15:00+0200,3340.52002,MW,FR,FR,forecast_onshore_wind_generation,Wind Onshore,2026-08-23T09:57:02Z
2026-08-23T09:55:52Z,2026-08-23T11:55:52+0200,e9ed0e7a-f773-48fd-b5c3-626d89d5de64,2026-08-02T02:30:00Z,2026-08-02T04:30:00+0200,3306.84985,MW,FR,FR,forecast_onshore_wind_generation,Wind Onshore,2026-08-23T09:57:02Z
2026-08-23T09:55:52Z,2026-08-23T11:55:52+0200,e9ed0e7a-f773-48fd-b5c3-626d89d5de64,2026-08-02T02:45:00Z,2026-08-02T04:45:00+0200,3273.21997,MW,FR,FR,forecast_onshore_wind_generation,Wind Onshore,2026-08-23T09:57:02Z
2026-08-23T09:55:52Z,2026-08-23T11:55:52+0200,e9ed0e7a-f773-48fd-b5c3-626d89d5de64,2026-08-02T03:00:00Z,2026-08-02T05:00:00+0200,3239.66992,MW,FR,FR,forecast_onshore_wind_generation,Wind Onshore,2026-08-23T09:57:02Z
2026-08-23T09:55:52Z,2026-08-23T11:55:52+0200,e9ed0e7a-f773-48fd-b5c3-626d89d5de64,2026-08-02T03:15:00Z,2026-08-02T05:15:00+0200,3217.26001,MW,FR,FR,forecast_onshore_wind_generation,Wind Onshore,2026-08-23T09:57:02Z
2026-08-23T09:55:52Z,2026-08-23T11:55:52+0200,e9ed0e7a-f773-48fd-b5c3-626d89d5de64,2026-08-02T03:30:00Z,2026-08-02T05:30:00+0200,3194.87012,MW,FR,FR,forecast_onshore_wind_generation,Wind Onshore,2026-08-23T09:57:02Z
2026-08-23T09:55:52Z,2026-08-23T11:55:52+0200,e9ed0e7a-f773-48fd-b5c3-626d89d5de64,2026-08-02T03:45:00Z,2026-08-02T05:45:00+0200,3172.5,MW,FR,FR,forecast_onshore_wind_generation,Wind Onshore,2026-08-23T09:57:02Z
2026-08-23T09:55:52Z,2026-08-23T11:55:52+0200,e9ed0e7a-f773-48fd-b5c3-626d89d5de64,2026-08-02T04:00:00Z,2026-08-02T06:00:00+0200,3150.15015,MW,FR,FR,forecast_onshore_wind_generation,Wind Onshore,2026-08-23T09:57:02Z
2026-08-23T09:55:52Z,2026-08-23T11:55:52+0200,e9ed0e7a-f773-48fd-b5c3-626d89d5de64,2026-08-02T04:15:00Z,2026-08-02T06:15:00+0200,3121.34009,MW,FR,FR,forecast_onshore_wind_generation,Wind Onshore,2026-08-23T09:57:02Z
2026-08-23T09:55:52Z,2026-08-23T11:55:52+0200,e9ed0e7a-f773-48fd-b5c3-626d89d5de64,2026-08-02T04:30:00Z,2026-08-02T06:30:00+0200,3092.54004,MW,FR,FR,forecast_onshore_wind_generation,Wind Onshore,2026-08-23T09:57:02Z
2026-08-23T09:55:52Z,2026-08-23T11:55:52+0200,e9ed0e7a-f773-48fd-b5c3-626d89d5de64,2026-08-02T04:45:00Z,2026-08-02T06:45:00+0200,3063.79004,MW,FR,FR,forecast_onshore_wind_generation,Wind Onshore,2026-08-23T09:57:02Z
2026-08-23T09:55:52Z,2026-08-23T11:55:52+0200,e9ed0e7a-f773-48fd-b5c3-626d89d5de64,2026-08-02T05:00:00Z,2026-08-02T07:00:00+0200,3035.19019,MW,FR,FR,forecast_onshore_wind_generation,Wind Onshore,2026-08-23T09:57:02Z
2026-08-23T09:55:52Z,2026-08-23T11:55:52+0200,e9ed0e7a-f773-48fd-b5c3-626d89d5de64,2026-08-02T05:15:00Z,2026-08-02T07:15:00+0200,2971.26001,MW,FR,FR,forecast_onshore_wind_generation,Wind Onshore,2026-08-23T09:57:02Z
2026-08-23T09:55:52Z,2026-08-23T11:55:52+0200,e9ed0e7a-f773-48fd-b5c3-626d89d5de64,2026-08-02T05:30:00Z,2026-08-02T07:30:00+0200,2907.58008,MW,FR,FR,forecast_onshore_wind_generation,Wind Onshore,2026-08-23T09:57:02Z
2026-08-23T09:55:52Z,2026-08-23T11:55:52+0200,e9ed0e7a-f773-48fd-b5c3-626d89d5de64,2026-08-02T05:45:00Z,2026-08-02T07:45:00+0200,2844.11987,MW,FR,FR,forecast_onshore_wind_generation,Wind Onshore,2026-08-23T09:57:02Z
2026-08-23T09:55:52Z,2026-08-23T11:55:52+0200,e9ed0e7a-f773-48fd-b5c3-626d89d5de64,2026-08-02T06:00:00Z,2026-08-02T08:00:00+0200,2780.77979,MW,FR,FR,forecast_onshore_wind_generation,Wind Onshore,2026-08-23T09:57:02Z
2026-08-23T09:55:52Z,2026-08-23T11:55:52+0200,e9ed0e7a-f773-48fd-b5c3-626d89d5de64,2026-08-02T06:15:00Z,2026-08-02T08:15:00+0200,2505.02002,MW,FR,FR,forecast_onshore_wind_generation,Wind Onshore,2026-08-23T09:57:02Z
2026-08-23T09:55:52Z,2026-08-23T11:55:52+0200,e9ed0e7a-f773-48fd-b5c3-626d89d5de64,2026-08-02T06:30:00Z,2026-08-02T08:30:00+0200,2229.33984,MW,FR,FR,forecast_onshore_wind_generation,Wind Onshore,2026-08-23T09:57:02Z
2026-08-23T09:55:52Z,2026-08-23T11:55:52+0200,e9ed0e7a-f773-48fd-b5c3-626d89d5de64,2026-08-02T06:45:00Z,2026-08-02T08:45:00+0200,1953.80994,MW,FR,FR,forecast_onshore_wind_generation,Wind Onshore,2026-08-23T09:57:02Z
2026-08-23T09:55:52Z,2026-08-23T11:55:52+0200,e9ed0e7a-f773-48fd-b5c3-626d89d5de64,2026-08-02T07:00:00Z,2026-08-02T09:00:00+0200,1678.43005,MW,FR,FR,forecast_onshore_wind_generation,Wind Onshore,2026-08-23T09:57:02Z
2026-08-23T09:55:52Z,2026-08-23T11:55:52+0200,e9ed0e7a-f773-48fd-b5c3-626d89d5de64,2026-08-02T07:15:00Z,2026-08-02T09:15:00+0200,1497.66003,MW,FR,FR,forecast_onshore_wind_generation,Wind Onshore,2026-08-23T09:57:02Z
2026-08-23T09:55:52Z,2026-08-23T11:55:52+0200,e9ed0e7a-f773-48fd-b5c3-626d89d5de64,2026-08-02T07:30:00Z,2026-08-02T09:30:00+0200,1317.1001,MW,FR,FR,forecast_onshore_wind_generation,Wind Onshore,2026-08-23T09:57:02Z
2026-08-23T09:55:52Z,2026-08-23T11:55:52+0200,e9ed0e7a-f773-48fd-b5c3-626d89d5de64,2026-08-02T07:45:00Z,2026-08-02T09:45:00+0200,1136.70996,MW,FR,FR,forecast_onshore_wind_generation,Wind Onshore,2026-08-23T09:57:02Z
2026-08-23T09:55:52Z,2026-08-23T11:55:52+0200,e9ed0e7a-f773-48fd-b5c3-626d89d5de64,2026-08-02T08:00:00Z,2026-08-02T10:00:00+0200,956.51001,MW,FR,FR,forecast_onshore_wind_generation,Wind Onshore,2026-08-23T09:57:02Z
2026-08-23T09:55:52Z,2026-08-23T11:55:52+0200,e9ed0e7a-f773-48fd-b5c3-626d89d5de64,2026-08-02T08:15:00Z,2026-08-02T10:15:00+0200,969.96997,MW,FR,FR,forecast_onshore_wind_generation,Wind Onshore,2026-08-23T09:57:02Z
2026-08-23T09:55:52Z,2026-08-23T11:55:52+0200,e9ed0e7a-f773-48fd-b5c3-626d89d5de64,2026-08-02T08:30:00Z,2026-08-02T10:30:00+0200,983.92999,MW,FR,FR,forecast_onshore_wind_generation,Wind Onshore,2026-08-23T09:57:02Z
2026-08-23T09:55:52Z,2026-08-23T11:55:52+0200,e9ed0e7a-f773-48fd-b5c3-626d89d5de64,2026-08-02T08:45:00Z,2026-08-02T10:45:00+0200,998.08984,MW,FR,FR,forecast_onshore_wind_generation,Wind Onshore,2026-08-23T09:57:02Z
2026-08-23T09:55:52Z,2026-08-23T11:55:52+0200,e9ed0e7a-f773-48fd-b5c3-626d89d5de64,2026-08-02T09:00:00Z,2026-08-02T11:00:00+0200,616.40973,MW,FR,FR,forecast_onshore_wind_generation,Wind Onshore,2026-08-23T09:57:02Z
2026-08-23T09:55:52Z,2026-08-23T11:55:52+0200,e9ed0e7a-f773-48fd-b5c3-626d89d5de64,2026-08-02T09:15:00Z,2026-08-02T11:15:00+0200,640.00024,MW,FR,FR,forecast_onshore_wind_generation,Wind Onshore,2026-08-23T09:57:02Z
2026-08-23T09:55:52Z,2026-08-23T11:55:52+0200,e9ed0e7a-f773-48fd-b5c3-626d89d5de64,2026-08-02T09:30:00Z,2026-08-02T11:30:00+0200,663.31018,MW,FR,FR,forecast_onshore_wind_generation,Wind Onshore,2026-08-23T09:57:02Z
2026-08-23T09:55:52Z,2026-08-23T11:55:52+0200,e9ed0e7a-f773-48fd-b5c3-626d89d5de64,2026-08-02T09:45:00Z,2026-08-02T11:45:00+0200,686.87,MW,FR,FR,forecast_onshore_wind_generation,Wind Onshore,2026-08-23T09:57:02Z
2026-08-23T09:55:52Z,2026-08-23T11:55:52+0200,e9ed0e7a-f773-48fd-b5c3-626d89d5de64,2026-08-02T10:00:00Z,2026-08-02T12:00:00+0200,710.21039,MW,FR,FR,forecast_onshore_wind_generation,Wind Onshore,2026-08-23T09:57:02Z
2026-08-23T09:55:52Z,2026-08-23T11:55:52+0200,e9ed0e7a-f773-48fd-b5c3-626d89d5de64,2026-08-02T10:15:00Z,2026-08-02T12:15:00+0200,598.44019,MW,FR,FR,forecast_onshore_wind_generation,Wind Onshore,2026-08-23T09:57:02Z
2026-08-23T09:55:52Z,2026-08-23T11:55:52+0200,e9ed0e7a-f773-48fd-b5c3-626d89d5de64,2026-08-02T10:30:00Z,2026-08-02T12:30:00+0200,477.48981,MW,FR,FR,forecast_onshore_wind_generation,Wind Onshore,2026-08-23T09:57:02Z
2026-08-23T09:55:52Z,2026-08-23T11:55:52+0200,e9ed0e7a-f773-48fd-b5c3-626d89d5de64,2026-08-02T10:45:00Z,2026-08-02T12:45:00+0200,396.22021,MW,FR,FR,forecast_onshore_wind_generation,Wind Onshore,2026-08-23T09:57:02Z
2026-08-23T09:55:52Z,2026-08-23T11:55:52+0200,e9ed0e7a-f773-48fd-b5c3-626d89d5de64,2026-08-02T11:00:00Z,2026-08-02T13:00:00+0200,385.82019,MW,FR,FR,forecast_onshore_wind_generation,Wind Onshore,2026-08-23T09:57:02Z
2026-08-23T09:55:52Z,2026-08-23T11:55:52+0200,e9ed0e7a-f773-48fd-b5c3-626d89d5de64,2026-08-02T11:15:00Z,2026-08-02T13:15:00+0200,374.71979,MW,FR,FR,forecast_onshore_wind_generation,Wind Onshore,2026-08-23T09:57:02Z
2026-08-23T09:55:52Z,2026-08-23T11:55:52+0200,e9ed0e7a-f773-48fd-b5c3-626d89d5de64,2026-08-02T11:30:00Z,2026-08-02T13:30:00+0200,363.93988,MW,FR,FR,forecast_onshore_wind_generation,Wind Onshore,2026-08-23T09:57:02Z
2026-08-23T09:55:52Z,2026-08-23T11:55:52+0200,e9ed0e7a-f773-48fd-b5c3-626d89d5de64,2026-08-02T11:45:00Z,2026-08-02T13:45:00+0200,352.77985,MW,FR,FR,forecast_onshore_wind_generation,Wind Onshore,2026-08-23T09:57:02Z
2026-08-23T09:55:52Z,2026-08-23T11:55:52+0200,e9ed0e7a-f773-48fd-b5c3-626d89d5de64,2026-08-02T12:00:00Z,2026-08-02T14:00:00+0200,341.76007,MW,FR,FR,forecast_onshore_wind_generation,Wind Onshore,2026-08-23T09:57:02Z
2026-08-23T09:55:52Z,2026-08-23T11:55:52+0200,e9ed0e7a-f773-48fd-b5c3-626d89d5de64,2026-08-02T12:15:00Z,2026-08-02T14:15:00+0200,343.31,MW,FR,FR,forecast_onshore_wind_generation,Wind Onshore,2026-08-23T09:57:02Z
2026-08-23T09:55:52Z,2026-08-23T11:55:52+0200,e9ed0e7a-f773-48fd-b5c3-626d89d5de64,2026-08-02T12:30:00Z,2026-08-02T14:30:00+0200,338.72034,MW,FR,FR,forecast_onshore_wind_generation,Wind Onshore,2026-08-23T09:57:02Z
2026-08-23T09:55:52Z,2026-08-23T11:55:52+0200,e9ed0e7a-f773-48fd-b5c3-626d89d5de64,2026-08-02T12:45:00Z,2026-08-02T14:45:00+0200,338.07996,MW,FR,FR,forecast_onshore_wind_generation,Wind Onshore,2026-08-23T09:57:02Z
2026-08-23T09:55:52Z,2026-08-23T11:55:52+0200,e9ed0e7a-f773-48fd-b5c3-626d89d5de64,2026-08-02T13:00:00Z,2026-08-02T15:00:00+0200,396.20987,MW,FR,FR,forecast_onshore_wind_generation,Wind Onshore,2026-08-23T09:57:02Z
2026-08-23T09:55:52Z,2026-08-23T11:55:52+0200,e9ed0e7a-f773-48fd-b5c3-626d89d5de64,2026-08-02T13:15:00Z,2026-08-02T15:15:00+0200,614.84027,MW,FR,FR,forecast_onshore_wind_generation,Wind Onshore,2026-08-23T09:57:02Z
2026-08-23T09:55:52Z,2026-08-23T11:55:52+0200,e9ed0e7a-f773-48fd-b5c3-626d89d5de64,2026-08-02T13:30:00Z,2026-08-02T15:30:00+0200,612.62952,MW,FR,FR,forecast_onshore_wind_generation,Wind Onshore,2026-08-23T09:57:02Z
2026-08-23T09:55:52Z,2026-08-23T11:55:52+0200,e9ed0e7a-f773-48fd-b5c3-626d89d5de64,2026-08-02T13:45:00Z,2026-08-02T15:45:00+0200,610.45984,MW,FR,FR,forecast_onshore_wind_generation,Wind Onshore,2026-08-23T09:57:02Z
2026-08-23T09:55:52Z,2026-08-23T11:55:52+0200,e9ed0e7a-f773-48fd-b5c3-626d89d5de64,2026-08-02T14:00:00Z,2026-08-02T16:00:00+0200,971.0011,MW,FR,FR,forecast_onshore_wind_generation,Wind Onshore,2026-08-23T09:57:02Z
2026-08-23T09:55:52Z,2026-08-23T11:55:52+0200,e9ed0e7a-f773-48fd-b5c3-626d89d5de64,2026-08-02T14:15:00Z,2026-08-02T16:15:00+0200,975.28998,MW,FR,FR,forecast_onshore_wind_generation,Wind Onshore,2026-08-23T09:57:02Z
2026-08-23T09:55:52Z,2026-08-23T11:55:52+0200,e9ed0e7a-f773-48fd-b5c3-626d89d5de64,2026-08-02T14:30:00Z,2026-08-02T16:30:00+0200,979.66003,MW,FR,FR,forecast_onshore_wind_generation,Wind Onshore,2026-08-23T09:57:02Z
2026-08-23T09:55:52Z,2026-08-23T11:55:52+0200,e9ed0e7a-f773-48fd-b5c3-626d89d5de64,2026-08-02T14:45:00Z,2026-08-02T16:45:00+0200,984.09009,MW,FR,FR,forecast_onshore_wind_generation,Wind Onshore,2026-08-23T09:57:02Z
2026-08-23T09:55:52Z,2026-08-23T11:55:52+0200,e9ed0e7a-f773-48fd-b5c3-626d89d5de64,2026-08-02T15:00:00Z,2026-08-02T17:00:00+0200,988.53992,MW,FR,FR,forecast_onshore_wind_generation,Wind Onshore,2026-08-23T09:57:02Z
2026-08-23T09:55:52Z,2026-08-23T11:55:52+0200,e9ed0e7a-f773-48fd-b5c3-626d89d5de64,2026-08-02T15:15:00Z,2026-08-02T17:15:00+0200,990.18994,MW,FR,FR,forecast_onshore_wind_generation,Wind Onshore,2026-08-23T09:57:02Z
2026-08-23T09:55:52Z,2026-08-23T11:55:52+0200,e9ed0e7a-f773-48fd-b5c3-626d89d5de64,2026-08-02T15:30:00Z,2026-08-02T17:30:00+0200,991.88,MW,FR,FR,forecast_onshore_wind_generation,Wind Onshore,2026-08-23T09:57:02Z
2026-08-23T09:55:52Z,2026-08-23T11:55:52+0200,e9ed0e7a-f773-48fd-b5c3-626d89d5de64,2026-08-02T15:45:00Z,2026-08-02T17:45:00+0200,993.71002,MW,FR,FR,forecast_onshore_wind_generation,Wind Onshore,2026-08-23T09:57:02Z
2026-08-23T09:55:52Z,2026-08-23T11:55:52+0200,e9ed0e7a-f773-48fd-b5c3-626d89d5de64,2026-08-02T16:00:00Z,2026-08-02T18:00:00+0200,995.58997,MW,FR,FR,forecast_onshore_wind_generation,Wind Onshore,2026-08-23T09:57:02Z
2026-08-23T09:55:52Z,2026-08-23T11:55:52+0200,e9ed0e7a-f773-48fd-b5c3-626d89d5de64,2026-08-02T16:15:00Z,2026-08-02T18:15:00+0200,1014.72003,MW,FR,FR,forecast_onshore_wind_generation,Wind Onshore,2026-08-23T09:57:02Z
2026-08-23T09:55:52Z,2026-08-23T11:55:52+0200,e9ed0e7a-f773-48fd-b5c3-626d89d5de64,2026-08-02T16:30:00Z,2026-08-02T18:30:00+0200,1034.02002,MW,FR,FR,forecast_onshore_wind_generation,Wind Onshore,2026-08-23T09:57:02Z
2026-08-23T09:55:52Z,2026-08-23T11:55:52+0200,e9ed0e7a-f773-48fd-b5c3-626d89d5de64,2026-08-02T16:45:00Z,2026-08-02T18:45:00+0200,1053.32007,MW,FR,FR,forecast_onshore_wind_generation,Wind Onshore,2026-08-23T09:57:02Z
2026-08-23T09:55:52Z,2026-08-23T11:55:52+0200,e9ed0e7a-f773-48fd-b5c3-626d89d5de64,2026-08-02T17:00:00Z,2026-08-02T19:00:00+0200,1072.65002,MW,FR,FR,forecast_onshore_wind_generation,Wind Onshore,2026-08-23T09:57:02Z
2026-08-23T09:55:52Z,2026-08-23T11:55:52+0200,e9ed0e7a-f773-48fd-b5c3-626d89d5de64,2026-08-02T17:15:00Z,2026-08-02T19:15:00+0200,1136.20007,MW,FR,FR,forecast_onshore_wind_generation,Wind Onshore,2026-08-23T09:57:02Z
2026-08-23T09:55:52Z,2026-08-23T11:55:52+0200,e9ed0e7a-f773-48fd-b5c3-626d89d5de64,2026-08-02T17:30:00Z,2026-08-02T19:30:00+0200,1199.78003,MW,FR,FR,forecast_onshore_wind_generation,Wind Onshore,2026-08-23T09:57:02Z
2026-08-23T09:55:52Z,2026-08-23T11:55:52+0200,e9ed0e7a-f773-48fd-b5c3-626d89d5de64,2026-08-02T17:45:00Z,2026-08-02T19:45:00+0200,1263.38989,MW,FR,FR,forecast_onshore_wind_generation,Wind Onshore,2026-08-23T09:57:02Z
2026-08-23T09:55:52Z,2026-08-23T11:55:52+0200,e9ed0e7a-f773-48fd-b5c3-626d89d5de64,2026-08-02T18:00:00Z,2026-08-02T20:00:00+0200,1327.02002,MW,FR,FR,forecast_onshore_wind_generation,Wind Onshore,2026-08-23T09:57:02Z
2026-08-23T09:55:52Z,2026-08-23T11:55:52+0200,e9ed0e7a-f773-48fd-b5c3-626d89d5de64,2026-08-02T18:15:00Z,2026-08-02T20:15:00+0200,1481.57996,MW,FR,FR,forecast_onshore_wind_generation,Wind Onshore,2026-08-23T09:57:02Z
2026-08-23T09:55:52Z,2026-08-23T11:55:52+0200,e9ed0e7a-f773-48fd-b5c3-626d89d5de64,2026-08-02T18:30:00Z,2026-08-02T20:30:00+0200,1636.15002,MW,FR,FR,forecast_onshore_wind_generation,Wind Onshore,2026-08-23T09:57:02Z
2026-08-23T09:55:52Z,2026-08-23T11:55:52+0200,e9ed0e7a-f773-48fd-b5c3-626d89d5de64,2026-08-02T18:45:00Z,2026-08-02T20:45:00+0200,1790.72998,MW,FR,FR,forecast_onshore_wind_generation,Wind Onshore,2026-08-23T09:57:02Z
2026-08-23T09:55:52Z,2026-08-23T11:55:52+0200,e9ed0e7a-f773-48fd-b5c3-626d89d5de64,2026-08-02T19:00:00Z,2026-08-02T21:00:00+0200,1945.30005,MW,FR,FR,forecast_onshore_wind_generation,Wind Onshore,2026-08-23T09:57:02Z
2026-08-23T09:55:52Z,2026-08-23T11:55:52+0200,e9ed0e7a-f773-48fd-b5c3-626d89d5de64,2026-08-02T19:15:00Z,2026-08-02T21:15:00+0200,2212.41016,MW,FR,FR,forecast_onshore_wind_generation,Wind Onshore,2026-08-23T09:57:02Z
2026-08-23T09:55:52Z,2026-08-23T11:55:52+0200,e9ed0e7a-f773-48fd-b5c3-626d89d5de64,2026-08-02T19:30:00Z,2026-08-02T21:30:00+0200,2479.55981,MW,FR,FR,forecast_onshore_wind_generation,Wind Onshore,2026-08-23T09:57:02Z
2026-08-23T09:55:52Z,2026-08-23T11:55:52+0200,e9ed0e7a-f773-48fd-b5c3-626d89d5de64,2026-08-02T19:45:00Z,2026-08-02T21:45:00+0200,2746.67993,MW,FR,FR,forecast_onshore_wind_generation,Wind Onshore,2026-08-23T09:57:02Z
2026-08-23T09:55:52Z,2026-08-23T11:55:52+0200,e9ed0e7a-f773-48fd-b5c3-626d89d5de64,2026-08-02T20:00:00Z,2026-08-02T22:00:00+0200,3013.84009,MW,FR,FR,forecast_onshore_wind_generation,Wind Onshore,2026-08-23T09:57:02Z
2026-08-23T09:55:52Z,2026-08-23T11:55:52+0200,e9ed0e7a-f773-48fd-b5c3-626d89d5de64,2026-08-02T20:15:00Z,2026-08-02T22:15:00+0200,3169.03979,MW,FR,FR,forecast_onshore_wind_generation,Wind Onshore,2026-08-23T09:57:02Z
2026-08-23T09:55:52Z,2026-08-23T11:55:52+0200,e9ed0e7a-f773-48fd-b5c3-626d89d5de64,2026-08-02T20:30:00Z,2026-08-02T22:30:00+0200,3324.22998,MW,FR,FR,forecast_onshore_wind_generation,Wind Onshore,2026-08-23T09:57:02Z
2026-08-23T09:55:52Z,2026-08-23T11:55:52+0200,e9ed0e7a-f773-48fd-b5c3-626d89d5de64,2026-08-02T20:45:00Z,2026-08-02T22:45:00+0200,3479.44019,MW,FR,FR,forecast_onshore_wind_generation,Wind Onshore,2026-08-23T09:57:02Z
2026-08-23T09:55:52Z,2026-08-23T11:55:52+0200,e9ed0e7a-f773-48fd-b5c3-626d89d5de64,2026-08-02T21:00:00Z,2026-08-02T23:00:00+0200,3634.64966,MW,FR,FR,forecast_onshore_wind_generation,Wind Onshore,2026-08-23T09:57:02Z
2026-08-23T09:55:52Z,2026-08-23T11:55:52+0200,e9ed0e7a-f773-48fd-b5c3-626d89d5de64,2026-08-02T21:15:00Z,2026-08-02T23:15:00+0200,3674.02002,MW,FR,FR,forecast_onshore_wind_generation,Wind Onshore,2026-08-23T09:57:02Z
2026-08-23T09:55:52Z,2026-08-23T11:55:52+0200,e9ed0e7a-f773-48fd-b5c3-626d89d5de64,2026-08-02T21:30:00Z,2026-08-02T23:30:00+0200,3713.39014,MW,FR,FR,forecast_onshore_wind_generation,Wind Onshore,2026-08-23T09:57:02Z
2026-08-23T09:55:52Z,2026-08-23T11:55:52+0200,e9ed0e7a-f773-48fd-b5c3-626d89d5de64,2026-08-02T21:45:00Z,2026-08-02T23:45:00+0200,3752.77002,MW,FR,FR,forecast_onshore_wind_generation,Wind Onshore,2026-08-23T09:57:02Z
2026-08-23T09:55:52Z,2026-08-23T11:55:52+0200,e9ed0e7a-f773-48fd-b5c3-626d89d5de64,2026-08-02T22:00:00Z,2026-08-03T00:00:00+0200,3687.58008,MW,FR,FR,forecast_onshore_wind_generation,Wind Onshore,2026-08-23T09:57:02Z
2026-08-23T09:55:52Z,2026-08-23T11:55:52+0200,e9ed0e7a-f773-48fd-b5c3-626d89d5de64,2026-08-02T22:15:00Z,2026-08-03T00:15:00+0200,3623.75,MW,FR,FR,forecast_onshore_wind_generation,Wind Onshore,2026-08-23T09:57:02Z
2026-08-23T09:55:52Z,2026-08-23T11:55:52+0200,e9ed0e7a-f773-48fd-b5c3-626d89d5de64,2026-08-02T22:30:00Z,2026-08-03T00:30:00+0200,3560.0,MW,FR,FR,forecast_onshore_wind_generation,Wind Onshore,2026-08-23T09:57:02Z
2026-08-23T09:55:52Z,2026-08-23T11:55:52+0200,e9ed0e7a-f773-48fd-b5c3-626d89d5de64,2026-08-02T22:45:00Z,2026-08-03T00:45:00+0200,3496.1499,MW,FR,FR,forecast_onshore_wind_generation,Wind Onshore,2026-08-23T09:57:02Z
2026-08-23T09:55:52Z,2026-08-23T11:55:52+0200,e9ed0e7a-f773-48fd-b5c3-626d89d5de64,2026-08-02T23:00:00Z,2026-08-03T01:00:00+0200,3432.29004,MW,FR,FR,forecast_onshore_wind_generation,Wind Onshore,2026-08-23T09:57:02Z
2026-08-23T09:55:52Z,2026-08-23T11:55:52+0200,e9ed0e7a-f773-48fd-b5c3-626d89d5de64,2026-08-02T23:15:00Z,2026-08-03T01:15:00+0200,3337.14014,MW,FR,FR,forecast_onshore_wind_generation,Wind Onshore,2026-08-23T09:57:02Z
2026-08-23T09:55:52Z,2026-08-23T11:55:52+0200,e9ed0e7a-f773-48fd-b5c3-626d89d5de64,2026-08-02T23:30:00Z,2026-08-03T01:30:00+0200,3242.02002,MW,FR,FR,forecast_onshore_wind_generation,Wind Onshore,2026-08-23T09:57:02Z
2026-08-23T09:55:52Z,2026-08-23T11:55:52+0200,e9ed0e7a-f773-48fd-b5c3-626d89d5de64,2026-08-02T23:45:00Z,2026-08-03T01:45:00+0200,3146.85986,MW,FR,FR,forecast_onshore_wind_generation,Wind Onshore,2026-08-23T09:57:02Z
2026-08-23T09:55:52Z,2026-08-23T11:55:52+0200,e9ed0e7a-f773-48fd-b5c3-626d89d5de64,2026-08-03T00:00:00Z,2026-08-03T02:00:00+0200,3051.71997,MW,FR,FR,forecast_onshore_wind_generation,Wind Onshore,2026-08-23T09:57:02Z
2026-08-23T09:55:52Z,2026-08-23T11:55:52+0200,e9ed0e7a-f773-48fd-b5c3-626d89d5de64,2026-08-03T00:15:00Z,2026-08-03T02:15:00+0200,2970.55005,MW,FR,FR,forecast_onshore_wind_generation,Wind Onshore,2026-08-23T09:57:02Z
2026-08-23T09:55:52Z,2026-08-23T11:55:52+0200,e9ed0e7a-f773-48fd-b5c3-626d89d5de64,2026-08-03T00:30:00Z,2026-08-03T02:30:00+0200,2889.38989,MW,FR,FR,forecast_onshore_wind_generation,Wind Onshore,2026-08-23T09:57:02Z
2026-08-23T09:55:52Z,2026-08-23T11:55:52+0200,e9ed0e7a-f773-48fd-b5c3-626d89d5de64,2026-08-03T00:45:00Z,2026-08-03T02:45:00+0200,2808.30005,MW,FR,FR,forecast_onshore_wind_generation,Wind Onshore,2026-08-23T09:57:02Z
2026-08-23T09:55:52Z,2026-08-23T11:55:52+0200,e9ed0e7a-f773-48fd-b5c3-626d89d5de64,2026-08-03T01:00:00Z,2026-08-03T03:00:00+0200,2727.22021,MW,FR,FR,forecast_onshore_wind_generation,Wind Onshore,2026-08-23T09:57:02Z
2026-08-23T09:55:52Z,2026-08-23T11:55:52+0200,e9ed0e7a-f773-48fd-b5c3-626d89d5de64,2026-08-03T01:15:00Z,2026-08-03T03:15:00+0200,2686.38989,MW,FR,FR,forecast_onshore_wind_generation,Wind Onshore,2026-08-23T09:57:02Z
2026-08-23T09:55:52Z,2026-08-23T11:55:52+0200,e9ed0e7a-f773-48fd-b5c3-626d89d5de64,2026-08-03T01:30:00Z,2026-08-03T03:30:00+0200,2645.58008,MW,FR,FR,forecast_onshore_wind_generation,Wind Onshore,2026-08-23T09:57:02Z
2026-08-23T09:55:52Z,2026-08-23T11:55:52+0200,e9ed0e7a-f773-48fd-b5c3-626d89d5de64,2026-08-03T01:45:00Z,2026-08-03T03:45:00+0200,2604.77002,MW,FR,FR,forecast_onshore_wind_generation,Wind Onshore,2026-08-23T09:57:02Z
2026-08-23T09:55:52Z,2026-08-23T11:55:52+0200,e9ed0e7a-f773-48fd-b5c3-626d89d5de64,2026-08-03T02:00:00Z,2026-08-03T04:00:00+0200,2564.10986,MW,FR,FR,forecast_onshore_wind_generation,Wind Onshore,2026-08-23T09:57:02Z
2026-08-23T09:55:52Z,2026-08-23T11:55:52+0200,e9ed0e7a-f773-48fd-b5c3-626d89d5de64,2026-08-03T02:15:00Z,2026-08-03T04:15:00+0200,2556.20996,MW,FR,FR,forecast_onshore_wind_generation,Wind Onshore,2026-08-23T09:57:02Z
2026-08-23T09:55:52Z,2026-08-23T11:55:52+0200,e9ed0e7a-f773-48fd-b5c3-626d89d5de64,2026-08-03T02:30:00Z,2026-08-03T04:30:00+0200,2548.43994,MW,FR,FR,forecast_onshore_wind_generation,Wind Onshore,2026-08-23T09:57:02Z
2026-08-23T09:55:52Z,2026-08-23T11:55:52+0200,e9ed0e7a-f773-48fd-b5c3-626d89d5de64,2026-08-03T02:45:00Z,2026-08-03T04:45:00+0200,2540.68994,MW,FR,FR,forecast_onshore_wind_generation,Wind Onshore,2026-08-23T09:57:02Z
2026-08-23T09:55:52Z,2026-08-23T11:55:52+0200,e9ed0e7a-f773-48fd-b5c3-626d89d5de64,2026-08-03T03:00:00Z,2026-08-03T05:00:00+0200,2532.9502,MW,FR,FR,forecast_onshore_wind_generation,Wind Onshore,2026-08-23T09:57:02Z
2026-08-23T09:55:52Z,2026-08-23T11:55:52+0200,e9ed0e7a-f773-48fd-b5c3-626d89d5de64,2026-08-03T03:15:00Z,2026-08-03T05:15:00+0200,2527.68994,MW,FR,FR,forecast_onshore_wind_generation,Wind Onshore,2026-08-23T09:57:02Z
2026-08-23T09:55:52Z,2026-08-23T11:55:52+0200,e9ed0e7a-f773-48fd-b5c3-626d89d5de64,2026-08-03T03:30:00Z,2026-08-03T05:30:00+0200,2522.41992,MW,FR,FR,forecast_onshore_wind_generation,Wind Onshore,2026-08-23T09:57:02Z
2026-08-23T09:55:52Z,2026-08-23T11:55:52+0200,e9ed0e7a-f773-48fd-b5c3-626d89d5de64,2026-08-03T03:45:00Z,2026-08-03T05:45:00+0200,2517.20996,MW,FR,FR,forecast_onshore_wind_generation,Wind Onshore,2026-08-23T09:57:02Z
2026-08-23T09:55:52Z,2026-08-23T11:55:52+0200,e9ed0e7a-f773-48fd-b5c3-626d89d5de64,2026-08-03T04:00:00Z,2026-08-03T06:00:00+0200,2512.02002,MW,FR,FR,forecast_onshore_wind_generation,Wind Onshore,2026-08-23T09:57:02Z
2026-08-23T09:55:52Z,2026-08-23T11:55:52+0200,e9ed0e7a-f773-48fd-b5c3-626d89d5de64,2026-08-03T04:15:00Z,2026-08-03T06:15:00+0200,2486.47998,MW,FR,FR,forecast_onshore_wind_generation,Wind Onshore,2026-08-23T09:57:02Z
2026-08-23T09:55:52Z,2026-08-23T11:55:52+0200,e9ed0e7a-f773-48fd-b5c3-626d89d5de64,2026-08-03T04:30:00Z,2026-08-03T06:30:00+0200,2460.96021,MW,FR,FR,forecast_onshore_wind_generation,Wind Onshore,2026-08-23T09:57:02Z
2026-08-23T09:55:52Z,2026-08-23T11:55:52+0200,e9ed0e7a-f773-48fd-b5c3-626d89d5de64,2026-08-03T04:45:00Z,2026-08-03T06:45:00+0200,2435.20996,MW,FR,FR,forecast_onshore_wind_generation,Wind Onshore,2026-08-23T09:57:02Z
2026-08-23T09:55:52Z,2026-08-23T11:55:52+0200,e9ed0e7a-f773-48fd-b5c3-626d89d5de64,2026-08-03T05:00:00Z,2026-08-03T07:00:00+0200,2409.54004,MW,FR,FR,forecast_onshore_wind_generation,Wind Onshore,2026-08-23T09:57:02Z
2026-08-23T09:55:52Z,2026-08-23T11:55:52+0200,e9ed0e7a-f773-48fd-b5c3-626d89d5de64,2026-08-03T05:15:00Z,2026-08-03T07:15:00+0200,2359.51001,MW,FR,FR,forecast_onshore_wind_generation,Wind Onshore,2026-08-23T09:57:02Z
2026-08-23T09:55:52Z,2026-08-23T11:55:52+0200,e9ed0e7a-f773-48fd-b5c3-626d89d5de64,2026-08-03T05:30:00Z,2026-08-03T07:30:00+0200,2309.51001,MW,FR,FR,forecast_onshore_wind_generation,Wind Onshore,2026-08-23T09:57:02Z
2026-08-23T09:55:52Z,2026-08-23T11:55:52+0200,e9ed0e7a-f773-48fd-b5c3-626d89d5de64,2026-08-03T05:45:00Z,2026-08-03T07:45:00+0200,2259.48999,MW,FR,FR,forecast_onshore_wind_generation,Wind Onshore,2026-08-23T09:57:02Z
2026-08-23T09:55:52Z,2026-08-23T11:55:52+0200,e9ed0e7a-f773-48fd-b5c3-626d89d5de64,2026-08-03T06:00:00Z,2026-08-03T08:00:00+0200,2209.47998,MW,FR,FR,forecast_onshore_wind_generation,Wind Onshore,2026-08-23T09:57:02Z
2026-08-23T09:55:52Z,2026-08-23T11:55:52+0200,e9ed0e7a-f773-48fd-b5c3-626d89d5de64,2026-08-03T06:15:00Z,2026-08-03T08:15:00+0200,2088.17993,MW,FR,FR,forecast_onshore_wind_generation,Wind Onshore,2026-08-23T09:57:02Z
2026-08-23T09:55:52Z,2026-08-23T11:55:52+0200,e9ed0e7a-f773-48fd-b5c3-626d89d5de64,2026-08-03T06:30:00Z,2026-08-03T08:30:00+0200,1966.89014,MW,FR,FR,forecast_onshore_wind_generation,Wind Onshore,2026-08-23T09:57:02Z
2026-08-23T09:55:52Z,2026-08-23T11:55:52+0200,e9ed0e7a-f773-48fd-b5c3-626d89d5de64,2026-08-03T06:45:00Z,2026-08-03T08:45:00+0200,1845.56995,MW,FR,FR,forecast_onshore_wind_generation,Wind Onshore,2026-08-23T09:57:02Z
2026-08-23T09:55:52Z,2026-08-23T11:55:52+0200,e9ed0e7a-f773-48fd-b5c3-626d89d5de64,2026-08-03T07:00:00Z,2026-08-03T09:00:00+0200,1724.29993,MW,FR,FR,forecast_onshore_wind_generation,Wind Onshore,2026-08-23T09:57:02Z
2026-08-23T09:55:52Z,2026-08-23T11:55:52+0200,e9ed0e7a-f773-48fd-b5c3-626d89d5de64,2026-08-03T07:15:00Z,2026-08-03T09:15:00+0200,1578.67004,MW,FR,FR,forecast_onshore_wind_generation,Wind Onshore,2026-08-23T09:57:02Z
2026-08-23T09:55:52Z,2026-08-23T11:55:52+0200,e9ed0e7a-f773-48fd-b5c3-626d89d5de64,2026-08-03T07:30:00Z,2026-08-03T09:30:00+0200,1433.13,MW,FR,FR,forecast_onshore_wind_generation,Wind Onshore,2026-08-23T09:57:02Z
2026-08-23T09:55:52Z,2026-08-23T11:55:52+0200,e9ed0e7a-f773-48fd-b5c3-626d89d5de64,2026-08-03T07:45:00Z,2026-08-03T09:45:00+0200,1287.60999,MW,FR,FR,forecast_onshore_wind_generation,Wind Onshore,2026-08-23T09:57:02Z
2026-08-23T09:55:52Z,2026-08-23T11:55:52+0200,e9ed0e7a-f773-48fd-b5c3-626d89d5de64,2026-08-03T08:00:00Z,2026-08-03T10:00:00+0200,1142.12988,MW,FR,FR,forecast_onshore_wind_generation,Wind Onshore,2026-08-23T09:57:02Z
2026-08-23T09:55:52Z,2026-08-23T11:55:52+0200,e9ed0e7a-f773-48fd-b5c3-626d89d5de64,2026-08-03T08:15:00Z,2026-08-03T10:15:00+0200,1139.31995,MW,FR,FR,forecast_onshore_wind_generation,Wind Onshore,2026-08-23T09:57:02Z
2026-08-23T09:55:52Z,2026-08-23T11:55:52+0200,e9ed0e7a-f773-48fd-b5c3-626d89d5de64,2026-08-03T08:30:00Z,2026-08-03T10:30:00+0200,1136.5,MW,FR,FR,forecast_onshore_wind_generation,Wind Onshore,2026-08-23T09:57:02Z
2026-08-23T09:55:52Z,2026-08-23T11:55:52+0200,e9ed0e7a-f773-48fd-b5c3-626d89d5de64,2026-08-03T08:45:00Z,2026-08-03T10:45:00+0200,1133.70996,MW,FR,FR,forecast_onshore_wind_generation,Wind Onshore,2026-08-23T09:57:02Z
2026-08-23T09:55:52Z,2026-08-23T11:55:52+0200,e9ed0e7a-f773-48fd-b5c3-626d89d5de64,2026-08-03T09:00:00Z,2026-08-03T11:00:00+0200,1131.04004,MW,FR,FR,forecast_onshore_wind_generation,Wind Onshore,2026-08-23T09:57:02Z
2026-08-23T09:55:52Z,2026-08-23T11:55:52+0200,e9ed0e7a-f773-48fd-b5c3-626d89d5de64,2026-08-03T09:15:00Z,2026-08-03T11:15:00+0200,1172.94995,MW,FR,FR,forecast_onshore_wind_generation,Wind Onshore,2026-08-23T09:57:02Z
2026-08-23T09:55:52Z,2026-08-23T11:55:52+0200,e9ed0e7a-f773-48fd-b5c3-626d89d5de64,2026-08-03T09:30:00Z,2026-08-03T11:30:00+0200,1215.08008,MW,FR,FR,forecast_onshore_wind_generation,Wind Onshore,2026-08-23T09:57:02Z
2026-08-23T09:55:52Z,2026-08-23T11:55:52+0200,e9ed0e7a-f773-48fd-b5c3-626d89d5de64,2026-08-03T09:45:00Z,2026-08-03T11:45:00+0200,1257.25,MW,FR,FR,forecast_onshore_wind_generation,Wind Onshore,2026-08-23T09:57:02Z
2026-08-23T09:55:52Z,2026-08-23T11:55:52+0200,e9ed0e7a-f773-48fd-b5c3-626d89d5de64,2026-08-03T10:00:00Z,2026-08-03T12:00:00+0200,1299.45996,MW,FR,FR,forecast_onshore_wind_generation,Wind Onshore,2026-08-23T09:57:02Z
2026-08-23T09:55:52Z,2026-08-23T11:55:52+0200,e9ed0e7a-f773-48fd-b5c3-626d89d5de64,2026-08-03T10:15:00Z,2026-08-03T12:15:00+0200,1378.69006,MW,FR,FR,forecast_onshore_wind_generation,Wind Onshore,2026-08-23T09:57:02Z
2026-08-23T09:55:52Z,2026-08-23T11:55:52+0200,e9ed0e7a-f773-48fd-b5c3-626d89d5de64,2026-08-03T10:30:00Z,2026-08-03T12:30:00+0200,1457.96997,MW,FR,FR,forecast_onshore_wind_generation,Wind Onshore,2026-08-23T09:57:02Z
2026-08-23T09:55:52Z,2026-08-23T11:55:52+0200,e9ed0e7a-f773-48fd-b5c3-626d89d5de64,2026-08-03T10:45:00Z,2026-08-03T12:45:00+0200,1537.23999,MW,FR,FR,forecast_onshore_wind_generation,Wind Onshore,2026-08-23T09:57:02Z
2026-08-23T09:55:52Z,2026-08-23T11:55:52+0200,e9ed0e7a-f773-48fd-b5c3-626d89d5de64,2026-08-03T11:00:00Z,2026-08-03T13:00:00+0200,1616.5,MW,FR,FR,forecast_onshore_wind_generation,Wind Onshore,2026-08-23T09:57:02Z
2026-08-23T09:55:52Z,2026-08-23T11:55:52+0200,e9ed0e7a-f773-48fd-b5c3-626d89d5de64,2026-08-03T11:15:00Z,2026-08-03T13:15:00+0200,1630.72998,MW,FR,FR,forecast_onshore_wind_generation,Wind Onshore,2026-08-23T09:57:02Z
2026-08-23T09:55:52Z,2026-08-23T11:55:52+0200,e9ed0e7a-f773-48fd-b5c3-626d89d5de64,2026-08-03T11:30:00Z,2026-08-03T13:30:00+0200,1644.94995,MW,FR,FR,forecast_onshore_wind_generation,Wind Onshore,2026-08-23T09:57:02Z
2026-08-23T09:55:52Z,2026-08-23T11:55:52+0200,e9ed0e7a-f773-48fd-b5c3-626d89d5de64,2026-08-03T11:45:00Z,2026-08-03T13:45:00+0200,1659.16003,MW,FR,FR,forecast_onshore_wind_generation,Wind Onshore,2026-08-23T09:57:02Z
2026-08-23T09:55:52Z,2026-08-23T11:55:52+0200,e9ed0e7a-f773-48fd-b5c3-626d89d5de64,2026-08-03T12:00:00Z,2026-08-03T14:00:00+0200,1673.3999,MW,FR,FR,forecast_onshore_wind_generation,Wind Onshore,2026-08-23T09:57:02Z
2026-08-23T09:55:52Z,2026-08-23T11:55:52+0200,e9ed0e7a-f773-48fd-b5c3-626d89d5de64,2026-08-03T12:15:00Z,2026-08-03T14:15:00+0200,1823.65015,MW,FR,FR,forecast_onshore_wind_generation,Wind Onshore,2026-08-23T09:57:02Z
2026-08-23T09:55:52Z,2026-08-23T11:55:52+0200,e9ed0e7a-f773-48fd-b5c3-626d89d5de64,2026-08-03T12:30:00Z,2026-08-03T14:30:00+0200,1973.89001,MW,FR,FR,forecast_onshore_wind_generation,Wind Onshore,2026-08-23T09:57:02Z
2026-08-23T09:55:52Z,2026-08-23T11:55:52+0200,e9ed0e7a-f773-48fd-b5c3-626d89d5de64,2026-08-03T12:45:00Z,2026-08-03T14:45:00+0200,2124.1499,MW,FR,FR,forecast_onshore_wind_generation,Wind Onshore,2026-08-23T09:57:02Z
2026-08-23T09:55:52Z,2026-08-23T11:55:52+0200,e9ed0e7a-f773-48fd-b5c3-626d89d5de64,2026-08-03T13:00:00Z,2026-08-03T15:00:00+0200,2274.39014,MW,FR,FR,forecast_onshore_wind_generation,Wind Onshore,2026-08-23T09:57:02Z
2026-08-23T09:55:52Z,2026-08-23T11:55:52+0200,e9ed0e7a-f773-48fd-b5c3-626d89d5de64,2026-08-03T13:15:00Z,2026-08-03T15:15:00+0200,2414.1001,MW,FR,FR,forecast_onshore_wind_generation,Wind Onshore,2026-08-23T09:57:02Z
2026-08-23T09:55:52Z,2026-08-23T11:55:52+0200,e9ed0e7a-f773-48fd-b5c3-626d89d5de64,2026-08-03T13:30:00Z,2026-08-03T15:30:00+0200,2553.77002,MW,FR,FR,forecast_onshore_wind_generation,Wind Onshore,2026-08-23T09:57:02Z
2026-08-23T09:55:52Z,2026-08-23T11:55:52+0200,e9ed0e7a-f773-48fd-b5c3-626d89d5de64,2026-08-03T13:45:00Z,2026-08-03T15:45:00+0200,2693.52002,MW,FR,FR,forecast_onshore_wind_generation,Wind Onshore,2026-08-23T09:57:02Z
2026-08-23T09:55:52Z,2026-08-23T11:55:52+0200,e9ed0e7a-f773-48fd-b5c3-626d89d5de64,2026-08-03T14:00:00Z,2026-08-03T16:00:00+0200,2833.27002,MW,FR,FR,forecast_onshore_wind_generation,Wind Onshore,2026-08-23T09:57:02Z
2026-08-23T09:55:52Z,2026-08-23T11:55:52+0200,e9ed0e7a-f773-48fd-b5c3-626d89d5de64,2026-08-03T14:15:00Z,2026-08-03T16:15:00+0200,2799.36011,MW,FR,FR,forecast_onshore_wind_generation,Wind Onshore,2026-08-23T09:57:02Z
2026-08-23T09:55:52Z,2026-08-23T11:55:52+0200,e9ed0e7a-f773-48fd-b5c3-626d89d5de64,2026-08-03T14:30:00Z,2026-08-03T16:30:00+0200,2765.45996,MW,FR,FR,forecast_onshore_wind_generation,Wind Onshore,2026-08-23T09:57:02Z
2026-08-23T09:55:52Z,2026-08-23T11:55:52+0200,e9ed0e7a-f773-48fd-b5c3-626d89d5de64,2026-08-03T14:45:00Z,2026-08-03T16:45:00+0200,2731.70996,MW,FR,FR,forecast_onshore_wind_generation,Wind Onshore,2026-08-23T09:57:02Z
2026-08-23T09:55:52Z,2026-08-23T11:55:52+0200,e9ed0e7a-f773-48fd-b5c3-626d89d5de64,2026-08-03T15:00:00Z,2026-08-03T17:00:00+0200,2698.21997,MW,FR,FR,forecast_onshore_wind_generation,Wind Onshore,2026-08-23T09:57:02Z
2026-08-23T09:55:52Z,2026-08-23T11:55:52+0200,e9ed0e7a-f773-48fd-b5c3-626d89d5de64,2026-08-03T15:15:00Z,2026-08-03T17:15:00+0200,2789.79004,MW,FR,FR,forecast_onshore_wind_generation,Wind Onshore,2026-08-23T09:57:02Z
2026-08-23T09:55:52Z,2026-08-23T11:55:52+0200,e9ed0e7a-f773-48fd-b5c3-626d89d5de64,2026-08-03T15:30:00Z,2026-08-03T17:30:00+0200,2881.38989,MW,FR,FR,forecast_onshore_wind_generation,Wind Onshore,2026-08-23T09:57:02Z
2026-08-23T09:55:52Z,2026-08-23T11:55:52+0200,e9ed0e7a-f773-48fd-b5c3-626d89d5de64,2026-08-03T15:45:00Z,2026-08-03T17:45:00+0200,2972.97998,MW,FR,FR,forecast_onshore_wind_generation,Wind Onshore,2026-08-23T09:57:02Z
2026-08-23T09:55:52Z,2026-08-23T11:55:52+0200,e9ed0e7a-f773-48fd-b5c3-626d89d5de64,2026-08-03T16:00:00Z,2026-08-03T18:00:00+0200,3064.56006,MW,FR,FR,forecast_onshore_wind_generation,Wind Onshore,2026-08-23T09:57:02Z
2026-08-23T09:55:52Z,2026-08-23T11:55:52+0200,e9ed0e7a-f773-48fd-b5c3-626d89d5de64,2026-08-03T16:15:00Z,2026-08-03T18:15:00+0200,2770.26001,MW,FR,FR,forecast_onshore_wind_generation,Wind Onshore,2026-08-23T09:57:02Z
2026-08-23T09:55:52Z,2026-08-23T11:55:52+0200,e9ed0e7a-f773-48fd-b5c3-626d89d5de64,2026-08-03T16:30:00Z,2026-08-03T18:30:00+0200,2476.06006,MW,FR,FR,forecast_onshore_wind_generation,Wind Onshore,2026-08-23T09:57:02Z
2026-08-23T09:55:52Z,2026-08-23T11:55:52+0200,e9ed0e7a-f773-48fd-b5c3-626d89d5de64,2026-08-03T16:45:00Z,2026-08-03T18:45:00+0200,2181.95996,MW,FR,FR,forecast_onshore_wind_generation,Wind Onshore,2026-08-23T09:57:02Z
2026-08-23T09:55:52Z,2026-08-23T11:55:52+0200,e9ed0e7a-f773-48fd-b5c3-626d89d5de64,2026-08-03T17:00:00Z,2026-08-03T19:00:00+0200,1888.01001,MW,FR,FR,forecast_onshore_wind_generation,Wind Onshore,2026-08-23T09:57:02Z
2026-08-23T09:55:52Z,2026-08-23T11:55:52+0200,e9ed0e7a-f773-48fd-b5c3-626d89d5de64,2026-08-03T17:15:00Z,2026-08-03T19:15:00+0200,1786.42993,MW,FR,FR,forecast_onshore_wind_generation,Wind Onshore,2026-08-23T09:57:02Z
2026-08-23T09:55:52Z,2026-08-23T11:55:52+0200,e9ed0e7a-f773-48fd-b5c3-626d89d5de64,2026-08-03T17:30:00Z,2026-08-03T19:30:00+0200,1685.26001,MW,FR,FR,forecast_onshore_wind_generation,Wind Onshore,2026-08-23T09:57:02Z
2026-08-23T09:55:52Z,2026-08-23T11:55:52+0200,e9ed0e7a-f773-48fd-b5c3-626d89d5de64,2026-08-03T17:45:00Z,2026-08-03T19:45:00+0200,1584.30994,MW,FR,FR,forecast_onshore_wind_generation,Wind Onshore,2026-08-23T09:57:02Z
2026-08-23T09:55:52Z,2026-08-23T11:55:52+0200,e9ed0e7a-f773-48fd-b5c3-626d89d5de64,2026-08-03T18:00:00Z,2026-08-03T20:00:00+0200,1483.37,MW,FR,FR,forecast_onshore_wind_generation,Wind Onshore,2026-08-23T09:57:02Z
2026-08-23T09:55:52Z,2026-08-23T11:55:52+0200,e9ed0e7a-f773-48fd-b5c3-626d89d5de64,2026-08-03T18:15:00Z,2026-08-03T20:15:00+0200,1535.63,MW,FR,FR,forecast_onshore_wind_generation,Wind Onshore,2026-08-23T09:57:02Z
2026-08-23T09:55:52Z,2026-08-23T11:55:52+0200,e9ed0e7a-f773-48fd-b5c3-626d89d5de64,2026-08-03T18:30:00Z,2026-08-03T20:30:00+0200,1587.92993,MW,FR,FR,forecast_onshore_wind_generation,Wind Onshore,2026-08-23T09:57:02Z
2026-08-23T09:55:52Z,2026-08-23T11:55:52+0200,e9ed0e7a-f773-48fd-b5c3-626d89d5de64,2026-08-03T18:45:00Z,2026-08-03T20:45:00+0200,1640.07007,MW,FR,FR,forecast_onshore_wind_generation,Wind Onshore,2026-08-23T09:57:02Z
2026-08-23T09:55:52Z,2026-08-23T11:55:52+0200,e9ed0e7a-f773-48fd-b5c3-626d89d5de64,2026-08-03T19:00:00Z,2026-08-03T21:00:00+0200,1692.26001,MW,FR,FR,forecast_onshore_wind_generation,Wind Onshore,2026-08-23T09:57:02Z
2026-08-23T09:55:52Z,2026-08-23T11:55:52+0200,e9ed0e7a-f773-48fd-b5c3-626d89d5de64,2026-08-03T19:15:00Z,2026-08-03T21:15:00+0200,1798.83984,MW,FR,FR,forecast_onshore_wind_generation,Wind Onshore,2026-08-23T09:57:02Z
2026-08-23T09:55:52Z,2026-08-23T11:55:52+0200,e9ed0e7a-f773-48fd-b5c3-626d89d5de64,2026-08-03T19:30:00Z,2026-08-03T21:30:00+0200,1905.42993,MW,FR,FR,forecast_onshore_wind_generation,Wind Onshore,2026-08-23T09:57:02Z
2026-08-23T09:55:52Z,2026-08-23T11:55:52+0200,e9ed0e7a-f773-48fd-b5c3-626d89d5de64,2026-08-03T19:45:00Z,2026-08-03T21:45:00+0200,2012.20996,MW,FR,FR,forecast_onshore_wind_generation,Wind Onshore,2026-08-23T09:57:02Z
2026-08-23T09:55:52Z,2026-08-23T11:55:52+0200,e9ed0e7a-f773-48fd-b5c3-626d89d5de64,2026-08-03T20:00:00Z,2026-08-03T22:00:00+0200,2119.5,MW,FR,FR,forecast_onshore_wind_generation,Wind Onshore,2026-08-23T09:57:02Z
2026-08-23T09:55:52Z,2026-08-23T11:55:52+0200,e9ed0e7a-f773-48fd-b5c3-626d89d5de64,2026-08-03T20:15:00Z,2026-08-03T22:15:00+0200,2197.96997,MW,FR,FR,forecast_onshore_wind_generation,Wind Onshore,2026-08-23T09:57:02Z
2026-08-23T09:55:52Z,2026-08-23T11:55:52+0200,e9ed0e7a-f773-48fd-b5c3-626d89d5de64,2026-08-03T20:30:00Z,2026-08-03T22:30:00+0200,2276.90991,MW,FR,FR,forecast_onshore_wind_generation,Wind Onshore,2026-08-23T09:57:02Z
2026-08-23T09:55:52Z,2026-08-23T11:55:52+0200,e9ed0e7a-f773-48fd-b5c3-626d89d5de64,2026-08-03T20:45:00Z,2026-08-03T22:45:00+0200,2356.05981,MW,FR,FR,forecast_onshore_wind_generation,Wind Onshore,2026-08-23T09:57:02Z
2026-08-23T09:55:52Z,2026-08-23T11:55:52+0200,e9ed0e7a-f773-48fd-b5c3-626d89d5de64,2026-08-03T21:00:00Z,2026-08-03T23:00:00+0200,2435.22998,MW,FR,FR,forecast_onshore_wind_generation,Wind Onshore,2026-08-23T09:57:02Z
2026-08-23T09:55:52Z,2026-08-23T11:55:52+0200,e9ed0e7a-f773-48fd-b5c3-626d89d5de64,2026-08-03T21:15:00Z,2026-08-03T23:15:00+0200,2443.01001,MW,FR,FR,forecast_onshore_wind_generation,Wind Onshore,2026-08-23T09:57:02Z
2026-08-23T09:55:52Z,2026-08-23T11:55:52+0200,e9ed0e7a-f773-48fd-b5c3-626d89d5de64,2026-08-03T21:30:00Z,2026-08-03T23:30:00+0200,2450.78003,MW,FR,FR,forecast_onshore_wind_generation,Wind Onshore,2026-08-23T09:57:02Z
2026-08-23T09:55:52Z,2026-08-23T11:55:52+0200,e9ed0e7a-f773-48fd-b5c3-626d89d5de64,2026-08-03T21:45:00Z,2026-08-03T23:45:00+0200,2458.54004,MW,FR,FR,forecast_onshore_wind_generation,Wind Onshore,2026-08-23T09:57:02Z
2026-08-23T09:55:52Z,2026-08-23T11:55:52+0200,e9ed0e7a-f773-48fd-b5c3-626d89d5de64,2026-08-03T22:00:00Z,2026-08-04T00:00:00+0200,2454.42017,MW,FR,FR,forecast_onshore_wind_generation,Wind Onshore,2026-08-23T09:57:02Z
2026-08-23T09:55:52Z,2026-08-23T11:55:52+0200,e9ed0e7a-f773-48fd-b5c3-626d89d5de64,2026-08-03T22:15:00Z,2026-08-04T00:15:00+0200,2374.63989,MW,FR,FR,forecast_onshore_wind_generation,Wind Onshore,2026-08-23T09:57:02Z
2026-08-23T09:55:52Z,2026-08-23T11:55:52+0200,e9ed0e7a-f773-48fd-b5c3-626d89d5de64,2026-08-03T22:30:00Z,2026-08-04T00:30:00+0200,2296.82983,MW,FR,FR,forecast_onshore_wind_generation,Wind Onshore,2026-08-23T09:57:02Z
2026-08-23T09:55:52Z,2026-08-23T11:55:52+0200,e9ed0e7a-f773-48fd-b5c3-626d89d5de64,2026-08-03T22:45:00Z,2026-08-04T00:45:00+0200,2219.64014,MW,FR,FR,forecast_onshore_wind_generation,Wind Onshore,2026-08-23T09:57:02Z
2026-08-23T09:55:52Z,2026-08-23T11:55:52+0200,e9ed0e7a-f773-48fd-b5c3-626d89d5de64,2026-08-03T23:00:00Z,2026-08-04T01:00:00+0200,2143.87012,MW,FR,FR,forecast_onshore_wind_generation,Wind Onshore,2026-08-23T09:57:02Z
2026-08-23T09:55:52Z,2026-08-23T11:55:52+0200,e9ed0e7a-f773-48fd-b5c3-626d89d5de64,2026-08-03T23:15:00Z,2026-08-04T01:15:00+0200,2178.18994,MW,FR,FR,forecast_onshore_wind_generation,Wind Onshore,2026-08-23T09:57:02Z
2026-08-23T09:55:52Z,2026-08-23T11:55:52+0200,e9ed0e7a-f773-48fd-b5c3-626d89d5de64,2026-08-03T23:30:00Z,2026-08-04T01:30:00+0200,2212.82983,MW,FR,FR,forecast_onshore_wind_generation,Wind Onshore,2026-08-23T09:57:02Z
2026-08-23T09:55:52Z,2026-08-23T11:55:52+0200,e9ed0e7a-f773-48fd-b5c3-626d89d5de64,2026-08-03T23:45:00Z,2026-08-04T01:45:00+0200,2247.91992,MW,FR,FR,forecast_onshore_wind_generation,Wind Onshore,2026-08-23T09:57:02Z
2026-08-23T09:55:52Z,2026-08-23T11:55:52+0200,e9ed0e7a-f773-48fd-b5c3-626d89d5de64,2026-08-04T00:00:00Z,2026-08-04T02:00:00+0200,2283.20996,MW,FR,FR,forecast_onshore_wind_generation,Wind Onshore,2026-08-23T09:57:02Z
2026-08-23T09:55:52Z,2026-08-23T11:55:52+0200,e9ed0e7a-f773-48fd-b5c3-626d89d5de64,2026-08-04T00:15:00Z,2026-08-04T02:15:00+0200,2214.09985,MW,FR,FR,forecast_onshore_wind_generation,Wind Onshore,2026-08-23T09:57:02Z
2026-08-23T09:55:52Z,2026-08-23T11:55:52+0200,e9ed0e7a-f773-48fd-b5c3-626d89d5de64,2026-08-04T00:30:00Z,2026-08-04T02:30:00+0200,2145.30005,MW,FR,FR,forecast_onshore_wind_generation,Wind Onshore,2026-08-23T09:57:02Z
2026-08-23T09:55:52Z,2026-08-23T11:55:52+0200,e9ed0e7a-f773-48fd-b5c3-626d89d5de64,2026-08-04T00:45:00Z,2026-08-04T02:45:00+0200,2076.8999,MW,FR,FR,forecast_onshore_wind_generation,Wind Onshore,2026-08-23T09:57:02Z
2026-08-23T09:55:52Z,2026-08-23T11:55:52+0200,e9ed0e7a-f773-48fd-b5c3-626d89d5de64,2026-08-04T01:00:00Z,2026-08-04T03:00:00+0200,2009.27991,MW,FR,FR,forecast_onshore_wind_generation,Wind Onshore,2026-08-23T09:57:02Z
2026-08-23T09:55:52Z,2026-08-23T11:55:52+0200,e9ed0e7a-f773-48fd-b5c3-626d89d5de64,2026-08-04T01:15:00Z,2026-08-04T03:15:00+0200,2008.85986,MW,FR,FR,forecast_onshore_wind_generation,Wind Onshore,2026-08-23T09:57:02Z
2026-08-23T09:55:52Z,2026-08-23T11:55:52+0200,e9ed0e7a-f773-48fd-b5c3-626d89d5de64,2026-08-04T01:30:00Z,2026-08-04T03:30:00+0200,2009.59998,MW,FR,FR,forecast_onshore_wind_generation,Wind Onshore,2026-08-23T09:57:02Z
2026-08-23T09:55:52Z,2026-08-23T11:55:52+0200,e9ed0e7a-f773-48fd-b5c3-626d89d5de64,2026-08-04T01:45:00Z,2026-08-04T03:45:00+0200,2010.56006,MW,FR,FR,forecast_onshore_wind_generation,Wind Onshore,2026-08-23T09:57:02Z
2026-08-23T09:55:52Z,2026-08-23T11:55:52+0200,e9ed0e7a-f773-48fd-b5c3-626d89d5de64,2026-08-04T02:00:00Z,2026-08-04T04:00:00+0200,2012.23999,MW,FR,FR,forecast_onshore_wind_generation,Wind Onshore,2026-08-23T09:57:02Z
2026-08-23T09:55:52Z,2026-08-23T11:55:52+0200,e9ed0e7a-f773-48fd-b5c3-626d89d5de64,2026-08-04T02:15:00Z,2026-08-04T04:15:00+0200,2070.98999,MW,FR,FR,forecast_onshore_wind_generation,Wind Onshore,2026-08-23T09:57:02Z
2026-08-23T09:55:52Z,2026-08-23T11:55:52+0200,e9ed0e7a-f773-48fd-b5c3-626d89d5de64,2026-08-04T02:30:00Z,2026-08-04T04:30:00+0200,2132.02002,MW,FR,FR,forecast_onshore_wind_generation,Wind Onshore,2026-08-23T09:57:02Z
2026-08-23T09:55:52Z,2026-08-23T11:55:52+0200,e9ed0e7a-f773-48fd-b5c3-626d89d5de64,2026-08-04T02:45:00Z,2026-08-04T04:45:00+0200,2194.61987,MW,FR,FR,forecast_onshore_wind_generation,Wind Onshore,2026-08-23T09:57:02Z
2026-08-23T09:55:52Z,2026-08-23T11:55:52+0200,e9ed0e7a-f773-48fd-b5c3-626d89d5de64,2026-08-04T03:00:00Z,2026-08-04T05:00:00+0200,2257.48999,MW,FR,FR,forecast_onshore_wind_generation,Wind Onshore,2026-08-23T09:57:02Z
2026-08-23T09:55:52Z,2026-08-23T11:55:52+0200,e9ed0e7a-f773-48fd-b5c3-626d89d5de64,2026-08-04T03:15:00Z,2026-08-04T05:15:00+0200,2228.1001,MW,FR,FR,forecast_onshore_wind_generation,Wind Onshore,2026-08-23T09:57:02Z
2026-08-23T09:55:52Z,2026-08-23T11:55:52+0200,e9ed0e7a-f773-48fd-b5c3-626d89d5de64,2026-08-04T03:30:00Z,2026-08-04T05:30:00+0200,2198.89014,MW,FR,FR,forecast_onshore_wind_generation,Wind Onshore,2026-08-23T09:57:02Z
2026-08-23T09:55:52Z,2026-08-23T11:55:52+0200,e9ed0e7a-f773-48fd-b5c3-626d89d5de64,2026-08-04T03:45:00Z,2026-08-04T05:45:00+0200,2169.75,MW,FR,FR,forecast_onshore_wind_generation,Wind Onshore,2026-08-23T09:57:02Z
2026-08-23T09:55:52Z,2026-08-23T11:55:52+0200,e9ed0e7a-f773-48fd-b5c3-626d89d5de64,2026-08-04T04:00:00Z,2026-08-04T06:00:00+0200,2140.8501,MW,FR,FR,forecast_onshore_wind_generation,Wind Onshore,2026-08-23T09:57:02Z
2026-08-23T09:55:52Z,2026-08-23T11:55:52+0200,e9ed0e7a-f773-48fd-b5c3-626d89d5de64,2026-08-04T04:15:00Z,2026-08-04T06:15:00+0200,2038.44006,MW,FR,FR,forecast_onshore_wind_generation,Wind Onshore,2026-08-23T09:57:02Z
2026-08-23T09:55:52Z,2026-08-23T11:55:52+0200,e9ed0e7a-f773-48fd-b5c3-626d89d5de64,2026-08-04T04:30:00Z,2026-08-04T06:30:00+0200,1936.10986,MW,FR,FR,forecast_onshore_wind_generation,Wind Onshore,2026-08-23T09:57:02Z
2026-08-23T09:55:52Z,2026-08-23T11:55:52+0200,e9ed0e7a-f773-48fd-b5c3-626d89d5de64,2026-08-04T04:45:00Z,2026-08-04T06:45:00+0200,1833.88989,MW,FR,FR,forecast_onshore_wind_generation,Wind Onshore,2026-08-23T09:57:02Z
2026-08-23T09:55:52Z,2026-08-23T11:55:52+0200,e9ed0e7a-f773-48fd-b5c3-626d89d5de64,2026-08-04T05:00:00Z,2026-08-04T07:00:00+0200,1732.23999,MW,FR,FR,forecast_onshore_wind_generation,Wind Onshore,2026-08-23T09:57:02Z
2026-08-23T09:55:52Z,2026-08-23T11:55:52+0200,e9ed0e7a-f773-48fd-b5c3-626d89d5de64,2026-08-04T05:15:00Z,2026-08-04T07:15:00+0200,1696.12,MW,FR,FR,forecast_onshore_wind_generation,Wind Onshore,2026-08-23T09:57:02Z
2026-08-23T09:55:52Z,2026-08-23T11:55:52+0200,e9ed0e7a-f773-48fd-b5c3-626d89d5de64,2026-08-04T05:30:00Z,2026-08-04T07:30:00+0200,1660.34009,MW,FR,FR,forecast_onshore_wind_generation,Wind Onshore,2026-08-23T09:57:02Z
2026-08-23T09:55:52Z,2026-08-23T11:55:52+0200,e9ed0e7a-f773-48fd-b5c3-626d89d5de64,2026-08-04T05:45:00Z,2026-08-04T07:45:00+0200,1625.42004,MW,FR,FR,forecast_onshore_wind_generation,Wind Onshore,2026-08-23T09:57:02Z
2026-08-23T09:55:52Z,2026-08-23T11:55:52+0200,e9ed0e7a-f773-48fd-b5c3-626d89d5de64,2026-08-04T06:00:00Z,2026-08-04T08:00:00+0200,1591.38,MW,FR,FR,forecast_onshore_wind_generation,Wind Onshore,2026-08-23T09:57:02Z
2026-08-23T09:55:52Z,2026-08-23T11:55:52+0200,e9ed0e7a-f773-48fd-b5c3-626d89d5de64,2026-08-04T06:15:00Z,2026-08-04T08:15:00+0200,1476.45996,MW,FR,FR,forecast_onshore_wind_generation,Wind Onshore,2026-08-23T09:57:02Z
2026-08-23T09:55:52Z,2026-08-23T11:55:52+0200,e9ed0e7a-f773-48fd-b5c3-626d89d5de64,2026-08-04T06:30:00Z,2026-08-04T08:30:00+0200,1361.79004,MW,FR,FR,forecast_onshore_wind_generation,Wind Onshore,2026-08-23T09:57:02Z
2026-08-23T09:55:52Z,2026-08-23T11:55:52+0200,e9ed0e7a-f773-48fd-b5c3-626d89d5de64,2026-08-04T06:45:00Z,2026-08-04T08:45:00+0200,1247.67004,MW,FR,FR,forecast_onshore_wind_generation,Wind Onshore,2026-08-23T09:57:02Z
2026-08-23T09:55:52Z,2026-08-23T11:55:52+0200,e9ed0e7a-f773-48fd-b5c3-626d89d5de64,2026-08-04T07:00:00Z,2026-08-04T09:00:00+0200,1134.44995,MW,FR,FR,forecast_onshore_wind_generation,Wind Onshore,2026-08-23T09:57:02Z
2026-08-23T09:55:52Z,2026-08-23T11:55:52+0200,e9ed0e7a-f773-48fd-b5c3-626d89d5de64,2026-08-04T07:15:00Z,2026-08-04T09:15:00+0200,1182.71997,MW,FR,FR,forecast_onshore_wind_generation,Wind Onshore,2026-08-23T09:57:02Z
2026-08-23T09:55:52Z,2026-08-23T11:55:52+0200,e9ed0e7a-f773-48fd-b5c3-626d89d5de64,2026-08-04T07:30:00Z,2026-08-04T09:30:00+0200,1231.41992,MW,FR,FR,forecast_onshore_wind_generation,Wind Onshore,2026-08-23T09:57:02Z
2026-08-23T09:55:52Z,2026-08-23T11:55:52+0200,e9ed0e7a-f773-48fd-b5c3-626d89d5de64,2026-08-04T07:45:00Z,2026-08-04T09:45:00+0200,1280.62,MW,FR,FR,forecast_onshore_wind_generation,Wind Onshore,2026-08-23T09:57:02Z
2026-08-23T09:55:52Z,2026-08-23T11:55:52+0200,e9ed0e7a-f773-48fd-b5c3-626d89d5de64,2026-08-04T08:00:00Z,2026-08-04T10:00:00+0200,1329.95996,MW,FR,FR,forecast_onshore_wind_generation,Wind Onshore,2026-08-23T09:57:02Z
2026-08-23T09:55:52Z,2026-08-23T11:55:52+0200,e9ed0e7a-f773-48fd-b5c3-626d89d5de64,2026-08-04T08:15:00Z,2026-08-04T10:15:00+0200,1462.61011,MW,FR,FR,forecast_onshore_wind_generation,Wind Onshore,2026-08-23T09:57:02Z
2026-08-23T09:55:52Z,2026-08-23T11:55:52+0200,e9ed0e7a-f773-48fd-b5c3-626d89d5de64,2026-08-04T08:30:00Z,2026-08-04T10:30:00+0200,1597.57983,MW,FR,FR,forecast_onshore_wind_generation,Wind Onshore,2026-08-23T09:57:02Z
2026-08-23T09:55:52Z,2026-08-23T11:55:52+0200,e9ed0e7a-f773-48fd-b5c3-626d89d5de64,2026-08-04T08:45:00Z,2026-08-04T10:45:00+0200,1732.90015,MW,FR,FR,forecast_onshore_wind_generation,Wind Onshore,2026-08-23T09:57:02Z
2026-08-23T09:55:52Z,2026-08-23T11:55:52+0200,e9ed0e7a-f773-48fd-b5c3-626d89d5de64,2026-08-04T09:00:00Z,2026-08-04T11:00:00+0200,1868.55005,MW,FR,FR,forecast_onshore_wind_generation,Wind Onshore,2026-08-23T09:57:02Z
2026-08-23T09:55:52Z,2026-08-23T11:55:52+0200,e9ed0e7a-f773-48fd-b5c3-626d89d5de64,2026-08-04T09:15:00Z,2026-08-04T11:15:00+0200,1966.44995,MW,FR,FR,forecast_onshore_wind_generation,Wind Onshore,2026-08-23T09:57:02Z
2026-08-23T09:55:52Z,2026-08-23T11:55:52+0200,e9ed0e7a-f773-48fd-b5c3-626d89d5de64,2026-08-04T09:30:00Z,2026-08-04T11:30:00+0200,2064.72998,MW,FR,FR,forecast_onshore_wind_generation,Wind Onshore,2026-08-23T09:57:02Z
2026-08-23T09:55:52Z,2026-08-23T11:55:52+0200,e9ed0e7a-f773-48fd-b5c3-626d89d5de64,2026-08-04T09:45:00Z,2026-08-04T11:45:00+0200,2163.04004,MW,FR,FR,forecast_onshore_wind_generation,Wind Onshore,2026-08-23T09:57:02Z
2026-08-23T09:55:52Z,2026-08-23T11:55:52+0200,e9ed0e7a-f773-48fd-b5c3-626d89d5de64,2026-08-04T10:00:00Z,2026-08-04T12:00:00+0200,2261.48999,MW,FR,FR,forecast_onshore_wind_generation,Wind Onshore,2026-08-23T09:57:02Z
2026-08-23T09:55:52Z,2026-08-23T11:55:52+0200,e9ed0e7a-f773-48fd-b5c3-626d89d5de64,2026-08-04T10:15:00Z,2026-08-04T12:15:00+0200,2434.51001,MW,FR,FR,forecast_onshore_wind_generation,Wind Onshore,2026-08-23T09:57:02Z
2026-08-23T09:55:52Z,2026-08-23T11:55:52+0200,e9ed0e7a-f773-48fd-b5c3-626d89d5de64,2026-08-04T10:30:00Z,2026-08-04T12:30:00+0200,2607.61011,MW,FR,FR,forecast_onshore_wind_generation,Wind Onshore,2026-08-23T09:57:02Z
2026-08-23T09:55:52Z,2026-08-23T11:55:52+0200,e9ed0e7a-f773-48fd-b5c3-626d89d5de64,2026-08-04T10:45:00Z,2026-08-04T12:45:00+0200,2780.73999,MW,FR,FR,forecast_onshore_wind_generation,Wind Onshore,2026-08-23T09:57:02Z
2026-08-23T09:55:52Z,2026-08-23T11:55:52+0200,e9ed0e7a-f773-48fd-b5c3-626d89d5de64,2026-08-04T11:00:00Z,2026-08-04T13:00:00+0200,2953.86987,MW,FR,FR,forecast_onshore_wind_generation,Wind Onshore,2026-08-23T09:57:02Z
2026-08-23T09:55:52Z,2026-08-23T11:55:52+0200,e9ed0e7a-f773-48fd-b5c3-626d89d5de64,2026-08-04T11:15:00Z,2026-08-04T13:15:00+0200,2989.03003,MW,FR,FR,forecast_onshore_wind_generation,Wind Onshore,2026-08-23T09:57:02Z
2026-08-23T09:55:52Z,2026-08-23T11:55:52+0200,e9ed0e7a-f773-48fd-b5c3-626d89d5de64,2026-08-04T11:30:00Z,2026-08-04T13:30:00+0200,3024.22998,MW,FR,FR,forecast_onshore_wind_generation,Wind Onshore,2026-08-23T09:57:02Z
2026-08-23T09:55:52Z,2026-08-23T11:55:52+0200,e9ed0e7a-f773-48fd-b5c3-626d89d5de64,2026-08-04T11:45:00Z,2026-08-04T13:45:00+0200,3059.49023,MW,FR,FR,forecast_onshore_wind_generation,Wind Onshore,2026-08-23T09:57:02Z
2026-08-23T09:55:52Z,2026-08-23T11:55:52+0200,e9ed0e7a-f773-48fd-b5c3-626d89d5de64,2026-08-04T12:00:00Z,2026-08-04T14:00:00+0200,3094.79004,MW,FR,FR,forecast_onshore_wind_generation,Wind Onshore,2026-08-23T09:57:02Z
2026-08-23T09:55:52Z,2026-08-23T11:55:52+0200,e9ed0e7a-f773-48fd-b5c3-626d89d5de64,2026-08-04T12:15:00Z,2026-08-04T14:15:00+0200,3129.93994,MW,FR,FR,forecast_onshore_wind_generation,Wind Onshore,2026-08-23T09:57:02Z
2026-08-23T09:55:52Z,2026-08-23T11:55:52+0200,e9ed0e7a-f773-48fd-b5c3-626d89d5de64,2026-08-04T12:30:00Z,2026-08-04T14:30:00+0200,3165.12988,MW,FR,FR,forecast_onshore_wind_generation,Wind Onshore,2026-08-23T09:57:02Z
2026-08-23T09:55:52Z,2026-08-23T11:55:52+0200,e9ed0e7a-f773-48fd-b5c3-626d89d5de64,2026-08-04T12:45:00Z,2026-08-04T14:45:00+0200,3200.36987,MW,FR,FR,forecast_onshore_wind_generation,Wind Onshore,2026-08-23T09:57:02Z
2026-08-23T09:55:52Z,2026-08-23T11:55:52+0200,e9ed0e7a-f773-48fd-b5c3-626d89d5de64,2026-08-04T13:00:00Z,2026-08-04T15:00:00+0200,3235.69995,MW,FR,FR,forecast_onshore_wind_generation,Wind Onshore,2026-08-23T09:57:02Z
2026-08-23T09:55:52Z,2026-08-23T11:55:52+0200,e9ed0e7a-f773-48fd-b5c3-626d89d5de64,2026-08-04T13:15:00Z,2026-08-04T15:15:00+0200,3317.68018,MW,FR,FR,forecast_onshore_wind_generation,Wind Onshore,2026-08-23T09:57:02Z
2026-08-23T09:55:52Z,2026-08-23T11:55:52+0200,e9ed0e7a-f773-48fd-b5c3-626d89d5de64,2026-08-04T13:30:00Z,2026-08-04T15:30:00+0200,3399.80981,MW,FR,FR,forecast_onshore_wind_generation,Wind Onshore,2026-08-23T09:57:02Z
2026-08-23T09:55:52Z,2026-08-23T11:55:52+0200,e9ed0e7a-f773-48fd-b5c3-626d89d5de64,2026-08-04T13:45:00Z,2026-08-04T15:45:00+0200,3481.98999,MW,FR,FR,forecast_onshore_wind_generation,Wind Onshore,2026-08-23T09:57:02Z
2026-08-23T09:55:52Z,2026-08-23T11:55:52+0200,e9ed0e7a-f773-48fd-b5c3-626d89d5de64,2026-08-04T14:00:00Z,2026-08-04T16:00:00+0200,3564.18018,MW,FR,FR,forecast_onshore_wind_generation,Wind Onshore,2026-08-23T09:57:02Z
2026-08-23T09:55:52Z,2026-08-23T11:55:52+0200,e9ed0e7a-f773-48fd-b5c3-626d89d5de64,2026-08-04T14:15:00Z,2026-08-04T16:15:00+0200,3657.77979,MW,FR,FR,forecast_onshore_wind_generation,Wind Onshore,2026-08-23T09:57:02Z
2026-08-23T09:55:52Z,2026-08-23T11:55:52+0200,e9ed0e7a-f773-48fd-b5c3-626d89d5de64,2026-08-04T14:30:00Z,2026-08-04T16:30:00+0200,3751.54004,MW,FR,FR,forecast_onshore_wind_generation,Wind Onshore,2026-08-23T09:57:02Z
2026-08-23T09:55:52Z,2026-08-23T11:55:52+0200,e9ed0e7a-f773-48fd-b5c3-626d89d5de64,2026-08-04T14:45:00Z,2026-08-04T16:45:00+0200,3845.3103,MW,FR,FR,forecast_onshore_wind_generation,Wind Onshore,2026-08-23T09:57:02Z
2026-08-23T09:55:52Z,2026-08-23T11:55:52+0200,e9ed0e7a-f773-48fd-b5c3-626d89d5de64,2026-08-04T15:00:00Z,2026-08-04T17:00:00+0200,3939.20996,MW,FR,FR,forecast_onshore_wind_generation,Wind Onshore,2026-08-23T09:57:02Z
2026-08-23T09:55:52Z,2026-08-23T11:55:52+0200,e9ed0e7a-f773-48fd-b5c3-626d89d5de64,2026-08-04T15:15:00Z,2026-08-04T17:15:00+0200,3949.68018,MW,FR,FR,forecast_onshore_wind_generation,Wind Onshore,2026-08-23T09:57:02Z
2026-08-23T09:55:52Z,2026-08-23T11:55:52+0200,e9ed0e7a-f773-48fd-b5c3-626d89d5de64,2026-08-04T15:30:00Z,2026-08-04T17:30:00+0200,3960.26001,MW,FR,FR,forecast_onshore_wind_generation,Wind Onshore,2026-08-23T09:57:02Z
2026-08-23T09:55:52Z,2026-08-23T11:55:52+0200,e9ed0e7a-f773-48fd-b5c3-626d89d5de64,2026-08-04T15:45:00Z,2026-08-04T17:45:00+0200,3970.84009,MW,FR,FR,forecast_onshore_wind_generation,Wind Onshore,2026-08-23T09:57:02Z
2026-08-23T09:55:52Z,2026-08-23T11:55:52+0200,e9ed0e7a-f773-48fd-b5c3-626d89d5de64,2026-08-04T16:00:00Z,2026-08-04T18:00:00+0200,3981.66016,MW,FR,FR,forecast_onshore_wind_generation,Wind Onshore,2026-08-23T09:57:02Z
2026-08-23T09:55:52Z,2026-08-23T11:55:52+0200,e9ed0e7a-f773-48fd-b5c3-626d89d5de64,2026-08-04T16:15:00Z,2026-08-04T18:15:00+0200,3988.05005,MW,FR,FR,forecast_onshore_wind_generation,Wind Onshore,2026-08-23T09:57:02Z
2026-08-23T09:55:52Z,2026-08-23T11:55:52+0200,e9ed0e7a-f773-48fd-b5c3-626d89d5de64,2026-08-04T16:30:00Z,2026-08-04T18:30:00+0200,3994.66992,MW,FR,FR,forecast_onshore_wind_generation,Wind Onshore,2026-08-23T09:57:02Z
2026-08-23T09:55:52Z,2026-08-23T11:55:52+0200,e9ed0e7a-f773-48fd-b5c3-626d89d5de64,2026-08-04T16:45:00Z,2026-08-04T18:45:00+0200,4001.33984,MW,FR,FR,forecast_onshore_wind_generation,Wind Onshore,2026-08-23T09:57:02Z
2026-08-23T09:55:52Z,2026-08-23T11:55:52+0200,e9ed0e7a-f773-48fd-b5c3-626d89d5de64,2026-08-04T17:00:00Z,2026-08-04T19:00:00+0200,4008.1499,MW,FR,FR,forecast_onshore_wind_generation,Wind Onshore,2026-08-23T09:57:02Z
2026-08-23T09:55:52Z,2026-08-23T11:55:52+0200,e9ed0e7a-f773-48fd-b5c3-626d89d5de64,2026-08-04T17:15:00Z,2026-08-04T19:15:00+0200,3900.27002,MW,FR,FR,forecast_onshore_wind_generation,Wind Onshore,2026-08-23T09:57:02Z
2026-08-23T09:55:52Z,2026-08-23T11:55:52+0200,e9ed0e7a-f773-48fd-b5c3-626d89d5de64,2026-08-04T17:30:00Z,2026-08-04T19:30:00+0200,3792.38989,MW,FR,FR,forecast_onshore_wind_generation,Wind Onshore,2026-08-23T09:57:02Z
2026-08-23T09:55:52Z,2026-08-23T11:55:52+0200,e9ed0e7a-f773-48fd-b5c3-626d89d5de64,2026-08-04T17:45:00Z,2026-08-04T19:45:00+0200,3684.53003,MW,FR,FR,forecast_onshore_wind_generation,Wind Onshore,2026-08-23T09:57:02Z
2026-08-23T09:55:52Z,2026-08-23T11:55:52+0200,e9ed0e7a-f773-48fd-b5c3-626d89d5de64,2026-08-04T18:00:00Z,2026-08-04T20:00:00+0200,3576.7002,MW,FR,FR,forecast_onshore_wind_generation,Wind Onshore,2026-08-23T09:57:02Z
2026-08-23T09:55:52Z,2026-08-23T11:55:52+0200,e9ed0e7a-f773-48fd-b5c3-626d89d5de64,2026-08-04T18:15:00Z,2026-08-04T20:15:00+0200,3491.82007,MW,FR,FR,forecast_onshore_wind_generation,Wind Onshore,2026-08-23T09:57:02Z
2026-08-23T09:55:52Z,2026-08-23T11:55:52+0200,e9ed0e7a-f773-48fd-b5c3-626d89d5de64,2026-08-04T18:30:00Z,2026-08-04T20:30:00+0200,3407.0,MW,FR,FR,forecast_onshore_wind_generation,Wind Onshore,2026-08-23T09:57:02Z
2026-08-23T09:55:52Z,2026-08-23T11:55:52+0200,e9ed0e7a-f773-48fd-b5c3-626d89d5de64,2026-08-04T18:45:00Z,2026-08-04T20:45:00+0200,3322.17017,MW,FR,FR,forecast_onshore_wind_generation,Wind Onshore,2026-08-23T09:57:02Z
2026-08-23T09:55:52Z,2026-08-23T11:55:52+0200,e9ed0e7a-f773-48fd-b5c3-626d89d5de64,2026-08-04T19:00:00Z,2026-08-04T21:00:00+0200,3237.36987,MW,FR,FR,forecast_onshore_wind_generation,Wind Onshore,2026-08-23T09:57:02Z
2026-08-23T09:55:52Z,2026-08-23T11:55:52+0200,e9ed0e7a-f773-48fd-b5c3-626d89d5de64,2026-08-04T19:15:00Z,2026-08-04T21:15:00+0200,3245.55005,MW,FR,FR,forecast_onshore_wind_generation,Wind Onshore,2026-08-23T09:57:02Z
2026-08-23T09:55:52Z,2026-08-23T11:55:52+0200,e9ed0e7a-f773-48fd-b5c3-626d89d5de64,2026-08-04T19:30:00Z,2026-08-04T21:30:00+0200,3253.94995,MW,FR,FR,forecast_onshore_wind_generation,Wind Onshore,2026-08-23T09:57:02Z
2026-08-23T09:55:52Z,2026-08-23T11:55:52+0200,e9ed0e7a-f773-48fd-b5c3-626d89d5de64,2026-08-04T19:45:00Z,2026-08-04T21:45:00+0200,3262.52002,MW,FR,FR,forecast_onshore_wind_generation,Wind Onshore,2026-08-23T09:57:02Z
2026-08-23T09:55:52Z,2026-08-23T11:55:52+0200,e9ed0e7a-f773-48fd-b5c3-626d89d5de64,2026-08-04T20:00:00Z,2026-08-04T22:00:00+0200,3271.09985,MW,FR,FR,forecast_onshore_wind_generation,Wind Onshore,2026-08-23T09:57:02Z
2026-08-23T09:55:52Z,2026-08-23T11:55:52+0200,e9ed0e7a-f773-48fd-b5c3-626d89d5de64,2026-08-04T20:15:00Z,2026-08-04T22:15:00+0200,3341.03003,MW,FR,FR,forecast_onshore_wind_generation,Wind Onshore,2026-08-23T09:57:02Z
2026-08-23T09:55:52Z,2026-08-23T11:55:52+0200,e9ed0e7a-f773-48fd-b5c3-626d89d5de64,2026-08-04T20:30:00Z,2026-08-04T22:30:00+0200,3410.97998,MW,FR,FR,forecast_onshore_wind_generation,Wind Onshore,2026-08-23T09:57:02Z
2026-08-23T09:55:52Z,2026-08-23T11:55:52+0200,e9ed0e7a-f773-48fd-b5c3-626d89d5de64,2026-08-04T20:45:00Z,2026-08-04T22:45:00+0200,3480.90991,MW,FR,FR,forecast_onshore_wind_generation,Wind Onshore,2026-08-23T09:57:02Z
2026-08-23T09:55:52Z,2026-08-23T11:55:52+0200,e9ed0e7a-f773-48fd-b5c3-626d89d5de64,2026-08-04T21:00:00Z,2026-08-04T23:00:00+0200,3550.84985,MW,FR,FR,forecast_onshore_wind_generation,Wind Onshore,2026-08-23T09:57:02Z
2026-08-23T09:55:52Z,2026-08-23T11:55:52+0200,e9ed0e7a-f773-48fd-b5c3-626d89d5de64,2026-08-04T21:15:00Z,2026-08-04T23:15:00+0200,3583.02002,MW,FR,FR,forecast_onshore_wind_generation,Wind Onshore,2026-08-23T09:57:02Z
2026-08-23T09:55:52Z,2026-08-23T11:55:52+0200,e9ed0e7a-f773-48fd-b5c3-626d89d5de64,2026-08-04T21:30:00Z,2026-08-04T23:30:00+0200,3615.21021,MW,FR,FR,forecast_onshore_wind_generation,Wind Onshore,2026-08-23T09:57:02Z
2026-08-23T09:55:52Z,2026-08-23T11:55:52+0200,e9ed0e7a-f773-48fd-b5c3-626d89d5de64,2026-08-04T21:45:00Z,2026-08-04T23:45:00+0200,3647.49023,MW,FR,FR,forecast_onshore_wind_generation,Wind Onshore,2026-08-23T09:57:02Z
2026-08-23T09:55:52Z,2026-08-23T11:55:52+0200,e9ed0e7a-f773-48fd-b5c3-626d89d5de64,2026-08-04T22:00:00Z,2026-08-05T00:00:00+0200,3134.31006,MW,FR,FR,forecast_onshore_wind_generation,Wind Onshore,2026-08-23T09:57:02Z
2026-08-23T09:55:52Z,2026-08-23T11:55:52+0200,e9ed0e7a-f773-48fd-b5c3-626d89d5de64,2026-08-04T22:15:00Z,2026-08-05T00:15:00+0200,3194.21997,MW,FR,FR,forecast_onshore_wind_generation,Wind Onshore,2026-08-23T09:57:02Z
2026-08-23T09:55:52Z,2026-08-23T11:55:52+0200,e9ed0e7a-f773-48fd-b5c3-626d89d5de64,2026-08-04T22:30:00Z,2026-08-05T00:30:00+0200,3254.3501,MW,FR,FR,forecast_onshore_wind_generation,Wind Onshore,2026-08-23T09:57:02Z
2026-08-23T09:55:52Z,2026-08-23T11:55:52+0200,e9ed0e7a-f773-48fd-b5c3-626d89d5de64,2026-08-04T22:45:00Z,2026-08-05T00:45:00+0200,3314.96997,MW,FR,FR,forecast_onshore_wind_generation,Wind Onshore,2026-08-23T09:57:02Z
2026-08-23T09:55:52Z,2026-08-23T11:55:52+0200,e9ed0e7a-f773-48fd-b5c3-626d89d5de64,2026-08-04T23:00:00Z,2026-08-05T01:00:00+0200,3375.79004,MW,FR,FR,forecast_onshore_wind_generation,Wind Onshore,2026-08-23T09:57:02Z
2026-08-23T09:55:52Z,2026-08-23T11:55:52+0200,e9ed0e7a-f773-48fd-b5c3-626d89d5de64,2026-08-04T23:15:00Z,2026-08-05T01:15:00+0200,3330.88989,MW,FR,FR,forecast_onshore_wind_generation,Wind Onshore,2026-08-23T09:57:02Z
2026-08-23T09:55:52Z,2026-08-23T11:55:52+0200,e9ed0e7a-f773-48fd-b5c3-626d89d5de64,2026-08-04T23:30:00Z,2026-08-05T01:30:00+0200,3286.15991,MW,FR,FR,forecast_onshore_wind_generation,Wind Onshore,2026-08-23T09:57:02Z
2026-08-23T09:55:52Z,2026-08-23T11:55:52+0200,e9ed0e7a-f773-48fd-b5c3-626d89d5de64,2026-08-04T23:45:00Z,2026-08-05T01:45:00+0200,3241.95996,MW,FR,FR,forecast_onshore_wind_generation,Wind Onshore,2026-08-23T09:57:02Z
2026-08-23T09:55:52Z,2026-08-23T11:55:52+0200,e9ed0e7a-f773-48fd-b5c3-626d89d5de64,2026-08-05T00:00:00Z,2026-08-05T02:00:00+0200,3197.79004,MW,FR,FR,forecast_onshore_wind_generation,Wind Onshore,2026-08-23T09:57:02Z
2026-08-23T09:55:52Z,2026-08-23T11:55:52+0200,e9ed0e7a-f773-48fd-b5c3-626d89d5de64,2026-08-05T00:15:00Z,2026-08-05T02:15:00+0200,3178.08984,MW,FR,FR,forecast_onshore_wind_generation,Wind Onshore,2026-08-23T09:57:02Z
2026-08-23T09:55:52Z,2026-08-23T11:55:52+0200,e9ed0e7a-f773-48fd-b5c3-626d89d5de64,2026-08-05T00:30:00Z,2026-08-05T02:30:00+0200,3158.37988,MW,FR,FR,forecast_onshore_wind_generation,Wind Onshore,2026-08-23T09:57:02Z
2026-08-23T09:55:52Z,2026-08-23T11:55:52+0200,e9ed0e7a-f773-48fd-b5c3-626d89d5de64,2026-08-05T00:45:00Z,2026-08-05T02:45:00+0200,3138.69995,MW,FR,FR,forecast_onshore_wind_generation,Wind Onshore,2026-08-23T09:57:02Z
2026-08-23T09:55:52Z,2026-08-23T11:55:52+0200,e9ed0e7a-f773-48fd-b5c3-626d89d5de64,2026-08-05T01:00:00Z,2026-08-05T03:00:00+0200,3119.06006,MW,FR,FR,forecast_onshore_wind_generation,Wind Onshore,2026-08-23T09:57:02Z
2026-08-23T09:55:52Z,2026-08-23T11:55:52+0200,e9ed0e7a-f773-48fd-b5c3-626d89d5de64,2026-08-05T01:15:00Z,2026-08-05T03:15:00+0200,3188.7002,MW,FR,FR,forecast_onshore_wind_generation,Wind Onshore,2026-08-23T09:57:02Z
2026-08-23T09:55:52Z,2026-08-23T11:55:52+0200,e9ed0e7a-f773-48fd-b5c3-626d89d5de64,2026-08-05T01:30:00Z,2026-08-05T03:30:00+0200,3258.30981,MW,FR,FR,forecast_onshore_wind_generation,Wind Onshore,2026-08-23T09:57:02Z
2026-08-23T09:55:52Z,2026-08-23T11:55:52+0200,e9ed0e7a-f773-48fd-b5c3-626d89d5de64,2026-08-05T01:45:00Z,2026-08-05T03:45:00+0200,3327.87988,MW,FR,FR,forecast_onshore_wind_generation,Wind Onshore,2026-08-23T09:57:02Z
2026-08-23T09:55:52Z,2026-08-23T11:55:52+0200,e9ed0e7a-f773-48fd-b5c3-626d89d5de64,2026-08-05T02:00:00Z,2026-08-05T04:00:00+0200,3397.48999,MW,FR,FR,forecast_onshore_wind_generation,Wind Onshore,2026-08-23T09:57:02Z
2026-08-23T09:55:52Z,2026-08-23T11:55:52+0200,e9ed0e7a-f773-48fd-b5c3-626d89d5de64,2026-08-05T02:15:00Z,2026-08-05T04:15:00+0200,3447.67017,MW,FR,FR,forecast_onshore_wind_generation,Wind Onshore,2026-08-23T09:57:02Z
2026-08-23T09:55:52Z,2026-08-23T11:55:52+0200,e9ed0e7a-f773-48fd-b5c3-626d89d5de64,2026-08-05T02:30:00Z,2026-08-05T04:30:00+0200,3497.86011,MW,FR,FR,forecast_onshore_wind_generation,Wind Onshore,2026-08-23T09:57:02Z
2026-08-23T09:55:52Z,2026-08-23T11:55:52+0200,e9ed0e7a-f773-48fd-b5c3-626d89d5de64,2026-08-05T02:45:00Z,2026-08-05T04:45:00+0200,3547.98022,MW,FR,FR,forecast_onshore_wind_generation,Wind Onshore,2026-08-23T09:57:02Z
2026-08-23T09:55:52Z,2026-08-23T11:55:52+0200,e9ed0e7a-f773-48fd-b5c3-626d89d5de64,2026-08-05T03:00:00Z,2026-08-05T05:00:00+0200,3598.12012,MW,FR,FR,forecast_onshore_wind_generation,Wind Onshore,2026-08-23T09:57:02Z
2026-08-23T09:55:52Z,2026-08-23T11:55:52+0200,e9ed0e7a-f773-48fd-b5c3-626d89d5de64,2026-08-05T03:15:00Z,2026-08-05T05:15:00+0200,3615.62988,MW,FR,FR,forecast_onshore_wind_generation,Wind Onshore,2026-08-23T09:57:02Z
2026-08-23T09:55:52Z,2026-08-23T11:55:52+0200,e9ed0e7a-f773-48fd-b5c3-626d89d5de64,2026-08-05T03:30:00Z,2026-08-05T05:30:00+0200,3633.1499,MW,FR,FR,forecast_onshore_wind_generation,Wind Onshore,2026-08-23T09:57:02Z
2026-08-23T09:55:52Z,2026-08-23T11:55:52+0200,e9ed0e7a-f773-48fd-b5c3-626d89d5de64,2026-08-05T03:45:00Z,2026-08-05T05:45:00+0200,3650.75977,MW,FR,FR,forecast_onshore_wind_generation,Wind Onshore,2026-08-23T09:57:02Z
2026-08-23T09:55:52Z,2026-08-23T11:55:52+0200,e9ed0e7a-f773-48fd-b5c3-626d89d5de64,2026-08-05T04:00:00Z,2026-08-05T06:00:00+0200,3668.36987,MW,FR,FR,forecast_onshore_wind_generation,Wind Onshore,2026-08-23T09:57:02Z
2026-08-23T09:55:52Z,2026-08-23T11:55:52+0200,e9ed0e7a-f773-48fd-b5c3-626d89d5de64,2026-08-05T04:15:00Z,2026-08-05T06:15:00+0200,3654.19019,MW,FR,FR,forecast_onshore_wind_generation,Wind Onshore,2026-08-23T09:57:02Z
2026-08-23T09:55:52Z,2026-08-23T11:55:52+0200,e9ed0e7a-f773-48fd-b5c3-626d89d5de64,2026-08-05T04:30:00Z,2026-08-05T06:30:00+0200,3640.07031,MW,FR,FR,forecast_onshore_wind_generation,Wind Onshore,2026-08-23T09:57:02Z
2026-08-23T09:55:52Z,2026-08-23T11:55:52+0200,e9ed0e7a-f773-48fd-b5c3-626d89d5de64,2026-08-05T04:45:00Z,2026-08-05T06:45:00+0200,3626.03003,MW,FR,FR,forecast_onshore_wind_generation,Wind Onshore,2026-08-23T09:57:02Z
2026-08-23T09:55:52Z,2026-08-23T11:55:52+0200,e9ed0e7a-f773-48fd-b5c3-626d89d5de64,2026-08-05T05:00:00Z,2026-08-05T07:00:00+0200,3612.01001,MW,FR,FR,forecast_onshore_wind_generation,Wind Onshore,2026-08-23T09:57:02Z
2026-08-23T09:55:52Z,2026-08-23T11:55:52+0200,e9ed0e7a-f773-48fd-b5c3-626d89d5de64,2026-08-05T05:15:00Z,2026-08-05T07:15:00+0200,3556.27979,MW,FR,FR,forecast_onshore_wind_generation,Wind Onshore,2026-08-23T09:57:02Z
2026-08-23T09:55:52Z,2026-08-23T11:55:52+0200,e9ed0e7a-f773-48fd-b5c3-626d89d5de64,2026-08-05T05:30:00Z,2026-08-05T07:30:00+0200,3500.56982,MW,FR,FR,forecast_onshore_wind_generation,Wind Onshore,2026-08-23T09:57:02Z
2026-08-23T09:55:52Z,2026-08-23T11:55:52+0200,e9ed0e7a-f773-48fd-b5c3-626d89d5de64,2026-08-05T05:45:00Z,2026-08-05T07:45:00+0200,3445.07007,MW,FR,FR,forecast_onshore_wind_generation,Wind Onshore,2026-08-23T09:57:02Z
2026-08-23T09:55:52Z,2026-08-23T11:55:52+0200,e9ed0e7a-f773-48fd-b5c3-626d89d5de64,2026-08-05T06:00:00Z,2026-08-05T08:00:00+0200,3389.58008,MW,FR,FR,forecast_onshore_wind_generation,Wind Onshore,2026-08-23T09:57:02Z
2026-08-23T09:55:52Z,2026-08-23T11:55:52+0200,e9ed0e7a-f773-48fd-b5c3-626d89d5de64,2026-08-05T06:15:00Z,2026-08-05T08:15:00+0200,3330.85986,MW,FR,FR,forecast_onshore_wind_generation,Wind Onshore,2026-08-23T09:57:02Z
2026-08-23T09:55:52Z,2026-08-23T11:55:52+0200,e9ed0e7a-f773-48fd-b5c3-626d89d5de64,2026-08-05T06:30:00Z,2026-08-05T08:30:00+0200,3272.13013,MW,FR,FR,forecast_onshore_wind_generation,Wind Onshore,2026-08-23T09:57:02Z
2026-08-23T09:55:52Z,2026-08-23T11:55:52+0200,e9ed0e7a-f773-48fd-b5c3-626d89d5de64,2026-08-05T06:45:00Z,2026-08-05T08:45:00+0200,3213.4502,MW,FR,FR,forecast_onshore_wind_generation,Wind Onshore,2026-08-23T09:57:02Z
2026-08-23T09:55:52Z,2026-08-23T11:55:52+0200,e9ed0e7a-f773-48fd-b5c3-626d89d5de64,2026-08-05T07:00:00Z,2026-08-05T09:00:00+0200,3154.77002,MW,FR,FR,forecast_onshore_wind_generation,Wind Onshore,2026-08-23T09:57:02Z
2026-08-23T09:55:52Z,2026-08-23T11:55:52+0200,e9ed0e7a-f773-48fd-b5c3-626d89d5de64,2026-08-05T07:15:00Z,2026-08-05T09:15:00+0200,3247.76001,MW,FR,FR,forecast_onshore_wind_generation,Wind Onshore,2026-08-23T09:57:02Z
2026-08-23T09:55:52Z,2026-08-23T11:55:52+0200,e9ed0e7a-f773-48fd-b5c3-626d89d5de64,2026-08-05T07:30:00Z,2026-08-05T09:30:00+0200,3340.72021,MW,FR,FR,forecast_onshore_wind_generation,Wind Onshore,2026-08-23T09:57:02Z
2026-08-23T09:55:52Z,2026-08-23T11:55:52+0200,e9ed0e7a-f773-48fd-b5c3-626d89d5de64,2026-08-05T07:45:00Z,2026-08-05T09:45:00+0200,3433.76001,MW,FR,FR,forecast_onshore_wind_generation,Wind Onshore,2026-08-23T09:57:02Z
2026-08-23T09:55:52Z,2026-08-23T11:55:52+0200,e9ed0e7a-f773-48fd-b5c3-626d89d5de64,2026-08-05T08:00:00Z,2026-08-05T10:00:00+0200,3526.77979,MW,FR,FR,forecast_onshore_wind_generation,Wind Onshore,2026-08-23T09:57:02Z
2026-08-23T09:55:52Z,2026-08-23T11:55:52+0200,e9ed0e7a-f773-48fd-b5c3-626d89d5de64,2026-08-05T08:15:00Z,2026-08-05T10:15:00+0200,3673.86011,MW,FR,FR,forecast_onshore_wind_generation,Wind Onshore,2026-08-23T09:57:02Z
2026-08-23T09:55:52Z,2026-08-23T11:55:52+0200,e9ed0e7a-f773-48fd-b5c3-626d89d5de64,2026-08-05T08:30:00Z,2026-08-05T10:30:00+0200,3820.94995,MW,FR,FR,forecast_onshore_wind_generation,Wind Onshore,2026-08-23T09:57:02Z
2026-08-23T09:55:52Z,2026-08-23T11:55:52+0200,e9ed0e7a-f773-48fd-b5c3-626d89d5de64,2026-08-05T08:45:00Z,2026-08-05T10:45:00+0200,3968.14014,MW,FR,FR,forecast_onshore_wind_generation,Wind Onshore,2026-08-23T09:57:02Z
2026-08-23T09:55:52Z,2026-08-23T11:55:52+0200,e9ed0e7a-f773-48fd-b5c3-626d89d5de64,2026-08-05T09:00:00Z,2026-08-05T11:00:00+0200,4115.33008,MW,FR,FR,forecast_onshore_wind_generation,Wind Onshore,2026-08-23T09:57:02Z
2026-08-23T09:55:52Z,2026-08-23T11:55:52+0200,e9ed0e7a-f773-48fd-b5c3-626d89d5de64,2026-08-05T09:15:00Z,2026-08-05T11:15:00+0200,4283.00977,MW,FR,FR,forecast_onshore_wind_generation,Wind Onshore,2026-08-23T09:57:02Z
2026-08-23T09:55:52Z,2026-08-23T11:55:52+0200,e9ed0e7a-f773-48fd-b5c3-626d89d5de64,2026-08-05T09:30:00Z,2026-08-05T11:30:00+0200,4450.68018,MW,FR,FR,forecast_onshore_wind_generation,Wind Onshore,2026-08-23T09:57:02Z
2026-08-23T09:55:52Z,2026-08-23T11:55:52+0200,e9ed0e7a-f773-48fd-b5c3-626d89d5de64,2026-08-05T09:45:00Z,2026-08-05T11:45:00+0200,4618.35986,MW,FR,FR,forecast_onshore_wind_generation,Wind Onshore,2026-08-23T09:57:02Z
2026-08-23T09:55:52Z,2026-08-23T11:55:52+0200,e9ed0e7a-f773-48fd-b5c3-626d89d5de64,2026-08-05T10:00:00Z,2026-08-05T12:00:00+0200,4786.01025,MW,FR,FR,forecast_onshore_wind_generation,Wind Onshore,2026-08-23T09:57:02Z
2026-08-23T09:55:52Z,2026-08-23T11:55:52+0200,e9ed0e7a-f773-48fd-b5c3-626d89d5de64,2026-08-05T10:15:00Z,2026-08-05T12:15:00+0200,4971.87988,MW,FR,FR,forecast_onshore_wind_generation,Wind Onshore,2026-08-23T09:57:02Z
2026-08-23T09:55:52Z,2026-08-23T11:55:52+0200,e9ed0e7a-f773-48fd-b5c3-626d89d5de64,2026-08-05T10:30:00Z,2026-08-05T12:30:00+0200,5157.72998,MW,FR,FR,forecast_onshore_wind_generation,Wind Onshore,2026-08-23T09:57:02Z
2026-08-23T09:55:52Z,2026-08-23T11:55:52+0200,e9ed0e7a-f773-48fd-b5c3-626d89d5de64,2026-08-05T10:45:00Z,2026-08-05T12:45:00+0200,5343.62012,MW,FR,FR,forecast_onshore_wind_generation,Wind Onshore,2026-08-23T09:57:02Z
2026-08-23T09:55:52Z,2026-08-23T11:55:52+0200,e9ed0e7a-f773-48fd-b5c3-626d89d5de64,2026-08-05T11:00:00Z,2026-08-05T13:00:00+0200,5529.5,MW,FR,FR,forecast_onshore_wind_generation,Wind Onshore,2026-08-23T09:57:02Z
2026-08-23T09:55:52Z,2026-08-23T11:55:52+0200,e9ed0e7a-f773-48fd-b5c3-626d89d5de64,2026-08-05T11:15:00Z,2026-08-05T13:15:00+0200,5691.19043,MW,FR,FR,forecast_onshore_wind_generation,Wind Onshore,2026-08-23T09:57:02Z
2026-08-23T09:55:52Z,2026-08-23T11:55:52+0200,e9ed0e7a-f773-48fd-b5c3-626d89d5de64,2026-08-05T11:30:00Z,2026-08-05T13:30:00+0200,5852.88965,MW,FR,FR,forecast_onshore_wind_generation,Wind Onshore,2026-08-23T09:57:02Z
2026-08-23T09:55:52Z,2026-08-23T11:55:52+0200,e9ed0e7a-f773-48fd-b5c3-626d89d5de64,2026-08-05T11:45:00Z,2026-08-05T13:45:00+0200,6014.54004,MW,FR,FR,forecast_onshore_wind_generation,Wind Onshore,2026-08-23T09:57:02Z
2026-08-23T09:55:52Z,2026-08-23T11:55:52+0200,e9ed0e7a-f773-48fd-b5c3-626d89d5de64,2026-08-05T12:00:00Z,2026-08-05T14:00:00+0200,6176.2002,MW,FR,FR,forecast_onshore_wind_generation,Wind Onshore,2026-08-23T09:57:02Z
2026-08-23T09:55:52Z,2026-08-23T11:55:52+0200,e9ed0e7a-f773-48fd-b5c3-626d89d5de64,2026-08-05T12:15:00Z,2026-08-05T14:15:00+0200,6264.29004,MW,FR,FR,forecast_onshore_wind_generation,Wind Onshore,2026-08-23T09:57:02Z
2026-08-23T09:55:52Z,2026-08-23T11:55:52+0200,e9ed0e7a-f773-48fd-b5c3-626d89d5de64,2026-08-05T12:30:00Z,2026-08-05T14:30:00+0200,6352.37988,MW,FR,FR,forecast_onshore_wind_generation,Wind Onshore,2026-08-23T09:57:02Z
2026-08-23T09:55:52Z,2026-08-23T11:55:52+0200,e9ed0e7a-f773-48fd-b5c3-626d89d5de64,2026-08-05T12:45:00Z,2026-08-05T14:45:00+0200,6440.41016,MW,FR,FR,forecast_onshore_wind_generation,Wind Onshore,2026-08-23T09:57:02Z
2026-08-23T09:55:52Z,2026-08-23T11:55:52+0200,e9ed0e7a-f773-48fd-b5c3-626d89d5de64,2026-08-05T13:00:00Z,2026-08-05T15:00:00+0200,6528.43994,MW,FR,FR,forecast_onshore_wind_generation,Wind Onshore,2026-08-23T09:57:02Z
2026-08-23T09:55:52Z,2026-08-23T11:55:52+0200,e9ed0e7a-f773-48fd-b5c3-626d89d5de64,2026-08-05T13:15:00Z,2026-08-05T15:15:00+0200,6527.80029,MW,FR,FR,forecast_onshore_wind_generation,Wind Onshore,2026-08-23T09:57:02Z
2026-08-23T09:55:52Z,2026-08-23T11:55:52+0200,e9ed0e7a-f773-48fd-b5c3-626d89d5de64,2026-08-05T13:30:00Z,2026-08-05T15:30:00+0200,6527.16016,MW,FR,FR,forecast_onshore_wind_generation,Wind Onshore,2026-08-23T09:57:02Z
2026-08-23T09:55:52Z,2026-08-23T11:55:52+0200,e9ed0e7a-f773-48fd-b5c3-626d89d5de64,2026-08-05T13:45:00Z,2026-08-05T15:45:00+0200,6526.3999,MW,FR,FR,forecast_onshore_wind_generation,Wind Onshore,2026-08-23T09:57:02Z
2026-08-23T09:55:52Z,2026-08-23T11:55:52+0200,e9ed0e7a-f773-48fd-b5c3-626d89d5de64,2026-08-05T14:00:00Z,2026-08-05T16:00:00+0200,6525.64014,MW,FR,FR,forecast_onshore_wind_generation,Wind Onshore,2026-08-23T09:57:02Z
2026-08-23T09:55:52Z,2026-08-23T11:55:52+0200,e9ed0e7a-f773-48fd-b5c3-626d89d5de64,2026-08-05T14:15:00Z,2026-08-05T16:15:00+0200,6458.21973,MW,FR,FR,forecast_onshore_wind_generation,Wind Onshore,2026-08-23T09:57:02Z
2026-08-23T09:55:52Z,2026-08-23T11:55:52+0200,e9ed0e7a-f773-48fd-b5c3-626d89d5de64,2026-08-05T14:30:00Z,2026-08-05T16:30:00+0200,6390.7998,MW,FR,FR,forecast_onshore_wind_generation,Wind Onshore,2026-08-23T09:57:02Z
2026-08-23T09:55:52Z,2026-08-23T11:55:52+0200,e9ed0e7a-f773-48fd-b5c3-626d89d5de64,2026-08-05T14:45:00Z,2026-08-05T16:45:00+0200,6323.41992,MW,FR,FR,forecast_onshore_wind_generation,Wind Onshore,2026-08-23T09:57:02Z
2026-08-23T09:55:52Z,2026-08-23T11:55:52+0200,e9ed0e7a-f773-48fd-b5c3-626d89d5de64,2026-08-05T15:00:00Z,2026-08-05T17:00:00+0200,6256.02979,MW,FR,FR,forecast_onshore_wind_generation,Wind Onshore,2026-08-23T09:57:02Z
2026-08-23T09:55:52Z,2026-08-23T11:55:52+0200,e9ed0e7a-f773-48fd-b5c3-626d89d5de64,2026-08-05T15:15:00Z,2026-08-05T17:15:00+0200,6190.19971,MW,FR,FR,forecast_onshore_wind_generation,Wind Onshore,2026-08-23T09:57:02Z
2026-08-23T09:55:52Z,2026-08-23T11:55:52+0200,e9ed0e7a-f773-48fd-b5c3-626d89d5de64,2026-08-05T15:30:00Z,2026-08-05T17:30:00+0200,6124.39014,MW,FR,FR,forecast_onshore_wind_generation,Wind Onshore,2026-08-23T09:57:02Z
2026-08-23T09:55:52Z,2026-08-23T11:55:52+0200,e9ed0e7a-f773-48fd-b5c3-626d89d5de64,2026-08-05T15:45:00Z,2026-08-05T17:45:00+0200,6058.37012,MW,FR,FR,forecast_onshore_wind_generation,Wind Onshore,2026-08-23T09:57:02Z
2026-08-23T09:55:52Z,2026-08-23T11:55:52+0200,e9ed0e7a-f773-48fd-b5c3-626d89d5de64,2026-08-05T16:00:00Z,2026-08-05T18:00:00+0200,5992.35986,MW,FR,FR,forecast_onshore_wind_generation,Wind Onshore,2026-08-23T09:57:02Z
2026-08-23T09:55:52Z,2026-08-23T11:55:52+0200,e9ed0e7a-f773-48fd-b5c3-626d89d5de64,2026-08-05T16:15:00Z,2026-08-05T18:15:00+0200,5905.94971,MW,FR,FR,forecast_onshore_wind_generation,Wind Onshore,2026-08-23T09:57:02Z
2026-08-23T09:55:52Z,2026-08-23T11:55:52+0200,e9ed0e7a-f773-48fd-b5c3-626d89d5de64,2026-08-05T16:30:00Z,2026-08-05T18:30:00+0200,5819.54004,MW,FR,FR,forecast_onshore_wind_generation,Wind Onshore,2026-08-23T09:57:02Z
2026-08-23T09:55:52Z,2026-08-23T11:55:52+0200,e9ed0e7a-f773-48fd-b5c3-626d89d5de64,2026-08-05T16:45:00Z,2026-08-05T18:45:00+0200,5733.08008,MW,FR,FR,forecast_onshore_wind_generation,Wind Onshore,2026-08-23T09:57:02Z
2026-08-23T09:55:52Z,2026-08-23T11:55:52+0200,e9ed0e7a-f773-48fd-b5c3-626d89d5de64,2026-08-05T17:00:00Z,2026-08-05T19:00:00+0200,5646.6499,MW,FR,FR,forecast_onshore_wind_generation,Wind Onshore,2026-08-23T09:57:02Z
2026-08-23T09:55:52Z,2026-08-23T11:55:52+0200,e9ed0e7a-f773-48fd-b5c3-626d89d5de64,2026-08-05T17:15:00Z,2026-08-05T19:15:00+0200,5533.31982,MW,FR,FR,forecast_onshore_wind_generation,Wind Onshore,2026-08-23T09:57:02Z
2026-08-23T09:55:52Z,2026-08-23T11:55:52+0200,e9ed0e7a-f773-48fd-b5c3-626d89d5de64,2026-08-05T17:30:00Z,2026-08-05T19:30:00+0200,5419.97949,MW,FR,FR,forecast_onshore_wind_generation,Wind Onshore,2026-08-23T09:57:02Z
2026-08-23T09:55:52Z,2026-08-23T11:55:52+0200,e9ed0e7a-f773-48fd-b5c3-626d89d5de64,2026-08-05T17:45:00Z,2026-08-05T19:45:00+0200,5306.70996,MW,FR,FR,forecast_onshore_wind_generation,Wind Onshore,2026-08-23T09:57:02Z
2026-08-23T09:55:52Z,2026-08-23T11:55:52+0200,e9ed0e7a-f773-48fd-b5c3-626d89d5de64,2026-08-05T18:00:00Z,2026-08-05T20:00:00+0200,5193.42969,MW,FR,FR,forecast_onshore_wind_generation,Wind Onshore,2026-08-23T09:57:02Z
2026-08-23T09:55:52Z,2026-08-23T11:55:52+0200,e9ed0e7a-f773-48fd-b5c3-626d89d5de64,2026-08-05T18:15:00Z,2026-08-05T20:15:00+0200,5137.12012,MW,FR,FR,forecast_onshore_wind_generation,Wind Onshore,2026-08-23T09:57:02Z
2026-08-23T09:55:52Z,2026-08-23T11:55:52+0200,e9ed0e7a-f773-48fd-b5c3-626d89d5de64,2026-08-05T18:30:00Z,2026-08-05T20:30:00+0200,5080.81006,MW,FR,FR,forecast_onshore_wind_generation,Wind Onshore,2026-08-23T09:57:02Z
2026-08-23T09:55:52Z,2026-08-23T11:55:52+0200,e9ed0e7a-f773-48fd-b5c3-626d89d5de64,2026-08-05T18:45:00Z,2026-08-05T20:45:00+0200,5024.3999,MW,FR,FR,forecast_onshore_wind_generation,Wind Onshore,2026-08-23T09:57:02Z
2026-08-23T09:55:52Z,2026-08-23T11:55:52+0200,e9ed0e7a-f773-48fd-b5c3-626d89d5de64,2026-08-05T19:00:00Z,2026-08-05T21:00:00+0200,4967.95996,MW,FR,FR,forecast_onshore_wind_generation,Wind Onshore,2026-08-23T09:57:02Z
2026-08-23T09:55:52Z,2026-08-23T11:55:52+0200,e9ed0e7a-f773-48fd-b5c3-626d89d5de64,2026-08-05T19:15:00Z,2026-08-05T21:15:00+0200,4952.78027,MW,FR,FR,forecast_onshore_wind_generation,Wind Onshore,2026-08-23T09:57:02Z
2026-08-23T09:55:52Z,2026-08-23T11:55:52+0200,e9ed0e7a-f773-48fd-b5c3-626d89d5de64,2026-08-05T19:30:00Z,2026-08-05T21:30:00+0200,4937.58984,MW,FR,FR,forecast_onshore_wind_generation,Wind Onshore,2026-08-23T09:57:02Z
2026-08-23T09:55:52Z,2026-08-23T11:55:52+0200,e9ed0e7a-f773-48fd-b5c3-626d89d5de64,2026-08-05T19:45:00Z,2026-08-05T21:45:00+0200,4922.37012,MW,FR,FR,forecast_onshore_wind_generation,Wind Onshore,2026-08-23T09:57:02Z
2026-08-23T09:55:52Z,2026-08-23T11:55:52+0200,e9ed0e7a-f773-48fd-b5c3-626d89d5de64,2026-08-05T20:00:00Z,2026-08-05T22:00:00+0200,4907.14014,MW,FR,FR,forecast_onshore_wind_generation,Wind Onshore,2026-08-23T09:57:02Z
2026-08-23T09:55:52Z,2026-08-23T11:55:52+0200,e9ed0e7a-f773-48fd-b5c3-626d89d5de64,2026-08-05T20:15:00Z,2026-08-05T22:15:00+0200,4860.52002,MW,FR,FR,forecast_onshore_wind_generation,Wind Onshore,2026-08-23T09:57:02Z
2026-08-23T09:55:52Z,2026-08-23T11:55:52+0200,e9ed0e7a-f773-48fd-b5c3-626d89d5de64,2026-08-05T20:30:00Z,2026-08-05T22:30:00+0200,4813.8999,MW,FR,FR,forecast_onshore_wind_generation,Wind Onshore,2026-08-23T09:57:02Z
2026-08-23T09:55:52Z,2026-08-23T11:55:52+0200,e9ed0e7a-f773-48fd-b5c3-626d89d5de64,2026-08-05T20:45:00Z,2026-08-05T22:45:00+0200,4767.66992,MW,FR,FR,forecast_onshore_wind_generation,Wind Onshore,2026-08-23T09:57:02Z
2026-08-23T09:55:52Z,2026-08-23T11:55:52+0200,e9ed0e7a-f773-48fd-b5c3-626d89d5de64,2026-08-05T21:00:00Z,2026-08-05T23:00:00+0200,4721.41992,MW,FR,FR,forecast_onshore_wind_generation,Wind Onshore,2026-08-23T09:57:02Z
2026-08-23T09:55:52Z,2026-08-23T11:55:52+0200,e9ed0e7a-f773-48fd-b5c3-626d89d5de64,2026-08-05T21:15:00Z,2026-08-05T23:15:00+0200,4638.54004,MW,FR,FR,forecast_onshore_wind_generation,Wind Onshore,2026-08-23T09:57:02Z
2026-08-23T09:55:52Z,2026-08-23T11:55:52+0200,e9ed0e7a-f773-48fd-b5c3-626d89d5de64,2026-08-05T21:30:00Z,2026-08-05T23:30:00+0200,4555.66016,MW,FR,FR,forecast_onshore_wind_generation,Wind Onshore,2026-08-23T09:57:02Z
2026-08-23T09:55:52Z,2026-08-23T11:55:52+0200,e9ed0e7a-f773-48fd-b5c3-626d89d5de64,2026-08-05T21:45:00Z,2026-08-05T23:45:00+0200,4472.78027,MW,FR,FR,forecast_onshore_wind_generation,Wind Onshore,2026-08-23T09:57:02Z
2026-08-23T09:55:52Z,2026-08-23T11:55:52+0200,e9ed0e7a-f773-48fd-b5c3-626d89d5de64,2026-08-05T22:00:00Z,2026-08-06T00:00:00+0200,5186.81982,MW,FR,FR,forecast_onshore_wind_generation,Wind Onshore,2026-08-23T09:57:02Z
2026-08-23T09:55:52Z,2026-08-23T11:55:52+0200,e9ed0e7a-f773-48fd-b5c3-626d89d5de64,2026-08-05T22:15:00Z,2026-08-06T00:15:00+0200,5004.62988,MW,FR,FR,forecast_onshore_wind_generation,Wind Onshore,2026-08-23T09:57:02Z
2026-08-23T09:55:52Z,2026-08-23T11:55:52+0200,e9ed0e7a-f773-48fd-b5c3-626d89d5de64,2026-08-05T22:30:00Z,2026-08-06T00:30:00+0200,4822.4502,MW,FR,FR,forecast_onshore_wind_generation,Wind Onshore,2026-08-23T09:57:02Z
2026-08-23T09:55:52Z,2026-08-23T11:55:52+0200,e9ed0e7a-f773-48fd-b5c3-626d89d5de64,2026-08-05T22:45:00Z,2026-08-06T00:45:00+0200,4641.23975,MW,FR,FR,forecast_onshore_wind_generation,Wind Onshore,2026-08-23T09:57:02Z
2026-08-23T09:55:52Z,2026-08-23T11:55:52+0200,e9ed0e7a-f773-48fd-b5c3-626d89d5de64,2026-08-05T23:00:00Z,2026-08-06T01:00:00+0200,4460.04004,MW,FR,FR,forecast_onshore_wind_generation,Wind Onshore,2026-08-23T09:57:02Z
2026-08-23T09:55:52Z,2026-08-23T11:55:52+0200,e9ed0e7a-f773-48fd-b5c3-626d89d5de64,2026-08-05T23:15:00Z,2026-08-06T01:15:00+0200,4306.87012,MW,FR,FR,forecast_onshore_wind_generation,Wind Onshore,2026-08-23T09:57:02Z
2026-08-23T09:55:52Z,2026-08-23T11:55:52+0200,e9ed0e7a-f773-48fd-b5c3-626d89d5de64,2026-08-05T23:30:00Z,2026-08-06T01:30:00+0200,4153.66016,MW,FR,FR,forecast_onshore_wind_generation,Wind Onshore,2026-08-23T09:57:02Z
2026-08-23T09:55:52Z,2026-08-23T11:55:52+0200,e9ed0e7a-f773-48fd-b5c3-626d89d5de64,2026-08-05T23:45:00Z,2026-08-06T01:45:00+0200,4001.02002,MW,FR,FR,forecast_onshore_wind_generation,Wind Onshore,2026-08-23T09:57:02Z
2026-08-23T09:55:52Z,2026-08-23T11:55:52+0200,e9ed0e7a-f773-48fd-b5c3-626d89d5de64,2026-08-06T00:00:00Z,2026-08-06T02:00:00+0200,3848.46997,MW,FR,FR,forecast_onshore_wind_generation,Wind Onshore,2026-08-23T09:57:02Z
2026-08-23T09:55:52Z,2026-08-23T11:55:52+0200,e9ed0e7a-f773-48fd-b5c3-626d89d5de64,2026-08-06T00:15:00Z,2026-08-06T02:15:00+0200,3747.45996,MW,FR,FR,forecast_onshore_wind_generation,Wind Onshore,2026-08-23T09:57:02Z
2026-08-23T09:55:52Z,2026-08-23T11:55:52+0200,e9ed0e7a-f773-48fd-b5c3-626d89d5de64,2026-08-06T00:30:00Z,2026-08-06T02:30:00+0200,3646.47998,MW,FR,FR,forecast_onshore_wind_generation,Wind Onshore,2026-08-23T09:57:02Z
2026-08-23T09:55:52Z,2026-08-23T11:55:52+0200,e9ed0e7a-f773-48fd-b5c3-626d89d5de64,2026-08-06T00:45:00Z,2026-08-06T02:45:00+0200,3545.19971,MW,FR,FR,forecast_onshore_wind_generation,Wind Onshore,2026-08-23T09:57:02Z
2026-08-23T09:55:52Z,2026-08-23T11:55:52+0200,e9ed0e7a-f773-48fd-b5c3-626d89d5de64,2026-08-06T01:00:00Z,2026-08-06T03:00:00+0200,3444.0,MW,FR,FR,forecast_onshore_wind_generation,Wind Onshore,2026-08-23T09:57:02Z
2026-08-23T09:55:52Z,2026-08-23T11:55:52+0200,e9ed0e7a-f773-48fd-b5c3-626d89d5de64,2026-08-06T01:15:00Z,2026-08-06T03:15:00+0200,3359.5498,MW,FR,FR,forecast_onshore_wind_generation,Wind Onshore,2026-08-23T09:57:02Z
2026-08-23T09:55:52Z,2026-08-23T11:55:52+0200,e9ed0e7a-f773-48fd-b5c3-626d89d5de64,2026-08-06T01:30:00Z,2026-08-06T03:30:00+0200,3275.1001,MW,FR,FR,forecast_onshore_wind_generation,Wind Onshore,2026-08-23T09:57:02Z
2026-08-23T09:55:52Z,2026-08-23T11:55:52+0200,e9ed0e7a-f773-48fd-b5c3-626d89d5de64,2026-08-06T01:45:00Z,2026-08-06T03:45:00+0200,3190.3999,MW,FR,FR,forecast_onshore_wind_generation,Wind Onshore,2026-08-23T09:57:02Z
2026-08-23T09:55:52Z,2026-08-23T11:55:52+0200,e9ed0e7a-f773-48fd-b5c3-626d89d5de64,2026-08-06T02:00:00Z,2026-08-06T04:00:00+0200,3105.70996,MW,FR,FR,forecast_onshore_wind_generation,Wind Onshore,2026-08-23T09:57:02Z
2026-08-23T09:55:52Z,2026-08-23T11:55:52+0200,e9ed0e7a-f773-48fd-b5c3-626d89d5de64,2026-08-06T02:15:00Z,2026-08-06T04:15:00+0200,3050.2002,MW,FR,FR,forecast_onshore_wind_generation,Wind Onshore,2026-08-23T09:57:02Z
2026-08-23T09:55:52Z,2026-08-23T11:55:52+0200,e9ed0e7a-f773-48fd-b5c3-626d89d5de64,2026-08-06T02:30:00Z,2026-08-06T04:30:00+0200,2994.71997,MW,FR,FR,forecast_onshore_wind_generation,Wind Onshore,2026-08-23T09:57:02Z
2026-08-23T09:55:52Z,2026-08-23T11:55:52+0200,e9ed0e7a-f773-48fd-b5c3-626d89d5de64,2026-08-06T02:45:00Z,2026-08-06T04:45:00+0200,2939.34985,MW,FR,FR,forecast_onshore_wind_generation,Wind Onshore,2026-08-23T09:57:02Z
2026-08-23T09:55:52Z,2026-08-23T11:55:52+0200,e9ed0e7a-f773-48fd-b5c3-626d89d5de64,2026-08-06T03:00:00Z,2026-08-06T05:00:00+0200,2883.97998,MW,FR,FR,forecast_onshore_wind_generation,Wind Onshore,2026-08-23T09:57:02Z
2026-08-23T09:55:52Z,2026-08-23T11:55:52+0200,e9ed0e7a-f773-48fd-b5c3-626d89d5de64,2026-08-06T03:15:00Z,2026-08-06T05:15:00+0200,2846.95996,MW,FR,FR,forecast_onshore_wind_generation,Wind Onshore,2026-08-23T09:57:02Z
2026-08-23T09:55:52Z,2026-08-23T11:55:52+0200,e9ed0e7a-f773-48fd-b5c3-626d89d5de64,2026-08-06T03:30:00Z,2026-08-06T05:30:00+0200,2809.95996,MW,FR,FR,forecast_onshore_wind_generation,Wind Onshore,2026-08-23T09:57:02Z
2026-08-23T09:55:52Z,2026-08-23T11:55:52+0200,e9ed0e7a-f773-48fd-b5c3-626d89d5de64,2026-08-06T03:45:00Z,2026-08-06T05:45:00+0200,2773.5,MW,FR,FR,forecast_onshore_wind_generation,Wind Onshore,2026-08-23T09:57:02Z
2026-08-23T09:55:52Z,2026-08-23T11:55:52+0200,e9ed0e7a-f773-48fd-b5c3-626d89d5de64,2026-08-06T04:00:00Z,2026-08-06T06:00:00+0200,2737.04004,MW,FR,FR,forecast_onshore_wind_generation,Wind Onshore,2026-08-23T09:57:02Z
2026-08-23T09:55:52Z,2026-08-23T11:55:52+0200,e9ed0e7a-f773-48fd-b5c3-626d89d5de64,2026-08-06T04:15:00Z,2026-08-06T06:15:00+0200,2712.60986,MW,FR,FR,forecast_onshore_wind_generation,Wind Onshore,2026-08-23T09:57:02Z
2026-08-23T09:55:52Z,2026-08-23T11:55:52+0200,e9ed0e7a-f773-48fd-b5c3-626d89d5de64,2026-08-06T04:30:00Z,2026-08-06T06:30:00+0200,2688.26001,MW,FR,FR,forecast_onshore_wind_generation,Wind Onshore,2026-08-23T09:57:02Z
2026-08-23T09:55:52Z,2026-08-23T11:55:52+0200,e9ed0e7a-f773-48fd-b5c3-626d89d5de64,2026-08-06T04:45:00Z,2026-08-06T06:45:00+0200,2664.14014,MW,FR,FR,forecast_onshore_wind_generation,Wind Onshore,2026-08-23T09:57:02Z
2026-08-23T09:55:52Z,2026-08-23T11:55:52+0200,e9ed0e7a-f773-48fd-b5c3-626d89d5de64,2026-08-06T05:00:00Z,2026-08-06T07:00:00+0200,2640.06006,MW,FR,FR,forecast_onshore_wind_generation,Wind Onshore,2026-08-23T09:57:02Z
2026-08-23T09:55:52Z,2026-08-23T11:55:52+0200,e9ed0e7a-f773-48fd-b5c3-626d89d5de64,2026-08-06T05:15:00Z,2026-08-06T07:15:00+0200,2594.66992,MW,FR,FR,forecast_onshore_wind_generation,Wind Onshore,2026-08-23T09:57:02Z
2026-08-23T09:55:52Z,2026-08-23T11:55:52+0200,e9ed0e7a-f773-48fd-b5c3-626d89d5de64,2026-08-06T05:30:00Z,2026-08-06T07:30:00+0200,2549.28979,MW,FR,FR,forecast_onshore_wind_generation,Wind Onshore,2026-08-23T09:57:02Z
2026-08-23T09:55:52Z,2026-08-23T11:55:52+0200,e9ed0e7a-f773-48fd-b5c3-626d89d5de64,2026-08-06T05:45:00Z,2026-08-06T07:45:00+0200,2504.50977,MW,FR,FR,forecast_onshore_wind_generation,Wind Onshore,2026-08-23T09:57:02Z
2026-08-23T09:55:52Z,2026-08-23T11:55:52+0200,e9ed0e7a-f773-48fd-b5c3-626d89d5de64,2026-08-06T06:00:00Z,2026-08-06T08:00:00+0200,2459.72998,MW,FR,FR,forecast_onshore_wind_generation,Wind Onshore,2026-08-23T09:57:02Z
2026-08-23T09:55:52Z,2026-08-23T11:55:52+0200,e9ed0e7a-f773-48fd-b5c3-626d89d5de64,2026-08-06T06:15:00Z,2026-08-06T08:15:00+0200,2245.35986,MW,FR,FR,forecast_onshore_wind_generation,Wind Onshore,2026-08-23T09:57:02Z
2026-08-23T09:55:52Z,2026-08-23T11:55:52+0200,e9ed0e7a-f773-48fd-b5c3-626d89d5de64,2026-08-06T06:30:00Z,2026-08-06T08:30:00+0200,2031.0199,MW,FR,FR,forecast_onshore_wind_generation,Wind Onshore,2026-08-23T09:57:02Z
2026-08-23T09:55:52Z,2026-08-23T11:55:52+0200,e9ed0e7a-f773-48fd-b5c3-626d89d5de64,2026-08-06T06:45:00Z,2026-08-06T08:45:00+0200,1816.9801,MW,FR,FR,forecast_onshore_wind_generation,Wind Onshore,2026-08-23T09:57:02Z
2026-08-23T09:55:52Z,2026-08-23T11:55:52+0200,e9ed0e7a-f773-48fd-b5c3-626d89d5de64,2026-08-06T07:00:00Z,2026-08-06T09:00:00+0200,1603.60999,MW,FR,FR,forecast_onshore_wind_generation,Wind Onshore,2026-08-23T09:57:02Z
2026-08-23T09:55:52Z,2026-08-23T11:55:52+0200,e9ed0e7a-f773-48fd-b5c3-626d89d5de64,2026-08-06T07:15:00Z,2026-08-06T09:15:00+0200,1664.6001,MW,FR,FR,forecast_onshore_wind_generation,Wind Onshore,2026-08-23T09:57:02Z
2026-08-23T09:55:52Z,2026-08-23T11:55:52+0200,e9ed0e7a-f773-48fd-b5c3-626d89d5de64,2026-08-06T07:30:00Z,2026-08-06T09:30:00+0200,1725.78003,MW,FR,FR,forecast_onshore_wind_generation,Wind Onshore,2026-08-23T09:57:02Z
2026-08-23T09:55:52Z,2026-08-23T11:55:52+0200,e9ed0e7a-f773-48fd-b5c3-626d89d5de64,2026-08-06T07:45:00Z,2026-08-06T09:45:00+0200,1787.39014,MW,FR,FR,forecast_onshore_wind_generation,Wind Onshore,2026-08-23T09:57:02Z
2026-08-23T09:55:52Z,2026-08-23T11:55:52+0200,e9ed0e7a-f773-48fd-b5c3-626d89d5de64,2026-08-06T08:00:00Z,2026-08-06T10:00:00+0200,1849.07007,MW,FR,FR,forecast_onshore_wind_generation,Wind Onshore,2026-08-23T09:57:02Z
2026-08-23T09:55:52Z,2026-08-23T11:55:52+0200,e9ed0e7a-f773-48fd-b5c3-626d89d5de64,2026-08-06T08:15:00Z,2026-08-06T10:15:00+0200,1861.59009,MW,FR,FR,forecast_onshore_wind_generation,Wind Onshore,2026-08-23T09:57:02Z
2026-08-23T09:55:52Z,2026-08-23T11:55:52+0200,e9ed0e7a-f773-48fd-b5c3-626d89d5de64,2026-08-06T08:30:00Z,2026-08-06T10:30:00+0200,1874.18018,MW,FR,FR,forecast_onshore_wind_generation,Wind Onshore,2026-08-23T09:57:02Z
2026-08-23T09:55:52Z,2026-08-23T11:55:52+0200,e9ed0e7a-f773-48fd-b5c3-626d89d5de64,2026-08-06T08:45:00Z,2026-08-06T10:45:00+0200,1887.12012,MW,FR,FR,forecast_onshore_wind_generation,Wind Onshore,2026-08-23T09:57:02Z
2026-08-23T09:55:52Z,2026-08-23T11:55:52+0200,e9ed0e7a-f773-48fd-b5c3-626d89d5de64,2026-08-06T09:00:00Z,2026-08-06T11:00:00+0200,1900.03003,MW,FR,FR,forecast_onshore_wind_generation,Wind Onshore,2026-08-23T09:57:02Z
2026-08-23T09:55:52Z,2026-08-23T11:55:52+0200,e9ed0e7a-f773-48fd-b5c3-626d89d5de64,2026-08-06T09:15:00Z,2026-08-06T11:15:00+0200,1921.29004,MW,FR,FR,forecast_onshore_wind_generation,Wind Onshore,2026-08-23T09:57:02Z
2026-08-23T09:55:52Z,2026-08-23T11:55:52+0200,e9ed0e7a-f773-48fd-b5c3-626d89d5de64,2026-08-06T09:30:00Z,2026-08-06T11:30:00+0200,1942.55994,MW,FR,FR,forecast_onshore_wind_generation,Wind Onshore,2026-08-23T09:57:02Z
2026-08-23T09:55:52Z,2026-08-23T11:55:52+0200,e9ed0e7a-f773-48fd-b5c3-626d89d5de64,2026-08-06T09:45:00Z,2026-08-06T11:45:00+0200,1963.75,MW,FR,FR,forecast_onshore_wind_generation,Wind Onshore,2026-08-23T09:57:02Z
2026-08-23T09:55:52Z,2026-08-23T11:55:52+0200,e9ed0e7a-f773-48fd-b5c3-626d89d5de64,2026-08-06T10:00:00Z,2026-08-06T12:00:00+0200,1985.02002,MW,FR,FR,forecast_onshore_wind_generation,Wind Onshore,2026-08-23T09:57:02Z
2026-08-23T09:55:52Z,2026-08-23T11:55:52+0200,e9ed0e7a-f773-48fd-b5c3-626d89d5de64,2026-08-06T10:15:00Z,2026-08-06T12:15:00+0200,2036.30005,MW,FR,FR,forecast_onshore_wind_generation,Wind Onshore,2026-08-23T09:57:02Z
2026-08-23T09:55:52Z,2026-08-23T11:55:52+0200,e9ed0e7a-f773-48fd-b5c3-626d89d5de64,2026-08-06T10:30:00Z,2026-08-06T12:30:00+0200,2087.63013,MW,FR,FR,forecast_onshore_wind_generation,Wind Onshore,2026-08-23T09:57:02Z
2026-08-23T09:55:52Z,2026-08-23T11:55:52+0200,e9ed0e7a-f773-48fd-b5c3-626d89d5de64,2026-08-06T10:45:00Z,2026-08-06T12:45:00+0200,2139.02002,MW,FR,FR,forecast_onshore_wind_generation,Wind Onshore,2026-08-23T09:57:02Z
2026-08-23T09:55:52Z,2026-08-23T11:55:52+0200,e9ed0e7a-f773-48fd-b5c3-626d89d5de64,2026-08-06T11:00:00Z,2026-08-06T13:00:00+0200,2190.44019,MW,FR,FR,forecast_onshore_wind_generation,Wind Onshore,2026-08-23T09:57:02Z
2026-08-23T09:55:52Z,2026-08-23T11:55:52+0200,e9ed0e7a-f773-48fd-b5c3-626d89d5de64,2026-08-06T11:15:00Z,2026-08-06T13:15:00+0200,2258.66992,MW,FR,FR,forecast_onshore_wind_generation,Wind Onshore,2026-08-23T09:57:02Z
2026-08-23T09:55:52Z,2026-08-23T11:55:52+0200,e9ed0e7a-f773-48fd-b5c3-626d89d5de64,2026-08-06T11:30:00Z,2026-08-06T13:30:00+0200,2326.91992,MW,FR,FR,forecast_onshore_wind_generation,Wind Onshore,2026-08-23T09:57:02Z
2026-08-23T09:55:52Z,2026-08-23T11:55:52+0200,e9ed0e7a-f773-48fd-b5c3-626d89d5de64,2026-08-06T11:45:00Z,2026-08-06T13:45:00+0200,2395.16016,MW,FR,FR,forecast_onshore_wind_generation,Wind Onshore,2026-08-23T09:57:02Z
2026-08-23T09:55:52Z,2026-08-23T11:55:52+0200,e9ed0e7a-f773-48fd-b5c3-626d89d5de64,2026-08-06T12:00:00Z,2026-08-06T14:00:00+0200,2463.3999,MW,FR,FR,forecast_onshore_wind_generation,Wind Onshore,2026-08-23T09:57:02Z
2026-08-23T09:55:52Z,2026-08-23T11:55:52+0200,e9ed0e7a-f773-48fd-b5c3-626d89d5de64,2026-08-06T12:15:00Z,2026-08-06T14:15:00+0200,2554.59985,MW,FR,FR,forecast_onshore_wind_generation,Wind Onshore,2026-08-23T09:57:02Z
2026-08-23T09:55:52Z,2026-08-23T11:55:52+0200,e9ed0e7a-f773-48fd-b5c3-626d89d5de64,2026-08-06T12:30:00Z,2026-08-06T14:30:00+0200,2645.77979,MW,FR,FR,forecast_onshore_wind_generation,Wind Onshore,2026-08-23T09:57:02Z
2026-08-23T09:55:52Z,2026-08-23T11:55:52+0200,e9ed0e7a-f773-48fd-b5c3-626d89d5de64,2026-08-06T12:45:00Z,2026-08-06T14:45:00+0200,2736.81006,MW,FR,FR,forecast_onshore_wind_generation,Wind Onshore,2026-08-23T09:57:02Z
2026-08-23T09:55:52Z,2026-08-23T11:55:52+0200,e9ed0e7a-f773-48fd-b5c3-626d89d5de64,2026-08-06T13:00:00Z,2026-08-06T15:00:00+0200,2827.89014,MW,FR,FR,forecast_onshore_wind_generation,Wind Onshore,2026-08-23T09:57:02Z
2026-08-23T09:55:52Z,2026-08-23T11:55:52+0200,e9ed0e7a-f773-48fd-b5c3-626d89d5de64,2026-08-06T13:15:00Z,2026-08-06T15:15:00+0200,2851.57983,MW,FR,FR,forecast_onshore_wind_generation,Wind Onshore,2026-08-23T09:57:02Z
2026-08-23T09:55:52Z,2026-08-23T11:55:52+0200,e9ed0e7a-f773-48fd-b5c3-626d89d5de64,2026-08-06T13:30:00Z,2026-08-06T15:30:00+0200,2875.31006,MW,FR,FR,forecast_onshore_wind_generation,Wind Onshore,2026-08-23T09:57:02Z
2026-08-23T09:55:52Z,2026-08-23T11:55:52+0200,e9ed0e7a-f773-48fd-b5c3-626d89d5de64,2026-08-06T13:45:00Z,2026-08-06T15:45:00+0200,2899.01001,MW,FR,FR,forecast_onshore_wind_generation,Wind Onshore,2026-08-23T09:57:02Z
2026-08-23T09:55:52Z,2026-08-23T11:55:52+0200,e9ed0e7a-f773-48fd-b5c3-626d89d5de64,2026-08-06T14:00:00Z,2026-08-06T16:00:00+0200,2922.70996,MW,FR,FR,forecast_onshore_wind_generation,Wind Onshore,2026-08-23T09:57:02Z
2026-08-23T09:55:52Z,2026-08-23T11:55:52+0200,e9ed0e7a-f773-48fd-b5c3-626d89d5de64,2026-08-06T14:15:00Z,2026-08-06T16:15:00+0200,2956.0,MW,FR,FR,forecast_onshore_wind_generation,Wind Onshore,2026-08-23T09:57:02Z
2026-08-23T09:55:52Z,2026-08-23T11:55:52+0200,e9ed0e7a-f773-48fd-b5c3-626d89d5de64,2026-08-06T14:30:00Z,2026-08-06T16:30:00+0200,2989.3501,MW,FR,FR,forecast_onshore_wind_generation,Wind Onshore,2026-08-23T09:57:02Z
2026-08-23T09:55:52Z,2026-08-23T11:55:52+0200,e9ed0e7a-f773-48fd-b5c3-626d89d5de64,2026-08-06T14:45:00Z,2026-08-06T16:45:00+0200,3022.64014,MW,FR,FR,forecast_onshore_wind_generation,Wind Onshore,2026-08-23T09:57:02Z
2026-08-23T09:55:52Z,2026-08-23T11:55:52+0200,e9ed0e7a-f773-48fd-b5c3-626d89d5de64,2026-08-06T15:00:00Z,2026-08-06T17:00:00+0200,3056.18018,MW,FR,FR,forecast_onshore_wind_generation,Wind Onshore,2026-08-23T09:57:02Z
2026-08-23T09:55:52Z,2026-08-23T11:55:52+0200,e9ed0e7a-f773-48fd-b5c3-626d89d5de64,2026-08-06T15:15:00Z,2026-08-06T17:15:00+0200,3087.76001,MW,FR,FR,forecast_onshore_wind_generation,Wind Onshore,2026-08-23T09:57:02Z
2026-08-23T09:55:52Z,2026-08-23T11:55:52+0200,e9ed0e7a-f773-48fd-b5c3-626d89d5de64,2026-08-06T15:30:00Z,2026-08-06T17:30:00+0200,3119.31006,MW,FR,FR,forecast_onshore_wind_generation,Wind Onshore,2026-08-23T09:57:02Z
2026-08-23T09:55:52Z,2026-08-23T11:55:52+0200,e9ed0e7a-f773-48fd-b5c3-626d89d5de64,2026-08-06T15:45:00Z,2026-08-06T17:45:00+0200,3150.47998,MW,FR,FR,forecast_onshore_wind_generation,Wind Onshore,2026-08-23T09:57:02Z
2026-08-23T09:55:52Z,2026-08-23T11:55:52+0200,e9ed0e7a-f773-48fd-b5c3-626d89d5de64,2026-08-06T16:00:00Z,2026-08-06T18:00:00+0200,3181.62988,MW,FR,FR,forecast_onshore_wind_generation,Wind Onshore,2026-08-23T09:57:02Z
2026-08-23T09:55:52Z,2026-08-23T11:55:52+0200,e9ed0e7a-f773-48fd-b5c3-626d89d5de64,2026-08-06T16:15:00Z,2026-08-06T18:15:00+0200,3219.22998,MW,FR,FR,forecast_onshore_wind_generation,Wind Onshore,2026-08-23T09:57:02Z
2026-08-23T09:55:52Z,2026-08-23T11:55:52+0200,e9ed0e7a-f773-48fd-b5c3-626d89d5de64,2026-08-06T16:30:00Z,2026-08-06T18:30:00+0200,3256.86011,MW,FR,FR,forecast_onshore_wind_generation,Wind Onshore,2026-08-23T09:57:02Z
2026-08-23T09:55:52Z,2026-08-23T11:55:52+0200,e9ed0e7a-f773-48fd-b5c3-626d89d5de64,2026-08-06T16:45:00Z,2026-08-06T18:45:00+0200,3294.35986,MW,FR,FR,forecast_onshore_wind_generation,Wind Onshore,2026-08-23T09:57:02Z
2026-08-23T09:55:52Z,2026-08-23T11:55:52+0200,e9ed0e7a-f773-48fd-b5c3-626d89d5de64,2026-08-06T17:00:00Z,2026-08-06T19:00:00+0200,3331.8501,MW,FR,FR,forecast_onshore_wind_generation,Wind Onshore,2026-08-23T09:57:02Z
2026-08-23T09:55:52Z,2026-08-23T11:55:52+0200,e9ed0e7a-f773-48fd-b5c3-626d89d5de64,2026-08-06T17:15:00Z,2026-08-06T19:15:00+0200,3346.66992,MW,FR,FR,forecast_onshore_wind_generation,Wind Onshore,2026-08-23T09:57:02Z
2026-08-23T09:55:52Z,2026-08-23T11:55:52+0200,e9ed0e7a-f773-48fd-b5c3-626d89d5de64,2026-08-06T17:30:00Z,2026-08-06T19:30:00+0200,3361.5,MW,FR,FR,forecast_onshore_wind_generation,Wind Onshore,2026-08-23T09:57:02Z
2026-08-23T09:55:52Z,2026-08-23T11:55:52+0200,e9ed0e7a-f773-48fd-b5c3-626d89d5de64,2026-08-06T17:45:00Z,2026-08-06T19:45:00+0200,3376.14014,MW,FR,FR,forecast_onshore_wind_generation,Wind Onshore,2026-08-23T09:57:02Z
2026-08-23T09:55:52Z,2026-08-23T11:55:52+0200,e9ed0e7a-f773-48fd-b5c3-626d89d5de64,2026-08-06T18:00:00Z,2026-08-06T20:00:00+0200,3390.74023,MW,FR,FR,forecast_onshore_wind_generation,Wind Onshore,2026-08-23T09:57:02Z
2026-08-23T09:55:52Z,2026-08-23T11:55:52+0200,e9ed0e7a-f773-48fd-b5c3-626d89d5de64,2026-08-06T18:15:00Z,2026-08-06T20:15:00+0200,3441.80005,MW,FR,FR,forecast_onshore_wind_generation,Wind Onshore,2026-08-23T09:57:02Z
2026-08-23T09:55:52Z,2026-08-23T11:55:52+0200,e9ed0e7a-f773-48fd-b5c3-626d89d5de64,2026-08-06T18:30:00Z,2026-08-06T20:30:00+0200,3492.84985,MW,FR,FR,forecast_onshore_wind_generation,Wind Onshore,2026-08-23T09:57:02Z
2026-08-23T09:55:52Z,2026-08-23T11:55:52+0200,e9ed0e7a-f773-48fd-b5c3-626d89d5de64,2026-08-06T18:45:00Z,2026-08-06T20:45:00+0200,3543.54004,MW,FR,FR,forecast_onshore_wind_generation,Wind Onshore,2026-08-23T09:57:02Z
2026-08-23T09:55:52Z,2026-08-23T11:55:52+0200,e9ed0e7a-f773-48fd-b5c3-626d89d5de64,2026-08-06T19:00:00Z,2026-08-06T21:00:00+0200,3594.20996,MW,FR,FR,forecast_onshore_wind_generation,Wind Onshore,2026-08-23T09:57:02Z
2026-08-23T09:55:52Z,2026-08-23T11:55:52+0200,e9ed0e7a-f773-48fd-b5c3-626d89d5de64,2026-08-06T19:15:00Z,2026-08-06T21:15:00+0200,3751.38989,MW,FR,FR,forecast_onshore_wind_generation,Wind Onshore,2026-08-23T09:57:02Z
2026-08-23T09:55:52Z,2026-08-23T11:55:52+0200,e9ed0e7a-f773-48fd-b5c3-626d89d5de64,2026-08-06T19:30:00Z,2026-08-06T21:30:00+0200,3908.58008,MW,FR,FR,forecast_onshore_wind_generation,Wind Onshore,2026-08-23T09:57:02Z
2026-08-23T09:55:52Z,2026-08-23T11:55:52+0200,e9ed0e7a-f773-48fd-b5c3-626d89d5de64,2026-08-06T19:45:00Z,2026-08-06T21:45:00+0200,4066.26001,MW,FR,FR,forecast_onshore_wind_generation,Wind Onshore,2026-08-23T09:57:02Z
2026-08-23T09:55:52Z,2026-08-23T11:55:52+0200,e9ed0e7a-f773-48fd-b5c3-626d89d5de64,2026-08-06T20:00:00Z,2026-08-06T22:00:00+0200,4223.95996,MW,FR,FR,forecast_onshore_wind_generation,Wind Onshore,2026-08-23T09:57:02Z
2026-08-23T09:55:52Z,2026-08-23T11:55:52+0200,e9ed0e7a-f773-48fd-b5c3-626d89d5de64,2026-08-06T20:15:00Z,2026-08-06T22:15:00+0200,4333.7998,MW,FR,FR,forecast_onshore_wind_generation,Wind Onshore,2026-08-23T09:57:02Z
2026-08-23T09:55:52Z,2026-08-23T11:55:52+0200,e9ed0e7a-f773-48fd-b5c3-626d89d5de64,2026-08-06T20:30:00Z,2026-08-06T22:30:00+0200,4443.65039,MW,FR,FR,forecast_onshore_wind_generation,Wind Onshore,2026-08-23T09:57:02Z
2026-08-23T09:55:52Z,2026-08-23T11:55:52+0200,e9ed0e7a-f773-48fd-b5c3-626d89d5de64,2026-08-06T20:45:00Z,2026-08-06T22:45:00+0200,4553.87988,MW,FR,FR,forecast_onshore_wind_generation,Wind Onshore,2026-08-23T09:57:02Z
2026-08-23T09:55:52Z,2026-08-23T11:55:52+0200,e9ed0e7a-f773-48fd-b5c3-626d89d5de64,2026-08-06T21:00:00Z,2026-08-06T23:00:00+0200,4664.09961,MW,FR,FR,forecast_onshore_wind_generation,Wind Onshore,2026-08-23T09:57:02Z
2026-08-23T09:55:52Z,2026-08-23T11:55:52+0200,e9ed0e7a-f773-48fd-b5c3-626d89d5de64,2026-08-06T21:15:00Z,2026-08-06T23:15:00+0200,4705.42969,MW,FR,FR,forecast_onshore_wind_generation,Wind Onshore,2026-08-23T09:57:02Z
2026-08-23T09:55:52Z,2026-08-23T11:55:52+0200,e9ed0e7a-f773-48fd-b5c3-626d89d5de64,2026-08-06T21:30:00Z,2026-08-06T23:30:00+0200,4746.79004,MW,FR,FR,forecast_onshore_wind_generation,Wind Onshore,2026-08-23T09:57:02Z
2026-08-23T09:55:52Z,2026-08-23T11:55:52+0200,e9ed0e7a-f773-48fd-b5c3-626d89d5de64,2026-08-06T21:45:00Z,2026-08-06T23:45:00+0200,4788.20996,MW,FR,FR,forecast_onshore_wind_generation,Wind Onshore,2026-08-23T09:57:02Z
2026-08-23T09:55:52Z,2026-08-23T11:55:52+0200,e9ed0e7a-f773-48fd-b5c3-626d89d5de64,2026-08-06T22:00:00Z,2026-08-07T00:00:00+0200,4842.2002,MW,FR,FR,forecast_onshore_wind_generation,Wind Onshore,2026-08-23T09:57:02Z
2026-08-23T09:55:52Z,2026-08-23T11:55:52+0200,e9ed0e7a-f773-48fd-b5c3-626d89d5de64,2026-08-06T22:15:00Z,2026-08-07T00:15:00+0200,4811.41992,MW,FR,FR,forecast_onshore_wind_generation,Wind Onshore,2026-08-23T09:57:02Z
2026-08-23T09:55:52Z,2026-08-23T11:55:52+0200,e9ed0e7a-f773-48fd-b5c3-626d89d5de64,2026-08-06T22:30:00Z,2026-08-07T00:30:00+0200,4780.63965,MW,FR,FR,forecast_onshore_wind_generation,Wind Onshore,2026-08-23T09:57:02Z
2026-08-23T09:55:52Z,2026-08-23T11:55:52+0200,e9ed0e7a-f773-48fd-b5c3-626d89d5de64,2026-08-06T22:45:00Z,2026-08-07T00:45:00+0200,4750.30029,MW,FR,FR,forecast_onshore_wind_generation,Wind Onshore,2026-08-23T09:57:02Z
2026-08-23T09:55:52Z,2026-08-23T11:55:52+0200,e9ed0e7a-f773-48fd-b5c3-626d89d5de64,2026-08-06T23:00:00Z,2026-08-07T01:00:00+0200,4719.97998,MW,FR,FR,forecast_onshore_wind_generation,Wind Onshore,2026-08-23T09:57:02Z
2026-08-23T09:55:52Z,2026-08-23T11:55:52+0200,e9ed0e7a-f773-48fd-b5c3-626d89d5de64,2026-08-06T23:15:00Z,2026-08-07T01:15:00+0200,4635.2998,MW,FR,FR,forecast_onshore_wind_generation,Wind Onshore,2026-08-23T09:57:02Z
2026-08-23T09:55:52Z,2026-08-23T11:55:52+0200,e9ed0e7a-f773-48fd-b5c3-626d89d5de64,2026-08-06T23:30:00Z,2026-08-07T01:30:00+0200,4550.6001,MW,FR,FR,forecast_onshore_wind_generation,Wind Onshore,2026-08-23T09:57:02Z
2026-08-23T09:55:52Z,2026-08-23T11:55:52+0200,e9ed0e7a-f773-48fd-b5c3-626d89d5de64,2026-08-06T23:45:00Z,2026-08-07T01:45:00+0200,4466.0498,MW,FR,FR,forecast_onshore_wind_generation,Wind Onshore,2026-08-23T09:57:02Z
2026-08-23T09:55:52Z,2026-08-23T11:55:52+0200,e9ed0e7a-f773-48fd-b5c3-626d89d5de64,2026-08-07T00:00:00Z,2026-08-07T02:00:00+0200,4381.52002,MW,FR,FR,forecast_onshore_wind_generation,Wind Onshore,2026-08-23T09:57:02Z
2026-08-23T09:55:52Z,2026-08-23T11:55:52+0200,e9ed0e7a-f773-48fd-b5c3-626d89d5de64,2026-08-07T00:15:00Z,2026-08-07T02:15:00+0200,4294.58984,MW,FR,FR,forecast_onshore_wind_generation,Wind Onshore,2026-08-23T09:57:02Z
2026-08-23T09:55:52Z,2026-08-23T11:55:52+0200,e9ed0e7a-f773-48fd-b5c3-626d89d5de64,2026-08-07T00:30:00Z,2026-08-07T02:30:00+0200,4207.6499,MW,FR,FR,forecast_onshore_wind_generation,Wind Onshore,2026-08-23T09:57:02Z
2026-08-23T09:55:52Z,2026-08-23T11:55:52+0200,e9ed0e7a-f773-48fd-b5c3-626d89d5de64,2026-08-07T00:45:00Z,2026-08-07T02:45:00+0200,4120.59033,MW,FR,FR,forecast_onshore_wind_generation,Wind Onshore,2026-08-23T09:57:02Z
2026-08-23T09:55:52Z,2026-08-23T11:55:52+0200,e9ed0e7a-f773-48fd-b5c3-626d89d5de64,2026-08-07T01:00:00Z,2026-08-07T03:00:00+0200,4033.54004,MW,FR,FR,forecast_onshore_wind_generation,Wind Onshore,2026-08-23T09:57:02Z
2026-08-23T09:55:52Z,2026-08-23T11:55:52+0200,e9ed0e7a-f773-48fd-b5c3-626d89d5de64,2026-08-07T01:15:00Z,2026-08-07T03:15:00+0200,3941.07007,MW,FR,FR,forecast_onshore_wind_generation,Wind Onshore,2026-08-23T09:57:02Z
2026-08-23T09:55:52Z,2026-08-23T11:55:52+0200,e9ed0e7a-f773-48fd-b5c3-626d89d5de64,2026-08-07T01:30:00Z,2026-08-07T03:30:00+0200,3848.63013,MW,FR,FR,forecast_onshore_wind_generation,Wind Onshore,2026-08-23T09:57:02Z
2026-08-23T09:55:52Z,2026-08-23T11:55:52+0200,e9ed0e7a-f773-48fd-b5c3-626d89d5de64,2026-08-07T01:45:00Z,2026-08-07T03:45:00+0200,3755.97998,MW,FR,FR,forecast_onshore_wind_generation,Wind Onshore,2026-08-23T09:57:02Z
2026-08-23T09:55:52Z,2026-08-23T11:55:52+0200,e9ed0e7a-f773-48fd-b5c3-626d89d5de64,2026-08-07T02:00:00Z,2026-08-07T04:00:00+0200,3663.32007,MW,FR,FR,forecast_onshore_wind_generation,Wind Onshore,2026-08-23T09:57:02Z
2026-08-23T09:55:52Z,2026-08-23T11:55:52+0200,e9ed0e7a-f773-48fd-b5c3-626d89d5de64,2026-08-07T02:15:00Z,2026-08-07T04:15:00+0200,3562.31006,MW,FR,FR,forecast_onshore_wind_generation,Wind Onshore,2026-08-23T09:57:02Z
2026-08-23T09:55:52Z,2026-08-23T11:55:52+0200,e9ed0e7a-f773-48fd-b5c3-626d89d5de64,2026-08-07T02:30:00Z,2026-08-07T04:30:00+0200,3461.33008,MW,FR,FR,forecast_onshore_wind_generation,Wind Onshore,2026-08-23T09:57:02Z
2026-08-23T09:55:52Z,2026-08-23T11:55:52+0200,e9ed0e7a-f773-48fd-b5c3-626d89d5de64,2026-08-07T02:45:00Z,2026-08-07T04:45:00+0200,3360.36987,MW,FR,FR,forecast_onshore_wind_generation,Wind Onshore,2026-08-23T09:57:02Z
2026-08-23T09:55:52Z,2026-08-23T11:55:52+0200,e9ed0e7a-f773-48fd-b5c3-626d89d5de64,2026-08-07T03:00:00Z,2026-08-07T05:00:00+0200,3259.52002,MW,FR,FR,forecast_onshore_wind_generation,Wind Onshore,2026-08-23T09:57:02Z
2026-08-23T09:55:52Z,2026-08-23T11:55:52+0200,e9ed0e7a-f773-48fd-b5c3-626d89d5de64,2026-08-07T03:15:00Z,2026-08-07T05:15:00+0200,3183.95996,MW,FR,FR,forecast_onshore_wind_generation,Wind Onshore,2026-08-23T09:57:02Z
2026-08-23T09:55:52Z,2026-08-23T11:55:52+0200,e9ed0e7a-f773-48fd-b5c3-626d89d5de64,2026-08-07T03:30:00Z,2026-08-07T05:30:00+0200,3108.43994,MW,FR,FR,forecast_onshore_wind_generation,Wind Onshore,2026-08-23T09:57:02Z
2026-08-23T09:55:52Z,2026-08-23T11:55:52+0200,e9ed0e7a-f773-48fd-b5c3-626d89d5de64,2026-08-07T03:45:00Z,2026-08-07T05:45:00+0200,3032.92993,MW,FR,FR,forecast_onshore_wind_generation,Wind Onshore,2026-08-23T09:57:02Z
2026-08-23T09:55:52Z,2026-08-23T11:55:52+0200,e9ed0e7a-f773-48fd-b5c3-626d89d5de64,2026-08-07T04:00:00Z,2026-08-07T06:00:00+0200,2957.48999,MW,FR,FR,forecast_onshore_wind_generation,Wind Onshore,2026-08-23T09:57:02Z
2026-08-23T09:55:52Z,2026-08-23T11:55:52+0200,e9ed0e7a-f773-48fd-b5c3-626d89d5de64,2026-08-07T04:15:00Z,2026-08-07T06:15:00+0200,2889.41992,MW,FR,FR,forecast_onshore_wind_generation,Wind Onshore,2026-08-23T09:57:02Z
2026-08-23T09:55:52Z,2026-08-23T11:55:52+0200,e9ed0e7a-f773-48fd-b5c3-626d89d5de64,2026-08-07T04:30:00Z,2026-08-07T06:30:00+0200,2821.39014,MW,FR,FR,forecast_onshore_wind_generation,Wind Onshore,2026-08-23T09:57:02Z
2026-08-23T09:55:52Z,2026-08-23T11:55:52+0200,e9ed0e7a-f773-48fd-b5c3-626d89d5de64,2026-08-07T04:45:00Z,2026-08-07T06:45:00+0200,2753.61011,MW,FR,FR,forecast_onshore_wind_generation,Wind Onshore,2026-08-23T09:57:02Z
2026-08-23T09:55:52Z,2026-08-23T11:55:52+0200,e9ed0e7a-f773-48fd-b5c3-626d89d5de64,2026-08-07T05:00:00Z,2026-08-07T07:00:00+0200,2685.98999,MW,FR,FR,forecast_onshore_wind_generation,Wind Onshore,2026-08-23T09:57:02Z
2026-08-23T09:55:52Z,2026-08-23T11:55:52+0200,e9ed0e7a-f773-48fd-b5c3-626d89d5de64,2026-08-07T05:15:00Z,2026-08-07T07:15:00+0200,2651.41016,MW,FR,FR,forecast_onshore_wind_generation,Wind Onshore,2026-08-23T09:57:02Z
2026-08-23T09:55:52Z,2026-08-23T11:55:52+0200,e9ed0e7a-f773-48fd-b5c3-626d89d5de64,2026-08-07T05:30:00Z,2026-08-07T07:30:00+0200,2616.87012,MW,FR,FR,forecast_onshore_wind_generation,Wind Onshore,2026-08-23T09:57:02Z
2026-08-23T09:55:52Z,2026-08-23T11:55:52+0200,e9ed0e7a-f773-48fd-b5c3-626d89d5de64,2026-08-07T05:45:00Z,2026-08-07T07:45:00+0200,2582.53979,MW,FR,FR,forecast_onshore_wind_generation,Wind Onshore,2026-08-23T09:57:02Z
2026-08-23T09:55:52Z,2026-08-23T11:55:52+0200,e9ed0e7a-f773-48fd-b5c3-626d89d5de64,2026-08-07T06:00:00Z,2026-08-07T08:00:00+0200,2548.35986,MW,FR,FR,forecast_onshore_wind_generation,Wind Onshore,2026-08-23T09:57:02Z
2026-08-23T09:55:52Z,2026-08-23T11:55:52+0200,e9ed0e7a-f773-48fd-b5c3-626d89d5de64,2026-08-07T06:15:00Z,2026-08-07T08:15:00+0200,2260.95996,MW,FR,FR,forecast_onshore_wind_generation,Wind Onshore,2026-08-23T09:57:02Z
2026-08-23T09:55:52Z,2026-08-23T11:55:52+0200,e9ed0e7a-f773-48fd-b5c3-626d89d5de64,2026-08-07T06:30:00Z,2026-08-07T08:30:00+0200,1973.62,MW,FR,FR,forecast_onshore_wind_generation,Wind Onshore,2026-08-23T09:57:02Z
2026-08-23T09:55:52Z,2026-08-23T11:55:52+0200,e9ed0e7a-f773-48fd-b5c3-626d89d5de64,2026-08-07T06:45:00Z,2026-08-07T08:45:00+0200,1686.27991,MW,FR,FR,forecast_onshore_wind_generation,Wind Onshore,2026-08-23T09:57:02Z
2026-08-23T09:55:52Z,2026-08-23T11:55:52+0200,e9ed0e7a-f773-48fd-b5c3-626d89d5de64,2026-08-07T07:00:00Z,2026-08-07T09:00:00+0200,1399.06006,MW,FR,FR,forecast_onshore_wind_generation,Wind Onshore,2026-08-23T09:57:02Z
2026-08-23T09:55:52Z,2026-08-23T11:55:52+0200,e9ed0e7a-f773-48fd-b5c3-626d89d5de64,2026-08-07T07:15:00Z,2026-08-07T09:15:00+0200,1367.03003,MW,FR,FR,forecast_onshore_wind_generation,Wind Onshore,2026-08-23T09:57:02Z
2026-08-23T09:55:52Z,2026-08-23T11:55:52+0200,e9ed0e7a-f773-48fd-b5c3-626d89d5de64,2026-08-07T07:30:00Z,2026-08-07T09:30:00+0200,1335.08997,MW,FR,FR,forecast_onshore_wind_generation,Wind Onshore,2026-08-23T09:57:02Z
2026-08-23T09:55:52Z,2026-08-23T11:55:52+0200,e9ed0e7a-f773-48fd-b5c3-626d89d5de64,2026-08-07T07:45:00Z,2026-08-07T09:45:00+0200,1303.29004,MW,FR,FR,forecast_onshore_wind_generation,Wind Onshore,2026-08-23T09:57:02Z
2026-08-23T09:55:52Z,2026-08-23T11:55:52+0200,e9ed0e7a-f773-48fd-b5c3-626d89d5de64,2026-08-07T08:00:00Z,2026-08-07T10:00:00+0200,1271.52002,MW,FR,FR,forecast_onshore_wind_generation,Wind Onshore,2026-08-23T09:57:02Z
2026-08-23T09:55:52Z,2026-08-23T11:55:52+0200,e9ed0e7a-f773-48fd-b5c3-626d89d5de64,2026-08-07T08:15:00Z,2026-08-07T10:15:00+0200,1242.82996,MW,FR,FR,forecast_onshore_wind_generation,Wind Onshore,2026-08-23T09:57:02Z
2026-08-23T09:55:52Z,2026-08-23T11:55:52+0200,e9ed0e7a-f773-48fd-b5c3-626d89d5de64,2026-08-07T08:30:00Z,2026-08-07T10:30:00+0200,1214.14014,MW,FR,FR,forecast_onshore_wind_generation,Wind Onshore,2026-08-23T09:57:02Z
2026-08-23T09:55:52Z,2026-08-23T11:55:52+0200,e9ed0e7a-f773-48fd-b5c3-626d89d5de64,2026-08-07T08:45:00Z,2026-08-07T10:45:00+0200,1185.5,MW,FR,FR,forecast_onshore_wind_generation,Wind Onshore,2026-08-23T09:57:02Z
2026-08-23T09:55:52Z,2026-08-23T11:55:52+0200,e9ed0e7a-f773-48fd-b5c3-626d89d5de64,2026-08-07T09:00:00Z,2026-08-07T11:00:00+0200,1156.8501,MW,FR,FR,forecast_onshore_wind_generation,Wind Onshore,2026-08-23T09:57:02Z
2026-08-23T09:55:52Z,2026-08-23T11:55:52+0200,e9ed0e7a-f773-48fd-b5c3-626d89d5de64,2026-08-07T09:15:00Z,2026-08-07T11:15:00+0200,1117.94006,MW,FR,FR,forecast_onshore_wind_generation,Wind Onshore,2026-08-23T09:57:02Z
2026-08-23T09:55:52Z,2026-08-23T11:55:52+0200,e9ed0e7a-f773-48fd-b5c3-626d89d5de64,2026-08-07T09:30:00Z,2026-08-07T11:30:00+0200,1079.07996,MW,FR,FR,forecast_onshore_wind_generation,Wind Onshore,2026-08-23T09:57:02Z
2026-08-23T09:55:52Z,2026-08-23T11:55:52+0200,e9ed0e7a-f773-48fd-b5c3-626d89d5de64,2026-08-07T09:45:00Z,2026-08-07T11:45:00+0200,1040.27991,MW,FR,FR,forecast_onshore_wind_generation,Wind Onshore,2026-08-23T09:57:02Z
2026-08-23T09:55:52Z,2026-08-23T11:55:52+0200,e9ed0e7a-f773-48fd-b5c3-626d89d5de64,2026-08-07T10:00:00Z,2026-08-07T12:00:00+0200,1001.64996,MW,FR,FR,forecast_onshore_wind_generation,Wind Onshore,2026-08-23T09:57:02Z
2026-08-23T09:55:52Z,2026-08-23T11:55:52+0200,e9ed0e7a-f773-48fd-b5c3-626d89d5de64,2026-08-07T10:15:00Z,2026-08-07T12:15:00+0200,977.30005,MW,FR,FR,forecast_onshore_wind_generation,Wind Onshore,2026-08-23T09:57:02Z
2026-08-23T09:55:52Z,2026-08-23T11:55:52+0200,e9ed0e7a-f773-48fd-b5c3-626d89d5de64,2026-08-07T10:30:00Z,2026-08-07T12:30:00+0200,953.01001,MW,FR,FR,forecast_onshore_wind_generation,Wind Onshore,2026-08-23T09:57:02Z
2026-08-23T09:55:52Z,2026-08-23T11:55:52+0200,e9ed0e7a-f773-48fd-b5c3-626d89d5de64,2026-08-07T10:45:00Z,2026-08-07T12:45:00+0200,928.76996,MW,FR,FR,forecast_onshore_wind_generation,Wind Onshore,2026-08-23T09:57:02Z
2026-08-23T09:55:52Z,2026-08-23T11:55:52+0200,e9ed0e7a-f773-48fd-b5c3-626d89d5de64,2026-08-07T11:00:00Z,2026-08-07T13:00:00+0200,904.62,MW,FR,FR,forecast_onshore_wind_generation,Wind Onshore,2026-08-23T09:57:02Z
2026-08-23T09:55:52Z,2026-08-23T11:55:52+0200,e9ed0e7a-f773-48fd-b5c3-626d89d5de64,2026-08-07T11:15:00Z,2026-08-07T13:15:00+0200,895.48999,MW,FR,FR,forecast_onshore_wind_generation,Wind Onshore,2026-08-23T09:57:02Z
2026-08-23T09:55:52Z,2026-08-23T11:55:52+0200,e9ed0e7a-f773-48fd-b5c3-626d89d5de64,2026-08-07T11:30:00Z,2026-08-07T13:30:00+0200,886.59003,MW,FR,FR,forecast_onshore_wind_generation,Wind Onshore,2026-08-23T09:57:02Z
2026-08-23T09:55:52Z,2026-08-23T11:55:52+0200,e9ed0e7a-f773-48fd-b5c3-626d89d5de64,2026-08-07T11:45:00Z,2026-08-07T13:45:00+0200,877.78003,MW,FR,FR,forecast_onshore_wind_generation,Wind Onshore,2026-08-23T09:57:02Z
2026-08-23T09:55:52Z,2026-08-23T11:55:52+0200,e9ed0e7a-f773-48fd-b5c3-626d89d5de64,2026-08-07T12:00:00Z,2026-08-07T14:00:00+0200,869.17004,MW,FR,FR,forecast_onshore_wind_generation,Wind Onshore,2026-08-23T09:57:02Z
2026-08-23T09:55:52Z,2026-08-23T11:55:52+0200,e9ed0e7a-f773-48fd-b5c3-626d89d5de64,2026-08-07T12:15:00Z,2026-08-07T14:15:00+0200,881.25995,MW,FR,FR,forecast_onshore_wind_generation,Wind Onshore,2026-08-23T09:57:02Z
2026-08-23T09:55:52Z,2026-08-23T11:55:52+0200,e9ed0e7a-f773-48fd-b5c3-626d89d5de64,2026-08-07T12:30:00Z,2026-08-07T14:30:00+0200,893.55005,MW,FR,FR,forecast_onshore_wind_generation,Wind Onshore,2026-08-23T09:57:02Z
2026-08-23T09:55:52Z,2026-08-23T11:55:52+0200,e9ed0e7a-f773-48fd-b5c3-626d89d5de64,2026-08-07T12:45:00Z,2026-08-07T14:45:00+0200,905.84003,MW,FR,FR,forecast_onshore_wind_generation,Wind Onshore,2026-08-23T09:57:02Z
2026-08-23T09:55:52Z,2026-08-23T11:55:52+0200,e9ed0e7a-f773-48fd-b5c3-626d89d5de64,2026-08-07T13:00:00Z,2026-08-07T15:00:00+0200,918.14008,MW,FR,FR,forecast_onshore_wind_generation,Wind Onshore,2026-08-23T09:57:02Z
2026-08-23T09:55:52Z,2026-08-23T11:55:52+0200,e9ed0e7a-f773-48fd-b5c3-626d89d5de64,2026-08-07T13:15:00Z,2026-08-07T15:15:00+0200,941.96008,MW,FR,FR,forecast_onshore_wind_generation,Wind Onshore,2026-08-23T09:57:02Z
2026-08-23T09:55:52Z,2026-08-23T11:55:52+0200,e9ed0e7a-f773-48fd-b5c3-626d89d5de64,2026-08-07T13:30:00Z,2026-08-07T15:30:00+0200,965.80005,MW,FR,FR,forecast_onshore_wind_generation,Wind Onshore,2026-08-23T09:57:02Z
2026-08-23T09:55:52Z,2026-08-23T11:55:52+0200,e9ed0e7a-f773-48fd-b5c3-626d89d5de64,2026-08-07T13:45:00Z,2026-08-07T15:45:00+0200,989.63995,MW,FR,FR,forecast_onshore_wind_generation,Wind Onshore,2026-08-23T09:57:02Z
2026-08-23T09:55:52Z,2026-08-23T11:55:52+0200,e9ed0e7a-f773-48fd-b5c3-626d89d5de64,2026-08-07T14:00:00Z,2026-08-07T16:00:00+0200,1013.47998,MW,FR,FR,forecast_onshore_wind_generation,Wind Onshore,2026-08-23T09:57:02Z
2026-08-23T09:55:52Z,2026-08-23T11:55:52+0200,e9ed0e7a-f773-48fd-b5c3-626d89d5de64,2026-08-07T14:15:00Z,2026-08-07T16:15:00+0200,1042.10999,MW,FR,FR,forecast_onshore_wind_generation,Wind Onshore,2026-08-23T09:57:02Z
2026-08-23T09:55:52Z,2026-08-23T11:55:52+0200,e9ed0e7a-f773-48fd-b5c3-626d89d5de64,2026-08-07T14:30:00Z,2026-08-07T16:30:00+0200,1070.73999,MW,FR,FR,forecast_onshore_wind_generation,Wind Onshore,2026-08-23T09:57:02Z
2026-08-23T09:55:52Z,2026-08-23T11:55:52+0200,e9ed0e7a-f773-48fd-b5c3-626d89d5de64,2026-08-07T14:45:00Z,2026-08-07T16:45:00+0200,1099.48999,MW,FR,FR,forecast_onshore_wind_generation,Wind Onshore,2026-08-23T09:57:02Z
2026-08-23T09:55:52Z,2026-08-23T11:55:52+0200,e9ed0e7a-f773-48fd-b5c3-626d89d5de64,2026-08-07T15:00:00Z,2026-08-07T17:00:00+0200,1128.81006,MW,FR,FR,forecast_onshore_wind_generation,Wind Onshore,2026-08-23T09:57:02Z
2026-08-23T09:55:52Z,2026-08-23T11:55:52+0200,e9ed0e7a-f773-48fd-b5c3-626d89d5de64,2026-08-07T15:15:00Z,2026-08-07T17:15:00+0200,1169.56006,MW,FR,FR,forecast_onshore_wind_generation,Wind Onshore,2026-08-23T09:57:02Z
2026-08-23T09:55:52Z,2026-08-23T11:55:52+0200,e9ed0e7a-f773-48fd-b5c3-626d89d5de64,2026-08-07T15:30:00Z,2026-08-07T17:30:00+0200,1210.48999,MW,FR,FR,forecast_onshore_wind_generation,Wind Onshore,2026-08-23T09:57:02Z
2026-08-23T09:55:52Z,2026-08-23T11:55:52+0200,e9ed0e7a-f773-48fd-b5c3-626d89d5de64,2026-08-07T15:45:00Z,2026-08-07T17:45:00+0200,1251.31006,MW,FR,FR,forecast_onshore_wind_generation,Wind Onshore,2026-08-23T09:57:02Z
2026-08-23T09:55:52Z,2026-08-23T11:55:52+0200,e9ed0e7a-f773-48fd-b5c3-626d89d5de64,2026-08-07T16:00:00Z,2026-08-07T18:00:00+0200,1292.21997,MW,FR,FR,forecast_onshore_wind_generation,Wind Onshore,2026-08-23T09:57:02Z
2026-08-23T09:55:52Z,2026-08-23T11:55:52+0200,e9ed0e7a-f773-48fd-b5c3-626d89d5de64,2026-08-07T16:15:00Z,2026-08-07T18:15:00+0200,1348.07007,MW,FR,FR,forecast_onshore_wind_generation,Wind Onshore,2026-08-23T09:57:02Z
2026-08-23T09:55:52Z,2026-08-23T11:55:52+0200,e9ed0e7a-f773-48fd-b5c3-626d89d5de64,2026-08-07T16:30:00Z,2026-08-07T18:30:00+0200,1404.01001,MW,FR,FR,forecast_onshore_wind_generation,Wind Onshore,2026-08-23T09:57:02Z
2026-08-23T09:55:52Z,2026-08-23T11:55:52+0200,e9ed0e7a-f773-48fd-b5c3-626d89d5de64,2026-08-07T16:45:00Z,2026-08-07T18:45:00+0200,1459.87,MW,FR,FR,forecast_onshore_wind_generation,Wind Onshore,2026-08-23T09:57:02Z
2026-08-23T09:55:52Z,2026-08-23T11:55:52+0200,e9ed0e7a-f773-48fd-b5c3-626d89d5de64,2026-08-07T17:00:00Z,2026-08-07T19:00:00+0200,1515.79004,MW,FR,FR,forecast_onshore_wind_generation,Wind Onshore,2026-08-23T09:57:02Z
2026-08-23T09:55:52Z,2026-08-23T11:55:52+0200,e9ed0e7a-f773-48fd-b5c3-626d89d5de64,2026-08-07T17:15:00Z,2026-08-07T19:15:00+0200,1602.35999,MW,FR,FR,forecast_onshore_wind_generation,Wind Onshore,2026-08-23T09:57:02Z
2026-08-23T09:55:52Z,2026-08-23T11:55:52+0200,e9ed0e7a-f773-48fd-b5c3-626d89d5de64,2026-08-07T17:30:00Z,2026-08-07T19:30:00+0200,1688.9801,MW,FR,FR,forecast_onshore_wind_generation,Wind Onshore,2026-08-23T09:57:02Z
2026-08-23T09:55:52Z,2026-08-23T11:55:52+0200,e9ed0e7a-f773-48fd-b5c3-626d89d5de64,2026-08-07T17:45:00Z,2026-08-07T19:45:00+0200,1775.46997,MW,FR,FR,forecast_onshore_wind_generation,Wind Onshore,2026-08-23T09:57:02Z
2026-08-23T09:55:52Z,2026-08-23T11:55:52+0200,e9ed0e7a-f773-48fd-b5c3-626d89d5de64,2026-08-07T18:00:00Z,2026-08-07T20:00:00+0200,1862.0,MW,FR,FR,forecast_onshore_wind_generation,Wind Onshore,2026-08-23T09:57:02Z
2026-08-23T09:55:52Z,2026-08-23T11:55:52+0200,e9ed0e7a-f773-48fd-b5c3-626d89d5de64,2026-08-07T18:15:00Z,2026-08-07T20:15:00+0200,2034.78003,MW,FR,FR,forecast_onshore_wind_generation,Wind Onshore,2026-08-23T09:57:02Z
2026-08-23T09:55:52Z,2026-08-23T11:55:52+0200,e9ed0e7a-f773-48fd-b5c3-626d89d5de64,2026-08-07T18:30:00Z,2026-08-07T20:30:00+0200,2207.63989,MW,FR,FR,forecast_onshore_wind_generation,Wind Onshore,2026-08-23T09:57:02Z
2026-08-23T09:55:52Z,2026-08-23T11:55:52+0200,e9ed0e7a-f773-48fd-b5c3-626d89d5de64,2026-08-07T18:45:00Z,2026-08-07T20:45:00+0200,2380.54004,MW,FR,FR,forecast_onshore_wind_generation,Wind Onshore,2026-08-23T09:57:02Z
2026-08-23T09:55:52Z,2026-08-23T11:55:52+0200,e9ed0e7a-f773-48fd-b5c3-626d89d5de64,2026-08-07T19:00:00Z,2026-08-07T21:00:00+0200,2553.44995,MW,FR,FR,forecast_onshore_wind_generation,Wind Onshore,2026-08-23T09:57:02Z
2026-08-23T09:55:52Z,2026-08-23T11:55:52+0200,e9ed0e7a-f773-48fd-b5c3-626d89d5de64,2026-08-07T19:15:00Z,2026-08-07T21:15:00+0200,2785.45996,MW,FR,FR,forecast_onshore_wind_generation,Wind Onshore,2026-08-23T09:57:02Z
2026-08-23T09:55:52Z,2026-08-23T11:55:52+0200,e9ed0e7a-f773-48fd-b5c3-626d89d5de64,2026-08-07T19:30:00Z,2026-08-07T21:30:00+0200,3017.47998,MW,FR,FR,forecast_onshore_wind_generation,Wind Onshore,2026-08-23T09:57:02Z
2026-08-23T09:55:52Z,2026-08-23T11:55:52+0200,e9ed0e7a-f773-48fd-b5c3-626d89d5de64,2026-08-07T19:45:00Z,2026-08-07T21:45:00+0200,3249.47998,MW,FR,FR,forecast_onshore_wind_generation,Wind Onshore,2026-08-23T09:57:02Z
2026-08-23T09:55:52Z,2026-08-23T11:55:52+0200,e9ed0e7a-f773-48fd-b5c3-626d89d5de64,2026-08-07T20:00:00Z,2026-08-07T22:00:00+0200,3481.46997,MW,FR,FR,forecast_onshore_wind_generation,Wind Onshore,2026-08-23T09:57:02Z
2026-08-23T09:55:52Z,2026-08-23T11:55:52+0200,e9ed0e7a-f773-48fd-b5c3-626d89d5de64,2026-08-07T20:15:00Z,2026-08-07T22:15:00+0200,3600.14014,MW,FR,FR,forecast_onshore_wind_generation,Wind Onshore,2026-08-23T09:57:02Z
2026-08-23T09:55:52Z,2026-08-23T11:55:52+0200,e9ed0e7a-f773-48fd-b5c3-626d89d5de64,2026-08-07T20:30:00Z,2026-08-07T22:30:00+0200,3718.81006,MW,FR,FR,forecast_onshore_wind_generation,Wind Onshore,2026-08-23T09:57:02Z
2026-08-23T09:55:52Z,2026-08-23T11:55:52+0200,e9ed0e7a-f773-48fd-b5c3-626d89d5de64,2026-08-07T20:45:00Z,2026-08-07T22:45:00+0200,3837.76001,MW,FR,FR,forecast_onshore_wind_generation,Wind Onshore,2026-08-23T09:57:02Z
2026-08-23T09:55:52Z,2026-08-23T11:55:52+0200,e9ed0e7a-f773-48fd-b5c3-626d89d5de64,2026-08-07T21:00:00Z,2026-08-07T23:00:00+0200,3956.72998,MW,FR,FR,forecast_onshore_wind_generation,Wind Onshore,2026-08-23T09:57:02Z
2026-08-23T09:55:52Z,2026-08-23T11:55:52+0200,e9ed0e7a-f773-48fd-b5c3-626d89d5de64,2026-08-07T21:15:00Z,2026-08-07T23:15:00+0200,3989.23999,MW,FR,FR,forecast_onshore_wind_generation,Wind Onshore,2026-08-23T09:57:02Z
2026-08-23T09:55:52Z,2026-08-23T11:55:52+0200,e9ed0e7a-f773-48fd-b5c3-626d89d5de64,2026-08-07T21:30:00Z,2026-08-07T23:30:00+0200,4021.77979,MW,FR,FR,forecast_onshore_wind_generation,Wind Onshore,2026-08-23T09:57:02Z
2026-08-23T09:55:52Z,2026-08-23T11:55:52+0200,e9ed0e7a-f773-48fd-b5c3-626d89d5de64,2026-08-07T21:45:00Z,2026-08-07T23:45:00+0200,4054.29004,MW,FR,FR,forecast_onshore_wind_generation,Wind Onshore,2026-08-23T09:57:02Z
2026-08-23T09:55:52Z,2026-08-23T11:55:52+0200,e9ed0e7a-f773-48fd-b5c3-626d89d5de64,2026-08-07T22:00:00Z,2026-08-08T00:00:00+0200,4268.29004,MW,FR,FR,forecast_onshore_wind_generation,Wind Onshore,2026-08-23T09:57:02Z
2026-08-23T09:55:52Z,2026-08-23T11:55:52+0200,e9ed0e7a-f773-48fd-b5c3-626d89d5de64,2026-08-07T22:15:00Z,2026-08-08T00:15:00+0200,4238.16992,MW,FR,FR,forecast_onshore_wind_generation,Wind Onshore,2026-08-23T09:57:02Z
2026-08-23T09:55:52Z,2026-08-23T11:55:52+0200,e9ed0e7a-f773-48fd-b5c3-626d89d5de64,2026-08-07T22:30:00Z,2026-08-08T00:30:00+0200,4208.06006,MW,FR,FR,forecast_onshore_wind_generation,Wind Onshore,2026-08-23T09:57:02Z
2026-08-23T09:55:52Z,2026-08-23T11:55:52+0200,e9ed0e7a-f773-48fd-b5c3-626d89d5de64,2026-08-07T22:45:00Z,2026-08-08T00:45:00+0200,4177.94971,MW,FR,FR,forecast_onshore_wind_generation,Wind Onshore,2026-08-23T09:57:02Z
2026-08-23T09:55:52Z,2026-08-23T11:55:52+0200,e9ed0e7a-f773-48fd-b5c3-626d89d5de64,2026-08-07T23:00:00Z,2026-08-08T01:00:00+0200,4147.8501,MW,FR,FR,forecast_onshore_wind_generation,Wind Onshore,2026-08-23T09:57:02Z
2026-08-23T09:55:52Z,2026-08-23T11:55:52+0200,e9ed0e7a-f773-48fd-b5c3-626d89d5de64,2026-08-07T23:15:00Z,2026-08-08T01:15:00+0200,4118.79004,MW,FR,FR,forecast_onshore_wind_generation,Wind Onshore,2026-08-23T09:57:02Z
2026-08-23T09:55:52Z,2026-08-23T11:55:52+0200,e9ed0e7a-f773-48fd-b5c3-626d89d5de64,2026-08-07T23:30:00Z,2026-08-08T01:30:00+0200,4089.72974,MW,FR,FR,forecast_onshore_wind_generation,Wind Onshore,2026-08-23T09:57:02Z
2026-08-23T09:55:52Z,2026-08-23T11:55:52+0200,e9ed0e7a-f773-48fd-b5c3-626d89d5de64,2026-08-07T23:45:00Z,2026-08-08T01:45:00+0200,4060.70996,MW,FR,FR,forecast_onshore_wind_generation,Wind Onshore,2026-08-23T09:57:02Z
2026-08-23T09:55:52Z,2026-08-23T11:55:52+0200,e9ed0e7a-f773-48fd-b5c3-626d89d5de64,2026-08-08T00:00:00Z,2026-08-08T02:00:00+0200,4031.80005,MW,FR,FR,forecast_onshore_wind_generation,Wind Onshore,2026-08-23T09:57:02Z
2026-08-23T09:55:52Z,2026-08-23T11:55:52+0200,e9ed0e7a-f773-48fd-b5c3-626d89d5de64,2026-08-08T00:15:00Z,2026-08-08T02:15:00+0200,3993.87012,MW,FR,FR,forecast_onshore_wind_generation,Wind Onshore,2026-08-23T09:57:02Z
2026-08-23T09:55:52Z,2026-08-23T11:55:52+0200,e9ed0e7a-f773-48fd-b5c3-626d89d5de64,2026-08-08T00:30:00Z,2026-08-08T02:30:00+0200,3955.93994,MW,FR,FR,forecast_onshore_wind_generation,Wind Onshore,2026-08-23T09:57:02Z
2026-08-23T09:55:52Z,2026-08-23T11:55:52+0200,e9ed0e7a-f773-48fd-b5c3-626d89d5de64,2026-08-08T00:45:00Z,2026-08-08T02:45:00+0200,3918.06006,MW,FR,FR,forecast_onshore_wind_generation,Wind Onshore,2026-08-23T09:57:02Z
2026-08-23T09:55:52Z,2026-08-23T11:55:52+0200,e9ed0e7a-f773-48fd-b5c3-626d89d5de64,2026-08-08T01:00:00Z,2026-08-08T03:00:00+0200,3880.18994,MW,FR,FR,forecast_onshore_wind_generation,Wind Onshore,2026-08-23T09:57:02Z
2026-08-23T09:55:52Z,2026-08-23T11:55:52+0200,e9ed0e7a-f773-48fd-b5c3-626d89d5de64,2026-08-08T01:15:00Z,2026-08-08T03:15:00+0200,3860.42993,MW,FR,FR,forecast_onshore_wind_generation,Wind Onshore,2026-08-23T09:57:02Z
2026-08-23T09:55:52Z,2026-08-23T11:55:52+0200,e9ed0e7a-f773-48fd-b5c3-626d89d5de64,2026-08-08T01:30:00Z,2026-08-08T03:30:00+0200,3840.6499,MW,FR,FR,forecast_onshore_wind_generation,Wind Onshore,2026-08-23T09:57:02Z
2026-08-23T09:55:52Z,2026-08-23T11:55:52+0200,e9ed0e7a-f773-48fd-b5c3-626d89d5de64,2026-08-08T01:45:00Z,2026-08-08T03:45:00+0200,3820.86987,MW,FR,FR,forecast_onshore_wind_generation,Wind Onshore,2026-08-23T09:57:02Z
2026-08-23T09:55:52Z,2026-08-23T11:55:52+0200,e9ed0e7a-f773-48fd-b5c3-626d89d5de64,2026-08-08T02:00:00Z,2026-08-08T04:00:00+0200,3801.1001,MW,FR,FR,forecast_onshore_wind_generation,Wind Onshore,2026-08-23T09:57:02Z
2026-08-23T09:55:52Z,2026-08-23T11:55:52+0200,e9ed0e7a-f773-48fd-b5c3-626d89d5de64,2026-08-08T02:15:00Z,2026-08-08T04:15:00+0200,3767.44995,MW,FR,FR,forecast_onshore_wind_generation,Wind Onshore,2026-08-23T09:57:02Z
2026-08-23T09:55:52Z,2026-08-23T11:55:52+0200,e9ed0e7a-f773-48fd-b5c3-626d89d5de64,2026-08-08T02:30:00Z,2026-08-08T04:30:00+0200,3733.82007,MW,FR,FR,forecast_onshore_wind_generation,Wind Onshore,2026-08-23T09:57:02Z
2026-08-23T09:55:52Z,2026-08-23T11:55:52+0200,e9ed0e7a-f773-48fd-b5c3-626d89d5de64,2026-08-08T02:45:00Z,2026-08-08T04:45:00+0200,3700.26025,MW,FR,FR,forecast_onshore_wind_generation,Wind Onshore,2026-08-23T09:57:02Z
2026-08-23T09:55:52Z,2026-08-23T11:55:52+0200,e9ed0e7a-f773-48fd-b5c3-626d89d5de64,2026-08-08T03:00:00Z,2026-08-08T05:00:00+0200,3666.97021,MW,FR,FR,forecast_onshore_wind_generation,Wind Onshore,2026-08-23T09:57:02Z
2026-08-23T09:55:52Z,2026-08-23T11:55:52+0200,e9ed0e7a-f773-48fd-b5c3-626d89d5de64,2026-08-08T03:15:00Z,2026-08-08T05:15:00+0200,3622.71997,MW,FR,FR,forecast_onshore_wind_generation,Wind Onshore,2026-08-23T09:57:02Z
2026-08-23T09:55:52Z,2026-08-23T11:55:52+0200,e9ed0e7a-f773-48fd-b5c3-626d89d5de64,2026-08-08T03:30:00Z,2026-08-08T05:30:00+0200,3578.53003,MW,FR,FR,forecast_onshore_wind_generation,Wind Onshore,2026-08-23T09:57:02Z
2026-08-23T09:55:52Z,2026-08-23T11:55:52+0200,e9ed0e7a-f773-48fd-b5c3-626d89d5de64,2026-08-08T03:45:00Z,2026-08-08T05:45:00+0200,3534.36987,MW,FR,FR,forecast_onshore_wind_generation,Wind Onshore,2026-08-23T09:57:02Z
2026-08-23T09:55:52Z,2026-08-23T11:55:52+0200,e9ed0e7a-f773-48fd-b5c3-626d89d5de64,2026-08-08T04:00:00Z,2026-08-08T06:00:00+0200,3490.37988,MW,FR,FR,forecast_onshore_wind_generation,Wind Onshore,2026-08-23T09:57:02Z
2026-08-23T09:55:52Z,2026-08-23T11:55:52+0200,e9ed0e7a-f773-48fd-b5c3-626d89d5de64,2026-08-08T04:15:00Z,2026-08-08T06:15:00+0200,3445.21997,MW,FR,FR,forecast_onshore_wind_generation,Wind Onshore,2026-08-23T09:57:02Z
2026-08-23T09:55:52Z,2026-08-23T11:55:52+0200,e9ed0e7a-f773-48fd-b5c3-626d89d5de64,2026-08-08T04:30:00Z,2026-08-08T06:30:00+0200,3400.14014,MW,FR,FR,forecast_onshore_wind_generation,Wind Onshore,2026-08-23T09:57:02Z
2026-08-23T09:55:52Z,2026-08-23T11:55:52+0200,e9ed0e7a-f773-48fd-b5c3-626d89d5de64,2026-08-08T04:45:00Z,2026-08-08T06:45:00+0200,3355.10986,MW,FR,FR,forecast_onshore_wind_generation,Wind Onshore,2026-08-23T09:57:02Z
2026-08-23T09:55:52Z,2026-08-23T11:55:52+0200,e9ed0e7a-f773-48fd-b5c3-626d89d5de64,2026-08-08T05:00:00Z,2026-08-08T07:00:00+0200,3310.12988,MW,FR,FR,forecast_onshore_wind_generation,Wind Onshore,2026-08-23T09:57:02Z
2026-08-23T09:55:52Z,2026-08-23T11:55:52+0200,e9ed0e7a-f773-48fd-b5c3-626d89d5de64,2026-08-08T05:15:00Z,2026-08-08T07:15:00+0200,3226.17993,MW,FR,FR,forecast_onshore_wind_generation,Wind Onshore,2026-08-23T09:57:02Z
2026-08-23T09:55:52Z,2026-08-23T11:55:52+0200,e9ed0e7a-f773-48fd-b5c3-626d89d5de64,2026-08-08T05:30:00Z,2026-08-08T07:30:00+0200,3142.26001,MW,FR,FR,forecast_onshore_wind_generation,Wind Onshore,2026-08-23T09:57:02Z
2026-08-23T09:55:52Z,2026-08-23T11:55:52+0200,e9ed0e7a-f773-48fd-b5c3-626d89d5de64,2026-08-08T05:45:00Z,2026-08-08T07:45:00+0200,3058.33984,MW,FR,FR,forecast_onshore_wind_generation,Wind Onshore,2026-08-23T09:57:02Z
2026-08-23T09:55:52Z,2026-08-23T11:55:52+0200,e9ed0e7a-f773-48fd-b5c3-626d89d5de64,2026-08-08T06:00:00Z,2026-08-08T08:00:00+0200,2974.45996,MW,FR,FR,forecast_onshore_wind_generation,Wind Onshore,2026-08-23T09:57:02Z
2026-08-23T09:55:52Z,2026-08-23T11:55:52+0200,e9ed0e7a-f773-48fd-b5c3-626d89d5de64,2026-08-08T06:15:00Z,2026-08-08T08:15:00+0200,2703.33008,MW,FR,FR,forecast_onshore_wind_generation,Wind Onshore,2026-08-23T09:57:02Z
2026-08-23T09:55:52Z,2026-08-23T11:55:52+0200,e9ed0e7a-f773-48fd-b5c3-626d89d5de64,2026-08-08T06:30:00Z,2026-08-08T08:30:00+0200,2432.23999,MW,FR,FR,forecast_onshore_wind_generation,Wind Onshore,2026-08-23T09:57:02Z
2026-08-23T09:55:52Z,2026-08-23T11:55:52+0200,e9ed0e7a-f773-48fd-b5c3-626d89d5de64,2026-08-08T06:45:00Z,2026-08-08T08:45:00+0200,2161.18018,MW,FR,FR,forecast_onshore_wind_generation,Wind Onshore,2026-08-23T09:57:02Z
2026-08-23T09:55:52Z,2026-08-23T11:55:52+0200,e9ed0e7a-f773-48fd-b5c3-626d89d5de64,2026-08-08T07:00:00Z,2026-08-08T09:00:00+0200,1890.34009,MW,FR,FR,forecast_onshore_wind_generation,Wind Onshore,2026-08-23T09:57:02Z
2026-08-23T09:55:52Z,2026-08-23T11:55:52+0200,e9ed0e7a-f773-48fd-b5c3-626d89d5de64,2026-08-08T07:15:00Z,2026-08-08T09:15:00+0200,1652.23999,MW,FR,FR,forecast_onshore_wind_generation,Wind Onshore,2026-08-23T09:57:02Z
2026-08-23T09:55:52Z,2026-08-23T11:55:52+0200,e9ed0e7a-f773-48fd-b5c3-626d89d5de64,2026-08-08T07:30:00Z,2026-08-08T09:30:00+0200,1414.28992,MW,FR,FR,forecast_onshore_wind_generation,Wind Onshore,2026-08-23T09:57:02Z
2026-08-23T09:55:52Z,2026-08-23T11:55:52+0200,e9ed0e7a-f773-48fd-b5c3-626d89d5de64,2026-08-08T07:45:00Z,2026-08-08T09:45:00+0200,1176.42004,MW,FR,FR,forecast_onshore_wind_generation,Wind Onshore,2026-08-23T09:57:02Z
2026-08-23T09:55:52Z,2026-08-23T11:55:52+0200,e9ed0e7a-f773-48fd-b5c3-626d89d5de64,2026-08-08T08:00:00Z,2026-08-08T10:00:00+0200,939.09998,MW,FR,FR,forecast_onshore_wind_generation,Wind Onshore,2026-08-23T09:57:02Z
2026-08-23T09:55:52Z,2026-08-23T11:55:52+0200,e9ed0e7a-f773-48fd-b5c3-626d89d5de64,2026-08-08T08:15:00Z,2026-08-08T10:15:00+0200,927.60999,MW,FR,FR,forecast_onshore_wind_generation,Wind Onshore,2026-08-23T09:57:02Z
2026-08-23T09:55:52Z,2026-08-23T11:55:52+0200,e9ed0e7a-f773-48fd-b5c3-626d89d5de64,2026-08-08T08:30:00Z,2026-08-08T10:30:00+0200,916.22003,MW,FR,FR,forecast_onshore_wind_generation,Wind Onshore,2026-08-23T09:57:02Z
2026-08-23T09:55:52Z,2026-08-23T11:55:52+0200,e9ed0e7a-f773-48fd-b5c3-626d89d5de64,2026-08-08T08:45:00Z,2026-08-08T10:45:00+0200,905.12976,MW,FR,FR,forecast_onshore_wind_generation,Wind Onshore,2026-08-23T09:57:02Z
2026-08-23T09:55:52Z,2026-08-23T11:55:52+0200,e9ed0e7a-f773-48fd-b5c3-626d89d5de64,2026-08-08T09:00:00Z,2026-08-08T11:00:00+0200,531.42053,MW,FR,FR,forecast_onshore_wind_generation,Wind Onshore,2026-08-23T09:57:02Z
2026-08-23T09:55:52Z,2026-08-23T11:55:52+0200,e9ed0e7a-f773-48fd-b5c3-626d89d5de64,2026-08-08T09:15:00Z,2026-08-08T11:15:00+0200,531.20978,MW,FR,FR,forecast_onshore_wind_generation,Wind Onshore,2026-08-23T09:57:02Z
2026-08-23T09:55:52Z,2026-08-23T11:55:52+0200,e9ed0e7a-f773-48fd-b5c3-626d89d5de64,2026-08-08T09:30:00Z,2026-08-08T11:30:00+0200,531.35999,MW,FR,FR,forecast_onshore_wind_generation,Wind Onshore,2026-08-23T09:57:02Z
2026-08-23T09:55:52Z,2026-08-23T11:55:52+0200,e9ed0e7a-f773-48fd-b5c3-626d89d5de64,2026-08-08T09:45:00Z,2026-08-08T11:45:00+0200,531.83008,MW,FR,FR,forecast_onshore_wind_generation,Wind Onshore,2026-08-23T09:57:02Z
2026-08-23T09:55:52Z,2026-08-23T11:55:52+0200,e9ed0e7a-f773-48fd-b5c3-626d89d5de64,2026-08-08T10:00:00Z,2026-08-08T12:00:00+0200,297.12,MW,FR,FR,forecast_onshore_wind_generation,Wind Onshore,2026-08-23T09:57:02Z
2026-08-23T09:55:52Z,2026-08-23T11:55:52+0200,e9ed0e7a-f773-48fd-b5c3-626d89d5de64,2026-08-08T10:15:00Z,2026-08-08T12:15:00+0200,284.46997,MW,FR,FR,forecast_onshore_wind_generation,Wind Onshore,2026-08-23T09:57:02Z
2026-08-23T09:55:52Z,2026-08-23T11:55:52+0200,e9ed0e7a-f773-48fd-b5c3-626d89d5de64,2026-08-08T10:30:00Z,2026-08-08T12:30:00+0200,271.54993,MW,FR,FR,forecast_onshore_wind_generation,Wind Onshore,2026-08-23T09:57:02Z
2026-08-23T09:55:52Z,2026-08-23T11:55:52+0200,e9ed0e7a-f773-48fd-b5c3-626d89d5de64,2026-08-08T10:45:00Z,2026-08-08T12:45:00+0200,258.8699,MW,FR,FR,forecast_onshore_wind_generation,Wind Onshore,2026-08-23T09:57:02Z
2026-08-23T09:55:52Z,2026-08-23T11:55:52+0200,e9ed0e7a-f773-48fd-b5c3-626d89d5de64,2026-08-08T11:00:00Z,2026-08-08T13:00:00+0200,246.2999,MW,FR,FR,forecast_onshore_wind_generation,Wind Onshore,2026-08-23T09:57:02Z
2026-08-23T09:55:52Z,2026-08-23T11:55:52+0200,e9ed0e7a-f773-48fd-b5c3-626d89d5de64,2026-08-08T11:15:00Z,2026-08-08T13:15:00+0200,233.59001,MW,FR,FR,forecast_onshore_wind_generation,Wind Onshore,2026-08-23T09:57:02Z
2026-08-23T09:55:52Z,2026-08-23T11:55:52+0200,e9ed0e7a-f773-48fd-b5c3-626d89d5de64,2026-08-08T11:30:00Z,2026-08-08T13:30:00+0200,221.51978,MW,FR,FR,forecast_onshore_wind_generation,Wind Onshore,2026-08-23T09:57:02Z
2026-08-23T09:55:52Z,2026-08-23T11:55:52+0200,e9ed0e7a-f773-48fd-b5c3-626d89d5de64,2026-08-08T11:45:00Z,2026-08-08T13:45:00+0200,209.37009,MW,FR,FR,forecast_onshore_wind_generation,Wind Onshore,2026-08-23T09:57:02Z
2026-08-23T09:55:52Z,2026-08-23T11:55:52+0200,e9ed0e7a-f773-48fd-b5c3-626d89d5de64,2026-08-08T12:00:00Z,2026-08-08T14:00:00+0200,197.19009,MW,FR,FR,forecast_onshore_wind_generation,Wind Onshore,2026-08-23T09:57:02Z
2026-08-23T09:55:52Z,2026-08-23T11:55:52+0200,e9ed0e7a-f773-48fd-b5c3-626d89d5de64,2026-08-08T12:15:00Z,2026-08-08T14:15:00+0200,196.46001,MW,FR,FR,forecast_onshore_wind_generation,Wind Onshore,2026-08-23T09:57:02Z
2026-08-23T09:55:52Z,2026-08-23T11:55:52+0200,e9ed0e7a-f773-48fd-b5c3-626d89d5de64,2026-08-08T12:30:00Z,2026-08-08T14:30:00+0200,195.41014,MW,FR,FR,forecast_onshore_wind_generation,Wind Onshore,2026-08-23T09:57:02Z
2026-08-23T09:55:52Z,2026-08-23T11:55:52+0200,e9ed0e7a-f773-48fd-b5c3-626d89d5de64,2026-08-08T12:45:00Z,2026-08-08T14:45:00+0200,194.87997,MW,FR,FR,forecast_onshore_wind_generation,Wind Onshore,2026-08-23T09:57:02Z
2026-08-23T09:55:52Z,2026-08-23T11:55:52+0200,e9ed0e7a-f773-48fd-b5c3-626d89d5de64,2026-08-08T13:00:00Z,2026-08-08T15:00:00+0200,234.81006,MW,FR,FR,forecast_onshore_wind_generation,Wind Onshore,2026-08-23T09:57:02Z
2026-08-23T09:55:52Z,2026-08-23T11:55:52+0200,e9ed0e7a-f773-48fd-b5c3-626d89d5de64,2026-08-08T13:15:00Z,2026-08-08T15:15:00+0200,271.55994,MW,FR,FR,forecast_onshore_wind_generation,Wind Onshore,2026-08-23T09:57:02Z
2026-08-23T09:55:52Z,2026-08-23T11:55:52+0200,e9ed0e7a-f773-48fd-b5c3-626d89d5de64,2026-08-08T13:30:00Z,2026-08-08T15:30:00+0200,364.54984,MW,FR,FR,forecast_onshore_wind_generation,Wind Onshore,2026-08-23T09:57:02Z
2026-08-23T09:55:52Z,2026-08-23T11:55:52+0200,e9ed0e7a-f773-48fd-b5c3-626d89d5de64,2026-08-08T13:45:00Z,2026-08-08T15:45:00+0200,363.85962,MW,FR,FR,forecast_onshore_wind_generation,Wind Onshore,2026-08-23T09:57:02Z
2026-08-23T09:55:52Z,2026-08-23T11:55:52+0200,e9ed0e7a-f773-48fd-b5c3-626d89d5de64,2026-08-08T14:00:00Z,2026-08-08T16:00:00+0200,362.89978,MW,FR,FR,forecast_onshore_wind_generation,Wind Onshore,2026-08-23T09:57:02Z
2026-08-23T09:55:52Z,2026-08-23T11:55:52+0200,e9ed0e7a-f773-48fd-b5c3-626d89d5de64,2026-08-08T14:15:00Z,2026-08-08T16:15:00+0200,361.65976,MW,FR,FR,forecast_onshore_wind_generation,Wind Onshore,2026-08-23T09:57:02Z
2026-08-23T09:55:52Z,2026-08-23T11:55:52+0200,e9ed0e7a-f773-48fd-b5c3-626d89d5de64,2026-08-08T14:30:00Z,2026-08-08T16:30:00+0200,360.38977,MW,FR,FR,forecast_onshore_wind_generation,Wind Onshore,2026-08-23T09:57:02Z
2026-08-23T09:55:52Z,2026-08-23T11:55:52+0200,e9ed0e7a-f773-48fd-b5c3-626d89d5de64,2026-08-08T14:45:00Z,2026-08-08T16:45:00+0200,563.90948,MW,FR,FR,forecast_onshore_wind_generation,Wind Onshore,2026-08-23T09:57:02Z
2026-08-23T09:55:52Z,2026-08-23T11:55:52+0200,e9ed0e7a-f773-48fd-b5c3-626d89d5de64,2026-08-08T15:00:00Z,2026-08-08T17:00:00+0200,560.03003,MW,FR,FR,forecast_onshore_wind_generation,Wind Onshore,2026-08-23T09:57:02Z
2026-08-23T09:55:52Z,2026-08-23T11:55:52+0200,e9ed0e7a-f773-48fd-b5c3-626d89d5de64,2026-08-08T15:15:00Z,2026-08-08T17:15:00+0200,550.89001,MW,FR,FR,forecast_onshore_wind_generation,Wind Onshore,2026-08-23T09:57:02Z
2026-08-23T09:55:52Z,2026-08-23T11:55:52+0200,e9ed0e7a-f773-48fd-b5c3-626d89d5de64,2026-08-08T15:30:00Z,2026-08-08T17:30:00+0200,542.04004,MW,FR,FR,forecast_onshore_wind_generation,Wind Onshore,2026-08-23T09:57:02Z
2026-08-23T09:55:52Z,2026-08-23T11:55:52+0200,e9ed0e7a-f773-48fd-b5c3-626d89d5de64,2026-08-08T15:45:00Z,2026-08-08T17:45:00+0200,533.31995,MW,FR,FR,forecast_onshore_wind_generation,Wind Onshore,2026-08-23T09:57:02Z
2026-08-23T09:55:52Z,2026-08-23T11:55:52+0200,e9ed0e7a-f773-48fd-b5c3-626d89d5de64,2026-08-08T16:00:00Z,2026-08-08T18:00:00+0200,524.66998,MW,FR,FR,forecast_onshore_wind_generation,Wind Onshore,2026-08-23T09:57:02Z
2026-08-23T09:55:52Z,2026-08-23T11:55:52+0200,e9ed0e7a-f773-48fd-b5c3-626d89d5de64,2026-08-08T16:15:00Z,2026-08-08T18:15:00+0200,531.48999,MW,FR,FR,forecast_onshore_wind_generation,Wind Onshore,2026-08-23T09:57:02Z
2026-08-23T09:55:52Z,2026-08-23T11:55:52+0200,e9ed0e7a-f773-48fd-b5c3-626d89d5de64,2026-08-08T16:30:00Z,2026-08-08T18:30:00+0200,538.37,MW,FR,FR,forecast_onshore_wind_generation,Wind Onshore,2026-08-23T09:57:02Z
2026-08-23T09:55:52Z,2026-08-23T11:55:52+0200,e9ed0e7a-f773-48fd-b5c3-626d89d5de64,2026-08-08T16:45:00Z,2026-08-08T18:45:00+0200,545.26001,MW,FR,FR,forecast_onshore_wind_generation,Wind Onshore,2026-08-23T09:57:02Z
2026-08-23T09:55:52Z,2026-08-23T11:55:52+0200,e9ed0e7a-f773-48fd-b5c3-626d89d5de64,2026-08-08T17:00:00Z,2026-08-08T19:00:00+0200,552.20001,MW,FR,FR,forecast_onshore_wind_generation,Wind Onshore,2026-08-23T09:57:02Z
2026-08-23T09:55:52Z,2026-08-23T11:55:52+0200,e9ed0e7a-f773-48fd-b5c3-626d89d5de64,2026-08-08T17:15:00Z,2026-08-08T19:15:00+0200,570.69,MW,FR,FR,forecast_onshore_wind_generation,Wind Onshore,2026-08-23T09:57:02Z
2026-08-23T09:55:52Z,2026-08-23T11:55:52+0200,e9ed0e7a-f773-48fd-b5c3-626d89d5de64,2026-08-08T17:30:00Z,2026-08-08T19:30:00+0200,589.28003,MW,FR,FR,forecast_onshore_wind_generation,Wind Onshore,2026-08-23T09:57:02Z
2026-08-23T09:55:52Z,2026-08-23T11:55:52+0200,e9ed0e7a-f773-48fd-b5c3-626d89d5de64,2026-08-08T17:45:00Z,2026-08-08T19:45:00+0200,607.90997,MW,FR,FR,forecast_onshore_wind_generation,Wind Onshore,2026-08-23T09:57:02Z
2026-08-23T09:55:52Z,2026-08-23T11:55:52+0200,e9ed0e7a-f773-48fd-b5c3-626d89d5de64,2026-08-08T18:00:00Z,2026-08-08T20:00:00+0200,626.58997,MW,FR,FR,forecast_onshore_wind_generation,Wind Onshore,2026-08-23T09:57:02Z
2026-08-23T09:55:52Z,2026-08-23T11:55:52+0200,e9ed0e7a-f773-48fd-b5c3-626d89d5de64,2026-08-08T18:15:00Z,2026-08-08T20:15:00+0200,691.13,MW,FR,FR,forecast_onshore_wind_generation,Wind Onshore,2026-08-23T09:57:02Z
2026-08-23T09:55:52Z,2026-08-23T11:55:52+0200,e9ed0e7a-f773-48fd-b5c3-626d89d5de64,2026-08-08T18:30:00Z,2026-08-08T20:30:00+0200,755.83002,MW,FR,FR,forecast_onshore_wind_generation,Wind Onshore,2026-08-23T09:57:02Z
2026-08-23T09:55:52Z,2026-08-23T11:55:52+0200,e9ed0e7a-f773-48fd-b5c3-626d89d5de64,2026-08-08T18:45:00Z,2026-08-08T20:45:00+0200,820.55005,MW,FR,FR,forecast_onshore_wind_generation,Wind Onshore,2026-08-23T09:57:02Z
2026-08-23T09:55:52Z,2026-08-23T11:55:52+0200,e9ed0e7a-f773-48fd-b5c3-626d89d5de64,2026-08-08T19:00:00Z,2026-08-08T21:00:00+0200,885.31995,MW,FR,FR,forecast_onshore_wind_generation,Wind Onshore,2026-08-23T09:57:02Z
2026-08-23T09:55:52Z,2026-08-23T11:55:52+0200,e9ed0e7a-f773-48fd-b5c3-626d89d5de64,2026-08-08T19:15:00Z,2026-08-08T21:15:00+0200,945.75995,MW,FR,FR,forecast_onshore_wind_generation,Wind Onshore,2026-08-23T09:57:02Z
2026-08-23T09:55:52Z,2026-08-23T11:55:52+0200,e9ed0e7a-f773-48fd-b5c3-626d89d5de64,2026-08-08T19:30:00Z,2026-08-08T21:30:00+0200,1006.41003,MW,FR,FR,forecast_onshore_wind_generation,Wind Onshore,2026-08-23T09:57:02Z
2026-08-23T09:55:52Z,2026-08-23T11:55:52+0200,e9ed0e7a-f773-48fd-b5c3-626d89d5de64,2026-08-08T19:45:00Z,2026-08-08T21:45:00+0200,1067.09009,MW,FR,FR,forecast_onshore_wind_generation,Wind Onshore,2026-08-23T09:57:02Z
2026-08-23T09:55:52Z,2026-08-23T11:55:52+0200,e9ed0e7a-f773-48fd-b5c3-626d89d5de64,2026-08-08T20:00:00Z,2026-08-08T22:00:00+0200,1127.83997,MW,FR,FR,forecast_onshore_wind_generation,Wind Onshore,2026-08-23T09:57:02Z
2026-08-23T09:55:52Z,2026-08-23T11:55:52+0200,e9ed0e7a-f773-48fd-b5c3-626d89d5de64,2026-08-08T20:15:00Z,2026-08-08T22:15:00+0200,1194.59998,MW,FR,FR,forecast_onshore_wind_generation,Wind Onshore,2026-08-23T09:57:02Z
2026-08-23T09:55:52Z,2026-08-23T11:55:52+0200,e9ed0e7a-f773-48fd-b5c3-626d89d5de64,2026-08-08T20:30:00Z,2026-08-08T22:30:00+0200,1261.39001,MW,FR,FR,forecast_onshore_wind_generation,Wind Onshore,2026-08-23T09:57:02Z
2026-08-23T09:55:52Z,2026-08-23T11:55:52+0200,e9ed0e7a-f773-48fd-b5c3-626d89d5de64,2026-08-08T20:45:00Z,2026-08-08T22:45:00+0200,1328.23999,MW,FR,FR,forecast_onshore_wind_generation,Wind Onshore,2026-08-23T09:57:02Z
2026-08-23T09:55:52Z,2026-08-23T11:55:52+0200,e9ed0e7a-f773-48fd-b5c3-626d89d5de64,2026-08-08T21:00:00Z,2026-08-08T23:00:00+0200,1395.31006,MW,FR,FR,forecast_onshore_wind_generation,Wind Onshore,2026-08-23T09:57:02Z
2026-08-23T09:55:52Z,2026-08-23T11:55:52+0200,e9ed0e7a-f773-48fd-b5c3-626d89d5de64,2026-08-08T21:15:00Z,2026-08-08T23:15:00+0200,1437.59998,MW,FR,FR,forecast_onshore_wind_generation,Wind Onshore,2026-08-23T09:57:02Z
2026-08-23T09:55:52Z,2026-08-23T11:55:52+0200,e9ed0e7a-f773-48fd-b5c3-626d89d5de64,2026-08-08T21:30:00Z,2026-08-08T23:30:00+0200,1480.69995,MW,FR,FR,forecast_onshore_wind_generation,Wind Onshore,2026-08-23T09:57:02Z
2026-08-23T09:55:52Z,2026-08-23T11:55:52+0200,e9ed0e7a-f773-48fd-b5c3-626d89d5de64,2026-08-08T21:45:00Z,2026-08-08T23:45:00+0200,1524.01001,MW,FR,FR,forecast_onshore_wind_generation,Wind Onshore,2026-08-23T09:57:02Z
2026-08-23T09:55:52Z,2026-08-23T11:55:52+0200,e9ed0e7a-f773-48fd-b5c3-626d89d5de64,2026-08-08T22:00:00Z,2026-08-09T00:00:00+0200,1894.64001,MW,FR,FR,forecast_onshore_wind_generation,Wind Onshore,2026-08-23T09:57:02Z
2026-08-23T09:55:52Z,2026-08-23T11:55:52+0200,e9ed0e7a-f773-48fd-b5c3-626d89d5de64,2026-08-08T22:15:00Z,2026-08-09T00:15:00+0200,1917.96997,MW,FR,FR,forecast_onshore_wind_generation,Wind Onshore,2026-08-23T09:57:02Z
2026-08-23T09:55:52Z,2026-08-23T11:55:52+0200,e9ed0e7a-f773-48fd-b5c3-626d89d5de64,2026-08-08T22:30:00Z,2026-08-09T00:30:00+0200,1941.45996,MW,FR,FR,forecast_onshore_wind_generation,Wind Onshore,2026-08-23T09:57:02Z
2026-08-23T09:55:52Z,2026-08-23T11:55:52+0200,e9ed0e7a-f773-48fd-b5c3-626d89d5de64,2026-08-08T22:45:00Z,2026-08-09T00:45:00+0200,1965.03992,MW,FR,FR,forecast_onshore_wind_generation,Wind Onshore,2026-08-23T09:57:02Z
2026-08-23T09:55:52Z,2026-08-23T11:55:52+0200,e9ed0e7a-f773-48fd-b5c3-626d89d5de64,2026-08-08T23:00:00Z,2026-08-09T01:00:00+0200,1988.65015,MW,FR,FR,forecast_onshore_wind_generation,Wind Onshore,2026-08-23T09:57:02Z
2026-08-23T09:55:52Z,2026-08-23T11:55:52+0200,e9ed0e7a-f773-48fd-b5c3-626d89d5de64,2026-08-08T23:15:00Z,2026-08-09T01:15:00+0200,1978.32996,MW,FR,FR,forecast_onshore_wind_generation,Wind Onshore,2026-08-23T09:57:02Z
2026-08-23T09:55:52Z,2026-08-23T11:55:52+0200,e9ed0e7a-f773-48fd-b5c3-626d89d5de64,2026-08-08T23:30:00Z,2026-08-09T01:30:00+0200,1968.07996,MW,FR,FR,forecast_onshore_wind_generation,Wind Onshore,2026-08-23T09:57:02Z
2026-08-23T09:55:52Z,2026-08-23T11:55:52+0200,e9ed0e7a-f773-48fd-b5c3-626d89d5de64,2026-08-08T23:45:00Z,2026-08-09T01:45:00+0200,1957.83984,MW,FR,FR,forecast_onshore_wind_generation,Wind Onshore,2026-08-23T09:57:02Z
2026-08-23T09:55:52Z,2026-08-23T11:55:52+0200,e9ed0e7a-f773-48fd-b5c3-626d89d5de64,2026-08-09T00:00:00Z,2026-08-09T02:00:00+0200,1947.58008,MW,FR,FR,forecast_onshore_wind_generation,Wind Onshore,2026-08-23T09:57:02Z
2026-08-23T09:55:52Z,2026-08-23T11:55:52+0200,e9ed0e7a-f773-48fd-b5c3-626d89d5de64,2026-08-09T00:15:00Z,2026-08-09T02:15:00+0200,1922.06995,MW,FR,FR,forecast_onshore_wind_generation,Wind Onshore,2026-08-23T09:57:02Z
2026-08-23T09:55:52Z,2026-08-23T11:55:52+0200,e9ed0e7a-f773-48fd-b5c3-626d89d5de64,2026-08-09T00:30:00Z,2026-08-09T02:30:00+0200,1896.65991,MW,FR,FR,forecast_onshore_wind_generation,Wind Onshore,2026-08-23T09:57:02Z
2026-08-23T09:55:52Z,2026-08-23T11:55:52+0200,e9ed0e7a-f773-48fd-b5c3-626d89d5de64,2026-08-09T00:45:00Z,2026-08-09T02:45:00+0200,1871.26001,MW,FR,FR,forecast_onshore_wind_generation,Wind Onshore,2026-08-23T09:57:02Z
2026-08-23T09:55:52Z,2026-08-23T11:55:52+0200,e9ed0e7a-f773-48fd-b5c3-626d89d5de64,2026-08-09T01:00:00Z,2026-08-09T03:00:00+0200,1845.90991,MW,FR,FR,forecast_onshore_wind_generation,Wind Onshore,2026-08-23T09:57:02Z
2026-08-23T09:55:52Z,2026-08-23T11:55:52+0200,e9ed0e7a-f773-48fd-b5c3-626d89d5de64,2026-08-09T01:15:00Z,2026-08-09T03:15:00+0200,1859.03992,MW,FR,FR,forecast_onshore_wind_generation,Wind Onshore,2026-08-23T09:57:02Z
2026-08-23T09:55:52Z,2026-08-23T11:55:52+0200,e9ed0e7a-f773-48fd-b5c3-626d89d5de64,2026-08-09T01:30:00Z,2026-08-09T03:30:00+0200,1872.21997,MW,FR,FR,forecast_onshore_wind_generation,Wind Onshore,2026-08-23T09:57:02Z
2026-08-23T09:55:52Z,2026-08-23T11:55:52+0200,e9ed0e7a-f773-48fd-b5c3-626d89d5de64,2026-08-09T01:45:00Z,2026-08-09T03:45:00+0200,1885.39001,MW,FR,FR,forecast_onshore_wind_generation,Wind Onshore,2026-08-23T09:57:02Z
2026-08-23T09:55:52Z,2026-08-23T11:55:52+0200,e9ed0e7a-f773-48fd-b5c3-626d89d5de64,2026-08-09T02:00:00Z,2026-08-09T04:00:00+0200,1898.57007,MW,FR,FR,forecast_onshore_wind_generation,Wind Onshore,2026-08-23T09:57:02Z
2026-08-23T09:55:52Z,2026-08-23T11:55:52+0200,e9ed0e7a-f773-48fd-b5c3-626d89d5de64,2026-08-09T02:15:00Z,2026-08-09T04:15:00+0200,1875.46008,MW,FR,FR,forecast_onshore_wind_generation,Wind Onshore,2026-08-23T09:57:02Z
2026-08-23T09:55:52Z,2026-08-23T11:55:52+0200,e9ed0e7a-f773-48fd-b5c3-626d89d5de64,2026-08-09T02:30:00Z,2026-08-09T04:30:00+0200,1852.3501,MW,FR,FR,forecast_onshore_wind_generation,Wind Onshore,2026-08-23T09:57:02Z
2026-08-23T09:55:52Z,2026-08-23T11:55:52+0200,e9ed0e7a-f773-48fd-b5c3-626d89d5de64,2026-08-09T02:45:00Z,2026-08-09T04:45:00+0200,1829.27002,MW,FR,FR,forecast_onshore_wind_generation,Wind Onshore,2026-08-23T09:57:02Z
2026-08-23T09:55:52Z,2026-08-23T11:55:52+0200,e9ed0e7a-f773-48fd-b5c3-626d89d5de64,2026-08-09T03:00:00Z,2026-08-09T05:00:00+0200,1806.17993,MW,FR,FR,forecast_onshore_wind_generation,Wind Onshore,2026-08-23T09:57:02Z
2026-08-23T09:55:52Z,2026-08-23T11:55:52+0200,e9ed0e7a-f773-48fd-b5c3-626d89d5de64,2026-08-09T03:15:00Z,2026-08-09T05:15:00+0200,1784.53003,MW,FR,FR,forecast_onshore_wind_generation,Wind Onshore,2026-08-23T09:57:02Z
2026-08-23T09:55:52Z,2026-08-23T11:55:52+0200,e9ed0e7a-f773-48fd-b5c3-626d89d5de64,2026-08-09T03:30:00Z,2026-08-09T05:30:00+0200,1762.88,MW,FR,FR,forecast_onshore_wind_generation,Wind Onshore,2026-08-23T09:57:02Z
2026-08-23T09:55:52Z,2026-08-23T11:55:52+0200,e9ed0e7a-f773-48fd-b5c3-626d89d5de64,2026-08-09T03:45:00Z,2026-08-09T05:45:00+0200,1741.25,MW,FR,FR,forecast_onshore_wind_generation,Wind Onshore,2026-08-23T09:57:02Z
2026-08-23T09:55:52Z,2026-08-23T11:55:52+0200,e9ed0e7a-f773-48fd-b5c3-626d89d5de64,2026-08-09T04:00:00Z,2026-08-09T06:00:00+0200,1719.69006,MW,FR,FR,forecast_onshore_wind_generation,Wind Onshore,2026-08-23T09:57:02Z
2026-08-23T09:55:52Z,2026-08-23T11:55:52+0200,e9ed0e7a-f773-48fd-b5c3-626d89d5de64,2026-08-09T04:15:00Z,2026-08-09T06:15:00+0200,1752.77002,MW,FR,FR,forecast_onshore_wind_generation,Wind Onshore,2026-08-23T09:57:02Z
2026-08-23T09:55:52Z,2026-08-23T11:55:52+0200,e9ed0e7a-f773-48fd-b5c3-626d89d5de64,2026-08-09T04:30:00Z,2026-08-09T06:30:00+0200,1785.82996,MW,FR,FR,forecast_onshore_wind_generation,Wind Onshore,2026-08-23T09:57:02Z
2026-08-23T09:55:52Z,2026-08-23T11:55:52+0200,e9ed0e7a-f773-48fd-b5c3-626d89d5de64,2026-08-09T04:45:00Z,2026-08-09T06:45:00+0200,1818.91992,MW,FR,FR,forecast_onshore_wind_generation,Wind Onshore,2026-08-23T09:57:02Z
2026-08-23T09:55:52Z,2026-08-23T11:55:52+0200,e9ed0e7a-f773-48fd-b5c3-626d89d5de64,2026-08-09T05:00:00Z,2026-08-09T07:00:00+0200,1852.0,MW,FR,FR,forecast_onshore_wind_generation,Wind Onshore,2026-08-23T09:57:02Z
2026-08-23T09:55:52Z,2026-08-23T11:55:52+0200,e9ed0e7a-f773-48fd-b5c3-626d89d5de64,2026-08-09T05:15:00Z,2026-08-09T07:15:00+0200,1823.19995,MW,FR,FR,forecast_onshore_wind_generation,Wind Onshore,2026-08-23T09:57:02Z
2026-08-23T09:55:52Z,2026-08-23T11:55:52+0200,e9ed0e7a-f773-48fd-b5c3-626d89d5de64,2026-08-09T05:30:00Z,2026-08-09T07:30:00+0200,1794.40002,MW,FR,FR,forecast_onshore_wind_generation,Wind Onshore,2026-08-23T09:57:02Z
2026-08-23T09:55:52Z,2026-08-23T11:55:52+0200,e9ed0e7a-f773-48fd-b5c3-626d89d5de64,2026-08-09T05:45:00Z,2026-08-09T07:45:00+0200,1765.59009,MW,FR,FR,forecast_onshore_wind_generation,Wind Onshore,2026-08-23T09:57:02Z
2026-08-23T09:55:52Z,2026-08-23T11:55:52+0200,e9ed0e7a-f773-48fd-b5c3-626d89d5de64,2026-08-09T06:00:00Z,2026-08-09T08:00:00+0200,1736.82007,MW,FR,FR,forecast_onshore_wind_generation,Wind Onshore,2026-08-23T09:57:02Z
2026-08-23T09:55:52Z,2026-08-23T11:55:52+0200,e9ed0e7a-f773-48fd-b5c3-626d89d5de64,2026-08-09T06:15:00Z,2026-08-09T08:15:00+0200,1735.51001,MW,FR,FR,forecast_onshore_wind_generation,Wind Onshore,2026-08-23T09:57:02Z
2026-08-23T09:55:52Z,2026-08-23T11:55:52+0200,e9ed0e7a-f773-48fd-b5c3-626d89d5de64,2026-08-09T06:30:00Z,2026-08-09T08:30:00+0200,1734.19995,MW,FR,FR,forecast_onshore_wind_generation,Wind Onshore,2026-08-23T09:57:02Z
2026-08-23T09:55:52Z,2026-08-23T11:55:52+0200,e9ed0e7a-f773-48fd-b5c3-626d89d5de64,2026-08-09T06:45:00Z,2026-08-09T08:45:00+0200,1732.8999,MW,FR,FR,forecast_onshore_wind_generation,Wind Onshore,2026-08-23T09:57:02Z
2026-08-23T09:55:52Z,2026-08-23T11:55:52+0200,e9ed0e7a-f773-48fd-b5c3-626d89d5de64,2026-08-09T07:00:00Z,2026-08-09T09:00:00+0200,1731.63,MW,FR,FR,forecast_onshore_wind_generation,Wind Onshore,2026-08-23T09:57:02Z
2026-08-23T09:55:52Z,2026-08-23T11:55:52+0200,e9ed0e7a-f773-48fd-b5c3-626d89d5de64,2026-08-09T07:15:00Z,2026-08-09T09:15:00+0200,1784.48999,MW,FR,FR,forecast_onshore_wind_generation,Wind Onshore,2026-08-23T09:57:02Z
2026-08-23T09:55:52Z,2026-08-23T11:55:52+0200,e9ed0e7a-f773-48fd-b5c3-626d89d5de64,2026-08-09T07:30:00Z,2026-08-09T09:30:00+0200,1837.44006,MW,FR,FR,forecast_onshore_wind_generation,Wind Onshore,2026-08-23T09:57:02Z
2026-08-23T09:55:52Z,2026-08-23T11:55:52+0200,e9ed0e7a-f773-48fd-b5c3-626d89d5de64,2026-08-09T07:45:00Z,2026-08-09T09:45:00+0200,1890.41992,MW,FR,FR,forecast_onshore_wind_generation,Wind Onshore,2026-08-23T09:57:02Z
2026-08-23T09:55:52Z,2026-08-23T11:55:52+0200,e9ed0e7a-f773-48fd-b5c3-626d89d5de64,2026-08-09T08:00:00Z,2026-08-09T10:00:00+0200,1943.56006,MW,FR,FR,forecast_onshore_wind_generation,Wind Onshore,2026-08-23T09:57:02Z
2026-08-23T09:55:52Z,2026-08-23T11:55:52+0200,e9ed0e7a-f773-48fd-b5c3-626d89d5de64,2026-08-09T08:15:00Z,2026-08-09T10:15:00+0200,2037.62012,MW,FR,FR,forecast_onshore_wind_generation,Wind Onshore,2026-08-23T09:57:02Z
2026-08-23T09:55:52Z,2026-08-23T11:55:52+0200,e9ed0e7a-f773-48fd-b5c3-626d89d5de64,2026-08-09T08:30:00Z,2026-08-09T10:30:00+0200,2131.67017,MW,FR,FR,forecast_onshore_wind_generation,Wind Onshore,2026-08-23T09:57:02Z
2026-08-23T09:55:52Z,2026-08-23T11:55:52+0200,e9ed0e7a-f773-48fd-b5c3-626d89d5de64,2026-08-09T08:45:00Z,2026-08-09T10:45:00+0200,2225.74023,MW,FR,FR,forecast_onshore_wind_generation,Wind Onshore,2026-08-23T09:57:02Z
2026-08-23T09:55:52Z,2026-08-23T11:55:52+0200,e9ed0e7a-f773-48fd-b5c3-626d89d5de64,2026-08-09T09:00:00Z,2026-08-09T11:00:00+0200,2319.72168,MW,FR,FR,forecast_onshore_wind_generation,Wind Onshore,2026-08-23T09:57:02Z
2026-08-23T09:55:52Z,2026-08-23T11:55:52+0200,e9ed0e7a-f773-48fd-b5c3-626d89d5de64,2026-08-09T09:15:00Z,2026-08-09T11:15:00+0200,1349.17004,MW,FR,FR,forecast_onshore_wind_generation,Wind Onshore,2026-08-23T09:57:02Z
2026-08-23T09:55:52Z,2026-08-23T11:55:52+0200,e9ed0e7a-f773-48fd-b5c3-626d89d5de64,2026-08-09T09:30:00Z,2026-08-09T11:30:00+0200,1294.58044,MW,FR,FR,forecast_onshore_wind_generation,Wind Onshore,2026-08-23T09:57:02Z
2026-08-23T09:55:52Z,2026-08-23T11:55:52+0200,e9ed0e7a-f773-48fd-b5c3-626d89d5de64,2026-08-09T09:45:00Z,2026-08-09T11:45:00+0200,1240.16003,MW,FR,FR,forecast_onshore_wind_generation,Wind Onshore,2026-08-23T09:57:02Z
2026-08-23T09:55:52Z,2026-08-23T11:55:52+0200,e9ed0e7a-f773-48fd-b5c3-626d89d5de64,2026-08-09T10:00:00Z,2026-08-09T12:00:00+0200,1185.57043,MW,FR,FR,forecast_onshore_wind_generation,Wind Onshore,2026-08-23T09:57:02Z
2026-08-23T09:55:52Z,2026-08-23T11:55:52+0200,e9ed0e7a-f773-48fd-b5c3-626d89d5de64,2026-08-09T10:15:00Z,2026-08-09T12:15:00+0200,1161.88025,MW,FR,FR,forecast_onshore_wind_generation,Wind Onshore,2026-08-23T09:57:02Z
2026-08-23T09:55:52Z,2026-08-23T11:55:52+0200,e9ed0e7a-f773-48fd-b5c3-626d89d5de64,2026-08-09T10:30:00Z,2026-08-09T12:30:00+0200,1138.11035,MW,FR,FR,forecast_onshore_wind_generation,Wind Onshore,2026-08-23T09:57:02Z
2026-08-23T09:55:52Z,2026-08-23T11:55:52+0200,e9ed0e7a-f773-48fd-b5c3-626d89d5de64,2026-08-09T10:45:00Z,2026-08-09T12:45:00+0200,1114.72961,MW,FR,FR,forecast_onshore_wind_generation,Wind Onshore,2026-08-23T09:57:02Z
2026-08-23T09:55:52Z,2026-08-23T11:55:52+0200,e9ed0e7a-f773-48fd-b5c3-626d89d5de64,2026-08-09T11:00:00Z,2026-08-09T13:00:00+0200,1090.81055,MW,FR,FR,forecast_onshore_wind_generation,Wind Onshore,2026-08-23T09:57:02Z
2026-08-23T09:55:52Z,2026-08-23T11:55:52+0200,e9ed0e7a-f773-48fd-b5c3-626d89d5de64,2026-08-09T11:15:00Z,2026-08-09T13:15:00+0200,1053.31958,MW,FR,FR,forecast_onshore_wind_generation,Wind Onshore,2026-08-23T09:57:02Z
2026-08-23T09:55:52Z,2026-08-23T11:55:52+0200,e9ed0e7a-f773-48fd-b5c3-626d89d5de64,2026-08-09T11:30:00Z,2026-08-09T13:30:00+0200,820.06018,MW,FR,FR,forecast_onshore_wind_generation,Wind Onshore,2026-08-23T09:57:02Z
2026-08-23T09:55:52Z,2026-08-23T11:55:52+0200,e9ed0e7a-f773-48fd-b5c3-626d89d5de64,2026-08-09T11:45:00Z,2026-08-09T13:45:00+0200,772.67957,MW,FR,FR,forecast_onshore_wind_generation,Wind Onshore,2026-08-23T09:57:02Z
2026-08-23T09:55:52Z,2026-08-23T11:55:52+0200,e9ed0e7a-f773-48fd-b5c3-626d89d5de64,2026-08-09T12:00:00Z,2026-08-09T14:00:00+0200,740.78998,MW,FR,FR,forecast_onshore_wind_generation,Wind Onshore,2026-08-23T09:57:02Z
2026-08-23T09:55:52Z,2026-08-23T11:55:52+0200,e9ed0e7a-f773-48fd-b5c3-626d89d5de64,2026-08-09T12:15:00Z,2026-08-09T14:15:00+0200,902.70984,MW,FR,FR,forecast_onshore_wind_generation,Wind Onshore,2026-08-23T09:57:02Z
2026-08-23T09:55:52Z,2026-08-23T11:55:52+0200,e9ed0e7a-f773-48fd-b5c3-626d89d5de64,2026-08-09T12:30:00Z,2026-08-09T14:30:00+0200,865.21002,MW,FR,FR,forecast_onshore_wind_generation,Wind Onshore,2026-08-23T09:57:02Z
2026-08-23T09:55:52Z,2026-08-23T11:55:52+0200,e9ed0e7a-f773-48fd-b5c3-626d89d5de64,2026-08-09T12:45:00Z,2026-08-09T14:45:00+0200,827.70056,MW,FR,FR,forecast_onshore_wind_generation,Wind Onshore,2026-08-23T09:57:02Z
2026-08-23T09:55:52Z,2026-08-23T11:55:52+0200,e9ed0e7a-f773-48fd-b5c3-626d89d5de64,2026-08-09T13:00:00Z,2026-08-09T15:00:00+0200,790.28967,MW,FR,FR,forecast_onshore_wind_generation,Wind Onshore,2026-08-23T09:57:02Z
2026-08-23T09:55:52Z,2026-08-23T11:55:52+0200,e9ed0e7a-f773-48fd-b5c3-626d89d5de64,2026-08-09T13:15:00Z,2026-08-09T15:15:00+0200,758.67981,MW,FR,FR,forecast_onshore_wind_generation,Wind Onshore,2026-08-23T09:57:02Z
2026-08-23T09:55:52Z,2026-08-23T11:55:52+0200,e9ed0e7a-f773-48fd-b5c3-626d89d5de64,2026-08-09T13:30:00Z,2026-08-09T15:30:00+0200,726.80994,MW,FR,FR,forecast_onshore_wind_generation,Wind Onshore,2026-08-23T09:57:02Z
2026-08-23T09:55:52Z,2026-08-23T11:55:52+0200,e9ed0e7a-f773-48fd-b5c3-626d89d5de64,2026-08-09T13:45:00Z,2026-08-09T15:45:00+0200,695.14978,MW,FR,FR,forecast_onshore_wind_generation,Wind Onshore,2026-08-23T09:57:02Z
2026-08-23T09:55:52Z,2026-08-23T11:55:52+0200,e9ed0e7a-f773-48fd-b5c3-626d89d5de64,2026-08-09T14:00:00Z,2026-08-09T16:00:00+0200,1094.87976,MW,FR,FR,forecast_onshore_wind_generation,Wind Onshore,2026-08-23T09:57:02Z
2026-08-23T09:55:52Z,2026-08-23T11:55:52+0200,e9ed0e7a-f773-48fd-b5c3-626d89d5de64,2026-08-09T14:15:00Z,2026-08-09T16:15:00+0200,1098.64001,MW,FR,FR,forecast_onshore_wind_generation,Wind Onshore,2026-08-23T09:57:02Z
2026-08-23T09:55:52Z,2026-08-23T11:55:52+0200,e9ed0e7a-f773-48fd-b5c3-626d89d5de64,2026-08-09T14:30:00Z,2026-08-09T16:30:00+0200,1102.33008,MW,FR,FR,forecast_onshore_wind_generation,Wind Onshore,2026-08-23T09:57:02Z
2026-08-23T09:55:52Z,2026-08-23T11:55:52+0200,e9ed0e7a-f773-48fd-b5c3-626d89d5de64,2026-08-09T14:45:00Z,2026-08-09T16:45:00+0200,1106.03992,MW,FR,FR,forecast_onshore_wind_generation,Wind Onshore,2026-08-23T09:57:02Z
2026-08-23T09:55:52Z,2026-08-23T11:55:52+0200,e9ed0e7a-f773-48fd-b5c3-626d89d5de64,2026-08-09T15:00:00Z,2026-08-09T17:00:00+0200,1109.79004,MW,FR,FR,forecast_onshore_wind_generation,Wind Onshore,2026-08-23T09:57:02Z
2026-08-23T09:55:52Z,2026-08-23T11:55:52+0200,e9ed0e7a-f773-48fd-b5c3-626d89d5de64,2026-08-09T15:15:00Z,2026-08-09T17:15:00+0200,1152.91992,MW,FR,FR,forecast_onshore_wind_generation,Wind Onshore,2026-08-23T09:57:02Z
2026-08-23T09:55:52Z,2026-08-23T11:55:52+0200,e9ed0e7a-f773-48fd-b5c3-626d89d5de64,2026-08-09T15:30:00Z,2026-08-09T17:30:00+0200,1196.1499,MW,FR,FR,forecast_onshore_wind_generation,Wind Onshore,2026-08-23T09:57:02Z
2026-08-23T09:55:52Z,2026-08-23T11:55:52+0200,e9ed0e7a-f773-48fd-b5c3-626d89d5de64,2026-08-09T15:45:00Z,2026-08-09T17:45:00+0200,1239.35999,MW,FR,FR,forecast_onshore_wind_generation,Wind Onshore,2026-08-23T09:57:02Z
2026-08-23T09:55:52Z,2026-08-23T11:55:52+0200,e9ed0e7a-f773-48fd-b5c3-626d89d5de64,2026-08-09T16:00:00Z,2026-08-09T18:00:00+0200,1282.58984,MW,FR,FR,forecast_onshore_wind_generation,Wind Onshore,2026-08-23T09:57:02Z
2026-08-23T09:55:52Z,2026-08-23T11:55:52+0200,e9ed0e7a-f773-48fd-b5c3-626d89d5de64,2026-08-09T16:15:00Z,2026-08-09T18:15:00+0200,1306.14001,MW,FR,FR,forecast_onshore_wind_generation,Wind Onshore,2026-08-23T09:57:02Z
2026-08-23T09:55:52Z,2026-08-23T11:55:52+0200,e9ed0e7a-f773-48fd-b5c3-626d89d5de64,2026-08-09T16:30:00Z,2026-08-09T18:30:00+0200,1329.69995,MW,FR,FR,forecast_onshore_wind_generation,Wind Onshore,2026-08-23T09:57:02Z
2026-08-23T09:55:52Z,2026-08-23T11:55:52+0200,e9ed0e7a-f773-48fd-b5c3-626d89d5de64,2026-08-09T16:45:00Z,2026-08-09T18:45:00+0200,1353.27002,MW,FR,FR,forecast_onshore_wind_generation,Wind Onshore,2026-08-23T09:57:02Z
2026-08-23T09:55:52Z,2026-08-23T11:55:52+0200,e9ed0e7a-f773-48fd-b5c3-626d89d5de64,2026-08-09T17:00:00Z,2026-08-09T19:00:00+0200,1376.81995,MW,FR,FR,forecast_onshore_wind_generation,Wind Onshore,2026-08-23T09:57:02Z
2026-08-23T09:55:52Z,2026-08-23T11:55:52+0200,e9ed0e7a-f773-48fd-b5c3-626d89d5de64,2026-08-09T17:15:00Z,2026-08-09T19:15:00+0200,1397.01001,MW,FR,FR,forecast_onshore_wind_generation,Wind Onshore,2026-08-23T09:57:02Z
2026-08-23T09:55:52Z,2026-08-23T11:55:52+0200,e9ed0e7a-f773-48fd-b5c3-626d89d5de64,2026-08-09T17:30:00Z,2026-08-09T19:30:00+0200,1417.15991,MW,FR,FR,forecast_onshore_wind_generation,Wind Onshore,2026-08-23T09:57:02Z
2026-08-23T09:55:52Z,2026-08-23T11:55:52+0200,e9ed0e7a-f773-48fd-b5c3-626d89d5de64,2026-08-09T17:45:00Z,2026-08-09T19:45:00+0200,1437.34998,MW,FR,FR,forecast_onshore_wind_generation,Wind Onshore,2026-08-23T09:57:02Z
2026-08-23T09:55:52Z,2026-08-23T11:55:52+0200,e9ed0e7a-f773-48fd-b5c3-626d89d5de64,2026-08-09T18:00:00Z,2026-08-09T20:00:00+0200,1457.53003,MW,FR,FR,forecast_onshore_wind_generation,Wind Onshore,2026-08-23T09:57:02Z
2026-08-23T09:55:52Z,2026-08-23T11:55:52+0200,e9ed0e7a-f773-48fd-b5c3-626d89d5de64,2026-08-09T18:15:00Z,2026-08-09T20:15:00+0200,1608.46997,MW,FR,FR,forecast_onshore_wind_generation,Wind Onshore,2026-08-23T09:57:02Z
2026-08-23T09:55:52Z,2026-08-23T11:55:52+0200,e9ed0e7a-f773-48fd-b5c3-626d89d5de64,2026-08-09T18:30:00Z,2026-08-09T20:30:00+0200,1759.41003,MW,FR,FR,forecast_onshore_wind_generation,Wind Onshore,2026-08-23T09:57:02Z
2026-08-23T09:55:52Z,2026-08-23T11:55:52+0200,e9ed0e7a-f773-48fd-b5c3-626d89d5de64,2026-08-09T18:45:00Z,2026-08-09T20:45:00+0200,1910.36011,MW,FR,FR,forecast_onshore_wind_generation,Wind Onshore,2026-08-23T09:57:02Z
2026-08-23T09:55:52Z,2026-08-23T11:55:52+0200,e9ed0e7a-f773-48fd-b5c3-626d89d5de64,2026-08-09T19:00:00Z,2026-08-09T21:00:00+0200,2061.30005,MW,FR,FR,forecast_onshore_wind_generation,Wind Onshore,2026-08-23T09:57:02Z
2026-08-23T09:55:52Z,2026-08-23T11:55:52+0200,e9ed0e7a-f773-48fd-b5c3-626d89d5de64,2026-08-09T19:15:00Z,2026-08-09T21:15:00+0200,2254.52002,MW,FR,FR,forecast_onshore_wind_generation,Wind Onshore,2026-08-23T09:57:02Z
2026-08-23T09:55:52Z,2026-08-23T11:55:52+0200,e9ed0e7a-f773-48fd-b5c3-626d89d5de64,2026-08-09T19:30:00Z,2026-08-09T21:30:00+0200,2447.76001,MW,FR,FR,forecast_onshore_wind_generation,Wind Onshore,2026-08-23T09:57:02Z
2026-08-23T09:55:52Z,2026-08-23T11:55:52+0200,e9ed0e7a-f773-48fd-b5c3-626d89d5de64,2026-08-09T19:45:00Z,2026-08-09T21:45:00+0200,2640.97998,MW,FR,FR,forecast_onshore_wind_generation,Wind Onshore,2026-08-23T09:57:02Z
2026-08-23T09:55:52Z,2026-08-23T11:55:52+0200,e9ed0e7a-f773-48fd-b5c3-626d89d5de64,2026-08-09T20:00:00Z,2026-08-09T22:00:00+0200,2834.22021,MW,FR,FR,forecast_onshore_wind_generation,Wind Onshore,2026-08-23T09:57:02Z
2026-08-23T09:55:52Z,2026-08-23T11:55:52+0200,e9ed0e7a-f773-48fd-b5c3-626d89d5de64,2026-08-09T20:15:00Z,2026-08-09T22:15:00+0200,2907.81006,MW,FR,FR,forecast_onshore_wind_generation,Wind Onshore,2026-08-23T09:57:02Z
2026-08-23T09:55:52Z,2026-08-23T11:55:52+0200,e9ed0e7a-f773-48fd-b5c3-626d89d5de64,2026-08-09T20:30:00Z,2026-08-09T22:30:00+0200,2981.3999,MW,FR,FR,forecast_onshore_wind_generation,Wind Onshore,2026-08-23T09:57:02Z
2026-08-23T09:55:52Z,2026-08-23T11:55:52+0200,e9ed0e7a-f773-48fd-b5c3-626d89d5de64,2026-08-09T20:45:00Z,2026-08-09T22:45:00+0200,3055.0,MW,FR,FR,forecast_onshore_wind_generation,Wind Onshore,2026-08-23T09:57:02Z
2026-08-23T09:55:52Z,2026-08-23T11:55:52+0200,e9ed0e7a-f773-48fd-b5c3-626d89d5de64,2026-08-09T21:00:00Z,2026-08-09T23:00:00+0200,3128.59009,MW,FR,FR,forecast_onshore_wind_generation,Wind Onshore,2026-08-23T09:57:02Z
2026-08-23T09:55:52Z,2026-08-23T11:55:52+0200,e9ed0e7a-f773-48fd-b5c3-626d89d5de64,2026-08-09T21:15:00Z,2026-08-09T23:15:00+0200,3144.0498,MW,FR,FR,forecast_onshore_wind_generation,Wind Onshore,2026-08-23T09:57:02Z
2026-08-23T09:55:52Z,2026-08-23T11:55:52+0200,e9ed0e7a-f773-48fd-b5c3-626d89d5de64,2026-08-09T21:30:00Z,2026-08-09T23:30:00+0200,3159.53003,MW,FR,FR,forecast_onshore_wind_generation,Wind Onshore,2026-08-23T09:57:02Z
2026-08-23T09:55:52Z,2026-08-23T11:55:52+0200,e9ed0e7a-f773-48fd-b5c3-626d89d5de64,2026-08-09T21:45:00Z,2026-08-09T23:45:00+0200,3175.0,MW,FR,FR,forecast_onshore_wind_generation,Wind Onshore,2026-08-23T09:57:02Z
2026-08-23T09:55:52Z,2026-08-23T11:55:52+0200,e9ed0e7a-f773-48fd-b5c3-626d89d5de64,2026-08-09T22:00:00Z,2026-08-10T00:00:00+0200,3681.2002,MW,FR,FR,forecast_onshore_wind_generation,Wind Onshore,2026-08-23T09:57:02Z
2026-08-23T09:55:52Z,2026-08-23T11:55:52+0200,e9ed0e7a-f773-48fd-b5c3-626d89d5de64,2026-08-09T22:15:00Z,2026-08-10T00:15:00+0200,3696.96997,MW,FR,FR,forecast_onshore_wind_generation,Wind Onshore,2026-08-23T09:57:02Z
2026-08-23T09:55:52Z,2026-08-23T11:55:52+0200,e9ed0e7a-f773-48fd-b5c3-626d89d5de64,2026-08-09T22:30:00Z,2026-08-10T00:30:00+0200,3712.74976,MW,FR,FR,forecast_onshore_wind_generation,Wind Onshore,2026-08-23T09:57:02Z
2026-08-23T09:55:52Z,2026-08-23T11:55:52+0200,e9ed0e7a-f773-48fd-b5c3-626d89d5de64,2026-08-09T22:45:00Z,2026-08-10T00:45:00+0200,3728.52002,MW,FR,FR,forecast_onshore_wind_generation,Wind Onshore,2026-08-23T09:57:02Z
2026-08-23T09:55:52Z,2026-08-23T11:55:52+0200,e9ed0e7a-f773-48fd-b5c3-626d89d5de64,2026-08-09T23:00:00Z,2026-08-10T01:00:00+0200,3744.34033,MW,FR,FR,forecast_onshore_wind_generation,Wind Onshore,2026-08-23T09:57:02Z
2026-08-23T09:55:52Z,2026-08-23T11:55:52+0200,e9ed0e7a-f773-48fd-b5c3-626d89d5de64,2026-08-09T23:15:00Z,2026-08-10T01:15:00+0200,3738.30029,MW,FR,FR,forecast_onshore_wind_generation,Wind Onshore,2026-08-23T09:57:02Z
2026-08-23T09:55:52Z,2026-08-23T11:55:52+0200,e9ed0e7a-f773-48fd-b5c3-626d89d5de64,2026-08-09T23:30:00Z,2026-08-10T01:30:00+0200,3732.27979,MW,FR,FR,forecast_onshore_wind_generation,Wind Onshore,2026-08-23T09:57:02Z
2026-08-23T09:55:52Z,2026-08-23T11:55:52+0200,e9ed0e7a-f773-48fd-b5c3-626d89d5de64,2026-08-09T23:45:00Z,2026-08-10T01:45:00+0200,3726.26001,MW,FR,FR,forecast_onshore_wind_generation,Wind Onshore,2026-08-23T09:57:02Z
2026-08-23T09:55:52Z,2026-08-23T11:55:52+0200,e9ed0e7a-f773-48fd-b5c3-626d89d5de64,2026-08-10T00:00:00Z,2026-08-10T02:00:00+0200,3720.27002,MW,FR,FR,forecast_onshore_wind_generation,Wind Onshore,2026-08-23T09:57:02Z
2026-08-23T09:55:52Z,2026-08-23T11:55:52+0200,e9ed0e7a-f773-48fd-b5c3-626d89d5de64,2026-08-10T00:15:00Z,2026-08-10T02:15:00+0200,3607.38013,MW,FR,FR,forecast_onshore_wind_generation,Wind Onshore,2026-08-23T09:57:02Z
2026-08-23T09:55:52Z,2026-08-23T11:55:52+0200,e9ed0e7a-f773-48fd-b5c3-626d89d5de64,2026-08-10T00:30:00Z,2026-08-10T02:30:00+0200,3494.60986,MW,FR,FR,forecast_onshore_wind_generation,Wind Onshore,2026-08-23T09:57:02Z
2026-08-23T09:55:52Z,2026-08-23T11:55:52+0200,e9ed0e7a-f773-48fd-b5c3-626d89d5de64,2026-08-10T00:45:00Z,2026-08-10T02:45:00+0200,3381.83984,MW,FR,FR,forecast_onshore_wind_generation,Wind Onshore,2026-08-23T09:57:02Z
2026-08-23T09:55:52Z,2026-08-23T11:55:52+0200,e9ed0e7a-f773-48fd-b5c3-626d89d5de64,2026-08-10T01:00:00Z,2026-08-10T03:00:00+0200,3269.61011,MW,FR,FR,forecast_onshore_wind_generation,Wind Onshore,2026-08-23T09:57:02Z
2026-08-23T09:55:52Z,2026-08-23T11:55:52+0200,e9ed0e7a-f773-48fd-b5c3-626d89d5de64,2026-08-10T01:15:00Z,2026-08-10T03:15:00+0200,3224.92993,MW,FR,FR,forecast_onshore_wind_generation,Wind Onshore,2026-08-23T09:57:02Z
2026-08-23T09:55:52Z,2026-08-23T11:55:52+0200,e9ed0e7a-f773-48fd-b5c3-626d89d5de64,2026-08-10T01:30:00Z,2026-08-10T03:30:00+0200,3180.37988,MW,FR,FR,forecast_onshore_wind_generation,Wind Onshore,2026-08-23T09:57:02Z
2026-08-23T09:55:52Z,2026-08-23T11:55:52+0200,e9ed0e7a-f773-48fd-b5c3-626d89d5de64,2026-08-10T01:45:00Z,2026-08-10T03:45:00+0200,3136.0,MW,FR,FR,forecast_onshore_wind_generation,Wind Onshore,2026-08-23T09:57:02Z
2026-08-23T09:55:52Z,2026-08-23T11:55:52+0200,e9ed0e7a-f773-48fd-b5c3-626d89d5de64,2026-08-10T02:00:00Z,2026-08-10T04:00:00+0200,3091.62988,MW,FR,FR,forecast_onshore_wind_generation,Wind Onshore,2026-08-23T09:57:02Z
2026-08-23T09:55:52Z,2026-08-23T11:55:52+0200,e9ed0e7a-f773-48fd-b5c3-626d89d5de64,2026-08-10T02:15:00Z,2026-08-10T04:15:00+0200,3036.52002,MW,FR,FR,forecast_onshore_wind_generation,Wind Onshore,2026-08-23T09:57:02Z
2026-08-23T09:55:52Z,2026-08-23T11:55:52+0200,e9ed0e7a-f773-48fd-b5c3-626d89d5de64,2026-08-10T02:30:00Z,2026-08-10T04:30:00+0200,2981.93994,MW,FR,FR,forecast_onshore_wind_generation,Wind Onshore,2026-08-23T09:57:02Z
2026-08-23T09:55:52Z,2026-08-23T11:55:52+0200,e9ed0e7a-f773-48fd-b5c3-626d89d5de64,2026-08-10T02:45:00Z,2026-08-10T04:45:00+0200,2927.62012,MW,FR,FR,forecast_onshore_wind_generation,Wind Onshore,2026-08-23T09:57:02Z
2026-08-23T09:55:52Z,2026-08-23T11:55:52+0200,e9ed0e7a-f773-48fd-b5c3-626d89d5de64,2026-08-10T03:00:00Z,2026-08-10T05:00:00+0200,2873.38013,MW,FR,FR,forecast_onshore_wind_generation,Wind Onshore,2026-08-23T09:57:02Z
2026-08-23T09:55:52Z,2026-08-23T11:55:52+0200,e9ed0e7a-f773-48fd-b5c3-626d89d5de64,2026-08-10T03:15:00Z,2026-08-10T05:15:00+0200,2775.8999,MW,FR,FR,forecast_onshore_wind_generation,Wind Onshore,2026-08-23T09:57:02Z
2026-08-23T09:55:52Z,2026-08-23T11:55:52+0200,e9ed0e7a-f773-48fd-b5c3-626d89d5de64,2026-08-10T03:30:00Z,2026-08-10T05:30:00+0200,2678.61011,MW,FR,FR,forecast_onshore_wind_generation,Wind Onshore,2026-08-23T09:57:02Z
2026-08-23T09:55:52Z,2026-08-23T11:55:52+0200,e9ed0e7a-f773-48fd-b5c3-626d89d5de64,2026-08-10T03:45:00Z,2026-08-10T05:45:00+0200,2581.54004,MW,FR,FR,forecast_onshore_wind_generation,Wind Onshore,2026-08-23T09:57:02Z
2026-08-23T09:55:52Z,2026-08-23T11:55:52+0200,e9ed0e7a-f773-48fd-b5c3-626d89d5de64,2026-08-10T04:00:00Z,2026-08-10T06:00:00+0200,2484.76001,MW,FR,FR,forecast_onshore_wind_generation,Wind Onshore,2026-08-23T09:57:02Z
2026-08-23T09:55:52Z,2026-08-23T11:55:52+0200,e9ed0e7a-f773-48fd-b5c3-626d89d5de64,2026-08-10T04:15:00Z,2026-08-10T06:15:00+0200,2363.58008,MW,FR,FR,forecast_onshore_wind_generation,Wind Onshore,2026-08-23T09:57:02Z
2026-08-23T09:55:52Z,2026-08-23T11:55:52+0200,e9ed0e7a-f773-48fd-b5c3-626d89d5de64,2026-08-10T04:30:00Z,2026-08-10T06:30:00+0200,2242.40991,MW,FR,FR,forecast_onshore_wind_generation,Wind Onshore,2026-08-23T09:57:02Z
2026-08-23T09:55:52Z,2026-08-23T11:55:52+0200,e9ed0e7a-f773-48fd-b5c3-626d89d5de64,2026-08-10T04:45:00Z,2026-08-10T06:45:00+0200,2121.29004,MW,FR,FR,forecast_onshore_wind_generation,Wind Onshore,2026-08-23T09:57:02Z
2026-08-23T09:55:52Z,2026-08-23T11:55:52+0200,e9ed0e7a-f773-48fd-b5c3-626d89d5de64,2026-08-10T05:00:00Z,2026-08-10T07:00:00+0200,2000.18994,MW,FR,FR,forecast_onshore_wind_generation,Wind Onshore,2026-08-23T09:57:02Z
2026-08-23T09:55:52Z,2026-08-23T11:55:52+0200,e9ed0e7a-f773-48fd-b5c3-626d89d5de64,2026-08-10T05:15:00Z,2026-08-10T07:15:00+0200,1896.80994,MW,FR,FR,forecast_onshore_wind_generation,Wind Onshore,2026-08-23T09:57:02Z
2026-08-23T09:55:52Z,2026-08-23T11:55:52+0200,e9ed0e7a-f773-48fd-b5c3-626d89d5de64,2026-08-10T05:30:00Z,2026-08-10T07:30:00+0200,1793.44995,MW,FR,FR,forecast_onshore_wind_generation,Wind Onshore,2026-08-23T09:57:02Z
2026-08-23T09:55:52Z,2026-08-23T11:55:52+0200,e9ed0e7a-f773-48fd-b5c3-626d89d5de64,2026-08-10T05:45:00Z,2026-08-10T07:45:00+0200,1690.12,MW,FR,FR,forecast_onshore_wind_generation,Wind Onshore,2026-08-23T09:57:02Z
2026-08-23T09:55:52Z,2026-08-23T11:55:52+0200,e9ed0e7a-f773-48fd-b5c3-626d89d5de64,2026-08-10T06:00:00Z,2026-08-10T08:00:00+0200,1586.94006,MW,FR,FR,forecast_onshore_wind_generation,Wind Onshore,2026-08-23T09:57:02Z
2026-08-23T09:55:52Z,2026-08-23T11:55:52+0200,e9ed0e7a-f773-48fd-b5c3-626d89d5de64,2026-08-10T06:15:00Z,2026-08-10T08:15:00+0200,1380.21997,MW,FR,FR,forecast_onshore_wind_generation,Wind Onshore,2026-08-23T09:57:02Z
2026-08-23T09:55:52Z,2026-08-23T11:55:52+0200,e9ed0e7a-f773-48fd-b5c3-626d89d5de64,2026-08-10T06:30:00Z,2026-08-10T08:30:00+0200,1173.66992,MW,FR,FR,forecast_onshore_wind_generation,Wind Onshore,2026-08-23T09:57:02Z
2026-08-23T09:55:52Z,2026-08-23T11:55:52+0200,e9ed0e7a-f773-48fd-b5c3-626d89d5de64,2026-08-10T06:45:00Z,2026-08-10T08:45:00+0200,967.35999,MW,FR,FR,forecast_onshore_wind_generation,Wind Onshore,2026-08-23T09:57:02Z
2026-08-23T09:55:52Z,2026-08-23T11:55:52+0200,e9ed0e7a-f773-48fd-b5c3-626d89d5de64,2026-08-10T07:00:00Z,2026-08-10T09:00:00+0200,761.33997,MW,FR,FR,forecast_onshore_wind_generation,Wind Onshore,2026-08-23T09:57:02Z
2026-08-23T09:55:52Z,2026-08-23T11:55:52+0200,e9ed0e7a-f773-48fd-b5c3-626d89d5de64,2026-08-10T07:15:00Z,2026-08-10T09:15:00+0200,718.79004,MW,FR,FR,forecast_onshore_wind_generation,Wind Onshore,2026-08-23T09:57:02Z
2026-08-23T09:55:52Z,2026-08-23T11:55:52+0200,e9ed0e7a-f773-48fd-b5c3-626d89d5de64,2026-08-10T07:30:00Z,2026-08-10T09:30:00+0200,676.34998,MW,FR,FR,forecast_onshore_wind_generation,Wind Onshore,2026-08-23T09:57:02Z
2026-08-23T09:55:52Z,2026-08-23T11:55:52+0200,e9ed0e7a-f773-48fd-b5c3-626d89d5de64,2026-08-10T07:45:00Z,2026-08-10T09:45:00+0200,634.08002,MW,FR,FR,forecast_onshore_wind_generation,Wind Onshore,2026-08-23T09:57:02Z
2026-08-23T09:55:52Z,2026-08-23T11:55:52+0200,e9ed0e7a-f773-48fd-b5c3-626d89d5de64,2026-08-10T08:00:00Z,2026-08-10T10:00:00+0200,592.03998,MW,FR,FR,forecast_onshore_wind_generation,Wind Onshore,2026-08-23T09:57:02Z
2026-08-23T09:55:52Z,2026-08-23T11:55:52+0200,e9ed0e7a-f773-48fd-b5c3-626d89d5de64,2026-08-10T08:15:00Z,2026-08-10T10:15:00+0200,594.97003,MW,FR,FR,forecast_onshore_wind_generation,Wind Onshore,2026-08-23T09:57:02Z
2026-08-23T09:55:52Z,2026-08-23T11:55:52+0200,e9ed0e7a-f773-48fd-b5c3-626d89d5de64,2026-08-10T08:30:00Z,2026-08-10T10:30:00+0200,598.10999,MW,FR,FR,forecast_onshore_wind_generation,Wind Onshore,2026-08-23T09:57:02Z
2026-08-23T09:55:52Z,2026-08-23T11:55:52+0200,e9ed0e7a-f773-48fd-b5c3-626d89d5de64,2026-08-10T08:45:00Z,2026-08-10T10:45:00+0200,601.35004,MW,FR,FR,forecast_onshore_wind_generation,Wind Onshore,2026-08-23T09:57:02Z
2026-08-23T09:55:52Z,2026-08-23T11:55:52+0200,e9ed0e7a-f773-48fd-b5c3-626d89d5de64,2026-08-10T09:00:00Z,2026-08-10T11:00:00+0200,604.67999,MW,FR,FR,forecast_onshore_wind_generation,Wind Onshore,2026-08-23T09:57:02Z
2026-08-23T09:55:52Z,2026-08-23T11:55:52+0200,e9ed0e7a-f773-48fd-b5c3-626d89d5de64,2026-08-10T09:15:00Z,2026-08-10T11:15:00+0200,619.89001,MW,FR,FR,forecast_onshore_wind_generation,Wind Onshore,2026-08-23T09:57:02Z
2026-08-23T09:55:52Z,2026-08-23T11:55:52+0200,e9ed0e7a-f773-48fd-b5c3-626d89d5de64,2026-08-10T09:30:00Z,2026-08-10T11:30:00+0200,635.19995,MW,FR,FR,forecast_onshore_wind_generation,Wind Onshore,2026-08-23T09:57:02Z
2026-08-23T09:55:52Z,2026-08-23T11:55:52+0200,e9ed0e7a-f773-48fd-b5c3-626d89d5de64,2026-08-10T09:45:00Z,2026-08-10T11:45:00+0200,650.72003,MW,FR,FR,forecast_onshore_wind_generation,Wind Onshore,2026-08-23T09:57:02Z
2026-08-23T09:55:52Z,2026-08-23T11:55:52+0200,e9ed0e7a-f773-48fd-b5c3-626d89d5de64,2026-08-10T10:00:00Z,2026-08-10T12:00:00+0200,666.82001,MW,FR,FR,forecast_onshore_wind_generation,Wind Onshore,2026-08-23T09:57:02Z
2026-08-23T09:55:52Z,2026-08-23T11:55:52+0200,e9ed0e7a-f773-48fd-b5c3-626d89d5de64,2026-08-10T10:15:00Z,2026-08-10T12:15:00+0200,704.92999,MW,FR,FR,forecast_onshore_wind_generation,Wind Onshore,2026-08-23T09:57:02Z
2026-08-23T09:55:52Z,2026-08-23T11:55:52+0200,e9ed0e7a-f773-48fd-b5c3-626d89d5de64,2026-08-10T10:30:00Z,2026-08-10T12:30:00+0200,743.51001,MW,FR,FR,forecast_onshore_wind_generation,Wind Onshore,2026-08-23T09:57:02Z
2026-08-23T09:55:52Z,2026-08-23T11:55:52+0200,e9ed0e7a-f773-48fd-b5c3-626d89d5de64,2026-08-10T10:45:00Z,2026-08-10T12:45:00+0200,782.21002,MW,FR,FR,forecast_onshore_wind_generation,Wind Onshore,2026-08-23T09:57:02Z
2026-08-23T09:55:52Z,2026-08-23T11:55:52+0200,e9ed0e7a-f773-48fd-b5c3-626d89d5de64,2026-08-10T11:00:00Z,2026-08-10T13:00:00+0200,820.95001,MW,FR,FR,forecast_onshore_wind_generation,Wind Onshore,2026-08-23T09:57:02Z
2026-08-23T09:55:52Z,2026-08-23T11:55:52+0200,e9ed0e7a-f773-48fd-b5c3-626d89d5de64,2026-08-10T11:15:00Z,2026-08-10T13:15:00+0200,859.56,MW,FR,FR,forecast_onshore_wind_generation,Wind Onshore,2026-08-23T09:57:02Z
2026-08-23T09:55:52Z,2026-08-23T11:55:52+0200,e9ed0e7a-f773-48fd-b5c3-626d89d5de64,2026-08-10T11:30:00Z,2026-08-10T13:30:00+0200,898.20001,MW,FR,FR,forecast_onshore_wind_generation,Wind Onshore,2026-08-23T09:57:02Z
2026-08-23T09:55:52Z,2026-08-23T11:55:52+0200,e9ed0e7a-f773-48fd-b5c3-626d89d5de64,2026-08-10T11:45:00Z,2026-08-10T13:45:00+0200,936.87,MW,FR,FR,forecast_onshore_wind_generation,Wind Onshore,2026-08-23T09:57:02Z
2026-08-23T09:55:52Z,2026-08-23T11:55:52+0200,e9ed0e7a-f773-48fd-b5c3-626d89d5de64,2026-08-10T12:00:00Z,2026-08-10T14:00:00+0200,975.63,MW,FR,FR,forecast_onshore_wind_generation,Wind Onshore,2026-08-23T09:57:02Z
2026-08-23T09:55:52Z,2026-08-23T11:55:52+0200,e9ed0e7a-f773-48fd-b5c3-626d89d5de64,2026-08-10T12:15:00Z,2026-08-10T14:15:00+0200,1020.44006,MW,FR,FR,forecast_onshore_wind_generation,Wind Onshore,2026-08-23T09:57:02Z
2026-08-23T09:55:52Z,2026-08-23T11:55:52+0200,e9ed0e7a-f773-48fd-b5c3-626d89d5de64,2026-08-10T12:30:00Z,2026-08-10T14:30:00+0200,1065.40002,MW,FR,FR,forecast_onshore_wind_generation,Wind Onshore,2026-08-23T09:57:02Z
2026-08-23T09:55:52Z,2026-08-23T11:55:52+0200,e9ed0e7a-f773-48fd-b5c3-626d89d5de64,2026-08-10T12:45:00Z,2026-08-10T14:45:00+0200,1110.52991,MW,FR,FR,forecast_onshore_wind_generation,Wind Onshore,2026-08-23T09:57:02Z
2026-08-23T09:55:52Z,2026-08-23T11:55:52+0200,e9ed0e7a-f773-48fd-b5c3-626d89d5de64,2026-08-10T13:00:00Z,2026-08-10T15:00:00+0200,1155.82007,MW,FR,FR,forecast_onshore_wind_generation,Wind Onshore,2026-08-23T09:57:02Z
2026-08-23T09:55:52Z,2026-08-23T11:55:52+0200,e9ed0e7a-f773-48fd-b5c3-626d89d5de64,2026-08-10T13:15:00Z,2026-08-10T15:15:00+0200,1173.80005,MW,FR,FR,forecast_onshore_wind_generation,Wind Onshore,2026-08-23T09:57:02Z
2026-08-23T09:55:52Z,2026-08-23T11:55:52+0200,e9ed0e7a-f773-48fd-b5c3-626d89d5de64,2026-08-10T13:30:00Z,2026-08-10T15:30:00+0200,1191.80005,MW,FR,FR,forecast_onshore_wind_generation,Wind Onshore,2026-08-23T09:57:02Z
2026-08-23T09:55:52Z,2026-08-23T11:55:52+0200,e9ed0e7a-f773-48fd-b5c3-626d89d5de64,2026-08-10T13:45:00Z,2026-08-10T15:45:00+0200,1209.89001,MW,FR,FR,forecast_onshore_wind_generation,Wind Onshore,2026-08-23T09:57:02Z
2026-08-23T09:55:52Z,2026-08-23T11:55:52+0200,e9ed0e7a-f773-48fd-b5c3-626d89d5de64,2026-08-10T14:00:00Z,2026-08-10T16:00:00+0200,1228.33997,MW,FR,FR,forecast_onshore_wind_generation,Wind Onshore,2026-08-23T09:57:02Z
2026-08-23T09:55:52Z,2026-08-23T11:55:52+0200,e9ed0e7a-f773-48fd-b5c3-626d89d5de64,2026-08-10T14:15:00Z,2026-08-10T16:15:00+0200,1263.31006,MW,FR,FR,forecast_onshore_wind_generation,Wind Onshore,2026-08-23T09:57:02Z
2026-08-23T09:55:52Z,2026-08-23T11:55:52+0200,e9ed0e7a-f773-48fd-b5c3-626d89d5de64,2026-08-10T14:30:00Z,2026-08-10T16:30:00+0200,1298.51001,MW,FR,FR,forecast_onshore_wind_generation,Wind Onshore,2026-08-23T09:57:02Z
2026-08-23T09:55:52Z,2026-08-23T11:55:52+0200,e9ed0e7a-f773-48fd-b5c3-626d89d5de64,2026-08-10T14:45:00Z,2026-08-10T16:45:00+0200,1333.83008,MW,FR,FR,forecast_onshore_wind_generation,Wind Onshore,2026-08-23T09:57:02Z
2026-08-23T09:55:52Z,2026-08-23T11:55:52+0200,e9ed0e7a-f773-48fd-b5c3-626d89d5de64,2026-08-10T15:00:00Z,2026-08-10T17:00:00+0200,1369.23999,MW,FR,FR,forecast_onshore_wind_generation,Wind Onshore,2026-08-23T09:57:02Z
2026-08-23T09:55:52Z,2026-08-23T11:55:52+0200,e9ed0e7a-f773-48fd-b5c3-626d89d5de64,2026-08-10T15:15:00Z,2026-08-10T17:15:00+0200,1387.93994,MW,FR,FR,forecast_onshore_wind_generation,Wind Onshore,2026-08-23T09:57:02Z
2026-08-23T09:55:52Z,2026-08-23T11:55:52+0200,e9ed0e7a-f773-48fd-b5c3-626d89d5de64,2026-08-10T15:30:00Z,2026-08-10T17:30:00+0200,1407.02002,MW,FR,FR,forecast_onshore_wind_generation,Wind Onshore,2026-08-23T09:57:02Z
2026-08-23T09:55:52Z,2026-08-23T11:55:52+0200,e9ed0e7a-f773-48fd-b5c3-626d89d5de64,2026-08-10T15:45:00Z,2026-08-10T17:45:00+0200,1426.13,MW,FR,FR,forecast_onshore_wind_generation,Wind Onshore,2026-08-23T09:57:02Z
2026-08-23T09:55:52Z,2026-08-23T11:55:52+0200,e9ed0e7a-f773-48fd-b5c3-626d89d5de64,2026-08-10T16:00:00Z,2026-08-10T18:00:00+0200,1445.34998,MW,FR,FR,forecast_onshore_wind_generation,Wind Onshore,2026-08-23T09:57:02Z
2026-08-23T09:55:52Z,2026-08-23T11:55:52+0200,e9ed0e7a-f773-48fd-b5c3-626d89d5de64,2026-08-10T16:15:00Z,2026-08-10T18:15:00+0200,1481.0,MW,FR,FR,forecast_onshore_wind_generation,Wind Onshore,2026-08-23T09:57:02Z
2026-08-23T09:55:52Z,2026-08-23T11:55:52+0200,e9ed0e7a-f773-48fd-b5c3-626d89d5de64,2026-08-10T16:30:00Z,2026-08-10T18:30:00+0200,1516.67993,MW,FR,FR,forecast_onshore_wind_generation,Wind Onshore,2026-08-23T09:57:02Z
2026-08-23T09:55:52Z,2026-08-23T11:55:52+0200,e9ed0e7a-f773-48fd-b5c3-626d89d5de64,2026-08-10T16:45:00Z,2026-08-10T18:45:00+0200,1552.40002,MW,FR,FR,forecast_onshore_wind_generation,Wind Onshore,2026-08-23T09:57:02Z
2026-08-23T09:55:52Z,2026-08-23T11:55:52+0200,e9ed0e7a-f773-48fd-b5c3-626d89d5de64,2026-08-10T17:00:00Z,2026-08-10T19:00:00+0200,1588.20996,MW,FR,FR,forecast_onshore_wind_generation,Wind Onshore,2026-08-23T09:57:02Z
2026-08-23T09:55:52Z,2026-08-23T11:55:52+0200,e9ed0e7a-f773-48fd-b5c3-626d89d5de64,2026-08-10T17:15:00Z,2026-08-10T19:15:00+0200,1715.89001,MW,FR,FR,forecast_onshore_wind_generation,Wind Onshore,2026-08-23T09:57:02Z
2026-08-23T09:55:52Z,2026-08-23T11:55:52+0200,e9ed0e7a-f773-48fd-b5c3-626d89d5de64,2026-08-10T17:30:00Z,2026-08-10T19:30:00+0200,1843.59998,MW,FR,FR,forecast_onshore_wind_generation,Wind Onshore,2026-08-23T09:57:02Z
2026-08-23T09:55:52Z,2026-08-23T11:55:52+0200,e9ed0e7a-f773-48fd-b5c3-626d89d5de64,2026-08-10T17:45:00Z,2026-08-10T19:45:00+0200,1971.41003,MW,FR,FR,forecast_onshore_wind_generation,Wind Onshore,2026-08-23T09:57:02Z
2026-08-23T09:55:52Z,2026-08-23T11:55:52+0200,e9ed0e7a-f773-48fd-b5c3-626d89d5de64,2026-08-10T18:00:00Z,2026-08-10T20:00:00+0200,2099.23999,MW,FR,FR,forecast_onshore_wind_generation,Wind Onshore,2026-08-23T09:57:02Z
2026-08-23T09:55:52Z,2026-08-23T11:55:52+0200,e9ed0e7a-f773-48fd-b5c3-626d89d5de64,2026-08-10T18:15:00Z,2026-08-10T20:15:00+0200,2388.38013,MW,FR,FR,forecast_onshore_wind_generation,Wind Onshore,2026-08-23T09:57:02Z
2026-08-23T09:55:52Z,2026-08-23T11:55:52+0200,e9ed0e7a-f773-48fd-b5c3-626d89d5de64,2026-08-10T18:30:00Z,2026-08-10T20:30:00+0200,2677.58008,MW,FR,FR,forecast_onshore_wind_generation,Wind Onshore,2026-08-23T09:57:02Z
2026-08-23T09:55:52Z,2026-08-23T11:55:52+0200,e9ed0e7a-f773-48fd-b5c3-626d89d5de64,2026-08-10T18:45:00Z,2026-08-10T20:45:00+0200,2966.75977,MW,FR,FR,forecast_onshore_wind_generation,Wind Onshore,2026-08-23T09:57:02Z
2026-08-23T09:55:52Z,2026-08-23T11:55:52+0200,e9ed0e7a-f773-48fd-b5c3-626d89d5de64,2026-08-10T19:00:00Z,2026-08-10T21:00:00+0200,3255.94995,MW,FR,FR,forecast_onshore_wind_generation,Wind Onshore,2026-08-23T09:57:02Z
2026-08-23T09:55:52Z,2026-08-23T11:55:52+0200,e9ed0e7a-f773-48fd-b5c3-626d89d5de64,2026-08-10T19:15:00Z,2026-08-10T21:15:00+0200,3557.88013,MW,FR,FR,forecast_onshore_wind_generation,Wind Onshore,2026-08-23T09:57:02Z
2026-08-23T09:55:52Z,2026-08-23T11:55:52+0200,e9ed0e7a-f773-48fd-b5c3-626d89d5de64,2026-08-10T19:30:00Z,2026-08-10T21:30:00+0200,3859.83008,MW,FR,FR,forecast_onshore_wind_generation,Wind Onshore,2026-08-23T09:57:02Z
2026-08-23T09:55:52Z,2026-08-23T11:55:52+0200,e9ed0e7a-f773-48fd-b5c3-626d89d5de64,2026-08-10T19:45:00Z,2026-08-10T21:45:00+0200,4161.76025,MW,FR,FR,forecast_onshore_wind_generation,Wind Onshore,2026-08-23T09:57:02Z
2026-08-23T09:55:52Z,2026-08-23T11:55:52+0200,e9ed0e7a-f773-48fd-b5c3-626d89d5de64,2026-08-10T20:00:00Z,2026-08-10T22:00:00+0200,4464.08984,MW,FR,FR,forecast_onshore_wind_generation,Wind Onshore,2026-08-23T09:57:02Z
2026-08-23T09:55:52Z,2026-08-23T11:55:52+0200,e9ed0e7a-f773-48fd-b5c3-626d89d5de64,2026-08-10T20:15:00Z,2026-08-10T22:15:00+0200,4575.98047,MW,FR,FR,forecast_onshore_wind_generation,Wind Onshore,2026-08-23T09:57:02Z
2026-08-23T09:55:52Z,2026-08-23T11:55:52+0200,e9ed0e7a-f773-48fd-b5c3-626d89d5de64,2026-08-10T20:30:00Z,2026-08-10T22:30:00+0200,4688.27002,MW,FR,FR,forecast_onshore_wind_generation,Wind Onshore,2026-08-23T09:57:02Z
2026-08-23T09:55:52Z,2026-08-23T11:55:52+0200,e9ed0e7a-f773-48fd-b5c3-626d89d5de64,2026-08-10T20:45:00Z,2026-08-10T22:45:00+0200,4800.57959,MW,FR,FR,forecast_onshore_wind_generation,Wind Onshore,2026-08-23T09:57:02Z
2026-08-23T09:55:52Z,2026-08-23T11:55:52+0200,e9ed0e7a-f773-48fd-b5c3-626d89d5de64,2026-08-10T21:00:00Z,2026-08-10T23:00:00+0200,4912.92041,MW,FR,FR,forecast_onshore_wind_generation,Wind Onshore,2026-08-23T09:57:02Z
2026-08-23T09:55:52Z,2026-08-23T11:55:52+0200,e9ed0e7a-f773-48fd-b5c3-626d89d5de64,2026-08-10T21:15:00Z,2026-08-10T23:15:00+0200,4928.15967,MW,FR,FR,forecast_onshore_wind_generation,Wind Onshore,2026-08-23T09:57:02Z
2026-08-23T09:55:52Z,2026-08-23T11:55:52+0200,e9ed0e7a-f773-48fd-b5c3-626d89d5de64,2026-08-10T21:30:00Z,2026-08-10T23:30:00+0200,4943.47998,MW,FR,FR,forecast_onshore_wind_generation,Wind Onshore,2026-08-23T09:57:02Z
2026-08-23T09:55:52Z,2026-08-23T11:55:52+0200,e9ed0e7a-f773-48fd-b5c3-626d89d5de64,2026-08-10T21:45:00Z,2026-08-10T23:45:00+0200,4958.79004,MW,FR,FR,forecast_onshore_wind_generation,Wind Onshore,2026-08-23T09:57:02Z
2026-08-23T09:55:52Z,2026-08-23T11:55:52+0200,e9ed0e7a-f773-48fd-b5c3-626d89d5de64,2026-08-10T22:00:00Z,2026-08-11T00:00:00+0200,4718.31982,MW,FR,FR,forecast_onshore_wind_generation,Wind Onshore,2026-08-23T09:57:02Z
2026-08-23T09:55:52Z,2026-08-23T11:55:52+0200,e9ed0e7a-f773-48fd-b5c3-626d89d5de64,2026-08-10T22:15:00Z,2026-08-11T00:15:00+0200,4752.02002,MW,FR,FR,forecast_onshore_wind_generation,Wind Onshore,2026-08-23T09:57:02Z
2026-08-23T09:55:52Z,2026-08-23T11:55:52+0200,e9ed0e7a-f773-48fd-b5c3-626d89d5de64,2026-08-10T22:30:00Z,2026-08-11T00:30:00+0200,4785.76953,MW,FR,FR,forecast_onshore_wind_generation,Wind Onshore,2026-08-23T09:57:02Z
2026-08-23T09:55:52Z,2026-08-23T11:55:52+0200,e9ed0e7a-f773-48fd-b5c3-626d89d5de64,2026-08-10T22:45:00Z,2026-08-11T00:45:00+0200,4819.5498,MW,FR,FR,forecast_onshore_wind_generation,Wind Onshore,2026-08-23T09:57:02Z
2026-08-23T09:55:52Z,2026-08-23T11:55:52+0200,e9ed0e7a-f773-48fd-b5c3-626d89d5de64,2026-08-10T23:00:00Z,2026-08-11T01:00:00+0200,4853.35986,MW,FR,FR,forecast_onshore_wind_generation,Wind Onshore,2026-08-23T09:57:02Z
2026-08-23T09:55:52Z,2026-08-23T11:55:52+0200,e9ed0e7a-f773-48fd-b5c3-626d89d5de64,2026-08-10T23:15:00Z,2026-08-11T01:15:00+0200,4830.9502,MW,FR,FR,forecast_onshore_wind_generation,Wind Onshore,2026-08-23T09:57:02Z
2026-08-23T09:55:52Z,2026-08-23T11:55:52+0200,e9ed0e7a-f773-48fd-b5c3-626d89d5de64,2026-08-10T23:30:00Z,2026-08-11T01:30:00+0200,4808.58984,MW,FR,FR,forecast_onshore_wind_generation,Wind Onshore,2026-08-23T09:57:02Z
2026-08-23T09:55:52Z,2026-08-23T11:55:52+0200,e9ed0e7a-f773-48fd-b5c3-626d89d5de64,2026-08-10T23:45:00Z,2026-08-11T01:45:00+0200,4786.2998,MW,FR,FR,forecast_onshore_wind_generation,Wind Onshore,2026-08-23T09:57:02Z
2026-08-23T09:55:52Z,2026-08-23T11:55:52+0200,e9ed0e7a-f773-48fd-b5c3-626d89d5de64,2026-08-11T00:00:00Z,2026-08-11T02:00:00+0200,4764.08008,MW,FR,FR,forecast_onshore_wind_generation,Wind Onshore,2026-08-23T09:57:02Z
2026-08-23T09:55:52Z,2026-08-23T11:55:52+0200,e9ed0e7a-f773-48fd-b5c3-626d89d5de64,2026-08-11T00:15:00Z,2026-08-11T02:15:00+0200,4717.20996,MW,FR,FR,forecast_onshore_wind_generation,Wind Onshore,2026-08-23T09:57:02Z
2026-08-23T09:55:52Z,2026-08-23T11:55:52+0200,e9ed0e7a-f773-48fd-b5c3-626d89d5de64,2026-08-11T00:30:00Z,2026-08-11T02:30:00+0200,4670.45996,MW,FR,FR,forecast_onshore_wind_generation,Wind Onshore,2026-08-23T09:57:02Z
2026-08-23T09:55:52Z,2026-08-23T11:55:52+0200,e9ed0e7a-f773-48fd-b5c3-626d89d5de64,2026-08-11T00:45:00Z,2026-08-11T02:45:00+0200,4623.81006,MW,FR,FR,forecast_onshore_wind_generation,Wind Onshore,2026-08-23T09:57:02Z
2026-08-23T09:55:52Z,2026-08-23T11:55:52+0200,e9ed0e7a-f773-48fd-b5c3-626d89d5de64,2026-08-11T01:00:00Z,2026-08-11T03:00:00+0200,4577.24023,MW,FR,FR,forecast_onshore_wind_generation,Wind Onshore,2026-08-23T09:57:02Z
2026-08-23T09:55:52Z,2026-08-23T11:55:52+0200,e9ed0e7a-f773-48fd-b5c3-626d89d5de64,2026-08-11T01:15:00Z,2026-08-11T03:15:00+0200,4578.41016,MW,FR,FR,forecast_onshore_wind_generation,Wind Onshore,2026-08-23T09:57:02Z
2026-08-23T09:55:52Z,2026-08-23T11:55:52+0200,e9ed0e7a-f773-48fd-b5c3-626d89d5de64,2026-08-11T01:30:00Z,2026-08-11T03:30:00+0200,4579.69971,MW,FR,FR,forecast_onshore_wind_generation,Wind Onshore,2026-08-23T09:57:02Z
2026-08-23T09:55:52Z,2026-08-23T11:55:52+0200,e9ed0e7a-f773-48fd-b5c3-626d89d5de64,2026-08-11T01:45:00Z,2026-08-11T03:45:00+0200,4581.02002,MW,FR,FR,forecast_onshore_wind_generation,Wind Onshore,2026-08-23T09:57:02Z
2026-08-23T09:55:52Z,2026-08-23T11:55:52+0200,e9ed0e7a-f773-48fd-b5c3-626d89d5de64,2026-08-11T02:00:00Z,2026-08-11T04:00:00+0200,4582.3999,MW,FR,FR,forecast_onshore_wind_generation,Wind Onshore,2026-08-23T09:57:02Z
2026-08-23T09:55:52Z,2026-08-23T11:55:52+0200,e9ed0e7a-f773-48fd-b5c3-626d89d5de64,2026-08-11T02:15:00Z,2026-08-11T04:15:00+0200,4538.66992,MW,FR,FR,forecast_onshore_wind_generation,Wind Onshore,2026-08-23T09:57:02Z
2026-08-23T09:55:52Z,2026-08-23T11:55:52+0200,e9ed0e7a-f773-48fd-b5c3-626d89d5de64,2026-08-11T02:30:00Z,2026-08-11T04:30:00+0200,4494.99023,MW,FR,FR,forecast_onshore_wind_generation,Wind Onshore,2026-08-23T09:57:02Z
2026-08-23T09:55:52Z,2026-08-23T11:55:52+0200,e9ed0e7a-f773-48fd-b5c3-626d89d5de64,2026-08-11T02:45:00Z,2026-08-11T04:45:00+0200,4451.31982,MW,FR,FR,forecast_onshore_wind_generation,Wind Onshore,2026-08-23T09:57:02Z
2026-08-23T09:55:52Z,2026-08-23T11:55:52+0200,e9ed0e7a-f773-48fd-b5c3-626d89d5de64,2026-08-11T03:00:00Z,2026-08-11T05:00:00+0200,4407.66016,MW,FR,FR,forecast_onshore_wind_generation,Wind Onshore,2026-08-23T09:57:02Z
2026-08-23T09:55:52Z,2026-08-23T11:55:52+0200,e9ed0e7a-f773-48fd-b5c3-626d89d5de64,2026-08-11T03:15:00Z,2026-08-11T05:15:00+0200,4352.0,MW,FR,FR,forecast_onshore_wind_generation,Wind Onshore,2026-08-23T09:57:02Z
2026-08-23T09:55:52Z,2026-08-23T11:55:52+0200,e9ed0e7a-f773-48fd-b5c3-626d89d5de64,2026-08-11T03:30:00Z,2026-08-11T05:30:00+0200,4296.41016,MW,FR,FR,forecast_onshore_wind_generation,Wind Onshore,2026-08-23T09:57:02Z
2026-08-23T09:55:52Z,2026-08-23T11:55:52+0200,e9ed0e7a-f773-48fd-b5c3-626d89d5de64,2026-08-11T03:45:00Z,2026-08-11T05:45:00+0200,4240.83984,MW,FR,FR,forecast_onshore_wind_generation,Wind Onshore,2026-08-23T09:57:02Z
2026-08-23T09:55:52Z,2026-08-23T11:55:52+0200,e9ed0e7a-f773-48fd-b5c3-626d89d5de64,2026-08-11T04:00:00Z,2026-08-11T06:00:00+0200,4185.27002,MW,FR,FR,forecast_onshore_wind_generation,Wind Onshore,2026-08-23T09:57:02Z
2026-08-23T09:55:52Z,2026-08-23T11:55:52+0200,e9ed0e7a-f773-48fd-b5c3-626d89d5de64,2026-08-11T04:15:00Z,2026-08-11T06:15:00+0200,4132.72998,MW,FR,FR,forecast_onshore_wind_generation,Wind Onshore,2026-08-23T09:57:02Z
2026-08-23T09:55:52Z,2026-08-23T11:55:52+0200,e9ed0e7a-f773-48fd-b5c3-626d89d5de64,2026-08-11T04:30:00Z,2026-08-11T06:30:00+0200,4080.15991,MW,FR,FR,forecast_onshore_wind_generation,Wind Onshore,2026-08-23T09:57:02Z
2026-08-23T09:55:52Z,2026-08-23T11:55:52+0200,e9ed0e7a-f773-48fd-b5c3-626d89d5de64,2026-08-11T04:45:00Z,2026-08-11T06:45:00+0200,4027.61011,MW,FR,FR,forecast_onshore_wind_generation,Wind Onshore,2026-08-23T09:57:02Z
2026-08-23T09:55:52Z,2026-08-23T11:55:52+0200,e9ed0e7a-f773-48fd-b5c3-626d89d5de64,2026-08-11T05:00:00Z,2026-08-11T07:00:00+0200,3975.1001,MW,FR,FR,forecast_onshore_wind_generation,Wind Onshore,2026-08-23T09:57:02Z
2026-08-23T09:55:52Z,2026-08-23T11:55:52+0200,e9ed0e7a-f773-48fd-b5c3-626d89d5de64,2026-08-11T05:15:00Z,2026-08-11T07:15:00+0200,3970.66016,MW,FR,FR,forecast_onshore_wind_generation,Wind Onshore,2026-08-23T09:57:02Z
2026-08-23T09:55:52Z,2026-08-23T11:55:52+0200,e9ed0e7a-f773-48fd-b5c3-626d89d5de64,2026-08-11T05:30:00Z,2026-08-11T07:30:00+0200,3966.24023,MW,FR,FR,forecast_onshore_wind_generation,Wind Onshore,2026-08-23T09:57:02Z
2026-08-23T09:55:52Z,2026-08-23T11:55:52+0200,e9ed0e7a-f773-48fd-b5c3-626d89d5de64,2026-08-11T05:45:00Z,2026-08-11T07:45:00+0200,3961.8501,MW,FR,FR,forecast_onshore_wind_generation,Wind Onshore,2026-08-23T09:57:02Z
2026-08-23T09:55:52Z,2026-08-23T11:55:52+0200,e9ed0e7a-f773-48fd-b5c3-626d89d5de64,2026-08-11T06:00:00Z,2026-08-11T08:00:00+0200,3957.52002,MW,FR,FR,forecast_onshore_wind_generation,Wind Onshore,2026-08-23T09:57:02Z
2026-08-23T09:55:52Z,2026-08-23T11:55:52+0200,e9ed0e7a-f773-48fd-b5c3-626d89d5de64,2026-08-11T06:15:00Z,2026-08-11T08:15:00+0200,3490.16992,MW,FR,FR,forecast_onshore_wind_generation,Wind Onshore,2026-08-23T09:57:02Z
2026-08-23T09:55:52Z,2026-08-23T11:55:52+0200,e9ed0e7a-f773-48fd-b5c3-626d89d5de64,2026-08-11T06:30:00Z,2026-08-11T08:30:00+0200,3022.91992,MW,FR,FR,forecast_onshore_wind_generation,Wind Onshore,2026-08-23T09:57:02Z
2026-08-23T09:55:52Z,2026-08-23T11:55:52+0200,e9ed0e7a-f773-48fd-b5c3-626d89d5de64,2026-08-11T06:45:00Z,2026-08-11T08:45:00+0200,2555.66992,MW,FR,FR,forecast_onshore_wind_generation,Wind Onshore,2026-08-23T09:57:02Z
2026-08-23T09:55:52Z,2026-08-23T11:55:52+0200,e9ed0e7a-f773-48fd-b5c3-626d89d5de64,2026-08-11T07:00:00Z,2026-08-11T09:00:00+0200,2088.41992,MW,FR,FR,forecast_onshore_wind_generation,Wind Onshore,2026-08-23T09:57:02Z
2026-08-23T09:55:52Z,2026-08-23T11:55:52+0200,e9ed0e7a-f773-48fd-b5c3-626d89d5de64,2026-08-11T07:15:00Z,2026-08-11T09:15:00+0200,1962.56995,MW,FR,FR,forecast_onshore_wind_generation,Wind Onshore,2026-08-23T09:57:02Z
2026-08-23T09:55:52Z,2026-08-23T11:55:52+0200,e9ed0e7a-f773-48fd-b5c3-626d89d5de64,2026-08-11T07:30:00Z,2026-08-11T09:30:00+0200,1836.75989,MW,FR,FR,forecast_onshore_wind_generation,Wind Onshore,2026-08-23T09:57:02Z
2026-08-23T09:55:52Z,2026-08-23T11:55:52+0200,e9ed0e7a-f773-48fd-b5c3-626d89d5de64,2026-08-11T07:45:00Z,2026-08-11T09:45:00+0200,1711.12012,MW,FR,FR,forecast_onshore_wind_generation,Wind Onshore,2026-08-23T09:57:02Z
2026-08-23T09:55:52Z,2026-08-23T11:55:52+0200,e9ed0e7a-f773-48fd-b5c3-626d89d5de64,2026-08-11T08:00:00Z,2026-08-11T10:00:00+0200,1585.62988,MW,FR,FR,forecast_onshore_wind_generation,Wind Onshore,2026-08-23T09:57:02Z
2026-08-23T09:55:52Z,2026-08-23T11:55:52+0200,e9ed0e7a-f773-48fd-b5c3-626d89d5de64,2026-08-11T08:15:00Z,2026-08-11T10:15:00+0200,1577.93994,MW,FR,FR,forecast_onshore_wind_generation,Wind Onshore,2026-08-23T09:57:02Z
2026-08-23T09:55:52Z,2026-08-23T11:55:52+0200,e9ed0e7a-f773-48fd-b5c3-626d89d5de64,2026-08-11T08:30:00Z,2026-08-11T10:30:00+0200,1570.25012,MW,FR,FR,forecast_onshore_wind_generation,Wind Onshore,2026-08-23T09:57:02Z
2026-08-23T09:55:52Z,2026-08-23T11:55:52+0200,e9ed0e7a-f773-48fd-b5c3-626d89d5de64,2026-08-11T08:45:00Z,2026-08-11T10:45:00+0200,1562.59998,MW,FR,FR,forecast_onshore_wind_generation,Wind Onshore,2026-08-23T09:57:02Z
2026-08-23T09:55:52Z,2026-08-23T11:55:52+0200,e9ed0e7a-f773-48fd-b5c3-626d89d5de64,2026-08-11T09:00:00Z,2026-08-11T11:00:00+0200,1555.0,MW,FR,FR,forecast_onshore_wind_generation,Wind Onshore,2026-08-23T09:57:02Z
2026-08-23T09:55:52Z,2026-08-23T11:55:52+0200,e9ed0e7a-f773-48fd-b5c3-626d89d5de64,2026-08-11T09:15:00Z,2026-08-11T11:15:00+0200,1576.32007,MW,FR,FR,forecast_onshore_wind_generation,Wind Onshore,2026-08-23T09:57:02Z
2026-08-23T09:55:52Z,2026-08-23T11:55:52+0200,e9ed0e7a-f773-48fd-b5c3-626d89d5de64,2026-08-11T09:30:00Z,2026-08-11T11:30:00+0200,1597.66992,MW,FR,FR,forecast_onshore_wind_generation,Wind Onshore,2026-08-23T09:57:02Z
2026-08-23T09:55:52Z,2026-08-23T11:55:52+0200,e9ed0e7a-f773-48fd-b5c3-626d89d5de64,2026-08-11T09:45:00Z,2026-08-11T11:45:00+0200,1619.0,MW,FR,FR,forecast_onshore_wind_generation,Wind Onshore,2026-08-23T09:57:02Z
2026-08-23T09:55:52Z,2026-08-23T11:55:52+0200,e9ed0e7a-f773-48fd-b5c3-626d89d5de64,2026-08-11T10:00:00Z,2026-08-11T12:00:00+0200,1640.40002,MW,FR,FR,forecast_onshore_wind_generation,Wind Onshore,2026-08-23T09:57:02Z
2026-08-23T09:55:52Z,2026-08-23T11:55:52+0200,e9ed0e7a-f773-48fd-b5c3-626d89d5de64,2026-08-11T10:15:00Z,2026-08-11T12:15:00+0200,1649.94995,MW,FR,FR,forecast_onshore_wind_generation,Wind Onshore,2026-08-23T09:57:02Z
2026-08-23T09:55:52Z,2026-08-23T11:55:52+0200,e9ed0e7a-f773-48fd-b5c3-626d89d5de64,2026-08-11T10:30:00Z,2026-08-11T12:30:00+0200,1659.66992,MW,FR,FR,forecast_onshore_wind_generation,Wind Onshore,2026-08-23T09:57:02Z
2026-08-23T09:55:52Z,2026-08-23T11:55:52+0200,e9ed0e7a-f773-48fd-b5c3-626d89d5de64,2026-08-11T10:45:00Z,2026-08-11T12:45:00+0200,1669.41003,MW,FR,FR,forecast_onshore_wind_generation,Wind Onshore,2026-08-23T09:57:02Z
2026-08-23T09:55:52Z,2026-08-23T11:55:52+0200,e9ed0e7a-f773-48fd-b5c3-626d89d5de64,2026-08-11T11:00:00Z,2026-08-11T13:00:00+0200,1679.14001,MW,FR,FR,forecast_onshore_wind_generation,Wind Onshore,2026-08-23T09:57:02Z
2026-08-23T09:55:52Z,2026-08-23T11:55:52+0200,e9ed0e7a-f773-48fd-b5c3-626d89d5de64,2026-08-11T11:15:00Z,2026-08-11T13:15:00+0200,1679.57007,MW,FR,FR,forecast_onshore_wind_generation,Wind Onshore,2026-08-23T09:57:02Z
2026-08-23T09:55:52Z,2026-08-23T11:55:52+0200,e9ed0e7a-f773-48fd-b5c3-626d89d5de64,2026-08-11T11:30:00Z,2026-08-11T13:30:00+0200,1680.20996,MW,FR,FR,forecast_onshore_wind_generation,Wind Onshore,2026-08-23T09:57:02Z
2026-08-23T09:55:52Z,2026-08-23T11:55:52+0200,e9ed0e7a-f773-48fd-b5c3-626d89d5de64,2026-08-11T11:45:00Z,2026-08-11T13:45:00+0200,1680.83008,MW,FR,FR,forecast_onshore_wind_generation,Wind Onshore,2026-08-23T09:57:02Z
2026-08-23T09:55:52Z,2026-08-23T11:55:52+0200,e9ed0e7a-f773-48fd-b5c3-626d89d5de64,2026-08-11T12:00:00Z,2026-08-11T14:00:00+0200,1681.47998,MW,FR,FR,forecast_onshore_wind_generation,Wind Onshore,2026-08-23T09:57:02Z
2026-08-23T09:55:52Z,2026-08-23T11:55:52+0200,e9ed0e7a-f773-48fd-b5c3-626d89d5de64,2026-08-11T12:15:00Z,2026-08-11T14:15:00+0200,1689.93994,MW,FR,FR,forecast_onshore_wind_generation,Wind Onshore,2026-08-23T09:57:02Z
2026-08-23T09:55:52Z,2026-08-23T11:55:52+0200,e9ed0e7a-f773-48fd-b5c3-626d89d5de64,2026-08-11T12:30:00Z,2026-08-11T14:30:00+0200,1698.40015,MW,FR,FR,forecast_onshore_wind_generation,Wind Onshore,2026-08-23T09:57:02Z
2026-08-23T09:55:52Z,2026-08-23T11:55:52+0200,e9ed0e7a-f773-48fd-b5c3-626d89d5de64,2026-08-11T12:45:00Z,2026-08-11T14:45:00+0200,1706.87,MW,FR,FR,forecast_onshore_wind_generation,Wind Onshore,2026-08-23T09:57:02Z
2026-08-23T09:55:52Z,2026-08-23T11:55:52+0200,e9ed0e7a-f773-48fd-b5c3-626d89d5de64,2026-08-11T13:00:00Z,2026-08-11T15:00:00+0200,1715.57007,MW,FR,FR,forecast_onshore_wind_generation,Wind Onshore,2026-08-23T09:57:02Z
2026-08-23T09:55:52Z,2026-08-23T11:55:52+0200,e9ed0e7a-f773-48fd-b5c3-626d89d5de64,2026-08-11T13:15:00Z,2026-08-11T15:15:00+0200,1732.15002,MW,FR,FR,forecast_onshore_wind_generation,Wind Onshore,2026-08-23T09:57:02Z
2026-08-23T09:55:52Z,2026-08-23T11:55:52+0200,e9ed0e7a-f773-48fd-b5c3-626d89d5de64,2026-08-11T13:30:00Z,2026-08-11T15:30:00+0200,1748.87988,MW,FR,FR,forecast_onshore_wind_generation,Wind Onshore,2026-08-23T09:57:02Z
2026-08-23T09:55:52Z,2026-08-23T11:55:52+0200,e9ed0e7a-f773-48fd-b5c3-626d89d5de64,2026-08-11T13:45:00Z,2026-08-11T15:45:00+0200,1765.69006,MW,FR,FR,forecast_onshore_wind_generation,Wind Onshore,2026-08-23T09:57:02Z
2026-08-23T09:55:52Z,2026-08-23T11:55:52+0200,e9ed0e7a-f773-48fd-b5c3-626d89d5de64,2026-08-11T14:00:00Z,2026-08-11T16:00:00+0200,1782.73999,MW,FR,FR,forecast_onshore_wind_generation,Wind Onshore,2026-08-23T09:57:02Z
2026-08-23T09:55:52Z,2026-08-23T11:55:52+0200,e9ed0e7a-f773-48fd-b5c3-626d89d5de64,2026-08-11T14:15:00Z,2026-08-11T16:15:00+0200,1814.87012,MW,FR,FR,forecast_onshore_wind_generation,Wind Onshore,2026-08-23T09:57:02Z
2026-08-23T09:55:52Z,2026-08-23T11:55:52+0200,e9ed0e7a-f773-48fd-b5c3-626d89d5de64,2026-08-11T14:30:00Z,2026-08-11T16:30:00+0200,1847.22009,MW,FR,FR,forecast_onshore_wind_generation,Wind Onshore,2026-08-23T09:57:02Z
2026-08-23T09:55:52Z,2026-08-23T11:55:52+0200,e9ed0e7a-f773-48fd-b5c3-626d89d5de64,2026-08-11T14:45:00Z,2026-08-11T16:45:00+0200,1879.60986,MW,FR,FR,forecast_onshore_wind_generation,Wind Onshore,2026-08-23T09:57:02Z
2026-08-23T09:55:52Z,2026-08-23T11:55:52+0200,e9ed0e7a-f773-48fd-b5c3-626d89d5de64,2026-08-11T15:00:00Z,2026-08-11T17:00:00+0200,1912.08008,MW,FR,FR,forecast_onshore_wind_generation,Wind Onshore,2026-08-23T09:57:02Z
2026-08-23T09:55:52Z,2026-08-23T11:55:52+0200,e9ed0e7a-f773-48fd-b5c3-626d89d5de64,2026-08-11T15:15:00Z,2026-08-11T17:15:00+0200,1949.15991,MW,FR,FR,forecast_onshore_wind_generation,Wind Onshore,2026-08-23T09:57:02Z
2026-08-23T09:55:52Z,2026-08-23T11:55:52+0200,e9ed0e7a-f773-48fd-b5c3-626d89d5de64,2026-08-11T15:30:00Z,2026-08-11T17:30:00+0200,1986.31995,MW,FR,FR,forecast_onshore_wind_generation,Wind Onshore,2026-08-23T09:57:02Z
2026-08-23T09:55:52Z,2026-08-23T11:55:52+0200,e9ed0e7a-f773-48fd-b5c3-626d89d5de64,2026-08-11T15:45:00Z,2026-08-11T17:45:00+0200,2023.48999,MW,FR,FR,forecast_onshore_wind_generation,Wind Onshore,2026-08-23T09:57:02Z
2026-08-23T09:55:52Z,2026-08-23T11:55:52+0200,e9ed0e7a-f773-48fd-b5c3-626d89d5de64,2026-08-11T16:00:00Z,2026-08-11T18:00:00+0200,2060.66016,MW,FR,FR,forecast_onshore_wind_generation,Wind Onshore,2026-08-23T09:57:02Z
2026-08-23T09:55:52Z,2026-08-23T11:55:52+0200,e9ed0e7a-f773-48fd-b5c3-626d89d5de64,2026-08-11T16:15:00Z,2026-08-11T18:15:00+0200,2079.81006,MW,FR,FR,forecast_onshore_wind_generation,Wind Onshore,2026-08-23T09:57:02Z
2026-08-23T09:55:52Z,2026-08-23T11:55:52+0200,e9ed0e7a-f773-48fd-b5c3-626d89d5de64,2026-08-11T16:30:00Z,2026-08-11T18:30:00+0200,2098.98999,MW,FR,FR,forecast_onshore_wind_generation,Wind Onshore,2026-08-23T09:57:02Z
2026-08-23T09:55:52Z,2026-08-23T11:55:52+0200,e9ed0e7a-f773-48fd-b5c3-626d89d5de64,2026-08-11T16:45:00Z,2026-08-11T18:45:00+0200,2118.16992,MW,FR,FR,forecast_onshore_wind_generation,Wind Onshore,2026-08-23T09:57:02Z
2026-08-23T09:55:52Z,2026-08-23T11:55:52+0200,e9ed0e7a-f773-48fd-b5c3-626d89d5de64,2026-08-11T17:00:00Z,2026-08-11T19:00:00+0200,2137.37012,MW,FR,FR,forecast_onshore_wind_generation,Wind Onshore,2026-08-23T09:57:02Z
2026-08-23T09:55:52Z,2026-08-23T11:55:52+0200,e9ed0e7a-f773-48fd-b5c3-626d89d5de64,2026-08-11T17:15:00Z,2026-08-11T19:15:00+0200,2218.46997,MW,FR,FR,forecast_onshore_wind_generation,Wind Onshore,2026-08-23T09:57:02Z
2026-08-23T09:55:52Z,2026-08-23T11:55:52+0200,e9ed0e7a-f773-48fd-b5c3-626d89d5de64,2026-08-11T17:30:00Z,2026-08-11T19:30:00+0200,2299.59009,MW,FR,FR,forecast_onshore_wind_generation,Wind Onshore,2026-08-23T09:57:02Z
2026-08-23T09:55:52Z,2026-08-23T11:55:52+0200,e9ed0e7a-f773-48fd-b5c3-626d89d5de64,2026-08-11T17:45:00Z,2026-08-11T19:45:00+0200,2380.71997,MW,FR,FR,forecast_onshore_wind_generation,Wind Onshore,2026-08-23T09:57:02Z
2026-08-23T09:55:52Z,2026-08-23T11:55:52+0200,e9ed0e7a-f773-48fd-b5c3-626d89d5de64,2026-08-11T18:00:00Z,2026-08-11T20:00:00+0200,2461.86011,MW,FR,FR,forecast_onshore_wind_generation,Wind Onshore,2026-08-23T09:57:02Z
2026-08-23T09:55:52Z,2026-08-23T11:55:52+0200,e9ed0e7a-f773-48fd-b5c3-626d89d5de64,2026-08-11T18:15:00Z,2026-08-11T20:15:00+0200,2771.59009,MW,FR,FR,forecast_onshore_wind_generation,Wind Onshore,2026-08-23T09:57:02Z
2026-08-23T09:55:52Z,2026-08-23T11:55:52+0200,e9ed0e7a-f773-48fd-b5c3-626d89d5de64,2026-08-11T18:30:00Z,2026-08-11T20:30:00+0200,3081.3501,MW,FR,FR,forecast_onshore_wind_generation,Wind Onshore,2026-08-23T09:57:02Z
2026-08-23T09:55:52Z,2026-08-23T11:55:52+0200,e9ed0e7a-f773-48fd-b5c3-626d89d5de64,2026-08-11T18:45:00Z,2026-08-11T20:45:00+0200,3391.11987,MW,FR,FR,forecast_onshore_wind_generation,Wind Onshore,2026-08-23T09:57:02Z
2026-08-23T09:55:52Z,2026-08-23T11:55:52+0200,e9ed0e7a-f773-48fd-b5c3-626d89d5de64,2026-08-11T19:00:00Z,2026-08-11T21:00:00+0200,3700.92017,MW,FR,FR,forecast_onshore_wind_generation,Wind Onshore,2026-08-23T09:57:02Z
2026-08-23T09:55:52Z,2026-08-23T11:55:52+0200,e9ed0e7a-f773-48fd-b5c3-626d89d5de64,2026-08-11T19:15:00Z,2026-08-11T21:15:00+0200,4150.0498,MW,FR,FR,forecast_onshore_wind_generation,Wind Onshore,2026-08-23T09:57:02Z
2026-08-23T09:55:52Z,2026-08-23T11:55:52+0200,e9ed0e7a-f773-48fd-b5c3-626d89d5de64,2026-08-11T19:30:00Z,2026-08-11T21:30:00+0200,4599.17969,MW,FR,FR,forecast_onshore_wind_generation,Wind Onshore,2026-08-23T09:57:02Z
2026-08-23T09:55:52Z,2026-08-23T11:55:52+0200,e9ed0e7a-f773-48fd-b5c3-626d89d5de64,2026-08-11T19:45:00Z,2026-08-11T21:45:00+0200,5048.33008,MW,FR,FR,forecast_onshore_wind_generation,Wind Onshore,2026-08-23T09:57:02Z
2026-08-23T09:55:52Z,2026-08-23T11:55:52+0200,e9ed0e7a-f773-48fd-b5c3-626d89d5de64,2026-08-11T20:00:00Z,2026-08-11T22:00:00+0200,5497.5498,MW,FR,FR,forecast_onshore_wind_generation,Wind Onshore,2026-08-23T09:57:02Z
2026-08-23T09:55:52Z,2026-08-23T11:55:52+0200,e9ed0e7a-f773-48fd-b5c3-626d89d5de64,2026-08-11T20:15:00Z,2026-08-11T22:15:00+0200,5679.02979,MW,FR,FR,forecast_onshore_wind_generation,Wind Onshore,2026-08-23T09:57:02Z
2026-08-23T09:55:52Z,2026-08-23T11:55:52+0200,e9ed0e7a-f773-48fd-b5c3-626d89d5de64,2026-08-11T20:30:00Z,2026-08-11T22:30:00+0200,5860.50977,MW,FR,FR,forecast_onshore_wind_generation,Wind Onshore,2026-08-23T09:57:02Z
2026-08-23T09:55:52Z,2026-08-23T11:55:52+0200,e9ed0e7a-f773-48fd-b5c3-626d89d5de64,2026-08-11T20:45:00Z,2026-08-11T22:45:00+0200,6042.02002,MW,FR,FR,forecast_onshore_wind_generation,Wind Onshore,2026-08-23T09:57:02Z
2026-08-23T09:55:52Z,2026-08-23T11:55:52+0200,e9ed0e7a-f773-48fd-b5c3-626d89d5de64,2026-08-11T21:00:00Z,2026-08-11T23:00:00+0200,6223.52979,MW,FR,FR,forecast_onshore_wind_generation,Wind Onshore,2026-08-23T09:57:02Z
2026-08-23T09:55:52Z,2026-08-23T11:55:52+0200,e9ed0e7a-f773-48fd-b5c3-626d89d5de64,2026-08-11T21:15:00Z,2026-08-11T23:15:00+0200,6262.47998,MW,FR,FR,forecast_onshore_wind_generation,Wind Onshore,2026-08-23T09:57:02Z
2026-08-23T09:55:52Z,2026-08-23T11:55:52+0200,e9ed0e7a-f773-48fd-b5c3-626d89d5de64,2026-08-11T21:30:00Z,2026-08-11T23:30:00+0200,6301.43994,MW,FR,FR,forecast_onshore_wind_generation,Wind Onshore,2026-08-23T09:57:02Z
2026-08-23T09:55:52Z,2026-08-23T11:55:52+0200,e9ed0e7a-f773-48fd-b5c3-626d89d5de64,2026-08-11T21:45:00Z,2026-08-11T23:45:00+0200,6340.41016,MW,FR,FR,forecast_onshore_wind_generation,Wind Onshore,2026-08-23T09:57:02Z
2026-08-23T09:55:52Z,2026-08-23T11:55:52+0200,e9ed0e7a-f773-48fd-b5c3-626d89d5de64,2026-08-11T22:00:00Z,2026-08-12T00:00:00+0200,6783.79004,MW,FR,FR,forecast_onshore_wind_generation,Wind Onshore,2026-08-23T09:57:02Z
2026-08-23T09:55:52Z,2026-08-23T11:55:52+0200,e9ed0e7a-f773-48fd-b5c3-626d89d5de64,2026-08-11T22:15:00Z,2026-08-12T00:15:00+0200,6732.1001,MW,FR,FR,forecast_onshore_wind_generation,Wind Onshore,2026-08-23T09:57:02Z
2026-08-23T09:55:52Z,2026-08-23T11:55:52+0200,e9ed0e7a-f773-48fd-b5c3-626d89d5de64,2026-08-11T22:30:00Z,2026-08-12T00:30:00+0200,6680.48975,MW,FR,FR,forecast_onshore_wind_generation,Wind Onshore,2026-08-23T09:57:02Z
2026-08-23T09:55:52Z,2026-08-23T11:55:52+0200,e9ed0e7a-f773-48fd-b5c3-626d89d5de64,2026-08-11T22:45:00Z,2026-08-12T00:45:00+0200,6628.9502,MW,FR,FR,forecast_onshore_wind_generation,Wind Onshore,2026-08-23T09:57:02Z
2026-08-23T09:55:52Z,2026-08-23T11:55:52+0200,e9ed0e7a-f773-48fd-b5c3-626d89d5de64,2026-08-11T23:00:00Z,2026-08-12T01:00:00+0200,6577.52979,MW,FR,FR,forecast_onshore_wind_generation,Wind Onshore,2026-08-23T09:57:02Z
2026-08-23T09:55:52Z,2026-08-23T11:55:52+0200,e9ed0e7a-f773-48fd-b5c3-626d89d5de64,2026-08-11T23:15:00Z,2026-08-12T01:15:00+0200,6450.40039,MW,FR,FR,forecast_onshore_wind_generation,Wind Onshore,2026-08-23T09:57:02Z
2026-08-23T09:55:52Z,2026-08-23T11:55:52+0200,e9ed0e7a-f773-48fd-b5c3-626d89d5de64,2026-08-11T23:30:00Z,2026-08-12T01:30:00+0200,6323.32031,MW,FR,FR,forecast_onshore_wind_generation,Wind Onshore,2026-08-23T09:57:02Z
2026-08-23T09:55:52Z,2026-08-23T11:55:52+0200,e9ed0e7a-f773-48fd-b5c3-626d89d5de64,2026-08-11T23:45:00Z,2026-08-12T01:45:00+0200,6196.35986,MW,FR,FR,forecast_onshore_wind_generation,Wind Onshore,2026-08-23T09:57:02Z
2026-08-23T09:55:52Z,2026-08-23T11:55:52+0200,e9ed0e7a-f773-48fd-b5c3-626d89d5de64,2026-08-12T00:00:00Z,2026-08-12T02:00:00+0200,6069.62012,MW,FR,FR,forecast_onshore_wind_generation,Wind Onshore,2026-08-23T09:57:02Z
2026-08-23T09:55:52Z,2026-08-23T11:55:52+0200,e9ed0e7a-f773-48fd-b5c3-626d89d5de64,2026-08-12T00:15:00Z,2026-08-12T02:15:00+0200,5916.79004,MW,FR,FR,forecast_onshore_wind_generation,Wind Onshore,2026-08-23T09:57:02Z
2026-08-23T09:55:52Z,2026-08-23T11:55:52+0200,e9ed0e7a-f773-48fd-b5c3-626d89d5de64,2026-08-12T00:30:00Z,2026-08-12T02:30:00+0200,5764.01953,MW,FR,FR,forecast_onshore_wind_generation,Wind Onshore,2026-08-23T09:57:02Z
2026-08-23T09:55:52Z,2026-08-23T11:55:52+0200,e9ed0e7a-f773-48fd-b5c3-626d89d5de64,2026-08-12T00:45:00Z,2026-08-12T02:45:00+0200,5611.33008,MW,FR,FR,forecast_onshore_wind_generation,Wind Onshore,2026-08-23T09:57:02Z
2026-08-23T09:55:52Z,2026-08-23T11:55:52+0200,e9ed0e7a-f773-48fd-b5c3-626d89d5de64,2026-08-12T01:00:00Z,2026-08-12T03:00:00+0200,5458.69971,MW,FR,FR,forecast_onshore_wind_generation,Wind Onshore,2026-08-23T09:57:02Z
2026-08-23T09:55:52Z,2026-08-23T11:55:52+0200,e9ed0e7a-f773-48fd-b5c3-626d89d5de64,2026-08-12T01:15:00Z,2026-08-12T03:15:00+0200,5367.12988,MW,FR,FR,forecast_onshore_wind_generation,Wind Onshore,2026-08-23T09:57:02Z
2026-08-23T09:55:52Z,2026-08-23T11:55:52+0200,e9ed0e7a-f773-48fd-b5c3-626d89d5de64,2026-08-12T01:30:00Z,2026-08-12T03:30:00+0200,5275.62012,MW,FR,FR,forecast_onshore_wind_generation,Wind Onshore,2026-08-23T09:57:02Z
2026-08-23T09:55:52Z,2026-08-23T11:55:52+0200,e9ed0e7a-f773-48fd-b5c3-626d89d5de64,2026-08-12T01:45:00Z,2026-08-12T03:45:00+0200,5184.12988,MW,FR,FR,forecast_onshore_wind_generation,Wind Onshore,2026-08-23T09:57:02Z
2026-08-23T09:55:52Z,2026-08-23T11:55:52+0200,e9ed0e7a-f773-48fd-b5c3-626d89d5de64,2026-08-12T02:00:00Z,2026-08-12T04:00:00+0200,5092.62012,MW,FR,FR,forecast_onshore_wind_generation,Wind Onshore,2026-08-23T09:57:02Z
2026-08-23T09:55:52Z,2026-08-23T11:55:52+0200,e9ed0e7a-f773-48fd-b5c3-626d89d5de64,2026-08-12T02:15:00Z,2026-08-12T04:15:00+0200,5015.34961,MW,FR,FR,forecast_onshore_wind_generation,Wind Onshore,2026-08-23T09:57:02Z
2026-08-23T09:55:52Z,2026-08-23T11:55:52+0200,e9ed0e7a-f773-48fd-b5c3-626d89d5de64,2026-08-12T02:30:00Z,2026-08-12T04:30:00+0200,4938.1001,MW,FR,FR,forecast_onshore_wind_generation,Wind Onshore,2026-08-23T09:57:02Z
2026-08-23T09:55:52Z,2026-08-23T11:55:52+0200,e9ed0e7a-f773-48fd-b5c3-626d89d5de64,2026-08-12T02:45:00Z,2026-08-12T04:45:00+0200,4860.83008,MW,FR,FR,forecast_onshore_wind_generation,Wind Onshore,2026-08-23T09:57:02Z
2026-08-23T09:55:52Z,2026-08-23T11:55:52+0200,e9ed0e7a-f773-48fd-b5c3-626d89d5de64,2026-08-12T03:00:00Z,2026-08-12T05:00:00+0200,4783.60986,MW,FR,FR,forecast_onshore_wind_generation,Wind Onshore,2026-08-23T09:57:02Z
2026-08-23T09:55:52Z,2026-08-23T11:55:52+0200,e9ed0e7a-f773-48fd-b5c3-626d89d5de64,2026-08-12T03:15:00Z,2026-08-12T05:15:00+0200,4732.4502,MW,FR,FR,forecast_onshore_wind_generation,Wind Onshore,2026-08-23T09:57:02Z
2026-08-23T09:55:52Z,2026-08-23T11:55:52+0200,e9ed0e7a-f773-48fd-b5c3-626d89d5de64,2026-08-12T03:30:00Z,2026-08-12T05:30:00+0200,4681.28027,MW,FR,FR,forecast_onshore_wind_generation,Wind Onshore,2026-08-23T09:57:02Z
2026-08-23T09:55:52Z,2026-08-23T11:55:52+0200,e9ed0e7a-f773-48fd-b5c3-626d89d5de64,2026-08-12T03:45:00Z,2026-08-12T05:45:00+0200,4630.1499,MW,FR,FR,forecast_onshore_wind_generation,Wind Onshore,2026-08-23T09:57:02Z
2026-08-23T09:55:52Z,2026-08-23T11:55:52+0200,e9ed0e7a-f773-48fd-b5c3-626d89d5de64,2026-08-12T04:00:00Z,2026-08-12T06:00:00+0200,4579.02002,MW,FR,FR,forecast_onshore_wind_generation,Wind Onshore,2026-08-23T09:57:02Z
2026-08-23T09:55:52Z,2026-08-23T11:55:52+0200,e9ed0e7a-f773-48fd-b5c3-626d89d5de64,2026-08-12T04:15:00Z,2026-08-12T06:15:00+0200,4516.70996,MW,FR,FR,forecast_onshore_wind_generation,Wind Onshore,2026-08-23T09:57:02Z
2026-08-23T09:55:52Z,2026-08-23T11:55:52+0200,e9ed0e7a-f773-48fd-b5c3-626d89d5de64,2026-08-12T04:30:00Z,2026-08-12T06:30:00+0200,4454.38037,MW,FR,FR,forecast_onshore_wind_generation,Wind Onshore,2026-08-23T09:57:02Z
2026-08-23T09:55:52Z,2026-08-23T11:55:52+0200,e9ed0e7a-f773-48fd-b5c3-626d89d5de64,2026-08-12T04:45:00Z,2026-08-12T06:45:00+0200,4392.1001,MW,FR,FR,forecast_onshore_wind_generation,Wind Onshore,2026-08-23T09:57:02Z
2026-08-23T09:55:52Z,2026-08-23T11:55:52+0200,e9ed0e7a-f773-48fd-b5c3-626d89d5de64,2026-08-12T05:00:00Z,2026-08-12T07:00:00+0200,4329.82031,MW,FR,FR,forecast_onshore_wind_generation,Wind Onshore,2026-08-23T09:57:02Z
2026-08-23T09:55:52Z,2026-08-23T11:55:52+0200,e9ed0e7a-f773-48fd-b5c3-626d89d5de64,2026-08-12T05:15:00Z,2026-08-12T07:15:00+0200,4215.48975,MW,FR,FR,forecast_onshore_wind_generation,Wind Onshore,2026-08-23T09:57:02Z
2026-08-23T09:55:52Z,2026-08-23T11:55:52+0200,e9ed0e7a-f773-48fd-b5c3-626d89d5de64,2026-08-12T05:30:00Z,2026-08-12T07:30:00+0200,4101.20996,MW,FR,FR,forecast_onshore_wind_generation,Wind Onshore,2026-08-23T09:57:02Z
2026-08-23T09:55:52Z,2026-08-23T11:55:52+0200,e9ed0e7a-f773-48fd-b5c3-626d89d5de64,2026-08-12T05:45:00Z,2026-08-12T07:45:00+0200,3986.90015,MW,FR,FR,forecast_onshore_wind_generation,Wind Onshore,2026-08-23T09:57:02Z
2026-08-23T09:55:52Z,2026-08-23T11:55:52+0200,e9ed0e7a-f773-48fd-b5c3-626d89d5de64,2026-08-12T06:00:00Z,2026-08-12T08:00:00+0200,3872.64014,MW,FR,FR,forecast_onshore_wind_generation,Wind Onshore,2026-08-23T09:57:02Z
2026-08-23T09:55:52Z,2026-08-23T11:55:52+0200,e9ed0e7a-f773-48fd-b5c3-626d89d5de64,2026-08-12T06:15:00Z,2026-08-12T08:15:00+0200,3601.54004,MW,FR,FR,forecast_onshore_wind_generation,Wind Onshore,2026-08-23T09:57:02Z
2026-08-23T09:55:52Z,2026-08-23T11:55:52+0200,e9ed0e7a-f773-48fd-b5c3-626d89d5de64,2026-08-12T06:30:00Z,2026-08-12T08:30:00+0200,3330.45996,MW,FR,FR,forecast_onshore_wind_generation,Wind Onshore,2026-08-23T09:57:02Z
2026-08-23T09:55:52Z,2026-08-23T11:55:52+0200,e9ed0e7a-f773-48fd-b5c3-626d89d5de64,2026-08-12T06:45:00Z,2026-08-12T08:45:00+0200,3059.47998,MW,FR,FR,forecast_onshore_wind_generation,Wind Onshore,2026-08-23T09:57:02Z
2026-08-23T09:55:52Z,2026-08-23T11:55:52+0200,e9ed0e7a-f773-48fd-b5c3-626d89d5de64,2026-08-12T07:00:00Z,2026-08-12T09:00:00+0200,2788.6001,MW,FR,FR,forecast_onshore_wind_generation,Wind Onshore,2026-08-23T09:57:02Z
2026-08-23T09:55:52Z,2026-08-23T11:55:52+0200,e9ed0e7a-f773-48fd-b5c3-626d89d5de64,2026-08-12T07:15:00Z,2026-08-12T09:15:00+0200,2425.18994,MW,FR,FR,forecast_onshore_wind_generation,Wind Onshore,2026-08-23T09:57:02Z
2026-08-23T09:55:52Z,2026-08-23T11:55:52+0200,e9ed0e7a-f773-48fd-b5c3-626d89d5de64,2026-08-12T07:30:00Z,2026-08-12T09:30:00+0200,2061.84009,MW,FR,FR,forecast_onshore_wind_generation,Wind Onshore,2026-08-23T09:57:02Z
2026-08-23T09:55:52Z,2026-08-23T11:55:52+0200,e9ed0e7a-f773-48fd-b5c3-626d89d5de64,2026-08-12T07:45:00Z,2026-08-12T09:45:00+0200,1698.5,MW,FR,FR,forecast_onshore_wind_generation,Wind Onshore,2026-08-23T09:57:02Z
2026-08-23T09:55:52Z,2026-08-23T11:55:52+0200,e9ed0e7a-f773-48fd-b5c3-626d89d5de64,2026-08-12T08:00:00Z,2026-08-12T10:00:00+0200,1335.21997,MW,FR,FR,forecast_onshore_wind_generation,Wind Onshore,2026-08-23T09:57:02Z
2026-08-23T09:55:52Z,2026-08-23T11:55:52+0200,e9ed0e7a-f773-48fd-b5c3-626d89d5de64,2026-08-12T08:15:00Z,2026-08-12T10:15:00+0200,1273.35999,MW,FR,FR,forecast_onshore_wind_generation,Wind Onshore,2026-08-23T09:57:02Z
2026-08-23T09:55:52Z,2026-08-23T11:55:52+0200,e9ed0e7a-f773-48fd-b5c3-626d89d5de64,2026-08-12T08:30:00Z,2026-08-12T10:30:00+0200,1211.75,MW,FR,FR,forecast_onshore_wind_generation,Wind Onshore,2026-08-23T09:57:02Z
2026-08-23T09:55:52Z,2026-08-23T11:55:52+0200,e9ed0e7a-f773-48fd-b5c3-626d89d5de64,2026-08-12T08:45:00Z,2026-08-12T10:45:00+0200,1150.26001,MW,FR,FR,forecast_onshore_wind_generation,Wind Onshore,2026-08-23T09:57:02Z
2026-08-23T09:55:52Z,2026-08-23T11:55:52+0200,e9ed0e7a-f773-48fd-b5c3-626d89d5de64,2026-08-12T09:00:00Z,2026-08-12T11:00:00+0200,1088.80005,MW,FR,FR,forecast_onshore_wind_generation,Wind Onshore,2026-08-23T09:57:02Z
2026-08-23T09:55:52Z,2026-08-23T11:55:52+0200,e9ed0e7a-f773-48fd-b5c3-626d89d5de64,2026-08-12T09:15:00Z,2026-08-12T11:15:00+0200,1081.45996,MW,FR,FR,forecast_onshore_wind_generation,Wind Onshore,2026-08-23T09:57:02Z
2026-08-23T09:55:52Z,2026-08-23T11:55:52+0200,e9ed0e7a-f773-48fd-b5c3-626d89d5de64,2026-08-12T09:30:00Z,2026-08-12T11:30:00+0200,1074.16992,MW,FR,FR,forecast_onshore_wind_generation,Wind Onshore,2026-08-23T09:57:02Z
2026-08-23T09:55:52Z,2026-08-23T11:55:52+0200,e9ed0e7a-f773-48fd-b5c3-626d89d5de64,2026-08-12T09:45:00Z,2026-08-12T11:45:00+0200,1066.8999,MW,FR,FR,forecast_onshore_wind_generation,Wind Onshore,2026-08-23T09:57:02Z
2026-08-23T09:55:52Z,2026-08-23T11:55:52+0200,e9ed0e7a-f773-48fd-b5c3-626d89d5de64,2026-08-12T10:00:00Z,2026-08-12T12:00:00+0200,1059.65002,MW,FR,FR,forecast_onshore_wind_generation,Wind Onshore,2026-08-23T09:57:02Z
2026-08-23T09:55:52Z,2026-08-23T11:55:52+0200,e9ed0e7a-f773-48fd-b5c3-626d89d5de64,2026-08-12T10:15:00Z,2026-08-12T12:15:00+0200,1070.07996,MW,FR,FR,forecast_onshore_wind_generation,Wind Onshore,2026-08-23T09:57:02Z
2026-08-23T09:55:52Z,2026-08-23T11:55:52+0200,e9ed0e7a-f773-48fd-b5c3-626d89d5de64,2026-08-12T10:30:00Z,2026-08-12T12:30:00+0200,1080.56006,MW,FR,FR,forecast_onshore_wind_generation,Wind Onshore,2026-08-23T09:57:02Z
2026-08-23T09:55:52Z,2026-08-23T11:55:52+0200,e9ed0e7a-f773-48fd-b5c3-626d89d5de64,2026-08-12T10:45:00Z,2026-08-12T12:45:00+0200,1091.01001,MW,FR,FR,forecast_onshore_wind_generation,Wind Onshore,2026-08-23T09:57:02Z
2026-08-23T09:55:52Z,2026-08-23T11:55:52+0200,e9ed0e7a-f773-48fd-b5c3-626d89d5de64,2026-08-12T11:00:00Z,2026-08-12T13:00:00+0200,1101.51001,MW,FR,FR,forecast_onshore_wind_generation,Wind Onshore,2026-08-23T09:57:02Z
2026-08-23T09:55:52Z,2026-08-23T11:55:52+0200,e9ed0e7a-f773-48fd-b5c3-626d89d5de64,2026-08-12T11:15:00Z,2026-08-12T13:15:00+0200,1099.21008,MW,FR,FR,forecast_onshore_wind_generation,Wind Onshore,2026-08-23T09:57:02Z
2026-08-23T09:55:52Z,2026-08-23T11:55:52+0200,e9ed0e7a-f773-48fd-b5c3-626d89d5de64,2026-08-12T11:30:00Z,2026-08-12T13:30:00+0200,1096.93005,MW,FR,FR,forecast_onshore_wind_generation,Wind Onshore,2026-08-23T09:57:02Z
2026-08-23T09:55:52Z,2026-08-23T11:55:52+0200,e9ed0e7a-f773-48fd-b5c3-626d89d5de64,2026-08-12T11:45:00Z,2026-08-12T13:45:00+0200,1094.65002,MW,FR,FR,forecast_onshore_wind_generation,Wind Onshore,2026-08-23T09:57:02Z
2026-08-23T09:55:52Z,2026-08-23T11:55:52+0200,e9ed0e7a-f773-48fd-b5c3-626d89d5de64,2026-08-12T12:00:00Z,2026-08-12T14:00:00+0200,1092.67004,MW,FR,FR,forecast_onshore_wind_generation,Wind Onshore,2026-08-23T09:57:02Z
2026-08-23T09:55:52Z,2026-08-23T11:55:52+0200,e9ed0e7a-f773-48fd-b5c3-626d89d5de64,2026-08-12T12:15:00Z,2026-08-12T14:15:00+0200,1088.41003,MW,FR,FR,forecast_onshore_wind_generation,Wind Onshore,2026-08-23T09:57:02Z
2026-08-23T09:55:52Z,2026-08-23T11:55:52+0200,e9ed0e7a-f773-48fd-b5c3-626d89d5de64,2026-08-12T12:30:00Z,2026-08-12T14:30:00+0200,1084.3501,MW,FR,FR,forecast_onshore_wind_generation,Wind Onshore,2026-08-23T09:57:02Z
2026-08-23T09:55:52Z,2026-08-23T11:55:52+0200,e9ed0e7a-f773-48fd-b5c3-626d89d5de64,2026-08-12T12:45:00Z,2026-08-12T14:45:00+0200,1080.38,MW,FR,FR,forecast_onshore_wind_generation,Wind Onshore,2026-08-23T09:57:02Z
2026-08-23T09:55:52Z,2026-08-23T11:55:52+0200,e9ed0e7a-f773-48fd-b5c3-626d89d5de64,2026-08-12T13:00:00Z,2026-08-12T15:00:00+0200,1076.48999,MW,FR,FR,forecast_onshore_wind_generation,Wind Onshore,2026-08-23T09:57:02Z
2026-08-23T09:55:52Z,2026-08-23T11:55:52+0200,e9ed0e7a-f773-48fd-b5c3-626d89d5de64,2026-08-12T13:15:00Z,2026-08-12T15:15:00+0200,1073.32996,MW,FR,FR,forecast_onshore_wind_generation,Wind Onshore,2026-08-23T09:57:02Z
2026-08-23T09:55:52Z,2026-08-23T11:55:52+0200,e9ed0e7a-f773-48fd-b5c3-626d89d5de64,2026-08-12T13:30:00Z,2026-08-12T15:30:00+0200,1070.23999,MW,FR,FR,forecast_onshore_wind_generation,Wind Onshore,2026-08-23T09:57:02Z
2026-08-23T09:55:52Z,2026-08-23T11:55:52+0200,e9ed0e7a-f773-48fd-b5c3-626d89d5de64,2026-08-12T13:45:00Z,2026-08-12T15:45:00+0200,1067.33997,MW,FR,FR,forecast_onshore_wind_generation,Wind Onshore,2026-08-23T09:57:02Z
2026-08-23T09:55:52Z,2026-08-23T11:55:52+0200,e9ed0e7a-f773-48fd-b5c3-626d89d5de64,2026-08-12T14:00:00Z,2026-08-12T16:00:00+0200,1064.56006,MW,FR,FR,forecast_onshore_wind_generation,Wind Onshore,2026-08-23T09:57:02Z
2026-08-23T09:55:52Z,2026-08-23T11:55:52+0200,e9ed0e7a-f773-48fd-b5c3-626d89d5de64,2026-08-12T14:15:00Z,2026-08-12T16:15:00+0200,1067.80005,MW,FR,FR,forecast_onshore_wind_generation,Wind Onshore,2026-08-23T09:57:02Z
2026-08-23T09:55:52Z,2026-08-23T11:55:52+0200,e9ed0e7a-f773-48fd-b5c3-626d89d5de64,2026-08-12T14:30:00Z,2026-08-12T16:30:00+0200,1071.1001,MW,FR,FR,forecast_onshore_wind_generation,Wind Onshore,2026-08-23T09:57:02Z
2026-08-23T09:55:52Z,2026-08-23T11:55:52+0200,e9ed0e7a-f773-48fd-b5c3-626d89d5de64,2026-08-12T14:45:00Z,2026-08-12T16:45:00+0200,1074.39001,MW,FR,FR,forecast_onshore_wind_generation,Wind Onshore,2026-08-23T09:57:02Z
2026-08-23T09:55:52Z,2026-08-23T11:55:52+0200,e9ed0e7a-f773-48fd-b5c3-626d89d5de64,2026-08-12T15:00:00Z,2026-08-12T17:00:00+0200,1077.69006,MW,FR,FR,forecast_onshore_wind_generation,Wind Onshore,2026-08-23T09:57:02Z
2026-08-23T09:55:52Z,2026-08-23T11:55:52+0200,e9ed0e7a-f773-48fd-b5c3-626d89d5de64,2026-08-12T15:15:00Z,2026-08-12T17:15:00+0200,1092.28003,MW,FR,FR,forecast_onshore_wind_generation,Wind Onshore,2026-08-23T09:57:02Z
2026-08-23T09:55:52Z,2026-08-23T11:55:52+0200,e9ed0e7a-f773-48fd-b5c3-626d89d5de64,2026-08-12T15:30:00Z,2026-08-12T17:30:00+0200,1106.90991,MW,FR,FR,forecast_onshore_wind_generation,Wind Onshore,2026-08-23T09:57:02Z
2026-08-23T09:55:52Z,2026-08-23T11:55:52+0200,e9ed0e7a-f773-48fd-b5c3-626d89d5de64,2026-08-12T15:45:00Z,2026-08-12T17:45:00+0200,1121.59998,MW,FR,FR,forecast_onshore_wind_generation,Wind Onshore,2026-08-23T09:57:02Z
2026-08-23T09:55:52Z,2026-08-23T11:55:52+0200,e9ed0e7a-f773-48fd-b5c3-626d89d5de64,2026-08-12T16:00:00Z,2026-08-12T18:00:00+0200,1136.29004,MW,FR,FR,forecast_onshore_wind_generation,Wind Onshore,2026-08-23T09:57:02Z
2026-08-23T09:55:52Z,2026-08-23T11:55:52+0200,e9ed0e7a-f773-48fd-b5c3-626d89d5de64,2026-08-12T16:15:00Z,2026-08-12T18:15:00+0200,1168.76001,MW,FR,FR,forecast_onshore_wind_generation,Wind Onshore,2026-08-23T09:57:02Z
2026-08-23T09:55:52Z,2026-08-23T11:55:52+0200,e9ed0e7a-f773-48fd-b5c3-626d89d5de64,2026-08-12T16:30:00Z,2026-08-12T18:30:00+0200,1201.26001,MW,FR,FR,forecast_onshore_wind_generation,Wind Onshore,2026-08-23T09:57:02Z
2026-08-23T09:55:52Z,2026-08-23T11:55:52+0200,e9ed0e7a-f773-48fd-b5c3-626d89d5de64,2026-08-12T16:45:00Z,2026-08-12T18:45:00+0200,1233.77002,MW,FR,FR,forecast_onshore_wind_generation,Wind Onshore,2026-08-23T09:57:02Z
2026-08-23T09:55:52Z,2026-08-23T11:55:52+0200,e9ed0e7a-f773-48fd-b5c3-626d89d5de64,2026-08-12T17:00:00Z,2026-08-12T19:00:00+0200,1266.28003,MW,FR,FR,forecast_onshore_wind_generation,Wind Onshore,2026-08-23T09:57:02Z
2026-08-23T09:55:52Z,2026-08-23T11:55:52+0200,e9ed0e7a-f773-48fd-b5c3-626d89d5de64,2026-08-12T17:15:00Z,2026-08-12T19:15:00+0200,1375.68005,MW,FR,FR,forecast_onshore_wind_generation,Wind Onshore,2026-08-23T09:57:02Z
2026-08-23T09:55:52Z,2026-08-23T11:55:52+0200,e9ed0e7a-f773-48fd-b5c3-626d89d5de64,2026-08-12T17:30:00Z,2026-08-12T19:30:00+0200,1485.1001,MW,FR,FR,forecast_onshore_wind_generation,Wind Onshore,2026-08-23T09:57:02Z
2026-08-23T09:55:52Z,2026-08-23T11:55:52+0200,e9ed0e7a-f773-48fd-b5c3-626d89d5de64,2026-08-12T17:45:00Z,2026-08-12T19:45:00+0200,1594.51001,MW,FR,FR,forecast_onshore_wind_generation,Wind Onshore,2026-08-23T09:57:02Z
2026-08-23T09:55:52Z,2026-08-23T11:55:52+0200,e9ed0e7a-f773-48fd-b5c3-626d89d5de64,2026-08-12T18:00:00Z,2026-08-12T20:00:00+0200,1703.92993,MW,FR,FR,forecast_onshore_wind_generation,Wind Onshore,2026-08-23T09:57:02Z
2026-08-23T09:55:52Z,2026-08-23T11:55:52+0200,e9ed0e7a-f773-48fd-b5c3-626d89d5de64,2026-08-12T18:15:00Z,2026-08-12T20:15:00+0200,1996.93994,MW,FR,FR,forecast_onshore_wind_generation,Wind Onshore,2026-08-23T09:57:02Z
2026-08-23T09:55:52Z,2026-08-23T11:55:52+0200,e9ed0e7a-f773-48fd-b5c3-626d89d5de64,2026-08-12T18:30:00Z,2026-08-12T20:30:00+0200,2289.94995,MW,FR,FR,forecast_onshore_wind_generation,Wind Onshore,2026-08-23T09:57:02Z
2026-08-23T09:55:52Z,2026-08-23T11:55:52+0200,e9ed0e7a-f773-48fd-b5c3-626d89d5de64,2026-08-12T18:45:00Z,2026-08-12T20:45:00+0200,2582.97998,MW,FR,FR,forecast_onshore_wind_generation,Wind Onshore,2026-08-23T09:57:02Z
2026-08-23T09:55:52Z,2026-08-23T11:55:52+0200,e9ed0e7a-f773-48fd-b5c3-626d89d5de64,2026-08-12T19:00:00Z,2026-08-12T21:00:00+0200,2875.98999,MW,FR,FR,forecast_onshore_wind_generation,Wind Onshore,2026-08-23T09:57:02Z
2026-08-23T09:55:52Z,2026-08-23T11:55:52+0200,e9ed0e7a-f773-48fd-b5c3-626d89d5de64,2026-08-12T19:15:00Z,2026-08-12T21:15:00+0200,3131.17993,MW,FR,FR,forecast_onshore_wind_generation,Wind Onshore,2026-08-23T09:57:02Z
2026-08-23T09:55:52Z,2026-08-23T11:55:52+0200,e9ed0e7a-f773-48fd-b5c3-626d89d5de64,2026-08-12T19:30:00Z,2026-08-12T21:30:00+0200,3386.41992,MW,FR,FR,forecast_onshore_wind_generation,Wind Onshore,2026-08-23T09:57:02Z
2026-08-23T09:55:52Z,2026-08-23T11:55:52+0200,e9ed0e7a-f773-48fd-b5c3-626d89d5de64,2026-08-12T19:45:00Z,2026-08-12T21:45:00+0200,3641.66992,MW,FR,FR,forecast_onshore_wind_generation,Wind Onshore,2026-08-23T09:57:02Z
2026-08-23T09:55:52Z,2026-08-23T11:55:52+0200,e9ed0e7a-f773-48fd-b5c3-626d89d5de64,2026-08-12T20:00:00Z,2026-08-12T22:00:00+0200,3896.92017,MW,FR,FR,forecast_onshore_wind_generation,Wind Onshore,2026-08-23T09:57:02Z
2026-08-23T09:55:52Z,2026-08-23T11:55:52+0200,e9ed0e7a-f773-48fd-b5c3-626d89d5de64,2026-08-12T20:15:00Z,2026-08-12T22:15:00+0200,4058.07983,MW,FR,FR,forecast_onshore_wind_generation,Wind Onshore,2026-08-23T09:57:02Z
2026-08-23T09:55:52Z,2026-08-23T11:55:52+0200,e9ed0e7a-f773-48fd-b5c3-626d89d5de64,2026-08-12T20:30:00Z,2026-08-12T22:30:00+0200,4219.25977,MW,FR,FR,forecast_onshore_wind_generation,Wind Onshore,2026-08-23T09:57:02Z
2026-08-23T09:55:52Z,2026-08-23T11:55:52+0200,e9ed0e7a-f773-48fd-b5c3-626d89d5de64,2026-08-12T20:45:00Z,2026-08-12T22:45:00+0200,4380.43994,MW,FR,FR,forecast_onshore_wind_generation,Wind Onshore,2026-08-23T09:57:02Z
2026-08-23T09:55:52Z,2026-08-23T11:55:52+0200,e9ed0e7a-f773-48fd-b5c3-626d89d5de64,2026-08-12T21:00:00Z,2026-08-12T23:00:00+0200,4541.60986,MW,FR,FR,forecast_onshore_wind_generation,Wind Onshore,2026-08-23T09:57:02Z
2026-08-23T09:55:52Z,2026-08-23T11:55:52+0200,e9ed0e7a-f773-48fd-b5c3-626d89d5de64,2026-08-12T21:15:00Z,2026-08-12T23:15:00+0200,4578.24023,MW,FR,FR,forecast_onshore_wind_generation,Wind Onshore,2026-08-23T09:57:02Z
2026-08-23T09:55:52Z,2026-08-23T11:55:52+0200,e9ed0e7a-f773-48fd-b5c3-626d89d5de64,2026-08-12T21:30:00Z,2026-08-12T23:30:00+0200,4614.84961,MW,FR,FR,forecast_onshore_wind_generation,Wind Onshore,2026-08-23T09:57:02Z
2026-08-23T09:55:52Z,2026-08-23T11:55:52+0200,e9ed0e7a-f773-48fd-b5c3-626d89d5de64,2026-08-12T21:45:00Z,2026-08-12T23:45:00+0200,4651.47021,MW,FR,FR,forecast_onshore_wind_generation,Wind Onshore,2026-08-23T09:57:02Z
2026-08-23T09:55:52Z,2026-08-23T11:55:52+0200,e9ed0e7a-f773-48fd-b5c3-626d89d5de64,2026-08-12T22:00:00Z,2026-08-13T00:00:00+0200,4743.78027,MW,FR,FR,forecast_onshore_wind_generation,Wind Onshore,2026-08-23T09:57:02Z
2026-08-23T09:55:52Z,2026-08-23T11:55:52+0200,e9ed0e7a-f773-48fd-b5c3-626d89d5de64,2026-08-12T22:15:00Z,2026-08-13T00:15:00+0200,4634.52002,MW,FR,FR,forecast_onshore_wind_generation,Wind Onshore,2026-08-23T09:57:02Z
2026-08-23T09:55:52Z,2026-08-23T11:55:52+0200,e9ed0e7a-f773-48fd-b5c3-626d89d5de64,2026-08-12T22:30:00Z,2026-08-13T00:30:00+0200,4525.31006,MW,FR,FR,forecast_onshore_wind_generation,Wind Onshore,2026-08-23T09:57:02Z
2026-08-23T09:55:52Z,2026-08-23T11:55:52+0200,e9ed0e7a-f773-48fd-b5c3-626d89d5de64,2026-08-12T22:45:00Z,2026-08-13T00:45:00+0200,4416.33008,MW,FR,FR,forecast_onshore_wind_generation,Wind Onshore,2026-08-23T09:57:02Z
2026-08-23T09:55:52Z,2026-08-23T11:55:52+0200,e9ed0e7a-f773-48fd-b5c3-626d89d5de64,2026-08-12T23:00:00Z,2026-08-13T01:00:00+0200,4307.34961,MW,FR,FR,forecast_onshore_wind_generation,Wind Onshore,2026-08-23T09:57:02Z
2026-08-23T09:55:52Z,2026-08-23T11:55:52+0200,e9ed0e7a-f773-48fd-b5c3-626d89d5de64,2026-08-12T23:15:00Z,2026-08-13T01:15:00+0200,4199.12012,MW,FR,FR,forecast_onshore_wind_generation,Wind Onshore,2026-08-23T09:57:02Z
2026-08-23T09:55:52Z,2026-08-23T11:55:52+0200,e9ed0e7a-f773-48fd-b5c3-626d89d5de64,2026-08-12T23:30:00Z,2026-08-13T01:30:00+0200,4090.91992,MW,FR,FR,forecast_onshore_wind_generation,Wind Onshore,2026-08-23T09:57:02Z
2026-08-23T09:55:52Z,2026-08-23T11:55:52+0200,e9ed0e7a-f773-48fd-b5c3-626d89d5de64,2026-08-12T23:45:00Z,2026-08-13T01:45:00+0200,3983.02979,MW,FR,FR,forecast_onshore_wind_generation,Wind Onshore,2026-08-23T09:57:02Z
2026-08-23T09:55:52Z,2026-08-23T11:55:52+0200,e9ed0e7a-f773-48fd-b5c3-626d89d5de64,2026-08-13T00:00:00Z,2026-08-13T02:00:00+0200,3875.21997,MW,FR,FR,forecast_onshore_wind_generation,Wind Onshore,2026-08-23T09:57:02Z
2026-08-23T09:55:52Z,2026-08-23T11:55:52+0200,e9ed0e7a-f773-48fd-b5c3-626d89d5de64,2026-08-13T00:15:00Z,2026-08-13T02:15:00+0200,3779.71997,MW,FR,FR,forecast_onshore_wind_generation,Wind Onshore,2026-08-23T09:57:02Z
2026-08-23T09:55:52Z,2026-08-23T11:55:52+0200,e9ed0e7a-f773-48fd-b5c3-626d89d5de64,2026-08-13T00:30:00Z,2026-08-13T02:30:00+0200,3684.40991,MW,FR,FR,forecast_onshore_wind_generation,Wind Onshore,2026-08-23T09:57:02Z
2026-08-23T09:55:52Z,2026-08-23T11:55:52+0200,e9ed0e7a-f773-48fd-b5c3-626d89d5de64,2026-08-13T00:45:00Z,2026-08-13T02:45:00+0200,3589.3501,MW,FR,FR,forecast_onshore_wind_generation,Wind Onshore,2026-08-23T09:57:02Z
2026-08-23T09:55:52Z,2026-08-23T11:55:52+0200,e9ed0e7a-f773-48fd-b5c3-626d89d5de64,2026-08-13T01:00:00Z,2026-08-13T03:00:00+0200,3494.33984,MW,FR,FR,forecast_onshore_wind_generation,Wind Onshore,2026-08-23T09:57:02Z
2026-08-23T09:55:52Z,2026-08-23T11:55:52+0200,e9ed0e7a-f773-48fd-b5c3-626d89d5de64,2026-08-13T01:15:00Z,2026-08-13T03:15:00+0200,3437.23999,MW,FR,FR,forecast_onshore_wind_generation,Wind Onshore,2026-08-23T09:57:02Z
2026-08-23T09:55:52Z,2026-08-23T11:55:52+0200,e9ed0e7a-f773-48fd-b5c3-626d89d5de64,2026-08-13T01:30:00Z,2026-08-13T03:30:00+0200,3380.21997,MW,FR,FR,forecast_onshore_wind_generation,Wind Onshore,2026-08-23T09:57:02Z
2026-08-23T09:55:52Z,2026-08-23T11:55:52+0200,e9ed0e7a-f773-48fd-b5c3-626d89d5de64,2026-08-13T01:45:00Z,2026-08-13T03:45:00+0200,3323.25,MW,FR,FR,forecast_onshore_wind_generation,Wind Onshore,2026-08-23T09:57:02Z
2026-08-23T09:55:52Z,2026-08-23T11:55:52+0200,e9ed0e7a-f773-48fd-b5c3-626d89d5de64,2026-08-13T02:00:00Z,2026-08-13T04:00:00+0200,3266.27002,MW,FR,FR,forecast_onshore_wind_generation,Wind Onshore,2026-08-23T09:57:02Z
2026-08-23T09:55:52Z,2026-08-23T11:55:52+0200,e9ed0e7a-f773-48fd-b5c3-626d89d5de64,2026-08-13T02:15:00Z,2026-08-13T04:15:00+0200,3223.18018,MW,FR,FR,forecast_onshore_wind_generation,Wind Onshore,2026-08-23T09:57:02Z
2026-08-23T09:55:52Z,2026-08-23T11:55:52+0200,e9ed0e7a-f773-48fd-b5c3-626d89d5de64,2026-08-13T02:30:00Z,2026-08-13T04:30:00+0200,3180.2002,MW,FR,FR,forecast_onshore_wind_generation,Wind Onshore,2026-08-23T09:57:02Z
2026-08-23T09:55:52Z,2026-08-23T11:55:52+0200,e9ed0e7a-f773-48fd-b5c3-626d89d5de64,2026-08-13T02:45:00Z,2026-08-13T04:45:00+0200,3137.16016,MW,FR,FR,forecast_onshore_wind_generation,Wind Onshore,2026-08-23T09:57:02Z
2026-08-23T09:55:52Z,2026-08-23T11:55:52+0200,e9ed0e7a-f773-48fd-b5c3-626d89d5de64,2026-08-13T03:00:00Z,2026-08-13T05:00:00+0200,3094.3501,MW,FR,FR,forecast_onshore_wind_generation,Wind Onshore,2026-08-23T09:57:02Z
2026-08-23T09:55:52Z,2026-08-23T11:55:52+0200,e9ed0e7a-f773-48fd-b5c3-626d89d5de64,2026-08-13T03:15:00Z,2026-08-13T05:15:00+0200,3063.61011,MW,FR,FR,forecast_onshore_wind_generation,Wind Onshore,2026-08-23T09:57:02Z
2026-08-23T09:55:52Z,2026-08-23T11:55:52+0200,e9ed0e7a-f773-48fd-b5c3-626d89d5de64,2026-08-13T03:30:00Z,2026-08-13T05:30:00+0200,3033.10986,MW,FR,FR,forecast_onshore_wind_generation,Wind Onshore,2026-08-23T09:57:02Z
2026-08-23T09:55:52Z,2026-08-23T11:55:52+0200,e9ed0e7a-f773-48fd-b5c3-626d89d5de64,2026-08-13T03:45:00Z,2026-08-13T05:45:00+0200,3002.68018,MW,FR,FR,forecast_onshore_wind_generation,Wind Onshore,2026-08-23T09:57:02Z
2026-08-23T09:55:52Z,2026-08-23T11:55:52+0200,e9ed0e7a-f773-48fd-b5c3-626d89d5de64,2026-08-13T04:00:00Z,2026-08-13T06:00:00+0200,2972.31982,MW,FR,FR,forecast_onshore_wind_generation,Wind Onshore,2026-08-23T09:57:02Z
2026-08-23T09:55:52Z,2026-08-23T11:55:52+0200,e9ed0e7a-f773-48fd-b5c3-626d89d5de64,2026-08-13T04:15:00Z,2026-08-13T06:15:00+0200,2918.05005,MW,FR,FR,forecast_onshore_wind_generation,Wind Onshore,2026-08-23T09:57:02Z
2026-08-23T09:55:52Z,2026-08-23T11:55:52+0200,e9ed0e7a-f773-48fd-b5c3-626d89d5de64,2026-08-13T04:30:00Z,2026-08-13T06:30:00+0200,2863.78003,MW,FR,FR,forecast_onshore_wind_generation,Wind Onshore,2026-08-23T09:57:02Z
2026-08-23T09:55:52Z,2026-08-23T11:55:52+0200,e9ed0e7a-f773-48fd-b5c3-626d89d5de64,2026-08-13T04:45:00Z,2026-08-13T06:45:00+0200,2809.51978,MW,FR,FR,forecast_onshore_wind_generation,Wind Onshore,2026-08-23T09:57:02Z
2026-08-23T09:55:52Z,2026-08-23T11:55:52+0200,e9ed0e7a-f773-48fd-b5c3-626d89d5de64,2026-08-13T05:00:00Z,2026-08-13T07:00:00+0200,2755.35986,MW,FR,FR,forecast_onshore_wind_generation,Wind Onshore,2026-08-23T09:57:02Z
2026-08-23T09:55:52Z,2026-08-23T11:55:52+0200,e9ed0e7a-f773-48fd-b5c3-626d89d5de64,2026-08-13T05:15:00Z,2026-08-13T07:15:00+0200,2642.1001,MW,FR,FR,forecast_onshore_wind_generation,Wind Onshore,2026-08-23T09:57:02Z
2026-08-23T09:55:52Z,2026-08-23T11:55:52+0200,e9ed0e7a-f773-48fd-b5c3-626d89d5de64,2026-08-13T05:30:00Z,2026-08-13T07:30:00+0200,2528.88989,MW,FR,FR,forecast_onshore_wind_generation,Wind Onshore,2026-08-23T09:57:02Z
2026-08-23T09:55:52Z,2026-08-23T11:55:52+0200,e9ed0e7a-f773-48fd-b5c3-626d89d5de64,2026-08-13T05:45:00Z,2026-08-13T07:45:00+0200,2415.79004,MW,FR,FR,forecast_onshore_wind_generation,Wind Onshore,2026-08-23T09:57:02Z
2026-08-23T09:55:52Z,2026-08-23T11:55:52+0200,e9ed0e7a-f773-48fd-b5c3-626d89d5de64,2026-08-13T06:00:00Z,2026-08-13T08:00:00+0200,2302.70996,MW,FR,FR,forecast_onshore_wind_generation,Wind Onshore,2026-08-23T09:57:02Z
2026-08-23T09:55:52Z,2026-08-23T11:55:52+0200,e9ed0e7a-f773-48fd-b5c3-626d89d5de64,2026-08-13T06:15:00Z,2026-08-13T08:15:00+0200,2167.18994,MW,FR,FR,forecast_onshore_wind_generation,Wind Onshore,2026-08-23T09:57:02Z
2026-08-23T09:55:52Z,2026-08-23T11:55:52+0200,e9ed0e7a-f773-48fd-b5c3-626d89d5de64,2026-08-13T06:30:00Z,2026-08-13T08:30:00+0200,2031.72998,MW,FR,FR,forecast_onshore_wind_generation,Wind Onshore,2026-08-23T09:57:02Z
2026-08-23T09:55:52Z,2026-08-23T11:55:52+0200,e9ed0e7a-f773-48fd-b5c3-626d89d5de64,2026-08-13T06:45:00Z,2026-08-13T08:45:00+0200,1896.31995,MW,FR,FR,forecast_onshore_wind_generation,Wind Onshore,2026-08-23T09:57:02Z
2026-08-23T09:55:52Z,2026-08-23T11:55:52+0200,e9ed0e7a-f773-48fd-b5c3-626d89d5de64,2026-08-13T07:00:00Z,2026-08-13T09:00:00+0200,1760.97998,MW,FR,FR,forecast_onshore_wind_generation,Wind Onshore,2026-08-23T09:57:02Z
2026-08-23T09:55:52Z,2026-08-23T11:55:52+0200,e9ed0e7a-f773-48fd-b5c3-626d89d5de64,2026-08-13T07:15:00Z,2026-08-13T09:15:00+0200,1496.88989,MW,FR,FR,forecast_onshore_wind_generation,Wind Onshore,2026-08-23T09:57:02Z
2026-08-23T09:55:52Z,2026-08-23T11:55:52+0200,e9ed0e7a-f773-48fd-b5c3-626d89d5de64,2026-08-13T07:30:00Z,2026-08-13T09:30:00+0200,1232.83008,MW,FR,FR,forecast_onshore_wind_generation,Wind Onshore,2026-08-23T09:57:02Z
2026-08-23T09:55:52Z,2026-08-23T11:55:52+0200,e9ed0e7a-f773-48fd-b5c3-626d89d5de64,2026-08-13T07:45:00Z,2026-08-13T09:45:00+0200,968.91998,MW,FR,FR,forecast_onshore_wind_generation,Wind Onshore,2026-08-23T09:57:02Z
2026-08-23T09:55:52Z,2026-08-23T11:55:52+0200,e9ed0e7a-f773-48fd-b5c3-626d89d5de64,2026-08-13T08:00:00Z,2026-08-13T10:00:00+0200,705.09003,MW,FR,FR,forecast_onshore_wind_generation,Wind Onshore,2026-08-23T09:57:02Z
2026-08-23T09:55:52Z,2026-08-23T11:55:52+0200,e9ed0e7a-f773-48fd-b5c3-626d89d5de64,2026-08-13T08:15:00Z,2026-08-13T10:15:00+0200,663.24005,MW,FR,FR,forecast_onshore_wind_generation,Wind Onshore,2026-08-23T09:57:02Z
2026-08-23T09:55:52Z,2026-08-23T11:55:52+0200,e9ed0e7a-f773-48fd-b5c3-626d89d5de64,2026-08-13T08:30:00Z,2026-08-13T10:30:00+0200,621.42004,MW,FR,FR,forecast_onshore_wind_generation,Wind Onshore,2026-08-23T09:57:02Z
2026-08-23T09:55:52Z,2026-08-23T11:55:52+0200,e9ed0e7a-f773-48fd-b5c3-626d89d5de64,2026-08-13T08:45:00Z,2026-08-13T10:45:00+0200,579.65997,MW,FR,FR,forecast_onshore_wind_generation,Wind Onshore,2026-08-23T09:57:02Z
2026-08-23T09:55:52Z,2026-08-23T11:55:52+0200,e9ed0e7a-f773-48fd-b5c3-626d89d5de64,2026-08-13T09:00:00Z,2026-08-13T11:00:00+0200,538.01001,MW,FR,FR,forecast_onshore_wind_generation,Wind Onshore,2026-08-23T09:57:02Z
2026-08-23T09:55:52Z,2026-08-23T11:55:52+0200,e9ed0e7a-f773-48fd-b5c3-626d89d5de64,2026-08-13T09:15:00Z,2026-08-13T11:15:00+0200,536.21997,MW,FR,FR,forecast_onshore_wind_generation,Wind Onshore,2026-08-23T09:57:02Z
2026-08-23T09:55:52Z,2026-08-23T11:55:52+0200,e9ed0e7a-f773-48fd-b5c3-626d89d5de64,2026-08-13T09:30:00Z,2026-08-13T11:30:00+0200,534.45001,MW,FR,FR,forecast_onshore_wind_generation,Wind Onshore,2026-08-23T09:57:02Z
2026-08-23T09:55:52Z,2026-08-23T11:55:52+0200,e9ed0e7a-f773-48fd-b5c3-626d89d5de64,2026-08-13T09:45:00Z,2026-08-13T11:45:00+0200,532.67999,MW,FR,FR,forecast_onshore_wind_generation,Wind Onshore,2026-08-23T09:57:02Z
2026-08-23T09:55:52Z,2026-08-23T11:55:52+0200,e9ed0e7a-f773-48fd-b5c3-626d89d5de64,2026-08-13T10:00:00Z,2026-08-13T12:00:00+0200,530.92999,MW,FR,FR,forecast_onshore_wind_generation,Wind Onshore,2026-08-23T09:57:02Z
2026-08-23T09:55:52Z,2026-08-23T11:55:52+0200,e9ed0e7a-f773-48fd-b5c3-626d89d5de64,2026-08-13T10:15:00Z,2026-08-13T12:15:00+0200,529.84003,MW,FR,FR,forecast_onshore_wind_generation,Wind Onshore,2026-08-23T09:57:02Z
2026-08-23T09:55:52Z,2026-08-23T11:55:52+0200,e9ed0e7a-f773-48fd-b5c3-626d89d5de64,2026-08-13T10:30:00Z,2026-08-13T12:30:00+0200,528.79999,MW,FR,FR,forecast_onshore_wind_generation,Wind Onshore,2026-08-23T09:57:02Z
2026-08-23T09:55:52Z,2026-08-23T11:55:52+0200,e9ed0e7a-f773-48fd-b5c3-626d89d5de64,2026-08-13T10:45:00Z,2026-08-13T12:45:00+0200,527.76001,MW,FR,FR,forecast_onshore_wind_generation,Wind Onshore,2026-08-23T09:57:02Z
2026-08-23T09:55:52Z,2026-08-23T11:55:52+0200,e9ed0e7a-f773-48fd-b5c3-626d89d5de64,2026-08-13T11:00:00Z,2026-08-13T13:00:00+0200,526.72998,MW,FR,FR,forecast_onshore_wind_generation,Wind Onshore,2026-08-23T09:57:02Z
2026-08-23T09:55:52Z,2026-08-23T11:55:52+0200,e9ed0e7a-f773-48fd-b5c3-626d89d5de64,2026-08-13T11:15:00Z,2026-08-13T13:15:00+0200,519.56,MW,FR,FR,forecast_onshore_wind_generation,Wind Onshore,2026-08-23T09:57:02Z
2026-08-23T09:55:52Z,2026-08-23T11:55:52+0200,e9ed0e7a-f773-48fd-b5c3-626d89d5de64,2026-08-13T11:30:00Z,2026-08-13T13:30:00+0200,512.39996,MW,FR,FR,forecast_onshore_wind_generation,Wind Onshore,2026-08-23T09:57:02Z
2026-08-23T09:55:52Z,2026-08-23T11:55:52+0200,e9ed0e7a-f773-48fd-b5c3-626d89d5de64,2026-08-13T11:45:00Z,2026-08-13T13:45:00+0200,505.30997,MW,FR,FR,forecast_onshore_wind_generation,Wind Onshore,2026-08-23T09:57:02Z
2026-08-23T09:55:52Z,2026-08-23T11:55:52+0200,e9ed0e7a-f773-48fd-b5c3-626d89d5de64,2026-08-13T12:00:00Z,2026-08-13T14:00:00+0200,498.69,MW,FR,FR,forecast_onshore_wind_generation,Wind Onshore,2026-08-23T09:57:02Z
2026-08-23T09:55:52Z,2026-08-23T11:55:52+0200,e9ed0e7a-f773-48fd-b5c3-626d89d5de64,2026-08-13T12:15:00Z,2026-08-13T14:15:00+0200,505.26001,MW,FR,FR,forecast_onshore_wind_generation,Wind Onshore,2026-08-23T09:57:02Z
2026-08-23T09:55:52Z,2026-08-23T11:55:52+0200,e9ed0e7a-f773-48fd-b5c3-626d89d5de64,2026-08-13T12:30:00Z,2026-08-13T14:30:00+0200,511.95001,MW,FR,FR,forecast_onshore_wind_generation,Wind Onshore,2026-08-23T09:57:02Z
2026-08-23T09:55:52Z,2026-08-23T11:55:52+0200,e9ed0e7a-f773-48fd-b5c3-626d89d5de64,2026-08-13T12:45:00Z,2026-08-13T14:45:00+0200,518.69,MW,FR,FR,forecast_onshore_wind_generation,Wind Onshore,2026-08-23T09:57:02Z
2026-08-23T09:55:52Z,2026-08-23T11:55:52+0200,e9ed0e7a-f773-48fd-b5c3-626d89d5de64,2026-08-13T13:00:00Z,2026-08-13T15:00:00+0200,525.5,MW,FR,FR,forecast_onshore_wind_generation,Wind Onshore,2026-08-23T09:57:02Z
2026-08-23T09:55:52Z,2026-08-23T11:55:52+0200,e9ed0e7a-f773-48fd-b5c3-626d89d5de64,2026-08-13T13:15:00Z,2026-08-13T15:15:00+0200,529.47998,MW,FR,FR,forecast_onshore_wind_generation,Wind Onshore,2026-08-23T09:57:02Z
2026-08-23T09:55:52Z,2026-08-23T11:55:52+0200,e9ed0e7a-f773-48fd-b5c3-626d89d5de64,2026-08-13T13:30:00Z,2026-08-13T15:30:00+0200,533.65002,MW,FR,FR,forecast_onshore_wind_generation,Wind Onshore,2026-08-23T09:57:02Z
2026-08-23T09:55:52Z,2026-08-23T11:55:52+0200,e9ed0e7a-f773-48fd-b5c3-626d89d5de64,2026-08-13T13:45:00Z,2026-08-13T15:45:00+0200,537.76996,MW,FR,FR,forecast_onshore_wind_generation,Wind Onshore,2026-08-23T09:57:02Z
2026-08-23T09:55:52Z,2026-08-23T11:55:52+0200,e9ed0e7a-f773-48fd-b5c3-626d89d5de64,2026-08-13T14:00:00Z,2026-08-13T16:00:00+0200,542.02002,MW,FR,FR,forecast_onshore_wind_generation,Wind Onshore,2026-08-23T09:57:02Z
2026-08-23T09:55:52Z,2026-08-23T11:55:52+0200,e9ed0e7a-f773-48fd-b5c3-626d89d5de64,2026-08-13T14:15:00Z,2026-08-13T16:15:00+0200,558.03998,MW,FR,FR,forecast_onshore_wind_generation,Wind Onshore,2026-08-23T09:57:02Z
2026-08-23T09:55:52Z,2026-08-23T11:55:52+0200,e9ed0e7a-f773-48fd-b5c3-626d89d5de64,2026-08-13T14:30:00Z,2026-08-13T16:30:00+0200,574.08997,MW,FR,FR,forecast_onshore_wind_generation,Wind Onshore,2026-08-23T09:57:02Z
2026-08-23T09:55:52Z,2026-08-23T11:55:52+0200,e9ed0e7a-f773-48fd-b5c3-626d89d5de64,2026-08-13T14:45:00Z,2026-08-13T16:45:00+0200,590.15002,MW,FR,FR,forecast_onshore_wind_generation,Wind Onshore,2026-08-23T09:57:02Z
2026-08-23T09:55:52Z,2026-08-23T11:55:52+0200,e9ed0e7a-f773-48fd-b5c3-626d89d5de64,2026-08-13T15:00:00Z,2026-08-13T17:00:00+0200,606.27002,MW,FR,FR,forecast_onshore_wind_generation,Wind Onshore,2026-08-23T09:57:02Z
2026-08-23T09:55:52Z,2026-08-23T11:55:52+0200,e9ed0e7a-f773-48fd-b5c3-626d89d5de64,2026-08-13T15:15:00Z,2026-08-13T17:15:00+0200,627.93005,MW,FR,FR,forecast_onshore_wind_generation,Wind Onshore,2026-08-23T09:57:02Z
2026-08-23T09:55:52Z,2026-08-23T11:55:52+0200,e9ed0e7a-f773-48fd-b5c3-626d89d5de64,2026-08-13T15:30:00Z,2026-08-13T17:30:00+0200,649.64996,MW,FR,FR,forecast_onshore_wind_generation,Wind Onshore,2026-08-23T09:57:02Z
2026-08-23T09:55:52Z,2026-08-23T11:55:52+0200,e9ed0e7a-f773-48fd-b5c3-626d89d5de64,2026-08-13T15:45:00Z,2026-08-13T17:45:00+0200,671.29999,MW,FR,FR,forecast_onshore_wind_generation,Wind Onshore,2026-08-23T09:57:02Z
2026-08-23T09:55:52Z,2026-08-23T11:55:52+0200,e9ed0e7a-f773-48fd-b5c3-626d89d5de64,2026-08-13T16:00:00Z,2026-08-13T18:00:00+0200,693.10999,MW,FR,FR,forecast_onshore_wind_generation,Wind Onshore,2026-08-23T09:57:02Z
2026-08-23T09:55:52Z,2026-08-23T11:55:52+0200,e9ed0e7a-f773-48fd-b5c3-626d89d5de64,2026-08-13T16:15:00Z,2026-08-13T18:15:00+0200,728.19995,MW,FR,FR,forecast_onshore_wind_generation,Wind Onshore,2026-08-23T09:57:02Z
2026-08-23T09:55:52Z,2026-08-23T11:55:52+0200,e9ed0e7a-f773-48fd-b5c3-626d89d5de64,2026-08-13T16:30:00Z,2026-08-13T18:30:00+0200,763.42999,MW,FR,FR,forecast_onshore_wind_generation,Wind Onshore,2026-08-23T09:57:02Z
2026-08-23T09:55:52Z,2026-08-23T11:55:52+0200,e9ed0e7a-f773-48fd-b5c3-626d89d5de64,2026-08-13T16:45:00Z,2026-08-13T18:45:00+0200,798.66992,MW,FR,FR,forecast_onshore_wind_generation,Wind Onshore,2026-08-23T09:57:02Z
2026-08-23T09:55:52Z,2026-08-23T11:55:52+0200,e9ed0e7a-f773-48fd-b5c3-626d89d5de64,2026-08-13T17:00:00Z,2026-08-13T19:00:00+0200,833.95007,MW,FR,FR,forecast_onshore_wind_generation,Wind Onshore,2026-08-23T09:57:02Z
2026-08-23T09:55:52Z,2026-08-23T11:55:52+0200,e9ed0e7a-f773-48fd-b5c3-626d89d5de64,2026-08-13T17:15:00Z,2026-08-13T19:15:00+0200,919.60999,MW,FR,FR,forecast_onshore_wind_generation,Wind Onshore,2026-08-23T09:57:02Z
2026-08-23T09:55:52Z,2026-08-23T11:55:52+0200,e9ed0e7a-f773-48fd-b5c3-626d89d5de64,2026-08-13T17:30:00Z,2026-08-13T19:30:00+0200,1005.44,MW,FR,FR,forecast_onshore_wind_generation,Wind Onshore,2026-08-23T09:57:02Z
2026-08-23T09:55:52Z,2026-08-23T11:55:52+0200,e9ed0e7a-f773-48fd-b5c3-626d89d5de64,2026-08-13T17:45:00Z,2026-08-13T19:45:00+0200,1091.34998,MW,FR,FR,forecast_onshore_wind_generation,Wind Onshore,2026-08-23T09:57:02Z
2026-08-23T09:55:52Z,2026-08-23T11:55:52+0200,e9ed0e7a-f773-48fd-b5c3-626d89d5de64,2026-08-13T18:00:00Z,2026-08-13T20:00:00+0200,1177.26001,MW,FR,FR,forecast_onshore_wind_generation,Wind Onshore,2026-08-23T09:57:02Z
2026-08-23T09:55:52Z,2026-08-23T11:55:52+0200,e9ed0e7a-f773-48fd-b5c3-626d89d5de64,2026-08-13T18:15:00Z,2026-08-13T20:15:00+0200,1307.62012,MW,FR,FR,forecast_onshore_wind_generation,Wind Onshore,2026-08-23T09:57:02Z
2026-08-23T09:55:52Z,2026-08-23T11:55:52+0200,e9ed0e7a-f773-48fd-b5c3-626d89d5de64,2026-08-13T18:30:00Z,2026-08-13T20:30:00+0200,1438.02002,MW,FR,FR,forecast_onshore_wind_generation,Wind Onshore,2026-08-23T09:57:02Z
2026-08-23T09:55:52Z,2026-08-23T11:55:52+0200,e9ed0e7a-f773-48fd-b5c3-626d89d5de64,2026-08-13T18:45:00Z,2026-08-13T20:45:00+0200,1568.35986,MW,FR,FR,forecast_onshore_wind_generation,Wind Onshore,2026-08-23T09:57:02Z
2026-08-23T09:55:52Z,2026-08-23T11:55:52+0200,e9ed0e7a-f773-48fd-b5c3-626d89d5de64,2026-08-13T19:00:00Z,2026-08-13T21:00:00+0200,1698.75,MW,FR,FR,forecast_onshore_wind_generation,Wind Onshore,2026-08-23T09:57:02Z
2026-08-23T09:55:52Z,2026-08-23T11:55:52+0200,e9ed0e7a-f773-48fd-b5c3-626d89d5de64,2026-08-13T19:15:00Z,2026-08-13T21:15:00+0200,1806.22998,MW,FR,FR,forecast_onshore_wind_generation,Wind Onshore,2026-08-23T09:57:02Z
2026-08-23T09:55:52Z,2026-08-23T11:55:52+0200,e9ed0e7a-f773-48fd-b5c3-626d89d5de64,2026-08-13T19:30:00Z,2026-08-13T21:30:00+0200,1913.73999,MW,FR,FR,forecast_onshore_wind_generation,Wind Onshore,2026-08-23T09:57:02Z
2026-08-23T09:55:52Z,2026-08-23T11:55:52+0200,e9ed0e7a-f773-48fd-b5c3-626d89d5de64,2026-08-13T19:45:00Z,2026-08-13T21:45:00+0200,2021.21997,MW,FR,FR,forecast_onshore_wind_generation,Wind Onshore,2026-08-23T09:57:02Z
2026-08-23T09:55:52Z,2026-08-23T11:55:52+0200,e9ed0e7a-f773-48fd-b5c3-626d89d5de64,2026-08-13T20:00:00Z,2026-08-13T22:00:00+0200,2128.7002,MW,FR,FR,forecast_onshore_wind_generation,Wind Onshore,2026-08-23T09:57:02Z
2026-08-23T09:55:52Z,2026-08-23T11:55:52+0200,e9ed0e7a-f773-48fd-b5c3-626d89d5de64,2026-08-13T20:15:00Z,2026-08-13T22:15:00+0200,2198.16992,MW,FR,FR,forecast_onshore_wind_generation,Wind Onshore,2026-08-23T09:57:02Z
2026-08-23T09:55:52Z,2026-08-23T11:55:52+0200,e9ed0e7a-f773-48fd-b5c3-626d89d5de64,2026-08-13T20:30:00Z,2026-08-13T22:30:00+0200,2267.6499,MW,FR,FR,forecast_onshore_wind_generation,Wind Onshore,2026-08-23T09:57:02Z
2026-08-23T09:55:52Z,2026-08-23T11:55:52+0200,e9ed0e7a-f773-48fd-b5c3-626d89d5de64,2026-08-13T20:45:00Z,2026-08-13T22:45:00+0200,2337.23999,MW,FR,FR,forecast_onshore_wind_generation,Wind Onshore,2026-08-23T09:57:02Z
2026-08-23T09:55:52Z,2026-08-23T11:55:52+0200,e9ed0e7a-f773-48fd-b5c3-626d89d5de64,2026-08-13T21:00:00Z,2026-08-13T23:00:00+0200,2406.89014,MW,FR,FR,forecast_onshore_wind_generation,Wind Onshore,2026-08-23T09:57:02Z
2026-08-23T09:55:52Z,2026-08-23T11:55:52+0200,e9ed0e7a-f773-48fd-b5c3-626d89d5de64,2026-08-13T21:15:00Z,2026-08-13T23:15:00+0200,2407.21997,MW,FR,FR,forecast_onshore_wind_generation,Wind Onshore,2026-08-23T09:57:02Z
2026-08-23T09:55:52Z,2026-08-23T11:55:52+0200,e9ed0e7a-f773-48fd-b5c3-626d89d5de64,2026-08-13T21:30:00Z,2026-08-13T23:30:00+0200,2407.59009,MW,FR,FR,forecast_onshore_wind_generation,Wind Onshore,2026-08-23T09:57:02Z
2026-08-23T09:55:52Z,2026-08-23T11:55:52+0200,e9ed0e7a-f773-48fd-b5c3-626d89d5de64,2026-08-13T21:45:00Z,2026-08-13T23:45:00+0200,2408.03003,MW,FR,FR,forecast_onshore_wind_generation,Wind Onshore,2026-08-23T09:57:02Z
2026-08-23T09:55:52Z,2026-08-23T11:55:52+0200,e9ed0e7a-f773-48fd-b5c3-626d89d5de64,2026-08-13T22:00:00Z,2026-08-14T00:00:00+0200,2212.5,MW,FR,FR,forecast_onshore_wind_generation,Wind Onshore,2026-08-23T09:57:02Z
2026-08-23T09:55:52Z,2026-08-23T11:55:52+0200,e9ed0e7a-f773-48fd-b5c3-626d89d5de64,2026-08-13T22:15:00Z,2026-08-14T00:15:00+0200,2190.58008,MW,FR,FR,forecast_onshore_wind_generation,Wind Onshore,2026-08-23T09:57:02Z
2026-08-23T09:55:52Z,2026-08-23T11:55:52+0200,e9ed0e7a-f773-48fd-b5c3-626d89d5de64,2026-08-13T22:30:00Z,2026-08-14T00:30:00+0200,2168.67993,MW,FR,FR,forecast_onshore_wind_generation,Wind Onshore,2026-08-23T09:57:02Z
2026-08-23T09:55:52Z,2026-08-23T11:55:52+0200,e9ed0e7a-f773-48fd-b5c3-626d89d5de64,2026-08-13T22:45:00Z,2026-08-14T00:45:00+0200,2146.89014,MW,FR,FR,forecast_onshore_wind_generation,Wind Onshore,2026-08-23T09:57:02Z
2026-08-23T09:55:52Z,2026-08-23T11:55:52+0200,e9ed0e7a-f773-48fd-b5c3-626d89d5de64,2026-08-13T23:00:00Z,2026-08-14T01:00:00+0200,2125.18994,MW,FR,FR,forecast_onshore_wind_generation,Wind Onshore,2026-08-23T09:57:02Z
2026-08-23T09:55:52Z,2026-08-23T11:55:52+0200,e9ed0e7a-f773-48fd-b5c3-626d89d5de64,2026-08-13T23:15:00Z,2026-08-14T01:15:00+0200,2092.40991,MW,FR,FR,forecast_onshore_wind_generation,Wind Onshore,2026-08-23T09:57:02Z
2026-08-23T09:55:52Z,2026-08-23T11:55:52+0200,e9ed0e7a-f773-48fd-b5c3-626d89d5de64,2026-08-13T23:30:00Z,2026-08-14T01:30:00+0200,2059.72021,MW,FR,FR,forecast_onshore_wind_generation,Wind Onshore,2026-08-23T09:57:02Z
2026-08-23T09:55:52Z,2026-08-23T11:55:52+0200,e9ed0e7a-f773-48fd-b5c3-626d89d5de64,2026-08-13T23:45:00Z,2026-08-14T01:45:00+0200,2027.09985,MW,FR,FR,forecast_onshore_wind_generation,Wind Onshore,2026-08-23T09:57:02Z
2026-08-23T09:55:52Z,2026-08-23T11:55:52+0200,e9ed0e7a-f773-48fd-b5c3-626d89d5de64,2026-08-14T00:00:00Z,2026-08-14T02:00:00+0200,1994.56006,MW,FR,FR,forecast_onshore_wind_generation,Wind Onshore,2026-08-23T09:57:02Z
2026-08-23T09:55:52Z,2026-08-23T11:55:52+0200,e9ed0e7a-f773-48fd-b5c3-626d89d5de64,2026-08-14T00:15:00Z,2026-08-14T02:15:00+0200,1948.16003,MW,FR,FR,forecast_onshore_wind_generation,Wind Onshore,2026-08-23T09:57:02Z
2026-08-23T09:55:52Z,2026-08-23T11:55:52+0200,e9ed0e7a-f773-48fd-b5c3-626d89d5de64,2026-08-14T00:30:00Z,2026-08-14T02:30:00+0200,1901.8999,MW,FR,FR,forecast_onshore_wind_generation,Wind Onshore,2026-08-23T09:57:02Z
2026-08-23T09:55:52Z,2026-08-23T11:55:52+0200,e9ed0e7a-f773-48fd-b5c3-626d89d5de64,2026-08-14T00:45:00Z,2026-08-14T02:45:00+0200,1855.63013,MW,FR,FR,forecast_onshore_wind_generation,Wind Onshore,2026-08-23T09:57:02Z
2026-08-23T09:55:52Z,2026-08-23T11:55:52+0200,e9ed0e7a-f773-48fd-b5c3-626d89d5de64,2026-08-14T01:00:00Z,2026-08-14T03:00:00+0200,1809.43005,MW,FR,FR,forecast_onshore_wind_generation,Wind Onshore,2026-08-23T09:57:02Z
2026-08-23T09:55:52Z,2026-08-23T11:55:52+0200,e9ed0e7a-f773-48fd-b5c3-626d89d5de64,2026-08-14T01:15:00Z,2026-08-14T03:15:00+0200,1764.98999,MW,FR,FR,forecast_onshore_wind_generation,Wind Onshore,2026-08-23T09:57:02Z
2026-08-23T09:55:52Z,2026-08-23T11:55:52+0200,e9ed0e7a-f773-48fd-b5c3-626d89d5de64,2026-08-14T01:30:00Z,2026-08-14T03:30:00+0200,1720.58008,MW,FR,FR,forecast_onshore_wind_generation,Wind Onshore,2026-08-23T09:57:02Z
2026-08-23T09:55:52Z,2026-08-23T11:55:52+0200,e9ed0e7a-f773-48fd-b5c3-626d89d5de64,2026-08-14T01:45:00Z,2026-08-14T03:45:00+0200,1676.21008,MW,FR,FR,forecast_onshore_wind_generation,Wind Onshore,2026-08-23T09:57:02Z
2026-08-23T09:55:52Z,2026-08-23T11:55:52+0200,e9ed0e7a-f773-48fd-b5c3-626d89d5de64,2026-08-14T02:00:00Z,2026-08-14T04:00:00+0200,1631.90002,MW,FR,FR,forecast_onshore_wind_generation,Wind Onshore,2026-08-23T09:57:02Z
2026-08-23T09:55:52Z,2026-08-23T11:55:52+0200,e9ed0e7a-f773-48fd-b5c3-626d89d5de64,2026-08-14T02:15:00Z,2026-08-14T04:15:00+0200,1588.28003,MW,FR,FR,forecast_onshore_wind_generation,Wind Onshore,2026-08-23T09:57:02Z
2026-08-23T09:55:52Z,2026-08-23T11:55:52+0200,e9ed0e7a-f773-48fd-b5c3-626d89d5de64,2026-08-14T02:30:00Z,2026-08-14T04:30:00+0200,1544.70996,MW,FR,FR,forecast_onshore_wind_generation,Wind Onshore,2026-08-23T09:57:02Z
2026-08-23T09:55:52Z,2026-08-23T11:55:52+0200,e9ed0e7a-f773-48fd-b5c3-626d89d5de64,2026-08-14T02:45:00Z,2026-08-14T04:45:00+0200,1501.15002,MW,FR,FR,forecast_onshore_wind_generation,Wind Onshore,2026-08-23T09:57:02Z
2026-08-23T09:55:52Z,2026-08-23T11:55:52+0200,e9ed0e7a-f773-48fd-b5c3-626d89d5de64,2026-08-14T03:00:00Z,2026-08-14T05:00:00+0200,1457.64001,MW,FR,FR,forecast_onshore_wind_generation,Wind Onshore,2026-08-23T09:57:02Z
2026-08-23T09:55:52Z,2026-08-23T11:55:52+0200,e9ed0e7a-f773-48fd-b5c3-626d89d5de64,2026-08-14T03:15:00Z,2026-08-14T05:15:00+0200,1424.25,MW,FR,FR,forecast_onshore_wind_generation,Wind Onshore,2026-08-23T09:57:02Z
2026-08-23T09:55:52Z,2026-08-23T11:55:52+0200,e9ed0e7a-f773-48fd-b5c3-626d89d5de64,2026-08-14T03:30:00Z,2026-08-14T05:30:00+0200,1390.87,MW,FR,FR,forecast_onshore_wind_generation,Wind Onshore,2026-08-23T09:57:02Z
2026-08-23T09:55:52Z,2026-08-23T11:55:52+0200,e9ed0e7a-f773-48fd-b5c3-626d89d5de64,2026-08-14T03:45:00Z,2026-08-14T05:45:00+0200,1357.54004,MW,FR,FR,forecast_onshore_wind_generation,Wind Onshore,2026-08-23T09:57:02Z
2026-08-23T09:55:52Z,2026-08-23T11:55:52+0200,e9ed0e7a-f773-48fd-b5c3-626d89d5de64,2026-08-14T04:00:00Z,2026-08-14T06:00:00+0200,1324.28003,MW,FR,FR,forecast_onshore_wind_generation,Wind Onshore,2026-08-23T09:57:02Z
2026-08-23T09:55:52Z,2026-08-23T11:55:52+0200,e9ed0e7a-f773-48fd-b5c3-626d89d5de64,2026-08-14T04:15:00Z,2026-08-14T06:15:00+0200,1298.46997,MW,FR,FR,forecast_onshore_wind_generation,Wind Onshore,2026-08-23T09:57:02Z
2026-08-23T09:55:52Z,2026-08-23T11:55:52+0200,e9ed0e7a-f773-48fd-b5c3-626d89d5de64,2026-08-14T04:30:00Z,2026-08-14T06:30:00+0200,1272.68994,MW,FR,FR,forecast_onshore_wind_generation,Wind Onshore,2026-08-23T09:57:02Z
2026-08-23T09:55:52Z,2026-08-23T11:55:52+0200,e9ed0e7a-f773-48fd-b5c3-626d89d5de64,2026-08-14T04:45:00Z,2026-08-14T06:45:00+0200,1247.02002,MW,FR,FR,forecast_onshore_wind_generation,Wind Onshore,2026-08-23T09:57:02Z
2026-08-23T09:55:52Z,2026-08-23T11:55:52+0200,e9ed0e7a-f773-48fd-b5c3-626d89d5de64,2026-08-14T05:00:00Z,2026-08-14T07:00:00+0200,1221.39001,MW,FR,FR,forecast_onshore_wind_generation,Wind Onshore,2026-08-23T09:57:02Z
2026-08-23T09:55:52Z,2026-08-23T11:55:52+0200,e9ed0e7a-f773-48fd-b5c3-626d89d5de64,2026-08-14T05:15:00Z,2026-08-14T07:15:00+0200,1188.68005,MW,FR,FR,forecast_onshore_wind_generation,Wind Onshore,2026-08-23T09:57:02Z
2026-08-23T09:55:52Z,2026-08-23T11:55:52+0200,e9ed0e7a-f773-48fd-b5c3-626d89d5de64,2026-08-14T05:30:00Z,2026-08-14T07:30:00+0200,1155.96997,MW,FR,FR,forecast_onshore_wind_generation,Wind Onshore,2026-08-23T09:57:02Z
2026-08-23T09:55:52Z,2026-08-23T11:55:52+0200,e9ed0e7a-f773-48fd-b5c3-626d89d5de64,2026-08-14T05:45:00Z,2026-08-14T07:45:00+0200,1123.29004,MW,FR,FR,forecast_onshore_wind_generation,Wind Onshore,2026-08-23T09:57:02Z
2026-08-23T09:55:52Z,2026-08-23T11:55:52+0200,e9ed0e7a-f773-48fd-b5c3-626d89d5de64,2026-08-14T06:00:00Z,2026-08-14T08:00:00+0200,1090.63,MW,FR,FR,forecast_onshore_wind_generation,Wind Onshore,2026-08-23T09:57:02Z
2026-08-23T09:55:52Z,2026-08-23T11:55:52+0200,e9ed0e7a-f773-48fd-b5c3-626d89d5de64,2026-08-14T06:15:00Z,2026-08-14T08:15:00+0200,1018.88,MW,FR,FR,forecast_onshore_wind_generation,Wind Onshore,2026-08-23T09:57:02Z
2026-08-23T09:55:52Z,2026-08-23T11:55:52+0200,e9ed0e7a-f773-48fd-b5c3-626d89d5de64,2026-08-14T06:30:00Z,2026-08-14T08:30:00+0200,947.19995,MW,FR,FR,forecast_onshore_wind_generation,Wind Onshore,2026-08-23T09:57:02Z
2026-08-23T09:55:52Z,2026-08-23T11:55:52+0200,e9ed0e7a-f773-48fd-b5c3-626d89d5de64,2026-08-14T06:45:00Z,2026-08-14T08:45:00+0200,875.53998,MW,FR,FR,forecast_onshore_wind_generation,Wind Onshore,2026-08-23T09:57:02Z
2026-08-23T09:55:52Z,2026-08-23T11:55:52+0200,e9ed0e7a-f773-48fd-b5c3-626d89d5de64,2026-08-14T07:00:00Z,2026-08-14T09:00:00+0200,803.92999,MW,FR,FR,forecast_onshore_wind_generation,Wind Onshore,2026-08-23T09:57:02Z
2026-08-23T09:55:52Z,2026-08-23T11:55:52+0200,e9ed0e7a-f773-48fd-b5c3-626d89d5de64,2026-08-14T07:15:00Z,2026-08-14T09:15:00+0200,730.03003,MW,FR,FR,forecast_onshore_wind_generation,Wind Onshore,2026-08-23T09:57:02Z
2026-08-23T09:55:52Z,2026-08-23T11:55:52+0200,e9ed0e7a-f773-48fd-b5c3-626d89d5de64,2026-08-14T07:30:00Z,2026-08-14T09:30:00+0200,656.20996,MW,FR,FR,forecast_onshore_wind_generation,Wind Onshore,2026-08-23T09:57:02Z
2026-08-23T09:55:52Z,2026-08-23T11:55:52+0200,e9ed0e7a-f773-48fd-b5c3-626d89d5de64,2026-08-14T07:45:00Z,2026-08-14T09:45:00+0200,582.59998,MW,FR,FR,forecast_onshore_wind_generation,Wind Onshore,2026-08-23T09:57:02Z
2026-08-23T09:55:52Z,2026-08-23T11:55:52+0200,e9ed0e7a-f773-48fd-b5c3-626d89d5de64,2026-08-14T08:00:00Z,2026-08-14T10:00:00+0200,509.38,MW,FR,FR,forecast_onshore_wind_generation,Wind Onshore,2026-08-23T09:57:02Z
2026-08-23T09:55:52Z,2026-08-23T11:55:52+0200,e9ed0e7a-f773-48fd-b5c3-626d89d5de64,2026-08-14T08:15:00Z,2026-08-14T10:15:00+0200,484.54001,MW,FR,FR,forecast_onshore_wind_generation,Wind Onshore,2026-08-23T09:57:02Z
2026-08-23T09:55:52Z,2026-08-23T11:55:52+0200,e9ed0e7a-f773-48fd-b5c3-626d89d5de64,2026-08-14T08:30:00Z,2026-08-14T10:30:00+0200,459.90002,MW,FR,FR,forecast_onshore_wind_generation,Wind Onshore,2026-08-23T09:57:02Z
2026-08-23T09:55:52Z,2026-08-23T11:55:52+0200,e9ed0e7a-f773-48fd-b5c3-626d89d5de64,2026-08-14T08:45:00Z,2026-08-14T10:45:00+0200,435.45001,MW,FR,FR,forecast_onshore_wind_generation,Wind Onshore,2026-08-23T09:57:02Z
2026-08-23T09:55:52Z,2026-08-23T11:55:52+0200,e9ed0e7a-f773-48fd-b5c3-626d89d5de64,2026-08-14T09:00:00Z,2026-08-14T11:00:00+0200,411.56,MW,FR,FR,forecast_onshore_wind_generation,Wind Onshore,2026-08-23T09:57:02Z
2026-08-23T09:55:52Z,2026-08-23T11:55:52+0200,e9ed0e7a-f773-48fd-b5c3-626d89d5de64,2026-08-14T09:15:00Z,2026-08-14T11:15:00+0200,418.20999,MW,FR,FR,forecast_onshore_wind_generation,Wind Onshore,2026-08-23T09:57:02Z
2026-08-23T09:55:52Z,2026-08-23T11:55:52+0200,e9ed0e7a-f773-48fd-b5c3-626d89d5de64,2026-08-14T09:30:00Z,2026-08-14T11:30:00+0200,424.91998,MW,FR,FR,forecast_onshore_wind_generation,Wind Onshore,2026-08-23T09:57:02Z
2026-08-23T09:55:52Z,2026-08-23T11:55:52+0200,e9ed0e7a-f773-48fd-b5c3-626d89d5de64,2026-08-14T09:45:00Z,2026-08-14T11:45:00+0200,431.71997,MW,FR,FR,forecast_onshore_wind_generation,Wind Onshore,2026-08-23T09:57:02Z
2026-08-23T09:55:52Z,2026-08-23T11:55:52+0200,e9ed0e7a-f773-48fd-b5c3-626d89d5de64,2026-08-14T10:00:00Z,2026-08-14T12:00:00+0200,438.58002,MW,FR,FR,forecast_onshore_wind_generation,Wind Onshore,2026-08-23T09:57:02Z
2026-08-23T09:55:52Z,2026-08-23T11:55:52+0200,e9ed0e7a-f773-48fd-b5c3-626d89d5de64,2026-08-14T10:15:00Z,2026-08-14T12:15:00+0200,451.68002,MW,FR,FR,forecast_onshore_wind_generation,Wind Onshore,2026-08-23T09:57:02Z
2026-08-23T09:55:52Z,2026-08-23T11:55:52+0200,e9ed0e7a-f773-48fd-b5c3-626d89d5de64,2026-08-14T10:30:00Z,2026-08-14T12:30:00+0200,464.98999,MW,FR,FR,forecast_onshore_wind_generation,Wind Onshore,2026-08-23T09:57:02Z
2026-08-23T09:55:52Z,2026-08-23T11:55:52+0200,e9ed0e7a-f773-48fd-b5c3-626d89d5de64,2026-08-14T10:45:00Z,2026-08-14T12:45:00+0200,478.37997,MW,FR,FR,forecast_onshore_wind_generation,Wind Onshore,2026-08-23T09:57:02Z
2026-08-23T09:55:52Z,2026-08-23T11:55:52+0200,e9ed0e7a-f773-48fd-b5c3-626d89d5de64,2026-08-14T11:00:00Z,2026-08-14T13:00:00+0200,491.92999,MW,FR,FR,forecast_onshore_wind_generation,Wind Onshore,2026-08-23T09:57:02Z
2026-08-23T09:55:52Z,2026-08-23T11:55:52+0200,e9ed0e7a-f773-48fd-b5c3-626d89d5de64,2026-08-14T11:15:00Z,2026-08-14T13:15:00+0200,511.30002,MW,FR,FR,forecast_onshore_wind_generation,Wind Onshore,2026-08-23T09:57:02Z
2026-08-23T09:55:52Z,2026-08-23T11:55:52+0200,e9ed0e7a-f773-48fd-b5c3-626d89d5de64,2026-08-14T11:30:00Z,2026-08-14T13:30:00+0200,530.76001,MW,FR,FR,forecast_onshore_wind_generation,Wind Onshore,2026-08-23T09:57:02Z
2026-08-23T09:55:52Z,2026-08-23T11:55:52+0200,e9ed0e7a-f773-48fd-b5c3-626d89d5de64,2026-08-14T11:45:00Z,2026-08-14T13:45:00+0200,550.30005,MW,FR,FR,forecast_onshore_wind_generation,Wind Onshore,2026-08-23T09:57:02Z
2026-08-23T09:55:52Z,2026-08-23T11:55:52+0200,e9ed0e7a-f773-48fd-b5c3-626d89d5de64,2026-08-14T12:00:00Z,2026-08-14T14:00:00+0200,569.90002,MW,FR,FR,forecast_onshore_wind_generation,Wind Onshore,2026-08-23T09:57:02Z
2026-08-23T09:55:52Z,2026-08-23T11:55:52+0200,e9ed0e7a-f773-48fd-b5c3-626d89d5de64,2026-08-14T12:15:00Z,2026-08-14T14:15:00+0200,606.12,MW,FR,FR,forecast_onshore_wind_generation,Wind Onshore,2026-08-23T09:57:02Z
2026-08-23T09:55:52Z,2026-08-23T11:55:52+0200,e9ed0e7a-f773-48fd-b5c3-626d89d5de64,2026-08-14T12:30:00Z,2026-08-14T14:30:00+0200,642.57001,MW,FR,FR,forecast_onshore_wind_generation,Wind Onshore,2026-08-23T09:57:02Z
2026-08-23T09:55:52Z,2026-08-23T11:55:52+0200,e9ed0e7a-f773-48fd-b5c3-626d89d5de64,2026-08-14T12:45:00Z,2026-08-14T14:45:00+0200,679.02997,MW,FR,FR,forecast_onshore_wind_generation,Wind Onshore,2026-08-23T09:57:02Z
2026-08-23T09:55:52Z,2026-08-23T11:55:52+0200,e9ed0e7a-f773-48fd-b5c3-626d89d5de64,2026-08-14T13:00:00Z,2026-08-14T15:00:00+0200,715.52002,MW,FR,FR,forecast_onshore_wind_generation,Wind Onshore,2026-08-23T09:57:02Z
2026-08-23T09:55:52Z,2026-08-23T11:55:52+0200,e9ed0e7a-f773-48fd-b5c3-626d89d5de64,2026-08-14T13:15:00Z,2026-08-14T15:15:00+0200,768.63,MW,FR,FR,forecast_onshore_wind_generation,Wind Onshore,2026-08-23T09:57:02Z
2026-08-23T09:55:52Z,2026-08-23T11:55:52+0200,e9ed0e7a-f773-48fd-b5c3-626d89d5de64,2026-08-14T13:30:00Z,2026-08-14T15:30:00+0200,821.78003,MW,FR,FR,forecast_onshore_wind_generation,Wind Onshore,2026-08-23T09:57:02Z
2026-08-23T09:55:52Z,2026-08-23T11:55:52+0200,e9ed0e7a-f773-48fd-b5c3-626d89d5de64,2026-08-14T13:45:00Z,2026-08-14T15:45:00+0200,874.93994,MW,FR,FR,forecast_onshore_wind_generation,Wind Onshore,2026-08-23T09:57:02Z
2026-08-23T09:55:52Z,2026-08-23T11:55:52+0200,e9ed0e7a-f773-48fd-b5c3-626d89d5de64,2026-08-14T14:00:00Z,2026-08-14T16:00:00+0200,928.10999,MW,FR,FR,forecast_onshore_wind_generation,Wind Onshore,2026-08-23T09:57:02Z
2026-08-23T09:55:52Z,2026-08-23T11:55:52+0200,e9ed0e7a-f773-48fd-b5c3-626d89d5de64,2026-08-14T14:15:00Z,2026-08-14T16:15:00+0200,978.11005,MW,FR,FR,forecast_onshore_wind_generation,Wind Onshore,2026-08-23T09:57:02Z
2026-08-23T09:55:52Z,2026-08-23T11:55:52+0200,e9ed0e7a-f773-48fd-b5c3-626d89d5de64,2026-08-14T14:30:00Z,2026-08-14T16:30:00+0200,1028.18005,MW,FR,FR,forecast_onshore_wind_generation,Wind Onshore,2026-08-23T09:57:02Z
2026-08-23T09:55:52Z,2026-08-23T11:55:52+0200,e9ed0e7a-f773-48fd-b5c3-626d89d5de64,2026-08-14T14:45:00Z,2026-08-14T16:45:00+0200,1078.28003,MW,FR,FR,forecast_onshore_wind_generation,Wind Onshore,2026-08-23T09:57:02Z
2026-08-23T09:55:52Z,2026-08-23T11:55:52+0200,e9ed0e7a-f773-48fd-b5c3-626d89d5de64,2026-08-14T15:00:00Z,2026-08-14T17:00:00+0200,1128.43994,MW,FR,FR,forecast_onshore_wind_generation,Wind Onshore,2026-08-23T09:57:02Z
2026-08-23T09:55:52Z,2026-08-23T11:55:52+0200,e9ed0e7a-f773-48fd-b5c3-626d89d5de64,2026-08-14T15:15:00Z,2026-08-14T17:15:00+0200,1204.02002,MW,FR,FR,forecast_onshore_wind_generation,Wind Onshore,2026-08-23T09:57:02Z
2026-08-23T09:55:52Z,2026-08-23T11:55:52+0200,e9ed0e7a-f773-48fd-b5c3-626d89d5de64,2026-08-14T15:30:00Z,2026-08-14T17:30:00+0200,1280.25,MW,FR,FR,forecast_onshore_wind_generation,Wind Onshore,2026-08-23T09:57:02Z
2026-08-23T09:55:52Z,2026-08-23T11:55:52+0200,e9ed0e7a-f773-48fd-b5c3-626d89d5de64,2026-08-14T15:45:00Z,2026-08-14T17:45:00+0200,1356.48999,MW,FR,FR,forecast_onshore_wind_generation,Wind Onshore,2026-08-23T09:57:02Z
2026-08-23T09:55:52Z,2026-08-23T11:55:52+0200,e9ed0e7a-f773-48fd-b5c3-626d89d5de64,2026-08-14T16:00:00Z,2026-08-14T18:00:00+0200,1432.72986,MW,FR,FR,forecast_onshore_wind_generation,Wind Onshore,2026-08-23T09:57:02Z
2026-08-23T09:55:52Z,2026-08-23T11:55:52+0200,e9ed0e7a-f773-48fd-b5c3-626d89d5de64,2026-08-14T16:15:00Z,2026-08-14T18:15:00+0200,1520.63989,MW,FR,FR,forecast_onshore_wind_generation,Wind Onshore,2026-08-23T09:57:02Z
2026-08-23T09:55:52Z,2026-08-23T11:55:52+0200,e9ed0e7a-f773-48fd-b5c3-626d89d5de64,2026-08-14T16:30:00Z,2026-08-14T18:30:00+0200,1608.59985,MW,FR,FR,forecast_onshore_wind_generation,Wind Onshore,2026-08-23T09:57:02Z
2026-08-23T09:55:52Z,2026-08-23T11:55:52+0200,e9ed0e7a-f773-48fd-b5c3-626d89d5de64,2026-08-14T16:45:00Z,2026-08-14T18:45:00+0200,1696.50989,MW,FR,FR,forecast_onshore_wind_generation,Wind Onshore,2026-08-23T09:57:02Z
2026-08-23T09:55:52Z,2026-08-23T11:55:52+0200,e9ed0e7a-f773-48fd-b5c3-626d89d5de64,2026-08-14T17:00:00Z,2026-08-14T19:00:00+0200,1784.5,MW,FR,FR,forecast_onshore_wind_generation,Wind Onshore,2026-08-23T09:57:02Z
2026-08-23T09:55:52Z,2026-08-23T11:55:52+0200,e9ed0e7a-f773-48fd-b5c3-626d89d5de64,2026-08-14T17:15:00Z,2026-08-14T19:15:00+0200,1899.07007,MW,FR,FR,forecast_onshore_wind_generation,Wind Onshore,2026-08-23T09:57:02Z
2026-08-23T09:55:52Z,2026-08-23T11:55:52+0200,e9ed0e7a-f773-48fd-b5c3-626d89d5de64,2026-08-14T17:30:00Z,2026-08-14T19:30:00+0200,2013.66992,MW,FR,FR,forecast_onshore_wind_generation,Wind Onshore,2026-08-23T09:57:02Z
2026-08-23T09:55:52Z,2026-08-23T11:55:52+0200,e9ed0e7a-f773-48fd-b5c3-626d89d5de64,2026-08-14T17:45:00Z,2026-08-14T19:45:00+0200,2128.27979,MW,FR,FR,forecast_onshore_wind_generation,Wind Onshore,2026-08-23T09:57:02Z
2026-08-23T09:55:52Z,2026-08-23T11:55:52+0200,e9ed0e7a-f773-48fd-b5c3-626d89d5de64,2026-08-14T18:00:00Z,2026-08-14T20:00:00+0200,2243.14014,MW,FR,FR,forecast_onshore_wind_generation,Wind Onshore,2026-08-23T09:57:02Z
2026-08-23T09:55:52Z,2026-08-23T11:55:52+0200,e9ed0e7a-f773-48fd-b5c3-626d89d5de64,2026-08-14T18:15:00Z,2026-08-14T20:15:00+0200,2306.72998,MW,FR,FR,forecast_onshore_wind_generation,Wind Onshore,2026-08-23T09:57:02Z
2026-08-23T09:55:52Z,2026-08-23T11:55:52+0200,e9ed0e7a-f773-48fd-b5c3-626d89d5de64,2026-08-14T18:30:00Z,2026-08-14T20:30:00+0200,2370.33008,MW,FR,FR,forecast_onshore_wind_generation,Wind Onshore,2026-08-23T09:57:02Z
2026-08-23T09:55:52Z,2026-08-23T11:55:52+0200,e9ed0e7a-f773-48fd-b5c3-626d89d5de64,2026-08-14T18:45:00Z,2026-08-14T20:45:00+0200,2434.08008,MW,FR,FR,forecast_onshore_wind_generation,Wind Onshore,2026-08-23T09:57:02Z
2026-08-23T09:55:52Z,2026-08-23T11:55:52+0200,e9ed0e7a-f773-48fd-b5c3-626d89d5de64,2026-08-14T19:00:00Z,2026-08-14T21:00:00+0200,2497.88013,MW,FR,FR,forecast_onshore_wind_generation,Wind Onshore,2026-08-23T09:57:02Z
2026-08-23T09:55:52Z,2026-08-23T11:55:52+0200,e9ed0e7a-f773-48fd-b5c3-626d89d5de64,2026-08-14T19:15:00Z,2026-08-14T21:15:00+0200,2511.27002,MW,FR,FR,forecast_onshore_wind_generation,Wind Onshore,2026-08-23T09:57:02Z
2026-08-23T09:55:52Z,2026-08-23T11:55:52+0200,e9ed0e7a-f773-48fd-b5c3-626d89d5de64,2026-08-14T19:30:00Z,2026-08-14T21:30:00+0200,2525.29004,MW,FR,FR,forecast_onshore_wind_generation,Wind Onshore,2026-08-23T09:57:02Z
2026-08-23T09:55:52Z,2026-08-23T11:55:52+0200,e9ed0e7a-f773-48fd-b5c3-626d89d5de64,2026-08-14T19:45:00Z,2026-08-14T21:45:00+0200,2539.31006,MW,FR,FR,forecast_onshore_wind_generation,Wind Onshore,2026-08-23T09:57:02Z
2026-08-23T09:55:52Z,2026-08-23T11:55:52+0200,e9ed0e7a-f773-48fd-b5c3-626d89d5de64,2026-08-14T20:00:00Z,2026-08-14T22:00:00+0200,2553.33984,MW,FR,FR,forecast_onshore_wind_generation,Wind Onshore,2026-08-23T09:57:02Z
2026-08-23T09:55:52Z,2026-08-23T11:55:52+0200,e9ed0e7a-f773-48fd-b5c3-626d89d5de64,2026-08-14T20:15:00Z,2026-08-14T22:15:00+0200,2593.18018,MW,FR,FR,forecast_onshore_wind_generation,Wind Onshore,2026-08-23T09:57:02Z
2026-08-23T09:55:52Z,2026-08-23T11:55:52+0200,e9ed0e7a-f773-48fd-b5c3-626d89d5de64,2026-08-14T20:30:00Z,2026-08-14T22:30:00+0200,2633.0,MW,FR,FR,forecast_onshore_wind_generation,Wind Onshore,2026-08-23T09:57:02Z
2026-08-23T09:55:52Z,2026-08-23T11:55:52+0200,e9ed0e7a-f773-48fd-b5c3-626d89d5de64,2026-08-14T20:45:00Z,2026-08-14T22:45:00+0200,2672.83984,MW,FR,FR,forecast_onshore_wind_generation,Wind Onshore,2026-08-23T09:57:02Z
2026-08-23T09:55:52Z,2026-08-23T11:55:52+0200,e9ed0e7a-f773-48fd-b5c3-626d89d5de64,2026-08-14T21:00:00Z,2026-08-14T23:00:00+0200,2712.92993,MW,FR,FR,forecast_onshore_wind_generation,Wind Onshore,2026-08-23T09:57:02Z
2026-08-23T09:55:52Z,2026-08-23T11:55:52+0200,e9ed0e7a-f773-48fd-b5c3-626d89d5de64,2026-08-14T21:15:00Z,2026-08-14T23:15:00+0200,2675.31982,MW,FR,FR,forecast_onshore_wind_generation,Wind Onshore,2026-08-23T09:57:02Z
2026-08-23T09:55:52Z,2026-08-23T11:55:52+0200,e9ed0e7a-f773-48fd-b5c3-626d89d5de64,2026-08-14T21:30:00Z,2026-08-14T23:30:00+0200,2637.95996,MW,FR,FR,forecast_onshore_wind_generation,Wind Onshore,2026-08-23T09:57:02Z
2026-08-23T09:55:52Z,2026-08-23T11:55:52+0200,e9ed0e7a-f773-48fd-b5c3-626d89d5de64,2026-08-14T21:45:00Z,2026-08-14T23:45:00+0200,2600.60986,MW,FR,FR,forecast_onshore_wind_generation,Wind Onshore,2026-08-23T09:57:02Z
2026-08-23T09:55:52Z,2026-08-23T11:55:52+0200,e9ed0e7a-f773-48fd-b5c3-626d89d5de64,2026-08-14T22:00:00Z,2026-08-15T00:00:00+0200,2508.29004,MW,FR,FR,forecast_onshore_wind_generation,Wind Onshore,2026-08-23T09:57:02Z
2026-08-23T09:55:52Z,2026-08-23T11:55:52+0200,e9ed0e7a-f773-48fd-b5c3-626d89d5de64,2026-08-14T22:15:00Z,2026-08-15T00:15:00+0200,2478.39014,MW,FR,FR,forecast_onshore_wind_generation,Wind Onshore,2026-08-23T09:57:02Z
2026-08-23T09:55:52Z,2026-08-23T11:55:52+0200,e9ed0e7a-f773-48fd-b5c3-626d89d5de64,2026-08-14T22:30:00Z,2026-08-15T00:30:00+0200,2448.53003,MW,FR,FR,forecast_onshore_wind_generation,Wind Onshore,2026-08-23T09:57:02Z
2026-08-23T09:55:52Z,2026-08-23T11:55:52+0200,e9ed0e7a-f773-48fd-b5c3-626d89d5de64,2026-08-14T22:45:00Z,2026-08-15T00:45:00+0200,2419.1499,MW,FR,FR,forecast_onshore_wind_generation,Wind Onshore,2026-08-23T09:57:02Z
2026-08-23T09:55:52Z,2026-08-23T11:55:52+0200,e9ed0e7a-f773-48fd-b5c3-626d89d5de64,2026-08-14T23:00:00Z,2026-08-15T01:00:00+0200,2389.80005,MW,FR,FR,forecast_onshore_wind_generation,Wind Onshore,2026-08-23T09:57:02Z
2026-08-23T09:55:52Z,2026-08-23T11:55:52+0200,e9ed0e7a-f773-48fd-b5c3-626d89d5de64,2026-08-14T23:15:00Z,2026-08-15T01:15:00+0200,2347.52002,MW,FR,FR,forecast_onshore_wind_generation,Wind Onshore,2026-08-23T09:57:02Z
2026-08-23T09:55:52Z,2026-08-23T11:55:52+0200,e9ed0e7a-f773-48fd-b5c3-626d89d5de64,2026-08-14T23:30:00Z,2026-08-15T01:30:00+0200,2305.25,MW,FR,FR,forecast_onshore_wind_generation,Wind Onshore,2026-08-23T09:57:02Z
2026-08-23T09:55:52Z,2026-08-23T11:55:52+0200,e9ed0e7a-f773-48fd-b5c3-626d89d5de64,2026-08-14T23:45:00Z,2026-08-15T01:45:00+0200,2263.28003,MW,FR,FR,forecast_onshore_wind_generation,Wind Onshore,2026-08-23T09:57:02Z
2026-08-23T09:55:52Z,2026-08-23T11:55:52+0200,e9ed0e7a-f773-48fd-b5c3-626d89d5de64,2026-08-15T00:00:00Z,2026-08-15T02:00:00+0200,2221.29004,MW,FR,FR,forecast_onshore_wind_generation,Wind Onshore,2026-08-23T09:57:02Z
2026-08-23T09:55:52Z,2026-08-23T11:55:52+0200,e9ed0e7a-f773-48fd-b5c3-626d89d5de64,2026-08-15T00:15:00Z,2026-08-15T02:15:00+0200,2182.03003,MW,FR,FR,forecast_onshore_wind_generation,Wind Onshore,2026-08-23T09:57:02Z
2026-08-23T09:55:52Z,2026-08-23T11:55:52+0200,e9ed0e7a-f773-48fd-b5c3-626d89d5de64,2026-08-15T00:30:00Z,2026-08-15T02:30:00+0200,2142.77002,MW,FR,FR,forecast_onshore_wind_generation,Wind Onshore,2026-08-23T09:57:02Z
2026-08-23T09:55:52Z,2026-08-23T11:55:52+0200,e9ed0e7a-f773-48fd-b5c3-626d89d5de64,2026-08-15T00:45:00Z,2026-08-15T02:45:00+0200,2103.57007,MW,FR,FR,forecast_onshore_wind_generation,Wind Onshore,2026-08-23T09:57:02Z
2026-08-23T09:55:52Z,2026-08-23T11:55:52+0200,e9ed0e7a-f773-48fd-b5c3-626d89d5de64,2026-08-15T01:00:00Z,2026-08-15T03:00:00+0200,2064.52002,MW,FR,FR,forecast_onshore_wind_generation,Wind Onshore,2026-08-23T09:57:02Z
2026-08-23T09:55:52Z,2026-08-23T11:55:52+0200,e9ed0e7a-f773-48fd-b5c3-626d89d5de64,2026-08-15T01:15:00Z,2026-08-15T03:15:00+0200,2100.87988,MW,FR,FR,forecast_onshore_wind_generation,Wind Onshore,2026-08-23T09:57:02Z
2026-08-23T09:55:52Z,2026-08-23T11:55:52+0200,e9ed0e7a-f773-48fd-b5c3-626d89d5de64,2026-08-15T01:30:00Z,2026-08-15T03:30:00+0200,2137.28003,MW,FR,FR,forecast_onshore_wind_generation,Wind Onshore,2026-08-23T09:57:02Z
2026-08-23T09:55:52Z,2026-08-23T11:55:52+0200,e9ed0e7a-f773-48fd-b5c3-626d89d5de64,2026-08-15T01:45:00Z,2026-08-15T03:45:00+0200,2173.69995,MW,FR,FR,forecast_onshore_wind_generation,Wind Onshore,2026-08-23T09:57:02Z
2026-08-23T09:55:52Z,2026-08-23T11:55:52+0200,e9ed0e7a-f773-48fd-b5c3-626d89d5de64,2026-08-15T02:00:00Z,2026-08-15T04:00:00+0200,2210.16016,MW,FR,FR,forecast_onshore_wind_generation,Wind Onshore,2026-08-23T09:57:02Z
2026-08-23T09:55:52Z,2026-08-23T11:55:52+0200,e9ed0e7a-f773-48fd-b5c3-626d89d5de64,2026-08-15T02:15:00Z,2026-08-15T04:15:00+0200,2274.40991,MW,FR,FR,forecast_onshore_wind_generation,Wind Onshore,2026-08-23T09:57:02Z
2026-08-23T09:55:52Z,2026-08-23T11:55:52+0200,e9ed0e7a-f773-48fd-b5c3-626d89d5de64,2026-08-15T02:30:00Z,2026-08-15T04:30:00+0200,2338.70996,MW,FR,FR,forecast_onshore_wind_generation,Wind Onshore,2026-08-23T09:57:02Z
2026-08-23T09:55:52Z,2026-08-23T11:55:52+0200,e9ed0e7a-f773-48fd-b5c3-626d89d5de64,2026-08-15T02:45:00Z,2026-08-15T04:45:00+0200,2402.94995,MW,FR,FR,forecast_onshore_wind_generation,Wind Onshore,2026-08-23T09:57:02Z
2026-08-23T09:55:52Z,2026-08-23T11:55:52+0200,e9ed0e7a-f773-48fd-b5c3-626d89d5de64,2026-08-15T03:00:00Z,2026-08-15T05:00:00+0200,2467.25,MW,FR,FR,forecast_onshore_wind_generation,Wind Onshore,2026-08-23T09:57:02Z
2026-08-23T09:55:52Z,2026-08-23T11:55:52+0200,e9ed0e7a-f773-48fd-b5c3-626d89d5de64,2026-08-15T03:15:00Z,2026-08-15T05:15:00+0200,2493.11011,MW,FR,FR,forecast_onshore_wind_generation,Wind Onshore,2026-08-23T09:57:02Z
2026-08-23T09:55:52Z,2026-08-23T11:55:52+0200,e9ed0e7a-f773-48fd-b5c3-626d89d5de64,2026-08-15T03:30:00Z,2026-08-15T05:30:00+0200,2518.97998,MW,FR,FR,forecast_onshore_wind_generation,Wind Onshore,2026-08-23T09:57:02Z
2026-08-23T09:55:52Z,2026-08-23T11:55:52+0200,e9ed0e7a-f773-48fd-b5c3-626d89d5de64,2026-08-15T03:45:00Z,2026-08-15T05:45:00+0200,2545.1001,MW,FR,FR,forecast_onshore_wind_generation,Wind Onshore,2026-08-23T09:57:02Z
2026-08-23T09:55:52Z,2026-08-23T11:55:52+0200,e9ed0e7a-f773-48fd-b5c3-626d89d5de64,2026-08-15T04:00:00Z,2026-08-15T06:00:00+0200,2571.25,MW,FR,FR,forecast_onshore_wind_generation,Wind Onshore,2026-08-23T09:57:02Z
2026-08-23T09:55:52Z,2026-08-23T11:55:52+0200,e9ed0e7a-f773-48fd-b5c3-626d89d5de64,2026-08-15T04:15:00Z,2026-08-15T06:15:00+0200,2538.06982,MW,FR,FR,forecast_onshore_wind_generation,Wind Onshore,2026-08-23T09:57:02Z
2026-08-23T09:55:52Z,2026-08-23T11:55:52+0200,e9ed0e7a-f773-48fd-b5c3-626d89d5de64,2026-08-15T04:30:00Z,2026-08-15T06:30:00+0200,2504.99023,MW,FR,FR,forecast_onshore_wind_generation,Wind Onshore,2026-08-23T09:57:02Z
2026-08-23T09:55:52Z,2026-08-23T11:55:52+0200,e9ed0e7a-f773-48fd-b5c3-626d89d5de64,2026-08-15T04:45:00Z,2026-08-15T06:45:00+0200,2472.05981,MW,FR,FR,forecast_onshore_wind_generation,Wind Onshore,2026-08-23T09:57:02Z
2026-08-23T09:55:52Z,2026-08-23T11:55:52+0200,e9ed0e7a-f773-48fd-b5c3-626d89d5de64,2026-08-15T05:00:00Z,2026-08-15T07:00:00+0200,2439.20996,MW,FR,FR,forecast_onshore_wind_generation,Wind Onshore,2026-08-23T09:57:02Z
2026-08-23T09:55:52Z,2026-08-23T11:55:52+0200,e9ed0e7a-f773-48fd-b5c3-626d89d5de64,2026-08-15T05:15:00Z,2026-08-15T07:15:00+0200,2375.58984,MW,FR,FR,forecast_onshore_wind_generation,Wind Onshore,2026-08-23T09:57:02Z
2026-08-23T09:55:52Z,2026-08-23T11:55:52+0200,e9ed0e7a-f773-48fd-b5c3-626d89d5de64,2026-08-15T05:30:00Z,2026-08-15T07:30:00+0200,2312.08984,MW,FR,FR,forecast_onshore_wind_generation,Wind Onshore,2026-08-23T09:57:02Z
2026-08-23T09:55:52Z,2026-08-23T11:55:52+0200,e9ed0e7a-f773-48fd-b5c3-626d89d5de64,2026-08-15T05:45:00Z,2026-08-15T07:45:00+0200,2248.81982,MW,FR,FR,forecast_onshore_wind_generation,Wind Onshore,2026-08-23T09:57:02Z
2026-08-23T09:55:52Z,2026-08-23T11:55:52+0200,e9ed0e7a-f773-48fd-b5c3-626d89d5de64,2026-08-15T06:00:00Z,2026-08-15T08:00:00+0200,2185.56982,MW,FR,FR,forecast_onshore_wind_generation,Wind Onshore,2026-08-23T09:57:02Z
2026-08-23T09:55:52Z,2026-08-23T11:55:52+0200,e9ed0e7a-f773-48fd-b5c3-626d89d5de64,2026-08-15T06:15:00Z,2026-08-15T08:15:00+0200,1936.46985,MW,FR,FR,forecast_onshore_wind_generation,Wind Onshore,2026-08-23T09:57:02Z
2026-08-23T09:55:52Z,2026-08-23T11:55:52+0200,e9ed0e7a-f773-48fd-b5c3-626d89d5de64,2026-08-15T06:30:00Z,2026-08-15T08:30:00+0200,1687.39014,MW,FR,FR,forecast_onshore_wind_generation,Wind Onshore,2026-08-23T09:57:02Z
2026-08-23T09:55:52Z,2026-08-23T11:55:52+0200,e9ed0e7a-f773-48fd-b5c3-626d89d5de64,2026-08-15T06:45:00Z,2026-08-15T08:45:00+0200,1438.48999,MW,FR,FR,forecast_onshore_wind_generation,Wind Onshore,2026-08-23T09:57:02Z
2026-08-23T09:55:52Z,2026-08-23T11:55:52+0200,e9ed0e7a-f773-48fd-b5c3-626d89d5de64,2026-08-15T07:00:00Z,2026-08-15T09:00:00+0200,1189.62,MW,FR,FR,forecast_onshore_wind_generation,Wind Onshore,2026-08-23T09:57:02Z
2026-08-23T09:55:52Z,2026-08-23T11:55:52+0200,e9ed0e7a-f773-48fd-b5c3-626d89d5de64,2026-08-15T07:15:00Z,2026-08-15T09:15:00+0200,1164.11987,MW,FR,FR,forecast_onshore_wind_generation,Wind Onshore,2026-08-23T09:57:02Z
2026-08-23T09:55:52Z,2026-08-23T11:55:52+0200,e9ed0e7a-f773-48fd-b5c3-626d89d5de64,2026-08-15T07:30:00Z,2026-08-15T09:30:00+0200,1138.65015,MW,FR,FR,forecast_onshore_wind_generation,Wind Onshore,2026-08-23T09:57:02Z
2026-08-23T09:55:52Z,2026-08-23T11:55:52+0200,e9ed0e7a-f773-48fd-b5c3-626d89d5de64,2026-08-15T07:45:00Z,2026-08-15T09:45:00+0200,1113.22009,MW,FR,FR,forecast_onshore_wind_generation,Wind Onshore,2026-08-23T09:57:02Z
2026-08-23T09:55:52Z,2026-08-23T11:55:52+0200,e9ed0e7a-f773-48fd-b5c3-626d89d5de64,2026-08-15T08:00:00Z,2026-08-15T10:00:00+0200,1087.85999,MW,FR,FR,forecast_onshore_wind_generation,Wind Onshore,2026-08-23T09:57:02Z
2026-08-23T09:55:52Z,2026-08-23T11:55:52+0200,e9ed0e7a-f773-48fd-b5c3-626d89d5de64,2026-08-15T08:15:00Z,2026-08-15T10:15:00+0200,1032.45007,MW,FR,FR,forecast_onshore_wind_generation,Wind Onshore,2026-08-23T09:57:02Z
2026-08-23T09:55:52Z,2026-08-23T11:55:52+0200,e9ed0e7a-f773-48fd-b5c3-626d89d5de64,2026-08-15T08:30:00Z,2026-08-15T10:30:00+0200,977.07996,MW,FR,FR,forecast_onshore_wind_generation,Wind Onshore,2026-08-23T09:57:02Z
2026-08-23T09:55:52Z,2026-08-23T11:55:52+0200,e9ed0e7a-f773-48fd-b5c3-626d89d5de64,2026-08-15T08:45:00Z,2026-08-15T10:45:00+0200,921.79004,MW,FR,FR,forecast_onshore_wind_generation,Wind Onshore,2026-08-23T09:57:02Z
2026-08-23T09:55:52Z,2026-08-23T11:55:52+0200,e9ed0e7a-f773-48fd-b5c3-626d89d5de64,2026-08-15T09:00:00Z,2026-08-15T11:00:00+0200,866.53998,MW,FR,FR,forecast_onshore_wind_generation,Wind Onshore,2026-08-23T09:57:02Z
2026-08-23T09:55:52Z,2026-08-23T11:55:52+0200,e9ed0e7a-f773-48fd-b5c3-626d89d5de64,2026-08-15T09:15:00Z,2026-08-15T11:15:00+0200,880.30005,MW,FR,FR,forecast_onshore_wind_generation,Wind Onshore,2026-08-23T09:57:02Z
2026-08-23T09:55:52Z,2026-08-23T11:55:52+0200,e9ed0e7a-f773-48fd-b5c3-626d89d5de64,2026-08-15T09:30:00Z,2026-08-15T11:30:00+0200,894.10999,MW,FR,FR,forecast_onshore_wind_generation,Wind Onshore,2026-08-23T09:57:02Z
2026-08-23T09:55:52Z,2026-08-23T11:55:52+0200,e9ed0e7a-f773-48fd-b5c3-626d89d5de64,2026-08-15T09:45:00Z,2026-08-15T11:45:00+0200,907.92004,MW,FR,FR,forecast_onshore_wind_generation,Wind Onshore,2026-08-23T09:57:02Z
2026-08-23T09:55:52Z,2026-08-23T11:55:52+0200,e9ed0e7a-f773-48fd-b5c3-626d89d5de64,2026-08-15T10:00:00Z,2026-08-15T12:00:00+0200,921.73999,MW,FR,FR,forecast_onshore_wind_generation,Wind Onshore,2026-08-23T09:57:02Z
2026-08-23T09:55:52Z,2026-08-23T11:55:52+0200,e9ed0e7a-f773-48fd-b5c3-626d89d5de64,2026-08-15T10:15:00Z,2026-08-15T12:15:00+0200,928.68994,MW,FR,FR,forecast_onshore_wind_generation,Wind Onshore,2026-08-23T09:57:02Z
2026-08-23T09:55:52Z,2026-08-23T11:55:52+0200,e9ed0e7a-f773-48fd-b5c3-626d89d5de64,2026-08-15T10:30:00Z,2026-08-15T12:30:00+0200,935.65997,MW,FR,FR,forecast_onshore_wind_generation,Wind Onshore,2026-08-23T09:57:02Z
2026-08-23T09:55:52Z,2026-08-23T11:55:52+0200,e9ed0e7a-f773-48fd-b5c3-626d89d5de64,2026-08-15T10:45:00Z,2026-08-15T12:45:00+0200,942.63995,MW,FR,FR,forecast_onshore_wind_generation,Wind Onshore,2026-08-23T09:57:02Z
2026-08-23T09:55:52Z,2026-08-23T11:55:52+0200,e9ed0e7a-f773-48fd-b5c3-626d89d5de64,2026-08-15T11:00:00Z,2026-08-15T13:00:00+0200,949.71002,MW,FR,FR,forecast_onshore_wind_generation,Wind Onshore,2026-08-23T09:57:02Z
2026-08-23T09:55:52Z,2026-08-23T11:55:52+0200,e9ed0e7a-f773-48fd-b5c3-626d89d5de64,2026-08-15T11:15:00Z,2026-08-15T13:15:00+0200,984.95996,MW,FR,FR,forecast_onshore_wind_generation,Wind Onshore,2026-08-23T09:57:02Z
2026-08-23T09:55:52Z,2026-08-23T11:55:52+0200,e9ed0e7a-f773-48fd-b5c3-626d89d5de64,2026-08-15T11:30:00Z,2026-08-15T13:30:00+0200,1020.40991,MW,FR,FR,forecast_onshore_wind_generation,Wind Onshore,2026-08-23T09:57:02Z
2026-08-23T09:55:52Z,2026-08-23T11:55:52+0200,e9ed0e7a-f773-48fd-b5c3-626d89d5de64,2026-08-15T11:45:00Z,2026-08-15T13:45:00+0200,1055.90002,MW,FR,FR,forecast_onshore_wind_generation,Wind Onshore,2026-08-23T09:57:02Z
2026-08-23T09:55:52Z,2026-08-23T11:55:52+0200,e9ed0e7a-f773-48fd-b5c3-626d89d5de64,2026-08-15T12:00:00Z,2026-08-15T14:00:00+0200,1091.45996,MW,FR,FR,forecast_onshore_wind_generation,Wind Onshore,2026-08-23T09:57:02Z
2026-08-23T09:55:52Z,2026-08-23T11:55:52+0200,e9ed0e7a-f773-48fd-b5c3-626d89d5de64,2026-08-15T12:15:00Z,2026-08-15T14:15:00+0200,1186.17004,MW,FR,FR,forecast_onshore_wind_generation,Wind Onshore,2026-08-23T09:57:02Z
2026-08-23T09:55:52Z,2026-08-23T11:55:52+0200,e9ed0e7a-f773-48fd-b5c3-626d89d5de64,2026-08-15T12:30:00Z,2026-08-15T14:30:00+0200,1280.91992,MW,FR,FR,forecast_onshore_wind_generation,Wind Onshore,2026-08-23T09:57:02Z
2026-08-23T09:55:52Z,2026-08-23T11:55:52+0200,e9ed0e7a-f773-48fd-b5c3-626d89d5de64,2026-08-15T12:45:00Z,2026-08-15T14:45:00+0200,1375.63,MW,FR,FR,forecast_onshore_wind_generation,Wind Onshore,2026-08-23T09:57:02Z
2026-08-23T09:55:52Z,2026-08-23T11:55:52+0200,e9ed0e7a-f773-48fd-b5c3-626d89d5de64,2026-08-15T13:00:00Z,2026-08-15T15:00:00+0200,1470.32007,MW,FR,FR,forecast_onshore_wind_generation,Wind Onshore,2026-08-23T09:57:02Z
2026-08-23T09:55:52Z,2026-08-23T11:55:52+0200,e9ed0e7a-f773-48fd-b5c3-626d89d5de64,2026-08-15T13:15:00Z,2026-08-15T15:15:00+0200,1498.64001,MW,FR,FR,forecast_onshore_wind_generation,Wind Onshore,2026-08-23T09:57:02Z
2026-08-23T09:55:52Z,2026-08-23T11:55:52+0200,e9ed0e7a-f773-48fd-b5c3-626d89d5de64,2026-08-15T13:30:00Z,2026-08-15T15:30:00+0200,1526.94995,MW,FR,FR,forecast_onshore_wind_generation,Wind Onshore,2026-08-23T09:57:02Z
2026-08-23T09:55:52Z,2026-08-23T11:55:52+0200,e9ed0e7a-f773-48fd-b5c3-626d89d5de64,2026-08-15T13:45:00Z,2026-08-15T15:45:00+0200,1555.16992,MW,FR,FR,forecast_onshore_wind_generation,Wind Onshore,2026-08-23T09:57:02Z
2026-08-23T09:55:52Z,2026-08-23T11:55:52+0200,e9ed0e7a-f773-48fd-b5c3-626d89d5de64,2026-08-15T14:00:00Z,2026-08-15T16:00:00+0200,1583.60999,MW,FR,FR,forecast_onshore_wind_generation,Wind Onshore,2026-08-23T09:57:02Z
2026-08-23T09:55:52Z,2026-08-23T11:55:52+0200,e9ed0e7a-f773-48fd-b5c3-626d89d5de64,2026-08-15T14:15:00Z,2026-08-15T16:15:00+0200,1654.63,MW,FR,FR,forecast_onshore_wind_generation,Wind Onshore,2026-08-23T09:57:02Z
2026-08-23T09:55:52Z,2026-08-23T11:55:52+0200,e9ed0e7a-f773-48fd-b5c3-626d89d5de64,2026-08-15T14:30:00Z,2026-08-15T16:30:00+0200,1725.83997,MW,FR,FR,forecast_onshore_wind_generation,Wind Onshore,2026-08-23T09:57:02Z
2026-08-23T09:55:52Z,2026-08-23T11:55:52+0200,e9ed0e7a-f773-48fd-b5c3-626d89d5de64,2026-08-15T14:45:00Z,2026-08-15T16:45:00+0200,1797.03015,MW,FR,FR,forecast_onshore_wind_generation,Wind Onshore,2026-08-23T09:57:02Z
2026-08-23T09:55:52Z,2026-08-23T11:55:52+0200,e9ed0e7a-f773-48fd-b5c3-626d89d5de64,2026-08-15T15:00:00Z,2026-08-15T17:00:00+0200,1868.25,MW,FR,FR,forecast_onshore_wind_generation,Wind Onshore,2026-08-23T09:57:02Z
2026-08-23T09:55:52Z,2026-08-23T11:55:52+0200,e9ed0e7a-f773-48fd-b5c3-626d89d5de64,2026-08-15T15:15:00Z,2026-08-15T17:15:00+0200,1966.13,MW,FR,FR,forecast_onshore_wind_generation,Wind Onshore,2026-08-23T09:57:02Z
2026-08-23T09:55:52Z,2026-08-23T11:55:52+0200,e9ed0e7a-f773-48fd-b5c3-626d89d5de64,2026-08-15T15:30:00Z,2026-08-15T17:30:00+0200,2064.08008,MW,FR,FR,forecast_onshore_wind_generation,Wind Onshore,2026-08-23T09:57:02Z
2026-08-23T09:55:52Z,2026-08-23T11:55:52+0200,e9ed0e7a-f773-48fd-b5c3-626d89d5de64,2026-08-15T15:45:00Z,2026-08-15T17:45:00+0200,2161.86987,MW,FR,FR,forecast_onshore_wind_generation,Wind Onshore,2026-08-23T09:57:02Z
2026-08-23T09:55:52Z,2026-08-23T11:55:52+0200,e9ed0e7a-f773-48fd-b5c3-626d89d5de64,2026-08-15T16:00:00Z,2026-08-15T18:00:00+0200,2259.67993,MW,FR,FR,forecast_onshore_wind_generation,Wind Onshore,2026-08-23T09:57:02Z
2026-08-23T09:55:52Z,2026-08-23T11:55:52+0200,e9ed0e7a-f773-48fd-b5c3-626d89d5de64,2026-08-15T16:15:00Z,2026-08-15T18:15:00+0200,2394.5,MW,FR,FR,forecast_onshore_wind_generation,Wind Onshore,2026-08-23T09:57:02Z
2026-08-23T09:55:52Z,2026-08-23T11:55:52+0200,e9ed0e7a-f773-48fd-b5c3-626d89d5de64,2026-08-15T16:30:00Z,2026-08-15T18:30:00+0200,2529.33008,MW,FR,FR,forecast_onshore_wind_generation,Wind Onshore,2026-08-23T09:57:02Z
2026-08-23T09:55:52Z,2026-08-23T11:55:52+0200,e9ed0e7a-f773-48fd-b5c3-626d89d5de64,2026-08-15T16:45:00Z,2026-08-15T18:45:00+0200,2664.11011,MW,FR,FR,forecast_onshore_wind_generation,Wind Onshore,2026-08-23T09:57:02Z
2026-08-23T09:55:52Z,2026-08-23T11:55:52+0200,e9ed0e7a-f773-48fd-b5c3-626d89d5de64,2026-08-15T17:00:00Z,2026-08-15T19:00:00+0200,2798.8999,MW,FR,FR,forecast_onshore_wind_generation,Wind Onshore,2026-08-23T09:57:02Z
2026-08-23T09:55:52Z,2026-08-23T11:55:52+0200,e9ed0e7a-f773-48fd-b5c3-626d89d5de64,2026-08-15T17:15:00Z,2026-08-15T19:15:00+0200,2865.35986,MW,FR,FR,forecast_onshore_wind_generation,Wind Onshore,2026-08-23T09:57:02Z
2026-08-23T09:55:52Z,2026-08-23T11:55:52+0200,e9ed0e7a-f773-48fd-b5c3-626d89d5de64,2026-08-15T17:30:00Z,2026-08-15T19:30:00+0200,2931.84009,MW,FR,FR,forecast_onshore_wind_generation,Wind Onshore,2026-08-23T09:57:02Z
2026-08-23T09:55:52Z,2026-08-23T11:55:52+0200,e9ed0e7a-f773-48fd-b5c3-626d89d5de64,2026-08-15T17:45:00Z,2026-08-15T19:45:00+0200,2998.20996,MW,FR,FR,forecast_onshore_wind_generation,Wind Onshore,2026-08-23T09:57:02Z
2026-08-23T09:55:52Z,2026-08-23T11:55:52+0200,e9ed0e7a-f773-48fd-b5c3-626d89d5de64,2026-08-15T18:00:00Z,2026-08-15T20:00:00+0200,3064.58008,MW,FR,FR,forecast_onshore_wind_generation,Wind Onshore,2026-08-23T09:57:02Z
2026-08-23T09:55:52Z,2026-08-23T11:55:52+0200,e9ed0e7a-f773-48fd-b5c3-626d89d5de64,2026-08-15T18:15:00Z,2026-08-15T20:15:00+0200,3189.63013,MW,FR,FR,forecast_onshore_wind_generation,Wind Onshore,2026-08-23T09:57:02Z
2026-08-23T09:55:52Z,2026-08-23T11:55:52+0200,e9ed0e7a-f773-48fd-b5c3-626d89d5de64,2026-08-15T18:30:00Z,2026-08-15T20:30:00+0200,3314.65015,MW,FR,FR,forecast_onshore_wind_generation,Wind Onshore,2026-08-23T09:57:02Z
2026-08-23T09:55:52Z,2026-08-23T11:55:52+0200,e9ed0e7a-f773-48fd-b5c3-626d89d5de64,2026-08-15T18:45:00Z,2026-08-15T20:45:00+0200,3439.62012,MW,FR,FR,forecast_onshore_wind_generation,Wind Onshore,2026-08-23T09:57:02Z
2026-08-23T09:55:52Z,2026-08-23T11:55:52+0200,e9ed0e7a-f773-48fd-b5c3-626d89d5de64,2026-08-15T19:00:00Z,2026-08-15T21:00:00+0200,3564.63037,MW,FR,FR,forecast_onshore_wind_generation,Wind Onshore,2026-08-23T09:57:02Z
2026-08-23T09:55:52Z,2026-08-23T11:55:52+0200,e9ed0e7a-f773-48fd-b5c3-626d89d5de64,2026-08-15T19:15:00Z,2026-08-15T21:15:00+0200,3675.11987,MW,FR,FR,forecast_onshore_wind_generation,Wind Onshore,2026-08-23T09:57:02Z
2026-08-23T09:55:52Z,2026-08-23T11:55:52+0200,e9ed0e7a-f773-48fd-b5c3-626d89d5de64,2026-08-15T19:30:00Z,2026-08-15T21:30:00+0200,3785.62012,MW,FR,FR,forecast_onshore_wind_generation,Wind Onshore,2026-08-23T09:57:02Z
2026-08-23T09:55:52Z,2026-08-23T11:55:52+0200,e9ed0e7a-f773-48fd-b5c3-626d89d5de64,2026-08-15T19:45:00Z,2026-08-15T21:45:00+0200,3896.25977,MW,FR,FR,forecast_onshore_wind_generation,Wind Onshore,2026-08-23T09:57:02Z
2026-08-23T09:55:52Z,2026-08-23T11:55:52+0200,e9ed0e7a-f773-48fd-b5c3-626d89d5de64,2026-08-15T20:00:00Z,2026-08-15T22:00:00+0200,4006.93994,MW,FR,FR,forecast_onshore_wind_generation,Wind Onshore,2026-08-23T09:57:02Z
2026-08-23T09:55:52Z,2026-08-23T11:55:52+0200,e9ed0e7a-f773-48fd-b5c3-626d89d5de64,2026-08-15T20:15:00Z,2026-08-15T22:15:00+0200,3973.78003,MW,FR,FR,forecast_onshore_wind_generation,Wind Onshore,2026-08-23T09:57:02Z
2026-08-23T09:55:52Z,2026-08-23T11:55:52+0200,e9ed0e7a-f773-48fd-b5c3-626d89d5de64,2026-08-15T20:30:00Z,2026-08-15T22:30:00+0200,3940.6499,MW,FR,FR,forecast_onshore_wind_generation,Wind Onshore,2026-08-23T09:57:02Z
2026-08-23T09:55:52Z,2026-08-23T11:55:52+0200,e9ed0e7a-f773-48fd-b5c3-626d89d5de64,2026-08-15T20:45:00Z,2026-08-15T22:45:00+0200,3907.65015,MW,FR,FR,forecast_onshore_wind_generation,Wind Onshore,2026-08-23T09:57:02Z
2026-08-23T09:55:52Z,2026-08-23T11:55:52+0200,e9ed0e7a-f773-48fd-b5c3-626d89d5de64,2026-08-15T21:00:00Z,2026-08-15T23:00:00+0200,3874.64014,MW,FR,FR,forecast_onshore_wind_generation,Wind Onshore,2026-08-23T09:57:02Z
2026-08-23T09:55:52Z,2026-08-23T11:55:52+0200,e9ed0e7a-f773-48fd-b5c3-626d89d5de64,2026-08-15T21:15:00Z,2026-08-15T23:15:00+0200,3846.80029,MW,FR,FR,forecast_onshore_wind_generation,Wind Onshore,2026-08-23T09:57:02Z
2026-08-23T09:55:52Z,2026-08-23T11:55:52+0200,e9ed0e7a-f773-48fd-b5c3-626d89d5de64,2026-08-15T21:30:00Z,2026-08-15T23:30:00+0200,3818.92969,MW,FR,FR,forecast_onshore_wind_generation,Wind Onshore,2026-08-23T09:57:02Z
2026-08-23T09:55:52Z,2026-08-23T11:55:52+0200,e9ed0e7a-f773-48fd-b5c3-626d89d5de64,2026-08-15T21:45:00Z,2026-08-15T23:45:00+0200,3791.15991,MW,FR,FR,forecast_onshore_wind_generation,Wind Onshore,2026-08-23T09:57:02Z
2026-08-23T09:55:52Z,2026-08-23T11:55:52+0200,e9ed0e7a-f773-48fd-b5c3-626d89d5de64,2026-08-15T22:00:00Z,2026-08-16T00:00:00+0200,3412.35986,MW,FR,FR,forecast_onshore_wind_generation,Wind Onshore,2026-08-23T09:57:02Z
2026-08-23T09:55:52Z,2026-08-23T11:55:52+0200,e9ed0e7a-f773-48fd-b5c3-626d89d5de64,2026-08-15T22:15:00Z,2026-08-16T00:15:00+0200,3372.86011,MW,FR,FR,forecast_onshore_wind_generation,Wind Onshore,2026-08-23T09:57:02Z
2026-08-23T09:55:52Z,2026-08-23T11:55:52+0200,e9ed0e7a-f773-48fd-b5c3-626d89d5de64,2026-08-15T22:30:00Z,2026-08-16T00:30:00+0200,3333.43018,MW,FR,FR,forecast_onshore_wind_generation,Wind Onshore,2026-08-23T09:57:02Z
2026-08-23T09:55:52Z,2026-08-23T11:55:52+0200,e9ed0e7a-f773-48fd-b5c3-626d89d5de64,2026-08-15T22:45:00Z,2026-08-16T00:45:00+0200,3294.79004,MW,FR,FR,forecast_onshore_wind_generation,Wind Onshore,2026-08-23T09:57:02Z
2026-08-23T09:55:52Z,2026-08-23T11:55:52+0200,e9ed0e7a-f773-48fd-b5c3-626d89d5de64,2026-08-15T23:00:00Z,2026-08-16T01:00:00+0200,3256.20996,MW,FR,FR,forecast_onshore_wind_generation,Wind Onshore,2026-08-23T09:57:02Z
2026-08-23T09:55:52Z,2026-08-23T11:55:52+0200,e9ed0e7a-f773-48fd-b5c3-626d89d5de64,2026-08-15T23:15:00Z,2026-08-16T01:15:00+0200,3152.41016,MW,FR,FR,forecast_onshore_wind_generation,Wind Onshore,2026-08-23T09:57:02Z
2026-08-23T09:55:52Z,2026-08-23T11:55:52+0200,e9ed0e7a-f773-48fd-b5c3-626d89d5de64,2026-08-15T23:30:00Z,2026-08-16T01:30:00+0200,3048.66992,MW,FR,FR,forecast_onshore_wind_generation,Wind Onshore,2026-08-23T09:57:02Z
2026-08-23T09:55:52Z,2026-08-23T11:55:52+0200,e9ed0e7a-f773-48fd-b5c3-626d89d5de64,2026-08-15T23:45:00Z,2026-08-16T01:45:00+0200,2945.25,MW,FR,FR,forecast_onshore_wind_generation,Wind Onshore,2026-08-23T09:57:02Z
2026-08-23T09:55:52Z,2026-08-23T11:55:52+0200,e9ed0e7a-f773-48fd-b5c3-626d89d5de64,2026-08-16T00:00:00Z,2026-08-16T02:00:00+0200,2841.81006,MW,FR,FR,forecast_onshore_wind_generation,Wind Onshore,2026-08-23T09:57:02Z
2026-08-23T09:55:52Z,2026-08-23T11:55:52+0200,e9ed0e7a-f773-48fd-b5c3-626d89d5de64,2026-08-16T00:15:00Z,2026-08-16T02:15:00+0200,2742.84009,MW,FR,FR,forecast_onshore_wind_generation,Wind Onshore,2026-08-23T09:57:02Z
2026-08-23T09:55:52Z,2026-08-23T11:55:52+0200,e9ed0e7a-f773-48fd-b5c3-626d89d5de64,2026-08-16T00:30:00Z,2026-08-16T02:30:00+0200,2643.87988,MW,FR,FR,forecast_onshore_wind_generation,Wind Onshore,2026-08-23T09:57:02Z
2026-08-23T09:55:52Z,2026-08-23T11:55:52+0200,e9ed0e7a-f773-48fd-b5c3-626d89d5de64,2026-08-16T00:45:00Z,2026-08-16T02:45:00+0200,2544.91992,MW,FR,FR,forecast_onshore_wind_generation,Wind Onshore,2026-08-23T09:57:02Z
2026-08-23T09:55:52Z,2026-08-23T11:55:52+0200,e9ed0e7a-f773-48fd-b5c3-626d89d5de64,2026-08-16T01:00:00Z,2026-08-16T03:00:00+0200,2446.2002,MW,FR,FR,forecast_onshore_wind_generation,Wind Onshore,2026-08-23T09:57:02Z
2026-08-23T09:55:52Z,2026-08-23T11:55:52+0200,e9ed0e7a-f773-48fd-b5c3-626d89d5de64,2026-08-16T01:15:00Z,2026-08-16T03:15:00+0200,2409.16016,MW,FR,FR,forecast_onshore_wind_generation,Wind Onshore,2026-08-23T09:57:02Z
2026-08-23T09:55:52Z,2026-08-23T11:55:52+0200,e9ed0e7a-f773-48fd-b5c3-626d89d5de64,2026-08-16T01:30:00Z,2026-08-16T03:30:00+0200,2372.30005,MW,FR,FR,forecast_onshore_wind_generation,Wind Onshore,2026-08-23T09:57:02Z
2026-08-23T09:55:52Z,2026-08-23T11:55:52+0200,e9ed0e7a-f773-48fd-b5c3-626d89d5de64,2026-08-16T01:45:00Z,2026-08-16T03:45:00+0200,2335.52002,MW,FR,FR,forecast_onshore_wind_generation,Wind Onshore,2026-08-23T09:57:02Z
2026-08-23T09:55:52Z,2026-08-23T11:55:52+0200,e9ed0e7a-f773-48fd-b5c3-626d89d5de64,2026-08-16T02:00:00Z,2026-08-16T04:00:00+0200,2298.77002,MW,FR,FR,forecast_onshore_wind_generation,Wind Onshore,2026-08-23T09:57:02Z
2026-08-23T09:55:52Z,2026-08-23T11:55:52+0200,e9ed0e7a-f773-48fd-b5c3-626d89d5de64,2026-08-16T02:15:00Z,2026-08-16T04:15:00+0200,2296.26001,MW,FR,FR,forecast_onshore_wind_generation,Wind Onshore,2026-08-23T09:57:02Z
2026-08-23T09:55:52Z,2026-08-23T11:55:52+0200,e9ed0e7a-f773-48fd-b5c3-626d89d5de64,2026-08-16T02:30:00Z,2026-08-16T04:30:00+0200,2293.75,MW,FR,FR,forecast_onshore_wind_generation,Wind Onshore,2026-08-23T09:57:02Z
2026-08-23T09:55:52Z,2026-08-23T11:55:52+0200,e9ed0e7a-f773-48fd-b5c3-626d89d5de64,2026-08-16T02:45:00Z,2026-08-16T04:45:00+0200,2291.1499,MW,FR,FR,forecast_onshore_wind_generation,Wind Onshore,2026-08-23T09:57:02Z
2026-08-23T09:55:52Z,2026-08-23T11:55:52+0200,e9ed0e7a-f773-48fd-b5c3-626d89d5de64,2026-08-16T03:00:00Z,2026-08-16T05:00:00+0200,2288.56006,MW,FR,FR,forecast_onshore_wind_generation,Wind Onshore,2026-08-23T09:57:02Z
2026-08-23T09:55:52Z,2026-08-23T11:55:52+0200,e9ed0e7a-f773-48fd-b5c3-626d89d5de64,2026-08-16T03:15:00Z,2026-08-16T05:15:00+0200,2264.23999,MW,FR,FR,forecast_onshore_wind_generation,Wind Onshore,2026-08-23T09:57:02Z
2026-08-23T09:55:52Z,2026-08-23T11:55:52+0200,e9ed0e7a-f773-48fd-b5c3-626d89d5de64,2026-08-16T03:30:00Z,2026-08-16T05:30:00+0200,2240.11011,MW,FR,FR,forecast_onshore_wind_generation,Wind Onshore,2026-08-23T09:57:02Z
2026-08-23T09:55:52Z,2026-08-23T11:55:52+0200,e9ed0e7a-f773-48fd-b5c3-626d89d5de64,2026-08-16T03:45:00Z,2026-08-16T05:45:00+0200,2216.20996,MW,FR,FR,forecast_onshore_wind_generation,Wind Onshore,2026-08-23T09:57:02Z
2026-08-23T09:55:52Z,2026-08-23T11:55:52+0200,e9ed0e7a-f773-48fd-b5c3-626d89d5de64,2026-08-16T04:00:00Z,2026-08-16T06:00:00+0200,2192.33008,MW,FR,FR,forecast_onshore_wind_generation,Wind Onshore,2026-08-23T09:57:02Z
2026-08-23T09:55:52Z,2026-08-23T11:55:52+0200,e9ed0e7a-f773-48fd-b5c3-626d89d5de64,2026-08-16T04:15:00Z,2026-08-16T06:15:00+0200,2158.21997,MW,FR,FR,forecast_onshore_wind_generation,Wind Onshore,2026-08-23T09:57:02Z
2026-08-23T09:55:52Z,2026-08-23T11:55:52+0200,e9ed0e7a-f773-48fd-b5c3-626d89d5de64,2026-08-16T04:30:00Z,2026-08-16T06:30:00+0200,2124.15991,MW,FR,FR,forecast_onshore_wind_generation,Wind Onshore,2026-08-23T09:57:02Z
2026-08-23T09:55:52Z,2026-08-23T11:55:52+0200,e9ed0e7a-f773-48fd-b5c3-626d89d5de64,2026-08-16T04:45:00Z,2026-08-16T06:45:00+0200,2090.42993,MW,FR,FR,forecast_onshore_wind_generation,Wind Onshore,2026-08-23T09:57:02Z
2026-08-23T09:55:52Z,2026-08-23T11:55:52+0200,e9ed0e7a-f773-48fd-b5c3-626d89d5de64,2026-08-16T05:00:00Z,2026-08-16T07:00:00+0200,2056.81006,MW,FR,FR,forecast_onshore_wind_generation,Wind Onshore,2026-08-23T09:57:02Z
2026-08-23T09:55:52Z,2026-08-23T11:55:52+0200,e9ed0e7a-f773-48fd-b5c3-626d89d5de64,2026-08-16T05:15:00Z,2026-08-16T07:15:00+0200,1985.2301,MW,FR,FR,forecast_onshore_wind_generation,Wind Onshore,2026-08-23T09:57:02Z
2026-08-23T09:55:52Z,2026-08-23T11:55:52+0200,e9ed0e7a-f773-48fd-b5c3-626d89d5de64,2026-08-16T05:30:00Z,2026-08-16T07:30:00+0200,1913.79004,MW,FR,FR,forecast_onshore_wind_generation,Wind Onshore,2026-08-23T09:57:02Z
2026-08-23T09:55:52Z,2026-08-23T11:55:52+0200,e9ed0e7a-f773-48fd-b5c3-626d89d5de64,2026-08-16T05:45:00Z,2026-08-16T07:45:00+0200,1842.63013,MW,FR,FR,forecast_onshore_wind_generation,Wind Onshore,2026-08-23T09:57:02Z
2026-08-23T09:55:52Z,2026-08-23T11:55:52+0200,e9ed0e7a-f773-48fd-b5c3-626d89d5de64,2026-08-16T06:00:00Z,2026-08-16T08:00:00+0200,1771.51001,MW,FR,FR,forecast_onshore_wind_generation,Wind Onshore,2026-08-23T09:57:02Z
2026-08-23T09:55:52Z,2026-08-23T11:55:52+0200,e9ed0e7a-f773-48fd-b5c3-626d89d5de64,2026-08-16T06:15:00Z,2026-08-16T08:15:00+0200,1596.43994,MW,FR,FR,forecast_onshore_wind_generation,Wind Onshore,2026-08-23T09:57:02Z
2026-08-23T09:55:52Z,2026-08-23T11:55:52+0200,e9ed0e7a-f773-48fd-b5c3-626d89d5de64,2026-08-16T06:30:00Z,2026-08-16T08:30:00+0200,1421.41003,MW,FR,FR,forecast_onshore_wind_generation,Wind Onshore,2026-08-23T09:57:02Z
2026-08-23T09:55:52Z,2026-08-23T11:55:52+0200,e9ed0e7a-f773-48fd-b5c3-626d89d5de64,2026-08-16T06:45:00Z,2026-08-16T08:45:00+0200,1246.59998,MW,FR,FR,forecast_onshore_wind_generation,Wind Onshore,2026-08-23T09:57:02Z
2026-08-23T09:55:52Z,2026-08-23T11:55:52+0200,e9ed0e7a-f773-48fd-b5c3-626d89d5de64,2026-08-16T07:00:00Z,2026-08-16T09:00:00+0200,1071.88,MW,FR,FR,forecast_onshore_wind_generation,Wind Onshore,2026-08-23T09:57:02Z
2026-08-23T09:55:52Z,2026-08-23T11:55:52+0200,e9ed0e7a-f773-48fd-b5c3-626d89d5de64,2026-08-16T07:15:00Z,2026-08-16T09:15:00+0200,1048.57996,MW,FR,FR,forecast_onshore_wind_generation,Wind Onshore,2026-08-23T09:57:02Z
2026-08-23T09:55:52Z,2026-08-23T11:55:52+0200,e9ed0e7a-f773-48fd-b5c3-626d89d5de64,2026-08-16T07:30:00Z,2026-08-16T09:30:00+0200,1025.31006,MW,FR,FR,forecast_onshore_wind_generation,Wind Onshore,2026-08-23T09:57:02Z
2026-08-23T09:55:52Z,2026-08-23T11:55:52+0200,e9ed0e7a-f773-48fd-b5c3-626d89d5de64,2026-08-16T07:45:00Z,2026-08-16T09:45:00+0200,1002.00006,MW,FR,FR,forecast_onshore_wind_generation,Wind Onshore,2026-08-23T09:57:02Z
2026-08-23T09:55:52Z,2026-08-23T11:55:52+0200,e9ed0e7a-f773-48fd-b5c3-626d89d5de64,2026-08-16T08:00:00Z,2026-08-16T10:00:00+0200,978.85999,MW,FR,FR,forecast_onshore_wind_generation,Wind Onshore,2026-08-23T09:57:02Z
2026-08-23T09:55:52Z,2026-08-23T11:55:52+0200,e9ed0e7a-f773-48fd-b5c3-626d89d5de64,2026-08-16T08:15:00Z,2026-08-16T10:15:00+0200,965.79004,MW,FR,FR,forecast_onshore_wind_generation,Wind Onshore,2026-08-23T09:57:02Z
2026-08-23T09:55:52Z,2026-08-23T11:55:52+0200,e9ed0e7a-f773-48fd-b5c3-626d89d5de64,2026-08-16T08:30:00Z,2026-08-16T10:30:00+0200,952.83997,MW,FR,FR,forecast_onshore_wind_generation,Wind Onshore,2026-08-23T09:57:02Z
2026-08-23T09:55:52Z,2026-08-23T11:55:52+0200,e9ed0e7a-f773-48fd-b5c3-626d89d5de64,2026-08-16T08:45:00Z,2026-08-16T10:45:00+0200,940.11005,MW,FR,FR,forecast_onshore_wind_generation,Wind Onshore,2026-08-23T09:57:02Z
2026-08-23T09:55:52Z,2026-08-23T11:55:52+0200,e9ed0e7a-f773-48fd-b5c3-626d89d5de64,2026-08-16T09:00:00Z,2026-08-16T11:00:00+0200,927.50006,MW,FR,FR,forecast_onshore_wind_generation,Wind Onshore,2026-08-23T09:57:02Z
2026-08-23T09:55:52Z,2026-08-23T11:55:52+0200,e9ed0e7a-f773-48fd-b5c3-626d89d5de64,2026-08-16T09:15:00Z,2026-08-16T11:15:00+0200,908.92004,MW,FR,FR,forecast_onshore_wind_generation,Wind Onshore,2026-08-23T09:57:02Z
2026-08-23T09:55:52Z,2026-08-23T11:55:52+0200,e9ed0e7a-f773-48fd-b5c3-626d89d5de64,2026-08-16T09:30:00Z,2026-08-16T11:30:00+0200,890.32996,MW,FR,FR,forecast_onshore_wind_generation,Wind Onshore,2026-08-23T09:57:02Z
2026-08-23T09:55:52Z,2026-08-23T11:55:52+0200,e9ed0e7a-f773-48fd-b5c3-626d89d5de64,2026-08-16T09:45:00Z,2026-08-16T11:45:00+0200,871.76996,MW,FR,FR,forecast_onshore_wind_generation,Wind Onshore,2026-08-23T09:57:02Z
2026-08-23T09:55:52Z,2026-08-23T11:55:52+0200,e9ed0e7a-f773-48fd-b5c3-626d89d5de64,2026-08-16T10:00:00Z,2026-08-16T12:00:00+0200,853.28003,MW,FR,FR,forecast_onshore_wind_generation,Wind Onshore,2026-08-23T09:57:02Z
2026-08-23T09:55:52Z,2026-08-23T11:55:52+0200,e9ed0e7a-f773-48fd-b5c3-626d89d5de64,2026-08-16T10:15:00Z,2026-08-16T12:15:00+0200,870.81006,MW,FR,FR,forecast_onshore_wind_generation,Wind Onshore,2026-08-23T09:57:02Z
2026-08-23T09:55:52Z,2026-08-23T11:55:52+0200,e9ed0e7a-f773-48fd-b5c3-626d89d5de64,2026-08-16T10:30:00Z,2026-08-16T12:30:00+0200,888.40997,MW,FR,FR,forecast_onshore_wind_generation,Wind Onshore,2026-08-23T09:57:02Z
2026-08-23T09:55:52Z,2026-08-23T11:55:52+0200,e9ed0e7a-f773-48fd-b5c3-626d89d5de64,2026-08-16T10:45:00Z,2026-08-16T12:45:00+0200,906.04999,MW,FR,FR,forecast_onshore_wind_generation,Wind Onshore,2026-08-23T09:57:02Z
2026-08-23T09:55:52Z,2026-08-23T11:55:52+0200,e9ed0e7a-f773-48fd-b5c3-626d89d5de64,2026-08-16T11:00:00Z,2026-08-16T13:00:00+0200,923.79993,MW,FR,FR,forecast_onshore_wind_generation,Wind Onshore,2026-08-23T09:57:02Z
2026-08-23T09:55:52Z,2026-08-23T11:55:52+0200,e9ed0e7a-f773-48fd-b5c3-626d89d5de64,2026-08-16T11:15:00Z,2026-08-16T13:15:00+0200,945.32001,MW,FR,FR,forecast_onshore_wind_generation,Wind Onshore,2026-08-23T09:57:02Z
2026-08-23T09:55:52Z,2026-08-23T11:55:52+0200,e9ed0e7a-f773-48fd-b5c3-626d89d5de64,2026-08-16T11:30:00Z,2026-08-16T13:30:00+0200,966.87994,MW,FR,FR,forecast_onshore_wind_generation,Wind Onshore,2026-08-23T09:57:02Z
2026-08-23T09:55:52Z,2026-08-23T11:55:52+0200,e9ed0e7a-f773-48fd-b5c3-626d89d5de64,2026-08-16T11:45:00Z,2026-08-16T13:45:00+0200,988.55005,MW,FR,FR,forecast_onshore_wind_generation,Wind Onshore,2026-08-23T09:57:02Z
2026-08-23T09:55:52Z,2026-08-23T11:55:52+0200,e9ed0e7a-f773-48fd-b5c3-626d89d5de64,2026-08-16T12:00:00Z,2026-08-16T14:00:00+0200,1010.20996,MW,FR,FR,forecast_onshore_wind_generation,Wind Onshore,2026-08-23T09:57:02Z
2026-08-23T09:55:52Z,2026-08-23T11:55:52+0200,e9ed0e7a-f773-48fd-b5c3-626d89d5de64,2026-08-16T12:15:00Z,2026-08-16T14:15:00+0200,1044.40991,MW,FR,FR,forecast_onshore_wind_generation,Wind Onshore,2026-08-23T09:57:02Z
2026-08-23T09:55:52Z,2026-08-23T11:55:52+0200,e9ed0e7a-f773-48fd-b5c3-626d89d5de64,2026-08-16T12:30:00Z,2026-08-16T14:30:00+0200,1078.6001,MW,FR,FR,forecast_onshore_wind_generation,Wind Onshore,2026-08-23T09:57:02Z
2026-08-23T09:55:52Z,2026-08-23T11:55:52+0200,e9ed0e7a-f773-48fd-b5c3-626d89d5de64,2026-08-16T12:45:00Z,2026-08-16T14:45:00+0200,1112.69995,MW,FR,FR,forecast_onshore_wind_generation,Wind Onshore,2026-08-23T09:57:02Z
2026-08-23T09:55:52Z,2026-08-23T11:55:52+0200,e9ed0e7a-f773-48fd-b5c3-626d89d5de64,2026-08-16T13:00:00Z,2026-08-16T15:00:00+0200,1146.78003,MW,FR,FR,forecast_onshore_wind_generation,Wind Onshore,2026-08-23T09:57:02Z
2026-08-23T09:55:52Z,2026-08-23T11:55:52+0200,e9ed0e7a-f773-48fd-b5c3-626d89d5de64,2026-08-16T13:15:00Z,2026-08-16T15:15:00+0200,1210.8501,MW,FR,FR,forecast_onshore_wind_generation,Wind Onshore,2026-08-23T09:57:02Z
2026-08-23T09:55:52Z,2026-08-23T11:55:52+0200,e9ed0e7a-f773-48fd-b5c3-626d89d5de64,2026-08-16T13:30:00Z,2026-08-16T15:30:00+0200,1274.95996,MW,FR,FR,forecast_onshore_wind_generation,Wind Onshore,2026-08-23T09:57:02Z
2026-08-23T09:55:52Z,2026-08-23T11:55:52+0200,e9ed0e7a-f773-48fd-b5c3-626d89d5de64,2026-08-16T13:45:00Z,2026-08-16T15:45:00+0200,1338.97998,MW,FR,FR,forecast_onshore_wind_generation,Wind Onshore,2026-08-23T09:57:02Z
2026-08-23T09:55:52Z,2026-08-23T11:55:52+0200,e9ed0e7a-f773-48fd-b5c3-626d89d5de64,2026-08-16T14:00:00Z,2026-08-16T16:00:00+0200,1403.03003,MW,FR,FR,forecast_onshore_wind_generation,Wind Onshore,2026-08-23T09:57:02Z
2026-08-23T09:55:52Z,2026-08-23T11:55:52+0200,e9ed0e7a-f773-48fd-b5c3-626d89d5de64,2026-08-16T14:15:00Z,2026-08-16T16:15:00+0200,1520.46997,MW,FR,FR,forecast_onshore_wind_generation,Wind Onshore,2026-08-23T09:57:02Z
2026-08-23T09:55:52Z,2026-08-23T11:55:52+0200,e9ed0e7a-f773-48fd-b5c3-626d89d5de64,2026-08-16T14:30:00Z,2026-08-16T16:30:00+0200,1637.8999,MW,FR,FR,forecast_onshore_wind_generation,Wind Onshore,2026-08-23T09:57:02Z
2026-08-23T09:55:52Z,2026-08-23T11:55:52+0200,e9ed0e7a-f773-48fd-b5c3-626d89d5de64,2026-08-16T14:45:00Z,2026-08-16T16:45:00+0200,1755.2699,MW,FR,FR,forecast_onshore_wind_generation,Wind Onshore,2026-08-23T09:57:02Z
2026-08-23T09:55:52Z,2026-08-23T11:55:52+0200,e9ed0e7a-f773-48fd-b5c3-626d89d5de64,2026-08-16T15:00:00Z,2026-08-16T17:00:00+0200,1872.61987,MW,FR,FR,forecast_onshore_wind_generation,Wind Onshore,2026-08-23T09:57:02Z
2026-08-23T09:55:52Z,2026-08-23T11:55:52+0200,e9ed0e7a-f773-48fd-b5c3-626d89d5de64,2026-08-16T15:15:00Z,2026-08-16T17:15:00+0200,1912.30994,MW,FR,FR,forecast_onshore_wind_generation,Wind Onshore,2026-08-23T09:57:02Z
2026-08-23T09:55:52Z,2026-08-23T11:55:52+0200,e9ed0e7a-f773-48fd-b5c3-626d89d5de64,2026-08-16T15:30:00Z,2026-08-16T17:30:00+0200,1952.02002,MW,FR,FR,forecast_onshore_wind_generation,Wind Onshore,2026-08-23T09:57:02Z
2026-08-23T09:55:52Z,2026-08-23T11:55:52+0200,e9ed0e7a-f773-48fd-b5c3-626d89d5de64,2026-08-16T15:45:00Z,2026-08-16T17:45:00+0200,1991.52991,MW,FR,FR,forecast_onshore_wind_generation,Wind Onshore,2026-08-23T09:57:02Z
2026-08-23T09:55:52Z,2026-08-23T11:55:52+0200,e9ed0e7a-f773-48fd-b5c3-626d89d5de64,2026-08-16T16:00:00Z,2026-08-16T18:00:00+0200,2031.1001,MW,FR,FR,forecast_onshore_wind_generation,Wind Onshore,2026-08-23T09:57:02Z
2026-08-23T09:55:52Z,2026-08-23T11:55:52+0200,e9ed0e7a-f773-48fd-b5c3-626d89d5de64,2026-08-16T16:15:00Z,2026-08-16T18:15:00+0200,2116.5,MW,FR,FR,forecast_onshore_wind_generation,Wind Onshore,2026-08-23T09:57:02Z
2026-08-23T09:55:52Z,2026-08-23T11:55:52+0200,e9ed0e7a-f773-48fd-b5c3-626d89d5de64,2026-08-16T16:30:00Z,2026-08-16T18:30:00+0200,2201.91992,MW,FR,FR,forecast_onshore_wind_generation,Wind Onshore,2026-08-23T09:57:02Z
2026-08-23T09:55:52Z,2026-08-23T11:55:52+0200,e9ed0e7a-f773-48fd-b5c3-626d89d5de64,2026-08-16T16:45:00Z,2026-08-16T18:45:00+0200,2287.31982,MW,FR,FR,forecast_onshore_wind_generation,Wind Onshore,2026-08-23T09:57:02Z
2026-08-23T09:55:52Z,2026-08-23T11:55:52+0200,e9ed0e7a-f773-48fd-b5c3-626d89d5de64,2026-08-16T17:00:00Z,2026-08-16T19:00:00+0200,2372.82007,MW,FR,FR,forecast_onshore_wind_generation,Wind Onshore,2026-08-23T09:57:02Z
2026-08-23T09:55:52Z,2026-08-23T11:55:52+0200,e9ed0e7a-f773-48fd-b5c3-626d89d5de64,2026-08-16T17:15:00Z,2026-08-16T19:15:00+0200,2408.67993,MW,FR,FR,forecast_onshore_wind_generation,Wind Onshore,2026-08-23T09:57:02Z
2026-08-23T09:55:52Z,2026-08-23T11:55:52+0200,e9ed0e7a-f773-48fd-b5c3-626d89d5de64,2026-08-16T17:30:00Z,2026-08-16T19:30:00+0200,2444.56982,MW,FR,FR,forecast_onshore_wind_generation,Wind Onshore,2026-08-23T09:57:02Z
2026-08-23T09:55:52Z,2026-08-23T11:55:52+0200,e9ed0e7a-f773-48fd-b5c3-626d89d5de64,2026-08-16T17:45:00Z,2026-08-16T19:45:00+0200,2480.31006,MW,FR,FR,forecast_onshore_wind_generation,Wind Onshore,2026-08-23T09:57:02Z
2026-08-23T09:55:52Z,2026-08-23T11:55:52+0200,e9ed0e7a-f773-48fd-b5c3-626d89d5de64,2026-08-16T18:00:00Z,2026-08-16T20:00:00+0200,2516.0498,MW,FR,FR,forecast_onshore_wind_generation,Wind Onshore,2026-08-23T09:57:02Z
2026-08-23T09:55:52Z,2026-08-23T11:55:52+0200,e9ed0e7a-f773-48fd-b5c3-626d89d5de64,2026-08-16T18:15:00Z,2026-08-16T20:15:00+0200,2542.46997,MW,FR,FR,forecast_onshore_wind_generation,Wind Onshore,2026-08-23T09:57:02Z
2026-08-23T09:55:52Z,2026-08-23T11:55:52+0200,e9ed0e7a-f773-48fd-b5c3-626d89d5de64,2026-08-16T18:30:00Z,2026-08-16T20:30:00+0200,2568.94995,MW,FR,FR,forecast_onshore_wind_generation,Wind Onshore,2026-08-23T09:57:02Z
2026-08-23T09:55:52Z,2026-08-23T11:55:52+0200,e9ed0e7a-f773-48fd-b5c3-626d89d5de64,2026-08-16T18:45:00Z,2026-08-16T20:45:00+0200,2595.33008,MW,FR,FR,forecast_onshore_wind_generation,Wind Onshore,2026-08-23T09:57:02Z
2026-08-23T09:55:52Z,2026-08-23T11:55:52+0200,e9ed0e7a-f773-48fd-b5c3-626d89d5de64,2026-08-16T19:00:00Z,2026-08-16T21:00:00+0200,2621.7002,MW,FR,FR,forecast_onshore_wind_generation,Wind Onshore,2026-08-23T09:57:02Z
2026-08-23T09:55:52Z,2026-08-23T11:55:52+0200,e9ed0e7a-f773-48fd-b5c3-626d89d5de64,2026-08-16T19:15:00Z,2026-08-16T21:15:00+0200,2684.51001,MW,FR,FR,forecast_onshore_wind_generation,Wind Onshore,2026-08-23T09:57:02Z
2026-08-23T09:55:52Z,2026-08-23T11:55:52+0200,e9ed0e7a-f773-48fd-b5c3-626d89d5de64,2026-08-16T19:30:00Z,2026-08-16T21:30:00+0200,2747.32983,MW,FR,FR,forecast_onshore_wind_generation,Wind Onshore,2026-08-23T09:57:02Z
2026-08-23T09:55:52Z,2026-08-23T11:55:52+0200,e9ed0e7a-f773-48fd-b5c3-626d89d5de64,2026-08-16T19:45:00Z,2026-08-16T21:45:00+0200,2810.31982,MW,FR,FR,forecast_onshore_wind_generation,Wind Onshore,2026-08-23T09:57:02Z
2026-08-23T09:55:52Z,2026-08-23T11:55:52+0200,e9ed0e7a-f773-48fd-b5c3-626d89d5de64,2026-08-16T20:00:00Z,2026-08-16T22:00:00+0200,2873.32007,MW,FR,FR,forecast_onshore_wind_generation,Wind Onshore,2026-08-23T09:57:02Z
2026-08-23T09:55:52Z,2026-08-23T11:55:52+0200,e9ed0e7a-f773-48fd-b5c3-626d89d5de64,2026-08-16T20:15:00Z,2026-08-16T22:15:00+0200,2897.0498,MW,FR,FR,forecast_onshore_wind_generation,Wind Onshore,2026-08-23T09:57:02Z
2026-08-23T09:55:52Z,2026-08-23T11:55:52+0200,e9ed0e7a-f773-48fd-b5c3-626d89d5de64,2026-08-16T20:30:00Z,2026-08-16T22:30:00+0200,2920.7998,MW,FR,FR,forecast_onshore_wind_generation,Wind Onshore,2026-08-23T09:57:02Z
2026-08-23T09:55:52Z,2026-08-23T11:55:52+0200,e9ed0e7a-f773-48fd-b5c3-626d89d5de64,2026-08-16T20:45:00Z,2026-08-16T22:45:00+0200,2944.62012,MW,FR,FR,forecast_onshore_wind_generation,Wind Onshore,2026-08-23T09:57:02Z
2026-08-23T09:55:52Z,2026-08-23T11:55:52+0200,e9ed0e7a-f773-48fd-b5c3-626d89d5de64,2026-08-16T21:00:00Z,2026-08-16T23:00:00+0200,2968.42993,MW,FR,FR,forecast_onshore_wind_generation,Wind Onshore,2026-08-23T09:57:02Z
2026-08-23T09:55:52Z,2026-08-23T11:55:52+0200,e9ed0e7a-f773-48fd-b5c3-626d89d5de64,2026-08-16T21:15:00Z,2026-08-16T23:15:00+0200,2938.52002,MW,FR,FR,forecast_onshore_wind_generation,Wind Onshore,2026-08-23T09:57:02Z
2026-08-23T09:55:52Z,2026-08-23T11:55:52+0200,e9ed0e7a-f773-48fd-b5c3-626d89d5de64,2026-08-16T21:30:00Z,2026-08-16T23:30:00+0200,2908.64014,MW,FR,FR,forecast_onshore_wind_generation,Wind Onshore,2026-08-23T09:57:02Z
2026-08-23T09:55:52Z,2026-08-23T11:55:52+0200,e9ed0e7a-f773-48fd-b5c3-626d89d5de64,2026-08-16T21:45:00Z,2026-08-16T23:45:00+0200,2878.81006,MW,FR,FR,forecast_onshore_wind_generation,Wind Onshore,2026-08-23T09:57:02Z
2026-08-23T09:55:52Z,2026-08-23T11:55:52+0200,e9ed0e7a-f773-48fd-b5c3-626d89d5de64,2026-08-16T22:00:00Z,2026-08-17T00:00:00+0200,2184.94995,MW,FR,FR,forecast_onshore_wind_generation,Wind Onshore,2026-08-23T09:57:02Z
2026-08-23T09:55:52Z,2026-08-23T11:55:52+0200,e9ed0e7a-f773-48fd-b5c3-626d89d5de64,2026-08-16T22:15:00Z,2026-08-17T00:15:00+0200,2167.98999,MW,FR,FR,forecast_onshore_wind_generation,Wind Onshore,2026-08-23T09:57:02Z
2026-08-23T09:55:52Z,2026-08-23T11:55:52+0200,e9ed0e7a-f773-48fd-b5c3-626d89d5de64,2026-08-16T22:30:00Z,2026-08-17T00:30:00+0200,2151.1001,MW,FR,FR,forecast_onshore_wind_generation,Wind Onshore,2026-08-23T09:57:02Z
2026-08-23T09:55:52Z,2026-08-23T11:55:52+0200,e9ed0e7a-f773-48fd-b5c3-626d89d5de64,2026-08-16T22:45:00Z,2026-08-17T00:45:00+0200,2134.09009,MW,FR,FR,forecast_onshore_wind_generation,Wind Onshore,2026-08-23T09:57:02Z
2026-08-23T09:55:52Z,2026-08-23T11:55:52+0200,e9ed0e7a-f773-48fd-b5c3-626d89d5de64,2026-08-16T23:00:00Z,2026-08-17T01:00:00+0200,2117.14014,MW,FR,FR,forecast_onshore_wind_generation,Wind Onshore,2026-08-23T09:57:02Z
2026-08-23T09:55:52Z,2026-08-23T11:55:52+0200,e9ed0e7a-f773-48fd-b5c3-626d89d5de64,2026-08-16T23:15:00Z,2026-08-17T01:15:00+0200,2102.34009,MW,FR,FR,forecast_onshore_wind_generation,Wind Onshore,2026-08-23T09:57:02Z
2026-08-23T09:55:52Z,2026-08-23T11:55:52+0200,e9ed0e7a-f773-48fd-b5c3-626d89d5de64,2026-08-16T23:30:00Z,2026-08-17T01:30:00+0200,2087.60986,MW,FR,FR,forecast_onshore_wind_generation,Wind Onshore,2026-08-23T09:57:02Z
2026-08-23T09:55:52Z,2026-08-23T11:55:52+0200,e9ed0e7a-f773-48fd-b5c3-626d89d5de64,2026-08-16T23:45:00Z,2026-08-17T01:45:00+0200,2072.90991,MW,FR,FR,forecast_onshore_wind_generation,Wind Onshore,2026-08-23T09:57:02Z
2026-08-23T09:55:52Z,2026-08-23T11:55:52+0200,e9ed0e7a-f773-48fd-b5c3-626d89d5de64,2026-08-17T00:00:00Z,2026-08-17T02:00:00+0200,2058.26001,MW,FR,FR,forecast_onshore_wind_generation,Wind Onshore,2026-08-23T09:57:02Z
2026-08-23T09:55:52Z,2026-08-23T11:55:52+0200,e9ed0e7a-f773-48fd-b5c3-626d89d5de64,2026-08-17T00:15:00Z,2026-08-17T02:15:00+0200,2029.41992,MW,FR,FR,forecast_onshore_wind_generation,Wind Onshore,2026-08-23T09:57:02Z
2026-08-23T09:55:52Z,2026-08-23T11:55:52+0200,e9ed0e7a-f773-48fd-b5c3-626d89d5de64,2026-08-17T00:30:00Z,2026-08-17T02:30:00+0200,2000.64001,MW,FR,FR,forecast_onshore_wind_generation,Wind Onshore,2026-08-23T09:57:02Z
2026-08-23T09:55:52Z,2026-08-23T11:55:52+0200,e9ed0e7a-f773-48fd-b5c3-626d89d5de64,2026-08-17T00:45:00Z,2026-08-17T02:45:00+0200,1971.91992,MW,FR,FR,forecast_onshore_wind_generation,Wind Onshore,2026-08-23T09:57:02Z
2026-08-23T09:55:52Z,2026-08-23T11:55:52+0200,e9ed0e7a-f773-48fd-b5c3-626d89d5de64,2026-08-17T01:00:00Z,2026-08-17T03:00:00+0200,1943.25012,MW,FR,FR,forecast_onshore_wind_generation,Wind Onshore,2026-08-23T09:57:02Z
2026-08-23T09:55:52Z,2026-08-23T11:55:52+0200,e9ed0e7a-f773-48fd-b5c3-626d89d5de64,2026-08-17T01:15:00Z,2026-08-17T03:15:00+0200,1930.78003,MW,FR,FR,forecast_onshore_wind_generation,Wind Onshore,2026-08-23T09:57:02Z
2026-08-23T09:55:52Z,2026-08-23T11:55:52+0200,e9ed0e7a-f773-48fd-b5c3-626d89d5de64,2026-08-17T01:30:00Z,2026-08-17T03:30:00+0200,1918.37988,MW,FR,FR,forecast_onshore_wind_generation,Wind Onshore,2026-08-23T09:57:02Z
2026-08-23T09:55:52Z,2026-08-23T11:55:52+0200,e9ed0e7a-f773-48fd-b5c3-626d89d5de64,2026-08-17T01:45:00Z,2026-08-17T03:45:00+0200,1906.02002,MW,FR,FR,forecast_onshore_wind_generation,Wind Onshore,2026-08-23T09:57:02Z
2026-08-23T09:55:52Z,2026-08-23T11:55:52+0200,e9ed0e7a-f773-48fd-b5c3-626d89d5de64,2026-08-17T02:00:00Z,2026-08-17T04:00:00+0200,1893.68994,MW,FR,FR,forecast_onshore_wind_generation,Wind Onshore,2026-08-23T09:57:02Z
2026-08-23T09:55:52Z,2026-08-23T11:55:52+0200,e9ed0e7a-f773-48fd-b5c3-626d89d5de64,2026-08-17T02:15:00Z,2026-08-17T04:15:00+0200,1877.16992,MW,FR,FR,forecast_onshore_wind_generation,Wind Onshore,2026-08-23T09:57:02Z
2026-08-23T09:55:52Z,2026-08-23T11:55:52+0200,e9ed0e7a-f773-48fd-b5c3-626d89d5de64,2026-08-17T02:30:00Z,2026-08-17T04:30:00+0200,1860.67004,MW,FR,FR,forecast_onshore_wind_generation,Wind Onshore,2026-08-23T09:57:02Z
2026-08-23T09:55:52Z,2026-08-23T11:55:52+0200,e9ed0e7a-f773-48fd-b5c3-626d89d5de64,2026-08-17T02:45:00Z,2026-08-17T04:45:00+0200,1844.09998,MW,FR,FR,forecast_onshore_wind_generation,Wind Onshore,2026-08-23T09:57:02Z
2026-08-23T09:55:52Z,2026-08-23T11:55:52+0200,e9ed0e7a-f773-48fd-b5c3-626d89d5de64,2026-08-17T03:00:00Z,2026-08-17T05:00:00+0200,1827.55994,MW,FR,FR,forecast_onshore_wind_generation,Wind Onshore,2026-08-23T09:57:02Z
2026-08-23T09:55:52Z,2026-08-23T11:55:52+0200,e9ed0e7a-f773-48fd-b5c3-626d89d5de64,2026-08-17T03:15:00Z,2026-08-17T05:15:00+0200,1824.30005,MW,FR,FR,forecast_onshore_wind_generation,Wind Onshore,2026-08-23T09:57:02Z
2026-08-23T09:55:52Z,2026-08-23T11:55:52+0200,e9ed0e7a-f773-48fd-b5c3-626d89d5de64,2026-08-17T03:30:00Z,2026-08-17T05:30:00+0200,1821.04004,MW,FR,FR,forecast_onshore_wind_generation,Wind Onshore,2026-08-23T09:57:02Z
2026-08-23T09:55:52Z,2026-08-23T11:55:52+0200,e9ed0e7a-f773-48fd-b5c3-626d89d5de64,2026-08-17T03:45:00Z,2026-08-17T05:45:00+0200,1817.85986,MW,FR,FR,forecast_onshore_wind_generation,Wind Onshore,2026-08-23T09:57:02Z
2026-08-23T09:55:52Z,2026-08-23T11:55:52+0200,e9ed0e7a-f773-48fd-b5c3-626d89d5de64,2026-08-17T04:00:00Z,2026-08-17T06:00:00+0200,1814.69995,MW,FR,FR,forecast_onshore_wind_generation,Wind Onshore,2026-08-23T09:57:02Z
2026-08-23T09:55:52Z,2026-08-23T11:55:52+0200,e9ed0e7a-f773-48fd-b5c3-626d89d5de64,2026-08-17T04:15:00Z,2026-08-17T06:15:00+0200,1837.98987,MW,FR,FR,forecast_onshore_wind_generation,Wind Onshore,2026-08-23T09:57:02Z
2026-08-23T09:55:52Z,2026-08-23T11:55:52+0200,e9ed0e7a-f773-48fd-b5c3-626d89d5de64,2026-08-17T04:30:00Z,2026-08-17T06:30:00+0200,1861.33008,MW,FR,FR,forecast_onshore_wind_generation,Wind Onshore,2026-08-23T09:57:02Z
2026-08-23T09:55:52Z,2026-08-23T11:55:52+0200,e9ed0e7a-f773-48fd-b5c3-626d89d5de64,2026-08-17T04:45:00Z,2026-08-17T06:45:00+0200,1884.44995,MW,FR,FR,forecast_onshore_wind_generation,Wind Onshore,2026-08-23T09:57:02Z
2026-08-23T09:55:52Z,2026-08-23T11:55:52+0200,e9ed0e7a-f773-48fd-b5c3-626d89d5de64,2026-08-17T05:00:00Z,2026-08-17T07:00:00+0200,1907.68005,MW,FR,FR,forecast_onshore_wind_generation,Wind Onshore,2026-08-23T09:57:02Z
2026-08-23T09:55:52Z,2026-08-23T11:55:52+0200,e9ed0e7a-f773-48fd-b5c3-626d89d5de64,2026-08-17T05:15:00Z,2026-08-17T07:15:00+0200,1910.65002,MW,FR,FR,forecast_onshore_wind_generation,Wind Onshore,2026-08-23T09:57:02Z
2026-08-23T09:55:52Z,2026-08-23T11:55:52+0200,e9ed0e7a-f773-48fd-b5c3-626d89d5de64,2026-08-17T05:30:00Z,2026-08-17T07:30:00+0200,1913.64001,MW,FR,FR,forecast_onshore_wind_generation,Wind Onshore,2026-08-23T09:57:02Z
2026-08-23T09:55:52Z,2026-08-23T11:55:52+0200,e9ed0e7a-f773-48fd-b5c3-626d89d5de64,2026-08-17T05:45:00Z,2026-08-17T07:45:00+0200,1916.7301,MW,FR,FR,forecast_onshore_wind_generation,Wind Onshore,2026-08-23T09:57:02Z
2026-08-23T09:55:52Z,2026-08-23T11:55:52+0200,e9ed0e7a-f773-48fd-b5c3-626d89d5de64,2026-08-17T06:00:00Z,2026-08-17T08:00:00+0200,1919.89001,MW,FR,FR,forecast_onshore_wind_generation,Wind Onshore,2026-08-23T09:57:02Z
2026-08-23T09:55:52Z,2026-08-23T11:55:52+0200,e9ed0e7a-f773-48fd-b5c3-626d89d5de64,2026-08-17T06:15:00Z,2026-08-17T08:15:00+0200,1765.57983,MW,FR,FR,forecast_onshore_wind_generation,Wind Onshore,2026-08-23T09:57:02Z
2026-08-23T09:55:52Z,2026-08-23T11:55:52+0200,e9ed0e7a-f773-48fd-b5c3-626d89d5de64,2026-08-17T06:30:00Z,2026-08-17T08:30:00+0200,1611.26001,MW,FR,FR,forecast_onshore_wind_generation,Wind Onshore,2026-08-23T09:57:02Z
2026-08-23T09:55:52Z,2026-08-23T11:55:52+0200,e9ed0e7a-f773-48fd-b5c3-626d89d5de64,2026-08-17T06:45:00Z,2026-08-17T08:45:00+0200,1456.94995,MW,FR,FR,forecast_onshore_wind_generation,Wind Onshore,2026-08-23T09:57:02Z
2026-08-23T09:55:52Z,2026-08-23T11:55:52+0200,e9ed0e7a-f773-48fd-b5c3-626d89d5de64,2026-08-17T07:00:00Z,2026-08-17T09:00:00+0200,1302.76001,MW,FR,FR,forecast_onshore_wind_generation,Wind Onshore,2026-08-23T09:57:02Z
2026-08-23T09:55:52Z,2026-08-23T11:55:52+0200,e9ed0e7a-f773-48fd-b5c3-626d89d5de64,2026-08-17T07:15:00Z,2026-08-17T09:15:00+0200,1319.67993,MW,FR,FR,forecast_onshore_wind_generation,Wind Onshore,2026-08-23T09:57:02Z
2026-08-23T09:55:52Z,2026-08-23T11:55:52+0200,e9ed0e7a-f773-48fd-b5c3-626d89d5de64,2026-08-17T07:30:00Z,2026-08-17T09:30:00+0200,1336.66992,MW,FR,FR,forecast_onshore_wind_generation,Wind Onshore,2026-08-23T09:57:02Z
2026-08-23T09:55:52Z,2026-08-23T11:55:52+0200,e9ed0e7a-f773-48fd-b5c3-626d89d5de64,2026-08-17T07:45:00Z,2026-08-17T09:45:00+0200,1353.81995,MW,FR,FR,forecast_onshore_wind_generation,Wind Onshore,2026-08-23T09:57:02Z
2026-08-23T09:55:52Z,2026-08-23T11:55:52+0200,e9ed0e7a-f773-48fd-b5c3-626d89d5de64,2026-08-17T08:00:00Z,2026-08-17T10:00:00+0200,1371.12,MW,FR,FR,forecast_onshore_wind_generation,Wind Onshore,2026-08-23T09:57:02Z
2026-08-23T09:55:52Z,2026-08-23T11:55:52+0200,e9ed0e7a-f773-48fd-b5c3-626d89d5de64,2026-08-17T08:15:00Z,2026-08-17T10:15:00+0200,1424.39001,MW,FR,FR,forecast_onshore_wind_generation,Wind Onshore,2026-08-23T09:57:02Z
2026-08-23T09:55:52Z,2026-08-23T11:55:52+0200,e9ed0e7a-f773-48fd-b5c3-626d89d5de64,2026-08-17T08:30:00Z,2026-08-17T10:30:00+0200,1477.75,MW,FR,FR,forecast_onshore_wind_generation,Wind Onshore,2026-08-23T09:57:02Z
2026-08-23T09:55:52Z,2026-08-23T11:55:52+0200,e9ed0e7a-f773-48fd-b5c3-626d89d5de64,2026-08-17T08:45:00Z,2026-08-17T10:45:00+0200,1531.13,MW,FR,FR,forecast_onshore_wind_generation,Wind Onshore,2026-08-23T09:57:02Z
2026-08-23T09:55:52Z,2026-08-23T11:55:52+0200,e9ed0e7a-f773-48fd-b5c3-626d89d5de64,2026-08-17T09:00:00Z,2026-08-17T11:00:00+0200,1584.51001,MW,FR,FR,forecast_onshore_wind_generation,Wind Onshore,2026-08-23T09:57:02Z
2026-08-23T09:55:52Z,2026-08-23T11:55:52+0200,e9ed0e7a-f773-48fd-b5c3-626d89d5de64,2026-08-17T09:15:00Z,2026-08-17T11:15:00+0200,1670.51001,MW,FR,FR,forecast_onshore_wind_generation,Wind Onshore,2026-08-23T09:57:02Z
2026-08-23T09:55:52Z,2026-08-23T11:55:52+0200,e9ed0e7a-f773-48fd-b5c3-626d89d5de64,2026-08-17T09:30:00Z,2026-08-17T11:30:00+0200,1756.60999,MW,FR,FR,forecast_onshore_wind_generation,Wind Onshore,2026-08-23T09:57:02Z
2026-08-23T09:55:52Z,2026-08-23T11:55:52+0200,e9ed0e7a-f773-48fd-b5c3-626d89d5de64,2026-08-17T09:45:00Z,2026-08-17T11:45:00+0200,1842.79004,MW,FR,FR,forecast_onshore_wind_generation,Wind Onshore,2026-08-23T09:57:02Z
2026-08-23T09:55:52Z,2026-08-23T11:55:52+0200,e9ed0e7a-f773-48fd-b5c3-626d89d5de64,2026-08-17T10:00:00Z,2026-08-17T12:00:00+0200,1928.96008,MW,FR,FR,forecast_onshore_wind_generation,Wind Onshore,2026-08-23T09:57:02Z
2026-08-23T09:55:52Z,2026-08-23T11:55:52+0200,e9ed0e7a-f773-48fd-b5c3-626d89d5de64,2026-08-17T10:15:00Z,2026-08-17T12:15:00+0200,2037.8999,MW,FR,FR,forecast_onshore_wind_generation,Wind Onshore,2026-08-23T09:57:02Z
2026-08-23T09:55:52Z,2026-08-23T11:55:52+0200,e9ed0e7a-f773-48fd-b5c3-626d89d5de64,2026-08-17T10:30:00Z,2026-08-17T12:30:00+0200,2146.83984,MW,FR,FR,forecast_onshore_wind_generation,Wind Onshore,2026-08-23T09:57:02Z
2026-08-23T09:55:52Z,2026-08-23T11:55:52+0200,e9ed0e7a-f773-48fd-b5c3-626d89d5de64,2026-08-17T10:45:00Z,2026-08-17T12:45:00+0200,2255.75,MW,FR,FR,forecast_onshore_wind_generation,Wind Onshore,2026-08-23T09:57:02Z
2026-08-23T09:55:52Z,2026-08-23T11:55:52+0200,e9ed0e7a-f773-48fd-b5c3-626d89d5de64,2026-08-17T11:00:00Z,2026-08-17T13:00:00+0200,2364.69995,MW,FR,FR,forecast_onshore_wind_generation,Wind Onshore,2026-08-23T09:57:02Z
2026-08-23T09:55:52Z,2026-08-23T11:55:52+0200,e9ed0e7a-f773-48fd-b5c3-626d89d5de64,2026-08-17T11:15:00Z,2026-08-17T13:15:00+0200,2497.16992,MW,FR,FR,forecast_onshore_wind_generation,Wind Onshore,2026-08-23T09:57:02Z
2026-08-23T09:55:52Z,2026-08-23T11:55:52+0200,e9ed0e7a-f773-48fd-b5c3-626d89d5de64,2026-08-17T11:30:00Z,2026-08-17T13:30:00+0200,2629.66992,MW,FR,FR,forecast_onshore_wind_generation,Wind Onshore,2026-08-23T09:57:02Z
2026-08-23T09:55:52Z,2026-08-23T11:55:52+0200,e9ed0e7a-f773-48fd-b5c3-626d89d5de64,2026-08-17T11:45:00Z,2026-08-17T13:45:00+0200,2762.16992,MW,FR,FR,forecast_onshore_wind_generation,Wind Onshore,2026-08-23T09:57:02Z
2026-08-23T09:55:52Z,2026-08-23T11:55:52+0200,e9ed0e7a-f773-48fd-b5c3-626d89d5de64,2026-08-17T12:00:00Z,2026-08-17T14:00:00+0200,2894.68994,MW,FR,FR,forecast_onshore_wind_generation,Wind Onshore,2026-08-23T09:57:02Z
2026-08-23T09:55:52Z,2026-08-23T11:55:52+0200,e9ed0e7a-f773-48fd-b5c3-626d89d5de64,2026-08-17T12:15:00Z,2026-08-17T14:15:00+0200,3041.07007,MW,FR,FR,forecast_onshore_wind_generation,Wind Onshore,2026-08-23T09:57:02Z
2026-08-23T09:55:52Z,2026-08-23T11:55:52+0200,e9ed0e7a-f773-48fd-b5c3-626d89d5de64,2026-08-17T12:30:00Z,2026-08-17T14:30:00+0200,3187.60986,MW,FR,FR,forecast_onshore_wind_generation,Wind Onshore,2026-08-23T09:57:02Z
2026-08-23T09:55:52Z,2026-08-23T11:55:52+0200,e9ed0e7a-f773-48fd-b5c3-626d89d5de64,2026-08-17T12:45:00Z,2026-08-17T14:45:00+0200,3334.25,MW,FR,FR,forecast_onshore_wind_generation,Wind Onshore,2026-08-23T09:57:02Z
2026-08-23T09:55:52Z,2026-08-23T11:55:52+0200,e9ed0e7a-f773-48fd-b5c3-626d89d5de64,2026-08-17T13:00:00Z,2026-08-17T15:00:00+0200,3480.8999,MW,FR,FR,forecast_onshore_wind_generation,Wind Onshore,2026-08-23T09:57:02Z
2026-08-23T09:55:52Z,2026-08-23T11:55:52+0200,e9ed0e7a-f773-48fd-b5c3-626d89d5de64,2026-08-17T13:15:00Z,2026-08-17T15:15:00+0200,3625.5,MW,FR,FR,forecast_onshore_wind_generation,Wind Onshore,2026-08-23T09:57:02Z
2026-08-23T09:55:52Z,2026-08-23T11:55:52+0200,e9ed0e7a-f773-48fd-b5c3-626d89d5de64,2026-08-17T13:30:00Z,2026-08-17T15:30:00+0200,3770.11011,MW,FR,FR,forecast_onshore_wind_generation,Wind Onshore,2026-08-23T09:57:02Z
2026-08-23T09:55:52Z,2026-08-23T11:55:52+0200,e9ed0e7a-f773-48fd-b5c3-626d89d5de64,2026-08-17T13:45:00Z,2026-08-17T15:45:00+0200,3914.70996,MW,FR,FR,forecast_onshore_wind_generation,Wind Onshore,2026-08-23T09:57:02Z
2026-08-23T09:55:52Z,2026-08-23T11:55:52+0200,e9ed0e7a-f773-48fd-b5c3-626d89d5de64,2026-08-17T14:00:00Z,2026-08-17T16:00:00+0200,4059.28027,MW,FR,FR,forecast_onshore_wind_generation,Wind Onshore,2026-08-23T09:57:02Z
2026-08-23T09:55:52Z,2026-08-23T11:55:52+0200,e9ed0e7a-f773-48fd-b5c3-626d89d5de64,2026-08-17T14:15:00Z,2026-08-17T16:15:00+0200,4177.68994,MW,FR,FR,forecast_onshore_wind_generation,Wind Onshore,2026-08-23T09:57:02Z
2026-08-23T09:55:52Z,2026-08-23T11:55:52+0200,e9ed0e7a-f773-48fd-b5c3-626d89d5de64,2026-08-17T14:30:00Z,2026-08-17T16:30:00+0200,4296.1001,MW,FR,FR,forecast_onshore_wind_generation,Wind Onshore,2026-08-23T09:57:02Z
2026-08-23T09:55:52Z,2026-08-23T11:55:52+0200,e9ed0e7a-f773-48fd-b5c3-626d89d5de64,2026-08-17T14:45:00Z,2026-08-17T16:45:00+0200,4414.55029,MW,FR,FR,forecast_onshore_wind_generation,Wind Onshore,2026-08-23T09:57:02Z
2026-08-23T09:55:52Z,2026-08-23T11:55:52+0200,e9ed0e7a-f773-48fd-b5c3-626d89d5de64,2026-08-17T15:00:00Z,2026-08-17T17:00:00+0200,4533.00977,MW,FR,FR,forecast_onshore_wind_generation,Wind Onshore,2026-08-23T09:57:02Z
2026-08-23T09:55:52Z,2026-08-23T11:55:52+0200,e9ed0e7a-f773-48fd-b5c3-626d89d5de64,2026-08-17T15:15:00Z,2026-08-17T17:15:00+0200,4620.06006,MW,FR,FR,forecast_onshore_wind_generation,Wind Onshore,2026-08-23T09:57:02Z
2026-08-23T09:55:52Z,2026-08-23T11:55:52+0200,e9ed0e7a-f773-48fd-b5c3-626d89d5de64,2026-08-17T15:30:00Z,2026-08-17T17:30:00+0200,4707.12988,MW,FR,FR,forecast_onshore_wind_generation,Wind Onshore,2026-08-23T09:57:02Z
2026-08-23T09:55:52Z,2026-08-23T11:55:52+0200,e9ed0e7a-f773-48fd-b5c3-626d89d5de64,2026-08-17T15:45:00Z,2026-08-17T17:45:00+0200,4794.16016,MW,FR,FR,forecast_onshore_wind_generation,Wind Onshore,2026-08-23T09:57:02Z
2026-08-23T09:55:52Z,2026-08-23T11:55:52+0200,e9ed0e7a-f773-48fd-b5c3-626d89d5de64,2026-08-17T16:00:00Z,2026-08-17T18:00:00+0200,4881.20996,MW,FR,FR,forecast_onshore_wind_generation,Wind Onshore,2026-08-23T09:57:02Z
2026-08-23T09:55:52Z,2026-08-23T11:55:52+0200,e9ed0e7a-f773-48fd-b5c3-626d89d5de64,2026-08-17T16:15:00Z,2026-08-17T18:15:00+0200,4862.66992,MW,FR,FR,forecast_onshore_wind_generation,Wind Onshore,2026-08-23T09:57:02Z
2026-08-23T09:55:52Z,2026-08-23T11:55:52+0200,e9ed0e7a-f773-48fd-b5c3-626d89d5de64,2026-08-17T16:30:00Z,2026-08-17T18:30:00+0200,4844.12012,MW,FR,FR,forecast_onshore_wind_generation,Wind Onshore,2026-08-23T09:57:02Z
2026-08-23T09:55:52Z,2026-08-23T11:55:52+0200,e9ed0e7a-f773-48fd-b5c3-626d89d5de64,2026-08-17T16:45:00Z,2026-08-17T18:45:00+0200,4825.62012,MW,FR,FR,forecast_onshore_wind_generation,Wind Onshore,2026-08-23T09:57:02Z
2026-08-23T09:55:52Z,2026-08-23T11:55:52+0200,e9ed0e7a-f773-48fd-b5c3-626d89d5de64,2026-08-17T17:00:00Z,2026-08-17T19:00:00+0200,4807.11035,MW,FR,FR,forecast_onshore_wind_generation,Wind Onshore,2026-08-23T09:57:02Z
2026-08-23T09:55:52Z,2026-08-23T11:55:52+0200,e9ed0e7a-f773-48fd-b5c3-626d89d5de64,2026-08-17T17:15:00Z,2026-08-17T19:15:00+0200,4653.58008,MW,FR,FR,forecast_onshore_wind_generation,Wind Onshore,2026-08-23T09:57:02Z
2026-08-23T09:55:52Z,2026-08-23T11:55:52+0200,e9ed0e7a-f773-48fd-b5c3-626d89d5de64,2026-08-17T17:30:00Z,2026-08-17T19:30:00+0200,4500.08984,MW,FR,FR,forecast_onshore_wind_generation,Wind Onshore,2026-08-23T09:57:02Z
2026-08-23T09:55:52Z,2026-08-23T11:55:52+0200,e9ed0e7a-f773-48fd-b5c3-626d89d5de64,2026-08-17T17:45:00Z,2026-08-17T19:45:00+0200,4346.60986,MW,FR,FR,forecast_onshore_wind_generation,Wind Onshore,2026-08-23T09:57:02Z
2026-08-23T09:55:52Z,2026-08-23T11:55:52+0200,e9ed0e7a-f773-48fd-b5c3-626d89d5de64,2026-08-17T18:00:00Z,2026-08-17T20:00:00+0200,4193.1001,MW,FR,FR,forecast_onshore_wind_generation,Wind Onshore,2026-08-23T09:57:02Z
2026-08-23T09:55:52Z,2026-08-23T11:55:52+0200,e9ed0e7a-f773-48fd-b5c3-626d89d5de64,2026-08-17T18:15:00Z,2026-08-17T20:15:00+0200,4040.8999,MW,FR,FR,forecast_onshore_wind_generation,Wind Onshore,2026-08-23T09:57:02Z
2026-08-23T09:55:52Z,2026-08-23T11:55:52+0200,e9ed0e7a-f773-48fd-b5c3-626d89d5de64,2026-08-17T18:30:00Z,2026-08-17T20:30:00+0200,3888.65967,MW,FR,FR,forecast_onshore_wind_generation,Wind Onshore,2026-08-23T09:57:02Z
2026-08-23T09:55:52Z,2026-08-23T11:55:52+0200,e9ed0e7a-f773-48fd-b5c3-626d89d5de64,2026-08-17T18:45:00Z,2026-08-17T20:45:00+0200,3736.40991,MW,FR,FR,forecast_onshore_wind_generation,Wind Onshore,2026-08-23T09:57:02Z
2026-08-23T09:55:52Z,2026-08-23T11:55:52+0200,e9ed0e7a-f773-48fd-b5c3-626d89d5de64,2026-08-17T19:00:00Z,2026-08-17T21:00:00+0200,3584.18994,MW,FR,FR,forecast_onshore_wind_generation,Wind Onshore,2026-08-23T09:57:02Z
2026-08-23T09:55:52Z,2026-08-23T11:55:52+0200,e9ed0e7a-f773-48fd-b5c3-626d89d5de64,2026-08-17T19:15:00Z,2026-08-17T21:15:00+0200,3564.07007,MW,FR,FR,forecast_onshore_wind_generation,Wind Onshore,2026-08-23T09:57:02Z
2026-08-23T09:55:52Z,2026-08-23T11:55:52+0200,e9ed0e7a-f773-48fd-b5c3-626d89d5de64,2026-08-17T19:30:00Z,2026-08-17T21:30:00+0200,3543.9502,MW,FR,FR,forecast_onshore_wind_generation,Wind Onshore,2026-08-23T09:57:02Z
2026-08-23T09:55:52Z,2026-08-23T11:55:52+0200,e9ed0e7a-f773-48fd-b5c3-626d89d5de64,2026-08-17T19:45:00Z,2026-08-17T21:45:00+0200,3523.73975,MW,FR,FR,forecast_onshore_wind_generation,Wind Onshore,2026-08-23T09:57:02Z
2026-08-23T09:55:52Z,2026-08-23T11:55:52+0200,e9ed0e7a-f773-48fd-b5c3-626d89d5de64,2026-08-17T20:00:00Z,2026-08-17T22:00:00+0200,3503.53003,MW,FR,FR,forecast_onshore_wind_generation,Wind Onshore,2026-08-23T09:57:02Z
2026-08-23T09:55:52Z,2026-08-23T11:55:52+0200,e9ed0e7a-f773-48fd-b5c3-626d89d5de64,2026-08-17T20:15:00Z,2026-08-17T22:15:00+0200,3467.67993,MW,FR,FR,forecast_onshore_wind_generation,Wind Onshore,2026-08-23T09:57:02Z
2026-08-23T09:55:52Z,2026-08-23T11:55:52+0200,e9ed0e7a-f773-48fd-b5c3-626d89d5de64,2026-08-17T20:30:00Z,2026-08-17T22:30:00+0200,3431.83984,MW,FR,FR,forecast_onshore_wind_generation,Wind Onshore,2026-08-23T09:57:02Z
2026-08-23T09:55:52Z,2026-08-23T11:55:52+0200,e9ed0e7a-f773-48fd-b5c3-626d89d5de64,2026-08-17T20:45:00Z,2026-08-17T22:45:00+0200,3396.05029,MW,FR,FR,forecast_onshore_wind_generation,Wind Onshore,2026-08-23T09:57:02Z
2026-08-23T09:55:52Z,2026-08-23T11:55:52+0200,e9ed0e7a-f773-48fd-b5c3-626d89d5de64,2026-08-17T21:00:00Z,2026-08-17T23:00:00+0200,3360.27002,MW,FR,FR,forecast_onshore_wind_generation,Wind Onshore,2026-08-23T09:57:02Z
2026-08-23T09:55:52Z,2026-08-23T11:55:52+0200,e9ed0e7a-f773-48fd-b5c3-626d89d5de64,2026-08-17T21:15:00Z,2026-08-17T23:15:00+0200,3336.86011,MW,FR,FR,forecast_onshore_wind_generation,Wind Onshore,2026-08-23T09:57:02Z
2026-08-23T09:55:52Z,2026-08-23T11:55:52+0200,e9ed0e7a-f773-48fd-b5c3-626d89d5de64,2026-08-17T21:30:00Z,2026-08-17T23:30:00+0200,3313.45996,MW,FR,FR,forecast_onshore_wind_generation,Wind Onshore,2026-08-23T09:57:02Z
2026-08-23T09:55:52Z,2026-08-23T11:55:52+0200,e9ed0e7a-f773-48fd-b5c3-626d89d5de64,2026-08-17T21:45:00Z,2026-08-17T23:45:00+0200,3290.03979,MW,FR,FR,forecast_onshore_wind_generation,Wind Onshore,2026-08-23T09:57:02Z
2026-08-23T09:55:52Z,2026-08-23T11:55:52+0200,e9ed0e7a-f773-48fd-b5c3-626d89d5de64,2026-08-17T22:00:00Z,2026-08-18T00:00:00+0200,2996.56006,MW,FR,FR,forecast_onshore_wind_generation,Wind Onshore,2026-08-23T09:57:02Z
2026-08-23T09:55:52Z,2026-08-23T11:55:52+0200,e9ed0e7a-f773-48fd-b5c3-626d89d5de64,2026-08-17T22:15:00Z,2026-08-18T00:15:00+0200,2957.07983,MW,FR,FR,forecast_onshore_wind_generation,Wind Onshore,2026-08-23T09:57:02Z
2026-08-23T09:55:52Z,2026-08-23T11:55:52+0200,e9ed0e7a-f773-48fd-b5c3-626d89d5de64,2026-08-17T22:30:00Z,2026-08-18T00:30:00+0200,2917.94995,MW,FR,FR,forecast_onshore_wind_generation,Wind Onshore,2026-08-23T09:57:02Z
2026-08-23T09:55:52Z,2026-08-23T11:55:52+0200,e9ed0e7a-f773-48fd-b5c3-626d89d5de64,2026-08-17T22:45:00Z,2026-08-18T00:45:00+0200,2879.05005,MW,FR,FR,forecast_onshore_wind_generation,Wind Onshore,2026-08-23T09:57:02Z
2026-08-23T09:55:52Z,2026-08-23T11:55:52+0200,e9ed0e7a-f773-48fd-b5c3-626d89d5de64,2026-08-17T23:00:00Z,2026-08-18T01:00:00+0200,2840.30005,MW,FR,FR,forecast_onshore_wind_generation,Wind Onshore,2026-08-23T09:57:02Z
2026-08-23T09:55:52Z,2026-08-23T11:55:52+0200,e9ed0e7a-f773-48fd-b5c3-626d89d5de64,2026-08-17T23:15:00Z,2026-08-18T01:15:00+0200,2836.5,MW,FR,FR,forecast_onshore_wind_generation,Wind Onshore,2026-08-23T09:57:02Z
2026-08-23T09:55:52Z,2026-08-23T11:55:52+0200,e9ed0e7a-f773-48fd-b5c3-626d89d5de64,2026-08-17T23:30:00Z,2026-08-18T01:30:00+0200,2833.79004,MW,FR,FR,forecast_onshore_wind_generation,Wind Onshore,2026-08-23T09:57:02Z
2026-08-23T09:55:52Z,2026-08-23T11:55:52+0200,e9ed0e7a-f773-48fd-b5c3-626d89d5de64,2026-08-17T23:45:00Z,2026-08-18T01:45:00+0200,2831.48975,MW,FR,FR,forecast_onshore_wind_generation,Wind Onshore,2026-08-23T09:57:02Z
2026-08-23T09:55:52Z,2026-08-23T11:55:52+0200,e9ed0e7a-f773-48fd-b5c3-626d89d5de64,2026-08-18T00:00:00Z,2026-08-18T02:00:00+0200,2829.37012,MW,FR,FR,forecast_onshore_wind_generation,Wind Onshore,2026-08-23T09:57:02Z
2026-08-23T09:55:52Z,2026-08-23T11:55:52+0200,e9ed0e7a-f773-48fd-b5c3-626d89d5de64,2026-08-18T00:15:00Z,2026-08-18T02:15:00+0200,2856.30005,MW,FR,FR,forecast_onshore_wind_generation,Wind Onshore,2026-08-23T09:57:02Z
2026-08-23T09:55:52Z,2026-08-23T11:55:52+0200,e9ed0e7a-f773-48fd-b5c3-626d89d5de64,2026-08-18T00:30:00Z,2026-08-18T02:30:00+0200,2883.3999,MW,FR,FR,forecast_onshore_wind_generation,Wind Onshore,2026-08-23T09:57:02Z
2026-08-23T09:55:52Z,2026-08-23T11:55:52+0200,e9ed0e7a-f773-48fd-b5c3-626d89d5de64,2026-08-18T00:45:00Z,2026-08-18T02:45:00+0200,2910.5,MW,FR,FR,forecast_onshore_wind_generation,Wind Onshore,2026-08-23T09:57:02Z
2026-08-23T09:55:52Z,2026-08-23T11:55:52+0200,e9ed0e7a-f773-48fd-b5c3-626d89d5de64,2026-08-18T01:00:00Z,2026-08-18T03:00:00+0200,2937.6001,MW,FR,FR,forecast_onshore_wind_generation,Wind Onshore,2026-08-23T09:57:02Z
2026-08-23T09:55:52Z,2026-08-23T11:55:52+0200,e9ed0e7a-f773-48fd-b5c3-626d89d5de64,2026-08-18T01:15:00Z,2026-08-18T03:15:00+0200,2963.31006,MW,FR,FR,forecast_onshore_wind_generation,Wind Onshore,2026-08-23T09:57:02Z
2026-08-23T09:55:52Z,2026-08-23T11:55:52+0200,e9ed0e7a-f773-48fd-b5c3-626d89d5de64,2026-08-18T01:30:00Z,2026-08-18T03:30:00+0200,2989.02002,MW,FR,FR,forecast_onshore_wind_generation,Wind Onshore,2026-08-23T09:57:02Z
2026-08-23T09:55:52Z,2026-08-23T11:55:52+0200,e9ed0e7a-f773-48fd-b5c3-626d89d5de64,2026-08-18T01:45:00Z,2026-08-18T03:45:00+0200,3014.77002,MW,FR,FR,forecast_onshore_wind_generation,Wind Onshore,2026-08-23T09:57:02Z
2026-08-23T09:55:52Z,2026-08-23T11:55:52+0200,e9ed0e7a-f773-48fd-b5c3-626d89d5de64,2026-08-18T02:00:00Z,2026-08-18T04:00:00+0200,3040.5,MW,FR,FR,forecast_onshore_wind_generation,Wind Onshore,2026-08-23T09:57:02Z
2026-08-23T09:55:52Z,2026-08-23T11:55:52+0200,e9ed0e7a-f773-48fd-b5c3-626d89d5de64,2026-08-18T02:15:00Z,2026-08-18T04:15:00+0200,3100.58984,MW,FR,FR,forecast_onshore_wind_generation,Wind Onshore,2026-08-23T09:57:02Z
2026-08-23T09:55:52Z,2026-08-23T11:55:52+0200,e9ed0e7a-f773-48fd-b5c3-626d89d5de64,2026-08-18T02:30:00Z,2026-08-18T04:30:00+0200,3160.72998,MW,FR,FR,forecast_onshore_wind_generation,Wind Onshore,2026-08-23T09:57:02Z
2026-08-23T09:55:52Z,2026-08-23T11:55:52+0200,e9ed0e7a-f773-48fd-b5c3-626d89d5de64,2026-08-18T02:45:00Z,2026-08-18T04:45:00+0200,3220.84985,MW,FR,FR,forecast_onshore_wind_generation,Wind Onshore,2026-08-23T09:57:02Z
2026-08-23T09:55:52Z,2026-08-23T11:55:52+0200,e9ed0e7a-f773-48fd-b5c3-626d89d5de64,2026-08-18T03:00:00Z,2026-08-18T05:00:00+0200,3280.97021,MW,FR,FR,forecast_onshore_wind_generation,Wind Onshore,2026-08-23T09:57:02Z
2026-08-23T09:55:52Z,2026-08-23T11:55:52+0200,e9ed0e7a-f773-48fd-b5c3-626d89d5de64,2026-08-18T03:15:00Z,2026-08-18T05:15:00+0200,3352.72998,MW,FR,FR,forecast_onshore_wind_generation,Wind Onshore,2026-08-23T09:57:02Z
2026-08-23T09:55:52Z,2026-08-23T11:55:52+0200,e9ed0e7a-f773-48fd-b5c3-626d89d5de64,2026-08-18T03:30:00Z,2026-08-18T05:30:00+0200,3424.47998,MW,FR,FR,forecast_onshore_wind_generation,Wind Onshore,2026-08-23T09:57:02Z
2026-08-23T09:55:52Z,2026-08-23T11:55:52+0200,e9ed0e7a-f773-48fd-b5c3-626d89d5de64,2026-08-18T03:45:00Z,2026-08-18T05:45:00+0200,3496.23999,MW,FR,FR,forecast_onshore_wind_generation,Wind Onshore,2026-08-23T09:57:02Z
2026-08-23T09:55:52Z,2026-08-23T11:55:52+0200,e9ed0e7a-f773-48fd-b5c3-626d89d5de64,2026-08-18T04:00:00Z,2026-08-18T06:00:00+0200,3567.96973,MW,FR,FR,forecast_onshore_wind_generation,Wind Onshore,2026-08-23T09:57:02Z
2026-08-23T09:55:52Z,2026-08-23T11:55:52+0200,e9ed0e7a-f773-48fd-b5c3-626d89d5de64,2026-08-18T04:15:00Z,2026-08-18T06:15:00+0200,3634.02979,MW,FR,FR,forecast_onshore_wind_generation,Wind Onshore,2026-08-23T09:57:02Z
2026-08-23T09:55:52Z,2026-08-23T11:55:52+0200,e9ed0e7a-f773-48fd-b5c3-626d89d5de64,2026-08-18T04:30:00Z,2026-08-18T06:30:00+0200,3700.09009,MW,FR,FR,forecast_onshore_wind_generation,Wind Onshore,2026-08-23T09:57:02Z
2026-08-23T09:55:52Z,2026-08-23T11:55:52+0200,e9ed0e7a-f773-48fd-b5c3-626d89d5de64,2026-08-18T04:45:00Z,2026-08-18T06:45:00+0200,3766.12988,MW,FR,FR,forecast_onshore_wind_generation,Wind Onshore,2026-08-23T09:57:02Z
2026-08-23T09:55:52Z,2026-08-23T11:55:52+0200,e9ed0e7a-f773-48fd-b5c3-626d89d5de64,2026-08-18T05:00:00Z,2026-08-18T07:00:00+0200,3832.18994,MW,FR,FR,forecast_onshore_wind_generation,Wind Onshore,2026-08-23T09:57:02Z
2026-08-23T09:55:52Z,2026-08-23T11:55:52+0200,e9ed0e7a-f773-48fd-b5c3-626d89d5de64,2026-08-18T05:15:00Z,2026-08-18T07:15:00+0200,3839.57983,MW,FR,FR,forecast_onshore_wind_generation,Wind Onshore,2026-08-23T09:57:02Z
2026-08-23T09:55:52Z,2026-08-23T11:55:52+0200,e9ed0e7a-f773-48fd-b5c3-626d89d5de64,2026-08-18T05:30:00Z,2026-08-18T07:30:00+0200,3846.98999,MW,FR,FR,forecast_onshore_wind_generation,Wind Onshore,2026-08-23T09:57:02Z
2026-08-23T09:55:52Z,2026-08-23T11:55:52+0200,e9ed0e7a-f773-48fd-b5c3-626d89d5de64,2026-08-18T05:45:00Z,2026-08-18T07:45:00+0200,3854.3999,MW,FR,FR,forecast_onshore_wind_generation,Wind Onshore,2026-08-23T09:57:02Z
2026-08-23T09:55:52Z,2026-08-23T11:55:52+0200,e9ed0e7a-f773-48fd-b5c3-626d89d5de64,2026-08-18T06:00:00Z,2026-08-18T08:00:00+0200,3861.81982,MW,FR,FR,forecast_onshore_wind_generation,Wind Onshore,2026-08-23T09:57:02Z
2026-08-23T09:55:52Z,2026-08-23T11:55:52+0200,e9ed0e7a-f773-48fd-b5c3-626d89d5de64,2026-08-18T06:15:00Z,2026-08-18T08:15:00+0200,3993.91992,MW,FR,FR,forecast_onshore_wind_generation,Wind Onshore,2026-08-23T09:57:02Z
2026-08-23T09:55:52Z,2026-08-23T11:55:52+0200,e9ed0e7a-f773-48fd-b5c3-626d89d5de64,2026-08-18T06:30:00Z,2026-08-18T08:30:00+0200,4126.04004,MW,FR,FR,forecast_onshore_wind_generation,Wind Onshore,2026-08-23T09:57:02Z
2026-08-23T09:55:52Z,2026-08-23T11:55:52+0200,e9ed0e7a-f773-48fd-b5c3-626d89d5de64,2026-08-18T06:45:00Z,2026-08-18T08:45:00+0200,4258.27002,MW,FR,FR,forecast_onshore_wind_generation,Wind Onshore,2026-08-23T09:57:02Z
2026-08-23T09:55:52Z,2026-08-23T11:55:52+0200,e9ed0e7a-f773-48fd-b5c3-626d89d5de64,2026-08-18T07:00:00Z,2026-08-18T09:00:00+0200,4390.88037,MW,FR,FR,forecast_onshore_wind_generation,Wind Onshore,2026-08-23T09:57:02Z
2026-08-23T09:55:52Z,2026-08-23T11:55:52+0200,e9ed0e7a-f773-48fd-b5c3-626d89d5de64,2026-08-18T07:15:00Z,2026-08-18T09:15:00+0200,4547.42041,MW,FR,FR,forecast_onshore_wind_generation,Wind Onshore,2026-08-23T09:57:02Z
2026-08-23T09:55:52Z,2026-08-23T11:55:52+0200,e9ed0e7a-f773-48fd-b5c3-626d89d5de64,2026-08-18T07:30:00Z,2026-08-18T09:30:00+0200,4704.23047,MW,FR,FR,forecast_onshore_wind_generation,Wind Onshore,2026-08-23T09:57:02Z
2026-08-23T09:55:52Z,2026-08-23T11:55:52+0200,e9ed0e7a-f773-48fd-b5c3-626d89d5de64,2026-08-18T07:45:00Z,2026-08-18T09:45:00+0200,4861.09961,MW,FR,FR,forecast_onshore_wind_generation,Wind Onshore,2026-08-23T09:57:02Z
2026-08-23T09:55:52Z,2026-08-23T11:55:52+0200,e9ed0e7a-f773-48fd-b5c3-626d89d5de64,2026-08-18T08:00:00Z,2026-08-18T10:00:00+0200,5018.0,MW,FR,FR,forecast_onshore_wind_generation,Wind Onshore,2026-08-23T09:57:02Z
2026-08-23T09:55:52Z,2026-08-23T11:55:52+0200,e9ed0e7a-f773-48fd-b5c3-626d89d5de64,2026-08-18T08:15:00Z,2026-08-18T10:15:00+0200,5165.87988,MW,FR,FR,forecast_onshore_wind_generation,Wind Onshore,2026-08-23T09:57:02Z
2026-08-23T09:55:52Z,2026-08-23T11:55:52+0200,e9ed0e7a-f773-48fd-b5c3-626d89d5de64,2026-08-18T08:30:00Z,2026-08-18T10:30:00+0200,5313.80029,MW,FR,FR,forecast_onshore_wind_generation,Wind Onshore,2026-08-23T09:57:02Z
2026-08-23T09:55:52Z,2026-08-23T11:55:52+0200,e9ed0e7a-f773-48fd-b5c3-626d89d5de64,2026-08-18T08:45:00Z,2026-08-18T10:45:00+0200,5461.68994,MW,FR,FR,forecast_onshore_wind_generation,Wind Onshore,2026-08-23T09:57:02Z
2026-08-23T09:55:52Z,2026-08-23T11:55:52+0200,e9ed0e7a-f773-48fd-b5c3-626d89d5de64,2026-08-18T09:00:00Z,2026-08-18T11:00:00+0200,5609.63965,MW,FR,FR,forecast_onshore_wind_generation,Wind Onshore,2026-08-23T09:57:02Z
2026-08-23T09:55:52Z,2026-08-23T11:55:52+0200,e9ed0e7a-f773-48fd-b5c3-626d89d5de64,2026-08-18T09:15:00Z,2026-08-18T11:15:00+0200,5677.00977,MW,FR,FR,forecast_onshore_wind_generation,Wind Onshore,2026-08-23T09:57:02Z
2026-08-23T09:55:52Z,2026-08-23T11:55:52+0200,e9ed0e7a-f773-48fd-b5c3-626d89d5de64,2026-08-18T09:30:00Z,2026-08-18T11:30:00+0200,5744.41992,MW,FR,FR,forecast_onshore_wind_generation,Wind Onshore,2026-08-23T09:57:02Z
2026-08-23T09:55:52Z,2026-08-23T11:55:52+0200,e9ed0e7a-f773-48fd-b5c3-626d89d5de64,2026-08-18T09:45:00Z,2026-08-18T11:45:00+0200,5811.89014,MW,FR,FR,forecast_onshore_wind_generation,Wind Onshore,2026-08-23T09:57:02Z
2026-08-23T09:55:52Z,2026-08-23T11:55:52+0200,e9ed0e7a-f773-48fd-b5c3-626d89d5de64,2026-08-18T10:00:00Z,2026-08-18T12:00:00+0200,5879.37988,MW,FR,FR,forecast_onshore_wind_generation,Wind Onshore,2026-08-23T09:57:02Z
2026-08-23T09:55:52Z,2026-08-23T11:55:52+0200,e9ed0e7a-f773-48fd-b5c3-626d89d5de64,2026-08-18T10:15:00Z,2026-08-18T12:15:00+0200,5918.54004,MW,FR,FR,forecast_onshore_wind_generation,Wind Onshore,2026-08-23T09:57:02Z
2026-08-23T09:55:52Z,2026-08-23T11:55:52+0200,e9ed0e7a-f773-48fd-b5c3-626d89d5de64,2026-08-18T10:30:00Z,2026-08-18T12:30:00+0200,5957.94971,MW,FR,FR,forecast_onshore_wind_generation,Wind Onshore,2026-08-23T09:57:02Z
2026-08-23T09:55:52Z,2026-08-23T11:55:52+0200,e9ed0e7a-f773-48fd-b5c3-626d89d5de64,2026-08-18T10:45:00Z,2026-08-18T12:45:00+0200,5997.41016,MW,FR,FR,forecast_onshore_wind_generation,Wind Onshore,2026-08-23T09:57:02Z
2026-08-23T09:55:52Z,2026-08-23T11:55:52+0200,e9ed0e7a-f773-48fd-b5c3-626d89d5de64,2026-08-18T11:00:00Z,2026-08-18T13:00:00+0200,6036.87012,MW,FR,FR,forecast_onshore_wind_generation,Wind Onshore,2026-08-23T09:57:02Z
2026-08-23T09:55:52Z,2026-08-23T11:55:52+0200,e9ed0e7a-f773-48fd-b5c3-626d89d5de64,2026-08-18T11:15:00Z,2026-08-18T13:15:00+0200,6125.76025,MW,FR,FR,forecast_onshore_wind_generation,Wind Onshore,2026-08-23T09:57:02Z
2026-08-23T09:55:52Z,2026-08-23T11:55:52+0200,e9ed0e7a-f773-48fd-b5c3-626d89d5de64,2026-08-18T11:30:00Z,2026-08-18T13:30:00+0200,6214.66016,MW,FR,FR,forecast_onshore_wind_generation,Wind Onshore,2026-08-23T09:57:02Z
2026-08-23T09:55:52Z,2026-08-23T11:55:52+0200,e9ed0e7a-f773-48fd-b5c3-626d89d5de64,2026-08-18T11:45:00Z,2026-08-18T13:45:00+0200,6303.56006,MW,FR,FR,forecast_onshore_wind_generation,Wind Onshore,2026-08-23T09:57:02Z
2026-08-23T09:55:52Z,2026-08-23T11:55:52+0200,e9ed0e7a-f773-48fd-b5c3-626d89d5de64,2026-08-18T12:00:00Z,2026-08-18T14:00:00+0200,6392.44971,MW,FR,FR,forecast_onshore_wind_generation,Wind Onshore,2026-08-23T09:57:02Z
2026-08-23T09:55:52Z,2026-08-23T11:55:52+0200,e9ed0e7a-f773-48fd-b5c3-626d89d5de64,2026-08-18T12:15:00Z,2026-08-18T14:15:00+0200,6524.3501,MW,FR,FR,forecast_onshore_wind_generation,Wind Onshore,2026-08-23T09:57:02Z
2026-08-23T09:55:52Z,2026-08-23T11:55:52+0200,e9ed0e7a-f773-48fd-b5c3-626d89d5de64,2026-08-18T12:30:00Z,2026-08-18T14:30:00+0200,6656.24023,MW,FR,FR,forecast_onshore_wind_generation,Wind Onshore,2026-08-23T09:57:02Z
2026-08-23T09:55:52Z,2026-08-23T11:55:52+0200,e9ed0e7a-f773-48fd-b5c3-626d89d5de64,2026-08-18T12:45:00Z,2026-08-18T14:45:00+0200,6788.12012,MW,FR,FR,forecast_onshore_wind_generation,Wind Onshore,2026-08-23T09:57:02Z
2026-08-23T09:55:52Z,2026-08-23T11:55:52+0200,e9ed0e7a-f773-48fd-b5c3-626d89d5de64,2026-08-18T13:00:00Z,2026-08-18T15:00:00+0200,6920.01025,MW,FR,FR,forecast_onshore_wind_generation,Wind Onshore,2026-08-23T09:57:02Z
2026-08-23T09:55:52Z,2026-08-23T11:55:52+0200,e9ed0e7a-f773-48fd-b5c3-626d89d5de64,2026-08-18T13:15:00Z,2026-08-18T15:15:00+0200,7074.45996,MW,FR,FR,forecast_onshore_wind_generation,Wind Onshore,2026-08-23T09:57:02Z
2026-08-23T09:55:52Z,2026-08-23T11:55:52+0200,e9ed0e7a-f773-48fd-b5c3-626d89d5de64,2026-08-18T13:30:00Z,2026-08-18T15:30:00+0200,7228.92969,MW,FR,FR,forecast_onshore_wind_generation,Wind Onshore,2026-08-23T09:57:02Z
2026-08-23T09:55:52Z,2026-08-23T11:55:52+0200,e9ed0e7a-f773-48fd-b5c3-626d89d5de64,2026-08-18T13:45:00Z,2026-08-18T15:45:00+0200,7383.39014,MW,FR,FR,forecast_onshore_wind_generation,Wind Onshore,2026-08-23T09:57:02Z
2026-08-23T09:55:52Z,2026-08-23T11:55:52+0200,e9ed0e7a-f773-48fd-b5c3-626d89d5de64,2026-08-18T14:00:00Z,2026-08-18T16:00:00+0200,7537.86963,MW,FR,FR,forecast_onshore_wind_generation,Wind Onshore,2026-08-23T09:57:02Z
2026-08-23T09:55:52Z,2026-08-23T11:55:52+0200,e9ed0e7a-f773-48fd-b5c3-626d89d5de64,2026-08-18T14:15:00Z,2026-08-18T16:15:00+0200,7611.77979,MW,FR,FR,forecast_onshore_wind_generation,Wind Onshore,2026-08-23T09:57:02Z
2026-08-23T09:55:52Z,2026-08-23T11:55:52+0200,e9ed0e7a-f773-48fd-b5c3-626d89d5de64,2026-08-18T14:30:00Z,2026-08-18T16:30:00+0200,7685.68945,MW,FR,FR,forecast_onshore_wind_generation,Wind Onshore,2026-08-23T09:57:02Z
2026-08-23T09:55:52Z,2026-08-23T11:55:52+0200,e9ed0e7a-f773-48fd-b5c3-626d89d5de64,2026-08-18T14:45:00Z,2026-08-18T16:45:00+0200,7759.58936,MW,FR,FR,forecast_onshore_wind_generation,Wind Onshore,2026-08-23T09:57:02Z
2026-08-23T09:55:52Z,2026-08-23T11:55:52+0200,e9ed0e7a-f773-48fd-b5c3-626d89d5de64,2026-08-18T15:00:00Z,2026-08-18T17:00:00+0200,7833.5293,MW,FR,FR,forecast_onshore_wind_generation,Wind Onshore,2026-08-23T09:57:02Z
2026-08-23T09:55:52Z,2026-08-23T11:55:52+0200,e9ed0e7a-f773-48fd-b5c3-626d89d5de64,2026-08-18T15:15:00Z,2026-08-18T17:15:00+0200,7809.95996,MW,FR,FR,forecast_onshore_wind_generation,Wind Onshore,2026-08-23T09:57:02Z
2026-08-23T09:55:52Z,2026-08-23T11:55:52+0200,e9ed0e7a-f773-48fd-b5c3-626d89d5de64,2026-08-18T15:30:00Z,2026-08-18T17:30:00+0200,7786.43018,MW,FR,FR,forecast_onshore_wind_generation,Wind Onshore,2026-08-23T09:57:02Z
2026-08-23T09:55:52Z,2026-08-23T11:55:52+0200,e9ed0e7a-f773-48fd-b5c3-626d89d5de64,2026-08-18T15:45:00Z,2026-08-18T17:45:00+0200,7762.87988,MW,FR,FR,forecast_onshore_wind_generation,Wind Onshore,2026-08-23T09:57:02Z
2026-08-23T09:55:52Z,2026-08-23T11:55:52+0200,e9ed0e7a-f773-48fd-b5c3-626d89d5de64,2026-08-18T16:00:00Z,2026-08-18T18:00:00+0200,7739.33984,MW,FR,FR,forecast_onshore_wind_generation,Wind Onshore,2026-08-23T09:57:02Z
2026-08-23T09:55:52Z,2026-08-23T11:55:52+0200,e9ed0e7a-f773-48fd-b5c3-626d89d5de64,2026-08-18T16:15:00Z,2026-08-18T18:15:00+0200,7538.65967,MW,FR,FR,forecast_onshore_wind_generation,Wind Onshore,2026-08-23T09:57:02Z
2026-08-23T09:55:52Z,2026-08-23T11:55:52+0200,e9ed0e7a-f773-48fd-b5c3-626d89d5de64,2026-08-18T16:30:00Z,2026-08-18T18:30:00+0200,7337.99023,MW,FR,FR,forecast_onshore_wind_generation,Wind Onshore,2026-08-23T09:57:02Z
2026-08-23T09:55:52Z,2026-08-23T11:55:52+0200,e9ed0e7a-f773-48fd-b5c3-626d89d5de64,2026-08-18T16:45:00Z,2026-08-18T18:45:00+0200,7137.31982,MW,FR,FR,forecast_onshore_wind_generation,Wind Onshore,2026-08-23T09:57:02Z
2026-08-23T09:55:52Z,2026-08-23T11:55:52+0200,e9ed0e7a-f773-48fd-b5c3-626d89d5de64,2026-08-18T17:00:00Z,2026-08-18T19:00:00+0200,6936.62012,MW,FR,FR,forecast_onshore_wind_generation,Wind Onshore,2026-08-23T09:57:02Z
2026-08-23T09:55:52Z,2026-08-23T11:55:52+0200,e9ed0e7a-f773-48fd-b5c3-626d89d5de64,2026-08-18T17:15:00Z,2026-08-18T19:15:00+0200,6669.87012,MW,FR,FR,forecast_onshore_wind_generation,Wind Onshore,2026-08-23T09:57:02Z
2026-08-23T09:55:52Z,2026-08-23T11:55:52+0200,e9ed0e7a-f773-48fd-b5c3-626d89d5de64,2026-08-18T17:30:00Z,2026-08-18T19:30:00+0200,6403.10986,MW,FR,FR,forecast_onshore_wind_generation,Wind Onshore,2026-08-23T09:57:02Z
2026-08-23T09:55:52Z,2026-08-23T11:55:52+0200,e9ed0e7a-f773-48fd-b5c3-626d89d5de64,2026-08-18T17:45:00Z,2026-08-18T19:45:00+0200,6136.3501,MW,FR,FR,forecast_onshore_wind_generation,Wind Onshore,2026-08-23T09:57:02Z
2026-08-23T09:55:52Z,2026-08-23T11:55:52+0200,e9ed0e7a-f773-48fd-b5c3-626d89d5de64,2026-08-18T18:00:00Z,2026-08-18T20:00:00+0200,5869.60986,MW,FR,FR,forecast_onshore_wind_generation,Wind Onshore,2026-08-23T09:57:02Z
2026-08-23T09:55:52Z,2026-08-23T11:55:52+0200,e9ed0e7a-f773-48fd-b5c3-626d89d5de64,2026-08-18T18:15:00Z,2026-08-18T20:15:00+0200,5763.93994,MW,FR,FR,forecast_onshore_wind_generation,Wind Onshore,2026-08-23T09:57:02Z
2026-08-23T09:55:52Z,2026-08-23T11:55:52+0200,e9ed0e7a-f773-48fd-b5c3-626d89d5de64,2026-08-18T18:30:00Z,2026-08-18T20:30:00+0200,5658.30029,MW,FR,FR,forecast_onshore_wind_generation,Wind Onshore,2026-08-23T09:57:02Z
2026-08-23T09:55:52Z,2026-08-23T11:55:52+0200,e9ed0e7a-f773-48fd-b5c3-626d89d5de64,2026-08-18T18:45:00Z,2026-08-18T20:45:00+0200,5552.66992,MW,FR,FR,forecast_onshore_wind_generation,Wind Onshore,2026-08-23T09:57:02Z
2026-08-23T09:55:52Z,2026-08-23T11:55:52+0200,e9ed0e7a-f773-48fd-b5c3-626d89d5de64,2026-08-18T19:00:00Z,2026-08-18T21:00:00+0200,5447.01025,MW,FR,FR,forecast_onshore_wind_generation,Wind Onshore,2026-08-23T09:57:02Z
2026-08-23T09:55:52Z,2026-08-23T11:55:52+0200,e9ed0e7a-f773-48fd-b5c3-626d89d5de64,2026-08-18T19:15:00Z,2026-08-18T21:15:00+0200,5371.42969,MW,FR,FR,forecast_onshore_wind_generation,Wind Onshore,2026-08-23T09:57:02Z
2026-08-23T09:55:52Z,2026-08-23T11:55:52+0200,e9ed0e7a-f773-48fd-b5c3-626d89d5de64,2026-08-18T19:30:00Z,2026-08-18T21:30:00+0200,5295.83984,MW,FR,FR,forecast_onshore_wind_generation,Wind Onshore,2026-08-23T09:57:02Z
2026-08-23T09:55:52Z,2026-08-23T11:55:52+0200,e9ed0e7a-f773-48fd-b5c3-626d89d5de64,2026-08-18T19:45:00Z,2026-08-18T21:45:00+0200,5220.26953,MW,FR,FR,forecast_onshore_wind_generation,Wind Onshore,2026-08-23T09:57:02Z
2026-08-23T09:55:52Z,2026-08-23T11:55:52+0200,e9ed0e7a-f773-48fd-b5c3-626d89d5de64,2026-08-18T20:00:00Z,2026-08-18T22:00:00+0200,5144.68018,MW,FR,FR,forecast_onshore_wind_generation,Wind Onshore,2026-08-23T09:57:02Z
2026-08-23T09:55:52Z,2026-08-23T11:55:52+0200,e9ed0e7a-f773-48fd-b5c3-626d89d5de64,2026-08-18T20:15:00Z,2026-08-18T22:15:00+0200,5032.17969,MW,FR,FR,forecast_onshore_wind_generation,Wind Onshore,2026-08-23T09:57:02Z
2026-08-23T09:55:52Z,2026-08-23T11:55:52+0200,e9ed0e7a-f773-48fd-b5c3-626d89d5de64,2026-08-18T20:30:00Z,2026-08-18T22:30:00+0200,4919.66992,MW,FR,FR,forecast_onshore_wind_generation,Wind Onshore,2026-08-23T09:57:02Z
2026-08-23T09:55:52Z,2026-08-23T11:55:52+0200,e9ed0e7a-f773-48fd-b5c3-626d89d5de64,2026-08-18T20:45:00Z,2026-08-18T22:45:00+0200,4807.15967,MW,FR,FR,forecast_onshore_wind_generation,Wind Onshore,2026-08-23T09:57:02Z
2026-08-23T09:55:52Z,2026-08-23T11:55:52+0200,e9ed0e7a-f773-48fd-b5c3-626d89d5de64,2026-08-18T21:00:00Z,2026-08-18T23:00:00+0200,4694.65039,MW,FR,FR,forecast_onshore_wind_generation,Wind Onshore,2026-08-23T09:57:02Z
2026-08-23T09:55:52Z,2026-08-23T11:55:52+0200,e9ed0e7a-f773-48fd-b5c3-626d89d5de64,2026-08-18T21:15:00Z,2026-08-18T23:15:00+0200,4562.02002,MW,FR,FR,forecast_onshore_wind_generation,Wind Onshore,2026-08-23T09:57:02Z
2026-08-23T09:55:52Z,2026-08-23T11:55:52+0200,e9ed0e7a-f773-48fd-b5c3-626d89d5de64,2026-08-18T21:30:00Z,2026-08-18T23:30:00+0200,4429.37988,MW,FR,FR,forecast_onshore_wind_generation,Wind Onshore,2026-08-23T09:57:02Z
2026-08-23T09:55:52Z,2026-08-23T11:55:52+0200,e9ed0e7a-f773-48fd-b5c3-626d89d5de64,2026-08-18T21:45:00Z,2026-08-18T23:45:00+0200,4296.74023,MW,FR,FR,forecast_onshore_wind_generation,Wind Onshore,2026-08-23T09:57:02Z
2026-08-23T09:55:52Z,2026-08-23T11:55:52+0200,e9ed0e7a-f773-48fd-b5c3-626d89d5de64,2026-08-18T22:00:00Z,2026-08-19T00:00:00+0200,3743.09009,MW,FR,FR,forecast_onshore_wind_generation,Wind Onshore,2026-08-23T09:57:02Z
2026-08-23T09:55:52Z,2026-08-23T11:55:52+0200,e9ed0e7a-f773-48fd-b5c3-626d89d5de64,2026-08-18T22:15:00Z,2026-08-19T00:15:00+0200,3615.45996,MW,FR,FR,forecast_onshore_wind_generation,Wind Onshore,2026-08-23T09:57:02Z
2026-08-23T09:55:52Z,2026-08-23T11:55:52+0200,e9ed0e7a-f773-48fd-b5c3-626d89d5de64,2026-08-18T22:30:00Z,2026-08-19T00:30:00+0200,3488.06982,MW,FR,FR,forecast_onshore_wind_generation,Wind Onshore,2026-08-23T09:57:02Z
2026-08-23T09:55:52Z,2026-08-23T11:55:52+0200,e9ed0e7a-f773-48fd-b5c3-626d89d5de64,2026-08-18T22:45:00Z,2026-08-19T00:45:00+0200,3360.58008,MW,FR,FR,forecast_onshore_wind_generation,Wind Onshore,2026-08-23T09:57:02Z
2026-08-23T09:55:52Z,2026-08-23T11:55:52+0200,e9ed0e7a-f773-48fd-b5c3-626d89d5de64,2026-08-18T23:00:00Z,2026-08-19T01:00:00+0200,3233.56006,MW,FR,FR,forecast_onshore_wind_generation,Wind Onshore,2026-08-23T09:57:02Z
2026-08-23T09:55:52Z,2026-08-23T11:55:52+0200,e9ed0e7a-f773-48fd-b5c3-626d89d5de64,2026-08-18T23:15:00Z,2026-08-19T01:15:00+0200,3163.29004,MW,FR,FR,forecast_onshore_wind_generation,Wind Onshore,2026-08-23T09:57:02Z
2026-08-23T09:55:52Z,2026-08-23T11:55:52+0200,e9ed0e7a-f773-48fd-b5c3-626d89d5de64,2026-08-18T23:30:00Z,2026-08-19T01:30:00+0200,3093.24023,MW,FR,FR,forecast_onshore_wind_generation,Wind Onshore,2026-08-23T09:57:02Z
2026-08-23T09:55:52Z,2026-08-23T11:55:52+0200,e9ed0e7a-f773-48fd-b5c3-626d89d5de64,2026-08-18T23:45:00Z,2026-08-19T01:45:00+0200,3023.42993,MW,FR,FR,forecast_onshore_wind_generation,Wind Onshore,2026-08-23T09:57:02Z
2026-08-23T09:55:52Z,2026-08-23T11:55:52+0200,e9ed0e7a-f773-48fd-b5c3-626d89d5de64,2026-08-19T00:00:00Z,2026-08-19T02:00:00+0200,2953.91992,MW,FR,FR,forecast_onshore_wind_generation,Wind Onshore,2026-08-23T09:57:02Z
2026-08-23T09:55:52Z,2026-08-23T11:55:52+0200,e9ed0e7a-f773-48fd-b5c3-626d89d5de64,2026-08-19T00:15:00Z,2026-08-19T02:15:00+0200,2941.3501,MW,FR,FR,forecast_onshore_wind_generation,Wind Onshore,2026-08-23T09:57:02Z
2026-08-23T09:55:52Z,2026-08-23T11:55:52+0200,e9ed0e7a-f773-48fd-b5c3-626d89d5de64,2026-08-19T00:30:00Z,2026-08-19T02:30:00+0200,2928.88013,MW,FR,FR,forecast_onshore_wind_generation,Wind Onshore,2026-08-23T09:57:02Z
2026-08-23T09:55:52Z,2026-08-23T11:55:52+0200,e9ed0e7a-f773-48fd-b5c3-626d89d5de64,2026-08-19T00:45:00Z,2026-08-19T02:45:00+0200,2916.40991,MW,FR,FR,forecast_onshore_wind_generation,Wind Onshore,2026-08-23T09:57:02Z
2026-08-23T09:55:52Z,2026-08-23T11:55:52+0200,e9ed0e7a-f773-48fd-b5c3-626d89d5de64,2026-08-19T01:00:00Z,2026-08-19T03:00:00+0200,2903.97998,MW,FR,FR,forecast_onshore_wind_generation,Wind Onshore,2026-08-23T09:57:02Z
2026-08-23T09:55:52Z,2026-08-23T11:55:52+0200,e9ed0e7a-f773-48fd-b5c3-626d89d5de64,2026-08-19T01:15:00Z,2026-08-19T03:15:00+0200,2917.43018,MW,FR,FR,forecast_onshore_wind_generation,Wind Onshore,2026-08-23T09:57:02Z
2026-08-23T09:55:52Z,2026-08-23T11:55:52+0200,e9ed0e7a-f773-48fd-b5c3-626d89d5de64,2026-08-19T01:30:00Z,2026-08-19T03:30:00+0200,2931.65991,MW,FR,FR,forecast_onshore_wind_generation,Wind Onshore,2026-08-23T09:57:02Z
2026-08-23T09:55:52Z,2026-08-23T11:55:52+0200,e9ed0e7a-f773-48fd-b5c3-626d89d5de64,2026-08-19T01:45:00Z,2026-08-19T03:45:00+0200,2945.76001,MW,FR,FR,forecast_onshore_wind_generation,Wind Onshore,2026-08-23T09:57:02Z
2026-08-23T09:55:52Z,2026-08-23T11:55:52+0200,e9ed0e7a-f773-48fd-b5c3-626d89d5de64,2026-08-19T02:00:00Z,2026-08-19T04:00:00+0200,2960.22998,MW,FR,FR,forecast_onshore_wind_generation,Wind Onshore,2026-08-23T09:57:02Z
2026-08-23T09:55:52Z,2026-08-23T11:55:52+0200,e9ed0e7a-f773-48fd-b5c3-626d89d5de64,2026-08-19T02:15:00Z,2026-08-19T04:15:00+0200,2955.12012,MW,FR,FR,forecast_onshore_wind_generation,Wind Onshore,2026-08-23T09:57:02Z
2026-08-23T09:55:52Z,2026-08-23T11:55:52+0200,e9ed0e7a-f773-48fd-b5c3-626d89d5de64,2026-08-19T02:30:00Z,2026-08-19T04:30:00+0200,2950.17993,MW,FR,FR,forecast_onshore_wind_generation,Wind Onshore,2026-08-23T09:57:02Z
2026-08-23T09:55:52Z,2026-08-23T11:55:52+0200,e9ed0e7a-f773-48fd-b5c3-626d89d5de64,2026-08-19T02:45:00Z,2026-08-19T04:45:00+0200,2945.56006,MW,FR,FR,forecast_onshore_wind_generation,Wind Onshore,2026-08-23T09:57:02Z
2026-08-23T09:55:52Z,2026-08-23T11:55:52+0200,e9ed0e7a-f773-48fd-b5c3-626d89d5de64,2026-08-19T03:00:00Z,2026-08-19T05:00:00+0200,2941.0498,MW,FR,FR,forecast_onshore_wind_generation,Wind Onshore,2026-08-23T09:57:02Z
2026-08-23T09:55:52Z,2026-08-23T11:55:52+0200,e9ed0e7a-f773-48fd-b5c3-626d89d5de64,2026-08-19T03:15:00Z,2026-08-19T05:15:00+0200,2921.16992,MW,FR,FR,forecast_onshore_wind_generation,Wind Onshore,2026-08-23T09:57:02Z
2026-08-23T09:55:52Z,2026-08-23T11:55:52+0200,e9ed0e7a-f773-48fd-b5c3-626d89d5de64,2026-08-19T03:30:00Z,2026-08-19T05:30:00+0200,2901.41992,MW,FR,FR,forecast_onshore_wind_generation,Wind Onshore,2026-08-23T09:57:02Z
2026-08-23T09:55:52Z,2026-08-23T11:55:52+0200,e9ed0e7a-f773-48fd-b5c3-626d89d5de64,2026-08-19T03:45:00Z,2026-08-19T05:45:00+0200,2881.66016,MW,FR,FR,forecast_onshore_wind_generation,Wind Onshore,2026-08-23T09:57:02Z
2026-08-23T09:55:52Z,2026-08-23T11:55:52+0200,e9ed0e7a-f773-48fd-b5c3-626d89d5de64,2026-08-19T04:00:00Z,2026-08-19T06:00:00+0200,2861.95996,MW,FR,FR,forecast_onshore_wind_generation,Wind Onshore,2026-08-23T09:57:02Z
2026-08-23T09:55:52Z,2026-08-23T11:55:52+0200,e9ed0e7a-f773-48fd-b5c3-626d89d5de64,2026-08-19T04:15:00Z,2026-08-19T06:15:00+0200,2852.79004,MW,FR,FR,forecast_onshore_wind_generation,Wind Onshore,2026-08-23T09:57:02Z
2026-08-23T09:55:52Z,2026-08-23T11:55:52+0200,e9ed0e7a-f773-48fd-b5c3-626d89d5de64,2026-08-19T04:30:00Z,2026-08-19T06:30:00+0200,2844.18018,MW,FR,FR,forecast_onshore_wind_generation,Wind Onshore,2026-08-23T09:57:02Z
2026-08-23T09:55:52Z,2026-08-23T11:55:52+0200,e9ed0e7a-f773-48fd-b5c3-626d89d5de64,2026-08-19T04:45:00Z,2026-08-19T06:45:00+0200,2835.59985,MW,FR,FR,forecast_onshore_wind_generation,Wind Onshore,2026-08-23T09:57:02Z
2026-08-23T09:55:52Z,2026-08-23T11:55:52+0200,e9ed0e7a-f773-48fd-b5c3-626d89d5de64,2026-08-19T05:00:00Z,2026-08-19T07:00:00+0200,2827.04004,MW,FR,FR,forecast_onshore_wind_generation,Wind Onshore,2026-08-23T09:57:02Z
2026-08-23T09:55:52Z,2026-08-23T11:55:52+0200,e9ed0e7a-f773-48fd-b5c3-626d89d5de64,2026-08-19T05:15:00Z,2026-08-19T07:15:00+0200,2814.80005,MW,FR,FR,forecast_onshore_wind_generation,Wind Onshore,2026-08-23T09:57:02Z
2026-08-23T09:55:52Z,2026-08-23T11:55:52+0200,e9ed0e7a-f773-48fd-b5c3-626d89d5de64,2026-08-19T05:30:00Z,2026-08-19T07:30:00+0200,2802.6001,MW,FR,FR,forecast_onshore_wind_generation,Wind Onshore,2026-08-23T09:57:02Z
2026-08-23T09:55:52Z,2026-08-23T11:55:52+0200,e9ed0e7a-f773-48fd-b5c3-626d89d5de64,2026-08-19T05:45:00Z,2026-08-19T07:45:00+0200,2790.14014,MW,FR,FR,forecast_onshore_wind_generation,Wind Onshore,2026-08-23T09:57:02Z
2026-08-23T09:55:52Z,2026-08-23T11:55:52+0200,e9ed0e7a-f773-48fd-b5c3-626d89d5de64,2026-08-19T06:00:00Z,2026-08-19T08:00:00+0200,2777.95996,MW,FR,FR,forecast_onshore_wind_generation,Wind Onshore,2026-08-23T09:57:02Z
2026-08-23T09:55:52Z,2026-08-23T11:55:52+0200,e9ed0e7a-f773-48fd-b5c3-626d89d5de64,2026-08-19T06:15:00Z,2026-08-19T08:15:00+0200,2661.14014,MW,FR,FR,forecast_onshore_wind_generation,Wind Onshore,2026-08-23T09:57:02Z
2026-08-23T09:55:52Z,2026-08-23T11:55:52+0200,e9ed0e7a-f773-48fd-b5c3-626d89d5de64,2026-08-19T06:30:00Z,2026-08-19T08:30:00+0200,2544.39014,MW,FR,FR,forecast_onshore_wind_generation,Wind Onshore,2026-08-23T09:57:02Z
2026-08-23T09:55:52Z,2026-08-23T11:55:52+0200,e9ed0e7a-f773-48fd-b5c3-626d89d5de64,2026-08-19T06:45:00Z,2026-08-19T08:45:00+0200,2427.68994,MW,FR,FR,forecast_onshore_wind_generation,Wind Onshore,2026-08-23T09:57:02Z
2026-08-23T09:55:52Z,2026-08-23T11:55:52+0200,e9ed0e7a-f773-48fd-b5c3-626d89d5de64,2026-08-19T07:00:00Z,2026-08-19T09:00:00+0200,2311.19995,MW,FR,FR,forecast_onshore_wind_generation,Wind Onshore,2026-08-23T09:57:02Z
2026-08-23T09:55:52Z,2026-08-23T11:55:52+0200,e9ed0e7a-f773-48fd-b5c3-626d89d5de64,2026-08-19T07:15:00Z,2026-08-19T09:15:00+0200,2390.25,MW,FR,FR,forecast_onshore_wind_generation,Wind Onshore,2026-08-23T09:57:02Z
2026-08-23T09:55:52Z,2026-08-23T11:55:52+0200,e9ed0e7a-f773-48fd-b5c3-626d89d5de64,2026-08-19T07:30:00Z,2026-08-19T09:30:00+0200,2469.72998,MW,FR,FR,forecast_onshore_wind_generation,Wind Onshore,2026-08-23T09:57:02Z
2026-08-23T09:55:52Z,2026-08-23T11:55:52+0200,e9ed0e7a-f773-48fd-b5c3-626d89d5de64,2026-08-19T07:45:00Z,2026-08-19T09:45:00+0200,2549.35986,MW,FR,FR,forecast_onshore_wind_generation,Wind Onshore,2026-08-23T09:57:02Z
2026-08-23T09:55:52Z,2026-08-23T11:55:52+0200,e9ed0e7a-f773-48fd-b5c3-626d89d5de64,2026-08-19T08:00:00Z,2026-08-19T10:00:00+0200,2629.02002,MW,FR,FR,forecast_onshore_wind_generation,Wind Onshore,2026-08-23T09:57:02Z
2026-08-23T09:55:52Z,2026-08-23T11:55:52+0200,e9ed0e7a-f773-48fd-b5c3-626d89d5de64,2026-08-19T08:15:00Z,2026-08-19T10:15:00+0200,2811.79004,MW,FR,FR,forecast_onshore_wind_generation,Wind Onshore,2026-08-23T09:57:02Z
2026-08-23T09:55:52Z,2026-08-23T11:55:52+0200,e9ed0e7a-f773-48fd-b5c3-626d89d5de64,2026-08-19T08:30:00Z,2026-08-19T10:30:00+0200,2994.91992,MW,FR,FR,forecast_onshore_wind_generation,Wind Onshore,2026-08-23T09:57:02Z
2026-08-23T09:55:52Z,2026-08-23T11:55:52+0200,e9ed0e7a-f773-48fd-b5c3-626d89d5de64,2026-08-19T08:45:00Z,2026-08-19T10:45:00+0200,3178.23999,MW,FR,FR,forecast_onshore_wind_generation,Wind Onshore,2026-08-23T09:57:02Z
2026-08-23T09:55:52Z,2026-08-23T11:55:52+0200,e9ed0e7a-f773-48fd-b5c3-626d89d5de64,2026-08-19T09:00:00Z,2026-08-19T11:00:00+0200,3361.61011,MW,FR,FR,forecast_onshore_wind_generation,Wind Onshore,2026-08-23T09:57:02Z
2026-08-23T09:55:52Z,2026-08-23T11:55:52+0200,e9ed0e7a-f773-48fd-b5c3-626d89d5de64,2026-08-19T09:15:00Z,2026-08-19T11:15:00+0200,3516.45996,MW,FR,FR,forecast_onshore_wind_generation,Wind Onshore,2026-08-23T09:57:02Z
2026-08-23T09:55:52Z,2026-08-23T11:55:52+0200,e9ed0e7a-f773-48fd-b5c3-626d89d5de64,2026-08-19T09:30:00Z,2026-08-19T11:30:00+0200,3671.41016,MW,FR,FR,forecast_onshore_wind_generation,Wind Onshore,2026-08-23T09:57:02Z
2026-08-23T09:55:52Z,2026-08-23T11:55:52+0200,e9ed0e7a-f773-48fd-b5c3-626d89d5de64,2026-08-19T09:45:00Z,2026-08-19T11:45:00+0200,3826.55005,MW,FR,FR,forecast_onshore_wind_generation,Wind Onshore,2026-08-23T09:57:02Z
2026-08-23T09:55:52Z,2026-08-23T11:55:52+0200,e9ed0e7a-f773-48fd-b5c3-626d89d5de64,2026-08-19T10:00:00Z,2026-08-19T12:00:00+0200,3981.86011,MW,FR,FR,forecast_onshore_wind_generation,Wind Onshore,2026-08-23T09:57:02Z
2026-08-23T09:55:52Z,2026-08-23T11:55:52+0200,e9ed0e7a-f773-48fd-b5c3-626d89d5de64,2026-08-19T10:15:00Z,2026-08-19T12:15:00+0200,4105.97998,MW,FR,FR,forecast_onshore_wind_generation,Wind Onshore,2026-08-23T09:57:02Z
2026-08-23T09:55:52Z,2026-08-23T11:55:52+0200,e9ed0e7a-f773-48fd-b5c3-626d89d5de64,2026-08-19T10:30:00Z,2026-08-19T12:30:00+0200,4230.55029,MW,FR,FR,forecast_onshore_wind_generation,Wind Onshore,2026-08-23T09:57:02Z
2026-08-23T09:55:52Z,2026-08-23T11:55:52+0200,e9ed0e7a-f773-48fd-b5c3-626d89d5de64,2026-08-19T10:45:00Z,2026-08-19T12:45:00+0200,4355.62012,MW,FR,FR,forecast_onshore_wind_generation,Wind Onshore,2026-08-23T09:57:02Z
2026-08-23T09:55:52Z,2026-08-23T11:55:52+0200,e9ed0e7a-f773-48fd-b5c3-626d89d5de64,2026-08-19T11:00:00Z,2026-08-19T13:00:00+0200,4481.10986,MW,FR,FR,forecast_onshore_wind_generation,Wind Onshore,2026-08-23T09:57:02Z
2026-08-23T09:55:52Z,2026-08-23T11:55:52+0200,e9ed0e7a-f773-48fd-b5c3-626d89d5de64,2026-08-19T11:15:00Z,2026-08-19T13:15:00+0200,4583.1499,MW,FR,FR,forecast_onshore_wind_generation,Wind Onshore,2026-08-23T09:57:02Z
2026-08-23T09:55:52Z,2026-08-23T11:55:52+0200,e9ed0e7a-f773-48fd-b5c3-626d89d5de64,2026-08-19T11:30:00Z,2026-08-19T13:30:00+0200,4685.35986,MW,FR,FR,forecast_onshore_wind_generation,Wind Onshore,2026-08-23T09:57:02Z
2026-08-23T09:55:52Z,2026-08-23T11:55:52+0200,e9ed0e7a-f773-48fd-b5c3-626d89d5de64,2026-08-19T11:45:00Z,2026-08-19T13:45:00+0200,4787.81982,MW,FR,FR,forecast_onshore_wind_generation,Wind Onshore,2026-08-23T09:57:02Z
2026-08-23T09:55:52Z,2026-08-23T11:55:52+0200,e9ed0e7a-f773-48fd-b5c3-626d89d5de64,2026-08-19T12:00:00Z,2026-08-19T14:00:00+0200,4890.37012,MW,FR,FR,forecast_onshore_wind_generation,Wind Onshore,2026-08-23T09:57:02Z
2026-08-23T09:55:52Z,2026-08-23T11:55:52+0200,e9ed0e7a-f773-48fd-b5c3-626d89d5de64,2026-08-19T12:15:00Z,2026-08-19T14:15:00+0200,4941.42969,MW,FR,FR,forecast_onshore_wind_generation,Wind Onshore,2026-08-23T09:57:02Z
2026-08-23T09:55:52Z,2026-08-23T11:55:52+0200,e9ed0e7a-f773-48fd-b5c3-626d89d5de64,2026-08-19T12:30:00Z,2026-08-19T14:30:00+0200,4993.33984,MW,FR,FR,forecast_onshore_wind_generation,Wind Onshore,2026-08-23T09:57:02Z
2026-08-23T09:55:52Z,2026-08-23T11:55:52+0200,e9ed0e7a-f773-48fd-b5c3-626d89d5de64,2026-08-19T12:45:00Z,2026-08-19T14:45:00+0200,5045.5,MW,FR,FR,forecast_onshore_wind_generation,Wind Onshore,2026-08-23T09:57:02Z
2026-08-23T09:55:52Z,2026-08-23T11:55:52+0200,e9ed0e7a-f773-48fd-b5c3-626d89d5de64,2026-08-19T13:00:00Z,2026-08-19T15:00:00+0200,5097.93018,MW,FR,FR,forecast_onshore_wind_generation,Wind Onshore,2026-08-23T09:57:02Z
2026-08-23T09:55:52Z,2026-08-23T11:55:52+0200,e9ed0e7a-f773-48fd-b5c3-626d89d5de64,2026-08-19T13:15:00Z,2026-08-19T15:15:00+0200,5070.39014,MW,FR,FR,forecast_onshore_wind_generation,Wind Onshore,2026-08-23T09:57:02Z
2026-08-23T09:55:52Z,2026-08-23T11:55:52+0200,e9ed0e7a-f773-48fd-b5c3-626d89d5de64,2026-08-19T13:30:00Z,2026-08-19T15:30:00+0200,5043.2002,MW,FR,FR,forecast_onshore_wind_generation,Wind Onshore,2026-08-23T09:57:02Z
2026-08-23T09:55:52Z,2026-08-23T11:55:52+0200,e9ed0e7a-f773-48fd-b5c3-626d89d5de64,2026-08-19T13:45:00Z,2026-08-19T15:45:00+0200,5016.41992,MW,FR,FR,forecast_onshore_wind_generation,Wind Onshore,2026-08-23T09:57:02Z
2026-08-23T09:55:52Z,2026-08-23T11:55:52+0200,e9ed0e7a-f773-48fd-b5c3-626d89d5de64,2026-08-19T14:00:00Z,2026-08-19T16:00:00+0200,4989.80029,MW,FR,FR,forecast_onshore_wind_generation,Wind Onshore,2026-08-23T09:57:02Z
2026-08-23T09:55:52Z,2026-08-23T11:55:52+0200,e9ed0e7a-f773-48fd-b5c3-626d89d5de64,2026-08-19T14:15:00Z,2026-08-19T16:15:00+0200,4924.16992,MW,FR,FR,forecast_onshore_wind_generation,Wind Onshore,2026-08-23T09:57:02Z
2026-08-23T09:55:52Z,2026-08-23T11:55:52+0200,e9ed0e7a-f773-48fd-b5c3-626d89d5de64,2026-08-19T14:30:00Z,2026-08-19T16:30:00+0200,4858.77002,MW,FR,FR,forecast_onshore_wind_generation,Wind Onshore,2026-08-23T09:57:02Z
2026-08-23T09:55:52Z,2026-08-23T11:55:52+0200,e9ed0e7a-f773-48fd-b5c3-626d89d5de64,2026-08-19T14:45:00Z,2026-08-19T16:45:00+0200,4793.87988,MW,FR,FR,forecast_onshore_wind_generation,Wind Onshore,2026-08-23T09:57:02Z
2026-08-23T09:55:52Z,2026-08-23T11:55:52+0200,e9ed0e7a-f773-48fd-b5c3-626d89d5de64,2026-08-19T15:00:00Z,2026-08-19T17:00:00+0200,4729.76025,MW,FR,FR,forecast_onshore_wind_generation,Wind Onshore,2026-08-23T09:57:02Z
2026-08-23T09:55:52Z,2026-08-23T11:55:52+0200,e9ed0e7a-f773-48fd-b5c3-626d89d5de64,2026-08-19T15:15:00Z,2026-08-19T17:15:00+0200,4657.24023,MW,FR,FR,forecast_onshore_wind_generation,Wind Onshore,2026-08-23T09:57:02Z
2026-08-23T09:55:52Z,2026-08-23T11:55:52+0200,e9ed0e7a-f773-48fd-b5c3-626d89d5de64,2026-08-19T15:30:00Z,2026-08-19T17:30:00+0200,4584.83984,MW,FR,FR,forecast_onshore_wind_generation,Wind Onshore,2026-08-23T09:57:02Z
2026-08-23T09:55:52Z,2026-08-23T11:55:52+0200,e9ed0e7a-f773-48fd-b5c3-626d89d5de64,2026-08-19T15:45:00Z,2026-08-19T17:45:00+0200,4512.80029,MW,FR,FR,forecast_onshore_wind_generation,Wind Onshore,2026-08-23T09:57:02Z
2026-08-23T09:55:52Z,2026-08-23T11:55:52+0200,e9ed0e7a-f773-48fd-b5c3-626d89d5de64,2026-08-19T16:00:00Z,2026-08-19T18:00:00+0200,4440.91016,MW,FR,FR,forecast_onshore_wind_generation,Wind Onshore,2026-08-23T09:57:02Z
2026-08-23T09:55:52Z,2026-08-23T11:55:52+0200,e9ed0e7a-f773-48fd-b5c3-626d89d5de64,2026-08-19T16:15:00Z,2026-08-19T18:15:00+0200,4453.89014,MW,FR,FR,forecast_onshore_wind_generation,Wind Onshore,2026-08-23T09:57:02Z
2026-08-23T09:55:52Z,2026-08-23T11:55:52+0200,e9ed0e7a-f773-48fd-b5c3-626d89d5de64,2026-08-19T16:30:00Z,2026-08-19T18:30:00+0200,4467.32031,MW,FR,FR,forecast_onshore_wind_generation,Wind Onshore,2026-08-23T09:57:02Z
2026-08-23T09:55:52Z,2026-08-23T11:55:52+0200,e9ed0e7a-f773-48fd-b5c3-626d89d5de64,2026-08-19T16:45:00Z,2026-08-19T18:45:00+0200,4481.0,MW,FR,FR,forecast_onshore_wind_generation,Wind Onshore,2026-08-23T09:57:02Z
2026-08-23T09:55:52Z,2026-08-23T11:55:52+0200,e9ed0e7a-f773-48fd-b5c3-626d89d5de64,2026-08-19T17:00:00Z,2026-08-19T19:00:00+0200,4494.74023,MW,FR,FR,forecast_onshore_wind_generation,Wind Onshore,2026-08-23T09:57:02Z
2026-08-23T09:55:52Z,2026-08-23T11:55:52+0200,e9ed0e7a-f773-48fd-b5c3-626d89d5de64,2026-08-19T17:15:00Z,2026-08-19T19:15:00+0200,4466.37988,MW,FR,FR,forecast_onshore_wind_generation,Wind Onshore,2026-08-23T09:57:02Z
2026-08-23T09:55:52Z,2026-08-23T11:55:52+0200,e9ed0e7a-f773-48fd-b5c3-626d89d5de64,2026-08-19T17:30:00Z,2026-08-19T19:30:00+0200,4438.25,MW,FR,FR,forecast_onshore_wind_generation,Wind Onshore,2026-08-23T09:57:02Z
2026-08-23T09:55:52Z,2026-08-23T11:55:52+0200,e9ed0e7a-f773-48fd-b5c3-626d89d5de64,2026-08-19T17:45:00Z,2026-08-19T19:45:00+0200,4410.41016,MW,FR,FR,forecast_onshore_wind_generation,Wind Onshore,2026-08-23T09:57:02Z
2026-08-23T09:55:52Z,2026-08-23T11:55:52+0200,e9ed0e7a-f773-48fd-b5c3-626d89d5de64,2026-08-19T18:00:00Z,2026-08-19T20:00:00+0200,4382.75977,MW,FR,FR,forecast_onshore_wind_generation,Wind Onshore,2026-08-23T09:57:02Z
2026-08-23T09:55:52Z,2026-08-23T11:55:52+0200,e9ed0e7a-f773-48fd-b5c3-626d89d5de64,2026-08-19T18:15:00Z,2026-08-19T20:15:00+0200,4215.35986,MW,FR,FR,forecast_onshore_wind_generation,Wind Onshore,2026-08-23T09:57:02Z
2026-08-23T09:55:52Z,2026-08-23T11:55:52+0200,e9ed0e7a-f773-48fd-b5c3-626d89d5de64,2026-08-19T18:30:00Z,2026-08-19T20:30:00+0200,4048.35986,MW,FR,FR,forecast_onshore_wind_generation,Wind Onshore,2026-08-23T09:57:02Z
2026-08-23T09:55:52Z,2026-08-23T11:55:52+0200,e9ed0e7a-f773-48fd-b5c3-626d89d5de64,2026-08-19T18:45:00Z,2026-08-19T20:45:00+0200,3881.32983,MW,FR,FR,forecast_onshore_wind_generation,Wind Onshore,2026-08-23T09:57:02Z
2026-08-23T09:55:52Z,2026-08-23T11:55:52+0200,e9ed0e7a-f773-48fd-b5c3-626d89d5de64,2026-08-19T19:00:00Z,2026-08-19T21:00:00+0200,3714.66992,MW,FR,FR,forecast_onshore_wind_generation,Wind Onshore,2026-08-23T09:57:02Z
2026-08-23T09:55:52Z,2026-08-23T11:55:52+0200,e9ed0e7a-f773-48fd-b5c3-626d89d5de64,2026-08-19T19:15:00Z,2026-08-19T21:15:00+0200,3643.23022,MW,FR,FR,forecast_onshore_wind_generation,Wind Onshore,2026-08-23T09:57:02Z
2026-08-23T09:55:52Z,2026-08-23T11:55:52+0200,e9ed0e7a-f773-48fd-b5c3-626d89d5de64,2026-08-19T19:30:00Z,2026-08-19T21:30:00+0200,3572.11987,MW,FR,FR,forecast_onshore_wind_generation,Wind Onshore,2026-08-23T09:57:02Z
2026-08-23T09:55:52Z,2026-08-23T11:55:52+0200,e9ed0e7a-f773-48fd-b5c3-626d89d5de64,2026-08-19T19:45:00Z,2026-08-19T21:45:00+0200,3500.72998,MW,FR,FR,forecast_onshore_wind_generation,Wind Onshore,2026-08-23T09:57:02Z
2026-08-23T09:55:52Z,2026-08-23T11:55:52+0200,e9ed0e7a-f773-48fd-b5c3-626d89d5de64,2026-08-19T20:00:00Z,2026-08-19T22:00:00+0200,3429.89014,MW,FR,FR,forecast_onshore_wind_generation,Wind Onshore,2026-08-23T09:57:02Z
2026-08-23T09:55:52Z,2026-08-23T11:55:52+0200,e9ed0e7a-f773-48fd-b5c3-626d89d5de64,2026-08-19T20:15:00Z,2026-08-19T22:15:00+0200,3477.77979,MW,FR,FR,forecast_onshore_wind_generation,Wind Onshore,2026-08-23T09:57:02Z
2026-08-23T09:55:52Z,2026-08-23T11:55:52+0200,e9ed0e7a-f773-48fd-b5c3-626d89d5de64,2026-08-19T20:30:00Z,2026-08-19T22:30:00+0200,3527.52979,MW,FR,FR,forecast_onshore_wind_generation,Wind Onshore,2026-08-23T09:57:02Z
2026-08-23T09:55:52Z,2026-08-23T11:55:52+0200,e9ed0e7a-f773-48fd-b5c3-626d89d5de64,2026-08-19T20:45:00Z,2026-08-19T22:45:00+0200,3577.44995,MW,FR,FR,forecast_onshore_wind_generation,Wind Onshore,2026-08-23T09:57:02Z
2026-08-23T09:55:52Z,2026-08-23T11:55:52+0200,e9ed0e7a-f773-48fd-b5c3-626d89d5de64,2026-08-19T21:00:00Z,2026-08-19T23:00:00+0200,3627.94995,MW,FR,FR,forecast_onshore_wind_generation,Wind Onshore,2026-08-23T09:57:02Z
2026-08-23T09:55:52Z,2026-08-23T11:55:52+0200,e9ed0e7a-f773-48fd-b5c3-626d89d5de64,2026-08-19T21:15:00Z,2026-08-19T23:15:00+0200,3603.94995,MW,FR,FR,forecast_onshore_wind_generation,Wind Onshore,2026-08-23T09:57:02Z
2026-08-23T09:55:52Z,2026-08-23T11:55:52+0200,e9ed0e7a-f773-48fd-b5c3-626d89d5de64,2026-08-19T21:30:00Z,2026-08-19T23:30:00+0200,3580.0498,MW,FR,FR,forecast_onshore_wind_generation,Wind Onshore,2026-08-23T09:57:02Z
2026-08-23T09:55:52Z,2026-08-23T11:55:52+0200,e9ed0e7a-f773-48fd-b5c3-626d89d5de64,2026-08-19T21:45:00Z,2026-08-19T23:45:00+0200,3556.32007,MW,FR,FR,forecast_onshore_wind_generation,Wind Onshore,2026-08-23T09:57:02Z
2026-08-23T09:55:52Z,2026-08-23T11:55:52+0200,e9ed0e7a-f773-48fd-b5c3-626d89d5de64,2026-08-19T22:00:00Z,2026-08-20T00:00:00+0200,6265.54004,MW,FR,FR,forecast_onshore_wind_generation,Wind Onshore,2026-08-23T09:57:02Z
2026-08-23T09:55:52Z,2026-08-23T11:55:52+0200,e9ed0e7a-f773-48fd-b5c3-626d89d5de64,2026-08-19T22:15:00Z,2026-08-20T00:15:00+0200,6100.4502,MW,FR,FR,forecast_onshore_wind_generation,Wind Onshore,2026-08-23T09:57:02Z
2026-08-23T09:55:52Z,2026-08-23T11:55:52+0200,e9ed0e7a-f773-48fd-b5c3-626d89d5de64,2026-08-19T22:30:00Z,2026-08-20T00:30:00+0200,5935.78027,MW,FR,FR,forecast_onshore_wind_generation,Wind Onshore,2026-08-23T09:57:02Z
2026-08-23T09:55:52Z,2026-08-23T11:55:52+0200,e9ed0e7a-f773-48fd-b5c3-626d89d5de64,2026-08-19T22:45:00Z,2026-08-20T00:45:00+0200,5770.68018,MW,FR,FR,forecast_onshore_wind_generation,Wind Onshore,2026-08-23T09:57:02Z
2026-08-23T09:55:52Z,2026-08-23T11:55:52+0200,e9ed0e7a-f773-48fd-b5c3-626d89d5de64,2026-08-19T23:00:00Z,2026-08-20T01:00:00+0200,5606.01025,MW,FR,FR,forecast_onshore_wind_generation,Wind Onshore,2026-08-23T09:57:02Z
2026-08-23T09:55:52Z,2026-08-23T11:55:52+0200,e9ed0e7a-f773-48fd-b5c3-626d89d5de64,2026-08-19T23:15:00Z,2026-08-20T01:15:00+0200,5481.43018,MW,FR,FR,forecast_onshore_wind_generation,Wind Onshore,2026-08-23T09:57:02Z
2026-08-23T09:55:52Z,2026-08-23T11:55:52+0200,e9ed0e7a-f773-48fd-b5c3-626d89d5de64,2026-08-19T23:30:00Z,2026-08-20T01:30:00+0200,5357.0,MW,FR,FR,forecast_onshore_wind_generation,Wind Onshore,2026-08-23T09:57:02Z
2026-08-23T09:55:52Z,2026-08-23T11:55:52+0200,e9ed0e7a-f773-48fd-b5c3-626d89d5de64,2026-08-19T23:45:00Z,2026-08-20T01:45:00+0200,5232.41992,MW,FR,FR,forecast_onshore_wind_generation,Wind Onshore,2026-08-23T09:57:02Z
2026-08-23T09:55:52Z,2026-08-23T11:55:52+0200,e9ed0e7a-f773-48fd-b5c3-626d89d5de64,2026-08-20T00:00:00Z,2026-08-20T02:00:00+0200,5108.10986,MW,FR,FR,forecast_onshore_wind_generation,Wind Onshore,2026-08-23T09:57:02Z
2026-08-23T09:55:52Z,2026-08-23T11:55:52+0200,e9ed0e7a-f773-48fd-b5c3-626d89d5de64,2026-08-20T00:15:00Z,2026-08-20T02:15:00+0200,5037.12988,MW,FR,FR,forecast_onshore_wind_generation,Wind Onshore,2026-08-23T09:57:02Z
2026-08-23T09:55:52Z,2026-08-23T11:55:52+0200,e9ed0e7a-f773-48fd-b5c3-626d89d5de64,2026-08-20T00:30:00Z,2026-08-20T02:30:00+0200,4966.44043,MW,FR,FR,forecast_onshore_wind_generation,Wind Onshore,2026-08-23T09:57:02Z
2026-08-23T09:55:52Z,2026-08-23T11:55:52+0200,e9ed0e7a-f773-48fd-b5c3-626d89d5de64,2026-08-20T00:45:00Z,2026-08-20T02:45:00+0200,4896.40039,MW,FR,FR,forecast_onshore_wind_generation,Wind Onshore,2026-08-23T09:57:02Z
2026-08-23T09:55:52Z,2026-08-23T11:55:52+0200,e9ed0e7a-f773-48fd-b5c3-626d89d5de64,2026-08-20T01:00:00Z,2026-08-20T03:00:00+0200,4826.64014,MW,FR,FR,forecast_onshore_wind_generation,Wind Onshore,2026-08-23T09:57:02Z
2026-08-23T09:55:52Z,2026-08-23T11:55:52+0200,e9ed0e7a-f773-48fd-b5c3-626d89d5de64,2026-08-20T01:15:00Z,2026-08-20T03:15:00+0200,4746.62012,MW,FR,FR,forecast_onshore_wind_generation,Wind Onshore,2026-08-23T09:57:02Z
2026-08-23T09:55:52Z,2026-08-23T11:55:52+0200,e9ed0e7a-f773-48fd-b5c3-626d89d5de64,2026-08-20T01:30:00Z,2026-08-20T03:30:00+0200,4667.16016,MW,FR,FR,forecast_onshore_wind_generation,Wind Onshore,2026-08-23T09:57:02Z
2026-08-23T09:55:52Z,2026-08-23T11:55:52+0200,e9ed0e7a-f773-48fd-b5c3-626d89d5de64,2026-08-20T01:45:00Z,2026-08-20T03:45:00+0200,4587.83984,MW,FR,FR,forecast_onshore_wind_generation,Wind Onshore,2026-08-23T09:57:02Z
2026-08-23T09:55:52Z,2026-08-23T11:55:52+0200,e9ed0e7a-f773-48fd-b5c3-626d89d5de64,2026-08-20T02:00:00Z,2026-08-20T04:00:00+0200,4508.79004,MW,FR,FR,forecast_onshore_wind_generation,Wind Onshore,2026-08-23T09:57:02Z
2026-08-23T09:55:52Z,2026-08-23T11:55:52+0200,e9ed0e7a-f773-48fd-b5c3-626d89d5de64,2026-08-20T02:15:00Z,2026-08-20T04:15:00+0200,4453.93018,MW,FR,FR,forecast_onshore_wind_generation,Wind Onshore,2026-08-23T09:57:02Z
2026-08-23T09:55:52Z,2026-08-23T11:55:52+0200,e9ed0e7a-f773-48fd-b5c3-626d89d5de64,2026-08-20T02:30:00Z,2026-08-20T04:30:00+0200,4400.10986,MW,FR,FR,forecast_onshore_wind_generation,Wind Onshore,2026-08-23T09:57:02Z
2026-08-23T09:55:52Z,2026-08-23T11:55:52+0200,e9ed0e7a-f773-48fd-b5c3-626d89d5de64,2026-08-20T02:45:00Z,2026-08-20T04:45:00+0200,4346.68994,MW,FR,FR,forecast_onshore_wind_generation,Wind Onshore,2026-08-23T09:57:02Z
2026-08-23T09:55:52Z,2026-08-23T11:55:52+0200,e9ed0e7a-f773-48fd-b5c3-626d89d5de64,2026-08-20T03:00:00Z,2026-08-20T05:00:00+0200,4293.43018,MW,FR,FR,forecast_onshore_wind_generation,Wind Onshore,2026-08-23T09:57:02Z
2026-08-23T09:55:52Z,2026-08-23T11:55:52+0200,e9ed0e7a-f773-48fd-b5c3-626d89d5de64,2026-08-20T03:15:00Z,2026-08-20T05:15:00+0200,4282.52002,MW,FR,FR,forecast_onshore_wind_generation,Wind Onshore,2026-08-23T09:57:02Z
2026-08-23T09:55:52Z,2026-08-23T11:55:52+0200,e9ed0e7a-f773-48fd-b5c3-626d89d5de64,2026-08-20T03:30:00Z,2026-08-20T05:30:00+0200,4271.6499,MW,FR,FR,forecast_onshore_wind_generation,Wind Onshore,2026-08-23T09:57:02Z
2026-08-23T09:55:52Z,2026-08-23T11:55:52+0200,e9ed0e7a-f773-48fd-b5c3-626d89d5de64,2026-08-20T03:45:00Z,2026-08-20T05:45:00+0200,4260.7998,MW,FR,FR,forecast_onshore_wind_generation,Wind Onshore,2026-08-23T09:57:02Z
2026-08-23T09:55:52Z,2026-08-23T11:55:52+0200,e9ed0e7a-f773-48fd-b5c3-626d89d5de64,2026-08-20T04:00:00Z,2026-08-20T06:00:00+0200,4250.37012,MW,FR,FR,forecast_onshore_wind_generation,Wind Onshore,2026-08-23T09:57:02Z
2026-08-23T09:55:52Z,2026-08-23T11:55:52+0200,e9ed0e7a-f773-48fd-b5c3-626d89d5de64,2026-08-20T04:15:00Z,2026-08-20T06:15:00+0200,4263.93994,MW,FR,FR,forecast_onshore_wind_generation,Wind Onshore,2026-08-23T09:57:02Z
2026-08-23T09:55:52Z,2026-08-23T11:55:52+0200,e9ed0e7a-f773-48fd-b5c3-626d89d5de64,2026-08-20T04:30:00Z,2026-08-20T06:30:00+0200,4277.5498,MW,FR,FR,forecast_onshore_wind_generation,Wind Onshore,2026-08-23T09:57:02Z
2026-08-23T09:55:52Z,2026-08-23T11:55:52+0200,e9ed0e7a-f773-48fd-b5c3-626d89d5de64,2026-08-20T04:45:00Z,2026-08-20T06:45:00+0200,4291.07959,MW,FR,FR,forecast_onshore_wind_generation,Wind Onshore,2026-08-23T09:57:02Z
2026-08-23T09:55:52Z,2026-08-23T11:55:52+0200,e9ed0e7a-f773-48fd-b5c3-626d89d5de64,2026-08-20T05:00:00Z,2026-08-20T07:00:00+0200,4304.79004,MW,FR,FR,forecast_onshore_wind_generation,Wind Onshore,2026-08-23T09:57:02Z
2026-08-23T09:55:52Z,2026-08-23T11:55:52+0200,e9ed0e7a-f773-48fd-b5c3-626d89d5de64,2026-08-20T05:15:00Z,2026-08-20T07:15:00+0200,4257.55029,MW,FR,FR,forecast_onshore_wind_generation,Wind Onshore,2026-08-23T09:57:02Z
2026-08-23T09:55:52Z,2026-08-23T11:55:52+0200,e9ed0e7a-f773-48fd-b5c3-626d89d5de64,2026-08-20T05:30:00Z,2026-08-20T07:30:00+0200,4210.66992,MW,FR,FR,forecast_onshore_wind_generation,Wind Onshore,2026-08-23T09:57:02Z
2026-08-23T09:55:52Z,2026-08-23T11:55:52+0200,e9ed0e7a-f773-48fd-b5c3-626d89d5de64,2026-08-20T05:45:00Z,2026-08-20T07:45:00+0200,4164.03027,MW,FR,FR,forecast_onshore_wind_generation,Wind Onshore,2026-08-23T09:57:02Z
2026-08-23T09:55:52Z,2026-08-23T11:55:52+0200,e9ed0e7a-f773-48fd-b5c3-626d89d5de64,2026-08-20T06:00:00Z,2026-08-20T08:00:00+0200,4117.61963,MW,FR,FR,forecast_onshore_wind_generation,Wind Onshore,2026-08-23T09:57:02Z
2026-08-23T09:55:52Z,2026-08-23T11:55:52+0200,e9ed0e7a-f773-48fd-b5c3-626d89d5de64,2026-08-20T06:15:00Z,2026-08-20T08:15:00+0200,4026.40991,MW,FR,FR,forecast_onshore_wind_generation,Wind Onshore,2026-08-23T09:57:02Z
2026-08-23T09:55:52Z,2026-08-23T11:55:52+0200,e9ed0e7a-f773-48fd-b5c3-626d89d5de64,2026-08-20T06:30:00Z,2026-08-20T08:30:00+0200,3935.44019,MW,FR,FR,forecast_onshore_wind_generation,Wind Onshore,2026-08-23T09:57:02Z
2026-08-23T09:55:52Z,2026-08-23T11:55:52+0200,e9ed0e7a-f773-48fd-b5c3-626d89d5de64,2026-08-20T06:45:00Z,2026-08-20T08:45:00+0200,3844.71021,MW,FR,FR,forecast_onshore_wind_generation,Wind Onshore,2026-08-23T09:57:02Z
2026-08-23T09:55:52Z,2026-08-23T11:55:52+0200,e9ed0e7a-f773-48fd-b5c3-626d89d5de64,2026-08-20T07:00:00Z,2026-08-20T09:00:00+0200,3754.33008,MW,FR,FR,forecast_onshore_wind_generation,Wind Onshore,2026-08-23T09:57:02Z
2026-08-23T09:55:52Z,2026-08-23T11:55:52+0200,e9ed0e7a-f773-48fd-b5c3-626d89d5de64,2026-08-20T07:15:00Z,2026-08-20T09:15:00+0200,3973.91992,MW,FR,FR,forecast_onshore_wind_generation,Wind Onshore,2026-08-23T09:57:02Z
2026-08-23T09:55:52Z,2026-08-23T11:55:52+0200,e9ed0e7a-f773-48fd-b5c3-626d89d5de64,2026-08-20T07:30:00Z,2026-08-20T09:30:00+0200,4193.81006,MW,FR,FR,forecast_onshore_wind_generation,Wind Onshore,2026-08-23T09:57:02Z
2026-08-23T09:55:52Z,2026-08-23T11:55:52+0200,e9ed0e7a-f773-48fd-b5c3-626d89d5de64,2026-08-20T07:45:00Z,2026-08-20T09:45:00+0200,4413.94971,MW,FR,FR,forecast_onshore_wind_generation,Wind Onshore,2026-08-23T09:57:02Z
2026-08-23T09:55:52Z,2026-08-23T11:55:52+0200,e9ed0e7a-f773-48fd-b5c3-626d89d5de64,2026-08-20T08:00:00Z,2026-08-20T10:00:00+0200,4634.37988,MW,FR,FR,forecast_onshore_wind_generation,Wind Onshore,2026-08-23T09:57:02Z
2026-08-23T09:55:52Z,2026-08-23T11:55:52+0200,e9ed0e7a-f773-48fd-b5c3-626d89d5de64,2026-08-20T08:15:00Z,2026-08-20T10:15:00+0200,4662.9502,MW,FR,FR,forecast_onshore_wind_generation,Wind Onshore,2026-08-23T09:57:02Z
2026-08-23T09:55:52Z,2026-08-23T11:55:52+0200,e9ed0e7a-f773-48fd-b5c3-626d89d5de64,2026-08-20T08:30:00Z,2026-08-20T10:30:00+0200,4691.76025,MW,FR,FR,forecast_onshore_wind_generation,Wind Onshore,2026-08-23T09:57:02Z
2026-08-23T09:55:52Z,2026-08-23T11:55:52+0200,e9ed0e7a-f773-48fd-b5c3-626d89d5de64,2026-08-20T08:45:00Z,2026-08-20T10:45:00+0200,4720.7002,MW,FR,FR,forecast_onshore_wind_generation,Wind Onshore,2026-08-23T09:57:02Z
2026-08-23T09:55:52Z,2026-08-23T11:55:52+0200,e9ed0e7a-f773-48fd-b5c3-626d89d5de64,2026-08-20T09:00:00Z,2026-08-20T11:00:00+0200,4749.65039,MW,FR,FR,forecast_onshore_wind_generation,Wind Onshore,2026-08-23T09:57:02Z
2026-08-23T09:55:52Z,2026-08-23T11:55:52+0200,e9ed0e7a-f773-48fd-b5c3-626d89d5de64,2026-08-20T09:15:00Z,2026-08-20T11:15:00+0200,4944.59033,MW,FR,FR,forecast_onshore_wind_generation,Wind Onshore,2026-08-23T09:57:02Z
2026-08-23T09:55:52Z,2026-08-23T11:55:52+0200,e9ed0e7a-f773-48fd-b5c3-626d89d5de64,2026-08-20T09:30:00Z,2026-08-20T11:30:00+0200,5139.78027,MW,FR,FR,forecast_onshore_wind_generation,Wind Onshore,2026-08-23T09:57:02Z
2026-08-23T09:55:52Z,2026-08-23T11:55:52+0200,e9ed0e7a-f773-48fd-b5c3-626d89d5de64,2026-08-20T09:45:00Z,2026-08-20T11:45:00+0200,5335.49023,MW,FR,FR,forecast_onshore_wind_generation,Wind Onshore,2026-08-23T09:57:02Z
2026-08-23T09:55:52Z,2026-08-23T11:55:52+0200,e9ed0e7a-f773-48fd-b5c3-626d89d5de64,2026-08-20T10:00:00Z,2026-08-20T12:00:00+0200,5531.99023,MW,FR,FR,forecast_onshore_wind_generation,Wind Onshore,2026-08-23T09:57:02Z
2026-08-23T09:55:52Z,2026-08-23T11:55:52+0200,e9ed0e7a-f773-48fd-b5c3-626d89d5de64,2026-08-20T10:15:00Z,2026-08-20T12:15:00+0200,5789.2002,MW,FR,FR,forecast_onshore_wind_generation,Wind Onshore,2026-08-23T09:57:02Z
2026-08-23T09:55:52Z,2026-08-23T11:55:52+0200,e9ed0e7a-f773-48fd-b5c3-626d89d5de64,2026-08-20T10:30:00Z,2026-08-20T12:30:00+0200,6046.44971,MW,FR,FR,forecast_onshore_wind_generation,Wind Onshore,2026-08-23T09:57:02Z
2026-08-23T09:55:52Z,2026-08-23T11:55:52+0200,e9ed0e7a-f773-48fd-b5c3-626d89d5de64,2026-08-20T10:45:00Z,2026-08-20T12:45:00+0200,6303.66016,MW,FR,FR,forecast_onshore_wind_generation,Wind Onshore,2026-08-23T09:57:02Z
2026-08-23T09:55:52Z,2026-08-23T11:55:52+0200,e9ed0e7a-f773-48fd-b5c3-626d89d5de64,2026-08-20T11:00:00Z,2026-08-20T13:00:00+0200,6561.1001,MW,FR,FR,forecast_onshore_wind_generation,Wind Onshore,2026-08-23T09:57:02Z
2026-08-23T09:55:52Z,2026-08-23T11:55:52+0200,e9ed0e7a-f773-48fd-b5c3-626d89d5de64,2026-08-20T11:15:00Z,2026-08-20T13:15:00+0200,6749.17969,MW,FR,FR,forecast_onshore_wind_generation,Wind Onshore,2026-08-23T09:57:02Z
2026-08-23T09:55:52Z,2026-08-23T11:55:52+0200,e9ed0e7a-f773-48fd-b5c3-626d89d5de64,2026-08-20T11:30:00Z,2026-08-20T13:30:00+0200,6937.27002,MW,FR,FR,forecast_onshore_wind_generation,Wind Onshore,2026-08-23T09:57:02Z
2026-08-23T09:55:52Z,2026-08-23T11:55:52+0200,e9ed0e7a-f773-48fd-b5c3-626d89d5de64,2026-08-20T11:45:00Z,2026-08-20T13:45:00+0200,7125.29004,MW,FR,FR,forecast_onshore_wind_generation,Wind Onshore,2026-08-23T09:57:02Z
2026-08-23T09:55:52Z,2026-08-23T11:55:52+0200,e9ed0e7a-f773-48fd-b5c3-626d89d5de64,2026-08-20T12:00:00Z,2026-08-20T14:00:00+0200,7313.33008,MW,FR,FR,forecast_onshore_wind_generation,Wind Onshore,2026-08-23T09:57:02Z
2026-08-23T09:55:52Z,2026-08-23T11:55:52+0200,e9ed0e7a-f773-48fd-b5c3-626d89d5de64,2026-08-20T12:15:00Z,2026-08-20T14:15:00+0200,7432.23975,MW,FR,FR,forecast_onshore_wind_generation,Wind Onshore,2026-08-23T09:57:02Z
2026-08-23T09:55:52Z,2026-08-23T11:55:52+0200,e9ed0e7a-f773-48fd-b5c3-626d89d5de64,2026-08-20T12:30:00Z,2026-08-20T14:30:00+0200,7551.17969,MW,FR,FR,forecast_onshore_wind_generation,Wind Onshore,2026-08-23T09:57:02Z
2026-08-23T09:55:52Z,2026-08-23T11:55:52+0200,e9ed0e7a-f773-48fd-b5c3-626d89d5de64,2026-08-20T12:45:00Z,2026-08-20T14:45:00+0200,7670.27051,MW,FR,FR,forecast_onshore_wind_generation,Wind Onshore,2026-08-23T09:57:02Z
2026-08-23T09:55:52Z,2026-08-23T11:55:52+0200,e9ed0e7a-f773-48fd-b5c3-626d89d5de64,2026-08-20T13:00:00Z,2026-08-20T15:00:00+0200,7789.5498,MW,FR,FR,forecast_onshore_wind_generation,Wind Onshore,2026-08-23T09:57:02Z
2026-08-23T09:55:52Z,2026-08-23T11:55:52+0200,e9ed0e7a-f773-48fd-b5c3-626d89d5de64,2026-08-20T13:15:00Z,2026-08-20T15:15:00+0200,7766.05029,MW,FR,FR,forecast_onshore_wind_generation,Wind Onshore,2026-08-23T09:57:02Z
2026-08-23T09:55:52Z,2026-08-23T11:55:52+0200,e9ed0e7a-f773-48fd-b5c3-626d89d5de64,2026-08-20T13:30:00Z,2026-08-20T15:30:00+0200,7742.56934,MW,FR,FR,forecast_onshore_wind_generation,Wind Onshore,2026-08-23T09:57:02Z
2026-08-23T09:55:52Z,2026-08-23T11:55:52+0200,e9ed0e7a-f773-48fd-b5c3-626d89d5de64,2026-08-20T13:45:00Z,2026-08-20T15:45:00+0200,7719.25,MW,FR,FR,forecast_onshore_wind_generation,Wind Onshore,2026-08-23T09:57:02Z
2026-08-23T09:55:52Z,2026-08-23T11:55:52+0200,e9ed0e7a-f773-48fd-b5c3-626d89d5de64,2026-08-20T14:00:00Z,2026-08-20T16:00:00+0200,7696.00049,MW,FR,FR,forecast_onshore_wind_generation,Wind Onshore,2026-08-23T09:57:02Z
2026-08-23T09:55:52Z,2026-08-23T11:55:52+0200,e9ed0e7a-f773-48fd-b5c3-626d89d5de64,2026-08-20T14:15:00Z,2026-08-20T16:15:00+0200,7709.77979,MW,FR,FR,forecast_onshore_wind_generation,Wind Onshore,2026-08-23T09:57:02Z
2026-08-23T09:55:52Z,2026-08-23T11:55:52+0200,e9ed0e7a-f773-48fd-b5c3-626d89d5de64,2026-08-20T14:30:00Z,2026-08-20T16:30:00+0200,7723.56982,MW,FR,FR,forecast_onshore_wind_generation,Wind Onshore,2026-08-23T09:57:02Z
2026-08-23T09:55:52Z,2026-08-23T11:55:52+0200,e9ed0e7a-f773-48fd-b5c3-626d89d5de64,2026-08-20T14:45:00Z,2026-08-20T16:45:00+0200,7737.65039,MW,FR,FR,forecast_onshore_wind_generation,Wind Onshore,2026-08-23T09:57:02Z
2026-08-23T09:55:52Z,2026-08-23T11:55:52+0200,e9ed0e7a-f773-48fd-b5c3-626d89d5de64,2026-08-20T15:00:00Z,2026-08-20T17:00:00+0200,7751.83984,MW,FR,FR,forecast_onshore_wind_generation,Wind Onshore,2026-08-23T09:57:02Z
2026-08-23T09:55:52Z,2026-08-23T11:55:52+0200,e9ed0e7a-f773-48fd-b5c3-626d89d5de64,2026-08-20T15:15:00Z,2026-08-20T17:15:00+0200,7638.3999,MW,FR,FR,forecast_onshore_wind_generation,Wind Onshore,2026-08-23T09:57:02Z
2026-08-23T09:55:52Z,2026-08-23T11:55:52+0200,e9ed0e7a-f773-48fd-b5c3-626d89d5de64,2026-08-20T15:30:00Z,2026-08-20T17:30:00+0200,7524.99023,MW,FR,FR,forecast_onshore_wind_generation,Wind Onshore,2026-08-23T09:57:02Z
2026-08-23T09:55:52Z,2026-08-23T11:55:52+0200,e9ed0e7a-f773-48fd-b5c3-626d89d5de64,2026-08-20T15:45:00Z,2026-08-20T17:45:00+0200,7411.5498,MW,FR,FR,forecast_onshore_wind_generation,Wind Onshore,2026-08-23T09:57:02Z
2026-08-23T09:55:52Z,2026-08-23T11:55:52+0200,e9ed0e7a-f773-48fd-b5c3-626d89d5de64,2026-08-20T16:00:00Z,2026-08-20T18:00:00+0200,7298.13037,MW,FR,FR,forecast_onshore_wind_generation,Wind Onshore,2026-08-23T09:57:02Z
2026-08-23T09:55:52Z,2026-08-23T11:55:52+0200,e9ed0e7a-f773-48fd-b5c3-626d89d5de64,2026-08-20T16:15:00Z,2026-08-20T18:15:00+0200,7007.07031,MW,FR,FR,forecast_onshore_wind_generation,Wind Onshore,2026-08-23T09:57:02Z
2026-08-23T09:55:52Z,2026-08-23T11:55:52+0200,e9ed0e7a-f773-48fd-b5c3-626d89d5de64,2026-08-20T16:30:00Z,2026-08-20T18:30:00+0200,6716.04004,MW,FR,FR,forecast_onshore_wind_generation,Wind Onshore,2026-08-23T09:57:02Z
2026-08-23T09:55:52Z,2026-08-23T11:55:52+0200,e9ed0e7a-f773-48fd-b5c3-626d89d5de64,2026-08-20T16:45:00Z,2026-08-20T18:45:00+0200,6425.31982,MW,FR,FR,forecast_onshore_wind_generation,Wind Onshore,2026-08-23T09:57:02Z
2026-08-23T09:55:52Z,2026-08-23T11:55:52+0200,e9ed0e7a-f773-48fd-b5c3-626d89d5de64,2026-08-20T17:00:00Z,2026-08-20T19:00:00+0200,6134.57031,MW,FR,FR,forecast_onshore_wind_generation,Wind Onshore,2026-08-23T09:57:02Z
2026-08-23T09:55:52Z,2026-08-23T11:55:52+0200,e9ed0e7a-f773-48fd-b5c3-626d89d5de64,2026-08-20T17:15:00Z,2026-08-20T19:15:00+0200,5827.3501,MW,FR,FR,forecast_onshore_wind_generation,Wind Onshore,2026-08-23T09:57:02Z
2026-08-23T09:55:52Z,2026-08-23T11:55:52+0200,e9ed0e7a-f773-48fd-b5c3-626d89d5de64,2026-08-20T17:30:00Z,2026-08-20T19:30:00+0200,5520.12012,MW,FR,FR,forecast_onshore_wind_generation,Wind Onshore,2026-08-23T09:57:02Z
2026-08-23T09:55:52Z,2026-08-23T11:55:52+0200,e9ed0e7a-f773-48fd-b5c3-626d89d5de64,2026-08-20T17:45:00Z,2026-08-20T19:45:00+0200,5213.37988,MW,FR,FR,forecast_onshore_wind_generation,Wind Onshore,2026-08-23T09:57:02Z
2026-08-23T09:55:52Z,2026-08-23T11:55:52+0200,e9ed0e7a-f773-48fd-b5c3-626d89d5de64,2026-08-20T18:00:00Z,2026-08-20T20:00:00+0200,4906.6499,MW,FR,FR,forecast_onshore_wind_generation,Wind Onshore,2026-08-23T09:57:02Z
2026-08-23T09:55:52Z,2026-08-23T11:55:52+0200,e9ed0e7a-f773-48fd-b5c3-626d89d5de64,2026-08-20T18:15:00Z,2026-08-20T20:15:00+0200,4719.09033,MW,FR,FR,forecast_onshore_wind_generation,Wind Onshore,2026-08-23T09:57:02Z
2026-08-23T09:55:52Z,2026-08-23T11:55:52+0200,e9ed0e7a-f773-48fd-b5c3-626d89d5de64,2026-08-20T18:30:00Z,2026-08-20T20:30:00+0200,4531.57959,MW,FR,FR,forecast_onshore_wind_generation,Wind Onshore,2026-08-23T09:57:02Z
2026-08-23T09:55:52Z,2026-08-23T11:55:52+0200,e9ed0e7a-f773-48fd-b5c3-626d89d5de64,2026-08-20T18:45:00Z,2026-08-20T20:45:00+0200,4343.7998,MW,FR,FR,forecast_onshore_wind_generation,Wind Onshore,2026-08-23T09:57:02Z
2026-08-23T09:55:52Z,2026-08-23T11:55:52+0200,e9ed0e7a-f773-48fd-b5c3-626d89d5de64,2026-08-20T19:00:00Z,2026-08-20T21:00:00+0200,4156.19971,MW,FR,FR,forecast_onshore_wind_generation,Wind Onshore,2026-08-23T09:57:02Z
2026-08-23T09:55:52Z,2026-08-23T11:55:52+0200,e9ed0e7a-f773-48fd-b5c3-626d89d5de64,2026-08-20T19:15:00Z,2026-08-20T21:15:00+0200,4135.45996,MW,FR,FR,forecast_onshore_wind_generation,Wind Onshore,2026-08-23T09:57:02Z
2026-08-23T09:55:52Z,2026-08-23T11:55:52+0200,e9ed0e7a-f773-48fd-b5c3-626d89d5de64,2026-08-20T19:30:00Z,2026-08-20T21:30:00+0200,4114.89014,MW,FR,FR,forecast_onshore_wind_generation,Wind Onshore,2026-08-23T09:57:02Z
2026-08-23T09:55:52Z,2026-08-23T11:55:52+0200,e9ed0e7a-f773-48fd-b5c3-626d89d5de64,2026-08-20T19:45:00Z,2026-08-20T21:45:00+0200,4094.28003,MW,FR,FR,forecast_onshore_wind_generation,Wind Onshore,2026-08-23T09:57:02Z
2026-08-23T09:55:52Z,2026-08-23T11:55:52+0200,e9ed0e7a-f773-48fd-b5c3-626d89d5de64,2026-08-20T20:00:00Z,2026-08-20T22:00:00+0200,4073.67017,MW,FR,FR,forecast_onshore_wind_generation,Wind Onshore,2026-08-23T09:57:02Z
2026-08-23T09:55:52Z,2026-08-23T11:55:52+0200,e9ed0e7a-f773-48fd-b5c3-626d89d5de64,2026-08-20T20:15:00Z,2026-08-20T22:15:00+0200,4009.5498,MW,FR,FR,forecast_onshore_wind_generation,Wind Onshore,2026-08-23T09:57:02Z
2026-08-23T09:55:52Z,2026-08-23T11:55:52+0200,e9ed0e7a-f773-48fd-b5c3-626d89d5de64,2026-08-20T20:30:00Z,2026-08-20T22:30:00+0200,3945.43018,MW,FR,FR,forecast_onshore_wind_generation,Wind Onshore,2026-08-23T09:57:02Z
2026-08-23T09:55:52Z,2026-08-23T11:55:52+0200,e9ed0e7a-f773-48fd-b5c3-626d89d5de64,2026-08-20T20:45:00Z,2026-08-20T22:45:00+0200,3881.25,MW,FR,FR,forecast_onshore_wind_generation,Wind Onshore,2026-08-23T09:57:02Z
2026-08-23T09:55:52Z,2026-08-23T11:55:52+0200,e9ed0e7a-f773-48fd-b5c3-626d89d5de64,2026-08-20T21:00:00Z,2026-08-20T23:00:00+0200,3817.16016,MW,FR,FR,forecast_onshore_wind_generation,Wind Onshore,2026-08-23T09:57:02Z
2026-08-23T09:55:52Z,2026-08-23T11:55:52+0200,e9ed0e7a-f773-48fd-b5c3-626d89d5de64,2026-08-20T21:15:00Z,2026-08-20T23:15:00+0200,3775.67017,MW,FR,FR,forecast_onshore_wind_generation,Wind Onshore,2026-08-23T09:57:02Z
2026-08-23T09:55:52Z,2026-08-23T11:55:52+0200,e9ed0e7a-f773-48fd-b5c3-626d89d5de64,2026-08-20T21:30:00Z,2026-08-20T23:30:00+0200,3734.26978,MW,FR,FR,forecast_onshore_wind_generation,Wind Onshore,2026-08-23T09:57:02Z
2026-08-23T09:55:52Z,2026-08-23T11:55:52+0200,e9ed0e7a-f773-48fd-b5c3-626d89d5de64,2026-08-20T21:45:00Z,2026-08-20T23:45:00+0200,3692.66992,MW,FR,FR,forecast_onshore_wind_generation,Wind Onshore,2026-08-23T09:57:02Z
2026-08-23T09:55:52Z,2026-08-23T11:55:52+0200,e9ed0e7a-f773-48fd-b5c3-626d89d5de64,2026-08-20T22:00:00Z,2026-08-21T00:00:00+0200,3290.27002,MW,FR,FR,forecast_onshore_wind_generation,Wind Onshore,2026-08-23T09:57:02Z
2026-08-23T09:55:52Z,2026-08-23T11:55:52+0200,e9ed0e7a-f773-48fd-b5c3-626d89d5de64,2026-08-20T22:15:00Z,2026-08-21T00:15:00+0200,3237.1499,MW,FR,FR,forecast_onshore_wind_generation,Wind Onshore,2026-08-23T09:57:02Z
2026-08-23T09:55:52Z,2026-08-23T11:55:52+0200,e9ed0e7a-f773-48fd-b5c3-626d89d5de64,2026-08-20T22:30:00Z,2026-08-21T00:30:00+0200,3184.43994,MW,FR,FR,forecast_onshore_wind_generation,Wind Onshore,2026-08-23T09:57:02Z
2026-08-23T09:55:52Z,2026-08-23T11:55:52+0200,e9ed0e7a-f773-48fd-b5c3-626d89d5de64,2026-08-20T22:45:00Z,2026-08-21T00:45:00+0200,3132.06006,MW,FR,FR,forecast_onshore_wind_generation,Wind Onshore,2026-08-23T09:57:02Z
2026-08-23T09:55:52Z,2026-08-23T11:55:52+0200,e9ed0e7a-f773-48fd-b5c3-626d89d5de64,2026-08-20T23:00:00Z,2026-08-21T01:00:00+0200,3079.96997,MW,FR,FR,forecast_onshore_wind_generation,Wind Onshore,2026-08-23T09:57:02Z
2026-08-23T09:55:52Z,2026-08-23T11:55:52+0200,e9ed0e7a-f773-48fd-b5c3-626d89d5de64,2026-08-20T23:15:00Z,2026-08-21T01:15:00+0200,3026.6001,MW,FR,FR,forecast_onshore_wind_generation,Wind Onshore,2026-08-23T09:57:02Z
2026-08-23T09:55:52Z,2026-08-23T11:55:52+0200,e9ed0e7a-f773-48fd-b5c3-626d89d5de64,2026-08-20T23:30:00Z,2026-08-21T01:30:00+0200,2973.57007,MW,FR,FR,forecast_onshore_wind_generation,Wind Onshore,2026-08-23T09:57:02Z
2026-08-23T09:55:52Z,2026-08-23T11:55:52+0200,e9ed0e7a-f773-48fd-b5c3-626d89d5de64,2026-08-20T23:45:00Z,2026-08-21T01:45:00+0200,2920.57007,MW,FR,FR,forecast_onshore_wind_generation,Wind Onshore,2026-08-23T09:57:02Z
2026-08-23T09:55:52Z,2026-08-23T11:55:52+0200,e9ed0e7a-f773-48fd-b5c3-626d89d5de64,2026-08-21T00:00:00Z,2026-08-21T02:00:00+0200,2868.08008,MW,FR,FR,forecast_onshore_wind_generation,Wind Onshore,2026-08-23T09:57:02Z
2026-08-23T09:55:52Z,2026-08-23T11:55:52+0200,e9ed0e7a-f773-48fd-b5c3-626d89d5de64,2026-08-21T00:15:00Z,2026-08-21T02:15:00+0200,2851.62988,MW,FR,FR,forecast_onshore_wind_generation,Wind Onshore,2026-08-23T09:57:02Z
2026-08-23T09:55:52Z,2026-08-23T11:55:52+0200,e9ed0e7a-f773-48fd-b5c3-626d89d5de64,2026-08-21T00:30:00Z,2026-08-21T02:30:00+0200,2835.48999,MW,FR,FR,forecast_onshore_wind_generation,Wind Onshore,2026-08-23T09:57:02Z
2026-08-23T09:55:52Z,2026-08-23T11:55:52+0200,e9ed0e7a-f773-48fd-b5c3-626d89d5de64,2026-08-21T00:45:00Z,2026-08-21T02:45:00+0200,2819.53003,MW,FR,FR,forecast_onshore_wind_generation,Wind Onshore,2026-08-23T09:57:02Z
2026-08-23T09:55:52Z,2026-08-23T11:55:52+0200,e9ed0e7a-f773-48fd-b5c3-626d89d5de64,2026-08-21T01:00:00Z,2026-08-21T03:00:00+0200,2803.86011,MW,FR,FR,forecast_onshore_wind_generation,Wind Onshore,2026-08-23T09:57:02Z
2026-08-23T09:55:52Z,2026-08-23T11:55:52+0200,e9ed0e7a-f773-48fd-b5c3-626d89d5de64,2026-08-21T01:15:00Z,2026-08-21T03:15:00+0200,2805.81006,MW,FR,FR,forecast_onshore_wind_generation,Wind Onshore,2026-08-23T09:57:02Z
2026-08-23T09:55:52Z,2026-08-23T11:55:52+0200,e9ed0e7a-f773-48fd-b5c3-626d89d5de64,2026-08-21T01:30:00Z,2026-08-21T03:30:00+0200,2808.09009,MW,FR,FR,forecast_onshore_wind_generation,Wind Onshore,2026-08-23T09:57:02Z
2026-08-23T09:55:52Z,2026-08-23T11:55:52+0200,e9ed0e7a-f773-48fd-b5c3-626d89d5de64,2026-08-21T01:45:00Z,2026-08-21T03:45:00+0200,2810.95996,MW,FR,FR,forecast_onshore_wind_generation,Wind Onshore,2026-08-23T09:57:02Z
2026-08-23T09:55:52Z,2026-08-23T11:55:52+0200,e9ed0e7a-f773-48fd-b5c3-626d89d5de64,2026-08-21T02:00:00Z,2026-08-21T04:00:00+0200,2814.1001,MW,FR,FR,forecast_onshore_wind_generation,Wind Onshore,2026-08-23T09:57:02Z
2026-08-23T09:55:52Z,2026-08-23T11:55:52+0200,e9ed0e7a-f773-48fd-b5c3-626d89d5de64,2026-08-21T02:15:00Z,2026-08-21T04:15:00+0200,2804.37988,MW,FR,FR,forecast_onshore_wind_generation,Wind Onshore,2026-08-23T09:57:02Z
2026-08-23T09:55:52Z,2026-08-23T11:55:52+0200,e9ed0e7a-f773-48fd-b5c3-626d89d5de64,2026-08-21T02:30:00Z,2026-08-21T04:30:00+0200,2794.87988,MW,FR,FR,forecast_onshore_wind_generation,Wind Onshore,2026-08-23T09:57:02Z
2026-08-23T09:55:52Z,2026-08-23T11:55:52+0200,e9ed0e7a-f773-48fd-b5c3-626d89d5de64,2026-08-21T02:45:00Z,2026-08-21T04:45:00+0200,2785.37012,MW,FR,FR,forecast_onshore_wind_generation,Wind Onshore,2026-08-23T09:57:02Z
2026-08-23T09:55:52Z,2026-08-23T11:55:52+0200,e9ed0e7a-f773-48fd-b5c3-626d89d5de64,2026-08-21T03:00:00Z,2026-08-21T05:00:00+0200,2776.06006,MW,FR,FR,forecast_onshore_wind_generation,Wind Onshore,2026-08-23T09:57:02Z
2026-08-23T09:55:52Z,2026-08-23T11:55:52+0200,e9ed0e7a-f773-48fd-b5c3-626d89d5de64,2026-08-21T03:15:00Z,2026-08-21T05:15:00+0200,2724.76025,MW,FR,FR,forecast_onshore_wind_generation,Wind Onshore,2026-08-23T09:57:02Z
2026-08-23T09:55:52Z,2026-08-23T11:55:52+0200,e9ed0e7a-f773-48fd-b5c3-626d89d5de64,2026-08-21T03:30:00Z,2026-08-21T05:30:00+0200,2673.87988,MW,FR,FR,forecast_onshore_wind_generation,Wind Onshore,2026-08-23T09:57:02Z
2026-08-23T09:55:52Z,2026-08-23T11:55:52+0200,e9ed0e7a-f773-48fd-b5c3-626d89d5de64,2026-08-21T03:45:00Z,2026-08-21T05:45:00+0200,2623.08008,MW,FR,FR,forecast_onshore_wind_generation,Wind Onshore,2026-08-23T09:57:02Z
2026-08-23T09:55:52Z,2026-08-23T11:55:52+0200,e9ed0e7a-f773-48fd-b5c3-626d89d5de64,2026-08-21T04:00:00Z,2026-08-21T06:00:00+0200,2572.33984,MW,FR,FR,forecast_onshore_wind_generation,Wind Onshore,2026-08-23T09:57:02Z
2026-08-23T09:55:52Z,2026-08-23T11:55:52+0200,e9ed0e7a-f773-48fd-b5c3-626d89d5de64,2026-08-21T04:15:00Z,2026-08-21T06:15:00+0200,2507.57007,MW,FR,FR,forecast_onshore_wind_generation,Wind Onshore,2026-08-23T09:57:02Z
2026-08-23T09:55:52Z,2026-08-23T11:55:52+0200,e9ed0e7a-f773-48fd-b5c3-626d89d5de64,2026-08-21T04:30:00Z,2026-08-21T06:30:00+0200,2442.91016,MW,FR,FR,forecast_onshore_wind_generation,Wind Onshore,2026-08-23T09:57:02Z
2026-08-23T09:55:52Z,2026-08-23T11:55:52+0200,e9ed0e7a-f773-48fd-b5c3-626d89d5de64,2026-08-21T04:45:00Z,2026-08-21T06:45:00+0200,2378.48999,MW,FR,FR,forecast_onshore_wind_generation,Wind Onshore,2026-08-23T09:57:02Z
2026-08-23T09:55:52Z,2026-08-23T11:55:52+0200,e9ed0e7a-f773-48fd-b5c3-626d89d5de64,2026-08-21T05:00:00Z,2026-08-21T07:00:00+0200,2314.72998,MW,FR,FR,forecast_onshore_wind_generation,Wind Onshore,2026-08-23T09:57:02Z
2026-08-23T09:55:52Z,2026-08-23T11:55:52+0200,e9ed0e7a-f773-48fd-b5c3-626d89d5de64,2026-08-21T05:15:00Z,2026-08-21T07:15:00+0200,2241.99023,MW,FR,FR,forecast_onshore_wind_generation,Wind Onshore,2026-08-23T09:57:02Z
2026-08-23T09:55:52Z,2026-08-23T11:55:52+0200,e9ed0e7a-f773-48fd-b5c3-626d89d5de64,2026-08-21T05:30:00Z,2026-08-21T07:30:00+0200,2169.47998,MW,FR,FR,forecast_onshore_wind_generation,Wind Onshore,2026-08-23T09:57:02Z
2026-08-23T09:55:52Z,2026-08-23T11:55:52+0200,e9ed0e7a-f773-48fd-b5c3-626d89d5de64,2026-08-21T05:45:00Z,2026-08-21T07:45:00+0200,2097.33008,MW,FR,FR,forecast_onshore_wind_generation,Wind Onshore,2026-08-23T09:57:02Z
2026-08-23T09:55:52Z,2026-08-23T11:55:52+0200,e9ed0e7a-f773-48fd-b5c3-626d89d5de64,2026-08-21T06:00:00Z,2026-08-21T08:00:00+0200,2025.55994,MW,FR,FR,forecast_onshore_wind_generation,Wind Onshore,2026-08-23T09:57:02Z
2026-08-23T09:55:52Z,2026-08-23T11:55:52+0200,e9ed0e7a-f773-48fd-b5c3-626d89d5de64,2026-08-21T06:15:00Z,2026-08-21T08:15:00+0200,1864.43994,MW,FR,FR,forecast_onshore_wind_generation,Wind Onshore,2026-08-23T09:57:02Z
2026-08-23T09:55:52Z,2026-08-23T11:55:52+0200,e9ed0e7a-f773-48fd-b5c3-626d89d5de64,2026-08-21T06:30:00Z,2026-08-21T08:30:00+0200,1703.95996,MW,FR,FR,forecast_onshore_wind_generation,Wind Onshore,2026-08-23T09:57:02Z
2026-08-23T09:55:52Z,2026-08-23T11:55:52+0200,e9ed0e7a-f773-48fd-b5c3-626d89d5de64,2026-08-21T06:45:00Z,2026-08-21T08:45:00+0200,1544.44995,MW,FR,FR,forecast_onshore_wind_generation,Wind Onshore,2026-08-23T09:57:02Z
2026-08-23T09:55:52Z,2026-08-23T11:55:52+0200,e9ed0e7a-f773-48fd-b5c3-626d89d5de64,2026-08-21T07:00:00Z,2026-08-21T09:00:00+0200,1386.64001,MW,FR,FR,forecast_onshore_wind_generation,Wind Onshore,2026-08-23T09:57:02Z
2026-08-23T09:55:52Z,2026-08-23T11:55:52+0200,e9ed0e7a-f773-48fd-b5c3-626d89d5de64,2026-08-21T07:15:00Z,2026-08-21T09:15:00+0200,1389.69006,MW,FR,FR,forecast_onshore_wind_generation,Wind Onshore,2026-08-23T09:57:02Z
2026-08-23T09:55:52Z,2026-08-23T11:55:52+0200,e9ed0e7a-f773-48fd-b5c3-626d89d5de64,2026-08-21T07:30:00Z,2026-08-21T09:30:00+0200,1393.13,MW,FR,FR,forecast_onshore_wind_generation,Wind Onshore,2026-08-23T09:57:02Z
2026-08-23T09:55:52Z,2026-08-23T11:55:52+0200,e9ed0e7a-f773-48fd-b5c3-626d89d5de64,2026-08-21T07:45:00Z,2026-08-21T09:45:00+0200,1397.01001,MW,FR,FR,forecast_onshore_wind_generation,Wind Onshore,2026-08-23T09:57:02Z
2026-08-23T09:55:52Z,2026-08-23T11:55:52+0200,e9ed0e7a-f773-48fd-b5c3-626d89d5de64,2026-08-21T08:00:00Z,2026-08-21T10:00:00+0200,1401.38,MW,FR,FR,forecast_onshore_wind_generation,Wind Onshore,2026-08-23T09:57:02Z
2026-08-23T09:55:52Z,2026-08-23T11:55:52+0200,e9ed0e7a-f773-48fd-b5c3-626d89d5de64,2026-08-21T08:15:00Z,2026-08-21T10:15:00+0200,1451.27002,MW,FR,FR,forecast_onshore_wind_generation,Wind Onshore,2026-08-23T09:57:02Z
2026-08-23T09:55:52Z,2026-08-23T11:55:52+0200,e9ed0e7a-f773-48fd-b5c3-626d89d5de64,2026-08-21T08:30:00Z,2026-08-21T10:30:00+0200,1502.10999,MW,FR,FR,forecast_onshore_wind_generation,Wind Onshore,2026-08-23T09:57:02Z
2026-08-23T09:55:52Z,2026-08-23T11:55:52+0200,e9ed0e7a-f773-48fd-b5c3-626d89d5de64,2026-08-21T08:45:00Z,2026-08-21T10:45:00+0200,1553.41003,MW,FR,FR,forecast_onshore_wind_generation,Wind Onshore,2026-08-23T09:57:02Z
2026-08-23T09:55:52Z,2026-08-23T11:55:52+0200,e9ed0e7a-f773-48fd-b5c3-626d89d5de64,2026-08-21T09:00:00Z,2026-08-21T11:00:00+0200,1605.04004,MW,FR,FR,forecast_onshore_wind_generation,Wind Onshore,2026-08-23T09:57:02Z
2026-08-23T09:55:52Z,2026-08-23T11:55:52+0200,e9ed0e7a-f773-48fd-b5c3-626d89d5de64,2026-08-21T09:15:00Z,2026-08-21T11:15:00+0200,1640.32996,MW,FR,FR,forecast_onshore_wind_generation,Wind Onshore,2026-08-23T09:57:02Z
2026-08-23T09:55:52Z,2026-08-23T11:55:52+0200,e9ed0e7a-f773-48fd-b5c3-626d89d5de64,2026-08-21T09:30:00Z,2026-08-21T11:30:00+0200,1676.03003,MW,FR,FR,forecast_onshore_wind_generation,Wind Onshore,2026-08-23T09:57:02Z
2026-08-23T09:55:52Z,2026-08-23T11:55:52+0200,e9ed0e7a-f773-48fd-b5c3-626d89d5de64,2026-08-21T09:45:00Z,2026-08-21T11:45:00+0200,1712.19995,MW,FR,FR,forecast_onshore_wind_generation,Wind Onshore,2026-08-23T09:57:02Z
2026-08-23T09:55:52Z,2026-08-23T11:55:52+0200,e9ed0e7a-f773-48fd-b5c3-626d89d5de64,2026-08-21T10:00:00Z,2026-08-21T12:00:00+0200,1748.57996,MW,FR,FR,forecast_onshore_wind_generation,Wind Onshore,2026-08-23T09:57:02Z
2026-08-23T09:55:52Z,2026-08-23T11:55:52+0200,e9ed0e7a-f773-48fd-b5c3-626d89d5de64,2026-08-21T10:15:00Z,2026-08-21T12:15:00+0200,1822.67004,MW,FR,FR,forecast_onshore_wind_generation,Wind Onshore,2026-08-23T09:57:02Z
2026-08-23T09:55:52Z,2026-08-23T11:55:52+0200,e9ed0e7a-f773-48fd-b5c3-626d89d5de64,2026-08-21T10:30:00Z,2026-08-21T12:30:00+0200,1897.17017,MW,FR,FR,forecast_onshore_wind_generation,Wind Onshore,2026-08-23T09:57:02Z
2026-08-23T09:55:52Z,2026-08-23T11:55:52+0200,e9ed0e7a-f773-48fd-b5c3-626d89d5de64,2026-08-21T10:45:00Z,2026-08-21T12:45:00+0200,1971.88,MW,FR,FR,forecast_onshore_wind_generation,Wind Onshore,2026-08-23T09:57:02Z
2026-08-23T09:55:52Z,2026-08-23T11:55:52+0200,e9ed0e7a-f773-48fd-b5c3-626d89d5de64,2026-08-21T11:00:00Z,2026-08-21T13:00:00+0200,2046.95996,MW,FR,FR,forecast_onshore_wind_generation,Wind Onshore,2026-08-23T09:57:02Z
2026-08-23T09:55:52Z,2026-08-23T11:55:52+0200,e9ed0e7a-f773-48fd-b5c3-626d89d5de64,2026-08-21T11:15:00Z,2026-08-21T13:15:00+0200,2142.84009,MW,FR,FR,forecast_onshore_wind_generation,Wind Onshore,2026-08-23T09:57:02Z
2026-08-23T09:55:52Z,2026-08-23T11:55:52+0200,e9ed0e7a-f773-48fd-b5c3-626d89d5de64,2026-08-21T11:30:00Z,2026-08-21T13:30:00+0200,2239.60986,MW,FR,FR,forecast_onshore_wind_generation,Wind Onshore,2026-08-23T09:57:02Z
2026-08-23T09:55:52Z,2026-08-23T11:55:52+0200,e9ed0e7a-f773-48fd-b5c3-626d89d5de64,2026-08-21T11:45:00Z,2026-08-21T13:45:00+0200,2337.09009,MW,FR,FR,forecast_onshore_wind_generation,Wind Onshore,2026-08-23T09:57:02Z
2026-08-23T09:55:52Z,2026-08-23T11:55:52+0200,e9ed0e7a-f773-48fd-b5c3-626d89d5de64,2026-08-21T12:00:00Z,2026-08-21T14:00:00+0200,2434.94995,MW,FR,FR,forecast_onshore_wind_generation,Wind Onshore,2026-08-23T09:57:02Z
2026-08-23T09:55:52Z,2026-08-23T11:55:52+0200,e9ed0e7a-f773-48fd-b5c3-626d89d5de64,2026-08-21T12:15:00Z,2026-08-21T14:15:00+0200,2574.26001,MW,FR,FR,forecast_onshore_wind_generation,Wind Onshore,2026-08-23T09:57:02Z
2026-08-23T09:55:52Z,2026-08-23T11:55:52+0200,e9ed0e7a-f773-48fd-b5c3-626d89d5de64,2026-08-21T12:30:00Z,2026-08-21T14:30:00+0200,2714.33984,MW,FR,FR,forecast_onshore_wind_generation,Wind Onshore,2026-08-23T09:57:02Z
2026-08-23T09:55:52Z,2026-08-23T11:55:52+0200,e9ed0e7a-f773-48fd-b5c3-626d89d5de64,2026-08-21T12:45:00Z,2026-08-21T14:45:00+0200,2854.62988,MW,FR,FR,forecast_onshore_wind_generation,Wind Onshore,2026-08-23T09:57:02Z
2026-08-23T09:55:52Z,2026-08-23T11:55:52+0200,e9ed0e7a-f773-48fd-b5c3-626d89d5de64,2026-08-21T13:00:00Z,2026-08-21T15:00:00+0200,2995.02979,MW,FR,FR,forecast_onshore_wind_generation,Wind Onshore,2026-08-23T09:57:02Z
2026-08-23T09:55:52Z,2026-08-23T11:55:52+0200,e9ed0e7a-f773-48fd-b5c3-626d89d5de64,2026-08-21T13:15:00Z,2026-08-21T15:15:00+0200,3156.50977,MW,FR,FR,forecast_onshore_wind_generation,Wind Onshore,2026-08-23T09:57:02Z
2026-08-23T09:55:52Z,2026-08-23T11:55:52+0200,e9ed0e7a-f773-48fd-b5c3-626d89d5de64,2026-08-21T13:30:00Z,2026-08-21T15:30:00+0200,3318.09009,MW,FR,FR,forecast_onshore_wind_generation,Wind Onshore,2026-08-23T09:57:02Z
2026-08-23T09:55:52Z,2026-08-23T11:55:52+0200,e9ed0e7a-f773-48fd-b5c3-626d89d5de64,2026-08-21T13:45:00Z,2026-08-21T15:45:00+0200,3480.01001,MW,FR,FR,forecast_onshore_wind_generation,Wind Onshore,2026-08-23T09:57:02Z
2026-08-23T09:55:52Z,2026-08-23T11:55:52+0200,e9ed0e7a-f773-48fd-b5c3-626d89d5de64,2026-08-21T14:00:00Z,2026-08-21T16:00:00+0200,3667.16016,MW,FR,FR,forecast_onshore_wind_generation,Wind Onshore,2026-08-23T09:57:02Z
2026-08-23T09:55:52Z,2026-08-23T11:55:52+0200,e9ed0e7a-f773-48fd-b5c3-626d89d5de64,2026-08-21T14:15:00Z,2026-08-21T16:15:00+0200,3757.28003,MW,FR,FR,forecast_onshore_wind_generation,Wind Onshore,2026-08-23T09:57:02Z
2026-08-23T09:55:52Z,2026-08-23T11:55:52+0200,e9ed0e7a-f773-48fd-b5c3-626d89d5de64,2026-08-21T14:30:00Z,2026-08-21T16:30:00+0200,3847.83984,MW,FR,FR,forecast_onshore_wind_generation,Wind Onshore,2026-08-23T09:57:02Z
2026-08-23T09:55:52Z,2026-08-23T11:55:52+0200,e9ed0e7a-f773-48fd-b5c3-626d89d5de64,2026-08-21T14:45:00Z,2026-08-21T16:45:00+0200,3938.66992,MW,FR,FR,forecast_onshore_wind_generation,Wind Onshore,2026-08-23T09:57:02Z
2026-08-23T09:55:52Z,2026-08-23T11:55:52+0200,e9ed0e7a-f773-48fd-b5c3-626d89d5de64,2026-08-21T15:00:00Z,2026-08-21T17:00:00+0200,4031.09009,MW,FR,FR,forecast_onshore_wind_generation,Wind Onshore,2026-08-23T09:57:02Z
2026-08-23T09:55:52Z,2026-08-23T11:55:52+0200,e9ed0e7a-f773-48fd-b5c3-626d89d5de64,2026-08-21T15:15:00Z,2026-08-21T17:15:00+0200,4055.93018,MW,FR,FR,forecast_onshore_wind_generation,Wind Onshore,2026-08-23T09:57:02Z
2026-08-23T09:55:52Z,2026-08-23T11:55:52+0200,e9ed0e7a-f773-48fd-b5c3-626d89d5de64,2026-08-21T15:30:00Z,2026-08-21T17:30:00+0200,4081.39014,MW,FR,FR,forecast_onshore_wind_generation,Wind Onshore,2026-08-23T09:57:02Z
2026-08-23T09:55:52Z,2026-08-23T11:55:52+0200,e9ed0e7a-f773-48fd-b5c3-626d89d5de64,2026-08-21T15:45:00Z,2026-08-21T17:45:00+0200,4107.1001,MW,FR,FR,forecast_onshore_wind_generation,Wind Onshore,2026-08-23T09:57:02Z
2026-08-23T09:55:52Z,2026-08-23T11:55:52+0200,e9ed0e7a-f773-48fd-b5c3-626d89d5de64,2026-08-21T16:00:00Z,2026-08-21T18:00:00+0200,4133.8999,MW,FR,FR,forecast_onshore_wind_generation,Wind Onshore,2026-08-23T09:57:02Z
2026-08-23T09:55:52Z,2026-08-23T11:55:52+0200,e9ed0e7a-f773-48fd-b5c3-626d89d5de64,2026-08-21T16:15:00Z,2026-08-21T18:15:00+0200,4202.70996,MW,FR,FR,forecast_onshore_wind_generation,Wind Onshore,2026-08-23T09:57:02Z
2026-08-23T09:55:52Z,2026-08-23T11:55:52+0200,e9ed0e7a-f773-48fd-b5c3-626d89d5de64,2026-08-21T16:30:00Z,2026-08-21T18:30:00+0200,4272.30957,MW,FR,FR,forecast_onshore_wind_generation,Wind Onshore,2026-08-23T09:57:02Z
2026-08-23T09:55:52Z,2026-08-23T11:55:52+0200,e9ed0e7a-f773-48fd-b5c3-626d89d5de64,2026-08-21T16:45:00Z,2026-08-21T18:45:00+0200,4341.93994,MW,FR,FR,forecast_onshore_wind_generation,Wind Onshore,2026-08-23T09:57:02Z
2026-08-23T09:55:52Z,2026-08-23T11:55:52+0200,e9ed0e7a-f773-48fd-b5c3-626d89d5de64,2026-08-21T17:00:00Z,2026-08-21T19:00:00+0200,4411.70996,MW,FR,FR,forecast_onshore_wind_generation,Wind Onshore,2026-08-23T09:57:02Z
2026-08-23T09:55:52Z,2026-08-23T11:55:52+0200,e9ed0e7a-f773-48fd-b5c3-626d89d5de64,2026-08-21T17:15:00Z,2026-08-21T19:15:00+0200,4359.22998,MW,FR,FR,forecast_onshore_wind_generation,Wind Onshore,2026-08-23T09:57:02Z
2026-08-23T09:55:52Z,2026-08-23T11:55:52+0200,e9ed0e7a-f773-48fd-b5c3-626d89d5de64,2026-08-21T17:30:00Z,2026-08-21T19:30:00+0200,4306.91992,MW,FR,FR,forecast_onshore_wind_generation,Wind Onshore,2026-08-23T09:57:02Z
2026-08-23T09:55:52Z,2026-08-23T11:55:52+0200,e9ed0e7a-f773-48fd-b5c3-626d89d5de64,2026-08-21T17:45:00Z,2026-08-21T19:45:00+0200,4254.99023,MW,FR,FR,forecast_onshore_wind_generation,Wind Onshore,2026-08-23T09:57:02Z
2026-08-23T09:55:52Z,2026-08-23T11:55:52+0200,e9ed0e7a-f773-48fd-b5c3-626d89d5de64,2026-08-21T18:00:00Z,2026-08-21T20:00:00+0200,4203.58008,MW,FR,FR,forecast_onshore_wind_generation,Wind Onshore,2026-08-23T09:57:02Z
2026-08-23T09:55:52Z,2026-08-23T11:55:52+0200,e9ed0e7a-f773-48fd-b5c3-626d89d5de64,2026-08-21T18:15:00Z,2026-08-21T20:15:00+0200,3953.90967,MW,FR,FR,forecast_onshore_wind_generation,Wind Onshore,2026-08-23T09:57:02Z
2026-08-23T09:55:52Z,2026-08-23T11:55:52+0200,e9ed0e7a-f773-48fd-b5c3-626d89d5de64,2026-08-21T18:30:00Z,2026-08-21T20:30:00+0200,3704.63965,MW,FR,FR,forecast_onshore_wind_generation,Wind Onshore,2026-08-23T09:57:02Z
2026-08-23T09:55:52Z,2026-08-23T11:55:52+0200,e9ed0e7a-f773-48fd-b5c3-626d89d5de64,2026-08-21T18:45:00Z,2026-08-21T20:45:00+0200,3455.3501,MW,FR,FR,forecast_onshore_wind_generation,Wind Onshore,2026-08-23T09:57:02Z
2026-08-23T09:55:52Z,2026-08-23T11:55:52+0200,e9ed0e7a-f773-48fd-b5c3-626d89d5de64,2026-08-21T19:00:00Z,2026-08-21T21:00:00+0200,3206.3501,MW,FR,FR,forecast_onshore_wind_generation,Wind Onshore,2026-08-23T09:57:02Z
2026-08-23T09:55:52Z,2026-08-23T11:55:52+0200,e9ed0e7a-f773-48fd-b5c3-626d89d5de64,2026-08-21T19:15:00Z,2026-08-21T21:15:00+0200,3093.52002,MW,FR,FR,forecast_onshore_wind_generation,Wind Onshore,2026-08-23T09:57:02Z
2026-08-23T09:55:52Z,2026-08-23T11:55:52+0200,e9ed0e7a-f773-48fd-b5c3-626d89d5de64,2026-08-21T19:30:00Z,2026-08-21T21:30:00+0200,2980.94995,MW,FR,FR,forecast_onshore_wind_generation,Wind Onshore,2026-08-23T09:57:02Z
2026-08-23T09:55:52Z,2026-08-23T11:55:52+0200,e9ed0e7a-f773-48fd-b5c3-626d89d5de64,2026-08-21T19:45:00Z,2026-08-21T21:45:00+0200,2868.55005,MW,FR,FR,forecast_onshore_wind_generation,Wind Onshore,2026-08-23T09:57:02Z
2026-08-23T09:55:52Z,2026-08-23T11:55:52+0200,e9ed0e7a-f773-48fd-b5c3-626d89d5de64,2026-08-21T20:00:00Z,2026-08-21T22:00:00+0200,2756.42993,MW,FR,FR,forecast_onshore_wind_generation,Wind Onshore,2026-08-23T09:57:02Z
2026-08-23T09:55:52Z,2026-08-23T11:55:52+0200,e9ed0e7a-f773-48fd-b5c3-626d89d5de64,2026-08-21T20:15:00Z,2026-08-21T22:15:00+0200,2734.2998,MW,FR,FR,forecast_onshore_wind_generation,Wind Onshore,2026-08-23T09:57:02Z
2026-08-23T09:55:52Z,2026-08-23T11:55:52+0200,e9ed0e7a-f773-48fd-b5c3-626d89d5de64,2026-08-21T20:30:00Z,2026-08-21T22:30:00+0200,2712.3999,MW,FR,FR,forecast_onshore_wind_generation,Wind Onshore,2026-08-23T09:57:02Z
2026-08-23T09:55:52Z,2026-08-23T11:55:52+0200,e9ed0e7a-f773-48fd-b5c3-626d89d5de64,2026-08-21T20:45:00Z,2026-08-21T22:45:00+0200,2690.66016,MW,FR,FR,forecast_onshore_wind_generation,Wind Onshore,2026-08-23T09:57:02Z
2026-08-23T09:55:52Z,2026-08-23T11:55:52+0200,e9ed0e7a-f773-48fd-b5c3-626d89d5de64,2026-08-21T21:00:00Z,2026-08-21T23:00:00+0200,2668.94995,MW,FR,FR,forecast_onshore_wind_generation,Wind Onshore,2026-08-23T09:57:02Z
2026-08-23T09:55:52Z,2026-08-23T11:55:52+0200,e9ed0e7a-f773-48fd-b5c3-626d89d5de64,2026-08-21T21:15:00Z,2026-08-21T23:15:00+0200,2697.18018,MW,FR,FR,forecast_onshore_wind_generation,Wind Onshore,2026-08-23T09:57:02Z
2026-08-23T09:55:52Z,2026-08-23T11:55:52+0200,e9ed0e7a-f773-48fd-b5c3-626d89d5de64,2026-08-21T21:30:00Z,2026-08-21T23:30:00+0200,2725.75,MW,FR,FR,forecast_onshore_wind_generation,Wind Onshore,2026-08-23T09:57:02Z
2026-08-23T09:55:52Z,2026-08-23T11:55:52+0200,e9ed0e7a-f773-48fd-b5c3-626d89d5de64,2026-08-21T21:45:00Z,2026-08-21T23:45:00+0200,2754.02002,MW,FR,FR,forecast_onshore_wind_generation,Wind Onshore,2026-08-23T09:57:02Z
2026-08-23T09:55:52Z,2026-08-23T11:55:52+0200,e9ed0e7a-f773-48fd-b5c3-626d89d5de64,2026-08-21T22:00:00Z,2026-08-22T00:00:00+0200,2999.0498,MW,FR,FR,forecast_onshore_wind_generation,Wind Onshore,2026-08-23T09:57:02Z
2026-08-23T09:55:52Z,2026-08-23T11:55:52+0200,e9ed0e7a-f773-48fd-b5c3-626d89d5de64,2026-08-21T22:15:00Z,2026-08-22T00:15:00+0200,2997.29004,MW,FR,FR,forecast_onshore_wind_generation,Wind Onshore,2026-08-23T09:57:02Z
2026-08-23T09:55:52Z,2026-08-23T11:55:52+0200,e9ed0e7a-f773-48fd-b5c3-626d89d5de64,2026-08-21T22:30:00Z,2026-08-22T00:30:00+0200,2995.52002,MW,FR,FR,forecast_onshore_wind_generation,Wind Onshore,2026-08-23T09:57:02Z
2026-08-23T09:55:52Z,2026-08-23T11:55:52+0200,e9ed0e7a-f773-48fd-b5c3-626d89d5de64,2026-08-21T22:45:00Z,2026-08-22T00:45:00+0200,2995.43018,MW,FR,FR,forecast_onshore_wind_generation,Wind Onshore,2026-08-23T09:57:02Z
2026-08-23T09:55:52Z,2026-08-23T11:55:52+0200,e9ed0e7a-f773-48fd-b5c3-626d89d5de64,2026-08-21T23:00:00Z,2026-08-22T01:00:00+0200,2995.39014,MW,FR,FR,forecast_onshore_wind_generation,Wind Onshore,2026-08-23T09:57:02Z
2026-08-23T09:55:52Z,2026-08-23T11:55:52+0200,e9ed0e7a-f773-48fd-b5c3-626d89d5de64,2026-08-21T23:15:00Z,2026-08-22T01:15:00+0200,2945.98999,MW,FR,FR,forecast_onshore_wind_generation,Wind Onshore,2026-08-23T09:57:02Z
2026-08-23T09:55:52Z,2026-08-23T11:55:52+0200,e9ed0e7a-f773-48fd-b5c3-626d89d5de64,2026-08-21T23:30:00Z,2026-08-22T01:30:00+0200,2896.59009,MW,FR,FR,forecast_onshore_wind_generation,Wind Onshore,2026-08-23T09:57:02Z
2026-08-23T09:55:52Z,2026-08-23T11:55:52+0200,e9ed0e7a-f773-48fd-b5c3-626d89d5de64,2026-08-21T23:45:00Z,2026-08-22T01:45:00+0200,2847.45996,MW,FR,FR,forecast_onshore_wind_generation,Wind Onshore,2026-08-23T09:57:02Z
2026-08-23T09:55:52Z,2026-08-23T11:55:52+0200,e9ed0e7a-f773-48fd-b5c3-626d89d5de64,2026-08-22T00:00:00Z,2026-08-22T02:00:00+0200,2798.34009,MW,FR,FR,forecast_onshore_wind_generation,Wind Onshore,2026-08-23T09:57:02Z
2026-08-23T09:55:52Z,2026-08-23T11:55:52+0200,e9ed0e7a-f773-48fd-b5c3-626d89d5de64,2026-08-22T00:15:00Z,2026-08-22T02:15:00+0200,2763.19019,MW,FR,FR,forecast_onshore_wind_generation,Wind Onshore,2026-08-23T09:57:02Z
2026-08-23T09:55:52Z,2026-08-23T11:55:52+0200,e9ed0e7a-f773-48fd-b5c3-626d89d5de64,2026-08-22T00:30:00Z,2026-08-22T02:30:00+0200,2728.10986,MW,FR,FR,forecast_onshore_wind_generation,Wind Onshore,2026-08-23T09:57:02Z
2026-08-23T09:55:52Z,2026-08-23T11:55:52+0200,e9ed0e7a-f773-48fd-b5c3-626d89d5de64,2026-08-22T00:45:00Z,2026-08-22T02:45:00+0200,2693.06982,MW,FR,FR,forecast_onshore_wind_generation,Wind Onshore,2026-08-23T09:57:02Z
2026-08-23T09:55:52Z,2026-08-23T11:55:52+0200,e9ed0e7a-f773-48fd-b5c3-626d89d5de64,2026-08-22T01:00:00Z,2026-08-22T03:00:00+0200,2658.07983,MW,FR,FR,forecast_onshore_wind_generation,Wind Onshore,2026-08-23T09:57:02Z
2026-08-23T09:55:52Z,2026-08-23T11:55:52+0200,e9ed0e7a-f773-48fd-b5c3-626d89d5de64,2026-08-22T01:15:00Z,2026-08-22T03:15:00+0200,2609.08008,MW,FR,FR,forecast_onshore_wind_generation,Wind Onshore,2026-08-23T09:57:02Z
2026-08-23T09:55:52Z,2026-08-23T11:55:52+0200,e9ed0e7a-f773-48fd-b5c3-626d89d5de64,2026-08-22T01:30:00Z,2026-08-22T03:30:00+0200,2560.11987,MW,FR,FR,forecast_onshore_wind_generation,Wind Onshore,2026-08-23T09:57:02Z
2026-08-23T09:55:52Z,2026-08-23T11:55:52+0200,e9ed0e7a-f773-48fd-b5c3-626d89d5de64,2026-08-22T01:45:00Z,2026-08-22T03:45:00+0200,2510.90991,MW,FR,FR,forecast_onshore_wind_generation,Wind Onshore,2026-08-23T09:57:02Z
2026-08-23T09:55:52Z,2026-08-23T11:55:52+0200,e9ed0e7a-f773-48fd-b5c3-626d89d5de64,2026-08-22T02:00:00Z,2026-08-22T04:00:00+0200,2461.76001,MW,FR,FR,forecast_onshore_wind_generation,Wind Onshore,2026-08-23T09:57:02Z
2026-08-23T09:55:52Z,2026-08-23T11:55:52+0200,e9ed0e7a-f773-48fd-b5c3-626d89d5de64,2026-08-22T02:15:00Z,2026-08-22T04:15:00+0200,2415.22998,MW,FR,FR,forecast_onshore_wind_generation,Wind Onshore,2026-08-23T09:57:02Z
2026-08-23T09:55:52Z,2026-08-23T11:55:52+0200,e9ed0e7a-f773-48fd-b5c3-626d89d5de64,2026-08-22T02:30:00Z,2026-08-22T04:30:00+0200,2368.76001,MW,FR,FR,forecast_onshore_wind_generation,Wind Onshore,2026-08-23T09:57:02Z
2026-08-23T09:55:52Z,2026-08-23T11:55:52+0200,e9ed0e7a-f773-48fd-b5c3-626d89d5de64,2026-08-22T02:45:00Z,2026-08-22T04:45:00+0200,2322.2998,MW,FR,FR,forecast_onshore_wind_generation,Wind Onshore,2026-08-23T09:57:02Z
2026-08-23T09:55:52Z,2026-08-23T11:55:52+0200,e9ed0e7a-f773-48fd-b5c3-626d89d5de64,2026-08-22T03:00:00Z,2026-08-22T05:00:00+0200,2275.86987,MW,FR,FR,forecast_onshore_wind_generation,Wind Onshore,2026-08-23T09:57:02Z
2026-08-23T09:55:52Z,2026-08-23T11:55:52+0200,e9ed0e7a-f773-48fd-b5c3-626d89d5de64,2026-08-22T03:15:00Z,2026-08-22T05:15:00+0200,2214.39014,MW,FR,FR,forecast_onshore_wind_generation,Wind Onshore,2026-08-23T09:57:02Z
2026-08-23T09:55:52Z,2026-08-23T11:55:52+0200,e9ed0e7a-f773-48fd-b5c3-626d89d5de64,2026-08-22T03:30:00Z,2026-08-22T05:30:00+0200,2152.87988,MW,FR,FR,forecast_onshore_wind_generation,Wind Onshore,2026-08-23T09:57:02Z
2026-08-23T09:55:52Z,2026-08-23T11:55:52+0200,e9ed0e7a-f773-48fd-b5c3-626d89d5de64,2026-08-22T03:45:00Z,2026-08-22T05:45:00+0200,2091.91016,MW,FR,FR,forecast_onshore_wind_generation,Wind Onshore,2026-08-23T09:57:02Z
2026-08-23T09:55:52Z,2026-08-23T11:55:52+0200,e9ed0e7a-f773-48fd-b5c3-626d89d5de64,2026-08-22T04:00:00Z,2026-08-22T06:00:00+0200,2030.96997,MW,FR,FR,forecast_onshore_wind_generation,Wind Onshore,2026-08-23T09:57:02Z
2026-08-23T09:55:52Z,2026-08-23T11:55:52+0200,e9ed0e7a-f773-48fd-b5c3-626d89d5de64,2026-08-22T04:15:00Z,2026-08-22T06:15:00+0200,1980.03003,MW,FR,FR,forecast_onshore_wind_generation,Wind Onshore,2026-08-23T09:57:02Z
2026-08-23T09:55:52Z,2026-08-23T11:55:52+0200,e9ed0e7a-f773-48fd-b5c3-626d89d5de64,2026-08-22T04:30:00Z,2026-08-22T06:30:00+0200,1929.11987,MW,FR,FR,forecast_onshore_wind_generation,Wind Onshore,2026-08-23T09:57:02Z
2026-08-23T09:55:52Z,2026-08-23T11:55:52+0200,e9ed0e7a-f773-48fd-b5c3-626d89d5de64,2026-08-22T04:45:00Z,2026-08-22T06:45:00+0200,1878.51001,MW,FR,FR,forecast_onshore_wind_generation,Wind Onshore,2026-08-23T09:57:02Z
2026-08-23T09:55:52Z,2026-08-23T11:55:52+0200,e9ed0e7a-f773-48fd-b5c3-626d89d5de64,2026-08-22T05:00:00Z,2026-08-22T07:00:00+0200,1827.89001,MW,FR,FR,forecast_onshore_wind_generation,Wind Onshore,2026-08-23T09:57:02Z
2026-08-23T09:55:52Z,2026-08-23T11:55:52+0200,e9ed0e7a-f773-48fd-b5c3-626d89d5de64,2026-08-22T05:15:00Z,2026-08-22T07:15:00+0200,1782.79004,MW,FR,FR,forecast_onshore_wind_generation,Wind Onshore,2026-08-23T09:57:02Z
2026-08-23T09:55:52Z,2026-08-23T11:55:52+0200,e9ed0e7a-f773-48fd-b5c3-626d89d5de64,2026-08-22T05:30:00Z,2026-08-22T07:30:00+0200,1737.69995,MW,FR,FR,forecast_onshore_wind_generation,Wind Onshore,2026-08-23T09:57:02Z
2026-08-23T09:55:52Z,2026-08-23T11:55:52+0200,e9ed0e7a-f773-48fd-b5c3-626d89d5de64,2026-08-22T05:45:00Z,2026-08-22T07:45:00+0200,1693.12,MW,FR,FR,forecast_onshore_wind_generation,Wind Onshore,2026-08-23T09:57:02Z
2026-08-23T09:55:52Z,2026-08-23T11:55:52+0200,e9ed0e7a-f773-48fd-b5c3-626d89d5de64,2026-08-22T06:00:00Z,2026-08-22T08:00:00+0200,1648.78003,MW,FR,FR,forecast_onshore_wind_generation,Wind Onshore,2026-08-23T09:57:02Z
2026-08-23T09:55:52Z,2026-08-23T11:55:52+0200,e9ed0e7a-f773-48fd-b5c3-626d89d5de64,2026-08-22T06:15:00Z,2026-08-22T08:15:00+0200,1504.77002,MW,FR,FR,forecast_onshore_wind_generation,Wind Onshore,2026-08-23T09:57:02Z
2026-08-23T09:55:52Z,2026-08-23T11:55:52+0200,e9ed0e7a-f773-48fd-b5c3-626d89d5de64,2026-08-22T06:30:00Z,2026-08-22T08:30:00+0200,1360.89001,MW,FR,FR,forecast_onshore_wind_generation,Wind Onshore,2026-08-23T09:57:02Z
2026-08-23T09:55:52Z,2026-08-23T11:55:52+0200,e9ed0e7a-f773-48fd-b5c3-626d89d5de64,2026-08-22T06:45:00Z,2026-08-22T08:45:00+0200,1217.29993,MW,FR,FR,forecast_onshore_wind_generation,Wind Onshore,2026-08-23T09:57:02Z
2026-08-23T09:55:52Z,2026-08-23T11:55:52+0200,e9ed0e7a-f773-48fd-b5c3-626d89d5de64,2026-08-22T07:00:00Z,2026-08-22T09:00:00+0200,1074.03003,MW,FR,FR,forecast_onshore_wind_generation,Wind Onshore,2026-08-23T09:57:02Z
2026-08-23T09:55:52Z,2026-08-23T11:55:52+0200,e9ed0e7a-f773-48fd-b5c3-626d89d5de64,2026-08-22T07:15:00Z,2026-08-22T09:15:00+0200,1035.0,MW,FR,FR,forecast_onshore_wind_generation,Wind Onshore,2026-08-23T09:57:02Z
2026-08-23T09:55:52Z,2026-08-23T11:55:52+0200,e9ed0e7a-f773-48fd-b5c3-626d89d5de64,2026-08-22T07:30:00Z,2026-08-22T09:30:00+0200,996.29004,MW,FR,FR,forecast_onshore_wind_generation,Wind Onshore,2026-08-23T09:57:02Z
2026-08-23T09:55:52Z,2026-08-23T11:55:52+0200,e9ed0e7a-f773-48fd-b5c3-626d89d5de64,2026-08-22T07:45:00Z,2026-08-22T09:45:00+0200,958.00995,MW,FR,FR,forecast_onshore_wind_generation,Wind Onshore,2026-08-23T09:57:02Z
2026-08-23T09:55:52Z,2026-08-23T11:55:52+0200,e9ed0e7a-f773-48fd-b5c3-626d89d5de64,2026-08-22T08:00:00Z,2026-08-22T10:00:00+0200,919.87,MW,FR,FR,forecast_onshore_wind_generation,Wind Onshore,2026-08-23T09:57:02Z
2026-08-23T09:55:52Z,2026-08-23T11:55:52+0200,e9ed0e7a-f773-48fd-b5c3-626d89d5de64,2026-08-22T08:15:00Z,2026-08-22T10:15:00+0200,927.75,MW,FR,FR,forecast_onshore_wind_generation,Wind Onshore,2026-08-23T09:57:02Z
2026-08-23T09:55:52Z,2026-08-23T11:55:52+0200,e9ed0e7a-f773-48fd-b5c3-626d89d5de64,2026-08-22T08:30:00Z,2026-08-22T10:30:00+0200,935.96997,MW,FR,FR,forecast_onshore_wind_generation,Wind Onshore,2026-08-23T09:57:02Z
2026-08-23T09:55:52Z,2026-08-23T11:55:52+0200,e9ed0e7a-f773-48fd-b5c3-626d89d5de64,2026-08-22T08:45:00Z,2026-08-22T10:45:00+0200,944.76007,MW,FR,FR,forecast_onshore_wind_generation,Wind Onshore,2026-08-23T09:57:02Z
2026-08-23T09:55:52Z,2026-08-23T11:55:52+0200,e9ed0e7a-f773-48fd-b5c3-626d89d5de64,2026-08-22T09:00:00Z,2026-08-22T11:00:00+0200,953.84998,MW,FR,FR,forecast_onshore_wind_generation,Wind Onshore,2026-08-23T09:57:02Z
2026-08-23T09:55:52Z,2026-08-23T11:55:52+0200,e9ed0e7a-f773-48fd-b5c3-626d89d5de64,2026-08-22T09:15:00Z,2026-08-22T11:15:00+0200,972.44995,MW,FR,FR,forecast_onshore_wind_generation,Wind Onshore,2026-08-23T09:57:02Z
2026-08-23T09:55:52Z,2026-08-23T11:55:52+0200,e9ed0e7a-f773-48fd-b5c3-626d89d5de64,2026-08-22T09:30:00Z,2026-08-22T11:30:00+0200,991.12012,MW,FR,FR,forecast_onshore_wind_generation,Wind Onshore,2026-08-23T09:57:02Z
2026-08-23T09:55:52Z,2026-08-23T11:55:52+0200,e9ed0e7a-f773-48fd-b5c3-626d89d5de64,2026-08-22T09:45:00Z,2026-08-22T11:45:00+0200,620.04974,MW,FR,FR,forecast_onshore_wind_generation,Wind Onshore,2026-08-23T09:57:02Z
2026-08-23T09:55:52Z,2026-08-23T11:55:52+0200,e9ed0e7a-f773-48fd-b5c3-626d89d5de64,2026-08-22T10:00:00Z,2026-08-22T12:00:00+0200,633.46014,MW,FR,FR,forecast_onshore_wind_generation,Wind Onshore,2026-08-23T09:57:02Z
2026-08-23T09:55:52Z,2026-08-23T11:55:52+0200,e9ed0e7a-f773-48fd-b5c3-626d89d5de64,2026-08-22T10:15:00Z,2026-08-22T12:15:00+0200,1038.75989,MW,FR,FR,forecast_onshore_wind_generation,Wind Onshore,2026-08-23T09:57:02Z
2026-08-23T09:55:52Z,2026-08-23T11:55:52+0200,e9ed0e7a-f773-48fd-b5c3-626d89d5de64,2026-08-22T10:30:00Z,2026-08-22T12:30:00+0200,1048.09998,MW,FR,FR,forecast_onshore_wind_generation,Wind Onshore,2026-08-23T09:57:02Z
2026-08-23T09:55:52Z,2026-08-23T11:55:52+0200,e9ed0e7a-f773-48fd-b5c3-626d89d5de64,2026-08-22T10:45:00Z,2026-08-22T12:45:00+0200,1057.60999,MW,FR,FR,forecast_onshore_wind_generation,Wind Onshore,2026-08-23T09:57:02Z
2026-08-23T09:55:52Z,2026-08-23T11:55:52+0200,e9ed0e7a-f773-48fd-b5c3-626d89d5de64,2026-08-22T11:00:00Z,2026-08-22T13:00:00+0200,1067.17004,MW,FR,FR,forecast_onshore_wind_generation,Wind Onshore,2026-08-23T09:57:02Z
2026-08-23T09:55:52Z,2026-08-23T11:55:52+0200,e9ed0e7a-f773-48fd-b5c3-626d89d5de64,2026-08-22T11:15:00Z,2026-08-22T13:15:00+0200,1080.00085,MW,FR,FR,forecast_onshore_wind_generation,Wind Onshore,2026-08-23T09:57:02Z
2026-08-23T09:55:52Z,2026-08-23T11:55:52+0200,e9ed0e7a-f773-48fd-b5c3-626d89d5de64,2026-08-22T11:30:00Z,2026-08-22T13:30:00+0200,670.06976,MW,FR,FR,forecast_onshore_wind_generation,Wind Onshore,2026-08-23T09:57:02Z
2026-08-23T09:55:52Z,2026-08-23T11:55:52+0200,e9ed0e7a-f773-48fd-b5c3-626d89d5de64,2026-08-22T11:45:00Z,2026-08-22T13:45:00+0200,677.92023,MW,FR,FR,forecast_onshore_wind_generation,Wind Onshore,2026-08-23T09:57:02Z
2026-08-23T09:55:52Z,2026-08-23T11:55:52+0200,e9ed0e7a-f773-48fd-b5c3-626d89d5de64,2026-08-22T12:00:00Z,2026-08-22T14:00:00+0200,685.59991,MW,FR,FR,forecast_onshore_wind_generation,Wind Onshore,2026-08-23T09:57:02Z
2026-08-23T09:55:52Z,2026-08-23T11:55:52+0200,e9ed0e7a-f773-48fd-b5c3-626d89d5de64,2026-08-22T12:15:00Z,2026-08-22T14:15:00+0200,705.24011,MW,FR,FR,forecast_onshore_wind_generation,Wind Onshore,2026-08-23T09:57:02Z
2026-08-23T09:55:52Z,2026-08-23T11:55:52+0200,e9ed0e7a-f773-48fd-b5c3-626d89d5de64,2026-08-22T12:30:00Z,2026-08-22T14:30:00+0200,724.83026,MW,FR,FR,forecast_onshore_wind_generation,Wind Onshore,2026-08-23T09:57:02Z
2026-08-23T09:55:52Z,2026-08-23T11:55:52+0200,e9ed0e7a-f773-48fd-b5c3-626d89d5de64,2026-08-22T12:45:00Z,2026-08-22T14:45:00+0200,744.75085,MW,FR,FR,forecast_onshore_wind_generation,Wind Onshore,2026-08-23T09:57:02Z
2026-08-23T09:55:52Z,2026-08-23T11:55:52+0200,e9ed0e7a-f773-48fd-b5c3-626d89d5de64,2026-08-22T13:00:00Z,2026-08-22T15:00:00+0200,764.3598,MW,FR,FR,forecast_onshore_wind_generation,Wind Onshore,2026-08-23T09:57:02Z
2026-08-23T09:55:52Z,2026-08-23T11:55:52+0200,e9ed0e7a-f773-48fd-b5c3-626d89d5de64,2026-08-22T13:15:00Z,2026-08-22T15:15:00+0200,791.5094,MW,FR,FR,forecast_onshore_wind_generation,Wind Onshore,2026-08-23T09:57:02Z
2026-08-23T09:55:52Z,2026-08-23T11:55:52+0200,e9ed0e7a-f773-48fd-b5c3-626d89d5de64,2026-08-22T13:30:00Z,2026-08-22T15:30:00+0200,818.86066,MW,FR,FR,forecast_onshore_wind_generation,Wind Onshore,2026-08-23T09:57:02Z
2026-08-23T09:55:52Z,2026-08-23T11:55:52+0200,e9ed0e7a-f773-48fd-b5c3-626d89d5de64,2026-08-22T13:45:00Z,2026-08-22T15:45:00+0200,846.10992,MW,FR,FR,forecast_onshore_wind_generation,Wind Onshore,2026-08-23T09:57:02Z
2026-08-23T09:55:52Z,2026-08-23T11:55:52+0200,e9ed0e7a-f773-48fd-b5c3-626d89d5de64,2026-08-22T14:00:00Z,2026-08-22T16:00:00+0200,873.64026,MW,FR,FR,forecast_onshore_wind_generation,Wind Onshore,2026-08-23T09:57:02Z
2026-08-23T09:55:52Z,2026-08-23T11:55:52+0200,e9ed0e7a-f773-48fd-b5c3-626d89d5de64,2026-08-22T14:15:00Z,2026-08-22T16:15:00+0200,904.94928,MW,FR,FR,forecast_onshore_wind_generation,Wind Onshore,2026-08-23T09:57:02Z
2026-08-23T09:55:52Z,2026-08-23T11:55:52+0200,e9ed0e7a-f773-48fd-b5c3-626d89d5de64,2026-08-22T14:30:00Z,2026-08-22T16:30:00+0200,936.73029,MW,FR,FR,forecast_onshore_wind_generation,Wind Onshore,2026-08-23T09:57:02Z
2026-08-23T09:55:52Z,2026-08-23T11:55:52+0200,e9ed0e7a-f773-48fd-b5c3-626d89d5de64,2026-08-22T14:45:00Z,2026-08-22T16:45:00+0200,968.22028,MW,FR,FR,forecast_onshore_wind_generation,Wind Onshore,2026-08-23T09:57:02Z
2026-08-23T09:55:52Z,2026-08-23T11:55:52+0200,e9ed0e7a-f773-48fd-b5c3-626d89d5de64,2026-08-22T15:00:00Z,2026-08-22T17:00:00+0200,1602.64929,MW,FR,FR,forecast_onshore_wind_generation,Wind Onshore,2026-08-23T09:57:02Z
2026-08-23T09:55:52Z,2026-08-23T11:55:52+0200,e9ed0e7a-f773-48fd-b5c3-626d89d5de64,2026-08-22T15:15:00Z,2026-08-22T17:15:00+0200,1660.40002,MW,FR,FR,forecast_onshore_wind_generation,Wind Onshore,2026-08-23T09:57:02Z
2026-08-23T09:55:52Z,2026-08-23T11:55:52+0200,e9ed0e7a-f773-48fd-b5c3-626d89d5de64,2026-08-22T15:30:00Z,2026-08-22T17:30:00+0200,1718.15991,MW,FR,FR,forecast_onshore_wind_generation,Wind Onshore,2026-08-23T09:57:02Z
2026-08-23T09:55:52Z,2026-08-23T11:55:52+0200,e9ed0e7a-f773-48fd-b5c3-626d89d5de64,2026-08-22T15:45:00Z,2026-08-22T17:45:00+0200,1775.72998,MW,FR,FR,forecast_onshore_wind_generation,Wind Onshore,2026-08-23T09:57:02Z
2026-08-23T09:55:52Z,2026-08-23T11:55:52+0200,e9ed0e7a-f773-48fd-b5c3-626d89d5de64,2026-08-22T16:00:00Z,2026-08-22T18:00:00+0200,1833.51001,MW,FR,FR,forecast_onshore_wind_generation,Wind Onshore,2026-08-23T09:57:02Z
2026-08-23T09:55:52Z,2026-08-23T11:55:52+0200,e9ed0e7a-f773-48fd-b5c3-626d89d5de64,2026-08-22T16:15:00Z,2026-08-22T18:15:00+0200,1903.77002,MW,FR,FR,forecast_onshore_wind_generation,Wind Onshore,2026-08-23T09:57:02Z
2026-08-23T09:55:52Z,2026-08-23T11:55:52+0200,e9ed0e7a-f773-48fd-b5c3-626d89d5de64,2026-08-22T16:30:00Z,2026-08-22T18:30:00+0200,1974.12988,MW,FR,FR,forecast_onshore_wind_generation,Wind Onshore,2026-08-23T09:57:02Z
2026-08-23T09:55:52Z,2026-08-23T11:55:52+0200,e9ed0e7a-f773-48fd-b5c3-626d89d5de64,2026-08-22T16:45:00Z,2026-08-22T18:45:00+0200,2044.12,MW,FR,FR,forecast_onshore_wind_generation,Wind Onshore,2026-08-23T09:57:02Z
2026-08-23T09:55:52Z,2026-08-23T11:55:52+0200,e9ed0e7a-f773-48fd-b5c3-626d89d5de64,2026-08-22T17:00:00Z,2026-08-22T19:00:00+0200,2114.18994,MW,FR,FR,forecast_onshore_wind_generation,Wind Onshore,2026-08-23T09:57:02Z
2026-08-23T09:55:52Z,2026-08-23T11:55:52+0200,e9ed0e7a-f773-48fd-b5c3-626d89d5de64,2026-08-22T17:15:00Z,2026-08-22T19:15:00+0200,2206.70996,MW,FR,FR,forecast_onshore_wind_generation,Wind Onshore,2026-08-23T09:57:02Z
2026-08-23T09:55:52Z,2026-08-23T11:55:52+0200,e9ed0e7a-f773-48fd-b5c3-626d89d5de64,2026-08-22T17:30:00Z,2026-08-22T19:30:00+0200,2299.62012,MW,FR,FR,forecast_onshore_wind_generation,Wind Onshore,2026-08-23T09:57:02Z
2026-08-23T09:55:52Z,2026-08-23T11:55:52+0200,e9ed0e7a-f773-48fd-b5c3-626d89d5de64,2026-08-22T17:45:00Z,2026-08-22T19:45:00+0200,2392.40015,MW,FR,FR,forecast_onshore_wind_generation,Wind Onshore,2026-08-23T09:57:02Z
2026-08-23T09:55:52Z,2026-08-23T11:55:52+0200,e9ed0e7a-f773-48fd-b5c3-626d89d5de64,2026-08-22T18:00:00Z,2026-08-22T20:00:00+0200,2485.55981,MW,FR,FR,forecast_onshore_wind_generation,Wind Onshore,2026-08-23T09:57:02Z
2026-08-23T09:55:52Z,2026-08-23T11:55:52+0200,e9ed0e7a-f773-48fd-b5c3-626d89d5de64,2026-08-22T18:15:00Z,2026-08-22T20:15:00+0200,2727.37012,MW,FR,FR,forecast_onshore_wind_generation,Wind Onshore,2026-08-23T09:57:02Z
2026-08-23T09:55:52Z,2026-08-23T11:55:52+0200,e9ed0e7a-f773-48fd-b5c3-626d89d5de64,2026-08-22T18:30:00Z,2026-08-22T20:30:00+0200,2969.82007,MW,FR,FR,forecast_onshore_wind_generation,Wind Onshore,2026-08-23T09:57:02Z
2026-08-23T09:55:52Z,2026-08-23T11:55:52+0200,e9ed0e7a-f773-48fd-b5c3-626d89d5de64,2026-08-22T18:45:00Z,2026-08-22T20:45:00+0200,3212.51001,MW,FR,FR,forecast_onshore_wind_generation,Wind Onshore,2026-08-23T09:57:02Z
2026-08-23T09:55:52Z,2026-08-23T11:55:52+0200,e9ed0e7a-f773-48fd-b5c3-626d89d5de64,2026-08-22T19:00:00Z,2026-08-22T21:00:00+0200,3455.33008,MW,FR,FR,forecast_onshore_wind_generation,Wind Onshore,2026-08-23T09:57:02Z
2026-08-23T09:55:52Z,2026-08-23T11:55:52+0200,e9ed0e7a-f773-48fd-b5c3-626d89d5de64,2026-08-22T19:15:00Z,2026-08-22T21:15:00+0200,3708.75977,MW,FR,FR,forecast_onshore_wind_generation,Wind Onshore,2026-08-23T09:57:02Z
2026-08-23T09:55:52Z,2026-08-23T11:55:52+0200,e9ed0e7a-f773-48fd-b5c3-626d89d5de64,2026-08-22T19:30:00Z,2026-08-22T21:30:00+0200,3962.53003,MW,FR,FR,forecast_onshore_wind_generation,Wind Onshore,2026-08-23T09:57:02Z
2026-08-23T09:55:52Z,2026-08-23T11:55:52+0200,e9ed0e7a-f773-48fd-b5c3-626d89d5de64,2026-08-22T19:45:00Z,2026-08-22T21:45:00+0200,4216.54004,MW,FR,FR,forecast_onshore_wind_generation,Wind Onshore,2026-08-23T09:57:02Z
2026-08-23T09:55:52Z,2026-08-23T11:55:52+0200,e9ed0e7a-f773-48fd-b5c3-626d89d5de64,2026-08-22T20:00:00Z,2026-08-22T22:00:00+0200,4470.60986,MW,FR,FR,forecast_onshore_wind_generation,Wind Onshore,2026-08-23T09:57:02Z
2026-08-23T09:55:52Z,2026-08-23T11:55:52+0200,e9ed0e7a-f773-48fd-b5c3-626d89d5de64,2026-08-22T20:15:00Z,2026-08-22T22:15:00+0200,4566.39014,MW,FR,FR,forecast_onshore_wind_generation,Wind Onshore,2026-08-23T09:57:02Z
2026-08-23T09:55:52Z,2026-08-23T11:55:52+0200,e9ed0e7a-f773-48fd-b5c3-626d89d5de64,2026-08-22T20:30:00Z,2026-08-22T22:30:00+0200,4662.62988,MW,FR,FR,forecast_onshore_wind_generation,Wind Onshore,2026-08-23T09:57:02Z
2026-08-23T09:55:52Z,2026-08-23T11:55:52+0200,e9ed0e7a-f773-48fd-b5c3-626d89d5de64,2026-08-22T20:45:00Z,2026-08-22T22:45:00+0200,4759.62988,MW,FR,FR,forecast_onshore_wind_generation,Wind Onshore,2026-08-23T09:57:02Z
2026-08-23T09:55:52Z,2026-08-23T11:55:52+0200,e9ed0e7a-f773-48fd-b5c3-626d89d5de64,2026-08-22T21:00:00Z,2026-08-22T23:00:00+0200,4856.66992,MW,FR,FR,forecast_onshore_wind_generation,Wind Onshore,2026-08-23T09:57:02Z
2026-08-23T09:55:52Z,2026-08-23T11:55:52+0200,e9ed0e7a-f773-48fd-b5c3-626d89d5de64,2026-08-22T21:15:00Z,2026-08-22T23:15:00+0200,4878.10986,MW,FR,FR,forecast_onshore_wind_generation,Wind Onshore,2026-08-23T09:57:02Z
2026-08-23T09:55:52Z,2026-08-23T11:55:52+0200,e9ed0e7a-f773-48fd-b5c3-626d89d5de64,2026-08-22T21:30:00Z,2026-08-22T23:30:00+0200,4899.52979,MW,FR,FR,forecast_onshore_wind_generation,Wind Onshore,2026-08-23T09:57:02Z
2026-08-23T09:55:52Z,2026-08-23T11:55:52+0200,e9ed0e7a-f773-48fd-b5c3-626d89d5de64,2026-08-22T21:45:00Z,2026-08-22T23:45:00+0200,4921.09961,MW,FR,FR,forecast_onshore_wind_generation,Wind Onshore,2026-08-23T09:57:02Z
2026-08-23T09:55:52Z,2026-08-23T11:55:52+0200,e9ed0e7a-f773-48fd-b5c3-626d89d5de64,2026-08-22T22:00:00Z,2026-08-23T00:00:00+0200,4990.39014,MW,FR,FR,forecast_onshore_wind_generation,Wind Onshore,2026-08-23T09:57:02Z
2026-08-23T09:55:52Z,2026-08-23T11:55:52+0200,e9ed0e7a-f773-48fd-b5c3-626d89d5de64,2026-08-22T22:15:00Z,2026-08-23T00:15:00+0200,5020.62988,MW,FR,FR,forecast_onshore_wind_generation,Wind Onshore,2026-08-23T09:57:02Z
2026-08-23T09:55:52Z,2026-08-23T11:55:52+0200,e9ed0e7a-f773-48fd-b5c3-626d89d5de64,2026-08-22T22:30:00Z,2026-08-23T00:30:00+0200,5050.87988,MW,FR,FR,forecast_onshore_wind_generation,Wind Onshore,2026-08-23T09:57:02Z
2026-08-23T09:55:52Z,2026-08-23T11:55:52+0200,e9ed0e7a-f773-48fd-b5c3-626d89d5de64,2026-08-22T22:45:00Z,2026-08-23T00:45:00+0200,5081.1001,MW,FR,FR,forecast_onshore_wind_generation,Wind Onshore,2026-08-23T09:57:02Z
2026-08-23T09:55:52Z,2026-08-23T11:55:52+0200,e9ed0e7a-f773-48fd-b5c3-626d89d5de64,2026-08-22T23:00:00Z,2026-08-23T01:00:00+0200,5111.35986,MW,FR,FR,forecast_onshore_wind_generation,Wind Onshore,2026-08-23T09:57:02Z
2026-08-23T09:55:52Z,2026-08-23T11:55:52+0200,e9ed0e7a-f773-48fd-b5c3-626d89d5de64,2026-08-22T23:15:00Z,2026-08-23T01:15:00+0200,5097.47021,MW,FR,FR,forecast_onshore_wind_generation,Wind Onshore,2026-08-23T09:57:02Z
2026-08-23T09:55:52Z,2026-08-23T11:55:52+0200,e9ed0e7a-f773-48fd-b5c3-626d89d5de64,2026-08-22T23:30:00Z,2026-08-23T01:30:00+0200,5083.56006,MW,FR,FR,forecast_onshore_wind_generation,Wind Onshore,2026-08-23T09:57:02Z
2026-08-23T09:55:52Z,2026-08-23T11:55:52+0200,e9ed0e7a-f773-48fd-b5c3-626d89d5de64,2026-08-22T23:45:00Z,2026-08-23T01:45:00+0200,5069.77979,MW,FR,FR,forecast_onshore_wind_generation,Wind Onshore,2026-08-23T09:57:02Z
2026-08-23T09:55:52Z,2026-08-23T11:55:52+0200,e9ed0e7a-f773-48fd-b5c3-626d89d5de64,2026-08-23T00:00:00Z,2026-08-23T02:00:00+0200,5056.00977,MW,FR,FR,forecast_onshore_wind_generation,Wind Onshore,2026-08-23T09:57:02Z
2026-08-23T09:55:52Z,2026-08-23T11:55:52+0200,e9ed0e7a-f773-48fd-b5c3-626d89d5de64,2026-08-23T00:15:00Z,2026-08-23T02:15:00+0200,4999.72021,MW,FR,FR,forecast_onshore_wind_generation,Wind Onshore,2026-08-23T09:57:02Z
2026-08-23T09:55:52Z,2026-08-23T11:55:52+0200,e9ed0e7a-f773-48fd-b5c3-626d89d5de64,2026-08-23T00:30:00Z,2026-08-23T02:30:00+0200,4943.43994,MW,FR,FR,forecast_onshore_wind_generation,Wind Onshore,2026-08-23T09:57:02Z
2026-08-23T09:55:52Z,2026-08-23T11:55:52+0200,e9ed0e7a-f773-48fd-b5c3-626d89d5de64,2026-08-23T00:45:00Z,2026-08-23T02:45:00+0200,4887.20996,MW,FR,FR,forecast_onshore_wind_generation,Wind Onshore,2026-08-23T09:57:02Z
2026-08-23T09:55:52Z,2026-08-23T11:55:52+0200,e9ed0e7a-f773-48fd-b5c3-626d89d5de64,2026-08-23T01:00:00Z,2026-08-23T03:00:00+0200,4830.97998,MW,FR,FR,forecast_onshore_wind_generation,Wind Onshore,2026-08-23T09:57:02Z
2026-08-23T09:55:52Z,2026-08-23T11:55:52+0200,e9ed0e7a-f773-48fd-b5c3-626d89d5de64,2026-08-23T01:15:00Z,2026-08-23T03:15:00+0200,4811.24023,MW,FR,FR,forecast_onshore_wind_generation,Wind Onshore,2026-08-23T09:57:02Z
2026-08-23T09:55:52Z,2026-08-23T11:55:52+0200,e9ed0e7a-f773-48fd-b5c3-626d89d5de64,2026-08-23T01:30:00Z,2026-08-23T03:30:00+0200,4791.52979,MW,FR,FR,forecast_onshore_wind_generation,Wind Onshore,2026-08-23T09:57:02Z
2026-08-23T09:55:52Z,2026-08-23T11:55:52+0200,e9ed0e7a-f773-48fd-b5c3-626d89d5de64,2026-08-23T01:45:00Z,2026-08-23T03:45:00+0200,4771.85986,MW,FR,FR,forecast_onshore_wind_generation,Wind Onshore,2026-08-23T09:57:02Z
2026-08-23T09:55:52Z,2026-08-23T11:55:52+0200,e9ed0e7a-f773-48fd-b5c3-626d89d5de64,2026-08-23T02:00:00Z,2026-08-23T04:00:00+0200,4752.19971,MW,FR,FR,forecast_onshore_wind_generation,Wind Onshore,2026-08-23T09:57:02Z
2026-08-23T09:55:52Z,2026-08-23T11:55:52+0200,e9ed0e7a-f773-48fd-b5c3-626d89d5de64,2026-08-23T02:15:00Z,2026-08-23T04:15:00+0200,4732.3501,MW,FR,FR,forecast_onshore_wind_generation,Wind Onshore,2026-08-23T09:57:02Z
2026-08-23T09:55:52Z,2026-08-23T11:55:52+0200,e9ed0e7a-f773-48fd-b5c3-626d89d5de64,2026-08-23T02:30:00Z,2026-08-23T04:30:00+0200,4712.52002,MW,FR,FR,forecast_onshore_wind_generation,Wind Onshore,2026-08-23T09:57:02Z
2026-08-23T09:55:52Z,2026-08-23T11:55:52+0200,e9ed0e7a-f773-48fd-b5c3-626d89d5de64,2026-08-23T02:45:00Z,2026-08-23T04:45:00+0200,4692.61963,MW,FR,FR,forecast_onshore_wind_generation,Wind Onshore,2026-08-23T09:57:02Z
2026-08-23T09:55:52Z,2026-08-23T11:55:52+0200,e9ed0e7a-f773-48fd-b5c3-626d89d5de64,2026-08-23T03:00:00Z,2026-08-23T05:00:00+0200,4672.69043,MW,FR,FR,forecast_onshore_wind_generation,Wind Onshore,2026-08-23T09:57:02Z
2026-08-23T09:55:52Z,2026-08-23T11:55:52+0200,e9ed0e7a-f773-48fd-b5c3-626d89d5de64,2026-08-23T03:15:00Z,2026-08-23T05:15:00+0200,4660.35986,MW,FR,FR,forecast_onshore_wind_generation,Wind Onshore,2026-08-23T09:57:02Z
2026-08-23T09:55:52Z,2026-08-23T11:55:52+0200,e9ed0e7a-f773-48fd-b5c3-626d89d5de64,2026-08-23T03:30:00Z,2026-08-23T05:30:00+0200,4648.00977,MW,FR,FR,forecast_onshore_wind_generation,Wind Onshore,2026-08-23T09:57:02Z
2026-08-23T09:55:52Z,2026-08-23T11:55:52+0200,e9ed0e7a-f773-48fd-b5c3-626d89d5de64,2026-08-23T03:45:00Z,2026-08-23T05:45:00+0200,4635.60986,MW,FR,FR,forecast_onshore_wind_generation,Wind Onshore,2026-08-23T09:57:02Z
2026-08-23T09:55:52Z,2026-08-23T11:55:52+0200,e9ed0e7a-f773-48fd-b5c3-626d89d5de64,2026-08-23T04:00:00Z,2026-08-23T06:00:00+0200,4623.2002,MW,FR,FR,forecast_onshore_wind_generation,Wind Onshore,2026-08-23T09:57:02Z
2026-08-23T09:55:52Z,2026-08-23T11:55:52+0200,e9ed0e7a-f773-48fd-b5c3-626d89d5de64,2026-08-23T04:15:00Z,2026-08-23T06:15:00+0200,4639.27002,MW,FR,FR,forecast_onshore_wind_generation,Wind Onshore,2026-08-23T09:57:02Z
2026-08-23T09:55:52Z,2026-08-23T11:55:52+0200,e9ed0e7a-f773-48fd-b5c3-626d89d5de64,2026-08-23T04:30:00Z,2026-08-23T06:30:00+0200,4655.34961,MW,FR,FR,forecast_onshore_wind_generation,Wind Onshore,2026-08-23T09:57:02Z
2026-08-23T09:55:52Z,2026-08-23T11:55:52+0200,e9ed0e7a-f773-48fd-b5c3-626d89d5de64,2026-08-23T04:45:00Z,2026-08-23T06:45:00+0200,4671.37012,MW,FR,FR,forecast_onshore_wind_generation,Wind Onshore,2026-08-23T09:57:02Z
2026-08-23T09:55:52Z,2026-08-23T11:55:52+0200,e9ed0e7a-f773-48fd-b5c3-626d89d5de64,2026-08-23T05:00:00Z,2026-08-23T07:00:00+0200,4687.47021,MW,FR,FR,forecast_onshore_wind_generation,Wind Onshore,2026-08-23T09:57:02Z
2026-08-23T09:55:52Z,2026-08-23T11:55:52+0200,e9ed0e7a-f773-48fd-b5c3-626d89d5de64,2026-08-23T05:15:00Z,2026-08-23T07:15:00+0200,4726.72021,MW,FR,FR,forecast_onshore_wind_generation,Wind Onshore,2026-08-23T09:57:02Z
2026-08-23T09:55:52Z,2026-08-23T11:55:52+0200,e9ed0e7a-f773-48fd-b5c3-626d89d5de64,2026-08-23T05:30:00Z,2026-08-23T07:30:00+0200,4765.95996,MW,FR,FR,forecast_onshore_wind_generation,Wind Onshore,2026-08-23T09:57:02Z
2026-08-23T09:55:52Z,2026-08-23T11:55:52+0200,e9ed0e7a-f773-48fd-b5c3-626d89d5de64,2026-08-23T05:45:00Z,2026-08-23T07:45:00+0200,4805.27979,MW,FR,FR,forecast_onshore_wind_generation,Wind Onshore,2026-08-23T09:57:02Z
2026-08-23T09:55:52Z,2026-08-23T11:55:52+0200,e9ed0e7a-f773-48fd-b5c3-626d89d5de64,2026-08-23T06:00:00Z,2026-08-23T08:00:00+0200,4844.60986,MW,FR,FR,forecast_onshore_wind_generation,Wind Onshore,2026-08-23T09:57:02Z
2026-08-23T09:55:52Z,2026-08-23T11:55:52+0200,e9ed0e7a-f773-48fd-b5c3-626d89d5de64,2026-08-23T06:15:00Z,2026-08-23T08:15:00+0200,4529.16992,MW,FR,FR,forecast_onshore_wind_generation,Wind Onshore,2026-08-23T09:57:02Z
2026-08-23T09:55:52Z,2026-08-23T11:55:52+0200,e9ed0e7a-f773-48fd-b5c3-626d89d5de64,2026-08-23T06:30:00Z,2026-08-23T08:30:00+0200,4213.71973,MW,FR,FR,forecast_onshore_wind_generation,Wind Onshore,2026-08-23T09:57:02Z
2026-08-23T09:55:52Z,2026-08-23T11:55:52+0200,e9ed0e7a-f773-48fd-b5c3-626d89d5de64,2026-08-23T06:45:00Z,2026-08-23T08:45:00+0200,3898.22998,MW,FR,FR,forecast_onshore_wind_generation,Wind Onshore,2026-08-23T09:57:02Z
2026-08-23T09:55:52Z,2026-08-23T11:55:52+0200,e9ed0e7a-f773-48fd-b5c3-626d89d5de64,2026-08-23T07:00:00Z,2026-08-23T09:00:00+0200,3582.72974,MW,FR,FR,forecast_onshore_wind_generation,Wind Onshore,2026-08-23T09:57:02Z
2026-08-23T09:55:52Z,2026-08-23T11:55:52+0200,e9ed0e7a-f773-48fd-b5c3-626d89d5de64,2026-08-23T07:15:00Z,2026-08-23T09:15:00+0200,3374.83984,MW,FR,FR,forecast_onshore_wind_generation,Wind Onshore,2026-08-23T09:57:02Z
2026-08-23T09:55:52Z,2026-08-23T11:55:52+0200,e9ed0e7a-f773-48fd-b5c3-626d89d5de64,2026-08-23T07:30:00Z,2026-08-23T09:30:00+0200,3167.08008,MW,FR,FR,forecast_onshore_wind_generation,Wind Onshore,2026-08-23T09:57:02Z
2026-08-23T09:55:52Z,2026-08-23T11:55:52+0200,e9ed0e7a-f773-48fd-b5c3-626d89d5de64,2026-08-23T07:45:00Z,2026-08-23T09:45:00+0200,2959.3042,MW,FR,FR,forecast_onshore_wind_generation,Wind Onshore,2026-08-23T09:57:02Z
2026-08-23T09:55:52Z,2026-08-23T11:55:52+0200,e9ed0e7a-f773-48fd-b5c3-626d89d5de64,2026-08-23T08:00:00Z,2026-08-23T10:00:00+0200,1670.83093,MW,FR,FR,forecast_onshore_wind_generation,Wind Onshore,2026-08-23T09:57:02Z
2026-08-23T09:55:52Z,2026-08-23T11:55:52+0200,e9ed0e7a-f773-48fd-b5c3-626d89d5de64,2026-08-23T08:15:00Z,2026-08-23T10:15:00+0200,1712.56165,MW,FR,FR,forecast_onshore_wind_generation,Wind Onshore,2026-08-23T09:57:02Z
2026-08-23T09:55:52Z,2026-08-23T11:55:52+0200,e9ed0e7a-f773-48fd-b5c3-626d89d5de64,2026-08-23T08:30:00Z,2026-08-23T10:30:00+0200,1253.15991,MW,FR,FR,forecast_onshore_wind_generation,Wind Onshore,2026-08-23T09:57:02Z
2026-08-23T09:55:52Z,2026-08-23T11:55:52+0200,e9ed0e7a-f773-48fd-b5c3-626d89d5de64,2026-08-23T08:45:00Z,2026-08-23T10:45:00+0200,1081.29956,MW,FR,FR,forecast_onshore_wind_generation,Wind Onshore,2026-08-23T09:57:02Z
2026-08-23T09:55:52Z,2026-08-23T11:55:52+0200,e9ed0e7a-f773-48fd-b5c3-626d89d5de64,2026-08-23T09:00:00Z,2026-08-23T11:00:00+0200,1100.97998,MW,FR,FR,forecast_onshore_wind_generation,Wind Onshore,2026-08-23T09:57:02Z
2026-08-23T09:55:52Z,2026-08-23T11:55:52+0200,e9ed0e7a-f773-48fd-b5c3-626d89d5de64,2026-08-23T09:15:00Z,2026-08-23T11:15:00+0200,1143.13989,MW,FR,FR,forecast_onshore_wind_generation,Wind Onshore,2026-08-23T09:57:02Z
2026-08-23T09:55:52Z,2026-08-23T11:55:52+0200,e9ed0e7a-f773-48fd-b5c3-626d89d5de64,2026-08-23T09:30:00Z,2026-08-23T11:30:00+0200,1185.38074,MW,FR,FR,forecast_onshore_wind_generation,Wind Onshore,2026-08-23T09:57:02Z
2026-08-23T09:55:52Z,2026-08-23T11:55:52+0200,e9ed0e7a-f773-48fd-b5c3-626d89d5de64,2026-08-23T09:45:00Z,2026-08-23T11:45:00+0200,1227.58008,MW,FR,FR,forecast_onshore_wind_generation,Wind Onshore,2026-08-23T09:57:02Z
