collection_time_utc,collection_time_local,run_id,timestamp_utc,timestamp_local,value,unit,country,entsoe_area,variable,source,updated_at_utc
2026-06-25T06:32:03Z,2026-06-25T08:32:03+0200,cfe43b62-de54-4c74-8f9f-70948ee9d4b6,2026-05-25T07:00:00Z,2026-05-25T09:00:00+0200,44723.207285,MW,DE,DE_LU,forecast_load,Forecasted Load,2026-06-25T06:33:39Z
2026-06-25T06:32:03Z,2026-06-25T08:32:03+0200,cfe43b62-de54-4c74-8f9f-70948ee9d4b6,2026-05-25T07:15:00Z,2026-05-25T09:15:00+0200,45425.596729,MW,DE,DE_LU,forecast_load,Forecasted Load,2026-06-25T06:33:39Z
2026-06-25T06:32:03Z,2026-06-25T08:32:03+0200,cfe43b62-de54-4c74-8f9f-70948ee9d4b6,2026-05-25T07:30:00Z,2026-05-25T09:30:00+0200,45732.099884,MW,DE,DE_LU,forecast_load,Forecasted Load,2026-06-25T06:33:39Z
2026-06-25T06:32:03Z,2026-06-25T08:32:03+0200,cfe43b62-de54-4c74-8f9f-70948ee9d4b6,2026-05-25T07:45:00Z,2026-05-25T09:45:00+0200,46298.125718,MW,DE,DE_LU,forecast_load,Forecasted Load,2026-06-25T06:33:39Z
2026-06-25T06:32:03Z,2026-06-25T08:32:03+0200,cfe43b62-de54-4c74-8f9f-70948ee9d4b6,2026-05-25T08:00:00Z,2026-05-25T10:00:00+0200,46423.446372,MW,DE,DE_LU,forecast_load,Forecasted Load,2026-06-25T06:33:39Z
2026-06-25T06:32:03Z,2026-06-25T08:32:03+0200,cfe43b62-de54-4c74-8f9f-70948ee9d4b6,2026-05-25T08:15:00Z,2026-05-25T10:15:00+0200,46468.855908,MW,DE,DE_LU,forecast_load,Forecasted Load,2026-06-25T06:33:39Z
2026-06-25T06:32:03Z,2026-06-25T08:32:03+0200,cfe43b62-de54-4c74-8f9f-70948ee9d4b6,2026-05-25T08:30:00Z,2026-05-25T10:30:00+0200,46730.439594,MW,DE,DE_LU,forecast_load,Forecasted Load,2026-06-25T06:33:39Z
2026-06-25T06:32:03Z,2026-06-25T08:32:03+0200,cfe43b62-de54-4c74-8f9f-70948ee9d4b6,2026-05-25T08:45:00Z,2026-05-25T10:45:00+0200,46852.820845,MW,DE,DE_LU,forecast_load,Forecasted Load,2026-06-25T06:33:39Z
2026-06-25T06:32:03Z,2026-06-25T08:32:03+0200,cfe43b62-de54-4c74-8f9f-70948ee9d4b6,2026-05-25T09:00:00Z,2026-05-25T11:00:00+0200,46619.146867,MW,DE,DE_LU,forecast_load,Forecasted Load,2026-06-25T06:33:39Z
2026-06-25T06:32:03Z,2026-06-25T08:32:03+0200,cfe43b62-de54-4c74-8f9f-70948ee9d4b6,2026-05-25T09:15:00Z,2026-05-25T11:15:00+0200,46831.824198,MW,DE,DE_LU,forecast_load,Forecasted Load,2026-06-25T06:33:39Z
2026-06-25T06:32:03Z,2026-06-25T08:32:03+0200,cfe43b62-de54-4c74-8f9f-70948ee9d4b6,2026-05-25T09:30:00Z,2026-05-25T11:30:00+0200,46838.372448,MW,DE,DE_LU,forecast_load,Forecasted Load,2026-06-25T06:33:39Z
2026-06-25T06:32:03Z,2026-06-25T08:32:03+0200,cfe43b62-de54-4c74-8f9f-70948ee9d4b6,2026-05-25T09:45:00Z,2026-05-25T11:45:00+0200,46557.600881,MW,DE,DE_LU,forecast_load,Forecasted Load,2026-06-25T06:33:39Z
2026-06-25T06:32:03Z,2026-06-25T08:32:03+0200,cfe43b62-de54-4c74-8f9f-70948ee9d4b6,2026-05-25T10:00:00Z,2026-05-25T12:00:00+0200,46491.473284,MW,DE,DE_LU,forecast_load,Forecasted Load,2026-06-25T06:33:39Z
2026-06-25T06:32:03Z,2026-06-25T08:32:03+0200,cfe43b62-de54-4c74-8f9f-70948ee9d4b6,2026-05-25T10:15:00Z,2026-05-25T12:15:00+0200,46210.282731,MW,DE,DE_LU,forecast_load,Forecasted Load,2026-06-25T06:33:39Z
2026-06-25T06:32:03Z,2026-06-25T08:32:03+0200,cfe43b62-de54-4c74-8f9f-70948ee9d4b6,2026-05-25T10:30:00Z,2026-05-25T12:30:00+0200,46206.471569,MW,DE,DE_LU,forecast_load,Forecasted Load,2026-06-25T06:33:39Z
2026-06-25T06:32:03Z,2026-06-25T08:32:03+0200,cfe43b62-de54-4c74-8f9f-70948ee9d4b6,2026-05-25T10:45:00Z,2026-05-25T12:45:00+0200,45821.833051,MW,DE,DE_LU,forecast_load,Forecasted Load,2026-06-25T06:33:39Z
2026-06-25T06:32:03Z,2026-06-25T08:32:03+0200,cfe43b62-de54-4c74-8f9f-70948ee9d4b6,2026-05-25T11:00:00Z,2026-05-25T13:00:00+0200,45106.053836,MW,DE,DE_LU,forecast_load,Forecasted Load,2026-06-25T06:33:39Z
2026-06-25T06:32:03Z,2026-06-25T08:32:03+0200,cfe43b62-de54-4c74-8f9f-70948ee9d4b6,2026-05-25T11:15:00Z,2026-05-25T13:15:00+0200,44935.040131,MW,DE,DE_LU,forecast_load,Forecasted Load,2026-06-25T06:33:39Z
2026-06-25T06:32:03Z,2026-06-25T08:32:03+0200,cfe43b62-de54-4c74-8f9f-70948ee9d4b6,2026-05-25T11:30:00Z,2026-05-25T13:30:00+0200,44554.678252,MW,DE,DE_LU,forecast_load,Forecasted Load,2026-06-25T06:33:39Z
2026-06-25T06:32:03Z,2026-06-25T08:32:03+0200,cfe43b62-de54-4c74-8f9f-70948ee9d4b6,2026-05-25T11:45:00Z,2026-05-25T13:45:00+0200,44299.233529,MW,DE,DE_LU,forecast_load,Forecasted Load,2026-06-25T06:33:39Z
2026-06-25T06:32:03Z,2026-06-25T08:32:03+0200,cfe43b62-de54-4c74-8f9f-70948ee9d4b6,2026-05-25T12:00:00Z,2026-05-25T14:00:00+0200,44052.435631,MW,DE,DE_LU,forecast_load,Forecasted Load,2026-06-25T06:33:39Z
2026-06-25T06:32:03Z,2026-06-25T08:32:03+0200,cfe43b62-de54-4c74-8f9f-70948ee9d4b6,2026-05-25T12:15:00Z,2026-05-25T14:15:00+0200,43726.108391,MW,DE,DE_LU,forecast_load,Forecasted Load,2026-06-25T06:33:39Z
2026-06-25T06:32:03Z,2026-06-25T08:32:03+0200,cfe43b62-de54-4c74-8f9f-70948ee9d4b6,2026-05-25T12:30:00Z,2026-05-25T14:30:00+0200,43591.139228,MW,DE,DE_LU,forecast_load,Forecasted Load,2026-06-25T06:33:39Z
2026-06-25T06:32:03Z,2026-06-25T08:32:03+0200,cfe43b62-de54-4c74-8f9f-70948ee9d4b6,2026-05-25T12:45:00Z,2026-05-25T14:45:00+0200,43136.812038,MW,DE,DE_LU,forecast_load,Forecasted Load,2026-06-25T06:33:39Z
2026-06-25T06:32:03Z,2026-06-25T08:32:03+0200,cfe43b62-de54-4c74-8f9f-70948ee9d4b6,2026-05-25T13:00:00Z,2026-05-25T15:00:00+0200,43115.392872,MW,DE,DE_LU,forecast_load,Forecasted Load,2026-06-25T06:33:39Z
2026-06-25T06:32:03Z,2026-06-25T08:32:03+0200,cfe43b62-de54-4c74-8f9f-70948ee9d4b6,2026-05-25T13:15:00Z,2026-05-25T15:15:00+0200,43026.24745,MW,DE,DE_LU,forecast_load,Forecasted Load,2026-06-25T06:33:39Z
2026-06-25T06:32:03Z,2026-06-25T08:32:03+0200,cfe43b62-de54-4c74-8f9f-70948ee9d4b6,2026-05-25T13:30:00Z,2026-05-25T15:30:00+0200,42778.289912,MW,DE,DE_LU,forecast_load,Forecasted Load,2026-06-25T06:33:39Z
2026-06-25T06:32:03Z,2026-06-25T08:32:03+0200,cfe43b62-de54-4c74-8f9f-70948ee9d4b6,2026-05-25T13:45:00Z,2026-05-25T15:45:00+0200,42407.934865,MW,DE,DE_LU,forecast_load,Forecasted Load,2026-06-25T06:33:39Z
2026-06-25T06:32:03Z,2026-06-25T08:32:03+0200,cfe43b62-de54-4c74-8f9f-70948ee9d4b6,2026-05-25T14:00:00Z,2026-05-25T16:00:00+0200,43039.14947,MW,DE,DE_LU,forecast_load,Forecasted Load,2026-06-25T06:33:39Z
2026-06-25T06:32:03Z,2026-06-25T08:32:03+0200,cfe43b62-de54-4c74-8f9f-70948ee9d4b6,2026-05-25T14:15:00Z,2026-05-25T16:15:00+0200,43032.252238,MW,DE,DE_LU,forecast_load,Forecasted Load,2026-06-25T06:33:39Z
2026-06-25T06:32:03Z,2026-06-25T08:32:03+0200,cfe43b62-de54-4c74-8f9f-70948ee9d4b6,2026-05-25T14:30:00Z,2026-05-25T16:30:00+0200,43158.928834,MW,DE,DE_LU,forecast_load,Forecasted Load,2026-06-25T06:33:39Z
2026-06-25T06:32:03Z,2026-06-25T08:32:03+0200,cfe43b62-de54-4c74-8f9f-70948ee9d4b6,2026-05-25T14:45:00Z,2026-05-25T16:45:00+0200,43369.527277,MW,DE,DE_LU,forecast_load,Forecasted Load,2026-06-25T06:33:39Z
2026-06-25T06:32:03Z,2026-06-25T08:32:03+0200,cfe43b62-de54-4c74-8f9f-70948ee9d4b6,2026-05-25T15:00:00Z,2026-05-25T17:00:00+0200,43985.55848,MW,DE,DE_LU,forecast_load,Forecasted Load,2026-06-25T06:33:39Z
2026-06-25T06:32:03Z,2026-06-25T08:32:03+0200,cfe43b62-de54-4c74-8f9f-70948ee9d4b6,2026-05-25T15:15:00Z,2026-05-25T17:15:00+0200,43926.270074,MW,DE,DE_LU,forecast_load,Forecasted Load,2026-06-25T06:33:39Z
2026-06-25T06:32:03Z,2026-06-25T08:32:03+0200,cfe43b62-de54-4c74-8f9f-70948ee9d4b6,2026-05-25T15:30:00Z,2026-05-25T17:30:00+0200,43737.032724,MW,DE,DE_LU,forecast_load,Forecasted Load,2026-06-25T06:33:39Z
2026-06-25T06:32:03Z,2026-06-25T08:32:03+0200,cfe43b62-de54-4c74-8f9f-70948ee9d4b6,2026-05-25T15:45:00Z,2026-05-25T17:45:00+0200,43995.738568,MW,DE,DE_LU,forecast_load,Forecasted Load,2026-06-25T06:33:39Z
2026-06-25T06:32:03Z,2026-06-25T08:32:03+0200,cfe43b62-de54-4c74-8f9f-70948ee9d4b6,2026-05-25T16:00:00Z,2026-05-25T18:00:00+0200,44786.069729,MW,DE,DE_LU,forecast_load,Forecasted Load,2026-06-25T06:33:39Z
2026-06-25T06:32:03Z,2026-06-25T08:32:03+0200,cfe43b62-de54-4c74-8f9f-70948ee9d4b6,2026-05-25T16:15:00Z,2026-05-25T18:15:00+0200,44871.932684,MW,DE,DE_LU,forecast_load,Forecasted Load,2026-06-25T06:33:39Z
2026-06-25T06:32:03Z,2026-06-25T08:32:03+0200,cfe43b62-de54-4c74-8f9f-70948ee9d4b6,2026-05-25T16:30:00Z,2026-05-25T18:30:00+0200,44728.180113,MW,DE,DE_LU,forecast_load,Forecasted Load,2026-06-25T06:33:39Z
2026-06-25T06:32:03Z,2026-06-25T08:32:03+0200,cfe43b62-de54-4c74-8f9f-70948ee9d4b6,2026-05-25T16:45:00Z,2026-05-25T18:45:00+0200,44868.052971,MW,DE,DE_LU,forecast_load,Forecasted Load,2026-06-25T06:33:39Z
2026-06-25T06:32:03Z,2026-06-25T08:32:03+0200,cfe43b62-de54-4c74-8f9f-70948ee9d4b6,2026-05-25T17:00:00Z,2026-05-25T19:00:00+0200,45089.283678,MW,DE,DE_LU,forecast_load,Forecasted Load,2026-06-25T06:33:39Z
2026-06-25T06:32:03Z,2026-06-25T08:32:03+0200,cfe43b62-de54-4c74-8f9f-70948ee9d4b6,2026-05-25T17:15:00Z,2026-05-25T19:15:00+0200,45175.17918,MW,DE,DE_LU,forecast_load,Forecasted Load,2026-06-25T06:33:39Z
2026-06-25T06:32:03Z,2026-06-25T08:32:03+0200,cfe43b62-de54-4c74-8f9f-70948ee9d4b6,2026-05-25T17:30:00Z,2026-05-25T19:30:00+0200,45647.812005,MW,DE,DE_LU,forecast_load,Forecasted Load,2026-06-25T06:33:39Z
2026-06-25T06:32:03Z,2026-06-25T08:32:03+0200,cfe43b62-de54-4c74-8f9f-70948ee9d4b6,2026-05-25T17:45:00Z,2026-05-25T19:45:00+0200,45417.281253,MW,DE,DE_LU,forecast_load,Forecasted Load,2026-06-25T06:33:39Z
2026-06-25T06:32:03Z,2026-06-25T08:32:03+0200,cfe43b62-de54-4c74-8f9f-70948ee9d4b6,2026-05-25T18:00:00Z,2026-05-25T20:00:00+0200,45447.291936,MW,DE,DE_LU,forecast_load,Forecasted Load,2026-06-25T06:33:39Z
2026-06-25T06:32:03Z,2026-06-25T08:32:03+0200,cfe43b62-de54-4c74-8f9f-70948ee9d4b6,2026-05-25T18:15:00Z,2026-05-25T20:15:00+0200,45658.401983,MW,DE,DE_LU,forecast_load,Forecasted Load,2026-06-25T06:33:39Z
2026-06-25T06:32:03Z,2026-06-25T08:32:03+0200,cfe43b62-de54-4c74-8f9f-70948ee9d4b6,2026-05-25T18:30:00Z,2026-05-25T20:30:00+0200,45659.751294,MW,DE,DE_LU,forecast_load,Forecasted Load,2026-06-25T06:33:39Z
2026-06-25T06:32:03Z,2026-06-25T08:32:03+0200,cfe43b62-de54-4c74-8f9f-70948ee9d4b6,2026-05-25T18:45:00Z,2026-05-25T20:45:00+0200,45577.303734,MW,DE,DE_LU,forecast_load,Forecasted Load,2026-06-25T06:33:39Z
2026-06-25T06:32:03Z,2026-06-25T08:32:03+0200,cfe43b62-de54-4c74-8f9f-70948ee9d4b6,2026-05-25T19:00:00Z,2026-05-25T21:00:00+0200,45620.079333,MW,DE,DE_LU,forecast_load,Forecasted Load,2026-06-25T06:33:39Z
2026-06-25T06:32:03Z,2026-06-25T08:32:03+0200,cfe43b62-de54-4c74-8f9f-70948ee9d4b6,2026-05-25T19:15:00Z,2026-05-25T21:15:00+0200,45542.300747,MW,DE,DE_LU,forecast_load,Forecasted Load,2026-06-25T06:33:39Z
2026-06-25T06:32:03Z,2026-06-25T08:32:03+0200,cfe43b62-de54-4c74-8f9f-70948ee9d4b6,2026-05-25T19:30:00Z,2026-05-25T21:30:00+0200,45343.728727,MW,DE,DE_LU,forecast_load,Forecasted Load,2026-06-25T06:33:39Z
2026-06-25T06:32:03Z,2026-06-25T08:32:03+0200,cfe43b62-de54-4c74-8f9f-70948ee9d4b6,2026-05-25T19:45:00Z,2026-05-25T21:45:00+0200,45116.536555,MW,DE,DE_LU,forecast_load,Forecasted Load,2026-06-25T06:33:39Z
2026-06-25T06:32:03Z,2026-06-25T08:32:03+0200,cfe43b62-de54-4c74-8f9f-70948ee9d4b6,2026-05-25T20:00:00Z,2026-05-25T22:00:00+0200,44733.306185,MW,DE,DE_LU,forecast_load,Forecasted Load,2026-06-25T06:33:39Z
2026-06-25T06:32:03Z,2026-06-25T08:32:03+0200,cfe43b62-de54-4c74-8f9f-70948ee9d4b6,2026-05-25T20:15:00Z,2026-05-25T22:15:00+0200,44194.083958,MW,DE,DE_LU,forecast_load,Forecasted Load,2026-06-25T06:33:39Z
2026-06-25T06:32:03Z,2026-06-25T08:32:03+0200,cfe43b62-de54-4c74-8f9f-70948ee9d4b6,2026-05-25T20:30:00Z,2026-05-25T22:30:00+0200,43670.831818,MW,DE,DE_LU,forecast_load,Forecasted Load,2026-06-25T06:33:39Z
2026-06-25T06:32:03Z,2026-06-25T08:32:03+0200,cfe43b62-de54-4c74-8f9f-70948ee9d4b6,2026-05-25T20:45:00Z,2026-05-25T22:45:00+0200,43320.575175,MW,DE,DE_LU,forecast_load,Forecasted Load,2026-06-25T06:33:39Z
2026-06-25T06:32:03Z,2026-06-25T08:32:03+0200,cfe43b62-de54-4c74-8f9f-70948ee9d4b6,2026-05-25T21:00:00Z,2026-05-25T23:00:00+0200,42739.013051,MW,DE,DE_LU,forecast_load,Forecasted Load,2026-06-25T06:33:39Z
2026-06-25T06:32:03Z,2026-06-25T08:32:03+0200,cfe43b62-de54-4c74-8f9f-70948ee9d4b6,2026-05-25T21:15:00Z,2026-05-25T23:15:00+0200,42226.173312,MW,DE,DE_LU,forecast_load,Forecasted Load,2026-06-25T06:33:39Z
2026-06-25T06:32:03Z,2026-06-25T08:32:03+0200,cfe43b62-de54-4c74-8f9f-70948ee9d4b6,2026-05-25T21:30:00Z,2026-05-25T23:30:00+0200,41828.474357,MW,DE,DE_LU,forecast_load,Forecasted Load,2026-06-25T06:33:39Z
2026-06-25T06:32:03Z,2026-06-25T08:32:03+0200,cfe43b62-de54-4c74-8f9f-70948ee9d4b6,2026-05-25T21:45:00Z,2026-05-25T23:45:00+0200,41390.190606,MW,DE,DE_LU,forecast_load,Forecasted Load,2026-06-25T06:33:39Z
2026-06-25T06:32:03Z,2026-06-25T08:32:03+0200,cfe43b62-de54-4c74-8f9f-70948ee9d4b6,2026-05-25T22:00:00Z,2026-05-26T00:00:00+0200,41610.613271,MW,DE,DE_LU,forecast_load,Forecasted Load,2026-06-25T06:33:39Z
2026-06-25T06:32:03Z,2026-06-25T08:32:03+0200,cfe43b62-de54-4c74-8f9f-70948ee9d4b6,2026-05-25T22:15:00Z,2026-05-26T00:15:00+0200,41164.036254,MW,DE,DE_LU,forecast_load,Forecasted Load,2026-06-25T06:33:39Z
2026-06-25T06:32:03Z,2026-06-25T08:32:03+0200,cfe43b62-de54-4c74-8f9f-70948ee9d4b6,2026-05-25T22:30:00Z,2026-05-26T00:30:00+0200,41014.895807,MW,DE,DE_LU,forecast_load,Forecasted Load,2026-06-25T06:33:39Z
2026-06-25T06:32:03Z,2026-06-25T08:32:03+0200,cfe43b62-de54-4c74-8f9f-70948ee9d4b6,2026-05-25T22:45:00Z,2026-05-26T00:45:00+0200,40489.744844,MW,DE,DE_LU,forecast_load,Forecasted Load,2026-06-25T06:33:39Z
2026-06-25T06:32:03Z,2026-06-25T08:32:03+0200,cfe43b62-de54-4c74-8f9f-70948ee9d4b6,2026-05-25T23:00:00Z,2026-05-26T01:00:00+0200,40029.109111,MW,DE,DE_LU,forecast_load,Forecasted Load,2026-06-25T06:33:39Z
2026-06-25T06:32:03Z,2026-06-25T08:32:03+0200,cfe43b62-de54-4c74-8f9f-70948ee9d4b6,2026-05-25T23:15:00Z,2026-05-26T01:15:00+0200,39757.642108,MW,DE,DE_LU,forecast_load,Forecasted Load,2026-06-25T06:33:39Z
2026-06-25T06:32:03Z,2026-06-25T08:32:03+0200,cfe43b62-de54-4c74-8f9f-70948ee9d4b6,2026-05-25T23:30:00Z,2026-05-26T01:30:00+0200,39449.728334,MW,DE,DE_LU,forecast_load,Forecasted Load,2026-06-25T06:33:39Z
2026-06-25T06:32:03Z,2026-06-25T08:32:03+0200,cfe43b62-de54-4c74-8f9f-70948ee9d4b6,2026-05-25T23:45:00Z,2026-05-26T01:45:00+0200,39173.003141,MW,DE,DE_LU,forecast_load,Forecasted Load,2026-06-25T06:33:39Z
2026-06-25T06:32:03Z,2026-06-25T08:32:03+0200,cfe43b62-de54-4c74-8f9f-70948ee9d4b6,2026-05-26T00:00:00Z,2026-05-26T02:00:00+0200,39118.50154,MW,DE,DE_LU,forecast_load,Forecasted Load,2026-06-25T06:33:39Z
2026-06-25T06:32:03Z,2026-06-25T08:32:03+0200,cfe43b62-de54-4c74-8f9f-70948ee9d4b6,2026-05-26T00:15:00Z,2026-05-26T02:15:00+0200,39090.139278,MW,DE,DE_LU,forecast_load,Forecasted Load,2026-06-25T06:33:39Z
2026-06-25T06:32:03Z,2026-06-25T08:32:03+0200,cfe43b62-de54-4c74-8f9f-70948ee9d4b6,2026-05-26T00:30:00Z,2026-05-26T02:30:00+0200,39083.226295,MW,DE,DE_LU,forecast_load,Forecasted Load,2026-06-25T06:33:39Z
2026-06-25T06:32:03Z,2026-06-25T08:32:03+0200,cfe43b62-de54-4c74-8f9f-70948ee9d4b6,2026-05-26T00:45:00Z,2026-05-26T02:45:00+0200,39072.240685,MW,DE,DE_LU,forecast_load,Forecasted Load,2026-06-25T06:33:39Z
2026-06-25T06:32:03Z,2026-06-25T08:32:03+0200,cfe43b62-de54-4c74-8f9f-70948ee9d4b6,2026-05-26T01:00:00Z,2026-05-26T03:00:00+0200,39035.699475,MW,DE,DE_LU,forecast_load,Forecasted Load,2026-06-25T06:33:39Z
2026-06-25T06:32:03Z,2026-06-25T08:32:03+0200,cfe43b62-de54-4c74-8f9f-70948ee9d4b6,2026-05-26T01:15:00Z,2026-05-26T03:15:00+0200,38911.967948,MW,DE,DE_LU,forecast_load,Forecasted Load,2026-06-25T06:33:39Z
2026-06-25T06:32:03Z,2026-06-25T08:32:03+0200,cfe43b62-de54-4c74-8f9f-70948ee9d4b6,2026-05-26T01:30:00Z,2026-05-26T03:30:00+0200,39051.937857,MW,DE,DE_LU,forecast_load,Forecasted Load,2026-06-25T06:33:39Z
2026-06-25T06:32:03Z,2026-06-25T08:32:03+0200,cfe43b62-de54-4c74-8f9f-70948ee9d4b6,2026-05-26T01:45:00Z,2026-05-26T03:45:00+0200,39338.717831,MW,DE,DE_LU,forecast_load,Forecasted Load,2026-06-25T06:33:39Z
2026-06-25T06:32:03Z,2026-06-25T08:32:03+0200,cfe43b62-de54-4c74-8f9f-70948ee9d4b6,2026-05-26T02:00:00Z,2026-05-26T04:00:00+0200,39906.108301,MW,DE,DE_LU,forecast_load,Forecasted Load,2026-06-25T06:33:39Z
2026-06-25T06:32:03Z,2026-06-25T08:32:03+0200,cfe43b62-de54-4c74-8f9f-70948ee9d4b6,2026-05-26T02:15:00Z,2026-05-26T04:15:00+0200,40206.513355,MW,DE,DE_LU,forecast_load,Forecasted Load,2026-06-25T06:33:39Z
2026-06-25T06:32:03Z,2026-06-25T08:32:03+0200,cfe43b62-de54-4c74-8f9f-70948ee9d4b6,2026-05-26T02:30:00Z,2026-05-26T04:30:00+0200,40602.127848,MW,DE,DE_LU,forecast_load,Forecasted Load,2026-06-25T06:33:39Z
2026-06-25T06:32:03Z,2026-06-25T08:32:03+0200,cfe43b62-de54-4c74-8f9f-70948ee9d4b6,2026-05-26T02:45:00Z,2026-05-26T04:45:00+0200,41208.63034,MW,DE,DE_LU,forecast_load,Forecasted Load,2026-06-25T06:33:39Z
2026-06-25T06:32:03Z,2026-06-25T08:32:03+0200,cfe43b62-de54-4c74-8f9f-70948ee9d4b6,2026-05-26T03:00:00Z,2026-05-26T05:00:00+0200,42242.61955,MW,DE,DE_LU,forecast_load,Forecasted Load,2026-06-25T06:33:39Z
2026-06-25T06:32:03Z,2026-06-25T08:32:03+0200,cfe43b62-de54-4c74-8f9f-70948ee9d4b6,2026-05-26T03:15:00Z,2026-05-26T05:15:00+0200,42584.658053,MW,DE,DE_LU,forecast_load,Forecasted Load,2026-06-25T06:33:39Z
2026-06-25T06:32:03Z,2026-06-25T08:32:03+0200,cfe43b62-de54-4c74-8f9f-70948ee9d4b6,2026-05-26T03:30:00Z,2026-05-26T05:30:00+0200,43637.789102,MW,DE,DE_LU,forecast_load,Forecasted Load,2026-06-25T06:33:39Z
2026-06-25T06:32:03Z,2026-06-25T08:32:03+0200,cfe43b62-de54-4c74-8f9f-70948ee9d4b6,2026-05-26T03:45:00Z,2026-05-26T05:45:00+0200,46459.049947,MW,DE,DE_LU,forecast_load,Forecasted Load,2026-06-25T06:33:39Z
2026-06-25T06:32:03Z,2026-06-25T08:32:03+0200,cfe43b62-de54-4c74-8f9f-70948ee9d4b6,2026-05-26T04:00:00Z,2026-05-26T06:00:00+0200,49320.673162,MW,DE,DE_LU,forecast_load,Forecasted Load,2026-06-25T06:33:39Z
2026-06-25T06:32:03Z,2026-06-25T08:32:03+0200,cfe43b62-de54-4c74-8f9f-70948ee9d4b6,2026-05-26T04:15:00Z,2026-05-26T06:15:00+0200,49111.554127,MW,DE,DE_LU,forecast_load,Forecasted Load,2026-06-25T06:33:39Z
2026-06-25T06:32:03Z,2026-06-25T08:32:03+0200,cfe43b62-de54-4c74-8f9f-70948ee9d4b6,2026-05-26T04:30:00Z,2026-05-26T06:30:00+0200,50920.528384,MW,DE,DE_LU,forecast_load,Forecasted Load,2026-06-25T06:33:39Z
2026-06-25T06:32:03Z,2026-06-25T08:32:03+0200,cfe43b62-de54-4c74-8f9f-70948ee9d4b6,2026-05-26T04:45:00Z,2026-05-26T06:45:00+0200,52314.485488,MW,DE,DE_LU,forecast_load,Forecasted Load,2026-06-25T06:33:39Z
2026-06-25T06:32:03Z,2026-06-25T08:32:03+0200,cfe43b62-de54-4c74-8f9f-70948ee9d4b6,2026-05-26T05:00:00Z,2026-05-26T07:00:00+0200,53713.303873,MW,DE,DE_LU,forecast_load,Forecasted Load,2026-06-25T06:33:39Z
2026-06-25T06:32:03Z,2026-06-25T08:32:03+0200,cfe43b62-de54-4c74-8f9f-70948ee9d4b6,2026-05-26T05:15:00Z,2026-05-26T07:15:00+0200,54602.147531,MW,DE,DE_LU,forecast_load,Forecasted Load,2026-06-25T06:33:39Z
2026-06-25T06:32:03Z,2026-06-25T08:32:03+0200,cfe43b62-de54-4c74-8f9f-70948ee9d4b6,2026-05-26T05:30:00Z,2026-05-26T07:30:00+0200,55885.394743,MW,DE,DE_LU,forecast_load,Forecasted Load,2026-06-25T06:33:39Z
2026-06-25T06:32:03Z,2026-06-25T08:32:03+0200,cfe43b62-de54-4c74-8f9f-70948ee9d4b6,2026-05-26T05:45:00Z,2026-05-26T07:45:00+0200,56854.688253,MW,DE,DE_LU,forecast_load,Forecasted Load,2026-06-25T06:33:39Z
2026-06-25T06:32:03Z,2026-06-25T08:32:03+0200,cfe43b62-de54-4c74-8f9f-70948ee9d4b6,2026-05-26T06:00:00Z,2026-05-26T08:00:00+0200,57907.976075,MW,DE,DE_LU,forecast_load,Forecasted Load,2026-06-25T06:33:39Z
2026-06-25T06:32:03Z,2026-06-25T08:32:03+0200,cfe43b62-de54-4c74-8f9f-70948ee9d4b6,2026-05-26T06:15:00Z,2026-05-26T08:15:00+0200,58744.719185,MW,DE,DE_LU,forecast_load,Forecasted Load,2026-06-25T06:33:39Z
2026-06-25T06:32:03Z,2026-06-25T08:32:03+0200,cfe43b62-de54-4c74-8f9f-70948ee9d4b6,2026-05-26T06:30:00Z,2026-05-26T08:30:00+0200,59320.068442,MW,DE,DE_LU,forecast_load,Forecasted Load,2026-06-25T06:33:39Z
2026-06-25T06:32:03Z,2026-06-25T08:32:03+0200,cfe43b62-de54-4c74-8f9f-70948ee9d4b6,2026-05-26T06:45:00Z,2026-05-26T08:45:00+0200,59955.367733,MW,DE,DE_LU,forecast_load,Forecasted Load,2026-06-25T06:33:39Z
2026-06-25T06:32:03Z,2026-06-25T08:32:03+0200,cfe43b62-de54-4c74-8f9f-70948ee9d4b6,2026-05-26T07:00:00Z,2026-05-26T09:00:00+0200,59755.093873,MW,DE,DE_LU,forecast_load,Forecasted Load,2026-06-25T06:33:39Z
2026-06-25T06:32:03Z,2026-06-25T08:32:03+0200,cfe43b62-de54-4c74-8f9f-70948ee9d4b6,2026-05-26T07:15:00Z,2026-05-26T09:15:00+0200,60163.450733,MW,DE,DE_LU,forecast_load,Forecasted Load,2026-06-25T06:33:39Z
2026-06-25T06:32:03Z,2026-06-25T08:32:03+0200,cfe43b62-de54-4c74-8f9f-70948ee9d4b6,2026-05-26T07:30:00Z,2026-05-26T09:30:00+0200,60690.271217,MW,DE,DE_LU,forecast_load,Forecasted Load,2026-06-25T06:33:39Z
2026-06-25T06:32:03Z,2026-06-25T08:32:03+0200,cfe43b62-de54-4c74-8f9f-70948ee9d4b6,2026-05-26T07:45:00Z,2026-05-26T09:45:00+0200,60937.499457,MW,DE,DE_LU,forecast_load,Forecasted Load,2026-06-25T06:33:39Z
2026-06-25T06:32:03Z,2026-06-25T08:32:03+0200,cfe43b62-de54-4c74-8f9f-70948ee9d4b6,2026-05-26T08:00:00Z,2026-05-26T10:00:00+0200,60672.565497,MW,DE,DE_LU,forecast_load,Forecasted Load,2026-06-25T06:33:39Z
2026-06-25T06:32:03Z,2026-06-25T08:32:03+0200,cfe43b62-de54-4c74-8f9f-70948ee9d4b6,2026-05-26T08:15:00Z,2026-05-26T10:15:00+0200,60734.138874,MW,DE,DE_LU,forecast_load,Forecasted Load,2026-06-25T06:33:39Z
2026-06-25T06:32:03Z,2026-06-25T08:32:03+0200,cfe43b62-de54-4c74-8f9f-70948ee9d4b6,2026-05-26T08:30:00Z,2026-05-26T10:30:00+0200,60556.511787,MW,DE,DE_LU,forecast_load,Forecasted Load,2026-06-25T06:33:39Z
2026-06-25T06:32:03Z,2026-06-25T08:32:03+0200,cfe43b62-de54-4c74-8f9f-70948ee9d4b6,2026-05-26T08:45:00Z,2026-05-26T10:45:00+0200,60655.056218,MW,DE,DE_LU,forecast_load,Forecasted Load,2026-06-25T06:33:39Z
2026-06-25T06:32:03Z,2026-06-25T08:32:03+0200,cfe43b62-de54-4c74-8f9f-70948ee9d4b6,2026-05-26T09:00:00Z,2026-05-26T11:00:00+0200,60368.200311,MW,DE,DE_LU,forecast_load,Forecasted Load,2026-06-25T06:33:39Z
2026-06-25T06:32:03Z,2026-06-25T08:32:03+0200,cfe43b62-de54-4c74-8f9f-70948ee9d4b6,2026-05-26T09:15:00Z,2026-05-26T11:15:00+0200,60527.424179,MW,DE,DE_LU,forecast_load,Forecasted Load,2026-06-25T06:33:39Z
2026-06-25T06:32:03Z,2026-06-25T08:32:03+0200,cfe43b62-de54-4c74-8f9f-70948ee9d4b6,2026-05-26T09:30:00Z,2026-05-26T11:30:00+0200,60729.188952,MW,DE,DE_LU,forecast_load,Forecasted Load,2026-06-25T06:33:39Z
2026-06-25T06:32:03Z,2026-06-25T08:32:03+0200,cfe43b62-de54-4c74-8f9f-70948ee9d4b6,2026-05-26T09:45:00Z,2026-05-26T11:45:00+0200,60634.581873,MW,DE,DE_LU,forecast_load,Forecasted Load,2026-06-25T06:33:39Z
2026-06-25T06:32:03Z,2026-06-25T08:32:03+0200,cfe43b62-de54-4c74-8f9f-70948ee9d4b6,2026-05-26T10:00:00Z,2026-05-26T12:00:00+0200,60116.246568,MW,DE,DE_LU,forecast_load,Forecasted Load,2026-06-25T06:33:39Z
2026-06-25T06:32:03Z,2026-06-25T08:32:03+0200,cfe43b62-de54-4c74-8f9f-70948ee9d4b6,2026-05-26T10:15:00Z,2026-05-26T12:15:00+0200,59974.06553,MW,DE,DE_LU,forecast_load,Forecasted Load,2026-06-25T06:33:39Z
2026-06-25T06:32:03Z,2026-06-25T08:32:03+0200,cfe43b62-de54-4c74-8f9f-70948ee9d4b6,2026-05-26T10:30:00Z,2026-05-26T12:30:00+0200,60150.181949,MW,DE,DE_LU,forecast_load,Forecasted Load,2026-06-25T06:33:39Z
2026-06-25T06:32:03Z,2026-06-25T08:32:03+0200,cfe43b62-de54-4c74-8f9f-70948ee9d4b6,2026-05-26T10:45:00Z,2026-05-26T12:45:00+0200,60081.414917,MW,DE,DE_LU,forecast_load,Forecasted Load,2026-06-25T06:33:39Z
2026-06-25T06:32:03Z,2026-06-25T08:32:03+0200,cfe43b62-de54-4c74-8f9f-70948ee9d4b6,2026-05-26T11:00:00Z,2026-05-26T13:00:00+0200,59845.408914,MW,DE,DE_LU,forecast_load,Forecasted Load,2026-06-25T06:33:39Z
2026-06-25T06:32:03Z,2026-06-25T08:32:03+0200,cfe43b62-de54-4c74-8f9f-70948ee9d4b6,2026-05-26T11:15:00Z,2026-05-26T13:15:00+0200,59608.319316,MW,DE,DE_LU,forecast_load,Forecasted Load,2026-06-25T06:33:39Z
2026-06-25T06:32:03Z,2026-06-25T08:32:03+0200,cfe43b62-de54-4c74-8f9f-70948ee9d4b6,2026-05-26T11:30:00Z,2026-05-26T13:30:00+0200,59342.781337,MW,DE,DE_LU,forecast_load,Forecasted Load,2026-06-25T06:33:39Z
2026-06-25T06:32:03Z,2026-06-25T08:32:03+0200,cfe43b62-de54-4c74-8f9f-70948ee9d4b6,2026-05-26T11:45:00Z,2026-05-26T13:45:00+0200,59032.091724,MW,DE,DE_LU,forecast_load,Forecasted Load,2026-06-25T06:33:39Z
2026-06-25T06:32:03Z,2026-06-25T08:32:03+0200,cfe43b62-de54-4c74-8f9f-70948ee9d4b6,2026-05-26T12:00:00Z,2026-05-26T14:00:00+0200,58838.035222,MW,DE,DE_LU,forecast_load,Forecasted Load,2026-06-25T06:33:39Z
2026-06-25T06:32:03Z,2026-06-25T08:32:03+0200,cfe43b62-de54-4c74-8f9f-70948ee9d4b6,2026-05-26T12:15:00Z,2026-05-26T14:15:00+0200,58315.219812,MW,DE,DE_LU,forecast_load,Forecasted Load,2026-06-25T06:33:39Z
2026-06-25T06:32:03Z,2026-06-25T08:32:03+0200,cfe43b62-de54-4c74-8f9f-70948ee9d4b6,2026-05-26T12:30:00Z,2026-05-26T14:30:00+0200,58342.505375,MW,DE,DE_LU,forecast_load,Forecasted Load,2026-06-25T06:33:39Z
2026-06-25T06:32:03Z,2026-06-25T08:32:03+0200,cfe43b62-de54-4c74-8f9f-70948ee9d4b6,2026-05-26T12:45:00Z,2026-05-26T14:45:00+0200,58079.874406,MW,DE,DE_LU,forecast_load,Forecasted Load,2026-06-25T06:33:39Z
2026-06-25T06:32:03Z,2026-06-25T08:32:03+0200,cfe43b62-de54-4c74-8f9f-70948ee9d4b6,2026-05-26T13:00:00Z,2026-05-26T15:00:00+0200,58039.315803,MW,DE,DE_LU,forecast_load,Forecasted Load,2026-06-25T06:33:39Z
2026-06-25T06:32:03Z,2026-06-25T08:32:03+0200,cfe43b62-de54-4c74-8f9f-70948ee9d4b6,2026-05-26T13:15:00Z,2026-05-26T15:15:00+0200,57611.472199,MW,DE,DE_LU,forecast_load,Forecasted Load,2026-06-25T06:33:39Z
2026-06-25T06:32:03Z,2026-06-25T08:32:03+0200,cfe43b62-de54-4c74-8f9f-70948ee9d4b6,2026-05-26T13:30:00Z,2026-05-26T15:30:00+0200,57278.278536,MW,DE,DE_LU,forecast_load,Forecasted Load,2026-06-25T06:33:39Z
2026-06-25T06:32:03Z,2026-06-25T08:32:03+0200,cfe43b62-de54-4c74-8f9f-70948ee9d4b6,2026-05-26T13:45:00Z,2026-05-26T15:45:00+0200,56908.514425,MW,DE,DE_LU,forecast_load,Forecasted Load,2026-06-25T06:33:39Z
2026-06-25T06:32:03Z,2026-06-25T08:32:03+0200,cfe43b62-de54-4c74-8f9f-70948ee9d4b6,2026-05-26T14:00:00Z,2026-05-26T16:00:00+0200,57188.607837,MW,DE,DE_LU,forecast_load,Forecasted Load,2026-06-25T06:33:39Z
2026-06-25T06:32:03Z,2026-06-25T08:32:03+0200,cfe43b62-de54-4c74-8f9f-70948ee9d4b6,2026-05-26T14:15:00Z,2026-05-26T16:15:00+0200,57318.805482,MW,DE,DE_LU,forecast_load,Forecasted Load,2026-06-25T06:33:39Z
2026-06-25T06:32:03Z,2026-06-25T08:32:03+0200,cfe43b62-de54-4c74-8f9f-70948ee9d4b6,2026-05-26T14:30:00Z,2026-05-26T16:30:00+0200,57133.250061,MW,DE,DE_LU,forecast_load,Forecasted Load,2026-06-25T06:33:39Z
2026-06-25T06:32:03Z,2026-06-25T08:32:03+0200,cfe43b62-de54-4c74-8f9f-70948ee9d4b6,2026-05-26T14:45:00Z,2026-05-26T16:45:00+0200,56897.184649,MW,DE,DE_LU,forecast_load,Forecasted Load,2026-06-25T06:33:39Z
2026-06-25T06:32:03Z,2026-06-25T08:32:03+0200,cfe43b62-de54-4c74-8f9f-70948ee9d4b6,2026-05-26T15:00:00Z,2026-05-26T17:00:00+0200,57544.896806,MW,DE,DE_LU,forecast_load,Forecasted Load,2026-06-25T06:33:39Z
2026-06-25T06:32:03Z,2026-06-25T08:32:03+0200,cfe43b62-de54-4c74-8f9f-70948ee9d4b6,2026-05-26T15:15:00Z,2026-05-26T17:15:00+0200,57579.487856,MW,DE,DE_LU,forecast_load,Forecasted Load,2026-06-25T06:33:39Z
2026-06-25T06:32:03Z,2026-06-25T08:32:03+0200,cfe43b62-de54-4c74-8f9f-70948ee9d4b6,2026-05-26T15:30:00Z,2026-05-26T17:30:00+0200,57954.939154,MW,DE,DE_LU,forecast_load,Forecasted Load,2026-06-25T06:33:39Z
2026-06-25T06:32:03Z,2026-06-25T08:32:03+0200,cfe43b62-de54-4c74-8f9f-70948ee9d4b6,2026-05-26T15:45:00Z,2026-05-26T17:45:00+0200,58049.441015,MW,DE,DE_LU,forecast_load,Forecasted Load,2026-06-25T06:33:39Z
2026-06-25T06:32:03Z,2026-06-25T08:32:03+0200,cfe43b62-de54-4c74-8f9f-70948ee9d4b6,2026-05-26T16:00:00Z,2026-05-26T18:00:00+0200,58279.593105,MW,DE,DE_LU,forecast_load,Forecasted Load,2026-06-25T06:33:39Z
2026-06-25T06:32:03Z,2026-06-25T08:32:03+0200,cfe43b62-de54-4c74-8f9f-70948ee9d4b6,2026-05-26T16:15:00Z,2026-05-26T18:15:00+0200,58212.447602,MW,DE,DE_LU,forecast_load,Forecasted Load,2026-06-25T06:33:39Z
2026-06-25T06:32:03Z,2026-06-25T08:32:03+0200,cfe43b62-de54-4c74-8f9f-70948ee9d4b6,2026-05-26T16:30:00Z,2026-05-26T18:30:00+0200,58275.515257,MW,DE,DE_LU,forecast_load,Forecasted Load,2026-06-25T06:33:39Z
2026-06-25T06:32:03Z,2026-06-25T08:32:03+0200,cfe43b62-de54-4c74-8f9f-70948ee9d4b6,2026-05-26T16:45:00Z,2026-05-26T18:45:00+0200,58469.448394,MW,DE,DE_LU,forecast_load,Forecasted Load,2026-06-25T06:33:39Z
2026-06-25T06:32:03Z,2026-06-25T08:32:03+0200,cfe43b62-de54-4c74-8f9f-70948ee9d4b6,2026-05-26T17:00:00Z,2026-05-26T19:00:00+0200,58499.229934,MW,DE,DE_LU,forecast_load,Forecasted Load,2026-06-25T06:33:39Z
2026-06-25T06:32:03Z,2026-06-25T08:32:03+0200,cfe43b62-de54-4c74-8f9f-70948ee9d4b6,2026-05-26T17:15:00Z,2026-05-26T19:15:00+0200,58356.567005,MW,DE,DE_LU,forecast_load,Forecasted Load,2026-06-25T06:33:39Z
2026-06-25T06:32:03Z,2026-06-25T08:32:03+0200,cfe43b62-de54-4c74-8f9f-70948ee9d4b6,2026-05-26T17:30:00Z,2026-05-26T19:30:00+0200,58180.328913,MW,DE,DE_LU,forecast_load,Forecasted Load,2026-06-25T06:33:39Z
2026-06-25T06:32:03Z,2026-06-25T08:32:03+0200,cfe43b62-de54-4c74-8f9f-70948ee9d4b6,2026-05-26T17:45:00Z,2026-05-26T19:45:00+0200,58066.019141,MW,DE,DE_LU,forecast_load,Forecasted Load,2026-06-25T06:33:39Z
2026-06-25T06:32:03Z,2026-06-25T08:32:03+0200,cfe43b62-de54-4c74-8f9f-70948ee9d4b6,2026-05-26T18:00:00Z,2026-05-26T20:00:00+0200,57642.477222,MW,DE,DE_LU,forecast_load,Forecasted Load,2026-06-25T06:33:39Z
2026-06-25T06:32:03Z,2026-06-25T08:32:03+0200,cfe43b62-de54-4c74-8f9f-70948ee9d4b6,2026-05-26T18:15:00Z,2026-05-26T20:15:00+0200,57092.668408,MW,DE,DE_LU,forecast_load,Forecasted Load,2026-06-25T06:33:39Z
2026-06-25T06:32:03Z,2026-06-25T08:32:03+0200,cfe43b62-de54-4c74-8f9f-70948ee9d4b6,2026-05-26T18:30:00Z,2026-05-26T20:30:00+0200,56608.169899,MW,DE,DE_LU,forecast_load,Forecasted Load,2026-06-25T06:33:39Z
2026-06-25T06:32:03Z,2026-06-25T08:32:03+0200,cfe43b62-de54-4c74-8f9f-70948ee9d4b6,2026-05-26T18:45:00Z,2026-05-26T20:45:00+0200,55970.64791,MW,DE,DE_LU,forecast_load,Forecasted Load,2026-06-25T06:33:39Z
2026-06-25T06:32:03Z,2026-06-25T08:32:03+0200,cfe43b62-de54-4c74-8f9f-70948ee9d4b6,2026-05-26T19:00:00Z,2026-05-26T21:00:00+0200,55499.146188,MW,DE,DE_LU,forecast_load,Forecasted Load,2026-06-25T06:33:39Z
2026-06-25T06:32:03Z,2026-06-25T08:32:03+0200,cfe43b62-de54-4c74-8f9f-70948ee9d4b6,2026-05-26T19:15:00Z,2026-05-26T21:15:00+0200,55013.260449,MW,DE,DE_LU,forecast_load,Forecasted Load,2026-06-25T06:33:39Z
2026-06-25T06:32:03Z,2026-06-25T08:32:03+0200,cfe43b62-de54-4c74-8f9f-70948ee9d4b6,2026-05-26T19:30:00Z,2026-05-26T21:30:00+0200,54200.159506,MW,DE,DE_LU,forecast_load,Forecasted Load,2026-06-25T06:33:39Z
2026-06-25T06:32:03Z,2026-06-25T08:32:03+0200,cfe43b62-de54-4c74-8f9f-70948ee9d4b6,2026-05-26T19:45:00Z,2026-05-26T21:45:00+0200,53402.100416,MW,DE,DE_LU,forecast_load,Forecasted Load,2026-06-25T06:33:39Z
2026-06-25T06:32:03Z,2026-06-25T08:32:03+0200,cfe43b62-de54-4c74-8f9f-70948ee9d4b6,2026-05-26T20:00:00Z,2026-05-26T22:00:00+0200,52580.145648,MW,DE,DE_LU,forecast_load,Forecasted Load,2026-06-25T06:33:39Z
2026-06-25T06:32:03Z,2026-06-25T08:32:03+0200,cfe43b62-de54-4c74-8f9f-70948ee9d4b6,2026-05-26T20:15:00Z,2026-05-26T22:15:00+0200,51572.619801,MW,DE,DE_LU,forecast_load,Forecasted Load,2026-06-25T06:33:39Z
2026-06-25T06:32:03Z,2026-06-25T08:32:03+0200,cfe43b62-de54-4c74-8f9f-70948ee9d4b6,2026-05-26T20:30:00Z,2026-05-26T22:30:00+0200,50637.837211,MW,DE,DE_LU,forecast_load,Forecasted Load,2026-06-25T06:33:39Z
2026-06-25T06:32:03Z,2026-06-25T08:32:03+0200,cfe43b62-de54-4c74-8f9f-70948ee9d4b6,2026-05-26T20:45:00Z,2026-05-26T22:45:00+0200,49683.173092,MW,DE,DE_LU,forecast_load,Forecasted Load,2026-06-25T06:33:39Z
2026-06-25T06:32:03Z,2026-06-25T08:32:03+0200,cfe43b62-de54-4c74-8f9f-70948ee9d4b6,2026-05-26T21:00:00Z,2026-05-26T23:00:00+0200,48763.072668,MW,DE,DE_LU,forecast_load,Forecasted Load,2026-06-25T06:33:39Z
2026-06-25T06:32:03Z,2026-06-25T08:32:03+0200,cfe43b62-de54-4c74-8f9f-70948ee9d4b6,2026-05-26T21:15:00Z,2026-05-26T23:15:00+0200,48004.924485,MW,DE,DE_LU,forecast_load,Forecasted Load,2026-06-25T06:33:39Z
2026-06-25T06:32:03Z,2026-06-25T08:32:03+0200,cfe43b62-de54-4c74-8f9f-70948ee9d4b6,2026-05-26T21:30:00Z,2026-05-26T23:30:00+0200,47286.649059,MW,DE,DE_LU,forecast_load,Forecasted Load,2026-06-25T06:33:39Z
2026-06-25T06:32:03Z,2026-06-25T08:32:03+0200,cfe43b62-de54-4c74-8f9f-70948ee9d4b6,2026-05-26T21:45:00Z,2026-05-26T23:45:00+0200,46613.074761,MW,DE,DE_LU,forecast_load,Forecasted Load,2026-06-25T06:33:39Z
2026-06-25T06:32:03Z,2026-06-25T08:32:03+0200,cfe43b62-de54-4c74-8f9f-70948ee9d4b6,2026-05-26T22:00:00Z,2026-05-27T00:00:00+0200,45902.25168,MW,DE,DE_LU,forecast_load,Forecasted Load,2026-06-25T06:33:39Z
2026-06-25T06:32:03Z,2026-06-25T08:32:03+0200,cfe43b62-de54-4c74-8f9f-70948ee9d4b6,2026-05-26T22:15:00Z,2026-05-27T00:15:00+0200,45375.193799,MW,DE,DE_LU,forecast_load,Forecasted Load,2026-06-25T06:33:39Z
2026-06-25T06:32:03Z,2026-06-25T08:32:03+0200,cfe43b62-de54-4c74-8f9f-70948ee9d4b6,2026-05-26T22:30:00Z,2026-05-27T00:30:00+0200,45135.334646,MW,DE,DE_LU,forecast_load,Forecasted Load,2026-06-25T06:33:39Z
2026-06-25T06:32:03Z,2026-06-25T08:32:03+0200,cfe43b62-de54-4c74-8f9f-70948ee9d4b6,2026-05-26T22:45:00Z,2026-05-27T00:45:00+0200,44809.81963,MW,DE,DE_LU,forecast_load,Forecasted Load,2026-06-25T06:33:39Z
2026-06-25T06:32:03Z,2026-06-25T08:32:03+0200,cfe43b62-de54-4c74-8f9f-70948ee9d4b6,2026-05-26T23:00:00Z,2026-05-27T01:00:00+0200,44312.346777,MW,DE,DE_LU,forecast_load,Forecasted Load,2026-06-25T06:33:39Z
2026-06-25T06:32:03Z,2026-06-25T08:32:03+0200,cfe43b62-de54-4c74-8f9f-70948ee9d4b6,2026-05-26T23:15:00Z,2026-05-27T01:15:00+0200,43927.512513,MW,DE,DE_LU,forecast_load,Forecasted Load,2026-06-25T06:33:39Z
2026-06-25T06:32:03Z,2026-06-25T08:32:03+0200,cfe43b62-de54-4c74-8f9f-70948ee9d4b6,2026-05-26T23:30:00Z,2026-05-27T01:30:00+0200,43621.770143,MW,DE,DE_LU,forecast_load,Forecasted Load,2026-06-25T06:33:39Z
2026-06-25T06:32:03Z,2026-06-25T08:32:03+0200,cfe43b62-de54-4c74-8f9f-70948ee9d4b6,2026-05-26T23:45:00Z,2026-05-27T01:45:00+0200,43353.6809,MW,DE,DE_LU,forecast_load,Forecasted Load,2026-06-25T06:33:39Z
2026-06-25T06:32:03Z,2026-06-25T08:32:03+0200,cfe43b62-de54-4c74-8f9f-70948ee9d4b6,2026-05-27T00:00:00Z,2026-05-27T02:00:00+0200,43032.948045,MW,DE,DE_LU,forecast_load,Forecasted Load,2026-06-25T06:33:39Z
2026-06-25T06:32:03Z,2026-06-25T08:32:03+0200,cfe43b62-de54-4c74-8f9f-70948ee9d4b6,2026-05-27T00:15:00Z,2026-05-27T02:15:00+0200,42905.322061,MW,DE,DE_LU,forecast_load,Forecasted Load,2026-06-25T06:33:39Z
2026-06-25T06:32:03Z,2026-06-25T08:32:03+0200,cfe43b62-de54-4c74-8f9f-70948ee9d4b6,2026-05-27T00:30:00Z,2026-05-27T02:30:00+0200,42929.12949,MW,DE,DE_LU,forecast_load,Forecasted Load,2026-06-25T06:33:39Z
2026-06-25T06:32:03Z,2026-06-25T08:32:03+0200,cfe43b62-de54-4c74-8f9f-70948ee9d4b6,2026-05-27T00:45:00Z,2026-05-27T02:45:00+0200,42747.105665,MW,DE,DE_LU,forecast_load,Forecasted Load,2026-06-25T06:33:39Z
2026-06-25T06:32:03Z,2026-06-25T08:32:03+0200,cfe43b62-de54-4c74-8f9f-70948ee9d4b6,2026-05-27T01:00:00Z,2026-05-27T03:00:00+0200,42786.595512,MW,DE,DE_LU,forecast_load,Forecasted Load,2026-06-25T06:33:39Z
2026-06-25T06:32:03Z,2026-06-25T08:32:03+0200,cfe43b62-de54-4c74-8f9f-70948ee9d4b6,2026-05-27T01:15:00Z,2026-05-27T03:15:00+0200,42663.263256,MW,DE,DE_LU,forecast_load,Forecasted Load,2026-06-25T06:33:39Z
2026-06-25T06:32:03Z,2026-06-25T08:32:03+0200,cfe43b62-de54-4c74-8f9f-70948ee9d4b6,2026-05-27T01:30:00Z,2026-05-27T03:30:00+0200,42688.7719,MW,DE,DE_LU,forecast_load,Forecasted Load,2026-06-25T06:33:39Z
2026-06-25T06:32:03Z,2026-06-25T08:32:03+0200,cfe43b62-de54-4c74-8f9f-70948ee9d4b6,2026-05-27T01:45:00Z,2026-05-27T03:45:00+0200,42877.401698,MW,DE,DE_LU,forecast_load,Forecasted Load,2026-06-25T06:33:39Z
2026-06-25T06:32:03Z,2026-06-25T08:32:03+0200,cfe43b62-de54-4c74-8f9f-70948ee9d4b6,2026-05-27T02:00:00Z,2026-05-27T04:00:00+0200,43202.693052,MW,DE,DE_LU,forecast_load,Forecasted Load,2026-06-25T06:33:39Z
2026-06-25T06:32:03Z,2026-06-25T08:32:03+0200,cfe43b62-de54-4c74-8f9f-70948ee9d4b6,2026-05-27T02:15:00Z,2026-05-27T04:15:00+0200,43482.742311,MW,DE,DE_LU,forecast_load,Forecasted Load,2026-06-25T06:33:39Z
2026-06-25T06:32:03Z,2026-06-25T08:32:03+0200,cfe43b62-de54-4c74-8f9f-70948ee9d4b6,2026-05-27T02:30:00Z,2026-05-27T04:30:00+0200,43714.233341,MW,DE,DE_LU,forecast_load,Forecasted Load,2026-06-25T06:33:39Z
2026-06-25T06:32:03Z,2026-06-25T08:32:03+0200,cfe43b62-de54-4c74-8f9f-70948ee9d4b6,2026-05-27T02:45:00Z,2026-05-27T04:45:00+0200,44118.235786,MW,DE,DE_LU,forecast_load,Forecasted Load,2026-06-25T06:33:39Z
2026-06-25T06:32:03Z,2026-06-25T08:32:03+0200,cfe43b62-de54-4c74-8f9f-70948ee9d4b6,2026-05-27T03:00:00Z,2026-05-27T05:00:00+0200,45008.189947,MW,DE,DE_LU,forecast_load,Forecasted Load,2026-06-25T06:33:39Z
2026-06-25T06:32:03Z,2026-06-25T08:32:03+0200,cfe43b62-de54-4c74-8f9f-70948ee9d4b6,2026-05-27T03:15:00Z,2026-05-27T05:15:00+0200,45272.571962,MW,DE,DE_LU,forecast_load,Forecasted Load,2026-06-25T06:33:39Z
2026-06-25T06:32:03Z,2026-06-25T08:32:03+0200,cfe43b62-de54-4c74-8f9f-70948ee9d4b6,2026-05-27T03:30:00Z,2026-05-27T05:30:00+0200,45476.523064,MW,DE,DE_LU,forecast_load,Forecasted Load,2026-06-25T06:33:39Z
2026-06-25T06:32:03Z,2026-06-25T08:32:03+0200,cfe43b62-de54-4c74-8f9f-70948ee9d4b6,2026-05-27T03:45:00Z,2026-05-27T05:45:00+0200,47861.547133,MW,DE,DE_LU,forecast_load,Forecasted Load,2026-06-25T06:33:39Z
2026-06-25T06:32:03Z,2026-06-25T08:32:03+0200,cfe43b62-de54-4c74-8f9f-70948ee9d4b6,2026-05-27T04:00:00Z,2026-05-27T06:00:00+0200,50176.348994,MW,DE,DE_LU,forecast_load,Forecasted Load,2026-06-25T06:33:39Z
2026-06-25T06:32:03Z,2026-06-25T08:32:03+0200,cfe43b62-de54-4c74-8f9f-70948ee9d4b6,2026-05-27T04:15:00Z,2026-05-27T06:15:00+0200,50264.50302,MW,DE,DE_LU,forecast_load,Forecasted Load,2026-06-25T06:33:39Z
2026-06-25T06:32:03Z,2026-06-25T08:32:03+0200,cfe43b62-de54-4c74-8f9f-70948ee9d4b6,2026-05-27T04:30:00Z,2026-05-27T06:30:00+0200,51559.980616,MW,DE,DE_LU,forecast_load,Forecasted Load,2026-06-25T06:33:39Z
2026-06-25T06:32:03Z,2026-06-25T08:32:03+0200,cfe43b62-de54-4c74-8f9f-70948ee9d4b6,2026-05-27T04:45:00Z,2026-05-27T06:45:00+0200,53102.418111,MW,DE,DE_LU,forecast_load,Forecasted Load,2026-06-25T06:33:39Z
2026-06-25T06:32:03Z,2026-06-25T08:32:03+0200,cfe43b62-de54-4c74-8f9f-70948ee9d4b6,2026-05-27T05:00:00Z,2026-05-27T07:00:00+0200,54564.138572,MW,DE,DE_LU,forecast_load,Forecasted Load,2026-06-25T06:33:39Z
2026-06-25T06:32:03Z,2026-06-25T08:32:03+0200,cfe43b62-de54-4c74-8f9f-70948ee9d4b6,2026-05-27T05:15:00Z,2026-05-27T07:15:00+0200,55458.496191,MW,DE,DE_LU,forecast_load,Forecasted Load,2026-06-25T06:33:39Z
2026-06-25T06:32:03Z,2026-06-25T08:32:03+0200,cfe43b62-de54-4c74-8f9f-70948ee9d4b6,2026-05-27T05:30:00Z,2026-05-27T07:30:00+0200,56600.951638,MW,DE,DE_LU,forecast_load,Forecasted Load,2026-06-25T06:33:39Z
2026-06-25T06:32:03Z,2026-06-25T08:32:03+0200,cfe43b62-de54-4c74-8f9f-70948ee9d4b6,2026-05-27T05:45:00Z,2026-05-27T07:45:00+0200,57633.381304,MW,DE,DE_LU,forecast_load,Forecasted Load,2026-06-25T06:33:39Z
2026-06-25T06:32:03Z,2026-06-25T08:32:03+0200,cfe43b62-de54-4c74-8f9f-70948ee9d4b6,2026-05-27T06:00:00Z,2026-05-27T08:00:00+0200,58468.106493,MW,DE,DE_LU,forecast_load,Forecasted Load,2026-06-25T06:33:39Z
2026-06-25T06:32:03Z,2026-06-25T08:32:03+0200,cfe43b62-de54-4c74-8f9f-70948ee9d4b6,2026-05-27T06:15:00Z,2026-05-27T08:15:00+0200,59340.444139,MW,DE,DE_LU,forecast_load,Forecasted Load,2026-06-25T06:33:39Z
2026-06-25T06:32:03Z,2026-06-25T08:32:03+0200,cfe43b62-de54-4c74-8f9f-70948ee9d4b6,2026-05-27T06:30:00Z,2026-05-27T08:30:00+0200,59937.448764,MW,DE,DE_LU,forecast_load,Forecasted Load,2026-06-25T06:33:39Z
2026-06-25T06:32:03Z,2026-06-25T08:32:03+0200,cfe43b62-de54-4c74-8f9f-70948ee9d4b6,2026-05-27T06:45:00Z,2026-05-27T08:45:00+0200,60476.785932,MW,DE,DE_LU,forecast_load,Forecasted Load,2026-06-25T06:33:39Z
2026-06-25T06:32:03Z,2026-06-25T08:32:03+0200,cfe43b62-de54-4c74-8f9f-70948ee9d4b6,2026-05-27T07:00:00Z,2026-05-27T09:00:00+0200,60346.270297,MW,DE,DE_LU,forecast_load,Forecasted Load,2026-06-25T06:33:39Z
2026-06-25T06:32:03Z,2026-06-25T08:32:03+0200,cfe43b62-de54-4c74-8f9f-70948ee9d4b6,2026-05-27T07:15:00Z,2026-05-27T09:15:00+0200,60956.795957,MW,DE,DE_LU,forecast_load,Forecasted Load,2026-06-25T06:33:39Z
2026-06-25T06:32:03Z,2026-06-25T08:32:03+0200,cfe43b62-de54-4c74-8f9f-70948ee9d4b6,2026-05-27T07:30:00Z,2026-05-27T09:30:00+0200,61361.962072,MW,DE,DE_LU,forecast_load,Forecasted Load,2026-06-25T06:33:39Z
2026-06-25T06:32:03Z,2026-06-25T08:32:03+0200,cfe43b62-de54-4c74-8f9f-70948ee9d4b6,2026-05-27T07:45:00Z,2026-05-27T09:45:00+0200,61764.289516,MW,DE,DE_LU,forecast_load,Forecasted Load,2026-06-25T06:33:39Z
2026-06-25T06:32:03Z,2026-06-25T08:32:03+0200,cfe43b62-de54-4c74-8f9f-70948ee9d4b6,2026-05-27T08:00:00Z,2026-05-27T10:00:00+0200,61304.564852,MW,DE,DE_LU,forecast_load,Forecasted Load,2026-06-25T06:33:39Z
2026-06-25T06:32:03Z,2026-06-25T08:32:03+0200,cfe43b62-de54-4c74-8f9f-70948ee9d4b6,2026-05-27T08:15:00Z,2026-05-27T10:15:00+0200,61734.415224,MW,DE,DE_LU,forecast_load,Forecasted Load,2026-06-25T06:33:39Z
2026-06-25T06:32:03Z,2026-06-25T08:32:03+0200,cfe43b62-de54-4c74-8f9f-70948ee9d4b6,2026-05-27T08:30:00Z,2026-05-27T10:30:00+0200,61808.48578,MW,DE,DE_LU,forecast_load,Forecasted Load,2026-06-25T06:33:39Z
2026-06-25T06:32:03Z,2026-06-25T08:32:03+0200,cfe43b62-de54-4c74-8f9f-70948ee9d4b6,2026-05-27T08:45:00Z,2026-05-27T10:45:00+0200,62117.536463,MW,DE,DE_LU,forecast_load,Forecasted Load,2026-06-25T06:33:39Z
2026-06-25T06:32:03Z,2026-06-25T08:32:03+0200,cfe43b62-de54-4c74-8f9f-70948ee9d4b6,2026-05-27T09:00:00Z,2026-05-27T11:00:00+0200,61749.797042,MW,DE,DE_LU,forecast_load,Forecasted Load,2026-06-25T06:33:39Z
2026-06-25T06:32:03Z,2026-06-25T08:32:03+0200,cfe43b62-de54-4c74-8f9f-70948ee9d4b6,2026-05-27T09:15:00Z,2026-05-27T11:15:00+0200,61874.490425,MW,DE,DE_LU,forecast_load,Forecasted Load,2026-06-25T06:33:39Z
2026-06-25T06:32:03Z,2026-06-25T08:32:03+0200,cfe43b62-de54-4c74-8f9f-70948ee9d4b6,2026-05-27T09:30:00Z,2026-05-27T11:30:00+0200,61993.188522,MW,DE,DE_LU,forecast_load,Forecasted Load,2026-06-25T06:33:39Z
2026-06-25T06:32:03Z,2026-06-25T08:32:03+0200,cfe43b62-de54-4c74-8f9f-70948ee9d4b6,2026-05-27T09:45:00Z,2026-05-27T11:45:00+0200,62376.690246,MW,DE,DE_LU,forecast_load,Forecasted Load,2026-06-25T06:33:39Z
2026-06-25T06:32:03Z,2026-06-25T08:32:03+0200,cfe43b62-de54-4c74-8f9f-70948ee9d4b6,2026-05-27T10:00:00Z,2026-05-27T12:00:00+0200,62243.718669,MW,DE,DE_LU,forecast_load,Forecasted Load,2026-06-25T06:33:39Z
2026-06-25T06:32:03Z,2026-06-25T08:32:03+0200,cfe43b62-de54-4c74-8f9f-70948ee9d4b6,2026-05-27T10:15:00Z,2026-05-27T12:15:00+0200,61461.734155,MW,DE,DE_LU,forecast_load,Forecasted Load,2026-06-25T06:33:39Z
2026-06-25T06:32:03Z,2026-06-25T08:32:03+0200,cfe43b62-de54-4c74-8f9f-70948ee9d4b6,2026-05-27T10:30:00Z,2026-05-27T12:30:00+0200,61229.571552,MW,DE,DE_LU,forecast_load,Forecasted Load,2026-06-25T06:33:39Z
2026-06-25T06:32:03Z,2026-06-25T08:32:03+0200,cfe43b62-de54-4c74-8f9f-70948ee9d4b6,2026-05-27T10:45:00Z,2026-05-27T12:45:00+0200,61314.542051,MW,DE,DE_LU,forecast_load,Forecasted Load,2026-06-25T06:33:39Z
2026-06-25T06:32:03Z,2026-06-25T08:32:03+0200,cfe43b62-de54-4c74-8f9f-70948ee9d4b6,2026-05-27T11:00:00Z,2026-05-27T13:00:00+0200,60728.460935,MW,DE,DE_LU,forecast_load,Forecasted Load,2026-06-25T06:33:39Z
2026-06-25T06:32:03Z,2026-06-25T08:32:03+0200,cfe43b62-de54-4c74-8f9f-70948ee9d4b6,2026-05-27T11:15:00Z,2026-05-27T13:15:00+0200,60631.634078,MW,DE,DE_LU,forecast_load,Forecasted Load,2026-06-25T06:33:39Z
2026-06-25T06:32:03Z,2026-06-25T08:32:03+0200,cfe43b62-de54-4c74-8f9f-70948ee9d4b6,2026-05-27T11:30:00Z,2026-05-27T13:30:00+0200,60179.862522,MW,DE,DE_LU,forecast_load,Forecasted Load,2026-06-25T06:33:39Z
2026-06-25T06:32:03Z,2026-06-25T08:32:03+0200,cfe43b62-de54-4c74-8f9f-70948ee9d4b6,2026-05-27T11:45:00Z,2026-05-27T13:45:00+0200,59318.373871,MW,DE,DE_LU,forecast_load,Forecasted Load,2026-06-25T06:33:39Z
2026-06-25T06:32:03Z,2026-06-25T08:32:03+0200,cfe43b62-de54-4c74-8f9f-70948ee9d4b6,2026-05-27T12:00:00Z,2026-05-27T14:00:00+0200,59304.330744,MW,DE,DE_LU,forecast_load,Forecasted Load,2026-06-25T06:33:39Z
2026-06-25T06:32:03Z,2026-06-25T08:32:03+0200,cfe43b62-de54-4c74-8f9f-70948ee9d4b6,2026-05-27T12:15:00Z,2026-05-27T14:15:00+0200,58692.698741,MW,DE,DE_LU,forecast_load,Forecasted Load,2026-06-25T06:33:39Z
2026-06-25T06:32:03Z,2026-06-25T08:32:03+0200,cfe43b62-de54-4c74-8f9f-70948ee9d4b6,2026-05-27T12:30:00Z,2026-05-27T14:30:00+0200,58732.049105,MW,DE,DE_LU,forecast_load,Forecasted Load,2026-06-25T06:33:39Z
2026-06-25T06:32:03Z,2026-06-25T08:32:03+0200,cfe43b62-de54-4c74-8f9f-70948ee9d4b6,2026-05-27T12:45:00Z,2026-05-27T14:45:00+0200,58405.243173,MW,DE,DE_LU,forecast_load,Forecasted Load,2026-06-25T06:33:39Z
2026-06-25T06:32:03Z,2026-06-25T08:32:03+0200,cfe43b62-de54-4c74-8f9f-70948ee9d4b6,2026-05-27T13:00:00Z,2026-05-27T15:00:00+0200,58352.259753,MW,DE,DE_LU,forecast_load,Forecasted Load,2026-06-25T06:33:39Z
2026-06-25T06:32:03Z,2026-06-25T08:32:03+0200,cfe43b62-de54-4c74-8f9f-70948ee9d4b6,2026-05-27T13:15:00Z,2026-05-27T15:15:00+0200,57605.241314,MW,DE,DE_LU,forecast_load,Forecasted Load,2026-06-25T06:33:39Z
2026-06-25T06:32:03Z,2026-06-25T08:32:03+0200,cfe43b62-de54-4c74-8f9f-70948ee9d4b6,2026-05-27T13:30:00Z,2026-05-27T15:30:00+0200,57339.952473,MW,DE,DE_LU,forecast_load,Forecasted Load,2026-06-25T06:33:39Z
2026-06-25T06:32:03Z,2026-06-25T08:32:03+0200,cfe43b62-de54-4c74-8f9f-70948ee9d4b6,2026-05-27T13:45:00Z,2026-05-27T15:45:00+0200,56957.166529,MW,DE,DE_LU,forecast_load,Forecasted Load,2026-06-25T06:33:39Z
2026-06-25T06:32:03Z,2026-06-25T08:32:03+0200,cfe43b62-de54-4c74-8f9f-70948ee9d4b6,2026-05-27T14:00:00Z,2026-05-27T16:00:00+0200,57123.925977,MW,DE,DE_LU,forecast_load,Forecasted Load,2026-06-25T06:33:39Z
2026-06-25T06:32:03Z,2026-06-25T08:32:03+0200,cfe43b62-de54-4c74-8f9f-70948ee9d4b6,2026-05-27T14:15:00Z,2026-05-27T16:15:00+0200,57071.338577,MW,DE,DE_LU,forecast_load,Forecasted Load,2026-06-25T06:33:39Z
2026-06-25T06:32:03Z,2026-06-25T08:32:03+0200,cfe43b62-de54-4c74-8f9f-70948ee9d4b6,2026-05-27T14:30:00Z,2026-05-27T16:30:00+0200,56583.192255,MW,DE,DE_LU,forecast_load,Forecasted Load,2026-06-25T06:33:39Z
2026-06-25T06:32:03Z,2026-06-25T08:32:03+0200,cfe43b62-de54-4c74-8f9f-70948ee9d4b6,2026-05-27T14:45:00Z,2026-05-27T16:45:00+0200,56709.238611,MW,DE,DE_LU,forecast_load,Forecasted Load,2026-06-25T06:33:39Z
2026-06-25T06:32:03Z,2026-06-25T08:32:03+0200,cfe43b62-de54-4c74-8f9f-70948ee9d4b6,2026-05-27T15:00:00Z,2026-05-27T17:00:00+0200,57352.038777,MW,DE,DE_LU,forecast_load,Forecasted Load,2026-06-25T06:33:39Z
2026-06-25T06:32:03Z,2026-06-25T08:32:03+0200,cfe43b62-de54-4c74-8f9f-70948ee9d4b6,2026-05-27T15:15:00Z,2026-05-27T17:15:00+0200,57342.639396,MW,DE,DE_LU,forecast_load,Forecasted Load,2026-06-25T06:33:39Z
2026-06-25T06:32:03Z,2026-06-25T08:32:03+0200,cfe43b62-de54-4c74-8f9f-70948ee9d4b6,2026-05-27T15:30:00Z,2026-05-27T17:30:00+0200,57509.058268,MW,DE,DE_LU,forecast_load,Forecasted Load,2026-06-25T06:33:39Z
2026-06-25T06:32:03Z,2026-06-25T08:32:03+0200,cfe43b62-de54-4c74-8f9f-70948ee9d4b6,2026-05-27T15:45:00Z,2026-05-27T17:45:00+0200,57978.625084,MW,DE,DE_LU,forecast_load,Forecasted Load,2026-06-25T06:33:39Z
2026-06-25T06:32:03Z,2026-06-25T08:32:03+0200,cfe43b62-de54-4c74-8f9f-70948ee9d4b6,2026-05-27T16:00:00Z,2026-05-27T18:00:00+0200,58506.282317,MW,DE,DE_LU,forecast_load,Forecasted Load,2026-06-25T06:33:39Z
2026-06-25T06:32:03Z,2026-06-25T08:32:03+0200,cfe43b62-de54-4c74-8f9f-70948ee9d4b6,2026-05-27T16:15:00Z,2026-05-27T18:15:00+0200,58279.379205,MW,DE,DE_LU,forecast_load,Forecasted Load,2026-06-25T06:33:39Z
2026-06-25T06:32:03Z,2026-06-25T08:32:03+0200,cfe43b62-de54-4c74-8f9f-70948ee9d4b6,2026-05-27T16:30:00Z,2026-05-27T18:30:00+0200,58273.775808,MW,DE,DE_LU,forecast_load,Forecasted Load,2026-06-25T06:33:39Z
2026-06-25T06:32:03Z,2026-06-25T08:32:03+0200,cfe43b62-de54-4c74-8f9f-70948ee9d4b6,2026-05-27T16:45:00Z,2026-05-27T18:45:00+0200,58508.236559,MW,DE,DE_LU,forecast_load,Forecasted Load,2026-06-25T06:33:39Z
2026-06-25T06:32:03Z,2026-06-25T08:32:03+0200,cfe43b62-de54-4c74-8f9f-70948ee9d4b6,2026-05-27T17:00:00Z,2026-05-27T19:00:00+0200,58461.767893,MW,DE,DE_LU,forecast_load,Forecasted Load,2026-06-25T06:33:39Z
2026-06-25T06:32:03Z,2026-06-25T08:32:03+0200,cfe43b62-de54-4c74-8f9f-70948ee9d4b6,2026-05-27T17:15:00Z,2026-05-27T19:15:00+0200,58304.005792,MW,DE,DE_LU,forecast_load,Forecasted Load,2026-06-25T06:33:39Z
2026-06-25T06:32:03Z,2026-06-25T08:32:03+0200,cfe43b62-de54-4c74-8f9f-70948ee9d4b6,2026-05-27T17:30:00Z,2026-05-27T19:30:00+0200,58104.662751,MW,DE,DE_LU,forecast_load,Forecasted Load,2026-06-25T06:33:39Z
2026-06-25T06:32:03Z,2026-06-25T08:32:03+0200,cfe43b62-de54-4c74-8f9f-70948ee9d4b6,2026-05-27T17:45:00Z,2026-05-27T19:45:00+0200,57764.627683,MW,DE,DE_LU,forecast_load,Forecasted Load,2026-06-25T06:33:39Z
2026-06-25T06:32:03Z,2026-06-25T08:32:03+0200,cfe43b62-de54-4c74-8f9f-70948ee9d4b6,2026-05-27T18:00:00Z,2026-05-27T20:00:00+0200,57253.817215,MW,DE,DE_LU,forecast_load,Forecasted Load,2026-06-25T06:33:39Z
2026-06-25T06:32:03Z,2026-06-25T08:32:03+0200,cfe43b62-de54-4c74-8f9f-70948ee9d4b6,2026-05-27T18:15:00Z,2026-05-27T20:15:00+0200,56543.381136,MW,DE,DE_LU,forecast_load,Forecasted Load,2026-06-25T06:33:39Z
2026-06-25T06:32:03Z,2026-06-25T08:32:03+0200,cfe43b62-de54-4c74-8f9f-70948ee9d4b6,2026-05-27T18:30:00Z,2026-05-27T20:30:00+0200,55894.814073,MW,DE,DE_LU,forecast_load,Forecasted Load,2026-06-25T06:33:39Z
2026-06-25T06:32:03Z,2026-06-25T08:32:03+0200,cfe43b62-de54-4c74-8f9f-70948ee9d4b6,2026-05-27T18:45:00Z,2026-05-27T20:45:00+0200,55425.184649,MW,DE,DE_LU,forecast_load,Forecasted Load,2026-06-25T06:33:39Z
2026-06-25T06:32:03Z,2026-06-25T08:32:03+0200,cfe43b62-de54-4c74-8f9f-70948ee9d4b6,2026-05-27T19:00:00Z,2026-05-27T21:00:00+0200,54894.925448,MW,DE,DE_LU,forecast_load,Forecasted Load,2026-06-25T06:33:39Z
2026-06-25T06:32:03Z,2026-06-25T08:32:03+0200,cfe43b62-de54-4c74-8f9f-70948ee9d4b6,2026-05-27T19:15:00Z,2026-05-27T21:15:00+0200,54270.841841,MW,DE,DE_LU,forecast_load,Forecasted Load,2026-06-25T06:33:39Z
2026-06-25T06:32:03Z,2026-06-25T08:32:03+0200,cfe43b62-de54-4c74-8f9f-70948ee9d4b6,2026-05-27T19:30:00Z,2026-05-27T21:30:00+0200,53690.863624,MW,DE,DE_LU,forecast_load,Forecasted Load,2026-06-25T06:33:39Z
2026-06-25T06:32:03Z,2026-06-25T08:32:03+0200,cfe43b62-de54-4c74-8f9f-70948ee9d4b6,2026-05-27T19:45:00Z,2026-05-27T21:45:00+0200,52902.657196,MW,DE,DE_LU,forecast_load,Forecasted Load,2026-06-25T06:33:39Z
2026-06-25T06:32:03Z,2026-06-25T08:32:03+0200,cfe43b62-de54-4c74-8f9f-70948ee9d4b6,2026-05-27T20:00:00Z,2026-05-27T22:00:00+0200,51935.536656,MW,DE,DE_LU,forecast_load,Forecasted Load,2026-06-25T06:33:39Z
2026-06-25T06:32:03Z,2026-06-25T08:32:03+0200,cfe43b62-de54-4c74-8f9f-70948ee9d4b6,2026-05-27T20:15:00Z,2026-05-27T22:15:00+0200,51010.447576,MW,DE,DE_LU,forecast_load,Forecasted Load,2026-06-25T06:33:39Z
2026-06-25T06:32:03Z,2026-06-25T08:32:03+0200,cfe43b62-de54-4c74-8f9f-70948ee9d4b6,2026-05-27T20:30:00Z,2026-05-27T22:30:00+0200,50063.245827,MW,DE,DE_LU,forecast_load,Forecasted Load,2026-06-25T06:33:39Z
2026-06-25T06:32:03Z,2026-06-25T08:32:03+0200,cfe43b62-de54-4c74-8f9f-70948ee9d4b6,2026-05-27T20:45:00Z,2026-05-27T22:45:00+0200,49002.53635,MW,DE,DE_LU,forecast_load,Forecasted Load,2026-06-25T06:33:39Z
2026-06-25T06:32:03Z,2026-06-25T08:32:03+0200,cfe43b62-de54-4c74-8f9f-70948ee9d4b6,2026-05-27T21:00:00Z,2026-05-27T23:00:00+0200,48100.043983,MW,DE,DE_LU,forecast_load,Forecasted Load,2026-06-25T06:33:39Z
2026-06-25T06:32:03Z,2026-06-25T08:32:03+0200,cfe43b62-de54-4c74-8f9f-70948ee9d4b6,2026-05-27T21:15:00Z,2026-05-27T23:15:00+0200,47175.618225,MW,DE,DE_LU,forecast_load,Forecasted Load,2026-06-25T06:33:39Z
2026-06-25T06:32:03Z,2026-06-25T08:32:03+0200,cfe43b62-de54-4c74-8f9f-70948ee9d4b6,2026-05-27T21:30:00Z,2026-05-27T23:30:00+0200,46393.786754,MW,DE,DE_LU,forecast_load,Forecasted Load,2026-06-25T06:33:39Z
2026-06-25T06:32:03Z,2026-06-25T08:32:03+0200,cfe43b62-de54-4c74-8f9f-70948ee9d4b6,2026-05-27T21:45:00Z,2026-05-27T23:45:00+0200,45710.525368,MW,DE,DE_LU,forecast_load,Forecasted Load,2026-06-25T06:33:39Z
2026-06-25T06:32:03Z,2026-06-25T08:32:03+0200,cfe43b62-de54-4c74-8f9f-70948ee9d4b6,2026-05-27T22:00:00Z,2026-05-28T00:00:00+0200,45241.292695,MW,DE,DE_LU,forecast_load,Forecasted Load,2026-06-25T06:33:39Z
2026-06-25T06:32:03Z,2026-06-25T08:32:03+0200,cfe43b62-de54-4c74-8f9f-70948ee9d4b6,2026-05-27T22:15:00Z,2026-05-28T00:15:00+0200,44781.028119,MW,DE,DE_LU,forecast_load,Forecasted Load,2026-06-25T06:33:39Z
2026-06-25T06:32:03Z,2026-06-25T08:32:03+0200,cfe43b62-de54-4c74-8f9f-70948ee9d4b6,2026-05-27T22:30:00Z,2026-05-28T00:30:00+0200,44276.043547,MW,DE,DE_LU,forecast_load,Forecasted Load,2026-06-25T06:33:39Z
2026-06-25T06:32:03Z,2026-06-25T08:32:03+0200,cfe43b62-de54-4c74-8f9f-70948ee9d4b6,2026-05-27T22:45:00Z,2026-05-28T00:45:00+0200,43865.773717,MW,DE,DE_LU,forecast_load,Forecasted Load,2026-06-25T06:33:39Z
2026-06-25T06:32:03Z,2026-06-25T08:32:03+0200,cfe43b62-de54-4c74-8f9f-70948ee9d4b6,2026-05-27T23:00:00Z,2026-05-28T01:00:00+0200,43452.815642,MW,DE,DE_LU,forecast_load,Forecasted Load,2026-06-25T06:33:39Z
2026-06-25T06:32:03Z,2026-06-25T08:32:03+0200,cfe43b62-de54-4c74-8f9f-70948ee9d4b6,2026-05-27T23:15:00Z,2026-05-28T01:15:00+0200,43127.89173,MW,DE,DE_LU,forecast_load,Forecasted Load,2026-06-25T06:33:39Z
2026-06-25T06:32:03Z,2026-06-25T08:32:03+0200,cfe43b62-de54-4c74-8f9f-70948ee9d4b6,2026-05-27T23:30:00Z,2026-05-28T01:30:00+0200,42817.411071,MW,DE,DE_LU,forecast_load,Forecasted Load,2026-06-25T06:33:39Z
2026-06-25T06:32:03Z,2026-06-25T08:32:03+0200,cfe43b62-de54-4c74-8f9f-70948ee9d4b6,2026-05-27T23:45:00Z,2026-05-28T01:45:00+0200,42823.962303,MW,DE,DE_LU,forecast_load,Forecasted Load,2026-06-25T06:33:39Z
2026-06-25T06:32:03Z,2026-06-25T08:32:03+0200,cfe43b62-de54-4c74-8f9f-70948ee9d4b6,2026-05-28T00:00:00Z,2026-05-28T02:00:00+0200,42694.404069,MW,DE,DE_LU,forecast_load,Forecasted Load,2026-06-25T06:33:39Z
2026-06-25T06:32:03Z,2026-06-25T08:32:03+0200,cfe43b62-de54-4c74-8f9f-70948ee9d4b6,2026-05-28T00:15:00Z,2026-05-28T02:15:00+0200,42406.529191,MW,DE,DE_LU,forecast_load,Forecasted Load,2026-06-25T06:33:39Z
2026-06-25T06:32:03Z,2026-06-25T08:32:03+0200,cfe43b62-de54-4c74-8f9f-70948ee9d4b6,2026-05-28T00:30:00Z,2026-05-28T02:30:00+0200,42289.145186,MW,DE,DE_LU,forecast_load,Forecasted Load,2026-06-25T06:33:39Z
2026-06-25T06:32:03Z,2026-06-25T08:32:03+0200,cfe43b62-de54-4c74-8f9f-70948ee9d4b6,2026-05-28T00:45:00Z,2026-05-28T02:45:00+0200,42304.014825,MW,DE,DE_LU,forecast_load,Forecasted Load,2026-06-25T06:33:39Z
2026-06-25T06:32:03Z,2026-06-25T08:32:03+0200,cfe43b62-de54-4c74-8f9f-70948ee9d4b6,2026-05-28T01:00:00Z,2026-05-28T03:00:00+0200,42314.60093,MW,DE,DE_LU,forecast_load,Forecasted Load,2026-06-25T06:33:39Z
2026-06-25T06:32:03Z,2026-06-25T08:32:03+0200,cfe43b62-de54-4c74-8f9f-70948ee9d4b6,2026-05-28T01:15:00Z,2026-05-28T03:15:00+0200,42158.652709,MW,DE,DE_LU,forecast_load,Forecasted Load,2026-06-25T06:33:39Z
2026-06-25T06:32:03Z,2026-06-25T08:32:03+0200,cfe43b62-de54-4c74-8f9f-70948ee9d4b6,2026-05-28T01:30:00Z,2026-05-28T03:30:00+0200,42260.21664,MW,DE,DE_LU,forecast_load,Forecasted Load,2026-06-25T06:33:39Z
2026-06-25T06:32:03Z,2026-06-25T08:32:03+0200,cfe43b62-de54-4c74-8f9f-70948ee9d4b6,2026-05-28T01:45:00Z,2026-05-28T03:45:00+0200,42254.341474,MW,DE,DE_LU,forecast_load,Forecasted Load,2026-06-25T06:33:39Z
2026-06-25T06:32:03Z,2026-06-25T08:32:03+0200,cfe43b62-de54-4c74-8f9f-70948ee9d4b6,2026-05-28T02:00:00Z,2026-05-28T04:00:00+0200,42441.34951,MW,DE,DE_LU,forecast_load,Forecasted Load,2026-06-25T06:33:39Z
2026-06-25T06:32:03Z,2026-06-25T08:32:03+0200,cfe43b62-de54-4c74-8f9f-70948ee9d4b6,2026-05-28T02:15:00Z,2026-05-28T04:15:00+0200,42577.925195,MW,DE,DE_LU,forecast_load,Forecasted Load,2026-06-25T06:33:39Z
2026-06-25T06:32:03Z,2026-06-25T08:32:03+0200,cfe43b62-de54-4c74-8f9f-70948ee9d4b6,2026-05-28T02:30:00Z,2026-05-28T04:30:00+0200,42967.233488,MW,DE,DE_LU,forecast_load,Forecasted Load,2026-06-25T06:33:39Z
2026-06-25T06:32:03Z,2026-06-25T08:32:03+0200,cfe43b62-de54-4c74-8f9f-70948ee9d4b6,2026-05-28T02:45:00Z,2026-05-28T04:45:00+0200,43028.477411,MW,DE,DE_LU,forecast_load,Forecasted Load,2026-06-25T06:33:39Z
2026-06-25T06:32:03Z,2026-06-25T08:32:03+0200,cfe43b62-de54-4c74-8f9f-70948ee9d4b6,2026-05-28T03:00:00Z,2026-05-28T05:00:00+0200,44200.191737,MW,DE,DE_LU,forecast_load,Forecasted Load,2026-06-25T06:33:39Z
2026-06-25T06:32:03Z,2026-06-25T08:32:03+0200,cfe43b62-de54-4c74-8f9f-70948ee9d4b6,2026-05-28T03:15:00Z,2026-05-28T05:15:00+0200,44398.426919,MW,DE,DE_LU,forecast_load,Forecasted Load,2026-06-25T06:33:39Z
2026-06-25T06:32:03Z,2026-06-25T08:32:03+0200,cfe43b62-de54-4c74-8f9f-70948ee9d4b6,2026-05-28T03:30:00Z,2026-05-28T05:30:00+0200,45015.797156,MW,DE,DE_LU,forecast_load,Forecasted Load,2026-06-25T06:33:39Z
2026-06-25T06:32:03Z,2026-06-25T08:32:03+0200,cfe43b62-de54-4c74-8f9f-70948ee9d4b6,2026-05-28T03:45:00Z,2026-05-28T05:45:00+0200,47202.718162,MW,DE,DE_LU,forecast_load,Forecasted Load,2026-06-25T06:33:39Z
2026-06-25T06:32:03Z,2026-06-25T08:32:03+0200,cfe43b62-de54-4c74-8f9f-70948ee9d4b6,2026-05-28T04:00:00Z,2026-05-28T06:00:00+0200,49589.160695,MW,DE,DE_LU,forecast_load,Forecasted Load,2026-06-25T06:33:39Z
2026-06-25T06:32:03Z,2026-06-25T08:32:03+0200,cfe43b62-de54-4c74-8f9f-70948ee9d4b6,2026-05-28T04:15:00Z,2026-05-28T06:15:00+0200,49243.165712,MW,DE,DE_LU,forecast_load,Forecasted Load,2026-06-25T06:33:39Z
2026-06-25T06:32:03Z,2026-06-25T08:32:03+0200,cfe43b62-de54-4c74-8f9f-70948ee9d4b6,2026-05-28T04:30:00Z,2026-05-28T06:30:00+0200,50578.456936,MW,DE,DE_LU,forecast_load,Forecasted Load,2026-06-25T06:33:39Z
2026-06-25T06:32:03Z,2026-06-25T08:32:03+0200,cfe43b62-de54-4c74-8f9f-70948ee9d4b6,2026-05-28T04:45:00Z,2026-05-28T06:45:00+0200,51772.543945,MW,DE,DE_LU,forecast_load,Forecasted Load,2026-06-25T06:33:39Z
2026-06-25T06:32:03Z,2026-06-25T08:32:03+0200,cfe43b62-de54-4c74-8f9f-70948ee9d4b6,2026-05-28T05:00:00Z,2026-05-28T07:00:00+0200,52875.331035,MW,DE,DE_LU,forecast_load,Forecasted Load,2026-06-25T06:33:39Z
2026-06-25T06:32:03Z,2026-06-25T08:32:03+0200,cfe43b62-de54-4c74-8f9f-70948ee9d4b6,2026-05-28T05:15:00Z,2026-05-28T07:15:00+0200,53874.973725,MW,DE,DE_LU,forecast_load,Forecasted Load,2026-06-25T06:33:39Z
2026-06-25T06:32:03Z,2026-06-25T08:32:03+0200,cfe43b62-de54-4c74-8f9f-70948ee9d4b6,2026-05-28T05:30:00Z,2026-05-28T07:30:00+0200,55160.154131,MW,DE,DE_LU,forecast_load,Forecasted Load,2026-06-25T06:33:39Z
2026-06-25T06:32:03Z,2026-06-25T08:32:03+0200,cfe43b62-de54-4c74-8f9f-70948ee9d4b6,2026-05-28T05:45:00Z,2026-05-28T07:45:00+0200,56354.905808,MW,DE,DE_LU,forecast_load,Forecasted Load,2026-06-25T06:33:39Z
2026-06-25T06:32:03Z,2026-06-25T08:32:03+0200,cfe43b62-de54-4c74-8f9f-70948ee9d4b6,2026-05-28T06:00:00Z,2026-05-28T08:00:00+0200,57232.023916,MW,DE,DE_LU,forecast_load,Forecasted Load,2026-06-25T06:33:39Z
2026-06-25T06:32:03Z,2026-06-25T08:32:03+0200,cfe43b62-de54-4c74-8f9f-70948ee9d4b6,2026-05-28T06:15:00Z,2026-05-28T08:15:00+0200,57892.526853,MW,DE,DE_LU,forecast_load,Forecasted Load,2026-06-25T06:33:39Z
2026-06-25T06:32:03Z,2026-06-25T08:32:03+0200,cfe43b62-de54-4c74-8f9f-70948ee9d4b6,2026-05-28T06:30:00Z,2026-05-28T08:30:00+0200,58414.788741,MW,DE,DE_LU,forecast_load,Forecasted Load,2026-06-25T06:33:39Z
2026-06-25T06:32:03Z,2026-06-25T08:32:03+0200,cfe43b62-de54-4c74-8f9f-70948ee9d4b6,2026-05-28T06:45:00Z,2026-05-28T08:45:00+0200,59094.937744,MW,DE,DE_LU,forecast_load,Forecasted Load,2026-06-25T06:33:39Z
2026-06-25T06:32:03Z,2026-06-25T08:32:03+0200,cfe43b62-de54-4c74-8f9f-70948ee9d4b6,2026-05-28T07:00:00Z,2026-05-28T09:00:00+0200,59138.137194,MW,DE,DE_LU,forecast_load,Forecasted Load,2026-06-25T06:33:39Z
2026-06-25T06:32:03Z,2026-06-25T08:32:03+0200,cfe43b62-de54-4c74-8f9f-70948ee9d4b6,2026-05-28T07:15:00Z,2026-05-28T09:15:00+0200,59307.721175,MW,DE,DE_LU,forecast_load,Forecasted Load,2026-06-25T06:33:39Z
2026-06-25T06:32:03Z,2026-06-25T08:32:03+0200,cfe43b62-de54-4c74-8f9f-70948ee9d4b6,2026-05-28T07:30:00Z,2026-05-28T09:30:00+0200,59815.902077,MW,DE,DE_LU,forecast_load,Forecasted Load,2026-06-25T06:33:39Z
2026-06-25T06:32:03Z,2026-06-25T08:32:03+0200,cfe43b62-de54-4c74-8f9f-70948ee9d4b6,2026-05-28T07:45:00Z,2026-05-28T09:45:00+0200,60452.909117,MW,DE,DE_LU,forecast_load,Forecasted Load,2026-06-25T06:33:39Z
2026-06-25T06:32:03Z,2026-06-25T08:32:03+0200,cfe43b62-de54-4c74-8f9f-70948ee9d4b6,2026-05-28T08:00:00Z,2026-05-28T10:00:00+0200,60259.425576,MW,DE,DE_LU,forecast_load,Forecasted Load,2026-06-25T06:33:39Z
2026-06-25T06:32:03Z,2026-06-25T08:32:03+0200,cfe43b62-de54-4c74-8f9f-70948ee9d4b6,2026-05-28T08:15:00Z,2026-05-28T10:15:00+0200,60489.06746,MW,DE,DE_LU,forecast_load,Forecasted Load,2026-06-25T06:33:39Z
2026-06-25T06:32:03Z,2026-06-25T08:32:03+0200,cfe43b62-de54-4c74-8f9f-70948ee9d4b6,2026-05-28T08:30:00Z,2026-05-28T10:30:00+0200,60891.542039,MW,DE,DE_LU,forecast_load,Forecasted Load,2026-06-25T06:33:39Z
2026-06-25T06:32:03Z,2026-06-25T08:32:03+0200,cfe43b62-de54-4c74-8f9f-70948ee9d4b6,2026-05-28T08:45:00Z,2026-05-28T10:45:00+0200,60628.889734,MW,DE,DE_LU,forecast_load,Forecasted Load,2026-06-25T06:33:39Z
2026-06-25T06:32:03Z,2026-06-25T08:32:03+0200,cfe43b62-de54-4c74-8f9f-70948ee9d4b6,2026-05-28T09:00:00Z,2026-05-28T11:00:00+0200,60605.697479,MW,DE,DE_LU,forecast_load,Forecasted Load,2026-06-25T06:33:39Z
2026-06-25T06:32:03Z,2026-06-25T08:32:03+0200,cfe43b62-de54-4c74-8f9f-70948ee9d4b6,2026-05-28T09:15:00Z,2026-05-28T11:15:00+0200,60844.81537,MW,DE,DE_LU,forecast_load,Forecasted Load,2026-06-25T06:33:39Z
2026-06-25T06:32:03Z,2026-06-25T08:32:03+0200,cfe43b62-de54-4c74-8f9f-70948ee9d4b6,2026-05-28T09:30:00Z,2026-05-28T11:30:00+0200,60767.788689,MW,DE,DE_LU,forecast_load,Forecasted Load,2026-06-25T06:33:39Z
2026-06-25T06:32:03Z,2026-06-25T08:32:03+0200,cfe43b62-de54-4c74-8f9f-70948ee9d4b6,2026-05-28T09:45:00Z,2026-05-28T11:45:00+0200,60504.316905,MW,DE,DE_LU,forecast_load,Forecasted Load,2026-06-25T06:33:39Z
2026-06-25T06:32:03Z,2026-06-25T08:32:03+0200,cfe43b62-de54-4c74-8f9f-70948ee9d4b6,2026-05-28T10:00:00Z,2026-05-28T12:00:00+0200,60272.766111,MW,DE,DE_LU,forecast_load,Forecasted Load,2026-06-25T06:33:39Z
2026-06-25T06:32:03Z,2026-06-25T08:32:03+0200,cfe43b62-de54-4c74-8f9f-70948ee9d4b6,2026-05-28T10:15:00Z,2026-05-28T12:15:00+0200,59941.862889,MW,DE,DE_LU,forecast_load,Forecasted Load,2026-06-25T06:33:39Z
2026-06-25T06:32:03Z,2026-06-25T08:32:03+0200,cfe43b62-de54-4c74-8f9f-70948ee9d4b6,2026-05-28T10:30:00Z,2026-05-28T12:30:00+0200,59880.975306,MW,DE,DE_LU,forecast_load,Forecasted Load,2026-06-25T06:33:39Z
2026-06-25T06:32:03Z,2026-06-25T08:32:03+0200,cfe43b62-de54-4c74-8f9f-70948ee9d4b6,2026-05-28T10:45:00Z,2026-05-28T12:45:00+0200,59726.412598,MW,DE,DE_LU,forecast_load,Forecasted Load,2026-06-25T06:33:39Z
2026-06-25T06:32:03Z,2026-06-25T08:32:03+0200,cfe43b62-de54-4c74-8f9f-70948ee9d4b6,2026-05-28T11:00:00Z,2026-05-28T13:00:00+0200,58655.426351,MW,DE,DE_LU,forecast_load,Forecasted Load,2026-06-25T06:33:39Z
2026-06-25T06:32:03Z,2026-06-25T08:32:03+0200,cfe43b62-de54-4c74-8f9f-70948ee9d4b6,2026-05-28T11:15:00Z,2026-05-28T13:15:00+0200,58870.886767,MW,DE,DE_LU,forecast_load,Forecasted Load,2026-06-25T06:33:39Z
2026-06-25T06:32:03Z,2026-06-25T08:32:03+0200,cfe43b62-de54-4c74-8f9f-70948ee9d4b6,2026-05-28T11:30:00Z,2026-05-28T13:30:00+0200,58239.775022,MW,DE,DE_LU,forecast_load,Forecasted Load,2026-06-25T06:33:39Z
2026-06-25T06:32:03Z,2026-06-25T08:32:03+0200,cfe43b62-de54-4c74-8f9f-70948ee9d4b6,2026-05-28T11:45:00Z,2026-05-28T13:45:00+0200,58001.14655,MW,DE,DE_LU,forecast_load,Forecasted Load,2026-06-25T06:33:39Z
2026-06-25T06:32:03Z,2026-06-25T08:32:03+0200,cfe43b62-de54-4c74-8f9f-70948ee9d4b6,2026-05-28T12:00:00Z,2026-05-28T14:00:00+0200,57663.278274,MW,DE,DE_LU,forecast_load,Forecasted Load,2026-06-25T06:33:39Z
2026-06-25T06:32:03Z,2026-06-25T08:32:03+0200,cfe43b62-de54-4c74-8f9f-70948ee9d4b6,2026-05-28T12:15:00Z,2026-05-28T14:15:00+0200,57231.090539,MW,DE,DE_LU,forecast_load,Forecasted Load,2026-06-25T06:33:39Z
2026-06-25T06:32:03Z,2026-06-25T08:32:03+0200,cfe43b62-de54-4c74-8f9f-70948ee9d4b6,2026-05-28T12:30:00Z,2026-05-28T14:30:00+0200,56837.476948,MW,DE,DE_LU,forecast_load,Forecasted Load,2026-06-25T06:33:39Z
2026-06-25T06:32:03Z,2026-06-25T08:32:03+0200,cfe43b62-de54-4c74-8f9f-70948ee9d4b6,2026-05-28T12:45:00Z,2026-05-28T14:45:00+0200,56713.629399,MW,DE,DE_LU,forecast_load,Forecasted Load,2026-06-25T06:33:39Z
2026-06-25T06:32:03Z,2026-06-25T08:32:03+0200,cfe43b62-de54-4c74-8f9f-70948ee9d4b6,2026-05-28T13:00:00Z,2026-05-28T15:00:00+0200,56791.067135,MW,DE,DE_LU,forecast_load,Forecasted Load,2026-06-25T06:33:39Z
2026-06-25T06:32:03Z,2026-06-25T08:32:03+0200,cfe43b62-de54-4c74-8f9f-70948ee9d4b6,2026-05-28T13:15:00Z,2026-05-28T15:15:00+0200,56189.687761,MW,DE,DE_LU,forecast_load,Forecasted Load,2026-06-25T06:33:39Z
2026-06-25T06:32:03Z,2026-06-25T08:32:03+0200,cfe43b62-de54-4c74-8f9f-70948ee9d4b6,2026-05-28T13:30:00Z,2026-05-28T15:30:00+0200,55601.807817,MW,DE,DE_LU,forecast_load,Forecasted Load,2026-06-25T06:33:39Z
2026-06-25T06:32:03Z,2026-06-25T08:32:03+0200,cfe43b62-de54-4c74-8f9f-70948ee9d4b6,2026-05-28T13:45:00Z,2026-05-28T15:45:00+0200,55464.645754,MW,DE,DE_LU,forecast_load,Forecasted Load,2026-06-25T06:33:39Z
2026-06-25T06:32:03Z,2026-06-25T08:32:03+0200,cfe43b62-de54-4c74-8f9f-70948ee9d4b6,2026-05-28T14:00:00Z,2026-05-28T16:00:00+0200,55679.741072,MW,DE,DE_LU,forecast_load,Forecasted Load,2026-06-25T06:33:39Z
2026-06-25T06:32:03Z,2026-06-25T08:32:03+0200,cfe43b62-de54-4c74-8f9f-70948ee9d4b6,2026-05-28T14:15:00Z,2026-05-28T16:15:00+0200,55322.233536,MW,DE,DE_LU,forecast_load,Forecasted Load,2026-06-25T06:33:39Z
2026-06-25T06:32:03Z,2026-06-25T08:32:03+0200,cfe43b62-de54-4c74-8f9f-70948ee9d4b6,2026-05-28T14:30:00Z,2026-05-28T16:30:00+0200,54628.421274,MW,DE,DE_LU,forecast_load,Forecasted Load,2026-06-25T06:33:39Z
2026-06-25T06:32:03Z,2026-06-25T08:32:03+0200,cfe43b62-de54-4c74-8f9f-70948ee9d4b6,2026-05-28T14:45:00Z,2026-05-28T16:45:00+0200,54655.058821,MW,DE,DE_LU,forecast_load,Forecasted Load,2026-06-25T06:33:39Z
2026-06-25T06:32:03Z,2026-06-25T08:32:03+0200,cfe43b62-de54-4c74-8f9f-70948ee9d4b6,2026-05-28T15:00:00Z,2026-05-28T17:00:00+0200,54871.130542,MW,DE,DE_LU,forecast_load,Forecasted Load,2026-06-25T06:33:39Z
2026-06-25T06:32:03Z,2026-06-25T08:32:03+0200,cfe43b62-de54-4c74-8f9f-70948ee9d4b6,2026-05-28T15:15:00Z,2026-05-28T17:15:00+0200,54825.19339,MW,DE,DE_LU,forecast_load,Forecasted Load,2026-06-25T06:33:39Z
2026-06-25T06:32:03Z,2026-06-25T08:32:03+0200,cfe43b62-de54-4c74-8f9f-70948ee9d4b6,2026-05-28T15:30:00Z,2026-05-28T17:30:00+0200,54824.121967,MW,DE,DE_LU,forecast_load,Forecasted Load,2026-06-25T06:33:39Z
2026-06-25T06:32:03Z,2026-06-25T08:32:03+0200,cfe43b62-de54-4c74-8f9f-70948ee9d4b6,2026-05-28T15:45:00Z,2026-05-28T17:45:00+0200,55074.22713,MW,DE,DE_LU,forecast_load,Forecasted Load,2026-06-25T06:33:39Z
2026-06-25T06:32:03Z,2026-06-25T08:32:03+0200,cfe43b62-de54-4c74-8f9f-70948ee9d4b6,2026-05-28T16:00:00Z,2026-05-28T18:00:00+0200,55439.943796,MW,DE,DE_LU,forecast_load,Forecasted Load,2026-06-25T06:33:39Z
2026-06-25T06:32:03Z,2026-06-25T08:32:03+0200,cfe43b62-de54-4c74-8f9f-70948ee9d4b6,2026-05-28T16:15:00Z,2026-05-28T18:15:00+0200,55613.389606,MW,DE,DE_LU,forecast_load,Forecasted Load,2026-06-25T06:33:39Z
2026-06-25T06:32:03Z,2026-06-25T08:32:03+0200,cfe43b62-de54-4c74-8f9f-70948ee9d4b6,2026-05-28T16:30:00Z,2026-05-28T18:30:00+0200,55711.168251,MW,DE,DE_LU,forecast_load,Forecasted Load,2026-06-25T06:33:39Z
2026-06-25T06:32:03Z,2026-06-25T08:32:03+0200,cfe43b62-de54-4c74-8f9f-70948ee9d4b6,2026-05-28T16:45:00Z,2026-05-28T18:45:00+0200,55880.1934,MW,DE,DE_LU,forecast_load,Forecasted Load,2026-06-25T06:33:39Z
2026-06-25T06:32:03Z,2026-06-25T08:32:03+0200,cfe43b62-de54-4c74-8f9f-70948ee9d4b6,2026-05-28T17:00:00Z,2026-05-28T19:00:00+0200,55982.074077,MW,DE,DE_LU,forecast_load,Forecasted Load,2026-06-25T06:33:39Z
2026-06-25T06:32:03Z,2026-06-25T08:32:03+0200,cfe43b62-de54-4c74-8f9f-70948ee9d4b6,2026-05-28T17:15:00Z,2026-05-28T19:15:00+0200,55801.599755,MW,DE,DE_LU,forecast_load,Forecasted Load,2026-06-25T06:33:39Z
2026-06-25T06:32:03Z,2026-06-25T08:32:03+0200,cfe43b62-de54-4c74-8f9f-70948ee9d4b6,2026-05-28T17:30:00Z,2026-05-28T19:30:00+0200,55503.456885,MW,DE,DE_LU,forecast_load,Forecasted Load,2026-06-25T06:33:39Z
2026-06-25T06:32:03Z,2026-06-25T08:32:03+0200,cfe43b62-de54-4c74-8f9f-70948ee9d4b6,2026-05-28T17:45:00Z,2026-05-28T19:45:00+0200,55352.277941,MW,DE,DE_LU,forecast_load,Forecasted Load,2026-06-25T06:33:39Z
2026-06-25T06:32:03Z,2026-06-25T08:32:03+0200,cfe43b62-de54-4c74-8f9f-70948ee9d4b6,2026-05-28T18:00:00Z,2026-05-28T20:00:00+0200,54787.378089,MW,DE,DE_LU,forecast_load,Forecasted Load,2026-06-25T06:33:39Z
2026-06-25T06:32:03Z,2026-06-25T08:32:03+0200,cfe43b62-de54-4c74-8f9f-70948ee9d4b6,2026-05-28T18:15:00Z,2026-05-28T20:15:00+0200,54313.929052,MW,DE,DE_LU,forecast_load,Forecasted Load,2026-06-25T06:33:39Z
2026-06-25T06:32:03Z,2026-06-25T08:32:03+0200,cfe43b62-de54-4c74-8f9f-70948ee9d4b6,2026-05-28T18:30:00Z,2026-05-28T20:30:00+0200,53725.981552,MW,DE,DE_LU,forecast_load,Forecasted Load,2026-06-25T06:33:39Z
2026-06-25T06:32:03Z,2026-06-25T08:32:03+0200,cfe43b62-de54-4c74-8f9f-70948ee9d4b6,2026-05-28T18:45:00Z,2026-05-28T20:45:00+0200,53222.618168,MW,DE,DE_LU,forecast_load,Forecasted Load,2026-06-25T06:33:39Z
2026-06-25T06:32:03Z,2026-06-25T08:32:03+0200,cfe43b62-de54-4c74-8f9f-70948ee9d4b6,2026-05-28T19:00:00Z,2026-05-28T21:00:00+0200,52790.907207,MW,DE,DE_LU,forecast_load,Forecasted Load,2026-06-25T06:33:39Z
2026-06-25T06:32:03Z,2026-06-25T08:32:03+0200,cfe43b62-de54-4c74-8f9f-70948ee9d4b6,2026-05-28T19:15:00Z,2026-05-28T21:15:00+0200,52449.28068,MW,DE,DE_LU,forecast_load,Forecasted Load,2026-06-25T06:33:39Z
2026-06-25T06:32:03Z,2026-06-25T08:32:03+0200,cfe43b62-de54-4c74-8f9f-70948ee9d4b6,2026-05-28T19:30:00Z,2026-05-28T21:30:00+0200,51699.135003,MW,DE,DE_LU,forecast_load,Forecasted Load,2026-06-25T06:33:39Z
2026-06-25T06:32:03Z,2026-06-25T08:32:03+0200,cfe43b62-de54-4c74-8f9f-70948ee9d4b6,2026-05-28T19:45:00Z,2026-05-28T21:45:00+0200,51015.927846,MW,DE,DE_LU,forecast_load,Forecasted Load,2026-06-25T06:33:39Z
2026-06-25T06:32:03Z,2026-06-25T08:32:03+0200,cfe43b62-de54-4c74-8f9f-70948ee9d4b6,2026-05-28T20:00:00Z,2026-05-28T22:00:00+0200,50312.944196,MW,DE,DE_LU,forecast_load,Forecasted Load,2026-06-25T06:33:39Z
2026-06-25T06:32:03Z,2026-06-25T08:32:03+0200,cfe43b62-de54-4c74-8f9f-70948ee9d4b6,2026-05-28T20:15:00Z,2026-05-28T22:15:00+0200,49480.466506,MW,DE,DE_LU,forecast_load,Forecasted Load,2026-06-25T06:33:39Z
2026-06-25T06:32:03Z,2026-06-25T08:32:03+0200,cfe43b62-de54-4c74-8f9f-70948ee9d4b6,2026-05-28T20:30:00Z,2026-05-28T22:30:00+0200,48812.162446,MW,DE,DE_LU,forecast_load,Forecasted Load,2026-06-25T06:33:39Z
2026-06-25T06:32:03Z,2026-06-25T08:32:03+0200,cfe43b62-de54-4c74-8f9f-70948ee9d4b6,2026-05-28T20:45:00Z,2026-05-28T22:45:00+0200,48173.324368,MW,DE,DE_LU,forecast_load,Forecasted Load,2026-06-25T06:33:39Z
2026-06-25T06:32:03Z,2026-06-25T08:32:03+0200,cfe43b62-de54-4c74-8f9f-70948ee9d4b6,2026-05-28T21:00:00Z,2026-05-28T23:00:00+0200,47202.352176,MW,DE,DE_LU,forecast_load,Forecasted Load,2026-06-25T06:33:39Z
2026-06-25T06:32:03Z,2026-06-25T08:32:03+0200,cfe43b62-de54-4c74-8f9f-70948ee9d4b6,2026-05-28T21:15:00Z,2026-05-28T23:15:00+0200,46532.949822,MW,DE,DE_LU,forecast_load,Forecasted Load,2026-06-25T06:33:39Z
2026-06-25T06:32:03Z,2026-06-25T08:32:03+0200,cfe43b62-de54-4c74-8f9f-70948ee9d4b6,2026-05-28T21:30:00Z,2026-05-28T23:30:00+0200,45952.580806,MW,DE,DE_LU,forecast_load,Forecasted Load,2026-06-25T06:33:39Z
2026-06-25T06:32:03Z,2026-06-25T08:32:03+0200,cfe43b62-de54-4c74-8f9f-70948ee9d4b6,2026-05-28T21:45:00Z,2026-05-28T23:45:00+0200,45424.042004,MW,DE,DE_LU,forecast_load,Forecasted Load,2026-06-25T06:33:39Z
2026-06-25T06:32:03Z,2026-06-25T08:32:03+0200,cfe43b62-de54-4c74-8f9f-70948ee9d4b6,2026-05-28T22:00:00Z,2026-05-29T00:00:00+0200,45555.912001,MW,DE,DE_LU,forecast_load,Forecasted Load,2026-06-25T06:33:39Z
2026-06-25T06:32:03Z,2026-06-25T08:32:03+0200,cfe43b62-de54-4c74-8f9f-70948ee9d4b6,2026-05-28T22:15:00Z,2026-05-29T00:15:00+0200,44960.036041,MW,DE,DE_LU,forecast_load,Forecasted Load,2026-06-25T06:33:39Z
2026-06-25T06:32:03Z,2026-06-25T08:32:03+0200,cfe43b62-de54-4c74-8f9f-70948ee9d4b6,2026-05-28T22:30:00Z,2026-05-29T00:30:00+0200,44485.518079,MW,DE,DE_LU,forecast_load,Forecasted Load,2026-06-25T06:33:39Z
2026-06-25T06:32:03Z,2026-06-25T08:32:03+0200,cfe43b62-de54-4c74-8f9f-70948ee9d4b6,2026-05-28T22:45:00Z,2026-05-29T00:45:00+0200,43988.216006,MW,DE,DE_LU,forecast_load,Forecasted Load,2026-06-25T06:33:39Z
2026-06-25T06:32:03Z,2026-06-25T08:32:03+0200,cfe43b62-de54-4c74-8f9f-70948ee9d4b6,2026-05-28T23:00:00Z,2026-05-29T01:00:00+0200,43620.735193,MW,DE,DE_LU,forecast_load,Forecasted Load,2026-06-25T06:33:39Z
2026-06-25T06:32:03Z,2026-06-25T08:32:03+0200,cfe43b62-de54-4c74-8f9f-70948ee9d4b6,2026-05-28T23:15:00Z,2026-05-29T01:15:00+0200,43268.330891,MW,DE,DE_LU,forecast_load,Forecasted Load,2026-06-25T06:33:39Z
2026-06-25T06:32:03Z,2026-06-25T08:32:03+0200,cfe43b62-de54-4c74-8f9f-70948ee9d4b6,2026-05-28T23:30:00Z,2026-05-29T01:30:00+0200,43023.100119,MW,DE,DE_LU,forecast_load,Forecasted Load,2026-06-25T06:33:39Z
2026-06-25T06:32:03Z,2026-06-25T08:32:03+0200,cfe43b62-de54-4c74-8f9f-70948ee9d4b6,2026-05-28T23:45:00Z,2026-05-29T01:45:00+0200,42747.190648,MW,DE,DE_LU,forecast_load,Forecasted Load,2026-06-25T06:33:39Z
2026-06-25T06:32:03Z,2026-06-25T08:32:03+0200,cfe43b62-de54-4c74-8f9f-70948ee9d4b6,2026-05-29T00:00:00Z,2026-05-29T02:00:00+0200,42553.082886,MW,DE,DE_LU,forecast_load,Forecasted Load,2026-06-25T06:33:39Z
2026-06-25T06:32:03Z,2026-06-25T08:32:03+0200,cfe43b62-de54-4c74-8f9f-70948ee9d4b6,2026-05-29T00:15:00Z,2026-05-29T02:15:00+0200,42316.800312,MW,DE,DE_LU,forecast_load,Forecasted Load,2026-06-25T06:33:39Z
2026-06-25T06:32:03Z,2026-06-25T08:32:03+0200,cfe43b62-de54-4c74-8f9f-70948ee9d4b6,2026-05-29T00:30:00Z,2026-05-29T02:30:00+0200,42432.614563,MW,DE,DE_LU,forecast_load,Forecasted Load,2026-06-25T06:33:39Z
2026-06-25T06:32:03Z,2026-06-25T08:32:03+0200,cfe43b62-de54-4c74-8f9f-70948ee9d4b6,2026-05-29T00:45:00Z,2026-05-29T02:45:00+0200,42364.387725,MW,DE,DE_LU,forecast_load,Forecasted Load,2026-06-25T06:33:39Z
2026-06-25T06:32:03Z,2026-06-25T08:32:03+0200,cfe43b62-de54-4c74-8f9f-70948ee9d4b6,2026-05-29T01:00:00Z,2026-05-29T03:00:00+0200,42435.13493,MW,DE,DE_LU,forecast_load,Forecasted Load,2026-06-25T06:33:39Z
2026-06-25T06:32:03Z,2026-06-25T08:32:03+0200,cfe43b62-de54-4c74-8f9f-70948ee9d4b6,2026-05-29T01:15:00Z,2026-05-29T03:15:00+0200,42535.128688,MW,DE,DE_LU,forecast_load,Forecasted Load,2026-06-25T06:33:39Z
2026-06-25T06:32:03Z,2026-06-25T08:32:03+0200,cfe43b62-de54-4c74-8f9f-70948ee9d4b6,2026-05-29T01:30:00Z,2026-05-29T03:30:00+0200,42511.195211,MW,DE,DE_LU,forecast_load,Forecasted Load,2026-06-25T06:33:39Z
2026-06-25T06:32:03Z,2026-06-25T08:32:03+0200,cfe43b62-de54-4c74-8f9f-70948ee9d4b6,2026-05-29T01:45:00Z,2026-05-29T03:45:00+0200,42479.731988,MW,DE,DE_LU,forecast_load,Forecasted Load,2026-06-25T06:33:39Z
2026-06-25T06:32:03Z,2026-06-25T08:32:03+0200,cfe43b62-de54-4c74-8f9f-70948ee9d4b6,2026-05-29T02:00:00Z,2026-05-29T04:00:00+0200,42607.381098,MW,DE,DE_LU,forecast_load,Forecasted Load,2026-06-25T06:33:39Z
2026-06-25T06:32:03Z,2026-06-25T08:32:03+0200,cfe43b62-de54-4c74-8f9f-70948ee9d4b6,2026-05-29T02:15:00Z,2026-05-29T04:15:00+0200,42915.164659,MW,DE,DE_LU,forecast_load,Forecasted Load,2026-06-25T06:33:39Z
2026-06-25T06:32:03Z,2026-06-25T08:32:03+0200,cfe43b62-de54-4c74-8f9f-70948ee9d4b6,2026-05-29T02:30:00Z,2026-05-29T04:30:00+0200,43351.352383,MW,DE,DE_LU,forecast_load,Forecasted Load,2026-06-25T06:33:39Z
2026-06-25T06:32:03Z,2026-06-25T08:32:03+0200,cfe43b62-de54-4c74-8f9f-70948ee9d4b6,2026-05-29T02:45:00Z,2026-05-29T04:45:00+0200,43440.973683,MW,DE,DE_LU,forecast_load,Forecasted Load,2026-06-25T06:33:39Z
2026-06-25T06:32:03Z,2026-06-25T08:32:03+0200,cfe43b62-de54-4c74-8f9f-70948ee9d4b6,2026-05-29T03:00:00Z,2026-05-29T05:00:00+0200,44357.372714,MW,DE,DE_LU,forecast_load,Forecasted Load,2026-06-25T06:33:39Z
2026-06-25T06:32:03Z,2026-06-25T08:32:03+0200,cfe43b62-de54-4c74-8f9f-70948ee9d4b6,2026-05-29T03:15:00Z,2026-05-29T05:15:00+0200,44286.352421,MW,DE,DE_LU,forecast_load,Forecasted Load,2026-06-25T06:33:39Z
2026-06-25T06:32:03Z,2026-06-25T08:32:03+0200,cfe43b62-de54-4c74-8f9f-70948ee9d4b6,2026-05-29T03:30:00Z,2026-05-29T05:30:00+0200,44987.033026,MW,DE,DE_LU,forecast_load,Forecasted Load,2026-06-25T06:33:39Z
2026-06-25T06:32:03Z,2026-06-25T08:32:03+0200,cfe43b62-de54-4c74-8f9f-70948ee9d4b6,2026-05-29T03:45:00Z,2026-05-29T05:45:00+0200,47377.086898,MW,DE,DE_LU,forecast_load,Forecasted Load,2026-06-25T06:33:39Z
2026-06-25T06:32:03Z,2026-06-25T08:32:03+0200,cfe43b62-de54-4c74-8f9f-70948ee9d4b6,2026-05-29T04:00:00Z,2026-05-29T06:00:00+0200,49252.473468,MW,DE,DE_LU,forecast_load,Forecasted Load,2026-06-25T06:33:39Z
2026-06-25T06:32:03Z,2026-06-25T08:32:03+0200,cfe43b62-de54-4c74-8f9f-70948ee9d4b6,2026-05-29T04:15:00Z,2026-05-29T06:15:00+0200,49356.382773,MW,DE,DE_LU,forecast_load,Forecasted Load,2026-06-25T06:33:39Z
2026-06-25T06:32:03Z,2026-06-25T08:32:03+0200,cfe43b62-de54-4c74-8f9f-70948ee9d4b6,2026-05-29T04:30:00Z,2026-05-29T06:30:00+0200,51011.888023,MW,DE,DE_LU,forecast_load,Forecasted Load,2026-06-25T06:33:39Z
2026-06-25T06:32:03Z,2026-06-25T08:32:03+0200,cfe43b62-de54-4c74-8f9f-70948ee9d4b6,2026-05-29T04:45:00Z,2026-05-29T06:45:00+0200,52077.486858,MW,DE,DE_LU,forecast_load,Forecasted Load,2026-06-25T06:33:39Z
2026-06-25T06:32:03Z,2026-06-25T08:32:03+0200,cfe43b62-de54-4c74-8f9f-70948ee9d4b6,2026-05-29T05:00:00Z,2026-05-29T07:00:00+0200,53015.725521,MW,DE,DE_LU,forecast_load,Forecasted Load,2026-06-25T06:33:39Z
2026-06-25T06:32:03Z,2026-06-25T08:32:03+0200,cfe43b62-de54-4c74-8f9f-70948ee9d4b6,2026-05-29T05:15:00Z,2026-05-29T07:15:00+0200,54286.486535,MW,DE,DE_LU,forecast_load,Forecasted Load,2026-06-25T06:33:39Z
2026-06-25T06:32:03Z,2026-06-25T08:32:03+0200,cfe43b62-de54-4c74-8f9f-70948ee9d4b6,2026-05-29T05:30:00Z,2026-05-29T07:30:00+0200,55278.662389,MW,DE,DE_LU,forecast_load,Forecasted Load,2026-06-25T06:33:39Z
2026-06-25T06:32:03Z,2026-06-25T08:32:03+0200,cfe43b62-de54-4c74-8f9f-70948ee9d4b6,2026-05-29T05:45:00Z,2026-05-29T07:45:00+0200,55996.305106,MW,DE,DE_LU,forecast_load,Forecasted Load,2026-06-25T06:33:39Z
2026-06-25T06:32:03Z,2026-06-25T08:32:03+0200,cfe43b62-de54-4c74-8f9f-70948ee9d4b6,2026-05-29T06:00:00Z,2026-05-29T08:00:00+0200,56339.235646,MW,DE,DE_LU,forecast_load,Forecasted Load,2026-06-25T06:33:39Z
2026-06-25T06:32:03Z,2026-06-25T08:32:03+0200,cfe43b62-de54-4c74-8f9f-70948ee9d4b6,2026-05-29T06:15:00Z,2026-05-29T08:15:00+0200,57810.786661,MW,DE,DE_LU,forecast_load,Forecasted Load,2026-06-25T06:33:39Z
2026-06-25T06:32:03Z,2026-06-25T08:32:03+0200,cfe43b62-de54-4c74-8f9f-70948ee9d4b6,2026-05-29T06:30:00Z,2026-05-29T08:30:00+0200,58248.716879,MW,DE,DE_LU,forecast_load,Forecasted Load,2026-06-25T06:33:39Z
2026-06-25T06:32:03Z,2026-06-25T08:32:03+0200,cfe43b62-de54-4c74-8f9f-70948ee9d4b6,2026-05-29T06:45:00Z,2026-05-29T08:45:00+0200,58896.10679,MW,DE,DE_LU,forecast_load,Forecasted Load,2026-06-25T06:33:39Z
2026-06-25T06:32:03Z,2026-06-25T08:32:03+0200,cfe43b62-de54-4c74-8f9f-70948ee9d4b6,2026-05-29T07:00:00Z,2026-05-29T09:00:00+0200,58966.842005,MW,DE,DE_LU,forecast_load,Forecasted Load,2026-06-25T06:33:39Z
2026-06-25T06:32:03Z,2026-06-25T08:32:03+0200,cfe43b62-de54-4c74-8f9f-70948ee9d4b6,2026-05-29T07:15:00Z,2026-05-29T09:15:00+0200,59245.902547,MW,DE,DE_LU,forecast_load,Forecasted Load,2026-06-25T06:33:39Z
2026-06-25T06:32:03Z,2026-06-25T08:32:03+0200,cfe43b62-de54-4c74-8f9f-70948ee9d4b6,2026-05-29T07:30:00Z,2026-05-29T09:30:00+0200,59266.997401,MW,DE,DE_LU,forecast_load,Forecasted Load,2026-06-25T06:33:39Z
2026-06-25T06:32:03Z,2026-06-25T08:32:03+0200,cfe43b62-de54-4c74-8f9f-70948ee9d4b6,2026-05-29T07:45:00Z,2026-05-29T09:45:00+0200,59850.63546,MW,DE,DE_LU,forecast_load,Forecasted Load,2026-06-25T06:33:39Z
2026-06-25T06:32:03Z,2026-06-25T08:32:03+0200,cfe43b62-de54-4c74-8f9f-70948ee9d4b6,2026-05-29T08:00:00Z,2026-05-29T10:00:00+0200,59503.129959,MW,DE,DE_LU,forecast_load,Forecasted Load,2026-06-25T06:33:39Z
2026-06-25T06:32:03Z,2026-06-25T08:32:03+0200,cfe43b62-de54-4c74-8f9f-70948ee9d4b6,2026-05-29T08:15:00Z,2026-05-29T10:15:00+0200,59658.491962,MW,DE,DE_LU,forecast_load,Forecasted Load,2026-06-25T06:33:39Z
2026-06-25T06:32:03Z,2026-06-25T08:32:03+0200,cfe43b62-de54-4c74-8f9f-70948ee9d4b6,2026-05-29T08:30:00Z,2026-05-29T10:30:00+0200,59253.08421,MW,DE,DE_LU,forecast_load,Forecasted Load,2026-06-25T06:33:39Z
2026-06-25T06:32:03Z,2026-06-25T08:32:03+0200,cfe43b62-de54-4c74-8f9f-70948ee9d4b6,2026-05-29T08:45:00Z,2026-05-29T10:45:00+0200,59467.398314,MW,DE,DE_LU,forecast_load,Forecasted Load,2026-06-25T06:33:39Z
2026-06-25T06:32:03Z,2026-06-25T08:32:03+0200,cfe43b62-de54-4c74-8f9f-70948ee9d4b6,2026-05-29T09:00:00Z,2026-05-29T11:00:00+0200,58708.879549,MW,DE,DE_LU,forecast_load,Forecasted Load,2026-06-25T06:33:39Z
2026-06-25T06:32:03Z,2026-06-25T08:32:03+0200,cfe43b62-de54-4c74-8f9f-70948ee9d4b6,2026-05-29T09:15:00Z,2026-05-29T11:15:00+0200,58001.916719,MW,DE,DE_LU,forecast_load,Forecasted Load,2026-06-25T06:33:39Z
2026-06-25T06:32:03Z,2026-06-25T08:32:03+0200,cfe43b62-de54-4c74-8f9f-70948ee9d4b6,2026-05-29T09:30:00Z,2026-05-29T11:30:00+0200,58457.362555,MW,DE,DE_LU,forecast_load,Forecasted Load,2026-06-25T06:33:39Z
2026-06-25T06:32:03Z,2026-06-25T08:32:03+0200,cfe43b62-de54-4c74-8f9f-70948ee9d4b6,2026-05-29T09:45:00Z,2026-05-29T11:45:00+0200,58647.169324,MW,DE,DE_LU,forecast_load,Forecasted Load,2026-06-25T06:33:39Z
2026-06-25T06:32:03Z,2026-06-25T08:32:03+0200,cfe43b62-de54-4c74-8f9f-70948ee9d4b6,2026-05-29T10:00:00Z,2026-05-29T12:00:00+0200,58251.982323,MW,DE,DE_LU,forecast_load,Forecasted Load,2026-06-25T06:33:39Z
2026-06-25T06:32:03Z,2026-06-25T08:32:03+0200,cfe43b62-de54-4c74-8f9f-70948ee9d4b6,2026-05-29T10:15:00Z,2026-05-29T12:15:00+0200,57928.636723,MW,DE,DE_LU,forecast_load,Forecasted Load,2026-06-25T06:33:39Z
2026-06-25T06:32:03Z,2026-06-25T08:32:03+0200,cfe43b62-de54-4c74-8f9f-70948ee9d4b6,2026-05-29T10:30:00Z,2026-05-29T12:30:00+0200,57568.284034,MW,DE,DE_LU,forecast_load,Forecasted Load,2026-06-25T06:33:39Z
2026-06-25T06:32:03Z,2026-06-25T08:32:03+0200,cfe43b62-de54-4c74-8f9f-70948ee9d4b6,2026-05-29T10:45:00Z,2026-05-29T12:45:00+0200,56850.883493,MW,DE,DE_LU,forecast_load,Forecasted Load,2026-06-25T06:33:39Z
2026-06-25T06:32:03Z,2026-06-25T08:32:03+0200,cfe43b62-de54-4c74-8f9f-70948ee9d4b6,2026-05-29T11:00:00Z,2026-05-29T13:00:00+0200,57127.579399,MW,DE,DE_LU,forecast_load,Forecasted Load,2026-06-25T06:33:39Z
2026-06-25T06:32:03Z,2026-06-25T08:32:03+0200,cfe43b62-de54-4c74-8f9f-70948ee9d4b6,2026-05-29T11:15:00Z,2026-05-29T13:15:00+0200,56238.565664,MW,DE,DE_LU,forecast_load,Forecasted Load,2026-06-25T06:33:39Z
2026-06-25T06:32:03Z,2026-06-25T08:32:03+0200,cfe43b62-de54-4c74-8f9f-70948ee9d4b6,2026-05-29T11:30:00Z,2026-05-29T13:30:00+0200,55970.115329,MW,DE,DE_LU,forecast_load,Forecasted Load,2026-06-25T06:33:39Z
2026-06-25T06:32:03Z,2026-06-25T08:32:03+0200,cfe43b62-de54-4c74-8f9f-70948ee9d4b6,2026-05-29T11:45:00Z,2026-05-29T13:45:00+0200,55611.562305,MW,DE,DE_LU,forecast_load,Forecasted Load,2026-06-25T06:33:39Z
2026-06-25T06:32:03Z,2026-06-25T08:32:03+0200,cfe43b62-de54-4c74-8f9f-70948ee9d4b6,2026-05-29T12:00:00Z,2026-05-29T14:00:00+0200,55080.055549,MW,DE,DE_LU,forecast_load,Forecasted Load,2026-06-25T06:33:39Z
2026-06-25T06:32:03Z,2026-06-25T08:32:03+0200,cfe43b62-de54-4c74-8f9f-70948ee9d4b6,2026-05-29T12:15:00Z,2026-05-29T14:15:00+0200,54397.688935,MW,DE,DE_LU,forecast_load,Forecasted Load,2026-06-25T06:33:39Z
2026-06-25T06:32:03Z,2026-06-25T08:32:03+0200,cfe43b62-de54-4c74-8f9f-70948ee9d4b6,2026-05-29T12:30:00Z,2026-05-29T14:30:00+0200,54195.035985,MW,DE,DE_LU,forecast_load,Forecasted Load,2026-06-25T06:33:39Z
2026-06-25T06:32:03Z,2026-06-25T08:32:03+0200,cfe43b62-de54-4c74-8f9f-70948ee9d4b6,2026-05-29T12:45:00Z,2026-05-29T14:45:00+0200,54401.093557,MW,DE,DE_LU,forecast_load,Forecasted Load,2026-06-25T06:33:39Z
2026-06-25T06:32:03Z,2026-06-25T08:32:03+0200,cfe43b62-de54-4c74-8f9f-70948ee9d4b6,2026-05-29T13:00:00Z,2026-05-29T15:00:00+0200,54332.849655,MW,DE,DE_LU,forecast_load,Forecasted Load,2026-06-25T06:33:39Z
2026-06-25T06:32:03Z,2026-06-25T08:32:03+0200,cfe43b62-de54-4c74-8f9f-70948ee9d4b6,2026-05-29T13:15:00Z,2026-05-29T15:15:00+0200,53228.74897,MW,DE,DE_LU,forecast_load,Forecasted Load,2026-06-25T06:33:39Z
2026-06-25T06:32:03Z,2026-06-25T08:32:03+0200,cfe43b62-de54-4c74-8f9f-70948ee9d4b6,2026-05-29T13:30:00Z,2026-05-29T15:30:00+0200,53709.433626,MW,DE,DE_LU,forecast_load,Forecasted Load,2026-06-25T06:33:39Z
2026-06-25T06:32:03Z,2026-06-25T08:32:03+0200,cfe43b62-de54-4c74-8f9f-70948ee9d4b6,2026-05-29T13:45:00Z,2026-05-29T15:45:00+0200,53019.479457,MW,DE,DE_LU,forecast_load,Forecasted Load,2026-06-25T06:33:39Z
2026-06-25T06:32:03Z,2026-06-25T08:32:03+0200,cfe43b62-de54-4c74-8f9f-70948ee9d4b6,2026-05-29T14:00:00Z,2026-05-29T16:00:00+0200,54094.827169,MW,DE,DE_LU,forecast_load,Forecasted Load,2026-06-25T06:33:39Z
2026-06-25T06:32:03Z,2026-06-25T08:32:03+0200,cfe43b62-de54-4c74-8f9f-70948ee9d4b6,2026-05-29T14:15:00Z,2026-05-29T16:15:00+0200,53464.185501,MW,DE,DE_LU,forecast_load,Forecasted Load,2026-06-25T06:33:39Z
2026-06-25T06:32:03Z,2026-06-25T08:32:03+0200,cfe43b62-de54-4c74-8f9f-70948ee9d4b6,2026-05-29T14:30:00Z,2026-05-29T16:30:00+0200,52630.772582,MW,DE,DE_LU,forecast_load,Forecasted Load,2026-06-25T06:33:39Z
2026-06-25T06:32:03Z,2026-06-25T08:32:03+0200,cfe43b62-de54-4c74-8f9f-70948ee9d4b6,2026-05-29T14:45:00Z,2026-05-29T16:45:00+0200,52946.897035,MW,DE,DE_LU,forecast_load,Forecasted Load,2026-06-25T06:33:39Z
2026-06-25T06:32:03Z,2026-06-25T08:32:03+0200,cfe43b62-de54-4c74-8f9f-70948ee9d4b6,2026-05-29T15:00:00Z,2026-05-29T17:00:00+0200,54030.265107,MW,DE,DE_LU,forecast_load,Forecasted Load,2026-06-25T06:33:39Z
2026-06-25T06:32:03Z,2026-06-25T08:32:03+0200,cfe43b62-de54-4c74-8f9f-70948ee9d4b6,2026-05-29T15:15:00Z,2026-05-29T17:15:00+0200,54368.992437,MW,DE,DE_LU,forecast_load,Forecasted Load,2026-06-25T06:33:39Z
2026-06-25T06:32:03Z,2026-06-25T08:32:03+0200,cfe43b62-de54-4c74-8f9f-70948ee9d4b6,2026-05-29T15:30:00Z,2026-05-29T17:30:00+0200,54724.836824,MW,DE,DE_LU,forecast_load,Forecasted Load,2026-06-25T06:33:39Z
2026-06-25T06:32:03Z,2026-06-25T08:32:03+0200,cfe43b62-de54-4c74-8f9f-70948ee9d4b6,2026-05-29T15:45:00Z,2026-05-29T17:45:00+0200,55052.978867,MW,DE,DE_LU,forecast_load,Forecasted Load,2026-06-25T06:33:39Z
2026-06-25T06:32:03Z,2026-06-25T08:32:03+0200,cfe43b62-de54-4c74-8f9f-70948ee9d4b6,2026-05-29T16:00:00Z,2026-05-29T18:00:00+0200,54816.259229,MW,DE,DE_LU,forecast_load,Forecasted Load,2026-06-25T06:33:39Z
2026-06-25T06:32:03Z,2026-06-25T08:32:03+0200,cfe43b62-de54-4c74-8f9f-70948ee9d4b6,2026-05-29T16:15:00Z,2026-05-29T18:15:00+0200,55144.229558,MW,DE,DE_LU,forecast_load,Forecasted Load,2026-06-25T06:33:39Z
2026-06-25T06:32:03Z,2026-06-25T08:32:03+0200,cfe43b62-de54-4c74-8f9f-70948ee9d4b6,2026-05-29T16:30:00Z,2026-05-29T18:30:00+0200,55415.058903,MW,DE,DE_LU,forecast_load,Forecasted Load,2026-06-25T06:33:39Z
2026-06-25T06:32:03Z,2026-06-25T08:32:03+0200,cfe43b62-de54-4c74-8f9f-70948ee9d4b6,2026-05-29T16:45:00Z,2026-05-29T18:45:00+0200,55300.205725,MW,DE,DE_LU,forecast_load,Forecasted Load,2026-06-25T06:33:39Z
2026-06-25T06:32:03Z,2026-06-25T08:32:03+0200,cfe43b62-de54-4c74-8f9f-70948ee9d4b6,2026-05-29T17:00:00Z,2026-05-29T19:00:00+0200,55472.115056,MW,DE,DE_LU,forecast_load,Forecasted Load,2026-06-25T06:33:39Z
2026-06-25T06:32:03Z,2026-06-25T08:32:03+0200,cfe43b62-de54-4c74-8f9f-70948ee9d4b6,2026-05-29T17:15:00Z,2026-05-29T19:15:00+0200,55778.928603,MW,DE,DE_LU,forecast_load,Forecasted Load,2026-06-25T06:33:39Z
2026-06-25T06:32:03Z,2026-06-25T08:32:03+0200,cfe43b62-de54-4c74-8f9f-70948ee9d4b6,2026-05-29T17:30:00Z,2026-05-29T19:30:00+0200,55496.29171,MW,DE,DE_LU,forecast_load,Forecasted Load,2026-06-25T06:33:39Z
2026-06-25T06:32:03Z,2026-06-25T08:32:03+0200,cfe43b62-de54-4c74-8f9f-70948ee9d4b6,2026-05-29T17:45:00Z,2026-05-29T19:45:00+0200,54689.104094,MW,DE,DE_LU,forecast_load,Forecasted Load,2026-06-25T06:33:39Z
2026-06-25T06:32:03Z,2026-06-25T08:32:03+0200,cfe43b62-de54-4c74-8f9f-70948ee9d4b6,2026-05-29T18:00:00Z,2026-05-29T20:00:00+0200,54174.400734,MW,DE,DE_LU,forecast_load,Forecasted Load,2026-06-25T06:33:39Z
2026-06-25T06:32:03Z,2026-06-25T08:32:03+0200,cfe43b62-de54-4c74-8f9f-70948ee9d4b6,2026-05-29T18:15:00Z,2026-05-29T20:15:00+0200,53464.752333,MW,DE,DE_LU,forecast_load,Forecasted Load,2026-06-25T06:33:39Z
2026-06-25T06:32:03Z,2026-06-25T08:32:03+0200,cfe43b62-de54-4c74-8f9f-70948ee9d4b6,2026-05-29T18:30:00Z,2026-05-29T20:30:00+0200,52980.208698,MW,DE,DE_LU,forecast_load,Forecasted Load,2026-06-25T06:33:39Z
2026-06-25T06:32:03Z,2026-06-25T08:32:03+0200,cfe43b62-de54-4c74-8f9f-70948ee9d4b6,2026-05-29T18:45:00Z,2026-05-29T20:45:00+0200,52218.968491,MW,DE,DE_LU,forecast_load,Forecasted Load,2026-06-25T06:33:39Z
2026-06-25T06:32:03Z,2026-06-25T08:32:03+0200,cfe43b62-de54-4c74-8f9f-70948ee9d4b6,2026-05-29T19:00:00Z,2026-05-29T21:00:00+0200,51499.915827,MW,DE,DE_LU,forecast_load,Forecasted Load,2026-06-25T06:33:39Z
2026-06-25T06:32:03Z,2026-06-25T08:32:03+0200,cfe43b62-de54-4c74-8f9f-70948ee9d4b6,2026-05-29T19:15:00Z,2026-05-29T21:15:00+0200,50865.997878,MW,DE,DE_LU,forecast_load,Forecasted Load,2026-06-25T06:33:39Z
2026-06-25T06:32:03Z,2026-06-25T08:32:03+0200,cfe43b62-de54-4c74-8f9f-70948ee9d4b6,2026-05-29T19:30:00Z,2026-05-29T21:30:00+0200,50315.88531,MW,DE,DE_LU,forecast_load,Forecasted Load,2026-06-25T06:33:39Z
2026-06-25T06:32:03Z,2026-06-25T08:32:03+0200,cfe43b62-de54-4c74-8f9f-70948ee9d4b6,2026-05-29T19:45:00Z,2026-05-29T21:45:00+0200,49719.274775,MW,DE,DE_LU,forecast_load,Forecasted Load,2026-06-25T06:33:39Z
2026-06-25T06:32:03Z,2026-06-25T08:32:03+0200,cfe43b62-de54-4c74-8f9f-70948ee9d4b6,2026-05-29T20:00:00Z,2026-05-29T22:00:00+0200,48992.42697,MW,DE,DE_LU,forecast_load,Forecasted Load,2026-06-25T06:33:39Z
2026-06-25T06:32:03Z,2026-06-25T08:32:03+0200,cfe43b62-de54-4c74-8f9f-70948ee9d4b6,2026-05-29T20:15:00Z,2026-05-29T22:15:00+0200,48240.334417,MW,DE,DE_LU,forecast_load,Forecasted Load,2026-06-25T06:33:39Z
2026-06-25T06:32:03Z,2026-06-25T08:32:03+0200,cfe43b62-de54-4c74-8f9f-70948ee9d4b6,2026-05-29T20:30:00Z,2026-05-29T22:30:00+0200,47567.185285,MW,DE,DE_LU,forecast_load,Forecasted Load,2026-06-25T06:33:39Z
2026-06-25T06:32:03Z,2026-06-25T08:32:03+0200,cfe43b62-de54-4c74-8f9f-70948ee9d4b6,2026-05-29T20:45:00Z,2026-05-29T22:45:00+0200,46962.20338,MW,DE,DE_LU,forecast_load,Forecasted Load,2026-06-25T06:33:39Z
2026-06-25T06:32:03Z,2026-06-25T08:32:03+0200,cfe43b62-de54-4c74-8f9f-70948ee9d4b6,2026-05-29T21:00:00Z,2026-05-29T23:00:00+0200,46391.149688,MW,DE,DE_LU,forecast_load,Forecasted Load,2026-06-25T06:33:39Z
2026-06-25T06:32:03Z,2026-06-25T08:32:03+0200,cfe43b62-de54-4c74-8f9f-70948ee9d4b6,2026-05-29T21:15:00Z,2026-05-29T23:15:00+0200,45301.16723,MW,DE,DE_LU,forecast_load,Forecasted Load,2026-06-25T06:33:39Z
2026-06-25T06:32:03Z,2026-06-25T08:32:03+0200,cfe43b62-de54-4c74-8f9f-70948ee9d4b6,2026-05-29T21:30:00Z,2026-05-29T23:30:00+0200,44725.484838,MW,DE,DE_LU,forecast_load,Forecasted Load,2026-06-25T06:33:39Z
2026-06-25T06:32:03Z,2026-06-25T08:32:03+0200,cfe43b62-de54-4c74-8f9f-70948ee9d4b6,2026-05-29T21:45:00Z,2026-05-29T23:45:00+0200,44266.271804,MW,DE,DE_LU,forecast_load,Forecasted Load,2026-06-25T06:33:39Z
2026-06-25T06:32:03Z,2026-06-25T08:32:03+0200,cfe43b62-de54-4c74-8f9f-70948ee9d4b6,2026-05-29T22:00:00Z,2026-05-30T00:00:00+0200,44859.460277,MW,DE,DE_LU,forecast_load,Forecasted Load,2026-06-25T06:33:39Z
2026-06-25T06:32:03Z,2026-06-25T08:32:03+0200,cfe43b62-de54-4c74-8f9f-70948ee9d4b6,2026-05-29T22:15:00Z,2026-05-30T00:15:00+0200,44295.163444,MW,DE,DE_LU,forecast_load,Forecasted Load,2026-06-25T06:33:39Z
2026-06-25T06:32:03Z,2026-06-25T08:32:03+0200,cfe43b62-de54-4c74-8f9f-70948ee9d4b6,2026-05-29T22:30:00Z,2026-05-30T00:30:00+0200,43818.376581,MW,DE,DE_LU,forecast_load,Forecasted Load,2026-06-25T06:33:39Z
2026-06-25T06:32:03Z,2026-06-25T08:32:03+0200,cfe43b62-de54-4c74-8f9f-70948ee9d4b6,2026-05-29T22:45:00Z,2026-05-30T00:45:00+0200,43362.479786,MW,DE,DE_LU,forecast_load,Forecasted Load,2026-06-25T06:33:39Z
2026-06-25T06:32:03Z,2026-06-25T08:32:03+0200,cfe43b62-de54-4c74-8f9f-70948ee9d4b6,2026-05-29T23:00:00Z,2026-05-30T01:00:00+0200,42821.046303,MW,DE,DE_LU,forecast_load,Forecasted Load,2026-06-25T06:33:39Z
2026-06-25T06:32:03Z,2026-06-25T08:32:03+0200,cfe43b62-de54-4c74-8f9f-70948ee9d4b6,2026-05-29T23:15:00Z,2026-05-30T01:15:00+0200,42273.554631,MW,DE,DE_LU,forecast_load,Forecasted Load,2026-06-25T06:33:39Z
2026-06-25T06:32:03Z,2026-06-25T08:32:03+0200,cfe43b62-de54-4c74-8f9f-70948ee9d4b6,2026-05-29T23:30:00Z,2026-05-30T01:30:00+0200,41899.815302,MW,DE,DE_LU,forecast_load,Forecasted Load,2026-06-25T06:33:39Z
2026-06-25T06:32:03Z,2026-06-25T08:32:03+0200,cfe43b62-de54-4c74-8f9f-70948ee9d4b6,2026-05-29T23:45:00Z,2026-05-30T01:45:00+0200,41557.884101,MW,DE,DE_LU,forecast_load,Forecasted Load,2026-06-25T06:33:39Z
2026-06-25T06:32:03Z,2026-06-25T08:32:03+0200,cfe43b62-de54-4c74-8f9f-70948ee9d4b6,2026-05-30T00:00:00Z,2026-05-30T02:00:00+0200,41295.375468,MW,DE,DE_LU,forecast_load,Forecasted Load,2026-06-25T06:33:39Z
2026-06-25T06:32:03Z,2026-06-25T08:32:03+0200,cfe43b62-de54-4c74-8f9f-70948ee9d4b6,2026-05-30T00:15:00Z,2026-05-30T02:15:00+0200,41030.337515,MW,DE,DE_LU,forecast_load,Forecasted Load,2026-06-25T06:33:39Z
2026-06-25T06:32:03Z,2026-06-25T08:32:03+0200,cfe43b62-de54-4c74-8f9f-70948ee9d4b6,2026-05-30T00:30:00Z,2026-05-30T02:30:00+0200,40783.291663,MW,DE,DE_LU,forecast_load,Forecasted Load,2026-06-25T06:33:39Z
2026-06-25T06:32:03Z,2026-06-25T08:32:03+0200,cfe43b62-de54-4c74-8f9f-70948ee9d4b6,2026-05-30T00:45:00Z,2026-05-30T02:45:00+0200,40629.92314,MW,DE,DE_LU,forecast_load,Forecasted Load,2026-06-25T06:33:39Z
2026-06-25T06:32:03Z,2026-06-25T08:32:03+0200,cfe43b62-de54-4c74-8f9f-70948ee9d4b6,2026-05-30T01:00:00Z,2026-05-30T03:00:00+0200,40563.485523,MW,DE,DE_LU,forecast_load,Forecasted Load,2026-06-25T06:33:39Z
2026-06-25T06:32:03Z,2026-06-25T08:32:03+0200,cfe43b62-de54-4c74-8f9f-70948ee9d4b6,2026-05-30T01:15:00Z,2026-05-30T03:15:00+0200,40484.121527,MW,DE,DE_LU,forecast_load,Forecasted Load,2026-06-25T06:33:39Z
2026-06-25T06:32:03Z,2026-06-25T08:32:03+0200,cfe43b62-de54-4c74-8f9f-70948ee9d4b6,2026-05-30T01:30:00Z,2026-05-30T03:30:00+0200,40373.48802,MW,DE,DE_LU,forecast_load,Forecasted Load,2026-06-25T06:33:39Z
2026-06-25T06:32:03Z,2026-06-25T08:32:03+0200,cfe43b62-de54-4c74-8f9f-70948ee9d4b6,2026-05-30T01:45:00Z,2026-05-30T03:45:00+0200,40299.720684,MW,DE,DE_LU,forecast_load,Forecasted Load,2026-06-25T06:33:39Z
2026-06-25T06:32:03Z,2026-06-25T08:32:03+0200,cfe43b62-de54-4c74-8f9f-70948ee9d4b6,2026-05-30T02:00:00Z,2026-05-30T04:00:00+0200,40407.782964,MW,DE,DE_LU,forecast_load,Forecasted Load,2026-06-25T06:33:39Z
2026-06-25T06:32:03Z,2026-06-25T08:32:03+0200,cfe43b62-de54-4c74-8f9f-70948ee9d4b6,2026-05-30T02:15:00Z,2026-05-30T04:15:00+0200,40346.833509,MW,DE,DE_LU,forecast_load,Forecasted Load,2026-06-25T06:33:39Z
2026-06-25T06:32:03Z,2026-06-25T08:32:03+0200,cfe43b62-de54-4c74-8f9f-70948ee9d4b6,2026-05-30T02:30:00Z,2026-05-30T04:30:00+0200,40449.769056,MW,DE,DE_LU,forecast_load,Forecasted Load,2026-06-25T06:33:39Z
2026-06-25T06:32:03Z,2026-06-25T08:32:03+0200,cfe43b62-de54-4c74-8f9f-70948ee9d4b6,2026-05-30T02:45:00Z,2026-05-30T04:45:00+0200,40473.262932,MW,DE,DE_LU,forecast_load,Forecasted Load,2026-06-25T06:33:39Z
2026-06-25T06:32:03Z,2026-06-25T08:32:03+0200,cfe43b62-de54-4c74-8f9f-70948ee9d4b6,2026-05-30T03:00:00Z,2026-05-30T05:00:00+0200,40733.815725,MW,DE,DE_LU,forecast_load,Forecasted Load,2026-06-25T06:33:39Z
2026-06-25T06:32:03Z,2026-06-25T08:32:03+0200,cfe43b62-de54-4c74-8f9f-70948ee9d4b6,2026-05-30T03:15:00Z,2026-05-30T05:15:00+0200,40539.419264,MW,DE,DE_LU,forecast_load,Forecasted Load,2026-06-25T06:33:39Z
2026-06-25T06:32:03Z,2026-06-25T08:32:03+0200,cfe43b62-de54-4c74-8f9f-70948ee9d4b6,2026-05-30T03:30:00Z,2026-05-30T05:30:00+0200,40688.079252,MW,DE,DE_LU,forecast_load,Forecasted Load,2026-06-25T06:33:39Z
2026-06-25T06:32:03Z,2026-06-25T08:32:03+0200,cfe43b62-de54-4c74-8f9f-70948ee9d4b6,2026-05-30T03:45:00Z,2026-05-30T05:45:00+0200,41798.99138,MW,DE,DE_LU,forecast_load,Forecasted Load,2026-06-25T06:33:39Z
2026-06-25T06:32:03Z,2026-06-25T08:32:03+0200,cfe43b62-de54-4c74-8f9f-70948ee9d4b6,2026-05-30T04:00:00Z,2026-05-30T06:00:00+0200,42957.790141,MW,DE,DE_LU,forecast_load,Forecasted Load,2026-06-25T06:33:39Z
2026-06-25T06:32:03Z,2026-06-25T08:32:03+0200,cfe43b62-de54-4c74-8f9f-70948ee9d4b6,2026-05-30T04:15:00Z,2026-05-30T06:15:00+0200,41903.195735,MW,DE,DE_LU,forecast_load,Forecasted Load,2026-06-25T06:33:39Z
2026-06-25T06:32:03Z,2026-06-25T08:32:03+0200,cfe43b62-de54-4c74-8f9f-70948ee9d4b6,2026-05-30T04:30:00Z,2026-05-30T06:30:00+0200,42392.713909,MW,DE,DE_LU,forecast_load,Forecasted Load,2026-06-25T06:33:39Z
2026-06-25T06:32:03Z,2026-06-25T08:32:03+0200,cfe43b62-de54-4c74-8f9f-70948ee9d4b6,2026-05-30T04:45:00Z,2026-05-30T06:45:00+0200,43107.796582,MW,DE,DE_LU,forecast_load,Forecasted Load,2026-06-25T06:33:39Z
2026-06-25T06:32:03Z,2026-06-25T08:32:03+0200,cfe43b62-de54-4c74-8f9f-70948ee9d4b6,2026-05-30T05:00:00Z,2026-05-30T07:00:00+0200,43834.170407,MW,DE,DE_LU,forecast_load,Forecasted Load,2026-06-25T06:33:39Z
2026-06-25T06:32:03Z,2026-06-25T08:32:03+0200,cfe43b62-de54-4c74-8f9f-70948ee9d4b6,2026-05-30T05:15:00Z,2026-05-30T07:15:00+0200,44572.217631,MW,DE,DE_LU,forecast_load,Forecasted Load,2026-06-25T06:33:39Z
2026-06-25T06:32:03Z,2026-06-25T08:32:03+0200,cfe43b62-de54-4c74-8f9f-70948ee9d4b6,2026-05-30T05:30:00Z,2026-05-30T07:30:00+0200,45530.263901,MW,DE,DE_LU,forecast_load,Forecasted Load,2026-06-25T06:33:39Z
2026-06-25T06:32:03Z,2026-06-25T08:32:03+0200,cfe43b62-de54-4c74-8f9f-70948ee9d4b6,2026-05-30T05:45:00Z,2026-05-30T07:45:00+0200,46391.747072,MW,DE,DE_LU,forecast_load,Forecasted Load,2026-06-25T06:33:39Z
2026-06-25T06:32:03Z,2026-06-25T08:32:03+0200,cfe43b62-de54-4c74-8f9f-70948ee9d4b6,2026-05-30T06:00:00Z,2026-05-30T08:00:00+0200,46825.083551,MW,DE,DE_LU,forecast_load,Forecasted Load,2026-06-25T06:33:39Z
2026-06-25T06:32:03Z,2026-06-25T08:32:03+0200,cfe43b62-de54-4c74-8f9f-70948ee9d4b6,2026-05-30T06:15:00Z,2026-05-30T08:15:00+0200,47649.993049,MW,DE,DE_LU,forecast_load,Forecasted Load,2026-06-25T06:33:39Z
2026-06-25T06:32:03Z,2026-06-25T08:32:03+0200,cfe43b62-de54-4c74-8f9f-70948ee9d4b6,2026-05-30T06:30:00Z,2026-05-30T08:30:00+0200,48397.206554,MW,DE,DE_LU,forecast_load,Forecasted Load,2026-06-25T06:33:39Z
2026-06-25T06:32:03Z,2026-06-25T08:32:03+0200,cfe43b62-de54-4c74-8f9f-70948ee9d4b6,2026-05-30T06:45:00Z,2026-05-30T08:45:00+0200,49140.0832,MW,DE,DE_LU,forecast_load,Forecasted Load,2026-06-25T06:33:39Z
2026-06-25T06:32:03Z,2026-06-25T08:32:03+0200,cfe43b62-de54-4c74-8f9f-70948ee9d4b6,2026-05-30T07:00:00Z,2026-05-30T09:00:00+0200,49015.187584,MW,DE,DE_LU,forecast_load,Forecasted Load,2026-06-25T06:33:39Z
2026-06-25T06:32:03Z,2026-06-25T08:32:03+0200,cfe43b62-de54-4c74-8f9f-70948ee9d4b6,2026-05-30T07:15:00Z,2026-05-30T09:15:00+0200,49513.32372,MW,DE,DE_LU,forecast_load,Forecasted Load,2026-06-25T06:33:39Z
2026-06-25T06:32:03Z,2026-06-25T08:32:03+0200,cfe43b62-de54-4c74-8f9f-70948ee9d4b6,2026-05-30T07:30:00Z,2026-05-30T09:30:00+0200,50173.552853,MW,DE,DE_LU,forecast_load,Forecasted Load,2026-06-25T06:33:39Z
2026-06-25T06:32:03Z,2026-06-25T08:32:03+0200,cfe43b62-de54-4c74-8f9f-70948ee9d4b6,2026-05-30T07:45:00Z,2026-05-30T09:45:00+0200,50753.41244,MW,DE,DE_LU,forecast_load,Forecasted Load,2026-06-25T06:33:39Z
2026-06-25T06:32:03Z,2026-06-25T08:32:03+0200,cfe43b62-de54-4c74-8f9f-70948ee9d4b6,2026-05-30T08:00:00Z,2026-05-30T10:00:00+0200,50626.714497,MW,DE,DE_LU,forecast_load,Forecasted Load,2026-06-25T06:33:39Z
2026-06-25T06:32:03Z,2026-06-25T08:32:03+0200,cfe43b62-de54-4c74-8f9f-70948ee9d4b6,2026-05-30T08:15:00Z,2026-05-30T10:15:00+0200,50988.29697,MW,DE,DE_LU,forecast_load,Forecasted Load,2026-06-25T06:33:39Z
2026-06-25T06:32:03Z,2026-06-25T08:32:03+0200,cfe43b62-de54-4c74-8f9f-70948ee9d4b6,2026-05-30T08:30:00Z,2026-05-30T10:30:00+0200,51228.819215,MW,DE,DE_LU,forecast_load,Forecasted Load,2026-06-25T06:33:39Z
2026-06-25T06:32:03Z,2026-06-25T08:32:03+0200,cfe43b62-de54-4c74-8f9f-70948ee9d4b6,2026-05-30T08:45:00Z,2026-05-30T10:45:00+0200,51382.93621,MW,DE,DE_LU,forecast_load,Forecasted Load,2026-06-25T06:33:39Z
2026-06-25T06:32:03Z,2026-06-25T08:32:03+0200,cfe43b62-de54-4c74-8f9f-70948ee9d4b6,2026-05-30T09:00:00Z,2026-05-30T11:00:00+0200,51222.459493,MW,DE,DE_LU,forecast_load,Forecasted Load,2026-06-25T06:33:39Z
2026-06-25T06:32:03Z,2026-06-25T08:32:03+0200,cfe43b62-de54-4c74-8f9f-70948ee9d4b6,2026-05-30T09:15:00Z,2026-05-30T11:15:00+0200,51042.447374,MW,DE,DE_LU,forecast_load,Forecasted Load,2026-06-25T06:33:39Z
2026-06-25T06:32:03Z,2026-06-25T08:32:03+0200,cfe43b62-de54-4c74-8f9f-70948ee9d4b6,2026-05-30T09:30:00Z,2026-05-30T11:30:00+0200,50716.52539,MW,DE,DE_LU,forecast_load,Forecasted Load,2026-06-25T06:33:39Z
2026-06-25T06:32:03Z,2026-06-25T08:32:03+0200,cfe43b62-de54-4c74-8f9f-70948ee9d4b6,2026-05-30T09:45:00Z,2026-05-30T11:45:00+0200,50806.452586,MW,DE,DE_LU,forecast_load,Forecasted Load,2026-06-25T06:33:39Z
2026-06-25T06:32:03Z,2026-06-25T08:32:03+0200,cfe43b62-de54-4c74-8f9f-70948ee9d4b6,2026-05-30T10:00:00Z,2026-05-30T12:00:00+0200,50193.202029,MW,DE,DE_LU,forecast_load,Forecasted Load,2026-06-25T06:33:39Z
2026-06-25T06:32:03Z,2026-06-25T08:32:03+0200,cfe43b62-de54-4c74-8f9f-70948ee9d4b6,2026-05-30T10:15:00Z,2026-05-30T12:15:00+0200,49897.554227,MW,DE,DE_LU,forecast_load,Forecasted Load,2026-06-25T06:33:39Z
2026-06-25T06:32:03Z,2026-06-25T08:32:03+0200,cfe43b62-de54-4c74-8f9f-70948ee9d4b6,2026-05-30T10:30:00Z,2026-05-30T12:30:00+0200,49895.141271,MW,DE,DE_LU,forecast_load,Forecasted Load,2026-06-25T06:33:39Z
2026-06-25T06:32:03Z,2026-06-25T08:32:03+0200,cfe43b62-de54-4c74-8f9f-70948ee9d4b6,2026-05-30T10:45:00Z,2026-05-30T12:45:00+0200,49782.144044,MW,DE,DE_LU,forecast_load,Forecasted Load,2026-06-25T06:33:39Z
2026-06-25T06:32:03Z,2026-06-25T08:32:03+0200,cfe43b62-de54-4c74-8f9f-70948ee9d4b6,2026-05-30T11:00:00Z,2026-05-30T13:00:00+0200,49197.457655,MW,DE,DE_LU,forecast_load,Forecasted Load,2026-06-25T06:33:39Z
2026-06-25T06:32:03Z,2026-06-25T08:32:03+0200,cfe43b62-de54-4c74-8f9f-70948ee9d4b6,2026-05-30T11:15:00Z,2026-05-30T13:15:00+0200,48872.382276,MW,DE,DE_LU,forecast_load,Forecasted Load,2026-06-25T06:33:39Z
2026-06-25T06:32:03Z,2026-06-25T08:32:03+0200,cfe43b62-de54-4c74-8f9f-70948ee9d4b6,2026-05-30T11:30:00Z,2026-05-30T13:30:00+0200,48730.804395,MW,DE,DE_LU,forecast_load,Forecasted Load,2026-06-25T06:33:39Z
2026-06-25T06:32:03Z,2026-06-25T08:32:03+0200,cfe43b62-de54-4c74-8f9f-70948ee9d4b6,2026-05-30T11:45:00Z,2026-05-30T13:45:00+0200,48367.16015,MW,DE,DE_LU,forecast_load,Forecasted Load,2026-06-25T06:33:39Z
2026-06-25T06:32:03Z,2026-06-25T08:32:03+0200,cfe43b62-de54-4c74-8f9f-70948ee9d4b6,2026-05-30T12:00:00Z,2026-05-30T14:00:00+0200,48065.172418,MW,DE,DE_LU,forecast_load,Forecasted Load,2026-06-25T06:33:39Z
2026-06-25T06:32:03Z,2026-06-25T08:32:03+0200,cfe43b62-de54-4c74-8f9f-70948ee9d4b6,2026-05-30T12:15:00Z,2026-05-30T14:15:00+0200,47822.194051,MW,DE,DE_LU,forecast_load,Forecasted Load,2026-06-25T06:33:39Z
2026-06-25T06:32:03Z,2026-06-25T08:32:03+0200,cfe43b62-de54-4c74-8f9f-70948ee9d4b6,2026-05-30T12:30:00Z,2026-05-30T14:30:00+0200,47412.982163,MW,DE,DE_LU,forecast_load,Forecasted Load,2026-06-25T06:33:39Z
2026-06-25T06:32:03Z,2026-06-25T08:32:03+0200,cfe43b62-de54-4c74-8f9f-70948ee9d4b6,2026-05-30T12:45:00Z,2026-05-30T14:45:00+0200,47206.181698,MW,DE,DE_LU,forecast_load,Forecasted Load,2026-06-25T06:33:39Z
2026-06-25T06:32:03Z,2026-06-25T08:32:03+0200,cfe43b62-de54-4c74-8f9f-70948ee9d4b6,2026-05-30T13:00:00Z,2026-05-30T15:00:00+0200,47162.631412,MW,DE,DE_LU,forecast_load,Forecasted Load,2026-06-25T06:33:39Z
2026-06-25T06:32:03Z,2026-06-25T08:32:03+0200,cfe43b62-de54-4c74-8f9f-70948ee9d4b6,2026-05-30T13:15:00Z,2026-05-30T15:15:00+0200,47056.678266,MW,DE,DE_LU,forecast_load,Forecasted Load,2026-06-25T06:33:39Z
2026-06-25T06:32:03Z,2026-06-25T08:32:03+0200,cfe43b62-de54-4c74-8f9f-70948ee9d4b6,2026-05-30T13:30:00Z,2026-05-30T15:30:00+0200,46791.314533,MW,DE,DE_LU,forecast_load,Forecasted Load,2026-06-25T06:33:39Z
2026-06-25T06:32:03Z,2026-06-25T08:32:03+0200,cfe43b62-de54-4c74-8f9f-70948ee9d4b6,2026-05-30T13:45:00Z,2026-05-30T15:45:00+0200,46963.606731,MW,DE,DE_LU,forecast_load,Forecasted Load,2026-06-25T06:33:39Z
2026-06-25T06:32:03Z,2026-06-25T08:32:03+0200,cfe43b62-de54-4c74-8f9f-70948ee9d4b6,2026-05-30T14:00:00Z,2026-05-30T16:00:00+0200,47094.983619,MW,DE,DE_LU,forecast_load,Forecasted Load,2026-06-25T06:33:39Z
2026-06-25T06:32:03Z,2026-06-25T08:32:03+0200,cfe43b62-de54-4c74-8f9f-70948ee9d4b6,2026-05-30T14:15:00Z,2026-05-30T16:15:00+0200,46761.752644,MW,DE,DE_LU,forecast_load,Forecasted Load,2026-06-25T06:33:39Z
2026-06-25T06:32:03Z,2026-06-25T08:32:03+0200,cfe43b62-de54-4c74-8f9f-70948ee9d4b6,2026-05-30T14:30:00Z,2026-05-30T16:30:00+0200,46908.15458,MW,DE,DE_LU,forecast_load,Forecasted Load,2026-06-25T06:33:39Z
2026-06-25T06:32:03Z,2026-06-25T08:32:03+0200,cfe43b62-de54-4c74-8f9f-70948ee9d4b6,2026-05-30T14:45:00Z,2026-05-30T16:45:00+0200,46165.214017,MW,DE,DE_LU,forecast_load,Forecasted Load,2026-06-25T06:33:39Z
2026-06-25T06:32:03Z,2026-06-25T08:32:03+0200,cfe43b62-de54-4c74-8f9f-70948ee9d4b6,2026-05-30T15:00:00Z,2026-05-30T17:00:00+0200,46702.823038,MW,DE,DE_LU,forecast_load,Forecasted Load,2026-06-25T06:33:39Z
2026-06-25T06:32:03Z,2026-06-25T08:32:03+0200,cfe43b62-de54-4c74-8f9f-70948ee9d4b6,2026-05-30T15:15:00Z,2026-05-30T17:15:00+0200,46515.321313,MW,DE,DE_LU,forecast_load,Forecasted Load,2026-06-25T06:33:39Z
2026-06-25T06:32:03Z,2026-06-25T08:32:03+0200,cfe43b62-de54-4c74-8f9f-70948ee9d4b6,2026-05-30T15:30:00Z,2026-05-30T17:30:00+0200,46923.825148,MW,DE,DE_LU,forecast_load,Forecasted Load,2026-06-25T06:33:39Z
2026-06-25T06:32:03Z,2026-06-25T08:32:03+0200,cfe43b62-de54-4c74-8f9f-70948ee9d4b6,2026-05-30T15:45:00Z,2026-05-30T17:45:00+0200,47300.45161,MW,DE,DE_LU,forecast_load,Forecasted Load,2026-06-25T06:33:39Z
2026-06-25T06:32:03Z,2026-06-25T08:32:03+0200,cfe43b62-de54-4c74-8f9f-70948ee9d4b6,2026-05-30T16:00:00Z,2026-05-30T18:00:00+0200,47488.914027,MW,DE,DE_LU,forecast_load,Forecasted Load,2026-06-25T06:33:39Z
2026-06-25T06:32:03Z,2026-06-25T08:32:03+0200,cfe43b62-de54-4c74-8f9f-70948ee9d4b6,2026-05-30T16:15:00Z,2026-05-30T18:15:00+0200,47743.207231,MW,DE,DE_LU,forecast_load,Forecasted Load,2026-06-25T06:33:39Z
2026-06-25T06:32:03Z,2026-06-25T08:32:03+0200,cfe43b62-de54-4c74-8f9f-70948ee9d4b6,2026-05-30T16:30:00Z,2026-05-30T18:30:00+0200,47981.957645,MW,DE,DE_LU,forecast_load,Forecasted Load,2026-06-25T06:33:39Z
2026-06-25T06:32:03Z,2026-06-25T08:32:03+0200,cfe43b62-de54-4c74-8f9f-70948ee9d4b6,2026-05-30T16:45:00Z,2026-05-30T18:45:00+0200,48444.769597,MW,DE,DE_LU,forecast_load,Forecasted Load,2026-06-25T06:33:39Z
2026-06-25T06:32:03Z,2026-06-25T08:32:03+0200,cfe43b62-de54-4c74-8f9f-70948ee9d4b6,2026-05-30T17:00:00Z,2026-05-30T19:00:00+0200,49123.555843,MW,DE,DE_LU,forecast_load,Forecasted Load,2026-06-25T06:33:39Z
2026-06-25T06:32:03Z,2026-06-25T08:32:03+0200,cfe43b62-de54-4c74-8f9f-70948ee9d4b6,2026-05-30T17:15:00Z,2026-05-30T19:15:00+0200,49138.876199,MW,DE,DE_LU,forecast_load,Forecasted Load,2026-06-25T06:33:39Z
2026-06-25T06:32:03Z,2026-06-25T08:32:03+0200,cfe43b62-de54-4c74-8f9f-70948ee9d4b6,2026-05-30T17:30:00Z,2026-05-30T19:30:00+0200,48981.902655,MW,DE,DE_LU,forecast_load,Forecasted Load,2026-06-25T06:33:39Z
2026-06-25T06:32:03Z,2026-06-25T08:32:03+0200,cfe43b62-de54-4c74-8f9f-70948ee9d4b6,2026-05-30T17:45:00Z,2026-05-30T19:45:00+0200,48743.1972,MW,DE,DE_LU,forecast_load,Forecasted Load,2026-06-25T06:33:39Z
2026-06-25T06:32:03Z,2026-06-25T08:32:03+0200,cfe43b62-de54-4c74-8f9f-70948ee9d4b6,2026-05-30T18:00:00Z,2026-05-30T20:00:00+0200,48594.781572,MW,DE,DE_LU,forecast_load,Forecasted Load,2026-06-25T06:33:39Z
2026-06-25T06:32:03Z,2026-06-25T08:32:03+0200,cfe43b62-de54-4c74-8f9f-70948ee9d4b6,2026-05-30T18:15:00Z,2026-05-30T20:15:00+0200,48084.508792,MW,DE,DE_LU,forecast_load,Forecasted Load,2026-06-25T06:33:39Z
2026-06-25T06:32:03Z,2026-06-25T08:32:03+0200,cfe43b62-de54-4c74-8f9f-70948ee9d4b6,2026-05-30T18:30:00Z,2026-05-30T20:30:00+0200,47739.397503,MW,DE,DE_LU,forecast_load,Forecasted Load,2026-06-25T06:33:39Z
2026-06-25T06:32:03Z,2026-06-25T08:32:03+0200,cfe43b62-de54-4c74-8f9f-70948ee9d4b6,2026-05-30T18:45:00Z,2026-05-30T20:45:00+0200,47301.479828,MW,DE,DE_LU,forecast_load,Forecasted Load,2026-06-25T06:33:39Z
2026-06-25T06:32:03Z,2026-06-25T08:32:03+0200,cfe43b62-de54-4c74-8f9f-70948ee9d4b6,2026-05-30T19:00:00Z,2026-05-30T21:00:00+0200,46867.637468,MW,DE,DE_LU,forecast_load,Forecasted Load,2026-06-25T06:33:39Z
2026-06-25T06:32:03Z,2026-06-25T08:32:03+0200,cfe43b62-de54-4c74-8f9f-70948ee9d4b6,2026-05-30T19:15:00Z,2026-05-30T21:15:00+0200,46520.28212,MW,DE,DE_LU,forecast_load,Forecasted Load,2026-06-25T06:33:39Z
2026-06-25T06:32:03Z,2026-06-25T08:32:03+0200,cfe43b62-de54-4c74-8f9f-70948ee9d4b6,2026-05-30T19:30:00Z,2026-05-30T21:30:00+0200,46163.523698,MW,DE,DE_LU,forecast_load,Forecasted Load,2026-06-25T06:33:39Z
2026-06-25T06:32:03Z,2026-06-25T08:32:03+0200,cfe43b62-de54-4c74-8f9f-70948ee9d4b6,2026-05-30T19:45:00Z,2026-05-30T21:45:00+0200,45858.296483,MW,DE,DE_LU,forecast_load,Forecasted Load,2026-06-25T06:33:39Z
2026-06-25T06:32:03Z,2026-06-25T08:32:03+0200,cfe43b62-de54-4c74-8f9f-70948ee9d4b6,2026-05-30T20:00:00Z,2026-05-30T22:00:00+0200,45354.890497,MW,DE,DE_LU,forecast_load,Forecasted Load,2026-06-25T06:33:39Z
2026-06-25T06:32:03Z,2026-06-25T08:32:03+0200,cfe43b62-de54-4c74-8f9f-70948ee9d4b6,2026-05-30T20:15:00Z,2026-05-30T22:15:00+0200,44946.020382,MW,DE,DE_LU,forecast_load,Forecasted Load,2026-06-25T06:33:39Z
2026-06-25T06:32:03Z,2026-06-25T08:32:03+0200,cfe43b62-de54-4c74-8f9f-70948ee9d4b6,2026-05-30T20:30:00Z,2026-05-30T22:30:00+0200,44464.825978,MW,DE,DE_LU,forecast_load,Forecasted Load,2026-06-25T06:33:39Z
2026-06-25T06:32:03Z,2026-06-25T08:32:03+0200,cfe43b62-de54-4c74-8f9f-70948ee9d4b6,2026-05-30T20:45:00Z,2026-05-30T22:45:00+0200,43826.496613,MW,DE,DE_LU,forecast_load,Forecasted Load,2026-06-25T06:33:39Z
2026-06-25T06:32:03Z,2026-06-25T08:32:03+0200,cfe43b62-de54-4c74-8f9f-70948ee9d4b6,2026-05-30T21:00:00Z,2026-05-30T23:00:00+0200,43203.403943,MW,DE,DE_LU,forecast_load,Forecasted Load,2026-06-25T06:33:39Z
2026-06-25T06:32:03Z,2026-06-25T08:32:03+0200,cfe43b62-de54-4c74-8f9f-70948ee9d4b6,2026-05-30T21:15:00Z,2026-05-30T23:15:00+0200,42644.947345,MW,DE,DE_LU,forecast_load,Forecasted Load,2026-06-25T06:33:39Z
2026-06-25T06:32:03Z,2026-06-25T08:32:03+0200,cfe43b62-de54-4c74-8f9f-70948ee9d4b6,2026-05-30T21:30:00Z,2026-05-30T23:30:00+0200,42096.559328,MW,DE,DE_LU,forecast_load,Forecasted Load,2026-06-25T06:33:39Z
2026-06-25T06:32:03Z,2026-06-25T08:32:03+0200,cfe43b62-de54-4c74-8f9f-70948ee9d4b6,2026-05-30T21:45:00Z,2026-05-30T23:45:00+0200,41528.883193,MW,DE,DE_LU,forecast_load,Forecasted Load,2026-06-25T06:33:39Z
2026-06-25T06:32:03Z,2026-06-25T08:32:03+0200,cfe43b62-de54-4c74-8f9f-70948ee9d4b6,2026-05-30T22:00:00Z,2026-05-31T00:00:00+0200,41672.619598,MW,DE,DE_LU,forecast_load,Forecasted Load,2026-06-25T06:33:39Z
2026-06-25T06:32:03Z,2026-06-25T08:32:03+0200,cfe43b62-de54-4c74-8f9f-70948ee9d4b6,2026-05-30T22:15:00Z,2026-05-31T00:15:00+0200,41143.915397,MW,DE,DE_LU,forecast_load,Forecasted Load,2026-06-25T06:33:39Z
2026-06-25T06:32:03Z,2026-06-25T08:32:03+0200,cfe43b62-de54-4c74-8f9f-70948ee9d4b6,2026-05-30T22:30:00Z,2026-05-31T00:30:00+0200,40665.47149,MW,DE,DE_LU,forecast_load,Forecasted Load,2026-06-25T06:33:39Z
2026-06-25T06:32:03Z,2026-06-25T08:32:03+0200,cfe43b62-de54-4c74-8f9f-70948ee9d4b6,2026-05-30T22:45:00Z,2026-05-31T00:45:00+0200,40229.220031,MW,DE,DE_LU,forecast_load,Forecasted Load,2026-06-25T06:33:39Z
2026-06-25T06:32:03Z,2026-06-25T08:32:03+0200,cfe43b62-de54-4c74-8f9f-70948ee9d4b6,2026-05-30T23:00:00Z,2026-05-31T01:00:00+0200,39794.373727,MW,DE,DE_LU,forecast_load,Forecasted Load,2026-06-25T06:33:39Z
2026-06-25T06:32:03Z,2026-06-25T08:32:03+0200,cfe43b62-de54-4c74-8f9f-70948ee9d4b6,2026-05-30T23:15:00Z,2026-05-31T01:15:00+0200,39377.128357,MW,DE,DE_LU,forecast_load,Forecasted Load,2026-06-25T06:33:39Z
2026-06-25T06:32:03Z,2026-06-25T08:32:03+0200,cfe43b62-de54-4c74-8f9f-70948ee9d4b6,2026-05-30T23:30:00Z,2026-05-31T01:30:00+0200,39046.136397,MW,DE,DE_LU,forecast_load,Forecasted Load,2026-06-25T06:33:39Z
2026-06-25T06:32:03Z,2026-06-25T08:32:03+0200,cfe43b62-de54-4c74-8f9f-70948ee9d4b6,2026-05-30T23:45:00Z,2026-05-31T01:45:00+0200,38755.359227,MW,DE,DE_LU,forecast_load,Forecasted Load,2026-06-25T06:33:39Z
2026-06-25T06:32:03Z,2026-06-25T08:32:03+0200,cfe43b62-de54-4c74-8f9f-70948ee9d4b6,2026-05-31T00:00:00Z,2026-05-31T02:00:00+0200,38511.284731,MW,DE,DE_LU,forecast_load,Forecasted Load,2026-06-25T06:33:39Z
2026-06-25T06:32:03Z,2026-06-25T08:32:03+0200,cfe43b62-de54-4c74-8f9f-70948ee9d4b6,2026-05-31T00:15:00Z,2026-05-31T02:15:00+0200,38106.038596,MW,DE,DE_LU,forecast_load,Forecasted Load,2026-06-25T06:33:39Z
2026-06-25T06:32:03Z,2026-06-25T08:32:03+0200,cfe43b62-de54-4c74-8f9f-70948ee9d4b6,2026-05-31T00:30:00Z,2026-05-31T02:30:00+0200,37958.07976,MW,DE,DE_LU,forecast_load,Forecasted Load,2026-06-25T06:33:39Z
2026-06-25T06:32:03Z,2026-06-25T08:32:03+0200,cfe43b62-de54-4c74-8f9f-70948ee9d4b6,2026-05-31T00:45:00Z,2026-05-31T02:45:00+0200,37863.373373,MW,DE,DE_LU,forecast_load,Forecasted Load,2026-06-25T06:33:39Z
2026-06-25T06:32:03Z,2026-06-25T08:32:03+0200,cfe43b62-de54-4c74-8f9f-70948ee9d4b6,2026-05-31T01:00:00Z,2026-05-31T03:00:00+0200,37852.210531,MW,DE,DE_LU,forecast_load,Forecasted Load,2026-06-25T06:33:39Z
2026-06-25T06:32:03Z,2026-06-25T08:32:03+0200,cfe43b62-de54-4c74-8f9f-70948ee9d4b6,2026-05-31T01:15:00Z,2026-05-31T03:15:00+0200,37707.629387,MW,DE,DE_LU,forecast_load,Forecasted Load,2026-06-25T06:33:39Z
2026-06-25T06:32:03Z,2026-06-25T08:32:03+0200,cfe43b62-de54-4c74-8f9f-70948ee9d4b6,2026-05-31T01:30:00Z,2026-05-31T03:30:00+0200,37621.836024,MW,DE,DE_LU,forecast_load,Forecasted Load,2026-06-25T06:33:39Z
2026-06-25T06:32:03Z,2026-06-25T08:32:03+0200,cfe43b62-de54-4c74-8f9f-70948ee9d4b6,2026-05-31T01:45:00Z,2026-05-31T03:45:00+0200,37704.87515,MW,DE,DE_LU,forecast_load,Forecasted Load,2026-06-25T06:33:39Z
2026-06-25T06:32:03Z,2026-06-25T08:32:03+0200,cfe43b62-de54-4c74-8f9f-70948ee9d4b6,2026-05-31T02:00:00Z,2026-05-31T04:00:00+0200,37787.509701,MW,DE,DE_LU,forecast_load,Forecasted Load,2026-06-25T06:33:39Z
2026-06-25T06:32:03Z,2026-06-25T08:32:03+0200,cfe43b62-de54-4c74-8f9f-70948ee9d4b6,2026-05-31T02:15:00Z,2026-05-31T04:15:00+0200,37873.145259,MW,DE,DE_LU,forecast_load,Forecasted Load,2026-06-25T06:33:39Z
2026-06-25T06:32:03Z,2026-06-25T08:32:03+0200,cfe43b62-de54-4c74-8f9f-70948ee9d4b6,2026-05-31T02:30:00Z,2026-05-31T04:30:00+0200,37944.481643,MW,DE,DE_LU,forecast_load,Forecasted Load,2026-06-25T06:33:39Z
2026-06-25T06:32:03Z,2026-06-25T08:32:03+0200,cfe43b62-de54-4c74-8f9f-70948ee9d4b6,2026-05-31T02:45:00Z,2026-05-31T04:45:00+0200,38044.529424,MW,DE,DE_LU,forecast_load,Forecasted Load,2026-06-25T06:33:39Z
2026-06-25T06:32:03Z,2026-06-25T08:32:03+0200,cfe43b62-de54-4c74-8f9f-70948ee9d4b6,2026-05-31T03:00:00Z,2026-05-31T05:00:00+0200,38410.321738,MW,DE,DE_LU,forecast_load,Forecasted Load,2026-06-25T06:33:39Z
2026-06-25T06:32:03Z,2026-06-25T08:32:03+0200,cfe43b62-de54-4c74-8f9f-70948ee9d4b6,2026-05-31T03:15:00Z,2026-05-31T05:15:00+0200,38086.003492,MW,DE,DE_LU,forecast_load,Forecasted Load,2026-06-25T06:33:39Z
2026-06-25T06:32:03Z,2026-06-25T08:32:03+0200,cfe43b62-de54-4c74-8f9f-70948ee9d4b6,2026-05-31T03:30:00Z,2026-05-31T05:30:00+0200,37996.000794,MW,DE,DE_LU,forecast_load,Forecasted Load,2026-06-25T06:33:39Z
2026-06-25T06:32:03Z,2026-06-25T08:32:03+0200,cfe43b62-de54-4c74-8f9f-70948ee9d4b6,2026-05-31T03:45:00Z,2026-05-31T05:45:00+0200,39172.352082,MW,DE,DE_LU,forecast_load,Forecasted Load,2026-06-25T06:33:39Z
2026-06-25T06:32:03Z,2026-06-25T08:32:03+0200,cfe43b62-de54-4c74-8f9f-70948ee9d4b6,2026-05-31T04:00:00Z,2026-05-31T06:00:00+0200,40291.760094,MW,DE,DE_LU,forecast_load,Forecasted Load,2026-06-25T06:33:39Z
2026-06-25T06:32:03Z,2026-06-25T08:32:03+0200,cfe43b62-de54-4c74-8f9f-70948ee9d4b6,2026-05-31T04:15:00Z,2026-05-31T06:15:00+0200,39677.477374,MW,DE,DE_LU,forecast_load,Forecasted Load,2026-06-25T06:33:39Z
2026-06-25T06:32:03Z,2026-06-25T08:32:03+0200,cfe43b62-de54-4c74-8f9f-70948ee9d4b6,2026-05-31T04:30:00Z,2026-05-31T06:30:00+0200,40595.603944,MW,DE,DE_LU,forecast_load,Forecasted Load,2026-06-25T06:33:39Z
2026-06-25T06:32:03Z,2026-06-25T08:32:03+0200,cfe43b62-de54-4c74-8f9f-70948ee9d4b6,2026-05-31T04:45:00Z,2026-05-31T06:45:00+0200,40671.369688,MW,DE,DE_LU,forecast_load,Forecasted Load,2026-06-25T06:33:39Z
2026-06-25T06:32:03Z,2026-06-25T08:32:03+0200,cfe43b62-de54-4c74-8f9f-70948ee9d4b6,2026-05-31T05:00:00Z,2026-05-31T07:00:00+0200,41347.556729,MW,DE,DE_LU,forecast_load,Forecasted Load,2026-06-25T06:33:39Z
2026-06-25T06:32:03Z,2026-06-25T08:32:03+0200,cfe43b62-de54-4c74-8f9f-70948ee9d4b6,2026-05-31T05:15:00Z,2026-05-31T07:15:00+0200,42020.394405,MW,DE,DE_LU,forecast_load,Forecasted Load,2026-06-25T06:33:39Z
2026-06-25T06:32:03Z,2026-06-25T08:32:03+0200,cfe43b62-de54-4c74-8f9f-70948ee9d4b6,2026-05-31T05:30:00Z,2026-05-31T07:30:00+0200,42749.005389,MW,DE,DE_LU,forecast_load,Forecasted Load,2026-06-25T06:33:39Z
2026-06-25T06:32:03Z,2026-06-25T08:32:03+0200,cfe43b62-de54-4c74-8f9f-70948ee9d4b6,2026-05-31T05:45:00Z,2026-05-31T07:45:00+0200,43270.536778,MW,DE,DE_LU,forecast_load,Forecasted Load,2026-06-25T06:33:39Z
2026-06-25T06:32:03Z,2026-06-25T08:32:03+0200,cfe43b62-de54-4c74-8f9f-70948ee9d4b6,2026-05-31T06:00:00Z,2026-05-31T08:00:00+0200,43910.484942,MW,DE,DE_LU,forecast_load,Forecasted Load,2026-06-25T06:33:39Z
2026-06-25T06:32:03Z,2026-06-25T08:32:03+0200,cfe43b62-de54-4c74-8f9f-70948ee9d4b6,2026-05-31T06:15:00Z,2026-05-31T08:15:00+0200,44845.302822,MW,DE,DE_LU,forecast_load,Forecasted Load,2026-06-25T06:33:39Z
2026-06-25T06:32:03Z,2026-06-25T08:32:03+0200,cfe43b62-de54-4c74-8f9f-70948ee9d4b6,2026-05-31T06:30:00Z,2026-05-31T08:30:00+0200,45627.926111,MW,DE,DE_LU,forecast_load,Forecasted Load,2026-06-25T06:33:39Z
2026-06-25T06:32:03Z,2026-06-25T08:32:03+0200,cfe43b62-de54-4c74-8f9f-70948ee9d4b6,2026-05-31T06:45:00Z,2026-05-31T08:45:00+0200,45996.468066,MW,DE,DE_LU,forecast_load,Forecasted Load,2026-06-25T06:33:39Z
2026-06-25T06:32:03Z,2026-06-25T08:32:03+0200,cfe43b62-de54-4c74-8f9f-70948ee9d4b6,2026-05-31T07:00:00Z,2026-05-31T09:00:00+0200,46198.825579,MW,DE,DE_LU,forecast_load,Forecasted Load,2026-06-25T06:33:39Z
2026-06-25T06:32:03Z,2026-06-25T08:32:03+0200,cfe43b62-de54-4c74-8f9f-70948ee9d4b6,2026-05-31T07:15:00Z,2026-05-31T09:15:00+0200,46793.988094,MW,DE,DE_LU,forecast_load,Forecasted Load,2026-06-25T06:33:39Z
2026-06-25T06:32:03Z,2026-06-25T08:32:03+0200,cfe43b62-de54-4c74-8f9f-70948ee9d4b6,2026-05-31T07:30:00Z,2026-05-31T09:30:00+0200,47441.346784,MW,DE,DE_LU,forecast_load,Forecasted Load,2026-06-25T06:33:39Z
2026-06-25T06:32:03Z,2026-06-25T08:32:03+0200,cfe43b62-de54-4c74-8f9f-70948ee9d4b6,2026-05-31T07:45:00Z,2026-05-31T09:45:00+0200,48027.422551,MW,DE,DE_LU,forecast_load,Forecasted Load,2026-06-25T06:33:39Z
2026-06-25T06:32:03Z,2026-06-25T08:32:03+0200,cfe43b62-de54-4c74-8f9f-70948ee9d4b6,2026-05-31T08:00:00Z,2026-05-31T10:00:00+0200,48576.308553,MW,DE,DE_LU,forecast_load,Forecasted Load,2026-06-25T06:33:39Z
2026-06-25T06:32:03Z,2026-06-25T08:32:03+0200,cfe43b62-de54-4c74-8f9f-70948ee9d4b6,2026-05-31T08:15:00Z,2026-05-31T10:15:00+0200,48841.443252,MW,DE,DE_LU,forecast_load,Forecasted Load,2026-06-25T06:33:39Z
2026-06-25T06:32:03Z,2026-06-25T08:32:03+0200,cfe43b62-de54-4c74-8f9f-70948ee9d4b6,2026-05-31T08:30:00Z,2026-05-31T10:30:00+0200,48998.162161,MW,DE,DE_LU,forecast_load,Forecasted Load,2026-06-25T06:33:39Z
2026-06-25T06:32:03Z,2026-06-25T08:32:03+0200,cfe43b62-de54-4c74-8f9f-70948ee9d4b6,2026-05-31T08:45:00Z,2026-05-31T10:45:00+0200,49284.374422,MW,DE,DE_LU,forecast_load,Forecasted Load,2026-06-25T06:33:39Z
2026-06-25T06:32:03Z,2026-06-25T08:32:03+0200,cfe43b62-de54-4c74-8f9f-70948ee9d4b6,2026-05-31T09:00:00Z,2026-05-31T11:00:00+0200,49392.487154,MW,DE,DE_LU,forecast_load,Forecasted Load,2026-06-25T06:33:39Z
2026-06-25T06:32:03Z,2026-06-25T08:32:03+0200,cfe43b62-de54-4c74-8f9f-70948ee9d4b6,2026-05-31T09:15:00Z,2026-05-31T11:15:00+0200,49317.25252,MW,DE,DE_LU,forecast_load,Forecasted Load,2026-06-25T06:33:39Z
2026-06-25T06:32:03Z,2026-06-25T08:32:03+0200,cfe43b62-de54-4c74-8f9f-70948ee9d4b6,2026-05-31T09:30:00Z,2026-05-31T11:30:00+0200,49441.170005,MW,DE,DE_LU,forecast_load,Forecasted Load,2026-06-25T06:33:39Z
2026-06-25T06:32:03Z,2026-06-25T08:32:03+0200,cfe43b62-de54-4c74-8f9f-70948ee9d4b6,2026-05-31T09:45:00Z,2026-05-31T11:45:00+0200,49312.625671,MW,DE,DE_LU,forecast_load,Forecasted Load,2026-06-25T06:33:39Z
2026-06-25T06:32:03Z,2026-06-25T08:32:03+0200,cfe43b62-de54-4c74-8f9f-70948ee9d4b6,2026-05-31T10:00:00Z,2026-05-31T12:00:00+0200,49279.884215,MW,DE,DE_LU,forecast_load,Forecasted Load,2026-06-25T06:33:39Z
2026-06-25T06:32:03Z,2026-06-25T08:32:03+0200,cfe43b62-de54-4c74-8f9f-70948ee9d4b6,2026-05-31T10:15:00Z,2026-05-31T12:15:00+0200,48891.131147,MW,DE,DE_LU,forecast_load,Forecasted Load,2026-06-25T06:33:39Z
2026-06-25T06:32:03Z,2026-06-25T08:32:03+0200,cfe43b62-de54-4c74-8f9f-70948ee9d4b6,2026-05-31T10:30:00Z,2026-05-31T12:30:00+0200,48943.203023,MW,DE,DE_LU,forecast_load,Forecasted Load,2026-06-25T06:33:39Z
2026-06-25T06:32:03Z,2026-06-25T08:32:03+0200,cfe43b62-de54-4c74-8f9f-70948ee9d4b6,2026-05-31T10:45:00Z,2026-05-31T12:45:00+0200,48805.13181,MW,DE,DE_LU,forecast_load,Forecasted Load,2026-06-25T06:33:39Z
2026-06-25T06:32:03Z,2026-06-25T08:32:03+0200,cfe43b62-de54-4c74-8f9f-70948ee9d4b6,2026-05-31T11:00:00Z,2026-05-31T13:00:00+0200,48320.783987,MW,DE,DE_LU,forecast_load,Forecasted Load,2026-06-25T06:33:39Z
2026-06-25T06:32:03Z,2026-06-25T08:32:03+0200,cfe43b62-de54-4c74-8f9f-70948ee9d4b6,2026-05-31T11:15:00Z,2026-05-31T13:15:00+0200,48472.768506,MW,DE,DE_LU,forecast_load,Forecasted Load,2026-06-25T06:33:39Z
2026-06-25T06:32:03Z,2026-06-25T08:32:03+0200,cfe43b62-de54-4c74-8f9f-70948ee9d4b6,2026-05-31T11:30:00Z,2026-05-31T13:30:00+0200,48135.913947,MW,DE,DE_LU,forecast_load,Forecasted Load,2026-06-25T06:33:39Z
2026-06-25T06:32:03Z,2026-06-25T08:32:03+0200,cfe43b62-de54-4c74-8f9f-70948ee9d4b6,2026-05-31T11:45:00Z,2026-05-31T13:45:00+0200,47509.337479,MW,DE,DE_LU,forecast_load,Forecasted Load,2026-06-25T06:33:39Z
2026-06-25T06:32:03Z,2026-06-25T08:32:03+0200,cfe43b62-de54-4c74-8f9f-70948ee9d4b6,2026-05-31T12:00:00Z,2026-05-31T14:00:00+0200,47339.037103,MW,DE,DE_LU,forecast_load,Forecasted Load,2026-06-25T06:33:39Z
2026-06-25T06:32:03Z,2026-06-25T08:32:03+0200,cfe43b62-de54-4c74-8f9f-70948ee9d4b6,2026-05-31T12:15:00Z,2026-05-31T14:15:00+0200,46738.212691,MW,DE,DE_LU,forecast_load,Forecasted Load,2026-06-25T06:33:39Z
2026-06-25T06:32:03Z,2026-06-25T08:32:03+0200,cfe43b62-de54-4c74-8f9f-70948ee9d4b6,2026-05-31T12:30:00Z,2026-05-31T14:30:00+0200,46690.285984,MW,DE,DE_LU,forecast_load,Forecasted Load,2026-06-25T06:33:39Z
2026-06-25T06:32:03Z,2026-06-25T08:32:03+0200,cfe43b62-de54-4c74-8f9f-70948ee9d4b6,2026-05-31T12:45:00Z,2026-05-31T14:45:00+0200,46340.103343,MW,DE,DE_LU,forecast_load,Forecasted Load,2026-06-25T06:33:39Z
2026-06-25T06:32:03Z,2026-06-25T08:32:03+0200,cfe43b62-de54-4c74-8f9f-70948ee9d4b6,2026-05-31T13:00:00Z,2026-05-31T15:00:00+0200,46370.061684,MW,DE,DE_LU,forecast_load,Forecasted Load,2026-06-25T06:33:39Z
2026-06-25T06:32:03Z,2026-06-25T08:32:03+0200,cfe43b62-de54-4c74-8f9f-70948ee9d4b6,2026-05-31T13:15:00Z,2026-05-31T15:15:00+0200,46114.465217,MW,DE,DE_LU,forecast_load,Forecasted Load,2026-06-25T06:33:39Z
2026-06-25T06:32:03Z,2026-06-25T08:32:03+0200,cfe43b62-de54-4c74-8f9f-70948ee9d4b6,2026-05-31T13:30:00Z,2026-05-31T15:30:00+0200,45559.8934,MW,DE,DE_LU,forecast_load,Forecasted Load,2026-06-25T06:33:39Z
2026-06-25T06:32:03Z,2026-06-25T08:32:03+0200,cfe43b62-de54-4c74-8f9f-70948ee9d4b6,2026-05-31T13:45:00Z,2026-05-31T15:45:00+0200,45316.332998,MW,DE,DE_LU,forecast_load,Forecasted Load,2026-06-25T06:33:39Z
2026-06-25T06:32:03Z,2026-06-25T08:32:03+0200,cfe43b62-de54-4c74-8f9f-70948ee9d4b6,2026-05-31T14:00:00Z,2026-05-31T16:00:00+0200,45921.16303,MW,DE,DE_LU,forecast_load,Forecasted Load,2026-06-25T06:33:39Z
2026-06-25T06:32:03Z,2026-06-25T08:32:03+0200,cfe43b62-de54-4c74-8f9f-70948ee9d4b6,2026-05-31T14:15:00Z,2026-05-31T16:15:00+0200,46059.564397,MW,DE,DE_LU,forecast_load,Forecasted Load,2026-06-25T06:33:39Z
2026-06-25T06:32:03Z,2026-06-25T08:32:03+0200,cfe43b62-de54-4c74-8f9f-70948ee9d4b6,2026-05-31T14:30:00Z,2026-05-31T16:30:00+0200,45990.90622,MW,DE,DE_LU,forecast_load,Forecasted Load,2026-06-25T06:33:39Z
2026-06-25T06:32:03Z,2026-06-25T08:32:03+0200,cfe43b62-de54-4c74-8f9f-70948ee9d4b6,2026-05-31T14:45:00Z,2026-05-31T16:45:00+0200,46162.558846,MW,DE,DE_LU,forecast_load,Forecasted Load,2026-06-25T06:33:39Z
2026-06-25T06:32:03Z,2026-06-25T08:32:03+0200,cfe43b62-de54-4c74-8f9f-70948ee9d4b6,2026-05-31T15:00:00Z,2026-05-31T17:00:00+0200,47014.417763,MW,DE,DE_LU,forecast_load,Forecasted Load,2026-06-25T06:33:39Z
2026-06-25T06:32:03Z,2026-06-25T08:32:03+0200,cfe43b62-de54-4c74-8f9f-70948ee9d4b6,2026-05-31T15:15:00Z,2026-05-31T17:15:00+0200,46864.915092,MW,DE,DE_LU,forecast_load,Forecasted Load,2026-06-25T06:33:39Z
2026-06-25T06:32:03Z,2026-06-25T08:32:03+0200,cfe43b62-de54-4c74-8f9f-70948ee9d4b6,2026-05-31T15:30:00Z,2026-05-31T17:30:00+0200,46738.130995,MW,DE,DE_LU,forecast_load,Forecasted Load,2026-06-25T06:33:39Z
2026-06-25T06:32:03Z,2026-06-25T08:32:03+0200,cfe43b62-de54-4c74-8f9f-70948ee9d4b6,2026-05-31T15:45:00Z,2026-05-31T17:45:00+0200,47070.046843,MW,DE,DE_LU,forecast_load,Forecasted Load,2026-06-25T06:33:39Z
2026-06-25T06:32:03Z,2026-06-25T08:32:03+0200,cfe43b62-de54-4c74-8f9f-70948ee9d4b6,2026-05-31T16:00:00Z,2026-05-31T18:00:00+0200,47888.667005,MW,DE,DE_LU,forecast_load,Forecasted Load,2026-06-25T06:33:39Z
2026-06-25T06:32:03Z,2026-06-25T08:32:03+0200,cfe43b62-de54-4c74-8f9f-70948ee9d4b6,2026-05-31T16:15:00Z,2026-05-31T18:15:00+0200,48002.83462,MW,DE,DE_LU,forecast_load,Forecasted Load,2026-06-25T06:33:39Z
2026-06-25T06:32:03Z,2026-06-25T08:32:03+0200,cfe43b62-de54-4c74-8f9f-70948ee9d4b6,2026-05-31T16:30:00Z,2026-05-31T18:30:00+0200,48432.986955,MW,DE,DE_LU,forecast_load,Forecasted Load,2026-06-25T06:33:39Z
2026-06-25T06:32:03Z,2026-06-25T08:32:03+0200,cfe43b62-de54-4c74-8f9f-70948ee9d4b6,2026-05-31T16:45:00Z,2026-05-31T18:45:00+0200,48978.461418,MW,DE,DE_LU,forecast_load,Forecasted Load,2026-06-25T06:33:39Z
2026-06-25T06:32:03Z,2026-06-25T08:32:03+0200,cfe43b62-de54-4c74-8f9f-70948ee9d4b6,2026-05-31T17:00:00Z,2026-05-31T19:00:00+0200,49542.179061,MW,DE,DE_LU,forecast_load,Forecasted Load,2026-06-25T06:33:39Z
2026-06-25T06:32:03Z,2026-06-25T08:32:03+0200,cfe43b62-de54-4c74-8f9f-70948ee9d4b6,2026-05-31T17:15:00Z,2026-05-31T19:15:00+0200,49883.724768,MW,DE,DE_LU,forecast_load,Forecasted Load,2026-06-25T06:33:39Z
2026-06-25T06:32:03Z,2026-06-25T08:32:03+0200,cfe43b62-de54-4c74-8f9f-70948ee9d4b6,2026-05-31T17:30:00Z,2026-05-31T19:30:00+0200,49983.302808,MW,DE,DE_LU,forecast_load,Forecasted Load,2026-06-25T06:33:39Z
2026-06-25T06:32:03Z,2026-06-25T08:32:03+0200,cfe43b62-de54-4c74-8f9f-70948ee9d4b6,2026-05-31T17:45:00Z,2026-05-31T19:45:00+0200,49853.712023,MW,DE,DE_LU,forecast_load,Forecasted Load,2026-06-25T06:33:39Z
2026-06-25T06:32:03Z,2026-06-25T08:32:03+0200,cfe43b62-de54-4c74-8f9f-70948ee9d4b6,2026-05-31T18:00:00Z,2026-05-31T20:00:00+0200,49787.499258,MW,DE,DE_LU,forecast_load,Forecasted Load,2026-06-25T06:33:39Z
2026-06-25T06:32:03Z,2026-06-25T08:32:03+0200,cfe43b62-de54-4c74-8f9f-70948ee9d4b6,2026-05-31T18:15:00Z,2026-05-31T20:15:00+0200,49783.09981,MW,DE,DE_LU,forecast_load,Forecasted Load,2026-06-25T06:33:39Z
2026-06-25T06:32:03Z,2026-06-25T08:32:03+0200,cfe43b62-de54-4c74-8f9f-70948ee9d4b6,2026-05-31T18:30:00Z,2026-05-31T20:30:00+0200,49335.030547,MW,DE,DE_LU,forecast_load,Forecasted Load,2026-06-25T06:33:39Z
2026-06-25T06:32:03Z,2026-06-25T08:32:03+0200,cfe43b62-de54-4c74-8f9f-70948ee9d4b6,2026-05-31T18:45:00Z,2026-05-31T20:45:00+0200,48758.767751,MW,DE,DE_LU,forecast_load,Forecasted Load,2026-06-25T06:33:39Z
2026-06-25T06:32:03Z,2026-06-25T08:32:03+0200,cfe43b62-de54-4c74-8f9f-70948ee9d4b6,2026-05-31T19:00:00Z,2026-05-31T21:00:00+0200,48643.470722,MW,DE,DE_LU,forecast_load,Forecasted Load,2026-06-25T06:33:39Z
2026-06-25T06:32:03Z,2026-06-25T08:32:03+0200,cfe43b62-de54-4c74-8f9f-70948ee9d4b6,2026-05-31T19:15:00Z,2026-05-31T21:15:00+0200,48254.399887,MW,DE,DE_LU,forecast_load,Forecasted Load,2026-06-25T06:33:39Z
2026-06-25T06:32:03Z,2026-06-25T08:32:03+0200,cfe43b62-de54-4c74-8f9f-70948ee9d4b6,2026-05-31T19:30:00Z,2026-05-31T21:30:00+0200,47833.395756,MW,DE,DE_LU,forecast_load,Forecasted Load,2026-06-25T06:33:39Z
2026-06-25T06:32:03Z,2026-06-25T08:32:03+0200,cfe43b62-de54-4c74-8f9f-70948ee9d4b6,2026-05-31T19:45:00Z,2026-05-31T21:45:00+0200,47495.591676,MW,DE,DE_LU,forecast_load,Forecasted Load,2026-06-25T06:33:39Z
2026-06-25T06:32:03Z,2026-06-25T08:32:03+0200,cfe43b62-de54-4c74-8f9f-70948ee9d4b6,2026-05-31T20:00:00Z,2026-05-31T22:00:00+0200,47125.443443,MW,DE,DE_LU,forecast_load,Forecasted Load,2026-06-25T06:33:39Z
2026-06-25T06:32:03Z,2026-06-25T08:32:03+0200,cfe43b62-de54-4c74-8f9f-70948ee9d4b6,2026-05-31T20:15:00Z,2026-05-31T22:15:00+0200,46759.518206,MW,DE,DE_LU,forecast_load,Forecasted Load,2026-06-25T06:33:39Z
2026-06-25T06:32:03Z,2026-06-25T08:32:03+0200,cfe43b62-de54-4c74-8f9f-70948ee9d4b6,2026-05-31T20:30:00Z,2026-05-31T22:30:00+0200,46349.922214,MW,DE,DE_LU,forecast_load,Forecasted Load,2026-06-25T06:33:39Z
2026-06-25T06:32:03Z,2026-06-25T08:32:03+0200,cfe43b62-de54-4c74-8f9f-70948ee9d4b6,2026-05-31T20:45:00Z,2026-05-31T22:45:00+0200,45766.930895,MW,DE,DE_LU,forecast_load,Forecasted Load,2026-06-25T06:33:39Z
2026-06-25T06:32:03Z,2026-06-25T08:32:03+0200,cfe43b62-de54-4c74-8f9f-70948ee9d4b6,2026-05-31T21:00:00Z,2026-05-31T23:00:00+0200,45112.232773,MW,DE,DE_LU,forecast_load,Forecasted Load,2026-06-25T06:33:39Z
2026-06-25T06:32:03Z,2026-06-25T08:32:03+0200,cfe43b62-de54-4c74-8f9f-70948ee9d4b6,2026-05-31T21:15:00Z,2026-05-31T23:15:00+0200,44554.715537,MW,DE,DE_LU,forecast_load,Forecasted Load,2026-06-25T06:33:39Z
2026-06-25T06:32:03Z,2026-06-25T08:32:03+0200,cfe43b62-de54-4c74-8f9f-70948ee9d4b6,2026-05-31T21:30:00Z,2026-05-31T23:30:00+0200,44009.923823,MW,DE,DE_LU,forecast_load,Forecasted Load,2026-06-25T06:33:39Z
2026-06-25T06:32:03Z,2026-06-25T08:32:03+0200,cfe43b62-de54-4c74-8f9f-70948ee9d4b6,2026-05-31T21:45:00Z,2026-05-31T23:45:00+0200,43440.52108,MW,DE,DE_LU,forecast_load,Forecasted Load,2026-06-25T06:33:39Z
2026-06-25T06:32:03Z,2026-06-25T08:32:03+0200,cfe43b62-de54-4c74-8f9f-70948ee9d4b6,2026-05-31T22:00:00Z,2026-06-01T00:00:00+0200,41968.711786,MW,DE,DE_LU,forecast_load,Forecasted Load,2026-06-25T06:33:39Z
2026-06-25T06:32:03Z,2026-06-25T08:32:03+0200,cfe43b62-de54-4c74-8f9f-70948ee9d4b6,2026-05-31T22:15:00Z,2026-06-01T00:15:00+0200,41595.446477,MW,DE,DE_LU,forecast_load,Forecasted Load,2026-06-25T06:33:39Z
2026-06-25T06:32:03Z,2026-06-25T08:32:03+0200,cfe43b62-de54-4c74-8f9f-70948ee9d4b6,2026-05-31T22:30:00Z,2026-06-01T00:30:00+0200,41301.706025,MW,DE,DE_LU,forecast_load,Forecasted Load,2026-06-25T06:33:39Z
2026-06-25T06:32:03Z,2026-06-25T08:32:03+0200,cfe43b62-de54-4c74-8f9f-70948ee9d4b6,2026-05-31T22:45:00Z,2026-06-01T00:45:00+0200,40991.606046,MW,DE,DE_LU,forecast_load,Forecasted Load,2026-06-25T06:33:39Z
2026-06-25T06:32:03Z,2026-06-25T08:32:03+0200,cfe43b62-de54-4c74-8f9f-70948ee9d4b6,2026-05-31T23:00:00Z,2026-06-01T01:00:00+0200,40615.168825,MW,DE,DE_LU,forecast_load,Forecasted Load,2026-06-25T06:33:39Z
2026-06-25T06:32:03Z,2026-06-25T08:32:03+0200,cfe43b62-de54-4c74-8f9f-70948ee9d4b6,2026-05-31T23:15:00Z,2026-06-01T01:15:00+0200,40168.062742,MW,DE,DE_LU,forecast_load,Forecasted Load,2026-06-25T06:33:39Z
2026-06-25T06:32:03Z,2026-06-25T08:32:03+0200,cfe43b62-de54-4c74-8f9f-70948ee9d4b6,2026-05-31T23:30:00Z,2026-06-01T01:30:00+0200,39959.418819,MW,DE,DE_LU,forecast_load,Forecasted Load,2026-06-25T06:33:39Z
2026-06-25T06:32:03Z,2026-06-25T08:32:03+0200,cfe43b62-de54-4c74-8f9f-70948ee9d4b6,2026-05-31T23:45:00Z,2026-06-01T01:45:00+0200,39860.807916,MW,DE,DE_LU,forecast_load,Forecasted Load,2026-06-25T06:33:39Z
2026-06-25T06:32:03Z,2026-06-25T08:32:03+0200,cfe43b62-de54-4c74-8f9f-70948ee9d4b6,2026-06-01T00:00:00Z,2026-06-01T02:00:00+0200,39713.566856,MW,DE,DE_LU,forecast_load,Forecasted Load,2026-06-25T06:33:39Z
2026-06-25T06:32:03Z,2026-06-25T08:32:03+0200,cfe43b62-de54-4c74-8f9f-70948ee9d4b6,2026-06-01T00:15:00Z,2026-06-01T02:15:00+0200,39733.194486,MW,DE,DE_LU,forecast_load,Forecasted Load,2026-06-25T06:33:39Z
2026-06-25T06:32:03Z,2026-06-25T08:32:03+0200,cfe43b62-de54-4c74-8f9f-70948ee9d4b6,2026-06-01T00:30:00Z,2026-06-01T02:30:00+0200,39721.140869,MW,DE,DE_LU,forecast_load,Forecasted Load,2026-06-25T06:33:39Z
2026-06-25T06:32:03Z,2026-06-25T08:32:03+0200,cfe43b62-de54-4c74-8f9f-70948ee9d4b6,2026-06-01T00:45:00Z,2026-06-01T02:45:00+0200,39701.288944,MW,DE,DE_LU,forecast_load,Forecasted Load,2026-06-25T06:33:39Z
2026-06-25T06:32:03Z,2026-06-25T08:32:03+0200,cfe43b62-de54-4c74-8f9f-70948ee9d4b6,2026-06-01T01:00:00Z,2026-06-01T03:00:00+0200,39822.272371,MW,DE,DE_LU,forecast_load,Forecasted Load,2026-06-25T06:33:39Z
2026-06-25T06:32:03Z,2026-06-25T08:32:03+0200,cfe43b62-de54-4c74-8f9f-70948ee9d4b6,2026-06-01T01:15:00Z,2026-06-01T03:15:00+0200,39825.467707,MW,DE,DE_LU,forecast_load,Forecasted Load,2026-06-25T06:33:39Z
2026-06-25T06:32:03Z,2026-06-25T08:32:03+0200,cfe43b62-de54-4c74-8f9f-70948ee9d4b6,2026-06-01T01:30:00Z,2026-06-01T03:30:00+0200,40160.744811,MW,DE,DE_LU,forecast_load,Forecasted Load,2026-06-25T06:33:39Z
2026-06-25T06:32:03Z,2026-06-25T08:32:03+0200,cfe43b62-de54-4c74-8f9f-70948ee9d4b6,2026-06-01T01:45:00Z,2026-06-01T03:45:00+0200,40452.835452,MW,DE,DE_LU,forecast_load,Forecasted Load,2026-06-25T06:33:39Z
2026-06-25T06:32:03Z,2026-06-25T08:32:03+0200,cfe43b62-de54-4c74-8f9f-70948ee9d4b6,2026-06-01T02:00:00Z,2026-06-01T04:00:00+0200,40943.740373,MW,DE,DE_LU,forecast_load,Forecasted Load,2026-06-25T06:33:39Z
2026-06-25T06:32:03Z,2026-06-25T08:32:03+0200,cfe43b62-de54-4c74-8f9f-70948ee9d4b6,2026-06-01T02:15:00Z,2026-06-01T04:15:00+0200,41271.644014,MW,DE,DE_LU,forecast_load,Forecasted Load,2026-06-25T06:33:39Z
2026-06-25T06:32:03Z,2026-06-25T08:32:03+0200,cfe43b62-de54-4c74-8f9f-70948ee9d4b6,2026-06-01T02:30:00Z,2026-06-01T04:30:00+0200,41883.171883,MW,DE,DE_LU,forecast_load,Forecasted Load,2026-06-25T06:33:39Z
2026-06-25T06:32:03Z,2026-06-25T08:32:03+0200,cfe43b62-de54-4c74-8f9f-70948ee9d4b6,2026-06-01T02:45:00Z,2026-06-01T04:45:00+0200,42643.241636,MW,DE,DE_LU,forecast_load,Forecasted Load,2026-06-25T06:33:39Z
2026-06-25T06:32:03Z,2026-06-25T08:32:03+0200,cfe43b62-de54-4c74-8f9f-70948ee9d4b6,2026-06-01T03:00:00Z,2026-06-01T05:00:00+0200,43904.450991,MW,DE,DE_LU,forecast_load,Forecasted Load,2026-06-25T06:33:39Z
2026-06-25T06:32:03Z,2026-06-25T08:32:03+0200,cfe43b62-de54-4c74-8f9f-70948ee9d4b6,2026-06-01T03:15:00Z,2026-06-01T05:15:00+0200,44759.174045,MW,DE,DE_LU,forecast_load,Forecasted Load,2026-06-25T06:33:39Z
2026-06-25T06:32:03Z,2026-06-25T08:32:03+0200,cfe43b62-de54-4c74-8f9f-70948ee9d4b6,2026-06-01T03:30:00Z,2026-06-01T05:30:00+0200,46866.846317,MW,DE,DE_LU,forecast_load,Forecasted Load,2026-06-25T06:33:39Z
2026-06-25T06:32:03Z,2026-06-25T08:32:03+0200,cfe43b62-de54-4c74-8f9f-70948ee9d4b6,2026-06-01T03:45:00Z,2026-06-01T05:45:00+0200,49297.463242,MW,DE,DE_LU,forecast_load,Forecasted Load,2026-06-25T06:33:39Z
2026-06-25T06:32:03Z,2026-06-25T08:32:03+0200,cfe43b62-de54-4c74-8f9f-70948ee9d4b6,2026-06-01T04:00:00Z,2026-06-01T06:00:00+0200,52595.816606,MW,DE,DE_LU,forecast_load,Forecasted Load,2026-06-25T06:33:39Z
2026-06-25T06:32:03Z,2026-06-25T08:32:03+0200,cfe43b62-de54-4c74-8f9f-70948ee9d4b6,2026-06-01T04:15:00Z,2026-06-01T06:15:00+0200,52517.096827,MW,DE,DE_LU,forecast_load,Forecasted Load,2026-06-25T06:33:39Z
2026-06-25T06:32:03Z,2026-06-25T08:32:03+0200,cfe43b62-de54-4c74-8f9f-70948ee9d4b6,2026-06-01T04:30:00Z,2026-06-01T06:30:00+0200,53658.94043,MW,DE,DE_LU,forecast_load,Forecasted Load,2026-06-25T06:33:39Z
2026-06-25T06:32:03Z,2026-06-25T08:32:03+0200,cfe43b62-de54-4c74-8f9f-70948ee9d4b6,2026-06-01T04:45:00Z,2026-06-01T06:45:00+0200,55103.238348,MW,DE,DE_LU,forecast_load,Forecasted Load,2026-06-25T06:33:39Z
2026-06-25T06:32:03Z,2026-06-25T08:32:03+0200,cfe43b62-de54-4c74-8f9f-70948ee9d4b6,2026-06-01T05:00:00Z,2026-06-01T07:00:00+0200,56599.047651,MW,DE,DE_LU,forecast_load,Forecasted Load,2026-06-25T06:33:39Z
2026-06-25T06:32:03Z,2026-06-25T08:32:03+0200,cfe43b62-de54-4c74-8f9f-70948ee9d4b6,2026-06-01T05:15:00Z,2026-06-01T07:15:00+0200,57743.07801,MW,DE,DE_LU,forecast_load,Forecasted Load,2026-06-25T06:33:39Z
2026-06-25T06:32:03Z,2026-06-25T08:32:03+0200,cfe43b62-de54-4c74-8f9f-70948ee9d4b6,2026-06-01T05:30:00Z,2026-06-01T07:30:00+0200,58488.297959,MW,DE,DE_LU,forecast_load,Forecasted Load,2026-06-25T06:33:39Z
2026-06-25T06:32:03Z,2026-06-25T08:32:03+0200,cfe43b62-de54-4c74-8f9f-70948ee9d4b6,2026-06-01T05:45:00Z,2026-06-01T07:45:00+0200,58897.163528,MW,DE,DE_LU,forecast_load,Forecasted Load,2026-06-25T06:33:39Z
2026-06-25T06:32:03Z,2026-06-25T08:32:03+0200,cfe43b62-de54-4c74-8f9f-70948ee9d4b6,2026-06-01T06:00:00Z,2026-06-01T08:00:00+0200,59942.711509,MW,DE,DE_LU,forecast_load,Forecasted Load,2026-06-25T06:33:39Z
2026-06-25T06:32:03Z,2026-06-25T08:32:03+0200,cfe43b62-de54-4c74-8f9f-70948ee9d4b6,2026-06-01T06:15:00Z,2026-06-01T08:15:00+0200,60749.105401,MW,DE,DE_LU,forecast_load,Forecasted Load,2026-06-25T06:33:39Z
2026-06-25T06:32:03Z,2026-06-25T08:32:03+0200,cfe43b62-de54-4c74-8f9f-70948ee9d4b6,2026-06-01T06:30:00Z,2026-06-01T08:30:00+0200,61019.355641,MW,DE,DE_LU,forecast_load,Forecasted Load,2026-06-25T06:33:39Z
2026-06-25T06:32:03Z,2026-06-25T08:32:03+0200,cfe43b62-de54-4c74-8f9f-70948ee9d4b6,2026-06-01T06:45:00Z,2026-06-01T08:45:00+0200,60928.127494,MW,DE,DE_LU,forecast_load,Forecasted Load,2026-06-25T06:33:39Z
2026-06-25T06:32:03Z,2026-06-25T08:32:03+0200,cfe43b62-de54-4c74-8f9f-70948ee9d4b6,2026-06-01T07:00:00Z,2026-06-01T09:00:00+0200,60816.740573,MW,DE,DE_LU,forecast_load,Forecasted Load,2026-06-25T06:33:39Z
2026-06-25T06:32:03Z,2026-06-25T08:32:03+0200,cfe43b62-de54-4c74-8f9f-70948ee9d4b6,2026-06-01T07:15:00Z,2026-06-01T09:15:00+0200,60714.932407,MW,DE,DE_LU,forecast_load,Forecasted Load,2026-06-25T06:33:39Z
2026-06-25T06:32:03Z,2026-06-25T08:32:03+0200,cfe43b62-de54-4c74-8f9f-70948ee9d4b6,2026-06-01T07:30:00Z,2026-06-01T09:30:00+0200,61122.292847,MW,DE,DE_LU,forecast_load,Forecasted Load,2026-06-25T06:33:39Z
2026-06-25T06:32:03Z,2026-06-25T08:32:03+0200,cfe43b62-de54-4c74-8f9f-70948ee9d4b6,2026-06-01T07:45:00Z,2026-06-01T09:45:00+0200,61397.885301,MW,DE,DE_LU,forecast_load,Forecasted Load,2026-06-25T06:33:39Z
2026-06-25T06:32:03Z,2026-06-25T08:32:03+0200,cfe43b62-de54-4c74-8f9f-70948ee9d4b6,2026-06-01T08:00:00Z,2026-06-01T10:00:00+0200,61466.568707,MW,DE,DE_LU,forecast_load,Forecasted Load,2026-06-25T06:33:39Z
2026-06-25T06:32:03Z,2026-06-25T08:32:03+0200,cfe43b62-de54-4c74-8f9f-70948ee9d4b6,2026-06-01T08:15:00Z,2026-06-01T10:15:00+0200,61145.190414,MW,DE,DE_LU,forecast_load,Forecasted Load,2026-06-25T06:33:39Z
2026-06-25T06:32:03Z,2026-06-25T08:32:03+0200,cfe43b62-de54-4c74-8f9f-70948ee9d4b6,2026-06-01T08:30:00Z,2026-06-01T10:30:00+0200,61827.556253,MW,DE,DE_LU,forecast_load,Forecasted Load,2026-06-25T06:33:39Z
2026-06-25T06:32:03Z,2026-06-25T08:32:03+0200,cfe43b62-de54-4c74-8f9f-70948ee9d4b6,2026-06-01T08:45:00Z,2026-06-01T10:45:00+0200,61581.087077,MW,DE,DE_LU,forecast_load,Forecasted Load,2026-06-25T06:33:39Z
2026-06-25T06:32:03Z,2026-06-25T08:32:03+0200,cfe43b62-de54-4c74-8f9f-70948ee9d4b6,2026-06-01T09:00:00Z,2026-06-01T11:00:00+0200,61213.358391,MW,DE,DE_LU,forecast_load,Forecasted Load,2026-06-25T06:33:39Z
2026-06-25T06:32:03Z,2026-06-25T08:32:03+0200,cfe43b62-de54-4c74-8f9f-70948ee9d4b6,2026-06-01T09:15:00Z,2026-06-01T11:15:00+0200,61531.028505,MW,DE,DE_LU,forecast_load,Forecasted Load,2026-06-25T06:33:39Z
2026-06-25T06:32:03Z,2026-06-25T08:32:03+0200,cfe43b62-de54-4c74-8f9f-70948ee9d4b6,2026-06-01T09:30:00Z,2026-06-01T11:30:00+0200,61725.071546,MW,DE,DE_LU,forecast_load,Forecasted Load,2026-06-25T06:33:39Z
2026-06-25T06:32:03Z,2026-06-25T08:32:03+0200,cfe43b62-de54-4c74-8f9f-70948ee9d4b6,2026-06-01T09:45:00Z,2026-06-01T11:45:00+0200,61718.762626,MW,DE,DE_LU,forecast_load,Forecasted Load,2026-06-25T06:33:39Z
2026-06-25T06:32:03Z,2026-06-25T08:32:03+0200,cfe43b62-de54-4c74-8f9f-70948ee9d4b6,2026-06-01T10:00:00Z,2026-06-01T12:00:00+0200,61228.753645,MW,DE,DE_LU,forecast_load,Forecasted Load,2026-06-25T06:33:39Z
2026-06-25T06:32:03Z,2026-06-25T08:32:03+0200,cfe43b62-de54-4c74-8f9f-70948ee9d4b6,2026-06-01T10:15:00Z,2026-06-01T12:15:00+0200,61534.506724,MW,DE,DE_LU,forecast_load,Forecasted Load,2026-06-25T06:33:39Z
2026-06-25T06:32:03Z,2026-06-25T08:32:03+0200,cfe43b62-de54-4c74-8f9f-70948ee9d4b6,2026-06-01T10:30:00Z,2026-06-01T12:30:00+0200,61458.55196,MW,DE,DE_LU,forecast_load,Forecasted Load,2026-06-25T06:33:39Z
2026-06-25T06:32:03Z,2026-06-25T08:32:03+0200,cfe43b62-de54-4c74-8f9f-70948ee9d4b6,2026-06-01T10:45:00Z,2026-06-01T12:45:00+0200,61081.771778,MW,DE,DE_LU,forecast_load,Forecasted Load,2026-06-25T06:33:39Z
2026-06-25T06:32:03Z,2026-06-25T08:32:03+0200,cfe43b62-de54-4c74-8f9f-70948ee9d4b6,2026-06-01T11:00:00Z,2026-06-01T13:00:00+0200,60515.380821,MW,DE,DE_LU,forecast_load,Forecasted Load,2026-06-25T06:33:39Z
2026-06-25T06:32:03Z,2026-06-25T08:32:03+0200,cfe43b62-de54-4c74-8f9f-70948ee9d4b6,2026-06-01T11:15:00Z,2026-06-01T13:15:00+0200,60248.052312,MW,DE,DE_LU,forecast_load,Forecasted Load,2026-06-25T06:33:39Z
2026-06-25T06:32:03Z,2026-06-25T08:32:03+0200,cfe43b62-de54-4c74-8f9f-70948ee9d4b6,2026-06-01T11:30:00Z,2026-06-01T13:30:00+0200,59964.840151,MW,DE,DE_LU,forecast_load,Forecasted Load,2026-06-25T06:33:39Z
2026-06-25T06:32:03Z,2026-06-25T08:32:03+0200,cfe43b62-de54-4c74-8f9f-70948ee9d4b6,2026-06-01T11:45:00Z,2026-06-01T13:45:00+0200,59276.803827,MW,DE,DE_LU,forecast_load,Forecasted Load,2026-06-25T06:33:39Z
2026-06-25T06:32:03Z,2026-06-25T08:32:03+0200,cfe43b62-de54-4c74-8f9f-70948ee9d4b6,2026-06-01T12:00:00Z,2026-06-01T14:00:00+0200,59274.821724,MW,DE,DE_LU,forecast_load,Forecasted Load,2026-06-25T06:33:39Z
2026-06-25T06:32:03Z,2026-06-25T08:32:03+0200,cfe43b62-de54-4c74-8f9f-70948ee9d4b6,2026-06-01T12:15:00Z,2026-06-01T14:15:00+0200,58919.839825,MW,DE,DE_LU,forecast_load,Forecasted Load,2026-06-25T06:33:39Z
2026-06-25T06:32:03Z,2026-06-25T08:32:03+0200,cfe43b62-de54-4c74-8f9f-70948ee9d4b6,2026-06-01T12:30:00Z,2026-06-01T14:30:00+0200,58474.539674,MW,DE,DE_LU,forecast_load,Forecasted Load,2026-06-25T06:33:39Z
2026-06-25T06:32:03Z,2026-06-25T08:32:03+0200,cfe43b62-de54-4c74-8f9f-70948ee9d4b6,2026-06-01T12:45:00Z,2026-06-01T14:45:00+0200,58367.190556,MW,DE,DE_LU,forecast_load,Forecasted Load,2026-06-25T06:33:39Z
2026-06-25T06:32:03Z,2026-06-25T08:32:03+0200,cfe43b62-de54-4c74-8f9f-70948ee9d4b6,2026-06-01T13:00:00Z,2026-06-01T15:00:00+0200,58381.011066,MW,DE,DE_LU,forecast_load,Forecasted Load,2026-06-25T06:33:39Z
2026-06-25T06:32:03Z,2026-06-25T08:32:03+0200,cfe43b62-de54-4c74-8f9f-70948ee9d4b6,2026-06-01T13:15:00Z,2026-06-01T15:15:00+0200,58538.563598,MW,DE,DE_LU,forecast_load,Forecasted Load,2026-06-25T06:33:39Z
2026-06-25T06:32:03Z,2026-06-25T08:32:03+0200,cfe43b62-de54-4c74-8f9f-70948ee9d4b6,2026-06-01T13:30:00Z,2026-06-01T15:30:00+0200,57990.108776,MW,DE,DE_LU,forecast_load,Forecasted Load,2026-06-25T06:33:39Z
2026-06-25T06:32:03Z,2026-06-25T08:32:03+0200,cfe43b62-de54-4c74-8f9f-70948ee9d4b6,2026-06-01T13:45:00Z,2026-06-01T15:45:00+0200,58046.928474,MW,DE,DE_LU,forecast_load,Forecasted Load,2026-06-25T06:33:39Z
2026-06-25T06:32:03Z,2026-06-25T08:32:03+0200,cfe43b62-de54-4c74-8f9f-70948ee9d4b6,2026-06-01T14:00:00Z,2026-06-01T16:00:00+0200,58406.974629,MW,DE,DE_LU,forecast_load,Forecasted Load,2026-06-25T06:33:39Z
2026-06-25T06:32:03Z,2026-06-25T08:32:03+0200,cfe43b62-de54-4c74-8f9f-70948ee9d4b6,2026-06-01T14:15:00Z,2026-06-01T16:15:00+0200,58096.803527,MW,DE,DE_LU,forecast_load,Forecasted Load,2026-06-25T06:33:39Z
2026-06-25T06:32:03Z,2026-06-25T08:32:03+0200,cfe43b62-de54-4c74-8f9f-70948ee9d4b6,2026-06-01T14:30:00Z,2026-06-01T16:30:00+0200,58092.341643,MW,DE,DE_LU,forecast_load,Forecasted Load,2026-06-25T06:33:39Z
2026-06-25T06:32:03Z,2026-06-25T08:32:03+0200,cfe43b62-de54-4c74-8f9f-70948ee9d4b6,2026-06-01T14:45:00Z,2026-06-01T16:45:00+0200,57858.560341,MW,DE,DE_LU,forecast_load,Forecasted Load,2026-06-25T06:33:39Z
2026-06-25T06:32:03Z,2026-06-25T08:32:03+0200,cfe43b62-de54-4c74-8f9f-70948ee9d4b6,2026-06-01T15:00:00Z,2026-06-01T17:00:00+0200,58210.328541,MW,DE,DE_LU,forecast_load,Forecasted Load,2026-06-25T06:33:39Z
2026-06-25T06:32:03Z,2026-06-25T08:32:03+0200,cfe43b62-de54-4c74-8f9f-70948ee9d4b6,2026-06-01T15:15:00Z,2026-06-01T17:15:00+0200,58454.46921,MW,DE,DE_LU,forecast_load,Forecasted Load,2026-06-25T06:33:39Z
2026-06-25T06:32:03Z,2026-06-25T08:32:03+0200,cfe43b62-de54-4c74-8f9f-70948ee9d4b6,2026-06-01T15:30:00Z,2026-06-01T17:30:00+0200,58737.761487,MW,DE,DE_LU,forecast_load,Forecasted Load,2026-06-25T06:33:39Z
2026-06-25T06:32:03Z,2026-06-25T08:32:03+0200,cfe43b62-de54-4c74-8f9f-70948ee9d4b6,2026-06-01T15:45:00Z,2026-06-01T17:45:00+0200,59013.475065,MW,DE,DE_LU,forecast_load,Forecasted Load,2026-06-25T06:33:39Z
2026-06-25T06:32:03Z,2026-06-25T08:32:03+0200,cfe43b62-de54-4c74-8f9f-70948ee9d4b6,2026-06-01T16:00:00Z,2026-06-01T18:00:00+0200,58959.280248,MW,DE,DE_LU,forecast_load,Forecasted Load,2026-06-25T06:33:39Z
2026-06-25T06:32:03Z,2026-06-25T08:32:03+0200,cfe43b62-de54-4c74-8f9f-70948ee9d4b6,2026-06-01T16:15:00Z,2026-06-01T18:15:00+0200,59338.630264,MW,DE,DE_LU,forecast_load,Forecasted Load,2026-06-25T06:33:39Z
2026-06-25T06:32:03Z,2026-06-25T08:32:03+0200,cfe43b62-de54-4c74-8f9f-70948ee9d4b6,2026-06-01T16:30:00Z,2026-06-01T18:30:00+0200,58964.141938,MW,DE,DE_LU,forecast_load,Forecasted Load,2026-06-25T06:33:39Z
2026-06-25T06:32:03Z,2026-06-25T08:32:03+0200,cfe43b62-de54-4c74-8f9f-70948ee9d4b6,2026-06-01T16:45:00Z,2026-06-01T18:45:00+0200,58791.077906,MW,DE,DE_LU,forecast_load,Forecasted Load,2026-06-25T06:33:39Z
2026-06-25T06:32:03Z,2026-06-25T08:32:03+0200,cfe43b62-de54-4c74-8f9f-70948ee9d4b6,2026-06-01T17:00:00Z,2026-06-01T19:00:00+0200,58656.061663,MW,DE,DE_LU,forecast_load,Forecasted Load,2026-06-25T06:33:39Z
2026-06-25T06:32:03Z,2026-06-25T08:32:03+0200,cfe43b62-de54-4c74-8f9f-70948ee9d4b6,2026-06-01T17:15:00Z,2026-06-01T19:15:00+0200,58668.805244,MW,DE,DE_LU,forecast_load,Forecasted Load,2026-06-25T06:33:39Z
2026-06-25T06:32:03Z,2026-06-25T08:32:03+0200,cfe43b62-de54-4c74-8f9f-70948ee9d4b6,2026-06-01T17:30:00Z,2026-06-01T19:30:00+0200,58581.128325,MW,DE,DE_LU,forecast_load,Forecasted Load,2026-06-25T06:33:39Z
2026-06-25T06:32:03Z,2026-06-25T08:32:03+0200,cfe43b62-de54-4c74-8f9f-70948ee9d4b6,2026-06-01T17:45:00Z,2026-06-01T19:45:00+0200,58478.249275,MW,DE,DE_LU,forecast_load,Forecasted Load,2026-06-25T06:33:39Z
2026-06-25T06:32:03Z,2026-06-25T08:32:03+0200,cfe43b62-de54-4c74-8f9f-70948ee9d4b6,2026-06-01T18:00:00Z,2026-06-01T20:00:00+0200,57751.080926,MW,DE,DE_LU,forecast_load,Forecasted Load,2026-06-25T06:33:39Z
2026-06-25T06:32:03Z,2026-06-25T08:32:03+0200,cfe43b62-de54-4c74-8f9f-70948ee9d4b6,2026-06-01T18:15:00Z,2026-06-01T20:15:00+0200,57490.111524,MW,DE,DE_LU,forecast_load,Forecasted Load,2026-06-25T06:33:39Z
2026-06-25T06:32:03Z,2026-06-25T08:32:03+0200,cfe43b62-de54-4c74-8f9f-70948ee9d4b6,2026-06-01T18:30:00Z,2026-06-01T20:30:00+0200,56960.001202,MW,DE,DE_LU,forecast_load,Forecasted Load,2026-06-25T06:33:39Z
2026-06-25T06:32:03Z,2026-06-25T08:32:03+0200,cfe43b62-de54-4c74-8f9f-70948ee9d4b6,2026-06-01T18:45:00Z,2026-06-01T20:45:00+0200,56283.78833,MW,DE,DE_LU,forecast_load,Forecasted Load,2026-06-25T06:33:39Z
2026-06-25T06:32:03Z,2026-06-25T08:32:03+0200,cfe43b62-de54-4c74-8f9f-70948ee9d4b6,2026-06-01T19:00:00Z,2026-06-01T21:00:00+0200,55526.64157,MW,DE,DE_LU,forecast_load,Forecasted Load,2026-06-25T06:33:39Z
2026-06-25T06:32:03Z,2026-06-25T08:32:03+0200,cfe43b62-de54-4c74-8f9f-70948ee9d4b6,2026-06-01T19:15:00Z,2026-06-01T21:15:00+0200,54833.920513,MW,DE,DE_LU,forecast_load,Forecasted Load,2026-06-25T06:33:39Z
2026-06-25T06:32:03Z,2026-06-25T08:32:03+0200,cfe43b62-de54-4c74-8f9f-70948ee9d4b6,2026-06-01T19:30:00Z,2026-06-01T21:30:00+0200,53970.748938,MW,DE,DE_LU,forecast_load,Forecasted Load,2026-06-25T06:33:39Z
2026-06-25T06:32:03Z,2026-06-25T08:32:03+0200,cfe43b62-de54-4c74-8f9f-70948ee9d4b6,2026-06-01T19:45:00Z,2026-06-01T21:45:00+0200,53390.170432,MW,DE,DE_LU,forecast_load,Forecasted Load,2026-06-25T06:33:39Z
2026-06-25T06:32:03Z,2026-06-25T08:32:03+0200,cfe43b62-de54-4c74-8f9f-70948ee9d4b6,2026-06-01T20:00:00Z,2026-06-01T22:00:00+0200,52364.575411,MW,DE,DE_LU,forecast_load,Forecasted Load,2026-06-25T06:33:39Z
2026-06-25T06:32:03Z,2026-06-25T08:32:03+0200,cfe43b62-de54-4c74-8f9f-70948ee9d4b6,2026-06-01T20:15:00Z,2026-06-01T22:15:00+0200,51640.262781,MW,DE,DE_LU,forecast_load,Forecasted Load,2026-06-25T06:33:39Z
2026-06-25T06:32:03Z,2026-06-25T08:32:03+0200,cfe43b62-de54-4c74-8f9f-70948ee9d4b6,2026-06-01T20:30:00Z,2026-06-01T22:30:00+0200,50868.757949,MW,DE,DE_LU,forecast_load,Forecasted Load,2026-06-25T06:33:39Z
2026-06-25T06:32:03Z,2026-06-25T08:32:03+0200,cfe43b62-de54-4c74-8f9f-70948ee9d4b6,2026-06-01T20:45:00Z,2026-06-01T22:45:00+0200,50439.87664,MW,DE,DE_LU,forecast_load,Forecasted Load,2026-06-25T06:33:39Z
2026-06-25T06:32:03Z,2026-06-25T08:32:03+0200,cfe43b62-de54-4c74-8f9f-70948ee9d4b6,2026-06-01T21:00:00Z,2026-06-01T23:00:00+0200,49639.053385,MW,DE,DE_LU,forecast_load,Forecasted Load,2026-06-25T06:33:39Z
2026-06-25T06:32:03Z,2026-06-25T08:32:03+0200,cfe43b62-de54-4c74-8f9f-70948ee9d4b6,2026-06-01T21:15:00Z,2026-06-01T23:15:00+0200,49139.436712,MW,DE,DE_LU,forecast_load,Forecasted Load,2026-06-25T06:33:39Z
2026-06-25T06:32:03Z,2026-06-25T08:32:03+0200,cfe43b62-de54-4c74-8f9f-70948ee9d4b6,2026-06-01T21:30:00Z,2026-06-01T23:30:00+0200,48560.834958,MW,DE,DE_LU,forecast_load,Forecasted Load,2026-06-25T06:33:39Z
2026-06-25T06:32:03Z,2026-06-25T08:32:03+0200,cfe43b62-de54-4c74-8f9f-70948ee9d4b6,2026-06-01T21:45:00Z,2026-06-01T23:45:00+0200,47825.694716,MW,DE,DE_LU,forecast_load,Forecasted Load,2026-06-25T06:33:39Z
2026-06-25T06:32:03Z,2026-06-25T08:32:03+0200,cfe43b62-de54-4c74-8f9f-70948ee9d4b6,2026-06-01T22:00:00Z,2026-06-02T00:00:00+0200,46674.328046,MW,DE,DE_LU,forecast_load,Forecasted Load,2026-06-25T06:33:39Z
2026-06-25T06:32:03Z,2026-06-25T08:32:03+0200,cfe43b62-de54-4c74-8f9f-70948ee9d4b6,2026-06-01T22:15:00Z,2026-06-02T00:15:00+0200,46075.255335,MW,DE,DE_LU,forecast_load,Forecasted Load,2026-06-25T06:33:39Z
2026-06-25T06:32:03Z,2026-06-25T08:32:03+0200,cfe43b62-de54-4c74-8f9f-70948ee9d4b6,2026-06-01T22:30:00Z,2026-06-02T00:30:00+0200,45517.180665,MW,DE,DE_LU,forecast_load,Forecasted Load,2026-06-25T06:33:39Z
2026-06-25T06:32:03Z,2026-06-25T08:32:03+0200,cfe43b62-de54-4c74-8f9f-70948ee9d4b6,2026-06-01T22:45:00Z,2026-06-02T00:45:00+0200,44988.383912,MW,DE,DE_LU,forecast_load,Forecasted Load,2026-06-25T06:33:39Z
2026-06-25T06:32:03Z,2026-06-25T08:32:03+0200,cfe43b62-de54-4c74-8f9f-70948ee9d4b6,2026-06-01T23:00:00Z,2026-06-02T01:00:00+0200,44475.758744,MW,DE,DE_LU,forecast_load,Forecasted Load,2026-06-25T06:33:39Z
2026-06-25T06:32:03Z,2026-06-25T08:32:03+0200,cfe43b62-de54-4c74-8f9f-70948ee9d4b6,2026-06-01T23:15:00Z,2026-06-02T01:15:00+0200,44209.415832,MW,DE,DE_LU,forecast_load,Forecasted Load,2026-06-25T06:33:39Z
2026-06-25T06:32:03Z,2026-06-25T08:32:03+0200,cfe43b62-de54-4c74-8f9f-70948ee9d4b6,2026-06-01T23:30:00Z,2026-06-02T01:30:00+0200,43913.902463,MW,DE,DE_LU,forecast_load,Forecasted Load,2026-06-25T06:33:39Z
2026-06-25T06:32:03Z,2026-06-25T08:32:03+0200,cfe43b62-de54-4c74-8f9f-70948ee9d4b6,2026-06-01T23:45:00Z,2026-06-02T01:45:00+0200,43721.030715,MW,DE,DE_LU,forecast_load,Forecasted Load,2026-06-25T06:33:39Z
2026-06-25T06:32:03Z,2026-06-25T08:32:03+0200,cfe43b62-de54-4c74-8f9f-70948ee9d4b6,2026-06-02T00:00:00Z,2026-06-02T02:00:00+0200,43498.548067,MW,DE,DE_LU,forecast_load,Forecasted Load,2026-06-25T06:33:39Z
2026-06-25T06:32:03Z,2026-06-25T08:32:03+0200,cfe43b62-de54-4c74-8f9f-70948ee9d4b6,2026-06-02T00:15:00Z,2026-06-02T02:15:00+0200,43384.868312,MW,DE,DE_LU,forecast_load,Forecasted Load,2026-06-25T06:33:39Z
2026-06-25T06:32:03Z,2026-06-25T08:32:03+0200,cfe43b62-de54-4c74-8f9f-70948ee9d4b6,2026-06-02T00:30:00Z,2026-06-02T02:30:00+0200,43344.22934,MW,DE,DE_LU,forecast_load,Forecasted Load,2026-06-25T06:33:39Z
2026-06-25T06:32:03Z,2026-06-25T08:32:03+0200,cfe43b62-de54-4c74-8f9f-70948ee9d4b6,2026-06-02T00:45:00Z,2026-06-02T02:45:00+0200,43281.038176,MW,DE,DE_LU,forecast_load,Forecasted Load,2026-06-25T06:33:39Z
2026-06-25T06:32:03Z,2026-06-25T08:32:03+0200,cfe43b62-de54-4c74-8f9f-70948ee9d4b6,2026-06-02T01:00:00Z,2026-06-02T03:00:00+0200,43247.616888,MW,DE,DE_LU,forecast_load,Forecasted Load,2026-06-25T06:33:39Z
2026-06-25T06:32:03Z,2026-06-25T08:32:03+0200,cfe43b62-de54-4c74-8f9f-70948ee9d4b6,2026-06-02T01:15:00Z,2026-06-02T03:15:00+0200,43341.05678,MW,DE,DE_LU,forecast_load,Forecasted Load,2026-06-25T06:33:39Z
2026-06-25T06:32:03Z,2026-06-25T08:32:03+0200,cfe43b62-de54-4c74-8f9f-70948ee9d4b6,2026-06-02T01:30:00Z,2026-06-02T03:30:00+0200,43541.238838,MW,DE,DE_LU,forecast_load,Forecasted Load,2026-06-25T06:33:39Z
2026-06-25T06:32:03Z,2026-06-25T08:32:03+0200,cfe43b62-de54-4c74-8f9f-70948ee9d4b6,2026-06-02T01:45:00Z,2026-06-02T03:45:00+0200,43672.09556,MW,DE,DE_LU,forecast_load,Forecasted Load,2026-06-25T06:33:39Z
2026-06-25T06:32:03Z,2026-06-25T08:32:03+0200,cfe43b62-de54-4c74-8f9f-70948ee9d4b6,2026-06-02T02:00:00Z,2026-06-02T04:00:00+0200,44047.455112,MW,DE,DE_LU,forecast_load,Forecasted Load,2026-06-25T06:33:39Z
2026-06-25T06:32:03Z,2026-06-25T08:32:03+0200,cfe43b62-de54-4c74-8f9f-70948ee9d4b6,2026-06-02T02:15:00Z,2026-06-02T04:15:00+0200,44263.750201,MW,DE,DE_LU,forecast_load,Forecasted Load,2026-06-25T06:33:39Z
2026-06-25T06:32:03Z,2026-06-25T08:32:03+0200,cfe43b62-de54-4c74-8f9f-70948ee9d4b6,2026-06-02T02:30:00Z,2026-06-02T04:30:00+0200,44827.714017,MW,DE,DE_LU,forecast_load,Forecasted Load,2026-06-25T06:33:39Z
2026-06-25T06:32:03Z,2026-06-25T08:32:03+0200,cfe43b62-de54-4c74-8f9f-70948ee9d4b6,2026-06-02T02:45:00Z,2026-06-02T04:45:00+0200,45411.857937,MW,DE,DE_LU,forecast_load,Forecasted Load,2026-06-25T06:33:39Z
2026-06-25T06:32:03Z,2026-06-25T08:32:03+0200,cfe43b62-de54-4c74-8f9f-70948ee9d4b6,2026-06-02T03:00:00Z,2026-06-02T05:00:00+0200,46572.396028,MW,DE,DE_LU,forecast_load,Forecasted Load,2026-06-25T06:33:39Z
2026-06-25T06:32:03Z,2026-06-25T08:32:03+0200,cfe43b62-de54-4c74-8f9f-70948ee9d4b6,2026-06-02T03:15:00Z,2026-06-02T05:15:00+0200,46787.150214,MW,DE,DE_LU,forecast_load,Forecasted Load,2026-06-25T06:33:39Z
2026-06-25T06:32:03Z,2026-06-25T08:32:03+0200,cfe43b62-de54-4c74-8f9f-70948ee9d4b6,2026-06-02T03:30:00Z,2026-06-02T05:30:00+0200,46226.24889,MW,DE,DE_LU,forecast_load,Forecasted Load,2026-06-25T06:33:39Z
2026-06-25T06:32:03Z,2026-06-25T08:32:03+0200,cfe43b62-de54-4c74-8f9f-70948ee9d4b6,2026-06-02T03:45:00Z,2026-06-02T05:45:00+0200,49239.655169,MW,DE,DE_LU,forecast_load,Forecasted Load,2026-06-25T06:33:39Z
2026-06-25T06:32:03Z,2026-06-25T08:32:03+0200,cfe43b62-de54-4c74-8f9f-70948ee9d4b6,2026-06-02T04:00:00Z,2026-06-02T06:00:00+0200,51022.787265,MW,DE,DE_LU,forecast_load,Forecasted Load,2026-06-25T06:33:39Z
2026-06-25T06:32:03Z,2026-06-25T08:32:03+0200,cfe43b62-de54-4c74-8f9f-70948ee9d4b6,2026-06-02T04:15:00Z,2026-06-02T06:15:00+0200,51603.831562,MW,DE,DE_LU,forecast_load,Forecasted Load,2026-06-25T06:33:39Z
2026-06-25T06:32:03Z,2026-06-25T08:32:03+0200,cfe43b62-de54-4c74-8f9f-70948ee9d4b6,2026-06-02T04:30:00Z,2026-06-02T06:30:00+0200,53529.332864,MW,DE,DE_LU,forecast_load,Forecasted Load,2026-06-25T06:33:39Z
2026-06-25T06:32:03Z,2026-06-25T08:32:03+0200,cfe43b62-de54-4c74-8f9f-70948ee9d4b6,2026-06-02T04:45:00Z,2026-06-02T06:45:00+0200,54740.938909,MW,DE,DE_LU,forecast_load,Forecasted Load,2026-06-25T06:33:39Z
2026-06-25T06:32:03Z,2026-06-25T08:32:03+0200,cfe43b62-de54-4c74-8f9f-70948ee9d4b6,2026-06-02T05:00:00Z,2026-06-02T07:00:00+0200,55668.571228,MW,DE,DE_LU,forecast_load,Forecasted Load,2026-06-25T06:33:39Z
2026-06-25T06:32:03Z,2026-06-25T08:32:03+0200,cfe43b62-de54-4c74-8f9f-70948ee9d4b6,2026-06-02T05:15:00Z,2026-06-02T07:15:00+0200,57258.293347,MW,DE,DE_LU,forecast_load,Forecasted Load,2026-06-25T06:33:39Z
2026-06-25T06:32:03Z,2026-06-25T08:32:03+0200,cfe43b62-de54-4c74-8f9f-70948ee9d4b6,2026-06-02T05:30:00Z,2026-06-02T07:30:00+0200,58455.876425,MW,DE,DE_LU,forecast_load,Forecasted Load,2026-06-25T06:33:39Z
2026-06-25T06:32:03Z,2026-06-25T08:32:03+0200,cfe43b62-de54-4c74-8f9f-70948ee9d4b6,2026-06-02T05:45:00Z,2026-06-02T07:45:00+0200,59066.645845,MW,DE,DE_LU,forecast_load,Forecasted Load,2026-06-25T06:33:39Z
2026-06-25T06:32:03Z,2026-06-25T08:32:03+0200,cfe43b62-de54-4c74-8f9f-70948ee9d4b6,2026-06-02T06:00:00Z,2026-06-02T08:00:00+0200,59809.364341,MW,DE,DE_LU,forecast_load,Forecasted Load,2026-06-25T06:33:39Z
2026-06-25T06:32:03Z,2026-06-25T08:32:03+0200,cfe43b62-de54-4c74-8f9f-70948ee9d4b6,2026-06-02T06:15:00Z,2026-06-02T08:15:00+0200,60404.95643,MW,DE,DE_LU,forecast_load,Forecasted Load,2026-06-25T06:33:39Z
2026-06-25T06:32:03Z,2026-06-25T08:32:03+0200,cfe43b62-de54-4c74-8f9f-70948ee9d4b6,2026-06-02T06:30:00Z,2026-06-02T08:30:00+0200,60736.187275,MW,DE,DE_LU,forecast_load,Forecasted Load,2026-06-25T06:33:39Z
2026-06-25T06:32:03Z,2026-06-25T08:32:03+0200,cfe43b62-de54-4c74-8f9f-70948ee9d4b6,2026-06-02T06:45:00Z,2026-06-02T08:45:00+0200,60690.186127,MW,DE,DE_LU,forecast_load,Forecasted Load,2026-06-25T06:33:39Z
2026-06-25T06:32:03Z,2026-06-25T08:32:03+0200,cfe43b62-de54-4c74-8f9f-70948ee9d4b6,2026-06-02T07:00:00Z,2026-06-02T09:00:00+0200,60319.135333,MW,DE,DE_LU,forecast_load,Forecasted Load,2026-06-25T06:33:39Z
2026-06-25T06:32:03Z,2026-06-25T08:32:03+0200,cfe43b62-de54-4c74-8f9f-70948ee9d4b6,2026-06-02T07:15:00Z,2026-06-02T09:15:00+0200,60545.505556,MW,DE,DE_LU,forecast_load,Forecasted Load,2026-06-25T06:33:39Z
2026-06-25T06:32:03Z,2026-06-25T08:32:03+0200,cfe43b62-de54-4c74-8f9f-70948ee9d4b6,2026-06-02T07:30:00Z,2026-06-02T09:30:00+0200,61148.377234,MW,DE,DE_LU,forecast_load,Forecasted Load,2026-06-25T06:33:39Z
2026-06-25T06:32:03Z,2026-06-25T08:32:03+0200,cfe43b62-de54-4c74-8f9f-70948ee9d4b6,2026-06-02T07:45:00Z,2026-06-02T09:45:00+0200,61206.98004,MW,DE,DE_LU,forecast_load,Forecasted Load,2026-06-25T06:33:39Z
2026-06-25T06:32:03Z,2026-06-25T08:32:03+0200,cfe43b62-de54-4c74-8f9f-70948ee9d4b6,2026-06-02T08:00:00Z,2026-06-02T10:00:00+0200,61579.097317,MW,DE,DE_LU,forecast_load,Forecasted Load,2026-06-25T06:33:39Z
2026-06-25T06:32:03Z,2026-06-25T08:32:03+0200,cfe43b62-de54-4c74-8f9f-70948ee9d4b6,2026-06-02T08:15:00Z,2026-06-02T10:15:00+0200,61707.163814,MW,DE,DE_LU,forecast_load,Forecasted Load,2026-06-25T06:33:39Z
2026-06-25T06:32:03Z,2026-06-25T08:32:03+0200,cfe43b62-de54-4c74-8f9f-70948ee9d4b6,2026-06-02T08:30:00Z,2026-06-02T10:30:00+0200,61333.211928,MW,DE,DE_LU,forecast_load,Forecasted Load,2026-06-25T06:33:39Z
2026-06-25T06:32:03Z,2026-06-25T08:32:03+0200,cfe43b62-de54-4c74-8f9f-70948ee9d4b6,2026-06-02T08:45:00Z,2026-06-02T10:45:00+0200,61502.523192,MW,DE,DE_LU,forecast_load,Forecasted Load,2026-06-25T06:33:39Z
2026-06-25T06:32:03Z,2026-06-25T08:32:03+0200,cfe43b62-de54-4c74-8f9f-70948ee9d4b6,2026-06-02T09:00:00Z,2026-06-02T11:00:00+0200,61142.948608,MW,DE,DE_LU,forecast_load,Forecasted Load,2026-06-25T06:33:39Z
2026-06-25T06:32:03Z,2026-06-25T08:32:03+0200,cfe43b62-de54-4c74-8f9f-70948ee9d4b6,2026-06-02T09:15:00Z,2026-06-02T11:15:00+0200,60916.733036,MW,DE,DE_LU,forecast_load,Forecasted Load,2026-06-25T06:33:39Z
2026-06-25T06:32:03Z,2026-06-25T08:32:03+0200,cfe43b62-de54-4c74-8f9f-70948ee9d4b6,2026-06-02T09:30:00Z,2026-06-02T11:30:00+0200,61090.830222,MW,DE,DE_LU,forecast_load,Forecasted Load,2026-06-25T06:33:39Z
2026-06-25T06:32:03Z,2026-06-25T08:32:03+0200,cfe43b62-de54-4c74-8f9f-70948ee9d4b6,2026-06-02T09:45:00Z,2026-06-02T11:45:00+0200,60811.345741,MW,DE,DE_LU,forecast_load,Forecasted Load,2026-06-25T06:33:39Z
2026-06-25T06:32:03Z,2026-06-25T08:32:03+0200,cfe43b62-de54-4c74-8f9f-70948ee9d4b6,2026-06-02T10:00:00Z,2026-06-02T12:00:00+0200,60970.589659,MW,DE,DE_LU,forecast_load,Forecasted Load,2026-06-25T06:33:39Z
2026-06-25T06:32:03Z,2026-06-25T08:32:03+0200,cfe43b62-de54-4c74-8f9f-70948ee9d4b6,2026-06-02T10:15:00Z,2026-06-02T12:15:00+0200,60661.827362,MW,DE,DE_LU,forecast_load,Forecasted Load,2026-06-25T06:33:39Z
2026-06-25T06:32:03Z,2026-06-25T08:32:03+0200,cfe43b62-de54-4c74-8f9f-70948ee9d4b6,2026-06-02T10:30:00Z,2026-06-02T12:30:00+0200,60944.458752,MW,DE,DE_LU,forecast_load,Forecasted Load,2026-06-25T06:33:39Z
2026-06-25T06:32:03Z,2026-06-25T08:32:03+0200,cfe43b62-de54-4c74-8f9f-70948ee9d4b6,2026-06-02T10:45:00Z,2026-06-02T12:45:00+0200,60782.105665,MW,DE,DE_LU,forecast_load,Forecasted Load,2026-06-25T06:33:39Z
2026-06-25T06:32:03Z,2026-06-25T08:32:03+0200,cfe43b62-de54-4c74-8f9f-70948ee9d4b6,2026-06-02T11:00:00Z,2026-06-02T13:00:00+0200,60277.498191,MW,DE,DE_LU,forecast_load,Forecasted Load,2026-06-25T06:33:39Z
2026-06-25T06:32:03Z,2026-06-25T08:32:03+0200,cfe43b62-de54-4c74-8f9f-70948ee9d4b6,2026-06-02T11:15:00Z,2026-06-02T13:15:00+0200,60403.284134,MW,DE,DE_LU,forecast_load,Forecasted Load,2026-06-25T06:33:39Z
2026-06-25T06:32:03Z,2026-06-25T08:32:03+0200,cfe43b62-de54-4c74-8f9f-70948ee9d4b6,2026-06-02T11:30:00Z,2026-06-02T13:30:00+0200,60126.638469,MW,DE,DE_LU,forecast_load,Forecasted Load,2026-06-25T06:33:39Z
2026-06-25T06:32:03Z,2026-06-25T08:32:03+0200,cfe43b62-de54-4c74-8f9f-70948ee9d4b6,2026-06-02T11:45:00Z,2026-06-02T13:45:00+0200,59655.385544,MW,DE,DE_LU,forecast_load,Forecasted Load,2026-06-25T06:33:39Z
2026-06-25T06:32:03Z,2026-06-25T08:32:03+0200,cfe43b62-de54-4c74-8f9f-70948ee9d4b6,2026-06-02T12:00:00Z,2026-06-02T14:00:00+0200,59097.416756,MW,DE,DE_LU,forecast_load,Forecasted Load,2026-06-25T06:33:39Z
2026-06-25T06:32:03Z,2026-06-25T08:32:03+0200,cfe43b62-de54-4c74-8f9f-70948ee9d4b6,2026-06-02T12:15:00Z,2026-06-02T14:15:00+0200,58814.804685,MW,DE,DE_LU,forecast_load,Forecasted Load,2026-06-25T06:33:39Z
2026-06-25T06:32:03Z,2026-06-25T08:32:03+0200,cfe43b62-de54-4c74-8f9f-70948ee9d4b6,2026-06-02T12:30:00Z,2026-06-02T14:30:00+0200,58370.015167,MW,DE,DE_LU,forecast_load,Forecasted Load,2026-06-25T06:33:39Z
2026-06-25T06:32:03Z,2026-06-25T08:32:03+0200,cfe43b62-de54-4c74-8f9f-70948ee9d4b6,2026-06-02T12:45:00Z,2026-06-02T14:45:00+0200,57971.8461,MW,DE,DE_LU,forecast_load,Forecasted Load,2026-06-25T06:33:39Z
2026-06-25T06:32:03Z,2026-06-25T08:32:03+0200,cfe43b62-de54-4c74-8f9f-70948ee9d4b6,2026-06-02T13:00:00Z,2026-06-02T15:00:00+0200,58081.138027,MW,DE,DE_LU,forecast_load,Forecasted Load,2026-06-25T06:33:39Z
2026-06-25T06:32:03Z,2026-06-25T08:32:03+0200,cfe43b62-de54-4c74-8f9f-70948ee9d4b6,2026-06-02T13:15:00Z,2026-06-02T15:15:00+0200,58190.02483,MW,DE,DE_LU,forecast_load,Forecasted Load,2026-06-25T06:33:39Z
2026-06-25T06:32:03Z,2026-06-25T08:32:03+0200,cfe43b62-de54-4c74-8f9f-70948ee9d4b6,2026-06-02T13:30:00Z,2026-06-02T15:30:00+0200,57110.877169,MW,DE,DE_LU,forecast_load,Forecasted Load,2026-06-25T06:33:39Z
2026-06-25T06:32:03Z,2026-06-25T08:32:03+0200,cfe43b62-de54-4c74-8f9f-70948ee9d4b6,2026-06-02T13:45:00Z,2026-06-02T15:45:00+0200,57197.802612,MW,DE,DE_LU,forecast_load,Forecasted Load,2026-06-25T06:33:39Z
2026-06-25T06:32:03Z,2026-06-25T08:32:03+0200,cfe43b62-de54-4c74-8f9f-70948ee9d4b6,2026-06-02T14:00:00Z,2026-06-02T16:00:00+0200,57773.118339,MW,DE,DE_LU,forecast_load,Forecasted Load,2026-06-25T06:33:39Z
2026-06-25T06:32:03Z,2026-06-25T08:32:03+0200,cfe43b62-de54-4c74-8f9f-70948ee9d4b6,2026-06-02T14:15:00Z,2026-06-02T16:15:00+0200,57563.612993,MW,DE,DE_LU,forecast_load,Forecasted Load,2026-06-25T06:33:39Z
2026-06-25T06:32:03Z,2026-06-25T08:32:03+0200,cfe43b62-de54-4c74-8f9f-70948ee9d4b6,2026-06-02T14:30:00Z,2026-06-02T16:30:00+0200,57472.419072,MW,DE,DE_LU,forecast_load,Forecasted Load,2026-06-25T06:33:39Z
2026-06-25T06:32:03Z,2026-06-25T08:32:03+0200,cfe43b62-de54-4c74-8f9f-70948ee9d4b6,2026-06-02T14:45:00Z,2026-06-02T16:45:00+0200,57558.89411,MW,DE,DE_LU,forecast_load,Forecasted Load,2026-06-25T06:33:39Z
2026-06-25T06:32:03Z,2026-06-25T08:32:03+0200,cfe43b62-de54-4c74-8f9f-70948ee9d4b6,2026-06-02T15:00:00Z,2026-06-02T17:00:00+0200,58040.631681,MW,DE,DE_LU,forecast_load,Forecasted Load,2026-06-25T06:33:39Z
2026-06-25T06:32:03Z,2026-06-25T08:32:03+0200,cfe43b62-de54-4c74-8f9f-70948ee9d4b6,2026-06-02T15:15:00Z,2026-06-02T17:15:00+0200,58116.459473,MW,DE,DE_LU,forecast_load,Forecasted Load,2026-06-25T06:33:39Z
2026-06-25T06:32:03Z,2026-06-25T08:32:03+0200,cfe43b62-de54-4c74-8f9f-70948ee9d4b6,2026-06-02T15:30:00Z,2026-06-02T17:30:00+0200,58157.350918,MW,DE,DE_LU,forecast_load,Forecasted Load,2026-06-25T06:33:39Z
2026-06-25T06:32:03Z,2026-06-25T08:32:03+0200,cfe43b62-de54-4c74-8f9f-70948ee9d4b6,2026-06-02T15:45:00Z,2026-06-02T17:45:00+0200,58291.80249,MW,DE,DE_LU,forecast_load,Forecasted Load,2026-06-25T06:33:39Z
2026-06-25T06:32:03Z,2026-06-25T08:32:03+0200,cfe43b62-de54-4c74-8f9f-70948ee9d4b6,2026-06-02T16:00:00Z,2026-06-02T18:00:00+0200,59190.280218,MW,DE,DE_LU,forecast_load,Forecasted Load,2026-06-25T06:33:39Z
2026-06-25T06:32:03Z,2026-06-25T08:32:03+0200,cfe43b62-de54-4c74-8f9f-70948ee9d4b6,2026-06-02T16:15:00Z,2026-06-02T18:15:00+0200,59240.440274,MW,DE,DE_LU,forecast_load,Forecasted Load,2026-06-25T06:33:39Z
2026-06-25T06:32:03Z,2026-06-25T08:32:03+0200,cfe43b62-de54-4c74-8f9f-70948ee9d4b6,2026-06-02T16:30:00Z,2026-06-02T18:30:00+0200,59012.871521,MW,DE,DE_LU,forecast_load,Forecasted Load,2026-06-25T06:33:39Z
2026-06-25T06:32:03Z,2026-06-25T08:32:03+0200,cfe43b62-de54-4c74-8f9f-70948ee9d4b6,2026-06-02T16:45:00Z,2026-06-02T18:45:00+0200,59201.972716,MW,DE,DE_LU,forecast_load,Forecasted Load,2026-06-25T06:33:39Z
2026-06-25T06:32:03Z,2026-06-25T08:32:03+0200,cfe43b62-de54-4c74-8f9f-70948ee9d4b6,2026-06-02T17:00:00Z,2026-06-02T19:00:00+0200,59317.401695,MW,DE,DE_LU,forecast_load,Forecasted Load,2026-06-25T06:33:39Z
2026-06-25T06:32:03Z,2026-06-25T08:32:03+0200,cfe43b62-de54-4c74-8f9f-70948ee9d4b6,2026-06-02T17:15:00Z,2026-06-02T19:15:00+0200,58997.239953,MW,DE,DE_LU,forecast_load,Forecasted Load,2026-06-25T06:33:39Z
2026-06-25T06:32:03Z,2026-06-25T08:32:03+0200,cfe43b62-de54-4c74-8f9f-70948ee9d4b6,2026-06-02T17:30:00Z,2026-06-02T19:30:00+0200,59035.386759,MW,DE,DE_LU,forecast_load,Forecasted Load,2026-06-25T06:33:39Z
2026-06-25T06:32:03Z,2026-06-25T08:32:03+0200,cfe43b62-de54-4c74-8f9f-70948ee9d4b6,2026-06-02T17:45:00Z,2026-06-02T19:45:00+0200,58907.432661,MW,DE,DE_LU,forecast_load,Forecasted Load,2026-06-25T06:33:39Z
2026-06-25T06:32:03Z,2026-06-25T08:32:03+0200,cfe43b62-de54-4c74-8f9f-70948ee9d4b6,2026-06-02T18:00:00Z,2026-06-02T20:00:00+0200,58482.533781,MW,DE,DE_LU,forecast_load,Forecasted Load,2026-06-25T06:33:39Z
2026-06-25T06:32:03Z,2026-06-25T08:32:03+0200,cfe43b62-de54-4c74-8f9f-70948ee9d4b6,2026-06-02T18:15:00Z,2026-06-02T20:15:00+0200,58075.658979,MW,DE,DE_LU,forecast_load,Forecasted Load,2026-06-25T06:33:39Z
2026-06-25T06:32:03Z,2026-06-25T08:32:03+0200,cfe43b62-de54-4c74-8f9f-70948ee9d4b6,2026-06-02T18:30:00Z,2026-06-02T20:30:00+0200,57464.835426,MW,DE,DE_LU,forecast_load,Forecasted Load,2026-06-25T06:33:39Z
2026-06-25T06:32:03Z,2026-06-25T08:32:03+0200,cfe43b62-de54-4c74-8f9f-70948ee9d4b6,2026-06-02T18:45:00Z,2026-06-02T20:45:00+0200,56929.690719,MW,DE,DE_LU,forecast_load,Forecasted Load,2026-06-25T06:33:39Z
2026-06-25T06:32:03Z,2026-06-25T08:32:03+0200,cfe43b62-de54-4c74-8f9f-70948ee9d4b6,2026-06-02T19:00:00Z,2026-06-02T21:00:00+0200,56327.865092,MW,DE,DE_LU,forecast_load,Forecasted Load,2026-06-25T06:33:39Z
2026-06-25T06:32:03Z,2026-06-25T08:32:03+0200,cfe43b62-de54-4c74-8f9f-70948ee9d4b6,2026-06-02T19:15:00Z,2026-06-02T21:15:00+0200,55704.134371,MW,DE,DE_LU,forecast_load,Forecasted Load,2026-06-25T06:33:39Z
2026-06-25T06:32:03Z,2026-06-25T08:32:03+0200,cfe43b62-de54-4c74-8f9f-70948ee9d4b6,2026-06-02T19:30:00Z,2026-06-02T21:30:00+0200,54969.244797,MW,DE,DE_LU,forecast_load,Forecasted Load,2026-06-25T06:33:39Z
2026-06-25T06:32:03Z,2026-06-25T08:32:03+0200,cfe43b62-de54-4c74-8f9f-70948ee9d4b6,2026-06-02T19:45:00Z,2026-06-02T21:45:00+0200,54224.937765,MW,DE,DE_LU,forecast_load,Forecasted Load,2026-06-25T06:33:39Z
2026-06-25T06:32:03Z,2026-06-25T08:32:03+0200,cfe43b62-de54-4c74-8f9f-70948ee9d4b6,2026-06-02T20:00:00Z,2026-06-02T22:00:00+0200,53182.067112,MW,DE,DE_LU,forecast_load,Forecasted Load,2026-06-25T06:33:39Z
2026-06-25T06:32:03Z,2026-06-25T08:32:03+0200,cfe43b62-de54-4c74-8f9f-70948ee9d4b6,2026-06-02T20:15:00Z,2026-06-02T22:15:00+0200,52283.062569,MW,DE,DE_LU,forecast_load,Forecasted Load,2026-06-25T06:33:39Z
2026-06-25T06:32:03Z,2026-06-25T08:32:03+0200,cfe43b62-de54-4c74-8f9f-70948ee9d4b6,2026-06-02T20:30:00Z,2026-06-02T22:30:00+0200,51510.343204,MW,DE,DE_LU,forecast_load,Forecasted Load,2026-06-25T06:33:39Z
2026-06-25T06:32:03Z,2026-06-25T08:32:03+0200,cfe43b62-de54-4c74-8f9f-70948ee9d4b6,2026-06-02T20:45:00Z,2026-06-02T22:45:00+0200,50871.950018,MW,DE,DE_LU,forecast_load,Forecasted Load,2026-06-25T06:33:39Z
2026-06-25T06:32:03Z,2026-06-25T08:32:03+0200,cfe43b62-de54-4c74-8f9f-70948ee9d4b6,2026-06-02T21:00:00Z,2026-06-02T23:00:00+0200,50101.807569,MW,DE,DE_LU,forecast_load,Forecasted Load,2026-06-25T06:33:39Z
2026-06-25T06:32:03Z,2026-06-25T08:32:03+0200,cfe43b62-de54-4c74-8f9f-70948ee9d4b6,2026-06-02T21:15:00Z,2026-06-02T23:15:00+0200,49692.515984,MW,DE,DE_LU,forecast_load,Forecasted Load,2026-06-25T06:33:39Z
2026-06-25T06:32:03Z,2026-06-25T08:32:03+0200,cfe43b62-de54-4c74-8f9f-70948ee9d4b6,2026-06-02T21:30:00Z,2026-06-02T23:30:00+0200,49015.885784,MW,DE,DE_LU,forecast_load,Forecasted Load,2026-06-25T06:33:39Z
2026-06-25T06:32:03Z,2026-06-25T08:32:03+0200,cfe43b62-de54-4c74-8f9f-70948ee9d4b6,2026-06-02T21:45:00Z,2026-06-02T23:45:00+0200,48265.652826,MW,DE,DE_LU,forecast_load,Forecasted Load,2026-06-25T06:33:39Z
2026-06-25T06:32:03Z,2026-06-25T08:32:03+0200,cfe43b62-de54-4c74-8f9f-70948ee9d4b6,2026-06-02T22:00:00Z,2026-06-03T00:00:00+0200,47513.018303,MW,DE,DE_LU,forecast_load,Forecasted Load,2026-06-25T06:33:39Z
2026-06-25T06:32:03Z,2026-06-25T08:32:03+0200,cfe43b62-de54-4c74-8f9f-70948ee9d4b6,2026-06-02T22:15:00Z,2026-06-03T00:15:00+0200,47022.998506,MW,DE,DE_LU,forecast_load,Forecasted Load,2026-06-25T06:33:39Z
2026-06-25T06:32:03Z,2026-06-25T08:32:03+0200,cfe43b62-de54-4c74-8f9f-70948ee9d4b6,2026-06-02T22:30:00Z,2026-06-03T00:30:00+0200,47011.165179,MW,DE,DE_LU,forecast_load,Forecasted Load,2026-06-25T06:33:39Z
2026-06-25T06:32:03Z,2026-06-25T08:32:03+0200,cfe43b62-de54-4c74-8f9f-70948ee9d4b6,2026-06-02T22:45:00Z,2026-06-03T00:45:00+0200,46435.116165,MW,DE,DE_LU,forecast_load,Forecasted Load,2026-06-25T06:33:39Z
2026-06-25T06:32:03Z,2026-06-25T08:32:03+0200,cfe43b62-de54-4c74-8f9f-70948ee9d4b6,2026-06-02T23:00:00Z,2026-06-03T01:00:00+0200,46058.390976,MW,DE,DE_LU,forecast_load,Forecasted Load,2026-06-25T06:33:39Z
2026-06-25T06:32:03Z,2026-06-25T08:32:03+0200,cfe43b62-de54-4c74-8f9f-70948ee9d4b6,2026-06-02T23:15:00Z,2026-06-03T01:15:00+0200,45774.271279,MW,DE,DE_LU,forecast_load,Forecasted Load,2026-06-25T06:33:39Z
2026-06-25T06:32:03Z,2026-06-25T08:32:03+0200,cfe43b62-de54-4c74-8f9f-70948ee9d4b6,2026-06-02T23:30:00Z,2026-06-03T01:30:00+0200,45412.71353,MW,DE,DE_LU,forecast_load,Forecasted Load,2026-06-25T06:33:39Z
2026-06-25T06:32:03Z,2026-06-25T08:32:03+0200,cfe43b62-de54-4c74-8f9f-70948ee9d4b6,2026-06-02T23:45:00Z,2026-06-03T01:45:00+0200,45238.971438,MW,DE,DE_LU,forecast_load,Forecasted Load,2026-06-25T06:33:39Z
2026-06-25T06:32:03Z,2026-06-25T08:32:03+0200,cfe43b62-de54-4c74-8f9f-70948ee9d4b6,2026-06-03T00:00:00Z,2026-06-03T02:00:00+0200,44988.102592,MW,DE,DE_LU,forecast_load,Forecasted Load,2026-06-25T06:33:39Z
2026-06-25T06:32:03Z,2026-06-25T08:32:03+0200,cfe43b62-de54-4c74-8f9f-70948ee9d4b6,2026-06-03T00:15:00Z,2026-06-03T02:15:00+0200,44780.870158,MW,DE,DE_LU,forecast_load,Forecasted Load,2026-06-25T06:33:39Z
2026-06-25T06:32:03Z,2026-06-25T08:32:03+0200,cfe43b62-de54-4c74-8f9f-70948ee9d4b6,2026-06-03T00:30:00Z,2026-06-03T02:30:00+0200,44927.556268,MW,DE,DE_LU,forecast_load,Forecasted Load,2026-06-25T06:33:39Z
2026-06-25T06:32:03Z,2026-06-25T08:32:03+0200,cfe43b62-de54-4c74-8f9f-70948ee9d4b6,2026-06-03T00:45:00Z,2026-06-03T02:45:00+0200,44855.051332,MW,DE,DE_LU,forecast_load,Forecasted Load,2026-06-25T06:33:39Z
2026-06-25T06:32:03Z,2026-06-25T08:32:03+0200,cfe43b62-de54-4c74-8f9f-70948ee9d4b6,2026-06-03T01:00:00Z,2026-06-03T03:00:00+0200,44662.501574,MW,DE,DE_LU,forecast_load,Forecasted Load,2026-06-25T06:33:39Z
2026-06-25T06:32:03Z,2026-06-25T08:32:03+0200,cfe43b62-de54-4c74-8f9f-70948ee9d4b6,2026-06-03T01:15:00Z,2026-06-03T03:15:00+0200,44402.086558,MW,DE,DE_LU,forecast_load,Forecasted Load,2026-06-25T06:33:39Z
2026-06-25T06:32:03Z,2026-06-25T08:32:03+0200,cfe43b62-de54-4c74-8f9f-70948ee9d4b6,2026-06-03T01:30:00Z,2026-06-03T03:30:00+0200,44493.070558,MW,DE,DE_LU,forecast_load,Forecasted Load,2026-06-25T06:33:39Z
2026-06-25T06:32:03Z,2026-06-25T08:32:03+0200,cfe43b62-de54-4c74-8f9f-70948ee9d4b6,2026-06-03T01:45:00Z,2026-06-03T03:45:00+0200,44718.100506,MW,DE,DE_LU,forecast_load,Forecasted Load,2026-06-25T06:33:39Z
2026-06-25T06:32:03Z,2026-06-25T08:32:03+0200,cfe43b62-de54-4c74-8f9f-70948ee9d4b6,2026-06-03T02:00:00Z,2026-06-03T04:00:00+0200,45116.680934,MW,DE,DE_LU,forecast_load,Forecasted Load,2026-06-25T06:33:39Z
2026-06-25T06:32:03Z,2026-06-25T08:32:03+0200,cfe43b62-de54-4c74-8f9f-70948ee9d4b6,2026-06-03T02:15:00Z,2026-06-03T04:15:00+0200,45515.125914,MW,DE,DE_LU,forecast_load,Forecasted Load,2026-06-25T06:33:39Z
2026-06-25T06:32:03Z,2026-06-25T08:32:03+0200,cfe43b62-de54-4c74-8f9f-70948ee9d4b6,2026-06-03T02:30:00Z,2026-06-03T04:30:00+0200,46024.765835,MW,DE,DE_LU,forecast_load,Forecasted Load,2026-06-25T06:33:39Z
2026-06-25T06:32:03Z,2026-06-25T08:32:03+0200,cfe43b62-de54-4c74-8f9f-70948ee9d4b6,2026-06-03T02:45:00Z,2026-06-03T04:45:00+0200,46809.901516,MW,DE,DE_LU,forecast_load,Forecasted Load,2026-06-25T06:33:39Z
2026-06-25T06:32:03Z,2026-06-25T08:32:03+0200,cfe43b62-de54-4c74-8f9f-70948ee9d4b6,2026-06-03T03:00:00Z,2026-06-03T05:00:00+0200,47742.282146,MW,DE,DE_LU,forecast_load,Forecasted Load,2026-06-25T06:33:39Z
2026-06-25T06:32:03Z,2026-06-25T08:32:03+0200,cfe43b62-de54-4c74-8f9f-70948ee9d4b6,2026-06-03T03:15:00Z,2026-06-03T05:15:00+0200,47959.483974,MW,DE,DE_LU,forecast_load,Forecasted Load,2026-06-25T06:33:39Z
2026-06-25T06:32:03Z,2026-06-25T08:32:03+0200,cfe43b62-de54-4c74-8f9f-70948ee9d4b6,2026-06-03T03:30:00Z,2026-06-03T05:30:00+0200,48325.375293,MW,DE,DE_LU,forecast_load,Forecasted Load,2026-06-25T06:33:39Z
2026-06-25T06:32:03Z,2026-06-25T08:32:03+0200,cfe43b62-de54-4c74-8f9f-70948ee9d4b6,2026-06-03T03:45:00Z,2026-06-03T05:45:00+0200,49933.607823,MW,DE,DE_LU,forecast_load,Forecasted Load,2026-06-25T06:33:39Z
2026-06-25T06:32:03Z,2026-06-25T08:32:03+0200,cfe43b62-de54-4c74-8f9f-70948ee9d4b6,2026-06-03T04:00:00Z,2026-06-03T06:00:00+0200,52448.159152,MW,DE,DE_LU,forecast_load,Forecasted Load,2026-06-25T06:33:39Z
2026-06-25T06:32:03Z,2026-06-25T08:32:03+0200,cfe43b62-de54-4c74-8f9f-70948ee9d4b6,2026-06-03T04:15:00Z,2026-06-03T06:15:00+0200,53719.780443,MW,DE,DE_LU,forecast_load,Forecasted Load,2026-06-25T06:33:39Z
2026-06-25T06:32:03Z,2026-06-25T08:32:03+0200,cfe43b62-de54-4c74-8f9f-70948ee9d4b6,2026-06-03T04:30:00Z,2026-06-03T06:30:00+0200,55400.295881,MW,DE,DE_LU,forecast_load,Forecasted Load,2026-06-25T06:33:39Z
2026-06-25T06:32:03Z,2026-06-25T08:32:03+0200,cfe43b62-de54-4c74-8f9f-70948ee9d4b6,2026-06-03T04:45:00Z,2026-06-03T06:45:00+0200,56884.359192,MW,DE,DE_LU,forecast_load,Forecasted Load,2026-06-25T06:33:39Z
2026-06-25T06:32:03Z,2026-06-25T08:32:03+0200,cfe43b62-de54-4c74-8f9f-70948ee9d4b6,2026-06-03T05:00:00Z,2026-06-03T07:00:00+0200,58529.872614,MW,DE,DE_LU,forecast_load,Forecasted Load,2026-06-25T06:33:39Z
2026-06-25T06:32:03Z,2026-06-25T08:32:03+0200,cfe43b62-de54-4c74-8f9f-70948ee9d4b6,2026-06-03T05:15:00Z,2026-06-03T07:15:00+0200,59657.14392,MW,DE,DE_LU,forecast_load,Forecasted Load,2026-06-25T06:33:39Z
2026-06-25T06:32:03Z,2026-06-25T08:32:03+0200,cfe43b62-de54-4c74-8f9f-70948ee9d4b6,2026-06-03T05:30:00Z,2026-06-03T07:30:00+0200,60454.429884,MW,DE,DE_LU,forecast_load,Forecasted Load,2026-06-25T06:33:39Z
2026-06-25T06:32:03Z,2026-06-25T08:32:03+0200,cfe43b62-de54-4c74-8f9f-70948ee9d4b6,2026-06-03T05:45:00Z,2026-06-03T07:45:00+0200,61209.243772,MW,DE,DE_LU,forecast_load,Forecasted Load,2026-06-25T06:33:39Z
2026-06-25T06:32:03Z,2026-06-25T08:32:03+0200,cfe43b62-de54-4c74-8f9f-70948ee9d4b6,2026-06-03T06:00:00Z,2026-06-03T08:00:00+0200,61741.967163,MW,DE,DE_LU,forecast_load,Forecasted Load,2026-06-25T06:33:39Z
2026-06-25T06:32:03Z,2026-06-25T08:32:03+0200,cfe43b62-de54-4c74-8f9f-70948ee9d4b6,2026-06-03T06:15:00Z,2026-06-03T08:15:00+0200,62283.326218,MW,DE,DE_LU,forecast_load,Forecasted Load,2026-06-25T06:33:39Z
2026-06-25T06:32:03Z,2026-06-25T08:32:03+0200,cfe43b62-de54-4c74-8f9f-70948ee9d4b6,2026-06-03T06:30:00Z,2026-06-03T08:30:00+0200,62002.928086,MW,DE,DE_LU,forecast_load,Forecasted Load,2026-06-25T06:33:39Z
2026-06-25T06:32:03Z,2026-06-25T08:32:03+0200,cfe43b62-de54-4c74-8f9f-70948ee9d4b6,2026-06-03T06:45:00Z,2026-06-03T08:45:00+0200,61737.859488,MW,DE,DE_LU,forecast_load,Forecasted Load,2026-06-25T06:33:39Z
2026-06-25T06:32:03Z,2026-06-25T08:32:03+0200,cfe43b62-de54-4c74-8f9f-70948ee9d4b6,2026-06-03T07:00:00Z,2026-06-03T09:00:00+0200,61832.051236,MW,DE,DE_LU,forecast_load,Forecasted Load,2026-06-25T06:33:39Z
2026-06-25T06:32:03Z,2026-06-25T08:32:03+0200,cfe43b62-de54-4c74-8f9f-70948ee9d4b6,2026-06-03T07:15:00Z,2026-06-03T09:15:00+0200,62071.38148,MW,DE,DE_LU,forecast_load,Forecasted Load,2026-06-25T06:33:39Z
2026-06-25T06:32:03Z,2026-06-25T08:32:03+0200,cfe43b62-de54-4c74-8f9f-70948ee9d4b6,2026-06-03T07:30:00Z,2026-06-03T09:30:00+0200,62937.651569,MW,DE,DE_LU,forecast_load,Forecasted Load,2026-06-25T06:33:39Z
2026-06-25T06:32:03Z,2026-06-25T08:32:03+0200,cfe43b62-de54-4c74-8f9f-70948ee9d4b6,2026-06-03T07:45:00Z,2026-06-03T09:45:00+0200,63135.926741,MW,DE,DE_LU,forecast_load,Forecasted Load,2026-06-25T06:33:39Z
2026-06-25T06:32:03Z,2026-06-25T08:32:03+0200,cfe43b62-de54-4c74-8f9f-70948ee9d4b6,2026-06-03T08:00:00Z,2026-06-03T10:00:00+0200,63207.11858,MW,DE,DE_LU,forecast_load,Forecasted Load,2026-06-25T06:33:39Z
2026-06-25T06:32:03Z,2026-06-25T08:32:03+0200,cfe43b62-de54-4c74-8f9f-70948ee9d4b6,2026-06-03T08:15:00Z,2026-06-03T10:15:00+0200,64144.813442,MW,DE,DE_LU,forecast_load,Forecasted Load,2026-06-25T06:33:39Z
2026-06-25T06:32:03Z,2026-06-25T08:32:03+0200,cfe43b62-de54-4c74-8f9f-70948ee9d4b6,2026-06-03T08:30:00Z,2026-06-03T10:30:00+0200,63470.642235,MW,DE,DE_LU,forecast_load,Forecasted Load,2026-06-25T06:33:39Z
2026-06-25T06:32:03Z,2026-06-25T08:32:03+0200,cfe43b62-de54-4c74-8f9f-70948ee9d4b6,2026-06-03T08:45:00Z,2026-06-03T10:45:00+0200,63423.503198,MW,DE,DE_LU,forecast_load,Forecasted Load,2026-06-25T06:33:39Z
2026-06-25T06:32:03Z,2026-06-25T08:32:03+0200,cfe43b62-de54-4c74-8f9f-70948ee9d4b6,2026-06-03T09:00:00Z,2026-06-03T11:00:00+0200,63814.476571,MW,DE,DE_LU,forecast_load,Forecasted Load,2026-06-25T06:33:39Z
2026-06-25T06:32:03Z,2026-06-25T08:32:03+0200,cfe43b62-de54-4c74-8f9f-70948ee9d4b6,2026-06-03T09:15:00Z,2026-06-03T11:15:00+0200,63768.193275,MW,DE,DE_LU,forecast_load,Forecasted Load,2026-06-25T06:33:39Z
2026-06-25T06:32:03Z,2026-06-25T08:32:03+0200,cfe43b62-de54-4c74-8f9f-70948ee9d4b6,2026-06-03T09:30:00Z,2026-06-03T11:30:00+0200,63139.787273,MW,DE,DE_LU,forecast_load,Forecasted Load,2026-06-25T06:33:39Z
2026-06-25T06:32:03Z,2026-06-25T08:32:03+0200,cfe43b62-de54-4c74-8f9f-70948ee9d4b6,2026-06-03T09:45:00Z,2026-06-03T11:45:00+0200,63174.769349,MW,DE,DE_LU,forecast_load,Forecasted Load,2026-06-25T06:33:39Z
2026-06-25T06:32:03Z,2026-06-25T08:32:03+0200,cfe43b62-de54-4c74-8f9f-70948ee9d4b6,2026-06-03T10:00:00Z,2026-06-03T12:00:00+0200,62633.503595,MW,DE,DE_LU,forecast_load,Forecasted Load,2026-06-25T06:33:39Z
2026-06-25T06:32:03Z,2026-06-25T08:32:03+0200,cfe43b62-de54-4c74-8f9f-70948ee9d4b6,2026-06-03T10:15:00Z,2026-06-03T12:15:00+0200,63027.753874,MW,DE,DE_LU,forecast_load,Forecasted Load,2026-06-25T06:33:39Z
2026-06-25T06:32:03Z,2026-06-25T08:32:03+0200,cfe43b62-de54-4c74-8f9f-70948ee9d4b6,2026-06-03T10:30:00Z,2026-06-03T12:30:00+0200,62821.502937,MW,DE,DE_LU,forecast_load,Forecasted Load,2026-06-25T06:33:39Z
2026-06-25T06:32:03Z,2026-06-25T08:32:03+0200,cfe43b62-de54-4c74-8f9f-70948ee9d4b6,2026-06-03T10:45:00Z,2026-06-03T12:45:00+0200,63620.364132,MW,DE,DE_LU,forecast_load,Forecasted Load,2026-06-25T06:33:39Z
2026-06-25T06:32:03Z,2026-06-25T08:32:03+0200,cfe43b62-de54-4c74-8f9f-70948ee9d4b6,2026-06-03T11:00:00Z,2026-06-03T13:00:00+0200,62117.38587,MW,DE,DE_LU,forecast_load,Forecasted Load,2026-06-25T06:33:39Z
2026-06-25T06:32:03Z,2026-06-25T08:32:03+0200,cfe43b62-de54-4c74-8f9f-70948ee9d4b6,2026-06-03T11:15:00Z,2026-06-03T13:15:00+0200,62035.150031,MW,DE,DE_LU,forecast_load,Forecasted Load,2026-06-25T06:33:39Z
2026-06-25T06:32:03Z,2026-06-25T08:32:03+0200,cfe43b62-de54-4c74-8f9f-70948ee9d4b6,2026-06-03T11:30:00Z,2026-06-03T13:30:00+0200,61730.452926,MW,DE,DE_LU,forecast_load,Forecasted Load,2026-06-25T06:33:39Z
2026-06-25T06:32:03Z,2026-06-25T08:32:03+0200,cfe43b62-de54-4c74-8f9f-70948ee9d4b6,2026-06-03T11:45:00Z,2026-06-03T13:45:00+0200,60376.918315,MW,DE,DE_LU,forecast_load,Forecasted Load,2026-06-25T06:33:39Z
2026-06-25T06:32:03Z,2026-06-25T08:32:03+0200,cfe43b62-de54-4c74-8f9f-70948ee9d4b6,2026-06-03T12:00:00Z,2026-06-03T14:00:00+0200,61061.780813,MW,DE,DE_LU,forecast_load,Forecasted Load,2026-06-25T06:33:39Z
2026-06-25T06:32:03Z,2026-06-25T08:32:03+0200,cfe43b62-de54-4c74-8f9f-70948ee9d4b6,2026-06-03T12:15:00Z,2026-06-03T14:15:00+0200,60415.983109,MW,DE,DE_LU,forecast_load,Forecasted Load,2026-06-25T06:33:39Z
2026-06-25T06:32:03Z,2026-06-25T08:32:03+0200,cfe43b62-de54-4c74-8f9f-70948ee9d4b6,2026-06-03T12:30:00Z,2026-06-03T14:30:00+0200,60187.857562,MW,DE,DE_LU,forecast_load,Forecasted Load,2026-06-25T06:33:39Z
2026-06-25T06:32:03Z,2026-06-25T08:32:03+0200,cfe43b62-de54-4c74-8f9f-70948ee9d4b6,2026-06-03T12:45:00Z,2026-06-03T14:45:00+0200,59452.294546,MW,DE,DE_LU,forecast_load,Forecasted Load,2026-06-25T06:33:39Z
2026-06-25T06:32:03Z,2026-06-25T08:32:03+0200,cfe43b62-de54-4c74-8f9f-70948ee9d4b6,2026-06-03T13:00:00Z,2026-06-03T15:00:00+0200,59728.022666,MW,DE,DE_LU,forecast_load,Forecasted Load,2026-06-25T06:33:39Z
2026-06-25T06:32:03Z,2026-06-25T08:32:03+0200,cfe43b62-de54-4c74-8f9f-70948ee9d4b6,2026-06-03T13:15:00Z,2026-06-03T15:15:00+0200,58681.58568,MW,DE,DE_LU,forecast_load,Forecasted Load,2026-06-25T06:33:39Z
2026-06-25T06:32:03Z,2026-06-25T08:32:03+0200,cfe43b62-de54-4c74-8f9f-70948ee9d4b6,2026-06-03T13:30:00Z,2026-06-03T15:30:00+0200,58912.350892,MW,DE,DE_LU,forecast_load,Forecasted Load,2026-06-25T06:33:39Z
2026-06-25T06:32:03Z,2026-06-25T08:32:03+0200,cfe43b62-de54-4c74-8f9f-70948ee9d4b6,2026-06-03T13:45:00Z,2026-06-03T15:45:00+0200,59024.611501,MW,DE,DE_LU,forecast_load,Forecasted Load,2026-06-25T06:33:39Z
2026-06-25T06:32:03Z,2026-06-25T08:32:03+0200,cfe43b62-de54-4c74-8f9f-70948ee9d4b6,2026-06-03T14:00:00Z,2026-06-03T16:00:00+0200,59324.775088,MW,DE,DE_LU,forecast_load,Forecasted Load,2026-06-25T06:33:39Z
2026-06-25T06:32:03Z,2026-06-25T08:32:03+0200,cfe43b62-de54-4c74-8f9f-70948ee9d4b6,2026-06-03T14:15:00Z,2026-06-03T16:15:00+0200,58946.021679,MW,DE,DE_LU,forecast_load,Forecasted Load,2026-06-25T06:33:39Z
2026-06-25T06:32:03Z,2026-06-25T08:32:03+0200,cfe43b62-de54-4c74-8f9f-70948ee9d4b6,2026-06-03T14:30:00Z,2026-06-03T16:30:00+0200,58972.281982,MW,DE,DE_LU,forecast_load,Forecasted Load,2026-06-25T06:33:39Z
2026-06-25T06:32:03Z,2026-06-25T08:32:03+0200,cfe43b62-de54-4c74-8f9f-70948ee9d4b6,2026-06-03T14:45:00Z,2026-06-03T16:45:00+0200,58937.116095,MW,DE,DE_LU,forecast_load,Forecasted Load,2026-06-25T06:33:39Z
2026-06-25T06:32:03Z,2026-06-25T08:32:03+0200,cfe43b62-de54-4c74-8f9f-70948ee9d4b6,2026-06-03T15:00:00Z,2026-06-03T17:00:00+0200,58811.433824,MW,DE,DE_LU,forecast_load,Forecasted Load,2026-06-25T06:33:39Z
2026-06-25T06:32:03Z,2026-06-25T08:32:03+0200,cfe43b62-de54-4c74-8f9f-70948ee9d4b6,2026-06-03T15:15:00Z,2026-06-03T17:15:00+0200,59197.529045,MW,DE,DE_LU,forecast_load,Forecasted Load,2026-06-25T06:33:39Z
2026-06-25T06:32:03Z,2026-06-25T08:32:03+0200,cfe43b62-de54-4c74-8f9f-70948ee9d4b6,2026-06-03T15:30:00Z,2026-06-03T17:30:00+0200,58935.337883,MW,DE,DE_LU,forecast_load,Forecasted Load,2026-06-25T06:33:39Z
2026-06-25T06:32:03Z,2026-06-25T08:32:03+0200,cfe43b62-de54-4c74-8f9f-70948ee9d4b6,2026-06-03T15:45:00Z,2026-06-03T17:45:00+0200,58846.375505,MW,DE,DE_LU,forecast_load,Forecasted Load,2026-06-25T06:33:39Z
2026-06-25T06:32:03Z,2026-06-25T08:32:03+0200,cfe43b62-de54-4c74-8f9f-70948ee9d4b6,2026-06-03T16:00:00Z,2026-06-03T18:00:00+0200,58955.252857,MW,DE,DE_LU,forecast_load,Forecasted Load,2026-06-25T06:33:39Z
2026-06-25T06:32:03Z,2026-06-25T08:32:03+0200,cfe43b62-de54-4c74-8f9f-70948ee9d4b6,2026-06-03T16:15:00Z,2026-06-03T18:15:00+0200,58844.852814,MW,DE,DE_LU,forecast_load,Forecasted Load,2026-06-25T06:33:39Z
2026-06-25T06:32:03Z,2026-06-25T08:32:03+0200,cfe43b62-de54-4c74-8f9f-70948ee9d4b6,2026-06-03T16:30:00Z,2026-06-03T18:30:00+0200,58978.308117,MW,DE,DE_LU,forecast_load,Forecasted Load,2026-06-25T06:33:39Z
2026-06-25T06:32:03Z,2026-06-25T08:32:03+0200,cfe43b62-de54-4c74-8f9f-70948ee9d4b6,2026-06-03T16:45:00Z,2026-06-03T18:45:00+0200,59181.08974,MW,DE,DE_LU,forecast_load,Forecasted Load,2026-06-25T06:33:39Z
2026-06-25T06:32:03Z,2026-06-25T08:32:03+0200,cfe43b62-de54-4c74-8f9f-70948ee9d4b6,2026-06-03T17:00:00Z,2026-06-03T19:00:00+0200,59023.886468,MW,DE,DE_LU,forecast_load,Forecasted Load,2026-06-25T06:33:39Z
2026-06-25T06:32:03Z,2026-06-25T08:32:03+0200,cfe43b62-de54-4c74-8f9f-70948ee9d4b6,2026-06-03T17:15:00Z,2026-06-03T19:15:00+0200,58779.276155,MW,DE,DE_LU,forecast_load,Forecasted Load,2026-06-25T06:33:39Z
2026-06-25T06:32:03Z,2026-06-25T08:32:03+0200,cfe43b62-de54-4c74-8f9f-70948ee9d4b6,2026-06-03T17:30:00Z,2026-06-03T19:30:00+0200,58781.746566,MW,DE,DE_LU,forecast_load,Forecasted Load,2026-06-25T06:33:39Z
2026-06-25T06:32:03Z,2026-06-25T08:32:03+0200,cfe43b62-de54-4c74-8f9f-70948ee9d4b6,2026-06-03T17:45:00Z,2026-06-03T19:45:00+0200,58903.486547,MW,DE,DE_LU,forecast_load,Forecasted Load,2026-06-25T06:33:39Z
2026-06-25T06:32:03Z,2026-06-25T08:32:03+0200,cfe43b62-de54-4c74-8f9f-70948ee9d4b6,2026-06-03T18:00:00Z,2026-06-03T20:00:00+0200,58562.219534,MW,DE,DE_LU,forecast_load,Forecasted Load,2026-06-25T06:33:39Z
2026-06-25T06:32:03Z,2026-06-25T08:32:03+0200,cfe43b62-de54-4c74-8f9f-70948ee9d4b6,2026-06-03T18:15:00Z,2026-06-03T20:15:00+0200,57876.931057,MW,DE,DE_LU,forecast_load,Forecasted Load,2026-06-25T06:33:39Z
2026-06-25T06:32:03Z,2026-06-25T08:32:03+0200,cfe43b62-de54-4c74-8f9f-70948ee9d4b6,2026-06-03T18:30:00Z,2026-06-03T20:30:00+0200,57719.36801,MW,DE,DE_LU,forecast_load,Forecasted Load,2026-06-25T06:33:39Z
2026-06-25T06:32:03Z,2026-06-25T08:32:03+0200,cfe43b62-de54-4c74-8f9f-70948ee9d4b6,2026-06-03T18:45:00Z,2026-06-03T20:45:00+0200,57023.835648,MW,DE,DE_LU,forecast_load,Forecasted Load,2026-06-25T06:33:39Z
2026-06-25T06:32:03Z,2026-06-25T08:32:03+0200,cfe43b62-de54-4c74-8f9f-70948ee9d4b6,2026-06-03T19:00:00Z,2026-06-03T21:00:00+0200,56292.005778,MW,DE,DE_LU,forecast_load,Forecasted Load,2026-06-25T06:33:39Z
2026-06-25T06:32:03Z,2026-06-25T08:32:03+0200,cfe43b62-de54-4c74-8f9f-70948ee9d4b6,2026-06-03T19:15:00Z,2026-06-03T21:15:00+0200,55732.222235,MW,DE,DE_LU,forecast_load,Forecasted Load,2026-06-25T06:33:39Z
2026-06-25T06:32:03Z,2026-06-25T08:32:03+0200,cfe43b62-de54-4c74-8f9f-70948ee9d4b6,2026-06-03T19:30:00Z,2026-06-03T21:30:00+0200,54836.565177,MW,DE,DE_LU,forecast_load,Forecasted Load,2026-06-25T06:33:39Z
2026-06-25T06:32:03Z,2026-06-25T08:32:03+0200,cfe43b62-de54-4c74-8f9f-70948ee9d4b6,2026-06-03T19:45:00Z,2026-06-03T21:45:00+0200,54149.415125,MW,DE,DE_LU,forecast_load,Forecasted Load,2026-06-25T06:33:39Z
2026-06-25T06:32:03Z,2026-06-25T08:32:03+0200,cfe43b62-de54-4c74-8f9f-70948ee9d4b6,2026-06-03T20:00:00Z,2026-06-03T22:00:00+0200,53489.685373,MW,DE,DE_LU,forecast_load,Forecasted Load,2026-06-25T06:33:39Z
2026-06-25T06:32:03Z,2026-06-25T08:32:03+0200,cfe43b62-de54-4c74-8f9f-70948ee9d4b6,2026-06-03T20:15:00Z,2026-06-03T22:15:00+0200,52805.652179,MW,DE,DE_LU,forecast_load,Forecasted Load,2026-06-25T06:33:39Z
2026-06-25T06:32:03Z,2026-06-25T08:32:03+0200,cfe43b62-de54-4c74-8f9f-70948ee9d4b6,2026-06-03T20:30:00Z,2026-06-03T22:30:00+0200,51676.274746,MW,DE,DE_LU,forecast_load,Forecasted Load,2026-06-25T06:33:39Z
2026-06-25T06:32:03Z,2026-06-25T08:32:03+0200,cfe43b62-de54-4c74-8f9f-70948ee9d4b6,2026-06-03T20:45:00Z,2026-06-03T22:45:00+0200,51232.263052,MW,DE,DE_LU,forecast_load,Forecasted Load,2026-06-25T06:33:39Z
2026-06-25T06:32:03Z,2026-06-25T08:32:03+0200,cfe43b62-de54-4c74-8f9f-70948ee9d4b6,2026-06-03T21:00:00Z,2026-06-03T23:00:00+0200,50002.038647,MW,DE,DE_LU,forecast_load,Forecasted Load,2026-06-25T06:33:39Z
2026-06-25T06:32:03Z,2026-06-25T08:32:03+0200,cfe43b62-de54-4c74-8f9f-70948ee9d4b6,2026-06-03T21:15:00Z,2026-06-03T23:15:00+0200,49174.96317,MW,DE,DE_LU,forecast_load,Forecasted Load,2026-06-25T06:33:39Z
2026-06-25T06:32:03Z,2026-06-25T08:32:03+0200,cfe43b62-de54-4c74-8f9f-70948ee9d4b6,2026-06-03T21:30:00Z,2026-06-03T23:30:00+0200,48472.964021,MW,DE,DE_LU,forecast_load,Forecasted Load,2026-06-25T06:33:39Z
2026-06-25T06:32:03Z,2026-06-25T08:32:03+0200,cfe43b62-de54-4c74-8f9f-70948ee9d4b6,2026-06-03T21:45:00Z,2026-06-03T23:45:00+0200,47583.383066,MW,DE,DE_LU,forecast_load,Forecasted Load,2026-06-25T06:33:39Z
2026-06-25T06:32:03Z,2026-06-25T08:32:03+0200,cfe43b62-de54-4c74-8f9f-70948ee9d4b6,2026-06-03T22:00:00Z,2026-06-04T00:00:00+0200,46588.303853,MW,DE,DE_LU,forecast_load,Forecasted Load,2026-06-25T06:33:39Z
2026-06-25T06:32:03Z,2026-06-25T08:32:03+0200,cfe43b62-de54-4c74-8f9f-70948ee9d4b6,2026-06-03T22:15:00Z,2026-06-04T00:15:00+0200,45623.917183,MW,DE,DE_LU,forecast_load,Forecasted Load,2026-06-25T06:33:39Z
2026-06-25T06:32:03Z,2026-06-25T08:32:03+0200,cfe43b62-de54-4c74-8f9f-70948ee9d4b6,2026-06-03T22:30:00Z,2026-06-04T00:30:00+0200,44931.544247,MW,DE,DE_LU,forecast_load,Forecasted Load,2026-06-25T06:33:39Z
2026-06-25T06:32:03Z,2026-06-25T08:32:03+0200,cfe43b62-de54-4c74-8f9f-70948ee9d4b6,2026-06-03T22:45:00Z,2026-06-04T00:45:00+0200,44233.843975,MW,DE,DE_LU,forecast_load,Forecasted Load,2026-06-25T06:33:39Z
2026-06-25T06:32:03Z,2026-06-25T08:32:03+0200,cfe43b62-de54-4c74-8f9f-70948ee9d4b6,2026-06-03T23:00:00Z,2026-06-04T01:00:00+0200,43739.235292,MW,DE,DE_LU,forecast_load,Forecasted Load,2026-06-25T06:33:39Z
2026-06-25T06:32:03Z,2026-06-25T08:32:03+0200,cfe43b62-de54-4c74-8f9f-70948ee9d4b6,2026-06-03T23:15:00Z,2026-06-04T01:15:00+0200,43372.708283,MW,DE,DE_LU,forecast_load,Forecasted Load,2026-06-25T06:33:39Z
2026-06-25T06:32:03Z,2026-06-25T08:32:03+0200,cfe43b62-de54-4c74-8f9f-70948ee9d4b6,2026-06-03T23:30:00Z,2026-06-04T01:30:00+0200,43066.633812,MW,DE,DE_LU,forecast_load,Forecasted Load,2026-06-25T06:33:39Z
2026-06-25T06:32:03Z,2026-06-25T08:32:03+0200,cfe43b62-de54-4c74-8f9f-70948ee9d4b6,2026-06-03T23:45:00Z,2026-06-04T01:45:00+0200,42874.065833,MW,DE,DE_LU,forecast_load,Forecasted Load,2026-06-25T06:33:39Z
2026-06-25T06:32:03Z,2026-06-25T08:32:03+0200,cfe43b62-de54-4c74-8f9f-70948ee9d4b6,2026-06-04T00:00:00Z,2026-06-04T02:00:00+0200,42592.270533,MW,DE,DE_LU,forecast_load,Forecasted Load,2026-06-25T06:33:39Z
2026-06-25T06:32:03Z,2026-06-25T08:32:03+0200,cfe43b62-de54-4c74-8f9f-70948ee9d4b6,2026-06-04T00:15:00Z,2026-06-04T02:15:00+0200,42332.173649,MW,DE,DE_LU,forecast_load,Forecasted Load,2026-06-25T06:33:39Z
2026-06-25T06:32:03Z,2026-06-25T08:32:03+0200,cfe43b62-de54-4c74-8f9f-70948ee9d4b6,2026-06-04T00:30:00Z,2026-06-04T02:30:00+0200,42175.925513,MW,DE,DE_LU,forecast_load,Forecasted Load,2026-06-25T06:33:39Z
2026-06-25T06:32:03Z,2026-06-25T08:32:03+0200,cfe43b62-de54-4c74-8f9f-70948ee9d4b6,2026-06-04T00:45:00Z,2026-06-04T02:45:00+0200,42115.65089,MW,DE,DE_LU,forecast_load,Forecasted Load,2026-06-25T06:33:39Z
2026-06-25T06:32:03Z,2026-06-25T08:32:03+0200,cfe43b62-de54-4c74-8f9f-70948ee9d4b6,2026-06-04T01:00:00Z,2026-06-04T03:00:00+0200,42045.942293,MW,DE,DE_LU,forecast_load,Forecasted Load,2026-06-25T06:33:39Z
2026-06-25T06:32:03Z,2026-06-25T08:32:03+0200,cfe43b62-de54-4c74-8f9f-70948ee9d4b6,2026-06-04T01:15:00Z,2026-06-04T03:15:00+0200,41761.96185,MW,DE,DE_LU,forecast_load,Forecasted Load,2026-06-25T06:33:39Z
2026-06-25T06:32:03Z,2026-06-25T08:32:03+0200,cfe43b62-de54-4c74-8f9f-70948ee9d4b6,2026-06-04T01:30:00Z,2026-06-04T03:30:00+0200,41659.663711,MW,DE,DE_LU,forecast_load,Forecasted Load,2026-06-25T06:33:39Z
2026-06-25T06:32:03Z,2026-06-25T08:32:03+0200,cfe43b62-de54-4c74-8f9f-70948ee9d4b6,2026-06-04T01:45:00Z,2026-06-04T03:45:00+0200,41592.131034,MW,DE,DE_LU,forecast_load,Forecasted Load,2026-06-25T06:33:39Z
2026-06-25T06:32:03Z,2026-06-25T08:32:03+0200,cfe43b62-de54-4c74-8f9f-70948ee9d4b6,2026-06-04T02:00:00Z,2026-06-04T04:00:00+0200,41643.049237,MW,DE,DE_LU,forecast_load,Forecasted Load,2026-06-25T06:33:39Z
2026-06-25T06:32:03Z,2026-06-25T08:32:03+0200,cfe43b62-de54-4c74-8f9f-70948ee9d4b6,2026-06-04T02:15:00Z,2026-06-04T04:15:00+0200,41653.562077,MW,DE,DE_LU,forecast_load,Forecasted Load,2026-06-25T06:33:39Z
2026-06-25T06:32:03Z,2026-06-25T08:32:03+0200,cfe43b62-de54-4c74-8f9f-70948ee9d4b6,2026-06-04T02:30:00Z,2026-06-04T04:30:00+0200,41730.93434,MW,DE,DE_LU,forecast_load,Forecasted Load,2026-06-25T06:33:39Z
2026-06-25T06:32:03Z,2026-06-25T08:32:03+0200,cfe43b62-de54-4c74-8f9f-70948ee9d4b6,2026-06-04T02:45:00Z,2026-06-04T04:45:00+0200,41813.035653,MW,DE,DE_LU,forecast_load,Forecasted Load,2026-06-25T06:33:39Z
2026-06-25T06:32:03Z,2026-06-25T08:32:03+0200,cfe43b62-de54-4c74-8f9f-70948ee9d4b6,2026-06-04T03:00:00Z,2026-06-04T05:00:00+0200,42260.184944,MW,DE,DE_LU,forecast_load,Forecasted Load,2026-06-25T06:33:39Z
2026-06-25T06:32:03Z,2026-06-25T08:32:03+0200,cfe43b62-de54-4c74-8f9f-70948ee9d4b6,2026-06-04T03:15:00Z,2026-06-04T05:15:00+0200,42087.031506,MW,DE,DE_LU,forecast_load,Forecasted Load,2026-06-25T06:33:39Z
2026-06-25T06:32:03Z,2026-06-25T08:32:03+0200,cfe43b62-de54-4c74-8f9f-70948ee9d4b6,2026-06-04T03:30:00Z,2026-06-04T05:30:00+0200,42236.181342,MW,DE,DE_LU,forecast_load,Forecasted Load,2026-06-25T06:33:39Z
2026-06-25T06:32:03Z,2026-06-25T08:32:03+0200,cfe43b62-de54-4c74-8f9f-70948ee9d4b6,2026-06-04T03:45:00Z,2026-06-04T05:45:00+0200,43369.262497,MW,DE,DE_LU,forecast_load,Forecasted Load,2026-06-25T06:33:39Z
2026-06-25T06:32:03Z,2026-06-25T08:32:03+0200,cfe43b62-de54-4c74-8f9f-70948ee9d4b6,2026-06-04T04:00:00Z,2026-06-04T06:00:00+0200,44357.913112,MW,DE,DE_LU,forecast_load,Forecasted Load,2026-06-25T06:33:39Z
2026-06-25T06:32:03Z,2026-06-25T08:32:03+0200,cfe43b62-de54-4c74-8f9f-70948ee9d4b6,2026-06-04T04:15:00Z,2026-06-04T06:15:00+0200,44099.349928,MW,DE,DE_LU,forecast_load,Forecasted Load,2026-06-25T06:33:39Z
2026-06-25T06:32:03Z,2026-06-25T08:32:03+0200,cfe43b62-de54-4c74-8f9f-70948ee9d4b6,2026-06-04T04:30:00Z,2026-06-04T06:30:00+0200,44760.324364,MW,DE,DE_LU,forecast_load,Forecasted Load,2026-06-25T06:33:39Z
2026-06-25T06:32:03Z,2026-06-25T08:32:03+0200,cfe43b62-de54-4c74-8f9f-70948ee9d4b6,2026-06-04T04:45:00Z,2026-06-04T06:45:00+0200,44888.93414,MW,DE,DE_LU,forecast_load,Forecasted Load,2026-06-25T06:33:39Z
2026-06-25T06:32:03Z,2026-06-25T08:32:03+0200,cfe43b62-de54-4c74-8f9f-70948ee9d4b6,2026-06-04T05:00:00Z,2026-06-04T07:00:00+0200,45784.042566,MW,DE,DE_LU,forecast_load,Forecasted Load,2026-06-25T06:33:39Z
2026-06-25T06:32:03Z,2026-06-25T08:32:03+0200,cfe43b62-de54-4c74-8f9f-70948ee9d4b6,2026-06-04T05:15:00Z,2026-06-04T07:15:00+0200,46510.750094,MW,DE,DE_LU,forecast_load,Forecasted Load,2026-06-25T06:33:39Z
2026-06-25T06:32:03Z,2026-06-25T08:32:03+0200,cfe43b62-de54-4c74-8f9f-70948ee9d4b6,2026-06-04T05:30:00Z,2026-06-04T07:30:00+0200,47205.811935,MW,DE,DE_LU,forecast_load,Forecasted Load,2026-06-25T06:33:39Z
2026-06-25T06:32:03Z,2026-06-25T08:32:03+0200,cfe43b62-de54-4c74-8f9f-70948ee9d4b6,2026-06-04T05:45:00Z,2026-06-04T07:45:00+0200,48005.149196,MW,DE,DE_LU,forecast_load,Forecasted Load,2026-06-25T06:33:39Z
2026-06-25T06:32:03Z,2026-06-25T08:32:03+0200,cfe43b62-de54-4c74-8f9f-70948ee9d4b6,2026-06-04T06:00:00Z,2026-06-04T08:00:00+0200,48900.308147,MW,DE,DE_LU,forecast_load,Forecasted Load,2026-06-25T06:33:39Z
2026-06-25T06:32:03Z,2026-06-25T08:32:03+0200,cfe43b62-de54-4c74-8f9f-70948ee9d4b6,2026-06-04T06:15:00Z,2026-06-04T08:15:00+0200,49582.7769,MW,DE,DE_LU,forecast_load,Forecasted Load,2026-06-25T06:33:39Z
2026-06-25T06:32:03Z,2026-06-25T08:32:03+0200,cfe43b62-de54-4c74-8f9f-70948ee9d4b6,2026-06-04T06:30:00Z,2026-06-04T08:30:00+0200,50222.375353,MW,DE,DE_LU,forecast_load,Forecasted Load,2026-06-25T06:33:39Z
2026-06-25T06:32:03Z,2026-06-25T08:32:03+0200,cfe43b62-de54-4c74-8f9f-70948ee9d4b6,2026-06-04T06:45:00Z,2026-06-04T08:45:00+0200,50951.512699,MW,DE,DE_LU,forecast_load,Forecasted Load,2026-06-25T06:33:39Z
2026-06-25T06:32:03Z,2026-06-25T08:32:03+0200,cfe43b62-de54-4c74-8f9f-70948ee9d4b6,2026-06-04T07:00:00Z,2026-06-04T09:00:00+0200,51266.385124,MW,DE,DE_LU,forecast_load,Forecasted Load,2026-06-25T06:33:39Z
2026-06-25T06:32:03Z,2026-06-25T08:32:03+0200,cfe43b62-de54-4c74-8f9f-70948ee9d4b6,2026-06-04T07:15:00Z,2026-06-04T09:15:00+0200,51969.138939,MW,DE,DE_LU,forecast_load,Forecasted Load,2026-06-25T06:33:39Z
2026-06-25T06:32:03Z,2026-06-25T08:32:03+0200,cfe43b62-de54-4c74-8f9f-70948ee9d4b6,2026-06-04T07:30:00Z,2026-06-04T09:30:00+0200,52489.500851,MW,DE,DE_LU,forecast_load,Forecasted Load,2026-06-25T06:33:39Z
2026-06-25T06:32:03Z,2026-06-25T08:32:03+0200,cfe43b62-de54-4c74-8f9f-70948ee9d4b6,2026-06-04T07:45:00Z,2026-06-04T09:45:00+0200,52790.438038,MW,DE,DE_LU,forecast_load,Forecasted Load,2026-06-25T06:33:39Z
2026-06-25T06:32:03Z,2026-06-25T08:32:03+0200,cfe43b62-de54-4c74-8f9f-70948ee9d4b6,2026-06-04T08:00:00Z,2026-06-04T10:00:00+0200,52987.142055,MW,DE,DE_LU,forecast_load,Forecasted Load,2026-06-25T06:33:39Z
2026-06-25T06:32:03Z,2026-06-25T08:32:03+0200,cfe43b62-de54-4c74-8f9f-70948ee9d4b6,2026-06-04T08:15:00Z,2026-06-04T10:15:00+0200,53113.204965,MW,DE,DE_LU,forecast_load,Forecasted Load,2026-06-25T06:33:39Z
2026-06-25T06:32:03Z,2026-06-25T08:32:03+0200,cfe43b62-de54-4c74-8f9f-70948ee9d4b6,2026-06-04T08:30:00Z,2026-06-04T10:30:00+0200,53455.527375,MW,DE,DE_LU,forecast_load,Forecasted Load,2026-06-25T06:33:39Z
2026-06-25T06:32:03Z,2026-06-25T08:32:03+0200,cfe43b62-de54-4c74-8f9f-70948ee9d4b6,2026-06-04T08:45:00Z,2026-06-04T10:45:00+0200,53726.193159,MW,DE,DE_LU,forecast_load,Forecasted Load,2026-06-25T06:33:39Z
2026-06-25T06:32:03Z,2026-06-25T08:32:03+0200,cfe43b62-de54-4c74-8f9f-70948ee9d4b6,2026-06-04T09:00:00Z,2026-06-04T11:00:00+0200,53602.394911,MW,DE,DE_LU,forecast_load,Forecasted Load,2026-06-25T06:33:39Z
2026-06-25T06:32:03Z,2026-06-25T08:32:03+0200,cfe43b62-de54-4c74-8f9f-70948ee9d4b6,2026-06-04T09:15:00Z,2026-06-04T11:15:00+0200,53841.286627,MW,DE,DE_LU,forecast_load,Forecasted Load,2026-06-25T06:33:39Z
2026-06-25T06:32:03Z,2026-06-25T08:32:03+0200,cfe43b62-de54-4c74-8f9f-70948ee9d4b6,2026-06-04T09:30:00Z,2026-06-04T11:30:00+0200,53860.515955,MW,DE,DE_LU,forecast_load,Forecasted Load,2026-06-25T06:33:39Z
2026-06-25T06:32:03Z,2026-06-25T08:32:03+0200,cfe43b62-de54-4c74-8f9f-70948ee9d4b6,2026-06-04T09:45:00Z,2026-06-04T11:45:00+0200,53927.196132,MW,DE,DE_LU,forecast_load,Forecasted Load,2026-06-25T06:33:39Z
2026-06-25T06:32:03Z,2026-06-25T08:32:03+0200,cfe43b62-de54-4c74-8f9f-70948ee9d4b6,2026-06-04T10:00:00Z,2026-06-04T12:00:00+0200,53629.765464,MW,DE,DE_LU,forecast_load,Forecasted Load,2026-06-25T06:33:39Z
2026-06-25T06:32:03Z,2026-06-25T08:32:03+0200,cfe43b62-de54-4c74-8f9f-70948ee9d4b6,2026-06-04T10:15:00Z,2026-06-04T12:15:00+0200,53294.301362,MW,DE,DE_LU,forecast_load,Forecasted Load,2026-06-25T06:33:39Z
2026-06-25T06:32:03Z,2026-06-25T08:32:03+0200,cfe43b62-de54-4c74-8f9f-70948ee9d4b6,2026-06-04T10:30:00Z,2026-06-04T12:30:00+0200,53168.951112,MW,DE,DE_LU,forecast_load,Forecasted Load,2026-06-25T06:33:39Z
2026-06-25T06:32:03Z,2026-06-25T08:32:03+0200,cfe43b62-de54-4c74-8f9f-70948ee9d4b6,2026-06-04T10:45:00Z,2026-06-04T12:45:00+0200,52904.594788,MW,DE,DE_LU,forecast_load,Forecasted Load,2026-06-25T06:33:39Z
2026-06-25T06:32:03Z,2026-06-25T08:32:03+0200,cfe43b62-de54-4c74-8f9f-70948ee9d4b6,2026-06-04T11:00:00Z,2026-06-04T13:00:00+0200,52411.971035,MW,DE,DE_LU,forecast_load,Forecasted Load,2026-06-25T06:33:39Z
2026-06-25T06:32:03Z,2026-06-25T08:32:03+0200,cfe43b62-de54-4c74-8f9f-70948ee9d4b6,2026-06-04T11:15:00Z,2026-06-04T13:15:00+0200,52328.296141,MW,DE,DE_LU,forecast_load,Forecasted Load,2026-06-25T06:33:39Z
2026-06-25T06:32:03Z,2026-06-25T08:32:03+0200,cfe43b62-de54-4c74-8f9f-70948ee9d4b6,2026-06-04T11:30:00Z,2026-06-04T13:30:00+0200,52002.762508,MW,DE,DE_LU,forecast_load,Forecasted Load,2026-06-25T06:33:39Z
2026-06-25T06:32:03Z,2026-06-25T08:32:03+0200,cfe43b62-de54-4c74-8f9f-70948ee9d4b6,2026-06-04T11:45:00Z,2026-06-04T13:45:00+0200,51507.035757,MW,DE,DE_LU,forecast_load,Forecasted Load,2026-06-25T06:33:39Z
2026-06-25T06:32:03Z,2026-06-25T08:32:03+0200,cfe43b62-de54-4c74-8f9f-70948ee9d4b6,2026-06-04T12:00:00Z,2026-06-04T14:00:00+0200,51503.113441,MW,DE,DE_LU,forecast_load,Forecasted Load,2026-06-25T06:33:39Z
2026-06-25T06:32:03Z,2026-06-25T08:32:03+0200,cfe43b62-de54-4c74-8f9f-70948ee9d4b6,2026-06-04T12:15:00Z,2026-06-04T14:15:00+0200,51169.772934,MW,DE,DE_LU,forecast_load,Forecasted Load,2026-06-25T06:33:39Z
2026-06-25T06:32:03Z,2026-06-25T08:32:03+0200,cfe43b62-de54-4c74-8f9f-70948ee9d4b6,2026-06-04T12:30:00Z,2026-06-04T14:30:00+0200,51043.003777,MW,DE,DE_LU,forecast_load,Forecasted Load,2026-06-25T06:33:39Z
2026-06-25T06:32:03Z,2026-06-25T08:32:03+0200,cfe43b62-de54-4c74-8f9f-70948ee9d4b6,2026-06-04T12:45:00Z,2026-06-04T14:45:00+0200,50687.558758,MW,DE,DE_LU,forecast_load,Forecasted Load,2026-06-25T06:33:39Z
2026-06-25T06:32:03Z,2026-06-25T08:32:03+0200,cfe43b62-de54-4c74-8f9f-70948ee9d4b6,2026-06-04T13:00:00Z,2026-06-04T15:00:00+0200,50947.11536,MW,DE,DE_LU,forecast_load,Forecasted Load,2026-06-25T06:33:39Z
2026-06-25T06:32:03Z,2026-06-25T08:32:03+0200,cfe43b62-de54-4c74-8f9f-70948ee9d4b6,2026-06-04T13:15:00Z,2026-06-04T15:15:00+0200,50780.764811,MW,DE,DE_LU,forecast_load,Forecasted Load,2026-06-25T06:33:39Z
2026-06-25T06:32:03Z,2026-06-25T08:32:03+0200,cfe43b62-de54-4c74-8f9f-70948ee9d4b6,2026-06-04T13:30:00Z,2026-06-04T15:30:00+0200,50260.848649,MW,DE,DE_LU,forecast_load,Forecasted Load,2026-06-25T06:33:39Z
2026-06-25T06:32:03Z,2026-06-25T08:32:03+0200,cfe43b62-de54-4c74-8f9f-70948ee9d4b6,2026-06-04T13:45:00Z,2026-06-04T15:45:00+0200,49886.890903,MW,DE,DE_LU,forecast_load,Forecasted Load,2026-06-25T06:33:39Z
2026-06-25T06:32:03Z,2026-06-25T08:32:03+0200,cfe43b62-de54-4c74-8f9f-70948ee9d4b6,2026-06-04T14:00:00Z,2026-06-04T16:00:00+0200,50159.413719,MW,DE,DE_LU,forecast_load,Forecasted Load,2026-06-25T06:33:39Z
2026-06-25T06:32:03Z,2026-06-25T08:32:03+0200,cfe43b62-de54-4c74-8f9f-70948ee9d4b6,2026-06-04T14:15:00Z,2026-06-04T16:15:00+0200,50019.212229,MW,DE,DE_LU,forecast_load,Forecasted Load,2026-06-25T06:33:39Z
2026-06-25T06:32:03Z,2026-06-25T08:32:03+0200,cfe43b62-de54-4c74-8f9f-70948ee9d4b6,2026-06-04T14:30:00Z,2026-06-04T16:30:00+0200,50610.215277,MW,DE,DE_LU,forecast_load,Forecasted Load,2026-06-25T06:33:39Z
2026-06-25T06:32:03Z,2026-06-25T08:32:03+0200,cfe43b62-de54-4c74-8f9f-70948ee9d4b6,2026-06-04T14:45:00Z,2026-06-04T16:45:00+0200,50434.553244,MW,DE,DE_LU,forecast_load,Forecasted Load,2026-06-25T06:33:39Z
2026-06-25T06:32:03Z,2026-06-25T08:32:03+0200,cfe43b62-de54-4c74-8f9f-70948ee9d4b6,2026-06-04T15:00:00Z,2026-06-04T17:00:00+0200,51459.967801,MW,DE,DE_LU,forecast_load,Forecasted Load,2026-06-25T06:33:39Z
2026-06-25T06:32:03Z,2026-06-25T08:32:03+0200,cfe43b62-de54-4c74-8f9f-70948ee9d4b6,2026-06-04T15:15:00Z,2026-06-04T17:15:00+0200,51200.262252,MW,DE,DE_LU,forecast_load,Forecasted Load,2026-06-25T06:33:39Z
2026-06-25T06:32:03Z,2026-06-25T08:32:03+0200,cfe43b62-de54-4c74-8f9f-70948ee9d4b6,2026-06-04T15:30:00Z,2026-06-04T17:30:00+0200,51233.198461,MW,DE,DE_LU,forecast_load,Forecasted Load,2026-06-25T06:33:39Z
2026-06-25T06:32:03Z,2026-06-25T08:32:03+0200,cfe43b62-de54-4c74-8f9f-70948ee9d4b6,2026-06-04T15:45:00Z,2026-06-04T17:45:00+0200,51301.46059,MW,DE,DE_LU,forecast_load,Forecasted Load,2026-06-25T06:33:39Z
2026-06-25T06:32:03Z,2026-06-25T08:32:03+0200,cfe43b62-de54-4c74-8f9f-70948ee9d4b6,2026-06-04T16:00:00Z,2026-06-04T18:00:00+0200,52566.431434,MW,DE,DE_LU,forecast_load,Forecasted Load,2026-06-25T06:33:39Z
2026-06-25T06:32:03Z,2026-06-25T08:32:03+0200,cfe43b62-de54-4c74-8f9f-70948ee9d4b6,2026-06-04T16:15:00Z,2026-06-04T18:15:00+0200,52511.061792,MW,DE,DE_LU,forecast_load,Forecasted Load,2026-06-25T06:33:39Z
2026-06-25T06:32:03Z,2026-06-25T08:32:03+0200,cfe43b62-de54-4c74-8f9f-70948ee9d4b6,2026-06-04T16:30:00Z,2026-06-04T18:30:00+0200,52190.485786,MW,DE,DE_LU,forecast_load,Forecasted Load,2026-06-25T06:33:39Z
2026-06-25T06:32:03Z,2026-06-25T08:32:03+0200,cfe43b62-de54-4c74-8f9f-70948ee9d4b6,2026-06-04T16:45:00Z,2026-06-04T18:45:00+0200,51968.574449,MW,DE,DE_LU,forecast_load,Forecasted Load,2026-06-25T06:33:39Z
2026-06-25T06:32:03Z,2026-06-25T08:32:03+0200,cfe43b62-de54-4c74-8f9f-70948ee9d4b6,2026-06-04T17:00:00Z,2026-06-04T19:00:00+0200,52170.032447,MW,DE,DE_LU,forecast_load,Forecasted Load,2026-06-25T06:33:39Z
2026-06-25T06:32:03Z,2026-06-25T08:32:03+0200,cfe43b62-de54-4c74-8f9f-70948ee9d4b6,2026-06-04T17:15:00Z,2026-06-04T19:15:00+0200,52235.150168,MW,DE,DE_LU,forecast_load,Forecasted Load,2026-06-25T06:33:39Z
2026-06-25T06:32:03Z,2026-06-25T08:32:03+0200,cfe43b62-de54-4c74-8f9f-70948ee9d4b6,2026-06-04T17:30:00Z,2026-06-04T19:30:00+0200,52200.208838,MW,DE,DE_LU,forecast_load,Forecasted Load,2026-06-25T06:33:39Z
2026-06-25T06:32:03Z,2026-06-25T08:32:03+0200,cfe43b62-de54-4c74-8f9f-70948ee9d4b6,2026-06-04T17:45:00Z,2026-06-04T19:45:00+0200,52171.744035,MW,DE,DE_LU,forecast_load,Forecasted Load,2026-06-25T06:33:39Z
2026-06-25T06:32:03Z,2026-06-25T08:32:03+0200,cfe43b62-de54-4c74-8f9f-70948ee9d4b6,2026-06-04T18:00:00Z,2026-06-04T20:00:00+0200,52314.125352,MW,DE,DE_LU,forecast_load,Forecasted Load,2026-06-25T06:33:39Z
2026-06-25T06:32:03Z,2026-06-25T08:32:03+0200,cfe43b62-de54-4c74-8f9f-70948ee9d4b6,2026-06-04T18:15:00Z,2026-06-04T20:15:00+0200,52313.897234,MW,DE,DE_LU,forecast_load,Forecasted Load,2026-06-25T06:33:39Z
2026-06-25T06:32:03Z,2026-06-25T08:32:03+0200,cfe43b62-de54-4c74-8f9f-70948ee9d4b6,2026-06-04T18:30:00Z,2026-06-04T20:30:00+0200,51725.411088,MW,DE,DE_LU,forecast_load,Forecasted Load,2026-06-25T06:33:39Z
2026-06-25T06:32:03Z,2026-06-25T08:32:03+0200,cfe43b62-de54-4c74-8f9f-70948ee9d4b6,2026-06-04T18:45:00Z,2026-06-04T20:45:00+0200,51369.175487,MW,DE,DE_LU,forecast_load,Forecasted Load,2026-06-25T06:33:39Z
2026-06-25T06:32:03Z,2026-06-25T08:32:03+0200,cfe43b62-de54-4c74-8f9f-70948ee9d4b6,2026-06-04T19:00:00Z,2026-06-04T21:00:00+0200,51083.25922,MW,DE,DE_LU,forecast_load,Forecasted Load,2026-06-25T06:33:39Z
2026-06-25T06:32:03Z,2026-06-25T08:32:03+0200,cfe43b62-de54-4c74-8f9f-70948ee9d4b6,2026-06-04T19:15:00Z,2026-06-04T21:15:00+0200,50821.853734,MW,DE,DE_LU,forecast_load,Forecasted Load,2026-06-25T06:33:39Z
2026-06-25T06:32:03Z,2026-06-25T08:32:03+0200,cfe43b62-de54-4c74-8f9f-70948ee9d4b6,2026-06-04T19:30:00Z,2026-06-04T21:30:00+0200,50316.076825,MW,DE,DE_LU,forecast_load,Forecasted Load,2026-06-25T06:33:39Z
2026-06-25T06:32:03Z,2026-06-25T08:32:03+0200,cfe43b62-de54-4c74-8f9f-70948ee9d4b6,2026-06-04T19:45:00Z,2026-06-04T21:45:00+0200,49986.162594,MW,DE,DE_LU,forecast_load,Forecasted Load,2026-06-25T06:33:39Z
2026-06-25T06:32:03Z,2026-06-25T08:32:03+0200,cfe43b62-de54-4c74-8f9f-70948ee9d4b6,2026-06-04T20:00:00Z,2026-06-04T22:00:00+0200,49593.245293,MW,DE,DE_LU,forecast_load,Forecasted Load,2026-06-25T06:33:39Z
2026-06-25T06:32:03Z,2026-06-25T08:32:03+0200,cfe43b62-de54-4c74-8f9f-70948ee9d4b6,2026-06-04T20:15:00Z,2026-06-04T22:15:00+0200,49092.652273,MW,DE,DE_LU,forecast_load,Forecasted Load,2026-06-25T06:33:39Z
2026-06-25T06:32:03Z,2026-06-25T08:32:03+0200,cfe43b62-de54-4c74-8f9f-70948ee9d4b6,2026-06-04T20:30:00Z,2026-06-04T22:30:00+0200,48569.649842,MW,DE,DE_LU,forecast_load,Forecasted Load,2026-06-25T06:33:39Z
2026-06-25T06:32:03Z,2026-06-25T08:32:03+0200,cfe43b62-de54-4c74-8f9f-70948ee9d4b6,2026-06-04T20:45:00Z,2026-06-04T22:45:00+0200,48019.879348,MW,DE,DE_LU,forecast_load,Forecasted Load,2026-06-25T06:33:39Z
2026-06-25T06:32:03Z,2026-06-25T08:32:03+0200,cfe43b62-de54-4c74-8f9f-70948ee9d4b6,2026-06-04T21:00:00Z,2026-06-04T23:00:00+0200,47217.111662,MW,DE,DE_LU,forecast_load,Forecasted Load,2026-06-25T06:33:39Z
2026-06-25T06:32:03Z,2026-06-25T08:32:03+0200,cfe43b62-de54-4c74-8f9f-70948ee9d4b6,2026-06-04T21:15:00Z,2026-06-04T23:15:00+0200,46696.574894,MW,DE,DE_LU,forecast_load,Forecasted Load,2026-06-25T06:33:39Z
2026-06-25T06:32:03Z,2026-06-25T08:32:03+0200,cfe43b62-de54-4c74-8f9f-70948ee9d4b6,2026-06-04T21:30:00Z,2026-06-04T23:30:00+0200,46222.432836,MW,DE,DE_LU,forecast_load,Forecasted Load,2026-06-25T06:33:39Z
2026-06-25T06:32:03Z,2026-06-25T08:32:03+0200,cfe43b62-de54-4c74-8f9f-70948ee9d4b6,2026-06-04T21:45:00Z,2026-06-04T23:45:00+0200,45743.677282,MW,DE,DE_LU,forecast_load,Forecasted Load,2026-06-25T06:33:39Z
2026-06-25T06:32:03Z,2026-06-25T08:32:03+0200,cfe43b62-de54-4c74-8f9f-70948ee9d4b6,2026-06-04T22:00:00Z,2026-06-05T00:00:00+0200,45083.192408,MW,DE,DE_LU,forecast_load,Forecasted Load,2026-06-25T06:33:39Z
2026-06-25T06:32:03Z,2026-06-25T08:32:03+0200,cfe43b62-de54-4c74-8f9f-70948ee9d4b6,2026-06-04T22:15:00Z,2026-06-05T00:15:00+0200,44537.593686,MW,DE,DE_LU,forecast_load,Forecasted Load,2026-06-25T06:33:39Z
2026-06-25T06:32:03Z,2026-06-25T08:32:03+0200,cfe43b62-de54-4c74-8f9f-70948ee9d4b6,2026-06-04T22:30:00Z,2026-06-05T00:30:00+0200,44228.51421,MW,DE,DE_LU,forecast_load,Forecasted Load,2026-06-25T06:33:39Z
2026-06-25T06:32:03Z,2026-06-25T08:32:03+0200,cfe43b62-de54-4c74-8f9f-70948ee9d4b6,2026-06-04T22:45:00Z,2026-06-05T00:45:00+0200,43735.652145,MW,DE,DE_LU,forecast_load,Forecasted Load,2026-06-25T06:33:39Z
2026-06-25T06:32:03Z,2026-06-25T08:32:03+0200,cfe43b62-de54-4c74-8f9f-70948ee9d4b6,2026-06-04T23:00:00Z,2026-06-05T01:00:00+0200,43401.202901,MW,DE,DE_LU,forecast_load,Forecasted Load,2026-06-25T06:33:39Z
2026-06-25T06:32:03Z,2026-06-25T08:32:03+0200,cfe43b62-de54-4c74-8f9f-70948ee9d4b6,2026-06-04T23:15:00Z,2026-06-05T01:15:00+0200,42982.319741,MW,DE,DE_LU,forecast_load,Forecasted Load,2026-06-25T06:33:39Z
2026-06-25T06:32:03Z,2026-06-25T08:32:03+0200,cfe43b62-de54-4c74-8f9f-70948ee9d4b6,2026-06-04T23:30:00Z,2026-06-05T01:30:00+0200,42813.538715,MW,DE,DE_LU,forecast_load,Forecasted Load,2026-06-25T06:33:39Z
2026-06-25T06:32:03Z,2026-06-25T08:32:03+0200,cfe43b62-de54-4c74-8f9f-70948ee9d4b6,2026-06-04T23:45:00Z,2026-06-05T01:45:00+0200,42460.356268,MW,DE,DE_LU,forecast_load,Forecasted Load,2026-06-25T06:33:39Z
2026-06-25T06:32:03Z,2026-06-25T08:32:03+0200,cfe43b62-de54-4c74-8f9f-70948ee9d4b6,2026-06-05T00:00:00Z,2026-06-05T02:00:00+0200,42231.976094,MW,DE,DE_LU,forecast_load,Forecasted Load,2026-06-25T06:33:39Z
2026-06-25T06:32:03Z,2026-06-25T08:32:03+0200,cfe43b62-de54-4c74-8f9f-70948ee9d4b6,2026-06-05T00:15:00Z,2026-06-05T02:15:00+0200,42070.438657,MW,DE,DE_LU,forecast_load,Forecasted Load,2026-06-25T06:33:39Z
2026-06-25T06:32:03Z,2026-06-25T08:32:03+0200,cfe43b62-de54-4c74-8f9f-70948ee9d4b6,2026-06-05T00:30:00Z,2026-06-05T02:30:00+0200,41934.138109,MW,DE,DE_LU,forecast_load,Forecasted Load,2026-06-25T06:33:39Z
2026-06-25T06:32:03Z,2026-06-25T08:32:03+0200,cfe43b62-de54-4c74-8f9f-70948ee9d4b6,2026-06-05T00:45:00Z,2026-06-05T02:45:00+0200,41767.322759,MW,DE,DE_LU,forecast_load,Forecasted Load,2026-06-25T06:33:39Z
2026-06-25T06:32:03Z,2026-06-25T08:32:03+0200,cfe43b62-de54-4c74-8f9f-70948ee9d4b6,2026-06-05T01:00:00Z,2026-06-05T03:00:00+0200,41758.830561,MW,DE,DE_LU,forecast_load,Forecasted Load,2026-06-25T06:33:39Z
2026-06-25T06:32:03Z,2026-06-25T08:32:03+0200,cfe43b62-de54-4c74-8f9f-70948ee9d4b6,2026-06-05T01:15:00Z,2026-06-05T03:15:00+0200,41743.919177,MW,DE,DE_LU,forecast_load,Forecasted Load,2026-06-25T06:33:39Z
2026-06-25T06:32:03Z,2026-06-25T08:32:03+0200,cfe43b62-de54-4c74-8f9f-70948ee9d4b6,2026-06-05T01:30:00Z,2026-06-05T03:30:00+0200,41731.582444,MW,DE,DE_LU,forecast_load,Forecasted Load,2026-06-25T06:33:39Z
2026-06-25T06:32:03Z,2026-06-25T08:32:03+0200,cfe43b62-de54-4c74-8f9f-70948ee9d4b6,2026-06-05T01:45:00Z,2026-06-05T03:45:00+0200,41978.092803,MW,DE,DE_LU,forecast_load,Forecasted Load,2026-06-25T06:33:39Z
2026-06-25T06:32:03Z,2026-06-25T08:32:03+0200,cfe43b62-de54-4c74-8f9f-70948ee9d4b6,2026-06-05T02:00:00Z,2026-06-05T04:00:00+0200,42261.833352,MW,DE,DE_LU,forecast_load,Forecasted Load,2026-06-25T06:33:39Z
2026-06-25T06:32:03Z,2026-06-25T08:32:03+0200,cfe43b62-de54-4c74-8f9f-70948ee9d4b6,2026-06-05T02:15:00Z,2026-06-05T04:15:00+0200,42456.483958,MW,DE,DE_LU,forecast_load,Forecasted Load,2026-06-25T06:33:39Z
2026-06-25T06:32:03Z,2026-06-25T08:32:03+0200,cfe43b62-de54-4c74-8f9f-70948ee9d4b6,2026-06-05T02:30:00Z,2026-06-05T04:30:00+0200,42919.045449,MW,DE,DE_LU,forecast_load,Forecasted Load,2026-06-25T06:33:39Z
2026-06-25T06:32:03Z,2026-06-25T08:32:03+0200,cfe43b62-de54-4c74-8f9f-70948ee9d4b6,2026-06-05T02:45:00Z,2026-06-05T04:45:00+0200,43254.266582,MW,DE,DE_LU,forecast_load,Forecasted Load,2026-06-25T06:33:39Z
2026-06-25T06:32:03Z,2026-06-25T08:32:03+0200,cfe43b62-de54-4c74-8f9f-70948ee9d4b6,2026-06-05T03:00:00Z,2026-06-05T05:00:00+0200,44276.614559,MW,DE,DE_LU,forecast_load,Forecasted Load,2026-06-25T06:33:39Z
2026-06-25T06:32:03Z,2026-06-25T08:32:03+0200,cfe43b62-de54-4c74-8f9f-70948ee9d4b6,2026-06-05T03:15:00Z,2026-06-05T05:15:00+0200,44111.271838,MW,DE,DE_LU,forecast_load,Forecasted Load,2026-06-25T06:33:39Z
2026-06-25T06:32:03Z,2026-06-25T08:32:03+0200,cfe43b62-de54-4c74-8f9f-70948ee9d4b6,2026-06-05T03:30:00Z,2026-06-05T05:30:00+0200,44563.620698,MW,DE,DE_LU,forecast_load,Forecasted Load,2026-06-25T06:33:39Z
2026-06-25T06:32:03Z,2026-06-25T08:32:03+0200,cfe43b62-de54-4c74-8f9f-70948ee9d4b6,2026-06-05T03:45:00Z,2026-06-05T05:45:00+0200,46211.503084,MW,DE,DE_LU,forecast_load,Forecasted Load,2026-06-25T06:33:39Z
2026-06-25T06:32:03Z,2026-06-25T08:32:03+0200,cfe43b62-de54-4c74-8f9f-70948ee9d4b6,2026-06-05T04:00:00Z,2026-06-05T06:00:00+0200,48203.339216,MW,DE,DE_LU,forecast_load,Forecasted Load,2026-06-25T06:33:39Z
2026-06-25T06:32:03Z,2026-06-25T08:32:03+0200,cfe43b62-de54-4c74-8f9f-70948ee9d4b6,2026-06-05T04:15:00Z,2026-06-05T06:15:00+0200,46770.054603,MW,DE,DE_LU,forecast_load,Forecasted Load,2026-06-25T06:33:39Z
2026-06-25T06:32:03Z,2026-06-25T08:32:03+0200,cfe43b62-de54-4c74-8f9f-70948ee9d4b6,2026-06-05T04:30:00Z,2026-06-05T06:30:00+0200,47740.282005,MW,DE,DE_LU,forecast_load,Forecasted Load,2026-06-25T06:33:39Z
2026-06-25T06:32:03Z,2026-06-25T08:32:03+0200,cfe43b62-de54-4c74-8f9f-70948ee9d4b6,2026-06-05T04:45:00Z,2026-06-05T06:45:00+0200,48581.489472,MW,DE,DE_LU,forecast_load,Forecasted Load,2026-06-25T06:33:39Z
2026-06-25T06:32:03Z,2026-06-25T08:32:03+0200,cfe43b62-de54-4c74-8f9f-70948ee9d4b6,2026-06-05T05:00:00Z,2026-06-05T07:00:00+0200,49570.745195,MW,DE,DE_LU,forecast_load,Forecasted Load,2026-06-25T06:33:39Z
2026-06-25T06:32:03Z,2026-06-25T08:32:03+0200,cfe43b62-de54-4c74-8f9f-70948ee9d4b6,2026-06-05T05:15:00Z,2026-06-05T07:15:00+0200,50568.802393,MW,DE,DE_LU,forecast_load,Forecasted Load,2026-06-25T06:33:39Z
2026-06-25T06:32:03Z,2026-06-25T08:32:03+0200,cfe43b62-de54-4c74-8f9f-70948ee9d4b6,2026-06-05T05:30:00Z,2026-06-05T07:30:00+0200,51546.922693,MW,DE,DE_LU,forecast_load,Forecasted Load,2026-06-25T06:33:39Z
2026-06-25T06:32:03Z,2026-06-25T08:32:03+0200,cfe43b62-de54-4c74-8f9f-70948ee9d4b6,2026-06-05T05:45:00Z,2026-06-05T07:45:00+0200,52545.954581,MW,DE,DE_LU,forecast_load,Forecasted Load,2026-06-25T06:33:39Z
2026-06-25T06:32:03Z,2026-06-25T08:32:03+0200,cfe43b62-de54-4c74-8f9f-70948ee9d4b6,2026-06-05T06:00:00Z,2026-06-05T08:00:00+0200,53677.546909,MW,DE,DE_LU,forecast_load,Forecasted Load,2026-06-25T06:33:39Z
2026-06-25T06:32:03Z,2026-06-25T08:32:03+0200,cfe43b62-de54-4c74-8f9f-70948ee9d4b6,2026-06-05T06:15:00Z,2026-06-05T08:15:00+0200,54330.041632,MW,DE,DE_LU,forecast_load,Forecasted Load,2026-06-25T06:33:39Z
2026-06-25T06:32:03Z,2026-06-25T08:32:03+0200,cfe43b62-de54-4c74-8f9f-70948ee9d4b6,2026-06-05T06:30:00Z,2026-06-05T08:30:00+0200,54931.232921,MW,DE,DE_LU,forecast_load,Forecasted Load,2026-06-25T06:33:39Z
2026-06-25T06:32:03Z,2026-06-25T08:32:03+0200,cfe43b62-de54-4c74-8f9f-70948ee9d4b6,2026-06-05T06:45:00Z,2026-06-05T08:45:00+0200,55516.196629,MW,DE,DE_LU,forecast_load,Forecasted Load,2026-06-25T06:33:39Z
2026-06-25T06:32:03Z,2026-06-25T08:32:03+0200,cfe43b62-de54-4c74-8f9f-70948ee9d4b6,2026-06-05T07:00:00Z,2026-06-05T09:00:00+0200,55799.779301,MW,DE,DE_LU,forecast_load,Forecasted Load,2026-06-25T06:33:39Z
2026-06-25T06:32:03Z,2026-06-25T08:32:03+0200,cfe43b62-de54-4c74-8f9f-70948ee9d4b6,2026-06-05T07:15:00Z,2026-06-05T09:15:00+0200,56466.383749,MW,DE,DE_LU,forecast_load,Forecasted Load,2026-06-25T06:33:39Z
2026-06-25T06:32:03Z,2026-06-25T08:32:03+0200,cfe43b62-de54-4c74-8f9f-70948ee9d4b6,2026-06-05T07:30:00Z,2026-06-05T09:30:00+0200,56751.110448,MW,DE,DE_LU,forecast_load,Forecasted Load,2026-06-25T06:33:39Z
2026-06-25T06:32:03Z,2026-06-25T08:32:03+0200,cfe43b62-de54-4c74-8f9f-70948ee9d4b6,2026-06-05T07:45:00Z,2026-06-05T09:45:00+0200,57005.684875,MW,DE,DE_LU,forecast_load,Forecasted Load,2026-06-25T06:33:39Z
2026-06-25T06:32:03Z,2026-06-25T08:32:03+0200,cfe43b62-de54-4c74-8f9f-70948ee9d4b6,2026-06-05T08:00:00Z,2026-06-05T10:00:00+0200,57054.403638,MW,DE,DE_LU,forecast_load,Forecasted Load,2026-06-25T06:33:39Z
2026-06-25T06:32:03Z,2026-06-25T08:32:03+0200,cfe43b62-de54-4c74-8f9f-70948ee9d4b6,2026-06-05T08:15:00Z,2026-06-05T10:15:00+0200,57201.796769,MW,DE,DE_LU,forecast_load,Forecasted Load,2026-06-25T06:33:39Z
2026-06-25T06:32:03Z,2026-06-25T08:32:03+0200,cfe43b62-de54-4c74-8f9f-70948ee9d4b6,2026-06-05T08:30:00Z,2026-06-05T10:30:00+0200,57381.172097,MW,DE,DE_LU,forecast_load,Forecasted Load,2026-06-25T06:33:39Z
2026-06-25T06:32:03Z,2026-06-25T08:32:03+0200,cfe43b62-de54-4c74-8f9f-70948ee9d4b6,2026-06-05T08:45:00Z,2026-06-05T10:45:00+0200,57644.352495,MW,DE,DE_LU,forecast_load,Forecasted Load,2026-06-25T06:33:39Z
2026-06-25T06:32:03Z,2026-06-25T08:32:03+0200,cfe43b62-de54-4c74-8f9f-70948ee9d4b6,2026-06-05T09:00:00Z,2026-06-05T11:00:00+0200,57540.867743,MW,DE,DE_LU,forecast_load,Forecasted Load,2026-06-25T06:33:39Z
2026-06-25T06:32:03Z,2026-06-25T08:32:03+0200,cfe43b62-de54-4c74-8f9f-70948ee9d4b6,2026-06-05T09:15:00Z,2026-06-05T11:15:00+0200,57597.30908,MW,DE,DE_LU,forecast_load,Forecasted Load,2026-06-25T06:33:39Z
2026-06-25T06:32:03Z,2026-06-25T08:32:03+0200,cfe43b62-de54-4c74-8f9f-70948ee9d4b6,2026-06-05T09:30:00Z,2026-06-05T11:30:00+0200,57634.262004,MW,DE,DE_LU,forecast_load,Forecasted Load,2026-06-25T06:33:39Z
2026-06-25T06:32:03Z,2026-06-25T08:32:03+0200,cfe43b62-de54-4c74-8f9f-70948ee9d4b6,2026-06-05T09:45:00Z,2026-06-05T11:45:00+0200,57735.162041,MW,DE,DE_LU,forecast_load,Forecasted Load,2026-06-25T06:33:39Z
2026-06-25T06:32:03Z,2026-06-25T08:32:03+0200,cfe43b62-de54-4c74-8f9f-70948ee9d4b6,2026-06-05T10:00:00Z,2026-06-05T12:00:00+0200,57390.005569,MW,DE,DE_LU,forecast_load,Forecasted Load,2026-06-25T06:33:39Z
2026-06-25T06:32:03Z,2026-06-25T08:32:03+0200,cfe43b62-de54-4c74-8f9f-70948ee9d4b6,2026-06-05T10:15:00Z,2026-06-05T12:15:00+0200,56933.220808,MW,DE,DE_LU,forecast_load,Forecasted Load,2026-06-25T06:33:39Z
2026-06-25T06:32:03Z,2026-06-25T08:32:03+0200,cfe43b62-de54-4c74-8f9f-70948ee9d4b6,2026-06-05T10:30:00Z,2026-06-05T12:30:00+0200,56908.582422,MW,DE,DE_LU,forecast_load,Forecasted Load,2026-06-25T06:33:39Z
2026-06-25T06:32:03Z,2026-06-25T08:32:03+0200,cfe43b62-de54-4c74-8f9f-70948ee9d4b6,2026-06-05T10:45:00Z,2026-06-05T12:45:00+0200,56583.501504,MW,DE,DE_LU,forecast_load,Forecasted Load,2026-06-25T06:33:39Z
2026-06-25T06:32:03Z,2026-06-25T08:32:03+0200,cfe43b62-de54-4c74-8f9f-70948ee9d4b6,2026-06-05T11:00:00Z,2026-06-05T13:00:00+0200,56074.608577,MW,DE,DE_LU,forecast_load,Forecasted Load,2026-06-25T06:33:39Z
2026-06-25T06:32:03Z,2026-06-25T08:32:03+0200,cfe43b62-de54-4c74-8f9f-70948ee9d4b6,2026-06-05T11:15:00Z,2026-06-05T13:15:00+0200,55979.665216,MW,DE,DE_LU,forecast_load,Forecasted Load,2026-06-25T06:33:39Z
2026-06-25T06:32:03Z,2026-06-25T08:32:03+0200,cfe43b62-de54-4c74-8f9f-70948ee9d4b6,2026-06-05T11:30:00Z,2026-06-05T13:30:00+0200,55692.112976,MW,DE,DE_LU,forecast_load,Forecasted Load,2026-06-25T06:33:39Z
2026-06-25T06:32:03Z,2026-06-25T08:32:03+0200,cfe43b62-de54-4c74-8f9f-70948ee9d4b6,2026-06-05T11:45:00Z,2026-06-05T13:45:00+0200,55404.270237,MW,DE,DE_LU,forecast_load,Forecasted Load,2026-06-25T06:33:39Z
2026-06-25T06:32:03Z,2026-06-25T08:32:03+0200,cfe43b62-de54-4c74-8f9f-70948ee9d4b6,2026-06-05T12:00:00Z,2026-06-05T14:00:00+0200,55298.555706,MW,DE,DE_LU,forecast_load,Forecasted Load,2026-06-25T06:33:39Z
2026-06-25T06:32:03Z,2026-06-25T08:32:03+0200,cfe43b62-de54-4c74-8f9f-70948ee9d4b6,2026-06-05T12:15:00Z,2026-06-05T14:15:00+0200,55221.023238,MW,DE,DE_LU,forecast_load,Forecasted Load,2026-06-25T06:33:39Z
2026-06-25T06:32:03Z,2026-06-25T08:32:03+0200,cfe43b62-de54-4c74-8f9f-70948ee9d4b6,2026-06-05T12:30:00Z,2026-06-05T14:30:00+0200,55037.06371,MW,DE,DE_LU,forecast_load,Forecasted Load,2026-06-25T06:33:39Z
2026-06-25T06:32:03Z,2026-06-25T08:32:03+0200,cfe43b62-de54-4c74-8f9f-70948ee9d4b6,2026-06-05T12:45:00Z,2026-06-05T14:45:00+0200,54727.142096,MW,DE,DE_LU,forecast_load,Forecasted Load,2026-06-25T06:33:39Z
2026-06-25T06:32:03Z,2026-06-25T08:32:03+0200,cfe43b62-de54-4c74-8f9f-70948ee9d4b6,2026-06-05T13:00:00Z,2026-06-05T15:00:00+0200,54917.516462,MW,DE,DE_LU,forecast_load,Forecasted Load,2026-06-25T06:33:39Z
2026-06-25T06:32:03Z,2026-06-25T08:32:03+0200,cfe43b62-de54-4c74-8f9f-70948ee9d4b6,2026-06-05T13:15:00Z,2026-06-05T15:15:00+0200,54566.809009,MW,DE,DE_LU,forecast_load,Forecasted Load,2026-06-25T06:33:39Z
2026-06-25T06:32:03Z,2026-06-25T08:32:03+0200,cfe43b62-de54-4c74-8f9f-70948ee9d4b6,2026-06-05T13:30:00Z,2026-06-05T15:30:00+0200,54230.947295,MW,DE,DE_LU,forecast_load,Forecasted Load,2026-06-25T06:33:39Z
2026-06-25T06:32:03Z,2026-06-25T08:32:03+0200,cfe43b62-de54-4c74-8f9f-70948ee9d4b6,2026-06-05T13:45:00Z,2026-06-05T15:45:00+0200,53875.303824,MW,DE,DE_LU,forecast_load,Forecasted Load,2026-06-25T06:33:39Z
2026-06-25T06:32:03Z,2026-06-25T08:32:03+0200,cfe43b62-de54-4c74-8f9f-70948ee9d4b6,2026-06-05T14:00:00Z,2026-06-05T16:00:00+0200,54258.698884,MW,DE,DE_LU,forecast_load,Forecasted Load,2026-06-25T06:33:39Z
2026-06-25T06:32:03Z,2026-06-25T08:32:03+0200,cfe43b62-de54-4c74-8f9f-70948ee9d4b6,2026-06-05T14:15:00Z,2026-06-05T16:15:00+0200,54348.371789,MW,DE,DE_LU,forecast_load,Forecasted Load,2026-06-25T06:33:39Z
2026-06-25T06:32:03Z,2026-06-25T08:32:03+0200,cfe43b62-de54-4c74-8f9f-70948ee9d4b6,2026-06-05T14:30:00Z,2026-06-05T16:30:00+0200,54217.848144,MW,DE,DE_LU,forecast_load,Forecasted Load,2026-06-25T06:33:39Z
2026-06-25T06:32:03Z,2026-06-25T08:32:03+0200,cfe43b62-de54-4c74-8f9f-70948ee9d4b6,2026-06-05T14:45:00Z,2026-06-05T16:45:00+0200,54468.877263,MW,DE,DE_LU,forecast_load,Forecasted Load,2026-06-25T06:33:39Z
2026-06-25T06:32:03Z,2026-06-25T08:32:03+0200,cfe43b62-de54-4c74-8f9f-70948ee9d4b6,2026-06-05T15:00:00Z,2026-06-05T17:00:00+0200,55058.791934,MW,DE,DE_LU,forecast_load,Forecasted Load,2026-06-25T06:33:39Z
2026-06-25T06:32:03Z,2026-06-25T08:32:03+0200,cfe43b62-de54-4c74-8f9f-70948ee9d4b6,2026-06-05T15:15:00Z,2026-06-05T17:15:00+0200,54735.044581,MW,DE,DE_LU,forecast_load,Forecasted Load,2026-06-25T06:33:39Z
2026-06-25T06:32:03Z,2026-06-25T08:32:03+0200,cfe43b62-de54-4c74-8f9f-70948ee9d4b6,2026-06-05T15:30:00Z,2026-06-05T17:30:00+0200,54344.422015,MW,DE,DE_LU,forecast_load,Forecasted Load,2026-06-25T06:33:39Z
2026-06-25T06:32:03Z,2026-06-25T08:32:03+0200,cfe43b62-de54-4c74-8f9f-70948ee9d4b6,2026-06-05T15:45:00Z,2026-06-05T17:45:00+0200,54590.329918,MW,DE,DE_LU,forecast_load,Forecasted Load,2026-06-25T06:33:39Z
2026-06-25T06:32:03Z,2026-06-25T08:32:03+0200,cfe43b62-de54-4c74-8f9f-70948ee9d4b6,2026-06-05T16:00:00Z,2026-06-05T18:00:00+0200,55024.743718,MW,DE,DE_LU,forecast_load,Forecasted Load,2026-06-25T06:33:39Z
2026-06-25T06:32:03Z,2026-06-25T08:32:03+0200,cfe43b62-de54-4c74-8f9f-70948ee9d4b6,2026-06-05T16:15:00Z,2026-06-05T18:15:00+0200,54827.368706,MW,DE,DE_LU,forecast_load,Forecasted Load,2026-06-25T06:33:39Z
2026-06-25T06:32:03Z,2026-06-25T08:32:03+0200,cfe43b62-de54-4c74-8f9f-70948ee9d4b6,2026-06-05T16:30:00Z,2026-06-05T18:30:00+0200,54422.978045,MW,DE,DE_LU,forecast_load,Forecasted Load,2026-06-25T06:33:39Z
2026-06-25T06:32:03Z,2026-06-25T08:32:03+0200,cfe43b62-de54-4c74-8f9f-70948ee9d4b6,2026-06-05T16:45:00Z,2026-06-05T18:45:00+0200,54296.108638,MW,DE,DE_LU,forecast_load,Forecasted Load,2026-06-25T06:33:39Z
2026-06-25T06:32:03Z,2026-06-25T08:32:03+0200,cfe43b62-de54-4c74-8f9f-70948ee9d4b6,2026-06-05T17:00:00Z,2026-06-05T19:00:00+0200,54157.28716,MW,DE,DE_LU,forecast_load,Forecasted Load,2026-06-25T06:33:39Z
2026-06-25T06:32:03Z,2026-06-25T08:32:03+0200,cfe43b62-de54-4c74-8f9f-70948ee9d4b6,2026-06-05T17:15:00Z,2026-06-05T19:15:00+0200,54228.956348,MW,DE,DE_LU,forecast_load,Forecasted Load,2026-06-25T06:33:39Z
2026-06-25T06:32:03Z,2026-06-25T08:32:03+0200,cfe43b62-de54-4c74-8f9f-70948ee9d4b6,2026-06-05T17:30:00Z,2026-06-05T19:30:00+0200,54083.705339,MW,DE,DE_LU,forecast_load,Forecasted Load,2026-06-25T06:33:39Z
2026-06-25T06:32:03Z,2026-06-25T08:32:03+0200,cfe43b62-de54-4c74-8f9f-70948ee9d4b6,2026-06-05T17:45:00Z,2026-06-05T19:45:00+0200,54109.878814,MW,DE,DE_LU,forecast_load,Forecasted Load,2026-06-25T06:33:39Z
2026-06-25T06:32:03Z,2026-06-25T08:32:03+0200,cfe43b62-de54-4c74-8f9f-70948ee9d4b6,2026-06-05T18:00:00Z,2026-06-05T20:00:00+0200,53727.577781,MW,DE,DE_LU,forecast_load,Forecasted Load,2026-06-25T06:33:39Z
2026-06-25T06:32:03Z,2026-06-25T08:32:03+0200,cfe43b62-de54-4c74-8f9f-70948ee9d4b6,2026-06-05T18:15:00Z,2026-06-05T20:15:00+0200,53251.9811,MW,DE,DE_LU,forecast_load,Forecasted Load,2026-06-25T06:33:39Z
2026-06-25T06:32:03Z,2026-06-25T08:32:03+0200,cfe43b62-de54-4c74-8f9f-70948ee9d4b6,2026-06-05T18:30:00Z,2026-06-05T20:30:00+0200,52740.352645,MW,DE,DE_LU,forecast_load,Forecasted Load,2026-06-25T06:33:39Z
2026-06-25T06:32:03Z,2026-06-25T08:32:03+0200,cfe43b62-de54-4c74-8f9f-70948ee9d4b6,2026-06-05T18:45:00Z,2026-06-05T20:45:00+0200,52176.793283,MW,DE,DE_LU,forecast_load,Forecasted Load,2026-06-25T06:33:39Z
2026-06-25T06:32:03Z,2026-06-25T08:32:03+0200,cfe43b62-de54-4c74-8f9f-70948ee9d4b6,2026-06-05T19:00:00Z,2026-06-05T21:00:00+0200,51773.322347,MW,DE,DE_LU,forecast_load,Forecasted Load,2026-06-25T06:33:39Z
2026-06-25T06:32:03Z,2026-06-25T08:32:03+0200,cfe43b62-de54-4c74-8f9f-70948ee9d4b6,2026-06-05T19:15:00Z,2026-06-05T21:15:00+0200,51246.861264,MW,DE,DE_LU,forecast_load,Forecasted Load,2026-06-25T06:33:39Z
2026-06-25T06:32:03Z,2026-06-25T08:32:03+0200,cfe43b62-de54-4c74-8f9f-70948ee9d4b6,2026-06-05T19:30:00Z,2026-06-05T21:30:00+0200,50711.483663,MW,DE,DE_LU,forecast_load,Forecasted Load,2026-06-25T06:33:39Z
2026-06-25T06:32:03Z,2026-06-25T08:32:03+0200,cfe43b62-de54-4c74-8f9f-70948ee9d4b6,2026-06-05T19:45:00Z,2026-06-05T21:45:00+0200,50305.824135,MW,DE,DE_LU,forecast_load,Forecasted Load,2026-06-25T06:33:39Z
2026-06-25T06:32:03Z,2026-06-25T08:32:03+0200,cfe43b62-de54-4c74-8f9f-70948ee9d4b6,2026-06-05T20:00:00Z,2026-06-05T22:00:00+0200,49553.540596,MW,DE,DE_LU,forecast_load,Forecasted Load,2026-06-25T06:33:39Z
2026-06-25T06:32:03Z,2026-06-25T08:32:03+0200,cfe43b62-de54-4c74-8f9f-70948ee9d4b6,2026-06-05T20:15:00Z,2026-06-05T22:15:00+0200,48839.775131,MW,DE,DE_LU,forecast_load,Forecasted Load,2026-06-25T06:33:39Z
2026-06-25T06:32:03Z,2026-06-25T08:32:03+0200,cfe43b62-de54-4c74-8f9f-70948ee9d4b6,2026-06-05T20:30:00Z,2026-06-05T22:30:00+0200,48192.101782,MW,DE,DE_LU,forecast_load,Forecasted Load,2026-06-25T06:33:39Z
2026-06-25T06:32:03Z,2026-06-25T08:32:03+0200,cfe43b62-de54-4c74-8f9f-70948ee9d4b6,2026-06-05T20:45:00Z,2026-06-05T22:45:00+0200,47672.729961,MW,DE,DE_LU,forecast_load,Forecasted Load,2026-06-25T06:33:39Z
2026-06-25T06:32:03Z,2026-06-25T08:32:03+0200,cfe43b62-de54-4c74-8f9f-70948ee9d4b6,2026-06-05T21:00:00Z,2026-06-05T23:00:00+0200,46864.736156,MW,DE,DE_LU,forecast_load,Forecasted Load,2026-06-25T06:33:39Z
2026-06-25T06:32:03Z,2026-06-25T08:32:03+0200,cfe43b62-de54-4c74-8f9f-70948ee9d4b6,2026-06-05T21:15:00Z,2026-06-05T23:15:00+0200,46179.037071,MW,DE,DE_LU,forecast_load,Forecasted Load,2026-06-25T06:33:39Z
2026-06-25T06:32:03Z,2026-06-25T08:32:03+0200,cfe43b62-de54-4c74-8f9f-70948ee9d4b6,2026-06-05T21:30:00Z,2026-06-05T23:30:00+0200,45555.779169,MW,DE,DE_LU,forecast_load,Forecasted Load,2026-06-25T06:33:39Z
2026-06-25T06:32:03Z,2026-06-25T08:32:03+0200,cfe43b62-de54-4c74-8f9f-70948ee9d4b6,2026-06-05T21:45:00Z,2026-06-05T23:45:00+0200,44920.152065,MW,DE,DE_LU,forecast_load,Forecasted Load,2026-06-25T06:33:39Z
2026-06-25T06:32:03Z,2026-06-25T08:32:03+0200,cfe43b62-de54-4c74-8f9f-70948ee9d4b6,2026-06-05T22:00:00Z,2026-06-06T00:00:00+0200,44132.321114,MW,DE,DE_LU,forecast_load,Forecasted Load,2026-06-25T06:33:39Z
2026-06-25T06:32:03Z,2026-06-25T08:32:03+0200,cfe43b62-de54-4c74-8f9f-70948ee9d4b6,2026-06-05T22:15:00Z,2026-06-06T00:15:00+0200,43698.643841,MW,DE,DE_LU,forecast_load,Forecasted Load,2026-06-25T06:33:39Z
2026-06-25T06:32:03Z,2026-06-25T08:32:03+0200,cfe43b62-de54-4c74-8f9f-70948ee9d4b6,2026-06-05T22:30:00Z,2026-06-06T00:30:00+0200,43477.923563,MW,DE,DE_LU,forecast_load,Forecasted Load,2026-06-25T06:33:39Z
2026-06-25T06:32:03Z,2026-06-25T08:32:03+0200,cfe43b62-de54-4c74-8f9f-70948ee9d4b6,2026-06-05T22:45:00Z,2026-06-06T00:45:00+0200,43058.714206,MW,DE,DE_LU,forecast_load,Forecasted Load,2026-06-25T06:33:39Z
2026-06-25T06:32:03Z,2026-06-25T08:32:03+0200,cfe43b62-de54-4c74-8f9f-70948ee9d4b6,2026-06-05T23:00:00Z,2026-06-06T01:00:00+0200,42537.751158,MW,DE,DE_LU,forecast_load,Forecasted Load,2026-06-25T06:33:39Z
2026-06-25T06:32:03Z,2026-06-25T08:32:03+0200,cfe43b62-de54-4c74-8f9f-70948ee9d4b6,2026-06-05T23:15:00Z,2026-06-06T01:15:00+0200,42114.347065,MW,DE,DE_LU,forecast_load,Forecasted Load,2026-06-25T06:33:39Z
2026-06-25T06:32:03Z,2026-06-25T08:32:03+0200,cfe43b62-de54-4c74-8f9f-70948ee9d4b6,2026-06-05T23:30:00Z,2026-06-06T01:30:00+0200,41832.693596,MW,DE,DE_LU,forecast_load,Forecasted Load,2026-06-25T06:33:39Z
2026-06-25T06:32:03Z,2026-06-25T08:32:03+0200,cfe43b62-de54-4c74-8f9f-70948ee9d4b6,2026-06-05T23:45:00Z,2026-06-06T01:45:00+0200,41350.870655,MW,DE,DE_LU,forecast_load,Forecasted Load,2026-06-25T06:33:39Z
2026-06-25T06:32:03Z,2026-06-25T08:32:03+0200,cfe43b62-de54-4c74-8f9f-70948ee9d4b6,2026-06-06T00:00:00Z,2026-06-06T02:00:00+0200,41075.308701,MW,DE,DE_LU,forecast_load,Forecasted Load,2026-06-25T06:33:39Z
2026-06-25T06:32:03Z,2026-06-25T08:32:03+0200,cfe43b62-de54-4c74-8f9f-70948ee9d4b6,2026-06-06T00:15:00Z,2026-06-06T02:15:00+0200,40740.047212,MW,DE,DE_LU,forecast_load,Forecasted Load,2026-06-25T06:33:39Z
2026-06-25T06:32:03Z,2026-06-25T08:32:03+0200,cfe43b62-de54-4c74-8f9f-70948ee9d4b6,2026-06-06T00:30:00Z,2026-06-06T02:30:00+0200,40540.512086,MW,DE,DE_LU,forecast_load,Forecasted Load,2026-06-25T06:33:39Z
2026-06-25T06:32:03Z,2026-06-25T08:32:03+0200,cfe43b62-de54-4c74-8f9f-70948ee9d4b6,2026-06-06T00:45:00Z,2026-06-06T02:45:00+0200,40393.678867,MW,DE,DE_LU,forecast_load,Forecasted Load,2026-06-25T06:33:39Z
2026-06-25T06:32:03Z,2026-06-25T08:32:03+0200,cfe43b62-de54-4c74-8f9f-70948ee9d4b6,2026-06-06T01:00:00Z,2026-06-06T03:00:00+0200,40285.086757,MW,DE,DE_LU,forecast_load,Forecasted Load,2026-06-25T06:33:39Z
2026-06-25T06:32:03Z,2026-06-25T08:32:03+0200,cfe43b62-de54-4c74-8f9f-70948ee9d4b6,2026-06-06T01:15:00Z,2026-06-06T03:15:00+0200,40232.721377,MW,DE,DE_LU,forecast_load,Forecasted Load,2026-06-25T06:33:39Z
2026-06-25T06:32:03Z,2026-06-25T08:32:03+0200,cfe43b62-de54-4c74-8f9f-70948ee9d4b6,2026-06-06T01:30:00Z,2026-06-06T03:30:00+0200,40083.021521,MW,DE,DE_LU,forecast_load,Forecasted Load,2026-06-25T06:33:39Z
2026-06-25T06:32:03Z,2026-06-25T08:32:03+0200,cfe43b62-de54-4c74-8f9f-70948ee9d4b6,2026-06-06T01:45:00Z,2026-06-06T03:45:00+0200,39975.725698,MW,DE,DE_LU,forecast_load,Forecasted Load,2026-06-25T06:33:39Z
2026-06-25T06:32:03Z,2026-06-25T08:32:03+0200,cfe43b62-de54-4c74-8f9f-70948ee9d4b6,2026-06-06T02:00:00Z,2026-06-06T04:00:00+0200,40289.836515,MW,DE,DE_LU,forecast_load,Forecasted Load,2026-06-25T06:33:39Z
2026-06-25T06:32:03Z,2026-06-25T08:32:03+0200,cfe43b62-de54-4c74-8f9f-70948ee9d4b6,2026-06-06T02:15:00Z,2026-06-06T04:15:00+0200,40452.201579,MW,DE,DE_LU,forecast_load,Forecasted Load,2026-06-25T06:33:39Z
2026-06-25T06:32:03Z,2026-06-25T08:32:03+0200,cfe43b62-de54-4c74-8f9f-70948ee9d4b6,2026-06-06T02:30:00Z,2026-06-06T04:30:00+0200,40236.039918,MW,DE,DE_LU,forecast_load,Forecasted Load,2026-06-25T06:33:39Z
2026-06-25T06:32:03Z,2026-06-25T08:32:03+0200,cfe43b62-de54-4c74-8f9f-70948ee9d4b6,2026-06-06T02:45:00Z,2026-06-06T04:45:00+0200,40385.810021,MW,DE,DE_LU,forecast_load,Forecasted Load,2026-06-25T06:33:39Z
2026-06-25T06:32:03Z,2026-06-25T08:32:03+0200,cfe43b62-de54-4c74-8f9f-70948ee9d4b6,2026-06-06T03:00:00Z,2026-06-06T05:00:00+0200,40616.840106,MW,DE,DE_LU,forecast_load,Forecasted Load,2026-06-25T06:33:39Z
2026-06-25T06:32:03Z,2026-06-25T08:32:03+0200,cfe43b62-de54-4c74-8f9f-70948ee9d4b6,2026-06-06T03:15:00Z,2026-06-06T05:15:00+0200,40679.037582,MW,DE,DE_LU,forecast_load,Forecasted Load,2026-06-25T06:33:39Z
2026-06-25T06:32:03Z,2026-06-25T08:32:03+0200,cfe43b62-de54-4c74-8f9f-70948ee9d4b6,2026-06-06T03:30:00Z,2026-06-06T05:30:00+0200,40994.582998,MW,DE,DE_LU,forecast_load,Forecasted Load,2026-06-25T06:33:39Z
2026-06-25T06:32:03Z,2026-06-25T08:32:03+0200,cfe43b62-de54-4c74-8f9f-70948ee9d4b6,2026-06-06T03:45:00Z,2026-06-06T05:45:00+0200,41693.083076,MW,DE,DE_LU,forecast_load,Forecasted Load,2026-06-25T06:33:39Z
2026-06-25T06:32:03Z,2026-06-25T08:32:03+0200,cfe43b62-de54-4c74-8f9f-70948ee9d4b6,2026-06-06T04:00:00Z,2026-06-06T06:00:00+0200,43147.163221,MW,DE,DE_LU,forecast_load,Forecasted Load,2026-06-25T06:33:39Z
2026-06-25T06:32:03Z,2026-06-25T08:32:03+0200,cfe43b62-de54-4c74-8f9f-70948ee9d4b6,2026-06-06T04:15:00Z,2026-06-06T06:15:00+0200,42241.20086,MW,DE,DE_LU,forecast_load,Forecasted Load,2026-06-25T06:33:39Z
2026-06-25T06:32:03Z,2026-06-25T08:32:03+0200,cfe43b62-de54-4c74-8f9f-70948ee9d4b6,2026-06-06T04:30:00Z,2026-06-06T06:30:00+0200,42169.177916,MW,DE,DE_LU,forecast_load,Forecasted Load,2026-06-25T06:33:39Z
2026-06-25T06:32:03Z,2026-06-25T08:32:03+0200,cfe43b62-de54-4c74-8f9f-70948ee9d4b6,2026-06-06T04:45:00Z,2026-06-06T06:45:00+0200,43036.633509,MW,DE,DE_LU,forecast_load,Forecasted Load,2026-06-25T06:33:39Z
2026-06-25T06:32:03Z,2026-06-25T08:32:03+0200,cfe43b62-de54-4c74-8f9f-70948ee9d4b6,2026-06-06T05:00:00Z,2026-06-06T07:00:00+0200,43751.939352,MW,DE,DE_LU,forecast_load,Forecasted Load,2026-06-25T06:33:39Z
2026-06-25T06:32:03Z,2026-06-25T08:32:03+0200,cfe43b62-de54-4c74-8f9f-70948ee9d4b6,2026-06-06T05:15:00Z,2026-06-06T07:15:00+0200,44236.036688,MW,DE,DE_LU,forecast_load,Forecasted Load,2026-06-25T06:33:39Z
2026-06-25T06:32:03Z,2026-06-25T08:32:03+0200,cfe43b62-de54-4c74-8f9f-70948ee9d4b6,2026-06-06T05:30:00Z,2026-06-06T07:30:00+0200,44883.171174,MW,DE,DE_LU,forecast_load,Forecasted Load,2026-06-25T06:33:39Z
2026-06-25T06:32:03Z,2026-06-25T08:32:03+0200,cfe43b62-de54-4c74-8f9f-70948ee9d4b6,2026-06-06T05:45:00Z,2026-06-06T07:45:00+0200,45636.099551,MW,DE,DE_LU,forecast_load,Forecasted Load,2026-06-25T06:33:39Z
2026-06-25T06:32:03Z,2026-06-25T08:32:03+0200,cfe43b62-de54-4c74-8f9f-70948ee9d4b6,2026-06-06T06:00:00Z,2026-06-06T08:00:00+0200,46117.212703,MW,DE,DE_LU,forecast_load,Forecasted Load,2026-06-25T06:33:39Z
2026-06-25T06:32:03Z,2026-06-25T08:32:03+0200,cfe43b62-de54-4c74-8f9f-70948ee9d4b6,2026-06-06T06:15:00Z,2026-06-06T08:15:00+0200,46908.147199,MW,DE,DE_LU,forecast_load,Forecasted Load,2026-06-25T06:33:39Z
2026-06-25T06:32:03Z,2026-06-25T08:32:03+0200,cfe43b62-de54-4c74-8f9f-70948ee9d4b6,2026-06-06T06:30:00Z,2026-06-06T08:30:00+0200,47510.676517,MW,DE,DE_LU,forecast_load,Forecasted Load,2026-06-25T06:33:39Z
2026-06-25T06:32:03Z,2026-06-25T08:32:03+0200,cfe43b62-de54-4c74-8f9f-70948ee9d4b6,2026-06-06T06:45:00Z,2026-06-06T08:45:00+0200,48328.588783,MW,DE,DE_LU,forecast_load,Forecasted Load,2026-06-25T06:33:39Z
2026-06-25T06:32:03Z,2026-06-25T08:32:03+0200,cfe43b62-de54-4c74-8f9f-70948ee9d4b6,2026-06-06T07:00:00Z,2026-06-06T09:00:00+0200,48587.026447,MW,DE,DE_LU,forecast_load,Forecasted Load,2026-06-25T06:33:39Z
2026-06-25T06:32:03Z,2026-06-25T08:32:03+0200,cfe43b62-de54-4c74-8f9f-70948ee9d4b6,2026-06-06T07:15:00Z,2026-06-06T09:15:00+0200,49134.564932,MW,DE,DE_LU,forecast_load,Forecasted Load,2026-06-25T06:33:39Z
2026-06-25T06:32:03Z,2026-06-25T08:32:03+0200,cfe43b62-de54-4c74-8f9f-70948ee9d4b6,2026-06-06T07:30:00Z,2026-06-06T09:30:00+0200,49539.832673,MW,DE,DE_LU,forecast_load,Forecasted Load,2026-06-25T06:33:39Z
2026-06-25T06:32:03Z,2026-06-25T08:32:03+0200,cfe43b62-de54-4c74-8f9f-70948ee9d4b6,2026-06-06T07:45:00Z,2026-06-06T09:45:00+0200,50143.550748,MW,DE,DE_LU,forecast_load,Forecasted Load,2026-06-25T06:33:39Z
2026-06-25T06:32:03Z,2026-06-25T08:32:03+0200,cfe43b62-de54-4c74-8f9f-70948ee9d4b6,2026-06-06T08:00:00Z,2026-06-06T10:00:00+0200,50008.597546,MW,DE,DE_LU,forecast_load,Forecasted Load,2026-06-25T06:33:39Z
2026-06-25T06:32:03Z,2026-06-25T08:32:03+0200,cfe43b62-de54-4c74-8f9f-70948ee9d4b6,2026-06-06T08:15:00Z,2026-06-06T10:15:00+0200,50532.976664,MW,DE,DE_LU,forecast_load,Forecasted Load,2026-06-25T06:33:39Z
2026-06-25T06:32:03Z,2026-06-25T08:32:03+0200,cfe43b62-de54-4c74-8f9f-70948ee9d4b6,2026-06-06T08:30:00Z,2026-06-06T10:30:00+0200,50293.595937,MW,DE,DE_LU,forecast_load,Forecasted Load,2026-06-25T06:33:39Z
2026-06-25T06:32:03Z,2026-06-25T08:32:03+0200,cfe43b62-de54-4c74-8f9f-70948ee9d4b6,2026-06-06T08:45:00Z,2026-06-06T10:45:00+0200,50792.018026,MW,DE,DE_LU,forecast_load,Forecasted Load,2026-06-25T06:33:39Z
2026-06-25T06:32:03Z,2026-06-25T08:32:03+0200,cfe43b62-de54-4c74-8f9f-70948ee9d4b6,2026-06-06T09:00:00Z,2026-06-06T11:00:00+0200,50503.766327,MW,DE,DE_LU,forecast_load,Forecasted Load,2026-06-25T06:33:39Z
2026-06-25T06:32:03Z,2026-06-25T08:32:03+0200,cfe43b62-de54-4c74-8f9f-70948ee9d4b6,2026-06-06T09:15:00Z,2026-06-06T11:15:00+0200,50571.747404,MW,DE,DE_LU,forecast_load,Forecasted Load,2026-06-25T06:33:39Z
2026-06-25T06:32:03Z,2026-06-25T08:32:03+0200,cfe43b62-de54-4c74-8f9f-70948ee9d4b6,2026-06-06T09:30:00Z,2026-06-06T11:30:00+0200,50460.453837,MW,DE,DE_LU,forecast_load,Forecasted Load,2026-06-25T06:33:39Z
2026-06-25T06:32:03Z,2026-06-25T08:32:03+0200,cfe43b62-de54-4c74-8f9f-70948ee9d4b6,2026-06-06T09:45:00Z,2026-06-06T11:45:00+0200,50443.82712,MW,DE,DE_LU,forecast_load,Forecasted Load,2026-06-25T06:33:39Z
2026-06-25T06:32:03Z,2026-06-25T08:32:03+0200,cfe43b62-de54-4c74-8f9f-70948ee9d4b6,2026-06-06T10:00:00Z,2026-06-06T12:00:00+0200,50213.418526,MW,DE,DE_LU,forecast_load,Forecasted Load,2026-06-25T06:33:39Z
2026-06-25T06:32:03Z,2026-06-25T08:32:03+0200,cfe43b62-de54-4c74-8f9f-70948ee9d4b6,2026-06-06T10:15:00Z,2026-06-06T12:15:00+0200,50382.966157,MW,DE,DE_LU,forecast_load,Forecasted Load,2026-06-25T06:33:39Z
2026-06-25T06:32:03Z,2026-06-25T08:32:03+0200,cfe43b62-de54-4c74-8f9f-70948ee9d4b6,2026-06-06T10:30:00Z,2026-06-06T12:30:00+0200,50188.341522,MW,DE,DE_LU,forecast_load,Forecasted Load,2026-06-25T06:33:39Z
2026-06-25T06:32:03Z,2026-06-25T08:32:03+0200,cfe43b62-de54-4c74-8f9f-70948ee9d4b6,2026-06-06T10:45:00Z,2026-06-06T12:45:00+0200,49957.656449,MW,DE,DE_LU,forecast_load,Forecasted Load,2026-06-25T06:33:39Z
2026-06-25T06:32:03Z,2026-06-25T08:32:03+0200,cfe43b62-de54-4c74-8f9f-70948ee9d4b6,2026-06-06T11:00:00Z,2026-06-06T13:00:00+0200,49545.42854,MW,DE,DE_LU,forecast_load,Forecasted Load,2026-06-25T06:33:39Z
2026-06-25T06:32:03Z,2026-06-25T08:32:03+0200,cfe43b62-de54-4c74-8f9f-70948ee9d4b6,2026-06-06T11:15:00Z,2026-06-06T13:15:00+0200,49447.45459,MW,DE,DE_LU,forecast_load,Forecasted Load,2026-06-25T06:33:39Z
2026-06-25T06:32:03Z,2026-06-25T08:32:03+0200,cfe43b62-de54-4c74-8f9f-70948ee9d4b6,2026-06-06T11:30:00Z,2026-06-06T13:30:00+0200,49307.003687,MW,DE,DE_LU,forecast_load,Forecasted Load,2026-06-25T06:33:39Z
2026-06-25T06:32:03Z,2026-06-25T08:32:03+0200,cfe43b62-de54-4c74-8f9f-70948ee9d4b6,2026-06-06T11:45:00Z,2026-06-06T13:45:00+0200,48853.010921,MW,DE,DE_LU,forecast_load,Forecasted Load,2026-06-25T06:33:39Z
2026-06-25T06:32:03Z,2026-06-25T08:32:03+0200,cfe43b62-de54-4c74-8f9f-70948ee9d4b6,2026-06-06T12:00:00Z,2026-06-06T14:00:00+0200,48510.744133,MW,DE,DE_LU,forecast_load,Forecasted Load,2026-06-25T06:33:39Z
2026-06-25T06:32:03Z,2026-06-25T08:32:03+0200,cfe43b62-de54-4c74-8f9f-70948ee9d4b6,2026-06-06T12:15:00Z,2026-06-06T14:15:00+0200,48041.208688,MW,DE,DE_LU,forecast_load,Forecasted Load,2026-06-25T06:33:39Z
2026-06-25T06:32:03Z,2026-06-25T08:32:03+0200,cfe43b62-de54-4c74-8f9f-70948ee9d4b6,2026-06-06T12:30:00Z,2026-06-06T14:30:00+0200,47699.171995,MW,DE,DE_LU,forecast_load,Forecasted Load,2026-06-25T06:33:39Z
2026-06-25T06:32:03Z,2026-06-25T08:32:03+0200,cfe43b62-de54-4c74-8f9f-70948ee9d4b6,2026-06-06T12:45:00Z,2026-06-06T14:45:00+0200,47495.890974,MW,DE,DE_LU,forecast_load,Forecasted Load,2026-06-25T06:33:39Z
2026-06-25T06:32:03Z,2026-06-25T08:32:03+0200,cfe43b62-de54-4c74-8f9f-70948ee9d4b6,2026-06-06T13:00:00Z,2026-06-06T15:00:00+0200,47363.783281,MW,DE,DE_LU,forecast_load,Forecasted Load,2026-06-25T06:33:39Z
2026-06-25T06:32:03Z,2026-06-25T08:32:03+0200,cfe43b62-de54-4c74-8f9f-70948ee9d4b6,2026-06-06T13:15:00Z,2026-06-06T15:15:00+0200,47070.325668,MW,DE,DE_LU,forecast_load,Forecasted Load,2026-06-25T06:33:39Z
2026-06-25T06:32:03Z,2026-06-25T08:32:03+0200,cfe43b62-de54-4c74-8f9f-70948ee9d4b6,2026-06-06T13:30:00Z,2026-06-06T15:30:00+0200,46905.516714,MW,DE,DE_LU,forecast_load,Forecasted Load,2026-06-25T06:33:39Z
2026-06-25T06:32:03Z,2026-06-25T08:32:03+0200,cfe43b62-de54-4c74-8f9f-70948ee9d4b6,2026-06-06T13:45:00Z,2026-06-06T15:45:00+0200,46338.746578,MW,DE,DE_LU,forecast_load,Forecasted Load,2026-06-25T06:33:39Z
2026-06-25T06:32:03Z,2026-06-25T08:32:03+0200,cfe43b62-de54-4c74-8f9f-70948ee9d4b6,2026-06-06T14:00:00Z,2026-06-06T16:00:00+0200,46862.058423,MW,DE,DE_LU,forecast_load,Forecasted Load,2026-06-25T06:33:39Z
2026-06-25T06:32:03Z,2026-06-25T08:32:03+0200,cfe43b62-de54-4c74-8f9f-70948ee9d4b6,2026-06-06T14:15:00Z,2026-06-06T16:15:00+0200,47075.459752,MW,DE,DE_LU,forecast_load,Forecasted Load,2026-06-25T06:33:39Z
2026-06-25T06:32:03Z,2026-06-25T08:32:03+0200,cfe43b62-de54-4c74-8f9f-70948ee9d4b6,2026-06-06T14:30:00Z,2026-06-06T16:30:00+0200,47468.536069,MW,DE,DE_LU,forecast_load,Forecasted Load,2026-06-25T06:33:39Z
2026-06-25T06:32:03Z,2026-06-25T08:32:03+0200,cfe43b62-de54-4c74-8f9f-70948ee9d4b6,2026-06-06T14:45:00Z,2026-06-06T16:45:00+0200,46820.807031,MW,DE,DE_LU,forecast_load,Forecasted Load,2026-06-25T06:33:39Z
2026-06-25T06:32:03Z,2026-06-25T08:32:03+0200,cfe43b62-de54-4c74-8f9f-70948ee9d4b6,2026-06-06T15:00:00Z,2026-06-06T17:00:00+0200,47582.699896,MW,DE,DE_LU,forecast_load,Forecasted Load,2026-06-25T06:33:39Z
2026-06-25T06:32:03Z,2026-06-25T08:32:03+0200,cfe43b62-de54-4c74-8f9f-70948ee9d4b6,2026-06-06T15:15:00Z,2026-06-06T17:15:00+0200,47323.818237,MW,DE,DE_LU,forecast_load,Forecasted Load,2026-06-25T06:33:39Z
2026-06-25T06:32:03Z,2026-06-25T08:32:03+0200,cfe43b62-de54-4c74-8f9f-70948ee9d4b6,2026-06-06T15:30:00Z,2026-06-06T17:30:00+0200,47480.593752,MW,DE,DE_LU,forecast_load,Forecasted Load,2026-06-25T06:33:39Z
2026-06-25T06:32:03Z,2026-06-25T08:32:03+0200,cfe43b62-de54-4c74-8f9f-70948ee9d4b6,2026-06-06T15:45:00Z,2026-06-06T17:45:00+0200,47925.143471,MW,DE,DE_LU,forecast_load,Forecasted Load,2026-06-25T06:33:39Z
2026-06-25T06:32:03Z,2026-06-25T08:32:03+0200,cfe43b62-de54-4c74-8f9f-70948ee9d4b6,2026-06-06T16:00:00Z,2026-06-06T18:00:00+0200,48274.171657,MW,DE,DE_LU,forecast_load,Forecasted Load,2026-06-25T06:33:39Z
2026-06-25T06:32:03Z,2026-06-25T08:32:03+0200,cfe43b62-de54-4c74-8f9f-70948ee9d4b6,2026-06-06T16:15:00Z,2026-06-06T18:15:00+0200,48405.964672,MW,DE,DE_LU,forecast_load,Forecasted Load,2026-06-25T06:33:39Z
2026-06-25T06:32:03Z,2026-06-25T08:32:03+0200,cfe43b62-de54-4c74-8f9f-70948ee9d4b6,2026-06-06T16:30:00Z,2026-06-06T18:30:00+0200,48174.87681,MW,DE,DE_LU,forecast_load,Forecasted Load,2026-06-25T06:33:39Z
2026-06-25T06:32:03Z,2026-06-25T08:32:03+0200,cfe43b62-de54-4c74-8f9f-70948ee9d4b6,2026-06-06T16:45:00Z,2026-06-06T18:45:00+0200,48466.846386,MW,DE,DE_LU,forecast_load,Forecasted Load,2026-06-25T06:33:39Z
2026-06-25T06:32:03Z,2026-06-25T08:32:03+0200,cfe43b62-de54-4c74-8f9f-70948ee9d4b6,2026-06-06T17:00:00Z,2026-06-06T19:00:00+0200,49111.636344,MW,DE,DE_LU,forecast_load,Forecasted Load,2026-06-25T06:33:39Z
2026-06-25T06:32:03Z,2026-06-25T08:32:03+0200,cfe43b62-de54-4c74-8f9f-70948ee9d4b6,2026-06-06T17:15:00Z,2026-06-06T19:15:00+0200,49431.522101,MW,DE,DE_LU,forecast_load,Forecasted Load,2026-06-25T06:33:39Z
2026-06-25T06:32:03Z,2026-06-25T08:32:03+0200,cfe43b62-de54-4c74-8f9f-70948ee9d4b6,2026-06-06T17:30:00Z,2026-06-06T19:30:00+0200,49412.863042,MW,DE,DE_LU,forecast_load,Forecasted Load,2026-06-25T06:33:39Z
2026-06-25T06:32:03Z,2026-06-25T08:32:03+0200,cfe43b62-de54-4c74-8f9f-70948ee9d4b6,2026-06-06T17:45:00Z,2026-06-06T19:45:00+0200,49466.448052,MW,DE,DE_LU,forecast_load,Forecasted Load,2026-06-25T06:33:39Z
2026-06-25T06:32:03Z,2026-06-25T08:32:03+0200,cfe43b62-de54-4c74-8f9f-70948ee9d4b6,2026-06-06T18:00:00Z,2026-06-06T20:00:00+0200,49199.27972,MW,DE,DE_LU,forecast_load,Forecasted Load,2026-06-25T06:33:39Z
2026-06-25T06:32:03Z,2026-06-25T08:32:03+0200,cfe43b62-de54-4c74-8f9f-70948ee9d4b6,2026-06-06T18:15:00Z,2026-06-06T20:15:00+0200,49090.224219,MW,DE,DE_LU,forecast_load,Forecasted Load,2026-06-25T06:33:39Z
2026-06-25T06:32:03Z,2026-06-25T08:32:03+0200,cfe43b62-de54-4c74-8f9f-70948ee9d4b6,2026-06-06T18:30:00Z,2026-06-06T20:30:00+0200,48563.717429,MW,DE,DE_LU,forecast_load,Forecasted Load,2026-06-25T06:33:39Z
2026-06-25T06:32:03Z,2026-06-25T08:32:03+0200,cfe43b62-de54-4c74-8f9f-70948ee9d4b6,2026-06-06T18:45:00Z,2026-06-06T20:45:00+0200,48105.026148,MW,DE,DE_LU,forecast_load,Forecasted Load,2026-06-25T06:33:39Z
2026-06-25T06:32:03Z,2026-06-25T08:32:03+0200,cfe43b62-de54-4c74-8f9f-70948ee9d4b6,2026-06-06T19:00:00Z,2026-06-06T21:00:00+0200,47735.808149,MW,DE,DE_LU,forecast_load,Forecasted Load,2026-06-25T06:33:39Z
2026-06-25T06:32:03Z,2026-06-25T08:32:03+0200,cfe43b62-de54-4c74-8f9f-70948ee9d4b6,2026-06-06T19:15:00Z,2026-06-06T21:15:00+0200,47258.13987,MW,DE,DE_LU,forecast_load,Forecasted Load,2026-06-25T06:33:39Z
2026-06-25T06:32:03Z,2026-06-25T08:32:03+0200,cfe43b62-de54-4c74-8f9f-70948ee9d4b6,2026-06-06T19:30:00Z,2026-06-06T21:30:00+0200,46863.974095,MW,DE,DE_LU,forecast_load,Forecasted Load,2026-06-25T06:33:39Z
2026-06-25T06:32:03Z,2026-06-25T08:32:03+0200,cfe43b62-de54-4c74-8f9f-70948ee9d4b6,2026-06-06T19:45:00Z,2026-06-06T21:45:00+0200,46652.749389,MW,DE,DE_LU,forecast_load,Forecasted Load,2026-06-25T06:33:39Z
2026-06-25T06:32:03Z,2026-06-25T08:32:03+0200,cfe43b62-de54-4c74-8f9f-70948ee9d4b6,2026-06-06T20:00:00Z,2026-06-06T22:00:00+0200,46313.750745,MW,DE,DE_LU,forecast_load,Forecasted Load,2026-06-25T06:33:39Z
2026-06-25T06:32:03Z,2026-06-25T08:32:03+0200,cfe43b62-de54-4c74-8f9f-70948ee9d4b6,2026-06-06T20:15:00Z,2026-06-06T22:15:00+0200,45698.041673,MW,DE,DE_LU,forecast_load,Forecasted Load,2026-06-25T06:33:39Z
2026-06-25T06:32:03Z,2026-06-25T08:32:03+0200,cfe43b62-de54-4c74-8f9f-70948ee9d4b6,2026-06-06T20:30:00Z,2026-06-06T22:30:00+0200,45154.810711,MW,DE,DE_LU,forecast_load,Forecasted Load,2026-06-25T06:33:39Z
2026-06-25T06:32:03Z,2026-06-25T08:32:03+0200,cfe43b62-de54-4c74-8f9f-70948ee9d4b6,2026-06-06T20:45:00Z,2026-06-06T22:45:00+0200,44657.499519,MW,DE,DE_LU,forecast_load,Forecasted Load,2026-06-25T06:33:39Z
2026-06-25T06:32:03Z,2026-06-25T08:32:03+0200,cfe43b62-de54-4c74-8f9f-70948ee9d4b6,2026-06-06T21:00:00Z,2026-06-06T23:00:00+0200,44089.227159,MW,DE,DE_LU,forecast_load,Forecasted Load,2026-06-25T06:33:39Z
2026-06-25T06:32:03Z,2026-06-25T08:32:03+0200,cfe43b62-de54-4c74-8f9f-70948ee9d4b6,2026-06-06T21:15:00Z,2026-06-06T23:15:00+0200,43532.976194,MW,DE,DE_LU,forecast_load,Forecasted Load,2026-06-25T06:33:39Z
2026-06-25T06:32:03Z,2026-06-25T08:32:03+0200,cfe43b62-de54-4c74-8f9f-70948ee9d4b6,2026-06-06T21:30:00Z,2026-06-06T23:30:00+0200,43141.989356,MW,DE,DE_LU,forecast_load,Forecasted Load,2026-06-25T06:33:39Z
2026-06-25T06:32:03Z,2026-06-25T08:32:03+0200,cfe43b62-de54-4c74-8f9f-70948ee9d4b6,2026-06-06T21:45:00Z,2026-06-06T23:45:00+0200,42619.449181,MW,DE,DE_LU,forecast_load,Forecasted Load,2026-06-25T06:33:39Z
2026-06-25T06:32:03Z,2026-06-25T08:32:03+0200,cfe43b62-de54-4c74-8f9f-70948ee9d4b6,2026-06-06T22:00:00Z,2026-06-07T00:00:00+0200,42286.092993,MW,DE,DE_LU,forecast_load,Forecasted Load,2026-06-25T06:33:39Z
2026-06-25T06:32:03Z,2026-06-25T08:32:03+0200,cfe43b62-de54-4c74-8f9f-70948ee9d4b6,2026-06-06T22:15:00Z,2026-06-07T00:15:00+0200,41790.29956,MW,DE,DE_LU,forecast_load,Forecasted Load,2026-06-25T06:33:39Z
2026-06-25T06:32:03Z,2026-06-25T08:32:03+0200,cfe43b62-de54-4c74-8f9f-70948ee9d4b6,2026-06-06T22:30:00Z,2026-06-07T00:30:00+0200,41388.66268,MW,DE,DE_LU,forecast_load,Forecasted Load,2026-06-25T06:33:39Z
2026-06-25T06:32:03Z,2026-06-25T08:32:03+0200,cfe43b62-de54-4c74-8f9f-70948ee9d4b6,2026-06-06T22:45:00Z,2026-06-07T00:45:00+0200,40997.307203,MW,DE,DE_LU,forecast_load,Forecasted Load,2026-06-25T06:33:39Z
2026-06-25T06:32:03Z,2026-06-25T08:32:03+0200,cfe43b62-de54-4c74-8f9f-70948ee9d4b6,2026-06-06T23:00:00Z,2026-06-07T01:00:00+0200,40488.311061,MW,DE,DE_LU,forecast_load,Forecasted Load,2026-06-25T06:33:39Z
2026-06-25T06:32:03Z,2026-06-25T08:32:03+0200,cfe43b62-de54-4c74-8f9f-70948ee9d4b6,2026-06-06T23:15:00Z,2026-06-07T01:15:00+0200,40049.019906,MW,DE,DE_LU,forecast_load,Forecasted Load,2026-06-25T06:33:39Z
2026-06-25T06:32:03Z,2026-06-25T08:32:03+0200,cfe43b62-de54-4c74-8f9f-70948ee9d4b6,2026-06-06T23:30:00Z,2026-06-07T01:30:00+0200,39713.033318,MW,DE,DE_LU,forecast_load,Forecasted Load,2026-06-25T06:33:39Z
2026-06-25T06:32:03Z,2026-06-25T08:32:03+0200,cfe43b62-de54-4c74-8f9f-70948ee9d4b6,2026-06-06T23:45:00Z,2026-06-07T01:45:00+0200,39482.117771,MW,DE,DE_LU,forecast_load,Forecasted Load,2026-06-25T06:33:39Z
2026-06-25T06:32:03Z,2026-06-25T08:32:03+0200,cfe43b62-de54-4c74-8f9f-70948ee9d4b6,2026-06-07T00:00:00Z,2026-06-07T02:00:00+0200,39309.58313,MW,DE,DE_LU,forecast_load,Forecasted Load,2026-06-25T06:33:39Z
2026-06-25T06:32:03Z,2026-06-25T08:32:03+0200,cfe43b62-de54-4c74-8f9f-70948ee9d4b6,2026-06-07T00:15:00Z,2026-06-07T02:15:00+0200,38797.127007,MW,DE,DE_LU,forecast_load,Forecasted Load,2026-06-25T06:33:39Z
2026-06-25T06:32:03Z,2026-06-25T08:32:03+0200,cfe43b62-de54-4c74-8f9f-70948ee9d4b6,2026-06-07T00:30:00Z,2026-06-07T02:30:00+0200,38726.602845,MW,DE,DE_LU,forecast_load,Forecasted Load,2026-06-25T06:33:39Z
2026-06-25T06:32:03Z,2026-06-25T08:32:03+0200,cfe43b62-de54-4c74-8f9f-70948ee9d4b6,2026-06-07T00:45:00Z,2026-06-07T02:45:00+0200,38710.579437,MW,DE,DE_LU,forecast_load,Forecasted Load,2026-06-25T06:33:39Z
2026-06-25T06:32:03Z,2026-06-25T08:32:03+0200,cfe43b62-de54-4c74-8f9f-70948ee9d4b6,2026-06-07T01:00:00Z,2026-06-07T03:00:00+0200,38732.76847,MW,DE,DE_LU,forecast_load,Forecasted Load,2026-06-25T06:33:39Z
2026-06-25T06:32:03Z,2026-06-25T08:32:03+0200,cfe43b62-de54-4c74-8f9f-70948ee9d4b6,2026-06-07T01:15:00Z,2026-06-07T03:15:00+0200,38603.093562,MW,DE,DE_LU,forecast_load,Forecasted Load,2026-06-25T06:33:39Z
2026-06-25T06:32:03Z,2026-06-25T08:32:03+0200,cfe43b62-de54-4c74-8f9f-70948ee9d4b6,2026-06-07T01:30:00Z,2026-06-07T03:30:00+0200,38511.616564,MW,DE,DE_LU,forecast_load,Forecasted Load,2026-06-25T06:33:39Z
2026-06-25T06:32:03Z,2026-06-25T08:32:03+0200,cfe43b62-de54-4c74-8f9f-70948ee9d4b6,2026-06-07T01:45:00Z,2026-06-07T03:45:00+0200,38600.627352,MW,DE,DE_LU,forecast_load,Forecasted Load,2026-06-25T06:33:39Z
2026-06-25T06:32:03Z,2026-06-25T08:32:03+0200,cfe43b62-de54-4c74-8f9f-70948ee9d4b6,2026-06-07T02:00:00Z,2026-06-07T04:00:00+0200,38742.477009,MW,DE,DE_LU,forecast_load,Forecasted Load,2026-06-25T06:33:39Z
2026-06-25T06:32:03Z,2026-06-25T08:32:03+0200,cfe43b62-de54-4c74-8f9f-70948ee9d4b6,2026-06-07T02:15:00Z,2026-06-07T04:15:00+0200,38798.788161,MW,DE,DE_LU,forecast_load,Forecasted Load,2026-06-25T06:33:39Z
2026-06-25T06:32:03Z,2026-06-25T08:32:03+0200,cfe43b62-de54-4c74-8f9f-70948ee9d4b6,2026-06-07T02:30:00Z,2026-06-07T04:30:00+0200,38877.620946,MW,DE,DE_LU,forecast_load,Forecasted Load,2026-06-25T06:33:39Z
2026-06-25T06:32:03Z,2026-06-25T08:32:03+0200,cfe43b62-de54-4c74-8f9f-70948ee9d4b6,2026-06-07T02:45:00Z,2026-06-07T04:45:00+0200,38999.842129,MW,DE,DE_LU,forecast_load,Forecasted Load,2026-06-25T06:33:39Z
2026-06-25T06:32:03Z,2026-06-25T08:32:03+0200,cfe43b62-de54-4c74-8f9f-70948ee9d4b6,2026-06-07T03:00:00Z,2026-06-07T05:00:00+0200,39309.800021,MW,DE,DE_LU,forecast_load,Forecasted Load,2026-06-25T06:33:39Z
2026-06-25T06:32:03Z,2026-06-25T08:32:03+0200,cfe43b62-de54-4c74-8f9f-70948ee9d4b6,2026-06-07T03:15:00Z,2026-06-07T05:15:00+0200,38873.896523,MW,DE,DE_LU,forecast_load,Forecasted Load,2026-06-25T06:33:39Z
2026-06-25T06:32:03Z,2026-06-25T08:32:03+0200,cfe43b62-de54-4c74-8f9f-70948ee9d4b6,2026-06-07T03:30:00Z,2026-06-07T05:30:00+0200,39543.888533,MW,DE,DE_LU,forecast_load,Forecasted Load,2026-06-25T06:33:39Z
2026-06-25T06:32:03Z,2026-06-25T08:32:03+0200,cfe43b62-de54-4c74-8f9f-70948ee9d4b6,2026-06-07T03:45:00Z,2026-06-07T05:45:00+0200,41013.457503,MW,DE,DE_LU,forecast_load,Forecasted Load,2026-06-25T06:33:39Z
2026-06-25T06:32:03Z,2026-06-25T08:32:03+0200,cfe43b62-de54-4c74-8f9f-70948ee9d4b6,2026-06-07T04:00:00Z,2026-06-07T06:00:00+0200,41920.765315,MW,DE,DE_LU,forecast_load,Forecasted Load,2026-06-25T06:33:39Z
2026-06-25T06:32:03Z,2026-06-25T08:32:03+0200,cfe43b62-de54-4c74-8f9f-70948ee9d4b6,2026-06-07T04:15:00Z,2026-06-07T06:15:00+0200,40253.437538,MW,DE,DE_LU,forecast_load,Forecasted Load,2026-06-25T06:33:39Z
2026-06-25T06:32:03Z,2026-06-25T08:32:03+0200,cfe43b62-de54-4c74-8f9f-70948ee9d4b6,2026-06-07T04:30:00Z,2026-06-07T06:30:00+0200,40677.663909,MW,DE,DE_LU,forecast_load,Forecasted Load,2026-06-25T06:33:39Z
2026-06-25T06:32:03Z,2026-06-25T08:32:03+0200,cfe43b62-de54-4c74-8f9f-70948ee9d4b6,2026-06-07T04:45:00Z,2026-06-07T06:45:00+0200,41210.9186,MW,DE,DE_LU,forecast_load,Forecasted Load,2026-06-25T06:33:39Z
2026-06-25T06:32:03Z,2026-06-25T08:32:03+0200,cfe43b62-de54-4c74-8f9f-70948ee9d4b6,2026-06-07T05:00:00Z,2026-06-07T07:00:00+0200,41720.573184,MW,DE,DE_LU,forecast_load,Forecasted Load,2026-06-25T06:33:39Z
2026-06-25T06:32:03Z,2026-06-25T08:32:03+0200,cfe43b62-de54-4c74-8f9f-70948ee9d4b6,2026-06-07T05:15:00Z,2026-06-07T07:15:00+0200,42239.26857,MW,DE,DE_LU,forecast_load,Forecasted Load,2026-06-25T06:33:39Z
2026-06-25T06:32:03Z,2026-06-25T08:32:03+0200,cfe43b62-de54-4c74-8f9f-70948ee9d4b6,2026-06-07T05:30:00Z,2026-06-07T07:30:00+0200,42957.812967,MW,DE,DE_LU,forecast_load,Forecasted Load,2026-06-25T06:33:39Z
2026-06-25T06:32:03Z,2026-06-25T08:32:03+0200,cfe43b62-de54-4c74-8f9f-70948ee9d4b6,2026-06-07T05:45:00Z,2026-06-07T07:45:00+0200,43564.481331,MW,DE,DE_LU,forecast_load,Forecasted Load,2026-06-25T06:33:39Z
2026-06-25T06:32:03Z,2026-06-25T08:32:03+0200,cfe43b62-de54-4c74-8f9f-70948ee9d4b6,2026-06-07T06:00:00Z,2026-06-07T08:00:00+0200,44332.218422,MW,DE,DE_LU,forecast_load,Forecasted Load,2026-06-25T06:33:39Z
2026-06-25T06:32:03Z,2026-06-25T08:32:03+0200,cfe43b62-de54-4c74-8f9f-70948ee9d4b6,2026-06-07T06:15:00Z,2026-06-07T08:15:00+0200,45172.499728,MW,DE,DE_LU,forecast_load,Forecasted Load,2026-06-25T06:33:39Z
2026-06-25T06:32:03Z,2026-06-25T08:32:03+0200,cfe43b62-de54-4c74-8f9f-70948ee9d4b6,2026-06-07T06:30:00Z,2026-06-07T08:30:00+0200,46075.378464,MW,DE,DE_LU,forecast_load,Forecasted Load,2026-06-25T06:33:39Z
2026-06-25T06:32:03Z,2026-06-25T08:32:03+0200,cfe43b62-de54-4c74-8f9f-70948ee9d4b6,2026-06-07T06:45:00Z,2026-06-07T08:45:00+0200,46681.459838,MW,DE,DE_LU,forecast_load,Forecasted Load,2026-06-25T06:33:39Z
2026-06-25T06:32:03Z,2026-06-25T08:32:03+0200,cfe43b62-de54-4c74-8f9f-70948ee9d4b6,2026-06-07T07:00:00Z,2026-06-07T09:00:00+0200,46884.788391,MW,DE,DE_LU,forecast_load,Forecasted Load,2026-06-25T06:33:39Z
2026-06-25T06:32:03Z,2026-06-25T08:32:03+0200,cfe43b62-de54-4c74-8f9f-70948ee9d4b6,2026-06-07T07:15:00Z,2026-06-07T09:15:00+0200,47698.125641,MW,DE,DE_LU,forecast_load,Forecasted Load,2026-06-25T06:33:39Z
2026-06-25T06:32:03Z,2026-06-25T08:32:03+0200,cfe43b62-de54-4c74-8f9f-70948ee9d4b6,2026-06-07T07:30:00Z,2026-06-07T09:30:00+0200,48301.030817,MW,DE,DE_LU,forecast_load,Forecasted Load,2026-06-25T06:33:39Z
2026-06-25T06:32:03Z,2026-06-25T08:32:03+0200,cfe43b62-de54-4c74-8f9f-70948ee9d4b6,2026-06-07T07:45:00Z,2026-06-07T09:45:00+0200,48937.052271,MW,DE,DE_LU,forecast_load,Forecasted Load,2026-06-25T06:33:39Z
2026-06-25T06:32:03Z,2026-06-25T08:32:03+0200,cfe43b62-de54-4c74-8f9f-70948ee9d4b6,2026-06-07T08:00:00Z,2026-06-07T10:00:00+0200,49166.775253,MW,DE,DE_LU,forecast_load,Forecasted Load,2026-06-25T06:33:39Z
2026-06-25T06:32:03Z,2026-06-25T08:32:03+0200,cfe43b62-de54-4c74-8f9f-70948ee9d4b6,2026-06-07T08:15:00Z,2026-06-07T10:15:00+0200,49440.461588,MW,DE,DE_LU,forecast_load,Forecasted Load,2026-06-25T06:33:39Z
2026-06-25T06:32:03Z,2026-06-25T08:32:03+0200,cfe43b62-de54-4c74-8f9f-70948ee9d4b6,2026-06-07T08:30:00Z,2026-06-07T10:30:00+0200,49694.916539,MW,DE,DE_LU,forecast_load,Forecasted Load,2026-06-25T06:33:39Z
2026-06-25T06:32:03Z,2026-06-25T08:32:03+0200,cfe43b62-de54-4c74-8f9f-70948ee9d4b6,2026-06-07T08:45:00Z,2026-06-07T10:45:00+0200,50196.75993,MW,DE,DE_LU,forecast_load,Forecasted Load,2026-06-25T06:33:39Z
2026-06-25T06:32:03Z,2026-06-25T08:32:03+0200,cfe43b62-de54-4c74-8f9f-70948ee9d4b6,2026-06-07T09:00:00Z,2026-06-07T11:00:00+0200,50369.761111,MW,DE,DE_LU,forecast_load,Forecasted Load,2026-06-25T06:33:39Z
2026-06-25T06:32:03Z,2026-06-25T08:32:03+0200,cfe43b62-de54-4c74-8f9f-70948ee9d4b6,2026-06-07T09:15:00Z,2026-06-07T11:15:00+0200,50489.787404,MW,DE,DE_LU,forecast_load,Forecasted Load,2026-06-25T06:33:39Z
2026-06-25T06:32:03Z,2026-06-25T08:32:03+0200,cfe43b62-de54-4c74-8f9f-70948ee9d4b6,2026-06-07T09:30:00Z,2026-06-07T11:30:00+0200,50607.92026,MW,DE,DE_LU,forecast_load,Forecasted Load,2026-06-25T06:33:39Z
2026-06-25T06:32:03Z,2026-06-25T08:32:03+0200,cfe43b62-de54-4c74-8f9f-70948ee9d4b6,2026-06-07T09:45:00Z,2026-06-07T11:45:00+0200,50528.06943,MW,DE,DE_LU,forecast_load,Forecasted Load,2026-06-25T06:33:39Z
2026-06-25T06:32:03Z,2026-06-25T08:32:03+0200,cfe43b62-de54-4c74-8f9f-70948ee9d4b6,2026-06-07T10:00:00Z,2026-06-07T12:00:00+0200,50489.850597,MW,DE,DE_LU,forecast_load,Forecasted Load,2026-06-25T06:33:39Z
2026-06-25T06:32:03Z,2026-06-25T08:32:03+0200,cfe43b62-de54-4c74-8f9f-70948ee9d4b6,2026-06-07T10:15:00Z,2026-06-07T12:15:00+0200,50020.755009,MW,DE,DE_LU,forecast_load,Forecasted Load,2026-06-25T06:33:39Z
2026-06-25T06:32:03Z,2026-06-25T08:32:03+0200,cfe43b62-de54-4c74-8f9f-70948ee9d4b6,2026-06-07T10:30:00Z,2026-06-07T12:30:00+0200,49889.967664,MW,DE,DE_LU,forecast_load,Forecasted Load,2026-06-25T06:33:39Z
2026-06-25T06:32:03Z,2026-06-25T08:32:03+0200,cfe43b62-de54-4c74-8f9f-70948ee9d4b6,2026-06-07T10:45:00Z,2026-06-07T12:45:00+0200,49808.998428,MW,DE,DE_LU,forecast_load,Forecasted Load,2026-06-25T06:33:39Z
2026-06-25T06:32:03Z,2026-06-25T08:32:03+0200,cfe43b62-de54-4c74-8f9f-70948ee9d4b6,2026-06-07T11:00:00Z,2026-06-07T13:00:00+0200,49279.294301,MW,DE,DE_LU,forecast_load,Forecasted Load,2026-06-25T06:33:39Z
2026-06-25T06:32:03Z,2026-06-25T08:32:03+0200,cfe43b62-de54-4c74-8f9f-70948ee9d4b6,2026-06-07T11:15:00Z,2026-06-07T13:15:00+0200,49283.456112,MW,DE,DE_LU,forecast_load,Forecasted Load,2026-06-25T06:33:39Z
2026-06-25T06:32:03Z,2026-06-25T08:32:03+0200,cfe43b62-de54-4c74-8f9f-70948ee9d4b6,2026-06-07T11:30:00Z,2026-06-07T13:30:00+0200,49066.78665,MW,DE,DE_LU,forecast_load,Forecasted Load,2026-06-25T06:33:39Z
2026-06-25T06:32:03Z,2026-06-25T08:32:03+0200,cfe43b62-de54-4c74-8f9f-70948ee9d4b6,2026-06-07T11:45:00Z,2026-06-07T13:45:00+0200,48325.354029,MW,DE,DE_LU,forecast_load,Forecasted Load,2026-06-25T06:33:39Z
2026-06-25T06:32:03Z,2026-06-25T08:32:03+0200,cfe43b62-de54-4c74-8f9f-70948ee9d4b6,2026-06-07T12:00:00Z,2026-06-07T14:00:00+0200,48136.273548,MW,DE,DE_LU,forecast_load,Forecasted Load,2026-06-25T06:33:39Z
2026-06-25T06:32:03Z,2026-06-25T08:32:03+0200,cfe43b62-de54-4c74-8f9f-70948ee9d4b6,2026-06-07T12:15:00Z,2026-06-07T14:15:00+0200,47765.748102,MW,DE,DE_LU,forecast_load,Forecasted Load,2026-06-25T06:33:39Z
2026-06-25T06:32:03Z,2026-06-25T08:32:03+0200,cfe43b62-de54-4c74-8f9f-70948ee9d4b6,2026-06-07T12:30:00Z,2026-06-07T14:30:00+0200,47771.857429,MW,DE,DE_LU,forecast_load,Forecasted Load,2026-06-25T06:33:39Z
2026-06-25T06:32:03Z,2026-06-25T08:32:03+0200,cfe43b62-de54-4c74-8f9f-70948ee9d4b6,2026-06-07T12:45:00Z,2026-06-07T14:45:00+0200,47253.084434,MW,DE,DE_LU,forecast_load,Forecasted Load,2026-06-25T06:33:39Z
2026-06-25T06:32:03Z,2026-06-25T08:32:03+0200,cfe43b62-de54-4c74-8f9f-70948ee9d4b6,2026-06-07T13:00:00Z,2026-06-07T15:00:00+0200,47408.661036,MW,DE,DE_LU,forecast_load,Forecasted Load,2026-06-25T06:33:39Z
2026-06-25T06:32:03Z,2026-06-25T08:32:03+0200,cfe43b62-de54-4c74-8f9f-70948ee9d4b6,2026-06-07T13:15:00Z,2026-06-07T15:15:00+0200,47196.749776,MW,DE,DE_LU,forecast_load,Forecasted Load,2026-06-25T06:33:39Z
2026-06-25T06:32:03Z,2026-06-25T08:32:03+0200,cfe43b62-de54-4c74-8f9f-70948ee9d4b6,2026-06-07T13:30:00Z,2026-06-07T15:30:00+0200,46659.838307,MW,DE,DE_LU,forecast_load,Forecasted Load,2026-06-25T06:33:39Z
2026-06-25T06:32:03Z,2026-06-25T08:32:03+0200,cfe43b62-de54-4c74-8f9f-70948ee9d4b6,2026-06-07T13:45:00Z,2026-06-07T15:45:00+0200,46491.658784,MW,DE,DE_LU,forecast_load,Forecasted Load,2026-06-25T06:33:39Z
2026-06-25T06:32:03Z,2026-06-25T08:32:03+0200,cfe43b62-de54-4c74-8f9f-70948ee9d4b6,2026-06-07T14:00:00Z,2026-06-07T16:00:00+0200,46768.845125,MW,DE,DE_LU,forecast_load,Forecasted Load,2026-06-25T06:33:39Z
2026-06-25T06:32:03Z,2026-06-25T08:32:03+0200,cfe43b62-de54-4c74-8f9f-70948ee9d4b6,2026-06-07T14:15:00Z,2026-06-07T16:15:00+0200,46680.392355,MW,DE,DE_LU,forecast_load,Forecasted Load,2026-06-25T06:33:39Z
2026-06-25T06:32:03Z,2026-06-25T08:32:03+0200,cfe43b62-de54-4c74-8f9f-70948ee9d4b6,2026-06-07T14:30:00Z,2026-06-07T16:30:00+0200,46945.204707,MW,DE,DE_LU,forecast_load,Forecasted Load,2026-06-25T06:33:39Z
2026-06-25T06:32:03Z,2026-06-25T08:32:03+0200,cfe43b62-de54-4c74-8f9f-70948ee9d4b6,2026-06-07T14:45:00Z,2026-06-07T16:45:00+0200,46985.938733,MW,DE,DE_LU,forecast_load,Forecasted Load,2026-06-25T06:33:39Z
2026-06-25T06:32:03Z,2026-06-25T08:32:03+0200,cfe43b62-de54-4c74-8f9f-70948ee9d4b6,2026-06-07T15:00:00Z,2026-06-07T17:00:00+0200,47836.103045,MW,DE,DE_LU,forecast_load,Forecasted Load,2026-06-25T06:33:39Z
2026-06-25T06:32:03Z,2026-06-25T08:32:03+0200,cfe43b62-de54-4c74-8f9f-70948ee9d4b6,2026-06-07T15:15:00Z,2026-06-07T17:15:00+0200,47472.601572,MW,DE,DE_LU,forecast_load,Forecasted Load,2026-06-25T06:33:39Z
2026-06-25T06:32:03Z,2026-06-25T08:32:03+0200,cfe43b62-de54-4c74-8f9f-70948ee9d4b6,2026-06-07T15:30:00Z,2026-06-07T17:30:00+0200,47619.807633,MW,DE,DE_LU,forecast_load,Forecasted Load,2026-06-25T06:33:39Z
2026-06-25T06:32:03Z,2026-06-25T08:32:03+0200,cfe43b62-de54-4c74-8f9f-70948ee9d4b6,2026-06-07T15:45:00Z,2026-06-07T17:45:00+0200,48052.155176,MW,DE,DE_LU,forecast_load,Forecasted Load,2026-06-25T06:33:39Z
2026-06-25T06:32:03Z,2026-06-25T08:32:03+0200,cfe43b62-de54-4c74-8f9f-70948ee9d4b6,2026-06-07T16:00:00Z,2026-06-07T18:00:00+0200,48973.700283,MW,DE,DE_LU,forecast_load,Forecasted Load,2026-06-25T06:33:39Z
2026-06-25T06:32:03Z,2026-06-25T08:32:03+0200,cfe43b62-de54-4c74-8f9f-70948ee9d4b6,2026-06-07T16:15:00Z,2026-06-07T18:15:00+0200,49368.002615,MW,DE,DE_LU,forecast_load,Forecasted Load,2026-06-25T06:33:39Z
2026-06-25T06:32:03Z,2026-06-25T08:32:03+0200,cfe43b62-de54-4c74-8f9f-70948ee9d4b6,2026-06-07T16:30:00Z,2026-06-07T18:30:00+0200,49667.718785,MW,DE,DE_LU,forecast_load,Forecasted Load,2026-06-25T06:33:39Z
2026-06-25T06:32:03Z,2026-06-25T08:32:03+0200,cfe43b62-de54-4c74-8f9f-70948ee9d4b6,2026-06-07T16:45:00Z,2026-06-07T18:45:00+0200,49846.125873,MW,DE,DE_LU,forecast_load,Forecasted Load,2026-06-25T06:33:39Z
2026-06-25T06:32:03Z,2026-06-25T08:32:03+0200,cfe43b62-de54-4c74-8f9f-70948ee9d4b6,2026-06-07T17:00:00Z,2026-06-07T19:00:00+0200,50105.124955,MW,DE,DE_LU,forecast_load,Forecasted Load,2026-06-25T06:33:39Z
2026-06-25T06:32:03Z,2026-06-25T08:32:03+0200,cfe43b62-de54-4c74-8f9f-70948ee9d4b6,2026-06-07T17:15:00Z,2026-06-07T19:15:00+0200,50047.096368,MW,DE,DE_LU,forecast_load,Forecasted Load,2026-06-25T06:33:39Z
2026-06-25T06:32:03Z,2026-06-25T08:32:03+0200,cfe43b62-de54-4c74-8f9f-70948ee9d4b6,2026-06-07T17:30:00Z,2026-06-07T19:30:00+0200,50096.307258,MW,DE,DE_LU,forecast_load,Forecasted Load,2026-06-25T06:33:39Z
2026-06-25T06:32:03Z,2026-06-25T08:32:03+0200,cfe43b62-de54-4c74-8f9f-70948ee9d4b6,2026-06-07T17:45:00Z,2026-06-07T19:45:00+0200,49993.44858,MW,DE,DE_LU,forecast_load,Forecasted Load,2026-06-25T06:33:39Z
2026-06-25T06:32:03Z,2026-06-25T08:32:03+0200,cfe43b62-de54-4c74-8f9f-70948ee9d4b6,2026-06-07T18:00:00Z,2026-06-07T20:00:00+0200,49905.291108,MW,DE,DE_LU,forecast_load,Forecasted Load,2026-06-25T06:33:39Z
2026-06-25T06:32:03Z,2026-06-25T08:32:03+0200,cfe43b62-de54-4c74-8f9f-70948ee9d4b6,2026-06-07T18:15:00Z,2026-06-07T20:15:00+0200,49550.749397,MW,DE,DE_LU,forecast_load,Forecasted Load,2026-06-25T06:33:39Z
2026-06-25T06:32:03Z,2026-06-25T08:32:03+0200,cfe43b62-de54-4c74-8f9f-70948ee9d4b6,2026-06-07T18:30:00Z,2026-06-07T20:30:00+0200,49126.582586,MW,DE,DE_LU,forecast_load,Forecasted Load,2026-06-25T06:33:39Z
2026-06-25T06:32:03Z,2026-06-25T08:32:03+0200,cfe43b62-de54-4c74-8f9f-70948ee9d4b6,2026-06-07T18:45:00Z,2026-06-07T20:45:00+0200,48748.530123,MW,DE,DE_LU,forecast_load,Forecasted Load,2026-06-25T06:33:39Z
2026-06-25T06:32:03Z,2026-06-25T08:32:03+0200,cfe43b62-de54-4c74-8f9f-70948ee9d4b6,2026-06-07T19:00:00Z,2026-06-07T21:00:00+0200,48379.886507,MW,DE,DE_LU,forecast_load,Forecasted Load,2026-06-25T06:33:39Z
2026-06-25T06:32:03Z,2026-06-25T08:32:03+0200,cfe43b62-de54-4c74-8f9f-70948ee9d4b6,2026-06-07T19:15:00Z,2026-06-07T21:15:00+0200,48006.856893,MW,DE,DE_LU,forecast_load,Forecasted Load,2026-06-25T06:33:39Z
2026-06-25T06:32:03Z,2026-06-25T08:32:03+0200,cfe43b62-de54-4c74-8f9f-70948ee9d4b6,2026-06-07T19:30:00Z,2026-06-07T21:30:00+0200,47678.848717,MW,DE,DE_LU,forecast_load,Forecasted Load,2026-06-25T06:33:39Z
2026-06-25T06:32:03Z,2026-06-25T08:32:03+0200,cfe43b62-de54-4c74-8f9f-70948ee9d4b6,2026-06-07T19:45:00Z,2026-06-07T21:45:00+0200,47413.564118,MW,DE,DE_LU,forecast_load,Forecasted Load,2026-06-25T06:33:39Z
2026-06-25T06:32:03Z,2026-06-25T08:32:03+0200,cfe43b62-de54-4c74-8f9f-70948ee9d4b6,2026-06-07T20:00:00Z,2026-06-07T22:00:00+0200,47004.268523,MW,DE,DE_LU,forecast_load,Forecasted Load,2026-06-25T06:33:39Z
2026-06-25T06:32:03Z,2026-06-25T08:32:03+0200,cfe43b62-de54-4c74-8f9f-70948ee9d4b6,2026-06-07T20:15:00Z,2026-06-07T22:15:00+0200,46431.346192,MW,DE,DE_LU,forecast_load,Forecasted Load,2026-06-25T06:33:39Z
2026-06-25T06:32:03Z,2026-06-25T08:32:03+0200,cfe43b62-de54-4c74-8f9f-70948ee9d4b6,2026-06-07T20:30:00Z,2026-06-07T22:30:00+0200,45925.794324,MW,DE,DE_LU,forecast_load,Forecasted Load,2026-06-25T06:33:39Z
2026-06-25T06:32:03Z,2026-06-25T08:32:03+0200,cfe43b62-de54-4c74-8f9f-70948ee9d4b6,2026-06-07T20:45:00Z,2026-06-07T22:45:00+0200,45467.941353,MW,DE,DE_LU,forecast_load,Forecasted Load,2026-06-25T06:33:39Z
2026-06-25T06:32:03Z,2026-06-25T08:32:03+0200,cfe43b62-de54-4c74-8f9f-70948ee9d4b6,2026-06-07T21:00:00Z,2026-06-07T23:00:00+0200,44804.200989,MW,DE,DE_LU,forecast_load,Forecasted Load,2026-06-25T06:33:39Z
2026-06-25T06:32:03Z,2026-06-25T08:32:03+0200,cfe43b62-de54-4c74-8f9f-70948ee9d4b6,2026-06-07T21:15:00Z,2026-06-07T23:15:00+0200,44267.850244,MW,DE,DE_LU,forecast_load,Forecasted Load,2026-06-25T06:33:39Z
2026-06-25T06:32:03Z,2026-06-25T08:32:03+0200,cfe43b62-de54-4c74-8f9f-70948ee9d4b6,2026-06-07T21:30:00Z,2026-06-07T23:30:00+0200,43825.195394,MW,DE,DE_LU,forecast_load,Forecasted Load,2026-06-25T06:33:39Z
2026-06-25T06:32:03Z,2026-06-25T08:32:03+0200,cfe43b62-de54-4c74-8f9f-70948ee9d4b6,2026-06-07T21:45:00Z,2026-06-07T23:45:00+0200,43467.190259,MW,DE,DE_LU,forecast_load,Forecasted Load,2026-06-25T06:33:39Z
2026-06-25T06:32:03Z,2026-06-25T08:32:03+0200,cfe43b62-de54-4c74-8f9f-70948ee9d4b6,2026-06-07T22:00:00Z,2026-06-08T00:00:00+0200,42402.665892,MW,DE,DE_LU,forecast_load,Forecasted Load,2026-06-25T06:33:39Z
2026-06-25T06:32:03Z,2026-06-25T08:32:03+0200,cfe43b62-de54-4c74-8f9f-70948ee9d4b6,2026-06-07T22:15:00Z,2026-06-08T00:15:00+0200,42212.474089,MW,DE,DE_LU,forecast_load,Forecasted Load,2026-06-25T06:33:39Z
2026-06-25T06:32:03Z,2026-06-25T08:32:03+0200,cfe43b62-de54-4c74-8f9f-70948ee9d4b6,2026-06-07T22:30:00Z,2026-06-08T00:30:00+0200,41962.949769,MW,DE,DE_LU,forecast_load,Forecasted Load,2026-06-25T06:33:39Z
2026-06-25T06:32:03Z,2026-06-25T08:32:03+0200,cfe43b62-de54-4c74-8f9f-70948ee9d4b6,2026-06-07T22:45:00Z,2026-06-08T00:45:00+0200,41688.816333,MW,DE,DE_LU,forecast_load,Forecasted Load,2026-06-25T06:33:39Z
2026-06-25T06:32:03Z,2026-06-25T08:32:03+0200,cfe43b62-de54-4c74-8f9f-70948ee9d4b6,2026-06-07T23:00:00Z,2026-06-08T01:00:00+0200,41386.520596,MW,DE,DE_LU,forecast_load,Forecasted Load,2026-06-25T06:33:39Z
2026-06-25T06:32:03Z,2026-06-25T08:32:03+0200,cfe43b62-de54-4c74-8f9f-70948ee9d4b6,2026-06-07T23:15:00Z,2026-06-08T01:15:00+0200,40981.038452,MW,DE,DE_LU,forecast_load,Forecasted Load,2026-06-25T06:33:39Z
2026-06-25T06:32:03Z,2026-06-25T08:32:03+0200,cfe43b62-de54-4c74-8f9f-70948ee9d4b6,2026-06-07T23:30:00Z,2026-06-08T01:30:00+0200,40770.546218,MW,DE,DE_LU,forecast_load,Forecasted Load,2026-06-25T06:33:39Z
2026-06-25T06:32:03Z,2026-06-25T08:32:03+0200,cfe43b62-de54-4c74-8f9f-70948ee9d4b6,2026-06-07T23:45:00Z,2026-06-08T01:45:00+0200,40557.959799,MW,DE,DE_LU,forecast_load,Forecasted Load,2026-06-25T06:33:39Z
2026-06-25T06:32:03Z,2026-06-25T08:32:03+0200,cfe43b62-de54-4c74-8f9f-70948ee9d4b6,2026-06-08T00:00:00Z,2026-06-08T02:00:00+0200,40408.308014,MW,DE,DE_LU,forecast_load,Forecasted Load,2026-06-25T06:33:39Z
2026-06-25T06:32:03Z,2026-06-25T08:32:03+0200,cfe43b62-de54-4c74-8f9f-70948ee9d4b6,2026-06-08T00:15:00Z,2026-06-08T02:15:00+0200,40305.183573,MW,DE,DE_LU,forecast_load,Forecasted Load,2026-06-25T06:33:39Z
2026-06-25T06:32:03Z,2026-06-25T08:32:03+0200,cfe43b62-de54-4c74-8f9f-70948ee9d4b6,2026-06-08T00:30:00Z,2026-06-08T02:30:00+0200,40231.247938,MW,DE,DE_LU,forecast_load,Forecasted Load,2026-06-25T06:33:39Z
2026-06-25T06:32:03Z,2026-06-25T08:32:03+0200,cfe43b62-de54-4c74-8f9f-70948ee9d4b6,2026-06-08T00:45:00Z,2026-06-08T02:45:00+0200,40242.66783,MW,DE,DE_LU,forecast_load,Forecasted Load,2026-06-25T06:33:39Z
2026-06-25T06:32:03Z,2026-06-25T08:32:03+0200,cfe43b62-de54-4c74-8f9f-70948ee9d4b6,2026-06-08T01:00:00Z,2026-06-08T03:00:00+0200,40390.996568,MW,DE,DE_LU,forecast_load,Forecasted Load,2026-06-25T06:33:39Z
2026-06-25T06:32:03Z,2026-06-25T08:32:03+0200,cfe43b62-de54-4c74-8f9f-70948ee9d4b6,2026-06-08T01:15:00Z,2026-06-08T03:15:00+0200,40407.438178,MW,DE,DE_LU,forecast_load,Forecasted Load,2026-06-25T06:33:39Z
2026-06-25T06:32:03Z,2026-06-25T08:32:03+0200,cfe43b62-de54-4c74-8f9f-70948ee9d4b6,2026-06-08T01:30:00Z,2026-06-08T03:30:00+0200,40609.671364,MW,DE,DE_LU,forecast_load,Forecasted Load,2026-06-25T06:33:39Z
2026-06-25T06:32:03Z,2026-06-25T08:32:03+0200,cfe43b62-de54-4c74-8f9f-70948ee9d4b6,2026-06-08T01:45:00Z,2026-06-08T03:45:00+0200,40863.317435,MW,DE,DE_LU,forecast_load,Forecasted Load,2026-06-25T06:33:39Z
2026-06-25T06:32:03Z,2026-06-25T08:32:03+0200,cfe43b62-de54-4c74-8f9f-70948ee9d4b6,2026-06-08T02:00:00Z,2026-06-08T04:00:00+0200,41287.526026,MW,DE,DE_LU,forecast_load,Forecasted Load,2026-06-25T06:33:39Z
2026-06-25T06:32:03Z,2026-06-25T08:32:03+0200,cfe43b62-de54-4c74-8f9f-70948ee9d4b6,2026-06-08T02:15:00Z,2026-06-08T04:15:00+0200,41647.252351,MW,DE,DE_LU,forecast_load,Forecasted Load,2026-06-25T06:33:39Z
2026-06-25T06:32:03Z,2026-06-25T08:32:03+0200,cfe43b62-de54-4c74-8f9f-70948ee9d4b6,2026-06-08T02:30:00Z,2026-06-08T04:30:00+0200,42247.927533,MW,DE,DE_LU,forecast_load,Forecasted Load,2026-06-25T06:33:39Z
2026-06-25T06:32:03Z,2026-06-25T08:32:03+0200,cfe43b62-de54-4c74-8f9f-70948ee9d4b6,2026-06-08T02:45:00Z,2026-06-08T04:45:00+0200,42914.226821,MW,DE,DE_LU,forecast_load,Forecasted Load,2026-06-25T06:33:39Z
2026-06-25T06:32:03Z,2026-06-25T08:32:03+0200,cfe43b62-de54-4c74-8f9f-70948ee9d4b6,2026-06-08T03:00:00Z,2026-06-08T05:00:00+0200,44072.470914,MW,DE,DE_LU,forecast_load,Forecasted Load,2026-06-25T06:33:39Z
2026-06-25T06:32:03Z,2026-06-25T08:32:03+0200,cfe43b62-de54-4c74-8f9f-70948ee9d4b6,2026-06-08T03:15:00Z,2026-06-08T05:15:00+0200,44590.491255,MW,DE,DE_LU,forecast_load,Forecasted Load,2026-06-25T06:33:39Z
2026-06-25T06:32:03Z,2026-06-25T08:32:03+0200,cfe43b62-de54-4c74-8f9f-70948ee9d4b6,2026-06-08T03:30:00Z,2026-06-08T05:30:00+0200,47335.983199,MW,DE,DE_LU,forecast_load,Forecasted Load,2026-06-25T06:33:39Z
2026-06-25T06:32:03Z,2026-06-25T08:32:03+0200,cfe43b62-de54-4c74-8f9f-70948ee9d4b6,2026-06-08T03:45:00Z,2026-06-08T05:45:00+0200,48192.925791,MW,DE,DE_LU,forecast_load,Forecasted Load,2026-06-25T06:33:39Z
2026-06-25T06:32:03Z,2026-06-25T08:32:03+0200,cfe43b62-de54-4c74-8f9f-70948ee9d4b6,2026-06-08T04:00:00Z,2026-06-08T06:00:00+0200,51029.408266,MW,DE,DE_LU,forecast_load,Forecasted Load,2026-06-25T06:33:39Z
2026-06-25T06:32:03Z,2026-06-25T08:32:03+0200,cfe43b62-de54-4c74-8f9f-70948ee9d4b6,2026-06-08T04:15:00Z,2026-06-08T06:15:00+0200,52327.439654,MW,DE,DE_LU,forecast_load,Forecasted Load,2026-06-25T06:33:39Z
2026-06-25T06:32:03Z,2026-06-25T08:32:03+0200,cfe43b62-de54-4c74-8f9f-70948ee9d4b6,2026-06-08T04:30:00Z,2026-06-08T06:30:00+0200,53617.522313,MW,DE,DE_LU,forecast_load,Forecasted Load,2026-06-25T06:33:39Z
2026-06-25T06:32:03Z,2026-06-25T08:32:03+0200,cfe43b62-de54-4c74-8f9f-70948ee9d4b6,2026-06-08T04:45:00Z,2026-06-08T06:45:00+0200,54924.005533,MW,DE,DE_LU,forecast_load,Forecasted Load,2026-06-25T06:33:39Z
2026-06-25T06:32:03Z,2026-06-25T08:32:03+0200,cfe43b62-de54-4c74-8f9f-70948ee9d4b6,2026-06-08T05:00:00Z,2026-06-08T07:00:00+0200,56461.183223,MW,DE,DE_LU,forecast_load,Forecasted Load,2026-06-25T06:33:39Z
2026-06-25T06:32:03Z,2026-06-25T08:32:03+0200,cfe43b62-de54-4c74-8f9f-70948ee9d4b6,2026-06-08T05:15:00Z,2026-06-08T07:15:00+0200,57639.903646,MW,DE,DE_LU,forecast_load,Forecasted Load,2026-06-25T06:33:39Z
2026-06-25T06:32:03Z,2026-06-25T08:32:03+0200,cfe43b62-de54-4c74-8f9f-70948ee9d4b6,2026-06-08T05:30:00Z,2026-06-08T07:30:00+0200,58355.18057,MW,DE,DE_LU,forecast_load,Forecasted Load,2026-06-25T06:33:39Z
2026-06-25T06:32:03Z,2026-06-25T08:32:03+0200,cfe43b62-de54-4c74-8f9f-70948ee9d4b6,2026-06-08T05:45:00Z,2026-06-08T07:45:00+0200,59060.950246,MW,DE,DE_LU,forecast_load,Forecasted Load,2026-06-25T06:33:39Z
2026-06-25T06:32:03Z,2026-06-25T08:32:03+0200,cfe43b62-de54-4c74-8f9f-70948ee9d4b6,2026-06-08T06:00:00Z,2026-06-08T08:00:00+0200,59898.865564,MW,DE,DE_LU,forecast_load,Forecasted Load,2026-06-25T06:33:39Z
2026-06-25T06:32:03Z,2026-06-25T08:32:03+0200,cfe43b62-de54-4c74-8f9f-70948ee9d4b6,2026-06-08T06:15:00Z,2026-06-08T08:15:00+0200,60571.004557,MW,DE,DE_LU,forecast_load,Forecasted Load,2026-06-25T06:33:39Z
2026-06-25T06:32:03Z,2026-06-25T08:32:03+0200,cfe43b62-de54-4c74-8f9f-70948ee9d4b6,2026-06-08T06:30:00Z,2026-06-08T08:30:00+0200,60734.750957,MW,DE,DE_LU,forecast_load,Forecasted Load,2026-06-25T06:33:39Z
2026-06-25T06:32:03Z,2026-06-25T08:32:03+0200,cfe43b62-de54-4c74-8f9f-70948ee9d4b6,2026-06-08T06:45:00Z,2026-06-08T08:45:00+0200,60829.214087,MW,DE,DE_LU,forecast_load,Forecasted Load,2026-06-25T06:33:39Z
2026-06-25T06:32:03Z,2026-06-25T08:32:03+0200,cfe43b62-de54-4c74-8f9f-70948ee9d4b6,2026-06-08T07:00:00Z,2026-06-08T09:00:00+0200,60568.121558,MW,DE,DE_LU,forecast_load,Forecasted Load,2026-06-25T06:33:39Z
2026-06-25T06:32:03Z,2026-06-25T08:32:03+0200,cfe43b62-de54-4c74-8f9f-70948ee9d4b6,2026-06-08T07:15:00Z,2026-06-08T09:15:00+0200,60945.77059,MW,DE,DE_LU,forecast_load,Forecasted Load,2026-06-25T06:33:39Z
2026-06-25T06:32:03Z,2026-06-25T08:32:03+0200,cfe43b62-de54-4c74-8f9f-70948ee9d4b6,2026-06-08T07:30:00Z,2026-06-08T09:30:00+0200,61253.419724,MW,DE,DE_LU,forecast_load,Forecasted Load,2026-06-25T06:33:39Z
2026-06-25T06:32:03Z,2026-06-25T08:32:03+0200,cfe43b62-de54-4c74-8f9f-70948ee9d4b6,2026-06-08T07:45:00Z,2026-06-08T09:45:00+0200,61877.07136,MW,DE,DE_LU,forecast_load,Forecasted Load,2026-06-25T06:33:39Z
2026-06-25T06:32:03Z,2026-06-25T08:32:03+0200,cfe43b62-de54-4c74-8f9f-70948ee9d4b6,2026-06-08T08:00:00Z,2026-06-08T10:00:00+0200,61981.621833,MW,DE,DE_LU,forecast_load,Forecasted Load,2026-06-25T06:33:39Z
2026-06-25T06:32:03Z,2026-06-25T08:32:03+0200,cfe43b62-de54-4c74-8f9f-70948ee9d4b6,2026-06-08T08:15:00Z,2026-06-08T10:15:00+0200,61598.464915,MW,DE,DE_LU,forecast_load,Forecasted Load,2026-06-25T06:33:39Z
2026-06-25T06:32:03Z,2026-06-25T08:32:03+0200,cfe43b62-de54-4c74-8f9f-70948ee9d4b6,2026-06-08T08:30:00Z,2026-06-08T10:30:00+0200,62237.756368,MW,DE,DE_LU,forecast_load,Forecasted Load,2026-06-25T06:33:39Z
2026-06-25T06:32:03Z,2026-06-25T08:32:03+0200,cfe43b62-de54-4c74-8f9f-70948ee9d4b6,2026-06-08T08:45:00Z,2026-06-08T10:45:00+0200,62016.302191,MW,DE,DE_LU,forecast_load,Forecasted Load,2026-06-25T06:33:39Z
2026-06-25T06:32:03Z,2026-06-25T08:32:03+0200,cfe43b62-de54-4c74-8f9f-70948ee9d4b6,2026-06-08T09:00:00Z,2026-06-08T11:00:00+0200,61979.340231,MW,DE,DE_LU,forecast_load,Forecasted Load,2026-06-25T06:33:39Z
2026-06-25T06:32:03Z,2026-06-25T08:32:03+0200,cfe43b62-de54-4c74-8f9f-70948ee9d4b6,2026-06-08T09:15:00Z,2026-06-08T11:15:00+0200,61970.104569,MW,DE,DE_LU,forecast_load,Forecasted Load,2026-06-25T06:33:39Z
2026-06-25T06:32:03Z,2026-06-25T08:32:03+0200,cfe43b62-de54-4c74-8f9f-70948ee9d4b6,2026-06-08T09:30:00Z,2026-06-08T11:30:00+0200,62108.602368,MW,DE,DE_LU,forecast_load,Forecasted Load,2026-06-25T06:33:39Z
2026-06-25T06:32:03Z,2026-06-25T08:32:03+0200,cfe43b62-de54-4c74-8f9f-70948ee9d4b6,2026-06-08T09:45:00Z,2026-06-08T11:45:00+0200,62187.540469,MW,DE,DE_LU,forecast_load,Forecasted Load,2026-06-25T06:33:39Z
2026-06-25T06:32:03Z,2026-06-25T08:32:03+0200,cfe43b62-de54-4c74-8f9f-70948ee9d4b6,2026-06-08T10:00:00Z,2026-06-08T12:00:00+0200,61902.209559,MW,DE,DE_LU,forecast_load,Forecasted Load,2026-06-25T06:33:39Z
2026-06-25T06:32:03Z,2026-06-25T08:32:03+0200,cfe43b62-de54-4c74-8f9f-70948ee9d4b6,2026-06-08T10:15:00Z,2026-06-08T12:15:00+0200,62041.890614,MW,DE,DE_LU,forecast_load,Forecasted Load,2026-06-25T06:33:39Z
2026-06-25T06:32:03Z,2026-06-25T08:32:03+0200,cfe43b62-de54-4c74-8f9f-70948ee9d4b6,2026-06-08T10:30:00Z,2026-06-08T12:30:00+0200,62027.493938,MW,DE,DE_LU,forecast_load,Forecasted Load,2026-06-25T06:33:39Z
2026-06-25T06:32:03Z,2026-06-25T08:32:03+0200,cfe43b62-de54-4c74-8f9f-70948ee9d4b6,2026-06-08T10:45:00Z,2026-06-08T12:45:00+0200,61793.094504,MW,DE,DE_LU,forecast_load,Forecasted Load,2026-06-25T06:33:39Z
2026-06-25T06:32:03Z,2026-06-25T08:32:03+0200,cfe43b62-de54-4c74-8f9f-70948ee9d4b6,2026-06-08T11:00:00Z,2026-06-08T13:00:00+0200,61404.582756,MW,DE,DE_LU,forecast_load,Forecasted Load,2026-06-25T06:33:39Z
2026-06-25T06:32:03Z,2026-06-25T08:32:03+0200,cfe43b62-de54-4c74-8f9f-70948ee9d4b6,2026-06-08T11:15:00Z,2026-06-08T13:15:00+0200,61268.913712,MW,DE,DE_LU,forecast_load,Forecasted Load,2026-06-25T06:33:39Z
2026-06-25T06:32:03Z,2026-06-25T08:32:03+0200,cfe43b62-de54-4c74-8f9f-70948ee9d4b6,2026-06-08T11:30:00Z,2026-06-08T13:30:00+0200,61127.690031,MW,DE,DE_LU,forecast_load,Forecasted Load,2026-06-25T06:33:39Z
2026-06-25T06:32:03Z,2026-06-25T08:32:03+0200,cfe43b62-de54-4c74-8f9f-70948ee9d4b6,2026-06-08T11:45:00Z,2026-06-08T13:45:00+0200,60724.460827,MW,DE,DE_LU,forecast_load,Forecasted Load,2026-06-25T06:33:39Z
2026-06-25T06:32:03Z,2026-06-25T08:32:03+0200,cfe43b62-de54-4c74-8f9f-70948ee9d4b6,2026-06-08T12:00:00Z,2026-06-08T14:00:00+0200,60633.144473,MW,DE,DE_LU,forecast_load,Forecasted Load,2026-06-25T06:33:39Z
2026-06-25T06:32:03Z,2026-06-25T08:32:03+0200,cfe43b62-de54-4c74-8f9f-70948ee9d4b6,2026-06-08T12:15:00Z,2026-06-08T14:15:00+0200,60114.091049,MW,DE,DE_LU,forecast_load,Forecasted Load,2026-06-25T06:33:39Z
2026-06-25T06:32:03Z,2026-06-25T08:32:03+0200,cfe43b62-de54-4c74-8f9f-70948ee9d4b6,2026-06-08T12:30:00Z,2026-06-08T14:30:00+0200,59701.107242,MW,DE,DE_LU,forecast_load,Forecasted Load,2026-06-25T06:33:39Z
2026-06-25T06:32:03Z,2026-06-25T08:32:03+0200,cfe43b62-de54-4c74-8f9f-70948ee9d4b6,2026-06-08T12:45:00Z,2026-06-08T14:45:00+0200,59428.904942,MW,DE,DE_LU,forecast_load,Forecasted Load,2026-06-25T06:33:39Z
2026-06-25T06:32:03Z,2026-06-25T08:32:03+0200,cfe43b62-de54-4c74-8f9f-70948ee9d4b6,2026-06-08T13:00:00Z,2026-06-08T15:00:00+0200,59365.612067,MW,DE,DE_LU,forecast_load,Forecasted Load,2026-06-25T06:33:39Z
2026-06-25T06:32:03Z,2026-06-25T08:32:03+0200,cfe43b62-de54-4c74-8f9f-70948ee9d4b6,2026-06-08T13:15:00Z,2026-06-08T15:15:00+0200,59377.107754,MW,DE,DE_LU,forecast_load,Forecasted Load,2026-06-25T06:33:39Z
2026-06-25T06:32:03Z,2026-06-25T08:32:03+0200,cfe43b62-de54-4c74-8f9f-70948ee9d4b6,2026-06-08T13:30:00Z,2026-06-08T15:30:00+0200,58885.488226,MW,DE,DE_LU,forecast_load,Forecasted Load,2026-06-25T06:33:39Z
2026-06-25T06:32:03Z,2026-06-25T08:32:03+0200,cfe43b62-de54-4c74-8f9f-70948ee9d4b6,2026-06-08T13:45:00Z,2026-06-08T15:45:00+0200,58808.667943,MW,DE,DE_LU,forecast_load,Forecasted Load,2026-06-25T06:33:39Z
2026-06-25T06:32:03Z,2026-06-25T08:32:03+0200,cfe43b62-de54-4c74-8f9f-70948ee9d4b6,2026-06-08T14:00:00Z,2026-06-08T16:00:00+0200,59196.487133,MW,DE,DE_LU,forecast_load,Forecasted Load,2026-06-25T06:33:39Z
2026-06-25T06:32:03Z,2026-06-25T08:32:03+0200,cfe43b62-de54-4c74-8f9f-70948ee9d4b6,2026-06-08T14:15:00Z,2026-06-08T16:15:00+0200,58362.306919,MW,DE,DE_LU,forecast_load,Forecasted Load,2026-06-25T06:33:39Z
2026-06-25T06:32:03Z,2026-06-25T08:32:03+0200,cfe43b62-de54-4c74-8f9f-70948ee9d4b6,2026-06-08T14:30:00Z,2026-06-08T16:30:00+0200,58398.267642,MW,DE,DE_LU,forecast_load,Forecasted Load,2026-06-25T06:33:39Z
2026-06-25T06:32:03Z,2026-06-25T08:32:03+0200,cfe43b62-de54-4c74-8f9f-70948ee9d4b6,2026-06-08T14:45:00Z,2026-06-08T16:45:00+0200,58114.254413,MW,DE,DE_LU,forecast_load,Forecasted Load,2026-06-25T06:33:39Z
2026-06-25T06:32:03Z,2026-06-25T08:32:03+0200,cfe43b62-de54-4c74-8f9f-70948ee9d4b6,2026-06-08T15:00:00Z,2026-06-08T17:00:00+0200,58364.345203,MW,DE,DE_LU,forecast_load,Forecasted Load,2026-06-25T06:33:39Z
2026-06-25T06:32:03Z,2026-06-25T08:32:03+0200,cfe43b62-de54-4c74-8f9f-70948ee9d4b6,2026-06-08T15:15:00Z,2026-06-08T17:15:00+0200,58538.945954,MW,DE,DE_LU,forecast_load,Forecasted Load,2026-06-25T06:33:39Z
2026-06-25T06:32:03Z,2026-06-25T08:32:03+0200,cfe43b62-de54-4c74-8f9f-70948ee9d4b6,2026-06-08T15:30:00Z,2026-06-08T17:30:00+0200,58803.941293,MW,DE,DE_LU,forecast_load,Forecasted Load,2026-06-25T06:33:39Z
2026-06-25T06:32:03Z,2026-06-25T08:32:03+0200,cfe43b62-de54-4c74-8f9f-70948ee9d4b6,2026-06-08T15:45:00Z,2026-06-08T17:45:00+0200,58917.582479,MW,DE,DE_LU,forecast_load,Forecasted Load,2026-06-25T06:33:39Z
2026-06-25T06:32:03Z,2026-06-25T08:32:03+0200,cfe43b62-de54-4c74-8f9f-70948ee9d4b6,2026-06-08T16:00:00Z,2026-06-08T18:00:00+0200,59630.129082,MW,DE,DE_LU,forecast_load,Forecasted Load,2026-06-25T06:33:39Z
2026-06-25T06:32:03Z,2026-06-25T08:32:03+0200,cfe43b62-de54-4c74-8f9f-70948ee9d4b6,2026-06-08T16:15:00Z,2026-06-08T18:15:00+0200,60087.659683,MW,DE,DE_LU,forecast_load,Forecasted Load,2026-06-25T06:33:39Z
2026-06-25T06:32:03Z,2026-06-25T08:32:03+0200,cfe43b62-de54-4c74-8f9f-70948ee9d4b6,2026-06-08T16:30:00Z,2026-06-08T18:30:00+0200,59811.341677,MW,DE,DE_LU,forecast_load,Forecasted Load,2026-06-25T06:33:39Z
2026-06-25T06:32:03Z,2026-06-25T08:32:03+0200,cfe43b62-de54-4c74-8f9f-70948ee9d4b6,2026-06-08T16:45:00Z,2026-06-08T18:45:00+0200,59755.906793,MW,DE,DE_LU,forecast_load,Forecasted Load,2026-06-25T06:33:39Z
2026-06-25T06:32:03Z,2026-06-25T08:32:03+0200,cfe43b62-de54-4c74-8f9f-70948ee9d4b6,2026-06-08T17:00:00Z,2026-06-08T19:00:00+0200,59800.296241,MW,DE,DE_LU,forecast_load,Forecasted Load,2026-06-25T06:33:39Z
2026-06-25T06:32:03Z,2026-06-25T08:32:03+0200,cfe43b62-de54-4c74-8f9f-70948ee9d4b6,2026-06-08T17:15:00Z,2026-06-08T19:15:00+0200,59686.786036,MW,DE,DE_LU,forecast_load,Forecasted Load,2026-06-25T06:33:39Z
2026-06-25T06:32:03Z,2026-06-25T08:32:03+0200,cfe43b62-de54-4c74-8f9f-70948ee9d4b6,2026-06-08T17:30:00Z,2026-06-08T19:30:00+0200,59812.743349,MW,DE,DE_LU,forecast_load,Forecasted Load,2026-06-25T06:33:39Z
2026-06-25T06:32:03Z,2026-06-25T08:32:03+0200,cfe43b62-de54-4c74-8f9f-70948ee9d4b6,2026-06-08T17:45:00Z,2026-06-08T19:45:00+0200,59605.470392,MW,DE,DE_LU,forecast_load,Forecasted Load,2026-06-25T06:33:39Z
2026-06-25T06:32:03Z,2026-06-25T08:32:03+0200,cfe43b62-de54-4c74-8f9f-70948ee9d4b6,2026-06-08T18:00:00Z,2026-06-08T20:00:00+0200,59047.506685,MW,DE,DE_LU,forecast_load,Forecasted Load,2026-06-25T06:33:39Z
2026-06-25T06:32:03Z,2026-06-25T08:32:03+0200,cfe43b62-de54-4c74-8f9f-70948ee9d4b6,2026-06-08T18:15:00Z,2026-06-08T20:15:00+0200,58682.934522,MW,DE,DE_LU,forecast_load,Forecasted Load,2026-06-25T06:33:39Z
2026-06-25T06:32:03Z,2026-06-25T08:32:03+0200,cfe43b62-de54-4c74-8f9f-70948ee9d4b6,2026-06-08T18:30:00Z,2026-06-08T20:30:00+0200,58123.806313,MW,DE,DE_LU,forecast_load,Forecasted Load,2026-06-25T06:33:39Z
2026-06-25T06:32:03Z,2026-06-25T08:32:03+0200,cfe43b62-de54-4c74-8f9f-70948ee9d4b6,2026-06-08T18:45:00Z,2026-06-08T20:45:00+0200,57444.736949,MW,DE,DE_LU,forecast_load,Forecasted Load,2026-06-25T06:33:39Z
2026-06-25T06:32:03Z,2026-06-25T08:32:03+0200,cfe43b62-de54-4c74-8f9f-70948ee9d4b6,2026-06-08T19:00:00Z,2026-06-08T21:00:00+0200,56860.567536,MW,DE,DE_LU,forecast_load,Forecasted Load,2026-06-25T06:33:39Z
2026-06-25T06:32:03Z,2026-06-25T08:32:03+0200,cfe43b62-de54-4c74-8f9f-70948ee9d4b6,2026-06-08T19:15:00Z,2026-06-08T21:15:00+0200,56219.366327,MW,DE,DE_LU,forecast_load,Forecasted Load,2026-06-25T06:33:39Z
2026-06-25T06:32:03Z,2026-06-25T08:32:03+0200,cfe43b62-de54-4c74-8f9f-70948ee9d4b6,2026-06-08T19:30:00Z,2026-06-08T21:30:00+0200,55447.636035,MW,DE,DE_LU,forecast_load,Forecasted Load,2026-06-25T06:33:39Z
2026-06-25T06:32:03Z,2026-06-25T08:32:03+0200,cfe43b62-de54-4c74-8f9f-70948ee9d4b6,2026-06-08T19:45:00Z,2026-06-08T21:45:00+0200,54877.282225,MW,DE,DE_LU,forecast_load,Forecasted Load,2026-06-25T06:33:39Z
2026-06-25T06:32:03Z,2026-06-25T08:32:03+0200,cfe43b62-de54-4c74-8f9f-70948ee9d4b6,2026-06-08T20:00:00Z,2026-06-08T22:00:00+0200,53916.035286,MW,DE,DE_LU,forecast_load,Forecasted Load,2026-06-25T06:33:39Z
2026-06-25T06:32:03Z,2026-06-25T08:32:03+0200,cfe43b62-de54-4c74-8f9f-70948ee9d4b6,2026-06-08T20:15:00Z,2026-06-08T22:15:00+0200,53225.172596,MW,DE,DE_LU,forecast_load,Forecasted Load,2026-06-25T06:33:39Z
2026-06-25T06:32:03Z,2026-06-25T08:32:03+0200,cfe43b62-de54-4c74-8f9f-70948ee9d4b6,2026-06-08T20:30:00Z,2026-06-08T22:30:00+0200,52353.031456,MW,DE,DE_LU,forecast_load,Forecasted Load,2026-06-25T06:33:39Z
2026-06-25T06:32:03Z,2026-06-25T08:32:03+0200,cfe43b62-de54-4c74-8f9f-70948ee9d4b6,2026-06-08T20:45:00Z,2026-06-08T22:45:00+0200,51924.141778,MW,DE,DE_LU,forecast_load,Forecasted Load,2026-06-25T06:33:39Z
2026-06-25T06:32:03Z,2026-06-25T08:32:03+0200,cfe43b62-de54-4c74-8f9f-70948ee9d4b6,2026-06-08T21:00:00Z,2026-06-08T23:00:00+0200,51100.66222,MW,DE,DE_LU,forecast_load,Forecasted Load,2026-06-25T06:33:39Z
2026-06-25T06:32:03Z,2026-06-25T08:32:03+0200,cfe43b62-de54-4c74-8f9f-70948ee9d4b6,2026-06-08T21:15:00Z,2026-06-08T23:15:00+0200,50552.694748,MW,DE,DE_LU,forecast_load,Forecasted Load,2026-06-25T06:33:39Z
2026-06-25T06:32:03Z,2026-06-25T08:32:03+0200,cfe43b62-de54-4c74-8f9f-70948ee9d4b6,2026-06-08T21:30:00Z,2026-06-08T23:30:00+0200,50083.52347,MW,DE,DE_LU,forecast_load,Forecasted Load,2026-06-25T06:33:39Z
2026-06-25T06:32:03Z,2026-06-25T08:32:03+0200,cfe43b62-de54-4c74-8f9f-70948ee9d4b6,2026-06-08T21:45:00Z,2026-06-08T23:45:00+0200,49450.892034,MW,DE,DE_LU,forecast_load,Forecasted Load,2026-06-25T06:33:39Z
2026-06-25T06:32:03Z,2026-06-25T08:32:03+0200,cfe43b62-de54-4c74-8f9f-70948ee9d4b6,2026-06-08T22:00:00Z,2026-06-09T00:00:00+0200,48844.750349,MW,DE,DE_LU,forecast_load,Forecasted Load,2026-06-25T06:33:39Z
2026-06-25T06:32:03Z,2026-06-25T08:32:03+0200,cfe43b62-de54-4c74-8f9f-70948ee9d4b6,2026-06-08T22:15:00Z,2026-06-09T00:15:00+0200,48341.484086,MW,DE,DE_LU,forecast_load,Forecasted Load,2026-06-25T06:33:39Z
2026-06-25T06:32:03Z,2026-06-25T08:32:03+0200,cfe43b62-de54-4c74-8f9f-70948ee9d4b6,2026-06-08T22:30:00Z,2026-06-09T00:30:00+0200,47787.381462,MW,DE,DE_LU,forecast_load,Forecasted Load,2026-06-25T06:33:39Z
2026-06-25T06:32:03Z,2026-06-25T08:32:03+0200,cfe43b62-de54-4c74-8f9f-70948ee9d4b6,2026-06-08T22:45:00Z,2026-06-09T00:45:00+0200,47180.974604,MW,DE,DE_LU,forecast_load,Forecasted Load,2026-06-25T06:33:39Z
2026-06-25T06:32:03Z,2026-06-25T08:32:03+0200,cfe43b62-de54-4c74-8f9f-70948ee9d4b6,2026-06-08T23:00:00Z,2026-06-09T01:00:00+0200,46524.66871,MW,DE,DE_LU,forecast_load,Forecasted Load,2026-06-25T06:33:39Z
2026-06-25T06:32:03Z,2026-06-25T08:32:03+0200,cfe43b62-de54-4c74-8f9f-70948ee9d4b6,2026-06-08T23:15:00Z,2026-06-09T01:15:00+0200,46168.451979,MW,DE,DE_LU,forecast_load,Forecasted Load,2026-06-25T06:33:39Z
2026-06-25T06:32:03Z,2026-06-25T08:32:03+0200,cfe43b62-de54-4c74-8f9f-70948ee9d4b6,2026-06-08T23:30:00Z,2026-06-09T01:30:00+0200,45816.544072,MW,DE,DE_LU,forecast_load,Forecasted Load,2026-06-25T06:33:39Z
2026-06-25T06:32:03Z,2026-06-25T08:32:03+0200,cfe43b62-de54-4c74-8f9f-70948ee9d4b6,2026-06-08T23:45:00Z,2026-06-09T01:45:00+0200,45485.280957,MW,DE,DE_LU,forecast_load,Forecasted Load,2026-06-25T06:33:39Z
2026-06-25T06:32:03Z,2026-06-25T08:32:03+0200,cfe43b62-de54-4c74-8f9f-70948ee9d4b6,2026-06-09T00:00:00Z,2026-06-09T02:00:00+0200,45249.240025,MW,DE,DE_LU,forecast_load,Forecasted Load,2026-06-25T06:33:39Z
2026-06-25T06:32:03Z,2026-06-25T08:32:03+0200,cfe43b62-de54-4c74-8f9f-70948ee9d4b6,2026-06-09T00:15:00Z,2026-06-09T02:15:00+0200,45073.939777,MW,DE,DE_LU,forecast_load,Forecasted Load,2026-06-25T06:33:39Z
2026-06-25T06:32:03Z,2026-06-25T08:32:03+0200,cfe43b62-de54-4c74-8f9f-70948ee9d4b6,2026-06-09T00:30:00Z,2026-06-09T02:30:00+0200,44994.319789,MW,DE,DE_LU,forecast_load,Forecasted Load,2026-06-25T06:33:39Z
2026-06-25T06:32:03Z,2026-06-25T08:32:03+0200,cfe43b62-de54-4c74-8f9f-70948ee9d4b6,2026-06-09T00:45:00Z,2026-06-09T02:45:00+0200,44885.469134,MW,DE,DE_LU,forecast_load,Forecasted Load,2026-06-25T06:33:39Z
2026-06-25T06:32:03Z,2026-06-25T08:32:03+0200,cfe43b62-de54-4c74-8f9f-70948ee9d4b6,2026-06-09T01:00:00Z,2026-06-09T03:00:00+0200,44857.068476,MW,DE,DE_LU,forecast_load,Forecasted Load,2026-06-25T06:33:39Z
2026-06-25T06:32:03Z,2026-06-25T08:32:03+0200,cfe43b62-de54-4c74-8f9f-70948ee9d4b6,2026-06-09T01:15:00Z,2026-06-09T03:15:00+0200,44907.110248,MW,DE,DE_LU,forecast_load,Forecasted Load,2026-06-25T06:33:39Z
2026-06-25T06:32:03Z,2026-06-25T08:32:03+0200,cfe43b62-de54-4c74-8f9f-70948ee9d4b6,2026-06-09T01:30:00Z,2026-06-09T03:30:00+0200,45021.952802,MW,DE,DE_LU,forecast_load,Forecasted Load,2026-06-25T06:33:39Z
2026-06-25T06:32:03Z,2026-06-25T08:32:03+0200,cfe43b62-de54-4c74-8f9f-70948ee9d4b6,2026-06-09T01:45:00Z,2026-06-09T03:45:00+0200,45137.4888,MW,DE,DE_LU,forecast_load,Forecasted Load,2026-06-25T06:33:39Z
2026-06-25T06:32:03Z,2026-06-25T08:32:03+0200,cfe43b62-de54-4c74-8f9f-70948ee9d4b6,2026-06-09T02:00:00Z,2026-06-09T04:00:00+0200,45508.900136,MW,DE,DE_LU,forecast_load,Forecasted Load,2026-06-25T06:33:39Z
2026-06-25T06:32:03Z,2026-06-25T08:32:03+0200,cfe43b62-de54-4c74-8f9f-70948ee9d4b6,2026-06-09T02:15:00Z,2026-06-09T04:15:00+0200,45676.2218,MW,DE,DE_LU,forecast_load,Forecasted Load,2026-06-25T06:33:39Z
2026-06-25T06:32:03Z,2026-06-25T08:32:03+0200,cfe43b62-de54-4c74-8f9f-70948ee9d4b6,2026-06-09T02:30:00Z,2026-06-09T04:30:00+0200,46163.079177,MW,DE,DE_LU,forecast_load,Forecasted Load,2026-06-25T06:33:39Z
2026-06-25T06:32:03Z,2026-06-25T08:32:03+0200,cfe43b62-de54-4c74-8f9f-70948ee9d4b6,2026-06-09T02:45:00Z,2026-06-09T04:45:00+0200,46639.931736,MW,DE,DE_LU,forecast_load,Forecasted Load,2026-06-25T06:33:39Z
2026-06-25T06:32:03Z,2026-06-25T08:32:03+0200,cfe43b62-de54-4c74-8f9f-70948ee9d4b6,2026-06-09T03:00:00Z,2026-06-09T05:00:00+0200,47700.580824,MW,DE,DE_LU,forecast_load,Forecasted Load,2026-06-25T06:33:39Z
2026-06-25T06:32:03Z,2026-06-25T08:32:03+0200,cfe43b62-de54-4c74-8f9f-70948ee9d4b6,2026-06-09T03:15:00Z,2026-06-09T05:15:00+0200,47864.421128,MW,DE,DE_LU,forecast_load,Forecasted Load,2026-06-25T06:33:39Z
2026-06-25T06:32:03Z,2026-06-25T08:32:03+0200,cfe43b62-de54-4c74-8f9f-70948ee9d4b6,2026-06-09T03:30:00Z,2026-06-09T05:30:00+0200,47870.334165,MW,DE,DE_LU,forecast_load,Forecasted Load,2026-06-25T06:33:39Z
2026-06-25T06:32:03Z,2026-06-25T08:32:03+0200,cfe43b62-de54-4c74-8f9f-70948ee9d4b6,2026-06-09T03:45:00Z,2026-06-09T05:45:00+0200,50414.408391,MW,DE,DE_LU,forecast_load,Forecasted Load,2026-06-25T06:33:39Z
2026-06-25T06:32:03Z,2026-06-25T08:32:03+0200,cfe43b62-de54-4c74-8f9f-70948ee9d4b6,2026-06-09T04:00:00Z,2026-06-09T06:00:00+0200,53248.625046,MW,DE,DE_LU,forecast_load,Forecasted Load,2026-06-25T06:33:39Z
2026-06-25T06:32:03Z,2026-06-25T08:32:03+0200,cfe43b62-de54-4c74-8f9f-70948ee9d4b6,2026-06-09T04:15:00Z,2026-06-09T06:15:00+0200,52948.68369,MW,DE,DE_LU,forecast_load,Forecasted Load,2026-06-25T06:33:39Z
2026-06-25T06:32:03Z,2026-06-25T08:32:03+0200,cfe43b62-de54-4c74-8f9f-70948ee9d4b6,2026-06-09T04:30:00Z,2026-06-09T06:30:00+0200,54480.80336,MW,DE,DE_LU,forecast_load,Forecasted Load,2026-06-25T06:33:39Z
2026-06-25T06:32:03Z,2026-06-25T08:32:03+0200,cfe43b62-de54-4c74-8f9f-70948ee9d4b6,2026-06-09T04:45:00Z,2026-06-09T06:45:00+0200,55656.157187,MW,DE,DE_LU,forecast_load,Forecasted Load,2026-06-25T06:33:39Z
2026-06-25T06:32:03Z,2026-06-25T08:32:03+0200,cfe43b62-de54-4c74-8f9f-70948ee9d4b6,2026-06-09T05:00:00Z,2026-06-09T07:00:00+0200,56689.21893,MW,DE,DE_LU,forecast_load,Forecasted Load,2026-06-25T06:33:39Z
2026-06-25T06:32:03Z,2026-06-25T08:32:03+0200,cfe43b62-de54-4c74-8f9f-70948ee9d4b6,2026-06-09T05:15:00Z,2026-06-09T07:15:00+0200,58011.550369,MW,DE,DE_LU,forecast_load,Forecasted Load,2026-06-25T06:33:39Z
2026-06-25T06:32:03Z,2026-06-25T08:32:03+0200,cfe43b62-de54-4c74-8f9f-70948ee9d4b6,2026-06-09T05:30:00Z,2026-06-09T07:30:00+0200,59102.050595,MW,DE,DE_LU,forecast_load,Forecasted Load,2026-06-25T06:33:39Z
2026-06-25T06:32:03Z,2026-06-25T08:32:03+0200,cfe43b62-de54-4c74-8f9f-70948ee9d4b6,2026-06-09T05:45:00Z,2026-06-09T07:45:00+0200,59860.193909,MW,DE,DE_LU,forecast_load,Forecasted Load,2026-06-25T06:33:39Z
2026-06-25T06:32:03Z,2026-06-25T08:32:03+0200,cfe43b62-de54-4c74-8f9f-70948ee9d4b6,2026-06-09T06:00:00Z,2026-06-09T08:00:00+0200,60741.612895,MW,DE,DE_LU,forecast_load,Forecasted Load,2026-06-25T06:33:39Z
2026-06-25T06:32:03Z,2026-06-25T08:32:03+0200,cfe43b62-de54-4c74-8f9f-70948ee9d4b6,2026-06-09T06:15:00Z,2026-06-09T08:15:00+0200,61504.808672,MW,DE,DE_LU,forecast_load,Forecasted Load,2026-06-25T06:33:39Z
2026-06-25T06:32:03Z,2026-06-25T08:32:03+0200,cfe43b62-de54-4c74-8f9f-70948ee9d4b6,2026-06-09T06:30:00Z,2026-06-09T08:30:00+0200,61869.081222,MW,DE,DE_LU,forecast_load,Forecasted Load,2026-06-25T06:33:39Z
2026-06-25T06:32:03Z,2026-06-25T08:32:03+0200,cfe43b62-de54-4c74-8f9f-70948ee9d4b6,2026-06-09T06:45:00Z,2026-06-09T08:45:00+0200,61958.352806,MW,DE,DE_LU,forecast_load,Forecasted Load,2026-06-25T06:33:39Z
2026-06-25T06:32:03Z,2026-06-25T08:32:03+0200,cfe43b62-de54-4c74-8f9f-70948ee9d4b6,2026-06-09T07:00:00Z,2026-06-09T09:00:00+0200,61445.386132,MW,DE,DE_LU,forecast_load,Forecasted Load,2026-06-25T06:33:39Z
2026-06-25T06:32:03Z,2026-06-25T08:32:03+0200,cfe43b62-de54-4c74-8f9f-70948ee9d4b6,2026-06-09T07:15:00Z,2026-06-09T09:15:00+0200,61716.722306,MW,DE,DE_LU,forecast_load,Forecasted Load,2026-06-25T06:33:39Z
2026-06-25T06:32:03Z,2026-06-25T08:32:03+0200,cfe43b62-de54-4c74-8f9f-70948ee9d4b6,2026-06-09T07:30:00Z,2026-06-09T09:30:00+0200,62469.222045,MW,DE,DE_LU,forecast_load,Forecasted Load,2026-06-25T06:33:39Z
2026-06-25T06:32:03Z,2026-06-25T08:32:03+0200,cfe43b62-de54-4c74-8f9f-70948ee9d4b6,2026-06-09T07:45:00Z,2026-06-09T09:45:00+0200,62250.97207,MW,DE,DE_LU,forecast_load,Forecasted Load,2026-06-25T06:33:39Z
2026-06-25T06:32:03Z,2026-06-25T08:32:03+0200,cfe43b62-de54-4c74-8f9f-70948ee9d4b6,2026-06-09T08:00:00Z,2026-06-09T10:00:00+0200,62508.089787,MW,DE,DE_LU,forecast_load,Forecasted Load,2026-06-25T06:33:39Z
2026-06-25T06:32:03Z,2026-06-25T08:32:03+0200,cfe43b62-de54-4c74-8f9f-70948ee9d4b6,2026-06-09T08:15:00Z,2026-06-09T10:15:00+0200,62669.051451,MW,DE,DE_LU,forecast_load,Forecasted Load,2026-06-25T06:33:39Z
2026-06-25T06:32:03Z,2026-06-25T08:32:03+0200,cfe43b62-de54-4c74-8f9f-70948ee9d4b6,2026-06-09T08:30:00Z,2026-06-09T10:30:00+0200,62284.087947,MW,DE,DE_LU,forecast_load,Forecasted Load,2026-06-25T06:33:39Z
2026-06-25T06:32:03Z,2026-06-25T08:32:03+0200,cfe43b62-de54-4c74-8f9f-70948ee9d4b6,2026-06-09T08:45:00Z,2026-06-09T10:45:00+0200,62400.735348,MW,DE,DE_LU,forecast_load,Forecasted Load,2026-06-25T06:33:39Z
2026-06-25T06:32:03Z,2026-06-25T08:32:03+0200,cfe43b62-de54-4c74-8f9f-70948ee9d4b6,2026-06-09T09:00:00Z,2026-06-09T11:00:00+0200,61902.824089,MW,DE,DE_LU,forecast_load,Forecasted Load,2026-06-25T06:33:39Z
2026-06-25T06:32:03Z,2026-06-25T08:32:03+0200,cfe43b62-de54-4c74-8f9f-70948ee9d4b6,2026-06-09T09:15:00Z,2026-06-09T11:15:00+0200,61598.117029,MW,DE,DE_LU,forecast_load,Forecasted Load,2026-06-25T06:33:39Z
2026-06-25T06:32:03Z,2026-06-25T08:32:03+0200,cfe43b62-de54-4c74-8f9f-70948ee9d4b6,2026-06-09T09:30:00Z,2026-06-09T11:30:00+0200,61733.597468,MW,DE,DE_LU,forecast_load,Forecasted Load,2026-06-25T06:33:39Z
2026-06-25T06:32:03Z,2026-06-25T08:32:03+0200,cfe43b62-de54-4c74-8f9f-70948ee9d4b6,2026-06-09T09:45:00Z,2026-06-09T11:45:00+0200,61390.313437,MW,DE,DE_LU,forecast_load,Forecasted Load,2026-06-25T06:33:39Z
2026-06-25T06:32:03Z,2026-06-25T08:32:03+0200,cfe43b62-de54-4c74-8f9f-70948ee9d4b6,2026-06-09T10:00:00Z,2026-06-09T12:00:00+0200,61525.187598,MW,DE,DE_LU,forecast_load,Forecasted Load,2026-06-25T06:33:39Z
2026-06-25T06:32:03Z,2026-06-25T08:32:03+0200,cfe43b62-de54-4c74-8f9f-70948ee9d4b6,2026-06-09T10:15:00Z,2026-06-09T12:15:00+0200,61212.524925,MW,DE,DE_LU,forecast_load,Forecasted Load,2026-06-25T06:33:39Z
2026-06-25T06:32:03Z,2026-06-25T08:32:03+0200,cfe43b62-de54-4c74-8f9f-70948ee9d4b6,2026-06-09T10:30:00Z,2026-06-09T12:30:00+0200,61443.867847,MW,DE,DE_LU,forecast_load,Forecasted Load,2026-06-25T06:33:39Z
2026-06-25T06:32:03Z,2026-06-25T08:32:03+0200,cfe43b62-de54-4c74-8f9f-70948ee9d4b6,2026-06-09T10:45:00Z,2026-06-09T12:45:00+0200,61244.897672,MW,DE,DE_LU,forecast_load,Forecasted Load,2026-06-25T06:33:39Z
2026-06-25T06:32:03Z,2026-06-25T08:32:03+0200,cfe43b62-de54-4c74-8f9f-70948ee9d4b6,2026-06-09T11:00:00Z,2026-06-09T13:00:00+0200,60712.16095,MW,DE,DE_LU,forecast_load,Forecasted Load,2026-06-25T06:33:39Z
2026-06-25T06:32:03Z,2026-06-25T08:32:03+0200,cfe43b62-de54-4c74-8f9f-70948ee9d4b6,2026-06-09T11:15:00Z,2026-06-09T13:15:00+0200,60817.545575,MW,DE,DE_LU,forecast_load,Forecasted Load,2026-06-25T06:33:39Z
2026-06-25T06:32:03Z,2026-06-25T08:32:03+0200,cfe43b62-de54-4c74-8f9f-70948ee9d4b6,2026-06-09T11:30:00Z,2026-06-09T13:30:00+0200,60674.0503,MW,DE,DE_LU,forecast_load,Forecasted Load,2026-06-25T06:33:39Z
2026-06-25T06:32:03Z,2026-06-25T08:32:03+0200,cfe43b62-de54-4c74-8f9f-70948ee9d4b6,2026-06-09T11:45:00Z,2026-06-09T13:45:00+0200,60176.407308,MW,DE,DE_LU,forecast_load,Forecasted Load,2026-06-25T06:33:39Z
2026-06-25T06:32:03Z,2026-06-25T08:32:03+0200,cfe43b62-de54-4c74-8f9f-70948ee9d4b6,2026-06-09T12:00:00Z,2026-06-09T14:00:00+0200,59756.289273,MW,DE,DE_LU,forecast_load,Forecasted Load,2026-06-25T06:33:39Z
2026-06-25T06:32:03Z,2026-06-25T08:32:03+0200,cfe43b62-de54-4c74-8f9f-70948ee9d4b6,2026-06-09T12:15:00Z,2026-06-09T14:15:00+0200,59504.255088,MW,DE,DE_LU,forecast_load,Forecasted Load,2026-06-25T06:33:39Z
2026-06-25T06:32:03Z,2026-06-25T08:32:03+0200,cfe43b62-de54-4c74-8f9f-70948ee9d4b6,2026-06-09T12:30:00Z,2026-06-09T14:30:00+0200,59092.143334,MW,DE,DE_LU,forecast_load,Forecasted Load,2026-06-25T06:33:39Z
2026-06-25T06:32:03Z,2026-06-25T08:32:03+0200,cfe43b62-de54-4c74-8f9f-70948ee9d4b6,2026-06-09T12:45:00Z,2026-06-09T14:45:00+0200,58722.481199,MW,DE,DE_LU,forecast_load,Forecasted Load,2026-06-25T06:33:39Z
2026-06-25T06:32:03Z,2026-06-25T08:32:03+0200,cfe43b62-de54-4c74-8f9f-70948ee9d4b6,2026-06-09T13:00:00Z,2026-06-09T15:00:00+0200,58998.920338,MW,DE,DE_LU,forecast_load,Forecasted Load,2026-06-25T06:33:39Z
2026-06-25T06:32:03Z,2026-06-25T08:32:03+0200,cfe43b62-de54-4c74-8f9f-70948ee9d4b6,2026-06-09T13:15:00Z,2026-06-09T15:15:00+0200,59168.313544,MW,DE,DE_LU,forecast_load,Forecasted Load,2026-06-25T06:33:39Z
2026-06-25T06:32:03Z,2026-06-25T08:32:03+0200,cfe43b62-de54-4c74-8f9f-70948ee9d4b6,2026-06-09T13:30:00Z,2026-06-09T15:30:00+0200,58120.805719,MW,DE,DE_LU,forecast_load,Forecasted Load,2026-06-25T06:33:39Z
2026-06-25T06:32:03Z,2026-06-25T08:32:03+0200,cfe43b62-de54-4c74-8f9f-70948ee9d4b6,2026-06-09T13:45:00Z,2026-06-09T15:45:00+0200,58423.891103,MW,DE,DE_LU,forecast_load,Forecasted Load,2026-06-25T06:33:39Z
2026-06-25T06:32:03Z,2026-06-25T08:32:03+0200,cfe43b62-de54-4c74-8f9f-70948ee9d4b6,2026-06-09T14:00:00Z,2026-06-09T16:00:00+0200,58837.044368,MW,DE,DE_LU,forecast_load,Forecasted Load,2026-06-25T06:33:39Z
2026-06-25T06:32:03Z,2026-06-25T08:32:03+0200,cfe43b62-de54-4c74-8f9f-70948ee9d4b6,2026-06-09T14:15:00Z,2026-06-09T16:15:00+0200,58596.978867,MW,DE,DE_LU,forecast_load,Forecasted Load,2026-06-25T06:33:39Z
2026-06-25T06:32:03Z,2026-06-25T08:32:03+0200,cfe43b62-de54-4c74-8f9f-70948ee9d4b6,2026-06-09T14:30:00Z,2026-06-09T16:30:00+0200,58691.122863,MW,DE,DE_LU,forecast_load,Forecasted Load,2026-06-25T06:33:39Z
2026-06-25T06:32:03Z,2026-06-25T08:32:03+0200,cfe43b62-de54-4c74-8f9f-70948ee9d4b6,2026-06-09T14:45:00Z,2026-06-09T16:45:00+0200,58782.545244,MW,DE,DE_LU,forecast_load,Forecasted Load,2026-06-25T06:33:39Z
2026-06-25T06:32:03Z,2026-06-25T08:32:03+0200,cfe43b62-de54-4c74-8f9f-70948ee9d4b6,2026-06-09T15:00:00Z,2026-06-09T17:00:00+0200,59096.01398,MW,DE,DE_LU,forecast_load,Forecasted Load,2026-06-25T06:33:39Z
2026-06-25T06:32:03Z,2026-06-25T08:32:03+0200,cfe43b62-de54-4c74-8f9f-70948ee9d4b6,2026-06-09T15:15:00Z,2026-06-09T17:15:00+0200,59250.555781,MW,DE,DE_LU,forecast_load,Forecasted Load,2026-06-25T06:33:39Z
2026-06-25T06:32:03Z,2026-06-25T08:32:03+0200,cfe43b62-de54-4c74-8f9f-70948ee9d4b6,2026-06-09T15:30:00Z,2026-06-09T17:30:00+0200,59397.430014,MW,DE,DE_LU,forecast_load,Forecasted Load,2026-06-25T06:33:39Z
2026-06-25T06:32:03Z,2026-06-25T08:32:03+0200,cfe43b62-de54-4c74-8f9f-70948ee9d4b6,2026-06-09T15:45:00Z,2026-06-09T17:45:00+0200,59453.45126,MW,DE,DE_LU,forecast_load,Forecasted Load,2026-06-25T06:33:39Z
2026-06-25T06:32:03Z,2026-06-25T08:32:03+0200,cfe43b62-de54-4c74-8f9f-70948ee9d4b6,2026-06-09T16:00:00Z,2026-06-09T18:00:00+0200,60181.244152,MW,DE,DE_LU,forecast_load,Forecasted Load,2026-06-25T06:33:39Z
2026-06-25T06:32:03Z,2026-06-25T08:32:03+0200,cfe43b62-de54-4c74-8f9f-70948ee9d4b6,2026-06-09T16:15:00Z,2026-06-09T18:15:00+0200,60168.853077,MW,DE,DE_LU,forecast_load,Forecasted Load,2026-06-25T06:33:39Z
2026-06-25T06:32:03Z,2026-06-25T08:32:03+0200,cfe43b62-de54-4c74-8f9f-70948ee9d4b6,2026-06-09T16:30:00Z,2026-06-09T18:30:00+0200,59868.034315,MW,DE,DE_LU,forecast_load,Forecasted Load,2026-06-25T06:33:39Z
2026-06-25T06:32:03Z,2026-06-25T08:32:03+0200,cfe43b62-de54-4c74-8f9f-70948ee9d4b6,2026-06-09T16:45:00Z,2026-06-09T18:45:00+0200,59822.663736,MW,DE,DE_LU,forecast_load,Forecasted Load,2026-06-25T06:33:39Z
2026-06-25T06:32:03Z,2026-06-25T08:32:03+0200,cfe43b62-de54-4c74-8f9f-70948ee9d4b6,2026-06-09T17:00:00Z,2026-06-09T19:00:00+0200,59858.528159,MW,DE,DE_LU,forecast_load,Forecasted Load,2026-06-25T06:33:39Z
2026-06-25T06:32:03Z,2026-06-25T08:32:03+0200,cfe43b62-de54-4c74-8f9f-70948ee9d4b6,2026-06-09T17:15:00Z,2026-06-09T19:15:00+0200,59484.445335,MW,DE,DE_LU,forecast_load,Forecasted Load,2026-06-25T06:33:39Z
2026-06-25T06:32:03Z,2026-06-25T08:32:03+0200,cfe43b62-de54-4c74-8f9f-70948ee9d4b6,2026-06-09T17:30:00Z,2026-06-09T19:30:00+0200,59484.169023,MW,DE,DE_LU,forecast_load,Forecasted Load,2026-06-25T06:33:39Z
2026-06-25T06:32:03Z,2026-06-25T08:32:03+0200,cfe43b62-de54-4c74-8f9f-70948ee9d4b6,2026-06-09T17:45:00Z,2026-06-09T19:45:00+0200,59347.77267,MW,DE,DE_LU,forecast_load,Forecasted Load,2026-06-25T06:33:39Z
2026-06-25T06:32:03Z,2026-06-25T08:32:03+0200,cfe43b62-de54-4c74-8f9f-70948ee9d4b6,2026-06-09T18:00:00Z,2026-06-09T20:00:00+0200,58789.006459,MW,DE,DE_LU,forecast_load,Forecasted Load,2026-06-25T06:33:39Z
2026-06-25T06:32:03Z,2026-06-25T08:32:03+0200,cfe43b62-de54-4c74-8f9f-70948ee9d4b6,2026-06-09T18:15:00Z,2026-06-09T20:15:00+0200,58224.800274,MW,DE,DE_LU,forecast_load,Forecasted Load,2026-06-25T06:33:39Z
2026-06-25T06:32:03Z,2026-06-25T08:32:03+0200,cfe43b62-de54-4c74-8f9f-70948ee9d4b6,2026-06-09T18:30:00Z,2026-06-09T20:30:00+0200,57633.716022,MW,DE,DE_LU,forecast_load,Forecasted Load,2026-06-25T06:33:39Z
2026-06-25T06:32:03Z,2026-06-25T08:32:03+0200,cfe43b62-de54-4c74-8f9f-70948ee9d4b6,2026-06-09T18:45:00Z,2026-06-09T20:45:00+0200,57201.180892,MW,DE,DE_LU,forecast_load,Forecasted Load,2026-06-25T06:33:39Z
2026-06-25T06:32:03Z,2026-06-25T08:32:03+0200,cfe43b62-de54-4c74-8f9f-70948ee9d4b6,2026-06-09T19:00:00Z,2026-06-09T21:00:00+0200,56432.209546,MW,DE,DE_LU,forecast_load,Forecasted Load,2026-06-25T06:33:39Z
2026-06-25T06:32:03Z,2026-06-25T08:32:03+0200,cfe43b62-de54-4c74-8f9f-70948ee9d4b6,2026-06-09T19:15:00Z,2026-06-09T21:15:00+0200,55839.780407,MW,DE,DE_LU,forecast_load,Forecasted Load,2026-06-25T06:33:39Z
2026-06-25T06:32:03Z,2026-06-25T08:32:03+0200,cfe43b62-de54-4c74-8f9f-70948ee9d4b6,2026-06-09T19:30:00Z,2026-06-09T21:30:00+0200,55195.358339,MW,DE,DE_LU,forecast_load,Forecasted Load,2026-06-25T06:33:39Z
2026-06-25T06:32:03Z,2026-06-25T08:32:03+0200,cfe43b62-de54-4c74-8f9f-70948ee9d4b6,2026-06-09T19:45:00Z,2026-06-09T21:45:00+0200,54419.984287,MW,DE,DE_LU,forecast_load,Forecasted Load,2026-06-25T06:33:39Z
2026-06-25T06:32:03Z,2026-06-25T08:32:03+0200,cfe43b62-de54-4c74-8f9f-70948ee9d4b6,2026-06-09T20:00:00Z,2026-06-09T22:00:00+0200,53615.800505,MW,DE,DE_LU,forecast_load,Forecasted Load,2026-06-25T06:33:39Z
2026-06-25T06:32:03Z,2026-06-25T08:32:03+0200,cfe43b62-de54-4c74-8f9f-70948ee9d4b6,2026-06-09T20:15:00Z,2026-06-09T22:15:00+0200,52797.407806,MW,DE,DE_LU,forecast_load,Forecasted Load,2026-06-25T06:33:39Z
2026-06-25T06:32:03Z,2026-06-25T08:32:03+0200,cfe43b62-de54-4c74-8f9f-70948ee9d4b6,2026-06-09T20:30:00Z,2026-06-09T22:30:00+0200,52149.106395,MW,DE,DE_LU,forecast_load,Forecasted Load,2026-06-25T06:33:39Z
2026-06-25T06:32:03Z,2026-06-25T08:32:03+0200,cfe43b62-de54-4c74-8f9f-70948ee9d4b6,2026-06-09T20:45:00Z,2026-06-09T22:45:00+0200,51517.593995,MW,DE,DE_LU,forecast_load,Forecasted Load,2026-06-25T06:33:39Z
2026-06-25T06:32:03Z,2026-06-25T08:32:03+0200,cfe43b62-de54-4c74-8f9f-70948ee9d4b6,2026-06-09T21:00:00Z,2026-06-09T23:00:00+0200,50807.431259,MW,DE,DE_LU,forecast_load,Forecasted Load,2026-06-25T06:33:39Z
2026-06-25T06:32:03Z,2026-06-25T08:32:03+0200,cfe43b62-de54-4c74-8f9f-70948ee9d4b6,2026-06-09T21:15:00Z,2026-06-09T23:15:00+0200,50081.471062,MW,DE,DE_LU,forecast_load,Forecasted Load,2026-06-25T06:33:39Z
2026-06-25T06:32:03Z,2026-06-25T08:32:03+0200,cfe43b62-de54-4c74-8f9f-70948ee9d4b6,2026-06-09T21:30:00Z,2026-06-09T23:30:00+0200,49401.745004,MW,DE,DE_LU,forecast_load,Forecasted Load,2026-06-25T06:33:39Z
2026-06-25T06:32:03Z,2026-06-25T08:32:03+0200,cfe43b62-de54-4c74-8f9f-70948ee9d4b6,2026-06-09T21:45:00Z,2026-06-09T23:45:00+0200,48683.719605,MW,DE,DE_LU,forecast_load,Forecasted Load,2026-06-25T06:33:39Z
2026-06-25T06:32:03Z,2026-06-25T08:32:03+0200,cfe43b62-de54-4c74-8f9f-70948ee9d4b6,2026-06-09T22:00:00Z,2026-06-10T00:00:00+0200,47226.346006,MW,DE,DE_LU,forecast_load,Forecasted Load,2026-06-25T06:33:39Z
2026-06-25T06:32:03Z,2026-06-25T08:32:03+0200,cfe43b62-de54-4c74-8f9f-70948ee9d4b6,2026-06-09T22:15:00Z,2026-06-10T00:15:00+0200,46926.682444,MW,DE,DE_LU,forecast_load,Forecasted Load,2026-06-25T06:33:39Z
2026-06-25T06:32:03Z,2026-06-25T08:32:03+0200,cfe43b62-de54-4c74-8f9f-70948ee9d4b6,2026-06-09T22:30:00Z,2026-06-10T00:30:00+0200,46821.395799,MW,DE,DE_LU,forecast_load,Forecasted Load,2026-06-25T06:33:39Z
2026-06-25T06:32:03Z,2026-06-25T08:32:03+0200,cfe43b62-de54-4c74-8f9f-70948ee9d4b6,2026-06-09T22:45:00Z,2026-06-10T00:45:00+0200,46296.045272,MW,DE,DE_LU,forecast_load,Forecasted Load,2026-06-25T06:33:39Z
2026-06-25T06:32:03Z,2026-06-25T08:32:03+0200,cfe43b62-de54-4c74-8f9f-70948ee9d4b6,2026-06-09T23:00:00Z,2026-06-10T01:00:00+0200,46004.505734,MW,DE,DE_LU,forecast_load,Forecasted Load,2026-06-25T06:33:39Z
2026-06-25T06:32:03Z,2026-06-25T08:32:03+0200,cfe43b62-de54-4c74-8f9f-70948ee9d4b6,2026-06-09T23:15:00Z,2026-06-10T01:15:00+0200,45681.984086,MW,DE,DE_LU,forecast_load,Forecasted Load,2026-06-25T06:33:39Z
2026-06-25T06:32:03Z,2026-06-25T08:32:03+0200,cfe43b62-de54-4c74-8f9f-70948ee9d4b6,2026-06-09T23:30:00Z,2026-06-10T01:30:00+0200,45399.19829,MW,DE,DE_LU,forecast_load,Forecasted Load,2026-06-25T06:33:39Z
2026-06-25T06:32:03Z,2026-06-25T08:32:03+0200,cfe43b62-de54-4c74-8f9f-70948ee9d4b6,2026-06-09T23:45:00Z,2026-06-10T01:45:00+0200,45284.20552,MW,DE,DE_LU,forecast_load,Forecasted Load,2026-06-25T06:33:39Z
2026-06-25T06:32:03Z,2026-06-25T08:32:03+0200,cfe43b62-de54-4c74-8f9f-70948ee9d4b6,2026-06-10T00:00:00Z,2026-06-10T02:00:00+0200,45077.637457,MW,DE,DE_LU,forecast_load,Forecasted Load,2026-06-25T06:33:39Z
2026-06-25T06:32:03Z,2026-06-25T08:32:03+0200,cfe43b62-de54-4c74-8f9f-70948ee9d4b6,2026-06-10T00:15:00Z,2026-06-10T02:15:00+0200,44834.008509,MW,DE,DE_LU,forecast_load,Forecasted Load,2026-06-25T06:33:39Z
2026-06-25T06:32:03Z,2026-06-25T08:32:03+0200,cfe43b62-de54-4c74-8f9f-70948ee9d4b6,2026-06-10T00:30:00Z,2026-06-10T02:30:00+0200,44886.269685,MW,DE,DE_LU,forecast_load,Forecasted Load,2026-06-25T06:33:39Z
2026-06-25T06:32:03Z,2026-06-25T08:32:03+0200,cfe43b62-de54-4c74-8f9f-70948ee9d4b6,2026-06-10T00:45:00Z,2026-06-10T02:45:00+0200,44820.407754,MW,DE,DE_LU,forecast_load,Forecasted Load,2026-06-25T06:33:39Z
2026-06-25T06:32:03Z,2026-06-25T08:32:03+0200,cfe43b62-de54-4c74-8f9f-70948ee9d4b6,2026-06-10T01:00:00Z,2026-06-10T03:00:00+0200,44813.50041,MW,DE,DE_LU,forecast_load,Forecasted Load,2026-06-25T06:33:39Z
2026-06-25T06:32:03Z,2026-06-25T08:32:03+0200,cfe43b62-de54-4c74-8f9f-70948ee9d4b6,2026-06-10T01:15:00Z,2026-06-10T03:15:00+0200,44642.415614,MW,DE,DE_LU,forecast_load,Forecasted Load,2026-06-25T06:33:39Z
2026-06-25T06:32:03Z,2026-06-25T08:32:03+0200,cfe43b62-de54-4c74-8f9f-70948ee9d4b6,2026-06-10T01:30:00Z,2026-06-10T03:30:00+0200,44671.599134,MW,DE,DE_LU,forecast_load,Forecasted Load,2026-06-25T06:33:39Z
2026-06-25T06:32:03Z,2026-06-25T08:32:03+0200,cfe43b62-de54-4c74-8f9f-70948ee9d4b6,2026-06-10T01:45:00Z,2026-06-10T03:45:00+0200,44985.688044,MW,DE,DE_LU,forecast_load,Forecasted Load,2026-06-25T06:33:39Z
2026-06-25T06:32:03Z,2026-06-25T08:32:03+0200,cfe43b62-de54-4c74-8f9f-70948ee9d4b6,2026-06-10T02:00:00Z,2026-06-10T04:00:00+0200,45320.163432,MW,DE,DE_LU,forecast_load,Forecasted Load,2026-06-25T06:33:39Z
2026-06-25T06:32:03Z,2026-06-25T08:32:03+0200,cfe43b62-de54-4c74-8f9f-70948ee9d4b6,2026-06-10T02:15:00Z,2026-06-10T04:15:00+0200,45661.201234,MW,DE,DE_LU,forecast_load,Forecasted Load,2026-06-25T06:33:39Z
2026-06-25T06:32:03Z,2026-06-25T08:32:03+0200,cfe43b62-de54-4c74-8f9f-70948ee9d4b6,2026-06-10T02:30:00Z,2026-06-10T04:30:00+0200,46210.299936,MW,DE,DE_LU,forecast_load,Forecasted Load,2026-06-25T06:33:39Z
2026-06-25T06:32:03Z,2026-06-25T08:32:03+0200,cfe43b62-de54-4c74-8f9f-70948ee9d4b6,2026-06-10T02:45:00Z,2026-06-10T04:45:00+0200,46954.752383,MW,DE,DE_LU,forecast_load,Forecasted Load,2026-06-25T06:33:39Z
2026-06-25T06:32:03Z,2026-06-25T08:32:03+0200,cfe43b62-de54-4c74-8f9f-70948ee9d4b6,2026-06-10T03:00:00Z,2026-06-10T05:00:00+0200,47941.730456,MW,DE,DE_LU,forecast_load,Forecasted Load,2026-06-25T06:33:39Z
2026-06-25T06:32:03Z,2026-06-25T08:32:03+0200,cfe43b62-de54-4c74-8f9f-70948ee9d4b6,2026-06-10T03:15:00Z,2026-06-10T05:15:00+0200,47565.131559,MW,DE,DE_LU,forecast_load,Forecasted Load,2026-06-25T06:33:39Z
2026-06-25T06:32:03Z,2026-06-25T08:32:03+0200,cfe43b62-de54-4c74-8f9f-70948ee9d4b6,2026-06-10T03:30:00Z,2026-06-10T05:30:00+0200,48537.326965,MW,DE,DE_LU,forecast_load,Forecasted Load,2026-06-25T06:33:39Z
2026-06-25T06:32:03Z,2026-06-25T08:32:03+0200,cfe43b62-de54-4c74-8f9f-70948ee9d4b6,2026-06-10T03:45:00Z,2026-06-10T05:45:00+0200,50691.21901,MW,DE,DE_LU,forecast_load,Forecasted Load,2026-06-25T06:33:39Z
2026-06-25T06:32:03Z,2026-06-25T08:32:03+0200,cfe43b62-de54-4c74-8f9f-70948ee9d4b6,2026-06-10T04:00:00Z,2026-06-10T06:00:00+0200,52260.969645,MW,DE,DE_LU,forecast_load,Forecasted Load,2026-06-25T06:33:39Z
2026-06-25T06:32:03Z,2026-06-25T08:32:03+0200,cfe43b62-de54-4c74-8f9f-70948ee9d4b6,2026-06-10T04:15:00Z,2026-06-10T06:15:00+0200,52818.766709,MW,DE,DE_LU,forecast_load,Forecasted Load,2026-06-25T06:33:39Z
2026-06-25T06:32:03Z,2026-06-25T08:32:03+0200,cfe43b62-de54-4c74-8f9f-70948ee9d4b6,2026-06-10T04:30:00Z,2026-06-10T06:30:00+0200,54238.561318,MW,DE,DE_LU,forecast_load,Forecasted Load,2026-06-25T06:33:39Z
2026-06-25T06:32:03Z,2026-06-25T08:32:03+0200,cfe43b62-de54-4c74-8f9f-70948ee9d4b6,2026-06-10T04:45:00Z,2026-06-10T06:45:00+0200,55980.76764,MW,DE,DE_LU,forecast_load,Forecasted Load,2026-06-25T06:33:39Z
2026-06-25T06:32:03Z,2026-06-25T08:32:03+0200,cfe43b62-de54-4c74-8f9f-70948ee9d4b6,2026-06-10T05:00:00Z,2026-06-10T07:00:00+0200,57398.2537,MW,DE,DE_LU,forecast_load,Forecasted Load,2026-06-25T06:33:39Z
2026-06-25T06:32:03Z,2026-06-25T08:32:03+0200,cfe43b62-de54-4c74-8f9f-70948ee9d4b6,2026-06-10T05:15:00Z,2026-06-10T07:15:00+0200,58451.054646,MW,DE,DE_LU,forecast_load,Forecasted Load,2026-06-25T06:33:39Z
2026-06-25T06:32:03Z,2026-06-25T08:32:03+0200,cfe43b62-de54-4c74-8f9f-70948ee9d4b6,2026-06-10T05:30:00Z,2026-06-10T07:30:00+0200,59328.295145,MW,DE,DE_LU,forecast_load,Forecasted Load,2026-06-25T06:33:39Z
2026-06-25T06:32:03Z,2026-06-25T08:32:03+0200,cfe43b62-de54-4c74-8f9f-70948ee9d4b6,2026-06-10T05:45:00Z,2026-06-10T07:45:00+0200,59863.112757,MW,DE,DE_LU,forecast_load,Forecasted Load,2026-06-25T06:33:39Z
2026-06-25T06:32:03Z,2026-06-25T08:32:03+0200,cfe43b62-de54-4c74-8f9f-70948ee9d4b6,2026-06-10T06:00:00Z,2026-06-10T08:00:00+0200,60527.574355,MW,DE,DE_LU,forecast_load,Forecasted Load,2026-06-25T06:33:39Z
2026-06-25T06:32:03Z,2026-06-25T08:32:03+0200,cfe43b62-de54-4c74-8f9f-70948ee9d4b6,2026-06-10T06:15:00Z,2026-06-10T08:15:00+0200,61162.929292,MW,DE,DE_LU,forecast_load,Forecasted Load,2026-06-25T06:33:39Z
2026-06-25T06:32:03Z,2026-06-25T08:32:03+0200,cfe43b62-de54-4c74-8f9f-70948ee9d4b6,2026-06-10T06:30:00Z,2026-06-10T08:30:00+0200,60939.394997,MW,DE,DE_LU,forecast_load,Forecasted Load,2026-06-25T06:33:39Z
2026-06-25T06:32:03Z,2026-06-25T08:32:03+0200,cfe43b62-de54-4c74-8f9f-70948ee9d4b6,2026-06-10T06:45:00Z,2026-06-10T08:45:00+0200,60805.29017,MW,DE,DE_LU,forecast_load,Forecasted Load,2026-06-25T06:33:39Z
2026-06-25T06:32:03Z,2026-06-25T08:32:03+0200,cfe43b62-de54-4c74-8f9f-70948ee9d4b6,2026-06-10T07:00:00Z,2026-06-10T09:00:00+0200,60685.785715,MW,DE,DE_LU,forecast_load,Forecasted Load,2026-06-25T06:33:39Z
2026-06-25T06:32:03Z,2026-06-25T08:32:03+0200,cfe43b62-de54-4c74-8f9f-70948ee9d4b6,2026-06-10T07:15:00Z,2026-06-10T09:15:00+0200,60870.631898,MW,DE,DE_LU,forecast_load,Forecasted Load,2026-06-25T06:33:39Z
2026-06-25T06:32:03Z,2026-06-25T08:32:03+0200,cfe43b62-de54-4c74-8f9f-70948ee9d4b6,2026-06-10T07:30:00Z,2026-06-10T09:30:00+0200,61513.974281,MW,DE,DE_LU,forecast_load,Forecasted Load,2026-06-25T06:33:39Z
2026-06-25T06:32:03Z,2026-06-25T08:32:03+0200,cfe43b62-de54-4c74-8f9f-70948ee9d4b6,2026-06-10T07:45:00Z,2026-06-10T09:45:00+0200,61808.60299,MW,DE,DE_LU,forecast_load,Forecasted Load,2026-06-25T06:33:39Z
2026-06-25T06:32:03Z,2026-06-25T08:32:03+0200,cfe43b62-de54-4c74-8f9f-70948ee9d4b6,2026-06-10T08:00:00Z,2026-06-10T10:00:00+0200,61877.682778,MW,DE,DE_LU,forecast_load,Forecasted Load,2026-06-25T06:33:39Z
2026-06-25T06:32:03Z,2026-06-25T08:32:03+0200,cfe43b62-de54-4c74-8f9f-70948ee9d4b6,2026-06-10T08:15:00Z,2026-06-10T10:15:00+0200,62551.130129,MW,DE,DE_LU,forecast_load,Forecasted Load,2026-06-25T06:33:39Z
2026-06-25T06:32:03Z,2026-06-25T08:32:03+0200,cfe43b62-de54-4c74-8f9f-70948ee9d4b6,2026-06-10T08:30:00Z,2026-06-10T10:30:00+0200,61848.214524,MW,DE,DE_LU,forecast_load,Forecasted Load,2026-06-25T06:33:39Z
2026-06-25T06:32:03Z,2026-06-25T08:32:03+0200,cfe43b62-de54-4c74-8f9f-70948ee9d4b6,2026-06-10T08:45:00Z,2026-06-10T10:45:00+0200,61796.480491,MW,DE,DE_LU,forecast_load,Forecasted Load,2026-06-25T06:33:39Z
2026-06-25T06:32:03Z,2026-06-25T08:32:03+0200,cfe43b62-de54-4c74-8f9f-70948ee9d4b6,2026-06-10T09:00:00Z,2026-06-10T11:00:00+0200,61902.149505,MW,DE,DE_LU,forecast_load,Forecasted Load,2026-06-25T06:33:39Z
2026-06-25T06:32:03Z,2026-06-25T08:32:03+0200,cfe43b62-de54-4c74-8f9f-70948ee9d4b6,2026-06-10T09:15:00Z,2026-06-10T11:15:00+0200,61871.071852,MW,DE,DE_LU,forecast_load,Forecasted Load,2026-06-25T06:33:39Z
2026-06-25T06:32:03Z,2026-06-25T08:32:03+0200,cfe43b62-de54-4c74-8f9f-70948ee9d4b6,2026-06-10T09:30:00Z,2026-06-10T11:30:00+0200,61349.88526,MW,DE,DE_LU,forecast_load,Forecasted Load,2026-06-25T06:33:39Z
2026-06-25T06:32:03Z,2026-06-25T08:32:03+0200,cfe43b62-de54-4c74-8f9f-70948ee9d4b6,2026-06-10T09:45:00Z,2026-06-10T11:45:00+0200,61262.141665,MW,DE,DE_LU,forecast_load,Forecasted Load,2026-06-25T06:33:39Z
2026-06-25T06:32:03Z,2026-06-25T08:32:03+0200,cfe43b62-de54-4c74-8f9f-70948ee9d4b6,2026-06-10T10:00:00Z,2026-06-10T12:00:00+0200,61077.439403,MW,DE,DE_LU,forecast_load,Forecasted Load,2026-06-25T06:33:39Z
2026-06-25T06:32:03Z,2026-06-25T08:32:03+0200,cfe43b62-de54-4c74-8f9f-70948ee9d4b6,2026-06-10T10:15:00Z,2026-06-10T12:15:00+0200,61149.175839,MW,DE,DE_LU,forecast_load,Forecasted Load,2026-06-25T06:33:39Z
2026-06-25T06:32:03Z,2026-06-25T08:32:03+0200,cfe43b62-de54-4c74-8f9f-70948ee9d4b6,2026-06-10T10:30:00Z,2026-06-10T12:30:00+0200,60974.99454,MW,DE,DE_LU,forecast_load,Forecasted Load,2026-06-25T06:33:39Z
2026-06-25T06:32:03Z,2026-06-25T08:32:03+0200,cfe43b62-de54-4c74-8f9f-70948ee9d4b6,2026-06-10T10:45:00Z,2026-06-10T12:45:00+0200,61509.014103,MW,DE,DE_LU,forecast_load,Forecasted Load,2026-06-25T06:33:39Z
2026-06-25T06:32:03Z,2026-06-25T08:32:03+0200,cfe43b62-de54-4c74-8f9f-70948ee9d4b6,2026-06-10T11:00:00Z,2026-06-10T13:00:00+0200,60223.515397,MW,DE,DE_LU,forecast_load,Forecasted Load,2026-06-25T06:33:39Z
2026-06-25T06:32:03Z,2026-06-25T08:32:03+0200,cfe43b62-de54-4c74-8f9f-70948ee9d4b6,2026-06-10T11:15:00Z,2026-06-10T13:15:00+0200,60001.931317,MW,DE,DE_LU,forecast_load,Forecasted Load,2026-06-25T06:33:39Z
2026-06-25T06:32:03Z,2026-06-25T08:32:03+0200,cfe43b62-de54-4c74-8f9f-70948ee9d4b6,2026-06-10T11:30:00Z,2026-06-10T13:30:00+0200,59875.688965,MW,DE,DE_LU,forecast_load,Forecasted Load,2026-06-25T06:33:39Z
2026-06-25T06:32:03Z,2026-06-25T08:32:03+0200,cfe43b62-de54-4c74-8f9f-70948ee9d4b6,2026-06-10T11:45:00Z,2026-06-10T13:45:00+0200,59094.094483,MW,DE,DE_LU,forecast_load,Forecasted Load,2026-06-25T06:33:39Z
2026-06-25T06:32:03Z,2026-06-25T08:32:03+0200,cfe43b62-de54-4c74-8f9f-70948ee9d4b6,2026-06-10T12:00:00Z,2026-06-10T14:00:00+0200,59205.276142,MW,DE,DE_LU,forecast_load,Forecasted Load,2026-06-25T06:33:39Z
2026-06-25T06:32:03Z,2026-06-25T08:32:03+0200,cfe43b62-de54-4c74-8f9f-70948ee9d4b6,2026-06-10T12:15:00Z,2026-06-10T14:15:00+0200,58770.721048,MW,DE,DE_LU,forecast_load,Forecasted Load,2026-06-25T06:33:39Z
2026-06-25T06:32:03Z,2026-06-25T08:32:03+0200,cfe43b62-de54-4c74-8f9f-70948ee9d4b6,2026-06-10T12:30:00Z,2026-06-10T14:30:00+0200,58627.595403,MW,DE,DE_LU,forecast_load,Forecasted Load,2026-06-25T06:33:39Z
2026-06-25T06:32:03Z,2026-06-25T08:32:03+0200,cfe43b62-de54-4c74-8f9f-70948ee9d4b6,2026-06-10T12:45:00Z,2026-06-10T14:45:00+0200,57984.181877,MW,DE,DE_LU,forecast_load,Forecasted Load,2026-06-25T06:33:39Z
2026-06-25T06:32:03Z,2026-06-25T08:32:03+0200,cfe43b62-de54-4c74-8f9f-70948ee9d4b6,2026-06-10T13:00:00Z,2026-06-10T15:00:00+0200,58385.046503,MW,DE,DE_LU,forecast_load,Forecasted Load,2026-06-25T06:33:39Z
2026-06-25T06:32:03Z,2026-06-25T08:32:03+0200,cfe43b62-de54-4c74-8f9f-70948ee9d4b6,2026-06-10T13:15:00Z,2026-06-10T15:15:00+0200,57519.166705,MW,DE,DE_LU,forecast_load,Forecasted Load,2026-06-25T06:33:39Z
2026-06-25T06:32:03Z,2026-06-25T08:32:03+0200,cfe43b62-de54-4c74-8f9f-70948ee9d4b6,2026-06-10T13:30:00Z,2026-06-10T15:30:00+0200,57555.946573,MW,DE,DE_LU,forecast_load,Forecasted Load,2026-06-25T06:33:39Z
2026-06-25T06:32:03Z,2026-06-25T08:32:03+0200,cfe43b62-de54-4c74-8f9f-70948ee9d4b6,2026-06-10T13:45:00Z,2026-06-10T15:45:00+0200,57497.587845,MW,DE,DE_LU,forecast_load,Forecasted Load,2026-06-25T06:33:39Z
2026-06-25T06:32:03Z,2026-06-25T08:32:03+0200,cfe43b62-de54-4c74-8f9f-70948ee9d4b6,2026-06-10T14:00:00Z,2026-06-10T16:00:00+0200,57905.289457,MW,DE,DE_LU,forecast_load,Forecasted Load,2026-06-25T06:33:39Z
2026-06-25T06:32:03Z,2026-06-25T08:32:03+0200,cfe43b62-de54-4c74-8f9f-70948ee9d4b6,2026-06-10T14:15:00Z,2026-06-10T16:15:00+0200,57725.037455,MW,DE,DE_LU,forecast_load,Forecasted Load,2026-06-25T06:33:39Z
2026-06-25T06:32:03Z,2026-06-25T08:32:03+0200,cfe43b62-de54-4c74-8f9f-70948ee9d4b6,2026-06-10T14:30:00Z,2026-06-10T16:30:00+0200,57894.492241,MW,DE,DE_LU,forecast_load,Forecasted Load,2026-06-25T06:33:39Z
2026-06-25T06:32:03Z,2026-06-25T08:32:03+0200,cfe43b62-de54-4c74-8f9f-70948ee9d4b6,2026-06-10T14:45:00Z,2026-06-10T16:45:00+0200,57820.186388,MW,DE,DE_LU,forecast_load,Forecasted Load,2026-06-25T06:33:39Z
2026-06-25T06:32:03Z,2026-06-25T08:32:03+0200,cfe43b62-de54-4c74-8f9f-70948ee9d4b6,2026-06-10T15:00:00Z,2026-06-10T17:00:00+0200,57804.937589,MW,DE,DE_LU,forecast_load,Forecasted Load,2026-06-25T06:33:39Z
2026-06-25T06:32:03Z,2026-06-25T08:32:03+0200,cfe43b62-de54-4c74-8f9f-70948ee9d4b6,2026-06-10T15:15:00Z,2026-06-10T17:15:00+0200,58367.821718,MW,DE,DE_LU,forecast_load,Forecasted Load,2026-06-25T06:33:39Z
2026-06-25T06:32:03Z,2026-06-25T08:32:03+0200,cfe43b62-de54-4c74-8f9f-70948ee9d4b6,2026-06-10T15:30:00Z,2026-06-10T17:30:00+0200,58262.000941,MW,DE,DE_LU,forecast_load,Forecasted Load,2026-06-25T06:33:39Z
2026-06-25T06:32:03Z,2026-06-25T08:32:03+0200,cfe43b62-de54-4c74-8f9f-70948ee9d4b6,2026-06-10T15:45:00Z,2026-06-10T17:45:00+0200,58282.775373,MW,DE,DE_LU,forecast_load,Forecasted Load,2026-06-25T06:33:39Z
2026-06-25T06:32:03Z,2026-06-25T08:32:03+0200,cfe43b62-de54-4c74-8f9f-70948ee9d4b6,2026-06-10T16:00:00Z,2026-06-10T18:00:00+0200,58595.392655,MW,DE,DE_LU,forecast_load,Forecasted Load,2026-06-25T06:33:39Z
2026-06-25T06:32:03Z,2026-06-25T08:32:03+0200,cfe43b62-de54-4c74-8f9f-70948ee9d4b6,2026-06-10T16:15:00Z,2026-06-10T18:15:00+0200,58532.55982,MW,DE,DE_LU,forecast_load,Forecasted Load,2026-06-25T06:33:39Z
2026-06-25T06:32:03Z,2026-06-25T08:32:03+0200,cfe43b62-de54-4c74-8f9f-70948ee9d4b6,2026-06-10T16:30:00Z,2026-06-10T18:30:00+0200,58313.364896,MW,DE,DE_LU,forecast_load,Forecasted Load,2026-06-25T06:33:39Z
2026-06-25T06:32:03Z,2026-06-25T08:32:03+0200,cfe43b62-de54-4c74-8f9f-70948ee9d4b6,2026-06-10T16:45:00Z,2026-06-10T18:45:00+0200,58353.239004,MW,DE,DE_LU,forecast_load,Forecasted Load,2026-06-25T06:33:39Z
2026-06-25T06:32:03Z,2026-06-25T08:32:03+0200,cfe43b62-de54-4c74-8f9f-70948ee9d4b6,2026-06-10T17:00:00Z,2026-06-10T19:00:00+0200,58346.879246,MW,DE,DE_LU,forecast_load,Forecasted Load,2026-06-25T06:33:39Z
2026-06-25T06:32:03Z,2026-06-25T08:32:03+0200,cfe43b62-de54-4c74-8f9f-70948ee9d4b6,2026-06-10T17:15:00Z,2026-06-10T19:15:00+0200,58092.727699,MW,DE,DE_LU,forecast_load,Forecasted Load,2026-06-25T06:33:39Z
2026-06-25T06:32:03Z,2026-06-25T08:32:03+0200,cfe43b62-de54-4c74-8f9f-70948ee9d4b6,2026-06-10T17:30:00Z,2026-06-10T19:30:00+0200,58028.99307,MW,DE,DE_LU,forecast_load,Forecasted Load,2026-06-25T06:33:39Z
2026-06-25T06:32:03Z,2026-06-25T08:32:03+0200,cfe43b62-de54-4c74-8f9f-70948ee9d4b6,2026-06-10T17:45:00Z,2026-06-10T19:45:00+0200,58170.327151,MW,DE,DE_LU,forecast_load,Forecasted Load,2026-06-25T06:33:39Z
2026-06-25T06:32:03Z,2026-06-25T08:32:03+0200,cfe43b62-de54-4c74-8f9f-70948ee9d4b6,2026-06-10T18:00:00Z,2026-06-10T20:00:00+0200,57990.862199,MW,DE,DE_LU,forecast_load,Forecasted Load,2026-06-25T06:33:39Z
2026-06-25T06:32:03Z,2026-06-25T08:32:03+0200,cfe43b62-de54-4c74-8f9f-70948ee9d4b6,2026-06-10T18:15:00Z,2026-06-10T20:15:00+0200,57429.65919,MW,DE,DE_LU,forecast_load,Forecasted Load,2026-06-25T06:33:39Z
2026-06-25T06:32:03Z,2026-06-25T08:32:03+0200,cfe43b62-de54-4c74-8f9f-70948ee9d4b6,2026-06-10T18:30:00Z,2026-06-10T20:30:00+0200,57207.768232,MW,DE,DE_LU,forecast_load,Forecasted Load,2026-06-25T06:33:39Z
2026-06-25T06:32:03Z,2026-06-25T08:32:03+0200,cfe43b62-de54-4c74-8f9f-70948ee9d4b6,2026-06-10T18:45:00Z,2026-06-10T20:45:00+0200,56611.645363,MW,DE,DE_LU,forecast_load,Forecasted Load,2026-06-25T06:33:39Z
2026-06-25T06:32:03Z,2026-06-25T08:32:03+0200,cfe43b62-de54-4c74-8f9f-70948ee9d4b6,2026-06-10T19:00:00Z,2026-06-10T21:00:00+0200,55804.621609,MW,DE,DE_LU,forecast_load,Forecasted Load,2026-06-25T06:33:39Z
2026-06-25T06:32:03Z,2026-06-25T08:32:03+0200,cfe43b62-de54-4c74-8f9f-70948ee9d4b6,2026-06-10T19:15:00Z,2026-06-10T21:15:00+0200,55295.834171,MW,DE,DE_LU,forecast_load,Forecasted Load,2026-06-25T06:33:39Z
2026-06-25T06:32:03Z,2026-06-25T08:32:03+0200,cfe43b62-de54-4c74-8f9f-70948ee9d4b6,2026-06-10T19:30:00Z,2026-06-10T21:30:00+0200,54453.316285,MW,DE,DE_LU,forecast_load,Forecasted Load,2026-06-25T06:33:39Z
2026-06-25T06:32:03Z,2026-06-25T08:32:03+0200,cfe43b62-de54-4c74-8f9f-70948ee9d4b6,2026-06-10T19:45:00Z,2026-06-10T21:45:00+0200,53785.082025,MW,DE,DE_LU,forecast_load,Forecasted Load,2026-06-25T06:33:39Z
2026-06-25T06:32:03Z,2026-06-25T08:32:03+0200,cfe43b62-de54-4c74-8f9f-70948ee9d4b6,2026-06-10T20:00:00Z,2026-06-10T22:00:00+0200,53172.771461,MW,DE,DE_LU,forecast_load,Forecasted Load,2026-06-25T06:33:39Z
2026-06-25T06:32:03Z,2026-06-25T08:32:03+0200,cfe43b62-de54-4c74-8f9f-70948ee9d4b6,2026-06-10T20:15:00Z,2026-06-10T22:15:00+0200,52406.237848,MW,DE,DE_LU,forecast_load,Forecasted Load,2026-06-25T06:33:39Z
2026-06-25T06:32:03Z,2026-06-25T08:32:03+0200,cfe43b62-de54-4c74-8f9f-70948ee9d4b6,2026-06-10T20:30:00Z,2026-06-10T22:30:00+0200,51424.749074,MW,DE,DE_LU,forecast_load,Forecasted Load,2026-06-25T06:33:39Z
2026-06-25T06:32:03Z,2026-06-25T08:32:03+0200,cfe43b62-de54-4c74-8f9f-70948ee9d4b6,2026-06-10T20:45:00Z,2026-06-10T22:45:00+0200,50996.580848,MW,DE,DE_LU,forecast_load,Forecasted Load,2026-06-25T06:33:39Z
2026-06-25T06:32:03Z,2026-06-25T08:32:03+0200,cfe43b62-de54-4c74-8f9f-70948ee9d4b6,2026-06-10T21:00:00Z,2026-06-10T23:00:00+0200,49961.674243,MW,DE,DE_LU,forecast_load,Forecasted Load,2026-06-25T06:33:39Z
2026-06-25T06:32:03Z,2026-06-25T08:32:03+0200,cfe43b62-de54-4c74-8f9f-70948ee9d4b6,2026-06-10T21:15:00Z,2026-06-10T23:15:00+0200,49194.569762,MW,DE,DE_LU,forecast_load,Forecasted Load,2026-06-25T06:33:39Z
2026-06-25T06:32:03Z,2026-06-25T08:32:03+0200,cfe43b62-de54-4c74-8f9f-70948ee9d4b6,2026-06-10T21:30:00Z,2026-06-10T23:30:00+0200,48669.286626,MW,DE,DE_LU,forecast_load,Forecasted Load,2026-06-25T06:33:39Z
2026-06-25T06:32:03Z,2026-06-25T08:32:03+0200,cfe43b62-de54-4c74-8f9f-70948ee9d4b6,2026-06-10T21:45:00Z,2026-06-10T23:45:00+0200,48086.413481,MW,DE,DE_LU,forecast_load,Forecasted Load,2026-06-25T06:33:39Z
2026-06-25T06:32:03Z,2026-06-25T08:32:03+0200,cfe43b62-de54-4c74-8f9f-70948ee9d4b6,2026-06-10T22:00:00Z,2026-06-11T00:00:00+0200,47452.557348,MW,DE,DE_LU,forecast_load,Forecasted Load,2026-06-25T06:33:39Z
2026-06-25T06:32:03Z,2026-06-25T08:32:03+0200,cfe43b62-de54-4c74-8f9f-70948ee9d4b6,2026-06-10T22:15:00Z,2026-06-11T00:15:00+0200,46822.988037,MW,DE,DE_LU,forecast_load,Forecasted Load,2026-06-25T06:33:39Z
2026-06-25T06:32:03Z,2026-06-25T08:32:03+0200,cfe43b62-de54-4c74-8f9f-70948ee9d4b6,2026-06-10T22:30:00Z,2026-06-11T00:30:00+0200,46298.829836,MW,DE,DE_LU,forecast_load,Forecasted Load,2026-06-25T06:33:39Z
2026-06-25T06:32:03Z,2026-06-25T08:32:03+0200,cfe43b62-de54-4c74-8f9f-70948ee9d4b6,2026-06-10T22:45:00Z,2026-06-11T00:45:00+0200,45786.925978,MW,DE,DE_LU,forecast_load,Forecasted Load,2026-06-25T06:33:39Z
2026-06-25T06:32:03Z,2026-06-25T08:32:03+0200,cfe43b62-de54-4c74-8f9f-70948ee9d4b6,2026-06-10T23:00:00Z,2026-06-11T01:00:00+0200,45385.957311,MW,DE,DE_LU,forecast_load,Forecasted Load,2026-06-25T06:33:39Z
2026-06-25T06:32:03Z,2026-06-25T08:32:03+0200,cfe43b62-de54-4c74-8f9f-70948ee9d4b6,2026-06-10T23:15:00Z,2026-06-11T01:15:00+0200,44983.176561,MW,DE,DE_LU,forecast_load,Forecasted Load,2026-06-25T06:33:39Z
2026-06-25T06:32:03Z,2026-06-25T08:32:03+0200,cfe43b62-de54-4c74-8f9f-70948ee9d4b6,2026-06-10T23:30:00Z,2026-06-11T01:30:00+0200,44653.556141,MW,DE,DE_LU,forecast_load,Forecasted Load,2026-06-25T06:33:39Z
2026-06-25T06:32:03Z,2026-06-25T08:32:03+0200,cfe43b62-de54-4c74-8f9f-70948ee9d4b6,2026-06-10T23:45:00Z,2026-06-11T01:45:00+0200,44553.128085,MW,DE,DE_LU,forecast_load,Forecasted Load,2026-06-25T06:33:39Z
2026-06-25T06:32:03Z,2026-06-25T08:32:03+0200,cfe43b62-de54-4c74-8f9f-70948ee9d4b6,2026-06-11T00:00:00Z,2026-06-11T02:00:00+0200,44336.118537,MW,DE,DE_LU,forecast_load,Forecasted Load,2026-06-25T06:33:39Z
2026-06-25T06:32:03Z,2026-06-25T08:32:03+0200,cfe43b62-de54-4c74-8f9f-70948ee9d4b6,2026-06-11T00:15:00Z,2026-06-11T02:15:00+0200,44077.489793,MW,DE,DE_LU,forecast_load,Forecasted Load,2026-06-25T06:33:39Z
2026-06-25T06:32:03Z,2026-06-25T08:32:03+0200,cfe43b62-de54-4c74-8f9f-70948ee9d4b6,2026-06-11T00:30:00Z,2026-06-11T02:30:00+0200,44050.854178,MW,DE,DE_LU,forecast_load,Forecasted Load,2026-06-25T06:33:39Z
2026-06-25T06:32:03Z,2026-06-25T08:32:03+0200,cfe43b62-de54-4c74-8f9f-70948ee9d4b6,2026-06-11T00:45:00Z,2026-06-11T02:45:00+0200,44129.334257,MW,DE,DE_LU,forecast_load,Forecasted Load,2026-06-25T06:33:39Z
2026-06-25T06:32:03Z,2026-06-25T08:32:03+0200,cfe43b62-de54-4c74-8f9f-70948ee9d4b6,2026-06-11T01:00:00Z,2026-06-11T03:00:00+0200,44152.543841,MW,DE,DE_LU,forecast_load,Forecasted Load,2026-06-25T06:33:39Z
2026-06-25T06:32:03Z,2026-06-25T08:32:03+0200,cfe43b62-de54-4c74-8f9f-70948ee9d4b6,2026-06-11T01:15:00Z,2026-06-11T03:15:00+0200,44015.525039,MW,DE,DE_LU,forecast_load,Forecasted Load,2026-06-25T06:33:39Z
2026-06-25T06:32:03Z,2026-06-25T08:32:03+0200,cfe43b62-de54-4c74-8f9f-70948ee9d4b6,2026-06-11T01:30:00Z,2026-06-11T03:30:00+0200,44076.217651,MW,DE,DE_LU,forecast_load,Forecasted Load,2026-06-25T06:33:39Z
2026-06-25T06:32:03Z,2026-06-25T08:32:03+0200,cfe43b62-de54-4c74-8f9f-70948ee9d4b6,2026-06-11T01:45:00Z,2026-06-11T03:45:00+0200,44186.913473,MW,DE,DE_LU,forecast_load,Forecasted Load,2026-06-25T06:33:39Z
2026-06-25T06:32:03Z,2026-06-25T08:32:03+0200,cfe43b62-de54-4c74-8f9f-70948ee9d4b6,2026-06-11T02:00:00Z,2026-06-11T04:00:00+0200,44338.877292,MW,DE,DE_LU,forecast_load,Forecasted Load,2026-06-25T06:33:39Z
2026-06-25T06:32:03Z,2026-06-25T08:32:03+0200,cfe43b62-de54-4c74-8f9f-70948ee9d4b6,2026-06-11T02:15:00Z,2026-06-11T04:15:00+0200,44605.298265,MW,DE,DE_LU,forecast_load,Forecasted Load,2026-06-25T06:33:39Z
2026-06-25T06:32:03Z,2026-06-25T08:32:03+0200,cfe43b62-de54-4c74-8f9f-70948ee9d4b6,2026-06-11T02:30:00Z,2026-06-11T04:30:00+0200,44892.844755,MW,DE,DE_LU,forecast_load,Forecasted Load,2026-06-25T06:33:39Z
2026-06-25T06:32:03Z,2026-06-25T08:32:03+0200,cfe43b62-de54-4c74-8f9f-70948ee9d4b6,2026-06-11T02:45:00Z,2026-06-11T04:45:00+0200,45247.354232,MW,DE,DE_LU,forecast_load,Forecasted Load,2026-06-25T06:33:39Z
2026-06-25T06:32:03Z,2026-06-25T08:32:03+0200,cfe43b62-de54-4c74-8f9f-70948ee9d4b6,2026-06-11T03:00:00Z,2026-06-11T05:00:00+0200,46102.379709,MW,DE,DE_LU,forecast_load,Forecasted Load,2026-06-25T06:33:39Z
2026-06-25T06:32:03Z,2026-06-25T08:32:03+0200,cfe43b62-de54-4c74-8f9f-70948ee9d4b6,2026-06-11T03:15:00Z,2026-06-11T05:15:00+0200,45991.377845,MW,DE,DE_LU,forecast_load,Forecasted Load,2026-06-25T06:33:39Z
2026-06-25T06:32:03Z,2026-06-25T08:32:03+0200,cfe43b62-de54-4c74-8f9f-70948ee9d4b6,2026-06-11T03:30:00Z,2026-06-11T05:30:00+0200,46511.049743,MW,DE,DE_LU,forecast_load,Forecasted Load,2026-06-25T06:33:39Z
2026-06-25T06:32:03Z,2026-06-25T08:32:03+0200,cfe43b62-de54-4c74-8f9f-70948ee9d4b6,2026-06-11T03:45:00Z,2026-06-11T05:45:00+0200,48632.332834,MW,DE,DE_LU,forecast_load,Forecasted Load,2026-06-25T06:33:39Z
2026-06-25T06:32:03Z,2026-06-25T08:32:03+0200,cfe43b62-de54-4c74-8f9f-70948ee9d4b6,2026-06-11T04:00:00Z,2026-06-11T06:00:00+0200,50227.538084,MW,DE,DE_LU,forecast_load,Forecasted Load,2026-06-25T06:33:39Z
2026-06-25T06:32:03Z,2026-06-25T08:32:03+0200,cfe43b62-de54-4c74-8f9f-70948ee9d4b6,2026-06-11T04:15:00Z,2026-06-11T06:15:00+0200,52151.593539,MW,DE,DE_LU,forecast_load,Forecasted Load,2026-06-25T06:33:39Z
2026-06-25T06:32:03Z,2026-06-25T08:32:03+0200,cfe43b62-de54-4c74-8f9f-70948ee9d4b6,2026-06-11T04:30:00Z,2026-06-11T06:30:00+0200,53734.424551,MW,DE,DE_LU,forecast_load,Forecasted Load,2026-06-25T06:33:39Z
2026-06-25T06:32:03Z,2026-06-25T08:32:03+0200,cfe43b62-de54-4c74-8f9f-70948ee9d4b6,2026-06-11T04:45:00Z,2026-06-11T06:45:00+0200,55258.652493,MW,DE,DE_LU,forecast_load,Forecasted Load,2026-06-25T06:33:39Z
2026-06-25T06:32:03Z,2026-06-25T08:32:03+0200,cfe43b62-de54-4c74-8f9f-70948ee9d4b6,2026-06-11T05:00:00Z,2026-06-11T07:00:00+0200,56565.174412,MW,DE,DE_LU,forecast_load,Forecasted Load,2026-06-25T06:33:39Z
2026-06-25T06:32:03Z,2026-06-25T08:32:03+0200,cfe43b62-de54-4c74-8f9f-70948ee9d4b6,2026-06-11T05:15:00Z,2026-06-11T07:15:00+0200,57785.036986,MW,DE,DE_LU,forecast_load,Forecasted Load,2026-06-25T06:33:39Z
2026-06-25T06:32:03Z,2026-06-25T08:32:03+0200,cfe43b62-de54-4c74-8f9f-70948ee9d4b6,2026-06-11T05:30:00Z,2026-06-11T07:30:00+0200,59097.103638,MW,DE,DE_LU,forecast_load,Forecasted Load,2026-06-25T06:33:39Z
2026-06-25T06:32:03Z,2026-06-25T08:32:03+0200,cfe43b62-de54-4c74-8f9f-70948ee9d4b6,2026-06-11T05:45:00Z,2026-06-11T07:45:00+0200,60123.073171,MW,DE,DE_LU,forecast_load,Forecasted Load,2026-06-25T06:33:39Z
2026-06-25T06:32:03Z,2026-06-25T08:32:03+0200,cfe43b62-de54-4c74-8f9f-70948ee9d4b6,2026-06-11T06:00:00Z,2026-06-11T08:00:00+0200,60842.100338,MW,DE,DE_LU,forecast_load,Forecasted Load,2026-06-25T06:33:39Z
2026-06-25T06:32:03Z,2026-06-25T08:32:03+0200,cfe43b62-de54-4c74-8f9f-70948ee9d4b6,2026-06-11T06:15:00Z,2026-06-11T08:15:00+0200,61439.371638,MW,DE,DE_LU,forecast_load,Forecasted Load,2026-06-25T06:33:39Z
2026-06-25T06:32:03Z,2026-06-25T08:32:03+0200,cfe43b62-de54-4c74-8f9f-70948ee9d4b6,2026-06-11T06:30:00Z,2026-06-11T08:30:00+0200,61745.266444,MW,DE,DE_LU,forecast_load,Forecasted Load,2026-06-25T06:33:39Z
2026-06-25T06:32:03Z,2026-06-25T08:32:03+0200,cfe43b62-de54-4c74-8f9f-70948ee9d4b6,2026-06-11T06:45:00Z,2026-06-11T08:45:00+0200,62304.76376,MW,DE,DE_LU,forecast_load,Forecasted Load,2026-06-25T06:33:39Z
2026-06-25T06:32:03Z,2026-06-25T08:32:03+0200,cfe43b62-de54-4c74-8f9f-70948ee9d4b6,2026-06-11T07:00:00Z,2026-06-11T09:00:00+0200,62279.794156,MW,DE,DE_LU,forecast_load,Forecasted Load,2026-06-25T06:33:39Z
2026-06-25T06:32:03Z,2026-06-25T08:32:03+0200,cfe43b62-de54-4c74-8f9f-70948ee9d4b6,2026-06-11T07:15:00Z,2026-06-11T09:15:00+0200,62278.309412,MW,DE,DE_LU,forecast_load,Forecasted Load,2026-06-25T06:33:39Z
2026-06-25T06:32:03Z,2026-06-25T08:32:03+0200,cfe43b62-de54-4c74-8f9f-70948ee9d4b6,2026-06-11T07:30:00Z,2026-06-11T09:30:00+0200,62571.927685,MW,DE,DE_LU,forecast_load,Forecasted Load,2026-06-25T06:33:39Z
2026-06-25T06:32:03Z,2026-06-25T08:32:03+0200,cfe43b62-de54-4c74-8f9f-70948ee9d4b6,2026-06-11T07:45:00Z,2026-06-11T09:45:00+0200,62705.233506,MW,DE,DE_LU,forecast_load,Forecasted Load,2026-06-25T06:33:39Z
2026-06-25T06:32:03Z,2026-06-25T08:32:03+0200,cfe43b62-de54-4c74-8f9f-70948ee9d4b6,2026-06-11T08:00:00Z,2026-06-11T10:00:00+0200,62478.305453,MW,DE,DE_LU,forecast_load,Forecasted Load,2026-06-25T06:33:39Z
2026-06-25T06:32:03Z,2026-06-25T08:32:03+0200,cfe43b62-de54-4c74-8f9f-70948ee9d4b6,2026-06-11T08:15:00Z,2026-06-11T10:15:00+0200,62938.828155,MW,DE,DE_LU,forecast_load,Forecasted Load,2026-06-25T06:33:39Z
2026-06-25T06:32:03Z,2026-06-25T08:32:03+0200,cfe43b62-de54-4c74-8f9f-70948ee9d4b6,2026-06-11T08:30:00Z,2026-06-11T10:30:00+0200,62962.764469,MW,DE,DE_LU,forecast_load,Forecasted Load,2026-06-25T06:33:39Z
2026-06-25T06:32:03Z,2026-06-25T08:32:03+0200,cfe43b62-de54-4c74-8f9f-70948ee9d4b6,2026-06-11T08:45:00Z,2026-06-11T10:45:00+0200,63059.490756,MW,DE,DE_LU,forecast_load,Forecasted Load,2026-06-25T06:33:39Z
2026-06-25T06:32:03Z,2026-06-25T08:32:03+0200,cfe43b62-de54-4c74-8f9f-70948ee9d4b6,2026-06-11T09:00:00Z,2026-06-11T11:00:00+0200,63170.282428,MW,DE,DE_LU,forecast_load,Forecasted Load,2026-06-25T06:33:39Z
2026-06-25T06:32:03Z,2026-06-25T08:32:03+0200,cfe43b62-de54-4c74-8f9f-70948ee9d4b6,2026-06-11T09:15:00Z,2026-06-11T11:15:00+0200,63308.461228,MW,DE,DE_LU,forecast_load,Forecasted Load,2026-06-25T06:33:39Z
2026-06-25T06:32:03Z,2026-06-25T08:32:03+0200,cfe43b62-de54-4c74-8f9f-70948ee9d4b6,2026-06-11T09:30:00Z,2026-06-11T11:30:00+0200,63596.178971,MW,DE,DE_LU,forecast_load,Forecasted Load,2026-06-25T06:33:39Z
2026-06-25T06:32:03Z,2026-06-25T08:32:03+0200,cfe43b62-de54-4c74-8f9f-70948ee9d4b6,2026-06-11T09:45:00Z,2026-06-11T11:45:00+0200,63356.536146,MW,DE,DE_LU,forecast_load,Forecasted Load,2026-06-25T06:33:39Z
2026-06-25T06:32:03Z,2026-06-25T08:32:03+0200,cfe43b62-de54-4c74-8f9f-70948ee9d4b6,2026-06-11T10:00:00Z,2026-06-11T12:00:00+0200,63085.241091,MW,DE,DE_LU,forecast_load,Forecasted Load,2026-06-25T06:33:39Z
2026-06-25T06:32:03Z,2026-06-25T08:32:03+0200,cfe43b62-de54-4c74-8f9f-70948ee9d4b6,2026-06-11T10:15:00Z,2026-06-11T12:15:00+0200,62866.229559,MW,DE,DE_LU,forecast_load,Forecasted Load,2026-06-25T06:33:39Z
2026-06-25T06:32:03Z,2026-06-25T08:32:03+0200,cfe43b62-de54-4c74-8f9f-70948ee9d4b6,2026-06-11T10:30:00Z,2026-06-11T12:30:00+0200,62613.009417,MW,DE,DE_LU,forecast_load,Forecasted Load,2026-06-25T06:33:39Z
2026-06-25T06:32:03Z,2026-06-25T08:32:03+0200,cfe43b62-de54-4c74-8f9f-70948ee9d4b6,2026-06-11T10:45:00Z,2026-06-11T12:45:00+0200,62704.219151,MW,DE,DE_LU,forecast_load,Forecasted Load,2026-06-25T06:33:39Z
2026-06-25T06:32:03Z,2026-06-25T08:32:03+0200,cfe43b62-de54-4c74-8f9f-70948ee9d4b6,2026-06-11T11:00:00Z,2026-06-11T13:00:00+0200,62310.292245,MW,DE,DE_LU,forecast_load,Forecasted Load,2026-06-25T06:33:39Z
2026-06-25T06:32:03Z,2026-06-25T08:32:03+0200,cfe43b62-de54-4c74-8f9f-70948ee9d4b6,2026-06-11T11:15:00Z,2026-06-11T13:15:00+0200,62134.653154,MW,DE,DE_LU,forecast_load,Forecasted Load,2026-06-25T06:33:39Z
2026-06-25T06:32:03Z,2026-06-25T08:32:03+0200,cfe43b62-de54-4c74-8f9f-70948ee9d4b6,2026-06-11T11:30:00Z,2026-06-11T13:30:00+0200,61604.141582,MW,DE,DE_LU,forecast_load,Forecasted Load,2026-06-25T06:33:39Z
2026-06-25T06:32:03Z,2026-06-25T08:32:03+0200,cfe43b62-de54-4c74-8f9f-70948ee9d4b6,2026-06-11T11:45:00Z,2026-06-11T13:45:00+0200,60836.911187,MW,DE,DE_LU,forecast_load,Forecasted Load,2026-06-25T06:33:39Z
2026-06-25T06:32:03Z,2026-06-25T08:32:03+0200,cfe43b62-de54-4c74-8f9f-70948ee9d4b6,2026-06-11T12:00:00Z,2026-06-11T14:00:00+0200,60323.920646,MW,DE,DE_LU,forecast_load,Forecasted Load,2026-06-25T06:33:39Z
2026-06-25T06:32:03Z,2026-06-25T08:32:03+0200,cfe43b62-de54-4c74-8f9f-70948ee9d4b6,2026-06-11T12:15:00Z,2026-06-11T14:15:00+0200,60049.351117,MW,DE,DE_LU,forecast_load,Forecasted Load,2026-06-25T06:33:39Z
2026-06-25T06:32:03Z,2026-06-25T08:32:03+0200,cfe43b62-de54-4c74-8f9f-70948ee9d4b6,2026-06-11T12:30:00Z,2026-06-11T14:30:00+0200,59626.322339,MW,DE,DE_LU,forecast_load,Forecasted Load,2026-06-25T06:33:39Z
2026-06-25T06:32:03Z,2026-06-25T08:32:03+0200,cfe43b62-de54-4c74-8f9f-70948ee9d4b6,2026-06-11T12:45:00Z,2026-06-11T14:45:00+0200,59551.070668,MW,DE,DE_LU,forecast_load,Forecasted Load,2026-06-25T06:33:39Z
2026-06-25T06:32:03Z,2026-06-25T08:32:03+0200,cfe43b62-de54-4c74-8f9f-70948ee9d4b6,2026-06-11T13:00:00Z,2026-06-11T15:00:00+0200,59265.920368,MW,DE,DE_LU,forecast_load,Forecasted Load,2026-06-25T06:33:39Z
2026-06-25T06:32:03Z,2026-06-25T08:32:03+0200,cfe43b62-de54-4c74-8f9f-70948ee9d4b6,2026-06-11T13:15:00Z,2026-06-11T15:15:00+0200,59056.53463,MW,DE,DE_LU,forecast_load,Forecasted Load,2026-06-25T06:33:39Z
2026-06-25T06:32:03Z,2026-06-25T08:32:03+0200,cfe43b62-de54-4c74-8f9f-70948ee9d4b6,2026-06-11T13:30:00Z,2026-06-11T15:30:00+0200,58306.248764,MW,DE,DE_LU,forecast_load,Forecasted Load,2026-06-25T06:33:39Z
2026-06-25T06:32:03Z,2026-06-25T08:32:03+0200,cfe43b62-de54-4c74-8f9f-70948ee9d4b6,2026-06-11T13:45:00Z,2026-06-11T15:45:00+0200,58242.834649,MW,DE,DE_LU,forecast_load,Forecasted Load,2026-06-25T06:33:39Z
2026-06-25T06:32:03Z,2026-06-25T08:32:03+0200,cfe43b62-de54-4c74-8f9f-70948ee9d4b6,2026-06-11T14:00:00Z,2026-06-11T16:00:00+0200,58487.995777,MW,DE,DE_LU,forecast_load,Forecasted Load,2026-06-25T06:33:39Z
2026-06-25T06:32:03Z,2026-06-25T08:32:03+0200,cfe43b62-de54-4c74-8f9f-70948ee9d4b6,2026-06-11T14:15:00Z,2026-06-11T16:15:00+0200,58203.423082,MW,DE,DE_LU,forecast_load,Forecasted Load,2026-06-25T06:33:39Z
2026-06-25T06:32:03Z,2026-06-25T08:32:03+0200,cfe43b62-de54-4c74-8f9f-70948ee9d4b6,2026-06-11T14:30:00Z,2026-06-11T16:30:00+0200,58211.841914,MW,DE,DE_LU,forecast_load,Forecasted Load,2026-06-25T06:33:39Z
2026-06-25T06:32:03Z,2026-06-25T08:32:03+0200,cfe43b62-de54-4c74-8f9f-70948ee9d4b6,2026-06-11T14:45:00Z,2026-06-11T16:45:00+0200,58378.83562,MW,DE,DE_LU,forecast_load,Forecasted Load,2026-06-25T06:33:39Z
2026-06-25T06:32:03Z,2026-06-25T08:32:03+0200,cfe43b62-de54-4c74-8f9f-70948ee9d4b6,2026-06-11T15:00:00Z,2026-06-11T17:00:00+0200,58666.236937,MW,DE,DE_LU,forecast_load,Forecasted Load,2026-06-25T06:33:39Z
2026-06-25T06:32:03Z,2026-06-25T08:32:03+0200,cfe43b62-de54-4c74-8f9f-70948ee9d4b6,2026-06-11T15:15:00Z,2026-06-11T17:15:00+0200,58834.697333,MW,DE,DE_LU,forecast_load,Forecasted Load,2026-06-25T06:33:39Z
2026-06-25T06:32:03Z,2026-06-25T08:32:03+0200,cfe43b62-de54-4c74-8f9f-70948ee9d4b6,2026-06-11T15:30:00Z,2026-06-11T17:30:00+0200,58845.588332,MW,DE,DE_LU,forecast_load,Forecasted Load,2026-06-25T06:33:39Z
2026-06-25T06:32:03Z,2026-06-25T08:32:03+0200,cfe43b62-de54-4c74-8f9f-70948ee9d4b6,2026-06-11T15:45:00Z,2026-06-11T17:45:00+0200,59070.022551,MW,DE,DE_LU,forecast_load,Forecasted Load,2026-06-25T06:33:39Z
2026-06-25T06:32:03Z,2026-06-25T08:32:03+0200,cfe43b62-de54-4c74-8f9f-70948ee9d4b6,2026-06-11T16:00:00Z,2026-06-11T18:00:00+0200,59486.974011,MW,DE,DE_LU,forecast_load,Forecasted Load,2026-06-25T06:33:39Z
2026-06-25T06:32:03Z,2026-06-25T08:32:03+0200,cfe43b62-de54-4c74-8f9f-70948ee9d4b6,2026-06-11T16:15:00Z,2026-06-11T18:15:00+0200,59775.413135,MW,DE,DE_LU,forecast_load,Forecasted Load,2026-06-25T06:33:39Z
2026-06-25T06:32:03Z,2026-06-25T08:32:03+0200,cfe43b62-de54-4c74-8f9f-70948ee9d4b6,2026-06-11T16:30:00Z,2026-06-11T18:30:00+0200,59648.492295,MW,DE,DE_LU,forecast_load,Forecasted Load,2026-06-25T06:33:39Z
2026-06-25T06:32:03Z,2026-06-25T08:32:03+0200,cfe43b62-de54-4c74-8f9f-70948ee9d4b6,2026-06-11T16:45:00Z,2026-06-11T18:45:00+0200,59606.896408,MW,DE,DE_LU,forecast_load,Forecasted Load,2026-06-25T06:33:39Z
2026-06-25T06:32:03Z,2026-06-25T08:32:03+0200,cfe43b62-de54-4c74-8f9f-70948ee9d4b6,2026-06-11T17:00:00Z,2026-06-11T19:00:00+0200,59723.834408,MW,DE,DE_LU,forecast_load,Forecasted Load,2026-06-25T06:33:39Z
2026-06-25T06:32:03Z,2026-06-25T08:32:03+0200,cfe43b62-de54-4c74-8f9f-70948ee9d4b6,2026-06-11T17:15:00Z,2026-06-11T19:15:00+0200,59520.702714,MW,DE,DE_LU,forecast_load,Forecasted Load,2026-06-25T06:33:39Z
2026-06-25T06:32:03Z,2026-06-25T08:32:03+0200,cfe43b62-de54-4c74-8f9f-70948ee9d4b6,2026-06-11T17:30:00Z,2026-06-11T19:30:00+0200,59395.837549,MW,DE,DE_LU,forecast_load,Forecasted Load,2026-06-25T06:33:39Z
2026-06-25T06:32:03Z,2026-06-25T08:32:03+0200,cfe43b62-de54-4c74-8f9f-70948ee9d4b6,2026-06-11T17:45:00Z,2026-06-11T19:45:00+0200,59230.141522,MW,DE,DE_LU,forecast_load,Forecasted Load,2026-06-25T06:33:39Z
2026-06-25T06:32:03Z,2026-06-25T08:32:03+0200,cfe43b62-de54-4c74-8f9f-70948ee9d4b6,2026-06-11T18:00:00Z,2026-06-11T20:00:00+0200,58771.579997,MW,DE,DE_LU,forecast_load,Forecasted Load,2026-06-25T06:33:39Z
2026-06-25T06:32:03Z,2026-06-25T08:32:03+0200,cfe43b62-de54-4c74-8f9f-70948ee9d4b6,2026-06-11T18:15:00Z,2026-06-11T20:15:00+0200,58302.227291,MW,DE,DE_LU,forecast_load,Forecasted Load,2026-06-25T06:33:39Z
2026-06-25T06:32:03Z,2026-06-25T08:32:03+0200,cfe43b62-de54-4c74-8f9f-70948ee9d4b6,2026-06-11T18:30:00Z,2026-06-11T20:30:00+0200,57596.303068,MW,DE,DE_LU,forecast_load,Forecasted Load,2026-06-25T06:33:39Z
2026-06-25T06:32:03Z,2026-06-25T08:32:03+0200,cfe43b62-de54-4c74-8f9f-70948ee9d4b6,2026-06-11T18:45:00Z,2026-06-11T20:45:00+0200,57182.313425,MW,DE,DE_LU,forecast_load,Forecasted Load,2026-06-25T06:33:39Z
2026-06-25T06:32:03Z,2026-06-25T08:32:03+0200,cfe43b62-de54-4c74-8f9f-70948ee9d4b6,2026-06-11T19:00:00Z,2026-06-11T21:00:00+0200,56470.215032,MW,DE,DE_LU,forecast_load,Forecasted Load,2026-06-25T06:33:39Z
2026-06-25T06:32:03Z,2026-06-25T08:32:03+0200,cfe43b62-de54-4c74-8f9f-70948ee9d4b6,2026-06-11T19:15:00Z,2026-06-11T21:15:00+0200,56010.64327,MW,DE,DE_LU,forecast_load,Forecasted Load,2026-06-25T06:33:39Z
2026-06-25T06:32:03Z,2026-06-25T08:32:03+0200,cfe43b62-de54-4c74-8f9f-70948ee9d4b6,2026-06-11T19:30:00Z,2026-06-11T21:30:00+0200,55306.964688,MW,DE,DE_LU,forecast_load,Forecasted Load,2026-06-25T06:33:39Z
2026-06-25T06:32:03Z,2026-06-25T08:32:03+0200,cfe43b62-de54-4c74-8f9f-70948ee9d4b6,2026-06-11T19:45:00Z,2026-06-11T21:45:00+0200,54719.874121,MW,DE,DE_LU,forecast_load,Forecasted Load,2026-06-25T06:33:39Z
2026-06-25T06:32:03Z,2026-06-25T08:32:03+0200,cfe43b62-de54-4c74-8f9f-70948ee9d4b6,2026-06-11T20:00:00Z,2026-06-11T22:00:00+0200,53925.730314,MW,DE,DE_LU,forecast_load,Forecasted Load,2026-06-25T06:33:39Z
2026-06-25T06:32:03Z,2026-06-25T08:32:03+0200,cfe43b62-de54-4c74-8f9f-70948ee9d4b6,2026-06-11T20:15:00Z,2026-06-11T22:15:00+0200,53114.634555,MW,DE,DE_LU,forecast_load,Forecasted Load,2026-06-25T06:33:39Z
2026-06-25T06:32:03Z,2026-06-25T08:32:03+0200,cfe43b62-de54-4c74-8f9f-70948ee9d4b6,2026-06-11T20:30:00Z,2026-06-11T22:30:00+0200,52376.455596,MW,DE,DE_LU,forecast_load,Forecasted Load,2026-06-25T06:33:39Z
2026-06-25T06:32:03Z,2026-06-25T08:32:03+0200,cfe43b62-de54-4c74-8f9f-70948ee9d4b6,2026-06-11T20:45:00Z,2026-06-11T22:45:00+0200,51625.965165,MW,DE,DE_LU,forecast_load,Forecasted Load,2026-06-25T06:33:39Z
2026-06-25T06:32:03Z,2026-06-25T08:32:03+0200,cfe43b62-de54-4c74-8f9f-70948ee9d4b6,2026-06-11T21:00:00Z,2026-06-11T23:00:00+0200,50840.818956,MW,DE,DE_LU,forecast_load,Forecasted Load,2026-06-25T06:33:39Z
2026-06-25T06:32:03Z,2026-06-25T08:32:03+0200,cfe43b62-de54-4c74-8f9f-70948ee9d4b6,2026-06-11T21:15:00Z,2026-06-11T23:15:00+0200,50169.266021,MW,DE,DE_LU,forecast_load,Forecasted Load,2026-06-25T06:33:39Z
2026-06-25T06:32:03Z,2026-06-25T08:32:03+0200,cfe43b62-de54-4c74-8f9f-70948ee9d4b6,2026-06-11T21:30:00Z,2026-06-11T23:30:00+0200,49433.783855,MW,DE,DE_LU,forecast_load,Forecasted Load,2026-06-25T06:33:39Z
2026-06-25T06:32:03Z,2026-06-25T08:32:03+0200,cfe43b62-de54-4c74-8f9f-70948ee9d4b6,2026-06-11T21:45:00Z,2026-06-11T23:45:00+0200,48713.8425,MW,DE,DE_LU,forecast_load,Forecasted Load,2026-06-25T06:33:39Z
2026-06-25T06:32:03Z,2026-06-25T08:32:03+0200,cfe43b62-de54-4c74-8f9f-70948ee9d4b6,2026-06-11T22:00:00Z,2026-06-12T00:00:00+0200,48304.379253,MW,DE,DE_LU,forecast_load,Forecasted Load,2026-06-25T06:33:39Z
2026-06-25T06:32:03Z,2026-06-25T08:32:03+0200,cfe43b62-de54-4c74-8f9f-70948ee9d4b6,2026-06-11T22:15:00Z,2026-06-12T00:15:00+0200,47673.569668,MW,DE,DE_LU,forecast_load,Forecasted Load,2026-06-25T06:33:39Z
2026-06-25T06:32:03Z,2026-06-25T08:32:03+0200,cfe43b62-de54-4c74-8f9f-70948ee9d4b6,2026-06-11T22:30:00Z,2026-06-12T00:30:00+0200,47155.327073,MW,DE,DE_LU,forecast_load,Forecasted Load,2026-06-25T06:33:39Z
2026-06-25T06:32:03Z,2026-06-25T08:32:03+0200,cfe43b62-de54-4c74-8f9f-70948ee9d4b6,2026-06-11T22:45:00Z,2026-06-12T00:45:00+0200,46712.415025,MW,DE,DE_LU,forecast_load,Forecasted Load,2026-06-25T06:33:39Z
2026-06-25T06:32:03Z,2026-06-25T08:32:03+0200,cfe43b62-de54-4c74-8f9f-70948ee9d4b6,2026-06-11T23:00:00Z,2026-06-12T01:00:00+0200,46293.251675,MW,DE,DE_LU,forecast_load,Forecasted Load,2026-06-25T06:33:39Z
2026-06-25T06:32:03Z,2026-06-25T08:32:03+0200,cfe43b62-de54-4c74-8f9f-70948ee9d4b6,2026-06-11T23:15:00Z,2026-06-12T01:15:00+0200,45895.164936,MW,DE,DE_LU,forecast_load,Forecasted Load,2026-06-25T06:33:39Z
2026-06-25T06:32:03Z,2026-06-25T08:32:03+0200,cfe43b62-de54-4c74-8f9f-70948ee9d4b6,2026-06-11T23:30:00Z,2026-06-12T01:30:00+0200,45570.32707,MW,DE,DE_LU,forecast_load,Forecasted Load,2026-06-25T06:33:39Z
2026-06-25T06:32:03Z,2026-06-25T08:32:03+0200,cfe43b62-de54-4c74-8f9f-70948ee9d4b6,2026-06-11T23:45:00Z,2026-06-12T01:45:00+0200,45200.931936,MW,DE,DE_LU,forecast_load,Forecasted Load,2026-06-25T06:33:39Z
2026-06-25T06:32:03Z,2026-06-25T08:32:03+0200,cfe43b62-de54-4c74-8f9f-70948ee9d4b6,2026-06-12T00:00:00Z,2026-06-12T02:00:00+0200,44842.273862,MW,DE,DE_LU,forecast_load,Forecasted Load,2026-06-25T06:33:39Z
2026-06-25T06:32:03Z,2026-06-25T08:32:03+0200,cfe43b62-de54-4c74-8f9f-70948ee9d4b6,2026-06-12T00:15:00Z,2026-06-12T02:15:00+0200,44560.191973,MW,DE,DE_LU,forecast_load,Forecasted Load,2026-06-25T06:33:39Z
2026-06-25T06:32:03Z,2026-06-25T08:32:03+0200,cfe43b62-de54-4c74-8f9f-70948ee9d4b6,2026-06-12T00:30:00Z,2026-06-12T02:30:00+0200,44535.522203,MW,DE,DE_LU,forecast_load,Forecasted Load,2026-06-25T06:33:39Z
2026-06-25T06:32:03Z,2026-06-25T08:32:03+0200,cfe43b62-de54-4c74-8f9f-70948ee9d4b6,2026-06-12T00:45:00Z,2026-06-12T02:45:00+0200,44353.324774,MW,DE,DE_LU,forecast_load,Forecasted Load,2026-06-25T06:33:39Z
2026-06-25T06:32:03Z,2026-06-25T08:32:03+0200,cfe43b62-de54-4c74-8f9f-70948ee9d4b6,2026-06-12T01:00:00Z,2026-06-12T03:00:00+0200,44288.031017,MW,DE,DE_LU,forecast_load,Forecasted Load,2026-06-25T06:33:39Z
2026-06-25T06:32:03Z,2026-06-25T08:32:03+0200,cfe43b62-de54-4c74-8f9f-70948ee9d4b6,2026-06-12T01:15:00Z,2026-06-12T03:15:00+0200,44271.974497,MW,DE,DE_LU,forecast_load,Forecasted Load,2026-06-25T06:33:39Z
2026-06-25T06:32:03Z,2026-06-25T08:32:03+0200,cfe43b62-de54-4c74-8f9f-70948ee9d4b6,2026-06-12T01:30:00Z,2026-06-12T03:30:00+0200,44266.87205,MW,DE,DE_LU,forecast_load,Forecasted Load,2026-06-25T06:33:39Z
2026-06-25T06:32:03Z,2026-06-25T08:32:03+0200,cfe43b62-de54-4c74-8f9f-70948ee9d4b6,2026-06-12T01:45:00Z,2026-06-12T03:45:00+0200,44527.829645,MW,DE,DE_LU,forecast_load,Forecasted Load,2026-06-25T06:33:39Z
2026-06-25T06:32:03Z,2026-06-25T08:32:03+0200,cfe43b62-de54-4c74-8f9f-70948ee9d4b6,2026-06-12T02:00:00Z,2026-06-12T04:00:00+0200,44958.990952,MW,DE,DE_LU,forecast_load,Forecasted Load,2026-06-25T06:33:39Z
2026-06-25T06:32:03Z,2026-06-25T08:32:03+0200,cfe43b62-de54-4c74-8f9f-70948ee9d4b6,2026-06-12T02:15:00Z,2026-06-12T04:15:00+0200,45218.972615,MW,DE,DE_LU,forecast_load,Forecasted Load,2026-06-25T06:33:39Z
2026-06-25T06:32:03Z,2026-06-25T08:32:03+0200,cfe43b62-de54-4c74-8f9f-70948ee9d4b6,2026-06-12T02:30:00Z,2026-06-12T04:30:00+0200,45652.985351,MW,DE,DE_LU,forecast_load,Forecasted Load,2026-06-25T06:33:39Z
2026-06-25T06:32:03Z,2026-06-25T08:32:03+0200,cfe43b62-de54-4c74-8f9f-70948ee9d4b6,2026-06-12T02:45:00Z,2026-06-12T04:45:00+0200,46102.943017,MW,DE,DE_LU,forecast_load,Forecasted Load,2026-06-25T06:33:39Z
2026-06-25T06:32:03Z,2026-06-25T08:32:03+0200,cfe43b62-de54-4c74-8f9f-70948ee9d4b6,2026-06-12T03:00:00Z,2026-06-12T05:00:00+0200,47140.748044,MW,DE,DE_LU,forecast_load,Forecasted Load,2026-06-25T06:33:39Z
2026-06-25T06:32:03Z,2026-06-25T08:32:03+0200,cfe43b62-de54-4c74-8f9f-70948ee9d4b6,2026-06-12T03:15:00Z,2026-06-12T05:15:00+0200,47294.949254,MW,DE,DE_LU,forecast_load,Forecasted Load,2026-06-25T06:33:39Z
2026-06-25T06:32:03Z,2026-06-25T08:32:03+0200,cfe43b62-de54-4c74-8f9f-70948ee9d4b6,2026-06-12T03:30:00Z,2026-06-12T05:30:00+0200,48679.88643,MW,DE,DE_LU,forecast_load,Forecasted Load,2026-06-25T06:33:39Z
2026-06-25T06:32:03Z,2026-06-25T08:32:03+0200,cfe43b62-de54-4c74-8f9f-70948ee9d4b6,2026-06-12T03:45:00Z,2026-06-12T05:45:00+0200,50749.357706,MW,DE,DE_LU,forecast_load,Forecasted Load,2026-06-25T06:33:39Z
2026-06-25T06:32:03Z,2026-06-25T08:32:03+0200,cfe43b62-de54-4c74-8f9f-70948ee9d4b6,2026-06-12T04:00:00Z,2026-06-12T06:00:00+0200,53151.301379,MW,DE,DE_LU,forecast_load,Forecasted Load,2026-06-25T06:33:39Z
2026-06-25T06:32:03Z,2026-06-25T08:32:03+0200,cfe43b62-de54-4c74-8f9f-70948ee9d4b6,2026-06-12T04:15:00Z,2026-06-12T06:15:00+0200,52696.164743,MW,DE,DE_LU,forecast_load,Forecasted Load,2026-06-25T06:33:39Z
2026-06-25T06:32:03Z,2026-06-25T08:32:03+0200,cfe43b62-de54-4c74-8f9f-70948ee9d4b6,2026-06-12T04:30:00Z,2026-06-12T06:30:00+0200,54866.238757,MW,DE,DE_LU,forecast_load,Forecasted Load,2026-06-25T06:33:39Z
2026-06-25T06:32:03Z,2026-06-25T08:32:03+0200,cfe43b62-de54-4c74-8f9f-70948ee9d4b6,2026-06-12T04:45:00Z,2026-06-12T06:45:00+0200,55731.933194,MW,DE,DE_LU,forecast_load,Forecasted Load,2026-06-25T06:33:39Z
2026-06-25T06:32:03Z,2026-06-25T08:32:03+0200,cfe43b62-de54-4c74-8f9f-70948ee9d4b6,2026-06-12T05:00:00Z,2026-06-12T07:00:00+0200,57168.305846,MW,DE,DE_LU,forecast_load,Forecasted Load,2026-06-25T06:33:39Z
2026-06-25T06:32:03Z,2026-06-25T08:32:03+0200,cfe43b62-de54-4c74-8f9f-70948ee9d4b6,2026-06-12T05:15:00Z,2026-06-12T07:15:00+0200,58375.448675,MW,DE,DE_LU,forecast_load,Forecasted Load,2026-06-25T06:33:39Z
2026-06-25T06:32:03Z,2026-06-25T08:32:03+0200,cfe43b62-de54-4c74-8f9f-70948ee9d4b6,2026-06-12T05:30:00Z,2026-06-12T07:30:00+0200,59318.263187,MW,DE,DE_LU,forecast_load,Forecasted Load,2026-06-25T06:33:39Z
2026-06-25T06:32:03Z,2026-06-25T08:32:03+0200,cfe43b62-de54-4c74-8f9f-70948ee9d4b6,2026-06-12T05:45:00Z,2026-06-12T07:45:00+0200,60156.880678,MW,DE,DE_LU,forecast_load,Forecasted Load,2026-06-25T06:33:39Z
2026-06-25T06:32:03Z,2026-06-25T08:32:03+0200,cfe43b62-de54-4c74-8f9f-70948ee9d4b6,2026-06-12T06:00:00Z,2026-06-12T08:00:00+0200,60908.642989,MW,DE,DE_LU,forecast_load,Forecasted Load,2026-06-25T06:33:39Z
2026-06-25T06:32:03Z,2026-06-25T08:32:03+0200,cfe43b62-de54-4c74-8f9f-70948ee9d4b6,2026-06-12T06:15:00Z,2026-06-12T08:15:00+0200,61736.535469,MW,DE,DE_LU,forecast_load,Forecasted Load,2026-06-25T06:33:39Z
2026-06-25T06:32:03Z,2026-06-25T08:32:03+0200,cfe43b62-de54-4c74-8f9f-70948ee9d4b6,2026-06-12T06:30:00Z,2026-06-12T08:30:00+0200,62244.606037,MW,DE,DE_LU,forecast_load,Forecasted Load,2026-06-25T06:33:39Z
2026-06-25T06:32:03Z,2026-06-25T08:32:03+0200,cfe43b62-de54-4c74-8f9f-70948ee9d4b6,2026-06-12T06:45:00Z,2026-06-12T08:45:00+0200,62545.542452,MW,DE,DE_LU,forecast_load,Forecasted Load,2026-06-25T06:33:39Z
2026-06-25T06:32:03Z,2026-06-25T08:32:03+0200,cfe43b62-de54-4c74-8f9f-70948ee9d4b6,2026-06-12T07:00:00Z,2026-06-12T09:00:00+0200,62293.054787,MW,DE,DE_LU,forecast_load,Forecasted Load,2026-06-25T06:33:39Z
2026-06-25T06:32:03Z,2026-06-25T08:32:03+0200,cfe43b62-de54-4c74-8f9f-70948ee9d4b6,2026-06-12T07:15:00Z,2026-06-12T09:15:00+0200,62837.272007,MW,DE,DE_LU,forecast_load,Forecasted Load,2026-06-25T06:33:39Z
2026-06-25T06:32:03Z,2026-06-25T08:32:03+0200,cfe43b62-de54-4c74-8f9f-70948ee9d4b6,2026-06-12T07:30:00Z,2026-06-12T09:30:00+0200,62923.811925,MW,DE,DE_LU,forecast_load,Forecasted Load,2026-06-25T06:33:39Z
2026-06-25T06:32:03Z,2026-06-25T08:32:03+0200,cfe43b62-de54-4c74-8f9f-70948ee9d4b6,2026-06-12T07:45:00Z,2026-06-12T09:45:00+0200,63038.602683,MW,DE,DE_LU,forecast_load,Forecasted Load,2026-06-25T06:33:39Z
2026-06-25T06:32:03Z,2026-06-25T08:32:03+0200,cfe43b62-de54-4c74-8f9f-70948ee9d4b6,2026-06-12T08:00:00Z,2026-06-12T10:00:00+0200,62987.83563,MW,DE,DE_LU,forecast_load,Forecasted Load,2026-06-25T06:33:39Z
2026-06-25T06:32:03Z,2026-06-25T08:32:03+0200,cfe43b62-de54-4c74-8f9f-70948ee9d4b6,2026-06-12T08:15:00Z,2026-06-12T10:15:00+0200,63161.037026,MW,DE,DE_LU,forecast_load,Forecasted Load,2026-06-25T06:33:39Z
2026-06-25T06:32:03Z,2026-06-25T08:32:03+0200,cfe43b62-de54-4c74-8f9f-70948ee9d4b6,2026-06-12T08:30:00Z,2026-06-12T10:30:00+0200,63052.257369,MW,DE,DE_LU,forecast_load,Forecasted Load,2026-06-25T06:33:39Z
2026-06-25T06:32:03Z,2026-06-25T08:32:03+0200,cfe43b62-de54-4c74-8f9f-70948ee9d4b6,2026-06-12T08:45:00Z,2026-06-12T10:45:00+0200,63146.543315,MW,DE,DE_LU,forecast_load,Forecasted Load,2026-06-25T06:33:39Z
2026-06-25T06:32:03Z,2026-06-25T08:32:03+0200,cfe43b62-de54-4c74-8f9f-70948ee9d4b6,2026-06-12T09:00:00Z,2026-06-12T11:00:00+0200,62616.958287,MW,DE,DE_LU,forecast_load,Forecasted Load,2026-06-25T06:33:39Z
2026-06-25T06:32:03Z,2026-06-25T08:32:03+0200,cfe43b62-de54-4c74-8f9f-70948ee9d4b6,2026-06-12T09:15:00Z,2026-06-12T11:15:00+0200,62325.694189,MW,DE,DE_LU,forecast_load,Forecasted Load,2026-06-25T06:33:39Z
2026-06-25T06:32:03Z,2026-06-25T08:32:03+0200,cfe43b62-de54-4c74-8f9f-70948ee9d4b6,2026-06-12T09:30:00Z,2026-06-12T11:30:00+0200,62268.64964,MW,DE,DE_LU,forecast_load,Forecasted Load,2026-06-25T06:33:39Z
2026-06-25T06:32:03Z,2026-06-25T08:32:03+0200,cfe43b62-de54-4c74-8f9f-70948ee9d4b6,2026-06-12T09:45:00Z,2026-06-12T11:45:00+0200,62061.251707,MW,DE,DE_LU,forecast_load,Forecasted Load,2026-06-25T06:33:39Z
2026-06-25T06:32:03Z,2026-06-25T08:32:03+0200,cfe43b62-de54-4c74-8f9f-70948ee9d4b6,2026-06-12T10:00:00Z,2026-06-12T12:00:00+0200,61577.697513,MW,DE,DE_LU,forecast_load,Forecasted Load,2026-06-25T06:33:39Z
2026-06-25T06:32:03Z,2026-06-25T08:32:03+0200,cfe43b62-de54-4c74-8f9f-70948ee9d4b6,2026-06-12T10:15:00Z,2026-06-12T12:15:00+0200,61649.33561,MW,DE,DE_LU,forecast_load,Forecasted Load,2026-06-25T06:33:39Z
2026-06-25T06:32:03Z,2026-06-25T08:32:03+0200,cfe43b62-de54-4c74-8f9f-70948ee9d4b6,2026-06-12T10:30:00Z,2026-06-12T12:30:00+0200,61539.855133,MW,DE,DE_LU,forecast_load,Forecasted Load,2026-06-25T06:33:39Z
2026-06-25T06:32:03Z,2026-06-25T08:32:03+0200,cfe43b62-de54-4c74-8f9f-70948ee9d4b6,2026-06-12T10:45:00Z,2026-06-12T12:45:00+0200,61223.081202,MW,DE,DE_LU,forecast_load,Forecasted Load,2026-06-25T06:33:39Z
2026-06-25T06:32:03Z,2026-06-25T08:32:03+0200,cfe43b62-de54-4c74-8f9f-70948ee9d4b6,2026-06-12T11:00:00Z,2026-06-12T13:00:00+0200,60747.705309,MW,DE,DE_LU,forecast_load,Forecasted Load,2026-06-25T06:33:39Z
2026-06-25T06:32:03Z,2026-06-25T08:32:03+0200,cfe43b62-de54-4c74-8f9f-70948ee9d4b6,2026-06-12T11:15:00Z,2026-06-12T13:15:00+0200,60505.655011,MW,DE,DE_LU,forecast_load,Forecasted Load,2026-06-25T06:33:39Z
2026-06-25T06:32:03Z,2026-06-25T08:32:03+0200,cfe43b62-de54-4c74-8f9f-70948ee9d4b6,2026-06-12T11:30:00Z,2026-06-12T13:30:00+0200,60220.198332,MW,DE,DE_LU,forecast_load,Forecasted Load,2026-06-25T06:33:39Z
2026-06-25T06:32:03Z,2026-06-25T08:32:03+0200,cfe43b62-de54-4c74-8f9f-70948ee9d4b6,2026-06-12T11:45:00Z,2026-06-12T13:45:00+0200,59316.501712,MW,DE,DE_LU,forecast_load,Forecasted Load,2026-06-25T06:33:39Z
2026-06-25T06:32:03Z,2026-06-25T08:32:03+0200,cfe43b62-de54-4c74-8f9f-70948ee9d4b6,2026-06-12T12:00:00Z,2026-06-12T14:00:00+0200,59101.906549,MW,DE,DE_LU,forecast_load,Forecasted Load,2026-06-25T06:33:39Z
2026-06-25T06:32:03Z,2026-06-25T08:32:03+0200,cfe43b62-de54-4c74-8f9f-70948ee9d4b6,2026-06-12T12:15:00Z,2026-06-12T14:15:00+0200,58328.75813,MW,DE,DE_LU,forecast_load,Forecasted Load,2026-06-25T06:33:39Z
2026-06-25T06:32:03Z,2026-06-25T08:32:03+0200,cfe43b62-de54-4c74-8f9f-70948ee9d4b6,2026-06-12T12:30:00Z,2026-06-12T14:30:00+0200,57860.951855,MW,DE,DE_LU,forecast_load,Forecasted Load,2026-06-25T06:33:39Z
2026-06-25T06:32:03Z,2026-06-25T08:32:03+0200,cfe43b62-de54-4c74-8f9f-70948ee9d4b6,2026-06-12T12:45:00Z,2026-06-12T14:45:00+0200,57891.052279,MW,DE,DE_LU,forecast_load,Forecasted Load,2026-06-25T06:33:39Z
2026-06-25T06:32:03Z,2026-06-25T08:32:03+0200,cfe43b62-de54-4c74-8f9f-70948ee9d4b6,2026-06-12T13:00:00Z,2026-06-12T15:00:00+0200,57718.286889,MW,DE,DE_LU,forecast_load,Forecasted Load,2026-06-25T06:33:39Z
2026-06-25T06:32:03Z,2026-06-25T08:32:03+0200,cfe43b62-de54-4c74-8f9f-70948ee9d4b6,2026-06-12T13:15:00Z,2026-06-12T15:15:00+0200,57880.8338,MW,DE,DE_LU,forecast_load,Forecasted Load,2026-06-25T06:33:39Z
2026-06-25T06:32:03Z,2026-06-25T08:32:03+0200,cfe43b62-de54-4c74-8f9f-70948ee9d4b6,2026-06-12T13:30:00Z,2026-06-12T15:30:00+0200,57433.857625,MW,DE,DE_LU,forecast_load,Forecasted Load,2026-06-25T06:33:39Z
2026-06-25T06:32:03Z,2026-06-25T08:32:03+0200,cfe43b62-de54-4c74-8f9f-70948ee9d4b6,2026-06-12T13:45:00Z,2026-06-12T15:45:00+0200,57059.970106,MW,DE,DE_LU,forecast_load,Forecasted Load,2026-06-25T06:33:39Z
2026-06-25T06:32:03Z,2026-06-25T08:32:03+0200,cfe43b62-de54-4c74-8f9f-70948ee9d4b6,2026-06-12T14:00:00Z,2026-06-12T16:00:00+0200,57418.402956,MW,DE,DE_LU,forecast_load,Forecasted Load,2026-06-25T06:33:39Z
2026-06-25T06:32:03Z,2026-06-25T08:32:03+0200,cfe43b62-de54-4c74-8f9f-70948ee9d4b6,2026-06-12T14:15:00Z,2026-06-12T16:15:00+0200,56771.786229,MW,DE,DE_LU,forecast_load,Forecasted Load,2026-06-25T06:33:39Z
2026-06-25T06:32:03Z,2026-06-25T08:32:03+0200,cfe43b62-de54-4c74-8f9f-70948ee9d4b6,2026-06-12T14:30:00Z,2026-06-12T16:30:00+0200,56941.103325,MW,DE,DE_LU,forecast_load,Forecasted Load,2026-06-25T06:33:39Z
2026-06-25T06:32:03Z,2026-06-25T08:32:03+0200,cfe43b62-de54-4c74-8f9f-70948ee9d4b6,2026-06-12T14:45:00Z,2026-06-12T16:45:00+0200,56862.352381,MW,DE,DE_LU,forecast_load,Forecasted Load,2026-06-25T06:33:39Z
2026-06-25T06:32:03Z,2026-06-25T08:32:03+0200,cfe43b62-de54-4c74-8f9f-70948ee9d4b6,2026-06-12T15:00:00Z,2026-06-12T17:00:00+0200,57222.607272,MW,DE,DE_LU,forecast_load,Forecasted Load,2026-06-25T06:33:39Z
2026-06-25T06:32:03Z,2026-06-25T08:32:03+0200,cfe43b62-de54-4c74-8f9f-70948ee9d4b6,2026-06-12T15:15:00Z,2026-06-12T17:15:00+0200,57216.322441,MW,DE,DE_LU,forecast_load,Forecasted Load,2026-06-25T06:33:39Z
2026-06-25T06:32:03Z,2026-06-25T08:32:03+0200,cfe43b62-de54-4c74-8f9f-70948ee9d4b6,2026-06-12T15:30:00Z,2026-06-12T17:30:00+0200,57638.389269,MW,DE,DE_LU,forecast_load,Forecasted Load,2026-06-25T06:33:39Z
2026-06-25T06:32:03Z,2026-06-25T08:32:03+0200,cfe43b62-de54-4c74-8f9f-70948ee9d4b6,2026-06-12T15:45:00Z,2026-06-12T17:45:00+0200,57937.003817,MW,DE,DE_LU,forecast_load,Forecasted Load,2026-06-25T06:33:39Z
2026-06-25T06:32:03Z,2026-06-25T08:32:03+0200,cfe43b62-de54-4c74-8f9f-70948ee9d4b6,2026-06-12T16:00:00Z,2026-06-12T18:00:00+0200,58370.447644,MW,DE,DE_LU,forecast_load,Forecasted Load,2026-06-25T06:33:39Z
2026-06-25T06:32:03Z,2026-06-25T08:32:03+0200,cfe43b62-de54-4c74-8f9f-70948ee9d4b6,2026-06-12T16:15:00Z,2026-06-12T18:15:00+0200,58232.729463,MW,DE,DE_LU,forecast_load,Forecasted Load,2026-06-25T06:33:39Z
2026-06-25T06:32:03Z,2026-06-25T08:32:03+0200,cfe43b62-de54-4c74-8f9f-70948ee9d4b6,2026-06-12T16:30:00Z,2026-06-12T18:30:00+0200,58282.642925,MW,DE,DE_LU,forecast_load,Forecasted Load,2026-06-25T06:33:39Z
2026-06-25T06:32:03Z,2026-06-25T08:32:03+0200,cfe43b62-de54-4c74-8f9f-70948ee9d4b6,2026-06-12T16:45:00Z,2026-06-12T18:45:00+0200,57939.074387,MW,DE,DE_LU,forecast_load,Forecasted Load,2026-06-25T06:33:39Z
2026-06-25T06:32:03Z,2026-06-25T08:32:03+0200,cfe43b62-de54-4c74-8f9f-70948ee9d4b6,2026-06-12T17:00:00Z,2026-06-12T19:00:00+0200,58081.561827,MW,DE,DE_LU,forecast_load,Forecasted Load,2026-06-25T06:33:39Z
2026-06-25T06:32:03Z,2026-06-25T08:32:03+0200,cfe43b62-de54-4c74-8f9f-70948ee9d4b6,2026-06-12T17:15:00Z,2026-06-12T19:15:00+0200,58089.798734,MW,DE,DE_LU,forecast_load,Forecasted Load,2026-06-25T06:33:39Z
2026-06-25T06:32:03Z,2026-06-25T08:32:03+0200,cfe43b62-de54-4c74-8f9f-70948ee9d4b6,2026-06-12T17:30:00Z,2026-06-12T19:30:00+0200,57920.746546,MW,DE,DE_LU,forecast_load,Forecasted Load,2026-06-25T06:33:39Z
2026-06-25T06:32:03Z,2026-06-25T08:32:03+0200,cfe43b62-de54-4c74-8f9f-70948ee9d4b6,2026-06-12T17:45:00Z,2026-06-12T19:45:00+0200,57799.868745,MW,DE,DE_LU,forecast_load,Forecasted Load,2026-06-25T06:33:39Z
2026-06-25T06:32:03Z,2026-06-25T08:32:03+0200,cfe43b62-de54-4c74-8f9f-70948ee9d4b6,2026-06-12T18:00:00Z,2026-06-12T20:00:00+0200,57225.626223,MW,DE,DE_LU,forecast_load,Forecasted Load,2026-06-25T06:33:39Z
2026-06-25T06:32:03Z,2026-06-25T08:32:03+0200,cfe43b62-de54-4c74-8f9f-70948ee9d4b6,2026-06-12T18:15:00Z,2026-06-12T20:15:00+0200,56956.189624,MW,DE,DE_LU,forecast_load,Forecasted Load,2026-06-25T06:33:39Z
2026-06-25T06:32:03Z,2026-06-25T08:32:03+0200,cfe43b62-de54-4c74-8f9f-70948ee9d4b6,2026-06-12T18:30:00Z,2026-06-12T20:30:00+0200,56377.179504,MW,DE,DE_LU,forecast_load,Forecasted Load,2026-06-25T06:33:39Z
2026-06-25T06:32:03Z,2026-06-25T08:32:03+0200,cfe43b62-de54-4c74-8f9f-70948ee9d4b6,2026-06-12T18:45:00Z,2026-06-12T20:45:00+0200,55690.298846,MW,DE,DE_LU,forecast_load,Forecasted Load,2026-06-25T06:33:39Z
2026-06-25T06:32:03Z,2026-06-25T08:32:03+0200,cfe43b62-de54-4c74-8f9f-70948ee9d4b6,2026-06-12T19:00:00Z,2026-06-12T21:00:00+0200,55130.372332,MW,DE,DE_LU,forecast_load,Forecasted Load,2026-06-25T06:33:39Z
2026-06-25T06:32:03Z,2026-06-25T08:32:03+0200,cfe43b62-de54-4c74-8f9f-70948ee9d4b6,2026-06-12T19:15:00Z,2026-06-12T21:15:00+0200,54655.094901,MW,DE,DE_LU,forecast_load,Forecasted Load,2026-06-25T06:33:39Z
2026-06-25T06:32:03Z,2026-06-25T08:32:03+0200,cfe43b62-de54-4c74-8f9f-70948ee9d4b6,2026-06-12T19:30:00Z,2026-06-12T21:30:00+0200,53995.043557,MW,DE,DE_LU,forecast_load,Forecasted Load,2026-06-25T06:33:39Z
2026-06-25T06:32:03Z,2026-06-25T08:32:03+0200,cfe43b62-de54-4c74-8f9f-70948ee9d4b6,2026-06-12T19:45:00Z,2026-06-12T21:45:00+0200,53379.909244,MW,DE,DE_LU,forecast_load,Forecasted Load,2026-06-25T06:33:39Z
2026-06-25T06:32:03Z,2026-06-25T08:32:03+0200,cfe43b62-de54-4c74-8f9f-70948ee9d4b6,2026-06-12T20:00:00Z,2026-06-12T22:00:00+0200,52532.724357,MW,DE,DE_LU,forecast_load,Forecasted Load,2026-06-25T06:33:39Z
2026-06-25T06:32:03Z,2026-06-25T08:32:03+0200,cfe43b62-de54-4c74-8f9f-70948ee9d4b6,2026-06-12T20:15:00Z,2026-06-12T22:15:00+0200,51876.622217,MW,DE,DE_LU,forecast_load,Forecasted Load,2026-06-25T06:33:39Z
2026-06-25T06:32:03Z,2026-06-25T08:32:03+0200,cfe43b62-de54-4c74-8f9f-70948ee9d4b6,2026-06-12T20:30:00Z,2026-06-12T22:30:00+0200,51175.626236,MW,DE,DE_LU,forecast_load,Forecasted Load,2026-06-25T06:33:39Z
2026-06-25T06:32:03Z,2026-06-25T08:32:03+0200,cfe43b62-de54-4c74-8f9f-70948ee9d4b6,2026-06-12T20:45:00Z,2026-06-12T22:45:00+0200,50452.940712,MW,DE,DE_LU,forecast_load,Forecasted Load,2026-06-25T06:33:39Z
2026-06-25T06:32:03Z,2026-06-25T08:32:03+0200,cfe43b62-de54-4c74-8f9f-70948ee9d4b6,2026-06-12T21:00:00Z,2026-06-12T23:00:00+0200,49425.228093,MW,DE,DE_LU,forecast_load,Forecasted Load,2026-06-25T06:33:39Z
2026-06-25T06:32:03Z,2026-06-25T08:32:03+0200,cfe43b62-de54-4c74-8f9f-70948ee9d4b6,2026-06-12T21:15:00Z,2026-06-12T23:15:00+0200,48720.561416,MW,DE,DE_LU,forecast_load,Forecasted Load,2026-06-25T06:33:39Z
2026-06-25T06:32:03Z,2026-06-25T08:32:03+0200,cfe43b62-de54-4c74-8f9f-70948ee9d4b6,2026-06-12T21:30:00Z,2026-06-12T23:30:00+0200,48317.484352,MW,DE,DE_LU,forecast_load,Forecasted Load,2026-06-25T06:33:39Z
2026-06-25T06:32:03Z,2026-06-25T08:32:03+0200,cfe43b62-de54-4c74-8f9f-70948ee9d4b6,2026-06-12T21:45:00Z,2026-06-12T23:45:00+0200,47500.557686,MW,DE,DE_LU,forecast_load,Forecasted Load,2026-06-25T06:33:39Z
2026-06-25T06:32:03Z,2026-06-25T08:32:03+0200,cfe43b62-de54-4c74-8f9f-70948ee9d4b6,2026-06-12T22:00:00Z,2026-06-13T00:00:00+0200,45499.556283,MW,DE,DE_LU,forecast_load,Forecasted Load,2026-06-25T06:33:39Z
2026-06-25T06:32:03Z,2026-06-25T08:32:03+0200,cfe43b62-de54-4c74-8f9f-70948ee9d4b6,2026-06-12T22:15:00Z,2026-06-13T00:15:00+0200,44756.969399,MW,DE,DE_LU,forecast_load,Forecasted Load,2026-06-25T06:33:39Z
2026-06-25T06:32:03Z,2026-06-25T08:32:03+0200,cfe43b62-de54-4c74-8f9f-70948ee9d4b6,2026-06-12T22:30:00Z,2026-06-13T00:30:00+0200,44112.409211,MW,DE,DE_LU,forecast_load,Forecasted Load,2026-06-25T06:33:39Z
2026-06-25T06:32:03Z,2026-06-25T08:32:03+0200,cfe43b62-de54-4c74-8f9f-70948ee9d4b6,2026-06-12T22:45:00Z,2026-06-13T00:45:00+0200,43609.415137,MW,DE,DE_LU,forecast_load,Forecasted Load,2026-06-25T06:33:39Z
2026-06-25T06:32:03Z,2026-06-25T08:32:03+0200,cfe43b62-de54-4c74-8f9f-70948ee9d4b6,2026-06-12T23:00:00Z,2026-06-13T01:00:00+0200,43133.589253,MW,DE,DE_LU,forecast_load,Forecasted Load,2026-06-25T06:33:39Z
2026-06-25T06:32:03Z,2026-06-25T08:32:03+0200,cfe43b62-de54-4c74-8f9f-70948ee9d4b6,2026-06-12T23:15:00Z,2026-06-13T01:15:00+0200,42607.51173,MW,DE,DE_LU,forecast_load,Forecasted Load,2026-06-25T06:33:39Z
2026-06-25T06:32:03Z,2026-06-25T08:32:03+0200,cfe43b62-de54-4c74-8f9f-70948ee9d4b6,2026-06-12T23:30:00Z,2026-06-13T01:30:00+0200,42183.522042,MW,DE,DE_LU,forecast_load,Forecasted Load,2026-06-25T06:33:39Z
2026-06-25T06:32:03Z,2026-06-25T08:32:03+0200,cfe43b62-de54-4c74-8f9f-70948ee9d4b6,2026-06-12T23:45:00Z,2026-06-13T01:45:00+0200,41808.923179,MW,DE,DE_LU,forecast_load,Forecasted Load,2026-06-25T06:33:39Z
2026-06-25T06:32:03Z,2026-06-25T08:32:03+0200,cfe43b62-de54-4c74-8f9f-70948ee9d4b6,2026-06-13T00:00:00Z,2026-06-13T02:00:00+0200,41544.898055,MW,DE,DE_LU,forecast_load,Forecasted Load,2026-06-25T06:33:39Z
2026-06-25T06:32:03Z,2026-06-25T08:32:03+0200,cfe43b62-de54-4c74-8f9f-70948ee9d4b6,2026-06-13T00:15:00Z,2026-06-13T02:15:00+0200,41326.952974,MW,DE,DE_LU,forecast_load,Forecasted Load,2026-06-25T06:33:39Z
2026-06-25T06:32:03Z,2026-06-25T08:32:03+0200,cfe43b62-de54-4c74-8f9f-70948ee9d4b6,2026-06-13T00:30:00Z,2026-06-13T02:30:00+0200,41103.288488,MW,DE,DE_LU,forecast_load,Forecasted Load,2026-06-25T06:33:39Z
2026-06-25T06:32:03Z,2026-06-25T08:32:03+0200,cfe43b62-de54-4c74-8f9f-70948ee9d4b6,2026-06-13T00:45:00Z,2026-06-13T02:45:00+0200,40928.754774,MW,DE,DE_LU,forecast_load,Forecasted Load,2026-06-25T06:33:39Z
2026-06-25T06:32:03Z,2026-06-25T08:32:03+0200,cfe43b62-de54-4c74-8f9f-70948ee9d4b6,2026-06-13T01:00:00Z,2026-06-13T03:00:00+0200,40835.416017,MW,DE,DE_LU,forecast_load,Forecasted Load,2026-06-25T06:33:39Z
2026-06-25T06:32:03Z,2026-06-25T08:32:03+0200,cfe43b62-de54-4c74-8f9f-70948ee9d4b6,2026-06-13T01:15:00Z,2026-06-13T03:15:00+0200,40676.447776,MW,DE,DE_LU,forecast_load,Forecasted Load,2026-06-25T06:33:39Z
2026-06-25T06:32:03Z,2026-06-25T08:32:03+0200,cfe43b62-de54-4c74-8f9f-70948ee9d4b6,2026-06-13T01:30:00Z,2026-06-13T03:30:00+0200,40687.21482,MW,DE,DE_LU,forecast_load,Forecasted Load,2026-06-25T06:33:39Z
2026-06-25T06:32:03Z,2026-06-25T08:32:03+0200,cfe43b62-de54-4c74-8f9f-70948ee9d4b6,2026-06-13T01:45:00Z,2026-06-13T03:45:00+0200,40650.839357,MW,DE,DE_LU,forecast_load,Forecasted Load,2026-06-25T06:33:39Z
2026-06-25T06:32:03Z,2026-06-25T08:32:03+0200,cfe43b62-de54-4c74-8f9f-70948ee9d4b6,2026-06-13T02:00:00Z,2026-06-13T04:00:00+0200,40714.488304,MW,DE,DE_LU,forecast_load,Forecasted Load,2026-06-25T06:33:39Z
2026-06-25T06:32:03Z,2026-06-25T08:32:03+0200,cfe43b62-de54-4c74-8f9f-70948ee9d4b6,2026-06-13T02:15:00Z,2026-06-13T04:15:00+0200,40751.271678,MW,DE,DE_LU,forecast_load,Forecasted Load,2026-06-25T06:33:39Z
2026-06-25T06:32:03Z,2026-06-25T08:32:03+0200,cfe43b62-de54-4c74-8f9f-70948ee9d4b6,2026-06-13T02:30:00Z,2026-06-13T04:30:00+0200,40812.865238,MW,DE,DE_LU,forecast_load,Forecasted Load,2026-06-25T06:33:39Z
2026-06-25T06:32:03Z,2026-06-25T08:32:03+0200,cfe43b62-de54-4c74-8f9f-70948ee9d4b6,2026-06-13T02:45:00Z,2026-06-13T04:45:00+0200,40938.573084,MW,DE,DE_LU,forecast_load,Forecasted Load,2026-06-25T06:33:39Z
2026-06-25T06:32:03Z,2026-06-25T08:32:03+0200,cfe43b62-de54-4c74-8f9f-70948ee9d4b6,2026-06-13T03:00:00Z,2026-06-13T05:00:00+0200,41273.361625,MW,DE,DE_LU,forecast_load,Forecasted Load,2026-06-25T06:33:39Z
2026-06-25T06:32:03Z,2026-06-25T08:32:03+0200,cfe43b62-de54-4c74-8f9f-70948ee9d4b6,2026-06-13T03:15:00Z,2026-06-13T05:15:00+0200,40792.886884,MW,DE,DE_LU,forecast_load,Forecasted Load,2026-06-25T06:33:39Z
2026-06-25T06:32:03Z,2026-06-25T08:32:03+0200,cfe43b62-de54-4c74-8f9f-70948ee9d4b6,2026-06-13T03:30:00Z,2026-06-13T05:30:00+0200,41205.595667,MW,DE,DE_LU,forecast_load,Forecasted Load,2026-06-25T06:33:39Z
2026-06-25T06:32:03Z,2026-06-25T08:32:03+0200,cfe43b62-de54-4c74-8f9f-70948ee9d4b6,2026-06-13T03:45:00Z,2026-06-13T05:45:00+0200,42561.96083,MW,DE,DE_LU,forecast_load,Forecasted Load,2026-06-25T06:33:39Z
2026-06-25T06:32:03Z,2026-06-25T08:32:03+0200,cfe43b62-de54-4c74-8f9f-70948ee9d4b6,2026-06-13T04:00:00Z,2026-06-13T06:00:00+0200,43854.22217,MW,DE,DE_LU,forecast_load,Forecasted Load,2026-06-25T06:33:39Z
2026-06-25T06:32:03Z,2026-06-25T08:32:03+0200,cfe43b62-de54-4c74-8f9f-70948ee9d4b6,2026-06-13T04:15:00Z,2026-06-13T06:15:00+0200,42655.292562,MW,DE,DE_LU,forecast_load,Forecasted Load,2026-06-25T06:33:39Z
2026-06-25T06:32:03Z,2026-06-25T08:32:03+0200,cfe43b62-de54-4c74-8f9f-70948ee9d4b6,2026-06-13T04:30:00Z,2026-06-13T06:30:00+0200,43187.157542,MW,DE,DE_LU,forecast_load,Forecasted Load,2026-06-25T06:33:39Z
2026-06-25T06:32:03Z,2026-06-25T08:32:03+0200,cfe43b62-de54-4c74-8f9f-70948ee9d4b6,2026-06-13T04:45:00Z,2026-06-13T06:45:00+0200,43874.743179,MW,DE,DE_LU,forecast_load,Forecasted Load,2026-06-25T06:33:39Z
2026-06-25T06:32:03Z,2026-06-25T08:32:03+0200,cfe43b62-de54-4c74-8f9f-70948ee9d4b6,2026-06-13T05:00:00Z,2026-06-13T07:00:00+0200,44584.536028,MW,DE,DE_LU,forecast_load,Forecasted Load,2026-06-25T06:33:39Z
2026-06-25T06:32:03Z,2026-06-25T08:32:03+0200,cfe43b62-de54-4c74-8f9f-70948ee9d4b6,2026-06-13T05:15:00Z,2026-06-13T07:15:00+0200,45140.597757,MW,DE,DE_LU,forecast_load,Forecasted Load,2026-06-25T06:33:39Z
2026-06-25T06:32:03Z,2026-06-25T08:32:03+0200,cfe43b62-de54-4c74-8f9f-70948ee9d4b6,2026-06-13T05:30:00Z,2026-06-13T07:30:00+0200,46063.351523,MW,DE,DE_LU,forecast_load,Forecasted Load,2026-06-25T06:33:39Z
2026-06-25T06:32:03Z,2026-06-25T08:32:03+0200,cfe43b62-de54-4c74-8f9f-70948ee9d4b6,2026-06-13T05:45:00Z,2026-06-13T07:45:00+0200,46754.743333,MW,DE,DE_LU,forecast_load,Forecasted Load,2026-06-25T06:33:39Z
2026-06-25T06:32:03Z,2026-06-25T08:32:03+0200,cfe43b62-de54-4c74-8f9f-70948ee9d4b6,2026-06-13T06:00:00Z,2026-06-13T08:00:00+0200,47016.012161,MW,DE,DE_LU,forecast_load,Forecasted Load,2026-06-25T06:33:39Z
2026-06-25T06:32:03Z,2026-06-25T08:32:03+0200,cfe43b62-de54-4c74-8f9f-70948ee9d4b6,2026-06-13T06:15:00Z,2026-06-13T08:15:00+0200,47816.747437,MW,DE,DE_LU,forecast_load,Forecasted Load,2026-06-25T06:33:39Z
2026-06-25T06:32:03Z,2026-06-25T08:32:03+0200,cfe43b62-de54-4c74-8f9f-70948ee9d4b6,2026-06-13T06:30:00Z,2026-06-13T08:30:00+0200,48533.177182,MW,DE,DE_LU,forecast_load,Forecasted Load,2026-06-25T06:33:39Z
2026-06-25T06:32:03Z,2026-06-25T08:32:03+0200,cfe43b62-de54-4c74-8f9f-70948ee9d4b6,2026-06-13T06:45:00Z,2026-06-13T08:45:00+0200,49604.57008,MW,DE,DE_LU,forecast_load,Forecasted Load,2026-06-25T06:33:39Z
2026-06-25T06:32:03Z,2026-06-25T08:32:03+0200,cfe43b62-de54-4c74-8f9f-70948ee9d4b6,2026-06-13T07:00:00Z,2026-06-13T09:00:00+0200,49970.469451,MW,DE,DE_LU,forecast_load,Forecasted Load,2026-06-25T06:33:39Z
2026-06-25T06:32:03Z,2026-06-25T08:32:03+0200,cfe43b62-de54-4c74-8f9f-70948ee9d4b6,2026-06-13T07:15:00Z,2026-06-13T09:15:00+0200,50493.459578,MW,DE,DE_LU,forecast_load,Forecasted Load,2026-06-25T06:33:39Z
2026-06-25T06:32:03Z,2026-06-25T08:32:03+0200,cfe43b62-de54-4c74-8f9f-70948ee9d4b6,2026-06-13T07:30:00Z,2026-06-13T09:30:00+0200,51009.447994,MW,DE,DE_LU,forecast_load,Forecasted Load,2026-06-25T06:33:39Z
2026-06-25T06:32:03Z,2026-06-25T08:32:03+0200,cfe43b62-de54-4c74-8f9f-70948ee9d4b6,2026-06-13T07:45:00Z,2026-06-13T09:45:00+0200,51407.601131,MW,DE,DE_LU,forecast_load,Forecasted Load,2026-06-25T06:33:39Z
2026-06-25T06:32:03Z,2026-06-25T08:32:03+0200,cfe43b62-de54-4c74-8f9f-70948ee9d4b6,2026-06-13T08:00:00Z,2026-06-13T10:00:00+0200,51474.112264,MW,DE,DE_LU,forecast_load,Forecasted Load,2026-06-25T06:33:39Z
2026-06-25T06:32:03Z,2026-06-25T08:32:03+0200,cfe43b62-de54-4c74-8f9f-70948ee9d4b6,2026-06-13T08:15:00Z,2026-06-13T10:15:00+0200,51840.893092,MW,DE,DE_LU,forecast_load,Forecasted Load,2026-06-25T06:33:39Z
2026-06-25T06:32:03Z,2026-06-25T08:32:03+0200,cfe43b62-de54-4c74-8f9f-70948ee9d4b6,2026-06-13T08:30:00Z,2026-06-13T10:30:00+0200,51811.658464,MW,DE,DE_LU,forecast_load,Forecasted Load,2026-06-25T06:33:39Z
2026-06-25T06:32:03Z,2026-06-25T08:32:03+0200,cfe43b62-de54-4c74-8f9f-70948ee9d4b6,2026-06-13T08:45:00Z,2026-06-13T10:45:00+0200,52018.884784,MW,DE,DE_LU,forecast_load,Forecasted Load,2026-06-25T06:33:39Z
2026-06-25T06:32:03Z,2026-06-25T08:32:03+0200,cfe43b62-de54-4c74-8f9f-70948ee9d4b6,2026-06-13T09:00:00Z,2026-06-13T11:00:00+0200,51823.703736,MW,DE,DE_LU,forecast_load,Forecasted Load,2026-06-25T06:33:39Z
2026-06-25T06:32:03Z,2026-06-25T08:32:03+0200,cfe43b62-de54-4c74-8f9f-70948ee9d4b6,2026-06-13T09:15:00Z,2026-06-13T11:15:00+0200,51683.188718,MW,DE,DE_LU,forecast_load,Forecasted Load,2026-06-25T06:33:39Z
2026-06-25T06:32:03Z,2026-06-25T08:32:03+0200,cfe43b62-de54-4c74-8f9f-70948ee9d4b6,2026-06-13T09:30:00Z,2026-06-13T11:30:00+0200,51867.520067,MW,DE,DE_LU,forecast_load,Forecasted Load,2026-06-25T06:33:39Z
2026-06-25T06:32:03Z,2026-06-25T08:32:03+0200,cfe43b62-de54-4c74-8f9f-70948ee9d4b6,2026-06-13T09:45:00Z,2026-06-13T11:45:00+0200,51752.055008,MW,DE,DE_LU,forecast_load,Forecasted Load,2026-06-25T06:33:39Z
2026-06-25T06:32:03Z,2026-06-25T08:32:03+0200,cfe43b62-de54-4c74-8f9f-70948ee9d4b6,2026-06-13T10:00:00Z,2026-06-13T12:00:00+0200,51774.139174,MW,DE,DE_LU,forecast_load,Forecasted Load,2026-06-25T06:33:39Z
2026-06-25T06:32:03Z,2026-06-25T08:32:03+0200,cfe43b62-de54-4c74-8f9f-70948ee9d4b6,2026-06-13T10:15:00Z,2026-06-13T12:15:00+0200,51782.604569,MW,DE,DE_LU,forecast_load,Forecasted Load,2026-06-25T06:33:39Z
2026-06-25T06:32:03Z,2026-06-25T08:32:03+0200,cfe43b62-de54-4c74-8f9f-70948ee9d4b6,2026-06-13T10:30:00Z,2026-06-13T12:30:00+0200,51458.525376,MW,DE,DE_LU,forecast_load,Forecasted Load,2026-06-25T06:33:39Z
2026-06-25T06:32:03Z,2026-06-25T08:32:03+0200,cfe43b62-de54-4c74-8f9f-70948ee9d4b6,2026-06-13T10:45:00Z,2026-06-13T12:45:00+0200,51300.687721,MW,DE,DE_LU,forecast_load,Forecasted Load,2026-06-25T06:33:39Z
2026-06-25T06:32:03Z,2026-06-25T08:32:03+0200,cfe43b62-de54-4c74-8f9f-70948ee9d4b6,2026-06-13T11:00:00Z,2026-06-13T13:00:00+0200,50929.852873,MW,DE,DE_LU,forecast_load,Forecasted Load,2026-06-25T06:33:39Z
2026-06-25T06:32:03Z,2026-06-25T08:32:03+0200,cfe43b62-de54-4c74-8f9f-70948ee9d4b6,2026-06-13T11:15:00Z,2026-06-13T13:15:00+0200,50702.302949,MW,DE,DE_LU,forecast_load,Forecasted Load,2026-06-25T06:33:39Z
2026-06-25T06:32:03Z,2026-06-25T08:32:03+0200,cfe43b62-de54-4c74-8f9f-70948ee9d4b6,2026-06-13T11:30:00Z,2026-06-13T13:30:00+0200,50495.196723,MW,DE,DE_LU,forecast_load,Forecasted Load,2026-06-25T06:33:39Z
2026-06-25T06:32:03Z,2026-06-25T08:32:03+0200,cfe43b62-de54-4c74-8f9f-70948ee9d4b6,2026-06-13T11:45:00Z,2026-06-13T13:45:00+0200,50121.446332,MW,DE,DE_LU,forecast_load,Forecasted Load,2026-06-25T06:33:39Z
2026-06-25T06:32:03Z,2026-06-25T08:32:03+0200,cfe43b62-de54-4c74-8f9f-70948ee9d4b6,2026-06-13T12:00:00Z,2026-06-13T14:00:00+0200,49802.430433,MW,DE,DE_LU,forecast_load,Forecasted Load,2026-06-25T06:33:39Z
2026-06-25T06:32:03Z,2026-06-25T08:32:03+0200,cfe43b62-de54-4c74-8f9f-70948ee9d4b6,2026-06-13T12:15:00Z,2026-06-13T14:15:00+0200,49188.317001,MW,DE,DE_LU,forecast_load,Forecasted Load,2026-06-25T06:33:39Z
2026-06-25T06:32:03Z,2026-06-25T08:32:03+0200,cfe43b62-de54-4c74-8f9f-70948ee9d4b6,2026-06-13T12:30:00Z,2026-06-13T14:30:00+0200,48861.58039,MW,DE,DE_LU,forecast_load,Forecasted Load,2026-06-25T06:33:39Z
2026-06-25T06:32:03Z,2026-06-25T08:32:03+0200,cfe43b62-de54-4c74-8f9f-70948ee9d4b6,2026-06-13T12:45:00Z,2026-06-13T14:45:00+0200,48441.277141,MW,DE,DE_LU,forecast_load,Forecasted Load,2026-06-25T06:33:39Z
2026-06-25T06:32:03Z,2026-06-25T08:32:03+0200,cfe43b62-de54-4c74-8f9f-70948ee9d4b6,2026-06-13T13:00:00Z,2026-06-13T15:00:00+0200,48413.762701,MW,DE,DE_LU,forecast_load,Forecasted Load,2026-06-25T06:33:39Z
2026-06-25T06:32:03Z,2026-06-25T08:32:03+0200,cfe43b62-de54-4c74-8f9f-70948ee9d4b6,2026-06-13T13:15:00Z,2026-06-13T15:15:00+0200,48163.661934,MW,DE,DE_LU,forecast_load,Forecasted Load,2026-06-25T06:33:39Z
2026-06-25T06:32:03Z,2026-06-25T08:32:03+0200,cfe43b62-de54-4c74-8f9f-70948ee9d4b6,2026-06-13T13:30:00Z,2026-06-13T15:30:00+0200,48021.937423,MW,DE,DE_LU,forecast_load,Forecasted Load,2026-06-25T06:33:39Z
2026-06-25T06:32:03Z,2026-06-25T08:32:03+0200,cfe43b62-de54-4c74-8f9f-70948ee9d4b6,2026-06-13T13:45:00Z,2026-06-13T15:45:00+0200,47811.090807,MW,DE,DE_LU,forecast_load,Forecasted Load,2026-06-25T06:33:39Z
2026-06-25T06:32:03Z,2026-06-25T08:32:03+0200,cfe43b62-de54-4c74-8f9f-70948ee9d4b6,2026-06-13T14:00:00Z,2026-06-13T16:00:00+0200,48447.603811,MW,DE,DE_LU,forecast_load,Forecasted Load,2026-06-25T06:33:39Z
2026-06-25T06:32:03Z,2026-06-25T08:32:03+0200,cfe43b62-de54-4c74-8f9f-70948ee9d4b6,2026-06-13T14:15:00Z,2026-06-13T16:15:00+0200,48422.034532,MW,DE,DE_LU,forecast_load,Forecasted Load,2026-06-25T06:33:39Z
2026-06-25T06:32:03Z,2026-06-25T08:32:03+0200,cfe43b62-de54-4c74-8f9f-70948ee9d4b6,2026-06-13T14:30:00Z,2026-06-13T16:30:00+0200,48771.212557,MW,DE,DE_LU,forecast_load,Forecasted Load,2026-06-25T06:33:39Z
2026-06-25T06:32:03Z,2026-06-25T08:32:03+0200,cfe43b62-de54-4c74-8f9f-70948ee9d4b6,2026-06-13T14:45:00Z,2026-06-13T16:45:00+0200,48428.901292,MW,DE,DE_LU,forecast_load,Forecasted Load,2026-06-25T06:33:39Z
2026-06-25T06:32:03Z,2026-06-25T08:32:03+0200,cfe43b62-de54-4c74-8f9f-70948ee9d4b6,2026-06-13T15:00:00Z,2026-06-13T17:00:00+0200,48985.00308,MW,DE,DE_LU,forecast_load,Forecasted Load,2026-06-25T06:33:39Z
2026-06-25T06:32:03Z,2026-06-25T08:32:03+0200,cfe43b62-de54-4c74-8f9f-70948ee9d4b6,2026-06-13T15:15:00Z,2026-06-13T17:15:00+0200,48810.350855,MW,DE,DE_LU,forecast_load,Forecasted Load,2026-06-25T06:33:39Z
2026-06-25T06:32:03Z,2026-06-25T08:32:03+0200,cfe43b62-de54-4c74-8f9f-70948ee9d4b6,2026-06-13T15:30:00Z,2026-06-13T17:30:00+0200,48838.100889,MW,DE,DE_LU,forecast_load,Forecasted Load,2026-06-25T06:33:39Z
2026-06-25T06:32:03Z,2026-06-25T08:32:03+0200,cfe43b62-de54-4c74-8f9f-70948ee9d4b6,2026-06-13T15:45:00Z,2026-06-13T17:45:00+0200,49221.243743,MW,DE,DE_LU,forecast_load,Forecasted Load,2026-06-25T06:33:39Z
2026-06-25T06:32:03Z,2026-06-25T08:32:03+0200,cfe43b62-de54-4c74-8f9f-70948ee9d4b6,2026-06-13T16:00:00Z,2026-06-13T18:00:00+0200,49754.344237,MW,DE,DE_LU,forecast_load,Forecasted Load,2026-06-25T06:33:39Z
2026-06-25T06:32:03Z,2026-06-25T08:32:03+0200,cfe43b62-de54-4c74-8f9f-70948ee9d4b6,2026-06-13T16:15:00Z,2026-06-13T18:15:00+0200,49653.373511,MW,DE,DE_LU,forecast_load,Forecasted Load,2026-06-25T06:33:39Z
2026-06-25T06:32:03Z,2026-06-25T08:32:03+0200,cfe43b62-de54-4c74-8f9f-70948ee9d4b6,2026-06-13T16:30:00Z,2026-06-13T18:30:00+0200,49480.342341,MW,DE,DE_LU,forecast_load,Forecasted Load,2026-06-25T06:33:39Z
2026-06-25T06:32:03Z,2026-06-25T08:32:03+0200,cfe43b62-de54-4c74-8f9f-70948ee9d4b6,2026-06-13T16:45:00Z,2026-06-13T18:45:00+0200,49807.564279,MW,DE,DE_LU,forecast_load,Forecasted Load,2026-06-25T06:33:39Z
2026-06-25T06:32:03Z,2026-06-25T08:32:03+0200,cfe43b62-de54-4c74-8f9f-70948ee9d4b6,2026-06-13T17:00:00Z,2026-06-13T19:00:00+0200,50161.60071,MW,DE,DE_LU,forecast_load,Forecasted Load,2026-06-25T06:33:39Z
2026-06-25T06:32:03Z,2026-06-25T08:32:03+0200,cfe43b62-de54-4c74-8f9f-70948ee9d4b6,2026-06-13T17:15:00Z,2026-06-13T19:15:00+0200,49969.209384,MW,DE,DE_LU,forecast_load,Forecasted Load,2026-06-25T06:33:39Z
2026-06-25T06:32:03Z,2026-06-25T08:32:03+0200,cfe43b62-de54-4c74-8f9f-70948ee9d4b6,2026-06-13T17:30:00Z,2026-06-13T19:30:00+0200,49794.576592,MW,DE,DE_LU,forecast_load,Forecasted Load,2026-06-25T06:33:39Z
2026-06-25T06:32:03Z,2026-06-25T08:32:03+0200,cfe43b62-de54-4c74-8f9f-70948ee9d4b6,2026-06-13T17:45:00Z,2026-06-13T19:45:00+0200,49637.612596,MW,DE,DE_LU,forecast_load,Forecasted Load,2026-06-25T06:33:39Z
2026-06-25T06:32:03Z,2026-06-25T08:32:03+0200,cfe43b62-de54-4c74-8f9f-70948ee9d4b6,2026-06-13T18:00:00Z,2026-06-13T20:00:00+0200,49576.505015,MW,DE,DE_LU,forecast_load,Forecasted Load,2026-06-25T06:33:39Z
2026-06-25T06:32:03Z,2026-06-25T08:32:03+0200,cfe43b62-de54-4c74-8f9f-70948ee9d4b6,2026-06-13T18:15:00Z,2026-06-13T20:15:00+0200,49259.987673,MW,DE,DE_LU,forecast_load,Forecasted Load,2026-06-25T06:33:39Z
2026-06-25T06:32:03Z,2026-06-25T08:32:03+0200,cfe43b62-de54-4c74-8f9f-70948ee9d4b6,2026-06-13T18:30:00Z,2026-06-13T20:30:00+0200,48869.92202,MW,DE,DE_LU,forecast_load,Forecasted Load,2026-06-25T06:33:39Z
2026-06-25T06:32:03Z,2026-06-25T08:32:03+0200,cfe43b62-de54-4c74-8f9f-70948ee9d4b6,2026-06-13T18:45:00Z,2026-06-13T20:45:00+0200,48472.681918,MW,DE,DE_LU,forecast_load,Forecasted Load,2026-06-25T06:33:39Z
2026-06-25T06:32:03Z,2026-06-25T08:32:03+0200,cfe43b62-de54-4c74-8f9f-70948ee9d4b6,2026-06-13T19:00:00Z,2026-06-13T21:00:00+0200,48023.271317,MW,DE,DE_LU,forecast_load,Forecasted Load,2026-06-25T06:33:39Z
2026-06-25T06:32:03Z,2026-06-25T08:32:03+0200,cfe43b62-de54-4c74-8f9f-70948ee9d4b6,2026-06-13T19:15:00Z,2026-06-13T21:15:00+0200,47762.055003,MW,DE,DE_LU,forecast_load,Forecasted Load,2026-06-25T06:33:39Z
2026-06-25T06:32:03Z,2026-06-25T08:32:03+0200,cfe43b62-de54-4c74-8f9f-70948ee9d4b6,2026-06-13T19:30:00Z,2026-06-13T21:30:00+0200,47352.163268,MW,DE,DE_LU,forecast_load,Forecasted Load,2026-06-25T06:33:39Z
2026-06-25T06:32:03Z,2026-06-25T08:32:03+0200,cfe43b62-de54-4c74-8f9f-70948ee9d4b6,2026-06-13T19:45:00Z,2026-06-13T21:45:00+0200,47014.888715,MW,DE,DE_LU,forecast_load,Forecasted Load,2026-06-25T06:33:39Z
2026-06-25T06:32:03Z,2026-06-25T08:32:03+0200,cfe43b62-de54-4c74-8f9f-70948ee9d4b6,2026-06-13T20:00:00Z,2026-06-13T22:00:00+0200,46440.772298,MW,DE,DE_LU,forecast_load,Forecasted Load,2026-06-25T06:33:39Z
2026-06-25T06:32:03Z,2026-06-25T08:32:03+0200,cfe43b62-de54-4c74-8f9f-70948ee9d4b6,2026-06-13T20:15:00Z,2026-06-13T22:15:00+0200,45887.85615,MW,DE,DE_LU,forecast_load,Forecasted Load,2026-06-25T06:33:39Z
2026-06-25T06:32:03Z,2026-06-25T08:32:03+0200,cfe43b62-de54-4c74-8f9f-70948ee9d4b6,2026-06-13T20:30:00Z,2026-06-13T22:30:00+0200,45301.821333,MW,DE,DE_LU,forecast_load,Forecasted Load,2026-06-25T06:33:39Z
2026-06-25T06:32:03Z,2026-06-25T08:32:03+0200,cfe43b62-de54-4c74-8f9f-70948ee9d4b6,2026-06-13T20:45:00Z,2026-06-13T22:45:00+0200,44767.914033,MW,DE,DE_LU,forecast_load,Forecasted Load,2026-06-25T06:33:39Z
2026-06-25T06:32:03Z,2026-06-25T08:32:03+0200,cfe43b62-de54-4c74-8f9f-70948ee9d4b6,2026-06-13T21:00:00Z,2026-06-13T23:00:00+0200,44083.483742,MW,DE,DE_LU,forecast_load,Forecasted Load,2026-06-25T06:33:39Z
2026-06-25T06:32:03Z,2026-06-25T08:32:03+0200,cfe43b62-de54-4c74-8f9f-70948ee9d4b6,2026-06-13T21:15:00Z,2026-06-13T23:15:00+0200,43433.387281,MW,DE,DE_LU,forecast_load,Forecasted Load,2026-06-25T06:33:39Z
2026-06-25T06:32:03Z,2026-06-25T08:32:03+0200,cfe43b62-de54-4c74-8f9f-70948ee9d4b6,2026-06-13T21:30:00Z,2026-06-13T23:30:00+0200,43007.182023,MW,DE,DE_LU,forecast_load,Forecasted Load,2026-06-25T06:33:39Z
2026-06-25T06:32:03Z,2026-06-25T08:32:03+0200,cfe43b62-de54-4c74-8f9f-70948ee9d4b6,2026-06-13T21:45:00Z,2026-06-13T23:45:00+0200,42449.350944,MW,DE,DE_LU,forecast_load,Forecasted Load,2026-06-25T06:33:39Z
2026-06-25T06:32:03Z,2026-06-25T08:32:03+0200,cfe43b62-de54-4c74-8f9f-70948ee9d4b6,2026-06-13T22:00:00Z,2026-06-14T00:00:00+0200,42569.275798,MW,DE,DE_LU,forecast_load,Forecasted Load,2026-06-25T06:33:39Z
2026-06-25T06:32:03Z,2026-06-25T08:32:03+0200,cfe43b62-de54-4c74-8f9f-70948ee9d4b6,2026-06-13T22:15:00Z,2026-06-14T00:15:00+0200,41922.71887,MW,DE,DE_LU,forecast_load,Forecasted Load,2026-06-25T06:33:39Z
2026-06-25T06:32:03Z,2026-06-25T08:32:03+0200,cfe43b62-de54-4c74-8f9f-70948ee9d4b6,2026-06-13T22:30:00Z,2026-06-14T00:30:00+0200,41423.558917,MW,DE,DE_LU,forecast_load,Forecasted Load,2026-06-25T06:33:39Z
2026-06-25T06:32:03Z,2026-06-25T08:32:03+0200,cfe43b62-de54-4c74-8f9f-70948ee9d4b6,2026-06-13T22:45:00Z,2026-06-14T00:45:00+0200,40968.185596,MW,DE,DE_LU,forecast_load,Forecasted Load,2026-06-25T06:33:39Z
2026-06-25T06:32:03Z,2026-06-25T08:32:03+0200,cfe43b62-de54-4c74-8f9f-70948ee9d4b6,2026-06-13T23:00:00Z,2026-06-14T01:00:00+0200,40497.703021,MW,DE,DE_LU,forecast_load,Forecasted Load,2026-06-25T06:33:39Z
2026-06-25T06:32:03Z,2026-06-25T08:32:03+0200,cfe43b62-de54-4c74-8f9f-70948ee9d4b6,2026-06-13T23:15:00Z,2026-06-14T01:15:00+0200,40111.558234,MW,DE,DE_LU,forecast_load,Forecasted Load,2026-06-25T06:33:39Z
2026-06-25T06:32:03Z,2026-06-25T08:32:03+0200,cfe43b62-de54-4c74-8f9f-70948ee9d4b6,2026-06-13T23:30:00Z,2026-06-14T01:30:00+0200,39816.268736,MW,DE,DE_LU,forecast_load,Forecasted Load,2026-06-25T06:33:39Z
2026-06-25T06:32:03Z,2026-06-25T08:32:03+0200,cfe43b62-de54-4c74-8f9f-70948ee9d4b6,2026-06-13T23:45:00Z,2026-06-14T01:45:00+0200,39577.313919,MW,DE,DE_LU,forecast_load,Forecasted Load,2026-06-25T06:33:39Z
2026-06-25T06:32:03Z,2026-06-25T08:32:03+0200,cfe43b62-de54-4c74-8f9f-70948ee9d4b6,2026-06-14T00:00:00Z,2026-06-14T02:00:00+0200,39362.796953,MW,DE,DE_LU,forecast_load,Forecasted Load,2026-06-25T06:33:39Z
2026-06-25T06:32:03Z,2026-06-25T08:32:03+0200,cfe43b62-de54-4c74-8f9f-70948ee9d4b6,2026-06-14T00:15:00Z,2026-06-14T02:15:00+0200,38994.293472,MW,DE,DE_LU,forecast_load,Forecasted Load,2026-06-25T06:33:39Z
2026-06-25T06:32:03Z,2026-06-25T08:32:03+0200,cfe43b62-de54-4c74-8f9f-70948ee9d4b6,2026-06-14T00:30:00Z,2026-06-14T02:30:00+0200,38907.024509,MW,DE,DE_LU,forecast_load,Forecasted Load,2026-06-25T06:33:39Z
2026-06-25T06:32:03Z,2026-06-25T08:32:03+0200,cfe43b62-de54-4c74-8f9f-70948ee9d4b6,2026-06-14T00:45:00Z,2026-06-14T02:45:00+0200,38796.716794,MW,DE,DE_LU,forecast_load,Forecasted Load,2026-06-25T06:33:39Z
2026-06-25T06:32:03Z,2026-06-25T08:32:03+0200,cfe43b62-de54-4c74-8f9f-70948ee9d4b6,2026-06-14T01:00:00Z,2026-06-14T03:00:00+0200,38805.165788,MW,DE,DE_LU,forecast_load,Forecasted Load,2026-06-25T06:33:39Z
2026-06-25T06:32:03Z,2026-06-25T08:32:03+0200,cfe43b62-de54-4c74-8f9f-70948ee9d4b6,2026-06-14T01:15:00Z,2026-06-14T03:15:00+0200,38604.941244,MW,DE,DE_LU,forecast_load,Forecasted Load,2026-06-25T06:33:39Z
2026-06-25T06:32:03Z,2026-06-25T08:32:03+0200,cfe43b62-de54-4c74-8f9f-70948ee9d4b6,2026-06-14T01:30:00Z,2026-06-14T03:30:00+0200,38526.684085,MW,DE,DE_LU,forecast_load,Forecasted Load,2026-06-25T06:33:39Z
2026-06-25T06:32:03Z,2026-06-25T08:32:03+0200,cfe43b62-de54-4c74-8f9f-70948ee9d4b6,2026-06-14T01:45:00Z,2026-06-14T03:45:00+0200,38559.506421,MW,DE,DE_LU,forecast_load,Forecasted Load,2026-06-25T06:33:39Z
2026-06-25T06:32:03Z,2026-06-25T08:32:03+0200,cfe43b62-de54-4c74-8f9f-70948ee9d4b6,2026-06-14T02:00:00Z,2026-06-14T04:00:00+0200,38590.996644,MW,DE,DE_LU,forecast_load,Forecasted Load,2026-06-25T06:33:39Z
2026-06-25T06:32:03Z,2026-06-25T08:32:03+0200,cfe43b62-de54-4c74-8f9f-70948ee9d4b6,2026-06-14T02:15:00Z,2026-06-14T04:15:00+0200,38630.683129,MW,DE,DE_LU,forecast_load,Forecasted Load,2026-06-25T06:33:39Z
2026-06-25T06:32:03Z,2026-06-25T08:32:03+0200,cfe43b62-de54-4c74-8f9f-70948ee9d4b6,2026-06-14T02:30:00Z,2026-06-14T04:30:00+0200,38634.403966,MW,DE,DE_LU,forecast_load,Forecasted Load,2026-06-25T06:33:39Z
2026-06-25T06:32:03Z,2026-06-25T08:32:03+0200,cfe43b62-de54-4c74-8f9f-70948ee9d4b6,2026-06-14T02:45:00Z,2026-06-14T04:45:00+0200,38749.004107,MW,DE,DE_LU,forecast_load,Forecasted Load,2026-06-25T06:33:39Z
2026-06-25T06:32:03Z,2026-06-25T08:32:03+0200,cfe43b62-de54-4c74-8f9f-70948ee9d4b6,2026-06-14T03:00:00Z,2026-06-14T05:00:00+0200,39108.61515,MW,DE,DE_LU,forecast_load,Forecasted Load,2026-06-25T06:33:39Z
2026-06-25T06:32:03Z,2026-06-25T08:32:03+0200,cfe43b62-de54-4c74-8f9f-70948ee9d4b6,2026-06-14T03:15:00Z,2026-06-14T05:15:00+0200,39166.457396,MW,DE,DE_LU,forecast_load,Forecasted Load,2026-06-25T06:33:39Z
2026-06-25T06:32:03Z,2026-06-25T08:32:03+0200,cfe43b62-de54-4c74-8f9f-70948ee9d4b6,2026-06-14T03:30:00Z,2026-06-14T05:30:00+0200,39848.088859,MW,DE,DE_LU,forecast_load,Forecasted Load,2026-06-25T06:33:39Z
2026-06-25T06:32:03Z,2026-06-25T08:32:03+0200,cfe43b62-de54-4c74-8f9f-70948ee9d4b6,2026-06-14T03:45:00Z,2026-06-14T05:45:00+0200,40970.525397,MW,DE,DE_LU,forecast_load,Forecasted Load,2026-06-25T06:33:39Z
2026-06-25T06:32:03Z,2026-06-25T08:32:03+0200,cfe43b62-de54-4c74-8f9f-70948ee9d4b6,2026-06-14T04:00:00Z,2026-06-14T06:00:00+0200,41283.965545,MW,DE,DE_LU,forecast_load,Forecasted Load,2026-06-25T06:33:39Z
2026-06-25T06:32:03Z,2026-06-25T08:32:03+0200,cfe43b62-de54-4c74-8f9f-70948ee9d4b6,2026-06-14T04:15:00Z,2026-06-14T06:15:00+0200,40935.25232,MW,DE,DE_LU,forecast_load,Forecasted Load,2026-06-25T06:33:39Z
2026-06-25T06:32:03Z,2026-06-25T08:32:03+0200,cfe43b62-de54-4c74-8f9f-70948ee9d4b6,2026-06-14T04:30:00Z,2026-06-14T06:30:00+0200,41168.931811,MW,DE,DE_LU,forecast_load,Forecasted Load,2026-06-25T06:33:39Z
2026-06-25T06:32:03Z,2026-06-25T08:32:03+0200,cfe43b62-de54-4c74-8f9f-70948ee9d4b6,2026-06-14T04:45:00Z,2026-06-14T06:45:00+0200,41759.680121,MW,DE,DE_LU,forecast_load,Forecasted Load,2026-06-25T06:33:39Z
2026-06-25T06:32:03Z,2026-06-25T08:32:03+0200,cfe43b62-de54-4c74-8f9f-70948ee9d4b6,2026-06-14T05:00:00Z,2026-06-14T07:00:00+0200,42664.43316,MW,DE,DE_LU,forecast_load,Forecasted Load,2026-06-25T06:33:39Z
2026-06-25T06:32:03Z,2026-06-25T08:32:03+0200,cfe43b62-de54-4c74-8f9f-70948ee9d4b6,2026-06-14T05:15:00Z,2026-06-14T07:15:00+0200,43023.582846,MW,DE,DE_LU,forecast_load,Forecasted Load,2026-06-25T06:33:39Z
2026-06-25T06:32:03Z,2026-06-25T08:32:03+0200,cfe43b62-de54-4c74-8f9f-70948ee9d4b6,2026-06-14T05:30:00Z,2026-06-14T07:30:00+0200,43674.929099,MW,DE,DE_LU,forecast_load,Forecasted Load,2026-06-25T06:33:39Z
2026-06-25T06:32:03Z,2026-06-25T08:32:03+0200,cfe43b62-de54-4c74-8f9f-70948ee9d4b6,2026-06-14T05:45:00Z,2026-06-14T07:45:00+0200,44147.471888,MW,DE,DE_LU,forecast_load,Forecasted Load,2026-06-25T06:33:39Z
2026-06-25T06:32:03Z,2026-06-25T08:32:03+0200,cfe43b62-de54-4c74-8f9f-70948ee9d4b6,2026-06-14T06:00:00Z,2026-06-14T08:00:00+0200,44845.224957,MW,DE,DE_LU,forecast_load,Forecasted Load,2026-06-25T06:33:39Z
2026-06-25T06:32:03Z,2026-06-25T08:32:03+0200,cfe43b62-de54-4c74-8f9f-70948ee9d4b6,2026-06-14T06:15:00Z,2026-06-14T08:15:00+0200,45764.783,MW,DE,DE_LU,forecast_load,Forecasted Load,2026-06-25T06:33:39Z
2026-06-25T06:32:03Z,2026-06-25T08:32:03+0200,cfe43b62-de54-4c74-8f9f-70948ee9d4b6,2026-06-14T06:30:00Z,2026-06-14T08:30:00+0200,46609.269919,MW,DE,DE_LU,forecast_load,Forecasted Load,2026-06-25T06:33:39Z
2026-06-25T06:32:03Z,2026-06-25T08:32:03+0200,cfe43b62-de54-4c74-8f9f-70948ee9d4b6,2026-06-14T06:45:00Z,2026-06-14T08:45:00+0200,47236.819815,MW,DE,DE_LU,forecast_load,Forecasted Load,2026-06-25T06:33:39Z
2026-06-25T06:32:03Z,2026-06-25T08:32:03+0200,cfe43b62-de54-4c74-8f9f-70948ee9d4b6,2026-06-14T07:00:00Z,2026-06-14T09:00:00+0200,47721.18078,MW,DE,DE_LU,forecast_load,Forecasted Load,2026-06-25T06:33:39Z
2026-06-25T06:32:03Z,2026-06-25T08:32:03+0200,cfe43b62-de54-4c74-8f9f-70948ee9d4b6,2026-06-14T07:15:00Z,2026-06-14T09:15:00+0200,48489.433425,MW,DE,DE_LU,forecast_load,Forecasted Load,2026-06-25T06:33:39Z
2026-06-25T06:32:03Z,2026-06-25T08:32:03+0200,cfe43b62-de54-4c74-8f9f-70948ee9d4b6,2026-06-14T07:30:00Z,2026-06-14T09:30:00+0200,49086.601904,MW,DE,DE_LU,forecast_load,Forecasted Load,2026-06-25T06:33:39Z
2026-06-25T06:32:03Z,2026-06-25T08:32:03+0200,cfe43b62-de54-4c74-8f9f-70948ee9d4b6,2026-06-14T07:45:00Z,2026-06-14T09:45:00+0200,49634.811992,MW,DE,DE_LU,forecast_load,Forecasted Load,2026-06-25T06:33:39Z
2026-06-25T06:32:03Z,2026-06-25T08:32:03+0200,cfe43b62-de54-4c74-8f9f-70948ee9d4b6,2026-06-14T08:00:00Z,2026-06-14T10:00:00+0200,50108.431531,MW,DE,DE_LU,forecast_load,Forecasted Load,2026-06-25T06:33:39Z
2026-06-25T06:32:03Z,2026-06-25T08:32:03+0200,cfe43b62-de54-4c74-8f9f-70948ee9d4b6,2026-06-14T08:15:00Z,2026-06-14T10:15:00+0200,50464.446332,MW,DE,DE_LU,forecast_load,Forecasted Load,2026-06-25T06:33:39Z
2026-06-25T06:32:03Z,2026-06-25T08:32:03+0200,cfe43b62-de54-4c74-8f9f-70948ee9d4b6,2026-06-14T08:30:00Z,2026-06-14T10:30:00+0200,50607.728819,MW,DE,DE_LU,forecast_load,Forecasted Load,2026-06-25T06:33:39Z
2026-06-25T06:32:03Z,2026-06-25T08:32:03+0200,cfe43b62-de54-4c74-8f9f-70948ee9d4b6,2026-06-14T08:45:00Z,2026-06-14T10:45:00+0200,51064.661305,MW,DE,DE_LU,forecast_load,Forecasted Load,2026-06-25T06:33:39Z
2026-06-25T06:32:03Z,2026-06-25T08:32:03+0200,cfe43b62-de54-4c74-8f9f-70948ee9d4b6,2026-06-14T09:00:00Z,2026-06-14T11:00:00+0200,51308.066805,MW,DE,DE_LU,forecast_load,Forecasted Load,2026-06-25T06:33:39Z
2026-06-25T06:32:03Z,2026-06-25T08:32:03+0200,cfe43b62-de54-4c74-8f9f-70948ee9d4b6,2026-06-14T09:15:00Z,2026-06-14T11:15:00+0200,51322.714215,MW,DE,DE_LU,forecast_load,Forecasted Load,2026-06-25T06:33:39Z
2026-06-25T06:32:03Z,2026-06-25T08:32:03+0200,cfe43b62-de54-4c74-8f9f-70948ee9d4b6,2026-06-14T09:30:00Z,2026-06-14T11:30:00+0200,51493.532867,MW,DE,DE_LU,forecast_load,Forecasted Load,2026-06-25T06:33:39Z
2026-06-25T06:32:03Z,2026-06-25T08:32:03+0200,cfe43b62-de54-4c74-8f9f-70948ee9d4b6,2026-06-14T09:45:00Z,2026-06-14T11:45:00+0200,51558.467646,MW,DE,DE_LU,forecast_load,Forecasted Load,2026-06-25T06:33:39Z
2026-06-25T06:32:03Z,2026-06-25T08:32:03+0200,cfe43b62-de54-4c74-8f9f-70948ee9d4b6,2026-06-14T10:00:00Z,2026-06-14T12:00:00+0200,51604.214199,MW,DE,DE_LU,forecast_load,Forecasted Load,2026-06-25T06:33:39Z
2026-06-25T06:32:03Z,2026-06-25T08:32:03+0200,cfe43b62-de54-4c74-8f9f-70948ee9d4b6,2026-06-14T10:15:00Z,2026-06-14T12:15:00+0200,51084.470034,MW,DE,DE_LU,forecast_load,Forecasted Load,2026-06-25T06:33:39Z
2026-06-25T06:32:03Z,2026-06-25T08:32:03+0200,cfe43b62-de54-4c74-8f9f-70948ee9d4b6,2026-06-14T10:30:00Z,2026-06-14T12:30:00+0200,51003.118471,MW,DE,DE_LU,forecast_load,Forecasted Load,2026-06-25T06:33:39Z
2026-06-25T06:32:03Z,2026-06-25T08:32:03+0200,cfe43b62-de54-4c74-8f9f-70948ee9d4b6,2026-06-14T10:45:00Z,2026-06-14T12:45:00+0200,50673.330894,MW,DE,DE_LU,forecast_load,Forecasted Load,2026-06-25T06:33:39Z
2026-06-25T06:32:03Z,2026-06-25T08:32:03+0200,cfe43b62-de54-4c74-8f9f-70948ee9d4b6,2026-06-14T11:00:00Z,2026-06-14T13:00:00+0200,50002.681379,MW,DE,DE_LU,forecast_load,Forecasted Load,2026-06-25T06:33:39Z
2026-06-25T06:32:03Z,2026-06-25T08:32:03+0200,cfe43b62-de54-4c74-8f9f-70948ee9d4b6,2026-06-14T11:15:00Z,2026-06-14T13:15:00+0200,50067.638808,MW,DE,DE_LU,forecast_load,Forecasted Load,2026-06-25T06:33:39Z
2026-06-25T06:32:03Z,2026-06-25T08:32:03+0200,cfe43b62-de54-4c74-8f9f-70948ee9d4b6,2026-06-14T11:30:00Z,2026-06-14T13:30:00+0200,49849.100075,MW,DE,DE_LU,forecast_load,Forecasted Load,2026-06-25T06:33:39Z
2026-06-25T06:32:03Z,2026-06-25T08:32:03+0200,cfe43b62-de54-4c74-8f9f-70948ee9d4b6,2026-06-14T11:45:00Z,2026-06-14T13:45:00+0200,49237.600154,MW,DE,DE_LU,forecast_load,Forecasted Load,2026-06-25T06:33:39Z
2026-06-25T06:32:03Z,2026-06-25T08:32:03+0200,cfe43b62-de54-4c74-8f9f-70948ee9d4b6,2026-06-14T12:00:00Z,2026-06-14T14:00:00+0200,49115.726271,MW,DE,DE_LU,forecast_load,Forecasted Load,2026-06-25T06:33:39Z
2026-06-25T06:32:03Z,2026-06-25T08:32:03+0200,cfe43b62-de54-4c74-8f9f-70948ee9d4b6,2026-06-14T12:15:00Z,2026-06-14T14:15:00+0200,48616.108886,MW,DE,DE_LU,forecast_load,Forecasted Load,2026-06-25T06:33:39Z
2026-06-25T06:32:03Z,2026-06-25T08:32:03+0200,cfe43b62-de54-4c74-8f9f-70948ee9d4b6,2026-06-14T12:30:00Z,2026-06-14T14:30:00+0200,48583.480612,MW,DE,DE_LU,forecast_load,Forecasted Load,2026-06-25T06:33:39Z
2026-06-25T06:32:03Z,2026-06-25T08:32:03+0200,cfe43b62-de54-4c74-8f9f-70948ee9d4b6,2026-06-14T12:45:00Z,2026-06-14T14:45:00+0200,47885.828286,MW,DE,DE_LU,forecast_load,Forecasted Load,2026-06-25T06:33:39Z
2026-06-25T06:32:03Z,2026-06-25T08:32:03+0200,cfe43b62-de54-4c74-8f9f-70948ee9d4b6,2026-06-14T13:00:00Z,2026-06-14T15:00:00+0200,48078.284977,MW,DE,DE_LU,forecast_load,Forecasted Load,2026-06-25T06:33:39Z
2026-06-25T06:32:03Z,2026-06-25T08:32:03+0200,cfe43b62-de54-4c74-8f9f-70948ee9d4b6,2026-06-14T13:15:00Z,2026-06-14T15:15:00+0200,47840.368192,MW,DE,DE_LU,forecast_load,Forecasted Load,2026-06-25T06:33:39Z
2026-06-25T06:32:03Z,2026-06-25T08:32:03+0200,cfe43b62-de54-4c74-8f9f-70948ee9d4b6,2026-06-14T13:30:00Z,2026-06-14T15:30:00+0200,47151.718604,MW,DE,DE_LU,forecast_load,Forecasted Load,2026-06-25T06:33:39Z
2026-06-25T06:32:03Z,2026-06-25T08:32:03+0200,cfe43b62-de54-4c74-8f9f-70948ee9d4b6,2026-06-14T13:45:00Z,2026-06-14T15:45:00+0200,46996.680549,MW,DE,DE_LU,forecast_load,Forecasted Load,2026-06-25T06:33:39Z
2026-06-25T06:32:03Z,2026-06-25T08:32:03+0200,cfe43b62-de54-4c74-8f9f-70948ee9d4b6,2026-06-14T14:00:00Z,2026-06-14T16:00:00+0200,47406.947632,MW,DE,DE_LU,forecast_load,Forecasted Load,2026-06-25T06:33:39Z
2026-06-25T06:32:03Z,2026-06-25T08:32:03+0200,cfe43b62-de54-4c74-8f9f-70948ee9d4b6,2026-06-14T14:15:00Z,2026-06-14T16:15:00+0200,47371.227732,MW,DE,DE_LU,forecast_load,Forecasted Load,2026-06-25T06:33:39Z
2026-06-25T06:32:03Z,2026-06-25T08:32:03+0200,cfe43b62-de54-4c74-8f9f-70948ee9d4b6,2026-06-14T14:30:00Z,2026-06-14T16:30:00+0200,47456.37177,MW,DE,DE_LU,forecast_load,Forecasted Load,2026-06-25T06:33:39Z
2026-06-25T06:32:03Z,2026-06-25T08:32:03+0200,cfe43b62-de54-4c74-8f9f-70948ee9d4b6,2026-06-14T14:45:00Z,2026-06-14T16:45:00+0200,47545.725335,MW,DE,DE_LU,forecast_load,Forecasted Load,2026-06-25T06:33:39Z
2026-06-25T06:32:03Z,2026-06-25T08:32:03+0200,cfe43b62-de54-4c74-8f9f-70948ee9d4b6,2026-06-14T15:00:00Z,2026-06-14T17:00:00+0200,48359.97987,MW,DE,DE_LU,forecast_load,Forecasted Load,2026-06-25T06:33:39Z
2026-06-25T06:32:03Z,2026-06-25T08:32:03+0200,cfe43b62-de54-4c74-8f9f-70948ee9d4b6,2026-06-14T15:15:00Z,2026-06-14T17:15:00+0200,48209.077075,MW,DE,DE_LU,forecast_load,Forecasted Load,2026-06-25T06:33:39Z
2026-06-25T06:32:03Z,2026-06-25T08:32:03+0200,cfe43b62-de54-4c74-8f9f-70948ee9d4b6,2026-06-14T15:30:00Z,2026-06-14T17:30:00+0200,47771.032623,MW,DE,DE_LU,forecast_load,Forecasted Load,2026-06-25T06:33:39Z
2026-06-25T06:32:03Z,2026-06-25T08:32:03+0200,cfe43b62-de54-4c74-8f9f-70948ee9d4b6,2026-06-14T15:45:00Z,2026-06-14T17:45:00+0200,48564.789701,MW,DE,DE_LU,forecast_load,Forecasted Load,2026-06-25T06:33:39Z
2026-06-25T06:32:03Z,2026-06-25T08:32:03+0200,cfe43b62-de54-4c74-8f9f-70948ee9d4b6,2026-06-14T16:00:00Z,2026-06-14T18:00:00+0200,49297.334799,MW,DE,DE_LU,forecast_load,Forecasted Load,2026-06-25T06:33:39Z
2026-06-25T06:32:03Z,2026-06-25T08:32:03+0200,cfe43b62-de54-4c74-8f9f-70948ee9d4b6,2026-06-14T16:15:00Z,2026-06-14T18:15:00+0200,48842.065658,MW,DE,DE_LU,forecast_load,Forecasted Load,2026-06-25T06:33:39Z
2026-06-25T06:32:03Z,2026-06-25T08:32:03+0200,cfe43b62-de54-4c74-8f9f-70948ee9d4b6,2026-06-14T16:30:00Z,2026-06-14T18:30:00+0200,49147.643267,MW,DE,DE_LU,forecast_load,Forecasted Load,2026-06-25T06:33:39Z
2026-06-25T06:32:03Z,2026-06-25T08:32:03+0200,cfe43b62-de54-4c74-8f9f-70948ee9d4b6,2026-06-14T16:45:00Z,2026-06-14T18:45:00+0200,49383.286571,MW,DE,DE_LU,forecast_load,Forecasted Load,2026-06-25T06:33:39Z
2026-06-25T06:32:03Z,2026-06-25T08:32:03+0200,cfe43b62-de54-4c74-8f9f-70948ee9d4b6,2026-06-14T17:00:00Z,2026-06-14T19:00:00+0200,49812.963283,MW,DE,DE_LU,forecast_load,Forecasted Load,2026-06-25T06:33:39Z
2026-06-25T06:32:03Z,2026-06-25T08:32:03+0200,cfe43b62-de54-4c74-8f9f-70948ee9d4b6,2026-06-14T17:15:00Z,2026-06-14T19:15:00+0200,49862.724937,MW,DE,DE_LU,forecast_load,Forecasted Load,2026-06-25T06:33:39Z
2026-06-25T06:32:03Z,2026-06-25T08:32:03+0200,cfe43b62-de54-4c74-8f9f-70948ee9d4b6,2026-06-14T17:30:00Z,2026-06-14T19:30:00+0200,49969.939795,MW,DE,DE_LU,forecast_load,Forecasted Load,2026-06-25T06:33:39Z
2026-06-25T06:32:03Z,2026-06-25T08:32:03+0200,cfe43b62-de54-4c74-8f9f-70948ee9d4b6,2026-06-14T17:45:00Z,2026-06-14T19:45:00+0200,50156.100266,MW,DE,DE_LU,forecast_load,Forecasted Load,2026-06-25T06:33:39Z
2026-06-25T06:32:03Z,2026-06-25T08:32:03+0200,cfe43b62-de54-4c74-8f9f-70948ee9d4b6,2026-06-14T18:00:00Z,2026-06-14T20:00:00+0200,50268.951984,MW,DE,DE_LU,forecast_load,Forecasted Load,2026-06-25T06:33:39Z
2026-06-25T06:32:03Z,2026-06-25T08:32:03+0200,cfe43b62-de54-4c74-8f9f-70948ee9d4b6,2026-06-14T18:15:00Z,2026-06-14T20:15:00+0200,50152.703164,MW,DE,DE_LU,forecast_load,Forecasted Load,2026-06-25T06:33:39Z
2026-06-25T06:32:03Z,2026-06-25T08:32:03+0200,cfe43b62-de54-4c74-8f9f-70948ee9d4b6,2026-06-14T18:30:00Z,2026-06-14T20:30:00+0200,49724.646295,MW,DE,DE_LU,forecast_load,Forecasted Load,2026-06-25T06:33:39Z
2026-06-25T06:32:03Z,2026-06-25T08:32:03+0200,cfe43b62-de54-4c74-8f9f-70948ee9d4b6,2026-06-14T18:45:00Z,2026-06-14T20:45:00+0200,49592.307206,MW,DE,DE_LU,forecast_load,Forecasted Load,2026-06-25T06:33:39Z
2026-06-25T06:32:03Z,2026-06-25T08:32:03+0200,cfe43b62-de54-4c74-8f9f-70948ee9d4b6,2026-06-14T19:00:00Z,2026-06-14T21:00:00+0200,49582.917609,MW,DE,DE_LU,forecast_load,Forecasted Load,2026-06-25T06:33:39Z
2026-06-25T06:32:03Z,2026-06-25T08:32:03+0200,cfe43b62-de54-4c74-8f9f-70948ee9d4b6,2026-06-14T19:15:00Z,2026-06-14T21:15:00+0200,49465.140093,MW,DE,DE_LU,forecast_load,Forecasted Load,2026-06-25T06:33:39Z
2026-06-25T06:32:03Z,2026-06-25T08:32:03+0200,cfe43b62-de54-4c74-8f9f-70948ee9d4b6,2026-06-14T19:30:00Z,2026-06-14T21:30:00+0200,49079.383565,MW,DE,DE_LU,forecast_load,Forecasted Load,2026-06-25T06:33:39Z
2026-06-25T06:32:03Z,2026-06-25T08:32:03+0200,cfe43b62-de54-4c74-8f9f-70948ee9d4b6,2026-06-14T19:45:00Z,2026-06-14T21:45:00+0200,48826.708165,MW,DE,DE_LU,forecast_load,Forecasted Load,2026-06-25T06:33:39Z
2026-06-25T06:32:03Z,2026-06-25T08:32:03+0200,cfe43b62-de54-4c74-8f9f-70948ee9d4b6,2026-06-14T20:00:00Z,2026-06-14T22:00:00+0200,48544.636009,MW,DE,DE_LU,forecast_load,Forecasted Load,2026-06-25T06:33:39Z
2026-06-25T06:32:03Z,2026-06-25T08:32:03+0200,cfe43b62-de54-4c74-8f9f-70948ee9d4b6,2026-06-14T20:15:00Z,2026-06-14T22:15:00+0200,48032.649259,MW,DE,DE_LU,forecast_load,Forecasted Load,2026-06-25T06:33:39Z
2026-06-25T06:32:03Z,2026-06-25T08:32:03+0200,cfe43b62-de54-4c74-8f9f-70948ee9d4b6,2026-06-14T20:30:00Z,2026-06-14T22:30:00+0200,47340.252903,MW,DE,DE_LU,forecast_load,Forecasted Load,2026-06-25T06:33:39Z
2026-06-25T06:32:03Z,2026-06-25T08:32:03+0200,cfe43b62-de54-4c74-8f9f-70948ee9d4b6,2026-06-14T20:45:00Z,2026-06-14T22:45:00+0200,46900.035686,MW,DE,DE_LU,forecast_load,Forecasted Load,2026-06-25T06:33:39Z
2026-06-25T06:32:03Z,2026-06-25T08:32:03+0200,cfe43b62-de54-4c74-8f9f-70948ee9d4b6,2026-06-14T21:00:00Z,2026-06-14T23:00:00+0200,46038.440517,MW,DE,DE_LU,forecast_load,Forecasted Load,2026-06-25T06:33:39Z
2026-06-25T06:32:03Z,2026-06-25T08:32:03+0200,cfe43b62-de54-4c74-8f9f-70948ee9d4b6,2026-06-14T21:15:00Z,2026-06-14T23:15:00+0200,45491.056388,MW,DE,DE_LU,forecast_load,Forecasted Load,2026-06-25T06:33:39Z
2026-06-25T06:32:03Z,2026-06-25T08:32:03+0200,cfe43b62-de54-4c74-8f9f-70948ee9d4b6,2026-06-14T21:30:00Z,2026-06-14T23:30:00+0200,45154.340054,MW,DE,DE_LU,forecast_load,Forecasted Load,2026-06-25T06:33:39Z
2026-06-25T06:32:03Z,2026-06-25T08:32:03+0200,cfe43b62-de54-4c74-8f9f-70948ee9d4b6,2026-06-14T21:45:00Z,2026-06-14T23:45:00+0200,44693.364984,MW,DE,DE_LU,forecast_load,Forecasted Load,2026-06-25T06:33:39Z
2026-06-25T06:32:03Z,2026-06-25T08:32:03+0200,cfe43b62-de54-4c74-8f9f-70948ee9d4b6,2026-06-14T22:00:00Z,2026-06-15T00:00:00+0200,43406.841639,MW,DE,DE_LU,forecast_load,Forecasted Load,2026-06-25T06:33:39Z
2026-06-25T06:32:03Z,2026-06-25T08:32:03+0200,cfe43b62-de54-4c74-8f9f-70948ee9d4b6,2026-06-14T22:15:00Z,2026-06-15T00:15:00+0200,43156.056382,MW,DE,DE_LU,forecast_load,Forecasted Load,2026-06-25T06:33:39Z
2026-06-25T06:32:03Z,2026-06-25T08:32:03+0200,cfe43b62-de54-4c74-8f9f-70948ee9d4b6,2026-06-14T22:30:00Z,2026-06-15T00:30:00+0200,42904.518828,MW,DE,DE_LU,forecast_load,Forecasted Load,2026-06-25T06:33:39Z
2026-06-25T06:32:03Z,2026-06-25T08:32:03+0200,cfe43b62-de54-4c74-8f9f-70948ee9d4b6,2026-06-14T22:45:00Z,2026-06-15T00:45:00+0200,42547.825998,MW,DE,DE_LU,forecast_load,Forecasted Load,2026-06-25T06:33:39Z
2026-06-25T06:32:03Z,2026-06-25T08:32:03+0200,cfe43b62-de54-4c74-8f9f-70948ee9d4b6,2026-06-14T23:00:00Z,2026-06-15T01:00:00+0200,42042.445145,MW,DE,DE_LU,forecast_load,Forecasted Load,2026-06-25T06:33:39Z
2026-06-25T06:32:03Z,2026-06-25T08:32:03+0200,cfe43b62-de54-4c74-8f9f-70948ee9d4b6,2026-06-14T23:15:00Z,2026-06-15T01:15:00+0200,41692.296658,MW,DE,DE_LU,forecast_load,Forecasted Load,2026-06-25T06:33:39Z
2026-06-25T06:32:03Z,2026-06-25T08:32:03+0200,cfe43b62-de54-4c74-8f9f-70948ee9d4b6,2026-06-14T23:30:00Z,2026-06-15T01:30:00+0200,41497.236961,MW,DE,DE_LU,forecast_load,Forecasted Load,2026-06-25T06:33:39Z
2026-06-25T06:32:03Z,2026-06-25T08:32:03+0200,cfe43b62-de54-4c74-8f9f-70948ee9d4b6,2026-06-14T23:45:00Z,2026-06-15T01:45:00+0200,41261.08296,MW,DE,DE_LU,forecast_load,Forecasted Load,2026-06-25T06:33:39Z
2026-06-25T06:32:03Z,2026-06-25T08:32:03+0200,cfe43b62-de54-4c74-8f9f-70948ee9d4b6,2026-06-15T00:00:00Z,2026-06-15T02:00:00+0200,41168.674986,MW,DE,DE_LU,forecast_load,Forecasted Load,2026-06-25T06:33:39Z
2026-06-25T06:32:03Z,2026-06-25T08:32:03+0200,cfe43b62-de54-4c74-8f9f-70948ee9d4b6,2026-06-15T00:15:00Z,2026-06-15T02:15:00+0200,41124.024607,MW,DE,DE_LU,forecast_load,Forecasted Load,2026-06-25T06:33:39Z
2026-06-25T06:32:03Z,2026-06-25T08:32:03+0200,cfe43b62-de54-4c74-8f9f-70948ee9d4b6,2026-06-15T00:30:00Z,2026-06-15T02:30:00+0200,41062.815699,MW,DE,DE_LU,forecast_load,Forecasted Load,2026-06-25T06:33:39Z
2026-06-25T06:32:03Z,2026-06-25T08:32:03+0200,cfe43b62-de54-4c74-8f9f-70948ee9d4b6,2026-06-15T00:45:00Z,2026-06-15T02:45:00+0200,41105.597842,MW,DE,DE_LU,forecast_load,Forecasted Load,2026-06-25T06:33:39Z
2026-06-25T06:32:03Z,2026-06-25T08:32:03+0200,cfe43b62-de54-4c74-8f9f-70948ee9d4b6,2026-06-15T01:00:00Z,2026-06-15T03:00:00+0200,41218.638907,MW,DE,DE_LU,forecast_load,Forecasted Load,2026-06-25T06:33:39Z
2026-06-25T06:32:03Z,2026-06-25T08:32:03+0200,cfe43b62-de54-4c74-8f9f-70948ee9d4b6,2026-06-15T01:15:00Z,2026-06-15T03:15:00+0200,41263.715233,MW,DE,DE_LU,forecast_load,Forecasted Load,2026-06-25T06:33:39Z
2026-06-25T06:32:03Z,2026-06-25T08:32:03+0200,cfe43b62-de54-4c74-8f9f-70948ee9d4b6,2026-06-15T01:30:00Z,2026-06-15T03:30:00+0200,41438.676391,MW,DE,DE_LU,forecast_load,Forecasted Load,2026-06-25T06:33:39Z
2026-06-25T06:32:03Z,2026-06-25T08:32:03+0200,cfe43b62-de54-4c74-8f9f-70948ee9d4b6,2026-06-15T01:45:00Z,2026-06-15T03:45:00+0200,41636.386004,MW,DE,DE_LU,forecast_load,Forecasted Load,2026-06-25T06:33:39Z
2026-06-25T06:32:03Z,2026-06-25T08:32:03+0200,cfe43b62-de54-4c74-8f9f-70948ee9d4b6,2026-06-15T02:00:00Z,2026-06-15T04:00:00+0200,41999.587831,MW,DE,DE_LU,forecast_load,Forecasted Load,2026-06-25T06:33:39Z
2026-06-25T06:32:03Z,2026-06-25T08:32:03+0200,cfe43b62-de54-4c74-8f9f-70948ee9d4b6,2026-06-15T02:15:00Z,2026-06-15T04:15:00+0200,42336.22554,MW,DE,DE_LU,forecast_load,Forecasted Load,2026-06-25T06:33:39Z
2026-06-25T06:32:03Z,2026-06-25T08:32:03+0200,cfe43b62-de54-4c74-8f9f-70948ee9d4b6,2026-06-15T02:30:00Z,2026-06-15T04:30:00+0200,42865.867528,MW,DE,DE_LU,forecast_load,Forecasted Load,2026-06-25T06:33:39Z
2026-06-25T06:32:03Z,2026-06-25T08:32:03+0200,cfe43b62-de54-4c74-8f9f-70948ee9d4b6,2026-06-15T02:45:00Z,2026-06-15T04:45:00+0200,43455.280628,MW,DE,DE_LU,forecast_load,Forecasted Load,2026-06-25T06:33:39Z
2026-06-25T06:32:03Z,2026-06-25T08:32:03+0200,cfe43b62-de54-4c74-8f9f-70948ee9d4b6,2026-06-15T03:00:00Z,2026-06-15T05:00:00+0200,44535.864021,MW,DE,DE_LU,forecast_load,Forecasted Load,2026-06-25T06:33:39Z
2026-06-25T06:32:03Z,2026-06-25T08:32:03+0200,cfe43b62-de54-4c74-8f9f-70948ee9d4b6,2026-06-15T03:15:00Z,2026-06-15T05:15:00+0200,45525.013775,MW,DE,DE_LU,forecast_load,Forecasted Load,2026-06-25T06:33:39Z
2026-06-25T06:32:03Z,2026-06-25T08:32:03+0200,cfe43b62-de54-4c74-8f9f-70948ee9d4b6,2026-06-15T03:30:00Z,2026-06-15T05:30:00+0200,47414.571634,MW,DE,DE_LU,forecast_load,Forecasted Load,2026-06-25T06:33:39Z
2026-06-25T06:32:03Z,2026-06-25T08:32:03+0200,cfe43b62-de54-4c74-8f9f-70948ee9d4b6,2026-06-15T03:45:00Z,2026-06-15T05:45:00+0200,49034.713773,MW,DE,DE_LU,forecast_load,Forecasted Load,2026-06-25T06:33:39Z
2026-06-25T06:32:03Z,2026-06-25T08:32:03+0200,cfe43b62-de54-4c74-8f9f-70948ee9d4b6,2026-06-15T04:00:00Z,2026-06-15T06:00:00+0200,52487.901664,MW,DE,DE_LU,forecast_load,Forecasted Load,2026-06-25T06:33:39Z
2026-06-25T06:32:03Z,2026-06-25T08:32:03+0200,cfe43b62-de54-4c74-8f9f-70948ee9d4b6,2026-06-15T04:15:00Z,2026-06-15T06:15:00+0200,52485.618416,MW,DE,DE_LU,forecast_load,Forecasted Load,2026-06-25T06:33:39Z
2026-06-25T06:32:03Z,2026-06-25T08:32:03+0200,cfe43b62-de54-4c74-8f9f-70948ee9d4b6,2026-06-15T04:30:00Z,2026-06-15T06:30:00+0200,53720.058486,MW,DE,DE_LU,forecast_load,Forecasted Load,2026-06-25T06:33:39Z
2026-06-25T06:32:03Z,2026-06-25T08:32:03+0200,cfe43b62-de54-4c74-8f9f-70948ee9d4b6,2026-06-15T04:45:00Z,2026-06-15T06:45:00+0200,55190.824756,MW,DE,DE_LU,forecast_load,Forecasted Load,2026-06-25T06:33:39Z
2026-06-25T06:32:03Z,2026-06-25T08:32:03+0200,cfe43b62-de54-4c74-8f9f-70948ee9d4b6,2026-06-15T05:00:00Z,2026-06-15T07:00:00+0200,56986.438289,MW,DE,DE_LU,forecast_load,Forecasted Load,2026-06-25T06:33:39Z
2026-06-25T06:32:03Z,2026-06-25T08:32:03+0200,cfe43b62-de54-4c74-8f9f-70948ee9d4b6,2026-06-15T05:15:00Z,2026-06-15T07:15:00+0200,57993.205556,MW,DE,DE_LU,forecast_load,Forecasted Load,2026-06-25T06:33:39Z
2026-06-25T06:32:03Z,2026-06-25T08:32:03+0200,cfe43b62-de54-4c74-8f9f-70948ee9d4b6,2026-06-15T05:30:00Z,2026-06-15T07:30:00+0200,59139.95887,MW,DE,DE_LU,forecast_load,Forecasted Load,2026-06-25T06:33:39Z
2026-06-25T06:32:03Z,2026-06-25T08:32:03+0200,cfe43b62-de54-4c74-8f9f-70948ee9d4b6,2026-06-15T05:45:00Z,2026-06-15T07:45:00+0200,60053.719224,MW,DE,DE_LU,forecast_load,Forecasted Load,2026-06-25T06:33:39Z
2026-06-25T06:32:03Z,2026-06-25T08:32:03+0200,cfe43b62-de54-4c74-8f9f-70948ee9d4b6,2026-06-15T06:00:00Z,2026-06-15T08:00:00+0200,61021.904681,MW,DE,DE_LU,forecast_load,Forecasted Load,2026-06-25T06:33:39Z
2026-06-25T06:32:03Z,2026-06-25T08:32:03+0200,cfe43b62-de54-4c74-8f9f-70948ee9d4b6,2026-06-15T06:15:00Z,2026-06-15T08:15:00+0200,61856.670441,MW,DE,DE_LU,forecast_load,Forecasted Load,2026-06-25T06:33:39Z
2026-06-25T06:32:03Z,2026-06-25T08:32:03+0200,cfe43b62-de54-4c74-8f9f-70948ee9d4b6,2026-06-15T06:30:00Z,2026-06-15T08:30:00+0200,62513.338219,MW,DE,DE_LU,forecast_load,Forecasted Load,2026-06-25T06:33:39Z
2026-06-25T06:32:03Z,2026-06-25T08:32:03+0200,cfe43b62-de54-4c74-8f9f-70948ee9d4b6,2026-06-15T06:45:00Z,2026-06-15T08:45:00+0200,63042.150341,MW,DE,DE_LU,forecast_load,Forecasted Load,2026-06-25T06:33:39Z
2026-06-25T06:32:03Z,2026-06-25T08:32:03+0200,cfe43b62-de54-4c74-8f9f-70948ee9d4b6,2026-06-15T07:00:00Z,2026-06-15T09:00:00+0200,62985.455905,MW,DE,DE_LU,forecast_load,Forecasted Load,2026-06-25T06:33:39Z
2026-06-25T06:32:03Z,2026-06-25T08:32:03+0200,cfe43b62-de54-4c74-8f9f-70948ee9d4b6,2026-06-15T07:15:00Z,2026-06-15T09:15:00+0200,63258.398065,MW,DE,DE_LU,forecast_load,Forecasted Load,2026-06-25T06:33:39Z
2026-06-25T06:32:03Z,2026-06-25T08:32:03+0200,cfe43b62-de54-4c74-8f9f-70948ee9d4b6,2026-06-15T07:30:00Z,2026-06-15T09:30:00+0200,63581.663222,MW,DE,DE_LU,forecast_load,Forecasted Load,2026-06-25T06:33:39Z
2026-06-25T06:32:03Z,2026-06-25T08:32:03+0200,cfe43b62-de54-4c74-8f9f-70948ee9d4b6,2026-06-15T07:45:00Z,2026-06-15T09:45:00+0200,63955.501229,MW,DE,DE_LU,forecast_load,Forecasted Load,2026-06-25T06:33:39Z
2026-06-25T06:32:03Z,2026-06-25T08:32:03+0200,cfe43b62-de54-4c74-8f9f-70948ee9d4b6,2026-06-15T08:00:00Z,2026-06-15T10:00:00+0200,63818.99426,MW,DE,DE_LU,forecast_load,Forecasted Load,2026-06-25T06:33:39Z
2026-06-25T06:32:03Z,2026-06-25T08:32:03+0200,cfe43b62-de54-4c74-8f9f-70948ee9d4b6,2026-06-15T08:15:00Z,2026-06-15T10:15:00+0200,63696.478541,MW,DE,DE_LU,forecast_load,Forecasted Load,2026-06-25T06:33:39Z
2026-06-25T06:32:03Z,2026-06-25T08:32:03+0200,cfe43b62-de54-4c74-8f9f-70948ee9d4b6,2026-06-15T08:30:00Z,2026-06-15T10:30:00+0200,64033.837033,MW,DE,DE_LU,forecast_load,Forecasted Load,2026-06-25T06:33:39Z
2026-06-25T06:32:03Z,2026-06-25T08:32:03+0200,cfe43b62-de54-4c74-8f9f-70948ee9d4b6,2026-06-15T08:45:00Z,2026-06-15T10:45:00+0200,63916.689745,MW,DE,DE_LU,forecast_load,Forecasted Load,2026-06-25T06:33:39Z
2026-06-25T06:32:03Z,2026-06-25T08:32:03+0200,cfe43b62-de54-4c74-8f9f-70948ee9d4b6,2026-06-15T09:00:00Z,2026-06-15T11:00:00+0200,63760.709922,MW,DE,DE_LU,forecast_load,Forecasted Load,2026-06-25T06:33:39Z
2026-06-25T06:32:03Z,2026-06-25T08:32:03+0200,cfe43b62-de54-4c74-8f9f-70948ee9d4b6,2026-06-15T09:15:00Z,2026-06-15T11:15:00+0200,64073.364942,MW,DE,DE_LU,forecast_load,Forecasted Load,2026-06-25T06:33:39Z
2026-06-25T06:32:03Z,2026-06-25T08:32:03+0200,cfe43b62-de54-4c74-8f9f-70948ee9d4b6,2026-06-15T09:30:00Z,2026-06-15T11:30:00+0200,63982.302176,MW,DE,DE_LU,forecast_load,Forecasted Load,2026-06-25T06:33:39Z
2026-06-25T06:32:03Z,2026-06-25T08:32:03+0200,cfe43b62-de54-4c74-8f9f-70948ee9d4b6,2026-06-15T09:45:00Z,2026-06-15T11:45:00+0200,64058.265132,MW,DE,DE_LU,forecast_load,Forecasted Load,2026-06-25T06:33:39Z
2026-06-25T06:32:03Z,2026-06-25T08:32:03+0200,cfe43b62-de54-4c74-8f9f-70948ee9d4b6,2026-06-15T10:00:00Z,2026-06-15T12:00:00+0200,63344.008018,MW,DE,DE_LU,forecast_load,Forecasted Load,2026-06-25T06:33:39Z
2026-06-25T06:32:03Z,2026-06-25T08:32:03+0200,cfe43b62-de54-4c74-8f9f-70948ee9d4b6,2026-06-15T10:15:00Z,2026-06-15T12:15:00+0200,63514.987586,MW,DE,DE_LU,forecast_load,Forecasted Load,2026-06-25T06:33:39Z
2026-06-25T06:32:03Z,2026-06-25T08:32:03+0200,cfe43b62-de54-4c74-8f9f-70948ee9d4b6,2026-06-15T10:30:00Z,2026-06-15T12:30:00+0200,63659.314278,MW,DE,DE_LU,forecast_load,Forecasted Load,2026-06-25T06:33:39Z
2026-06-25T06:32:03Z,2026-06-25T08:32:03+0200,cfe43b62-de54-4c74-8f9f-70948ee9d4b6,2026-06-15T10:45:00Z,2026-06-15T12:45:00+0200,63447.212469,MW,DE,DE_LU,forecast_load,Forecasted Load,2026-06-25T06:33:39Z
2026-06-25T06:32:03Z,2026-06-25T08:32:03+0200,cfe43b62-de54-4c74-8f9f-70948ee9d4b6,2026-06-15T11:00:00Z,2026-06-15T13:00:00+0200,63150.512864,MW,DE,DE_LU,forecast_load,Forecasted Load,2026-06-25T06:33:39Z
2026-06-25T06:32:03Z,2026-06-25T08:32:03+0200,cfe43b62-de54-4c74-8f9f-70948ee9d4b6,2026-06-15T11:15:00Z,2026-06-15T13:15:00+0200,63102.466829,MW,DE,DE_LU,forecast_load,Forecasted Load,2026-06-25T06:33:39Z
2026-06-25T06:32:03Z,2026-06-25T08:32:03+0200,cfe43b62-de54-4c74-8f9f-70948ee9d4b6,2026-06-15T11:30:00Z,2026-06-15T13:30:00+0200,63082.865194,MW,DE,DE_LU,forecast_load,Forecasted Load,2026-06-25T06:33:39Z
2026-06-25T06:32:03Z,2026-06-25T08:32:03+0200,cfe43b62-de54-4c74-8f9f-70948ee9d4b6,2026-06-15T11:45:00Z,2026-06-15T13:45:00+0200,62652.599573,MW,DE,DE_LU,forecast_load,Forecasted Load,2026-06-25T06:33:39Z
2026-06-25T06:32:03Z,2026-06-25T08:32:03+0200,cfe43b62-de54-4c74-8f9f-70948ee9d4b6,2026-06-15T12:00:00Z,2026-06-15T14:00:00+0200,62268.440585,MW,DE,DE_LU,forecast_load,Forecasted Load,2026-06-25T06:33:39Z
2026-06-25T06:32:03Z,2026-06-25T08:32:03+0200,cfe43b62-de54-4c74-8f9f-70948ee9d4b6,2026-06-15T12:15:00Z,2026-06-15T14:15:00+0200,62040.883456,MW,DE,DE_LU,forecast_load,Forecasted Load,2026-06-25T06:33:39Z
2026-06-25T06:32:03Z,2026-06-25T08:32:03+0200,cfe43b62-de54-4c74-8f9f-70948ee9d4b6,2026-06-15T12:30:00Z,2026-06-15T14:30:00+0200,61892.789056,MW,DE,DE_LU,forecast_load,Forecasted Load,2026-06-25T06:33:39Z
2026-06-25T06:32:03Z,2026-06-25T08:32:03+0200,cfe43b62-de54-4c74-8f9f-70948ee9d4b6,2026-06-15T12:45:00Z,2026-06-15T14:45:00+0200,61496.083154,MW,DE,DE_LU,forecast_load,Forecasted Load,2026-06-25T06:33:39Z
2026-06-25T06:32:03Z,2026-06-25T08:32:03+0200,cfe43b62-de54-4c74-8f9f-70948ee9d4b6,2026-06-15T13:00:00Z,2026-06-15T15:00:00+0200,61768.261439,MW,DE,DE_LU,forecast_load,Forecasted Load,2026-06-25T06:33:39Z
2026-06-25T06:32:03Z,2026-06-25T08:32:03+0200,cfe43b62-de54-4c74-8f9f-70948ee9d4b6,2026-06-15T13:15:00Z,2026-06-15T15:15:00+0200,61512.588211,MW,DE,DE_LU,forecast_load,Forecasted Load,2026-06-25T06:33:39Z
2026-06-25T06:32:03Z,2026-06-25T08:32:03+0200,cfe43b62-de54-4c74-8f9f-70948ee9d4b6,2026-06-15T13:30:00Z,2026-06-15T15:30:00+0200,61242.818859,MW,DE,DE_LU,forecast_load,Forecasted Load,2026-06-25T06:33:39Z
2026-06-25T06:32:03Z,2026-06-25T08:32:03+0200,cfe43b62-de54-4c74-8f9f-70948ee9d4b6,2026-06-15T13:45:00Z,2026-06-15T15:45:00+0200,61062.673443,MW,DE,DE_LU,forecast_load,Forecasted Load,2026-06-25T06:33:39Z
2026-06-25T06:32:03Z,2026-06-25T08:32:03+0200,cfe43b62-de54-4c74-8f9f-70948ee9d4b6,2026-06-15T14:00:00Z,2026-06-15T16:00:00+0200,61161.934763,MW,DE,DE_LU,forecast_load,Forecasted Load,2026-06-25T06:33:39Z
2026-06-25T06:32:03Z,2026-06-25T08:32:03+0200,cfe43b62-de54-4c74-8f9f-70948ee9d4b6,2026-06-15T14:15:00Z,2026-06-15T16:15:00+0200,60853.247591,MW,DE,DE_LU,forecast_load,Forecasted Load,2026-06-25T06:33:39Z
2026-06-25T06:32:03Z,2026-06-25T08:32:03+0200,cfe43b62-de54-4c74-8f9f-70948ee9d4b6,2026-06-15T14:30:00Z,2026-06-15T16:30:00+0200,60824.519303,MW,DE,DE_LU,forecast_load,Forecasted Load,2026-06-25T06:33:39Z
2026-06-25T06:32:03Z,2026-06-25T08:32:03+0200,cfe43b62-de54-4c74-8f9f-70948ee9d4b6,2026-06-15T14:45:00Z,2026-06-15T16:45:00+0200,60853.088228,MW,DE,DE_LU,forecast_load,Forecasted Load,2026-06-25T06:33:39Z
2026-06-25T06:32:03Z,2026-06-25T08:32:03+0200,cfe43b62-de54-4c74-8f9f-70948ee9d4b6,2026-06-15T15:00:00Z,2026-06-15T17:00:00+0200,61510.129611,MW,DE,DE_LU,forecast_load,Forecasted Load,2026-06-25T06:33:39Z
2026-06-25T06:32:03Z,2026-06-25T08:32:03+0200,cfe43b62-de54-4c74-8f9f-70948ee9d4b6,2026-06-15T15:15:00Z,2026-06-15T17:15:00+0200,61617.389701,MW,DE,DE_LU,forecast_load,Forecasted Load,2026-06-25T06:33:39Z
2026-06-25T06:32:03Z,2026-06-25T08:32:03+0200,cfe43b62-de54-4c74-8f9f-70948ee9d4b6,2026-06-15T15:30:00Z,2026-06-15T17:30:00+0200,61867.452096,MW,DE,DE_LU,forecast_load,Forecasted Load,2026-06-25T06:33:39Z
2026-06-25T06:32:03Z,2026-06-25T08:32:03+0200,cfe43b62-de54-4c74-8f9f-70948ee9d4b6,2026-06-15T15:45:00Z,2026-06-15T17:45:00+0200,61752.663898,MW,DE,DE_LU,forecast_load,Forecasted Load,2026-06-25T06:33:39Z
2026-06-25T06:32:03Z,2026-06-25T08:32:03+0200,cfe43b62-de54-4c74-8f9f-70948ee9d4b6,2026-06-15T16:00:00Z,2026-06-15T18:00:00+0200,61581.582471,MW,DE,DE_LU,forecast_load,Forecasted Load,2026-06-25T06:33:39Z
2026-06-25T06:32:03Z,2026-06-25T08:32:03+0200,cfe43b62-de54-4c74-8f9f-70948ee9d4b6,2026-06-15T16:15:00Z,2026-06-15T18:15:00+0200,61499.323541,MW,DE,DE_LU,forecast_load,Forecasted Load,2026-06-25T06:33:39Z
2026-06-25T06:32:03Z,2026-06-25T08:32:03+0200,cfe43b62-de54-4c74-8f9f-70948ee9d4b6,2026-06-15T16:30:00Z,2026-06-15T18:30:00+0200,61151.695782,MW,DE,DE_LU,forecast_load,Forecasted Load,2026-06-25T06:33:39Z
2026-06-25T06:32:03Z,2026-06-25T08:32:03+0200,cfe43b62-de54-4c74-8f9f-70948ee9d4b6,2026-06-15T16:45:00Z,2026-06-15T18:45:00+0200,61054.454034,MW,DE,DE_LU,forecast_load,Forecasted Load,2026-06-25T06:33:39Z
2026-06-25T06:32:03Z,2026-06-25T08:32:03+0200,cfe43b62-de54-4c74-8f9f-70948ee9d4b6,2026-06-15T17:00:00Z,2026-06-15T19:00:00+0200,60873.355969,MW,DE,DE_LU,forecast_load,Forecasted Load,2026-06-25T06:33:39Z
2026-06-25T06:32:03Z,2026-06-25T08:32:03+0200,cfe43b62-de54-4c74-8f9f-70948ee9d4b6,2026-06-15T17:15:00Z,2026-06-15T19:15:00+0200,60502.034812,MW,DE,DE_LU,forecast_load,Forecasted Load,2026-06-25T06:33:39Z
2026-06-25T06:32:03Z,2026-06-25T08:32:03+0200,cfe43b62-de54-4c74-8f9f-70948ee9d4b6,2026-06-15T17:30:00Z,2026-06-15T19:30:00+0200,60207.442738,MW,DE,DE_LU,forecast_load,Forecasted Load,2026-06-25T06:33:39Z
2026-06-25T06:32:03Z,2026-06-25T08:32:03+0200,cfe43b62-de54-4c74-8f9f-70948ee9d4b6,2026-06-15T17:45:00Z,2026-06-15T19:45:00+0200,59795.035235,MW,DE,DE_LU,forecast_load,Forecasted Load,2026-06-25T06:33:39Z
2026-06-25T06:32:03Z,2026-06-25T08:32:03+0200,cfe43b62-de54-4c74-8f9f-70948ee9d4b6,2026-06-15T18:00:00Z,2026-06-15T20:00:00+0200,59068.522471,MW,DE,DE_LU,forecast_load,Forecasted Load,2026-06-25T06:33:39Z
2026-06-25T06:32:03Z,2026-06-25T08:32:03+0200,cfe43b62-de54-4c74-8f9f-70948ee9d4b6,2026-06-15T18:15:00Z,2026-06-15T20:15:00+0200,58473.621122,MW,DE,DE_LU,forecast_load,Forecasted Load,2026-06-25T06:33:39Z
2026-06-25T06:32:03Z,2026-06-25T08:32:03+0200,cfe43b62-de54-4c74-8f9f-70948ee9d4b6,2026-06-15T18:30:00Z,2026-06-15T20:30:00+0200,57766.774001,MW,DE,DE_LU,forecast_load,Forecasted Load,2026-06-25T06:33:39Z
2026-06-25T06:32:03Z,2026-06-25T08:32:03+0200,cfe43b62-de54-4c74-8f9f-70948ee9d4b6,2026-06-15T18:45:00Z,2026-06-15T20:45:00+0200,57163.003378,MW,DE,DE_LU,forecast_load,Forecasted Load,2026-06-25T06:33:39Z
2026-06-25T06:32:03Z,2026-06-25T08:32:03+0200,cfe43b62-de54-4c74-8f9f-70948ee9d4b6,2026-06-15T19:00:00Z,2026-06-15T21:00:00+0200,56559.371601,MW,DE,DE_LU,forecast_load,Forecasted Load,2026-06-25T06:33:39Z
2026-06-25T06:32:03Z,2026-06-25T08:32:03+0200,cfe43b62-de54-4c74-8f9f-70948ee9d4b6,2026-06-15T19:15:00Z,2026-06-15T21:15:00+0200,55747.38749,MW,DE,DE_LU,forecast_load,Forecasted Load,2026-06-25T06:33:39Z
2026-06-25T06:32:03Z,2026-06-25T08:32:03+0200,cfe43b62-de54-4c74-8f9f-70948ee9d4b6,2026-06-15T19:30:00Z,2026-06-15T21:30:00+0200,55023.099861,MW,DE,DE_LU,forecast_load,Forecasted Load,2026-06-25T06:33:39Z
2026-06-25T06:32:03Z,2026-06-25T08:32:03+0200,cfe43b62-de54-4c74-8f9f-70948ee9d4b6,2026-06-15T19:45:00Z,2026-06-15T21:45:00+0200,54432.225234,MW,DE,DE_LU,forecast_load,Forecasted Load,2026-06-25T06:33:39Z
2026-06-25T06:32:03Z,2026-06-25T08:32:03+0200,cfe43b62-de54-4c74-8f9f-70948ee9d4b6,2026-06-15T20:00:00Z,2026-06-15T22:00:00+0200,53488.041191,MW,DE,DE_LU,forecast_load,Forecasted Load,2026-06-25T06:33:39Z
2026-06-25T06:32:03Z,2026-06-25T08:32:03+0200,cfe43b62-de54-4c74-8f9f-70948ee9d4b6,2026-06-15T20:15:00Z,2026-06-15T22:15:00+0200,52776.568405,MW,DE,DE_LU,forecast_load,Forecasted Load,2026-06-25T06:33:39Z
2026-06-25T06:32:03Z,2026-06-25T08:32:03+0200,cfe43b62-de54-4c74-8f9f-70948ee9d4b6,2026-06-15T20:30:00Z,2026-06-15T22:30:00+0200,51987.086942,MW,DE,DE_LU,forecast_load,Forecasted Load,2026-06-25T06:33:39Z
2026-06-25T06:32:03Z,2026-06-25T08:32:03+0200,cfe43b62-de54-4c74-8f9f-70948ee9d4b6,2026-06-15T20:45:00Z,2026-06-15T22:45:00+0200,51289.411899,MW,DE,DE_LU,forecast_load,Forecasted Load,2026-06-25T06:33:39Z
2026-06-25T06:32:03Z,2026-06-25T08:32:03+0200,cfe43b62-de54-4c74-8f9f-70948ee9d4b6,2026-06-15T21:00:00Z,2026-06-15T23:00:00+0200,50336.059303,MW,DE,DE_LU,forecast_load,Forecasted Load,2026-06-25T06:33:39Z
2026-06-25T06:32:03Z,2026-06-25T08:32:03+0200,cfe43b62-de54-4c74-8f9f-70948ee9d4b6,2026-06-15T21:15:00Z,2026-06-15T23:15:00+0200,49732.854131,MW,DE,DE_LU,forecast_load,Forecasted Load,2026-06-25T06:33:39Z
2026-06-25T06:32:03Z,2026-06-25T08:32:03+0200,cfe43b62-de54-4c74-8f9f-70948ee9d4b6,2026-06-15T21:30:00Z,2026-06-15T23:30:00+0200,49209.571228,MW,DE,DE_LU,forecast_load,Forecasted Load,2026-06-25T06:33:39Z
2026-06-25T06:32:03Z,2026-06-25T08:32:03+0200,cfe43b62-de54-4c74-8f9f-70948ee9d4b6,2026-06-15T21:45:00Z,2026-06-15T23:45:00+0200,48611.371148,MW,DE,DE_LU,forecast_load,Forecasted Load,2026-06-25T06:33:39Z
2026-06-25T06:32:03Z,2026-06-25T08:32:03+0200,cfe43b62-de54-4c74-8f9f-70948ee9d4b6,2026-06-15T22:00:00Z,2026-06-16T00:00:00+0200,47417.47646,MW,DE,DE_LU,forecast_load,Forecasted Load,2026-06-25T06:33:39Z
2026-06-25T06:32:03Z,2026-06-25T08:32:03+0200,cfe43b62-de54-4c74-8f9f-70948ee9d4b6,2026-06-15T22:15:00Z,2026-06-16T00:15:00+0200,46947.846548,MW,DE,DE_LU,forecast_load,Forecasted Load,2026-06-25T06:33:39Z
2026-06-25T06:32:03Z,2026-06-25T08:32:03+0200,cfe43b62-de54-4c74-8f9f-70948ee9d4b6,2026-06-15T22:30:00Z,2026-06-16T00:30:00+0200,46360.389012,MW,DE,DE_LU,forecast_load,Forecasted Load,2026-06-25T06:33:39Z
2026-06-25T06:32:03Z,2026-06-25T08:32:03+0200,cfe43b62-de54-4c74-8f9f-70948ee9d4b6,2026-06-15T22:45:00Z,2026-06-16T00:45:00+0200,45871.34692,MW,DE,DE_LU,forecast_load,Forecasted Load,2026-06-25T06:33:39Z
2026-06-25T06:32:03Z,2026-06-25T08:32:03+0200,cfe43b62-de54-4c74-8f9f-70948ee9d4b6,2026-06-15T23:00:00Z,2026-06-16T01:00:00+0200,45315.528174,MW,DE,DE_LU,forecast_load,Forecasted Load,2026-06-25T06:33:39Z
2026-06-25T06:32:03Z,2026-06-25T08:32:03+0200,cfe43b62-de54-4c74-8f9f-70948ee9d4b6,2026-06-15T23:15:00Z,2026-06-16T01:15:00+0200,44844.43201,MW,DE,DE_LU,forecast_load,Forecasted Load,2026-06-25T06:33:39Z
2026-06-25T06:32:03Z,2026-06-25T08:32:03+0200,cfe43b62-de54-4c74-8f9f-70948ee9d4b6,2026-06-15T23:30:00Z,2026-06-16T01:30:00+0200,44483.957403,MW,DE,DE_LU,forecast_load,Forecasted Load,2026-06-25T06:33:39Z
2026-06-25T06:32:03Z,2026-06-25T08:32:03+0200,cfe43b62-de54-4c74-8f9f-70948ee9d4b6,2026-06-15T23:45:00Z,2026-06-16T01:45:00+0200,44311.801191,MW,DE,DE_LU,forecast_load,Forecasted Load,2026-06-25T06:33:39Z
2026-06-25T06:32:03Z,2026-06-25T08:32:03+0200,cfe43b62-de54-4c74-8f9f-70948ee9d4b6,2026-06-16T00:00:00Z,2026-06-16T02:00:00+0200,44158.954198,MW,DE,DE_LU,forecast_load,Forecasted Load,2026-06-25T06:33:39Z
2026-06-25T06:32:03Z,2026-06-25T08:32:03+0200,cfe43b62-de54-4c74-8f9f-70948ee9d4b6,2026-06-16T00:15:00Z,2026-06-16T02:15:00+0200,44041.150375,MW,DE,DE_LU,forecast_load,Forecasted Load,2026-06-25T06:33:39Z
2026-06-25T06:32:03Z,2026-06-25T08:32:03+0200,cfe43b62-de54-4c74-8f9f-70948ee9d4b6,2026-06-16T00:30:00Z,2026-06-16T02:30:00+0200,43970.058462,MW,DE,DE_LU,forecast_load,Forecasted Load,2026-06-25T06:33:39Z
2026-06-25T06:32:03Z,2026-06-25T08:32:03+0200,cfe43b62-de54-4c74-8f9f-70948ee9d4b6,2026-06-16T00:45:00Z,2026-06-16T02:45:00+0200,44005.108352,MW,DE,DE_LU,forecast_load,Forecasted Load,2026-06-25T06:33:39Z
2026-06-25T06:32:03Z,2026-06-25T08:32:03+0200,cfe43b62-de54-4c74-8f9f-70948ee9d4b6,2026-06-16T01:00:00Z,2026-06-16T03:00:00+0200,43942.494073,MW,DE,DE_LU,forecast_load,Forecasted Load,2026-06-25T06:33:39Z
2026-06-25T06:32:03Z,2026-06-25T08:32:03+0200,cfe43b62-de54-4c74-8f9f-70948ee9d4b6,2026-06-16T01:15:00Z,2026-06-16T03:15:00+0200,44035.102903,MW,DE,DE_LU,forecast_load,Forecasted Load,2026-06-25T06:33:39Z
2026-06-25T06:32:03Z,2026-06-25T08:32:03+0200,cfe43b62-de54-4c74-8f9f-70948ee9d4b6,2026-06-16T01:30:00Z,2026-06-16T03:30:00+0200,44102.358684,MW,DE,DE_LU,forecast_load,Forecasted Load,2026-06-25T06:33:39Z
2026-06-25T06:32:03Z,2026-06-25T08:32:03+0200,cfe43b62-de54-4c74-8f9f-70948ee9d4b6,2026-06-16T01:45:00Z,2026-06-16T03:45:00+0200,44261.895195,MW,DE,DE_LU,forecast_load,Forecasted Load,2026-06-25T06:33:39Z
2026-06-25T06:32:03Z,2026-06-25T08:32:03+0200,cfe43b62-de54-4c74-8f9f-70948ee9d4b6,2026-06-16T02:00:00Z,2026-06-16T04:00:00+0200,44626.729677,MW,DE,DE_LU,forecast_load,Forecasted Load,2026-06-25T06:33:39Z
2026-06-25T06:32:03Z,2026-06-25T08:32:03+0200,cfe43b62-de54-4c74-8f9f-70948ee9d4b6,2026-06-16T02:15:00Z,2026-06-16T04:15:00+0200,44788.887917,MW,DE,DE_LU,forecast_load,Forecasted Load,2026-06-25T06:33:39Z
2026-06-25T06:32:03Z,2026-06-25T08:32:03+0200,cfe43b62-de54-4c74-8f9f-70948ee9d4b6,2026-06-16T02:30:00Z,2026-06-16T04:30:00+0200,45284.106242,MW,DE,DE_LU,forecast_load,Forecasted Load,2026-06-25T06:33:39Z
2026-06-25T06:32:03Z,2026-06-25T08:32:03+0200,cfe43b62-de54-4c74-8f9f-70948ee9d4b6,2026-06-16T02:45:00Z,2026-06-16T04:45:00+0200,45769.762416,MW,DE,DE_LU,forecast_load,Forecasted Load,2026-06-25T06:33:39Z
2026-06-25T06:32:03Z,2026-06-25T08:32:03+0200,cfe43b62-de54-4c74-8f9f-70948ee9d4b6,2026-06-16T03:00:00Z,2026-06-16T05:00:00+0200,46822.714501,MW,DE,DE_LU,forecast_load,Forecasted Load,2026-06-25T06:33:39Z
2026-06-25T06:32:03Z,2026-06-25T08:32:03+0200,cfe43b62-de54-4c74-8f9f-70948ee9d4b6,2026-06-16T03:15:00Z,2026-06-16T05:15:00+0200,47144.603631,MW,DE,DE_LU,forecast_load,Forecasted Load,2026-06-25T06:33:39Z
2026-06-25T06:32:03Z,2026-06-25T08:32:03+0200,cfe43b62-de54-4c74-8f9f-70948ee9d4b6,2026-06-16T03:30:00Z,2026-06-16T05:30:00+0200,46780.752571,MW,DE,DE_LU,forecast_load,Forecasted Load,2026-06-25T06:33:39Z
2026-06-25T06:32:03Z,2026-06-25T08:32:03+0200,cfe43b62-de54-4c74-8f9f-70948ee9d4b6,2026-06-16T03:45:00Z,2026-06-16T05:45:00+0200,49915.394479,MW,DE,DE_LU,forecast_load,Forecasted Load,2026-06-25T06:33:39Z
2026-06-25T06:32:03Z,2026-06-25T08:32:03+0200,cfe43b62-de54-4c74-8f9f-70948ee9d4b6,2026-06-16T04:00:00Z,2026-06-16T06:00:00+0200,52153.459735,MW,DE,DE_LU,forecast_load,Forecasted Load,2026-06-25T06:33:39Z
2026-06-25T06:32:03Z,2026-06-25T08:32:03+0200,cfe43b62-de54-4c74-8f9f-70948ee9d4b6,2026-06-16T04:15:00Z,2026-06-16T06:15:00+0200,51905.130772,MW,DE,DE_LU,forecast_load,Forecasted Load,2026-06-25T06:33:39Z
2026-06-25T06:32:03Z,2026-06-25T08:32:03+0200,cfe43b62-de54-4c74-8f9f-70948ee9d4b6,2026-06-16T04:30:00Z,2026-06-16T06:30:00+0200,53586.848308,MW,DE,DE_LU,forecast_load,Forecasted Load,2026-06-25T06:33:39Z
2026-06-25T06:32:03Z,2026-06-25T08:32:03+0200,cfe43b62-de54-4c74-8f9f-70948ee9d4b6,2026-06-16T04:45:00Z,2026-06-16T06:45:00+0200,54852.881665,MW,DE,DE_LU,forecast_load,Forecasted Load,2026-06-25T06:33:39Z
2026-06-25T06:32:03Z,2026-06-25T08:32:03+0200,cfe43b62-de54-4c74-8f9f-70948ee9d4b6,2026-06-16T05:00:00Z,2026-06-16T07:00:00+0200,56201.07072,MW,DE,DE_LU,forecast_load,Forecasted Load,2026-06-25T06:33:39Z
2026-06-25T06:32:03Z,2026-06-25T08:32:03+0200,cfe43b62-de54-4c74-8f9f-70948ee9d4b6,2026-06-16T05:15:00Z,2026-06-16T07:15:00+0200,57440.483708,MW,DE,DE_LU,forecast_load,Forecasted Load,2026-06-25T06:33:39Z
2026-06-25T06:32:03Z,2026-06-25T08:32:03+0200,cfe43b62-de54-4c74-8f9f-70948ee9d4b6,2026-06-16T05:30:00Z,2026-06-16T07:30:00+0200,58665.723246,MW,DE,DE_LU,forecast_load,Forecasted Load,2026-06-25T06:33:39Z
2026-06-25T06:32:03Z,2026-06-25T08:32:03+0200,cfe43b62-de54-4c74-8f9f-70948ee9d4b6,2026-06-16T05:45:00Z,2026-06-16T07:45:00+0200,59721.203135,MW,DE,DE_LU,forecast_load,Forecasted Load,2026-06-25T06:33:39Z
2026-06-25T06:32:03Z,2026-06-25T08:32:03+0200,cfe43b62-de54-4c74-8f9f-70948ee9d4b6,2026-06-16T06:00:00Z,2026-06-16T08:00:00+0200,60555.063858,MW,DE,DE_LU,forecast_load,Forecasted Load,2026-06-25T06:33:39Z
2026-06-25T06:32:03Z,2026-06-25T08:32:03+0200,cfe43b62-de54-4c74-8f9f-70948ee9d4b6,2026-06-16T06:15:00Z,2026-06-16T08:15:00+0200,61372.813229,MW,DE,DE_LU,forecast_load,Forecasted Load,2026-06-25T06:33:39Z
2026-06-25T06:32:03Z,2026-06-25T08:32:03+0200,cfe43b62-de54-4c74-8f9f-70948ee9d4b6,2026-06-16T06:30:00Z,2026-06-16T08:30:00+0200,62024.676819,MW,DE,DE_LU,forecast_load,Forecasted Load,2026-06-25T06:33:39Z
2026-06-25T06:32:03Z,2026-06-25T08:32:03+0200,cfe43b62-de54-4c74-8f9f-70948ee9d4b6,2026-06-16T06:45:00Z,2026-06-16T08:45:00+0200,62488.421845,MW,DE,DE_LU,forecast_load,Forecasted Load,2026-06-25T06:33:39Z
2026-06-25T06:32:03Z,2026-06-25T08:32:03+0200,cfe43b62-de54-4c74-8f9f-70948ee9d4b6,2026-06-16T07:00:00Z,2026-06-16T09:00:00+0200,62232.472866,MW,DE,DE_LU,forecast_load,Forecasted Load,2026-06-25T06:33:39Z
2026-06-25T06:32:03Z,2026-06-25T08:32:03+0200,cfe43b62-de54-4c74-8f9f-70948ee9d4b6,2026-06-16T07:15:00Z,2026-06-16T09:15:00+0200,62418.933142,MW,DE,DE_LU,forecast_load,Forecasted Load,2026-06-25T06:33:39Z
2026-06-25T06:32:03Z,2026-06-25T08:32:03+0200,cfe43b62-de54-4c74-8f9f-70948ee9d4b6,2026-06-16T07:30:00Z,2026-06-16T09:30:00+0200,62966.318228,MW,DE,DE_LU,forecast_load,Forecasted Load,2026-06-25T06:33:39Z
2026-06-25T06:32:03Z,2026-06-25T08:32:03+0200,cfe43b62-de54-4c74-8f9f-70948ee9d4b6,2026-06-16T07:45:00Z,2026-06-16T09:45:00+0200,63033.38531,MW,DE,DE_LU,forecast_load,Forecasted Load,2026-06-25T06:33:39Z
2026-06-25T06:32:03Z,2026-06-25T08:32:03+0200,cfe43b62-de54-4c74-8f9f-70948ee9d4b6,2026-06-16T08:00:00Z,2026-06-16T10:00:00+0200,63199.333347,MW,DE,DE_LU,forecast_load,Forecasted Load,2026-06-25T06:33:39Z
2026-06-25T06:32:03Z,2026-06-25T08:32:03+0200,cfe43b62-de54-4c74-8f9f-70948ee9d4b6,2026-06-16T08:15:00Z,2026-06-16T10:15:00+0200,63298.367919,MW,DE,DE_LU,forecast_load,Forecasted Load,2026-06-25T06:33:39Z
2026-06-25T06:32:03Z,2026-06-25T08:32:03+0200,cfe43b62-de54-4c74-8f9f-70948ee9d4b6,2026-06-16T08:30:00Z,2026-06-16T10:30:00+0200,63087.497979,MW,DE,DE_LU,forecast_load,Forecasted Load,2026-06-25T06:33:39Z
2026-06-25T06:32:03Z,2026-06-25T08:32:03+0200,cfe43b62-de54-4c74-8f9f-70948ee9d4b6,2026-06-16T08:45:00Z,2026-06-16T10:45:00+0200,63454.327315,MW,DE,DE_LU,forecast_load,Forecasted Load,2026-06-25T06:33:39Z
2026-06-25T06:32:03Z,2026-06-25T08:32:03+0200,cfe43b62-de54-4c74-8f9f-70948ee9d4b6,2026-06-16T09:00:00Z,2026-06-16T11:00:00+0200,63137.694885,MW,DE,DE_LU,forecast_load,Forecasted Load,2026-06-25T06:33:39Z
2026-06-25T06:32:03Z,2026-06-25T08:32:03+0200,cfe43b62-de54-4c74-8f9f-70948ee9d4b6,2026-06-16T09:15:00Z,2026-06-16T11:15:00+0200,63077.446368,MW,DE,DE_LU,forecast_load,Forecasted Load,2026-06-25T06:33:39Z
2026-06-25T06:32:03Z,2026-06-25T08:32:03+0200,cfe43b62-de54-4c74-8f9f-70948ee9d4b6,2026-06-16T09:30:00Z,2026-06-16T11:30:00+0200,63066.646364,MW,DE,DE_LU,forecast_load,Forecasted Load,2026-06-25T06:33:39Z
2026-06-25T06:32:03Z,2026-06-25T08:32:03+0200,cfe43b62-de54-4c74-8f9f-70948ee9d4b6,2026-06-16T09:45:00Z,2026-06-16T11:45:00+0200,62904.573541,MW,DE,DE_LU,forecast_load,Forecasted Load,2026-06-25T06:33:39Z
2026-06-25T06:32:03Z,2026-06-25T08:32:03+0200,cfe43b62-de54-4c74-8f9f-70948ee9d4b6,2026-06-16T10:00:00Z,2026-06-16T12:00:00+0200,62247.817606,MW,DE,DE_LU,forecast_load,Forecasted Load,2026-06-25T06:33:39Z
2026-06-25T06:32:03Z,2026-06-25T08:32:03+0200,cfe43b62-de54-4c74-8f9f-70948ee9d4b6,2026-06-16T10:15:00Z,2026-06-16T12:15:00+0200,62058.090696,MW,DE,DE_LU,forecast_load,Forecasted Load,2026-06-25T06:33:39Z
2026-06-25T06:32:03Z,2026-06-25T08:32:03+0200,cfe43b62-de54-4c74-8f9f-70948ee9d4b6,2026-06-16T10:30:00Z,2026-06-16T12:30:00+0200,62134.447671,MW,DE,DE_LU,forecast_load,Forecasted Load,2026-06-25T06:33:39Z
2026-06-25T06:32:03Z,2026-06-25T08:32:03+0200,cfe43b62-de54-4c74-8f9f-70948ee9d4b6,2026-06-16T10:45:00Z,2026-06-16T12:45:00+0200,62036.342114,MW,DE,DE_LU,forecast_load,Forecasted Load,2026-06-25T06:33:39Z
2026-06-25T06:32:03Z,2026-06-25T08:32:03+0200,cfe43b62-de54-4c74-8f9f-70948ee9d4b6,2026-06-16T11:00:00Z,2026-06-16T13:00:00+0200,61898.895468,MW,DE,DE_LU,forecast_load,Forecasted Load,2026-06-25T06:33:39Z
2026-06-25T06:32:03Z,2026-06-25T08:32:03+0200,cfe43b62-de54-4c74-8f9f-70948ee9d4b6,2026-06-16T11:15:00Z,2026-06-16T13:15:00+0200,61983.822604,MW,DE,DE_LU,forecast_load,Forecasted Load,2026-06-25T06:33:39Z
2026-06-25T06:32:03Z,2026-06-25T08:32:03+0200,cfe43b62-de54-4c74-8f9f-70948ee9d4b6,2026-06-16T11:30:00Z,2026-06-16T13:30:00+0200,61742.931288,MW,DE,DE_LU,forecast_load,Forecasted Load,2026-06-25T06:33:39Z
2026-06-25T06:32:03Z,2026-06-25T08:32:03+0200,cfe43b62-de54-4c74-8f9f-70948ee9d4b6,2026-06-16T11:45:00Z,2026-06-16T13:45:00+0200,61101.695567,MW,DE,DE_LU,forecast_load,Forecasted Load,2026-06-25T06:33:39Z
2026-06-25T06:32:03Z,2026-06-25T08:32:03+0200,cfe43b62-de54-4c74-8f9f-70948ee9d4b6,2026-06-16T12:00:00Z,2026-06-16T14:00:00+0200,60564.74701,MW,DE,DE_LU,forecast_load,Forecasted Load,2026-06-25T06:33:39Z
2026-06-25T06:32:03Z,2026-06-25T08:32:03+0200,cfe43b62-de54-4c74-8f9f-70948ee9d4b6,2026-06-16T12:15:00Z,2026-06-16T14:15:00+0200,60249.214308,MW,DE,DE_LU,forecast_load,Forecasted Load,2026-06-25T06:33:39Z
2026-06-25T06:32:03Z,2026-06-25T08:32:03+0200,cfe43b62-de54-4c74-8f9f-70948ee9d4b6,2026-06-16T12:30:00Z,2026-06-16T14:30:00+0200,60082.801244,MW,DE,DE_LU,forecast_load,Forecasted Load,2026-06-25T06:33:39Z
2026-06-25T06:32:03Z,2026-06-25T08:32:03+0200,cfe43b62-de54-4c74-8f9f-70948ee9d4b6,2026-06-16T12:45:00Z,2026-06-16T14:45:00+0200,59988.701491,MW,DE,DE_LU,forecast_load,Forecasted Load,2026-06-25T06:33:39Z
2026-06-25T06:32:03Z,2026-06-25T08:32:03+0200,cfe43b62-de54-4c74-8f9f-70948ee9d4b6,2026-06-16T13:00:00Z,2026-06-16T15:00:00+0200,60281.062161,MW,DE,DE_LU,forecast_load,Forecasted Load,2026-06-25T06:33:39Z
2026-06-25T06:32:03Z,2026-06-25T08:32:03+0200,cfe43b62-de54-4c74-8f9f-70948ee9d4b6,2026-06-16T13:15:00Z,2026-06-16T15:15:00+0200,59612.80089,MW,DE,DE_LU,forecast_load,Forecasted Load,2026-06-25T06:33:39Z
2026-06-25T06:32:03Z,2026-06-25T08:32:03+0200,cfe43b62-de54-4c74-8f9f-70948ee9d4b6,2026-06-16T13:30:00Z,2026-06-16T15:30:00+0200,59797.194984,MW,DE,DE_LU,forecast_load,Forecasted Load,2026-06-25T06:33:39Z
2026-06-25T06:32:03Z,2026-06-25T08:32:03+0200,cfe43b62-de54-4c74-8f9f-70948ee9d4b6,2026-06-16T13:45:00Z,2026-06-16T15:45:00+0200,59524.140375,MW,DE,DE_LU,forecast_load,Forecasted Load,2026-06-25T06:33:39Z
2026-06-25T06:32:03Z,2026-06-25T08:32:03+0200,cfe43b62-de54-4c74-8f9f-70948ee9d4b6,2026-06-16T14:00:00Z,2026-06-16T16:00:00+0200,59711.417828,MW,DE,DE_LU,forecast_load,Forecasted Load,2026-06-25T06:33:39Z
2026-06-25T06:32:03Z,2026-06-25T08:32:03+0200,cfe43b62-de54-4c74-8f9f-70948ee9d4b6,2026-06-16T14:15:00Z,2026-06-16T16:15:00+0200,59384.32031,MW,DE,DE_LU,forecast_load,Forecasted Load,2026-06-25T06:33:39Z
2026-06-25T06:32:03Z,2026-06-25T08:32:03+0200,cfe43b62-de54-4c74-8f9f-70948ee9d4b6,2026-06-16T14:30:00Z,2026-06-16T16:30:00+0200,59160.603629,MW,DE,DE_LU,forecast_load,Forecasted Load,2026-06-25T06:33:39Z
2026-06-25T06:32:03Z,2026-06-25T08:32:03+0200,cfe43b62-de54-4c74-8f9f-70948ee9d4b6,2026-06-16T14:45:00Z,2026-06-16T16:45:00+0200,59231.004961,MW,DE,DE_LU,forecast_load,Forecasted Load,2026-06-25T06:33:39Z
2026-06-25T06:32:03Z,2026-06-25T08:32:03+0200,cfe43b62-de54-4c74-8f9f-70948ee9d4b6,2026-06-16T15:00:00Z,2026-06-16T17:00:00+0200,60026.304607,MW,DE,DE_LU,forecast_load,Forecasted Load,2026-06-25T06:33:39Z
2026-06-25T06:32:03Z,2026-06-25T08:32:03+0200,cfe43b62-de54-4c74-8f9f-70948ee9d4b6,2026-06-16T15:15:00Z,2026-06-16T17:15:00+0200,59833.835582,MW,DE,DE_LU,forecast_load,Forecasted Load,2026-06-25T06:33:39Z
2026-06-25T06:32:03Z,2026-06-25T08:32:03+0200,cfe43b62-de54-4c74-8f9f-70948ee9d4b6,2026-06-16T15:30:00Z,2026-06-16T17:30:00+0200,59890.151641,MW,DE,DE_LU,forecast_load,Forecasted Load,2026-06-25T06:33:39Z
2026-06-25T06:32:03Z,2026-06-25T08:32:03+0200,cfe43b62-de54-4c74-8f9f-70948ee9d4b6,2026-06-16T15:45:00Z,2026-06-16T17:45:00+0200,59855.783815,MW,DE,DE_LU,forecast_load,Forecasted Load,2026-06-25T06:33:39Z
2026-06-25T06:32:03Z,2026-06-25T08:32:03+0200,cfe43b62-de54-4c74-8f9f-70948ee9d4b6,2026-06-16T16:00:00Z,2026-06-16T18:00:00+0200,59984.576993,MW,DE,DE_LU,forecast_load,Forecasted Load,2026-06-25T06:33:39Z
2026-06-25T06:32:03Z,2026-06-25T08:32:03+0200,cfe43b62-de54-4c74-8f9f-70948ee9d4b6,2026-06-16T16:15:00Z,2026-06-16T18:15:00+0200,59980.68062,MW,DE,DE_LU,forecast_load,Forecasted Load,2026-06-25T06:33:39Z
2026-06-25T06:32:03Z,2026-06-25T08:32:03+0200,cfe43b62-de54-4c74-8f9f-70948ee9d4b6,2026-06-16T16:30:00Z,2026-06-16T18:30:00+0200,59913.032065,MW,DE,DE_LU,forecast_load,Forecasted Load,2026-06-25T06:33:39Z
2026-06-25T06:32:03Z,2026-06-25T08:32:03+0200,cfe43b62-de54-4c74-8f9f-70948ee9d4b6,2026-06-16T16:45:00Z,2026-06-16T18:45:00+0200,59756.27711,MW,DE,DE_LU,forecast_load,Forecasted Load,2026-06-25T06:33:39Z
2026-06-25T06:32:03Z,2026-06-25T08:32:03+0200,cfe43b62-de54-4c74-8f9f-70948ee9d4b6,2026-06-16T17:00:00Z,2026-06-16T19:00:00+0200,59683.552404,MW,DE,DE_LU,forecast_load,Forecasted Load,2026-06-25T06:33:39Z
2026-06-25T06:32:03Z,2026-06-25T08:32:03+0200,cfe43b62-de54-4c74-8f9f-70948ee9d4b6,2026-06-16T17:15:00Z,2026-06-16T19:15:00+0200,59179.8462,MW,DE,DE_LU,forecast_load,Forecasted Load,2026-06-25T06:33:39Z
2026-06-25T06:32:03Z,2026-06-25T08:32:03+0200,cfe43b62-de54-4c74-8f9f-70948ee9d4b6,2026-06-16T17:30:00Z,2026-06-16T19:30:00+0200,58801.70474,MW,DE,DE_LU,forecast_load,Forecasted Load,2026-06-25T06:33:39Z
2026-06-25T06:32:03Z,2026-06-25T08:32:03+0200,cfe43b62-de54-4c74-8f9f-70948ee9d4b6,2026-06-16T17:45:00Z,2026-06-16T19:45:00+0200,58511.196296,MW,DE,DE_LU,forecast_load,Forecasted Load,2026-06-25T06:33:39Z
2026-06-25T06:32:03Z,2026-06-25T08:32:03+0200,cfe43b62-de54-4c74-8f9f-70948ee9d4b6,2026-06-16T18:00:00Z,2026-06-16T20:00:00+0200,58085.857186,MW,DE,DE_LU,forecast_load,Forecasted Load,2026-06-25T06:33:39Z
2026-06-25T06:32:03Z,2026-06-25T08:32:03+0200,cfe43b62-de54-4c74-8f9f-70948ee9d4b6,2026-06-16T18:15:00Z,2026-06-16T20:15:00+0200,57449.572481,MW,DE,DE_LU,forecast_load,Forecasted Load,2026-06-25T06:33:39Z
2026-06-25T06:32:03Z,2026-06-25T08:32:03+0200,cfe43b62-de54-4c74-8f9f-70948ee9d4b6,2026-06-16T18:30:00Z,2026-06-16T20:30:00+0200,56798.467903,MW,DE,DE_LU,forecast_load,Forecasted Load,2026-06-25T06:33:39Z
2026-06-25T06:32:03Z,2026-06-25T08:32:03+0200,cfe43b62-de54-4c74-8f9f-70948ee9d4b6,2026-06-16T18:45:00Z,2026-06-16T20:45:00+0200,56292.367113,MW,DE,DE_LU,forecast_load,Forecasted Load,2026-06-25T06:33:39Z
2026-06-25T06:32:03Z,2026-06-25T08:32:03+0200,cfe43b62-de54-4c74-8f9f-70948ee9d4b6,2026-06-16T19:00:00Z,2026-06-16T21:00:00+0200,55665.655747,MW,DE,DE_LU,forecast_load,Forecasted Load,2026-06-25T06:33:39Z
2026-06-25T06:32:03Z,2026-06-25T08:32:03+0200,cfe43b62-de54-4c74-8f9f-70948ee9d4b6,2026-06-16T19:15:00Z,2026-06-16T21:15:00+0200,54997.390485,MW,DE,DE_LU,forecast_load,Forecasted Load,2026-06-25T06:33:39Z
2026-06-25T06:32:03Z,2026-06-25T08:32:03+0200,cfe43b62-de54-4c74-8f9f-70948ee9d4b6,2026-06-16T19:30:00Z,2026-06-16T21:30:00+0200,54269.689926,MW,DE,DE_LU,forecast_load,Forecasted Load,2026-06-25T06:33:39Z
2026-06-25T06:32:03Z,2026-06-25T08:32:03+0200,cfe43b62-de54-4c74-8f9f-70948ee9d4b6,2026-06-16T19:45:00Z,2026-06-16T21:45:00+0200,53503.784119,MW,DE,DE_LU,forecast_load,Forecasted Load,2026-06-25T06:33:39Z
2026-06-25T06:32:03Z,2026-06-25T08:32:03+0200,cfe43b62-de54-4c74-8f9f-70948ee9d4b6,2026-06-16T20:00:00Z,2026-06-16T22:00:00+0200,52602.798986,MW,DE,DE_LU,forecast_load,Forecasted Load,2026-06-25T06:33:39Z
2026-06-25T06:32:03Z,2026-06-25T08:32:03+0200,cfe43b62-de54-4c74-8f9f-70948ee9d4b6,2026-06-16T20:15:00Z,2026-06-16T22:15:00+0200,51785.809655,MW,DE,DE_LU,forecast_load,Forecasted Load,2026-06-25T06:33:39Z
2026-06-25T06:32:03Z,2026-06-25T08:32:03+0200,cfe43b62-de54-4c74-8f9f-70948ee9d4b6,2026-06-16T20:30:00Z,2026-06-16T22:30:00+0200,50997.015293,MW,DE,DE_LU,forecast_load,Forecasted Load,2026-06-25T06:33:39Z
2026-06-25T06:32:03Z,2026-06-25T08:32:03+0200,cfe43b62-de54-4c74-8f9f-70948ee9d4b6,2026-06-16T20:45:00Z,2026-06-16T22:45:00+0200,50246.361676,MW,DE,DE_LU,forecast_load,Forecasted Load,2026-06-25T06:33:39Z
2026-06-25T06:32:03Z,2026-06-25T08:32:03+0200,cfe43b62-de54-4c74-8f9f-70948ee9d4b6,2026-06-16T21:00:00Z,2026-06-16T23:00:00+0200,49596.899634,MW,DE,DE_LU,forecast_load,Forecasted Load,2026-06-25T06:33:39Z
2026-06-25T06:32:03Z,2026-06-25T08:32:03+0200,cfe43b62-de54-4c74-8f9f-70948ee9d4b6,2026-06-16T21:15:00Z,2026-06-16T23:15:00+0200,48902.901994,MW,DE,DE_LU,forecast_load,Forecasted Load,2026-06-25T06:33:39Z
2026-06-25T06:32:03Z,2026-06-25T08:32:03+0200,cfe43b62-de54-4c74-8f9f-70948ee9d4b6,2026-06-16T21:30:00Z,2026-06-16T23:30:00+0200,48221.175436,MW,DE,DE_LU,forecast_load,Forecasted Load,2026-06-25T06:33:39Z
2026-06-25T06:32:03Z,2026-06-25T08:32:03+0200,cfe43b62-de54-4c74-8f9f-70948ee9d4b6,2026-06-16T21:45:00Z,2026-06-16T23:45:00+0200,47637.094367,MW,DE,DE_LU,forecast_load,Forecasted Load,2026-06-25T06:33:39Z
2026-06-25T06:32:03Z,2026-06-25T08:32:03+0200,cfe43b62-de54-4c74-8f9f-70948ee9d4b6,2026-06-16T22:00:00Z,2026-06-17T00:00:00+0200,46590.13012,MW,DE,DE_LU,forecast_load,Forecasted Load,2026-06-25T06:33:39Z
2026-06-25T06:32:03Z,2026-06-25T08:32:03+0200,cfe43b62-de54-4c74-8f9f-70948ee9d4b6,2026-06-16T22:15:00Z,2026-06-17T00:15:00+0200,46025.194265,MW,DE,DE_LU,forecast_load,Forecasted Load,2026-06-25T06:33:39Z
2026-06-25T06:32:03Z,2026-06-25T08:32:03+0200,cfe43b62-de54-4c74-8f9f-70948ee9d4b6,2026-06-16T22:30:00Z,2026-06-17T00:30:00+0200,45983.07157,MW,DE,DE_LU,forecast_load,Forecasted Load,2026-06-25T06:33:39Z
2026-06-25T06:32:03Z,2026-06-25T08:32:03+0200,cfe43b62-de54-4c74-8f9f-70948ee9d4b6,2026-06-16T22:45:00Z,2026-06-17T00:45:00+0200,45394.466373,MW,DE,DE_LU,forecast_load,Forecasted Load,2026-06-25T06:33:39Z
2026-06-25T06:32:03Z,2026-06-25T08:32:03+0200,cfe43b62-de54-4c74-8f9f-70948ee9d4b6,2026-06-16T23:00:00Z,2026-06-17T01:00:00+0200,44873.949928,MW,DE,DE_LU,forecast_load,Forecasted Load,2026-06-25T06:33:39Z
2026-06-25T06:32:03Z,2026-06-25T08:32:03+0200,cfe43b62-de54-4c74-8f9f-70948ee9d4b6,2026-06-16T23:15:00Z,2026-06-17T01:15:00+0200,44446.286091,MW,DE,DE_LU,forecast_load,Forecasted Load,2026-06-25T06:33:39Z
2026-06-25T06:32:03Z,2026-06-25T08:32:03+0200,cfe43b62-de54-4c74-8f9f-70948ee9d4b6,2026-06-16T23:30:00Z,2026-06-17T01:30:00+0200,44079.798718,MW,DE,DE_LU,forecast_load,Forecasted Load,2026-06-25T06:33:39Z
2026-06-25T06:32:03Z,2026-06-25T08:32:03+0200,cfe43b62-de54-4c74-8f9f-70948ee9d4b6,2026-06-16T23:45:00Z,2026-06-17T01:45:00+0200,43859.699823,MW,DE,DE_LU,forecast_load,Forecasted Load,2026-06-25T06:33:39Z
2026-06-25T06:32:03Z,2026-06-25T08:32:03+0200,cfe43b62-de54-4c74-8f9f-70948ee9d4b6,2026-06-17T00:00:00Z,2026-06-17T02:00:00+0200,43602.021817,MW,DE,DE_LU,forecast_load,Forecasted Load,2026-06-25T06:33:39Z
2026-06-25T06:32:03Z,2026-06-25T08:32:03+0200,cfe43b62-de54-4c74-8f9f-70948ee9d4b6,2026-06-17T00:15:00Z,2026-06-17T02:15:00+0200,43326.258896,MW,DE,DE_LU,forecast_load,Forecasted Load,2026-06-25T06:33:39Z
2026-06-25T06:32:03Z,2026-06-25T08:32:03+0200,cfe43b62-de54-4c74-8f9f-70948ee9d4b6,2026-06-17T00:30:00Z,2026-06-17T02:30:00+0200,43380.445795,MW,DE,DE_LU,forecast_load,Forecasted Load,2026-06-25T06:33:39Z
2026-06-25T06:32:03Z,2026-06-25T08:32:03+0200,cfe43b62-de54-4c74-8f9f-70948ee9d4b6,2026-06-17T00:45:00Z,2026-06-17T02:45:00+0200,43324.568149,MW,DE,DE_LU,forecast_load,Forecasted Load,2026-06-25T06:33:39Z
2026-06-25T06:32:03Z,2026-06-25T08:32:03+0200,cfe43b62-de54-4c74-8f9f-70948ee9d4b6,2026-06-17T01:00:00Z,2026-06-17T03:00:00+0200,43061.251863,MW,DE,DE_LU,forecast_load,Forecasted Load,2026-06-25T06:33:39Z
2026-06-25T06:32:03Z,2026-06-25T08:32:03+0200,cfe43b62-de54-4c74-8f9f-70948ee9d4b6,2026-06-17T01:15:00Z,2026-06-17T03:15:00+0200,42799.63481,MW,DE,DE_LU,forecast_load,Forecasted Load,2026-06-25T06:33:39Z
2026-06-25T06:32:03Z,2026-06-25T08:32:03+0200,cfe43b62-de54-4c74-8f9f-70948ee9d4b6,2026-06-17T01:30:00Z,2026-06-17T03:30:00+0200,42992.325789,MW,DE,DE_LU,forecast_load,Forecasted Load,2026-06-25T06:33:39Z
2026-06-25T06:32:03Z,2026-06-25T08:32:03+0200,cfe43b62-de54-4c74-8f9f-70948ee9d4b6,2026-06-17T01:45:00Z,2026-06-17T03:45:00+0200,43034.21208,MW,DE,DE_LU,forecast_load,Forecasted Load,2026-06-25T06:33:39Z
2026-06-25T06:32:03Z,2026-06-25T08:32:03+0200,cfe43b62-de54-4c74-8f9f-70948ee9d4b6,2026-06-17T02:00:00Z,2026-06-17T04:00:00+0200,43433.236692,MW,DE,DE_LU,forecast_load,Forecasted Load,2026-06-25T06:33:39Z
2026-06-25T06:32:03Z,2026-06-25T08:32:03+0200,cfe43b62-de54-4c74-8f9f-70948ee9d4b6,2026-06-17T02:15:00Z,2026-06-17T04:15:00+0200,43776.770773,MW,DE,DE_LU,forecast_load,Forecasted Load,2026-06-25T06:33:39Z
2026-06-25T06:32:03Z,2026-06-25T08:32:03+0200,cfe43b62-de54-4c74-8f9f-70948ee9d4b6,2026-06-17T02:30:00Z,2026-06-17T04:30:00+0200,44293.345926,MW,DE,DE_LU,forecast_load,Forecasted Load,2026-06-25T06:33:39Z
2026-06-25T06:32:03Z,2026-06-25T08:32:03+0200,cfe43b62-de54-4c74-8f9f-70948ee9d4b6,2026-06-17T02:45:00Z,2026-06-17T04:45:00+0200,44978.591444,MW,DE,DE_LU,forecast_load,Forecasted Load,2026-06-25T06:33:39Z
2026-06-25T06:32:03Z,2026-06-25T08:32:03+0200,cfe43b62-de54-4c74-8f9f-70948ee9d4b6,2026-06-17T03:00:00Z,2026-06-17T05:00:00+0200,45851.418803,MW,DE,DE_LU,forecast_load,Forecasted Load,2026-06-25T06:33:39Z
2026-06-25T06:32:03Z,2026-06-25T08:32:03+0200,cfe43b62-de54-4c74-8f9f-70948ee9d4b6,2026-06-17T03:15:00Z,2026-06-17T05:15:00+0200,46091.647753,MW,DE,DE_LU,forecast_load,Forecasted Load,2026-06-25T06:33:39Z
2026-06-25T06:32:03Z,2026-06-25T08:32:03+0200,cfe43b62-de54-4c74-8f9f-70948ee9d4b6,2026-06-17T03:30:00Z,2026-06-17T05:30:00+0200,46861.447404,MW,DE,DE_LU,forecast_load,Forecasted Load,2026-06-25T06:33:39Z
2026-06-25T06:32:03Z,2026-06-25T08:32:03+0200,cfe43b62-de54-4c74-8f9f-70948ee9d4b6,2026-06-17T03:45:00Z,2026-06-17T05:45:00+0200,48266.09522,MW,DE,DE_LU,forecast_load,Forecasted Load,2026-06-25T06:33:39Z
2026-06-25T06:32:03Z,2026-06-25T08:32:03+0200,cfe43b62-de54-4c74-8f9f-70948ee9d4b6,2026-06-17T04:00:00Z,2026-06-17T06:00:00+0200,51296.832576,MW,DE,DE_LU,forecast_load,Forecasted Load,2026-06-25T06:33:39Z
2026-06-25T06:32:03Z,2026-06-25T08:32:03+0200,cfe43b62-de54-4c74-8f9f-70948ee9d4b6,2026-06-17T04:15:00Z,2026-06-17T06:15:00+0200,51846.341378,MW,DE,DE_LU,forecast_load,Forecasted Load,2026-06-25T06:33:39Z
2026-06-25T06:32:03Z,2026-06-25T08:32:03+0200,cfe43b62-de54-4c74-8f9f-70948ee9d4b6,2026-06-17T04:30:00Z,2026-06-17T06:30:00+0200,53356.562522,MW,DE,DE_LU,forecast_load,Forecasted Load,2026-06-25T06:33:39Z
2026-06-25T06:32:03Z,2026-06-25T08:32:03+0200,cfe43b62-de54-4c74-8f9f-70948ee9d4b6,2026-06-17T04:45:00Z,2026-06-17T06:45:00+0200,54764.198897,MW,DE,DE_LU,forecast_load,Forecasted Load,2026-06-25T06:33:39Z
2026-06-25T06:32:03Z,2026-06-25T08:32:03+0200,cfe43b62-de54-4c74-8f9f-70948ee9d4b6,2026-06-17T05:00:00Z,2026-06-17T07:00:00+0200,56298.004111,MW,DE,DE_LU,forecast_load,Forecasted Load,2026-06-25T06:33:39Z
2026-06-25T06:32:03Z,2026-06-25T08:32:03+0200,cfe43b62-de54-4c74-8f9f-70948ee9d4b6,2026-06-17T05:15:00Z,2026-06-17T07:15:00+0200,57502.720852,MW,DE,DE_LU,forecast_load,Forecasted Load,2026-06-25T06:33:39Z
2026-06-25T06:32:03Z,2026-06-25T08:32:03+0200,cfe43b62-de54-4c74-8f9f-70948ee9d4b6,2026-06-17T05:30:00Z,2026-06-17T07:30:00+0200,58656.850981,MW,DE,DE_LU,forecast_load,Forecasted Load,2026-06-25T06:33:39Z
2026-06-25T06:32:03Z,2026-06-25T08:32:03+0200,cfe43b62-de54-4c74-8f9f-70948ee9d4b6,2026-06-17T05:45:00Z,2026-06-17T07:45:00+0200,59833.395417,MW,DE,DE_LU,forecast_load,Forecasted Load,2026-06-25T06:33:39Z
2026-06-25T06:32:03Z,2026-06-25T08:32:03+0200,cfe43b62-de54-4c74-8f9f-70948ee9d4b6,2026-06-17T06:00:00Z,2026-06-17T08:00:00+0200,60672.4434,MW,DE,DE_LU,forecast_load,Forecasted Load,2026-06-25T06:33:39Z
2026-06-25T06:32:03Z,2026-06-25T08:32:03+0200,cfe43b62-de54-4c74-8f9f-70948ee9d4b6,2026-06-17T06:15:00Z,2026-06-17T08:15:00+0200,61342.749657,MW,DE,DE_LU,forecast_load,Forecasted Load,2026-06-25T06:33:39Z
2026-06-25T06:32:03Z,2026-06-25T08:32:03+0200,cfe43b62-de54-4c74-8f9f-70948ee9d4b6,2026-06-17T06:30:00Z,2026-06-17T08:30:00+0200,61604.37327,MW,DE,DE_LU,forecast_load,Forecasted Load,2026-06-25T06:33:39Z
2026-06-25T06:32:03Z,2026-06-25T08:32:03+0200,cfe43b62-de54-4c74-8f9f-70948ee9d4b6,2026-06-17T06:45:00Z,2026-06-17T08:45:00+0200,61947.260731,MW,DE,DE_LU,forecast_load,Forecasted Load,2026-06-25T06:33:39Z
2026-06-25T06:32:03Z,2026-06-25T08:32:03+0200,cfe43b62-de54-4c74-8f9f-70948ee9d4b6,2026-06-17T07:00:00Z,2026-06-17T09:00:00+0200,62035.710296,MW,DE,DE_LU,forecast_load,Forecasted Load,2026-06-25T06:33:39Z
2026-06-25T06:32:03Z,2026-06-25T08:32:03+0200,cfe43b62-de54-4c74-8f9f-70948ee9d4b6,2026-06-17T07:15:00Z,2026-06-17T09:15:00+0200,61969.495062,MW,DE,DE_LU,forecast_load,Forecasted Load,2026-06-25T06:33:39Z
2026-06-25T06:32:03Z,2026-06-25T08:32:03+0200,cfe43b62-de54-4c74-8f9f-70948ee9d4b6,2026-06-17T07:30:00Z,2026-06-17T09:30:00+0200,62493.150424,MW,DE,DE_LU,forecast_load,Forecasted Load,2026-06-25T06:33:39Z
2026-06-25T06:32:03Z,2026-06-25T08:32:03+0200,cfe43b62-de54-4c74-8f9f-70948ee9d4b6,2026-06-17T07:45:00Z,2026-06-17T09:45:00+0200,62635.455404,MW,DE,DE_LU,forecast_load,Forecasted Load,2026-06-25T06:33:39Z
2026-06-25T06:32:03Z,2026-06-25T08:32:03+0200,cfe43b62-de54-4c74-8f9f-70948ee9d4b6,2026-06-17T08:00:00Z,2026-06-17T10:00:00+0200,62647.862124,MW,DE,DE_LU,forecast_load,Forecasted Load,2026-06-25T06:33:39Z
2026-06-25T06:32:03Z,2026-06-25T08:32:03+0200,cfe43b62-de54-4c74-8f9f-70948ee9d4b6,2026-06-17T08:15:00Z,2026-06-17T10:15:00+0200,62930.818825,MW,DE,DE_LU,forecast_load,Forecasted Load,2026-06-25T06:33:39Z
2026-06-25T06:32:03Z,2026-06-25T08:32:03+0200,cfe43b62-de54-4c74-8f9f-70948ee9d4b6,2026-06-17T08:30:00Z,2026-06-17T10:30:00+0200,62372.015707,MW,DE,DE_LU,forecast_load,Forecasted Load,2026-06-25T06:33:39Z
2026-06-25T06:32:03Z,2026-06-25T08:32:03+0200,cfe43b62-de54-4c74-8f9f-70948ee9d4b6,2026-06-17T08:45:00Z,2026-06-17T10:45:00+0200,62517.723922,MW,DE,DE_LU,forecast_load,Forecasted Load,2026-06-25T06:33:39Z
2026-06-25T06:32:03Z,2026-06-25T08:32:03+0200,cfe43b62-de54-4c74-8f9f-70948ee9d4b6,2026-06-17T09:00:00Z,2026-06-17T11:00:00+0200,62861.741996,MW,DE,DE_LU,forecast_load,Forecasted Load,2026-06-25T06:33:39Z
2026-06-25T06:32:03Z,2026-06-25T08:32:03+0200,cfe43b62-de54-4c74-8f9f-70948ee9d4b6,2026-06-17T09:15:00Z,2026-06-17T11:15:00+0200,62722.214027,MW,DE,DE_LU,forecast_load,Forecasted Load,2026-06-25T06:33:39Z
2026-06-25T06:32:03Z,2026-06-25T08:32:03+0200,cfe43b62-de54-4c74-8f9f-70948ee9d4b6,2026-06-17T09:30:00Z,2026-06-17T11:30:00+0200,62383.20746,MW,DE,DE_LU,forecast_load,Forecasted Load,2026-06-25T06:33:39Z
2026-06-25T06:32:03Z,2026-06-25T08:32:03+0200,cfe43b62-de54-4c74-8f9f-70948ee9d4b6,2026-06-17T09:45:00Z,2026-06-17T11:45:00+0200,62356.331981,MW,DE,DE_LU,forecast_load,Forecasted Load,2026-06-25T06:33:39Z
2026-06-25T06:32:03Z,2026-06-25T08:32:03+0200,cfe43b62-de54-4c74-8f9f-70948ee9d4b6,2026-06-17T10:00:00Z,2026-06-17T12:00:00+0200,61543.43142,MW,DE,DE_LU,forecast_load,Forecasted Load,2026-06-25T06:33:39Z
2026-06-25T06:32:03Z,2026-06-25T08:32:03+0200,cfe43b62-de54-4c74-8f9f-70948ee9d4b6,2026-06-17T10:15:00Z,2026-06-17T12:15:00+0200,61714.22026,MW,DE,DE_LU,forecast_load,Forecasted Load,2026-06-25T06:33:39Z
2026-06-25T06:32:03Z,2026-06-25T08:32:03+0200,cfe43b62-de54-4c74-8f9f-70948ee9d4b6,2026-06-17T10:30:00Z,2026-06-17T12:30:00+0200,61554.928414,MW,DE,DE_LU,forecast_load,Forecasted Load,2026-06-25T06:33:39Z
2026-06-25T06:32:03Z,2026-06-25T08:32:03+0200,cfe43b62-de54-4c74-8f9f-70948ee9d4b6,2026-06-17T10:45:00Z,2026-06-17T12:45:00+0200,61745.400622,MW,DE,DE_LU,forecast_load,Forecasted Load,2026-06-25T06:33:39Z
2026-06-25T06:32:03Z,2026-06-25T08:32:03+0200,cfe43b62-de54-4c74-8f9f-70948ee9d4b6,2026-06-17T11:00:00Z,2026-06-17T13:00:00+0200,61148.836172,MW,DE,DE_LU,forecast_load,Forecasted Load,2026-06-25T06:33:39Z
2026-06-25T06:32:03Z,2026-06-25T08:32:03+0200,cfe43b62-de54-4c74-8f9f-70948ee9d4b6,2026-06-17T11:15:00Z,2026-06-17T13:15:00+0200,61090.976304,MW,DE,DE_LU,forecast_load,Forecasted Load,2026-06-25T06:33:39Z
2026-06-25T06:32:03Z,2026-06-25T08:32:03+0200,cfe43b62-de54-4c74-8f9f-70948ee9d4b6,2026-06-17T11:30:00Z,2026-06-17T13:30:00+0200,60855.003839,MW,DE,DE_LU,forecast_load,Forecasted Load,2026-06-25T06:33:39Z
2026-06-25T06:32:03Z,2026-06-25T08:32:03+0200,cfe43b62-de54-4c74-8f9f-70948ee9d4b6,2026-06-17T11:45:00Z,2026-06-17T13:45:00+0200,59860.696478,MW,DE,DE_LU,forecast_load,Forecasted Load,2026-06-25T06:33:39Z
2026-06-25T06:32:03Z,2026-06-25T08:32:03+0200,cfe43b62-de54-4c74-8f9f-70948ee9d4b6,2026-06-17T12:00:00Z,2026-06-17T14:00:00+0200,59461.753874,MW,DE,DE_LU,forecast_load,Forecasted Load,2026-06-25T06:33:39Z
2026-06-25T06:32:03Z,2026-06-25T08:32:03+0200,cfe43b62-de54-4c74-8f9f-70948ee9d4b6,2026-06-17T12:15:00Z,2026-06-17T14:15:00+0200,58990.121669,MW,DE,DE_LU,forecast_load,Forecasted Load,2026-06-25T06:33:39Z
2026-06-25T06:32:03Z,2026-06-25T08:32:03+0200,cfe43b62-de54-4c74-8f9f-70948ee9d4b6,2026-06-17T12:30:00Z,2026-06-17T14:30:00+0200,58859.055616,MW,DE,DE_LU,forecast_load,Forecasted Load,2026-06-25T06:33:39Z
2026-06-25T06:32:03Z,2026-06-25T08:32:03+0200,cfe43b62-de54-4c74-8f9f-70948ee9d4b6,2026-06-17T12:45:00Z,2026-06-17T14:45:00+0200,58959.307629,MW,DE,DE_LU,forecast_load,Forecasted Load,2026-06-25T06:33:39Z
2026-06-25T06:32:03Z,2026-06-25T08:32:03+0200,cfe43b62-de54-4c74-8f9f-70948ee9d4b6,2026-06-17T13:00:00Z,2026-06-17T15:00:00+0200,59139.432631,MW,DE,DE_LU,forecast_load,Forecasted Load,2026-06-25T06:33:39Z
2026-06-25T06:32:03Z,2026-06-25T08:32:03+0200,cfe43b62-de54-4c74-8f9f-70948ee9d4b6,2026-06-17T13:15:00Z,2026-06-17T15:15:00+0200,58503.950617,MW,DE,DE_LU,forecast_load,Forecasted Load,2026-06-25T06:33:39Z
2026-06-25T06:32:03Z,2026-06-25T08:32:03+0200,cfe43b62-de54-4c74-8f9f-70948ee9d4b6,2026-06-17T13:30:00Z,2026-06-17T15:30:00+0200,58472.54089,MW,DE,DE_LU,forecast_load,Forecasted Load,2026-06-25T06:33:39Z
2026-06-25T06:32:03Z,2026-06-25T08:32:03+0200,cfe43b62-de54-4c74-8f9f-70948ee9d4b6,2026-06-17T13:45:00Z,2026-06-17T15:45:00+0200,58298.541009,MW,DE,DE_LU,forecast_load,Forecasted Load,2026-06-25T06:33:39Z
2026-06-25T06:32:03Z,2026-06-25T08:32:03+0200,cfe43b62-de54-4c74-8f9f-70948ee9d4b6,2026-06-17T14:00:00Z,2026-06-17T16:00:00+0200,58467.360238,MW,DE,DE_LU,forecast_load,Forecasted Load,2026-06-25T06:33:39Z
2026-06-25T06:32:03Z,2026-06-25T08:32:03+0200,cfe43b62-de54-4c74-8f9f-70948ee9d4b6,2026-06-17T14:15:00Z,2026-06-17T16:15:00+0200,58002.202355,MW,DE,DE_LU,forecast_load,Forecasted Load,2026-06-25T06:33:39Z
2026-06-25T06:32:03Z,2026-06-25T08:32:03+0200,cfe43b62-de54-4c74-8f9f-70948ee9d4b6,2026-06-17T14:30:00Z,2026-06-17T16:30:00+0200,57662.239553,MW,DE,DE_LU,forecast_load,Forecasted Load,2026-06-25T06:33:39Z
2026-06-25T06:32:03Z,2026-06-25T08:32:03+0200,cfe43b62-de54-4c74-8f9f-70948ee9d4b6,2026-06-17T14:45:00Z,2026-06-17T16:45:00+0200,57930.929975,MW,DE,DE_LU,forecast_load,Forecasted Load,2026-06-25T06:33:39Z
2026-06-25T06:32:03Z,2026-06-25T08:32:03+0200,cfe43b62-de54-4c74-8f9f-70948ee9d4b6,2026-06-17T15:00:00Z,2026-06-17T17:00:00+0200,58617.52657,MW,DE,DE_LU,forecast_load,Forecasted Load,2026-06-25T06:33:39Z
2026-06-25T06:32:03Z,2026-06-25T08:32:03+0200,cfe43b62-de54-4c74-8f9f-70948ee9d4b6,2026-06-17T15:15:00Z,2026-06-17T17:15:00+0200,58371.029945,MW,DE,DE_LU,forecast_load,Forecasted Load,2026-06-25T06:33:39Z
2026-06-25T06:32:03Z,2026-06-25T08:32:03+0200,cfe43b62-de54-4c74-8f9f-70948ee9d4b6,2026-06-17T15:30:00Z,2026-06-17T17:30:00+0200,58638.530323,MW,DE,DE_LU,forecast_load,Forecasted Load,2026-06-25T06:33:39Z
2026-06-25T06:32:03Z,2026-06-25T08:32:03+0200,cfe43b62-de54-4c74-8f9f-70948ee9d4b6,2026-06-17T15:45:00Z,2026-06-17T17:45:00+0200,58863.210235,MW,DE,DE_LU,forecast_load,Forecasted Load,2026-06-25T06:33:39Z
2026-06-25T06:32:03Z,2026-06-25T08:32:03+0200,cfe43b62-de54-4c74-8f9f-70948ee9d4b6,2026-06-17T16:00:00Z,2026-06-17T18:00:00+0200,58749.928927,MW,DE,DE_LU,forecast_load,Forecasted Load,2026-06-25T06:33:39Z
2026-06-25T06:32:03Z,2026-06-25T08:32:03+0200,cfe43b62-de54-4c74-8f9f-70948ee9d4b6,2026-06-17T16:15:00Z,2026-06-17T18:15:00+0200,58921.409597,MW,DE,DE_LU,forecast_load,Forecasted Load,2026-06-25T06:33:39Z
2026-06-25T06:32:03Z,2026-06-25T08:32:03+0200,cfe43b62-de54-4c74-8f9f-70948ee9d4b6,2026-06-17T16:30:00Z,2026-06-17T18:30:00+0200,59233.668369,MW,DE,DE_LU,forecast_load,Forecasted Load,2026-06-25T06:33:39Z
2026-06-25T06:32:03Z,2026-06-25T08:32:03+0200,cfe43b62-de54-4c74-8f9f-70948ee9d4b6,2026-06-17T16:45:00Z,2026-06-17T18:45:00+0200,59140.120726,MW,DE,DE_LU,forecast_load,Forecasted Load,2026-06-25T06:33:39Z
2026-06-25T06:32:03Z,2026-06-25T08:32:03+0200,cfe43b62-de54-4c74-8f9f-70948ee9d4b6,2026-06-17T17:00:00Z,2026-06-17T19:00:00+0200,59214.77538,MW,DE,DE_LU,forecast_load,Forecasted Load,2026-06-25T06:33:39Z
2026-06-25T06:32:03Z,2026-06-25T08:32:03+0200,cfe43b62-de54-4c74-8f9f-70948ee9d4b6,2026-06-17T17:15:00Z,2026-06-17T19:15:00+0200,58694.600578,MW,DE,DE_LU,forecast_load,Forecasted Load,2026-06-25T06:33:39Z
2026-06-25T06:32:03Z,2026-06-25T08:32:03+0200,cfe43b62-de54-4c74-8f9f-70948ee9d4b6,2026-06-17T17:30:00Z,2026-06-17T19:30:00+0200,58359.452016,MW,DE,DE_LU,forecast_load,Forecasted Load,2026-06-25T06:33:39Z
2026-06-25T06:32:03Z,2026-06-25T08:32:03+0200,cfe43b62-de54-4c74-8f9f-70948ee9d4b6,2026-06-17T17:45:00Z,2026-06-17T19:45:00+0200,58268.105046,MW,DE,DE_LU,forecast_load,Forecasted Load,2026-06-25T06:33:39Z
2026-06-25T06:32:03Z,2026-06-25T08:32:03+0200,cfe43b62-de54-4c74-8f9f-70948ee9d4b6,2026-06-17T18:00:00Z,2026-06-17T20:00:00+0200,58185.050913,MW,DE,DE_LU,forecast_load,Forecasted Load,2026-06-25T06:33:39Z
2026-06-25T06:32:03Z,2026-06-25T08:32:03+0200,cfe43b62-de54-4c74-8f9f-70948ee9d4b6,2026-06-17T18:15:00Z,2026-06-17T20:15:00+0200,57555.832146,MW,DE,DE_LU,forecast_load,Forecasted Load,2026-06-25T06:33:39Z
2026-06-25T06:32:03Z,2026-06-25T08:32:03+0200,cfe43b62-de54-4c74-8f9f-70948ee9d4b6,2026-06-17T18:30:00Z,2026-06-17T20:30:00+0200,57374.649134,MW,DE,DE_LU,forecast_load,Forecasted Load,2026-06-25T06:33:39Z
2026-06-25T06:32:03Z,2026-06-25T08:32:03+0200,cfe43b62-de54-4c74-8f9f-70948ee9d4b6,2026-06-17T18:45:00Z,2026-06-17T20:45:00+0200,56930.713724,MW,DE,DE_LU,forecast_load,Forecasted Load,2026-06-25T06:33:39Z
2026-06-25T06:32:03Z,2026-06-25T08:32:03+0200,cfe43b62-de54-4c74-8f9f-70948ee9d4b6,2026-06-17T19:00:00Z,2026-06-17T21:00:00+0200,56244.505688,MW,DE,DE_LU,forecast_load,Forecasted Load,2026-06-25T06:33:39Z
2026-06-25T06:32:03Z,2026-06-25T08:32:03+0200,cfe43b62-de54-4c74-8f9f-70948ee9d4b6,2026-06-17T19:15:00Z,2026-06-17T21:15:00+0200,55752.091121,MW,DE,DE_LU,forecast_load,Forecasted Load,2026-06-25T06:33:39Z
2026-06-25T06:32:03Z,2026-06-25T08:32:03+0200,cfe43b62-de54-4c74-8f9f-70948ee9d4b6,2026-06-17T19:30:00Z,2026-06-17T21:30:00+0200,55020.658957,MW,DE,DE_LU,forecast_load,Forecasted Load,2026-06-25T06:33:39Z
2026-06-25T06:32:03Z,2026-06-25T08:32:03+0200,cfe43b62-de54-4c74-8f9f-70948ee9d4b6,2026-06-17T19:45:00Z,2026-06-17T21:45:00+0200,54368.620429,MW,DE,DE_LU,forecast_load,Forecasted Load,2026-06-25T06:33:39Z
2026-06-25T06:32:03Z,2026-06-25T08:32:03+0200,cfe43b62-de54-4c74-8f9f-70948ee9d4b6,2026-06-17T20:00:00Z,2026-06-17T22:00:00+0200,53513.941787,MW,DE,DE_LU,forecast_load,Forecasted Load,2026-06-25T06:33:39Z
2026-06-25T06:32:03Z,2026-06-25T08:32:03+0200,cfe43b62-de54-4c74-8f9f-70948ee9d4b6,2026-06-17T20:15:00Z,2026-06-17T22:15:00+0200,52778.922933,MW,DE,DE_LU,forecast_load,Forecasted Load,2026-06-25T06:33:39Z
2026-06-25T06:32:03Z,2026-06-25T08:32:03+0200,cfe43b62-de54-4c74-8f9f-70948ee9d4b6,2026-06-17T20:30:00Z,2026-06-17T22:30:00+0200,51607.109445,MW,DE,DE_LU,forecast_load,Forecasted Load,2026-06-25T06:33:39Z
2026-06-25T06:32:03Z,2026-06-25T08:32:03+0200,cfe43b62-de54-4c74-8f9f-70948ee9d4b6,2026-06-17T20:45:00Z,2026-06-17T22:45:00+0200,50899.045954,MW,DE,DE_LU,forecast_load,Forecasted Load,2026-06-25T06:33:39Z
2026-06-25T06:32:03Z,2026-06-25T08:32:03+0200,cfe43b62-de54-4c74-8f9f-70948ee9d4b6,2026-06-17T21:00:00Z,2026-06-17T23:00:00+0200,49764.442843,MW,DE,DE_LU,forecast_load,Forecasted Load,2026-06-25T06:33:39Z
2026-06-25T06:32:03Z,2026-06-25T08:32:03+0200,cfe43b62-de54-4c74-8f9f-70948ee9d4b6,2026-06-17T21:15:00Z,2026-06-17T23:15:00+0200,48886.245508,MW,DE,DE_LU,forecast_load,Forecasted Load,2026-06-25T06:33:39Z
2026-06-25T06:32:03Z,2026-06-25T08:32:03+0200,cfe43b62-de54-4c74-8f9f-70948ee9d4b6,2026-06-17T21:30:00Z,2026-06-17T23:30:00+0200,48178.106876,MW,DE,DE_LU,forecast_load,Forecasted Load,2026-06-25T06:33:39Z
2026-06-25T06:32:03Z,2026-06-25T08:32:03+0200,cfe43b62-de54-4c74-8f9f-70948ee9d4b6,2026-06-17T21:45:00Z,2026-06-17T23:45:00+0200,47562.119068,MW,DE,DE_LU,forecast_load,Forecasted Load,2026-06-25T06:33:39Z
2026-06-25T06:32:03Z,2026-06-25T08:32:03+0200,cfe43b62-de54-4c74-8f9f-70948ee9d4b6,2026-06-17T22:00:00Z,2026-06-18T00:00:00+0200,45323.19558,MW,DE,DE_LU,forecast_load,Forecasted Load,2026-06-25T06:33:39Z
2026-06-25T06:32:03Z,2026-06-25T08:32:03+0200,cfe43b62-de54-4c74-8f9f-70948ee9d4b6,2026-06-17T22:15:00Z,2026-06-18T00:15:00+0200,44687.039259,MW,DE,DE_LU,forecast_load,Forecasted Load,2026-06-25T06:33:39Z
2026-06-25T06:32:03Z,2026-06-25T08:32:03+0200,cfe43b62-de54-4c74-8f9f-70948ee9d4b6,2026-06-17T22:30:00Z,2026-06-18T00:30:00+0200,44281.496909,MW,DE,DE_LU,forecast_load,Forecasted Load,2026-06-25T06:33:39Z
2026-06-25T06:32:03Z,2026-06-25T08:32:03+0200,cfe43b62-de54-4c74-8f9f-70948ee9d4b6,2026-06-17T22:45:00Z,2026-06-18T00:45:00+0200,43776.259785,MW,DE,DE_LU,forecast_load,Forecasted Load,2026-06-25T06:33:39Z
2026-06-25T06:32:03Z,2026-06-25T08:32:03+0200,cfe43b62-de54-4c74-8f9f-70948ee9d4b6,2026-06-17T23:00:00Z,2026-06-18T01:00:00+0200,43328.148771,MW,DE,DE_LU,forecast_load,Forecasted Load,2026-06-25T06:33:39Z
2026-06-25T06:32:03Z,2026-06-25T08:32:03+0200,cfe43b62-de54-4c74-8f9f-70948ee9d4b6,2026-06-17T23:15:00Z,2026-06-18T01:15:00+0200,42934.212371,MW,DE,DE_LU,forecast_load,Forecasted Load,2026-06-25T06:33:39Z
2026-06-25T06:32:03Z,2026-06-25T08:32:03+0200,cfe43b62-de54-4c74-8f9f-70948ee9d4b6,2026-06-17T23:30:00Z,2026-06-18T01:30:00+0200,42588.776488,MW,DE,DE_LU,forecast_load,Forecasted Load,2026-06-25T06:33:39Z
2026-06-25T06:32:03Z,2026-06-25T08:32:03+0200,cfe43b62-de54-4c74-8f9f-70948ee9d4b6,2026-06-17T23:45:00Z,2026-06-18T01:45:00+0200,42352.898852,MW,DE,DE_LU,forecast_load,Forecasted Load,2026-06-25T06:33:39Z
2026-06-25T06:32:03Z,2026-06-25T08:32:03+0200,cfe43b62-de54-4c74-8f9f-70948ee9d4b6,2026-06-18T00:00:00Z,2026-06-18T02:00:00+0200,42051.254628,MW,DE,DE_LU,forecast_load,Forecasted Load,2026-06-25T06:33:39Z
2026-06-25T06:32:03Z,2026-06-25T08:32:03+0200,cfe43b62-de54-4c74-8f9f-70948ee9d4b6,2026-06-18T00:15:00Z,2026-06-18T02:15:00+0200,41852.003531,MW,DE,DE_LU,forecast_load,Forecasted Load,2026-06-25T06:33:39Z
2026-06-25T06:32:03Z,2026-06-25T08:32:03+0200,cfe43b62-de54-4c74-8f9f-70948ee9d4b6,2026-06-18T00:30:00Z,2026-06-18T02:30:00+0200,41707.191493,MW,DE,DE_LU,forecast_load,Forecasted Load,2026-06-25T06:33:39Z
2026-06-25T06:32:03Z,2026-06-25T08:32:03+0200,cfe43b62-de54-4c74-8f9f-70948ee9d4b6,2026-06-18T00:45:00Z,2026-06-18T02:45:00+0200,41704.081125,MW,DE,DE_LU,forecast_load,Forecasted Load,2026-06-25T06:33:39Z
2026-06-25T06:32:03Z,2026-06-25T08:32:03+0200,cfe43b62-de54-4c74-8f9f-70948ee9d4b6,2026-06-18T01:00:00Z,2026-06-18T03:00:00+0200,41636.65883,MW,DE,DE_LU,forecast_load,Forecasted Load,2026-06-25T06:33:39Z
2026-06-25T06:32:03Z,2026-06-25T08:32:03+0200,cfe43b62-de54-4c74-8f9f-70948ee9d4b6,2026-06-18T01:15:00Z,2026-06-18T03:15:00+0200,41642.219926,MW,DE,DE_LU,forecast_load,Forecasted Load,2026-06-25T06:33:39Z
2026-06-25T06:32:03Z,2026-06-25T08:32:03+0200,cfe43b62-de54-4c74-8f9f-70948ee9d4b6,2026-06-18T01:30:00Z,2026-06-18T03:30:00+0200,41750.264518,MW,DE,DE_LU,forecast_load,Forecasted Load,2026-06-25T06:33:39Z
2026-06-25T06:32:03Z,2026-06-25T08:32:03+0200,cfe43b62-de54-4c74-8f9f-70948ee9d4b6,2026-06-18T01:45:00Z,2026-06-18T03:45:00+0200,41867.021231,MW,DE,DE_LU,forecast_load,Forecasted Load,2026-06-25T06:33:39Z
2026-06-25T06:32:03Z,2026-06-25T08:32:03+0200,cfe43b62-de54-4c74-8f9f-70948ee9d4b6,2026-06-18T02:00:00Z,2026-06-18T04:00:00+0200,42070.386671,MW,DE,DE_LU,forecast_load,Forecasted Load,2026-06-25T06:33:39Z
2026-06-25T06:32:03Z,2026-06-25T08:32:03+0200,cfe43b62-de54-4c74-8f9f-70948ee9d4b6,2026-06-18T02:15:00Z,2026-06-18T04:15:00+0200,42200.473739,MW,DE,DE_LU,forecast_load,Forecasted Load,2026-06-25T06:33:39Z
2026-06-25T06:32:03Z,2026-06-25T08:32:03+0200,cfe43b62-de54-4c74-8f9f-70948ee9d4b6,2026-06-18T02:30:00Z,2026-06-18T04:30:00+0200,42618.231208,MW,DE,DE_LU,forecast_load,Forecasted Load,2026-06-25T06:33:39Z
2026-06-25T06:32:03Z,2026-06-25T08:32:03+0200,cfe43b62-de54-4c74-8f9f-70948ee9d4b6,2026-06-18T02:45:00Z,2026-06-18T04:45:00+0200,42861.828889,MW,DE,DE_LU,forecast_load,Forecasted Load,2026-06-25T06:33:39Z
2026-06-25T06:32:03Z,2026-06-25T08:32:03+0200,cfe43b62-de54-4c74-8f9f-70948ee9d4b6,2026-06-18T03:00:00Z,2026-06-18T05:00:00+0200,43711.363555,MW,DE,DE_LU,forecast_load,Forecasted Load,2026-06-25T06:33:39Z
2026-06-25T06:32:03Z,2026-06-25T08:32:03+0200,cfe43b62-de54-4c74-8f9f-70948ee9d4b6,2026-06-18T03:15:00Z,2026-06-18T05:15:00+0200,43643.843255,MW,DE,DE_LU,forecast_load,Forecasted Load,2026-06-25T06:33:39Z
2026-06-25T06:32:03Z,2026-06-25T08:32:03+0200,cfe43b62-de54-4c74-8f9f-70948ee9d4b6,2026-06-18T03:30:00Z,2026-06-18T05:30:00+0200,45050.477057,MW,DE,DE_LU,forecast_load,Forecasted Load,2026-06-25T06:33:39Z
2026-06-25T06:32:03Z,2026-06-25T08:32:03+0200,cfe43b62-de54-4c74-8f9f-70948ee9d4b6,2026-06-18T03:45:00Z,2026-06-18T05:45:00+0200,46410.982331,MW,DE,DE_LU,forecast_load,Forecasted Load,2026-06-25T06:33:39Z
2026-06-25T06:32:03Z,2026-06-25T08:32:03+0200,cfe43b62-de54-4c74-8f9f-70948ee9d4b6,2026-06-18T04:00:00Z,2026-06-18T06:00:00+0200,48961.73434,MW,DE,DE_LU,forecast_load,Forecasted Load,2026-06-25T06:33:39Z
2026-06-25T06:32:03Z,2026-06-25T08:32:03+0200,cfe43b62-de54-4c74-8f9f-70948ee9d4b6,2026-06-18T04:15:00Z,2026-06-18T06:15:00+0200,49816.072822,MW,DE,DE_LU,forecast_load,Forecasted Load,2026-06-25T06:33:39Z
2026-06-25T06:32:03Z,2026-06-25T08:32:03+0200,cfe43b62-de54-4c74-8f9f-70948ee9d4b6,2026-06-18T04:30:00Z,2026-06-18T06:30:00+0200,51199.036284,MW,DE,DE_LU,forecast_load,Forecasted Load,2026-06-25T06:33:39Z
2026-06-25T06:32:03Z,2026-06-25T08:32:03+0200,cfe43b62-de54-4c74-8f9f-70948ee9d4b6,2026-06-18T04:45:00Z,2026-06-18T06:45:00+0200,52591.764287,MW,DE,DE_LU,forecast_load,Forecasted Load,2026-06-25T06:33:39Z
2026-06-25T06:32:03Z,2026-06-25T08:32:03+0200,cfe43b62-de54-4c74-8f9f-70948ee9d4b6,2026-06-18T05:00:00Z,2026-06-18T07:00:00+0200,53768.804861,MW,DE,DE_LU,forecast_load,Forecasted Load,2026-06-25T06:33:39Z
2026-06-25T06:32:03Z,2026-06-25T08:32:03+0200,cfe43b62-de54-4c74-8f9f-70948ee9d4b6,2026-06-18T05:15:00Z,2026-06-18T07:15:00+0200,54946.211216,MW,DE,DE_LU,forecast_load,Forecasted Load,2026-06-25T06:33:39Z
2026-06-25T06:32:03Z,2026-06-25T08:32:03+0200,cfe43b62-de54-4c74-8f9f-70948ee9d4b6,2026-06-18T05:30:00Z,2026-06-18T07:30:00+0200,56346.987966,MW,DE,DE_LU,forecast_load,Forecasted Load,2026-06-25T06:33:39Z
2026-06-25T06:32:03Z,2026-06-25T08:32:03+0200,cfe43b62-de54-4c74-8f9f-70948ee9d4b6,2026-06-18T05:45:00Z,2026-06-18T07:45:00+0200,57328.032654,MW,DE,DE_LU,forecast_load,Forecasted Load,2026-06-25T06:33:39Z
2026-06-25T06:32:03Z,2026-06-25T08:32:03+0200,cfe43b62-de54-4c74-8f9f-70948ee9d4b6,2026-06-18T06:00:00Z,2026-06-18T08:00:00+0200,57903.562511,MW,DE,DE_LU,forecast_load,Forecasted Load,2026-06-25T06:33:39Z
2026-06-25T06:32:03Z,2026-06-25T08:32:03+0200,cfe43b62-de54-4c74-8f9f-70948ee9d4b6,2026-06-18T06:15:00Z,2026-06-18T08:15:00+0200,58537.897469,MW,DE,DE_LU,forecast_load,Forecasted Load,2026-06-25T06:33:39Z
2026-06-25T06:32:03Z,2026-06-25T08:32:03+0200,cfe43b62-de54-4c74-8f9f-70948ee9d4b6,2026-06-18T06:30:00Z,2026-06-18T08:30:00+0200,58996.09636,MW,DE,DE_LU,forecast_load,Forecasted Load,2026-06-25T06:33:39Z
2026-06-25T06:32:03Z,2026-06-25T08:32:03+0200,cfe43b62-de54-4c74-8f9f-70948ee9d4b6,2026-06-18T06:45:00Z,2026-06-18T08:45:00+0200,59425.932824,MW,DE,DE_LU,forecast_load,Forecasted Load,2026-06-25T06:33:39Z
2026-06-25T06:32:03Z,2026-06-25T08:32:03+0200,cfe43b62-de54-4c74-8f9f-70948ee9d4b6,2026-06-18T07:00:00Z,2026-06-18T09:00:00+0200,59355.508612,MW,DE,DE_LU,forecast_load,Forecasted Load,2026-06-25T06:33:39Z
2026-06-25T06:32:03Z,2026-06-25T08:32:03+0200,cfe43b62-de54-4c74-8f9f-70948ee9d4b6,2026-06-18T07:15:00Z,2026-06-18T09:15:00+0200,59257.219641,MW,DE,DE_LU,forecast_load,Forecasted Load,2026-06-25T06:33:39Z
2026-06-25T06:32:03Z,2026-06-25T08:32:03+0200,cfe43b62-de54-4c74-8f9f-70948ee9d4b6,2026-06-18T07:30:00Z,2026-06-18T09:30:00+0200,59823.129357,MW,DE,DE_LU,forecast_load,Forecasted Load,2026-06-25T06:33:39Z
2026-06-25T06:32:03Z,2026-06-25T08:32:03+0200,cfe43b62-de54-4c74-8f9f-70948ee9d4b6,2026-06-18T07:45:00Z,2026-06-18T09:45:00+0200,60320.142672,MW,DE,DE_LU,forecast_load,Forecasted Load,2026-06-25T06:33:39Z
2026-06-25T06:32:03Z,2026-06-25T08:32:03+0200,cfe43b62-de54-4c74-8f9f-70948ee9d4b6,2026-06-18T08:00:00Z,2026-06-18T10:00:00+0200,59981.377569,MW,DE,DE_LU,forecast_load,Forecasted Load,2026-06-25T06:33:39Z
2026-06-25T06:32:03Z,2026-06-25T08:32:03+0200,cfe43b62-de54-4c74-8f9f-70948ee9d4b6,2026-06-18T08:15:00Z,2026-06-18T10:15:00+0200,60244.687901,MW,DE,DE_LU,forecast_load,Forecasted Load,2026-06-25T06:33:39Z
2026-06-25T06:32:03Z,2026-06-25T08:32:03+0200,cfe43b62-de54-4c74-8f9f-70948ee9d4b6,2026-06-18T08:30:00Z,2026-06-18T10:30:00+0200,60422.904009,MW,DE,DE_LU,forecast_load,Forecasted Load,2026-06-25T06:33:39Z
2026-06-25T06:32:03Z,2026-06-25T08:32:03+0200,cfe43b62-de54-4c74-8f9f-70948ee9d4b6,2026-06-18T08:45:00Z,2026-06-18T10:45:00+0200,60332.299317,MW,DE,DE_LU,forecast_load,Forecasted Load,2026-06-25T06:33:39Z
2026-06-25T06:32:03Z,2026-06-25T08:32:03+0200,cfe43b62-de54-4c74-8f9f-70948ee9d4b6,2026-06-18T09:00:00Z,2026-06-18T11:00:00+0200,60404.482343,MW,DE,DE_LU,forecast_load,Forecasted Load,2026-06-25T06:33:39Z
2026-06-25T06:32:03Z,2026-06-25T08:32:03+0200,cfe43b62-de54-4c74-8f9f-70948ee9d4b6,2026-06-18T09:15:00Z,2026-06-18T11:15:00+0200,60314.926163,MW,DE,DE_LU,forecast_load,Forecasted Load,2026-06-25T06:33:39Z
2026-06-25T06:32:03Z,2026-06-25T08:32:03+0200,cfe43b62-de54-4c74-8f9f-70948ee9d4b6,2026-06-18T09:30:00Z,2026-06-18T11:30:00+0200,60039.374524,MW,DE,DE_LU,forecast_load,Forecasted Load,2026-06-25T06:33:39Z
2026-06-25T06:32:03Z,2026-06-25T08:32:03+0200,cfe43b62-de54-4c74-8f9f-70948ee9d4b6,2026-06-18T09:45:00Z,2026-06-18T11:45:00+0200,59849.942044,MW,DE,DE_LU,forecast_load,Forecasted Load,2026-06-25T06:33:39Z
2026-06-25T06:32:03Z,2026-06-25T08:32:03+0200,cfe43b62-de54-4c74-8f9f-70948ee9d4b6,2026-06-18T10:00:00Z,2026-06-18T12:00:00+0200,59522.429207,MW,DE,DE_LU,forecast_load,Forecasted Load,2026-06-25T06:33:39Z
2026-06-25T06:32:03Z,2026-06-25T08:32:03+0200,cfe43b62-de54-4c74-8f9f-70948ee9d4b6,2026-06-18T10:15:00Z,2026-06-18T12:15:00+0200,59299.612175,MW,DE,DE_LU,forecast_load,Forecasted Load,2026-06-25T06:33:39Z
2026-06-25T06:32:03Z,2026-06-25T08:32:03+0200,cfe43b62-de54-4c74-8f9f-70948ee9d4b6,2026-06-18T10:30:00Z,2026-06-18T12:30:00+0200,59381.261534,MW,DE,DE_LU,forecast_load,Forecasted Load,2026-06-25T06:33:39Z
2026-06-25T06:32:03Z,2026-06-25T08:32:03+0200,cfe43b62-de54-4c74-8f9f-70948ee9d4b6,2026-06-18T10:45:00Z,2026-06-18T12:45:00+0200,59084.697976,MW,DE,DE_LU,forecast_load,Forecasted Load,2026-06-25T06:33:39Z
2026-06-25T06:32:03Z,2026-06-25T08:32:03+0200,cfe43b62-de54-4c74-8f9f-70948ee9d4b6,2026-06-18T11:00:00Z,2026-06-18T13:00:00+0200,58520.105426,MW,DE,DE_LU,forecast_load,Forecasted Load,2026-06-25T06:33:39Z
2026-06-25T06:32:03Z,2026-06-25T08:32:03+0200,cfe43b62-de54-4c74-8f9f-70948ee9d4b6,2026-06-18T11:15:00Z,2026-06-18T13:15:00+0200,58401.521511,MW,DE,DE_LU,forecast_load,Forecasted Load,2026-06-25T06:33:39Z
2026-06-25T06:32:03Z,2026-06-25T08:32:03+0200,cfe43b62-de54-4c74-8f9f-70948ee9d4b6,2026-06-18T11:30:00Z,2026-06-18T13:30:00+0200,57617.580662,MW,DE,DE_LU,forecast_load,Forecasted Load,2026-06-25T06:33:39Z
2026-06-25T06:32:03Z,2026-06-25T08:32:03+0200,cfe43b62-de54-4c74-8f9f-70948ee9d4b6,2026-06-18T11:45:00Z,2026-06-18T13:45:00+0200,57241.323451,MW,DE,DE_LU,forecast_load,Forecasted Load,2026-06-25T06:33:39Z
2026-06-25T06:32:03Z,2026-06-25T08:32:03+0200,cfe43b62-de54-4c74-8f9f-70948ee9d4b6,2026-06-18T12:00:00Z,2026-06-18T14:00:00+0200,56798.722152,MW,DE,DE_LU,forecast_load,Forecasted Load,2026-06-25T06:33:39Z
2026-06-25T06:32:03Z,2026-06-25T08:32:03+0200,cfe43b62-de54-4c74-8f9f-70948ee9d4b6,2026-06-18T12:15:00Z,2026-06-18T14:15:00+0200,56655.317574,MW,DE,DE_LU,forecast_load,Forecasted Load,2026-06-25T06:33:39Z
2026-06-25T06:32:03Z,2026-06-25T08:32:03+0200,cfe43b62-de54-4c74-8f9f-70948ee9d4b6,2026-06-18T12:30:00Z,2026-06-18T14:30:00+0200,56340.020026,MW,DE,DE_LU,forecast_load,Forecasted Load,2026-06-25T06:33:39Z
2026-06-25T06:32:03Z,2026-06-25T08:32:03+0200,cfe43b62-de54-4c74-8f9f-70948ee9d4b6,2026-06-18T12:45:00Z,2026-06-18T14:45:00+0200,56080.391577,MW,DE,DE_LU,forecast_load,Forecasted Load,2026-06-25T06:33:39Z
2026-06-25T06:32:03Z,2026-06-25T08:32:03+0200,cfe43b62-de54-4c74-8f9f-70948ee9d4b6,2026-06-18T13:00:00Z,2026-06-18T15:00:00+0200,56157.743003,MW,DE,DE_LU,forecast_load,Forecasted Load,2026-06-25T06:33:39Z
2026-06-25T06:32:03Z,2026-06-25T08:32:03+0200,cfe43b62-de54-4c74-8f9f-70948ee9d4b6,2026-06-18T13:15:00Z,2026-06-18T15:15:00+0200,55967.114661,MW,DE,DE_LU,forecast_load,Forecasted Load,2026-06-25T06:33:39Z
2026-06-25T06:32:03Z,2026-06-25T08:32:03+0200,cfe43b62-de54-4c74-8f9f-70948ee9d4b6,2026-06-18T13:30:00Z,2026-06-18T15:30:00+0200,55403.084412,MW,DE,DE_LU,forecast_load,Forecasted Load,2026-06-25T06:33:39Z
2026-06-25T06:32:03Z,2026-06-25T08:32:03+0200,cfe43b62-de54-4c74-8f9f-70948ee9d4b6,2026-06-18T13:45:00Z,2026-06-18T15:45:00+0200,55071.869285,MW,DE,DE_LU,forecast_load,Forecasted Load,2026-06-25T06:33:39Z
2026-06-25T06:32:03Z,2026-06-25T08:32:03+0200,cfe43b62-de54-4c74-8f9f-70948ee9d4b6,2026-06-18T14:00:00Z,2026-06-18T16:00:00+0200,55383.945664,MW,DE,DE_LU,forecast_load,Forecasted Load,2026-06-25T06:33:39Z
2026-06-25T06:32:03Z,2026-06-25T08:32:03+0200,cfe43b62-de54-4c74-8f9f-70948ee9d4b6,2026-06-18T14:15:00Z,2026-06-18T16:15:00+0200,54504.886115,MW,DE,DE_LU,forecast_load,Forecasted Load,2026-06-25T06:33:39Z
2026-06-25T06:32:03Z,2026-06-25T08:32:03+0200,cfe43b62-de54-4c74-8f9f-70948ee9d4b6,2026-06-18T14:30:00Z,2026-06-18T16:30:00+0200,54182.452886,MW,DE,DE_LU,forecast_load,Forecasted Load,2026-06-25T06:33:39Z
2026-06-25T06:32:03Z,2026-06-25T08:32:03+0200,cfe43b62-de54-4c74-8f9f-70948ee9d4b6,2026-06-18T14:45:00Z,2026-06-18T16:45:00+0200,54226.246347,MW,DE,DE_LU,forecast_load,Forecasted Load,2026-06-25T06:33:39Z
2026-06-25T06:32:03Z,2026-06-25T08:32:03+0200,cfe43b62-de54-4c74-8f9f-70948ee9d4b6,2026-06-18T15:00:00Z,2026-06-18T17:00:00+0200,54607.439902,MW,DE,DE_LU,forecast_load,Forecasted Load,2026-06-25T06:33:39Z
2026-06-25T06:32:03Z,2026-06-25T08:32:03+0200,cfe43b62-de54-4c74-8f9f-70948ee9d4b6,2026-06-18T15:15:00Z,2026-06-18T17:15:00+0200,54248.933595,MW,DE,DE_LU,forecast_load,Forecasted Load,2026-06-25T06:33:39Z
2026-06-25T06:32:03Z,2026-06-25T08:32:03+0200,cfe43b62-de54-4c74-8f9f-70948ee9d4b6,2026-06-18T15:30:00Z,2026-06-18T17:30:00+0200,54222.090166,MW,DE,DE_LU,forecast_load,Forecasted Load,2026-06-25T06:33:39Z
2026-06-25T06:32:03Z,2026-06-25T08:32:03+0200,cfe43b62-de54-4c74-8f9f-70948ee9d4b6,2026-06-18T15:45:00Z,2026-06-18T17:45:00+0200,54406.825286,MW,DE,DE_LU,forecast_load,Forecasted Load,2026-06-25T06:33:39Z
2026-06-25T06:32:03Z,2026-06-25T08:32:03+0200,cfe43b62-de54-4c74-8f9f-70948ee9d4b6,2026-06-18T16:00:00Z,2026-06-18T18:00:00+0200,54723.197381,MW,DE,DE_LU,forecast_load,Forecasted Load,2026-06-25T06:33:39Z
2026-06-25T06:32:03Z,2026-06-25T08:32:03+0200,cfe43b62-de54-4c74-8f9f-70948ee9d4b6,2026-06-18T16:15:00Z,2026-06-18T18:15:00+0200,54954.621277,MW,DE,DE_LU,forecast_load,Forecasted Load,2026-06-25T06:33:39Z
2026-06-25T06:32:03Z,2026-06-25T08:32:03+0200,cfe43b62-de54-4c74-8f9f-70948ee9d4b6,2026-06-18T16:30:00Z,2026-06-18T18:30:00+0200,55180.22817,MW,DE,DE_LU,forecast_load,Forecasted Load,2026-06-25T06:33:39Z
2026-06-25T06:32:03Z,2026-06-25T08:32:03+0200,cfe43b62-de54-4c74-8f9f-70948ee9d4b6,2026-06-18T16:45:00Z,2026-06-18T18:45:00+0200,55217.451144,MW,DE,DE_LU,forecast_load,Forecasted Load,2026-06-25T06:33:39Z
2026-06-25T06:32:03Z,2026-06-25T08:32:03+0200,cfe43b62-de54-4c74-8f9f-70948ee9d4b6,2026-06-18T17:00:00Z,2026-06-18T19:00:00+0200,55742.494111,MW,DE,DE_LU,forecast_load,Forecasted Load,2026-06-25T06:33:39Z
2026-06-25T06:32:03Z,2026-06-25T08:32:03+0200,cfe43b62-de54-4c74-8f9f-70948ee9d4b6,2026-06-18T17:15:00Z,2026-06-18T19:15:00+0200,55731.204579,MW,DE,DE_LU,forecast_load,Forecasted Load,2026-06-25T06:33:39Z
2026-06-25T06:32:03Z,2026-06-25T08:32:03+0200,cfe43b62-de54-4c74-8f9f-70948ee9d4b6,2026-06-18T17:30:00Z,2026-06-18T19:30:00+0200,55628.942516,MW,DE,DE_LU,forecast_load,Forecasted Load,2026-06-25T06:33:39Z
2026-06-25T06:32:03Z,2026-06-25T08:32:03+0200,cfe43b62-de54-4c74-8f9f-70948ee9d4b6,2026-06-18T17:45:00Z,2026-06-18T19:45:00+0200,55400.917022,MW,DE,DE_LU,forecast_load,Forecasted Load,2026-06-25T06:33:39Z
2026-06-25T06:32:03Z,2026-06-25T08:32:03+0200,cfe43b62-de54-4c74-8f9f-70948ee9d4b6,2026-06-18T18:00:00Z,2026-06-18T20:00:00+0200,55021.642834,MW,DE,DE_LU,forecast_load,Forecasted Load,2026-06-25T06:33:39Z
2026-06-25T06:32:03Z,2026-06-25T08:32:03+0200,cfe43b62-de54-4c74-8f9f-70948ee9d4b6,2026-06-18T18:15:00Z,2026-06-18T20:15:00+0200,54485.493479,MW,DE,DE_LU,forecast_load,Forecasted Load,2026-06-25T06:33:39Z
2026-06-25T06:32:03Z,2026-06-25T08:32:03+0200,cfe43b62-de54-4c74-8f9f-70948ee9d4b6,2026-06-18T18:30:00Z,2026-06-18T20:30:00+0200,54036.961297,MW,DE,DE_LU,forecast_load,Forecasted Load,2026-06-25T06:33:39Z
2026-06-25T06:32:03Z,2026-06-25T08:32:03+0200,cfe43b62-de54-4c74-8f9f-70948ee9d4b6,2026-06-18T18:45:00Z,2026-06-18T20:45:00+0200,53604.34131,MW,DE,DE_LU,forecast_load,Forecasted Load,2026-06-25T06:33:39Z
2026-06-25T06:32:03Z,2026-06-25T08:32:03+0200,cfe43b62-de54-4c74-8f9f-70948ee9d4b6,2026-06-18T19:00:00Z,2026-06-18T21:00:00+0200,52978.899582,MW,DE,DE_LU,forecast_load,Forecasted Load,2026-06-25T06:33:39Z
2026-06-25T06:32:03Z,2026-06-25T08:32:03+0200,cfe43b62-de54-4c74-8f9f-70948ee9d4b6,2026-06-18T19:15:00Z,2026-06-18T21:15:00+0200,52509.087972,MW,DE,DE_LU,forecast_load,Forecasted Load,2026-06-25T06:33:39Z
2026-06-25T06:32:03Z,2026-06-25T08:32:03+0200,cfe43b62-de54-4c74-8f9f-70948ee9d4b6,2026-06-18T19:30:00Z,2026-06-18T21:30:00+0200,51859.181492,MW,DE,DE_LU,forecast_load,Forecasted Load,2026-06-25T06:33:39Z
2026-06-25T06:32:03Z,2026-06-25T08:32:03+0200,cfe43b62-de54-4c74-8f9f-70948ee9d4b6,2026-06-18T19:45:00Z,2026-06-18T21:45:00+0200,51343.737926,MW,DE,DE_LU,forecast_load,Forecasted Load,2026-06-25T06:33:39Z
2026-06-25T06:32:03Z,2026-06-25T08:32:03+0200,cfe43b62-de54-4c74-8f9f-70948ee9d4b6,2026-06-18T20:00:00Z,2026-06-18T22:00:00+0200,50544.049217,MW,DE,DE_LU,forecast_load,Forecasted Load,2026-06-25T06:33:39Z
2026-06-25T06:32:03Z,2026-06-25T08:32:03+0200,cfe43b62-de54-4c74-8f9f-70948ee9d4b6,2026-06-18T20:15:00Z,2026-06-18T22:15:00+0200,49696.910509,MW,DE,DE_LU,forecast_load,Forecasted Load,2026-06-25T06:33:39Z
2026-06-25T06:32:03Z,2026-06-25T08:32:03+0200,cfe43b62-de54-4c74-8f9f-70948ee9d4b6,2026-06-18T20:30:00Z,2026-06-18T22:30:00+0200,48743.89212,MW,DE,DE_LU,forecast_load,Forecasted Load,2026-06-25T06:33:39Z
2026-06-25T06:32:03Z,2026-06-25T08:32:03+0200,cfe43b62-de54-4c74-8f9f-70948ee9d4b6,2026-06-18T20:45:00Z,2026-06-18T22:45:00+0200,47978.906085,MW,DE,DE_LU,forecast_load,Forecasted Load,2026-06-25T06:33:39Z
2026-06-25T06:32:03Z,2026-06-25T08:32:03+0200,cfe43b62-de54-4c74-8f9f-70948ee9d4b6,2026-06-18T21:00:00Z,2026-06-18T23:00:00+0200,47125.216796,MW,DE,DE_LU,forecast_load,Forecasted Load,2026-06-25T06:33:39Z
2026-06-25T06:32:03Z,2026-06-25T08:32:03+0200,cfe43b62-de54-4c74-8f9f-70948ee9d4b6,2026-06-18T21:15:00Z,2026-06-18T23:15:00+0200,46310.960156,MW,DE,DE_LU,forecast_load,Forecasted Load,2026-06-25T06:33:39Z
2026-06-25T06:32:03Z,2026-06-25T08:32:03+0200,cfe43b62-de54-4c74-8f9f-70948ee9d4b6,2026-06-18T21:30:00Z,2026-06-18T23:30:00+0200,45562.081345,MW,DE,DE_LU,forecast_load,Forecasted Load,2026-06-25T06:33:39Z
2026-06-25T06:32:03Z,2026-06-25T08:32:03+0200,cfe43b62-de54-4c74-8f9f-70948ee9d4b6,2026-06-18T21:45:00Z,2026-06-18T23:45:00+0200,45000.924059,MW,DE,DE_LU,forecast_load,Forecasted Load,2026-06-25T06:33:39Z
2026-06-25T06:32:03Z,2026-06-25T08:32:03+0200,cfe43b62-de54-4c74-8f9f-70948ee9d4b6,2026-06-18T22:00:00Z,2026-06-19T00:00:00+0200,45104.904029,MW,DE,DE_LU,forecast_load,Forecasted Load,2026-06-25T06:33:39Z
2026-06-25T06:32:03Z,2026-06-25T08:32:03+0200,cfe43b62-de54-4c74-8f9f-70948ee9d4b6,2026-06-18T22:15:00Z,2026-06-19T00:15:00+0200,44414.371072,MW,DE,DE_LU,forecast_load,Forecasted Load,2026-06-25T06:33:39Z
2026-06-25T06:32:03Z,2026-06-25T08:32:03+0200,cfe43b62-de54-4c74-8f9f-70948ee9d4b6,2026-06-18T22:30:00Z,2026-06-19T00:30:00+0200,43970.619622,MW,DE,DE_LU,forecast_load,Forecasted Load,2026-06-25T06:33:39Z
2026-06-25T06:32:03Z,2026-06-25T08:32:03+0200,cfe43b62-de54-4c74-8f9f-70948ee9d4b6,2026-06-18T22:45:00Z,2026-06-19T00:45:00+0200,43562.728373,MW,DE,DE_LU,forecast_load,Forecasted Load,2026-06-25T06:33:39Z
2026-06-25T06:32:03Z,2026-06-25T08:32:03+0200,cfe43b62-de54-4c74-8f9f-70948ee9d4b6,2026-06-18T23:00:00Z,2026-06-19T01:00:00+0200,43163.226193,MW,DE,DE_LU,forecast_load,Forecasted Load,2026-06-25T06:33:39Z
2026-06-25T06:32:03Z,2026-06-25T08:32:03+0200,cfe43b62-de54-4c74-8f9f-70948ee9d4b6,2026-06-18T23:15:00Z,2026-06-19T01:15:00+0200,42752.355827,MW,DE,DE_LU,forecast_load,Forecasted Load,2026-06-25T06:33:39Z
2026-06-25T06:32:03Z,2026-06-25T08:32:03+0200,cfe43b62-de54-4c74-8f9f-70948ee9d4b6,2026-06-18T23:30:00Z,2026-06-19T01:30:00+0200,42468.472358,MW,DE,DE_LU,forecast_load,Forecasted Load,2026-06-25T06:33:39Z
2026-06-25T06:32:03Z,2026-06-25T08:32:03+0200,cfe43b62-de54-4c74-8f9f-70948ee9d4b6,2026-06-18T23:45:00Z,2026-06-19T01:45:00+0200,42194.918718,MW,DE,DE_LU,forecast_load,Forecasted Load,2026-06-25T06:33:39Z
2026-06-25T06:32:03Z,2026-06-25T08:32:03+0200,cfe43b62-de54-4c74-8f9f-70948ee9d4b6,2026-06-19T00:00:00Z,2026-06-19T02:00:00+0200,41982.0505,MW,DE,DE_LU,forecast_load,Forecasted Load,2026-06-25T06:33:39Z
2026-06-25T06:32:03Z,2026-06-25T08:32:03+0200,cfe43b62-de54-4c74-8f9f-70948ee9d4b6,2026-06-19T00:15:00Z,2026-06-19T02:15:00+0200,41744.935985,MW,DE,DE_LU,forecast_load,Forecasted Load,2026-06-25T06:33:39Z
2026-06-25T06:32:03Z,2026-06-25T08:32:03+0200,cfe43b62-de54-4c74-8f9f-70948ee9d4b6,2026-06-19T00:30:00Z,2026-06-19T02:30:00+0200,41769.482105,MW,DE,DE_LU,forecast_load,Forecasted Load,2026-06-25T06:33:39Z
2026-06-25T06:32:03Z,2026-06-25T08:32:03+0200,cfe43b62-de54-4c74-8f9f-70948ee9d4b6,2026-06-19T00:45:00Z,2026-06-19T02:45:00+0200,41526.945282,MW,DE,DE_LU,forecast_load,Forecasted Load,2026-06-25T06:33:39Z
2026-06-25T06:32:03Z,2026-06-25T08:32:03+0200,cfe43b62-de54-4c74-8f9f-70948ee9d4b6,2026-06-19T01:00:00Z,2026-06-19T03:00:00+0200,41466.087724,MW,DE,DE_LU,forecast_load,Forecasted Load,2026-06-25T06:33:39Z
2026-06-25T06:32:03Z,2026-06-25T08:32:03+0200,cfe43b62-de54-4c74-8f9f-70948ee9d4b6,2026-06-19T01:15:00Z,2026-06-19T03:15:00+0200,41524.436347,MW,DE,DE_LU,forecast_load,Forecasted Load,2026-06-25T06:33:39Z
2026-06-25T06:32:03Z,2026-06-25T08:32:03+0200,cfe43b62-de54-4c74-8f9f-70948ee9d4b6,2026-06-19T01:30:00Z,2026-06-19T03:30:00+0200,41564.08014,MW,DE,DE_LU,forecast_load,Forecasted Load,2026-06-25T06:33:39Z
2026-06-25T06:32:03Z,2026-06-25T08:32:03+0200,cfe43b62-de54-4c74-8f9f-70948ee9d4b6,2026-06-19T01:45:00Z,2026-06-19T03:45:00+0200,41700.129027,MW,DE,DE_LU,forecast_load,Forecasted Load,2026-06-25T06:33:39Z
2026-06-25T06:32:03Z,2026-06-25T08:32:03+0200,cfe43b62-de54-4c74-8f9f-70948ee9d4b6,2026-06-19T02:00:00Z,2026-06-19T04:00:00+0200,42053.34659,MW,DE,DE_LU,forecast_load,Forecasted Load,2026-06-25T06:33:39Z
2026-06-25T06:32:03Z,2026-06-25T08:32:03+0200,cfe43b62-de54-4c74-8f9f-70948ee9d4b6,2026-06-19T02:15:00Z,2026-06-19T04:15:00+0200,42313.921446,MW,DE,DE_LU,forecast_load,Forecasted Load,2026-06-25T06:33:39Z
2026-06-25T06:32:03Z,2026-06-25T08:32:03+0200,cfe43b62-de54-4c74-8f9f-70948ee9d4b6,2026-06-19T02:30:00Z,2026-06-19T04:30:00+0200,42776.198857,MW,DE,DE_LU,forecast_load,Forecasted Load,2026-06-25T06:33:39Z
2026-06-25T06:32:03Z,2026-06-25T08:32:03+0200,cfe43b62-de54-4c74-8f9f-70948ee9d4b6,2026-06-19T02:45:00Z,2026-06-19T04:45:00+0200,43044.747113,MW,DE,DE_LU,forecast_load,Forecasted Load,2026-06-25T06:33:39Z
2026-06-25T06:32:03Z,2026-06-25T08:32:03+0200,cfe43b62-de54-4c74-8f9f-70948ee9d4b6,2026-06-19T03:00:00Z,2026-06-19T05:00:00+0200,44081.196474,MW,DE,DE_LU,forecast_load,Forecasted Load,2026-06-25T06:33:39Z
2026-06-25T06:32:03Z,2026-06-25T08:32:03+0200,cfe43b62-de54-4c74-8f9f-70948ee9d4b6,2026-06-19T03:15:00Z,2026-06-19T05:15:00+0200,43991.608372,MW,DE,DE_LU,forecast_load,Forecasted Load,2026-06-25T06:33:39Z
2026-06-25T06:32:03Z,2026-06-25T08:32:03+0200,cfe43b62-de54-4c74-8f9f-70948ee9d4b6,2026-06-19T03:30:00Z,2026-06-19T05:30:00+0200,45251.273465,MW,DE,DE_LU,forecast_load,Forecasted Load,2026-06-25T06:33:39Z
2026-06-25T06:32:03Z,2026-06-25T08:32:03+0200,cfe43b62-de54-4c74-8f9f-70948ee9d4b6,2026-06-19T03:45:00Z,2026-06-19T05:45:00+0200,46462.535824,MW,DE,DE_LU,forecast_load,Forecasted Load,2026-06-25T06:33:39Z
2026-06-25T06:32:03Z,2026-06-25T08:32:03+0200,cfe43b62-de54-4c74-8f9f-70948ee9d4b6,2026-06-19T04:00:00Z,2026-06-19T06:00:00+0200,48758.568023,MW,DE,DE_LU,forecast_load,Forecasted Load,2026-06-25T06:33:39Z
2026-06-25T06:32:03Z,2026-06-25T08:32:03+0200,cfe43b62-de54-4c74-8f9f-70948ee9d4b6,2026-06-19T04:15:00Z,2026-06-19T06:15:00+0200,49788.542829,MW,DE,DE_LU,forecast_load,Forecasted Load,2026-06-25T06:33:39Z
2026-06-25T06:32:03Z,2026-06-25T08:32:03+0200,cfe43b62-de54-4c74-8f9f-70948ee9d4b6,2026-06-19T04:30:00Z,2026-06-19T06:30:00+0200,51308.965564,MW,DE,DE_LU,forecast_load,Forecasted Load,2026-06-25T06:33:39Z
2026-06-25T06:32:03Z,2026-06-25T08:32:03+0200,cfe43b62-de54-4c74-8f9f-70948ee9d4b6,2026-06-19T04:45:00Z,2026-06-19T06:45:00+0200,52517.639087,MW,DE,DE_LU,forecast_load,Forecasted Load,2026-06-25T06:33:39Z
2026-06-25T06:32:03Z,2026-06-25T08:32:03+0200,cfe43b62-de54-4c74-8f9f-70948ee9d4b6,2026-06-19T05:00:00Z,2026-06-19T07:00:00+0200,53526.780298,MW,DE,DE_LU,forecast_load,Forecasted Load,2026-06-25T06:33:39Z
2026-06-25T06:32:03Z,2026-06-25T08:32:03+0200,cfe43b62-de54-4c74-8f9f-70948ee9d4b6,2026-06-19T05:15:00Z,2026-06-19T07:15:00+0200,54803.903402,MW,DE,DE_LU,forecast_load,Forecasted Load,2026-06-25T06:33:39Z
2026-06-25T06:32:03Z,2026-06-25T08:32:03+0200,cfe43b62-de54-4c74-8f9f-70948ee9d4b6,2026-06-19T05:30:00Z,2026-06-19T07:30:00+0200,55580.762512,MW,DE,DE_LU,forecast_load,Forecasted Load,2026-06-25T06:33:39Z
2026-06-25T06:32:03Z,2026-06-25T08:32:03+0200,cfe43b62-de54-4c74-8f9f-70948ee9d4b6,2026-06-19T05:45:00Z,2026-06-19T07:45:00+0200,56363.429587,MW,DE,DE_LU,forecast_load,Forecasted Load,2026-06-25T06:33:39Z
2026-06-25T06:32:03Z,2026-06-25T08:32:03+0200,cfe43b62-de54-4c74-8f9f-70948ee9d4b6,2026-06-19T06:00:00Z,2026-06-19T08:00:00+0200,56584.514565,MW,DE,DE_LU,forecast_load,Forecasted Load,2026-06-25T06:33:39Z
2026-06-25T06:32:03Z,2026-06-25T08:32:03+0200,cfe43b62-de54-4c74-8f9f-70948ee9d4b6,2026-06-19T06:15:00Z,2026-06-19T08:15:00+0200,57769.072144,MW,DE,DE_LU,forecast_load,Forecasted Load,2026-06-25T06:33:39Z
2026-06-25T06:32:03Z,2026-06-25T08:32:03+0200,cfe43b62-de54-4c74-8f9f-70948ee9d4b6,2026-06-19T06:30:00Z,2026-06-19T08:30:00+0200,58261.56692,MW,DE,DE_LU,forecast_load,Forecasted Load,2026-06-25T06:33:39Z
2026-06-25T06:32:03Z,2026-06-25T08:32:03+0200,cfe43b62-de54-4c74-8f9f-70948ee9d4b6,2026-06-19T06:45:00Z,2026-06-19T08:45:00+0200,58664.493978,MW,DE,DE_LU,forecast_load,Forecasted Load,2026-06-25T06:33:39Z
2026-06-25T06:32:03Z,2026-06-25T08:32:03+0200,cfe43b62-de54-4c74-8f9f-70948ee9d4b6,2026-06-19T07:00:00Z,2026-06-19T09:00:00+0200,58357.58384,MW,DE,DE_LU,forecast_load,Forecasted Load,2026-06-25T06:33:39Z
2026-06-25T06:32:03Z,2026-06-25T08:32:03+0200,cfe43b62-de54-4c74-8f9f-70948ee9d4b6,2026-06-19T07:15:00Z,2026-06-19T09:15:00+0200,58646.650263,MW,DE,DE_LU,forecast_load,Forecasted Load,2026-06-25T06:33:39Z
2026-06-25T06:32:03Z,2026-06-25T08:32:03+0200,cfe43b62-de54-4c74-8f9f-70948ee9d4b6,2026-06-19T07:30:00Z,2026-06-19T09:30:00+0200,58965.305567,MW,DE,DE_LU,forecast_load,Forecasted Load,2026-06-25T06:33:39Z
2026-06-25T06:32:03Z,2026-06-25T08:32:03+0200,cfe43b62-de54-4c74-8f9f-70948ee9d4b6,2026-06-19T07:45:00Z,2026-06-19T09:45:00+0200,59154.005761,MW,DE,DE_LU,forecast_load,Forecasted Load,2026-06-25T06:33:39Z
2026-06-25T06:32:03Z,2026-06-25T08:32:03+0200,cfe43b62-de54-4c74-8f9f-70948ee9d4b6,2026-06-19T08:00:00Z,2026-06-19T10:00:00+0200,58939.316327,MW,DE,DE_LU,forecast_load,Forecasted Load,2026-06-25T06:33:39Z
2026-06-25T06:32:03Z,2026-06-25T08:32:03+0200,cfe43b62-de54-4c74-8f9f-70948ee9d4b6,2026-06-19T08:15:00Z,2026-06-19T10:15:00+0200,59414.995441,MW,DE,DE_LU,forecast_load,Forecasted Load,2026-06-25T06:33:39Z
2026-06-25T06:32:03Z,2026-06-25T08:32:03+0200,cfe43b62-de54-4c74-8f9f-70948ee9d4b6,2026-06-19T08:30:00Z,2026-06-19T10:30:00+0200,59382.867719,MW,DE,DE_LU,forecast_load,Forecasted Load,2026-06-25T06:33:39Z
2026-06-25T06:32:03Z,2026-06-25T08:32:03+0200,cfe43b62-de54-4c74-8f9f-70948ee9d4b6,2026-06-19T08:45:00Z,2026-06-19T10:45:00+0200,59497.965754,MW,DE,DE_LU,forecast_load,Forecasted Load,2026-06-25T06:33:39Z
2026-06-25T06:32:03Z,2026-06-25T08:32:03+0200,cfe43b62-de54-4c74-8f9f-70948ee9d4b6,2026-06-19T09:00:00Z,2026-06-19T11:00:00+0200,58986.032976,MW,DE,DE_LU,forecast_load,Forecasted Load,2026-06-25T06:33:39Z
2026-06-25T06:32:03Z,2026-06-25T08:32:03+0200,cfe43b62-de54-4c74-8f9f-70948ee9d4b6,2026-06-19T09:15:00Z,2026-06-19T11:15:00+0200,58284.860111,MW,DE,DE_LU,forecast_load,Forecasted Load,2026-06-25T06:33:39Z
2026-06-25T06:32:03Z,2026-06-25T08:32:03+0200,cfe43b62-de54-4c74-8f9f-70948ee9d4b6,2026-06-19T09:30:00Z,2026-06-19T11:30:00+0200,58470.151594,MW,DE,DE_LU,forecast_load,Forecasted Load,2026-06-25T06:33:39Z
2026-06-25T06:32:03Z,2026-06-25T08:32:03+0200,cfe43b62-de54-4c74-8f9f-70948ee9d4b6,2026-06-19T09:45:00Z,2026-06-19T11:45:00+0200,58410.323903,MW,DE,DE_LU,forecast_load,Forecasted Load,2026-06-25T06:33:39Z
2026-06-25T06:32:03Z,2026-06-25T08:32:03+0200,cfe43b62-de54-4c74-8f9f-70948ee9d4b6,2026-06-19T10:00:00Z,2026-06-19T12:00:00+0200,57929.57385,MW,DE,DE_LU,forecast_load,Forecasted Load,2026-06-25T06:33:39Z
2026-06-25T06:32:03Z,2026-06-25T08:32:03+0200,cfe43b62-de54-4c74-8f9f-70948ee9d4b6,2026-06-19T10:15:00Z,2026-06-19T12:15:00+0200,57833.863386,MW,DE,DE_LU,forecast_load,Forecasted Load,2026-06-25T06:33:39Z
2026-06-25T06:32:03Z,2026-06-25T08:32:03+0200,cfe43b62-de54-4c74-8f9f-70948ee9d4b6,2026-06-19T10:30:00Z,2026-06-19T12:30:00+0200,57424.834931,MW,DE,DE_LU,forecast_load,Forecasted Load,2026-06-25T06:33:39Z
2026-06-25T06:32:03Z,2026-06-25T08:32:03+0200,cfe43b62-de54-4c74-8f9f-70948ee9d4b6,2026-06-19T10:45:00Z,2026-06-19T12:45:00+0200,57155.735784,MW,DE,DE_LU,forecast_load,Forecasted Load,2026-06-25T06:33:39Z
2026-06-25T06:32:03Z,2026-06-25T08:32:03+0200,cfe43b62-de54-4c74-8f9f-70948ee9d4b6,2026-06-19T11:00:00Z,2026-06-19T13:00:00+0200,57009.534666,MW,DE,DE_LU,forecast_load,Forecasted Load,2026-06-25T06:33:39Z
2026-06-25T06:32:03Z,2026-06-25T08:32:03+0200,cfe43b62-de54-4c74-8f9f-70948ee9d4b6,2026-06-19T11:15:00Z,2026-06-19T13:15:00+0200,56035.178279,MW,DE,DE_LU,forecast_load,Forecasted Load,2026-06-25T06:33:39Z
2026-06-25T06:32:03Z,2026-06-25T08:32:03+0200,cfe43b62-de54-4c74-8f9f-70948ee9d4b6,2026-06-19T11:30:00Z,2026-06-19T13:30:00+0200,55782.603008,MW,DE,DE_LU,forecast_load,Forecasted Load,2026-06-25T06:33:39Z
2026-06-25T06:32:03Z,2026-06-25T08:32:03+0200,cfe43b62-de54-4c74-8f9f-70948ee9d4b6,2026-06-19T11:45:00Z,2026-06-19T13:45:00+0200,54887.466269,MW,DE,DE_LU,forecast_load,Forecasted Load,2026-06-25T06:33:39Z
2026-06-25T06:32:03Z,2026-06-25T08:32:03+0200,cfe43b62-de54-4c74-8f9f-70948ee9d4b6,2026-06-19T12:00:00Z,2026-06-19T14:00:00+0200,54658.326636,MW,DE,DE_LU,forecast_load,Forecasted Load,2026-06-25T06:33:39Z
2026-06-25T06:32:03Z,2026-06-25T08:32:03+0200,cfe43b62-de54-4c74-8f9f-70948ee9d4b6,2026-06-19T12:15:00Z,2026-06-19T14:15:00+0200,53979.344975,MW,DE,DE_LU,forecast_load,Forecasted Load,2026-06-25T06:33:39Z
2026-06-25T06:32:03Z,2026-06-25T08:32:03+0200,cfe43b62-de54-4c74-8f9f-70948ee9d4b6,2026-06-19T12:30:00Z,2026-06-19T14:30:00+0200,54243.726744,MW,DE,DE_LU,forecast_load,Forecasted Load,2026-06-25T06:33:39Z
2026-06-25T06:32:03Z,2026-06-25T08:32:03+0200,cfe43b62-de54-4c74-8f9f-70948ee9d4b6,2026-06-19T12:45:00Z,2026-06-19T14:45:00+0200,54145.327415,MW,DE,DE_LU,forecast_load,Forecasted Load,2026-06-25T06:33:39Z
2026-06-25T06:32:03Z,2026-06-25T08:32:03+0200,cfe43b62-de54-4c74-8f9f-70948ee9d4b6,2026-06-19T13:00:00Z,2026-06-19T15:00:00+0200,54212.699855,MW,DE,DE_LU,forecast_load,Forecasted Load,2026-06-25T06:33:39Z
2026-06-25T06:32:03Z,2026-06-25T08:32:03+0200,cfe43b62-de54-4c74-8f9f-70948ee9d4b6,2026-06-19T13:15:00Z,2026-06-19T15:15:00+0200,53954.615037,MW,DE,DE_LU,forecast_load,Forecasted Load,2026-06-25T06:33:39Z
2026-06-25T06:32:03Z,2026-06-25T08:32:03+0200,cfe43b62-de54-4c74-8f9f-70948ee9d4b6,2026-06-19T13:30:00Z,2026-06-19T15:30:00+0200,53744.091308,MW,DE,DE_LU,forecast_load,Forecasted Load,2026-06-25T06:33:39Z
2026-06-25T06:32:03Z,2026-06-25T08:32:03+0200,cfe43b62-de54-4c74-8f9f-70948ee9d4b6,2026-06-19T13:45:00Z,2026-06-19T15:45:00+0200,52998.320124,MW,DE,DE_LU,forecast_load,Forecasted Load,2026-06-25T06:33:39Z
2026-06-25T06:32:03Z,2026-06-25T08:32:03+0200,cfe43b62-de54-4c74-8f9f-70948ee9d4b6,2026-06-19T14:00:00Z,2026-06-19T16:00:00+0200,53515.973172,MW,DE,DE_LU,forecast_load,Forecasted Load,2026-06-25T06:33:39Z
2026-06-25T06:32:03Z,2026-06-25T08:32:03+0200,cfe43b62-de54-4c74-8f9f-70948ee9d4b6,2026-06-19T14:15:00Z,2026-06-19T16:15:00+0200,52563.434687,MW,DE,DE_LU,forecast_load,Forecasted Load,2026-06-25T06:33:39Z
2026-06-25T06:32:03Z,2026-06-25T08:32:03+0200,cfe43b62-de54-4c74-8f9f-70948ee9d4b6,2026-06-19T14:30:00Z,2026-06-19T16:30:00+0200,52516.595973,MW,DE,DE_LU,forecast_load,Forecasted Load,2026-06-25T06:33:39Z
2026-06-25T06:32:03Z,2026-06-25T08:32:03+0200,cfe43b62-de54-4c74-8f9f-70948ee9d4b6,2026-06-19T14:45:00Z,2026-06-19T16:45:00+0200,51989.164644,MW,DE,DE_LU,forecast_load,Forecasted Load,2026-06-25T06:33:39Z
2026-06-25T06:32:03Z,2026-06-25T08:32:03+0200,cfe43b62-de54-4c74-8f9f-70948ee9d4b6,2026-06-19T15:00:00Z,2026-06-19T17:00:00+0200,53268.429955,MW,DE,DE_LU,forecast_load,Forecasted Load,2026-06-25T06:33:39Z
2026-06-25T06:32:03Z,2026-06-25T08:32:03+0200,cfe43b62-de54-4c74-8f9f-70948ee9d4b6,2026-06-19T15:15:00Z,2026-06-19T17:15:00+0200,53166.554655,MW,DE,DE_LU,forecast_load,Forecasted Load,2026-06-25T06:33:39Z
2026-06-25T06:32:03Z,2026-06-25T08:32:03+0200,cfe43b62-de54-4c74-8f9f-70948ee9d4b6,2026-06-19T15:30:00Z,2026-06-19T17:30:00+0200,53329.520507,MW,DE,DE_LU,forecast_load,Forecasted Load,2026-06-25T06:33:39Z
2026-06-25T06:32:03Z,2026-06-25T08:32:03+0200,cfe43b62-de54-4c74-8f9f-70948ee9d4b6,2026-06-19T15:45:00Z,2026-06-19T17:45:00+0200,53729.139909,MW,DE,DE_LU,forecast_load,Forecasted Load,2026-06-25T06:33:39Z
2026-06-25T06:32:03Z,2026-06-25T08:32:03+0200,cfe43b62-de54-4c74-8f9f-70948ee9d4b6,2026-06-19T16:00:00Z,2026-06-19T18:00:00+0200,54107.842913,MW,DE,DE_LU,forecast_load,Forecasted Load,2026-06-25T06:33:39Z
2026-06-25T06:32:03Z,2026-06-25T08:32:03+0200,cfe43b62-de54-4c74-8f9f-70948ee9d4b6,2026-06-19T16:15:00Z,2026-06-19T18:15:00+0200,54652.041744,MW,DE,DE_LU,forecast_load,Forecasted Load,2026-06-25T06:33:39Z
2026-06-25T06:32:03Z,2026-06-25T08:32:03+0200,cfe43b62-de54-4c74-8f9f-70948ee9d4b6,2026-06-19T16:30:00Z,2026-06-19T18:30:00+0200,54751.78873,MW,DE,DE_LU,forecast_load,Forecasted Load,2026-06-25T06:33:39Z
2026-06-25T06:32:03Z,2026-06-25T08:32:03+0200,cfe43b62-de54-4c74-8f9f-70948ee9d4b6,2026-06-19T16:45:00Z,2026-06-19T18:45:00+0200,54692.479476,MW,DE,DE_LU,forecast_load,Forecasted Load,2026-06-25T06:33:39Z
2026-06-25T06:32:03Z,2026-06-25T08:32:03+0200,cfe43b62-de54-4c74-8f9f-70948ee9d4b6,2026-06-19T17:00:00Z,2026-06-19T19:00:00+0200,54762.764433,MW,DE,DE_LU,forecast_load,Forecasted Load,2026-06-25T06:33:39Z
2026-06-25T06:32:03Z,2026-06-25T08:32:03+0200,cfe43b62-de54-4c74-8f9f-70948ee9d4b6,2026-06-19T17:15:00Z,2026-06-19T19:15:00+0200,54760.687726,MW,DE,DE_LU,forecast_load,Forecasted Load,2026-06-25T06:33:39Z
2026-06-25T06:32:03Z,2026-06-25T08:32:03+0200,cfe43b62-de54-4c74-8f9f-70948ee9d4b6,2026-06-19T17:30:00Z,2026-06-19T19:30:00+0200,53925.401152,MW,DE,DE_LU,forecast_load,Forecasted Load,2026-06-25T06:33:39Z
2026-06-25T06:32:03Z,2026-06-25T08:32:03+0200,cfe43b62-de54-4c74-8f9f-70948ee9d4b6,2026-06-19T17:45:00Z,2026-06-19T19:45:00+0200,53826.545863,MW,DE,DE_LU,forecast_load,Forecasted Load,2026-06-25T06:33:39Z
2026-06-25T06:32:03Z,2026-06-25T08:32:03+0200,cfe43b62-de54-4c74-8f9f-70948ee9d4b6,2026-06-19T18:00:00Z,2026-06-19T20:00:00+0200,53206.367719,MW,DE,DE_LU,forecast_load,Forecasted Load,2026-06-25T06:33:39Z
2026-06-25T06:32:03Z,2026-06-25T08:32:03+0200,cfe43b62-de54-4c74-8f9f-70948ee9d4b6,2026-06-19T18:15:00Z,2026-06-19T20:15:00+0200,52759.617416,MW,DE,DE_LU,forecast_load,Forecasted Load,2026-06-25T06:33:39Z
2026-06-25T06:32:03Z,2026-06-25T08:32:03+0200,cfe43b62-de54-4c74-8f9f-70948ee9d4b6,2026-06-19T18:30:00Z,2026-06-19T20:30:00+0200,52181.854166,MW,DE,DE_LU,forecast_load,Forecasted Load,2026-06-25T06:33:39Z
2026-06-25T06:32:03Z,2026-06-25T08:32:03+0200,cfe43b62-de54-4c74-8f9f-70948ee9d4b6,2026-06-19T18:45:00Z,2026-06-19T20:45:00+0200,51801.456589,MW,DE,DE_LU,forecast_load,Forecasted Load,2026-06-25T06:33:39Z
2026-06-25T06:32:03Z,2026-06-25T08:32:03+0200,cfe43b62-de54-4c74-8f9f-70948ee9d4b6,2026-06-19T19:00:00Z,2026-06-19T21:00:00+0200,51067.135004,MW,DE,DE_LU,forecast_load,Forecasted Load,2026-06-25T06:33:39Z
2026-06-25T06:32:03Z,2026-06-25T08:32:03+0200,cfe43b62-de54-4c74-8f9f-70948ee9d4b6,2026-06-19T19:15:00Z,2026-06-19T21:15:00+0200,50594.450555,MW,DE,DE_LU,forecast_load,Forecasted Load,2026-06-25T06:33:39Z
2026-06-25T06:32:03Z,2026-06-25T08:32:03+0200,cfe43b62-de54-4c74-8f9f-70948ee9d4b6,2026-06-19T19:30:00Z,2026-06-19T21:30:00+0200,49951.408981,MW,DE,DE_LU,forecast_load,Forecasted Load,2026-06-25T06:33:39Z
2026-06-25T06:32:03Z,2026-06-25T08:32:03+0200,cfe43b62-de54-4c74-8f9f-70948ee9d4b6,2026-06-19T19:45:00Z,2026-06-19T21:45:00+0200,49257.737126,MW,DE,DE_LU,forecast_load,Forecasted Load,2026-06-25T06:33:39Z
2026-06-25T06:32:03Z,2026-06-25T08:32:03+0200,cfe43b62-de54-4c74-8f9f-70948ee9d4b6,2026-06-19T20:00:00Z,2026-06-19T22:00:00+0200,48256.193595,MW,DE,DE_LU,forecast_load,Forecasted Load,2026-06-25T06:33:39Z
2026-06-25T06:32:03Z,2026-06-25T08:32:03+0200,cfe43b62-de54-4c74-8f9f-70948ee9d4b6,2026-06-19T20:15:00Z,2026-06-19T22:15:00+0200,47520.445198,MW,DE,DE_LU,forecast_load,Forecasted Load,2026-06-25T06:33:39Z
2026-06-25T06:32:03Z,2026-06-25T08:32:03+0200,cfe43b62-de54-4c74-8f9f-70948ee9d4b6,2026-06-19T20:30:00Z,2026-06-19T22:30:00+0200,46884.739319,MW,DE,DE_LU,forecast_load,Forecasted Load,2026-06-25T06:33:39Z
2026-06-25T06:32:03Z,2026-06-25T08:32:03+0200,cfe43b62-de54-4c74-8f9f-70948ee9d4b6,2026-06-19T20:45:00Z,2026-06-19T22:45:00+0200,46137.664524,MW,DE,DE_LU,forecast_load,Forecasted Load,2026-06-25T06:33:39Z
2026-06-25T06:32:03Z,2026-06-25T08:32:03+0200,cfe43b62-de54-4c74-8f9f-70948ee9d4b6,2026-06-19T21:00:00Z,2026-06-19T23:00:00+0200,45268.54105,MW,DE,DE_LU,forecast_load,Forecasted Load,2026-06-25T06:33:39Z
2026-06-25T06:32:03Z,2026-06-25T08:32:03+0200,cfe43b62-de54-4c74-8f9f-70948ee9d4b6,2026-06-19T21:15:00Z,2026-06-19T23:15:00+0200,44513.07796,MW,DE,DE_LU,forecast_load,Forecasted Load,2026-06-25T06:33:39Z
2026-06-25T06:32:03Z,2026-06-25T08:32:03+0200,cfe43b62-de54-4c74-8f9f-70948ee9d4b6,2026-06-19T21:30:00Z,2026-06-19T23:30:00+0200,43792.081181,MW,DE,DE_LU,forecast_load,Forecasted Load,2026-06-25T06:33:39Z
2026-06-25T06:32:03Z,2026-06-25T08:32:03+0200,cfe43b62-de54-4c74-8f9f-70948ee9d4b6,2026-06-19T21:45:00Z,2026-06-19T23:45:00+0200,43098.42985,MW,DE,DE_LU,forecast_load,Forecasted Load,2026-06-25T06:33:39Z
2026-06-25T06:32:03Z,2026-06-25T08:32:03+0200,cfe43b62-de54-4c74-8f9f-70948ee9d4b6,2026-06-19T22:00:00Z,2026-06-20T00:00:00+0200,43345.617314,MW,DE,DE_LU,forecast_load,Forecasted Load,2026-06-25T06:33:39Z
2026-06-25T06:32:03Z,2026-06-25T08:32:03+0200,cfe43b62-de54-4c74-8f9f-70948ee9d4b6,2026-06-19T22:15:00Z,2026-06-20T00:15:00+0200,42706.609608,MW,DE,DE_LU,forecast_load,Forecasted Load,2026-06-25T06:33:39Z
2026-06-25T06:32:03Z,2026-06-25T08:32:03+0200,cfe43b62-de54-4c74-8f9f-70948ee9d4b6,2026-06-19T22:30:00Z,2026-06-20T00:30:00+0200,42111.689809,MW,DE,DE_LU,forecast_load,Forecasted Load,2026-06-25T06:33:39Z
2026-06-25T06:32:03Z,2026-06-25T08:32:03+0200,cfe43b62-de54-4c74-8f9f-70948ee9d4b6,2026-06-19T22:45:00Z,2026-06-20T00:45:00+0200,41758.657607,MW,DE,DE_LU,forecast_load,Forecasted Load,2026-06-25T06:33:39Z
2026-06-25T06:32:03Z,2026-06-25T08:32:03+0200,cfe43b62-de54-4c74-8f9f-70948ee9d4b6,2026-06-19T23:00:00Z,2026-06-20T01:00:00+0200,41422.551142,MW,DE,DE_LU,forecast_load,Forecasted Load,2026-06-25T06:33:39Z
2026-06-25T06:32:03Z,2026-06-25T08:32:03+0200,cfe43b62-de54-4c74-8f9f-70948ee9d4b6,2026-06-19T23:15:00Z,2026-06-20T01:15:00+0200,40755.621341,MW,DE,DE_LU,forecast_load,Forecasted Load,2026-06-25T06:33:39Z
2026-06-25T06:32:03Z,2026-06-25T08:32:03+0200,cfe43b62-de54-4c74-8f9f-70948ee9d4b6,2026-06-19T23:30:00Z,2026-06-20T01:30:00+0200,40378.278033,MW,DE,DE_LU,forecast_load,Forecasted Load,2026-06-25T06:33:39Z
2026-06-25T06:32:03Z,2026-06-25T08:32:03+0200,cfe43b62-de54-4c74-8f9f-70948ee9d4b6,2026-06-19T23:45:00Z,2026-06-20T01:45:00+0200,40105.01273,MW,DE,DE_LU,forecast_load,Forecasted Load,2026-06-25T06:33:39Z
2026-06-25T06:32:03Z,2026-06-25T08:32:03+0200,cfe43b62-de54-4c74-8f9f-70948ee9d4b6,2026-06-20T00:00:00Z,2026-06-20T02:00:00+0200,39957.149268,MW,DE,DE_LU,forecast_load,Forecasted Load,2026-06-25T06:33:39Z
2026-06-25T06:32:03Z,2026-06-25T08:32:03+0200,cfe43b62-de54-4c74-8f9f-70948ee9d4b6,2026-06-20T00:15:00Z,2026-06-20T02:15:00+0200,39688.713073,MW,DE,DE_LU,forecast_load,Forecasted Load,2026-06-25T06:33:39Z
2026-06-25T06:32:03Z,2026-06-25T08:32:03+0200,cfe43b62-de54-4c74-8f9f-70948ee9d4b6,2026-06-20T00:30:00Z,2026-06-20T02:30:00+0200,39451.418052,MW,DE,DE_LU,forecast_load,Forecasted Load,2026-06-25T06:33:39Z
2026-06-25T06:32:03Z,2026-06-25T08:32:03+0200,cfe43b62-de54-4c74-8f9f-70948ee9d4b6,2026-06-20T00:45:00Z,2026-06-20T02:45:00+0200,39282.555343,MW,DE,DE_LU,forecast_load,Forecasted Load,2026-06-25T06:33:39Z
2026-06-25T06:32:03Z,2026-06-25T08:32:03+0200,cfe43b62-de54-4c74-8f9f-70948ee9d4b6,2026-06-20T01:00:00Z,2026-06-20T03:00:00+0200,39232.14583,MW,DE,DE_LU,forecast_load,Forecasted Load,2026-06-25T06:33:39Z
2026-06-25T06:32:03Z,2026-06-25T08:32:03+0200,cfe43b62-de54-4c74-8f9f-70948ee9d4b6,2026-06-20T01:15:00Z,2026-06-20T03:15:00+0200,39147.184932,MW,DE,DE_LU,forecast_load,Forecasted Load,2026-06-25T06:33:39Z
2026-06-25T06:32:03Z,2026-06-25T08:32:03+0200,cfe43b62-de54-4c74-8f9f-70948ee9d4b6,2026-06-20T01:30:00Z,2026-06-20T03:30:00+0200,39077.793757,MW,DE,DE_LU,forecast_load,Forecasted Load,2026-06-25T06:33:39Z
2026-06-25T06:32:03Z,2026-06-25T08:32:03+0200,cfe43b62-de54-4c74-8f9f-70948ee9d4b6,2026-06-20T01:45:00Z,2026-06-20T03:45:00+0200,39011.655429,MW,DE,DE_LU,forecast_load,Forecasted Load,2026-06-25T06:33:39Z
2026-06-25T06:32:03Z,2026-06-25T08:32:03+0200,cfe43b62-de54-4c74-8f9f-70948ee9d4b6,2026-06-20T02:00:00Z,2026-06-20T04:00:00+0200,39060.710655,MW,DE,DE_LU,forecast_load,Forecasted Load,2026-06-25T06:33:39Z
2026-06-25T06:32:03Z,2026-06-25T08:32:03+0200,cfe43b62-de54-4c74-8f9f-70948ee9d4b6,2026-06-20T02:15:00Z,2026-06-20T04:15:00+0200,39090.34832,MW,DE,DE_LU,forecast_load,Forecasted Load,2026-06-25T06:33:39Z
2026-06-25T06:32:03Z,2026-06-25T08:32:03+0200,cfe43b62-de54-4c74-8f9f-70948ee9d4b6,2026-06-20T02:30:00Z,2026-06-20T04:30:00+0200,39182.128146,MW,DE,DE_LU,forecast_load,Forecasted Load,2026-06-25T06:33:39Z
2026-06-25T06:32:03Z,2026-06-25T08:32:03+0200,cfe43b62-de54-4c74-8f9f-70948ee9d4b6,2026-06-20T02:45:00Z,2026-06-20T04:45:00+0200,39368.61582,MW,DE,DE_LU,forecast_load,Forecasted Load,2026-06-25T06:33:39Z
2026-06-25T06:32:03Z,2026-06-25T08:32:03+0200,cfe43b62-de54-4c74-8f9f-70948ee9d4b6,2026-06-20T03:00:00Z,2026-06-20T05:00:00+0200,39496.887794,MW,DE,DE_LU,forecast_load,Forecasted Load,2026-06-25T06:33:39Z
2026-06-25T06:32:03Z,2026-06-25T08:32:03+0200,cfe43b62-de54-4c74-8f9f-70948ee9d4b6,2026-06-20T03:15:00Z,2026-06-20T05:15:00+0200,38802.836757,MW,DE,DE_LU,forecast_load,Forecasted Load,2026-06-25T06:33:39Z
2026-06-25T06:32:03Z,2026-06-25T08:32:03+0200,cfe43b62-de54-4c74-8f9f-70948ee9d4b6,2026-06-20T03:30:00Z,2026-06-20T05:30:00+0200,40113.014306,MW,DE,DE_LU,forecast_load,Forecasted Load,2026-06-25T06:33:39Z
2026-06-25T06:32:03Z,2026-06-25T08:32:03+0200,cfe43b62-de54-4c74-8f9f-70948ee9d4b6,2026-06-20T03:45:00Z,2026-06-20T05:45:00+0200,40476.855526,MW,DE,DE_LU,forecast_load,Forecasted Load,2026-06-25T06:33:39Z
2026-06-25T06:32:03Z,2026-06-25T08:32:03+0200,cfe43b62-de54-4c74-8f9f-70948ee9d4b6,2026-06-20T04:00:00Z,2026-06-20T06:00:00+0200,41491.618989,MW,DE,DE_LU,forecast_load,Forecasted Load,2026-06-25T06:33:39Z
2026-06-25T06:32:03Z,2026-06-25T08:32:03+0200,cfe43b62-de54-4c74-8f9f-70948ee9d4b6,2026-06-20T04:15:00Z,2026-06-20T06:15:00+0200,41342.709061,MW,DE,DE_LU,forecast_load,Forecasted Load,2026-06-25T06:33:39Z
2026-06-25T06:32:03Z,2026-06-25T08:32:03+0200,cfe43b62-de54-4c74-8f9f-70948ee9d4b6,2026-06-20T04:30:00Z,2026-06-20T06:30:00+0200,42150.476015,MW,DE,DE_LU,forecast_load,Forecasted Load,2026-06-25T06:33:39Z
2026-06-25T06:32:03Z,2026-06-25T08:32:03+0200,cfe43b62-de54-4c74-8f9f-70948ee9d4b6,2026-06-20T04:45:00Z,2026-06-20T06:45:00+0200,42780.644025,MW,DE,DE_LU,forecast_load,Forecasted Load,2026-06-25T06:33:39Z
2026-06-25T06:32:03Z,2026-06-25T08:32:03+0200,cfe43b62-de54-4c74-8f9f-70948ee9d4b6,2026-06-20T05:00:00Z,2026-06-20T07:00:00+0200,43519.911786,MW,DE,DE_LU,forecast_load,Forecasted Load,2026-06-25T06:33:39Z
2026-06-25T06:32:03Z,2026-06-25T08:32:03+0200,cfe43b62-de54-4c74-8f9f-70948ee9d4b6,2026-06-20T05:15:00Z,2026-06-20T07:15:00+0200,44312.408943,MW,DE,DE_LU,forecast_load,Forecasted Load,2026-06-25T06:33:39Z
2026-06-25T06:32:03Z,2026-06-25T08:32:03+0200,cfe43b62-de54-4c74-8f9f-70948ee9d4b6,2026-06-20T05:30:00Z,2026-06-20T07:30:00+0200,45259.721701,MW,DE,DE_LU,forecast_load,Forecasted Load,2026-06-25T06:33:39Z
2026-06-25T06:32:03Z,2026-06-25T08:32:03+0200,cfe43b62-de54-4c74-8f9f-70948ee9d4b6,2026-06-20T05:45:00Z,2026-06-20T07:45:00+0200,46233.418452,MW,DE,DE_LU,forecast_load,Forecasted Load,2026-06-25T06:33:39Z
2026-06-25T06:32:03Z,2026-06-25T08:32:03+0200,cfe43b62-de54-4c74-8f9f-70948ee9d4b6,2026-06-20T06:00:00Z,2026-06-20T08:00:00+0200,46501.727478,MW,DE,DE_LU,forecast_load,Forecasted Load,2026-06-25T06:33:39Z
2026-06-25T06:32:03Z,2026-06-25T08:32:03+0200,cfe43b62-de54-4c74-8f9f-70948ee9d4b6,2026-06-20T06:15:00Z,2026-06-20T08:15:00+0200,47481.338463,MW,DE,DE_LU,forecast_load,Forecasted Load,2026-06-25T06:33:39Z
2026-06-25T06:32:03Z,2026-06-25T08:32:03+0200,cfe43b62-de54-4c74-8f9f-70948ee9d4b6,2026-06-20T06:30:00Z,2026-06-20T08:30:00+0200,48279.503582,MW,DE,DE_LU,forecast_load,Forecasted Load,2026-06-25T06:33:39Z
2026-06-25T06:32:03Z,2026-06-25T08:32:03+0200,cfe43b62-de54-4c74-8f9f-70948ee9d4b6,2026-06-20T06:45:00Z,2026-06-20T08:45:00+0200,49137.057118,MW,DE,DE_LU,forecast_load,Forecasted Load,2026-06-25T06:33:39Z
2026-06-25T06:32:03Z,2026-06-25T08:32:03+0200,cfe43b62-de54-4c74-8f9f-70948ee9d4b6,2026-06-20T07:00:00Z,2026-06-20T09:00:00+0200,49455.417367,MW,DE,DE_LU,forecast_load,Forecasted Load,2026-06-25T06:33:39Z
2026-06-25T06:32:03Z,2026-06-25T08:32:03+0200,cfe43b62-de54-4c74-8f9f-70948ee9d4b6,2026-06-20T07:15:00Z,2026-06-20T09:15:00+0200,49797.965958,MW,DE,DE_LU,forecast_load,Forecasted Load,2026-06-25T06:33:39Z
2026-06-25T06:32:03Z,2026-06-25T08:32:03+0200,cfe43b62-de54-4c74-8f9f-70948ee9d4b6,2026-06-20T07:30:00Z,2026-06-20T09:30:00+0200,50280.320081,MW,DE,DE_LU,forecast_load,Forecasted Load,2026-06-25T06:33:39Z
2026-06-25T06:32:03Z,2026-06-25T08:32:03+0200,cfe43b62-de54-4c74-8f9f-70948ee9d4b6,2026-06-20T07:45:00Z,2026-06-20T09:45:00+0200,50771.626986,MW,DE,DE_LU,forecast_load,Forecasted Load,2026-06-25T06:33:39Z
2026-06-25T06:32:03Z,2026-06-25T08:32:03+0200,cfe43b62-de54-4c74-8f9f-70948ee9d4b6,2026-06-20T08:00:00Z,2026-06-20T10:00:00+0200,50654.97356,MW,DE,DE_LU,forecast_load,Forecasted Load,2026-06-25T06:33:39Z
2026-06-25T06:32:03Z,2026-06-25T08:32:03+0200,cfe43b62-de54-4c74-8f9f-70948ee9d4b6,2026-06-20T08:15:00Z,2026-06-20T10:15:00+0200,51081.48487,MW,DE,DE_LU,forecast_load,Forecasted Load,2026-06-25T06:33:39Z
2026-06-25T06:32:03Z,2026-06-25T08:32:03+0200,cfe43b62-de54-4c74-8f9f-70948ee9d4b6,2026-06-20T08:30:00Z,2026-06-20T10:30:00+0200,50973.605908,MW,DE,DE_LU,forecast_load,Forecasted Load,2026-06-25T06:33:39Z
2026-06-25T06:32:03Z,2026-06-25T08:32:03+0200,cfe43b62-de54-4c74-8f9f-70948ee9d4b6,2026-06-20T08:45:00Z,2026-06-20T10:45:00+0200,51239.80342,MW,DE,DE_LU,forecast_load,Forecasted Load,2026-06-25T06:33:39Z
2026-06-25T06:32:03Z,2026-06-25T08:32:03+0200,cfe43b62-de54-4c74-8f9f-70948ee9d4b6,2026-06-20T09:00:00Z,2026-06-20T11:00:00+0200,50992.823181,MW,DE,DE_LU,forecast_load,Forecasted Load,2026-06-25T06:33:39Z
2026-06-25T06:32:03Z,2026-06-25T08:32:03+0200,cfe43b62-de54-4c74-8f9f-70948ee9d4b6,2026-06-20T09:15:00Z,2026-06-20T11:15:00+0200,50774.126164,MW,DE,DE_LU,forecast_load,Forecasted Load,2026-06-25T06:33:39Z
2026-06-25T06:32:03Z,2026-06-25T08:32:03+0200,cfe43b62-de54-4c74-8f9f-70948ee9d4b6,2026-06-20T09:30:00Z,2026-06-20T11:30:00+0200,50568.324019,MW,DE,DE_LU,forecast_load,Forecasted Load,2026-06-25T06:33:39Z
2026-06-25T06:32:03Z,2026-06-25T08:32:03+0200,cfe43b62-de54-4c74-8f9f-70948ee9d4b6,2026-06-20T09:45:00Z,2026-06-20T11:45:00+0200,50449.981839,MW,DE,DE_LU,forecast_load,Forecasted Load,2026-06-25T06:33:39Z
2026-06-25T06:32:03Z,2026-06-25T08:32:03+0200,cfe43b62-de54-4c74-8f9f-70948ee9d4b6,2026-06-20T10:00:00Z,2026-06-20T12:00:00+0200,50061.334732,MW,DE,DE_LU,forecast_load,Forecasted Load,2026-06-25T06:33:39Z
2026-06-25T06:32:03Z,2026-06-25T08:32:03+0200,cfe43b62-de54-4c74-8f9f-70948ee9d4b6,2026-06-20T10:15:00Z,2026-06-20T12:15:00+0200,49880.078558,MW,DE,DE_LU,forecast_load,Forecasted Load,2026-06-25T06:33:39Z
2026-06-25T06:32:03Z,2026-06-25T08:32:03+0200,cfe43b62-de54-4c74-8f9f-70948ee9d4b6,2026-06-20T10:30:00Z,2026-06-20T12:30:00+0200,49517.926962,MW,DE,DE_LU,forecast_load,Forecasted Load,2026-06-25T06:33:39Z
2026-06-25T06:32:03Z,2026-06-25T08:32:03+0200,cfe43b62-de54-4c74-8f9f-70948ee9d4b6,2026-06-20T10:45:00Z,2026-06-20T12:45:00+0200,49185.278766,MW,DE,DE_LU,forecast_load,Forecasted Load,2026-06-25T06:33:39Z
2026-06-25T06:32:03Z,2026-06-25T08:32:03+0200,cfe43b62-de54-4c74-8f9f-70948ee9d4b6,2026-06-20T11:00:00Z,2026-06-20T13:00:00+0200,48848.071842,MW,DE,DE_LU,forecast_load,Forecasted Load,2026-06-25T06:33:39Z
2026-06-25T06:32:03Z,2026-06-25T08:32:03+0200,cfe43b62-de54-4c74-8f9f-70948ee9d4b6,2026-06-20T11:15:00Z,2026-06-20T13:15:00+0200,48681.003473,MW,DE,DE_LU,forecast_load,Forecasted Load,2026-06-25T06:33:39Z
2026-06-25T06:32:03Z,2026-06-25T08:32:03+0200,cfe43b62-de54-4c74-8f9f-70948ee9d4b6,2026-06-20T11:30:00Z,2026-06-20T13:30:00+0200,48192.399874,MW,DE,DE_LU,forecast_load,Forecasted Load,2026-06-25T06:33:39Z
2026-06-25T06:32:03Z,2026-06-25T08:32:03+0200,cfe43b62-de54-4c74-8f9f-70948ee9d4b6,2026-06-20T11:45:00Z,2026-06-20T13:45:00+0200,48002.360756,MW,DE,DE_LU,forecast_load,Forecasted Load,2026-06-25T06:33:39Z
2026-06-25T06:32:03Z,2026-06-25T08:32:03+0200,cfe43b62-de54-4c74-8f9f-70948ee9d4b6,2026-06-20T12:00:00Z,2026-06-20T14:00:00+0200,47732.451879,MW,DE,DE_LU,forecast_load,Forecasted Load,2026-06-25T06:33:39Z
2026-06-25T06:32:03Z,2026-06-25T08:32:03+0200,cfe43b62-de54-4c74-8f9f-70948ee9d4b6,2026-06-20T12:15:00Z,2026-06-20T14:15:00+0200,47396.278375,MW,DE,DE_LU,forecast_load,Forecasted Load,2026-06-25T06:33:39Z
2026-06-25T06:32:03Z,2026-06-25T08:32:03+0200,cfe43b62-de54-4c74-8f9f-70948ee9d4b6,2026-06-20T12:30:00Z,2026-06-20T14:30:00+0200,47159.209126,MW,DE,DE_LU,forecast_load,Forecasted Load,2026-06-25T06:33:39Z
2026-06-25T06:32:03Z,2026-06-25T08:32:03+0200,cfe43b62-de54-4c74-8f9f-70948ee9d4b6,2026-06-20T12:45:00Z,2026-06-20T14:45:00+0200,46917.039189,MW,DE,DE_LU,forecast_load,Forecasted Load,2026-06-25T06:33:39Z
2026-06-25T06:32:03Z,2026-06-25T08:32:03+0200,cfe43b62-de54-4c74-8f9f-70948ee9d4b6,2026-06-20T13:00:00Z,2026-06-20T15:00:00+0200,47009.388443,MW,DE,DE_LU,forecast_load,Forecasted Load,2026-06-25T06:33:39Z
2026-06-25T06:32:03Z,2026-06-25T08:32:03+0200,cfe43b62-de54-4c74-8f9f-70948ee9d4b6,2026-06-20T13:15:00Z,2026-06-20T15:15:00+0200,46759.849559,MW,DE,DE_LU,forecast_load,Forecasted Load,2026-06-25T06:33:39Z
2026-06-25T06:32:03Z,2026-06-25T08:32:03+0200,cfe43b62-de54-4c74-8f9f-70948ee9d4b6,2026-06-20T13:30:00Z,2026-06-20T15:30:00+0200,46443.962704,MW,DE,DE_LU,forecast_load,Forecasted Load,2026-06-25T06:33:39Z
2026-06-25T06:32:03Z,2026-06-25T08:32:03+0200,cfe43b62-de54-4c74-8f9f-70948ee9d4b6,2026-06-20T13:45:00Z,2026-06-20T15:45:00+0200,46230.965907,MW,DE,DE_LU,forecast_load,Forecasted Load,2026-06-25T06:33:39Z
2026-06-25T06:32:03Z,2026-06-25T08:32:03+0200,cfe43b62-de54-4c74-8f9f-70948ee9d4b6,2026-06-20T14:00:00Z,2026-06-20T16:00:00+0200,46465.850995,MW,DE,DE_LU,forecast_load,Forecasted Load,2026-06-25T06:33:39Z
2026-06-25T06:32:03Z,2026-06-25T08:32:03+0200,cfe43b62-de54-4c74-8f9f-70948ee9d4b6,2026-06-20T14:15:00Z,2026-06-20T16:15:00+0200,46682.204448,MW,DE,DE_LU,forecast_load,Forecasted Load,2026-06-25T06:33:39Z
2026-06-25T06:32:03Z,2026-06-25T08:32:03+0200,cfe43b62-de54-4c74-8f9f-70948ee9d4b6,2026-06-20T14:30:00Z,2026-06-20T16:30:00+0200,47166.091483,MW,DE,DE_LU,forecast_load,Forecasted Load,2026-06-25T06:33:39Z
2026-06-25T06:32:03Z,2026-06-25T08:32:03+0200,cfe43b62-de54-4c74-8f9f-70948ee9d4b6,2026-06-20T14:45:00Z,2026-06-20T16:45:00+0200,46791.452696,MW,DE,DE_LU,forecast_load,Forecasted Load,2026-06-25T06:33:39Z
2026-06-25T06:32:03Z,2026-06-25T08:32:03+0200,cfe43b62-de54-4c74-8f9f-70948ee9d4b6,2026-06-20T15:00:00Z,2026-06-20T17:00:00+0200,47389.034689,MW,DE,DE_LU,forecast_load,Forecasted Load,2026-06-25T06:33:39Z
2026-06-25T06:32:03Z,2026-06-25T08:32:03+0200,cfe43b62-de54-4c74-8f9f-70948ee9d4b6,2026-06-20T15:15:00Z,2026-06-20T17:15:00+0200,47068.123526,MW,DE,DE_LU,forecast_load,Forecasted Load,2026-06-25T06:33:39Z
2026-06-25T06:32:03Z,2026-06-25T08:32:03+0200,cfe43b62-de54-4c74-8f9f-70948ee9d4b6,2026-06-20T15:30:00Z,2026-06-20T17:30:00+0200,46897.797147,MW,DE,DE_LU,forecast_load,Forecasted Load,2026-06-25T06:33:39Z
2026-06-25T06:32:03Z,2026-06-25T08:32:03+0200,cfe43b62-de54-4c74-8f9f-70948ee9d4b6,2026-06-20T15:45:00Z,2026-06-20T17:45:00+0200,47147.347988,MW,DE,DE_LU,forecast_load,Forecasted Load,2026-06-25T06:33:39Z
2026-06-25T06:32:03Z,2026-06-25T08:32:03+0200,cfe43b62-de54-4c74-8f9f-70948ee9d4b6,2026-06-20T16:00:00Z,2026-06-20T18:00:00+0200,47594.101778,MW,DE,DE_LU,forecast_load,Forecasted Load,2026-06-25T06:33:39Z
2026-06-25T06:32:03Z,2026-06-25T08:32:03+0200,cfe43b62-de54-4c74-8f9f-70948ee9d4b6,2026-06-20T16:15:00Z,2026-06-20T18:15:00+0200,48133.050885,MW,DE,DE_LU,forecast_load,Forecasted Load,2026-06-25T06:33:39Z
2026-06-25T06:32:03Z,2026-06-25T08:32:03+0200,cfe43b62-de54-4c74-8f9f-70948ee9d4b6,2026-06-20T16:30:00Z,2026-06-20T18:30:00+0200,48095.484912,MW,DE,DE_LU,forecast_load,Forecasted Load,2026-06-25T06:33:39Z
2026-06-25T06:32:03Z,2026-06-25T08:32:03+0200,cfe43b62-de54-4c74-8f9f-70948ee9d4b6,2026-06-20T16:45:00Z,2026-06-20T18:45:00+0200,48248.374598,MW,DE,DE_LU,forecast_load,Forecasted Load,2026-06-25T06:33:39Z
2026-06-25T06:32:03Z,2026-06-25T08:32:03+0200,cfe43b62-de54-4c74-8f9f-70948ee9d4b6,2026-06-20T17:00:00Z,2026-06-20T19:00:00+0200,48233.78775,MW,DE,DE_LU,forecast_load,Forecasted Load,2026-06-25T06:33:39Z
2026-06-25T06:32:03Z,2026-06-25T08:32:03+0200,cfe43b62-de54-4c74-8f9f-70948ee9d4b6,2026-06-20T17:15:00Z,2026-06-20T19:15:00+0200,48411.191258,MW,DE,DE_LU,forecast_load,Forecasted Load,2026-06-25T06:33:39Z
2026-06-25T06:32:03Z,2026-06-25T08:32:03+0200,cfe43b62-de54-4c74-8f9f-70948ee9d4b6,2026-06-20T17:30:00Z,2026-06-20T19:30:00+0200,48236.38797,MW,DE,DE_LU,forecast_load,Forecasted Load,2026-06-25T06:33:39Z
2026-06-25T06:32:03Z,2026-06-25T08:32:03+0200,cfe43b62-de54-4c74-8f9f-70948ee9d4b6,2026-06-20T17:45:00Z,2026-06-20T19:45:00+0200,48469.670719,MW,DE,DE_LU,forecast_load,Forecasted Load,2026-06-25T06:33:39Z
2026-06-25T06:32:03Z,2026-06-25T08:32:03+0200,cfe43b62-de54-4c74-8f9f-70948ee9d4b6,2026-06-20T18:00:00Z,2026-06-20T20:00:00+0200,48034.938153,MW,DE,DE_LU,forecast_load,Forecasted Load,2026-06-25T06:33:39Z
2026-06-25T06:32:03Z,2026-06-25T08:32:03+0200,cfe43b62-de54-4c74-8f9f-70948ee9d4b6,2026-06-20T18:15:00Z,2026-06-20T20:15:00+0200,47689.85423,MW,DE,DE_LU,forecast_load,Forecasted Load,2026-06-25T06:33:39Z
2026-06-25T06:32:03Z,2026-06-25T08:32:03+0200,cfe43b62-de54-4c74-8f9f-70948ee9d4b6,2026-06-20T18:30:00Z,2026-06-20T20:30:00+0200,47585.950986,MW,DE,DE_LU,forecast_load,Forecasted Load,2026-06-25T06:33:39Z
2026-06-25T06:32:03Z,2026-06-25T08:32:03+0200,cfe43b62-de54-4c74-8f9f-70948ee9d4b6,2026-06-20T18:45:00Z,2026-06-20T20:45:00+0200,47155.109273,MW,DE,DE_LU,forecast_load,Forecasted Load,2026-06-25T06:33:39Z
2026-06-25T06:32:03Z,2026-06-25T08:32:03+0200,cfe43b62-de54-4c74-8f9f-70948ee9d4b6,2026-06-20T19:00:00Z,2026-06-20T21:00:00+0200,46497.342994,MW,DE,DE_LU,forecast_load,Forecasted Load,2026-06-25T06:33:39Z
2026-06-25T06:32:03Z,2026-06-25T08:32:03+0200,cfe43b62-de54-4c74-8f9f-70948ee9d4b6,2026-06-20T19:15:00Z,2026-06-20T21:15:00+0200,46215.760627,MW,DE,DE_LU,forecast_load,Forecasted Load,2026-06-25T06:33:39Z
2026-06-25T06:32:03Z,2026-06-25T08:32:03+0200,cfe43b62-de54-4c74-8f9f-70948ee9d4b6,2026-06-20T19:30:00Z,2026-06-20T21:30:00+0200,45821.919614,MW,DE,DE_LU,forecast_load,Forecasted Load,2026-06-25T06:33:39Z
2026-06-25T06:32:03Z,2026-06-25T08:32:03+0200,cfe43b62-de54-4c74-8f9f-70948ee9d4b6,2026-06-20T19:45:00Z,2026-06-20T21:45:00+0200,45653.347374,MW,DE,DE_LU,forecast_load,Forecasted Load,2026-06-25T06:33:39Z
2026-06-25T06:32:03Z,2026-06-25T08:32:03+0200,cfe43b62-de54-4c74-8f9f-70948ee9d4b6,2026-06-20T20:00:00Z,2026-06-20T22:00:00+0200,45223.676516,MW,DE,DE_LU,forecast_load,Forecasted Load,2026-06-25T06:33:39Z
2026-06-25T06:32:03Z,2026-06-25T08:32:03+0200,cfe43b62-de54-4c74-8f9f-70948ee9d4b6,2026-06-20T20:15:00Z,2026-06-20T22:15:00+0200,44597.740157,MW,DE,DE_LU,forecast_load,Forecasted Load,2026-06-25T06:33:39Z
2026-06-25T06:32:03Z,2026-06-25T08:32:03+0200,cfe43b62-de54-4c74-8f9f-70948ee9d4b6,2026-06-20T20:30:00Z,2026-06-20T22:30:00+0200,44135.613791,MW,DE,DE_LU,forecast_load,Forecasted Load,2026-06-25T06:33:39Z
2026-06-25T06:32:03Z,2026-06-25T08:32:03+0200,cfe43b62-de54-4c74-8f9f-70948ee9d4b6,2026-06-20T20:45:00Z,2026-06-20T22:45:00+0200,43667.481642,MW,DE,DE_LU,forecast_load,Forecasted Load,2026-06-25T06:33:39Z
2026-06-25T06:32:03Z,2026-06-25T08:32:03+0200,cfe43b62-de54-4c74-8f9f-70948ee9d4b6,2026-06-20T21:00:00Z,2026-06-20T23:00:00+0200,42922.45383,MW,DE,DE_LU,forecast_load,Forecasted Load,2026-06-25T06:33:39Z
2026-06-25T06:32:03Z,2026-06-25T08:32:03+0200,cfe43b62-de54-4c74-8f9f-70948ee9d4b6,2026-06-20T21:15:00Z,2026-06-20T23:15:00+0200,42304.858495,MW,DE,DE_LU,forecast_load,Forecasted Load,2026-06-25T06:33:39Z
2026-06-25T06:32:03Z,2026-06-25T08:32:03+0200,cfe43b62-de54-4c74-8f9f-70948ee9d4b6,2026-06-20T21:30:00Z,2026-06-20T23:30:00+0200,41808.091203,MW,DE,DE_LU,forecast_load,Forecasted Load,2026-06-25T06:33:39Z
2026-06-25T06:32:03Z,2026-06-25T08:32:03+0200,cfe43b62-de54-4c74-8f9f-70948ee9d4b6,2026-06-20T21:45:00Z,2026-06-20T23:45:00+0200,41249.764511,MW,DE,DE_LU,forecast_load,Forecasted Load,2026-06-25T06:33:39Z
2026-06-25T06:32:03Z,2026-06-25T08:32:03+0200,cfe43b62-de54-4c74-8f9f-70948ee9d4b6,2026-06-20T22:00:00Z,2026-06-21T00:00:00+0200,41441.226621,MW,DE,DE_LU,forecast_load,Forecasted Load,2026-06-25T06:33:39Z
2026-06-25T06:32:03Z,2026-06-25T08:32:03+0200,cfe43b62-de54-4c74-8f9f-70948ee9d4b6,2026-06-20T22:15:00Z,2026-06-21T00:15:00+0200,40571.341501,MW,DE,DE_LU,forecast_load,Forecasted Load,2026-06-25T06:33:39Z
2026-06-25T06:32:03Z,2026-06-25T08:32:03+0200,cfe43b62-de54-4c74-8f9f-70948ee9d4b6,2026-06-20T22:30:00Z,2026-06-21T00:30:00+0200,40256.077057,MW,DE,DE_LU,forecast_load,Forecasted Load,2026-06-25T06:33:39Z
2026-06-25T06:32:03Z,2026-06-25T08:32:03+0200,cfe43b62-de54-4c74-8f9f-70948ee9d4b6,2026-06-20T22:45:00Z,2026-06-21T00:45:00+0200,39877.06728,MW,DE,DE_LU,forecast_load,Forecasted Load,2026-06-25T06:33:39Z
2026-06-25T06:32:03Z,2026-06-25T08:32:03+0200,cfe43b62-de54-4c74-8f9f-70948ee9d4b6,2026-06-20T23:00:00Z,2026-06-21T01:00:00+0200,39486.713692,MW,DE,DE_LU,forecast_load,Forecasted Load,2026-06-25T06:33:39Z
2026-06-25T06:32:03Z,2026-06-25T08:32:03+0200,cfe43b62-de54-4c74-8f9f-70948ee9d4b6,2026-06-20T23:15:00Z,2026-06-21T01:15:00+0200,39003.837349,MW,DE,DE_LU,forecast_load,Forecasted Load,2026-06-25T06:33:39Z
2026-06-25T06:32:03Z,2026-06-25T08:32:03+0200,cfe43b62-de54-4c74-8f9f-70948ee9d4b6,2026-06-20T23:30:00Z,2026-06-21T01:30:00+0200,38644.03427,MW,DE,DE_LU,forecast_load,Forecasted Load,2026-06-25T06:33:39Z
2026-06-25T06:32:03Z,2026-06-25T08:32:03+0200,cfe43b62-de54-4c74-8f9f-70948ee9d4b6,2026-06-20T23:45:00Z,2026-06-21T01:45:00+0200,38403.835835,MW,DE,DE_LU,forecast_load,Forecasted Load,2026-06-25T06:33:39Z
2026-06-25T06:32:03Z,2026-06-25T08:32:03+0200,cfe43b62-de54-4c74-8f9f-70948ee9d4b6,2026-06-21T00:00:00Z,2026-06-21T02:00:00+0200,38222.541215,MW,DE,DE_LU,forecast_load,Forecasted Load,2026-06-25T06:33:39Z
2026-06-25T06:32:03Z,2026-06-25T08:32:03+0200,cfe43b62-de54-4c74-8f9f-70948ee9d4b6,2026-06-21T00:15:00Z,2026-06-21T02:15:00+0200,38000.453598,MW,DE,DE_LU,forecast_load,Forecasted Load,2026-06-25T06:33:39Z
2026-06-25T06:32:03Z,2026-06-25T08:32:03+0200,cfe43b62-de54-4c74-8f9f-70948ee9d4b6,2026-06-21T00:30:00Z,2026-06-21T02:30:00+0200,37836.775588,MW,DE,DE_LU,forecast_load,Forecasted Load,2026-06-25T06:33:39Z
2026-06-25T06:32:03Z,2026-06-25T08:32:03+0200,cfe43b62-de54-4c74-8f9f-70948ee9d4b6,2026-06-21T00:45:00Z,2026-06-21T02:45:00+0200,37655.997345,MW,DE,DE_LU,forecast_load,Forecasted Load,2026-06-25T06:33:39Z
2026-06-25T06:32:03Z,2026-06-25T08:32:03+0200,cfe43b62-de54-4c74-8f9f-70948ee9d4b6,2026-06-21T01:00:00Z,2026-06-21T03:00:00+0200,37603.852792,MW,DE,DE_LU,forecast_load,Forecasted Load,2026-06-25T06:33:39Z
2026-06-25T06:32:03Z,2026-06-25T08:32:03+0200,cfe43b62-de54-4c74-8f9f-70948ee9d4b6,2026-06-21T01:15:00Z,2026-06-21T03:15:00+0200,37434.911226,MW,DE,DE_LU,forecast_load,Forecasted Load,2026-06-25T06:33:39Z
2026-06-25T06:32:03Z,2026-06-25T08:32:03+0200,cfe43b62-de54-4c74-8f9f-70948ee9d4b6,2026-06-21T01:30:00Z,2026-06-21T03:30:00+0200,37266.677687,MW,DE,DE_LU,forecast_load,Forecasted Load,2026-06-25T06:33:39Z
2026-06-25T06:32:03Z,2026-06-25T08:32:03+0200,cfe43b62-de54-4c74-8f9f-70948ee9d4b6,2026-06-21T01:45:00Z,2026-06-21T03:45:00+0200,37212.780226,MW,DE,DE_LU,forecast_load,Forecasted Load,2026-06-25T06:33:39Z
2026-06-25T06:32:03Z,2026-06-25T08:32:03+0200,cfe43b62-de54-4c74-8f9f-70948ee9d4b6,2026-06-21T02:00:00Z,2026-06-21T04:00:00+0200,37271.928958,MW,DE,DE_LU,forecast_load,Forecasted Load,2026-06-25T06:33:39Z
2026-06-25T06:32:03Z,2026-06-25T08:32:03+0200,cfe43b62-de54-4c74-8f9f-70948ee9d4b6,2026-06-21T02:15:00Z,2026-06-21T04:15:00+0200,37299.170379,MW,DE,DE_LU,forecast_load,Forecasted Load,2026-06-25T06:33:39Z
2026-06-25T06:32:03Z,2026-06-25T08:32:03+0200,cfe43b62-de54-4c74-8f9f-70948ee9d4b6,2026-06-21T02:30:00Z,2026-06-21T04:30:00+0200,37345.683853,MW,DE,DE_LU,forecast_load,Forecasted Load,2026-06-25T06:33:39Z
2026-06-25T06:32:03Z,2026-06-25T08:32:03+0200,cfe43b62-de54-4c74-8f9f-70948ee9d4b6,2026-06-21T02:45:00Z,2026-06-21T04:45:00+0200,37451.111664,MW,DE,DE_LU,forecast_load,Forecasted Load,2026-06-25T06:33:39Z
2026-06-25T06:32:03Z,2026-06-25T08:32:03+0200,cfe43b62-de54-4c74-8f9f-70948ee9d4b6,2026-06-21T03:00:00Z,2026-06-21T05:00:00+0200,37653.476931,MW,DE,DE_LU,forecast_load,Forecasted Load,2026-06-25T06:33:39Z
2026-06-25T06:32:03Z,2026-06-25T08:32:03+0200,cfe43b62-de54-4c74-8f9f-70948ee9d4b6,2026-06-21T03:15:00Z,2026-06-21T05:15:00+0200,36990.084464,MW,DE,DE_LU,forecast_load,Forecasted Load,2026-06-25T06:33:39Z
2026-06-25T06:32:03Z,2026-06-25T08:32:03+0200,cfe43b62-de54-4c74-8f9f-70948ee9d4b6,2026-06-21T03:30:00Z,2026-06-21T05:30:00+0200,36692.868814,MW,DE,DE_LU,forecast_load,Forecasted Load,2026-06-25T06:33:39Z
2026-06-25T06:32:03Z,2026-06-25T08:32:03+0200,cfe43b62-de54-4c74-8f9f-70948ee9d4b6,2026-06-21T03:45:00Z,2026-06-21T05:45:00+0200,36907.389516,MW,DE,DE_LU,forecast_load,Forecasted Load,2026-06-25T06:33:39Z
2026-06-25T06:32:03Z,2026-06-25T08:32:03+0200,cfe43b62-de54-4c74-8f9f-70948ee9d4b6,2026-06-21T04:00:00Z,2026-06-21T06:00:00+0200,38172.96743,MW,DE,DE_LU,forecast_load,Forecasted Load,2026-06-25T06:33:39Z
2026-06-25T06:32:03Z,2026-06-25T08:32:03+0200,cfe43b62-de54-4c74-8f9f-70948ee9d4b6,2026-06-21T04:15:00Z,2026-06-21T06:15:00+0200,38361.013729,MW,DE,DE_LU,forecast_load,Forecasted Load,2026-06-25T06:33:39Z
2026-06-25T06:32:03Z,2026-06-25T08:32:03+0200,cfe43b62-de54-4c74-8f9f-70948ee9d4b6,2026-06-21T04:30:00Z,2026-06-21T06:30:00+0200,38959.927949,MW,DE,DE_LU,forecast_load,Forecasted Load,2026-06-25T06:33:39Z
2026-06-25T06:32:03Z,2026-06-25T08:32:03+0200,cfe43b62-de54-4c74-8f9f-70948ee9d4b6,2026-06-21T04:45:00Z,2026-06-21T06:45:00+0200,39547.844522,MW,DE,DE_LU,forecast_load,Forecasted Load,2026-06-25T06:33:39Z
2026-06-25T06:32:03Z,2026-06-25T08:32:03+0200,cfe43b62-de54-4c74-8f9f-70948ee9d4b6,2026-06-21T05:00:00Z,2026-06-21T07:00:00+0200,40117.376423,MW,DE,DE_LU,forecast_load,Forecasted Load,2026-06-25T06:33:39Z
2026-06-25T06:32:03Z,2026-06-25T08:32:03+0200,cfe43b62-de54-4c74-8f9f-70948ee9d4b6,2026-06-21T05:15:00Z,2026-06-21T07:15:00+0200,40836.091418,MW,DE,DE_LU,forecast_load,Forecasted Load,2026-06-25T06:33:39Z
2026-06-25T06:32:03Z,2026-06-25T08:32:03+0200,cfe43b62-de54-4c74-8f9f-70948ee9d4b6,2026-06-21T05:30:00Z,2026-06-21T07:30:00+0200,41562.904423,MW,DE,DE_LU,forecast_load,Forecasted Load,2026-06-25T06:33:39Z
2026-06-25T06:32:03Z,2026-06-25T08:32:03+0200,cfe43b62-de54-4c74-8f9f-70948ee9d4b6,2026-06-21T05:45:00Z,2026-06-21T07:45:00+0200,42328.35008,MW,DE,DE_LU,forecast_load,Forecasted Load,2026-06-25T06:33:39Z
2026-06-25T06:32:03Z,2026-06-25T08:32:03+0200,cfe43b62-de54-4c74-8f9f-70948ee9d4b6,2026-06-21T06:00:00Z,2026-06-21T08:00:00+0200,42877.401659,MW,DE,DE_LU,forecast_load,Forecasted Load,2026-06-25T06:33:39Z
2026-06-25T06:32:03Z,2026-06-25T08:32:03+0200,cfe43b62-de54-4c74-8f9f-70948ee9d4b6,2026-06-21T06:15:00Z,2026-06-21T08:15:00+0200,43647.312995,MW,DE,DE_LU,forecast_load,Forecasted Load,2026-06-25T06:33:39Z
2026-06-25T06:32:03Z,2026-06-25T08:32:03+0200,cfe43b62-de54-4c74-8f9f-70948ee9d4b6,2026-06-21T06:30:00Z,2026-06-21T08:30:00+0200,44419.987927,MW,DE,DE_LU,forecast_load,Forecasted Load,2026-06-25T06:33:39Z
2026-06-25T06:32:03Z,2026-06-25T08:32:03+0200,cfe43b62-de54-4c74-8f9f-70948ee9d4b6,2026-06-21T06:45:00Z,2026-06-21T08:45:00+0200,45045.219868,MW,DE,DE_LU,forecast_load,Forecasted Load,2026-06-25T06:33:39Z
2026-06-25T06:32:03Z,2026-06-25T08:32:03+0200,cfe43b62-de54-4c74-8f9f-70948ee9d4b6,2026-06-21T07:00:00Z,2026-06-21T09:00:00+0200,45633.973853,MW,DE,DE_LU,forecast_load,Forecasted Load,2026-06-25T06:33:39Z
2026-06-25T06:32:03Z,2026-06-25T08:32:03+0200,cfe43b62-de54-4c74-8f9f-70948ee9d4b6,2026-06-21T07:15:00Z,2026-06-21T09:15:00+0200,46147.329698,MW,DE,DE_LU,forecast_load,Forecasted Load,2026-06-25T06:33:39Z
2026-06-25T06:32:03Z,2026-06-25T08:32:03+0200,cfe43b62-de54-4c74-8f9f-70948ee9d4b6,2026-06-21T07:30:00Z,2026-06-21T09:30:00+0200,46685.765087,MW,DE,DE_LU,forecast_load,Forecasted Load,2026-06-25T06:33:39Z
2026-06-25T06:32:03Z,2026-06-25T08:32:03+0200,cfe43b62-de54-4c74-8f9f-70948ee9d4b6,2026-06-21T07:45:00Z,2026-06-21T09:45:00+0200,47202.015725,MW,DE,DE_LU,forecast_load,Forecasted Load,2026-06-25T06:33:39Z
2026-06-25T06:32:03Z,2026-06-25T08:32:03+0200,cfe43b62-de54-4c74-8f9f-70948ee9d4b6,2026-06-21T08:00:00Z,2026-06-21T10:00:00+0200,47406.169558,MW,DE,DE_LU,forecast_load,Forecasted Load,2026-06-25T06:33:39Z
2026-06-25T06:32:03Z,2026-06-25T08:32:03+0200,cfe43b62-de54-4c74-8f9f-70948ee9d4b6,2026-06-21T08:15:00Z,2026-06-21T10:15:00+0200,47483.395217,MW,DE,DE_LU,forecast_load,Forecasted Load,2026-06-25T06:33:39Z
2026-06-25T06:32:03Z,2026-06-25T08:32:03+0200,cfe43b62-de54-4c74-8f9f-70948ee9d4b6,2026-06-21T08:30:00Z,2026-06-21T10:30:00+0200,47688.999501,MW,DE,DE_LU,forecast_load,Forecasted Load,2026-06-25T06:33:39Z
2026-06-25T06:32:03Z,2026-06-25T08:32:03+0200,cfe43b62-de54-4c74-8f9f-70948ee9d4b6,2026-06-21T08:45:00Z,2026-06-21T10:45:00+0200,47965.543168,MW,DE,DE_LU,forecast_load,Forecasted Load,2026-06-25T06:33:39Z
2026-06-25T06:32:03Z,2026-06-25T08:32:03+0200,cfe43b62-de54-4c74-8f9f-70948ee9d4b6,2026-06-21T09:00:00Z,2026-06-21T11:00:00+0200,48171.945804,MW,DE,DE_LU,forecast_load,Forecasted Load,2026-06-25T06:33:39Z
2026-06-25T06:32:03Z,2026-06-25T08:32:03+0200,cfe43b62-de54-4c74-8f9f-70948ee9d4b6,2026-06-21T09:15:00Z,2026-06-21T11:15:00+0200,48108.045967,MW,DE,DE_LU,forecast_load,Forecasted Load,2026-06-25T06:33:39Z
2026-06-25T06:32:03Z,2026-06-25T08:32:03+0200,cfe43b62-de54-4c74-8f9f-70948ee9d4b6,2026-06-21T09:30:00Z,2026-06-21T11:30:00+0200,48099.992043,MW,DE,DE_LU,forecast_load,Forecasted Load,2026-06-25T06:33:39Z
2026-06-25T06:32:03Z,2026-06-25T08:32:03+0200,cfe43b62-de54-4c74-8f9f-70948ee9d4b6,2026-06-21T09:45:00Z,2026-06-21T11:45:00+0200,48151.008189,MW,DE,DE_LU,forecast_load,Forecasted Load,2026-06-25T06:33:39Z
2026-06-25T06:32:03Z,2026-06-25T08:32:03+0200,cfe43b62-de54-4c74-8f9f-70948ee9d4b6,2026-06-21T10:00:00Z,2026-06-21T12:00:00+0200,48058.469147,MW,DE,DE_LU,forecast_load,Forecasted Load,2026-06-25T06:33:39Z
2026-06-25T06:32:03Z,2026-06-25T08:32:03+0200,cfe43b62-de54-4c74-8f9f-70948ee9d4b6,2026-06-21T10:15:00Z,2026-06-21T12:15:00+0200,47567.018246,MW,DE,DE_LU,forecast_load,Forecasted Load,2026-06-25T06:33:39Z
2026-06-25T06:32:03Z,2026-06-25T08:32:03+0200,cfe43b62-de54-4c74-8f9f-70948ee9d4b6,2026-06-21T10:30:00Z,2026-06-21T12:30:00+0200,47535.746971,MW,DE,DE_LU,forecast_load,Forecasted Load,2026-06-25T06:33:39Z
2026-06-25T06:32:03Z,2026-06-25T08:32:03+0200,cfe43b62-de54-4c74-8f9f-70948ee9d4b6,2026-06-21T10:45:00Z,2026-06-21T12:45:00+0200,47361.047922,MW,DE,DE_LU,forecast_load,Forecasted Load,2026-06-25T06:33:39Z
2026-06-25T06:32:03Z,2026-06-25T08:32:03+0200,cfe43b62-de54-4c74-8f9f-70948ee9d4b6,2026-06-21T11:00:00Z,2026-06-21T13:00:00+0200,46950.522232,MW,DE,DE_LU,forecast_load,Forecasted Load,2026-06-25T06:33:39Z
2026-06-25T06:32:03Z,2026-06-25T08:32:03+0200,cfe43b62-de54-4c74-8f9f-70948ee9d4b6,2026-06-21T11:15:00Z,2026-06-21T13:15:00+0200,46842.194653,MW,DE,DE_LU,forecast_load,Forecasted Load,2026-06-25T06:33:39Z
2026-06-25T06:32:03Z,2026-06-25T08:32:03+0200,cfe43b62-de54-4c74-8f9f-70948ee9d4b6,2026-06-21T11:30:00Z,2026-06-21T13:30:00+0200,46566.538483,MW,DE,DE_LU,forecast_load,Forecasted Load,2026-06-25T06:33:39Z
2026-06-25T06:32:03Z,2026-06-25T08:32:03+0200,cfe43b62-de54-4c74-8f9f-70948ee9d4b6,2026-06-21T11:45:00Z,2026-06-21T13:45:00+0200,46305.519578,MW,DE,DE_LU,forecast_load,Forecasted Load,2026-06-25T06:33:39Z
2026-06-25T06:32:03Z,2026-06-25T08:32:03+0200,cfe43b62-de54-4c74-8f9f-70948ee9d4b6,2026-06-21T12:00:00Z,2026-06-21T14:00:00+0200,46175.471429,MW,DE,DE_LU,forecast_load,Forecasted Load,2026-06-25T06:33:39Z
2026-06-25T06:32:03Z,2026-06-25T08:32:03+0200,cfe43b62-de54-4c74-8f9f-70948ee9d4b6,2026-06-21T12:15:00Z,2026-06-21T14:15:00+0200,46001.969741,MW,DE,DE_LU,forecast_load,Forecasted Load,2026-06-25T06:33:39Z
2026-06-25T06:32:03Z,2026-06-25T08:32:03+0200,cfe43b62-de54-4c74-8f9f-70948ee9d4b6,2026-06-21T12:30:00Z,2026-06-21T14:30:00+0200,46019.570834,MW,DE,DE_LU,forecast_load,Forecasted Load,2026-06-25T06:33:39Z
2026-06-25T06:32:03Z,2026-06-25T08:32:03+0200,cfe43b62-de54-4c74-8f9f-70948ee9d4b6,2026-06-21T12:45:00Z,2026-06-21T14:45:00+0200,45665.21581,MW,DE,DE_LU,forecast_load,Forecasted Load,2026-06-25T06:33:39Z
2026-06-25T06:32:03Z,2026-06-25T08:32:03+0200,cfe43b62-de54-4c74-8f9f-70948ee9d4b6,2026-06-21T13:00:00Z,2026-06-21T15:00:00+0200,45824.233852,MW,DE,DE_LU,forecast_load,Forecasted Load,2026-06-25T06:33:39Z
2026-06-25T06:32:03Z,2026-06-25T08:32:03+0200,cfe43b62-de54-4c74-8f9f-70948ee9d4b6,2026-06-21T13:15:00Z,2026-06-21T15:15:00+0200,45552.195723,MW,DE,DE_LU,forecast_load,Forecasted Load,2026-06-25T06:33:39Z
2026-06-25T06:32:03Z,2026-06-25T08:32:03+0200,cfe43b62-de54-4c74-8f9f-70948ee9d4b6,2026-06-21T13:30:00Z,2026-06-21T15:30:00+0200,45402.38292,MW,DE,DE_LU,forecast_load,Forecasted Load,2026-06-25T06:33:39Z
2026-06-25T06:32:03Z,2026-06-25T08:32:03+0200,cfe43b62-de54-4c74-8f9f-70948ee9d4b6,2026-06-21T13:45:00Z,2026-06-21T15:45:00+0200,45311.732306,MW,DE,DE_LU,forecast_load,Forecasted Load,2026-06-25T06:33:39Z
2026-06-25T06:32:03Z,2026-06-25T08:32:03+0200,cfe43b62-de54-4c74-8f9f-70948ee9d4b6,2026-06-21T14:00:00Z,2026-06-21T16:00:00+0200,45912.401251,MW,DE,DE_LU,forecast_load,Forecasted Load,2026-06-25T06:33:39Z
2026-06-25T06:32:03Z,2026-06-25T08:32:03+0200,cfe43b62-de54-4c74-8f9f-70948ee9d4b6,2026-06-21T14:15:00Z,2026-06-21T16:15:00+0200,45457.636785,MW,DE,DE_LU,forecast_load,Forecasted Load,2026-06-25T06:33:39Z
2026-06-25T06:32:03Z,2026-06-25T08:32:03+0200,cfe43b62-de54-4c74-8f9f-70948ee9d4b6,2026-06-21T14:30:00Z,2026-06-21T16:30:00+0200,45542.862383,MW,DE,DE_LU,forecast_load,Forecasted Load,2026-06-25T06:33:39Z
2026-06-25T06:32:03Z,2026-06-25T08:32:03+0200,cfe43b62-de54-4c74-8f9f-70948ee9d4b6,2026-06-21T14:45:00Z,2026-06-21T16:45:00+0200,45705.2494,MW,DE,DE_LU,forecast_load,Forecasted Load,2026-06-25T06:33:39Z
2026-06-25T06:32:03Z,2026-06-25T08:32:03+0200,cfe43b62-de54-4c74-8f9f-70948ee9d4b6,2026-06-21T15:00:00Z,2026-06-21T17:00:00+0200,46676.226681,MW,DE,DE_LU,forecast_load,Forecasted Load,2026-06-25T06:33:39Z
2026-06-25T06:32:03Z,2026-06-25T08:32:03+0200,cfe43b62-de54-4c74-8f9f-70948ee9d4b6,2026-06-21T15:15:00Z,2026-06-21T17:15:00+0200,46582.507983,MW,DE,DE_LU,forecast_load,Forecasted Load,2026-06-25T06:33:39Z
2026-06-25T06:32:03Z,2026-06-25T08:32:03+0200,cfe43b62-de54-4c74-8f9f-70948ee9d4b6,2026-06-21T15:30:00Z,2026-06-21T17:30:00+0200,46683.024463,MW,DE,DE_LU,forecast_load,Forecasted Load,2026-06-25T06:33:39Z
2026-06-25T06:32:03Z,2026-06-25T08:32:03+0200,cfe43b62-de54-4c74-8f9f-70948ee9d4b6,2026-06-21T15:45:00Z,2026-06-21T17:45:00+0200,46867.380251,MW,DE,DE_LU,forecast_load,Forecasted Load,2026-06-25T06:33:39Z
2026-06-25T06:32:03Z,2026-06-25T08:32:03+0200,cfe43b62-de54-4c74-8f9f-70948ee9d4b6,2026-06-21T16:00:00Z,2026-06-21T18:00:00+0200,47702.237337,MW,DE,DE_LU,forecast_load,Forecasted Load,2026-06-25T06:33:39Z
2026-06-25T06:32:03Z,2026-06-25T08:32:03+0200,cfe43b62-de54-4c74-8f9f-70948ee9d4b6,2026-06-21T16:15:00Z,2026-06-21T18:15:00+0200,47979.486266,MW,DE,DE_LU,forecast_load,Forecasted Load,2026-06-25T06:33:39Z
2026-06-25T06:32:03Z,2026-06-25T08:32:03+0200,cfe43b62-de54-4c74-8f9f-70948ee9d4b6,2026-06-21T16:30:00Z,2026-06-21T18:30:00+0200,48565.017368,MW,DE,DE_LU,forecast_load,Forecasted Load,2026-06-25T06:33:39Z
2026-06-25T06:32:03Z,2026-06-25T08:32:03+0200,cfe43b62-de54-4c74-8f9f-70948ee9d4b6,2026-06-21T16:45:00Z,2026-06-21T18:45:00+0200,48629.312144,MW,DE,DE_LU,forecast_load,Forecasted Load,2026-06-25T06:33:39Z
2026-06-25T06:32:03Z,2026-06-25T08:32:03+0200,cfe43b62-de54-4c74-8f9f-70948ee9d4b6,2026-06-21T17:00:00Z,2026-06-21T19:00:00+0200,49346.660504,MW,DE,DE_LU,forecast_load,Forecasted Load,2026-06-25T06:33:39Z
2026-06-25T06:32:03Z,2026-06-25T08:32:03+0200,cfe43b62-de54-4c74-8f9f-70948ee9d4b6,2026-06-21T17:15:00Z,2026-06-21T19:15:00+0200,49256.823018,MW,DE,DE_LU,forecast_load,Forecasted Load,2026-06-25T06:33:39Z
2026-06-25T06:32:03Z,2026-06-25T08:32:03+0200,cfe43b62-de54-4c74-8f9f-70948ee9d4b6,2026-06-21T17:30:00Z,2026-06-21T19:30:00+0200,49209.614847,MW,DE,DE_LU,forecast_load,Forecasted Load,2026-06-25T06:33:39Z
2026-06-25T06:32:03Z,2026-06-25T08:32:03+0200,cfe43b62-de54-4c74-8f9f-70948ee9d4b6,2026-06-21T17:45:00Z,2026-06-21T19:45:00+0200,48775.025067,MW,DE,DE_LU,forecast_load,Forecasted Load,2026-06-25T06:33:39Z
2026-06-25T06:32:03Z,2026-06-25T08:32:03+0200,cfe43b62-de54-4c74-8f9f-70948ee9d4b6,2026-06-21T18:00:00Z,2026-06-21T20:00:00+0200,48767.811624,MW,DE,DE_LU,forecast_load,Forecasted Load,2026-06-25T06:33:39Z
2026-06-25T06:32:03Z,2026-06-25T08:32:03+0200,cfe43b62-de54-4c74-8f9f-70948ee9d4b6,2026-06-21T18:15:00Z,2026-06-21T20:15:00+0200,48696.835673,MW,DE,DE_LU,forecast_load,Forecasted Load,2026-06-25T06:33:39Z
2026-06-25T06:32:03Z,2026-06-25T08:32:03+0200,cfe43b62-de54-4c74-8f9f-70948ee9d4b6,2026-06-21T18:30:00Z,2026-06-21T20:30:00+0200,48428.187727,MW,DE,DE_LU,forecast_load,Forecasted Load,2026-06-25T06:33:39Z
2026-06-25T06:32:03Z,2026-06-25T08:32:03+0200,cfe43b62-de54-4c74-8f9f-70948ee9d4b6,2026-06-21T18:45:00Z,2026-06-21T20:45:00+0200,48146.451274,MW,DE,DE_LU,forecast_load,Forecasted Load,2026-06-25T06:33:39Z
2026-06-25T06:32:03Z,2026-06-25T08:32:03+0200,cfe43b62-de54-4c74-8f9f-70948ee9d4b6,2026-06-21T19:00:00Z,2026-06-21T21:00:00+0200,47813.593612,MW,DE,DE_LU,forecast_load,Forecasted Load,2026-06-25T06:33:39Z
2026-06-25T06:32:03Z,2026-06-25T08:32:03+0200,cfe43b62-de54-4c74-8f9f-70948ee9d4b6,2026-06-21T19:15:00Z,2026-06-21T21:15:00+0200,47650.87126,MW,DE,DE_LU,forecast_load,Forecasted Load,2026-06-25T06:33:39Z
2026-06-25T06:32:03Z,2026-06-25T08:32:03+0200,cfe43b62-de54-4c74-8f9f-70948ee9d4b6,2026-06-21T19:30:00Z,2026-06-21T21:30:00+0200,47376.290946,MW,DE,DE_LU,forecast_load,Forecasted Load,2026-06-25T06:33:39Z
2026-06-25T06:32:03Z,2026-06-25T08:32:03+0200,cfe43b62-de54-4c74-8f9f-70948ee9d4b6,2026-06-21T19:45:00Z,2026-06-21T21:45:00+0200,47117.982378,MW,DE,DE_LU,forecast_load,Forecasted Load,2026-06-25T06:33:39Z
2026-06-25T06:32:03Z,2026-06-25T08:32:03+0200,cfe43b62-de54-4c74-8f9f-70948ee9d4b6,2026-06-21T20:00:00Z,2026-06-21T22:00:00+0200,46612.435551,MW,DE,DE_LU,forecast_load,Forecasted Load,2026-06-25T06:33:39Z
2026-06-25T06:32:03Z,2026-06-25T08:32:03+0200,cfe43b62-de54-4c74-8f9f-70948ee9d4b6,2026-06-21T20:15:00Z,2026-06-21T22:15:00+0200,46223.967757,MW,DE,DE_LU,forecast_load,Forecasted Load,2026-06-25T06:33:39Z
2026-06-25T06:32:03Z,2026-06-25T08:32:03+0200,cfe43b62-de54-4c74-8f9f-70948ee9d4b6,2026-06-21T20:30:00Z,2026-06-21T22:30:00+0200,45809.781855,MW,DE,DE_LU,forecast_load,Forecasted Load,2026-06-25T06:33:39Z
2026-06-25T06:32:03Z,2026-06-25T08:32:03+0200,cfe43b62-de54-4c74-8f9f-70948ee9d4b6,2026-06-21T20:45:00Z,2026-06-21T22:45:00+0200,45180.553166,MW,DE,DE_LU,forecast_load,Forecasted Load,2026-06-25T06:33:39Z
2026-06-25T06:32:03Z,2026-06-25T08:32:03+0200,cfe43b62-de54-4c74-8f9f-70948ee9d4b6,2026-06-21T21:00:00Z,2026-06-21T23:00:00+0200,44401.451125,MW,DE,DE_LU,forecast_load,Forecasted Load,2026-06-25T06:33:39Z
2026-06-25T06:32:03Z,2026-06-25T08:32:03+0200,cfe43b62-de54-4c74-8f9f-70948ee9d4b6,2026-06-21T21:15:00Z,2026-06-21T23:15:00+0200,43775.656149,MW,DE,DE_LU,forecast_load,Forecasted Load,2026-06-25T06:33:39Z
2026-06-25T06:32:03Z,2026-06-25T08:32:03+0200,cfe43b62-de54-4c74-8f9f-70948ee9d4b6,2026-06-21T21:30:00Z,2026-06-21T23:30:00+0200,43164.536377,MW,DE,DE_LU,forecast_load,Forecasted Load,2026-06-25T06:33:39Z
2026-06-25T06:32:03Z,2026-06-25T08:32:03+0200,cfe43b62-de54-4c74-8f9f-70948ee9d4b6,2026-06-21T21:45:00Z,2026-06-21T23:45:00+0200,42711.407087,MW,DE,DE_LU,forecast_load,Forecasted Load,2026-06-25T06:33:39Z
2026-06-25T06:32:03Z,2026-06-25T08:32:03+0200,cfe43b62-de54-4c74-8f9f-70948ee9d4b6,2026-06-21T22:00:00Z,2026-06-22T00:00:00+0200,42040.174914,MW,DE,DE_LU,forecast_load,Forecasted Load,2026-06-25T06:33:39Z
2026-06-25T06:32:03Z,2026-06-25T08:32:03+0200,cfe43b62-de54-4c74-8f9f-70948ee9d4b6,2026-06-21T22:15:00Z,2026-06-22T00:15:00+0200,41652.649636,MW,DE,DE_LU,forecast_load,Forecasted Load,2026-06-25T06:33:39Z
2026-06-25T06:32:03Z,2026-06-25T08:32:03+0200,cfe43b62-de54-4c74-8f9f-70948ee9d4b6,2026-06-21T22:30:00Z,2026-06-22T00:30:00+0200,41372.472277,MW,DE,DE_LU,forecast_load,Forecasted Load,2026-06-25T06:33:39Z
2026-06-25T06:32:03Z,2026-06-25T08:32:03+0200,cfe43b62-de54-4c74-8f9f-70948ee9d4b6,2026-06-21T22:45:00Z,2026-06-22T00:45:00+0200,41172.063965,MW,DE,DE_LU,forecast_load,Forecasted Load,2026-06-25T06:33:39Z
2026-06-25T06:32:03Z,2026-06-25T08:32:03+0200,cfe43b62-de54-4c74-8f9f-70948ee9d4b6,2026-06-21T23:00:00Z,2026-06-22T01:00:00+0200,40905.705484,MW,DE,DE_LU,forecast_load,Forecasted Load,2026-06-25T06:33:39Z
2026-06-25T06:32:03Z,2026-06-25T08:32:03+0200,cfe43b62-de54-4c74-8f9f-70948ee9d4b6,2026-06-21T23:15:00Z,2026-06-22T01:15:00+0200,40515.656572,MW,DE,DE_LU,forecast_load,Forecasted Load,2026-06-25T06:33:39Z
2026-06-25T06:32:03Z,2026-06-25T08:32:03+0200,cfe43b62-de54-4c74-8f9f-70948ee9d4b6,2026-06-21T23:30:00Z,2026-06-22T01:30:00+0200,40355.562422,MW,DE,DE_LU,forecast_load,Forecasted Load,2026-06-25T06:33:39Z
2026-06-25T06:32:03Z,2026-06-25T08:32:03+0200,cfe43b62-de54-4c74-8f9f-70948ee9d4b6,2026-06-21T23:45:00Z,2026-06-22T01:45:00+0200,40217.516035,MW,DE,DE_LU,forecast_load,Forecasted Load,2026-06-25T06:33:39Z
2026-06-25T06:32:03Z,2026-06-25T08:32:03+0200,cfe43b62-de54-4c74-8f9f-70948ee9d4b6,2026-06-22T00:00:00Z,2026-06-22T02:00:00+0200,40141.505397,MW,DE,DE_LU,forecast_load,Forecasted Load,2026-06-25T06:33:39Z
2026-06-25T06:32:03Z,2026-06-25T08:32:03+0200,cfe43b62-de54-4c74-8f9f-70948ee9d4b6,2026-06-22T00:15:00Z,2026-06-22T02:15:00+0200,40155.441642,MW,DE,DE_LU,forecast_load,Forecasted Load,2026-06-25T06:33:39Z
2026-06-25T06:32:03Z,2026-06-25T08:32:03+0200,cfe43b62-de54-4c74-8f9f-70948ee9d4b6,2026-06-22T00:30:00Z,2026-06-22T02:30:00+0200,40067.431292,MW,DE,DE_LU,forecast_load,Forecasted Load,2026-06-25T06:33:39Z
2026-06-25T06:32:03Z,2026-06-25T08:32:03+0200,cfe43b62-de54-4c74-8f9f-70948ee9d4b6,2026-06-22T00:45:00Z,2026-06-22T02:45:00+0200,40082.717822,MW,DE,DE_LU,forecast_load,Forecasted Load,2026-06-25T06:33:39Z
2026-06-25T06:32:03Z,2026-06-25T08:32:03+0200,cfe43b62-de54-4c74-8f9f-70948ee9d4b6,2026-06-22T01:00:00Z,2026-06-22T03:00:00+0200,40242.961166,MW,DE,DE_LU,forecast_load,Forecasted Load,2026-06-25T06:33:39Z
2026-06-25T06:32:03Z,2026-06-25T08:32:03+0200,cfe43b62-de54-4c74-8f9f-70948ee9d4b6,2026-06-22T01:15:00Z,2026-06-22T03:15:00+0200,40225.016748,MW,DE,DE_LU,forecast_load,Forecasted Load,2026-06-25T06:33:39Z
2026-06-25T06:32:03Z,2026-06-25T08:32:03+0200,cfe43b62-de54-4c74-8f9f-70948ee9d4b6,2026-06-22T01:30:00Z,2026-06-22T03:30:00+0200,40647.741657,MW,DE,DE_LU,forecast_load,Forecasted Load,2026-06-25T06:33:39Z
2026-06-25T06:32:03Z,2026-06-25T08:32:03+0200,cfe43b62-de54-4c74-8f9f-70948ee9d4b6,2026-06-22T01:45:00Z,2026-06-22T03:45:00+0200,40804.07382,MW,DE,DE_LU,forecast_load,Forecasted Load,2026-06-25T06:33:39Z
2026-06-25T06:32:03Z,2026-06-25T08:32:03+0200,cfe43b62-de54-4c74-8f9f-70948ee9d4b6,2026-06-22T02:00:00Z,2026-06-22T04:00:00+0200,41082.609344,MW,DE,DE_LU,forecast_load,Forecasted Load,2026-06-25T06:33:39Z
2026-06-25T06:32:03Z,2026-06-25T08:32:03+0200,cfe43b62-de54-4c74-8f9f-70948ee9d4b6,2026-06-22T02:15:00Z,2026-06-22T04:15:00+0200,41312.539655,MW,DE,DE_LU,forecast_load,Forecasted Load,2026-06-25T06:33:39Z
2026-06-25T06:32:03Z,2026-06-25T08:32:03+0200,cfe43b62-de54-4c74-8f9f-70948ee9d4b6,2026-06-22T02:30:00Z,2026-06-22T04:30:00+0200,41565.468509,MW,DE,DE_LU,forecast_load,Forecasted Load,2026-06-25T06:33:39Z
2026-06-25T06:32:03Z,2026-06-25T08:32:03+0200,cfe43b62-de54-4c74-8f9f-70948ee9d4b6,2026-06-22T02:45:00Z,2026-06-22T04:45:00+0200,42381.196026,MW,DE,DE_LU,forecast_load,Forecasted Load,2026-06-25T06:33:39Z
2026-06-25T06:32:03Z,2026-06-25T08:32:03+0200,cfe43b62-de54-4c74-8f9f-70948ee9d4b6,2026-06-22T03:00:00Z,2026-06-22T05:00:00+0200,43487.715788,MW,DE,DE_LU,forecast_load,Forecasted Load,2026-06-25T06:33:39Z
2026-06-25T06:32:03Z,2026-06-25T08:32:03+0200,cfe43b62-de54-4c74-8f9f-70948ee9d4b6,2026-06-22T03:15:00Z,2026-06-22T05:15:00+0200,43340.057458,MW,DE,DE_LU,forecast_load,Forecasted Load,2026-06-25T06:33:39Z
2026-06-25T06:32:03Z,2026-06-25T08:32:03+0200,cfe43b62-de54-4c74-8f9f-70948ee9d4b6,2026-06-22T03:30:00Z,2026-06-22T05:30:00+0200,46493.67954,MW,DE,DE_LU,forecast_load,Forecasted Load,2026-06-25T06:33:39Z
2026-06-25T06:32:03Z,2026-06-25T08:32:03+0200,cfe43b62-de54-4c74-8f9f-70948ee9d4b6,2026-06-22T03:45:00Z,2026-06-22T05:45:00+0200,48177.60692,MW,DE,DE_LU,forecast_load,Forecasted Load,2026-06-25T06:33:39Z
2026-06-25T06:32:03Z,2026-06-25T08:32:03+0200,cfe43b62-de54-4c74-8f9f-70948ee9d4b6,2026-06-22T04:00:00Z,2026-06-22T06:00:00+0200,50949.830058,MW,DE,DE_LU,forecast_load,Forecasted Load,2026-06-25T06:33:39Z
2026-06-25T06:32:03Z,2026-06-25T08:32:03+0200,cfe43b62-de54-4c74-8f9f-70948ee9d4b6,2026-06-22T04:15:00Z,2026-06-22T06:15:00+0200,51816.404259,MW,DE,DE_LU,forecast_load,Forecasted Load,2026-06-25T06:33:39Z
2026-06-25T06:32:03Z,2026-06-25T08:32:03+0200,cfe43b62-de54-4c74-8f9f-70948ee9d4b6,2026-06-22T04:30:00Z,2026-06-22T06:30:00+0200,53242.080726,MW,DE,DE_LU,forecast_load,Forecasted Load,2026-06-25T06:33:39Z
2026-06-25T06:32:03Z,2026-06-25T08:32:03+0200,cfe43b62-de54-4c74-8f9f-70948ee9d4b6,2026-06-22T04:45:00Z,2026-06-22T06:45:00+0200,54836.226671,MW,DE,DE_LU,forecast_load,Forecasted Load,2026-06-25T06:33:39Z
2026-06-25T06:32:03Z,2026-06-25T08:32:03+0200,cfe43b62-de54-4c74-8f9f-70948ee9d4b6,2026-06-22T05:00:00Z,2026-06-22T07:00:00+0200,56131.7985,MW,DE,DE_LU,forecast_load,Forecasted Load,2026-06-25T06:33:39Z
2026-06-25T06:32:03Z,2026-06-25T08:32:03+0200,cfe43b62-de54-4c74-8f9f-70948ee9d4b6,2026-06-22T05:15:00Z,2026-06-22T07:15:00+0200,56954.969549,MW,DE,DE_LU,forecast_load,Forecasted Load,2026-06-25T06:33:39Z
2026-06-25T06:32:03Z,2026-06-25T08:32:03+0200,cfe43b62-de54-4c74-8f9f-70948ee9d4b6,2026-06-22T05:30:00Z,2026-06-22T07:30:00+0200,58392.172588,MW,DE,DE_LU,forecast_load,Forecasted Load,2026-06-25T06:33:39Z
2026-06-25T06:32:03Z,2026-06-25T08:32:03+0200,cfe43b62-de54-4c74-8f9f-70948ee9d4b6,2026-06-22T05:45:00Z,2026-06-22T07:45:00+0200,59127.593231,MW,DE,DE_LU,forecast_load,Forecasted Load,2026-06-25T06:33:39Z
2026-06-25T06:32:03Z,2026-06-25T08:32:03+0200,cfe43b62-de54-4c74-8f9f-70948ee9d4b6,2026-06-22T06:00:00Z,2026-06-22T08:00:00+0200,59971.738157,MW,DE,DE_LU,forecast_load,Forecasted Load,2026-06-25T06:33:39Z
2026-06-25T06:32:03Z,2026-06-25T08:32:03+0200,cfe43b62-de54-4c74-8f9f-70948ee9d4b6,2026-06-22T06:15:00Z,2026-06-22T08:15:00+0200,60617.65294,MW,DE,DE_LU,forecast_load,Forecasted Load,2026-06-25T06:33:39Z
2026-06-25T06:32:03Z,2026-06-25T08:32:03+0200,cfe43b62-de54-4c74-8f9f-70948ee9d4b6,2026-06-22T06:30:00Z,2026-06-22T08:30:00+0200,61147.639879,MW,DE,DE_LU,forecast_load,Forecasted Load,2026-06-25T06:33:39Z
2026-06-25T06:32:03Z,2026-06-25T08:32:03+0200,cfe43b62-de54-4c74-8f9f-70948ee9d4b6,2026-06-22T06:45:00Z,2026-06-22T08:45:00+0200,61532.471194,MW,DE,DE_LU,forecast_load,Forecasted Load,2026-06-25T06:33:39Z
2026-06-25T06:32:03Z,2026-06-25T08:32:03+0200,cfe43b62-de54-4c74-8f9f-70948ee9d4b6,2026-06-22T07:00:00Z,2026-06-22T09:00:00+0200,61259.762051,MW,DE,DE_LU,forecast_load,Forecasted Load,2026-06-25T06:33:39Z
2026-06-25T06:32:03Z,2026-06-25T08:32:03+0200,cfe43b62-de54-4c74-8f9f-70948ee9d4b6,2026-06-22T07:15:00Z,2026-06-22T09:15:00+0200,61724.275508,MW,DE,DE_LU,forecast_load,Forecasted Load,2026-06-25T06:33:39Z
2026-06-25T06:32:03Z,2026-06-25T08:32:03+0200,cfe43b62-de54-4c74-8f9f-70948ee9d4b6,2026-06-22T07:30:00Z,2026-06-22T09:30:00+0200,61947.846124,MW,DE,DE_LU,forecast_load,Forecasted Load,2026-06-25T06:33:39Z
2026-06-25T06:32:03Z,2026-06-25T08:32:03+0200,cfe43b62-de54-4c74-8f9f-70948ee9d4b6,2026-06-22T07:45:00Z,2026-06-22T09:45:00+0200,62191.500201,MW,DE,DE_LU,forecast_load,Forecasted Load,2026-06-25T06:33:39Z
2026-06-25T06:32:03Z,2026-06-25T08:32:03+0200,cfe43b62-de54-4c74-8f9f-70948ee9d4b6,2026-06-22T08:00:00Z,2026-06-22T10:00:00+0200,61747.986487,MW,DE,DE_LU,forecast_load,Forecasted Load,2026-06-25T06:33:39Z
2026-06-25T06:32:03Z,2026-06-25T08:32:03+0200,cfe43b62-de54-4c74-8f9f-70948ee9d4b6,2026-06-22T08:15:00Z,2026-06-22T10:15:00+0200,60921.667488,MW,DE,DE_LU,forecast_load,Forecasted Load,2026-06-25T06:33:39Z
2026-06-25T06:32:03Z,2026-06-25T08:32:03+0200,cfe43b62-de54-4c74-8f9f-70948ee9d4b6,2026-06-22T08:30:00Z,2026-06-22T10:30:00+0200,61510.309882,MW,DE,DE_LU,forecast_load,Forecasted Load,2026-06-25T06:33:39Z
2026-06-25T06:32:03Z,2026-06-25T08:32:03+0200,cfe43b62-de54-4c74-8f9f-70948ee9d4b6,2026-06-22T08:45:00Z,2026-06-22T10:45:00+0200,61255.197631,MW,DE,DE_LU,forecast_load,Forecasted Load,2026-06-25T06:33:39Z
2026-06-25T06:32:03Z,2026-06-25T08:32:03+0200,cfe43b62-de54-4c74-8f9f-70948ee9d4b6,2026-06-22T09:00:00Z,2026-06-22T11:00:00+0200,61198.621278,MW,DE,DE_LU,forecast_load,Forecasted Load,2026-06-25T06:33:39Z
2026-06-25T06:32:03Z,2026-06-25T08:32:03+0200,cfe43b62-de54-4c74-8f9f-70948ee9d4b6,2026-06-22T09:15:00Z,2026-06-22T11:15:00+0200,61522.811346,MW,DE,DE_LU,forecast_load,Forecasted Load,2026-06-25T06:33:39Z
2026-06-25T06:32:03Z,2026-06-25T08:32:03+0200,cfe43b62-de54-4c74-8f9f-70948ee9d4b6,2026-06-22T09:30:00Z,2026-06-22T11:30:00+0200,61674.219969,MW,DE,DE_LU,forecast_load,Forecasted Load,2026-06-25T06:33:39Z
2026-06-25T06:32:03Z,2026-06-25T08:32:03+0200,cfe43b62-de54-4c74-8f9f-70948ee9d4b6,2026-06-22T09:45:00Z,2026-06-22T11:45:00+0200,61666.181672,MW,DE,DE_LU,forecast_load,Forecasted Load,2026-06-25T06:33:39Z
2026-06-25T06:32:03Z,2026-06-25T08:32:03+0200,cfe43b62-de54-4c74-8f9f-70948ee9d4b6,2026-06-22T10:00:00Z,2026-06-22T12:00:00+0200,61340.931778,MW,DE,DE_LU,forecast_load,Forecasted Load,2026-06-25T06:33:39Z
2026-06-25T06:32:03Z,2026-06-25T08:32:03+0200,cfe43b62-de54-4c74-8f9f-70948ee9d4b6,2026-06-22T10:15:00Z,2026-06-22T12:15:00+0200,61299.169283,MW,DE,DE_LU,forecast_load,Forecasted Load,2026-06-25T06:33:39Z
2026-06-25T06:32:03Z,2026-06-25T08:32:03+0200,cfe43b62-de54-4c74-8f9f-70948ee9d4b6,2026-06-22T10:30:00Z,2026-06-22T12:30:00+0200,61221.496751,MW,DE,DE_LU,forecast_load,Forecasted Load,2026-06-25T06:33:39Z
2026-06-25T06:32:03Z,2026-06-25T08:32:03+0200,cfe43b62-de54-4c74-8f9f-70948ee9d4b6,2026-06-22T10:45:00Z,2026-06-22T12:45:00+0200,60906.407627,MW,DE,DE_LU,forecast_load,Forecasted Load,2026-06-25T06:33:39Z
2026-06-25T06:32:03Z,2026-06-25T08:32:03+0200,cfe43b62-de54-4c74-8f9f-70948ee9d4b6,2026-06-22T11:00:00Z,2026-06-22T13:00:00+0200,60468.149732,MW,DE,DE_LU,forecast_load,Forecasted Load,2026-06-25T06:33:39Z
2026-06-25T06:32:03Z,2026-06-25T08:32:03+0200,cfe43b62-de54-4c74-8f9f-70948ee9d4b6,2026-06-22T11:15:00Z,2026-06-22T13:15:00+0200,60374.68376,MW,DE,DE_LU,forecast_load,Forecasted Load,2026-06-25T06:33:39Z
2026-06-25T06:32:03Z,2026-06-25T08:32:03+0200,cfe43b62-de54-4c74-8f9f-70948ee9d4b6,2026-06-22T11:30:00Z,2026-06-22T13:30:00+0200,60061.428872,MW,DE,DE_LU,forecast_load,Forecasted Load,2026-06-25T06:33:39Z
2026-06-25T06:32:03Z,2026-06-25T08:32:03+0200,cfe43b62-de54-4c74-8f9f-70948ee9d4b6,2026-06-22T11:45:00Z,2026-06-22T13:45:00+0200,59759.07125,MW,DE,DE_LU,forecast_load,Forecasted Load,2026-06-25T06:33:39Z
2026-06-25T06:32:03Z,2026-06-25T08:32:03+0200,cfe43b62-de54-4c74-8f9f-70948ee9d4b6,2026-06-22T12:00:00Z,2026-06-22T14:00:00+0200,59917.54988,MW,DE,DE_LU,forecast_load,Forecasted Load,2026-06-25T06:33:39Z
2026-06-25T06:32:03Z,2026-06-25T08:32:03+0200,cfe43b62-de54-4c74-8f9f-70948ee9d4b6,2026-06-22T12:15:00Z,2026-06-22T14:15:00+0200,59420.959774,MW,DE,DE_LU,forecast_load,Forecasted Load,2026-06-25T06:33:39Z
2026-06-25T06:32:03Z,2026-06-25T08:32:03+0200,cfe43b62-de54-4c74-8f9f-70948ee9d4b6,2026-06-22T12:30:00Z,2026-06-22T14:30:00+0200,59231.405132,MW,DE,DE_LU,forecast_load,Forecasted Load,2026-06-25T06:33:39Z
2026-06-25T06:32:03Z,2026-06-25T08:32:03+0200,cfe43b62-de54-4c74-8f9f-70948ee9d4b6,2026-06-22T12:45:00Z,2026-06-22T14:45:00+0200,58982.279365,MW,DE,DE_LU,forecast_load,Forecasted Load,2026-06-25T06:33:39Z
2026-06-25T06:32:03Z,2026-06-25T08:32:03+0200,cfe43b62-de54-4c74-8f9f-70948ee9d4b6,2026-06-22T13:00:00Z,2026-06-22T15:00:00+0200,58808.133769,MW,DE,DE_LU,forecast_load,Forecasted Load,2026-06-25T06:33:39Z
2026-06-25T06:32:03Z,2026-06-25T08:32:03+0200,cfe43b62-de54-4c74-8f9f-70948ee9d4b6,2026-06-22T13:15:00Z,2026-06-22T15:15:00+0200,59132.736783,MW,DE,DE_LU,forecast_load,Forecasted Load,2026-06-25T06:33:39Z
2026-06-25T06:32:03Z,2026-06-25T08:32:03+0200,cfe43b62-de54-4c74-8f9f-70948ee9d4b6,2026-06-22T13:30:00Z,2026-06-22T15:30:00+0200,58481.103415,MW,DE,DE_LU,forecast_load,Forecasted Load,2026-06-25T06:33:39Z
2026-06-25T06:32:03Z,2026-06-25T08:32:03+0200,cfe43b62-de54-4c74-8f9f-70948ee9d4b6,2026-06-22T13:45:00Z,2026-06-22T15:45:00+0200,58249.921507,MW,DE,DE_LU,forecast_load,Forecasted Load,2026-06-25T06:33:39Z
2026-06-25T06:32:03Z,2026-06-25T08:32:03+0200,cfe43b62-de54-4c74-8f9f-70948ee9d4b6,2026-06-22T14:00:00Z,2026-06-22T16:00:00+0200,58626.436867,MW,DE,DE_LU,forecast_load,Forecasted Load,2026-06-25T06:33:39Z
2026-06-25T06:32:03Z,2026-06-25T08:32:03+0200,cfe43b62-de54-4c74-8f9f-70948ee9d4b6,2026-06-22T14:15:00Z,2026-06-22T16:15:00+0200,58049.276116,MW,DE,DE_LU,forecast_load,Forecasted Load,2026-06-25T06:33:39Z
2026-06-25T06:32:03Z,2026-06-25T08:32:03+0200,cfe43b62-de54-4c74-8f9f-70948ee9d4b6,2026-06-22T14:30:00Z,2026-06-22T16:30:00+0200,57947.517168,MW,DE,DE_LU,forecast_load,Forecasted Load,2026-06-25T06:33:39Z
2026-06-25T06:32:03Z,2026-06-25T08:32:03+0200,cfe43b62-de54-4c74-8f9f-70948ee9d4b6,2026-06-22T14:45:00Z,2026-06-22T16:45:00+0200,57780.439391,MW,DE,DE_LU,forecast_load,Forecasted Load,2026-06-25T06:33:39Z
2026-06-25T06:32:03Z,2026-06-25T08:32:03+0200,cfe43b62-de54-4c74-8f9f-70948ee9d4b6,2026-06-22T15:00:00Z,2026-06-22T17:00:00+0200,58168.136949,MW,DE,DE_LU,forecast_load,Forecasted Load,2026-06-25T06:33:39Z
2026-06-25T06:32:03Z,2026-06-25T08:32:03+0200,cfe43b62-de54-4c74-8f9f-70948ee9d4b6,2026-06-22T15:15:00Z,2026-06-22T17:15:00+0200,58102.998632,MW,DE,DE_LU,forecast_load,Forecasted Load,2026-06-25T06:33:39Z
2026-06-25T06:32:03Z,2026-06-25T08:32:03+0200,cfe43b62-de54-4c74-8f9f-70948ee9d4b6,2026-06-22T15:30:00Z,2026-06-22T17:30:00+0200,58192.363585,MW,DE,DE_LU,forecast_load,Forecasted Load,2026-06-25T06:33:39Z
2026-06-25T06:32:03Z,2026-06-25T08:32:03+0200,cfe43b62-de54-4c74-8f9f-70948ee9d4b6,2026-06-22T15:45:00Z,2026-06-22T17:45:00+0200,58368.721619,MW,DE,DE_LU,forecast_load,Forecasted Load,2026-06-25T06:33:39Z
2026-06-25T06:32:03Z,2026-06-25T08:32:03+0200,cfe43b62-de54-4c74-8f9f-70948ee9d4b6,2026-06-22T16:00:00Z,2026-06-22T18:00:00+0200,58741.928819,MW,DE,DE_LU,forecast_load,Forecasted Load,2026-06-25T06:33:39Z
2026-06-25T06:32:03Z,2026-06-25T08:32:03+0200,cfe43b62-de54-4c74-8f9f-70948ee9d4b6,2026-06-22T16:15:00Z,2026-06-22T18:15:00+0200,59311.041749,MW,DE,DE_LU,forecast_load,Forecasted Load,2026-06-25T06:33:39Z
2026-06-25T06:32:03Z,2026-06-25T08:32:03+0200,cfe43b62-de54-4c74-8f9f-70948ee9d4b6,2026-06-22T16:30:00Z,2026-06-22T18:30:00+0200,59378.194417,MW,DE,DE_LU,forecast_load,Forecasted Load,2026-06-25T06:33:39Z
2026-06-25T06:32:03Z,2026-06-25T08:32:03+0200,cfe43b62-de54-4c74-8f9f-70948ee9d4b6,2026-06-22T16:45:00Z,2026-06-22T18:45:00+0200,59426.77164,MW,DE,DE_LU,forecast_load,Forecasted Load,2026-06-25T06:33:39Z
2026-06-25T06:32:03Z,2026-06-25T08:32:03+0200,cfe43b62-de54-4c74-8f9f-70948ee9d4b6,2026-06-22T17:00:00Z,2026-06-22T19:00:00+0200,59549.282099,MW,DE,DE_LU,forecast_load,Forecasted Load,2026-06-25T06:33:39Z
2026-06-25T06:32:03Z,2026-06-25T08:32:03+0200,cfe43b62-de54-4c74-8f9f-70948ee9d4b6,2026-06-22T17:15:00Z,2026-06-22T19:15:00+0200,59397.347106,MW,DE,DE_LU,forecast_load,Forecasted Load,2026-06-25T06:33:39Z
2026-06-25T06:32:03Z,2026-06-25T08:32:03+0200,cfe43b62-de54-4c74-8f9f-70948ee9d4b6,2026-06-22T17:30:00Z,2026-06-22T19:30:00+0200,59395.487466,MW,DE,DE_LU,forecast_load,Forecasted Load,2026-06-25T06:33:39Z
2026-06-25T06:32:03Z,2026-06-25T08:32:03+0200,cfe43b62-de54-4c74-8f9f-70948ee9d4b6,2026-06-22T17:45:00Z,2026-06-22T19:45:00+0200,58938.439458,MW,DE,DE_LU,forecast_load,Forecasted Load,2026-06-25T06:33:39Z
2026-06-25T06:32:03Z,2026-06-25T08:32:03+0200,cfe43b62-de54-4c74-8f9f-70948ee9d4b6,2026-06-22T18:00:00Z,2026-06-22T20:00:00+0200,58457.908218,MW,DE,DE_LU,forecast_load,Forecasted Load,2026-06-25T06:33:39Z
2026-06-25T06:32:03Z,2026-06-25T08:32:03+0200,cfe43b62-de54-4c74-8f9f-70948ee9d4b6,2026-06-22T18:15:00Z,2026-06-22T20:15:00+0200,58237.042529,MW,DE,DE_LU,forecast_load,Forecasted Load,2026-06-25T06:33:39Z
2026-06-25T06:32:03Z,2026-06-25T08:32:03+0200,cfe43b62-de54-4c74-8f9f-70948ee9d4b6,2026-06-22T18:30:00Z,2026-06-22T20:30:00+0200,57630.531911,MW,DE,DE_LU,forecast_load,Forecasted Load,2026-06-25T06:33:39Z
2026-06-25T06:32:03Z,2026-06-25T08:32:03+0200,cfe43b62-de54-4c74-8f9f-70948ee9d4b6,2026-06-22T18:45:00Z,2026-06-22T20:45:00+0200,57099.759219,MW,DE,DE_LU,forecast_load,Forecasted Load,2026-06-25T06:33:39Z
2026-06-25T06:32:03Z,2026-06-25T08:32:03+0200,cfe43b62-de54-4c74-8f9f-70948ee9d4b6,2026-06-22T19:00:00Z,2026-06-22T21:00:00+0200,56680.13665,MW,DE,DE_LU,forecast_load,Forecasted Load,2026-06-25T06:33:39Z
2026-06-25T06:32:03Z,2026-06-25T08:32:03+0200,cfe43b62-de54-4c74-8f9f-70948ee9d4b6,2026-06-22T19:15:00Z,2026-06-22T21:15:00+0200,56186.057099,MW,DE,DE_LU,forecast_load,Forecasted Load,2026-06-25T06:33:39Z
2026-06-25T06:32:03Z,2026-06-25T08:32:03+0200,cfe43b62-de54-4c74-8f9f-70948ee9d4b6,2026-06-22T19:30:00Z,2026-06-22T21:30:00+0200,55581.175444,MW,DE,DE_LU,forecast_load,Forecasted Load,2026-06-25T06:33:39Z
2026-06-25T06:32:03Z,2026-06-25T08:32:03+0200,cfe43b62-de54-4c74-8f9f-70948ee9d4b6,2026-06-22T19:45:00Z,2026-06-22T21:45:00+0200,55191.631407,MW,DE,DE_LU,forecast_load,Forecasted Load,2026-06-25T06:33:39Z
2026-06-25T06:32:03Z,2026-06-25T08:32:03+0200,cfe43b62-de54-4c74-8f9f-70948ee9d4b6,2026-06-22T20:00:00Z,2026-06-22T22:00:00+0200,54190.691902,MW,DE,DE_LU,forecast_load,Forecasted Load,2026-06-25T06:33:39Z
2026-06-25T06:32:03Z,2026-06-25T08:32:03+0200,cfe43b62-de54-4c74-8f9f-70948ee9d4b6,2026-06-22T20:15:00Z,2026-06-22T22:15:00+0200,53559.155838,MW,DE,DE_LU,forecast_load,Forecasted Load,2026-06-25T06:33:39Z
2026-06-25T06:32:03Z,2026-06-25T08:32:03+0200,cfe43b62-de54-4c74-8f9f-70948ee9d4b6,2026-06-22T20:30:00Z,2026-06-22T22:30:00+0200,53008.631399,MW,DE,DE_LU,forecast_load,Forecasted Load,2026-06-25T06:33:39Z
2026-06-25T06:32:03Z,2026-06-25T08:32:03+0200,cfe43b62-de54-4c74-8f9f-70948ee9d4b6,2026-06-22T20:45:00Z,2026-06-22T22:45:00+0200,52252.907025,MW,DE,DE_LU,forecast_load,Forecasted Load,2026-06-25T06:33:39Z
2026-06-25T06:32:03Z,2026-06-25T08:32:03+0200,cfe43b62-de54-4c74-8f9f-70948ee9d4b6,2026-06-22T21:00:00Z,2026-06-22T23:00:00+0200,51114.292125,MW,DE,DE_LU,forecast_load,Forecasted Load,2026-06-25T06:33:39Z
2026-06-25T06:32:03Z,2026-06-25T08:32:03+0200,cfe43b62-de54-4c74-8f9f-70948ee9d4b6,2026-06-22T21:15:00Z,2026-06-22T23:15:00+0200,50494.740852,MW,DE,DE_LU,forecast_load,Forecasted Load,2026-06-25T06:33:39Z
2026-06-25T06:32:03Z,2026-06-25T08:32:03+0200,cfe43b62-de54-4c74-8f9f-70948ee9d4b6,2026-06-22T21:30:00Z,2026-06-22T23:30:00+0200,49681.467181,MW,DE,DE_LU,forecast_load,Forecasted Load,2026-06-25T06:33:39Z
2026-06-25T06:32:03Z,2026-06-25T08:32:03+0200,cfe43b62-de54-4c74-8f9f-70948ee9d4b6,2026-06-22T21:45:00Z,2026-06-22T23:45:00+0200,48967.005379,MW,DE,DE_LU,forecast_load,Forecasted Load,2026-06-25T06:33:39Z
2026-06-25T06:32:03Z,2026-06-25T08:32:03+0200,cfe43b62-de54-4c74-8f9f-70948ee9d4b6,2026-06-22T22:00:00Z,2026-06-23T00:00:00+0200,48046.071868,MW,DE,DE_LU,forecast_load,Forecasted Load,2026-06-25T06:33:39Z
2026-06-25T06:32:03Z,2026-06-25T08:32:03+0200,cfe43b62-de54-4c74-8f9f-70948ee9d4b6,2026-06-22T22:15:00Z,2026-06-23T00:15:00+0200,47277.002567,MW,DE,DE_LU,forecast_load,Forecasted Load,2026-06-25T06:33:39Z
2026-06-25T06:32:03Z,2026-06-25T08:32:03+0200,cfe43b62-de54-4c74-8f9f-70948ee9d4b6,2026-06-22T22:30:00Z,2026-06-23T00:30:00+0200,46779.655883,MW,DE,DE_LU,forecast_load,Forecasted Load,2026-06-25T06:33:39Z
2026-06-25T06:32:03Z,2026-06-25T08:32:03+0200,cfe43b62-de54-4c74-8f9f-70948ee9d4b6,2026-06-22T22:45:00Z,2026-06-23T00:45:00+0200,46197.227903,MW,DE,DE_LU,forecast_load,Forecasted Load,2026-06-25T06:33:39Z
2026-06-25T06:32:03Z,2026-06-25T08:32:03+0200,cfe43b62-de54-4c74-8f9f-70948ee9d4b6,2026-06-22T23:00:00Z,2026-06-23T01:00:00+0200,45873.671528,MW,DE,DE_LU,forecast_load,Forecasted Load,2026-06-25T06:33:39Z
2026-06-25T06:32:03Z,2026-06-25T08:32:03+0200,cfe43b62-de54-4c74-8f9f-70948ee9d4b6,2026-06-22T23:15:00Z,2026-06-23T01:15:00+0200,45467.31879,MW,DE,DE_LU,forecast_load,Forecasted Load,2026-06-25T06:33:39Z
2026-06-25T06:32:03Z,2026-06-25T08:32:03+0200,cfe43b62-de54-4c74-8f9f-70948ee9d4b6,2026-06-22T23:30:00Z,2026-06-23T01:30:00+0200,45268.712828,MW,DE,DE_LU,forecast_load,Forecasted Load,2026-06-25T06:33:39Z
2026-06-25T06:32:03Z,2026-06-25T08:32:03+0200,cfe43b62-de54-4c74-8f9f-70948ee9d4b6,2026-06-22T23:45:00Z,2026-06-23T01:45:00+0200,45018.792473,MW,DE,DE_LU,forecast_load,Forecasted Load,2026-06-25T06:33:39Z
2026-06-25T06:32:03Z,2026-06-25T08:32:03+0200,cfe43b62-de54-4c74-8f9f-70948ee9d4b6,2026-06-23T00:00:00Z,2026-06-23T02:00:00+0200,44748.041402,MW,DE,DE_LU,forecast_load,Forecasted Load,2026-06-25T06:33:39Z
2026-06-25T06:32:03Z,2026-06-25T08:32:03+0200,cfe43b62-de54-4c74-8f9f-70948ee9d4b6,2026-06-23T00:15:00Z,2026-06-23T02:15:00+0200,44576.764271,MW,DE,DE_LU,forecast_load,Forecasted Load,2026-06-25T06:33:39Z
2026-06-25T06:32:03Z,2026-06-25T08:32:03+0200,cfe43b62-de54-4c74-8f9f-70948ee9d4b6,2026-06-23T00:30:00Z,2026-06-23T02:30:00+0200,44463.123125,MW,DE,DE_LU,forecast_load,Forecasted Load,2026-06-25T06:33:39Z
2026-06-25T06:32:03Z,2026-06-25T08:32:03+0200,cfe43b62-de54-4c74-8f9f-70948ee9d4b6,2026-06-23T00:45:00Z,2026-06-23T02:45:00+0200,44499.6066,MW,DE,DE_LU,forecast_load,Forecasted Load,2026-06-25T06:33:39Z
2026-06-25T06:32:03Z,2026-06-25T08:32:03+0200,cfe43b62-de54-4c74-8f9f-70948ee9d4b6,2026-06-23T01:00:00Z,2026-06-23T03:00:00+0200,44348.277375,MW,DE,DE_LU,forecast_load,Forecasted Load,2026-06-25T06:33:39Z
2026-06-25T06:32:03Z,2026-06-25T08:32:03+0200,cfe43b62-de54-4c74-8f9f-70948ee9d4b6,2026-06-23T01:15:00Z,2026-06-23T03:15:00+0200,44579.031612,MW,DE,DE_LU,forecast_load,Forecasted Load,2026-06-25T06:33:39Z
2026-06-25T06:32:03Z,2026-06-25T08:32:03+0200,cfe43b62-de54-4c74-8f9f-70948ee9d4b6,2026-06-23T01:30:00Z,2026-06-23T03:30:00+0200,44569.562409,MW,DE,DE_LU,forecast_load,Forecasted Load,2026-06-25T06:33:39Z
2026-06-25T06:32:03Z,2026-06-25T08:32:03+0200,cfe43b62-de54-4c74-8f9f-70948ee9d4b6,2026-06-23T01:45:00Z,2026-06-23T03:45:00+0200,44622.723312,MW,DE,DE_LU,forecast_load,Forecasted Load,2026-06-25T06:33:39Z
2026-06-25T06:32:03Z,2026-06-25T08:32:03+0200,cfe43b62-de54-4c74-8f9f-70948ee9d4b6,2026-06-23T02:00:00Z,2026-06-23T04:00:00+0200,44980.614055,MW,DE,DE_LU,forecast_load,Forecasted Load,2026-06-25T06:33:39Z
2026-06-25T06:32:03Z,2026-06-25T08:32:03+0200,cfe43b62-de54-4c74-8f9f-70948ee9d4b6,2026-06-23T02:15:00Z,2026-06-23T04:15:00+0200,45105.693412,MW,DE,DE_LU,forecast_load,Forecasted Load,2026-06-25T06:33:39Z
2026-06-25T06:32:03Z,2026-06-25T08:32:03+0200,cfe43b62-de54-4c74-8f9f-70948ee9d4b6,2026-06-23T02:30:00Z,2026-06-23T04:30:00+0200,45606.736498,MW,DE,DE_LU,forecast_load,Forecasted Load,2026-06-25T06:33:39Z
2026-06-25T06:32:03Z,2026-06-25T08:32:03+0200,cfe43b62-de54-4c74-8f9f-70948ee9d4b6,2026-06-23T02:45:00Z,2026-06-23T04:45:00+0200,46084.145953,MW,DE,DE_LU,forecast_load,Forecasted Load,2026-06-25T06:33:39Z
2026-06-25T06:32:03Z,2026-06-25T08:32:03+0200,cfe43b62-de54-4c74-8f9f-70948ee9d4b6,2026-06-23T03:00:00Z,2026-06-23T05:00:00+0200,47175.942764,MW,DE,DE_LU,forecast_load,Forecasted Load,2026-06-25T06:33:39Z
2026-06-25T06:32:03Z,2026-06-25T08:32:03+0200,cfe43b62-de54-4c74-8f9f-70948ee9d4b6,2026-06-23T03:15:00Z,2026-06-23T05:15:00+0200,47007.203188,MW,DE,DE_LU,forecast_load,Forecasted Load,2026-06-25T06:33:39Z
2026-06-25T06:32:03Z,2026-06-25T08:32:03+0200,cfe43b62-de54-4c74-8f9f-70948ee9d4b6,2026-06-23T03:30:00Z,2026-06-23T05:30:00+0200,47860.142035,MW,DE,DE_LU,forecast_load,Forecasted Load,2026-06-25T06:33:39Z
2026-06-25T06:32:03Z,2026-06-25T08:32:03+0200,cfe43b62-de54-4c74-8f9f-70948ee9d4b6,2026-06-23T03:45:00Z,2026-06-23T05:45:00+0200,49395.687558,MW,DE,DE_LU,forecast_load,Forecasted Load,2026-06-25T06:33:39Z
2026-06-25T06:32:03Z,2026-06-25T08:32:03+0200,cfe43b62-de54-4c74-8f9f-70948ee9d4b6,2026-06-23T04:00:00Z,2026-06-23T06:00:00+0200,52013.619101,MW,DE,DE_LU,forecast_load,Forecasted Load,2026-06-25T06:33:39Z
2026-06-25T06:32:03Z,2026-06-25T08:32:03+0200,cfe43b62-de54-4c74-8f9f-70948ee9d4b6,2026-06-23T04:15:00Z,2026-06-23T06:15:00+0200,52680.011341,MW,DE,DE_LU,forecast_load,Forecasted Load,2026-06-25T06:33:39Z
2026-06-25T06:32:03Z,2026-06-25T08:32:03+0200,cfe43b62-de54-4c74-8f9f-70948ee9d4b6,2026-06-23T04:30:00Z,2026-06-23T06:30:00+0200,54048.899725,MW,DE,DE_LU,forecast_load,Forecasted Load,2026-06-25T06:33:39Z
2026-06-25T06:32:03Z,2026-06-25T08:32:03+0200,cfe43b62-de54-4c74-8f9f-70948ee9d4b6,2026-06-23T04:45:00Z,2026-06-23T06:45:00+0200,55219.544909,MW,DE,DE_LU,forecast_load,Forecasted Load,2026-06-25T06:33:39Z
2026-06-25T06:32:03Z,2026-06-25T08:32:03+0200,cfe43b62-de54-4c74-8f9f-70948ee9d4b6,2026-06-23T05:00:00Z,2026-06-23T07:00:00+0200,56093.66866,MW,DE,DE_LU,forecast_load,Forecasted Load,2026-06-25T06:33:39Z
2026-06-25T06:32:03Z,2026-06-25T08:32:03+0200,cfe43b62-de54-4c74-8f9f-70948ee9d4b6,2026-06-23T05:15:00Z,2026-06-23T07:15:00+0200,57219.636318,MW,DE,DE_LU,forecast_load,Forecasted Load,2026-06-25T06:33:39Z
2026-06-25T06:32:03Z,2026-06-25T08:32:03+0200,cfe43b62-de54-4c74-8f9f-70948ee9d4b6,2026-06-23T05:30:00Z,2026-06-23T07:30:00+0200,58491.207848,MW,DE,DE_LU,forecast_load,Forecasted Load,2026-06-25T06:33:39Z
2026-06-25T06:32:03Z,2026-06-25T08:32:03+0200,cfe43b62-de54-4c74-8f9f-70948ee9d4b6,2026-06-23T05:45:00Z,2026-06-23T07:45:00+0200,59323.616016,MW,DE,DE_LU,forecast_load,Forecasted Load,2026-06-25T06:33:39Z
2026-06-25T06:32:03Z,2026-06-25T08:32:03+0200,cfe43b62-de54-4c74-8f9f-70948ee9d4b6,2026-06-23T06:00:00Z,2026-06-23T08:00:00+0200,59797.177906,MW,DE,DE_LU,forecast_load,Forecasted Load,2026-06-25T06:33:39Z
2026-06-25T06:32:03Z,2026-06-25T08:32:03+0200,cfe43b62-de54-4c74-8f9f-70948ee9d4b6,2026-06-23T06:15:00Z,2026-06-23T08:15:00+0200,60449.673235,MW,DE,DE_LU,forecast_load,Forecasted Load,2026-06-25T06:33:39Z
2026-06-25T06:32:03Z,2026-06-25T08:32:03+0200,cfe43b62-de54-4c74-8f9f-70948ee9d4b6,2026-06-23T06:30:00Z,2026-06-23T08:30:00+0200,61198.307558,MW,DE,DE_LU,forecast_load,Forecasted Load,2026-06-25T06:33:39Z
2026-06-25T06:32:03Z,2026-06-25T08:32:03+0200,cfe43b62-de54-4c74-8f9f-70948ee9d4b6,2026-06-23T06:45:00Z,2026-06-23T08:45:00+0200,61435.51415,MW,DE,DE_LU,forecast_load,Forecasted Load,2026-06-25T06:33:39Z
2026-06-25T06:32:03Z,2026-06-25T08:32:03+0200,cfe43b62-de54-4c74-8f9f-70948ee9d4b6,2026-06-23T07:00:00Z,2026-06-23T09:00:00+0200,61212.436863,MW,DE,DE_LU,forecast_load,Forecasted Load,2026-06-25T06:33:39Z
2026-06-25T06:32:03Z,2026-06-25T08:32:03+0200,cfe43b62-de54-4c74-8f9f-70948ee9d4b6,2026-06-23T07:15:00Z,2026-06-23T09:15:00+0200,61428.59719,MW,DE,DE_LU,forecast_load,Forecasted Load,2026-06-25T06:33:39Z
2026-06-25T06:32:03Z,2026-06-25T08:32:03+0200,cfe43b62-de54-4c74-8f9f-70948ee9d4b6,2026-06-23T07:30:00Z,2026-06-23T09:30:00+0200,62210.32772,MW,DE,DE_LU,forecast_load,Forecasted Load,2026-06-25T06:33:39Z
2026-06-25T06:32:03Z,2026-06-25T08:32:03+0200,cfe43b62-de54-4c74-8f9f-70948ee9d4b6,2026-06-23T07:45:00Z,2026-06-23T09:45:00+0200,61941.003372,MW,DE,DE_LU,forecast_load,Forecasted Load,2026-06-25T06:33:39Z
2026-06-25T06:32:03Z,2026-06-25T08:32:03+0200,cfe43b62-de54-4c74-8f9f-70948ee9d4b6,2026-06-23T08:00:00Z,2026-06-23T10:00:00+0200,61928.924128,MW,DE,DE_LU,forecast_load,Forecasted Load,2026-06-25T06:33:39Z
2026-06-25T06:32:03Z,2026-06-25T08:32:03+0200,cfe43b62-de54-4c74-8f9f-70948ee9d4b6,2026-06-23T08:15:00Z,2026-06-23T10:15:00+0200,61816.526988,MW,DE,DE_LU,forecast_load,Forecasted Load,2026-06-25T06:33:39Z
2026-06-25T06:32:03Z,2026-06-25T08:32:03+0200,cfe43b62-de54-4c74-8f9f-70948ee9d4b6,2026-06-23T08:30:00Z,2026-06-23T10:30:00+0200,61669.837681,MW,DE,DE_LU,forecast_load,Forecasted Load,2026-06-25T06:33:39Z
2026-06-25T06:32:03Z,2026-06-25T08:32:03+0200,cfe43b62-de54-4c74-8f9f-70948ee9d4b6,2026-06-23T08:45:00Z,2026-06-23T10:45:00+0200,61960.481337,MW,DE,DE_LU,forecast_load,Forecasted Load,2026-06-25T06:33:39Z
2026-06-25T06:32:03Z,2026-06-25T08:32:03+0200,cfe43b62-de54-4c74-8f9f-70948ee9d4b6,2026-06-23T09:00:00Z,2026-06-23T11:00:00+0200,61666.483212,MW,DE,DE_LU,forecast_load,Forecasted Load,2026-06-25T06:33:39Z
2026-06-25T06:32:03Z,2026-06-25T08:32:03+0200,cfe43b62-de54-4c74-8f9f-70948ee9d4b6,2026-06-23T09:15:00Z,2026-06-23T11:15:00+0200,61409.486744,MW,DE,DE_LU,forecast_load,Forecasted Load,2026-06-25T06:33:39Z
2026-06-25T06:32:03Z,2026-06-25T08:32:03+0200,cfe43b62-de54-4c74-8f9f-70948ee9d4b6,2026-06-23T09:30:00Z,2026-06-23T11:30:00+0200,61469.78389,MW,DE,DE_LU,forecast_load,Forecasted Load,2026-06-25T06:33:39Z
2026-06-25T06:32:03Z,2026-06-25T08:32:03+0200,cfe43b62-de54-4c74-8f9f-70948ee9d4b6,2026-06-23T09:45:00Z,2026-06-23T11:45:00+0200,61153.779231,MW,DE,DE_LU,forecast_load,Forecasted Load,2026-06-25T06:33:39Z
2026-06-25T06:32:03Z,2026-06-25T08:32:03+0200,cfe43b62-de54-4c74-8f9f-70948ee9d4b6,2026-06-23T10:00:00Z,2026-06-23T12:00:00+0200,60773.530817,MW,DE,DE_LU,forecast_load,Forecasted Load,2026-06-25T06:33:39Z
2026-06-25T06:32:03Z,2026-06-25T08:32:03+0200,cfe43b62-de54-4c74-8f9f-70948ee9d4b6,2026-06-23T10:15:00Z,2026-06-23T12:15:00+0200,60307.178655,MW,DE,DE_LU,forecast_load,Forecasted Load,2026-06-25T06:33:39Z
2026-06-25T06:32:03Z,2026-06-25T08:32:03+0200,cfe43b62-de54-4c74-8f9f-70948ee9d4b6,2026-06-23T10:30:00Z,2026-06-23T12:30:00+0200,60362.043415,MW,DE,DE_LU,forecast_load,Forecasted Load,2026-06-25T06:33:39Z
2026-06-25T06:32:03Z,2026-06-25T08:32:03+0200,cfe43b62-de54-4c74-8f9f-70948ee9d4b6,2026-06-23T10:45:00Z,2026-06-23T12:45:00+0200,60105.289005,MW,DE,DE_LU,forecast_load,Forecasted Load,2026-06-25T06:33:39Z
2026-06-25T06:32:03Z,2026-06-25T08:32:03+0200,cfe43b62-de54-4c74-8f9f-70948ee9d4b6,2026-06-23T11:00:00Z,2026-06-23T13:00:00+0200,59456.18924,MW,DE,DE_LU,forecast_load,Forecasted Load,2026-06-25T06:33:39Z
2026-06-25T06:32:03Z,2026-06-25T08:32:03+0200,cfe43b62-de54-4c74-8f9f-70948ee9d4b6,2026-06-23T11:15:00Z,2026-06-23T13:15:00+0200,59577.915482,MW,DE,DE_LU,forecast_load,Forecasted Load,2026-06-25T06:33:39Z
2026-06-25T06:32:03Z,2026-06-25T08:32:03+0200,cfe43b62-de54-4c74-8f9f-70948ee9d4b6,2026-06-23T11:30:00Z,2026-06-23T13:30:00+0200,59434.376308,MW,DE,DE_LU,forecast_load,Forecasted Load,2026-06-25T06:33:39Z
2026-06-25T06:32:03Z,2026-06-25T08:32:03+0200,cfe43b62-de54-4c74-8f9f-70948ee9d4b6,2026-06-23T11:45:00Z,2026-06-23T13:45:00+0200,59129.154299,MW,DE,DE_LU,forecast_load,Forecasted Load,2026-06-25T06:33:39Z
2026-06-25T06:32:03Z,2026-06-25T08:32:03+0200,cfe43b62-de54-4c74-8f9f-70948ee9d4b6,2026-06-23T12:00:00Z,2026-06-23T14:00:00+0200,58923.522431,MW,DE,DE_LU,forecast_load,Forecasted Load,2026-06-25T06:33:39Z
2026-06-25T06:32:03Z,2026-06-25T08:32:03+0200,cfe43b62-de54-4c74-8f9f-70948ee9d4b6,2026-06-23T12:15:00Z,2026-06-23T14:15:00+0200,58591.453462,MW,DE,DE_LU,forecast_load,Forecasted Load,2026-06-25T06:33:39Z
2026-06-25T06:32:03Z,2026-06-25T08:32:03+0200,cfe43b62-de54-4c74-8f9f-70948ee9d4b6,2026-06-23T12:30:00Z,2026-06-23T14:30:00+0200,58355.072899,MW,DE,DE_LU,forecast_load,Forecasted Load,2026-06-25T06:33:39Z
2026-06-25T06:32:03Z,2026-06-25T08:32:03+0200,cfe43b62-de54-4c74-8f9f-70948ee9d4b6,2026-06-23T12:45:00Z,2026-06-23T14:45:00+0200,57820.476076,MW,DE,DE_LU,forecast_load,Forecasted Load,2026-06-25T06:33:39Z
2026-06-25T06:32:03Z,2026-06-25T08:32:03+0200,cfe43b62-de54-4c74-8f9f-70948ee9d4b6,2026-06-23T13:00:00Z,2026-06-23T15:00:00+0200,57842.225339,MW,DE,DE_LU,forecast_load,Forecasted Load,2026-06-25T06:33:39Z
2026-06-25T06:32:03Z,2026-06-25T08:32:03+0200,cfe43b62-de54-4c74-8f9f-70948ee9d4b6,2026-06-23T13:15:00Z,2026-06-23T15:15:00+0200,58007.370731,MW,DE,DE_LU,forecast_load,Forecasted Load,2026-06-25T06:33:39Z
2026-06-25T06:32:03Z,2026-06-25T08:32:03+0200,cfe43b62-de54-4c74-8f9f-70948ee9d4b6,2026-06-23T13:30:00Z,2026-06-23T15:30:00+0200,57346.627733,MW,DE,DE_LU,forecast_load,Forecasted Load,2026-06-25T06:33:39Z
2026-06-25T06:32:03Z,2026-06-25T08:32:03+0200,cfe43b62-de54-4c74-8f9f-70948ee9d4b6,2026-06-23T13:45:00Z,2026-06-23T15:45:00+0200,57080.732336,MW,DE,DE_LU,forecast_load,Forecasted Load,2026-06-25T06:33:39Z
2026-06-25T06:32:03Z,2026-06-25T08:32:03+0200,cfe43b62-de54-4c74-8f9f-70948ee9d4b6,2026-06-23T14:00:00Z,2026-06-23T16:00:00+0200,57631.570794,MW,DE,DE_LU,forecast_load,Forecasted Load,2026-06-25T06:33:39Z
2026-06-25T06:32:03Z,2026-06-25T08:32:03+0200,cfe43b62-de54-4c74-8f9f-70948ee9d4b6,2026-06-23T14:15:00Z,2026-06-23T16:15:00+0200,57294.766163,MW,DE,DE_LU,forecast_load,Forecasted Load,2026-06-25T06:33:39Z
2026-06-25T06:32:03Z,2026-06-25T08:32:03+0200,cfe43b62-de54-4c74-8f9f-70948ee9d4b6,2026-06-23T14:30:00Z,2026-06-23T16:30:00+0200,57128.923929,MW,DE,DE_LU,forecast_load,Forecasted Load,2026-06-25T06:33:39Z
2026-06-25T06:32:03Z,2026-06-25T08:32:03+0200,cfe43b62-de54-4c74-8f9f-70948ee9d4b6,2026-06-23T14:45:00Z,2026-06-23T16:45:00+0200,57101.732414,MW,DE,DE_LU,forecast_load,Forecasted Load,2026-06-25T06:33:39Z
2026-06-25T06:32:03Z,2026-06-25T08:32:03+0200,cfe43b62-de54-4c74-8f9f-70948ee9d4b6,2026-06-23T15:00:00Z,2026-06-23T17:00:00+0200,57736.815315,MW,DE,DE_LU,forecast_load,Forecasted Load,2026-06-25T06:33:39Z
2026-06-25T06:32:03Z,2026-06-25T08:32:03+0200,cfe43b62-de54-4c74-8f9f-70948ee9d4b6,2026-06-23T15:15:00Z,2026-06-23T17:15:00+0200,57587.666756,MW,DE,DE_LU,forecast_load,Forecasted Load,2026-06-25T06:33:39Z
2026-06-25T06:32:03Z,2026-06-25T08:32:03+0200,cfe43b62-de54-4c74-8f9f-70948ee9d4b6,2026-06-23T15:30:00Z,2026-06-23T17:30:00+0200,57668.181126,MW,DE,DE_LU,forecast_load,Forecasted Load,2026-06-25T06:33:39Z
2026-06-25T06:32:03Z,2026-06-25T08:32:03+0200,cfe43b62-de54-4c74-8f9f-70948ee9d4b6,2026-06-23T15:45:00Z,2026-06-23T17:45:00+0200,57878.815811,MW,DE,DE_LU,forecast_load,Forecasted Load,2026-06-25T06:33:39Z
2026-06-25T06:32:03Z,2026-06-25T08:32:03+0200,cfe43b62-de54-4c74-8f9f-70948ee9d4b6,2026-06-23T16:00:00Z,2026-06-23T18:00:00+0200,58679.163397,MW,DE,DE_LU,forecast_load,Forecasted Load,2026-06-25T06:33:39Z
2026-06-25T06:32:03Z,2026-06-25T08:32:03+0200,cfe43b62-de54-4c74-8f9f-70948ee9d4b6,2026-06-23T16:15:00Z,2026-06-23T18:15:00+0200,59117.488716,MW,DE,DE_LU,forecast_load,Forecasted Load,2026-06-25T06:33:39Z
2026-06-25T06:32:03Z,2026-06-25T08:32:03+0200,cfe43b62-de54-4c74-8f9f-70948ee9d4b6,2026-06-23T16:30:00Z,2026-06-23T18:30:00+0200,59195.067697,MW,DE,DE_LU,forecast_load,Forecasted Load,2026-06-25T06:33:39Z
2026-06-25T06:32:03Z,2026-06-25T08:32:03+0200,cfe43b62-de54-4c74-8f9f-70948ee9d4b6,2026-06-23T16:45:00Z,2026-06-23T18:45:00+0200,59368.198743,MW,DE,DE_LU,forecast_load,Forecasted Load,2026-06-25T06:33:39Z
2026-06-25T06:32:03Z,2026-06-25T08:32:03+0200,cfe43b62-de54-4c74-8f9f-70948ee9d4b6,2026-06-23T17:00:00Z,2026-06-23T19:00:00+0200,59476.489738,MW,DE,DE_LU,forecast_load,Forecasted Load,2026-06-25T06:33:39Z
2026-06-25T06:32:03Z,2026-06-25T08:32:03+0200,cfe43b62-de54-4c74-8f9f-70948ee9d4b6,2026-06-23T17:15:00Z,2026-06-23T19:15:00+0200,59315.021403,MW,DE,DE_LU,forecast_load,Forecasted Load,2026-06-25T06:33:39Z
2026-06-25T06:32:03Z,2026-06-25T08:32:03+0200,cfe43b62-de54-4c74-8f9f-70948ee9d4b6,2026-06-23T17:30:00Z,2026-06-23T19:30:00+0200,59265.944381,MW,DE,DE_LU,forecast_load,Forecasted Load,2026-06-25T06:33:39Z
2026-06-25T06:32:03Z,2026-06-25T08:32:03+0200,cfe43b62-de54-4c74-8f9f-70948ee9d4b6,2026-06-23T17:45:00Z,2026-06-23T19:45:00+0200,58883.444961,MW,DE,DE_LU,forecast_load,Forecasted Load,2026-06-25T06:33:39Z
2026-06-25T06:32:03Z,2026-06-25T08:32:03+0200,cfe43b62-de54-4c74-8f9f-70948ee9d4b6,2026-06-23T18:00:00Z,2026-06-23T20:00:00+0200,58695.399911,MW,DE,DE_LU,forecast_load,Forecasted Load,2026-06-25T06:33:39Z
2026-06-25T06:32:03Z,2026-06-25T08:32:03+0200,cfe43b62-de54-4c74-8f9f-70948ee9d4b6,2026-06-23T18:15:00Z,2026-06-23T20:15:00+0200,58125.056233,MW,DE,DE_LU,forecast_load,Forecasted Load,2026-06-25T06:33:39Z
2026-06-25T06:32:03Z,2026-06-25T08:32:03+0200,cfe43b62-de54-4c74-8f9f-70948ee9d4b6,2026-06-23T18:30:00Z,2026-06-23T20:30:00+0200,57429.246075,MW,DE,DE_LU,forecast_load,Forecasted Load,2026-06-25T06:33:39Z
2026-06-25T06:32:03Z,2026-06-25T08:32:03+0200,cfe43b62-de54-4c74-8f9f-70948ee9d4b6,2026-06-23T18:45:00Z,2026-06-23T20:45:00+0200,57032.245859,MW,DE,DE_LU,forecast_load,Forecasted Load,2026-06-25T06:33:39Z
2026-06-25T06:32:03Z,2026-06-25T08:32:03+0200,cfe43b62-de54-4c74-8f9f-70948ee9d4b6,2026-06-23T19:00:00Z,2026-06-23T21:00:00+0200,56520.998475,MW,DE,DE_LU,forecast_load,Forecasted Load,2026-06-25T06:33:39Z
2026-06-25T06:32:03Z,2026-06-25T08:32:03+0200,cfe43b62-de54-4c74-8f9f-70948ee9d4b6,2026-06-23T19:15:00Z,2026-06-23T21:15:00+0200,56119.404719,MW,DE,DE_LU,forecast_load,Forecasted Load,2026-06-25T06:33:39Z
2026-06-25T06:32:03Z,2026-06-25T08:32:03+0200,cfe43b62-de54-4c74-8f9f-70948ee9d4b6,2026-06-23T19:30:00Z,2026-06-23T21:30:00+0200,55423.644781,MW,DE,DE_LU,forecast_load,Forecasted Load,2026-06-25T06:33:39Z
2026-06-25T06:32:03Z,2026-06-25T08:32:03+0200,cfe43b62-de54-4c74-8f9f-70948ee9d4b6,2026-06-23T19:45:00Z,2026-06-23T21:45:00+0200,54972.141913,MW,DE,DE_LU,forecast_load,Forecasted Load,2026-06-25T06:33:39Z
2026-06-25T06:32:03Z,2026-06-25T08:32:03+0200,cfe43b62-de54-4c74-8f9f-70948ee9d4b6,2026-06-23T20:00:00Z,2026-06-23T22:00:00+0200,54084.600746,MW,DE,DE_LU,forecast_load,Forecasted Load,2026-06-25T06:33:39Z
2026-06-25T06:32:03Z,2026-06-25T08:32:03+0200,cfe43b62-de54-4c74-8f9f-70948ee9d4b6,2026-06-23T20:15:00Z,2026-06-23T22:15:00+0200,53254.327509,MW,DE,DE_LU,forecast_load,Forecasted Load,2026-06-25T06:33:39Z
2026-06-25T06:32:03Z,2026-06-25T08:32:03+0200,cfe43b62-de54-4c74-8f9f-70948ee9d4b6,2026-06-23T20:30:00Z,2026-06-23T22:30:00+0200,52513.483522,MW,DE,DE_LU,forecast_load,Forecasted Load,2026-06-25T06:33:39Z
2026-06-25T06:32:03Z,2026-06-25T08:32:03+0200,cfe43b62-de54-4c74-8f9f-70948ee9d4b6,2026-06-23T20:45:00Z,2026-06-23T22:45:00+0200,51697.92912,MW,DE,DE_LU,forecast_load,Forecasted Load,2026-06-25T06:33:39Z
2026-06-25T06:32:03Z,2026-06-25T08:32:03+0200,cfe43b62-de54-4c74-8f9f-70948ee9d4b6,2026-06-23T21:00:00Z,2026-06-23T23:00:00+0200,50785.278636,MW,DE,DE_LU,forecast_load,Forecasted Load,2026-06-25T06:33:39Z
2026-06-25T06:32:03Z,2026-06-25T08:32:03+0200,cfe43b62-de54-4c74-8f9f-70948ee9d4b6,2026-06-23T21:15:00Z,2026-06-23T23:15:00+0200,50062.12177,MW,DE,DE_LU,forecast_load,Forecasted Load,2026-06-25T06:33:39Z
2026-06-25T06:32:03Z,2026-06-25T08:32:03+0200,cfe43b62-de54-4c74-8f9f-70948ee9d4b6,2026-06-23T21:30:00Z,2026-06-23T23:30:00+0200,49255.77407,MW,DE,DE_LU,forecast_load,Forecasted Load,2026-06-25T06:33:39Z
2026-06-25T06:32:03Z,2026-06-25T08:32:03+0200,cfe43b62-de54-4c74-8f9f-70948ee9d4b6,2026-06-23T21:45:00Z,2026-06-23T23:45:00+0200,48459.81969,MW,DE,DE_LU,forecast_load,Forecasted Load,2026-06-25T06:33:39Z
2026-06-25T06:32:03Z,2026-06-25T08:32:03+0200,cfe43b62-de54-4c74-8f9f-70948ee9d4b6,2026-06-23T22:00:00Z,2026-06-24T00:00:00+0200,47119.273258,MW,DE,DE_LU,forecast_load,Forecasted Load,2026-06-25T06:33:39Z
2026-06-25T06:32:03Z,2026-06-25T08:32:03+0200,cfe43b62-de54-4c74-8f9f-70948ee9d4b6,2026-06-23T22:15:00Z,2026-06-24T00:15:00+0200,46485.04591,MW,DE,DE_LU,forecast_load,Forecasted Load,2026-06-25T06:33:39Z
2026-06-25T06:32:03Z,2026-06-25T08:32:03+0200,cfe43b62-de54-4c74-8f9f-70948ee9d4b6,2026-06-23T22:30:00Z,2026-06-24T00:30:00+0200,46090.314908,MW,DE,DE_LU,forecast_load,Forecasted Load,2026-06-25T06:33:39Z
2026-06-25T06:32:03Z,2026-06-25T08:32:03+0200,cfe43b62-de54-4c74-8f9f-70948ee9d4b6,2026-06-23T22:45:00Z,2026-06-24T00:45:00+0200,45497.057596,MW,DE,DE_LU,forecast_load,Forecasted Load,2026-06-25T06:33:39Z
2026-06-25T06:32:03Z,2026-06-25T08:32:03+0200,cfe43b62-de54-4c74-8f9f-70948ee9d4b6,2026-06-23T23:00:00Z,2026-06-24T01:00:00+0200,45095.204955,MW,DE,DE_LU,forecast_load,Forecasted Load,2026-06-25T06:33:39Z
2026-06-25T06:32:03Z,2026-06-25T08:32:03+0200,cfe43b62-de54-4c74-8f9f-70948ee9d4b6,2026-06-23T23:15:00Z,2026-06-24T01:15:00+0200,44717.342319,MW,DE,DE_LU,forecast_load,Forecasted Load,2026-06-25T06:33:39Z
2026-06-25T06:32:03Z,2026-06-25T08:32:03+0200,cfe43b62-de54-4c74-8f9f-70948ee9d4b6,2026-06-23T23:30:00Z,2026-06-24T01:30:00+0200,44317.243107,MW,DE,DE_LU,forecast_load,Forecasted Load,2026-06-25T06:33:39Z
2026-06-25T06:32:03Z,2026-06-25T08:32:03+0200,cfe43b62-de54-4c74-8f9f-70948ee9d4b6,2026-06-23T23:45:00Z,2026-06-24T01:45:00+0200,44105.474589,MW,DE,DE_LU,forecast_load,Forecasted Load,2026-06-25T06:33:39Z
2026-06-25T06:32:03Z,2026-06-25T08:32:03+0200,cfe43b62-de54-4c74-8f9f-70948ee9d4b6,2026-06-24T00:00:00Z,2026-06-24T02:00:00+0200,43887.326568,MW,DE,DE_LU,forecast_load,Forecasted Load,2026-06-25T06:33:39Z
2026-06-25T06:32:03Z,2026-06-25T08:32:03+0200,cfe43b62-de54-4c74-8f9f-70948ee9d4b6,2026-06-24T00:15:00Z,2026-06-24T02:15:00+0200,43585.23073,MW,DE,DE_LU,forecast_load,Forecasted Load,2026-06-25T06:33:39Z
2026-06-25T06:32:03Z,2026-06-25T08:32:03+0200,cfe43b62-de54-4c74-8f9f-70948ee9d4b6,2026-06-24T00:30:00Z,2026-06-24T02:30:00+0200,43446.192572,MW,DE,DE_LU,forecast_load,Forecasted Load,2026-06-25T06:33:39Z
2026-06-25T06:32:03Z,2026-06-25T08:32:03+0200,cfe43b62-de54-4c74-8f9f-70948ee9d4b6,2026-06-24T00:45:00Z,2026-06-24T02:45:00+0200,43310.526638,MW,DE,DE_LU,forecast_load,Forecasted Load,2026-06-25T06:33:39Z
2026-06-25T06:32:03Z,2026-06-25T08:32:03+0200,cfe43b62-de54-4c74-8f9f-70948ee9d4b6,2026-06-24T01:00:00Z,2026-06-24T03:00:00+0200,43401.650006,MW,DE,DE_LU,forecast_load,Forecasted Load,2026-06-25T06:33:39Z
2026-06-25T06:32:03Z,2026-06-25T08:32:03+0200,cfe43b62-de54-4c74-8f9f-70948ee9d4b6,2026-06-24T01:15:00Z,2026-06-24T03:15:00+0200,43377.061843,MW,DE,DE_LU,forecast_load,Forecasted Load,2026-06-25T06:33:39Z
2026-06-25T06:32:03Z,2026-06-25T08:32:03+0200,cfe43b62-de54-4c74-8f9f-70948ee9d4b6,2026-06-24T01:30:00Z,2026-06-24T03:30:00+0200,43508.003633,MW,DE,DE_LU,forecast_load,Forecasted Load,2026-06-25T06:33:39Z
2026-06-25T06:32:03Z,2026-06-25T08:32:03+0200,cfe43b62-de54-4c74-8f9f-70948ee9d4b6,2026-06-24T01:45:00Z,2026-06-24T03:45:00+0200,43652.551381,MW,DE,DE_LU,forecast_load,Forecasted Load,2026-06-25T06:33:39Z
2026-06-25T06:32:03Z,2026-06-25T08:32:03+0200,cfe43b62-de54-4c74-8f9f-70948ee9d4b6,2026-06-24T02:00:00Z,2026-06-24T04:00:00+0200,43968.951733,MW,DE,DE_LU,forecast_load,Forecasted Load,2026-06-25T06:33:39Z
2026-06-25T06:32:03Z,2026-06-25T08:32:03+0200,cfe43b62-de54-4c74-8f9f-70948ee9d4b6,2026-06-24T02:15:00Z,2026-06-24T04:15:00+0200,44289.679403,MW,DE,DE_LU,forecast_load,Forecasted Load,2026-06-25T06:33:39Z
2026-06-25T06:32:03Z,2026-06-25T08:32:03+0200,cfe43b62-de54-4c74-8f9f-70948ee9d4b6,2026-06-24T02:30:00Z,2026-06-24T04:30:00+0200,44882.875221,MW,DE,DE_LU,forecast_load,Forecasted Load,2026-06-25T06:33:39Z
2026-06-25T06:32:03Z,2026-06-25T08:32:03+0200,cfe43b62-de54-4c74-8f9f-70948ee9d4b6,2026-06-24T02:45:00Z,2026-06-24T04:45:00+0200,45502.75293,MW,DE,DE_LU,forecast_load,Forecasted Load,2026-06-25T06:33:39Z
2026-06-25T06:32:03Z,2026-06-25T08:32:03+0200,cfe43b62-de54-4c74-8f9f-70948ee9d4b6,2026-06-24T03:00:00Z,2026-06-24T05:00:00+0200,46482.551247,MW,DE,DE_LU,forecast_load,Forecasted Load,2026-06-25T06:33:39Z
2026-06-25T06:32:03Z,2026-06-25T08:32:03+0200,cfe43b62-de54-4c74-8f9f-70948ee9d4b6,2026-06-24T03:15:00Z,2026-06-24T05:15:00+0200,46404.290228,MW,DE,DE_LU,forecast_load,Forecasted Load,2026-06-25T06:33:39Z
2026-06-25T06:32:03Z,2026-06-25T08:32:03+0200,cfe43b62-de54-4c74-8f9f-70948ee9d4b6,2026-06-24T03:30:00Z,2026-06-24T05:30:00+0200,47767.35207,MW,DE,DE_LU,forecast_load,Forecasted Load,2026-06-25T06:33:39Z
2026-06-25T06:32:03Z,2026-06-25T08:32:03+0200,cfe43b62-de54-4c74-8f9f-70948ee9d4b6,2026-06-24T03:45:00Z,2026-06-24T05:45:00+0200,48995.962446,MW,DE,DE_LU,forecast_load,Forecasted Load,2026-06-25T06:33:39Z
2026-06-25T06:32:03Z,2026-06-25T08:32:03+0200,cfe43b62-de54-4c74-8f9f-70948ee9d4b6,2026-06-24T04:00:00Z,2026-06-24T06:00:00+0200,51726.49246,MW,DE,DE_LU,forecast_load,Forecasted Load,2026-06-25T06:33:39Z
2026-06-25T06:32:03Z,2026-06-25T08:32:03+0200,cfe43b62-de54-4c74-8f9f-70948ee9d4b6,2026-06-24T04:15:00Z,2026-06-24T06:15:00+0200,52387.376815,MW,DE,DE_LU,forecast_load,Forecasted Load,2026-06-25T06:33:39Z
2026-06-25T06:32:03Z,2026-06-25T08:32:03+0200,cfe43b62-de54-4c74-8f9f-70948ee9d4b6,2026-06-24T04:30:00Z,2026-06-24T06:30:00+0200,54085.159507,MW,DE,DE_LU,forecast_load,Forecasted Load,2026-06-25T06:33:39Z
2026-06-25T06:32:03Z,2026-06-25T08:32:03+0200,cfe43b62-de54-4c74-8f9f-70948ee9d4b6,2026-06-24T04:45:00Z,2026-06-24T06:45:00+0200,55415.828464,MW,DE,DE_LU,forecast_load,Forecasted Load,2026-06-25T06:33:39Z
2026-06-25T06:32:03Z,2026-06-25T08:32:03+0200,cfe43b62-de54-4c74-8f9f-70948ee9d4b6,2026-06-24T05:00:00Z,2026-06-24T07:00:00+0200,56463.370542,MW,DE,DE_LU,forecast_load,Forecasted Load,2026-06-25T06:33:39Z
2026-06-25T06:32:03Z,2026-06-25T08:32:03+0200,cfe43b62-de54-4c74-8f9f-70948ee9d4b6,2026-06-24T05:15:00Z,2026-06-24T07:15:00+0200,57625.393423,MW,DE,DE_LU,forecast_load,Forecasted Load,2026-06-25T06:33:39Z
2026-06-25T06:32:03Z,2026-06-25T08:32:03+0200,cfe43b62-de54-4c74-8f9f-70948ee9d4b6,2026-06-24T05:30:00Z,2026-06-24T07:30:00+0200,58671.298897,MW,DE,DE_LU,forecast_load,Forecasted Load,2026-06-25T06:33:39Z
2026-06-25T06:32:03Z,2026-06-25T08:32:03+0200,cfe43b62-de54-4c74-8f9f-70948ee9d4b6,2026-06-24T05:45:00Z,2026-06-24T07:45:00+0200,59664.204257,MW,DE,DE_LU,forecast_load,Forecasted Load,2026-06-25T06:33:39Z
2026-06-25T06:32:03Z,2026-06-25T08:32:03+0200,cfe43b62-de54-4c74-8f9f-70948ee9d4b6,2026-06-24T06:00:00Z,2026-06-24T08:00:00+0200,60113.729695,MW,DE,DE_LU,forecast_load,Forecasted Load,2026-06-25T06:33:39Z
2026-06-25T06:32:03Z,2026-06-25T08:32:03+0200,cfe43b62-de54-4c74-8f9f-70948ee9d4b6,2026-06-24T06:15:00Z,2026-06-24T08:15:00+0200,60832.640921,MW,DE,DE_LU,forecast_load,Forecasted Load,2026-06-25T06:33:39Z
2026-06-25T06:32:03Z,2026-06-25T08:32:03+0200,cfe43b62-de54-4c74-8f9f-70948ee9d4b6,2026-06-24T06:30:00Z,2026-06-24T08:30:00+0200,61313.559073,MW,DE,DE_LU,forecast_load,Forecasted Load,2026-06-25T06:33:39Z
2026-06-25T06:32:03Z,2026-06-25T08:32:03+0200,cfe43b62-de54-4c74-8f9f-70948ee9d4b6,2026-06-24T06:45:00Z,2026-06-24T08:45:00+0200,61632.262215,MW,DE,DE_LU,forecast_load,Forecasted Load,2026-06-25T06:33:39Z
2026-06-25T06:32:03Z,2026-06-25T08:32:03+0200,cfe43b62-de54-4c74-8f9f-70948ee9d4b6,2026-06-24T07:00:00Z,2026-06-24T09:00:00+0200,61547.278135,MW,DE,DE_LU,forecast_load,Forecasted Load,2026-06-25T06:33:39Z
2026-06-25T06:32:03Z,2026-06-25T08:32:03+0200,cfe43b62-de54-4c74-8f9f-70948ee9d4b6,2026-06-24T07:15:00Z,2026-06-24T09:15:00+0200,61761.592118,MW,DE,DE_LU,forecast_load,Forecasted Load,2026-06-25T06:33:39Z
2026-06-25T06:32:03Z,2026-06-25T08:32:03+0200,cfe43b62-de54-4c74-8f9f-70948ee9d4b6,2026-06-24T07:30:00Z,2026-06-24T09:30:00+0200,62155.23606,MW,DE,DE_LU,forecast_load,Forecasted Load,2026-06-25T06:33:39Z
2026-06-25T06:32:03Z,2026-06-25T08:32:03+0200,cfe43b62-de54-4c74-8f9f-70948ee9d4b6,2026-06-24T07:45:00Z,2026-06-24T09:45:00+0200,62317.231617,MW,DE,DE_LU,forecast_load,Forecasted Load,2026-06-25T06:33:39Z
2026-06-25T06:32:03Z,2026-06-25T08:32:03+0200,cfe43b62-de54-4c74-8f9f-70948ee9d4b6,2026-06-24T08:00:00Z,2026-06-24T10:00:00+0200,61751.148484,MW,DE,DE_LU,forecast_load,Forecasted Load,2026-06-25T06:33:39Z
2026-06-25T06:32:03Z,2026-06-25T08:32:03+0200,cfe43b62-de54-4c74-8f9f-70948ee9d4b6,2026-06-24T08:15:00Z,2026-06-24T10:15:00+0200,61928.432142,MW,DE,DE_LU,forecast_load,Forecasted Load,2026-06-25T06:33:39Z
2026-06-25T06:32:03Z,2026-06-25T08:32:03+0200,cfe43b62-de54-4c74-8f9f-70948ee9d4b6,2026-06-24T08:30:00Z,2026-06-24T10:30:00+0200,61702.633431,MW,DE,DE_LU,forecast_load,Forecasted Load,2026-06-25T06:33:39Z
2026-06-25T06:32:03Z,2026-06-25T08:32:03+0200,cfe43b62-de54-4c74-8f9f-70948ee9d4b6,2026-06-24T08:45:00Z,2026-06-24T10:45:00+0200,61514.735474,MW,DE,DE_LU,forecast_load,Forecasted Load,2026-06-25T06:33:39Z
2026-06-25T06:32:03Z,2026-06-25T08:32:03+0200,cfe43b62-de54-4c74-8f9f-70948ee9d4b6,2026-06-24T09:00:00Z,2026-06-24T11:00:00+0200,61624.252707,MW,DE,DE_LU,forecast_load,Forecasted Load,2026-06-25T06:33:39Z
2026-06-25T06:32:03Z,2026-06-25T08:32:03+0200,cfe43b62-de54-4c74-8f9f-70948ee9d4b6,2026-06-24T09:15:00Z,2026-06-24T11:15:00+0200,61598.299117,MW,DE,DE_LU,forecast_load,Forecasted Load,2026-06-25T06:33:39Z
2026-06-25T06:32:03Z,2026-06-25T08:32:03+0200,cfe43b62-de54-4c74-8f9f-70948ee9d4b6,2026-06-24T09:30:00Z,2026-06-24T11:30:00+0200,61205.514208,MW,DE,DE_LU,forecast_load,Forecasted Load,2026-06-25T06:33:39Z
2026-06-25T06:32:03Z,2026-06-25T08:32:03+0200,cfe43b62-de54-4c74-8f9f-70948ee9d4b6,2026-06-24T09:45:00Z,2026-06-24T11:45:00+0200,60769.723705,MW,DE,DE_LU,forecast_load,Forecasted Load,2026-06-25T06:33:39Z
2026-06-25T06:32:03Z,2026-06-25T08:32:03+0200,cfe43b62-de54-4c74-8f9f-70948ee9d4b6,2026-06-24T10:00:00Z,2026-06-24T12:00:00+0200,60291.523775,MW,DE,DE_LU,forecast_load,Forecasted Load,2026-06-25T06:33:39Z
2026-06-25T06:32:03Z,2026-06-25T08:32:03+0200,cfe43b62-de54-4c74-8f9f-70948ee9d4b6,2026-06-24T10:15:00Z,2026-06-24T12:15:00+0200,59972.151287,MW,DE,DE_LU,forecast_load,Forecasted Load,2026-06-25T06:33:39Z
2026-06-25T06:32:03Z,2026-06-25T08:32:03+0200,cfe43b62-de54-4c74-8f9f-70948ee9d4b6,2026-06-24T10:30:00Z,2026-06-24T12:30:00+0200,59926.146873,MW,DE,DE_LU,forecast_load,Forecasted Load,2026-06-25T06:33:39Z
2026-06-25T06:32:03Z,2026-06-25T08:32:03+0200,cfe43b62-de54-4c74-8f9f-70948ee9d4b6,2026-06-24T10:45:00Z,2026-06-24T12:45:00+0200,60094.088187,MW,DE,DE_LU,forecast_load,Forecasted Load,2026-06-25T06:33:39Z
2026-06-25T06:32:03Z,2026-06-25T08:32:03+0200,cfe43b62-de54-4c74-8f9f-70948ee9d4b6,2026-06-24T11:00:00Z,2026-06-24T13:00:00+0200,59152.367314,MW,DE,DE_LU,forecast_load,Forecasted Load,2026-06-25T06:33:39Z
2026-06-25T06:32:03Z,2026-06-25T08:32:03+0200,cfe43b62-de54-4c74-8f9f-70948ee9d4b6,2026-06-24T11:15:00Z,2026-06-24T13:15:00+0200,58916.7535,MW,DE,DE_LU,forecast_load,Forecasted Load,2026-06-25T06:33:39Z
2026-06-25T06:32:03Z,2026-06-25T08:32:03+0200,cfe43b62-de54-4c74-8f9f-70948ee9d4b6,2026-06-24T11:30:00Z,2026-06-24T13:30:00+0200,58740.822174,MW,DE,DE_LU,forecast_load,Forecasted Load,2026-06-25T06:33:39Z
2026-06-25T06:32:03Z,2026-06-25T08:32:03+0200,cfe43b62-de54-4c74-8f9f-70948ee9d4b6,2026-06-24T11:45:00Z,2026-06-24T13:45:00+0200,58124.774674,MW,DE,DE_LU,forecast_load,Forecasted Load,2026-06-25T06:33:39Z
2026-06-25T06:32:03Z,2026-06-25T08:32:03+0200,cfe43b62-de54-4c74-8f9f-70948ee9d4b6,2026-06-24T12:00:00Z,2026-06-24T14:00:00+0200,58223.085059,MW,DE,DE_LU,forecast_load,Forecasted Load,2026-06-25T06:33:39Z
2026-06-25T06:32:03Z,2026-06-25T08:32:03+0200,cfe43b62-de54-4c74-8f9f-70948ee9d4b6,2026-06-24T12:15:00Z,2026-06-24T14:15:00+0200,57835.173261,MW,DE,DE_LU,forecast_load,Forecasted Load,2026-06-25T06:33:39Z
2026-06-25T06:32:03Z,2026-06-25T08:32:03+0200,cfe43b62-de54-4c74-8f9f-70948ee9d4b6,2026-06-24T12:30:00Z,2026-06-24T14:30:00+0200,57811.496138,MW,DE,DE_LU,forecast_load,Forecasted Load,2026-06-25T06:33:39Z
2026-06-25T06:32:03Z,2026-06-25T08:32:03+0200,cfe43b62-de54-4c74-8f9f-70948ee9d4b6,2026-06-24T12:45:00Z,2026-06-24T14:45:00+0200,57052.246305,MW,DE,DE_LU,forecast_load,Forecasted Load,2026-06-25T06:33:39Z
2026-06-25T06:32:03Z,2026-06-25T08:32:03+0200,cfe43b62-de54-4c74-8f9f-70948ee9d4b6,2026-06-24T13:00:00Z,2026-06-24T15:00:00+0200,57209.841054,MW,DE,DE_LU,forecast_load,Forecasted Load,2026-06-25T06:33:39Z
2026-06-25T06:32:03Z,2026-06-25T08:32:03+0200,cfe43b62-de54-4c74-8f9f-70948ee9d4b6,2026-06-24T13:15:00Z,2026-06-24T15:15:00+0200,57017.523524,MW,DE,DE_LU,forecast_load,Forecasted Load,2026-06-25T06:33:39Z
2026-06-25T06:32:03Z,2026-06-25T08:32:03+0200,cfe43b62-de54-4c74-8f9f-70948ee9d4b6,2026-06-24T13:30:00Z,2026-06-24T15:30:00+0200,56743.680789,MW,DE,DE_LU,forecast_load,Forecasted Load,2026-06-25T06:33:39Z
2026-06-25T06:32:03Z,2026-06-25T08:32:03+0200,cfe43b62-de54-4c74-8f9f-70948ee9d4b6,2026-06-24T13:45:00Z,2026-06-24T15:45:00+0200,56354.078108,MW,DE,DE_LU,forecast_load,Forecasted Load,2026-06-25T06:33:39Z
2026-06-25T06:32:03Z,2026-06-25T08:32:03+0200,cfe43b62-de54-4c74-8f9f-70948ee9d4b6,2026-06-24T14:00:00Z,2026-06-24T16:00:00+0200,56886.724705,MW,DE,DE_LU,forecast_load,Forecasted Load,2026-06-25T06:33:39Z
2026-06-25T06:32:03Z,2026-06-25T08:32:03+0200,cfe43b62-de54-4c74-8f9f-70948ee9d4b6,2026-06-24T14:15:00Z,2026-06-24T16:15:00+0200,56741.056061,MW,DE,DE_LU,forecast_load,Forecasted Load,2026-06-25T06:33:39Z
2026-06-25T06:32:03Z,2026-06-25T08:32:03+0200,cfe43b62-de54-4c74-8f9f-70948ee9d4b6,2026-06-24T14:30:00Z,2026-06-24T16:30:00+0200,56796.311588,MW,DE,DE_LU,forecast_load,Forecasted Load,2026-06-25T06:33:39Z
2026-06-25T06:32:03Z,2026-06-25T08:32:03+0200,cfe43b62-de54-4c74-8f9f-70948ee9d4b6,2026-06-24T14:45:00Z,2026-06-24T16:45:00+0200,56358.579363,MW,DE,DE_LU,forecast_load,Forecasted Load,2026-06-25T06:33:39Z
2026-06-25T06:32:03Z,2026-06-25T08:32:03+0200,cfe43b62-de54-4c74-8f9f-70948ee9d4b6,2026-06-24T15:00:00Z,2026-06-24T17:00:00+0200,56923.443881,MW,DE,DE_LU,forecast_load,Forecasted Load,2026-06-25T06:33:39Z
2026-06-25T06:32:03Z,2026-06-25T08:32:03+0200,cfe43b62-de54-4c74-8f9f-70948ee9d4b6,2026-06-24T15:15:00Z,2026-06-24T17:15:00+0200,57168.329971,MW,DE,DE_LU,forecast_load,Forecasted Load,2026-06-25T06:33:39Z
2026-06-25T06:32:03Z,2026-06-25T08:32:03+0200,cfe43b62-de54-4c74-8f9f-70948ee9d4b6,2026-06-24T15:30:00Z,2026-06-24T17:30:00+0200,57127.368022,MW,DE,DE_LU,forecast_load,Forecasted Load,2026-06-25T06:33:39Z
2026-06-25T06:32:03Z,2026-06-25T08:32:03+0200,cfe43b62-de54-4c74-8f9f-70948ee9d4b6,2026-06-24T15:45:00Z,2026-06-24T17:45:00+0200,57415.243117,MW,DE,DE_LU,forecast_load,Forecasted Load,2026-06-25T06:33:39Z
2026-06-25T06:32:03Z,2026-06-25T08:32:03+0200,cfe43b62-de54-4c74-8f9f-70948ee9d4b6,2026-06-24T16:00:00Z,2026-06-24T18:00:00+0200,57785.122496,MW,DE,DE_LU,forecast_load,Forecasted Load,2026-06-25T06:33:39Z
2026-06-25T06:32:03Z,2026-06-25T08:32:03+0200,cfe43b62-de54-4c74-8f9f-70948ee9d4b6,2026-06-24T16:15:00Z,2026-06-24T18:15:00+0200,58144.421633,MW,DE,DE_LU,forecast_load,Forecasted Load,2026-06-25T06:33:39Z
2026-06-25T06:32:03Z,2026-06-25T08:32:03+0200,cfe43b62-de54-4c74-8f9f-70948ee9d4b6,2026-06-24T16:30:00Z,2026-06-24T18:30:00+0200,58583.407197,MW,DE,DE_LU,forecast_load,Forecasted Load,2026-06-25T06:33:39Z
2026-06-25T06:32:03Z,2026-06-25T08:32:03+0200,cfe43b62-de54-4c74-8f9f-70948ee9d4b6,2026-06-24T16:45:00Z,2026-06-24T18:45:00+0200,58570.370849,MW,DE,DE_LU,forecast_load,Forecasted Load,2026-06-25T06:33:39Z
2026-06-25T06:32:03Z,2026-06-25T08:32:03+0200,cfe43b62-de54-4c74-8f9f-70948ee9d4b6,2026-06-24T17:00:00Z,2026-06-24T19:00:00+0200,58770.730758,MW,DE,DE_LU,forecast_load,Forecasted Load,2026-06-25T06:33:39Z
2026-06-25T06:32:03Z,2026-06-25T08:32:03+0200,cfe43b62-de54-4c74-8f9f-70948ee9d4b6,2026-06-24T17:15:00Z,2026-06-24T19:15:00+0200,58940.055241,MW,DE,DE_LU,forecast_load,Forecasted Load,2026-06-25T06:33:39Z
2026-06-25T06:32:03Z,2026-06-25T08:32:03+0200,cfe43b62-de54-4c74-8f9f-70948ee9d4b6,2026-06-24T17:30:00Z,2026-06-24T19:30:00+0200,58834.06152,MW,DE,DE_LU,forecast_load,Forecasted Load,2026-06-25T06:33:39Z
2026-06-25T06:32:03Z,2026-06-25T08:32:03+0200,cfe43b62-de54-4c74-8f9f-70948ee9d4b6,2026-06-24T17:45:00Z,2026-06-24T19:45:00+0200,58963.807614,MW,DE,DE_LU,forecast_load,Forecasted Load,2026-06-25T06:33:39Z
2026-06-25T06:32:03Z,2026-06-25T08:32:03+0200,cfe43b62-de54-4c74-8f9f-70948ee9d4b6,2026-06-24T18:00:00Z,2026-06-24T20:00:00+0200,58636.309063,MW,DE,DE_LU,forecast_load,Forecasted Load,2026-06-25T06:33:39Z
2026-06-25T06:32:03Z,2026-06-25T08:32:03+0200,cfe43b62-de54-4c74-8f9f-70948ee9d4b6,2026-06-24T18:15:00Z,2026-06-24T20:15:00+0200,58192.727345,MW,DE,DE_LU,forecast_load,Forecasted Load,2026-06-25T06:33:39Z
2026-06-25T06:32:03Z,2026-06-25T08:32:03+0200,cfe43b62-de54-4c74-8f9f-70948ee9d4b6,2026-06-24T18:30:00Z,2026-06-24T20:30:00+0200,57868.32375,MW,DE,DE_LU,forecast_load,Forecasted Load,2026-06-25T06:33:39Z
2026-06-25T06:32:03Z,2026-06-25T08:32:03+0200,cfe43b62-de54-4c74-8f9f-70948ee9d4b6,2026-06-24T18:45:00Z,2026-06-24T20:45:00+0200,57262.433141,MW,DE,DE_LU,forecast_load,Forecasted Load,2026-06-25T06:33:39Z
2026-06-25T06:32:03Z,2026-06-25T08:32:03+0200,cfe43b62-de54-4c74-8f9f-70948ee9d4b6,2026-06-24T19:00:00Z,2026-06-24T21:00:00+0200,56593.47753,MW,DE,DE_LU,forecast_load,Forecasted Load,2026-06-25T06:33:39Z
2026-06-25T06:32:03Z,2026-06-25T08:32:03+0200,cfe43b62-de54-4c74-8f9f-70948ee9d4b6,2026-06-24T19:15:00Z,2026-06-24T21:15:00+0200,56151.16067,MW,DE,DE_LU,forecast_load,Forecasted Load,2026-06-25T06:33:39Z
2026-06-25T06:32:03Z,2026-06-25T08:32:03+0200,cfe43b62-de54-4c74-8f9f-70948ee9d4b6,2026-06-24T19:30:00Z,2026-06-24T21:30:00+0200,55378.761611,MW,DE,DE_LU,forecast_load,Forecasted Load,2026-06-25T06:33:39Z
2026-06-25T06:32:03Z,2026-06-25T08:32:03+0200,cfe43b62-de54-4c74-8f9f-70948ee9d4b6,2026-06-24T19:45:00Z,2026-06-24T21:45:00+0200,54777.565359,MW,DE,DE_LU,forecast_load,Forecasted Load,2026-06-25T06:33:39Z
2026-06-25T06:32:03Z,2026-06-25T08:32:03+0200,cfe43b62-de54-4c74-8f9f-70948ee9d4b6,2026-06-24T20:00:00Z,2026-06-24T22:00:00+0200,53839.212975,MW,DE,DE_LU,forecast_load,Forecasted Load,2026-06-25T06:33:39Z
2026-06-25T06:32:03Z,2026-06-25T08:32:03+0200,cfe43b62-de54-4c74-8f9f-70948ee9d4b6,2026-06-24T20:15:00Z,2026-06-24T22:15:00+0200,53179.317057,MW,DE,DE_LU,forecast_load,Forecasted Load,2026-06-25T06:33:39Z
2026-06-25T06:32:03Z,2026-06-25T08:32:03+0200,cfe43b62-de54-4c74-8f9f-70948ee9d4b6,2026-06-24T20:30:00Z,2026-06-24T22:30:00+0200,52365.333153,MW,DE,DE_LU,forecast_load,Forecasted Load,2026-06-25T06:33:39Z
2026-06-25T06:32:03Z,2026-06-25T08:32:03+0200,cfe43b62-de54-4c74-8f9f-70948ee9d4b6,2026-06-24T20:45:00Z,2026-06-24T22:45:00+0200,51597.436517,MW,DE,DE_LU,forecast_load,Forecasted Load,2026-06-25T06:33:39Z
2026-06-25T06:32:03Z,2026-06-25T08:32:03+0200,cfe43b62-de54-4c74-8f9f-70948ee9d4b6,2026-06-24T21:00:00Z,2026-06-24T23:00:00+0200,50586.132012,MW,DE,DE_LU,forecast_load,Forecasted Load,2026-06-25T06:33:39Z
2026-06-25T06:32:03Z,2026-06-25T08:32:03+0200,cfe43b62-de54-4c74-8f9f-70948ee9d4b6,2026-06-24T21:15:00Z,2026-06-24T23:15:00+0200,49648.405309,MW,DE,DE_LU,forecast_load,Forecasted Load,2026-06-25T06:33:39Z
2026-06-25T06:32:03Z,2026-06-25T08:32:03+0200,cfe43b62-de54-4c74-8f9f-70948ee9d4b6,2026-06-24T21:30:00Z,2026-06-24T23:30:00+0200,48789.073053,MW,DE,DE_LU,forecast_load,Forecasted Load,2026-06-25T06:33:39Z
2026-06-25T06:32:03Z,2026-06-25T08:32:03+0200,cfe43b62-de54-4c74-8f9f-70948ee9d4b6,2026-06-24T21:45:00Z,2026-06-24T23:45:00+0200,48062.054481,MW,DE,DE_LU,forecast_load,Forecasted Load,2026-06-25T06:33:39Z
2026-06-25T06:32:03Z,2026-06-25T08:32:03+0200,cfe43b62-de54-4c74-8f9f-70948ee9d4b6,2026-06-24T22:00:00Z,2026-06-25T00:00:00+0200,46473.02524,MW,DE,DE_LU,forecast_load,Forecasted Load,2026-06-25T06:33:39Z
2026-06-25T06:32:03Z,2026-06-25T08:32:03+0200,cfe43b62-de54-4c74-8f9f-70948ee9d4b6,2026-06-24T22:15:00Z,2026-06-25T00:15:00+0200,45772.593169,MW,DE,DE_LU,forecast_load,Forecasted Load,2026-06-25T06:33:39Z
2026-06-25T06:32:03Z,2026-06-25T08:32:03+0200,cfe43b62-de54-4c74-8f9f-70948ee9d4b6,2026-06-24T22:30:00Z,2026-06-25T00:30:00+0200,45368.648468,MW,DE,DE_LU,forecast_load,Forecasted Load,2026-06-25T06:33:39Z
2026-06-25T06:32:03Z,2026-06-25T08:32:03+0200,cfe43b62-de54-4c74-8f9f-70948ee9d4b6,2026-06-24T22:45:00Z,2026-06-25T00:45:00+0200,44955.184057,MW,DE,DE_LU,forecast_load,Forecasted Load,2026-06-25T06:33:39Z
2026-06-25T06:32:03Z,2026-06-25T08:32:03+0200,cfe43b62-de54-4c74-8f9f-70948ee9d4b6,2026-06-24T23:00:00Z,2026-06-25T01:00:00+0200,44616.235208,MW,DE,DE_LU,forecast_load,Forecasted Load,2026-06-25T06:33:39Z
2026-06-25T06:32:03Z,2026-06-25T08:32:03+0200,cfe43b62-de54-4c74-8f9f-70948ee9d4b6,2026-06-24T23:15:00Z,2026-06-25T01:15:00+0200,44125.648521,MW,DE,DE_LU,forecast_load,Forecasted Load,2026-06-25T06:33:39Z
2026-06-25T06:32:03Z,2026-06-25T08:32:03+0200,cfe43b62-de54-4c74-8f9f-70948ee9d4b6,2026-06-24T23:30:00Z,2026-06-25T01:30:00+0200,43832.423372,MW,DE,DE_LU,forecast_load,Forecasted Load,2026-06-25T06:33:39Z
2026-06-25T06:32:03Z,2026-06-25T08:32:03+0200,cfe43b62-de54-4c74-8f9f-70948ee9d4b6,2026-06-24T23:45:00Z,2026-06-25T01:45:00+0200,43636.652302,MW,DE,DE_LU,forecast_load,Forecasted Load,2026-06-25T06:33:39Z
2026-06-25T06:32:03Z,2026-06-25T08:32:03+0200,cfe43b62-de54-4c74-8f9f-70948ee9d4b6,2026-06-25T00:00:00Z,2026-06-25T02:00:00+0200,43279.744377,MW,DE,DE_LU,forecast_load,Forecasted Load,2026-06-25T06:33:39Z
2026-06-25T06:32:03Z,2026-06-25T08:32:03+0200,cfe43b62-de54-4c74-8f9f-70948ee9d4b6,2026-06-25T00:15:00Z,2026-06-25T02:15:00+0200,43074.197097,MW,DE,DE_LU,forecast_load,Forecasted Load,2026-06-25T06:33:39Z
2026-06-25T06:32:03Z,2026-06-25T08:32:03+0200,cfe43b62-de54-4c74-8f9f-70948ee9d4b6,2026-06-25T00:30:00Z,2026-06-25T02:30:00+0200,42971.802647,MW,DE,DE_LU,forecast_load,Forecasted Load,2026-06-25T06:33:39Z
2026-06-25T06:32:03Z,2026-06-25T08:32:03+0200,cfe43b62-de54-4c74-8f9f-70948ee9d4b6,2026-06-25T00:45:00Z,2026-06-25T02:45:00+0200,43012.871279,MW,DE,DE_LU,forecast_load,Forecasted Load,2026-06-25T06:33:39Z
2026-06-25T06:32:03Z,2026-06-25T08:32:03+0200,cfe43b62-de54-4c74-8f9f-70948ee9d4b6,2026-06-25T01:00:00Z,2026-06-25T03:00:00+0200,42908.587627,MW,DE,DE_LU,forecast_load,Forecasted Load,2026-06-25T06:33:39Z
2026-06-25T06:32:03Z,2026-06-25T08:32:03+0200,cfe43b62-de54-4c74-8f9f-70948ee9d4b6,2026-06-25T01:15:00Z,2026-06-25T03:15:00+0200,42934.144988,MW,DE,DE_LU,forecast_load,Forecasted Load,2026-06-25T06:33:39Z
2026-06-25T06:32:03Z,2026-06-25T08:32:03+0200,cfe43b62-de54-4c74-8f9f-70948ee9d4b6,2026-06-25T01:30:00Z,2026-06-25T03:30:00+0200,42987.967828,MW,DE,DE_LU,forecast_load,Forecasted Load,2026-06-25T06:33:39Z
2026-06-25T06:32:03Z,2026-06-25T08:32:03+0200,cfe43b62-de54-4c74-8f9f-70948ee9d4b6,2026-06-25T01:45:00Z,2026-06-25T03:45:00+0200,43047.37926,MW,DE,DE_LU,forecast_load,Forecasted Load,2026-06-25T06:33:39Z
2026-06-25T06:32:03Z,2026-06-25T08:32:03+0200,cfe43b62-de54-4c74-8f9f-70948ee9d4b6,2026-06-25T02:00:00Z,2026-06-25T04:00:00+0200,43304.883244,MW,DE,DE_LU,forecast_load,Forecasted Load,2026-06-25T06:33:39Z
2026-06-25T06:32:03Z,2026-06-25T08:32:03+0200,cfe43b62-de54-4c74-8f9f-70948ee9d4b6,2026-06-25T02:15:00Z,2026-06-25T04:15:00+0200,43544.04478,MW,DE,DE_LU,forecast_load,Forecasted Load,2026-06-25T06:33:39Z
2026-06-25T06:32:03Z,2026-06-25T08:32:03+0200,cfe43b62-de54-4c74-8f9f-70948ee9d4b6,2026-06-25T02:30:00Z,2026-06-25T04:30:00+0200,44027.484098,MW,DE,DE_LU,forecast_load,Forecasted Load,2026-06-25T06:33:39Z
2026-06-25T06:32:03Z,2026-06-25T08:32:03+0200,cfe43b62-de54-4c74-8f9f-70948ee9d4b6,2026-06-25T02:45:00Z,2026-06-25T04:45:00+0200,44397.477722,MW,DE,DE_LU,forecast_load,Forecasted Load,2026-06-25T06:33:39Z
2026-06-25T06:32:03Z,2026-06-25T08:32:03+0200,cfe43b62-de54-4c74-8f9f-70948ee9d4b6,2026-06-25T03:00:00Z,2026-06-25T05:00:00+0200,45131.565403,MW,DE,DE_LU,forecast_load,Forecasted Load,2026-06-25T06:33:39Z
2026-06-25T06:32:03Z,2026-06-25T08:32:03+0200,cfe43b62-de54-4c74-8f9f-70948ee9d4b6,2026-06-25T03:15:00Z,2026-06-25T05:15:00+0200,45117.138283,MW,DE,DE_LU,forecast_load,Forecasted Load,2026-06-25T06:33:39Z
2026-06-25T06:32:03Z,2026-06-25T08:32:03+0200,cfe43b62-de54-4c74-8f9f-70948ee9d4b6,2026-06-25T03:30:00Z,2026-06-25T05:30:00+0200,46456.843561,MW,DE,DE_LU,forecast_load,Forecasted Load,2026-06-25T06:33:39Z
2026-06-25T06:32:03Z,2026-06-25T08:32:03+0200,cfe43b62-de54-4c74-8f9f-70948ee9d4b6,2026-06-25T03:45:00Z,2026-06-25T05:45:00+0200,48154.488294,MW,DE,DE_LU,forecast_load,Forecasted Load,2026-06-25T06:33:39Z
2026-06-25T06:32:03Z,2026-06-25T08:32:03+0200,cfe43b62-de54-4c74-8f9f-70948ee9d4b6,2026-06-25T04:00:00Z,2026-06-25T06:00:00+0200,50508.549979,MW,DE,DE_LU,forecast_load,Forecasted Load,2026-06-25T06:33:39Z
2026-06-25T06:32:03Z,2026-06-25T08:32:03+0200,cfe43b62-de54-4c74-8f9f-70948ee9d4b6,2026-06-25T04:15:00Z,2026-06-25T06:15:00+0200,51239.633167,MW,DE,DE_LU,forecast_load,Forecasted Load,2026-06-25T06:33:39Z
2026-06-25T06:32:03Z,2026-06-25T08:32:03+0200,cfe43b62-de54-4c74-8f9f-70948ee9d4b6,2026-06-25T04:30:00Z,2026-06-25T06:30:00+0200,52780.853338,MW,DE,DE_LU,forecast_load,Forecasted Load,2026-06-25T06:33:39Z
2026-06-25T06:32:03Z,2026-06-25T08:32:03+0200,cfe43b62-de54-4c74-8f9f-70948ee9d4b6,2026-06-25T04:45:00Z,2026-06-25T06:45:00+0200,54173.260311,MW,DE,DE_LU,forecast_load,Forecasted Load,2026-06-25T06:33:39Z
2026-06-25T06:32:03Z,2026-06-25T08:32:03+0200,cfe43b62-de54-4c74-8f9f-70948ee9d4b6,2026-06-25T05:00:00Z,2026-06-25T07:00:00+0200,55486.262131,MW,DE,DE_LU,forecast_load,Forecasted Load,2026-06-25T06:33:39Z
2026-06-25T06:32:03Z,2026-06-25T08:32:03+0200,cfe43b62-de54-4c74-8f9f-70948ee9d4b6,2026-06-25T05:15:00Z,2026-06-25T07:15:00+0200,56687.431606,MW,DE,DE_LU,forecast_load,Forecasted Load,2026-06-25T06:33:39Z
2026-06-25T06:32:03Z,2026-06-25T08:32:03+0200,cfe43b62-de54-4c74-8f9f-70948ee9d4b6,2026-06-25T05:30:00Z,2026-06-25T07:30:00+0200,57758.475216,MW,DE,DE_LU,forecast_load,Forecasted Load,2026-06-25T06:33:39Z
2026-06-25T06:32:03Z,2026-06-25T08:32:03+0200,cfe43b62-de54-4c74-8f9f-70948ee9d4b6,2026-06-25T05:45:00Z,2026-06-25T07:45:00+0200,58754.864902,MW,DE,DE_LU,forecast_load,Forecasted Load,2026-06-25T06:33:39Z
2026-06-25T06:32:03Z,2026-06-25T08:32:03+0200,cfe43b62-de54-4c74-8f9f-70948ee9d4b6,2026-06-25T06:00:00Z,2026-06-25T08:00:00+0200,59481.118711,MW,DE,DE_LU,forecast_load,Forecasted Load,2026-06-25T06:33:39Z
2026-06-25T06:32:03Z,2026-06-25T08:32:03+0200,cfe43b62-de54-4c74-8f9f-70948ee9d4b6,2026-06-25T06:15:00Z,2026-06-25T08:15:00+0200,60167.159147,MW,DE,DE_LU,forecast_load,Forecasted Load,2026-06-25T06:33:39Z
2026-06-25T06:32:03Z,2026-06-25T08:32:03+0200,cfe43b62-de54-4c74-8f9f-70948ee9d4b6,2026-06-25T06:30:00Z,2026-06-25T08:30:00+0200,60547.262699,MW,DE,DE_LU,forecast_load,Forecasted Load,2026-06-25T06:33:39Z
2026-06-25T06:32:03Z,2026-06-25T08:32:03+0200,cfe43b62-de54-4c74-8f9f-70948ee9d4b6,2026-06-25T06:45:00Z,2026-06-25T08:45:00+0200,60919.082986,MW,DE,DE_LU,forecast_load,Forecasted Load,2026-06-25T06:33:39Z
