collection_time_utc,collection_time_local,run_id,timestamp_utc,timestamp_local,value,unit,country,entsoe_area,variable,source,updated_at_utc
2026-08-15T16:54:08Z,2026-08-15T18:54:08+0200,abd343d7-ea94-491b-9c8b-f5aa6e5cfd1f,2026-07-15T17:00:00Z,2026-07-15T19:00:00+0200,696.95,MW,BE,BE,forecast_onshore_wind_generation,Wind Onshore,2026-08-15T16:54:30Z
2026-08-15T16:54:08Z,2026-08-15T18:54:08+0200,abd343d7-ea94-491b-9c8b-f5aa6e5cfd1f,2026-07-15T18:00:00Z,2026-07-15T20:00:00+0200,656.725,MW,BE,BE,forecast_onshore_wind_generation,Wind Onshore,2026-08-15T16:54:30Z
2026-08-15T16:54:08Z,2026-08-15T18:54:08+0200,abd343d7-ea94-491b-9c8b-f5aa6e5cfd1f,2026-07-15T19:00:00Z,2026-07-15T21:00:00+0200,665.075,MW,BE,BE,forecast_onshore_wind_generation,Wind Onshore,2026-08-15T16:54:30Z
2026-08-15T16:54:08Z,2026-08-15T18:54:08+0200,abd343d7-ea94-491b-9c8b-f5aa6e5cfd1f,2026-07-15T20:00:00Z,2026-07-15T22:00:00+0200,772.5,MW,BE,BE,forecast_onshore_wind_generation,Wind Onshore,2026-08-15T16:54:30Z
2026-08-15T16:54:08Z,2026-08-15T18:54:08+0200,abd343d7-ea94-491b-9c8b-f5aa6e5cfd1f,2026-07-15T21:00:00Z,2026-07-15T23:00:00+0200,879.175,MW,BE,BE,forecast_onshore_wind_generation,Wind Onshore,2026-08-15T16:54:30Z
2026-08-15T16:54:08Z,2026-08-15T18:54:08+0200,abd343d7-ea94-491b-9c8b-f5aa6e5cfd1f,2026-07-15T22:00:00Z,2026-07-16T00:00:00+0200,942.3,MW,BE,BE,forecast_onshore_wind_generation,Wind Onshore,2026-08-15T16:54:30Z
2026-08-15T16:54:08Z,2026-08-15T18:54:08+0200,abd343d7-ea94-491b-9c8b-f5aa6e5cfd1f,2026-07-15T23:00:00Z,2026-07-16T01:00:00+0200,874.55,MW,BE,BE,forecast_onshore_wind_generation,Wind Onshore,2026-08-15T16:54:30Z
2026-08-15T16:54:08Z,2026-08-15T18:54:08+0200,abd343d7-ea94-491b-9c8b-f5aa6e5cfd1f,2026-07-16T00:00:00Z,2026-07-16T02:00:00+0200,765.25,MW,BE,BE,forecast_onshore_wind_generation,Wind Onshore,2026-08-15T16:54:30Z
2026-08-15T16:54:08Z,2026-08-15T18:54:08+0200,abd343d7-ea94-491b-9c8b-f5aa6e5cfd1f,2026-07-16T01:00:00Z,2026-07-16T03:00:00+0200,684.0,MW,BE,BE,forecast_onshore_wind_generation,Wind Onshore,2026-08-15T16:54:30Z
2026-08-15T16:54:08Z,2026-08-15T18:54:08+0200,abd343d7-ea94-491b-9c8b-f5aa6e5cfd1f,2026-07-16T02:00:00Z,2026-07-16T04:00:00+0200,626.125,MW,BE,BE,forecast_onshore_wind_generation,Wind Onshore,2026-08-15T16:54:30Z
2026-08-15T16:54:08Z,2026-08-15T18:54:08+0200,abd343d7-ea94-491b-9c8b-f5aa6e5cfd1f,2026-07-16T03:00:00Z,2026-07-16T05:00:00+0200,559.575,MW,BE,BE,forecast_onshore_wind_generation,Wind Onshore,2026-08-15T16:54:30Z
2026-08-15T16:54:08Z,2026-08-15T18:54:08+0200,abd343d7-ea94-491b-9c8b-f5aa6e5cfd1f,2026-07-16T04:00:00Z,2026-07-16T06:00:00+0200,468.425,MW,BE,BE,forecast_onshore_wind_generation,Wind Onshore,2026-08-15T16:54:30Z
2026-08-15T16:54:08Z,2026-08-15T18:54:08+0200,abd343d7-ea94-491b-9c8b-f5aa6e5cfd1f,2026-07-16T05:00:00Z,2026-07-16T07:00:00+0200,329.325,MW,BE,BE,forecast_onshore_wind_generation,Wind Onshore,2026-08-15T16:54:30Z
2026-08-15T16:54:08Z,2026-08-15T18:54:08+0200,abd343d7-ea94-491b-9c8b-f5aa6e5cfd1f,2026-07-16T06:00:00Z,2026-07-16T08:00:00+0200,186.2,MW,BE,BE,forecast_onshore_wind_generation,Wind Onshore,2026-08-15T16:54:30Z
2026-08-15T16:54:08Z,2026-08-15T18:54:08+0200,abd343d7-ea94-491b-9c8b-f5aa6e5cfd1f,2026-07-16T07:00:00Z,2026-07-16T09:00:00+0200,108.25,MW,BE,BE,forecast_onshore_wind_generation,Wind Onshore,2026-08-15T16:54:30Z
2026-08-15T16:54:08Z,2026-08-15T18:54:08+0200,abd343d7-ea94-491b-9c8b-f5aa6e5cfd1f,2026-07-16T08:00:00Z,2026-07-16T10:00:00+0200,83.525,MW,BE,BE,forecast_onshore_wind_generation,Wind Onshore,2026-08-15T16:54:30Z
2026-08-15T16:54:08Z,2026-08-15T18:54:08+0200,abd343d7-ea94-491b-9c8b-f5aa6e5cfd1f,2026-07-16T09:00:00Z,2026-07-16T11:00:00+0200,94.725,MW,BE,BE,forecast_onshore_wind_generation,Wind Onshore,2026-08-15T16:54:30Z
2026-08-15T16:54:08Z,2026-08-15T18:54:08+0200,abd343d7-ea94-491b-9c8b-f5aa6e5cfd1f,2026-07-16T10:00:00Z,2026-07-16T12:00:00+0200,114.3,MW,BE,BE,forecast_onshore_wind_generation,Wind Onshore,2026-08-15T16:54:30Z
2026-08-15T16:54:08Z,2026-08-15T18:54:08+0200,abd343d7-ea94-491b-9c8b-f5aa6e5cfd1f,2026-07-16T11:00:00Z,2026-07-16T13:00:00+0200,111.25,MW,BE,BE,forecast_onshore_wind_generation,Wind Onshore,2026-08-15T16:54:30Z
2026-08-15T16:54:08Z,2026-08-15T18:54:08+0200,abd343d7-ea94-491b-9c8b-f5aa6e5cfd1f,2026-07-16T12:00:00Z,2026-07-16T14:00:00+0200,116.85,MW,BE,BE,forecast_onshore_wind_generation,Wind Onshore,2026-08-15T16:54:30Z
2026-08-15T16:54:08Z,2026-08-15T18:54:08+0200,abd343d7-ea94-491b-9c8b-f5aa6e5cfd1f,2026-07-16T13:00:00Z,2026-07-16T15:00:00+0200,150.8,MW,BE,BE,forecast_onshore_wind_generation,Wind Onshore,2026-08-15T16:54:30Z
2026-08-15T16:54:08Z,2026-08-15T18:54:08+0200,abd343d7-ea94-491b-9c8b-f5aa6e5cfd1f,2026-07-16T14:00:00Z,2026-07-16T16:00:00+0200,199.175,MW,BE,BE,forecast_onshore_wind_generation,Wind Onshore,2026-08-15T16:54:30Z
2026-08-15T16:54:08Z,2026-08-15T18:54:08+0200,abd343d7-ea94-491b-9c8b-f5aa6e5cfd1f,2026-07-16T15:00:00Z,2026-07-16T17:00:00+0200,250.1,MW,BE,BE,forecast_onshore_wind_generation,Wind Onshore,2026-08-15T16:54:30Z
2026-08-15T16:54:08Z,2026-08-15T18:54:08+0200,abd343d7-ea94-491b-9c8b-f5aa6e5cfd1f,2026-07-16T16:00:00Z,2026-07-16T18:00:00+0200,298.6,MW,BE,BE,forecast_onshore_wind_generation,Wind Onshore,2026-08-15T16:54:30Z
2026-08-15T16:54:08Z,2026-08-15T18:54:08+0200,abd343d7-ea94-491b-9c8b-f5aa6e5cfd1f,2026-07-16T17:00:00Z,2026-07-16T19:00:00+0200,336.25,MW,BE,BE,forecast_onshore_wind_generation,Wind Onshore,2026-08-15T16:54:30Z
2026-08-15T16:54:08Z,2026-08-15T18:54:08+0200,abd343d7-ea94-491b-9c8b-f5aa6e5cfd1f,2026-07-16T18:00:00Z,2026-07-16T20:00:00+0200,368.625,MW,BE,BE,forecast_onshore_wind_generation,Wind Onshore,2026-08-15T16:54:30Z
2026-08-15T16:54:08Z,2026-08-15T18:54:08+0200,abd343d7-ea94-491b-9c8b-f5aa6e5cfd1f,2026-07-16T19:00:00Z,2026-07-16T21:00:00+0200,434.1,MW,BE,BE,forecast_onshore_wind_generation,Wind Onshore,2026-08-15T16:54:30Z
2026-08-15T16:54:08Z,2026-08-15T18:54:08+0200,abd343d7-ea94-491b-9c8b-f5aa6e5cfd1f,2026-07-16T20:00:00Z,2026-07-16T22:00:00+0200,504.4,MW,BE,BE,forecast_onshore_wind_generation,Wind Onshore,2026-08-15T16:54:30Z
2026-08-15T16:54:08Z,2026-08-15T18:54:08+0200,abd343d7-ea94-491b-9c8b-f5aa6e5cfd1f,2026-07-16T21:00:00Z,2026-07-16T23:00:00+0200,510.925,MW,BE,BE,forecast_onshore_wind_generation,Wind Onshore,2026-08-15T16:54:30Z
2026-08-15T16:54:08Z,2026-08-15T18:54:08+0200,abd343d7-ea94-491b-9c8b-f5aa6e5cfd1f,2026-07-16T22:00:00Z,2026-07-17T00:00:00+0200,494.975,MW,BE,BE,forecast_onshore_wind_generation,Wind Onshore,2026-08-15T16:54:30Z
2026-08-15T16:54:08Z,2026-08-15T18:54:08+0200,abd343d7-ea94-491b-9c8b-f5aa6e5cfd1f,2026-07-16T23:00:00Z,2026-07-17T01:00:00+0200,425.525,MW,BE,BE,forecast_onshore_wind_generation,Wind Onshore,2026-08-15T16:54:30Z
2026-08-15T16:54:08Z,2026-08-15T18:54:08+0200,abd343d7-ea94-491b-9c8b-f5aa6e5cfd1f,2026-07-17T00:00:00Z,2026-07-17T02:00:00+0200,380.1,MW,BE,BE,forecast_onshore_wind_generation,Wind Onshore,2026-08-15T16:54:30Z
2026-08-15T16:54:08Z,2026-08-15T18:54:08+0200,abd343d7-ea94-491b-9c8b-f5aa6e5cfd1f,2026-07-17T01:00:00Z,2026-07-17T03:00:00+0200,350.625,MW,BE,BE,forecast_onshore_wind_generation,Wind Onshore,2026-08-15T16:54:30Z
2026-08-15T16:54:08Z,2026-08-15T18:54:08+0200,abd343d7-ea94-491b-9c8b-f5aa6e5cfd1f,2026-07-17T02:00:00Z,2026-07-17T04:00:00+0200,329.225,MW,BE,BE,forecast_onshore_wind_generation,Wind Onshore,2026-08-15T16:54:30Z
2026-08-15T16:54:08Z,2026-08-15T18:54:08+0200,abd343d7-ea94-491b-9c8b-f5aa6e5cfd1f,2026-07-17T03:00:00Z,2026-07-17T05:00:00+0200,312.55,MW,BE,BE,forecast_onshore_wind_generation,Wind Onshore,2026-08-15T16:54:30Z
2026-08-15T16:54:08Z,2026-08-15T18:54:08+0200,abd343d7-ea94-491b-9c8b-f5aa6e5cfd1f,2026-07-17T04:00:00Z,2026-07-17T06:00:00+0200,300.1,MW,BE,BE,forecast_onshore_wind_generation,Wind Onshore,2026-08-15T16:54:30Z
2026-08-15T16:54:08Z,2026-08-15T18:54:08+0200,abd343d7-ea94-491b-9c8b-f5aa6e5cfd1f,2026-07-17T05:00:00Z,2026-07-17T07:00:00+0200,221.675,MW,BE,BE,forecast_onshore_wind_generation,Wind Onshore,2026-08-15T16:54:30Z
2026-08-15T16:54:08Z,2026-08-15T18:54:08+0200,abd343d7-ea94-491b-9c8b-f5aa6e5cfd1f,2026-07-17T06:00:00Z,2026-07-17T08:00:00+0200,137.65,MW,BE,BE,forecast_onshore_wind_generation,Wind Onshore,2026-08-15T16:54:30Z
2026-08-15T16:54:08Z,2026-08-15T18:54:08+0200,abd343d7-ea94-491b-9c8b-f5aa6e5cfd1f,2026-07-17T07:00:00Z,2026-07-17T09:00:00+0200,124.825,MW,BE,BE,forecast_onshore_wind_generation,Wind Onshore,2026-08-15T16:54:30Z
2026-08-15T16:54:08Z,2026-08-15T18:54:08+0200,abd343d7-ea94-491b-9c8b-f5aa6e5cfd1f,2026-07-17T08:00:00Z,2026-07-17T10:00:00+0200,146.725,MW,BE,BE,forecast_onshore_wind_generation,Wind Onshore,2026-08-15T16:54:30Z
2026-08-15T16:54:08Z,2026-08-15T18:54:08+0200,abd343d7-ea94-491b-9c8b-f5aa6e5cfd1f,2026-07-17T09:00:00Z,2026-07-17T11:00:00+0200,202.575,MW,BE,BE,forecast_onshore_wind_generation,Wind Onshore,2026-08-15T16:54:30Z
2026-08-15T16:54:08Z,2026-08-15T18:54:08+0200,abd343d7-ea94-491b-9c8b-f5aa6e5cfd1f,2026-07-17T10:00:00Z,2026-07-17T12:00:00+0200,281.175,MW,BE,BE,forecast_onshore_wind_generation,Wind Onshore,2026-08-15T16:54:30Z
2026-08-15T16:54:08Z,2026-08-15T18:54:08+0200,abd343d7-ea94-491b-9c8b-f5aa6e5cfd1f,2026-07-17T11:00:00Z,2026-07-17T13:00:00+0200,363.925,MW,BE,BE,forecast_onshore_wind_generation,Wind Onshore,2026-08-15T16:54:30Z
2026-08-15T16:54:08Z,2026-08-15T18:54:08+0200,abd343d7-ea94-491b-9c8b-f5aa6e5cfd1f,2026-07-17T12:00:00Z,2026-07-17T14:00:00+0200,468.4,MW,BE,BE,forecast_onshore_wind_generation,Wind Onshore,2026-08-15T16:54:30Z
2026-08-15T16:54:08Z,2026-08-15T18:54:08+0200,abd343d7-ea94-491b-9c8b-f5aa6e5cfd1f,2026-07-17T13:00:00Z,2026-07-17T15:00:00+0200,591.95,MW,BE,BE,forecast_onshore_wind_generation,Wind Onshore,2026-08-15T16:54:30Z
2026-08-15T16:54:08Z,2026-08-15T18:54:08+0200,abd343d7-ea94-491b-9c8b-f5aa6e5cfd1f,2026-07-17T14:00:00Z,2026-07-17T16:00:00+0200,701.25,MW,BE,BE,forecast_onshore_wind_generation,Wind Onshore,2026-08-15T16:54:30Z
2026-08-15T16:54:08Z,2026-08-15T18:54:08+0200,abd343d7-ea94-491b-9c8b-f5aa6e5cfd1f,2026-07-17T15:00:00Z,2026-07-17T17:00:00+0200,774.95,MW,BE,BE,forecast_onshore_wind_generation,Wind Onshore,2026-08-15T16:54:30Z
2026-08-15T16:54:08Z,2026-08-15T18:54:08+0200,abd343d7-ea94-491b-9c8b-f5aa6e5cfd1f,2026-07-17T16:00:00Z,2026-07-17T18:00:00+0200,758.275,MW,BE,BE,forecast_onshore_wind_generation,Wind Onshore,2026-08-15T16:54:30Z
2026-08-15T16:54:08Z,2026-08-15T18:54:08+0200,abd343d7-ea94-491b-9c8b-f5aa6e5cfd1f,2026-07-17T17:00:00Z,2026-07-17T19:00:00+0200,661.475,MW,BE,BE,forecast_onshore_wind_generation,Wind Onshore,2026-08-15T16:54:30Z
2026-08-15T16:54:08Z,2026-08-15T18:54:08+0200,abd343d7-ea94-491b-9c8b-f5aa6e5cfd1f,2026-07-17T18:00:00Z,2026-07-17T20:00:00+0200,549.575,MW,BE,BE,forecast_onshore_wind_generation,Wind Onshore,2026-08-15T16:54:30Z
2026-08-15T16:54:08Z,2026-08-15T18:54:08+0200,abd343d7-ea94-491b-9c8b-f5aa6e5cfd1f,2026-07-17T19:00:00Z,2026-07-17T21:00:00+0200,450.55,MW,BE,BE,forecast_onshore_wind_generation,Wind Onshore,2026-08-15T16:54:30Z
2026-08-15T16:54:08Z,2026-08-15T18:54:08+0200,abd343d7-ea94-491b-9c8b-f5aa6e5cfd1f,2026-07-17T20:00:00Z,2026-07-17T22:00:00+0200,384.05,MW,BE,BE,forecast_onshore_wind_generation,Wind Onshore,2026-08-15T16:54:30Z
2026-08-15T16:54:08Z,2026-08-15T18:54:08+0200,abd343d7-ea94-491b-9c8b-f5aa6e5cfd1f,2026-07-17T21:00:00Z,2026-07-17T23:00:00+0200,334.25,MW,BE,BE,forecast_onshore_wind_generation,Wind Onshore,2026-08-15T16:54:30Z
2026-08-15T16:54:08Z,2026-08-15T18:54:08+0200,abd343d7-ea94-491b-9c8b-f5aa6e5cfd1f,2026-07-17T22:00:00Z,2026-07-18T00:00:00+0200,245.475,MW,BE,BE,forecast_onshore_wind_generation,Wind Onshore,2026-08-15T16:54:30Z
2026-08-15T16:54:08Z,2026-08-15T18:54:08+0200,abd343d7-ea94-491b-9c8b-f5aa6e5cfd1f,2026-07-17T23:00:00Z,2026-07-18T01:00:00+0200,216.325,MW,BE,BE,forecast_onshore_wind_generation,Wind Onshore,2026-08-15T16:54:30Z
2026-08-15T16:54:08Z,2026-08-15T18:54:08+0200,abd343d7-ea94-491b-9c8b-f5aa6e5cfd1f,2026-07-18T00:00:00Z,2026-07-18T02:00:00+0200,211.575,MW,BE,BE,forecast_onshore_wind_generation,Wind Onshore,2026-08-15T16:54:30Z
2026-08-15T16:54:08Z,2026-08-15T18:54:08+0200,abd343d7-ea94-491b-9c8b-f5aa6e5cfd1f,2026-07-18T01:00:00Z,2026-07-18T03:00:00+0200,209.1,MW,BE,BE,forecast_onshore_wind_generation,Wind Onshore,2026-08-15T16:54:30Z
2026-08-15T16:54:08Z,2026-08-15T18:54:08+0200,abd343d7-ea94-491b-9c8b-f5aa6e5cfd1f,2026-07-18T02:00:00Z,2026-07-18T04:00:00+0200,191.075,MW,BE,BE,forecast_onshore_wind_generation,Wind Onshore,2026-08-15T16:54:30Z
2026-08-15T16:54:08Z,2026-08-15T18:54:08+0200,abd343d7-ea94-491b-9c8b-f5aa6e5cfd1f,2026-07-18T03:00:00Z,2026-07-18T05:00:00+0200,151.95,MW,BE,BE,forecast_onshore_wind_generation,Wind Onshore,2026-08-15T16:54:30Z
2026-08-15T16:54:08Z,2026-08-15T18:54:08+0200,abd343d7-ea94-491b-9c8b-f5aa6e5cfd1f,2026-07-18T04:00:00Z,2026-07-18T06:00:00+0200,104.525,MW,BE,BE,forecast_onshore_wind_generation,Wind Onshore,2026-08-15T16:54:30Z
2026-08-15T16:54:08Z,2026-08-15T18:54:08+0200,abd343d7-ea94-491b-9c8b-f5aa6e5cfd1f,2026-07-18T05:00:00Z,2026-07-18T07:00:00+0200,77.85,MW,BE,BE,forecast_onshore_wind_generation,Wind Onshore,2026-08-15T16:54:30Z
2026-08-15T16:54:08Z,2026-08-15T18:54:08+0200,abd343d7-ea94-491b-9c8b-f5aa6e5cfd1f,2026-07-18T06:00:00Z,2026-07-18T08:00:00+0200,100.375,MW,BE,BE,forecast_onshore_wind_generation,Wind Onshore,2026-08-15T16:54:30Z
2026-08-15T16:54:08Z,2026-08-15T18:54:08+0200,abd343d7-ea94-491b-9c8b-f5aa6e5cfd1f,2026-07-18T07:00:00Z,2026-07-18T09:00:00+0200,147.65,MW,BE,BE,forecast_onshore_wind_generation,Wind Onshore,2026-08-15T16:54:30Z
2026-08-15T16:54:08Z,2026-08-15T18:54:08+0200,abd343d7-ea94-491b-9c8b-f5aa6e5cfd1f,2026-07-18T08:00:00Z,2026-07-18T10:00:00+0200,194.325,MW,BE,BE,forecast_onshore_wind_generation,Wind Onshore,2026-08-15T16:54:30Z
2026-08-15T16:54:08Z,2026-08-15T18:54:08+0200,abd343d7-ea94-491b-9c8b-f5aa6e5cfd1f,2026-07-18T09:00:00Z,2026-07-18T11:00:00+0200,270.975,MW,BE,BE,forecast_onshore_wind_generation,Wind Onshore,2026-08-15T16:54:30Z
2026-08-15T16:54:08Z,2026-08-15T18:54:08+0200,abd343d7-ea94-491b-9c8b-f5aa6e5cfd1f,2026-07-18T10:00:00Z,2026-07-18T12:00:00+0200,363.925,MW,BE,BE,forecast_onshore_wind_generation,Wind Onshore,2026-08-15T16:54:30Z
2026-08-15T16:54:08Z,2026-08-15T18:54:08+0200,abd343d7-ea94-491b-9c8b-f5aa6e5cfd1f,2026-07-18T11:00:00Z,2026-07-18T13:00:00+0200,460.175,MW,BE,BE,forecast_onshore_wind_generation,Wind Onshore,2026-08-15T16:54:30Z
2026-08-15T16:54:08Z,2026-08-15T18:54:08+0200,abd343d7-ea94-491b-9c8b-f5aa6e5cfd1f,2026-07-18T12:00:00Z,2026-07-18T14:00:00+0200,556.075,MW,BE,BE,forecast_onshore_wind_generation,Wind Onshore,2026-08-15T16:54:30Z
2026-08-15T16:54:08Z,2026-08-15T18:54:08+0200,abd343d7-ea94-491b-9c8b-f5aa6e5cfd1f,2026-07-18T13:00:00Z,2026-07-18T15:00:00+0200,665.475,MW,BE,BE,forecast_onshore_wind_generation,Wind Onshore,2026-08-15T16:54:30Z
2026-08-15T16:54:08Z,2026-08-15T18:54:08+0200,abd343d7-ea94-491b-9c8b-f5aa6e5cfd1f,2026-07-18T14:00:00Z,2026-07-18T16:00:00+0200,762.225,MW,BE,BE,forecast_onshore_wind_generation,Wind Onshore,2026-08-15T16:54:30Z
2026-08-15T16:54:08Z,2026-08-15T18:54:08+0200,abd343d7-ea94-491b-9c8b-f5aa6e5cfd1f,2026-07-18T15:00:00Z,2026-07-18T17:00:00+0200,835.475,MW,BE,BE,forecast_onshore_wind_generation,Wind Onshore,2026-08-15T16:54:30Z
2026-08-15T16:54:08Z,2026-08-15T18:54:08+0200,abd343d7-ea94-491b-9c8b-f5aa6e5cfd1f,2026-07-18T16:00:00Z,2026-07-18T18:00:00+0200,881.575,MW,BE,BE,forecast_onshore_wind_generation,Wind Onshore,2026-08-15T16:54:30Z
2026-08-15T16:54:08Z,2026-08-15T18:54:08+0200,abd343d7-ea94-491b-9c8b-f5aa6e5cfd1f,2026-07-18T17:00:00Z,2026-07-18T19:00:00+0200,874.375,MW,BE,BE,forecast_onshore_wind_generation,Wind Onshore,2026-08-15T16:54:30Z
2026-08-15T16:54:08Z,2026-08-15T18:54:08+0200,abd343d7-ea94-491b-9c8b-f5aa6e5cfd1f,2026-07-18T18:00:00Z,2026-07-18T20:00:00+0200,807.675,MW,BE,BE,forecast_onshore_wind_generation,Wind Onshore,2026-08-15T16:54:30Z
2026-08-15T16:54:08Z,2026-08-15T18:54:08+0200,abd343d7-ea94-491b-9c8b-f5aa6e5cfd1f,2026-07-18T19:00:00Z,2026-07-18T21:00:00+0200,704.2,MW,BE,BE,forecast_onshore_wind_generation,Wind Onshore,2026-08-15T16:54:30Z
2026-08-15T16:54:08Z,2026-08-15T18:54:08+0200,abd343d7-ea94-491b-9c8b-f5aa6e5cfd1f,2026-07-18T20:00:00Z,2026-07-18T22:00:00+0200,588.0,MW,BE,BE,forecast_onshore_wind_generation,Wind Onshore,2026-08-15T16:54:30Z
2026-08-15T16:54:08Z,2026-08-15T18:54:08+0200,abd343d7-ea94-491b-9c8b-f5aa6e5cfd1f,2026-07-18T21:00:00Z,2026-07-18T23:00:00+0200,502.925,MW,BE,BE,forecast_onshore_wind_generation,Wind Onshore,2026-08-15T16:54:30Z
2026-08-15T16:54:08Z,2026-08-15T18:54:08+0200,abd343d7-ea94-491b-9c8b-f5aa6e5cfd1f,2026-07-18T22:00:00Z,2026-07-19T00:00:00+0200,445.55,MW,BE,BE,forecast_onshore_wind_generation,Wind Onshore,2026-08-15T16:54:30Z
2026-08-15T16:54:08Z,2026-08-15T18:54:08+0200,abd343d7-ea94-491b-9c8b-f5aa6e5cfd1f,2026-07-18T23:00:00Z,2026-07-19T01:00:00+0200,407.075,MW,BE,BE,forecast_onshore_wind_generation,Wind Onshore,2026-08-15T16:54:30Z
2026-08-15T16:54:08Z,2026-08-15T18:54:08+0200,abd343d7-ea94-491b-9c8b-f5aa6e5cfd1f,2026-07-19T00:00:00Z,2026-07-19T02:00:00+0200,377.125,MW,BE,BE,forecast_onshore_wind_generation,Wind Onshore,2026-08-15T16:54:30Z
2026-08-15T16:54:08Z,2026-08-15T18:54:08+0200,abd343d7-ea94-491b-9c8b-f5aa6e5cfd1f,2026-07-19T01:00:00Z,2026-07-19T03:00:00+0200,359.6,MW,BE,BE,forecast_onshore_wind_generation,Wind Onshore,2026-08-15T16:54:30Z
2026-08-15T16:54:08Z,2026-08-15T18:54:08+0200,abd343d7-ea94-491b-9c8b-f5aa6e5cfd1f,2026-07-19T02:00:00Z,2026-07-19T04:00:00+0200,355.25,MW,BE,BE,forecast_onshore_wind_generation,Wind Onshore,2026-08-15T16:54:30Z
2026-08-15T16:54:08Z,2026-08-15T18:54:08+0200,abd343d7-ea94-491b-9c8b-f5aa6e5cfd1f,2026-07-19T03:00:00Z,2026-07-19T05:00:00+0200,368.925,MW,BE,BE,forecast_onshore_wind_generation,Wind Onshore,2026-08-15T16:54:30Z
2026-08-15T16:54:08Z,2026-08-15T18:54:08+0200,abd343d7-ea94-491b-9c8b-f5aa6e5cfd1f,2026-07-19T04:00:00Z,2026-07-19T06:00:00+0200,369.175,MW,BE,BE,forecast_onshore_wind_generation,Wind Onshore,2026-08-15T16:54:30Z
2026-08-15T16:54:08Z,2026-08-15T18:54:08+0200,abd343d7-ea94-491b-9c8b-f5aa6e5cfd1f,2026-07-19T05:00:00Z,2026-07-19T07:00:00+0200,321.475,MW,BE,BE,forecast_onshore_wind_generation,Wind Onshore,2026-08-15T16:54:30Z
2026-08-15T16:54:08Z,2026-08-15T18:54:08+0200,abd343d7-ea94-491b-9c8b-f5aa6e5cfd1f,2026-07-19T06:00:00Z,2026-07-19T08:00:00+0200,359.45,MW,BE,BE,forecast_onshore_wind_generation,Wind Onshore,2026-08-15T16:54:30Z
2026-08-15T16:54:08Z,2026-08-15T18:54:08+0200,abd343d7-ea94-491b-9c8b-f5aa6e5cfd1f,2026-07-19T07:00:00Z,2026-07-19T09:00:00+0200,469.85,MW,BE,BE,forecast_onshore_wind_generation,Wind Onshore,2026-08-15T16:54:30Z
2026-08-15T16:54:08Z,2026-08-15T18:54:08+0200,abd343d7-ea94-491b-9c8b-f5aa6e5cfd1f,2026-07-19T08:00:00Z,2026-07-19T10:00:00+0200,538.0,MW,BE,BE,forecast_onshore_wind_generation,Wind Onshore,2026-08-15T16:54:30Z
2026-08-15T16:54:08Z,2026-08-15T18:54:08+0200,abd343d7-ea94-491b-9c8b-f5aa6e5cfd1f,2026-07-19T09:00:00Z,2026-07-19T11:00:00+0200,588.85,MW,BE,BE,forecast_onshore_wind_generation,Wind Onshore,2026-08-15T16:54:30Z
2026-08-15T16:54:08Z,2026-08-15T18:54:08+0200,abd343d7-ea94-491b-9c8b-f5aa6e5cfd1f,2026-07-19T10:00:00Z,2026-07-19T12:00:00+0200,605.725,MW,BE,BE,forecast_onshore_wind_generation,Wind Onshore,2026-08-15T16:54:30Z
2026-08-15T16:54:08Z,2026-08-15T18:54:08+0200,abd343d7-ea94-491b-9c8b-f5aa6e5cfd1f,2026-07-19T11:00:00Z,2026-07-19T13:00:00+0200,617.225,MW,BE,BE,forecast_onshore_wind_generation,Wind Onshore,2026-08-15T16:54:30Z
2026-08-15T16:54:08Z,2026-08-15T18:54:08+0200,abd343d7-ea94-491b-9c8b-f5aa6e5cfd1f,2026-07-19T12:00:00Z,2026-07-19T14:00:00+0200,663.95,MW,BE,BE,forecast_onshore_wind_generation,Wind Onshore,2026-08-15T16:54:30Z
2026-08-15T16:54:08Z,2026-08-15T18:54:08+0200,abd343d7-ea94-491b-9c8b-f5aa6e5cfd1f,2026-07-19T13:00:00Z,2026-07-19T15:00:00+0200,755.725,MW,BE,BE,forecast_onshore_wind_generation,Wind Onshore,2026-08-15T16:54:30Z
2026-08-15T16:54:08Z,2026-08-15T18:54:08+0200,abd343d7-ea94-491b-9c8b-f5aa6e5cfd1f,2026-07-19T14:00:00Z,2026-07-19T16:00:00+0200,859.875,MW,BE,BE,forecast_onshore_wind_generation,Wind Onshore,2026-08-15T16:54:30Z
2026-08-15T16:54:08Z,2026-08-15T18:54:08+0200,abd343d7-ea94-491b-9c8b-f5aa6e5cfd1f,2026-07-19T15:00:00Z,2026-07-19T17:00:00+0200,942.75,MW,BE,BE,forecast_onshore_wind_generation,Wind Onshore,2026-08-15T16:54:30Z
2026-08-15T16:54:08Z,2026-08-15T18:54:08+0200,abd343d7-ea94-491b-9c8b-f5aa6e5cfd1f,2026-07-19T16:00:00Z,2026-07-19T18:00:00+0200,987.25,MW,BE,BE,forecast_onshore_wind_generation,Wind Onshore,2026-08-15T16:54:30Z
2026-08-15T16:54:08Z,2026-08-15T18:54:08+0200,abd343d7-ea94-491b-9c8b-f5aa6e5cfd1f,2026-07-19T17:00:00Z,2026-07-19T19:00:00+0200,977.175,MW,BE,BE,forecast_onshore_wind_generation,Wind Onshore,2026-08-15T16:54:30Z
2026-08-15T16:54:08Z,2026-08-15T18:54:08+0200,abd343d7-ea94-491b-9c8b-f5aa6e5cfd1f,2026-07-19T18:00:00Z,2026-07-19T20:00:00+0200,879.175,MW,BE,BE,forecast_onshore_wind_generation,Wind Onshore,2026-08-15T16:54:30Z
2026-08-15T16:54:08Z,2026-08-15T18:54:08+0200,abd343d7-ea94-491b-9c8b-f5aa6e5cfd1f,2026-07-19T19:00:00Z,2026-07-19T21:00:00+0200,721.35,MW,BE,BE,forecast_onshore_wind_generation,Wind Onshore,2026-08-15T16:54:30Z
2026-08-15T16:54:08Z,2026-08-15T18:54:08+0200,abd343d7-ea94-491b-9c8b-f5aa6e5cfd1f,2026-07-19T20:00:00Z,2026-07-19T22:00:00+0200,581.35,MW,BE,BE,forecast_onshore_wind_generation,Wind Onshore,2026-08-15T16:54:30Z
2026-08-15T16:54:08Z,2026-08-15T18:54:08+0200,abd343d7-ea94-491b-9c8b-f5aa6e5cfd1f,2026-07-19T21:00:00Z,2026-07-19T23:00:00+0200,464.075,MW,BE,BE,forecast_onshore_wind_generation,Wind Onshore,2026-08-15T16:54:30Z
2026-08-15T16:54:08Z,2026-08-15T18:54:08+0200,abd343d7-ea94-491b-9c8b-f5aa6e5cfd1f,2026-07-19T22:00:00Z,2026-07-20T00:00:00+0200,359.425,MW,BE,BE,forecast_onshore_wind_generation,Wind Onshore,2026-08-15T16:54:30Z
2026-08-15T16:54:08Z,2026-08-15T18:54:08+0200,abd343d7-ea94-491b-9c8b-f5aa6e5cfd1f,2026-07-19T23:00:00Z,2026-07-20T01:00:00+0200,306.45,MW,BE,BE,forecast_onshore_wind_generation,Wind Onshore,2026-08-15T16:54:30Z
2026-08-15T16:54:08Z,2026-08-15T18:54:08+0200,abd343d7-ea94-491b-9c8b-f5aa6e5cfd1f,2026-07-20T00:00:00Z,2026-07-20T02:00:00+0200,264.125,MW,BE,BE,forecast_onshore_wind_generation,Wind Onshore,2026-08-15T16:54:30Z
2026-08-15T16:54:08Z,2026-08-15T18:54:08+0200,abd343d7-ea94-491b-9c8b-f5aa6e5cfd1f,2026-07-20T01:00:00Z,2026-07-20T03:00:00+0200,235.65,MW,BE,BE,forecast_onshore_wind_generation,Wind Onshore,2026-08-15T16:54:30Z
2026-08-15T16:54:08Z,2026-08-15T18:54:08+0200,abd343d7-ea94-491b-9c8b-f5aa6e5cfd1f,2026-07-20T02:00:00Z,2026-07-20T04:00:00+0200,227.7,MW,BE,BE,forecast_onshore_wind_generation,Wind Onshore,2026-08-15T16:54:30Z
2026-08-15T16:54:08Z,2026-08-15T18:54:08+0200,abd343d7-ea94-491b-9c8b-f5aa6e5cfd1f,2026-07-20T03:00:00Z,2026-07-20T05:00:00+0200,224.225,MW,BE,BE,forecast_onshore_wind_generation,Wind Onshore,2026-08-15T16:54:30Z
2026-08-15T16:54:08Z,2026-08-15T18:54:08+0200,abd343d7-ea94-491b-9c8b-f5aa6e5cfd1f,2026-07-20T04:00:00Z,2026-07-20T06:00:00+0200,211.1,MW,BE,BE,forecast_onshore_wind_generation,Wind Onshore,2026-08-15T16:54:30Z
2026-08-15T16:54:08Z,2026-08-15T18:54:08+0200,abd343d7-ea94-491b-9c8b-f5aa6e5cfd1f,2026-07-20T05:00:00Z,2026-07-20T07:00:00+0200,161.75,MW,BE,BE,forecast_onshore_wind_generation,Wind Onshore,2026-08-15T16:54:30Z
2026-08-15T16:54:08Z,2026-08-15T18:54:08+0200,abd343d7-ea94-491b-9c8b-f5aa6e5cfd1f,2026-07-20T06:00:00Z,2026-07-20T08:00:00+0200,143.0,MW,BE,BE,forecast_onshore_wind_generation,Wind Onshore,2026-08-15T16:54:30Z
2026-08-15T16:54:08Z,2026-08-15T18:54:08+0200,abd343d7-ea94-491b-9c8b-f5aa6e5cfd1f,2026-07-20T07:00:00Z,2026-07-20T09:00:00+0200,187.675,MW,BE,BE,forecast_onshore_wind_generation,Wind Onshore,2026-08-15T16:54:30Z
2026-08-15T16:54:08Z,2026-08-15T18:54:08+0200,abd343d7-ea94-491b-9c8b-f5aa6e5cfd1f,2026-07-20T08:00:00Z,2026-07-20T10:00:00+0200,236.775,MW,BE,BE,forecast_onshore_wind_generation,Wind Onshore,2026-08-15T16:54:30Z
2026-08-15T16:54:08Z,2026-08-15T18:54:08+0200,abd343d7-ea94-491b-9c8b-f5aa6e5cfd1f,2026-07-20T09:00:00Z,2026-07-20T11:00:00+0200,270.925,MW,BE,BE,forecast_onshore_wind_generation,Wind Onshore,2026-08-15T16:54:30Z
2026-08-15T16:54:08Z,2026-08-15T18:54:08+0200,abd343d7-ea94-491b-9c8b-f5aa6e5cfd1f,2026-07-20T10:00:00Z,2026-07-20T12:00:00+0200,303.9,MW,BE,BE,forecast_onshore_wind_generation,Wind Onshore,2026-08-15T16:54:30Z
2026-08-15T16:54:08Z,2026-08-15T18:54:08+0200,abd343d7-ea94-491b-9c8b-f5aa6e5cfd1f,2026-07-20T11:00:00Z,2026-07-20T13:00:00+0200,335.95,MW,BE,BE,forecast_onshore_wind_generation,Wind Onshore,2026-08-15T16:54:30Z
2026-08-15T16:54:08Z,2026-08-15T18:54:08+0200,abd343d7-ea94-491b-9c8b-f5aa6e5cfd1f,2026-07-20T12:00:00Z,2026-07-20T14:00:00+0200,372.35,MW,BE,BE,forecast_onshore_wind_generation,Wind Onshore,2026-08-15T16:54:30Z
2026-08-15T16:54:08Z,2026-08-15T18:54:08+0200,abd343d7-ea94-491b-9c8b-f5aa6e5cfd1f,2026-07-20T13:00:00Z,2026-07-20T15:00:00+0200,405.85,MW,BE,BE,forecast_onshore_wind_generation,Wind Onshore,2026-08-15T16:54:30Z
2026-08-15T16:54:08Z,2026-08-15T18:54:08+0200,abd343d7-ea94-491b-9c8b-f5aa6e5cfd1f,2026-07-20T14:00:00Z,2026-07-20T16:00:00+0200,433.525,MW,BE,BE,forecast_onshore_wind_generation,Wind Onshore,2026-08-15T16:54:30Z
2026-08-15T16:54:08Z,2026-08-15T18:54:08+0200,abd343d7-ea94-491b-9c8b-f5aa6e5cfd1f,2026-07-20T15:00:00Z,2026-07-20T17:00:00+0200,470.275,MW,BE,BE,forecast_onshore_wind_generation,Wind Onshore,2026-08-15T16:54:30Z
2026-08-15T16:54:08Z,2026-08-15T18:54:08+0200,abd343d7-ea94-491b-9c8b-f5aa6e5cfd1f,2026-07-20T16:00:00Z,2026-07-20T18:00:00+0200,514.625,MW,BE,BE,forecast_onshore_wind_generation,Wind Onshore,2026-08-15T16:54:30Z
2026-08-15T16:54:08Z,2026-08-15T18:54:08+0200,abd343d7-ea94-491b-9c8b-f5aa6e5cfd1f,2026-07-20T17:00:00Z,2026-07-20T19:00:00+0200,578.225,MW,BE,BE,forecast_onshore_wind_generation,Wind Onshore,2026-08-15T16:54:30Z
2026-08-15T16:54:08Z,2026-08-15T18:54:08+0200,abd343d7-ea94-491b-9c8b-f5aa6e5cfd1f,2026-07-20T18:00:00Z,2026-07-20T20:00:00+0200,628.55,MW,BE,BE,forecast_onshore_wind_generation,Wind Onshore,2026-08-15T16:54:30Z
2026-08-15T16:54:08Z,2026-08-15T18:54:08+0200,abd343d7-ea94-491b-9c8b-f5aa6e5cfd1f,2026-07-20T19:00:00Z,2026-07-20T21:00:00+0200,645.725,MW,BE,BE,forecast_onshore_wind_generation,Wind Onshore,2026-08-15T16:54:30Z
2026-08-15T16:54:08Z,2026-08-15T18:54:08+0200,abd343d7-ea94-491b-9c8b-f5aa6e5cfd1f,2026-07-20T20:00:00Z,2026-07-20T22:00:00+0200,660.425,MW,BE,BE,forecast_onshore_wind_generation,Wind Onshore,2026-08-15T16:54:30Z
2026-08-15T16:54:08Z,2026-08-15T18:54:08+0200,abd343d7-ea94-491b-9c8b-f5aa6e5cfd1f,2026-07-20T21:00:00Z,2026-07-20T23:00:00+0200,622.55,MW,BE,BE,forecast_onshore_wind_generation,Wind Onshore,2026-08-15T16:54:30Z
2026-08-15T16:54:08Z,2026-08-15T18:54:08+0200,abd343d7-ea94-491b-9c8b-f5aa6e5cfd1f,2026-07-20T22:00:00Z,2026-07-21T00:00:00+0200,481.825,MW,BE,BE,forecast_onshore_wind_generation,Wind Onshore,2026-08-15T16:54:30Z
2026-08-15T16:54:08Z,2026-08-15T18:54:08+0200,abd343d7-ea94-491b-9c8b-f5aa6e5cfd1f,2026-07-20T23:00:00Z,2026-07-21T01:00:00+0200,420.5,MW,BE,BE,forecast_onshore_wind_generation,Wind Onshore,2026-08-15T16:54:30Z
2026-08-15T16:54:08Z,2026-08-15T18:54:08+0200,abd343d7-ea94-491b-9c8b-f5aa6e5cfd1f,2026-07-21T00:00:00Z,2026-07-21T02:00:00+0200,380.725,MW,BE,BE,forecast_onshore_wind_generation,Wind Onshore,2026-08-15T16:54:30Z
2026-08-15T16:54:08Z,2026-08-15T18:54:08+0200,abd343d7-ea94-491b-9c8b-f5aa6e5cfd1f,2026-07-21T01:00:00Z,2026-07-21T03:00:00+0200,342.775,MW,BE,BE,forecast_onshore_wind_generation,Wind Onshore,2026-08-15T16:54:30Z
2026-08-15T16:54:08Z,2026-08-15T18:54:08+0200,abd343d7-ea94-491b-9c8b-f5aa6e5cfd1f,2026-07-21T02:00:00Z,2026-07-21T04:00:00+0200,293.45,MW,BE,BE,forecast_onshore_wind_generation,Wind Onshore,2026-08-15T16:54:30Z
2026-08-15T16:54:08Z,2026-08-15T18:54:08+0200,abd343d7-ea94-491b-9c8b-f5aa6e5cfd1f,2026-07-21T03:00:00Z,2026-07-21T05:00:00+0200,242.075,MW,BE,BE,forecast_onshore_wind_generation,Wind Onshore,2026-08-15T16:54:30Z
2026-08-15T16:54:08Z,2026-08-15T18:54:08+0200,abd343d7-ea94-491b-9c8b-f5aa6e5cfd1f,2026-07-21T04:00:00Z,2026-07-21T06:00:00+0200,196.825,MW,BE,BE,forecast_onshore_wind_generation,Wind Onshore,2026-08-15T16:54:30Z
2026-08-15T16:54:08Z,2026-08-15T18:54:08+0200,abd343d7-ea94-491b-9c8b-f5aa6e5cfd1f,2026-07-21T05:00:00Z,2026-07-21T07:00:00+0200,131.625,MW,BE,BE,forecast_onshore_wind_generation,Wind Onshore,2026-08-15T16:54:30Z
2026-08-15T16:54:08Z,2026-08-15T18:54:08+0200,abd343d7-ea94-491b-9c8b-f5aa6e5cfd1f,2026-07-21T06:00:00Z,2026-07-21T08:00:00+0200,68.2,MW,BE,BE,forecast_onshore_wind_generation,Wind Onshore,2026-08-15T16:54:30Z
2026-08-15T16:54:08Z,2026-08-15T18:54:08+0200,abd343d7-ea94-491b-9c8b-f5aa6e5cfd1f,2026-07-21T07:00:00Z,2026-07-21T09:00:00+0200,71.25,MW,BE,BE,forecast_onshore_wind_generation,Wind Onshore,2026-08-15T16:54:30Z
2026-08-15T16:54:08Z,2026-08-15T18:54:08+0200,abd343d7-ea94-491b-9c8b-f5aa6e5cfd1f,2026-07-21T08:00:00Z,2026-07-21T10:00:00+0200,126.425,MW,BE,BE,forecast_onshore_wind_generation,Wind Onshore,2026-08-15T16:54:30Z
2026-08-15T16:54:08Z,2026-08-15T18:54:08+0200,abd343d7-ea94-491b-9c8b-f5aa6e5cfd1f,2026-07-21T09:00:00Z,2026-07-21T11:00:00+0200,143.625,MW,BE,BE,forecast_onshore_wind_generation,Wind Onshore,2026-08-15T16:54:30Z
2026-08-15T16:54:08Z,2026-08-15T18:54:08+0200,abd343d7-ea94-491b-9c8b-f5aa6e5cfd1f,2026-07-21T10:00:00Z,2026-07-21T12:00:00+0200,146.775,MW,BE,BE,forecast_onshore_wind_generation,Wind Onshore,2026-08-15T16:54:30Z
2026-08-15T16:54:08Z,2026-08-15T18:54:08+0200,abd343d7-ea94-491b-9c8b-f5aa6e5cfd1f,2026-07-21T11:00:00Z,2026-07-21T13:00:00+0200,167.8,MW,BE,BE,forecast_onshore_wind_generation,Wind Onshore,2026-08-15T16:54:30Z
2026-08-15T16:54:08Z,2026-08-15T18:54:08+0200,abd343d7-ea94-491b-9c8b-f5aa6e5cfd1f,2026-07-21T12:00:00Z,2026-07-21T14:00:00+0200,223.1,MW,BE,BE,forecast_onshore_wind_generation,Wind Onshore,2026-08-15T16:54:30Z
2026-08-15T16:54:08Z,2026-08-15T18:54:08+0200,abd343d7-ea94-491b-9c8b-f5aa6e5cfd1f,2026-07-21T13:00:00Z,2026-07-21T15:00:00+0200,287.5,MW,BE,BE,forecast_onshore_wind_generation,Wind Onshore,2026-08-15T16:54:30Z
2026-08-15T16:54:08Z,2026-08-15T18:54:08+0200,abd343d7-ea94-491b-9c8b-f5aa6e5cfd1f,2026-07-21T14:00:00Z,2026-07-21T16:00:00+0200,341.85,MW,BE,BE,forecast_onshore_wind_generation,Wind Onshore,2026-08-15T16:54:30Z
2026-08-15T16:54:08Z,2026-08-15T18:54:08+0200,abd343d7-ea94-491b-9c8b-f5aa6e5cfd1f,2026-07-21T15:00:00Z,2026-07-21T17:00:00+0200,401.95,MW,BE,BE,forecast_onshore_wind_generation,Wind Onshore,2026-08-15T16:54:30Z
2026-08-15T16:54:08Z,2026-08-15T18:54:08+0200,abd343d7-ea94-491b-9c8b-f5aa6e5cfd1f,2026-07-21T16:00:00Z,2026-07-21T18:00:00+0200,460.675,MW,BE,BE,forecast_onshore_wind_generation,Wind Onshore,2026-08-15T16:54:30Z
2026-08-15T16:54:08Z,2026-08-15T18:54:08+0200,abd343d7-ea94-491b-9c8b-f5aa6e5cfd1f,2026-07-21T17:00:00Z,2026-07-21T19:00:00+0200,502.025,MW,BE,BE,forecast_onshore_wind_generation,Wind Onshore,2026-08-15T16:54:30Z
2026-08-15T16:54:08Z,2026-08-15T18:54:08+0200,abd343d7-ea94-491b-9c8b-f5aa6e5cfd1f,2026-07-21T18:00:00Z,2026-07-21T20:00:00+0200,531.75,MW,BE,BE,forecast_onshore_wind_generation,Wind Onshore,2026-08-15T16:54:30Z
2026-08-15T16:54:08Z,2026-08-15T18:54:08+0200,abd343d7-ea94-491b-9c8b-f5aa6e5cfd1f,2026-07-21T19:00:00Z,2026-07-21T21:00:00+0200,542.6,MW,BE,BE,forecast_onshore_wind_generation,Wind Onshore,2026-08-15T16:54:30Z
2026-08-15T16:54:08Z,2026-08-15T18:54:08+0200,abd343d7-ea94-491b-9c8b-f5aa6e5cfd1f,2026-07-21T20:00:00Z,2026-07-21T22:00:00+0200,494.35,MW,BE,BE,forecast_onshore_wind_generation,Wind Onshore,2026-08-15T16:54:30Z
2026-08-15T16:54:08Z,2026-08-15T18:54:08+0200,abd343d7-ea94-491b-9c8b-f5aa6e5cfd1f,2026-07-21T21:00:00Z,2026-07-21T23:00:00+0200,396.6,MW,BE,BE,forecast_onshore_wind_generation,Wind Onshore,2026-08-15T16:54:30Z
2026-08-15T16:54:08Z,2026-08-15T18:54:08+0200,abd343d7-ea94-491b-9c8b-f5aa6e5cfd1f,2026-07-21T22:00:00Z,2026-07-22T00:00:00+0200,275.975,MW,BE,BE,forecast_onshore_wind_generation,Wind Onshore,2026-08-15T16:54:30Z
2026-08-15T16:54:08Z,2026-08-15T18:54:08+0200,abd343d7-ea94-491b-9c8b-f5aa6e5cfd1f,2026-07-21T23:00:00Z,2026-07-22T01:00:00+0200,200.825,MW,BE,BE,forecast_onshore_wind_generation,Wind Onshore,2026-08-15T16:54:30Z
2026-08-15T16:54:08Z,2026-08-15T18:54:08+0200,abd343d7-ea94-491b-9c8b-f5aa6e5cfd1f,2026-07-22T00:00:00Z,2026-07-22T02:00:00+0200,153.925,MW,BE,BE,forecast_onshore_wind_generation,Wind Onshore,2026-08-15T16:54:30Z
2026-08-15T16:54:08Z,2026-08-15T18:54:08+0200,abd343d7-ea94-491b-9c8b-f5aa6e5cfd1f,2026-07-22T01:00:00Z,2026-07-22T03:00:00+0200,128.0,MW,BE,BE,forecast_onshore_wind_generation,Wind Onshore,2026-08-15T16:54:30Z
2026-08-15T16:54:08Z,2026-08-15T18:54:08+0200,abd343d7-ea94-491b-9c8b-f5aa6e5cfd1f,2026-07-22T02:00:00Z,2026-07-22T04:00:00+0200,132.125,MW,BE,BE,forecast_onshore_wind_generation,Wind Onshore,2026-08-15T16:54:30Z
2026-08-15T16:54:08Z,2026-08-15T18:54:08+0200,abd343d7-ea94-491b-9c8b-f5aa6e5cfd1f,2026-07-22T03:00:00Z,2026-07-22T05:00:00+0200,153.25,MW,BE,BE,forecast_onshore_wind_generation,Wind Onshore,2026-08-15T16:54:30Z
2026-08-15T16:54:08Z,2026-08-15T18:54:08+0200,abd343d7-ea94-491b-9c8b-f5aa6e5cfd1f,2026-07-22T04:00:00Z,2026-07-22T06:00:00+0200,177.825,MW,BE,BE,forecast_onshore_wind_generation,Wind Onshore,2026-08-15T16:54:30Z
2026-08-15T16:54:08Z,2026-08-15T18:54:08+0200,abd343d7-ea94-491b-9c8b-f5aa6e5cfd1f,2026-07-22T05:00:00Z,2026-07-22T07:00:00+0200,181.125,MW,BE,BE,forecast_onshore_wind_generation,Wind Onshore,2026-08-15T16:54:30Z
2026-08-15T16:54:08Z,2026-08-15T18:54:08+0200,abd343d7-ea94-491b-9c8b-f5aa6e5cfd1f,2026-07-22T06:00:00Z,2026-07-22T08:00:00+0200,203.475,MW,BE,BE,forecast_onshore_wind_generation,Wind Onshore,2026-08-15T16:54:30Z
2026-08-15T16:54:08Z,2026-08-15T18:54:08+0200,abd343d7-ea94-491b-9c8b-f5aa6e5cfd1f,2026-07-22T07:00:00Z,2026-07-22T09:00:00+0200,286.05,MW,BE,BE,forecast_onshore_wind_generation,Wind Onshore,2026-08-15T16:54:30Z
2026-08-15T16:54:08Z,2026-08-15T18:54:08+0200,abd343d7-ea94-491b-9c8b-f5aa6e5cfd1f,2026-07-22T08:00:00Z,2026-07-22T10:00:00+0200,349.05,MW,BE,BE,forecast_onshore_wind_generation,Wind Onshore,2026-08-15T16:54:30Z
2026-08-15T16:54:08Z,2026-08-15T18:54:08+0200,abd343d7-ea94-491b-9c8b-f5aa6e5cfd1f,2026-07-22T09:00:00Z,2026-07-22T11:00:00+0200,377.65,MW,BE,BE,forecast_onshore_wind_generation,Wind Onshore,2026-08-15T16:54:30Z
2026-08-15T16:54:08Z,2026-08-15T18:54:08+0200,abd343d7-ea94-491b-9c8b-f5aa6e5cfd1f,2026-07-22T10:00:00Z,2026-07-22T12:00:00+0200,415.65,MW,BE,BE,forecast_onshore_wind_generation,Wind Onshore,2026-08-15T16:54:30Z
2026-08-15T16:54:08Z,2026-08-15T18:54:08+0200,abd343d7-ea94-491b-9c8b-f5aa6e5cfd1f,2026-07-22T11:00:00Z,2026-07-22T13:00:00+0200,483.775,MW,BE,BE,forecast_onshore_wind_generation,Wind Onshore,2026-08-15T16:54:30Z
2026-08-15T16:54:08Z,2026-08-15T18:54:08+0200,abd343d7-ea94-491b-9c8b-f5aa6e5cfd1f,2026-07-22T12:00:00Z,2026-07-22T14:00:00+0200,580.825,MW,BE,BE,forecast_onshore_wind_generation,Wind Onshore,2026-08-15T16:54:30Z
2026-08-15T16:54:08Z,2026-08-15T18:54:08+0200,abd343d7-ea94-491b-9c8b-f5aa6e5cfd1f,2026-07-22T13:00:00Z,2026-07-22T15:00:00+0200,700.275,MW,BE,BE,forecast_onshore_wind_generation,Wind Onshore,2026-08-15T16:54:30Z
2026-08-15T16:54:08Z,2026-08-15T18:54:08+0200,abd343d7-ea94-491b-9c8b-f5aa6e5cfd1f,2026-07-22T14:00:00Z,2026-07-22T16:00:00+0200,796.975,MW,BE,BE,forecast_onshore_wind_generation,Wind Onshore,2026-08-15T16:54:30Z
2026-08-15T16:54:08Z,2026-08-15T18:54:08+0200,abd343d7-ea94-491b-9c8b-f5aa6e5cfd1f,2026-07-22T15:00:00Z,2026-07-22T17:00:00+0200,866.2,MW,BE,BE,forecast_onshore_wind_generation,Wind Onshore,2026-08-15T16:54:30Z
2026-08-15T16:54:08Z,2026-08-15T18:54:08+0200,abd343d7-ea94-491b-9c8b-f5aa6e5cfd1f,2026-07-22T16:00:00Z,2026-07-22T18:00:00+0200,899.1,MW,BE,BE,forecast_onshore_wind_generation,Wind Onshore,2026-08-15T16:54:30Z
2026-08-15T16:54:08Z,2026-08-15T18:54:08+0200,abd343d7-ea94-491b-9c8b-f5aa6e5cfd1f,2026-07-22T17:00:00Z,2026-07-22T19:00:00+0200,851.875,MW,BE,BE,forecast_onshore_wind_generation,Wind Onshore,2026-08-15T16:54:30Z
2026-08-15T16:54:08Z,2026-08-15T18:54:08+0200,abd343d7-ea94-491b-9c8b-f5aa6e5cfd1f,2026-07-22T18:00:00Z,2026-07-22T20:00:00+0200,725.275,MW,BE,BE,forecast_onshore_wind_generation,Wind Onshore,2026-08-15T16:54:30Z
2026-08-15T16:54:08Z,2026-08-15T18:54:08+0200,abd343d7-ea94-491b-9c8b-f5aa6e5cfd1f,2026-07-22T19:00:00Z,2026-07-22T21:00:00+0200,582.7,MW,BE,BE,forecast_onshore_wind_generation,Wind Onshore,2026-08-15T16:54:30Z
2026-08-15T16:54:08Z,2026-08-15T18:54:08+0200,abd343d7-ea94-491b-9c8b-f5aa6e5cfd1f,2026-07-22T20:00:00Z,2026-07-22T22:00:00+0200,475.35,MW,BE,BE,forecast_onshore_wind_generation,Wind Onshore,2026-08-15T16:54:30Z
2026-08-15T16:54:08Z,2026-08-15T18:54:08+0200,abd343d7-ea94-491b-9c8b-f5aa6e5cfd1f,2026-07-22T21:00:00Z,2026-07-22T23:00:00+0200,397.5,MW,BE,BE,forecast_onshore_wind_generation,Wind Onshore,2026-08-15T16:54:30Z
2026-08-15T16:54:08Z,2026-08-15T18:54:08+0200,abd343d7-ea94-491b-9c8b-f5aa6e5cfd1f,2026-07-22T22:00:00Z,2026-07-23T00:00:00+0200,354.425,MW,BE,BE,forecast_onshore_wind_generation,Wind Onshore,2026-08-15T16:54:30Z
2026-08-15T16:54:08Z,2026-08-15T18:54:08+0200,abd343d7-ea94-491b-9c8b-f5aa6e5cfd1f,2026-07-22T23:00:00Z,2026-07-23T01:00:00+0200,318.9,MW,BE,BE,forecast_onshore_wind_generation,Wind Onshore,2026-08-15T16:54:30Z
2026-08-15T16:54:08Z,2026-08-15T18:54:08+0200,abd343d7-ea94-491b-9c8b-f5aa6e5cfd1f,2026-07-23T00:00:00Z,2026-07-23T02:00:00+0200,284.025,MW,BE,BE,forecast_onshore_wind_generation,Wind Onshore,2026-08-15T16:54:30Z
2026-08-15T16:54:08Z,2026-08-15T18:54:08+0200,abd343d7-ea94-491b-9c8b-f5aa6e5cfd1f,2026-07-23T01:00:00Z,2026-07-23T03:00:00+0200,251.025,MW,BE,BE,forecast_onshore_wind_generation,Wind Onshore,2026-08-15T16:54:30Z
2026-08-15T16:54:08Z,2026-08-15T18:54:08+0200,abd343d7-ea94-491b-9c8b-f5aa6e5cfd1f,2026-07-23T02:00:00Z,2026-07-23T04:00:00+0200,229.825,MW,BE,BE,forecast_onshore_wind_generation,Wind Onshore,2026-08-15T16:54:30Z
2026-08-15T16:54:08Z,2026-08-15T18:54:08+0200,abd343d7-ea94-491b-9c8b-f5aa6e5cfd1f,2026-07-23T03:00:00Z,2026-07-23T05:00:00+0200,237.625,MW,BE,BE,forecast_onshore_wind_generation,Wind Onshore,2026-08-15T16:54:30Z
2026-08-15T16:54:08Z,2026-08-15T18:54:08+0200,abd343d7-ea94-491b-9c8b-f5aa6e5cfd1f,2026-07-23T04:00:00Z,2026-07-23T06:00:00+0200,260.85,MW,BE,BE,forecast_onshore_wind_generation,Wind Onshore,2026-08-15T16:54:30Z
2026-08-15T16:54:08Z,2026-08-15T18:54:08+0200,abd343d7-ea94-491b-9c8b-f5aa6e5cfd1f,2026-07-23T05:00:00Z,2026-07-23T07:00:00+0200,242.625,MW,BE,BE,forecast_onshore_wind_generation,Wind Onshore,2026-08-15T16:54:30Z
2026-08-15T16:54:08Z,2026-08-15T18:54:08+0200,abd343d7-ea94-491b-9c8b-f5aa6e5cfd1f,2026-07-23T06:00:00Z,2026-07-23T08:00:00+0200,250.825,MW,BE,BE,forecast_onshore_wind_generation,Wind Onshore,2026-08-15T16:54:30Z
2026-08-15T16:54:08Z,2026-08-15T18:54:08+0200,abd343d7-ea94-491b-9c8b-f5aa6e5cfd1f,2026-07-23T07:00:00Z,2026-07-23T09:00:00+0200,322.8,MW,BE,BE,forecast_onshore_wind_generation,Wind Onshore,2026-08-15T16:54:30Z
2026-08-15T16:54:08Z,2026-08-15T18:54:08+0200,abd343d7-ea94-491b-9c8b-f5aa6e5cfd1f,2026-07-23T08:00:00Z,2026-07-23T10:00:00+0200,375.85,MW,BE,BE,forecast_onshore_wind_generation,Wind Onshore,2026-08-15T16:54:30Z
2026-08-15T16:54:08Z,2026-08-15T18:54:08+0200,abd343d7-ea94-491b-9c8b-f5aa6e5cfd1f,2026-07-23T09:00:00Z,2026-07-23T11:00:00+0200,407.45,MW,BE,BE,forecast_onshore_wind_generation,Wind Onshore,2026-08-15T16:54:30Z
2026-08-15T16:54:08Z,2026-08-15T18:54:08+0200,abd343d7-ea94-491b-9c8b-f5aa6e5cfd1f,2026-07-23T10:00:00Z,2026-07-23T12:00:00+0200,442.95,MW,BE,BE,forecast_onshore_wind_generation,Wind Onshore,2026-08-15T16:54:30Z
2026-08-15T16:54:08Z,2026-08-15T18:54:08+0200,abd343d7-ea94-491b-9c8b-f5aa6e5cfd1f,2026-07-23T11:00:00Z,2026-07-23T13:00:00+0200,481.45,MW,BE,BE,forecast_onshore_wind_generation,Wind Onshore,2026-08-15T16:54:30Z
2026-08-15T16:54:08Z,2026-08-15T18:54:08+0200,abd343d7-ea94-491b-9c8b-f5aa6e5cfd1f,2026-07-23T12:00:00Z,2026-07-23T14:00:00+0200,534.25,MW,BE,BE,forecast_onshore_wind_generation,Wind Onshore,2026-08-15T16:54:30Z
2026-08-15T16:54:08Z,2026-08-15T18:54:08+0200,abd343d7-ea94-491b-9c8b-f5aa6e5cfd1f,2026-07-23T13:00:00Z,2026-07-23T15:00:00+0200,600.25,MW,BE,BE,forecast_onshore_wind_generation,Wind Onshore,2026-08-15T16:54:30Z
2026-08-15T16:54:08Z,2026-08-15T18:54:08+0200,abd343d7-ea94-491b-9c8b-f5aa6e5cfd1f,2026-07-23T14:00:00Z,2026-07-23T16:00:00+0200,637.675,MW,BE,BE,forecast_onshore_wind_generation,Wind Onshore,2026-08-15T16:54:30Z
2026-08-15T16:54:08Z,2026-08-15T18:54:08+0200,abd343d7-ea94-491b-9c8b-f5aa6e5cfd1f,2026-07-23T15:00:00Z,2026-07-23T17:00:00+0200,627.975,MW,BE,BE,forecast_onshore_wind_generation,Wind Onshore,2026-08-15T16:54:30Z
2026-08-15T16:54:08Z,2026-08-15T18:54:08+0200,abd343d7-ea94-491b-9c8b-f5aa6e5cfd1f,2026-07-23T16:00:00Z,2026-07-23T18:00:00+0200,584.675,MW,BE,BE,forecast_onshore_wind_generation,Wind Onshore,2026-08-15T16:54:30Z
2026-08-15T16:54:08Z,2026-08-15T18:54:08+0200,abd343d7-ea94-491b-9c8b-f5aa6e5cfd1f,2026-07-23T17:00:00Z,2026-07-23T19:00:00+0200,520.525,MW,BE,BE,forecast_onshore_wind_generation,Wind Onshore,2026-08-15T16:54:30Z
2026-08-15T16:54:08Z,2026-08-15T18:54:08+0200,abd343d7-ea94-491b-9c8b-f5aa6e5cfd1f,2026-07-23T18:00:00Z,2026-07-23T20:00:00+0200,444.3,MW,BE,BE,forecast_onshore_wind_generation,Wind Onshore,2026-08-15T16:54:30Z
2026-08-15T16:54:08Z,2026-08-15T18:54:08+0200,abd343d7-ea94-491b-9c8b-f5aa6e5cfd1f,2026-07-23T19:00:00Z,2026-07-23T21:00:00+0200,373.625,MW,BE,BE,forecast_onshore_wind_generation,Wind Onshore,2026-08-15T16:54:30Z
2026-08-15T16:54:08Z,2026-08-15T18:54:08+0200,abd343d7-ea94-491b-9c8b-f5aa6e5cfd1f,2026-07-23T20:00:00Z,2026-07-23T22:00:00+0200,315.3,MW,BE,BE,forecast_onshore_wind_generation,Wind Onshore,2026-08-15T16:54:30Z
2026-08-15T16:54:08Z,2026-08-15T18:54:08+0200,abd343d7-ea94-491b-9c8b-f5aa6e5cfd1f,2026-07-23T21:00:00Z,2026-07-23T23:00:00+0200,257.95,MW,BE,BE,forecast_onshore_wind_generation,Wind Onshore,2026-08-15T16:54:30Z
2026-08-15T16:54:08Z,2026-08-15T18:54:08+0200,abd343d7-ea94-491b-9c8b-f5aa6e5cfd1f,2026-07-23T22:00:00Z,2026-07-24T00:00:00+0200,185.4,MW,BE,BE,forecast_onshore_wind_generation,Wind Onshore,2026-08-15T16:54:30Z
2026-08-15T16:54:08Z,2026-08-15T18:54:08+0200,abd343d7-ea94-491b-9c8b-f5aa6e5cfd1f,2026-07-23T23:00:00Z,2026-07-24T01:00:00+0200,149.025,MW,BE,BE,forecast_onshore_wind_generation,Wind Onshore,2026-08-15T16:54:30Z
2026-08-15T16:54:08Z,2026-08-15T18:54:08+0200,abd343d7-ea94-491b-9c8b-f5aa6e5cfd1f,2026-07-24T00:00:00Z,2026-07-24T02:00:00+0200,114.575,MW,BE,BE,forecast_onshore_wind_generation,Wind Onshore,2026-08-15T16:54:30Z
2026-08-15T16:54:08Z,2026-08-15T18:54:08+0200,abd343d7-ea94-491b-9c8b-f5aa6e5cfd1f,2026-07-24T01:00:00Z,2026-07-24T03:00:00+0200,87.6,MW,BE,BE,forecast_onshore_wind_generation,Wind Onshore,2026-08-15T16:54:30Z
2026-08-15T16:54:08Z,2026-08-15T18:54:08+0200,abd343d7-ea94-491b-9c8b-f5aa6e5cfd1f,2026-07-24T02:00:00Z,2026-07-24T04:00:00+0200,62.325,MW,BE,BE,forecast_onshore_wind_generation,Wind Onshore,2026-08-15T16:54:30Z
2026-08-15T16:54:08Z,2026-08-15T18:54:08+0200,abd343d7-ea94-491b-9c8b-f5aa6e5cfd1f,2026-07-24T03:00:00Z,2026-07-24T05:00:00+0200,41.4,MW,BE,BE,forecast_onshore_wind_generation,Wind Onshore,2026-08-15T16:54:30Z
2026-08-15T16:54:08Z,2026-08-15T18:54:08+0200,abd343d7-ea94-491b-9c8b-f5aa6e5cfd1f,2026-07-24T04:00:00Z,2026-07-24T06:00:00+0200,40.425,MW,BE,BE,forecast_onshore_wind_generation,Wind Onshore,2026-08-15T16:54:30Z
2026-08-15T16:54:08Z,2026-08-15T18:54:08+0200,abd343d7-ea94-491b-9c8b-f5aa6e5cfd1f,2026-07-24T05:00:00Z,2026-07-24T07:00:00+0200,48.3,MW,BE,BE,forecast_onshore_wind_generation,Wind Onshore,2026-08-15T16:54:30Z
2026-08-15T16:54:08Z,2026-08-15T18:54:08+0200,abd343d7-ea94-491b-9c8b-f5aa6e5cfd1f,2026-07-24T06:00:00Z,2026-07-24T08:00:00+0200,27.5,MW,BE,BE,forecast_onshore_wind_generation,Wind Onshore,2026-08-15T16:54:30Z
2026-08-15T16:54:08Z,2026-08-15T18:54:08+0200,abd343d7-ea94-491b-9c8b-f5aa6e5cfd1f,2026-07-24T07:00:00Z,2026-07-24T09:00:00+0200,11.575,MW,BE,BE,forecast_onshore_wind_generation,Wind Onshore,2026-08-15T16:54:30Z
2026-08-15T16:54:08Z,2026-08-15T18:54:08+0200,abd343d7-ea94-491b-9c8b-f5aa6e5cfd1f,2026-07-24T08:00:00Z,2026-07-24T10:00:00+0200,7.724999,MW,BE,BE,forecast_onshore_wind_generation,Wind Onshore,2026-08-15T16:54:30Z
2026-08-15T16:54:08Z,2026-08-15T18:54:08+0200,abd343d7-ea94-491b-9c8b-f5aa6e5cfd1f,2026-07-24T09:00:00Z,2026-07-24T11:00:00+0200,6.3,MW,BE,BE,forecast_onshore_wind_generation,Wind Onshore,2026-08-15T16:54:30Z
2026-08-15T16:54:08Z,2026-08-15T18:54:08+0200,abd343d7-ea94-491b-9c8b-f5aa6e5cfd1f,2026-07-24T10:00:00Z,2026-07-24T12:00:00+0200,5.1,MW,BE,BE,forecast_onshore_wind_generation,Wind Onshore,2026-08-15T16:54:30Z
2026-08-15T16:54:08Z,2026-08-15T18:54:08+0200,abd343d7-ea94-491b-9c8b-f5aa6e5cfd1f,2026-07-24T11:00:00Z,2026-07-24T13:00:00+0200,4.425,MW,BE,BE,forecast_onshore_wind_generation,Wind Onshore,2026-08-15T16:54:30Z
2026-08-15T16:54:08Z,2026-08-15T18:54:08+0200,abd343d7-ea94-491b-9c8b-f5aa6e5cfd1f,2026-07-24T12:00:00Z,2026-07-24T14:00:00+0200,5.275,MW,BE,BE,forecast_onshore_wind_generation,Wind Onshore,2026-08-15T16:54:30Z
2026-08-15T16:54:08Z,2026-08-15T18:54:08+0200,abd343d7-ea94-491b-9c8b-f5aa6e5cfd1f,2026-07-24T13:00:00Z,2026-07-24T15:00:00+0200,7.65,MW,BE,BE,forecast_onshore_wind_generation,Wind Onshore,2026-08-15T16:54:30Z
2026-08-15T16:54:08Z,2026-08-15T18:54:08+0200,abd343d7-ea94-491b-9c8b-f5aa6e5cfd1f,2026-07-24T14:00:00Z,2026-07-24T16:00:00+0200,9.649999,MW,BE,BE,forecast_onshore_wind_generation,Wind Onshore,2026-08-15T16:54:30Z
2026-08-15T16:54:08Z,2026-08-15T18:54:08+0200,abd343d7-ea94-491b-9c8b-f5aa6e5cfd1f,2026-07-24T15:00:00Z,2026-07-24T17:00:00+0200,9.449999,MW,BE,BE,forecast_onshore_wind_generation,Wind Onshore,2026-08-15T16:54:30Z
2026-08-15T16:54:08Z,2026-08-15T18:54:08+0200,abd343d7-ea94-491b-9c8b-f5aa6e5cfd1f,2026-07-24T16:00:00Z,2026-07-24T18:00:00+0200,10.5,MW,BE,BE,forecast_onshore_wind_generation,Wind Onshore,2026-08-15T16:54:30Z
2026-08-15T16:54:08Z,2026-08-15T18:54:08+0200,abd343d7-ea94-491b-9c8b-f5aa6e5cfd1f,2026-07-24T17:00:00Z,2026-07-24T19:00:00+0200,13.775,MW,BE,BE,forecast_onshore_wind_generation,Wind Onshore,2026-08-15T16:54:30Z
2026-08-15T16:54:08Z,2026-08-15T18:54:08+0200,abd343d7-ea94-491b-9c8b-f5aa6e5cfd1f,2026-07-24T18:00:00Z,2026-07-24T20:00:00+0200,21.375,MW,BE,BE,forecast_onshore_wind_generation,Wind Onshore,2026-08-15T16:54:30Z
2026-08-15T16:54:08Z,2026-08-15T18:54:08+0200,abd343d7-ea94-491b-9c8b-f5aa6e5cfd1f,2026-07-24T19:00:00Z,2026-07-24T21:00:00+0200,35.325,MW,BE,BE,forecast_onshore_wind_generation,Wind Onshore,2026-08-15T16:54:30Z
2026-08-15T16:54:08Z,2026-08-15T18:54:08+0200,abd343d7-ea94-491b-9c8b-f5aa6e5cfd1f,2026-07-24T20:00:00Z,2026-07-24T22:00:00+0200,51.75,MW,BE,BE,forecast_onshore_wind_generation,Wind Onshore,2026-08-15T16:54:30Z
2026-08-15T16:54:08Z,2026-08-15T18:54:08+0200,abd343d7-ea94-491b-9c8b-f5aa6e5cfd1f,2026-07-24T21:00:00Z,2026-07-24T23:00:00+0200,68.75,MW,BE,BE,forecast_onshore_wind_generation,Wind Onshore,2026-08-15T16:54:30Z
2026-08-15T16:54:08Z,2026-08-15T18:54:08+0200,abd343d7-ea94-491b-9c8b-f5aa6e5cfd1f,2026-07-24T22:00:00Z,2026-07-25T00:00:00+0200,56.675,MW,BE,BE,forecast_onshore_wind_generation,Wind Onshore,2026-08-15T16:54:30Z
2026-08-15T16:54:08Z,2026-08-15T18:54:08+0200,abd343d7-ea94-491b-9c8b-f5aa6e5cfd1f,2026-07-24T23:00:00Z,2026-07-25T01:00:00+0200,80.975,MW,BE,BE,forecast_onshore_wind_generation,Wind Onshore,2026-08-15T16:54:30Z
2026-08-15T16:54:08Z,2026-08-15T18:54:08+0200,abd343d7-ea94-491b-9c8b-f5aa6e5cfd1f,2026-07-25T00:00:00Z,2026-07-25T02:00:00+0200,110.525,MW,BE,BE,forecast_onshore_wind_generation,Wind Onshore,2026-08-15T16:54:30Z
2026-08-15T16:54:08Z,2026-08-15T18:54:08+0200,abd343d7-ea94-491b-9c8b-f5aa6e5cfd1f,2026-07-25T01:00:00Z,2026-07-25T03:00:00+0200,120.35,MW,BE,BE,forecast_onshore_wind_generation,Wind Onshore,2026-08-15T16:54:30Z
2026-08-15T16:54:08Z,2026-08-15T18:54:08+0200,abd343d7-ea94-491b-9c8b-f5aa6e5cfd1f,2026-07-25T02:00:00Z,2026-07-25T04:00:00+0200,118.725,MW,BE,BE,forecast_onshore_wind_generation,Wind Onshore,2026-08-15T16:54:30Z
2026-08-15T16:54:08Z,2026-08-15T18:54:08+0200,abd343d7-ea94-491b-9c8b-f5aa6e5cfd1f,2026-07-25T03:00:00Z,2026-07-25T05:00:00+0200,121.55,MW,BE,BE,forecast_onshore_wind_generation,Wind Onshore,2026-08-15T16:54:30Z
2026-08-15T16:54:08Z,2026-08-15T18:54:08+0200,abd343d7-ea94-491b-9c8b-f5aa6e5cfd1f,2026-07-25T04:00:00Z,2026-07-25T06:00:00+0200,144.875,MW,BE,BE,forecast_onshore_wind_generation,Wind Onshore,2026-08-15T16:54:30Z
2026-08-15T16:54:08Z,2026-08-15T18:54:08+0200,abd343d7-ea94-491b-9c8b-f5aa6e5cfd1f,2026-07-25T05:00:00Z,2026-07-25T07:00:00+0200,198.55,MW,BE,BE,forecast_onshore_wind_generation,Wind Onshore,2026-08-15T16:54:30Z
2026-08-15T16:54:08Z,2026-08-15T18:54:08+0200,abd343d7-ea94-491b-9c8b-f5aa6e5cfd1f,2026-07-25T06:00:00Z,2026-07-25T08:00:00+0200,172.1,MW,BE,BE,forecast_onshore_wind_generation,Wind Onshore,2026-08-15T16:54:30Z
2026-08-15T16:54:08Z,2026-08-15T18:54:08+0200,abd343d7-ea94-491b-9c8b-f5aa6e5cfd1f,2026-07-25T07:00:00Z,2026-07-25T09:00:00+0200,86.225,MW,BE,BE,forecast_onshore_wind_generation,Wind Onshore,2026-08-15T16:54:30Z
2026-08-15T16:54:08Z,2026-08-15T18:54:08+0200,abd343d7-ea94-491b-9c8b-f5aa6e5cfd1f,2026-07-25T08:00:00Z,2026-07-25T10:00:00+0200,74.625,MW,BE,BE,forecast_onshore_wind_generation,Wind Onshore,2026-08-15T16:54:30Z
2026-08-15T16:54:08Z,2026-08-15T18:54:08+0200,abd343d7-ea94-491b-9c8b-f5aa6e5cfd1f,2026-07-25T09:00:00Z,2026-07-25T11:00:00+0200,97.1,MW,BE,BE,forecast_onshore_wind_generation,Wind Onshore,2026-08-15T16:54:30Z
2026-08-15T16:54:08Z,2026-08-15T18:54:08+0200,abd343d7-ea94-491b-9c8b-f5aa6e5cfd1f,2026-07-25T10:00:00Z,2026-07-25T12:00:00+0200,143.475,MW,BE,BE,forecast_onshore_wind_generation,Wind Onshore,2026-08-15T16:54:30Z
2026-08-15T16:54:08Z,2026-08-15T18:54:08+0200,abd343d7-ea94-491b-9c8b-f5aa6e5cfd1f,2026-07-25T11:00:00Z,2026-07-25T13:00:00+0200,216.25,MW,BE,BE,forecast_onshore_wind_generation,Wind Onshore,2026-08-15T16:54:30Z
2026-08-15T16:54:08Z,2026-08-15T18:54:08+0200,abd343d7-ea94-491b-9c8b-f5aa6e5cfd1f,2026-07-25T12:00:00Z,2026-07-25T14:00:00+0200,265.125,MW,BE,BE,forecast_onshore_wind_generation,Wind Onshore,2026-08-15T16:54:30Z
2026-08-15T16:54:08Z,2026-08-15T18:54:08+0200,abd343d7-ea94-491b-9c8b-f5aa6e5cfd1f,2026-07-25T13:00:00Z,2026-07-25T15:00:00+0200,277.425,MW,BE,BE,forecast_onshore_wind_generation,Wind Onshore,2026-08-15T16:54:30Z
2026-08-15T16:54:08Z,2026-08-15T18:54:08+0200,abd343d7-ea94-491b-9c8b-f5aa6e5cfd1f,2026-07-25T14:00:00Z,2026-07-25T16:00:00+0200,309.9,MW,BE,BE,forecast_onshore_wind_generation,Wind Onshore,2026-08-15T16:54:30Z
2026-08-15T16:54:08Z,2026-08-15T18:54:08+0200,abd343d7-ea94-491b-9c8b-f5aa6e5cfd1f,2026-07-25T15:00:00Z,2026-07-25T17:00:00+0200,359.275,MW,BE,BE,forecast_onshore_wind_generation,Wind Onshore,2026-08-15T16:54:30Z
2026-08-15T16:54:08Z,2026-08-15T18:54:08+0200,abd343d7-ea94-491b-9c8b-f5aa6e5cfd1f,2026-07-25T16:00:00Z,2026-07-25T18:00:00+0200,384.8,MW,BE,BE,forecast_onshore_wind_generation,Wind Onshore,2026-08-15T16:54:30Z
2026-08-15T16:54:08Z,2026-08-15T18:54:08+0200,abd343d7-ea94-491b-9c8b-f5aa6e5cfd1f,2026-07-25T17:00:00Z,2026-07-25T19:00:00+0200,390.475,MW,BE,BE,forecast_onshore_wind_generation,Wind Onshore,2026-08-15T16:54:30Z
2026-08-15T16:54:08Z,2026-08-15T18:54:08+0200,abd343d7-ea94-491b-9c8b-f5aa6e5cfd1f,2026-07-25T18:00:00Z,2026-07-25T20:00:00+0200,388.75,MW,BE,BE,forecast_onshore_wind_generation,Wind Onshore,2026-08-15T16:54:30Z
2026-08-15T16:54:08Z,2026-08-15T18:54:08+0200,abd343d7-ea94-491b-9c8b-f5aa6e5cfd1f,2026-07-25T19:00:00Z,2026-07-25T21:00:00+0200,420.225,MW,BE,BE,forecast_onshore_wind_generation,Wind Onshore,2026-08-15T16:54:30Z
2026-08-15T16:54:08Z,2026-08-15T18:54:08+0200,abd343d7-ea94-491b-9c8b-f5aa6e5cfd1f,2026-07-25T20:00:00Z,2026-07-25T22:00:00+0200,478.85,MW,BE,BE,forecast_onshore_wind_generation,Wind Onshore,2026-08-15T16:54:30Z
2026-08-15T16:54:08Z,2026-08-15T18:54:08+0200,abd343d7-ea94-491b-9c8b-f5aa6e5cfd1f,2026-07-25T21:00:00Z,2026-07-25T23:00:00+0200,539.35,MW,BE,BE,forecast_onshore_wind_generation,Wind Onshore,2026-08-15T16:54:30Z
2026-08-15T16:54:08Z,2026-08-15T18:54:08+0200,abd343d7-ea94-491b-9c8b-f5aa6e5cfd1f,2026-07-25T22:00:00Z,2026-07-26T00:00:00+0200,625.725,MW,BE,BE,forecast_onshore_wind_generation,Wind Onshore,2026-08-15T16:54:30Z
2026-08-15T16:54:08Z,2026-08-15T18:54:08+0200,abd343d7-ea94-491b-9c8b-f5aa6e5cfd1f,2026-07-25T23:00:00Z,2026-07-26T01:00:00+0200,766.9,MW,BE,BE,forecast_onshore_wind_generation,Wind Onshore,2026-08-15T16:54:30Z
2026-08-15T16:54:08Z,2026-08-15T18:54:08+0200,abd343d7-ea94-491b-9c8b-f5aa6e5cfd1f,2026-07-26T00:00:00Z,2026-07-26T02:00:00+0200,815.0,MW,BE,BE,forecast_onshore_wind_generation,Wind Onshore,2026-08-15T16:54:30Z
2026-08-15T16:54:08Z,2026-08-15T18:54:08+0200,abd343d7-ea94-491b-9c8b-f5aa6e5cfd1f,2026-07-26T01:00:00Z,2026-07-26T03:00:00+0200,821.925,MW,BE,BE,forecast_onshore_wind_generation,Wind Onshore,2026-08-15T16:54:30Z
2026-08-15T16:54:08Z,2026-08-15T18:54:08+0200,abd343d7-ea94-491b-9c8b-f5aa6e5cfd1f,2026-07-26T02:00:00Z,2026-07-26T04:00:00+0200,869.9,MW,BE,BE,forecast_onshore_wind_generation,Wind Onshore,2026-08-15T16:54:30Z
2026-08-15T16:54:08Z,2026-08-15T18:54:08+0200,abd343d7-ea94-491b-9c8b-f5aa6e5cfd1f,2026-07-26T03:00:00Z,2026-07-26T05:00:00+0200,922.55,MW,BE,BE,forecast_onshore_wind_generation,Wind Onshore,2026-08-15T16:54:30Z
2026-08-15T16:54:08Z,2026-08-15T18:54:08+0200,abd343d7-ea94-491b-9c8b-f5aa6e5cfd1f,2026-07-26T04:00:00Z,2026-07-26T06:00:00+0200,946.05,MW,BE,BE,forecast_onshore_wind_generation,Wind Onshore,2026-08-15T16:54:30Z
2026-08-15T16:54:08Z,2026-08-15T18:54:08+0200,abd343d7-ea94-491b-9c8b-f5aa6e5cfd1f,2026-07-26T05:00:00Z,2026-07-26T07:00:00+0200,915.9,MW,BE,BE,forecast_onshore_wind_generation,Wind Onshore,2026-08-15T16:54:30Z
2026-08-15T16:54:08Z,2026-08-15T18:54:08+0200,abd343d7-ea94-491b-9c8b-f5aa6e5cfd1f,2026-07-26T06:00:00Z,2026-07-26T08:00:00+0200,941.975,MW,BE,BE,forecast_onshore_wind_generation,Wind Onshore,2026-08-15T16:54:30Z
2026-08-15T16:54:08Z,2026-08-15T18:54:08+0200,abd343d7-ea94-491b-9c8b-f5aa6e5cfd1f,2026-07-26T07:00:00Z,2026-07-26T09:00:00+0200,1067.05,MW,BE,BE,forecast_onshore_wind_generation,Wind Onshore,2026-08-15T16:54:30Z
2026-08-15T16:54:08Z,2026-08-15T18:54:08+0200,abd343d7-ea94-491b-9c8b-f5aa6e5cfd1f,2026-07-26T08:00:00Z,2026-07-26T10:00:00+0200,1182.3,MW,BE,BE,forecast_onshore_wind_generation,Wind Onshore,2026-08-15T16:54:30Z
2026-08-15T16:54:08Z,2026-08-15T18:54:08+0200,abd343d7-ea94-491b-9c8b-f5aa6e5cfd1f,2026-07-26T09:00:00Z,2026-07-26T11:00:00+0200,1263.125,MW,BE,BE,forecast_onshore_wind_generation,Wind Onshore,2026-08-15T16:54:30Z
2026-08-15T16:54:08Z,2026-08-15T18:54:08+0200,abd343d7-ea94-491b-9c8b-f5aa6e5cfd1f,2026-07-26T10:00:00Z,2026-07-26T12:00:00+0200,1380.325,MW,BE,BE,forecast_onshore_wind_generation,Wind Onshore,2026-08-15T16:54:30Z
2026-08-15T16:54:08Z,2026-08-15T18:54:08+0200,abd343d7-ea94-491b-9c8b-f5aa6e5cfd1f,2026-07-26T11:00:00Z,2026-07-26T13:00:00+0200,1534.2,MW,BE,BE,forecast_onshore_wind_generation,Wind Onshore,2026-08-15T16:54:30Z
2026-08-15T16:54:08Z,2026-08-15T18:54:08+0200,abd343d7-ea94-491b-9c8b-f5aa6e5cfd1f,2026-07-26T12:00:00Z,2026-07-26T14:00:00+0200,1674.15,MW,BE,BE,forecast_onshore_wind_generation,Wind Onshore,2026-08-15T16:54:30Z
2026-08-15T16:54:08Z,2026-08-15T18:54:08+0200,abd343d7-ea94-491b-9c8b-f5aa6e5cfd1f,2026-07-26T13:00:00Z,2026-07-26T15:00:00+0200,1766.7,MW,BE,BE,forecast_onshore_wind_generation,Wind Onshore,2026-08-15T16:54:30Z
2026-08-15T16:54:08Z,2026-08-15T18:54:08+0200,abd343d7-ea94-491b-9c8b-f5aa6e5cfd1f,2026-07-26T14:00:00Z,2026-07-26T16:00:00+0200,1787.675,MW,BE,BE,forecast_onshore_wind_generation,Wind Onshore,2026-08-15T16:54:30Z
2026-08-15T16:54:08Z,2026-08-15T18:54:08+0200,abd343d7-ea94-491b-9c8b-f5aa6e5cfd1f,2026-07-26T15:00:00Z,2026-07-26T17:00:00+0200,1774.125,MW,BE,BE,forecast_onshore_wind_generation,Wind Onshore,2026-08-15T16:54:30Z
2026-08-15T16:54:08Z,2026-08-15T18:54:08+0200,abd343d7-ea94-491b-9c8b-f5aa6e5cfd1f,2026-07-26T16:00:00Z,2026-07-26T18:00:00+0200,1718.125,MW,BE,BE,forecast_onshore_wind_generation,Wind Onshore,2026-08-15T16:54:30Z
2026-08-15T16:54:08Z,2026-08-15T18:54:08+0200,abd343d7-ea94-491b-9c8b-f5aa6e5cfd1f,2026-07-26T17:00:00Z,2026-07-26T19:00:00+0200,1550.75,MW,BE,BE,forecast_onshore_wind_generation,Wind Onshore,2026-08-15T16:54:30Z
2026-08-15T16:54:08Z,2026-08-15T18:54:08+0200,abd343d7-ea94-491b-9c8b-f5aa6e5cfd1f,2026-07-26T18:00:00Z,2026-07-26T20:00:00+0200,1338.225,MW,BE,BE,forecast_onshore_wind_generation,Wind Onshore,2026-08-15T16:54:30Z
2026-08-15T16:54:08Z,2026-08-15T18:54:08+0200,abd343d7-ea94-491b-9c8b-f5aa6e5cfd1f,2026-07-26T19:00:00Z,2026-07-26T21:00:00+0200,1157.35,MW,BE,BE,forecast_onshore_wind_generation,Wind Onshore,2026-08-15T16:54:30Z
2026-08-15T16:54:08Z,2026-08-15T18:54:08+0200,abd343d7-ea94-491b-9c8b-f5aa6e5cfd1f,2026-07-26T20:00:00Z,2026-07-26T22:00:00+0200,1018.925,MW,BE,BE,forecast_onshore_wind_generation,Wind Onshore,2026-08-15T16:54:30Z
2026-08-15T16:54:08Z,2026-08-15T18:54:08+0200,abd343d7-ea94-491b-9c8b-f5aa6e5cfd1f,2026-07-26T21:00:00Z,2026-07-26T23:00:00+0200,920.575,MW,BE,BE,forecast_onshore_wind_generation,Wind Onshore,2026-08-15T16:54:30Z
2026-08-15T16:54:08Z,2026-08-15T18:54:08+0200,abd343d7-ea94-491b-9c8b-f5aa6e5cfd1f,2026-07-26T22:00:00Z,2026-07-27T00:00:00+0200,793.875,MW,BE,BE,forecast_onshore_wind_generation,Wind Onshore,2026-08-15T16:54:30Z
2026-08-15T16:54:08Z,2026-08-15T18:54:08+0200,abd343d7-ea94-491b-9c8b-f5aa6e5cfd1f,2026-07-26T23:00:00Z,2026-07-27T01:00:00+0200,745.05,MW,BE,BE,forecast_onshore_wind_generation,Wind Onshore,2026-08-15T16:54:30Z
2026-08-15T16:54:08Z,2026-08-15T18:54:08+0200,abd343d7-ea94-491b-9c8b-f5aa6e5cfd1f,2026-07-27T00:00:00Z,2026-07-27T02:00:00+0200,722.075,MW,BE,BE,forecast_onshore_wind_generation,Wind Onshore,2026-08-15T16:54:30Z
2026-08-15T16:54:08Z,2026-08-15T18:54:08+0200,abd343d7-ea94-491b-9c8b-f5aa6e5cfd1f,2026-07-27T01:00:00Z,2026-07-27T03:00:00+0200,711.525,MW,BE,BE,forecast_onshore_wind_generation,Wind Onshore,2026-08-15T16:54:30Z
2026-08-15T16:54:08Z,2026-08-15T18:54:08+0200,abd343d7-ea94-491b-9c8b-f5aa6e5cfd1f,2026-07-27T02:00:00Z,2026-07-27T04:00:00+0200,666.55,MW,BE,BE,forecast_onshore_wind_generation,Wind Onshore,2026-08-15T16:54:30Z
2026-08-15T16:54:08Z,2026-08-15T18:54:08+0200,abd343d7-ea94-491b-9c8b-f5aa6e5cfd1f,2026-07-27T03:00:00Z,2026-07-27T05:00:00+0200,598.7,MW,BE,BE,forecast_onshore_wind_generation,Wind Onshore,2026-08-15T16:54:30Z
2026-08-15T16:54:08Z,2026-08-15T18:54:08+0200,abd343d7-ea94-491b-9c8b-f5aa6e5cfd1f,2026-07-27T04:00:00Z,2026-07-27T06:00:00+0200,542.65,MW,BE,BE,forecast_onshore_wind_generation,Wind Onshore,2026-08-15T16:54:30Z
2026-08-15T16:54:08Z,2026-08-15T18:54:08+0200,abd343d7-ea94-491b-9c8b-f5aa6e5cfd1f,2026-07-27T05:00:00Z,2026-07-27T07:00:00+0200,492.075,MW,BE,BE,forecast_onshore_wind_generation,Wind Onshore,2026-08-15T16:54:30Z
2026-08-15T16:54:08Z,2026-08-15T18:54:08+0200,abd343d7-ea94-491b-9c8b-f5aa6e5cfd1f,2026-07-27T06:00:00Z,2026-07-27T08:00:00+0200,480.35,MW,BE,BE,forecast_onshore_wind_generation,Wind Onshore,2026-08-15T16:54:30Z
2026-08-15T16:54:08Z,2026-08-15T18:54:08+0200,abd343d7-ea94-491b-9c8b-f5aa6e5cfd1f,2026-07-27T07:00:00Z,2026-07-27T09:00:00+0200,521.175,MW,BE,BE,forecast_onshore_wind_generation,Wind Onshore,2026-08-15T16:54:30Z
2026-08-15T16:54:08Z,2026-08-15T18:54:08+0200,abd343d7-ea94-491b-9c8b-f5aa6e5cfd1f,2026-07-27T08:00:00Z,2026-07-27T10:00:00+0200,575.225,MW,BE,BE,forecast_onshore_wind_generation,Wind Onshore,2026-08-15T16:54:30Z
2026-08-15T16:54:08Z,2026-08-15T18:54:08+0200,abd343d7-ea94-491b-9c8b-f5aa6e5cfd1f,2026-07-27T09:00:00Z,2026-07-27T11:00:00+0200,645.3,MW,BE,BE,forecast_onshore_wind_generation,Wind Onshore,2026-08-15T16:54:30Z
2026-08-15T16:54:08Z,2026-08-15T18:54:08+0200,abd343d7-ea94-491b-9c8b-f5aa6e5cfd1f,2026-07-27T10:00:00Z,2026-07-27T12:00:00+0200,693.025,MW,BE,BE,forecast_onshore_wind_generation,Wind Onshore,2026-08-15T16:54:30Z
2026-08-15T16:54:08Z,2026-08-15T18:54:08+0200,abd343d7-ea94-491b-9c8b-f5aa6e5cfd1f,2026-07-27T11:00:00Z,2026-07-27T13:00:00+0200,712.525,MW,BE,BE,forecast_onshore_wind_generation,Wind Onshore,2026-08-15T16:54:30Z
2026-08-15T16:54:08Z,2026-08-15T18:54:08+0200,abd343d7-ea94-491b-9c8b-f5aa6e5cfd1f,2026-07-27T12:00:00Z,2026-07-27T14:00:00+0200,722.95,MW,BE,BE,forecast_onshore_wind_generation,Wind Onshore,2026-08-15T16:54:30Z
2026-08-15T16:54:08Z,2026-08-15T18:54:08+0200,abd343d7-ea94-491b-9c8b-f5aa6e5cfd1f,2026-07-27T13:00:00Z,2026-07-27T15:00:00+0200,710.175,MW,BE,BE,forecast_onshore_wind_generation,Wind Onshore,2026-08-15T16:54:30Z
2026-08-15T16:54:08Z,2026-08-15T18:54:08+0200,abd343d7-ea94-491b-9c8b-f5aa6e5cfd1f,2026-07-27T14:00:00Z,2026-07-27T16:00:00+0200,659.025,MW,BE,BE,forecast_onshore_wind_generation,Wind Onshore,2026-08-15T16:54:30Z
2026-08-15T16:54:08Z,2026-08-15T18:54:08+0200,abd343d7-ea94-491b-9c8b-f5aa6e5cfd1f,2026-07-27T15:00:00Z,2026-07-27T17:00:00+0200,581.825,MW,BE,BE,forecast_onshore_wind_generation,Wind Onshore,2026-08-15T16:54:30Z
2026-08-15T16:54:08Z,2026-08-15T18:54:08+0200,abd343d7-ea94-491b-9c8b-f5aa6e5cfd1f,2026-07-27T16:00:00Z,2026-07-27T18:00:00+0200,481.25,MW,BE,BE,forecast_onshore_wind_generation,Wind Onshore,2026-08-15T16:54:30Z
2026-08-15T16:54:08Z,2026-08-15T18:54:08+0200,abd343d7-ea94-491b-9c8b-f5aa6e5cfd1f,2026-07-27T17:00:00Z,2026-07-27T19:00:00+0200,363.55,MW,BE,BE,forecast_onshore_wind_generation,Wind Onshore,2026-08-15T16:54:30Z
2026-08-15T16:54:08Z,2026-08-15T18:54:08+0200,abd343d7-ea94-491b-9c8b-f5aa6e5cfd1f,2026-07-27T18:00:00Z,2026-07-27T20:00:00+0200,235.75,MW,BE,BE,forecast_onshore_wind_generation,Wind Onshore,2026-08-15T16:54:30Z
2026-08-15T16:54:08Z,2026-08-15T18:54:08+0200,abd343d7-ea94-491b-9c8b-f5aa6e5cfd1f,2026-07-27T19:00:00Z,2026-07-27T21:00:00+0200,146.075,MW,BE,BE,forecast_onshore_wind_generation,Wind Onshore,2026-08-15T16:54:30Z
2026-08-15T16:54:08Z,2026-08-15T18:54:08+0200,abd343d7-ea94-491b-9c8b-f5aa6e5cfd1f,2026-07-27T20:00:00Z,2026-07-27T22:00:00+0200,104.125,MW,BE,BE,forecast_onshore_wind_generation,Wind Onshore,2026-08-15T16:54:30Z
2026-08-15T16:54:08Z,2026-08-15T18:54:08+0200,abd343d7-ea94-491b-9c8b-f5aa6e5cfd1f,2026-07-27T21:00:00Z,2026-07-27T23:00:00+0200,103.35,MW,BE,BE,forecast_onshore_wind_generation,Wind Onshore,2026-08-15T16:54:30Z
2026-08-15T16:54:08Z,2026-08-15T18:54:08+0200,abd343d7-ea94-491b-9c8b-f5aa6e5cfd1f,2026-07-27T22:00:00Z,2026-07-28T00:00:00+0200,145.375,MW,BE,BE,forecast_onshore_wind_generation,Wind Onshore,2026-08-15T16:54:30Z
2026-08-15T16:54:08Z,2026-08-15T18:54:08+0200,abd343d7-ea94-491b-9c8b-f5aa6e5cfd1f,2026-07-27T23:00:00Z,2026-07-28T01:00:00+0200,201.025,MW,BE,BE,forecast_onshore_wind_generation,Wind Onshore,2026-08-15T16:54:30Z
2026-08-15T16:54:08Z,2026-08-15T18:54:08+0200,abd343d7-ea94-491b-9c8b-f5aa6e5cfd1f,2026-07-28T00:00:00Z,2026-07-28T02:00:00+0200,288.425,MW,BE,BE,forecast_onshore_wind_generation,Wind Onshore,2026-08-15T16:54:30Z
2026-08-15T16:54:08Z,2026-08-15T18:54:08+0200,abd343d7-ea94-491b-9c8b-f5aa6e5cfd1f,2026-07-28T01:00:00Z,2026-07-28T03:00:00+0200,387.3,MW,BE,BE,forecast_onshore_wind_generation,Wind Onshore,2026-08-15T16:54:30Z
2026-08-15T16:54:08Z,2026-08-15T18:54:08+0200,abd343d7-ea94-491b-9c8b-f5aa6e5cfd1f,2026-07-28T02:00:00Z,2026-07-28T04:00:00+0200,428.925,MW,BE,BE,forecast_onshore_wind_generation,Wind Onshore,2026-08-15T16:54:30Z
2026-08-15T16:54:08Z,2026-08-15T18:54:08+0200,abd343d7-ea94-491b-9c8b-f5aa6e5cfd1f,2026-07-28T03:00:00Z,2026-07-28T05:00:00+0200,398.85,MW,BE,BE,forecast_onshore_wind_generation,Wind Onshore,2026-08-15T16:54:30Z
2026-08-15T16:54:08Z,2026-08-15T18:54:08+0200,abd343d7-ea94-491b-9c8b-f5aa6e5cfd1f,2026-07-28T04:00:00Z,2026-07-28T06:00:00+0200,342.95,MW,BE,BE,forecast_onshore_wind_generation,Wind Onshore,2026-08-15T16:54:30Z
2026-08-15T16:54:08Z,2026-08-15T18:54:08+0200,abd343d7-ea94-491b-9c8b-f5aa6e5cfd1f,2026-07-28T05:00:00Z,2026-07-28T07:00:00+0200,303.825,MW,BE,BE,forecast_onshore_wind_generation,Wind Onshore,2026-08-15T16:54:30Z
2026-08-15T16:54:08Z,2026-08-15T18:54:08+0200,abd343d7-ea94-491b-9c8b-f5aa6e5cfd1f,2026-07-28T06:00:00Z,2026-07-28T08:00:00+0200,203.45,MW,BE,BE,forecast_onshore_wind_generation,Wind Onshore,2026-08-15T16:54:30Z
2026-08-15T16:54:08Z,2026-08-15T18:54:08+0200,abd343d7-ea94-491b-9c8b-f5aa6e5cfd1f,2026-07-28T07:00:00Z,2026-07-28T09:00:00+0200,113.35,MW,BE,BE,forecast_onshore_wind_generation,Wind Onshore,2026-08-15T16:54:30Z
2026-08-15T16:54:08Z,2026-08-15T18:54:08+0200,abd343d7-ea94-491b-9c8b-f5aa6e5cfd1f,2026-07-28T08:00:00Z,2026-07-28T10:00:00+0200,105.175,MW,BE,BE,forecast_onshore_wind_generation,Wind Onshore,2026-08-15T16:54:30Z
2026-08-15T16:54:08Z,2026-08-15T18:54:08+0200,abd343d7-ea94-491b-9c8b-f5aa6e5cfd1f,2026-07-28T09:00:00Z,2026-07-28T11:00:00+0200,114.85,MW,BE,BE,forecast_onshore_wind_generation,Wind Onshore,2026-08-15T16:54:30Z
2026-08-15T16:54:08Z,2026-08-15T18:54:08+0200,abd343d7-ea94-491b-9c8b-f5aa6e5cfd1f,2026-07-28T10:00:00Z,2026-07-28T12:00:00+0200,100.65,MW,BE,BE,forecast_onshore_wind_generation,Wind Onshore,2026-08-15T16:54:30Z
2026-08-15T16:54:08Z,2026-08-15T18:54:08+0200,abd343d7-ea94-491b-9c8b-f5aa6e5cfd1f,2026-07-28T11:00:00Z,2026-07-28T13:00:00+0200,71.55,MW,BE,BE,forecast_onshore_wind_generation,Wind Onshore,2026-08-15T16:54:30Z
2026-08-15T16:54:08Z,2026-08-15T18:54:08+0200,abd343d7-ea94-491b-9c8b-f5aa6e5cfd1f,2026-07-28T12:00:00Z,2026-07-28T14:00:00+0200,42.35,MW,BE,BE,forecast_onshore_wind_generation,Wind Onshore,2026-08-15T16:54:30Z
2026-08-15T16:54:08Z,2026-08-15T18:54:08+0200,abd343d7-ea94-491b-9c8b-f5aa6e5cfd1f,2026-07-28T13:00:00Z,2026-07-28T15:00:00+0200,23.55,MW,BE,BE,forecast_onshore_wind_generation,Wind Onshore,2026-08-15T16:54:30Z
2026-08-15T16:54:08Z,2026-08-15T18:54:08+0200,abd343d7-ea94-491b-9c8b-f5aa6e5cfd1f,2026-07-28T14:00:00Z,2026-07-28T16:00:00+0200,16.95,MW,BE,BE,forecast_onshore_wind_generation,Wind Onshore,2026-08-15T16:54:30Z
2026-08-15T16:54:08Z,2026-08-15T18:54:08+0200,abd343d7-ea94-491b-9c8b-f5aa6e5cfd1f,2026-07-28T15:00:00Z,2026-07-28T17:00:00+0200,17.925,MW,BE,BE,forecast_onshore_wind_generation,Wind Onshore,2026-08-15T16:54:30Z
2026-08-15T16:54:08Z,2026-08-15T18:54:08+0200,abd343d7-ea94-491b-9c8b-f5aa6e5cfd1f,2026-07-28T16:00:00Z,2026-07-28T18:00:00+0200,15.8,MW,BE,BE,forecast_onshore_wind_generation,Wind Onshore,2026-08-15T16:54:30Z
2026-08-15T16:54:08Z,2026-08-15T18:54:08+0200,abd343d7-ea94-491b-9c8b-f5aa6e5cfd1f,2026-07-28T17:00:00Z,2026-07-28T19:00:00+0200,20.075,MW,BE,BE,forecast_onshore_wind_generation,Wind Onshore,2026-08-15T16:54:30Z
2026-08-15T16:54:08Z,2026-08-15T18:54:08+0200,abd343d7-ea94-491b-9c8b-f5aa6e5cfd1f,2026-07-28T18:00:00Z,2026-07-28T20:00:00+0200,42.825,MW,BE,BE,forecast_onshore_wind_generation,Wind Onshore,2026-08-15T16:54:30Z
2026-08-15T16:54:08Z,2026-08-15T18:54:08+0200,abd343d7-ea94-491b-9c8b-f5aa6e5cfd1f,2026-07-28T19:00:00Z,2026-07-28T21:00:00+0200,111.1,MW,BE,BE,forecast_onshore_wind_generation,Wind Onshore,2026-08-15T16:54:30Z
2026-08-15T16:54:08Z,2026-08-15T18:54:08+0200,abd343d7-ea94-491b-9c8b-f5aa6e5cfd1f,2026-07-28T20:00:00Z,2026-07-28T22:00:00+0200,222.325,MW,BE,BE,forecast_onshore_wind_generation,Wind Onshore,2026-08-15T16:54:30Z
2026-08-15T16:54:08Z,2026-08-15T18:54:08+0200,abd343d7-ea94-491b-9c8b-f5aa6e5cfd1f,2026-07-28T21:00:00Z,2026-07-28T23:00:00+0200,337.25,MW,BE,BE,forecast_onshore_wind_generation,Wind Onshore,2026-08-15T16:54:30Z
2026-08-15T16:54:08Z,2026-08-15T18:54:08+0200,abd343d7-ea94-491b-9c8b-f5aa6e5cfd1f,2026-07-28T22:00:00Z,2026-07-29T00:00:00+0200,235.125,MW,BE,BE,forecast_onshore_wind_generation,Wind Onshore,2026-08-15T16:54:30Z
2026-08-15T16:54:08Z,2026-08-15T18:54:08+0200,abd343d7-ea94-491b-9c8b-f5aa6e5cfd1f,2026-07-28T23:00:00Z,2026-07-29T01:00:00+0200,219.25,MW,BE,BE,forecast_onshore_wind_generation,Wind Onshore,2026-08-15T16:54:30Z
2026-08-15T16:54:08Z,2026-08-15T18:54:08+0200,abd343d7-ea94-491b-9c8b-f5aa6e5cfd1f,2026-07-29T00:00:00Z,2026-07-29T02:00:00+0200,199.2,MW,BE,BE,forecast_onshore_wind_generation,Wind Onshore,2026-08-15T16:54:30Z
2026-08-15T16:54:08Z,2026-08-15T18:54:08+0200,abd343d7-ea94-491b-9c8b-f5aa6e5cfd1f,2026-07-29T01:00:00Z,2026-07-29T03:00:00+0200,168.425,MW,BE,BE,forecast_onshore_wind_generation,Wind Onshore,2026-08-15T16:54:30Z
2026-08-15T16:54:08Z,2026-08-15T18:54:08+0200,abd343d7-ea94-491b-9c8b-f5aa6e5cfd1f,2026-07-29T02:00:00Z,2026-07-29T04:00:00+0200,148.125,MW,BE,BE,forecast_onshore_wind_generation,Wind Onshore,2026-08-15T16:54:30Z
2026-08-15T16:54:08Z,2026-08-15T18:54:08+0200,abd343d7-ea94-491b-9c8b-f5aa6e5cfd1f,2026-07-29T03:00:00Z,2026-07-29T05:00:00+0200,149.225,MW,BE,BE,forecast_onshore_wind_generation,Wind Onshore,2026-08-15T16:54:30Z
2026-08-15T16:54:08Z,2026-08-15T18:54:08+0200,abd343d7-ea94-491b-9c8b-f5aa6e5cfd1f,2026-07-29T04:00:00Z,2026-07-29T06:00:00+0200,160.275,MW,BE,BE,forecast_onshore_wind_generation,Wind Onshore,2026-08-15T16:54:30Z
2026-08-15T16:54:08Z,2026-08-15T18:54:08+0200,abd343d7-ea94-491b-9c8b-f5aa6e5cfd1f,2026-07-29T05:00:00Z,2026-07-29T07:00:00+0200,168.95,MW,BE,BE,forecast_onshore_wind_generation,Wind Onshore,2026-08-15T16:54:30Z
2026-08-15T16:54:08Z,2026-08-15T18:54:08+0200,abd343d7-ea94-491b-9c8b-f5aa6e5cfd1f,2026-07-29T06:00:00Z,2026-07-29T08:00:00+0200,154.175,MW,BE,BE,forecast_onshore_wind_generation,Wind Onshore,2026-08-15T16:54:30Z
2026-08-15T16:54:08Z,2026-08-15T18:54:08+0200,abd343d7-ea94-491b-9c8b-f5aa6e5cfd1f,2026-07-29T07:00:00Z,2026-07-29T09:00:00+0200,65.175,MW,BE,BE,forecast_onshore_wind_generation,Wind Onshore,2026-08-15T16:54:30Z
2026-08-15T16:54:08Z,2026-08-15T18:54:08+0200,abd343d7-ea94-491b-9c8b-f5aa6e5cfd1f,2026-07-29T08:00:00Z,2026-07-29T10:00:00+0200,15.45,MW,BE,BE,forecast_onshore_wind_generation,Wind Onshore,2026-08-15T16:54:30Z
2026-08-15T16:54:08Z,2026-08-15T18:54:08+0200,abd343d7-ea94-491b-9c8b-f5aa6e5cfd1f,2026-07-29T09:00:00Z,2026-07-29T11:00:00+0200,8.499999,MW,BE,BE,forecast_onshore_wind_generation,Wind Onshore,2026-08-15T16:54:30Z
2026-08-15T16:54:08Z,2026-08-15T18:54:08+0200,abd343d7-ea94-491b-9c8b-f5aa6e5cfd1f,2026-07-29T10:00:00Z,2026-07-29T12:00:00+0200,11.85,MW,BE,BE,forecast_onshore_wind_generation,Wind Onshore,2026-08-15T16:54:30Z
2026-08-15T16:54:08Z,2026-08-15T18:54:08+0200,abd343d7-ea94-491b-9c8b-f5aa6e5cfd1f,2026-07-29T11:00:00Z,2026-07-29T13:00:00+0200,17.4,MW,BE,BE,forecast_onshore_wind_generation,Wind Onshore,2026-08-15T16:54:30Z
2026-08-15T16:54:08Z,2026-08-15T18:54:08+0200,abd343d7-ea94-491b-9c8b-f5aa6e5cfd1f,2026-07-29T12:00:00Z,2026-07-29T14:00:00+0200,35.3,MW,BE,BE,forecast_onshore_wind_generation,Wind Onshore,2026-08-15T16:54:30Z
2026-08-15T16:54:08Z,2026-08-15T18:54:08+0200,abd343d7-ea94-491b-9c8b-f5aa6e5cfd1f,2026-07-29T13:00:00Z,2026-07-29T15:00:00+0200,70.025,MW,BE,BE,forecast_onshore_wind_generation,Wind Onshore,2026-08-15T16:54:30Z
2026-08-15T16:54:08Z,2026-08-15T18:54:08+0200,abd343d7-ea94-491b-9c8b-f5aa6e5cfd1f,2026-07-29T14:00:00Z,2026-07-29T16:00:00+0200,116.475,MW,BE,BE,forecast_onshore_wind_generation,Wind Onshore,2026-08-15T16:54:30Z
2026-08-15T16:54:08Z,2026-08-15T18:54:08+0200,abd343d7-ea94-491b-9c8b-f5aa6e5cfd1f,2026-07-29T15:00:00Z,2026-07-29T17:00:00+0200,161.025,MW,BE,BE,forecast_onshore_wind_generation,Wind Onshore,2026-08-15T16:54:30Z
2026-08-15T16:54:08Z,2026-08-15T18:54:08+0200,abd343d7-ea94-491b-9c8b-f5aa6e5cfd1f,2026-07-29T16:00:00Z,2026-07-29T18:00:00+0200,189.075,MW,BE,BE,forecast_onshore_wind_generation,Wind Onshore,2026-08-15T16:54:30Z
2026-08-15T16:54:08Z,2026-08-15T18:54:08+0200,abd343d7-ea94-491b-9c8b-f5aa6e5cfd1f,2026-07-29T17:00:00Z,2026-07-29T19:00:00+0200,187.775,MW,BE,BE,forecast_onshore_wind_generation,Wind Onshore,2026-08-15T16:54:30Z
2026-08-15T16:54:08Z,2026-08-15T18:54:08+0200,abd343d7-ea94-491b-9c8b-f5aa6e5cfd1f,2026-07-29T18:00:00Z,2026-07-29T20:00:00+0200,203.675,MW,BE,BE,forecast_onshore_wind_generation,Wind Onshore,2026-08-15T16:54:30Z
2026-08-15T16:54:08Z,2026-08-15T18:54:08+0200,abd343d7-ea94-491b-9c8b-f5aa6e5cfd1f,2026-07-29T19:00:00Z,2026-07-29T21:00:00+0200,288.625,MW,BE,BE,forecast_onshore_wind_generation,Wind Onshore,2026-08-15T16:54:30Z
2026-08-15T16:54:08Z,2026-08-15T18:54:08+0200,abd343d7-ea94-491b-9c8b-f5aa6e5cfd1f,2026-07-29T20:00:00Z,2026-07-29T22:00:00+0200,410.8,MW,BE,BE,forecast_onshore_wind_generation,Wind Onshore,2026-08-15T16:54:30Z
2026-08-15T16:54:08Z,2026-08-15T18:54:08+0200,abd343d7-ea94-491b-9c8b-f5aa6e5cfd1f,2026-07-29T21:00:00Z,2026-07-29T23:00:00+0200,505.225,MW,BE,BE,forecast_onshore_wind_generation,Wind Onshore,2026-08-15T16:54:30Z
2026-08-15T16:54:08Z,2026-08-15T18:54:08+0200,abd343d7-ea94-491b-9c8b-f5aa6e5cfd1f,2026-07-29T22:00:00Z,2026-07-30T00:00:00+0200,565.125,MW,BE,BE,forecast_onshore_wind_generation,Wind Onshore,2026-08-15T16:54:30Z
2026-08-15T16:54:08Z,2026-08-15T18:54:08+0200,abd343d7-ea94-491b-9c8b-f5aa6e5cfd1f,2026-07-29T23:00:00Z,2026-07-30T01:00:00+0200,538.05,MW,BE,BE,forecast_onshore_wind_generation,Wind Onshore,2026-08-15T16:54:30Z
2026-08-15T16:54:08Z,2026-08-15T18:54:08+0200,abd343d7-ea94-491b-9c8b-f5aa6e5cfd1f,2026-07-30T00:00:00Z,2026-07-30T02:00:00+0200,460.125,MW,BE,BE,forecast_onshore_wind_generation,Wind Onshore,2026-08-15T16:54:30Z
2026-08-15T16:54:08Z,2026-08-15T18:54:08+0200,abd343d7-ea94-491b-9c8b-f5aa6e5cfd1f,2026-07-30T01:00:00Z,2026-07-30T03:00:00+0200,413.05,MW,BE,BE,forecast_onshore_wind_generation,Wind Onshore,2026-08-15T16:54:30Z
2026-08-15T16:54:08Z,2026-08-15T18:54:08+0200,abd343d7-ea94-491b-9c8b-f5aa6e5cfd1f,2026-07-30T02:00:00Z,2026-07-30T04:00:00+0200,403.375,MW,BE,BE,forecast_onshore_wind_generation,Wind Onshore,2026-08-15T16:54:30Z
2026-08-15T16:54:08Z,2026-08-15T18:54:08+0200,abd343d7-ea94-491b-9c8b-f5aa6e5cfd1f,2026-07-30T03:00:00Z,2026-07-30T05:00:00+0200,407.125,MW,BE,BE,forecast_onshore_wind_generation,Wind Onshore,2026-08-15T16:54:30Z
2026-08-15T16:54:08Z,2026-08-15T18:54:08+0200,abd343d7-ea94-491b-9c8b-f5aa6e5cfd1f,2026-07-30T04:00:00Z,2026-07-30T06:00:00+0200,370.25,MW,BE,BE,forecast_onshore_wind_generation,Wind Onshore,2026-08-15T16:54:30Z
2026-08-15T16:54:08Z,2026-08-15T18:54:08+0200,abd343d7-ea94-491b-9c8b-f5aa6e5cfd1f,2026-07-30T05:00:00Z,2026-07-30T07:00:00+0200,309.3,MW,BE,BE,forecast_onshore_wind_generation,Wind Onshore,2026-08-15T16:54:30Z
2026-08-15T16:54:08Z,2026-08-15T18:54:08+0200,abd343d7-ea94-491b-9c8b-f5aa6e5cfd1f,2026-07-30T06:00:00Z,2026-07-30T08:00:00+0200,236.15,MW,BE,BE,forecast_onshore_wind_generation,Wind Onshore,2026-08-15T16:54:30Z
2026-08-15T16:54:08Z,2026-08-15T18:54:08+0200,abd343d7-ea94-491b-9c8b-f5aa6e5cfd1f,2026-07-30T07:00:00Z,2026-07-30T09:00:00+0200,161.425,MW,BE,BE,forecast_onshore_wind_generation,Wind Onshore,2026-08-15T16:54:30Z
2026-08-15T16:54:08Z,2026-08-15T18:54:08+0200,abd343d7-ea94-491b-9c8b-f5aa6e5cfd1f,2026-07-30T08:00:00Z,2026-07-30T10:00:00+0200,171.775,MW,BE,BE,forecast_onshore_wind_generation,Wind Onshore,2026-08-15T16:54:30Z
2026-08-15T16:54:08Z,2026-08-15T18:54:08+0200,abd343d7-ea94-491b-9c8b-f5aa6e5cfd1f,2026-07-30T09:00:00Z,2026-07-30T11:00:00+0200,276.525,MW,BE,BE,forecast_onshore_wind_generation,Wind Onshore,2026-08-15T16:54:30Z
2026-08-15T16:54:08Z,2026-08-15T18:54:08+0200,abd343d7-ea94-491b-9c8b-f5aa6e5cfd1f,2026-07-30T10:00:00Z,2026-07-30T12:00:00+0200,398.425,MW,BE,BE,forecast_onshore_wind_generation,Wind Onshore,2026-08-15T16:54:30Z
2026-08-15T16:54:08Z,2026-08-15T18:54:08+0200,abd343d7-ea94-491b-9c8b-f5aa6e5cfd1f,2026-07-30T11:00:00Z,2026-07-30T13:00:00+0200,518.0,MW,BE,BE,forecast_onshore_wind_generation,Wind Onshore,2026-08-15T16:54:30Z
2026-08-15T16:54:08Z,2026-08-15T18:54:08+0200,abd343d7-ea94-491b-9c8b-f5aa6e5cfd1f,2026-07-30T12:00:00Z,2026-07-30T14:00:00+0200,522.4,MW,BE,BE,forecast_onshore_wind_generation,Wind Onshore,2026-08-15T16:54:30Z
2026-08-15T16:54:08Z,2026-08-15T18:54:08+0200,abd343d7-ea94-491b-9c8b-f5aa6e5cfd1f,2026-07-30T13:00:00Z,2026-07-30T15:00:00+0200,400.375,MW,BE,BE,forecast_onshore_wind_generation,Wind Onshore,2026-08-15T16:54:30Z
2026-08-15T16:54:08Z,2026-08-15T18:54:08+0200,abd343d7-ea94-491b-9c8b-f5aa6e5cfd1f,2026-07-30T14:00:00Z,2026-07-30T16:00:00+0200,291.325,MW,BE,BE,forecast_onshore_wind_generation,Wind Onshore,2026-08-15T16:54:30Z
2026-08-15T16:54:08Z,2026-08-15T18:54:08+0200,abd343d7-ea94-491b-9c8b-f5aa6e5cfd1f,2026-07-30T15:00:00Z,2026-07-30T17:00:00+0200,234.35,MW,BE,BE,forecast_onshore_wind_generation,Wind Onshore,2026-08-15T16:54:30Z
2026-08-15T16:54:08Z,2026-08-15T18:54:08+0200,abd343d7-ea94-491b-9c8b-f5aa6e5cfd1f,2026-07-30T16:00:00Z,2026-07-30T18:00:00+0200,194.05,MW,BE,BE,forecast_onshore_wind_generation,Wind Onshore,2026-08-15T16:54:30Z
2026-08-15T16:54:08Z,2026-08-15T18:54:08+0200,abd343d7-ea94-491b-9c8b-f5aa6e5cfd1f,2026-07-30T17:00:00Z,2026-07-30T19:00:00+0200,177.05,MW,BE,BE,forecast_onshore_wind_generation,Wind Onshore,2026-08-15T16:54:30Z
2026-08-15T16:54:08Z,2026-08-15T18:54:08+0200,abd343d7-ea94-491b-9c8b-f5aa6e5cfd1f,2026-07-30T18:00:00Z,2026-07-30T20:00:00+0200,152.025,MW,BE,BE,forecast_onshore_wind_generation,Wind Onshore,2026-08-15T16:54:30Z
2026-08-15T16:54:08Z,2026-08-15T18:54:08+0200,abd343d7-ea94-491b-9c8b-f5aa6e5cfd1f,2026-07-30T19:00:00Z,2026-07-30T21:00:00+0200,139.25,MW,BE,BE,forecast_onshore_wind_generation,Wind Onshore,2026-08-15T16:54:30Z
2026-08-15T16:54:08Z,2026-08-15T18:54:08+0200,abd343d7-ea94-491b-9c8b-f5aa6e5cfd1f,2026-07-30T20:00:00Z,2026-07-30T22:00:00+0200,149.075,MW,BE,BE,forecast_onshore_wind_generation,Wind Onshore,2026-08-15T16:54:30Z
2026-08-15T16:54:08Z,2026-08-15T18:54:08+0200,abd343d7-ea94-491b-9c8b-f5aa6e5cfd1f,2026-07-30T21:00:00Z,2026-07-30T23:00:00+0200,154.475,MW,BE,BE,forecast_onshore_wind_generation,Wind Onshore,2026-08-15T16:54:30Z
2026-08-15T16:54:08Z,2026-08-15T18:54:08+0200,abd343d7-ea94-491b-9c8b-f5aa6e5cfd1f,2026-07-30T22:00:00Z,2026-07-31T00:00:00+0200,104.4,MW,BE,BE,forecast_onshore_wind_generation,Wind Onshore,2026-08-15T16:54:30Z
2026-08-15T16:54:08Z,2026-08-15T18:54:08+0200,abd343d7-ea94-491b-9c8b-f5aa6e5cfd1f,2026-07-30T23:00:00Z,2026-07-31T01:00:00+0200,102.825,MW,BE,BE,forecast_onshore_wind_generation,Wind Onshore,2026-08-15T16:54:30Z
2026-08-15T16:54:08Z,2026-08-15T18:54:08+0200,abd343d7-ea94-491b-9c8b-f5aa6e5cfd1f,2026-07-31T00:00:00Z,2026-07-31T02:00:00+0200,109.9,MW,BE,BE,forecast_onshore_wind_generation,Wind Onshore,2026-08-15T16:54:30Z
2026-08-15T16:54:08Z,2026-08-15T18:54:08+0200,abd343d7-ea94-491b-9c8b-f5aa6e5cfd1f,2026-07-31T01:00:00Z,2026-07-31T03:00:00+0200,122.6,MW,BE,BE,forecast_onshore_wind_generation,Wind Onshore,2026-08-15T16:54:30Z
2026-08-15T16:54:08Z,2026-08-15T18:54:08+0200,abd343d7-ea94-491b-9c8b-f5aa6e5cfd1f,2026-07-31T02:00:00Z,2026-07-31T04:00:00+0200,131.825,MW,BE,BE,forecast_onshore_wind_generation,Wind Onshore,2026-08-15T16:54:30Z
2026-08-15T16:54:08Z,2026-08-15T18:54:08+0200,abd343d7-ea94-491b-9c8b-f5aa6e5cfd1f,2026-07-31T03:00:00Z,2026-07-31T05:00:00+0200,147.85,MW,BE,BE,forecast_onshore_wind_generation,Wind Onshore,2026-08-15T16:54:30Z
2026-08-15T16:54:08Z,2026-08-15T18:54:08+0200,abd343d7-ea94-491b-9c8b-f5aa6e5cfd1f,2026-07-31T04:00:00Z,2026-07-31T06:00:00+0200,170.375,MW,BE,BE,forecast_onshore_wind_generation,Wind Onshore,2026-08-15T16:54:30Z
2026-08-15T16:54:08Z,2026-08-15T18:54:08+0200,abd343d7-ea94-491b-9c8b-f5aa6e5cfd1f,2026-07-31T05:00:00Z,2026-07-31T07:00:00+0200,164.825,MW,BE,BE,forecast_onshore_wind_generation,Wind Onshore,2026-08-15T16:54:30Z
2026-08-15T16:54:08Z,2026-08-15T18:54:08+0200,abd343d7-ea94-491b-9c8b-f5aa6e5cfd1f,2026-07-31T06:00:00Z,2026-07-31T08:00:00+0200,142.825,MW,BE,BE,forecast_onshore_wind_generation,Wind Onshore,2026-08-15T16:54:30Z
2026-08-15T16:54:08Z,2026-08-15T18:54:08+0200,abd343d7-ea94-491b-9c8b-f5aa6e5cfd1f,2026-07-31T07:00:00Z,2026-07-31T09:00:00+0200,137.025,MW,BE,BE,forecast_onshore_wind_generation,Wind Onshore,2026-08-15T16:54:30Z
2026-08-15T16:54:08Z,2026-08-15T18:54:08+0200,abd343d7-ea94-491b-9c8b-f5aa6e5cfd1f,2026-07-31T08:00:00Z,2026-07-31T10:00:00+0200,159.95,MW,BE,BE,forecast_onshore_wind_generation,Wind Onshore,2026-08-15T16:54:30Z
2026-08-15T16:54:08Z,2026-08-15T18:54:08+0200,abd343d7-ea94-491b-9c8b-f5aa6e5cfd1f,2026-07-31T09:00:00Z,2026-07-31T11:00:00+0200,198.725,MW,BE,BE,forecast_onshore_wind_generation,Wind Onshore,2026-08-15T16:54:30Z
2026-08-15T16:54:08Z,2026-08-15T18:54:08+0200,abd343d7-ea94-491b-9c8b-f5aa6e5cfd1f,2026-07-31T10:00:00Z,2026-07-31T12:00:00+0200,229.35,MW,BE,BE,forecast_onshore_wind_generation,Wind Onshore,2026-08-15T16:54:30Z
2026-08-15T16:54:08Z,2026-08-15T18:54:08+0200,abd343d7-ea94-491b-9c8b-f5aa6e5cfd1f,2026-07-31T11:00:00Z,2026-07-31T13:00:00+0200,281.2,MW,BE,BE,forecast_onshore_wind_generation,Wind Onshore,2026-08-15T16:54:30Z
2026-08-15T16:54:08Z,2026-08-15T18:54:08+0200,abd343d7-ea94-491b-9c8b-f5aa6e5cfd1f,2026-07-31T12:00:00Z,2026-07-31T14:00:00+0200,349.725,MW,BE,BE,forecast_onshore_wind_generation,Wind Onshore,2026-08-15T16:54:30Z
2026-08-15T16:54:08Z,2026-08-15T18:54:08+0200,abd343d7-ea94-491b-9c8b-f5aa6e5cfd1f,2026-07-31T13:00:00Z,2026-07-31T15:00:00+0200,414.3,MW,BE,BE,forecast_onshore_wind_generation,Wind Onshore,2026-08-15T16:54:30Z
2026-08-15T16:54:08Z,2026-08-15T18:54:08+0200,abd343d7-ea94-491b-9c8b-f5aa6e5cfd1f,2026-07-31T14:00:00Z,2026-07-31T16:00:00+0200,452.725,MW,BE,BE,forecast_onshore_wind_generation,Wind Onshore,2026-08-15T16:54:30Z
2026-08-15T16:54:08Z,2026-08-15T18:54:08+0200,abd343d7-ea94-491b-9c8b-f5aa6e5cfd1f,2026-07-31T15:00:00Z,2026-07-31T17:00:00+0200,465.75,MW,BE,BE,forecast_onshore_wind_generation,Wind Onshore,2026-08-15T16:54:30Z
2026-08-15T16:54:08Z,2026-08-15T18:54:08+0200,abd343d7-ea94-491b-9c8b-f5aa6e5cfd1f,2026-07-31T16:00:00Z,2026-07-31T18:00:00+0200,489.2,MW,BE,BE,forecast_onshore_wind_generation,Wind Onshore,2026-08-15T16:54:30Z
2026-08-15T16:54:08Z,2026-08-15T18:54:08+0200,abd343d7-ea94-491b-9c8b-f5aa6e5cfd1f,2026-07-31T17:00:00Z,2026-07-31T19:00:00+0200,522.65,MW,BE,BE,forecast_onshore_wind_generation,Wind Onshore,2026-08-15T16:54:30Z
2026-08-15T16:54:08Z,2026-08-15T18:54:08+0200,abd343d7-ea94-491b-9c8b-f5aa6e5cfd1f,2026-07-31T18:00:00Z,2026-07-31T20:00:00+0200,524.125,MW,BE,BE,forecast_onshore_wind_generation,Wind Onshore,2026-08-15T16:54:30Z
2026-08-15T16:54:08Z,2026-08-15T18:54:08+0200,abd343d7-ea94-491b-9c8b-f5aa6e5cfd1f,2026-07-31T19:00:00Z,2026-07-31T21:00:00+0200,512.475,MW,BE,BE,forecast_onshore_wind_generation,Wind Onshore,2026-08-15T16:54:30Z
2026-08-15T16:54:08Z,2026-08-15T18:54:08+0200,abd343d7-ea94-491b-9c8b-f5aa6e5cfd1f,2026-07-31T20:00:00Z,2026-07-31T22:00:00+0200,473.25,MW,BE,BE,forecast_onshore_wind_generation,Wind Onshore,2026-08-15T16:54:30Z
2026-08-15T16:54:08Z,2026-08-15T18:54:08+0200,abd343d7-ea94-491b-9c8b-f5aa6e5cfd1f,2026-07-31T21:00:00Z,2026-07-31T23:00:00+0200,414.475,MW,BE,BE,forecast_onshore_wind_generation,Wind Onshore,2026-08-15T16:54:30Z
2026-08-15T16:54:08Z,2026-08-15T18:54:08+0200,abd343d7-ea94-491b-9c8b-f5aa6e5cfd1f,2026-07-31T22:00:00Z,2026-08-01T00:00:00+0200,360.725,MW,BE,BE,forecast_onshore_wind_generation,Wind Onshore,2026-08-15T16:54:30Z
2026-08-15T16:54:08Z,2026-08-15T18:54:08+0200,abd343d7-ea94-491b-9c8b-f5aa6e5cfd1f,2026-07-31T23:00:00Z,2026-08-01T01:00:00+0200,288.125,MW,BE,BE,forecast_onshore_wind_generation,Wind Onshore,2026-08-15T16:54:30Z
2026-08-15T16:54:08Z,2026-08-15T18:54:08+0200,abd343d7-ea94-491b-9c8b-f5aa6e5cfd1f,2026-08-01T00:00:00Z,2026-08-01T02:00:00+0200,247.825,MW,BE,BE,forecast_onshore_wind_generation,Wind Onshore,2026-08-15T16:54:30Z
2026-08-15T16:54:08Z,2026-08-15T18:54:08+0200,abd343d7-ea94-491b-9c8b-f5aa6e5cfd1f,2026-08-01T01:00:00Z,2026-08-01T03:00:00+0200,219.45,MW,BE,BE,forecast_onshore_wind_generation,Wind Onshore,2026-08-15T16:54:30Z
2026-08-15T16:54:08Z,2026-08-15T18:54:08+0200,abd343d7-ea94-491b-9c8b-f5aa6e5cfd1f,2026-08-01T02:00:00Z,2026-08-01T04:00:00+0200,180.8,MW,BE,BE,forecast_onshore_wind_generation,Wind Onshore,2026-08-15T16:54:30Z
2026-08-15T16:54:08Z,2026-08-15T18:54:08+0200,abd343d7-ea94-491b-9c8b-f5aa6e5cfd1f,2026-08-01T03:00:00Z,2026-08-01T05:00:00+0200,138.025,MW,BE,BE,forecast_onshore_wind_generation,Wind Onshore,2026-08-15T16:54:30Z
2026-08-15T16:54:08Z,2026-08-15T18:54:08+0200,abd343d7-ea94-491b-9c8b-f5aa6e5cfd1f,2026-08-01T04:00:00Z,2026-08-01T06:00:00+0200,106.75,MW,BE,BE,forecast_onshore_wind_generation,Wind Onshore,2026-08-15T16:54:30Z
2026-08-15T16:54:08Z,2026-08-15T18:54:08+0200,abd343d7-ea94-491b-9c8b-f5aa6e5cfd1f,2026-08-01T05:00:00Z,2026-08-01T07:00:00+0200,64.45,MW,BE,BE,forecast_onshore_wind_generation,Wind Onshore,2026-08-15T16:54:30Z
2026-08-15T16:54:08Z,2026-08-15T18:54:08+0200,abd343d7-ea94-491b-9c8b-f5aa6e5cfd1f,2026-08-01T06:00:00Z,2026-08-01T08:00:00+0200,23.5,MW,BE,BE,forecast_onshore_wind_generation,Wind Onshore,2026-08-15T16:54:30Z
2026-08-15T16:54:08Z,2026-08-15T18:54:08+0200,abd343d7-ea94-491b-9c8b-f5aa6e5cfd1f,2026-08-01T07:00:00Z,2026-08-01T09:00:00+0200,20.45,MW,BE,BE,forecast_onshore_wind_generation,Wind Onshore,2026-08-15T16:54:30Z
2026-08-15T16:54:08Z,2026-08-15T18:54:08+0200,abd343d7-ea94-491b-9c8b-f5aa6e5cfd1f,2026-08-01T08:00:00Z,2026-08-01T10:00:00+0200,29.475,MW,BE,BE,forecast_onshore_wind_generation,Wind Onshore,2026-08-15T16:54:30Z
2026-08-15T16:54:08Z,2026-08-15T18:54:08+0200,abd343d7-ea94-491b-9c8b-f5aa6e5cfd1f,2026-08-01T09:00:00Z,2026-08-01T11:00:00+0200,33.0,MW,BE,BE,forecast_onshore_wind_generation,Wind Onshore,2026-08-15T16:54:30Z
2026-08-15T16:54:08Z,2026-08-15T18:54:08+0200,abd343d7-ea94-491b-9c8b-f5aa6e5cfd1f,2026-08-01T10:00:00Z,2026-08-01T12:00:00+0200,26.7,MW,BE,BE,forecast_onshore_wind_generation,Wind Onshore,2026-08-15T16:54:30Z
2026-08-15T16:54:08Z,2026-08-15T18:54:08+0200,abd343d7-ea94-491b-9c8b-f5aa6e5cfd1f,2026-08-01T11:00:00Z,2026-08-01T13:00:00+0200,23.3,MW,BE,BE,forecast_onshore_wind_generation,Wind Onshore,2026-08-15T16:54:30Z
2026-08-15T16:54:08Z,2026-08-15T18:54:08+0200,abd343d7-ea94-491b-9c8b-f5aa6e5cfd1f,2026-08-01T12:00:00Z,2026-08-01T14:00:00+0200,24.775,MW,BE,BE,forecast_onshore_wind_generation,Wind Onshore,2026-08-15T16:54:30Z
2026-08-15T16:54:08Z,2026-08-15T18:54:08+0200,abd343d7-ea94-491b-9c8b-f5aa6e5cfd1f,2026-08-01T13:00:00Z,2026-08-01T15:00:00+0200,29.325,MW,BE,BE,forecast_onshore_wind_generation,Wind Onshore,2026-08-15T16:54:30Z
2026-08-15T16:54:08Z,2026-08-15T18:54:08+0200,abd343d7-ea94-491b-9c8b-f5aa6e5cfd1f,2026-08-01T14:00:00Z,2026-08-01T16:00:00+0200,42.575,MW,BE,BE,forecast_onshore_wind_generation,Wind Onshore,2026-08-15T16:54:30Z
2026-08-15T16:54:08Z,2026-08-15T18:54:08+0200,abd343d7-ea94-491b-9c8b-f5aa6e5cfd1f,2026-08-01T15:00:00Z,2026-08-01T17:00:00+0200,73.225,MW,BE,BE,forecast_onshore_wind_generation,Wind Onshore,2026-08-15T16:54:30Z
2026-08-15T16:54:08Z,2026-08-15T18:54:08+0200,abd343d7-ea94-491b-9c8b-f5aa6e5cfd1f,2026-08-01T16:00:00Z,2026-08-01T18:00:00+0200,116.825,MW,BE,BE,forecast_onshore_wind_generation,Wind Onshore,2026-08-15T16:54:30Z
2026-08-15T16:54:08Z,2026-08-15T18:54:08+0200,abd343d7-ea94-491b-9c8b-f5aa6e5cfd1f,2026-08-01T17:00:00Z,2026-08-01T19:00:00+0200,178.25,MW,BE,BE,forecast_onshore_wind_generation,Wind Onshore,2026-08-15T16:54:30Z
2026-08-15T16:54:08Z,2026-08-15T18:54:08+0200,abd343d7-ea94-491b-9c8b-f5aa6e5cfd1f,2026-08-01T18:00:00Z,2026-08-01T20:00:00+0200,269.825,MW,BE,BE,forecast_onshore_wind_generation,Wind Onshore,2026-08-15T16:54:30Z
2026-08-15T16:54:08Z,2026-08-15T18:54:08+0200,abd343d7-ea94-491b-9c8b-f5aa6e5cfd1f,2026-08-01T19:00:00Z,2026-08-01T21:00:00+0200,368.3,MW,BE,BE,forecast_onshore_wind_generation,Wind Onshore,2026-08-15T16:54:30Z
2026-08-15T16:54:08Z,2026-08-15T18:54:08+0200,abd343d7-ea94-491b-9c8b-f5aa6e5cfd1f,2026-08-01T20:00:00Z,2026-08-01T22:00:00+0200,424.9,MW,BE,BE,forecast_onshore_wind_generation,Wind Onshore,2026-08-15T16:54:30Z
2026-08-15T16:54:08Z,2026-08-15T18:54:08+0200,abd343d7-ea94-491b-9c8b-f5aa6e5cfd1f,2026-08-01T21:00:00Z,2026-08-01T23:00:00+0200,449.15,MW,BE,BE,forecast_onshore_wind_generation,Wind Onshore,2026-08-15T16:54:30Z
2026-08-15T16:54:08Z,2026-08-15T18:54:08+0200,abd343d7-ea94-491b-9c8b-f5aa6e5cfd1f,2026-08-01T22:00:00Z,2026-08-02T00:00:00+0200,469.375,MW,BE,BE,forecast_onshore_wind_generation,Wind Onshore,2026-08-15T16:54:30Z
2026-08-15T16:54:08Z,2026-08-15T18:54:08+0200,abd343d7-ea94-491b-9c8b-f5aa6e5cfd1f,2026-08-01T23:00:00Z,2026-08-02T01:00:00+0200,486.15,MW,BE,BE,forecast_onshore_wind_generation,Wind Onshore,2026-08-15T16:54:30Z
2026-08-15T16:54:08Z,2026-08-15T18:54:08+0200,abd343d7-ea94-491b-9c8b-f5aa6e5cfd1f,2026-08-02T00:00:00Z,2026-08-02T02:00:00+0200,491.475,MW,BE,BE,forecast_onshore_wind_generation,Wind Onshore,2026-08-15T16:54:30Z
2026-08-15T16:54:08Z,2026-08-15T18:54:08+0200,abd343d7-ea94-491b-9c8b-f5aa6e5cfd1f,2026-08-02T01:00:00Z,2026-08-02T03:00:00+0200,479.875,MW,BE,BE,forecast_onshore_wind_generation,Wind Onshore,2026-08-15T16:54:30Z
2026-08-15T16:54:08Z,2026-08-15T18:54:08+0200,abd343d7-ea94-491b-9c8b-f5aa6e5cfd1f,2026-08-02T02:00:00Z,2026-08-02T04:00:00+0200,456.925,MW,BE,BE,forecast_onshore_wind_generation,Wind Onshore,2026-08-15T16:54:30Z
2026-08-15T16:54:08Z,2026-08-15T18:54:08+0200,abd343d7-ea94-491b-9c8b-f5aa6e5cfd1f,2026-08-02T03:00:00Z,2026-08-02T05:00:00+0200,430.3,MW,BE,BE,forecast_onshore_wind_generation,Wind Onshore,2026-08-15T16:54:30Z
2026-08-15T16:54:08Z,2026-08-15T18:54:08+0200,abd343d7-ea94-491b-9c8b-f5aa6e5cfd1f,2026-08-02T04:00:00Z,2026-08-02T06:00:00+0200,413.425,MW,BE,BE,forecast_onshore_wind_generation,Wind Onshore,2026-08-15T16:54:30Z
2026-08-15T16:54:08Z,2026-08-15T18:54:08+0200,abd343d7-ea94-491b-9c8b-f5aa6e5cfd1f,2026-08-02T05:00:00Z,2026-08-02T07:00:00+0200,404.125,MW,BE,BE,forecast_onshore_wind_generation,Wind Onshore,2026-08-15T16:54:30Z
2026-08-15T16:54:08Z,2026-08-15T18:54:08+0200,abd343d7-ea94-491b-9c8b-f5aa6e5cfd1f,2026-08-02T06:00:00Z,2026-08-02T08:00:00+0200,300.175,MW,BE,BE,forecast_onshore_wind_generation,Wind Onshore,2026-08-15T16:54:30Z
2026-08-15T16:54:08Z,2026-08-15T18:54:08+0200,abd343d7-ea94-491b-9c8b-f5aa6e5cfd1f,2026-08-02T07:00:00Z,2026-08-02T09:00:00+0200,178.15,MW,BE,BE,forecast_onshore_wind_generation,Wind Onshore,2026-08-15T16:54:30Z
2026-08-15T16:54:08Z,2026-08-15T18:54:08+0200,abd343d7-ea94-491b-9c8b-f5aa6e5cfd1f,2026-08-02T08:00:00Z,2026-08-02T10:00:00+0200,181.425,MW,BE,BE,forecast_onshore_wind_generation,Wind Onshore,2026-08-15T16:54:30Z
2026-08-15T16:54:08Z,2026-08-15T18:54:08+0200,abd343d7-ea94-491b-9c8b-f5aa6e5cfd1f,2026-08-02T09:00:00Z,2026-08-02T11:00:00+0200,293.225,MW,BE,BE,forecast_onshore_wind_generation,Wind Onshore,2026-08-15T16:54:30Z
2026-08-15T16:54:08Z,2026-08-15T18:54:08+0200,abd343d7-ea94-491b-9c8b-f5aa6e5cfd1f,2026-08-02T10:00:00Z,2026-08-02T12:00:00+0200,362.0,MW,BE,BE,forecast_onshore_wind_generation,Wind Onshore,2026-08-15T16:54:30Z
2026-08-15T16:54:08Z,2026-08-15T18:54:08+0200,abd343d7-ea94-491b-9c8b-f5aa6e5cfd1f,2026-08-02T11:00:00Z,2026-08-02T13:00:00+0200,331.275,MW,BE,BE,forecast_onshore_wind_generation,Wind Onshore,2026-08-15T16:54:30Z
2026-08-15T16:54:08Z,2026-08-15T18:54:08+0200,abd343d7-ea94-491b-9c8b-f5aa6e5cfd1f,2026-08-02T12:00:00Z,2026-08-02T14:00:00+0200,284.775,MW,BE,BE,forecast_onshore_wind_generation,Wind Onshore,2026-08-15T16:54:30Z
2026-08-15T16:54:08Z,2026-08-15T18:54:08+0200,abd343d7-ea94-491b-9c8b-f5aa6e5cfd1f,2026-08-02T13:00:00Z,2026-08-02T15:00:00+0200,263.925,MW,BE,BE,forecast_onshore_wind_generation,Wind Onshore,2026-08-15T16:54:30Z
2026-08-15T16:54:08Z,2026-08-15T18:54:08+0200,abd343d7-ea94-491b-9c8b-f5aa6e5cfd1f,2026-08-02T14:00:00Z,2026-08-02T16:00:00+0200,281.3,MW,BE,BE,forecast_onshore_wind_generation,Wind Onshore,2026-08-15T16:54:30Z
2026-08-15T16:54:08Z,2026-08-15T18:54:08+0200,abd343d7-ea94-491b-9c8b-f5aa6e5cfd1f,2026-08-02T15:00:00Z,2026-08-02T17:00:00+0200,327.8,MW,BE,BE,forecast_onshore_wind_generation,Wind Onshore,2026-08-15T16:54:30Z
2026-08-15T16:54:08Z,2026-08-15T18:54:08+0200,abd343d7-ea94-491b-9c8b-f5aa6e5cfd1f,2026-08-02T16:00:00Z,2026-08-02T18:00:00+0200,405.9,MW,BE,BE,forecast_onshore_wind_generation,Wind Onshore,2026-08-15T16:54:30Z
2026-08-15T16:54:08Z,2026-08-15T18:54:08+0200,abd343d7-ea94-491b-9c8b-f5aa6e5cfd1f,2026-08-02T17:00:00Z,2026-08-02T19:00:00+0200,524.525,MW,BE,BE,forecast_onshore_wind_generation,Wind Onshore,2026-08-15T16:54:30Z
2026-08-15T16:54:08Z,2026-08-15T18:54:08+0200,abd343d7-ea94-491b-9c8b-f5aa6e5cfd1f,2026-08-02T18:00:00Z,2026-08-02T20:00:00+0200,678.725,MW,BE,BE,forecast_onshore_wind_generation,Wind Onshore,2026-08-15T16:54:30Z
2026-08-15T16:54:08Z,2026-08-15T18:54:08+0200,abd343d7-ea94-491b-9c8b-f5aa6e5cfd1f,2026-08-02T19:00:00Z,2026-08-02T21:00:00+0200,833.15,MW,BE,BE,forecast_onshore_wind_generation,Wind Onshore,2026-08-15T16:54:30Z
2026-08-15T16:54:08Z,2026-08-15T18:54:08+0200,abd343d7-ea94-491b-9c8b-f5aa6e5cfd1f,2026-08-02T20:00:00Z,2026-08-02T22:00:00+0200,912.45,MW,BE,BE,forecast_onshore_wind_generation,Wind Onshore,2026-08-15T16:54:30Z
2026-08-15T16:54:08Z,2026-08-15T18:54:08+0200,abd343d7-ea94-491b-9c8b-f5aa6e5cfd1f,2026-08-02T21:00:00Z,2026-08-02T23:00:00+0200,911.25,MW,BE,BE,forecast_onshore_wind_generation,Wind Onshore,2026-08-15T16:54:30Z
2026-08-15T16:54:08Z,2026-08-15T18:54:08+0200,abd343d7-ea94-491b-9c8b-f5aa6e5cfd1f,2026-08-02T22:00:00Z,2026-08-03T00:00:00+0200,861.85,MW,BE,BE,forecast_onshore_wind_generation,Wind Onshore,2026-08-15T16:54:30Z
2026-08-15T16:54:08Z,2026-08-15T18:54:08+0200,abd343d7-ea94-491b-9c8b-f5aa6e5cfd1f,2026-08-02T23:00:00Z,2026-08-03T01:00:00+0200,786.775,MW,BE,BE,forecast_onshore_wind_generation,Wind Onshore,2026-08-15T16:54:30Z
2026-08-15T16:54:08Z,2026-08-15T18:54:08+0200,abd343d7-ea94-491b-9c8b-f5aa6e5cfd1f,2026-08-03T00:00:00Z,2026-08-03T02:00:00+0200,691.175,MW,BE,BE,forecast_onshore_wind_generation,Wind Onshore,2026-08-15T16:54:30Z
2026-08-15T16:54:08Z,2026-08-15T18:54:08+0200,abd343d7-ea94-491b-9c8b-f5aa6e5cfd1f,2026-08-03T01:00:00Z,2026-08-03T03:00:00+0200,603.65,MW,BE,BE,forecast_onshore_wind_generation,Wind Onshore,2026-08-15T16:54:30Z
2026-08-15T16:54:08Z,2026-08-15T18:54:08+0200,abd343d7-ea94-491b-9c8b-f5aa6e5cfd1f,2026-08-03T02:00:00Z,2026-08-03T04:00:00+0200,528.95,MW,BE,BE,forecast_onshore_wind_generation,Wind Onshore,2026-08-15T16:54:30Z
2026-08-15T16:54:08Z,2026-08-15T18:54:08+0200,abd343d7-ea94-491b-9c8b-f5aa6e5cfd1f,2026-08-03T03:00:00Z,2026-08-03T05:00:00+0200,464.5,MW,BE,BE,forecast_onshore_wind_generation,Wind Onshore,2026-08-15T16:54:30Z
2026-08-15T16:54:08Z,2026-08-15T18:54:08+0200,abd343d7-ea94-491b-9c8b-f5aa6e5cfd1f,2026-08-03T04:00:00Z,2026-08-03T06:00:00+0200,411.95,MW,BE,BE,forecast_onshore_wind_generation,Wind Onshore,2026-08-15T16:54:30Z
2026-08-15T16:54:08Z,2026-08-15T18:54:08+0200,abd343d7-ea94-491b-9c8b-f5aa6e5cfd1f,2026-08-03T05:00:00Z,2026-08-03T07:00:00+0200,357.1,MW,BE,BE,forecast_onshore_wind_generation,Wind Onshore,2026-08-15T16:54:30Z
2026-08-15T16:54:08Z,2026-08-15T18:54:08+0200,abd343d7-ea94-491b-9c8b-f5aa6e5cfd1f,2026-08-03T06:00:00Z,2026-08-03T08:00:00+0200,235.225,MW,BE,BE,forecast_onshore_wind_generation,Wind Onshore,2026-08-15T16:54:30Z
2026-08-15T16:54:08Z,2026-08-15T18:54:08+0200,abd343d7-ea94-491b-9c8b-f5aa6e5cfd1f,2026-08-03T07:00:00Z,2026-08-03T09:00:00+0200,112.1,MW,BE,BE,forecast_onshore_wind_generation,Wind Onshore,2026-08-15T16:54:30Z
2026-08-15T16:54:08Z,2026-08-15T18:54:08+0200,abd343d7-ea94-491b-9c8b-f5aa6e5cfd1f,2026-08-03T08:00:00Z,2026-08-03T10:00:00+0200,55.325,MW,BE,BE,forecast_onshore_wind_generation,Wind Onshore,2026-08-15T16:54:30Z
2026-08-15T16:54:08Z,2026-08-15T18:54:08+0200,abd343d7-ea94-491b-9c8b-f5aa6e5cfd1f,2026-08-03T09:00:00Z,2026-08-03T11:00:00+0200,35.7,MW,BE,BE,forecast_onshore_wind_generation,Wind Onshore,2026-08-15T16:54:30Z
2026-08-15T16:54:08Z,2026-08-15T18:54:08+0200,abd343d7-ea94-491b-9c8b-f5aa6e5cfd1f,2026-08-03T10:00:00Z,2026-08-03T12:00:00+0200,29.175,MW,BE,BE,forecast_onshore_wind_generation,Wind Onshore,2026-08-15T16:54:30Z
2026-08-15T16:54:08Z,2026-08-15T18:54:08+0200,abd343d7-ea94-491b-9c8b-f5aa6e5cfd1f,2026-08-03T11:00:00Z,2026-08-03T13:00:00+0200,28.225,MW,BE,BE,forecast_onshore_wind_generation,Wind Onshore,2026-08-15T16:54:30Z
2026-08-15T16:54:08Z,2026-08-15T18:54:08+0200,abd343d7-ea94-491b-9c8b-f5aa6e5cfd1f,2026-08-03T12:00:00Z,2026-08-03T14:00:00+0200,38.7,MW,BE,BE,forecast_onshore_wind_generation,Wind Onshore,2026-08-15T16:54:30Z
2026-08-15T16:54:08Z,2026-08-15T18:54:08+0200,abd343d7-ea94-491b-9c8b-f5aa6e5cfd1f,2026-08-03T13:00:00Z,2026-08-03T15:00:00+0200,58.575,MW,BE,BE,forecast_onshore_wind_generation,Wind Onshore,2026-08-15T16:54:30Z
2026-08-15T16:54:08Z,2026-08-15T18:54:08+0200,abd343d7-ea94-491b-9c8b-f5aa6e5cfd1f,2026-08-03T14:00:00Z,2026-08-03T16:00:00+0200,91.274999,MW,BE,BE,forecast_onshore_wind_generation,Wind Onshore,2026-08-15T16:54:30Z
2026-08-15T16:54:08Z,2026-08-15T18:54:08+0200,abd343d7-ea94-491b-9c8b-f5aa6e5cfd1f,2026-08-03T15:00:00Z,2026-08-03T17:00:00+0200,123.525,MW,BE,BE,forecast_onshore_wind_generation,Wind Onshore,2026-08-15T16:54:30Z
2026-08-15T16:54:08Z,2026-08-15T18:54:08+0200,abd343d7-ea94-491b-9c8b-f5aa6e5cfd1f,2026-08-03T16:00:00Z,2026-08-03T18:00:00+0200,200.0,MW,BE,BE,forecast_onshore_wind_generation,Wind Onshore,2026-08-15T16:54:30Z
2026-08-15T16:54:08Z,2026-08-15T18:54:08+0200,abd343d7-ea94-491b-9c8b-f5aa6e5cfd1f,2026-08-03T17:00:00Z,2026-08-03T19:00:00+0200,277.65,MW,BE,BE,forecast_onshore_wind_generation,Wind Onshore,2026-08-15T16:54:30Z
2026-08-15T16:54:08Z,2026-08-15T18:54:08+0200,abd343d7-ea94-491b-9c8b-f5aa6e5cfd1f,2026-08-03T18:00:00Z,2026-08-03T20:00:00+0200,247.625,MW,BE,BE,forecast_onshore_wind_generation,Wind Onshore,2026-08-15T16:54:30Z
2026-08-15T16:54:08Z,2026-08-15T18:54:08+0200,abd343d7-ea94-491b-9c8b-f5aa6e5cfd1f,2026-08-03T19:00:00Z,2026-08-03T21:00:00+0200,160.725,MW,BE,BE,forecast_onshore_wind_generation,Wind Onshore,2026-08-15T16:54:30Z
2026-08-15T16:54:08Z,2026-08-15T18:54:08+0200,abd343d7-ea94-491b-9c8b-f5aa6e5cfd1f,2026-08-03T20:00:00Z,2026-08-03T22:00:00+0200,169.775,MW,BE,BE,forecast_onshore_wind_generation,Wind Onshore,2026-08-15T16:54:30Z
2026-08-15T16:54:08Z,2026-08-15T18:54:08+0200,abd343d7-ea94-491b-9c8b-f5aa6e5cfd1f,2026-08-03T21:00:00Z,2026-08-03T23:00:00+0200,203.45,MW,BE,BE,forecast_onshore_wind_generation,Wind Onshore,2026-08-15T16:54:30Z
2026-08-15T16:54:08Z,2026-08-15T18:54:08+0200,abd343d7-ea94-491b-9c8b-f5aa6e5cfd1f,2026-08-03T22:00:00Z,2026-08-04T00:00:00+0200,297.675,MW,BE,BE,forecast_onshore_wind_generation,Wind Onshore,2026-08-15T16:54:30Z
2026-08-15T16:54:08Z,2026-08-15T18:54:08+0200,abd343d7-ea94-491b-9c8b-f5aa6e5cfd1f,2026-08-03T23:00:00Z,2026-08-04T01:00:00+0200,292.275,MW,BE,BE,forecast_onshore_wind_generation,Wind Onshore,2026-08-15T16:54:30Z
2026-08-15T16:54:08Z,2026-08-15T18:54:08+0200,abd343d7-ea94-491b-9c8b-f5aa6e5cfd1f,2026-08-04T00:00:00Z,2026-08-04T02:00:00+0200,305.5,MW,BE,BE,forecast_onshore_wind_generation,Wind Onshore,2026-08-15T16:54:30Z
2026-08-15T16:54:08Z,2026-08-15T18:54:08+0200,abd343d7-ea94-491b-9c8b-f5aa6e5cfd1f,2026-08-04T01:00:00Z,2026-08-04T03:00:00+0200,350.425,MW,BE,BE,forecast_onshore_wind_generation,Wind Onshore,2026-08-15T16:54:30Z
2026-08-15T16:54:08Z,2026-08-15T18:54:08+0200,abd343d7-ea94-491b-9c8b-f5aa6e5cfd1f,2026-08-04T02:00:00Z,2026-08-04T04:00:00+0200,374.25,MW,BE,BE,forecast_onshore_wind_generation,Wind Onshore,2026-08-15T16:54:30Z
2026-08-15T16:54:08Z,2026-08-15T18:54:08+0200,abd343d7-ea94-491b-9c8b-f5aa6e5cfd1f,2026-08-04T03:00:00Z,2026-08-04T05:00:00+0200,380.55,MW,BE,BE,forecast_onshore_wind_generation,Wind Onshore,2026-08-15T16:54:30Z
2026-08-15T16:54:08Z,2026-08-15T18:54:08+0200,abd343d7-ea94-491b-9c8b-f5aa6e5cfd1f,2026-08-04T04:00:00Z,2026-08-04T06:00:00+0200,397.85,MW,BE,BE,forecast_onshore_wind_generation,Wind Onshore,2026-08-15T16:54:30Z
2026-08-15T16:54:08Z,2026-08-15T18:54:08+0200,abd343d7-ea94-491b-9c8b-f5aa6e5cfd1f,2026-08-04T05:00:00Z,2026-08-04T07:00:00+0200,411.4,MW,BE,BE,forecast_onshore_wind_generation,Wind Onshore,2026-08-15T16:54:30Z
2026-08-15T16:54:08Z,2026-08-15T18:54:08+0200,abd343d7-ea94-491b-9c8b-f5aa6e5cfd1f,2026-08-04T06:00:00Z,2026-08-04T08:00:00+0200,343.7,MW,BE,BE,forecast_onshore_wind_generation,Wind Onshore,2026-08-15T16:54:30Z
2026-08-15T16:54:08Z,2026-08-15T18:54:08+0200,abd343d7-ea94-491b-9c8b-f5aa6e5cfd1f,2026-08-04T07:00:00Z,2026-08-04T09:00:00+0200,246.85,MW,BE,BE,forecast_onshore_wind_generation,Wind Onshore,2026-08-15T16:54:30Z
2026-08-15T16:54:08Z,2026-08-15T18:54:08+0200,abd343d7-ea94-491b-9c8b-f5aa6e5cfd1f,2026-08-04T08:00:00Z,2026-08-04T10:00:00+0200,225.825,MW,BE,BE,forecast_onshore_wind_generation,Wind Onshore,2026-08-15T16:54:30Z
2026-08-15T16:54:08Z,2026-08-15T18:54:08+0200,abd343d7-ea94-491b-9c8b-f5aa6e5cfd1f,2026-08-04T09:00:00Z,2026-08-04T11:00:00+0200,267.75,MW,BE,BE,forecast_onshore_wind_generation,Wind Onshore,2026-08-15T16:54:30Z
2026-08-15T16:54:08Z,2026-08-15T18:54:08+0200,abd343d7-ea94-491b-9c8b-f5aa6e5cfd1f,2026-08-04T10:00:00Z,2026-08-04T12:00:00+0200,360.275,MW,BE,BE,forecast_onshore_wind_generation,Wind Onshore,2026-08-15T16:54:30Z
2026-08-15T16:54:08Z,2026-08-15T18:54:08+0200,abd343d7-ea94-491b-9c8b-f5aa6e5cfd1f,2026-08-04T11:00:00Z,2026-08-04T13:00:00+0200,502.025,MW,BE,BE,forecast_onshore_wind_generation,Wind Onshore,2026-08-15T16:54:30Z
2026-08-15T16:54:08Z,2026-08-15T18:54:08+0200,abd343d7-ea94-491b-9c8b-f5aa6e5cfd1f,2026-08-04T12:00:00Z,2026-08-04T14:00:00+0200,660.35,MW,BE,BE,forecast_onshore_wind_generation,Wind Onshore,2026-08-15T16:54:30Z
2026-08-15T16:54:08Z,2026-08-15T18:54:08+0200,abd343d7-ea94-491b-9c8b-f5aa6e5cfd1f,2026-08-04T13:00:00Z,2026-08-04T15:00:00+0200,633.725,MW,BE,BE,forecast_onshore_wind_generation,Wind Onshore,2026-08-15T16:54:30Z
2026-08-15T16:54:08Z,2026-08-15T18:54:08+0200,abd343d7-ea94-491b-9c8b-f5aa6e5cfd1f,2026-08-04T14:00:00Z,2026-08-04T16:00:00+0200,487.2,MW,BE,BE,forecast_onshore_wind_generation,Wind Onshore,2026-08-15T16:54:30Z
2026-08-15T16:54:08Z,2026-08-15T18:54:08+0200,abd343d7-ea94-491b-9c8b-f5aa6e5cfd1f,2026-08-04T15:00:00Z,2026-08-04T17:00:00+0200,433.95,MW,BE,BE,forecast_onshore_wind_generation,Wind Onshore,2026-08-15T16:54:30Z
2026-08-15T16:54:08Z,2026-08-15T18:54:08+0200,abd343d7-ea94-491b-9c8b-f5aa6e5cfd1f,2026-08-04T16:00:00Z,2026-08-04T18:00:00+0200,422.125,MW,BE,BE,forecast_onshore_wind_generation,Wind Onshore,2026-08-15T16:54:30Z
2026-08-15T16:54:08Z,2026-08-15T18:54:08+0200,abd343d7-ea94-491b-9c8b-f5aa6e5cfd1f,2026-08-04T17:00:00Z,2026-08-04T19:00:00+0200,408.925,MW,BE,BE,forecast_onshore_wind_generation,Wind Onshore,2026-08-15T16:54:30Z
2026-08-15T16:54:08Z,2026-08-15T18:54:08+0200,abd343d7-ea94-491b-9c8b-f5aa6e5cfd1f,2026-08-04T18:00:00Z,2026-08-04T20:00:00+0200,385.125,MW,BE,BE,forecast_onshore_wind_generation,Wind Onshore,2026-08-15T16:54:30Z
2026-08-15T16:54:08Z,2026-08-15T18:54:08+0200,abd343d7-ea94-491b-9c8b-f5aa6e5cfd1f,2026-08-04T19:00:00Z,2026-08-04T21:00:00+0200,375.025,MW,BE,BE,forecast_onshore_wind_generation,Wind Onshore,2026-08-15T16:54:30Z
2026-08-15T16:54:08Z,2026-08-15T18:54:08+0200,abd343d7-ea94-491b-9c8b-f5aa6e5cfd1f,2026-08-04T20:00:00Z,2026-08-04T22:00:00+0200,378.125,MW,BE,BE,forecast_onshore_wind_generation,Wind Onshore,2026-08-15T16:54:30Z
2026-08-15T16:54:08Z,2026-08-15T18:54:08+0200,abd343d7-ea94-491b-9c8b-f5aa6e5cfd1f,2026-08-04T21:00:00Z,2026-08-04T23:00:00+0200,367.05,MW,BE,BE,forecast_onshore_wind_generation,Wind Onshore,2026-08-15T16:54:30Z
2026-08-15T16:54:08Z,2026-08-15T18:54:08+0200,abd343d7-ea94-491b-9c8b-f5aa6e5cfd1f,2026-08-04T22:00:00Z,2026-08-05T00:00:00+0200,411.05,MW,BE,BE,forecast_onshore_wind_generation,Wind Onshore,2026-08-15T16:54:30Z
2026-08-15T16:54:08Z,2026-08-15T18:54:08+0200,abd343d7-ea94-491b-9c8b-f5aa6e5cfd1f,2026-08-04T23:00:00Z,2026-08-05T01:00:00+0200,413.775,MW,BE,BE,forecast_onshore_wind_generation,Wind Onshore,2026-08-15T16:54:30Z
2026-08-15T16:54:08Z,2026-08-15T18:54:08+0200,abd343d7-ea94-491b-9c8b-f5aa6e5cfd1f,2026-08-05T00:00:00Z,2026-08-05T02:00:00+0200,405.75,MW,BE,BE,forecast_onshore_wind_generation,Wind Onshore,2026-08-15T16:54:30Z
2026-08-15T16:54:08Z,2026-08-15T18:54:08+0200,abd343d7-ea94-491b-9c8b-f5aa6e5cfd1f,2026-08-05T01:00:00Z,2026-08-05T03:00:00+0200,404.25,MW,BE,BE,forecast_onshore_wind_generation,Wind Onshore,2026-08-15T16:54:30Z
2026-08-15T16:54:08Z,2026-08-15T18:54:08+0200,abd343d7-ea94-491b-9c8b-f5aa6e5cfd1f,2026-08-05T02:00:00Z,2026-08-05T04:00:00+0200,406.675,MW,BE,BE,forecast_onshore_wind_generation,Wind Onshore,2026-08-15T16:54:30Z
2026-08-15T16:54:08Z,2026-08-15T18:54:08+0200,abd343d7-ea94-491b-9c8b-f5aa6e5cfd1f,2026-08-05T03:00:00Z,2026-08-05T05:00:00+0200,412.3,MW,BE,BE,forecast_onshore_wind_generation,Wind Onshore,2026-08-15T16:54:30Z
2026-08-15T16:54:08Z,2026-08-15T18:54:08+0200,abd343d7-ea94-491b-9c8b-f5aa6e5cfd1f,2026-08-05T04:00:00Z,2026-08-05T06:00:00+0200,417.075,MW,BE,BE,forecast_onshore_wind_generation,Wind Onshore,2026-08-15T16:54:30Z
2026-08-15T16:54:08Z,2026-08-15T18:54:08+0200,abd343d7-ea94-491b-9c8b-f5aa6e5cfd1f,2026-08-05T05:00:00Z,2026-08-05T07:00:00+0200,408.525,MW,BE,BE,forecast_onshore_wind_generation,Wind Onshore,2026-08-15T16:54:30Z
2026-08-15T16:54:08Z,2026-08-15T18:54:08+0200,abd343d7-ea94-491b-9c8b-f5aa6e5cfd1f,2026-08-05T06:00:00Z,2026-08-05T08:00:00+0200,413.275,MW,BE,BE,forecast_onshore_wind_generation,Wind Onshore,2026-08-15T16:54:30Z
2026-08-15T16:54:08Z,2026-08-15T18:54:08+0200,abd343d7-ea94-491b-9c8b-f5aa6e5cfd1f,2026-08-05T07:00:00Z,2026-08-05T09:00:00+0200,512.325,MW,BE,BE,forecast_onshore_wind_generation,Wind Onshore,2026-08-15T16:54:30Z
2026-08-15T16:54:08Z,2026-08-15T18:54:08+0200,abd343d7-ea94-491b-9c8b-f5aa6e5cfd1f,2026-08-05T08:00:00Z,2026-08-05T10:00:00+0200,731.475,MW,BE,BE,forecast_onshore_wind_generation,Wind Onshore,2026-08-15T16:54:30Z
2026-08-15T16:54:08Z,2026-08-15T18:54:08+0200,abd343d7-ea94-491b-9c8b-f5aa6e5cfd1f,2026-08-05T09:00:00Z,2026-08-05T11:00:00+0200,989.1,MW,BE,BE,forecast_onshore_wind_generation,Wind Onshore,2026-08-15T16:54:30Z
2026-08-15T16:54:08Z,2026-08-15T18:54:08+0200,abd343d7-ea94-491b-9c8b-f5aa6e5cfd1f,2026-08-05T10:00:00Z,2026-08-05T12:00:00+0200,1189.125,MW,BE,BE,forecast_onshore_wind_generation,Wind Onshore,2026-08-15T16:54:30Z
2026-08-15T16:54:08Z,2026-08-15T18:54:08+0200,abd343d7-ea94-491b-9c8b-f5aa6e5cfd1f,2026-08-05T11:00:00Z,2026-08-05T13:00:00+0200,1324.95,MW,BE,BE,forecast_onshore_wind_generation,Wind Onshore,2026-08-15T16:54:30Z
2026-08-15T16:54:08Z,2026-08-15T18:54:08+0200,abd343d7-ea94-491b-9c8b-f5aa6e5cfd1f,2026-08-05T12:00:00Z,2026-08-05T14:00:00+0200,1425.1,MW,BE,BE,forecast_onshore_wind_generation,Wind Onshore,2026-08-15T16:54:30Z
2026-08-15T16:54:08Z,2026-08-15T18:54:08+0200,abd343d7-ea94-491b-9c8b-f5aa6e5cfd1f,2026-08-05T13:00:00Z,2026-08-05T15:00:00+0200,1475.0,MW,BE,BE,forecast_onshore_wind_generation,Wind Onshore,2026-08-15T16:54:30Z
2026-08-15T16:54:08Z,2026-08-15T18:54:08+0200,abd343d7-ea94-491b-9c8b-f5aa6e5cfd1f,2026-08-05T14:00:00Z,2026-08-05T16:00:00+0200,1468.0,MW,BE,BE,forecast_onshore_wind_generation,Wind Onshore,2026-08-15T16:54:30Z
2026-08-15T16:54:08Z,2026-08-15T18:54:08+0200,abd343d7-ea94-491b-9c8b-f5aa6e5cfd1f,2026-08-05T15:00:00Z,2026-08-05T17:00:00+0200,1438.725,MW,BE,BE,forecast_onshore_wind_generation,Wind Onshore,2026-08-15T16:54:30Z
2026-08-15T16:54:08Z,2026-08-15T18:54:08+0200,abd343d7-ea94-491b-9c8b-f5aa6e5cfd1f,2026-08-05T16:00:00Z,2026-08-05T18:00:00+0200,1400.925,MW,BE,BE,forecast_onshore_wind_generation,Wind Onshore,2026-08-15T16:54:30Z
2026-08-15T16:54:08Z,2026-08-15T18:54:08+0200,abd343d7-ea94-491b-9c8b-f5aa6e5cfd1f,2026-08-05T17:00:00Z,2026-08-05T19:00:00+0200,1321.55,MW,BE,BE,forecast_onshore_wind_generation,Wind Onshore,2026-08-15T16:54:30Z
2026-08-15T16:54:08Z,2026-08-15T18:54:08+0200,abd343d7-ea94-491b-9c8b-f5aa6e5cfd1f,2026-08-05T18:00:00Z,2026-08-05T20:00:00+0200,1183.075,MW,BE,BE,forecast_onshore_wind_generation,Wind Onshore,2026-08-15T16:54:30Z
2026-08-15T16:54:08Z,2026-08-15T18:54:08+0200,abd343d7-ea94-491b-9c8b-f5aa6e5cfd1f,2026-08-05T19:00:00Z,2026-08-05T21:00:00+0200,1055.725,MW,BE,BE,forecast_onshore_wind_generation,Wind Onshore,2026-08-15T16:54:30Z
2026-08-15T16:54:08Z,2026-08-15T18:54:08+0200,abd343d7-ea94-491b-9c8b-f5aa6e5cfd1f,2026-08-05T20:00:00Z,2026-08-05T22:00:00+0200,982.875,MW,BE,BE,forecast_onshore_wind_generation,Wind Onshore,2026-08-15T16:54:30Z
2026-08-15T16:54:08Z,2026-08-15T18:54:08+0200,abd343d7-ea94-491b-9c8b-f5aa6e5cfd1f,2026-08-05T21:00:00Z,2026-08-05T23:00:00+0200,919.45,MW,BE,BE,forecast_onshore_wind_generation,Wind Onshore,2026-08-15T16:54:30Z
2026-08-15T16:54:08Z,2026-08-15T18:54:08+0200,abd343d7-ea94-491b-9c8b-f5aa6e5cfd1f,2026-08-05T22:00:00Z,2026-08-06T00:00:00+0200,942.025,MW,BE,BE,forecast_onshore_wind_generation,Wind Onshore,2026-08-15T16:54:30Z
2026-08-15T16:54:08Z,2026-08-15T18:54:08+0200,abd343d7-ea94-491b-9c8b-f5aa6e5cfd1f,2026-08-05T23:00:00Z,2026-08-06T01:00:00+0200,880.15,MW,BE,BE,forecast_onshore_wind_generation,Wind Onshore,2026-08-15T16:54:30Z
2026-08-15T16:54:08Z,2026-08-15T18:54:08+0200,abd343d7-ea94-491b-9c8b-f5aa6e5cfd1f,2026-08-06T00:00:00Z,2026-08-06T02:00:00+0200,828.875,MW,BE,BE,forecast_onshore_wind_generation,Wind Onshore,2026-08-15T16:54:30Z
2026-08-15T16:54:08Z,2026-08-15T18:54:08+0200,abd343d7-ea94-491b-9c8b-f5aa6e5cfd1f,2026-08-06T01:00:00Z,2026-08-06T03:00:00+0200,787.6,MW,BE,BE,forecast_onshore_wind_generation,Wind Onshore,2026-08-15T16:54:30Z
2026-08-15T16:54:08Z,2026-08-15T18:54:08+0200,abd343d7-ea94-491b-9c8b-f5aa6e5cfd1f,2026-08-06T02:00:00Z,2026-08-06T04:00:00+0200,752.75,MW,BE,BE,forecast_onshore_wind_generation,Wind Onshore,2026-08-15T16:54:30Z
2026-08-15T16:54:08Z,2026-08-15T18:54:08+0200,abd343d7-ea94-491b-9c8b-f5aa6e5cfd1f,2026-08-06T03:00:00Z,2026-08-06T05:00:00+0200,723.025,MW,BE,BE,forecast_onshore_wind_generation,Wind Onshore,2026-08-15T16:54:30Z
2026-08-15T16:54:08Z,2026-08-15T18:54:08+0200,abd343d7-ea94-491b-9c8b-f5aa6e5cfd1f,2026-08-06T04:00:00Z,2026-08-06T06:00:00+0200,681.65,MW,BE,BE,forecast_onshore_wind_generation,Wind Onshore,2026-08-15T16:54:30Z
2026-08-15T16:54:08Z,2026-08-15T18:54:08+0200,abd343d7-ea94-491b-9c8b-f5aa6e5cfd1f,2026-08-06T05:00:00Z,2026-08-06T07:00:00+0200,604.675,MW,BE,BE,forecast_onshore_wind_generation,Wind Onshore,2026-08-15T16:54:30Z
2026-08-15T16:54:08Z,2026-08-15T18:54:08+0200,abd343d7-ea94-491b-9c8b-f5aa6e5cfd1f,2026-08-06T06:00:00Z,2026-08-06T08:00:00+0200,492.65,MW,BE,BE,forecast_onshore_wind_generation,Wind Onshore,2026-08-15T16:54:30Z
2026-08-15T16:54:08Z,2026-08-15T18:54:08+0200,abd343d7-ea94-491b-9c8b-f5aa6e5cfd1f,2026-08-06T07:00:00Z,2026-08-06T09:00:00+0200,450.075,MW,BE,BE,forecast_onshore_wind_generation,Wind Onshore,2026-08-15T16:54:30Z
2026-08-15T16:54:08Z,2026-08-15T18:54:08+0200,abd343d7-ea94-491b-9c8b-f5aa6e5cfd1f,2026-08-06T08:00:00Z,2026-08-06T10:00:00+0200,479.625,MW,BE,BE,forecast_onshore_wind_generation,Wind Onshore,2026-08-15T16:54:30Z
2026-08-15T16:54:08Z,2026-08-15T18:54:08+0200,abd343d7-ea94-491b-9c8b-f5aa6e5cfd1f,2026-08-06T09:00:00Z,2026-08-06T11:00:00+0200,524.8,MW,BE,BE,forecast_onshore_wind_generation,Wind Onshore,2026-08-15T16:54:30Z
2026-08-15T16:54:08Z,2026-08-15T18:54:08+0200,abd343d7-ea94-491b-9c8b-f5aa6e5cfd1f,2026-08-06T10:00:00Z,2026-08-06T12:00:00+0200,551.0,MW,BE,BE,forecast_onshore_wind_generation,Wind Onshore,2026-08-15T16:54:30Z
2026-08-15T16:54:08Z,2026-08-15T18:54:08+0200,abd343d7-ea94-491b-9c8b-f5aa6e5cfd1f,2026-08-06T11:00:00Z,2026-08-06T13:00:00+0200,567.225,MW,BE,BE,forecast_onshore_wind_generation,Wind Onshore,2026-08-15T16:54:30Z
2026-08-15T16:54:08Z,2026-08-15T18:54:08+0200,abd343d7-ea94-491b-9c8b-f5aa6e5cfd1f,2026-08-06T12:00:00Z,2026-08-06T14:00:00+0200,597.2,MW,BE,BE,forecast_onshore_wind_generation,Wind Onshore,2026-08-15T16:54:30Z
2026-08-15T16:54:08Z,2026-08-15T18:54:08+0200,abd343d7-ea94-491b-9c8b-f5aa6e5cfd1f,2026-08-06T13:00:00Z,2026-08-06T15:00:00+0200,625.025,MW,BE,BE,forecast_onshore_wind_generation,Wind Onshore,2026-08-15T16:54:30Z
2026-08-15T16:54:08Z,2026-08-15T18:54:08+0200,abd343d7-ea94-491b-9c8b-f5aa6e5cfd1f,2026-08-06T14:00:00Z,2026-08-06T16:00:00+0200,632.725,MW,BE,BE,forecast_onshore_wind_generation,Wind Onshore,2026-08-15T16:54:30Z
2026-08-15T16:54:08Z,2026-08-15T18:54:08+0200,abd343d7-ea94-491b-9c8b-f5aa6e5cfd1f,2026-08-06T15:00:00Z,2026-08-06T17:00:00+0200,622.525,MW,BE,BE,forecast_onshore_wind_generation,Wind Onshore,2026-08-15T16:54:30Z
2026-08-15T16:54:08Z,2026-08-15T18:54:08+0200,abd343d7-ea94-491b-9c8b-f5aa6e5cfd1f,2026-08-06T16:00:00Z,2026-08-06T18:00:00+0200,581.725,MW,BE,BE,forecast_onshore_wind_generation,Wind Onshore,2026-08-15T16:54:30Z
2026-08-15T16:54:08Z,2026-08-15T18:54:08+0200,abd343d7-ea94-491b-9c8b-f5aa6e5cfd1f,2026-08-06T17:00:00Z,2026-08-06T19:00:00+0200,507.65,MW,BE,BE,forecast_onshore_wind_generation,Wind Onshore,2026-08-15T16:54:30Z
2026-08-15T16:54:08Z,2026-08-15T18:54:08+0200,abd343d7-ea94-491b-9c8b-f5aa6e5cfd1f,2026-08-06T18:00:00Z,2026-08-06T20:00:00+0200,409.125,MW,BE,BE,forecast_onshore_wind_generation,Wind Onshore,2026-08-15T16:54:30Z
2026-08-15T16:54:08Z,2026-08-15T18:54:08+0200,abd343d7-ea94-491b-9c8b-f5aa6e5cfd1f,2026-08-06T19:00:00Z,2026-08-06T21:00:00+0200,288.725,MW,BE,BE,forecast_onshore_wind_generation,Wind Onshore,2026-08-15T16:54:30Z
2026-08-15T16:54:08Z,2026-08-15T18:54:08+0200,abd343d7-ea94-491b-9c8b-f5aa6e5cfd1f,2026-08-06T20:00:00Z,2026-08-06T22:00:00+0200,198.825,MW,BE,BE,forecast_onshore_wind_generation,Wind Onshore,2026-08-15T16:54:30Z
2026-08-15T16:54:08Z,2026-08-15T18:54:08+0200,abd343d7-ea94-491b-9c8b-f5aa6e5cfd1f,2026-08-06T21:00:00Z,2026-08-06T23:00:00+0200,140.55,MW,BE,BE,forecast_onshore_wind_generation,Wind Onshore,2026-08-15T16:54:30Z
2026-08-15T16:54:08Z,2026-08-15T18:54:08+0200,abd343d7-ea94-491b-9c8b-f5aa6e5cfd1f,2026-08-06T22:00:00Z,2026-08-07T00:00:00+0200,124.175,MW,BE,BE,forecast_onshore_wind_generation,Wind Onshore,2026-08-15T16:54:30Z
2026-08-15T16:54:08Z,2026-08-15T18:54:08+0200,abd343d7-ea94-491b-9c8b-f5aa6e5cfd1f,2026-08-06T23:00:00Z,2026-08-07T01:00:00+0200,112.2,MW,BE,BE,forecast_onshore_wind_generation,Wind Onshore,2026-08-15T16:54:30Z
2026-08-15T16:54:08Z,2026-08-15T18:54:08+0200,abd343d7-ea94-491b-9c8b-f5aa6e5cfd1f,2026-08-07T00:00:00Z,2026-08-07T02:00:00+0200,103.65,MW,BE,BE,forecast_onshore_wind_generation,Wind Onshore,2026-08-15T16:54:30Z
2026-08-15T16:54:08Z,2026-08-15T18:54:08+0200,abd343d7-ea94-491b-9c8b-f5aa6e5cfd1f,2026-08-07T01:00:00Z,2026-08-07T03:00:00+0200,79.8,MW,BE,BE,forecast_onshore_wind_generation,Wind Onshore,2026-08-15T16:54:30Z
2026-08-15T16:54:08Z,2026-08-15T18:54:08+0200,abd343d7-ea94-491b-9c8b-f5aa6e5cfd1f,2026-08-07T02:00:00Z,2026-08-07T04:00:00+0200,49.4,MW,BE,BE,forecast_onshore_wind_generation,Wind Onshore,2026-08-15T16:54:30Z
2026-08-15T16:54:08Z,2026-08-15T18:54:08+0200,abd343d7-ea94-491b-9c8b-f5aa6e5cfd1f,2026-08-07T03:00:00Z,2026-08-07T05:00:00+0200,35.875,MW,BE,BE,forecast_onshore_wind_generation,Wind Onshore,2026-08-15T16:54:30Z
2026-08-15T16:54:08Z,2026-08-15T18:54:08+0200,abd343d7-ea94-491b-9c8b-f5aa6e5cfd1f,2026-08-07T04:00:00Z,2026-08-07T06:00:00+0200,31.925,MW,BE,BE,forecast_onshore_wind_generation,Wind Onshore,2026-08-15T16:54:30Z
2026-08-15T16:54:08Z,2026-08-15T18:54:08+0200,abd343d7-ea94-491b-9c8b-f5aa6e5cfd1f,2026-08-07T05:00:00Z,2026-08-07T07:00:00+0200,28.45,MW,BE,BE,forecast_onshore_wind_generation,Wind Onshore,2026-08-15T16:54:30Z
2026-08-15T16:54:08Z,2026-08-15T18:54:08+0200,abd343d7-ea94-491b-9c8b-f5aa6e5cfd1f,2026-08-07T06:00:00Z,2026-08-07T08:00:00+0200,17.7,MW,BE,BE,forecast_onshore_wind_generation,Wind Onshore,2026-08-15T16:54:30Z
2026-08-15T16:54:08Z,2026-08-15T18:54:08+0200,abd343d7-ea94-491b-9c8b-f5aa6e5cfd1f,2026-08-07T07:00:00Z,2026-08-07T09:00:00+0200,14.0,MW,BE,BE,forecast_onshore_wind_generation,Wind Onshore,2026-08-15T16:54:30Z
2026-08-15T16:54:08Z,2026-08-15T18:54:08+0200,abd343d7-ea94-491b-9c8b-f5aa6e5cfd1f,2026-08-07T08:00:00Z,2026-08-07T10:00:00+0200,11.825,MW,BE,BE,forecast_onshore_wind_generation,Wind Onshore,2026-08-15T16:54:30Z
2026-08-15T16:54:08Z,2026-08-15T18:54:08+0200,abd343d7-ea94-491b-9c8b-f5aa6e5cfd1f,2026-08-07T09:00:00Z,2026-08-07T11:00:00+0200,9.8,MW,BE,BE,forecast_onshore_wind_generation,Wind Onshore,2026-08-15T16:54:30Z
2026-08-15T16:54:08Z,2026-08-15T18:54:08+0200,abd343d7-ea94-491b-9c8b-f5aa6e5cfd1f,2026-08-07T10:00:00Z,2026-08-07T12:00:00+0200,14.4,MW,BE,BE,forecast_onshore_wind_generation,Wind Onshore,2026-08-15T16:54:30Z
2026-08-15T16:54:08Z,2026-08-15T18:54:08+0200,abd343d7-ea94-491b-9c8b-f5aa6e5cfd1f,2026-08-07T11:00:00Z,2026-08-07T13:00:00+0200,24.825,MW,BE,BE,forecast_onshore_wind_generation,Wind Onshore,2026-08-15T16:54:30Z
2026-08-15T16:54:08Z,2026-08-15T18:54:08+0200,abd343d7-ea94-491b-9c8b-f5aa6e5cfd1f,2026-08-07T12:00:00Z,2026-08-07T14:00:00+0200,36.325,MW,BE,BE,forecast_onshore_wind_generation,Wind Onshore,2026-08-15T16:54:30Z
2026-08-15T16:54:08Z,2026-08-15T18:54:08+0200,abd343d7-ea94-491b-9c8b-f5aa6e5cfd1f,2026-08-07T13:00:00Z,2026-08-07T15:00:00+0200,50.0,MW,BE,BE,forecast_onshore_wind_generation,Wind Onshore,2026-08-15T16:54:30Z
2026-08-15T16:54:08Z,2026-08-15T18:54:08+0200,abd343d7-ea94-491b-9c8b-f5aa6e5cfd1f,2026-08-07T14:00:00Z,2026-08-07T16:00:00+0200,62.85,MW,BE,BE,forecast_onshore_wind_generation,Wind Onshore,2026-08-15T16:54:30Z
2026-08-15T16:54:08Z,2026-08-15T18:54:08+0200,abd343d7-ea94-491b-9c8b-f5aa6e5cfd1f,2026-08-07T15:00:00Z,2026-08-07T17:00:00+0200,75.35,MW,BE,BE,forecast_onshore_wind_generation,Wind Onshore,2026-08-15T16:54:30Z
2026-08-15T16:54:08Z,2026-08-15T18:54:08+0200,abd343d7-ea94-491b-9c8b-f5aa6e5cfd1f,2026-08-07T16:00:00Z,2026-08-07T18:00:00+0200,99.0,MW,BE,BE,forecast_onshore_wind_generation,Wind Onshore,2026-08-15T16:54:30Z
2026-08-15T16:54:08Z,2026-08-15T18:54:08+0200,abd343d7-ea94-491b-9c8b-f5aa6e5cfd1f,2026-08-07T17:00:00Z,2026-08-07T19:00:00+0200,144.375,MW,BE,BE,forecast_onshore_wind_generation,Wind Onshore,2026-08-15T16:54:30Z
2026-08-15T16:54:08Z,2026-08-15T18:54:08+0200,abd343d7-ea94-491b-9c8b-f5aa6e5cfd1f,2026-08-07T18:00:00Z,2026-08-07T20:00:00+0200,208.45,MW,BE,BE,forecast_onshore_wind_generation,Wind Onshore,2026-08-15T16:54:30Z
2026-08-15T16:54:08Z,2026-08-15T18:54:08+0200,abd343d7-ea94-491b-9c8b-f5aa6e5cfd1f,2026-08-07T19:00:00Z,2026-08-07T21:00:00+0200,294.35,MW,BE,BE,forecast_onshore_wind_generation,Wind Onshore,2026-08-15T16:54:30Z
2026-08-15T16:54:08Z,2026-08-15T18:54:08+0200,abd343d7-ea94-491b-9c8b-f5aa6e5cfd1f,2026-08-07T20:00:00Z,2026-08-07T22:00:00+0200,355.625,MW,BE,BE,forecast_onshore_wind_generation,Wind Onshore,2026-08-15T16:54:30Z
2026-08-15T16:54:08Z,2026-08-15T18:54:08+0200,abd343d7-ea94-491b-9c8b-f5aa6e5cfd1f,2026-08-07T21:00:00Z,2026-08-07T23:00:00+0200,381.575,MW,BE,BE,forecast_onshore_wind_generation,Wind Onshore,2026-08-15T16:54:30Z
2026-08-15T16:54:08Z,2026-08-15T18:54:08+0200,abd343d7-ea94-491b-9c8b-f5aa6e5cfd1f,2026-08-07T22:00:00Z,2026-08-08T00:00:00+0200,404.55,MW,BE,BE,forecast_onshore_wind_generation,Wind Onshore,2026-08-15T16:54:30Z
2026-08-15T16:54:08Z,2026-08-15T18:54:08+0200,abd343d7-ea94-491b-9c8b-f5aa6e5cfd1f,2026-08-07T23:00:00Z,2026-08-08T01:00:00+0200,416.975,MW,BE,BE,forecast_onshore_wind_generation,Wind Onshore,2026-08-15T16:54:30Z
2026-08-15T16:54:08Z,2026-08-15T18:54:08+0200,abd343d7-ea94-491b-9c8b-f5aa6e5cfd1f,2026-08-08T00:00:00Z,2026-08-08T02:00:00+0200,418.9,MW,BE,BE,forecast_onshore_wind_generation,Wind Onshore,2026-08-15T16:54:30Z
2026-08-15T16:54:08Z,2026-08-15T18:54:08+0200,abd343d7-ea94-491b-9c8b-f5aa6e5cfd1f,2026-08-08T01:00:00Z,2026-08-08T03:00:00+0200,416.275,MW,BE,BE,forecast_onshore_wind_generation,Wind Onshore,2026-08-15T16:54:30Z
2026-08-15T16:54:08Z,2026-08-15T18:54:08+0200,abd343d7-ea94-491b-9c8b-f5aa6e5cfd1f,2026-08-08T02:00:00Z,2026-08-08T04:00:00+0200,407.125,MW,BE,BE,forecast_onshore_wind_generation,Wind Onshore,2026-08-15T16:54:30Z
2026-08-15T16:54:08Z,2026-08-15T18:54:08+0200,abd343d7-ea94-491b-9c8b-f5aa6e5cfd1f,2026-08-08T03:00:00Z,2026-08-08T05:00:00+0200,389.85,MW,BE,BE,forecast_onshore_wind_generation,Wind Onshore,2026-08-15T16:54:30Z
2026-08-15T16:54:08Z,2026-08-15T18:54:08+0200,abd343d7-ea94-491b-9c8b-f5aa6e5cfd1f,2026-08-08T04:00:00Z,2026-08-08T06:00:00+0200,350.95,MW,BE,BE,forecast_onshore_wind_generation,Wind Onshore,2026-08-15T16:54:30Z
2026-08-15T16:54:08Z,2026-08-15T18:54:08+0200,abd343d7-ea94-491b-9c8b-f5aa6e5cfd1f,2026-08-08T05:00:00Z,2026-08-08T07:00:00+0200,302.025,MW,BE,BE,forecast_onshore_wind_generation,Wind Onshore,2026-08-15T16:54:30Z
2026-08-15T16:54:08Z,2026-08-15T18:54:08+0200,abd343d7-ea94-491b-9c8b-f5aa6e5cfd1f,2026-08-08T06:00:00Z,2026-08-08T08:00:00+0200,206.175,MW,BE,BE,forecast_onshore_wind_generation,Wind Onshore,2026-08-15T16:54:30Z
2026-08-15T16:54:08Z,2026-08-15T18:54:08+0200,abd343d7-ea94-491b-9c8b-f5aa6e5cfd1f,2026-08-08T07:00:00Z,2026-08-08T09:00:00+0200,93.65,MW,BE,BE,forecast_onshore_wind_generation,Wind Onshore,2026-08-15T16:54:30Z
2026-08-15T16:54:08Z,2026-08-15T18:54:08+0200,abd343d7-ea94-491b-9c8b-f5aa6e5cfd1f,2026-08-08T08:00:00Z,2026-08-08T10:00:00+0200,79.05,MW,BE,BE,forecast_onshore_wind_generation,Wind Onshore,2026-08-15T16:54:30Z
2026-08-15T16:54:08Z,2026-08-15T18:54:08+0200,abd343d7-ea94-491b-9c8b-f5aa6e5cfd1f,2026-08-08T09:00:00Z,2026-08-08T11:00:00+0200,116.2,MW,BE,BE,forecast_onshore_wind_generation,Wind Onshore,2026-08-15T16:54:30Z
2026-08-15T16:54:08Z,2026-08-15T18:54:08+0200,abd343d7-ea94-491b-9c8b-f5aa6e5cfd1f,2026-08-08T10:00:00Z,2026-08-08T12:00:00+0200,109.1,MW,BE,BE,forecast_onshore_wind_generation,Wind Onshore,2026-08-15T16:54:30Z
2026-08-15T16:54:08Z,2026-08-15T18:54:08+0200,abd343d7-ea94-491b-9c8b-f5aa6e5cfd1f,2026-08-08T11:00:00Z,2026-08-08T13:00:00+0200,75.05,MW,BE,BE,forecast_onshore_wind_generation,Wind Onshore,2026-08-15T16:54:30Z
2026-08-15T16:54:08Z,2026-08-15T18:54:08+0200,abd343d7-ea94-491b-9c8b-f5aa6e5cfd1f,2026-08-08T12:00:00Z,2026-08-08T14:00:00+0200,46.65,MW,BE,BE,forecast_onshore_wind_generation,Wind Onshore,2026-08-15T16:54:30Z
2026-08-15T16:54:08Z,2026-08-15T18:54:08+0200,abd343d7-ea94-491b-9c8b-f5aa6e5cfd1f,2026-08-08T13:00:00Z,2026-08-08T15:00:00+0200,32.475,MW,BE,BE,forecast_onshore_wind_generation,Wind Onshore,2026-08-15T16:54:30Z
2026-08-15T16:54:08Z,2026-08-15T18:54:08+0200,abd343d7-ea94-491b-9c8b-f5aa6e5cfd1f,2026-08-08T14:00:00Z,2026-08-08T16:00:00+0200,30.375,MW,BE,BE,forecast_onshore_wind_generation,Wind Onshore,2026-08-15T16:54:30Z
2026-08-15T16:54:08Z,2026-08-15T18:54:08+0200,abd343d7-ea94-491b-9c8b-f5aa6e5cfd1f,2026-08-08T15:00:00Z,2026-08-08T17:00:00+0200,36.425,MW,BE,BE,forecast_onshore_wind_generation,Wind Onshore,2026-08-15T16:54:30Z
2026-08-15T16:54:08Z,2026-08-15T18:54:08+0200,abd343d7-ea94-491b-9c8b-f5aa6e5cfd1f,2026-08-08T16:00:00Z,2026-08-08T18:00:00+0200,47.1,MW,BE,BE,forecast_onshore_wind_generation,Wind Onshore,2026-08-15T16:54:30Z
2026-08-15T16:54:08Z,2026-08-15T18:54:08+0200,abd343d7-ea94-491b-9c8b-f5aa6e5cfd1f,2026-08-08T17:00:00Z,2026-08-08T19:00:00+0200,74.4,MW,BE,BE,forecast_onshore_wind_generation,Wind Onshore,2026-08-15T16:54:30Z
2026-08-15T16:54:08Z,2026-08-15T18:54:08+0200,abd343d7-ea94-491b-9c8b-f5aa6e5cfd1f,2026-08-08T18:00:00Z,2026-08-08T20:00:00+0200,143.175,MW,BE,BE,forecast_onshore_wind_generation,Wind Onshore,2026-08-15T16:54:30Z
2026-08-15T16:54:08Z,2026-08-15T18:54:08+0200,abd343d7-ea94-491b-9c8b-f5aa6e5cfd1f,2026-08-08T19:00:00Z,2026-08-08T21:00:00+0200,246.4,MW,BE,BE,forecast_onshore_wind_generation,Wind Onshore,2026-08-15T16:54:30Z
2026-08-15T16:54:08Z,2026-08-15T18:54:08+0200,abd343d7-ea94-491b-9c8b-f5aa6e5cfd1f,2026-08-08T20:00:00Z,2026-08-08T22:00:00+0200,345.025,MW,BE,BE,forecast_onshore_wind_generation,Wind Onshore,2026-08-15T16:54:30Z
2026-08-15T16:54:08Z,2026-08-15T18:54:08+0200,abd343d7-ea94-491b-9c8b-f5aa6e5cfd1f,2026-08-08T21:00:00Z,2026-08-08T23:00:00+0200,368.75,MW,BE,BE,forecast_onshore_wind_generation,Wind Onshore,2026-08-15T16:54:30Z
2026-08-15T16:54:08Z,2026-08-15T18:54:08+0200,abd343d7-ea94-491b-9c8b-f5aa6e5cfd1f,2026-08-08T22:00:00Z,2026-08-09T00:00:00+0200,328.2,MW,BE,BE,forecast_onshore_wind_generation,Wind Onshore,2026-08-15T16:54:30Z
2026-08-15T16:54:08Z,2026-08-15T18:54:08+0200,abd343d7-ea94-491b-9c8b-f5aa6e5cfd1f,2026-08-08T23:00:00Z,2026-08-09T01:00:00+0200,279.975,MW,BE,BE,forecast_onshore_wind_generation,Wind Onshore,2026-08-15T16:54:30Z
2026-08-15T16:54:08Z,2026-08-15T18:54:08+0200,abd343d7-ea94-491b-9c8b-f5aa6e5cfd1f,2026-08-09T00:00:00Z,2026-08-09T02:00:00+0200,229.8,MW,BE,BE,forecast_onshore_wind_generation,Wind Onshore,2026-08-15T16:54:30Z
2026-08-15T16:54:08Z,2026-08-15T18:54:08+0200,abd343d7-ea94-491b-9c8b-f5aa6e5cfd1f,2026-08-09T01:00:00Z,2026-08-09T03:00:00+0200,190.425,MW,BE,BE,forecast_onshore_wind_generation,Wind Onshore,2026-08-15T16:54:30Z
2026-08-15T16:54:08Z,2026-08-15T18:54:08+0200,abd343d7-ea94-491b-9c8b-f5aa6e5cfd1f,2026-08-09T02:00:00Z,2026-08-09T04:00:00+0200,148.55,MW,BE,BE,forecast_onshore_wind_generation,Wind Onshore,2026-08-15T16:54:30Z
2026-08-15T16:54:08Z,2026-08-15T18:54:08+0200,abd343d7-ea94-491b-9c8b-f5aa6e5cfd1f,2026-08-09T03:00:00Z,2026-08-09T05:00:00+0200,116.275,MW,BE,BE,forecast_onshore_wind_generation,Wind Onshore,2026-08-15T16:54:30Z
2026-08-15T16:54:08Z,2026-08-15T18:54:08+0200,abd343d7-ea94-491b-9c8b-f5aa6e5cfd1f,2026-08-09T04:00:00Z,2026-08-09T06:00:00+0200,81.925,MW,BE,BE,forecast_onshore_wind_generation,Wind Onshore,2026-08-15T16:54:30Z
2026-08-15T16:54:08Z,2026-08-15T18:54:08+0200,abd343d7-ea94-491b-9c8b-f5aa6e5cfd1f,2026-08-09T05:00:00Z,2026-08-09T07:00:00+0200,62.9,MW,BE,BE,forecast_onshore_wind_generation,Wind Onshore,2026-08-15T16:54:30Z
2026-08-15T16:54:08Z,2026-08-15T18:54:08+0200,abd343d7-ea94-491b-9c8b-f5aa6e5cfd1f,2026-08-09T06:00:00Z,2026-08-09T08:00:00+0200,53.725,MW,BE,BE,forecast_onshore_wind_generation,Wind Onshore,2026-08-15T16:54:30Z
2026-08-15T16:54:08Z,2026-08-15T18:54:08+0200,abd343d7-ea94-491b-9c8b-f5aa6e5cfd1f,2026-08-09T07:00:00Z,2026-08-09T09:00:00+0200,28.65,MW,BE,BE,forecast_onshore_wind_generation,Wind Onshore,2026-08-15T16:54:30Z
2026-08-15T16:54:08Z,2026-08-15T18:54:08+0200,abd343d7-ea94-491b-9c8b-f5aa6e5cfd1f,2026-08-09T08:00:00Z,2026-08-09T10:00:00+0200,10.1,MW,BE,BE,forecast_onshore_wind_generation,Wind Onshore,2026-08-15T16:54:30Z
2026-08-15T16:54:08Z,2026-08-15T18:54:08+0200,abd343d7-ea94-491b-9c8b-f5aa6e5cfd1f,2026-08-09T09:00:00Z,2026-08-09T11:00:00+0200,11.15,MW,BE,BE,forecast_onshore_wind_generation,Wind Onshore,2026-08-15T16:54:30Z
2026-08-15T16:54:08Z,2026-08-15T18:54:08+0200,abd343d7-ea94-491b-9c8b-f5aa6e5cfd1f,2026-08-09T10:00:00Z,2026-08-09T12:00:00+0200,20.875,MW,BE,BE,forecast_onshore_wind_generation,Wind Onshore,2026-08-15T16:54:30Z
2026-08-15T16:54:08Z,2026-08-15T18:54:08+0200,abd343d7-ea94-491b-9c8b-f5aa6e5cfd1f,2026-08-09T11:00:00Z,2026-08-09T13:00:00+0200,58.125,MW,BE,BE,forecast_onshore_wind_generation,Wind Onshore,2026-08-15T16:54:30Z
2026-08-15T16:54:08Z,2026-08-15T18:54:08+0200,abd343d7-ea94-491b-9c8b-f5aa6e5cfd1f,2026-08-09T12:00:00Z,2026-08-09T14:00:00+0200,110.925,MW,BE,BE,forecast_onshore_wind_generation,Wind Onshore,2026-08-15T16:54:30Z
2026-08-15T16:54:08Z,2026-08-15T18:54:08+0200,abd343d7-ea94-491b-9c8b-f5aa6e5cfd1f,2026-08-09T13:00:00Z,2026-08-09T15:00:00+0200,145.5,MW,BE,BE,forecast_onshore_wind_generation,Wind Onshore,2026-08-15T16:54:30Z
2026-08-15T16:54:08Z,2026-08-15T18:54:08+0200,abd343d7-ea94-491b-9c8b-f5aa6e5cfd1f,2026-08-09T14:00:00Z,2026-08-09T16:00:00+0200,161.875,MW,BE,BE,forecast_onshore_wind_generation,Wind Onshore,2026-08-15T16:54:30Z
2026-08-15T16:54:08Z,2026-08-15T18:54:08+0200,abd343d7-ea94-491b-9c8b-f5aa6e5cfd1f,2026-08-09T15:00:00Z,2026-08-09T17:00:00+0200,152.275,MW,BE,BE,forecast_onshore_wind_generation,Wind Onshore,2026-08-15T16:54:30Z
2026-08-15T16:54:08Z,2026-08-15T18:54:08+0200,abd343d7-ea94-491b-9c8b-f5aa6e5cfd1f,2026-08-09T16:00:00Z,2026-08-09T18:00:00+0200,153.8,MW,BE,BE,forecast_onshore_wind_generation,Wind Onshore,2026-08-15T16:54:30Z
2026-08-15T16:54:08Z,2026-08-15T18:54:08+0200,abd343d7-ea94-491b-9c8b-f5aa6e5cfd1f,2026-08-09T17:00:00Z,2026-08-09T19:00:00+0200,162.525,MW,BE,BE,forecast_onshore_wind_generation,Wind Onshore,2026-08-15T16:54:30Z
2026-08-15T16:54:08Z,2026-08-15T18:54:08+0200,abd343d7-ea94-491b-9c8b-f5aa6e5cfd1f,2026-08-09T18:00:00Z,2026-08-09T20:00:00+0200,190.0,MW,BE,BE,forecast_onshore_wind_generation,Wind Onshore,2026-08-15T16:54:30Z
2026-08-15T16:54:08Z,2026-08-15T18:54:08+0200,abd343d7-ea94-491b-9c8b-f5aa6e5cfd1f,2026-08-09T19:00:00Z,2026-08-09T21:00:00+0200,245.7,MW,BE,BE,forecast_onshore_wind_generation,Wind Onshore,2026-08-15T16:54:30Z
2026-08-15T16:54:08Z,2026-08-15T18:54:08+0200,abd343d7-ea94-491b-9c8b-f5aa6e5cfd1f,2026-08-09T20:00:00Z,2026-08-09T22:00:00+0200,311.2,MW,BE,BE,forecast_onshore_wind_generation,Wind Onshore,2026-08-15T16:54:30Z
2026-08-15T16:54:08Z,2026-08-15T18:54:08+0200,abd343d7-ea94-491b-9c8b-f5aa6e5cfd1f,2026-08-09T21:00:00Z,2026-08-09T23:00:00+0200,387.85,MW,BE,BE,forecast_onshore_wind_generation,Wind Onshore,2026-08-15T16:54:30Z
2026-08-15T16:54:08Z,2026-08-15T18:54:08+0200,abd343d7-ea94-491b-9c8b-f5aa6e5cfd1f,2026-08-09T22:00:00Z,2026-08-10T00:00:00+0200,668.15,MW,BE,BE,forecast_onshore_wind_generation,Wind Onshore,2026-08-15T16:54:30Z
2026-08-15T16:54:08Z,2026-08-15T18:54:08+0200,abd343d7-ea94-491b-9c8b-f5aa6e5cfd1f,2026-08-09T23:00:00Z,2026-08-10T01:00:00+0200,748.5,MW,BE,BE,forecast_onshore_wind_generation,Wind Onshore,2026-08-15T16:54:30Z
2026-08-15T16:54:08Z,2026-08-15T18:54:08+0200,abd343d7-ea94-491b-9c8b-f5aa6e5cfd1f,2026-08-10T00:00:00Z,2026-08-10T02:00:00+0200,803.2,MW,BE,BE,forecast_onshore_wind_generation,Wind Onshore,2026-08-15T16:54:30Z
2026-08-15T16:54:08Z,2026-08-15T18:54:08+0200,abd343d7-ea94-491b-9c8b-f5aa6e5cfd1f,2026-08-10T01:00:00Z,2026-08-10T03:00:00+0200,809.05,MW,BE,BE,forecast_onshore_wind_generation,Wind Onshore,2026-08-15T16:54:30Z
2026-08-15T16:54:08Z,2026-08-15T18:54:08+0200,abd343d7-ea94-491b-9c8b-f5aa6e5cfd1f,2026-08-10T02:00:00Z,2026-08-10T04:00:00+0200,779.35,MW,BE,BE,forecast_onshore_wind_generation,Wind Onshore,2026-08-15T16:54:30Z
2026-08-15T16:54:08Z,2026-08-15T18:54:08+0200,abd343d7-ea94-491b-9c8b-f5aa6e5cfd1f,2026-08-10T03:00:00Z,2026-08-10T05:00:00+0200,735.375,MW,BE,BE,forecast_onshore_wind_generation,Wind Onshore,2026-08-15T16:54:30Z
2026-08-15T16:54:08Z,2026-08-15T18:54:08+0200,abd343d7-ea94-491b-9c8b-f5aa6e5cfd1f,2026-08-10T04:00:00Z,2026-08-10T06:00:00+0200,668.85,MW,BE,BE,forecast_onshore_wind_generation,Wind Onshore,2026-08-15T16:54:30Z
2026-08-15T16:54:08Z,2026-08-15T18:54:08+0200,abd343d7-ea94-491b-9c8b-f5aa6e5cfd1f,2026-08-10T05:00:00Z,2026-08-10T07:00:00+0200,575.725,MW,BE,BE,forecast_onshore_wind_generation,Wind Onshore,2026-08-15T16:54:30Z
2026-08-15T16:54:08Z,2026-08-15T18:54:08+0200,abd343d7-ea94-491b-9c8b-f5aa6e5cfd1f,2026-08-10T06:00:00Z,2026-08-10T08:00:00+0200,397.5,MW,BE,BE,forecast_onshore_wind_generation,Wind Onshore,2026-08-15T16:54:30Z
2026-08-15T16:54:08Z,2026-08-15T18:54:08+0200,abd343d7-ea94-491b-9c8b-f5aa6e5cfd1f,2026-08-10T07:00:00Z,2026-08-10T09:00:00+0200,285.775,MW,BE,BE,forecast_onshore_wind_generation,Wind Onshore,2026-08-15T16:54:30Z
2026-08-15T16:54:08Z,2026-08-15T18:54:08+0200,abd343d7-ea94-491b-9c8b-f5aa6e5cfd1f,2026-08-10T08:00:00Z,2026-08-10T10:00:00+0200,263.65,MW,BE,BE,forecast_onshore_wind_generation,Wind Onshore,2026-08-15T16:54:30Z
2026-08-15T16:54:08Z,2026-08-15T18:54:08+0200,abd343d7-ea94-491b-9c8b-f5aa6e5cfd1f,2026-08-10T09:00:00Z,2026-08-10T11:00:00+0200,283.025,MW,BE,BE,forecast_onshore_wind_generation,Wind Onshore,2026-08-15T16:54:30Z
2026-08-15T16:54:08Z,2026-08-15T18:54:08+0200,abd343d7-ea94-491b-9c8b-f5aa6e5cfd1f,2026-08-10T10:00:00Z,2026-08-10T12:00:00+0200,345.925,MW,BE,BE,forecast_onshore_wind_generation,Wind Onshore,2026-08-15T16:54:30Z
2026-08-15T16:54:08Z,2026-08-15T18:54:08+0200,abd343d7-ea94-491b-9c8b-f5aa6e5cfd1f,2026-08-10T11:00:00Z,2026-08-10T13:00:00+0200,414.775,MW,BE,BE,forecast_onshore_wind_generation,Wind Onshore,2026-08-15T16:54:30Z
2026-08-15T16:54:08Z,2026-08-15T18:54:08+0200,abd343d7-ea94-491b-9c8b-f5aa6e5cfd1f,2026-08-10T12:00:00Z,2026-08-10T14:00:00+0200,458.35,MW,BE,BE,forecast_onshore_wind_generation,Wind Onshore,2026-08-15T16:54:30Z
2026-08-15T16:54:08Z,2026-08-15T18:54:08+0200,abd343d7-ea94-491b-9c8b-f5aa6e5cfd1f,2026-08-10T13:00:00Z,2026-08-10T15:00:00+0200,500.025,MW,BE,BE,forecast_onshore_wind_generation,Wind Onshore,2026-08-15T16:54:30Z
2026-08-15T16:54:08Z,2026-08-15T18:54:08+0200,abd343d7-ea94-491b-9c8b-f5aa6e5cfd1f,2026-08-10T14:00:00Z,2026-08-10T16:00:00+0200,544.775,MW,BE,BE,forecast_onshore_wind_generation,Wind Onshore,2026-08-15T16:54:30Z
2026-08-15T16:54:08Z,2026-08-15T18:54:08+0200,abd343d7-ea94-491b-9c8b-f5aa6e5cfd1f,2026-08-10T15:00:00Z,2026-08-10T17:00:00+0200,579.05,MW,BE,BE,forecast_onshore_wind_generation,Wind Onshore,2026-08-15T16:54:30Z
2026-08-15T16:54:08Z,2026-08-15T18:54:08+0200,abd343d7-ea94-491b-9c8b-f5aa6e5cfd1f,2026-08-10T16:00:00Z,2026-08-10T18:00:00+0200,589.525,MW,BE,BE,forecast_onshore_wind_generation,Wind Onshore,2026-08-15T16:54:30Z
2026-08-15T16:54:08Z,2026-08-15T18:54:08+0200,abd343d7-ea94-491b-9c8b-f5aa6e5cfd1f,2026-08-10T17:00:00Z,2026-08-10T19:00:00+0200,581.75,MW,BE,BE,forecast_onshore_wind_generation,Wind Onshore,2026-08-15T16:54:30Z
2026-08-15T16:54:08Z,2026-08-15T18:54:08+0200,abd343d7-ea94-491b-9c8b-f5aa6e5cfd1f,2026-08-10T18:00:00Z,2026-08-10T20:00:00+0200,558.775,MW,BE,BE,forecast_onshore_wind_generation,Wind Onshore,2026-08-15T16:54:30Z
2026-08-15T16:54:08Z,2026-08-15T18:54:08+0200,abd343d7-ea94-491b-9c8b-f5aa6e5cfd1f,2026-08-10T19:00:00Z,2026-08-10T21:00:00+0200,534.05,MW,BE,BE,forecast_onshore_wind_generation,Wind Onshore,2026-08-15T16:54:30Z
2026-08-15T16:54:08Z,2026-08-15T18:54:08+0200,abd343d7-ea94-491b-9c8b-f5aa6e5cfd1f,2026-08-10T20:00:00Z,2026-08-10T22:00:00+0200,520.125,MW,BE,BE,forecast_onshore_wind_generation,Wind Onshore,2026-08-15T16:54:30Z
2026-08-15T16:54:08Z,2026-08-15T18:54:08+0200,abd343d7-ea94-491b-9c8b-f5aa6e5cfd1f,2026-08-10T21:00:00Z,2026-08-10T23:00:00+0200,510.4,MW,BE,BE,forecast_onshore_wind_generation,Wind Onshore,2026-08-15T16:54:30Z
2026-08-15T16:54:08Z,2026-08-15T18:54:08+0200,abd343d7-ea94-491b-9c8b-f5aa6e5cfd1f,2026-08-10T22:00:00Z,2026-08-11T00:00:00+0200,479.625,MW,BE,BE,forecast_onshore_wind_generation,Wind Onshore,2026-08-15T16:54:30Z
2026-08-15T16:54:08Z,2026-08-15T18:54:08+0200,abd343d7-ea94-491b-9c8b-f5aa6e5cfd1f,2026-08-10T23:00:00Z,2026-08-11T01:00:00+0200,511.625,MW,BE,BE,forecast_onshore_wind_generation,Wind Onshore,2026-08-15T16:54:30Z
2026-08-15T16:54:08Z,2026-08-15T18:54:08+0200,abd343d7-ea94-491b-9c8b-f5aa6e5cfd1f,2026-08-11T00:00:00Z,2026-08-11T02:00:00+0200,528.15,MW,BE,BE,forecast_onshore_wind_generation,Wind Onshore,2026-08-15T16:54:30Z
2026-08-15T16:54:08Z,2026-08-15T18:54:08+0200,abd343d7-ea94-491b-9c8b-f5aa6e5cfd1f,2026-08-11T01:00:00Z,2026-08-11T03:00:00+0200,534.65,MW,BE,BE,forecast_onshore_wind_generation,Wind Onshore,2026-08-15T16:54:30Z
2026-08-15T16:54:08Z,2026-08-15T18:54:08+0200,abd343d7-ea94-491b-9c8b-f5aa6e5cfd1f,2026-08-11T02:00:00Z,2026-08-11T04:00:00+0200,546.875,MW,BE,BE,forecast_onshore_wind_generation,Wind Onshore,2026-08-15T16:54:30Z
2026-08-15T16:54:08Z,2026-08-15T18:54:08+0200,abd343d7-ea94-491b-9c8b-f5aa6e5cfd1f,2026-08-11T03:00:00Z,2026-08-11T05:00:00+0200,563.05,MW,BE,BE,forecast_onshore_wind_generation,Wind Onshore,2026-08-15T16:54:30Z
2026-08-15T16:54:08Z,2026-08-15T18:54:08+0200,abd343d7-ea94-491b-9c8b-f5aa6e5cfd1f,2026-08-11T04:00:00Z,2026-08-11T06:00:00+0200,562.2,MW,BE,BE,forecast_onshore_wind_generation,Wind Onshore,2026-08-15T16:54:30Z
2026-08-15T16:54:08Z,2026-08-15T18:54:08+0200,abd343d7-ea94-491b-9c8b-f5aa6e5cfd1f,2026-08-11T05:00:00Z,2026-08-11T07:00:00+0200,519.675,MW,BE,BE,forecast_onshore_wind_generation,Wind Onshore,2026-08-15T16:54:30Z
2026-08-15T16:54:08Z,2026-08-15T18:54:08+0200,abd343d7-ea94-491b-9c8b-f5aa6e5cfd1f,2026-08-11T06:00:00Z,2026-08-11T08:00:00+0200,427.725,MW,BE,BE,forecast_onshore_wind_generation,Wind Onshore,2026-08-15T16:54:30Z
2026-08-15T16:54:08Z,2026-08-15T18:54:08+0200,abd343d7-ea94-491b-9c8b-f5aa6e5cfd1f,2026-08-11T07:00:00Z,2026-08-11T09:00:00+0200,393.5,MW,BE,BE,forecast_onshore_wind_generation,Wind Onshore,2026-08-15T16:54:30Z
2026-08-15T16:54:08Z,2026-08-15T18:54:08+0200,abd343d7-ea94-491b-9c8b-f5aa6e5cfd1f,2026-08-11T08:00:00Z,2026-08-11T10:00:00+0200,397.3,MW,BE,BE,forecast_onshore_wind_generation,Wind Onshore,2026-08-15T16:54:30Z
2026-08-15T16:54:08Z,2026-08-15T18:54:08+0200,abd343d7-ea94-491b-9c8b-f5aa6e5cfd1f,2026-08-11T09:00:00Z,2026-08-11T11:00:00+0200,386.15,MW,BE,BE,forecast_onshore_wind_generation,Wind Onshore,2026-08-15T16:54:30Z
2026-08-15T16:54:08Z,2026-08-15T18:54:08+0200,abd343d7-ea94-491b-9c8b-f5aa6e5cfd1f,2026-08-11T10:00:00Z,2026-08-11T12:00:00+0200,377.825,MW,BE,BE,forecast_onshore_wind_generation,Wind Onshore,2026-08-15T16:54:30Z
2026-08-15T16:54:08Z,2026-08-15T18:54:08+0200,abd343d7-ea94-491b-9c8b-f5aa6e5cfd1f,2026-08-11T11:00:00Z,2026-08-11T13:00:00+0200,382.475,MW,BE,BE,forecast_onshore_wind_generation,Wind Onshore,2026-08-15T16:54:30Z
2026-08-15T16:54:08Z,2026-08-15T18:54:08+0200,abd343d7-ea94-491b-9c8b-f5aa6e5cfd1f,2026-08-11T12:00:00Z,2026-08-11T14:00:00+0200,393.25,MW,BE,BE,forecast_onshore_wind_generation,Wind Onshore,2026-08-15T16:54:30Z
2026-08-15T16:54:08Z,2026-08-15T18:54:08+0200,abd343d7-ea94-491b-9c8b-f5aa6e5cfd1f,2026-08-11T13:00:00Z,2026-08-11T15:00:00+0200,407.175,MW,BE,BE,forecast_onshore_wind_generation,Wind Onshore,2026-08-15T16:54:30Z
2026-08-15T16:54:08Z,2026-08-15T18:54:08+0200,abd343d7-ea94-491b-9c8b-f5aa6e5cfd1f,2026-08-11T14:00:00Z,2026-08-11T16:00:00+0200,434.225,MW,BE,BE,forecast_onshore_wind_generation,Wind Onshore,2026-08-15T16:54:30Z
2026-08-15T16:54:08Z,2026-08-15T18:54:08+0200,abd343d7-ea94-491b-9c8b-f5aa6e5cfd1f,2026-08-11T15:00:00Z,2026-08-11T17:00:00+0200,481.2,MW,BE,BE,forecast_onshore_wind_generation,Wind Onshore,2026-08-15T16:54:30Z
2026-08-15T16:54:08Z,2026-08-15T18:54:08+0200,abd343d7-ea94-491b-9c8b-f5aa6e5cfd1f,2026-08-11T16:00:00Z,2026-08-11T18:00:00+0200,543.075,MW,BE,BE,forecast_onshore_wind_generation,Wind Onshore,2026-08-15T16:54:30Z
2026-08-15T16:54:08Z,2026-08-15T18:54:08+0200,abd343d7-ea94-491b-9c8b-f5aa6e5cfd1f,2026-08-11T17:00:00Z,2026-08-11T19:00:00+0200,604.65,MW,BE,BE,forecast_onshore_wind_generation,Wind Onshore,2026-08-15T16:54:30Z
2026-08-15T16:54:08Z,2026-08-15T18:54:08+0200,abd343d7-ea94-491b-9c8b-f5aa6e5cfd1f,2026-08-11T18:00:00Z,2026-08-11T20:00:00+0200,672.6,MW,BE,BE,forecast_onshore_wind_generation,Wind Onshore,2026-08-15T16:54:30Z
2026-08-15T16:54:08Z,2026-08-15T18:54:08+0200,abd343d7-ea94-491b-9c8b-f5aa6e5cfd1f,2026-08-11T19:00:00Z,2026-08-11T21:00:00+0200,762.5,MW,BE,BE,forecast_onshore_wind_generation,Wind Onshore,2026-08-15T16:54:30Z
2026-08-15T16:54:08Z,2026-08-15T18:54:08+0200,abd343d7-ea94-491b-9c8b-f5aa6e5cfd1f,2026-08-11T20:00:00Z,2026-08-11T22:00:00+0200,840.875,MW,BE,BE,forecast_onshore_wind_generation,Wind Onshore,2026-08-15T16:54:30Z
2026-08-15T16:54:08Z,2026-08-15T18:54:08+0200,abd343d7-ea94-491b-9c8b-f5aa6e5cfd1f,2026-08-11T21:00:00Z,2026-08-11T23:00:00+0200,899.35,MW,BE,BE,forecast_onshore_wind_generation,Wind Onshore,2026-08-15T16:54:30Z
2026-08-15T16:54:08Z,2026-08-15T18:54:08+0200,abd343d7-ea94-491b-9c8b-f5aa6e5cfd1f,2026-08-11T22:00:00Z,2026-08-12T00:00:00+0200,1011.675,MW,BE,BE,forecast_onshore_wind_generation,Wind Onshore,2026-08-15T16:54:30Z
2026-08-15T16:54:08Z,2026-08-15T18:54:08+0200,abd343d7-ea94-491b-9c8b-f5aa6e5cfd1f,2026-08-11T23:00:00Z,2026-08-12T01:00:00+0200,1016.05,MW,BE,BE,forecast_onshore_wind_generation,Wind Onshore,2026-08-15T16:54:30Z
2026-08-15T16:54:08Z,2026-08-15T18:54:08+0200,abd343d7-ea94-491b-9c8b-f5aa6e5cfd1f,2026-08-12T00:00:00Z,2026-08-12T02:00:00+0200,997.975,MW,BE,BE,forecast_onshore_wind_generation,Wind Onshore,2026-08-15T16:54:30Z
2026-08-15T16:54:08Z,2026-08-15T18:54:08+0200,abd343d7-ea94-491b-9c8b-f5aa6e5cfd1f,2026-08-12T01:00:00Z,2026-08-12T03:00:00+0200,955.975,MW,BE,BE,forecast_onshore_wind_generation,Wind Onshore,2026-08-15T16:54:30Z
2026-08-15T16:54:08Z,2026-08-15T18:54:08+0200,abd343d7-ea94-491b-9c8b-f5aa6e5cfd1f,2026-08-12T02:00:00Z,2026-08-12T04:00:00+0200,890.4,MW,BE,BE,forecast_onshore_wind_generation,Wind Onshore,2026-08-15T16:54:30Z
2026-08-15T16:54:08Z,2026-08-15T18:54:08+0200,abd343d7-ea94-491b-9c8b-f5aa6e5cfd1f,2026-08-12T03:00:00Z,2026-08-12T05:00:00+0200,824.7,MW,BE,BE,forecast_onshore_wind_generation,Wind Onshore,2026-08-15T16:54:30Z
2026-08-15T16:54:08Z,2026-08-15T18:54:08+0200,abd343d7-ea94-491b-9c8b-f5aa6e5cfd1f,2026-08-12T04:00:00Z,2026-08-12T06:00:00+0200,754.65,MW,BE,BE,forecast_onshore_wind_generation,Wind Onshore,2026-08-15T16:54:30Z
2026-08-15T16:54:08Z,2026-08-15T18:54:08+0200,abd343d7-ea94-491b-9c8b-f5aa6e5cfd1f,2026-08-12T05:00:00Z,2026-08-12T07:00:00+0200,683.95,MW,BE,BE,forecast_onshore_wind_generation,Wind Onshore,2026-08-15T16:54:30Z
2026-08-15T16:54:08Z,2026-08-15T18:54:08+0200,abd343d7-ea94-491b-9c8b-f5aa6e5cfd1f,2026-08-12T06:00:00Z,2026-08-12T08:00:00+0200,473.625,MW,BE,BE,forecast_onshore_wind_generation,Wind Onshore,2026-08-15T16:54:30Z
2026-08-15T16:54:08Z,2026-08-15T18:54:08+0200,abd343d7-ea94-491b-9c8b-f5aa6e5cfd1f,2026-08-12T07:00:00Z,2026-08-12T09:00:00+0200,281.425,MW,BE,BE,forecast_onshore_wind_generation,Wind Onshore,2026-08-15T16:54:30Z
2026-08-15T16:54:08Z,2026-08-15T18:54:08+0200,abd343d7-ea94-491b-9c8b-f5aa6e5cfd1f,2026-08-12T08:00:00Z,2026-08-12T10:00:00+0200,203.6,MW,BE,BE,forecast_onshore_wind_generation,Wind Onshore,2026-08-15T16:54:30Z
2026-08-15T16:54:08Z,2026-08-15T18:54:08+0200,abd343d7-ea94-491b-9c8b-f5aa6e5cfd1f,2026-08-12T09:00:00Z,2026-08-12T11:00:00+0200,173.575,MW,BE,BE,forecast_onshore_wind_generation,Wind Onshore,2026-08-15T16:54:30Z
2026-08-15T16:54:08Z,2026-08-15T18:54:08+0200,abd343d7-ea94-491b-9c8b-f5aa6e5cfd1f,2026-08-12T10:00:00Z,2026-08-12T12:00:00+0200,170.6,MW,BE,BE,forecast_onshore_wind_generation,Wind Onshore,2026-08-15T16:54:30Z
2026-08-15T16:54:08Z,2026-08-15T18:54:08+0200,abd343d7-ea94-491b-9c8b-f5aa6e5cfd1f,2026-08-12T11:00:00Z,2026-08-12T13:00:00+0200,174.225,MW,BE,BE,forecast_onshore_wind_generation,Wind Onshore,2026-08-15T16:54:30Z
2026-08-15T16:54:08Z,2026-08-15T18:54:08+0200,abd343d7-ea94-491b-9c8b-f5aa6e5cfd1f,2026-08-12T12:00:00Z,2026-08-12T14:00:00+0200,172.75,MW,BE,BE,forecast_onshore_wind_generation,Wind Onshore,2026-08-15T16:54:30Z
2026-08-15T16:54:08Z,2026-08-15T18:54:08+0200,abd343d7-ea94-491b-9c8b-f5aa6e5cfd1f,2026-08-12T13:00:00Z,2026-08-12T15:00:00+0200,184.525,MW,BE,BE,forecast_onshore_wind_generation,Wind Onshore,2026-08-15T16:54:30Z
2026-08-15T16:54:08Z,2026-08-15T18:54:08+0200,abd343d7-ea94-491b-9c8b-f5aa6e5cfd1f,2026-08-12T14:00:00Z,2026-08-12T16:00:00+0200,218.6,MW,BE,BE,forecast_onshore_wind_generation,Wind Onshore,2026-08-15T16:54:30Z
2026-08-15T16:54:08Z,2026-08-15T18:54:08+0200,abd343d7-ea94-491b-9c8b-f5aa6e5cfd1f,2026-08-12T15:00:00Z,2026-08-12T17:00:00+0200,273.7,MW,BE,BE,forecast_onshore_wind_generation,Wind Onshore,2026-08-15T16:54:30Z
2026-08-15T16:54:08Z,2026-08-15T18:54:08+0200,abd343d7-ea94-491b-9c8b-f5aa6e5cfd1f,2026-08-12T16:00:00Z,2026-08-12T18:00:00+0200,346.9,MW,BE,BE,forecast_onshore_wind_generation,Wind Onshore,2026-08-15T16:54:30Z
2026-08-15T16:54:08Z,2026-08-15T18:54:08+0200,abd343d7-ea94-491b-9c8b-f5aa6e5cfd1f,2026-08-12T17:00:00Z,2026-08-12T19:00:00+0200,436.5,MW,BE,BE,forecast_onshore_wind_generation,Wind Onshore,2026-08-15T16:54:30Z
2026-08-15T16:54:08Z,2026-08-15T18:54:08+0200,abd343d7-ea94-491b-9c8b-f5aa6e5cfd1f,2026-08-12T18:00:00Z,2026-08-12T20:00:00+0200,584.4,MW,BE,BE,forecast_onshore_wind_generation,Wind Onshore,2026-08-15T16:54:30Z
2026-08-15T16:54:08Z,2026-08-15T18:54:08+0200,abd343d7-ea94-491b-9c8b-f5aa6e5cfd1f,2026-08-12T19:00:00Z,2026-08-12T21:00:00+0200,762.075,MW,BE,BE,forecast_onshore_wind_generation,Wind Onshore,2026-08-15T16:54:30Z
2026-08-15T16:54:08Z,2026-08-15T18:54:08+0200,abd343d7-ea94-491b-9c8b-f5aa6e5cfd1f,2026-08-12T20:00:00Z,2026-08-12T22:00:00+0200,854.925,MW,BE,BE,forecast_onshore_wind_generation,Wind Onshore,2026-08-15T16:54:30Z
2026-08-15T16:54:08Z,2026-08-15T18:54:08+0200,abd343d7-ea94-491b-9c8b-f5aa6e5cfd1f,2026-08-12T21:00:00Z,2026-08-12T23:00:00+0200,872.225,MW,BE,BE,forecast_onshore_wind_generation,Wind Onshore,2026-08-15T16:54:30Z
2026-08-15T16:54:08Z,2026-08-15T18:54:08+0200,abd343d7-ea94-491b-9c8b-f5aa6e5cfd1f,2026-08-12T22:00:00Z,2026-08-13T00:00:00+0200,787.1,MW,BE,BE,forecast_onshore_wind_generation,Wind Onshore,2026-08-15T16:54:30Z
2026-08-15T16:54:08Z,2026-08-15T18:54:08+0200,abd343d7-ea94-491b-9c8b-f5aa6e5cfd1f,2026-08-12T23:00:00Z,2026-08-13T01:00:00+0200,737.125,MW,BE,BE,forecast_onshore_wind_generation,Wind Onshore,2026-08-15T16:54:30Z
2026-08-15T16:54:08Z,2026-08-15T18:54:08+0200,abd343d7-ea94-491b-9c8b-f5aa6e5cfd1f,2026-08-13T00:00:00Z,2026-08-13T02:00:00+0200,708.275,MW,BE,BE,forecast_onshore_wind_generation,Wind Onshore,2026-08-15T16:54:30Z
2026-08-15T16:54:08Z,2026-08-15T18:54:08+0200,abd343d7-ea94-491b-9c8b-f5aa6e5cfd1f,2026-08-13T01:00:00Z,2026-08-13T03:00:00+0200,684.55,MW,BE,BE,forecast_onshore_wind_generation,Wind Onshore,2026-08-15T16:54:30Z
2026-08-15T16:54:08Z,2026-08-15T18:54:08+0200,abd343d7-ea94-491b-9c8b-f5aa6e5cfd1f,2026-08-13T02:00:00Z,2026-08-13T04:00:00+0200,663.85,MW,BE,BE,forecast_onshore_wind_generation,Wind Onshore,2026-08-15T16:54:30Z
2026-08-15T16:54:08Z,2026-08-15T18:54:08+0200,abd343d7-ea94-491b-9c8b-f5aa6e5cfd1f,2026-08-13T03:00:00Z,2026-08-13T05:00:00+0200,636.275,MW,BE,BE,forecast_onshore_wind_generation,Wind Onshore,2026-08-15T16:54:30Z
2026-08-15T16:54:08Z,2026-08-15T18:54:08+0200,abd343d7-ea94-491b-9c8b-f5aa6e5cfd1f,2026-08-13T04:00:00Z,2026-08-13T06:00:00+0200,597.4,MW,BE,BE,forecast_onshore_wind_generation,Wind Onshore,2026-08-15T16:54:30Z
2026-08-15T16:54:08Z,2026-08-15T18:54:08+0200,abd343d7-ea94-491b-9c8b-f5aa6e5cfd1f,2026-08-13T05:00:00Z,2026-08-13T07:00:00+0200,518.65,MW,BE,BE,forecast_onshore_wind_generation,Wind Onshore,2026-08-15T16:54:30Z
2026-08-15T16:54:08Z,2026-08-15T18:54:08+0200,abd343d7-ea94-491b-9c8b-f5aa6e5cfd1f,2026-08-13T06:00:00Z,2026-08-13T08:00:00+0200,406.05,MW,BE,BE,forecast_onshore_wind_generation,Wind Onshore,2026-08-15T16:54:30Z
2026-08-15T16:54:08Z,2026-08-15T18:54:08+0200,abd343d7-ea94-491b-9c8b-f5aa6e5cfd1f,2026-08-13T07:00:00Z,2026-08-13T09:00:00+0200,198.075,MW,BE,BE,forecast_onshore_wind_generation,Wind Onshore,2026-08-15T16:54:30Z
2026-08-15T16:54:08Z,2026-08-15T18:54:08+0200,abd343d7-ea94-491b-9c8b-f5aa6e5cfd1f,2026-08-13T08:00:00Z,2026-08-13T10:00:00+0200,54.85,MW,BE,BE,forecast_onshore_wind_generation,Wind Onshore,2026-08-15T16:54:30Z
2026-08-15T16:54:08Z,2026-08-15T18:54:08+0200,abd343d7-ea94-491b-9c8b-f5aa6e5cfd1f,2026-08-13T09:00:00Z,2026-08-13T11:00:00+0200,27.325,MW,BE,BE,forecast_onshore_wind_generation,Wind Onshore,2026-08-15T16:54:30Z
2026-08-15T16:54:08Z,2026-08-15T18:54:08+0200,abd343d7-ea94-491b-9c8b-f5aa6e5cfd1f,2026-08-13T10:00:00Z,2026-08-13T12:00:00+0200,25.625,MW,BE,BE,forecast_onshore_wind_generation,Wind Onshore,2026-08-15T16:54:30Z
2026-08-15T16:54:08Z,2026-08-15T18:54:08+0200,abd343d7-ea94-491b-9c8b-f5aa6e5cfd1f,2026-08-13T11:00:00Z,2026-08-13T13:00:00+0200,25.875,MW,BE,BE,forecast_onshore_wind_generation,Wind Onshore,2026-08-15T16:54:30Z
2026-08-15T16:54:08Z,2026-08-15T18:54:08+0200,abd343d7-ea94-491b-9c8b-f5aa6e5cfd1f,2026-08-13T12:00:00Z,2026-08-13T14:00:00+0200,23.225,MW,BE,BE,forecast_onshore_wind_generation,Wind Onshore,2026-08-15T16:54:30Z
2026-08-15T16:54:08Z,2026-08-15T18:54:08+0200,abd343d7-ea94-491b-9c8b-f5aa6e5cfd1f,2026-08-13T13:00:00Z,2026-08-13T15:00:00+0200,18.3,MW,BE,BE,forecast_onshore_wind_generation,Wind Onshore,2026-08-15T16:54:30Z
2026-08-15T16:54:08Z,2026-08-15T18:54:08+0200,abd343d7-ea94-491b-9c8b-f5aa6e5cfd1f,2026-08-13T14:00:00Z,2026-08-13T16:00:00+0200,14.775,MW,BE,BE,forecast_onshore_wind_generation,Wind Onshore,2026-08-15T16:54:30Z
2026-08-15T16:54:08Z,2026-08-15T18:54:08+0200,abd343d7-ea94-491b-9c8b-f5aa6e5cfd1f,2026-08-13T15:00:00Z,2026-08-13T17:00:00+0200,14.375,MW,BE,BE,forecast_onshore_wind_generation,Wind Onshore,2026-08-15T16:54:30Z
2026-08-15T16:54:08Z,2026-08-15T18:54:08+0200,abd343d7-ea94-491b-9c8b-f5aa6e5cfd1f,2026-08-13T16:00:00Z,2026-08-13T18:00:00+0200,18.1,MW,BE,BE,forecast_onshore_wind_generation,Wind Onshore,2026-08-15T16:54:30Z
2026-08-15T16:54:08Z,2026-08-15T18:54:08+0200,abd343d7-ea94-491b-9c8b-f5aa6e5cfd1f,2026-08-13T17:00:00Z,2026-08-13T19:00:00+0200,31.7,MW,BE,BE,forecast_onshore_wind_generation,Wind Onshore,2026-08-15T16:54:30Z
2026-08-15T16:54:08Z,2026-08-15T18:54:08+0200,abd343d7-ea94-491b-9c8b-f5aa6e5cfd1f,2026-08-13T18:00:00Z,2026-08-13T20:00:00+0200,83.8,MW,BE,BE,forecast_onshore_wind_generation,Wind Onshore,2026-08-15T16:54:30Z
2026-08-15T16:54:08Z,2026-08-15T18:54:08+0200,abd343d7-ea94-491b-9c8b-f5aa6e5cfd1f,2026-08-13T19:00:00Z,2026-08-13T21:00:00+0200,158.9,MW,BE,BE,forecast_onshore_wind_generation,Wind Onshore,2026-08-15T16:54:30Z
2026-08-15T16:54:08Z,2026-08-15T18:54:08+0200,abd343d7-ea94-491b-9c8b-f5aa6e5cfd1f,2026-08-13T20:00:00Z,2026-08-13T22:00:00+0200,203.525,MW,BE,BE,forecast_onshore_wind_generation,Wind Onshore,2026-08-15T16:54:30Z
2026-08-15T16:54:08Z,2026-08-15T18:54:08+0200,abd343d7-ea94-491b-9c8b-f5aa6e5cfd1f,2026-08-13T21:00:00Z,2026-08-13T23:00:00+0200,204.75,MW,BE,BE,forecast_onshore_wind_generation,Wind Onshore,2026-08-15T16:54:30Z
2026-08-15T16:54:08Z,2026-08-15T18:54:08+0200,abd343d7-ea94-491b-9c8b-f5aa6e5cfd1f,2026-08-13T22:00:00Z,2026-08-14T00:00:00+0200,133.3,MW,BE,BE,forecast_onshore_wind_generation,Wind Onshore,2026-08-15T16:54:30Z
2026-08-15T16:54:08Z,2026-08-15T18:54:08+0200,abd343d7-ea94-491b-9c8b-f5aa6e5cfd1f,2026-08-13T23:00:00Z,2026-08-14T01:00:00+0200,119.525,MW,BE,BE,forecast_onshore_wind_generation,Wind Onshore,2026-08-15T16:54:30Z
2026-08-15T16:54:08Z,2026-08-15T18:54:08+0200,abd343d7-ea94-491b-9c8b-f5aa6e5cfd1f,2026-08-14T00:00:00Z,2026-08-14T02:00:00+0200,112.975,MW,BE,BE,forecast_onshore_wind_generation,Wind Onshore,2026-08-15T16:54:30Z
2026-08-15T16:54:08Z,2026-08-15T18:54:08+0200,abd343d7-ea94-491b-9c8b-f5aa6e5cfd1f,2026-08-14T01:00:00Z,2026-08-14T03:00:00+0200,120.175,MW,BE,BE,forecast_onshore_wind_generation,Wind Onshore,2026-08-15T16:54:30Z
2026-08-15T16:54:08Z,2026-08-15T18:54:08+0200,abd343d7-ea94-491b-9c8b-f5aa6e5cfd1f,2026-08-14T02:00:00Z,2026-08-14T04:00:00+0200,119.275,MW,BE,BE,forecast_onshore_wind_generation,Wind Onshore,2026-08-15T16:54:30Z
2026-08-15T16:54:08Z,2026-08-15T18:54:08+0200,abd343d7-ea94-491b-9c8b-f5aa6e5cfd1f,2026-08-14T03:00:00Z,2026-08-14T05:00:00+0200,112.5,MW,BE,BE,forecast_onshore_wind_generation,Wind Onshore,2026-08-15T16:54:30Z
2026-08-15T16:54:08Z,2026-08-15T18:54:08+0200,abd343d7-ea94-491b-9c8b-f5aa6e5cfd1f,2026-08-14T04:00:00Z,2026-08-14T06:00:00+0200,113.15,MW,BE,BE,forecast_onshore_wind_generation,Wind Onshore,2026-08-15T16:54:30Z
2026-08-15T16:54:08Z,2026-08-15T18:54:08+0200,abd343d7-ea94-491b-9c8b-f5aa6e5cfd1f,2026-08-14T05:00:00Z,2026-08-14T07:00:00+0200,124.175,MW,BE,BE,forecast_onshore_wind_generation,Wind Onshore,2026-08-15T16:54:30Z
2026-08-15T16:54:08Z,2026-08-15T18:54:08+0200,abd343d7-ea94-491b-9c8b-f5aa6e5cfd1f,2026-08-14T06:00:00Z,2026-08-14T08:00:00+0200,128.675,MW,BE,BE,forecast_onshore_wind_generation,Wind Onshore,2026-08-15T16:54:30Z
2026-08-15T16:54:08Z,2026-08-15T18:54:08+0200,abd343d7-ea94-491b-9c8b-f5aa6e5cfd1f,2026-08-14T07:00:00Z,2026-08-14T09:00:00+0200,95.65,MW,BE,BE,forecast_onshore_wind_generation,Wind Onshore,2026-08-15T16:54:30Z
2026-08-15T16:54:08Z,2026-08-15T18:54:08+0200,abd343d7-ea94-491b-9c8b-f5aa6e5cfd1f,2026-08-14T08:00:00Z,2026-08-14T10:00:00+0200,28.55,MW,BE,BE,forecast_onshore_wind_generation,Wind Onshore,2026-08-15T16:54:30Z
2026-08-15T16:54:08Z,2026-08-15T18:54:08+0200,abd343d7-ea94-491b-9c8b-f5aa6e5cfd1f,2026-08-14T09:00:00Z,2026-08-14T11:00:00+0200,14.3,MW,BE,BE,forecast_onshore_wind_generation,Wind Onshore,2026-08-15T16:54:30Z
2026-08-15T16:54:08Z,2026-08-15T18:54:08+0200,abd343d7-ea94-491b-9c8b-f5aa6e5cfd1f,2026-08-14T10:00:00Z,2026-08-14T12:00:00+0200,20.275,MW,BE,BE,forecast_onshore_wind_generation,Wind Onshore,2026-08-15T16:54:30Z
2026-08-15T16:54:08Z,2026-08-15T18:54:08+0200,abd343d7-ea94-491b-9c8b-f5aa6e5cfd1f,2026-08-14T11:00:00Z,2026-08-14T13:00:00+0200,29.625,MW,BE,BE,forecast_onshore_wind_generation,Wind Onshore,2026-08-15T16:54:30Z
2026-08-15T16:54:08Z,2026-08-15T18:54:08+0200,abd343d7-ea94-491b-9c8b-f5aa6e5cfd1f,2026-08-14T12:00:00Z,2026-08-14T14:00:00+0200,43.025,MW,BE,BE,forecast_onshore_wind_generation,Wind Onshore,2026-08-15T16:54:30Z
2026-08-15T16:54:08Z,2026-08-15T18:54:08+0200,abd343d7-ea94-491b-9c8b-f5aa6e5cfd1f,2026-08-14T13:00:00Z,2026-08-14T15:00:00+0200,67.525,MW,BE,BE,forecast_onshore_wind_generation,Wind Onshore,2026-08-15T16:54:30Z
2026-08-15T16:54:08Z,2026-08-15T18:54:08+0200,abd343d7-ea94-491b-9c8b-f5aa6e5cfd1f,2026-08-14T14:00:00Z,2026-08-14T16:00:00+0200,101.175,MW,BE,BE,forecast_onshore_wind_generation,Wind Onshore,2026-08-15T16:54:30Z
2026-08-15T16:54:08Z,2026-08-15T18:54:08+0200,abd343d7-ea94-491b-9c8b-f5aa6e5cfd1f,2026-08-14T15:00:00Z,2026-08-14T17:00:00+0200,138.275,MW,BE,BE,forecast_onshore_wind_generation,Wind Onshore,2026-08-15T16:54:30Z
2026-08-15T16:54:08Z,2026-08-15T18:54:08+0200,abd343d7-ea94-491b-9c8b-f5aa6e5cfd1f,2026-08-14T16:00:00Z,2026-08-14T18:00:00+0200,176.475,MW,BE,BE,forecast_onshore_wind_generation,Wind Onshore,2026-08-15T16:54:30Z
2026-08-15T16:54:08Z,2026-08-15T18:54:08+0200,abd343d7-ea94-491b-9c8b-f5aa6e5cfd1f,2026-08-14T17:00:00Z,2026-08-14T19:00:00+0200,213.2,MW,BE,BE,forecast_onshore_wind_generation,Wind Onshore,2026-08-15T16:54:30Z
2026-08-15T16:54:08Z,2026-08-15T18:54:08+0200,abd343d7-ea94-491b-9c8b-f5aa6e5cfd1f,2026-08-14T18:00:00Z,2026-08-14T20:00:00+0200,246.05,MW,BE,BE,forecast_onshore_wind_generation,Wind Onshore,2026-08-15T16:54:30Z
2026-08-15T16:54:08Z,2026-08-15T18:54:08+0200,abd343d7-ea94-491b-9c8b-f5aa6e5cfd1f,2026-08-14T19:00:00Z,2026-08-14T21:00:00+0200,266.175,MW,BE,BE,forecast_onshore_wind_generation,Wind Onshore,2026-08-15T16:54:30Z
2026-08-15T16:54:08Z,2026-08-15T18:54:08+0200,abd343d7-ea94-491b-9c8b-f5aa6e5cfd1f,2026-08-14T20:00:00Z,2026-08-14T22:00:00+0200,272.675,MW,BE,BE,forecast_onshore_wind_generation,Wind Onshore,2026-08-15T16:54:30Z
2026-08-15T16:54:08Z,2026-08-15T18:54:08+0200,abd343d7-ea94-491b-9c8b-f5aa6e5cfd1f,2026-08-14T21:00:00Z,2026-08-14T23:00:00+0200,267.975,MW,BE,BE,forecast_onshore_wind_generation,Wind Onshore,2026-08-15T16:54:30Z
2026-08-15T16:54:08Z,2026-08-15T18:54:08+0200,abd343d7-ea94-491b-9c8b-f5aa6e5cfd1f,2026-08-14T22:00:00Z,2026-08-15T00:00:00+0200,215.775,MW,BE,BE,forecast_onshore_wind_generation,Wind Onshore,2026-08-15T16:54:30Z
2026-08-15T16:54:08Z,2026-08-15T18:54:08+0200,abd343d7-ea94-491b-9c8b-f5aa6e5cfd1f,2026-08-14T23:00:00Z,2026-08-15T01:00:00+0200,250.85,MW,BE,BE,forecast_onshore_wind_generation,Wind Onshore,2026-08-15T16:54:30Z
2026-08-15T16:54:08Z,2026-08-15T18:54:08+0200,abd343d7-ea94-491b-9c8b-f5aa6e5cfd1f,2026-08-15T00:00:00Z,2026-08-15T02:00:00+0200,262.35,MW,BE,BE,forecast_onshore_wind_generation,Wind Onshore,2026-08-15T16:54:30Z
2026-08-15T16:54:08Z,2026-08-15T18:54:08+0200,abd343d7-ea94-491b-9c8b-f5aa6e5cfd1f,2026-08-15T01:00:00Z,2026-08-15T03:00:00+0200,237.575,MW,BE,BE,forecast_onshore_wind_generation,Wind Onshore,2026-08-15T16:54:30Z
2026-08-15T16:54:08Z,2026-08-15T18:54:08+0200,abd343d7-ea94-491b-9c8b-f5aa6e5cfd1f,2026-08-15T02:00:00Z,2026-08-15T04:00:00+0200,221.9,MW,BE,BE,forecast_onshore_wind_generation,Wind Onshore,2026-08-15T16:54:30Z
2026-08-15T16:54:08Z,2026-08-15T18:54:08+0200,abd343d7-ea94-491b-9c8b-f5aa6e5cfd1f,2026-08-15T03:00:00Z,2026-08-15T05:00:00+0200,225.775,MW,BE,BE,forecast_onshore_wind_generation,Wind Onshore,2026-08-15T16:54:30Z
2026-08-15T16:54:08Z,2026-08-15T18:54:08+0200,abd343d7-ea94-491b-9c8b-f5aa6e5cfd1f,2026-08-15T04:00:00Z,2026-08-15T06:00:00+0200,234.45,MW,BE,BE,forecast_onshore_wind_generation,Wind Onshore,2026-08-15T16:54:30Z
2026-08-15T16:54:08Z,2026-08-15T18:54:08+0200,abd343d7-ea94-491b-9c8b-f5aa6e5cfd1f,2026-08-15T05:00:00Z,2026-08-15T07:00:00+0200,223.2,MW,BE,BE,forecast_onshore_wind_generation,Wind Onshore,2026-08-15T16:54:30Z
2026-08-15T16:54:08Z,2026-08-15T18:54:08+0200,abd343d7-ea94-491b-9c8b-f5aa6e5cfd1f,2026-08-15T06:00:00Z,2026-08-15T08:00:00+0200,155.925,MW,BE,BE,forecast_onshore_wind_generation,Wind Onshore,2026-08-15T16:54:30Z
2026-08-15T16:54:08Z,2026-08-15T18:54:08+0200,abd343d7-ea94-491b-9c8b-f5aa6e5cfd1f,2026-08-15T07:00:00Z,2026-08-15T09:00:00+0200,102.15,MW,BE,BE,forecast_onshore_wind_generation,Wind Onshore,2026-08-15T16:54:30Z
2026-08-15T16:54:08Z,2026-08-15T18:54:08+0200,abd343d7-ea94-491b-9c8b-f5aa6e5cfd1f,2026-08-15T08:00:00Z,2026-08-15T10:00:00+0200,62.325,MW,BE,BE,forecast_onshore_wind_generation,Wind Onshore,2026-08-15T16:54:30Z
2026-08-15T16:54:08Z,2026-08-15T18:54:08+0200,abd343d7-ea94-491b-9c8b-f5aa6e5cfd1f,2026-08-15T09:00:00Z,2026-08-15T11:00:00+0200,54.925,MW,BE,BE,forecast_onshore_wind_generation,Wind Onshore,2026-08-15T16:54:30Z
2026-08-15T16:54:08Z,2026-08-15T18:54:08+0200,abd343d7-ea94-491b-9c8b-f5aa6e5cfd1f,2026-08-15T10:00:00Z,2026-08-15T12:00:00+0200,77.05,MW,BE,BE,forecast_onshore_wind_generation,Wind Onshore,2026-08-15T16:54:30Z
2026-08-15T16:54:08Z,2026-08-15T18:54:08+0200,abd343d7-ea94-491b-9c8b-f5aa6e5cfd1f,2026-08-15T11:00:00Z,2026-08-15T13:00:00+0200,142.775,MW,BE,BE,forecast_onshore_wind_generation,Wind Onshore,2026-08-15T16:54:30Z
2026-08-15T16:54:08Z,2026-08-15T18:54:08+0200,abd343d7-ea94-491b-9c8b-f5aa6e5cfd1f,2026-08-15T12:00:00Z,2026-08-15T14:00:00+0200,177.875,MW,BE,BE,forecast_onshore_wind_generation,Wind Onshore,2026-08-15T16:54:30Z
2026-08-15T16:54:08Z,2026-08-15T18:54:08+0200,abd343d7-ea94-491b-9c8b-f5aa6e5cfd1f,2026-08-15T13:00:00Z,2026-08-15T15:00:00+0200,196.15,MW,BE,BE,forecast_onshore_wind_generation,Wind Onshore,2026-08-15T16:54:30Z
2026-08-15T16:54:08Z,2026-08-15T18:54:08+0200,abd343d7-ea94-491b-9c8b-f5aa6e5cfd1f,2026-08-15T14:00:00Z,2026-08-15T16:00:00+0200,218.925,MW,BE,BE,forecast_onshore_wind_generation,Wind Onshore,2026-08-15T16:54:30Z
2026-08-15T16:54:08Z,2026-08-15T18:54:08+0200,abd343d7-ea94-491b-9c8b-f5aa6e5cfd1f,2026-08-15T15:00:00Z,2026-08-15T17:00:00+0200,243.675,MW,BE,BE,forecast_onshore_wind_generation,Wind Onshore,2026-08-15T16:54:30Z
2026-08-15T16:54:08Z,2026-08-15T18:54:08+0200,abd343d7-ea94-491b-9c8b-f5aa6e5cfd1f,2026-08-15T16:00:00Z,2026-08-15T18:00:00+0200,278.725,MW,BE,BE,forecast_onshore_wind_generation,Wind Onshore,2026-08-15T16:54:30Z
