collection_time_utc,collection_time_local,run_id,timestamp_utc,timestamp_local,value,unit,country,entsoe_area,variable,source,updated_at_utc
2026-07-27T14:54:16Z,2026-07-27T16:54:16+0200,6e7a462e-9eec-47a6-a2b0-092174843598,2026-06-26T15:00:00Z,2026-06-26T17:00:00+0200,10480.18,MW,BE,BE,forecast_load,Forecasted Load,2026-07-27T14:54:27Z
2026-07-27T14:54:16Z,2026-07-27T16:54:16+0200,6e7a462e-9eec-47a6-a2b0-092174843598,2026-06-26T15:15:00Z,2026-06-26T17:15:00+0200,10431.68,MW,BE,BE,forecast_load,Forecasted Load,2026-07-27T14:54:27Z
2026-07-27T14:54:16Z,2026-07-27T16:54:16+0200,6e7a462e-9eec-47a6-a2b0-092174843598,2026-06-26T15:30:00Z,2026-06-26T17:30:00+0200,10492.12,MW,BE,BE,forecast_load,Forecasted Load,2026-07-27T14:54:27Z
2026-07-27T14:54:16Z,2026-07-27T16:54:16+0200,6e7a462e-9eec-47a6-a2b0-092174843598,2026-06-26T15:45:00Z,2026-06-26T17:45:00+0200,10423.77,MW,BE,BE,forecast_load,Forecasted Load,2026-07-27T14:54:27Z
2026-07-27T14:54:16Z,2026-07-27T16:54:16+0200,6e7a462e-9eec-47a6-a2b0-092174843598,2026-06-26T16:00:00Z,2026-06-26T18:00:00+0200,10553.55,MW,BE,BE,forecast_load,Forecasted Load,2026-07-27T14:54:27Z
2026-07-27T14:54:16Z,2026-07-27T16:54:16+0200,6e7a462e-9eec-47a6-a2b0-092174843598,2026-06-26T16:15:00Z,2026-06-26T18:15:00+0200,10480.53,MW,BE,BE,forecast_load,Forecasted Load,2026-07-27T14:54:27Z
2026-07-27T14:54:16Z,2026-07-27T16:54:16+0200,6e7a462e-9eec-47a6-a2b0-092174843598,2026-06-26T16:30:00Z,2026-06-26T18:30:00+0200,10444.14,MW,BE,BE,forecast_load,Forecasted Load,2026-07-27T14:54:27Z
2026-07-27T14:54:16Z,2026-07-27T16:54:16+0200,6e7a462e-9eec-47a6-a2b0-092174843598,2026-06-26T16:45:00Z,2026-06-26T18:45:00+0200,10366.6,MW,BE,BE,forecast_load,Forecasted Load,2026-07-27T14:54:27Z
2026-07-27T14:54:16Z,2026-07-27T16:54:16+0200,6e7a462e-9eec-47a6-a2b0-092174843598,2026-06-26T17:00:00Z,2026-06-26T19:00:00+0200,10290.03,MW,BE,BE,forecast_load,Forecasted Load,2026-07-27T14:54:27Z
2026-07-27T14:54:16Z,2026-07-27T16:54:16+0200,6e7a462e-9eec-47a6-a2b0-092174843598,2026-06-26T17:15:00Z,2026-06-26T19:15:00+0200,10185.26,MW,BE,BE,forecast_load,Forecasted Load,2026-07-27T14:54:27Z
2026-07-27T14:54:16Z,2026-07-27T16:54:16+0200,6e7a462e-9eec-47a6-a2b0-092174843598,2026-06-26T17:30:00Z,2026-06-26T19:30:00+0200,10088.59,MW,BE,BE,forecast_load,Forecasted Load,2026-07-27T14:54:27Z
2026-07-27T14:54:16Z,2026-07-27T16:54:16+0200,6e7a462e-9eec-47a6-a2b0-092174843598,2026-06-26T17:45:00Z,2026-06-26T19:45:00+0200,9985.09,MW,BE,BE,forecast_load,Forecasted Load,2026-07-27T14:54:27Z
2026-07-27T14:54:16Z,2026-07-27T16:54:16+0200,6e7a462e-9eec-47a6-a2b0-092174843598,2026-06-26T18:00:00Z,2026-06-26T20:00:00+0200,9905.08,MW,BE,BE,forecast_load,Forecasted Load,2026-07-27T14:54:27Z
2026-07-27T14:54:16Z,2026-07-27T16:54:16+0200,6e7a462e-9eec-47a6-a2b0-092174843598,2026-06-26T18:15:00Z,2026-06-26T20:15:00+0200,9837.97,MW,BE,BE,forecast_load,Forecasted Load,2026-07-27T14:54:27Z
2026-07-27T14:54:16Z,2026-07-27T16:54:16+0200,6e7a462e-9eec-47a6-a2b0-092174843598,2026-06-26T18:30:00Z,2026-06-26T20:30:00+0200,9714.39,MW,BE,BE,forecast_load,Forecasted Load,2026-07-27T14:54:27Z
2026-07-27T14:54:16Z,2026-07-27T16:54:16+0200,6e7a462e-9eec-47a6-a2b0-092174843598,2026-06-26T18:45:00Z,2026-06-26T20:45:00+0200,9654.33,MW,BE,BE,forecast_load,Forecasted Load,2026-07-27T14:54:27Z
2026-07-27T14:54:16Z,2026-07-27T16:54:16+0200,6e7a462e-9eec-47a6-a2b0-092174843598,2026-06-26T19:00:00Z,2026-06-26T21:00:00+0200,9608.71,MW,BE,BE,forecast_load,Forecasted Load,2026-07-27T14:54:27Z
2026-07-27T14:54:16Z,2026-07-27T16:54:16+0200,6e7a462e-9eec-47a6-a2b0-092174843598,2026-06-26T19:15:00Z,2026-06-26T21:15:00+0200,9527.58,MW,BE,BE,forecast_load,Forecasted Load,2026-07-27T14:54:27Z
2026-07-27T14:54:16Z,2026-07-27T16:54:16+0200,6e7a462e-9eec-47a6-a2b0-092174843598,2026-06-26T19:30:00Z,2026-06-26T21:30:00+0200,9486.12,MW,BE,BE,forecast_load,Forecasted Load,2026-07-27T14:54:27Z
2026-07-27T14:54:16Z,2026-07-27T16:54:16+0200,6e7a462e-9eec-47a6-a2b0-092174843598,2026-06-26T19:45:00Z,2026-06-26T21:45:00+0200,9484.91,MW,BE,BE,forecast_load,Forecasted Load,2026-07-27T14:54:27Z
2026-07-27T14:54:16Z,2026-07-27T16:54:16+0200,6e7a462e-9eec-47a6-a2b0-092174843598,2026-06-26T20:00:00Z,2026-06-26T22:00:00+0200,9630.37,MW,BE,BE,forecast_load,Forecasted Load,2026-07-27T14:54:27Z
2026-07-27T14:54:16Z,2026-07-27T16:54:16+0200,6e7a462e-9eec-47a6-a2b0-092174843598,2026-06-26T20:15:00Z,2026-06-26T22:15:00+0200,9689.66,MW,BE,BE,forecast_load,Forecasted Load,2026-07-27T14:54:27Z
2026-07-27T14:54:16Z,2026-07-27T16:54:16+0200,6e7a462e-9eec-47a6-a2b0-092174843598,2026-06-26T20:30:00Z,2026-06-26T22:30:00+0200,9681.93,MW,BE,BE,forecast_load,Forecasted Load,2026-07-27T14:54:27Z
2026-07-27T14:54:16Z,2026-07-27T16:54:16+0200,6e7a462e-9eec-47a6-a2b0-092174843598,2026-06-26T20:45:00Z,2026-06-26T22:45:00+0200,9593.22,MW,BE,BE,forecast_load,Forecasted Load,2026-07-27T14:54:27Z
2026-07-27T14:54:16Z,2026-07-27T16:54:16+0200,6e7a462e-9eec-47a6-a2b0-092174843598,2026-06-26T21:00:00Z,2026-06-26T23:00:00+0200,9504.39,MW,BE,BE,forecast_load,Forecasted Load,2026-07-27T14:54:27Z
2026-07-27T14:54:16Z,2026-07-27T16:54:16+0200,6e7a462e-9eec-47a6-a2b0-092174843598,2026-06-26T21:15:00Z,2026-06-26T23:15:00+0200,9388.01,MW,BE,BE,forecast_load,Forecasted Load,2026-07-27T14:54:27Z
2026-07-27T14:54:16Z,2026-07-27T16:54:16+0200,6e7a462e-9eec-47a6-a2b0-092174843598,2026-06-26T21:30:00Z,2026-06-26T23:30:00+0200,9254.13,MW,BE,BE,forecast_load,Forecasted Load,2026-07-27T14:54:27Z
2026-07-27T14:54:16Z,2026-07-27T16:54:16+0200,6e7a462e-9eec-47a6-a2b0-092174843598,2026-06-26T21:45:00Z,2026-06-26T23:45:00+0200,9143.53,MW,BE,BE,forecast_load,Forecasted Load,2026-07-27T14:54:27Z
2026-07-27T14:54:16Z,2026-07-27T16:54:16+0200,6e7a462e-9eec-47a6-a2b0-092174843598,2026-06-26T22:00:00Z,2026-06-27T00:00:00+0200,9206.29,MW,BE,BE,forecast_load,Forecasted Load,2026-07-27T14:54:27Z
2026-07-27T14:54:16Z,2026-07-27T16:54:16+0200,6e7a462e-9eec-47a6-a2b0-092174843598,2026-06-26T22:15:00Z,2026-06-27T00:15:00+0200,9042.37,MW,BE,BE,forecast_load,Forecasted Load,2026-07-27T14:54:27Z
2026-07-27T14:54:16Z,2026-07-27T16:54:16+0200,6e7a462e-9eec-47a6-a2b0-092174843598,2026-06-26T22:30:00Z,2026-06-27T00:30:00+0200,8965.01,MW,BE,BE,forecast_load,Forecasted Load,2026-07-27T14:54:27Z
2026-07-27T14:54:16Z,2026-07-27T16:54:16+0200,6e7a462e-9eec-47a6-a2b0-092174843598,2026-06-26T22:45:00Z,2026-06-27T00:45:00+0200,8866.59,MW,BE,BE,forecast_load,Forecasted Load,2026-07-27T14:54:27Z
2026-07-27T14:54:16Z,2026-07-27T16:54:16+0200,6e7a462e-9eec-47a6-a2b0-092174843598,2026-06-26T23:00:00Z,2026-06-27T01:00:00+0200,8772.81,MW,BE,BE,forecast_load,Forecasted Load,2026-07-27T14:54:27Z
2026-07-27T14:54:16Z,2026-07-27T16:54:16+0200,6e7a462e-9eec-47a6-a2b0-092174843598,2026-06-26T23:15:00Z,2026-06-27T01:15:00+0200,8706.6,MW,BE,BE,forecast_load,Forecasted Load,2026-07-27T14:54:27Z
2026-07-27T14:54:16Z,2026-07-27T16:54:16+0200,6e7a462e-9eec-47a6-a2b0-092174843598,2026-06-26T23:30:00Z,2026-06-27T01:30:00+0200,8629.13,MW,BE,BE,forecast_load,Forecasted Load,2026-07-27T14:54:27Z
2026-07-27T14:54:16Z,2026-07-27T16:54:16+0200,6e7a462e-9eec-47a6-a2b0-092174843598,2026-06-26T23:45:00Z,2026-06-27T01:45:00+0200,8551.7,MW,BE,BE,forecast_load,Forecasted Load,2026-07-27T14:54:27Z
2026-07-27T14:54:16Z,2026-07-27T16:54:16+0200,6e7a462e-9eec-47a6-a2b0-092174843598,2026-06-27T00:00:00Z,2026-06-27T02:00:00+0200,8599.21,MW,BE,BE,forecast_load,Forecasted Load,2026-07-27T14:54:27Z
2026-07-27T14:54:16Z,2026-07-27T16:54:16+0200,6e7a462e-9eec-47a6-a2b0-092174843598,2026-06-27T00:15:00Z,2026-06-27T02:15:00+0200,8506.53,MW,BE,BE,forecast_load,Forecasted Load,2026-07-27T14:54:27Z
2026-07-27T14:54:16Z,2026-07-27T16:54:16+0200,6e7a462e-9eec-47a6-a2b0-092174843598,2026-06-27T00:30:00Z,2026-06-27T02:30:00+0200,8438.35,MW,BE,BE,forecast_load,Forecasted Load,2026-07-27T14:54:27Z
2026-07-27T14:54:16Z,2026-07-27T16:54:16+0200,6e7a462e-9eec-47a6-a2b0-092174843598,2026-06-27T00:45:00Z,2026-06-27T02:45:00+0200,8419.42,MW,BE,BE,forecast_load,Forecasted Load,2026-07-27T14:54:27Z
2026-07-27T14:54:16Z,2026-07-27T16:54:16+0200,6e7a462e-9eec-47a6-a2b0-092174843598,2026-06-27T01:00:00Z,2026-06-27T03:00:00+0200,8300.19,MW,BE,BE,forecast_load,Forecasted Load,2026-07-27T14:54:27Z
2026-07-27T14:54:16Z,2026-07-27T16:54:16+0200,6e7a462e-9eec-47a6-a2b0-092174843598,2026-06-27T01:15:00Z,2026-06-27T03:15:00+0200,8309.48,MW,BE,BE,forecast_load,Forecasted Load,2026-07-27T14:54:27Z
2026-07-27T14:54:16Z,2026-07-27T16:54:16+0200,6e7a462e-9eec-47a6-a2b0-092174843598,2026-06-27T01:30:00Z,2026-06-27T03:30:00+0200,8302.16,MW,BE,BE,forecast_load,Forecasted Load,2026-07-27T14:54:27Z
2026-07-27T14:54:16Z,2026-07-27T16:54:16+0200,6e7a462e-9eec-47a6-a2b0-092174843598,2026-06-27T01:45:00Z,2026-06-27T03:45:00+0200,8215.13,MW,BE,BE,forecast_load,Forecasted Load,2026-07-27T14:54:27Z
2026-07-27T14:54:16Z,2026-07-27T16:54:16+0200,6e7a462e-9eec-47a6-a2b0-092174843598,2026-06-27T02:00:00Z,2026-06-27T04:00:00+0200,8183.96,MW,BE,BE,forecast_load,Forecasted Load,2026-07-27T14:54:27Z
2026-07-27T14:54:16Z,2026-07-27T16:54:16+0200,6e7a462e-9eec-47a6-a2b0-092174843598,2026-06-27T02:15:00Z,2026-06-27T04:15:00+0200,8177.72,MW,BE,BE,forecast_load,Forecasted Load,2026-07-27T14:54:27Z
2026-07-27T14:54:16Z,2026-07-27T16:54:16+0200,6e7a462e-9eec-47a6-a2b0-092174843598,2026-06-27T02:30:00Z,2026-06-27T04:30:00+0200,8168.62,MW,BE,BE,forecast_load,Forecasted Load,2026-07-27T14:54:27Z
2026-07-27T14:54:16Z,2026-07-27T16:54:16+0200,6e7a462e-9eec-47a6-a2b0-092174843598,2026-06-27T02:45:00Z,2026-06-27T04:45:00+0200,8147.5,MW,BE,BE,forecast_load,Forecasted Load,2026-07-27T14:54:27Z
2026-07-27T14:54:16Z,2026-07-27T16:54:16+0200,6e7a462e-9eec-47a6-a2b0-092174843598,2026-06-27T03:00:00Z,2026-06-27T05:00:00+0200,8047.87,MW,BE,BE,forecast_load,Forecasted Load,2026-07-27T14:54:27Z
2026-07-27T14:54:16Z,2026-07-27T16:54:16+0200,6e7a462e-9eec-47a6-a2b0-092174843598,2026-06-27T03:15:00Z,2026-06-27T05:15:00+0200,8044.61,MW,BE,BE,forecast_load,Forecasted Load,2026-07-27T14:54:27Z
2026-07-27T14:54:16Z,2026-07-27T16:54:16+0200,6e7a462e-9eec-47a6-a2b0-092174843598,2026-06-27T03:30:00Z,2026-06-27T05:30:00+0200,8027.75,MW,BE,BE,forecast_load,Forecasted Load,2026-07-27T14:54:27Z
2026-07-27T14:54:16Z,2026-07-27T16:54:16+0200,6e7a462e-9eec-47a6-a2b0-092174843598,2026-06-27T03:45:00Z,2026-06-27T05:45:00+0200,8061.72,MW,BE,BE,forecast_load,Forecasted Load,2026-07-27T14:54:27Z
2026-07-27T14:54:16Z,2026-07-27T16:54:16+0200,6e7a462e-9eec-47a6-a2b0-092174843598,2026-06-27T04:00:00Z,2026-06-27T06:00:00+0200,8142.12,MW,BE,BE,forecast_load,Forecasted Load,2026-07-27T14:54:27Z
2026-07-27T14:54:16Z,2026-07-27T16:54:16+0200,6e7a462e-9eec-47a6-a2b0-092174843598,2026-06-27T04:15:00Z,2026-06-27T06:15:00+0200,8198.21,MW,BE,BE,forecast_load,Forecasted Load,2026-07-27T14:54:27Z
2026-07-27T14:54:16Z,2026-07-27T16:54:16+0200,6e7a462e-9eec-47a6-a2b0-092174843598,2026-06-27T04:30:00Z,2026-06-27T06:30:00+0200,8245.36,MW,BE,BE,forecast_load,Forecasted Load,2026-07-27T14:54:27Z
2026-07-27T14:54:16Z,2026-07-27T16:54:16+0200,6e7a462e-9eec-47a6-a2b0-092174843598,2026-06-27T04:45:00Z,2026-06-27T06:45:00+0200,8319.99,MW,BE,BE,forecast_load,Forecasted Load,2026-07-27T14:54:27Z
2026-07-27T14:54:16Z,2026-07-27T16:54:16+0200,6e7a462e-9eec-47a6-a2b0-092174843598,2026-06-27T05:00:00Z,2026-06-27T07:00:00+0200,8463.31,MW,BE,BE,forecast_load,Forecasted Load,2026-07-27T14:54:27Z
2026-07-27T14:54:16Z,2026-07-27T16:54:16+0200,6e7a462e-9eec-47a6-a2b0-092174843598,2026-06-27T05:15:00Z,2026-06-27T07:15:00+0200,8590.5,MW,BE,BE,forecast_load,Forecasted Load,2026-07-27T14:54:27Z
2026-07-27T14:54:16Z,2026-07-27T16:54:16+0200,6e7a462e-9eec-47a6-a2b0-092174843598,2026-06-27T05:30:00Z,2026-06-27T07:30:00+0200,8708.28,MW,BE,BE,forecast_load,Forecasted Load,2026-07-27T14:54:27Z
2026-07-27T14:54:16Z,2026-07-27T16:54:16+0200,6e7a462e-9eec-47a6-a2b0-092174843598,2026-06-27T05:45:00Z,2026-06-27T07:45:00+0200,8819.72,MW,BE,BE,forecast_load,Forecasted Load,2026-07-27T14:54:27Z
2026-07-27T14:54:16Z,2026-07-27T16:54:16+0200,6e7a462e-9eec-47a6-a2b0-092174843598,2026-06-27T06:00:00Z,2026-06-27T08:00:00+0200,8928.27,MW,BE,BE,forecast_load,Forecasted Load,2026-07-27T14:54:27Z
2026-07-27T14:54:16Z,2026-07-27T16:54:16+0200,6e7a462e-9eec-47a6-a2b0-092174843598,2026-06-27T06:15:00Z,2026-06-27T08:15:00+0200,9075.2,MW,BE,BE,forecast_load,Forecasted Load,2026-07-27T14:54:27Z
2026-07-27T14:54:16Z,2026-07-27T16:54:16+0200,6e7a462e-9eec-47a6-a2b0-092174843598,2026-06-27T06:30:00Z,2026-06-27T08:30:00+0200,9215.3,MW,BE,BE,forecast_load,Forecasted Load,2026-07-27T14:54:27Z
2026-07-27T14:54:16Z,2026-07-27T16:54:16+0200,6e7a462e-9eec-47a6-a2b0-092174843598,2026-06-27T06:45:00Z,2026-06-27T08:45:00+0200,9369.98,MW,BE,BE,forecast_load,Forecasted Load,2026-07-27T14:54:27Z
2026-07-27T14:54:16Z,2026-07-27T16:54:16+0200,6e7a462e-9eec-47a6-a2b0-092174843598,2026-06-27T07:00:00Z,2026-06-27T09:00:00+0200,9367.95,MW,BE,BE,forecast_load,Forecasted Load,2026-07-27T14:54:27Z
2026-07-27T14:54:16Z,2026-07-27T16:54:16+0200,6e7a462e-9eec-47a6-a2b0-092174843598,2026-06-27T07:15:00Z,2026-06-27T09:15:00+0200,9505.14,MW,BE,BE,forecast_load,Forecasted Load,2026-07-27T14:54:27Z
2026-07-27T14:54:16Z,2026-07-27T16:54:16+0200,6e7a462e-9eec-47a6-a2b0-092174843598,2026-06-27T07:30:00Z,2026-06-27T09:30:00+0200,9709.4,MW,BE,BE,forecast_load,Forecasted Load,2026-07-27T14:54:27Z
2026-07-27T14:54:16Z,2026-07-27T16:54:16+0200,6e7a462e-9eec-47a6-a2b0-092174843598,2026-06-27T07:45:00Z,2026-06-27T09:45:00+0200,9857.77,MW,BE,BE,forecast_load,Forecasted Load,2026-07-27T14:54:27Z
2026-07-27T14:54:16Z,2026-07-27T16:54:16+0200,6e7a462e-9eec-47a6-a2b0-092174843598,2026-06-27T08:00:00Z,2026-06-27T10:00:00+0200,9822.37,MW,BE,BE,forecast_load,Forecasted Load,2026-07-27T14:54:27Z
2026-07-27T14:54:16Z,2026-07-27T16:54:16+0200,6e7a462e-9eec-47a6-a2b0-092174843598,2026-06-27T08:15:00Z,2026-06-27T10:15:00+0200,9957.93,MW,BE,BE,forecast_load,Forecasted Load,2026-07-27T14:54:27Z
2026-07-27T14:54:16Z,2026-07-27T16:54:16+0200,6e7a462e-9eec-47a6-a2b0-092174843598,2026-06-27T08:30:00Z,2026-06-27T10:30:00+0200,10044.74,MW,BE,BE,forecast_load,Forecasted Load,2026-07-27T14:54:27Z
2026-07-27T14:54:16Z,2026-07-27T16:54:16+0200,6e7a462e-9eec-47a6-a2b0-092174843598,2026-06-27T08:45:00Z,2026-06-27T10:45:00+0200,10138.36,MW,BE,BE,forecast_load,Forecasted Load,2026-07-27T14:54:27Z
2026-07-27T14:54:16Z,2026-07-27T16:54:16+0200,6e7a462e-9eec-47a6-a2b0-092174843598,2026-06-27T09:00:00Z,2026-06-27T11:00:00+0200,10182.38,MW,BE,BE,forecast_load,Forecasted Load,2026-07-27T14:54:27Z
2026-07-27T14:54:16Z,2026-07-27T16:54:16+0200,6e7a462e-9eec-47a6-a2b0-092174843598,2026-06-27T09:15:00Z,2026-06-27T11:15:00+0200,10251.87,MW,BE,BE,forecast_load,Forecasted Load,2026-07-27T14:54:27Z
2026-07-27T14:54:16Z,2026-07-27T16:54:16+0200,6e7a462e-9eec-47a6-a2b0-092174843598,2026-06-27T09:30:00Z,2026-06-27T11:30:00+0200,10386.25,MW,BE,BE,forecast_load,Forecasted Load,2026-07-27T14:54:27Z
2026-07-27T14:54:16Z,2026-07-27T16:54:16+0200,6e7a462e-9eec-47a6-a2b0-092174843598,2026-06-27T09:45:00Z,2026-06-27T11:45:00+0200,10463.22,MW,BE,BE,forecast_load,Forecasted Load,2026-07-27T14:54:27Z
2026-07-27T14:54:16Z,2026-07-27T16:54:16+0200,6e7a462e-9eec-47a6-a2b0-092174843598,2026-06-27T10:00:00Z,2026-06-27T12:00:00+0200,10276.11,MW,BE,BE,forecast_load,Forecasted Load,2026-07-27T14:54:27Z
2026-07-27T14:54:16Z,2026-07-27T16:54:16+0200,6e7a462e-9eec-47a6-a2b0-092174843598,2026-06-27T10:15:00Z,2026-06-27T12:15:00+0200,10366.08,MW,BE,BE,forecast_load,Forecasted Load,2026-07-27T14:54:27Z
2026-07-27T14:54:16Z,2026-07-27T16:54:16+0200,6e7a462e-9eec-47a6-a2b0-092174843598,2026-06-27T10:30:00Z,2026-06-27T12:30:00+0200,10366.3,MW,BE,BE,forecast_load,Forecasted Load,2026-07-27T14:54:27Z
2026-07-27T14:54:16Z,2026-07-27T16:54:16+0200,6e7a462e-9eec-47a6-a2b0-092174843598,2026-06-27T10:45:00Z,2026-06-27T12:45:00+0200,10414.58,MW,BE,BE,forecast_load,Forecasted Load,2026-07-27T14:54:27Z
2026-07-27T14:54:16Z,2026-07-27T16:54:16+0200,6e7a462e-9eec-47a6-a2b0-092174843598,2026-06-27T11:00:00Z,2026-06-27T13:00:00+0200,10371.86,MW,BE,BE,forecast_load,Forecasted Load,2026-07-27T14:54:27Z
2026-07-27T14:54:16Z,2026-07-27T16:54:16+0200,6e7a462e-9eec-47a6-a2b0-092174843598,2026-06-27T11:15:00Z,2026-06-27T13:15:00+0200,10369.4,MW,BE,BE,forecast_load,Forecasted Load,2026-07-27T14:54:27Z
2026-07-27T14:54:16Z,2026-07-27T16:54:16+0200,6e7a462e-9eec-47a6-a2b0-092174843598,2026-06-27T11:30:00Z,2026-06-27T13:30:00+0200,10370.94,MW,BE,BE,forecast_load,Forecasted Load,2026-07-27T14:54:27Z
2026-07-27T14:54:16Z,2026-07-27T16:54:16+0200,6e7a462e-9eec-47a6-a2b0-092174843598,2026-06-27T11:45:00Z,2026-06-27T13:45:00+0200,10182.35,MW,BE,BE,forecast_load,Forecasted Load,2026-07-27T14:54:27Z
2026-07-27T14:54:16Z,2026-07-27T16:54:16+0200,6e7a462e-9eec-47a6-a2b0-092174843598,2026-06-27T12:00:00Z,2026-06-27T14:00:00+0200,10220.79,MW,BE,BE,forecast_load,Forecasted Load,2026-07-27T14:54:27Z
2026-07-27T14:54:16Z,2026-07-27T16:54:16+0200,6e7a462e-9eec-47a6-a2b0-092174843598,2026-06-27T12:15:00Z,2026-06-27T14:15:00+0200,10169.2,MW,BE,BE,forecast_load,Forecasted Load,2026-07-27T14:54:27Z
2026-07-27T14:54:16Z,2026-07-27T16:54:16+0200,6e7a462e-9eec-47a6-a2b0-092174843598,2026-06-27T12:30:00Z,2026-06-27T14:30:00+0200,9964.09,MW,BE,BE,forecast_load,Forecasted Load,2026-07-27T14:54:27Z
2026-07-27T14:54:16Z,2026-07-27T16:54:16+0200,6e7a462e-9eec-47a6-a2b0-092174843598,2026-06-27T12:45:00Z,2026-06-27T14:45:00+0200,9884.53,MW,BE,BE,forecast_load,Forecasted Load,2026-07-27T14:54:27Z
2026-07-27T14:54:16Z,2026-07-27T16:54:16+0200,6e7a462e-9eec-47a6-a2b0-092174843598,2026-06-27T13:00:00Z,2026-06-27T15:00:00+0200,9891.23,MW,BE,BE,forecast_load,Forecasted Load,2026-07-27T14:54:27Z
2026-07-27T14:54:16Z,2026-07-27T16:54:16+0200,6e7a462e-9eec-47a6-a2b0-092174843598,2026-06-27T13:15:00Z,2026-06-27T15:15:00+0200,9834.64,MW,BE,BE,forecast_load,Forecasted Load,2026-07-27T14:54:27Z
2026-07-27T14:54:16Z,2026-07-27T16:54:16+0200,6e7a462e-9eec-47a6-a2b0-092174843598,2026-06-27T13:30:00Z,2026-06-27T15:30:00+0200,9760.16,MW,BE,BE,forecast_load,Forecasted Load,2026-07-27T14:54:27Z
2026-07-27T14:54:16Z,2026-07-27T16:54:16+0200,6e7a462e-9eec-47a6-a2b0-092174843598,2026-06-27T13:45:00Z,2026-06-27T15:45:00+0200,9708.66,MW,BE,BE,forecast_load,Forecasted Load,2026-07-27T14:54:27Z
2026-07-27T14:54:16Z,2026-07-27T16:54:16+0200,6e7a462e-9eec-47a6-a2b0-092174843598,2026-06-27T14:00:00Z,2026-06-27T16:00:00+0200,9713.39,MW,BE,BE,forecast_load,Forecasted Load,2026-07-27T14:54:27Z
2026-07-27T14:54:16Z,2026-07-27T16:54:16+0200,6e7a462e-9eec-47a6-a2b0-092174843598,2026-06-27T14:15:00Z,2026-06-27T16:15:00+0200,9599.93,MW,BE,BE,forecast_load,Forecasted Load,2026-07-27T14:54:27Z
2026-07-27T14:54:16Z,2026-07-27T16:54:16+0200,6e7a462e-9eec-47a6-a2b0-092174843598,2026-06-27T14:30:00Z,2026-06-27T16:30:00+0200,9610.53,MW,BE,BE,forecast_load,Forecasted Load,2026-07-27T14:54:27Z
2026-07-27T14:54:16Z,2026-07-27T16:54:16+0200,6e7a462e-9eec-47a6-a2b0-092174843598,2026-06-27T14:45:00Z,2026-06-27T16:45:00+0200,9460.72,MW,BE,BE,forecast_load,Forecasted Load,2026-07-27T14:54:27Z
2026-07-27T14:54:16Z,2026-07-27T16:54:16+0200,6e7a462e-9eec-47a6-a2b0-092174843598,2026-06-27T15:00:00Z,2026-06-27T17:00:00+0200,9642.87,MW,BE,BE,forecast_load,Forecasted Load,2026-07-27T14:54:27Z
2026-07-27T14:54:16Z,2026-07-27T16:54:16+0200,6e7a462e-9eec-47a6-a2b0-092174843598,2026-06-27T15:15:00Z,2026-06-27T17:15:00+0200,9474.41,MW,BE,BE,forecast_load,Forecasted Load,2026-07-27T14:54:27Z
2026-07-27T14:54:16Z,2026-07-27T16:54:16+0200,6e7a462e-9eec-47a6-a2b0-092174843598,2026-06-27T15:30:00Z,2026-06-27T17:30:00+0200,9564.69,MW,BE,BE,forecast_load,Forecasted Load,2026-07-27T14:54:27Z
2026-07-27T14:54:16Z,2026-07-27T16:54:16+0200,6e7a462e-9eec-47a6-a2b0-092174843598,2026-06-27T15:45:00Z,2026-06-27T17:45:00+0200,9605.28,MW,BE,BE,forecast_load,Forecasted Load,2026-07-27T14:54:27Z
2026-07-27T14:54:16Z,2026-07-27T16:54:16+0200,6e7a462e-9eec-47a6-a2b0-092174843598,2026-06-27T16:00:00Z,2026-06-27T18:00:00+0200,9616.07,MW,BE,BE,forecast_load,Forecasted Load,2026-07-27T14:54:27Z
2026-07-27T14:54:16Z,2026-07-27T16:54:16+0200,6e7a462e-9eec-47a6-a2b0-092174843598,2026-06-27T16:15:00Z,2026-06-27T18:15:00+0200,9610.96,MW,BE,BE,forecast_load,Forecasted Load,2026-07-27T14:54:27Z
2026-07-27T14:54:16Z,2026-07-27T16:54:16+0200,6e7a462e-9eec-47a6-a2b0-092174843598,2026-06-27T16:30:00Z,2026-06-27T18:30:00+0200,9672.66,MW,BE,BE,forecast_load,Forecasted Load,2026-07-27T14:54:27Z
2026-07-27T14:54:16Z,2026-07-27T16:54:16+0200,6e7a462e-9eec-47a6-a2b0-092174843598,2026-06-27T16:45:00Z,2026-06-27T18:45:00+0200,9643.51,MW,BE,BE,forecast_load,Forecasted Load,2026-07-27T14:54:27Z
2026-07-27T14:54:16Z,2026-07-27T16:54:16+0200,6e7a462e-9eec-47a6-a2b0-092174843598,2026-06-27T17:00:00Z,2026-06-27T19:00:00+0200,9567.47,MW,BE,BE,forecast_load,Forecasted Load,2026-07-27T14:54:27Z
2026-07-27T14:54:16Z,2026-07-27T16:54:16+0200,6e7a462e-9eec-47a6-a2b0-092174843598,2026-06-27T17:15:00Z,2026-06-27T19:15:00+0200,9523.26,MW,BE,BE,forecast_load,Forecasted Load,2026-07-27T14:54:27Z
2026-07-27T14:54:16Z,2026-07-27T16:54:16+0200,6e7a462e-9eec-47a6-a2b0-092174843598,2026-06-27T17:30:00Z,2026-06-27T19:30:00+0200,9460.9,MW,BE,BE,forecast_load,Forecasted Load,2026-07-27T14:54:27Z
2026-07-27T14:54:16Z,2026-07-27T16:54:16+0200,6e7a462e-9eec-47a6-a2b0-092174843598,2026-06-27T17:45:00Z,2026-06-27T19:45:00+0200,9385.51,MW,BE,BE,forecast_load,Forecasted Load,2026-07-27T14:54:27Z
2026-07-27T14:54:16Z,2026-07-27T16:54:16+0200,6e7a462e-9eec-47a6-a2b0-092174843598,2026-06-27T18:00:00Z,2026-06-27T20:00:00+0200,9349.48,MW,BE,BE,forecast_load,Forecasted Load,2026-07-27T14:54:27Z
2026-07-27T14:54:16Z,2026-07-27T16:54:16+0200,6e7a462e-9eec-47a6-a2b0-092174843598,2026-06-27T18:15:00Z,2026-06-27T20:15:00+0200,9332.97,MW,BE,BE,forecast_load,Forecasted Load,2026-07-27T14:54:27Z
2026-07-27T14:54:16Z,2026-07-27T16:54:16+0200,6e7a462e-9eec-47a6-a2b0-092174843598,2026-06-27T18:30:00Z,2026-06-27T20:30:00+0200,9262.46,MW,BE,BE,forecast_load,Forecasted Load,2026-07-27T14:54:27Z
2026-07-27T14:54:16Z,2026-07-27T16:54:16+0200,6e7a462e-9eec-47a6-a2b0-092174843598,2026-06-27T18:45:00Z,2026-06-27T20:45:00+0200,9214.57,MW,BE,BE,forecast_load,Forecasted Load,2026-07-27T14:54:27Z
2026-07-27T14:54:16Z,2026-07-27T16:54:16+0200,6e7a462e-9eec-47a6-a2b0-092174843598,2026-06-27T19:00:00Z,2026-06-27T21:00:00+0200,9145.55,MW,BE,BE,forecast_load,Forecasted Load,2026-07-27T14:54:27Z
2026-07-27T14:54:16Z,2026-07-27T16:54:16+0200,6e7a462e-9eec-47a6-a2b0-092174843598,2026-06-27T19:15:00Z,2026-06-27T21:15:00+0200,9080.58,MW,BE,BE,forecast_load,Forecasted Load,2026-07-27T14:54:27Z
2026-07-27T14:54:16Z,2026-07-27T16:54:16+0200,6e7a462e-9eec-47a6-a2b0-092174843598,2026-06-27T19:30:00Z,2026-06-27T21:30:00+0200,9012.34,MW,BE,BE,forecast_load,Forecasted Load,2026-07-27T14:54:27Z
2026-07-27T14:54:16Z,2026-07-27T16:54:16+0200,6e7a462e-9eec-47a6-a2b0-092174843598,2026-06-27T19:45:00Z,2026-06-27T21:45:00+0200,8977.89,MW,BE,BE,forecast_load,Forecasted Load,2026-07-27T14:54:27Z
2026-07-27T14:54:16Z,2026-07-27T16:54:16+0200,6e7a462e-9eec-47a6-a2b0-092174843598,2026-06-27T20:00:00Z,2026-06-27T22:00:00+0200,9186.71,MW,BE,BE,forecast_load,Forecasted Load,2026-07-27T14:54:27Z
2026-07-27T14:54:16Z,2026-07-27T16:54:16+0200,6e7a462e-9eec-47a6-a2b0-092174843598,2026-06-27T20:15:00Z,2026-06-27T22:15:00+0200,9244.38,MW,BE,BE,forecast_load,Forecasted Load,2026-07-27T14:54:27Z
2026-07-27T14:54:16Z,2026-07-27T16:54:16+0200,6e7a462e-9eec-47a6-a2b0-092174843598,2026-06-27T20:30:00Z,2026-06-27T22:30:00+0200,9162.63,MW,BE,BE,forecast_load,Forecasted Load,2026-07-27T14:54:27Z
2026-07-27T14:54:16Z,2026-07-27T16:54:16+0200,6e7a462e-9eec-47a6-a2b0-092174843598,2026-06-27T20:45:00Z,2026-06-27T22:45:00+0200,9178.94,MW,BE,BE,forecast_load,Forecasted Load,2026-07-27T14:54:27Z
2026-07-27T14:54:16Z,2026-07-27T16:54:16+0200,6e7a462e-9eec-47a6-a2b0-092174843598,2026-06-27T21:00:00Z,2026-06-27T23:00:00+0200,9128.77,MW,BE,BE,forecast_load,Forecasted Load,2026-07-27T14:54:27Z
2026-07-27T14:54:16Z,2026-07-27T16:54:16+0200,6e7a462e-9eec-47a6-a2b0-092174843598,2026-06-27T21:15:00Z,2026-06-27T23:15:00+0200,9028.27,MW,BE,BE,forecast_load,Forecasted Load,2026-07-27T14:54:27Z
2026-07-27T14:54:16Z,2026-07-27T16:54:16+0200,6e7a462e-9eec-47a6-a2b0-092174843598,2026-06-27T21:30:00Z,2026-06-27T23:30:00+0200,8940.07,MW,BE,BE,forecast_load,Forecasted Load,2026-07-27T14:54:27Z
2026-07-27T14:54:16Z,2026-07-27T16:54:16+0200,6e7a462e-9eec-47a6-a2b0-092174843598,2026-06-27T21:45:00Z,2026-06-27T23:45:00+0200,8803.56,MW,BE,BE,forecast_load,Forecasted Load,2026-07-27T14:54:27Z
2026-07-27T14:54:16Z,2026-07-27T16:54:16+0200,6e7a462e-9eec-47a6-a2b0-092174843598,2026-06-27T22:00:00Z,2026-06-28T00:00:00+0200,8261.22,MW,BE,BE,forecast_load,Forecasted Load,2026-07-27T14:54:27Z
2026-07-27T14:54:16Z,2026-07-27T16:54:16+0200,6e7a462e-9eec-47a6-a2b0-092174843598,2026-06-27T22:15:00Z,2026-06-28T00:15:00+0200,8191.85,MW,BE,BE,forecast_load,Forecasted Load,2026-07-27T14:54:27Z
2026-07-27T14:54:16Z,2026-07-27T16:54:16+0200,6e7a462e-9eec-47a6-a2b0-092174843598,2026-06-27T22:30:00Z,2026-06-28T00:30:00+0200,8162.62,MW,BE,BE,forecast_load,Forecasted Load,2026-07-27T14:54:27Z
2026-07-27T14:54:16Z,2026-07-27T16:54:16+0200,6e7a462e-9eec-47a6-a2b0-092174843598,2026-06-27T22:45:00Z,2026-06-28T00:45:00+0200,8036.8,MW,BE,BE,forecast_load,Forecasted Load,2026-07-27T14:54:27Z
2026-07-27T14:54:16Z,2026-07-27T16:54:16+0200,6e7a462e-9eec-47a6-a2b0-092174843598,2026-06-27T23:00:00Z,2026-06-28T01:00:00+0200,7917.27,MW,BE,BE,forecast_load,Forecasted Load,2026-07-27T14:54:27Z
2026-07-27T14:54:16Z,2026-07-27T16:54:16+0200,6e7a462e-9eec-47a6-a2b0-092174843598,2026-06-27T23:15:00Z,2026-06-28T01:15:00+0200,7853.21,MW,BE,BE,forecast_load,Forecasted Load,2026-07-27T14:54:27Z
2026-07-27T14:54:16Z,2026-07-27T16:54:16+0200,6e7a462e-9eec-47a6-a2b0-092174843598,2026-06-27T23:30:00Z,2026-06-28T01:30:00+0200,7791.96,MW,BE,BE,forecast_load,Forecasted Load,2026-07-27T14:54:27Z
2026-07-27T14:54:16Z,2026-07-27T16:54:16+0200,6e7a462e-9eec-47a6-a2b0-092174843598,2026-06-27T23:45:00Z,2026-06-28T01:45:00+0200,7759.54,MW,BE,BE,forecast_load,Forecasted Load,2026-07-27T14:54:27Z
2026-07-27T14:54:16Z,2026-07-27T16:54:16+0200,6e7a462e-9eec-47a6-a2b0-092174843598,2026-06-28T00:00:00Z,2026-06-28T02:00:00+0200,7899.12,MW,BE,BE,forecast_load,Forecasted Load,2026-07-27T14:54:27Z
2026-07-27T14:54:16Z,2026-07-27T16:54:16+0200,6e7a462e-9eec-47a6-a2b0-092174843598,2026-06-28T00:15:00Z,2026-06-28T02:15:00+0200,7850.99,MW,BE,BE,forecast_load,Forecasted Load,2026-07-27T14:54:27Z
2026-07-27T14:54:16Z,2026-07-27T16:54:16+0200,6e7a462e-9eec-47a6-a2b0-092174843598,2026-06-28T00:30:00Z,2026-06-28T02:30:00+0200,7818.57,MW,BE,BE,forecast_load,Forecasted Load,2026-07-27T14:54:27Z
2026-07-27T14:54:16Z,2026-07-27T16:54:16+0200,6e7a462e-9eec-47a6-a2b0-092174843598,2026-06-28T00:45:00Z,2026-06-28T02:45:00+0200,7819.94,MW,BE,BE,forecast_load,Forecasted Load,2026-07-27T14:54:27Z
2026-07-27T14:54:16Z,2026-07-27T16:54:16+0200,6e7a462e-9eec-47a6-a2b0-092174843598,2026-06-28T01:00:00Z,2026-06-28T03:00:00+0200,7852.47,MW,BE,BE,forecast_load,Forecasted Load,2026-07-27T14:54:27Z
2026-07-27T14:54:16Z,2026-07-27T16:54:16+0200,6e7a462e-9eec-47a6-a2b0-092174843598,2026-06-28T01:15:00Z,2026-06-28T03:15:00+0200,7780.88,MW,BE,BE,forecast_load,Forecasted Load,2026-07-27T14:54:27Z
2026-07-27T14:54:16Z,2026-07-27T16:54:16+0200,6e7a462e-9eec-47a6-a2b0-092174843598,2026-06-28T01:30:00Z,2026-06-28T03:30:00+0200,7742.35,MW,BE,BE,forecast_load,Forecasted Load,2026-07-27T14:54:27Z
2026-07-27T14:54:16Z,2026-07-27T16:54:16+0200,6e7a462e-9eec-47a6-a2b0-092174843598,2026-06-28T01:45:00Z,2026-06-28T03:45:00+0200,7733.91,MW,BE,BE,forecast_load,Forecasted Load,2026-07-27T14:54:27Z
2026-07-27T14:54:16Z,2026-07-27T16:54:16+0200,6e7a462e-9eec-47a6-a2b0-092174843598,2026-06-28T02:00:00Z,2026-06-28T04:00:00+0200,7709.8,MW,BE,BE,forecast_load,Forecasted Load,2026-07-27T14:54:27Z
2026-07-27T14:54:16Z,2026-07-27T16:54:16+0200,6e7a462e-9eec-47a6-a2b0-092174843598,2026-06-28T02:15:00Z,2026-06-28T04:15:00+0200,7664.68,MW,BE,BE,forecast_load,Forecasted Load,2026-07-27T14:54:27Z
2026-07-27T14:54:16Z,2026-07-27T16:54:16+0200,6e7a462e-9eec-47a6-a2b0-092174843598,2026-06-28T02:30:00Z,2026-06-28T04:30:00+0200,7650.82,MW,BE,BE,forecast_load,Forecasted Load,2026-07-27T14:54:27Z
2026-07-27T14:54:16Z,2026-07-27T16:54:16+0200,6e7a462e-9eec-47a6-a2b0-092174843598,2026-06-28T02:45:00Z,2026-06-28T04:45:00+0200,7620.32,MW,BE,BE,forecast_load,Forecasted Load,2026-07-27T14:54:27Z
2026-07-27T14:54:16Z,2026-07-27T16:54:16+0200,6e7a462e-9eec-47a6-a2b0-092174843598,2026-06-28T03:00:00Z,2026-06-28T05:00:00+0200,7518.76,MW,BE,BE,forecast_load,Forecasted Load,2026-07-27T14:54:27Z
2026-07-27T14:54:16Z,2026-07-27T16:54:16+0200,6e7a462e-9eec-47a6-a2b0-092174843598,2026-06-28T03:15:00Z,2026-06-28T05:15:00+0200,7521.9,MW,BE,BE,forecast_load,Forecasted Load,2026-07-27T14:54:27Z
2026-07-27T14:54:16Z,2026-07-27T16:54:16+0200,6e7a462e-9eec-47a6-a2b0-092174843598,2026-06-28T03:30:00Z,2026-06-28T05:30:00+0200,7506.68,MW,BE,BE,forecast_load,Forecasted Load,2026-07-27T14:54:27Z
2026-07-27T14:54:16Z,2026-07-27T16:54:16+0200,6e7a462e-9eec-47a6-a2b0-092174843598,2026-06-28T03:45:00Z,2026-06-28T05:45:00+0200,7549.77,MW,BE,BE,forecast_load,Forecasted Load,2026-07-27T14:54:27Z
2026-07-27T14:54:16Z,2026-07-27T16:54:16+0200,6e7a462e-9eec-47a6-a2b0-092174843598,2026-06-28T04:00:00Z,2026-06-28T06:00:00+0200,7532.06,MW,BE,BE,forecast_load,Forecasted Load,2026-07-27T14:54:27Z
2026-07-27T14:54:16Z,2026-07-27T16:54:16+0200,6e7a462e-9eec-47a6-a2b0-092174843598,2026-06-28T04:15:00Z,2026-06-28T06:15:00+0200,7508.9,MW,BE,BE,forecast_load,Forecasted Load,2026-07-27T14:54:27Z
2026-07-27T14:54:16Z,2026-07-27T16:54:16+0200,6e7a462e-9eec-47a6-a2b0-092174843598,2026-06-28T04:30:00Z,2026-06-28T06:30:00+0200,7539.95,MW,BE,BE,forecast_load,Forecasted Load,2026-07-27T14:54:27Z
2026-07-27T14:54:16Z,2026-07-27T16:54:16+0200,6e7a462e-9eec-47a6-a2b0-092174843598,2026-06-28T04:45:00Z,2026-06-28T06:45:00+0200,7647.7,MW,BE,BE,forecast_load,Forecasted Load,2026-07-27T14:54:27Z
2026-07-27T14:54:16Z,2026-07-27T16:54:16+0200,6e7a462e-9eec-47a6-a2b0-092174843598,2026-06-28T05:00:00Z,2026-06-28T07:00:00+0200,7666.83,MW,BE,BE,forecast_load,Forecasted Load,2026-07-27T14:54:27Z
2026-07-27T14:54:16Z,2026-07-27T16:54:16+0200,6e7a462e-9eec-47a6-a2b0-092174843598,2026-06-28T05:15:00Z,2026-06-28T07:15:00+0200,7700.95,MW,BE,BE,forecast_load,Forecasted Load,2026-07-27T14:54:27Z
2026-07-27T14:54:16Z,2026-07-27T16:54:16+0200,6e7a462e-9eec-47a6-a2b0-092174843598,2026-06-28T05:30:00Z,2026-06-28T07:30:00+0200,7771.56,MW,BE,BE,forecast_load,Forecasted Load,2026-07-27T14:54:27Z
2026-07-27T14:54:16Z,2026-07-27T16:54:16+0200,6e7a462e-9eec-47a6-a2b0-092174843598,2026-06-28T05:45:00Z,2026-06-28T07:45:00+0200,7811.91,MW,BE,BE,forecast_load,Forecasted Load,2026-07-27T14:54:27Z
2026-07-27T14:54:16Z,2026-07-27T16:54:16+0200,6e7a462e-9eec-47a6-a2b0-092174843598,2026-06-28T06:00:00Z,2026-06-28T08:00:00+0200,7925.7,MW,BE,BE,forecast_load,Forecasted Load,2026-07-27T14:54:27Z
2026-07-27T14:54:16Z,2026-07-27T16:54:16+0200,6e7a462e-9eec-47a6-a2b0-092174843598,2026-06-28T06:15:00Z,2026-06-28T08:15:00+0200,8053.94,MW,BE,BE,forecast_load,Forecasted Load,2026-07-27T14:54:27Z
2026-07-27T14:54:16Z,2026-07-27T16:54:16+0200,6e7a462e-9eec-47a6-a2b0-092174843598,2026-06-28T06:30:00Z,2026-06-28T08:30:00+0200,8176.47,MW,BE,BE,forecast_load,Forecasted Load,2026-07-27T14:54:27Z
2026-07-27T14:54:16Z,2026-07-27T16:54:16+0200,6e7a462e-9eec-47a6-a2b0-092174843598,2026-06-28T06:45:00Z,2026-06-28T08:45:00+0200,8263.78,MW,BE,BE,forecast_load,Forecasted Load,2026-07-27T14:54:27Z
2026-07-27T14:54:16Z,2026-07-27T16:54:16+0200,6e7a462e-9eec-47a6-a2b0-092174843598,2026-06-28T07:00:00Z,2026-06-28T09:00:00+0200,8371.73,MW,BE,BE,forecast_load,Forecasted Load,2026-07-27T14:54:27Z
2026-07-27T14:54:16Z,2026-07-27T16:54:16+0200,6e7a462e-9eec-47a6-a2b0-092174843598,2026-06-28T07:15:00Z,2026-06-28T09:15:00+0200,8441.89,MW,BE,BE,forecast_load,Forecasted Load,2026-07-27T14:54:27Z
2026-07-27T14:54:16Z,2026-07-27T16:54:16+0200,6e7a462e-9eec-47a6-a2b0-092174843598,2026-06-28T07:30:00Z,2026-06-28T09:30:00+0200,8602.15,MW,BE,BE,forecast_load,Forecasted Load,2026-07-27T14:54:27Z
2026-07-27T14:54:16Z,2026-07-27T16:54:16+0200,6e7a462e-9eec-47a6-a2b0-092174843598,2026-06-28T07:45:00Z,2026-06-28T09:45:00+0200,8744.38,MW,BE,BE,forecast_load,Forecasted Load,2026-07-27T14:54:27Z
2026-07-27T14:54:16Z,2026-07-27T16:54:16+0200,6e7a462e-9eec-47a6-a2b0-092174843598,2026-06-28T08:00:00Z,2026-06-28T10:00:00+0200,8705.6,MW,BE,BE,forecast_load,Forecasted Load,2026-07-27T14:54:27Z
2026-07-27T14:54:16Z,2026-07-27T16:54:16+0200,6e7a462e-9eec-47a6-a2b0-092174843598,2026-06-28T08:15:00Z,2026-06-28T10:15:00+0200,8835.6,MW,BE,BE,forecast_load,Forecasted Load,2026-07-27T14:54:27Z
2026-07-27T14:54:16Z,2026-07-27T16:54:16+0200,6e7a462e-9eec-47a6-a2b0-092174843598,2026-06-28T08:30:00Z,2026-06-28T10:30:00+0200,8923.48,MW,BE,BE,forecast_load,Forecasted Load,2026-07-27T14:54:27Z
2026-07-27T14:54:16Z,2026-07-27T16:54:16+0200,6e7a462e-9eec-47a6-a2b0-092174843598,2026-06-28T08:45:00Z,2026-06-28T10:45:00+0200,9156.47,MW,BE,BE,forecast_load,Forecasted Load,2026-07-27T14:54:27Z
2026-07-27T14:54:16Z,2026-07-27T16:54:16+0200,6e7a462e-9eec-47a6-a2b0-092174843598,2026-06-28T09:00:00Z,2026-06-28T11:00:00+0200,9124.24,MW,BE,BE,forecast_load,Forecasted Load,2026-07-27T14:54:27Z
2026-07-27T14:54:16Z,2026-07-27T16:54:16+0200,6e7a462e-9eec-47a6-a2b0-092174843598,2026-06-28T09:15:00Z,2026-06-28T11:15:00+0200,9309.52,MW,BE,BE,forecast_load,Forecasted Load,2026-07-27T14:54:27Z
2026-07-27T14:54:16Z,2026-07-27T16:54:16+0200,6e7a462e-9eec-47a6-a2b0-092174843598,2026-06-28T09:30:00Z,2026-06-28T11:30:00+0200,9486.33,MW,BE,BE,forecast_load,Forecasted Load,2026-07-27T14:54:27Z
2026-07-27T14:54:16Z,2026-07-27T16:54:16+0200,6e7a462e-9eec-47a6-a2b0-092174843598,2026-06-28T09:45:00Z,2026-06-28T11:45:00+0200,9590.96,MW,BE,BE,forecast_load,Forecasted Load,2026-07-27T14:54:27Z
2026-07-27T14:54:16Z,2026-07-27T16:54:16+0200,6e7a462e-9eec-47a6-a2b0-092174843598,2026-06-28T10:00:00Z,2026-06-28T12:00:00+0200,9647.93,MW,BE,BE,forecast_load,Forecasted Load,2026-07-27T14:54:27Z
2026-07-27T14:54:16Z,2026-07-27T16:54:16+0200,6e7a462e-9eec-47a6-a2b0-092174843598,2026-06-28T10:15:00Z,2026-06-28T12:15:00+0200,9669.15,MW,BE,BE,forecast_load,Forecasted Load,2026-07-27T14:54:27Z
2026-07-27T14:54:16Z,2026-07-27T16:54:16+0200,6e7a462e-9eec-47a6-a2b0-092174843598,2026-06-28T10:30:00Z,2026-06-28T12:30:00+0200,9611.39,MW,BE,BE,forecast_load,Forecasted Load,2026-07-27T14:54:27Z
2026-07-27T14:54:16Z,2026-07-27T16:54:16+0200,6e7a462e-9eec-47a6-a2b0-092174843598,2026-06-28T10:45:00Z,2026-06-28T12:45:00+0200,9571.26,MW,BE,BE,forecast_load,Forecasted Load,2026-07-27T14:54:27Z
2026-07-27T14:54:16Z,2026-07-27T16:54:16+0200,6e7a462e-9eec-47a6-a2b0-092174843598,2026-06-28T11:00:00Z,2026-06-28T13:00:00+0200,9586.95,MW,BE,BE,forecast_load,Forecasted Load,2026-07-27T14:54:27Z
2026-07-27T14:54:16Z,2026-07-27T16:54:16+0200,6e7a462e-9eec-47a6-a2b0-092174843598,2026-06-28T11:15:00Z,2026-06-28T13:15:00+0200,9513.98,MW,BE,BE,forecast_load,Forecasted Load,2026-07-27T14:54:27Z
2026-07-27T14:54:16Z,2026-07-27T16:54:16+0200,6e7a462e-9eec-47a6-a2b0-092174843598,2026-06-28T11:30:00Z,2026-06-28T13:30:00+0200,9494.81,MW,BE,BE,forecast_load,Forecasted Load,2026-07-27T14:54:27Z
2026-07-27T14:54:16Z,2026-07-27T16:54:16+0200,6e7a462e-9eec-47a6-a2b0-092174843598,2026-06-28T11:45:00Z,2026-06-28T13:45:00+0200,9355.72,MW,BE,BE,forecast_load,Forecasted Load,2026-07-27T14:54:27Z
2026-07-27T14:54:16Z,2026-07-27T16:54:16+0200,6e7a462e-9eec-47a6-a2b0-092174843598,2026-06-28T12:00:00Z,2026-06-28T14:00:00+0200,9392.59,MW,BE,BE,forecast_load,Forecasted Load,2026-07-27T14:54:27Z
2026-07-27T14:54:16Z,2026-07-27T16:54:16+0200,6e7a462e-9eec-47a6-a2b0-092174843598,2026-06-28T12:15:00Z,2026-06-28T14:15:00+0200,9318.77,MW,BE,BE,forecast_load,Forecasted Load,2026-07-27T14:54:27Z
2026-07-27T14:54:16Z,2026-07-27T16:54:16+0200,6e7a462e-9eec-47a6-a2b0-092174843598,2026-06-28T12:30:00Z,2026-06-28T14:30:00+0200,9246.37,MW,BE,BE,forecast_load,Forecasted Load,2026-07-27T14:54:27Z
2026-07-27T14:54:16Z,2026-07-27T16:54:16+0200,6e7a462e-9eec-47a6-a2b0-092174843598,2026-06-28T12:45:00Z,2026-06-28T14:45:00+0200,9179.24,MW,BE,BE,forecast_load,Forecasted Load,2026-07-27T14:54:27Z
2026-07-27T14:54:16Z,2026-07-27T16:54:16+0200,6e7a462e-9eec-47a6-a2b0-092174843598,2026-06-28T13:00:00Z,2026-06-28T15:00:00+0200,9178.33,MW,BE,BE,forecast_load,Forecasted Load,2026-07-27T14:54:27Z
2026-07-27T14:54:16Z,2026-07-27T16:54:16+0200,6e7a462e-9eec-47a6-a2b0-092174843598,2026-06-28T13:15:00Z,2026-06-28T15:15:00+0200,9109.69,MW,BE,BE,forecast_load,Forecasted Load,2026-07-27T14:54:27Z
2026-07-27T14:54:16Z,2026-07-27T16:54:16+0200,6e7a462e-9eec-47a6-a2b0-092174843598,2026-06-28T13:30:00Z,2026-06-28T15:30:00+0200,9000.44,MW,BE,BE,forecast_load,Forecasted Load,2026-07-27T14:54:27Z
2026-07-27T14:54:16Z,2026-07-27T16:54:16+0200,6e7a462e-9eec-47a6-a2b0-092174843598,2026-06-28T13:45:00Z,2026-06-28T15:45:00+0200,8895.93,MW,BE,BE,forecast_load,Forecasted Load,2026-07-27T14:54:27Z
2026-07-27T14:54:16Z,2026-07-27T16:54:16+0200,6e7a462e-9eec-47a6-a2b0-092174843598,2026-06-28T14:00:00Z,2026-06-28T16:00:00+0200,8961.87,MW,BE,BE,forecast_load,Forecasted Load,2026-07-27T14:54:27Z
2026-07-27T14:54:16Z,2026-07-27T16:54:16+0200,6e7a462e-9eec-47a6-a2b0-092174843598,2026-06-28T14:15:00Z,2026-06-28T16:15:00+0200,8882.98,MW,BE,BE,forecast_load,Forecasted Load,2026-07-27T14:54:27Z
2026-07-27T14:54:16Z,2026-07-27T16:54:16+0200,6e7a462e-9eec-47a6-a2b0-092174843598,2026-06-28T14:30:00Z,2026-06-28T16:30:00+0200,8876.01,MW,BE,BE,forecast_load,Forecasted Load,2026-07-27T14:54:27Z
2026-07-27T14:54:16Z,2026-07-27T16:54:16+0200,6e7a462e-9eec-47a6-a2b0-092174843598,2026-06-28T14:45:00Z,2026-06-28T16:45:00+0200,8764.12,MW,BE,BE,forecast_load,Forecasted Load,2026-07-27T14:54:27Z
2026-07-27T14:54:16Z,2026-07-27T16:54:16+0200,6e7a462e-9eec-47a6-a2b0-092174843598,2026-06-28T15:00:00Z,2026-06-28T17:00:00+0200,8768.92,MW,BE,BE,forecast_load,Forecasted Load,2026-07-27T14:54:27Z
2026-07-27T14:54:16Z,2026-07-27T16:54:16+0200,6e7a462e-9eec-47a6-a2b0-092174843598,2026-06-28T15:15:00Z,2026-06-28T17:15:00+0200,8834.62,MW,BE,BE,forecast_load,Forecasted Load,2026-07-27T14:54:27Z
2026-07-27T14:54:16Z,2026-07-27T16:54:16+0200,6e7a462e-9eec-47a6-a2b0-092174843598,2026-06-28T15:30:00Z,2026-06-28T17:30:00+0200,8924.4,MW,BE,BE,forecast_load,Forecasted Load,2026-07-27T14:54:27Z
2026-07-27T14:54:16Z,2026-07-27T16:54:16+0200,6e7a462e-9eec-47a6-a2b0-092174843598,2026-06-28T15:45:00Z,2026-06-28T17:45:00+0200,8929.38,MW,BE,BE,forecast_load,Forecasted Load,2026-07-27T14:54:27Z
2026-07-27T14:54:16Z,2026-07-27T16:54:16+0200,6e7a462e-9eec-47a6-a2b0-092174843598,2026-06-28T16:00:00Z,2026-06-28T18:00:00+0200,8995.55,MW,BE,BE,forecast_load,Forecasted Load,2026-07-27T14:54:27Z
2026-07-27T14:54:16Z,2026-07-27T16:54:16+0200,6e7a462e-9eec-47a6-a2b0-092174843598,2026-06-28T16:15:00Z,2026-06-28T18:15:00+0200,9032.05,MW,BE,BE,forecast_load,Forecasted Load,2026-07-27T14:54:27Z
2026-07-27T14:54:16Z,2026-07-27T16:54:16+0200,6e7a462e-9eec-47a6-a2b0-092174843598,2026-06-28T16:30:00Z,2026-06-28T18:30:00+0200,9079.44,MW,BE,BE,forecast_load,Forecasted Load,2026-07-27T14:54:27Z
2026-07-27T14:54:16Z,2026-07-27T16:54:16+0200,6e7a462e-9eec-47a6-a2b0-092174843598,2026-06-28T16:45:00Z,2026-06-28T18:45:00+0200,9008.34,MW,BE,BE,forecast_load,Forecasted Load,2026-07-27T14:54:27Z
2026-07-27T14:54:16Z,2026-07-27T16:54:16+0200,6e7a462e-9eec-47a6-a2b0-092174843598,2026-06-28T17:00:00Z,2026-06-28T19:00:00+0200,9185.54,MW,BE,BE,forecast_load,Forecasted Load,2026-07-27T14:54:27Z
2026-07-27T14:54:16Z,2026-07-27T16:54:16+0200,6e7a462e-9eec-47a6-a2b0-092174843598,2026-06-28T17:15:00Z,2026-06-28T19:15:00+0200,9184.65,MW,BE,BE,forecast_load,Forecasted Load,2026-07-27T14:54:27Z
2026-07-27T14:54:16Z,2026-07-27T16:54:16+0200,6e7a462e-9eec-47a6-a2b0-092174843598,2026-06-28T17:30:00Z,2026-06-28T19:30:00+0200,9167.87,MW,BE,BE,forecast_load,Forecasted Load,2026-07-27T14:54:27Z
2026-07-27T14:54:16Z,2026-07-27T16:54:16+0200,6e7a462e-9eec-47a6-a2b0-092174843598,2026-06-28T17:45:00Z,2026-06-28T19:45:00+0200,9176.81,MW,BE,BE,forecast_load,Forecasted Load,2026-07-27T14:54:27Z
2026-07-27T14:54:16Z,2026-07-27T16:54:16+0200,6e7a462e-9eec-47a6-a2b0-092174843598,2026-06-28T18:00:00Z,2026-06-28T20:00:00+0200,9201.28,MW,BE,BE,forecast_load,Forecasted Load,2026-07-27T14:54:27Z
2026-07-27T14:54:16Z,2026-07-27T16:54:16+0200,6e7a462e-9eec-47a6-a2b0-092174843598,2026-06-28T18:15:00Z,2026-06-28T20:15:00+0200,9173.11,MW,BE,BE,forecast_load,Forecasted Load,2026-07-27T14:54:27Z
2026-07-27T14:54:16Z,2026-07-27T16:54:16+0200,6e7a462e-9eec-47a6-a2b0-092174843598,2026-06-28T18:30:00Z,2026-06-28T20:30:00+0200,9130.11,MW,BE,BE,forecast_load,Forecasted Load,2026-07-27T14:54:27Z
2026-07-27T14:54:16Z,2026-07-27T16:54:16+0200,6e7a462e-9eec-47a6-a2b0-092174843598,2026-06-28T18:45:00Z,2026-06-28T20:45:00+0200,9019.73,MW,BE,BE,forecast_load,Forecasted Load,2026-07-27T14:54:27Z
2026-07-27T14:54:16Z,2026-07-27T16:54:16+0200,6e7a462e-9eec-47a6-a2b0-092174843598,2026-06-28T19:00:00Z,2026-06-28T21:00:00+0200,9095.96,MW,BE,BE,forecast_load,Forecasted Load,2026-07-27T14:54:27Z
2026-07-27T14:54:16Z,2026-07-27T16:54:16+0200,6e7a462e-9eec-47a6-a2b0-092174843598,2026-06-28T19:15:00Z,2026-06-28T21:15:00+0200,9053.38,MW,BE,BE,forecast_load,Forecasted Load,2026-07-27T14:54:27Z
2026-07-27T14:54:16Z,2026-07-27T16:54:16+0200,6e7a462e-9eec-47a6-a2b0-092174843598,2026-06-28T19:30:00Z,2026-06-28T21:30:00+0200,9012.89,MW,BE,BE,forecast_load,Forecasted Load,2026-07-27T14:54:27Z
2026-07-27T14:54:16Z,2026-07-27T16:54:16+0200,6e7a462e-9eec-47a6-a2b0-092174843598,2026-06-28T19:45:00Z,2026-06-28T21:45:00+0200,8979.75,MW,BE,BE,forecast_load,Forecasted Load,2026-07-27T14:54:27Z
2026-07-27T14:54:16Z,2026-07-27T16:54:16+0200,6e7a462e-9eec-47a6-a2b0-092174843598,2026-06-28T20:00:00Z,2026-06-28T22:00:00+0200,9099.09,MW,BE,BE,forecast_load,Forecasted Load,2026-07-27T14:54:27Z
2026-07-27T14:54:16Z,2026-07-27T16:54:16+0200,6e7a462e-9eec-47a6-a2b0-092174843598,2026-06-28T20:15:00Z,2026-06-28T22:15:00+0200,9158.8,MW,BE,BE,forecast_load,Forecasted Load,2026-07-27T14:54:27Z
2026-07-27T14:54:16Z,2026-07-27T16:54:16+0200,6e7a462e-9eec-47a6-a2b0-092174843598,2026-06-28T20:30:00Z,2026-06-28T22:30:00+0200,9110.56,MW,BE,BE,forecast_load,Forecasted Load,2026-07-27T14:54:27Z
2026-07-27T14:54:16Z,2026-07-27T16:54:16+0200,6e7a462e-9eec-47a6-a2b0-092174843598,2026-06-28T20:45:00Z,2026-06-28T22:45:00+0200,9013.58,MW,BE,BE,forecast_load,Forecasted Load,2026-07-27T14:54:27Z
2026-07-27T14:54:16Z,2026-07-27T16:54:16+0200,6e7a462e-9eec-47a6-a2b0-092174843598,2026-06-28T21:00:00Z,2026-06-28T23:00:00+0200,8889.0,MW,BE,BE,forecast_load,Forecasted Load,2026-07-27T14:54:27Z
2026-07-27T14:54:16Z,2026-07-27T16:54:16+0200,6e7a462e-9eec-47a6-a2b0-092174843598,2026-06-28T21:15:00Z,2026-06-28T23:15:00+0200,8735.83,MW,BE,BE,forecast_load,Forecasted Load,2026-07-27T14:54:27Z
2026-07-27T14:54:16Z,2026-07-27T16:54:16+0200,6e7a462e-9eec-47a6-a2b0-092174843598,2026-06-28T21:30:00Z,2026-06-28T23:30:00+0200,8631.41,MW,BE,BE,forecast_load,Forecasted Load,2026-07-27T14:54:27Z
2026-07-27T14:54:16Z,2026-07-27T16:54:16+0200,6e7a462e-9eec-47a6-a2b0-092174843598,2026-06-28T21:45:00Z,2026-06-28T23:45:00+0200,8537.67,MW,BE,BE,forecast_load,Forecasted Load,2026-07-27T14:54:27Z
2026-07-27T14:54:16Z,2026-07-27T16:54:16+0200,6e7a462e-9eec-47a6-a2b0-092174843598,2026-06-28T22:00:00Z,2026-06-29T00:00:00+0200,8090.08,MW,BE,BE,forecast_load,Forecasted Load,2026-07-27T14:54:27Z
2026-07-27T14:54:16Z,2026-07-27T16:54:16+0200,6e7a462e-9eec-47a6-a2b0-092174843598,2026-06-28T22:15:00Z,2026-06-29T00:15:00+0200,8002.85,MW,BE,BE,forecast_load,Forecasted Load,2026-07-27T14:54:27Z
2026-07-27T14:54:16Z,2026-07-27T16:54:16+0200,6e7a462e-9eec-47a6-a2b0-092174843598,2026-06-28T22:30:00Z,2026-06-29T00:30:00+0200,7899.65,MW,BE,BE,forecast_load,Forecasted Load,2026-07-27T14:54:27Z
2026-07-27T14:54:16Z,2026-07-27T16:54:16+0200,6e7a462e-9eec-47a6-a2b0-092174843598,2026-06-28T22:45:00Z,2026-06-29T00:45:00+0200,7845.51,MW,BE,BE,forecast_load,Forecasted Load,2026-07-27T14:54:27Z
2026-07-27T14:54:16Z,2026-07-27T16:54:16+0200,6e7a462e-9eec-47a6-a2b0-092174843598,2026-06-28T23:00:00Z,2026-06-29T01:00:00+0200,7764.21,MW,BE,BE,forecast_load,Forecasted Load,2026-07-27T14:54:27Z
2026-07-27T14:54:16Z,2026-07-27T16:54:16+0200,6e7a462e-9eec-47a6-a2b0-092174843598,2026-06-28T23:15:00Z,2026-06-29T01:15:00+0200,7711.53,MW,BE,BE,forecast_load,Forecasted Load,2026-07-27T14:54:27Z
2026-07-27T14:54:16Z,2026-07-27T16:54:16+0200,6e7a462e-9eec-47a6-a2b0-092174843598,2026-06-28T23:30:00Z,2026-06-29T01:30:00+0200,7673.29,MW,BE,BE,forecast_load,Forecasted Load,2026-07-27T14:54:27Z
2026-07-27T14:54:16Z,2026-07-27T16:54:16+0200,6e7a462e-9eec-47a6-a2b0-092174843598,2026-06-28T23:45:00Z,2026-06-29T01:45:00+0200,7581.67,MW,BE,BE,forecast_load,Forecasted Load,2026-07-27T14:54:27Z
2026-07-27T14:54:16Z,2026-07-27T16:54:16+0200,6e7a462e-9eec-47a6-a2b0-092174843598,2026-06-29T00:00:00Z,2026-06-29T02:00:00+0200,7511.11,MW,BE,BE,forecast_load,Forecasted Load,2026-07-27T14:54:27Z
2026-07-27T14:54:16Z,2026-07-27T16:54:16+0200,6e7a462e-9eec-47a6-a2b0-092174843598,2026-06-29T00:15:00Z,2026-06-29T02:15:00+0200,7492.1,MW,BE,BE,forecast_load,Forecasted Load,2026-07-27T14:54:27Z
2026-07-27T14:54:16Z,2026-07-27T16:54:16+0200,6e7a462e-9eec-47a6-a2b0-092174843598,2026-06-29T00:30:00Z,2026-06-29T02:30:00+0200,7455.44,MW,BE,BE,forecast_load,Forecasted Load,2026-07-27T14:54:27Z
2026-07-27T14:54:16Z,2026-07-27T16:54:16+0200,6e7a462e-9eec-47a6-a2b0-092174843598,2026-06-29T00:45:00Z,2026-06-29T02:45:00+0200,7451.72,MW,BE,BE,forecast_load,Forecasted Load,2026-07-27T14:54:27Z
2026-07-27T14:54:16Z,2026-07-27T16:54:16+0200,6e7a462e-9eec-47a6-a2b0-092174843598,2026-06-29T01:00:00Z,2026-06-29T03:00:00+0200,7444.23,MW,BE,BE,forecast_load,Forecasted Load,2026-07-27T14:54:27Z
2026-07-27T14:54:16Z,2026-07-27T16:54:16+0200,6e7a462e-9eec-47a6-a2b0-092174843598,2026-06-29T01:15:00Z,2026-06-29T03:15:00+0200,7442.6,MW,BE,BE,forecast_load,Forecasted Load,2026-07-27T14:54:27Z
2026-07-27T14:54:16Z,2026-07-27T16:54:16+0200,6e7a462e-9eec-47a6-a2b0-092174843598,2026-06-29T01:30:00Z,2026-06-29T03:30:00+0200,7426.67,MW,BE,BE,forecast_load,Forecasted Load,2026-07-27T14:54:27Z
2026-07-27T14:54:16Z,2026-07-27T16:54:16+0200,6e7a462e-9eec-47a6-a2b0-092174843598,2026-06-29T01:45:00Z,2026-06-29T03:45:00+0200,7442.34,MW,BE,BE,forecast_load,Forecasted Load,2026-07-27T14:54:27Z
2026-07-27T14:54:16Z,2026-07-27T16:54:16+0200,6e7a462e-9eec-47a6-a2b0-092174843598,2026-06-29T02:00:00Z,2026-06-29T04:00:00+0200,7491.47,MW,BE,BE,forecast_load,Forecasted Load,2026-07-27T14:54:27Z
2026-07-27T14:54:16Z,2026-07-27T16:54:16+0200,6e7a462e-9eec-47a6-a2b0-092174843598,2026-06-29T02:15:00Z,2026-06-29T04:15:00+0200,7463.99,MW,BE,BE,forecast_load,Forecasted Load,2026-07-27T14:54:27Z
2026-07-27T14:54:16Z,2026-07-27T16:54:16+0200,6e7a462e-9eec-47a6-a2b0-092174843598,2026-06-29T02:30:00Z,2026-06-29T04:30:00+0200,7502.53,MW,BE,BE,forecast_load,Forecasted Load,2026-07-27T14:54:27Z
2026-07-27T14:54:16Z,2026-07-27T16:54:16+0200,6e7a462e-9eec-47a6-a2b0-092174843598,2026-06-29T02:45:00Z,2026-06-29T04:45:00+0200,7555.9,MW,BE,BE,forecast_load,Forecasted Load,2026-07-27T14:54:27Z
2026-07-27T14:54:16Z,2026-07-27T16:54:16+0200,6e7a462e-9eec-47a6-a2b0-092174843598,2026-06-29T03:00:00Z,2026-06-29T05:00:00+0200,7682.25,MW,BE,BE,forecast_load,Forecasted Load,2026-07-27T14:54:27Z
2026-07-27T14:54:16Z,2026-07-27T16:54:16+0200,6e7a462e-9eec-47a6-a2b0-092174843598,2026-06-29T03:15:00Z,2026-06-29T05:15:00+0200,7722.44,MW,BE,BE,forecast_load,Forecasted Load,2026-07-27T14:54:27Z
2026-07-27T14:54:16Z,2026-07-27T16:54:16+0200,6e7a462e-9eec-47a6-a2b0-092174843598,2026-06-29T03:30:00Z,2026-06-29T05:30:00+0200,7785.34,MW,BE,BE,forecast_load,Forecasted Load,2026-07-27T14:54:27Z
2026-07-27T14:54:16Z,2026-07-27T16:54:16+0200,6e7a462e-9eec-47a6-a2b0-092174843598,2026-06-29T03:45:00Z,2026-06-29T05:45:00+0200,7902.41,MW,BE,BE,forecast_load,Forecasted Load,2026-07-27T14:54:27Z
2026-07-27T14:54:16Z,2026-07-27T16:54:16+0200,6e7a462e-9eec-47a6-a2b0-092174843598,2026-06-29T04:00:00Z,2026-06-29T06:00:00+0200,8077.36,MW,BE,BE,forecast_load,Forecasted Load,2026-07-27T14:54:27Z
2026-07-27T14:54:16Z,2026-07-27T16:54:16+0200,6e7a462e-9eec-47a6-a2b0-092174843598,2026-06-29T04:15:00Z,2026-06-29T06:15:00+0200,8310.27,MW,BE,BE,forecast_load,Forecasted Load,2026-07-27T14:54:27Z
2026-07-27T14:54:16Z,2026-07-27T16:54:16+0200,6e7a462e-9eec-47a6-a2b0-092174843598,2026-06-29T04:30:00Z,2026-06-29T06:30:00+0200,8525.18,MW,BE,BE,forecast_load,Forecasted Load,2026-07-27T14:54:27Z
2026-07-27T14:54:16Z,2026-07-27T16:54:16+0200,6e7a462e-9eec-47a6-a2b0-092174843598,2026-06-29T04:45:00Z,2026-06-29T06:45:00+0200,8730.35,MW,BE,BE,forecast_load,Forecasted Load,2026-07-27T14:54:27Z
2026-07-27T14:54:16Z,2026-07-27T16:54:16+0200,6e7a462e-9eec-47a6-a2b0-092174843598,2026-06-29T05:00:00Z,2026-06-29T07:00:00+0200,8900.85,MW,BE,BE,forecast_load,Forecasted Load,2026-07-27T14:54:27Z
2026-07-27T14:54:16Z,2026-07-27T16:54:16+0200,6e7a462e-9eec-47a6-a2b0-092174843598,2026-06-29T05:15:00Z,2026-06-29T07:15:00+0200,9158.66,MW,BE,BE,forecast_load,Forecasted Load,2026-07-27T14:54:27Z
2026-07-27T14:54:16Z,2026-07-27T16:54:16+0200,6e7a462e-9eec-47a6-a2b0-092174843598,2026-06-29T05:30:00Z,2026-06-29T07:30:00+0200,9378.52,MW,BE,BE,forecast_load,Forecasted Load,2026-07-27T14:54:27Z
2026-07-27T14:54:16Z,2026-07-27T16:54:16+0200,6e7a462e-9eec-47a6-a2b0-092174843598,2026-06-29T05:45:00Z,2026-06-29T07:45:00+0200,9576.53,MW,BE,BE,forecast_load,Forecasted Load,2026-07-27T14:54:27Z
2026-07-27T14:54:16Z,2026-07-27T16:54:16+0200,6e7a462e-9eec-47a6-a2b0-092174843598,2026-06-29T06:00:00Z,2026-06-29T08:00:00+0200,9766.38,MW,BE,BE,forecast_load,Forecasted Load,2026-07-27T14:54:27Z
2026-07-27T14:54:16Z,2026-07-27T16:54:16+0200,6e7a462e-9eec-47a6-a2b0-092174843598,2026-06-29T06:15:00Z,2026-06-29T08:15:00+0200,9975.09,MW,BE,BE,forecast_load,Forecasted Load,2026-07-27T14:54:27Z
2026-07-27T14:54:16Z,2026-07-27T16:54:16+0200,6e7a462e-9eec-47a6-a2b0-092174843598,2026-06-29T06:30:00Z,2026-06-29T08:30:00+0200,10123.51,MW,BE,BE,forecast_load,Forecasted Load,2026-07-27T14:54:27Z
2026-07-27T14:54:16Z,2026-07-27T16:54:16+0200,6e7a462e-9eec-47a6-a2b0-092174843598,2026-06-29T06:45:00Z,2026-06-29T08:45:00+0200,10295.05,MW,BE,BE,forecast_load,Forecasted Load,2026-07-27T14:54:27Z
2026-07-27T14:54:16Z,2026-07-27T16:54:16+0200,6e7a462e-9eec-47a6-a2b0-092174843598,2026-06-29T07:00:00Z,2026-06-29T09:00:00+0200,10435.86,MW,BE,BE,forecast_load,Forecasted Load,2026-07-27T14:54:27Z
2026-07-27T14:54:16Z,2026-07-27T16:54:16+0200,6e7a462e-9eec-47a6-a2b0-092174843598,2026-06-29T07:15:00Z,2026-06-29T09:15:00+0200,10580.32,MW,BE,BE,forecast_load,Forecasted Load,2026-07-27T14:54:27Z
2026-07-27T14:54:16Z,2026-07-27T16:54:16+0200,6e7a462e-9eec-47a6-a2b0-092174843598,2026-06-29T07:30:00Z,2026-06-29T09:30:00+0200,10674.07,MW,BE,BE,forecast_load,Forecasted Load,2026-07-27T14:54:27Z
2026-07-27T14:54:16Z,2026-07-27T16:54:16+0200,6e7a462e-9eec-47a6-a2b0-092174843598,2026-06-29T07:45:00Z,2026-06-29T09:45:00+0200,10716.14,MW,BE,BE,forecast_load,Forecasted Load,2026-07-27T14:54:27Z
2026-07-27T14:54:16Z,2026-07-27T16:54:16+0200,6e7a462e-9eec-47a6-a2b0-092174843598,2026-06-29T08:00:00Z,2026-06-29T10:00:00+0200,10669.13,MW,BE,BE,forecast_load,Forecasted Load,2026-07-27T14:54:27Z
2026-07-27T14:54:16Z,2026-07-27T16:54:16+0200,6e7a462e-9eec-47a6-a2b0-092174843598,2026-06-29T08:15:00Z,2026-06-29T10:15:00+0200,10669.66,MW,BE,BE,forecast_load,Forecasted Load,2026-07-27T14:54:27Z
2026-07-27T14:54:16Z,2026-07-27T16:54:16+0200,6e7a462e-9eec-47a6-a2b0-092174843598,2026-06-29T08:30:00Z,2026-06-29T10:30:00+0200,10696.69,MW,BE,BE,forecast_load,Forecasted Load,2026-07-27T14:54:27Z
2026-07-27T14:54:16Z,2026-07-27T16:54:16+0200,6e7a462e-9eec-47a6-a2b0-092174843598,2026-06-29T08:45:00Z,2026-06-29T10:45:00+0200,10790.01,MW,BE,BE,forecast_load,Forecasted Load,2026-07-27T14:54:27Z
2026-07-27T14:54:16Z,2026-07-27T16:54:16+0200,6e7a462e-9eec-47a6-a2b0-092174843598,2026-06-29T09:00:00Z,2026-06-29T11:00:00+0200,10844.76,MW,BE,BE,forecast_load,Forecasted Load,2026-07-27T14:54:27Z
2026-07-27T14:54:16Z,2026-07-27T16:54:16+0200,6e7a462e-9eec-47a6-a2b0-092174843598,2026-06-29T09:15:00Z,2026-06-29T11:15:00+0200,10922.62,MW,BE,BE,forecast_load,Forecasted Load,2026-07-27T14:54:27Z
2026-07-27T14:54:16Z,2026-07-27T16:54:16+0200,6e7a462e-9eec-47a6-a2b0-092174843598,2026-06-29T09:30:00Z,2026-06-29T11:30:00+0200,10972.29,MW,BE,BE,forecast_load,Forecasted Load,2026-07-27T14:54:27Z
2026-07-27T14:54:16Z,2026-07-27T16:54:16+0200,6e7a462e-9eec-47a6-a2b0-092174843598,2026-06-29T09:45:00Z,2026-06-29T11:45:00+0200,11032.68,MW,BE,BE,forecast_load,Forecasted Load,2026-07-27T14:54:27Z
2026-07-27T14:54:16Z,2026-07-27T16:54:16+0200,6e7a462e-9eec-47a6-a2b0-092174843598,2026-06-29T10:00:00Z,2026-06-29T12:00:00+0200,11028.87,MW,BE,BE,forecast_load,Forecasted Load,2026-07-27T14:54:27Z
2026-07-27T14:54:16Z,2026-07-27T16:54:16+0200,6e7a462e-9eec-47a6-a2b0-092174843598,2026-06-29T10:15:00Z,2026-06-29T12:15:00+0200,10949.22,MW,BE,BE,forecast_load,Forecasted Load,2026-07-27T14:54:27Z
2026-07-27T14:54:16Z,2026-07-27T16:54:16+0200,6e7a462e-9eec-47a6-a2b0-092174843598,2026-06-29T10:30:00Z,2026-06-29T12:30:00+0200,10981.64,MW,BE,BE,forecast_load,Forecasted Load,2026-07-27T14:54:27Z
2026-07-27T14:54:16Z,2026-07-27T16:54:16+0200,6e7a462e-9eec-47a6-a2b0-092174843598,2026-06-29T10:45:00Z,2026-06-29T12:45:00+0200,11025.05,MW,BE,BE,forecast_load,Forecasted Load,2026-07-27T14:54:27Z
2026-07-27T14:54:16Z,2026-07-27T16:54:16+0200,6e7a462e-9eec-47a6-a2b0-092174843598,2026-06-29T11:00:00Z,2026-06-29T13:00:00+0200,11157.26,MW,BE,BE,forecast_load,Forecasted Load,2026-07-27T14:54:27Z
2026-07-27T14:54:16Z,2026-07-27T16:54:16+0200,6e7a462e-9eec-47a6-a2b0-092174843598,2026-06-29T11:15:00Z,2026-06-29T13:15:00+0200,11143.16,MW,BE,BE,forecast_load,Forecasted Load,2026-07-27T14:54:27Z
2026-07-27T14:54:16Z,2026-07-27T16:54:16+0200,6e7a462e-9eec-47a6-a2b0-092174843598,2026-06-29T11:30:00Z,2026-06-29T13:30:00+0200,11132.5,MW,BE,BE,forecast_load,Forecasted Load,2026-07-27T14:54:27Z
2026-07-27T14:54:16Z,2026-07-27T16:54:16+0200,6e7a462e-9eec-47a6-a2b0-092174843598,2026-06-29T11:45:00Z,2026-06-29T13:45:00+0200,11107.7,MW,BE,BE,forecast_load,Forecasted Load,2026-07-27T14:54:27Z
2026-07-27T14:54:16Z,2026-07-27T16:54:16+0200,6e7a462e-9eec-47a6-a2b0-092174843598,2026-06-29T12:00:00Z,2026-06-29T14:00:00+0200,11112.98,MW,BE,BE,forecast_load,Forecasted Load,2026-07-27T14:54:27Z
2026-07-27T14:54:16Z,2026-07-27T16:54:16+0200,6e7a462e-9eec-47a6-a2b0-092174843598,2026-06-29T12:15:00Z,2026-06-29T14:15:00+0200,10956.72,MW,BE,BE,forecast_load,Forecasted Load,2026-07-27T14:54:27Z
2026-07-27T14:54:16Z,2026-07-27T16:54:16+0200,6e7a462e-9eec-47a6-a2b0-092174843598,2026-06-29T12:30:00Z,2026-06-29T14:30:00+0200,10894.42,MW,BE,BE,forecast_load,Forecasted Load,2026-07-27T14:54:27Z
2026-07-27T14:54:16Z,2026-07-27T16:54:16+0200,6e7a462e-9eec-47a6-a2b0-092174843598,2026-06-29T12:45:00Z,2026-06-29T14:45:00+0200,10825.84,MW,BE,BE,forecast_load,Forecasted Load,2026-07-27T14:54:27Z
2026-07-27T14:54:16Z,2026-07-27T16:54:16+0200,6e7a462e-9eec-47a6-a2b0-092174843598,2026-06-29T13:00:00Z,2026-06-29T15:00:00+0200,10827.6,MW,BE,BE,forecast_load,Forecasted Load,2026-07-27T14:54:27Z
2026-07-27T14:54:16Z,2026-07-27T16:54:16+0200,6e7a462e-9eec-47a6-a2b0-092174843598,2026-06-29T13:15:00Z,2026-06-29T15:15:00+0200,10620.96,MW,BE,BE,forecast_load,Forecasted Load,2026-07-27T14:54:27Z
2026-07-27T14:54:16Z,2026-07-27T16:54:16+0200,6e7a462e-9eec-47a6-a2b0-092174843598,2026-06-29T13:30:00Z,2026-06-29T15:30:00+0200,10512.48,MW,BE,BE,forecast_load,Forecasted Load,2026-07-27T14:54:27Z
2026-07-27T14:54:16Z,2026-07-27T16:54:16+0200,6e7a462e-9eec-47a6-a2b0-092174843598,2026-06-29T13:45:00Z,2026-06-29T15:45:00+0200,10508.35,MW,BE,BE,forecast_load,Forecasted Load,2026-07-27T14:54:27Z
2026-07-27T14:54:16Z,2026-07-27T16:54:16+0200,6e7a462e-9eec-47a6-a2b0-092174843598,2026-06-29T14:00:00Z,2026-06-29T16:00:00+0200,10444.2,MW,BE,BE,forecast_load,Forecasted Load,2026-07-27T14:54:27Z
2026-07-27T14:54:16Z,2026-07-27T16:54:16+0200,6e7a462e-9eec-47a6-a2b0-092174843598,2026-06-29T14:15:00Z,2026-06-29T16:15:00+0200,10288.91,MW,BE,BE,forecast_load,Forecasted Load,2026-07-27T14:54:27Z
2026-07-27T14:54:16Z,2026-07-27T16:54:16+0200,6e7a462e-9eec-47a6-a2b0-092174843598,2026-06-29T14:30:00Z,2026-06-29T16:30:00+0200,10224.99,MW,BE,BE,forecast_load,Forecasted Load,2026-07-27T14:54:27Z
2026-07-27T14:54:16Z,2026-07-27T16:54:16+0200,6e7a462e-9eec-47a6-a2b0-092174843598,2026-06-29T14:45:00Z,2026-06-29T16:45:00+0200,10225.43,MW,BE,BE,forecast_load,Forecasted Load,2026-07-27T14:54:27Z
2026-07-27T14:54:16Z,2026-07-27T16:54:16+0200,6e7a462e-9eec-47a6-a2b0-092174843598,2026-06-29T15:00:00Z,2026-06-29T17:00:00+0200,10229.64,MW,BE,BE,forecast_load,Forecasted Load,2026-07-27T14:54:27Z
2026-07-27T14:54:16Z,2026-07-27T16:54:16+0200,6e7a462e-9eec-47a6-a2b0-092174843598,2026-06-29T15:15:00Z,2026-06-29T17:15:00+0200,10195.93,MW,BE,BE,forecast_load,Forecasted Load,2026-07-27T14:54:27Z
2026-07-27T14:54:16Z,2026-07-27T16:54:16+0200,6e7a462e-9eec-47a6-a2b0-092174843598,2026-06-29T15:30:00Z,2026-06-29T17:30:00+0200,10265.4,MW,BE,BE,forecast_load,Forecasted Load,2026-07-27T14:54:27Z
2026-07-27T14:54:16Z,2026-07-27T16:54:16+0200,6e7a462e-9eec-47a6-a2b0-092174843598,2026-06-29T15:45:00Z,2026-06-29T17:45:00+0200,10329.9,MW,BE,BE,forecast_load,Forecasted Load,2026-07-27T14:54:27Z
2026-07-27T14:54:16Z,2026-07-27T16:54:16+0200,6e7a462e-9eec-47a6-a2b0-092174843598,2026-06-29T16:00:00Z,2026-06-29T18:00:00+0200,10334.07,MW,BE,BE,forecast_load,Forecasted Load,2026-07-27T14:54:27Z
2026-07-27T14:54:16Z,2026-07-27T16:54:16+0200,6e7a462e-9eec-47a6-a2b0-092174843598,2026-06-29T16:15:00Z,2026-06-29T18:15:00+0200,10333.87,MW,BE,BE,forecast_load,Forecasted Load,2026-07-27T14:54:27Z
2026-07-27T14:54:16Z,2026-07-27T16:54:16+0200,6e7a462e-9eec-47a6-a2b0-092174843598,2026-06-29T16:30:00Z,2026-06-29T18:30:00+0200,10333.6,MW,BE,BE,forecast_load,Forecasted Load,2026-07-27T14:54:27Z
2026-07-27T14:54:16Z,2026-07-27T16:54:16+0200,6e7a462e-9eec-47a6-a2b0-092174843598,2026-06-29T16:45:00Z,2026-06-29T18:45:00+0200,10339.99,MW,BE,BE,forecast_load,Forecasted Load,2026-07-27T14:54:27Z
2026-07-27T14:54:16Z,2026-07-27T16:54:16+0200,6e7a462e-9eec-47a6-a2b0-092174843598,2026-06-29T17:00:00Z,2026-06-29T19:00:00+0200,10348.88,MW,BE,BE,forecast_load,Forecasted Load,2026-07-27T14:54:27Z
2026-07-27T14:54:16Z,2026-07-27T16:54:16+0200,6e7a462e-9eec-47a6-a2b0-092174843598,2026-06-29T17:15:00Z,2026-06-29T19:15:00+0200,10312.46,MW,BE,BE,forecast_load,Forecasted Load,2026-07-27T14:54:27Z
2026-07-27T14:54:16Z,2026-07-27T16:54:16+0200,6e7a462e-9eec-47a6-a2b0-092174843598,2026-06-29T17:30:00Z,2026-06-29T19:30:00+0200,10242.28,MW,BE,BE,forecast_load,Forecasted Load,2026-07-27T14:54:27Z
2026-07-27T14:54:16Z,2026-07-27T16:54:16+0200,6e7a462e-9eec-47a6-a2b0-092174843598,2026-06-29T17:45:00Z,2026-06-29T19:45:00+0200,10089.73,MW,BE,BE,forecast_load,Forecasted Load,2026-07-27T14:54:27Z
2026-07-27T14:54:16Z,2026-07-27T16:54:16+0200,6e7a462e-9eec-47a6-a2b0-092174843598,2026-06-29T18:00:00Z,2026-06-29T20:00:00+0200,10042.92,MW,BE,BE,forecast_load,Forecasted Load,2026-07-27T14:54:27Z
2026-07-27T14:54:16Z,2026-07-27T16:54:16+0200,6e7a462e-9eec-47a6-a2b0-092174843598,2026-06-29T18:15:00Z,2026-06-29T20:15:00+0200,9931.14,MW,BE,BE,forecast_load,Forecasted Load,2026-07-27T14:54:27Z
2026-07-27T14:54:16Z,2026-07-27T16:54:16+0200,6e7a462e-9eec-47a6-a2b0-092174843598,2026-06-29T18:30:00Z,2026-06-29T20:30:00+0200,9834.0,MW,BE,BE,forecast_load,Forecasted Load,2026-07-27T14:54:27Z
2026-07-27T14:54:16Z,2026-07-27T16:54:16+0200,6e7a462e-9eec-47a6-a2b0-092174843598,2026-06-29T18:45:00Z,2026-06-29T20:45:00+0200,9666.69,MW,BE,BE,forecast_load,Forecasted Load,2026-07-27T14:54:27Z
2026-07-27T14:54:16Z,2026-07-27T16:54:16+0200,6e7a462e-9eec-47a6-a2b0-092174843598,2026-06-29T19:00:00Z,2026-06-29T21:00:00+0200,9579.57,MW,BE,BE,forecast_load,Forecasted Load,2026-07-27T14:54:27Z
2026-07-27T14:54:16Z,2026-07-27T16:54:16+0200,6e7a462e-9eec-47a6-a2b0-092174843598,2026-06-29T19:15:00Z,2026-06-29T21:15:00+0200,9469.57,MW,BE,BE,forecast_load,Forecasted Load,2026-07-27T14:54:27Z
2026-07-27T14:54:16Z,2026-07-27T16:54:16+0200,6e7a462e-9eec-47a6-a2b0-092174843598,2026-06-29T19:30:00Z,2026-06-29T21:30:00+0200,9358.01,MW,BE,BE,forecast_load,Forecasted Load,2026-07-27T14:54:27Z
2026-07-27T14:54:16Z,2026-07-27T16:54:16+0200,6e7a462e-9eec-47a6-a2b0-092174843598,2026-06-29T19:45:00Z,2026-06-29T21:45:00+0200,9356.62,MW,BE,BE,forecast_load,Forecasted Load,2026-07-27T14:54:27Z
2026-07-27T14:54:16Z,2026-07-27T16:54:16+0200,6e7a462e-9eec-47a6-a2b0-092174843598,2026-06-29T20:00:00Z,2026-06-29T22:00:00+0200,9373.65,MW,BE,BE,forecast_load,Forecasted Load,2026-07-27T14:54:27Z
2026-07-27T14:54:16Z,2026-07-27T16:54:16+0200,6e7a462e-9eec-47a6-a2b0-092174843598,2026-06-29T20:15:00Z,2026-06-29T22:15:00+0200,9437.82,MW,BE,BE,forecast_load,Forecasted Load,2026-07-27T14:54:27Z
2026-07-27T14:54:16Z,2026-07-27T16:54:16+0200,6e7a462e-9eec-47a6-a2b0-092174843598,2026-06-29T20:30:00Z,2026-06-29T22:30:00+0200,9424.9,MW,BE,BE,forecast_load,Forecasted Load,2026-07-27T14:54:27Z
2026-07-27T14:54:16Z,2026-07-27T16:54:16+0200,6e7a462e-9eec-47a6-a2b0-092174843598,2026-06-29T20:45:00Z,2026-06-29T22:45:00+0200,9353.25,MW,BE,BE,forecast_load,Forecasted Load,2026-07-27T14:54:27Z
2026-07-27T14:54:16Z,2026-07-27T16:54:16+0200,6e7a462e-9eec-47a6-a2b0-092174843598,2026-06-29T21:00:00Z,2026-06-29T23:00:00+0200,9231.68,MW,BE,BE,forecast_load,Forecasted Load,2026-07-27T14:54:27Z
2026-07-27T14:54:16Z,2026-07-27T16:54:16+0200,6e7a462e-9eec-47a6-a2b0-092174843598,2026-06-29T21:15:00Z,2026-06-29T23:15:00+0200,9141.74,MW,BE,BE,forecast_load,Forecasted Load,2026-07-27T14:54:27Z
2026-07-27T14:54:16Z,2026-07-27T16:54:16+0200,6e7a462e-9eec-47a6-a2b0-092174843598,2026-06-29T21:30:00Z,2026-06-29T23:30:00+0200,8963.82,MW,BE,BE,forecast_load,Forecasted Load,2026-07-27T14:54:27Z
2026-07-27T14:54:16Z,2026-07-27T16:54:16+0200,6e7a462e-9eec-47a6-a2b0-092174843598,2026-06-29T21:45:00Z,2026-06-29T23:45:00+0200,8796.94,MW,BE,BE,forecast_load,Forecasted Load,2026-07-27T14:54:27Z
2026-07-27T14:54:16Z,2026-07-27T16:54:16+0200,6e7a462e-9eec-47a6-a2b0-092174843598,2026-06-29T22:00:00Z,2026-06-30T00:00:00+0200,8380.18,MW,BE,BE,forecast_load,Forecasted Load,2026-07-27T14:54:27Z
2026-07-27T14:54:16Z,2026-07-27T16:54:16+0200,6e7a462e-9eec-47a6-a2b0-092174843598,2026-06-29T22:15:00Z,2026-06-30T00:15:00+0200,8231.8,MW,BE,BE,forecast_load,Forecasted Load,2026-07-27T14:54:27Z
2026-07-27T14:54:16Z,2026-07-27T16:54:16+0200,6e7a462e-9eec-47a6-a2b0-092174843598,2026-06-29T22:30:00Z,2026-06-30T00:30:00+0200,8161.02,MW,BE,BE,forecast_load,Forecasted Load,2026-07-27T14:54:27Z
2026-07-27T14:54:16Z,2026-07-27T16:54:16+0200,6e7a462e-9eec-47a6-a2b0-092174843598,2026-06-29T22:45:00Z,2026-06-30T00:45:00+0200,8078.63,MW,BE,BE,forecast_load,Forecasted Load,2026-07-27T14:54:27Z
2026-07-27T14:54:16Z,2026-07-27T16:54:16+0200,6e7a462e-9eec-47a6-a2b0-092174843598,2026-06-29T23:00:00Z,2026-06-30T01:00:00+0200,8025.65,MW,BE,BE,forecast_load,Forecasted Load,2026-07-27T14:54:27Z
2026-07-27T14:54:16Z,2026-07-27T16:54:16+0200,6e7a462e-9eec-47a6-a2b0-092174843598,2026-06-29T23:15:00Z,2026-06-30T01:15:00+0200,7926.85,MW,BE,BE,forecast_load,Forecasted Load,2026-07-27T14:54:27Z
2026-07-27T14:54:16Z,2026-07-27T16:54:16+0200,6e7a462e-9eec-47a6-a2b0-092174843598,2026-06-29T23:30:00Z,2026-06-30T01:30:00+0200,7924.82,MW,BE,BE,forecast_load,Forecasted Load,2026-07-27T14:54:27Z
2026-07-27T14:54:16Z,2026-07-27T16:54:16+0200,6e7a462e-9eec-47a6-a2b0-092174843598,2026-06-29T23:45:00Z,2026-06-30T01:45:00+0200,7864.91,MW,BE,BE,forecast_load,Forecasted Load,2026-07-27T14:54:27Z
2026-07-27T14:54:16Z,2026-07-27T16:54:16+0200,6e7a462e-9eec-47a6-a2b0-092174843598,2026-06-30T00:00:00Z,2026-06-30T02:00:00+0200,8128.6,MW,BE,BE,forecast_load,Forecasted Load,2026-07-27T14:54:27Z
2026-07-27T14:54:16Z,2026-07-27T16:54:16+0200,6e7a462e-9eec-47a6-a2b0-092174843598,2026-06-30T00:15:00Z,2026-06-30T02:15:00+0200,8101.32,MW,BE,BE,forecast_load,Forecasted Load,2026-07-27T14:54:27Z
2026-07-27T14:54:16Z,2026-07-27T16:54:16+0200,6e7a462e-9eec-47a6-a2b0-092174843598,2026-06-30T00:30:00Z,2026-06-30T02:30:00+0200,8054.78,MW,BE,BE,forecast_load,Forecasted Load,2026-07-27T14:54:27Z
2026-07-27T14:54:16Z,2026-07-27T16:54:16+0200,6e7a462e-9eec-47a6-a2b0-092174843598,2026-06-30T00:45:00Z,2026-06-30T02:45:00+0200,8041.96,MW,BE,BE,forecast_load,Forecasted Load,2026-07-27T14:54:27Z
2026-07-27T14:54:16Z,2026-07-27T16:54:16+0200,6e7a462e-9eec-47a6-a2b0-092174843598,2026-06-30T01:00:00Z,2026-06-30T03:00:00+0200,8056.63,MW,BE,BE,forecast_load,Forecasted Load,2026-07-27T14:54:27Z
2026-07-27T14:54:16Z,2026-07-27T16:54:16+0200,6e7a462e-9eec-47a6-a2b0-092174843598,2026-06-30T01:15:00Z,2026-06-30T03:15:00+0200,8029.6,MW,BE,BE,forecast_load,Forecasted Load,2026-07-27T14:54:27Z
2026-07-27T14:54:16Z,2026-07-27T16:54:16+0200,6e7a462e-9eec-47a6-a2b0-092174843598,2026-06-30T01:30:00Z,2026-06-30T03:30:00+0200,8055.03,MW,BE,BE,forecast_load,Forecasted Load,2026-07-27T14:54:27Z
2026-07-27T14:54:16Z,2026-07-27T16:54:16+0200,6e7a462e-9eec-47a6-a2b0-092174843598,2026-06-30T01:45:00Z,2026-06-30T03:45:00+0200,8032.75,MW,BE,BE,forecast_load,Forecasted Load,2026-07-27T14:54:27Z
2026-07-27T14:54:16Z,2026-07-27T16:54:16+0200,6e7a462e-9eec-47a6-a2b0-092174843598,2026-06-30T02:00:00Z,2026-06-30T04:00:00+0200,7943.79,MW,BE,BE,forecast_load,Forecasted Load,2026-07-27T14:54:27Z
2026-07-27T14:54:16Z,2026-07-27T16:54:16+0200,6e7a462e-9eec-47a6-a2b0-092174843598,2026-06-30T02:15:00Z,2026-06-30T04:15:00+0200,7962.81,MW,BE,BE,forecast_load,Forecasted Load,2026-07-27T14:54:27Z
2026-07-27T14:54:16Z,2026-07-27T16:54:16+0200,6e7a462e-9eec-47a6-a2b0-092174843598,2026-06-30T02:30:00Z,2026-06-30T04:30:00+0200,7957.29,MW,BE,BE,forecast_load,Forecasted Load,2026-07-27T14:54:27Z
2026-07-27T14:54:16Z,2026-07-27T16:54:16+0200,6e7a462e-9eec-47a6-a2b0-092174843598,2026-06-30T02:45:00Z,2026-06-30T04:45:00+0200,8012.21,MW,BE,BE,forecast_load,Forecasted Load,2026-07-27T14:54:27Z
2026-07-27T14:54:16Z,2026-07-27T16:54:16+0200,6e7a462e-9eec-47a6-a2b0-092174843598,2026-06-30T03:00:00Z,2026-06-30T05:00:00+0200,8050.94,MW,BE,BE,forecast_load,Forecasted Load,2026-07-27T14:54:27Z
2026-07-27T14:54:16Z,2026-07-27T16:54:16+0200,6e7a462e-9eec-47a6-a2b0-092174843598,2026-06-30T03:15:00Z,2026-06-30T05:15:00+0200,8062.12,MW,BE,BE,forecast_load,Forecasted Load,2026-07-27T14:54:27Z
2026-07-27T14:54:16Z,2026-07-27T16:54:16+0200,6e7a462e-9eec-47a6-a2b0-092174843598,2026-06-30T03:30:00Z,2026-06-30T05:30:00+0200,8109.27,MW,BE,BE,forecast_load,Forecasted Load,2026-07-27T14:54:27Z
2026-07-27T14:54:16Z,2026-07-27T16:54:16+0200,6e7a462e-9eec-47a6-a2b0-092174843598,2026-06-30T03:45:00Z,2026-06-30T05:45:00+0200,8203.22,MW,BE,BE,forecast_load,Forecasted Load,2026-07-27T14:54:27Z
2026-07-27T14:54:16Z,2026-07-27T16:54:16+0200,6e7a462e-9eec-47a6-a2b0-092174843598,2026-06-30T04:00:00Z,2026-06-30T06:00:00+0200,8319.06,MW,BE,BE,forecast_load,Forecasted Load,2026-07-27T14:54:27Z
2026-07-27T14:54:16Z,2026-07-27T16:54:16+0200,6e7a462e-9eec-47a6-a2b0-092174843598,2026-06-30T04:15:00Z,2026-06-30T06:15:00+0200,8510.38,MW,BE,BE,forecast_load,Forecasted Load,2026-07-27T14:54:27Z
2026-07-27T14:54:16Z,2026-07-27T16:54:16+0200,6e7a462e-9eec-47a6-a2b0-092174843598,2026-06-30T04:30:00Z,2026-06-30T06:30:00+0200,8720.84,MW,BE,BE,forecast_load,Forecasted Load,2026-07-27T14:54:27Z
2026-07-27T14:54:16Z,2026-07-27T16:54:16+0200,6e7a462e-9eec-47a6-a2b0-092174843598,2026-06-30T04:45:00Z,2026-06-30T06:45:00+0200,8929.8,MW,BE,BE,forecast_load,Forecasted Load,2026-07-27T14:54:27Z
2026-07-27T14:54:16Z,2026-07-27T16:54:16+0200,6e7a462e-9eec-47a6-a2b0-092174843598,2026-06-30T05:00:00Z,2026-06-30T07:00:00+0200,9000.45,MW,BE,BE,forecast_load,Forecasted Load,2026-07-27T14:54:27Z
2026-07-27T14:54:16Z,2026-07-27T16:54:16+0200,6e7a462e-9eec-47a6-a2b0-092174843598,2026-06-30T05:15:00Z,2026-06-30T07:15:00+0200,9221.4,MW,BE,BE,forecast_load,Forecasted Load,2026-07-27T14:54:27Z
2026-07-27T14:54:16Z,2026-07-27T16:54:16+0200,6e7a462e-9eec-47a6-a2b0-092174843598,2026-06-30T05:30:00Z,2026-06-30T07:30:00+0200,9421.41,MW,BE,BE,forecast_load,Forecasted Load,2026-07-27T14:54:27Z
2026-07-27T14:54:16Z,2026-07-27T16:54:16+0200,6e7a462e-9eec-47a6-a2b0-092174843598,2026-06-30T05:45:00Z,2026-06-30T07:45:00+0200,9562.43,MW,BE,BE,forecast_load,Forecasted Load,2026-07-27T14:54:27Z
2026-07-27T14:54:16Z,2026-07-27T16:54:16+0200,6e7a462e-9eec-47a6-a2b0-092174843598,2026-06-30T06:00:00Z,2026-06-30T08:00:00+0200,9731.05,MW,BE,BE,forecast_load,Forecasted Load,2026-07-27T14:54:27Z
2026-07-27T14:54:16Z,2026-07-27T16:54:16+0200,6e7a462e-9eec-47a6-a2b0-092174843598,2026-06-30T06:15:00Z,2026-06-30T08:15:00+0200,9897.33,MW,BE,BE,forecast_load,Forecasted Load,2026-07-27T14:54:27Z
2026-07-27T14:54:16Z,2026-07-27T16:54:16+0200,6e7a462e-9eec-47a6-a2b0-092174843598,2026-06-30T06:30:00Z,2026-06-30T08:30:00+0200,10099.43,MW,BE,BE,forecast_load,Forecasted Load,2026-07-27T14:54:27Z
2026-07-27T14:54:16Z,2026-07-27T16:54:16+0200,6e7a462e-9eec-47a6-a2b0-092174843598,2026-06-30T06:45:00Z,2026-06-30T08:45:00+0200,10259.06,MW,BE,BE,forecast_load,Forecasted Load,2026-07-27T14:54:27Z
2026-07-27T14:54:16Z,2026-07-27T16:54:16+0200,6e7a462e-9eec-47a6-a2b0-092174843598,2026-06-30T07:00:00Z,2026-06-30T09:00:00+0200,10393.71,MW,BE,BE,forecast_load,Forecasted Load,2026-07-27T14:54:27Z
2026-07-27T14:54:16Z,2026-07-27T16:54:16+0200,6e7a462e-9eec-47a6-a2b0-092174843598,2026-06-30T07:15:00Z,2026-06-30T09:15:00+0200,10460.64,MW,BE,BE,forecast_load,Forecasted Load,2026-07-27T14:54:27Z
2026-07-27T14:54:16Z,2026-07-27T16:54:16+0200,6e7a462e-9eec-47a6-a2b0-092174843598,2026-06-30T07:30:00Z,2026-06-30T09:30:00+0200,10541.78,MW,BE,BE,forecast_load,Forecasted Load,2026-07-27T14:54:27Z
2026-07-27T14:54:16Z,2026-07-27T16:54:16+0200,6e7a462e-9eec-47a6-a2b0-092174843598,2026-06-30T07:45:00Z,2026-06-30T09:45:00+0200,10625.46,MW,BE,BE,forecast_load,Forecasted Load,2026-07-27T14:54:27Z
2026-07-27T14:54:16Z,2026-07-27T16:54:16+0200,6e7a462e-9eec-47a6-a2b0-092174843598,2026-06-30T08:00:00Z,2026-06-30T10:00:00+0200,10607.87,MW,BE,BE,forecast_load,Forecasted Load,2026-07-27T14:54:27Z
2026-07-27T14:54:16Z,2026-07-27T16:54:16+0200,6e7a462e-9eec-47a6-a2b0-092174843598,2026-06-30T08:15:00Z,2026-06-30T10:15:00+0200,10639.65,MW,BE,BE,forecast_load,Forecasted Load,2026-07-27T14:54:27Z
2026-07-27T14:54:16Z,2026-07-27T16:54:16+0200,6e7a462e-9eec-47a6-a2b0-092174843598,2026-06-30T08:30:00Z,2026-06-30T10:30:00+0200,10743.64,MW,BE,BE,forecast_load,Forecasted Load,2026-07-27T14:54:27Z
2026-07-27T14:54:16Z,2026-07-27T16:54:16+0200,6e7a462e-9eec-47a6-a2b0-092174843598,2026-06-30T08:45:00Z,2026-06-30T10:45:00+0200,10832.88,MW,BE,BE,forecast_load,Forecasted Load,2026-07-27T14:54:27Z
2026-07-27T14:54:16Z,2026-07-27T16:54:16+0200,6e7a462e-9eec-47a6-a2b0-092174843598,2026-06-30T09:00:00Z,2026-06-30T11:00:00+0200,10789.06,MW,BE,BE,forecast_load,Forecasted Load,2026-07-27T14:54:27Z
2026-07-27T14:54:16Z,2026-07-27T16:54:16+0200,6e7a462e-9eec-47a6-a2b0-092174843598,2026-06-30T09:15:00Z,2026-06-30T11:15:00+0200,10869.45,MW,BE,BE,forecast_load,Forecasted Load,2026-07-27T14:54:27Z
2026-07-27T14:54:16Z,2026-07-27T16:54:16+0200,6e7a462e-9eec-47a6-a2b0-092174843598,2026-06-30T09:30:00Z,2026-06-30T11:30:00+0200,10938.31,MW,BE,BE,forecast_load,Forecasted Load,2026-07-27T14:54:27Z
2026-07-27T14:54:16Z,2026-07-27T16:54:16+0200,6e7a462e-9eec-47a6-a2b0-092174843598,2026-06-30T09:45:00Z,2026-06-30T11:45:00+0200,11029.21,MW,BE,BE,forecast_load,Forecasted Load,2026-07-27T14:54:27Z
2026-07-27T14:54:16Z,2026-07-27T16:54:16+0200,6e7a462e-9eec-47a6-a2b0-092174843598,2026-06-30T10:00:00Z,2026-06-30T12:00:00+0200,11042.03,MW,BE,BE,forecast_load,Forecasted Load,2026-07-27T14:54:27Z
2026-07-27T14:54:16Z,2026-07-27T16:54:16+0200,6e7a462e-9eec-47a6-a2b0-092174843598,2026-06-30T10:15:00Z,2026-06-30T12:15:00+0200,11006.52,MW,BE,BE,forecast_load,Forecasted Load,2026-07-27T14:54:27Z
2026-07-27T14:54:16Z,2026-07-27T16:54:16+0200,6e7a462e-9eec-47a6-a2b0-092174843598,2026-06-30T10:30:00Z,2026-06-30T12:30:00+0200,10981.89,MW,BE,BE,forecast_load,Forecasted Load,2026-07-27T14:54:27Z
2026-07-27T14:54:16Z,2026-07-27T16:54:16+0200,6e7a462e-9eec-47a6-a2b0-092174843598,2026-06-30T10:45:00Z,2026-06-30T12:45:00+0200,11001.76,MW,BE,BE,forecast_load,Forecasted Load,2026-07-27T14:54:27Z
2026-07-27T14:54:16Z,2026-07-27T16:54:16+0200,6e7a462e-9eec-47a6-a2b0-092174843598,2026-06-30T11:00:00Z,2026-06-30T13:00:00+0200,11122.27,MW,BE,BE,forecast_load,Forecasted Load,2026-07-27T14:54:27Z
2026-07-27T14:54:16Z,2026-07-27T16:54:16+0200,6e7a462e-9eec-47a6-a2b0-092174843598,2026-06-30T11:15:00Z,2026-06-30T13:15:00+0200,11082.37,MW,BE,BE,forecast_load,Forecasted Load,2026-07-27T14:54:27Z
2026-07-27T14:54:16Z,2026-07-27T16:54:16+0200,6e7a462e-9eec-47a6-a2b0-092174843598,2026-06-30T11:30:00Z,2026-06-30T13:30:00+0200,11091.43,MW,BE,BE,forecast_load,Forecasted Load,2026-07-27T14:54:27Z
2026-07-27T14:54:16Z,2026-07-27T16:54:16+0200,6e7a462e-9eec-47a6-a2b0-092174843598,2026-06-30T11:45:00Z,2026-06-30T13:45:00+0200,11059.65,MW,BE,BE,forecast_load,Forecasted Load,2026-07-27T14:54:27Z
2026-07-27T14:54:16Z,2026-07-27T16:54:16+0200,6e7a462e-9eec-47a6-a2b0-092174843598,2026-06-30T12:00:00Z,2026-06-30T14:00:00+0200,11132.25,MW,BE,BE,forecast_load,Forecasted Load,2026-07-27T14:54:27Z
2026-07-27T14:54:16Z,2026-07-27T16:54:16+0200,6e7a462e-9eec-47a6-a2b0-092174843598,2026-06-30T12:15:00Z,2026-06-30T14:15:00+0200,11081.07,MW,BE,BE,forecast_load,Forecasted Load,2026-07-27T14:54:27Z
2026-07-27T14:54:16Z,2026-07-27T16:54:16+0200,6e7a462e-9eec-47a6-a2b0-092174843598,2026-06-30T12:30:00Z,2026-06-30T14:30:00+0200,10997.91,MW,BE,BE,forecast_load,Forecasted Load,2026-07-27T14:54:27Z
2026-07-27T14:54:16Z,2026-07-27T16:54:16+0200,6e7a462e-9eec-47a6-a2b0-092174843598,2026-06-30T12:45:00Z,2026-06-30T14:45:00+0200,10917.57,MW,BE,BE,forecast_load,Forecasted Load,2026-07-27T14:54:27Z
2026-07-27T14:54:16Z,2026-07-27T16:54:16+0200,6e7a462e-9eec-47a6-a2b0-092174843598,2026-06-30T13:00:00Z,2026-06-30T15:00:00+0200,10863.2,MW,BE,BE,forecast_load,Forecasted Load,2026-07-27T14:54:27Z
2026-07-27T14:54:16Z,2026-07-27T16:54:16+0200,6e7a462e-9eec-47a6-a2b0-092174843598,2026-06-30T13:15:00Z,2026-06-30T15:15:00+0200,10727.82,MW,BE,BE,forecast_load,Forecasted Load,2026-07-27T14:54:27Z
2026-07-27T14:54:16Z,2026-07-27T16:54:16+0200,6e7a462e-9eec-47a6-a2b0-092174843598,2026-06-30T13:30:00Z,2026-06-30T15:30:00+0200,10604.95,MW,BE,BE,forecast_load,Forecasted Load,2026-07-27T14:54:27Z
2026-07-27T14:54:16Z,2026-07-27T16:54:16+0200,6e7a462e-9eec-47a6-a2b0-092174843598,2026-06-30T13:45:00Z,2026-06-30T15:45:00+0200,10512.14,MW,BE,BE,forecast_load,Forecasted Load,2026-07-27T14:54:27Z
2026-07-27T14:54:16Z,2026-07-27T16:54:16+0200,6e7a462e-9eec-47a6-a2b0-092174843598,2026-06-30T14:00:00Z,2026-06-30T16:00:00+0200,10606.19,MW,BE,BE,forecast_load,Forecasted Load,2026-07-27T14:54:27Z
2026-07-27T14:54:16Z,2026-07-27T16:54:16+0200,6e7a462e-9eec-47a6-a2b0-092174843598,2026-06-30T14:15:00Z,2026-06-30T16:15:00+0200,10436.68,MW,BE,BE,forecast_load,Forecasted Load,2026-07-27T14:54:27Z
2026-07-27T14:54:16Z,2026-07-27T16:54:16+0200,6e7a462e-9eec-47a6-a2b0-092174843598,2026-06-30T14:30:00Z,2026-06-30T16:30:00+0200,10398.45,MW,BE,BE,forecast_load,Forecasted Load,2026-07-27T14:54:27Z
2026-07-27T14:54:16Z,2026-07-27T16:54:16+0200,6e7a462e-9eec-47a6-a2b0-092174843598,2026-06-30T14:45:00Z,2026-06-30T16:45:00+0200,10340.71,MW,BE,BE,forecast_load,Forecasted Load,2026-07-27T14:54:27Z
2026-07-27T14:54:16Z,2026-07-27T16:54:16+0200,6e7a462e-9eec-47a6-a2b0-092174843598,2026-06-30T15:00:00Z,2026-06-30T17:00:00+0200,10446.9,MW,BE,BE,forecast_load,Forecasted Load,2026-07-27T14:54:27Z
2026-07-27T14:54:16Z,2026-07-27T16:54:16+0200,6e7a462e-9eec-47a6-a2b0-092174843598,2026-06-30T15:15:00Z,2026-06-30T17:15:00+0200,10402.0,MW,BE,BE,forecast_load,Forecasted Load,2026-07-27T14:54:27Z
2026-07-27T14:54:16Z,2026-07-27T16:54:16+0200,6e7a462e-9eec-47a6-a2b0-092174843598,2026-06-30T15:30:00Z,2026-06-30T17:30:00+0200,10448.05,MW,BE,BE,forecast_load,Forecasted Load,2026-07-27T14:54:27Z
2026-07-27T14:54:16Z,2026-07-27T16:54:16+0200,6e7a462e-9eec-47a6-a2b0-092174843598,2026-06-30T15:45:00Z,2026-06-30T17:45:00+0200,10401.77,MW,BE,BE,forecast_load,Forecasted Load,2026-07-27T14:54:27Z
2026-07-27T14:54:16Z,2026-07-27T16:54:16+0200,6e7a462e-9eec-47a6-a2b0-092174843598,2026-06-30T16:00:00Z,2026-06-30T18:00:00+0200,10393.45,MW,BE,BE,forecast_load,Forecasted Load,2026-07-27T14:54:27Z
2026-07-27T14:54:16Z,2026-07-27T16:54:16+0200,6e7a462e-9eec-47a6-a2b0-092174843598,2026-06-30T16:15:00Z,2026-06-30T18:15:00+0200,10314.71,MW,BE,BE,forecast_load,Forecasted Load,2026-07-27T14:54:27Z
2026-07-27T14:54:16Z,2026-07-27T16:54:16+0200,6e7a462e-9eec-47a6-a2b0-092174843598,2026-06-30T16:30:00Z,2026-06-30T18:30:00+0200,10311.77,MW,BE,BE,forecast_load,Forecasted Load,2026-07-27T14:54:27Z
2026-07-27T14:54:16Z,2026-07-27T16:54:16+0200,6e7a462e-9eec-47a6-a2b0-092174843598,2026-06-30T16:45:00Z,2026-06-30T18:45:00+0200,10232.39,MW,BE,BE,forecast_load,Forecasted Load,2026-07-27T14:54:27Z
2026-07-27T14:54:16Z,2026-07-27T16:54:16+0200,6e7a462e-9eec-47a6-a2b0-092174843598,2026-06-30T17:00:00Z,2026-06-30T19:00:00+0200,10066.13,MW,BE,BE,forecast_load,Forecasted Load,2026-07-27T14:54:27Z
2026-07-27T14:54:16Z,2026-07-27T16:54:16+0200,6e7a462e-9eec-47a6-a2b0-092174843598,2026-06-30T17:15:00Z,2026-06-30T19:15:00+0200,9978.8,MW,BE,BE,forecast_load,Forecasted Load,2026-07-27T14:54:27Z
2026-07-27T14:54:16Z,2026-07-27T16:54:16+0200,6e7a462e-9eec-47a6-a2b0-092174843598,2026-06-30T17:30:00Z,2026-06-30T19:30:00+0200,9921.62,MW,BE,BE,forecast_load,Forecasted Load,2026-07-27T14:54:27Z
2026-07-27T14:54:16Z,2026-07-27T16:54:16+0200,6e7a462e-9eec-47a6-a2b0-092174843598,2026-06-30T17:45:00Z,2026-06-30T19:45:00+0200,9797.36,MW,BE,BE,forecast_load,Forecasted Load,2026-07-27T14:54:27Z
2026-07-27T14:54:16Z,2026-07-27T16:54:16+0200,6e7a462e-9eec-47a6-a2b0-092174843598,2026-06-30T18:00:00Z,2026-06-30T20:00:00+0200,9758.03,MW,BE,BE,forecast_load,Forecasted Load,2026-07-27T14:54:27Z
2026-07-27T14:54:16Z,2026-07-27T16:54:16+0200,6e7a462e-9eec-47a6-a2b0-092174843598,2026-06-30T18:15:00Z,2026-06-30T20:15:00+0200,9668.21,MW,BE,BE,forecast_load,Forecasted Load,2026-07-27T14:54:27Z
2026-07-27T14:54:16Z,2026-07-27T16:54:16+0200,6e7a462e-9eec-47a6-a2b0-092174843598,2026-06-30T18:30:00Z,2026-06-30T20:30:00+0200,9553.8,MW,BE,BE,forecast_load,Forecasted Load,2026-07-27T14:54:27Z
2026-07-27T14:54:16Z,2026-07-27T16:54:16+0200,6e7a462e-9eec-47a6-a2b0-092174843598,2026-06-30T18:45:00Z,2026-06-30T20:45:00+0200,9497.34,MW,BE,BE,forecast_load,Forecasted Load,2026-07-27T14:54:27Z
2026-07-27T14:54:16Z,2026-07-27T16:54:16+0200,6e7a462e-9eec-47a6-a2b0-092174843598,2026-06-30T19:00:00Z,2026-06-30T21:00:00+0200,9499.09,MW,BE,BE,forecast_load,Forecasted Load,2026-07-27T14:54:27Z
2026-07-27T14:54:16Z,2026-07-27T16:54:16+0200,6e7a462e-9eec-47a6-a2b0-092174843598,2026-06-30T19:15:00Z,2026-06-30T21:15:00+0200,9418.15,MW,BE,BE,forecast_load,Forecasted Load,2026-07-27T14:54:27Z
2026-07-27T14:54:16Z,2026-07-27T16:54:16+0200,6e7a462e-9eec-47a6-a2b0-092174843598,2026-06-30T19:30:00Z,2026-06-30T21:30:00+0200,9380.92,MW,BE,BE,forecast_load,Forecasted Load,2026-07-27T14:54:27Z
2026-07-27T14:54:16Z,2026-07-27T16:54:16+0200,6e7a462e-9eec-47a6-a2b0-092174843598,2026-06-30T19:45:00Z,2026-06-30T21:45:00+0200,9377.61,MW,BE,BE,forecast_load,Forecasted Load,2026-07-27T14:54:27Z
2026-07-27T14:54:16Z,2026-07-27T16:54:16+0200,6e7a462e-9eec-47a6-a2b0-092174843598,2026-06-30T20:00:00Z,2026-06-30T22:00:00+0200,9440.38,MW,BE,BE,forecast_load,Forecasted Load,2026-07-27T14:54:27Z
2026-07-27T14:54:16Z,2026-07-27T16:54:16+0200,6e7a462e-9eec-47a6-a2b0-092174843598,2026-06-30T20:15:00Z,2026-06-30T22:15:00+0200,9498.88,MW,BE,BE,forecast_load,Forecasted Load,2026-07-27T14:54:27Z
2026-07-27T14:54:16Z,2026-07-27T16:54:16+0200,6e7a462e-9eec-47a6-a2b0-092174843598,2026-06-30T20:30:00Z,2026-06-30T22:30:00+0200,9490.46,MW,BE,BE,forecast_load,Forecasted Load,2026-07-27T14:54:27Z
2026-07-27T14:54:16Z,2026-07-27T16:54:16+0200,6e7a462e-9eec-47a6-a2b0-092174843598,2026-06-30T20:45:00Z,2026-06-30T22:45:00+0200,9399.17,MW,BE,BE,forecast_load,Forecasted Load,2026-07-27T14:54:27Z
2026-07-27T14:54:16Z,2026-07-27T16:54:16+0200,6e7a462e-9eec-47a6-a2b0-092174843598,2026-06-30T21:00:00Z,2026-06-30T23:00:00+0200,9174.73,MW,BE,BE,forecast_load,Forecasted Load,2026-07-27T14:54:27Z
2026-07-27T14:54:16Z,2026-07-27T16:54:16+0200,6e7a462e-9eec-47a6-a2b0-092174843598,2026-06-30T21:15:00Z,2026-06-30T23:15:00+0200,9071.22,MW,BE,BE,forecast_load,Forecasted Load,2026-07-27T14:54:27Z
2026-07-27T14:54:16Z,2026-07-27T16:54:16+0200,6e7a462e-9eec-47a6-a2b0-092174843598,2026-06-30T21:30:00Z,2026-06-30T23:30:00+0200,8945.57,MW,BE,BE,forecast_load,Forecasted Load,2026-07-27T14:54:27Z
2026-07-27T14:54:16Z,2026-07-27T16:54:16+0200,6e7a462e-9eec-47a6-a2b0-092174843598,2026-06-30T21:45:00Z,2026-06-30T23:45:00+0200,8831.6,MW,BE,BE,forecast_load,Forecasted Load,2026-07-27T14:54:27Z
2026-07-27T14:54:16Z,2026-07-27T16:54:16+0200,6e7a462e-9eec-47a6-a2b0-092174843598,2026-06-30T22:00:00Z,2026-07-01T00:00:00+0200,8472.37,MW,BE,BE,forecast_load,Forecasted Load,2026-07-27T14:54:27Z
2026-07-27T14:54:16Z,2026-07-27T16:54:16+0200,6e7a462e-9eec-47a6-a2b0-092174843598,2026-06-30T22:15:00Z,2026-07-01T00:15:00+0200,8325.76,MW,BE,BE,forecast_load,Forecasted Load,2026-07-27T14:54:27Z
2026-07-27T14:54:16Z,2026-07-27T16:54:16+0200,6e7a462e-9eec-47a6-a2b0-092174843598,2026-06-30T22:30:00Z,2026-07-01T00:30:00+0200,8249.95,MW,BE,BE,forecast_load,Forecasted Load,2026-07-27T14:54:27Z
2026-07-27T14:54:16Z,2026-07-27T16:54:16+0200,6e7a462e-9eec-47a6-a2b0-092174843598,2026-06-30T22:45:00Z,2026-07-01T00:45:00+0200,8162.0,MW,BE,BE,forecast_load,Forecasted Load,2026-07-27T14:54:27Z
2026-07-27T14:54:16Z,2026-07-27T16:54:16+0200,6e7a462e-9eec-47a6-a2b0-092174843598,2026-06-30T23:00:00Z,2026-07-01T01:00:00+0200,8028.4,MW,BE,BE,forecast_load,Forecasted Load,2026-07-27T14:54:27Z
2026-07-27T14:54:16Z,2026-07-27T16:54:16+0200,6e7a462e-9eec-47a6-a2b0-092174843598,2026-06-30T23:15:00Z,2026-07-01T01:15:00+0200,7966.96,MW,BE,BE,forecast_load,Forecasted Load,2026-07-27T14:54:27Z
2026-07-27T14:54:16Z,2026-07-27T16:54:16+0200,6e7a462e-9eec-47a6-a2b0-092174843598,2026-06-30T23:30:00Z,2026-07-01T01:30:00+0200,7905.66,MW,BE,BE,forecast_load,Forecasted Load,2026-07-27T14:54:27Z
2026-07-27T14:54:16Z,2026-07-27T16:54:16+0200,6e7a462e-9eec-47a6-a2b0-092174843598,2026-06-30T23:45:00Z,2026-07-01T01:45:00+0200,7838.25,MW,BE,BE,forecast_load,Forecasted Load,2026-07-27T14:54:27Z
2026-07-27T14:54:16Z,2026-07-27T16:54:16+0200,6e7a462e-9eec-47a6-a2b0-092174843598,2026-07-01T00:00:00Z,2026-07-01T02:00:00+0200,7774.12,MW,BE,BE,forecast_load,Forecasted Load,2026-07-27T14:54:27Z
2026-07-27T14:54:16Z,2026-07-27T16:54:16+0200,6e7a462e-9eec-47a6-a2b0-092174843598,2026-07-01T00:15:00Z,2026-07-01T02:15:00+0200,7748.02,MW,BE,BE,forecast_load,Forecasted Load,2026-07-27T14:54:27Z
2026-07-27T14:54:16Z,2026-07-27T16:54:16+0200,6e7a462e-9eec-47a6-a2b0-092174843598,2026-07-01T00:30:00Z,2026-07-01T02:30:00+0200,7703.5,MW,BE,BE,forecast_load,Forecasted Load,2026-07-27T14:54:27Z
2026-07-27T14:54:16Z,2026-07-27T16:54:16+0200,6e7a462e-9eec-47a6-a2b0-092174843598,2026-07-01T00:45:00Z,2026-07-01T02:45:00+0200,7691.23,MW,BE,BE,forecast_load,Forecasted Load,2026-07-27T14:54:27Z
2026-07-27T14:54:16Z,2026-07-27T16:54:16+0200,6e7a462e-9eec-47a6-a2b0-092174843598,2026-07-01T01:00:00Z,2026-07-01T03:00:00+0200,7621.29,MW,BE,BE,forecast_load,Forecasted Load,2026-07-27T14:54:27Z
2026-07-27T14:54:16Z,2026-07-27T16:54:16+0200,6e7a462e-9eec-47a6-a2b0-092174843598,2026-07-01T01:15:00Z,2026-07-01T03:15:00+0200,7595.72,MW,BE,BE,forecast_load,Forecasted Load,2026-07-27T14:54:27Z
2026-07-27T14:54:16Z,2026-07-27T16:54:16+0200,6e7a462e-9eec-47a6-a2b0-092174843598,2026-07-01T01:30:00Z,2026-07-01T03:30:00+0200,7619.77,MW,BE,BE,forecast_load,Forecasted Load,2026-07-27T14:54:27Z
2026-07-27T14:54:16Z,2026-07-27T16:54:16+0200,6e7a462e-9eec-47a6-a2b0-092174843598,2026-07-01T01:45:00Z,2026-07-01T03:45:00+0200,7598.69,MW,BE,BE,forecast_load,Forecasted Load,2026-07-27T14:54:27Z
2026-07-27T14:54:16Z,2026-07-27T16:54:16+0200,6e7a462e-9eec-47a6-a2b0-092174843598,2026-07-01T02:00:00Z,2026-07-01T04:00:00+0200,7706.32,MW,BE,BE,forecast_load,Forecasted Load,2026-07-27T14:54:27Z
2026-07-27T14:54:16Z,2026-07-27T16:54:16+0200,6e7a462e-9eec-47a6-a2b0-092174843598,2026-07-01T02:15:00Z,2026-07-01T04:15:00+0200,7724.78,MW,BE,BE,forecast_load,Forecasted Load,2026-07-27T14:54:27Z
2026-07-27T14:54:16Z,2026-07-27T16:54:16+0200,6e7a462e-9eec-47a6-a2b0-092174843598,2026-07-01T02:30:00Z,2026-07-01T04:30:00+0200,7719.42,MW,BE,BE,forecast_load,Forecasted Load,2026-07-27T14:54:27Z
2026-07-27T14:54:16Z,2026-07-27T16:54:16+0200,6e7a462e-9eec-47a6-a2b0-092174843598,2026-07-01T02:45:00Z,2026-07-01T04:45:00+0200,7772.7,MW,BE,BE,forecast_load,Forecasted Load,2026-07-27T14:54:27Z
2026-07-27T14:54:16Z,2026-07-27T16:54:16+0200,6e7a462e-9eec-47a6-a2b0-092174843598,2026-07-01T03:00:00Z,2026-07-01T05:00:00+0200,7873.99,MW,BE,BE,forecast_load,Forecasted Load,2026-07-27T14:54:27Z
2026-07-27T14:54:16Z,2026-07-27T16:54:16+0200,6e7a462e-9eec-47a6-a2b0-092174843598,2026-07-01T03:15:00Z,2026-07-01T05:15:00+0200,7884.92,MW,BE,BE,forecast_load,Forecasted Load,2026-07-27T14:54:27Z
2026-07-27T14:54:16Z,2026-07-27T16:54:16+0200,6e7a462e-9eec-47a6-a2b0-092174843598,2026-07-01T03:30:00Z,2026-07-01T05:30:00+0200,7931.03,MW,BE,BE,forecast_load,Forecasted Load,2026-07-27T14:54:27Z
2026-07-27T14:54:16Z,2026-07-27T16:54:16+0200,6e7a462e-9eec-47a6-a2b0-092174843598,2026-07-01T03:45:00Z,2026-07-01T05:45:00+0200,8022.92,MW,BE,BE,forecast_load,Forecasted Load,2026-07-27T14:54:27Z
2026-07-27T14:54:16Z,2026-07-27T16:54:16+0200,6e7a462e-9eec-47a6-a2b0-092174843598,2026-07-01T04:00:00Z,2026-07-01T06:00:00+0200,8199.74,MW,BE,BE,forecast_load,Forecasted Load,2026-07-27T14:54:27Z
2026-07-27T14:54:16Z,2026-07-27T16:54:16+0200,6e7a462e-9eec-47a6-a2b0-092174843598,2026-07-01T04:15:00Z,2026-07-01T06:15:00+0200,8388.33,MW,BE,BE,forecast_load,Forecasted Load,2026-07-27T14:54:27Z
2026-07-27T14:54:16Z,2026-07-27T16:54:16+0200,6e7a462e-9eec-47a6-a2b0-092174843598,2026-07-01T04:30:00Z,2026-07-01T06:30:00+0200,8595.78,MW,BE,BE,forecast_load,Forecasted Load,2026-07-27T14:54:27Z
2026-07-27T14:54:16Z,2026-07-27T16:54:16+0200,6e7a462e-9eec-47a6-a2b0-092174843598,2026-07-01T04:45:00Z,2026-07-01T06:45:00+0200,8801.75,MW,BE,BE,forecast_load,Forecasted Load,2026-07-27T14:54:27Z
2026-07-27T14:54:16Z,2026-07-27T16:54:16+0200,6e7a462e-9eec-47a6-a2b0-092174843598,2026-07-01T05:00:00Z,2026-07-01T07:00:00+0200,9016.3,MW,BE,BE,forecast_load,Forecasted Load,2026-07-27T14:54:27Z
2026-07-27T14:54:16Z,2026-07-27T16:54:16+0200,6e7a462e-9eec-47a6-a2b0-092174843598,2026-07-01T05:15:00Z,2026-07-01T07:15:00+0200,9237.64,MW,BE,BE,forecast_load,Forecasted Load,2026-07-27T14:54:27Z
2026-07-27T14:54:16Z,2026-07-27T16:54:16+0200,6e7a462e-9eec-47a6-a2b0-092174843598,2026-07-01T05:30:00Z,2026-07-01T07:30:00+0200,9438.0,MW,BE,BE,forecast_load,Forecasted Load,2026-07-27T14:54:27Z
2026-07-27T14:54:16Z,2026-07-27T16:54:16+0200,6e7a462e-9eec-47a6-a2b0-092174843598,2026-07-01T05:45:00Z,2026-07-01T07:45:00+0200,9579.26,MW,BE,BE,forecast_load,Forecasted Load,2026-07-27T14:54:27Z
2026-07-27T14:54:16Z,2026-07-27T16:54:16+0200,6e7a462e-9eec-47a6-a2b0-092174843598,2026-07-01T06:00:00Z,2026-07-01T08:00:00+0200,9732.41,MW,BE,BE,forecast_load,Forecasted Load,2026-07-27T14:54:27Z
2026-07-27T14:54:16Z,2026-07-27T16:54:16+0200,6e7a462e-9eec-47a6-a2b0-092174843598,2026-07-01T06:15:00Z,2026-07-01T08:15:00+0200,9898.72,MW,BE,BE,forecast_load,Forecasted Load,2026-07-27T14:54:27Z
2026-07-27T14:54:16Z,2026-07-27T16:54:16+0200,6e7a462e-9eec-47a6-a2b0-092174843598,2026-07-01T06:30:00Z,2026-07-01T08:30:00+0200,10100.82,MW,BE,BE,forecast_load,Forecasted Load,2026-07-27T14:54:27Z
2026-07-27T14:54:16Z,2026-07-27T16:54:16+0200,6e7a462e-9eec-47a6-a2b0-092174843598,2026-07-01T06:45:00Z,2026-07-01T08:45:00+0200,10260.46,MW,BE,BE,forecast_load,Forecasted Load,2026-07-27T14:54:27Z
2026-07-27T14:54:16Z,2026-07-27T16:54:16+0200,6e7a462e-9eec-47a6-a2b0-092174843598,2026-07-01T07:00:00Z,2026-07-01T09:00:00+0200,10422.25,MW,BE,BE,forecast_load,Forecasted Load,2026-07-27T14:54:27Z
2026-07-27T14:54:16Z,2026-07-27T16:54:16+0200,6e7a462e-9eec-47a6-a2b0-092174843598,2026-07-01T07:15:00Z,2026-07-01T09:15:00+0200,10489.36,MW,BE,BE,forecast_load,Forecasted Load,2026-07-27T14:54:27Z
2026-07-27T14:54:16Z,2026-07-27T16:54:16+0200,6e7a462e-9eec-47a6-a2b0-092174843598,2026-07-01T07:30:00Z,2026-07-01T09:30:00+0200,10570.71,MW,BE,BE,forecast_load,Forecasted Load,2026-07-27T14:54:27Z
2026-07-27T14:54:16Z,2026-07-27T16:54:16+0200,6e7a462e-9eec-47a6-a2b0-092174843598,2026-07-01T07:45:00Z,2026-07-01T09:45:00+0200,10654.62,MW,BE,BE,forecast_load,Forecasted Load,2026-07-27T14:54:27Z
2026-07-27T14:54:16Z,2026-07-27T16:54:16+0200,6e7a462e-9eec-47a6-a2b0-092174843598,2026-07-01T08:00:00Z,2026-07-01T10:00:00+0200,10761.19,MW,BE,BE,forecast_load,Forecasted Load,2026-07-27T14:54:27Z
2026-07-27T14:54:16Z,2026-07-27T16:54:16+0200,6e7a462e-9eec-47a6-a2b0-092174843598,2026-07-01T08:15:00Z,2026-07-01T10:15:00+0200,10793.43,MW,BE,BE,forecast_load,Forecasted Load,2026-07-27T14:54:27Z
2026-07-27T14:54:16Z,2026-07-27T16:54:16+0200,6e7a462e-9eec-47a6-a2b0-092174843598,2026-07-01T08:30:00Z,2026-07-01T10:30:00+0200,10898.91,MW,BE,BE,forecast_load,Forecasted Load,2026-07-27T14:54:27Z
2026-07-27T14:54:16Z,2026-07-27T16:54:16+0200,6e7a462e-9eec-47a6-a2b0-092174843598,2026-07-01T08:45:00Z,2026-07-01T10:45:00+0200,10989.45,MW,BE,BE,forecast_load,Forecasted Load,2026-07-27T14:54:27Z
2026-07-27T14:54:16Z,2026-07-27T16:54:16+0200,6e7a462e-9eec-47a6-a2b0-092174843598,2026-07-01T09:00:00Z,2026-07-01T11:00:00+0200,11018.67,MW,BE,BE,forecast_load,Forecasted Load,2026-07-27T14:54:27Z
2026-07-27T14:54:16Z,2026-07-27T16:54:16+0200,6e7a462e-9eec-47a6-a2b0-092174843598,2026-07-01T09:15:00Z,2026-07-01T11:15:00+0200,11100.77,MW,BE,BE,forecast_load,Forecasted Load,2026-07-27T14:54:27Z
2026-07-27T14:54:16Z,2026-07-27T16:54:16+0200,6e7a462e-9eec-47a6-a2b0-092174843598,2026-07-01T09:30:00Z,2026-07-01T11:30:00+0200,11171.09,MW,BE,BE,forecast_load,Forecasted Load,2026-07-27T14:54:27Z
2026-07-27T14:54:16Z,2026-07-27T16:54:16+0200,6e7a462e-9eec-47a6-a2b0-092174843598,2026-07-01T09:45:00Z,2026-07-01T11:45:00+0200,11263.92,MW,BE,BE,forecast_load,Forecasted Load,2026-07-27T14:54:27Z
2026-07-27T14:54:16Z,2026-07-27T16:54:16+0200,6e7a462e-9eec-47a6-a2b0-092174843598,2026-07-01T10:00:00Z,2026-07-01T12:00:00+0200,11142.09,MW,BE,BE,forecast_load,Forecasted Load,2026-07-27T14:54:27Z
2026-07-27T14:54:16Z,2026-07-27T16:54:16+0200,6e7a462e-9eec-47a6-a2b0-092174843598,2026-07-01T10:15:00Z,2026-07-01T12:15:00+0200,11106.26,MW,BE,BE,forecast_load,Forecasted Load,2026-07-27T14:54:27Z
2026-07-27T14:54:16Z,2026-07-27T16:54:16+0200,6e7a462e-9eec-47a6-a2b0-092174843598,2026-07-01T10:30:00Z,2026-07-01T12:30:00+0200,11081.39,MW,BE,BE,forecast_load,Forecasted Load,2026-07-27T14:54:27Z
2026-07-27T14:54:16Z,2026-07-27T16:54:16+0200,6e7a462e-9eec-47a6-a2b0-092174843598,2026-07-01T10:45:00Z,2026-07-01T12:45:00+0200,11101.44,MW,BE,BE,forecast_load,Forecasted Load,2026-07-27T14:54:27Z
2026-07-27T14:54:16Z,2026-07-27T16:54:16+0200,6e7a462e-9eec-47a6-a2b0-092174843598,2026-07-01T11:00:00Z,2026-07-01T13:00:00+0200,11259.36,MW,BE,BE,forecast_load,Forecasted Load,2026-07-27T14:54:27Z
2026-07-27T14:54:16Z,2026-07-27T16:54:16+0200,6e7a462e-9eec-47a6-a2b0-092174843598,2026-07-01T11:15:00Z,2026-07-01T13:15:00+0200,11218.96,MW,BE,BE,forecast_load,Forecasted Load,2026-07-27T14:54:27Z
2026-07-27T14:54:16Z,2026-07-27T16:54:16+0200,6e7a462e-9eec-47a6-a2b0-092174843598,2026-07-01T11:30:00Z,2026-07-01T13:30:00+0200,11228.12,MW,BE,BE,forecast_load,Forecasted Load,2026-07-27T14:54:27Z
2026-07-27T14:54:16Z,2026-07-27T16:54:16+0200,6e7a462e-9eec-47a6-a2b0-092174843598,2026-07-01T11:45:00Z,2026-07-01T13:45:00+0200,11195.93,MW,BE,BE,forecast_load,Forecasted Load,2026-07-27T14:54:27Z
2026-07-27T14:54:16Z,2026-07-27T16:54:16+0200,6e7a462e-9eec-47a6-a2b0-092174843598,2026-07-01T12:00:00Z,2026-07-01T14:00:00+0200,11211.16,MW,BE,BE,forecast_load,Forecasted Load,2026-07-27T14:54:27Z
2026-07-27T14:54:16Z,2026-07-27T16:54:16+0200,6e7a462e-9eec-47a6-a2b0-092174843598,2026-07-01T12:15:00Z,2026-07-01T14:15:00+0200,11159.61,MW,BE,BE,forecast_load,Forecasted Load,2026-07-27T14:54:27Z
2026-07-27T14:54:16Z,2026-07-27T16:54:16+0200,6e7a462e-9eec-47a6-a2b0-092174843598,2026-07-01T12:30:00Z,2026-07-01T14:30:00+0200,11075.84,MW,BE,BE,forecast_load,Forecasted Load,2026-07-27T14:54:27Z
2026-07-27T14:54:16Z,2026-07-27T16:54:16+0200,6e7a462e-9eec-47a6-a2b0-092174843598,2026-07-01T12:45:00Z,2026-07-01T14:45:00+0200,10994.96,MW,BE,BE,forecast_load,Forecasted Load,2026-07-27T14:54:27Z
2026-07-27T14:54:16Z,2026-07-27T16:54:16+0200,6e7a462e-9eec-47a6-a2b0-092174843598,2026-07-01T13:00:00Z,2026-07-01T15:00:00+0200,11055.78,MW,BE,BE,forecast_load,Forecasted Load,2026-07-27T14:54:27Z
2026-07-27T14:54:16Z,2026-07-27T16:54:16+0200,6e7a462e-9eec-47a6-a2b0-092174843598,2026-07-01T13:15:00Z,2026-07-01T15:15:00+0200,10918.0,MW,BE,BE,forecast_load,Forecasted Load,2026-07-27T14:54:27Z
2026-07-27T14:54:16Z,2026-07-27T16:54:16+0200,6e7a462e-9eec-47a6-a2b0-092174843598,2026-07-01T13:30:00Z,2026-07-01T15:30:00+0200,10792.97,MW,BE,BE,forecast_load,Forecasted Load,2026-07-27T14:54:27Z
2026-07-27T14:54:16Z,2026-07-27T16:54:16+0200,6e7a462e-9eec-47a6-a2b0-092174843598,2026-07-01T13:45:00Z,2026-07-01T15:45:00+0200,10698.52,MW,BE,BE,forecast_load,Forecasted Load,2026-07-27T14:54:27Z
2026-07-27T14:54:16Z,2026-07-27T16:54:16+0200,6e7a462e-9eec-47a6-a2b0-092174843598,2026-07-01T14:00:00Z,2026-07-01T16:00:00+0200,10616.18,MW,BE,BE,forecast_load,Forecasted Load,2026-07-27T14:54:27Z
2026-07-27T14:54:16Z,2026-07-27T16:54:16+0200,6e7a462e-9eec-47a6-a2b0-092174843598,2026-07-01T14:15:00Z,2026-07-01T16:15:00+0200,10446.5,MW,BE,BE,forecast_load,Forecasted Load,2026-07-27T14:54:27Z
2026-07-27T14:54:16Z,2026-07-27T16:54:16+0200,6e7a462e-9eec-47a6-a2b0-092174843598,2026-07-01T14:30:00Z,2026-07-01T16:30:00+0200,10408.23,MW,BE,BE,forecast_load,Forecasted Load,2026-07-27T14:54:27Z
2026-07-27T14:54:16Z,2026-07-27T16:54:16+0200,6e7a462e-9eec-47a6-a2b0-092174843598,2026-07-01T14:45:00Z,2026-07-01T16:45:00+0200,10350.44,MW,BE,BE,forecast_load,Forecasted Load,2026-07-27T14:54:27Z
2026-07-27T14:54:16Z,2026-07-27T16:54:16+0200,6e7a462e-9eec-47a6-a2b0-092174843598,2026-07-01T15:00:00Z,2026-07-01T17:00:00+0200,10288.86,MW,BE,BE,forecast_load,Forecasted Load,2026-07-27T14:54:27Z
2026-07-27T14:54:16Z,2026-07-27T16:54:16+0200,6e7a462e-9eec-47a6-a2b0-092174843598,2026-07-01T15:15:00Z,2026-07-01T17:15:00+0200,10244.67,MW,BE,BE,forecast_load,Forecasted Load,2026-07-27T14:54:27Z
2026-07-27T14:54:16Z,2026-07-27T16:54:16+0200,6e7a462e-9eec-47a6-a2b0-092174843598,2026-07-01T15:30:00Z,2026-07-01T17:30:00+0200,10290.04,MW,BE,BE,forecast_load,Forecasted Load,2026-07-27T14:54:27Z
2026-07-27T14:54:16Z,2026-07-27T16:54:16+0200,6e7a462e-9eec-47a6-a2b0-092174843598,2026-07-01T15:45:00Z,2026-07-01T17:45:00+0200,10244.47,MW,BE,BE,forecast_load,Forecasted Load,2026-07-27T14:54:27Z
2026-07-27T14:54:16Z,2026-07-27T16:54:16+0200,6e7a462e-9eec-47a6-a2b0-092174843598,2026-07-01T16:00:00Z,2026-07-01T18:00:00+0200,10296.12,MW,BE,BE,forecast_load,Forecasted Load,2026-07-27T14:54:27Z
2026-07-27T14:54:16Z,2026-07-27T16:54:16+0200,6e7a462e-9eec-47a6-a2b0-092174843598,2026-07-01T16:15:00Z,2026-07-01T18:15:00+0200,10218.13,MW,BE,BE,forecast_load,Forecasted Load,2026-07-27T14:54:27Z
2026-07-27T14:54:16Z,2026-07-27T16:54:16+0200,6e7a462e-9eec-47a6-a2b0-092174843598,2026-07-01T16:30:00Z,2026-07-01T18:30:00+0200,10215.24,MW,BE,BE,forecast_load,Forecasted Load,2026-07-27T14:54:27Z
2026-07-27T14:54:16Z,2026-07-27T16:54:16+0200,6e7a462e-9eec-47a6-a2b0-092174843598,2026-07-01T16:45:00Z,2026-07-01T18:45:00+0200,10136.63,MW,BE,BE,forecast_load,Forecasted Load,2026-07-27T14:54:27Z
2026-07-27T14:54:16Z,2026-07-27T16:54:16+0200,6e7a462e-9eec-47a6-a2b0-092174843598,2026-07-01T17:00:00Z,2026-07-01T19:00:00+0200,10152.25,MW,BE,BE,forecast_load,Forecasted Load,2026-07-27T14:54:27Z
2026-07-27T14:54:16Z,2026-07-27T16:54:16+0200,6e7a462e-9eec-47a6-a2b0-092174843598,2026-07-01T17:15:00Z,2026-07-01T19:15:00+0200,10064.22,MW,BE,BE,forecast_load,Forecasted Load,2026-07-27T14:54:27Z
2026-07-27T14:54:16Z,2026-07-27T16:54:16+0200,6e7a462e-9eec-47a6-a2b0-092174843598,2026-07-01T17:30:00Z,2026-07-01T19:30:00+0200,10006.58,MW,BE,BE,forecast_load,Forecasted Load,2026-07-27T14:54:27Z
2026-07-27T14:54:16Z,2026-07-27T16:54:16+0200,6e7a462e-9eec-47a6-a2b0-092174843598,2026-07-01T17:45:00Z,2026-07-01T19:45:00+0200,9881.28,MW,BE,BE,forecast_load,Forecasted Load,2026-07-27T14:54:27Z
2026-07-27T14:54:16Z,2026-07-27T16:54:16+0200,6e7a462e-9eec-47a6-a2b0-092174843598,2026-07-01T18:00:00Z,2026-07-01T20:00:00+0200,9887.49,MW,BE,BE,forecast_load,Forecasted Load,2026-07-27T14:54:27Z
2026-07-27T14:54:16Z,2026-07-27T16:54:16+0200,6e7a462e-9eec-47a6-a2b0-092174843598,2026-07-01T18:15:00Z,2026-07-01T20:15:00+0200,9796.48,MW,BE,BE,forecast_load,Forecasted Load,2026-07-27T14:54:27Z
2026-07-27T14:54:16Z,2026-07-27T16:54:16+0200,6e7a462e-9eec-47a6-a2b0-092174843598,2026-07-01T18:30:00Z,2026-07-01T20:30:00+0200,9680.57,MW,BE,BE,forecast_load,Forecasted Load,2026-07-27T14:54:27Z
2026-07-27T14:54:16Z,2026-07-27T16:54:16+0200,6e7a462e-9eec-47a6-a2b0-092174843598,2026-07-01T18:45:00Z,2026-07-01T20:45:00+0200,9623.38,MW,BE,BE,forecast_load,Forecasted Load,2026-07-27T14:54:27Z
2026-07-27T14:54:16Z,2026-07-27T16:54:16+0200,6e7a462e-9eec-47a6-a2b0-092174843598,2026-07-01T19:00:00Z,2026-07-01T21:00:00+0200,9626.81,MW,BE,BE,forecast_load,Forecasted Load,2026-07-27T14:54:27Z
2026-07-27T14:54:16Z,2026-07-27T16:54:16+0200,6e7a462e-9eec-47a6-a2b0-092174843598,2026-07-01T19:15:00Z,2026-07-01T21:15:00+0200,9544.78,MW,BE,BE,forecast_load,Forecasted Load,2026-07-27T14:54:27Z
2026-07-27T14:54:16Z,2026-07-27T16:54:16+0200,6e7a462e-9eec-47a6-a2b0-092174843598,2026-07-01T19:30:00Z,2026-07-01T21:30:00+0200,9507.05,MW,BE,BE,forecast_load,Forecasted Load,2026-07-27T14:54:27Z
2026-07-27T14:54:16Z,2026-07-27T16:54:16+0200,6e7a462e-9eec-47a6-a2b0-092174843598,2026-07-01T19:45:00Z,2026-07-01T21:45:00+0200,9503.69,MW,BE,BE,forecast_load,Forecasted Load,2026-07-27T14:54:27Z
2026-07-27T14:54:16Z,2026-07-27T16:54:16+0200,6e7a462e-9eec-47a6-a2b0-092174843598,2026-07-01T20:00:00Z,2026-07-01T22:00:00+0200,9549.87,MW,BE,BE,forecast_load,Forecasted Load,2026-07-27T14:54:27Z
2026-07-27T14:54:16Z,2026-07-27T16:54:16+0200,6e7a462e-9eec-47a6-a2b0-092174843598,2026-07-01T20:15:00Z,2026-07-01T22:15:00+0200,9609.05,MW,BE,BE,forecast_load,Forecasted Load,2026-07-27T14:54:27Z
2026-07-27T14:54:16Z,2026-07-27T16:54:16+0200,6e7a462e-9eec-47a6-a2b0-092174843598,2026-07-01T20:30:00Z,2026-07-01T22:30:00+0200,9600.54,MW,BE,BE,forecast_load,Forecasted Load,2026-07-27T14:54:27Z
2026-07-27T14:54:16Z,2026-07-27T16:54:16+0200,6e7a462e-9eec-47a6-a2b0-092174843598,2026-07-01T20:45:00Z,2026-07-01T22:45:00+0200,9508.18,MW,BE,BE,forecast_load,Forecasted Load,2026-07-27T14:54:27Z
2026-07-27T14:54:16Z,2026-07-27T16:54:16+0200,6e7a462e-9eec-47a6-a2b0-092174843598,2026-07-01T21:00:00Z,2026-07-01T23:00:00+0200,9277.5,MW,BE,BE,forecast_load,Forecasted Load,2026-07-27T14:54:27Z
2026-07-27T14:54:16Z,2026-07-27T16:54:16+0200,6e7a462e-9eec-47a6-a2b0-092174843598,2026-07-01T21:15:00Z,2026-07-01T23:15:00+0200,9172.83,MW,BE,BE,forecast_load,Forecasted Load,2026-07-27T14:54:27Z
2026-07-27T14:54:16Z,2026-07-27T16:54:16+0200,6e7a462e-9eec-47a6-a2b0-092174843598,2026-07-01T21:30:00Z,2026-07-01T23:30:00+0200,9045.77,MW,BE,BE,forecast_load,Forecasted Load,2026-07-27T14:54:27Z
2026-07-27T14:54:16Z,2026-07-27T16:54:16+0200,6e7a462e-9eec-47a6-a2b0-092174843598,2026-07-01T21:45:00Z,2026-07-01T23:45:00+0200,8930.51,MW,BE,BE,forecast_load,Forecasted Load,2026-07-27T14:54:27Z
2026-07-27T14:54:16Z,2026-07-27T16:54:16+0200,6e7a462e-9eec-47a6-a2b0-092174843598,2026-07-01T22:00:00Z,2026-07-02T00:00:00+0200,8351.62,MW,BE,BE,forecast_load,Forecasted Load,2026-07-27T14:54:27Z
2026-07-27T14:54:16Z,2026-07-27T16:54:16+0200,6e7a462e-9eec-47a6-a2b0-092174843598,2026-07-01T22:15:00Z,2026-07-02T00:15:00+0200,8209.82,MW,BE,BE,forecast_load,Forecasted Load,2026-07-27T14:54:27Z
2026-07-27T14:54:16Z,2026-07-27T16:54:16+0200,6e7a462e-9eec-47a6-a2b0-092174843598,2026-07-01T22:30:00Z,2026-07-02T00:30:00+0200,8132.85,MW,BE,BE,forecast_load,Forecasted Load,2026-07-27T14:54:27Z
2026-07-27T14:54:16Z,2026-07-27T16:54:16+0200,6e7a462e-9eec-47a6-a2b0-092174843598,2026-07-01T22:45:00Z,2026-07-02T00:45:00+0200,8056.13,MW,BE,BE,forecast_load,Forecasted Load,2026-07-27T14:54:27Z
2026-07-27T14:54:16Z,2026-07-27T16:54:16+0200,6e7a462e-9eec-47a6-a2b0-092174843598,2026-07-01T23:00:00Z,2026-07-02T01:00:00+0200,8046.1,MW,BE,BE,forecast_load,Forecasted Load,2026-07-27T14:54:27Z
2026-07-27T14:54:16Z,2026-07-27T16:54:16+0200,6e7a462e-9eec-47a6-a2b0-092174843598,2026-07-01T23:15:00Z,2026-07-02T01:15:00+0200,7986.54,MW,BE,BE,forecast_load,Forecasted Load,2026-07-27T14:54:27Z
2026-07-27T14:54:16Z,2026-07-27T16:54:16+0200,6e7a462e-9eec-47a6-a2b0-092174843598,2026-07-01T23:30:00Z,2026-07-02T01:30:00+0200,7916.75,MW,BE,BE,forecast_load,Forecasted Load,2026-07-27T14:54:27Z
2026-07-27T14:54:16Z,2026-07-27T16:54:16+0200,6e7a462e-9eec-47a6-a2b0-092174843598,2026-07-01T23:45:00Z,2026-07-02T01:45:00+0200,7861.21,MW,BE,BE,forecast_load,Forecasted Load,2026-07-27T14:54:27Z
2026-07-27T14:54:16Z,2026-07-27T16:54:16+0200,6e7a462e-9eec-47a6-a2b0-092174843598,2026-07-02T00:00:00Z,2026-07-02T02:00:00+0200,8082.78,MW,BE,BE,forecast_load,Forecasted Load,2026-07-27T14:54:27Z
2026-07-27T14:54:16Z,2026-07-27T16:54:16+0200,6e7a462e-9eec-47a6-a2b0-092174843598,2026-07-02T00:15:00Z,2026-07-02T02:15:00+0200,8059.39,MW,BE,BE,forecast_load,Forecasted Load,2026-07-27T14:54:27Z
2026-07-27T14:54:16Z,2026-07-27T16:54:16+0200,6e7a462e-9eec-47a6-a2b0-092174843598,2026-07-02T00:30:00Z,2026-07-02T02:30:00+0200,8017.19,MW,BE,BE,forecast_load,Forecasted Load,2026-07-27T14:54:27Z
2026-07-27T14:54:16Z,2026-07-27T16:54:16+0200,6e7a462e-9eec-47a6-a2b0-092174843598,2026-07-02T00:45:00Z,2026-07-02T02:45:00+0200,7997.53,MW,BE,BE,forecast_load,Forecasted Load,2026-07-27T14:54:27Z
2026-07-27T14:54:16Z,2026-07-27T16:54:16+0200,6e7a462e-9eec-47a6-a2b0-092174843598,2026-07-02T01:00:00Z,2026-07-02T03:00:00+0200,7942.79,MW,BE,BE,forecast_load,Forecasted Load,2026-07-27T14:54:27Z
2026-07-27T14:54:16Z,2026-07-27T16:54:16+0200,6e7a462e-9eec-47a6-a2b0-092174843598,2026-07-02T01:15:00Z,2026-07-02T03:15:00+0200,7917.49,MW,BE,BE,forecast_load,Forecasted Load,2026-07-27T14:54:27Z
2026-07-27T14:54:16Z,2026-07-27T16:54:16+0200,6e7a462e-9eec-47a6-a2b0-092174843598,2026-07-02T01:30:00Z,2026-07-02T03:30:00+0200,7936.62,MW,BE,BE,forecast_load,Forecasted Load,2026-07-27T14:54:27Z
2026-07-27T14:54:16Z,2026-07-27T16:54:16+0200,6e7a462e-9eec-47a6-a2b0-092174843598,2026-07-02T01:45:00Z,2026-07-02T03:45:00+0200,7914.18,MW,BE,BE,forecast_load,Forecasted Load,2026-07-27T14:54:27Z
2026-07-27T14:54:16Z,2026-07-27T16:54:16+0200,6e7a462e-9eec-47a6-a2b0-092174843598,2026-07-02T02:00:00Z,2026-07-02T04:00:00+0200,7888.27,MW,BE,BE,forecast_load,Forecasted Load,2026-07-27T14:54:27Z
2026-07-27T14:54:16Z,2026-07-27T16:54:16+0200,6e7a462e-9eec-47a6-a2b0-092174843598,2026-07-02T02:15:00Z,2026-07-02T04:15:00+0200,7912.76,MW,BE,BE,forecast_load,Forecasted Load,2026-07-27T14:54:27Z
2026-07-27T14:54:16Z,2026-07-27T16:54:16+0200,6e7a462e-9eec-47a6-a2b0-092174843598,2026-07-02T02:30:00Z,2026-07-02T04:30:00+0200,7902.21,MW,BE,BE,forecast_load,Forecasted Load,2026-07-27T14:54:27Z
2026-07-27T14:54:16Z,2026-07-27T16:54:16+0200,6e7a462e-9eec-47a6-a2b0-092174843598,2026-07-02T02:45:00Z,2026-07-02T04:45:00+0200,7952.84,MW,BE,BE,forecast_load,Forecasted Load,2026-07-27T14:54:27Z
2026-07-27T14:54:16Z,2026-07-27T16:54:16+0200,6e7a462e-9eec-47a6-a2b0-092174843598,2026-07-02T03:00:00Z,2026-07-02T05:00:00+0200,8027.19,MW,BE,BE,forecast_load,Forecasted Load,2026-07-27T14:54:27Z
2026-07-27T14:54:16Z,2026-07-27T16:54:16+0200,6e7a462e-9eec-47a6-a2b0-092174843598,2026-07-02T03:15:00Z,2026-07-02T05:15:00+0200,8036.85,MW,BE,BE,forecast_load,Forecasted Load,2026-07-27T14:54:27Z
2026-07-27T14:54:16Z,2026-07-27T16:54:16+0200,6e7a462e-9eec-47a6-a2b0-092174843598,2026-07-02T03:30:00Z,2026-07-02T05:30:00+0200,8087.47,MW,BE,BE,forecast_load,Forecasted Load,2026-07-27T14:54:27Z
2026-07-27T14:54:16Z,2026-07-27T16:54:16+0200,6e7a462e-9eec-47a6-a2b0-092174843598,2026-07-02T03:45:00Z,2026-07-02T05:45:00+0200,8181.37,MW,BE,BE,forecast_load,Forecasted Load,2026-07-27T14:54:27Z
2026-07-27T14:54:16Z,2026-07-27T16:54:16+0200,6e7a462e-9eec-47a6-a2b0-092174843598,2026-07-02T04:00:00Z,2026-07-02T06:00:00+0200,8388.04,MW,BE,BE,forecast_load,Forecasted Load,2026-07-27T14:54:27Z
2026-07-27T14:54:16Z,2026-07-27T16:54:16+0200,6e7a462e-9eec-47a6-a2b0-092174843598,2026-07-02T04:15:00Z,2026-07-02T06:15:00+0200,8580.29,MW,BE,BE,forecast_load,Forecasted Load,2026-07-27T14:54:27Z
2026-07-27T14:54:16Z,2026-07-27T16:54:16+0200,6e7a462e-9eec-47a6-a2b0-092174843598,2026-07-02T04:30:00Z,2026-07-02T06:30:00+0200,8794.28,MW,BE,BE,forecast_load,Forecasted Load,2026-07-27T14:54:27Z
2026-07-27T14:54:16Z,2026-07-27T16:54:16+0200,6e7a462e-9eec-47a6-a2b0-092174843598,2026-07-02T04:45:00Z,2026-07-02T06:45:00+0200,9002.84,MW,BE,BE,forecast_load,Forecasted Load,2026-07-27T14:54:27Z
2026-07-27T14:54:16Z,2026-07-27T16:54:16+0200,6e7a462e-9eec-47a6-a2b0-092174843598,2026-07-02T05:00:00Z,2026-07-02T07:00:00+0200,9136.62,MW,BE,BE,forecast_load,Forecasted Load,2026-07-27T14:54:27Z
2026-07-27T14:54:16Z,2026-07-27T16:54:16+0200,6e7a462e-9eec-47a6-a2b0-092174843598,2026-07-02T05:15:00Z,2026-07-02T07:15:00+0200,9365.85,MW,BE,BE,forecast_load,Forecasted Load,2026-07-27T14:54:27Z
2026-07-27T14:54:16Z,2026-07-27T16:54:16+0200,6e7a462e-9eec-47a6-a2b0-092174843598,2026-07-02T05:30:00Z,2026-07-02T07:30:00+0200,9575.03,MW,BE,BE,forecast_load,Forecasted Load,2026-07-27T14:54:27Z
2026-07-27T14:54:16Z,2026-07-27T16:54:16+0200,6e7a462e-9eec-47a6-a2b0-092174843598,2026-07-02T05:45:00Z,2026-07-02T07:45:00+0200,9721.17,MW,BE,BE,forecast_load,Forecasted Load,2026-07-27T14:54:27Z
2026-07-27T14:54:16Z,2026-07-27T16:54:16+0200,6e7a462e-9eec-47a6-a2b0-092174843598,2026-07-02T06:00:00Z,2026-07-02T08:00:00+0200,9864.19,MW,BE,BE,forecast_load,Forecasted Load,2026-07-27T14:54:27Z
2026-07-27T14:54:16Z,2026-07-27T16:54:16+0200,6e7a462e-9eec-47a6-a2b0-092174843598,2026-07-02T06:15:00Z,2026-07-02T08:15:00+0200,10035.87,MW,BE,BE,forecast_load,Forecasted Load,2026-07-27T14:54:27Z
2026-07-27T14:54:16Z,2026-07-27T16:54:16+0200,6e7a462e-9eec-47a6-a2b0-092174843598,2026-07-02T06:30:00Z,2026-07-02T08:30:00+0200,10240.61,MW,BE,BE,forecast_load,Forecasted Load,2026-07-27T14:54:27Z
2026-07-27T14:54:16Z,2026-07-27T16:54:16+0200,6e7a462e-9eec-47a6-a2b0-092174843598,2026-07-02T06:45:00Z,2026-07-02T08:45:00+0200,10392.66,MW,BE,BE,forecast_load,Forecasted Load,2026-07-27T14:54:27Z
2026-07-27T14:54:16Z,2026-07-27T16:54:16+0200,6e7a462e-9eec-47a6-a2b0-092174843598,2026-07-02T07:00:00Z,2026-07-02T09:00:00+0200,10466.08,MW,BE,BE,forecast_load,Forecasted Load,2026-07-27T14:54:27Z
2026-07-27T14:54:16Z,2026-07-27T16:54:16+0200,6e7a462e-9eec-47a6-a2b0-092174843598,2026-07-02T07:15:00Z,2026-07-02T09:15:00+0200,10532.29,MW,BE,BE,forecast_load,Forecasted Load,2026-07-27T14:54:27Z
2026-07-27T14:54:16Z,2026-07-27T16:54:16+0200,6e7a462e-9eec-47a6-a2b0-092174843598,2026-07-02T07:30:00Z,2026-07-02T09:30:00+0200,10608.29,MW,BE,BE,forecast_load,Forecasted Load,2026-07-27T14:54:27Z
2026-07-27T14:54:16Z,2026-07-27T16:54:16+0200,6e7a462e-9eec-47a6-a2b0-092174843598,2026-07-02T07:45:00Z,2026-07-02T09:45:00+0200,10698.42,MW,BE,BE,forecast_load,Forecasted Load,2026-07-27T14:54:27Z
2026-07-27T14:54:16Z,2026-07-27T16:54:16+0200,6e7a462e-9eec-47a6-a2b0-092174843598,2026-07-02T08:00:00Z,2026-07-02T10:00:00+0200,10653.43,MW,BE,BE,forecast_load,Forecasted Load,2026-07-27T14:54:27Z
2026-07-27T14:54:16Z,2026-07-27T16:54:16+0200,6e7a462e-9eec-47a6-a2b0-092174843598,2026-07-02T08:15:00Z,2026-07-02T10:15:00+0200,10703.37,MW,BE,BE,forecast_load,Forecasted Load,2026-07-27T14:54:27Z
2026-07-27T14:54:16Z,2026-07-27T16:54:16+0200,6e7a462e-9eec-47a6-a2b0-092174843598,2026-07-02T08:30:00Z,2026-07-02T10:30:00+0200,10776.49,MW,BE,BE,forecast_load,Forecasted Load,2026-07-27T14:54:27Z
2026-07-27T14:54:16Z,2026-07-27T16:54:16+0200,6e7a462e-9eec-47a6-a2b0-092174843598,2026-07-02T08:45:00Z,2026-07-02T10:45:00+0200,10860.16,MW,BE,BE,forecast_load,Forecasted Load,2026-07-27T14:54:27Z
2026-07-27T14:54:16Z,2026-07-27T16:54:16+0200,6e7a462e-9eec-47a6-a2b0-092174843598,2026-07-02T09:00:00Z,2026-07-02T11:00:00+0200,10871.05,MW,BE,BE,forecast_load,Forecasted Load,2026-07-27T14:54:27Z
2026-07-27T14:54:16Z,2026-07-27T16:54:16+0200,6e7a462e-9eec-47a6-a2b0-092174843598,2026-07-02T09:15:00Z,2026-07-02T11:15:00+0200,10912.44,MW,BE,BE,forecast_load,Forecasted Load,2026-07-27T14:54:27Z
2026-07-27T14:54:16Z,2026-07-27T16:54:16+0200,6e7a462e-9eec-47a6-a2b0-092174843598,2026-07-02T09:30:00Z,2026-07-02T11:30:00+0200,10998.77,MW,BE,BE,forecast_load,Forecasted Load,2026-07-27T14:54:27Z
2026-07-27T14:54:16Z,2026-07-27T16:54:16+0200,6e7a462e-9eec-47a6-a2b0-092174843598,2026-07-02T09:45:00Z,2026-07-02T11:45:00+0200,11086.55,MW,BE,BE,forecast_load,Forecasted Load,2026-07-27T14:54:27Z
2026-07-27T14:54:16Z,2026-07-27T16:54:16+0200,6e7a462e-9eec-47a6-a2b0-092174843598,2026-07-02T10:00:00Z,2026-07-02T12:00:00+0200,11027.36,MW,BE,BE,forecast_load,Forecasted Load,2026-07-27T14:54:27Z
2026-07-27T14:54:16Z,2026-07-27T16:54:16+0200,6e7a462e-9eec-47a6-a2b0-092174843598,2026-07-02T10:15:00Z,2026-07-02T12:15:00+0200,10996.21,MW,BE,BE,forecast_load,Forecasted Load,2026-07-27T14:54:27Z
2026-07-27T14:54:16Z,2026-07-27T16:54:16+0200,6e7a462e-9eec-47a6-a2b0-092174843598,2026-07-02T10:30:00Z,2026-07-02T12:30:00+0200,10985.21,MW,BE,BE,forecast_load,Forecasted Load,2026-07-27T14:54:27Z
2026-07-27T14:54:16Z,2026-07-27T16:54:16+0200,6e7a462e-9eec-47a6-a2b0-092174843598,2026-07-02T10:45:00Z,2026-07-02T12:45:00+0200,10961.38,MW,BE,BE,forecast_load,Forecasted Load,2026-07-27T14:54:27Z
2026-07-27T14:54:16Z,2026-07-27T16:54:16+0200,6e7a462e-9eec-47a6-a2b0-092174843598,2026-07-02T11:00:00Z,2026-07-02T13:00:00+0200,11025.72,MW,BE,BE,forecast_load,Forecasted Load,2026-07-27T14:54:27Z
2026-07-27T14:54:16Z,2026-07-27T16:54:16+0200,6e7a462e-9eec-47a6-a2b0-092174843598,2026-07-02T11:15:00Z,2026-07-02T13:15:00+0200,10979.33,MW,BE,BE,forecast_load,Forecasted Load,2026-07-27T14:54:27Z
2026-07-27T14:54:16Z,2026-07-27T16:54:16+0200,6e7a462e-9eec-47a6-a2b0-092174843598,2026-07-02T11:30:00Z,2026-07-02T13:30:00+0200,10980.44,MW,BE,BE,forecast_load,Forecasted Load,2026-07-27T14:54:27Z
2026-07-27T14:54:16Z,2026-07-27T16:54:16+0200,6e7a462e-9eec-47a6-a2b0-092174843598,2026-07-02T11:45:00Z,2026-07-02T13:45:00+0200,10983.96,MW,BE,BE,forecast_load,Forecasted Load,2026-07-27T14:54:27Z
2026-07-27T14:54:16Z,2026-07-27T16:54:16+0200,6e7a462e-9eec-47a6-a2b0-092174843598,2026-07-02T12:00:00Z,2026-07-02T14:00:00+0200,10901.11,MW,BE,BE,forecast_load,Forecasted Load,2026-07-27T14:54:27Z
2026-07-27T14:54:16Z,2026-07-27T16:54:16+0200,6e7a462e-9eec-47a6-a2b0-092174843598,2026-07-02T12:15:00Z,2026-07-02T14:15:00+0200,10862.66,MW,BE,BE,forecast_load,Forecasted Load,2026-07-27T14:54:27Z
2026-07-27T14:54:16Z,2026-07-27T16:54:16+0200,6e7a462e-9eec-47a6-a2b0-092174843598,2026-07-02T12:30:00Z,2026-07-02T14:30:00+0200,10800.48,MW,BE,BE,forecast_load,Forecasted Load,2026-07-27T14:54:27Z
2026-07-27T14:54:16Z,2026-07-27T16:54:16+0200,6e7a462e-9eec-47a6-a2b0-092174843598,2026-07-02T12:45:00Z,2026-07-02T14:45:00+0200,10735.41,MW,BE,BE,forecast_load,Forecasted Load,2026-07-27T14:54:27Z
2026-07-27T14:54:16Z,2026-07-27T16:54:16+0200,6e7a462e-9eec-47a6-a2b0-092174843598,2026-07-02T13:00:00Z,2026-07-02T15:00:00+0200,10744.61,MW,BE,BE,forecast_load,Forecasted Load,2026-07-27T14:54:27Z
2026-07-27T14:54:16Z,2026-07-27T16:54:16+0200,6e7a462e-9eec-47a6-a2b0-092174843598,2026-07-02T13:15:00Z,2026-07-02T15:15:00+0200,10608.41,MW,BE,BE,forecast_load,Forecasted Load,2026-07-27T14:54:27Z
2026-07-27T14:54:16Z,2026-07-27T16:54:16+0200,6e7a462e-9eec-47a6-a2b0-092174843598,2026-07-02T13:30:00Z,2026-07-02T15:30:00+0200,10470.58,MW,BE,BE,forecast_load,Forecasted Load,2026-07-27T14:54:27Z
2026-07-27T14:54:16Z,2026-07-27T16:54:16+0200,6e7a462e-9eec-47a6-a2b0-092174843598,2026-07-02T13:45:00Z,2026-07-02T15:45:00+0200,10399.78,MW,BE,BE,forecast_load,Forecasted Load,2026-07-27T14:54:27Z
2026-07-27T14:54:16Z,2026-07-27T16:54:16+0200,6e7a462e-9eec-47a6-a2b0-092174843598,2026-07-02T14:00:00Z,2026-07-02T16:00:00+0200,10474.5,MW,BE,BE,forecast_load,Forecasted Load,2026-07-27T14:54:27Z
2026-07-27T14:54:16Z,2026-07-27T16:54:16+0200,6e7a462e-9eec-47a6-a2b0-092174843598,2026-07-02T14:15:00Z,2026-07-02T16:15:00+0200,10314.6,MW,BE,BE,forecast_load,Forecasted Load,2026-07-27T14:54:27Z
2026-07-27T14:54:16Z,2026-07-27T16:54:16+0200,6e7a462e-9eec-47a6-a2b0-092174843598,2026-07-02T14:30:00Z,2026-07-02T16:30:00+0200,10296.3,MW,BE,BE,forecast_load,Forecasted Load,2026-07-27T14:54:27Z
2026-07-27T14:54:16Z,2026-07-27T16:54:16+0200,6e7a462e-9eec-47a6-a2b0-092174843598,2026-07-02T14:45:00Z,2026-07-02T16:45:00+0200,10213.92,MW,BE,BE,forecast_load,Forecasted Load,2026-07-27T14:54:27Z
2026-07-27T14:54:16Z,2026-07-27T16:54:16+0200,6e7a462e-9eec-47a6-a2b0-092174843598,2026-07-02T15:00:00Z,2026-07-02T17:00:00+0200,10317.8,MW,BE,BE,forecast_load,Forecasted Load,2026-07-27T14:54:27Z
2026-07-27T14:54:16Z,2026-07-27T16:54:16+0200,6e7a462e-9eec-47a6-a2b0-092174843598,2026-07-02T15:15:00Z,2026-07-02T17:15:00+0200,10267.61,MW,BE,BE,forecast_load,Forecasted Load,2026-07-27T14:54:27Z
2026-07-27T14:54:16Z,2026-07-27T16:54:16+0200,6e7a462e-9eec-47a6-a2b0-092174843598,2026-07-02T15:30:00Z,2026-07-02T17:30:00+0200,10307.65,MW,BE,BE,forecast_load,Forecasted Load,2026-07-27T14:54:27Z
2026-07-27T14:54:16Z,2026-07-27T16:54:16+0200,6e7a462e-9eec-47a6-a2b0-092174843598,2026-07-02T15:45:00Z,2026-07-02T17:45:00+0200,10269.83,MW,BE,BE,forecast_load,Forecasted Load,2026-07-27T14:54:27Z
2026-07-27T14:54:16Z,2026-07-27T16:54:16+0200,6e7a462e-9eec-47a6-a2b0-092174843598,2026-07-02T16:00:00Z,2026-07-02T18:00:00+0200,10229.74,MW,BE,BE,forecast_load,Forecasted Load,2026-07-27T14:54:27Z
2026-07-27T14:54:16Z,2026-07-27T16:54:16+0200,6e7a462e-9eec-47a6-a2b0-092174843598,2026-07-02T16:15:00Z,2026-07-02T18:15:00+0200,10175.01,MW,BE,BE,forecast_load,Forecasted Load,2026-07-27T14:54:27Z
2026-07-27T14:54:16Z,2026-07-27T16:54:16+0200,6e7a462e-9eec-47a6-a2b0-092174843598,2026-07-02T16:30:00Z,2026-07-02T18:30:00+0200,10165.63,MW,BE,BE,forecast_load,Forecasted Load,2026-07-27T14:54:27Z
2026-07-27T14:54:16Z,2026-07-27T16:54:16+0200,6e7a462e-9eec-47a6-a2b0-092174843598,2026-07-02T16:45:00Z,2026-07-02T18:45:00+0200,10080.41,MW,BE,BE,forecast_load,Forecasted Load,2026-07-27T14:54:27Z
2026-07-27T14:54:16Z,2026-07-27T16:54:16+0200,6e7a462e-9eec-47a6-a2b0-092174843598,2026-07-02T17:00:00Z,2026-07-02T19:00:00+0200,10059.05,MW,BE,BE,forecast_load,Forecasted Load,2026-07-27T14:54:27Z
2026-07-27T14:54:16Z,2026-07-27T16:54:16+0200,6e7a462e-9eec-47a6-a2b0-092174843598,2026-07-02T17:15:00Z,2026-07-02T19:15:00+0200,9972.65,MW,BE,BE,forecast_load,Forecasted Load,2026-07-27T14:54:27Z
2026-07-27T14:54:16Z,2026-07-27T16:54:16+0200,6e7a462e-9eec-47a6-a2b0-092174843598,2026-07-02T17:30:00Z,2026-07-02T19:30:00+0200,9895.34,MW,BE,BE,forecast_load,Forecasted Load,2026-07-27T14:54:27Z
2026-07-27T14:54:16Z,2026-07-27T16:54:16+0200,6e7a462e-9eec-47a6-a2b0-092174843598,2026-07-02T17:45:00Z,2026-07-02T19:45:00+0200,9772.28,MW,BE,BE,forecast_load,Forecasted Load,2026-07-27T14:54:27Z
2026-07-27T14:54:16Z,2026-07-27T16:54:16+0200,6e7a462e-9eec-47a6-a2b0-092174843598,2026-07-02T18:00:00Z,2026-07-02T20:00:00+0200,9889.43,MW,BE,BE,forecast_load,Forecasted Load,2026-07-27T14:54:27Z
2026-07-27T14:54:16Z,2026-07-27T16:54:16+0200,6e7a462e-9eec-47a6-a2b0-092174843598,2026-07-02T18:15:00Z,2026-07-02T20:15:00+0200,9796.84,MW,BE,BE,forecast_load,Forecasted Load,2026-07-27T14:54:27Z
2026-07-27T14:54:16Z,2026-07-27T16:54:16+0200,6e7a462e-9eec-47a6-a2b0-092174843598,2026-07-02T18:30:00Z,2026-07-02T20:30:00+0200,9688.68,MW,BE,BE,forecast_load,Forecasted Load,2026-07-27T14:54:27Z
2026-07-27T14:54:16Z,2026-07-27T16:54:16+0200,6e7a462e-9eec-47a6-a2b0-092174843598,2026-07-02T18:45:00Z,2026-07-02T20:45:00+0200,9630.25,MW,BE,BE,forecast_load,Forecasted Load,2026-07-27T14:54:27Z
2026-07-27T14:54:16Z,2026-07-27T16:54:16+0200,6e7a462e-9eec-47a6-a2b0-092174843598,2026-07-02T19:00:00Z,2026-07-02T21:00:00+0200,9703.43,MW,BE,BE,forecast_load,Forecasted Load,2026-07-27T14:54:27Z
2026-07-27T14:54:16Z,2026-07-27T16:54:16+0200,6e7a462e-9eec-47a6-a2b0-092174843598,2026-07-02T19:15:00Z,2026-07-02T21:15:00+0200,9626.96,MW,BE,BE,forecast_load,Forecasted Load,2026-07-27T14:54:27Z
2026-07-27T14:54:16Z,2026-07-27T16:54:16+0200,6e7a462e-9eec-47a6-a2b0-092174843598,2026-07-02T19:30:00Z,2026-07-02T21:30:00+0200,9581.48,MW,BE,BE,forecast_load,Forecasted Load,2026-07-27T14:54:27Z
2026-07-27T14:54:16Z,2026-07-27T16:54:16+0200,6e7a462e-9eec-47a6-a2b0-092174843598,2026-07-02T19:45:00Z,2026-07-02T21:45:00+0200,9576.74,MW,BE,BE,forecast_load,Forecasted Load,2026-07-27T14:54:27Z
2026-07-27T14:54:16Z,2026-07-27T16:54:16+0200,6e7a462e-9eec-47a6-a2b0-092174843598,2026-07-02T20:00:00Z,2026-07-02T22:00:00+0200,9741.0,MW,BE,BE,forecast_load,Forecasted Load,2026-07-27T14:54:27Z
2026-07-27T14:54:16Z,2026-07-27T16:54:16+0200,6e7a462e-9eec-47a6-a2b0-092174843598,2026-07-02T20:15:00Z,2026-07-02T22:15:00+0200,9802.77,MW,BE,BE,forecast_load,Forecasted Load,2026-07-27T14:54:27Z
2026-07-27T14:54:16Z,2026-07-27T16:54:16+0200,6e7a462e-9eec-47a6-a2b0-092174843598,2026-07-02T20:30:00Z,2026-07-02T22:30:00+0200,9790.13,MW,BE,BE,forecast_load,Forecasted Load,2026-07-27T14:54:27Z
2026-07-27T14:54:16Z,2026-07-27T16:54:16+0200,6e7a462e-9eec-47a6-a2b0-092174843598,2026-07-02T20:45:00Z,2026-07-02T22:45:00+0200,9694.35,MW,BE,BE,forecast_load,Forecasted Load,2026-07-27T14:54:27Z
2026-07-27T14:54:16Z,2026-07-27T16:54:16+0200,6e7a462e-9eec-47a6-a2b0-092174843598,2026-07-02T21:00:00Z,2026-07-02T23:00:00+0200,9576.67,MW,BE,BE,forecast_load,Forecasted Load,2026-07-27T14:54:27Z
2026-07-27T14:54:16Z,2026-07-27T16:54:16+0200,6e7a462e-9eec-47a6-a2b0-092174843598,2026-07-02T21:15:00Z,2026-07-02T23:15:00+0200,9460.89,MW,BE,BE,forecast_load,Forecasted Load,2026-07-27T14:54:27Z
2026-07-27T14:54:16Z,2026-07-27T16:54:16+0200,6e7a462e-9eec-47a6-a2b0-092174843598,2026-07-02T21:30:00Z,2026-07-02T23:30:00+0200,9325.84,MW,BE,BE,forecast_load,Forecasted Load,2026-07-27T14:54:27Z
2026-07-27T14:54:16Z,2026-07-27T16:54:16+0200,6e7a462e-9eec-47a6-a2b0-092174843598,2026-07-02T21:45:00Z,2026-07-02T23:45:00+0200,9205.86,MW,BE,BE,forecast_load,Forecasted Load,2026-07-27T14:54:27Z
2026-07-27T14:54:16Z,2026-07-27T16:54:16+0200,6e7a462e-9eec-47a6-a2b0-092174843598,2026-07-02T22:00:00Z,2026-07-03T00:00:00+0200,8759.49,MW,BE,BE,forecast_load,Forecasted Load,2026-07-27T14:54:27Z
2026-07-27T14:54:16Z,2026-07-27T16:54:16+0200,6e7a462e-9eec-47a6-a2b0-092174843598,2026-07-02T22:15:00Z,2026-07-03T00:15:00+0200,8603.2,MW,BE,BE,forecast_load,Forecasted Load,2026-07-27T14:54:27Z
2026-07-27T14:54:16Z,2026-07-27T16:54:16+0200,6e7a462e-9eec-47a6-a2b0-092174843598,2026-07-02T22:30:00Z,2026-07-03T00:30:00+0200,8526.28,MW,BE,BE,forecast_load,Forecasted Load,2026-07-27T14:54:27Z
2026-07-27T14:54:16Z,2026-07-27T16:54:16+0200,6e7a462e-9eec-47a6-a2b0-092174843598,2026-07-02T22:45:00Z,2026-07-03T00:45:00+0200,8439.15,MW,BE,BE,forecast_load,Forecasted Load,2026-07-27T14:54:27Z
2026-07-27T14:54:16Z,2026-07-27T16:54:16+0200,6e7a462e-9eec-47a6-a2b0-092174843598,2026-07-02T23:00:00Z,2026-07-03T01:00:00+0200,8469.74,MW,BE,BE,forecast_load,Forecasted Load,2026-07-27T14:54:27Z
2026-07-27T14:54:16Z,2026-07-27T16:54:16+0200,6e7a462e-9eec-47a6-a2b0-092174843598,2026-07-02T23:15:00Z,2026-07-03T01:15:00+0200,8396.75,MW,BE,BE,forecast_load,Forecasted Load,2026-07-27T14:54:27Z
2026-07-27T14:54:16Z,2026-07-27T16:54:16+0200,6e7a462e-9eec-47a6-a2b0-092174843598,2026-07-02T23:30:00Z,2026-07-03T01:30:00+0200,8329.76,MW,BE,BE,forecast_load,Forecasted Load,2026-07-27T14:54:27Z
2026-07-27T14:54:16Z,2026-07-27T16:54:16+0200,6e7a462e-9eec-47a6-a2b0-092174843598,2026-07-02T23:45:00Z,2026-07-03T01:45:00+0200,8263.71,MW,BE,BE,forecast_load,Forecasted Load,2026-07-27T14:54:27Z
2026-07-27T14:54:16Z,2026-07-27T16:54:16+0200,6e7a462e-9eec-47a6-a2b0-092174843598,2026-07-03T00:00:00Z,2026-07-03T02:00:00+0200,8386.23,MW,BE,BE,forecast_load,Forecasted Load,2026-07-27T14:54:27Z
2026-07-27T14:54:16Z,2026-07-27T16:54:16+0200,6e7a462e-9eec-47a6-a2b0-092174843598,2026-07-03T00:15:00Z,2026-07-03T02:15:00+0200,8385.77,MW,BE,BE,forecast_load,Forecasted Load,2026-07-27T14:54:27Z
2026-07-27T14:54:16Z,2026-07-27T16:54:16+0200,6e7a462e-9eec-47a6-a2b0-092174843598,2026-07-03T00:30:00Z,2026-07-03T02:30:00+0200,8326.0,MW,BE,BE,forecast_load,Forecasted Load,2026-07-27T14:54:27Z
2026-07-27T14:54:16Z,2026-07-27T16:54:16+0200,6e7a462e-9eec-47a6-a2b0-092174843598,2026-07-03T00:45:00Z,2026-07-03T02:45:00+0200,8317.63,MW,BE,BE,forecast_load,Forecasted Load,2026-07-27T14:54:27Z
2026-07-27T14:54:16Z,2026-07-27T16:54:16+0200,6e7a462e-9eec-47a6-a2b0-092174843598,2026-07-03T01:00:00Z,2026-07-03T03:00:00+0200,8241.4,MW,BE,BE,forecast_load,Forecasted Load,2026-07-27T14:54:27Z
2026-07-27T14:54:16Z,2026-07-27T16:54:16+0200,6e7a462e-9eec-47a6-a2b0-092174843598,2026-07-03T01:15:00Z,2026-07-03T03:15:00+0200,8213.55,MW,BE,BE,forecast_load,Forecasted Load,2026-07-27T14:54:27Z
2026-07-27T14:54:16Z,2026-07-27T16:54:16+0200,6e7a462e-9eec-47a6-a2b0-092174843598,2026-07-03T01:30:00Z,2026-07-03T03:30:00+0200,8224.71,MW,BE,BE,forecast_load,Forecasted Load,2026-07-27T14:54:27Z
2026-07-27T14:54:16Z,2026-07-27T16:54:16+0200,6e7a462e-9eec-47a6-a2b0-092174843598,2026-07-03T01:45:00Z,2026-07-03T03:45:00+0200,8198.74,MW,BE,BE,forecast_load,Forecasted Load,2026-07-27T14:54:27Z
2026-07-27T14:54:16Z,2026-07-27T16:54:16+0200,6e7a462e-9eec-47a6-a2b0-092174843598,2026-07-03T02:00:00Z,2026-07-03T04:00:00+0200,8235.05,MW,BE,BE,forecast_load,Forecasted Load,2026-07-27T14:54:27Z
2026-07-27T14:54:16Z,2026-07-27T16:54:16+0200,6e7a462e-9eec-47a6-a2b0-092174843598,2026-07-03T02:15:00Z,2026-07-03T04:15:00+0200,8257.43,MW,BE,BE,forecast_load,Forecasted Load,2026-07-27T14:54:27Z
2026-07-27T14:54:16Z,2026-07-27T16:54:16+0200,6e7a462e-9eec-47a6-a2b0-092174843598,2026-07-03T02:30:00Z,2026-07-03T04:30:00+0200,8256.37,MW,BE,BE,forecast_load,Forecasted Load,2026-07-27T14:54:27Z
2026-07-27T14:54:16Z,2026-07-27T16:54:16+0200,6e7a462e-9eec-47a6-a2b0-092174843598,2026-07-03T02:45:00Z,2026-07-03T04:45:00+0200,8296.31,MW,BE,BE,forecast_load,Forecasted Load,2026-07-27T14:54:27Z
2026-07-27T14:54:16Z,2026-07-27T16:54:16+0200,6e7a462e-9eec-47a6-a2b0-092174843598,2026-07-03T03:00:00Z,2026-07-03T05:00:00+0200,8318.5,MW,BE,BE,forecast_load,Forecasted Load,2026-07-27T14:54:27Z
2026-07-27T14:54:16Z,2026-07-27T16:54:16+0200,6e7a462e-9eec-47a6-a2b0-092174843598,2026-07-03T03:15:00Z,2026-07-03T05:15:00+0200,8323.28,MW,BE,BE,forecast_load,Forecasted Load,2026-07-27T14:54:27Z
2026-07-27T14:54:16Z,2026-07-27T16:54:16+0200,6e7a462e-9eec-47a6-a2b0-092174843598,2026-07-03T03:30:00Z,2026-07-03T05:30:00+0200,8383.19,MW,BE,BE,forecast_load,Forecasted Load,2026-07-27T14:54:27Z
2026-07-27T14:54:16Z,2026-07-27T16:54:16+0200,6e7a462e-9eec-47a6-a2b0-092174843598,2026-07-03T03:45:00Z,2026-07-03T05:45:00+0200,8472.66,MW,BE,BE,forecast_load,Forecasted Load,2026-07-27T14:54:27Z
2026-07-27T14:54:16Z,2026-07-27T16:54:16+0200,6e7a462e-9eec-47a6-a2b0-092174843598,2026-07-03T04:00:00Z,2026-07-03T06:00:00+0200,8462.6,MW,BE,BE,forecast_load,Forecasted Load,2026-07-27T14:54:27Z
2026-07-27T14:54:16Z,2026-07-27T16:54:16+0200,6e7a462e-9eec-47a6-a2b0-092174843598,2026-07-03T04:15:00Z,2026-07-03T06:15:00+0200,8660.58,MW,BE,BE,forecast_load,Forecasted Load,2026-07-27T14:54:27Z
2026-07-27T14:54:16Z,2026-07-27T16:54:16+0200,6e7a462e-9eec-47a6-a2b0-092174843598,2026-07-03T04:30:00Z,2026-07-03T06:30:00+0200,8873.07,MW,BE,BE,forecast_load,Forecasted Load,2026-07-27T14:54:27Z
2026-07-27T14:54:16Z,2026-07-27T16:54:16+0200,6e7a462e-9eec-47a6-a2b0-092174843598,2026-07-03T04:45:00Z,2026-07-03T06:45:00+0200,9081.48,MW,BE,BE,forecast_load,Forecasted Load,2026-07-27T14:54:27Z
2026-07-27T14:54:16Z,2026-07-27T16:54:16+0200,6e7a462e-9eec-47a6-a2b0-092174843598,2026-07-03T05:00:00Z,2026-07-03T07:00:00+0200,9186.32,MW,BE,BE,forecast_load,Forecasted Load,2026-07-27T14:54:27Z
2026-07-27T14:54:16Z,2026-07-27T16:54:16+0200,6e7a462e-9eec-47a6-a2b0-092174843598,2026-07-03T05:15:00Z,2026-07-03T07:15:00+0200,9416.77,MW,BE,BE,forecast_load,Forecasted Load,2026-07-27T14:54:27Z
2026-07-27T14:54:16Z,2026-07-27T16:54:16+0200,6e7a462e-9eec-47a6-a2b0-092174843598,2026-07-03T05:30:00Z,2026-07-03T07:30:00+0200,9628.45,MW,BE,BE,forecast_load,Forecasted Load,2026-07-27T14:54:27Z
2026-07-27T14:54:16Z,2026-07-27T16:54:16+0200,6e7a462e-9eec-47a6-a2b0-092174843598,2026-07-03T05:45:00Z,2026-07-03T07:45:00+0200,9783.8,MW,BE,BE,forecast_load,Forecasted Load,2026-07-27T14:54:27Z
2026-07-27T14:54:16Z,2026-07-27T16:54:16+0200,6e7a462e-9eec-47a6-a2b0-092174843598,2026-07-03T06:00:00Z,2026-07-03T08:00:00+0200,9822.14,MW,BE,BE,forecast_load,Forecasted Load,2026-07-27T14:54:27Z
2026-07-27T14:54:16Z,2026-07-27T16:54:16+0200,6e7a462e-9eec-47a6-a2b0-092174843598,2026-07-03T06:15:00Z,2026-07-03T08:15:00+0200,9987.96,MW,BE,BE,forecast_load,Forecasted Load,2026-07-27T14:54:27Z
2026-07-27T14:54:16Z,2026-07-27T16:54:16+0200,6e7a462e-9eec-47a6-a2b0-092174843598,2026-07-03T06:30:00Z,2026-07-03T08:30:00+0200,10192.76,MW,BE,BE,forecast_load,Forecasted Load,2026-07-27T14:54:27Z
2026-07-27T14:54:16Z,2026-07-27T16:54:16+0200,6e7a462e-9eec-47a6-a2b0-092174843598,2026-07-03T06:45:00Z,2026-07-03T08:45:00+0200,10363.49,MW,BE,BE,forecast_load,Forecasted Load,2026-07-27T14:54:27Z
2026-07-27T14:54:16Z,2026-07-27T16:54:16+0200,6e7a462e-9eec-47a6-a2b0-092174843598,2026-07-03T07:00:00Z,2026-07-03T09:00:00+0200,10446.96,MW,BE,BE,forecast_load,Forecasted Load,2026-07-27T14:54:27Z
2026-07-27T14:54:16Z,2026-07-27T16:54:16+0200,6e7a462e-9eec-47a6-a2b0-092174843598,2026-07-03T07:15:00Z,2026-07-03T09:15:00+0200,10513.06,MW,BE,BE,forecast_load,Forecasted Load,2026-07-27T14:54:27Z
2026-07-27T14:54:16Z,2026-07-27T16:54:16+0200,6e7a462e-9eec-47a6-a2b0-092174843598,2026-07-03T07:30:00Z,2026-07-03T09:30:00+0200,10593.78,MW,BE,BE,forecast_load,Forecasted Load,2026-07-27T14:54:27Z
2026-07-27T14:54:16Z,2026-07-27T16:54:16+0200,6e7a462e-9eec-47a6-a2b0-092174843598,2026-07-03T07:45:00Z,2026-07-03T09:45:00+0200,10680.84,MW,BE,BE,forecast_load,Forecasted Load,2026-07-27T14:54:27Z
2026-07-27T14:54:16Z,2026-07-27T16:54:16+0200,6e7a462e-9eec-47a6-a2b0-092174843598,2026-07-03T08:00:00Z,2026-07-03T10:00:00+0200,10738.23,MW,BE,BE,forecast_load,Forecasted Load,2026-07-27T14:54:27Z
2026-07-27T14:54:16Z,2026-07-27T16:54:16+0200,6e7a462e-9eec-47a6-a2b0-092174843598,2026-07-03T08:15:00Z,2026-07-03T10:15:00+0200,10777.23,MW,BE,BE,forecast_load,Forecasted Load,2026-07-27T14:54:27Z
2026-07-27T14:54:16Z,2026-07-27T16:54:16+0200,6e7a462e-9eec-47a6-a2b0-092174843598,2026-07-03T08:30:00Z,2026-07-03T10:30:00+0200,10859.81,MW,BE,BE,forecast_load,Forecasted Load,2026-07-27T14:54:27Z
2026-07-27T14:54:16Z,2026-07-27T16:54:16+0200,6e7a462e-9eec-47a6-a2b0-092174843598,2026-07-03T08:45:00Z,2026-07-03T10:45:00+0200,10943.33,MW,BE,BE,forecast_load,Forecasted Load,2026-07-27T14:54:27Z
2026-07-27T14:54:16Z,2026-07-27T16:54:16+0200,6e7a462e-9eec-47a6-a2b0-092174843598,2026-07-03T09:00:00Z,2026-07-03T11:00:00+0200,11014.84,MW,BE,BE,forecast_load,Forecasted Load,2026-07-27T14:54:27Z
2026-07-27T14:54:16Z,2026-07-27T16:54:16+0200,6e7a462e-9eec-47a6-a2b0-092174843598,2026-07-03T09:15:00Z,2026-07-03T11:15:00+0200,11046.41,MW,BE,BE,forecast_load,Forecasted Load,2026-07-27T14:54:27Z
2026-07-27T14:54:16Z,2026-07-27T16:54:16+0200,6e7a462e-9eec-47a6-a2b0-092174843598,2026-07-03T09:30:00Z,2026-07-03T11:30:00+0200,11117.29,MW,BE,BE,forecast_load,Forecasted Load,2026-07-27T14:54:27Z
2026-07-27T14:54:16Z,2026-07-27T16:54:16+0200,6e7a462e-9eec-47a6-a2b0-092174843598,2026-07-03T09:45:00Z,2026-07-03T11:45:00+0200,11238.41,MW,BE,BE,forecast_load,Forecasted Load,2026-07-27T14:54:27Z
2026-07-27T14:54:16Z,2026-07-27T16:54:16+0200,6e7a462e-9eec-47a6-a2b0-092174843598,2026-07-03T10:00:00Z,2026-07-03T12:00:00+0200,11167.17,MW,BE,BE,forecast_load,Forecasted Load,2026-07-27T14:54:27Z
2026-07-27T14:54:16Z,2026-07-27T16:54:16+0200,6e7a462e-9eec-47a6-a2b0-092174843598,2026-07-03T10:15:00Z,2026-07-03T12:15:00+0200,11124.9,MW,BE,BE,forecast_load,Forecasted Load,2026-07-27T14:54:27Z
2026-07-27T14:54:16Z,2026-07-27T16:54:16+0200,6e7a462e-9eec-47a6-a2b0-092174843598,2026-07-03T10:30:00Z,2026-07-03T12:30:00+0200,11095.12,MW,BE,BE,forecast_load,Forecasted Load,2026-07-27T14:54:27Z
2026-07-27T14:54:16Z,2026-07-27T16:54:16+0200,6e7a462e-9eec-47a6-a2b0-092174843598,2026-07-03T10:45:00Z,2026-07-03T12:45:00+0200,11082.19,MW,BE,BE,forecast_load,Forecasted Load,2026-07-27T14:54:27Z
2026-07-27T14:54:16Z,2026-07-27T16:54:16+0200,6e7a462e-9eec-47a6-a2b0-092174843598,2026-07-03T11:00:00Z,2026-07-03T13:00:00+0200,11126.74,MW,BE,BE,forecast_load,Forecasted Load,2026-07-27T14:54:27Z
2026-07-27T14:54:16Z,2026-07-27T16:54:16+0200,6e7a462e-9eec-47a6-a2b0-092174843598,2026-07-03T11:15:00Z,2026-07-03T13:15:00+0200,11091.02,MW,BE,BE,forecast_load,Forecasted Load,2026-07-27T14:54:27Z
2026-07-27T14:54:16Z,2026-07-27T16:54:16+0200,6e7a462e-9eec-47a6-a2b0-092174843598,2026-07-03T11:30:00Z,2026-07-03T13:30:00+0200,11108.86,MW,BE,BE,forecast_load,Forecasted Load,2026-07-27T14:54:27Z
2026-07-27T14:54:16Z,2026-07-27T16:54:16+0200,6e7a462e-9eec-47a6-a2b0-092174843598,2026-07-03T11:45:00Z,2026-07-03T13:45:00+0200,11078.63,MW,BE,BE,forecast_load,Forecasted Load,2026-07-27T14:54:27Z
2026-07-27T14:54:16Z,2026-07-27T16:54:16+0200,6e7a462e-9eec-47a6-a2b0-092174843598,2026-07-03T12:00:00Z,2026-07-03T14:00:00+0200,10995.14,MW,BE,BE,forecast_load,Forecasted Load,2026-07-27T14:54:27Z
2026-07-27T14:54:16Z,2026-07-27T16:54:16+0200,6e7a462e-9eec-47a6-a2b0-092174843598,2026-07-03T12:15:00Z,2026-07-03T14:15:00+0200,10987.42,MW,BE,BE,forecast_load,Forecasted Load,2026-07-27T14:54:27Z
2026-07-27T14:54:16Z,2026-07-27T16:54:16+0200,6e7a462e-9eec-47a6-a2b0-092174843598,2026-07-03T12:30:00Z,2026-07-03T14:30:00+0200,10931.95,MW,BE,BE,forecast_load,Forecasted Load,2026-07-27T14:54:27Z
2026-07-27T14:54:16Z,2026-07-27T16:54:16+0200,6e7a462e-9eec-47a6-a2b0-092174843598,2026-07-03T12:45:00Z,2026-07-03T14:45:00+0200,10858.46,MW,BE,BE,forecast_load,Forecasted Load,2026-07-27T14:54:27Z
2026-07-27T14:54:16Z,2026-07-27T16:54:16+0200,6e7a462e-9eec-47a6-a2b0-092174843598,2026-07-03T13:00:00Z,2026-07-03T15:00:00+0200,10708.56,MW,BE,BE,forecast_load,Forecasted Load,2026-07-27T14:54:27Z
2026-07-27T14:54:16Z,2026-07-27T16:54:16+0200,6e7a462e-9eec-47a6-a2b0-092174843598,2026-07-03T13:15:00Z,2026-07-03T15:15:00+0200,10561.88,MW,BE,BE,forecast_load,Forecasted Load,2026-07-27T14:54:27Z
2026-07-27T14:54:16Z,2026-07-27T16:54:16+0200,6e7a462e-9eec-47a6-a2b0-092174843598,2026-07-03T13:30:00Z,2026-07-03T15:30:00+0200,10444.85,MW,BE,BE,forecast_load,Forecasted Load,2026-07-27T14:54:27Z
2026-07-27T14:54:16Z,2026-07-27T16:54:16+0200,6e7a462e-9eec-47a6-a2b0-092174843598,2026-07-03T13:45:00Z,2026-07-03T15:45:00+0200,10353.96,MW,BE,BE,forecast_load,Forecasted Load,2026-07-27T14:54:27Z
2026-07-27T14:54:16Z,2026-07-27T16:54:16+0200,6e7a462e-9eec-47a6-a2b0-092174843598,2026-07-03T14:00:00Z,2026-07-03T16:00:00+0200,10350.27,MW,BE,BE,forecast_load,Forecasted Load,2026-07-27T14:54:27Z
2026-07-27T14:54:16Z,2026-07-27T16:54:16+0200,6e7a462e-9eec-47a6-a2b0-092174843598,2026-07-03T14:15:00Z,2026-07-03T16:15:00+0200,10219.58,MW,BE,BE,forecast_load,Forecasted Load,2026-07-27T14:54:27Z
2026-07-27T14:54:16Z,2026-07-27T16:54:16+0200,6e7a462e-9eec-47a6-a2b0-092174843598,2026-07-03T14:30:00Z,2026-07-03T16:30:00+0200,10171.41,MW,BE,BE,forecast_load,Forecasted Load,2026-07-27T14:54:27Z
2026-07-27T14:54:16Z,2026-07-27T16:54:16+0200,6e7a462e-9eec-47a6-a2b0-092174843598,2026-07-03T14:45:00Z,2026-07-03T16:45:00+0200,10104.8,MW,BE,BE,forecast_load,Forecasted Load,2026-07-27T14:54:27Z
2026-07-27T14:54:16Z,2026-07-27T16:54:16+0200,6e7a462e-9eec-47a6-a2b0-092174843598,2026-07-03T15:00:00Z,2026-07-03T17:00:00+0200,10323.96,MW,BE,BE,forecast_load,Forecasted Load,2026-07-27T14:54:27Z
2026-07-27T14:54:16Z,2026-07-27T16:54:16+0200,6e7a462e-9eec-47a6-a2b0-092174843598,2026-07-03T15:15:00Z,2026-07-03T17:15:00+0200,10272.36,MW,BE,BE,forecast_load,Forecasted Load,2026-07-27T14:54:27Z
2026-07-27T14:54:16Z,2026-07-27T16:54:16+0200,6e7a462e-9eec-47a6-a2b0-092174843598,2026-07-03T15:30:00Z,2026-07-03T17:30:00+0200,10303.14,MW,BE,BE,forecast_load,Forecasted Load,2026-07-27T14:54:27Z
2026-07-27T14:54:16Z,2026-07-27T16:54:16+0200,6e7a462e-9eec-47a6-a2b0-092174843598,2026-07-03T15:45:00Z,2026-07-03T17:45:00+0200,10279.76,MW,BE,BE,forecast_load,Forecasted Load,2026-07-27T14:54:27Z
2026-07-27T14:54:16Z,2026-07-27T16:54:16+0200,6e7a462e-9eec-47a6-a2b0-092174843598,2026-07-03T16:00:00Z,2026-07-03T18:00:00+0200,10241.4,MW,BE,BE,forecast_load,Forecasted Load,2026-07-27T14:54:27Z
2026-07-27T14:54:16Z,2026-07-27T16:54:16+0200,6e7a462e-9eec-47a6-a2b0-092174843598,2026-07-03T16:15:00Z,2026-07-03T18:15:00+0200,10185.03,MW,BE,BE,forecast_load,Forecasted Load,2026-07-27T14:54:27Z
2026-07-27T14:54:16Z,2026-07-27T16:54:16+0200,6e7a462e-9eec-47a6-a2b0-092174843598,2026-07-03T16:30:00Z,2026-07-03T18:30:00+0200,10184.15,MW,BE,BE,forecast_load,Forecasted Load,2026-07-27T14:54:27Z
2026-07-27T14:54:16Z,2026-07-27T16:54:16+0200,6e7a462e-9eec-47a6-a2b0-092174843598,2026-07-03T16:45:00Z,2026-07-03T18:45:00+0200,10081.36,MW,BE,BE,forecast_load,Forecasted Load,2026-07-27T14:54:27Z
2026-07-27T14:54:16Z,2026-07-27T16:54:16+0200,6e7a462e-9eec-47a6-a2b0-092174843598,2026-07-03T17:00:00Z,2026-07-03T19:00:00+0200,10087.58,MW,BE,BE,forecast_load,Forecasted Load,2026-07-27T14:54:27Z
2026-07-27T14:54:16Z,2026-07-27T16:54:16+0200,6e7a462e-9eec-47a6-a2b0-092174843598,2026-07-03T17:15:00Z,2026-07-03T19:15:00+0200,10012.64,MW,BE,BE,forecast_load,Forecasted Load,2026-07-27T14:54:27Z
2026-07-27T14:54:16Z,2026-07-27T16:54:16+0200,6e7a462e-9eec-47a6-a2b0-092174843598,2026-07-03T17:30:00Z,2026-07-03T19:30:00+0200,9928.24,MW,BE,BE,forecast_load,Forecasted Load,2026-07-27T14:54:27Z
2026-07-27T14:54:16Z,2026-07-27T16:54:16+0200,6e7a462e-9eec-47a6-a2b0-092174843598,2026-07-03T17:45:00Z,2026-07-03T19:45:00+0200,9839.34,MW,BE,BE,forecast_load,Forecasted Load,2026-07-27T14:54:27Z
2026-07-27T14:54:16Z,2026-07-27T16:54:16+0200,6e7a462e-9eec-47a6-a2b0-092174843598,2026-07-03T18:00:00Z,2026-07-03T20:00:00+0200,9741.62,MW,BE,BE,forecast_load,Forecasted Load,2026-07-27T14:54:27Z
2026-07-27T14:54:16Z,2026-07-27T16:54:16+0200,6e7a462e-9eec-47a6-a2b0-092174843598,2026-07-03T18:15:00Z,2026-07-03T20:15:00+0200,9649.69,MW,BE,BE,forecast_load,Forecasted Load,2026-07-27T14:54:27Z
2026-07-27T14:54:16Z,2026-07-27T16:54:16+0200,6e7a462e-9eec-47a6-a2b0-092174843598,2026-07-03T18:30:00Z,2026-07-03T20:30:00+0200,9538.0,MW,BE,BE,forecast_load,Forecasted Load,2026-07-27T14:54:27Z
2026-07-27T14:54:16Z,2026-07-27T16:54:16+0200,6e7a462e-9eec-47a6-a2b0-092174843598,2026-07-03T18:45:00Z,2026-07-03T20:45:00+0200,9461.64,MW,BE,BE,forecast_load,Forecasted Load,2026-07-27T14:54:27Z
2026-07-27T14:54:16Z,2026-07-27T16:54:16+0200,6e7a462e-9eec-47a6-a2b0-092174843598,2026-07-03T19:00:00Z,2026-07-03T21:00:00+0200,9401.58,MW,BE,BE,forecast_load,Forecasted Load,2026-07-27T14:54:27Z
2026-07-27T14:54:16Z,2026-07-27T16:54:16+0200,6e7a462e-9eec-47a6-a2b0-092174843598,2026-07-03T19:15:00Z,2026-07-03T21:15:00+0200,9320.18,MW,BE,BE,forecast_load,Forecasted Load,2026-07-27T14:54:27Z
2026-07-27T14:54:16Z,2026-07-27T16:54:16+0200,6e7a462e-9eec-47a6-a2b0-092174843598,2026-07-03T19:30:00Z,2026-07-03T21:30:00+0200,9286.86,MW,BE,BE,forecast_load,Forecasted Load,2026-07-27T14:54:27Z
2026-07-27T14:54:16Z,2026-07-27T16:54:16+0200,6e7a462e-9eec-47a6-a2b0-092174843598,2026-07-03T19:45:00Z,2026-07-03T21:45:00+0200,9282.26,MW,BE,BE,forecast_load,Forecasted Load,2026-07-27T14:54:27Z
2026-07-27T14:54:16Z,2026-07-27T16:54:16+0200,6e7a462e-9eec-47a6-a2b0-092174843598,2026-07-03T20:00:00Z,2026-07-03T22:00:00+0200,9316.34,MW,BE,BE,forecast_load,Forecasted Load,2026-07-27T14:54:27Z
2026-07-27T14:54:16Z,2026-07-27T16:54:16+0200,6e7a462e-9eec-47a6-a2b0-092174843598,2026-07-03T20:15:00Z,2026-07-03T22:15:00+0200,9366.72,MW,BE,BE,forecast_load,Forecasted Load,2026-07-27T14:54:27Z
2026-07-27T14:54:16Z,2026-07-27T16:54:16+0200,6e7a462e-9eec-47a6-a2b0-092174843598,2026-07-03T20:30:00Z,2026-07-03T22:30:00+0200,9352.12,MW,BE,BE,forecast_load,Forecasted Load,2026-07-27T14:54:27Z
2026-07-27T14:54:16Z,2026-07-27T16:54:16+0200,6e7a462e-9eec-47a6-a2b0-092174843598,2026-07-03T20:45:00Z,2026-07-03T22:45:00+0200,9251.64,MW,BE,BE,forecast_load,Forecasted Load,2026-07-27T14:54:27Z
2026-07-27T14:54:16Z,2026-07-27T16:54:16+0200,6e7a462e-9eec-47a6-a2b0-092174843598,2026-07-03T21:00:00Z,2026-07-03T23:00:00+0200,9120.01,MW,BE,BE,forecast_load,Forecasted Load,2026-07-27T14:54:27Z
2026-07-27T14:54:16Z,2026-07-27T16:54:16+0200,6e7a462e-9eec-47a6-a2b0-092174843598,2026-07-03T21:15:00Z,2026-07-03T23:15:00+0200,8998.35,MW,BE,BE,forecast_load,Forecasted Load,2026-07-27T14:54:27Z
2026-07-27T14:54:16Z,2026-07-27T16:54:16+0200,6e7a462e-9eec-47a6-a2b0-092174843598,2026-07-03T21:30:00Z,2026-07-03T23:30:00+0200,8873.92,MW,BE,BE,forecast_load,Forecasted Load,2026-07-27T14:54:27Z
2026-07-27T14:54:16Z,2026-07-27T16:54:16+0200,6e7a462e-9eec-47a6-a2b0-092174843598,2026-07-03T21:45:00Z,2026-07-03T23:45:00+0200,8759.68,MW,BE,BE,forecast_load,Forecasted Load,2026-07-27T14:54:27Z
2026-07-27T14:54:16Z,2026-07-27T16:54:16+0200,6e7a462e-9eec-47a6-a2b0-092174843598,2026-07-03T22:00:00Z,2026-07-04T00:00:00+0200,8239.91,MW,BE,BE,forecast_load,Forecasted Load,2026-07-27T14:54:27Z
2026-07-27T14:54:16Z,2026-07-27T16:54:16+0200,6e7a462e-9eec-47a6-a2b0-092174843598,2026-07-03T22:15:00Z,2026-07-04T00:15:00+0200,8107.02,MW,BE,BE,forecast_load,Forecasted Load,2026-07-27T14:54:27Z
2026-07-27T14:54:16Z,2026-07-27T16:54:16+0200,6e7a462e-9eec-47a6-a2b0-092174843598,2026-07-03T22:30:00Z,2026-07-04T00:30:00+0200,8026.69,MW,BE,BE,forecast_load,Forecasted Load,2026-07-27T14:54:27Z
2026-07-27T14:54:16Z,2026-07-27T16:54:16+0200,6e7a462e-9eec-47a6-a2b0-092174843598,2026-07-03T22:45:00Z,2026-07-04T00:45:00+0200,7951.21,MW,BE,BE,forecast_load,Forecasted Load,2026-07-27T14:54:27Z
2026-07-27T14:54:16Z,2026-07-27T16:54:16+0200,6e7a462e-9eec-47a6-a2b0-092174843598,2026-07-03T23:00:00Z,2026-07-04T01:00:00+0200,7792.89,MW,BE,BE,forecast_load,Forecasted Load,2026-07-27T14:54:27Z
2026-07-27T14:54:16Z,2026-07-27T16:54:16+0200,6e7a462e-9eec-47a6-a2b0-092174843598,2026-07-03T23:15:00Z,2026-07-04T01:15:00+0200,7723.71,MW,BE,BE,forecast_load,Forecasted Load,2026-07-27T14:54:27Z
2026-07-27T14:54:16Z,2026-07-27T16:54:16+0200,6e7a462e-9eec-47a6-a2b0-092174843598,2026-07-03T23:30:00Z,2026-07-04T01:30:00+0200,7664.74,MW,BE,BE,forecast_load,Forecasted Load,2026-07-27T14:54:27Z
2026-07-27T14:54:16Z,2026-07-27T16:54:16+0200,6e7a462e-9eec-47a6-a2b0-092174843598,2026-07-03T23:45:00Z,2026-07-04T01:45:00+0200,7600.41,MW,BE,BE,forecast_load,Forecasted Load,2026-07-27T14:54:27Z
2026-07-27T14:54:16Z,2026-07-27T16:54:16+0200,6e7a462e-9eec-47a6-a2b0-092174843598,2026-07-04T00:00:00Z,2026-07-04T02:00:00+0200,7712.69,MW,BE,BE,forecast_load,Forecasted Load,2026-07-27T14:54:27Z
2026-07-27T14:54:16Z,2026-07-27T16:54:16+0200,6e7a462e-9eec-47a6-a2b0-092174843598,2026-07-04T00:15:00Z,2026-07-04T02:15:00+0200,7637.02,MW,BE,BE,forecast_load,Forecasted Load,2026-07-27T14:54:27Z
2026-07-27T14:54:16Z,2026-07-27T16:54:16+0200,6e7a462e-9eec-47a6-a2b0-092174843598,2026-07-04T00:30:00Z,2026-07-04T02:30:00+0200,7563.22,MW,BE,BE,forecast_load,Forecasted Load,2026-07-27T14:54:27Z
2026-07-27T14:54:16Z,2026-07-27T16:54:16+0200,6e7a462e-9eec-47a6-a2b0-092174843598,2026-07-04T00:45:00Z,2026-07-04T02:45:00+0200,7541.67,MW,BE,BE,forecast_load,Forecasted Load,2026-07-27T14:54:27Z
2026-07-27T14:54:16Z,2026-07-27T16:54:16+0200,6e7a462e-9eec-47a6-a2b0-092174843598,2026-07-04T01:00:00Z,2026-07-04T03:00:00+0200,7448.31,MW,BE,BE,forecast_load,Forecasted Load,2026-07-27T14:54:27Z
2026-07-27T14:54:16Z,2026-07-27T16:54:16+0200,6e7a462e-9eec-47a6-a2b0-092174843598,2026-07-04T01:15:00Z,2026-07-04T03:15:00+0200,7452.18,MW,BE,BE,forecast_load,Forecasted Load,2026-07-27T14:54:27Z
2026-07-27T14:54:16Z,2026-07-27T16:54:16+0200,6e7a462e-9eec-47a6-a2b0-092174843598,2026-07-04T01:30:00Z,2026-07-04T03:30:00+0200,7455.94,MW,BE,BE,forecast_load,Forecasted Load,2026-07-27T14:54:27Z
2026-07-27T14:54:16Z,2026-07-27T16:54:16+0200,6e7a462e-9eec-47a6-a2b0-092174843598,2026-07-04T01:45:00Z,2026-07-04T03:45:00+0200,7361.64,MW,BE,BE,forecast_load,Forecasted Load,2026-07-27T14:54:27Z
2026-07-27T14:54:16Z,2026-07-27T16:54:16+0200,6e7a462e-9eec-47a6-a2b0-092174843598,2026-07-04T02:00:00Z,2026-07-04T04:00:00+0200,7401.58,MW,BE,BE,forecast_load,Forecasted Load,2026-07-27T14:54:27Z
2026-07-27T14:54:16Z,2026-07-27T16:54:16+0200,6e7a462e-9eec-47a6-a2b0-092174843598,2026-07-04T02:15:00Z,2026-07-04T04:15:00+0200,7374.27,MW,BE,BE,forecast_load,Forecasted Load,2026-07-27T14:54:27Z
2026-07-27T14:54:16Z,2026-07-27T16:54:16+0200,6e7a462e-9eec-47a6-a2b0-092174843598,2026-07-04T02:30:00Z,2026-07-04T04:30:00+0200,7372.54,MW,BE,BE,forecast_load,Forecasted Load,2026-07-27T14:54:27Z
2026-07-27T14:54:16Z,2026-07-27T16:54:16+0200,6e7a462e-9eec-47a6-a2b0-092174843598,2026-07-04T02:45:00Z,2026-07-04T04:45:00+0200,7368.42,MW,BE,BE,forecast_load,Forecasted Load,2026-07-27T14:54:27Z
2026-07-27T14:54:16Z,2026-07-27T16:54:16+0200,6e7a462e-9eec-47a6-a2b0-092174843598,2026-07-04T03:00:00Z,2026-07-04T05:00:00+0200,7392.67,MW,BE,BE,forecast_load,Forecasted Load,2026-07-27T14:54:27Z
2026-07-27T14:54:16Z,2026-07-27T16:54:16+0200,6e7a462e-9eec-47a6-a2b0-092174843598,2026-07-04T03:15:00Z,2026-07-04T05:15:00+0200,7367.21,MW,BE,BE,forecast_load,Forecasted Load,2026-07-27T14:54:27Z
2026-07-27T14:54:16Z,2026-07-27T16:54:16+0200,6e7a462e-9eec-47a6-a2b0-092174843598,2026-07-04T03:30:00Z,2026-07-04T05:30:00+0200,7344.74,MW,BE,BE,forecast_load,Forecasted Load,2026-07-27T14:54:27Z
2026-07-27T14:54:16Z,2026-07-27T16:54:16+0200,6e7a462e-9eec-47a6-a2b0-092174843598,2026-07-04T03:45:00Z,2026-07-04T05:45:00+0200,7395.34,MW,BE,BE,forecast_load,Forecasted Load,2026-07-27T14:54:27Z
2026-07-27T14:54:16Z,2026-07-27T16:54:16+0200,6e7a462e-9eec-47a6-a2b0-092174843598,2026-07-04T04:00:00Z,2026-07-04T06:00:00+0200,7435.71,MW,BE,BE,forecast_load,Forecasted Load,2026-07-27T14:54:27Z
2026-07-27T14:54:16Z,2026-07-27T16:54:16+0200,6e7a462e-9eec-47a6-a2b0-092174843598,2026-07-04T04:15:00Z,2026-07-04T06:15:00+0200,7499.86,MW,BE,BE,forecast_load,Forecasted Load,2026-07-27T14:54:27Z
2026-07-27T14:54:16Z,2026-07-27T16:54:16+0200,6e7a462e-9eec-47a6-a2b0-092174843598,2026-07-04T04:30:00Z,2026-07-04T06:30:00+0200,7539.44,MW,BE,BE,forecast_load,Forecasted Load,2026-07-27T14:54:27Z
2026-07-27T14:54:16Z,2026-07-27T16:54:16+0200,6e7a462e-9eec-47a6-a2b0-092174843598,2026-07-04T04:45:00Z,2026-07-04T06:45:00+0200,7605.75,MW,BE,BE,forecast_load,Forecasted Load,2026-07-27T14:54:27Z
2026-07-27T14:54:16Z,2026-07-27T16:54:16+0200,6e7a462e-9eec-47a6-a2b0-092174843598,2026-07-04T05:00:00Z,2026-07-04T07:00:00+0200,7705.47,MW,BE,BE,forecast_load,Forecasted Load,2026-07-27T14:54:27Z
2026-07-27T14:54:16Z,2026-07-27T16:54:16+0200,6e7a462e-9eec-47a6-a2b0-092174843598,2026-07-04T05:15:00Z,2026-07-04T07:15:00+0200,7792.42,MW,BE,BE,forecast_load,Forecasted Load,2026-07-27T14:54:27Z
2026-07-27T14:54:16Z,2026-07-27T16:54:16+0200,6e7a462e-9eec-47a6-a2b0-092174843598,2026-07-04T05:30:00Z,2026-07-04T07:30:00+0200,7896.47,MW,BE,BE,forecast_load,Forecasted Load,2026-07-27T14:54:27Z
2026-07-27T14:54:16Z,2026-07-27T16:54:16+0200,6e7a462e-9eec-47a6-a2b0-092174843598,2026-07-04T05:45:00Z,2026-07-04T07:45:00+0200,7995.05,MW,BE,BE,forecast_load,Forecasted Load,2026-07-27T14:54:27Z
2026-07-27T14:54:16Z,2026-07-27T16:54:16+0200,6e7a462e-9eec-47a6-a2b0-092174843598,2026-07-04T06:00:00Z,2026-07-04T08:00:00+0200,8020.57,MW,BE,BE,forecast_load,Forecasted Load,2026-07-27T14:54:27Z
2026-07-27T14:54:16Z,2026-07-27T16:54:16+0200,6e7a462e-9eec-47a6-a2b0-092174843598,2026-07-04T06:15:00Z,2026-07-04T08:15:00+0200,8144.86,MW,BE,BE,forecast_load,Forecasted Load,2026-07-27T14:54:27Z
2026-07-27T14:54:16Z,2026-07-27T16:54:16+0200,6e7a462e-9eec-47a6-a2b0-092174843598,2026-07-04T06:30:00Z,2026-07-04T08:30:00+0200,8278.51,MW,BE,BE,forecast_load,Forecasted Load,2026-07-27T14:54:27Z
2026-07-27T14:54:16Z,2026-07-27T16:54:16+0200,6e7a462e-9eec-47a6-a2b0-092174843598,2026-07-04T06:45:00Z,2026-07-04T08:45:00+0200,8411.66,MW,BE,BE,forecast_load,Forecasted Load,2026-07-27T14:54:27Z
2026-07-27T14:54:16Z,2026-07-27T16:54:16+0200,6e7a462e-9eec-47a6-a2b0-092174843598,2026-07-04T07:00:00Z,2026-07-04T09:00:00+0200,8499.98,MW,BE,BE,forecast_load,Forecasted Load,2026-07-27T14:54:27Z
2026-07-27T14:54:16Z,2026-07-27T16:54:16+0200,6e7a462e-9eec-47a6-a2b0-092174843598,2026-07-04T07:15:00Z,2026-07-04T09:15:00+0200,8615.02,MW,BE,BE,forecast_load,Forecasted Load,2026-07-27T14:54:27Z
2026-07-27T14:54:16Z,2026-07-27T16:54:16+0200,6e7a462e-9eec-47a6-a2b0-092174843598,2026-07-04T07:30:00Z,2026-07-04T09:30:00+0200,8795.58,MW,BE,BE,forecast_load,Forecasted Load,2026-07-27T14:54:27Z
2026-07-27T14:54:16Z,2026-07-27T16:54:16+0200,6e7a462e-9eec-47a6-a2b0-092174843598,2026-07-04T07:45:00Z,2026-07-04T09:45:00+0200,8929.08,MW,BE,BE,forecast_load,Forecasted Load,2026-07-27T14:54:27Z
2026-07-27T14:54:16Z,2026-07-27T16:54:16+0200,6e7a462e-9eec-47a6-a2b0-092174843598,2026-07-04T08:00:00Z,2026-07-04T10:00:00+0200,8966.88,MW,BE,BE,forecast_load,Forecasted Load,2026-07-27T14:54:27Z
2026-07-27T14:54:16Z,2026-07-27T16:54:16+0200,6e7a462e-9eec-47a6-a2b0-092174843598,2026-07-04T08:15:00Z,2026-07-04T10:15:00+0200,9110.06,MW,BE,BE,forecast_load,Forecasted Load,2026-07-27T14:54:27Z
2026-07-27T14:54:16Z,2026-07-27T16:54:16+0200,6e7a462e-9eec-47a6-a2b0-092174843598,2026-07-04T08:30:00Z,2026-07-04T10:30:00+0200,9170.28,MW,BE,BE,forecast_load,Forecasted Load,2026-07-27T14:54:27Z
2026-07-27T14:54:16Z,2026-07-27T16:54:16+0200,6e7a462e-9eec-47a6-a2b0-092174843598,2026-07-04T08:45:00Z,2026-07-04T10:45:00+0200,9189.46,MW,BE,BE,forecast_load,Forecasted Load,2026-07-27T14:54:27Z
2026-07-27T14:54:16Z,2026-07-27T16:54:16+0200,6e7a462e-9eec-47a6-a2b0-092174843598,2026-07-04T09:00:00Z,2026-07-04T11:00:00+0200,9232.86,MW,BE,BE,forecast_load,Forecasted Load,2026-07-27T14:54:27Z
2026-07-27T14:54:16Z,2026-07-27T16:54:16+0200,6e7a462e-9eec-47a6-a2b0-092174843598,2026-07-04T09:15:00Z,2026-07-04T11:15:00+0200,9284.96,MW,BE,BE,forecast_load,Forecasted Load,2026-07-27T14:54:27Z
2026-07-27T14:54:16Z,2026-07-27T16:54:16+0200,6e7a462e-9eec-47a6-a2b0-092174843598,2026-07-04T09:30:00Z,2026-07-04T11:30:00+0200,9362.83,MW,BE,BE,forecast_load,Forecasted Load,2026-07-27T14:54:27Z
2026-07-27T14:54:16Z,2026-07-27T16:54:16+0200,6e7a462e-9eec-47a6-a2b0-092174843598,2026-07-04T09:45:00Z,2026-07-04T11:45:00+0200,9489.88,MW,BE,BE,forecast_load,Forecasted Load,2026-07-27T14:54:27Z
2026-07-27T14:54:16Z,2026-07-27T16:54:16+0200,6e7a462e-9eec-47a6-a2b0-092174843598,2026-07-04T10:00:00Z,2026-07-04T12:00:00+0200,9488.8,MW,BE,BE,forecast_load,Forecasted Load,2026-07-27T14:54:27Z
2026-07-27T14:54:16Z,2026-07-27T16:54:16+0200,6e7a462e-9eec-47a6-a2b0-092174843598,2026-07-04T10:15:00Z,2026-07-04T12:15:00+0200,9642.4,MW,BE,BE,forecast_load,Forecasted Load,2026-07-27T14:54:27Z
2026-07-27T14:54:16Z,2026-07-27T16:54:16+0200,6e7a462e-9eec-47a6-a2b0-092174843598,2026-07-04T10:30:00Z,2026-07-04T12:30:00+0200,9654.87,MW,BE,BE,forecast_load,Forecasted Load,2026-07-27T14:54:27Z
2026-07-27T14:54:16Z,2026-07-27T16:54:16+0200,6e7a462e-9eec-47a6-a2b0-092174843598,2026-07-04T10:45:00Z,2026-07-04T12:45:00+0200,9704.09,MW,BE,BE,forecast_load,Forecasted Load,2026-07-27T14:54:27Z
2026-07-27T14:54:16Z,2026-07-27T16:54:16+0200,6e7a462e-9eec-47a6-a2b0-092174843598,2026-07-04T11:00:00Z,2026-07-04T13:00:00+0200,9672.81,MW,BE,BE,forecast_load,Forecasted Load,2026-07-27T14:54:27Z
2026-07-27T14:54:16Z,2026-07-27T16:54:16+0200,6e7a462e-9eec-47a6-a2b0-092174843598,2026-07-04T11:15:00Z,2026-07-04T13:15:00+0200,9649.08,MW,BE,BE,forecast_load,Forecasted Load,2026-07-27T14:54:27Z
2026-07-27T14:54:16Z,2026-07-27T16:54:16+0200,6e7a462e-9eec-47a6-a2b0-092174843598,2026-07-04T11:30:00Z,2026-07-04T13:30:00+0200,9582.62,MW,BE,BE,forecast_load,Forecasted Load,2026-07-27T14:54:27Z
2026-07-27T14:54:16Z,2026-07-27T16:54:16+0200,6e7a462e-9eec-47a6-a2b0-092174843598,2026-07-04T11:45:00Z,2026-07-04T13:45:00+0200,9443.08,MW,BE,BE,forecast_load,Forecasted Load,2026-07-27T14:54:27Z
2026-07-27T14:54:16Z,2026-07-27T16:54:16+0200,6e7a462e-9eec-47a6-a2b0-092174843598,2026-07-04T12:00:00Z,2026-07-04T14:00:00+0200,9586.33,MW,BE,BE,forecast_load,Forecasted Load,2026-07-27T14:54:27Z
2026-07-27T14:54:16Z,2026-07-27T16:54:16+0200,6e7a462e-9eec-47a6-a2b0-092174843598,2026-07-04T12:15:00Z,2026-07-04T14:15:00+0200,9511.81,MW,BE,BE,forecast_load,Forecasted Load,2026-07-27T14:54:27Z
2026-07-27T14:54:16Z,2026-07-27T16:54:16+0200,6e7a462e-9eec-47a6-a2b0-092174843598,2026-07-04T12:30:00Z,2026-07-04T14:30:00+0200,9348.12,MW,BE,BE,forecast_load,Forecasted Load,2026-07-27T14:54:27Z
2026-07-27T14:54:16Z,2026-07-27T16:54:16+0200,6e7a462e-9eec-47a6-a2b0-092174843598,2026-07-04T12:45:00Z,2026-07-04T14:45:00+0200,9285.87,MW,BE,BE,forecast_load,Forecasted Load,2026-07-27T14:54:27Z
2026-07-27T14:54:16Z,2026-07-27T16:54:16+0200,6e7a462e-9eec-47a6-a2b0-092174843598,2026-07-04T13:00:00Z,2026-07-04T15:00:00+0200,9418.65,MW,BE,BE,forecast_load,Forecasted Load,2026-07-27T14:54:27Z
2026-07-27T14:54:16Z,2026-07-27T16:54:16+0200,6e7a462e-9eec-47a6-a2b0-092174843598,2026-07-04T13:15:00Z,2026-07-04T15:15:00+0200,9301.44,MW,BE,BE,forecast_load,Forecasted Load,2026-07-27T14:54:27Z
2026-07-27T14:54:16Z,2026-07-27T16:54:16+0200,6e7a462e-9eec-47a6-a2b0-092174843598,2026-07-04T13:30:00Z,2026-07-04T15:30:00+0200,9256.54,MW,BE,BE,forecast_load,Forecasted Load,2026-07-27T14:54:27Z
2026-07-27T14:54:16Z,2026-07-27T16:54:16+0200,6e7a462e-9eec-47a6-a2b0-092174843598,2026-07-04T13:45:00Z,2026-07-04T15:45:00+0200,9186.53,MW,BE,BE,forecast_load,Forecasted Load,2026-07-27T14:54:27Z
2026-07-27T14:54:16Z,2026-07-27T16:54:16+0200,6e7a462e-9eec-47a6-a2b0-092174843598,2026-07-04T14:00:00Z,2026-07-04T16:00:00+0200,9244.19,MW,BE,BE,forecast_load,Forecasted Load,2026-07-27T14:54:27Z
2026-07-27T14:54:16Z,2026-07-27T16:54:16+0200,6e7a462e-9eec-47a6-a2b0-092174843598,2026-07-04T14:15:00Z,2026-07-04T16:15:00+0200,9096.84,MW,BE,BE,forecast_load,Forecasted Load,2026-07-27T14:54:27Z
2026-07-27T14:54:16Z,2026-07-27T16:54:16+0200,6e7a462e-9eec-47a6-a2b0-092174843598,2026-07-04T14:30:00Z,2026-07-04T16:30:00+0200,9078.24,MW,BE,BE,forecast_load,Forecasted Load,2026-07-27T14:54:27Z
2026-07-27T14:54:16Z,2026-07-27T16:54:16+0200,6e7a462e-9eec-47a6-a2b0-092174843598,2026-07-04T14:45:00Z,2026-07-04T16:45:00+0200,8985.27,MW,BE,BE,forecast_load,Forecasted Load,2026-07-27T14:54:27Z
2026-07-27T14:54:16Z,2026-07-27T16:54:16+0200,6e7a462e-9eec-47a6-a2b0-092174843598,2026-07-04T15:00:00Z,2026-07-04T17:00:00+0200,9102.26,MW,BE,BE,forecast_load,Forecasted Load,2026-07-27T14:54:27Z
2026-07-27T14:54:16Z,2026-07-27T16:54:16+0200,6e7a462e-9eec-47a6-a2b0-092174843598,2026-07-04T15:15:00Z,2026-07-04T17:15:00+0200,8995.13,MW,BE,BE,forecast_load,Forecasted Load,2026-07-27T14:54:27Z
2026-07-27T14:54:16Z,2026-07-27T16:54:16+0200,6e7a462e-9eec-47a6-a2b0-092174843598,2026-07-04T15:30:00Z,2026-07-04T17:30:00+0200,9071.12,MW,BE,BE,forecast_load,Forecasted Load,2026-07-27T14:54:27Z
2026-07-27T14:54:16Z,2026-07-27T16:54:16+0200,6e7a462e-9eec-47a6-a2b0-092174843598,2026-07-04T15:45:00Z,2026-07-04T17:45:00+0200,9060.19,MW,BE,BE,forecast_load,Forecasted Load,2026-07-27T14:54:27Z
2026-07-27T14:54:16Z,2026-07-27T16:54:16+0200,6e7a462e-9eec-47a6-a2b0-092174843598,2026-07-04T16:00:00Z,2026-07-04T18:00:00+0200,8989.76,MW,BE,BE,forecast_load,Forecasted Load,2026-07-27T14:54:27Z
2026-07-27T14:54:16Z,2026-07-27T16:54:16+0200,6e7a462e-9eec-47a6-a2b0-092174843598,2026-07-04T16:15:00Z,2026-07-04T18:15:00+0200,8967.94,MW,BE,BE,forecast_load,Forecasted Load,2026-07-27T14:54:27Z
2026-07-27T14:54:16Z,2026-07-27T16:54:16+0200,6e7a462e-9eec-47a6-a2b0-092174843598,2026-07-04T16:30:00Z,2026-07-04T18:30:00+0200,8997.4,MW,BE,BE,forecast_load,Forecasted Load,2026-07-27T14:54:27Z
2026-07-27T14:54:16Z,2026-07-27T16:54:16+0200,6e7a462e-9eec-47a6-a2b0-092174843598,2026-07-04T16:45:00Z,2026-07-04T18:45:00+0200,8966.6,MW,BE,BE,forecast_load,Forecasted Load,2026-07-27T14:54:27Z
2026-07-27T14:54:16Z,2026-07-27T16:54:16+0200,6e7a462e-9eec-47a6-a2b0-092174843598,2026-07-04T17:00:00Z,2026-07-04T19:00:00+0200,8901.02,MW,BE,BE,forecast_load,Forecasted Load,2026-07-27T14:54:27Z
2026-07-27T14:54:16Z,2026-07-27T16:54:16+0200,6e7a462e-9eec-47a6-a2b0-092174843598,2026-07-04T17:15:00Z,2026-07-04T19:15:00+0200,8864.02,MW,BE,BE,forecast_load,Forecasted Load,2026-07-27T14:54:27Z
2026-07-27T14:54:16Z,2026-07-27T16:54:16+0200,6e7a462e-9eec-47a6-a2b0-092174843598,2026-07-04T17:30:00Z,2026-07-04T19:30:00+0200,8827.84,MW,BE,BE,forecast_load,Forecasted Load,2026-07-27T14:54:27Z
2026-07-27T14:54:16Z,2026-07-27T16:54:16+0200,6e7a462e-9eec-47a6-a2b0-092174843598,2026-07-04T17:45:00Z,2026-07-04T19:45:00+0200,8763.13,MW,BE,BE,forecast_load,Forecasted Load,2026-07-27T14:54:27Z
2026-07-27T14:54:16Z,2026-07-27T16:54:16+0200,6e7a462e-9eec-47a6-a2b0-092174843598,2026-07-04T18:00:00Z,2026-07-04T20:00:00+0200,8732.67,MW,BE,BE,forecast_load,Forecasted Load,2026-07-27T14:54:27Z
2026-07-27T14:54:16Z,2026-07-27T16:54:16+0200,6e7a462e-9eec-47a6-a2b0-092174843598,2026-07-04T18:15:00Z,2026-07-04T20:15:00+0200,8710.24,MW,BE,BE,forecast_load,Forecasted Load,2026-07-27T14:54:27Z
2026-07-27T14:54:16Z,2026-07-27T16:54:16+0200,6e7a462e-9eec-47a6-a2b0-092174843598,2026-07-04T18:30:00Z,2026-07-04T20:30:00+0200,8633.46,MW,BE,BE,forecast_load,Forecasted Load,2026-07-27T14:54:27Z
2026-07-27T14:54:16Z,2026-07-27T16:54:16+0200,6e7a462e-9eec-47a6-a2b0-092174843598,2026-07-04T18:45:00Z,2026-07-04T20:45:00+0200,8575.0,MW,BE,BE,forecast_load,Forecasted Load,2026-07-27T14:54:27Z
2026-07-27T14:54:16Z,2026-07-27T16:54:16+0200,6e7a462e-9eec-47a6-a2b0-092174843598,2026-07-04T19:00:00Z,2026-07-04T21:00:00+0200,8629.39,MW,BE,BE,forecast_load,Forecasted Load,2026-07-27T14:54:27Z
2026-07-27T14:54:16Z,2026-07-27T16:54:16+0200,6e7a462e-9eec-47a6-a2b0-092174843598,2026-07-04T19:15:00Z,2026-07-04T21:15:00+0200,8594.51,MW,BE,BE,forecast_load,Forecasted Load,2026-07-27T14:54:27Z
2026-07-27T14:54:16Z,2026-07-27T16:54:16+0200,6e7a462e-9eec-47a6-a2b0-092174843598,2026-07-04T19:30:00Z,2026-07-04T21:30:00+0200,8543.69,MW,BE,BE,forecast_load,Forecasted Load,2026-07-27T14:54:27Z
2026-07-27T14:54:16Z,2026-07-27T16:54:16+0200,6e7a462e-9eec-47a6-a2b0-092174843598,2026-07-04T19:45:00Z,2026-07-04T21:45:00+0200,8491.69,MW,BE,BE,forecast_load,Forecasted Load,2026-07-27T14:54:27Z
2026-07-27T14:54:16Z,2026-07-27T16:54:16+0200,6e7a462e-9eec-47a6-a2b0-092174843598,2026-07-04T20:00:00Z,2026-07-04T22:00:00+0200,8685.35,MW,BE,BE,forecast_load,Forecasted Load,2026-07-27T14:54:27Z
2026-07-27T14:54:16Z,2026-07-27T16:54:16+0200,6e7a462e-9eec-47a6-a2b0-092174843598,2026-07-04T20:15:00Z,2026-07-04T22:15:00+0200,8758.89,MW,BE,BE,forecast_load,Forecasted Load,2026-07-27T14:54:27Z
2026-07-27T14:54:16Z,2026-07-27T16:54:16+0200,6e7a462e-9eec-47a6-a2b0-092174843598,2026-07-04T20:30:00Z,2026-07-04T22:30:00+0200,8691.01,MW,BE,BE,forecast_load,Forecasted Load,2026-07-27T14:54:27Z
2026-07-27T14:54:16Z,2026-07-27T16:54:16+0200,6e7a462e-9eec-47a6-a2b0-092174843598,2026-07-04T20:45:00Z,2026-07-04T22:45:00+0200,8695.18,MW,BE,BE,forecast_load,Forecasted Load,2026-07-27T14:54:27Z
2026-07-27T14:54:16Z,2026-07-27T16:54:16+0200,6e7a462e-9eec-47a6-a2b0-092174843598,2026-07-04T21:00:00Z,2026-07-04T23:00:00+0200,8522.0,MW,BE,BE,forecast_load,Forecasted Load,2026-07-27T14:54:27Z
2026-07-27T14:54:16Z,2026-07-27T16:54:16+0200,6e7a462e-9eec-47a6-a2b0-092174843598,2026-07-04T21:15:00Z,2026-07-04T23:15:00+0200,8443.25,MW,BE,BE,forecast_load,Forecasted Load,2026-07-27T14:54:27Z
2026-07-27T14:54:16Z,2026-07-27T16:54:16+0200,6e7a462e-9eec-47a6-a2b0-092174843598,2026-07-04T21:30:00Z,2026-07-04T23:30:00+0200,8337.05,MW,BE,BE,forecast_load,Forecasted Load,2026-07-27T14:54:27Z
2026-07-27T14:54:16Z,2026-07-27T16:54:16+0200,6e7a462e-9eec-47a6-a2b0-092174843598,2026-07-04T21:45:00Z,2026-07-04T23:45:00+0200,8178.18,MW,BE,BE,forecast_load,Forecasted Load,2026-07-27T14:54:27Z
2026-07-27T14:54:16Z,2026-07-27T16:54:16+0200,6e7a462e-9eec-47a6-a2b0-092174843598,2026-07-04T22:00:00Z,2026-07-05T00:00:00+0200,7740.24,MW,BE,BE,forecast_load,Forecasted Load,2026-07-27T14:54:27Z
2026-07-27T14:54:16Z,2026-07-27T16:54:16+0200,6e7a462e-9eec-47a6-a2b0-092174843598,2026-07-04T22:15:00Z,2026-07-05T00:15:00+0200,7670.94,MW,BE,BE,forecast_load,Forecasted Load,2026-07-27T14:54:27Z
2026-07-27T14:54:16Z,2026-07-27T16:54:16+0200,6e7a462e-9eec-47a6-a2b0-092174843598,2026-07-04T22:30:00Z,2026-07-05T00:30:00+0200,7580.75,MW,BE,BE,forecast_load,Forecasted Load,2026-07-27T14:54:27Z
2026-07-27T14:54:16Z,2026-07-27T16:54:16+0200,6e7a462e-9eec-47a6-a2b0-092174843598,2026-07-04T22:45:00Z,2026-07-05T00:45:00+0200,7462.97,MW,BE,BE,forecast_load,Forecasted Load,2026-07-27T14:54:27Z
2026-07-27T14:54:16Z,2026-07-27T16:54:16+0200,6e7a462e-9eec-47a6-a2b0-092174843598,2026-07-04T23:00:00Z,2026-07-05T01:00:00+0200,7360.09,MW,BE,BE,forecast_load,Forecasted Load,2026-07-27T14:54:27Z
2026-07-27T14:54:16Z,2026-07-27T16:54:16+0200,6e7a462e-9eec-47a6-a2b0-092174843598,2026-07-04T23:15:00Z,2026-07-05T01:15:00+0200,7371.73,MW,BE,BE,forecast_load,Forecasted Load,2026-07-27T14:54:27Z
2026-07-27T14:54:16Z,2026-07-27T16:54:16+0200,6e7a462e-9eec-47a6-a2b0-092174843598,2026-07-04T23:30:00Z,2026-07-05T01:30:00+0200,7324.36,MW,BE,BE,forecast_load,Forecasted Load,2026-07-27T14:54:27Z
2026-07-27T14:54:16Z,2026-07-27T16:54:16+0200,6e7a462e-9eec-47a6-a2b0-092174843598,2026-07-04T23:45:00Z,2026-07-05T01:45:00+0200,7277.75,MW,BE,BE,forecast_load,Forecasted Load,2026-07-27T14:54:27Z
2026-07-27T14:54:16Z,2026-07-27T16:54:16+0200,6e7a462e-9eec-47a6-a2b0-092174843598,2026-07-05T00:00:00Z,2026-07-05T02:00:00+0200,7437.03,MW,BE,BE,forecast_load,Forecasted Load,2026-07-27T14:54:27Z
2026-07-27T14:54:16Z,2026-07-27T16:54:16+0200,6e7a462e-9eec-47a6-a2b0-092174843598,2026-07-05T00:15:00Z,2026-07-05T02:15:00+0200,7378.78,MW,BE,BE,forecast_load,Forecasted Load,2026-07-27T14:54:27Z
2026-07-27T14:54:16Z,2026-07-27T16:54:16+0200,6e7a462e-9eec-47a6-a2b0-092174843598,2026-07-05T00:30:00Z,2026-07-05T02:30:00+0200,7323.32,MW,BE,BE,forecast_load,Forecasted Load,2026-07-27T14:54:27Z
2026-07-27T14:54:16Z,2026-07-27T16:54:16+0200,6e7a462e-9eec-47a6-a2b0-092174843598,2026-07-05T00:45:00Z,2026-07-05T02:45:00+0200,7322.62,MW,BE,BE,forecast_load,Forecasted Load,2026-07-27T14:54:27Z
2026-07-27T14:54:16Z,2026-07-27T16:54:16+0200,6e7a462e-9eec-47a6-a2b0-092174843598,2026-07-05T01:00:00Z,2026-07-05T03:00:00+0200,7364.38,MW,BE,BE,forecast_load,Forecasted Load,2026-07-27T14:54:27Z
2026-07-27T14:54:16Z,2026-07-27T16:54:16+0200,6e7a462e-9eec-47a6-a2b0-092174843598,2026-07-05T01:15:00Z,2026-07-05T03:15:00+0200,7285.6,MW,BE,BE,forecast_load,Forecasted Load,2026-07-27T14:54:27Z
2026-07-27T14:54:16Z,2026-07-27T16:54:16+0200,6e7a462e-9eec-47a6-a2b0-092174843598,2026-07-05T01:30:00Z,2026-07-05T03:30:00+0200,7244.09,MW,BE,BE,forecast_load,Forecasted Load,2026-07-27T14:54:27Z
2026-07-27T14:54:16Z,2026-07-27T16:54:16+0200,6e7a462e-9eec-47a6-a2b0-092174843598,2026-07-05T01:45:00Z,2026-07-05T03:45:00+0200,7250.85,MW,BE,BE,forecast_load,Forecasted Load,2026-07-27T14:54:27Z
2026-07-27T14:54:16Z,2026-07-27T16:54:16+0200,6e7a462e-9eec-47a6-a2b0-092174843598,2026-07-05T02:00:00Z,2026-07-05T04:00:00+0200,7297.02,MW,BE,BE,forecast_load,Forecasted Load,2026-07-27T14:54:27Z
2026-07-27T14:54:16Z,2026-07-27T16:54:16+0200,6e7a462e-9eec-47a6-a2b0-092174843598,2026-07-05T02:15:00Z,2026-07-05T04:15:00+0200,7242.71,MW,BE,BE,forecast_load,Forecasted Load,2026-07-27T14:54:27Z
2026-07-27T14:54:16Z,2026-07-27T16:54:16+0200,6e7a462e-9eec-47a6-a2b0-092174843598,2026-07-05T02:30:00Z,2026-07-05T04:30:00+0200,7228.4,MW,BE,BE,forecast_load,Forecasted Load,2026-07-27T14:54:27Z
2026-07-27T14:54:16Z,2026-07-27T16:54:16+0200,6e7a462e-9eec-47a6-a2b0-092174843598,2026-07-05T02:45:00Z,2026-07-05T04:45:00+0200,7201.35,MW,BE,BE,forecast_load,Forecasted Load,2026-07-27T14:54:27Z
2026-07-27T14:54:16Z,2026-07-27T16:54:16+0200,6e7a462e-9eec-47a6-a2b0-092174843598,2026-07-05T03:00:00Z,2026-07-05T05:00:00+0200,7158.89,MW,BE,BE,forecast_load,Forecasted Load,2026-07-27T14:54:27Z
2026-07-27T14:54:16Z,2026-07-27T16:54:16+0200,6e7a462e-9eec-47a6-a2b0-092174843598,2026-07-05T03:15:00Z,2026-07-05T05:15:00+0200,7128.93,MW,BE,BE,forecast_load,Forecasted Load,2026-07-27T14:54:27Z
2026-07-27T14:54:16Z,2026-07-27T16:54:16+0200,6e7a462e-9eec-47a6-a2b0-092174843598,2026-07-05T03:30:00Z,2026-07-05T05:30:00+0200,7094.95,MW,BE,BE,forecast_load,Forecasted Load,2026-07-27T14:54:27Z
2026-07-27T14:54:16Z,2026-07-27T16:54:16+0200,6e7a462e-9eec-47a6-a2b0-092174843598,2026-07-05T03:45:00Z,2026-07-05T05:45:00+0200,7119.79,MW,BE,BE,forecast_load,Forecasted Load,2026-07-27T14:54:27Z
2026-07-27T14:54:16Z,2026-07-27T16:54:16+0200,6e7a462e-9eec-47a6-a2b0-092174843598,2026-07-05T04:00:00Z,2026-07-05T06:00:00+0200,7095.4,MW,BE,BE,forecast_load,Forecasted Load,2026-07-27T14:54:27Z
2026-07-27T14:54:16Z,2026-07-27T16:54:16+0200,6e7a462e-9eec-47a6-a2b0-092174843598,2026-07-05T04:15:00Z,2026-07-05T06:15:00+0200,7106.11,MW,BE,BE,forecast_load,Forecasted Load,2026-07-27T14:54:27Z
2026-07-27T14:54:16Z,2026-07-27T16:54:16+0200,6e7a462e-9eec-47a6-a2b0-092174843598,2026-07-05T04:30:00Z,2026-07-05T06:30:00+0200,7141.85,MW,BE,BE,forecast_load,Forecasted Load,2026-07-27T14:54:27Z
2026-07-27T14:54:16Z,2026-07-27T16:54:16+0200,6e7a462e-9eec-47a6-a2b0-092174843598,2026-07-05T04:45:00Z,2026-07-05T06:45:00+0200,7226.21,MW,BE,BE,forecast_load,Forecasted Load,2026-07-27T14:54:27Z
2026-07-27T14:54:16Z,2026-07-27T16:54:16+0200,6e7a462e-9eec-47a6-a2b0-092174843598,2026-07-05T05:00:00Z,2026-07-05T07:00:00+0200,7363.06,MW,BE,BE,forecast_load,Forecasted Load,2026-07-27T14:54:27Z
2026-07-27T14:54:16Z,2026-07-27T16:54:16+0200,6e7a462e-9eec-47a6-a2b0-092174843598,2026-07-05T05:15:00Z,2026-07-05T07:15:00+0200,7409.98,MW,BE,BE,forecast_load,Forecasted Load,2026-07-27T14:54:27Z
2026-07-27T14:54:16Z,2026-07-27T16:54:16+0200,6e7a462e-9eec-47a6-a2b0-092174843598,2026-07-05T05:30:00Z,2026-07-05T07:30:00+0200,7469.74,MW,BE,BE,forecast_load,Forecasted Load,2026-07-27T14:54:27Z
2026-07-27T14:54:16Z,2026-07-27T16:54:16+0200,6e7a462e-9eec-47a6-a2b0-092174843598,2026-07-05T05:45:00Z,2026-07-05T07:45:00+0200,7519.0,MW,BE,BE,forecast_load,Forecasted Load,2026-07-27T14:54:27Z
2026-07-27T14:54:16Z,2026-07-27T16:54:16+0200,6e7a462e-9eec-47a6-a2b0-092174843598,2026-07-05T06:00:00Z,2026-07-05T08:00:00+0200,7548.55,MW,BE,BE,forecast_load,Forecasted Load,2026-07-27T14:54:27Z
2026-07-27T14:54:16Z,2026-07-27T16:54:16+0200,6e7a462e-9eec-47a6-a2b0-092174843598,2026-07-05T06:15:00Z,2026-07-05T08:15:00+0200,7672.59,MW,BE,BE,forecast_load,Forecasted Load,2026-07-27T14:54:27Z
2026-07-27T14:54:16Z,2026-07-27T16:54:16+0200,6e7a462e-9eec-47a6-a2b0-092174843598,2026-07-05T06:30:00Z,2026-07-05T08:30:00+0200,7800.7,MW,BE,BE,forecast_load,Forecasted Load,2026-07-27T14:54:27Z
2026-07-27T14:54:16Z,2026-07-27T16:54:16+0200,6e7a462e-9eec-47a6-a2b0-092174843598,2026-07-05T06:45:00Z,2026-07-05T08:45:00+0200,7925.32,MW,BE,BE,forecast_load,Forecasted Load,2026-07-27T14:54:27Z
2026-07-27T14:54:16Z,2026-07-27T16:54:16+0200,6e7a462e-9eec-47a6-a2b0-092174843598,2026-07-05T07:00:00Z,2026-07-05T09:00:00+0200,8074.58,MW,BE,BE,forecast_load,Forecasted Load,2026-07-27T14:54:27Z
2026-07-27T14:54:16Z,2026-07-27T16:54:16+0200,6e7a462e-9eec-47a6-a2b0-092174843598,2026-07-05T07:15:00Z,2026-07-05T09:15:00+0200,8216.1,MW,BE,BE,forecast_load,Forecasted Load,2026-07-27T14:54:27Z
2026-07-27T14:54:16Z,2026-07-27T16:54:16+0200,6e7a462e-9eec-47a6-a2b0-092174843598,2026-07-05T07:30:00Z,2026-07-05T09:30:00+0200,8411.03,MW,BE,BE,forecast_load,Forecasted Load,2026-07-27T14:54:27Z
2026-07-27T14:54:16Z,2026-07-27T16:54:16+0200,6e7a462e-9eec-47a6-a2b0-092174843598,2026-07-05T07:45:00Z,2026-07-05T09:45:00+0200,8526.9,MW,BE,BE,forecast_load,Forecasted Load,2026-07-27T14:54:27Z
2026-07-27T14:54:16Z,2026-07-27T16:54:16+0200,6e7a462e-9eec-47a6-a2b0-092174843598,2026-07-05T08:00:00Z,2026-07-05T10:00:00+0200,8530.84,MW,BE,BE,forecast_load,Forecasted Load,2026-07-27T14:54:27Z
2026-07-27T14:54:16Z,2026-07-27T16:54:16+0200,6e7a462e-9eec-47a6-a2b0-092174843598,2026-07-05T08:15:00Z,2026-07-05T10:15:00+0200,8677.77,MW,BE,BE,forecast_load,Forecasted Load,2026-07-27T14:54:27Z
2026-07-27T14:54:16Z,2026-07-27T16:54:16+0200,6e7a462e-9eec-47a6-a2b0-092174843598,2026-07-05T08:30:00Z,2026-07-05T10:30:00+0200,8808.55,MW,BE,BE,forecast_load,Forecasted Load,2026-07-27T14:54:27Z
2026-07-27T14:54:16Z,2026-07-27T16:54:16+0200,6e7a462e-9eec-47a6-a2b0-092174843598,2026-07-05T08:45:00Z,2026-07-05T10:45:00+0200,9019.15,MW,BE,BE,forecast_load,Forecasted Load,2026-07-27T14:54:27Z
2026-07-27T14:54:16Z,2026-07-27T16:54:16+0200,6e7a462e-9eec-47a6-a2b0-092174843598,2026-07-05T09:00:00Z,2026-07-05T11:00:00+0200,8947.56,MW,BE,BE,forecast_load,Forecasted Load,2026-07-27T14:54:27Z
2026-07-27T14:54:16Z,2026-07-27T16:54:16+0200,6e7a462e-9eec-47a6-a2b0-092174843598,2026-07-05T09:15:00Z,2026-07-05T11:15:00+0200,9086.96,MW,BE,BE,forecast_load,Forecasted Load,2026-07-27T14:54:27Z
2026-07-27T14:54:16Z,2026-07-27T16:54:16+0200,6e7a462e-9eec-47a6-a2b0-092174843598,2026-07-05T09:30:00Z,2026-07-05T11:30:00+0200,9226.75,MW,BE,BE,forecast_load,Forecasted Load,2026-07-27T14:54:27Z
2026-07-27T14:54:16Z,2026-07-27T16:54:16+0200,6e7a462e-9eec-47a6-a2b0-092174843598,2026-07-05T09:45:00Z,2026-07-05T11:45:00+0200,9355.91,MW,BE,BE,forecast_load,Forecasted Load,2026-07-27T14:54:27Z
2026-07-27T14:54:16Z,2026-07-27T16:54:16+0200,6e7a462e-9eec-47a6-a2b0-092174843598,2026-07-05T10:00:00Z,2026-07-05T12:00:00+0200,9296.48,MW,BE,BE,forecast_load,Forecasted Load,2026-07-27T14:54:27Z
2026-07-27T14:54:16Z,2026-07-27T16:54:16+0200,6e7a462e-9eec-47a6-a2b0-092174843598,2026-07-05T10:15:00Z,2026-07-05T12:15:00+0200,9299.47,MW,BE,BE,forecast_load,Forecasted Load,2026-07-27T14:54:27Z
2026-07-27T14:54:16Z,2026-07-27T16:54:16+0200,6e7a462e-9eec-47a6-a2b0-092174843598,2026-07-05T10:30:00Z,2026-07-05T12:30:00+0200,9269.53,MW,BE,BE,forecast_load,Forecasted Load,2026-07-27T14:54:27Z
2026-07-27T14:54:16Z,2026-07-27T16:54:16+0200,6e7a462e-9eec-47a6-a2b0-092174843598,2026-07-05T10:45:00Z,2026-07-05T12:45:00+0200,9286.75,MW,BE,BE,forecast_load,Forecasted Load,2026-07-27T14:54:27Z
2026-07-27T14:54:16Z,2026-07-27T16:54:16+0200,6e7a462e-9eec-47a6-a2b0-092174843598,2026-07-05T11:00:00Z,2026-07-05T13:00:00+0200,9325.34,MW,BE,BE,forecast_load,Forecasted Load,2026-07-27T14:54:27Z
2026-07-27T14:54:16Z,2026-07-27T16:54:16+0200,6e7a462e-9eec-47a6-a2b0-092174843598,2026-07-05T11:15:00Z,2026-07-05T13:15:00+0200,9271.89,MW,BE,BE,forecast_load,Forecasted Load,2026-07-27T14:54:27Z
2026-07-27T14:54:16Z,2026-07-27T16:54:16+0200,6e7a462e-9eec-47a6-a2b0-092174843598,2026-07-05T11:30:00Z,2026-07-05T13:30:00+0200,9251.25,MW,BE,BE,forecast_load,Forecasted Load,2026-07-27T14:54:27Z
2026-07-27T14:54:16Z,2026-07-27T16:54:16+0200,6e7a462e-9eec-47a6-a2b0-092174843598,2026-07-05T11:45:00Z,2026-07-05T13:45:00+0200,9112.93,MW,BE,BE,forecast_load,Forecasted Load,2026-07-27T14:54:27Z
2026-07-27T14:54:16Z,2026-07-27T16:54:16+0200,6e7a462e-9eec-47a6-a2b0-092174843598,2026-07-05T12:00:00Z,2026-07-05T14:00:00+0200,9074.48,MW,BE,BE,forecast_load,Forecasted Load,2026-07-27T14:54:27Z
2026-07-27T14:54:16Z,2026-07-27T16:54:16+0200,6e7a462e-9eec-47a6-a2b0-092174843598,2026-07-05T12:15:00Z,2026-07-05T14:15:00+0200,8984.64,MW,BE,BE,forecast_load,Forecasted Load,2026-07-27T14:54:27Z
2026-07-27T14:54:16Z,2026-07-27T16:54:16+0200,6e7a462e-9eec-47a6-a2b0-092174843598,2026-07-05T12:30:00Z,2026-07-05T14:30:00+0200,8891.36,MW,BE,BE,forecast_load,Forecasted Load,2026-07-27T14:54:27Z
2026-07-27T14:54:16Z,2026-07-27T16:54:16+0200,6e7a462e-9eec-47a6-a2b0-092174843598,2026-07-05T12:45:00Z,2026-07-05T14:45:00+0200,8844.5,MW,BE,BE,forecast_load,Forecasted Load,2026-07-27T14:54:27Z
2026-07-27T14:54:16Z,2026-07-27T16:54:16+0200,6e7a462e-9eec-47a6-a2b0-092174843598,2026-07-05T13:00:00Z,2026-07-05T15:00:00+0200,8857.62,MW,BE,BE,forecast_load,Forecasted Load,2026-07-27T14:54:27Z
2026-07-27T14:54:16Z,2026-07-27T16:54:16+0200,6e7a462e-9eec-47a6-a2b0-092174843598,2026-07-05T13:15:00Z,2026-07-05T15:15:00+0200,8691.15,MW,BE,BE,forecast_load,Forecasted Load,2026-07-27T14:54:27Z
2026-07-27T14:54:16Z,2026-07-27T16:54:16+0200,6e7a462e-9eec-47a6-a2b0-092174843598,2026-07-05T13:30:00Z,2026-07-05T15:30:00+0200,8561.61,MW,BE,BE,forecast_load,Forecasted Load,2026-07-27T14:54:27Z
2026-07-27T14:54:16Z,2026-07-27T16:54:16+0200,6e7a462e-9eec-47a6-a2b0-092174843598,2026-07-05T13:45:00Z,2026-07-05T15:45:00+0200,8510.38,MW,BE,BE,forecast_load,Forecasted Load,2026-07-27T14:54:27Z
2026-07-27T14:54:16Z,2026-07-27T16:54:16+0200,6e7a462e-9eec-47a6-a2b0-092174843598,2026-07-05T14:00:00Z,2026-07-05T16:00:00+0200,8641.98,MW,BE,BE,forecast_load,Forecasted Load,2026-07-27T14:54:27Z
2026-07-27T14:54:16Z,2026-07-27T16:54:16+0200,6e7a462e-9eec-47a6-a2b0-092174843598,2026-07-05T14:15:00Z,2026-07-05T16:15:00+0200,8605.06,MW,BE,BE,forecast_load,Forecasted Load,2026-07-27T14:54:27Z
2026-07-27T14:54:16Z,2026-07-27T16:54:16+0200,6e7a462e-9eec-47a6-a2b0-092174843598,2026-07-05T14:30:00Z,2026-07-05T16:30:00+0200,8629.32,MW,BE,BE,forecast_load,Forecasted Load,2026-07-27T14:54:27Z
2026-07-27T14:54:16Z,2026-07-27T16:54:16+0200,6e7a462e-9eec-47a6-a2b0-092174843598,2026-07-05T14:45:00Z,2026-07-05T16:45:00+0200,8561.69,MW,BE,BE,forecast_load,Forecasted Load,2026-07-27T14:54:27Z
2026-07-27T14:54:16Z,2026-07-27T16:54:16+0200,6e7a462e-9eec-47a6-a2b0-092174843598,2026-07-05T15:00:00Z,2026-07-05T17:00:00+0200,8658.75,MW,BE,BE,forecast_load,Forecasted Load,2026-07-27T14:54:27Z
2026-07-27T14:54:16Z,2026-07-27T16:54:16+0200,6e7a462e-9eec-47a6-a2b0-092174843598,2026-07-05T15:15:00Z,2026-07-05T17:15:00+0200,8618.91,MW,BE,BE,forecast_load,Forecasted Load,2026-07-27T14:54:27Z
2026-07-27T14:54:16Z,2026-07-27T16:54:16+0200,6e7a462e-9eec-47a6-a2b0-092174843598,2026-07-05T15:30:00Z,2026-07-05T17:30:00+0200,8702.15,MW,BE,BE,forecast_load,Forecasted Load,2026-07-27T14:54:27Z
2026-07-27T14:54:16Z,2026-07-27T16:54:16+0200,6e7a462e-9eec-47a6-a2b0-092174843598,2026-07-05T15:45:00Z,2026-07-05T17:45:00+0200,8703.05,MW,BE,BE,forecast_load,Forecasted Load,2026-07-27T14:54:27Z
2026-07-27T14:54:16Z,2026-07-27T16:54:16+0200,6e7a462e-9eec-47a6-a2b0-092174843598,2026-07-05T16:00:00Z,2026-07-05T18:00:00+0200,8757.0,MW,BE,BE,forecast_load,Forecasted Load,2026-07-27T14:54:27Z
2026-07-27T14:54:16Z,2026-07-27T16:54:16+0200,6e7a462e-9eec-47a6-a2b0-092174843598,2026-07-05T16:15:00Z,2026-07-05T18:15:00+0200,8763.86,MW,BE,BE,forecast_load,Forecasted Load,2026-07-27T14:54:27Z
2026-07-27T14:54:16Z,2026-07-27T16:54:16+0200,6e7a462e-9eec-47a6-a2b0-092174843598,2026-07-05T16:30:00Z,2026-07-05T18:30:00+0200,8818.64,MW,BE,BE,forecast_load,Forecasted Load,2026-07-27T14:54:27Z
2026-07-27T14:54:16Z,2026-07-27T16:54:16+0200,6e7a462e-9eec-47a6-a2b0-092174843598,2026-07-05T16:45:00Z,2026-07-05T18:45:00+0200,8747.79,MW,BE,BE,forecast_load,Forecasted Load,2026-07-27T14:54:27Z
2026-07-27T14:54:16Z,2026-07-27T16:54:16+0200,6e7a462e-9eec-47a6-a2b0-092174843598,2026-07-05T17:00:00Z,2026-07-05T19:00:00+0200,8961.83,MW,BE,BE,forecast_load,Forecasted Load,2026-07-27T14:54:27Z
2026-07-27T14:54:16Z,2026-07-27T16:54:16+0200,6e7a462e-9eec-47a6-a2b0-092174843598,2026-07-05T17:15:00Z,2026-07-05T19:15:00+0200,8967.83,MW,BE,BE,forecast_load,Forecasted Load,2026-07-27T14:54:27Z
2026-07-27T14:54:16Z,2026-07-27T16:54:16+0200,6e7a462e-9eec-47a6-a2b0-092174843598,2026-07-05T17:30:00Z,2026-07-05T19:30:00+0200,8977.2,MW,BE,BE,forecast_load,Forecasted Load,2026-07-27T14:54:27Z
2026-07-27T14:54:16Z,2026-07-27T16:54:16+0200,6e7a462e-9eec-47a6-a2b0-092174843598,2026-07-05T17:45:00Z,2026-07-05T19:45:00+0200,9013.5,MW,BE,BE,forecast_load,Forecasted Load,2026-07-27T14:54:27Z
2026-07-27T14:54:16Z,2026-07-27T16:54:16+0200,6e7a462e-9eec-47a6-a2b0-092174843598,2026-07-05T18:00:00Z,2026-07-05T20:00:00+0200,9027.02,MW,BE,BE,forecast_load,Forecasted Load,2026-07-27T14:54:27Z
2026-07-27T14:54:16Z,2026-07-27T16:54:16+0200,6e7a462e-9eec-47a6-a2b0-092174843598,2026-07-05T18:15:00Z,2026-07-05T20:15:00+0200,8971.94,MW,BE,BE,forecast_load,Forecasted Load,2026-07-27T14:54:27Z
2026-07-27T14:54:16Z,2026-07-27T16:54:16+0200,6e7a462e-9eec-47a6-a2b0-092174843598,2026-07-05T18:30:00Z,2026-07-05T20:30:00+0200,8912.24,MW,BE,BE,forecast_load,Forecasted Load,2026-07-27T14:54:27Z
2026-07-27T14:54:16Z,2026-07-27T16:54:16+0200,6e7a462e-9eec-47a6-a2b0-092174843598,2026-07-05T18:45:00Z,2026-07-05T20:45:00+0200,8801.82,MW,BE,BE,forecast_load,Forecasted Load,2026-07-27T14:54:27Z
2026-07-27T14:54:16Z,2026-07-27T16:54:16+0200,6e7a462e-9eec-47a6-a2b0-092174843598,2026-07-05T19:00:00Z,2026-07-05T21:00:00+0200,8764.24,MW,BE,BE,forecast_load,Forecasted Load,2026-07-27T14:54:27Z
2026-07-27T14:54:16Z,2026-07-27T16:54:16+0200,6e7a462e-9eec-47a6-a2b0-092174843598,2026-07-05T19:15:00Z,2026-07-05T21:15:00+0200,8729.3,MW,BE,BE,forecast_load,Forecasted Load,2026-07-27T14:54:27Z
2026-07-27T14:54:16Z,2026-07-27T16:54:16+0200,6e7a462e-9eec-47a6-a2b0-092174843598,2026-07-05T19:30:00Z,2026-07-05T21:30:00+0200,8679.12,MW,BE,BE,forecast_load,Forecasted Load,2026-07-27T14:54:27Z
2026-07-27T14:54:16Z,2026-07-27T16:54:16+0200,6e7a462e-9eec-47a6-a2b0-092174843598,2026-07-05T19:45:00Z,2026-07-05T21:45:00+0200,8669.81,MW,BE,BE,forecast_load,Forecasted Load,2026-07-27T14:54:27Z
2026-07-27T14:54:16Z,2026-07-27T16:54:16+0200,6e7a462e-9eec-47a6-a2b0-092174843598,2026-07-05T20:00:00Z,2026-07-05T22:00:00+0200,8702.49,MW,BE,BE,forecast_load,Forecasted Load,2026-07-27T14:54:27Z
2026-07-27T14:54:16Z,2026-07-27T16:54:16+0200,6e7a462e-9eec-47a6-a2b0-092174843598,2026-07-05T20:15:00Z,2026-07-05T22:15:00+0200,8787.11,MW,BE,BE,forecast_load,Forecasted Load,2026-07-27T14:54:27Z
2026-07-27T14:54:16Z,2026-07-27T16:54:16+0200,6e7a462e-9eec-47a6-a2b0-092174843598,2026-07-05T20:30:00Z,2026-07-05T22:30:00+0200,8704.02,MW,BE,BE,forecast_load,Forecasted Load,2026-07-27T14:54:27Z
2026-07-27T14:54:16Z,2026-07-27T16:54:16+0200,6e7a462e-9eec-47a6-a2b0-092174843598,2026-07-05T20:45:00Z,2026-07-05T22:45:00+0200,8639.46,MW,BE,BE,forecast_load,Forecasted Load,2026-07-27T14:54:27Z
2026-07-27T14:54:16Z,2026-07-27T16:54:16+0200,6e7a462e-9eec-47a6-a2b0-092174843598,2026-07-05T21:00:00Z,2026-07-05T23:00:00+0200,8495.37,MW,BE,BE,forecast_load,Forecasted Load,2026-07-27T14:54:27Z
2026-07-27T14:54:16Z,2026-07-27T16:54:16+0200,6e7a462e-9eec-47a6-a2b0-092174843598,2026-07-05T21:15:00Z,2026-07-05T23:15:00+0200,8364.34,MW,BE,BE,forecast_load,Forecasted Load,2026-07-27T14:54:27Z
2026-07-27T14:54:16Z,2026-07-27T16:54:16+0200,6e7a462e-9eec-47a6-a2b0-092174843598,2026-07-05T21:30:00Z,2026-07-05T23:30:00+0200,8285.07,MW,BE,BE,forecast_load,Forecasted Load,2026-07-27T14:54:27Z
2026-07-27T14:54:16Z,2026-07-27T16:54:16+0200,6e7a462e-9eec-47a6-a2b0-092174843598,2026-07-05T21:45:00Z,2026-07-05T23:45:00+0200,8211.29,MW,BE,BE,forecast_load,Forecasted Load,2026-07-27T14:54:27Z
2026-07-27T14:54:16Z,2026-07-27T16:54:16+0200,6e7a462e-9eec-47a6-a2b0-092174843598,2026-07-05T22:00:00Z,2026-07-06T00:00:00+0200,7830.14,MW,BE,BE,forecast_load,Forecasted Load,2026-07-27T14:54:27Z
2026-07-27T14:54:16Z,2026-07-27T16:54:16+0200,6e7a462e-9eec-47a6-a2b0-092174843598,2026-07-05T22:15:00Z,2026-07-06T00:15:00+0200,7777.11,MW,BE,BE,forecast_load,Forecasted Load,2026-07-27T14:54:27Z
2026-07-27T14:54:16Z,2026-07-27T16:54:16+0200,6e7a462e-9eec-47a6-a2b0-092174843598,2026-07-05T22:30:00Z,2026-07-06T00:30:00+0200,7668.08,MW,BE,BE,forecast_load,Forecasted Load,2026-07-27T14:54:27Z
2026-07-27T14:54:16Z,2026-07-27T16:54:16+0200,6e7a462e-9eec-47a6-a2b0-092174843598,2026-07-05T22:45:00Z,2026-07-06T00:45:00+0200,7651.21,MW,BE,BE,forecast_load,Forecasted Load,2026-07-27T14:54:27Z
2026-07-27T14:54:16Z,2026-07-27T16:54:16+0200,6e7a462e-9eec-47a6-a2b0-092174843598,2026-07-05T23:00:00Z,2026-07-06T01:00:00+0200,7556.23,MW,BE,BE,forecast_load,Forecasted Load,2026-07-27T14:54:27Z
2026-07-27T14:54:16Z,2026-07-27T16:54:16+0200,6e7a462e-9eec-47a6-a2b0-092174843598,2026-07-05T23:15:00Z,2026-07-06T01:15:00+0200,7493.66,MW,BE,BE,forecast_load,Forecasted Load,2026-07-27T14:54:27Z
2026-07-27T14:54:16Z,2026-07-27T16:54:16+0200,6e7a462e-9eec-47a6-a2b0-092174843598,2026-07-05T23:30:00Z,2026-07-06T01:30:00+0200,7462.26,MW,BE,BE,forecast_load,Forecasted Load,2026-07-27T14:54:27Z
2026-07-27T14:54:16Z,2026-07-27T16:54:16+0200,6e7a462e-9eec-47a6-a2b0-092174843598,2026-07-05T23:45:00Z,2026-07-06T01:45:00+0200,7384.88,MW,BE,BE,forecast_load,Forecasted Load,2026-07-27T14:54:27Z
2026-07-27T14:54:16Z,2026-07-27T16:54:16+0200,6e7a462e-9eec-47a6-a2b0-092174843598,2026-07-06T00:00:00Z,2026-07-06T02:00:00+0200,7469.75,MW,BE,BE,forecast_load,Forecasted Load,2026-07-27T14:54:27Z
2026-07-27T14:54:16Z,2026-07-27T16:54:16+0200,6e7a462e-9eec-47a6-a2b0-092174843598,2026-07-06T00:15:00Z,2026-07-06T02:15:00+0200,7434.87,MW,BE,BE,forecast_load,Forecasted Load,2026-07-27T14:54:27Z
2026-07-27T14:54:16Z,2026-07-27T16:54:16+0200,6e7a462e-9eec-47a6-a2b0-092174843598,2026-07-06T00:30:00Z,2026-07-06T02:30:00+0200,7410.69,MW,BE,BE,forecast_load,Forecasted Load,2026-07-27T14:54:27Z
2026-07-27T14:54:16Z,2026-07-27T16:54:16+0200,6e7a462e-9eec-47a6-a2b0-092174843598,2026-07-06T00:45:00Z,2026-07-06T02:45:00+0200,7416.15,MW,BE,BE,forecast_load,Forecasted Load,2026-07-27T14:54:27Z
2026-07-27T14:54:16Z,2026-07-27T16:54:16+0200,6e7a462e-9eec-47a6-a2b0-092174843598,2026-07-06T01:00:00Z,2026-07-06T03:00:00+0200,7375.51,MW,BE,BE,forecast_load,Forecasted Load,2026-07-27T14:54:27Z
2026-07-27T14:54:16Z,2026-07-27T16:54:16+0200,6e7a462e-9eec-47a6-a2b0-092174843598,2026-07-06T01:15:00Z,2026-07-06T03:15:00+0200,7362.61,MW,BE,BE,forecast_load,Forecasted Load,2026-07-27T14:54:27Z
2026-07-27T14:54:16Z,2026-07-27T16:54:16+0200,6e7a462e-9eec-47a6-a2b0-092174843598,2026-07-06T01:30:00Z,2026-07-06T03:30:00+0200,7336.6,MW,BE,BE,forecast_load,Forecasted Load,2026-07-27T14:54:27Z
2026-07-27T14:54:16Z,2026-07-27T16:54:16+0200,6e7a462e-9eec-47a6-a2b0-092174843598,2026-07-06T01:45:00Z,2026-07-06T03:45:00+0200,7331.46,MW,BE,BE,forecast_load,Forecasted Load,2026-07-27T14:54:27Z
2026-07-27T14:54:16Z,2026-07-27T16:54:16+0200,6e7a462e-9eec-47a6-a2b0-092174843598,2026-07-06T02:00:00Z,2026-07-06T04:00:00+0200,7394.63,MW,BE,BE,forecast_load,Forecasted Load,2026-07-27T14:54:27Z
2026-07-27T14:54:16Z,2026-07-27T16:54:16+0200,6e7a462e-9eec-47a6-a2b0-092174843598,2026-07-06T02:15:00Z,2026-07-06T04:15:00+0200,7350.3,MW,BE,BE,forecast_load,Forecasted Load,2026-07-27T14:54:27Z
2026-07-27T14:54:16Z,2026-07-27T16:54:16+0200,6e7a462e-9eec-47a6-a2b0-092174843598,2026-07-06T02:30:00Z,2026-07-06T04:30:00+0200,7371.46,MW,BE,BE,forecast_load,Forecasted Load,2026-07-27T14:54:27Z
2026-07-27T14:54:16Z,2026-07-27T16:54:16+0200,6e7a462e-9eec-47a6-a2b0-092174843598,2026-07-06T02:45:00Z,2026-07-06T04:45:00+0200,7444.04,MW,BE,BE,forecast_load,Forecasted Load,2026-07-27T14:54:27Z
2026-07-27T14:54:16Z,2026-07-27T16:54:16+0200,6e7a462e-9eec-47a6-a2b0-092174843598,2026-07-06T03:00:00Z,2026-07-06T05:00:00+0200,7562.45,MW,BE,BE,forecast_load,Forecasted Load,2026-07-27T14:54:27Z
2026-07-27T14:54:16Z,2026-07-27T16:54:16+0200,6e7a462e-9eec-47a6-a2b0-092174843598,2026-07-06T03:15:00Z,2026-07-06T05:15:00+0200,7600.98,MW,BE,BE,forecast_load,Forecasted Load,2026-07-27T14:54:27Z
2026-07-27T14:54:16Z,2026-07-27T16:54:16+0200,6e7a462e-9eec-47a6-a2b0-092174843598,2026-07-06T03:30:00Z,2026-07-06T05:30:00+0200,7647.95,MW,BE,BE,forecast_load,Forecasted Load,2026-07-27T14:54:27Z
2026-07-27T14:54:16Z,2026-07-27T16:54:16+0200,6e7a462e-9eec-47a6-a2b0-092174843598,2026-07-06T03:45:00Z,2026-07-06T05:45:00+0200,7751.43,MW,BE,BE,forecast_load,Forecasted Load,2026-07-27T14:54:27Z
2026-07-27T14:54:16Z,2026-07-27T16:54:16+0200,6e7a462e-9eec-47a6-a2b0-092174843598,2026-07-06T04:00:00Z,2026-07-06T06:00:00+0200,7936.67,MW,BE,BE,forecast_load,Forecasted Load,2026-07-27T14:54:27Z
2026-07-27T14:54:16Z,2026-07-27T16:54:16+0200,6e7a462e-9eec-47a6-a2b0-092174843598,2026-07-06T04:15:00Z,2026-07-06T06:15:00+0200,8135.47,MW,BE,BE,forecast_load,Forecasted Load,2026-07-27T14:54:27Z
2026-07-27T14:54:16Z,2026-07-27T16:54:16+0200,6e7a462e-9eec-47a6-a2b0-092174843598,2026-07-06T04:30:00Z,2026-07-06T06:30:00+0200,8341.14,MW,BE,BE,forecast_load,Forecasted Load,2026-07-27T14:54:27Z
2026-07-27T14:54:16Z,2026-07-27T16:54:16+0200,6e7a462e-9eec-47a6-a2b0-092174843598,2026-07-06T04:45:00Z,2026-07-06T06:45:00+0200,8547.05,MW,BE,BE,forecast_load,Forecasted Load,2026-07-27T14:54:27Z
2026-07-27T14:54:16Z,2026-07-27T16:54:16+0200,6e7a462e-9eec-47a6-a2b0-092174843598,2026-07-06T05:00:00Z,2026-07-06T07:00:00+0200,8707.91,MW,BE,BE,forecast_load,Forecasted Load,2026-07-27T14:54:27Z
2026-07-27T14:54:16Z,2026-07-27T16:54:16+0200,6e7a462e-9eec-47a6-a2b0-092174843598,2026-07-06T05:15:00Z,2026-07-06T07:15:00+0200,8928.55,MW,BE,BE,forecast_load,Forecasted Load,2026-07-27T14:54:27Z
2026-07-27T14:54:16Z,2026-07-27T16:54:16+0200,6e7a462e-9eec-47a6-a2b0-092174843598,2026-07-06T05:30:00Z,2026-07-06T07:30:00+0200,9143.5,MW,BE,BE,forecast_load,Forecasted Load,2026-07-27T14:54:27Z
2026-07-27T14:54:16Z,2026-07-27T16:54:16+0200,6e7a462e-9eec-47a6-a2b0-092174843598,2026-07-06T05:45:00Z,2026-07-06T07:45:00+0200,9353.38,MW,BE,BE,forecast_load,Forecasted Load,2026-07-27T14:54:27Z
2026-07-27T14:54:16Z,2026-07-27T16:54:16+0200,6e7a462e-9eec-47a6-a2b0-092174843598,2026-07-06T06:00:00Z,2026-07-06T08:00:00+0200,9500.99,MW,BE,BE,forecast_load,Forecasted Load,2026-07-27T14:54:27Z
2026-07-27T14:54:16Z,2026-07-27T16:54:16+0200,6e7a462e-9eec-47a6-a2b0-092174843598,2026-07-06T06:15:00Z,2026-07-06T08:15:00+0200,9679.09,MW,BE,BE,forecast_load,Forecasted Load,2026-07-27T14:54:27Z
2026-07-27T14:54:16Z,2026-07-27T16:54:16+0200,6e7a462e-9eec-47a6-a2b0-092174843598,2026-07-06T06:30:00Z,2026-07-06T08:30:00+0200,9826.39,MW,BE,BE,forecast_load,Forecasted Load,2026-07-27T14:54:27Z
2026-07-27T14:54:16Z,2026-07-27T16:54:16+0200,6e7a462e-9eec-47a6-a2b0-092174843598,2026-07-06T06:45:00Z,2026-07-06T08:45:00+0200,9970.52,MW,BE,BE,forecast_load,Forecasted Load,2026-07-27T14:54:27Z
2026-07-27T14:54:16Z,2026-07-27T16:54:16+0200,6e7a462e-9eec-47a6-a2b0-092174843598,2026-07-06T07:00:00Z,2026-07-06T09:00:00+0200,10078.62,MW,BE,BE,forecast_load,Forecasted Load,2026-07-27T14:54:27Z
2026-07-27T14:54:16Z,2026-07-27T16:54:16+0200,6e7a462e-9eec-47a6-a2b0-092174843598,2026-07-06T07:15:00Z,2026-07-06T09:15:00+0200,10213.54,MW,BE,BE,forecast_load,Forecasted Load,2026-07-27T14:54:27Z
2026-07-27T14:54:16Z,2026-07-27T16:54:16+0200,6e7a462e-9eec-47a6-a2b0-092174843598,2026-07-06T07:30:00Z,2026-07-06T09:30:00+0200,10343.97,MW,BE,BE,forecast_load,Forecasted Load,2026-07-27T14:54:27Z
2026-07-27T14:54:16Z,2026-07-27T16:54:16+0200,6e7a462e-9eec-47a6-a2b0-092174843598,2026-07-06T07:45:00Z,2026-07-06T09:45:00+0200,10432.48,MW,BE,BE,forecast_load,Forecasted Load,2026-07-27T14:54:27Z
2026-07-27T14:54:16Z,2026-07-27T16:54:16+0200,6e7a462e-9eec-47a6-a2b0-092174843598,2026-07-06T08:00:00Z,2026-07-06T10:00:00+0200,10382.0,MW,BE,BE,forecast_load,Forecasted Load,2026-07-27T14:54:27Z
2026-07-27T14:54:16Z,2026-07-27T16:54:16+0200,6e7a462e-9eec-47a6-a2b0-092174843598,2026-07-06T08:15:00Z,2026-07-06T10:15:00+0200,10370.15,MW,BE,BE,forecast_load,Forecasted Load,2026-07-27T14:54:27Z
2026-07-27T14:54:16Z,2026-07-27T16:54:16+0200,6e7a462e-9eec-47a6-a2b0-092174843598,2026-07-06T08:30:00Z,2026-07-06T10:30:00+0200,10407.93,MW,BE,BE,forecast_load,Forecasted Load,2026-07-27T14:54:27Z
2026-07-27T14:54:16Z,2026-07-27T16:54:16+0200,6e7a462e-9eec-47a6-a2b0-092174843598,2026-07-06T08:45:00Z,2026-07-06T10:45:00+0200,10497.84,MW,BE,BE,forecast_load,Forecasted Load,2026-07-27T14:54:27Z
2026-07-27T14:54:16Z,2026-07-27T16:54:16+0200,6e7a462e-9eec-47a6-a2b0-092174843598,2026-07-06T09:00:00Z,2026-07-06T11:00:00+0200,10475.31,MW,BE,BE,forecast_load,Forecasted Load,2026-07-27T14:54:27Z
2026-07-27T14:54:16Z,2026-07-27T16:54:16+0200,6e7a462e-9eec-47a6-a2b0-092174843598,2026-07-06T09:15:00Z,2026-07-06T11:15:00+0200,10526.96,MW,BE,BE,forecast_load,Forecasted Load,2026-07-27T14:54:27Z
2026-07-27T14:54:16Z,2026-07-27T16:54:16+0200,6e7a462e-9eec-47a6-a2b0-092174843598,2026-07-06T09:30:00Z,2026-07-06T11:30:00+0200,10604.1,MW,BE,BE,forecast_load,Forecasted Load,2026-07-27T14:54:27Z
2026-07-27T14:54:16Z,2026-07-27T16:54:16+0200,6e7a462e-9eec-47a6-a2b0-092174843598,2026-07-06T09:45:00Z,2026-07-06T11:45:00+0200,10668.91,MW,BE,BE,forecast_load,Forecasted Load,2026-07-27T14:54:27Z
2026-07-27T14:54:16Z,2026-07-27T16:54:16+0200,6e7a462e-9eec-47a6-a2b0-092174843598,2026-07-06T10:00:00Z,2026-07-06T12:00:00+0200,10536.52,MW,BE,BE,forecast_load,Forecasted Load,2026-07-27T14:54:27Z
2026-07-27T14:54:16Z,2026-07-27T16:54:16+0200,6e7a462e-9eec-47a6-a2b0-092174843598,2026-07-06T10:15:00Z,2026-07-06T12:15:00+0200,10507.55,MW,BE,BE,forecast_load,Forecasted Load,2026-07-27T14:54:27Z
2026-07-27T14:54:16Z,2026-07-27T16:54:16+0200,6e7a462e-9eec-47a6-a2b0-092174843598,2026-07-06T10:30:00Z,2026-07-06T12:30:00+0200,10572.83,MW,BE,BE,forecast_load,Forecasted Load,2026-07-27T14:54:27Z
2026-07-27T14:54:16Z,2026-07-27T16:54:16+0200,6e7a462e-9eec-47a6-a2b0-092174843598,2026-07-06T10:45:00Z,2026-07-06T12:45:00+0200,10626.96,MW,BE,BE,forecast_load,Forecasted Load,2026-07-27T14:54:27Z
2026-07-27T14:54:16Z,2026-07-27T16:54:16+0200,6e7a462e-9eec-47a6-a2b0-092174843598,2026-07-06T11:00:00Z,2026-07-06T13:00:00+0200,10651.12,MW,BE,BE,forecast_load,Forecasted Load,2026-07-27T14:54:27Z
2026-07-27T14:54:16Z,2026-07-27T16:54:16+0200,6e7a462e-9eec-47a6-a2b0-092174843598,2026-07-06T11:15:00Z,2026-07-06T13:15:00+0200,10679.01,MW,BE,BE,forecast_load,Forecasted Load,2026-07-27T14:54:27Z
2026-07-27T14:54:16Z,2026-07-27T16:54:16+0200,6e7a462e-9eec-47a6-a2b0-092174843598,2026-07-06T11:30:00Z,2026-07-06T13:30:00+0200,10673.89,MW,BE,BE,forecast_load,Forecasted Load,2026-07-27T14:54:27Z
2026-07-27T14:54:16Z,2026-07-27T16:54:16+0200,6e7a462e-9eec-47a6-a2b0-092174843598,2026-07-06T11:45:00Z,2026-07-06T13:45:00+0200,10635.36,MW,BE,BE,forecast_load,Forecasted Load,2026-07-27T14:54:27Z
2026-07-27T14:54:16Z,2026-07-27T16:54:16+0200,6e7a462e-9eec-47a6-a2b0-092174843598,2026-07-06T12:00:00Z,2026-07-06T14:00:00+0200,10626.65,MW,BE,BE,forecast_load,Forecasted Load,2026-07-27T14:54:27Z
2026-07-27T14:54:16Z,2026-07-27T16:54:16+0200,6e7a462e-9eec-47a6-a2b0-092174843598,2026-07-06T12:15:00Z,2026-07-06T14:15:00+0200,10482.07,MW,BE,BE,forecast_load,Forecasted Load,2026-07-27T14:54:27Z
2026-07-27T14:54:16Z,2026-07-27T16:54:16+0200,6e7a462e-9eec-47a6-a2b0-092174843598,2026-07-06T12:30:00Z,2026-07-06T14:30:00+0200,10414.65,MW,BE,BE,forecast_load,Forecasted Load,2026-07-27T14:54:27Z
2026-07-27T14:54:16Z,2026-07-27T16:54:16+0200,6e7a462e-9eec-47a6-a2b0-092174843598,2026-07-06T12:45:00Z,2026-07-06T14:45:00+0200,10379.83,MW,BE,BE,forecast_load,Forecasted Load,2026-07-27T14:54:27Z
2026-07-27T14:54:16Z,2026-07-27T16:54:16+0200,6e7a462e-9eec-47a6-a2b0-092174843598,2026-07-06T13:00:00Z,2026-07-06T15:00:00+0200,10304.91,MW,BE,BE,forecast_load,Forecasted Load,2026-07-27T14:54:27Z
2026-07-27T14:54:16Z,2026-07-27T16:54:16+0200,6e7a462e-9eec-47a6-a2b0-092174843598,2026-07-06T13:15:00Z,2026-07-06T15:15:00+0200,10161.4,MW,BE,BE,forecast_load,Forecasted Load,2026-07-27T14:54:27Z
2026-07-27T14:54:16Z,2026-07-27T16:54:16+0200,6e7a462e-9eec-47a6-a2b0-092174843598,2026-07-06T13:30:00Z,2026-07-06T15:30:00+0200,10031.92,MW,BE,BE,forecast_load,Forecasted Load,2026-07-27T14:54:27Z
2026-07-27T14:54:16Z,2026-07-27T16:54:16+0200,6e7a462e-9eec-47a6-a2b0-092174843598,2026-07-06T13:45:00Z,2026-07-06T15:45:00+0200,9965.47,MW,BE,BE,forecast_load,Forecasted Load,2026-07-27T14:54:27Z
2026-07-27T14:54:16Z,2026-07-27T16:54:16+0200,6e7a462e-9eec-47a6-a2b0-092174843598,2026-07-06T14:00:00Z,2026-07-06T16:00:00+0200,9990.4,MW,BE,BE,forecast_load,Forecasted Load,2026-07-27T14:54:27Z
2026-07-27T14:54:16Z,2026-07-27T16:54:16+0200,6e7a462e-9eec-47a6-a2b0-092174843598,2026-07-06T14:15:00Z,2026-07-06T16:15:00+0200,9845.12,MW,BE,BE,forecast_load,Forecasted Load,2026-07-27T14:54:27Z
2026-07-27T14:54:16Z,2026-07-27T16:54:16+0200,6e7a462e-9eec-47a6-a2b0-092174843598,2026-07-06T14:30:00Z,2026-07-06T16:30:00+0200,9798.88,MW,BE,BE,forecast_load,Forecasted Load,2026-07-27T14:54:27Z
2026-07-27T14:54:16Z,2026-07-27T16:54:16+0200,6e7a462e-9eec-47a6-a2b0-092174843598,2026-07-06T14:45:00Z,2026-07-06T16:45:00+0200,9813.68,MW,BE,BE,forecast_load,Forecasted Load,2026-07-27T14:54:27Z
2026-07-27T14:54:16Z,2026-07-27T16:54:16+0200,6e7a462e-9eec-47a6-a2b0-092174843598,2026-07-06T15:00:00Z,2026-07-06T17:00:00+0200,9849.88,MW,BE,BE,forecast_load,Forecasted Load,2026-07-27T14:54:27Z
2026-07-27T14:54:16Z,2026-07-27T16:54:16+0200,6e7a462e-9eec-47a6-a2b0-092174843598,2026-07-06T15:15:00Z,2026-07-06T17:15:00+0200,9766.71,MW,BE,BE,forecast_load,Forecasted Load,2026-07-27T14:54:27Z
2026-07-27T14:54:16Z,2026-07-27T16:54:16+0200,6e7a462e-9eec-47a6-a2b0-092174843598,2026-07-06T15:30:00Z,2026-07-06T17:30:00+0200,9831.28,MW,BE,BE,forecast_load,Forecasted Load,2026-07-27T14:54:27Z
2026-07-27T14:54:16Z,2026-07-27T16:54:16+0200,6e7a462e-9eec-47a6-a2b0-092174843598,2026-07-06T15:45:00Z,2026-07-06T17:45:00+0200,9828.37,MW,BE,BE,forecast_load,Forecasted Load,2026-07-27T14:54:27Z
2026-07-27T14:54:16Z,2026-07-27T16:54:16+0200,6e7a462e-9eec-47a6-a2b0-092174843598,2026-07-06T16:00:00Z,2026-07-06T18:00:00+0200,9842.98,MW,BE,BE,forecast_load,Forecasted Load,2026-07-27T14:54:27Z
2026-07-27T14:54:16Z,2026-07-27T16:54:16+0200,6e7a462e-9eec-47a6-a2b0-092174843598,2026-07-06T16:15:00Z,2026-07-06T18:15:00+0200,9826.07,MW,BE,BE,forecast_load,Forecasted Load,2026-07-27T14:54:27Z
2026-07-27T14:54:16Z,2026-07-27T16:54:16+0200,6e7a462e-9eec-47a6-a2b0-092174843598,2026-07-06T16:30:00Z,2026-07-06T18:30:00+0200,9814.03,MW,BE,BE,forecast_load,Forecasted Load,2026-07-27T14:54:27Z
2026-07-27T14:54:16Z,2026-07-27T16:54:16+0200,6e7a462e-9eec-47a6-a2b0-092174843598,2026-07-06T16:45:00Z,2026-07-06T18:45:00+0200,9826.25,MW,BE,BE,forecast_load,Forecasted Load,2026-07-27T14:54:27Z
2026-07-27T14:54:16Z,2026-07-27T16:54:16+0200,6e7a462e-9eec-47a6-a2b0-092174843598,2026-07-06T17:00:00Z,2026-07-06T19:00:00+0200,9838.49,MW,BE,BE,forecast_load,Forecasted Load,2026-07-27T14:54:27Z
2026-07-27T14:54:16Z,2026-07-27T16:54:16+0200,6e7a462e-9eec-47a6-a2b0-092174843598,2026-07-06T17:15:00Z,2026-07-06T19:15:00+0200,9796.24,MW,BE,BE,forecast_load,Forecasted Load,2026-07-27T14:54:27Z
2026-07-27T14:54:16Z,2026-07-27T16:54:16+0200,6e7a462e-9eec-47a6-a2b0-092174843598,2026-07-06T17:30:00Z,2026-07-06T19:30:00+0200,9722.23,MW,BE,BE,forecast_load,Forecasted Load,2026-07-27T14:54:27Z
2026-07-27T14:54:16Z,2026-07-27T16:54:16+0200,6e7a462e-9eec-47a6-a2b0-092174843598,2026-07-06T17:45:00Z,2026-07-06T19:45:00+0200,9582.29,MW,BE,BE,forecast_load,Forecasted Load,2026-07-27T14:54:27Z
2026-07-27T14:54:16Z,2026-07-27T16:54:16+0200,6e7a462e-9eec-47a6-a2b0-092174843598,2026-07-06T18:00:00Z,2026-07-06T20:00:00+0200,9549.47,MW,BE,BE,forecast_load,Forecasted Load,2026-07-27T14:54:27Z
2026-07-27T14:54:16Z,2026-07-27T16:54:16+0200,6e7a462e-9eec-47a6-a2b0-092174843598,2026-07-06T18:15:00Z,2026-07-06T20:15:00+0200,9443.44,MW,BE,BE,forecast_load,Forecasted Load,2026-07-27T14:54:27Z
2026-07-27T14:54:16Z,2026-07-27T16:54:16+0200,6e7a462e-9eec-47a6-a2b0-092174843598,2026-07-06T18:30:00Z,2026-07-06T20:30:00+0200,9347.01,MW,BE,BE,forecast_load,Forecasted Load,2026-07-27T14:54:27Z
2026-07-27T14:54:16Z,2026-07-27T16:54:16+0200,6e7a462e-9eec-47a6-a2b0-092174843598,2026-07-06T18:45:00Z,2026-07-06T20:45:00+0200,9191.85,MW,BE,BE,forecast_load,Forecasted Load,2026-07-27T14:54:27Z
2026-07-27T14:54:16Z,2026-07-27T16:54:16+0200,6e7a462e-9eec-47a6-a2b0-092174843598,2026-07-06T19:00:00Z,2026-07-06T21:00:00+0200,9150.77,MW,BE,BE,forecast_load,Forecasted Load,2026-07-27T14:54:27Z
2026-07-27T14:54:16Z,2026-07-27T16:54:16+0200,6e7a462e-9eec-47a6-a2b0-092174843598,2026-07-06T19:15:00Z,2026-07-06T21:15:00+0200,9058.13,MW,BE,BE,forecast_load,Forecasted Load,2026-07-27T14:54:27Z
2026-07-27T14:54:16Z,2026-07-27T16:54:16+0200,6e7a462e-9eec-47a6-a2b0-092174843598,2026-07-06T19:30:00Z,2026-07-06T21:30:00+0200,8948.0,MW,BE,BE,forecast_load,Forecasted Load,2026-07-27T14:54:27Z
2026-07-27T14:54:16Z,2026-07-27T16:54:16+0200,6e7a462e-9eec-47a6-a2b0-092174843598,2026-07-06T19:45:00Z,2026-07-06T21:45:00+0200,8952.38,MW,BE,BE,forecast_load,Forecasted Load,2026-07-27T14:54:27Z
2026-07-27T14:54:16Z,2026-07-27T16:54:16+0200,6e7a462e-9eec-47a6-a2b0-092174843598,2026-07-06T20:00:00Z,2026-07-06T22:00:00+0200,8984.0,MW,BE,BE,forecast_load,Forecasted Load,2026-07-27T14:54:27Z
2026-07-27T14:54:16Z,2026-07-27T16:54:16+0200,6e7a462e-9eec-47a6-a2b0-092174843598,2026-07-06T20:15:00Z,2026-07-06T22:15:00+0200,9059.95,MW,BE,BE,forecast_load,Forecasted Load,2026-07-27T14:54:27Z
2026-07-27T14:54:16Z,2026-07-27T16:54:16+0200,6e7a462e-9eec-47a6-a2b0-092174843598,2026-07-06T20:30:00Z,2026-07-06T22:30:00+0200,9073.53,MW,BE,BE,forecast_load,Forecasted Load,2026-07-27T14:54:27Z
2026-07-27T14:54:16Z,2026-07-27T16:54:16+0200,6e7a462e-9eec-47a6-a2b0-092174843598,2026-07-06T20:45:00Z,2026-07-06T22:45:00+0200,9026.4,MW,BE,BE,forecast_load,Forecasted Load,2026-07-27T14:54:27Z
2026-07-27T14:54:16Z,2026-07-27T16:54:16+0200,6e7a462e-9eec-47a6-a2b0-092174843598,2026-07-06T21:00:00Z,2026-07-06T23:00:00+0200,8902.72,MW,BE,BE,forecast_load,Forecasted Load,2026-07-27T14:54:27Z
2026-07-27T14:54:16Z,2026-07-27T16:54:16+0200,6e7a462e-9eec-47a6-a2b0-092174843598,2026-07-06T21:15:00Z,2026-07-06T23:15:00+0200,8794.13,MW,BE,BE,forecast_load,Forecasted Load,2026-07-27T14:54:27Z
2026-07-27T14:54:16Z,2026-07-27T16:54:16+0200,6e7a462e-9eec-47a6-a2b0-092174843598,2026-07-06T21:30:00Z,2026-07-06T23:30:00+0200,8649.63,MW,BE,BE,forecast_load,Forecasted Load,2026-07-27T14:54:27Z
2026-07-27T14:54:16Z,2026-07-27T16:54:16+0200,6e7a462e-9eec-47a6-a2b0-092174843598,2026-07-06T21:45:00Z,2026-07-06T23:45:00+0200,8488.45,MW,BE,BE,forecast_load,Forecasted Load,2026-07-27T14:54:27Z
2026-07-27T14:54:16Z,2026-07-27T16:54:16+0200,6e7a462e-9eec-47a6-a2b0-092174843598,2026-07-06T22:00:00Z,2026-07-07T00:00:00+0200,8391.63,MW,BE,BE,forecast_load,Forecasted Load,2026-07-27T14:54:27Z
2026-07-27T14:54:16Z,2026-07-27T16:54:16+0200,6e7a462e-9eec-47a6-a2b0-092174843598,2026-07-06T22:15:00Z,2026-07-07T00:15:00+0200,8254.42,MW,BE,BE,forecast_load,Forecasted Load,2026-07-27T14:54:27Z
2026-07-27T14:54:16Z,2026-07-27T16:54:16+0200,6e7a462e-9eec-47a6-a2b0-092174843598,2026-07-06T22:30:00Z,2026-07-07T00:30:00+0200,8176.92,MW,BE,BE,forecast_load,Forecasted Load,2026-07-27T14:54:27Z
2026-07-27T14:54:16Z,2026-07-27T16:54:16+0200,6e7a462e-9eec-47a6-a2b0-092174843598,2026-07-06T22:45:00Z,2026-07-07T00:45:00+0200,8081.86,MW,BE,BE,forecast_load,Forecasted Load,2026-07-27T14:54:27Z
2026-07-27T14:54:16Z,2026-07-27T16:54:16+0200,6e7a462e-9eec-47a6-a2b0-092174843598,2026-07-06T23:00:00Z,2026-07-07T01:00:00+0200,8003.54,MW,BE,BE,forecast_load,Forecasted Load,2026-07-27T14:54:27Z
2026-07-27T14:54:16Z,2026-07-27T16:54:16+0200,6e7a462e-9eec-47a6-a2b0-092174843598,2026-07-06T23:15:00Z,2026-07-07T01:15:00+0200,7916.17,MW,BE,BE,forecast_load,Forecasted Load,2026-07-27T14:54:27Z
2026-07-27T14:54:16Z,2026-07-27T16:54:16+0200,6e7a462e-9eec-47a6-a2b0-092174843598,2026-07-06T23:30:00Z,2026-07-07T01:30:00+0200,7887.29,MW,BE,BE,forecast_load,Forecasted Load,2026-07-27T14:54:27Z
2026-07-27T14:54:16Z,2026-07-27T16:54:16+0200,6e7a462e-9eec-47a6-a2b0-092174843598,2026-07-06T23:45:00Z,2026-07-07T01:45:00+0200,7868.62,MW,BE,BE,forecast_load,Forecasted Load,2026-07-27T14:54:27Z
2026-07-27T14:54:16Z,2026-07-27T16:54:16+0200,6e7a462e-9eec-47a6-a2b0-092174843598,2026-07-07T00:00:00Z,2026-07-07T02:00:00+0200,7735.18,MW,BE,BE,forecast_load,Forecasted Load,2026-07-27T14:54:27Z
2026-07-27T14:54:16Z,2026-07-27T16:54:16+0200,6e7a462e-9eec-47a6-a2b0-092174843598,2026-07-07T00:15:00Z,2026-07-07T02:15:00+0200,7713.36,MW,BE,BE,forecast_load,Forecasted Load,2026-07-27T14:54:27Z
2026-07-27T14:54:16Z,2026-07-27T16:54:16+0200,6e7a462e-9eec-47a6-a2b0-092174843598,2026-07-07T00:30:00Z,2026-07-07T02:30:00+0200,7652.65,MW,BE,BE,forecast_load,Forecasted Load,2026-07-27T14:54:27Z
2026-07-27T14:54:16Z,2026-07-27T16:54:16+0200,6e7a462e-9eec-47a6-a2b0-092174843598,2026-07-07T00:45:00Z,2026-07-07T02:45:00+0200,7643.73,MW,BE,BE,forecast_load,Forecasted Load,2026-07-27T14:54:27Z
2026-07-27T14:54:16Z,2026-07-27T16:54:16+0200,6e7a462e-9eec-47a6-a2b0-092174843598,2026-07-07T01:00:00Z,2026-07-07T03:00:00+0200,7595.21,MW,BE,BE,forecast_load,Forecasted Load,2026-07-27T14:54:27Z
2026-07-27T14:54:16Z,2026-07-27T16:54:16+0200,6e7a462e-9eec-47a6-a2b0-092174843598,2026-07-07T01:15:00Z,2026-07-07T03:15:00+0200,7568.77,MW,BE,BE,forecast_load,Forecasted Load,2026-07-27T14:54:27Z
2026-07-27T14:54:16Z,2026-07-27T16:54:16+0200,6e7a462e-9eec-47a6-a2b0-092174843598,2026-07-07T01:30:00Z,2026-07-07T03:30:00+0200,7579.99,MW,BE,BE,forecast_load,Forecasted Load,2026-07-27T14:54:27Z
2026-07-27T14:54:16Z,2026-07-27T16:54:16+0200,6e7a462e-9eec-47a6-a2b0-092174843598,2026-07-07T01:45:00Z,2026-07-07T03:45:00+0200,7556.89,MW,BE,BE,forecast_load,Forecasted Load,2026-07-27T14:54:27Z
2026-07-27T14:54:16Z,2026-07-27T16:54:16+0200,6e7a462e-9eec-47a6-a2b0-092174843598,2026-07-07T02:00:00Z,2026-07-07T04:00:00+0200,7597.15,MW,BE,BE,forecast_load,Forecasted Load,2026-07-27T14:54:27Z
2026-07-27T14:54:16Z,2026-07-27T16:54:16+0200,6e7a462e-9eec-47a6-a2b0-092174843598,2026-07-07T02:15:00Z,2026-07-07T04:15:00+0200,7606.16,MW,BE,BE,forecast_load,Forecasted Load,2026-07-27T14:54:27Z
2026-07-27T14:54:16Z,2026-07-27T16:54:16+0200,6e7a462e-9eec-47a6-a2b0-092174843598,2026-07-07T02:30:00Z,2026-07-07T04:30:00+0200,7590.46,MW,BE,BE,forecast_load,Forecasted Load,2026-07-27T14:54:27Z
2026-07-27T14:54:16Z,2026-07-27T16:54:16+0200,6e7a462e-9eec-47a6-a2b0-092174843598,2026-07-07T02:45:00Z,2026-07-07T04:45:00+0200,7647.95,MW,BE,BE,forecast_load,Forecasted Load,2026-07-27T14:54:27Z
2026-07-27T14:54:16Z,2026-07-27T16:54:16+0200,6e7a462e-9eec-47a6-a2b0-092174843598,2026-07-07T03:00:00Z,2026-07-07T05:00:00+0200,7735.91,MW,BE,BE,forecast_load,Forecasted Load,2026-07-27T14:54:27Z
2026-07-27T14:54:16Z,2026-07-27T16:54:16+0200,6e7a462e-9eec-47a6-a2b0-092174843598,2026-07-07T03:15:00Z,2026-07-07T05:15:00+0200,7742.61,MW,BE,BE,forecast_load,Forecasted Load,2026-07-27T14:54:27Z
2026-07-27T14:54:16Z,2026-07-27T16:54:16+0200,6e7a462e-9eec-47a6-a2b0-092174843598,2026-07-07T03:30:00Z,2026-07-07T05:30:00+0200,7790.73,MW,BE,BE,forecast_load,Forecasted Load,2026-07-27T14:54:27Z
2026-07-27T14:54:16Z,2026-07-27T16:54:16+0200,6e7a462e-9eec-47a6-a2b0-092174843598,2026-07-07T03:45:00Z,2026-07-07T05:45:00+0200,7878.58,MW,BE,BE,forecast_load,Forecasted Load,2026-07-27T14:54:27Z
2026-07-27T14:54:16Z,2026-07-27T16:54:16+0200,6e7a462e-9eec-47a6-a2b0-092174843598,2026-07-07T04:00:00Z,2026-07-07T06:00:00+0200,8058.86,MW,BE,BE,forecast_load,Forecasted Load,2026-07-27T14:54:27Z
2026-07-27T14:54:16Z,2026-07-27T16:54:16+0200,6e7a462e-9eec-47a6-a2b0-092174843598,2026-07-07T04:15:00Z,2026-07-07T06:15:00+0200,8257.27,MW,BE,BE,forecast_load,Forecasted Load,2026-07-27T14:54:27Z
2026-07-27T14:54:16Z,2026-07-27T16:54:16+0200,6e7a462e-9eec-47a6-a2b0-092174843598,2026-07-07T04:30:00Z,2026-07-07T06:30:00+0200,8463.65,MW,BE,BE,forecast_load,Forecasted Load,2026-07-27T14:54:27Z
2026-07-27T14:54:16Z,2026-07-27T16:54:16+0200,6e7a462e-9eec-47a6-a2b0-092174843598,2026-07-07T04:45:00Z,2026-07-07T06:45:00+0200,8647.44,MW,BE,BE,forecast_load,Forecasted Load,2026-07-27T14:54:27Z
2026-07-27T14:54:16Z,2026-07-27T16:54:16+0200,6e7a462e-9eec-47a6-a2b0-092174843598,2026-07-07T05:00:00Z,2026-07-07T07:00:00+0200,8813.01,MW,BE,BE,forecast_load,Forecasted Load,2026-07-27T14:54:27Z
2026-07-27T14:54:16Z,2026-07-27T16:54:16+0200,6e7a462e-9eec-47a6-a2b0-092174843598,2026-07-07T05:15:00Z,2026-07-07T07:15:00+0200,9020.21,MW,BE,BE,forecast_load,Forecasted Load,2026-07-27T14:54:27Z
2026-07-27T14:54:16Z,2026-07-27T16:54:16+0200,6e7a462e-9eec-47a6-a2b0-092174843598,2026-07-07T05:30:00Z,2026-07-07T07:30:00+0200,9232.75,MW,BE,BE,forecast_load,Forecasted Load,2026-07-27T14:54:27Z
2026-07-27T14:54:16Z,2026-07-27T16:54:16+0200,6e7a462e-9eec-47a6-a2b0-092174843598,2026-07-07T05:45:00Z,2026-07-07T07:45:00+0200,9394.59,MW,BE,BE,forecast_load,Forecasted Load,2026-07-27T14:54:27Z
2026-07-27T14:54:16Z,2026-07-27T16:54:16+0200,6e7a462e-9eec-47a6-a2b0-092174843598,2026-07-07T06:00:00Z,2026-07-07T08:00:00+0200,9486.59,MW,BE,BE,forecast_load,Forecasted Load,2026-07-27T14:54:27Z
2026-07-27T14:54:16Z,2026-07-27T16:54:16+0200,6e7a462e-9eec-47a6-a2b0-092174843598,2026-07-07T06:15:00Z,2026-07-07T08:15:00+0200,9654.58,MW,BE,BE,forecast_load,Forecasted Load,2026-07-27T14:54:27Z
2026-07-27T14:54:16Z,2026-07-27T16:54:16+0200,6e7a462e-9eec-47a6-a2b0-092174843598,2026-07-07T06:30:00Z,2026-07-07T08:30:00+0200,9824.7,MW,BE,BE,forecast_load,Forecasted Load,2026-07-27T14:54:27Z
2026-07-27T14:54:16Z,2026-07-27T16:54:16+0200,6e7a462e-9eec-47a6-a2b0-092174843598,2026-07-07T06:45:00Z,2026-07-07T08:45:00+0200,9985.02,MW,BE,BE,forecast_load,Forecasted Load,2026-07-27T14:54:27Z
2026-07-27T14:54:16Z,2026-07-27T16:54:16+0200,6e7a462e-9eec-47a6-a2b0-092174843598,2026-07-07T07:00:00Z,2026-07-07T09:00:00+0200,10004.83,MW,BE,BE,forecast_load,Forecasted Load,2026-07-27T14:54:27Z
2026-07-27T14:54:16Z,2026-07-27T16:54:16+0200,6e7a462e-9eec-47a6-a2b0-092174843598,2026-07-07T07:15:00Z,2026-07-07T09:15:00+0200,10083.7,MW,BE,BE,forecast_load,Forecasted Load,2026-07-27T14:54:27Z
2026-07-27T14:54:16Z,2026-07-27T16:54:16+0200,6e7a462e-9eec-47a6-a2b0-092174843598,2026-07-07T07:30:00Z,2026-07-07T09:30:00+0200,10180.99,MW,BE,BE,forecast_load,Forecasted Load,2026-07-27T14:54:27Z
2026-07-27T14:54:16Z,2026-07-27T16:54:16+0200,6e7a462e-9eec-47a6-a2b0-092174843598,2026-07-07T07:45:00Z,2026-07-07T09:45:00+0200,10279.36,MW,BE,BE,forecast_load,Forecasted Load,2026-07-27T14:54:27Z
2026-07-27T14:54:16Z,2026-07-27T16:54:16+0200,6e7a462e-9eec-47a6-a2b0-092174843598,2026-07-07T08:00:00Z,2026-07-07T10:00:00+0200,10215.88,MW,BE,BE,forecast_load,Forecasted Load,2026-07-27T14:54:27Z
2026-07-27T14:54:16Z,2026-07-27T16:54:16+0200,6e7a462e-9eec-47a6-a2b0-092174843598,2026-07-07T08:15:00Z,2026-07-07T10:15:00+0200,10247.56,MW,BE,BE,forecast_load,Forecasted Load,2026-07-27T14:54:27Z
2026-07-27T14:54:16Z,2026-07-27T16:54:16+0200,6e7a462e-9eec-47a6-a2b0-092174843598,2026-07-07T08:30:00Z,2026-07-07T10:30:00+0200,10326.52,MW,BE,BE,forecast_load,Forecasted Load,2026-07-27T14:54:27Z
2026-07-27T14:54:16Z,2026-07-27T16:54:16+0200,6e7a462e-9eec-47a6-a2b0-092174843598,2026-07-07T08:45:00Z,2026-07-07T10:45:00+0200,10417.45,MW,BE,BE,forecast_load,Forecasted Load,2026-07-27T14:54:27Z
2026-07-27T14:54:16Z,2026-07-27T16:54:16+0200,6e7a462e-9eec-47a6-a2b0-092174843598,2026-07-07T09:00:00Z,2026-07-07T11:00:00+0200,10371.8,MW,BE,BE,forecast_load,Forecasted Load,2026-07-27T14:54:27Z
2026-07-27T14:54:16Z,2026-07-27T16:54:16+0200,6e7a462e-9eec-47a6-a2b0-092174843598,2026-07-07T09:15:00Z,2026-07-07T11:15:00+0200,10405.61,MW,BE,BE,forecast_load,Forecasted Load,2026-07-27T14:54:27Z
2026-07-27T14:54:16Z,2026-07-27T16:54:16+0200,6e7a462e-9eec-47a6-a2b0-092174843598,2026-07-07T09:30:00Z,2026-07-07T11:30:00+0200,10490.82,MW,BE,BE,forecast_load,Forecasted Load,2026-07-27T14:54:27Z
2026-07-27T14:54:16Z,2026-07-27T16:54:16+0200,6e7a462e-9eec-47a6-a2b0-092174843598,2026-07-07T09:45:00Z,2026-07-07T11:45:00+0200,10599.66,MW,BE,BE,forecast_load,Forecasted Load,2026-07-27T14:54:27Z
2026-07-27T14:54:16Z,2026-07-27T16:54:16+0200,6e7a462e-9eec-47a6-a2b0-092174843598,2026-07-07T10:00:00Z,2026-07-07T12:00:00+0200,10523.24,MW,BE,BE,forecast_load,Forecasted Load,2026-07-27T14:54:27Z
2026-07-27T14:54:16Z,2026-07-27T16:54:16+0200,6e7a462e-9eec-47a6-a2b0-092174843598,2026-07-07T10:15:00Z,2026-07-07T12:15:00+0200,10501.85,MW,BE,BE,forecast_load,Forecasted Load,2026-07-27T14:54:27Z
2026-07-27T14:54:16Z,2026-07-27T16:54:16+0200,6e7a462e-9eec-47a6-a2b0-092174843598,2026-07-07T10:30:00Z,2026-07-07T12:30:00+0200,10464.27,MW,BE,BE,forecast_load,Forecasted Load,2026-07-27T14:54:27Z
2026-07-27T14:54:16Z,2026-07-27T16:54:16+0200,6e7a462e-9eec-47a6-a2b0-092174843598,2026-07-07T10:45:00Z,2026-07-07T12:45:00+0200,10473.03,MW,BE,BE,forecast_load,Forecasted Load,2026-07-27T14:54:27Z
2026-07-27T14:54:16Z,2026-07-27T16:54:16+0200,6e7a462e-9eec-47a6-a2b0-092174843598,2026-07-07T11:00:00Z,2026-07-07T13:00:00+0200,10453.36,MW,BE,BE,forecast_load,Forecasted Load,2026-07-27T14:54:27Z
2026-07-27T14:54:16Z,2026-07-27T16:54:16+0200,6e7a462e-9eec-47a6-a2b0-092174843598,2026-07-07T11:15:00Z,2026-07-07T13:15:00+0200,10449.54,MW,BE,BE,forecast_load,Forecasted Load,2026-07-27T14:54:27Z
2026-07-27T14:54:16Z,2026-07-27T16:54:16+0200,6e7a462e-9eec-47a6-a2b0-092174843598,2026-07-07T11:30:00Z,2026-07-07T13:30:00+0200,10448.82,MW,BE,BE,forecast_load,Forecasted Load,2026-07-27T14:54:27Z
2026-07-27T14:54:16Z,2026-07-27T16:54:16+0200,6e7a462e-9eec-47a6-a2b0-092174843598,2026-07-07T11:45:00Z,2026-07-07T13:45:00+0200,10415.53,MW,BE,BE,forecast_load,Forecasted Load,2026-07-27T14:54:27Z
2026-07-27T14:54:16Z,2026-07-27T16:54:16+0200,6e7a462e-9eec-47a6-a2b0-092174843598,2026-07-07T12:00:00Z,2026-07-07T14:00:00+0200,10508.08,MW,BE,BE,forecast_load,Forecasted Load,2026-07-27T14:54:27Z
2026-07-27T14:54:16Z,2026-07-27T16:54:16+0200,6e7a462e-9eec-47a6-a2b0-092174843598,2026-07-07T12:15:00Z,2026-07-07T14:15:00+0200,10469.47,MW,BE,BE,forecast_load,Forecasted Load,2026-07-27T14:54:27Z
2026-07-27T14:54:16Z,2026-07-27T16:54:16+0200,6e7a462e-9eec-47a6-a2b0-092174843598,2026-07-07T12:30:00Z,2026-07-07T14:30:00+0200,10429.13,MW,BE,BE,forecast_load,Forecasted Load,2026-07-27T14:54:27Z
2026-07-27T14:54:16Z,2026-07-27T16:54:16+0200,6e7a462e-9eec-47a6-a2b0-092174843598,2026-07-07T12:45:00Z,2026-07-07T14:45:00+0200,10385.95,MW,BE,BE,forecast_load,Forecasted Load,2026-07-27T14:54:27Z
2026-07-27T14:54:16Z,2026-07-27T16:54:16+0200,6e7a462e-9eec-47a6-a2b0-092174843598,2026-07-07T13:00:00Z,2026-07-07T15:00:00+0200,10357.11,MW,BE,BE,forecast_load,Forecasted Load,2026-07-27T14:54:27Z
2026-07-27T14:54:16Z,2026-07-27T16:54:16+0200,6e7a462e-9eec-47a6-a2b0-092174843598,2026-07-07T13:15:00Z,2026-07-07T15:15:00+0200,10238.57,MW,BE,BE,forecast_load,Forecasted Load,2026-07-27T14:54:27Z
2026-07-27T14:54:16Z,2026-07-27T16:54:16+0200,6e7a462e-9eec-47a6-a2b0-092174843598,2026-07-07T13:30:00Z,2026-07-07T15:30:00+0200,10147.73,MW,BE,BE,forecast_load,Forecasted Load,2026-07-27T14:54:27Z
2026-07-27T14:54:16Z,2026-07-27T16:54:16+0200,6e7a462e-9eec-47a6-a2b0-092174843598,2026-07-07T13:45:00Z,2026-07-07T15:45:00+0200,10081.1,MW,BE,BE,forecast_load,Forecasted Load,2026-07-27T14:54:27Z
2026-07-27T14:54:16Z,2026-07-27T16:54:16+0200,6e7a462e-9eec-47a6-a2b0-092174843598,2026-07-07T14:00:00Z,2026-07-07T16:00:00+0200,10164.74,MW,BE,BE,forecast_load,Forecasted Load,2026-07-27T14:54:27Z
2026-07-27T14:54:16Z,2026-07-27T16:54:16+0200,6e7a462e-9eec-47a6-a2b0-092174843598,2026-07-07T14:15:00Z,2026-07-07T16:15:00+0200,10040.28,MW,BE,BE,forecast_load,Forecasted Load,2026-07-27T14:54:27Z
2026-07-27T14:54:16Z,2026-07-27T16:54:16+0200,6e7a462e-9eec-47a6-a2b0-092174843598,2026-07-07T14:30:00Z,2026-07-07T16:30:00+0200,9986.56,MW,BE,BE,forecast_load,Forecasted Load,2026-07-27T14:54:27Z
2026-07-27T14:54:16Z,2026-07-27T16:54:16+0200,6e7a462e-9eec-47a6-a2b0-092174843598,2026-07-07T14:45:00Z,2026-07-07T16:45:00+0200,9917.98,MW,BE,BE,forecast_load,Forecasted Load,2026-07-27T14:54:27Z
2026-07-27T14:54:16Z,2026-07-27T16:54:16+0200,6e7a462e-9eec-47a6-a2b0-092174843598,2026-07-07T15:00:00Z,2026-07-07T17:00:00+0200,10042.37,MW,BE,BE,forecast_load,Forecasted Load,2026-07-27T14:54:27Z
2026-07-27T14:54:16Z,2026-07-27T16:54:16+0200,6e7a462e-9eec-47a6-a2b0-092174843598,2026-07-07T15:15:00Z,2026-07-07T17:15:00+0200,9955.52,MW,BE,BE,forecast_load,Forecasted Load,2026-07-27T14:54:27Z
2026-07-27T14:54:16Z,2026-07-27T16:54:16+0200,6e7a462e-9eec-47a6-a2b0-092174843598,2026-07-07T15:30:00Z,2026-07-07T17:30:00+0200,9961.08,MW,BE,BE,forecast_load,Forecasted Load,2026-07-27T14:54:27Z
2026-07-27T14:54:16Z,2026-07-27T16:54:16+0200,6e7a462e-9eec-47a6-a2b0-092174843598,2026-07-07T15:45:00Z,2026-07-07T17:45:00+0200,9920.61,MW,BE,BE,forecast_load,Forecasted Load,2026-07-27T14:54:27Z
2026-07-27T14:54:16Z,2026-07-27T16:54:16+0200,6e7a462e-9eec-47a6-a2b0-092174843598,2026-07-07T16:00:00Z,2026-07-07T18:00:00+0200,10009.77,MW,BE,BE,forecast_load,Forecasted Load,2026-07-27T14:54:27Z
2026-07-27T14:54:16Z,2026-07-27T16:54:16+0200,6e7a462e-9eec-47a6-a2b0-092174843598,2026-07-07T16:15:00Z,2026-07-07T18:15:00+0200,9951.0,MW,BE,BE,forecast_load,Forecasted Load,2026-07-27T14:54:27Z
2026-07-27T14:54:16Z,2026-07-27T16:54:16+0200,6e7a462e-9eec-47a6-a2b0-092174843598,2026-07-07T16:30:00Z,2026-07-07T18:30:00+0200,9962.72,MW,BE,BE,forecast_load,Forecasted Load,2026-07-27T14:54:27Z
2026-07-27T14:54:16Z,2026-07-27T16:54:16+0200,6e7a462e-9eec-47a6-a2b0-092174843598,2026-07-07T16:45:00Z,2026-07-07T18:45:00+0200,9855.99,MW,BE,BE,forecast_load,Forecasted Load,2026-07-27T14:54:27Z
2026-07-27T14:54:16Z,2026-07-27T16:54:16+0200,6e7a462e-9eec-47a6-a2b0-092174843598,2026-07-07T17:00:00Z,2026-07-07T19:00:00+0200,9760.65,MW,BE,BE,forecast_load,Forecasted Load,2026-07-27T14:54:27Z
2026-07-27T14:54:16Z,2026-07-27T16:54:16+0200,6e7a462e-9eec-47a6-a2b0-092174843598,2026-07-07T17:15:00Z,2026-07-07T19:15:00+0200,9662.16,MW,BE,BE,forecast_load,Forecasted Load,2026-07-27T14:54:27Z
2026-07-27T14:54:16Z,2026-07-27T16:54:16+0200,6e7a462e-9eec-47a6-a2b0-092174843598,2026-07-07T17:30:00Z,2026-07-07T19:30:00+0200,9592.17,MW,BE,BE,forecast_load,Forecasted Load,2026-07-27T14:54:27Z
2026-07-27T14:54:16Z,2026-07-27T16:54:16+0200,6e7a462e-9eec-47a6-a2b0-092174843598,2026-07-07T17:45:00Z,2026-07-07T19:45:00+0200,9524.22,MW,BE,BE,forecast_load,Forecasted Load,2026-07-27T14:54:27Z
2026-07-27T14:54:16Z,2026-07-27T16:54:16+0200,6e7a462e-9eec-47a6-a2b0-092174843598,2026-07-07T18:00:00Z,2026-07-07T20:00:00+0200,9454.91,MW,BE,BE,forecast_load,Forecasted Load,2026-07-27T14:54:27Z
2026-07-27T14:54:16Z,2026-07-27T16:54:16+0200,6e7a462e-9eec-47a6-a2b0-092174843598,2026-07-07T18:15:00Z,2026-07-07T20:15:00+0200,9364.16,MW,BE,BE,forecast_load,Forecasted Load,2026-07-27T14:54:27Z
2026-07-27T14:54:16Z,2026-07-27T16:54:16+0200,6e7a462e-9eec-47a6-a2b0-092174843598,2026-07-07T18:30:00Z,2026-07-07T20:30:00+0200,9253.91,MW,BE,BE,forecast_load,Forecasted Load,2026-07-27T14:54:27Z
2026-07-27T14:54:16Z,2026-07-27T16:54:16+0200,6e7a462e-9eec-47a6-a2b0-092174843598,2026-07-07T18:45:00Z,2026-07-07T20:45:00+0200,9168.68,MW,BE,BE,forecast_load,Forecasted Load,2026-07-27T14:54:27Z
2026-07-27T14:54:16Z,2026-07-27T16:54:16+0200,6e7a462e-9eec-47a6-a2b0-092174843598,2026-07-07T19:00:00Z,2026-07-07T21:00:00+0200,9214.79,MW,BE,BE,forecast_load,Forecasted Load,2026-07-27T14:54:27Z
2026-07-27T14:54:16Z,2026-07-27T16:54:16+0200,6e7a462e-9eec-47a6-a2b0-092174843598,2026-07-07T19:15:00Z,2026-07-07T21:15:00+0200,9126.23,MW,BE,BE,forecast_load,Forecasted Load,2026-07-27T14:54:27Z
2026-07-27T14:54:16Z,2026-07-27T16:54:16+0200,6e7a462e-9eec-47a6-a2b0-092174843598,2026-07-07T19:30:00Z,2026-07-07T21:30:00+0200,9087.47,MW,BE,BE,forecast_load,Forecasted Load,2026-07-27T14:54:27Z
2026-07-27T14:54:16Z,2026-07-27T16:54:16+0200,6e7a462e-9eec-47a6-a2b0-092174843598,2026-07-07T19:45:00Z,2026-07-07T21:45:00+0200,9087.68,MW,BE,BE,forecast_load,Forecasted Load,2026-07-27T14:54:27Z
2026-07-27T14:54:16Z,2026-07-27T16:54:16+0200,6e7a462e-9eec-47a6-a2b0-092174843598,2026-07-07T20:00:00Z,2026-07-07T22:00:00+0200,9135.49,MW,BE,BE,forecast_load,Forecasted Load,2026-07-27T14:54:27Z
2026-07-27T14:54:16Z,2026-07-27T16:54:16+0200,6e7a462e-9eec-47a6-a2b0-092174843598,2026-07-07T20:15:00Z,2026-07-07T22:15:00+0200,9197.1,MW,BE,BE,forecast_load,Forecasted Load,2026-07-27T14:54:27Z
2026-07-27T14:54:16Z,2026-07-27T16:54:16+0200,6e7a462e-9eec-47a6-a2b0-092174843598,2026-07-07T20:30:00Z,2026-07-07T22:30:00+0200,9180.19,MW,BE,BE,forecast_load,Forecasted Load,2026-07-27T14:54:27Z
2026-07-27T14:54:16Z,2026-07-27T16:54:16+0200,6e7a462e-9eec-47a6-a2b0-092174843598,2026-07-07T20:45:00Z,2026-07-07T22:45:00+0200,9093.6,MW,BE,BE,forecast_load,Forecasted Load,2026-07-27T14:54:27Z
2026-07-27T14:54:16Z,2026-07-27T16:54:16+0200,6e7a462e-9eec-47a6-a2b0-092174843598,2026-07-07T21:00:00Z,2026-07-07T23:00:00+0200,8911.39,MW,BE,BE,forecast_load,Forecasted Load,2026-07-27T14:54:27Z
2026-07-27T14:54:16Z,2026-07-27T16:54:16+0200,6e7a462e-9eec-47a6-a2b0-092174843598,2026-07-07T21:15:00Z,2026-07-07T23:15:00+0200,8808.7,MW,BE,BE,forecast_load,Forecasted Load,2026-07-27T14:54:27Z
2026-07-27T14:54:16Z,2026-07-27T16:54:16+0200,6e7a462e-9eec-47a6-a2b0-092174843598,2026-07-07T21:30:00Z,2026-07-07T23:30:00+0200,8698.67,MW,BE,BE,forecast_load,Forecasted Load,2026-07-27T14:54:27Z
2026-07-27T14:54:16Z,2026-07-27T16:54:16+0200,6e7a462e-9eec-47a6-a2b0-092174843598,2026-07-07T21:45:00Z,2026-07-07T23:45:00+0200,8564.18,MW,BE,BE,forecast_load,Forecasted Load,2026-07-27T14:54:27Z
2026-07-27T14:54:16Z,2026-07-27T16:54:16+0200,6e7a462e-9eec-47a6-a2b0-092174843598,2026-07-07T22:00:00Z,2026-07-08T00:00:00+0200,8569.51,MW,BE,BE,forecast_load,Forecasted Load,2026-07-27T14:54:27Z
2026-07-27T14:54:16Z,2026-07-27T16:54:16+0200,6e7a462e-9eec-47a6-a2b0-092174843598,2026-07-07T22:15:00Z,2026-07-08T00:15:00+0200,8436.18,MW,BE,BE,forecast_load,Forecasted Load,2026-07-27T14:54:27Z
2026-07-27T14:54:16Z,2026-07-27T16:54:16+0200,6e7a462e-9eec-47a6-a2b0-092174843598,2026-07-07T22:30:00Z,2026-07-08T00:30:00+0200,8355.16,MW,BE,BE,forecast_load,Forecasted Load,2026-07-27T14:54:27Z
2026-07-27T14:54:16Z,2026-07-27T16:54:16+0200,6e7a462e-9eec-47a6-a2b0-092174843598,2026-07-07T22:45:00Z,2026-07-08T00:45:00+0200,8274.53,MW,BE,BE,forecast_load,Forecasted Load,2026-07-27T14:54:27Z
2026-07-27T14:54:16Z,2026-07-27T16:54:16+0200,6e7a462e-9eec-47a6-a2b0-092174843598,2026-07-07T23:00:00Z,2026-07-08T01:00:00+0200,8189.57,MW,BE,BE,forecast_load,Forecasted Load,2026-07-27T14:54:27Z
2026-07-27T14:54:16Z,2026-07-27T16:54:16+0200,6e7a462e-9eec-47a6-a2b0-092174843598,2026-07-07T23:15:00Z,2026-07-08T01:15:00+0200,8128.35,MW,BE,BE,forecast_load,Forecasted Load,2026-07-27T14:54:27Z
2026-07-27T14:54:16Z,2026-07-27T16:54:16+0200,6e7a462e-9eec-47a6-a2b0-092174843598,2026-07-07T23:30:00Z,2026-07-08T01:30:00+0200,8054.09,MW,BE,BE,forecast_load,Forecasted Load,2026-07-27T14:54:27Z
2026-07-27T14:54:16Z,2026-07-27T16:54:16+0200,6e7a462e-9eec-47a6-a2b0-092174843598,2026-07-07T23:45:00Z,2026-07-08T01:45:00+0200,7995.62,MW,BE,BE,forecast_load,Forecasted Load,2026-07-27T14:54:27Z
2026-07-27T14:54:16Z,2026-07-27T16:54:16+0200,6e7a462e-9eec-47a6-a2b0-092174843598,2026-07-08T00:00:00Z,2026-07-08T02:00:00+0200,7836.77,MW,BE,BE,forecast_load,Forecasted Load,2026-07-27T14:54:27Z
2026-07-27T14:54:16Z,2026-07-27T16:54:16+0200,6e7a462e-9eec-47a6-a2b0-092174843598,2026-07-08T00:15:00Z,2026-07-08T02:15:00+0200,7814.66,MW,BE,BE,forecast_load,Forecasted Load,2026-07-27T14:54:27Z
2026-07-27T14:54:16Z,2026-07-27T16:54:16+0200,6e7a462e-9eec-47a6-a2b0-092174843598,2026-07-08T00:30:00Z,2026-07-08T02:30:00+0200,7753.16,MW,BE,BE,forecast_load,Forecasted Load,2026-07-27T14:54:27Z
2026-07-27T14:54:16Z,2026-07-27T16:54:16+0200,6e7a462e-9eec-47a6-a2b0-092174843598,2026-07-08T00:45:00Z,2026-07-08T02:45:00+0200,7744.13,MW,BE,BE,forecast_load,Forecasted Load,2026-07-27T14:54:27Z
2026-07-27T14:54:16Z,2026-07-27T16:54:16+0200,6e7a462e-9eec-47a6-a2b0-092174843598,2026-07-08T01:00:00Z,2026-07-08T03:00:00+0200,7743.18,MW,BE,BE,forecast_load,Forecasted Load,2026-07-27T14:54:27Z
2026-07-27T14:54:16Z,2026-07-27T16:54:16+0200,6e7a462e-9eec-47a6-a2b0-092174843598,2026-07-08T01:15:00Z,2026-07-08T03:15:00+0200,7716.22,MW,BE,BE,forecast_load,Forecasted Load,2026-07-27T14:54:27Z
2026-07-27T14:54:16Z,2026-07-27T16:54:16+0200,6e7a462e-9eec-47a6-a2b0-092174843598,2026-07-08T01:30:00Z,2026-07-08T03:30:00+0200,7727.66,MW,BE,BE,forecast_load,Forecasted Load,2026-07-27T14:54:27Z
2026-07-27T14:54:16Z,2026-07-27T16:54:16+0200,6e7a462e-9eec-47a6-a2b0-092174843598,2026-07-08T01:45:00Z,2026-07-08T03:45:00+0200,7704.11,MW,BE,BE,forecast_load,Forecasted Load,2026-07-27T14:54:27Z
2026-07-27T14:54:16Z,2026-07-27T16:54:16+0200,6e7a462e-9eec-47a6-a2b0-092174843598,2026-07-08T02:00:00Z,2026-07-08T04:00:00+0200,7701.59,MW,BE,BE,forecast_load,Forecasted Load,2026-07-27T14:54:27Z
2026-07-27T14:54:16Z,2026-07-27T16:54:16+0200,6e7a462e-9eec-47a6-a2b0-092174843598,2026-07-08T02:15:00Z,2026-07-08T04:15:00+0200,7710.72,MW,BE,BE,forecast_load,Forecasted Load,2026-07-27T14:54:27Z
2026-07-27T14:54:16Z,2026-07-27T16:54:16+0200,6e7a462e-9eec-47a6-a2b0-092174843598,2026-07-08T02:30:00Z,2026-07-08T04:30:00+0200,7694.81,MW,BE,BE,forecast_load,Forecasted Load,2026-07-27T14:54:27Z
2026-07-27T14:54:16Z,2026-07-27T16:54:16+0200,6e7a462e-9eec-47a6-a2b0-092174843598,2026-07-08T02:45:00Z,2026-07-08T04:45:00+0200,7753.09,MW,BE,BE,forecast_load,Forecasted Load,2026-07-27T14:54:27Z
2026-07-27T14:54:16Z,2026-07-27T16:54:16+0200,6e7a462e-9eec-47a6-a2b0-092174843598,2026-07-08T03:00:00Z,2026-07-08T05:00:00+0200,7820.26,MW,BE,BE,forecast_load,Forecasted Load,2026-07-27T14:54:27Z
2026-07-27T14:54:16Z,2026-07-27T16:54:16+0200,6e7a462e-9eec-47a6-a2b0-092174843598,2026-07-08T03:15:00Z,2026-07-08T05:15:00+0200,7827.03,MW,BE,BE,forecast_load,Forecasted Load,2026-07-27T14:54:27Z
2026-07-27T14:54:16Z,2026-07-27T16:54:16+0200,6e7a462e-9eec-47a6-a2b0-092174843598,2026-07-08T03:30:00Z,2026-07-08T05:30:00+0200,7875.67,MW,BE,BE,forecast_load,Forecasted Load,2026-07-27T14:54:27Z
2026-07-27T14:54:16Z,2026-07-27T16:54:16+0200,6e7a462e-9eec-47a6-a2b0-092174843598,2026-07-08T03:45:00Z,2026-07-08T05:45:00+0200,7964.49,MW,BE,BE,forecast_load,Forecasted Load,2026-07-27T14:54:27Z
2026-07-27T14:54:16Z,2026-07-27T16:54:16+0200,6e7a462e-9eec-47a6-a2b0-092174843598,2026-07-08T04:00:00Z,2026-07-08T06:00:00+0200,8114.96,MW,BE,BE,forecast_load,Forecasted Load,2026-07-27T14:54:27Z
2026-07-27T14:54:16Z,2026-07-27T16:54:16+0200,6e7a462e-9eec-47a6-a2b0-092174843598,2026-07-08T04:15:00Z,2026-07-08T06:15:00+0200,8314.75,MW,BE,BE,forecast_load,Forecasted Load,2026-07-27T14:54:27Z
2026-07-27T14:54:16Z,2026-07-27T16:54:16+0200,6e7a462e-9eec-47a6-a2b0-092174843598,2026-07-08T04:30:00Z,2026-07-08T06:30:00+0200,8522.56,MW,BE,BE,forecast_load,Forecasted Load,2026-07-27T14:54:27Z
2026-07-27T14:54:16Z,2026-07-27T16:54:16+0200,6e7a462e-9eec-47a6-a2b0-092174843598,2026-07-08T04:45:00Z,2026-07-08T06:45:00+0200,8707.63,MW,BE,BE,forecast_load,Forecasted Load,2026-07-27T14:54:27Z
2026-07-27T14:54:16Z,2026-07-27T16:54:16+0200,6e7a462e-9eec-47a6-a2b0-092174843598,2026-07-08T05:00:00Z,2026-07-08T07:00:00+0200,8877.65,MW,BE,BE,forecast_load,Forecasted Load,2026-07-27T14:54:27Z
2026-07-27T14:54:16Z,2026-07-27T16:54:16+0200,6e7a462e-9eec-47a6-a2b0-092174843598,2026-07-08T05:15:00Z,2026-07-08T07:15:00+0200,9086.37,MW,BE,BE,forecast_load,Forecasted Load,2026-07-27T14:54:27Z
2026-07-27T14:54:16Z,2026-07-27T16:54:16+0200,6e7a462e-9eec-47a6-a2b0-092174843598,2026-07-08T05:30:00Z,2026-07-08T07:30:00+0200,9300.46,MW,BE,BE,forecast_load,Forecasted Load,2026-07-27T14:54:27Z
2026-07-27T14:54:16Z,2026-07-27T16:54:16+0200,6e7a462e-9eec-47a6-a2b0-092174843598,2026-07-08T05:45:00Z,2026-07-08T07:45:00+0200,9463.49,MW,BE,BE,forecast_load,Forecasted Load,2026-07-27T14:54:27Z
2026-07-27T14:54:16Z,2026-07-27T16:54:16+0200,6e7a462e-9eec-47a6-a2b0-092174843598,2026-07-08T06:00:00Z,2026-07-08T08:00:00+0200,9617.25,MW,BE,BE,forecast_load,Forecasted Load,2026-07-27T14:54:27Z
2026-07-27T14:54:16Z,2026-07-27T16:54:16+0200,6e7a462e-9eec-47a6-a2b0-092174843598,2026-07-08T06:15:00Z,2026-07-08T08:15:00+0200,9787.55,MW,BE,BE,forecast_load,Forecasted Load,2026-07-27T14:54:27Z
2026-07-27T14:54:16Z,2026-07-27T16:54:16+0200,6e7a462e-9eec-47a6-a2b0-092174843598,2026-07-08T06:30:00Z,2026-07-08T08:30:00+0200,9960.02,MW,BE,BE,forecast_load,Forecasted Load,2026-07-27T14:54:27Z
2026-07-27T14:54:16Z,2026-07-27T16:54:16+0200,6e7a462e-9eec-47a6-a2b0-092174843598,2026-07-08T06:45:00Z,2026-07-08T08:45:00+0200,10122.54,MW,BE,BE,forecast_load,Forecasted Load,2026-07-27T14:54:27Z
2026-07-27T14:54:16Z,2026-07-27T16:54:16+0200,6e7a462e-9eec-47a6-a2b0-092174843598,2026-07-08T07:00:00Z,2026-07-08T09:00:00+0200,10234.75,MW,BE,BE,forecast_load,Forecasted Load,2026-07-27T14:54:27Z
2026-07-27T14:54:16Z,2026-07-27T16:54:16+0200,6e7a462e-9eec-47a6-a2b0-092174843598,2026-07-08T07:15:00Z,2026-07-08T09:15:00+0200,10315.43,MW,BE,BE,forecast_load,Forecasted Load,2026-07-27T14:54:27Z
2026-07-27T14:54:16Z,2026-07-27T16:54:16+0200,6e7a462e-9eec-47a6-a2b0-092174843598,2026-07-08T07:30:00Z,2026-07-08T09:30:00+0200,10414.96,MW,BE,BE,forecast_load,Forecasted Load,2026-07-27T14:54:27Z
2026-07-27T14:54:16Z,2026-07-27T16:54:16+0200,6e7a462e-9eec-47a6-a2b0-092174843598,2026-07-08T07:45:00Z,2026-07-08T09:45:00+0200,10515.59,MW,BE,BE,forecast_load,Forecasted Load,2026-07-27T14:54:27Z
2026-07-27T14:54:16Z,2026-07-27T16:54:16+0200,6e7a462e-9eec-47a6-a2b0-092174843598,2026-07-08T08:00:00Z,2026-07-08T10:00:00+0200,10457.23,MW,BE,BE,forecast_load,Forecasted Load,2026-07-27T14:54:27Z
2026-07-27T14:54:16Z,2026-07-27T16:54:16+0200,6e7a462e-9eec-47a6-a2b0-092174843598,2026-07-08T08:15:00Z,2026-07-08T10:15:00+0200,10489.66,MW,BE,BE,forecast_load,Forecasted Load,2026-07-27T14:54:27Z
2026-07-27T14:54:16Z,2026-07-27T16:54:16+0200,6e7a462e-9eec-47a6-a2b0-092174843598,2026-07-08T08:30:00Z,2026-07-08T10:30:00+0200,10570.48,MW,BE,BE,forecast_load,Forecasted Load,2026-07-27T14:54:27Z
2026-07-27T14:54:16Z,2026-07-27T16:54:16+0200,6e7a462e-9eec-47a6-a2b0-092174843598,2026-07-08T08:45:00Z,2026-07-08T10:45:00+0200,10663.57,MW,BE,BE,forecast_load,Forecasted Load,2026-07-27T14:54:27Z
2026-07-27T14:54:16Z,2026-07-27T16:54:16+0200,6e7a462e-9eec-47a6-a2b0-092174843598,2026-07-08T09:00:00Z,2026-07-08T11:00:00+0200,10691.06,MW,BE,BE,forecast_load,Forecasted Load,2026-07-27T14:54:27Z
2026-07-27T14:54:16Z,2026-07-27T16:54:16+0200,6e7a462e-9eec-47a6-a2b0-092174843598,2026-07-08T09:15:00Z,2026-07-08T11:15:00+0200,10725.92,MW,BE,BE,forecast_load,Forecasted Load,2026-07-27T14:54:27Z
2026-07-27T14:54:16Z,2026-07-27T16:54:16+0200,6e7a462e-9eec-47a6-a2b0-092174843598,2026-07-08T09:30:00Z,2026-07-08T11:30:00+0200,10813.74,MW,BE,BE,forecast_load,Forecasted Load,2026-07-27T14:54:27Z
2026-07-27T14:54:16Z,2026-07-27T16:54:16+0200,6e7a462e-9eec-47a6-a2b0-092174843598,2026-07-08T09:45:00Z,2026-07-08T11:45:00+0200,10925.93,MW,BE,BE,forecast_load,Forecasted Load,2026-07-27T14:54:27Z
2026-07-27T14:54:16Z,2026-07-27T16:54:16+0200,6e7a462e-9eec-47a6-a2b0-092174843598,2026-07-08T10:00:00Z,2026-07-08T12:00:00+0200,10826.86,MW,BE,BE,forecast_load,Forecasted Load,2026-07-27T14:54:27Z
2026-07-27T14:54:16Z,2026-07-27T16:54:16+0200,6e7a462e-9eec-47a6-a2b0-092174843598,2026-07-08T10:15:00Z,2026-07-08T12:15:00+0200,10804.86,MW,BE,BE,forecast_load,Forecasted Load,2026-07-27T14:54:27Z
2026-07-27T14:54:16Z,2026-07-27T16:54:16+0200,6e7a462e-9eec-47a6-a2b0-092174843598,2026-07-08T10:30:00Z,2026-07-08T12:30:00+0200,10766.19,MW,BE,BE,forecast_load,Forecasted Load,2026-07-27T14:54:27Z
2026-07-27T14:54:16Z,2026-07-27T16:54:16+0200,6e7a462e-9eec-47a6-a2b0-092174843598,2026-07-08T10:45:00Z,2026-07-08T12:45:00+0200,10775.2,MW,BE,BE,forecast_load,Forecasted Load,2026-07-27T14:54:27Z
2026-07-27T14:54:16Z,2026-07-27T16:54:16+0200,6e7a462e-9eec-47a6-a2b0-092174843598,2026-07-08T11:00:00Z,2026-07-08T13:00:00+0200,10827.71,MW,BE,BE,forecast_load,Forecasted Load,2026-07-27T14:54:27Z
2026-07-27T14:54:16Z,2026-07-27T16:54:16+0200,6e7a462e-9eec-47a6-a2b0-092174843598,2026-07-08T11:15:00Z,2026-07-08T13:15:00+0200,10823.76,MW,BE,BE,forecast_load,Forecasted Load,2026-07-27T14:54:27Z
2026-07-27T14:54:16Z,2026-07-27T16:54:16+0200,6e7a462e-9eec-47a6-a2b0-092174843598,2026-07-08T11:30:00Z,2026-07-08T13:30:00+0200,10823.0,MW,BE,BE,forecast_load,Forecasted Load,2026-07-27T14:54:27Z
2026-07-27T14:54:16Z,2026-07-27T16:54:16+0200,6e7a462e-9eec-47a6-a2b0-092174843598,2026-07-08T11:45:00Z,2026-07-08T13:45:00+0200,10788.52,MW,BE,BE,forecast_load,Forecasted Load,2026-07-27T14:54:27Z
2026-07-27T14:54:16Z,2026-07-27T16:54:16+0200,6e7a462e-9eec-47a6-a2b0-092174843598,2026-07-08T12:00:00Z,2026-07-08T14:00:00+0200,10737.16,MW,BE,BE,forecast_load,Forecasted Load,2026-07-27T14:54:27Z
2026-07-27T14:54:16Z,2026-07-27T16:54:16+0200,6e7a462e-9eec-47a6-a2b0-092174843598,2026-07-08T12:15:00Z,2026-07-08T14:15:00+0200,10697.71,MW,BE,BE,forecast_load,Forecasted Load,2026-07-27T14:54:27Z
2026-07-27T14:54:16Z,2026-07-27T16:54:16+0200,6e7a462e-9eec-47a6-a2b0-092174843598,2026-07-08T12:30:00Z,2026-07-08T14:30:00+0200,10656.49,MW,BE,BE,forecast_load,Forecasted Load,2026-07-27T14:54:27Z
2026-07-27T14:54:16Z,2026-07-27T16:54:16+0200,6e7a462e-9eec-47a6-a2b0-092174843598,2026-07-08T12:45:00Z,2026-07-08T14:45:00+0200,10612.36,MW,BE,BE,forecast_load,Forecasted Load,2026-07-27T14:54:27Z
2026-07-27T14:54:16Z,2026-07-27T16:54:16+0200,6e7a462e-9eec-47a6-a2b0-092174843598,2026-07-08T13:00:00Z,2026-07-08T15:00:00+0200,10567.79,MW,BE,BE,forecast_load,Forecasted Load,2026-07-27T14:54:27Z
2026-07-27T14:54:16Z,2026-07-27T16:54:16+0200,6e7a462e-9eec-47a6-a2b0-092174843598,2026-07-08T13:15:00Z,2026-07-08T15:15:00+0200,10446.85,MW,BE,BE,forecast_load,Forecasted Load,2026-07-27T14:54:27Z
2026-07-27T14:54:16Z,2026-07-27T16:54:16+0200,6e7a462e-9eec-47a6-a2b0-092174843598,2026-07-08T13:30:00Z,2026-07-08T15:30:00+0200,10354.16,MW,BE,BE,forecast_load,Forecasted Load,2026-07-27T14:54:27Z
2026-07-27T14:54:16Z,2026-07-27T16:54:16+0200,6e7a462e-9eec-47a6-a2b0-092174843598,2026-07-08T13:45:00Z,2026-07-08T15:45:00+0200,10286.17,MW,BE,BE,forecast_load,Forecasted Load,2026-07-27T14:54:27Z
2026-07-27T14:54:16Z,2026-07-27T16:54:16+0200,6e7a462e-9eec-47a6-a2b0-092174843598,2026-07-08T14:00:00Z,2026-07-08T16:00:00+0200,10215.15,MW,BE,BE,forecast_load,Forecasted Load,2026-07-27T14:54:27Z
2026-07-27T14:54:16Z,2026-07-27T16:54:16+0200,6e7a462e-9eec-47a6-a2b0-092174843598,2026-07-08T14:15:00Z,2026-07-08T16:15:00+0200,10090.07,MW,BE,BE,forecast_load,Forecasted Load,2026-07-27T14:54:27Z
2026-07-27T14:54:16Z,2026-07-27T16:54:16+0200,6e7a462e-9eec-47a6-a2b0-092174843598,2026-07-08T14:30:00Z,2026-07-08T16:30:00+0200,10036.09,MW,BE,BE,forecast_load,Forecasted Load,2026-07-27T14:54:27Z
2026-07-27T14:54:16Z,2026-07-27T16:54:16+0200,6e7a462e-9eec-47a6-a2b0-092174843598,2026-07-08T14:45:00Z,2026-07-08T16:45:00+0200,9967.17,MW,BE,BE,forecast_load,Forecasted Load,2026-07-27T14:54:27Z
2026-07-27T14:54:16Z,2026-07-27T16:54:16+0200,6e7a462e-9eec-47a6-a2b0-092174843598,2026-07-08T15:00:00Z,2026-07-08T17:00:00+0200,10109.06,MW,BE,BE,forecast_load,Forecasted Load,2026-07-27T14:54:27Z
2026-07-27T14:54:16Z,2026-07-27T16:54:16+0200,6e7a462e-9eec-47a6-a2b0-092174843598,2026-07-08T15:15:00Z,2026-07-08T17:15:00+0200,10021.64,MW,BE,BE,forecast_load,Forecasted Load,2026-07-27T14:54:27Z
2026-07-27T14:54:16Z,2026-07-27T16:54:16+0200,6e7a462e-9eec-47a6-a2b0-092174843598,2026-07-08T15:30:00Z,2026-07-08T17:30:00+0200,10027.23,MW,BE,BE,forecast_load,Forecasted Load,2026-07-27T14:54:27Z
2026-07-27T14:54:16Z,2026-07-27T16:54:16+0200,6e7a462e-9eec-47a6-a2b0-092174843598,2026-07-08T15:45:00Z,2026-07-08T17:45:00+0200,9986.49,MW,BE,BE,forecast_load,Forecasted Load,2026-07-27T14:54:27Z
2026-07-27T14:54:16Z,2026-07-27T16:54:16+0200,6e7a462e-9eec-47a6-a2b0-092174843598,2026-07-08T16:00:00Z,2026-07-08T18:00:00+0200,10138.91,MW,BE,BE,forecast_load,Forecasted Load,2026-07-27T14:54:27Z
2026-07-27T14:54:16Z,2026-07-27T16:54:16+0200,6e7a462e-9eec-47a6-a2b0-092174843598,2026-07-08T16:15:00Z,2026-07-08T18:15:00+0200,10079.38,MW,BE,BE,forecast_load,Forecasted Load,2026-07-27T14:54:27Z
2026-07-27T14:54:16Z,2026-07-27T16:54:16+0200,6e7a462e-9eec-47a6-a2b0-092174843598,2026-07-08T16:30:00Z,2026-07-08T18:30:00+0200,10091.25,MW,BE,BE,forecast_load,Forecasted Load,2026-07-27T14:54:27Z
2026-07-27T14:54:16Z,2026-07-27T16:54:16+0200,6e7a462e-9eec-47a6-a2b0-092174843598,2026-07-08T16:45:00Z,2026-07-08T18:45:00+0200,9983.14,MW,BE,BE,forecast_load,Forecasted Load,2026-07-27T14:54:27Z
2026-07-27T14:54:16Z,2026-07-27T16:54:16+0200,6e7a462e-9eec-47a6-a2b0-092174843598,2026-07-08T17:00:00Z,2026-07-08T19:00:00+0200,10031.35,MW,BE,BE,forecast_load,Forecasted Load,2026-07-27T14:54:27Z
2026-07-27T14:54:16Z,2026-07-27T16:54:16+0200,6e7a462e-9eec-47a6-a2b0-092174843598,2026-07-08T17:15:00Z,2026-07-08T19:15:00+0200,9930.12,MW,BE,BE,forecast_load,Forecasted Load,2026-07-27T14:54:27Z
2026-07-27T14:54:16Z,2026-07-27T16:54:16+0200,6e7a462e-9eec-47a6-a2b0-092174843598,2026-07-08T17:30:00Z,2026-07-08T19:30:00+0200,9858.19,MW,BE,BE,forecast_load,Forecasted Load,2026-07-27T14:54:27Z
2026-07-27T14:54:16Z,2026-07-27T16:54:16+0200,6e7a462e-9eec-47a6-a2b0-092174843598,2026-07-08T17:45:00Z,2026-07-08T19:45:00+0200,9788.36,MW,BE,BE,forecast_load,Forecasted Load,2026-07-27T14:54:27Z
2026-07-27T14:54:16Z,2026-07-27T16:54:16+0200,6e7a462e-9eec-47a6-a2b0-092174843598,2026-07-08T18:00:00Z,2026-07-08T20:00:00+0200,9843.85,MW,BE,BE,forecast_load,Forecasted Load,2026-07-27T14:54:27Z
2026-07-27T14:54:16Z,2026-07-27T16:54:16+0200,6e7a462e-9eec-47a6-a2b0-092174843598,2026-07-08T18:15:00Z,2026-07-08T20:15:00+0200,9749.37,MW,BE,BE,forecast_load,Forecasted Load,2026-07-27T14:54:27Z
2026-07-27T14:54:16Z,2026-07-27T16:54:16+0200,6e7a462e-9eec-47a6-a2b0-092174843598,2026-07-08T18:30:00Z,2026-07-08T20:30:00+0200,9634.58,MW,BE,BE,forecast_load,Forecasted Load,2026-07-27T14:54:27Z
2026-07-27T14:54:16Z,2026-07-27T16:54:16+0200,6e7a462e-9eec-47a6-a2b0-092174843598,2026-07-08T18:45:00Z,2026-07-08T20:45:00+0200,9545.84,MW,BE,BE,forecast_load,Forecasted Load,2026-07-27T14:54:27Z
2026-07-27T14:54:16Z,2026-07-27T16:54:16+0200,6e7a462e-9eec-47a6-a2b0-092174843598,2026-07-08T19:00:00Z,2026-07-08T21:00:00+0200,9539.71,MW,BE,BE,forecast_load,Forecasted Load,2026-07-27T14:54:27Z
2026-07-27T14:54:16Z,2026-07-27T16:54:16+0200,6e7a462e-9eec-47a6-a2b0-092174843598,2026-07-08T19:15:00Z,2026-07-08T21:15:00+0200,9448.03,MW,BE,BE,forecast_load,Forecasted Load,2026-07-27T14:54:27Z
2026-07-27T14:54:16Z,2026-07-27T16:54:16+0200,6e7a462e-9eec-47a6-a2b0-092174843598,2026-07-08T19:30:00Z,2026-07-08T21:30:00+0200,9407.91,MW,BE,BE,forecast_load,Forecasted Load,2026-07-27T14:54:27Z
2026-07-27T14:54:16Z,2026-07-27T16:54:16+0200,6e7a462e-9eec-47a6-a2b0-092174843598,2026-07-08T19:45:00Z,2026-07-08T21:45:00+0200,9408.12,MW,BE,BE,forecast_load,Forecasted Load,2026-07-27T14:54:27Z
2026-07-27T14:54:16Z,2026-07-27T16:54:16+0200,6e7a462e-9eec-47a6-a2b0-092174843598,2026-07-08T20:00:00Z,2026-07-08T22:00:00+0200,9421.26,MW,BE,BE,forecast_load,Forecasted Load,2026-07-27T14:54:27Z
2026-07-27T14:54:16Z,2026-07-27T16:54:16+0200,6e7a462e-9eec-47a6-a2b0-092174843598,2026-07-08T20:15:00Z,2026-07-08T22:15:00+0200,9484.8,MW,BE,BE,forecast_load,Forecasted Load,2026-07-27T14:54:27Z
2026-07-27T14:54:16Z,2026-07-27T16:54:16+0200,6e7a462e-9eec-47a6-a2b0-092174843598,2026-07-08T20:30:00Z,2026-07-08T22:30:00+0200,9467.35,MW,BE,BE,forecast_load,Forecasted Load,2026-07-27T14:54:27Z
2026-07-27T14:54:16Z,2026-07-27T16:54:16+0200,6e7a462e-9eec-47a6-a2b0-092174843598,2026-07-08T20:45:00Z,2026-07-08T22:45:00+0200,9378.05,MW,BE,BE,forecast_load,Forecasted Load,2026-07-27T14:54:27Z
2026-07-27T14:54:16Z,2026-07-27T16:54:16+0200,6e7a462e-9eec-47a6-a2b0-092174843598,2026-07-08T21:00:00Z,2026-07-08T23:00:00+0200,9168.84,MW,BE,BE,forecast_load,Forecasted Load,2026-07-27T14:54:27Z
2026-07-27T14:54:16Z,2026-07-27T16:54:16+0200,6e7a462e-9eec-47a6-a2b0-092174843598,2026-07-08T21:15:00Z,2026-07-08T23:15:00+0200,9063.19,MW,BE,BE,forecast_load,Forecasted Load,2026-07-27T14:54:27Z
2026-07-27T14:54:16Z,2026-07-27T16:54:16+0200,6e7a462e-9eec-47a6-a2b0-092174843598,2026-07-08T21:30:00Z,2026-07-08T23:30:00+0200,8949.98,MW,BE,BE,forecast_load,Forecasted Load,2026-07-27T14:54:27Z
2026-07-27T14:54:16Z,2026-07-27T16:54:16+0200,6e7a462e-9eec-47a6-a2b0-092174843598,2026-07-08T21:45:00Z,2026-07-08T23:45:00+0200,8811.6,MW,BE,BE,forecast_load,Forecasted Load,2026-07-27T14:54:27Z
2026-07-27T14:54:16Z,2026-07-27T16:54:16+0200,6e7a462e-9eec-47a6-a2b0-092174843598,2026-07-08T22:00:00Z,2026-07-09T00:00:00+0200,8744.13,MW,BE,BE,forecast_load,Forecasted Load,2026-07-27T14:54:27Z
2026-07-27T14:54:16Z,2026-07-27T16:54:16+0200,6e7a462e-9eec-47a6-a2b0-092174843598,2026-07-08T22:15:00Z,2026-07-09T00:15:00+0200,8613.43,MW,BE,BE,forecast_load,Forecasted Load,2026-07-27T14:54:27Z
2026-07-27T14:54:16Z,2026-07-27T16:54:16+0200,6e7a462e-9eec-47a6-a2b0-092174843598,2026-07-08T22:30:00Z,2026-07-09T00:30:00+0200,8530.97,MW,BE,BE,forecast_load,Forecasted Load,2026-07-27T14:54:27Z
2026-07-27T14:54:16Z,2026-07-27T16:54:16+0200,6e7a462e-9eec-47a6-a2b0-092174843598,2026-07-08T22:45:00Z,2026-07-09T00:45:00+0200,8444.13,MW,BE,BE,forecast_load,Forecasted Load,2026-07-27T14:54:27Z
2026-07-27T14:54:16Z,2026-07-27T16:54:16+0200,6e7a462e-9eec-47a6-a2b0-092174843598,2026-07-08T23:00:00Z,2026-07-09T01:00:00+0200,8441.2,MW,BE,BE,forecast_load,Forecasted Load,2026-07-27T14:54:27Z
2026-07-27T14:54:16Z,2026-07-27T16:54:16+0200,6e7a462e-9eec-47a6-a2b0-092174843598,2026-07-08T23:15:00Z,2026-07-09T01:15:00+0200,8377.48,MW,BE,BE,forecast_load,Forecasted Load,2026-07-27T14:54:27Z
2026-07-27T14:54:16Z,2026-07-27T16:54:16+0200,6e7a462e-9eec-47a6-a2b0-092174843598,2026-07-08T23:30:00Z,2026-07-09T01:30:00+0200,8299.3,MW,BE,BE,forecast_load,Forecasted Load,2026-07-27T14:54:27Z
2026-07-27T14:54:16Z,2026-07-27T16:54:16+0200,6e7a462e-9eec-47a6-a2b0-092174843598,2026-07-08T23:45:00Z,2026-07-09T01:45:00+0200,8247.68,MW,BE,BE,forecast_load,Forecasted Load,2026-07-27T14:54:27Z
2026-07-27T14:54:16Z,2026-07-27T16:54:16+0200,6e7a462e-9eec-47a6-a2b0-092174843598,2026-07-09T00:00:00Z,2026-07-09T02:00:00+0200,8026.97,MW,BE,BE,forecast_load,Forecasted Load,2026-07-27T14:54:27Z
2026-07-27T14:54:16Z,2026-07-27T16:54:16+0200,6e7a462e-9eec-47a6-a2b0-092174843598,2026-07-09T00:15:00Z,2026-07-09T02:15:00+0200,8003.73,MW,BE,BE,forecast_load,Forecasted Load,2026-07-27T14:54:27Z
2026-07-27T14:54:16Z,2026-07-27T16:54:16+0200,6e7a462e-9eec-47a6-a2b0-092174843598,2026-07-09T00:30:00Z,2026-07-09T02:30:00+0200,7939.31,MW,BE,BE,forecast_load,Forecasted Load,2026-07-27T14:54:27Z
2026-07-27T14:54:16Z,2026-07-27T16:54:16+0200,6e7a462e-9eec-47a6-a2b0-092174843598,2026-07-09T00:45:00Z,2026-07-09T02:45:00+0200,7915.89,MW,BE,BE,forecast_load,Forecasted Load,2026-07-27T14:54:27Z
2026-07-27T14:54:16Z,2026-07-27T16:54:16+0200,6e7a462e-9eec-47a6-a2b0-092174843598,2026-07-09T01:00:00Z,2026-07-09T03:00:00+0200,7883.28,MW,BE,BE,forecast_load,Forecasted Load,2026-07-27T14:54:27Z
2026-07-27T14:54:16Z,2026-07-27T16:54:16+0200,6e7a462e-9eec-47a6-a2b0-092174843598,2026-07-09T01:15:00Z,2026-07-09T03:15:00+0200,7871.17,MW,BE,BE,forecast_load,Forecasted Load,2026-07-27T14:54:27Z
2026-07-27T14:54:16Z,2026-07-27T16:54:16+0200,6e7a462e-9eec-47a6-a2b0-092174843598,2026-07-09T01:30:00Z,2026-07-09T03:30:00+0200,7870.49,MW,BE,BE,forecast_load,Forecasted Load,2026-07-27T14:54:27Z
2026-07-27T14:54:16Z,2026-07-27T16:54:16+0200,6e7a462e-9eec-47a6-a2b0-092174843598,2026-07-09T01:45:00Z,2026-07-09T03:45:00+0200,7847.17,MW,BE,BE,forecast_load,Forecasted Load,2026-07-27T14:54:27Z
2026-07-27T14:54:16Z,2026-07-27T16:54:16+0200,6e7a462e-9eec-47a6-a2b0-092174843598,2026-07-09T02:00:00Z,2026-07-09T04:00:00+0200,7916.19,MW,BE,BE,forecast_load,Forecasted Load,2026-07-27T14:54:27Z
2026-07-27T14:54:16Z,2026-07-27T16:54:16+0200,6e7a462e-9eec-47a6-a2b0-092174843598,2026-07-09T02:15:00Z,2026-07-09T04:15:00+0200,7930.11,MW,BE,BE,forecast_load,Forecasted Load,2026-07-27T14:54:27Z
2026-07-27T14:54:16Z,2026-07-27T16:54:16+0200,6e7a462e-9eec-47a6-a2b0-092174843598,2026-07-09T02:30:00Z,2026-07-09T04:30:00+0200,7901.67,MW,BE,BE,forecast_load,Forecasted Load,2026-07-27T14:54:27Z
2026-07-27T14:54:16Z,2026-07-27T16:54:16+0200,6e7a462e-9eec-47a6-a2b0-092174843598,2026-07-09T02:45:00Z,2026-07-09T04:45:00+0200,7954.13,MW,BE,BE,forecast_load,Forecasted Load,2026-07-27T14:54:27Z
2026-07-27T14:54:16Z,2026-07-27T16:54:16+0200,6e7a462e-9eec-47a6-a2b0-092174843598,2026-07-09T03:00:00Z,2026-07-09T05:00:00+0200,8095.67,MW,BE,BE,forecast_load,Forecasted Load,2026-07-27T14:54:27Z
2026-07-27T14:54:16Z,2026-07-27T16:54:16+0200,6e7a462e-9eec-47a6-a2b0-092174843598,2026-07-09T03:15:00Z,2026-07-09T05:15:00+0200,8108.27,MW,BE,BE,forecast_load,Forecasted Load,2026-07-27T14:54:27Z
2026-07-27T14:54:16Z,2026-07-27T16:54:16+0200,6e7a462e-9eec-47a6-a2b0-092174843598,2026-07-09T03:30:00Z,2026-07-09T05:30:00+0200,8143.41,MW,BE,BE,forecast_load,Forecasted Load,2026-07-27T14:54:27Z
2026-07-27T14:54:16Z,2026-07-27T16:54:16+0200,6e7a462e-9eec-47a6-a2b0-092174843598,2026-07-09T03:45:00Z,2026-07-09T05:45:00+0200,8227.55,MW,BE,BE,forecast_load,Forecasted Load,2026-07-27T14:54:27Z
2026-07-27T14:54:16Z,2026-07-27T16:54:16+0200,6e7a462e-9eec-47a6-a2b0-092174843598,2026-07-09T04:00:00Z,2026-07-09T06:00:00+0200,8513.66,MW,BE,BE,forecast_load,Forecasted Load,2026-07-27T14:54:27Z
2026-07-27T14:54:16Z,2026-07-27T16:54:16+0200,6e7a462e-9eec-47a6-a2b0-092174843598,2026-07-09T04:15:00Z,2026-07-09T06:15:00+0200,8718.44,MW,BE,BE,forecast_load,Forecasted Load,2026-07-27T14:54:27Z
2026-07-27T14:54:16Z,2026-07-27T16:54:16+0200,6e7a462e-9eec-47a6-a2b0-092174843598,2026-07-09T04:30:00Z,2026-07-09T06:30:00+0200,8940.05,MW,BE,BE,forecast_load,Forecasted Load,2026-07-27T14:54:27Z
2026-07-27T14:54:16Z,2026-07-27T16:54:16+0200,6e7a462e-9eec-47a6-a2b0-092174843598,2026-07-09T04:45:00Z,2026-07-09T06:45:00+0200,9129.12,MW,BE,BE,forecast_load,Forecasted Load,2026-07-27T14:54:27Z
2026-07-27T14:54:16Z,2026-07-27T16:54:16+0200,6e7a462e-9eec-47a6-a2b0-092174843598,2026-07-09T05:00:00Z,2026-07-09T07:00:00+0200,9270.47,MW,BE,BE,forecast_load,Forecasted Load,2026-07-27T14:54:27Z
2026-07-27T14:54:16Z,2026-07-27T16:54:16+0200,6e7a462e-9eec-47a6-a2b0-092174843598,2026-07-09T05:15:00Z,2026-07-09T07:15:00+0200,9490.19,MW,BE,BE,forecast_load,Forecasted Load,2026-07-27T14:54:27Z
2026-07-27T14:54:16Z,2026-07-27T16:54:16+0200,6e7a462e-9eec-47a6-a2b0-092174843598,2026-07-09T05:30:00Z,2026-07-09T07:30:00+0200,9713.06,MW,BE,BE,forecast_load,Forecasted Load,2026-07-27T14:54:27Z
2026-07-27T14:54:16Z,2026-07-27T16:54:16+0200,6e7a462e-9eec-47a6-a2b0-092174843598,2026-07-09T05:45:00Z,2026-07-09T07:45:00+0200,9875.11,MW,BE,BE,forecast_load,Forecasted Load,2026-07-27T14:54:27Z
2026-07-27T14:54:16Z,2026-07-27T16:54:16+0200,6e7a462e-9eec-47a6-a2b0-092174843598,2026-07-09T06:00:00Z,2026-07-09T08:00:00+0200,9899.09,MW,BE,BE,forecast_load,Forecasted Load,2026-07-27T14:54:27Z
2026-07-27T14:54:16Z,2026-07-27T16:54:16+0200,6e7a462e-9eec-47a6-a2b0-092174843598,2026-07-09T06:15:00Z,2026-07-09T08:15:00+0200,10065.22,MW,BE,BE,forecast_load,Forecasted Load,2026-07-27T14:54:27Z
2026-07-27T14:54:16Z,2026-07-27T16:54:16+0200,6e7a462e-9eec-47a6-a2b0-092174843598,2026-07-09T06:30:00Z,2026-07-09T08:30:00+0200,10234.42,MW,BE,BE,forecast_load,Forecasted Load,2026-07-27T14:54:27Z
2026-07-27T14:54:16Z,2026-07-27T16:54:16+0200,6e7a462e-9eec-47a6-a2b0-092174843598,2026-07-09T06:45:00Z,2026-07-09T08:45:00+0200,10377.3,MW,BE,BE,forecast_load,Forecasted Load,2026-07-27T14:54:27Z
2026-07-27T14:54:16Z,2026-07-27T16:54:16+0200,6e7a462e-9eec-47a6-a2b0-092174843598,2026-07-09T07:00:00Z,2026-07-09T09:00:00+0200,10318.17,MW,BE,BE,forecast_load,Forecasted Load,2026-07-27T14:54:27Z
2026-07-27T14:54:16Z,2026-07-27T16:54:16+0200,6e7a462e-9eec-47a6-a2b0-092174843598,2026-07-09T07:15:00Z,2026-07-09T09:15:00+0200,10409.25,MW,BE,BE,forecast_load,Forecasted Load,2026-07-27T14:54:27Z
2026-07-27T14:54:16Z,2026-07-27T16:54:16+0200,6e7a462e-9eec-47a6-a2b0-092174843598,2026-07-09T07:30:00Z,2026-07-09T09:30:00+0200,10505.93,MW,BE,BE,forecast_load,Forecasted Load,2026-07-27T14:54:27Z
2026-07-27T14:54:16Z,2026-07-27T16:54:16+0200,6e7a462e-9eec-47a6-a2b0-092174843598,2026-07-09T07:45:00Z,2026-07-09T09:45:00+0200,10625.12,MW,BE,BE,forecast_load,Forecasted Load,2026-07-27T14:54:27Z
2026-07-27T14:54:16Z,2026-07-27T16:54:16+0200,6e7a462e-9eec-47a6-a2b0-092174843598,2026-07-09T08:00:00Z,2026-07-09T10:00:00+0200,10486.22,MW,BE,BE,forecast_load,Forecasted Load,2026-07-27T14:54:27Z
2026-07-27T14:54:16Z,2026-07-27T16:54:16+0200,6e7a462e-9eec-47a6-a2b0-092174843598,2026-07-09T08:15:00Z,2026-07-09T10:15:00+0200,10536.89,MW,BE,BE,forecast_load,Forecasted Load,2026-07-27T14:54:27Z
2026-07-27T14:54:16Z,2026-07-27T16:54:16+0200,6e7a462e-9eec-47a6-a2b0-092174843598,2026-07-09T08:30:00Z,2026-07-09T10:30:00+0200,10605.64,MW,BE,BE,forecast_load,Forecasted Load,2026-07-27T14:54:27Z
2026-07-27T14:54:16Z,2026-07-27T16:54:16+0200,6e7a462e-9eec-47a6-a2b0-092174843598,2026-07-09T08:45:00Z,2026-07-09T10:45:00+0200,10714.47,MW,BE,BE,forecast_load,Forecasted Load,2026-07-27T14:54:27Z
2026-07-27T14:54:16Z,2026-07-27T16:54:16+0200,6e7a462e-9eec-47a6-a2b0-092174843598,2026-07-09T09:00:00Z,2026-07-09T11:00:00+0200,10713.93,MW,BE,BE,forecast_load,Forecasted Load,2026-07-27T14:54:27Z
2026-07-27T14:54:16Z,2026-07-27T16:54:16+0200,6e7a462e-9eec-47a6-a2b0-092174843598,2026-07-09T09:15:00Z,2026-07-09T11:15:00+0200,10772.2,MW,BE,BE,forecast_load,Forecasted Load,2026-07-27T14:54:27Z
2026-07-27T14:54:16Z,2026-07-27T16:54:16+0200,6e7a462e-9eec-47a6-a2b0-092174843598,2026-07-09T09:30:00Z,2026-07-09T11:30:00+0200,10848.66,MW,BE,BE,forecast_load,Forecasted Load,2026-07-27T14:54:27Z
2026-07-27T14:54:16Z,2026-07-27T16:54:16+0200,6e7a462e-9eec-47a6-a2b0-092174843598,2026-07-09T09:45:00Z,2026-07-09T11:45:00+0200,10956.22,MW,BE,BE,forecast_load,Forecasted Load,2026-07-27T14:54:27Z
2026-07-27T14:54:16Z,2026-07-27T16:54:16+0200,6e7a462e-9eec-47a6-a2b0-092174843598,2026-07-09T10:00:00Z,2026-07-09T12:00:00+0200,10932.74,MW,BE,BE,forecast_load,Forecasted Load,2026-07-27T14:54:27Z
2026-07-27T14:54:16Z,2026-07-27T16:54:16+0200,6e7a462e-9eec-47a6-a2b0-092174843598,2026-07-09T10:15:00Z,2026-07-09T12:15:00+0200,10908.62,MW,BE,BE,forecast_load,Forecasted Load,2026-07-27T14:54:27Z
2026-07-27T14:54:16Z,2026-07-27T16:54:16+0200,6e7a462e-9eec-47a6-a2b0-092174843598,2026-07-09T10:30:00Z,2026-07-09T12:30:00+0200,10864.09,MW,BE,BE,forecast_load,Forecasted Load,2026-07-27T14:54:27Z
2026-07-27T14:54:16Z,2026-07-27T16:54:16+0200,6e7a462e-9eec-47a6-a2b0-092174843598,2026-07-09T10:45:00Z,2026-07-09T12:45:00+0200,10880.75,MW,BE,BE,forecast_load,Forecasted Load,2026-07-27T14:54:27Z
2026-07-27T14:54:16Z,2026-07-27T16:54:16+0200,6e7a462e-9eec-47a6-a2b0-092174843598,2026-07-09T11:00:00Z,2026-07-09T13:00:00+0200,10936.33,MW,BE,BE,forecast_load,Forecasted Load,2026-07-27T14:54:27Z
2026-07-27T14:54:16Z,2026-07-27T16:54:16+0200,6e7a462e-9eec-47a6-a2b0-092174843598,2026-07-09T11:15:00Z,2026-07-09T13:15:00+0200,10935.51,MW,BE,BE,forecast_load,Forecasted Load,2026-07-27T14:54:27Z
2026-07-27T14:54:16Z,2026-07-27T16:54:16+0200,6e7a462e-9eec-47a6-a2b0-092174843598,2026-07-09T11:30:00Z,2026-07-09T13:30:00+0200,10938.84,MW,BE,BE,forecast_load,Forecasted Load,2026-07-27T14:54:27Z
2026-07-27T14:54:16Z,2026-07-27T16:54:16+0200,6e7a462e-9eec-47a6-a2b0-092174843598,2026-07-09T11:45:00Z,2026-07-09T13:45:00+0200,10880.96,MW,BE,BE,forecast_load,Forecasted Load,2026-07-27T14:54:27Z
2026-07-27T14:54:16Z,2026-07-27T16:54:16+0200,6e7a462e-9eec-47a6-a2b0-092174843598,2026-07-09T12:00:00Z,2026-07-09T14:00:00+0200,10767.1,MW,BE,BE,forecast_load,Forecasted Load,2026-07-27T14:54:27Z
2026-07-27T14:54:16Z,2026-07-27T16:54:16+0200,6e7a462e-9eec-47a6-a2b0-092174843598,2026-07-09T12:15:00Z,2026-07-09T14:15:00+0200,10721.28,MW,BE,BE,forecast_load,Forecasted Load,2026-07-27T14:54:27Z
2026-07-27T14:54:16Z,2026-07-27T16:54:16+0200,6e7a462e-9eec-47a6-a2b0-092174843598,2026-07-09T12:30:00Z,2026-07-09T14:30:00+0200,10681.84,MW,BE,BE,forecast_load,Forecasted Load,2026-07-27T14:54:27Z
2026-07-27T14:54:16Z,2026-07-27T16:54:16+0200,6e7a462e-9eec-47a6-a2b0-092174843598,2026-07-09T12:45:00Z,2026-07-09T14:45:00+0200,10626.81,MW,BE,BE,forecast_load,Forecasted Load,2026-07-27T14:54:27Z
2026-07-27T14:54:16Z,2026-07-27T16:54:16+0200,6e7a462e-9eec-47a6-a2b0-092174843598,2026-07-09T13:00:00Z,2026-07-09T15:00:00+0200,10645.46,MW,BE,BE,forecast_load,Forecasted Load,2026-07-27T14:54:27Z
2026-07-27T14:54:16Z,2026-07-27T16:54:16+0200,6e7a462e-9eec-47a6-a2b0-092174843598,2026-07-09T13:15:00Z,2026-07-09T15:15:00+0200,10518.82,MW,BE,BE,forecast_load,Forecasted Load,2026-07-27T14:54:27Z
2026-07-27T14:54:16Z,2026-07-27T16:54:16+0200,6e7a462e-9eec-47a6-a2b0-092174843598,2026-07-09T13:30:00Z,2026-07-09T15:30:00+0200,10415.24,MW,BE,BE,forecast_load,Forecasted Load,2026-07-27T14:54:27Z
2026-07-27T14:54:16Z,2026-07-27T16:54:16+0200,6e7a462e-9eec-47a6-a2b0-092174843598,2026-07-09T13:45:00Z,2026-07-09T15:45:00+0200,10366.3,MW,BE,BE,forecast_load,Forecasted Load,2026-07-27T14:54:27Z
2026-07-27T14:54:16Z,2026-07-27T16:54:16+0200,6e7a462e-9eec-47a6-a2b0-092174843598,2026-07-09T14:00:00Z,2026-07-09T16:00:00+0200,10490.33,MW,BE,BE,forecast_load,Forecasted Load,2026-07-27T14:54:27Z
2026-07-27T14:54:16Z,2026-07-27T16:54:16+0200,6e7a462e-9eec-47a6-a2b0-092174843598,2026-07-09T14:15:00Z,2026-07-09T16:15:00+0200,10386.5,MW,BE,BE,forecast_load,Forecasted Load,2026-07-27T14:54:27Z
2026-07-27T14:54:16Z,2026-07-27T16:54:16+0200,6e7a462e-9eec-47a6-a2b0-092174843598,2026-07-09T14:30:00Z,2026-07-09T16:30:00+0200,10349.65,MW,BE,BE,forecast_load,Forecasted Load,2026-07-27T14:54:27Z
2026-07-27T14:54:16Z,2026-07-27T16:54:16+0200,6e7a462e-9eec-47a6-a2b0-092174843598,2026-07-09T14:45:00Z,2026-07-09T16:45:00+0200,10278.53,MW,BE,BE,forecast_load,Forecasted Load,2026-07-27T14:54:27Z
2026-07-27T14:54:16Z,2026-07-27T16:54:16+0200,6e7a462e-9eec-47a6-a2b0-092174843598,2026-07-09T15:00:00Z,2026-07-09T17:00:00+0200,10341.35,MW,BE,BE,forecast_load,Forecasted Load,2026-07-27T14:54:27Z
2026-07-27T14:54:16Z,2026-07-27T16:54:16+0200,6e7a462e-9eec-47a6-a2b0-092174843598,2026-07-09T15:15:00Z,2026-07-09T17:15:00+0200,10252.03,MW,BE,BE,forecast_load,Forecasted Load,2026-07-27T14:54:27Z
2026-07-27T14:54:16Z,2026-07-27T16:54:16+0200,6e7a462e-9eec-47a6-a2b0-092174843598,2026-07-09T15:30:00Z,2026-07-09T17:30:00+0200,10262.73,MW,BE,BE,forecast_load,Forecasted Load,2026-07-27T14:54:27Z
2026-07-27T14:54:16Z,2026-07-27T16:54:16+0200,6e7a462e-9eec-47a6-a2b0-092174843598,2026-07-09T15:45:00Z,2026-07-09T17:45:00+0200,10203.49,MW,BE,BE,forecast_load,Forecasted Load,2026-07-27T14:54:27Z
2026-07-27T14:54:16Z,2026-07-27T16:54:16+0200,6e7a462e-9eec-47a6-a2b0-092174843598,2026-07-09T16:00:00Z,2026-07-09T18:00:00+0200,10180.37,MW,BE,BE,forecast_load,Forecasted Load,2026-07-27T14:54:27Z
2026-07-27T14:54:16Z,2026-07-27T16:54:16+0200,6e7a462e-9eec-47a6-a2b0-092174843598,2026-07-09T16:15:00Z,2026-07-09T18:15:00+0200,10107.98,MW,BE,BE,forecast_load,Forecasted Load,2026-07-27T14:54:27Z
2026-07-27T14:54:16Z,2026-07-27T16:54:16+0200,6e7a462e-9eec-47a6-a2b0-092174843598,2026-07-09T16:30:00Z,2026-07-09T18:30:00+0200,10115.87,MW,BE,BE,forecast_load,Forecasted Load,2026-07-27T14:54:27Z
2026-07-27T14:54:16Z,2026-07-27T16:54:16+0200,6e7a462e-9eec-47a6-a2b0-092174843598,2026-07-09T16:45:00Z,2026-07-09T18:45:00+0200,10013.78,MW,BE,BE,forecast_load,Forecasted Load,2026-07-27T14:54:27Z
2026-07-27T14:54:16Z,2026-07-27T16:54:16+0200,6e7a462e-9eec-47a6-a2b0-092174843598,2026-07-09T17:00:00Z,2026-07-09T19:00:00+0200,9939.16,MW,BE,BE,forecast_load,Forecasted Load,2026-07-27T14:54:27Z
2026-07-27T14:54:16Z,2026-07-27T16:54:16+0200,6e7a462e-9eec-47a6-a2b0-092174843598,2026-07-09T17:15:00Z,2026-07-09T19:15:00+0200,9845.73,MW,BE,BE,forecast_load,Forecasted Load,2026-07-27T14:54:27Z
2026-07-27T14:54:16Z,2026-07-27T16:54:16+0200,6e7a462e-9eec-47a6-a2b0-092174843598,2026-07-09T17:30:00Z,2026-07-09T19:30:00+0200,9778.9,MW,BE,BE,forecast_load,Forecasted Load,2026-07-27T14:54:27Z
2026-07-27T14:54:16Z,2026-07-27T16:54:16+0200,6e7a462e-9eec-47a6-a2b0-092174843598,2026-07-09T17:45:00Z,2026-07-09T19:45:00+0200,9738.17,MW,BE,BE,forecast_load,Forecasted Load,2026-07-27T14:54:27Z
2026-07-27T14:54:16Z,2026-07-27T16:54:16+0200,6e7a462e-9eec-47a6-a2b0-092174843598,2026-07-09T18:00:00Z,2026-07-09T20:00:00+0200,9697.69,MW,BE,BE,forecast_load,Forecasted Load,2026-07-27T14:54:27Z
2026-07-27T14:54:16Z,2026-07-27T16:54:16+0200,6e7a462e-9eec-47a6-a2b0-092174843598,2026-07-09T18:15:00Z,2026-07-09T20:15:00+0200,9603.33,MW,BE,BE,forecast_load,Forecasted Load,2026-07-27T14:54:27Z
2026-07-27T14:54:16Z,2026-07-27T16:54:16+0200,6e7a462e-9eec-47a6-a2b0-092174843598,2026-07-09T18:30:00Z,2026-07-09T20:30:00+0200,9499.1,MW,BE,BE,forecast_load,Forecasted Load,2026-07-27T14:54:27Z
2026-07-27T14:54:16Z,2026-07-27T16:54:16+0200,6e7a462e-9eec-47a6-a2b0-092174843598,2026-07-09T18:45:00Z,2026-07-09T20:45:00+0200,9396.51,MW,BE,BE,forecast_load,Forecasted Load,2026-07-27T14:54:27Z
2026-07-27T14:54:16Z,2026-07-27T16:54:16+0200,6e7a462e-9eec-47a6-a2b0-092174843598,2026-07-09T19:00:00Z,2026-07-09T21:00:00+0200,9447.56,MW,BE,BE,forecast_load,Forecasted Load,2026-07-27T14:54:27Z
2026-07-27T14:54:16Z,2026-07-27T16:54:16+0200,6e7a462e-9eec-47a6-a2b0-092174843598,2026-07-09T19:15:00Z,2026-07-09T21:15:00+0200,9367.48,MW,BE,BE,forecast_load,Forecasted Load,2026-07-27T14:54:27Z
2026-07-27T14:54:16Z,2026-07-27T16:54:16+0200,6e7a462e-9eec-47a6-a2b0-092174843598,2026-07-09T19:30:00Z,2026-07-09T21:30:00+0200,9334.63,MW,BE,BE,forecast_load,Forecasted Load,2026-07-27T14:54:27Z
2026-07-27T14:54:16Z,2026-07-27T16:54:16+0200,6e7a462e-9eec-47a6-a2b0-092174843598,2026-07-09T19:45:00Z,2026-07-09T21:45:00+0200,9305.94,MW,BE,BE,forecast_load,Forecasted Load,2026-07-27T14:54:27Z
2026-07-27T14:54:16Z,2026-07-27T16:54:16+0200,6e7a462e-9eec-47a6-a2b0-092174843598,2026-07-09T20:00:00Z,2026-07-09T22:00:00+0200,9512.39,MW,BE,BE,forecast_load,Forecasted Load,2026-07-27T14:54:27Z
2026-07-27T14:54:16Z,2026-07-27T16:54:16+0200,6e7a462e-9eec-47a6-a2b0-092174843598,2026-07-09T20:15:00Z,2026-07-09T22:15:00+0200,9564.36,MW,BE,BE,forecast_load,Forecasted Load,2026-07-27T14:54:27Z
2026-07-27T14:54:16Z,2026-07-27T16:54:16+0200,6e7a462e-9eec-47a6-a2b0-092174843598,2026-07-09T20:30:00Z,2026-07-09T22:30:00+0200,9537.32,MW,BE,BE,forecast_load,Forecasted Load,2026-07-27T14:54:27Z
2026-07-27T14:54:16Z,2026-07-27T16:54:16+0200,6e7a462e-9eec-47a6-a2b0-092174843598,2026-07-09T20:45:00Z,2026-07-09T22:45:00+0200,9439.93,MW,BE,BE,forecast_load,Forecasted Load,2026-07-27T14:54:27Z
2026-07-27T14:54:16Z,2026-07-27T16:54:16+0200,6e7a462e-9eec-47a6-a2b0-092174843598,2026-07-09T21:00:00Z,2026-07-09T23:00:00+0200,9399.4,MW,BE,BE,forecast_load,Forecasted Load,2026-07-27T14:54:27Z
2026-07-27T14:54:16Z,2026-07-27T16:54:16+0200,6e7a462e-9eec-47a6-a2b0-092174843598,2026-07-09T21:15:00Z,2026-07-09T23:15:00+0200,9299.8,MW,BE,BE,forecast_load,Forecasted Load,2026-07-27T14:54:27Z
2026-07-27T14:54:16Z,2026-07-27T16:54:16+0200,6e7a462e-9eec-47a6-a2b0-092174843598,2026-07-09T21:30:00Z,2026-07-09T23:30:00+0200,9182.66,MW,BE,BE,forecast_load,Forecasted Load,2026-07-27T14:54:27Z
2026-07-27T14:54:16Z,2026-07-27T16:54:16+0200,6e7a462e-9eec-47a6-a2b0-092174843598,2026-07-09T21:45:00Z,2026-07-09T23:45:00+0200,9034.85,MW,BE,BE,forecast_load,Forecasted Load,2026-07-27T14:54:27Z
2026-07-27T14:54:16Z,2026-07-27T16:54:16+0200,6e7a462e-9eec-47a6-a2b0-092174843598,2026-07-09T22:00:00Z,2026-07-10T00:00:00+0200,8719.88,MW,BE,BE,forecast_load,Forecasted Load,2026-07-27T14:54:27Z
2026-07-27T14:54:16Z,2026-07-27T16:54:16+0200,6e7a462e-9eec-47a6-a2b0-092174843598,2026-07-09T22:15:00Z,2026-07-10T00:15:00+0200,8604.44,MW,BE,BE,forecast_load,Forecasted Load,2026-07-27T14:54:27Z
2026-07-27T14:54:16Z,2026-07-27T16:54:16+0200,6e7a462e-9eec-47a6-a2b0-092174843598,2026-07-09T22:30:00Z,2026-07-10T00:30:00+0200,8518.16,MW,BE,BE,forecast_load,Forecasted Load,2026-07-27T14:54:27Z
2026-07-27T14:54:16Z,2026-07-27T16:54:16+0200,6e7a462e-9eec-47a6-a2b0-092174843598,2026-07-09T22:45:00Z,2026-07-10T00:45:00+0200,8441.37,MW,BE,BE,forecast_load,Forecasted Load,2026-07-27T14:54:27Z
2026-07-27T14:54:16Z,2026-07-27T16:54:16+0200,6e7a462e-9eec-47a6-a2b0-092174843598,2026-07-09T23:00:00Z,2026-07-10T01:00:00+0200,8370.3,MW,BE,BE,forecast_load,Forecasted Load,2026-07-27T14:54:27Z
2026-07-27T14:54:16Z,2026-07-27T16:54:16+0200,6e7a462e-9eec-47a6-a2b0-092174843598,2026-07-09T23:15:00Z,2026-07-10T01:15:00+0200,8310.84,MW,BE,BE,forecast_load,Forecasted Load,2026-07-27T14:54:27Z
2026-07-27T14:54:16Z,2026-07-27T16:54:16+0200,6e7a462e-9eec-47a6-a2b0-092174843598,2026-07-09T23:30:00Z,2026-07-10T01:30:00+0200,8221.65,MW,BE,BE,forecast_load,Forecasted Load,2026-07-27T14:54:27Z
2026-07-27T14:54:16Z,2026-07-27T16:54:16+0200,6e7a462e-9eec-47a6-a2b0-092174843598,2026-07-09T23:45:00Z,2026-07-10T01:45:00+0200,8179.14,MW,BE,BE,forecast_load,Forecasted Load,2026-07-27T14:54:27Z
2026-07-27T14:54:16Z,2026-07-27T16:54:16+0200,6e7a462e-9eec-47a6-a2b0-092174843598,2026-07-10T00:00:00Z,2026-07-10T02:00:00+0200,8094.42,MW,BE,BE,forecast_load,Forecasted Load,2026-07-27T14:54:27Z
2026-07-27T14:54:16Z,2026-07-27T16:54:16+0200,6e7a462e-9eec-47a6-a2b0-092174843598,2026-07-10T00:15:00Z,2026-07-10T02:15:00+0200,8075.11,MW,BE,BE,forecast_load,Forecasted Load,2026-07-27T14:54:27Z
2026-07-27T14:54:16Z,2026-07-27T16:54:16+0200,6e7a462e-9eec-47a6-a2b0-092174843598,2026-07-10T00:30:00Z,2026-07-10T02:30:00+0200,8003.44,MW,BE,BE,forecast_load,Forecasted Load,2026-07-27T14:54:27Z
2026-07-27T14:54:16Z,2026-07-27T16:54:16+0200,6e7a462e-9eec-47a6-a2b0-092174843598,2026-07-10T00:45:00Z,2026-07-10T02:45:00+0200,7980.7,MW,BE,BE,forecast_load,Forecasted Load,2026-07-27T14:54:27Z
2026-07-27T14:54:16Z,2026-07-27T16:54:16+0200,6e7a462e-9eec-47a6-a2b0-092174843598,2026-07-10T01:00:00Z,2026-07-10T03:00:00+0200,7936.34,MW,BE,BE,forecast_load,Forecasted Load,2026-07-27T14:54:27Z
2026-07-27T14:54:16Z,2026-07-27T16:54:16+0200,6e7a462e-9eec-47a6-a2b0-092174843598,2026-07-10T01:15:00Z,2026-07-10T03:15:00+0200,7927.23,MW,BE,BE,forecast_load,Forecasted Load,2026-07-27T14:54:27Z
2026-07-27T14:54:16Z,2026-07-27T16:54:16+0200,6e7a462e-9eec-47a6-a2b0-092174843598,2026-07-10T01:30:00Z,2026-07-10T03:30:00+0200,7913.91,MW,BE,BE,forecast_load,Forecasted Load,2026-07-27T14:54:27Z
2026-07-27T14:54:16Z,2026-07-27T16:54:16+0200,6e7a462e-9eec-47a6-a2b0-092174843598,2026-07-10T01:45:00Z,2026-07-10T03:45:00+0200,7898.97,MW,BE,BE,forecast_load,Forecasted Load,2026-07-27T14:54:27Z
2026-07-27T14:54:16Z,2026-07-27T16:54:16+0200,6e7a462e-9eec-47a6-a2b0-092174843598,2026-07-10T02:00:00Z,2026-07-10T04:00:00+0200,7908.21,MW,BE,BE,forecast_load,Forecasted Load,2026-07-27T14:54:27Z
2026-07-27T14:54:16Z,2026-07-27T16:54:16+0200,6e7a462e-9eec-47a6-a2b0-092174843598,2026-07-10T02:15:00Z,2026-07-10T04:15:00+0200,7912.2,MW,BE,BE,forecast_load,Forecasted Load,2026-07-27T14:54:27Z
2026-07-27T14:54:16Z,2026-07-27T16:54:16+0200,6e7a462e-9eec-47a6-a2b0-092174843598,2026-07-10T02:30:00Z,2026-07-10T04:30:00+0200,7890.68,MW,BE,BE,forecast_load,Forecasted Load,2026-07-27T14:54:27Z
2026-07-27T14:54:16Z,2026-07-27T16:54:16+0200,6e7a462e-9eec-47a6-a2b0-092174843598,2026-07-10T02:45:00Z,2026-07-10T04:45:00+0200,7939.84,MW,BE,BE,forecast_load,Forecasted Load,2026-07-27T14:54:27Z
2026-07-27T14:54:16Z,2026-07-27T16:54:16+0200,6e7a462e-9eec-47a6-a2b0-092174843598,2026-07-10T03:00:00Z,2026-07-10T05:00:00+0200,8000.37,MW,BE,BE,forecast_load,Forecasted Load,2026-07-27T14:54:27Z
2026-07-27T14:54:16Z,2026-07-27T16:54:16+0200,6e7a462e-9eec-47a6-a2b0-092174843598,2026-07-10T03:15:00Z,2026-07-10T05:15:00+0200,8005.19,MW,BE,BE,forecast_load,Forecasted Load,2026-07-27T14:54:27Z
2026-07-27T14:54:16Z,2026-07-27T16:54:16+0200,6e7a462e-9eec-47a6-a2b0-092174843598,2026-07-10T03:30:00Z,2026-07-10T05:30:00+0200,8027.95,MW,BE,BE,forecast_load,Forecasted Load,2026-07-27T14:54:27Z
2026-07-27T14:54:16Z,2026-07-27T16:54:16+0200,6e7a462e-9eec-47a6-a2b0-092174843598,2026-07-10T03:45:00Z,2026-07-10T05:45:00+0200,8116.36,MW,BE,BE,forecast_load,Forecasted Load,2026-07-27T14:54:27Z
2026-07-27T14:54:16Z,2026-07-27T16:54:16+0200,6e7a462e-9eec-47a6-a2b0-092174843598,2026-07-10T04:00:00Z,2026-07-10T06:00:00+0200,8211.06,MW,BE,BE,forecast_load,Forecasted Load,2026-07-27T14:54:27Z
2026-07-27T14:54:16Z,2026-07-27T16:54:16+0200,6e7a462e-9eec-47a6-a2b0-092174843598,2026-07-10T04:15:00Z,2026-07-10T06:15:00+0200,8407.54,MW,BE,BE,forecast_load,Forecasted Load,2026-07-27T14:54:27Z
2026-07-27T14:54:16Z,2026-07-27T16:54:16+0200,6e7a462e-9eec-47a6-a2b0-092174843598,2026-07-10T04:30:00Z,2026-07-10T06:30:00+0200,8607.36,MW,BE,BE,forecast_load,Forecasted Load,2026-07-27T14:54:27Z
2026-07-27T14:54:16Z,2026-07-27T16:54:16+0200,6e7a462e-9eec-47a6-a2b0-092174843598,2026-07-10T04:45:00Z,2026-07-10T06:45:00+0200,8786.31,MW,BE,BE,forecast_load,Forecasted Load,2026-07-27T14:54:27Z
2026-07-27T14:54:16Z,2026-07-27T16:54:16+0200,6e7a462e-9eec-47a6-a2b0-092174843598,2026-07-10T05:00:00Z,2026-07-10T07:00:00+0200,8865.55,MW,BE,BE,forecast_load,Forecasted Load,2026-07-27T14:54:27Z
2026-07-27T14:54:16Z,2026-07-27T16:54:16+0200,6e7a462e-9eec-47a6-a2b0-092174843598,2026-07-10T05:15:00Z,2026-07-10T07:15:00+0200,9073.74,MW,BE,BE,forecast_load,Forecasted Load,2026-07-27T14:54:27Z
2026-07-27T14:54:16Z,2026-07-27T16:54:16+0200,6e7a462e-9eec-47a6-a2b0-092174843598,2026-07-10T05:30:00Z,2026-07-10T07:30:00+0200,9287.85,MW,BE,BE,forecast_load,Forecasted Load,2026-07-27T14:54:27Z
2026-07-27T14:54:16Z,2026-07-27T16:54:16+0200,6e7a462e-9eec-47a6-a2b0-092174843598,2026-07-10T05:45:00Z,2026-07-10T07:45:00+0200,9445.32,MW,BE,BE,forecast_load,Forecasted Load,2026-07-27T14:54:27Z
2026-07-27T14:54:16Z,2026-07-27T16:54:16+0200,6e7a462e-9eec-47a6-a2b0-092174843598,2026-07-10T06:00:00Z,2026-07-10T08:00:00+0200,9488.03,MW,BE,BE,forecast_load,Forecasted Load,2026-07-27T14:54:27Z
2026-07-27T14:54:16Z,2026-07-27T16:54:16+0200,6e7a462e-9eec-47a6-a2b0-092174843598,2026-07-10T06:15:00Z,2026-07-10T08:15:00+0200,9647.72,MW,BE,BE,forecast_load,Forecasted Load,2026-07-27T14:54:27Z
2026-07-27T14:54:16Z,2026-07-27T16:54:16+0200,6e7a462e-9eec-47a6-a2b0-092174843598,2026-07-10T06:30:00Z,2026-07-10T08:30:00+0200,9803.02,MW,BE,BE,forecast_load,Forecasted Load,2026-07-27T14:54:27Z
2026-07-27T14:54:16Z,2026-07-27T16:54:16+0200,6e7a462e-9eec-47a6-a2b0-092174843598,2026-07-10T06:45:00Z,2026-07-10T08:45:00+0200,9938.0,MW,BE,BE,forecast_load,Forecasted Load,2026-07-27T14:54:27Z
2026-07-27T14:54:16Z,2026-07-27T16:54:16+0200,6e7a462e-9eec-47a6-a2b0-092174843598,2026-07-10T07:00:00Z,2026-07-10T09:00:00+0200,10078.63,MW,BE,BE,forecast_load,Forecasted Load,2026-07-27T14:54:27Z
2026-07-27T14:54:16Z,2026-07-27T16:54:16+0200,6e7a462e-9eec-47a6-a2b0-092174843598,2026-07-10T07:15:00Z,2026-07-10T09:15:00+0200,10159.25,MW,BE,BE,forecast_load,Forecasted Load,2026-07-27T14:54:27Z
2026-07-27T14:54:16Z,2026-07-27T16:54:16+0200,6e7a462e-9eec-47a6-a2b0-092174843598,2026-07-10T07:30:00Z,2026-07-10T09:30:00+0200,10263.67,MW,BE,BE,forecast_load,Forecasted Load,2026-07-27T14:54:27Z
2026-07-27T14:54:16Z,2026-07-27T16:54:16+0200,6e7a462e-9eec-47a6-a2b0-092174843598,2026-07-10T07:45:00Z,2026-07-10T09:45:00+0200,10394.02,MW,BE,BE,forecast_load,Forecasted Load,2026-07-27T14:54:27Z
2026-07-27T14:54:16Z,2026-07-27T16:54:16+0200,6e7a462e-9eec-47a6-a2b0-092174843598,2026-07-10T08:00:00Z,2026-07-10T10:00:00+0200,10486.09,MW,BE,BE,forecast_load,Forecasted Load,2026-07-27T14:54:27Z
2026-07-27T14:54:16Z,2026-07-27T16:54:16+0200,6e7a462e-9eec-47a6-a2b0-092174843598,2026-07-10T08:15:00Z,2026-07-10T10:15:00+0200,10542.8,MW,BE,BE,forecast_load,Forecasted Load,2026-07-27T14:54:27Z
2026-07-27T14:54:16Z,2026-07-27T16:54:16+0200,6e7a462e-9eec-47a6-a2b0-092174843598,2026-07-10T08:30:00Z,2026-07-10T10:30:00+0200,10603.71,MW,BE,BE,forecast_load,Forecasted Load,2026-07-27T14:54:27Z
2026-07-27T14:54:16Z,2026-07-27T16:54:16+0200,6e7a462e-9eec-47a6-a2b0-092174843598,2026-07-10T08:45:00Z,2026-07-10T10:45:00+0200,10682.11,MW,BE,BE,forecast_load,Forecasted Load,2026-07-27T14:54:27Z
2026-07-27T14:54:16Z,2026-07-27T16:54:16+0200,6e7a462e-9eec-47a6-a2b0-092174843598,2026-07-10T09:00:00Z,2026-07-10T11:00:00+0200,10728.69,MW,BE,BE,forecast_load,Forecasted Load,2026-07-27T14:54:27Z
2026-07-27T14:54:16Z,2026-07-27T16:54:16+0200,6e7a462e-9eec-47a6-a2b0-092174843598,2026-07-10T09:15:00Z,2026-07-10T11:15:00+0200,10763.55,MW,BE,BE,forecast_load,Forecasted Load,2026-07-27T14:54:27Z
2026-07-27T14:54:16Z,2026-07-27T16:54:16+0200,6e7a462e-9eec-47a6-a2b0-092174843598,2026-07-10T09:30:00Z,2026-07-10T11:30:00+0200,10839.43,MW,BE,BE,forecast_load,Forecasted Load,2026-07-27T14:54:27Z
2026-07-27T14:54:16Z,2026-07-27T16:54:16+0200,6e7a462e-9eec-47a6-a2b0-092174843598,2026-07-10T09:45:00Z,2026-07-10T11:45:00+0200,10933.91,MW,BE,BE,forecast_load,Forecasted Load,2026-07-27T14:54:27Z
2026-07-27T14:54:16Z,2026-07-27T16:54:16+0200,6e7a462e-9eec-47a6-a2b0-092174843598,2026-07-10T10:00:00Z,2026-07-10T12:00:00+0200,10879.44,MW,BE,BE,forecast_load,Forecasted Load,2026-07-27T14:54:27Z
2026-07-27T14:54:16Z,2026-07-27T16:54:16+0200,6e7a462e-9eec-47a6-a2b0-092174843598,2026-07-10T10:15:00Z,2026-07-10T12:15:00+0200,10836.0,MW,BE,BE,forecast_load,Forecasted Load,2026-07-27T14:54:27Z
2026-07-27T14:54:16Z,2026-07-27T16:54:16+0200,6e7a462e-9eec-47a6-a2b0-092174843598,2026-07-10T10:30:00Z,2026-07-10T12:30:00+0200,10799.82,MW,BE,BE,forecast_load,Forecasted Load,2026-07-27T14:54:27Z
2026-07-27T14:54:16Z,2026-07-27T16:54:16+0200,6e7a462e-9eec-47a6-a2b0-092174843598,2026-07-10T10:45:00Z,2026-07-10T12:45:00+0200,10821.11,MW,BE,BE,forecast_load,Forecasted Load,2026-07-27T14:54:27Z
2026-07-27T14:54:16Z,2026-07-27T16:54:16+0200,6e7a462e-9eec-47a6-a2b0-092174843598,2026-07-10T11:00:00Z,2026-07-10T13:00:00+0200,10850.27,MW,BE,BE,forecast_load,Forecasted Load,2026-07-27T14:54:27Z
2026-07-27T14:54:16Z,2026-07-27T16:54:16+0200,6e7a462e-9eec-47a6-a2b0-092174843598,2026-07-10T11:15:00Z,2026-07-10T13:15:00+0200,10873.14,MW,BE,BE,forecast_load,Forecasted Load,2026-07-27T14:54:27Z
2026-07-27T14:54:16Z,2026-07-27T16:54:16+0200,6e7a462e-9eec-47a6-a2b0-092174843598,2026-07-10T11:30:00Z,2026-07-10T13:30:00+0200,10870.71,MW,BE,BE,forecast_load,Forecasted Load,2026-07-27T14:54:27Z
2026-07-27T14:54:16Z,2026-07-27T16:54:16+0200,6e7a462e-9eec-47a6-a2b0-092174843598,2026-07-10T11:45:00Z,2026-07-10T13:45:00+0200,10804.89,MW,BE,BE,forecast_load,Forecasted Load,2026-07-27T14:54:27Z
2026-07-27T14:54:16Z,2026-07-27T16:54:16+0200,6e7a462e-9eec-47a6-a2b0-092174843598,2026-07-10T12:00:00Z,2026-07-10T14:00:00+0200,10690.96,MW,BE,BE,forecast_load,Forecasted Load,2026-07-27T14:54:27Z
2026-07-27T14:54:16Z,2026-07-27T16:54:16+0200,6e7a462e-9eec-47a6-a2b0-092174843598,2026-07-10T12:15:00Z,2026-07-10T14:15:00+0200,10656.77,MW,BE,BE,forecast_load,Forecasted Load,2026-07-27T14:54:27Z
2026-07-27T14:54:16Z,2026-07-27T16:54:16+0200,6e7a462e-9eec-47a6-a2b0-092174843598,2026-07-10T12:30:00Z,2026-07-10T14:30:00+0200,10608.08,MW,BE,BE,forecast_load,Forecasted Load,2026-07-27T14:54:27Z
2026-07-27T14:54:16Z,2026-07-27T16:54:16+0200,6e7a462e-9eec-47a6-a2b0-092174843598,2026-07-10T12:45:00Z,2026-07-10T14:45:00+0200,10540.37,MW,BE,BE,forecast_load,Forecasted Load,2026-07-27T14:54:27Z
2026-07-27T14:54:16Z,2026-07-27T16:54:16+0200,6e7a462e-9eec-47a6-a2b0-092174843598,2026-07-10T13:00:00Z,2026-07-10T15:00:00+0200,10578.2,MW,BE,BE,forecast_load,Forecasted Load,2026-07-27T14:54:27Z
2026-07-27T14:54:16Z,2026-07-27T16:54:16+0200,6e7a462e-9eec-47a6-a2b0-092174843598,2026-07-10T13:15:00Z,2026-07-10T15:15:00+0200,10443.29,MW,BE,BE,forecast_load,Forecasted Load,2026-07-27T14:54:27Z
2026-07-27T14:54:16Z,2026-07-27T16:54:16+0200,6e7a462e-9eec-47a6-a2b0-092174843598,2026-07-10T13:30:00Z,2026-07-10T15:30:00+0200,10357.98,MW,BE,BE,forecast_load,Forecasted Load,2026-07-27T14:54:27Z
2026-07-27T14:54:16Z,2026-07-27T16:54:16+0200,6e7a462e-9eec-47a6-a2b0-092174843598,2026-07-10T13:45:00Z,2026-07-10T15:45:00+0200,10305.39,MW,BE,BE,forecast_load,Forecasted Load,2026-07-27T14:54:27Z
2026-07-27T14:54:16Z,2026-07-27T16:54:16+0200,6e7a462e-9eec-47a6-a2b0-092174843598,2026-07-10T14:00:00Z,2026-07-10T16:00:00+0200,10152.54,MW,BE,BE,forecast_load,Forecasted Load,2026-07-27T14:54:27Z
2026-07-27T14:54:16Z,2026-07-27T16:54:16+0200,6e7a462e-9eec-47a6-a2b0-092174843598,2026-07-10T14:15:00Z,2026-07-10T16:15:00+0200,10058.64,MW,BE,BE,forecast_load,Forecasted Load,2026-07-27T14:54:27Z
2026-07-27T14:54:16Z,2026-07-27T16:54:16+0200,6e7a462e-9eec-47a6-a2b0-092174843598,2026-07-10T14:30:00Z,2026-07-10T16:30:00+0200,10018.82,MW,BE,BE,forecast_load,Forecasted Load,2026-07-27T14:54:27Z
2026-07-27T14:54:16Z,2026-07-27T16:54:16+0200,6e7a462e-9eec-47a6-a2b0-092174843598,2026-07-10T14:45:00Z,2026-07-10T16:45:00+0200,9975.75,MW,BE,BE,forecast_load,Forecasted Load,2026-07-27T14:54:27Z
2026-07-27T14:54:16Z,2026-07-27T16:54:16+0200,6e7a462e-9eec-47a6-a2b0-092174843598,2026-07-10T15:00:00Z,2026-07-10T17:00:00+0200,9972.89,MW,BE,BE,forecast_load,Forecasted Load,2026-07-27T14:54:27Z
2026-07-27T14:54:16Z,2026-07-27T16:54:16+0200,6e7a462e-9eec-47a6-a2b0-092174843598,2026-07-10T15:15:00Z,2026-07-10T17:15:00+0200,9899.85,MW,BE,BE,forecast_load,Forecasted Load,2026-07-27T14:54:27Z
2026-07-27T14:54:16Z,2026-07-27T16:54:16+0200,6e7a462e-9eec-47a6-a2b0-092174843598,2026-07-10T15:30:00Z,2026-07-10T17:30:00+0200,9923.68,MW,BE,BE,forecast_load,Forecasted Load,2026-07-27T14:54:27Z
2026-07-27T14:54:16Z,2026-07-27T16:54:16+0200,6e7a462e-9eec-47a6-a2b0-092174843598,2026-07-10T15:45:00Z,2026-07-10T17:45:00+0200,9873.4,MW,BE,BE,forecast_load,Forecasted Load,2026-07-27T14:54:27Z
2026-07-27T14:54:16Z,2026-07-27T16:54:16+0200,6e7a462e-9eec-47a6-a2b0-092174843598,2026-07-10T16:00:00Z,2026-07-10T18:00:00+0200,9878.66,MW,BE,BE,forecast_load,Forecasted Load,2026-07-27T14:54:27Z
2026-07-27T14:54:16Z,2026-07-27T16:54:16+0200,6e7a462e-9eec-47a6-a2b0-092174843598,2026-07-10T16:15:00Z,2026-07-10T18:15:00+0200,9800.67,MW,BE,BE,forecast_load,Forecasted Load,2026-07-27T14:54:27Z
2026-07-27T14:54:16Z,2026-07-27T16:54:16+0200,6e7a462e-9eec-47a6-a2b0-092174843598,2026-07-10T16:30:00Z,2026-07-10T18:30:00+0200,9789.62,MW,BE,BE,forecast_load,Forecasted Load,2026-07-27T14:54:27Z
2026-07-27T14:54:16Z,2026-07-27T16:54:16+0200,6e7a462e-9eec-47a6-a2b0-092174843598,2026-07-10T16:45:00Z,2026-07-10T18:45:00+0200,9694.92,MW,BE,BE,forecast_load,Forecasted Load,2026-07-27T14:54:27Z
2026-07-27T14:54:16Z,2026-07-27T16:54:16+0200,6e7a462e-9eec-47a6-a2b0-092174843598,2026-07-10T17:00:00Z,2026-07-10T19:00:00+0200,9723.97,MW,BE,BE,forecast_load,Forecasted Load,2026-07-27T14:54:27Z
2026-07-27T14:54:16Z,2026-07-27T16:54:16+0200,6e7a462e-9eec-47a6-a2b0-092174843598,2026-07-10T17:15:00Z,2026-07-10T19:15:00+0200,9605.94,MW,BE,BE,forecast_load,Forecasted Load,2026-07-27T14:54:27Z
2026-07-27T14:54:16Z,2026-07-27T16:54:16+0200,6e7a462e-9eec-47a6-a2b0-092174843598,2026-07-10T17:30:00Z,2026-07-10T19:30:00+0200,9538.18,MW,BE,BE,forecast_load,Forecasted Load,2026-07-27T14:54:27Z
2026-07-27T14:54:16Z,2026-07-27T16:54:16+0200,6e7a462e-9eec-47a6-a2b0-092174843598,2026-07-10T17:45:00Z,2026-07-10T19:45:00+0200,9469.33,MW,BE,BE,forecast_load,Forecasted Load,2026-07-27T14:54:27Z
2026-07-27T14:54:16Z,2026-07-27T16:54:16+0200,6e7a462e-9eec-47a6-a2b0-092174843598,2026-07-10T18:00:00Z,2026-07-10T20:00:00+0200,9414.76,MW,BE,BE,forecast_load,Forecasted Load,2026-07-27T14:54:27Z
2026-07-27T14:54:16Z,2026-07-27T16:54:16+0200,6e7a462e-9eec-47a6-a2b0-092174843598,2026-07-10T18:15:00Z,2026-07-10T20:15:00+0200,9335.32,MW,BE,BE,forecast_load,Forecasted Load,2026-07-27T14:54:27Z
2026-07-27T14:54:16Z,2026-07-27T16:54:16+0200,6e7a462e-9eec-47a6-a2b0-092174843598,2026-07-10T18:30:00Z,2026-07-10T20:30:00+0200,9242.13,MW,BE,BE,forecast_load,Forecasted Load,2026-07-27T14:54:27Z
2026-07-27T14:54:16Z,2026-07-27T16:54:16+0200,6e7a462e-9eec-47a6-a2b0-092174843598,2026-07-10T18:45:00Z,2026-07-10T20:45:00+0200,9154.31,MW,BE,BE,forecast_load,Forecasted Load,2026-07-27T14:54:27Z
2026-07-27T14:54:16Z,2026-07-27T16:54:16+0200,6e7a462e-9eec-47a6-a2b0-092174843598,2026-07-10T19:00:00Z,2026-07-10T21:00:00+0200,9079.15,MW,BE,BE,forecast_load,Forecasted Load,2026-07-27T14:54:27Z
2026-07-27T14:54:16Z,2026-07-27T16:54:16+0200,6e7a462e-9eec-47a6-a2b0-092174843598,2026-07-10T19:15:00Z,2026-07-10T21:15:00+0200,9017.77,MW,BE,BE,forecast_load,Forecasted Load,2026-07-27T14:54:27Z
2026-07-27T14:54:16Z,2026-07-27T16:54:16+0200,6e7a462e-9eec-47a6-a2b0-092174843598,2026-07-10T19:30:00Z,2026-07-10T21:30:00+0200,8976.01,MW,BE,BE,forecast_load,Forecasted Load,2026-07-27T14:54:27Z
2026-07-27T14:54:16Z,2026-07-27T16:54:16+0200,6e7a462e-9eec-47a6-a2b0-092174843598,2026-07-10T19:45:00Z,2026-07-10T21:45:00+0200,8955.64,MW,BE,BE,forecast_load,Forecasted Load,2026-07-27T14:54:27Z
2026-07-27T14:54:16Z,2026-07-27T16:54:16+0200,6e7a462e-9eec-47a6-a2b0-092174843598,2026-07-10T20:00:00Z,2026-07-10T22:00:00+0200,9031.54,MW,BE,BE,forecast_load,Forecasted Load,2026-07-27T14:54:27Z
2026-07-27T14:54:16Z,2026-07-27T16:54:16+0200,6e7a462e-9eec-47a6-a2b0-092174843598,2026-07-10T20:15:00Z,2026-07-10T22:15:00+0200,9084.27,MW,BE,BE,forecast_load,Forecasted Load,2026-07-27T14:54:27Z
2026-07-27T14:54:16Z,2026-07-27T16:54:16+0200,6e7a462e-9eec-47a6-a2b0-092174843598,2026-07-10T20:30:00Z,2026-07-10T22:30:00+0200,9057.17,MW,BE,BE,forecast_load,Forecasted Load,2026-07-27T14:54:27Z
2026-07-27T14:54:16Z,2026-07-27T16:54:16+0200,6e7a462e-9eec-47a6-a2b0-092174843598,2026-07-10T20:45:00Z,2026-07-10T22:45:00+0200,8962.21,MW,BE,BE,forecast_load,Forecasted Load,2026-07-27T14:54:27Z
2026-07-27T14:54:16Z,2026-07-27T16:54:16+0200,6e7a462e-9eec-47a6-a2b0-092174843598,2026-07-10T21:00:00Z,2026-07-10T23:00:00+0200,8788.92,MW,BE,BE,forecast_load,Forecasted Load,2026-07-27T14:54:27Z
2026-07-27T14:54:16Z,2026-07-27T16:54:16+0200,6e7a462e-9eec-47a6-a2b0-092174843598,2026-07-10T21:15:00Z,2026-07-10T23:15:00+0200,8695.93,MW,BE,BE,forecast_load,Forecasted Load,2026-07-27T14:54:27Z
2026-07-27T14:54:16Z,2026-07-27T16:54:16+0200,6e7a462e-9eec-47a6-a2b0-092174843598,2026-07-10T21:30:00Z,2026-07-10T23:30:00+0200,8583.93,MW,BE,BE,forecast_load,Forecasted Load,2026-07-27T14:54:27Z
2026-07-27T14:54:16Z,2026-07-27T16:54:16+0200,6e7a462e-9eec-47a6-a2b0-092174843598,2026-07-10T21:45:00Z,2026-07-10T23:45:00+0200,8456.04,MW,BE,BE,forecast_load,Forecasted Load,2026-07-27T14:54:27Z
2026-07-27T14:54:16Z,2026-07-27T16:54:16+0200,6e7a462e-9eec-47a6-a2b0-092174843598,2026-07-10T22:00:00Z,2026-07-11T00:00:00+0200,8331.51,MW,BE,BE,forecast_load,Forecasted Load,2026-07-27T14:54:27Z
2026-07-27T14:54:16Z,2026-07-27T16:54:16+0200,6e7a462e-9eec-47a6-a2b0-092174843598,2026-07-10T22:15:00Z,2026-07-11T00:15:00+0200,8224.83,MW,BE,BE,forecast_load,Forecasted Load,2026-07-27T14:54:27Z
2026-07-27T14:54:16Z,2026-07-27T16:54:16+0200,6e7a462e-9eec-47a6-a2b0-092174843598,2026-07-10T22:30:00Z,2026-07-11T00:30:00+0200,8160.37,MW,BE,BE,forecast_load,Forecasted Load,2026-07-27T14:54:27Z
2026-07-27T14:54:16Z,2026-07-27T16:54:16+0200,6e7a462e-9eec-47a6-a2b0-092174843598,2026-07-10T22:45:00Z,2026-07-11T00:45:00+0200,8071.7,MW,BE,BE,forecast_load,Forecasted Load,2026-07-27T14:54:27Z
2026-07-27T14:54:16Z,2026-07-27T16:54:16+0200,6e7a462e-9eec-47a6-a2b0-092174843598,2026-07-10T23:00:00Z,2026-07-11T01:00:00+0200,7929.4,MW,BE,BE,forecast_load,Forecasted Load,2026-07-27T14:54:27Z
2026-07-27T14:54:16Z,2026-07-27T16:54:16+0200,6e7a462e-9eec-47a6-a2b0-092174843598,2026-07-10T23:15:00Z,2026-07-11T01:15:00+0200,7869.92,MW,BE,BE,forecast_load,Forecasted Load,2026-07-27T14:54:27Z
2026-07-27T14:54:16Z,2026-07-27T16:54:16+0200,6e7a462e-9eec-47a6-a2b0-092174843598,2026-07-10T23:30:00Z,2026-07-11T01:30:00+0200,7779.12,MW,BE,BE,forecast_load,Forecasted Load,2026-07-27T14:54:27Z
2026-07-27T14:54:16Z,2026-07-27T16:54:16+0200,6e7a462e-9eec-47a6-a2b0-092174843598,2026-07-10T23:45:00Z,2026-07-11T01:45:00+0200,7728.34,MW,BE,BE,forecast_load,Forecasted Load,2026-07-27T14:54:27Z
2026-07-27T14:54:16Z,2026-07-27T16:54:16+0200,6e7a462e-9eec-47a6-a2b0-092174843598,2026-07-11T00:00:00Z,2026-07-11T02:00:00+0200,7620.2,MW,BE,BE,forecast_load,Forecasted Load,2026-07-27T14:54:27Z
2026-07-27T14:54:16Z,2026-07-27T16:54:16+0200,6e7a462e-9eec-47a6-a2b0-092174843598,2026-07-11T00:15:00Z,2026-07-11T02:15:00+0200,7536.32,MW,BE,BE,forecast_load,Forecasted Load,2026-07-27T14:54:27Z
2026-07-27T14:54:16Z,2026-07-27T16:54:16+0200,6e7a462e-9eec-47a6-a2b0-092174843598,2026-07-11T00:30:00Z,2026-07-11T02:30:00+0200,7496.08,MW,BE,BE,forecast_load,Forecasted Load,2026-07-27T14:54:27Z
2026-07-27T14:54:16Z,2026-07-27T16:54:16+0200,6e7a462e-9eec-47a6-a2b0-092174843598,2026-07-11T00:45:00Z,2026-07-11T02:45:00+0200,7458.43,MW,BE,BE,forecast_load,Forecasted Load,2026-07-27T14:54:27Z
2026-07-27T14:54:16Z,2026-07-27T16:54:16+0200,6e7a462e-9eec-47a6-a2b0-092174843598,2026-07-11T01:00:00Z,2026-07-11T03:00:00+0200,7478.41,MW,BE,BE,forecast_load,Forecasted Load,2026-07-27T14:54:27Z
2026-07-27T14:54:16Z,2026-07-27T16:54:16+0200,6e7a462e-9eec-47a6-a2b0-092174843598,2026-07-11T01:15:00Z,2026-07-11T03:15:00+0200,7466.89,MW,BE,BE,forecast_load,Forecasted Load,2026-07-27T14:54:27Z
2026-07-27T14:54:16Z,2026-07-27T16:54:16+0200,6e7a462e-9eec-47a6-a2b0-092174843598,2026-07-11T01:30:00Z,2026-07-11T03:30:00+0200,7459.43,MW,BE,BE,forecast_load,Forecasted Load,2026-07-27T14:54:27Z
2026-07-27T14:54:16Z,2026-07-27T16:54:16+0200,6e7a462e-9eec-47a6-a2b0-092174843598,2026-07-11T01:45:00Z,2026-07-11T03:45:00+0200,7371.89,MW,BE,BE,forecast_load,Forecasted Load,2026-07-27T14:54:27Z
2026-07-27T14:54:16Z,2026-07-27T16:54:16+0200,6e7a462e-9eec-47a6-a2b0-092174843598,2026-07-11T02:00:00Z,2026-07-11T04:00:00+0200,7418.73,MW,BE,BE,forecast_load,Forecasted Load,2026-07-27T14:54:27Z
2026-07-27T14:54:16Z,2026-07-27T16:54:16+0200,6e7a462e-9eec-47a6-a2b0-092174843598,2026-07-11T02:15:00Z,2026-07-11T04:15:00+0200,7389.49,MW,BE,BE,forecast_load,Forecasted Load,2026-07-27T14:54:27Z
2026-07-27T14:54:16Z,2026-07-27T16:54:16+0200,6e7a462e-9eec-47a6-a2b0-092174843598,2026-07-11T02:30:00Z,2026-07-11T04:30:00+0200,7388.44,MW,BE,BE,forecast_load,Forecasted Load,2026-07-27T14:54:27Z
2026-07-27T14:54:16Z,2026-07-27T16:54:16+0200,6e7a462e-9eec-47a6-a2b0-092174843598,2026-07-11T02:45:00Z,2026-07-11T04:45:00+0200,7392.28,MW,BE,BE,forecast_load,Forecasted Load,2026-07-27T14:54:27Z
2026-07-27T14:54:16Z,2026-07-27T16:54:16+0200,6e7a462e-9eec-47a6-a2b0-092174843598,2026-07-11T03:00:00Z,2026-07-11T05:00:00+0200,7413.14,MW,BE,BE,forecast_load,Forecasted Load,2026-07-27T14:54:27Z
2026-07-27T14:54:16Z,2026-07-27T16:54:16+0200,6e7a462e-9eec-47a6-a2b0-092174843598,2026-07-11T03:15:00Z,2026-07-11T05:15:00+0200,7351.41,MW,BE,BE,forecast_load,Forecasted Load,2026-07-27T14:54:27Z
2026-07-27T14:54:16Z,2026-07-27T16:54:16+0200,6e7a462e-9eec-47a6-a2b0-092174843598,2026-07-11T03:30:00Z,2026-07-11T05:30:00+0200,7335.2,MW,BE,BE,forecast_load,Forecasted Load,2026-07-27T14:54:27Z
2026-07-27T14:54:16Z,2026-07-27T16:54:16+0200,6e7a462e-9eec-47a6-a2b0-092174843598,2026-07-11T03:45:00Z,2026-07-11T05:45:00+0200,7348.58,MW,BE,BE,forecast_load,Forecasted Load,2026-07-27T14:54:27Z
2026-07-27T14:54:16Z,2026-07-27T16:54:16+0200,6e7a462e-9eec-47a6-a2b0-092174843598,2026-07-11T04:00:00Z,2026-07-11T06:00:00+0200,7425.24,MW,BE,BE,forecast_load,Forecasted Load,2026-07-27T14:54:27Z
2026-07-27T14:54:16Z,2026-07-27T16:54:16+0200,6e7a462e-9eec-47a6-a2b0-092174843598,2026-07-11T04:15:00Z,2026-07-11T06:15:00+0200,7504.19,MW,BE,BE,forecast_load,Forecasted Load,2026-07-27T14:54:27Z
2026-07-27T14:54:16Z,2026-07-27T16:54:16+0200,6e7a462e-9eec-47a6-a2b0-092174843598,2026-07-11T04:30:00Z,2026-07-11T06:30:00+0200,7535.19,MW,BE,BE,forecast_load,Forecasted Load,2026-07-27T14:54:27Z
2026-07-27T14:54:16Z,2026-07-27T16:54:16+0200,6e7a462e-9eec-47a6-a2b0-092174843598,2026-07-11T04:45:00Z,2026-07-11T06:45:00+0200,7631.1,MW,BE,BE,forecast_load,Forecasted Load,2026-07-27T14:54:27Z
2026-07-27T14:54:16Z,2026-07-27T16:54:16+0200,6e7a462e-9eec-47a6-a2b0-092174843598,2026-07-11T05:00:00Z,2026-07-11T07:00:00+0200,7776.11,MW,BE,BE,forecast_load,Forecasted Load,2026-07-27T14:54:27Z
2026-07-27T14:54:16Z,2026-07-27T16:54:16+0200,6e7a462e-9eec-47a6-a2b0-092174843598,2026-07-11T05:15:00Z,2026-07-11T07:15:00+0200,7846.85,MW,BE,BE,forecast_load,Forecasted Load,2026-07-27T14:54:27Z
2026-07-27T14:54:16Z,2026-07-27T16:54:16+0200,6e7a462e-9eec-47a6-a2b0-092174843598,2026-07-11T05:30:00Z,2026-07-11T07:30:00+0200,7959.49,MW,BE,BE,forecast_load,Forecasted Load,2026-07-27T14:54:27Z
2026-07-27T14:54:16Z,2026-07-27T16:54:16+0200,6e7a462e-9eec-47a6-a2b0-092174843598,2026-07-11T05:45:00Z,2026-07-11T07:45:00+0200,8057.22,MW,BE,BE,forecast_load,Forecasted Load,2026-07-27T14:54:27Z
2026-07-27T14:54:16Z,2026-07-27T16:54:16+0200,6e7a462e-9eec-47a6-a2b0-092174843598,2026-07-11T06:00:00Z,2026-07-11T08:00:00+0200,8229.48,MW,BE,BE,forecast_load,Forecasted Load,2026-07-27T14:54:27Z
2026-07-27T14:54:16Z,2026-07-27T16:54:16+0200,6e7a462e-9eec-47a6-a2b0-092174843598,2026-07-11T06:15:00Z,2026-07-11T08:15:00+0200,8313.2,MW,BE,BE,forecast_load,Forecasted Load,2026-07-27T14:54:27Z
2026-07-27T14:54:16Z,2026-07-27T16:54:16+0200,6e7a462e-9eec-47a6-a2b0-092174843598,2026-07-11T06:30:00Z,2026-07-11T08:30:00+0200,8452.16,MW,BE,BE,forecast_load,Forecasted Load,2026-07-27T14:54:27Z
2026-07-27T14:54:16Z,2026-07-27T16:54:16+0200,6e7a462e-9eec-47a6-a2b0-092174843598,2026-07-11T06:45:00Z,2026-07-11T08:45:00+0200,8558.96,MW,BE,BE,forecast_load,Forecasted Load,2026-07-27T14:54:27Z
2026-07-27T14:54:16Z,2026-07-27T16:54:16+0200,6e7a462e-9eec-47a6-a2b0-092174843598,2026-07-11T07:00:00Z,2026-07-11T09:00:00+0200,8619.88,MW,BE,BE,forecast_load,Forecasted Load,2026-07-27T14:54:27Z
2026-07-27T14:54:16Z,2026-07-27T16:54:16+0200,6e7a462e-9eec-47a6-a2b0-092174843598,2026-07-11T07:15:00Z,2026-07-11T09:15:00+0200,8717.42,MW,BE,BE,forecast_load,Forecasted Load,2026-07-27T14:54:27Z
2026-07-27T14:54:16Z,2026-07-27T16:54:16+0200,6e7a462e-9eec-47a6-a2b0-092174843598,2026-07-11T07:30:00Z,2026-07-11T09:30:00+0200,8888.79,MW,BE,BE,forecast_load,Forecasted Load,2026-07-27T14:54:27Z
2026-07-27T14:54:16Z,2026-07-27T16:54:16+0200,6e7a462e-9eec-47a6-a2b0-092174843598,2026-07-11T07:45:00Z,2026-07-11T09:45:00+0200,9022.13,MW,BE,BE,forecast_load,Forecasted Load,2026-07-27T14:54:27Z
2026-07-27T14:54:16Z,2026-07-27T16:54:16+0200,6e7a462e-9eec-47a6-a2b0-092174843598,2026-07-11T08:00:00Z,2026-07-11T10:00:00+0200,9034.96,MW,BE,BE,forecast_load,Forecasted Load,2026-07-27T14:54:27Z
2026-07-27T14:54:16Z,2026-07-27T16:54:16+0200,6e7a462e-9eec-47a6-a2b0-092174843598,2026-07-11T08:15:00Z,2026-07-11T10:15:00+0200,9187.38,MW,BE,BE,forecast_load,Forecasted Load,2026-07-27T14:54:27Z
2026-07-27T14:54:16Z,2026-07-27T16:54:16+0200,6e7a462e-9eec-47a6-a2b0-092174843598,2026-07-11T08:30:00Z,2026-07-11T10:30:00+0200,9250.51,MW,BE,BE,forecast_load,Forecasted Load,2026-07-27T14:54:27Z
2026-07-27T14:54:16Z,2026-07-27T16:54:16+0200,6e7a462e-9eec-47a6-a2b0-092174843598,2026-07-11T08:45:00Z,2026-07-11T10:45:00+0200,9297.01,MW,BE,BE,forecast_load,Forecasted Load,2026-07-27T14:54:27Z
2026-07-27T14:54:16Z,2026-07-27T16:54:16+0200,6e7a462e-9eec-47a6-a2b0-092174843598,2026-07-11T09:00:00Z,2026-07-11T11:00:00+0200,9378.33,MW,BE,BE,forecast_load,Forecasted Load,2026-07-27T14:54:27Z
2026-07-27T14:54:16Z,2026-07-27T16:54:16+0200,6e7a462e-9eec-47a6-a2b0-092174843598,2026-07-11T09:15:00Z,2026-07-11T11:15:00+0200,9465.78,MW,BE,BE,forecast_load,Forecasted Load,2026-07-27T14:54:27Z
2026-07-27T14:54:16Z,2026-07-27T16:54:16+0200,6e7a462e-9eec-47a6-a2b0-092174843598,2026-07-11T09:30:00Z,2026-07-11T11:30:00+0200,9593.19,MW,BE,BE,forecast_load,Forecasted Load,2026-07-27T14:54:27Z
2026-07-27T14:54:16Z,2026-07-27T16:54:16+0200,6e7a462e-9eec-47a6-a2b0-092174843598,2026-07-11T09:45:00Z,2026-07-11T11:45:00+0200,9728.69,MW,BE,BE,forecast_load,Forecasted Load,2026-07-27T14:54:27Z
2026-07-27T14:54:16Z,2026-07-27T16:54:16+0200,6e7a462e-9eec-47a6-a2b0-092174843598,2026-07-11T10:00:00Z,2026-07-11T12:00:00+0200,9568.67,MW,BE,BE,forecast_load,Forecasted Load,2026-07-27T14:54:27Z
2026-07-27T14:54:16Z,2026-07-27T16:54:16+0200,6e7a462e-9eec-47a6-a2b0-092174843598,2026-07-11T10:15:00Z,2026-07-11T12:15:00+0200,9707.9,MW,BE,BE,forecast_load,Forecasted Load,2026-07-27T14:54:27Z
2026-07-27T14:54:16Z,2026-07-27T16:54:16+0200,6e7a462e-9eec-47a6-a2b0-092174843598,2026-07-11T10:30:00Z,2026-07-11T12:30:00+0200,9715.76,MW,BE,BE,forecast_load,Forecasted Load,2026-07-27T14:54:27Z
2026-07-27T14:54:16Z,2026-07-27T16:54:16+0200,6e7a462e-9eec-47a6-a2b0-092174843598,2026-07-11T10:45:00Z,2026-07-11T12:45:00+0200,9756.79,MW,BE,BE,forecast_load,Forecasted Load,2026-07-27T14:54:27Z
2026-07-27T14:54:16Z,2026-07-27T16:54:16+0200,6e7a462e-9eec-47a6-a2b0-092174843598,2026-07-11T11:00:00Z,2026-07-11T13:00:00+0200,9645.46,MW,BE,BE,forecast_load,Forecasted Load,2026-07-27T14:54:27Z
2026-07-27T14:54:16Z,2026-07-27T16:54:16+0200,6e7a462e-9eec-47a6-a2b0-092174843598,2026-07-11T11:15:00Z,2026-07-11T13:15:00+0200,9622.08,MW,BE,BE,forecast_load,Forecasted Load,2026-07-27T14:54:27Z
2026-07-27T14:54:16Z,2026-07-27T16:54:16+0200,6e7a462e-9eec-47a6-a2b0-092174843598,2026-07-11T11:30:00Z,2026-07-11T13:30:00+0200,9556.11,MW,BE,BE,forecast_load,Forecasted Load,2026-07-27T14:54:27Z
2026-07-27T14:54:16Z,2026-07-27T16:54:16+0200,6e7a462e-9eec-47a6-a2b0-092174843598,2026-07-11T11:45:00Z,2026-07-11T13:45:00+0200,9404.5,MW,BE,BE,forecast_load,Forecasted Load,2026-07-27T14:54:27Z
2026-07-27T14:54:16Z,2026-07-27T16:54:16+0200,6e7a462e-9eec-47a6-a2b0-092174843598,2026-07-11T12:00:00Z,2026-07-11T14:00:00+0200,9479.18,MW,BE,BE,forecast_load,Forecasted Load,2026-07-27T14:54:27Z
2026-07-27T14:54:16Z,2026-07-27T16:54:16+0200,6e7a462e-9eec-47a6-a2b0-092174843598,2026-07-11T12:15:00Z,2026-07-11T14:15:00+0200,9356.46,MW,BE,BE,forecast_load,Forecasted Load,2026-07-27T14:54:27Z
2026-07-27T14:54:16Z,2026-07-27T16:54:16+0200,6e7a462e-9eec-47a6-a2b0-092174843598,2026-07-11T12:30:00Z,2026-07-11T14:30:00+0200,9230.06,MW,BE,BE,forecast_load,Forecasted Load,2026-07-27T14:54:27Z
2026-07-27T14:54:16Z,2026-07-27T16:54:16+0200,6e7a462e-9eec-47a6-a2b0-092174843598,2026-07-11T12:45:00Z,2026-07-11T14:45:00+0200,9138.7,MW,BE,BE,forecast_load,Forecasted Load,2026-07-27T14:54:27Z
2026-07-27T14:54:16Z,2026-07-27T16:54:16+0200,6e7a462e-9eec-47a6-a2b0-092174843598,2026-07-11T13:00:00Z,2026-07-11T15:00:00+0200,9191.7,MW,BE,BE,forecast_load,Forecasted Load,2026-07-27T14:54:27Z
2026-07-27T14:54:16Z,2026-07-27T16:54:16+0200,6e7a462e-9eec-47a6-a2b0-092174843598,2026-07-11T13:15:00Z,2026-07-11T15:15:00+0200,9089.27,MW,BE,BE,forecast_load,Forecasted Load,2026-07-27T14:54:27Z
2026-07-27T14:54:16Z,2026-07-27T16:54:16+0200,6e7a462e-9eec-47a6-a2b0-092174843598,2026-07-11T13:30:00Z,2026-07-11T15:30:00+0200,9050.54,MW,BE,BE,forecast_load,Forecasted Load,2026-07-27T14:54:27Z
2026-07-27T14:54:16Z,2026-07-27T16:54:16+0200,6e7a462e-9eec-47a6-a2b0-092174843598,2026-07-11T13:45:00Z,2026-07-11T15:45:00+0200,8904.29,MW,BE,BE,forecast_load,Forecasted Load,2026-07-27T14:54:27Z
2026-07-27T14:54:16Z,2026-07-27T16:54:16+0200,6e7a462e-9eec-47a6-a2b0-092174843598,2026-07-11T14:00:00Z,2026-07-11T16:00:00+0200,8979.73,MW,BE,BE,forecast_load,Forecasted Load,2026-07-27T14:54:27Z
2026-07-27T14:54:16Z,2026-07-27T16:54:16+0200,6e7a462e-9eec-47a6-a2b0-092174843598,2026-07-11T14:15:00Z,2026-07-11T16:15:00+0200,8863.13,MW,BE,BE,forecast_load,Forecasted Load,2026-07-27T14:54:27Z
2026-07-27T14:54:16Z,2026-07-27T16:54:16+0200,6e7a462e-9eec-47a6-a2b0-092174843598,2026-07-11T14:30:00Z,2026-07-11T16:30:00+0200,8863.1,MW,BE,BE,forecast_load,Forecasted Load,2026-07-27T14:54:27Z
2026-07-27T14:54:16Z,2026-07-27T16:54:16+0200,6e7a462e-9eec-47a6-a2b0-092174843598,2026-07-11T14:45:00Z,2026-07-11T16:45:00+0200,8848.0,MW,BE,BE,forecast_load,Forecasted Load,2026-07-27T14:54:27Z
2026-07-27T14:54:16Z,2026-07-27T16:54:16+0200,6e7a462e-9eec-47a6-a2b0-092174843598,2026-07-11T15:00:00Z,2026-07-11T17:00:00+0200,8918.14,MW,BE,BE,forecast_load,Forecasted Load,2026-07-27T14:54:27Z
2026-07-27T14:54:16Z,2026-07-27T16:54:16+0200,6e7a462e-9eec-47a6-a2b0-092174843598,2026-07-11T15:15:00Z,2026-07-11T17:15:00+0200,8795.25,MW,BE,BE,forecast_load,Forecasted Load,2026-07-27T14:54:27Z
2026-07-27T14:54:16Z,2026-07-27T16:54:16+0200,6e7a462e-9eec-47a6-a2b0-092174843598,2026-07-11T15:30:00Z,2026-07-11T17:30:00+0200,8872.03,MW,BE,BE,forecast_load,Forecasted Load,2026-07-27T14:54:27Z
2026-07-27T14:54:16Z,2026-07-27T16:54:16+0200,6e7a462e-9eec-47a6-a2b0-092174843598,2026-07-11T15:45:00Z,2026-07-11T17:45:00+0200,8860.53,MW,BE,BE,forecast_load,Forecasted Load,2026-07-27T14:54:27Z
2026-07-27T14:54:16Z,2026-07-27T16:54:16+0200,6e7a462e-9eec-47a6-a2b0-092174843598,2026-07-11T16:00:00Z,2026-07-11T18:00:00+0200,8788.01,MW,BE,BE,forecast_load,Forecasted Load,2026-07-27T14:54:27Z
2026-07-27T14:54:16Z,2026-07-27T16:54:16+0200,6e7a462e-9eec-47a6-a2b0-092174843598,2026-07-11T16:15:00Z,2026-07-11T18:15:00+0200,8748.5,MW,BE,BE,forecast_load,Forecasted Load,2026-07-27T14:54:27Z
2026-07-27T14:54:16Z,2026-07-27T16:54:16+0200,6e7a462e-9eec-47a6-a2b0-092174843598,2026-07-11T16:30:00Z,2026-07-11T18:30:00+0200,8757.09,MW,BE,BE,forecast_load,Forecasted Load,2026-07-27T14:54:27Z
2026-07-27T14:54:16Z,2026-07-27T16:54:16+0200,6e7a462e-9eec-47a6-a2b0-092174843598,2026-07-11T16:45:00Z,2026-07-11T18:45:00+0200,8740.52,MW,BE,BE,forecast_load,Forecasted Load,2026-07-27T14:54:27Z
2026-07-27T14:54:16Z,2026-07-27T16:54:16+0200,6e7a462e-9eec-47a6-a2b0-092174843598,2026-07-11T17:00:00Z,2026-07-11T19:00:00+0200,8755.45,MW,BE,BE,forecast_load,Forecasted Load,2026-07-27T14:54:27Z
2026-07-27T14:54:16Z,2026-07-27T16:54:16+0200,6e7a462e-9eec-47a6-a2b0-092174843598,2026-07-11T17:15:00Z,2026-07-11T19:15:00+0200,8721.89,MW,BE,BE,forecast_load,Forecasted Load,2026-07-27T14:54:27Z
2026-07-27T14:54:16Z,2026-07-27T16:54:16+0200,6e7a462e-9eec-47a6-a2b0-092174843598,2026-07-11T17:30:00Z,2026-07-11T19:30:00+0200,8703.1,MW,BE,BE,forecast_load,Forecasted Load,2026-07-27T14:54:27Z
2026-07-27T14:54:16Z,2026-07-27T16:54:16+0200,6e7a462e-9eec-47a6-a2b0-092174843598,2026-07-11T17:45:00Z,2026-07-11T19:45:00+0200,8675.73,MW,BE,BE,forecast_load,Forecasted Load,2026-07-27T14:54:27Z
2026-07-27T14:54:16Z,2026-07-27T16:54:16+0200,6e7a462e-9eec-47a6-a2b0-092174843598,2026-07-11T18:00:00Z,2026-07-11T20:00:00+0200,8608.0,MW,BE,BE,forecast_load,Forecasted Load,2026-07-27T14:54:27Z
2026-07-27T14:54:16Z,2026-07-27T16:54:16+0200,6e7a462e-9eec-47a6-a2b0-092174843598,2026-07-11T18:15:00Z,2026-07-11T20:15:00+0200,8630.6,MW,BE,BE,forecast_load,Forecasted Load,2026-07-27T14:54:27Z
2026-07-27T14:54:16Z,2026-07-27T16:54:16+0200,6e7a462e-9eec-47a6-a2b0-092174843598,2026-07-11T18:30:00Z,2026-07-11T20:30:00+0200,8548.83,MW,BE,BE,forecast_load,Forecasted Load,2026-07-27T14:54:27Z
2026-07-27T14:54:16Z,2026-07-27T16:54:16+0200,6e7a462e-9eec-47a6-a2b0-092174843598,2026-07-11T18:45:00Z,2026-07-11T20:45:00+0200,8465.22,MW,BE,BE,forecast_load,Forecasted Load,2026-07-27T14:54:27Z
2026-07-27T14:54:16Z,2026-07-27T16:54:16+0200,6e7a462e-9eec-47a6-a2b0-092174843598,2026-07-11T19:00:00Z,2026-07-11T21:00:00+0200,8481.12,MW,BE,BE,forecast_load,Forecasted Load,2026-07-27T14:54:27Z
2026-07-27T14:54:16Z,2026-07-27T16:54:16+0200,6e7a462e-9eec-47a6-a2b0-092174843598,2026-07-11T19:15:00Z,2026-07-11T21:15:00+0200,8437.31,MW,BE,BE,forecast_load,Forecasted Load,2026-07-27T14:54:27Z
2026-07-27T14:54:16Z,2026-07-27T16:54:16+0200,6e7a462e-9eec-47a6-a2b0-092174843598,2026-07-11T19:30:00Z,2026-07-11T21:30:00+0200,8393.14,MW,BE,BE,forecast_load,Forecasted Load,2026-07-27T14:54:27Z
2026-07-27T14:54:16Z,2026-07-27T16:54:16+0200,6e7a462e-9eec-47a6-a2b0-092174843598,2026-07-11T19:45:00Z,2026-07-11T21:45:00+0200,8336.27,MW,BE,BE,forecast_load,Forecasted Load,2026-07-27T14:54:27Z
2026-07-27T14:54:16Z,2026-07-27T16:54:16+0200,6e7a462e-9eec-47a6-a2b0-092174843598,2026-07-11T20:00:00Z,2026-07-11T22:00:00+0200,8467.9,MW,BE,BE,forecast_load,Forecasted Load,2026-07-27T14:54:27Z
2026-07-27T14:54:16Z,2026-07-27T16:54:16+0200,6e7a462e-9eec-47a6-a2b0-092174843598,2026-07-11T20:15:00Z,2026-07-11T22:15:00+0200,8573.01,MW,BE,BE,forecast_load,Forecasted Load,2026-07-27T14:54:27Z
2026-07-27T14:54:16Z,2026-07-27T16:54:16+0200,6e7a462e-9eec-47a6-a2b0-092174843598,2026-07-11T20:30:00Z,2026-07-11T22:30:00+0200,8518.09,MW,BE,BE,forecast_load,Forecasted Load,2026-07-27T14:54:27Z
2026-07-27T14:54:16Z,2026-07-27T16:54:16+0200,6e7a462e-9eec-47a6-a2b0-092174843598,2026-07-11T20:45:00Z,2026-07-11T22:45:00+0200,8536.58,MW,BE,BE,forecast_load,Forecasted Load,2026-07-27T14:54:27Z
2026-07-27T14:54:16Z,2026-07-27T16:54:16+0200,6e7a462e-9eec-47a6-a2b0-092174843598,2026-07-11T21:00:00Z,2026-07-11T23:00:00+0200,8392.61,MW,BE,BE,forecast_load,Forecasted Load,2026-07-27T14:54:27Z
2026-07-27T14:54:16Z,2026-07-27T16:54:16+0200,6e7a462e-9eec-47a6-a2b0-092174843598,2026-07-11T21:15:00Z,2026-07-11T23:15:00+0200,8358.25,MW,BE,BE,forecast_load,Forecasted Load,2026-07-27T14:54:27Z
2026-07-27T14:54:16Z,2026-07-27T16:54:16+0200,6e7a462e-9eec-47a6-a2b0-092174843598,2026-07-11T21:30:00Z,2026-07-11T23:30:00+0200,8252.37,MW,BE,BE,forecast_load,Forecasted Load,2026-07-27T14:54:27Z
2026-07-27T14:54:16Z,2026-07-27T16:54:16+0200,6e7a462e-9eec-47a6-a2b0-092174843598,2026-07-11T21:45:00Z,2026-07-11T23:45:00+0200,8080.39,MW,BE,BE,forecast_load,Forecasted Load,2026-07-27T14:54:27Z
2026-07-27T14:54:16Z,2026-07-27T16:54:16+0200,6e7a462e-9eec-47a6-a2b0-092174843598,2026-07-11T22:00:00Z,2026-07-12T00:00:00+0200,7927.87,MW,BE,BE,forecast_load,Forecasted Load,2026-07-27T14:54:27Z
2026-07-27T14:54:16Z,2026-07-27T16:54:16+0200,6e7a462e-9eec-47a6-a2b0-092174843598,2026-07-11T22:15:00Z,2026-07-12T00:15:00+0200,7830.57,MW,BE,BE,forecast_load,Forecasted Load,2026-07-27T14:54:27Z
2026-07-27T14:54:16Z,2026-07-27T16:54:16+0200,6e7a462e-9eec-47a6-a2b0-092174843598,2026-07-11T22:30:00Z,2026-07-12T00:30:00+0200,7734.72,MW,BE,BE,forecast_load,Forecasted Load,2026-07-27T14:54:27Z
2026-07-27T14:54:16Z,2026-07-27T16:54:16+0200,6e7a462e-9eec-47a6-a2b0-092174843598,2026-07-11T22:45:00Z,2026-07-12T00:45:00+0200,7654.0,MW,BE,BE,forecast_load,Forecasted Load,2026-07-27T14:54:27Z
2026-07-27T14:54:16Z,2026-07-27T16:54:16+0200,6e7a462e-9eec-47a6-a2b0-092174843598,2026-07-11T23:00:00Z,2026-07-12T01:00:00+0200,7548.89,MW,BE,BE,forecast_load,Forecasted Load,2026-07-27T14:54:27Z
2026-07-27T14:54:16Z,2026-07-27T16:54:16+0200,6e7a462e-9eec-47a6-a2b0-092174843598,2026-07-11T23:15:00Z,2026-07-12T01:15:00+0200,7568.88,MW,BE,BE,forecast_load,Forecasted Load,2026-07-27T14:54:27Z
2026-07-27T14:54:16Z,2026-07-27T16:54:16+0200,6e7a462e-9eec-47a6-a2b0-092174843598,2026-07-11T23:30:00Z,2026-07-12T01:30:00+0200,7519.98,MW,BE,BE,forecast_load,Forecasted Load,2026-07-27T14:54:27Z
2026-07-27T14:54:16Z,2026-07-27T16:54:16+0200,6e7a462e-9eec-47a6-a2b0-092174843598,2026-07-11T23:45:00Z,2026-07-12T01:45:00+0200,7463.23,MW,BE,BE,forecast_load,Forecasted Load,2026-07-27T14:54:27Z
2026-07-27T14:54:16Z,2026-07-27T16:54:16+0200,6e7a462e-9eec-47a6-a2b0-092174843598,2026-07-12T00:00:00Z,2026-07-12T02:00:00+0200,7455.68,MW,BE,BE,forecast_load,Forecasted Load,2026-07-27T14:54:27Z
2026-07-27T14:54:16Z,2026-07-27T16:54:16+0200,6e7a462e-9eec-47a6-a2b0-092174843598,2026-07-12T00:15:00Z,2026-07-12T02:15:00+0200,7368.85,MW,BE,BE,forecast_load,Forecasted Load,2026-07-27T14:54:27Z
2026-07-27T14:54:16Z,2026-07-27T16:54:16+0200,6e7a462e-9eec-47a6-a2b0-092174843598,2026-07-12T00:30:00Z,2026-07-12T02:30:00+0200,7339.28,MW,BE,BE,forecast_load,Forecasted Load,2026-07-27T14:54:27Z
2026-07-27T14:54:16Z,2026-07-27T16:54:16+0200,6e7a462e-9eec-47a6-a2b0-092174843598,2026-07-12T00:45:00Z,2026-07-12T02:45:00+0200,7327.46,MW,BE,BE,forecast_load,Forecasted Load,2026-07-27T14:54:27Z
2026-07-27T14:54:16Z,2026-07-27T16:54:16+0200,6e7a462e-9eec-47a6-a2b0-092174843598,2026-07-12T01:00:00Z,2026-07-12T03:00:00+0200,7351.8,MW,BE,BE,forecast_load,Forecasted Load,2026-07-27T14:54:27Z
2026-07-27T14:54:16Z,2026-07-27T16:54:16+0200,6e7a462e-9eec-47a6-a2b0-092174843598,2026-07-12T01:15:00Z,2026-07-12T03:15:00+0200,7278.61,MW,BE,BE,forecast_load,Forecasted Load,2026-07-27T14:54:27Z
2026-07-27T14:54:16Z,2026-07-27T16:54:16+0200,6e7a462e-9eec-47a6-a2b0-092174843598,2026-07-12T01:30:00Z,2026-07-12T03:30:00+0200,7246.76,MW,BE,BE,forecast_load,Forecasted Load,2026-07-27T14:54:27Z
2026-07-27T14:54:16Z,2026-07-27T16:54:16+0200,6e7a462e-9eec-47a6-a2b0-092174843598,2026-07-12T01:45:00Z,2026-07-12T03:45:00+0200,7206.52,MW,BE,BE,forecast_load,Forecasted Load,2026-07-27T14:54:27Z
2026-07-27T14:54:16Z,2026-07-27T16:54:16+0200,6e7a462e-9eec-47a6-a2b0-092174843598,2026-07-12T02:00:00Z,2026-07-12T04:00:00+0200,7221.57,MW,BE,BE,forecast_load,Forecasted Load,2026-07-27T14:54:27Z
2026-07-27T14:54:16Z,2026-07-27T16:54:16+0200,6e7a462e-9eec-47a6-a2b0-092174843598,2026-07-12T02:15:00Z,2026-07-12T04:15:00+0200,7188.73,MW,BE,BE,forecast_load,Forecasted Load,2026-07-27T14:54:27Z
2026-07-27T14:54:16Z,2026-07-27T16:54:16+0200,6e7a462e-9eec-47a6-a2b0-092174843598,2026-07-12T02:30:00Z,2026-07-12T04:30:00+0200,7180.59,MW,BE,BE,forecast_load,Forecasted Load,2026-07-27T14:54:27Z
2026-07-27T14:54:16Z,2026-07-27T16:54:16+0200,6e7a462e-9eec-47a6-a2b0-092174843598,2026-07-12T02:45:00Z,2026-07-12T04:45:00+0200,7153.29,MW,BE,BE,forecast_load,Forecasted Load,2026-07-27T14:54:27Z
2026-07-27T14:54:16Z,2026-07-27T16:54:16+0200,6e7a462e-9eec-47a6-a2b0-092174843598,2026-07-12T03:00:00Z,2026-07-12T05:00:00+0200,7126.74,MW,BE,BE,forecast_load,Forecasted Load,2026-07-27T14:54:27Z
2026-07-27T14:54:16Z,2026-07-27T16:54:16+0200,6e7a462e-9eec-47a6-a2b0-092174843598,2026-07-12T03:15:00Z,2026-07-12T05:15:00+0200,7089.39,MW,BE,BE,forecast_load,Forecasted Load,2026-07-27T14:54:27Z
2026-07-27T14:54:16Z,2026-07-27T16:54:16+0200,6e7a462e-9eec-47a6-a2b0-092174843598,2026-07-12T03:30:00Z,2026-07-12T05:30:00+0200,7055.89,MW,BE,BE,forecast_load,Forecasted Load,2026-07-27T14:54:27Z
2026-07-27T14:54:16Z,2026-07-27T16:54:16+0200,6e7a462e-9eec-47a6-a2b0-092174843598,2026-07-12T03:45:00Z,2026-07-12T05:45:00+0200,7043.21,MW,BE,BE,forecast_load,Forecasted Load,2026-07-27T14:54:27Z
2026-07-27T14:54:16Z,2026-07-27T16:54:16+0200,6e7a462e-9eec-47a6-a2b0-092174843598,2026-07-12T04:00:00Z,2026-07-12T06:00:00+0200,7120.02,MW,BE,BE,forecast_load,Forecasted Load,2026-07-27T14:54:27Z
2026-07-27T14:54:16Z,2026-07-27T16:54:16+0200,6e7a462e-9eec-47a6-a2b0-092174843598,2026-07-12T04:15:00Z,2026-07-12T06:15:00+0200,7136.29,MW,BE,BE,forecast_load,Forecasted Load,2026-07-27T14:54:27Z
2026-07-27T14:54:16Z,2026-07-27T16:54:16+0200,6e7a462e-9eec-47a6-a2b0-092174843598,2026-07-12T04:30:00Z,2026-07-12T06:30:00+0200,7179.19,MW,BE,BE,forecast_load,Forecasted Load,2026-07-27T14:54:27Z
2026-07-27T14:54:16Z,2026-07-27T16:54:16+0200,6e7a462e-9eec-47a6-a2b0-092174843598,2026-07-12T04:45:00Z,2026-07-12T06:45:00+0200,7281.85,MW,BE,BE,forecast_load,Forecasted Load,2026-07-27T14:54:27Z
2026-07-27T14:54:16Z,2026-07-27T16:54:16+0200,6e7a462e-9eec-47a6-a2b0-092174843598,2026-07-12T05:00:00Z,2026-07-12T07:00:00+0200,7327.27,MW,BE,BE,forecast_load,Forecasted Load,2026-07-27T14:54:27Z
2026-07-27T14:54:16Z,2026-07-27T16:54:16+0200,6e7a462e-9eec-47a6-a2b0-092174843598,2026-07-12T05:15:00Z,2026-07-12T07:15:00+0200,7396.22,MW,BE,BE,forecast_load,Forecasted Load,2026-07-27T14:54:27Z
2026-07-27T14:54:16Z,2026-07-27T16:54:16+0200,6e7a462e-9eec-47a6-a2b0-092174843598,2026-07-12T05:30:00Z,2026-07-12T07:30:00+0200,7510.18,MW,BE,BE,forecast_load,Forecasted Load,2026-07-27T14:54:27Z
2026-07-27T14:54:16Z,2026-07-27T16:54:16+0200,6e7a462e-9eec-47a6-a2b0-092174843598,2026-07-12T05:45:00Z,2026-07-12T07:45:00+0200,7569.58,MW,BE,BE,forecast_load,Forecasted Load,2026-07-27T14:54:27Z
2026-07-27T14:54:16Z,2026-07-27T16:54:16+0200,6e7a462e-9eec-47a6-a2b0-092174843598,2026-07-12T06:00:00Z,2026-07-12T08:00:00+0200,7666.26,MW,BE,BE,forecast_load,Forecasted Load,2026-07-27T14:54:27Z
2026-07-27T14:54:16Z,2026-07-27T16:54:16+0200,6e7a462e-9eec-47a6-a2b0-092174843598,2026-07-12T06:15:00Z,2026-07-12T08:15:00+0200,7787.22,MW,BE,BE,forecast_load,Forecasted Load,2026-07-27T14:54:27Z
2026-07-27T14:54:16Z,2026-07-27T16:54:16+0200,6e7a462e-9eec-47a6-a2b0-092174843598,2026-07-12T06:30:00Z,2026-07-12T08:30:00+0200,7916.84,MW,BE,BE,forecast_load,Forecasted Load,2026-07-27T14:54:27Z
2026-07-27T14:54:16Z,2026-07-27T16:54:16+0200,6e7a462e-9eec-47a6-a2b0-092174843598,2026-07-12T06:45:00Z,2026-07-12T08:45:00+0200,8017.43,MW,BE,BE,forecast_load,Forecasted Load,2026-07-27T14:54:27Z
2026-07-27T14:54:16Z,2026-07-27T16:54:16+0200,6e7a462e-9eec-47a6-a2b0-092174843598,2026-07-12T07:00:00Z,2026-07-12T09:00:00+0200,8048.37,MW,BE,BE,forecast_load,Forecasted Load,2026-07-27T14:54:27Z
2026-07-27T14:54:16Z,2026-07-27T16:54:16+0200,6e7a462e-9eec-47a6-a2b0-092174843598,2026-07-12T07:15:00Z,2026-07-12T09:15:00+0200,8202.51,MW,BE,BE,forecast_load,Forecasted Load,2026-07-27T14:54:27Z
2026-07-27T14:54:16Z,2026-07-27T16:54:16+0200,6e7a462e-9eec-47a6-a2b0-092174843598,2026-07-12T07:30:00Z,2026-07-12T09:30:00+0200,8429.36,MW,BE,BE,forecast_load,Forecasted Load,2026-07-27T14:54:27Z
2026-07-27T14:54:16Z,2026-07-27T16:54:16+0200,6e7a462e-9eec-47a6-a2b0-092174843598,2026-07-12T07:45:00Z,2026-07-12T09:45:00+0200,8518.29,MW,BE,BE,forecast_load,Forecasted Load,2026-07-27T14:54:27Z
2026-07-27T14:54:16Z,2026-07-27T16:54:16+0200,6e7a462e-9eec-47a6-a2b0-092174843598,2026-07-12T08:00:00Z,2026-07-12T10:00:00+0200,8363.64,MW,BE,BE,forecast_load,Forecasted Load,2026-07-27T14:54:27Z
2026-07-27T14:54:16Z,2026-07-27T16:54:16+0200,6e7a462e-9eec-47a6-a2b0-092174843598,2026-07-12T08:15:00Z,2026-07-12T10:15:00+0200,8591.82,MW,BE,BE,forecast_load,Forecasted Load,2026-07-27T14:54:27Z
2026-07-27T14:54:16Z,2026-07-27T16:54:16+0200,6e7a462e-9eec-47a6-a2b0-092174843598,2026-07-12T08:30:00Z,2026-07-12T10:30:00+0200,8680.19,MW,BE,BE,forecast_load,Forecasted Load,2026-07-27T14:54:27Z
2026-07-27T14:54:16Z,2026-07-27T16:54:16+0200,6e7a462e-9eec-47a6-a2b0-092174843598,2026-07-12T08:45:00Z,2026-07-12T10:45:00+0200,8851.09,MW,BE,BE,forecast_load,Forecasted Load,2026-07-27T14:54:27Z
2026-07-27T14:54:16Z,2026-07-27T16:54:16+0200,6e7a462e-9eec-47a6-a2b0-092174843598,2026-07-12T09:00:00Z,2026-07-12T11:00:00+0200,8703.56,MW,BE,BE,forecast_load,Forecasted Load,2026-07-27T14:54:27Z
2026-07-27T14:54:16Z,2026-07-27T16:54:16+0200,6e7a462e-9eec-47a6-a2b0-092174843598,2026-07-12T09:15:00Z,2026-07-12T11:15:00+0200,8856.94,MW,BE,BE,forecast_load,Forecasted Load,2026-07-27T14:54:27Z
2026-07-27T14:54:16Z,2026-07-27T16:54:16+0200,6e7a462e-9eec-47a6-a2b0-092174843598,2026-07-12T09:30:00Z,2026-07-12T11:30:00+0200,9068.68,MW,BE,BE,forecast_load,Forecasted Load,2026-07-27T14:54:27Z
2026-07-27T14:54:16Z,2026-07-27T16:54:16+0200,6e7a462e-9eec-47a6-a2b0-092174843598,2026-07-12T09:45:00Z,2026-07-12T11:45:00+0200,9159.64,MW,BE,BE,forecast_load,Forecasted Load,2026-07-27T14:54:27Z
2026-07-27T14:54:16Z,2026-07-27T16:54:16+0200,6e7a462e-9eec-47a6-a2b0-092174843598,2026-07-12T10:00:00Z,2026-07-12T12:00:00+0200,9140.93,MW,BE,BE,forecast_load,Forecasted Load,2026-07-27T14:54:27Z
2026-07-27T14:54:16Z,2026-07-27T16:54:16+0200,6e7a462e-9eec-47a6-a2b0-092174843598,2026-07-12T10:15:00Z,2026-07-12T12:15:00+0200,9193.99,MW,BE,BE,forecast_load,Forecasted Load,2026-07-27T14:54:27Z
2026-07-27T14:54:16Z,2026-07-27T16:54:16+0200,6e7a462e-9eec-47a6-a2b0-092174843598,2026-07-12T10:30:00Z,2026-07-12T12:30:00+0200,9170.97,MW,BE,BE,forecast_load,Forecasted Load,2026-07-27T14:54:27Z
2026-07-27T14:54:16Z,2026-07-27T16:54:16+0200,6e7a462e-9eec-47a6-a2b0-092174843598,2026-07-12T10:45:00Z,2026-07-12T12:45:00+0200,9148.46,MW,BE,BE,forecast_load,Forecasted Load,2026-07-27T14:54:27Z
2026-07-27T14:54:16Z,2026-07-27T16:54:16+0200,6e7a462e-9eec-47a6-a2b0-092174843598,2026-07-12T11:00:00Z,2026-07-12T13:00:00+0200,9166.99,MW,BE,BE,forecast_load,Forecasted Load,2026-07-27T14:54:27Z
2026-07-27T14:54:16Z,2026-07-27T16:54:16+0200,6e7a462e-9eec-47a6-a2b0-092174843598,2026-07-12T11:15:00Z,2026-07-12T13:15:00+0200,9132.74,MW,BE,BE,forecast_load,Forecasted Load,2026-07-27T14:54:27Z
2026-07-27T14:54:16Z,2026-07-27T16:54:16+0200,6e7a462e-9eec-47a6-a2b0-092174843598,2026-07-12T11:30:00Z,2026-07-12T13:30:00+0200,9167.8,MW,BE,BE,forecast_load,Forecasted Load,2026-07-27T14:54:27Z
2026-07-27T14:54:16Z,2026-07-27T16:54:16+0200,6e7a462e-9eec-47a6-a2b0-092174843598,2026-07-12T11:45:00Z,2026-07-12T13:45:00+0200,9012.82,MW,BE,BE,forecast_load,Forecasted Load,2026-07-27T14:54:27Z
2026-07-27T14:54:16Z,2026-07-27T16:54:16+0200,6e7a462e-9eec-47a6-a2b0-092174843598,2026-07-12T12:00:00Z,2026-07-12T14:00:00+0200,9084.19,MW,BE,BE,forecast_load,Forecasted Load,2026-07-27T14:54:27Z
2026-07-27T14:54:16Z,2026-07-27T16:54:16+0200,6e7a462e-9eec-47a6-a2b0-092174843598,2026-07-12T12:15:00Z,2026-07-12T14:15:00+0200,8979.1,MW,BE,BE,forecast_load,Forecasted Load,2026-07-27T14:54:27Z
2026-07-27T14:54:16Z,2026-07-27T16:54:16+0200,6e7a462e-9eec-47a6-a2b0-092174843598,2026-07-12T12:30:00Z,2026-07-12T14:30:00+0200,8940.02,MW,BE,BE,forecast_load,Forecasted Load,2026-07-27T14:54:27Z
2026-07-27T14:54:16Z,2026-07-27T16:54:16+0200,6e7a462e-9eec-47a6-a2b0-092174843598,2026-07-12T12:45:00Z,2026-07-12T14:45:00+0200,8885.67,MW,BE,BE,forecast_load,Forecasted Load,2026-07-27T14:54:27Z
2026-07-27T14:54:16Z,2026-07-27T16:54:16+0200,6e7a462e-9eec-47a6-a2b0-092174843598,2026-07-12T13:00:00Z,2026-07-12T15:00:00+0200,8936.29,MW,BE,BE,forecast_load,Forecasted Load,2026-07-27T14:54:27Z
2026-07-27T14:54:16Z,2026-07-27T16:54:16+0200,6e7a462e-9eec-47a6-a2b0-092174843598,2026-07-12T13:15:00Z,2026-07-12T15:15:00+0200,8791.52,MW,BE,BE,forecast_load,Forecasted Load,2026-07-27T14:54:27Z
2026-07-27T14:54:16Z,2026-07-27T16:54:16+0200,6e7a462e-9eec-47a6-a2b0-092174843598,2026-07-12T13:30:00Z,2026-07-12T15:30:00+0200,8698.98,MW,BE,BE,forecast_load,Forecasted Load,2026-07-27T14:54:27Z
2026-07-27T14:54:16Z,2026-07-27T16:54:16+0200,6e7a462e-9eec-47a6-a2b0-092174843598,2026-07-12T13:45:00Z,2026-07-12T15:45:00+0200,8682.01,MW,BE,BE,forecast_load,Forecasted Load,2026-07-27T14:54:27Z
2026-07-27T14:54:16Z,2026-07-27T16:54:16+0200,6e7a462e-9eec-47a6-a2b0-092174843598,2026-07-12T14:00:00Z,2026-07-12T16:00:00+0200,8703.21,MW,BE,BE,forecast_load,Forecasted Load,2026-07-27T14:54:27Z
2026-07-27T14:54:16Z,2026-07-27T16:54:16+0200,6e7a462e-9eec-47a6-a2b0-092174843598,2026-07-12T14:15:00Z,2026-07-12T16:15:00+0200,8658.33,MW,BE,BE,forecast_load,Forecasted Load,2026-07-27T14:54:27Z
2026-07-27T14:54:16Z,2026-07-27T16:54:16+0200,6e7a462e-9eec-47a6-a2b0-092174843598,2026-07-12T14:30:00Z,2026-07-12T16:30:00+0200,8684.66,MW,BE,BE,forecast_load,Forecasted Load,2026-07-27T14:54:27Z
2026-07-27T14:54:16Z,2026-07-27T16:54:16+0200,6e7a462e-9eec-47a6-a2b0-092174843598,2026-07-12T14:45:00Z,2026-07-12T16:45:00+0200,8585.39,MW,BE,BE,forecast_load,Forecasted Load,2026-07-27T14:54:27Z
2026-07-27T14:54:16Z,2026-07-27T16:54:16+0200,6e7a462e-9eec-47a6-a2b0-092174843598,2026-07-12T15:00:00Z,2026-07-12T17:00:00+0200,8591.3,MW,BE,BE,forecast_load,Forecasted Load,2026-07-27T14:54:27Z
2026-07-27T14:54:16Z,2026-07-27T16:54:16+0200,6e7a462e-9eec-47a6-a2b0-092174843598,2026-07-12T15:15:00Z,2026-07-12T17:15:00+0200,8534.91,MW,BE,BE,forecast_load,Forecasted Load,2026-07-27T14:54:27Z
2026-07-27T14:54:16Z,2026-07-27T16:54:16+0200,6e7a462e-9eec-47a6-a2b0-092174843598,2026-07-12T15:30:00Z,2026-07-12T17:30:00+0200,8577.26,MW,BE,BE,forecast_load,Forecasted Load,2026-07-27T14:54:27Z
2026-07-27T14:54:16Z,2026-07-27T16:54:16+0200,6e7a462e-9eec-47a6-a2b0-092174843598,2026-07-12T15:45:00Z,2026-07-12T17:45:00+0200,8514.28,MW,BE,BE,forecast_load,Forecasted Load,2026-07-27T14:54:27Z
2026-07-27T14:54:16Z,2026-07-27T16:54:16+0200,6e7a462e-9eec-47a6-a2b0-092174843598,2026-07-12T16:00:00Z,2026-07-12T18:00:00+0200,8503.1,MW,BE,BE,forecast_load,Forecasted Load,2026-07-27T14:54:27Z
2026-07-27T14:54:16Z,2026-07-27T16:54:16+0200,6e7a462e-9eec-47a6-a2b0-092174843598,2026-07-12T16:15:00Z,2026-07-12T18:15:00+0200,8550.82,MW,BE,BE,forecast_load,Forecasted Load,2026-07-27T14:54:27Z
2026-07-27T14:54:16Z,2026-07-27T16:54:16+0200,6e7a462e-9eec-47a6-a2b0-092174843598,2026-07-12T16:30:00Z,2026-07-12T18:30:00+0200,8596.75,MW,BE,BE,forecast_load,Forecasted Load,2026-07-27T14:54:27Z
2026-07-27T14:54:16Z,2026-07-27T16:54:16+0200,6e7a462e-9eec-47a6-a2b0-092174843598,2026-07-12T16:45:00Z,2026-07-12T18:45:00+0200,8594.1,MW,BE,BE,forecast_load,Forecasted Load,2026-07-27T14:54:27Z
2026-07-27T14:54:16Z,2026-07-27T16:54:16+0200,6e7a462e-9eec-47a6-a2b0-092174843598,2026-07-12T17:00:00Z,2026-07-12T19:00:00+0200,8627.04,MW,BE,BE,forecast_load,Forecasted Load,2026-07-27T14:54:27Z
2026-07-27T14:54:16Z,2026-07-27T16:54:16+0200,6e7a462e-9eec-47a6-a2b0-092174843598,2026-07-12T17:15:00Z,2026-07-12T19:15:00+0200,8663.62,MW,BE,BE,forecast_load,Forecasted Load,2026-07-27T14:54:27Z
2026-07-27T14:54:16Z,2026-07-27T16:54:16+0200,6e7a462e-9eec-47a6-a2b0-092174843598,2026-07-12T17:30:00Z,2026-07-12T19:30:00+0200,8704.96,MW,BE,BE,forecast_load,Forecasted Load,2026-07-27T14:54:27Z
2026-07-27T14:54:16Z,2026-07-27T16:54:16+0200,6e7a462e-9eec-47a6-a2b0-092174843598,2026-07-12T17:45:00Z,2026-07-12T19:45:00+0200,8724.09,MW,BE,BE,forecast_load,Forecasted Load,2026-07-27T14:54:27Z
2026-07-27T14:54:16Z,2026-07-27T16:54:16+0200,6e7a462e-9eec-47a6-a2b0-092174843598,2026-07-12T18:00:00Z,2026-07-12T20:00:00+0200,8763.57,MW,BE,BE,forecast_load,Forecasted Load,2026-07-27T14:54:27Z
2026-07-27T14:54:16Z,2026-07-27T16:54:16+0200,6e7a462e-9eec-47a6-a2b0-092174843598,2026-07-12T18:15:00Z,2026-07-12T20:15:00+0200,8730.18,MW,BE,BE,forecast_load,Forecasted Load,2026-07-27T14:54:27Z
2026-07-27T14:54:16Z,2026-07-27T16:54:16+0200,6e7a462e-9eec-47a6-a2b0-092174843598,2026-07-12T18:30:00Z,2026-07-12T20:30:00+0200,8699.67,MW,BE,BE,forecast_load,Forecasted Load,2026-07-27T14:54:27Z
2026-07-27T14:54:16Z,2026-07-27T16:54:16+0200,6e7a462e-9eec-47a6-a2b0-092174843598,2026-07-12T18:45:00Z,2026-07-12T20:45:00+0200,8597.2,MW,BE,BE,forecast_load,Forecasted Load,2026-07-27T14:54:27Z
2026-07-27T14:54:16Z,2026-07-27T16:54:16+0200,6e7a462e-9eec-47a6-a2b0-092174843598,2026-07-12T19:00:00Z,2026-07-12T21:00:00+0200,8697.74,MW,BE,BE,forecast_load,Forecasted Load,2026-07-27T14:54:27Z
2026-07-27T14:54:16Z,2026-07-27T16:54:16+0200,6e7a462e-9eec-47a6-a2b0-092174843598,2026-07-12T19:15:00Z,2026-07-12T21:15:00+0200,8667.59,MW,BE,BE,forecast_load,Forecasted Load,2026-07-27T14:54:27Z
2026-07-27T14:54:16Z,2026-07-27T16:54:16+0200,6e7a462e-9eec-47a6-a2b0-092174843598,2026-07-12T19:30:00Z,2026-07-12T21:30:00+0200,8635.63,MW,BE,BE,forecast_load,Forecasted Load,2026-07-27T14:54:27Z
2026-07-27T14:54:16Z,2026-07-27T16:54:16+0200,6e7a462e-9eec-47a6-a2b0-092174843598,2026-07-12T19:45:00Z,2026-07-12T21:45:00+0200,8604.23,MW,BE,BE,forecast_load,Forecasted Load,2026-07-27T14:54:27Z
2026-07-27T14:54:16Z,2026-07-27T16:54:16+0200,6e7a462e-9eec-47a6-a2b0-092174843598,2026-07-12T20:00:00Z,2026-07-12T22:00:00+0200,8705.23,MW,BE,BE,forecast_load,Forecasted Load,2026-07-27T14:54:27Z
2026-07-27T14:54:16Z,2026-07-27T16:54:16+0200,6e7a462e-9eec-47a6-a2b0-092174843598,2026-07-12T20:15:00Z,2026-07-12T22:15:00+0200,8769.75,MW,BE,BE,forecast_load,Forecasted Load,2026-07-27T14:54:27Z
2026-07-27T14:54:16Z,2026-07-27T16:54:16+0200,6e7a462e-9eec-47a6-a2b0-092174843598,2026-07-12T20:30:00Z,2026-07-12T22:30:00+0200,8686.5,MW,BE,BE,forecast_load,Forecasted Load,2026-07-27T14:54:27Z
2026-07-27T14:54:16Z,2026-07-27T16:54:16+0200,6e7a462e-9eec-47a6-a2b0-092174843598,2026-07-12T20:45:00Z,2026-07-12T22:45:00+0200,8600.86,MW,BE,BE,forecast_load,Forecasted Load,2026-07-27T14:54:27Z
2026-07-27T14:54:16Z,2026-07-27T16:54:16+0200,6e7a462e-9eec-47a6-a2b0-092174843598,2026-07-12T21:00:00Z,2026-07-12T23:00:00+0200,8548.37,MW,BE,BE,forecast_load,Forecasted Load,2026-07-27T14:54:27Z
2026-07-27T14:54:16Z,2026-07-27T16:54:16+0200,6e7a462e-9eec-47a6-a2b0-092174843598,2026-07-12T21:15:00Z,2026-07-12T23:15:00+0200,8431.56,MW,BE,BE,forecast_load,Forecasted Load,2026-07-27T14:54:27Z
2026-07-27T14:54:16Z,2026-07-27T16:54:16+0200,6e7a462e-9eec-47a6-a2b0-092174843598,2026-07-12T21:30:00Z,2026-07-12T23:30:00+0200,8356.92,MW,BE,BE,forecast_load,Forecasted Load,2026-07-27T14:54:27Z
2026-07-27T14:54:16Z,2026-07-27T16:54:16+0200,6e7a462e-9eec-47a6-a2b0-092174843598,2026-07-12T21:45:00Z,2026-07-12T23:45:00+0200,8245.95,MW,BE,BE,forecast_load,Forecasted Load,2026-07-27T14:54:27Z
2026-07-27T14:54:16Z,2026-07-27T16:54:16+0200,6e7a462e-9eec-47a6-a2b0-092174843598,2026-07-12T22:00:00Z,2026-07-13T00:00:00+0200,8074.14,MW,BE,BE,forecast_load,Forecasted Load,2026-07-27T14:54:27Z
2026-07-27T14:54:16Z,2026-07-27T16:54:16+0200,6e7a462e-9eec-47a6-a2b0-092174843598,2026-07-12T22:15:00Z,2026-07-13T00:15:00+0200,8009.5,MW,BE,BE,forecast_load,Forecasted Load,2026-07-27T14:54:27Z
2026-07-27T14:54:16Z,2026-07-27T16:54:16+0200,6e7a462e-9eec-47a6-a2b0-092174843598,2026-07-12T22:30:00Z,2026-07-13T00:30:00+0200,7918.35,MW,BE,BE,forecast_load,Forecasted Load,2026-07-27T14:54:27Z
2026-07-27T14:54:16Z,2026-07-27T16:54:16+0200,6e7a462e-9eec-47a6-a2b0-092174843598,2026-07-12T22:45:00Z,2026-07-13T00:45:00+0200,7910.48,MW,BE,BE,forecast_load,Forecasted Load,2026-07-27T14:54:27Z
2026-07-27T14:54:16Z,2026-07-27T16:54:16+0200,6e7a462e-9eec-47a6-a2b0-092174843598,2026-07-12T23:00:00Z,2026-07-13T01:00:00+0200,7873.68,MW,BE,BE,forecast_load,Forecasted Load,2026-07-27T14:54:27Z
2026-07-27T14:54:16Z,2026-07-27T16:54:16+0200,6e7a462e-9eec-47a6-a2b0-092174843598,2026-07-12T23:15:00Z,2026-07-13T01:15:00+0200,7790.05,MW,BE,BE,forecast_load,Forecasted Load,2026-07-27T14:54:27Z
2026-07-27T14:54:16Z,2026-07-27T16:54:16+0200,6e7a462e-9eec-47a6-a2b0-092174843598,2026-07-12T23:30:00Z,2026-07-13T01:30:00+0200,7747.03,MW,BE,BE,forecast_load,Forecasted Load,2026-07-27T14:54:27Z
2026-07-27T14:54:16Z,2026-07-27T16:54:16+0200,6e7a462e-9eec-47a6-a2b0-092174843598,2026-07-12T23:45:00Z,2026-07-13T01:45:00+0200,7673.45,MW,BE,BE,forecast_load,Forecasted Load,2026-07-27T14:54:27Z
2026-07-27T14:54:16Z,2026-07-27T16:54:16+0200,6e7a462e-9eec-47a6-a2b0-092174843598,2026-07-13T00:00:00Z,2026-07-13T02:00:00+0200,7560.73,MW,BE,BE,forecast_load,Forecasted Load,2026-07-27T14:54:27Z
2026-07-27T14:54:16Z,2026-07-27T16:54:16+0200,6e7a462e-9eec-47a6-a2b0-092174843598,2026-07-13T00:15:00Z,2026-07-13T02:15:00+0200,7550.25,MW,BE,BE,forecast_load,Forecasted Load,2026-07-27T14:54:27Z
2026-07-27T14:54:16Z,2026-07-27T16:54:16+0200,6e7a462e-9eec-47a6-a2b0-092174843598,2026-07-13T00:30:00Z,2026-07-13T02:30:00+0200,7521.45,MW,BE,BE,forecast_load,Forecasted Load,2026-07-27T14:54:27Z
2026-07-27T14:54:16Z,2026-07-27T16:54:16+0200,6e7a462e-9eec-47a6-a2b0-092174843598,2026-07-13T00:45:00Z,2026-07-13T02:45:00+0200,7536.48,MW,BE,BE,forecast_load,Forecasted Load,2026-07-27T14:54:27Z
2026-07-27T14:54:16Z,2026-07-27T16:54:16+0200,6e7a462e-9eec-47a6-a2b0-092174843598,2026-07-13T01:00:00Z,2026-07-13T03:00:00+0200,7519.98,MW,BE,BE,forecast_load,Forecasted Load,2026-07-27T14:54:27Z
2026-07-27T14:54:16Z,2026-07-27T16:54:16+0200,6e7a462e-9eec-47a6-a2b0-092174843598,2026-07-13T01:15:00Z,2026-07-13T03:15:00+0200,7480.52,MW,BE,BE,forecast_load,Forecasted Load,2026-07-27T14:54:27Z
2026-07-27T14:54:16Z,2026-07-27T16:54:16+0200,6e7a462e-9eec-47a6-a2b0-092174843598,2026-07-13T01:30:00Z,2026-07-13T03:30:00+0200,7493.27,MW,BE,BE,forecast_load,Forecasted Load,2026-07-27T14:54:27Z
2026-07-27T14:54:16Z,2026-07-27T16:54:16+0200,6e7a462e-9eec-47a6-a2b0-092174843598,2026-07-13T01:45:00Z,2026-07-13T03:45:00+0200,7466.63,MW,BE,BE,forecast_load,Forecasted Load,2026-07-27T14:54:27Z
2026-07-27T14:54:16Z,2026-07-27T16:54:16+0200,6e7a462e-9eec-47a6-a2b0-092174843598,2026-07-13T02:00:00Z,2026-07-13T04:00:00+0200,7544.37,MW,BE,BE,forecast_load,Forecasted Load,2026-07-27T14:54:27Z
2026-07-27T14:54:16Z,2026-07-27T16:54:16+0200,6e7a462e-9eec-47a6-a2b0-092174843598,2026-07-13T02:15:00Z,2026-07-13T04:15:00+0200,7516.39,MW,BE,BE,forecast_load,Forecasted Load,2026-07-27T14:54:27Z
2026-07-27T14:54:16Z,2026-07-27T16:54:16+0200,6e7a462e-9eec-47a6-a2b0-092174843598,2026-07-13T02:30:00Z,2026-07-13T04:30:00+0200,7494.54,MW,BE,BE,forecast_load,Forecasted Load,2026-07-27T14:54:27Z
2026-07-27T14:54:16Z,2026-07-27T16:54:16+0200,6e7a462e-9eec-47a6-a2b0-092174843598,2026-07-13T02:45:00Z,2026-07-13T04:45:00+0200,7588.15,MW,BE,BE,forecast_load,Forecasted Load,2026-07-27T14:54:27Z
2026-07-27T14:54:16Z,2026-07-27T16:54:16+0200,6e7a462e-9eec-47a6-a2b0-092174843598,2026-07-13T03:00:00Z,2026-07-13T05:00:00+0200,7675.24,MW,BE,BE,forecast_load,Forecasted Load,2026-07-27T14:54:27Z
2026-07-27T14:54:16Z,2026-07-27T16:54:16+0200,6e7a462e-9eec-47a6-a2b0-092174843598,2026-07-13T03:15:00Z,2026-07-13T05:15:00+0200,7693.29,MW,BE,BE,forecast_load,Forecasted Load,2026-07-27T14:54:27Z
2026-07-27T14:54:16Z,2026-07-27T16:54:16+0200,6e7a462e-9eec-47a6-a2b0-092174843598,2026-07-13T03:30:00Z,2026-07-13T05:30:00+0200,7720.43,MW,BE,BE,forecast_load,Forecasted Load,2026-07-27T14:54:27Z
2026-07-27T14:54:16Z,2026-07-27T16:54:16+0200,6e7a462e-9eec-47a6-a2b0-092174843598,2026-07-13T03:45:00Z,2026-07-13T05:45:00+0200,7818.82,MW,BE,BE,forecast_load,Forecasted Load,2026-07-27T14:54:27Z
2026-07-27T14:54:16Z,2026-07-27T16:54:16+0200,6e7a462e-9eec-47a6-a2b0-092174843598,2026-07-13T04:00:00Z,2026-07-13T06:00:00+0200,8001.07,MW,BE,BE,forecast_load,Forecasted Load,2026-07-27T14:54:27Z
2026-07-27T14:54:16Z,2026-07-27T16:54:16+0200,6e7a462e-9eec-47a6-a2b0-092174843598,2026-07-13T04:15:00Z,2026-07-13T06:15:00+0200,8162.77,MW,BE,BE,forecast_load,Forecasted Load,2026-07-27T14:54:27Z
2026-07-27T14:54:16Z,2026-07-27T16:54:16+0200,6e7a462e-9eec-47a6-a2b0-092174843598,2026-07-13T04:30:00Z,2026-07-13T06:30:00+0200,8393.14,MW,BE,BE,forecast_load,Forecasted Load,2026-07-27T14:54:27Z
2026-07-27T14:54:16Z,2026-07-27T16:54:16+0200,6e7a462e-9eec-47a6-a2b0-092174843598,2026-07-13T04:45:00Z,2026-07-13T06:45:00+0200,8583.92,MW,BE,BE,forecast_load,Forecasted Load,2026-07-27T14:54:27Z
2026-07-27T14:54:16Z,2026-07-27T16:54:16+0200,6e7a462e-9eec-47a6-a2b0-092174843598,2026-07-13T05:00:00Z,2026-07-13T07:00:00+0200,8712.86,MW,BE,BE,forecast_load,Forecasted Load,2026-07-27T14:54:27Z
2026-07-27T14:54:16Z,2026-07-27T16:54:16+0200,6e7a462e-9eec-47a6-a2b0-092174843598,2026-07-13T05:15:00Z,2026-07-13T07:15:00+0200,8904.28,MW,BE,BE,forecast_load,Forecasted Load,2026-07-27T14:54:27Z
2026-07-27T14:54:16Z,2026-07-27T16:54:16+0200,6e7a462e-9eec-47a6-a2b0-092174843598,2026-07-13T05:30:00Z,2026-07-13T07:30:00+0200,9141.68,MW,BE,BE,forecast_load,Forecasted Load,2026-07-27T14:54:27Z
2026-07-27T14:54:16Z,2026-07-27T16:54:16+0200,6e7a462e-9eec-47a6-a2b0-092174843598,2026-07-13T05:45:00Z,2026-07-13T07:45:00+0200,9309.15,MW,BE,BE,forecast_load,Forecasted Load,2026-07-27T14:54:27Z
2026-07-27T14:54:16Z,2026-07-27T16:54:16+0200,6e7a462e-9eec-47a6-a2b0-092174843598,2026-07-13T06:00:00Z,2026-07-13T08:00:00+0200,9488.06,MW,BE,BE,forecast_load,Forecasted Load,2026-07-27T14:54:27Z
2026-07-27T14:54:16Z,2026-07-27T16:54:16+0200,6e7a462e-9eec-47a6-a2b0-092174843598,2026-07-13T06:15:00Z,2026-07-13T08:15:00+0200,9685.59,MW,BE,BE,forecast_load,Forecasted Load,2026-07-27T14:54:27Z
2026-07-27T14:54:16Z,2026-07-27T16:54:16+0200,6e7a462e-9eec-47a6-a2b0-092174843598,2026-07-13T06:30:00Z,2026-07-13T08:30:00+0200,9836.32,MW,BE,BE,forecast_load,Forecasted Load,2026-07-27T14:54:27Z
2026-07-27T14:54:16Z,2026-07-27T16:54:16+0200,6e7a462e-9eec-47a6-a2b0-092174843598,2026-07-13T06:45:00Z,2026-07-13T08:45:00+0200,9993.04,MW,BE,BE,forecast_load,Forecasted Load,2026-07-27T14:54:27Z
2026-07-27T14:54:16Z,2026-07-27T16:54:16+0200,6e7a462e-9eec-47a6-a2b0-092174843598,2026-07-13T07:00:00Z,2026-07-13T09:00:00+0200,10072.16,MW,BE,BE,forecast_load,Forecasted Load,2026-07-27T14:54:27Z
2026-07-27T14:54:16Z,2026-07-27T16:54:16+0200,6e7a462e-9eec-47a6-a2b0-092174843598,2026-07-13T07:15:00Z,2026-07-13T09:15:00+0200,10246.7,MW,BE,BE,forecast_load,Forecasted Load,2026-07-27T14:54:27Z
2026-07-27T14:54:16Z,2026-07-27T16:54:16+0200,6e7a462e-9eec-47a6-a2b0-092174843598,2026-07-13T07:30:00Z,2026-07-13T09:30:00+0200,10387.26,MW,BE,BE,forecast_load,Forecasted Load,2026-07-27T14:54:27Z
2026-07-27T14:54:16Z,2026-07-27T16:54:16+0200,6e7a462e-9eec-47a6-a2b0-092174843598,2026-07-13T07:45:00Z,2026-07-13T09:45:00+0200,10492.73,MW,BE,BE,forecast_load,Forecasted Load,2026-07-27T14:54:27Z
2026-07-27T14:54:16Z,2026-07-27T16:54:16+0200,6e7a462e-9eec-47a6-a2b0-092174843598,2026-07-13T08:00:00Z,2026-07-13T10:00:00+0200,10427.85,MW,BE,BE,forecast_load,Forecasted Load,2026-07-27T14:54:27Z
2026-07-27T14:54:16Z,2026-07-27T16:54:16+0200,6e7a462e-9eec-47a6-a2b0-092174843598,2026-07-13T08:15:00Z,2026-07-13T10:15:00+0200,10408.32,MW,BE,BE,forecast_load,Forecasted Load,2026-07-27T14:54:27Z
2026-07-27T14:54:16Z,2026-07-27T16:54:16+0200,6e7a462e-9eec-47a6-a2b0-092174843598,2026-07-13T08:30:00Z,2026-07-13T10:30:00+0200,10501.62,MW,BE,BE,forecast_load,Forecasted Load,2026-07-27T14:54:27Z
2026-07-27T14:54:16Z,2026-07-27T16:54:16+0200,6e7a462e-9eec-47a6-a2b0-092174843598,2026-07-13T08:45:00Z,2026-07-13T10:45:00+0200,10665.33,MW,BE,BE,forecast_load,Forecasted Load,2026-07-27T14:54:27Z
2026-07-27T14:54:16Z,2026-07-27T16:54:16+0200,6e7a462e-9eec-47a6-a2b0-092174843598,2026-07-13T09:00:00Z,2026-07-13T11:00:00+0200,10687.73,MW,BE,BE,forecast_load,Forecasted Load,2026-07-27T14:54:27Z
2026-07-27T14:54:16Z,2026-07-27T16:54:16+0200,6e7a462e-9eec-47a6-a2b0-092174843598,2026-07-13T09:15:00Z,2026-07-13T11:15:00+0200,10741.04,MW,BE,BE,forecast_load,Forecasted Load,2026-07-27T14:54:27Z
2026-07-27T14:54:16Z,2026-07-27T16:54:16+0200,6e7a462e-9eec-47a6-a2b0-092174843598,2026-07-13T09:30:00Z,2026-07-13T11:30:00+0200,10833.55,MW,BE,BE,forecast_load,Forecasted Load,2026-07-27T14:54:27Z
2026-07-27T14:54:16Z,2026-07-27T16:54:16+0200,6e7a462e-9eec-47a6-a2b0-092174843598,2026-07-13T09:45:00Z,2026-07-13T11:45:00+0200,10925.93,MW,BE,BE,forecast_load,Forecasted Load,2026-07-27T14:54:27Z
2026-07-27T14:54:16Z,2026-07-27T16:54:16+0200,6e7a462e-9eec-47a6-a2b0-092174843598,2026-07-13T10:00:00Z,2026-07-13T12:00:00+0200,10869.61,MW,BE,BE,forecast_load,Forecasted Load,2026-07-27T14:54:27Z
2026-07-27T14:54:16Z,2026-07-27T16:54:16+0200,6e7a462e-9eec-47a6-a2b0-092174843598,2026-07-13T10:15:00Z,2026-07-13T12:15:00+0200,10876.24,MW,BE,BE,forecast_load,Forecasted Load,2026-07-27T14:54:27Z
2026-07-27T14:54:16Z,2026-07-27T16:54:16+0200,6e7a462e-9eec-47a6-a2b0-092174843598,2026-07-13T10:30:00Z,2026-07-13T12:30:00+0200,10893.88,MW,BE,BE,forecast_load,Forecasted Load,2026-07-27T14:54:27Z
2026-07-27T14:54:16Z,2026-07-27T16:54:16+0200,6e7a462e-9eec-47a6-a2b0-092174843598,2026-07-13T10:45:00Z,2026-07-13T12:45:00+0200,10923.8,MW,BE,BE,forecast_load,Forecasted Load,2026-07-27T14:54:27Z
2026-07-27T14:54:16Z,2026-07-27T16:54:16+0200,6e7a462e-9eec-47a6-a2b0-092174843598,2026-07-13T11:00:00Z,2026-07-13T13:00:00+0200,10920.67,MW,BE,BE,forecast_load,Forecasted Load,2026-07-27T14:54:27Z
2026-07-27T14:54:16Z,2026-07-27T16:54:16+0200,6e7a462e-9eec-47a6-a2b0-092174843598,2026-07-13T11:15:00Z,2026-07-13T13:15:00+0200,10976.28,MW,BE,BE,forecast_load,Forecasted Load,2026-07-27T14:54:27Z
2026-07-27T14:54:16Z,2026-07-27T16:54:16+0200,6e7a462e-9eec-47a6-a2b0-092174843598,2026-07-13T11:30:00Z,2026-07-13T13:30:00+0200,10997.54,MW,BE,BE,forecast_load,Forecasted Load,2026-07-27T14:54:27Z
2026-07-27T14:54:16Z,2026-07-27T16:54:16+0200,6e7a462e-9eec-47a6-a2b0-092174843598,2026-07-13T11:45:00Z,2026-07-13T13:45:00+0200,11000.13,MW,BE,BE,forecast_load,Forecasted Load,2026-07-27T14:54:27Z
2026-07-27T14:54:16Z,2026-07-27T16:54:16+0200,6e7a462e-9eec-47a6-a2b0-092174843598,2026-07-13T12:00:00Z,2026-07-13T14:00:00+0200,11006.38,MW,BE,BE,forecast_load,Forecasted Load,2026-07-27T14:54:27Z
2026-07-27T14:54:16Z,2026-07-27T16:54:16+0200,6e7a462e-9eec-47a6-a2b0-092174843598,2026-07-13T12:15:00Z,2026-07-13T14:15:00+0200,10904.85,MW,BE,BE,forecast_load,Forecasted Load,2026-07-27T14:54:27Z
2026-07-27T14:54:16Z,2026-07-27T16:54:16+0200,6e7a462e-9eec-47a6-a2b0-092174843598,2026-07-13T12:30:00Z,2026-07-13T14:30:00+0200,10813.44,MW,BE,BE,forecast_load,Forecasted Load,2026-07-27T14:54:27Z
2026-07-27T14:54:16Z,2026-07-27T16:54:16+0200,6e7a462e-9eec-47a6-a2b0-092174843598,2026-07-13T12:45:00Z,2026-07-13T14:45:00+0200,10780.51,MW,BE,BE,forecast_load,Forecasted Load,2026-07-27T14:54:27Z
2026-07-27T14:54:16Z,2026-07-27T16:54:16+0200,6e7a462e-9eec-47a6-a2b0-092174843598,2026-07-13T13:00:00Z,2026-07-13T15:00:00+0200,10803.55,MW,BE,BE,forecast_load,Forecasted Load,2026-07-27T14:54:27Z
2026-07-27T14:54:16Z,2026-07-27T16:54:16+0200,6e7a462e-9eec-47a6-a2b0-092174843598,2026-07-13T13:15:00Z,2026-07-13T15:15:00+0200,10702.68,MW,BE,BE,forecast_load,Forecasted Load,2026-07-27T14:54:27Z
2026-07-27T14:54:16Z,2026-07-27T16:54:16+0200,6e7a462e-9eec-47a6-a2b0-092174843598,2026-07-13T13:30:00Z,2026-07-13T15:30:00+0200,10567.27,MW,BE,BE,forecast_load,Forecasted Load,2026-07-27T14:54:27Z
2026-07-27T14:54:16Z,2026-07-27T16:54:16+0200,6e7a462e-9eec-47a6-a2b0-092174843598,2026-07-13T13:45:00Z,2026-07-13T15:45:00+0200,10431.83,MW,BE,BE,forecast_load,Forecasted Load,2026-07-27T14:54:27Z
2026-07-27T14:54:16Z,2026-07-27T16:54:16+0200,6e7a462e-9eec-47a6-a2b0-092174843598,2026-07-13T14:00:00Z,2026-07-13T16:00:00+0200,10369.77,MW,BE,BE,forecast_load,Forecasted Load,2026-07-27T14:54:27Z
2026-07-27T14:54:16Z,2026-07-27T16:54:16+0200,6e7a462e-9eec-47a6-a2b0-092174843598,2026-07-13T14:15:00Z,2026-07-13T16:15:00+0200,10263.7,MW,BE,BE,forecast_load,Forecasted Load,2026-07-27T14:54:27Z
2026-07-27T14:54:16Z,2026-07-27T16:54:16+0200,6e7a462e-9eec-47a6-a2b0-092174843598,2026-07-13T14:30:00Z,2026-07-13T16:30:00+0200,10156.4,MW,BE,BE,forecast_load,Forecasted Load,2026-07-27T14:54:27Z
2026-07-27T14:54:16Z,2026-07-27T16:54:16+0200,6e7a462e-9eec-47a6-a2b0-092174843598,2026-07-13T14:45:00Z,2026-07-13T16:45:00+0200,10088.89,MW,BE,BE,forecast_load,Forecasted Load,2026-07-27T14:54:27Z
2026-07-27T14:54:16Z,2026-07-27T16:54:16+0200,6e7a462e-9eec-47a6-a2b0-092174843598,2026-07-13T15:00:00Z,2026-07-13T17:00:00+0200,10105.09,MW,BE,BE,forecast_load,Forecasted Load,2026-07-27T14:54:27Z
2026-07-27T14:54:16Z,2026-07-27T16:54:16+0200,6e7a462e-9eec-47a6-a2b0-092174843598,2026-07-13T15:15:00Z,2026-07-13T17:15:00+0200,10100.19,MW,BE,BE,forecast_load,Forecasted Load,2026-07-27T14:54:27Z
2026-07-27T14:54:16Z,2026-07-27T16:54:16+0200,6e7a462e-9eec-47a6-a2b0-092174843598,2026-07-13T15:30:00Z,2026-07-13T17:30:00+0200,10169.94,MW,BE,BE,forecast_load,Forecasted Load,2026-07-27T14:54:27Z
2026-07-27T14:54:16Z,2026-07-27T16:54:16+0200,6e7a462e-9eec-47a6-a2b0-092174843598,2026-07-13T15:45:00Z,2026-07-13T17:45:00+0200,10158.19,MW,BE,BE,forecast_load,Forecasted Load,2026-07-27T14:54:27Z
2026-07-27T14:54:16Z,2026-07-27T16:54:16+0200,6e7a462e-9eec-47a6-a2b0-092174843598,2026-07-13T16:00:00Z,2026-07-13T18:00:00+0200,10239.28,MW,BE,BE,forecast_load,Forecasted Load,2026-07-27T14:54:27Z
2026-07-27T14:54:16Z,2026-07-27T16:54:16+0200,6e7a462e-9eec-47a6-a2b0-092174843598,2026-07-13T16:15:00Z,2026-07-13T18:15:00+0200,10135.14,MW,BE,BE,forecast_load,Forecasted Load,2026-07-27T14:54:27Z
2026-07-27T14:54:16Z,2026-07-27T16:54:16+0200,6e7a462e-9eec-47a6-a2b0-092174843598,2026-07-13T16:30:00Z,2026-07-13T18:30:00+0200,10072.21,MW,BE,BE,forecast_load,Forecasted Load,2026-07-27T14:54:27Z
2026-07-27T14:54:16Z,2026-07-27T16:54:16+0200,6e7a462e-9eec-47a6-a2b0-092174843598,2026-07-13T16:45:00Z,2026-07-13T18:45:00+0200,10110.0,MW,BE,BE,forecast_load,Forecasted Load,2026-07-27T14:54:27Z
2026-07-27T14:54:16Z,2026-07-27T16:54:16+0200,6e7a462e-9eec-47a6-a2b0-092174843598,2026-07-13T17:00:00Z,2026-07-13T19:00:00+0200,10102.41,MW,BE,BE,forecast_load,Forecasted Load,2026-07-27T14:54:27Z
2026-07-27T14:54:16Z,2026-07-27T16:54:16+0200,6e7a462e-9eec-47a6-a2b0-092174843598,2026-07-13T17:15:00Z,2026-07-13T19:15:00+0200,10088.96,MW,BE,BE,forecast_load,Forecasted Load,2026-07-27T14:54:27Z
2026-07-27T14:54:16Z,2026-07-27T16:54:16+0200,6e7a462e-9eec-47a6-a2b0-092174843598,2026-07-13T17:30:00Z,2026-07-13T19:30:00+0200,10034.64,MW,BE,BE,forecast_load,Forecasted Load,2026-07-27T14:54:27Z
2026-07-27T14:54:16Z,2026-07-27T16:54:16+0200,6e7a462e-9eec-47a6-a2b0-092174843598,2026-07-13T17:45:00Z,2026-07-13T19:45:00+0200,9962.46,MW,BE,BE,forecast_load,Forecasted Load,2026-07-27T14:54:27Z
2026-07-27T14:54:16Z,2026-07-27T16:54:16+0200,6e7a462e-9eec-47a6-a2b0-092174843598,2026-07-13T18:00:00Z,2026-07-13T20:00:00+0200,9916.26,MW,BE,BE,forecast_load,Forecasted Load,2026-07-27T14:54:27Z
2026-07-27T14:54:16Z,2026-07-27T16:54:16+0200,6e7a462e-9eec-47a6-a2b0-092174843598,2026-07-13T18:15:00Z,2026-07-13T20:15:00+0200,9860.14,MW,BE,BE,forecast_load,Forecasted Load,2026-07-27T14:54:27Z
2026-07-27T14:54:16Z,2026-07-27T16:54:16+0200,6e7a462e-9eec-47a6-a2b0-092174843598,2026-07-13T18:30:00Z,2026-07-13T20:30:00+0200,9750.05,MW,BE,BE,forecast_load,Forecasted Load,2026-07-27T14:54:27Z
2026-07-27T14:54:16Z,2026-07-27T16:54:16+0200,6e7a462e-9eec-47a6-a2b0-092174843598,2026-07-13T18:45:00Z,2026-07-13T20:45:00+0200,9563.01,MW,BE,BE,forecast_load,Forecasted Load,2026-07-27T14:54:27Z
2026-07-27T14:54:16Z,2026-07-27T16:54:16+0200,6e7a462e-9eec-47a6-a2b0-092174843598,2026-07-13T19:00:00Z,2026-07-13T21:00:00+0200,9480.91,MW,BE,BE,forecast_load,Forecasted Load,2026-07-27T14:54:27Z
2026-07-27T14:54:16Z,2026-07-27T16:54:16+0200,6e7a462e-9eec-47a6-a2b0-092174843598,2026-07-13T19:15:00Z,2026-07-13T21:15:00+0200,9413.08,MW,BE,BE,forecast_load,Forecasted Load,2026-07-27T14:54:27Z
2026-07-27T14:54:16Z,2026-07-27T16:54:16+0200,6e7a462e-9eec-47a6-a2b0-092174843598,2026-07-13T19:30:00Z,2026-07-13T21:30:00+0200,9312.44,MW,BE,BE,forecast_load,Forecasted Load,2026-07-27T14:54:27Z
2026-07-27T14:54:16Z,2026-07-27T16:54:16+0200,6e7a462e-9eec-47a6-a2b0-092174843598,2026-07-13T19:45:00Z,2026-07-13T21:45:00+0200,9352.72,MW,BE,BE,forecast_load,Forecasted Load,2026-07-27T14:54:27Z
2026-07-27T14:54:16Z,2026-07-27T16:54:16+0200,6e7a462e-9eec-47a6-a2b0-092174843598,2026-07-13T20:00:00Z,2026-07-13T22:00:00+0200,9348.53,MW,BE,BE,forecast_load,Forecasted Load,2026-07-27T14:54:27Z
2026-07-27T14:54:16Z,2026-07-27T16:54:16+0200,6e7a462e-9eec-47a6-a2b0-092174843598,2026-07-13T20:15:00Z,2026-07-13T22:15:00+0200,9430.49,MW,BE,BE,forecast_load,Forecasted Load,2026-07-27T14:54:27Z
2026-07-27T14:54:16Z,2026-07-27T16:54:16+0200,6e7a462e-9eec-47a6-a2b0-092174843598,2026-07-13T20:30:00Z,2026-07-13T22:30:00+0200,9418.72,MW,BE,BE,forecast_load,Forecasted Load,2026-07-27T14:54:27Z
2026-07-27T14:54:16Z,2026-07-27T16:54:16+0200,6e7a462e-9eec-47a6-a2b0-092174843598,2026-07-13T20:45:00Z,2026-07-13T22:45:00+0200,9315.86,MW,BE,BE,forecast_load,Forecasted Load,2026-07-27T14:54:27Z
2026-07-27T14:54:16Z,2026-07-27T16:54:16+0200,6e7a462e-9eec-47a6-a2b0-092174843598,2026-07-13T21:00:00Z,2026-07-13T23:00:00+0200,9311.03,MW,BE,BE,forecast_load,Forecasted Load,2026-07-27T14:54:27Z
2026-07-27T14:54:16Z,2026-07-27T16:54:16+0200,6e7a462e-9eec-47a6-a2b0-092174843598,2026-07-13T21:15:00Z,2026-07-13T23:15:00+0200,9168.19,MW,BE,BE,forecast_load,Forecasted Load,2026-07-27T14:54:27Z
2026-07-27T14:54:16Z,2026-07-27T16:54:16+0200,6e7a462e-9eec-47a6-a2b0-092174843598,2026-07-13T21:30:00Z,2026-07-13T23:30:00+0200,9011.87,MW,BE,BE,forecast_load,Forecasted Load,2026-07-27T14:54:27Z
2026-07-27T14:54:16Z,2026-07-27T16:54:16+0200,6e7a462e-9eec-47a6-a2b0-092174843598,2026-07-13T21:45:00Z,2026-07-13T23:45:00+0200,8845.49,MW,BE,BE,forecast_load,Forecasted Load,2026-07-27T14:54:27Z
2026-07-27T14:54:16Z,2026-07-27T16:54:16+0200,6e7a462e-9eec-47a6-a2b0-092174843598,2026-07-13T22:00:00Z,2026-07-14T00:00:00+0200,8399.14,MW,BE,BE,forecast_load,Forecasted Load,2026-07-27T14:54:27Z
2026-07-27T14:54:16Z,2026-07-27T16:54:16+0200,6e7a462e-9eec-47a6-a2b0-092174843598,2026-07-13T22:15:00Z,2026-07-14T00:15:00+0200,8240.16,MW,BE,BE,forecast_load,Forecasted Load,2026-07-27T14:54:27Z
2026-07-27T14:54:16Z,2026-07-27T16:54:16+0200,6e7a462e-9eec-47a6-a2b0-092174843598,2026-07-13T22:30:00Z,2026-07-14T00:30:00+0200,8165.82,MW,BE,BE,forecast_load,Forecasted Load,2026-07-27T14:54:27Z
2026-07-27T14:54:16Z,2026-07-27T16:54:16+0200,6e7a462e-9eec-47a6-a2b0-092174843598,2026-07-13T22:45:00Z,2026-07-14T00:45:00+0200,8077.31,MW,BE,BE,forecast_load,Forecasted Load,2026-07-27T14:54:27Z
2026-07-27T14:54:16Z,2026-07-27T16:54:16+0200,6e7a462e-9eec-47a6-a2b0-092174843598,2026-07-13T23:00:00Z,2026-07-14T01:00:00+0200,8015.42,MW,BE,BE,forecast_load,Forecasted Load,2026-07-27T14:54:27Z
2026-07-27T14:54:16Z,2026-07-27T16:54:16+0200,6e7a462e-9eec-47a6-a2b0-092174843598,2026-07-13T23:15:00Z,2026-07-14T01:15:00+0200,7949.06,MW,BE,BE,forecast_load,Forecasted Load,2026-07-27T14:54:27Z
2026-07-27T14:54:16Z,2026-07-27T16:54:16+0200,6e7a462e-9eec-47a6-a2b0-092174843598,2026-07-13T23:30:00Z,2026-07-14T01:30:00+0200,7912.18,MW,BE,BE,forecast_load,Forecasted Load,2026-07-27T14:54:27Z
2026-07-27T14:54:16Z,2026-07-27T16:54:16+0200,6e7a462e-9eec-47a6-a2b0-092174843598,2026-07-13T23:45:00Z,2026-07-14T01:45:00+0200,7882.53,MW,BE,BE,forecast_load,Forecasted Load,2026-07-27T14:54:27Z
2026-07-27T14:54:16Z,2026-07-27T16:54:16+0200,6e7a462e-9eec-47a6-a2b0-092174843598,2026-07-14T00:00:00Z,2026-07-14T02:00:00+0200,8054.46,MW,BE,BE,forecast_load,Forecasted Load,2026-07-27T14:54:27Z
2026-07-27T14:54:16Z,2026-07-27T16:54:16+0200,6e7a462e-9eec-47a6-a2b0-092174843598,2026-07-14T00:15:00Z,2026-07-14T02:15:00+0200,8033.47,MW,BE,BE,forecast_load,Forecasted Load,2026-07-27T14:54:27Z
2026-07-27T14:54:16Z,2026-07-27T16:54:16+0200,6e7a462e-9eec-47a6-a2b0-092174843598,2026-07-14T00:30:00Z,2026-07-14T02:30:00+0200,7982.24,MW,BE,BE,forecast_load,Forecasted Load,2026-07-27T14:54:27Z
2026-07-27T14:54:16Z,2026-07-27T16:54:16+0200,6e7a462e-9eec-47a6-a2b0-092174843598,2026-07-14T00:45:00Z,2026-07-14T02:45:00+0200,7960.94,MW,BE,BE,forecast_load,Forecasted Load,2026-07-27T14:54:27Z
2026-07-27T14:54:16Z,2026-07-27T16:54:16+0200,6e7a462e-9eec-47a6-a2b0-092174843598,2026-07-14T01:00:00Z,2026-07-14T03:00:00+0200,7963.52,MW,BE,BE,forecast_load,Forecasted Load,2026-07-27T14:54:27Z
2026-07-27T14:54:16Z,2026-07-27T16:54:16+0200,6e7a462e-9eec-47a6-a2b0-092174843598,2026-07-14T01:15:00Z,2026-07-14T03:15:00+0200,7944.07,MW,BE,BE,forecast_load,Forecasted Load,2026-07-27T14:54:27Z
2026-07-27T14:54:16Z,2026-07-27T16:54:16+0200,6e7a462e-9eec-47a6-a2b0-092174843598,2026-07-14T01:30:00Z,2026-07-14T03:30:00+0200,7948.31,MW,BE,BE,forecast_load,Forecasted Load,2026-07-27T14:54:27Z
2026-07-27T14:54:16Z,2026-07-27T16:54:16+0200,6e7a462e-9eec-47a6-a2b0-092174843598,2026-07-14T01:45:00Z,2026-07-14T03:45:00+0200,7911.24,MW,BE,BE,forecast_load,Forecasted Load,2026-07-27T14:54:27Z
2026-07-27T14:54:16Z,2026-07-27T16:54:16+0200,6e7a462e-9eec-47a6-a2b0-092174843598,2026-07-14T02:00:00Z,2026-07-14T04:00:00+0200,8039.59,MW,BE,BE,forecast_load,Forecasted Load,2026-07-27T14:54:27Z
2026-07-27T14:54:16Z,2026-07-27T16:54:16+0200,6e7a462e-9eec-47a6-a2b0-092174843598,2026-07-14T02:15:00Z,2026-07-14T04:15:00+0200,8036.76,MW,BE,BE,forecast_load,Forecasted Load,2026-07-27T14:54:27Z
2026-07-27T14:54:16Z,2026-07-27T16:54:16+0200,6e7a462e-9eec-47a6-a2b0-092174843598,2026-07-14T02:30:00Z,2026-07-14T04:30:00+0200,8007.91,MW,BE,BE,forecast_load,Forecasted Load,2026-07-27T14:54:27Z
2026-07-27T14:54:16Z,2026-07-27T16:54:16+0200,6e7a462e-9eec-47a6-a2b0-092174843598,2026-07-14T02:45:00Z,2026-07-14T04:45:00+0200,8051.09,MW,BE,BE,forecast_load,Forecasted Load,2026-07-27T14:54:27Z
2026-07-27T14:54:16Z,2026-07-27T16:54:16+0200,6e7a462e-9eec-47a6-a2b0-092174843598,2026-07-14T03:00:00Z,2026-07-14T05:00:00+0200,8123.74,MW,BE,BE,forecast_load,Forecasted Load,2026-07-27T14:54:27Z
2026-07-27T14:54:16Z,2026-07-27T16:54:16+0200,6e7a462e-9eec-47a6-a2b0-092174843598,2026-07-14T03:15:00Z,2026-07-14T05:15:00+0200,8132.1,MW,BE,BE,forecast_load,Forecasted Load,2026-07-27T14:54:27Z
2026-07-27T14:54:16Z,2026-07-27T16:54:16+0200,6e7a462e-9eec-47a6-a2b0-092174843598,2026-07-14T03:30:00Z,2026-07-14T05:30:00+0200,8143.97,MW,BE,BE,forecast_load,Forecasted Load,2026-07-27T14:54:27Z
2026-07-27T14:54:16Z,2026-07-27T16:54:16+0200,6e7a462e-9eec-47a6-a2b0-092174843598,2026-07-14T03:45:00Z,2026-07-14T05:45:00+0200,8227.5,MW,BE,BE,forecast_load,Forecasted Load,2026-07-27T14:54:27Z
2026-07-27T14:54:16Z,2026-07-27T16:54:16+0200,6e7a462e-9eec-47a6-a2b0-092174843598,2026-07-14T04:00:00Z,2026-07-14T06:00:00+0200,8393.16,MW,BE,BE,forecast_load,Forecasted Load,2026-07-27T14:54:27Z
2026-07-27T14:54:16Z,2026-07-27T16:54:16+0200,6e7a462e-9eec-47a6-a2b0-092174843598,2026-07-14T04:15:00Z,2026-07-14T06:15:00+0200,8584.52,MW,BE,BE,forecast_load,Forecasted Load,2026-07-27T14:54:27Z
2026-07-27T14:54:16Z,2026-07-27T16:54:16+0200,6e7a462e-9eec-47a6-a2b0-092174843598,2026-07-14T04:30:00Z,2026-07-14T06:30:00+0200,8770.99,MW,BE,BE,forecast_load,Forecasted Load,2026-07-27T14:54:27Z
2026-07-27T14:54:16Z,2026-07-27T16:54:16+0200,6e7a462e-9eec-47a6-a2b0-092174843598,2026-07-14T04:45:00Z,2026-07-14T06:45:00+0200,8941.76,MW,BE,BE,forecast_load,Forecasted Load,2026-07-27T14:54:27Z
2026-07-27T14:54:16Z,2026-07-27T16:54:16+0200,6e7a462e-9eec-47a6-a2b0-092174843598,2026-07-14T05:00:00Z,2026-07-14T07:00:00+0200,9059.0,MW,BE,BE,forecast_load,Forecasted Load,2026-07-27T14:54:27Z
2026-07-27T14:54:16Z,2026-07-27T16:54:16+0200,6e7a462e-9eec-47a6-a2b0-092174843598,2026-07-14T05:15:00Z,2026-07-14T07:15:00+0200,9253.68,MW,BE,BE,forecast_load,Forecasted Load,2026-07-27T14:54:27Z
2026-07-27T14:54:16Z,2026-07-27T16:54:16+0200,6e7a462e-9eec-47a6-a2b0-092174843598,2026-07-14T05:30:00Z,2026-07-14T07:30:00+0200,9481.5,MW,BE,BE,forecast_load,Forecasted Load,2026-07-27T14:54:27Z
2026-07-27T14:54:16Z,2026-07-27T16:54:16+0200,6e7a462e-9eec-47a6-a2b0-092174843598,2026-07-14T05:45:00Z,2026-07-14T07:45:00+0200,9635.31,MW,BE,BE,forecast_load,Forecasted Load,2026-07-27T14:54:27Z
2026-07-27T14:54:16Z,2026-07-27T16:54:16+0200,6e7a462e-9eec-47a6-a2b0-092174843598,2026-07-14T06:00:00Z,2026-07-14T08:00:00+0200,9674.7,MW,BE,BE,forecast_load,Forecasted Load,2026-07-27T14:54:27Z
2026-07-27T14:54:16Z,2026-07-27T16:54:16+0200,6e7a462e-9eec-47a6-a2b0-092174843598,2026-07-14T06:15:00Z,2026-07-14T08:15:00+0200,9877.27,MW,BE,BE,forecast_load,Forecasted Load,2026-07-27T14:54:27Z
2026-07-27T14:54:16Z,2026-07-27T16:54:16+0200,6e7a462e-9eec-47a6-a2b0-092174843598,2026-07-14T06:30:00Z,2026-07-14T08:30:00+0200,10049.5,MW,BE,BE,forecast_load,Forecasted Load,2026-07-27T14:54:27Z
2026-07-27T14:54:16Z,2026-07-27T16:54:16+0200,6e7a462e-9eec-47a6-a2b0-092174843598,2026-07-14T06:45:00Z,2026-07-14T08:45:00+0200,10221.13,MW,BE,BE,forecast_load,Forecasted Load,2026-07-27T14:54:27Z
2026-07-27T14:54:16Z,2026-07-27T16:54:16+0200,6e7a462e-9eec-47a6-a2b0-092174843598,2026-07-14T07:00:00Z,2026-07-14T09:00:00+0200,10239.83,MW,BE,BE,forecast_load,Forecasted Load,2026-07-27T14:54:27Z
2026-07-27T14:54:16Z,2026-07-27T16:54:16+0200,6e7a462e-9eec-47a6-a2b0-092174843598,2026-07-14T07:15:00Z,2026-07-14T09:15:00+0200,10310.96,MW,BE,BE,forecast_load,Forecasted Load,2026-07-27T14:54:27Z
2026-07-27T14:54:16Z,2026-07-27T16:54:16+0200,6e7a462e-9eec-47a6-a2b0-092174843598,2026-07-14T07:30:00Z,2026-07-14T09:30:00+0200,10445.16,MW,BE,BE,forecast_load,Forecasted Load,2026-07-27T14:54:27Z
2026-07-27T14:54:16Z,2026-07-27T16:54:16+0200,6e7a462e-9eec-47a6-a2b0-092174843598,2026-07-14T07:45:00Z,2026-07-14T09:45:00+0200,10563.98,MW,BE,BE,forecast_load,Forecasted Load,2026-07-27T14:54:27Z
2026-07-27T14:54:16Z,2026-07-27T16:54:16+0200,6e7a462e-9eec-47a6-a2b0-092174843598,2026-07-14T08:00:00Z,2026-07-14T10:00:00+0200,10645.92,MW,BE,BE,forecast_load,Forecasted Load,2026-07-27T14:54:27Z
2026-07-27T14:54:16Z,2026-07-27T16:54:16+0200,6e7a462e-9eec-47a6-a2b0-092174843598,2026-07-14T08:15:00Z,2026-07-14T10:15:00+0200,10684.09,MW,BE,BE,forecast_load,Forecasted Load,2026-07-27T14:54:27Z
2026-07-27T14:54:16Z,2026-07-27T16:54:16+0200,6e7a462e-9eec-47a6-a2b0-092174843598,2026-07-14T08:30:00Z,2026-07-14T10:30:00+0200,10740.3,MW,BE,BE,forecast_load,Forecasted Load,2026-07-27T14:54:27Z
2026-07-27T14:54:16Z,2026-07-27T16:54:16+0200,6e7a462e-9eec-47a6-a2b0-092174843598,2026-07-14T08:45:00Z,2026-07-14T10:45:00+0200,10804.14,MW,BE,BE,forecast_load,Forecasted Load,2026-07-27T14:54:27Z
2026-07-27T14:54:16Z,2026-07-27T16:54:16+0200,6e7a462e-9eec-47a6-a2b0-092174843598,2026-07-14T09:00:00Z,2026-07-14T11:00:00+0200,10866.92,MW,BE,BE,forecast_load,Forecasted Load,2026-07-27T14:54:27Z
2026-07-27T14:54:16Z,2026-07-27T16:54:16+0200,6e7a462e-9eec-47a6-a2b0-092174843598,2026-07-14T09:15:00Z,2026-07-14T11:15:00+0200,10888.93,MW,BE,BE,forecast_load,Forecasted Load,2026-07-27T14:54:27Z
2026-07-27T14:54:16Z,2026-07-27T16:54:16+0200,6e7a462e-9eec-47a6-a2b0-092174843598,2026-07-14T09:30:00Z,2026-07-14T11:30:00+0200,10957.62,MW,BE,BE,forecast_load,Forecasted Load,2026-07-27T14:54:27Z
2026-07-27T14:54:16Z,2026-07-27T16:54:16+0200,6e7a462e-9eec-47a6-a2b0-092174843598,2026-07-14T09:45:00Z,2026-07-14T11:45:00+0200,11050.72,MW,BE,BE,forecast_load,Forecasted Load,2026-07-27T14:54:27Z
2026-07-27T14:54:16Z,2026-07-27T16:54:16+0200,6e7a462e-9eec-47a6-a2b0-092174843598,2026-07-14T10:00:00Z,2026-07-14T12:00:00+0200,11016.75,MW,BE,BE,forecast_load,Forecasted Load,2026-07-27T14:54:27Z
2026-07-27T14:54:16Z,2026-07-27T16:54:16+0200,6e7a462e-9eec-47a6-a2b0-092174843598,2026-07-14T10:15:00Z,2026-07-14T12:15:00+0200,10970.71,MW,BE,BE,forecast_load,Forecasted Load,2026-07-27T14:54:27Z
2026-07-27T14:54:16Z,2026-07-27T16:54:16+0200,6e7a462e-9eec-47a6-a2b0-092174843598,2026-07-14T10:30:00Z,2026-07-14T12:30:00+0200,10983.68,MW,BE,BE,forecast_load,Forecasted Load,2026-07-27T14:54:27Z
2026-07-27T14:54:16Z,2026-07-27T16:54:16+0200,6e7a462e-9eec-47a6-a2b0-092174843598,2026-07-14T10:45:00Z,2026-07-14T12:45:00+0200,11035.8,MW,BE,BE,forecast_load,Forecasted Load,2026-07-27T14:54:27Z
2026-07-27T14:54:16Z,2026-07-27T16:54:16+0200,6e7a462e-9eec-47a6-a2b0-092174843598,2026-07-14T11:00:00Z,2026-07-14T13:00:00+0200,10995.44,MW,BE,BE,forecast_load,Forecasted Load,2026-07-27T14:54:27Z
2026-07-27T14:54:16Z,2026-07-27T16:54:16+0200,6e7a462e-9eec-47a6-a2b0-092174843598,2026-07-14T11:15:00Z,2026-07-14T13:15:00+0200,11032.86,MW,BE,BE,forecast_load,Forecasted Load,2026-07-27T14:54:27Z
2026-07-27T14:54:16Z,2026-07-27T16:54:16+0200,6e7a462e-9eec-47a6-a2b0-092174843598,2026-07-14T11:30:00Z,2026-07-14T13:30:00+0200,11056.48,MW,BE,BE,forecast_load,Forecasted Load,2026-07-27T14:54:27Z
2026-07-27T14:54:16Z,2026-07-27T16:54:16+0200,6e7a462e-9eec-47a6-a2b0-092174843598,2026-07-14T11:45:00Z,2026-07-14T13:45:00+0200,10974.01,MW,BE,BE,forecast_load,Forecasted Load,2026-07-27T14:54:27Z
2026-07-27T14:54:16Z,2026-07-27T16:54:16+0200,6e7a462e-9eec-47a6-a2b0-092174843598,2026-07-14T12:00:00Z,2026-07-14T14:00:00+0200,10981.31,MW,BE,BE,forecast_load,Forecasted Load,2026-07-27T14:54:27Z
2026-07-27T14:54:16Z,2026-07-27T16:54:16+0200,6e7a462e-9eec-47a6-a2b0-092174843598,2026-07-14T12:15:00Z,2026-07-14T14:15:00+0200,10934.61,MW,BE,BE,forecast_load,Forecasted Load,2026-07-27T14:54:27Z
2026-07-27T14:54:16Z,2026-07-27T16:54:16+0200,6e7a462e-9eec-47a6-a2b0-092174843598,2026-07-14T12:30:00Z,2026-07-14T14:30:00+0200,10878.31,MW,BE,BE,forecast_load,Forecasted Load,2026-07-27T14:54:27Z
2026-07-27T14:54:16Z,2026-07-27T16:54:16+0200,6e7a462e-9eec-47a6-a2b0-092174843598,2026-07-14T12:45:00Z,2026-07-14T14:45:00+0200,10808.75,MW,BE,BE,forecast_load,Forecasted Load,2026-07-27T14:54:27Z
2026-07-27T14:54:16Z,2026-07-27T16:54:16+0200,6e7a462e-9eec-47a6-a2b0-092174843598,2026-07-14T13:00:00Z,2026-07-14T15:00:00+0200,10815.56,MW,BE,BE,forecast_load,Forecasted Load,2026-07-27T14:54:27Z
2026-07-27T14:54:16Z,2026-07-27T16:54:16+0200,6e7a462e-9eec-47a6-a2b0-092174843598,2026-07-14T13:15:00Z,2026-07-14T15:15:00+0200,10677.79,MW,BE,BE,forecast_load,Forecasted Load,2026-07-27T14:54:27Z
2026-07-27T14:54:16Z,2026-07-27T16:54:16+0200,6e7a462e-9eec-47a6-a2b0-092174843598,2026-07-14T13:30:00Z,2026-07-14T15:30:00+0200,10591.83,MW,BE,BE,forecast_load,Forecasted Load,2026-07-27T14:54:27Z
2026-07-27T14:54:16Z,2026-07-27T16:54:16+0200,6e7a462e-9eec-47a6-a2b0-092174843598,2026-07-14T13:45:00Z,2026-07-14T15:45:00+0200,10492.75,MW,BE,BE,forecast_load,Forecasted Load,2026-07-27T14:54:27Z
2026-07-27T14:54:16Z,2026-07-27T16:54:16+0200,6e7a462e-9eec-47a6-a2b0-092174843598,2026-07-14T14:00:00Z,2026-07-14T16:00:00+0200,10586.88,MW,BE,BE,forecast_load,Forecasted Load,2026-07-27T14:54:27Z
2026-07-27T14:54:16Z,2026-07-27T16:54:16+0200,6e7a462e-9eec-47a6-a2b0-092174843598,2026-07-14T14:15:00Z,2026-07-14T16:15:00+0200,10455.68,MW,BE,BE,forecast_load,Forecasted Load,2026-07-27T14:54:27Z
2026-07-27T14:54:16Z,2026-07-27T16:54:16+0200,6e7a462e-9eec-47a6-a2b0-092174843598,2026-07-14T14:30:00Z,2026-07-14T16:30:00+0200,10416.68,MW,BE,BE,forecast_load,Forecasted Load,2026-07-27T14:54:27Z
2026-07-27T14:54:16Z,2026-07-27T16:54:16+0200,6e7a462e-9eec-47a6-a2b0-092174843598,2026-07-14T14:45:00Z,2026-07-14T16:45:00+0200,10394.8,MW,BE,BE,forecast_load,Forecasted Load,2026-07-27T14:54:27Z
2026-07-27T14:54:16Z,2026-07-27T16:54:16+0200,6e7a462e-9eec-47a6-a2b0-092174843598,2026-07-14T15:00:00Z,2026-07-14T17:00:00+0200,10427.54,MW,BE,BE,forecast_load,Forecasted Load,2026-07-27T14:54:27Z
2026-07-27T14:54:16Z,2026-07-27T16:54:16+0200,6e7a462e-9eec-47a6-a2b0-092174843598,2026-07-14T15:15:00Z,2026-07-14T17:15:00+0200,10337.42,MW,BE,BE,forecast_load,Forecasted Load,2026-07-27T14:54:27Z
2026-07-27T14:54:16Z,2026-07-27T16:54:16+0200,6e7a462e-9eec-47a6-a2b0-092174843598,2026-07-14T15:30:00Z,2026-07-14T17:30:00+0200,10384.14,MW,BE,BE,forecast_load,Forecasted Load,2026-07-27T14:54:27Z
2026-07-27T14:54:16Z,2026-07-27T16:54:16+0200,6e7a462e-9eec-47a6-a2b0-092174843598,2026-07-14T15:45:00Z,2026-07-14T17:45:00+0200,10344.87,MW,BE,BE,forecast_load,Forecasted Load,2026-07-27T14:54:27Z
2026-07-27T14:54:16Z,2026-07-27T16:54:16+0200,6e7a462e-9eec-47a6-a2b0-092174843598,2026-07-14T16:00:00Z,2026-07-14T18:00:00+0200,10288.23,MW,BE,BE,forecast_load,Forecasted Load,2026-07-27T14:54:27Z
2026-07-27T14:54:16Z,2026-07-27T16:54:16+0200,6e7a462e-9eec-47a6-a2b0-092174843598,2026-07-14T16:15:00Z,2026-07-14T18:15:00+0200,10210.64,MW,BE,BE,forecast_load,Forecasted Load,2026-07-27T14:54:27Z
2026-07-27T14:54:16Z,2026-07-27T16:54:16+0200,6e7a462e-9eec-47a6-a2b0-092174843598,2026-07-14T16:30:00Z,2026-07-14T18:30:00+0200,10188.1,MW,BE,BE,forecast_load,Forecasted Load,2026-07-27T14:54:27Z
2026-07-27T14:54:16Z,2026-07-27T16:54:16+0200,6e7a462e-9eec-47a6-a2b0-092174843598,2026-07-14T16:45:00Z,2026-07-14T18:45:00+0200,10102.63,MW,BE,BE,forecast_load,Forecasted Load,2026-07-27T14:54:27Z
2026-07-27T14:54:16Z,2026-07-27T16:54:16+0200,6e7a462e-9eec-47a6-a2b0-092174843598,2026-07-14T17:00:00Z,2026-07-14T19:00:00+0200,10034.41,MW,BE,BE,forecast_load,Forecasted Load,2026-07-27T14:54:27Z
2026-07-27T14:54:16Z,2026-07-27T16:54:16+0200,6e7a462e-9eec-47a6-a2b0-092174843598,2026-07-14T17:15:00Z,2026-07-14T19:15:00+0200,9931.97,MW,BE,BE,forecast_load,Forecasted Load,2026-07-27T14:54:27Z
2026-07-27T14:54:16Z,2026-07-27T16:54:16+0200,6e7a462e-9eec-47a6-a2b0-092174843598,2026-07-14T17:30:00Z,2026-07-14T19:30:00+0200,9853.13,MW,BE,BE,forecast_load,Forecasted Load,2026-07-27T14:54:27Z
2026-07-27T14:54:16Z,2026-07-27T16:54:16+0200,6e7a462e-9eec-47a6-a2b0-092174843598,2026-07-14T17:45:00Z,2026-07-14T19:45:00+0200,9775.2,MW,BE,BE,forecast_load,Forecasted Load,2026-07-27T14:54:27Z
2026-07-27T14:54:16Z,2026-07-27T16:54:16+0200,6e7a462e-9eec-47a6-a2b0-092174843598,2026-07-14T18:00:00Z,2026-07-14T20:00:00+0200,9736.82,MW,BE,BE,forecast_load,Forecasted Load,2026-07-27T14:54:27Z
2026-07-27T14:54:16Z,2026-07-27T16:54:16+0200,6e7a462e-9eec-47a6-a2b0-092174843598,2026-07-14T18:15:00Z,2026-07-14T20:15:00+0200,9632.93,MW,BE,BE,forecast_load,Forecasted Load,2026-07-27T14:54:27Z
2026-07-27T14:54:16Z,2026-07-27T16:54:16+0200,6e7a462e-9eec-47a6-a2b0-092174843598,2026-07-14T18:30:00Z,2026-07-14T20:30:00+0200,9544.08,MW,BE,BE,forecast_load,Forecasted Load,2026-07-27T14:54:27Z
2026-07-27T14:54:16Z,2026-07-27T16:54:16+0200,6e7a462e-9eec-47a6-a2b0-092174843598,2026-07-14T18:45:00Z,2026-07-14T20:45:00+0200,9464.58,MW,BE,BE,forecast_load,Forecasted Load,2026-07-27T14:54:27Z
2026-07-27T14:54:16Z,2026-07-27T16:54:16+0200,6e7a462e-9eec-47a6-a2b0-092174843598,2026-07-14T19:00:00Z,2026-07-14T21:00:00+0200,9551.69,MW,BE,BE,forecast_load,Forecasted Load,2026-07-27T14:54:27Z
2026-07-27T14:54:16Z,2026-07-27T16:54:16+0200,6e7a462e-9eec-47a6-a2b0-092174843598,2026-07-14T19:15:00Z,2026-07-14T21:15:00+0200,9476.81,MW,BE,BE,forecast_load,Forecasted Load,2026-07-27T14:54:27Z
2026-07-27T14:54:16Z,2026-07-27T16:54:16+0200,6e7a462e-9eec-47a6-a2b0-092174843598,2026-07-14T19:30:00Z,2026-07-14T21:30:00+0200,9441.93,MW,BE,BE,forecast_load,Forecasted Load,2026-07-27T14:54:27Z
2026-07-27T14:54:16Z,2026-07-27T16:54:16+0200,6e7a462e-9eec-47a6-a2b0-092174843598,2026-07-14T19:45:00Z,2026-07-14T21:45:00+0200,9411.28,MW,BE,BE,forecast_load,Forecasted Load,2026-07-27T14:54:27Z
2026-07-27T14:54:16Z,2026-07-27T16:54:16+0200,6e7a462e-9eec-47a6-a2b0-092174843598,2026-07-14T20:00:00Z,2026-07-14T22:00:00+0200,9588.21,MW,BE,BE,forecast_load,Forecasted Load,2026-07-27T14:54:27Z
2026-07-27T14:54:16Z,2026-07-27T16:54:16+0200,6e7a462e-9eec-47a6-a2b0-092174843598,2026-07-14T20:15:00Z,2026-07-14T22:15:00+0200,9638.53,MW,BE,BE,forecast_load,Forecasted Load,2026-07-27T14:54:27Z
2026-07-27T14:54:16Z,2026-07-27T16:54:16+0200,6e7a462e-9eec-47a6-a2b0-092174843598,2026-07-14T20:30:00Z,2026-07-14T22:30:00+0200,9589.73,MW,BE,BE,forecast_load,Forecasted Load,2026-07-27T14:54:27Z
2026-07-27T14:54:16Z,2026-07-27T16:54:16+0200,6e7a462e-9eec-47a6-a2b0-092174843598,2026-07-14T20:45:00Z,2026-07-14T22:45:00+0200,9497.27,MW,BE,BE,forecast_load,Forecasted Load,2026-07-27T14:54:27Z
2026-07-27T14:54:16Z,2026-07-27T16:54:16+0200,6e7a462e-9eec-47a6-a2b0-092174843598,2026-07-14T21:00:00Z,2026-07-14T23:00:00+0200,9360.63,MW,BE,BE,forecast_load,Forecasted Load,2026-07-27T14:54:27Z
2026-07-27T14:54:16Z,2026-07-27T16:54:16+0200,6e7a462e-9eec-47a6-a2b0-092174843598,2026-07-14T21:15:00Z,2026-07-14T23:15:00+0200,9272.94,MW,BE,BE,forecast_load,Forecasted Load,2026-07-27T14:54:27Z
2026-07-27T14:54:16Z,2026-07-27T16:54:16+0200,6e7a462e-9eec-47a6-a2b0-092174843598,2026-07-14T21:30:00Z,2026-07-14T23:30:00+0200,9163.71,MW,BE,BE,forecast_load,Forecasted Load,2026-07-27T14:54:27Z
2026-07-27T14:54:16Z,2026-07-27T16:54:16+0200,6e7a462e-9eec-47a6-a2b0-092174843598,2026-07-14T21:45:00Z,2026-07-14T23:45:00+0200,9039.4,MW,BE,BE,forecast_load,Forecasted Load,2026-07-27T14:54:27Z
2026-07-27T14:54:16Z,2026-07-27T16:54:16+0200,6e7a462e-9eec-47a6-a2b0-092174843598,2026-07-14T22:00:00Z,2026-07-15T00:00:00+0200,8577.94,MW,BE,BE,forecast_load,Forecasted Load,2026-07-27T14:54:27Z
2026-07-27T14:54:16Z,2026-07-27T16:54:16+0200,6e7a462e-9eec-47a6-a2b0-092174843598,2026-07-14T22:15:00Z,2026-07-15T00:15:00+0200,8440.11,MW,BE,BE,forecast_load,Forecasted Load,2026-07-27T14:54:27Z
2026-07-27T14:54:16Z,2026-07-27T16:54:16+0200,6e7a462e-9eec-47a6-a2b0-092174843598,2026-07-14T22:30:00Z,2026-07-15T00:30:00+0200,8377.55,MW,BE,BE,forecast_load,Forecasted Load,2026-07-27T14:54:27Z
2026-07-27T14:54:16Z,2026-07-27T16:54:16+0200,6e7a462e-9eec-47a6-a2b0-092174843598,2026-07-14T22:45:00Z,2026-07-15T00:45:00+0200,8297.69,MW,BE,BE,forecast_load,Forecasted Load,2026-07-27T14:54:27Z
2026-07-27T14:54:16Z,2026-07-27T16:54:16+0200,6e7a462e-9eec-47a6-a2b0-092174843598,2026-07-14T23:00:00Z,2026-07-15T01:00:00+0200,8224.18,MW,BE,BE,forecast_load,Forecasted Load,2026-07-27T14:54:27Z
2026-07-27T14:54:16Z,2026-07-27T16:54:16+0200,6e7a462e-9eec-47a6-a2b0-092174843598,2026-07-14T23:15:00Z,2026-07-15T01:15:00+0200,8153.66,MW,BE,BE,forecast_load,Forecasted Load,2026-07-27T14:54:27Z
2026-07-27T14:54:16Z,2026-07-27T16:54:16+0200,6e7a462e-9eec-47a6-a2b0-092174843598,2026-07-14T23:30:00Z,2026-07-15T01:30:00+0200,8067.77,MW,BE,BE,forecast_load,Forecasted Load,2026-07-27T14:54:27Z
2026-07-27T14:54:16Z,2026-07-27T16:54:16+0200,6e7a462e-9eec-47a6-a2b0-092174843598,2026-07-14T23:45:00Z,2026-07-15T01:45:00+0200,8005.39,MW,BE,BE,forecast_load,Forecasted Load,2026-07-27T14:54:27Z
2026-07-27T14:54:16Z,2026-07-27T16:54:16+0200,6e7a462e-9eec-47a6-a2b0-092174843598,2026-07-15T00:00:00Z,2026-07-15T02:00:00+0200,7896.31,MW,BE,BE,forecast_load,Forecasted Load,2026-07-27T14:54:27Z
2026-07-27T14:54:16Z,2026-07-27T16:54:16+0200,6e7a462e-9eec-47a6-a2b0-092174843598,2026-07-15T00:15:00Z,2026-07-15T02:15:00+0200,7875.66,MW,BE,BE,forecast_load,Forecasted Load,2026-07-27T14:54:27Z
2026-07-27T14:54:16Z,2026-07-27T16:54:16+0200,6e7a462e-9eec-47a6-a2b0-092174843598,2026-07-15T00:30:00Z,2026-07-15T02:30:00+0200,7825.4,MW,BE,BE,forecast_load,Forecasted Load,2026-07-27T14:54:27Z
2026-07-27T14:54:16Z,2026-07-27T16:54:16+0200,6e7a462e-9eec-47a6-a2b0-092174843598,2026-07-15T00:45:00Z,2026-07-15T02:45:00+0200,7804.53,MW,BE,BE,forecast_load,Forecasted Load,2026-07-27T14:54:27Z
2026-07-27T14:54:16Z,2026-07-27T16:54:16+0200,6e7a462e-9eec-47a6-a2b0-092174843598,2026-07-15T01:00:00Z,2026-07-15T03:00:00+0200,7837.16,MW,BE,BE,forecast_load,Forecasted Load,2026-07-27T14:54:27Z
2026-07-27T14:54:16Z,2026-07-27T16:54:16+0200,6e7a462e-9eec-47a6-a2b0-092174843598,2026-07-15T01:15:00Z,2026-07-15T03:15:00+0200,7817.95,MW,BE,BE,forecast_load,Forecasted Load,2026-07-27T14:54:27Z
2026-07-27T14:54:16Z,2026-07-27T16:54:16+0200,6e7a462e-9eec-47a6-a2b0-092174843598,2026-07-15T01:30:00Z,2026-07-15T03:30:00+0200,7822.07,MW,BE,BE,forecast_load,Forecasted Load,2026-07-27T14:54:27Z
2026-07-27T14:54:16Z,2026-07-27T16:54:16+0200,6e7a462e-9eec-47a6-a2b0-092174843598,2026-07-15T01:45:00Z,2026-07-15T03:45:00+0200,7785.63,MW,BE,BE,forecast_load,Forecasted Load,2026-07-27T14:54:27Z
2026-07-27T14:54:16Z,2026-07-27T16:54:16+0200,6e7a462e-9eec-47a6-a2b0-092174843598,2026-07-15T02:00:00Z,2026-07-15T04:00:00+0200,7787.69,MW,BE,BE,forecast_load,Forecasted Load,2026-07-27T14:54:27Z
2026-07-27T14:54:16Z,2026-07-27T16:54:16+0200,6e7a462e-9eec-47a6-a2b0-092174843598,2026-07-15T02:15:00Z,2026-07-15T04:15:00+0200,7785.04,MW,BE,BE,forecast_load,Forecasted Load,2026-07-27T14:54:27Z
2026-07-27T14:54:16Z,2026-07-27T16:54:16+0200,6e7a462e-9eec-47a6-a2b0-092174843598,2026-07-15T02:30:00Z,2026-07-15T04:30:00+0200,7757.06,MW,BE,BE,forecast_load,Forecasted Load,2026-07-27T14:54:27Z
2026-07-27T14:54:16Z,2026-07-27T16:54:16+0200,6e7a462e-9eec-47a6-a2b0-092174843598,2026-07-15T02:45:00Z,2026-07-15T04:45:00+0200,7798.79,MW,BE,BE,forecast_load,Forecasted Load,2026-07-27T14:54:27Z
2026-07-27T14:54:16Z,2026-07-27T16:54:16+0200,6e7a462e-9eec-47a6-a2b0-092174843598,2026-07-15T03:00:00Z,2026-07-15T05:00:00+0200,7894.01,MW,BE,BE,forecast_load,Forecasted Load,2026-07-27T14:54:27Z
2026-07-27T14:54:16Z,2026-07-27T16:54:16+0200,6e7a462e-9eec-47a6-a2b0-092174843598,2026-07-15T03:15:00Z,2026-07-15T05:15:00+0200,7902.15,MW,BE,BE,forecast_load,Forecasted Load,2026-07-27T14:54:27Z
2026-07-27T14:54:16Z,2026-07-27T16:54:16+0200,6e7a462e-9eec-47a6-a2b0-092174843598,2026-07-15T03:30:00Z,2026-07-15T05:30:00+0200,7913.67,MW,BE,BE,forecast_load,Forecasted Load,2026-07-27T14:54:27Z
2026-07-27T14:54:16Z,2026-07-27T16:54:16+0200,6e7a462e-9eec-47a6-a2b0-092174843598,2026-07-15T03:45:00Z,2026-07-15T05:45:00+0200,7994.82,MW,BE,BE,forecast_load,Forecasted Load,2026-07-27T14:54:27Z
2026-07-27T14:54:16Z,2026-07-27T16:54:16+0200,6e7a462e-9eec-47a6-a2b0-092174843598,2026-07-15T04:00:00Z,2026-07-15T06:00:00+0200,8084.12,MW,BE,BE,forecast_load,Forecasted Load,2026-07-27T14:54:27Z
2026-07-27T14:54:16Z,2026-07-27T16:54:16+0200,6e7a462e-9eec-47a6-a2b0-092174843598,2026-07-15T04:15:00Z,2026-07-15T06:15:00+0200,8268.42,MW,BE,BE,forecast_load,Forecasted Load,2026-07-27T14:54:27Z
2026-07-27T14:54:16Z,2026-07-27T16:54:16+0200,6e7a462e-9eec-47a6-a2b0-092174843598,2026-07-15T04:30:00Z,2026-07-15T06:30:00+0200,8447.98,MW,BE,BE,forecast_load,Forecasted Load,2026-07-27T14:54:27Z
2026-07-27T14:54:16Z,2026-07-27T16:54:16+0200,6e7a462e-9eec-47a6-a2b0-092174843598,2026-07-15T04:45:00Z,2026-07-15T06:45:00+0200,8612.45,MW,BE,BE,forecast_load,Forecasted Load,2026-07-27T14:54:27Z
2026-07-27T14:54:16Z,2026-07-27T16:54:16+0200,6e7a462e-9eec-47a6-a2b0-092174843598,2026-07-15T05:00:00Z,2026-07-15T07:00:00+0200,8726.26,MW,BE,BE,forecast_load,Forecasted Load,2026-07-27T14:54:27Z
2026-07-27T14:54:16Z,2026-07-27T16:54:16+0200,6e7a462e-9eec-47a6-a2b0-092174843598,2026-07-15T05:15:00Z,2026-07-15T07:15:00+0200,8913.83,MW,BE,BE,forecast_load,Forecasted Load,2026-07-27T14:54:27Z
2026-07-27T14:54:16Z,2026-07-27T16:54:16+0200,6e7a462e-9eec-47a6-a2b0-092174843598,2026-07-15T05:30:00Z,2026-07-15T07:30:00+0200,9133.22,MW,BE,BE,forecast_load,Forecasted Load,2026-07-27T14:54:27Z
2026-07-27T14:54:16Z,2026-07-27T16:54:16+0200,6e7a462e-9eec-47a6-a2b0-092174843598,2026-07-15T05:45:00Z,2026-07-15T07:45:00+0200,9281.36,MW,BE,BE,forecast_load,Forecasted Load,2026-07-27T14:54:27Z
2026-07-27T14:54:16Z,2026-07-27T16:54:16+0200,6e7a462e-9eec-47a6-a2b0-092174843598,2026-07-15T06:00:00Z,2026-07-15T08:00:00+0200,9447.46,MW,BE,BE,forecast_load,Forecasted Load,2026-07-27T14:54:27Z
2026-07-27T14:54:16Z,2026-07-27T16:54:16+0200,6e7a462e-9eec-47a6-a2b0-092174843598,2026-07-15T06:15:00Z,2026-07-15T08:15:00+0200,9645.2,MW,BE,BE,forecast_load,Forecasted Load,2026-07-27T14:54:27Z
2026-07-27T14:54:16Z,2026-07-27T16:54:16+0200,6e7a462e-9eec-47a6-a2b0-092174843598,2026-07-15T06:30:00Z,2026-07-15T08:30:00+0200,9813.42,MW,BE,BE,forecast_load,Forecasted Load,2026-07-27T14:54:27Z
2026-07-27T14:54:16Z,2026-07-27T16:54:16+0200,6e7a462e-9eec-47a6-a2b0-092174843598,2026-07-15T06:45:00Z,2026-07-15T08:45:00+0200,9980.97,MW,BE,BE,forecast_load,Forecasted Load,2026-07-27T14:54:27Z
2026-07-27T14:54:16Z,2026-07-27T16:54:16+0200,6e7a462e-9eec-47a6-a2b0-092174843598,2026-07-15T07:00:00Z,2026-07-15T09:00:00+0200,10042.09,MW,BE,BE,forecast_load,Forecasted Load,2026-07-27T14:54:27Z
2026-07-27T14:54:16Z,2026-07-27T16:54:16+0200,6e7a462e-9eec-47a6-a2b0-092174843598,2026-07-15T07:15:00Z,2026-07-15T09:15:00+0200,10111.82,MW,BE,BE,forecast_load,Forecasted Load,2026-07-27T14:54:27Z
2026-07-27T14:54:16Z,2026-07-27T16:54:16+0200,6e7a462e-9eec-47a6-a2b0-092174843598,2026-07-15T07:30:00Z,2026-07-15T09:30:00+0200,10243.43,MW,BE,BE,forecast_load,Forecasted Load,2026-07-27T14:54:27Z
2026-07-27T14:54:16Z,2026-07-27T16:54:16+0200,6e7a462e-9eec-47a6-a2b0-092174843598,2026-07-15T07:45:00Z,2026-07-15T09:45:00+0200,10359.96,MW,BE,BE,forecast_load,Forecasted Load,2026-07-27T14:54:27Z
2026-07-27T14:54:16Z,2026-07-27T16:54:16+0200,6e7a462e-9eec-47a6-a2b0-092174843598,2026-07-15T08:00:00Z,2026-07-15T10:00:00+0200,10443.05,MW,BE,BE,forecast_load,Forecasted Load,2026-07-27T14:54:27Z
2026-07-27T14:54:16Z,2026-07-27T16:54:16+0200,6e7a462e-9eec-47a6-a2b0-092174843598,2026-07-15T08:15:00Z,2026-07-15T10:15:00+0200,10480.52,MW,BE,BE,forecast_load,Forecasted Load,2026-07-27T14:54:27Z
2026-07-27T14:54:16Z,2026-07-27T16:54:16+0200,6e7a462e-9eec-47a6-a2b0-092174843598,2026-07-15T08:30:00Z,2026-07-15T10:30:00+0200,10535.61,MW,BE,BE,forecast_load,Forecasted Load,2026-07-27T14:54:27Z
2026-07-27T14:54:16Z,2026-07-27T16:54:16+0200,6e7a462e-9eec-47a6-a2b0-092174843598,2026-07-15T08:45:00Z,2026-07-15T10:45:00+0200,10598.25,MW,BE,BE,forecast_load,Forecasted Load,2026-07-27T14:54:27Z
2026-07-27T14:54:16Z,2026-07-27T16:54:16+0200,6e7a462e-9eec-47a6-a2b0-092174843598,2026-07-15T09:00:00Z,2026-07-15T11:00:00+0200,10505.71,MW,BE,BE,forecast_load,Forecasted Load,2026-07-27T14:54:27Z
2026-07-27T14:54:16Z,2026-07-27T16:54:16+0200,6e7a462e-9eec-47a6-a2b0-092174843598,2026-07-15T09:15:00Z,2026-07-15T11:15:00+0200,10527.02,MW,BE,BE,forecast_load,Forecasted Load,2026-07-27T14:54:27Z
2026-07-27T14:54:16Z,2026-07-27T16:54:16+0200,6e7a462e-9eec-47a6-a2b0-092174843598,2026-07-15T09:30:00Z,2026-07-15T11:30:00+0200,10593.41,MW,BE,BE,forecast_load,Forecasted Load,2026-07-27T14:54:27Z
2026-07-27T14:54:16Z,2026-07-27T16:54:16+0200,6e7a462e-9eec-47a6-a2b0-092174843598,2026-07-15T09:45:00Z,2026-07-15T11:45:00+0200,10683.33,MW,BE,BE,forecast_load,Forecasted Load,2026-07-27T14:54:27Z
2026-07-27T14:54:16Z,2026-07-27T16:54:16+0200,6e7a462e-9eec-47a6-a2b0-092174843598,2026-07-15T10:00:00Z,2026-07-15T12:00:00+0200,10557.6,MW,BE,BE,forecast_load,Forecasted Load,2026-07-27T14:54:27Z
2026-07-27T14:54:16Z,2026-07-27T16:54:16+0200,6e7a462e-9eec-47a6-a2b0-092174843598,2026-07-15T10:15:00Z,2026-07-15T12:15:00+0200,10513.57,MW,BE,BE,forecast_load,Forecasted Load,2026-07-27T14:54:27Z
2026-07-27T14:54:16Z,2026-07-27T16:54:16+0200,6e7a462e-9eec-47a6-a2b0-092174843598,2026-07-15T10:30:00Z,2026-07-15T12:30:00+0200,10525.95,MW,BE,BE,forecast_load,Forecasted Load,2026-07-27T14:54:27Z
2026-07-27T14:54:16Z,2026-07-27T16:54:16+0200,6e7a462e-9eec-47a6-a2b0-092174843598,2026-07-15T10:45:00Z,2026-07-15T12:45:00+0200,10575.79,MW,BE,BE,forecast_load,Forecasted Load,2026-07-27T14:54:27Z
2026-07-27T14:54:16Z,2026-07-27T16:54:16+0200,6e7a462e-9eec-47a6-a2b0-092174843598,2026-07-15T11:00:00Z,2026-07-15T13:00:00+0200,10585.36,MW,BE,BE,forecast_load,Forecasted Load,2026-07-27T14:54:27Z
2026-07-27T14:54:16Z,2026-07-27T16:54:16+0200,6e7a462e-9eec-47a6-a2b0-092174843598,2026-07-15T11:15:00Z,2026-07-15T13:15:00+0200,10621.41,MW,BE,BE,forecast_load,Forecasted Load,2026-07-27T14:54:27Z
2026-07-27T14:54:16Z,2026-07-27T16:54:16+0200,6e7a462e-9eec-47a6-a2b0-092174843598,2026-07-15T11:30:00Z,2026-07-15T13:30:00+0200,10644.17,MW,BE,BE,forecast_load,Forecasted Load,2026-07-27T14:54:27Z
2026-07-27T14:54:16Z,2026-07-27T16:54:16+0200,6e7a462e-9eec-47a6-a2b0-092174843598,2026-07-15T11:45:00Z,2026-07-15T13:45:00+0200,10564.74,MW,BE,BE,forecast_load,Forecasted Load,2026-07-27T14:54:27Z
2026-07-27T14:54:16Z,2026-07-27T16:54:16+0200,6e7a462e-9eec-47a6-a2b0-092174843598,2026-07-15T12:00:00Z,2026-07-15T14:00:00+0200,10520.13,MW,BE,BE,forecast_load,Forecasted Load,2026-07-27T14:54:27Z
2026-07-27T14:54:16Z,2026-07-27T16:54:16+0200,6e7a462e-9eec-47a6-a2b0-092174843598,2026-07-15T12:15:00Z,2026-07-15T14:15:00+0200,10475.39,MW,BE,BE,forecast_load,Forecasted Load,2026-07-27T14:54:27Z
2026-07-27T14:54:16Z,2026-07-27T16:54:16+0200,6e7a462e-9eec-47a6-a2b0-092174843598,2026-07-15T12:30:00Z,2026-07-15T14:30:00+0200,10421.47,MW,BE,BE,forecast_load,Forecasted Load,2026-07-27T14:54:27Z
2026-07-27T14:54:16Z,2026-07-27T16:54:16+0200,6e7a462e-9eec-47a6-a2b0-092174843598,2026-07-15T12:45:00Z,2026-07-15T14:45:00+0200,10354.87,MW,BE,BE,forecast_load,Forecasted Load,2026-07-27T14:54:27Z
2026-07-27T14:54:16Z,2026-07-27T16:54:16+0200,6e7a462e-9eec-47a6-a2b0-092174843598,2026-07-15T13:00:00Z,2026-07-15T15:00:00+0200,10379.96,MW,BE,BE,forecast_load,Forecasted Load,2026-07-27T14:54:27Z
2026-07-27T14:54:16Z,2026-07-27T16:54:16+0200,6e7a462e-9eec-47a6-a2b0-092174843598,2026-07-15T13:15:00Z,2026-07-15T15:15:00+0200,10247.74,MW,BE,BE,forecast_load,Forecasted Load,2026-07-27T14:54:27Z
2026-07-27T14:54:16Z,2026-07-27T16:54:16+0200,6e7a462e-9eec-47a6-a2b0-092174843598,2026-07-15T13:30:00Z,2026-07-15T15:30:00+0200,10165.23,MW,BE,BE,forecast_load,Forecasted Load,2026-07-27T14:54:27Z
2026-07-27T14:54:16Z,2026-07-27T16:54:16+0200,6e7a462e-9eec-47a6-a2b0-092174843598,2026-07-15T13:45:00Z,2026-07-15T15:45:00+0200,10070.12,MW,BE,BE,forecast_load,Forecasted Load,2026-07-27T14:54:27Z
2026-07-27T14:54:16Z,2026-07-27T16:54:16+0200,6e7a462e-9eec-47a6-a2b0-092174843598,2026-07-15T14:00:00Z,2026-07-15T16:00:00+0200,10047.64,MW,BE,BE,forecast_load,Forecasted Load,2026-07-27T14:54:27Z
2026-07-27T14:54:16Z,2026-07-27T16:54:16+0200,6e7a462e-9eec-47a6-a2b0-092174843598,2026-07-15T14:15:00Z,2026-07-15T16:15:00+0200,9923.23,MW,BE,BE,forecast_load,Forecasted Load,2026-07-27T14:54:27Z
2026-07-27T14:54:16Z,2026-07-27T16:54:16+0200,6e7a462e-9eec-47a6-a2b0-092174843598,2026-07-15T14:30:00Z,2026-07-15T16:30:00+0200,9886.26,MW,BE,BE,forecast_load,Forecasted Load,2026-07-27T14:54:27Z
2026-07-27T14:54:16Z,2026-07-27T16:54:16+0200,6e7a462e-9eec-47a6-a2b0-092174843598,2026-07-15T14:45:00Z,2026-07-15T16:45:00+0200,9865.47,MW,BE,BE,forecast_load,Forecasted Load,2026-07-27T14:54:27Z
2026-07-27T14:54:16Z,2026-07-27T16:54:16+0200,6e7a462e-9eec-47a6-a2b0-092174843598,2026-07-15T15:00:00Z,2026-07-15T17:00:00+0200,10103.16,MW,BE,BE,forecast_load,Forecasted Load,2026-07-27T14:54:27Z
2026-07-27T14:54:16Z,2026-07-27T16:54:16+0200,6e7a462e-9eec-47a6-a2b0-092174843598,2026-07-15T15:15:00Z,2026-07-15T17:15:00+0200,10015.89,MW,BE,BE,forecast_load,Forecasted Load,2026-07-27T14:54:27Z
2026-07-27T14:54:16Z,2026-07-27T16:54:16+0200,6e7a462e-9eec-47a6-a2b0-092174843598,2026-07-15T15:30:00Z,2026-07-15T17:30:00+0200,10061.15,MW,BE,BE,forecast_load,Forecasted Load,2026-07-27T14:54:27Z
2026-07-27T14:54:16Z,2026-07-27T16:54:16+0200,6e7a462e-9eec-47a6-a2b0-092174843598,2026-07-15T15:45:00Z,2026-07-15T17:45:00+0200,10023.04,MW,BE,BE,forecast_load,Forecasted Load,2026-07-27T14:54:27Z
2026-07-27T14:54:16Z,2026-07-27T16:54:16+0200,6e7a462e-9eec-47a6-a2b0-092174843598,2026-07-15T16:00:00Z,2026-07-15T18:00:00+0200,10220.74,MW,BE,BE,forecast_load,Forecasted Load,2026-07-27T14:54:27Z
2026-07-27T14:54:16Z,2026-07-27T16:54:16+0200,6e7a462e-9eec-47a6-a2b0-092174843598,2026-07-15T16:15:00Z,2026-07-15T18:15:00+0200,10143.62,MW,BE,BE,forecast_load,Forecasted Load,2026-07-27T14:54:27Z
2026-07-27T14:54:16Z,2026-07-27T16:54:16+0200,6e7a462e-9eec-47a6-a2b0-092174843598,2026-07-15T16:30:00Z,2026-07-15T18:30:00+0200,10121.26,MW,BE,BE,forecast_load,Forecasted Load,2026-07-27T14:54:27Z
2026-07-27T14:54:16Z,2026-07-27T16:54:16+0200,6e7a462e-9eec-47a6-a2b0-092174843598,2026-07-15T16:45:00Z,2026-07-15T18:45:00+0200,10036.37,MW,BE,BE,forecast_load,Forecasted Load,2026-07-27T14:54:27Z
2026-07-27T14:54:16Z,2026-07-27T16:54:16+0200,6e7a462e-9eec-47a6-a2b0-092174843598,2026-07-15T17:00:00Z,2026-07-15T19:00:00+0200,9946.06,MW,BE,BE,forecast_load,Forecasted Load,2026-07-27T14:54:27Z
2026-07-27T14:54:16Z,2026-07-27T16:54:16+0200,6e7a462e-9eec-47a6-a2b0-092174843598,2026-07-15T17:15:00Z,2026-07-15T19:15:00+0200,9844.51,MW,BE,BE,forecast_load,Forecasted Load,2026-07-27T14:54:27Z
2026-07-27T14:54:16Z,2026-07-27T16:54:16+0200,6e7a462e-9eec-47a6-a2b0-092174843598,2026-07-15T17:30:00Z,2026-07-15T19:30:00+0200,9766.33,MW,BE,BE,forecast_load,Forecasted Load,2026-07-27T14:54:27Z
2026-07-27T14:54:16Z,2026-07-27T16:54:16+0200,6e7a462e-9eec-47a6-a2b0-092174843598,2026-07-15T17:45:00Z,2026-07-15T19:45:00+0200,9689.19,MW,BE,BE,forecast_load,Forecasted Load,2026-07-27T14:54:27Z
2026-07-27T14:54:16Z,2026-07-27T16:54:16+0200,6e7a462e-9eec-47a6-a2b0-092174843598,2026-07-15T18:00:00Z,2026-07-15T20:00:00+0200,9669.19,MW,BE,BE,forecast_load,Forecasted Load,2026-07-27T14:54:27Z
2026-07-27T14:54:16Z,2026-07-27T16:54:16+0200,6e7a462e-9eec-47a6-a2b0-092174843598,2026-07-15T18:15:00Z,2026-07-15T20:15:00+0200,9566.0,MW,BE,BE,forecast_load,Forecasted Load,2026-07-27T14:54:27Z
2026-07-27T14:54:16Z,2026-07-27T16:54:16+0200,6e7a462e-9eec-47a6-a2b0-092174843598,2026-07-15T18:30:00Z,2026-07-15T20:30:00+0200,9477.81,MW,BE,BE,forecast_load,Forecasted Load,2026-07-27T14:54:27Z
2026-07-27T14:54:16Z,2026-07-27T16:54:16+0200,6e7a462e-9eec-47a6-a2b0-092174843598,2026-07-15T18:45:00Z,2026-07-15T20:45:00+0200,9398.88,MW,BE,BE,forecast_load,Forecasted Load,2026-07-27T14:54:27Z
2026-07-27T14:54:16Z,2026-07-27T16:54:16+0200,6e7a462e-9eec-47a6-a2b0-092174843598,2026-07-15T19:00:00Z,2026-07-15T21:00:00+0200,9428.64,MW,BE,BE,forecast_load,Forecasted Load,2026-07-27T14:54:27Z
2026-07-27T14:54:16Z,2026-07-27T16:54:16+0200,6e7a462e-9eec-47a6-a2b0-092174843598,2026-07-15T19:15:00Z,2026-07-15T21:15:00+0200,9354.77,MW,BE,BE,forecast_load,Forecasted Load,2026-07-27T14:54:27Z
2026-07-27T14:54:16Z,2026-07-27T16:54:16+0200,6e7a462e-9eec-47a6-a2b0-092174843598,2026-07-15T19:30:00Z,2026-07-15T21:30:00+0200,9320.31,MW,BE,BE,forecast_load,Forecasted Load,2026-07-27T14:54:27Z
2026-07-27T14:54:16Z,2026-07-27T16:54:16+0200,6e7a462e-9eec-47a6-a2b0-092174843598,2026-07-15T19:45:00Z,2026-07-15T21:45:00+0200,9290.08,MW,BE,BE,forecast_load,Forecasted Load,2026-07-27T14:54:27Z
2026-07-27T14:54:16Z,2026-07-27T16:54:16+0200,6e7a462e-9eec-47a6-a2b0-092174843598,2026-07-15T20:00:00Z,2026-07-15T22:00:00+0200,9343.33,MW,BE,BE,forecast_load,Forecasted Load,2026-07-27T14:54:27Z
2026-07-27T14:54:16Z,2026-07-27T16:54:16+0200,6e7a462e-9eec-47a6-a2b0-092174843598,2026-07-15T20:15:00Z,2026-07-15T22:15:00+0200,9392.4,MW,BE,BE,forecast_load,Forecasted Load,2026-07-27T14:54:27Z
2026-07-27T14:54:16Z,2026-07-27T16:54:16+0200,6e7a462e-9eec-47a6-a2b0-092174843598,2026-07-15T20:30:00Z,2026-07-15T22:30:00+0200,9344.84,MW,BE,BE,forecast_load,Forecasted Load,2026-07-27T14:54:27Z
2026-07-27T14:54:16Z,2026-07-27T16:54:16+0200,6e7a462e-9eec-47a6-a2b0-092174843598,2026-07-15T20:45:00Z,2026-07-15T22:45:00+0200,9254.66,MW,BE,BE,forecast_load,Forecasted Load,2026-07-27T14:54:27Z
2026-07-27T14:54:16Z,2026-07-27T16:54:16+0200,6e7a462e-9eec-47a6-a2b0-092174843598,2026-07-15T21:00:00Z,2026-07-15T23:00:00+0200,9141.1,MW,BE,BE,forecast_load,Forecasted Load,2026-07-27T14:54:27Z
2026-07-27T14:54:16Z,2026-07-27T16:54:16+0200,6e7a462e-9eec-47a6-a2b0-092174843598,2026-07-15T21:15:00Z,2026-07-15T23:15:00+0200,9055.58,MW,BE,BE,forecast_load,Forecasted Load,2026-07-27T14:54:27Z
2026-07-27T14:54:16Z,2026-07-27T16:54:16+0200,6e7a462e-9eec-47a6-a2b0-092174843598,2026-07-15T21:30:00Z,2026-07-15T23:30:00+0200,8948.91,MW,BE,BE,forecast_load,Forecasted Load,2026-07-27T14:54:27Z
2026-07-27T14:54:16Z,2026-07-27T16:54:16+0200,6e7a462e-9eec-47a6-a2b0-092174843598,2026-07-15T21:45:00Z,2026-07-15T23:45:00+0200,8827.5,MW,BE,BE,forecast_load,Forecasted Load,2026-07-27T14:54:27Z
2026-07-27T14:54:16Z,2026-07-27T16:54:16+0200,6e7a462e-9eec-47a6-a2b0-092174843598,2026-07-15T22:00:00Z,2026-07-16T00:00:00+0200,8777.27,MW,BE,BE,forecast_load,Forecasted Load,2026-07-27T14:54:27Z
2026-07-27T14:54:16Z,2026-07-27T16:54:16+0200,6e7a462e-9eec-47a6-a2b0-092174843598,2026-07-15T22:15:00Z,2026-07-16T00:15:00+0200,8623.65,MW,BE,BE,forecast_load,Forecasted Load,2026-07-27T14:54:27Z
2026-07-27T14:54:16Z,2026-07-27T16:54:16+0200,6e7a462e-9eec-47a6-a2b0-092174843598,2026-07-15T22:30:00Z,2026-07-16T00:30:00+0200,8557.76,MW,BE,BE,forecast_load,Forecasted Load,2026-07-27T14:54:27Z
2026-07-27T14:54:16Z,2026-07-27T16:54:16+0200,6e7a462e-9eec-47a6-a2b0-092174843598,2026-07-15T22:45:00Z,2026-07-16T00:45:00+0200,8483.91,MW,BE,BE,forecast_load,Forecasted Load,2026-07-27T14:54:27Z
2026-07-27T14:54:16Z,2026-07-27T16:54:16+0200,6e7a462e-9eec-47a6-a2b0-092174843598,2026-07-15T23:00:00Z,2026-07-16T01:00:00+0200,8514.01,MW,BE,BE,forecast_load,Forecasted Load,2026-07-27T14:54:27Z
2026-07-27T14:54:16Z,2026-07-27T16:54:16+0200,6e7a462e-9eec-47a6-a2b0-092174843598,2026-07-15T23:15:00Z,2026-07-16T01:15:00+0200,8441.04,MW,BE,BE,forecast_load,Forecasted Load,2026-07-27T14:54:27Z
2026-07-27T14:54:16Z,2026-07-27T16:54:16+0200,6e7a462e-9eec-47a6-a2b0-092174843598,2026-07-15T23:30:00Z,2026-07-16T01:30:00+0200,8355.46,MW,BE,BE,forecast_load,Forecasted Load,2026-07-27T14:54:27Z
2026-07-27T14:54:16Z,2026-07-27T16:54:16+0200,6e7a462e-9eec-47a6-a2b0-092174843598,2026-07-15T23:45:00Z,2026-07-16T01:45:00+0200,8281.93,MW,BE,BE,forecast_load,Forecasted Load,2026-07-27T14:54:27Z
2026-07-27T14:54:16Z,2026-07-27T16:54:16+0200,6e7a462e-9eec-47a6-a2b0-092174843598,2026-07-16T00:00:00Z,2026-07-16T02:00:00+0200,8160.85,MW,BE,BE,forecast_load,Forecasted Load,2026-07-27T14:54:27Z
2026-07-27T14:54:16Z,2026-07-27T16:54:16+0200,6e7a462e-9eec-47a6-a2b0-092174843598,2026-07-16T00:15:00Z,2026-07-16T02:15:00+0200,8143.79,MW,BE,BE,forecast_load,Forecasted Load,2026-07-27T14:54:27Z
2026-07-27T14:54:16Z,2026-07-27T16:54:16+0200,6e7a462e-9eec-47a6-a2b0-092174843598,2026-07-16T00:30:00Z,2026-07-16T02:30:00+0200,8105.37,MW,BE,BE,forecast_load,Forecasted Load,2026-07-27T14:54:27Z
2026-07-27T14:54:16Z,2026-07-27T16:54:16+0200,6e7a462e-9eec-47a6-a2b0-092174843598,2026-07-16T00:45:00Z,2026-07-16T02:45:00+0200,8079.75,MW,BE,BE,forecast_load,Forecasted Load,2026-07-27T14:54:27Z
2026-07-27T14:54:16Z,2026-07-27T16:54:16+0200,6e7a462e-9eec-47a6-a2b0-092174843598,2026-07-16T01:00:00Z,2026-07-16T03:00:00+0200,8013.61,MW,BE,BE,forecast_load,Forecasted Load,2026-07-27T14:54:27Z
2026-07-27T14:54:16Z,2026-07-27T16:54:16+0200,6e7a462e-9eec-47a6-a2b0-092174843598,2026-07-16T01:15:00Z,2026-07-16T03:15:00+0200,7993.28,MW,BE,BE,forecast_load,Forecasted Load,2026-07-27T14:54:27Z
2026-07-27T14:54:16Z,2026-07-27T16:54:16+0200,6e7a462e-9eec-47a6-a2b0-092174843598,2026-07-16T01:30:00Z,2026-07-16T03:30:00+0200,7985.69,MW,BE,BE,forecast_load,Forecasted Load,2026-07-27T14:54:27Z
2026-07-27T14:54:16Z,2026-07-27T16:54:16+0200,6e7a462e-9eec-47a6-a2b0-092174843598,2026-07-16T01:45:00Z,2026-07-16T03:45:00+0200,7953.36,MW,BE,BE,forecast_load,Forecasted Load,2026-07-27T14:54:27Z
2026-07-27T14:54:16Z,2026-07-27T16:54:16+0200,6e7a462e-9eec-47a6-a2b0-092174843598,2026-07-16T02:00:00Z,2026-07-16T04:00:00+0200,7974.85,MW,BE,BE,forecast_load,Forecasted Load,2026-07-27T14:54:27Z
2026-07-27T14:54:16Z,2026-07-27T16:54:16+0200,6e7a462e-9eec-47a6-a2b0-092174843598,2026-07-16T02:15:00Z,2026-07-16T04:15:00+0200,7966.83,MW,BE,BE,forecast_load,Forecasted Load,2026-07-27T14:54:27Z
2026-07-27T14:54:16Z,2026-07-27T16:54:16+0200,6e7a462e-9eec-47a6-a2b0-092174843598,2026-07-16T02:30:00Z,2026-07-16T04:30:00+0200,7944.51,MW,BE,BE,forecast_load,Forecasted Load,2026-07-27T14:54:27Z
2026-07-27T14:54:16Z,2026-07-27T16:54:16+0200,6e7a462e-9eec-47a6-a2b0-092174843598,2026-07-16T02:45:00Z,2026-07-16T04:45:00+0200,7985.15,MW,BE,BE,forecast_load,Forecasted Load,2026-07-27T14:54:27Z
2026-07-27T14:54:16Z,2026-07-27T16:54:16+0200,6e7a462e-9eec-47a6-a2b0-092174843598,2026-07-16T03:00:00Z,2026-07-16T05:00:00+0200,8077.42,MW,BE,BE,forecast_load,Forecasted Load,2026-07-27T14:54:27Z
2026-07-27T14:54:16Z,2026-07-27T16:54:16+0200,6e7a462e-9eec-47a6-a2b0-092174843598,2026-07-16T03:15:00Z,2026-07-16T05:15:00+0200,8089.84,MW,BE,BE,forecast_load,Forecasted Load,2026-07-27T14:54:27Z
2026-07-27T14:54:16Z,2026-07-27T16:54:16+0200,6e7a462e-9eec-47a6-a2b0-092174843598,2026-07-16T03:30:00Z,2026-07-16T05:30:00+0200,8107.36,MW,BE,BE,forecast_load,Forecasted Load,2026-07-27T14:54:27Z
2026-07-27T14:54:16Z,2026-07-27T16:54:16+0200,6e7a462e-9eec-47a6-a2b0-092174843598,2026-07-16T03:45:00Z,2026-07-16T05:45:00+0200,8189.42,MW,BE,BE,forecast_load,Forecasted Load,2026-07-27T14:54:27Z
2026-07-27T14:54:16Z,2026-07-27T16:54:16+0200,6e7a462e-9eec-47a6-a2b0-092174843598,2026-07-16T04:00:00Z,2026-07-16T06:00:00+0200,8387.34,MW,BE,BE,forecast_load,Forecasted Load,2026-07-27T14:54:27Z
2026-07-27T14:54:16Z,2026-07-27T16:54:16+0200,6e7a462e-9eec-47a6-a2b0-092174843598,2026-07-16T04:15:00Z,2026-07-16T06:15:00+0200,8569.96,MW,BE,BE,forecast_load,Forecasted Load,2026-07-27T14:54:27Z
2026-07-27T14:54:16Z,2026-07-27T16:54:16+0200,6e7a462e-9eec-47a6-a2b0-092174843598,2026-07-16T04:30:00Z,2026-07-16T06:30:00+0200,8751.5,MW,BE,BE,forecast_load,Forecasted Load,2026-07-27T14:54:27Z
2026-07-27T14:54:16Z,2026-07-27T16:54:16+0200,6e7a462e-9eec-47a6-a2b0-092174843598,2026-07-16T04:45:00Z,2026-07-16T06:45:00+0200,8923.04,MW,BE,BE,forecast_load,Forecasted Load,2026-07-27T14:54:27Z
2026-07-27T14:54:16Z,2026-07-27T16:54:16+0200,6e7a462e-9eec-47a6-a2b0-092174843598,2026-07-16T05:00:00Z,2026-07-16T07:00:00+0200,8963.21,MW,BE,BE,forecast_load,Forecasted Load,2026-07-27T14:54:27Z
2026-07-27T14:54:16Z,2026-07-27T16:54:16+0200,6e7a462e-9eec-47a6-a2b0-092174843598,2026-07-16T05:15:00Z,2026-07-16T07:15:00+0200,9162.01,MW,BE,BE,forecast_load,Forecasted Load,2026-07-27T14:54:27Z
2026-07-27T14:54:16Z,2026-07-27T16:54:16+0200,6e7a462e-9eec-47a6-a2b0-092174843598,2026-07-16T05:30:00Z,2026-07-16T07:30:00+0200,9371.91,MW,BE,BE,forecast_load,Forecasted Load,2026-07-27T14:54:27Z
2026-07-27T14:54:16Z,2026-07-27T16:54:16+0200,6e7a462e-9eec-47a6-a2b0-092174843598,2026-07-16T05:45:00Z,2026-07-16T07:45:00+0200,9530.52,MW,BE,BE,forecast_load,Forecasted Load,2026-07-27T14:54:27Z
2026-07-27T14:54:16Z,2026-07-27T16:54:16+0200,6e7a462e-9eec-47a6-a2b0-092174843598,2026-07-16T06:00:00Z,2026-07-16T08:00:00+0200,9550.77,MW,BE,BE,forecast_load,Forecasted Load,2026-07-27T14:54:27Z
2026-07-27T14:54:16Z,2026-07-27T16:54:16+0200,6e7a462e-9eec-47a6-a2b0-092174843598,2026-07-16T06:15:00Z,2026-07-16T08:15:00+0200,9751.32,MW,BE,BE,forecast_load,Forecasted Load,2026-07-27T14:54:27Z
2026-07-27T14:54:16Z,2026-07-27T16:54:16+0200,6e7a462e-9eec-47a6-a2b0-092174843598,2026-07-16T06:30:00Z,2026-07-16T08:30:00+0200,9931.04,MW,BE,BE,forecast_load,Forecasted Load,2026-07-27T14:54:27Z
2026-07-27T14:54:16Z,2026-07-27T16:54:16+0200,6e7a462e-9eec-47a6-a2b0-092174843598,2026-07-16T06:45:00Z,2026-07-16T08:45:00+0200,10102.46,MW,BE,BE,forecast_load,Forecasted Load,2026-07-27T14:54:27Z
2026-07-27T14:54:16Z,2026-07-27T16:54:16+0200,6e7a462e-9eec-47a6-a2b0-092174843598,2026-07-16T07:00:00Z,2026-07-16T09:00:00+0200,10202.51,MW,BE,BE,forecast_load,Forecasted Load,2026-07-27T14:54:27Z
2026-07-27T14:54:16Z,2026-07-27T16:54:16+0200,6e7a462e-9eec-47a6-a2b0-092174843598,2026-07-16T07:15:00Z,2026-07-16T09:15:00+0200,10271.07,MW,BE,BE,forecast_load,Forecasted Load,2026-07-27T14:54:27Z
2026-07-27T14:54:16Z,2026-07-27T16:54:16+0200,6e7a462e-9eec-47a6-a2b0-092174843598,2026-07-16T07:30:00Z,2026-07-16T09:30:00+0200,10418.49,MW,BE,BE,forecast_load,Forecasted Load,2026-07-27T14:54:27Z
2026-07-27T14:54:16Z,2026-07-27T16:54:16+0200,6e7a462e-9eec-47a6-a2b0-092174843598,2026-07-16T07:45:00Z,2026-07-16T09:45:00+0200,10500.62,MW,BE,BE,forecast_load,Forecasted Load,2026-07-27T14:54:27Z
2026-07-27T14:54:16Z,2026-07-27T16:54:16+0200,6e7a462e-9eec-47a6-a2b0-092174843598,2026-07-16T08:00:00Z,2026-07-16T10:00:00+0200,10512.28,MW,BE,BE,forecast_load,Forecasted Load,2026-07-27T14:54:27Z
2026-07-27T14:54:16Z,2026-07-27T16:54:16+0200,6e7a462e-9eec-47a6-a2b0-092174843598,2026-07-16T08:15:00Z,2026-07-16T10:15:00+0200,10557.43,MW,BE,BE,forecast_load,Forecasted Load,2026-07-27T14:54:27Z
2026-07-27T14:54:16Z,2026-07-27T16:54:16+0200,6e7a462e-9eec-47a6-a2b0-092174843598,2026-07-16T08:30:00Z,2026-07-16T10:30:00+0200,10605.71,MW,BE,BE,forecast_load,Forecasted Load,2026-07-27T14:54:27Z
2026-07-27T14:54:16Z,2026-07-27T16:54:16+0200,6e7a462e-9eec-47a6-a2b0-092174843598,2026-07-16T08:45:00Z,2026-07-16T10:45:00+0200,10677.38,MW,BE,BE,forecast_load,Forecasted Load,2026-07-27T14:54:27Z
2026-07-27T14:54:16Z,2026-07-27T16:54:16+0200,6e7a462e-9eec-47a6-a2b0-092174843598,2026-07-16T09:00:00Z,2026-07-16T11:00:00+0200,10709.39,MW,BE,BE,forecast_load,Forecasted Load,2026-07-27T14:54:27Z
2026-07-27T14:54:16Z,2026-07-27T16:54:16+0200,6e7a462e-9eec-47a6-a2b0-092174843598,2026-07-16T09:15:00Z,2026-07-16T11:15:00+0200,10750.69,MW,BE,BE,forecast_load,Forecasted Load,2026-07-27T14:54:27Z
2026-07-27T14:54:16Z,2026-07-27T16:54:16+0200,6e7a462e-9eec-47a6-a2b0-092174843598,2026-07-16T09:30:00Z,2026-07-16T11:30:00+0200,10838.88,MW,BE,BE,forecast_load,Forecasted Load,2026-07-27T14:54:27Z
2026-07-27T14:54:16Z,2026-07-27T16:54:16+0200,6e7a462e-9eec-47a6-a2b0-092174843598,2026-07-16T09:45:00Z,2026-07-16T11:45:00+0200,10932.21,MW,BE,BE,forecast_load,Forecasted Load,2026-07-27T14:54:27Z
2026-07-27T14:54:16Z,2026-07-27T16:54:16+0200,6e7a462e-9eec-47a6-a2b0-092174843598,2026-07-16T10:00:00Z,2026-07-16T12:00:00+0200,10846.98,MW,BE,BE,forecast_load,Forecasted Load,2026-07-27T14:54:27Z
2026-07-27T14:54:16Z,2026-07-27T16:54:16+0200,6e7a462e-9eec-47a6-a2b0-092174843598,2026-07-16T10:15:00Z,2026-07-16T12:15:00+0200,10792.14,MW,BE,BE,forecast_load,Forecasted Load,2026-07-27T14:54:27Z
2026-07-27T14:54:16Z,2026-07-27T16:54:16+0200,6e7a462e-9eec-47a6-a2b0-092174843598,2026-07-16T10:30:00Z,2026-07-16T12:30:00+0200,10796.19,MW,BE,BE,forecast_load,Forecasted Load,2026-07-27T14:54:27Z
2026-07-27T14:54:16Z,2026-07-27T16:54:16+0200,6e7a462e-9eec-47a6-a2b0-092174843598,2026-07-16T10:45:00Z,2026-07-16T12:45:00+0200,10845.17,MW,BE,BE,forecast_load,Forecasted Load,2026-07-27T14:54:27Z
2026-07-27T14:54:16Z,2026-07-27T16:54:16+0200,6e7a462e-9eec-47a6-a2b0-092174843598,2026-07-16T11:00:00Z,2026-07-16T13:00:00+0200,10828.22,MW,BE,BE,forecast_load,Forecasted Load,2026-07-27T14:54:27Z
2026-07-27T14:54:16Z,2026-07-27T16:54:16+0200,6e7a462e-9eec-47a6-a2b0-092174843598,2026-07-16T11:15:00Z,2026-07-16T13:15:00+0200,10864.26,MW,BE,BE,forecast_load,Forecasted Load,2026-07-27T14:54:27Z
2026-07-27T14:54:16Z,2026-07-27T16:54:16+0200,6e7a462e-9eec-47a6-a2b0-092174843598,2026-07-16T11:30:00Z,2026-07-16T13:30:00+0200,10875.71,MW,BE,BE,forecast_load,Forecasted Load,2026-07-27T14:54:27Z
2026-07-27T14:54:16Z,2026-07-27T16:54:16+0200,6e7a462e-9eec-47a6-a2b0-092174843598,2026-07-16T11:45:00Z,2026-07-16T13:45:00+0200,10798.32,MW,BE,BE,forecast_load,Forecasted Load,2026-07-27T14:54:27Z
2026-07-27T14:54:16Z,2026-07-27T16:54:16+0200,6e7a462e-9eec-47a6-a2b0-092174843598,2026-07-16T12:00:00Z,2026-07-16T14:00:00+0200,10765.51,MW,BE,BE,forecast_load,Forecasted Load,2026-07-27T14:54:27Z
2026-07-27T14:54:16Z,2026-07-27T16:54:16+0200,6e7a462e-9eec-47a6-a2b0-092174843598,2026-07-16T12:15:00Z,2026-07-16T14:15:00+0200,10719.44,MW,BE,BE,forecast_load,Forecasted Load,2026-07-27T14:54:27Z
2026-07-27T14:54:16Z,2026-07-27T16:54:16+0200,6e7a462e-9eec-47a6-a2b0-092174843598,2026-07-16T12:30:00Z,2026-07-16T14:30:00+0200,10659.69,MW,BE,BE,forecast_load,Forecasted Load,2026-07-27T14:54:27Z
2026-07-27T14:54:16Z,2026-07-27T16:54:16+0200,6e7a462e-9eec-47a6-a2b0-092174843598,2026-07-16T12:45:00Z,2026-07-16T14:45:00+0200,10602.83,MW,BE,BE,forecast_load,Forecasted Load,2026-07-27T14:54:27Z
2026-07-27T14:54:16Z,2026-07-27T16:54:16+0200,6e7a462e-9eec-47a6-a2b0-092174843598,2026-07-16T13:00:00Z,2026-07-16T15:00:00+0200,10676.47,MW,BE,BE,forecast_load,Forecasted Load,2026-07-27T14:54:27Z
2026-07-27T14:54:16Z,2026-07-27T16:54:16+0200,6e7a462e-9eec-47a6-a2b0-092174843598,2026-07-16T13:15:00Z,2026-07-16T15:15:00+0200,10534.47,MW,BE,BE,forecast_load,Forecasted Load,2026-07-27T14:54:27Z
2026-07-27T14:54:16Z,2026-07-27T16:54:16+0200,6e7a462e-9eec-47a6-a2b0-092174843598,2026-07-16T13:30:00Z,2026-07-16T15:30:00+0200,10446.78,MW,BE,BE,forecast_load,Forecasted Load,2026-07-27T14:54:27Z
2026-07-27T14:54:16Z,2026-07-27T16:54:16+0200,6e7a462e-9eec-47a6-a2b0-092174843598,2026-07-16T13:45:00Z,2026-07-16T15:45:00+0200,10336.0,MW,BE,BE,forecast_load,Forecasted Load,2026-07-27T14:54:27Z
2026-07-27T14:54:16Z,2026-07-27T16:54:16+0200,6e7a462e-9eec-47a6-a2b0-092174843598,2026-07-16T14:00:00Z,2026-07-16T16:00:00+0200,10371.4,MW,BE,BE,forecast_load,Forecasted Load,2026-07-27T14:54:27Z
2026-07-27T14:54:16Z,2026-07-27T16:54:16+0200,6e7a462e-9eec-47a6-a2b0-092174843598,2026-07-16T14:15:00Z,2026-07-16T16:15:00+0200,10258.49,MW,BE,BE,forecast_load,Forecasted Load,2026-07-27T14:54:27Z
2026-07-27T14:54:16Z,2026-07-27T16:54:16+0200,6e7a462e-9eec-47a6-a2b0-092174843598,2026-07-16T14:30:00Z,2026-07-16T16:30:00+0200,10218.46,MW,BE,BE,forecast_load,Forecasted Load,2026-07-27T14:54:27Z
2026-07-27T14:54:16Z,2026-07-27T16:54:16+0200,6e7a462e-9eec-47a6-a2b0-092174843598,2026-07-16T14:45:00Z,2026-07-16T16:45:00+0200,10194.69,MW,BE,BE,forecast_load,Forecasted Load,2026-07-27T14:54:27Z
2026-07-27T14:54:16Z,2026-07-27T16:54:16+0200,6e7a462e-9eec-47a6-a2b0-092174843598,2026-07-16T15:00:00Z,2026-07-16T17:00:00+0200,10239.13,MW,BE,BE,forecast_load,Forecasted Load,2026-07-27T14:54:27Z
2026-07-27T14:54:16Z,2026-07-27T16:54:16+0200,6e7a462e-9eec-47a6-a2b0-092174843598,2026-07-16T15:15:00Z,2026-07-16T17:15:00+0200,10147.45,MW,BE,BE,forecast_load,Forecasted Load,2026-07-27T14:54:27Z
2026-07-27T14:54:16Z,2026-07-27T16:54:16+0200,6e7a462e-9eec-47a6-a2b0-092174843598,2026-07-16T15:30:00Z,2026-07-16T17:30:00+0200,10192.76,MW,BE,BE,forecast_load,Forecasted Load,2026-07-27T14:54:27Z
2026-07-27T14:54:16Z,2026-07-27T16:54:16+0200,6e7a462e-9eec-47a6-a2b0-092174843598,2026-07-16T15:45:00Z,2026-07-16T17:45:00+0200,10154.82,MW,BE,BE,forecast_load,Forecasted Load,2026-07-27T14:54:27Z
2026-07-27T14:54:16Z,2026-07-27T16:54:16+0200,6e7a462e-9eec-47a6-a2b0-092174843598,2026-07-16T16:00:00Z,2026-07-16T18:00:00+0200,10130.78,MW,BE,BE,forecast_load,Forecasted Load,2026-07-27T14:54:27Z
2026-07-27T14:54:16Z,2026-07-27T16:54:16+0200,6e7a462e-9eec-47a6-a2b0-092174843598,2026-07-16T16:15:00Z,2026-07-16T18:15:00+0200,10059.0,MW,BE,BE,forecast_load,Forecasted Load,2026-07-27T14:54:27Z
2026-07-27T14:54:16Z,2026-07-27T16:54:16+0200,6e7a462e-9eec-47a6-a2b0-092174843598,2026-07-16T16:30:00Z,2026-07-16T18:30:00+0200,10029.77,MW,BE,BE,forecast_load,Forecasted Load,2026-07-27T14:54:27Z
2026-07-27T14:54:16Z,2026-07-27T16:54:16+0200,6e7a462e-9eec-47a6-a2b0-092174843598,2026-07-16T16:45:00Z,2026-07-16T18:45:00+0200,9955.63,MW,BE,BE,forecast_load,Forecasted Load,2026-07-27T14:54:27Z
2026-07-27T14:54:16Z,2026-07-27T16:54:16+0200,6e7a462e-9eec-47a6-a2b0-092174843598,2026-07-16T17:00:00Z,2026-07-16T19:00:00+0200,9997.48,MW,BE,BE,forecast_load,Forecasted Load,2026-07-27T14:54:27Z
2026-07-27T14:54:16Z,2026-07-27T16:54:16+0200,6e7a462e-9eec-47a6-a2b0-092174843598,2026-07-16T17:15:00Z,2026-07-16T19:15:00+0200,9883.22,MW,BE,BE,forecast_load,Forecasted Load,2026-07-27T14:54:27Z
2026-07-27T14:54:16Z,2026-07-27T16:54:16+0200,6e7a462e-9eec-47a6-a2b0-092174843598,2026-07-16T17:30:00Z,2026-07-16T19:30:00+0200,9818.56,MW,BE,BE,forecast_load,Forecasted Load,2026-07-27T14:54:27Z
2026-07-27T14:54:16Z,2026-07-27T16:54:16+0200,6e7a462e-9eec-47a6-a2b0-092174843598,2026-07-16T17:45:00Z,2026-07-16T19:45:00+0200,9751.38,MW,BE,BE,forecast_load,Forecasted Load,2026-07-27T14:54:27Z
2026-07-27T14:54:16Z,2026-07-27T16:54:16+0200,6e7a462e-9eec-47a6-a2b0-092174843598,2026-07-16T18:00:00Z,2026-07-16T20:00:00+0200,9789.49,MW,BE,BE,forecast_load,Forecasted Load,2026-07-27T14:54:27Z
2026-07-27T14:54:16Z,2026-07-27T16:54:16+0200,6e7a462e-9eec-47a6-a2b0-092174843598,2026-07-16T18:15:00Z,2026-07-16T20:15:00+0200,9700.87,MW,BE,BE,forecast_load,Forecasted Load,2026-07-27T14:54:27Z
2026-07-27T14:54:16Z,2026-07-27T16:54:16+0200,6e7a462e-9eec-47a6-a2b0-092174843598,2026-07-16T18:30:00Z,2026-07-16T20:30:00+0200,9604.12,MW,BE,BE,forecast_load,Forecasted Load,2026-07-27T14:54:27Z
2026-07-27T14:54:16Z,2026-07-27T16:54:16+0200,6e7a462e-9eec-47a6-a2b0-092174843598,2026-07-16T18:45:00Z,2026-07-16T20:45:00+0200,9544.32,MW,BE,BE,forecast_load,Forecasted Load,2026-07-27T14:54:27Z
2026-07-27T14:54:16Z,2026-07-27T16:54:16+0200,6e7a462e-9eec-47a6-a2b0-092174843598,2026-07-16T19:00:00Z,2026-07-16T21:00:00+0200,9514.68,MW,BE,BE,forecast_load,Forecasted Load,2026-07-27T14:54:27Z
2026-07-27T14:54:16Z,2026-07-27T16:54:16+0200,6e7a462e-9eec-47a6-a2b0-092174843598,2026-07-16T19:15:00Z,2026-07-16T21:15:00+0200,9434.34,MW,BE,BE,forecast_load,Forecasted Load,2026-07-27T14:54:27Z
2026-07-27T14:54:16Z,2026-07-27T16:54:16+0200,6e7a462e-9eec-47a6-a2b0-092174843598,2026-07-16T19:30:00Z,2026-07-16T21:30:00+0200,9401.21,MW,BE,BE,forecast_load,Forecasted Load,2026-07-27T14:54:27Z
2026-07-27T14:54:16Z,2026-07-27T16:54:16+0200,6e7a462e-9eec-47a6-a2b0-092174843598,2026-07-16T19:45:00Z,2026-07-16T21:45:00+0200,9369.47,MW,BE,BE,forecast_load,Forecasted Load,2026-07-27T14:54:27Z
2026-07-27T14:54:16Z,2026-07-27T16:54:16+0200,6e7a462e-9eec-47a6-a2b0-092174843598,2026-07-16T20:00:00Z,2026-07-16T22:00:00+0200,9440.78,MW,BE,BE,forecast_load,Forecasted Load,2026-07-27T14:54:27Z
2026-07-27T14:54:16Z,2026-07-27T16:54:16+0200,6e7a462e-9eec-47a6-a2b0-092174843598,2026-07-16T20:15:00Z,2026-07-16T22:15:00+0200,9485.76,MW,BE,BE,forecast_load,Forecasted Load,2026-07-27T14:54:27Z
2026-07-27T14:54:16Z,2026-07-27T16:54:16+0200,6e7a462e-9eec-47a6-a2b0-092174843598,2026-07-16T20:30:00Z,2026-07-16T22:30:00+0200,9441.13,MW,BE,BE,forecast_load,Forecasted Load,2026-07-27T14:54:27Z
2026-07-27T14:54:16Z,2026-07-27T16:54:16+0200,6e7a462e-9eec-47a6-a2b0-092174843598,2026-07-16T20:45:00Z,2026-07-16T22:45:00+0200,9369.63,MW,BE,BE,forecast_load,Forecasted Load,2026-07-27T14:54:27Z
2026-07-27T14:54:16Z,2026-07-27T16:54:16+0200,6e7a462e-9eec-47a6-a2b0-092174843598,2026-07-16T21:00:00Z,2026-07-16T23:00:00+0200,9247.23,MW,BE,BE,forecast_load,Forecasted Load,2026-07-27T14:54:27Z
2026-07-27T14:54:16Z,2026-07-27T16:54:16+0200,6e7a462e-9eec-47a6-a2b0-092174843598,2026-07-16T21:15:00Z,2026-07-16T23:15:00+0200,9149.05,MW,BE,BE,forecast_load,Forecasted Load,2026-07-27T14:54:27Z
2026-07-27T14:54:16Z,2026-07-27T16:54:16+0200,6e7a462e-9eec-47a6-a2b0-092174843598,2026-07-16T21:30:00Z,2026-07-16T23:30:00+0200,9039.14,MW,BE,BE,forecast_load,Forecasted Load,2026-07-27T14:54:27Z
2026-07-27T14:54:16Z,2026-07-27T16:54:16+0200,6e7a462e-9eec-47a6-a2b0-092174843598,2026-07-16T21:45:00Z,2026-07-16T23:45:00+0200,8920.05,MW,BE,BE,forecast_load,Forecasted Load,2026-07-27T14:54:27Z
2026-07-27T14:54:16Z,2026-07-27T16:54:16+0200,6e7a462e-9eec-47a6-a2b0-092174843598,2026-07-16T22:00:00Z,2026-07-17T00:00:00+0200,8715.77,MW,BE,BE,forecast_load,Forecasted Load,2026-07-27T14:54:27Z
2026-07-27T14:54:16Z,2026-07-27T16:54:16+0200,6e7a462e-9eec-47a6-a2b0-092174843598,2026-07-16T22:15:00Z,2026-07-17T00:15:00+0200,8566.6,MW,BE,BE,forecast_load,Forecasted Load,2026-07-27T14:54:27Z
2026-07-27T14:54:16Z,2026-07-27T16:54:16+0200,6e7a462e-9eec-47a6-a2b0-092174843598,2026-07-16T22:30:00Z,2026-07-17T00:30:00+0200,8480.53,MW,BE,BE,forecast_load,Forecasted Load,2026-07-27T14:54:27Z
2026-07-27T14:54:16Z,2026-07-27T16:54:16+0200,6e7a462e-9eec-47a6-a2b0-092174843598,2026-07-16T22:45:00Z,2026-07-17T00:45:00+0200,8410.01,MW,BE,BE,forecast_load,Forecasted Load,2026-07-27T14:54:27Z
2026-07-27T14:54:16Z,2026-07-27T16:54:16+0200,6e7a462e-9eec-47a6-a2b0-092174843598,2026-07-16T23:00:00Z,2026-07-17T01:00:00+0200,8284.25,MW,BE,BE,forecast_load,Forecasted Load,2026-07-27T14:54:27Z
2026-07-27T14:54:16Z,2026-07-27T16:54:16+0200,6e7a462e-9eec-47a6-a2b0-092174843598,2026-07-16T23:15:00Z,2026-07-17T01:15:00+0200,8208.87,MW,BE,BE,forecast_load,Forecasted Load,2026-07-27T14:54:27Z
2026-07-27T14:54:16Z,2026-07-27T16:54:16+0200,6e7a462e-9eec-47a6-a2b0-092174843598,2026-07-16T23:30:00Z,2026-07-17T01:30:00+0200,8115.42,MW,BE,BE,forecast_load,Forecasted Load,2026-07-27T14:54:27Z
2026-07-27T14:54:16Z,2026-07-27T16:54:16+0200,6e7a462e-9eec-47a6-a2b0-092174843598,2026-07-16T23:45:00Z,2026-07-17T01:45:00+0200,8038.43,MW,BE,BE,forecast_load,Forecasted Load,2026-07-27T14:54:27Z
2026-07-27T14:54:16Z,2026-07-27T16:54:16+0200,6e7a462e-9eec-47a6-a2b0-092174843598,2026-07-17T00:00:00Z,2026-07-17T02:00:00+0200,8002.38,MW,BE,BE,forecast_load,Forecasted Load,2026-07-27T14:54:27Z
2026-07-27T14:54:16Z,2026-07-27T16:54:16+0200,6e7a462e-9eec-47a6-a2b0-092174843598,2026-07-17T00:15:00Z,2026-07-17T02:15:00+0200,7980.44,MW,BE,BE,forecast_load,Forecasted Load,2026-07-27T14:54:27Z
2026-07-27T14:54:16Z,2026-07-27T16:54:16+0200,6e7a462e-9eec-47a6-a2b0-092174843598,2026-07-17T00:30:00Z,2026-07-17T02:30:00+0200,7955.64,MW,BE,BE,forecast_load,Forecasted Load,2026-07-27T14:54:27Z
2026-07-27T14:54:16Z,2026-07-27T16:54:16+0200,6e7a462e-9eec-47a6-a2b0-092174843598,2026-07-17T00:45:00Z,2026-07-17T02:45:00+0200,7919.34,MW,BE,BE,forecast_load,Forecasted Load,2026-07-27T14:54:27Z
2026-07-27T14:54:16Z,2026-07-27T16:54:16+0200,6e7a462e-9eec-47a6-a2b0-092174843598,2026-07-17T01:00:00Z,2026-07-17T03:00:00+0200,7875.55,MW,BE,BE,forecast_load,Forecasted Load,2026-07-27T14:54:27Z
2026-07-27T14:54:16Z,2026-07-27T16:54:16+0200,6e7a462e-9eec-47a6-a2b0-092174843598,2026-07-17T01:15:00Z,2026-07-17T03:15:00+0200,7850.68,MW,BE,BE,forecast_load,Forecasted Load,2026-07-27T14:54:27Z
2026-07-27T14:54:16Z,2026-07-27T16:54:16+0200,6e7a462e-9eec-47a6-a2b0-092174843598,2026-07-17T01:30:00Z,2026-07-17T03:30:00+0200,7834.21,MW,BE,BE,forecast_load,Forecasted Load,2026-07-27T14:54:27Z
2026-07-27T14:54:16Z,2026-07-27T16:54:16+0200,6e7a462e-9eec-47a6-a2b0-092174843598,2026-07-17T01:45:00Z,2026-07-17T03:45:00+0200,7797.88,MW,BE,BE,forecast_load,Forecasted Load,2026-07-27T14:54:27Z
2026-07-27T14:54:16Z,2026-07-27T16:54:16+0200,6e7a462e-9eec-47a6-a2b0-092174843598,2026-07-17T02:00:00Z,2026-07-17T04:00:00+0200,7857.04,MW,BE,BE,forecast_load,Forecasted Load,2026-07-27T14:54:27Z
2026-07-27T14:54:16Z,2026-07-27T16:54:16+0200,6e7a462e-9eec-47a6-a2b0-092174843598,2026-07-17T02:15:00Z,2026-07-17T04:15:00+0200,7851.99,MW,BE,BE,forecast_load,Forecasted Load,2026-07-27T14:54:27Z
2026-07-27T14:54:16Z,2026-07-27T16:54:16+0200,6e7a462e-9eec-47a6-a2b0-092174843598,2026-07-17T02:30:00Z,2026-07-17T04:30:00+0200,7834.26,MW,BE,BE,forecast_load,Forecasted Load,2026-07-27T14:54:27Z
2026-07-27T14:54:16Z,2026-07-27T16:54:16+0200,6e7a462e-9eec-47a6-a2b0-092174843598,2026-07-17T02:45:00Z,2026-07-17T04:45:00+0200,7865.75,MW,BE,BE,forecast_load,Forecasted Load,2026-07-27T14:54:27Z
2026-07-27T14:54:16Z,2026-07-27T16:54:16+0200,6e7a462e-9eec-47a6-a2b0-092174843598,2026-07-17T03:00:00Z,2026-07-17T05:00:00+0200,7903.9,MW,BE,BE,forecast_load,Forecasted Load,2026-07-27T14:54:27Z
2026-07-27T14:54:16Z,2026-07-27T16:54:16+0200,6e7a462e-9eec-47a6-a2b0-092174843598,2026-07-17T03:15:00Z,2026-07-17T05:15:00+0200,7929.61,MW,BE,BE,forecast_load,Forecasted Load,2026-07-27T14:54:27Z
2026-07-27T14:54:16Z,2026-07-27T16:54:16+0200,6e7a462e-9eec-47a6-a2b0-092174843598,2026-07-17T03:30:00Z,2026-07-17T05:30:00+0200,7942.32,MW,BE,BE,forecast_load,Forecasted Load,2026-07-27T14:54:27Z
2026-07-27T14:54:16Z,2026-07-27T16:54:16+0200,6e7a462e-9eec-47a6-a2b0-092174843598,2026-07-17T03:45:00Z,2026-07-17T05:45:00+0200,8015.38,MW,BE,BE,forecast_load,Forecasted Load,2026-07-27T14:54:27Z
2026-07-27T14:54:16Z,2026-07-27T16:54:16+0200,6e7a462e-9eec-47a6-a2b0-092174843598,2026-07-17T04:00:00Z,2026-07-17T06:00:00+0200,8148.87,MW,BE,BE,forecast_load,Forecasted Load,2026-07-27T14:54:27Z
2026-07-27T14:54:16Z,2026-07-27T16:54:16+0200,6e7a462e-9eec-47a6-a2b0-092174843598,2026-07-17T04:15:00Z,2026-07-17T06:15:00+0200,8342.18,MW,BE,BE,forecast_load,Forecasted Load,2026-07-27T14:54:27Z
2026-07-27T14:54:16Z,2026-07-27T16:54:16+0200,6e7a462e-9eec-47a6-a2b0-092174843598,2026-07-17T04:30:00Z,2026-07-17T06:30:00+0200,8511.61,MW,BE,BE,forecast_load,Forecasted Load,2026-07-27T14:54:27Z
2026-07-27T14:54:16Z,2026-07-27T16:54:16+0200,6e7a462e-9eec-47a6-a2b0-092174843598,2026-07-17T04:45:00Z,2026-07-17T06:45:00+0200,8679.77,MW,BE,BE,forecast_load,Forecasted Load,2026-07-27T14:54:27Z
2026-07-27T14:54:16Z,2026-07-27T16:54:16+0200,6e7a462e-9eec-47a6-a2b0-092174843598,2026-07-17T05:00:00Z,2026-07-17T07:00:00+0200,8809.99,MW,BE,BE,forecast_load,Forecasted Load,2026-07-27T14:54:27Z
2026-07-27T14:54:16Z,2026-07-27T16:54:16+0200,6e7a462e-9eec-47a6-a2b0-092174843598,2026-07-17T05:15:00Z,2026-07-17T07:15:00+0200,8990.46,MW,BE,BE,forecast_load,Forecasted Load,2026-07-27T14:54:27Z
2026-07-27T14:54:16Z,2026-07-27T16:54:16+0200,6e7a462e-9eec-47a6-a2b0-092174843598,2026-07-17T05:30:00Z,2026-07-17T07:30:00+0200,9187.05,MW,BE,BE,forecast_load,Forecasted Load,2026-07-27T14:54:27Z
2026-07-27T14:54:16Z,2026-07-27T16:54:16+0200,6e7a462e-9eec-47a6-a2b0-092174843598,2026-07-17T05:45:00Z,2026-07-17T07:45:00+0200,9348.97,MW,BE,BE,forecast_load,Forecasted Load,2026-07-27T14:54:27Z
2026-07-27T14:54:16Z,2026-07-27T16:54:16+0200,6e7a462e-9eec-47a6-a2b0-092174843598,2026-07-17T06:00:00Z,2026-07-17T08:00:00+0200,9367.24,MW,BE,BE,forecast_load,Forecasted Load,2026-07-27T14:54:27Z
2026-07-27T14:54:16Z,2026-07-27T16:54:16+0200,6e7a462e-9eec-47a6-a2b0-092174843598,2026-07-17T06:15:00Z,2026-07-17T08:15:00+0200,9542.09,MW,BE,BE,forecast_load,Forecasted Load,2026-07-27T14:54:27Z
2026-07-27T14:54:16Z,2026-07-27T16:54:16+0200,6e7a462e-9eec-47a6-a2b0-092174843598,2026-07-17T06:30:00Z,2026-07-17T08:30:00+0200,9716.07,MW,BE,BE,forecast_load,Forecasted Load,2026-07-27T14:54:27Z
2026-07-27T14:54:16Z,2026-07-27T16:54:16+0200,6e7a462e-9eec-47a6-a2b0-092174843598,2026-07-17T06:45:00Z,2026-07-17T08:45:00+0200,9875.1,MW,BE,BE,forecast_load,Forecasted Load,2026-07-27T14:54:27Z
2026-07-27T14:54:16Z,2026-07-27T16:54:16+0200,6e7a462e-9eec-47a6-a2b0-092174843598,2026-07-17T07:00:00Z,2026-07-17T09:00:00+0200,9972.85,MW,BE,BE,forecast_load,Forecasted Load,2026-07-27T14:54:27Z
2026-07-27T14:54:16Z,2026-07-27T16:54:16+0200,6e7a462e-9eec-47a6-a2b0-092174843598,2026-07-17T07:15:00Z,2026-07-17T09:15:00+0200,10041.19,MW,BE,BE,forecast_load,Forecasted Load,2026-07-27T14:54:27Z
2026-07-27T14:54:16Z,2026-07-27T16:54:16+0200,6e7a462e-9eec-47a6-a2b0-092174843598,2026-07-17T07:30:00Z,2026-07-17T09:30:00+0200,10170.19,MW,BE,BE,forecast_load,Forecasted Load,2026-07-27T14:54:27Z
2026-07-27T14:54:16Z,2026-07-27T16:54:16+0200,6e7a462e-9eec-47a6-a2b0-092174843598,2026-07-17T07:45:00Z,2026-07-17T09:45:00+0200,10259.55,MW,BE,BE,forecast_load,Forecasted Load,2026-07-27T14:54:27Z
2026-07-27T14:54:16Z,2026-07-27T16:54:16+0200,6e7a462e-9eec-47a6-a2b0-092174843598,2026-07-17T08:00:00Z,2026-07-17T10:00:00+0200,10229.04,MW,BE,BE,forecast_load,Forecasted Load,2026-07-27T14:54:27Z
2026-07-27T14:54:16Z,2026-07-27T16:54:16+0200,6e7a462e-9eec-47a6-a2b0-092174843598,2026-07-17T08:15:00Z,2026-07-17T10:15:00+0200,10268.81,MW,BE,BE,forecast_load,Forecasted Load,2026-07-27T14:54:27Z
2026-07-27T14:54:16Z,2026-07-27T16:54:16+0200,6e7a462e-9eec-47a6-a2b0-092174843598,2026-07-17T08:30:00Z,2026-07-17T10:30:00+0200,10319.26,MW,BE,BE,forecast_load,Forecasted Load,2026-07-27T14:54:27Z
2026-07-27T14:54:16Z,2026-07-27T16:54:16+0200,6e7a462e-9eec-47a6-a2b0-092174843598,2026-07-17T08:45:00Z,2026-07-17T10:45:00+0200,10400.56,MW,BE,BE,forecast_load,Forecasted Load,2026-07-27T14:54:27Z
2026-07-27T14:54:16Z,2026-07-27T16:54:16+0200,6e7a462e-9eec-47a6-a2b0-092174843598,2026-07-17T09:00:00Z,2026-07-17T11:00:00+0200,10458.0,MW,BE,BE,forecast_load,Forecasted Load,2026-07-27T14:54:27Z
2026-07-27T14:54:16Z,2026-07-27T16:54:16+0200,6e7a462e-9eec-47a6-a2b0-092174843598,2026-07-17T09:15:00Z,2026-07-17T11:15:00+0200,10500.77,MW,BE,BE,forecast_load,Forecasted Load,2026-07-27T14:54:27Z
2026-07-27T14:54:16Z,2026-07-27T16:54:16+0200,6e7a462e-9eec-47a6-a2b0-092174843598,2026-07-17T09:30:00Z,2026-07-17T11:30:00+0200,10591.98,MW,BE,BE,forecast_load,Forecasted Load,2026-07-27T14:54:27Z
2026-07-27T14:54:16Z,2026-07-27T16:54:16+0200,6e7a462e-9eec-47a6-a2b0-092174843598,2026-07-17T09:45:00Z,2026-07-17T11:45:00+0200,10682.37,MW,BE,BE,forecast_load,Forecasted Load,2026-07-27T14:54:27Z
2026-07-27T14:54:16Z,2026-07-27T16:54:16+0200,6e7a462e-9eec-47a6-a2b0-092174843598,2026-07-17T10:00:00Z,2026-07-17T12:00:00+0200,10634.02,MW,BE,BE,forecast_load,Forecasted Load,2026-07-27T14:54:27Z
2026-07-27T14:54:16Z,2026-07-27T16:54:16+0200,6e7a462e-9eec-47a6-a2b0-092174843598,2026-07-17T10:15:00Z,2026-07-17T12:15:00+0200,10601.34,MW,BE,BE,forecast_load,Forecasted Load,2026-07-27T14:54:27Z
2026-07-27T14:54:16Z,2026-07-27T16:54:16+0200,6e7a462e-9eec-47a6-a2b0-092174843598,2026-07-17T10:30:00Z,2026-07-17T12:30:00+0200,10601.07,MW,BE,BE,forecast_load,Forecasted Load,2026-07-27T14:54:27Z
2026-07-27T14:54:16Z,2026-07-27T16:54:16+0200,6e7a462e-9eec-47a6-a2b0-092174843598,2026-07-17T10:45:00Z,2026-07-17T12:45:00+0200,10650.42,MW,BE,BE,forecast_load,Forecasted Load,2026-07-27T14:54:27Z
2026-07-27T14:54:16Z,2026-07-27T16:54:16+0200,6e7a462e-9eec-47a6-a2b0-092174843598,2026-07-17T11:00:00Z,2026-07-17T13:00:00+0200,10637.97,MW,BE,BE,forecast_load,Forecasted Load,2026-07-27T14:54:27Z
2026-07-27T14:54:16Z,2026-07-27T16:54:16+0200,6e7a462e-9eec-47a6-a2b0-092174843598,2026-07-17T11:15:00Z,2026-07-17T13:15:00+0200,10670.89,MW,BE,BE,forecast_load,Forecasted Load,2026-07-27T14:54:27Z
2026-07-27T14:54:16Z,2026-07-27T16:54:16+0200,6e7a462e-9eec-47a6-a2b0-092174843598,2026-07-17T11:30:00Z,2026-07-17T13:30:00+0200,10682.73,MW,BE,BE,forecast_load,Forecasted Load,2026-07-27T14:54:27Z
2026-07-27T14:54:16Z,2026-07-27T16:54:16+0200,6e7a462e-9eec-47a6-a2b0-092174843598,2026-07-17T11:45:00Z,2026-07-17T13:45:00+0200,10611.83,MW,BE,BE,forecast_load,Forecasted Load,2026-07-27T14:54:27Z
2026-07-27T14:54:16Z,2026-07-27T16:54:16+0200,6e7a462e-9eec-47a6-a2b0-092174843598,2026-07-17T12:00:00Z,2026-07-17T14:00:00+0200,10520.94,MW,BE,BE,forecast_load,Forecasted Load,2026-07-27T14:54:27Z
2026-07-27T14:54:16Z,2026-07-27T16:54:16+0200,6e7a462e-9eec-47a6-a2b0-092174843598,2026-07-17T12:15:00Z,2026-07-17T14:15:00+0200,10464.12,MW,BE,BE,forecast_load,Forecasted Load,2026-07-27T14:54:27Z
2026-07-27T14:54:16Z,2026-07-27T16:54:16+0200,6e7a462e-9eec-47a6-a2b0-092174843598,2026-07-17T12:30:00Z,2026-07-17T14:30:00+0200,10419.24,MW,BE,BE,forecast_load,Forecasted Load,2026-07-27T14:54:27Z
2026-07-27T14:54:16Z,2026-07-27T16:54:16+0200,6e7a462e-9eec-47a6-a2b0-092174843598,2026-07-17T12:45:00Z,2026-07-17T14:45:00+0200,10348.44,MW,BE,BE,forecast_load,Forecasted Load,2026-07-27T14:54:27Z
2026-07-27T14:54:16Z,2026-07-27T16:54:16+0200,6e7a462e-9eec-47a6-a2b0-092174843598,2026-07-17T13:00:00Z,2026-07-17T15:00:00+0200,10264.73,MW,BE,BE,forecast_load,Forecasted Load,2026-07-27T14:54:27Z
2026-07-27T14:54:16Z,2026-07-27T16:54:16+0200,6e7a462e-9eec-47a6-a2b0-092174843598,2026-07-17T13:15:00Z,2026-07-17T15:15:00+0200,10135.98,MW,BE,BE,forecast_load,Forecasted Load,2026-07-27T14:54:27Z
2026-07-27T14:54:16Z,2026-07-27T16:54:16+0200,6e7a462e-9eec-47a6-a2b0-092174843598,2026-07-17T13:30:00Z,2026-07-17T15:30:00+0200,10033.07,MW,BE,BE,forecast_load,Forecasted Load,2026-07-27T14:54:27Z
2026-07-27T14:54:16Z,2026-07-27T16:54:16+0200,6e7a462e-9eec-47a6-a2b0-092174843598,2026-07-17T13:45:00Z,2026-07-17T15:45:00+0200,9944.42,MW,BE,BE,forecast_load,Forecasted Load,2026-07-27T14:54:27Z
2026-07-27T14:54:16Z,2026-07-27T16:54:16+0200,6e7a462e-9eec-47a6-a2b0-092174843598,2026-07-17T14:00:00Z,2026-07-17T16:00:00+0200,9908.83,MW,BE,BE,forecast_load,Forecasted Load,2026-07-27T14:54:27Z
2026-07-27T14:54:16Z,2026-07-27T16:54:16+0200,6e7a462e-9eec-47a6-a2b0-092174843598,2026-07-17T14:15:00Z,2026-07-17T16:15:00+0200,9803.47,MW,BE,BE,forecast_load,Forecasted Load,2026-07-27T14:54:27Z
2026-07-27T14:54:16Z,2026-07-27T16:54:16+0200,6e7a462e-9eec-47a6-a2b0-092174843598,2026-07-17T14:30:00Z,2026-07-17T16:30:00+0200,9753.36,MW,BE,BE,forecast_load,Forecasted Load,2026-07-27T14:54:27Z
2026-07-27T14:54:16Z,2026-07-27T16:54:16+0200,6e7a462e-9eec-47a6-a2b0-092174843598,2026-07-17T14:45:00Z,2026-07-17T16:45:00+0200,9706.88,MW,BE,BE,forecast_load,Forecasted Load,2026-07-27T14:54:27Z
2026-07-27T14:54:16Z,2026-07-27T16:54:16+0200,6e7a462e-9eec-47a6-a2b0-092174843598,2026-07-17T15:00:00Z,2026-07-17T17:00:00+0200,9817.34,MW,BE,BE,forecast_load,Forecasted Load,2026-07-27T14:54:27Z
2026-07-27T14:54:16Z,2026-07-27T16:54:16+0200,6e7a462e-9eec-47a6-a2b0-092174843598,2026-07-17T15:15:00Z,2026-07-17T17:15:00+0200,9742.22,MW,BE,BE,forecast_load,Forecasted Load,2026-07-27T14:54:27Z
2026-07-27T14:54:16Z,2026-07-27T16:54:16+0200,6e7a462e-9eec-47a6-a2b0-092174843598,2026-07-17T15:30:00Z,2026-07-17T17:30:00+0200,9779.69,MW,BE,BE,forecast_load,Forecasted Load,2026-07-27T14:54:27Z
2026-07-27T14:54:16Z,2026-07-27T16:54:16+0200,6e7a462e-9eec-47a6-a2b0-092174843598,2026-07-17T15:45:00Z,2026-07-17T17:45:00+0200,9739.65,MW,BE,BE,forecast_load,Forecasted Load,2026-07-27T14:54:27Z
2026-07-27T14:54:16Z,2026-07-27T16:54:16+0200,6e7a462e-9eec-47a6-a2b0-092174843598,2026-07-17T16:00:00Z,2026-07-17T18:00:00+0200,9795.11,MW,BE,BE,forecast_load,Forecasted Load,2026-07-27T14:54:27Z
2026-07-27T14:54:16Z,2026-07-27T16:54:16+0200,6e7a462e-9eec-47a6-a2b0-092174843598,2026-07-17T16:15:00Z,2026-07-17T18:15:00+0200,9730.03,MW,BE,BE,forecast_load,Forecasted Load,2026-07-27T14:54:27Z
2026-07-27T14:54:16Z,2026-07-27T16:54:16+0200,6e7a462e-9eec-47a6-a2b0-092174843598,2026-07-17T16:30:00Z,2026-07-17T18:30:00+0200,9691.4,MW,BE,BE,forecast_load,Forecasted Load,2026-07-27T14:54:27Z
2026-07-27T14:54:16Z,2026-07-27T16:54:16+0200,6e7a462e-9eec-47a6-a2b0-092174843598,2026-07-17T16:45:00Z,2026-07-17T18:45:00+0200,9630.59,MW,BE,BE,forecast_load,Forecasted Load,2026-07-27T14:54:27Z
2026-07-27T14:54:16Z,2026-07-27T16:54:16+0200,6e7a462e-9eec-47a6-a2b0-092174843598,2026-07-17T17:00:00Z,2026-07-17T19:00:00+0200,9646.45,MW,BE,BE,forecast_load,Forecasted Load,2026-07-27T14:54:27Z
2026-07-27T14:54:16Z,2026-07-27T16:54:16+0200,6e7a462e-9eec-47a6-a2b0-092174843598,2026-07-17T17:15:00Z,2026-07-17T19:15:00+0200,9549.16,MW,BE,BE,forecast_load,Forecasted Load,2026-07-27T14:54:27Z
2026-07-27T14:54:16Z,2026-07-27T16:54:16+0200,6e7a462e-9eec-47a6-a2b0-092174843598,2026-07-17T17:30:00Z,2026-07-17T19:30:00+0200,9482.58,MW,BE,BE,forecast_load,Forecasted Load,2026-07-27T14:54:27Z
2026-07-27T14:54:16Z,2026-07-27T16:54:16+0200,6e7a462e-9eec-47a6-a2b0-092174843598,2026-07-17T17:45:00Z,2026-07-17T19:45:00+0200,9452.7,MW,BE,BE,forecast_load,Forecasted Load,2026-07-27T14:54:27Z
2026-07-27T14:54:16Z,2026-07-27T16:54:16+0200,6e7a462e-9eec-47a6-a2b0-092174843598,2026-07-17T18:00:00Z,2026-07-17T20:00:00+0200,9368.38,MW,BE,BE,forecast_load,Forecasted Load,2026-07-27T14:54:27Z
2026-07-27T14:54:16Z,2026-07-27T16:54:16+0200,6e7a462e-9eec-47a6-a2b0-092174843598,2026-07-17T18:15:00Z,2026-07-17T20:15:00+0200,9278.26,MW,BE,BE,forecast_load,Forecasted Load,2026-07-27T14:54:27Z
2026-07-27T14:54:16Z,2026-07-27T16:54:16+0200,6e7a462e-9eec-47a6-a2b0-092174843598,2026-07-17T18:30:00Z,2026-07-17T20:30:00+0200,9192.63,MW,BE,BE,forecast_load,Forecasted Load,2026-07-27T14:54:27Z
2026-07-27T14:54:16Z,2026-07-27T16:54:16+0200,6e7a462e-9eec-47a6-a2b0-092174843598,2026-07-17T18:45:00Z,2026-07-17T20:45:00+0200,9131.63,MW,BE,BE,forecast_load,Forecasted Load,2026-07-27T14:54:27Z
2026-07-27T14:54:16Z,2026-07-27T16:54:16+0200,6e7a462e-9eec-47a6-a2b0-092174843598,2026-07-17T19:00:00Z,2026-07-17T21:00:00+0200,9054.05,MW,BE,BE,forecast_load,Forecasted Load,2026-07-27T14:54:27Z
2026-07-27T14:54:16Z,2026-07-27T16:54:16+0200,6e7a462e-9eec-47a6-a2b0-092174843598,2026-07-17T19:15:00Z,2026-07-17T21:15:00+0200,8975.43,MW,BE,BE,forecast_load,Forecasted Load,2026-07-27T14:54:27Z
2026-07-27T14:54:16Z,2026-07-27T16:54:16+0200,6e7a462e-9eec-47a6-a2b0-092174843598,2026-07-17T19:30:00Z,2026-07-17T21:30:00+0200,8936.69,MW,BE,BE,forecast_load,Forecasted Load,2026-07-27T14:54:27Z
2026-07-27T14:54:16Z,2026-07-27T16:54:16+0200,6e7a462e-9eec-47a6-a2b0-092174843598,2026-07-17T19:45:00Z,2026-07-17T21:45:00+0200,8910.97,MW,BE,BE,forecast_load,Forecasted Load,2026-07-27T14:54:27Z
2026-07-27T14:54:16Z,2026-07-27T16:54:16+0200,6e7a462e-9eec-47a6-a2b0-092174843598,2026-07-17T20:00:00Z,2026-07-17T22:00:00+0200,8999.01,MW,BE,BE,forecast_load,Forecasted Load,2026-07-27T14:54:27Z
2026-07-27T14:54:16Z,2026-07-27T16:54:16+0200,6e7a462e-9eec-47a6-a2b0-092174843598,2026-07-17T20:15:00Z,2026-07-17T22:15:00+0200,9046.26,MW,BE,BE,forecast_load,Forecasted Load,2026-07-27T14:54:27Z
2026-07-27T14:54:16Z,2026-07-27T16:54:16+0200,6e7a462e-9eec-47a6-a2b0-092174843598,2026-07-17T20:30:00Z,2026-07-17T22:30:00+0200,8996.57,MW,BE,BE,forecast_load,Forecasted Load,2026-07-27T14:54:27Z
2026-07-27T14:54:16Z,2026-07-27T16:54:16+0200,6e7a462e-9eec-47a6-a2b0-092174843598,2026-07-17T20:45:00Z,2026-07-17T22:45:00+0200,8930.28,MW,BE,BE,forecast_load,Forecasted Load,2026-07-27T14:54:27Z
2026-07-27T14:54:16Z,2026-07-27T16:54:16+0200,6e7a462e-9eec-47a6-a2b0-092174843598,2026-07-17T21:00:00Z,2026-07-17T23:00:00+0200,8780.61,MW,BE,BE,forecast_load,Forecasted Load,2026-07-27T14:54:27Z
2026-07-27T14:54:16Z,2026-07-27T16:54:16+0200,6e7a462e-9eec-47a6-a2b0-092174843598,2026-07-17T21:15:00Z,2026-07-17T23:15:00+0200,8685.23,MW,BE,BE,forecast_load,Forecasted Load,2026-07-27T14:54:27Z
2026-07-27T14:54:16Z,2026-07-27T16:54:16+0200,6e7a462e-9eec-47a6-a2b0-092174843598,2026-07-17T21:30:00Z,2026-07-17T23:30:00+0200,8581.06,MW,BE,BE,forecast_load,Forecasted Load,2026-07-27T14:54:27Z
2026-07-27T14:54:16Z,2026-07-27T16:54:16+0200,6e7a462e-9eec-47a6-a2b0-092174843598,2026-07-17T21:45:00Z,2026-07-17T23:45:00+0200,8479.07,MW,BE,BE,forecast_load,Forecasted Load,2026-07-27T14:54:27Z
2026-07-27T14:54:16Z,2026-07-27T16:54:16+0200,6e7a462e-9eec-47a6-a2b0-092174843598,2026-07-17T22:00:00Z,2026-07-18T00:00:00+0200,8358.6,MW,BE,BE,forecast_load,Forecasted Load,2026-07-27T14:54:27Z
2026-07-27T14:54:16Z,2026-07-27T16:54:16+0200,6e7a462e-9eec-47a6-a2b0-092174843598,2026-07-17T22:15:00Z,2026-07-18T00:15:00+0200,8215.07,MW,BE,BE,forecast_load,Forecasted Load,2026-07-27T14:54:27Z
2026-07-27T14:54:16Z,2026-07-27T16:54:16+0200,6e7a462e-9eec-47a6-a2b0-092174843598,2026-07-17T22:30:00Z,2026-07-18T00:30:00+0200,8133.09,MW,BE,BE,forecast_load,Forecasted Load,2026-07-27T14:54:27Z
2026-07-27T14:54:16Z,2026-07-27T16:54:16+0200,6e7a462e-9eec-47a6-a2b0-092174843598,2026-07-17T22:45:00Z,2026-07-18T00:45:00+0200,8065.25,MW,BE,BE,forecast_load,Forecasted Load,2026-07-27T14:54:27Z
2026-07-27T14:54:16Z,2026-07-27T16:54:16+0200,6e7a462e-9eec-47a6-a2b0-092174843598,2026-07-17T23:00:00Z,2026-07-18T01:00:00+0200,7979.82,MW,BE,BE,forecast_load,Forecasted Load,2026-07-27T14:54:27Z
2026-07-27T14:54:16Z,2026-07-27T16:54:16+0200,6e7a462e-9eec-47a6-a2b0-092174843598,2026-07-17T23:15:00Z,2026-07-18T01:15:00+0200,7906.07,MW,BE,BE,forecast_load,Forecasted Load,2026-07-27T14:54:27Z
2026-07-27T14:54:16Z,2026-07-27T16:54:16+0200,6e7a462e-9eec-47a6-a2b0-092174843598,2026-07-17T23:30:00Z,2026-07-18T01:30:00+0200,7825.3,MW,BE,BE,forecast_load,Forecasted Load,2026-07-27T14:54:27Z
2026-07-27T14:54:16Z,2026-07-27T16:54:16+0200,6e7a462e-9eec-47a6-a2b0-092174843598,2026-07-17T23:45:00Z,2026-07-18T01:45:00+0200,7742.56,MW,BE,BE,forecast_load,Forecasted Load,2026-07-27T14:54:27Z
2026-07-27T14:54:16Z,2026-07-27T16:54:16+0200,6e7a462e-9eec-47a6-a2b0-092174843598,2026-07-18T00:00:00Z,2026-07-18T02:00:00+0200,7645.3,MW,BE,BE,forecast_load,Forecasted Load,2026-07-27T14:54:27Z
2026-07-27T14:54:16Z,2026-07-27T16:54:16+0200,6e7a462e-9eec-47a6-a2b0-092174843598,2026-07-18T00:15:00Z,2026-07-18T02:15:00+0200,7583.06,MW,BE,BE,forecast_load,Forecasted Load,2026-07-27T14:54:27Z
2026-07-27T14:54:16Z,2026-07-27T16:54:16+0200,6e7a462e-9eec-47a6-a2b0-092174843598,2026-07-18T00:30:00Z,2026-07-18T02:30:00+0200,7597.57,MW,BE,BE,forecast_load,Forecasted Load,2026-07-27T14:54:27Z
2026-07-27T14:54:16Z,2026-07-27T16:54:16+0200,6e7a462e-9eec-47a6-a2b0-092174843598,2026-07-18T00:45:00Z,2026-07-18T02:45:00+0200,7532.54,MW,BE,BE,forecast_load,Forecasted Load,2026-07-27T14:54:27Z
2026-07-27T14:54:16Z,2026-07-27T16:54:16+0200,6e7a462e-9eec-47a6-a2b0-092174843598,2026-07-18T01:00:00Z,2026-07-18T03:00:00+0200,7472.9,MW,BE,BE,forecast_load,Forecasted Load,2026-07-27T14:54:27Z
2026-07-27T14:54:16Z,2026-07-27T16:54:16+0200,6e7a462e-9eec-47a6-a2b0-092174843598,2026-07-18T01:15:00Z,2026-07-18T03:15:00+0200,7470.7,MW,BE,BE,forecast_load,Forecasted Load,2026-07-27T14:54:27Z
2026-07-27T14:54:16Z,2026-07-27T16:54:16+0200,6e7a462e-9eec-47a6-a2b0-092174843598,2026-07-18T01:30:00Z,2026-07-18T03:30:00+0200,7415.17,MW,BE,BE,forecast_load,Forecasted Load,2026-07-27T14:54:27Z
2026-07-27T14:54:16Z,2026-07-27T16:54:16+0200,6e7a462e-9eec-47a6-a2b0-092174843598,2026-07-18T01:45:00Z,2026-07-18T03:45:00+0200,7344.29,MW,BE,BE,forecast_load,Forecasted Load,2026-07-27T14:54:27Z
2026-07-27T14:54:16Z,2026-07-27T16:54:16+0200,6e7a462e-9eec-47a6-a2b0-092174843598,2026-07-18T02:00:00Z,2026-07-18T04:00:00+0200,7406.93,MW,BE,BE,forecast_load,Forecasted Load,2026-07-27T14:54:27Z
2026-07-27T14:54:16Z,2026-07-27T16:54:16+0200,6e7a462e-9eec-47a6-a2b0-092174843598,2026-07-18T02:15:00Z,2026-07-18T04:15:00+0200,7355.59,MW,BE,BE,forecast_load,Forecasted Load,2026-07-27T14:54:27Z
2026-07-27T14:54:16Z,2026-07-27T16:54:16+0200,6e7a462e-9eec-47a6-a2b0-092174843598,2026-07-18T02:30:00Z,2026-07-18T04:30:00+0200,7363.37,MW,BE,BE,forecast_load,Forecasted Load,2026-07-27T14:54:27Z
2026-07-27T14:54:16Z,2026-07-27T16:54:16+0200,6e7a462e-9eec-47a6-a2b0-092174843598,2026-07-18T02:45:00Z,2026-07-18T04:45:00+0200,7353.74,MW,BE,BE,forecast_load,Forecasted Load,2026-07-27T14:54:27Z
2026-07-27T14:54:16Z,2026-07-27T16:54:16+0200,6e7a462e-9eec-47a6-a2b0-092174843598,2026-07-18T03:00:00Z,2026-07-18T05:00:00+0200,7381.55,MW,BE,BE,forecast_load,Forecasted Load,2026-07-27T14:54:27Z
2026-07-27T14:54:16Z,2026-07-27T16:54:16+0200,6e7a462e-9eec-47a6-a2b0-092174843598,2026-07-18T03:15:00Z,2026-07-18T05:15:00+0200,7329.41,MW,BE,BE,forecast_load,Forecasted Load,2026-07-27T14:54:27Z
2026-07-27T14:54:16Z,2026-07-27T16:54:16+0200,6e7a462e-9eec-47a6-a2b0-092174843598,2026-07-18T03:30:00Z,2026-07-18T05:30:00+0200,7263.97,MW,BE,BE,forecast_load,Forecasted Load,2026-07-27T14:54:27Z
2026-07-27T14:54:16Z,2026-07-27T16:54:16+0200,6e7a462e-9eec-47a6-a2b0-092174843598,2026-07-18T03:45:00Z,2026-07-18T05:45:00+0200,7257.58,MW,BE,BE,forecast_load,Forecasted Load,2026-07-27T14:54:27Z
2026-07-27T14:54:16Z,2026-07-27T16:54:16+0200,6e7a462e-9eec-47a6-a2b0-092174843598,2026-07-18T04:00:00Z,2026-07-18T06:00:00+0200,7314.45,MW,BE,BE,forecast_load,Forecasted Load,2026-07-27T14:54:27Z
2026-07-27T14:54:16Z,2026-07-27T16:54:16+0200,6e7a462e-9eec-47a6-a2b0-092174843598,2026-07-18T04:15:00Z,2026-07-18T06:15:00+0200,7415.91,MW,BE,BE,forecast_load,Forecasted Load,2026-07-27T14:54:27Z
2026-07-27T14:54:16Z,2026-07-27T16:54:16+0200,6e7a462e-9eec-47a6-a2b0-092174843598,2026-07-18T04:30:00Z,2026-07-18T06:30:00+0200,7459.69,MW,BE,BE,forecast_load,Forecasted Load,2026-07-27T14:54:27Z
2026-07-27T14:54:16Z,2026-07-27T16:54:16+0200,6e7a462e-9eec-47a6-a2b0-092174843598,2026-07-18T04:45:00Z,2026-07-18T06:45:00+0200,7564.15,MW,BE,BE,forecast_load,Forecasted Load,2026-07-27T14:54:27Z
2026-07-27T14:54:16Z,2026-07-27T16:54:16+0200,6e7a462e-9eec-47a6-a2b0-092174843598,2026-07-18T05:00:00Z,2026-07-18T07:00:00+0200,7589.69,MW,BE,BE,forecast_load,Forecasted Load,2026-07-27T14:54:27Z
2026-07-27T14:54:16Z,2026-07-27T16:54:16+0200,6e7a462e-9eec-47a6-a2b0-092174843598,2026-07-18T05:15:00Z,2026-07-18T07:15:00+0200,7675.26,MW,BE,BE,forecast_load,Forecasted Load,2026-07-27T14:54:27Z
2026-07-27T14:54:16Z,2026-07-27T16:54:16+0200,6e7a462e-9eec-47a6-a2b0-092174843598,2026-07-18T05:30:00Z,2026-07-18T07:30:00+0200,7785.31,MW,BE,BE,forecast_load,Forecasted Load,2026-07-27T14:54:27Z
2026-07-27T14:54:16Z,2026-07-27T16:54:16+0200,6e7a462e-9eec-47a6-a2b0-092174843598,2026-07-18T05:45:00Z,2026-07-18T07:45:00+0200,7873.21,MW,BE,BE,forecast_load,Forecasted Load,2026-07-27T14:54:27Z
2026-07-27T14:54:16Z,2026-07-27T16:54:16+0200,6e7a462e-9eec-47a6-a2b0-092174843598,2026-07-18T06:00:00Z,2026-07-18T08:00:00+0200,7893.72,MW,BE,BE,forecast_load,Forecasted Load,2026-07-27T14:54:27Z
2026-07-27T14:54:16Z,2026-07-27T16:54:16+0200,6e7a462e-9eec-47a6-a2b0-092174843598,2026-07-18T06:15:00Z,2026-07-18T08:15:00+0200,7970.8,MW,BE,BE,forecast_load,Forecasted Load,2026-07-27T14:54:27Z
2026-07-27T14:54:16Z,2026-07-27T16:54:16+0200,6e7a462e-9eec-47a6-a2b0-092174843598,2026-07-18T06:30:00Z,2026-07-18T08:30:00+0200,8096.86,MW,BE,BE,forecast_load,Forecasted Load,2026-07-27T14:54:27Z
2026-07-27T14:54:16Z,2026-07-27T16:54:16+0200,6e7a462e-9eec-47a6-a2b0-092174843598,2026-07-18T06:45:00Z,2026-07-18T08:45:00+0200,8203.69,MW,BE,BE,forecast_load,Forecasted Load,2026-07-27T14:54:27Z
2026-07-27T14:54:16Z,2026-07-27T16:54:16+0200,6e7a462e-9eec-47a6-a2b0-092174843598,2026-07-18T07:00:00Z,2026-07-18T09:00:00+0200,8204.37,MW,BE,BE,forecast_load,Forecasted Load,2026-07-27T14:54:27Z
2026-07-27T14:54:16Z,2026-07-27T16:54:16+0200,6e7a462e-9eec-47a6-a2b0-092174843598,2026-07-18T07:15:00Z,2026-07-18T09:15:00+0200,8323.01,MW,BE,BE,forecast_load,Forecasted Load,2026-07-27T14:54:27Z
2026-07-27T14:54:16Z,2026-07-27T16:54:16+0200,6e7a462e-9eec-47a6-a2b0-092174843598,2026-07-18T07:30:00Z,2026-07-18T09:30:00+0200,8542.46,MW,BE,BE,forecast_load,Forecasted Load,2026-07-27T14:54:27Z
2026-07-27T14:54:16Z,2026-07-27T16:54:16+0200,6e7a462e-9eec-47a6-a2b0-092174843598,2026-07-18T07:45:00Z,2026-07-18T09:45:00+0200,8653.27,MW,BE,BE,forecast_load,Forecasted Load,2026-07-27T14:54:27Z
2026-07-27T14:54:16Z,2026-07-27T16:54:16+0200,6e7a462e-9eec-47a6-a2b0-092174843598,2026-07-18T08:00:00Z,2026-07-18T10:00:00+0200,8624.28,MW,BE,BE,forecast_load,Forecasted Load,2026-07-27T14:54:27Z
2026-07-27T14:54:16Z,2026-07-27T16:54:16+0200,6e7a462e-9eec-47a6-a2b0-092174843598,2026-07-18T08:15:00Z,2026-07-18T10:15:00+0200,8789.49,MW,BE,BE,forecast_load,Forecasted Load,2026-07-27T14:54:27Z
2026-07-27T14:54:16Z,2026-07-27T16:54:16+0200,6e7a462e-9eec-47a6-a2b0-092174843598,2026-07-18T08:30:00Z,2026-07-18T10:30:00+0200,8875.72,MW,BE,BE,forecast_load,Forecasted Load,2026-07-27T14:54:27Z
2026-07-27T14:54:16Z,2026-07-27T16:54:16+0200,6e7a462e-9eec-47a6-a2b0-092174843598,2026-07-18T08:45:00Z,2026-07-18T10:45:00+0200,8962.55,MW,BE,BE,forecast_load,Forecasted Load,2026-07-27T14:54:27Z
2026-07-27T14:54:16Z,2026-07-27T16:54:16+0200,6e7a462e-9eec-47a6-a2b0-092174843598,2026-07-18T09:00:00Z,2026-07-18T11:00:00+0200,9020.59,MW,BE,BE,forecast_load,Forecasted Load,2026-07-27T14:54:27Z
2026-07-27T14:54:16Z,2026-07-27T16:54:16+0200,6e7a462e-9eec-47a6-a2b0-092174843598,2026-07-18T09:15:00Z,2026-07-18T11:15:00+0200,9145.54,MW,BE,BE,forecast_load,Forecasted Load,2026-07-27T14:54:27Z
2026-07-27T14:54:16Z,2026-07-27T16:54:16+0200,6e7a462e-9eec-47a6-a2b0-092174843598,2026-07-18T09:30:00Z,2026-07-18T11:30:00+0200,9281.64,MW,BE,BE,forecast_load,Forecasted Load,2026-07-27T14:54:27Z
2026-07-27T14:54:16Z,2026-07-27T16:54:16+0200,6e7a462e-9eec-47a6-a2b0-092174843598,2026-07-18T09:45:00Z,2026-07-18T11:45:00+0200,9363.5,MW,BE,BE,forecast_load,Forecasted Load,2026-07-27T14:54:27Z
2026-07-27T14:54:16Z,2026-07-27T16:54:16+0200,6e7a462e-9eec-47a6-a2b0-092174843598,2026-07-18T10:00:00Z,2026-07-18T12:00:00+0200,9277.94,MW,BE,BE,forecast_load,Forecasted Load,2026-07-27T14:54:27Z
2026-07-27T14:54:16Z,2026-07-27T16:54:16+0200,6e7a462e-9eec-47a6-a2b0-092174843598,2026-07-18T10:15:00Z,2026-07-18T12:15:00+0200,9357.86,MW,BE,BE,forecast_load,Forecasted Load,2026-07-27T14:54:27Z
2026-07-27T14:54:16Z,2026-07-27T16:54:16+0200,6e7a462e-9eec-47a6-a2b0-092174843598,2026-07-18T10:30:00Z,2026-07-18T12:30:00+0200,9410.17,MW,BE,BE,forecast_load,Forecasted Load,2026-07-27T14:54:27Z
2026-07-27T14:54:16Z,2026-07-27T16:54:16+0200,6e7a462e-9eec-47a6-a2b0-092174843598,2026-07-18T10:45:00Z,2026-07-18T12:45:00+0200,9435.34,MW,BE,BE,forecast_load,Forecasted Load,2026-07-27T14:54:27Z
2026-07-27T14:54:16Z,2026-07-27T16:54:16+0200,6e7a462e-9eec-47a6-a2b0-092174843598,2026-07-18T11:00:00Z,2026-07-18T13:00:00+0200,9368.55,MW,BE,BE,forecast_load,Forecasted Load,2026-07-27T14:54:27Z
2026-07-27T14:54:16Z,2026-07-27T16:54:16+0200,6e7a462e-9eec-47a6-a2b0-092174843598,2026-07-18T11:15:00Z,2026-07-18T13:15:00+0200,9347.18,MW,BE,BE,forecast_load,Forecasted Load,2026-07-27T14:54:27Z
2026-07-27T14:54:16Z,2026-07-27T16:54:16+0200,6e7a462e-9eec-47a6-a2b0-092174843598,2026-07-18T11:30:00Z,2026-07-18T13:30:00+0200,9238.12,MW,BE,BE,forecast_load,Forecasted Load,2026-07-27T14:54:27Z
2026-07-27T14:54:16Z,2026-07-27T16:54:16+0200,6e7a462e-9eec-47a6-a2b0-092174843598,2026-07-18T11:45:00Z,2026-07-18T13:45:00+0200,9169.33,MW,BE,BE,forecast_load,Forecasted Load,2026-07-27T14:54:27Z
2026-07-27T14:54:16Z,2026-07-27T16:54:16+0200,6e7a462e-9eec-47a6-a2b0-092174843598,2026-07-18T12:00:00Z,2026-07-18T14:00:00+0200,9223.43,MW,BE,BE,forecast_load,Forecasted Load,2026-07-27T14:54:27Z
2026-07-27T14:54:16Z,2026-07-27T16:54:16+0200,6e7a462e-9eec-47a6-a2b0-092174843598,2026-07-18T12:15:00Z,2026-07-18T14:15:00+0200,9112.7,MW,BE,BE,forecast_load,Forecasted Load,2026-07-27T14:54:27Z
2026-07-27T14:54:16Z,2026-07-27T16:54:16+0200,6e7a462e-9eec-47a6-a2b0-092174843598,2026-07-18T12:30:00Z,2026-07-18T14:30:00+0200,9028.14,MW,BE,BE,forecast_load,Forecasted Load,2026-07-27T14:54:27Z
2026-07-27T14:54:16Z,2026-07-27T16:54:16+0200,6e7a462e-9eec-47a6-a2b0-092174843598,2026-07-18T12:45:00Z,2026-07-18T14:45:00+0200,8946.1,MW,BE,BE,forecast_load,Forecasted Load,2026-07-27T14:54:27Z
2026-07-27T14:54:16Z,2026-07-27T16:54:16+0200,6e7a462e-9eec-47a6-a2b0-092174843598,2026-07-18T13:00:00Z,2026-07-18T15:00:00+0200,9068.16,MW,BE,BE,forecast_load,Forecasted Load,2026-07-27T14:54:27Z
2026-07-27T14:54:16Z,2026-07-27T16:54:16+0200,6e7a462e-9eec-47a6-a2b0-092174843598,2026-07-18T13:15:00Z,2026-07-18T15:15:00+0200,8948.41,MW,BE,BE,forecast_load,Forecasted Load,2026-07-27T14:54:27Z
2026-07-27T14:54:16Z,2026-07-27T16:54:16+0200,6e7a462e-9eec-47a6-a2b0-092174843598,2026-07-18T13:30:00Z,2026-07-18T15:30:00+0200,8895.07,MW,BE,BE,forecast_load,Forecasted Load,2026-07-27T14:54:27Z
2026-07-27T14:54:16Z,2026-07-27T16:54:16+0200,6e7a462e-9eec-47a6-a2b0-092174843598,2026-07-18T13:45:00Z,2026-07-18T15:45:00+0200,8745.94,MW,BE,BE,forecast_load,Forecasted Load,2026-07-27T14:54:27Z
2026-07-27T14:54:16Z,2026-07-27T16:54:16+0200,6e7a462e-9eec-47a6-a2b0-092174843598,2026-07-18T14:00:00Z,2026-07-18T16:00:00+0200,8818.51,MW,BE,BE,forecast_load,Forecasted Load,2026-07-27T14:54:27Z
2026-07-27T14:54:16Z,2026-07-27T16:54:16+0200,6e7a462e-9eec-47a6-a2b0-092174843598,2026-07-18T14:15:00Z,2026-07-18T16:15:00+0200,8691.31,MW,BE,BE,forecast_load,Forecasted Load,2026-07-27T14:54:27Z
2026-07-27T14:54:16Z,2026-07-27T16:54:16+0200,6e7a462e-9eec-47a6-a2b0-092174843598,2026-07-18T14:30:00Z,2026-07-18T16:30:00+0200,8642.42,MW,BE,BE,forecast_load,Forecasted Load,2026-07-27T14:54:27Z
2026-07-27T14:54:16Z,2026-07-27T16:54:16+0200,6e7a462e-9eec-47a6-a2b0-092174843598,2026-07-18T14:45:00Z,2026-07-18T16:45:00+0200,8648.16,MW,BE,BE,forecast_load,Forecasted Load,2026-07-27T14:54:27Z
2026-07-27T14:54:16Z,2026-07-27T16:54:16+0200,6e7a462e-9eec-47a6-a2b0-092174843598,2026-07-18T15:00:00Z,2026-07-18T17:00:00+0200,8727.49,MW,BE,BE,forecast_load,Forecasted Load,2026-07-27T14:54:27Z
2026-07-27T14:54:16Z,2026-07-27T16:54:16+0200,6e7a462e-9eec-47a6-a2b0-092174843598,2026-07-18T15:15:00Z,2026-07-18T17:15:00+0200,8612.33,MW,BE,BE,forecast_load,Forecasted Load,2026-07-27T14:54:27Z
2026-07-27T14:54:16Z,2026-07-27T16:54:16+0200,6e7a462e-9eec-47a6-a2b0-092174843598,2026-07-18T15:30:00Z,2026-07-18T17:30:00+0200,8656.26,MW,BE,BE,forecast_load,Forecasted Load,2026-07-27T14:54:27Z
2026-07-27T14:54:16Z,2026-07-27T16:54:16+0200,6e7a462e-9eec-47a6-a2b0-092174843598,2026-07-18T15:45:00Z,2026-07-18T17:45:00+0200,8623.26,MW,BE,BE,forecast_load,Forecasted Load,2026-07-27T14:54:27Z
2026-07-27T14:54:16Z,2026-07-27T16:54:16+0200,6e7a462e-9eec-47a6-a2b0-092174843598,2026-07-18T16:00:00Z,2026-07-18T18:00:00+0200,8715.18,MW,BE,BE,forecast_load,Forecasted Load,2026-07-27T14:54:27Z
2026-07-27T14:54:16Z,2026-07-27T16:54:16+0200,6e7a462e-9eec-47a6-a2b0-092174843598,2026-07-18T16:15:00Z,2026-07-18T18:15:00+0200,8686.5,MW,BE,BE,forecast_load,Forecasted Load,2026-07-27T14:54:27Z
2026-07-27T14:54:16Z,2026-07-27T16:54:16+0200,6e7a462e-9eec-47a6-a2b0-092174843598,2026-07-18T16:30:00Z,2026-07-18T18:30:00+0200,8722.65,MW,BE,BE,forecast_load,Forecasted Load,2026-07-27T14:54:27Z
2026-07-27T14:54:16Z,2026-07-27T16:54:16+0200,6e7a462e-9eec-47a6-a2b0-092174843598,2026-07-18T16:45:00Z,2026-07-18T18:45:00+0200,8712.43,MW,BE,BE,forecast_load,Forecasted Load,2026-07-27T14:54:27Z
2026-07-27T14:54:16Z,2026-07-27T16:54:16+0200,6e7a462e-9eec-47a6-a2b0-092174843598,2026-07-18T17:00:00Z,2026-07-18T19:00:00+0200,8796.98,MW,BE,BE,forecast_load,Forecasted Load,2026-07-27T14:54:27Z
2026-07-27T14:54:16Z,2026-07-27T16:54:16+0200,6e7a462e-9eec-47a6-a2b0-092174843598,2026-07-18T17:15:00Z,2026-07-18T19:15:00+0200,8750.74,MW,BE,BE,forecast_load,Forecasted Load,2026-07-27T14:54:27Z
2026-07-27T14:54:16Z,2026-07-27T16:54:16+0200,6e7a462e-9eec-47a6-a2b0-092174843598,2026-07-18T17:30:00Z,2026-07-18T19:30:00+0200,8748.84,MW,BE,BE,forecast_load,Forecasted Load,2026-07-27T14:54:27Z
2026-07-27T14:54:16Z,2026-07-27T16:54:16+0200,6e7a462e-9eec-47a6-a2b0-092174843598,2026-07-18T17:45:00Z,2026-07-18T19:45:00+0200,8753.82,MW,BE,BE,forecast_load,Forecasted Load,2026-07-27T14:54:27Z
2026-07-27T14:54:16Z,2026-07-27T16:54:16+0200,6e7a462e-9eec-47a6-a2b0-092174843598,2026-07-18T18:00:00Z,2026-07-18T20:00:00+0200,8713.68,MW,BE,BE,forecast_load,Forecasted Load,2026-07-27T14:54:27Z
2026-07-27T14:54:16Z,2026-07-27T16:54:16+0200,6e7a462e-9eec-47a6-a2b0-092174843598,2026-07-18T18:15:00Z,2026-07-18T20:15:00+0200,8708.12,MW,BE,BE,forecast_load,Forecasted Load,2026-07-27T14:54:27Z
2026-07-27T14:54:16Z,2026-07-27T16:54:16+0200,6e7a462e-9eec-47a6-a2b0-092174843598,2026-07-18T18:30:00Z,2026-07-18T20:30:00+0200,8625.84,MW,BE,BE,forecast_load,Forecasted Load,2026-07-27T14:54:27Z
2026-07-27T14:54:16Z,2026-07-27T16:54:16+0200,6e7a462e-9eec-47a6-a2b0-092174843598,2026-07-18T18:45:00Z,2026-07-18T20:45:00+0200,8518.83,MW,BE,BE,forecast_load,Forecasted Load,2026-07-27T14:54:27Z
2026-07-27T14:54:16Z,2026-07-27T16:54:16+0200,6e7a462e-9eec-47a6-a2b0-092174843598,2026-07-18T19:00:00Z,2026-07-18T21:00:00+0200,8515.8,MW,BE,BE,forecast_load,Forecasted Load,2026-07-27T14:54:27Z
2026-07-27T14:54:16Z,2026-07-27T16:54:16+0200,6e7a462e-9eec-47a6-a2b0-092174843598,2026-07-18T19:15:00Z,2026-07-18T21:15:00+0200,8450.12,MW,BE,BE,forecast_load,Forecasted Load,2026-07-27T14:54:27Z
2026-07-27T14:54:16Z,2026-07-27T16:54:16+0200,6e7a462e-9eec-47a6-a2b0-092174843598,2026-07-18T19:30:00Z,2026-07-18T21:30:00+0200,8390.57,MW,BE,BE,forecast_load,Forecasted Load,2026-07-27T14:54:27Z
2026-07-27T14:54:16Z,2026-07-27T16:54:16+0200,6e7a462e-9eec-47a6-a2b0-092174843598,2026-07-18T19:45:00Z,2026-07-18T21:45:00+0200,8316.99,MW,BE,BE,forecast_load,Forecasted Load,2026-07-27T14:54:27Z
2026-07-27T14:54:16Z,2026-07-27T16:54:16+0200,6e7a462e-9eec-47a6-a2b0-092174843598,2026-07-18T20:00:00Z,2026-07-18T22:00:00+0200,8402.42,MW,BE,BE,forecast_load,Forecasted Load,2026-07-27T14:54:27Z
2026-07-27T14:54:16Z,2026-07-27T16:54:16+0200,6e7a462e-9eec-47a6-a2b0-092174843598,2026-07-18T20:15:00Z,2026-07-18T22:15:00+0200,8521.57,MW,BE,BE,forecast_load,Forecasted Load,2026-07-27T14:54:27Z
2026-07-27T14:54:16Z,2026-07-27T16:54:16+0200,6e7a462e-9eec-47a6-a2b0-092174843598,2026-07-18T20:30:00Z,2026-07-18T22:30:00+0200,8497.22,MW,BE,BE,forecast_load,Forecasted Load,2026-07-27T14:54:27Z
2026-07-27T14:54:16Z,2026-07-27T16:54:16+0200,6e7a462e-9eec-47a6-a2b0-092174843598,2026-07-18T20:45:00Z,2026-07-18T22:45:00+0200,8479.11,MW,BE,BE,forecast_load,Forecasted Load,2026-07-27T14:54:27Z
2026-07-27T14:54:16Z,2026-07-27T16:54:16+0200,6e7a462e-9eec-47a6-a2b0-092174843598,2026-07-18T21:00:00Z,2026-07-18T23:00:00+0200,8334.58,MW,BE,BE,forecast_load,Forecasted Load,2026-07-27T14:54:27Z
2026-07-27T14:54:16Z,2026-07-27T16:54:16+0200,6e7a462e-9eec-47a6-a2b0-092174843598,2026-07-18T21:15:00Z,2026-07-18T23:15:00+0200,8311.78,MW,BE,BE,forecast_load,Forecasted Load,2026-07-27T14:54:27Z
2026-07-27T14:54:16Z,2026-07-27T16:54:16+0200,6e7a462e-9eec-47a6-a2b0-092174843598,2026-07-18T21:30:00Z,2026-07-18T23:30:00+0200,8194.53,MW,BE,BE,forecast_load,Forecasted Load,2026-07-27T14:54:27Z
2026-07-27T14:54:16Z,2026-07-27T16:54:16+0200,6e7a462e-9eec-47a6-a2b0-092174843598,2026-07-18T21:45:00Z,2026-07-18T23:45:00+0200,8008.7,MW,BE,BE,forecast_load,Forecasted Load,2026-07-27T14:54:27Z
2026-07-27T14:54:16Z,2026-07-27T16:54:16+0200,6e7a462e-9eec-47a6-a2b0-092174843598,2026-07-18T22:00:00Z,2026-07-19T00:00:00+0200,7789.16,MW,BE,BE,forecast_load,Forecasted Load,2026-07-27T14:54:27Z
2026-07-27T14:54:16Z,2026-07-27T16:54:16+0200,6e7a462e-9eec-47a6-a2b0-092174843598,2026-07-18T22:15:00Z,2026-07-19T00:15:00+0200,7668.22,MW,BE,BE,forecast_load,Forecasted Load,2026-07-27T14:54:27Z
2026-07-27T14:54:16Z,2026-07-27T16:54:16+0200,6e7a462e-9eec-47a6-a2b0-092174843598,2026-07-18T22:30:00Z,2026-07-19T00:30:00+0200,7559.76,MW,BE,BE,forecast_load,Forecasted Load,2026-07-27T14:54:27Z
2026-07-27T14:54:16Z,2026-07-27T16:54:16+0200,6e7a462e-9eec-47a6-a2b0-092174843598,2026-07-18T22:45:00Z,2026-07-19T00:45:00+0200,7520.93,MW,BE,BE,forecast_load,Forecasted Load,2026-07-27T14:54:27Z
2026-07-27T14:54:16Z,2026-07-27T16:54:16+0200,6e7a462e-9eec-47a6-a2b0-092174843598,2026-07-18T23:00:00Z,2026-07-19T01:00:00+0200,7423.81,MW,BE,BE,forecast_load,Forecasted Load,2026-07-27T14:54:27Z
2026-07-27T14:54:16Z,2026-07-27T16:54:16+0200,6e7a462e-9eec-47a6-a2b0-092174843598,2026-07-18T23:15:00Z,2026-07-19T01:15:00+0200,7431.61,MW,BE,BE,forecast_load,Forecasted Load,2026-07-27T14:54:27Z
2026-07-27T14:54:16Z,2026-07-27T16:54:16+0200,6e7a462e-9eec-47a6-a2b0-092174843598,2026-07-18T23:30:00Z,2026-07-19T01:30:00+0200,7344.24,MW,BE,BE,forecast_load,Forecasted Load,2026-07-27T14:54:27Z
2026-07-27T14:54:16Z,2026-07-27T16:54:16+0200,6e7a462e-9eec-47a6-a2b0-092174843598,2026-07-18T23:45:00Z,2026-07-19T01:45:00+0200,7287.89,MW,BE,BE,forecast_load,Forecasted Load,2026-07-27T14:54:27Z
2026-07-27T14:54:16Z,2026-07-27T16:54:16+0200,6e7a462e-9eec-47a6-a2b0-092174843598,2026-07-19T00:00:00Z,2026-07-19T02:00:00+0200,7320.66,MW,BE,BE,forecast_load,Forecasted Load,2026-07-27T14:54:27Z
2026-07-27T14:54:16Z,2026-07-27T16:54:16+0200,6e7a462e-9eec-47a6-a2b0-092174843598,2026-07-19T00:15:00Z,2026-07-19T02:15:00+0200,7212.76,MW,BE,BE,forecast_load,Forecasted Load,2026-07-27T14:54:27Z
2026-07-27T14:54:16Z,2026-07-27T16:54:16+0200,6e7a462e-9eec-47a6-a2b0-092174843598,2026-07-19T00:30:00Z,2026-07-19T02:30:00+0200,7195.33,MW,BE,BE,forecast_load,Forecasted Load,2026-07-27T14:54:27Z
2026-07-27T14:54:16Z,2026-07-27T16:54:16+0200,6e7a462e-9eec-47a6-a2b0-092174843598,2026-07-19T00:45:00Z,2026-07-19T02:45:00+0200,7171.65,MW,BE,BE,forecast_load,Forecasted Load,2026-07-27T14:54:27Z
2026-07-27T14:54:16Z,2026-07-27T16:54:16+0200,6e7a462e-9eec-47a6-a2b0-092174843598,2026-07-19T01:00:00Z,2026-07-19T03:00:00+0200,7206.41,MW,BE,BE,forecast_load,Forecasted Load,2026-07-27T14:54:27Z
2026-07-27T14:54:16Z,2026-07-27T16:54:16+0200,6e7a462e-9eec-47a6-a2b0-092174843598,2026-07-19T01:15:00Z,2026-07-19T03:15:00+0200,7165.43,MW,BE,BE,forecast_load,Forecasted Load,2026-07-27T14:54:27Z
2026-07-27T14:54:16Z,2026-07-27T16:54:16+0200,6e7a462e-9eec-47a6-a2b0-092174843598,2026-07-19T01:30:00Z,2026-07-19T03:30:00+0200,7121.29,MW,BE,BE,forecast_load,Forecasted Load,2026-07-27T14:54:27Z
2026-07-27T14:54:16Z,2026-07-27T16:54:16+0200,6e7a462e-9eec-47a6-a2b0-092174843598,2026-07-19T01:45:00Z,2026-07-19T03:45:00+0200,7070.14,MW,BE,BE,forecast_load,Forecasted Load,2026-07-27T14:54:27Z
2026-07-27T14:54:16Z,2026-07-27T16:54:16+0200,6e7a462e-9eec-47a6-a2b0-092174843598,2026-07-19T02:00:00Z,2026-07-19T04:00:00+0200,7088.03,MW,BE,BE,forecast_load,Forecasted Load,2026-07-27T14:54:27Z
2026-07-27T14:54:16Z,2026-07-27T16:54:16+0200,6e7a462e-9eec-47a6-a2b0-092174843598,2026-07-19T02:15:00Z,2026-07-19T04:15:00+0200,7082.89,MW,BE,BE,forecast_load,Forecasted Load,2026-07-27T14:54:27Z
2026-07-27T14:54:16Z,2026-07-27T16:54:16+0200,6e7a462e-9eec-47a6-a2b0-092174843598,2026-07-19T02:30:00Z,2026-07-19T04:30:00+0200,7072.58,MW,BE,BE,forecast_load,Forecasted Load,2026-07-27T14:54:27Z
2026-07-27T14:54:16Z,2026-07-27T16:54:16+0200,6e7a462e-9eec-47a6-a2b0-092174843598,2026-07-19T02:45:00Z,2026-07-19T04:45:00+0200,7048.83,MW,BE,BE,forecast_load,Forecasted Load,2026-07-27T14:54:27Z
2026-07-27T14:54:16Z,2026-07-27T16:54:16+0200,6e7a462e-9eec-47a6-a2b0-092174843598,2026-07-19T03:00:00Z,2026-07-19T05:00:00+0200,7061.61,MW,BE,BE,forecast_load,Forecasted Load,2026-07-27T14:54:27Z
2026-07-27T14:54:16Z,2026-07-27T16:54:16+0200,6e7a462e-9eec-47a6-a2b0-092174843598,2026-07-19T03:15:00Z,2026-07-19T05:15:00+0200,6985.35,MW,BE,BE,forecast_load,Forecasted Load,2026-07-27T14:54:27Z
2026-07-27T14:54:16Z,2026-07-27T16:54:16+0200,6e7a462e-9eec-47a6-a2b0-092174843598,2026-07-19T03:30:00Z,2026-07-19T05:30:00+0200,6982.12,MW,BE,BE,forecast_load,Forecasted Load,2026-07-27T14:54:27Z
2026-07-27T14:54:16Z,2026-07-27T16:54:16+0200,6e7a462e-9eec-47a6-a2b0-092174843598,2026-07-19T03:45:00Z,2026-07-19T05:45:00+0200,6964.68,MW,BE,BE,forecast_load,Forecasted Load,2026-07-27T14:54:27Z
2026-07-27T14:54:16Z,2026-07-27T16:54:16+0200,6e7a462e-9eec-47a6-a2b0-092174843598,2026-07-19T04:00:00Z,2026-07-19T06:00:00+0200,6955.92,MW,BE,BE,forecast_load,Forecasted Load,2026-07-27T14:54:27Z
2026-07-27T14:54:16Z,2026-07-27T16:54:16+0200,6e7a462e-9eec-47a6-a2b0-092174843598,2026-07-19T04:15:00Z,2026-07-19T06:15:00+0200,6957.61,MW,BE,BE,forecast_load,Forecasted Load,2026-07-27T14:54:27Z
2026-07-27T14:54:16Z,2026-07-27T16:54:16+0200,6e7a462e-9eec-47a6-a2b0-092174843598,2026-07-19T04:30:00Z,2026-07-19T06:30:00+0200,7027.29,MW,BE,BE,forecast_load,Forecasted Load,2026-07-27T14:54:27Z
2026-07-27T14:54:16Z,2026-07-27T16:54:16+0200,6e7a462e-9eec-47a6-a2b0-092174843598,2026-07-19T04:45:00Z,2026-07-19T06:45:00+0200,7101.06,MW,BE,BE,forecast_load,Forecasted Load,2026-07-27T14:54:27Z
2026-07-27T14:54:16Z,2026-07-27T16:54:16+0200,6e7a462e-9eec-47a6-a2b0-092174843598,2026-07-19T05:00:00Z,2026-07-19T07:00:00+0200,7092.0,MW,BE,BE,forecast_load,Forecasted Load,2026-07-27T14:54:27Z
2026-07-27T14:54:16Z,2026-07-27T16:54:16+0200,6e7a462e-9eec-47a6-a2b0-092174843598,2026-07-19T05:15:00Z,2026-07-19T07:15:00+0200,7155.51,MW,BE,BE,forecast_load,Forecasted Load,2026-07-27T14:54:27Z
2026-07-27T14:54:16Z,2026-07-27T16:54:16+0200,6e7a462e-9eec-47a6-a2b0-092174843598,2026-07-19T05:30:00Z,2026-07-19T07:30:00+0200,7234.98,MW,BE,BE,forecast_load,Forecasted Load,2026-07-27T14:54:27Z
2026-07-27T14:54:16Z,2026-07-27T16:54:16+0200,6e7a462e-9eec-47a6-a2b0-092174843598,2026-07-19T05:45:00Z,2026-07-19T07:45:00+0200,7295.97,MW,BE,BE,forecast_load,Forecasted Load,2026-07-27T14:54:27Z
2026-07-27T14:54:16Z,2026-07-27T16:54:16+0200,6e7a462e-9eec-47a6-a2b0-092174843598,2026-07-19T06:00:00Z,2026-07-19T08:00:00+0200,7313.35,MW,BE,BE,forecast_load,Forecasted Load,2026-07-27T14:54:27Z
2026-07-27T14:54:16Z,2026-07-27T16:54:16+0200,6e7a462e-9eec-47a6-a2b0-092174843598,2026-07-19T06:15:00Z,2026-07-19T08:15:00+0200,7428.95,MW,BE,BE,forecast_load,Forecasted Load,2026-07-27T14:54:27Z
2026-07-27T14:54:16Z,2026-07-27T16:54:16+0200,6e7a462e-9eec-47a6-a2b0-092174843598,2026-07-19T06:30:00Z,2026-07-19T08:30:00+0200,7573.38,MW,BE,BE,forecast_load,Forecasted Load,2026-07-27T14:54:27Z
2026-07-27T14:54:16Z,2026-07-27T16:54:16+0200,6e7a462e-9eec-47a6-a2b0-092174843598,2026-07-19T06:45:00Z,2026-07-19T08:45:00+0200,7719.37,MW,BE,BE,forecast_load,Forecasted Load,2026-07-27T14:54:27Z
2026-07-27T14:54:16Z,2026-07-27T16:54:16+0200,6e7a462e-9eec-47a6-a2b0-092174843598,2026-07-19T07:00:00Z,2026-07-19T09:00:00+0200,7706.74,MW,BE,BE,forecast_load,Forecasted Load,2026-07-27T14:54:27Z
2026-07-27T14:54:16Z,2026-07-27T16:54:16+0200,6e7a462e-9eec-47a6-a2b0-092174843598,2026-07-19T07:15:00Z,2026-07-19T09:15:00+0200,7890.04,MW,BE,BE,forecast_load,Forecasted Load,2026-07-27T14:54:27Z
2026-07-27T14:54:16Z,2026-07-27T16:54:16+0200,6e7a462e-9eec-47a6-a2b0-092174843598,2026-07-19T07:30:00Z,2026-07-19T09:30:00+0200,8105.96,MW,BE,BE,forecast_load,Forecasted Load,2026-07-27T14:54:27Z
2026-07-27T14:54:16Z,2026-07-27T16:54:16+0200,6e7a462e-9eec-47a6-a2b0-092174843598,2026-07-19T07:45:00Z,2026-07-19T09:45:00+0200,8217.18,MW,BE,BE,forecast_load,Forecasted Load,2026-07-27T14:54:27Z
2026-07-27T14:54:16Z,2026-07-27T16:54:16+0200,6e7a462e-9eec-47a6-a2b0-092174843598,2026-07-19T08:00:00Z,2026-07-19T10:00:00+0200,8105.94,MW,BE,BE,forecast_load,Forecasted Load,2026-07-27T14:54:27Z
2026-07-27T14:54:16Z,2026-07-27T16:54:16+0200,6e7a462e-9eec-47a6-a2b0-092174843598,2026-07-19T08:15:00Z,2026-07-19T10:15:00+0200,8316.06,MW,BE,BE,forecast_load,Forecasted Load,2026-07-27T14:54:27Z
2026-07-27T14:54:16Z,2026-07-27T16:54:16+0200,6e7a462e-9eec-47a6-a2b0-092174843598,2026-07-19T08:30:00Z,2026-07-19T10:30:00+0200,8422.46,MW,BE,BE,forecast_load,Forecasted Load,2026-07-27T14:54:27Z
2026-07-27T14:54:16Z,2026-07-27T16:54:16+0200,6e7a462e-9eec-47a6-a2b0-092174843598,2026-07-19T08:45:00Z,2026-07-19T10:45:00+0200,8576.84,MW,BE,BE,forecast_load,Forecasted Load,2026-07-27T14:54:27Z
2026-07-27T14:54:16Z,2026-07-27T16:54:16+0200,6e7a462e-9eec-47a6-a2b0-092174843598,2026-07-19T09:00:00Z,2026-07-19T11:00:00+0200,8482.08,MW,BE,BE,forecast_load,Forecasted Load,2026-07-27T14:54:27Z
2026-07-27T14:54:16Z,2026-07-27T16:54:16+0200,6e7a462e-9eec-47a6-a2b0-092174843598,2026-07-19T09:15:00Z,2026-07-19T11:15:00+0200,8669.57,MW,BE,BE,forecast_load,Forecasted Load,2026-07-27T14:54:27Z
2026-07-27T14:54:16Z,2026-07-27T16:54:16+0200,6e7a462e-9eec-47a6-a2b0-092174843598,2026-07-19T09:30:00Z,2026-07-19T11:30:00+0200,8873.77,MW,BE,BE,forecast_load,Forecasted Load,2026-07-27T14:54:27Z
2026-07-27T14:54:16Z,2026-07-27T16:54:16+0200,6e7a462e-9eec-47a6-a2b0-092174843598,2026-07-19T09:45:00Z,2026-07-19T11:45:00+0200,8958.06,MW,BE,BE,forecast_load,Forecasted Load,2026-07-27T14:54:27Z
2026-07-27T14:54:16Z,2026-07-27T16:54:16+0200,6e7a462e-9eec-47a6-a2b0-092174843598,2026-07-19T10:00:00Z,2026-07-19T12:00:00+0200,8909.86,MW,BE,BE,forecast_load,Forecasted Load,2026-07-27T14:54:27Z
2026-07-27T14:54:16Z,2026-07-27T16:54:16+0200,6e7a462e-9eec-47a6-a2b0-092174843598,2026-07-19T10:15:00Z,2026-07-19T12:15:00+0200,8918.86,MW,BE,BE,forecast_load,Forecasted Load,2026-07-27T14:54:27Z
2026-07-27T14:54:16Z,2026-07-27T16:54:16+0200,6e7a462e-9eec-47a6-a2b0-092174843598,2026-07-19T10:30:00Z,2026-07-19T12:30:00+0200,8943.96,MW,BE,BE,forecast_load,Forecasted Load,2026-07-27T14:54:27Z
2026-07-27T14:54:16Z,2026-07-27T16:54:16+0200,6e7a462e-9eec-47a6-a2b0-092174843598,2026-07-19T10:45:00Z,2026-07-19T12:45:00+0200,8932.99,MW,BE,BE,forecast_load,Forecasted Load,2026-07-27T14:54:27Z
2026-07-27T14:54:16Z,2026-07-27T16:54:16+0200,6e7a462e-9eec-47a6-a2b0-092174843598,2026-07-19T11:00:00Z,2026-07-19T13:00:00+0200,8861.33,MW,BE,BE,forecast_load,Forecasted Load,2026-07-27T14:54:27Z
2026-07-27T14:54:16Z,2026-07-27T16:54:16+0200,6e7a462e-9eec-47a6-a2b0-092174843598,2026-07-19T11:15:00Z,2026-07-19T13:15:00+0200,8910.56,MW,BE,BE,forecast_load,Forecasted Load,2026-07-27T14:54:27Z
2026-07-27T14:54:16Z,2026-07-27T16:54:16+0200,6e7a462e-9eec-47a6-a2b0-092174843598,2026-07-19T11:30:00Z,2026-07-19T13:30:00+0200,8942.1,MW,BE,BE,forecast_load,Forecasted Load,2026-07-27T14:54:27Z
2026-07-27T14:54:16Z,2026-07-27T16:54:16+0200,6e7a462e-9eec-47a6-a2b0-092174843598,2026-07-19T11:45:00Z,2026-07-19T13:45:00+0200,8825.36,MW,BE,BE,forecast_load,Forecasted Load,2026-07-27T14:54:27Z
2026-07-27T14:54:16Z,2026-07-27T16:54:16+0200,6e7a462e-9eec-47a6-a2b0-092174843598,2026-07-19T12:00:00Z,2026-07-19T14:00:00+0200,8824.56,MW,BE,BE,forecast_load,Forecasted Load,2026-07-27T14:54:27Z
2026-07-27T14:54:16Z,2026-07-27T16:54:16+0200,6e7a462e-9eec-47a6-a2b0-092174843598,2026-07-19T12:15:00Z,2026-07-19T14:15:00+0200,8704.86,MW,BE,BE,forecast_load,Forecasted Load,2026-07-27T14:54:27Z
2026-07-27T14:54:16Z,2026-07-27T16:54:16+0200,6e7a462e-9eec-47a6-a2b0-092174843598,2026-07-19T12:30:00Z,2026-07-19T14:30:00+0200,8675.82,MW,BE,BE,forecast_load,Forecasted Load,2026-07-27T14:54:27Z
2026-07-27T14:54:16Z,2026-07-27T16:54:16+0200,6e7a462e-9eec-47a6-a2b0-092174843598,2026-07-19T12:45:00Z,2026-07-19T14:45:00+0200,8642.0,MW,BE,BE,forecast_load,Forecasted Load,2026-07-27T14:54:27Z
2026-07-27T14:54:16Z,2026-07-27T16:54:16+0200,6e7a462e-9eec-47a6-a2b0-092174843598,2026-07-19T13:00:00Z,2026-07-19T15:00:00+0200,8718.9,MW,BE,BE,forecast_load,Forecasted Load,2026-07-27T14:54:27Z
2026-07-27T14:54:16Z,2026-07-27T16:54:16+0200,6e7a462e-9eec-47a6-a2b0-092174843598,2026-07-19T13:15:00Z,2026-07-19T15:15:00+0200,8550.65,MW,BE,BE,forecast_load,Forecasted Load,2026-07-27T14:54:27Z
2026-07-27T14:54:16Z,2026-07-27T16:54:16+0200,6e7a462e-9eec-47a6-a2b0-092174843598,2026-07-19T13:30:00Z,2026-07-19T15:30:00+0200,8442.24,MW,BE,BE,forecast_load,Forecasted Load,2026-07-27T14:54:27Z
2026-07-27T14:54:16Z,2026-07-27T16:54:16+0200,6e7a462e-9eec-47a6-a2b0-092174843598,2026-07-19T13:45:00Z,2026-07-19T15:45:00+0200,8358.23,MW,BE,BE,forecast_load,Forecasted Load,2026-07-27T14:54:27Z
2026-07-27T14:54:16Z,2026-07-27T16:54:16+0200,6e7a462e-9eec-47a6-a2b0-092174843598,2026-07-19T14:00:00Z,2026-07-19T16:00:00+0200,8454.23,MW,BE,BE,forecast_load,Forecasted Load,2026-07-27T14:54:27Z
2026-07-27T14:54:16Z,2026-07-27T16:54:16+0200,6e7a462e-9eec-47a6-a2b0-092174843598,2026-07-19T14:15:00Z,2026-07-19T16:15:00+0200,8375.52,MW,BE,BE,forecast_load,Forecasted Load,2026-07-27T14:54:27Z
2026-07-27T14:54:16Z,2026-07-27T16:54:16+0200,6e7a462e-9eec-47a6-a2b0-092174843598,2026-07-19T14:30:00Z,2026-07-19T16:30:00+0200,8398.92,MW,BE,BE,forecast_load,Forecasted Load,2026-07-27T14:54:27Z
2026-07-27T14:54:16Z,2026-07-27T16:54:16+0200,6e7a462e-9eec-47a6-a2b0-092174843598,2026-07-19T14:45:00Z,2026-07-19T16:45:00+0200,8318.8,MW,BE,BE,forecast_load,Forecasted Load,2026-07-27T14:54:27Z
2026-07-27T14:54:16Z,2026-07-27T16:54:16+0200,6e7a462e-9eec-47a6-a2b0-092174843598,2026-07-19T15:00:00Z,2026-07-19T17:00:00+0200,8426.19,MW,BE,BE,forecast_load,Forecasted Load,2026-07-27T14:54:27Z
2026-07-27T14:54:16Z,2026-07-27T16:54:16+0200,6e7a462e-9eec-47a6-a2b0-092174843598,2026-07-19T15:15:00Z,2026-07-19T17:15:00+0200,8394.33,MW,BE,BE,forecast_load,Forecasted Load,2026-07-27T14:54:27Z
2026-07-27T14:54:16Z,2026-07-27T16:54:16+0200,6e7a462e-9eec-47a6-a2b0-092174843598,2026-07-19T15:30:00Z,2026-07-19T17:30:00+0200,8389.13,MW,BE,BE,forecast_load,Forecasted Load,2026-07-27T14:54:27Z
2026-07-27T14:54:16Z,2026-07-27T16:54:16+0200,6e7a462e-9eec-47a6-a2b0-092174843598,2026-07-19T15:45:00Z,2026-07-19T17:45:00+0200,8339.1,MW,BE,BE,forecast_load,Forecasted Load,2026-07-27T14:54:27Z
2026-07-27T14:54:16Z,2026-07-27T16:54:16+0200,6e7a462e-9eec-47a6-a2b0-092174843598,2026-07-19T16:00:00Z,2026-07-19T18:00:00+0200,8434.25,MW,BE,BE,forecast_load,Forecasted Load,2026-07-27T14:54:27Z
2026-07-27T14:54:16Z,2026-07-27T16:54:16+0200,6e7a462e-9eec-47a6-a2b0-092174843598,2026-07-19T16:15:00Z,2026-07-19T18:15:00+0200,8486.27,MW,BE,BE,forecast_load,Forecasted Load,2026-07-27T14:54:27Z
2026-07-27T14:54:16Z,2026-07-27T16:54:16+0200,6e7a462e-9eec-47a6-a2b0-092174843598,2026-07-19T16:30:00Z,2026-07-19T18:30:00+0200,8565.59,MW,BE,BE,forecast_load,Forecasted Load,2026-07-27T14:54:27Z
2026-07-27T14:54:16Z,2026-07-27T16:54:16+0200,6e7a462e-9eec-47a6-a2b0-092174843598,2026-07-19T16:45:00Z,2026-07-19T18:45:00+0200,8556.71,MW,BE,BE,forecast_load,Forecasted Load,2026-07-27T14:54:27Z
2026-07-27T14:54:16Z,2026-07-27T16:54:16+0200,6e7a462e-9eec-47a6-a2b0-092174843598,2026-07-19T17:00:00Z,2026-07-19T19:00:00+0200,8580.8,MW,BE,BE,forecast_load,Forecasted Load,2026-07-27T14:54:27Z
2026-07-27T14:54:16Z,2026-07-27T16:54:16+0200,6e7a462e-9eec-47a6-a2b0-092174843598,2026-07-19T17:15:00Z,2026-07-19T19:15:00+0200,8634.96,MW,BE,BE,forecast_load,Forecasted Load,2026-07-27T14:54:27Z
2026-07-27T14:54:16Z,2026-07-27T16:54:16+0200,6e7a462e-9eec-47a6-a2b0-092174843598,2026-07-19T17:30:00Z,2026-07-19T19:30:00+0200,8660.73,MW,BE,BE,forecast_load,Forecasted Load,2026-07-27T14:54:27Z
2026-07-27T14:54:16Z,2026-07-27T16:54:16+0200,6e7a462e-9eec-47a6-a2b0-092174843598,2026-07-19T17:45:00Z,2026-07-19T19:45:00+0200,8654.23,MW,BE,BE,forecast_load,Forecasted Load,2026-07-27T14:54:27Z
2026-07-27T14:54:16Z,2026-07-27T16:54:16+0200,6e7a462e-9eec-47a6-a2b0-092174843598,2026-07-19T18:00:00Z,2026-07-19T20:00:00+0200,8652.06,MW,BE,BE,forecast_load,Forecasted Load,2026-07-27T14:54:27Z
2026-07-27T14:54:16Z,2026-07-27T16:54:16+0200,6e7a462e-9eec-47a6-a2b0-092174843598,2026-07-19T18:15:00Z,2026-07-19T20:15:00+0200,8598.62,MW,BE,BE,forecast_load,Forecasted Load,2026-07-27T14:54:27Z
2026-07-27T14:54:16Z,2026-07-27T16:54:16+0200,6e7a462e-9eec-47a6-a2b0-092174843598,2026-07-19T18:30:00Z,2026-07-19T20:30:00+0200,8586.09,MW,BE,BE,forecast_load,Forecasted Load,2026-07-27T14:54:27Z
2026-07-27T14:54:16Z,2026-07-27T16:54:16+0200,6e7a462e-9eec-47a6-a2b0-092174843598,2026-07-19T18:45:00Z,2026-07-19T20:45:00+0200,8530.78,MW,BE,BE,forecast_load,Forecasted Load,2026-07-27T14:54:27Z
2026-07-27T14:54:16Z,2026-07-27T16:54:16+0200,6e7a462e-9eec-47a6-a2b0-092174843598,2026-07-19T19:00:00Z,2026-07-19T21:00:00+0200,8559.66,MW,BE,BE,forecast_load,Forecasted Load,2026-07-27T14:54:27Z
2026-07-27T14:54:16Z,2026-07-27T16:54:16+0200,6e7a462e-9eec-47a6-a2b0-092174843598,2026-07-19T19:15:00Z,2026-07-19T21:15:00+0200,8516.24,MW,BE,BE,forecast_load,Forecasted Load,2026-07-27T14:54:27Z
2026-07-27T14:54:16Z,2026-07-27T16:54:16+0200,6e7a462e-9eec-47a6-a2b0-092174843598,2026-07-19T19:30:00Z,2026-07-19T21:30:00+0200,8480.22,MW,BE,BE,forecast_load,Forecasted Load,2026-07-27T14:54:27Z
2026-07-27T14:54:16Z,2026-07-27T16:54:16+0200,6e7a462e-9eec-47a6-a2b0-092174843598,2026-07-19T19:45:00Z,2026-07-19T21:45:00+0200,8427.63,MW,BE,BE,forecast_load,Forecasted Load,2026-07-27T14:54:27Z
2026-07-27T14:54:16Z,2026-07-27T16:54:16+0200,6e7a462e-9eec-47a6-a2b0-092174843598,2026-07-19T20:00:00Z,2026-07-19T22:00:00+0200,8517.47,MW,BE,BE,forecast_load,Forecasted Load,2026-07-27T14:54:27Z
2026-07-27T14:54:16Z,2026-07-27T16:54:16+0200,6e7a462e-9eec-47a6-a2b0-092174843598,2026-07-19T20:15:00Z,2026-07-19T22:15:00+0200,8560.15,MW,BE,BE,forecast_load,Forecasted Load,2026-07-27T14:54:27Z
2026-07-27T14:54:16Z,2026-07-27T16:54:16+0200,6e7a462e-9eec-47a6-a2b0-092174843598,2026-07-19T20:30:00Z,2026-07-19T22:30:00+0200,8459.35,MW,BE,BE,forecast_load,Forecasted Load,2026-07-27T14:54:27Z
2026-07-27T14:54:16Z,2026-07-27T16:54:16+0200,6e7a462e-9eec-47a6-a2b0-092174843598,2026-07-19T20:45:00Z,2026-07-19T22:45:00+0200,8309.5,MW,BE,BE,forecast_load,Forecasted Load,2026-07-27T14:54:27Z
2026-07-27T14:54:16Z,2026-07-27T16:54:16+0200,6e7a462e-9eec-47a6-a2b0-092174843598,2026-07-19T21:00:00Z,2026-07-19T23:00:00+0200,8226.43,MW,BE,BE,forecast_load,Forecasted Load,2026-07-27T14:54:27Z
2026-07-27T14:54:16Z,2026-07-27T16:54:16+0200,6e7a462e-9eec-47a6-a2b0-092174843598,2026-07-19T21:15:00Z,2026-07-19T23:15:00+0200,8131.81,MW,BE,BE,forecast_load,Forecasted Load,2026-07-27T14:54:27Z
2026-07-27T14:54:16Z,2026-07-27T16:54:16+0200,6e7a462e-9eec-47a6-a2b0-092174843598,2026-07-19T21:30:00Z,2026-07-19T23:30:00+0200,8102.63,MW,BE,BE,forecast_load,Forecasted Load,2026-07-27T14:54:27Z
2026-07-27T14:54:16Z,2026-07-27T16:54:16+0200,6e7a462e-9eec-47a6-a2b0-092174843598,2026-07-19T21:45:00Z,2026-07-19T23:45:00+0200,7979.08,MW,BE,BE,forecast_load,Forecasted Load,2026-07-27T14:54:27Z
2026-07-27T14:54:16Z,2026-07-27T16:54:16+0200,6e7a462e-9eec-47a6-a2b0-092174843598,2026-07-19T22:00:00Z,2026-07-20T00:00:00+0200,7924.35,MW,BE,BE,forecast_load,Forecasted Load,2026-07-27T14:54:27Z
2026-07-27T14:54:16Z,2026-07-27T16:54:16+0200,6e7a462e-9eec-47a6-a2b0-092174843598,2026-07-19T22:15:00Z,2026-07-20T00:15:00+0200,7845.52,MW,BE,BE,forecast_load,Forecasted Load,2026-07-27T14:54:27Z
2026-07-27T14:54:16Z,2026-07-27T16:54:16+0200,6e7a462e-9eec-47a6-a2b0-092174843598,2026-07-19T22:30:00Z,2026-07-20T00:30:00+0200,7769.54,MW,BE,BE,forecast_load,Forecasted Load,2026-07-27T14:54:27Z
2026-07-27T14:54:16Z,2026-07-27T16:54:16+0200,6e7a462e-9eec-47a6-a2b0-092174843598,2026-07-19T22:45:00Z,2026-07-20T00:45:00+0200,7746.51,MW,BE,BE,forecast_load,Forecasted Load,2026-07-27T14:54:27Z
2026-07-27T14:54:16Z,2026-07-27T16:54:16+0200,6e7a462e-9eec-47a6-a2b0-092174843598,2026-07-19T23:00:00Z,2026-07-20T01:00:00+0200,7690.61,MW,BE,BE,forecast_load,Forecasted Load,2026-07-27T14:54:27Z
2026-07-27T14:54:16Z,2026-07-27T16:54:16+0200,6e7a462e-9eec-47a6-a2b0-092174843598,2026-07-19T23:15:00Z,2026-07-20T01:15:00+0200,7592.13,MW,BE,BE,forecast_load,Forecasted Load,2026-07-27T14:54:27Z
2026-07-27T14:54:16Z,2026-07-27T16:54:16+0200,6e7a462e-9eec-47a6-a2b0-092174843598,2026-07-19T23:30:00Z,2026-07-20T01:30:00+0200,7563.34,MW,BE,BE,forecast_load,Forecasted Load,2026-07-27T14:54:27Z
2026-07-27T14:54:16Z,2026-07-27T16:54:16+0200,6e7a462e-9eec-47a6-a2b0-092174843598,2026-07-19T23:45:00Z,2026-07-20T01:45:00+0200,7479.33,MW,BE,BE,forecast_load,Forecasted Load,2026-07-27T14:54:27Z
2026-07-27T14:54:16Z,2026-07-27T16:54:16+0200,6e7a462e-9eec-47a6-a2b0-092174843598,2026-07-20T00:00:00Z,2026-07-20T02:00:00+0200,6857.44,MW,BE,BE,forecast_load,Forecasted Load,2026-07-27T14:54:27Z
2026-07-27T14:54:16Z,2026-07-27T16:54:16+0200,6e7a462e-9eec-47a6-a2b0-092174843598,2026-07-20T00:15:00Z,2026-07-20T02:15:00+0200,6838.49,MW,BE,BE,forecast_load,Forecasted Load,2026-07-27T14:54:27Z
2026-07-27T14:54:16Z,2026-07-27T16:54:16+0200,6e7a462e-9eec-47a6-a2b0-092174843598,2026-07-20T00:30:00Z,2026-07-20T02:30:00+0200,6820.54,MW,BE,BE,forecast_load,Forecasted Load,2026-07-27T14:54:27Z
2026-07-27T14:54:16Z,2026-07-27T16:54:16+0200,6e7a462e-9eec-47a6-a2b0-092174843598,2026-07-20T00:45:00Z,2026-07-20T02:45:00+0200,6795.5,MW,BE,BE,forecast_load,Forecasted Load,2026-07-27T14:54:27Z
2026-07-27T14:54:16Z,2026-07-27T16:54:16+0200,6e7a462e-9eec-47a6-a2b0-092174843598,2026-07-20T01:00:00Z,2026-07-20T03:00:00+0200,6770.7,MW,BE,BE,forecast_load,Forecasted Load,2026-07-27T14:54:27Z
2026-07-27T14:54:16Z,2026-07-27T16:54:16+0200,6e7a462e-9eec-47a6-a2b0-092174843598,2026-07-20T01:15:00Z,2026-07-20T03:15:00+0200,6741.34,MW,BE,BE,forecast_load,Forecasted Load,2026-07-27T14:54:27Z
2026-07-27T14:54:16Z,2026-07-27T16:54:16+0200,6e7a462e-9eec-47a6-a2b0-092174843598,2026-07-20T01:30:00Z,2026-07-20T03:30:00+0200,6732.01,MW,BE,BE,forecast_load,Forecasted Load,2026-07-27T14:54:27Z
2026-07-27T14:54:16Z,2026-07-27T16:54:16+0200,6e7a462e-9eec-47a6-a2b0-092174843598,2026-07-20T01:45:00Z,2026-07-20T03:45:00+0200,6737.78,MW,BE,BE,forecast_load,Forecasted Load,2026-07-27T14:54:27Z
2026-07-27T14:54:16Z,2026-07-27T16:54:16+0200,6e7a462e-9eec-47a6-a2b0-092174843598,2026-07-20T02:00:00Z,2026-07-20T04:00:00+0200,6734.12,MW,BE,BE,forecast_load,Forecasted Load,2026-07-27T14:54:27Z
2026-07-27T14:54:16Z,2026-07-27T16:54:16+0200,6e7a462e-9eec-47a6-a2b0-092174843598,2026-07-20T02:15:00Z,2026-07-20T04:15:00+0200,6725.67,MW,BE,BE,forecast_load,Forecasted Load,2026-07-27T14:54:27Z
2026-07-27T14:54:16Z,2026-07-27T16:54:16+0200,6e7a462e-9eec-47a6-a2b0-092174843598,2026-07-20T02:30:00Z,2026-07-20T04:30:00+0200,6737.81,MW,BE,BE,forecast_load,Forecasted Load,2026-07-27T14:54:27Z
2026-07-27T14:54:16Z,2026-07-27T16:54:16+0200,6e7a462e-9eec-47a6-a2b0-092174843598,2026-07-20T02:45:00Z,2026-07-20T04:45:00+0200,6760.84,MW,BE,BE,forecast_load,Forecasted Load,2026-07-27T14:54:27Z
2026-07-27T14:54:16Z,2026-07-27T16:54:16+0200,6e7a462e-9eec-47a6-a2b0-092174843598,2026-07-20T03:00:00Z,2026-07-20T05:00:00+0200,6792.98,MW,BE,BE,forecast_load,Forecasted Load,2026-07-27T14:54:27Z
2026-07-27T14:54:16Z,2026-07-27T16:54:16+0200,6e7a462e-9eec-47a6-a2b0-092174843598,2026-07-20T03:15:00Z,2026-07-20T05:15:00+0200,6810.4,MW,BE,BE,forecast_load,Forecasted Load,2026-07-27T14:54:27Z
2026-07-27T14:54:16Z,2026-07-27T16:54:16+0200,6e7a462e-9eec-47a6-a2b0-092174843598,2026-07-20T03:30:00Z,2026-07-20T05:30:00+0200,6864.83,MW,BE,BE,forecast_load,Forecasted Load,2026-07-27T14:54:27Z
2026-07-27T14:54:16Z,2026-07-27T16:54:16+0200,6e7a462e-9eec-47a6-a2b0-092174843598,2026-07-20T03:45:00Z,2026-07-20T05:45:00+0200,6907.96,MW,BE,BE,forecast_load,Forecasted Load,2026-07-27T14:54:27Z
2026-07-27T14:54:16Z,2026-07-27T16:54:16+0200,6e7a462e-9eec-47a6-a2b0-092174843598,2026-07-20T04:00:00Z,2026-07-20T06:00:00+0200,6981.09,MW,BE,BE,forecast_load,Forecasted Load,2026-07-27T14:54:27Z
2026-07-27T14:54:16Z,2026-07-27T16:54:16+0200,6e7a462e-9eec-47a6-a2b0-092174843598,2026-07-20T04:15:00Z,2026-07-20T06:15:00+0200,7077.61,MW,BE,BE,forecast_load,Forecasted Load,2026-07-27T14:54:27Z
2026-07-27T14:54:16Z,2026-07-27T16:54:16+0200,6e7a462e-9eec-47a6-a2b0-092174843598,2026-07-20T04:30:00Z,2026-07-20T06:30:00+0200,7225.21,MW,BE,BE,forecast_load,Forecasted Load,2026-07-27T14:54:27Z
2026-07-27T14:54:16Z,2026-07-27T16:54:16+0200,6e7a462e-9eec-47a6-a2b0-092174843598,2026-07-20T04:45:00Z,2026-07-20T06:45:00+0200,7366.53,MW,BE,BE,forecast_load,Forecasted Load,2026-07-27T14:54:27Z
2026-07-27T14:54:16Z,2026-07-27T16:54:16+0200,6e7a462e-9eec-47a6-a2b0-092174843598,2026-07-20T05:00:00Z,2026-07-20T07:00:00+0200,7498.47,MW,BE,BE,forecast_load,Forecasted Load,2026-07-27T14:54:27Z
2026-07-27T14:54:16Z,2026-07-27T16:54:16+0200,6e7a462e-9eec-47a6-a2b0-092174843598,2026-07-20T05:15:00Z,2026-07-20T07:15:00+0200,7642.59,MW,BE,BE,forecast_load,Forecasted Load,2026-07-27T14:54:27Z
2026-07-27T14:54:16Z,2026-07-27T16:54:16+0200,6e7a462e-9eec-47a6-a2b0-092174843598,2026-07-20T05:30:00Z,2026-07-20T07:30:00+0200,7792.57,MW,BE,BE,forecast_load,Forecasted Load,2026-07-27T14:54:27Z
2026-07-27T14:54:16Z,2026-07-27T16:54:16+0200,6e7a462e-9eec-47a6-a2b0-092174843598,2026-07-20T05:45:00Z,2026-07-20T07:45:00+0200,7902.08,MW,BE,BE,forecast_load,Forecasted Load,2026-07-27T14:54:27Z
2026-07-27T14:54:16Z,2026-07-27T16:54:16+0200,6e7a462e-9eec-47a6-a2b0-092174843598,2026-07-20T06:00:00Z,2026-07-20T08:00:00+0200,8014.56,MW,BE,BE,forecast_load,Forecasted Load,2026-07-27T14:54:27Z
2026-07-27T14:54:16Z,2026-07-27T16:54:16+0200,6e7a462e-9eec-47a6-a2b0-092174843598,2026-07-20T06:15:00Z,2026-07-20T08:15:00+0200,8126.27,MW,BE,BE,forecast_load,Forecasted Load,2026-07-27T14:54:27Z
2026-07-27T14:54:16Z,2026-07-27T16:54:16+0200,6e7a462e-9eec-47a6-a2b0-092174843598,2026-07-20T06:30:00Z,2026-07-20T08:30:00+0200,8262.77,MW,BE,BE,forecast_load,Forecasted Load,2026-07-27T14:54:27Z
2026-07-27T14:54:16Z,2026-07-27T16:54:16+0200,6e7a462e-9eec-47a6-a2b0-092174843598,2026-07-20T06:45:00Z,2026-07-20T08:45:00+0200,8376.5,MW,BE,BE,forecast_load,Forecasted Load,2026-07-27T14:54:27Z
2026-07-27T14:54:16Z,2026-07-27T16:54:16+0200,6e7a462e-9eec-47a6-a2b0-092174843598,2026-07-20T07:00:00Z,2026-07-20T09:00:00+0200,8489.44,MW,BE,BE,forecast_load,Forecasted Load,2026-07-27T14:54:27Z
2026-07-27T14:54:16Z,2026-07-27T16:54:16+0200,6e7a462e-9eec-47a6-a2b0-092174843598,2026-07-20T07:15:00Z,2026-07-20T09:15:00+0200,8603.99,MW,BE,BE,forecast_load,Forecasted Load,2026-07-27T14:54:27Z
2026-07-27T14:54:16Z,2026-07-27T16:54:16+0200,6e7a462e-9eec-47a6-a2b0-092174843598,2026-07-20T07:30:00Z,2026-07-20T09:30:00+0200,8709.88,MW,BE,BE,forecast_load,Forecasted Load,2026-07-27T14:54:27Z
2026-07-27T14:54:16Z,2026-07-27T16:54:16+0200,6e7a462e-9eec-47a6-a2b0-092174843598,2026-07-20T07:45:00Z,2026-07-20T09:45:00+0200,8766.46,MW,BE,BE,forecast_load,Forecasted Load,2026-07-27T14:54:27Z
2026-07-27T14:54:16Z,2026-07-27T16:54:16+0200,6e7a462e-9eec-47a6-a2b0-092174843598,2026-07-20T08:00:00Z,2026-07-20T10:00:00+0200,8788.21,MW,BE,BE,forecast_load,Forecasted Load,2026-07-27T14:54:27Z
2026-07-27T14:54:16Z,2026-07-27T16:54:16+0200,6e7a462e-9eec-47a6-a2b0-092174843598,2026-07-20T08:15:00Z,2026-07-20T10:15:00+0200,8799.7,MW,BE,BE,forecast_load,Forecasted Load,2026-07-27T14:54:27Z
2026-07-27T14:54:16Z,2026-07-27T16:54:16+0200,6e7a462e-9eec-47a6-a2b0-092174843598,2026-07-20T08:30:00Z,2026-07-20T10:30:00+0200,8853.83,MW,BE,BE,forecast_load,Forecasted Load,2026-07-27T14:54:27Z
2026-07-27T14:54:16Z,2026-07-27T16:54:16+0200,6e7a462e-9eec-47a6-a2b0-092174843598,2026-07-20T08:45:00Z,2026-07-20T10:45:00+0200,8885.57,MW,BE,BE,forecast_load,Forecasted Load,2026-07-27T14:54:27Z
2026-07-27T14:54:16Z,2026-07-27T16:54:16+0200,6e7a462e-9eec-47a6-a2b0-092174843598,2026-07-20T09:00:00Z,2026-07-20T11:00:00+0200,8916.26,MW,BE,BE,forecast_load,Forecasted Load,2026-07-27T14:54:27Z
2026-07-27T14:54:16Z,2026-07-27T16:54:16+0200,6e7a462e-9eec-47a6-a2b0-092174843598,2026-07-20T09:15:00Z,2026-07-20T11:15:00+0200,8949.45,MW,BE,BE,forecast_load,Forecasted Load,2026-07-27T14:54:27Z
2026-07-27T14:54:16Z,2026-07-27T16:54:16+0200,6e7a462e-9eec-47a6-a2b0-092174843598,2026-07-20T09:30:00Z,2026-07-20T11:30:00+0200,9035.15,MW,BE,BE,forecast_load,Forecasted Load,2026-07-27T14:54:27Z
2026-07-27T14:54:16Z,2026-07-27T16:54:16+0200,6e7a462e-9eec-47a6-a2b0-092174843598,2026-07-20T09:45:00Z,2026-07-20T11:45:00+0200,9041.64,MW,BE,BE,forecast_load,Forecasted Load,2026-07-27T14:54:27Z
2026-07-27T14:54:16Z,2026-07-27T16:54:16+0200,6e7a462e-9eec-47a6-a2b0-092174843598,2026-07-20T10:00:00Z,2026-07-20T12:00:00+0200,9014.02,MW,BE,BE,forecast_load,Forecasted Load,2026-07-27T14:54:27Z
2026-07-27T14:54:16Z,2026-07-27T16:54:16+0200,6e7a462e-9eec-47a6-a2b0-092174843598,2026-07-20T10:15:00Z,2026-07-20T12:15:00+0200,8963.7,MW,BE,BE,forecast_load,Forecasted Load,2026-07-27T14:54:27Z
2026-07-27T14:54:16Z,2026-07-27T16:54:16+0200,6e7a462e-9eec-47a6-a2b0-092174843598,2026-07-20T10:30:00Z,2026-07-20T12:30:00+0200,8986.8,MW,BE,BE,forecast_load,Forecasted Load,2026-07-27T14:54:27Z
2026-07-27T14:54:16Z,2026-07-27T16:54:16+0200,6e7a462e-9eec-47a6-a2b0-092174843598,2026-07-20T10:45:00Z,2026-07-20T12:45:00+0200,8943.46,MW,BE,BE,forecast_load,Forecasted Load,2026-07-27T14:54:27Z
2026-07-27T14:54:16Z,2026-07-27T16:54:16+0200,6e7a462e-9eec-47a6-a2b0-092174843598,2026-07-20T11:00:00Z,2026-07-20T13:00:00+0200,8910.29,MW,BE,BE,forecast_load,Forecasted Load,2026-07-27T14:54:27Z
2026-07-27T14:54:16Z,2026-07-27T16:54:16+0200,6e7a462e-9eec-47a6-a2b0-092174843598,2026-07-20T11:15:00Z,2026-07-20T13:15:00+0200,8865.75,MW,BE,BE,forecast_load,Forecasted Load,2026-07-27T14:54:27Z
2026-07-27T14:54:16Z,2026-07-27T16:54:16+0200,6e7a462e-9eec-47a6-a2b0-092174843598,2026-07-20T11:30:00Z,2026-07-20T13:30:00+0200,8880.26,MW,BE,BE,forecast_load,Forecasted Load,2026-07-27T14:54:27Z
2026-07-27T14:54:16Z,2026-07-27T16:54:16+0200,6e7a462e-9eec-47a6-a2b0-092174843598,2026-07-20T11:45:00Z,2026-07-20T13:45:00+0200,8870.19,MW,BE,BE,forecast_load,Forecasted Load,2026-07-27T14:54:27Z
2026-07-27T14:54:16Z,2026-07-27T16:54:16+0200,6e7a462e-9eec-47a6-a2b0-092174843598,2026-07-20T12:00:00Z,2026-07-20T14:00:00+0200,8837.58,MW,BE,BE,forecast_load,Forecasted Load,2026-07-27T14:54:27Z
2026-07-27T14:54:16Z,2026-07-27T16:54:16+0200,6e7a462e-9eec-47a6-a2b0-092174843598,2026-07-20T12:15:00Z,2026-07-20T14:15:00+0200,8782.3,MW,BE,BE,forecast_load,Forecasted Load,2026-07-27T14:54:27Z
2026-07-27T14:54:16Z,2026-07-27T16:54:16+0200,6e7a462e-9eec-47a6-a2b0-092174843598,2026-07-20T12:30:00Z,2026-07-20T14:30:00+0200,8730.65,MW,BE,BE,forecast_load,Forecasted Load,2026-07-27T14:54:27Z
2026-07-27T14:54:16Z,2026-07-27T16:54:16+0200,6e7a462e-9eec-47a6-a2b0-092174843598,2026-07-20T12:45:00Z,2026-07-20T14:45:00+0200,8710.95,MW,BE,BE,forecast_load,Forecasted Load,2026-07-27T14:54:27Z
2026-07-27T14:54:16Z,2026-07-27T16:54:16+0200,6e7a462e-9eec-47a6-a2b0-092174843598,2026-07-20T13:00:00Z,2026-07-20T15:00:00+0200,8702.35,MW,BE,BE,forecast_load,Forecasted Load,2026-07-27T14:54:27Z
2026-07-27T14:54:16Z,2026-07-27T16:54:16+0200,6e7a462e-9eec-47a6-a2b0-092174843598,2026-07-20T13:15:00Z,2026-07-20T15:15:00+0200,8651.0,MW,BE,BE,forecast_load,Forecasted Load,2026-07-27T14:54:27Z
2026-07-27T14:54:16Z,2026-07-27T16:54:16+0200,6e7a462e-9eec-47a6-a2b0-092174843598,2026-07-20T13:30:00Z,2026-07-20T15:30:00+0200,8545.19,MW,BE,BE,forecast_load,Forecasted Load,2026-07-27T14:54:27Z
2026-07-27T14:54:16Z,2026-07-27T16:54:16+0200,6e7a462e-9eec-47a6-a2b0-092174843598,2026-07-20T13:45:00Z,2026-07-20T15:45:00+0200,8509.28,MW,BE,BE,forecast_load,Forecasted Load,2026-07-27T14:54:27Z
2026-07-27T14:54:16Z,2026-07-27T16:54:16+0200,6e7a462e-9eec-47a6-a2b0-092174843598,2026-07-20T14:00:00Z,2026-07-20T16:00:00+0200,8496.29,MW,BE,BE,forecast_load,Forecasted Load,2026-07-27T14:54:27Z
2026-07-27T14:54:16Z,2026-07-27T16:54:16+0200,6e7a462e-9eec-47a6-a2b0-092174843598,2026-07-20T14:15:00Z,2026-07-20T16:15:00+0200,8497.03,MW,BE,BE,forecast_load,Forecasted Load,2026-07-27T14:54:27Z
2026-07-27T14:54:16Z,2026-07-27T16:54:16+0200,6e7a462e-9eec-47a6-a2b0-092174843598,2026-07-20T14:30:00Z,2026-07-20T16:30:00+0200,8420.94,MW,BE,BE,forecast_load,Forecasted Load,2026-07-27T14:54:27Z
2026-07-27T14:54:16Z,2026-07-27T16:54:16+0200,6e7a462e-9eec-47a6-a2b0-092174843598,2026-07-20T14:45:00Z,2026-07-20T16:45:00+0200,8410.64,MW,BE,BE,forecast_load,Forecasted Load,2026-07-27T14:54:27Z
2026-07-27T14:54:16Z,2026-07-27T16:54:16+0200,6e7a462e-9eec-47a6-a2b0-092174843598,2026-07-20T15:00:00Z,2026-07-20T17:00:00+0200,8425.95,MW,BE,BE,forecast_load,Forecasted Load,2026-07-27T14:54:27Z
2026-07-27T14:54:16Z,2026-07-27T16:54:16+0200,6e7a462e-9eec-47a6-a2b0-092174843598,2026-07-20T15:15:00Z,2026-07-20T17:15:00+0200,8485.77,MW,BE,BE,forecast_load,Forecasted Load,2026-07-27T14:54:27Z
2026-07-27T14:54:16Z,2026-07-27T16:54:16+0200,6e7a462e-9eec-47a6-a2b0-092174843598,2026-07-20T15:30:00Z,2026-07-20T17:30:00+0200,8495.33,MW,BE,BE,forecast_load,Forecasted Load,2026-07-27T14:54:27Z
2026-07-27T14:54:16Z,2026-07-27T16:54:16+0200,6e7a462e-9eec-47a6-a2b0-092174843598,2026-07-20T15:45:00Z,2026-07-20T17:45:00+0200,8575.68,MW,BE,BE,forecast_load,Forecasted Load,2026-07-27T14:54:27Z
2026-07-27T14:54:16Z,2026-07-27T16:54:16+0200,6e7a462e-9eec-47a6-a2b0-092174843598,2026-07-20T16:00:00Z,2026-07-20T18:00:00+0200,8604.39,MW,BE,BE,forecast_load,Forecasted Load,2026-07-27T14:54:27Z
2026-07-27T14:54:16Z,2026-07-27T16:54:16+0200,6e7a462e-9eec-47a6-a2b0-092174843598,2026-07-20T16:15:00Z,2026-07-20T18:15:00+0200,8627.39,MW,BE,BE,forecast_load,Forecasted Load,2026-07-27T14:54:27Z
2026-07-27T14:54:16Z,2026-07-27T16:54:16+0200,6e7a462e-9eec-47a6-a2b0-092174843598,2026-07-20T16:30:00Z,2026-07-20T18:30:00+0200,8591.8,MW,BE,BE,forecast_load,Forecasted Load,2026-07-27T14:54:27Z
2026-07-27T14:54:16Z,2026-07-27T16:54:16+0200,6e7a462e-9eec-47a6-a2b0-092174843598,2026-07-20T16:45:00Z,2026-07-20T18:45:00+0200,8624.74,MW,BE,BE,forecast_load,Forecasted Load,2026-07-27T14:54:27Z
2026-07-27T14:54:16Z,2026-07-27T16:54:16+0200,6e7a462e-9eec-47a6-a2b0-092174843598,2026-07-20T17:00:00Z,2026-07-20T19:00:00+0200,8663.83,MW,BE,BE,forecast_load,Forecasted Load,2026-07-27T14:54:27Z
2026-07-27T14:54:16Z,2026-07-27T16:54:16+0200,6e7a462e-9eec-47a6-a2b0-092174843598,2026-07-20T17:15:00Z,2026-07-20T19:15:00+0200,8686.35,MW,BE,BE,forecast_load,Forecasted Load,2026-07-27T14:54:27Z
2026-07-27T14:54:16Z,2026-07-27T16:54:16+0200,6e7a462e-9eec-47a6-a2b0-092174843598,2026-07-20T17:30:00Z,2026-07-20T19:30:00+0200,8649.59,MW,BE,BE,forecast_load,Forecasted Load,2026-07-27T14:54:27Z
2026-07-27T14:54:16Z,2026-07-27T16:54:16+0200,6e7a462e-9eec-47a6-a2b0-092174843598,2026-07-20T17:45:00Z,2026-07-20T19:45:00+0200,8636.33,MW,BE,BE,forecast_load,Forecasted Load,2026-07-27T14:54:27Z
2026-07-27T14:54:16Z,2026-07-27T16:54:16+0200,6e7a462e-9eec-47a6-a2b0-092174843598,2026-07-20T18:00:00Z,2026-07-20T20:00:00+0200,8603.24,MW,BE,BE,forecast_load,Forecasted Load,2026-07-27T14:54:27Z
2026-07-27T14:54:16Z,2026-07-27T16:54:16+0200,6e7a462e-9eec-47a6-a2b0-092174843598,2026-07-20T18:15:00Z,2026-07-20T20:15:00+0200,8561.39,MW,BE,BE,forecast_load,Forecasted Load,2026-07-27T14:54:27Z
2026-07-27T14:54:16Z,2026-07-27T16:54:16+0200,6e7a462e-9eec-47a6-a2b0-092174843598,2026-07-20T18:30:00Z,2026-07-20T20:30:00+0200,8452.11,MW,BE,BE,forecast_load,Forecasted Load,2026-07-27T14:54:27Z
2026-07-27T14:54:16Z,2026-07-27T16:54:16+0200,6e7a462e-9eec-47a6-a2b0-092174843598,2026-07-20T18:45:00Z,2026-07-20T20:45:00+0200,8398.03,MW,BE,BE,forecast_load,Forecasted Load,2026-07-27T14:54:27Z
2026-07-27T14:54:16Z,2026-07-27T16:54:16+0200,6e7a462e-9eec-47a6-a2b0-092174843598,2026-07-20T19:00:00Z,2026-07-20T21:00:00+0200,8352.99,MW,BE,BE,forecast_load,Forecasted Load,2026-07-27T14:54:27Z
2026-07-27T14:54:16Z,2026-07-27T16:54:16+0200,6e7a462e-9eec-47a6-a2b0-092174843598,2026-07-20T19:15:00Z,2026-07-20T21:15:00+0200,8350.99,MW,BE,BE,forecast_load,Forecasted Load,2026-07-27T14:54:27Z
2026-07-27T14:54:16Z,2026-07-27T16:54:16+0200,6e7a462e-9eec-47a6-a2b0-092174843598,2026-07-20T19:30:00Z,2026-07-20T21:30:00+0200,8330.86,MW,BE,BE,forecast_load,Forecasted Load,2026-07-27T14:54:27Z
2026-07-27T14:54:16Z,2026-07-27T16:54:16+0200,6e7a462e-9eec-47a6-a2b0-092174843598,2026-07-20T19:45:00Z,2026-07-20T21:45:00+0200,8324.33,MW,BE,BE,forecast_load,Forecasted Load,2026-07-27T14:54:27Z
2026-07-27T14:54:16Z,2026-07-27T16:54:16+0200,6e7a462e-9eec-47a6-a2b0-092174843598,2026-07-20T20:00:00Z,2026-07-20T22:00:00+0200,8357.94,MW,BE,BE,forecast_load,Forecasted Load,2026-07-27T14:54:27Z
2026-07-27T14:54:16Z,2026-07-27T16:54:16+0200,6e7a462e-9eec-47a6-a2b0-092174843598,2026-07-20T20:15:00Z,2026-07-20T22:15:00+0200,8369.43,MW,BE,BE,forecast_load,Forecasted Load,2026-07-27T14:54:27Z
2026-07-27T14:54:16Z,2026-07-27T16:54:16+0200,6e7a462e-9eec-47a6-a2b0-092174843598,2026-07-20T20:30:00Z,2026-07-20T22:30:00+0200,8350.37,MW,BE,BE,forecast_load,Forecasted Load,2026-07-27T14:54:27Z
2026-07-27T14:54:16Z,2026-07-27T16:54:16+0200,6e7a462e-9eec-47a6-a2b0-092174843598,2026-07-20T20:45:00Z,2026-07-20T22:45:00+0200,8283.46,MW,BE,BE,forecast_load,Forecasted Load,2026-07-27T14:54:27Z
2026-07-27T14:54:16Z,2026-07-27T16:54:16+0200,6e7a462e-9eec-47a6-a2b0-092174843598,2026-07-20T21:00:00Z,2026-07-20T23:00:00+0200,8193.34,MW,BE,BE,forecast_load,Forecasted Load,2026-07-27T14:54:27Z
2026-07-27T14:54:16Z,2026-07-27T16:54:16+0200,6e7a462e-9eec-47a6-a2b0-092174843598,2026-07-20T21:15:00Z,2026-07-20T23:15:00+0200,8096.43,MW,BE,BE,forecast_load,Forecasted Load,2026-07-27T14:54:27Z
2026-07-27T14:54:16Z,2026-07-27T16:54:16+0200,6e7a462e-9eec-47a6-a2b0-092174843598,2026-07-20T21:30:00Z,2026-07-20T23:30:00+0200,7957.75,MW,BE,BE,forecast_load,Forecasted Load,2026-07-27T14:54:27Z
2026-07-27T14:54:16Z,2026-07-27T16:54:16+0200,6e7a462e-9eec-47a6-a2b0-092174843598,2026-07-20T21:45:00Z,2026-07-20T23:45:00+0200,7818.55,MW,BE,BE,forecast_load,Forecasted Load,2026-07-27T14:54:27Z
2026-07-27T14:54:16Z,2026-07-27T16:54:16+0200,6e7a462e-9eec-47a6-a2b0-092174843598,2026-07-20T22:00:00Z,2026-07-21T00:00:00+0200,7424.58,MW,BE,BE,forecast_load,Forecasted Load,2026-07-27T14:54:27Z
2026-07-27T14:54:16Z,2026-07-27T16:54:16+0200,6e7a462e-9eec-47a6-a2b0-092174843598,2026-07-20T22:15:00Z,2026-07-21T00:15:00+0200,7316.62,MW,BE,BE,forecast_load,Forecasted Load,2026-07-27T14:54:27Z
2026-07-27T14:54:16Z,2026-07-27T16:54:16+0200,6e7a462e-9eec-47a6-a2b0-092174843598,2026-07-20T22:30:00Z,2026-07-21T00:30:00+0200,7219.25,MW,BE,BE,forecast_load,Forecasted Load,2026-07-27T14:54:27Z
2026-07-27T14:54:16Z,2026-07-27T16:54:16+0200,6e7a462e-9eec-47a6-a2b0-092174843598,2026-07-20T22:45:00Z,2026-07-21T00:45:00+0200,7139.81,MW,BE,BE,forecast_load,Forecasted Load,2026-07-27T14:54:27Z
2026-07-27T14:54:16Z,2026-07-27T16:54:16+0200,6e7a462e-9eec-47a6-a2b0-092174843598,2026-07-20T23:00:00Z,2026-07-21T01:00:00+0200,7066.15,MW,BE,BE,forecast_load,Forecasted Load,2026-07-27T14:54:27Z
2026-07-27T14:54:16Z,2026-07-27T16:54:16+0200,6e7a462e-9eec-47a6-a2b0-092174843598,2026-07-20T23:15:00Z,2026-07-21T01:15:00+0200,7008.61,MW,BE,BE,forecast_load,Forecasted Load,2026-07-27T14:54:27Z
2026-07-27T14:54:16Z,2026-07-27T16:54:16+0200,6e7a462e-9eec-47a6-a2b0-092174843598,2026-07-20T23:30:00Z,2026-07-21T01:30:00+0200,6953.89,MW,BE,BE,forecast_load,Forecasted Load,2026-07-27T14:54:27Z
2026-07-27T14:54:16Z,2026-07-27T16:54:16+0200,6e7a462e-9eec-47a6-a2b0-092174843598,2026-07-20T23:45:00Z,2026-07-21T01:45:00+0200,6916.78,MW,BE,BE,forecast_load,Forecasted Load,2026-07-27T14:54:27Z
2026-07-27T14:54:16Z,2026-07-27T16:54:16+0200,6e7a462e-9eec-47a6-a2b0-092174843598,2026-07-21T00:00:00Z,2026-07-21T02:00:00+0200,7069.55,MW,BE,BE,forecast_load,Forecasted Load,2026-07-27T14:54:27Z
2026-07-27T14:54:16Z,2026-07-27T16:54:16+0200,6e7a462e-9eec-47a6-a2b0-092174843598,2026-07-21T00:15:00Z,2026-07-21T02:15:00+0200,7029.82,MW,BE,BE,forecast_load,Forecasted Load,2026-07-27T14:54:27Z
2026-07-27T14:54:16Z,2026-07-27T16:54:16+0200,6e7a462e-9eec-47a6-a2b0-092174843598,2026-07-21T00:30:00Z,2026-07-21T02:30:00+0200,6980.63,MW,BE,BE,forecast_load,Forecasted Load,2026-07-27T14:54:27Z
2026-07-27T14:54:16Z,2026-07-27T16:54:16+0200,6e7a462e-9eec-47a6-a2b0-092174843598,2026-07-21T00:45:00Z,2026-07-21T02:45:00+0200,6971.43,MW,BE,BE,forecast_load,Forecasted Load,2026-07-27T14:54:27Z
2026-07-27T14:54:16Z,2026-07-27T16:54:16+0200,6e7a462e-9eec-47a6-a2b0-092174843598,2026-07-21T01:00:00Z,2026-07-21T03:00:00+0200,6952.01,MW,BE,BE,forecast_load,Forecasted Load,2026-07-27T14:54:27Z
2026-07-27T14:54:16Z,2026-07-27T16:54:16+0200,6e7a462e-9eec-47a6-a2b0-092174843598,2026-07-21T01:15:00Z,2026-07-21T03:15:00+0200,6935.71,MW,BE,BE,forecast_load,Forecasted Load,2026-07-27T14:54:27Z
2026-07-27T14:54:16Z,2026-07-27T16:54:16+0200,6e7a462e-9eec-47a6-a2b0-092174843598,2026-07-21T01:30:00Z,2026-07-21T03:30:00+0200,6898.3,MW,BE,BE,forecast_load,Forecasted Load,2026-07-27T14:54:27Z
2026-07-27T14:54:16Z,2026-07-27T16:54:16+0200,6e7a462e-9eec-47a6-a2b0-092174843598,2026-07-21T01:45:00Z,2026-07-21T03:45:00+0200,6880.53,MW,BE,BE,forecast_load,Forecasted Load,2026-07-27T14:54:27Z
2026-07-27T14:54:16Z,2026-07-27T16:54:16+0200,6e7a462e-9eec-47a6-a2b0-092174843598,2026-07-21T02:00:00Z,2026-07-21T04:00:00+0200,6865.76,MW,BE,BE,forecast_load,Forecasted Load,2026-07-27T14:54:27Z
2026-07-27T14:54:16Z,2026-07-27T16:54:16+0200,6e7a462e-9eec-47a6-a2b0-092174843598,2026-07-21T02:15:00Z,2026-07-21T04:15:00+0200,6859.96,MW,BE,BE,forecast_load,Forecasted Load,2026-07-27T14:54:27Z
2026-07-27T14:54:16Z,2026-07-27T16:54:16+0200,6e7a462e-9eec-47a6-a2b0-092174843598,2026-07-21T02:30:00Z,2026-07-21T04:30:00+0200,6842.08,MW,BE,BE,forecast_load,Forecasted Load,2026-07-27T14:54:27Z
2026-07-27T14:54:16Z,2026-07-27T16:54:16+0200,6e7a462e-9eec-47a6-a2b0-092174843598,2026-07-21T02:45:00Z,2026-07-21T04:45:00+0200,6830.8,MW,BE,BE,forecast_load,Forecasted Load,2026-07-27T14:54:27Z
2026-07-27T14:54:16Z,2026-07-27T16:54:16+0200,6e7a462e-9eec-47a6-a2b0-092174843598,2026-07-21T03:00:00Z,2026-07-21T05:00:00+0200,6811.79,MW,BE,BE,forecast_load,Forecasted Load,2026-07-27T14:54:27Z
2026-07-27T14:54:16Z,2026-07-27T16:54:16+0200,6e7a462e-9eec-47a6-a2b0-092174843598,2026-07-21T03:15:00Z,2026-07-21T05:15:00+0200,6804.38,MW,BE,BE,forecast_load,Forecasted Load,2026-07-27T14:54:27Z
2026-07-27T14:54:16Z,2026-07-27T16:54:16+0200,6e7a462e-9eec-47a6-a2b0-092174843598,2026-07-21T03:30:00Z,2026-07-21T05:30:00+0200,6776.45,MW,BE,BE,forecast_load,Forecasted Load,2026-07-27T14:54:27Z
2026-07-27T14:54:16Z,2026-07-27T16:54:16+0200,6e7a462e-9eec-47a6-a2b0-092174843598,2026-07-21T03:45:00Z,2026-07-21T05:45:00+0200,6775.29,MW,BE,BE,forecast_load,Forecasted Load,2026-07-27T14:54:27Z
2026-07-27T14:54:16Z,2026-07-27T16:54:16+0200,6e7a462e-9eec-47a6-a2b0-092174843598,2026-07-21T04:00:00Z,2026-07-21T06:00:00+0200,6779.34,MW,BE,BE,forecast_load,Forecasted Load,2026-07-27T14:54:27Z
2026-07-27T14:54:16Z,2026-07-27T16:54:16+0200,6e7a462e-9eec-47a6-a2b0-092174843598,2026-07-21T04:15:00Z,2026-07-21T06:15:00+0200,6818.15,MW,BE,BE,forecast_load,Forecasted Load,2026-07-27T14:54:27Z
2026-07-27T14:54:16Z,2026-07-27T16:54:16+0200,6e7a462e-9eec-47a6-a2b0-092174843598,2026-07-21T04:30:00Z,2026-07-21T06:30:00+0200,6869.39,MW,BE,BE,forecast_load,Forecasted Load,2026-07-27T14:54:27Z
2026-07-27T14:54:16Z,2026-07-27T16:54:16+0200,6e7a462e-9eec-47a6-a2b0-092174843598,2026-07-21T04:45:00Z,2026-07-21T06:45:00+0200,6938.77,MW,BE,BE,forecast_load,Forecasted Load,2026-07-27T14:54:27Z
2026-07-27T14:54:16Z,2026-07-27T16:54:16+0200,6e7a462e-9eec-47a6-a2b0-092174843598,2026-07-21T05:00:00Z,2026-07-21T07:00:00+0200,7014.69,MW,BE,BE,forecast_load,Forecasted Load,2026-07-27T14:54:27Z
2026-07-27T14:54:16Z,2026-07-27T16:54:16+0200,6e7a462e-9eec-47a6-a2b0-092174843598,2026-07-21T05:15:00Z,2026-07-21T07:15:00+0200,7092.03,MW,BE,BE,forecast_load,Forecasted Load,2026-07-27T14:54:27Z
2026-07-27T14:54:16Z,2026-07-27T16:54:16+0200,6e7a462e-9eec-47a6-a2b0-092174843598,2026-07-21T05:30:00Z,2026-07-21T07:30:00+0200,7175.89,MW,BE,BE,forecast_load,Forecasted Load,2026-07-27T14:54:27Z
2026-07-27T14:54:16Z,2026-07-27T16:54:16+0200,6e7a462e-9eec-47a6-a2b0-092174843598,2026-07-21T05:45:00Z,2026-07-21T07:45:00+0200,7275.01,MW,BE,BE,forecast_load,Forecasted Load,2026-07-27T14:54:27Z
2026-07-27T14:54:16Z,2026-07-27T16:54:16+0200,6e7a462e-9eec-47a6-a2b0-092174843598,2026-07-21T06:00:00Z,2026-07-21T08:00:00+0200,7375.21,MW,BE,BE,forecast_load,Forecasted Load,2026-07-27T14:54:27Z
2026-07-27T14:54:16Z,2026-07-27T16:54:16+0200,6e7a462e-9eec-47a6-a2b0-092174843598,2026-07-21T06:15:00Z,2026-07-21T08:15:00+0200,7486.26,MW,BE,BE,forecast_load,Forecasted Load,2026-07-27T14:54:27Z
2026-07-27T14:54:16Z,2026-07-27T16:54:16+0200,6e7a462e-9eec-47a6-a2b0-092174843598,2026-07-21T06:30:00Z,2026-07-21T08:30:00+0200,7596.54,MW,BE,BE,forecast_load,Forecasted Load,2026-07-27T14:54:27Z
2026-07-27T14:54:16Z,2026-07-27T16:54:16+0200,6e7a462e-9eec-47a6-a2b0-092174843598,2026-07-21T06:45:00Z,2026-07-21T08:45:00+0200,7702.82,MW,BE,BE,forecast_load,Forecasted Load,2026-07-27T14:54:27Z
2026-07-27T14:54:16Z,2026-07-27T16:54:16+0200,6e7a462e-9eec-47a6-a2b0-092174843598,2026-07-21T07:00:00Z,2026-07-21T09:00:00+0200,7812.82,MW,BE,BE,forecast_load,Forecasted Load,2026-07-27T14:54:27Z
2026-07-27T14:54:16Z,2026-07-27T16:54:16+0200,6e7a462e-9eec-47a6-a2b0-092174843598,2026-07-21T07:15:00Z,2026-07-21T09:15:00+0200,7953.78,MW,BE,BE,forecast_load,Forecasted Load,2026-07-27T14:54:27Z
2026-07-27T14:54:16Z,2026-07-27T16:54:16+0200,6e7a462e-9eec-47a6-a2b0-092174843598,2026-07-21T07:30:00Z,2026-07-21T09:30:00+0200,8091.24,MW,BE,BE,forecast_load,Forecasted Load,2026-07-27T14:54:27Z
2026-07-27T14:54:16Z,2026-07-27T16:54:16+0200,6e7a462e-9eec-47a6-a2b0-092174843598,2026-07-21T07:45:00Z,2026-07-21T09:45:00+0200,8069.86,MW,BE,BE,forecast_load,Forecasted Load,2026-07-27T14:54:27Z
2026-07-27T14:54:16Z,2026-07-27T16:54:16+0200,6e7a462e-9eec-47a6-a2b0-092174843598,2026-07-21T08:00:00Z,2026-07-21T10:00:00+0200,8048.76,MW,BE,BE,forecast_load,Forecasted Load,2026-07-27T14:54:27Z
2026-07-27T14:54:16Z,2026-07-27T16:54:16+0200,6e7a462e-9eec-47a6-a2b0-092174843598,2026-07-21T08:15:00Z,2026-07-21T10:15:00+0200,8049.79,MW,BE,BE,forecast_load,Forecasted Load,2026-07-27T14:54:27Z
2026-07-27T14:54:16Z,2026-07-27T16:54:16+0200,6e7a462e-9eec-47a6-a2b0-092174843598,2026-07-21T08:30:00Z,2026-07-21T10:30:00+0200,8211.52,MW,BE,BE,forecast_load,Forecasted Load,2026-07-27T14:54:27Z
2026-07-27T14:54:16Z,2026-07-27T16:54:16+0200,6e7a462e-9eec-47a6-a2b0-092174843598,2026-07-21T08:45:00Z,2026-07-21T10:45:00+0200,8192.34,MW,BE,BE,forecast_load,Forecasted Load,2026-07-27T14:54:27Z
2026-07-27T14:54:16Z,2026-07-27T16:54:16+0200,6e7a462e-9eec-47a6-a2b0-092174843598,2026-07-21T09:00:00Z,2026-07-21T11:00:00+0200,8177.45,MW,BE,BE,forecast_load,Forecasted Load,2026-07-27T14:54:27Z
2026-07-27T14:54:16Z,2026-07-27T16:54:16+0200,6e7a462e-9eec-47a6-a2b0-092174843598,2026-07-21T09:15:00Z,2026-07-21T11:15:00+0200,8166.64,MW,BE,BE,forecast_load,Forecasted Load,2026-07-27T14:54:27Z
2026-07-27T14:54:16Z,2026-07-27T16:54:16+0200,6e7a462e-9eec-47a6-a2b0-092174843598,2026-07-21T09:30:00Z,2026-07-21T11:30:00+0200,8295.32,MW,BE,BE,forecast_load,Forecasted Load,2026-07-27T14:54:27Z
2026-07-27T14:54:16Z,2026-07-27T16:54:16+0200,6e7a462e-9eec-47a6-a2b0-092174843598,2026-07-21T09:45:00Z,2026-07-21T11:45:00+0200,8347.39,MW,BE,BE,forecast_load,Forecasted Load,2026-07-27T14:54:27Z
2026-07-27T14:54:16Z,2026-07-27T16:54:16+0200,6e7a462e-9eec-47a6-a2b0-092174843598,2026-07-21T10:00:00Z,2026-07-21T12:00:00+0200,8347.95,MW,BE,BE,forecast_load,Forecasted Load,2026-07-27T14:54:27Z
2026-07-27T14:54:16Z,2026-07-27T16:54:16+0200,6e7a462e-9eec-47a6-a2b0-092174843598,2026-07-21T10:15:00Z,2026-07-21T12:15:00+0200,8313.01,MW,BE,BE,forecast_load,Forecasted Load,2026-07-27T14:54:27Z
2026-07-27T14:54:16Z,2026-07-27T16:54:16+0200,6e7a462e-9eec-47a6-a2b0-092174843598,2026-07-21T10:30:00Z,2026-07-21T12:30:00+0200,8316.32,MW,BE,BE,forecast_load,Forecasted Load,2026-07-27T14:54:27Z
2026-07-27T14:54:16Z,2026-07-27T16:54:16+0200,6e7a462e-9eec-47a6-a2b0-092174843598,2026-07-21T10:45:00Z,2026-07-21T12:45:00+0200,8239.81,MW,BE,BE,forecast_load,Forecasted Load,2026-07-27T14:54:27Z
2026-07-27T14:54:16Z,2026-07-27T16:54:16+0200,6e7a462e-9eec-47a6-a2b0-092174843598,2026-07-21T11:00:00Z,2026-07-21T13:00:00+0200,8174.85,MW,BE,BE,forecast_load,Forecasted Load,2026-07-27T14:54:27Z
2026-07-27T14:54:16Z,2026-07-27T16:54:16+0200,6e7a462e-9eec-47a6-a2b0-092174843598,2026-07-21T11:15:00Z,2026-07-21T13:15:00+0200,8106.33,MW,BE,BE,forecast_load,Forecasted Load,2026-07-27T14:54:27Z
2026-07-27T14:54:16Z,2026-07-27T16:54:16+0200,6e7a462e-9eec-47a6-a2b0-092174843598,2026-07-21T11:30:00Z,2026-07-21T13:30:00+0200,8092.22,MW,BE,BE,forecast_load,Forecasted Load,2026-07-27T14:54:27Z
2026-07-27T14:54:16Z,2026-07-27T16:54:16+0200,6e7a462e-9eec-47a6-a2b0-092174843598,2026-07-21T11:45:00Z,2026-07-21T13:45:00+0200,8048.28,MW,BE,BE,forecast_load,Forecasted Load,2026-07-27T14:54:27Z
2026-07-27T14:54:16Z,2026-07-27T16:54:16+0200,6e7a462e-9eec-47a6-a2b0-092174843598,2026-07-21T12:00:00Z,2026-07-21T14:00:00+0200,7972.21,MW,BE,BE,forecast_load,Forecasted Load,2026-07-27T14:54:27Z
2026-07-27T14:54:16Z,2026-07-27T16:54:16+0200,6e7a462e-9eec-47a6-a2b0-092174843598,2026-07-21T12:15:00Z,2026-07-21T14:15:00+0200,7911.66,MW,BE,BE,forecast_load,Forecasted Load,2026-07-27T14:54:27Z
2026-07-27T14:54:16Z,2026-07-27T16:54:16+0200,6e7a462e-9eec-47a6-a2b0-092174843598,2026-07-21T12:30:00Z,2026-07-21T14:30:00+0200,7864.09,MW,BE,BE,forecast_load,Forecasted Load,2026-07-27T14:54:27Z
2026-07-27T14:54:16Z,2026-07-27T16:54:16+0200,6e7a462e-9eec-47a6-a2b0-092174843598,2026-07-21T12:45:00Z,2026-07-21T14:45:00+0200,7874.08,MW,BE,BE,forecast_load,Forecasted Load,2026-07-27T14:54:27Z
2026-07-27T14:54:16Z,2026-07-27T16:54:16+0200,6e7a462e-9eec-47a6-a2b0-092174843598,2026-07-21T13:00:00Z,2026-07-21T15:00:00+0200,7848.77,MW,BE,BE,forecast_load,Forecasted Load,2026-07-27T14:54:27Z
2026-07-27T14:54:16Z,2026-07-27T16:54:16+0200,6e7a462e-9eec-47a6-a2b0-092174843598,2026-07-21T13:15:00Z,2026-07-21T15:15:00+0200,7799.84,MW,BE,BE,forecast_load,Forecasted Load,2026-07-27T14:54:27Z
2026-07-27T14:54:16Z,2026-07-27T16:54:16+0200,6e7a462e-9eec-47a6-a2b0-092174843598,2026-07-21T13:30:00Z,2026-07-21T15:30:00+0200,7705.47,MW,BE,BE,forecast_load,Forecasted Load,2026-07-27T14:54:27Z
2026-07-27T14:54:16Z,2026-07-27T16:54:16+0200,6e7a462e-9eec-47a6-a2b0-092174843598,2026-07-21T13:45:00Z,2026-07-21T15:45:00+0200,7701.56,MW,BE,BE,forecast_load,Forecasted Load,2026-07-27T14:54:27Z
2026-07-27T14:54:16Z,2026-07-27T16:54:16+0200,6e7a462e-9eec-47a6-a2b0-092174843598,2026-07-21T14:00:00Z,2026-07-21T16:00:00+0200,7714.95,MW,BE,BE,forecast_load,Forecasted Load,2026-07-27T14:54:27Z
2026-07-27T14:54:16Z,2026-07-27T16:54:16+0200,6e7a462e-9eec-47a6-a2b0-092174843598,2026-07-21T14:15:00Z,2026-07-21T16:15:00+0200,7737.33,MW,BE,BE,forecast_load,Forecasted Load,2026-07-27T14:54:27Z
2026-07-27T14:54:16Z,2026-07-27T16:54:16+0200,6e7a462e-9eec-47a6-a2b0-092174843598,2026-07-21T14:30:00Z,2026-07-21T16:30:00+0200,7692.85,MW,BE,BE,forecast_load,Forecasted Load,2026-07-27T14:54:27Z
2026-07-27T14:54:16Z,2026-07-27T16:54:16+0200,6e7a462e-9eec-47a6-a2b0-092174843598,2026-07-21T14:45:00Z,2026-07-21T16:45:00+0200,7721.59,MW,BE,BE,forecast_load,Forecasted Load,2026-07-27T14:54:27Z
2026-07-27T14:54:16Z,2026-07-27T16:54:16+0200,6e7a462e-9eec-47a6-a2b0-092174843598,2026-07-21T15:00:00Z,2026-07-21T17:00:00+0200,7737.47,MW,BE,BE,forecast_load,Forecasted Load,2026-07-27T14:54:27Z
2026-07-27T14:54:16Z,2026-07-27T16:54:16+0200,6e7a462e-9eec-47a6-a2b0-092174843598,2026-07-21T15:15:00Z,2026-07-21T17:15:00+0200,7781.99,MW,BE,BE,forecast_load,Forecasted Load,2026-07-27T14:54:27Z
2026-07-27T14:54:16Z,2026-07-27T16:54:16+0200,6e7a462e-9eec-47a6-a2b0-092174843598,2026-07-21T15:30:00Z,2026-07-21T17:30:00+0200,7762.25,MW,BE,BE,forecast_load,Forecasted Load,2026-07-27T14:54:27Z
2026-07-27T14:54:16Z,2026-07-27T16:54:16+0200,6e7a462e-9eec-47a6-a2b0-092174843598,2026-07-21T15:45:00Z,2026-07-21T17:45:00+0200,7839.8,MW,BE,BE,forecast_load,Forecasted Load,2026-07-27T14:54:27Z
2026-07-27T14:54:16Z,2026-07-27T16:54:16+0200,6e7a462e-9eec-47a6-a2b0-092174843598,2026-07-21T16:00:00Z,2026-07-21T18:00:00+0200,7900.78,MW,BE,BE,forecast_load,Forecasted Load,2026-07-27T14:54:27Z
2026-07-27T14:54:16Z,2026-07-27T16:54:16+0200,6e7a462e-9eec-47a6-a2b0-092174843598,2026-07-21T16:15:00Z,2026-07-21T18:15:00+0200,8003.7,MW,BE,BE,forecast_load,Forecasted Load,2026-07-27T14:54:27Z
2026-07-27T14:54:16Z,2026-07-27T16:54:16+0200,6e7a462e-9eec-47a6-a2b0-092174843598,2026-07-21T16:30:00Z,2026-07-21T18:30:00+0200,8008.14,MW,BE,BE,forecast_load,Forecasted Load,2026-07-27T14:54:27Z
2026-07-27T14:54:16Z,2026-07-27T16:54:16+0200,6e7a462e-9eec-47a6-a2b0-092174843598,2026-07-21T16:45:00Z,2026-07-21T18:45:00+0200,8074.6,MW,BE,BE,forecast_load,Forecasted Load,2026-07-27T14:54:27Z
2026-07-27T14:54:16Z,2026-07-27T16:54:16+0200,6e7a462e-9eec-47a6-a2b0-092174843598,2026-07-21T17:00:00Z,2026-07-21T19:00:00+0200,8120.73,MW,BE,BE,forecast_load,Forecasted Load,2026-07-27T14:54:27Z
2026-07-27T14:54:16Z,2026-07-27T16:54:16+0200,6e7a462e-9eec-47a6-a2b0-092174843598,2026-07-21T17:15:00Z,2026-07-21T19:15:00+0200,8203.93,MW,BE,BE,forecast_load,Forecasted Load,2026-07-27T14:54:27Z
2026-07-27T14:54:16Z,2026-07-27T16:54:16+0200,6e7a462e-9eec-47a6-a2b0-092174843598,2026-07-21T17:30:00Z,2026-07-21T19:30:00+0200,8236.15,MW,BE,BE,forecast_load,Forecasted Load,2026-07-27T14:54:27Z
2026-07-27T14:54:16Z,2026-07-27T16:54:16+0200,6e7a462e-9eec-47a6-a2b0-092174843598,2026-07-21T17:45:00Z,2026-07-21T19:45:00+0200,8245.46,MW,BE,BE,forecast_load,Forecasted Load,2026-07-27T14:54:27Z
2026-07-27T14:54:16Z,2026-07-27T16:54:16+0200,6e7a462e-9eec-47a6-a2b0-092174843598,2026-07-21T18:00:00Z,2026-07-21T20:00:00+0200,8218.05,MW,BE,BE,forecast_load,Forecasted Load,2026-07-27T14:54:27Z
2026-07-27T14:54:16Z,2026-07-27T16:54:16+0200,6e7a462e-9eec-47a6-a2b0-092174843598,2026-07-21T18:15:00Z,2026-07-21T20:15:00+0200,8179.19,MW,BE,BE,forecast_load,Forecasted Load,2026-07-27T14:54:27Z
2026-07-27T14:54:16Z,2026-07-27T16:54:16+0200,6e7a462e-9eec-47a6-a2b0-092174843598,2026-07-21T18:30:00Z,2026-07-21T20:30:00+0200,8132.51,MW,BE,BE,forecast_load,Forecasted Load,2026-07-27T14:54:27Z
2026-07-27T14:54:16Z,2026-07-27T16:54:16+0200,6e7a462e-9eec-47a6-a2b0-092174843598,2026-07-21T18:45:00Z,2026-07-21T20:45:00+0200,8123.98,MW,BE,BE,forecast_load,Forecasted Load,2026-07-27T14:54:27Z
2026-07-27T14:54:16Z,2026-07-27T16:54:16+0200,6e7a462e-9eec-47a6-a2b0-092174843598,2026-07-21T19:00:00Z,2026-07-21T21:00:00+0200,8105.52,MW,BE,BE,forecast_load,Forecasted Load,2026-07-27T14:54:27Z
2026-07-27T14:54:16Z,2026-07-27T16:54:16+0200,6e7a462e-9eec-47a6-a2b0-092174843598,2026-07-21T19:15:00Z,2026-07-21T21:15:00+0200,8098.44,MW,BE,BE,forecast_load,Forecasted Load,2026-07-27T14:54:27Z
2026-07-27T14:54:16Z,2026-07-27T16:54:16+0200,6e7a462e-9eec-47a6-a2b0-092174843598,2026-07-21T19:30:00Z,2026-07-21T21:30:00+0200,8067.17,MW,BE,BE,forecast_load,Forecasted Load,2026-07-27T14:54:27Z
2026-07-27T14:54:16Z,2026-07-27T16:54:16+0200,6e7a462e-9eec-47a6-a2b0-092174843598,2026-07-21T19:45:00Z,2026-07-21T21:45:00+0200,8078.34,MW,BE,BE,forecast_load,Forecasted Load,2026-07-27T14:54:27Z
2026-07-27T14:54:16Z,2026-07-27T16:54:16+0200,6e7a462e-9eec-47a6-a2b0-092174843598,2026-07-21T20:00:00Z,2026-07-21T22:00:00+0200,8117.0,MW,BE,BE,forecast_load,Forecasted Load,2026-07-27T14:54:27Z
2026-07-27T14:54:16Z,2026-07-27T16:54:16+0200,6e7a462e-9eec-47a6-a2b0-092174843598,2026-07-21T20:15:00Z,2026-07-21T22:15:00+0200,8141.0,MW,BE,BE,forecast_load,Forecasted Load,2026-07-27T14:54:27Z
2026-07-27T14:54:16Z,2026-07-27T16:54:16+0200,6e7a462e-9eec-47a6-a2b0-092174843598,2026-07-21T20:30:00Z,2026-07-21T22:30:00+0200,8091.95,MW,BE,BE,forecast_load,Forecasted Load,2026-07-27T14:54:27Z
2026-07-27T14:54:16Z,2026-07-27T16:54:16+0200,6e7a462e-9eec-47a6-a2b0-092174843598,2026-07-21T20:45:00Z,2026-07-21T22:45:00+0200,8008.61,MW,BE,BE,forecast_load,Forecasted Load,2026-07-27T14:54:27Z
2026-07-27T14:54:16Z,2026-07-27T16:54:16+0200,6e7a462e-9eec-47a6-a2b0-092174843598,2026-07-21T21:00:00Z,2026-07-21T23:00:00+0200,7924.4,MW,BE,BE,forecast_load,Forecasted Load,2026-07-27T14:54:27Z
2026-07-27T14:54:16Z,2026-07-27T16:54:16+0200,6e7a462e-9eec-47a6-a2b0-092174843598,2026-07-21T21:15:00Z,2026-07-21T23:15:00+0200,7872.24,MW,BE,BE,forecast_load,Forecasted Load,2026-07-27T14:54:27Z
2026-07-27T14:54:16Z,2026-07-27T16:54:16+0200,6e7a462e-9eec-47a6-a2b0-092174843598,2026-07-21T21:30:00Z,2026-07-21T23:30:00+0200,7801.54,MW,BE,BE,forecast_load,Forecasted Load,2026-07-27T14:54:27Z
2026-07-27T14:54:16Z,2026-07-27T16:54:16+0200,6e7a462e-9eec-47a6-a2b0-092174843598,2026-07-21T21:45:00Z,2026-07-21T23:45:00+0200,7638.74,MW,BE,BE,forecast_load,Forecasted Load,2026-07-27T14:54:27Z
2026-07-27T14:54:16Z,2026-07-27T16:54:16+0200,6e7a462e-9eec-47a6-a2b0-092174843598,2026-07-21T22:00:00Z,2026-07-22T00:00:00+0200,7519.09,MW,BE,BE,forecast_load,Forecasted Load,2026-07-27T14:54:27Z
2026-07-27T14:54:16Z,2026-07-27T16:54:16+0200,6e7a462e-9eec-47a6-a2b0-092174843598,2026-07-21T22:15:00Z,2026-07-22T00:15:00+0200,7358.61,MW,BE,BE,forecast_load,Forecasted Load,2026-07-27T14:54:27Z
2026-07-27T14:54:16Z,2026-07-27T16:54:16+0200,6e7a462e-9eec-47a6-a2b0-092174843598,2026-07-21T22:30:00Z,2026-07-22T00:30:00+0200,7305.3,MW,BE,BE,forecast_load,Forecasted Load,2026-07-27T14:54:27Z
2026-07-27T14:54:16Z,2026-07-27T16:54:16+0200,6e7a462e-9eec-47a6-a2b0-092174843598,2026-07-21T22:45:00Z,2026-07-22T00:45:00+0200,7220.16,MW,BE,BE,forecast_load,Forecasted Load,2026-07-27T14:54:27Z
2026-07-27T14:54:16Z,2026-07-27T16:54:16+0200,6e7a462e-9eec-47a6-a2b0-092174843598,2026-07-21T23:00:00Z,2026-07-22T01:00:00+0200,7136.06,MW,BE,BE,forecast_load,Forecasted Load,2026-07-27T14:54:27Z
2026-07-27T14:54:16Z,2026-07-27T16:54:16+0200,6e7a462e-9eec-47a6-a2b0-092174843598,2026-07-21T23:15:00Z,2026-07-22T01:15:00+0200,7056.68,MW,BE,BE,forecast_load,Forecasted Load,2026-07-27T14:54:27Z
2026-07-27T14:54:16Z,2026-07-27T16:54:16+0200,6e7a462e-9eec-47a6-a2b0-092174843598,2026-07-21T23:30:00Z,2026-07-22T01:30:00+0200,7003.17,MW,BE,BE,forecast_load,Forecasted Load,2026-07-27T14:54:27Z
2026-07-27T14:54:16Z,2026-07-27T16:54:16+0200,6e7a462e-9eec-47a6-a2b0-092174843598,2026-07-21T23:45:00Z,2026-07-22T01:45:00+0200,6968.66,MW,BE,BE,forecast_load,Forecasted Load,2026-07-27T14:54:27Z
2026-07-27T14:54:16Z,2026-07-27T16:54:16+0200,6e7a462e-9eec-47a6-a2b0-092174843598,2026-07-22T00:00:00Z,2026-07-22T02:00:00+0200,6992.74,MW,BE,BE,forecast_load,Forecasted Load,2026-07-27T14:54:27Z
2026-07-27T14:54:16Z,2026-07-27T16:54:16+0200,6e7a462e-9eec-47a6-a2b0-092174843598,2026-07-22T00:15:00Z,2026-07-22T02:15:00+0200,6959.25,MW,BE,BE,forecast_load,Forecasted Load,2026-07-27T14:54:27Z
2026-07-27T14:54:16Z,2026-07-27T16:54:16+0200,6e7a462e-9eec-47a6-a2b0-092174843598,2026-07-22T00:30:00Z,2026-07-22T02:30:00+0200,6940.03,MW,BE,BE,forecast_load,Forecasted Load,2026-07-27T14:54:27Z
2026-07-27T14:54:16Z,2026-07-27T16:54:16+0200,6e7a462e-9eec-47a6-a2b0-092174843598,2026-07-22T00:45:00Z,2026-07-22T02:45:00+0200,6897.65,MW,BE,BE,forecast_load,Forecasted Load,2026-07-27T14:54:27Z
2026-07-27T14:54:16Z,2026-07-27T16:54:16+0200,6e7a462e-9eec-47a6-a2b0-092174843598,2026-07-22T01:00:00Z,2026-07-22T03:00:00+0200,6872.02,MW,BE,BE,forecast_load,Forecasted Load,2026-07-27T14:54:27Z
2026-07-27T14:54:16Z,2026-07-27T16:54:16+0200,6e7a462e-9eec-47a6-a2b0-092174843598,2026-07-22T01:15:00Z,2026-07-22T03:15:00+0200,6861.93,MW,BE,BE,forecast_load,Forecasted Load,2026-07-27T14:54:27Z
2026-07-27T14:54:16Z,2026-07-27T16:54:16+0200,6e7a462e-9eec-47a6-a2b0-092174843598,2026-07-22T01:30:00Z,2026-07-22T03:30:00+0200,6850.65,MW,BE,BE,forecast_load,Forecasted Load,2026-07-27T14:54:27Z
2026-07-27T14:54:16Z,2026-07-27T16:54:16+0200,6e7a462e-9eec-47a6-a2b0-092174843598,2026-07-22T01:45:00Z,2026-07-22T03:45:00+0200,6834.94,MW,BE,BE,forecast_load,Forecasted Load,2026-07-27T14:54:27Z
2026-07-27T14:54:16Z,2026-07-27T16:54:16+0200,6e7a462e-9eec-47a6-a2b0-092174843598,2026-07-22T02:00:00Z,2026-07-22T04:00:00+0200,7023.74,MW,BE,BE,forecast_load,Forecasted Load,2026-07-27T14:54:27Z
2026-07-27T14:54:16Z,2026-07-27T16:54:16+0200,6e7a462e-9eec-47a6-a2b0-092174843598,2026-07-22T02:15:00Z,2026-07-22T04:15:00+0200,7009.53,MW,BE,BE,forecast_load,Forecasted Load,2026-07-27T14:54:27Z
2026-07-27T14:54:16Z,2026-07-27T16:54:16+0200,6e7a462e-9eec-47a6-a2b0-092174843598,2026-07-22T02:30:00Z,2026-07-22T04:30:00+0200,7017.88,MW,BE,BE,forecast_load,Forecasted Load,2026-07-27T14:54:27Z
2026-07-27T14:54:16Z,2026-07-27T16:54:16+0200,6e7a462e-9eec-47a6-a2b0-092174843598,2026-07-22T02:45:00Z,2026-07-22T04:45:00+0200,7039.93,MW,BE,BE,forecast_load,Forecasted Load,2026-07-27T14:54:27Z
2026-07-27T14:54:16Z,2026-07-27T16:54:16+0200,6e7a462e-9eec-47a6-a2b0-092174843598,2026-07-22T03:00:00Z,2026-07-22T05:00:00+0200,7333.17,MW,BE,BE,forecast_load,Forecasted Load,2026-07-27T14:54:27Z
2026-07-27T14:54:16Z,2026-07-27T16:54:16+0200,6e7a462e-9eec-47a6-a2b0-092174843598,2026-07-22T03:15:00Z,2026-07-22T05:15:00+0200,7350.96,MW,BE,BE,forecast_load,Forecasted Load,2026-07-27T14:54:27Z
2026-07-27T14:54:16Z,2026-07-27T16:54:16+0200,6e7a462e-9eec-47a6-a2b0-092174843598,2026-07-22T03:30:00Z,2026-07-22T05:30:00+0200,7350.61,MW,BE,BE,forecast_load,Forecasted Load,2026-07-27T14:54:27Z
2026-07-27T14:54:16Z,2026-07-27T16:54:16+0200,6e7a462e-9eec-47a6-a2b0-092174843598,2026-07-22T03:45:00Z,2026-07-22T05:45:00+0200,7400.82,MW,BE,BE,forecast_load,Forecasted Load,2026-07-27T14:54:27Z
2026-07-27T14:54:16Z,2026-07-27T16:54:16+0200,6e7a462e-9eec-47a6-a2b0-092174843598,2026-07-22T04:00:00Z,2026-07-22T06:00:00+0200,7840.43,MW,BE,BE,forecast_load,Forecasted Load,2026-07-27T14:54:27Z
2026-07-27T14:54:16Z,2026-07-27T16:54:16+0200,6e7a462e-9eec-47a6-a2b0-092174843598,2026-07-22T04:15:00Z,2026-07-22T06:15:00+0200,8028.28,MW,BE,BE,forecast_load,Forecasted Load,2026-07-27T14:54:27Z
2026-07-27T14:54:16Z,2026-07-27T16:54:16+0200,6e7a462e-9eec-47a6-a2b0-092174843598,2026-07-22T04:30:00Z,2026-07-22T06:30:00+0200,8196.3,MW,BE,BE,forecast_load,Forecasted Load,2026-07-27T14:54:27Z
2026-07-27T14:54:16Z,2026-07-27T16:54:16+0200,6e7a462e-9eec-47a6-a2b0-092174843598,2026-07-22T04:45:00Z,2026-07-22T06:45:00+0200,8341.87,MW,BE,BE,forecast_load,Forecasted Load,2026-07-27T14:54:27Z
2026-07-27T14:54:16Z,2026-07-27T16:54:16+0200,6e7a462e-9eec-47a6-a2b0-092174843598,2026-07-22T05:00:00Z,2026-07-22T07:00:00+0200,8710.12,MW,BE,BE,forecast_load,Forecasted Load,2026-07-27T14:54:27Z
2026-07-27T14:54:16Z,2026-07-27T16:54:16+0200,6e7a462e-9eec-47a6-a2b0-092174843598,2026-07-22T05:15:00Z,2026-07-22T07:15:00+0200,8879.55,MW,BE,BE,forecast_load,Forecasted Load,2026-07-27T14:54:27Z
2026-07-27T14:54:16Z,2026-07-27T16:54:16+0200,6e7a462e-9eec-47a6-a2b0-092174843598,2026-07-22T05:30:00Z,2026-07-22T07:30:00+0200,9071.52,MW,BE,BE,forecast_load,Forecasted Load,2026-07-27T14:54:27Z
2026-07-27T14:54:16Z,2026-07-27T16:54:16+0200,6e7a462e-9eec-47a6-a2b0-092174843598,2026-07-22T05:45:00Z,2026-07-22T07:45:00+0200,9233.31,MW,BE,BE,forecast_load,Forecasted Load,2026-07-27T14:54:27Z
2026-07-27T14:54:16Z,2026-07-27T16:54:16+0200,6e7a462e-9eec-47a6-a2b0-092174843598,2026-07-22T06:00:00Z,2026-07-22T08:00:00+0200,8884.76,MW,BE,BE,forecast_load,Forecasted Load,2026-07-27T14:54:27Z
2026-07-27T14:54:16Z,2026-07-27T16:54:16+0200,6e7a462e-9eec-47a6-a2b0-092174843598,2026-07-22T06:15:00Z,2026-07-22T08:15:00+0200,9025.22,MW,BE,BE,forecast_load,Forecasted Load,2026-07-27T14:54:27Z
2026-07-27T14:54:16Z,2026-07-27T16:54:16+0200,6e7a462e-9eec-47a6-a2b0-092174843598,2026-07-22T06:30:00Z,2026-07-22T08:30:00+0200,9171.09,MW,BE,BE,forecast_load,Forecasted Load,2026-07-27T14:54:27Z
2026-07-27T14:54:16Z,2026-07-27T16:54:16+0200,6e7a462e-9eec-47a6-a2b0-092174843598,2026-07-22T06:45:00Z,2026-07-22T08:45:00+0200,9323.23,MW,BE,BE,forecast_load,Forecasted Load,2026-07-27T14:54:27Z
2026-07-27T14:54:16Z,2026-07-27T16:54:16+0200,6e7a462e-9eec-47a6-a2b0-092174843598,2026-07-22T07:00:00Z,2026-07-22T09:00:00+0200,9352.25,MW,BE,BE,forecast_load,Forecasted Load,2026-07-27T14:54:27Z
2026-07-27T14:54:16Z,2026-07-27T16:54:16+0200,6e7a462e-9eec-47a6-a2b0-092174843598,2026-07-22T07:15:00Z,2026-07-22T09:15:00+0200,9440.15,MW,BE,BE,forecast_load,Forecasted Load,2026-07-27T14:54:27Z
2026-07-27T14:54:16Z,2026-07-27T16:54:16+0200,6e7a462e-9eec-47a6-a2b0-092174843598,2026-07-22T07:30:00Z,2026-07-22T09:30:00+0200,9560.02,MW,BE,BE,forecast_load,Forecasted Load,2026-07-27T14:54:27Z
2026-07-27T14:54:16Z,2026-07-27T16:54:16+0200,6e7a462e-9eec-47a6-a2b0-092174843598,2026-07-22T07:45:00Z,2026-07-22T09:45:00+0200,9659.04,MW,BE,BE,forecast_load,Forecasted Load,2026-07-27T14:54:27Z
2026-07-27T14:54:16Z,2026-07-27T16:54:16+0200,6e7a462e-9eec-47a6-a2b0-092174843598,2026-07-22T08:00:00Z,2026-07-22T10:00:00+0200,9660.99,MW,BE,BE,forecast_load,Forecasted Load,2026-07-27T14:54:27Z
2026-07-27T14:54:16Z,2026-07-27T16:54:16+0200,6e7a462e-9eec-47a6-a2b0-092174843598,2026-07-22T08:15:00Z,2026-07-22T10:15:00+0200,9710.74,MW,BE,BE,forecast_load,Forecasted Load,2026-07-27T14:54:27Z
2026-07-27T14:54:16Z,2026-07-27T16:54:16+0200,6e7a462e-9eec-47a6-a2b0-092174843598,2026-07-22T08:30:00Z,2026-07-22T10:30:00+0200,9746.59,MW,BE,BE,forecast_load,Forecasted Load,2026-07-27T14:54:27Z
2026-07-27T14:54:16Z,2026-07-27T16:54:16+0200,6e7a462e-9eec-47a6-a2b0-092174843598,2026-07-22T08:45:00Z,2026-07-22T10:45:00+0200,9807.0,MW,BE,BE,forecast_load,Forecasted Load,2026-07-27T14:54:27Z
2026-07-27T14:54:16Z,2026-07-27T16:54:16+0200,6e7a462e-9eec-47a6-a2b0-092174843598,2026-07-22T09:00:00Z,2026-07-22T11:00:00+0200,9748.52,MW,BE,BE,forecast_load,Forecasted Load,2026-07-27T14:54:27Z
2026-07-27T14:54:16Z,2026-07-27T16:54:16+0200,6e7a462e-9eec-47a6-a2b0-092174843598,2026-07-22T09:15:00Z,2026-07-22T11:15:00+0200,9787.69,MW,BE,BE,forecast_load,Forecasted Load,2026-07-27T14:54:27Z
2026-07-27T14:54:16Z,2026-07-27T16:54:16+0200,6e7a462e-9eec-47a6-a2b0-092174843598,2026-07-22T09:30:00Z,2026-07-22T11:30:00+0200,9864.14,MW,BE,BE,forecast_load,Forecasted Load,2026-07-27T14:54:27Z
2026-07-27T14:54:16Z,2026-07-27T16:54:16+0200,6e7a462e-9eec-47a6-a2b0-092174843598,2026-07-22T09:45:00Z,2026-07-22T11:45:00+0200,9962.15,MW,BE,BE,forecast_load,Forecasted Load,2026-07-27T14:54:27Z
2026-07-27T14:54:16Z,2026-07-27T16:54:16+0200,6e7a462e-9eec-47a6-a2b0-092174843598,2026-07-22T10:00:00Z,2026-07-22T12:00:00+0200,9781.36,MW,BE,BE,forecast_load,Forecasted Load,2026-07-27T14:54:27Z
2026-07-27T14:54:16Z,2026-07-27T16:54:16+0200,6e7a462e-9eec-47a6-a2b0-092174843598,2026-07-22T10:15:00Z,2026-07-22T12:15:00+0200,9753.87,MW,BE,BE,forecast_load,Forecasted Load,2026-07-27T14:54:27Z
2026-07-27T14:54:16Z,2026-07-27T16:54:16+0200,6e7a462e-9eec-47a6-a2b0-092174843598,2026-07-22T10:30:00Z,2026-07-22T12:30:00+0200,9750.55,MW,BE,BE,forecast_load,Forecasted Load,2026-07-27T14:54:27Z
2026-07-27T14:54:16Z,2026-07-27T16:54:16+0200,6e7a462e-9eec-47a6-a2b0-092174843598,2026-07-22T10:45:00Z,2026-07-22T12:45:00+0200,9796.99,MW,BE,BE,forecast_load,Forecasted Load,2026-07-27T14:54:27Z
2026-07-27T14:54:16Z,2026-07-27T16:54:16+0200,6e7a462e-9eec-47a6-a2b0-092174843598,2026-07-22T11:00:00Z,2026-07-22T13:00:00+0200,9761.79,MW,BE,BE,forecast_load,Forecasted Load,2026-07-27T14:54:27Z
2026-07-27T14:54:16Z,2026-07-27T16:54:16+0200,6e7a462e-9eec-47a6-a2b0-092174843598,2026-07-22T11:15:00Z,2026-07-22T13:15:00+0200,9788.05,MW,BE,BE,forecast_load,Forecasted Load,2026-07-27T14:54:27Z
2026-07-27T14:54:16Z,2026-07-27T16:54:16+0200,6e7a462e-9eec-47a6-a2b0-092174843598,2026-07-22T11:30:00Z,2026-07-22T13:30:00+0200,9805.47,MW,BE,BE,forecast_load,Forecasted Load,2026-07-27T14:54:27Z
2026-07-27T14:54:16Z,2026-07-27T16:54:16+0200,6e7a462e-9eec-47a6-a2b0-092174843598,2026-07-22T11:45:00Z,2026-07-22T13:45:00+0200,9735.08,MW,BE,BE,forecast_load,Forecasted Load,2026-07-27T14:54:27Z
2026-07-27T14:54:16Z,2026-07-27T16:54:16+0200,6e7a462e-9eec-47a6-a2b0-092174843598,2026-07-22T12:00:00Z,2026-07-22T14:00:00+0200,9679.05,MW,BE,BE,forecast_load,Forecasted Load,2026-07-27T14:54:27Z
2026-07-27T14:54:16Z,2026-07-27T16:54:16+0200,6e7a462e-9eec-47a6-a2b0-092174843598,2026-07-22T12:15:00Z,2026-07-22T14:15:00+0200,9648.2,MW,BE,BE,forecast_load,Forecasted Load,2026-07-27T14:54:27Z
2026-07-27T14:54:16Z,2026-07-27T16:54:16+0200,6e7a462e-9eec-47a6-a2b0-092174843598,2026-07-22T12:30:00Z,2026-07-22T14:30:00+0200,9592.93,MW,BE,BE,forecast_load,Forecasted Load,2026-07-27T14:54:27Z
2026-07-27T14:54:16Z,2026-07-27T16:54:16+0200,6e7a462e-9eec-47a6-a2b0-092174843598,2026-07-22T12:45:00Z,2026-07-22T14:45:00+0200,9519.63,MW,BE,BE,forecast_load,Forecasted Load,2026-07-27T14:54:27Z
2026-07-27T14:54:16Z,2026-07-27T16:54:16+0200,6e7a462e-9eec-47a6-a2b0-092174843598,2026-07-22T13:00:00Z,2026-07-22T15:00:00+0200,9576.32,MW,BE,BE,forecast_load,Forecasted Load,2026-07-27T14:54:27Z
2026-07-27T14:54:16Z,2026-07-27T16:54:16+0200,6e7a462e-9eec-47a6-a2b0-092174843598,2026-07-22T13:15:00Z,2026-07-22T15:15:00+0200,9475.12,MW,BE,BE,forecast_load,Forecasted Load,2026-07-27T14:54:27Z
2026-07-27T14:54:16Z,2026-07-27T16:54:16+0200,6e7a462e-9eec-47a6-a2b0-092174843598,2026-07-22T13:30:00Z,2026-07-22T15:30:00+0200,9375.7,MW,BE,BE,forecast_load,Forecasted Load,2026-07-27T14:54:27Z
2026-07-27T14:54:16Z,2026-07-27T16:54:16+0200,6e7a462e-9eec-47a6-a2b0-092174843598,2026-07-22T13:45:00Z,2026-07-22T15:45:00+0200,9289.69,MW,BE,BE,forecast_load,Forecasted Load,2026-07-27T14:54:27Z
2026-07-27T14:54:16Z,2026-07-27T16:54:16+0200,6e7a462e-9eec-47a6-a2b0-092174843598,2026-07-22T14:00:00Z,2026-07-22T16:00:00+0200,9377.75,MW,BE,BE,forecast_load,Forecasted Load,2026-07-27T14:54:27Z
2026-07-27T14:54:16Z,2026-07-27T16:54:16+0200,6e7a462e-9eec-47a6-a2b0-092174843598,2026-07-22T14:15:00Z,2026-07-22T16:15:00+0200,9259.86,MW,BE,BE,forecast_load,Forecasted Load,2026-07-27T14:54:27Z
2026-07-27T14:54:16Z,2026-07-27T16:54:16+0200,6e7a462e-9eec-47a6-a2b0-092174843598,2026-07-22T14:30:00Z,2026-07-22T16:30:00+0200,9232.13,MW,BE,BE,forecast_load,Forecasted Load,2026-07-27T14:54:27Z
2026-07-27T14:54:16Z,2026-07-27T16:54:16+0200,6e7a462e-9eec-47a6-a2b0-092174843598,2026-07-22T14:45:00Z,2026-07-22T16:45:00+0200,9203.1,MW,BE,BE,forecast_load,Forecasted Load,2026-07-27T14:54:27Z
2026-07-27T14:54:16Z,2026-07-27T16:54:16+0200,6e7a462e-9eec-47a6-a2b0-092174843598,2026-07-22T15:00:00Z,2026-07-22T17:00:00+0200,9399.04,MW,BE,BE,forecast_load,Forecasted Load,2026-07-27T14:54:27Z
2026-07-27T14:54:16Z,2026-07-27T16:54:16+0200,6e7a462e-9eec-47a6-a2b0-092174843598,2026-07-22T15:15:00Z,2026-07-22T17:15:00+0200,9329.78,MW,BE,BE,forecast_load,Forecasted Load,2026-07-27T14:54:27Z
2026-07-27T14:54:16Z,2026-07-27T16:54:16+0200,6e7a462e-9eec-47a6-a2b0-092174843598,2026-07-22T15:30:00Z,2026-07-22T17:30:00+0200,9344.82,MW,BE,BE,forecast_load,Forecasted Load,2026-07-27T14:54:27Z
2026-07-27T14:54:16Z,2026-07-27T16:54:16+0200,6e7a462e-9eec-47a6-a2b0-092174843598,2026-07-22T15:45:00Z,2026-07-22T17:45:00+0200,9317.17,MW,BE,BE,forecast_load,Forecasted Load,2026-07-27T14:54:27Z
2026-07-27T14:54:16Z,2026-07-27T16:54:16+0200,6e7a462e-9eec-47a6-a2b0-092174843598,2026-07-22T16:00:00Z,2026-07-22T18:00:00+0200,9446.45,MW,BE,BE,forecast_load,Forecasted Load,2026-07-27T14:54:27Z
2026-07-27T14:54:16Z,2026-07-27T16:54:16+0200,6e7a462e-9eec-47a6-a2b0-092174843598,2026-07-22T16:15:00Z,2026-07-22T18:15:00+0200,9389.91,MW,BE,BE,forecast_load,Forecasted Load,2026-07-27T14:54:27Z
2026-07-27T14:54:16Z,2026-07-27T16:54:16+0200,6e7a462e-9eec-47a6-a2b0-092174843598,2026-07-22T16:30:00Z,2026-07-22T18:30:00+0200,9359.94,MW,BE,BE,forecast_load,Forecasted Load,2026-07-27T14:54:27Z
2026-07-27T14:54:16Z,2026-07-27T16:54:16+0200,6e7a462e-9eec-47a6-a2b0-092174843598,2026-07-22T16:45:00Z,2026-07-22T18:45:00+0200,9299.22,MW,BE,BE,forecast_load,Forecasted Load,2026-07-27T14:54:27Z
2026-07-27T14:54:16Z,2026-07-27T16:54:16+0200,6e7a462e-9eec-47a6-a2b0-092174843598,2026-07-22T17:00:00Z,2026-07-22T19:00:00+0200,9247.6,MW,BE,BE,forecast_load,Forecasted Load,2026-07-27T14:54:27Z
2026-07-27T14:54:16Z,2026-07-27T16:54:16+0200,6e7a462e-9eec-47a6-a2b0-092174843598,2026-07-22T17:15:00Z,2026-07-22T19:15:00+0200,9154.76,MW,BE,BE,forecast_load,Forecasted Load,2026-07-27T14:54:27Z
2026-07-27T14:54:16Z,2026-07-27T16:54:16+0200,6e7a462e-9eec-47a6-a2b0-092174843598,2026-07-22T17:30:00Z,2026-07-22T19:30:00+0200,9105.26,MW,BE,BE,forecast_load,Forecasted Load,2026-07-27T14:54:27Z
2026-07-27T14:54:16Z,2026-07-27T16:54:16+0200,6e7a462e-9eec-47a6-a2b0-092174843598,2026-07-22T17:45:00Z,2026-07-22T19:45:00+0200,9071.69,MW,BE,BE,forecast_load,Forecasted Load,2026-07-27T14:54:27Z
2026-07-27T14:54:16Z,2026-07-27T16:54:16+0200,6e7a462e-9eec-47a6-a2b0-092174843598,2026-07-22T18:00:00Z,2026-07-22T20:00:00+0200,9034.37,MW,BE,BE,forecast_load,Forecasted Load,2026-07-27T14:54:27Z
2026-07-27T14:54:16Z,2026-07-27T16:54:16+0200,6e7a462e-9eec-47a6-a2b0-092174843598,2026-07-22T18:15:00Z,2026-07-22T20:15:00+0200,8947.34,MW,BE,BE,forecast_load,Forecasted Load,2026-07-27T14:54:27Z
2026-07-27T14:54:16Z,2026-07-27T16:54:16+0200,6e7a462e-9eec-47a6-a2b0-092174843598,2026-07-22T18:30:00Z,2026-07-22T20:30:00+0200,8858.13,MW,BE,BE,forecast_load,Forecasted Load,2026-07-27T14:54:27Z
2026-07-27T14:54:16Z,2026-07-27T16:54:16+0200,6e7a462e-9eec-47a6-a2b0-092174843598,2026-07-22T18:45:00Z,2026-07-22T20:45:00+0200,8797.09,MW,BE,BE,forecast_load,Forecasted Load,2026-07-27T14:54:27Z
2026-07-27T14:54:16Z,2026-07-27T16:54:16+0200,6e7a462e-9eec-47a6-a2b0-092174843598,2026-07-22T19:00:00Z,2026-07-22T21:00:00+0200,8824.8,MW,BE,BE,forecast_load,Forecasted Load,2026-07-27T14:54:27Z
2026-07-27T14:54:16Z,2026-07-27T16:54:16+0200,6e7a462e-9eec-47a6-a2b0-092174843598,2026-07-22T19:15:00Z,2026-07-22T21:15:00+0200,8747.58,MW,BE,BE,forecast_load,Forecasted Load,2026-07-27T14:54:27Z
2026-07-27T14:54:16Z,2026-07-27T16:54:16+0200,6e7a462e-9eec-47a6-a2b0-092174843598,2026-07-22T19:30:00Z,2026-07-22T21:30:00+0200,8711.14,MW,BE,BE,forecast_load,Forecasted Load,2026-07-27T14:54:27Z
2026-07-27T14:54:16Z,2026-07-27T16:54:16+0200,6e7a462e-9eec-47a6-a2b0-092174843598,2026-07-22T19:45:00Z,2026-07-22T21:45:00+0200,8679.36,MW,BE,BE,forecast_load,Forecasted Load,2026-07-27T14:54:27Z
2026-07-27T14:54:16Z,2026-07-27T16:54:16+0200,6e7a462e-9eec-47a6-a2b0-092174843598,2026-07-22T20:00:00Z,2026-07-22T22:00:00+0200,8791.32,MW,BE,BE,forecast_load,Forecasted Load,2026-07-27T14:54:27Z
2026-07-27T14:54:16Z,2026-07-27T16:54:16+0200,6e7a462e-9eec-47a6-a2b0-092174843598,2026-07-22T20:15:00Z,2026-07-22T22:15:00+0200,8834.25,MW,BE,BE,forecast_load,Forecasted Load,2026-07-27T14:54:27Z
2026-07-27T14:54:16Z,2026-07-27T16:54:16+0200,6e7a462e-9eec-47a6-a2b0-092174843598,2026-07-22T20:30:00Z,2026-07-22T22:30:00+0200,8777.47,MW,BE,BE,forecast_load,Forecasted Load,2026-07-27T14:54:27Z
2026-07-27T14:54:16Z,2026-07-27T16:54:16+0200,6e7a462e-9eec-47a6-a2b0-092174843598,2026-07-22T20:45:00Z,2026-07-22T22:45:00+0200,8709.14,MW,BE,BE,forecast_load,Forecasted Load,2026-07-27T14:54:27Z
2026-07-27T14:54:16Z,2026-07-27T16:54:16+0200,6e7a462e-9eec-47a6-a2b0-092174843598,2026-07-22T21:00:00Z,2026-07-22T23:00:00+0200,8543.14,MW,BE,BE,forecast_load,Forecasted Load,2026-07-27T14:54:27Z
2026-07-27T14:54:16Z,2026-07-27T16:54:16+0200,6e7a462e-9eec-47a6-a2b0-092174843598,2026-07-22T21:15:00Z,2026-07-22T23:15:00+0200,8449.85,MW,BE,BE,forecast_load,Forecasted Load,2026-07-27T14:54:27Z
2026-07-27T14:54:16Z,2026-07-27T16:54:16+0200,6e7a462e-9eec-47a6-a2b0-092174843598,2026-07-22T21:30:00Z,2026-07-22T23:30:00+0200,8341.93,MW,BE,BE,forecast_load,Forecasted Load,2026-07-27T14:54:27Z
2026-07-27T14:54:16Z,2026-07-27T16:54:16+0200,6e7a462e-9eec-47a6-a2b0-092174843598,2026-07-22T21:45:00Z,2026-07-22T23:45:00+0200,8247.7,MW,BE,BE,forecast_load,Forecasted Load,2026-07-27T14:54:27Z
2026-07-27T14:54:16Z,2026-07-27T16:54:16+0200,6e7a462e-9eec-47a6-a2b0-092174843598,2026-07-22T22:00:00Z,2026-07-23T00:00:00+0200,8219.31,MW,BE,BE,forecast_load,Forecasted Load,2026-07-27T14:54:27Z
2026-07-27T14:54:16Z,2026-07-27T16:54:16+0200,6e7a462e-9eec-47a6-a2b0-092174843598,2026-07-22T22:15:00Z,2026-07-23T00:15:00+0200,8108.37,MW,BE,BE,forecast_load,Forecasted Load,2026-07-27T14:54:27Z
2026-07-27T14:54:16Z,2026-07-27T16:54:16+0200,6e7a462e-9eec-47a6-a2b0-092174843598,2026-07-22T22:30:00Z,2026-07-23T00:30:00+0200,8022.27,MW,BE,BE,forecast_load,Forecasted Load,2026-07-27T14:54:27Z
2026-07-27T14:54:16Z,2026-07-27T16:54:16+0200,6e7a462e-9eec-47a6-a2b0-092174843598,2026-07-22T22:45:00Z,2026-07-23T00:45:00+0200,7951.22,MW,BE,BE,forecast_load,Forecasted Load,2026-07-27T14:54:27Z
2026-07-27T14:54:16Z,2026-07-27T16:54:16+0200,6e7a462e-9eec-47a6-a2b0-092174843598,2026-07-22T23:00:00Z,2026-07-23T01:00:00+0200,7918.92,MW,BE,BE,forecast_load,Forecasted Load,2026-07-27T14:54:27Z
2026-07-27T14:54:16Z,2026-07-27T16:54:16+0200,6e7a462e-9eec-47a6-a2b0-092174843598,2026-07-22T23:15:00Z,2026-07-23T01:15:00+0200,7835.0,MW,BE,BE,forecast_load,Forecasted Load,2026-07-27T14:54:27Z
2026-07-27T14:54:16Z,2026-07-27T16:54:16+0200,6e7a462e-9eec-47a6-a2b0-092174843598,2026-07-22T23:30:00Z,2026-07-23T01:30:00+0200,7748.0,MW,BE,BE,forecast_load,Forecasted Load,2026-07-27T14:54:27Z
2026-07-27T14:54:16Z,2026-07-27T16:54:16+0200,6e7a462e-9eec-47a6-a2b0-092174843598,2026-07-22T23:45:00Z,2026-07-23T01:45:00+0200,7682.67,MW,BE,BE,forecast_load,Forecasted Load,2026-07-27T14:54:27Z
2026-07-27T14:54:16Z,2026-07-27T16:54:16+0200,6e7a462e-9eec-47a6-a2b0-092174843598,2026-07-23T00:00:00Z,2026-07-23T02:00:00+0200,7618.51,MW,BE,BE,forecast_load,Forecasted Load,2026-07-27T14:54:27Z
2026-07-27T14:54:16Z,2026-07-27T16:54:16+0200,6e7a462e-9eec-47a6-a2b0-092174843598,2026-07-23T00:15:00Z,2026-07-23T02:15:00+0200,7582.03,MW,BE,BE,forecast_load,Forecasted Load,2026-07-27T14:54:27Z
2026-07-27T14:54:16Z,2026-07-27T16:54:16+0200,6e7a462e-9eec-47a6-a2b0-092174843598,2026-07-23T00:30:00Z,2026-07-23T02:30:00+0200,7561.08,MW,BE,BE,forecast_load,Forecasted Load,2026-07-27T14:54:27Z
2026-07-27T14:54:16Z,2026-07-27T16:54:16+0200,6e7a462e-9eec-47a6-a2b0-092174843598,2026-07-23T00:45:00Z,2026-07-23T02:45:00+0200,7514.91,MW,BE,BE,forecast_load,Forecasted Load,2026-07-27T14:54:27Z
2026-07-27T14:54:16Z,2026-07-27T16:54:16+0200,6e7a462e-9eec-47a6-a2b0-092174843598,2026-07-23T01:00:00Z,2026-07-23T03:00:00+0200,7451.93,MW,BE,BE,forecast_load,Forecasted Load,2026-07-27T14:54:27Z
2026-07-27T14:54:16Z,2026-07-27T16:54:16+0200,6e7a462e-9eec-47a6-a2b0-092174843598,2026-07-23T01:15:00Z,2026-07-23T03:15:00+0200,7441.0,MW,BE,BE,forecast_load,Forecasted Load,2026-07-27T14:54:27Z
2026-07-27T14:54:16Z,2026-07-27T16:54:16+0200,6e7a462e-9eec-47a6-a2b0-092174843598,2026-07-23T01:30:00Z,2026-07-23T03:30:00+0200,7428.77,MW,BE,BE,forecast_load,Forecasted Load,2026-07-27T14:54:27Z
2026-07-27T14:54:16Z,2026-07-27T16:54:16+0200,6e7a462e-9eec-47a6-a2b0-092174843598,2026-07-23T01:45:00Z,2026-07-23T03:45:00+0200,7411.73,MW,BE,BE,forecast_load,Forecasted Load,2026-07-27T14:54:27Z
2026-07-27T14:54:16Z,2026-07-27T16:54:16+0200,6e7a462e-9eec-47a6-a2b0-092174843598,2026-07-23T02:00:00Z,2026-07-23T04:00:00+0200,7424.56,MW,BE,BE,forecast_load,Forecasted Load,2026-07-27T14:54:27Z
2026-07-27T14:54:16Z,2026-07-27T16:54:16+0200,6e7a462e-9eec-47a6-a2b0-092174843598,2026-07-23T02:15:00Z,2026-07-23T04:15:00+0200,7409.54,MW,BE,BE,forecast_load,Forecasted Load,2026-07-27T14:54:27Z
2026-07-27T14:54:16Z,2026-07-27T16:54:16+0200,6e7a462e-9eec-47a6-a2b0-092174843598,2026-07-23T02:30:00Z,2026-07-23T04:30:00+0200,7418.36,MW,BE,BE,forecast_load,Forecasted Load,2026-07-27T14:54:27Z
2026-07-27T14:54:16Z,2026-07-27T16:54:16+0200,6e7a462e-9eec-47a6-a2b0-092174843598,2026-07-23T02:45:00Z,2026-07-23T04:45:00+0200,7441.67,MW,BE,BE,forecast_load,Forecasted Load,2026-07-27T14:54:27Z
2026-07-27T14:54:16Z,2026-07-27T16:54:16+0200,6e7a462e-9eec-47a6-a2b0-092174843598,2026-07-23T03:00:00Z,2026-07-23T05:00:00+0200,7519.14,MW,BE,BE,forecast_load,Forecasted Load,2026-07-27T14:54:27Z
2026-07-27T14:54:16Z,2026-07-27T16:54:16+0200,6e7a462e-9eec-47a6-a2b0-092174843598,2026-07-23T03:15:00Z,2026-07-23T05:15:00+0200,7537.39,MW,BE,BE,forecast_load,Forecasted Load,2026-07-27T14:54:27Z
2026-07-27T14:54:16Z,2026-07-27T16:54:16+0200,6e7a462e-9eec-47a6-a2b0-092174843598,2026-07-23T03:30:00Z,2026-07-23T05:30:00+0200,7537.03,MW,BE,BE,forecast_load,Forecasted Load,2026-07-27T14:54:27Z
2026-07-27T14:54:16Z,2026-07-27T16:54:16+0200,6e7a462e-9eec-47a6-a2b0-092174843598,2026-07-23T03:45:00Z,2026-07-23T05:45:00+0200,7588.51,MW,BE,BE,forecast_load,Forecasted Load,2026-07-27T14:54:27Z
2026-07-27T14:54:16Z,2026-07-27T16:54:16+0200,6e7a462e-9eec-47a6-a2b0-092174843598,2026-07-23T04:00:00Z,2026-07-23T06:00:00+0200,7780.25,MW,BE,BE,forecast_load,Forecasted Load,2026-07-27T14:54:27Z
2026-07-27T14:54:16Z,2026-07-27T16:54:16+0200,6e7a462e-9eec-47a6-a2b0-092174843598,2026-07-23T04:15:00Z,2026-07-23T06:15:00+0200,7966.66,MW,BE,BE,forecast_load,Forecasted Load,2026-07-27T14:54:27Z
2026-07-27T14:54:16Z,2026-07-27T16:54:16+0200,6e7a462e-9eec-47a6-a2b0-092174843598,2026-07-23T04:30:00Z,2026-07-23T06:30:00+0200,8133.39,MW,BE,BE,forecast_load,Forecasted Load,2026-07-27T14:54:27Z
2026-07-27T14:54:16Z,2026-07-27T16:54:16+0200,6e7a462e-9eec-47a6-a2b0-092174843598,2026-07-23T04:45:00Z,2026-07-23T06:45:00+0200,8277.84,MW,BE,BE,forecast_load,Forecasted Load,2026-07-27T14:54:27Z
2026-07-27T14:54:16Z,2026-07-27T16:54:16+0200,6e7a462e-9eec-47a6-a2b0-092174843598,2026-07-23T05:00:00Z,2026-07-23T07:00:00+0200,8375.74,MW,BE,BE,forecast_load,Forecasted Load,2026-07-27T14:54:27Z
2026-07-27T14:54:16Z,2026-07-27T16:54:16+0200,6e7a462e-9eec-47a6-a2b0-092174843598,2026-07-23T05:15:00Z,2026-07-23T07:15:00+0200,8538.66,MW,BE,BE,forecast_load,Forecasted Load,2026-07-27T14:54:27Z
2026-07-27T14:54:16Z,2026-07-27T16:54:16+0200,6e7a462e-9eec-47a6-a2b0-092174843598,2026-07-23T05:30:00Z,2026-07-23T07:30:00+0200,8723.26,MW,BE,BE,forecast_load,Forecasted Load,2026-07-27T14:54:27Z
2026-07-27T14:54:16Z,2026-07-27T16:54:16+0200,6e7a462e-9eec-47a6-a2b0-092174843598,2026-07-23T05:45:00Z,2026-07-23T07:45:00+0200,8878.84,MW,BE,BE,forecast_load,Forecasted Load,2026-07-27T14:54:27Z
2026-07-27T14:54:16Z,2026-07-27T16:54:16+0200,6e7a462e-9eec-47a6-a2b0-092174843598,2026-07-23T06:00:00Z,2026-07-23T08:00:00+0200,8936.43,MW,BE,BE,forecast_load,Forecasted Load,2026-07-27T14:54:27Z
2026-07-27T14:54:16Z,2026-07-27T16:54:16+0200,6e7a462e-9eec-47a6-a2b0-092174843598,2026-07-23T06:15:00Z,2026-07-23T08:15:00+0200,9077.72,MW,BE,BE,forecast_load,Forecasted Load,2026-07-27T14:54:27Z
2026-07-27T14:54:16Z,2026-07-27T16:54:16+0200,6e7a462e-9eec-47a6-a2b0-092174843598,2026-07-23T06:30:00Z,2026-07-23T08:30:00+0200,9224.43,MW,BE,BE,forecast_load,Forecasted Load,2026-07-27T14:54:27Z
2026-07-27T14:54:16Z,2026-07-27T16:54:16+0200,6e7a462e-9eec-47a6-a2b0-092174843598,2026-07-23T06:45:00Z,2026-07-23T08:45:00+0200,9377.46,MW,BE,BE,forecast_load,Forecasted Load,2026-07-27T14:54:27Z
2026-07-27T14:54:16Z,2026-07-27T16:54:16+0200,6e7a462e-9eec-47a6-a2b0-092174843598,2026-07-23T07:00:00Z,2026-07-23T09:00:00+0200,9423.51,MW,BE,BE,forecast_load,Forecasted Load,2026-07-27T14:54:27Z
2026-07-27T14:54:16Z,2026-07-27T16:54:16+0200,6e7a462e-9eec-47a6-a2b0-092174843598,2026-07-23T07:15:00Z,2026-07-23T09:15:00+0200,9512.08,MW,BE,BE,forecast_load,Forecasted Load,2026-07-27T14:54:27Z
2026-07-27T14:54:16Z,2026-07-27T16:54:16+0200,6e7a462e-9eec-47a6-a2b0-092174843598,2026-07-23T07:30:00Z,2026-07-23T09:30:00+0200,9632.87,MW,BE,BE,forecast_load,Forecasted Load,2026-07-27T14:54:27Z
2026-07-27T14:54:16Z,2026-07-27T16:54:16+0200,6e7a462e-9eec-47a6-a2b0-092174843598,2026-07-23T07:45:00Z,2026-07-23T09:45:00+0200,9732.64,MW,BE,BE,forecast_load,Forecasted Load,2026-07-27T14:54:27Z
2026-07-27T14:54:16Z,2026-07-27T16:54:16+0200,6e7a462e-9eec-47a6-a2b0-092174843598,2026-07-23T08:00:00Z,2026-07-23T10:00:00+0200,9646.71,MW,BE,BE,forecast_load,Forecasted Load,2026-07-27T14:54:27Z
2026-07-27T14:54:16Z,2026-07-27T16:54:16+0200,6e7a462e-9eec-47a6-a2b0-092174843598,2026-07-23T08:15:00Z,2026-07-23T10:15:00+0200,9696.39,MW,BE,BE,forecast_load,Forecasted Load,2026-07-27T14:54:27Z
2026-07-27T14:54:16Z,2026-07-27T16:54:16+0200,6e7a462e-9eec-47a6-a2b0-092174843598,2026-07-23T08:30:00Z,2026-07-23T10:30:00+0200,9732.19,MW,BE,BE,forecast_load,Forecasted Load,2026-07-27T14:54:27Z
2026-07-27T14:54:16Z,2026-07-27T16:54:16+0200,6e7a462e-9eec-47a6-a2b0-092174843598,2026-07-23T08:45:00Z,2026-07-23T10:45:00+0200,9792.5,MW,BE,BE,forecast_load,Forecasted Load,2026-07-27T14:54:27Z
2026-07-27T14:54:16Z,2026-07-27T16:54:16+0200,6e7a462e-9eec-47a6-a2b0-092174843598,2026-07-23T09:00:00Z,2026-07-23T11:00:00+0200,9798.55,MW,BE,BE,forecast_load,Forecasted Load,2026-07-27T14:54:27Z
2026-07-27T14:54:16Z,2026-07-27T16:54:16+0200,6e7a462e-9eec-47a6-a2b0-092174843598,2026-07-23T09:15:00Z,2026-07-23T11:15:00+0200,9837.92,MW,BE,BE,forecast_load,Forecasted Load,2026-07-27T14:54:27Z
2026-07-27T14:54:16Z,2026-07-27T16:54:16+0200,6e7a462e-9eec-47a6-a2b0-092174843598,2026-07-23T09:30:00Z,2026-07-23T11:30:00+0200,9914.77,MW,BE,BE,forecast_load,Forecasted Load,2026-07-27T14:54:27Z
2026-07-27T14:54:16Z,2026-07-27T16:54:16+0200,6e7a462e-9eec-47a6-a2b0-092174843598,2026-07-23T09:45:00Z,2026-07-23T11:45:00+0200,10013.28,MW,BE,BE,forecast_load,Forecasted Load,2026-07-27T14:54:27Z
2026-07-27T14:54:16Z,2026-07-27T16:54:16+0200,6e7a462e-9eec-47a6-a2b0-092174843598,2026-07-23T10:00:00Z,2026-07-23T12:00:00+0200,9946.16,MW,BE,BE,forecast_load,Forecasted Load,2026-07-27T14:54:27Z
2026-07-27T14:54:16Z,2026-07-27T16:54:16+0200,6e7a462e-9eec-47a6-a2b0-092174843598,2026-07-23T10:15:00Z,2026-07-23T12:15:00+0200,9918.21,MW,BE,BE,forecast_load,Forecasted Load,2026-07-27T14:54:27Z
2026-07-27T14:54:16Z,2026-07-27T16:54:16+0200,6e7a462e-9eec-47a6-a2b0-092174843598,2026-07-23T10:30:00Z,2026-07-23T12:30:00+0200,9914.82,MW,BE,BE,forecast_load,Forecasted Load,2026-07-27T14:54:27Z
2026-07-27T14:54:16Z,2026-07-27T16:54:16+0200,6e7a462e-9eec-47a6-a2b0-092174843598,2026-07-23T10:45:00Z,2026-07-23T12:45:00+0200,9962.04,MW,BE,BE,forecast_load,Forecasted Load,2026-07-27T14:54:27Z
2026-07-27T14:54:16Z,2026-07-27T16:54:16+0200,6e7a462e-9eec-47a6-a2b0-092174843598,2026-07-23T11:00:00Z,2026-07-23T13:00:00+0200,10020.55,MW,BE,BE,forecast_load,Forecasted Load,2026-07-27T14:54:27Z
2026-07-27T14:54:16Z,2026-07-27T16:54:16+0200,6e7a462e-9eec-47a6-a2b0-092174843598,2026-07-23T11:15:00Z,2026-07-23T13:15:00+0200,10047.52,MW,BE,BE,forecast_load,Forecasted Load,2026-07-27T14:54:27Z
2026-07-27T14:54:16Z,2026-07-27T16:54:16+0200,6e7a462e-9eec-47a6-a2b0-092174843598,2026-07-23T11:30:00Z,2026-07-23T13:30:00+0200,10065.4,MW,BE,BE,forecast_load,Forecasted Load,2026-07-27T14:54:27Z
2026-07-27T14:54:16Z,2026-07-27T16:54:16+0200,6e7a462e-9eec-47a6-a2b0-092174843598,2026-07-23T11:45:00Z,2026-07-23T13:45:00+0200,9993.14,MW,BE,BE,forecast_load,Forecasted Load,2026-07-27T14:54:27Z
2026-07-27T14:54:16Z,2026-07-27T16:54:16+0200,6e7a462e-9eec-47a6-a2b0-092174843598,2026-07-23T12:00:00Z,2026-07-23T14:00:00+0200,9965.04,MW,BE,BE,forecast_load,Forecasted Load,2026-07-27T14:54:27Z
2026-07-27T14:54:16Z,2026-07-27T16:54:16+0200,6e7a462e-9eec-47a6-a2b0-092174843598,2026-07-23T12:15:00Z,2026-07-23T14:15:00+0200,9933.27,MW,BE,BE,forecast_load,Forecasted Load,2026-07-27T14:54:27Z
2026-07-27T14:54:16Z,2026-07-27T16:54:16+0200,6e7a462e-9eec-47a6-a2b0-092174843598,2026-07-23T12:30:00Z,2026-07-23T14:30:00+0200,9876.37,MW,BE,BE,forecast_load,Forecasted Load,2026-07-27T14:54:27Z
2026-07-27T14:54:16Z,2026-07-27T16:54:16+0200,6e7a462e-9eec-47a6-a2b0-092174843598,2026-07-23T12:45:00Z,2026-07-23T14:45:00+0200,9800.9,MW,BE,BE,forecast_load,Forecasted Load,2026-07-27T14:54:27Z
2026-07-27T14:54:16Z,2026-07-27T16:54:16+0200,6e7a462e-9eec-47a6-a2b0-092174843598,2026-07-23T13:00:00Z,2026-07-23T15:00:00+0200,9774.53,MW,BE,BE,forecast_load,Forecasted Load,2026-07-27T14:54:27Z
2026-07-27T14:54:16Z,2026-07-27T16:54:16+0200,6e7a462e-9eec-47a6-a2b0-092174843598,2026-07-23T13:15:00Z,2026-07-23T15:15:00+0200,9671.24,MW,BE,BE,forecast_load,Forecasted Load,2026-07-27T14:54:27Z
2026-07-27T14:54:16Z,2026-07-27T16:54:16+0200,6e7a462e-9eec-47a6-a2b0-092174843598,2026-07-23T13:30:00Z,2026-07-23T15:30:00+0200,9569.76,MW,BE,BE,forecast_load,Forecasted Load,2026-07-27T14:54:27Z
2026-07-27T14:54:16Z,2026-07-27T16:54:16+0200,6e7a462e-9eec-47a6-a2b0-092174843598,2026-07-23T13:45:00Z,2026-07-23T15:45:00+0200,9481.97,MW,BE,BE,forecast_load,Forecasted Load,2026-07-27T14:54:27Z
2026-07-27T14:54:16Z,2026-07-27T16:54:16+0200,6e7a462e-9eec-47a6-a2b0-092174843598,2026-07-23T14:00:00Z,2026-07-23T16:00:00+0200,9476.41,MW,BE,BE,forecast_load,Forecasted Load,2026-07-27T14:54:27Z
2026-07-27T14:54:16Z,2026-07-27T16:54:16+0200,6e7a462e-9eec-47a6-a2b0-092174843598,2026-07-23T14:15:00Z,2026-07-23T16:15:00+0200,9357.28,MW,BE,BE,forecast_load,Forecasted Load,2026-07-27T14:54:27Z
2026-07-27T14:54:16Z,2026-07-27T16:54:16+0200,6e7a462e-9eec-47a6-a2b0-092174843598,2026-07-23T14:30:00Z,2026-07-23T16:30:00+0200,9329.25,MW,BE,BE,forecast_load,Forecasted Load,2026-07-27T14:54:27Z
2026-07-27T14:54:16Z,2026-07-27T16:54:16+0200,6e7a462e-9eec-47a6-a2b0-092174843598,2026-07-23T14:45:00Z,2026-07-23T16:45:00+0200,9299.92,MW,BE,BE,forecast_load,Forecasted Load,2026-07-27T14:54:27Z
2026-07-27T14:54:16Z,2026-07-27T16:54:16+0200,6e7a462e-9eec-47a6-a2b0-092174843598,2026-07-23T15:00:00Z,2026-07-23T17:00:00+0200,9407.46,MW,BE,BE,forecast_load,Forecasted Load,2026-07-27T14:54:27Z
2026-07-27T14:54:16Z,2026-07-27T16:54:16+0200,6e7a462e-9eec-47a6-a2b0-092174843598,2026-07-23T15:15:00Z,2026-07-23T17:15:00+0200,9338.14,MW,BE,BE,forecast_load,Forecasted Load,2026-07-27T14:54:27Z
2026-07-27T14:54:16Z,2026-07-27T16:54:16+0200,6e7a462e-9eec-47a6-a2b0-092174843598,2026-07-23T15:30:00Z,2026-07-23T17:30:00+0200,9353.19,MW,BE,BE,forecast_load,Forecasted Load,2026-07-27T14:54:27Z
2026-07-27T14:54:16Z,2026-07-27T16:54:16+0200,6e7a462e-9eec-47a6-a2b0-092174843598,2026-07-23T15:45:00Z,2026-07-23T17:45:00+0200,9325.51,MW,BE,BE,forecast_load,Forecasted Load,2026-07-27T14:54:27Z
2026-07-27T14:54:16Z,2026-07-27T16:54:16+0200,6e7a462e-9eec-47a6-a2b0-092174843598,2026-07-23T16:00:00Z,2026-07-23T18:00:00+0200,9410.59,MW,BE,BE,forecast_load,Forecasted Load,2026-07-27T14:54:27Z
2026-07-27T14:54:16Z,2026-07-27T16:54:16+0200,6e7a462e-9eec-47a6-a2b0-092174843598,2026-07-23T16:15:00Z,2026-07-23T18:15:00+0200,9354.26,MW,BE,BE,forecast_load,Forecasted Load,2026-07-27T14:54:27Z
2026-07-27T14:54:16Z,2026-07-27T16:54:16+0200,6e7a462e-9eec-47a6-a2b0-092174843598,2026-07-23T16:30:00Z,2026-07-23T18:30:00+0200,9324.41,MW,BE,BE,forecast_load,Forecasted Load,2026-07-27T14:54:27Z
2026-07-27T14:54:16Z,2026-07-27T16:54:16+0200,6e7a462e-9eec-47a6-a2b0-092174843598,2026-07-23T16:45:00Z,2026-07-23T18:45:00+0200,9263.92,MW,BE,BE,forecast_load,Forecasted Load,2026-07-27T14:54:27Z
2026-07-27T14:54:16Z,2026-07-27T16:54:16+0200,6e7a462e-9eec-47a6-a2b0-092174843598,2026-07-23T17:00:00Z,2026-07-23T19:00:00+0200,9340.62,MW,BE,BE,forecast_load,Forecasted Load,2026-07-27T14:54:27Z
2026-07-27T14:54:16Z,2026-07-27T16:54:16+0200,6e7a462e-9eec-47a6-a2b0-092174843598,2026-07-23T17:15:00Z,2026-07-23T19:15:00+0200,9246.85,MW,BE,BE,forecast_load,Forecasted Load,2026-07-27T14:54:27Z
2026-07-27T14:54:16Z,2026-07-27T16:54:16+0200,6e7a462e-9eec-47a6-a2b0-092174843598,2026-07-23T17:30:00Z,2026-07-23T19:30:00+0200,9196.85,MW,BE,BE,forecast_load,Forecasted Load,2026-07-27T14:54:27Z
2026-07-27T14:54:16Z,2026-07-27T16:54:16+0200,6e7a462e-9eec-47a6-a2b0-092174843598,2026-07-23T17:45:00Z,2026-07-23T19:45:00+0200,9162.94,MW,BE,BE,forecast_load,Forecasted Load,2026-07-27T14:54:27Z
2026-07-27T14:54:16Z,2026-07-27T16:54:16+0200,6e7a462e-9eec-47a6-a2b0-092174843598,2026-07-23T18:00:00Z,2026-07-23T20:00:00+0200,9186.09,MW,BE,BE,forecast_load,Forecasted Load,2026-07-27T14:54:27Z
2026-07-27T14:54:16Z,2026-07-27T16:54:16+0200,6e7a462e-9eec-47a6-a2b0-092174843598,2026-07-23T18:15:00Z,2026-07-23T20:15:00+0200,9097.6,MW,BE,BE,forecast_load,Forecasted Load,2026-07-27T14:54:27Z
2026-07-27T14:54:16Z,2026-07-27T16:54:16+0200,6e7a462e-9eec-47a6-a2b0-092174843598,2026-07-23T18:30:00Z,2026-07-23T20:30:00+0200,9006.89,MW,BE,BE,forecast_load,Forecasted Load,2026-07-27T14:54:27Z
2026-07-27T14:54:16Z,2026-07-27T16:54:16+0200,6e7a462e-9eec-47a6-a2b0-092174843598,2026-07-23T18:45:00Z,2026-07-23T20:45:00+0200,8944.83,MW,BE,BE,forecast_load,Forecasted Load,2026-07-27T14:54:27Z
2026-07-27T14:54:16Z,2026-07-27T16:54:16+0200,6e7a462e-9eec-47a6-a2b0-092174843598,2026-07-23T19:00:00Z,2026-07-23T21:00:00+0200,8929.39,MW,BE,BE,forecast_load,Forecasted Load,2026-07-27T14:54:27Z
2026-07-27T14:54:16Z,2026-07-27T16:54:16+0200,6e7a462e-9eec-47a6-a2b0-092174843598,2026-07-23T19:15:00Z,2026-07-23T21:15:00+0200,8851.25,MW,BE,BE,forecast_load,Forecasted Load,2026-07-27T14:54:27Z
2026-07-27T14:54:16Z,2026-07-27T16:54:16+0200,6e7a462e-9eec-47a6-a2b0-092174843598,2026-07-23T19:30:00Z,2026-07-23T21:30:00+0200,8814.38,MW,BE,BE,forecast_load,Forecasted Load,2026-07-27T14:54:27Z
2026-07-27T14:54:16Z,2026-07-27T16:54:16+0200,6e7a462e-9eec-47a6-a2b0-092174843598,2026-07-23T19:45:00Z,2026-07-23T21:45:00+0200,8782.22,MW,BE,BE,forecast_load,Forecasted Load,2026-07-27T14:54:27Z
2026-07-27T14:54:16Z,2026-07-27T16:54:16+0200,6e7a462e-9eec-47a6-a2b0-092174843598,2026-07-23T20:00:00Z,2026-07-23T22:00:00+0200,8900.35,MW,BE,BE,forecast_load,Forecasted Load,2026-07-27T14:54:27Z
2026-07-27T14:54:16Z,2026-07-27T16:54:16+0200,6e7a462e-9eec-47a6-a2b0-092174843598,2026-07-23T20:15:00Z,2026-07-23T22:15:00+0200,8943.82,MW,BE,BE,forecast_load,Forecasted Load,2026-07-27T14:54:27Z
2026-07-27T14:54:16Z,2026-07-27T16:54:16+0200,6e7a462e-9eec-47a6-a2b0-092174843598,2026-07-23T20:30:00Z,2026-07-23T22:30:00+0200,8886.34,MW,BE,BE,forecast_load,Forecasted Load,2026-07-27T14:54:27Z
2026-07-27T14:54:16Z,2026-07-27T16:54:16+0200,6e7a462e-9eec-47a6-a2b0-092174843598,2026-07-23T20:45:00Z,2026-07-23T22:45:00+0200,8817.15,MW,BE,BE,forecast_load,Forecasted Load,2026-07-27T14:54:27Z
2026-07-27T14:54:16Z,2026-07-27T16:54:16+0200,6e7a462e-9eec-47a6-a2b0-092174843598,2026-07-23T21:00:00Z,2026-07-23T23:00:00+0200,8728.28,MW,BE,BE,forecast_load,Forecasted Load,2026-07-27T14:54:27Z
2026-07-27T14:54:16Z,2026-07-27T16:54:16+0200,6e7a462e-9eec-47a6-a2b0-092174843598,2026-07-23T21:15:00Z,2026-07-23T23:15:00+0200,8632.97,MW,BE,BE,forecast_load,Forecasted Load,2026-07-27T14:54:27Z
2026-07-27T14:54:16Z,2026-07-27T16:54:16+0200,6e7a462e-9eec-47a6-a2b0-092174843598,2026-07-23T21:30:00Z,2026-07-23T23:30:00+0200,8522.71,MW,BE,BE,forecast_load,Forecasted Load,2026-07-27T14:54:27Z
2026-07-27T14:54:16Z,2026-07-27T16:54:16+0200,6e7a462e-9eec-47a6-a2b0-092174843598,2026-07-23T21:45:00Z,2026-07-23T23:45:00+0200,8426.44,MW,BE,BE,forecast_load,Forecasted Load,2026-07-27T14:54:27Z
2026-07-27T14:54:16Z,2026-07-27T16:54:16+0200,6e7a462e-9eec-47a6-a2b0-092174843598,2026-07-23T22:00:00Z,2026-07-24T00:00:00+0200,8272.98,MW,BE,BE,forecast_load,Forecasted Load,2026-07-27T14:54:27Z
2026-07-27T14:54:16Z,2026-07-27T16:54:16+0200,6e7a462e-9eec-47a6-a2b0-092174843598,2026-07-23T22:15:00Z,2026-07-24T00:15:00+0200,8176.64,MW,BE,BE,forecast_load,Forecasted Load,2026-07-27T14:54:27Z
2026-07-27T14:54:16Z,2026-07-27T16:54:16+0200,6e7a462e-9eec-47a6-a2b0-092174843598,2026-07-23T22:30:00Z,2026-07-24T00:30:00+0200,8083.12,MW,BE,BE,forecast_load,Forecasted Load,2026-07-27T14:54:27Z
2026-07-27T14:54:16Z,2026-07-27T16:54:16+0200,6e7a462e-9eec-47a6-a2b0-092174843598,2026-07-23T22:45:00Z,2026-07-24T00:45:00+0200,8011.9,MW,BE,BE,forecast_load,Forecasted Load,2026-07-27T14:54:27Z
2026-07-27T14:54:16Z,2026-07-27T16:54:16+0200,6e7a462e-9eec-47a6-a2b0-092174843598,2026-07-23T23:00:00Z,2026-07-24T01:00:00+0200,7948.7,MW,BE,BE,forecast_load,Forecasted Load,2026-07-27T14:54:27Z
2026-07-27T14:54:16Z,2026-07-27T16:54:16+0200,6e7a462e-9eec-47a6-a2b0-092174843598,2026-07-23T23:15:00Z,2026-07-24T01:15:00+0200,7862.89,MW,BE,BE,forecast_load,Forecasted Load,2026-07-27T14:54:27Z
2026-07-27T14:54:16Z,2026-07-27T16:54:16+0200,6e7a462e-9eec-47a6-a2b0-092174843598,2026-07-23T23:30:00Z,2026-07-24T01:30:00+0200,7771.19,MW,BE,BE,forecast_load,Forecasted Load,2026-07-27T14:54:27Z
2026-07-27T14:54:16Z,2026-07-27T16:54:16+0200,6e7a462e-9eec-47a6-a2b0-092174843598,2026-07-23T23:45:00Z,2026-07-24T01:45:00+0200,7708.54,MW,BE,BE,forecast_load,Forecasted Load,2026-07-27T14:54:27Z
2026-07-27T14:54:16Z,2026-07-27T16:54:16+0200,6e7a462e-9eec-47a6-a2b0-092174843598,2026-07-24T00:00:00Z,2026-07-24T02:00:00+0200,7856.49,MW,BE,BE,forecast_load,Forecasted Load,2026-07-27T14:54:27Z
2026-07-27T14:54:16Z,2026-07-27T16:54:16+0200,6e7a462e-9eec-47a6-a2b0-092174843598,2026-07-24T00:15:00Z,2026-07-24T02:15:00+0200,7822.08,MW,BE,BE,forecast_load,Forecasted Load,2026-07-27T14:54:27Z
2026-07-27T14:54:16Z,2026-07-27T16:54:16+0200,6e7a462e-9eec-47a6-a2b0-092174843598,2026-07-24T00:30:00Z,2026-07-24T02:30:00+0200,7802.63,MW,BE,BE,forecast_load,Forecasted Load,2026-07-27T14:54:27Z
2026-07-27T14:54:16Z,2026-07-27T16:54:16+0200,6e7a462e-9eec-47a6-a2b0-092174843598,2026-07-24T00:45:00Z,2026-07-24T02:45:00+0200,7761.18,MW,BE,BE,forecast_load,Forecasted Load,2026-07-27T14:54:27Z
2026-07-27T14:54:16Z,2026-07-27T16:54:16+0200,6e7a462e-9eec-47a6-a2b0-092174843598,2026-07-24T01:00:00Z,2026-07-24T03:00:00+0200,7695.35,MW,BE,BE,forecast_load,Forecasted Load,2026-07-27T14:54:27Z
2026-07-27T14:54:16Z,2026-07-27T16:54:16+0200,6e7a462e-9eec-47a6-a2b0-092174843598,2026-07-24T01:15:00Z,2026-07-24T03:15:00+0200,7690.5,MW,BE,BE,forecast_load,Forecasted Load,2026-07-27T14:54:27Z
2026-07-27T14:54:16Z,2026-07-27T16:54:16+0200,6e7a462e-9eec-47a6-a2b0-092174843598,2026-07-24T01:30:00Z,2026-07-24T03:30:00+0200,7683.29,MW,BE,BE,forecast_load,Forecasted Load,2026-07-27T14:54:27Z
2026-07-27T14:54:16Z,2026-07-27T16:54:16+0200,6e7a462e-9eec-47a6-a2b0-092174843598,2026-07-24T01:45:00Z,2026-07-24T03:45:00+0200,7666.32,MW,BE,BE,forecast_load,Forecasted Load,2026-07-27T14:54:27Z
2026-07-27T14:54:16Z,2026-07-27T16:54:16+0200,6e7a462e-9eec-47a6-a2b0-092174843598,2026-07-24T02:00:00Z,2026-07-24T04:00:00+0200,7625.38,MW,BE,BE,forecast_load,Forecasted Load,2026-07-27T14:54:27Z
2026-07-27T14:54:16Z,2026-07-27T16:54:16+0200,6e7a462e-9eec-47a6-a2b0-092174843598,2026-07-24T02:15:00Z,2026-07-24T04:15:00+0200,7611.38,MW,BE,BE,forecast_load,Forecasted Load,2026-07-27T14:54:27Z
2026-07-27T14:54:16Z,2026-07-27T16:54:16+0200,6e7a462e-9eec-47a6-a2b0-092174843598,2026-07-24T02:30:00Z,2026-07-24T04:30:00+0200,7613.32,MW,BE,BE,forecast_load,Forecasted Load,2026-07-27T14:54:27Z
2026-07-27T14:54:16Z,2026-07-27T16:54:16+0200,6e7a462e-9eec-47a6-a2b0-092174843598,2026-07-24T02:45:00Z,2026-07-24T04:45:00+0200,7650.56,MW,BE,BE,forecast_load,Forecasted Load,2026-07-27T14:54:27Z
2026-07-27T14:54:16Z,2026-07-27T16:54:16+0200,6e7a462e-9eec-47a6-a2b0-092174843598,2026-07-24T03:00:00Z,2026-07-24T05:00:00+0200,7655.36,MW,BE,BE,forecast_load,Forecasted Load,2026-07-27T14:54:27Z
2026-07-27T14:54:16Z,2026-07-27T16:54:16+0200,6e7a462e-9eec-47a6-a2b0-092174843598,2026-07-24T03:15:00Z,2026-07-24T05:15:00+0200,7670.66,MW,BE,BE,forecast_load,Forecasted Load,2026-07-27T14:54:27Z
2026-07-27T14:54:16Z,2026-07-27T16:54:16+0200,6e7a462e-9eec-47a6-a2b0-092174843598,2026-07-24T03:30:00Z,2026-07-24T05:30:00+0200,7693.99,MW,BE,BE,forecast_load,Forecasted Load,2026-07-27T14:54:27Z
2026-07-27T14:54:16Z,2026-07-27T16:54:16+0200,6e7a462e-9eec-47a6-a2b0-092174843598,2026-07-24T03:45:00Z,2026-07-24T05:45:00+0200,7743.0,MW,BE,BE,forecast_load,Forecasted Load,2026-07-27T14:54:27Z
2026-07-27T14:54:16Z,2026-07-27T16:54:16+0200,6e7a462e-9eec-47a6-a2b0-092174843598,2026-07-24T04:00:00Z,2026-07-24T06:00:00+0200,7923.04,MW,BE,BE,forecast_load,Forecasted Load,2026-07-27T14:54:27Z
2026-07-27T14:54:16Z,2026-07-27T16:54:16+0200,6e7a462e-9eec-47a6-a2b0-092174843598,2026-07-24T04:15:00Z,2026-07-24T06:15:00+0200,8099.78,MW,BE,BE,forecast_load,Forecasted Load,2026-07-27T14:54:27Z
2026-07-27T14:54:16Z,2026-07-27T16:54:16+0200,6e7a462e-9eec-47a6-a2b0-092174843598,2026-07-24T04:30:00Z,2026-07-24T06:30:00+0200,8264.9,MW,BE,BE,forecast_load,Forecasted Load,2026-07-27T14:54:27Z
2026-07-27T14:54:16Z,2026-07-27T16:54:16+0200,6e7a462e-9eec-47a6-a2b0-092174843598,2026-07-24T04:45:00Z,2026-07-24T06:45:00+0200,8412.88,MW,BE,BE,forecast_load,Forecasted Load,2026-07-27T14:54:27Z
2026-07-27T14:54:16Z,2026-07-27T16:54:16+0200,6e7a462e-9eec-47a6-a2b0-092174843598,2026-07-24T05:00:00Z,2026-07-24T07:00:00+0200,8543.74,MW,BE,BE,forecast_load,Forecasted Load,2026-07-27T14:54:27Z
2026-07-27T14:54:16Z,2026-07-27T16:54:16+0200,6e7a462e-9eec-47a6-a2b0-092174843598,2026-07-24T05:15:00Z,2026-07-24T07:15:00+0200,8708.5,MW,BE,BE,forecast_load,Forecasted Load,2026-07-27T14:54:27Z
2026-07-27T14:54:16Z,2026-07-27T16:54:16+0200,6e7a462e-9eec-47a6-a2b0-092174843598,2026-07-24T05:30:00Z,2026-07-24T07:30:00+0200,8903.57,MW,BE,BE,forecast_load,Forecasted Load,2026-07-27T14:54:27Z
2026-07-27T14:54:16Z,2026-07-27T16:54:16+0200,6e7a462e-9eec-47a6-a2b0-092174843598,2026-07-24T05:45:00Z,2026-07-24T07:45:00+0200,9048.61,MW,BE,BE,forecast_load,Forecasted Load,2026-07-27T14:54:27Z
2026-07-27T14:54:16Z,2026-07-27T16:54:16+0200,6e7a462e-9eec-47a6-a2b0-092174843598,2026-07-24T06:00:00Z,2026-07-24T08:00:00+0200,9118.66,MW,BE,BE,forecast_load,Forecasted Load,2026-07-27T14:54:27Z
2026-07-27T14:54:16Z,2026-07-27T16:54:16+0200,6e7a462e-9eec-47a6-a2b0-092174843598,2026-07-24T06:15:00Z,2026-07-24T08:15:00+0200,9269.02,MW,BE,BE,forecast_load,Forecasted Load,2026-07-27T14:54:27Z
2026-07-27T14:54:16Z,2026-07-27T16:54:16+0200,6e7a462e-9eec-47a6-a2b0-092174843598,2026-07-24T06:30:00Z,2026-07-24T08:30:00+0200,9413.97,MW,BE,BE,forecast_load,Forecasted Load,2026-07-27T14:54:27Z
2026-07-27T14:54:16Z,2026-07-27T16:54:16+0200,6e7a462e-9eec-47a6-a2b0-092174843598,2026-07-24T06:45:00Z,2026-07-24T08:45:00+0200,9585.18,MW,BE,BE,forecast_load,Forecasted Load,2026-07-27T14:54:27Z
2026-07-27T14:54:16Z,2026-07-27T16:54:16+0200,6e7a462e-9eec-47a6-a2b0-092174843598,2026-07-24T07:00:00Z,2026-07-24T09:00:00+0200,9676.49,MW,BE,BE,forecast_load,Forecasted Load,2026-07-27T14:54:27Z
2026-07-27T14:54:16Z,2026-07-27T16:54:16+0200,6e7a462e-9eec-47a6-a2b0-092174843598,2026-07-24T07:15:00Z,2026-07-24T09:15:00+0200,9765.64,MW,BE,BE,forecast_load,Forecasted Load,2026-07-27T14:54:27Z
2026-07-27T14:54:16Z,2026-07-27T16:54:16+0200,6e7a462e-9eec-47a6-a2b0-092174843598,2026-07-24T07:30:00Z,2026-07-24T09:30:00+0200,9876.78,MW,BE,BE,forecast_load,Forecasted Load,2026-07-27T14:54:27Z
2026-07-27T14:54:16Z,2026-07-27T16:54:16+0200,6e7a462e-9eec-47a6-a2b0-092174843598,2026-07-24T07:45:00Z,2026-07-24T09:45:00+0200,9974.54,MW,BE,BE,forecast_load,Forecasted Load,2026-07-27T14:54:27Z
2026-07-27T14:54:16Z,2026-07-27T16:54:16+0200,6e7a462e-9eec-47a6-a2b0-092174843598,2026-07-24T08:00:00Z,2026-07-24T10:00:00+0200,10110.81,MW,BE,BE,forecast_load,Forecasted Load,2026-07-27T14:54:27Z
2026-07-27T14:54:16Z,2026-07-27T16:54:16+0200,6e7a462e-9eec-47a6-a2b0-092174843598,2026-07-24T08:15:00Z,2026-07-24T10:15:00+0200,10166.97,MW,BE,BE,forecast_load,Forecasted Load,2026-07-27T14:54:27Z
2026-07-27T14:54:16Z,2026-07-27T16:54:16+0200,6e7a462e-9eec-47a6-a2b0-092174843598,2026-07-24T08:30:00Z,2026-07-24T10:30:00+0200,10208.65,MW,BE,BE,forecast_load,Forecasted Load,2026-07-27T14:54:27Z
2026-07-27T14:54:16Z,2026-07-27T16:54:16+0200,6e7a462e-9eec-47a6-a2b0-092174843598,2026-07-24T08:45:00Z,2026-07-24T10:45:00+0200,10286.15,MW,BE,BE,forecast_load,Forecasted Load,2026-07-27T14:54:27Z
2026-07-27T14:54:16Z,2026-07-27T16:54:16+0200,6e7a462e-9eec-47a6-a2b0-092174843598,2026-07-24T09:00:00Z,2026-07-24T11:00:00+0200,10532.86,MW,BE,BE,forecast_load,Forecasted Load,2026-07-27T14:54:27Z
2026-07-27T14:54:16Z,2026-07-27T16:54:16+0200,6e7a462e-9eec-47a6-a2b0-092174843598,2026-07-24T09:15:00Z,2026-07-24T11:15:00+0200,10558.75,MW,BE,BE,forecast_load,Forecasted Load,2026-07-27T14:54:27Z
2026-07-27T14:54:16Z,2026-07-27T16:54:16+0200,6e7a462e-9eec-47a6-a2b0-092174843598,2026-07-24T09:30:00Z,2026-07-24T11:30:00+0200,10632.74,MW,BE,BE,forecast_load,Forecasted Load,2026-07-27T14:54:27Z
2026-07-27T14:54:16Z,2026-07-27T16:54:16+0200,6e7a462e-9eec-47a6-a2b0-092174843598,2026-07-24T09:45:00Z,2026-07-24T11:45:00+0200,10733.85,MW,BE,BE,forecast_load,Forecasted Load,2026-07-27T14:54:27Z
2026-07-27T14:54:16Z,2026-07-27T16:54:16+0200,6e7a462e-9eec-47a6-a2b0-092174843598,2026-07-24T10:00:00Z,2026-07-24T12:00:00+0200,10801.57,MW,BE,BE,forecast_load,Forecasted Load,2026-07-27T14:54:27Z
2026-07-27T14:54:16Z,2026-07-27T16:54:16+0200,6e7a462e-9eec-47a6-a2b0-092174843598,2026-07-24T10:15:00Z,2026-07-24T12:15:00+0200,10774.87,MW,BE,BE,forecast_load,Forecasted Load,2026-07-27T14:54:27Z
2026-07-27T14:54:16Z,2026-07-27T16:54:16+0200,6e7a462e-9eec-47a6-a2b0-092174843598,2026-07-24T10:30:00Z,2026-07-24T12:30:00+0200,10758.29,MW,BE,BE,forecast_load,Forecasted Load,2026-07-27T14:54:27Z
2026-07-27T14:54:16Z,2026-07-27T16:54:16+0200,6e7a462e-9eec-47a6-a2b0-092174843598,2026-07-24T10:45:00Z,2026-07-24T12:45:00+0200,10826.08,MW,BE,BE,forecast_load,Forecasted Load,2026-07-27T14:54:27Z
2026-07-27T14:54:16Z,2026-07-27T16:54:16+0200,6e7a462e-9eec-47a6-a2b0-092174843598,2026-07-24T11:00:00Z,2026-07-24T13:00:00+0200,10855.74,MW,BE,BE,forecast_load,Forecasted Load,2026-07-27T14:54:27Z
2026-07-27T14:54:16Z,2026-07-27T16:54:16+0200,6e7a462e-9eec-47a6-a2b0-092174843598,2026-07-24T11:15:00Z,2026-07-24T13:15:00+0200,10902.48,MW,BE,BE,forecast_load,Forecasted Load,2026-07-27T14:54:27Z
2026-07-27T14:54:16Z,2026-07-27T16:54:16+0200,6e7a462e-9eec-47a6-a2b0-092174843598,2026-07-24T11:30:00Z,2026-07-24T13:30:00+0200,10940.59,MW,BE,BE,forecast_load,Forecasted Load,2026-07-27T14:54:27Z
2026-07-27T14:54:16Z,2026-07-27T16:54:16+0200,6e7a462e-9eec-47a6-a2b0-092174843598,2026-07-24T11:45:00Z,2026-07-24T13:45:00+0200,10830.17,MW,BE,BE,forecast_load,Forecasted Load,2026-07-27T14:54:27Z
2026-07-27T14:54:16Z,2026-07-27T16:54:16+0200,6e7a462e-9eec-47a6-a2b0-092174843598,2026-07-24T12:00:00Z,2026-07-24T14:00:00+0200,10645.23,MW,BE,BE,forecast_load,Forecasted Load,2026-07-27T14:54:27Z
2026-07-27T14:54:16Z,2026-07-27T16:54:16+0200,6e7a462e-9eec-47a6-a2b0-092174843598,2026-07-24T12:15:00Z,2026-07-24T14:15:00+0200,10621.92,MW,BE,BE,forecast_load,Forecasted Load,2026-07-27T14:54:27Z
2026-07-27T14:54:16Z,2026-07-27T16:54:16+0200,6e7a462e-9eec-47a6-a2b0-092174843598,2026-07-24T12:30:00Z,2026-07-24T14:30:00+0200,10551.32,MW,BE,BE,forecast_load,Forecasted Load,2026-07-27T14:54:27Z
2026-07-27T14:54:16Z,2026-07-27T16:54:16+0200,6e7a462e-9eec-47a6-a2b0-092174843598,2026-07-24T12:45:00Z,2026-07-24T14:45:00+0200,10484.52,MW,BE,BE,forecast_load,Forecasted Load,2026-07-27T14:54:27Z
2026-07-27T14:54:16Z,2026-07-27T16:54:16+0200,6e7a462e-9eec-47a6-a2b0-092174843598,2026-07-24T13:00:00Z,2026-07-24T15:00:00+0200,10411.09,MW,BE,BE,forecast_load,Forecasted Load,2026-07-27T14:54:27Z
2026-07-27T14:54:16Z,2026-07-27T16:54:16+0200,6e7a462e-9eec-47a6-a2b0-092174843598,2026-07-24T13:15:00Z,2026-07-24T15:15:00+0200,10326.25,MW,BE,BE,forecast_load,Forecasted Load,2026-07-27T14:54:27Z
2026-07-27T14:54:16Z,2026-07-27T16:54:16+0200,6e7a462e-9eec-47a6-a2b0-092174843598,2026-07-24T13:30:00Z,2026-07-24T15:30:00+0200,10215.18,MW,BE,BE,forecast_load,Forecasted Load,2026-07-27T14:54:27Z
2026-07-27T14:54:16Z,2026-07-27T16:54:16+0200,6e7a462e-9eec-47a6-a2b0-092174843598,2026-07-24T13:45:00Z,2026-07-24T15:45:00+0200,10130.56,MW,BE,BE,forecast_load,Forecasted Load,2026-07-27T14:54:27Z
2026-07-27T14:54:16Z,2026-07-27T16:54:16+0200,6e7a462e-9eec-47a6-a2b0-092174843598,2026-07-24T14:00:00Z,2026-07-24T16:00:00+0200,9949.06,MW,BE,BE,forecast_load,Forecasted Load,2026-07-27T14:54:27Z
2026-07-27T14:54:16Z,2026-07-27T16:54:16+0200,6e7a462e-9eec-47a6-a2b0-092174843598,2026-07-24T14:15:00Z,2026-07-24T16:15:00+0200,9812.42,MW,BE,BE,forecast_load,Forecasted Load,2026-07-27T14:54:27Z
2026-07-27T14:54:16Z,2026-07-27T16:54:16+0200,6e7a462e-9eec-47a6-a2b0-092174843598,2026-07-24T14:30:00Z,2026-07-24T16:30:00+0200,9786.48,MW,BE,BE,forecast_load,Forecasted Load,2026-07-27T14:54:27Z
2026-07-27T14:54:16Z,2026-07-27T16:54:16+0200,6e7a462e-9eec-47a6-a2b0-092174843598,2026-07-24T14:45:00Z,2026-07-24T16:45:00+0200,9764.25,MW,BE,BE,forecast_load,Forecasted Load,2026-07-27T14:54:27Z
2026-07-27T14:54:16Z,2026-07-27T16:54:16+0200,6e7a462e-9eec-47a6-a2b0-092174843598,2026-07-24T15:00:00Z,2026-07-24T17:00:00+0200,9874.42,MW,BE,BE,forecast_load,Forecasted Load,2026-07-27T14:54:27Z
2026-07-27T14:54:16Z,2026-07-27T16:54:16+0200,6e7a462e-9eec-47a6-a2b0-092174843598,2026-07-24T15:15:00Z,2026-07-24T17:15:00+0200,9800.37,MW,BE,BE,forecast_load,Forecasted Load,2026-07-27T14:54:27Z
2026-07-27T14:54:16Z,2026-07-27T16:54:16+0200,6e7a462e-9eec-47a6-a2b0-092174843598,2026-07-24T15:30:00Z,2026-07-24T17:30:00+0200,9846.07,MW,BE,BE,forecast_load,Forecasted Load,2026-07-27T14:54:27Z
2026-07-27T14:54:16Z,2026-07-27T16:54:16+0200,6e7a462e-9eec-47a6-a2b0-092174843598,2026-07-24T15:45:00Z,2026-07-24T17:45:00+0200,9791.88,MW,BE,BE,forecast_load,Forecasted Load,2026-07-27T14:54:27Z
2026-07-27T14:54:16Z,2026-07-27T16:54:16+0200,6e7a462e-9eec-47a6-a2b0-092174843598,2026-07-24T16:00:00Z,2026-07-24T18:00:00+0200,9718.12,MW,BE,BE,forecast_load,Forecasted Load,2026-07-27T14:54:27Z
2026-07-27T14:54:16Z,2026-07-27T16:54:16+0200,6e7a462e-9eec-47a6-a2b0-092174843598,2026-07-24T16:15:00Z,2026-07-24T18:15:00+0200,9648.51,MW,BE,BE,forecast_load,Forecasted Load,2026-07-27T14:54:27Z
2026-07-27T14:54:16Z,2026-07-27T16:54:16+0200,6e7a462e-9eec-47a6-a2b0-092174843598,2026-07-24T16:30:00Z,2026-07-24T18:30:00+0200,9614.77,MW,BE,BE,forecast_load,Forecasted Load,2026-07-27T14:54:27Z
2026-07-27T14:54:16Z,2026-07-27T16:54:16+0200,6e7a462e-9eec-47a6-a2b0-092174843598,2026-07-24T16:45:00Z,2026-07-24T18:45:00+0200,9549.52,MW,BE,BE,forecast_load,Forecasted Load,2026-07-27T14:54:27Z
2026-07-27T14:54:16Z,2026-07-27T16:54:16+0200,6e7a462e-9eec-47a6-a2b0-092174843598,2026-07-24T17:00:00Z,2026-07-24T19:00:00+0200,9608.2,MW,BE,BE,forecast_load,Forecasted Load,2026-07-27T14:54:27Z
2026-07-27T14:54:16Z,2026-07-27T16:54:16+0200,6e7a462e-9eec-47a6-a2b0-092174843598,2026-07-24T17:15:00Z,2026-07-24T19:15:00+0200,9518.24,MW,BE,BE,forecast_load,Forecasted Load,2026-07-27T14:54:27Z
2026-07-27T14:54:16Z,2026-07-27T16:54:16+0200,6e7a462e-9eec-47a6-a2b0-092174843598,2026-07-24T17:30:00Z,2026-07-24T19:30:00+0200,9472.96,MW,BE,BE,forecast_load,Forecasted Load,2026-07-27T14:54:27Z
2026-07-27T14:54:16Z,2026-07-27T16:54:16+0200,6e7a462e-9eec-47a6-a2b0-092174843598,2026-07-24T17:45:00Z,2026-07-24T19:45:00+0200,9439.65,MW,BE,BE,forecast_load,Forecasted Load,2026-07-27T14:54:27Z
2026-07-27T14:54:16Z,2026-07-27T16:54:16+0200,6e7a462e-9eec-47a6-a2b0-092174843598,2026-07-24T18:00:00Z,2026-07-24T20:00:00+0200,9436.9,MW,BE,BE,forecast_load,Forecasted Load,2026-07-27T14:54:27Z
2026-07-27T14:54:16Z,2026-07-27T16:54:16+0200,6e7a462e-9eec-47a6-a2b0-092174843598,2026-07-24T18:15:00Z,2026-07-24T20:15:00+0200,9343.02,MW,BE,BE,forecast_load,Forecasted Load,2026-07-27T14:54:27Z
2026-07-27T14:54:16Z,2026-07-27T16:54:16+0200,6e7a462e-9eec-47a6-a2b0-092174843598,2026-07-24T18:30:00Z,2026-07-24T20:30:00+0200,9260.25,MW,BE,BE,forecast_load,Forecasted Load,2026-07-27T14:54:27Z
2026-07-27T14:54:16Z,2026-07-27T16:54:16+0200,6e7a462e-9eec-47a6-a2b0-092174843598,2026-07-24T18:45:00Z,2026-07-24T20:45:00+0200,9196.83,MW,BE,BE,forecast_load,Forecasted Load,2026-07-27T14:54:27Z
2026-07-27T14:54:16Z,2026-07-27T16:54:16+0200,6e7a462e-9eec-47a6-a2b0-092174843598,2026-07-24T19:00:00Z,2026-07-24T21:00:00+0200,9100.8,MW,BE,BE,forecast_load,Forecasted Load,2026-07-27T14:54:27Z
2026-07-27T14:54:16Z,2026-07-27T16:54:16+0200,6e7a462e-9eec-47a6-a2b0-092174843598,2026-07-24T19:15:00Z,2026-07-24T21:15:00+0200,9021.93,MW,BE,BE,forecast_load,Forecasted Load,2026-07-27T14:54:27Z
2026-07-27T14:54:16Z,2026-07-27T16:54:16+0200,6e7a462e-9eec-47a6-a2b0-092174843598,2026-07-24T19:30:00Z,2026-07-24T21:30:00+0200,9000.13,MW,BE,BE,forecast_load,Forecasted Load,2026-07-27T14:54:27Z
2026-07-27T14:54:16Z,2026-07-27T16:54:16+0200,6e7a462e-9eec-47a6-a2b0-092174843598,2026-07-24T19:45:00Z,2026-07-24T21:45:00+0200,8976.82,MW,BE,BE,forecast_load,Forecasted Load,2026-07-27T14:54:27Z
2026-07-27T14:54:16Z,2026-07-27T16:54:16+0200,6e7a462e-9eec-47a6-a2b0-092174843598,2026-07-24T20:00:00Z,2026-07-24T22:00:00+0200,8960.67,MW,BE,BE,forecast_load,Forecasted Load,2026-07-27T14:54:27Z
2026-07-27T14:54:16Z,2026-07-27T16:54:16+0200,6e7a462e-9eec-47a6-a2b0-092174843598,2026-07-24T20:15:00Z,2026-07-24T22:15:00+0200,8998.35,MW,BE,BE,forecast_load,Forecasted Load,2026-07-27T14:54:27Z
2026-07-27T14:54:16Z,2026-07-27T16:54:16+0200,6e7a462e-9eec-47a6-a2b0-092174843598,2026-07-24T20:30:00Z,2026-07-24T22:30:00+0200,8952.32,MW,BE,BE,forecast_load,Forecasted Load,2026-07-27T14:54:27Z
2026-07-27T14:54:16Z,2026-07-27T16:54:16+0200,6e7a462e-9eec-47a6-a2b0-092174843598,2026-07-24T20:45:00Z,2026-07-24T22:45:00+0200,8879.08,MW,BE,BE,forecast_load,Forecasted Load,2026-07-27T14:54:27Z
2026-07-27T14:54:16Z,2026-07-27T16:54:16+0200,6e7a462e-9eec-47a6-a2b0-092174843598,2026-07-24T21:00:00Z,2026-07-24T23:00:00+0200,8749.3,MW,BE,BE,forecast_load,Forecasted Load,2026-07-27T14:54:27Z
2026-07-27T14:54:16Z,2026-07-27T16:54:16+0200,6e7a462e-9eec-47a6-a2b0-092174843598,2026-07-24T21:15:00Z,2026-07-24T23:15:00+0200,8652.15,MW,BE,BE,forecast_load,Forecasted Load,2026-07-27T14:54:27Z
2026-07-27T14:54:16Z,2026-07-27T16:54:16+0200,6e7a462e-9eec-47a6-a2b0-092174843598,2026-07-24T21:30:00Z,2026-07-24T23:30:00+0200,8536.57,MW,BE,BE,forecast_load,Forecasted Load,2026-07-27T14:54:27Z
2026-07-27T14:54:16Z,2026-07-27T16:54:16+0200,6e7a462e-9eec-47a6-a2b0-092174843598,2026-07-24T21:45:00Z,2026-07-24T23:45:00+0200,8445.18,MW,BE,BE,forecast_load,Forecasted Load,2026-07-27T14:54:27Z
2026-07-27T14:54:16Z,2026-07-27T16:54:16+0200,6e7a462e-9eec-47a6-a2b0-092174843598,2026-07-24T22:00:00Z,2026-07-25T00:00:00+0200,8188.84,MW,BE,BE,forecast_load,Forecasted Load,2026-07-27T14:54:27Z
2026-07-27T14:54:16Z,2026-07-27T16:54:16+0200,6e7a462e-9eec-47a6-a2b0-092174843598,2026-07-24T22:15:00Z,2026-07-25T00:15:00+0200,8079.83,MW,BE,BE,forecast_load,Forecasted Load,2026-07-27T14:54:27Z
2026-07-27T14:54:16Z,2026-07-27T16:54:16+0200,6e7a462e-9eec-47a6-a2b0-092174843598,2026-07-24T22:30:00Z,2026-07-25T00:30:00+0200,7988.57,MW,BE,BE,forecast_load,Forecasted Load,2026-07-27T14:54:27Z
2026-07-27T14:54:16Z,2026-07-27T16:54:16+0200,6e7a462e-9eec-47a6-a2b0-092174843598,2026-07-24T22:45:00Z,2026-07-25T00:45:00+0200,7925.41,MW,BE,BE,forecast_load,Forecasted Load,2026-07-27T14:54:27Z
2026-07-27T14:54:16Z,2026-07-27T16:54:16+0200,6e7a462e-9eec-47a6-a2b0-092174843598,2026-07-24T23:00:00Z,2026-07-25T01:00:00+0200,7825.37,MW,BE,BE,forecast_load,Forecasted Load,2026-07-27T14:54:27Z
2026-07-27T14:54:16Z,2026-07-27T16:54:16+0200,6e7a462e-9eec-47a6-a2b0-092174843598,2026-07-24T23:15:00Z,2026-07-25T01:15:00+0200,7743.31,MW,BE,BE,forecast_load,Forecasted Load,2026-07-27T14:54:27Z
2026-07-27T14:54:16Z,2026-07-27T16:54:16+0200,6e7a462e-9eec-47a6-a2b0-092174843598,2026-07-24T23:30:00Z,2026-07-25T01:30:00+0200,7652.33,MW,BE,BE,forecast_load,Forecasted Load,2026-07-27T14:54:27Z
2026-07-27T14:54:16Z,2026-07-27T16:54:16+0200,6e7a462e-9eec-47a6-a2b0-092174843598,2026-07-24T23:45:00Z,2026-07-25T01:45:00+0200,7600.49,MW,BE,BE,forecast_load,Forecasted Load,2026-07-27T14:54:27Z
2026-07-27T14:54:16Z,2026-07-27T16:54:16+0200,6e7a462e-9eec-47a6-a2b0-092174843598,2026-07-25T00:00:00Z,2026-07-25T02:00:00+0200,7339.81,MW,BE,BE,forecast_load,Forecasted Load,2026-07-27T14:54:27Z
2026-07-27T14:54:16Z,2026-07-27T16:54:16+0200,6e7a462e-9eec-47a6-a2b0-092174843598,2026-07-25T00:15:00Z,2026-07-25T02:15:00+0200,7291.93,MW,BE,BE,forecast_load,Forecasted Load,2026-07-27T14:54:27Z
2026-07-27T14:54:16Z,2026-07-27T16:54:16+0200,6e7a462e-9eec-47a6-a2b0-092174843598,2026-07-25T00:30:00Z,2026-07-25T02:30:00+0200,7305.02,MW,BE,BE,forecast_load,Forecasted Load,2026-07-27T14:54:27Z
2026-07-27T14:54:16Z,2026-07-27T16:54:16+0200,6e7a462e-9eec-47a6-a2b0-092174843598,2026-07-25T00:45:00Z,2026-07-25T02:45:00+0200,7222.69,MW,BE,BE,forecast_load,Forecasted Load,2026-07-27T14:54:27Z
2026-07-27T14:54:16Z,2026-07-27T16:54:16+0200,6e7a462e-9eec-47a6-a2b0-092174843598,2026-07-25T01:00:00Z,2026-07-25T03:00:00+0200,7220.13,MW,BE,BE,forecast_load,Forecasted Load,2026-07-27T14:54:27Z
2026-07-27T14:54:16Z,2026-07-27T16:54:16+0200,6e7a462e-9eec-47a6-a2b0-092174843598,2026-07-25T01:15:00Z,2026-07-25T03:15:00+0200,7193.0,MW,BE,BE,forecast_load,Forecasted Load,2026-07-27T14:54:27Z
2026-07-27T14:54:16Z,2026-07-27T16:54:16+0200,6e7a462e-9eec-47a6-a2b0-092174843598,2026-07-25T01:30:00Z,2026-07-25T03:30:00+0200,7151.0,MW,BE,BE,forecast_load,Forecasted Load,2026-07-27T14:54:27Z
2026-07-27T14:54:16Z,2026-07-27T16:54:16+0200,6e7a462e-9eec-47a6-a2b0-092174843598,2026-07-25T01:45:00Z,2026-07-25T03:45:00+0200,7105.72,MW,BE,BE,forecast_load,Forecasted Load,2026-07-27T14:54:27Z
2026-07-27T14:54:16Z,2026-07-27T16:54:16+0200,6e7a462e-9eec-47a6-a2b0-092174843598,2026-07-25T02:00:00Z,2026-07-25T04:00:00+0200,7122.84,MW,BE,BE,forecast_load,Forecasted Load,2026-07-27T14:54:27Z
2026-07-27T14:54:16Z,2026-07-27T16:54:16+0200,6e7a462e-9eec-47a6-a2b0-092174843598,2026-07-25T02:15:00Z,2026-07-25T04:15:00+0200,7061.6,MW,BE,BE,forecast_load,Forecasted Load,2026-07-27T14:54:27Z
2026-07-27T14:54:16Z,2026-07-27T16:54:16+0200,6e7a462e-9eec-47a6-a2b0-092174843598,2026-07-25T02:30:00Z,2026-07-25T04:30:00+0200,7062.62,MW,BE,BE,forecast_load,Forecasted Load,2026-07-27T14:54:27Z
2026-07-27T14:54:16Z,2026-07-27T16:54:16+0200,6e7a462e-9eec-47a6-a2b0-092174843598,2026-07-25T02:45:00Z,2026-07-25T04:45:00+0200,7075.99,MW,BE,BE,forecast_load,Forecasted Load,2026-07-27T14:54:27Z
2026-07-27T14:54:16Z,2026-07-27T16:54:16+0200,6e7a462e-9eec-47a6-a2b0-092174843598,2026-07-25T03:00:00Z,2026-07-25T05:00:00+0200,7028.33,MW,BE,BE,forecast_load,Forecasted Load,2026-07-27T14:54:27Z
2026-07-27T14:54:16Z,2026-07-27T16:54:16+0200,6e7a462e-9eec-47a6-a2b0-092174843598,2026-07-25T03:15:00Z,2026-07-25T05:15:00+0200,6983.49,MW,BE,BE,forecast_load,Forecasted Load,2026-07-27T14:54:27Z
2026-07-27T14:54:16Z,2026-07-27T16:54:16+0200,6e7a462e-9eec-47a6-a2b0-092174843598,2026-07-25T03:30:00Z,2026-07-25T05:30:00+0200,6931.29,MW,BE,BE,forecast_load,Forecasted Load,2026-07-27T14:54:27Z
2026-07-27T14:54:16Z,2026-07-27T16:54:16+0200,6e7a462e-9eec-47a6-a2b0-092174843598,2026-07-25T03:45:00Z,2026-07-25T05:45:00+0200,6906.58,MW,BE,BE,forecast_load,Forecasted Load,2026-07-27T14:54:27Z
2026-07-27T14:54:16Z,2026-07-27T16:54:16+0200,6e7a462e-9eec-47a6-a2b0-092174843598,2026-07-25T04:00:00Z,2026-07-25T06:00:00+0200,7007.3,MW,BE,BE,forecast_load,Forecasted Load,2026-07-27T14:54:27Z
2026-07-27T14:54:16Z,2026-07-27T16:54:16+0200,6e7a462e-9eec-47a6-a2b0-092174843598,2026-07-25T04:15:00Z,2026-07-25T06:15:00+0200,7122.62,MW,BE,BE,forecast_load,Forecasted Load,2026-07-27T14:54:27Z
2026-07-27T14:54:16Z,2026-07-27T16:54:16+0200,6e7a462e-9eec-47a6-a2b0-092174843598,2026-07-25T04:30:00Z,2026-07-25T06:30:00+0200,7153.17,MW,BE,BE,forecast_load,Forecasted Load,2026-07-27T14:54:27Z
2026-07-27T14:54:16Z,2026-07-27T16:54:16+0200,6e7a462e-9eec-47a6-a2b0-092174843598,2026-07-25T04:45:00Z,2026-07-25T06:45:00+0200,7239.62,MW,BE,BE,forecast_load,Forecasted Load,2026-07-27T14:54:27Z
2026-07-27T14:54:16Z,2026-07-27T16:54:16+0200,6e7a462e-9eec-47a6-a2b0-092174843598,2026-07-25T05:00:00Z,2026-07-25T07:00:00+0200,7362.77,MW,BE,BE,forecast_load,Forecasted Load,2026-07-27T14:54:27Z
2026-07-27T14:54:16Z,2026-07-27T16:54:16+0200,6e7a462e-9eec-47a6-a2b0-092174843598,2026-07-25T05:15:00Z,2026-07-25T07:15:00+0200,7434.2,MW,BE,BE,forecast_load,Forecasted Load,2026-07-27T14:54:27Z
2026-07-27T14:54:16Z,2026-07-27T16:54:16+0200,6e7a462e-9eec-47a6-a2b0-092174843598,2026-07-25T05:30:00Z,2026-07-25T07:30:00+0200,7527.2,MW,BE,BE,forecast_load,Forecasted Load,2026-07-27T14:54:27Z
2026-07-27T14:54:16Z,2026-07-27T16:54:16+0200,6e7a462e-9eec-47a6-a2b0-092174843598,2026-07-25T05:45:00Z,2026-07-25T07:45:00+0200,7579.77,MW,BE,BE,forecast_load,Forecasted Load,2026-07-27T14:54:27Z
2026-07-27T14:54:16Z,2026-07-27T16:54:16+0200,6e7a462e-9eec-47a6-a2b0-092174843598,2026-07-25T06:00:00Z,2026-07-25T08:00:00+0200,7645.58,MW,BE,BE,forecast_load,Forecasted Load,2026-07-27T14:54:27Z
2026-07-27T14:54:16Z,2026-07-27T16:54:16+0200,6e7a462e-9eec-47a6-a2b0-092174843598,2026-07-25T06:15:00Z,2026-07-25T08:15:00+0200,7741.29,MW,BE,BE,forecast_load,Forecasted Load,2026-07-27T14:54:27Z
2026-07-27T14:54:16Z,2026-07-27T16:54:16+0200,6e7a462e-9eec-47a6-a2b0-092174843598,2026-07-25T06:30:00Z,2026-07-25T08:30:00+0200,7839.46,MW,BE,BE,forecast_load,Forecasted Load,2026-07-27T14:54:27Z
2026-07-27T14:54:16Z,2026-07-27T16:54:16+0200,6e7a462e-9eec-47a6-a2b0-092174843598,2026-07-25T06:45:00Z,2026-07-25T08:45:00+0200,7938.14,MW,BE,BE,forecast_load,Forecasted Load,2026-07-27T14:54:27Z
2026-07-27T14:54:16Z,2026-07-27T16:54:16+0200,6e7a462e-9eec-47a6-a2b0-092174843598,2026-07-25T07:00:00Z,2026-07-25T09:00:00+0200,8086.13,MW,BE,BE,forecast_load,Forecasted Load,2026-07-27T14:54:27Z
2026-07-27T14:54:16Z,2026-07-27T16:54:16+0200,6e7a462e-9eec-47a6-a2b0-092174843598,2026-07-25T07:15:00Z,2026-07-25T09:15:00+0200,8196.68,MW,BE,BE,forecast_load,Forecasted Load,2026-07-27T14:54:27Z
2026-07-27T14:54:16Z,2026-07-27T16:54:16+0200,6e7a462e-9eec-47a6-a2b0-092174843598,2026-07-25T07:30:00Z,2026-07-25T09:30:00+0200,8369.03,MW,BE,BE,forecast_load,Forecasted Load,2026-07-27T14:54:27Z
2026-07-27T14:54:16Z,2026-07-27T16:54:16+0200,6e7a462e-9eec-47a6-a2b0-092174843598,2026-07-25T07:45:00Z,2026-07-25T09:45:00+0200,8451.32,MW,BE,BE,forecast_load,Forecasted Load,2026-07-27T14:54:27Z
2026-07-27T14:54:16Z,2026-07-27T16:54:16+0200,6e7a462e-9eec-47a6-a2b0-092174843598,2026-07-25T08:00:00Z,2026-07-25T10:00:00+0200,8573.05,MW,BE,BE,forecast_load,Forecasted Load,2026-07-27T14:54:27Z
2026-07-27T14:54:16Z,2026-07-27T16:54:16+0200,6e7a462e-9eec-47a6-a2b0-092174843598,2026-07-25T08:15:00Z,2026-07-25T10:15:00+0200,8749.18,MW,BE,BE,forecast_load,Forecasted Load,2026-07-27T14:54:27Z
2026-07-27T14:54:16Z,2026-07-27T16:54:16+0200,6e7a462e-9eec-47a6-a2b0-092174843598,2026-07-25T08:30:00Z,2026-07-25T10:30:00+0200,8815.99,MW,BE,BE,forecast_load,Forecasted Load,2026-07-27T14:54:27Z
2026-07-27T14:54:16Z,2026-07-27T16:54:16+0200,6e7a462e-9eec-47a6-a2b0-092174843598,2026-07-25T08:45:00Z,2026-07-25T10:45:00+0200,8883.95,MW,BE,BE,forecast_load,Forecasted Load,2026-07-27T14:54:27Z
2026-07-27T14:54:16Z,2026-07-27T16:54:16+0200,6e7a462e-9eec-47a6-a2b0-092174843598,2026-07-25T09:00:00Z,2026-07-25T11:00:00+0200,9258.1,MW,BE,BE,forecast_load,Forecasted Load,2026-07-27T14:54:27Z
2026-07-27T14:54:16Z,2026-07-27T16:54:16+0200,6e7a462e-9eec-47a6-a2b0-092174843598,2026-07-25T09:15:00Z,2026-07-25T11:15:00+0200,9320.3,MW,BE,BE,forecast_load,Forecasted Load,2026-07-27T14:54:27Z
2026-07-27T14:54:16Z,2026-07-27T16:54:16+0200,6e7a462e-9eec-47a6-a2b0-092174843598,2026-07-25T09:30:00Z,2026-07-25T11:30:00+0200,9366.56,MW,BE,BE,forecast_load,Forecasted Load,2026-07-27T14:54:27Z
2026-07-27T14:54:16Z,2026-07-27T16:54:16+0200,6e7a462e-9eec-47a6-a2b0-092174843598,2026-07-25T09:45:00Z,2026-07-25T11:45:00+0200,9430.43,MW,BE,BE,forecast_load,Forecasted Load,2026-07-27T14:54:27Z
2026-07-27T14:54:16Z,2026-07-27T16:54:16+0200,6e7a462e-9eec-47a6-a2b0-092174843598,2026-07-25T10:00:00Z,2026-07-25T12:00:00+0200,9845.32,MW,BE,BE,forecast_load,Forecasted Load,2026-07-27T14:54:27Z
2026-07-27T14:54:16Z,2026-07-27T16:54:16+0200,6e7a462e-9eec-47a6-a2b0-092174843598,2026-07-25T10:15:00Z,2026-07-25T12:15:00+0200,9886.03,MW,BE,BE,forecast_load,Forecasted Load,2026-07-27T14:54:27Z
2026-07-27T14:54:16Z,2026-07-27T16:54:16+0200,6e7a462e-9eec-47a6-a2b0-092174843598,2026-07-25T10:30:00Z,2026-07-25T12:30:00+0200,9929.75,MW,BE,BE,forecast_load,Forecasted Load,2026-07-27T14:54:27Z
2026-07-27T14:54:16Z,2026-07-27T16:54:16+0200,6e7a462e-9eec-47a6-a2b0-092174843598,2026-07-25T10:45:00Z,2026-07-25T12:45:00+0200,9914.06,MW,BE,BE,forecast_load,Forecasted Load,2026-07-27T14:54:27Z
2026-07-27T14:54:16Z,2026-07-27T16:54:16+0200,6e7a462e-9eec-47a6-a2b0-092174843598,2026-07-25T11:00:00Z,2026-07-25T13:00:00+0200,9809.41,MW,BE,BE,forecast_load,Forecasted Load,2026-07-27T14:54:27Z
2026-07-27T14:54:16Z,2026-07-27T16:54:16+0200,6e7a462e-9eec-47a6-a2b0-092174843598,2026-07-25T11:15:00Z,2026-07-25T13:15:00+0200,9796.25,MW,BE,BE,forecast_load,Forecasted Load,2026-07-27T14:54:27Z
2026-07-27T14:54:16Z,2026-07-27T16:54:16+0200,6e7a462e-9eec-47a6-a2b0-092174843598,2026-07-25T11:30:00Z,2026-07-25T13:30:00+0200,9669.57,MW,BE,BE,forecast_load,Forecasted Load,2026-07-27T14:54:27Z
2026-07-27T14:54:16Z,2026-07-27T16:54:16+0200,6e7a462e-9eec-47a6-a2b0-092174843598,2026-07-25T11:45:00Z,2026-07-25T13:45:00+0200,9634.74,MW,BE,BE,forecast_load,Forecasted Load,2026-07-27T14:54:27Z
2026-07-27T14:54:16Z,2026-07-27T16:54:16+0200,6e7a462e-9eec-47a6-a2b0-092174843598,2026-07-25T12:00:00Z,2026-07-25T14:00:00+0200,9467.94,MW,BE,BE,forecast_load,Forecasted Load,2026-07-27T14:54:27Z
2026-07-27T14:54:16Z,2026-07-27T16:54:16+0200,6e7a462e-9eec-47a6-a2b0-092174843598,2026-07-25T12:15:00Z,2026-07-25T14:15:00+0200,9419.63,MW,BE,BE,forecast_load,Forecasted Load,2026-07-27T14:54:27Z
2026-07-27T14:54:16Z,2026-07-27T16:54:16+0200,6e7a462e-9eec-47a6-a2b0-092174843598,2026-07-25T12:30:00Z,2026-07-25T14:30:00+0200,9409.21,MW,BE,BE,forecast_load,Forecasted Load,2026-07-27T14:54:27Z
2026-07-27T14:54:16Z,2026-07-27T16:54:16+0200,6e7a462e-9eec-47a6-a2b0-092174843598,2026-07-25T12:45:00Z,2026-07-25T14:45:00+0200,9337.67,MW,BE,BE,forecast_load,Forecasted Load,2026-07-27T14:54:27Z
2026-07-27T14:54:16Z,2026-07-27T16:54:16+0200,6e7a462e-9eec-47a6-a2b0-092174843598,2026-07-25T13:00:00Z,2026-07-25T15:00:00+0200,9322.15,MW,BE,BE,forecast_load,Forecasted Load,2026-07-27T14:54:27Z
2026-07-27T14:54:16Z,2026-07-27T16:54:16+0200,6e7a462e-9eec-47a6-a2b0-092174843598,2026-07-25T13:15:00Z,2026-07-25T15:15:00+0200,9260.02,MW,BE,BE,forecast_load,Forecasted Load,2026-07-27T14:54:27Z
2026-07-27T14:54:16Z,2026-07-27T16:54:16+0200,6e7a462e-9eec-47a6-a2b0-092174843598,2026-07-25T13:30:00Z,2026-07-25T15:30:00+0200,9200.71,MW,BE,BE,forecast_load,Forecasted Load,2026-07-27T14:54:27Z
2026-07-27T14:54:16Z,2026-07-27T16:54:16+0200,6e7a462e-9eec-47a6-a2b0-092174843598,2026-07-25T13:45:00Z,2026-07-25T15:45:00+0200,9052.43,MW,BE,BE,forecast_load,Forecasted Load,2026-07-27T14:54:27Z
2026-07-27T14:54:16Z,2026-07-27T16:54:16+0200,6e7a462e-9eec-47a6-a2b0-092174843598,2026-07-25T14:00:00Z,2026-07-25T16:00:00+0200,9145.26,MW,BE,BE,forecast_load,Forecasted Load,2026-07-27T14:54:27Z
2026-07-27T14:54:16Z,2026-07-27T16:54:16+0200,6e7a462e-9eec-47a6-a2b0-092174843598,2026-07-25T14:15:00Z,2026-07-25T16:15:00+0200,9013.23,MW,BE,BE,forecast_load,Forecasted Load,2026-07-27T14:54:27Z
2026-07-27T14:54:16Z,2026-07-27T16:54:16+0200,6e7a462e-9eec-47a6-a2b0-092174843598,2026-07-25T14:30:00Z,2026-07-25T16:30:00+0200,8953.7,MW,BE,BE,forecast_load,Forecasted Load,2026-07-27T14:54:27Z
2026-07-27T14:54:16Z,2026-07-27T16:54:16+0200,6e7a462e-9eec-47a6-a2b0-092174843598,2026-07-25T14:45:00Z,2026-07-25T16:45:00+0200,8949.95,MW,BE,BE,forecast_load,Forecasted Load,2026-07-27T14:54:27Z
2026-07-27T14:54:16Z,2026-07-27T16:54:16+0200,6e7a462e-9eec-47a6-a2b0-092174843598,2026-07-25T15:00:00Z,2026-07-25T17:00:00+0200,8937.03,MW,BE,BE,forecast_load,Forecasted Load,2026-07-27T14:54:27Z
2026-07-27T14:54:16Z,2026-07-27T16:54:16+0200,6e7a462e-9eec-47a6-a2b0-092174843598,2026-07-25T15:15:00Z,2026-07-25T17:15:00+0200,8792.06,MW,BE,BE,forecast_load,Forecasted Load,2026-07-27T14:54:27Z
2026-07-27T14:54:16Z,2026-07-27T16:54:16+0200,6e7a462e-9eec-47a6-a2b0-092174843598,2026-07-25T15:30:00Z,2026-07-25T17:30:00+0200,8835.78,MW,BE,BE,forecast_load,Forecasted Load,2026-07-27T14:54:27Z
2026-07-27T14:54:16Z,2026-07-27T16:54:16+0200,6e7a462e-9eec-47a6-a2b0-092174843598,2026-07-25T15:45:00Z,2026-07-25T17:45:00+0200,8855.37,MW,BE,BE,forecast_load,Forecasted Load,2026-07-27T14:54:27Z
2026-07-27T14:54:16Z,2026-07-27T16:54:16+0200,6e7a462e-9eec-47a6-a2b0-092174843598,2026-07-25T16:00:00Z,2026-07-25T18:00:00+0200,8583.95,MW,BE,BE,forecast_load,Forecasted Load,2026-07-27T14:54:27Z
2026-07-27T14:54:16Z,2026-07-27T16:54:16+0200,6e7a462e-9eec-47a6-a2b0-092174843598,2026-07-25T16:15:00Z,2026-07-25T18:15:00+0200,8534.56,MW,BE,BE,forecast_load,Forecasted Load,2026-07-27T14:54:27Z
2026-07-27T14:54:16Z,2026-07-27T16:54:16+0200,6e7a462e-9eec-47a6-a2b0-092174843598,2026-07-25T16:30:00Z,2026-07-25T18:30:00+0200,8495.69,MW,BE,BE,forecast_load,Forecasted Load,2026-07-27T14:54:27Z
2026-07-27T14:54:16Z,2026-07-27T16:54:16+0200,6e7a462e-9eec-47a6-a2b0-092174843598,2026-07-25T16:45:00Z,2026-07-25T18:45:00+0200,8484.32,MW,BE,BE,forecast_load,Forecasted Load,2026-07-27T14:54:27Z
2026-07-27T14:54:16Z,2026-07-27T16:54:16+0200,6e7a462e-9eec-47a6-a2b0-092174843598,2026-07-25T17:00:00Z,2026-07-25T19:00:00+0200,8562.27,MW,BE,BE,forecast_load,Forecasted Load,2026-07-27T14:54:27Z
2026-07-27T14:54:16Z,2026-07-27T16:54:16+0200,6e7a462e-9eec-47a6-a2b0-092174843598,2026-07-25T17:15:00Z,2026-07-25T19:15:00+0200,8518.05,MW,BE,BE,forecast_load,Forecasted Load,2026-07-27T14:54:27Z
2026-07-27T14:54:16Z,2026-07-27T16:54:16+0200,6e7a462e-9eec-47a6-a2b0-092174843598,2026-07-25T17:30:00Z,2026-07-25T19:30:00+0200,8530.57,MW,BE,BE,forecast_load,Forecasted Load,2026-07-27T14:54:27Z
2026-07-27T14:54:16Z,2026-07-27T16:54:16+0200,6e7a462e-9eec-47a6-a2b0-092174843598,2026-07-25T17:45:00Z,2026-07-25T19:45:00+0200,8517.6,MW,BE,BE,forecast_load,Forecasted Load,2026-07-27T14:54:27Z
2026-07-27T14:54:16Z,2026-07-27T16:54:16+0200,6e7a462e-9eec-47a6-a2b0-092174843598,2026-07-25T18:00:00Z,2026-07-25T20:00:00+0200,8441.16,MW,BE,BE,forecast_load,Forecasted Load,2026-07-27T14:54:27Z
2026-07-27T14:54:16Z,2026-07-27T16:54:16+0200,6e7a462e-9eec-47a6-a2b0-092174843598,2026-07-25T18:15:00Z,2026-07-25T20:15:00+0200,8460.83,MW,BE,BE,forecast_load,Forecasted Load,2026-07-27T14:54:27Z
2026-07-27T14:54:16Z,2026-07-27T16:54:16+0200,6e7a462e-9eec-47a6-a2b0-092174843598,2026-07-25T18:30:00Z,2026-07-25T20:30:00+0200,8429.84,MW,BE,BE,forecast_load,Forecasted Load,2026-07-27T14:54:27Z
2026-07-27T14:54:16Z,2026-07-27T16:54:16+0200,6e7a462e-9eec-47a6-a2b0-092174843598,2026-07-25T18:45:00Z,2026-07-25T20:45:00+0200,8366.35,MW,BE,BE,forecast_load,Forecasted Load,2026-07-27T14:54:27Z
2026-07-27T14:54:16Z,2026-07-27T16:54:16+0200,6e7a462e-9eec-47a6-a2b0-092174843598,2026-07-25T19:00:00Z,2026-07-25T21:00:00+0200,8278.84,MW,BE,BE,forecast_load,Forecasted Load,2026-07-27T14:54:27Z
2026-07-27T14:54:16Z,2026-07-27T16:54:16+0200,6e7a462e-9eec-47a6-a2b0-092174843598,2026-07-25T19:15:00Z,2026-07-25T21:15:00+0200,8169.3,MW,BE,BE,forecast_load,Forecasted Load,2026-07-27T14:54:27Z
2026-07-27T14:54:16Z,2026-07-27T16:54:16+0200,6e7a462e-9eec-47a6-a2b0-092174843598,2026-07-25T19:30:00Z,2026-07-25T21:30:00+0200,8099.53,MW,BE,BE,forecast_load,Forecasted Load,2026-07-27T14:54:27Z
2026-07-27T14:54:16Z,2026-07-27T16:54:16+0200,6e7a462e-9eec-47a6-a2b0-092174843598,2026-07-25T19:45:00Z,2026-07-25T21:45:00+0200,8021.62,MW,BE,BE,forecast_load,Forecasted Load,2026-07-27T14:54:27Z
2026-07-27T14:54:16Z,2026-07-27T16:54:16+0200,6e7a462e-9eec-47a6-a2b0-092174843598,2026-07-25T20:00:00Z,2026-07-25T22:00:00+0200,8110.83,MW,BE,BE,forecast_load,Forecasted Load,2026-07-27T14:54:27Z
2026-07-27T14:54:16Z,2026-07-27T16:54:16+0200,6e7a462e-9eec-47a6-a2b0-092174843598,2026-07-25T20:15:00Z,2026-07-25T22:15:00+0200,8174.52,MW,BE,BE,forecast_load,Forecasted Load,2026-07-27T14:54:27Z
2026-07-27T14:54:16Z,2026-07-27T16:54:16+0200,6e7a462e-9eec-47a6-a2b0-092174843598,2026-07-25T20:30:00Z,2026-07-25T22:30:00+0200,8108.15,MW,BE,BE,forecast_load,Forecasted Load,2026-07-27T14:54:27Z
2026-07-27T14:54:16Z,2026-07-27T16:54:16+0200,6e7a462e-9eec-47a6-a2b0-092174843598,2026-07-25T20:45:00Z,2026-07-25T22:45:00+0200,8088.29,MW,BE,BE,forecast_load,Forecasted Load,2026-07-27T14:54:27Z
2026-07-27T14:54:16Z,2026-07-27T16:54:16+0200,6e7a462e-9eec-47a6-a2b0-092174843598,2026-07-25T21:00:00Z,2026-07-25T23:00:00+0200,7958.09,MW,BE,BE,forecast_load,Forecasted Load,2026-07-27T14:54:27Z
2026-07-27T14:54:16Z,2026-07-27T16:54:16+0200,6e7a462e-9eec-47a6-a2b0-092174843598,2026-07-25T21:15:00Z,2026-07-25T23:15:00+0200,7929.24,MW,BE,BE,forecast_load,Forecasted Load,2026-07-27T14:54:27Z
2026-07-27T14:54:16Z,2026-07-27T16:54:16+0200,6e7a462e-9eec-47a6-a2b0-092174843598,2026-07-25T21:30:00Z,2026-07-25T23:30:00+0200,7832.19,MW,BE,BE,forecast_load,Forecasted Load,2026-07-27T14:54:27Z
2026-07-27T14:54:16Z,2026-07-27T16:54:16+0200,6e7a462e-9eec-47a6-a2b0-092174843598,2026-07-25T21:45:00Z,2026-07-25T23:45:00+0200,7676.21,MW,BE,BE,forecast_load,Forecasted Load,2026-07-27T14:54:27Z
2026-07-27T14:54:16Z,2026-07-27T16:54:16+0200,6e7a462e-9eec-47a6-a2b0-092174843598,2026-07-25T22:00:00Z,2026-07-26T00:00:00+0200,7709.83,MW,BE,BE,forecast_load,Forecasted Load,2026-07-27T14:54:27Z
2026-07-27T14:54:16Z,2026-07-27T16:54:16+0200,6e7a462e-9eec-47a6-a2b0-092174843598,2026-07-25T22:15:00Z,2026-07-26T00:15:00+0200,7609.46,MW,BE,BE,forecast_load,Forecasted Load,2026-07-27T14:54:27Z
2026-07-27T14:54:16Z,2026-07-27T16:54:16+0200,6e7a462e-9eec-47a6-a2b0-092174843598,2026-07-25T22:30:00Z,2026-07-26T00:30:00+0200,7516.53,MW,BE,BE,forecast_load,Forecasted Load,2026-07-27T14:54:27Z
2026-07-27T14:54:16Z,2026-07-27T16:54:16+0200,6e7a462e-9eec-47a6-a2b0-092174843598,2026-07-25T22:45:00Z,2026-07-26T00:45:00+0200,7511.83,MW,BE,BE,forecast_load,Forecasted Load,2026-07-27T14:54:27Z
2026-07-27T14:54:16Z,2026-07-27T16:54:16+0200,6e7a462e-9eec-47a6-a2b0-092174843598,2026-07-25T23:00:00Z,2026-07-26T01:00:00+0200,7415.28,MW,BE,BE,forecast_load,Forecasted Load,2026-07-27T14:54:27Z
2026-07-27T14:54:16Z,2026-07-27T16:54:16+0200,6e7a462e-9eec-47a6-a2b0-092174843598,2026-07-25T23:15:00Z,2026-07-26T01:15:00+0200,7406.86,MW,BE,BE,forecast_load,Forecasted Load,2026-07-27T14:54:27Z
2026-07-27T14:54:16Z,2026-07-27T16:54:16+0200,6e7a462e-9eec-47a6-a2b0-092174843598,2026-07-25T23:30:00Z,2026-07-26T01:30:00+0200,7311.4,MW,BE,BE,forecast_load,Forecasted Load,2026-07-27T14:54:27Z
2026-07-27T14:54:16Z,2026-07-27T16:54:16+0200,6e7a462e-9eec-47a6-a2b0-092174843598,2026-07-25T23:45:00Z,2026-07-26T01:45:00+0200,7237.89,MW,BE,BE,forecast_load,Forecasted Load,2026-07-27T14:54:27Z
2026-07-27T14:54:16Z,2026-07-27T16:54:16+0200,6e7a462e-9eec-47a6-a2b0-092174843598,2026-07-26T00:00:00Z,2026-07-26T02:00:00+0200,7178.06,MW,BE,BE,forecast_load,Forecasted Load,2026-07-27T14:54:27Z
2026-07-27T14:54:16Z,2026-07-27T16:54:16+0200,6e7a462e-9eec-47a6-a2b0-092174843598,2026-07-26T00:15:00Z,2026-07-26T02:15:00+0200,7052.41,MW,BE,BE,forecast_load,Forecasted Load,2026-07-27T14:54:27Z
2026-07-27T14:54:16Z,2026-07-27T16:54:16+0200,6e7a462e-9eec-47a6-a2b0-092174843598,2026-07-26T00:30:00Z,2026-07-26T02:30:00+0200,7010.9,MW,BE,BE,forecast_load,Forecasted Load,2026-07-27T14:54:27Z
2026-07-27T14:54:16Z,2026-07-27T16:54:16+0200,6e7a462e-9eec-47a6-a2b0-092174843598,2026-07-26T00:45:00Z,2026-07-26T02:45:00+0200,7005.2,MW,BE,BE,forecast_load,Forecasted Load,2026-07-27T14:54:27Z
2026-07-27T14:54:16Z,2026-07-27T16:54:16+0200,6e7a462e-9eec-47a6-a2b0-092174843598,2026-07-26T01:00:00Z,2026-07-26T03:00:00+0200,6977.27,MW,BE,BE,forecast_load,Forecasted Load,2026-07-27T14:54:27Z
2026-07-27T14:54:16Z,2026-07-27T16:54:16+0200,6e7a462e-9eec-47a6-a2b0-092174843598,2026-07-26T01:15:00Z,2026-07-26T03:15:00+0200,6931.51,MW,BE,BE,forecast_load,Forecasted Load,2026-07-27T14:54:27Z
2026-07-27T14:54:16Z,2026-07-27T16:54:16+0200,6e7a462e-9eec-47a6-a2b0-092174843598,2026-07-26T01:30:00Z,2026-07-26T03:30:00+0200,6924.35,MW,BE,BE,forecast_load,Forecasted Load,2026-07-27T14:54:27Z
2026-07-27T14:54:16Z,2026-07-27T16:54:16+0200,6e7a462e-9eec-47a6-a2b0-092174843598,2026-07-26T01:45:00Z,2026-07-26T03:45:00+0200,6859.29,MW,BE,BE,forecast_load,Forecasted Load,2026-07-27T14:54:27Z
2026-07-27T14:54:16Z,2026-07-27T16:54:16+0200,6e7a462e-9eec-47a6-a2b0-092174843598,2026-07-26T02:00:00Z,2026-07-26T04:00:00+0200,6843.73,MW,BE,BE,forecast_load,Forecasted Load,2026-07-27T14:54:27Z
2026-07-27T14:54:16Z,2026-07-27T16:54:16+0200,6e7a462e-9eec-47a6-a2b0-092174843598,2026-07-26T02:15:00Z,2026-07-26T04:15:00+0200,6824.18,MW,BE,BE,forecast_load,Forecasted Load,2026-07-27T14:54:27Z
2026-07-27T14:54:16Z,2026-07-27T16:54:16+0200,6e7a462e-9eec-47a6-a2b0-092174843598,2026-07-26T02:30:00Z,2026-07-26T04:30:00+0200,6790.39,MW,BE,BE,forecast_load,Forecasted Load,2026-07-27T14:54:27Z
2026-07-27T14:54:16Z,2026-07-27T16:54:16+0200,6e7a462e-9eec-47a6-a2b0-092174843598,2026-07-26T02:45:00Z,2026-07-26T04:45:00+0200,6795.84,MW,BE,BE,forecast_load,Forecasted Load,2026-07-27T14:54:27Z
2026-07-27T14:54:16Z,2026-07-27T16:54:16+0200,6e7a462e-9eec-47a6-a2b0-092174843598,2026-07-26T03:00:00Z,2026-07-26T05:00:00+0200,6783.2,MW,BE,BE,forecast_load,Forecasted Load,2026-07-27T14:54:27Z
2026-07-27T14:54:16Z,2026-07-27T16:54:16+0200,6e7a462e-9eec-47a6-a2b0-092174843598,2026-07-26T03:15:00Z,2026-07-26T05:15:00+0200,6741.15,MW,BE,BE,forecast_load,Forecasted Load,2026-07-27T14:54:27Z
2026-07-27T14:54:16Z,2026-07-27T16:54:16+0200,6e7a462e-9eec-47a6-a2b0-092174843598,2026-07-26T03:30:00Z,2026-07-26T05:30:00+0200,6739.17,MW,BE,BE,forecast_load,Forecasted Load,2026-07-27T14:54:27Z
2026-07-27T14:54:16Z,2026-07-27T16:54:16+0200,6e7a462e-9eec-47a6-a2b0-092174843598,2026-07-26T03:45:00Z,2026-07-26T05:45:00+0200,6685.54,MW,BE,BE,forecast_load,Forecasted Load,2026-07-27T14:54:27Z
2026-07-27T14:54:16Z,2026-07-27T16:54:16+0200,6e7a462e-9eec-47a6-a2b0-092174843598,2026-07-26T04:00:00Z,2026-07-26T06:00:00+0200,6753.83,MW,BE,BE,forecast_load,Forecasted Load,2026-07-27T14:54:27Z
2026-07-27T14:54:16Z,2026-07-27T16:54:16+0200,6e7a462e-9eec-47a6-a2b0-092174843598,2026-07-26T04:15:00Z,2026-07-26T06:15:00+0200,6786.55,MW,BE,BE,forecast_load,Forecasted Load,2026-07-27T14:54:27Z
2026-07-27T14:54:16Z,2026-07-27T16:54:16+0200,6e7a462e-9eec-47a6-a2b0-092174843598,2026-07-26T04:30:00Z,2026-07-26T06:30:00+0200,6848.94,MW,BE,BE,forecast_load,Forecasted Load,2026-07-27T14:54:27Z
2026-07-27T14:54:16Z,2026-07-27T16:54:16+0200,6e7a462e-9eec-47a6-a2b0-092174843598,2026-07-26T04:45:00Z,2026-07-26T06:45:00+0200,6901.97,MW,BE,BE,forecast_load,Forecasted Load,2026-07-27T14:54:27Z
2026-07-27T14:54:16Z,2026-07-27T16:54:16+0200,6e7a462e-9eec-47a6-a2b0-092174843598,2026-07-26T05:00:00Z,2026-07-26T07:00:00+0200,6941.43,MW,BE,BE,forecast_load,Forecasted Load,2026-07-27T14:54:27Z
2026-07-27T14:54:16Z,2026-07-27T16:54:16+0200,6e7a462e-9eec-47a6-a2b0-092174843598,2026-07-26T05:15:00Z,2026-07-26T07:15:00+0200,7018.55,MW,BE,BE,forecast_load,Forecasted Load,2026-07-27T14:54:27Z
2026-07-27T14:54:16Z,2026-07-27T16:54:16+0200,6e7a462e-9eec-47a6-a2b0-092174843598,2026-07-26T05:30:00Z,2026-07-26T07:30:00+0200,7088.35,MW,BE,BE,forecast_load,Forecasted Load,2026-07-27T14:54:27Z
2026-07-27T14:54:16Z,2026-07-27T16:54:16+0200,6e7a462e-9eec-47a6-a2b0-092174843598,2026-07-26T05:45:00Z,2026-07-26T07:45:00+0200,7171.81,MW,BE,BE,forecast_load,Forecasted Load,2026-07-27T14:54:27Z
2026-07-27T14:54:16Z,2026-07-27T16:54:16+0200,6e7a462e-9eec-47a6-a2b0-092174843598,2026-07-26T06:00:00Z,2026-07-26T08:00:00+0200,7210.91,MW,BE,BE,forecast_load,Forecasted Load,2026-07-27T14:54:27Z
2026-07-27T14:54:16Z,2026-07-27T16:54:16+0200,6e7a462e-9eec-47a6-a2b0-092174843598,2026-07-26T06:15:00Z,2026-07-26T08:15:00+0200,7289.66,MW,BE,BE,forecast_load,Forecasted Load,2026-07-27T14:54:27Z
2026-07-27T14:54:16Z,2026-07-27T16:54:16+0200,6e7a462e-9eec-47a6-a2b0-092174843598,2026-07-26T06:30:00Z,2026-07-26T08:30:00+0200,7400.5,MW,BE,BE,forecast_load,Forecasted Load,2026-07-27T14:54:27Z
2026-07-27T14:54:16Z,2026-07-27T16:54:16+0200,6e7a462e-9eec-47a6-a2b0-092174843598,2026-07-26T06:45:00Z,2026-07-26T08:45:00+0200,7537.82,MW,BE,BE,forecast_load,Forecasted Load,2026-07-27T14:54:27Z
2026-07-27T14:54:16Z,2026-07-27T16:54:16+0200,6e7a462e-9eec-47a6-a2b0-092174843598,2026-07-26T07:00:00Z,2026-07-26T09:00:00+0200,7662.77,MW,BE,BE,forecast_load,Forecasted Load,2026-07-27T14:54:27Z
2026-07-27T14:54:16Z,2026-07-27T16:54:16+0200,6e7a462e-9eec-47a6-a2b0-092174843598,2026-07-26T07:15:00Z,2026-07-26T09:15:00+0200,7787.3,MW,BE,BE,forecast_load,Forecasted Load,2026-07-27T14:54:27Z
2026-07-27T14:54:16Z,2026-07-27T16:54:16+0200,6e7a462e-9eec-47a6-a2b0-092174843598,2026-07-26T07:30:00Z,2026-07-26T09:30:00+0200,7894.46,MW,BE,BE,forecast_load,Forecasted Load,2026-07-27T14:54:27Z
2026-07-27T14:54:16Z,2026-07-27T16:54:16+0200,6e7a462e-9eec-47a6-a2b0-092174843598,2026-07-26T07:45:00Z,2026-07-26T09:45:00+0200,8018.73,MW,BE,BE,forecast_load,Forecasted Load,2026-07-27T14:54:27Z
2026-07-27T14:54:16Z,2026-07-27T16:54:16+0200,6e7a462e-9eec-47a6-a2b0-092174843598,2026-07-26T08:00:00Z,2026-07-26T10:00:00+0200,8031.41,MW,BE,BE,forecast_load,Forecasted Load,2026-07-27T14:54:27Z
2026-07-27T14:54:16Z,2026-07-27T16:54:16+0200,6e7a462e-9eec-47a6-a2b0-092174843598,2026-07-26T08:15:00Z,2026-07-26T10:15:00+0200,8218.78,MW,BE,BE,forecast_load,Forecasted Load,2026-07-27T14:54:27Z
2026-07-27T14:54:16Z,2026-07-27T16:54:16+0200,6e7a462e-9eec-47a6-a2b0-092174843598,2026-07-26T08:30:00Z,2026-07-26T10:30:00+0200,8357.92,MW,BE,BE,forecast_load,Forecasted Load,2026-07-27T14:54:27Z
2026-07-27T14:54:16Z,2026-07-27T16:54:16+0200,6e7a462e-9eec-47a6-a2b0-092174843598,2026-07-26T08:45:00Z,2026-07-26T10:45:00+0200,8514.45,MW,BE,BE,forecast_load,Forecasted Load,2026-07-27T14:54:27Z
2026-07-27T14:54:16Z,2026-07-27T16:54:16+0200,6e7a462e-9eec-47a6-a2b0-092174843598,2026-07-26T09:00:00Z,2026-07-26T11:00:00+0200,8525.92,MW,BE,BE,forecast_load,Forecasted Load,2026-07-27T14:54:27Z
2026-07-27T14:54:16Z,2026-07-27T16:54:16+0200,6e7a462e-9eec-47a6-a2b0-092174843598,2026-07-26T09:15:00Z,2026-07-26T11:15:00+0200,8652.64,MW,BE,BE,forecast_load,Forecasted Load,2026-07-27T14:54:27Z
2026-07-27T14:54:16Z,2026-07-27T16:54:16+0200,6e7a462e-9eec-47a6-a2b0-092174843598,2026-07-26T09:30:00Z,2026-07-26T11:30:00+0200,8856.89,MW,BE,BE,forecast_load,Forecasted Load,2026-07-27T14:54:27Z
2026-07-27T14:54:16Z,2026-07-27T16:54:16+0200,6e7a462e-9eec-47a6-a2b0-092174843598,2026-07-26T09:45:00Z,2026-07-26T11:45:00+0200,8980.11,MW,BE,BE,forecast_load,Forecasted Load,2026-07-27T14:54:27Z
2026-07-27T14:54:16Z,2026-07-27T16:54:16+0200,6e7a462e-9eec-47a6-a2b0-092174843598,2026-07-26T10:00:00Z,2026-07-26T12:00:00+0200,8933.15,MW,BE,BE,forecast_load,Forecasted Load,2026-07-27T14:54:27Z
2026-07-27T14:54:16Z,2026-07-27T16:54:16+0200,6e7a462e-9eec-47a6-a2b0-092174843598,2026-07-26T10:15:00Z,2026-07-26T12:15:00+0200,8970.13,MW,BE,BE,forecast_load,Forecasted Load,2026-07-27T14:54:27Z
2026-07-27T14:54:16Z,2026-07-27T16:54:16+0200,6e7a462e-9eec-47a6-a2b0-092174843598,2026-07-26T10:30:00Z,2026-07-26T12:30:00+0200,8936.65,MW,BE,BE,forecast_load,Forecasted Load,2026-07-27T14:54:27Z
2026-07-27T14:54:16Z,2026-07-27T16:54:16+0200,6e7a462e-9eec-47a6-a2b0-092174843598,2026-07-26T10:45:00Z,2026-07-26T12:45:00+0200,8950.1,MW,BE,BE,forecast_load,Forecasted Load,2026-07-27T14:54:27Z
2026-07-27T14:54:16Z,2026-07-27T16:54:16+0200,6e7a462e-9eec-47a6-a2b0-092174843598,2026-07-26T11:00:00Z,2026-07-26T13:00:00+0200,8975.19,MW,BE,BE,forecast_load,Forecasted Load,2026-07-27T14:54:27Z
2026-07-27T14:54:16Z,2026-07-27T16:54:16+0200,6e7a462e-9eec-47a6-a2b0-092174843598,2026-07-26T11:15:00Z,2026-07-26T13:15:00+0200,8985.27,MW,BE,BE,forecast_load,Forecasted Load,2026-07-27T14:54:27Z
2026-07-27T14:54:16Z,2026-07-27T16:54:16+0200,6e7a462e-9eec-47a6-a2b0-092174843598,2026-07-26T11:30:00Z,2026-07-26T13:30:00+0200,8993.98,MW,BE,BE,forecast_load,Forecasted Load,2026-07-27T14:54:27Z
2026-07-27T14:54:16Z,2026-07-27T16:54:16+0200,6e7a462e-9eec-47a6-a2b0-092174843598,2026-07-26T11:45:00Z,2026-07-26T13:45:00+0200,8896.69,MW,BE,BE,forecast_load,Forecasted Load,2026-07-27T14:54:27Z
2026-07-27T14:54:16Z,2026-07-27T16:54:16+0200,6e7a462e-9eec-47a6-a2b0-092174843598,2026-07-26T12:00:00Z,2026-07-26T14:00:00+0200,8864.96,MW,BE,BE,forecast_load,Forecasted Load,2026-07-27T14:54:27Z
2026-07-27T14:54:16Z,2026-07-27T16:54:16+0200,6e7a462e-9eec-47a6-a2b0-092174843598,2026-07-26T12:15:00Z,2026-07-26T14:15:00+0200,8752.77,MW,BE,BE,forecast_load,Forecasted Load,2026-07-27T14:54:27Z
2026-07-27T14:54:16Z,2026-07-27T16:54:16+0200,6e7a462e-9eec-47a6-a2b0-092174843598,2026-07-26T12:30:00Z,2026-07-26T14:30:00+0200,8722.44,MW,BE,BE,forecast_load,Forecasted Load,2026-07-27T14:54:27Z
2026-07-27T14:54:16Z,2026-07-27T16:54:16+0200,6e7a462e-9eec-47a6-a2b0-092174843598,2026-07-26T12:45:00Z,2026-07-26T14:45:00+0200,8664.41,MW,BE,BE,forecast_load,Forecasted Load,2026-07-27T14:54:27Z
2026-07-27T14:54:16Z,2026-07-27T16:54:16+0200,6e7a462e-9eec-47a6-a2b0-092174843598,2026-07-26T13:00:00Z,2026-07-26T15:00:00+0200,8584.82,MW,BE,BE,forecast_load,Forecasted Load,2026-07-27T14:54:27Z
2026-07-27T14:54:16Z,2026-07-27T16:54:16+0200,6e7a462e-9eec-47a6-a2b0-092174843598,2026-07-26T13:15:00Z,2026-07-26T15:15:00+0200,8478.73,MW,BE,BE,forecast_load,Forecasted Load,2026-07-27T14:54:27Z
2026-07-27T14:54:16Z,2026-07-27T16:54:16+0200,6e7a462e-9eec-47a6-a2b0-092174843598,2026-07-26T13:30:00Z,2026-07-26T15:30:00+0200,8432.23,MW,BE,BE,forecast_load,Forecasted Load,2026-07-27T14:54:27Z
2026-07-27T14:54:16Z,2026-07-27T16:54:16+0200,6e7a462e-9eec-47a6-a2b0-092174843598,2026-07-26T13:45:00Z,2026-07-26T15:45:00+0200,8352.78,MW,BE,BE,forecast_load,Forecasted Load,2026-07-27T14:54:27Z
2026-07-27T14:54:16Z,2026-07-27T16:54:16+0200,6e7a462e-9eec-47a6-a2b0-092174843598,2026-07-26T14:00:00Z,2026-07-26T16:00:00+0200,8393.22,MW,BE,BE,forecast_load,Forecasted Load,2026-07-27T14:54:27Z
2026-07-27T14:54:16Z,2026-07-27T16:54:16+0200,6e7a462e-9eec-47a6-a2b0-092174843598,2026-07-26T14:15:00Z,2026-07-26T16:15:00+0200,8271.98,MW,BE,BE,forecast_load,Forecasted Load,2026-07-27T14:54:27Z
2026-07-27T14:54:16Z,2026-07-27T16:54:16+0200,6e7a462e-9eec-47a6-a2b0-092174843598,2026-07-26T14:30:00Z,2026-07-26T16:30:00+0200,8193.87,MW,BE,BE,forecast_load,Forecasted Load,2026-07-27T14:54:27Z
2026-07-27T14:54:16Z,2026-07-27T16:54:16+0200,6e7a462e-9eec-47a6-a2b0-092174843598,2026-07-26T14:45:00Z,2026-07-26T16:45:00+0200,8141.17,MW,BE,BE,forecast_load,Forecasted Load,2026-07-27T14:54:27Z
2026-07-27T14:54:16Z,2026-07-27T16:54:16+0200,6e7a462e-9eec-47a6-a2b0-092174843598,2026-07-26T15:00:00Z,2026-07-26T17:00:00+0200,8145.72,MW,BE,BE,forecast_load,Forecasted Load,2026-07-27T14:54:27Z
2026-07-27T14:54:16Z,2026-07-27T16:54:16+0200,6e7a462e-9eec-47a6-a2b0-092174843598,2026-07-26T15:15:00Z,2026-07-26T17:15:00+0200,8073.55,MW,BE,BE,forecast_load,Forecasted Load,2026-07-27T14:54:27Z
2026-07-27T14:54:16Z,2026-07-27T16:54:16+0200,6e7a462e-9eec-47a6-a2b0-092174843598,2026-07-26T15:30:00Z,2026-07-26T17:30:00+0200,8098.23,MW,BE,BE,forecast_load,Forecasted Load,2026-07-27T14:54:27Z
2026-07-27T14:54:16Z,2026-07-27T16:54:16+0200,6e7a462e-9eec-47a6-a2b0-092174843598,2026-07-26T15:45:00Z,2026-07-26T17:45:00+0200,8058.06,MW,BE,BE,forecast_load,Forecasted Load,2026-07-27T14:54:27Z
2026-07-27T14:54:16Z,2026-07-27T16:54:16+0200,6e7a462e-9eec-47a6-a2b0-092174843598,2026-07-26T16:00:00Z,2026-07-26T18:00:00+0200,8066.04,MW,BE,BE,forecast_load,Forecasted Load,2026-07-27T14:54:27Z
2026-07-27T14:54:16Z,2026-07-27T16:54:16+0200,6e7a462e-9eec-47a6-a2b0-092174843598,2026-07-26T16:15:00Z,2026-07-26T18:15:00+0200,8056.91,MW,BE,BE,forecast_load,Forecasted Load,2026-07-27T14:54:27Z
2026-07-27T14:54:16Z,2026-07-27T16:54:16+0200,6e7a462e-9eec-47a6-a2b0-092174843598,2026-07-26T16:30:00Z,2026-07-26T18:30:00+0200,8126.63,MW,BE,BE,forecast_load,Forecasted Load,2026-07-27T14:54:27Z
2026-07-27T14:54:16Z,2026-07-27T16:54:16+0200,6e7a462e-9eec-47a6-a2b0-092174843598,2026-07-26T16:45:00Z,2026-07-26T18:45:00+0200,8076.76,MW,BE,BE,forecast_load,Forecasted Load,2026-07-27T14:54:27Z
2026-07-27T14:54:16Z,2026-07-27T16:54:16+0200,6e7a462e-9eec-47a6-a2b0-092174843598,2026-07-26T17:00:00Z,2026-07-26T19:00:00+0200,8151.17,MW,BE,BE,forecast_load,Forecasted Load,2026-07-27T14:54:27Z
2026-07-27T14:54:16Z,2026-07-27T16:54:16+0200,6e7a462e-9eec-47a6-a2b0-092174843598,2026-07-26T17:15:00Z,2026-07-26T19:15:00+0200,8151.03,MW,BE,BE,forecast_load,Forecasted Load,2026-07-27T14:54:27Z
2026-07-27T14:54:16Z,2026-07-27T16:54:16+0200,6e7a462e-9eec-47a6-a2b0-092174843598,2026-07-26T17:30:00Z,2026-07-26T19:30:00+0200,8181.33,MW,BE,BE,forecast_load,Forecasted Load,2026-07-27T14:54:27Z
2026-07-27T14:54:16Z,2026-07-27T16:54:16+0200,6e7a462e-9eec-47a6-a2b0-092174843598,2026-07-26T17:45:00Z,2026-07-26T19:45:00+0200,8232.92,MW,BE,BE,forecast_load,Forecasted Load,2026-07-27T14:54:27Z
2026-07-27T14:54:16Z,2026-07-27T16:54:16+0200,6e7a462e-9eec-47a6-a2b0-092174843598,2026-07-26T18:00:00Z,2026-07-26T20:00:00+0200,8212.68,MW,BE,BE,forecast_load,Forecasted Load,2026-07-27T14:54:27Z
2026-07-27T14:54:16Z,2026-07-27T16:54:16+0200,6e7a462e-9eec-47a6-a2b0-092174843598,2026-07-26T18:15:00Z,2026-07-26T20:15:00+0200,8167.29,MW,BE,BE,forecast_load,Forecasted Load,2026-07-27T14:54:27Z
2026-07-27T14:54:16Z,2026-07-27T16:54:16+0200,6e7a462e-9eec-47a6-a2b0-092174843598,2026-07-26T18:30:00Z,2026-07-26T20:30:00+0200,8151.52,MW,BE,BE,forecast_load,Forecasted Load,2026-07-27T14:54:27Z
2026-07-27T14:54:16Z,2026-07-27T16:54:16+0200,6e7a462e-9eec-47a6-a2b0-092174843598,2026-07-26T18:45:00Z,2026-07-26T20:45:00+0200,8089.96,MW,BE,BE,forecast_load,Forecasted Load,2026-07-27T14:54:27Z
2026-07-27T14:54:16Z,2026-07-27T16:54:16+0200,6e7a462e-9eec-47a6-a2b0-092174843598,2026-07-26T19:00:00Z,2026-07-26T21:00:00+0200,8060.93,MW,BE,BE,forecast_load,Forecasted Load,2026-07-27T14:54:27Z
2026-07-27T14:54:16Z,2026-07-27T16:54:16+0200,6e7a462e-9eec-47a6-a2b0-092174843598,2026-07-26T19:15:00Z,2026-07-26T21:15:00+0200,8031.02,MW,BE,BE,forecast_load,Forecasted Load,2026-07-27T14:54:27Z
2026-07-27T14:54:16Z,2026-07-27T16:54:16+0200,6e7a462e-9eec-47a6-a2b0-092174843598,2026-07-26T19:30:00Z,2026-07-26T21:30:00+0200,8018.11,MW,BE,BE,forecast_load,Forecasted Load,2026-07-27T14:54:27Z
2026-07-27T14:54:16Z,2026-07-27T16:54:16+0200,6e7a462e-9eec-47a6-a2b0-092174843598,2026-07-26T19:45:00Z,2026-07-26T21:45:00+0200,8034.74,MW,BE,BE,forecast_load,Forecasted Load,2026-07-27T14:54:27Z
2026-07-27T14:54:16Z,2026-07-27T16:54:16+0200,6e7a462e-9eec-47a6-a2b0-092174843598,2026-07-26T20:00:00Z,2026-07-26T22:00:00+0200,8050.78,MW,BE,BE,forecast_load,Forecasted Load,2026-07-27T14:54:27Z
2026-07-27T14:54:16Z,2026-07-27T16:54:16+0200,6e7a462e-9eec-47a6-a2b0-092174843598,2026-07-26T20:15:00Z,2026-07-26T22:15:00+0200,8108.94,MW,BE,BE,forecast_load,Forecasted Load,2026-07-27T14:54:27Z
2026-07-27T14:54:16Z,2026-07-27T16:54:16+0200,6e7a462e-9eec-47a6-a2b0-092174843598,2026-07-26T20:30:00Z,2026-07-26T22:30:00+0200,8044.78,MW,BE,BE,forecast_load,Forecasted Load,2026-07-27T14:54:27Z
2026-07-27T14:54:16Z,2026-07-27T16:54:16+0200,6e7a462e-9eec-47a6-a2b0-092174843598,2026-07-26T20:45:00Z,2026-07-26T22:45:00+0200,7947.08,MW,BE,BE,forecast_load,Forecasted Load,2026-07-27T14:54:27Z
2026-07-27T14:54:16Z,2026-07-27T16:54:16+0200,6e7a462e-9eec-47a6-a2b0-092174843598,2026-07-26T21:00:00Z,2026-07-26T23:00:00+0200,7789.58,MW,BE,BE,forecast_load,Forecasted Load,2026-07-27T14:54:27Z
2026-07-27T14:54:16Z,2026-07-27T16:54:16+0200,6e7a462e-9eec-47a6-a2b0-092174843598,2026-07-26T21:15:00Z,2026-07-26T23:15:00+0200,7719.52,MW,BE,BE,forecast_load,Forecasted Load,2026-07-27T14:54:27Z
2026-07-27T14:54:16Z,2026-07-27T16:54:16+0200,6e7a462e-9eec-47a6-a2b0-092174843598,2026-07-26T21:30:00Z,2026-07-26T23:30:00+0200,7654.96,MW,BE,BE,forecast_load,Forecasted Load,2026-07-27T14:54:27Z
2026-07-27T14:54:16Z,2026-07-27T16:54:16+0200,6e7a462e-9eec-47a6-a2b0-092174843598,2026-07-26T21:45:00Z,2026-07-26T23:45:00+0200,7555.42,MW,BE,BE,forecast_load,Forecasted Load,2026-07-27T14:54:27Z
2026-07-27T14:54:16Z,2026-07-27T16:54:16+0200,6e7a462e-9eec-47a6-a2b0-092174843598,2026-07-26T22:00:00Z,2026-07-27T00:00:00+0200,7569.45,MW,BE,BE,forecast_load,Forecasted Load,2026-07-27T14:54:27Z
2026-07-27T14:54:16Z,2026-07-27T16:54:16+0200,6e7a462e-9eec-47a6-a2b0-092174843598,2026-07-26T22:15:00Z,2026-07-27T00:15:00+0200,7491.13,MW,BE,BE,forecast_load,Forecasted Load,2026-07-27T14:54:27Z
2026-07-27T14:54:16Z,2026-07-27T16:54:16+0200,6e7a462e-9eec-47a6-a2b0-092174843598,2026-07-26T22:30:00Z,2026-07-27T00:30:00+0200,7432.83,MW,BE,BE,forecast_load,Forecasted Load,2026-07-27T14:54:27Z
2026-07-27T14:54:16Z,2026-07-27T16:54:16+0200,6e7a462e-9eec-47a6-a2b0-092174843598,2026-07-26T22:45:00Z,2026-07-27T00:45:00+0200,7386.4,MW,BE,BE,forecast_load,Forecasted Load,2026-07-27T14:54:27Z
2026-07-27T14:54:16Z,2026-07-27T16:54:16+0200,6e7a462e-9eec-47a6-a2b0-092174843598,2026-07-26T23:00:00Z,2026-07-27T01:00:00+0200,7251.77,MW,BE,BE,forecast_load,Forecasted Load,2026-07-27T14:54:27Z
2026-07-27T14:54:16Z,2026-07-27T16:54:16+0200,6e7a462e-9eec-47a6-a2b0-092174843598,2026-07-26T23:15:00Z,2026-07-27T01:15:00+0200,7195.93,MW,BE,BE,forecast_load,Forecasted Load,2026-07-27T14:54:27Z
2026-07-27T14:54:16Z,2026-07-27T16:54:16+0200,6e7a462e-9eec-47a6-a2b0-092174843598,2026-07-26T23:30:00Z,2026-07-27T01:30:00+0200,7173.84,MW,BE,BE,forecast_load,Forecasted Load,2026-07-27T14:54:27Z
2026-07-27T14:54:16Z,2026-07-27T16:54:16+0200,6e7a462e-9eec-47a6-a2b0-092174843598,2026-07-26T23:45:00Z,2026-07-27T01:45:00+0200,7120.48,MW,BE,BE,forecast_load,Forecasted Load,2026-07-27T14:54:27Z
2026-07-27T14:54:16Z,2026-07-27T16:54:16+0200,6e7a462e-9eec-47a6-a2b0-092174843598,2026-07-27T00:00:00Z,2026-07-27T02:00:00+0200,7117.8,MW,BE,BE,forecast_load,Forecasted Load,2026-07-27T14:54:27Z
2026-07-27T14:54:16Z,2026-07-27T16:54:16+0200,6e7a462e-9eec-47a6-a2b0-092174843598,2026-07-27T00:15:00Z,2026-07-27T02:15:00+0200,7078.15,MW,BE,BE,forecast_load,Forecasted Load,2026-07-27T14:54:27Z
2026-07-27T14:54:16Z,2026-07-27T16:54:16+0200,6e7a462e-9eec-47a6-a2b0-092174843598,2026-07-27T00:30:00Z,2026-07-27T02:30:00+0200,7027.75,MW,BE,BE,forecast_load,Forecasted Load,2026-07-27T14:54:27Z
2026-07-27T14:54:16Z,2026-07-27T16:54:16+0200,6e7a462e-9eec-47a6-a2b0-092174843598,2026-07-27T00:45:00Z,2026-07-27T02:45:00+0200,7038.49,MW,BE,BE,forecast_load,Forecasted Load,2026-07-27T14:54:27Z
2026-07-27T14:54:16Z,2026-07-27T16:54:16+0200,6e7a462e-9eec-47a6-a2b0-092174843598,2026-07-27T01:00:00Z,2026-07-27T03:00:00+0200,6991.39,MW,BE,BE,forecast_load,Forecasted Load,2026-07-27T14:54:27Z
2026-07-27T14:54:16Z,2026-07-27T16:54:16+0200,6e7a462e-9eec-47a6-a2b0-092174843598,2026-07-27T01:15:00Z,2026-07-27T03:15:00+0200,6975.66,MW,BE,BE,forecast_load,Forecasted Load,2026-07-27T14:54:27Z
2026-07-27T14:54:16Z,2026-07-27T16:54:16+0200,6e7a462e-9eec-47a6-a2b0-092174843598,2026-07-27T01:30:00Z,2026-07-27T03:30:00+0200,6975.18,MW,BE,BE,forecast_load,Forecasted Load,2026-07-27T14:54:27Z
2026-07-27T14:54:16Z,2026-07-27T16:54:16+0200,6e7a462e-9eec-47a6-a2b0-092174843598,2026-07-27T01:45:00Z,2026-07-27T03:45:00+0200,6954.88,MW,BE,BE,forecast_load,Forecasted Load,2026-07-27T14:54:27Z
2026-07-27T14:54:16Z,2026-07-27T16:54:16+0200,6e7a462e-9eec-47a6-a2b0-092174843598,2026-07-27T02:00:00Z,2026-07-27T04:00:00+0200,6937.09,MW,BE,BE,forecast_load,Forecasted Load,2026-07-27T14:54:27Z
2026-07-27T14:54:16Z,2026-07-27T16:54:16+0200,6e7a462e-9eec-47a6-a2b0-092174843598,2026-07-27T02:15:00Z,2026-07-27T04:15:00+0200,6919.48,MW,BE,BE,forecast_load,Forecasted Load,2026-07-27T14:54:27Z
2026-07-27T14:54:16Z,2026-07-27T16:54:16+0200,6e7a462e-9eec-47a6-a2b0-092174843598,2026-07-27T02:30:00Z,2026-07-27T04:30:00+0200,6931.39,MW,BE,BE,forecast_load,Forecasted Load,2026-07-27T14:54:27Z
2026-07-27T14:54:16Z,2026-07-27T16:54:16+0200,6e7a462e-9eec-47a6-a2b0-092174843598,2026-07-27T02:45:00Z,2026-07-27T04:45:00+0200,7015.04,MW,BE,BE,forecast_load,Forecasted Load,2026-07-27T14:54:27Z
2026-07-27T14:54:16Z,2026-07-27T16:54:16+0200,6e7a462e-9eec-47a6-a2b0-092174843598,2026-07-27T03:00:00Z,2026-07-27T05:00:00+0200,7098.73,MW,BE,BE,forecast_load,Forecasted Load,2026-07-27T14:54:27Z
2026-07-27T14:54:16Z,2026-07-27T16:54:16+0200,6e7a462e-9eec-47a6-a2b0-092174843598,2026-07-27T03:15:00Z,2026-07-27T05:15:00+0200,7092.36,MW,BE,BE,forecast_load,Forecasted Load,2026-07-27T14:54:27Z
2026-07-27T14:54:16Z,2026-07-27T16:54:16+0200,6e7a462e-9eec-47a6-a2b0-092174843598,2026-07-27T03:30:00Z,2026-07-27T05:30:00+0200,7142.22,MW,BE,BE,forecast_load,Forecasted Load,2026-07-27T14:54:27Z
2026-07-27T14:54:16Z,2026-07-27T16:54:16+0200,6e7a462e-9eec-47a6-a2b0-092174843598,2026-07-27T03:45:00Z,2026-07-27T05:45:00+0200,7256.14,MW,BE,BE,forecast_load,Forecasted Load,2026-07-27T14:54:27Z
2026-07-27T14:54:16Z,2026-07-27T16:54:16+0200,6e7a462e-9eec-47a6-a2b0-092174843598,2026-07-27T04:00:00Z,2026-07-27T06:00:00+0200,7346.39,MW,BE,BE,forecast_load,Forecasted Load,2026-07-27T14:54:27Z
2026-07-27T14:54:16Z,2026-07-27T16:54:16+0200,6e7a462e-9eec-47a6-a2b0-092174843598,2026-07-27T04:15:00Z,2026-07-27T06:15:00+0200,7419.36,MW,BE,BE,forecast_load,Forecasted Load,2026-07-27T14:54:27Z
2026-07-27T14:54:16Z,2026-07-27T16:54:16+0200,6e7a462e-9eec-47a6-a2b0-092174843598,2026-07-27T04:30:00Z,2026-07-27T06:30:00+0200,7600.42,MW,BE,BE,forecast_load,Forecasted Load,2026-07-27T14:54:27Z
2026-07-27T14:54:16Z,2026-07-27T16:54:16+0200,6e7a462e-9eec-47a6-a2b0-092174843598,2026-07-27T04:45:00Z,2026-07-27T06:45:00+0200,7688.5,MW,BE,BE,forecast_load,Forecasted Load,2026-07-27T14:54:27Z
2026-07-27T14:54:16Z,2026-07-27T16:54:16+0200,6e7a462e-9eec-47a6-a2b0-092174843598,2026-07-27T05:00:00Z,2026-07-27T07:00:00+0200,7904.44,MW,BE,BE,forecast_load,Forecasted Load,2026-07-27T14:54:27Z
2026-07-27T14:54:16Z,2026-07-27T16:54:16+0200,6e7a462e-9eec-47a6-a2b0-092174843598,2026-07-27T05:15:00Z,2026-07-27T07:15:00+0200,8014.88,MW,BE,BE,forecast_load,Forecasted Load,2026-07-27T14:54:27Z
2026-07-27T14:54:16Z,2026-07-27T16:54:16+0200,6e7a462e-9eec-47a6-a2b0-092174843598,2026-07-27T05:30:00Z,2026-07-27T07:30:00+0200,8208.32,MW,BE,BE,forecast_load,Forecasted Load,2026-07-27T14:54:27Z
2026-07-27T14:54:16Z,2026-07-27T16:54:16+0200,6e7a462e-9eec-47a6-a2b0-092174843598,2026-07-27T05:45:00Z,2026-07-27T07:45:00+0200,8358.39,MW,BE,BE,forecast_load,Forecasted Load,2026-07-27T14:54:27Z
2026-07-27T14:54:16Z,2026-07-27T16:54:16+0200,6e7a462e-9eec-47a6-a2b0-092174843598,2026-07-27T06:00:00Z,2026-07-27T08:00:00+0200,8460.92,MW,BE,BE,forecast_load,Forecasted Load,2026-07-27T14:54:27Z
2026-07-27T14:54:16Z,2026-07-27T16:54:16+0200,6e7a462e-9eec-47a6-a2b0-092174843598,2026-07-27T06:15:00Z,2026-07-27T08:15:00+0200,8659.81,MW,BE,BE,forecast_load,Forecasted Load,2026-07-27T14:54:27Z
2026-07-27T14:54:16Z,2026-07-27T16:54:16+0200,6e7a462e-9eec-47a6-a2b0-092174843598,2026-07-27T06:30:00Z,2026-07-27T08:30:00+0200,8762.28,MW,BE,BE,forecast_load,Forecasted Load,2026-07-27T14:54:27Z
2026-07-27T14:54:16Z,2026-07-27T16:54:16+0200,6e7a462e-9eec-47a6-a2b0-092174843598,2026-07-27T06:45:00Z,2026-07-27T08:45:00+0200,8911.61,MW,BE,BE,forecast_load,Forecasted Load,2026-07-27T14:54:27Z
2026-07-27T14:54:16Z,2026-07-27T16:54:16+0200,6e7a462e-9eec-47a6-a2b0-092174843598,2026-07-27T07:00:00Z,2026-07-27T09:00:00+0200,9048.98,MW,BE,BE,forecast_load,Forecasted Load,2026-07-27T14:54:27Z
2026-07-27T14:54:16Z,2026-07-27T16:54:16+0200,6e7a462e-9eec-47a6-a2b0-092174843598,2026-07-27T07:15:00Z,2026-07-27T09:15:00+0200,9120.61,MW,BE,BE,forecast_load,Forecasted Load,2026-07-27T14:54:27Z
2026-07-27T14:54:16Z,2026-07-27T16:54:16+0200,6e7a462e-9eec-47a6-a2b0-092174843598,2026-07-27T07:30:00Z,2026-07-27T09:30:00+0200,9278.23,MW,BE,BE,forecast_load,Forecasted Load,2026-07-27T14:54:27Z
2026-07-27T14:54:16Z,2026-07-27T16:54:16+0200,6e7a462e-9eec-47a6-a2b0-092174843598,2026-07-27T07:45:00Z,2026-07-27T09:45:00+0200,9404.83,MW,BE,BE,forecast_load,Forecasted Load,2026-07-27T14:54:27Z
2026-07-27T14:54:16Z,2026-07-27T16:54:16+0200,6e7a462e-9eec-47a6-a2b0-092174843598,2026-07-27T08:00:00Z,2026-07-27T10:00:00+0200,9330.17,MW,BE,BE,forecast_load,Forecasted Load,2026-07-27T14:54:27Z
2026-07-27T14:54:16Z,2026-07-27T16:54:16+0200,6e7a462e-9eec-47a6-a2b0-092174843598,2026-07-27T08:15:00Z,2026-07-27T10:15:00+0200,9259.54,MW,BE,BE,forecast_load,Forecasted Load,2026-07-27T14:54:27Z
2026-07-27T14:54:16Z,2026-07-27T16:54:16+0200,6e7a462e-9eec-47a6-a2b0-092174843598,2026-07-27T08:30:00Z,2026-07-27T10:30:00+0200,9363.08,MW,BE,BE,forecast_load,Forecasted Load,2026-07-27T14:54:27Z
2026-07-27T14:54:16Z,2026-07-27T16:54:16+0200,6e7a462e-9eec-47a6-a2b0-092174843598,2026-07-27T08:45:00Z,2026-07-27T10:45:00+0200,9455.31,MW,BE,BE,forecast_load,Forecasted Load,2026-07-27T14:54:27Z
2026-07-27T14:54:16Z,2026-07-27T16:54:16+0200,6e7a462e-9eec-47a6-a2b0-092174843598,2026-07-27T09:00:00Z,2026-07-27T11:00:00+0200,9434.45,MW,BE,BE,forecast_load,Forecasted Load,2026-07-27T14:54:27Z
2026-07-27T14:54:16Z,2026-07-27T16:54:16+0200,6e7a462e-9eec-47a6-a2b0-092174843598,2026-07-27T09:15:00Z,2026-07-27T11:15:00+0200,9522.79,MW,BE,BE,forecast_load,Forecasted Load,2026-07-27T14:54:27Z
2026-07-27T14:54:16Z,2026-07-27T16:54:16+0200,6e7a462e-9eec-47a6-a2b0-092174843598,2026-07-27T09:30:00Z,2026-07-27T11:30:00+0200,9654.54,MW,BE,BE,forecast_load,Forecasted Load,2026-07-27T14:54:27Z
2026-07-27T14:54:16Z,2026-07-27T16:54:16+0200,6e7a462e-9eec-47a6-a2b0-092174843598,2026-07-27T09:45:00Z,2026-07-27T11:45:00+0200,9776.74,MW,BE,BE,forecast_load,Forecasted Load,2026-07-27T14:54:27Z
2026-07-27T14:54:16Z,2026-07-27T16:54:16+0200,6e7a462e-9eec-47a6-a2b0-092174843598,2026-07-27T10:00:00Z,2026-07-27T12:00:00+0200,9613.45,MW,BE,BE,forecast_load,Forecasted Load,2026-07-27T14:54:27Z
2026-07-27T14:54:16Z,2026-07-27T16:54:16+0200,6e7a462e-9eec-47a6-a2b0-092174843598,2026-07-27T10:15:00Z,2026-07-27T12:15:00+0200,9594.58,MW,BE,BE,forecast_load,Forecasted Load,2026-07-27T14:54:27Z
2026-07-27T14:54:16Z,2026-07-27T16:54:16+0200,6e7a462e-9eec-47a6-a2b0-092174843598,2026-07-27T10:30:00Z,2026-07-27T12:30:00+0200,9599.83,MW,BE,BE,forecast_load,Forecasted Load,2026-07-27T14:54:27Z
2026-07-27T14:54:16Z,2026-07-27T16:54:16+0200,6e7a462e-9eec-47a6-a2b0-092174843598,2026-07-27T10:45:00Z,2026-07-27T12:45:00+0200,9606.74,MW,BE,BE,forecast_load,Forecasted Load,2026-07-27T14:54:27Z
2026-07-27T14:54:16Z,2026-07-27T16:54:16+0200,6e7a462e-9eec-47a6-a2b0-092174843598,2026-07-27T11:00:00Z,2026-07-27T13:00:00+0200,9675.79,MW,BE,BE,forecast_load,Forecasted Load,2026-07-27T14:54:27Z
2026-07-27T14:54:16Z,2026-07-27T16:54:16+0200,6e7a462e-9eec-47a6-a2b0-092174843598,2026-07-27T11:15:00Z,2026-07-27T13:15:00+0200,9701.7,MW,BE,BE,forecast_load,Forecasted Load,2026-07-27T14:54:27Z
2026-07-27T14:54:16Z,2026-07-27T16:54:16+0200,6e7a462e-9eec-47a6-a2b0-092174843598,2026-07-27T11:30:00Z,2026-07-27T13:30:00+0200,9724.8,MW,BE,BE,forecast_load,Forecasted Load,2026-07-27T14:54:27Z
2026-07-27T14:54:16Z,2026-07-27T16:54:16+0200,6e7a462e-9eec-47a6-a2b0-092174843598,2026-07-27T11:45:00Z,2026-07-27T13:45:00+0200,9685.38,MW,BE,BE,forecast_load,Forecasted Load,2026-07-27T14:54:27Z
2026-07-27T14:54:16Z,2026-07-27T16:54:16+0200,6e7a462e-9eec-47a6-a2b0-092174843598,2026-07-27T12:00:00Z,2026-07-27T14:00:00+0200,9926.0,MW,BE,BE,forecast_load,Forecasted Load,2026-07-27T14:54:27Z
2026-07-27T14:54:16Z,2026-07-27T16:54:16+0200,6e7a462e-9eec-47a6-a2b0-092174843598,2026-07-27T12:15:00Z,2026-07-27T14:15:00+0200,9845.78,MW,BE,BE,forecast_load,Forecasted Load,2026-07-27T14:54:27Z
2026-07-27T14:54:16Z,2026-07-27T16:54:16+0200,6e7a462e-9eec-47a6-a2b0-092174843598,2026-07-27T12:30:00Z,2026-07-27T14:30:00+0200,9747.94,MW,BE,BE,forecast_load,Forecasted Load,2026-07-27T14:54:27Z
2026-07-27T14:54:16Z,2026-07-27T16:54:16+0200,6e7a462e-9eec-47a6-a2b0-092174843598,2026-07-27T12:45:00Z,2026-07-27T14:45:00+0200,9758.26,MW,BE,BE,forecast_load,Forecasted Load,2026-07-27T14:54:27Z
2026-07-27T14:54:16Z,2026-07-27T16:54:16+0200,6e7a462e-9eec-47a6-a2b0-092174843598,2026-07-27T13:00:00Z,2026-07-27T15:00:00+0200,9730.25,MW,BE,BE,forecast_load,Forecasted Load,2026-07-27T14:54:27Z
2026-07-27T14:54:16Z,2026-07-27T16:54:16+0200,6e7a462e-9eec-47a6-a2b0-092174843598,2026-07-27T13:15:00Z,2026-07-27T15:15:00+0200,9672.78,MW,BE,BE,forecast_load,Forecasted Load,2026-07-27T14:54:27Z
2026-07-27T14:54:16Z,2026-07-27T16:54:16+0200,6e7a462e-9eec-47a6-a2b0-092174843598,2026-07-27T13:30:00Z,2026-07-27T15:30:00+0200,9531.76,MW,BE,BE,forecast_load,Forecasted Load,2026-07-27T14:54:27Z
2026-07-27T14:54:16Z,2026-07-27T16:54:16+0200,6e7a462e-9eec-47a6-a2b0-092174843598,2026-07-27T13:45:00Z,2026-07-27T15:45:00+0200,9442.92,MW,BE,BE,forecast_load,Forecasted Load,2026-07-27T14:54:27Z
2026-07-27T14:54:16Z,2026-07-27T16:54:16+0200,6e7a462e-9eec-47a6-a2b0-092174843598,2026-07-27T14:00:00Z,2026-07-27T16:00:00+0200,9502.95,MW,BE,BE,forecast_load,Forecasted Load,2026-07-27T14:54:27Z
2026-07-27T14:54:16Z,2026-07-27T16:54:16+0200,6e7a462e-9eec-47a6-a2b0-092174843598,2026-07-27T14:15:00Z,2026-07-27T16:15:00+0200,9384.96,MW,BE,BE,forecast_load,Forecasted Load,2026-07-27T14:54:27Z
2026-07-27T14:54:16Z,2026-07-27T16:54:16+0200,6e7a462e-9eec-47a6-a2b0-092174843598,2026-07-27T14:30:00Z,2026-07-27T16:30:00+0200,9333.07,MW,BE,BE,forecast_load,Forecasted Load,2026-07-27T14:54:27Z
2026-07-27T14:54:16Z,2026-07-27T16:54:16+0200,6e7a462e-9eec-47a6-a2b0-092174843598,2026-07-27T14:45:00Z,2026-07-27T16:45:00+0200,9301.49,MW,BE,BE,forecast_load,Forecasted Load,2026-07-27T14:54:27Z
